-0.14399	-0.14272	-0.160134	-0.190545	-0.208008	-0.209771	-0.204586	-0.208173	-0.252486	-0.339078	-0.451024	-0.572606	-0.669096	-0.714038	-0.701278	-0.616719	-0.455486	-0.240631	0.00771083	0.280755	0.552261	0.782271	0.950141	1.05659	1.09696	
-0.14272	-0.158312	-0.183635	-0.208339	-0.213729	-0.207341	-0.205776	-0.234765	-0.310647	-0.41484	-0.531294	-0.63988	-0.705185	-0.713196	-0.660196	-0.533307	-0.340094	-0.107318	0.151339	0.423888	0.676604	0.875017	1.01016	1.08461	1.0886	
-0.160134	-0.183635	-0.208747	-0.218104	-0.206686	-0.204238	-0.226773	-0.289336	-0.387388	-0.49827	-0.609016	-0.691477	-0.717638	-0.685912	-0.590512	-0.423969	-0.205941	0.0393579	0.303191	0.566251	0.791291	0.95446	1.05611	1.09613	1.06066	
-0.190545	-0.208339	-0.218104	-0.205825	-0.202213	-0.225724	-0.276439	-0.365523	-0.47484	-0.582794	-0.673985	-0.717665	-0.701441	-0.628936	-0.490695	-0.290598	-0.0559215	0.196668	0.458589	0.701687	0.891781	1.01818	1.08552	1.08795	1.01111	
-0.208008	-0.213729	-0.206686	-0.202213	-0.226251	-0.271202	-0.350036	-0.459313	-0.565488	-0.656405	-0.713464	-0.711919	-0.653996	-0.539538	-0.361118	-0.137091	0.106351	0.360698	0.611179	0.823763	0.974459	1.06408	1.09541	1.05696	0.939298	
-0.209771	-0.207341	-0.204238	-0.225724	-0.271202	-0.344282	-0.451114	-0.556909	-0.643101	-0.706232	-0.718925	-0.671355	-0.572661	-0.416071	-0.205516	0.031045	0.276887	0.525898	0.753247	0.926738	1.03682	1.08991	1.08237	1.00091	0.846583	
-0.204586	-0.205776	-0.226773	-0.276439	-0.350036	-0.451114	-0.554506	-0.636318	-0.699363	-0.722694	-0.684042	-0.594066	-0.455149	-0.260709	-0.0310649	0.208231	0.451081	0.684538	0.876697	1.0065	1.07714	1.09276	1.043	0.919347	0.736806	
-0.208173	-0.234765	-0.289336	-0.365523	-0.459313	-0.556909	-0.636318	-0.696553	-0.724053	-0.692296	-0.607173	-0.480036	-0.30166	-0.0806513	0.153916	0.389738	0.622331	0.826897	0.974744	1.06094	1.09359	1.06902	0.975046	0.814634	0.616253	
-0.252486	-0.310647	-0.387388	-0.47484	-0.565488	-0.643101	-0.699363	-0.724053	-0.695211	-0.613575	-0.493446	-0.328187	-0.11714	0.112985	0.342723	0.570395	0.780687	0.943153	1.0436	1.08924	1.08331	1.0151	0.878867	0.692482	0.492972	
-0.339078	-0.41484	-0.49827	-0.582794	-0.656405	-0.706232	-0.722694	-0.692296	-0.613575	-0.497634	-0.341048	-0.139526	0.0852433	0.3097	0.530914	0.741444	0.913778	1.02659	1.08267	1.08998	1.04228	0.929262	0.758802	0.561599	0.375484	
-0.451024	-0.531294	-0.609016	-0.673985	-0.713464	-0.718925	-0.684042	-0.607173	-0.493446	-0.341048	-0.147071	0.0711382	0.290106	0.50466	0.71184	0.889002	1.01122	1.07573	1.09229	1.05976	0.96697	0.813856	0.623505	0.432318	0.271211	
-0.572606	-0.63988	-0.691477	-0.717665	-0.711919	-0.671355	-0.594066	-0.480036	-0.328187	-0.139526	0.0711382	0.283607	0.491622	0.693546	0.87107	0.998842	1.06957	1.09245	1.0705	0.99393	0.85747	0.676763	0.484748	0.31449	0.185123	
-0.669096	-0.705185	-0.717638	-0.701441	-0.653996	-0.572661	-0.455149	-0.30166	-0.11714	0.0852433	0.290106	0.491622	0.687373	0.861664	0.990775	1.06499	1.09184	1.0768	1.01229	0.890319	0.720304	0.530716	0.35483	0.215406	0.119079	
-0.714038	-0.713196	-0.685912	-0.628936	-0.539538	-0.416071	-0.260709	-0.0806513	0.112985	0.3097	0.50466	0.693546	0.861664	0.98797	1.06254	1.09123	1.08023	1.02396	0.913507	0.753781	0.568715	0.39035	0.243613	0.138534	0.0720292	
-0.701278	-0.660196	-0.590512	-0.490695	-0.361118	-0.205516	-0.0310649	0.153916	0.342723	0.530914	0.71184	0.87107	0.990775	1.06254	1.09099	1.08173	1.03038	0.92819	0.777316	0.597769	0.419497	0.268222	0.156458	0.0834978	0.0409133	
-0.616719	-0.533307	-0.423969	-0.290598	-0.137091	0.031045	0.208231	0.389738	0.570395	0.741444	0.889002	0.998842	1.06499	1.09123	1.08173	1.03242	0.935282	0.791235	0.617338	0.441098	0.287907	0.171747	0.0938436	0.0471119	0.0218046	
-0.455486	-0.340094	-0.205941	-0.0559215	0.106351	0.276887	0.451081	0.622331	0.780687	0.913778	1.01122	1.06957	1.09184	1.08023	1.03038	0.935282	0.795837	0.627167	0.454358	0.301625	0.183432	0.10235	0.0525295	0.0248732	0.0109004	
-0.240631	-0.107318	0.0393579	0.196668	0.360698	0.525898	0.684538	0.826897	0.943153	1.02659	1.07573	1.09245	1.0768	1.02396	0.92819	0.791235	0.627167	0.458827	0.308665	0.190759	0.1084	0.0567495	0.0274405	0.0122894	0.00511235	
0.00771083	0.151339	0.303191	0.458589	0.611179	0.753247	0.876697	0.974744	1.0436	1.08267	1.09229	1.0705	1.01229	0.913507	0.777316	0.617338	0.454358	0.308665	0.193256	0.111543	0.0594308	0.0292901	0.0133846	0.00568546	0.00225069	
0.280755	0.423888	0.566251	0.701687	0.823763	0.926738	1.0065	1.06094	1.08924	1.08998	1.05976	0.99393	0.890319	0.753781	0.597769	0.441098	0.301625	0.190759	0.111543	0.0603505	0.0302588	0.0140863	0.0061018	0.00246502	0.000930843	
0.552261	0.676604	0.791291	0.891781	0.974459	1.03682	1.07714	1.09359	1.08331	1.04228	0.96697	0.85747	0.720304	0.568715	0.419497	0.287907	0.183432	0.1084	0.0594308	0.0302588	0.014328	0.00632096	0.00260309	0.00100272	0.000362027	
0.782271	0.875017	0.95446	1.01818	1.06408	1.08991	1.09276	1.06902	1.0151	0.929262	0.813856	0.676763	0.530716	0.39035	0.268222	0.171747	0.10235	0.0567495	0.0292901	0.0140863	0.00632096	0.00265077	0.00104068	0.000383179	0.000132559	
0.950141	1.01016	1.05611	1.08552	1.09541	1.08237	1.043	0.975046	0.878867	0.758802	0.623505	0.484748	0.35483	0.243613	0.156458	0.0938436	0.0525295	0.0274405	0.0133846	0.0061018	0.00260309	0.00104068	0.000390498	0.000137748	4.57535e-05	
1.05659	1.08461	1.09613	1.08795	1.05696	1.00091	0.919347	0.814634	0.692482	0.561599	0.432318	0.31449	0.215406	0.138534	0.0834978	0.0471119	0.0248732	0.0122894	0.00568546	0.00246502	0.00100272	0.000383179	0.000137748	4.66504e-05	1.49056e-05	
1.09696	1.0886	1.06066	1.01111	0.939298	0.846583	0.736806	0.616253	0.492972	0.375484	0.271211	0.185123	0.119079	0.0720292	0.0409133	0.0218046	0.0109004	0.00511235	0.00225069	0.000930843	0.000362027	0.000132559	4.57535e-05	1.49056e-05	4.58954e-06	
1.0548	1.00735	0.94108	0.856889	0.757485	0.647426	0.532781	0.420377	0.316751	0.227073	0.154363	0.0992275	0.0601796	0.0343769	0.0184754	0.00933605	0.00443505	0.00198101	0.000832429	0.000329305	0.000122755	4.31639e-05	1.43331e-05	4.49996e-06	1.3374e-06	
0.924917	0.846564	0.75559	0.655352	0.550366	0.445867	0.347154	0.258834	0.184166	0.124655	0.0800405	0.04864	0.0279222	0.0151208	0.00771747	0.00371055	0.00168043	0.000716984	0.000288346	0.000109378	3.91668e-05	1.32525e-05	4.24151e-06	1.28546e-06	3.6932e-07	
0.73162	0.640689	0.545807	0.450875	0.359962	0.276809	0.204355	0.14437	0.097307	0.0624022	0.0379842	0.021902	0.0119442	0.00615347	0.00299257	0.00137329	0.000594635	0.000242999	9.37604e-05	3.418e-05	1.17814e-05	3.8431e-06	1.18752e-06	3.47951e-07	9.6775e-08	
0.520071	0.435875	0.354727	0.279483	0.212527	0.155505	0.109154	0.0732913	0.0469491	0.0286231	0.0165737	0.00909869	0.00472946	0.00232536	0.00108079	0.000474717	0.000197045	7.73087e-05	2.86825e-05	1.0069e-05	3.347e-06	1.05435e-06	3.15033e-07	8.93688e-08	2.40934e-08	
0.332636	0.267198	0.20811	0.156721	0.11379	0.0794346	0.0531687	0.0340346	0.0207859	0.0120858	0.00667805	0.00350134	0.0017399	0.000818757	0.000364672	0.000153697	6.12991e-05	2.31404e-05	8.27183e-06	2.80151e-06	8.9958e-07	2.74084e-07	7.93029e-08	2.18094e-08	5.70618e-09	
0.192182	0.148248	0.110743	0.079901	0.0555337	0.0370858	0.0237369	0.0145274	0.00848354	0.00471808	0.0024949	0.00125277	0.000596731	0.000269446	0.000115282	4.67279e-05	1.79448e-05	6.53072e-06	2.25331e-06	7.37493e-07	2.29117e-07	6.7614e-08	1.89691e-08	5.0635e-09	1.28715e-09	
0.100807	0.0748309	0.0537328	0.0372304	0.024831	0.0159036	0.00975922	0.00572572	0.00320559	0.00170968	0.000867432	0.000418185	0.000191398	8.31158e-05	3.42338e-05	1.33722e-05	4.95414e-06	1.74126e-06	5.80857e-07	1.83999e-07	5.53834e-08	1.58513e-08	4.31723e-09	1.11982e-09	2.76855e-10	
0.0482619	0.0345454	0.0238947	0.0159346	0.0102217	0.00629352	0.00371149	0.00209244	0.00112579	0.000577177	0.00028162	0.000130642	5.75767e-05	2.40955e-05	9.57267e-06	3.61003e-06	1.29248e-06	4.39431e-07	1.41936e-07	4.35769e-08	1.27247e-08	3.53642e-09	9.36094e-10	2.36184e-10	5.68464e-11	
0.0211976	0.0146584	0.00978605	0.00629378	0.0038912	0.00230805	0.0013109	0.00071171	0.00036878	0.000182131	8.56386e-05	3.83044e-05	1.62871e-05	6.5808e-06	2.52617e-06	9.21275e-07	3.19246e-07	1.05148e-07	3.29302e-08	9.81139e-09	2.78272e-09	7.51788e-10	1.93606e-10	4.75617e-11	1.11544e-11	
0.00858247	0.00574357	0.00370756	0.00230387	0.00137544	0.000787465	0.000431588	0.000226086	0.000113041	5.38818e-05	2.44607e-05	1.0568e-05	4.34286e-06	1.69698e-06	6.3043e-07	2.22672e-07	7.479e-08	2.38949e-08	7.26498e-09	2.10307e-09	5.79983e-10	1.52476e-10	3.82389e-11	9.1547e-12	2.09381e-12	
0.00321723	0.0020869	0.00130467	0.000784626	0.000453106	0.000250824	0.000132886	6.72846e-05	3.25186e-05	1.49856e-05	6.57918e-06	2.75008e-06	1.09396e-06	4.14025e-07	1.49068e-07	5.10635e-08	1.66453e-08	5.16502e-09	1.52629e-09	4.29741e-10	1.15354e-10	2.95386e-11	7.22048e-12	1.68603e-12	3.76359e-13	
0.00112103	0.000705841	0.000427992	0.000249485	0.000139574	7.48227e-05	3.838e-05	1.8813e-05	8.80264e-06	3.92793e-06	1.67028e-06	6.76482e-07	2.60857e-07	9.57519e-08	3.34563e-08	1.11286e-08	3.52485e-09	1.06347e-09	3.05763e-10	8.38186e-11	2.19199e-11	5.47206e-12	1.30485e-12	2.97413e-13	6.48422e-14	
0.0003644	0.000222994	0.000131319	7.42982e-05	4.03244e-05	2.0964e-05	1.04262e-05	4.95475e-06	2.24766e-06	9.72527e-07	4.01103e-07	1.57615e-07	5.89928e-08	2.10284e-08	7.13883e-09	2.30848e-09	7.1124e-10	2.0886e-10	5.84836e-11	1.56234e-11	3.98406e-12	9.70398e-13	2.25905e-13	5.02973e-14	1.07177e-14	
0.000110858	6.60111e-05	3.77993e-05	2.07832e-05	1.09568e-05	5.53125e-06	2.67067e-06	1.23204e-06	5.42566e-07	2.27928e-07	9.12904e-08	3.48476e-08	1.26749e-08	4.39251e-09	1.45045e-09	4.56449e-10	1.36933e-10	3.91755e-11	1.06932e-11	2.78616e-12	6.93361e-13	1.64903e-13	3.75048e-14	8.16242e-15	1.70105e-15	
3.16568e-05	1.83615e-05	1.02348e-05	5.47493e-06	2.80692e-06	1.37758e-06	6.4651e-07	2.89868e-07	1.24068e-07	5.06627e-08	1.97282e-08	7.32366e-09	2.59146e-09	8.74032e-10	2.81012e-10	8.61445e-11	2.51868e-11	7.02633e-12	1.8711e-12	4.75883e-13	1.1566e-13	2.68787e-14	5.97644e-15	1.27224e-15	2.59459e-16	
8.50811e-06	4.81155e-06	2.61336e-06	1.36148e-06	6.79524e-07	3.24566e-07	1.48215e-07	6.46563e-08	2.6926e-08	1.06991e-08	4.05485e-09	1.4654e-09	5.04951e-10	1.65908e-10	5.19849e-11	1.55375e-11	4.43126e-12	1.2064e-12	3.1367e-13	7.79296e-14	1.85107e-14	4.20622e-15	9.14909e-16	1.90615e-16	3.80635e-17	
2.15735e-06	1.1906e-06	6.30696e-07	3.20302e-07	1.5578e-07	7.24852e-08	3.22402e-08	1.36976e-08	5.55572e-09	2.15025e-09	7.93901e-10	2.79575e-10	9.39008e-11	3.00825e-11	9.1941e-12	2.68149e-12	7.46563e-13	1.98502e-13	5.04288e-14	1.22471e-14	2.84497e-15	6.32506e-16	1.34667e-16	2.74751e-17	5.37497e-18	
5.17245e-07	2.78798e-07	1.44161e-07	7.14316e-08	3.38835e-08	1.53729e-08	6.66598e-09	2.76082e-09	1.0916e-09	4.11889e-10	1.48284e-10	5.0928e-11	1.66869e-11	5.2168e-12	1.55644e-12	4.43299e-13	1.20574e-13	3.13326e-14	7.78279e-15	1.84884e-15	4.20275e-16	9.14731e-17	1.9074e-17	3.81287e-18	7.31128e-19	
1.17502e-07	6.19029e-08	3.12686e-08	1.51287e-08	7.0049e-09	3.10145e-09	1.31219e-09	5.30231e-10	2.04544e-10	7.53075e-11	2.64574e-11	8.86938e-12	2.83729e-12	8.66261e-13	2.52485e-13	7.02758e-14	1.86866e-14	4.74903e-15	1.1541e-15	2.68336e-16	5.97249e-17	1.27329e-17	2.60172e-18	5.09823e-19	9.5868e-20	
2.53387e-08	1.30563e-08	6.44717e-09	3.04814e-09	1.37869e-09	5.96154e-10	2.46296e-10	9.71761e-11	3.66032e-11	1.31595e-11	4.51521e-12	1.47854e-12	4.6212e-13	1.37888e-13	3.92891e-14	1.0694e-14	2.78171e-15	6.91811e-16	1.64583e-16	3.74747e-17	8.17136e-18	1.70729e-18	3.42009e-19	6.57282e-20	1.2126e-20	
5.19594e-09	2.62028e-09	1.26572e-09	5.8516e-10	2.58728e-10	1.09339e-10	4.41422e-11	1.7018e-11	6.26357e-12	2.20053e-12	7.37909e-13	2.36196e-13	7.21776e-14	2.10616e-14	5.87051e-15	1.56356e-15	3.98102e-16	9.69444e-17	2.25902e-17	5.03995e-18	1.07717e-18	2.20673e-19	4.33594e-20	8.17613e-21	1.4805e-21	
1.01481e-09	5.01157e-10	2.36959e-10	1.07191e-10	4.63605e-11	1.91607e-11	7.56419e-12	2.85143e-12	1.02618e-12	3.52538e-13	1.15614e-13	3.61974e-14	1.08216e-14	3.09008e-15	8.43053e-16	2.19846e-16	5.48219e-17	1.30789e-17	2.98675e-18	6.53243e-19	1.36913e-19	2.75148e-20	5.30511e-21	9.81962e-22	1.74594e-22	
1.89068e-10	9.14852e-11	4.23646e-11	1.87625e-11	7.94266e-12	3.2124e-12	1.24087e-12	4.57664e-13	1.6115e-13	5.41702e-14	1.73844e-14	5.3271e-15	1.55902e-15	4.35882e-16	1.16467e-16	2.97529e-17	7.27026e-18	1.70013e-18	3.80673e-19	8.1659e-20	1.67914e-20	3.3117e-21	6.26843e-22	1.13938e-22	1.98996e-23	
3.37443e-11	1.59937e-11	7.25391e-12	3.14627e-12	1.3042e-12	5.16437e-13	1.9529e-13	7.05092e-14	2.43041e-14	7.99808e-15	2.51309e-15	7.54097e-16	2.1615e-16	5.92014e-17	1.54998e-17	3.88082e-18	9.29675e-19	2.13192e-19	4.68247e-20	9.85569e-21	1.98909e-21	3.85155e-22	7.15954e-23	1.27839e-23	2.19399e-24	
6.48133e-12	2.87444e-12	1.2607e-12	5.33304e-13	2.1606e-13	8.36572e-14	3.09356e-14	1.09227e-14	3.68208e-15	1.18514e-15	3.64273e-16	1.06944e-16	2.99977e-17	8.0422e-18	2.06154e-18	5.05519e-19	1.18637e-19	2.66605e-20	5.74006e-21	1.1847e-21	2.34529e-22	4.45588e-23	8.12972e-24	1.42523e-24	2.40325e-25	
