-0.0595289	-0.053886	-0.0648988	-0.0661801	-0.0662809	-0.0692311	-0.0730213	-0.0732367	-0.071932	-0.0821017	-0.0863579	-0.0821884	-0.0866344	-0.0970857	-0.107367	-0.107021	-0.100313	-0.11211	-0.138574	-0.157138	-0.161555	-0.151975	-0.143244	-0.167426	-0.235079	
-0.053886	-0.0640366	-0.0725588	-0.066563	-0.0654267	-0.0717174	-0.0753403	-0.0709801	-0.0760781	-0.0890555	-0.0858663	-0.0817228	-0.091308	-0.103807	-0.110302	-0.104571	-0.10297	-0.124167	-0.150128	-0.161601	-0.159213	-0.148008	-0.150113	-0.193443	-0.276051	
-0.0648988	-0.0725588	-0.0676825	-0.0599112	-0.0690189	-0.0773455	-0.0742391	-0.0739651	-0.0849004	-0.0886992	-0.0816243	-0.0864326	-0.100188	-0.109113	-0.108931	-0.102551	-0.111386	-0.138853	-0.158964	-0.162304	-0.155199	-0.14752	-0.165974	-0.229154	-0.323736	
-0.0661801	-0.066563	-0.0599112	-0.0674259	-0.0810376	-0.0776379	-0.072884	-0.0782605	-0.087334	-0.087345	-0.0848036	-0.0943801	-0.106241	-0.110404	-0.106514	-0.105632	-0.125205	-0.152399	-0.163374	-0.160055	-0.151823	-0.153804	-0.192891	-0.274292	-0.376682	
-0.0662809	-0.0654267	-0.0690189	-0.0810376	-0.0789968	-0.0703402	-0.0743164	-0.0857738	-0.0929431	-0.0869941	-0.0868619	-0.102009	-0.111665	-0.109772	-0.105743	-0.114773	-0.141348	-0.162113	-0.163572	-0.15645	-0.15209	-0.170364	-0.231996	-0.327499	-0.432627	
-0.0692311	-0.0717174	-0.0773455	-0.0776379	-0.0703402	-0.0733319	-0.0865168	-0.0943489	-0.0889621	-0.0827563	-0.0967657	-0.112992	-0.111919	-0.106804	-0.11032	-0.129804	-0.156348	-0.166507	-0.160449	-0.153926	-0.160176	-0.200319	-0.282783	-0.386233	-0.488489	
-0.0730213	-0.0753403	-0.0742391	-0.072884	-0.0743164	-0.0865168	-0.0939887	-0.088783	-0.0837449	-0.0931999	-0.111089	-0.113937	-0.107714	-0.109386	-0.122145	-0.146975	-0.166698	-0.165219	-0.156162	-0.156731	-0.180774	-0.244995	-0.342767	-0.447026	-0.540364	
-0.0732367	-0.0709801	-0.0739651	-0.0782605	-0.0857738	-0.0943489	-0.088783	-0.0851944	-0.0922913	-0.106088	-0.115104	-0.110919	-0.108896	-0.1179	-0.138136	-0.162819	-0.169907	-0.159573	-0.155269	-0.170386	-0.217197	-0.303047	-0.407905	-0.50573	-0.583464	
-0.071932	-0.0760781	-0.0849004	-0.087334	-0.0929431	-0.0889621	-0.0837449	-0.0922913	-0.103293	-0.115141	-0.116065	-0.108363	-0.113731	-0.132782	-0.157379	-0.171915	-0.164587	-0.15493	-0.164295	-0.199385	-0.270004	-0.37067	-0.473118	-0.557475	-0.612262	
-0.0821017	-0.0890555	-0.0886992	-0.087345	-0.0869941	-0.0827563	-0.0931999	-0.106088	-0.115141	-0.118703	-0.1082	-0.109053	-0.130572	-0.154111	-0.170377	-0.169173	-0.156886	-0.159795	-0.188193	-0.245793	-0.336941	-0.441971	-0.532547	-0.596734	-0.621071	
-0.0863579	-0.0858663	-0.0816243	-0.0848036	-0.0868619	-0.0967657	-0.111089	-0.115104	-0.116065	-0.1082	-0.106837	-0.129897	-0.153776	-0.167157	-0.171097	-0.161114	-0.157088	-0.179847	-0.22964	-0.309504	-0.41243	-0.509285	-0.580107	-0.617696	-0.60485	
-0.0821884	-0.0817228	-0.0864326	-0.0943801	-0.102009	-0.112992	-0.113937	-0.110919	-0.108363	-0.109053	-0.129897	-0.154157	-0.164824	-0.170646	-0.165751	-0.156841	-0.172685	-0.218754	-0.289967	-0.386329	-0.487226	-0.564762	-0.610173	-0.61458	-0.560047	
-0.0866344	-0.091308	-0.100188	-0.106241	-0.111665	-0.111919	-0.107714	-0.108896	-0.113731	-0.130572	-0.153776	-0.164824	-0.170066	-0.168653	-0.158111	-0.167099	-0.210834	-0.277746	-0.365942	-0.466747	-0.550999	-0.60217	-0.617276	-0.582074	-0.485554	
-0.0970857	-0.103807	-0.109113	-0.110404	-0.109772	-0.106804	-0.109386	-0.1179	-0.132782	-0.154111	-0.167157	-0.170646	-0.168653	-0.158879	-0.164039	-0.205476	-0.270992	-0.352336	-0.44937	-0.538659	-0.595429	-0.616566	-0.595473	-0.516746	-0.383371	
-0.107367	-0.110302	-0.108931	-0.106514	-0.105743	-0.11032	-0.122145	-0.138136	-0.157379	-0.170377	-0.171097	-0.165751	-0.158111	-0.164039	-0.203513	-0.268031	-0.344988	-0.436851	-0.528292	-0.590307	-0.615078	-0.6027	-0.539319	-0.419006	-0.257984	
-0.107021	-0.104571	-0.102551	-0.105632	-0.114773	-0.129804	-0.146975	-0.162819	-0.171915	-0.169173	-0.161114	-0.156841	-0.167099	-0.205476	-0.268031	-0.342728	-0.430359	-0.52119	-0.586759	-0.614017	-0.606236	-0.554347	-0.446697	-0.293734	-0.1143	
-0.100313	-0.10297	-0.111386	-0.125205	-0.141348	-0.156348	-0.166698	-0.169907	-0.164587	-0.156886	-0.157088	-0.172685	-0.210834	-0.270992	-0.344988	-0.430359	-0.518645	-0.584893	-0.613544	-0.607867	-0.563427	-0.466635	-0.321621	-0.148063	0.0442367	
-0.11211	-0.124167	-0.138853	-0.152399	-0.162113	-0.166507	-0.165219	-0.159573	-0.15493	-0.159795	-0.179847	-0.218754	-0.277746	-0.352336	-0.436851	-0.52119	-0.584893	-0.61343	-0.608519	-0.568138	-0.479338	-0.341637	-0.173199	0.0126169	0.214813	
-0.138574	-0.150128	-0.158964	-0.163374	-0.163572	-0.160449	-0.156162	-0.155269	-0.164295	-0.188193	-0.22964	-0.289967	-0.365942	-0.44937	-0.528292	-0.586759	-0.613544	-0.608519	-0.569579	-0.485463	-0.353682	-0.189982	-0.00946899	0.185815	0.391283	
-0.157138	-0.161601	-0.162304	-0.160055	-0.15645	-0.153926	-0.156731	-0.170386	-0.199385	-0.245793	-0.309504	-0.386329	-0.466747	-0.538659	-0.590307	-0.614017	-0.607867	-0.568138	-0.485463	-0.357701	-0.198408	-0.0225406	0.166761	0.367041	0.561218	
-0.161555	-0.159213	-0.155199	-0.151823	-0.15209	-0.160176	-0.180774	-0.217197	-0.270004	-0.336941	-0.41243	-0.487226	-0.550999	-0.595429	-0.615078	-0.606236	-0.563427	-0.479338	-0.353682	-0.198408	-0.0268711	0.157335	0.35241	0.544036	0.709143	
-0.151975	-0.148008	-0.14752	-0.153804	-0.170364	-0.200319	-0.244995	-0.303047	-0.37067	-0.441971	-0.509285	-0.564762	-0.60217	-0.616566	-0.6027	-0.554347	-0.466635	-0.341637	-0.189982	-0.0225406	0.157335	0.347525	0.535278	0.699244	0.82448	
-0.143244	-0.150113	-0.165974	-0.192891	-0.231996	-0.282783	-0.342767	-0.407905	-0.473118	-0.532547	-0.580107	-0.610173	-0.617276	-0.595473	-0.539319	-0.446697	-0.321621	-0.173199	-0.00946899	0.166761	0.35241	0.535278	0.695882	0.81993	0.905668	
-0.167426	-0.193443	-0.229154	-0.274292	-0.327499	-0.386233	-0.447026	-0.50573	-0.557475	-0.596734	-0.617696	-0.61458	-0.582074	-0.516746	-0.419006	-0.293734	-0.148063	0.0126169	0.185815	0.367041	0.544036	0.699244	0.81993	0.904179	0.955292	
-0.235079	-0.276051	-0.323736	-0.376682	-0.432627	-0.488489	-0.540364	-0.583464	-0.612262	-0.621071	-0.60485	-0.560047	-0.485554	-0.383371	-0.257984	-0.1143	0.0442367	0.214813	0.391283	0.561218	0.709143	0.82448	0.905668	0.955292	0.971684	
-0.331063	-0.379317	-0.430685	-0.482797	-0.532388	-0.575335	-0.606822	-0.62176	-0.615517	-0.584729	-0.527862	-0.445425	-0.339722	-0.213964	-0.071152	0.0861149	0.253989	0.424745	0.586131	0.725038	0.833342	0.910066	0.956921	0.971684	0.946882	
-0.441921	-0.489538	-0.534982	-0.574756	-0.604831	-0.621007	-0.619417	-0.597099	-0.552428	-0.485198	-0.396351	-0.287509	-0.160527	-0.0174131	0.138929	0.303203	0.466594	0.617713	0.746106	0.846083	0.917161	0.96	0.971544	0.944685	0.873682	
-0.547663	-0.581666	-0.607123	-0.620772	-0.619621	-0.601287	-0.56423	-0.50781	-0.432105	-0.337625	-0.22514	-0.0958292	0.0481584	0.202834	0.361607	0.515447	0.654595	0.771364	0.862143	0.926591	0.96414	0.970824	0.939947	0.866937	0.754862	
-0.612239	-0.620789	-0.61717	-0.599525	-0.566465	-0.517074	-0.450829	-0.367487	-0.267067	-0.150077	-0.0180079	0.126048	0.276927	0.427467	0.569437	0.695269	0.799812	0.880885	0.9378	0.968665	0.968752	0.93198	0.855217	0.74251	0.606088	
-0.611484	-0.592381	-0.560631	-0.515145	-0.455019	-0.379544	-0.288306	-0.181431	-0.0599796	0.0735988	0.215166	0.358976	0.498295	0.626501	0.738317	0.830527	0.901562	0.949939	0.972521	0.964172	0.919772	0.83786	0.723641	0.589205	0.450505	
-0.546403	-0.502255	-0.445322	-0.374709	-0.289855	-0.190757	-0.0782819	0.045543	0.177354	0.312545	0.445702	0.571353	0.684783	0.782595	0.862635	0.923177	0.961708	0.974163	0.955531	0.902043	0.81406	0.697958	0.565664	0.431785	0.309717	
-0.420145	-0.351953	-0.271214	-0.177989	-0.0730956	0.0417169	0.163695	0.289183	0.413937	0.533615	0.644315	0.742936	0.827175	0.895064	0.944215	0.971176	0.971506	0.940924	0.877355	0.782999	0.665243	0.535683	0.40747	0.292123	0.197128	
-0.230491	-0.142158	-0.0441903	0.0618946	0.173869	0.288898	0.403755	0.515138	0.619983	0.715673	0.800017	0.870964	0.926125	0.962348	0.975676	0.961971	0.918243	0.844302	0.744023	0.625486	0.49969	0.378189	0.270572	0.182725	0.116393	
0.00861972	0.105573	0.207048	0.310926	0.414845	0.516386	0.61323	0.703252	0.784472	0.854861	0.912041	0.953037	0.974252	0.971864	0.942705	0.885452	0.801763	0.696839	0.579022	0.458396	0.344785	0.245857	0.165951	0.105931	0.0639156	
0.261757	0.353843	0.446122	0.536857	0.624309	0.70675	0.782403	0.8493	0.90511	0.947005	0.971695	0.97572	0.956062	0.910993	0.84096	0.749187	0.641705	0.52663	0.412827	0.308315	0.218913	0.147539	0.0942782	0.0570801	0.0327334	
0.495982	0.575403	0.652613	0.726149	0.794376	0.855398	0.906959	0.946401	0.970741	0.976909	0.962199	0.924872	0.864814	0.78404	0.686863	0.579567	0.469583	0.364327	0.270014	0.19077	0.128276	0.0819877	0.0497666	0.0286737	0.0156778	
0.696785	0.760397	0.819668	0.872777	0.917585	0.951651	0.972329	0.976971	0.963273	0.929703	0.875971	0.803416	0.715182	0.616079	0.512097	0.409614	0.314487	0.23123	0.162491	0.108951	0.0696083	0.0423321	0.0244876	0.013468	0.00704144	
0.855956	0.899279	0.935097	0.961243	0.975448	0.975523	0.959607	0.926485	0.875908	0.808871	0.727752	0.636258	0.539123	0.441599	0.348798	0.265035	0.19332	0.135098	0.090298	0.0576431	0.0351039	0.0203761	0.0112662	0.00593157	0.00297326	
0.955328	0.971468	0.977003	0.97021	0.949688	0.914569	0.864749	0.801062	0.725385	0.640608	0.550443	0.459093	0.370797	0.289352	0.217679	0.157546	0.109491	0.0729437	0.0465148	0.0283562	0.0165091	0.00917244	0.00486075	0.00245608	0.00118318	
0.97182	0.956838	0.930363	0.891863	0.841395	0.779721	0.70837	0.629612	0.546341	0.461849	0.379526	0.302518	0.2334	0.173939	0.124962	0.0863866	0.0573669	0.0365399	0.0222942	0.0130154	0.00726401	0.00387312	0.001972	0.000958511	0.000444721	
0.897374	0.855342	0.803973	0.743976	0.676611	0.603664	0.527368	0.450253	0.374945	0.303934	0.239342	0.182736	0.135003	0.0963292	0.0662655	0.0438737	0.0279155	0.0170458	0.00997722	0.00559234	0.00299935	0.00153834	0.000754204	0.000353376	0.00015822	
0.750593	0.692959	0.630069	0.563317	0.4944	0.425221	0.357759	0.29391	0.23533	0.183304	0.138637	0.101624	0.0720683	0.0493585	0.0325938	0.0207205	0.0126635	0.00743128	0.00418277	0.00225617	0.00116542	0.00057619	0.000272561	0.000123336	5.33849e-05	
0.569384	0.50971	0.448874	0.388276	0.329368	0.273546	0.222051	0.175873	0.135677	0.101768	0.0740883	0.0522604	0.0356574	0.0234954	0.0149285	0.00913347	0.00537398	0.00303745	0.00164763	0.000857036	0.000427224	0.000203998	9.32761e-05	4.08335e-05	1.71138e-05	
0.393081	0.341685	0.291878	0.244663	0.200938	0.161437	0.126673	0.0969166	0.0721807	0.0522434	0.036687	0.0249552	0.0164172	0.0104299	0.00638989	0.00377037	0.00214016	0.00116746	0.000611487	0.00030731	0.000148103	6.84179e-05	3.02882e-05	1.28473e-05	5.22132e-06	
0.248097	0.209719	0.174046	0.141608	0.11279	0.0878128	0.066724	0.0494042	0.0355893	0.0249038	0.0169016	0.0111083	0.00705987	0.00433279	0.0025645	0.00146214	0.000802166	0.000423086	0.000214358	0.00010426	4.86572e-05	2.17804e-05	9.34919e-06	3.84787e-06	1.51846e-06	
0.143875	0.11844	0.0956356	0.0756422	0.0585223	0.0442246	0.0325951	0.0233959	0.0163296	0.0110666	0.0072715	0.00462579	0.00284518	0.00168981	0.000967943	0.000534167	0.000283725	0.000144926	7.11402e-05	3.35392e-05	1.51798e-05	6.59347e-06	2.74798e-06	1.09882e-06	4.21559e-07	
0.0770776	0.0618698	0.0486687	0.0374708	0.0281986	0.0207133	0.0148301	0.0103345	0.00699965	0.00460137	0.00293175	0.00180807	0.00107796	0.000620545	0.000344544	0.000184325	9.49312e-05	4.70312e-05	2.23995e-05	1.02504e-05	4.50526e-06	1.90134e-06	7.70351e-07	2.99625e-07	1.11878e-07	
0.038472	0.0301305	0.0231035	0.0173281	0.0126959	0.00907437	0.00631833	0.00427979	0.00281635	0.0017981	0.00111235	0.000665925	0.000385347	0.000215298	0.000116024	6.02523e-05	3.0128e-05	1.44955e-05	6.70678e-06	2.98271e-06	1.2746e-06	5.23242e-07	2.06318e-07	7.81377e-08	2.84249e-08	
0.0184355	0.0140365	0.0104636	0.00763547	0.00544404	0.00378585	0.00256379	0.00168836	0.00107976	0.000669762	0.000402448	0.000233984	0.000131483	7.13369e-05	3.73346e-05	1.88319e-05	9.14834e-06	4.27742e-06	1.92391e-06	8.32099e-07	3.45954e-07	1.38238e-07	5.30835e-08	1.95888e-08	6.94809e-09	
0.009909	0.00704264	0.00503938	0.00356238	0.00246746	0.00166788	0.00109768	0.000702216	0.000436066	0.000262534	0.000153063	8.63243e-05	4.70476e-05	2.47556e-05	1.25654e-05	6.14765e-06	2.89729e-06	1.31455e-06	5.73948e-07	2.41057e-07	9.73666e-08	3.78157e-08	1.41214e-08	5.07083e-09	1.75578e-09	
