1.60466e-08	2.58454e-09	3.91124e-10	5.5735e-11	7.49388e-12	9.52498e-13	1.14646e-13	1.30887e-14	1.41949e-15	1.46449e-16	1.43924e-17	1.34902e-18	1.2074e-19	1.03304e-20	8.45807e-22	6.63352e-23	4.98822e-24	3.59969e-25	2.495e-26	1.66232e-27	1.06545e-28	6.5742e-30	3.90798e-31	2.23974e-32	1.29252e-33	
5.47543e-09	8.5307e-10	1.2504e-10	1.72789e-11	2.25539e-12	2.78578e-13	3.26146e-14	3.62488e-15	3.8302e-16	3.85291e-17	3.69447e-18	3.38091e-19	2.95616e-20	2.4723e-21	1.97967e-22	1.51923e-23	1.11838e-24	7.90439e-26	5.36806e-27	3.50574e-28	2.20334e-29	1.33362e-30	7.77915e-32	4.37614e-33	2.41775e-34	
1.74554e-09	2.63144e-10	3.73691e-11	5.00891e-12	6.34867e-13	7.62201e-14	8.6815e-15	9.39516e-16	9.67391e-17	9.48981e-18	8.87983e-19	7.93502e-20	6.77896e-21	5.54244e-22	4.34099e-23	3.26009e-24	2.34968e-25	1.62665e-26	1.08251e-27	6.93033e-29	4.27149e-30	2.53636e-31	1.4519e-32	8.01779e-34	4.32463e-35	
5.19987e-10	7.58821e-11	1.04444e-11	1.35843e-12	1.67244e-13	1.95225e-14	2.16394e-15	2.28086e-16	2.28915e-17	2.19037e-18	2.00053e-19	1.74598e-20	1.45767e-21	1.16531e-22	8.92892e-24	6.56329e-25	4.63215e-26	3.1415e-27	2.04891e-28	1.28607e-29	7.77445e-31	4.52932e-32	2.54471e-33	1.37964e-34	7.29639e-36	
1.4481e-10	2.04671e-11	2.73171e-12	3.44905e-13	4.12638e-14	4.68503e-15	5.05544e-16	5.19155e-17	5.08022e-18	4.74285e-19	4.22923e-20	3.60591e-21	2.94268e-22	2.30074e-23	1.72498e-24	1.24129e-25	8.5802e-27	5.70164e-28	3.64509e-29	2.24357e-30	1.33042e-31	7.60586e-33	4.19461e-34	2.23301e-35	1.15916e-36	
3.77254e-11	5.16729e-12	6.69133e-13	8.20557e-14	9.54405e-15	1.05444e-15	1.1081e-16	1.10908e-17	1.05854e-18	9.64533e-20	8.39973e-21	6.99845e-22	5.58412e-23	4.27099e-24	3.13408e-25	2.20833e-26	1.49535e-27	9.73826e-29	6.10374e-30	3.68463e-31	2.14371e-32	1.20279e-33	6.51239e-35	3.40469e-36	1.73539e-37	
9.20176e-12	1.22222e-12	1.53648e-13	1.83102e-14	2.07152e-15	2.22806e-16	2.28129e-17	2.22631e-18	2.07326e-19	1.84446e-20	1.56923e-21	1.27803e-22	9.97339e-24	7.46426e-25	5.36221e-26	3.70059e-27	2.45531e-28	1.56738e-29	9.63353e-31	5.70475e-32	3.25695e-33	1.79384e-34	9.537e-36	4.89731e-37	2.45155e-38	
2.10348e-12	2.71121e-13	3.31084e-14	3.83635e-15	4.22395e-16	4.42506e-17	4.41637e-18	4.20413e-19	3.82156e-20	3.32064e-21	2.76096e-22	2.19874e-23	1.67865e-24	1.2297e-25	8.65073e-27	5.84876e-28	3.80331e-29	2.38047e-30	1.43505e-31	8.33801e-33	4.67226e-34	2.52654e-35	1.31921e-36	6.65493e-38	3.27246e-39	
4.51141e-13	5.64656e-14	6.70247e-15	7.55592e-16	8.10079e-17	8.27005e-18	8.04922e-19	7.47757e-20	6.63739e-21	5.63523e-22	4.58065e-23	3.56819e-24	2.66599e-25	1.91216e-26	1.31764e-27	8.72987e-29	5.56519e-30	3.41599e-31	2.02029e-32	1.15199e-33	6.33714e-35	3.36516e-36	1.72598e-37	8.55513e-39	4.1332e-40	
9.08878e-14	1.10542e-14	1.27624e-15	1.40061e-16	1.46297e-17	1.45619e-18	1.38284e-19	1.2542e-20	1.08757e-21	9.02559e-23	7.1751e-24	5.46897e-25	4.00018e-26	2.81e-27	1.89724e-28	1.23213e-29	7.70218e-31	4.63762e-32	2.69145e-33	1.50646e-34	8.1372e-36	4.24414e-37	2.13867e-38	1.04178e-39	4.94595e-41	
1.72207e-14	2.03669e-15	2.28857e-16	2.44644e-17	2.49099e-18	2.4187e-19	2.24206e-20	1.98622e-21	1.68327e-22	1.36598e-23	1.06242e-24	7.92647e-26	5.67755e-27	3.90734e-28	2.58566e-29	1.64644e-30	1.0095e-31	5.96403e-33	3.39725e-34	1.86696e-35	9.90416e-37	5.07484e-38	2.51296e-39	1.20322e-40	5.61451e-42	
3.07253e-15	3.53604e-16	3.86959e-17	4.03161e-18	4.00377e-19	3.79426e-20	3.43489e-21	2.9735e-22	2.46384e-23	1.9559e-24	1.48886e-25	1.08767e-26	7.6318e-28	5.14727e-29	3.33939e-30	2.08546e-31	1.25452e-32	7.27403e-34	4.06784e-35	2.19536e-36	1.14406e-37	5.76014e-39	2.80345e-40	1.31964e-41	6.05344e-43	
5.16883e-16	5.7923e-17	6.17696e-18	6.27596e-19	6.08217e-20	5.62833e-21	4.97838e-22	4.21318e-23	3.41468e-24	2.65275e-25	1.97705e-26	1.41472e-27	9.72726e-29	6.43137e-30	4.09185e-31	2.5069e-32	1.47994e-33	8.42385e-35	4.62598e-36	2.45232e-37	1.25566e-38	6.21338e-40	2.97282e-41	1.37599e-42	6.20623e-44	
8.20901e-17	8.96331e-18	9.32029e-19	9.23996e-20	8.74305e-21	7.90423e-22	6.83423e-23	5.65672e-24	4.48617e-25	3.41192e-26	2.49053e-27	1.74622e-28	1.17693e-29	7.63058e-31	4.7624e-32	2.86315e-33	1.65918e-34	9.27338e-36	5.00193e-37	2.60519e-38	1.31094e-39	6.3767e-41	2.99986e-42	1.36558e-43	6.05723e-45	
1.23236e-17	1.31192e-18	1.33094e-19	1.28816e-20	1.19069e-21	1.05215e-22	8.89657e-24	7.20497e-25	5.59354e-26	4.16628e-27	2.97965e-28	2.04773e-29	1.35328e-30	8.6064e-32	5.27065e-33	3.11029e-34	1.76971e-35	9.71475e-37	5.148e-38	2.63491e-39	1.30331e-40	6.23314e-42	2.88377e-43	1.29129e-44	5.63389e-46	
1.75095e-18	1.81842e-19	1.80086e-20	1.70252e-21	1.53804e-22	1.32901e-23	1.09946e-24	8.71567e-26	6.6262e-27	4.83529e-28	3.38933e-29	2.28382e-30	1.48039e-31	9.23764e-33	5.55264e-34	3.21713e-35	1.79776e-36	9.69503e-38	5.0485e-39	2.53986e-40	1.23515e-41	5.80913e-43	2.64361e-44	1.16463e-45	4.99895e-47	
2.35735e-19	2.38973e-20	2.31155e-21	2.13567e-22	1.88653e-23	1.59479e-24	1.29133e-25	1.00241e-26	7.46586e-28	5.33934e-29	3.66941e-30	2.42506e-31	1.5423e-32	9.44556e-34	5.57415e-35	3.1717e-36	1.74111e-37	9.22638e-39	4.72224e-40	2.33565e-41	1.11695e-42	5.16705e-44	2.31335e-45	1.00285e-46	4.23558e-48	
3.01095e-20	2.98107e-21	2.81788e-22	2.54556e-23	2.19972e-24	1.81999e-25	1.443e-26	1.09729e-27	8.00916e-29	5.61556e-30	3.78495e-31	2.45414e-32	1.5318e-33	9.20994e-35	5.33747e-36	2.98333e-37	1.6092e-38	8.38114e-40	4.21714e-41	2.05107e-42	9.6474e-44	4.39055e-45	1.93423e-46	8.25245e-48	3.43023e-49	
3.65269e-21	3.53392e-22	3.26601e-23	2.8861e-24	2.44084e-25	1.97735e-26	1.53573e-27	1.14441e-28	8.18893e-30	5.63086e-31	3.72339e-32	2.36928e-33	1.45178e-34	8.57173e-36	4.87962e-37	2.67986e-38	1.42068e-39	7.27401e-41	3.59897e-42	1.7216e-43	7.96618e-45	3.56729e-46	1.54667e-47	6.4957e-49	2.6577e-50	
4.21344e-22	3.98544e-23	3.60292e-24	3.11585e-25	2.58007e-26	2.04736e-27	1.55819e-28	1.13829e-29	7.98777e-31	5.38833e-32	3.49659e-33	2.18419e-34	1.31424e-35	7.62198e-37	4.26317e-38	2.30103e-39	1.19916e-40	6.0372e-42	2.93779e-43	1.38246e-44	6.2942e-46	2.77388e-47	1.18384e-48	4.89493e-50	1.97169e-51	
4.62642e-23	4.28046e-24	3.7869e-25	3.20643e-26	2.60064e-27	2.0222e-28	1.5087e-29	1.08082e-30	7.44035e-32	4.92536e-33	3.1375e-34	1.9245e-35	1.13741e-36	6.48105e-38	3.56257e-39	1.89023e-40	9.68591e-42	4.79589e-43	2.29574e-44	1.06295e-45	4.76269e-47	2.06603e-48	8.68078e-50	3.53435e-51	1.4018e-52	
4.84052e-24	4.38272e-25	3.79615e-26	3.14828e-27	2.50211e-28	1.90718e-29	1.39533e-30	9.80579e-32	6.62413e-33	4.30445e-34	2.69241e-35	1.62211e-36	9.41902e-38	5.27447e-39	2.85003e-40	1.48683e-41	7.49289e-43	3.64953e-44	1.71887e-45	7.83208e-47	3.45417e-48	1.47516e-49	6.10309e-51	2.44718e-52	9.55861e-54	
4.83076e-25	4.28219e-26	3.63288e-27	2.95221e-28	2.29992e-29	1.71908e-30	1.23375e-31	8.50809e-33	5.64176e-34	3.59975e-35	2.21153e-36	1.30903e-37	7.46983e-39	4.11177e-40	2.1845e-41	1.12078e-42	5.55595e-44	2.66251e-45	1.23405e-46	5.53461e-48	2.40302e-49	1.0105e-50	4.11724e-52	1.62613e-53	6.2561e-55	
4.60298e-26	3.99641e-27	3.32211e-28	2.6463e-29	2.02159e-30	1.48224e-31	1.04386e-32	7.06602e-34	4.60065e-35	2.88315e-36	1.7402e-37	1.01224e-38	5.67784e-40	3.07289e-41	1.60553e-42	8.10269e-44	3.95191e-45	1.86367e-46	8.50206e-48	3.75385e-49	1.60481e-50	6.64592e-52	2.66719e-53	1.03777e-54	3.93309e-56	
4.19151e-27	3.5658e-28	2.90553e-29	2.26952e-30	1.7007e-31	1.22359e-32	8.4583e-34	5.62176e-35	3.59501e-36	2.21337e-37	1.31283e-38	7.50629e-40	4.13965e-41	2.20328e-42	1.13235e-43	5.62242e-45	2.69851e-46	1.25255e-47	5.62526e-49	2.4455e-50	1.02959e-51	4.19967e-53	1.66037e-54	6.36519e-56	2.37682e-57	
3.65091e-28	3.04445e-29	2.43254e-30	1.86382e-31	1.37049e-32	9.67846e-34	6.56907e-35	4.28817e-36	2.69402e-37	1.62994e-38	9.50282e-40	5.34201e-41	2.89721e-42	1.51677e-43	7.66933e-45	3.74731e-46	1.77021e-47	8.08877e-49	3.57682e-50	1.53132e-51	6.35006e-53	2.55163e-54	9.93949e-56	3.75484e-57	1.38162e-58	
3.04445e-29	2.48942e-30	1.95111e-31	1.46691e-32	1.05875e-33	7.34129e-35	4.8938e-36	3.13842e-37	1.93755e-38	1.15225e-39	6.60477e-41	3.65126e-42	1.94781e-43	1.00325e-44	4.99186e-46	2.40063e-47	1.11638e-48	5.02266e-50	2.1872e-51	9.22293e-53	3.7676e-54	1.49161e-55	5.72558e-57	2.1317e-58	7.73028e-60	
2.43254e-30	1.95111e-31	1.50052e-32	1.10734e-33	7.84724e-35	5.34403e-36	3.49974e-37	2.20552e-38	1.33836e-39	7.82519e-41	4.41098e-42	2.39854e-43	1.25884e-44	6.38035e-46	3.12459e-47	1.47923e-48	6.77301e-50	3.00081e-51	1.28707e-52	5.34642e-54	2.15182e-55	8.39484e-57	3.1758e-58	1.16546e-59	4.16576e-61	
1.86382e-31	1.46691e-32	1.10734e-33	8.02348e-35	5.58434e-36	3.73608e-37	2.40432e-38	1.48931e-39	8.88531e-41	5.10881e-42	2.83259e-43	1.51535e-44	7.82608e-46	3.90401e-47	1.88207e-48	8.77271e-50	3.95561e-51	1.72614e-52	7.29317e-54	2.98485e-55	1.1838e-56	4.55152e-58	1.69719e-59	6.14001e-61	2.16347e-62	
1.37049e-32	1.05875e-33	7.84724e-35	5.58434e-36	3.81833e-37	2.5103e-38	1.58788e-39	9.67018e-41	5.67343e-42	3.20859e-43	1.75022e-44	9.21355e-46	4.68328e-47	2.2998e-48	1.09161e-49	5.01068e-51	2.22525e-52	9.56569e-54	3.98198e-55	1.60588e-56	6.27682e-58	2.37876e-59	8.74412e-61	3.11889e-62	1.08348e-63	
9.67846e-34	7.34129e-35	5.34403e-36	3.73608e-37	2.5103e-38	1.62216e-39	1.00881e-40	6.04154e-42	3.48642e-43	1.93982e-44	1.04122e-45	5.39468e-47	2.69936e-48	1.30513e-49	6.1004e-51	2.75796e-52	1.20654e-53	5.10999e-55	2.09608e-56	8.3309e-58	3.20957e-59	1.19908e-60	4.34567e-62	1.52841e-63	5.23544e-65	
6.56907e-35	4.8938e-36	3.49974e-37	2.40432e-38	1.58788e-39	1.00881e-40	6.16945e-42	3.63417e-43	2.06324e-44	1.12962e-45	5.96765e-47	3.04366e-48	1.49948e-49	7.13935e-51	3.28673e-52	1.46374e-53	6.30894e-55	2.63292e-56	1.06437e-57	4.16969e-59	1.5836e-60	5.83293e-62	2.08446e-63	7.22978e-65	2.4422e-66	
4.28817e-36	3.13842e-37	2.20552e-38	1.48931e-39	9.67018e-41	6.04154e-42	3.63417e-43	2.10609e-44	1.17658e-45	6.34006e-47	3.2971e-48	1.65567e-49	8.03235e-51	3.76668e-52	1.70818e-53	7.49495e-55	3.1832e-56	1.30921e-57	5.21664e-59	2.01459e-60	7.54342e-62	2.73971e-63	9.65515e-65	3.30285e-66	1.10037e-67	
2.69402e-37	1.93755e-38	1.33836e-39	8.88531e-41	5.67343e-42	3.48642e-43	2.06324e-44	1.17658e-45	6.46926e-47	3.43158e-48	1.75704e-49	8.68853e-51	4.15157e-52	1.91777e-53	8.56852e-55	3.70461e-56	1.55061e-57	6.28597e-59	2.46909e-60	9.40092e-62	3.47093e-63	1.24316e-64	4.32094e-66	1.45798e-67	4.79115e-69	
1.62994e-38	1.15225e-39	7.82519e-41	5.10881e-42	3.20859e-43	1.93982e-44	1.12962e-45	6.34006e-47	3.43158e-48	1.79218e-49	9.03633e-51	4.40102e-52	2.07151e-53	9.42769e-55	4.15063e-56	1.76854e-57	7.2962e-59	2.91574e-60	1.12915e-61	4.23913e-63	1.54346e-64	5.45223e-66	1.86925e-67	6.22202e-69	2.01699e-70	
9.50282e-40	6.60477e-41	4.41098e-42	2.83259e-43	1.75022e-44	1.04122e-45	5.96765e-47	3.2971e-48	1.75704e-49	9.03633e-51	4.48744e-52	2.15291e-53	9.98376e-55	4.47725e-56	1.9426e-57	8.1584e-59	3.31794e-60	1.30725e-61	4.99172e-63	1.84808e-64	6.63641e-66	2.31235e-67	7.82051e-69	2.56822e-70	8.21362e-72	
5.34201e-41	3.65126e-42	2.39854e-43	1.51535e-44	9.21355e-46	5.39468e-47	3.04366e-48	1.65567e-49	8.68853e-51	4.40102e-52	2.15291e-53	1.01763e-54	4.65002e-56	2.0551e-57	8.78875e-59	3.63856e-60	1.45891e-61	5.66771e-63	2.13424e-64	7.79302e-66	2.76033e-67	9.48786e-69	3.1658e-70	1.02579e-71	3.23692e-73	
2.89721e-42	1.94781e-43	1.25884e-44	7.82608e-46	4.68328e-47	2.69936e-48	1.49948e-49	8.03235e-51	4.15157e-52	2.07151e-53	9.98376e-55	4.65002e-56	2.09403e-57	9.12185e-59	3.84553e-60	1.56962e-61	6.20559e-63	2.37741e-64	8.82941e-66	3.18006e-67	1.11116e-68	3.76805e-70	1.24053e-71	3.96642e-73	1.23505e-74	
1.51677e-43	1.00325e-44	6.38035e-46	3.90401e-47	2.2998e-48	1.30513e-49	7.13935e-51	3.76668e-52	1.91777e-53	9.42769e-55	4.47725e-56	2.0551e-57	9.12185e-59	3.91709e-60	1.62806e-61	6.55238e-63	2.55464e-64	9.65256e-66	3.53598e-67	1.25632e-68	4.33085e-70	1.44906e-71	4.70755e-73	1.4854e-74	4.5644e-76	
7.66933e-45	4.99186e-46	3.12459e-47	1.88207e-48	1.09161e-49	6.1004e-51	3.28673e-52	1.70818e-53	8.56852e-55	4.15063e-56	1.9426e-57	8.78875e-59	3.84553e-60	1.62806e-61	6.6722e-63	2.64812e-64	1.01826e-65	3.795e-67	1.3714e-68	4.80713e-70	1.63506e-71	5.3984e-73	1.73073e-74	5.38981e-76	1.63458e-77	
3.74731e-46	2.40063e-47	1.47923e-48	8.77271e-50	5.01068e-51	2.75796e-52	1.46374e-53	7.49495e-55	3.70461e-56	1.76854e-57	8.1584e-59	3.63856e-60	1.56962e-61	6.55238e-63	2.64812e-64	1.03657e-65	3.93151e-67	1.44543e-68	5.15325e-70	1.78228e-71	5.9819e-73	1.94906e-74	6.16716e-76	1.89566e-77	5.67442e-79	
1.77021e-47	1.11638e-48	6.77301e-50	3.95561e-51	2.22525e-52	1.20654e-53	6.30894e-55	3.1832e-56	1.55061e-57	7.2962e-59	3.31794e-60	1.45891e-61	6.20559e-63	2.55464e-64	1.01826e-65	3.93151e-67	1.47098e-68	5.33549e-70	1.87686e-71	6.40535e-73	2.12159e-74	6.82249e-76	2.13076e-77	6.46514e-79	1.9103e-80	
8.08877e-49	5.02266e-50	3.00081e-51	1.72614e-52	9.56569e-54	5.10999e-55	2.63292e-56	1.30921e-57	6.28597e-59	2.91574e-60	1.30725e-61	5.66771e-63	2.37741e-64	9.65256e-66	3.795e-67	1.44543e-68	5.33549e-70	1.90949e-71	6.62812e-73	2.23232e-74	7.29742e-76	2.31623e-77	7.14068e-79	2.13888e-80	6.23893e-82	
3.57682e-50	2.1872e-51	1.28707e-52	7.29317e-54	3.98198e-55	2.09608e-56	1.06437e-57	5.21664e-59	2.46909e-60	1.12915e-61	4.99172e-63	2.13424e-64	8.82941e-66	3.53598e-67	1.3714e-68	5.15325e-70	1.87686e-71	6.62812e-73	2.27049e-74	7.54707e-76	2.43514e-77	7.62962e-79	2.322e-80	6.86664e-82	1.97743e-83	
1.53132e-51	9.22293e-53	5.34642e-54	2.98485e-55	1.60588e-56	8.3309e-58	4.16969e-59	2.01459e-60	9.40092e-62	4.23913e-63	1.84808e-64	7.79302e-66	3.18006e-67	1.25632e-68	4.80713e-70	1.78228e-71	6.40535e-73	2.23232e-74	7.54707e-76	2.47611e-77	7.88644e-79	2.43928e-80	7.32921e-82	2.13996e-83	6.08452e-85	
6.35006e-53	3.7676e-54	2.15182e-55	1.1838e-56	6.27682e-58	3.20957e-59	1.5836e-60	7.54342e-62	3.47093e-63	1.54346e-64	6.63641e-66	2.76033e-67	1.11116e-68	4.33085e-70	1.63506e-71	5.9819e-73	2.12159e-74	7.29742e-76	2.43514e-77	7.88644e-79	2.47967e-80	7.572e-82	2.24633e-83	6.47618e-85	1.81817e-86	
2.55163e-54	1.49161e-55	8.39484e-57	4.55152e-58	2.37876e-59	1.19908e-60	5.83293e-62	2.73971e-63	1.24316e-64	5.45223e-66	2.31235e-67	9.48786e-69	3.76805e-70	1.44906e-71	5.3984e-73	1.94906e-74	6.82249e-76	2.31623e-77	7.62962e-79	2.43928e-80	7.572e-82	2.28294e-83	6.68735e-85	1.90383e-86	5.27799e-88	
9.93949e-56	5.72558e-57	3.1758e-58	1.69719e-59	8.74412e-61	4.34567e-62	2.08446e-63	9.65515e-65	4.32094e-66	1.86925e-67	7.82051e-69	3.1658e-70	1.24053e-71	4.70755e-73	1.73073e-74	6.16716e-76	2.13076e-77	7.14068e-79	2.322e-80	7.32921e-82	2.24633e-83	6.68735e-85	1.93438e-86	5.4384e-88	1.4889e-89	
3.75489e-57	2.13173e-58	1.16547e-59	6.14003e-61	3.1189e-62	1.52841e-63	7.22978e-65	3.30285e-66	1.45798e-67	6.22202e-69	2.56822e-70	1.02579e-71	3.96642e-73	1.4854e-74	5.38981e-76	1.89566e-77	6.46514e-79	2.13888e-80	6.86664e-82	2.13996e-83	6.47618e-85	1.90383e-86	5.4384e-88	1.51003e-89	4.08281e-91	
1.40806e-58	7.7873e-60	4.17778e-61	2.16595e-62	1.08398e-63	5.23642e-65	2.44239e-66	1.1004e-67	4.79122e-69	2.017e-70	8.21365e-72	3.23692e-73	1.23506e-74	4.56441e-76	1.63458e-77	5.67442e-79	1.9103e-80	6.23893e-82	1.97743e-83	6.08452e-85	1.81817e-86	5.27799e-88	1.4889e-89	4.08281e-91	1.09022e-92	
