-0.0626553	-0.0630905	-0.0554793	-0.0614546	-0.0620322	-0.0634718	-0.0672069	-0.0706262	-0.0707074	-0.0696667	-0.0791891	-0.0834716	-0.0796737	-0.0829343	-0.0923424	-0.103847	-0.105539	-0.0976576	-0.105025	-0.129206	-0.15031	-0.159471	-0.152289	-0.139225	-0.152567	
-0.0630905	-0.052584	-0.0561497	-0.0661723	-0.0653468	-0.0650356	-0.0685979	-0.0736541	-0.0700743	-0.0712877	-0.0838684	-0.08464	-0.0806251	-0.0864644	-0.097884	-0.10743	-0.103702	-0.0986947	-0.114944	-0.14084	-0.156767	-0.158773	-0.147331	-0.141682	-0.172519	
-0.0554793	-0.0561497	-0.0683461	-0.0704107	-0.0624794	-0.0648623	-0.0728916	-0.0725661	-0.0692216	-0.0799476	-0.0883107	-0.0812625	-0.0814587	-0.0931464	-0.104881	-0.108293	-0.100698	-0.103809	-0.128199	-0.151353	-0.159896	-0.155377	-0.144007	-0.151572	-0.201724	
-0.0614546	-0.0661723	-0.0704107	-0.0609594	-0.0597883	-0.0728346	-0.0761476	-0.0719961	-0.0752241	-0.0849816	-0.084856	-0.0806271	-0.0887143	-0.101105	-0.108224	-0.105582	-0.100604	-0.114928	-0.142415	-0.158394	-0.159412	-0.15096	-0.145444	-0.171276	-0.240464	
-0.0620322	-0.0653468	-0.0624794	-0.0597883	-0.0734751	-0.0800513	-0.0731495	-0.0713589	-0.0789209	-0.0879509	-0.0856282	-0.084205	-0.095571	-0.106607	-0.108625	-0.103316	-0.106413	-0.129987	-0.154197	-0.16116	-0.156382	-0.148123	-0.155071	-0.202466	-0.288094	
-0.0634718	-0.0650356	-0.0648623	-0.0728346	-0.0800513	-0.0727412	-0.0685254	-0.0766949	-0.0891293	-0.0908545	-0.0820323	-0.0883845	-0.105219	-0.110494	-0.106285	-0.104196	-0.11844	-0.145752	-0.161581	-0.160054	-0.152553	-0.150423	-0.176308	-0.245609	-0.342884	
-0.0672069	-0.0685979	-0.0728916	-0.0761476	-0.0731495	-0.0685254	-0.0769447	-0.0894899	-0.0914964	-0.0828078	-0.0839281	-0.102443	-0.112097	-0.107692	-0.104859	-0.112026	-0.134835	-0.158703	-0.163573	-0.156205	-0.151051	-0.162443	-0.211577	-0.299408	-0.402066	
-0.0706262	-0.0736541	-0.0725661	-0.0719961	-0.0713589	-0.0766949	-0.0894899	-0.0905792	-0.084221	-0.0844066	-0.097935	-0.111365	-0.109757	-0.105843	-0.109909	-0.125676	-0.151705	-0.166009	-0.160324	-0.152489	-0.156821	-0.188493	-0.261071	-0.360832	-0.462074	
-0.0707074	-0.0700743	-0.0692216	-0.0752241	-0.0789209	-0.0891293	-0.0914964	-0.084221	-0.0856881	-0.0943475	-0.10796	-0.113462	-0.107907	-0.108182	-0.120063	-0.1436	-0.165274	-0.165316	-0.154427	-0.154317	-0.175258	-0.230806	-0.322413	-0.425615	-0.518606	
-0.0696667	-0.0712877	-0.0799476	-0.0849816	-0.0879509	-0.0908545	-0.0828078	-0.0844066	-0.0943475	-0.105889	-0.1166	-0.111164	-0.105094	-0.116388	-0.138419	-0.161676	-0.169038	-0.158023	-0.152691	-0.167763	-0.210018	-0.288777	-0.391057	-0.488616	-0.566547	
-0.0791891	-0.0838684	-0.0883107	-0.084856	-0.0856282	-0.0820323	-0.0839281	-0.097935	-0.10796	-0.1166	-0.112883	-0.102387	-0.113373	-0.137203	-0.157862	-0.169391	-0.162774	-0.152679	-0.162338	-0.196871	-0.262501	-0.358874	-0.460588	-0.544069	-0.600155	
-0.0834716	-0.08464	-0.0812625	-0.0806271	-0.084205	-0.0883845	-0.102443	-0.111365	-0.113462	-0.111164	-0.102387	-0.112038	-0.137791	-0.155758	-0.166963	-0.166766	-0.155132	-0.157863	-0.187851	-0.244326	-0.331237	-0.434033	-0.523487	-0.586153	-0.613463	
-0.0796737	-0.0806251	-0.0814587	-0.0887143	-0.095571	-0.105219	-0.112097	-0.109757	-0.107907	-0.105094	-0.113373	-0.137791	-0.155222	-0.164543	-0.16887	-0.158998	-0.154844	-0.180483	-0.232712	-0.3103	-0.409735	-0.504592	-0.572856	-0.609242	-0.6007	
-0.0829343	-0.0864644	-0.0931464	-0.101105	-0.106607	-0.110494	-0.107692	-0.105843	-0.108182	-0.116388	-0.137203	-0.155758	-0.164543	-0.169425	-0.161874	-0.153479	-0.174491	-0.225424	-0.296599	-0.389506	-0.487183	-0.561391	-0.603202	-0.607402	-0.557207	
-0.0923424	-0.097884	-0.104881	-0.108224	-0.108625	-0.106285	-0.104859	-0.109909	-0.120063	-0.138419	-0.157862	-0.166963	-0.16887	-0.161874	-0.153166	-0.170984	-0.221147	-0.288999	-0.374888	-0.472046	-0.551766	-0.597752	-0.609306	-0.574525	-0.481176	
-0.103847	-0.10743	-0.108293	-0.105582	-0.103316	-0.104196	-0.112026	-0.125676	-0.1436	-0.161676	-0.169391	-0.166766	-0.158998	-0.153479	-0.170984	-0.219686	-0.285776	-0.366347	-0.460701	-0.544065	-0.593783	-0.609129	-0.585015	-0.50632	-0.375021	
-0.105539	-0.103702	-0.100698	-0.100604	-0.106413	-0.11844	-0.134835	-0.151705	-0.165274	-0.169038	-0.162774	-0.155132	-0.154844	-0.174491	-0.221147	-0.285776	-0.363581	-0.454611	-0.538901	-0.591311	-0.608536	-0.590758	-0.524059	-0.40329	-0.244637	
-0.0976576	-0.0986947	-0.103809	-0.114928	-0.129987	-0.145752	-0.158703	-0.166009	-0.165316	-0.158023	-0.152679	-0.157863	-0.180483	-0.225424	-0.288999	-0.366347	-0.454611	-0.537061	-0.590136	-0.608156	-0.593591	-0.535426	-0.424181	-0.271866	-0.0961756	
-0.105025	-0.114944	-0.128199	-0.142415	-0.154197	-0.161581	-0.163573	-0.160324	-0.154427	-0.152691	-0.162338	-0.187851	-0.232712	-0.296599	-0.374888	-0.460701	-0.538901	-0.590136	-0.608045	-0.594726	-0.541619	-0.437854	-0.291427	-0.120794	0.0668801	
-0.129206	-0.14084	-0.151353	-0.158394	-0.16116	-0.160054	-0.156205	-0.152489	-0.154317	-0.167763	-0.196871	-0.244326	-0.3103	-0.389506	-0.472046	-0.544065	-0.591311	-0.608156	-0.594726	-0.543568	-0.444583	-0.303241	-0.13707	0.0447487	0.242024	
-0.15031	-0.156767	-0.159896	-0.159412	-0.156382	-0.152553	-0.151051	-0.156821	-0.175258	-0.210018	-0.262501	-0.331237	-0.409735	-0.487183	-0.551766	-0.593783	-0.608536	-0.593591	-0.541619	-0.444583	-0.307194	-0.145189	0.0316901	0.22305	0.421778	
-0.159471	-0.158773	-0.155377	-0.15096	-0.148123	-0.150423	-0.162443	-0.188493	-0.230806	-0.288777	-0.358874	-0.434033	-0.504592	-0.561391	-0.597752	-0.609129	-0.590758	-0.535426	-0.437854	-0.303241	-0.145189	0.027374	0.213621	0.407833	0.59108	
-0.152289	-0.147331	-0.144007	-0.145444	-0.155071	-0.176308	-0.211577	-0.261071	-0.322413	-0.391057	-0.460588	-0.523487	-0.572856	-0.603202	-0.609306	-0.585015	-0.524059	-0.424181	-0.291427	-0.13707	0.0316901	0.213621	0.403158	0.583194	0.733575	
-0.139225	-0.141682	-0.151572	-0.171276	-0.202466	-0.245609	-0.299408	-0.360832	-0.425615	-0.488616	-0.544069	-0.586153	-0.609242	-0.607402	-0.574525	-0.50632	-0.40329	-0.271866	-0.120794	0.0447487	0.22305	0.407833	0.583194	0.73067	0.840963	
-0.152567	-0.172519	-0.201724	-0.240464	-0.288094	-0.342884	-0.402066	-0.462074	-0.518606	-0.566547	-0.600155	-0.613463	-0.6007	-0.557207	-0.481176	-0.375021	-0.244637	-0.0961756	0.0668801	0.242024	0.421778	0.59108	0.733575	0.840963	0.914296	
-0.208409	-0.244139	-0.287114	-0.336397	-0.390319	-0.446384	-0.501232	-0.550593	-0.589295	-0.611618	-0.612045	-0.58613	-0.531386	-0.448091	-0.339315	-0.209566	-0.0627261	0.0986029	0.270674	0.444705	0.606499	0.742131	0.844874	0.915573	0.955633	
-0.296038	-0.341211	-0.390715	-0.442694	-0.494421	-0.542245	-0.581698	-0.607783	-0.615558	-0.600935	-0.561383	-0.496299	-0.406949	-0.29589	-0.165959	-0.0195864	0.140483	0.308944	0.476023	0.628753	0.755892	0.852519	0.919338	0.956807	0.960255	
-0.403967	-0.451708	-0.499138	-0.543161	-0.580019	-0.605586	-0.615802	-0.607212	-0.577474	-0.525611	-0.451896	-0.357448	-0.243768	-0.112484	0.0342979	0.192834	0.356335	0.514733	0.65684	0.774193	0.863568	0.925384	0.958949	0.959191	0.918748	
-0.514868	-0.55296	-0.5845	-0.606268	-0.615134	-0.608397	-0.58407	-0.541016	-0.478875	-0.397818	-0.298297	-0.181045	-0.0474511	0.0996868	0.255302	0.411696	0.559422	0.689558	0.796259	0.87757	0.933338	0.961608	0.956904	0.912705	0.826838	
-0.5933	-0.608975	-0.613911	-0.606067	-0.583805	-0.545934	-0.491671	-0.42053	-0.33226	-0.226942	-0.105365	0.0303875	0.176367	0.326524	0.473188	0.608392	0.725666	0.821295	0.893954	0.942589	0.96403	0.952596	0.902837	0.814009	0.693165	
-0.611019	-0.600243	-0.577693	-0.542147	-0.492553	-0.428026	-0.347898	-0.25189	-0.140444	-0.0151578	0.120814	0.26263	0.404097	0.538531	0.659941	0.764055	0.848523	0.911953	0.952187	0.965076	0.945117	0.888231	0.795286	0.674077	0.538263	
-0.565096	-0.5296	-0.481936	-0.421059	-0.346159	-0.256855	-0.153471	-0.0373393	0.0889478	0.221486	0.355317	0.485013	0.605477	0.712654	0.803803	0.877071	0.930448	0.9607	0.963154	0.932983	0.867767	0.770054	0.648352	0.515701	0.386355	
-0.457992	-0.398337	-0.326294	-0.241579	-0.144553	-0.0364177	0.0806484	0.203502	0.328235	0.450579	0.566427	0.672292	0.76551	0.844011	0.905704	0.947727	0.966094	0.956215	0.914457	0.840249	0.737737	0.615956	0.487172	0.363985	0.256427	
-0.285951	-0.204661	-0.113115	-0.0124267	0.0955814	0.20842	0.32309	0.436352	0.545041	0.646341	0.737886	0.817614	0.883375	0.932453	0.961286	0.965704	0.941858	0.887715	0.804583	0.697954	0.577071	0.453198	0.337184	0.237229	0.157651	
-0.0584414	0.0345063	0.1331	0.235438	0.339303	0.442325	0.542154	0.636598	0.723643	0.801336	0.867535	0.919609	0.954278	0.967761	0.956378	0.917575	0.851118	0.760012	0.650687	0.532193	0.414551	0.306783	0.215293	0.143094	0.0900082	
0.191972	0.283192	0.375668	0.467715	0.557615	0.643667	0.724158	0.797262	0.860882	0.912476	0.948995	0.967013	0.963163	0.934855	0.881148	0.80354	0.706346	0.596425	0.482212	0.37227	0.273786	0.191469	0.127153	0.0801102	0.0478576	
0.430537	0.511231	0.590595	0.667252	0.739693	0.806195	0.864723	0.91285	0.947761	0.966387	0.965745	0.94345	0.898351	0.831137	0.744712	0.644167	0.536255	0.428424	0.327644	0.239333	0.166679	0.110513	0.0696825	0.0417544	0.0237665	
0.639718	0.706249	0.769436	0.827632	0.878888	0.920934	0.951221	0.967065	0.965909	0.945707	0.905378	0.845244	0.767341	0.675472	0.574925	0.471864	0.372485	0.282141	0.204634	0.14186	0.0938547	0.0591901	0.035551	0.0203238	0.011055	
0.811206	0.85949	0.90148	0.935117	0.95817	0.968368	0.963616	0.94227	0.903465	0.84742	0.775664	0.691102	0.59786	0.500896	0.405433	0.316296	0.237309	0.170886	0.117895	0.0778058	0.0490563	0.0295191	0.0169397	0.00926581	0.00482958	
0.928429	0.951661	0.96535	0.967668	0.956984	0.932077	0.892356	0.83807	0.770458	0.691802	0.605331	0.514974	0.424977	0.339434	0.261823	0.194636	0.139174	0.0955546	0.0628955	0.0396349	0.0238856	0.0137535	0.00756163	0.00396783	0.00198664	
0.967372	0.960428	0.942428	0.912548	0.870467	0.816509	0.751737	0.677982	0.597778	0.514203	0.430619	0.350351	0.27635	0.210899	0.155417	0.110388	0.0754377	0.0495242	0.0311891	0.0188201	0.0108704	0.00600522	0.00317117	0.0016001	0.000771289	
0.915129	0.880063	0.835331	0.781325	0.718975	0.649762	0.575668	0.499074	0.422578	0.348789	0.280082	0.218389	0.165032	0.120638	0.0851535	0.0579406	0.0379442	0.0238821	0.0144284	0.00835831	0.00463856	0.00246438	0.00125276	0.000609135	0.000283245	
0.784381	0.731038	0.671617	0.607307	0.539645	0.470438	0.401652	0.335265	0.273113	0.216733	0.167241	0.12526	0.0908996	0.0638027	0.0432441	0.0282586	0.0177783	0.0107543	0.00624791	0.00348277	0.00186126	0.00095303	0.000467329	0.000219394	9.85923e-05	
0.609771	0.551343	0.490861	0.429673	0.369229	0.310991	0.256322	0.20639	0.162075	0.123917	0.0920845	0.066397	0.0463763	0.031328	0.0204359	0.0128547	0.00778691	0.00453725	0.00254036	0.0013655	0.000704159	0.000348166	0.000164991	7.49166e-05	3.25898e-05	
0.431375	0.378918	0.327394	0.277856	0.23129	0.188549	0.150296	0.11696	0.0887145	0.0654815	0.0469577	0.0326641	0.0220056	0.0143367	0.00901996	0.005473	0.00319881	0.00179899	0.0009726	0.000505084	0.000251787	0.000120427	5.52436e-05	2.42998e-05	1.02481e-05	
0.279015	0.238437	0.200234	0.16502	0.133279	0.105337	0.081349	0.0612933	0.0449885	0.0321181	0.0222689	0.0149726	0.00974799	0.00613689	0.00373102	0.00218788	0.00123611	0.000672201	0.000351544	0.000176679	8.52835e-05	3.95204e-05	1.75759e-05	7.50014e-06	3.07071e-06	
0.16598	0.138168	0.112919	0.0904913	0.0710142	0.0544972	0.0408385	0.0298403	0.0212294	0.0146839	0.00986026	0.00641901	0.00404566	0.0024654	0.0014509	0.000823655	0.000450582	0.000237318	0.000120248	5.85778e-05	2.74202e-05	1.23286e-05	5.32289e-06	2.20646e-06	8.78083e-07	
0.0917547	0.0744399	0.0592314	0.0461868	0.0352491	0.0262924	0.01914	0.013579	0.00937548	0.00629097	0.00409682	0.00258586	0.00157992	0.000933287	0.000532415	0.000293014	0.000155427	7.93966e-05	3.9031e-05	1.84542e-05	8.38786e-06	3.66377e-06	1.53752e-06	6.19828e-07	2.4003e-07	
0.0487671	0.0384065	0.0296646	0.0224739	0.0166695	0.0120827	0.00854456	0.00588647	0.00394509	0.00256871	0.0016228	0.000993494	0.000588703	0.000337262	0.000186604	9.96187e-05	5.12687e-05	2.54171e-05	1.21306e-05	5.57045e-06	2.46017e-06	1.04466e-06	4.26405e-07	1.67291e-07	6.30956e-08	
0.028868	0.0212644	0.0157664	0.011566	0.00832915	0.00586476	0.004028	0.00269382	0.00175172	0.00110614	0.000677448	0.000401935	0.000230766	0.000128078	6.86508e-05	3.55069e-05	1.77066e-05	8.50793e-06	3.93665e-06	1.75325e-06	7.51302e-07	3.09689e-07	1.22774e-07	4.68156e-08	1.72231e-08	
