1.67572e-56	1.38166e-58	1.07153e-60	7.81977e-63	5.3718e-65	3.47459e-67	2.11658e-69	1.21445e-71	6.56393e-74	3.34191e-76	1.60265e-78	7.23837e-81	3.07825e-83	1.23226e-85	4.64163e-88	1.64442e-90	5.47628e-93	1.7132e-95	5.03097e-98	1.3856e-100	3.57549e-103	8.63478e-106	1.94907e-108	4.10615e-111	8.0724e-114	
3.55898e-58	2.8296e-60	2.11574e-62	1.48834e-64	9.85306e-67	6.14009e-69	3.60232e-71	1.98992e-73	1.03501e-75	5.06856e-78	2.33672e-80	1.01397e-82	4.14014e-85	1.59009e-87	5.74188e-90	1.94838e-92	6.20875e-95	1.85662e-97	5.20543e-100	1.36702e-102	3.35888e-105	7.71186e-108	1.65212e-110	3.2971e-113	6.11989e-116	
6.86984e-60	5.26572e-62	3.79509e-64	2.57266e-66	1.64078e-68	9.84701e-71	5.56158e-73	2.95631e-75	1.47892e-77	6.96208e-80	3.08356e-82	1.28461e-84	5.03209e-87	1.85264e-89	6.40729e-92	2.08029e-94	6.33613e-97	1.80886e-99	4.83552e-102	1.20908e-104	2.82419e-107	6.15367e-110	1.24873e-112	2.3556e-115	4.12233e-118	
1.20857e-61	8.92873e-64	6.20092e-66	4.04943e-68	2.4871e-70	1.43686e-72	7.80885e-75	3.99214e-77	1.9197e-79	8.68154e-82	3.69141e-84	1.47529e-86	5.53944e-89	1.95317e-91	6.46295e-94	2.00552e-96	5.8313e-99	1.58718e-101	4.03957e-104	9.60158e-107	2.1283e-109	4.39239e-112	8.42465e-115	1.49859e-117	2.46643e-120	
1.94256e-63	1.38287e-65	9.25141e-68	5.81783e-70	3.43962e-72	1.91203e-74	9.99349e-77	4.91077e-79	2.26846e-81	9.84825e-84	4.01699e-86	1.53879e-88	5.53326e-91	1.86657e-93	5.90287e-96	1.74855e-98	4.84707e-101	1.256e-103	3.0386e-106	6.85348e-109	1.43883e-111	2.80654e-114	5.07574e-117	8.49125e-120	1.31045e-122	
2.85904e-65	1.96053e-67	1.263e-69	7.64527e-72	4.34901e-74	2.32493e-76	1.16797e-78	5.51321e-81	2.44475e-83	1.01811e-85	3.9803e-88	1.46013e-90	5.02305e-93	1.61935e-95	4.88836e-98	1.38046e-100	3.64299e-103	8.97279e-106	2.05979e-108	4.39999e-111	8.73021e-114	1.60564e-116	2.73086e-119	4.28368e-122	6.17832e-125	
3.86065e-67	2.54921e-69	1.58074e-71	9.20632e-74	5.03625e-76	2.58771e-78	1.24872e-80	5.65814e-83	2.4067e-85	9.60615e-88	3.59629e-90	1.26209e-92	4.1492e-95	1.27682e-97	3.67437e-100	9.87786e-103	2.47765e-105	5.79039e-108	1.25886e-110	2.54137e-113	4.75429e-116	8.22273e-119	1.31129e-121	1.92223e-124	2.58114e-127	
4.79134e-69	3.0452e-71	1.81676e-73	1.01751e-75	5.34979e-78	2.64035e-80	1.22303e-82	5.31562e-85	2.167e-87	8.28245e-90	2.96629e-92	9.94803e-95	3.12168e-97	9.15742e-100	2.50861e-102	6.40982e-105	1.52549e-107	3.37629e-110	6.93681e-113	1.32033e-115	2.3227e-118	3.76652e-121	5.61305e-124	7.66028e-127	9.53482e-130	
5.47364e-71	3.34698e-73	1.92017e-75	1.03359e-77	5.21984e-80	2.47286e-82	1.09869e-84	4.57655e-87	1.78651e-89	6.53201e-92	2.23552e-94	7.15601e-97	2.14059e-99	5.97742e-102	1.55631e-104	3.77298e-107	8.50354e-110	1.77856e-112	3.44516e-115	6.16615e-118	1.01703e-120	1.54115e-123	2.1381e-126	2.70474e-129	3.10515e-132	
5.76372e-73	3.38906e-75	1.86865e-77	9.66136e-80	4.68334e-82	2.12808e-84	9.06158e-87	3.6143e-89	1.34966e-91	4.71556e-94	1.54037e-96	4.70024e-99	1.33835e-101	3.55193e-104	8.77432e-107	2.0144e-109	4.29032e-112	8.46e-115	1.54094e-117	2.58575e-120	3.98528e-123	5.62195e-126	7.22958e-129	8.43506e-132	8.87976e-135	
5.60071e-75	3.16501e-77	1.67617e-79	8.31826e-82	3.86754e-84	1.68423e-86	6.86698e-89	2.62006e-91	9.34918e-94	3.11771e-96	9.70786e-99	2.81967e-101	7.63052e-104	1.92136e-106	4.49462e-109	9.75093e-112	1.95792e-114	3.63028e-117	6.19931e-120	9.72056e-123	1.39467e-125	1.82361e-128	2.16286e-131	2.31394e-134	2.2184e-137	
5.02721e-77	2.72865e-79	1.38705e-81	6.60213e-84	2.94181e-86	1.22666e-88	4.78418e-91	1.74425e-93	5.94045e-96	1.8883e-98	5.59671e-101	1.54492e-103	3.96658e-106	9.458e-109	2.09073e-111	4.2761e-114	8.07338e-117	1.40341e-119	2.23937e-122	3.26869e-125	4.34691e-128	5.24207e-131	5.70084e-134	5.55431e-137	4.8099e-140	
4.17171e-79	2.17335e-81	1.05961e-83	4.83353e-86	2.06221e-88	8.22542e-91	3.06544e-93	1.06669e-95	3.46282e-98	1.04773e-100	2.95126e-103	7.7291e-106	1.87915e-108	4.23403e-111	8.82357e-114	1.69686e-116	3.00351e-119	4.87855e-122	7.24649e-125	9.80382e-128	1.20242e-130	1.32958e-133	1.31677e-136	1.15881e-139	8.9746e-143	
3.20255e-81	1.60023e-83	7.47687e-86	3.26566e-88	1.33276e-90	5.07952e-93	1.80674e-95	5.99264e-98	1.85173e-100	5.3246e-103	1.42294e-105	3.5288e-108	8.10706e-111	1.72203e-113	3.37427e-116	6.0835e-119	1.00615e-121	1.5213e-124	2.09442e-127	2.61326e-130	2.93881e-133	2.95927e-136	2.6472e-139	2.08343e-142	1.42537e-145	
2.27559e-83	1.08968e-85	4.87491e-88	2.03669e-90	7.94233e-93	2.88904e-95	9.79495e-98	3.09234e-100	9.08093e-103	2.47731e-105	6.26894e-108	1.46904e-110	3.18165e-113	6.3544e-116	1.16729e-118	1.96642e-121	3.02741e-124	4.24258e-127	5.38673e-130	6.16263e-133	6.31113e-136	5.74009e-139	4.59205e-142	3.19256e-145	1.8995e-148	
1.49716e-85	6.86437e-88	2.93747e-90	1.17266e-92	4.36442e-95	1.51323e-97	4.88328e-100	1.46514e-102	4.08185e-105	1.05443e-107	2.52132e-110	5.56989e-113	1.13424e-115	2.12368e-118	3.64513e-121	5.71597e-124	8.15625e-127	1.05412e-129	1.22717e-132	1.27848e-135	1.18257e-138	9.61882e-142	6.79744e-145	4.10983e-148	2.08334e-151	
9.12242e-88	4.00078e-90	1.63589e-92	6.2328e-95	2.21109e-97	7.29695e-100	2.23783e-102	6.3698e-105	1.6804e-107	4.10173e-110	9.24597e-113	1.92047e-115	3.66628e-118	6.41395e-121	1.02477e-123	1.48938e-126	1.95994e-129	2.32251e-132	2.46216e-135	2.31683e-138	1.9165e-141	1.377e-144	8.46249e-148	4.35923e-151	1.83058e-154	
5.14807e-90	2.15732e-92	8.41885e-95	3.05737e-97	1.03235e-99	3.2377e-102	9.42003e-105	2.53897e-107	6.32901e-110	1.45634e-112	3.0866e-115	6.01024e-118	1.07207e-120	1.74581e-123	2.58521e-126	3.46505e-129	4.1808e-132	4.51143e-135	4.31976e-138	3.63507e-141	2.65617e-144	1.65966e-147	8.68986e-151	3.70822e-154	1.23852e-157	
2.69049e-92	1.07604e-94	4.00249e-97	1.38349e-99	4.43945e-102	1.3209e-104	3.63905e-107	9.2679e-110	2.17786e-112	4.71181e-115	9.36183e-118	1.70327e-120	2.82803e-123	4.2683e-126	5.8289e-129	7.16322e-132	7.87037e-135	7.67072e-138	6.5683e-141	4.88238e-144	3.10248e-147	1.65157e-150	7.16358e-154	2.43129e-157	6.05537e-161	
1.30185e-94	4.96273e-97	1.75701e-99	5.77157e-102	1.757e-104	4.9501e-107	1.28861e-109	3.09372e-112	6.83533e-115	1.38634e-117	2.57366e-120	4.35855e-123	6.70715e-126	9.33549e-129	1.1689e-131	1.30807e-134	1.29808e-137	1.13139e-140	8.5576e-144	5.53175e-147	2.99477e-150	1.32065e-153	4.55586e-157	1.15303e-160	1.90371e-164	
5.82974e-97	2.11523e-99	7.11678e-102	2.21783e-104	6.39306e-107	1.7019e-109	4.17645e-112	9.4275e-115	1.95265e-117	3.70034e-120	6.39426e-123	1.00363e-125	1.42428e-128	1.81761e-131	2.07239e-134	2.09464e-137	1.85886e-140	1.43112e-143	9.41339e-147	5.18416e-150	2.32494e-153	8.15426e-157	2.09764e-160	3.51927e-164	2.88913e-168	
2.41457e-99	8.32568e-102	2.65748e-104	7.84179e-107	2.13589e-109	5.36006e-112	1.23671e-114	2.61702e-117	5.06455e-120	8.93353e-123	1.43074e-125	2.07096e-128	2.69462e-131	3.13136e-134	3.22465e-137	2.91464e-140	2.28476e-143	1.52967e-146	8.57211e-150	3.91067e-153	1.39486e-156	3.64807e-160	6.22098e-164	5.1896e-168	0	
9.2426e-102	3.02342e-104	9.13791e-107	2.54786e-109	6.54188e-112	1.54355e-114	3.33861e-117	6.60098e-120	1.18907e-122	1.94392e-125	2.87105e-128	3.81024e-131	4.51448e-134	4.73828e-137	4.36349e-140	3.4838e-143	2.37484e-146	1.3546e-149	6.28823e-153	2.28158e-156	6.06839e-160	1.05209e-163	8.92072e-168	0	0	
3.26653e-104	1.01178e-106	2.88948e-109	7.5947e-112	1.83343e-114	4.05534e-117	8.19552e-120	1.50828e-122	2.51807e-125	3.79632e-128	5.14075e-131	6.21249e-134	6.6481e-137	6.23981e-140	5.07576e-143	3.52407e-146	2.04664e-149	9.67042e-153	3.57031e-156	9.65984e-160	1.70316e-163	1.4682e-167	0	0	0	
1.06462e-106	3.11587e-109	8.38828e-112	2.07295e-114	4.69123e-117	9.69512e-120	1.82375e-122	3.1107e-125	4.78924e-128	6.62004e-131	8.16303e-134	8.90974e-137	8.52624e-140	7.06881e-143	5.00033e-146	2.95772e-149	1.42292e-152	5.34719e-156	1.47211e-159	2.64028e-163	2.31463e-167	0	0	0	0	
3.19517e-109	8.81537e-112	2.2313e-114	5.16916e-117	1.093e-119	2.10256e-122	3.66562e-125	5.76583e-128	8.13896e-131	1.02445e-133	1.14092e-136	1.11359e-139	9.4131e-143	6.78647e-146	4.08987e-149	2.00398e-152	7.66756e-156	2.1486e-159	3.92116e-163	3.49679e-167	0	0	0	0	0	
8.81537e-112	2.28671e-114	5.42593e-117	1.17446e-119	2.31153e-122	4.12111e-125	6.62573e-128	9.55533e-131	1.22823e-133	1.39628e-136	1.39058e-139	1.1989e-142	8.81269e-146	5.41293e-149	2.70223e-152	1.05304e-155	3.00442e-159	5.58087e-163	5.06415e-167	0	0	0	0	0	0	
2.2313e-114	5.42593e-117	1.20293e-119	2.42362e-122	4.42091e-125	7.26852e-128	1.07143e-130	1.40702e-133	1.63345e-136	1.66057e-139	1.46081e-142	1.09522e-145	6.85866e-149	3.48968e-152	1.38552e-155	4.02614e-159	7.61459e-163	7.03285e-167	0	0	0	0	0	0	0	
5.16916e-117	1.17446e-119	2.42362e-122	4.52557e-125	7.61275e-128	1.14756e-130	1.54034e-133	1.82694e-136	1.89665e-139	1.70314e-142	1.30289e-145	8.32195e-149	4.31705e-152	1.74691e-155	5.1719e-159	9.96245e-163	9.36843e-167	0	0	0	0	0	0	0	0	
1.093e-119	2.31153e-122	4.42091e-125	7.61275e-128	1.17411e-130	1.61162e-133	1.95379e-136	2.07226e-139	1.90029e-142	1.48389e-145	9.67093e-149	5.11691e-152	2.11109e-155	6.37003e-159	1.25015e-162	1.19734e-166	0	0	0	0	0	0	0	0	0	
2.10256e-122	4.12111e-125	7.26852e-128	1.14756e-130	1.61162e-133	1.99799e-136	2.16603e-139	2.02928e-142	1.61821e-145	1.07653e-148	5.81188e-152	2.44564e-155	7.52387e-159	1.50493e-162	1.46851e-166	0	0	0	0	0	0	0	0	0	0	
3.66562e-125	6.62573e-128	1.07143e-130	1.54034e-133	1.95379e-136	2.16603e-139	2.07418e-142	1.68983e-145	1.14801e-148	6.32647e-152	2.71635e-155	8.52338e-159	1.7382e-162	1.72868e-166	0	0	0	0	0	0	0	0	0	0	0	
5.76583e-128	9.55533e-131	1.40702e-133	1.82694e-136	2.07226e-139	2.02928e-142	1.68983e-145	1.17287e-148	6.60048e-152	2.89285e-155	9.26189e-159	1.92648e-162	1.95341e-166	0	0	0	0	0	0	0	0	0	0	0	0	
8.13896e-131	1.22823e-133	1.63345e-136	1.89665e-139	1.90029e-142	1.61821e-145	1.14801e-148	6.60048e-152	2.95418e-155	9.65464e-159	2.04903e-162	2.11912e-166	0	0	0	0	0	0	0	0	0	0	0	0	0	
1.02445e-133	1.39628e-136	1.66057e-139	1.70314e-142	1.48389e-145	1.07653e-148	6.32647e-152	2.89285e-155	9.65464e-159	2.09158e-162	2.20713e-166	0	0	0	0	0	0	0	0	0	0	0	0	0	0	
1.14092e-136	1.39058e-139	1.46081e-142	1.30289e-145	9.67093e-149	5.81188e-152	2.71635e-155	9.26189e-159	2.04903e-162	2.20713e-166	0	0	0	0	0	0	0	0	0	0	0	0	0	0	0	
1.11359e-139	1.1989e-142	1.09522e-145	8.32195e-149	5.11691e-152	2.44564e-155	8.52338e-159	1.92648e-162	2.11912e-166	0	0	0	0	0	0	0	0	0	0	0	0	0	0	0	0	
9.4131e-143	8.81269e-146	6.85866e-149	4.31705e-152	2.11109e-155	7.52387e-159	1.7382e-162	1.95341e-166	0	0	0	0	0	0	0	0	0	0	0	0	0	0	0	0	0	
6.78647e-146	5.41293e-149	3.48968e-152	1.74691e-155	6.37003e-159	1.50493e-162	1.72868e-166	0	0	0	0	0	0	0	0	0	0	0	0	0	0	0	0	0	0	
4.08987e-149	2.70223e-152	1.38552e-155	5.1719e-159	1.25015e-162	1.46851e-166	0	0	0	0	0	0	0	0	0	0	0	0	0	0	0	0	0	0	0	
2.00398e-152	1.05304e-155	4.02614e-159	9.96245e-163	1.19734e-166	0	0	0	0	0	0	0	0	0	0	0	0	0	0	0	0	0	0	0	0	
7.66756e-156	3.00442e-159	7.61459e-163	9.36843e-167	0	0	0	0	0	0	0	0	0	0	0	0	0	0	0	0	0	0	0	0	0	
2.1486e-159	5.58087e-163	7.03285e-167	0	0	0	0	0	0	0	0	0	0	0	0	0	0	0	0	0	0	0	0	0	0	
3.92116e-163	5.06415e-167	0	0	0	0	0	0	0	0	0	0	0	0	0	0	0	0	0	0	0	0	0	0	0	
3.49679e-167	0	0	0	0	0	0	0	0	0	0	0	0	0	0	0	0	0	0	0	0	0	0	0	0	
0	0	0	0	0	0	0	0	0	0	0	0	0	0	0	0	0	0	0	0	0	0	0	0	0	
0	0	0	0	0	0	0	0	0	0	0	0	0	0	0	0	0	0	0	0	0	0	0	0	0	
0	0	0	0	0	0	0	0	0	0	0	0	0	0	0	0	0	0	0	0	0	0	0	0	0	
0	0	0	0	0	0	0	0	0	0	0	0	0	0	0	0	0	0	0	0	0	0	0	0	0	
0	0	0	0	0	0	0	0	0	0	0	0	0	0	0	0	0	0	0	0	0	0	0	0	0	
