-0.225174	-0.242886	-0.239541	-0.2349	-0.231164	-0.230716	-0.233367	-0.23858	-0.244122	-0.250636	-0.256521	-0.263282	-0.270837	-0.278418	-0.285551	-0.292834	-0.298988	-0.303954	-0.304625	-0.30229	-0.299097	-0.296171	-0.300424	-0.31689	-0.349251	
-0.227257	-0.227728	-0.225454	-0.221364	-0.21764	-0.216066	-0.217738	-0.221835	-0.227077	-0.23361	-0.240923	-0.24913	-0.258723	-0.268508	-0.278179	-0.288497	-0.297518	-0.304684	-0.307943	-0.305881	-0.300475	-0.292726	-0.288361	-0.29335	-0.314428	
-0.221723	-0.222488	-0.221565	-0.21944	-0.216732	-0.214754	-0.215811	-0.217123	-0.220264	-0.222519	-0.226561	-0.229894	-0.234563	-0.239475	-0.244836	-0.251872	-0.262026	-0.271744	-0.284287	-0.29687	-0.307622	-0.317322	-0.326678	-0.335131	-0.350576	
-0.221781	-0.223578	-0.223157	-0.222318	-0.219864	-0.219007	-0.219632	-0.220542	-0.221884	-0.222629	-0.223529	-0.224252	-0.224628	-0.225026	-0.22613	-0.228102	-0.235638	-0.245878	-0.26092	-0.283365	-0.309911	-0.33996	-0.37188	-0.402865	-0.428921	
-0.213722	-0.2133	-0.212719	-0.210916	-0.209395	-0.209889	-0.21086	-0.2136	-0.214332	-0.217531	-0.218102	-0.221278	-0.223209	-0.225786	-0.228629	-0.233719	-0.241376	-0.255951	-0.273107	-0.299012	-0.332047	-0.373257	-0.416332	-0.46082	-0.496841	
-0.203303	-0.199742	-0.197859	-0.194375	-0.194854	-0.195422	-0.198458	-0.202147	-0.205211	-0.210629	-0.215069	-0.222399	-0.231367	-0.242314	-0.252976	-0.268898	-0.284864	-0.305876	-0.327853	-0.353425	-0.381532	-0.415271	-0.453934	-0.490471	-0.526155	
-0.219005	-0.214657	-0.210062	-0.20837	-0.208198	-0.210258	-0.214238	-0.218167	-0.224475	-0.229115	-0.237768	-0.245983	-0.260406	-0.276332	-0.294411	-0.316005	-0.342844	-0.368823	-0.39623	-0.419746	-0.443535	-0.459048	-0.478759	-0.493167	-0.511183	
-0.277703	-0.274478	-0.269065	-0.269969	-0.26783	-0.272359	-0.275337	-0.280247	-0.286845	-0.290213	-0.297847	-0.304272	-0.316591	-0.329114	-0.345764	-0.361533	-0.386542	-0.410179	-0.437706	-0.459257	-0.481408	-0.494212	-0.496279	-0.489376	-0.468757	
-0.354644	-0.351064	-0.347941	-0.345761	-0.346357	-0.348822	-0.353341	-0.35861	-0.363816	-0.369017	-0.372594	-0.380193	-0.387351	-0.397193	-0.407079	-0.416667	-0.428026	-0.440941	-0.45228	-0.465199	-0.470539	-0.476934	-0.469374	-0.452375	-0.41021	
-0.417134	-0.414836	-0.414819	-0.4109	-0.414425	-0.414477	-0.41966	-0.423815	-0.426492	-0.431491	-0.431609	-0.437056	-0.439296	-0.44526	-0.448517	-0.453302	-0.452416	-0.453158	-0.444121	-0.437271	-0.423655	-0.405476	-0.383245	-0.356152	-0.315723	
-0.454607	-0.459834	-0.462583	-0.463655	-0.465424	-0.466933	-0.468769	-0.469905	-0.469444	-0.467555	-0.463912	-0.458555	-0.453126	-0.446774	-0.441567	-0.434832	-0.424487	-0.412198	-0.393694	-0.367831	-0.341334	-0.305956	-0.263885	-0.224122	-0.185252	
-0.451881	-0.46533	-0.473247	-0.477276	-0.479621	-0.480891	-0.480471	-0.478699	-0.474038	-0.466806	-0.455956	-0.44075	-0.424788	-0.404776	-0.386921	-0.36775	-0.344019	-0.320391	-0.294652	-0.262696	-0.228677	-0.190627	-0.136098	-0.0734706	-0.0252182	
-0.397217	-0.416517	-0.429324	-0.435203	-0.437928	-0.439783	-0.436324	-0.434264	-0.425351	-0.41513	-0.4005	-0.378951	-0.357112	-0.330616	-0.300126	-0.272962	-0.237345	-0.199124	-0.164763	-0.12253	-0.0794896	-0.0416689	0.000873496	0.0692219	0.135767	
-0.288012	-0.318871	-0.332881	-0.343819	-0.345776	-0.347495	-0.343546	-0.33609	-0.327917	-0.3096	-0.294389	-0.268616	-0.24117	-0.213663	-0.177006	-0.141364	-0.1067	-0.0586252	-0.0180071	0.0245176	0.079927	0.131513	0.166048	0.208677	0.266885	
-0.142582	-0.184188	-0.201498	-0.215162	-0.220422	-0.218106	-0.217416	-0.203555	-0.194891	-0.173405	-0.151618	-0.126395	-0.0911053	-0.0587614	-0.0208977	0.0243104	0.059045	0.101569	0.147025	0.179977	0.218063	0.27248	0.31056	0.337014	0.370001	
0.0280108	-0.01558	-0.0367086	-0.0521404	-0.0568291	-0.0551834	-0.0528492	-0.040184	-0.0288594	-0.0103875	0.0127553	0.0371661	0.0678008	0.105721	0.136117	0.183328	0.218883	0.253094	0.292099	0.327163	0.34524	0.377665	0.41252	0.428373	0.444557	
0.209604	0.170585	0.141641	0.128602	0.123829	0.122052	0.129557	0.134518	0.151706	0.16231	0.185477	0.206319	0.227868	0.261396	0.283678	0.314251	0.348396	0.370404	0.39765	0.428225	0.446491	0.455665	0.477148	0.484112	0.485133	
0.370974	0.331016	0.296478	0.28608	0.279362	0.27591	0.285955	0.285379	0.304106	0.31118	0.330238	0.348666	0.366428	0.387008	0.411245	0.422372	0.446479	0.460239	0.471284	0.485882	0.501564	0.504327	0.508796	0.499605	0.480256	
0.504307	0.455035	0.42587	0.412761	0.405861	0.405276	0.408559	0.413517	0.421219	0.431264	0.441277	0.453283	0.467172	0.476382	0.492188	0.500293	0.510688	0.516816	0.520348	0.517313	0.511689	0.49648	0.4887	0.469385	0.430505	
0.605111	0.555918	0.525636	0.512442	0.50499	0.504116	0.505954	0.508186	0.514137	0.517637	0.523799	0.527885	0.531374	0.532497	0.534636	0.528067	0.528379	0.520436	0.509264	0.499237	0.484988	0.449612	0.415453	0.383799	0.336908	
0.655273	0.60337	0.574238	0.5598	0.553399	0.550852	0.551421	0.55159	0.551777	0.553177	0.550145	0.54894	0.545234	0.534365	0.530582	0.512441	0.496572	0.478743	0.45168	0.418751	0.395173	0.357238	0.313341	0.273885	0.223886	
0.642925	0.589976	0.562263	0.548962	0.540377	0.540087	0.534785	0.535135	0.527939	0.524376	0.515272	0.503521	0.494126	0.473295	0.459272	0.43656	0.411004	0.385807	0.355423	0.317642	0.281262	0.242106	0.195092	0.1596	0.117515	
0.575598	0.520241	0.494393	0.478253	0.470589	0.469283	0.461242	0.461095	0.448808	0.443143	0.428262	0.413457	0.396049	0.374241	0.349711	0.326093	0.294079	0.266804	0.234649	0.200534	0.168928	0.133124	0.0929126	0.0636505	0.0345544	
0.465304	0.410317	0.379472	0.363274	0.354875	0.350838	0.345047	0.339878	0.330562	0.320449	0.307001	0.29106	0.274461	0.252641	0.232529	0.207877	0.180355	0.155111	0.126576	0.0941081	0.0713734	0.0502386	0.0162865	-0.00452371	-0.0239694	
0.355797	0.292403	0.262626	0.242419	0.233102	0.230436	0.220878	0.220492	0.206488	0.20096	0.186119	0.17137	0.157381	0.138428	0.118284	0.105138	0.0799271	0.0637779	0.0472154	0.0245083	0.00099006	-0.0126219	-0.03361	-0.0462812	-0.0559451	
0.26018	0.196463	0.158918	0.137134	0.126621	0.121459	0.115708	0.111924	0.105369	0.0976582	0.0895588	0.0792439	0.0669426	0.0570965	0.0404862	0.0287791	0.0123087	-0.00177273	-0.0157722	-0.0281259	-0.0368243	-0.0432527	-0.0613463	-0.0709788	-0.074956	
0.192935	0.121451	0.0832911	0.0577005	0.0472414	0.0415818	0.0356932	0.0348506	0.0268838	0.0246436	0.016475	0.00957819	0.00314053	-0.00545679	-0.0148322	-0.0177569	-0.030368	-0.0360518	-0.0409717	-0.0540331	-0.0657556	-0.0655349	-0.0756484	-0.0809699	-0.0829977	
0.153081	0.0809424	0.0373223	0.0113891	-0.00158821	-0.00681071	-0.0121775	-0.0132688	-0.0170365	-0.0203566	-0.023247	-0.0280246	-0.0335434	-0.0357035	-0.0456995	-0.0472514	-0.0554513	-0.0605012	-0.0642316	-0.0669045	-0.0729938	-0.07158	-0.0813316	-0.087408	-0.0863477	
0.130136	0.0541033	0.0100829	-0.0189586	-0.0305676	-0.0375394	-0.0414107	-0.0418427	-0.0454777	-0.0456933	-0.0488275	-0.0507213	-0.0537447	-0.0547717	-0.0607014	-0.0588892	-0.065137	-0.0680364	-0.0690422	-0.0748402	-0.080155	-0.0776142	-0.0844911	-0.0886638	-0.0882809	
0.119326	0.0432065	-0.0034494	-0.0311816	-0.0450943	-0.050853	-0.0553666	-0.0556765	-0.0581626	-0.0589719	-0.0603402	-0.0621597	-0.0641291	-0.0643682	-0.0691901	-0.0671542	-0.0721266	-0.0726051	-0.0729811	-0.0760978	-0.0831085	-0.0776979	-0.0841348	-0.0895232	-0.0881683	
0.114433	0.0376209	-0.00876719	-0.0383546	-0.0510984	-0.0575889	-0.0615382	-0.0612565	-0.0632998	-0.0633351	-0.0638797	-0.0648015	-0.0670428	-0.065004	-0.0717706	-0.068738	-0.0732372	-0.076639	-0.0768559	-0.0773756	-0.0805112	-0.0789202	-0.0858475	-0.0904807	-0.0887696	
0.109289	0.0320915	-0.0139843	-0.0422132	-0.0556702	-0.0616218	-0.065912	-0.0654999	-0.0685726	-0.0675239	-0.0696186	-0.0700819	-0.0707199	-0.0712751	-0.0735039	-0.0701796	-0.074819	-0.0732237	-0.0726527	-0.0785314	-0.0862148	-0.0797095	-0.08497	-0.0893982	-0.0885603	
0.106296	0.0317464	-0.014815	-0.0425381	-0.0559559	-0.0613529	-0.0655243	-0.0651116	-0.0663196	-0.0669275	-0.0663135	-0.0672935	-0.0693763	-0.0667289	-0.0735272	-0.0710972	-0.0752627	-0.0785186	-0.079673	-0.0784589	-0.0802262	-0.078052	-0.0861216	-0.0912775	-0.0888356	
0.100617	0.0243251	-0.0182881	-0.0460357	-0.0583891	-0.0633825	-0.0685987	-0.0663257	-0.0711132	-0.0684539	-0.0711483	-0.0718679	-0.0714782	-0.0728658	-0.0751062	-0.0707506	-0.0759769	-0.0743253	-0.0725373	-0.0787225	-0.0861145	-0.0813294	-0.0875347	-0.0898085	-0.0888758	
0.0937958	0.022622	-0.0213218	-0.0461157	-0.0591417	-0.0633976	-0.0675447	-0.0669336	-0.0684552	-0.0683882	-0.0687476	-0.0689281	-0.0705637	-0.0693181	-0.0732579	-0.0718698	-0.0765891	-0.0773148	-0.0797174	-0.0814636	-0.0824681	-0.0782857	-0.0866937	-0.0911344	-0.0892949	
0.086544	0.0149455	-0.0239574	-0.049131	-0.0604598	-0.0639233	-0.0696333	-0.066318	-0.0711495	-0.0687479	-0.0701659	-0.0720432	-0.0709432	-0.0725122	-0.0756577	-0.0723941	-0.0770524	-0.0770787	-0.0760808	-0.0798681	-0.0834118	-0.0816423	-0.0911008	-0.0912241	-0.0898068	
0.0769921	0.00847298	-0.0285228	-0.0509285	-0.0622395	-0.06483	-0.0700914	-0.0672964	-0.0718687	-0.0689283	-0.0720432	-0.0719938	-0.0717972	-0.0743865	-0.0746075	-0.0730006	-0.0789714	-0.0765563	-0.077149	-0.0827754	-0.0853753	-0.0820806	-0.0895981	-0.0901322	-0.0902354	
0.0653394	0.00238016	-0.0338756	-0.0538789	-0.0641795	-0.0670604	-0.0707256	-0.069378	-0.0714787	-0.0705638	-0.0709432	-0.0717972	-0.0710727	-0.0728497	-0.0728967	-0.0747724	-0.0773222	-0.0775845	-0.0814545	-0.0860942	-0.0820944	-0.0817504	-0.0927631	-0.0920639	-0.0924612	
0.0560124	-0.00595326	-0.0359136	-0.0548541	-0.0643983	-0.0650143	-0.0712784	-0.0667299	-0.072866	-0.0693182	-0.0725122	-0.0743865	-0.0728497	-0.0777337	-0.0780096	-0.0769423	-0.0815993	-0.0801371	-0.0786867	-0.0808562	-0.0834288	-0.0875411	-0.0948853	-0.0909882	-0.0923385	
0.0397924	-0.0151389	-0.0458252	-0.0607493	-0.0692071	-0.0717762	-0.0735057	-0.0735277	-0.0751063	-0.0732579	-0.0756577	-0.0746075	-0.0728967	-0.0780096	-0.0710272	-0.0769467	-0.0779599	-0.076164	-0.0814291	-0.0914739	-0.0864826	-0.0876291	-0.0933883	-0.0904854	-0.0965968	
0.0283602	-0.0179358	-0.0473223	-0.0589154	-0.0671632	-0.068741	-0.0701805	-0.0710975	-0.0707506	-0.0718698	-0.0723941	-0.0730006	-0.0747724	-0.0769423	-0.0769467	-0.082771	-0.0819289	-0.0837107	-0.0879592	-0.0853072	-0.0800151	-0.0904726	-0.0957606	-0.0945954	-0.0984808	
0.0120705	-0.0304663	-0.0554891	-0.0651506	-0.0721311	-0.0732386	-0.0748194	-0.0752628	-0.0759769	-0.0765891	-0.0770524	-0.0789714	-0.0773222	-0.0815993	-0.0779599	-0.0819289	-0.0798433	-0.08138	-0.0826289	-0.0855643	-0.0887545	-0.0980439	-0.0970697	-0.092928	-0.100847	
-0.00190004	-0.0361025	-0.0605201	-0.068043	-0.0726073	-0.0766397	-0.0732239	-0.0785187	-0.0743253	-0.0773148	-0.0770787	-0.0765563	-0.0775845	-0.0801371	-0.076164	-0.0837107	-0.08138	-0.0845813	-0.0889492	-0.0920673	-0.0905461	-0.0963686	-0.0923062	-0.0961456	-0.107151	
-0.015836	-0.0409964	-0.0642405	-0.0690452	-0.0729821	-0.0768561	-0.0726528	-0.079673	-0.0725373	-0.0797174	-0.0760808	-0.077149	-0.0814545	-0.0786867	-0.0814291	-0.0879592	-0.0826289	-0.0889492	-0.0928925	-0.0894415	-0.0887107	-0.098452	-0.0969725	-0.103541	-0.110487	
-0.028156	-0.0540444	-0.0669084	-0.0748415	-0.0760982	-0.0773758	-0.0785315	-0.0784589	-0.0787225	-0.0814637	-0.0798681	-0.0827754	-0.0860942	-0.0808562	-0.0914739	-0.0853072	-0.0855643	-0.0920673	-0.0894415	-0.0843169	-0.0976311	-0.105122	-0.0978741	-0.105865	-0.111092	
-0.0368376	-0.0657604	-0.0729955	-0.0801556	-0.0831086	-0.0805112	-0.0862148	-0.0802262	-0.0861145	-0.0824681	-0.0834118	-0.0853753	-0.0820944	-0.0834288	-0.0864826	-0.0800151	-0.0887545	-0.0905461	-0.0887107	-0.0976311	-0.110491	-0.0992199	-0.0976223	-0.110874	-0.115574	
-0.0432582	-0.0655368	-0.0715806	-0.0776144	-0.077698	-0.0789202	-0.0797096	-0.078052	-0.0813294	-0.0782857	-0.0816423	-0.0820806	-0.0817504	-0.0875411	-0.0876291	-0.0904726	-0.0980439	-0.0963686	-0.098452	-0.105122	-0.0992199	-0.0924465	-0.106764	-0.119923	-0.116921	
-0.0613484	-0.0756491	-0.0813318	-0.0844911	-0.0841349	-0.0858475	-0.08497	-0.0861216	-0.0875347	-0.0866937	-0.0911008	-0.0895981	-0.0927631	-0.0948853	-0.0933883	-0.0957606	-0.0970697	-0.0923062	-0.0969725	-0.0978741	-0.0976223	-0.106764	-0.12326	-0.121421	-0.112084	
-0.0709796	-0.0809702	-0.0874081	-0.0886639	-0.0895232	-0.0904807	-0.0893982	-0.0912775	-0.0898085	-0.0911344	-0.0912241	-0.0901322	-0.0920639	-0.0909882	-0.0904854	-0.0945954	-0.092928	-0.0961456	-0.103541	-0.105865	-0.110874	-0.119923	-0.121421	-0.109867	-0.116001	
-0.0749563	-0.0829978	-0.0863477	-0.0882809	-0.0881683	-0.0887696	-0.0885603	-0.0888356	-0.0888758	-0.0892949	-0.0898068	-0.0902354	-0.0924612	-0.0923385	-0.0965968	-0.0984808	-0.100847	-0.107151	-0.110487	-0.111092	-0.115574	-0.116921	-0.112084	-0.116001	-0.135692	
