0.0687609	0.0302473	0.0121443	0.00447346	0.00151893	0.00047742	0.000139445	3.79797e-05	9.67624e-06	2.31262e-06	5.19843e-07	1.10163e-07	2.20567e-08	4.18072e-09	7.51569e-10	1.28361e-10	2.0861e-11	3.23081e-12	4.77487e-13	6.74286e-14	9.10928e-15	1.17862e-15	1.46212e-16	1.74238e-17	2.17085e-18	
0.0469076	0.0197569	0.00761366	0.00269782	0.000882935	0.00026798	7.57052e-05	1.99726e-05	4.93554e-06	1.14553e-06	2.5034e-07	5.1629e-08	1.00694e-08	1.86078e-09	3.26392e-10	5.4432e-11	8.64376e-12	1.3089e-12	1.89253e-13	2.6161e-14	3.46142e-15	4.38853e-16	5.3371e-17	6.23592e-18	7.32687e-19	
0.0306119	0.012335	0.00455909	0.00155295	0.000489588	0.000143407	3.91638e-05	1.00033e-05	2.39658e-06	5.3995e-07	1.14673e-07	2.30073e-08	4.36949e-09	7.86978e-10	1.34649e-10	2.19201e-11	3.40034e-12	5.03317e-13	7.11807e-14	9.62962e-15	1.2476e-15	1.54964e-16	1.84719e-17	2.11604e-18	2.41373e-19	
0.0190532	0.00734089	0.00260104	0.00085133	0.000258437	7.30297e-05	1.92735e-05	4.7647e-06	1.10637e-06	2.419e-07	4.99137e-08	9.73999e-09	1.80087e-09	3.16057e-10	5.27372e-11	8.37919e-12	1.26952e-12	1.83656e-13	2.54007e-14	3.36252e-15	4.26523e-16	5.18957e-17	6.06258e-18	6.80894e-19	7.59296e-20	
0.0112784	0.00415383	0.00141061	0.000443552	0.000129631	3.53334e-05	9.00999e-06	2.15551e-06	4.85039e-07	1.02903e-07	2.06269e-08	3.91434e-09	7.04526e-10	1.20472e-10	1.96024e-11	3.0395e-12	4.4974e-13	6.35833e-14	8.59944e-15	1.11387e-15	1.38323e-16	1.64852e-17	1.8873e-18	2.07811e-19	2.26933e-20	
0.00633312	0.00222971	0.000725744	0.000219241	6.16883e-05	1.62189e-05	3.99619e-06	9.25181e-07	2.01752e-07	4.15323e-08	8.08754e-09	1.49255e-09	2.61507e-10	4.35691e-11	6.9131e-12	1.0461e-12	1.51167e-13	2.08859e-14	2.76229e-15	3.50088e-16	4.25623e-17	4.9686e-18	5.5745e-19	6.01791e-20	6.43822e-21	
0.00336596	0.00113319	0.000353616	0.000102654	2.78145e-05	7.05534e-06	1.67997e-06	3.7645e-07	7.95653e-08	1.58952e-08	3.00725e-09	5.3978e-10	9.20717e-11	1.49475e-11	2.31297e-12	3.41598e-13	4.82117e-14	6.5102e-15	8.42029e-16	1.04426e-16	1.24298e-17	1.42138e-18	1.56289e-19	1.65426e-20	1.73419e-21	
0.00169013	0.000544398	0.00016295	4.54774e-05	1.18706e-05	2.90602e-06	6.68929e-07	1.45121e-07	2.97362e-08	5.76636e-09	1.06017e-09	1.85114e-10	3.07457e-11	4.8646e-12	7.34217e-13	1.05846e-13	1.45924e-14	1.92606e-15	2.43652e-16	2.95714e-17	3.44656e-18	3.86109e-19	4.16119e-20	4.31889e-21	4.43712e-22	
0.000800622	0.000246919	7.09403e-05	1.90456e-05	4.79169e-06	1.13267e-06	2.52157e-07	5.29834e-08	1.0529e-08	1.98252e-09	3.54313e-10	6.01994e-11	9.73827e-12	1.50199e-12	2.21163e-13	3.11285e-14	4.1928e-15	5.41036e-16	6.6953e-17	7.95353e-18	9.07814e-19	9.96463e-20	1.05273e-20	1.07153e-21	1.07904e-22	
0.000357422	0.000105644	2.9157e-05	7.5357e-06	1.82861e-06	4.17621e-07	8.99635e-08	1.83173e-08	3.53176e-09	6.45972e-10	1.12264e-10	1.85665e-11	2.92618e-12	4.4008e-13	6.32362e-14	8.69189e-15	1.14409e-15	1.44362e-16	1.74795e-17	2.03279e-18	2.27265e-19	2.44463e-20	2.53212e-21	2.52799e-22	2.4957e-23	
0.00015028	4.26148e-05	1.13092e-05	2.81615e-06	6.59605e-07	1.45641e-07	3.03774e-08	5.99673e-09	1.12239e-09	1.99507e-10	3.37306e-11	5.43211e-12	8.34405e-13	1.22405e-13	1.71695e-14	2.30534e-15	2.96616e-16	3.66078e-17	4.33795e-18	4.93992e-19	5.41068e-20	5.70473e-21	5.7944e-22	5.67518e-23	5.49376e-24	
5.94927e-05	1.62039e-05	4.13912e-06	9.93972e-07	2.249e-07	4.80451e-08	9.70932e-09	1.85945e-09	3.38031e-10	5.84226e-11	9.61369e-12	1.50826e-12	2.25888e-13	3.23348e-14	4.42891e-15	5.81089e-16	7.31053e-17	8.82742e-18	1.02399e-18	1.14211e-19	1.22585e-20	1.26713e-21	1.26236e-22	1.21318e-23	1.15181e-24	
2.21756e-05	5.80843e-06	1.42966e-06	3.31405e-07	7.24997e-08	1.49967e-08	2.93845e-09	5.46292e-10	9.65151e-11	1.6228e-11	2.60036e-12	3.97612e-13	5.80863e-14	8.11659e-15	1.086e-15	1.39282e-16	1.7139e-17	2.02539e-18	2.30061e-19	2.51392e-20	2.64475e-21	2.68083e-22	2.62014e-23	2.47129e-24	2.30172e-25	
7.78514e-06	1.96342e-06	4.6618e-07	1.04417e-07	2.21056e-08	4.43112e-09	8.42432e-10	1.5214e-10	2.61384e-11	4.278e-12	6.67871e-13	9.9579e-14	1.41961e-14	1.93719e-15	2.53297e-16	3.17663e-17	3.82464e-18	4.42473e-19	4.92293e-20	5.2717e-21	5.43754e-22	5.40629e-23	5.18497e-24	4.8007e-25	4.38742e-26	
2.57548e-06	6.26195e-07	1.43582e-07	3.11062e-08	6.37852e-09	1.24005e-09	2.28921e-10	4.01878e-11	6.7184e-12	1.07095e-12	1.6298e-13	2.37068e-14	3.2996e-15	4.399e-16	5.62318e-17	6.8985e-18	8.12946e-19	9.21032e-20	1.00403e-20	1.05394e-21	1.06613e-22	1.03999e-23	9.78985e-25	8.90012e-26	7.98337e-27	
8.03431e-07	1.88556e-07	4.17985e-08	8.76734e-09	1.74292e-09	3.28899e-10	5.90008e-11	1.00754e-11	1.64001e-12	2.54766e-13	3.78144e-14	5.36878e-15	7.29881e-16	9.51088e-17	1.18904e-17	1.42747e-18	1.64707e-19	1.82804e-20	1.95314e-21	2.01037e-22	1.99493e-23	1.9098e-24	1.76499e-25	1.5759e-26	1.38776e-27	
2.36536e-07	5.36476e-08	1.15099e-08	2.33973e-09	4.51335e-10	8.27372e-11	1.44334e-11	2.39921e-12	3.80482e-13	5.76336e-14	8.34784e-15	1.15741e-15	1.53764e-16	1.95925e-17	2.39656e-18	2.8166e-19	3.18319e-20	3.46215e-21	3.62662e-22	3.66141e-23	3.5652e-24	3.35043e-25	3.04071e-26	2.66705e-27	2.30637e-28	
6.57822e-08	1.44354e-08	3.00059e-09	5.91702e-10	1.1085e-10	1.97562e-11	3.35399e-12	5.43058e-13	8.39587e-14	1.2408e-14	1.75475e-15	2.37708e-16	3.08746e-17	3.84848e-18	4.60772e-19	5.3034e-20	5.87275e-21	6.26151e-22	6.43258e-23	6.37183e-24	6.08988e-25	5.61951e-26	5.00962e-27	4.31755e-28	3.6674e-29	
1.72988e-08	3.67695e-09	7.41254e-10	1.41927e-10	2.58446e-11	4.48163e-12	7.40959e-13	1.16937e-13	1.76355e-14	2.54429e-15	3.51498e-16	4.65452e-17	5.91323e-18	7.2136e-19	8.45712e-20	9.53643e-21	1.03509e-21	1.08222e-22	1.09071e-23	1.06035e-24	9.95008e-26	9.01795e-27	7.89871e-28	6.69071e-29	5.58378e-30	
4.30605e-09	8.87497e-10	1.73687e-10	3.2319e-11	5.72514e-12	9.6667e-13	1.55754e-13	2.39743e-14	3.52907e-15	4.973e-16	6.71492e-17	8.69618e-18	1.08109e-18	1.29126e-19	1.48297e-20	1.6389e-21	1.74421e-22	1.78888e-23	1.76929e-24	1.68863e-25	1.5562e-26	1.38565e-27	1.19276e-28	9.93253e-30	8.14634e-31	
1.0157e-09	2.03195e-10	3.86403e-11	6.99346e-12	1.20611e-12	1.98436e-13	3.11797e-14	4.68382e-15	6.73351e-16	9.27288e-17	1.2244e-17	1.55149e-18	1.88825e-19	2.20909e-20	2.48626e-21	2.69391e-22	2.81214e-23	2.83013e-24	2.74778e-25	2.57536e-26	2.33155e-27	2.04012e-28	1.72631e-29	1.41357e-30	1.13967e-31	
2.27274e-10	4.41751e-11	8.16993e-12	1.43942e-12	2.41865e-13	3.88017e-14	5.94945e-15	8.72743e-16	1.22602e-16	1.65087e-17	2.13264e-18	2.64533e-19	3.15323e-20	3.61483e-21	3.98842e-22	4.23848e-23	4.34127e-24	4.28858e-25	4.08864e-26	3.76428e-27	3.34875e-28	2.88025e-29	2.39643e-30	1.93001e-31	1.52998e-32	
4.82959e-11	9.12885e-12	1.64338e-12	2.82072e-13	4.62117e-14	7.23378e-15	1.08301e-15	1.5523e-16	2.13202e-17	2.80846e-18	3.55119e-19	4.31387e-20	5.03836e-21	5.66199e-22	6.12666e-23	6.3879e-24	6.4219e-25	6.22907e-26	5.83322e-27	5.27693e-28	4.61416e-29	3.902e-30	3.19301e-31	2.52984e-32	1.97239e-33	
9.7571e-12	1.79507e-12	3.14797e-13	5.26781e-14	8.42029e-15	1.28692e-15	1.88245e-16	2.63778e-17	3.54393e-18	4.56913e-19	5.65771e-20	6.73365e-21	7.70893e-22	8.4955e-23	9.01867e-24	9.22888e-25	9.10948e-26	8.6786e-27	7.98512e-28	7.09976e-29	6.10354e-30	5.07613e-31	4.08626e-32	3.18579e-33	2.44339e-34	
1.87606e-12	3.36216e-13	5.74812e-14	9.38444e-15	1.46452e-15	2.18675e-16	3.12694e-17	4.28589e-18	5.63553e-19	7.11474e-20	8.63096e-21	1.00685e-21	1.13032e-22	1.222e-23	1.27314e-24	1.27909e-25	1.23999e-26	1.16065e-27	1.04955e-28	9.17429e-30	7.75619e-31	6.34545e-32	5.02619e-33	3.85678e-34	2.91059e-35	
3.43673e-13	6.00436e-14	1.00148e-14	1.59625e-15	2.4336e-16	3.55209e-17	4.96811e-18	6.66408e-19	8.58007e-20	1.06118e-20	1.26173e-21	1.44326e-22	1.58941e-23	1.68631e-24	1.7248e-25	1.70184e-26	1.62087e-27	1.49101e-28	1.32548e-29	1.13937e-30	9.47517e-32	7.62727e-33	5.94603e-34	4.49164e-35	3.3361e-36	
6.00436e-14	1.02342e-14	1.66647e-15	2.59481e-16	3.86698e-17	5.52053e-18	7.55615e-19	9.9241e-20	1.25169e-20	1.51725e-21	1.76884e-22	1.98475e-23	2.14493e-24	2.23407e-25	2.24409e-26	2.17527e-27	2.036e-28	1.84114e-29	1.60948e-30	1.36084e-31	1.11349e-32	8.82136e-34	6.76977e-35	5.03541e-36	3.68168e-37	
1.00148e-14	1.66647e-15	2.65087e-16	4.03469e-17	5.88087e-18	8.21587e-19	1.10104e-19	1.41657e-20	1.75103e-21	2.0811e-22	2.37986e-23	2.62043e-24	2.78001e-25	2.84353e-26	2.80595e-27	2.67286e-28	2.45925e-29	2.18678e-30	1.88029e-31	1.56418e-32	1.25957e-33	9.8229e-35	7.42253e-36	5.43735e-37	3.91444e-38	
1.59625e-15	2.59481e-16	4.03469e-17	6.00611e-18	8.5669e-19	1.17181e-19	1.53831e-20	1.93963e-21	2.35075e-22	2.74046e-23	3.07519e-24	3.32391e-25	3.46289e-26	3.47951e-27	3.37405e-28	3.15936e-29	2.8583e-30	2.49988e-31	2.11479e-32	1.73132e-33	1.37236e-34	1.05378e-35	7.84204e-37	5.65884e-38	4.01212e-39	
2.4336e-16	3.86698e-17	5.88087e-18	8.5669e-19	1.1964e-19	1.60303e-20	2.06235e-21	2.54955e-22	3.03081e-23	3.46703e-24	3.81905e-25	4.05358e-26	4.14847e-27	4.09609e-28	3.90431e-29	3.59471e-30	3.19869e-31	2.75236e-32	2.29134e-33	1.84649e-34	1.4411e-35	1.08976e-36	7.98852e-38	5.67954e-39	3.96655e-40	
3.55209e-17	5.52053e-18	8.21587e-19	1.17181e-19	1.60303e-20	2.10495e-21	2.65513e-22	3.21951e-23	3.75545e-24	4.217e-25	4.56143e-26	4.75594e-27	4.78278e-28	4.64189e-29	4.35046e-30	3.93955e-31	3.44879e-32	2.92031e-33	2.39306e-34	1.89871e-35	1.45933e-36	1.08702e-37	7.85084e-39	5.50041e-40	3.78473e-41	
4.96811e-18	7.55615e-19	1.10104e-19	1.53831e-20	2.06235e-21	2.65513e-22	3.28497e-23	3.90849e-24	4.47529e-25	4.93467e-26	5.24327e-27	5.37189e-28	5.31004e-29	5.06724e-30	4.67085e-31	4.16115e-32	3.58473e-33	2.98779e-34	2.41054e-35	1.88349e-36	1.42593e-37	1.04646e-38	7.44774e-40	5.14301e-41	3.48724e-42	
6.66408e-19	9.9241e-20	1.41657e-20	1.93963e-21	2.54955e-22	3.21951e-23	3.90849e-24	4.56484e-25	5.13252e-26	5.55918e-27	5.80418e-28	5.84505e-29	5.68085e-30	5.33172e-31	4.83496e-32	4.23863e-33	3.59415e-34	2.94934e-35	2.34329e-36	1.80347e-37	1.34516e-38	9.72788e-40	6.82387e-41	4.64533e-42	3.10447e-43	
8.58007e-20	1.25169e-20	1.75103e-21	2.35075e-22	3.03081e-23	3.75545e-24	4.47529e-25	5.13252e-26	5.66864e-27	6.03313e-28	6.19146e-29	6.13044e-30	5.85994e-31	5.41057e-32	4.82815e-33	4.16617e-34	3.47806e-35	2.81059e-36	2.19952e-37	1.66777e-38	1.2258e-39	8.73708e-41	6.04182e-42	4.05529e-43	2.67166e-44	
1.06118e-20	1.51725e-21	2.0811e-22	2.74046e-23	3.46703e-24	4.217e-25	4.93467e-26	5.55918e-27	6.03313e-28	6.3114e-29	6.36833e-30	6.20153e-31	5.83169e-32	5.2985e-33	4.65383e-34	3.9536e-35	3.25028e-36	2.58706e-37	1.99462e-38	1.49032e-39	1.0796e-40	7.58567e-42	5.17203e-43	3.42341e-44	2.22373e-45	
1.26173e-21	1.76884e-22	2.37986e-23	3.07519e-24	3.81905e-25	4.56143e-26	5.24327e-27	5.80418e-28	6.19146e-29	6.36833e-30	6.31974e-31	6.05431e-32	5.60231e-33	5.01007e-34	4.33236e-35	3.62436e-36	2.93483e-37	2.30137e-38	1.74843e-39	1.28755e-40	9.19447e-42	6.36974e-43	4.28282e-44	2.79604e-45	1.79104e-46	
1.44326e-22	1.98475e-23	2.62043e-24	3.32391e-25	4.05358e-26	4.75594e-27	5.37189e-28	5.84505e-29	6.13044e-30	6.20153e-31	6.05431e-32	5.70739e-33	5.19824e-34	4.57672e-35	3.89725e-36	3.21134e-37	2.56185e-38	1.97954e-39	1.48224e-40	1.076e-41	7.57589e-43	5.17566e-44	3.43232e-45	2.21048e-46	1.39656e-47	
1.58941e-23	2.14493e-24	2.78001e-25	3.46289e-26	4.14847e-27	4.78278e-28	5.31004e-29	5.68085e-30	5.85994e-31	5.83169e-32	5.60231e-33	5.19824e-34	4.66118e-35	4.04126e-36	3.38954e-37	2.75158e-38	2.16298e-39	1.64723e-40	1.21586e-41	8.70233e-43	6.04216e-44	4.07132e-45	2.66343e-46	1.69236e-47	1.05475e-48	
1.68631e-24	2.23407e-25	2.84353e-26	3.47951e-27	4.09609e-28	4.64189e-29	5.06724e-30	5.33172e-31	5.41057e-32	5.2985e-33	5.01007e-34	4.57672e-35	4.04126e-36	3.45109e-37	2.85163e-38	2.28107e-39	1.76725e-40	1.32671e-41	9.65517e-43	6.81465e-44	4.66669e-45	3.10194e-46	2.00212e-47	1.25534e-48	7.71918e-50	
1.7248e-25	2.24409e-26	2.80595e-27	3.37405e-28	3.90431e-29	4.35046e-30	4.67085e-31	4.83496e-32	4.82815e-33	4.65383e-34	4.33236e-35	3.89725e-36	3.38954e-37	2.85163e-38	2.32184e-39	1.83049e-40	1.39798e-41	1.03474e-42	7.42586e-44	5.16937e-45	3.49207e-46	2.29012e-47	1.45859e-48	9.02586e-50	5.47665e-51	
1.70184e-26	2.17527e-27	2.67286e-28	3.15936e-29	3.59471e-30	3.93955e-31	4.16115e-32	4.23863e-33	4.16617e-34	3.9536e-35	3.62436e-36	3.21134e-37	2.75158e-38	2.28107e-39	1.83049e-40	1.42257e-41	1.07117e-42	7.81845e-44	5.53406e-45	3.80026e-46	2.53284e-47	1.63908e-48	1.03029e-49	6.29301e-51	3.76849e-52	
1.62087e-27	2.036e-28	2.45925e-29	2.8583e-30	3.19869e-31	3.44879e-32	3.58473e-33	3.59415e-34	3.47806e-35	3.25028e-36	2.93483e-37	2.56185e-38	2.16298e-39	1.76725e-40	1.39798e-41	1.07117e-42	7.95385e-44	5.7259e-45	3.99802e-46	2.70871e-47	1.78144e-48	1.13775e-49	7.05909e-51	4.25652e-52	2.51598e-53	
1.49101e-28	1.84114e-29	2.18678e-30	2.49988e-31	2.75236e-32	2.92031e-33	2.98779e-34	2.94934e-35	2.81059e-36	2.58706e-37	2.30137e-38	1.97954e-39	1.64723e-40	1.32671e-41	1.03474e-42	7.81845e-44	5.7259e-45	4.06618e-46	2.80115e-47	1.8727e-48	1.21551e-49	7.66261e-51	4.69337e-52	2.79419e-53	1.63047e-54	
1.32548e-29	1.60948e-30	1.88029e-31	2.11479e-32	2.29134e-33	2.39306e-34	2.41054e-35	2.34329e-36	2.19952e-37	1.99462e-38	1.74843e-39	1.48224e-40	1.21586e-41	9.65517e-43	7.42586e-44	5.53406e-45	3.99802e-46	2.80115e-47	1.90414e-48	1.25636e-49	8.04909e-51	5.0092e-52	3.02929e-53	1.78087e-54	1.02601e-55	
1.13937e-30	1.36084e-31	1.56418e-32	1.73132e-33	1.84649e-34	1.89871e-35	1.88349e-36	1.80347e-37	1.66777e-38	1.49032e-39	1.28755e-40	1.076e-41	8.70233e-43	6.81465e-44	5.16937e-45	3.80026e-46	2.70871e-47	1.8727e-48	1.25636e-49	8.18218e-51	5.17496e-52	3.17975e-53	1.89883e-54	1.10243e-55	6.27184e-57	
9.47517e-32	1.11349e-32	1.25957e-33	1.37236e-34	1.4411e-35	1.45933e-36	1.42593e-37	1.34516e-38	1.2258e-39	1.0796e-40	9.19447e-42	7.57589e-43	6.04216e-44	4.66669e-45	3.49207e-46	2.53284e-47	1.78144e-48	1.21551e-49	8.04909e-51	5.17496e-52	3.23153e-53	1.96071e-54	1.15633e-55	6.63099e-57	3.72561e-58	
7.62727e-33	8.82136e-34	9.8229e-35	1.05378e-35	1.08976e-36	1.08702e-37	1.04646e-38	9.72788e-40	8.73708e-41	7.58567e-42	6.36974e-43	5.17566e-44	4.07132e-45	3.10194e-46	2.29012e-47	1.63908e-48	1.13775e-49	7.66261e-51	5.0092e-52	3.17975e-53	1.96071e-54	1.17489e-55	6.84374e-57	3.87677e-58	2.15139e-59	
5.94604e-34	6.76977e-35	7.42253e-36	7.84205e-37	7.98852e-38	7.85084e-39	7.44774e-40	6.82387e-41	6.04182e-42	5.17203e-43	4.28282e-44	3.43232e-45	2.66343e-46	2.00212e-47	1.45859e-48	1.03029e-49	7.05909e-51	4.69337e-52	3.02929e-53	1.89883e-54	1.15633e-55	6.84374e-57	3.93797e-58	2.20384e-59	1.20812e-60	
4.49211e-35	5.03581e-36	5.43759e-37	5.65897e-38	5.67961e-39	5.50044e-40	5.14302e-41	4.64533e-42	4.05529e-43	3.42341e-44	2.79604e-45	2.21048e-46	1.69236e-47	1.25534e-48	9.02586e-50	6.29301e-51	4.25652e-52	2.79419e-53	1.78087e-54	1.10243e-55	6.63099e-57	3.87677e-58	2.20384e-59	1.21861e-60	6.59977e-62	
3.44696e-36	3.72954e-37	3.93463e-38	4.02044e-39	3.9699e-40	3.78605e-41	3.48775e-42	3.10466e-43	2.67173e-44	2.22375e-45	1.79105e-46	1.39657e-47	1.05475e-48	7.71919e-50	5.47665e-51	3.76849e-52	2.51598e-53	1.63047e-54	1.02601e-55	6.27184e-57	3.72561e-58	2.15139e-59	1.20812e-60	6.59977e-62	3.53085e-63	
