3.50987e-07	2.59974e-07	3.77073e-07	4.8608e-07	5.57713e-07	5.70715e-07	5.21048e-07	4.23769e-07	3.06071e-07	1.95457e-07	1.09762e-07	5.38841e-08	2.2999e-08	8.50009e-09	2.71395e-09	7.48285e-10	1.7841e-10	3.68905e-11	6.64194e-12	1.04623e-12	1.44927e-13	1.77482e-14	1.93155e-15	1.87756e-16	1.63804e-17	
3.74577e-07	5.74845e-07	8.20767e-07	1.04697e-06	1.19446e-06	1.22111e-06	1.119e-06	9.17855e-07	6.71896e-07	4.37085e-07	2.5135e-07	1.27027e-07	5.61011e-08	2.15546e-08	7.18355e-09	2.07446e-09	5.19453e-10	1.13046e-10	2.14562e-11	3.56715e-12	5.21983e-13	6.75686e-14	7.7764e-15	7.99639e-16	7.38179e-17	
2.91265e-06	4.55731e-06	6.37213e-06	7.99807e-06	9.04387e-06	9.23146e-06	8.50901e-06	7.07269e-06	5.28553e-06	3.53571e-06	2.10541e-06	1.1089e-06	5.13239e-07	2.0755e-07	7.30235e-08	2.23003e-08	5.90869e-09	1.36025e-09	2.72856e-10	4.78793e-11	7.38334e-12	1.00552e-12	1.21547e-13	1.31058e-14	1.26654e-15	
2.18266e-05	3.3144e-05	4.5278e-05	5.5929e-05	6.26928e-05	6.38977e-05	5.92356e-05	4.98819e-05	3.80438e-05	2.61608e-05	1.61257e-05	8.84952e-06	4.29227e-06	1.82743e-06	6.79148e-07	2.1951e-07	6.1606e-08	1.50197e-08	3.18798e-09	5.91138e-10	9.61748e-11	1.37949e-11	1.75319e-12	1.98407e-13	2.00913e-14	
0.000143514	0.00021109	0.000281426	0.000341856	0.000379718	0.000386416	0.000360384	0.000307642	0.000239679	0.000169643	0.000108426	6.21243e-05	3.16542e-05	1.42291e-05	5.60375e-06	1.92357e-06	5.73849e-07	1.48686e-07	3.35058e-08	6.58607e-09	1.1338e-09	1.71741e-10	2.30038e-11	2.7384e-12	2.91143e-13	
0.000819366	0.00116538	0.00151433	0.00180731	0.00198821	0.00201999	0.00189597	0.00164197	0.00130824	0.000954532	0.000633801	0.000380043	0.000204	9.71397e-05	4.069e-05	1.48932e-05	4.74224e-06	1.31115e-06	3.14913e-07	6.58582e-08	1.20368e-08	1.93133e-09	2.73397e-10	3.43194e-11	3.83955e-12	
0.00401774	0.00551518	0.00697457	0.00816952	0.00889562	0.00902221	0.00852617	0.00749777	0.00611738	0.00460918	0.00318641	0.00200488	0.00113736	0.000575858	0.000257657	0.000101022	3.44972e-05	1.02258e-05	2.62956e-06	5.87549e-07	1.14448e-07	1.95197e-08	2.92944e-09	3.88862e-10	4.5894e-11	
0.0167101	0.0220909	0.0271424	0.0311652	0.0335663	0.0339817	0.032348	0.0289142	0.024194	0.0188611	0.0136089	0.00901191	0.00542251	0.00293165	0.00140797	0.000594505	0.000218933	6.99631e-05	1.93639e-05	4.64538e-06	9.68695e-07	1.76323e-07	2.81542e-08	3.9646e-09	4.95e-10	
0.0581278	0.0738372	0.0879858	0.0989083	0.1053	0.106396	0.102068	0.0928301	0.079788	0.0644923	0.0486952	0.0340488	0.0218162	0.0126547	0.00655989	0.00300146	0.00119977	0.000416028	0.000124704	3.23053e-05	7.24929e-06	1.41477e-06	2.41338e-07	3.61821e-08	4.79434e-09	
0.166612	0.202909	0.234118	0.257395	0.270726	0.272995	0.264012	0.244524	0.216189	0.181539	0.14381	0.106526	0.0729833	0.0456545	0.0257021	0.0128335	0.00561074	0.00212735	0.000695708	0.000195942	4.76048e-05	1.0015e-05	1.83376e-06	2.93912e-07	4.14807e-08	
0.388112	0.452547	0.505202	0.543066	0.56428	0.56786	0.553634	0.522267	0.475237	0.41506	0.345574	0.271893	0.199918	0.135534	0.0833999	0.0457998	0.0220917	0.00924171	0.00332627	0.00102674	0.000272023	6.20796e-05	1.22678e-05	2.11203e-06	3.18785e-07	
0.729582	0.815413	0.882095	0.928483	0.953936	0.958174	0.941191	0.903136	0.844491	0.766115	0.669923	0.559967	0.442571	0.326258	0.220645	0.1343	0.0721529	0.033649	0.0134663	0.00459927	0.00134011	0.000334218	7.17342e-05	1.33373e-05	2.16296e-06	
1.11942	1.20664	1.27204	1.31648	1.34032	1.34419	1.32841	1.29226	1.23536	1.15706	1.05619	0.932733	0.789215	0.63156	0.470143	0.318885	0.192521	0.101203	0.0455632	0.0174112	0.00563527	0.00154914	0.000363783	7.34991e-05	1.28742e-05	
1.46373	1.53895	1.59413	1.63013	1.64883	1.65189	1.63957	1.61067	1.56335	1.49633	1.4082	1.29576	1.15754	0.993376	0.807148	0.608549	0.414609	0.24802	0.127155	0.0550473	0.020018	0.00612616	0.00158722	0.000350929	6.67821e-05	
1.73367	1.79038	1.82752	1.84844	1.85918	1.86132	1.85389	1.83756	1.80744	1.75866	1.68943	1.59608	1.47587	1.32738	1.14991	0.945664	0.720485	0.491371	0.289571	0.143788	0.0594813	0.0204893	0.00591196	0.00144156	0.000299968	
1.90486	1.92378	1.92744	1.92595	1.92453	1.92448	1.92526	1.92728	1.92629	1.91471	1.8827	1.82578	1.73563	1.61061	1.44982	1.25756	1.03847	0.793627	0.536857	0.30829	0.146746	0.0575428	0.0186739	0.00506343	0.00115998	
1.91755	1.88704	1.85289	1.82659	1.80812	1.80368	1.8179	1.84129	1.8727	1.90662	1.92903	1.93173	1.9014	1.82858	1.70679	1.53444	1.32322	1.08718	0.823936	0.544668	0.300138	0.135234	0.049818	0.0151429	0.0038451	
1.77743	1.69504	1.6183	1.55705	1.52124	1.51449	1.53933	1.59093	1.66346	1.74404	1.82578	1.89101	1.93087	1.9286	1.87631	1.76316	1.58228	1.35041	1.09527	0.811028	0.513818	0.266892	0.112326	0.0385278	0.0109069	
1.48795	1.34224	1.21884	1.12631	1.07546	1.06745	1.10053	1.17729	1.28969	1.42848	1.57819	1.72017	1.8399	1.91618	1.93716	1.89302	1.78384	1.59046	1.33899	1.06337	0.754955	0.448471	0.21572	0.0837617	0.0265346	
1.063	0.863974	0.699607	0.580124	0.508886	0.496066	0.545261	0.645983	0.793974	0.981675	1.19159	1.4111	1.61703	1.78785	1.90453	1.94098	1.89455	1.77482	1.55807	1.28887	0.988712	0.657675	0.358591	0.157285	0.0557682	
0.55251	0.302252	0.1006	-0.0432188	-0.118875	-0.13052	-0.0816028	0.0361693	0.217275	0.446158	0.716556	1.00672	1.29188	1.5543	1.75779	1.90227	1.93859	1.88483	1.73336	1.48755	1.19847	0.868071	0.527775	0.259369	0.102512	
-0.0111583	-0.289592	-0.509146	-0.66119	-0.748694	-0.763655	-0.703055	-0.576471	-0.387227	-0.131036	0.181459	0.527959	0.891039	1.241	1.54469	1.77214	1.91061	1.93248	1.85233	1.65325	1.38064	1.06178	0.705129	0.383213	0.167459	
-0.566535	-0.858704	-1.07826	-1.22723	-1.30018	-1.31018	-1.26389	-1.14834	-0.956518	-0.690052	-0.355131	0.0294466	0.453858	0.869304	1.26327	1.58598	1.81834	1.92496	1.91658	1.77904	1.53434	1.23115	0.875117	0.517769	0.247379	
-1.06399	-1.34476	-1.53823	-1.65768	-1.72394	-1.73516	-1.69022	-1.59447	-1.43181	-1.18579	-0.860304	-0.454225	0.00271451	0.484476	0.95162	1.35654	1.676	1.87112	1.93496	1.8634	1.65803	1.37422	1.02806	0.651754	0.336134	
-1.47377	-1.71335	-1.85377	-1.92185	-1.93957	-1.94006	-1.93337	-1.89015	-1.77984	-1.581	-1.28112	-0.886212	-0.410336	0.106578	0.629427	1.1102	1.50802	1.78483	1.91795	1.91054	1.75127	1.49086	1.15922	0.776229	0.426534	
-1.75899	-1.92982	-2.00002	-1.99283	-1.96817	-1.96333	-1.98285	-2.00415	-1.96715	-1.84117	-1.6048	-1.24017	-0.776192	-0.236986	0.328589	0.868142	1.32964	1.67945	1.87877	1.92993	1.81675	1.58184	1.26675	0.885135	0.511861	
-1.92982	-2.0086	-1.96912	-1.86794	-1.775	-1.75653	-1.82623	-1.93293	-2.00429	-1.97707	-1.81846	-1.50701	-1.06573	-0.52233	0.0667784	0.647298	1.16367	1.57411	1.8276	1.93008	1.85985	1.64947	1.35057	0.974822	0.586638	
-2.00002	-1.96912	-1.83718	-1.64331	-1.46137	-1.42415	-1.56257	-1.76394	-1.92459	-2.0056	-1.93512	-1.68155	-1.28055	-0.743402	-0.147506	0.467369	1.02139	1.47794	1.77673	1.92128	1.88707	1.69708	1.41171	1.04337	0.646791	
-1.99283	-1.86794	-1.64331	-1.40038	-1.21707	-1.18177	-1.3154	-1.54405	-1.78281	-1.96313	-1.97618	-1.78247	-1.42159	-0.895092	-0.297632	0.340011	0.915094	1.4073	1.73555	1.90673	1.90219	1.7288	1.45243	1.09016	0.689508	
-1.96817	-1.775	-1.46137	-1.21707	-1.07786	-1.05213	-1.14947	-1.35058	-1.65052	-1.91896	-1.9739	-1.83408	-1.49243	-0.977772	-0.37861	0.265862	0.857286	1.36235	1.7121	1.89822	1.90824	1.74521	1.47434	1.11558	0.713208	
-1.96333	-1.75653	-1.42415	-1.18177	-1.05213	-1.02929	-1.11971	-1.3112	-1.62246	-1.91056	-1.97045	-1.84236	-1.50338	-0.991033	-0.392533	0.252878	0.847809	1.35392	1.70965	1.89728	1.90849	1.74768	1.47807	1.11985	0.717179	
-1.98285	-1.82623	-1.56257	-1.3154	-1.14947	-1.11971	-1.23807	-1.45649	-1.72424	-1.94353	-1.97844	-1.80862	-1.45707	-0.93521	-0.337661	0.30326	0.885616	1.38566	1.72374	1.90229	1.9055	1.73719	1.46345	1.10289	0.701316	
-2.00415	-1.93293	-1.76394	-1.54405	-1.35058	-1.3112	-1.45649	-1.68106	-1.87336	-1.9929	-1.96063	-1.72946	-1.34728	-0.811684	-0.214338	0.410799	0.973223	1.44628	1.75853	1.91544	1.8945	1.7117	1.43038	1.0647	0.66607	
-1.96715	-2.00429	-1.92459	-1.78281	-1.65052	-1.62246	-1.72424	-1.87336	-1.98151	-2.00023	-1.87411	-1.58778	-1.16099	-0.62197	-0.0251897	0.570632	1.10386	1.53289	1.80634	1.92789	1.87261	1.67064	1.37764	1.00487	0.612627	
-1.84117	-1.97707	-2.0056	-1.96313	-1.91896	-1.91056	-1.94353	-1.9929	-2.00023	-1.91042	-1.70169	-1.35765	-0.898898	-0.358555	0.216037	0.776846	1.26196	1.63726	1.85897	1.93146	1.83635	1.61163	1.30315	0.92348	0.543269	
-1.6048	-1.81846	-1.93512	-1.97618	-1.9739	-1.97045	-1.97844	-1.96063	-1.87411	-1.70169	-1.42559	-1.03766	-0.566459	-0.0339103	0.505653	1.01045	1.43746	1.744	1.90406	1.92133	1.78074	1.53028	1.20513	0.821928	0.461576	
-1.24017	-1.50701	-1.68155	-1.78247	-1.83408	-1.84236	-1.80862	-1.72946	-1.58778	-1.35765	-1.03766	-0.634787	-0.166713	0.327934	0.822442	1.25955	1.61097	1.84066	1.93185	1.88601	1.6989	1.42413	1.08336	0.703097	0.372444	
-0.776192	-1.06573	-1.28055	-1.42159	-1.49243	-1.50338	-1.45707	-1.34728	-1.16099	-0.898898	-0.566459	-0.166713	0.271875	0.71913	1.13962	1.49642	1.7672	1.90852	1.92857	1.8177	1.58767	1.29164	0.938733	0.571996	0.282157	
-0.236986	-0.52233	-0.743402	-0.895092	-0.977772	-0.991033	-0.93521	-0.811684	-0.62197	-0.358555	-0.0339103	0.327934	0.71913	1.09391	1.43998	1.7042	1.87977	1.93647	1.88462	1.70852	1.44559	1.13268	0.77475	0.436408	0.197848	
0.328589	0.0667784	-0.147506	-0.297632	-0.37861	-0.392533	-0.337661	-0.214338	-0.0251897	0.216037	0.505653	0.822442	1.13962	1.43998	1.67959	1.85702	1.93759	1.91144	1.78741	1.55821	1.27476	0.948269	0.598801	0.306827	0.1263	
0.868142	0.647298	0.467369	0.340011	0.265862	0.252878	0.30326	0.410799	0.570632	0.776846	1.01045	1.25955	1.49642	1.7042	1.85702	1.93839	1.91925	1.82697	1.6351	1.37185	1.0758	0.743086	0.424176	0.194843	0.072117	
1.32964	1.16367	1.02139	0.915094	0.857286	0.847809	0.885616	0.973223	1.10386	1.26196	1.43746	1.61097	1.7672	1.87977	1.93759	1.91925	1.838	1.67439	1.43036	1.15631	0.850859	0.530652	0.268636	0.109444	0.0362084	
1.67945	1.57411	1.47794	1.4073	1.36235	1.35392	1.38566	1.44628	1.53289	1.63726	1.744	1.84066	1.90852	1.93647	1.91144	1.82697	1.67439	1.45028	1.19483	0.915201	0.609668	0.334576	0.148393	0.0533737	0.0157632	
1.87877	1.8276	1.77673	1.73555	1.7121	1.70965	1.72374	1.75853	1.80634	1.85897	1.90406	1.93185	1.92857	1.88462	1.78741	1.6351	1.43036	1.19483	0.93632	0.65119	0.379987	0.18099	0.070137	0.0223062	0.00589744	
1.92993	1.93008	1.92128	1.90673	1.89822	1.89728	1.90229	1.91544	1.92789	1.93146	1.92133	1.88601	1.8177	1.70852	1.55821	1.37185	1.15631	0.915201	0.65119	0.396139	0.199601	0.0824865	0.0280638	0.00793867	0.0018893	
1.81675	1.85985	1.88707	1.90219	1.90824	1.90849	1.9055	1.8945	1.87261	1.83635	1.78074	1.6989	1.58767	1.44559	1.27476	1.0758	0.850859	0.609668	0.379987	0.199601	0.0870431	0.0314602	0.00948081	0.00240464	0.000518647	
1.58184	1.64947	1.69708	1.7288	1.74521	1.74768	1.73719	1.7117	1.67064	1.61163	1.53028	1.42413	1.29164	1.13268	0.948269	0.743086	0.530652	0.334576	0.18099	0.0824865	0.0314602	0.0100574	0.00271196	0.000622021	0.000122452	
1.26675	1.35057	1.41171	1.45243	1.47434	1.47807	1.46345	1.43038	1.37764	1.30315	1.20513	1.08336	0.938733	0.77475	0.598801	0.424176	0.268636	0.148393	0.070137	0.0280638	0.00948081	0.00271196	0.000660807	0.000138188	2.49982e-05	
0.885135	0.974822	1.04337	1.09016	1.11558	1.11985	1.10289	1.0647	1.00487	0.92348	0.821928	0.703097	0.571996	0.436408	0.306827	0.194843	0.109444	0.0533737	0.0223062	0.00793867	0.00240464	0.000622021	0.000138188	2.65443e-05	4.43998e-06	
0.511861	0.586638	0.646791	0.689508	0.713208	0.717179	0.701316	0.66607	0.612627	0.543269	0.461576	0.372444	0.282157	0.197848	0.1263	0.072117	0.0362084	0.0157632	0.00589744	0.0018893	0.000518647	0.000122452	2.49982e-05	4.43998e-06	6.90512e-07	
