-0.280601	-0.297951	-0.304382	-0.312923	-0.321685	-0.329259	-0.334461	-0.336611	-0.337409	-0.337225	-0.337591	-0.339987	-0.34735	-0.362315	-0.388016	-0.428503	-0.486308	-0.560441	-0.64996	-0.751052	-0.857753	-0.961673	-1.0519	-1.11725	-1.14554	
-0.283841	-0.284926	-0.291069	-0.300093	-0.309372	-0.317515	-0.323307	-0.32547	-0.325445	-0.323545	-0.32104	-0.319223	-0.321058	-0.329818	-0.348978	-0.382295	-0.432911	-0.500389	-0.584998	-0.684564	-0.792644	-0.902028	-1.00354	-1.0842	-1.13023	
-0.340115	-0.336822	-0.339639	-0.346119	-0.353501	-0.361278	-0.367312	-0.370966	-0.372334	-0.372638	-0.371259	-0.370023	-0.370425	-0.375349	-0.387954	-0.41036	-0.44523	-0.493751	-0.554744	-0.629534	-0.713411	-0.799678	-0.885292	-0.963001	-1.0189	
-0.430744	-0.423125	-0.421606	-0.423779	-0.428455	-0.4351	-0.440971	-0.446379	-0.44993	-0.453769	-0.455397	-0.456494	-0.457639	-0.460259	-0.46601	-0.477053	-0.492548	-0.515554	-0.545175	-0.583327	-0.63059	-0.682781	-0.738081	-0.793816	-0.839527	
-0.500984	-0.490676	-0.485825	-0.484731	-0.487628	-0.492276	-0.497738	-0.502752	-0.508158	-0.513193	-0.517846	-0.520864	-0.524234	-0.527965	-0.531463	-0.537355	-0.54319	-0.547232	-0.550813	-0.552959	-0.556395	-0.562222	-0.573059	-0.590284	-0.612809	
-0.536661	-0.529204	-0.52478	-0.524417	-0.526254	-0.528927	-0.532445	-0.534118	-0.537998	-0.539128	-0.541378	-0.541328	-0.541898	-0.542511	-0.543394	-0.543459	-0.545661	-0.541744	-0.531179	-0.5112	-0.483434	-0.44767	-0.411757	-0.383607	-0.37158	
-0.552709	-0.55218	-0.552537	-0.55492	-0.556052	-0.557648	-0.557094	-0.555374	-0.552525	-0.547248	-0.539455	-0.530392	-0.519794	-0.50731	-0.496184	-0.483082	-0.472703	-0.461431	-0.443925	-0.415816	-0.377343	-0.328585	-0.268874	-0.211404	-0.162064	
-0.532676	-0.539056	-0.545596	-0.548628	-0.551299	-0.550872	-0.547512	-0.542942	-0.532531	-0.521576	-0.50321	-0.484535	-0.461039	-0.434477	-0.405011	-0.377729	-0.349562	-0.326412	-0.301678	-0.274408	-0.234424	-0.188616	-0.126564	-0.0574245	0.0108058	
-0.462068	-0.4728	-0.481648	-0.484957	-0.488747	-0.48606	-0.482208	-0.47414	-0.461009	-0.445203	-0.423865	-0.39964	-0.369779	-0.336263	-0.294344	-0.254294	-0.211396	-0.172364	-0.132445	-0.0978097	-0.0604313	-0.0195396	0.0258922	0.089365	0.153308	
-0.335054	-0.347817	-0.355559	-0.362642	-0.362962	-0.362039	-0.355647	-0.345184	-0.331992	-0.31198	-0.292584	-0.26578	-0.236931	-0.201852	-0.16194	-0.116583	-0.0703655	-0.0199042	0.0293445	0.0828755	0.126533	0.169014	0.195107	0.225324	0.262843	
-0.163218	-0.180078	-0.189894	-0.199609	-0.199022	-0.198886	-0.190209	-0.17776	-0.162453	-0.139971	-0.117776	-0.0888603	-0.0586568	-0.0225853	0.0124226	0.0538779	0.0916903	0.137504	0.179924	0.227579	0.273864	0.316566	0.344713	0.348484	0.351838	
0.0179687	-0.00062593	-0.0138086	-0.0205601	-0.0240723	-0.0202778	-0.0130854	-9.59271e-05	0.0174821	0.0376279	0.0642846	0.0914511	0.1243	0.157629	0.191637	0.225886	0.257763	0.287166	0.319903	0.346126	0.374557	0.403249	0.431281	0.435421	0.417464	
0.190662	0.176612	0.1656	0.160792	0.157785	0.161456	0.167441	0.17782	0.192655	0.208866	0.231007	0.252788	0.279232	0.304592	0.330953	0.35687	0.383749	0.403649	0.424049	0.439251	0.445016	0.450271	0.464301	0.469779	0.449466	
0.344798	0.335102	0.327959	0.324349	0.322853	0.325931	0.330115	0.338746	0.348795	0.360638	0.375291	0.389081	0.403063	0.418697	0.430254	0.443638	0.460116	0.472356	0.484533	0.495496	0.493665	0.470319	0.452491	0.441879	0.41924	
0.460429	0.456805	0.448897	0.448708	0.446696	0.449274	0.454181	0.458159	0.468879	0.474406	0.484713	0.493203	0.497106	0.503036	0.506563	0.501634	0.504961	0.501236	0.492022	0.488223	0.487117	0.460137	0.409609	0.366695	0.328278	
0.527108	0.527218	0.522799	0.523213	0.524388	0.523296	0.529265	0.528829	0.534233	0.537846	0.537469	0.542244	0.539941	0.534618	0.534823	0.521642	0.507325	0.497407	0.469403	0.431663	0.407305	0.381344	0.328433	0.263155	0.209967	
0.548156	0.547892	0.552255	0.554143	0.555899	0.557015	0.556772	0.557373	0.552085	0.551385	0.541934	0.532822	0.525461	0.504956	0.493646	0.475974	0.447074	0.423303	0.39962	0.349775	0.298793	0.262248	0.214256	0.152369	0.0896924	
0.508845	0.50862	0.521474	0.521874	0.52445	0.527637	0.520375	0.523384	0.509432	0.505444	0.490956	0.472269	0.457854	0.431516	0.402119	0.380917	0.343328	0.304988	0.276015	0.240767	0.182505	0.14076	0.0999439	0.0521351	-0.000134712	
0.401832	0.407414	0.421254	0.421429	0.425797	0.427544	0.41896	0.419374	0.404551	0.394811	0.380284	0.360896	0.338019	0.322355	0.283423	0.260875	0.227857	0.18583	0.145903	0.120448	0.0793943	0.0414043	0.0108722	-0.0240926	-0.0647119	
0.266495	0.284009	0.289165	0.296083	0.299923	0.297115	0.296744	0.285104	0.280162	0.261802	0.248079	0.231132	0.204291	0.188829	0.161976	0.135593	0.113859	0.0878555	0.0533037	0.0263757	-0.00586797	-0.0334791	-0.0495498	-0.0695765	-0.0968786	
0.150873	0.16249	0.166812	0.172475	0.175256	0.172399	0.172189	0.163023	0.157274	0.145003	0.132022	0.117997	0.0993431	0.081779	0.0605424	0.0399101	0.0194406	-0.0010634	-0.0189107	-0.0299168	-0.0500442	-0.0774536	-0.0881158	-0.096756	-0.114192	
0.0514198	0.0599988	0.0615018	0.0667797	0.0675509	0.0665228	0.0659916	0.0587903	0.0564202	0.0454066	0.0388418	0.0289806	0.0158064	0.00772208	-0.00572922	-0.0213637	-0.0303501	-0.0458048	-0.0671025	-0.0738114	-0.0793246	-0.0970961	-0.106117	-0.10966	-0.11721	
-0.0129147	-0.00630879	-0.00649842	-0.00304428	-0.00100108	-0.00425004	-0.00161667	-0.0094066	-0.0093888	-0.0171645	-0.0236144	-0.0278916	-0.0389606	-0.0450273	-0.0503876	-0.0623877	-0.0669268	-0.0705534	-0.0827115	-0.092731	-0.0922731	-0.107248	-0.113718	-0.115931	-0.120481	
-0.0462125	-0.0426093	-0.0462595	-0.0417147	-0.0421495	-0.0443363	-0.0408511	-0.0478447	-0.0452873	-0.051138	-0.0538299	-0.0579759	-0.0611453	-0.0714165	-0.0696046	-0.0818058	-0.0852681	-0.0882243	-0.0921696	-0.0996088	-0.0989944	-0.10904	-0.117517	-0.116845	-0.116933	
-0.0655516	-0.0689829	-0.0688854	-0.0677704	-0.0686995	-0.0676509	-0.0693295	-0.0690292	-0.0717239	-0.071989	-0.0743686	-0.0766641	-0.0767558	-0.0809152	-0.0808273	-0.0854	-0.0885968	-0.0923971	-0.100583	-0.104899	-0.0989497	-0.107532	-0.116476	-0.119399	-0.117264	
-0.0743792	-0.0729867	-0.0774515	-0.0738397	-0.0750204	-0.0758619	-0.073412	-0.077946	-0.075332	-0.0790067	-0.0806202	-0.0820349	-0.0842533	-0.091019	-0.0859774	-0.0943761	-0.0946382	-0.0904815	-0.0929158	-0.105642	-0.1027	-0.107716	-0.115841	-0.118065	-0.115794	
-0.0732863	-0.080316	-0.0805355	-0.0802746	-0.0817948	-0.0802804	-0.0823101	-0.0802493	-0.0834713	-0.0811862	-0.0827553	-0.0851983	-0.0807403	-0.0882353	-0.0856758	-0.0892382	-0.0946524	-0.0986531	-0.0991565	-0.104048	-0.0997248	-0.104496	-0.114899	-0.11805	-0.115472	
-0.077848	-0.0806471	-0.0833816	-0.0809319	-0.0832182	-0.0814626	-0.0823979	-0.0828224	-0.082973	-0.0842684	-0.0852319	-0.0868481	-0.0869168	-0.0916774	-0.0878712	-0.0920672	-0.0932553	-0.0904822	-0.0941479	-0.104998	-0.102511	-0.105043	-0.113624	-0.118756	-0.114494	
-0.0742369	-0.0804133	-0.0809678	-0.0810469	-0.0819425	-0.0811216	-0.08243	-0.0812011	-0.0836136	-0.0821897	-0.0837574	-0.0859893	-0.0830005	-0.0899778	-0.0874386	-0.0911528	-0.0950852	-0.0963243	-0.0950756	-0.104319	-0.100588	-0.102899	-0.112814	-0.116726	-0.115501	
-0.0753756	-0.0819254	-0.0832599	-0.0819524	-0.0844283	-0.0819606	-0.084125	-0.0824509	-0.0844144	-0.0833992	-0.0844699	-0.0864688	-0.0835911	-0.0899528	-0.0864908	-0.0891238	-0.0937485	-0.0944464	-0.0951396	-0.102467	-0.10147	-0.103382	-0.113041	-0.118468	-0.113835	
-0.0761579	-0.08039	-0.0814994	-0.0811323	-0.081963	-0.0811986	-0.0822187	-0.0820009	-0.0832454	-0.0837596	-0.0847548	-0.0869694	-0.0862773	-0.0909938	-0.0887894	-0.0925342	-0.0932831	-0.0918716	-0.0932995	-0.105563	-0.101899	-0.102928	-0.112002	-0.116919	-0.115254	
-0.073645	-0.0823956	-0.0824267	-0.0824388	-0.0841274	-0.0822192	-0.0843322	-0.081863	-0.0849236	-0.0821848	-0.0837924	-0.0858157	-0.0811445	-0.0890688	-0.0856985	-0.0882142	-0.0949633	-0.09829	-0.0964569	-0.101952	-0.100253	-0.102716	-0.113484	-0.117709	-0.114328	
-0.0781198	-0.080312	-0.0828433	-0.0812075	-0.0824527	-0.0820013	-0.0818631	-0.0834412	-0.0828276	-0.0848821	-0.085672	-0.0872974	-0.0879994	-0.092439	-0.0890783	-0.0939747	-0.0936787	-0.0901114	-0.0927586	-0.105671	-0.102799	-0.104774	-0.113213	-0.118069	-0.11497	
-0.0754546	-0.0835146	-0.0829872	-0.0836179	-0.0844156	-0.0832458	-0.0849237	-0.0828276	-0.0856622	-0.0835278	-0.0845525	-0.0870225	-0.0825953	-0.0893764	-0.0864607	-0.0896869	-0.094247	-0.0984323	-0.098816	-0.104848	-0.100259	-0.103419	-0.114568	-0.117308	-0.115064	
-0.0790884	-0.0812144	-0.0842774	-0.0821924	-0.0834	-0.0837598	-0.0821848	-0.0848821	-0.0835278	-0.0847027	-0.0866064	-0.0867611	-0.0871387	-0.0933352	-0.0886653	-0.0944191	-0.0963999	-0.0935528	-0.0950199	-0.104687	-0.101826	-0.10783	-0.116163	-0.119216	-0.116038	
-0.0806714	-0.0827725	-0.0852373	-0.083759	-0.0844704	-0.0847549	-0.0837924	-0.085672	-0.0845525	-0.0866064	-0.0863576	-0.0883539	-0.0879401	-0.0919087	-0.0885348	-0.0949881	-0.0948106	-0.0950384	-0.0995187	-0.108211	-0.102561	-0.107558	-0.116339	-0.117744	-0.116353	
-0.082065	-0.0852082	-0.0868511	-0.0859901	-0.0864691	-0.0869694	-0.0858158	-0.0872974	-0.0870225	-0.0867611	-0.0883539	-0.0883276	-0.0874243	-0.0918705	-0.0894313	-0.0935419	-0.0955695	-0.0983094	-0.103257	-0.106045	-0.100953	-0.110834	-0.1192	-0.120055	-0.118382	
-0.08427	-0.0807456	-0.0869184	-0.083001	-0.0835912	-0.0862773	-0.0811445	-0.0879994	-0.0825953	-0.0871387	-0.0879401	-0.0874243	-0.0913542	-0.0954432	-0.0912514	-0.100857	-0.100852	-0.0972552	-0.0995487	-0.106596	-0.104682	-0.115247	-0.119778	-0.118684	-0.120926	
-0.0910276	-0.088238	-0.0916782	-0.089978	-0.0899528	-0.0909938	-0.0890688	-0.092439	-0.0893764	-0.0933352	-0.0919087	-0.0918705	-0.0954432	-0.0912675	-0.0935315	-0.0968075	-0.0928615	-0.0961416	-0.110214	-0.110271	-0.106469	-0.116477	-0.120088	-0.121297	-0.123011	
-0.0859816	-0.0856771	-0.0878716	-0.0874387	-0.0864908	-0.0887894	-0.0856985	-0.0890783	-0.0864607	-0.0886653	-0.0885348	-0.0894313	-0.0912514	-0.0935315	-0.0957316	-0.100516	-0.102649	-0.107959	-0.109219	-0.104295	-0.107002	-0.120008	-0.123522	-0.121107	-0.129696	
-0.094378	-0.0892388	-0.0920674	-0.0911529	-0.0891238	-0.0925342	-0.0882142	-0.0939747	-0.0896869	-0.0944191	-0.0949881	-0.0935419	-0.100857	-0.0968075	-0.100516	-0.102972	-0.101134	-0.10077	-0.107065	-0.108186	-0.115867	-0.126388	-0.122639	-0.123598	-0.134754	
-0.094639	-0.0946526	-0.0932554	-0.0950852	-0.0937485	-0.0932831	-0.0949633	-0.0936787	-0.094247	-0.0963999	-0.0948106	-0.0955695	-0.100852	-0.0928615	-0.102649	-0.101134	-0.100602	-0.10713	-0.116463	-0.112388	-0.119552	-0.123727	-0.122075	-0.127584	-0.143367	
-0.0904818	-0.0986532	-0.0904823	-0.0963243	-0.0944464	-0.0918716	-0.09829	-0.0901114	-0.0984323	-0.0935528	-0.0950384	-0.0983094	-0.0972552	-0.0961416	-0.107959	-0.10077	-0.10713	-0.117277	-0.117012	-0.108698	-0.122774	-0.12692	-0.127308	-0.135448	-0.150307	
-0.0929159	-0.0991566	-0.0941479	-0.0950756	-0.0951396	-0.0932995	-0.0964569	-0.0927586	-0.098816	-0.0950199	-0.0995187	-0.103257	-0.0995487	-0.110214	-0.109219	-0.107065	-0.116463	-0.117012	-0.106017	-0.114695	-0.133512	-0.129131	-0.130021	-0.140689	-0.156449	
-0.105642	-0.104048	-0.104998	-0.104319	-0.102467	-0.105563	-0.101952	-0.105671	-0.104848	-0.104687	-0.108211	-0.106045	-0.106596	-0.110271	-0.104295	-0.108186	-0.112388	-0.108698	-0.114695	-0.135174	-0.136556	-0.126949	-0.134221	-0.152405	-0.160492	
-0.1027	-0.0997248	-0.102511	-0.100588	-0.10147	-0.101899	-0.100253	-0.102799	-0.100259	-0.101826	-0.102561	-0.100953	-0.104682	-0.106469	-0.107002	-0.115867	-0.119552	-0.122774	-0.133512	-0.136556	-0.12637	-0.126431	-0.147933	-0.161878	-0.158333	
-0.107716	-0.104496	-0.105043	-0.102899	-0.103382	-0.102928	-0.102716	-0.104774	-0.103419	-0.10783	-0.107558	-0.110834	-0.115247	-0.116477	-0.120008	-0.126388	-0.123727	-0.12692	-0.129131	-0.126949	-0.126431	-0.146408	-0.165295	-0.163106	-0.157468	
-0.115841	-0.114899	-0.113624	-0.112814	-0.113041	-0.112002	-0.113484	-0.113213	-0.114568	-0.116163	-0.116339	-0.1192	-0.119778	-0.120088	-0.123522	-0.122639	-0.122075	-0.127308	-0.130021	-0.134221	-0.147933	-0.165295	-0.163871	-0.1561	-0.160979	
-0.118065	-0.11805	-0.118756	-0.116726	-0.118468	-0.116919	-0.117709	-0.118069	-0.117308	-0.119216	-0.117744	-0.120055	-0.118684	-0.121297	-0.121107	-0.123598	-0.127584	-0.135448	-0.140689	-0.152405	-0.161878	-0.163106	-0.1561	-0.161002	-0.185241	
-0.115794	-0.115472	-0.114494	-0.115501	-0.113835	-0.115254	-0.114328	-0.11497	-0.115064	-0.116038	-0.116353	-0.118382	-0.120926	-0.123011	-0.129696	-0.134754	-0.143367	-0.150307	-0.156449	-0.160492	-0.158333	-0.157468	-0.160979	-0.185241	-0.212784	
