-0.602702	-0.490944	-0.321755	-0.0973665	0.162553	0.41924	0.642285	0.821613	0.950053	1.00891	0.978963	0.861809	0.686241	0.494771	0.324123	0.193819	0.106318	0.0537578	0.0251686	0.0109563	0.00445139	0.00169387	0.000606282	0.0002076	7.98286e-05	
-0.56024	-0.422834	-0.231108	0.00938731	0.271244	0.515775	0.720243	0.878835	0.98185	1.00886	0.945928	0.804044	0.618404	0.431136	0.273516	0.158646	0.0845434	0.0415898	0.0189697	0.00805467	0.00319548	0.0011885	0.000416077	0.00013905	4.97582e-05	
-0.502246	-0.340334	-0.1276	0.124351	0.381684	0.609478	0.793165	0.928698	1.00283	0.995403	0.900117	0.737489	0.547074	0.368349	0.226049	0.127045	0.0657091	0.03142	0.0139493	0.00577236	0.00223432	0.000811604	0.000277692	9.05755e-05	3.11563e-05	
-0.428237	-0.243165	-0.0122427	0.244873	0.490978	0.698266	0.859263	0.968921	1.01056	0.967096	0.841766	0.663692	0.474204	0.307993	0.182646	0.0993705	0.0498367	0.0231436	0.00999296	0.00402688	0.00151963	0.000538716	0.000180031	5.73288e-05	1.91453e-05	
-0.338033	-0.13161	0.112886	0.367534	0.596165	0.780153	0.916513	0.996901	1.00274	0.923167	0.771939	0.584793	0.401941	0.251558	0.144018	0.0757839	0.0368244	0.0165951	0.00696359	0.00273068	0.00100396	0.00034712	0.000113236	3.52003e-05	1.14447e-05	
-0.231772	-0.00685162	0.244516	0.488416	0.694465	0.85319	0.962532	1.00982	0.977484	0.86376	0.692584	0.503405	0.332464	0.200311	0.110617	0.0562538	0.0264641	0.0115653	0.00471316	0.00179736	0.000643417	0.000216841	6.90129e-05	2.0936e-05	6.63072e-06	
-0.110101	0.128641	0.378267	0.603516	0.783426	0.915305	0.99451	1.00491	0.93371	0.790142	0.606485	0.422414	0.267792	0.155194	0.082605	0.0405703	0.0184663	0.00782114	0.00309367	0.00114667	0.00039946	0.000131155	4.07056e-05	1.20466e-05	3.71613e-06	
0.0253951	0.270853	0.509033	0.709192	0.860906	0.964073	1.00929	0.979852	0.871535	0.704797	0.517077	0.344721	0.209599	0.116755	0.0598617	0.0283774	0.0124903	0.00512425	0.00196638	0.000708054	0.00023993	7.6714e-05	2.32084e-05	6.69812e-06	2.01199e-06	
0.171653	0.414292	0.631623	0.802475	0.924821	0.996534	1.00369	0.933349	0.792581	0.611339	0.428144	0.272962	0.15907	0.0851202	0.0420176	0.0192166	0.00817558	0.00324759	0.00120853	0.000422599	0.000139242	4.33396e-05	1.27767e-05	3.59502e-06	1.05124e-06	
0.323726	0.55251	0.741487	0.881072	0.972758	1.00924	0.97505	0.865665	0.700096	0.514228	0.343424	0.209238	0.116805	0.0600188	0.0285134	0.0125767	0.00517027	0.00198797	0.000717196	0.000243476	7.79836e-05	2.36225e-05	6.78441e-06	1.86073e-06	5.29563e-07	
0.47479	0.679057	0.835232	0.942988	1.00163	0.99862	0.922028	0.779062	0.598791	0.418294	0.266191	0.154914	0.0828149	0.0408505	0.0186735	0.00794195	0.00315419	0.00117368	0.000410421	0.000135242	4.21003e-05	1.24091e-05	3.47142e-06	9.27911e-07	2.56991e-07	
0.616863	0.788604	0.910635	0.98588	1.00769	0.961846	0.845381	0.677917	0.494376	0.328157	0.198895	0.110536	0.0565783	0.0267893	0.0117821	0.00483137	0.00185358	0.00066743	0.000226201	7.23443e-05	2.18857e-05	6.27639e-06	1.71009e-06	4.45471e-07	1.20056e-07	
0.742289	0.877722	0.96598	1.00649	0.987056	0.897886	0.7485	0.568394	0.392832	0.247641	0.142928	0.0758518	0.037176	0.0168976	0.00715059	0.00282724	0.00104785	0.000365123	0.000119935	3.72291e-05	1.09452e-05	3.05394e-06	8.10413e-07	2.05738e-07	5.39563e-08	
0.845488	0.944719	0.998973	1.00065	0.936997	0.808583	0.637415	0.457655	0.299567	0.179325	0.0985672	0.0499617	0.0234522	0.0102351	0.00416829	0.00158938	0.000569156	0.000191942	6.11141e-05	1.8414e-05	5.26147e-06	1.42845e-06	3.69212e-07	9.13537e-08	2.33161e-08	
0.923862	0.988323	1.00593	0.964325	0.857459	0.699193	0.520114	0.352775	0.218671	0.124326	0.0651045	0.0315321	0.0141816	0.00594493	0.0023308	0.000857347	0.000296714	9.68676e-05	2.99024e-05	8.74704e-06	2.42945e-06	6.41867e-07	1.61614e-07	3.89793e-08	9.68359e-09	
0.976803	1.00593	0.982151	0.895513	0.75234	0.578019	0.40525	0.25961	0.152438	0.0823617	0.0411146	0.0190388	0.00820889	0.00330706	0.00124881	0.000443308	0.000148329	4.68932e-05	1.40384e-05	3.9878e-06	1.07689e-06	2.76935e-07	6.7939e-08	1.59758e-08	3.86398e-09	
1.00311	0.992919	0.92392	0.796333	0.6297	0.455067	0.300605	0.181957	0.101281	0.0520457	0.0247879	0.010983	0.00454309	0.00176004	0.000640501	0.000219539	7.10506e-05	2.17606e-05	6.32e-06	1.74396e-06	4.58026e-07	1.1468e-07	2.74184e-08	6.2876e-09	1.48097e-09	
0.998862	0.94427	0.831376	0.674085	0.500561	0.340082	0.211758	0.12122	0.0640306	0.0313279	0.0142498	0.00604694	0.00240165	0.000895407	0.000314232	0.000104059	3.25915e-05	9.67462e-06	2.72713e-06	7.31303e-07	1.86863e-07	4.55668e-08	1.06205e-08	2.37581e-09	5.4513e-10	
0.958235	0.858164	0.710664	0.540425	0.376558	0.240628	0.141385	0.0766419	0.0384687	0.0179427	0.00780357	0.0031748	0.00121183	0.000435164	0.00014738	4.71843e-05	1.43103e-05	4.11942e-06	1.12757e-06	2.93967e-07	7.31084e-08	1.73692e-08	3.94788e-09	8.61787e-10	1.92695e-10	
0.877633	0.739378	0.573746	0.408745	0.267362	0.160894	0.0893445	0.0459359	0.0219424	0.00977032	0.0040681	0.00158856	0.000583335	0.00020194	6.60562e-05	2.04604e-05	6.01272e-06	1.67947e-06	4.46629e-07	1.13258e-07	2.74268e-08	6.35108e-09	1.40825e-09	3.00083e-10	6.54132e-11	
0.760452	0.599959	0.435601	0.290848	0.178842	0.101534	0.0533857	0.0260802	0.0118755	0.00505561	0.00201797	0.00075724	0.000267794	8.94561e-05	2.82863e-05	8.48295e-06	2.41718e-06	6.55531e-07	1.69464e-07	4.18211e-08	9.8659e-09	2.2277e-09	4.82072e-10	1.00314e-10	2.13265e-11	
0.618777	0.456346	0.310129	0.194373	0.112585	0.0604305	0.0301477	0.0140209	0.00609651	0.00248526	0.000952297	0.000343822	0.000117228	3.78242e-05	1.15715e-05	3.36261e-06	9.29725e-07	2.44963e-07	6.15957e-08	1.48011e-08	3.40319e-09	7.49637e-10	1.58383e-10	3.21976e-11	6.67889e-12	
0.470445	0.324445	0.206732	0.1219	0.0666716	0.0339136	0.016088	0.00713699	0.0029686	0.00116063	0.000427527	0.000148699	4.89348e-05	1.52658e-05	4.52257e-06	1.27449e-06	3.42172e-07	8.76481e-08	2.14496e-08	5.02145e-09	1.12588e-09	2.42049e-10	4.99517e-11	9.92455e-12	2.0096e-12	
0.333252	0.215321	0.128962	0.0717341	0.0371441	0.0179487	0.0081143	0.00344043	0.00137134	0.000515017	0.000182626	6.12678e-05	1.94821e-05	5.88212e-06	1.68902e-06	4.61959e-07	1.20521e-07	3.00334e-08	7.15771e-09	1.63341e-09	3.57318e-10	7.50098e-11	1.51268e-11	2.93858e-12	5.81103e-13	
0.219721	0.133368	0.0753017	0.0396262	0.0194774	0.0089627	0.00386981	0.00157125	0.000601204	0.000217221	7.42526e-05	2.40567e-05	7.39969e-06	2.1644e-06	6.02922e-07	1.60177e-07	4.0638e-08	9.85842e-09	2.28949e-09	5.09584e-10	1.08817e-10	2.23164e-11	4.39979e-12	8.36059e-13	1.61536e-13	
0.134865	0.0771454	0.0411892	0.0205648	0.00962054	0.00422569	0.00174622	0.000680239	0.000250272	8.7125e-05	2.87476e-05	9.00541e-06	2.68239e-06	7.60841e-07	2.0579e-07	5.31472e-08	1.31221e-08	3.10101e-09	7.02204e-10	1.52525e-10	3.18107e-11	6.37637e-12	1.22957e-12	2.28644e-13	4.31828e-14	
0.0771454	0.0417229	0.0211299	0.0100374	0.00448044	0.00188275	0.000746141	0.000279367	9.89916e-05	3.32509e-05	1.06041e-05	3.21555e-06	9.28474e-07	2.55625e-07	6.71914e-08	1.68822e-08	4.05934e-09	9.35119e-10	2.06595e-10	4.3817e-11	8.92997e-12	1.75038e-12	3.30278e-13	6.01276e-14	1.11057e-14	
0.0411892	0.0211299	0.0101802	0.00461336	0.00196962	0.000793522	0.000302168	0.000108928	3.72305e-05	1.20831e-05	3.72902e-06	1.09583e-06	3.07041e-07	8.21279e-08	2.09965e-08	5.13637e-09	1.20362e-09	2.70455e-10	5.83309e-11	1.20867e-11	2.40831e-12	4.61831e-13	8.53082e-14	1.5211e-14	2.74882e-15	
0.0205648	0.0100374	0.00461336	0.00199945	0.000818311	0.000316719	0.000116093	4.03585e-05	1.3325e-05	4.18396e-06	1.25103e-06	3.56657e-07	9.70649e-08	2.52467e-08	6.28288e-09	1.49757e-09	3.42236e-10	7.50582e-11	1.58128e-11	3.20286e-12	6.2425e-13	1.17172e-13	2.11973e-14	3.70341e-15	6.55093e-16	
0.00962054	0.00448044	0.00196962	0.000818311	0.000321721	0.000119848	4.23587e-05	1.42224e-05	4.54225e-06	1.38158e-06	4.00689e-07	1.10935e-07	2.93527e-08	7.43035e-09	1.80137e-09	4.18659e-10	9.33673e-11	1.99987e-11	4.1178e-12	8.15731e-13	1.55596e-13	2.85992e-14	5.06933e-15	8.6817e-16	1.50387e-16	
0.00422569	0.00188275	0.000793522	0.000316719	0.000119848	4.30471e-05	1.46933e-05	4.77167e-06	1.47604e-06	4.35408e-07	1.22616e-07	3.29998e-08	8.49658e-09	2.09498e-09	4.95156e-10	1.12288e-10	2.44535e-11	5.1185e-12	1.03062e-12	1.99782e-13	3.73118e-14	6.71877e-15	1.16737e-15	1.96051e-16	3.32712e-17	
0.00174622	0.000746141	0.000302168	0.000116093	4.23587e-05	1.46933e-05	4.85067e-06	1.52565e-06	4.57659e-07	1.31074e-07	3.58775e-08	9.39494e-09	2.35587e-09	5.66246e-10	1.30571e-10	2.89109e-11	6.15196e-12	1.2591e-12	2.48052e-13	4.70752e-14	8.6124e-15	1.52001e-15	2.58979e-16	4.26681e-17	7.0971e-18	
0.000680239	0.000279367	0.000108928	4.03585e-05	1.42224e-05	4.77167e-06	1.52565e-06	4.65324e-07	1.35518e-07	3.77225e-08	1.00457e-08	2.56178e-09	6.2615e-10	1.46816e-10	3.3052e-11	7.15012e-12	1.48754e-12	2.97853e-13	5.74429e-14	1.0678e-14	1.91452e-15	3.31318e-16	5.53779e-17	8.95407e-18	1.46034e-18	
0.000250272	9.89916e-05	3.72305e-05	1.3325e-05	4.54225e-06	1.47604e-06	4.57659e-07	1.35518e-07	3.83583e-08	1.03877e-08	2.69382e-09	6.69548e-10	1.59636e-10	3.65407e-11	8.0366e-12	1.69964e-12	3.45912e-13	6.7798e-14	1.28062e-14	2.33281e-15	4.10092e-16	6.9616e-17	1.14194e-17	1.81273e-18	2.9e-19	
8.7125e-05	3.32509e-05	1.20831e-05	4.18396e-06	1.38158e-06	4.35408e-07	1.31074e-07	3.77225e-08	1.03877e-08	2.73932e-09	6.92357e-10	1.67857e-10	3.90678e-11	8.73599e-12	1.87825e-12	3.88566e-13	7.7404e-14	1.48579e-14	2.75004e-15	4.91133e-16	8.46871e-17	1.41079e-17	2.27197e-18	3.54205e-19	5.56057e-20	
2.87476e-05	1.06041e-05	3.72902e-06	1.25103e-06	4.00689e-07	1.22616e-07	3.58775e-08	1.00457e-08	2.69382e-09	6.92357e-10	1.7069e-10	4.03958e-11	9.18437e-12	2.00757e-12	4.22201e-13	8.54874e-14	1.66771e-14	3.13668e-15	5.69159e-16	9.96979e-17	1.68693e-17	2.75884e-18	4.36348e-19	6.68345e-20	1.02998e-20	
9.00541e-06	3.21555e-06	1.09583e-06	3.56657e-07	1.10935e-07	3.29998e-08	9.39494e-09	2.56178e-09	6.69548e-10	1.67857e-10	4.03958e-11	9.33887e-12	2.07552e-12	4.43758e-13	9.13379e-14	1.81109e-14	3.46177e-15	6.38278e-16	1.13592e-16	1.95242e-17	3.24302e-18	5.20867e-19	8.09379e-20	1.21838e-20	1.84387e-21	
2.68239e-06	9.28474e-07	3.07041e-07	9.70649e-08	2.93527e-08	8.49658e-09	2.35587e-09	6.2615e-10	1.59636e-10	3.90678e-11	9.18437e-12	2.07552e-12	4.51184e-13	9.44109e-14	1.90293e-14	3.69692e-15	6.92706e-16	1.25262e-16	2.18734e-17	3.69058e-18	6.02009e-19	9.49911e-20	1.4507e-20	2.1469e-21	3.1918e-22	
7.60841e-07	2.55625e-07	8.21279e-08	2.52467e-08	7.43035e-09	2.09498e-09	5.66246e-10	1.46816e-10	3.65407e-11	8.73599e-12	2.00757e-12	4.43758e-13	9.44109e-14	1.93457e-14	3.82039e-15	7.27557e-16	1.33699e-16	2.37218e-17	4.06615e-18	6.73721e-19	1.07964e-19	1.67423e-20	2.51374e-21	3.65846e-22	5.34497e-23	
2.0579e-07	6.71914e-08	2.09965e-08	6.28288e-09	1.80137e-09	4.95156e-10	1.30571e-10	3.3052e-11	8.0366e-12	1.87825e-12	4.22201e-13	9.13379e-14	1.90293e-14	3.82039e-15	7.39557e-16	1.38127e-16	2.49046e-17	4.33743e-18	7.30093e-19	1.18838e-19	1.87155e-20	2.85324e-21	4.21301e-22	6.0318e-23	8.66285e-24	
5.31472e-08	1.68822e-08	5.13637e-09	1.49757e-09	4.18659e-10	1.12288e-10	2.89109e-11	7.15012e-12	1.69964e-12	3.88566e-13	8.54874e-14	1.81109e-14	3.69692e-15	7.27557e-16	1.38127e-16	2.53118e-17	4.47975e-18	7.66146e-19	1.26687e-19	2.02651e-20	3.13752e-21	4.70397e-22	6.83288e-23	9.62637e-24	1.35951e-24	
1.31221e-08	4.05934e-09	1.20362e-09	3.42236e-10	9.33673e-11	2.44535e-11	6.15196e-12	1.48754e-12	3.45912e-13	7.7404e-14	1.66771e-14	3.46177e-15	6.92706e-16	1.33699e-16	2.49046e-17	4.47975e-18	7.78553e-19	1.30803e-19	2.12555e-20	3.34253e-21	5.08919e-22	7.50594e-23	1.0729e-23	1.4878e-24	2.06682e-25	
3.10101e-09	9.35119e-10	2.70455e-10	7.50582e-11	1.99987e-11	5.1185e-12	1.2591e-12	2.97853e-13	6.7798e-14	1.48579e-14	3.13668e-15	6.38278e-16	1.25262e-16	2.37218e-17	4.33743e-18	7.66146e-19	1.30803e-19	2.15963e-20	3.44999e-21	5.33524e-22	7.99098e-23	1.15975e-23	1.63175e-24	2.22787e-25	3.0452e-26	
7.02204e-10	2.06595e-10	5.83309e-11	1.58128e-11	4.1178e-12	1.03062e-12	2.48052e-13	5.74429e-14	1.28062e-14	2.75004e-15	5.69159e-16	1.13592e-16	2.18734e-17	4.06615e-18	7.30093e-19	1.26687e-19	2.12555e-20	3.44999e-21	5.41986e-22	8.24508e-23	1.2152e-23	1.73598e-24	2.40488e-25	3.23365e-26	4.35022e-27	
1.52525e-10	4.3817e-11	1.20867e-11	3.20286e-12	8.15731e-13	1.99782e-13	4.70752e-14	1.0678e-14	2.33281e-15	4.91133e-16	9.96979e-17	1.95242e-17	3.69058e-18	6.73721e-19	1.18838e-19	2.02651e-20	3.34253e-21	5.33524e-22	8.24508e-23	1.23426e-23	1.79056e-24	2.51851e-25	3.4361e-26	4.55137e-27	6.02799e-28	
3.18107e-11	8.92997e-12	2.40831e-12	6.2425e-13	1.55596e-13	3.73118e-14	8.6124e-15	1.91452e-15	4.10092e-16	8.46871e-17	1.68693e-17	3.24302e-18	6.02009e-19	1.07964e-19	1.87155e-20	3.13752e-21	5.08919e-22	7.99098e-23	1.2152e-23	1.79056e-24	2.55757e-25	3.54287e-26	4.76171e-27	6.21474e-28	8.10554e-29	
6.37637e-12	1.75038e-12	4.61831e-13	1.17172e-13	2.85992e-14	6.71877e-15	1.52001e-15	3.31318e-16	6.9616e-17	1.41079e-17	2.75884e-18	5.20867e-19	9.49911e-20	1.67423e-20	2.85324e-21	4.70397e-22	7.50594e-23	1.15975e-23	1.73598e-24	2.51851e-25	3.54287e-26	4.83468e-27	6.40278e-28	8.23601e-29	1.05808e-29	
1.2296e-12	3.30285e-13	8.53097e-14	2.11975e-14	5.06936e-15	1.16737e-15	2.58979e-16	5.5378e-17	1.14194e-17	2.27197e-18	4.36348e-19	8.09379e-20	1.4507e-20	2.51374e-21	4.21301e-22	6.83288e-23	1.0729e-23	1.63175e-24	2.40488e-25	3.4361e-26	4.76171e-27	6.40278e-28	8.35733e-29	1.05975e-29	1.34138e-30	
2.28912e-13	6.0181e-14	1.52189e-14	3.70442e-15	8.68287e-16	1.96064e-16	4.26695e-17	8.95421e-18	1.81274e-18	3.54207e-19	6.68346e-20	1.21838e-20	2.1469e-21	3.65846e-22	6.0318e-23	9.62637e-24	1.4878e-24	2.22787e-25	3.23365e-26	4.55137e-27	6.21474e-28	8.23601e-29	1.05975e-29	1.325e-30	1.65276e-31	
4.57802e-14	1.13807e-14	2.7773e-15	6.57973e-16	1.50671e-16	3.32986e-17	7.09967e-18	1.46058e-18	2.90021e-19	5.56075e-20	1.02999e-20	1.84389e-21	3.19181e-22	5.34497e-23	8.66285e-24	1.35951e-24	2.06682e-25	3.0452e-26	4.35022e-27	6.02799e-28	8.10554e-29	1.05808e-29	1.34138e-30	1.65276e-31	2.03058e-32	
