-0.266029	-0.338189	-0.433885	-0.552444	-0.664898	-0.747494	-0.784857	-0.752932	-0.654809	-0.496771	-0.274895	-0.0121194	0.261081	0.534461	0.788249	0.985162	1.10713	1.16106	1.14746	1.0534	0.879994	0.65972	0.441608	0.264212	0.141883	
-0.338189	-0.427583	-0.538458	-0.654706	-0.737253	-0.780444	-0.767929	-0.685785	-0.54653	-0.349678	-0.100855	0.167414	0.435052	0.693963	0.915109	1.06689	1.1464	1.16232	1.10793	0.973109	0.772749	0.549228	0.348634	0.198164	0.101352	
-0.433885	-0.538458	-0.651546	-0.733145	-0.774546	-0.77491	-0.708471	-0.580307	-0.403137	-0.173052	0.0890358	0.352274	0.608396	0.842616	1.02066	1.1249	1.1636	1.14012	1.04291	0.871385	0.654866	0.439922	0.264256	0.142484	0.0693266	
-0.552444	-0.654706	-0.733145	-0.771983	-0.776784	-0.722852	-0.602368	-0.437271	-0.226455	0.0255048	0.285851	0.536985	0.774225	0.971227	1.09906	1.15732	1.15649	1.09112	0.951633	0.752112	0.532834	0.337475	0.191526	0.0978532	0.0452564	
-0.664898	-0.737253	-0.774546	-0.776784	-0.727809	-0.613732	-0.455777	-0.260542	-0.0217571	0.234885	0.481778	0.715818	0.922824	1.07075	1.14713	1.16313	1.12202	1.01276	0.836286	0.622005	0.414099	0.246824	0.132204	0.0639611	0.0281062	
-0.747494	-0.780444	-0.77491	-0.722852	-0.613732	-0.4616	-0.276778	-0.05088	0.199659	0.442747	0.671056	0.880253	1.04241	1.13514	1.16449	1.14067	1.05666	0.90503	0.702868	0.48995	0.305845	0.171374	0.0865889	0.0396615	0.0165581	
-0.784857	-0.767929	-0.708471	-0.602368	-0.455777	-0.276778	-0.0606998	0.181481	0.419427	0.641305	0.847514	1.01717	1.12295	1.16333	1.15149	1.08665	0.958205	0.772282	0.561041	0.365499	0.213675	0.112515	0.0536312	0.0232632	0.00923003	
-0.752932	-0.685785	-0.580307	-0.437271	-0.260542	-0.05088	0.181481	0.411651	0.626575	0.827116	0.998257	1.1123	1.16125	1.15765	1.10632	0.997275	0.828725	0.62411	0.422562	0.256907	0.140628	0.0696148	0.0313227	0.012875	0.00485796	
-0.654809	-0.54653	-0.403137	-0.226455	-0.0217571	0.199659	0.419427	0.626575	0.820216	0.988138	1.10499	1.15925	1.1611	1.11869	1.02447	0.872066	0.676914	0.474077	0.298619	0.169415	0.08689	0.0404766	0.0172097	0.00671026	0.00241008	
-0.496771	-0.349678	-0.173052	0.0255048	0.234885	0.442747	0.641305	0.827116	0.988138	1.10237	1.15805	1.16286	1.1259	1.04206	0.903079	0.718229	0.51764	0.336385	0.197118	0.104459	0.0502695	0.0220695	0.00887967	0.0032886	0.00112564	
-0.274895	-0.100855	0.0890358	0.285851	0.481778	0.671056	0.847514	0.998257	1.10499	1.15805	1.1634	1.12921	1.05185	0.922887	0.747626	0.551514	0.368053	0.22193	0.121146	0.0600794	0.0271815	0.0112675	0.00429745	0.00151405	0.000494553	
-0.0121194	0.167414	0.352274	0.536985	0.715818	0.880253	1.01717	1.1123	1.15925	1.16286	1.12921	1.05499	0.932502	0.765142	0.57459	0.391896	0.242179	0.135728	0.0691798	0.0321849	0.0137215	0.00538203	0.00194953	0.000654485	0.000204315	
0.261081	0.435052	0.608396	0.774225	0.922824	1.04241	1.12295	1.16125	1.1611	1.1259	1.05185	0.932502	0.770952	0.586258	0.406683	0.256491	0.147073	0.0768255	0.0366693	0.0160489	0.006464	0.00240445	0.000828833	0.00026561	7.93678e-05	
0.534461	0.693963	0.842616	0.971227	1.07075	1.13514	1.16333	1.15765	1.11869	1.04206	0.922887	0.765142	0.586258	0.411692	0.263896	0.154273	0.0823478	0.0402287	0.0180395	0.0074493	0.00284196	0.00100487	0.000330304	0.000101222	2.89975e-05	
0.788249	0.915109	1.02066	1.09906	1.14713	1.16449	1.15149	1.10632	1.02447	0.903079	0.747626	0.57459	0.406683	0.263896	0.156741	0.0852439	0.0425187	0.0194965	0.00824105	0.00322039	0.00116679	0.000393064	0.000123452	3.62421e-05	9.96942e-06	
0.985162	1.06689	1.1249	1.15732	1.16313	1.14067	1.08665	0.997275	0.872066	0.718229	0.551514	0.391896	0.256491	0.154273	0.0852439	0.0433091	0.0202669	0.00875478	0.00349966	0.00129791	0.000447728	0.000144024	4.33066e-05	1.22007e-05	3.22761e-06	
1.10713	1.1464	1.1636	1.15649	1.12202	1.05666	0.958205	0.828725	0.676914	0.51764	0.368053	0.242179	0.147073	0.0823478	0.0425187	0.0202669	0.00893284	0.00364805	0.00138342	0.000488273	0.00016076	4.94854e-05	1.42728e-05	3.8653e-06	9.8485e-07	
1.16106	1.16232	1.14012	1.09112	1.01276	0.90503	0.772282	0.62411	0.474077	0.336385	0.22193	0.135728	0.0768255	0.0402287	0.0194965	0.00875478	0.00364805	0.00141314	0.000509884	0.000171711	5.40819e-05	1.5963e-05	4.42426e-06	1.15361e-06	2.83505e-07	
1.14746	1.10793	1.04291	0.951633	0.836286	0.702868	0.561041	0.422562	0.298619	0.197118	0.121146	0.0691798	0.0366693	0.0180395	0.00824105	0.00349966	0.00138342	0.000509884	0.000175522	5.65364e-05	1.70709e-05	4.84075e-06	1.29144e-06	3.24711e-07	7.70744e-08	
1.0534	0.973109	0.871385	0.752112	0.622005	0.48995	0.365499	0.256907	0.169415	0.104459	0.0600794	0.0321849	0.0160489	0.0074493	0.00322039	0.00129791	0.000488273	0.000171711	5.65364e-05	1.74569e-05	5.06337e-06	1.38187e-06	3.55434e-07	8.63005e-08	1.98108e-08	
0.879994	0.772749	0.654866	0.532834	0.414099	0.305845	0.213675	0.140628	0.08689	0.0502695	0.0271815	0.0137215	0.006464	0.00284196	0.00116679	0.000447728	0.00016076	5.40819e-05	1.70709e-05	5.06337e-06	1.41338e-06	3.71862e-07	9.23546e-08	2.16837e-08	4.81985e-09	
0.65972	0.549228	0.439922	0.337475	0.246824	0.171374	0.112515	0.0696148	0.0404766	0.0220695	0.0112675	0.00538203	0.00240445	0.00100487	0.000393064	0.000144024	4.94854e-05	1.5963e-05	4.84075e-06	1.38187e-06	3.71862e-07	9.44649e-08	2.26851e-08	5.15693e-09	1.11123e-09	
0.441608	0.348634	0.264256	0.191526	0.132204	0.0865889	0.0536312	0.0313227	0.0172097	0.00887967	0.00429745	0.00194953	0.000828833	0.000330304	0.000123452	4.33066e-05	1.42728e-05	4.42426e-06	1.29144e-06	3.55434e-07	9.23546e-08	2.26851e-08	5.27441e-09	1.1623e-09	2.43062e-10	
0.264212	0.198164	0.142484	0.0978532	0.0639611	0.0396615	0.0232632	0.012875	0.00671026	0.0032886	0.00151405	0.000654485	0.00026561	0.000101222	3.62421e-05	1.22007e-05	3.8653e-06	1.15361e-06	3.24711e-07	8.63005e-08	2.16837e-08	5.15693e-09	1.1623e-09	2.48563e-10	5.04975e-11	
0.141883	0.101352	0.0693266	0.0452564	0.0281062	0.0165581	0.00923003	0.00485796	0.00241008	0.00112564	0.000494553	0.000204315	7.93678e-05	2.89975e-05	9.96942e-06	3.22761e-06	9.8485e-07	2.83505e-07	7.70744e-08	1.98108e-08	4.81985e-09	1.11123e-09	2.43062e-10	5.04975e-11	9.97592e-12	
0.0687609	0.0469076	0.0306119	0.0190532	0.0112784	0.00633312	0.00336596	0.00169013	0.000800622	0.000357422	0.00015028	5.94927e-05	2.21756e-05	7.78514e-06	2.57548e-06	8.03431e-07	2.36536e-07	6.57822e-08	1.72988e-08	4.30605e-09	1.0157e-09	2.27274e-10	4.82959e-11	9.7571e-12	1.87606e-12	
0.0302473	0.0197569	0.012335	0.00734089	0.00415383	0.00222971	0.00113319	0.000544398	0.000246919	0.000105644	4.26148e-05	1.62039e-05	5.80843e-06	1.96342e-06	6.26195e-07	1.88556e-07	5.36476e-08	1.44354e-08	3.67695e-09	8.87497e-10	2.03195e-10	4.41751e-11	9.12885e-12	1.79507e-12	3.36216e-13	
0.0121443	0.00761366	0.00455909	0.00260104	0.00141061	0.000725744	0.000353616	0.00016295	7.09403e-05	2.9157e-05	1.13092e-05	4.13912e-06	1.42966e-06	4.6618e-07	1.43582e-07	4.17985e-08	1.15099e-08	3.00059e-09	7.41254e-10	1.73687e-10	3.86403e-11	8.16993e-12	1.64338e-12	3.14797e-13	5.74812e-14	
0.00447346	0.00269782	0.00155295	0.00085133	0.000443552	0.000219241	0.000102654	4.54774e-05	1.90456e-05	7.5357e-06	2.81615e-06	9.93972e-07	3.31405e-07	1.04417e-07	3.11062e-08	8.76734e-09	2.33973e-09	5.91702e-10	1.41927e-10	3.2319e-11	6.99346e-12	1.43942e-12	2.82072e-13	5.26781e-14	9.38444e-15	
0.00151893	0.000882935	0.000489588	0.000258437	0.000129631	6.16883e-05	2.78145e-05	1.18706e-05	4.79169e-06	1.82861e-06	6.59605e-07	2.249e-07	7.24997e-08	2.21056e-08	6.37852e-09	1.74292e-09	4.51335e-10	1.1085e-10	2.58446e-11	5.72514e-12	1.20611e-12	2.41865e-13	4.62117e-14	8.42029e-15	1.46452e-15	
0.00047742	0.00026798	0.000143407	7.30297e-05	3.53334e-05	1.62189e-05	7.05534e-06	2.90602e-06	1.13267e-06	4.17621e-07	1.45641e-07	4.80451e-08	1.49967e-08	4.43112e-09	1.24005e-09	3.28899e-10	8.27372e-11	1.97562e-11	4.48163e-12	9.6667e-13	1.98436e-13	3.88017e-14	7.23378e-15	1.28692e-15	2.18675e-16	
0.000139445	7.57052e-05	3.91638e-05	1.92735e-05	9.00999e-06	3.99619e-06	1.67997e-06	6.68929e-07	2.52157e-07	8.99635e-08	3.03774e-08	9.70932e-09	2.93845e-09	8.42432e-10	2.28921e-10	5.90008e-11	1.44334e-11	3.35399e-12	7.40959e-13	1.55754e-13	3.11797e-14	5.94945e-15	1.08301e-15	1.88245e-16	3.12694e-17	
3.79797e-05	1.99726e-05	1.00033e-05	4.7647e-06	2.15551e-06	9.25181e-07	3.7645e-07	1.45121e-07	5.29834e-08	1.83173e-08	5.99673e-09	1.85945e-09	5.46292e-10	1.5214e-10	4.01878e-11	1.00754e-11	2.39921e-12	5.43058e-13	1.16937e-13	2.39743e-14	4.68382e-15	8.72743e-16	1.5523e-16	2.63778e-17	4.28589e-18	
9.67624e-06	4.93554e-06	2.39658e-06	1.10637e-06	4.85039e-07	2.01752e-07	7.95653e-08	2.97362e-08	1.0529e-08	3.53176e-09	1.12239e-09	3.38031e-10	9.65151e-11	2.61384e-11	6.7184e-12	1.64001e-12	3.80482e-13	8.39587e-14	1.76355e-14	3.52907e-15	6.73351e-16	1.22602e-16	2.13202e-17	3.54393e-18	5.63553e-19	
2.31262e-06	1.14553e-06	5.3995e-07	2.419e-07	1.02903e-07	4.15323e-08	1.58952e-08	5.76636e-09	1.98252e-09	6.45972e-10	1.99507e-10	5.84226e-11	1.6228e-11	4.278e-12	1.07095e-12	2.54766e-13	5.76336e-14	1.2408e-14	2.54429e-15	4.973e-16	9.27288e-17	1.65087e-17	2.80846e-18	4.56913e-19	7.11474e-20	
5.19843e-07	2.5034e-07	1.14673e-07	4.99137e-08	2.06269e-08	8.08754e-09	3.00725e-09	1.06017e-09	3.54313e-10	1.12264e-10	3.37306e-11	9.61369e-12	2.60036e-12	6.67871e-13	1.6298e-13	3.78144e-14	8.34784e-15	1.75475e-15	3.51498e-16	6.71492e-17	1.2244e-17	2.13264e-18	3.55119e-19	5.65771e-20	8.63096e-21	
1.10163e-07	5.1629e-08	2.30073e-08	9.73999e-09	3.91434e-09	1.49255e-09	5.3978e-10	1.85114e-10	6.01994e-11	1.85665e-11	5.43211e-12	1.50826e-12	3.97612e-13	9.9579e-14	2.37068e-14	5.36878e-15	1.15741e-15	2.37708e-16	4.65452e-17	8.69618e-18	1.55149e-18	2.64533e-19	4.31387e-20	6.73365e-21	1.00685e-21	
2.20567e-08	1.00694e-08	4.36949e-09	1.80087e-09	7.04526e-10	2.61507e-10	9.20717e-11	3.07457e-11	9.73827e-12	2.92618e-12	8.34405e-13	2.25888e-13	5.80863e-14	1.41961e-14	3.2996e-15	7.29881e-16	1.53764e-16	3.08746e-17	5.91323e-18	1.08109e-18	1.88825e-19	3.15323e-20	5.03836e-21	7.70893e-22	1.13032e-22	
4.18072e-09	1.86078e-09	7.86978e-10	3.16057e-10	1.20472e-10	4.35691e-11	1.49475e-11	4.8646e-12	1.50199e-12	4.4008e-13	1.22405e-13	3.23348e-14	8.11659e-15	1.93719e-15	4.399e-16	9.51088e-17	1.95925e-17	3.84848e-18	7.2136e-19	1.29126e-19	2.20909e-20	3.61483e-21	5.66199e-22	8.4955e-23	1.222e-23	
7.51569e-10	3.26392e-10	1.34649e-10	5.27372e-11	1.96024e-11	6.9131e-12	2.31297e-12	7.34217e-13	2.21163e-13	6.32362e-14	1.71695e-14	4.42891e-15	1.086e-15	2.53297e-16	5.62318e-17	1.18904e-17	2.39656e-18	4.60772e-19	8.45712e-20	1.48297e-20	2.48626e-21	3.98842e-22	6.12666e-23	9.01867e-24	1.27314e-24	
1.28361e-10	5.4432e-11	2.19201e-11	8.37919e-12	3.0395e-12	1.0461e-12	3.41598e-13	1.05846e-13	3.11285e-14	8.69189e-15	2.30534e-15	5.81089e-16	1.39282e-16	3.17663e-17	6.8985e-18	1.42747e-18	2.8166e-19	5.3034e-20	9.53643e-21	1.6389e-21	2.69391e-22	4.23848e-23	6.3879e-24	9.22888e-25	1.27909e-25	
2.0861e-11	8.64376e-12	3.40034e-12	1.26952e-12	4.4974e-13	1.51167e-13	4.82117e-14	1.45924e-14	4.1928e-15	1.14409e-15	2.96616e-16	7.31053e-17	1.7139e-17	3.82464e-18	8.12946e-19	1.64707e-19	3.18319e-20	5.87275e-21	1.03509e-21	1.74421e-22	2.81214e-23	4.34127e-24	6.4219e-25	9.10948e-26	1.23999e-26	
3.23081e-12	1.3089e-12	5.03317e-13	1.83656e-13	6.35833e-14	2.08859e-14	6.5102e-15	1.92606e-15	5.41036e-16	1.44362e-16	3.66078e-17	8.82742e-18	2.02539e-18	4.42473e-19	9.21032e-20	1.82804e-20	3.46215e-21	6.26151e-22	1.08222e-22	1.78888e-23	2.83013e-24	4.28858e-25	6.22907e-26	8.6786e-27	1.16065e-27	
4.77487e-13	1.89253e-13	7.11807e-14	2.54007e-14	8.59944e-15	2.76229e-15	8.42029e-16	2.43652e-16	6.6953e-17	1.74795e-17	4.33795e-18	1.02399e-18	2.30061e-19	4.92293e-20	1.00403e-20	1.95314e-21	3.62662e-22	6.43258e-23	1.09071e-23	1.76929e-24	2.74778e-25	4.08864e-26	5.83322e-27	7.98512e-28	1.04955e-28	
6.74286e-14	2.6161e-14	9.62962e-15	3.36252e-15	1.11387e-15	3.50088e-16	1.04426e-16	2.95714e-17	7.95353e-18	2.03279e-18	4.93992e-19	1.14211e-19	2.51392e-20	5.2717e-21	1.05394e-21	2.01037e-22	3.66141e-23	6.37183e-24	1.06035e-24	1.68863e-25	2.57536e-26	3.76428e-27	5.27693e-28	7.09976e-29	9.17429e-30	
9.10928e-15	3.46142e-15	1.2476e-15	4.26523e-16	1.38323e-16	4.25623e-17	1.24298e-17	3.44656e-18	9.07814e-19	2.27265e-19	5.41068e-20	1.22585e-20	2.64475e-21	5.43754e-22	1.06613e-22	1.99493e-23	3.5652e-24	6.08988e-25	9.95008e-26	1.5562e-26	2.33155e-27	3.34875e-28	4.61416e-29	6.10354e-30	7.75619e-31	
1.17862e-15	4.38853e-16	1.54964e-16	5.18957e-17	1.64852e-17	4.9686e-18	1.42138e-18	3.86109e-19	9.96463e-20	2.44463e-20	5.70473e-21	1.26713e-21	2.68083e-22	5.40629e-23	1.03999e-23	1.9098e-24	3.35043e-25	5.61951e-26	9.01795e-27	1.38565e-27	2.04012e-28	2.88025e-29	3.902e-30	5.07613e-31	6.34545e-32	
1.46212e-16	5.3371e-17	1.84719e-17	6.06258e-18	1.8873e-18	5.5745e-19	1.56289e-19	4.16119e-20	1.05273e-20	2.53212e-21	5.7944e-22	1.26236e-22	2.62014e-23	5.18497e-24	9.78985e-25	1.76499e-25	3.04071e-26	5.00962e-27	7.89871e-28	1.19276e-28	1.72631e-29	2.39643e-30	3.19301e-31	4.08626e-32	5.02619e-33	
1.74238e-17	6.23592e-18	2.11604e-18	6.80894e-19	2.07811e-19	6.01791e-20	1.65426e-20	4.31889e-21	1.07153e-21	2.52799e-22	5.67518e-23	1.21318e-23	2.47129e-24	4.8007e-25	8.90012e-26	1.5759e-26	2.66705e-27	4.31755e-28	6.69071e-29	9.93253e-30	1.41357e-30	1.93001e-31	2.52984e-32	3.18579e-33	3.85679e-34	
2.17085e-18	7.32687e-19	2.41373e-19	7.59296e-20	2.26933e-20	6.43822e-21	1.73419e-21	4.43712e-22	1.07904e-22	2.4957e-23	5.49376e-24	1.15181e-24	2.30172e-25	4.38742e-26	7.98337e-27	1.38776e-27	2.30637e-28	3.6674e-29	5.58378e-30	8.14634e-31	1.13967e-31	1.52998e-32	1.97239e-33	2.44339e-34	2.91107e-35	
