-0.560715	-0.625176	-0.622247	-0.551526	-0.42042	-0.228496	0.0133783	0.271204	0.509359	0.711119	0.869588	0.969072	0.986891	0.913329	0.765443	0.58112	0.400867	0.252363	0.145699	0.0775166	0.0381806	0.0174886	0.00749599	0.00307843	0.00142392	
-0.595687	-0.633246	-0.60016	-0.503078	-0.34794	-0.135516	0.115739	0.368445	0.592451	0.776881	0.914232	0.985933	0.971598	0.869585	0.704954	0.518203	0.346595	0.211884	0.11897	0.0616455	0.0296102	0.0132416	0.00554503	0.00221826	0.000955859	
-0.621143	-0.627536	-0.563952	-0.441014	-0.262278	-0.0322231	0.222898	0.465487	0.67262	0.837675	0.950809	0.991474	0.943935	0.815716	0.638766	0.454083	0.294149	0.174443	0.095167	0.0479826	0.0224562	0.00979611	0.00400437	0.00156052	0.000645718	
-0.633361	-0.605948	-0.512666	-0.36458	-0.163515	0.0797112	0.332382	0.560278	0.74827	0.891609	0.977019	0.983814	0.903311	0.752523	0.568456	0.390342	0.244648	0.140613	0.074467	0.0365026	0.0166317	0.00707191	0.00282003	0.00107115	0.000429762	
-0.628906	-0.567041	-0.445648	-0.27334	-0.0525364	0.197773	0.441414	0.650808	0.817674	0.93646	0.990433	0.96142	0.849807	0.681442	0.495948	0.328606	0.199077	0.110796	0.0569124	0.0271012	0.0120125	0.00497517	0.0019342	0.000716107	0.000279385	
-0.605081	-0.510085	-0.3625	-0.167415	0.06873	0.318701	0.547143	0.735151	0.878869	0.969666	0.988695	0.923369	0.784314	0.60451	0.42339	0.270424	0.158221	0.0851991	0.042417	0.0196079	0.00844912	0.00340625	0.00129032	0.000465523	0.000176712	
-0.560295	-0.434947	-0.263115	-0.047815	0.197195	0.438749	0.646879	0.811412	0.929533	0.988426	0.969814	0.869602	0.708602	0.524266	0.352993	0.217149	0.122606	0.0638325	0.0307804	0.0138037	0.00577889	0.00226645	0.000836111	0.00029384	0.00010851	
-0.494172	-0.341889	-0.147897	0.0831843	0.328697	0.554075	0.73824	0.877566	0.966908	0.989932	0.932532	0.801147	0.625285	0.443562	0.286847	0.169824	0.0924685	0.046517	0.0217128	0.00944115	0.00383804	0.00146361	0.000525576	0.000179854	6.45891e-05	
-0.407333	-0.231456	-0.0181849	0.221802	0.458362	0.66116	0.819118	0.931238	0.987866	0.971761	0.87671	0.720226	0.537664	0.365324	0.226736	0.129105	0.0677541	0.0329166	0.0148654	0.00626422	0.00247166	0.000916078	0.00032008	0.000106619	3.72216e-05	
-0.301027	-0.104643	0.123208	0.362819	0.581217	0.7571	0.887451	0.969518	0.989185	0.932393	0.803644	0.630197	0.449449	0.292267	0.173979	0.0952305	0.0481467	0.02258	0.00986216	0.00402606	0.00154128	0.000555008	0.000188626	6.11429e-05	2.07441e-05	
-0.17683	0.0366175	0.27161	0.500087	0.692863	0.839612	0.940851	0.988979	0.968082	0.871759	0.716213	0.535313	0.364385	0.22663	0.129333	0.0680268	0.0331228	0.0149911	0.00633052	0.0025029	0.000929407	0.000325074	0.000107437	3.38832e-05	1.11689e-05	
-0.0366147	0.188748	0.420529	0.627428	0.789957	0.906676	0.97627	0.986026	0.922931	0.791681	0.61877	0.440288	0.28585	0.169967	0.0929616	0.0469749	0.0220233	0.00961731	0.0039259	0.001503	0.000541261	0.000183851	5.90793e-05	1.81259e-05	5.80419e-06	
0.116941	0.345897	0.562361	0.739671	0.870218	0.955932	0.989969	0.957638	0.854038	0.696035	0.516742	0.349752	0.216482	0.123033	0.0644843	0.031302	0.0141295	0.00595299	0.00234893	0.00087071	0.000304065	0.000100294	3.13333e-05	9.35157e-06	2.90877e-06	
0.27925	0.499933	0.68977	0.833362	0.931828	0.98414	0.978016	0.902393	0.76419	0.590507	0.415967	0.26768	0.15793	0.0857895	0.0430902	0.0200947	0.00873382	0.00355034	0.00135416	0.000486032	0.000164593	5.27187e-05	1.60126e-05	4.6491e-06	1.4047e-06	
0.442713	0.641611	0.797253	0.906615	0.972439	0.987161	0.937394	0.821495	0.658752	0.481918	0.321909	0.196924	0.110759	0.0575171	0.0276917	0.0124088	0.00519401	0.00203751	0.00075132	0.000261136	8.57647e-05	2.66776e-05	7.87847e-06	2.22548e-06	6.53235e-07	
0.59696	0.762864	0.881965	0.957965	0.98841	0.960819	0.867447	0.719371	0.545126	0.377233	0.238907	0.138959	0.0745321	0.0370152	0.0170886	0.00736065	0.00296808	0.00112389	0.000400759	0.000134916	4.29817e-05	1.29861e-05	3.72939e-06	1.0251e-06	2.9236e-07	
0.731316	0.85897	0.942919	0.984799	0.975058	0.902617	0.771137	0.603482	0.431634	0.282481	0.169662	0.0938753	0.0480432	0.0228313	0.0101126	0.00418899	0.00162796	0.000595265	0.000205328	6.69729e-05	2.0702e-05	6.07669e-06	1.69741e-06	4.54116e-07	1.2587e-07	
0.838495	0.928758	0.978766	0.982624	0.928329	0.813694	0.655423	0.483221	0.32609	0.201889	0.115071	0.0606139	0.0296217	0.01348	0.00573204	0.00228484	0.00085624	0.000302473	0.000100969	3.19208e-05	9.57694e-06	2.73196e-06	7.42464e-07	1.93388e-07	5.21099e-08	
0.916434	0.972084	0.985795	0.946298	0.847405	0.700008	0.530388	0.368162	0.234487	0.137449	0.0744171	0.0373548	0.0174482	0.00760995	0.00310909	0.00119339	0.000431516	0.000147352	4.76253e-05	1.45998e-05	4.2532e-06	1.17954e-06	3.1199e-07	7.91432e-08	2.07392e-08	
0.965952	0.986416	0.958298	0.873118	0.736869	0.571917	0.407236	0.266225	0.160185	0.0890022	0.045829	0.0219478	0.0098091	0.00410431	0.00161251	0.000596472	0.00020825	6.87829e-05	2.1537e-05	6.40532e-06	1.81268e-06	4.88929e-07	1.25911e-07	3.11186e-08	7.93333e-09	
0.98585	0.965927	0.891913	0.766094	0.606993	0.44206	0.295886	0.182366	0.103803	0.05475	0.0268502	0.0122841	0.00525935	0.00211341	0.000799223	0.000285145	9.6199e-05	3.07537e-05	9.33449e-06	2.69482e-06	7.41203e-07	1.9453e-07	4.87952e-08	1.17542e-08	2.91657e-09	
0.970468	0.904883	0.788061	0.635165	0.47164	0.322352	0.203053	0.118179	0.0637457	0.03197	0.0149555	0.00654567	0.00268808	0.00103854	0.000378416	0.000130337	4.25235e-05	1.31674e-05	3.87671e-06	1.08703e-06	2.90742e-07	7.42837e-08	1.81572e-08	4.26494e-09	1.03047e-09	
0.912966	0.803265	0.656257	0.495251	0.344663	0.221354	0.131459	0.0723917	0.0370748	0.0177121	0.00791656	0.00331957	0.0013093	0.00048692	0.000171126	5.6953e-05	1.79845e-05	5.39811e-06	1.54265e-06	4.2039e-07	1.09401e-07	2.72247e-08	6.48766e-09	1.48661e-09	3.49926e-10	
0.81217	0.670262	0.512403	0.362052	0.236472	0.142995	0.0802441	0.0419015	0.0204168	0.00930872	0.0039819	0.00160207	0.000607693	0.000217799	7.39073e-05	2.37905e-05	7.27743e-06	2.11898e-06	5.88193e-07	1.55878e-07	3.94916e-08	9.5771e-09	2.22607e-09	4.97852e-10	1.14222e-10	
0.677239	0.522796	0.37395	0.247755	0.152207	0.0868753	0.0461784	0.0229177	0.0106465	0.00464126	0.00190327	0.000735842	0.000268791	9.29519e-05	3.04877e-05	9.5011e-06	2.81782e-06	7.96536e-07	2.14918e-07	5.54237e-08	1.36781e-08	3.23426e-09	7.33629e-10	1.60212e-10	3.58457e-11	
0.526277	0.37999	0.254721	0.158626	0.0919097	0.0496489	0.0250611	0.0118481	0.00525857	0.002196	0.000864734	0.000321739	0.000113327	3.78582e-05	1.2015e-05	3.62842e-06	1.04423e-06	2.86794e-07	7.52694e-08	1.8901e-08	4.5465e-09	1.04878e-09	2.32275e-10	4.95555e-11	1.0818e-11	
0.37999	0.257076	0.16192	0.0950546	0.0520954	0.0267071	0.0128339	0.00579312	0.00246147	0.000986471	0.000373612	0.000133969	4.55611e-05	1.472e-05	4.52499e-06	1.32546e-06	3.7047e-07	9.89344e-08	2.52746e-08	6.18403e-09	1.45074e-09	3.26656e-10	7.06714e-11	1.47371e-11	3.14057e-12	
0.254721	0.16192	0.0961241	0.0533602	0.0277433	0.0135343	0.00620684	0.00268091	0.00109265	0.00042097	0.000153586	5.31503e-05	1.74743e-05	5.46621e-06	1.62925e-06	4.6333e-07	1.25878e-07	3.2711e-08	8.13996e-09	1.94182e-09	4.44534e-10	9.77547e-11	2.06702e-11	4.21506e-12	8.77332e-13	
0.158626	0.0950546	0.0533602	0.0280971	0.0138982	0.00646869	0.00283769	0.00117527	0.000460323	0.000170782	6.01113e-05	2.0103e-05	6.3971e-06	1.93963e-06	5.61098e-07	1.55055e-07	4.09799e-08	1.03703e-08	2.5154e-09	5.8542e-10	1.30856e-10	2.81184e-11	5.81394e-12	1.15991e-12	2.35924e-13	
0.0919097	0.0520954	0.0277433	0.0138982	0.00655832	0.0029194	0.00122776	0.000488549	0.000184215	6.59173e-05	2.24154e-05	7.25369e-06	2.23672e-06	6.58039e-07	1.84928e-07	4.97015e-08	1.27887e-08	3.15382e-09	7.46164e-10	1.69526e-10	3.70204e-11	7.77734e-12	1.57324e-12	3.07221e-13	6.10946e-14	
0.0496489	0.0267071	0.0135343	0.00646869	0.0029194	0.00124576	0.000503295	0.00019277	7.00926e-05	2.42265e-05	7.96994e-06	2.49866e-06	7.4743e-07	2.13575e-07	5.83623e-08	1.5268e-08	3.82777e-09	9.20561e-10	2.12575e-10	4.71754e-11	1.00703e-11	2.06943e-12	4.0974e-13	7.8355e-14	1.52418e-14	
0.0250611	0.0128339	0.00620684	0.00283769	0.00122776	0.000503295	0.000195708	7.22774e-05	2.5382e-05	8.48598e-06	2.70419e-06	8.22299e-07	2.3887e-07	6.63588e-08	1.76479e-08	4.49754e-09	1.09943e-09	2.58028e-10	5.81917e-11	1.26218e-11	2.63514e-12	5.29967e-13	1.02756e-13	1.92514e-14	3.66491e-15	
0.0118481	0.00579312	0.00268091	0.00117527	0.000488549	0.00019277	7.22774e-05	2.57792e-05	8.75629e-06	2.83548e-06	8.76304e-07	2.5874e-07	7.30629e-08	1.9751e-08	5.11633e-09	1.27119e-09	3.03206e-10	6.94891e-11	1.53148e-11	3.24844e-12	6.63653e-13	1.30689e-13	2.48254e-14	4.55869e-15	8.49718e-16	
0.00525857	0.00246147	0.00109265	0.000460323	0.000184215	7.00926e-05	2.5382e-05	8.75629e-06	2.88063e-06	9.04614e-07	2.71442e-07	7.79023e-08	2.14041e-08	5.63536e-09	1.42303e-09	3.4495e-10	8.03371e-11	1.79908e-11	3.87705e-12	8.04643e-13	1.60945e-13	3.10479e-14	5.78073e-15	1.04088e-15	1.90051e-16	
0.002196	0.000986471	0.00042097	0.000170782	6.59173e-05	2.42265e-05	8.48598e-06	2.83548e-06	9.04614e-07	2.75812e-07	8.04402e-08	2.24613e-08	6.01016e-09	1.54242e-09	3.7997e-10	8.99265e-11	2.04628e-11	4.48039e-12	9.44646e-13	1.91929e-13	3.7604e-14	7.10964e-15	1.29802e-15	2.29274e-16	4.10252e-17	
0.000864734	0.000373612	0.000153586	6.01113e-05	2.24154e-05	7.96994e-06	2.70419e-06	8.76304e-07	2.71442e-07	8.04402e-08	2.28252e-08	6.20676e-09	1.61878e-09	4.0526e-10	9.74657e-11	2.25361e-11	5.01354e-12	1.07391e-12	2.21645e-13	4.41082e-14	8.46918e-15	1.57003e-15	2.81193e-16	4.87425e-17	8.55103e-18	
0.000321739	0.000133969	5.31503e-05	2.0103e-05	7.25369e-06	2.49866e-06	8.22299e-07	2.5874e-07	7.79023e-08	2.24613e-08	6.20676e-09	1.64506e-09	4.18526e-10	1.02288e-10	2.40332e-11	5.43259e-12	1.18228e-12	2.47889e-13	5.01088e-14	9.77185e-15	1.83961e-15	3.34527e-16	5.87988e-17	1.00062e-17	1.72179e-18	
0.000113327	4.55611e-05	1.74743e-05	6.3971e-06	2.23672e-06	7.4743e-07	2.3887e-07	7.30629e-08	2.14041e-08	6.01016e-09	1.61878e-09	4.18526e-10	1.03947e-10	2.48185e-11	5.70058e-12	1.26051e-12	2.68508e-13	5.51367e-14	1.09214e-14	2.08808e-15	3.85581e-16	6.88084e-17	1.18738e-17	1.98452e-18	3.3507e-19	
3.78582e-05	1.472e-05	5.46621e-06	1.93963e-06	6.58039e-07	2.13575e-07	6.63588e-08	1.9751e-08	5.63536e-09	1.54242e-09	4.0526e-10	1.02288e-10	2.48185e-11	5.7928e-12	1.30154e-12	2.8169e-13	5.87646e-14	1.18241e-14	2.29613e-15	4.30593e-16	7.80258e-17	1.36697e-17	2.31677e-18	3.80424e-19	6.30509e-20	
1.2015e-05	4.52499e-06	1.62925e-06	5.61098e-07	1.84928e-07	5.83623e-08	1.76479e-08	5.11633e-09	1.42303e-09	3.7997e-10	9.74657e-11	2.40332e-11	5.70058e-12	1.30154e-12	2.86226e-13	6.06667e-14	1.24009e-14	2.44616e-15	4.65914e-16	8.57368e-17	1.52517e-17	2.62423e-18	4.36978e-19	7.05209e-20	1.14775e-20	
3.62842e-06	1.32546e-06	4.6333e-07	1.55055e-07	4.97015e-08	1.5268e-08	4.49754e-09	1.27119e-09	3.4495e-10	8.99265e-11	2.25361e-11	5.43259e-12	1.26051e-12	2.8169e-13	6.06667e-14	1.25994e-14	2.5248e-15	4.88476e-16	9.12945e-17	1.64922e-17	2.88125e-18	4.87065e-19	7.97136e-20	1.26476e-20	2.02211e-21	
1.04423e-06	3.7047e-07	1.25878e-07	4.09799e-08	1.27887e-08	3.82777e-09	1.09943e-09	3.03206e-10	8.03371e-11	2.04628e-11	5.01354e-12	1.18228e-12	2.68508e-13	5.87646e-14	1.24009e-14	2.5248e-15	4.96235e-16	9.42064e-17	1.72841e-17	3.06637e-18	5.26312e-19	8.74437e-20	1.40705e-20	2.19557e-21	3.44953e-22	
2.86794e-07	9.89344e-08	3.2711e-08	1.03703e-08	3.15382e-09	9.20561e-10	2.58028e-10	6.94891e-11	1.79908e-11	4.48039e-12	1.07391e-12	2.47889e-13	5.51367e-14	1.18241e-14	2.44616e-15	4.88476e-16	9.42064e-17	1.75564e-17	3.16333e-18	5.51356e-19	9.30087e-20	1.51928e-20	2.40433e-21	3.69088e-22	5.70043e-23	
7.52694e-08	2.52746e-08	8.13996e-09	2.5154e-09	7.46164e-10	2.12575e-10	5.81917e-11	1.53148e-11	3.87705e-12	9.44646e-13	2.21645e-13	5.01088e-14	1.09214e-14	2.29613e-15	4.65914e-16	9.12945e-17	1.72841e-17	3.16333e-18	5.59965e-19	9.59221e-20	1.59087e-20	2.55576e-21	3.97914e-22	6.01112e-23	9.12936e-24	
1.8901e-08	6.18403e-09	1.94182e-09	5.8542e-10	1.69526e-10	4.71754e-11	1.26218e-11	3.24844e-12	8.04643e-13	1.91929e-13	4.41082e-14	9.77185e-15	2.08808e-15	4.30593e-16	8.57368e-17	1.64922e-17	3.06637e-18	5.51356e-19	9.59221e-20	1.61547e-20	2.63502e-21	4.16467e-22	6.38108e-23	9.48892e-24	1.41757e-24	
4.5465e-09	1.45074e-09	4.44534e-10	1.30856e-10	3.70204e-11	1.00703e-11	2.63514e-12	6.63653e-13	1.60945e-13	3.7604e-14	8.46918e-15	1.83961e-15	3.85581e-16	7.80258e-17	1.52517e-17	2.88125e-18	5.26312e-19	9.30087e-20	1.59087e-20	2.63502e-21	4.22842e-22	6.57685e-23	9.91982e-24	1.45246e-24	2.13506e-25	
1.04878e-09	3.26656e-10	9.77548e-11	2.81184e-11	7.77734e-12	2.06943e-12	5.29967e-13	1.30689e-13	3.10479e-14	7.10964e-15	1.57003e-15	3.34527e-16	6.88084e-17	1.36697e-17	2.62423e-18	4.87065e-19	8.74437e-20	1.51928e-20	2.55576e-21	4.16467e-22	6.57685e-23	1.007e-23	1.49558e-24	2.15678e-25	3.12043e-26	
2.32285e-10	7.06745e-11	2.06709e-11	5.81405e-12	1.57326e-12	4.09743e-13	1.02756e-13	2.48254e-14	5.78074e-15	1.29802e-15	2.81193e-16	5.87988e-17	1.18738e-17	2.31677e-18	4.36978e-19	7.97136e-20	1.40705e-20	2.40433e-21	3.97914e-22	6.38108e-23	9.91982e-24	1.49558e-24	2.18776e-25	3.10819e-26	4.42733e-27	
4.96377e-11	1.47557e-11	4.21816e-12	1.16036e-12	3.07282e-13	7.83625e-14	1.92523e-14	4.55879e-15	1.04089e-15	2.29275e-16	4.87426e-17	1.00063e-17	1.98452e-18	3.80424e-19	7.05209e-20	1.26476e-20	2.19557e-21	3.69088e-22	6.01112e-23	9.48892e-24	1.45246e-24	2.15678e-25	3.10819e-26	4.35133e-27	6.10359e-28	
1.15178e-11	3.22543e-12	8.87395e-13	2.37089e-13	6.12262e-14	1.52563e-14	3.66647e-15	8.4988e-16	1.90067e-16	4.10268e-17	8.55119e-18	1.7218e-18	3.35071e-19	6.3051e-20	1.14775e-20	2.02211e-21	3.44953e-22	5.70043e-23	9.12936e-24	1.41757e-24	2.13506e-25	3.12043e-26	4.42733e-27	6.10359e-28	8.42572e-29	
