-0.0464819	-0.0533089	-0.0510628	-0.051497	-0.0516702	-0.0507524	-0.0575354	-0.0597626	-0.056688	-0.0565571	-0.0654862	-0.0675079	-0.0612186	-0.0679339	-0.0771198	-0.0768091	-0.0744156	-0.0773354	-0.0911462	-0.10105	-0.0943047	-0.0908942	-0.104555	-0.126474	-0.147044	
-0.0533089	-0.0521879	-0.0446457	-0.0528981	-0.0540945	-0.0550037	-0.0590558	-0.0572376	-0.0575691	-0.0615338	-0.0672846	-0.0645412	-0.0635057	-0.07408	-0.0781806	-0.0752109	-0.0754979	-0.0830379	-0.0971921	-0.100609	-0.0919154	-0.0949862	-0.113982	-0.136192	-0.151949	
-0.0510628	-0.0446457	-0.0518289	-0.0607455	-0.0544677	-0.0552291	-0.0578622	-0.0588806	-0.05964	-0.063107	-0.0688432	-0.0652712	-0.0669726	-0.0767325	-0.0778223	-0.0760234	-0.0788891	-0.0890775	-0.101066	-0.0984674	-0.0915453	-0.10232	-0.124724	-0.144813	-0.153736	
-0.051497	-0.0528981	-0.0607455	-0.0555275	-0.0491223	-0.0565545	-0.0618261	-0.0603516	-0.0607692	-0.0684659	-0.0689173	-0.06267	-0.0714937	-0.0811668	-0.0780588	-0.076549	-0.0828333	-0.0957791	-0.103128	-0.0955041	-0.0941706	-0.112704	-0.135753	-0.151101	-0.152059	
-0.0516702	-0.0540945	-0.0544677	-0.0491223	-0.0551258	-0.0665921	-0.0627283	-0.0583503	-0.0647111	-0.0694335	-0.0649804	-0.0675016	-0.0800227	-0.0809472	-0.0755015	-0.0792427	-0.0901749	-0.101915	-0.101577	-0.0931834	-0.10145	-0.125428	-0.145366	-0.153875	-0.147537	
-0.0507524	-0.0550037	-0.0552291	-0.0565545	-0.0665921	-0.0642048	-0.0546201	-0.0609975	-0.0698459	-0.069959	-0.0676516	-0.0736077	-0.0812082	-0.0784165	-0.0774016	-0.0858603	-0.0975682	-0.103961	-0.0978031	-0.0952281	-0.11362	-0.138093	-0.151783	-0.152881	-0.142063	
-0.0575354	-0.0590558	-0.0578622	-0.0618261	-0.0627283	-0.0546201	-0.0594836	-0.072007	-0.0731463	-0.0680237	-0.0674647	-0.0782002	-0.0840926	-0.078348	-0.0808663	-0.093223	-0.102973	-0.102461	-0.0956895	-0.10343	-0.128268	-0.148187	-0.154253	-0.148973	-0.138632	
-0.0597626	-0.0572376	-0.0588806	-0.0603516	-0.0583503	-0.0609975	-0.072007	-0.0740116	-0.0666639	-0.0652409	-0.0759613	-0.0872908	-0.0814631	-0.0762484	-0.088837	-0.10185	-0.104275	-0.0991588	-0.0986208	-0.117033	-0.142307	-0.154189	-0.15284	-0.144144	-0.141277	
-0.056688	-0.0575691	-0.05964	-0.0607692	-0.0647111	-0.0698459	-0.0731463	-0.0666639	-0.0651374	-0.0760779	-0.0863391	-0.0835201	-0.0756122	-0.0845131	-0.100492	-0.104626	-0.101578	-0.0989	-0.108266	-0.133311	-0.152922	-0.155287	-0.148612	-0.142091	-0.154556	
-0.0565571	-0.0615338	-0.063107	-0.0684659	-0.0694335	-0.069959	-0.0680237	-0.0652409	-0.0760779	-0.0850954	-0.083574	-0.0787377	-0.0819251	-0.0965748	-0.104993	-0.1032	-0.100711	-0.104103	-0.123392	-0.148839	-0.157687	-0.151769	-0.144697	-0.148041	-0.182149	
-0.0654862	-0.0672846	-0.0688432	-0.0689173	-0.0649804	-0.0676516	-0.0674647	-0.0759613	-0.0863391	-0.083574	-0.0807798	-0.0813532	-0.091003	-0.105049	-0.106369	-0.101617	-0.102535	-0.116027	-0.142098	-0.158931	-0.155244	-0.146669	-0.146421	-0.167163	-0.225477	
-0.0675079	-0.0645412	-0.0652712	-0.06267	-0.0675016	-0.0736077	-0.0782002	-0.0872908	-0.0835201	-0.0787377	-0.0813532	-0.0882689	-0.104684	-0.110676	-0.101749	-0.100447	-0.112531	-0.135559	-0.157385	-0.159143	-0.148751	-0.145879	-0.159418	-0.202881	-0.2832	
-0.0612186	-0.0635057	-0.0669726	-0.0714937	-0.0800227	-0.0812082	-0.0840926	-0.0814631	-0.0756122	-0.0819251	-0.091003	-0.104684	-0.112774	-0.101796	-0.0975328	-0.111623	-0.131943	-0.153365	-0.16177	-0.152189	-0.145358	-0.15514	-0.188206	-0.256115	-0.351093	
-0.0679339	-0.07408	-0.0767325	-0.0811668	-0.0809472	-0.0784165	-0.078348	-0.0762484	-0.0845131	-0.0965748	-0.105049	-0.110676	-0.101796	-0.0960854	-0.111573	-0.131224	-0.148977	-0.161952	-0.1567	-0.145718	-0.151587	-0.179307	-0.235861	-0.324094	-0.422182	
-0.0771198	-0.0781806	-0.0778223	-0.0780588	-0.0755015	-0.0774016	-0.0808663	-0.088837	-0.100492	-0.104993	-0.106369	-0.101749	-0.0975328	-0.111573	-0.131377	-0.146287	-0.160605	-0.160797	-0.147467	-0.148106	-0.173368	-0.222507	-0.301708	-0.399421	-0.488313	
-0.0768091	-0.0752109	-0.0760234	-0.076549	-0.0792427	-0.0858603	-0.093223	-0.10185	-0.104626	-0.1032	-0.101617	-0.100447	-0.111623	-0.131224	-0.146287	-0.159806	-0.163139	-0.14965	-0.145294	-0.168739	-0.214598	-0.28526	-0.379325	-0.471936	-0.542366	
-0.0744156	-0.0754979	-0.0788891	-0.0828333	-0.0901749	-0.0975682	-0.102973	-0.104275	-0.101578	-0.100711	-0.102535	-0.112531	-0.131943	-0.148977	-0.160605	-0.163139	-0.150639	-0.143774	-0.165407	-0.210311	-0.274808	-0.363193	-0.457706	-0.532052	-0.578781	
-0.0773354	-0.0830379	-0.0890775	-0.0957791	-0.101915	-0.103961	-0.102461	-0.0991588	-0.0989	-0.104103	-0.116027	-0.135559	-0.153365	-0.161952	-0.160797	-0.14965	-0.143774	-0.164155	-0.208415	-0.269344	-0.352105	-0.446288	-0.52411	-0.573041	-0.592092	
-0.0911462	-0.0971921	-0.101066	-0.103128	-0.101577	-0.0978031	-0.0956895	-0.0986208	-0.108266	-0.123392	-0.142098	-0.157385	-0.16177	-0.1567	-0.147467	-0.145294	-0.165407	-0.208415	-0.26769	-0.34653	-0.438787	-0.51855	-0.569087	-0.590624	-0.575189	
-0.10105	-0.100609	-0.0984674	-0.0955041	-0.0931834	-0.0952281	-0.10343	-0.117033	-0.133311	-0.148839	-0.158931	-0.159143	-0.152189	-0.145718	-0.148106	-0.168739	-0.210311	-0.269344	-0.34653	-0.436163	-0.515636	-0.566851	-0.589267	-0.57888	-0.520576	
-0.0943047	-0.0919154	-0.0915453	-0.0941706	-0.10145	-0.11362	-0.128268	-0.142307	-0.152922	-0.157687	-0.155244	-0.148751	-0.145358	-0.151587	-0.173368	-0.214598	-0.274808	-0.352105	-0.438787	-0.515636	-0.566136	-0.588525	-0.580533	-0.528635	-0.426274	
-0.0908942	-0.0949862	-0.10232	-0.112704	-0.125428	-0.138093	-0.148187	-0.154189	-0.155287	-0.151769	-0.146669	-0.145879	-0.15514	-0.179307	-0.222507	-0.28526	-0.363193	-0.446288	-0.51855	-0.566851	-0.588525	-0.580991	-0.532421	-0.435316	-0.299754	
-0.104555	-0.113982	-0.124724	-0.135753	-0.145366	-0.151783	-0.154253	-0.15284	-0.148612	-0.144697	-0.146421	-0.159418	-0.188206	-0.235861	-0.301708	-0.379325	-0.457706	-0.52411	-0.569087	-0.589267	-0.580533	-0.532421	-0.43831	-0.306617	-0.15189	
-0.126474	-0.136192	-0.144813	-0.151101	-0.153875	-0.152881	-0.148973	-0.144144	-0.142091	-0.148041	-0.167163	-0.202881	-0.256115	-0.324094	-0.399421	-0.471936	-0.532052	-0.573041	-0.590624	-0.57888	-0.528635	-0.435316	-0.306617	-0.15551	0.0125	
-0.147044	-0.151949	-0.153736	-0.152059	-0.147537	-0.142063	-0.138632	-0.141277	-0.154556	-0.182149	-0.225477	-0.2832	-0.351093	-0.422182	-0.488313	-0.542366	-0.578781	-0.592092	-0.575189	-0.520576	-0.426274	-0.299754	-0.15189	0.0125	0.192806	
-0.152423	-0.149154	-0.14384	-0.138134	-0.134659	-0.136666	-0.147564	-0.170332	-0.206585	-0.255827	-0.315429	-0.381026	-0.446935	-0.506927	-0.555112	-0.585784	-0.592479	-0.568104	-0.50745	-0.411053	-0.286071	-0.14098	0.0205337	0.197199	0.381021	
-0.137667	-0.132794	-0.130687	-0.13381	-0.144655	-0.165283	-0.196928	-0.239609	-0.291883	-0.351005	-0.413251	-0.474059	-0.52814	-0.569687	-0.592437	-0.58979	-0.555987	-0.488437	-0.389532	-0.265582	-0.122598	0.036813	0.21042	0.389611	0.558124	
-0.128187	-0.133636	-0.145684	-0.165727	-0.194634	-0.232578	-0.278919	-0.332121	-0.389754	-0.448519	-0.504141	-0.551319	-0.58399	-0.595919	-0.581563	-0.537344	-0.46297	-0.361615	-0.238134	-0.0963383	0.0617337	0.23255	0.406615	0.56884	0.70537	
-0.151036	-0.171244	-0.198604	-0.233406	-0.275442	-0.323896	-0.377196	-0.432849	-0.48734	-0.536092	-0.573655	-0.594285	-0.592821	-0.565612	-0.511247	-0.430782	-0.327058	-0.203203	-0.0615066	0.0957848	0.263587	0.431638	0.586211	0.715838	0.815943	
-0.208955	-0.242014	-0.281335	-0.326407	-0.376051	-0.428251	-0.480026	-0.527449	-0.565857	-0.590306	-0.596257	-0.58031	-0.540704	-0.477381	-0.391591	-0.285147	-0.159763	-0.0171927	0.139354	0.303264	0.463987	0.609536	0.730974	0.825099	0.89237	
-0.297869	-0.34051	-0.386902	-0.43526	-0.483016	-0.526866	-0.562971	-0.587318	-0.596202	-0.586705	-0.557036	-0.506558	-0.435498	-0.344521	-0.234437	-0.10637	0.0374486	0.192437	0.350871	0.502641	0.637906	0.7502	0.837457	0.89959	0.934468	
-0.409934	-0.453489	-0.495759	-0.53407	-0.565413	-0.586707	-0.595095	-0.588236	-0.564475	-0.522846	-0.462908	-0.384502	-0.287668	-0.172871	-0.041619	0.102722	0.254332	0.405153	0.546305	0.670319	0.772877	0.852588	0.908565	0.937596	0.933607	
-0.516115	-0.547204	-0.571993	-0.588216	-0.593749	-0.586747	-0.565719	-0.529515	-0.477245	-0.4082	-0.321896	-0.218331	-0.0984807	0.0351081	0.177903	0.323488	0.464397	0.593567	0.705806	0.798355	0.86992	0.918604	0.940246	0.928897	0.879778	
-0.580427	-0.590477	-0.591738	-0.582706	-0.562002	-0.528364	-0.480641	-0.417814	-0.339127	-0.244341	-0.134131	-0.0105038	0.122926	0.261015	0.397649	0.526709	0.643128	0.743524	0.825937	0.888639	0.928661	0.941206	0.920838	0.86426	0.773251	
-0.587635	-0.575264	-0.552986	-0.519504	-0.473577	-0.414103	-0.340285	-0.251858	-0.14939	-0.0345603	0.0896852	0.219217	0.349116	0.474332	0.590405	0.693969	0.782715	0.854738	0.907528	0.937222	0.938868	0.907989	0.842989	0.747196	0.629315	
-0.536392	-0.501019	-0.454582	-0.396093	-0.324897	-0.240853	-0.144547	-0.0374527	0.077997	0.198506	0.3202	0.439067	0.55143	0.654287	0.745313	0.822484	0.883416	0.924779	0.942234	0.93125	0.888731	0.814895	0.714485	0.59657	0.472823	
-0.420155	-0.36112	-0.291175	-0.21037	-0.119342	-0.0194012	0.0874598	0.19866	0.311232	0.422105	0.528396	0.627595	0.717561	0.796268	0.861384	0.909865	0.937854	0.941121	0.916124	0.861444	0.779058	0.674847	0.557934	0.438974	0.327952	
-0.23664	-0.159044	-0.0733377	0.0193546	0.117455	0.219011	0.32183	0.423646	0.522276	0.615698	0.702017	0.779281	0.845213	0.896956	0.931009	0.943514	0.930971	0.891265	0.824743	0.734905	0.628365	0.51393	0.401021	0.297914	0.210372	
-0.00655173	0.0781822	0.167007	0.25851	0.351129	0.443233	0.533188	0.619371	0.700107	0.77354	0.837461	0.889167	0.925455	0.942846	0.938087	0.908902	0.854807	0.777768	0.682405	0.575587	0.465433	0.359947	0.265699	0.186905	0.125146	
0.23471	0.315803	0.397961	0.480002	0.560668	0.638602	0.712287	0.77995	0.839462	0.888282	0.92349	0.94199	0.940884	0.918014	0.872578	0.805651	0.720456	0.622221	0.517589	0.413667	0.316942	0.232351	0.162725	0.108733	0.0692559	
0.461014	0.532824	0.603778	0.672669	0.738069	0.798277	0.851267	0.894684	0.925914	0.942257	0.941226	0.920944	0.880584	0.820773	0.743828	0.653728	0.555773	0.455958	0.360159	0.273345	0.198965	0.138677	0.0924307	0.0588517	0.0357674	
0.660935	0.719939	0.77582	0.826955	0.871459	0.907206	0.931921	0.943325	0.939375	0.918549	0.880167	0.824678	0.753838	0.670725	0.579537	0.485177	0.392687	0.306629	0.230545	0.16661	0.115549	0.0767996	0.0488635	0.0297338	0.0172924	
0.822294	0.862703	0.89686	0.922921	0.938981	0.9432	0.933985	0.910197	0.871377	0.817941	0.751306	0.673906	0.589065	0.500727	0.413058	0.33	0.254837	0.189869	0.136251	0.0940252	0.0623106	0.039607	0.0241234	0.0140675	0.00784944	
0.922364	0.937113	0.942911	0.93836	0.922301	0.893962	0.853114	0.800199	0.736416	0.663722	0.584752	0.502634	0.420719	0.342264	0.27011	0.206411	0.152465	0.108675	0.0746349	0.0493169	0.0313149	0.0190872	0.0111578	0.006251	0.00335446	
0.938536	0.924475	0.900858	0.867262	0.823671	0.77056	0.708956	0.640437	0.567078	0.491319	0.415791	0.343085	0.27553	0.214986	0.162692	0.119209	0.0844367	0.0577268	0.0380395	0.0241297	0.0147176	0.00862325	0.00484956	0.00261608	0.00135303	
0.867138	0.828469	0.782142	0.72874	0.669178	0.604715	0.536946	0.467726	0.399051	0.332908	0.271117	0.215177	0.166155	0.124622	0.0906429	0.0638341	0.0434613	0.0285678	0.0181057	0.0110513	0.00648966	0.00366321	0.00198616	0.00103377	0.000516308	
0.731006	0.677634	0.619982	0.559324	0.496941	0.434189	0.3725	0.313309	0.25795	0.207553	0.162951	0.124633	0.0927182	0.0669855	0.0469266	0.0318307	0.0208766	0.013222	0.00807682	0.00475364	0.00269307	0.00146741	0.000768518	0.000386655	0.000186807	
0.570619	0.513023	0.4546	0.397011	0.341335	0.288481	0.239291	0.194504	0.154686	0.120179	0.0910736	0.0672183	0.0482458	0.0336255	0.0227245	0.014871	0.00941109	0.00575271	0.00339279	0.0019287	0.00105589	0.000556285	0.000281863	0.000137288	6.42604e-05	
0.428453	0.372217	0.318546	0.268927	0.223616	0.182778	0.146584	0.11515	0.0884666	0.0663713	0.048555	0.0345873	0.0239559	0.016111	0.0105067	0.0066357	0.00405376	0.00239273	0.00136317	0.000748903	0.000396438	0.00020207	9.91214e-05	4.67735e-05	2.12348e-05	
0.339461	0.278828	0.229741	0.187845	0.151535	0.120182	0.093477	0.0711669	0.0529489	0.0384416	0.0271961	0.0187235	0.0125277	0.0081359	0.00512223	0.00312266	0.00184131	0.00104912	0.000577064	0.000306172	0.000156582	7.71421e-05	3.65945e-05	1.67148e-05	7.38277e-06	
