-1.26699	-1.29691	-1.28753	-1.27406	-1.25936	-1.24429	-1.23073	-1.22025	-1.21243	-1.20556	-1.19819	-1.18835	-1.17259	-1.14586	-1.10238	-1.03689	-0.944667	-0.82189	-0.667364	-0.482468	-0.271311	-0.0398358	0.206097	0.457694	0.699857	
-1.27839	-1.27766	-1.26738	-1.25295	-1.23806	-1.22373	-1.21147	-1.203	-1.19852	-1.19639	-1.19514	-1.19296	-1.1868	-1.17189	-1.14232	-1.09218	-1.01635	-0.910414	-0.772732	-0.604432	-0.408105	-0.187548	0.0518974	0.300315	0.542797	
-1.13361	-1.12683	-1.11525	-1.10135	-1.08739	-1.07403	-1.06252	-1.05488	-1.05154	-1.05129	-1.05281	-1.0551	-1.05576	-1.0507	-1.03486	-1.00243	-0.948768	-0.870054	-0.763618	-0.630657	-0.472626	-0.288385	-0.0775582	0.15452	0.397777	
-0.871467	-0.864209	-0.854251	-0.842788	-0.830669	-0.818338	-0.806904	-0.799014	-0.79474	-0.793996	-0.795901	-0.800825	-0.807494	-0.812666	-0.812275	-0.801629	-0.77531	-0.730122	-0.661979	-0.569351	-0.45404	-0.31538	-0.151069	0.0374728	0.245508	
-0.558952	-0.557182	-0.552999	-0.546156	-0.53702	-0.525753	-0.513971	-0.503994	-0.495937	-0.490123	-0.487274	-0.488438	-0.494034	-0.50237	-0.509994	-0.515018	-0.512839	-0.500009	-0.474257	-0.430814	-0.368018	-0.285555	-0.18092	-0.0528665	0.0974098	
-0.259329	-0.266988	-0.270378	-0.26933	-0.26393	-0.254136	-0.242632	-0.229398	-0.21637	-0.202306	-0.190738	-0.182406	-0.178858	-0.180421	-0.185545	-0.193366	-0.204587	-0.215233	-0.225386	-0.232605	-0.2318	-0.218171	-0.185667	-0.12664	-0.0383224	
-0.00114719	-0.0164465	-0.0258596	-0.0299338	-0.0277807	-0.0204812	-0.00969998	0.00524217	0.0222353	0.041893	0.0609344	0.0773888	0.0901186	0.0985005	0.0992911	0.0940451	0.0782054	0.0519238	0.0168698	-0.026304	-0.0737366	-0.118407	-0.152372	-0.165347	-0.147138	
0.187743	0.171354	0.159976	0.154651	0.155137	0.159822	0.169801	0.182375	0.200084	0.217982	0.238069	0.25615	0.2725	0.287403	0.297127	0.297968	0.288262	0.261235	0.216371	0.153153	0.0759194	-0.0103104	-0.0945309	-0.170075	-0.222975	
0.314428	0.304161	0.29725	0.295523	0.295943	0.299966	0.306979	0.314768	0.326199	0.336074	0.347058	0.357355	0.368431	0.378473	0.391205	0.397563	0.39717	0.382159	0.348745	0.287539	0.199771	0.0865302	-0.0411938	-0.169321	-0.28798	
0.415874	0.414508	0.415387	0.416596	0.418941	0.422455	0.425173	0.429081	0.4298	0.431212	0.428343	0.425679	0.423704	0.420694	0.419569	0.419272	0.415556	0.402998	0.377374	0.331037	0.251075	0.139428	-0.00863337	-0.169361	-0.333245	
0.489759	0.496125	0.501892	0.503875	0.509001	0.509611	0.51049	0.509805	0.503609	0.497361	0.484674	0.470818	0.452839	0.436127	0.413205	0.392658	0.369278	0.347002	0.313454	0.27447	0.208637	0.115242	-0.0152372	-0.178003	-0.345411	
0.504131	0.513193	0.519829	0.524864	0.527626	0.527917	0.526345	0.521088	0.513482	0.500462	0.485386	0.46518	0.438986	0.410163	0.373138	0.331929	0.283792	0.237607	0.191295	0.147196	0.102887	0.0353467	-0.0536956	-0.186736	-0.339944	
0.427877	0.439233	0.446545	0.455013	0.454017	0.456269	0.450856	0.442853	0.433871	0.416888	0.401535	0.37914	0.355364	0.323476	0.288452	0.241677	0.191939	0.128938	0.0689239	0.00840107	-0.0310451	-0.0686353	-0.115101	-0.189624	-0.308029	
0.291613	0.30884	0.319366	0.327399	0.330239	0.329337	0.324041	0.313882	0.300553	0.28342	0.262799	0.240041	0.215519	0.186605	0.158854	0.121555	0.0832537	0.0379366	-0.0163749	-0.0774621	-0.130417	-0.159623	-0.180113	-0.208789	-0.273083	
0.161221	0.177939	0.190706	0.19746	0.202178	0.19972	0.194572	0.185231	0.170126	0.154713	0.132214	0.110533	0.0839249	0.0568587	0.0301331	0.00516776	-0.0241257	-0.048684	-0.0780614	-0.1207	-0.172388	-0.210751	-0.225256	-0.227715	-0.254906	
0.0533545	0.0658571	0.0744247	0.0800092	0.0824783	0.0809492	0.0777393	0.0700521	0.0603527	0.0483791	0.0319489	0.014705	-0.00481993	-0.0296514	-0.0534884	-0.0764528	-0.101024	-0.120014	-0.127519	-0.140279	-0.176714	-0.219151	-0.249204	-0.248049	-0.245258	
-0.0326339	-0.0280734	-0.0205596	-0.01948	-0.0160186	-0.0180182	-0.0202969	-0.02297	-0.031659	-0.0356073	-0.0454756	-0.0566007	-0.0645239	-0.0780987	-0.0959889	-0.107122	-0.129088	-0.155858	-0.17133	-0.164685	-0.171725	-0.20255	-0.240025	-0.257593	-0.251748	
-0.0878808	-0.0876117	-0.0785147	-0.0787388	-0.0772426	-0.0753456	-0.0814642	-0.0799735	-0.0878179	-0.0928919	-0.0959921	-0.105964	-0.111934	-0.113161	-0.126768	-0.131353	-0.1306	-0.147864	-0.176516	-0.184707	-0.178252	-0.188674	-0.223439	-0.250771	-0.252936	
-0.111056	-0.105201	-0.101234	-0.100535	-0.0991848	-0.0978693	-0.100797	-0.101731	-0.103799	-0.110925	-0.113414	-0.118659	-0.131195	-0.129625	-0.138369	-0.150718	-0.148775	-0.141982	-0.163328	-0.182147	-0.183359	-0.180295	-0.201573	-0.240012	-0.253512	
-0.121005	-0.111141	-0.116413	-0.112677	-0.112387	-0.114841	-0.111099	-0.117618	-0.112258	-0.118234	-0.120604	-0.11645	-0.130399	-0.130933	-0.132477	-0.146984	-0.160009	-0.149678	-0.151764	-0.173456	-0.181669	-0.181047	-0.187682	-0.220798	-0.24558	
-0.128703	-0.118884	-0.12869	-0.119579	-0.121574	-0.125782	-0.11658	-0.129114	-0.120663	-0.125809	-0.129602	-0.126575	-0.125719	-0.137477	-0.127363	-0.131407	-0.14863	-0.157044	-0.151745	-0.165914	-0.176117	-0.177692	-0.178136	-0.20727	-0.237872	
-0.118775	-0.12153	-0.118946	-0.116227	-0.1173	-0.116726	-0.116787	-0.117277	-0.120821	-0.119814	-0.123325	-0.131369	-0.125232	-0.137889	-0.139061	-0.136048	-0.137403	-0.14644	-0.145162	-0.16069	-0.173484	-0.177998	-0.173816	-0.190748	-0.226383	
-0.115477	-0.119078	-0.115656	-0.115785	-0.117262	-0.114472	-0.117809	-0.115068	-0.117877	-0.117752	-0.117286	-0.122503	-0.119999	-0.12751	-0.130132	-0.136094	-0.143021	-0.149636	-0.142671	-0.150513	-0.1678	-0.175314	-0.170984	-0.182403	-0.215639	
-0.118314	-0.121439	-0.117278	-0.11846	-0.117743	-0.116709	-0.119024	-0.116632	-0.120694	-0.118995	-0.12091	-0.124061	-0.120891	-0.126257	-0.128107	-0.126567	-0.133381	-0.147651	-0.143212	-0.147005	-0.161512	-0.17508	-0.171561	-0.172816	-0.203835	
-0.114041	-0.117256	-0.112919	-0.112528	-0.113508	-0.1109	-0.114284	-0.111519	-0.115952	-0.115789	-0.116269	-0.124887	-0.119275	-0.127378	-0.130902	-0.128867	-0.127106	-0.143039	-0.144092	-0.143373	-0.157332	-0.16973	-0.17079	-0.170539	-0.196256	
-0.110392	-0.117033	-0.108788	-0.113318	-0.113354	-0.108265	-0.116996	-0.107569	-0.115488	-0.112952	-0.111554	-0.116926	-0.117907	-0.116524	-0.128069	-0.131747	-0.131916	-0.138346	-0.141164	-0.140152	-0.153181	-0.169253	-0.170732	-0.16591	-0.188452	
-0.117034	-0.115721	-0.113785	-0.113632	-0.113199	-0.112258	-0.113788	-0.113271	-0.115188	-0.116149	-0.117822	-0.119754	-0.119996	-0.121041	-0.123348	-0.121468	-0.124657	-0.140011	-0.144026	-0.139991	-0.149338	-0.165641	-0.170462	-0.164275	-0.183912	
-0.108789	-0.113785	-0.106272	-0.110188	-0.109327	-0.105983	-0.112498	-0.105481	-0.111976	-0.110889	-0.109699	-0.116274	-0.117802	-0.116901	-0.128472	-0.131072	-0.125722	-0.133569	-0.140397	-0.137854	-0.147567	-0.163022	-0.171415	-0.164441	-0.178784	
-0.113318	-0.113632	-0.110188	-0.111848	-0.111378	-0.109325	-0.112831	-0.10988	-0.112879	-0.113082	-0.113953	-0.114913	-0.118109	-0.115431	-0.12215	-0.123681	-0.125453	-0.134532	-0.1429	-0.138275	-0.146255	-0.162654	-0.168847	-0.162318	-0.178102	
-0.113354	-0.113199	-0.109327	-0.111378	-0.109746	-0.108802	-0.111686	-0.109146	-0.112062	-0.113073	-0.11301	-0.115875	-0.119423	-0.117113	-0.123368	-0.125453	-0.124149	-0.134369	-0.140679	-0.137162	-0.144474	-0.160552	-0.171297	-0.163524	-0.175024	
-0.108266	-0.112258	-0.105983	-0.109325	-0.108802	-0.105684	-0.111295	-0.105344	-0.110996	-0.109663	-0.109899	-0.114007	-0.116395	-0.114772	-0.126253	-0.128628	-0.124494	-0.130821	-0.141467	-0.137555	-0.145985	-0.161134	-0.169212	-0.162963	-0.175826	
-0.116996	-0.113788	-0.112498	-0.112831	-0.111686	-0.111295	-0.112647	-0.1124	-0.113339	-0.115236	-0.116055	-0.116215	-0.120247	-0.117441	-0.120018	-0.121368	-0.124561	-0.13635	-0.142529	-0.137746	-0.144871	-0.161712	-0.169882	-0.162643	-0.176793	
-0.107569	-0.113271	-0.105481	-0.10988	-0.109146	-0.105344	-0.1124	-0.104633	-0.111488	-0.110072	-0.108813	-0.114984	-0.116558	-0.115323	-0.127826	-0.131612	-0.126109	-0.132627	-0.140423	-0.137068	-0.147505	-0.162177	-0.170932	-0.164954	-0.177495	
-0.115488	-0.115188	-0.111976	-0.112879	-0.112062	-0.110996	-0.113339	-0.111488	-0.114801	-0.114394	-0.116533	-0.118787	-0.119596	-0.12	-0.124309	-0.122818	-0.124154	-0.137322	-0.143782	-0.140096	-0.148939	-0.165459	-0.169638	-0.162671	-0.182391	
-0.112952	-0.116149	-0.110889	-0.113082	-0.113073	-0.109663	-0.115236	-0.110072	-0.114394	-0.115033	-0.11326	-0.118142	-0.118708	-0.11914	-0.125646	-0.128677	-0.129146	-0.140187	-0.142008	-0.138511	-0.151206	-0.16623	-0.171386	-0.167506	-0.185814	
-0.111554	-0.117822	-0.109699	-0.113953	-0.11301	-0.109899	-0.116055	-0.108813	-0.116533	-0.11326	-0.11373	-0.120777	-0.118155	-0.120624	-0.130003	-0.131175	-0.12978	-0.139852	-0.142105	-0.14277	-0.156424	-0.170515	-0.170638	-0.167157	-0.192618	
-0.116926	-0.119754	-0.116274	-0.114913	-0.115875	-0.114007	-0.116215	-0.114984	-0.118787	-0.118142	-0.120777	-0.125964	-0.121022	-0.130235	-0.130559	-0.125469	-0.128307	-0.14619	-0.144408	-0.146073	-0.158861	-0.172341	-0.171671	-0.171612	-0.200714	
-0.117907	-0.119996	-0.117802	-0.118109	-0.119423	-0.116395	-0.120247	-0.116558	-0.119596	-0.118708	-0.118155	-0.121022	-0.120117	-0.123412	-0.126404	-0.132533	-0.142788	-0.149376	-0.143387	-0.147867	-0.164778	-0.176158	-0.16969	-0.178827	-0.211977	
-0.116524	-0.121041	-0.116901	-0.115431	-0.117113	-0.114772	-0.117441	-0.115323	-0.12	-0.11914	-0.120624	-0.130235	-0.123412	-0.136254	-0.1388	-0.138319	-0.137624	-0.146247	-0.14305	-0.155926	-0.172276	-0.177059	-0.174017	-0.187293	-0.219907	
-0.128069	-0.123348	-0.128472	-0.12215	-0.123368	-0.126253	-0.120018	-0.127826	-0.124309	-0.125646	-0.130003	-0.130559	-0.126404	-0.1388	-0.132063	-0.131704	-0.143734	-0.154031	-0.150575	-0.1652	-0.175286	-0.177887	-0.174121	-0.199066	-0.234994	
-0.131747	-0.121468	-0.131072	-0.123681	-0.125453	-0.128628	-0.121368	-0.131612	-0.122818	-0.128677	-0.131175	-0.125469	-0.132533	-0.138319	-0.131704	-0.141833	-0.158529	-0.15566	-0.15174	-0.169653	-0.179136	-0.179557	-0.184374	-0.216607	-0.242556	
-0.131916	-0.124657	-0.125722	-0.125453	-0.124149	-0.124494	-0.124561	-0.126109	-0.124154	-0.129146	-0.12978	-0.128307	-0.142788	-0.137624	-0.143734	-0.158529	-0.161454	-0.146491	-0.159652	-0.180943	-0.184852	-0.181883	-0.194782	-0.232294	-0.251654	
-0.138346	-0.140011	-0.133569	-0.134532	-0.134369	-0.130821	-0.13635	-0.132627	-0.137322	-0.140187	-0.139852	-0.14619	-0.149376	-0.146247	-0.154031	-0.15566	-0.146491	-0.152102	-0.179454	-0.190245	-0.184495	-0.186084	-0.216376	-0.248814	-0.252943	
-0.141164	-0.144026	-0.140397	-0.1429	-0.140679	-0.141467	-0.142529	-0.140423	-0.143782	-0.142008	-0.142105	-0.144408	-0.143387	-0.14305	-0.150575	-0.15174	-0.159652	-0.179454	-0.195265	-0.187931	-0.182241	-0.202593	-0.237263	-0.257454	-0.255048	
-0.140152	-0.139991	-0.137854	-0.138275	-0.137162	-0.137555	-0.137746	-0.137068	-0.140096	-0.138511	-0.14277	-0.146073	-0.147867	-0.155926	-0.1652	-0.169653	-0.180943	-0.190245	-0.187931	-0.178634	-0.196051	-0.229395	-0.259169	-0.262598	-0.251658	
-0.153181	-0.149338	-0.147567	-0.146255	-0.144474	-0.145985	-0.144871	-0.147505	-0.148939	-0.151206	-0.156424	-0.158861	-0.164778	-0.172276	-0.175286	-0.179136	-0.184852	-0.184495	-0.182241	-0.196051	-0.228737	-0.25674	-0.265466	-0.253565	-0.26072	
-0.169253	-0.165641	-0.163022	-0.162654	-0.160552	-0.161134	-0.161712	-0.162177	-0.165459	-0.16623	-0.170515	-0.172341	-0.176158	-0.177059	-0.177887	-0.179557	-0.181883	-0.186084	-0.202593	-0.229395	-0.25674	-0.26477	-0.258887	-0.258928	-0.293357	
-0.170732	-0.170462	-0.171415	-0.168847	-0.171297	-0.169212	-0.169882	-0.170932	-0.169638	-0.171386	-0.170638	-0.171671	-0.16969	-0.174017	-0.174121	-0.184374	-0.194782	-0.216376	-0.237263	-0.259169	-0.265466	-0.258887	-0.259186	-0.283136	-0.354308	
-0.16591	-0.164275	-0.164441	-0.162318	-0.163524	-0.162963	-0.162643	-0.164954	-0.162671	-0.167506	-0.167157	-0.171612	-0.178827	-0.187293	-0.199066	-0.216607	-0.232294	-0.248814	-0.257454	-0.262598	-0.253565	-0.258928	-0.283136	-0.349966	-0.454027	
-0.188452	-0.183912	-0.178784	-0.178102	-0.175024	-0.175826	-0.176793	-0.177495	-0.182391	-0.185814	-0.192618	-0.200714	-0.211977	-0.219907	-0.234994	-0.242556	-0.251654	-0.252943	-0.255048	-0.251658	-0.26072	-0.293357	-0.354308	-0.454027	-0.562656	
