0.696778	0.793424	0.844851	0.848361	0.810759	0.746085	0.669194	0.59928	0.538085	0.484661	0.448116	0.415133	0.382593	0.350516	0.315879	0.278278	0.238882	0.204558	0.166556	0.127616	0.0985407	0.0680322	0.0385451	0.0194334	0.00345004	
0.793291	0.869811	0.899033	0.880136	0.819757	0.737962	0.647434	0.567005	0.496109	0.437469	0.394473	0.348851	0.307239	0.271726	0.234407	0.19702	0.163807	0.132602	0.0961899	0.0677851	0.0490819	0.0241792	0.00328763	-0.00692317	-0.0173613	
0.843661	0.898137	0.903109	0.859087	0.781057	0.685773	0.585639	0.499576	0.423113	0.36133	0.310544	0.261936	0.225848	0.192282	0.157078	0.124796	0.0962318	0.0704036	0.0445679	0.0273165	0.0126971	-0.00685409	-0.0177746	-0.0223963	-0.0307748	
0.845717	0.8781	0.858076	0.795416	0.704616	0.597687	0.494177	0.408139	0.32989	0.270061	0.223512	0.18264	0.15078	0.11874	0.089224	0.065009	0.0466072	0.028443	0.00844895	-0.00173848	-0.0111534	-0.0247228	-0.0297436	-0.032272	-0.0389623	
0.806791	0.816773	0.779267	0.703877	0.601827	0.491122	0.393653	0.308489	0.235825	0.188749	0.147533	0.11082	0.0845901	0.0605004	0.0412502	0.0257592	0.0122418	-0.0032745	-0.0147305	-0.0169977	-0.0259688	-0.0363133	-0.0359264	-0.0374591	-0.0440905	
0.741264	0.734456	0.683583	0.596557	0.490712	0.386911	0.295026	0.2171	0.16059	0.11996	0.0808253	0.0552988	0.0393453	0.0226928	0.00828343	-0.00323658	-0.011229	-0.0206779	-0.0259774	-0.0277452	-0.036707	-0.040758	-0.0379179	-0.0420247	-0.0481276	
0.664111	0.643867	0.583411	0.492956	0.393092	0.294843	0.212162	0.147336	0.0977396	0.0619028	0.0351023	0.0217353	0.00949214	-0.00549501	-0.014536	-0.0180357	-0.0234292	-0.0324048	-0.0332025	-0.0336032	-0.0416827	-0.0424896	-0.0405164	-0.0457361	-0.0497933	
0.594453	0.563741	0.49757	0.407026	0.307941	0.216872	0.147268	0.0881415	0.05066	0.0280105	0.00898624	-0.00120227	-0.0139453	-0.0227644	-0.0235445	-0.0269467	-0.0343166	-0.0373247	-0.0339675	-0.0389294	-0.0463449	-0.042423	-0.0417318	-0.0484902	-0.0511514	
0.53387	0.493362	0.421465	0.328983	0.23537	0.160386	0.0976617	0.0506386	0.0277036	0.00408115	-0.0124315	-0.0190742	-0.0267506	-0.027766	-0.0296612	-0.0347397	-0.0378512	-0.0379862	-0.0381076	-0.0443967	-0.0455287	-0.0407236	-0.0453063	-0.0517856	-0.0511257	
0.481229	0.435314	0.360073	0.26938	0.188409	0.119804	0.0618384	0.0279878	0.00407537	-0.0181039	-0.0228711	-0.0246215	-0.0297193	-0.0325556	-0.0358232	-0.0379088	-0.0407375	-0.0400294	-0.0395962	-0.0453448	-0.044805	-0.0429407	-0.0493009	-0.0521962	-0.0499893	
0.445487	0.392881	0.309643	0.223036	0.147298	0.0807173	0.0350566	0.00896879	-0.0124372	-0.0228725	-0.022167	-0.02943	-0.0378269	-0.0379145	-0.0372547	-0.0401976	-0.0411664	-0.0379607	-0.0428778	-0.0490727	-0.0440703	-0.0441688	-0.0516186	-0.0521591	-0.0501227	
0.413228	0.347738	0.261326	0.182325	0.110667	0.0552295	0.0217058	-0.00121382	-0.0190783	-0.0246228	-0.0294303	-0.041019	-0.0399609	-0.0339483	-0.0379344	-0.0420212	-0.0403515	-0.0418182	-0.0484434	-0.04644	-0.0414365	-0.0485814	-0.0545872	-0.0513734	-0.0503956	
0.38128	0.306498	0.225454	0.150582	0.0844967	0.0393035	0.00947455	-0.0139522	-0.0267531	-0.0297201	-0.0378271	-0.039961	-0.0316482	-0.036085	-0.0447616	-0.0435886	-0.0414031	-0.044168	-0.0468152	-0.0440288	-0.0457887	-0.0536773	-0.0536177	-0.0498457	-0.0525027	
0.349653	0.271257	0.19204	0.118622	0.0604459	0.0226689	-0.00550493	-0.0227683	-0.0277674	-0.0325561	-0.0379146	-0.0339483	-0.036085	-0.0466389	-0.0454132	-0.0394451	-0.0405176	-0.0463918	-0.0488429	-0.0455999	-0.048805	-0.0546759	-0.0521057	-0.050752	-0.0565133	
0.315338	0.234123	0.156936	0.0891566	0.0412198	0.00827042	-0.0145413	-0.0235466	-0.029662	-0.0358235	-0.0372548	-0.0379344	-0.0447616	-0.0454132	-0.0380229	-0.0391018	-0.0473789	-0.0515758	-0.0464055	-0.0439455	-0.0532673	-0.0564238	-0.0505971	-0.0531056	-0.0615614	
0.277953	0.196855	0.124716	0.0649722	0.025743	-0.00324336	-0.0180384	-0.0269477	-0.0347401	-0.0379089	-0.0401976	-0.0420212	-0.0435886	-0.0394451	-0.0391018	-0.0483018	-0.0519154	-0.0460456	-0.0424804	-0.05124	-0.0591156	-0.0524925	-0.0496618	-0.0594527	-0.065837	
0.238696	0.163715	0.0961887	0.0465879	0.0122335	-0.0112324	-0.0234305	-0.0343171	-0.0378514	-0.0407376	-0.0411664	-0.0403515	-0.0414031	-0.0405176	-0.0473789	-0.0519154	-0.0454847	-0.0432464	-0.0505686	-0.0582078	-0.0547246	-0.0488386	-0.0564825	-0.0658828	-0.0650641	
0.204456	0.132553	0.0703813	0.0284333	-0.00327857	-0.0206795	-0.0324055	-0.0373249	-0.0379862	-0.0400295	-0.0379607	-0.0418182	-0.044168	-0.0463918	-0.0515758	-0.0460456	-0.0432464	-0.0506617	-0.0560294	-0.0557009	-0.0513212	-0.0537871	-0.0638724	-0.0663723	-0.0627364	
0.166502	0.0961649	0.0445568	0.00844423	-0.0147324	-0.0259782	-0.0332028	-0.0339676	-0.0381076	-0.0395962	-0.0428778	-0.0484434	-0.0468152	-0.0488429	-0.0464055	-0.0424804	-0.0505686	-0.0560294	-0.0558022	-0.0542459	-0.0524325	-0.0597854	-0.067666	-0.0650078	-0.0621911	
0.127589	0.0677728	0.0273112	-0.00174068	-0.0169986	-0.0277455	-0.0336034	-0.0389294	-0.0443967	-0.0453448	-0.0490727	-0.04644	-0.0440288	-0.0455999	-0.0439455	-0.05124	-0.0582078	-0.0557009	-0.0542459	-0.0521367	-0.0563124	-0.0682972	-0.0686105	-0.0615366	-0.0638312	
0.0985275	0.0490761	0.0126947	-0.0111544	-0.0259692	-0.0367072	-0.0416828	-0.0463449	-0.0455287	-0.044805	-0.0440703	-0.0414365	-0.0457887	-0.048805	-0.0532673	-0.0591156	-0.0547246	-0.0513212	-0.0524325	-0.0563124	-0.0684129	-0.0714944	-0.0610864	-0.06102	-0.0727341	
0.0680261	0.0241765	-0.00685516	-0.0247232	-0.0363135	-0.0407581	-0.0424897	-0.042423	-0.0407236	-0.0429407	-0.0441688	-0.0485814	-0.0536773	-0.0546759	-0.0564238	-0.0524925	-0.0488386	-0.0537871	-0.0597854	-0.0682972	-0.0714944	-0.0609676	-0.0588417	-0.0726941	-0.0832043	
0.0385423	0.00328648	-0.017775	-0.0297437	-0.0359264	-0.0379179	-0.0405165	-0.0417318	-0.0453063	-0.0493009	-0.0516186	-0.0545872	-0.0536177	-0.0521057	-0.0505971	-0.0496618	-0.0564825	-0.0638724	-0.067666	-0.0686105	-0.0610864	-0.0588417	-0.0727112	-0.0839539	-0.0852101	
0.0194322	-0.00692365	-0.0223965	-0.0322721	-0.0374591	-0.0420247	-0.0457361	-0.0484902	-0.0517856	-0.0521962	-0.0521591	-0.0513734	-0.0498457	-0.050752	-0.0531056	-0.0594527	-0.0658828	-0.0663723	-0.0650078	-0.0615366	-0.06102	-0.0726941	-0.0839539	-0.084717	-0.0844221	
0.00344955	-0.0173615	-0.0307748	-0.0389623	-0.0440905	-0.0481276	-0.0497933	-0.0511514	-0.0511257	-0.0499893	-0.0501227	-0.0503956	-0.0525027	-0.0565133	-0.0615614	-0.065837	-0.0650641	-0.0627364	-0.0621911	-0.0638312	-0.0727341	-0.0832043	-0.0852101	-0.0844221	-0.0837757	
-0.0124041	-0.028998	-0.0393072	-0.0449301	-0.0484426	-0.0497575	-0.0498667	-0.0499149	-0.0492041	-0.0498957	-0.0518911	-0.0547251	-0.0590306	-0.0631432	-0.0654251	-0.0641493	-0.0617357	-0.0624617	-0.0659198	-0.0733437	-0.082903	-0.0864971	-0.0849666	-0.0830717	-0.0811124	
-0.0261949	-0.0380948	-0.0443067	-0.0472091	-0.0482608	-0.0480071	-0.0482165	-0.0488042	-0.050519	-0.0540304	-0.0578558	-0.0617407	-0.0646094	-0.064888	-0.0627151	-0.060613	-0.0623298	-0.0677465	-0.0754721	-0.0840819	-0.0878146	-0.0849601	-0.0811141	-0.0805183	-0.0892535	
-0.0327493	-0.0396392	-0.0427448	-0.0443518	-0.0453929	-0.0471302	-0.0500067	-0.0535747	-0.0579896	-0.0618299	-0.0639851	-0.0643583	-0.0625919	-0.0599723	-0.0594023	-0.0633635	-0.0710761	-0.0794538	-0.0861607	-0.0878045	-0.0832682	-0.0785598	-0.080359	-0.0920434	-0.112851	
-0.030423	-0.036328	-0.0407885	-0.0449627	-0.04932	-0.0540567	-0.0583094	-0.061578	-0.0632288	-0.0626051	-0.0606017	-0.0584216	-0.057655	-0.0604489	-0.0674579	-0.0764911	-0.0837902	-0.0870318	-0.0853884	-0.0800053	-0.0767345	-0.0819445	-0.0964576	-0.1159	-0.131251	
-0.0313898	-0.0395063	-0.0462117	-0.0516696	-0.0558786	-0.058444	-0.0591285	-0.0583347	-0.0565467	-0.0550994	-0.0556071	-0.0589294	-0.0654046	-0.0739782	-0.0817581	-0.0857107	-0.0849647	-0.0810321	-0.0768394	-0.0770946	-0.0858328	-0.101762	-0.119022	-0.130884	-0.133056	
-0.0320873	-0.0390991	-0.043793	-0.0465593	-0.0478201	-0.0480401	-0.0481403	-0.0490614	-0.0516654	-0.05666	-0.0637366	-0.0717523	-0.0790175	-0.0833841	-0.0835526	-0.0804331	-0.0767879	-0.0757434	-0.0801217	-0.091312	-0.106918	-0.121554	-0.130583	-0.132142	-0.127895	
-0.0122968	-0.0178769	-0.0222264	-0.0261486	-0.0303082	-0.0353301	-0.0416642	-0.049295	-0.0578555	-0.0664046	-0.0735682	-0.0781891	-0.0795836	-0.0780618	-0.0754421	-0.0743978	-0.0771323	-0.0847438	-0.0969536	-0.1113	-0.123676	-0.130832	-0.131743	-0.127465	-0.121329	
0.026451	0.0165118	0.00634403	-0.00437892	-0.0156967	-0.0274153	-0.039001	-0.0497053	-0.0587075	-0.0652228	-0.0689415	-0.0702331	-0.0701437	-0.0704264	-0.0730214	-0.0791716	-0.0890409	-0.101741	-0.115112	-0.125983	-0.131678	-0.131275	-0.125869	-0.119163	-0.117957	
0.0728467	0.0561752	0.0392957	0.022491	0.00622203	-0.00892107	-0.0223039	-0.0334301	-0.0420371	-0.0482795	-0.0528574	-0.0568877	-0.0617571	-0.0687934	-0.0786982	-0.0912287	-0.105194	-0.11843	-0.128091	-0.131832	-0.129184	-0.122231	-0.11591	-0.117697	-0.135411	
0.130518	0.109412	0.0884845	0.0682146	0.0491205	0.0316836	0.0162162	0.00275845	-0.0089957	-0.0197576	-0.0305233	-0.0423473	-0.0560501	-0.071792	-0.0887754	-0.105267	-0.118842	-0.12697	-0.128179	-0.123313	-0.116016	-0.112308	-0.119316	-0.142889	-0.184819	
0.202479	0.180349	0.158336	0.136809	0.116034	0.0960925	0.0768083	0.0577486	0.0382774	0.0177188	-0.00437146	-0.0279289	-0.0521245	-0.0752711	-0.0950774	-0.109213	-0.116102	-0.115889	-0.111153	-0.106778	-0.108874	-0.123142	-0.153041	-0.198397	-0.25553	
0.283345	0.264617	0.244971	0.224248	0.202129	0.178167	0.151892	0.122977	0.0914464	0.0579021	0.0236463	-0.00934971	-0.0386895	-0.0620613	-0.0779249	-0.0861824	-0.0886489	-0.0890771	-0.0924901	-0.10394	-0.127185	-0.163729	-0.212512	-0.270465	-0.333598	
0.359474	0.346237	0.329733	0.309359	0.284603	0.255199	0.221325	0.183758	0.143968	0.10404	0.0664047	0.0333863	0.00664129	-0.0133758	-0.0277327	-0.0389961	-0.0508175	-0.0671588	-0.091372	-0.125489	-0.169941	-0.223662	-0.284392	-0.348881	-0.412626	
0.398888	0.390051	0.376475	0.357855	0.334217	0.306018	0.274188	0.240093	0.205394	0.171778	0.140601	0.112523	0.0872507	0.06349	0.0391637	0.0118322	-0.0207976	-0.0604259	-0.107911	-0.163215	-0.22538	-0.292365	-0.360718	-0.425231	-0.478932	
0.372364	0.370204	0.364864	0.356449	0.345222	0.33154	0.315773	0.298201	0.27893	0.257833	0.234505	0.208247	0.178118	0.143041	0.101968	0.0540452	-0.00123472	-0.0639079	-0.133365	-0.208062	-0.285128	-0.360065	-0.426814	-0.478437	-0.508455	
0.288754	0.298935	0.308919	0.318566	0.327545	0.335243	0.340709	0.342671	0.33965	0.33015	0.312849	0.286712	0.251002	0.205254	0.149268	0.0832014	0.00779271	-0.0753021	-0.163143	-0.251269	-0.333806	-0.40408	-0.455683	-0.483703	-0.485601	
0.181401	0.204756	0.229759	0.255804	0.281968	0.306961	0.329095	0.346307	0.356307	0.356822	0.34587	0.321946	0.284099	0.231996	0.166054	0.0877058	-0.000285284	-0.0936249	-0.186579	-0.272485	-0.344649	-0.39739	-0.426846	-0.431184	-0.410073	
0.0719036	0.103325	0.136859	0.171711	0.20679	0.240672	0.27153	0.297069	0.31459	0.321269	0.314588	0.292766	0.255064	0.201974	0.135334	0.0583782	-0.0243433	-0.107286	-0.184482	-0.250267	-0.299915	-0.329966	-0.33809	-0.322654	-0.282314	
-0.0339575	-6.28002e-05	0.0354886	0.071725	0.107392	0.140996	0.170803	0.194766	0.210528	0.21571	0.208453	0.187969	0.154843	0.110999	0.0594257	0.00378505	-0.0519933	-0.104058	-0.148865	-0.183225	-0.20417	-0.208758	-0.194015	-0.157255	-0.0968624	
-0.137834	-0.107405	-0.0766167	-0.0465924	-0.0186812	0.00574605	0.0255165	0.0396457	0.0472118	0.0474359	0.0400593	0.0257513	0.00621129	-0.0161364	-0.0386778	-0.0590894	-0.0755504	-0.0866288	-0.0909236	-0.0866558	-0.0714546	-0.0425623	0.00247316	0.0648022	0.1434	
-0.250642	-0.232089	-0.214198	-0.197571	-0.183047	-0.171417	-0.162964	-0.157383	-0.154123	-0.152658	-0.152361	-0.152194	-0.150571	-0.145596	-0.135484	-0.118876	-0.0948873	-0.0628826	-0.0221955	0.02799	0.0884229	0.159236	0.239289	0.325815	0.414746	
-0.381215	-0.381264	-0.38136	-0.380665	-0.378959	-0.376397	-0.372782	-0.367308	-0.359011	-0.347261	-0.331743	-0.311996	-0.287018	-0.255233	-0.214795	-0.163975	-0.101468	-0.0266056	0.0604463	0.158454	0.264866	0.375678	0.485635	0.588973	0.680707	
-0.515569	-0.533947	-0.550723	-0.563233	-0.570275	-0.571734	-0.567485	-0.556846	-0.53898	-0.513486	-0.480398	-0.43963	-0.390416	-0.331211	-0.260068	-0.175239	-0.0757725	0.0380216	0.164289	0.299541	0.438781	0.575857	0.704068	0.817062	0.910061	
-0.62407	-0.655641	-0.683858	-0.704811	-0.717016	-0.720387	-0.714825	-0.699476	-0.67316	-0.63508	-0.584972	-0.522658	-0.447619	-0.359005	-0.256078	-0.13877	-0.00808967	0.133757	0.283492	0.437035	0.589764	0.736622	0.872064	0.990088	1.08486	
-0.686858	-0.730403	-0.763623	-0.786573	-0.798912	-0.800807	-0.791915	-0.770881	-0.735958	-0.685871	-0.620061	-0.538404	-0.440965	-0.328116	-0.20091	-0.0613641	0.0875734	0.242384	0.399492	0.555654	0.707985	0.85343	0.987808	1.10489	1.19614	
