-0.0472591	-0.054262	-0.0634583	-0.0600316	-0.0550417	-0.0622472	-0.0717058	-0.0728676	-0.0627627	-0.0411863	-0.0188278	-0.000441457	0.0349719	0.106747	0.203728	0.297618	0.357532	0.348256	0.247177	0.0701729	-0.138279	-0.339977	-0.51421	-0.641708	-0.700997	
-0.0495575	-0.058195	-0.0644299	-0.0584655	-0.0565957	-0.0667572	-0.0753188	-0.074582	-0.0637818	-0.0458296	-0.0322752	-0.0209311	0.0141585	0.088013	0.185421	0.279489	0.339733	0.329803	0.229748	0.0592911	-0.137892	-0.326253	-0.484045	-0.589158	-0.616316	
-0.0520658	-0.0616164	-0.0641524	-0.057138	-0.0594474	-0.0715054	-0.0781051	-0.0753204	-0.0645707	-0.0517581	-0.0471946	-0.0408315	-0.00455559	0.0703268	0.165731	0.257274	0.315175	0.303566	0.206766	0.0472632	-0.134428	-0.305999	-0.443861	-0.524219	-0.527171	
-0.055442	-0.0643541	-0.0627064	-0.0566666	-0.063663	-0.0760495	-0.0798054	-0.0752164	-0.0656965	-0.0594518	-0.0631646	-0.0591386	-0.0206125	0.0535932	0.144236	0.230193	0.282775	0.26868	0.177877	0.033966	-0.128084	-0.27968	-0.395076	-0.449788	-0.431083	
-0.0592268	-0.0655719	-0.060624	-0.0578449	-0.0689699	-0.0797856	-0.080289	-0.0746395	-0.0678698	-0.0691856	-0.0794004	-0.0748105	-0.0337312	0.0374771	0.120387	0.197406	0.24157	0.224568	0.142902	0.0192035	-0.119101	-0.247324	-0.337657	-0.365925	-0.326822	
-0.0625643	-0.065419	-0.0589107	-0.0609992	-0.0746605	-0.0821943	-0.0796918	-0.0741959	-0.0718238	-0.0808753	-0.0947816	-0.0869473	-0.0440127	0.0214094	0.0935466	0.158127	0.190947	0.171171	0.101952	0.00270941	-0.107898	-0.208949	-0.271291	-0.272439	-0.214277	
-0.0654448	-0.06394	-0.0583011	-0.0661111	-0.079915	-0.0829596	-0.0784162	-0.0746897	-0.0781548	-0.0939497	-0.107976	-0.0950069	-0.0520101	0.00461123	0.0630262	0.111766	0.130909	0.109201	0.0556138	-0.0157021	-0.0950378	-0.164888	-0.196241	-0.170082	-0.0947805	
-0.0664317	-0.0615871	-0.0600148	-0.072731	-0.0836805	-0.0820689	-0.0772214	-0.077034	-0.0870886	-0.107294	-0.117675	-0.0990219	-0.0587419	-0.0138719	0.0281197	0.0580756	0.0622847	0.0403152	0.00514631	-0.0358097	-0.0808501	-0.115556	-0.113292	-0.0604289	0.0294711	
-0.0656309	-0.0601914	-0.0645872	-0.0794334	-0.0851245	-0.0801401	-0.0771477	-0.0819868	-0.0982549	-0.119351	-0.122933	-0.0997515	-0.0656334	-0.0351314	-0.0118581	-0.00272214	-0.0131569	-0.0328809	-0.0474589	-0.0566937	-0.0649855	-0.0609834	-0.0232332	0.0548426	0.156398	
-0.0640093	-0.0608266	-0.0713591	-0.0846958	-0.084197	-0.0782786	-0.0792348	-0.0898974	-0.110586	-0.128397	-0.123508	-0.0987168	-0.0743923	-0.0603443	-0.0574942	-0.0698048	-0.0927522	-0.107062	-0.0996255	-0.0766809	-0.0462776	-0.000682437	0.0733859	0.174412	0.284592	
-0.0621096	-0.0644864	-0.0792422	-0.0872144	-0.0815352	-0.0778724	-0.0843321	-0.100466	-0.122347	-0.132973	-0.120162	-0.0980851	-0.0868351	-0.0906928	-0.109124	-0.141635	-0.173116	-0.178551	-0.148478	-0.0935269	-0.0229953	0.066021	0.175991	0.297187	0.413207	
-0.0622124	-0.0716866	-0.0859755	-0.0861791	-0.0787468	-0.0804144	-0.0927264	-0.112516	-0.131437	-0.132437	-0.114778	-0.1004	-0.104699	-0.127231	-0.166589	-0.215867	-0.250408	-0.243705	-0.191106	-0.104685	0.00669779	0.139411	0.283466	0.421856	0.541477	
-0.0663928	-0.0805269	-0.0889255	-0.0825584	-0.078223	-0.086785	-0.103761	-0.124097	-0.135986	-0.127445	-0.110207	-0.108215	-0.129468	-0.170673	-0.228945	-0.289348	-0.320664	-0.299206	-0.224694	-0.107532	0.0443106	0.21892	0.393796	0.546538	0.668272	
-0.0744118	-0.0874423	-0.0873358	-0.0791759	-0.0818722	-0.0967023	-0.115914	-0.132913	-0.135051	-0.120189	-0.109855	-0.123719	-0.162216	-0.221099	-0.294193	-0.358256	-0.38014	-0.342188	-0.246518	-0.099534	0.0907312	0.302988	0.504087	0.668721	0.791864	
-0.0829701	-0.089788	-0.0832107	-0.0791162	-0.0901889	-0.108901	-0.127053	-0.136891	-0.129281	-0.114271	-0.117072	-0.148437	-0.203428	-0.277599	-0.359162	-0.418443	-0.425621	-0.37022	-0.253913	-0.0784414	0.146071	0.38923	0.610923	0.785446	0.90985	
-0.0887096	-0.0878482	-0.0798768	-0.0843303	-0.102362	-0.121361	-0.134698	-0.135034	-0.121392	-0.114111	-0.134465	-0.183041	-0.252772	-0.33795	-0.419651	-0.465908	-0.454605	-0.381183	-0.244331	-0.0425722	0.209611	0.474832	0.710888	0.893564	1.01915	
-0.0904884	-0.0834389	-0.080706	-0.0954648	-0.116298	-0.131324	-0.136809	-0.128486	-0.116006	-0.123898	-0.163383	-0.227287	-0.308797	-0.398456	-0.470874	-0.497293	-0.465298	-0.373155	-0.215599	0.00881921	0.279854	0.557033	0.801054	0.989946	1.11599	
-0.0872228	-0.080308	-0.0889886	-0.110864	-0.128409	-0.136191	-0.133177	-0.120989	-0.118598	-0.146497	-0.203741	-0.279949	-0.368599	-0.454106	-0.508149	-0.510217	-0.456429	-0.344411	-0.166365	0.0751965	0.354696	0.633577	0.879283	1.07156	1.19603	
-0.0821985	-0.0846604	-0.104653	-0.125679	-0.135251	-0.135165	-0.126226	-0.118252	-0.133998	-0.182754	-0.254129	-0.338623	-0.427632	-0.499166	-0.527642	-0.503305	-0.426984	-0.293664	-0.0966563	0.154576	0.431738	0.703003	0.944251	1.13548	1.25451	
-0.0833877	-0.098612	-0.122136	-0.134888	-0.135818	-0.129817	-0.120826	-0.126621	-0.164971	-0.231326	-0.31199	-0.399452	-0.47991	-0.528116	-0.526874	-0.475885	-0.376062	-0.220559	-0.00832767	0.243674	0.508663	0.764679	0.995204	1.17886	1.28675	
-0.0941067	-0.117525	-0.134706	-0.136648	-0.131575	-0.123901	-0.123729	-0.151258	-0.211177	-0.289044	-0.373693	-0.456948	-0.518743	-0.536664	-0.504758	-0.427532	-0.303069	-0.126319	0.0948137	0.338401	0.583546	0.818503	1.03152	1.19902	1.2888	
-0.11272	-0.134051	-0.138223	-0.13241	-0.125928	-0.123625	-0.142033	-0.193911	-0.269075	-0.351676	-0.43441	-0.504179	-0.537938	-0.522428	-0.461136	-0.357789	-0.208322	-0.0142565	0.207392	0.434554	0.654917	0.86432	1.05222	1.1937	1.25825	
-0.132937	-0.140148	-0.133204	-0.1266	-0.12448	-0.136825	-0.180103	-0.251601	-0.333209	-0.414499	-0.48777	-0.533618	-0.53315	-0.484931	-0.396074	-0.266393	-0.0938945	0.110177	0.32333	0.528448	0.721475	0.90123	1.05578	1.16146	1.19498	
-0.141677	-0.134139	-0.126418	-0.125134	-0.134478	-0.17008	-0.236718	-0.317691	-0.397991	-0.47194	-0.525863	-0.53878	-0.50274	-0.424812	-0.309434	-0.154132	0.0357317	0.240041	0.436938	0.617161	0.781489	0.927054	1.04014	1.10227	1.1017	
-0.134818	-0.126031	-0.125299	-0.133716	-0.163598	-0.224837	-0.304788	-0.384834	-0.458208	-0.516612	-0.540469	-0.516087	-0.447491	-0.342701	-0.201266	-0.0240204	0.173727	0.368178	0.543758	0.698214	0.832118	0.938276	1.00334	1.01797	0.983957	
-0.125859	-0.125233	-0.133587	-0.159958	-0.216306	-0.29459	-0.374721	-0.447274	-0.507511	-0.539384	-0.525649	-0.465694	-0.369089	-0.238721	-0.0731511	0.117953	0.311998	0.488613	0.640695	0.768794	0.869072	0.930639	0.944374	0.912577	0.849671	
-0.125233	-0.133592	-0.158383	-0.211231	-0.287458	-0.367452	-0.439275	-0.499733	-0.536773	-0.531997	-0.480109	-0.39019	-0.268479	-0.113444	0.0702219	0.263311	0.442995	0.597355	0.725294	0.824946	0.886936	0.900333	0.864084	0.792175	0.708113	
-0.133587	-0.158383	-0.209555	-0.283777	-0.363025	-0.434084	-0.493946	-0.533789	-0.535816	-0.491095	-0.406877	-0.29186	-0.145867	0.0299142	0.22058	0.403011	0.561344	0.692039	0.794505	0.861345	0.880321	0.845436	0.765748	0.664309	0.568627	
-0.159958	-0.211231	-0.283777	-0.361532	-0.431537	-0.490429	-0.531327	-0.537849	-0.498945	-0.4196	-0.309782	-0.171198	-0.00309628	0.183803	0.367668	0.529901	0.664194	0.770478	0.843755	0.872066	0.845551	0.767076	0.655043	0.537016	0.439353	
-0.216306	-0.287458	-0.363025	-0.431537	-0.489255	-0.52996	-0.538765	-0.503953	-0.428583	-0.32285	-0.190136	-0.0289709	0.153355	0.337169	0.5024	0.640081	0.749884	0.829051	0.867139	0.852313	0.782281	0.669835	0.539311	0.417695	0.326243	
-0.29459	-0.367452	-0.434084	-0.490429	-0.52996	-0.539017	-0.506379	-0.433937	-0.331417	-0.203255	-0.0479823	0.129544	0.312036	0.479042	0.619415	0.732002	0.815723	0.862156	0.85902	0.800456	0.694345	0.561146	0.426334	0.312106	0.232588	
-0.374721	-0.439275	-0.493946	-0.531327	-0.538765	-0.506379	-0.435716	-0.335664	-0.210967	-0.0604391	0.11252	0.292766	0.460261	0.602376	0.716909	0.803797	0.856597	0.863506	0.816456	0.719441	0.589377	0.449873	0.322984	0.223749	0.15908	
-0.447274	-0.499733	-0.533789	-0.537849	-0.503953	-0.433937	-0.335664	-0.213512	-0.0665966	0.102316	0.279729	0.446494	0.589255	0.704852	0.793687	0.850956	0.865775	0.828867	0.741268	0.616812	0.477299	0.344532	0.234165	0.153748	0.104324	
-0.507511	-0.536773	-0.535816	-0.498945	-0.428583	-0.331417	-0.210967	-0.0665966	0.0989182	0.273157	0.438087	0.580331	0.696063	0.785787	0.845883	0.866497	0.837847	0.758817	0.640605	0.503242	0.368182	0.251747	0.16231	0.101192	0.0655736	
-0.539384	-0.531997	-0.491095	-0.4196	-0.32285	-0.203255	-0.060439	0.102316	0.273157	0.435259	0.575813	0.690718	0.780377	0.841904	0.866384	0.843997	0.772174	0.659947	0.525627	0.390114	0.270255	0.175379	0.107494	0.0637623	0.0394963	
-0.525649	-0.480109	-0.406877	-0.309782	-0.190136	-0.0479823	0.11252	0.279729	0.438087	0.575813	0.688923	0.777631	0.839381	0.865997	0.847918	0.78172	0.674761	0.543755	0.40884	0.287093	0.188674	0.116445	0.0680002	0.0384563	0.0227951	
-0.465694	-0.39019	-0.29186	-0.171198	-0.0289708	0.129545	0.292766	0.446494	0.580331	0.690718	0.777631	0.838517	0.865712	0.850078	0.787841	0.685178	0.557404	0.423755	0.301219	0.20051	0.125268	0.0736858	0.0410864	0.022199	0.0126073	
-0.369088	-0.268478	-0.145867	-0.00309584	0.153356	0.312036	0.460261	0.589255	0.696063	0.780377	0.839381	0.865712	0.850766	0.790825	0.691352	0.566511	0.434567	0.312139	0.210185	0.132919	0.0791136	0.0444485	0.0237146	0.0122663	0.00668305	
-0.238718	-0.113441	0.0299164	0.183804	0.33717	0.479042	0.602376	0.704852	0.785787	0.841904	0.865997	0.850078	0.790826	0.693397	0.571063	0.441111	0.319564	0.217325	0.138948	0.0836691	0.0475492	0.0255692	0.0130798	0.00648955	0.00339649	
-0.0731417	0.0702306	0.220587	0.367673	0.502403	0.619416	0.71691	0.793688	0.845883	0.866384	0.847918	0.787841	0.691352	0.571063	0.443302	0.323319	0.2217	0.143098	0.0870787	0.0500446	0.0272135	0.0140345	0.00689682	0.00328846	0.00165557	
0.117982	0.263338	0.403032	0.529915	0.64009	0.732007	0.803799	0.850957	0.866497	0.843997	0.78172	0.685178	0.566511	0.441111	0.323319	0.223173	0.145212	0.0891847	0.0517801	0.0284655	0.0148422	0.00735504	0.0034785	0.00159677	0.000774318	
0.312084	0.443074	0.561406	0.664237	0.74991	0.815736	0.856604	0.865778	0.837849	0.772175	0.674761	0.557404	0.434567	0.319564	0.2217	0.145212	0.0898968	0.0526689	0.0292446	0.0154119	0.00772047	0.00368291	0.00167919	0.000743339	0.000347661	
0.488851	0.597574	0.692209	0.770592	0.829119	0.862192	0.863523	0.828874	0.75882	0.659948	0.543755	0.423755	0.312139	0.217325	0.143098	0.0891847	0.0526689	0.0295088	0.0157052	0.00795055	0.00383358	0.00176342	0.00077636	0.00033195	0.000149931	
0.641315	0.725858	0.794937	0.84404	0.867304	0.859105	0.816496	0.741285	0.640612	0.525629	0.40884	0.301219	0.210185	0.138948	0.0870787	0.0517801	0.0292446	0.0157052	0.00802886	0.00391194	0.00181878	0.000808029	0.000344024	0.000142287	6.21394e-05	
0.770301	0.826306	0.862366	0.872722	0.852683	0.800643	0.719526	0.616848	0.503256	0.390119	0.287094	0.200511	0.132919	0.0836692	0.0500446	0.0284655	0.0154119	0.00795055	0.00391194	0.00183779	0.00082523	0.000354625	0.000146216	5.8579e-05	2.47652e-05	
0.872504	0.889984	0.882544	0.846936	0.78304	0.694717	0.589544	0.477368	0.368208	0.270264	0.188677	0.125269	0.0791139	0.0475492	0.0272135	0.0148422	0.00772047	0.00383358	0.00181878	0.00082523	0.000358432	0.000149195	5.96499e-05	2.31787e-05	9.4969e-06	
0.937958	0.906658	0.849859	0.769722	0.671232	0.561811	0.450162	0.344647	0.25179	0.175394	0.11645	0.0736873	0.0444489	0.0255693	0.0140346	0.00735505	0.00368292	0.00176342	0.000808029	0.000354625	0.000149195	6.0229e-05	2.33784e-05	8.82149e-06	3.50662e-06	
0.95912	0.876153	0.773671	0.659529	0.541576	0.427373	0.323422	0.234336	0.162372	0.107516	0.0680071	0.0410885	0.0237152	0.01308	0.00689686	0.00347851	0.00167919	0.00077636	0.000344024	0.000146216	5.96499e-05	2.33784e-05	8.81861e-06	3.23449e-06	1.24852e-06	
0.941352	0.81303	0.676715	0.543556	0.420829	0.313487	0.224313	0.153963	0.101268	0.063788	0.0384644	0.0222015	0.012267	0.00648974	0.00328851	0.00159678	0.000743341	0.000331951	0.000142287	5.8579e-05	2.31787e-05	8.8215e-06	3.23449e-06	1.15347e-06	4.32451e-07	
0.907455	0.738963	0.584517	0.447068	0.329746	0.234072	0.159669	0.104543	0.0656498	0.0395213	0.0228029	0.0126095	0.00668369	0.00339666	0.00165562	0.000774329	0.000347664	0.000149931	6.21396e-05	2.47653e-05	9.4969e-06	3.50662e-06	1.24852e-06	4.32451e-07	1.57281e-07	
