-1.25208	-1.22459	-1.22373	-1.21736	-1.20533	-1.18969	-1.17231	-1.1528	-1.12959	-1.10161	-1.06726	-1.02346	-0.96574	-0.889544	-0.791354	-0.668659	-0.519803	-0.34423	-0.142147	0.0837298	0.326677	0.577623	0.82803	1.07033	1.29172	
-1.26389	-1.26664	-1.26302	-1.25456	-1.24155	-1.22565	-1.20903	-1.19188	-1.17263	-1.15002	-1.12255	-1.08744	-1.0403	-0.976208	-0.890908	-0.781176	-0.644444	-0.479402	-0.28588	-0.0662301	0.172753	0.422003	0.673974	0.921864	1.15231	
-1.12702	-1.13316	-1.12923	-1.11994	-1.10674	-1.09156	-1.07691	-1.06317	-1.0491	-1.03357	-1.01581	-0.993536	-0.962966	-0.919499	-0.858615	-0.77688	-0.670968	-0.537732	-0.375866	-0.185292	0.0306201	0.263895	0.505667	0.747732	0.979486	
-0.876958	-0.878057	-0.871869	-0.861408	-0.848158	-0.834309	-0.822507	-0.812708	-0.804352	-0.796577	-0.789518	-0.781406	-0.76886	-0.747839	-0.714173	-0.663978	-0.594542	-0.501702	-0.383207	-0.239409	-0.0715768	0.116209	0.318461	0.530684	0.746607	
-0.541792	-0.53838	-0.530649	-0.520142	-0.507862	-0.49619	-0.486854	-0.479892	-0.475086	-0.473008	-0.474151	-0.478044	-0.481901	-0.482373	-0.477021	-0.461922	-0.434506	-0.391549	-0.327727	-0.241979	-0.135398	-0.00912105	0.135361	0.297977	0.478421	
-0.17815	-0.17446	-0.168762	-0.160874	-0.151579	-0.142867	-0.13478	-0.128665	-0.123724	-0.123196	-0.127247	-0.136947	-0.151048	-0.167553	-0.185506	-0.204216	-0.219696	-0.230697	-0.23099	-0.213379	-0.174525	-0.11251	-0.0262326	0.0834285	0.216071	
0.130019	0.1311	0.133137	0.137346	0.14268	0.148891	0.155788	0.162213	0.167647	0.169183	0.16517	0.155282	0.138954	0.115353	0.0859218	0.0475949	0.0027157	-0.0461209	-0.0966018	-0.140741	-0.170395	-0.179402	-0.16213	-0.11544	-0.0403591	
0.336541	0.333552	0.332428	0.332856	0.335101	0.339775	0.344843	0.352009	0.35636	0.359809	0.357587	0.351366	0.339767	0.319985	0.290083	0.249034	0.192118	0.12283	0.0423001	-0.0441096	-0.129438	-0.204349	-0.261873	-0.29063	-0.285202	
0.434515	0.430259	0.427973	0.426725	0.428329	0.431159	0.434762	0.439606	0.442118	0.443967	0.443391	0.440659	0.434563	0.425175	0.403948	0.371298	0.31984	0.247206	0.151128	0.0365968	-0.0903905	-0.217812	-0.333915	-0.427644	-0.481241	
0.455497	0.457526	0.458859	0.461591	0.463663	0.46496	0.466216	0.463755	0.461823	0.454818	0.449043	0.441262	0.431763	0.420993	0.405674	0.379286	0.338934	0.278526	0.192546	0.0753451	-0.065249	-0.224215	-0.377779	-0.516016	-0.614938	
0.433053	0.444752	0.453728	0.461848	0.46397	0.465275	0.461558	0.45306	0.44253	0.426143	0.408667	0.388114	0.367772	0.341854	0.318133	0.288176	0.252879	0.202325	0.139503	0.0472751	-0.0707793	-0.217557	-0.379389	-0.532072	-0.668185	
0.36711	0.386895	0.401791	0.409959	0.41493	0.413821	0.40748	0.396967	0.379059	0.359327	0.332192	0.301935	0.268961	0.231126	0.191359	0.150871	0.113	0.072482	0.0278832	-0.0263636	-0.108119	-0.211716	-0.350785	-0.494983	-0.63511	
0.261403	0.280614	0.295013	0.300693	0.307323	0.30303	0.297974	0.287571	0.270351	0.252571	0.22654	0.198332	0.161825	0.124179	0.0773018	0.0318266	-0.018457	-0.057588	-0.0950407	-0.118663	-0.155627	-0.211939	-0.302376	-0.429847	-0.562627	
0.126256	0.137927	0.148312	0.154801	0.156368	0.155468	0.149807	0.141307	0.130131	0.114405	0.0981406	0.0775664	0.0529533	0.0264198	-0.00870129	-0.0448019	-0.0875386	-0.132825	-0.174111	-0.201318	-0.210564	-0.228487	-0.266522	-0.35006	-0.46925	
-0.000700745	0.0107353	0.0180976	0.0254587	0.0254276	0.0264013	0.0216598	0.0139399	0.00650426	-0.00750897	-0.018603	-0.0345005	-0.0488261	-0.0650097	-0.0808682	-0.104374	-0.124925	-0.155925	-0.193479	-0.231458	-0.248513	-0.25023	-0.256791	-0.297327	-0.37983	
-0.074644	-0.0638638	-0.0569331	-0.0517589	-0.0499211	-0.0502786	-0.0536515	-0.0591051	-0.0667144	-0.0767084	-0.0878116	-0.100093	-0.114309	-0.12682	-0.136432	-0.148028	-0.156871	-0.164796	-0.185757	-0.223369	-0.255187	-0.267143	-0.258356	-0.2666	-0.318018	
-0.107089	-0.0992041	-0.0971124	-0.0925123	-0.0929268	-0.0923656	-0.0936233	-0.0980332	-0.100303	-0.107615	-0.115237	-0.122136	-0.134272	-0.147885	-0.15692	-0.172331	-0.183598	-0.183921	-0.177917	-0.197418	-0.234231	-0.26486	-0.270349	-0.259514	-0.276511	
-0.130094	-0.12484	-0.126278	-0.123423	-0.122555	-0.124946	-0.122139	-0.126379	-0.12696	-0.127236	-0.133301	-0.134882	-0.136433	-0.148488	-0.1519	-0.158996	-0.180745	-0.198754	-0.193824	-0.186723	-0.207842	-0.24379	-0.265664	-0.262861	-0.262253	
-0.139473	-0.141852	-0.13695	-0.136979	-0.135579	-0.136006	-0.137517	-0.136452	-0.142643	-0.140731	-0.144539	-0.150312	-0.145971	-0.152102	-0.159102	-0.153441	-0.157183	-0.183271	-0.197041	-0.191169	-0.192898	-0.222029	-0.257092	-0.262036	-0.256593	
-0.134386	-0.13896	-0.128976	-0.13234	-0.130679	-0.127462	-0.133767	-0.127659	-0.136014	-0.13613	-0.13703	-0.148292	-0.147947	-0.149503	-0.162008	-0.164189	-0.153156	-0.163593	-0.188525	-0.191258	-0.189158	-0.200614	-0.238369	-0.260263	-0.258503	
-0.13182	-0.134163	-0.1259	-0.132787	-0.129734	-0.126911	-0.134612	-0.126236	-0.132569	-0.132665	-0.131179	-0.133198	-0.145657	-0.136159	-0.150758	-0.165402	-0.164849	-0.155448	-0.174995	-0.18585	-0.187022	-0.191469	-0.22202	-0.250353	-0.255888	
-0.141595	-0.130149	-0.135771	-0.132758	-0.131464	-0.133869	-0.130158	-0.136724	-0.130707	-0.137174	-0.13935	-0.131151	-0.144448	-0.139169	-0.135896	-0.145915	-0.160672	-0.158213	-0.170849	-0.181749	-0.184005	-0.182718	-0.205127	-0.242464	-0.254759	
-0.132809	-0.1242	-0.129324	-0.124266	-0.123426	-0.127475	-0.121251	-0.129125	-0.12543	-0.128591	-0.13431	-0.132793	-0.139429	-0.144228	-0.145231	-0.146299	-0.151592	-0.148963	-0.16058	-0.178622	-0.182613	-0.180939	-0.194035	-0.228966	-0.250318	
-0.126588	-0.121856	-0.126065	-0.121626	-0.123077	-0.124198	-0.120804	-0.125892	-0.122116	-0.125524	-0.126692	-0.126966	-0.130895	-0.136081	-0.136667	-0.146052	-0.155256	-0.150521	-0.154359	-0.171724	-0.181685	-0.177495	-0.183567	-0.219212	-0.24627	
-0.128816	-0.124647	-0.127024	-0.124483	-0.123935	-0.125957	-0.122902	-0.127191	-0.125201	-0.126777	-0.130325	-0.126835	-0.131444	-0.13422	-0.132264	-0.136596	-0.152262	-0.151021	-0.149717	-0.166305	-0.177856	-0.179479	-0.179196	-0.207653	-0.238352	
-0.124515	-0.118303	-0.123894	-0.117104	-0.118	-0.12157	-0.114327	-0.12355	-0.118822	-0.122128	-0.126875	-0.128948	-0.127332	-0.140809	-0.135895	-0.134241	-0.142364	-0.15041	-0.148274	-0.1631	-0.176053	-0.176783	-0.174683	-0.201109	-0.233654	
-0.118303	-0.121924	-0.119862	-0.119166	-0.120331	-0.119074	-0.12058	-0.119136	-0.121518	-0.120585	-0.120295	-0.124791	-0.121884	-0.128955	-0.132696	-0.139182	-0.147527	-0.148753	-0.144484	-0.157548	-0.173483	-0.177401	-0.17272	-0.19483	-0.227407	
-0.123894	-0.119862	-0.123002	-0.117785	-0.119338	-0.119992	-0.116942	-0.12192	-0.12007	-0.122128	-0.126087	-0.127448	-0.125441	-0.135313	-0.130521	-0.128021	-0.139914	-0.14963	-0.145778	-0.156516	-0.171399	-0.178	-0.170538	-0.189145	-0.22407	
-0.117104	-0.119166	-0.117785	-0.116043	-0.116975	-0.116572	-0.116851	-0.116972	-0.118872	-0.118701	-0.119265	-0.125445	-0.121158	-0.131196	-0.133346	-0.135147	-0.140888	-0.149051	-0.142997	-0.153808	-0.169181	-0.175612	-0.171552	-0.188243	-0.219892	
-0.118	-0.120331	-0.119338	-0.116975	-0.119028	-0.117231	-0.118119	-0.117952	-0.119658	-0.119301	-0.120675	-0.125306	-0.120503	-0.129516	-0.131149	-0.131919	-0.139823	-0.147192	-0.143926	-0.153201	-0.169717	-0.177524	-0.169237	-0.184815	-0.219243	
-0.12157	-0.119074	-0.119992	-0.116572	-0.117231	-0.117865	-0.116235	-0.119507	-0.118982	-0.121045	-0.123122	-0.126581	-0.124555	-0.133609	-0.13038	-0.128721	-0.138468	-0.150288	-0.143811	-0.153432	-0.167876	-0.176097	-0.170787	-0.185533	-0.2184	
-0.114327	-0.12058	-0.116942	-0.116851	-0.118119	-0.116235	-0.118251	-0.11582	-0.119309	-0.117548	-0.117444	-0.124294	-0.118217	-0.127463	-0.133271	-0.136868	-0.141518	-0.147164	-0.142579	-0.153107	-0.169867	-0.176133	-0.170667	-0.186925	-0.219199	
-0.12355	-0.119136	-0.12192	-0.116972	-0.117952	-0.119507	-0.11582	-0.121599	-0.119453	-0.12175	-0.12577	-0.127528	-0.12597	-0.13615	-0.131324	-0.127703	-0.138674	-0.149628	-0.145199	-0.156351	-0.170336	-0.177935	-0.170689	-0.187176	-0.22267	
-0.118822	-0.121518	-0.12007	-0.118872	-0.119658	-0.118982	-0.119309	-0.119453	-0.120339	-0.121121	-0.120755	-0.125029	-0.122277	-0.129856	-0.131555	-0.136642	-0.145524	-0.150379	-0.144309	-0.156365	-0.172084	-0.175679	-0.172569	-0.194178	-0.22545	
-0.122128	-0.120585	-0.122128	-0.118701	-0.119301	-0.121045	-0.117548	-0.12175	-0.121121	-0.120827	-0.125085	-0.127366	-0.125382	-0.135128	-0.135285	-0.135663	-0.144374	-0.148111	-0.146044	-0.161651	-0.17529	-0.178998	-0.174008	-0.196176	-0.230968	
-0.126875	-0.120295	-0.126087	-0.119265	-0.120675	-0.123122	-0.117444	-0.12577	-0.120755	-0.125085	-0.129024	-0.127837	-0.130059	-0.139683	-0.134527	-0.134631	-0.146864	-0.151641	-0.150168	-0.165015	-0.176458	-0.177217	-0.176864	-0.205665	-0.236869	
-0.128948	-0.124791	-0.127448	-0.125445	-0.125306	-0.126581	-0.124294	-0.127528	-0.125029	-0.127366	-0.127837	-0.126459	-0.131152	-0.13158	-0.131693	-0.142642	-0.156471	-0.151006	-0.15221	-0.168221	-0.180759	-0.178864	-0.180948	-0.21477	-0.243168	
-0.127332	-0.121884	-0.125441	-0.121158	-0.120503	-0.124555	-0.118217	-0.12597	-0.122277	-0.125382	-0.130059	-0.131152	-0.134721	-0.14379	-0.145691	-0.148255	-0.150582	-0.148898	-0.156504	-0.176216	-0.182844	-0.178682	-0.191195	-0.224774	-0.247222	
-0.140809	-0.128955	-0.135313	-0.131196	-0.129516	-0.133609	-0.127463	-0.13615	-0.129856	-0.135128	-0.139683	-0.13158	-0.14379	-0.140875	-0.137168	-0.142649	-0.15709	-0.155124	-0.167833	-0.181698	-0.183551	-0.181989	-0.198277	-0.236072	-0.254879	
-0.135895	-0.132696	-0.130521	-0.133346	-0.131149	-0.13038	-0.133271	-0.131324	-0.131555	-0.135285	-0.134527	-0.131693	-0.145691	-0.137168	-0.144154	-0.158924	-0.165186	-0.157215	-0.172502	-0.183008	-0.185034	-0.186511	-0.216319	-0.249232	-0.255038	
-0.134241	-0.139182	-0.128021	-0.135147	-0.131919	-0.128721	-0.136868	-0.127703	-0.136642	-0.135663	-0.134631	-0.142642	-0.148255	-0.142649	-0.158924	-0.16784	-0.15863	-0.157915	-0.182796	-0.189886	-0.189268	-0.197122	-0.231182	-0.255938	-0.257666	
-0.142364	-0.147527	-0.139914	-0.140888	-0.139823	-0.138468	-0.141518	-0.138674	-0.145524	-0.144374	-0.146864	-0.156471	-0.150582	-0.15709	-0.165186	-0.15863	-0.151991	-0.175764	-0.195647	-0.192278	-0.190807	-0.211721	-0.250948	-0.262439	-0.256054	
-0.15041	-0.148753	-0.14963	-0.149051	-0.147192	-0.150288	-0.147164	-0.149628	-0.150379	-0.148111	-0.151641	-0.151006	-0.148898	-0.155124	-0.157215	-0.157915	-0.175764	-0.198668	-0.198978	-0.189409	-0.200932	-0.235944	-0.262607	-0.261956	-0.260097	
-0.148274	-0.144484	-0.145778	-0.142997	-0.143926	-0.143811	-0.142579	-0.145199	-0.144309	-0.146044	-0.150168	-0.15221	-0.156504	-0.167833	-0.172502	-0.182796	-0.195647	-0.198978	-0.187922	-0.193046	-0.225183	-0.258287	-0.271449	-0.262825	-0.268588	
-0.1631	-0.157548	-0.156516	-0.153808	-0.153201	-0.153432	-0.153107	-0.156351	-0.156365	-0.161651	-0.165015	-0.168221	-0.176216	-0.181698	-0.183008	-0.189886	-0.192278	-0.189409	-0.193046	-0.223355	-0.256467	-0.274236	-0.26707	-0.261893	-0.299045	
-0.176053	-0.173483	-0.171399	-0.169181	-0.169717	-0.167876	-0.169867	-0.170336	-0.172084	-0.17529	-0.176458	-0.180759	-0.182844	-0.183551	-0.185034	-0.189268	-0.190807	-0.200932	-0.225183	-0.256467	-0.272524	-0.269948	-0.263252	-0.287931	-0.355373	
-0.176783	-0.177401	-0.178	-0.175612	-0.177524	-0.176097	-0.176133	-0.177935	-0.175679	-0.178998	-0.177217	-0.178864	-0.178682	-0.181989	-0.186511	-0.197122	-0.211721	-0.235944	-0.258287	-0.274236	-0.269948	-0.266261	-0.281118	-0.338096	-0.438597	
-0.174683	-0.17272	-0.170538	-0.171552	-0.169237	-0.170787	-0.170667	-0.170689	-0.172569	-0.174008	-0.176864	-0.180948	-0.191195	-0.198277	-0.216319	-0.231182	-0.250948	-0.262607	-0.271449	-0.26707	-0.263252	-0.281118	-0.331156	-0.429202	-0.54935	
-0.201109	-0.19483	-0.189145	-0.188243	-0.184815	-0.185533	-0.186925	-0.187176	-0.194178	-0.196176	-0.205665	-0.21477	-0.224774	-0.236072	-0.249232	-0.255938	-0.262439	-0.261956	-0.262825	-0.261893	-0.287931	-0.338096	-0.429202	-0.542887	-0.65802	
-0.233654	-0.227407	-0.22407	-0.219892	-0.219243	-0.2184	-0.219199	-0.22267	-0.22545	-0.230968	-0.236869	-0.243168	-0.247222	-0.254879	-0.255038	-0.257666	-0.256054	-0.260097	-0.268588	-0.299045	-0.355373	-0.438597	-0.54935	-0.65802	-0.763711	
