-0.17257	-0.174484	-0.177748	-0.179704	-0.178918	-0.175846	-0.170622	-0.167547	-0.16662	-0.170644	-0.176626	-0.185585	-0.19434	-0.203739	-0.213561	-0.222858	-0.230967	-0.240602	-0.248544	-0.256936	-0.264321	-0.268064	-0.268239	-0.265726	-0.260271	
-0.174353	-0.175401	-0.178211	-0.179982	-0.17964	-0.176646	-0.171556	-0.16806	-0.167032	-0.170808	-0.176796	-0.185241	-0.194001	-0.202715	-0.211051	-0.218518	-0.223874	-0.23051	-0.235855	-0.241631	-0.249121	-0.254867	-0.259593	-0.263268	-0.263737	
-0.177145	-0.177974	-0.178716	-0.178805	-0.177629	-0.17377	-0.169924	-0.166541	-0.168768	-0.174025	-0.184678	-0.195936	-0.209413	-0.221863	-0.232644	-0.240704	-0.245151	-0.244727	-0.24296	-0.236564	-0.230199	-0.225016	-0.224686	-0.230408	-0.244251	
-0.180446	-0.182574	-0.182008	-0.181826	-0.178776	-0.175022	-0.170798	-0.167942	-0.171308	-0.177556	-0.189669	-0.202592	-0.21743	-0.231477	-0.243976	-0.25129	-0.255983	-0.25235	-0.245069	-0.232968	-0.219278	-0.206476	-0.201633	-0.211091	-0.232537	
-0.176664	-0.182053	-0.184059	-0.183895	-0.180769	-0.177094	-0.171608	-0.169501	-0.17045	-0.177105	-0.18533	-0.197589	-0.208554	-0.220435	-0.231175	-0.238126	-0.242049	-0.243464	-0.238394	-0.232131	-0.223748	-0.216937	-0.210627	-0.22077	-0.2431	
-0.171251	-0.181312	-0.187754	-0.186561	-0.186022	-0.180634	-0.176167	-0.173756	-0.173083	-0.17881	-0.183464	-0.192854	-0.199046	-0.206556	-0.211743	-0.217333	-0.2173	-0.221758	-0.223095	-0.22802	-0.232946	-0.244587	-0.256048	-0.271346	-0.29693	
-0.156409	-0.171171	-0.177931	-0.178403	-0.177577	-0.173158	-0.170158	-0.168212	-0.169262	-0.173441	-0.180669	-0.187867	-0.195672	-0.202057	-0.207953	-0.213876	-0.216341	-0.220253	-0.227892	-0.238236	-0.255709	-0.27677	-0.309844	-0.340002	-0.375275	
-0.128839	-0.147896	-0.153375	-0.158254	-0.154765	-0.154959	-0.151996	-0.151984	-0.155349	-0.159252	-0.171262	-0.179866	-0.193444	-0.204357	-0.219555	-0.232381	-0.247671	-0.258524	-0.276469	-0.290192	-0.311601	-0.331987	-0.358971	-0.390058	-0.422769	
-0.128768	-0.151989	-0.161396	-0.166628	-0.166017	-0.166814	-0.1661	-0.166905	-0.170813	-0.176899	-0.188324	-0.201057	-0.215119	-0.230981	-0.249801	-0.269304	-0.291072	-0.310832	-0.334062	-0.356372	-0.374053	-0.394799	-0.410438	-0.427098	-0.44274	
-0.166281	-0.193758	-0.208639	-0.213194	-0.217032	-0.216972	-0.219115	-0.221183	-0.225135	-0.233704	-0.242966	-0.257719	-0.270171	-0.287187	-0.302962	-0.322275	-0.341395	-0.361812	-0.38102	-0.40501	-0.421592	-0.436196	-0.448049	-0.449999	-0.441466	
-0.214508	-0.249089	-0.267221	-0.275646	-0.280306	-0.282272	-0.285786	-0.288612	-0.294252	-0.301512	-0.311271	-0.324621	-0.337831	-0.353187	-0.367871	-0.380915	-0.39649	-0.410233	-0.420224	-0.431906	-0.440209	-0.442413	-0.443839	-0.440543	-0.412004	
-0.261914	-0.304695	-0.330679	-0.342329	-0.350304	-0.352856	-0.357203	-0.359792	-0.363078	-0.369038	-0.373664	-0.384502	-0.394905	-0.405144	-0.417549	-0.424618	-0.431204	-0.440395	-0.437467	-0.433351	-0.425013	-0.406326	-0.381965	-0.367123	-0.343059	
-0.299093	-0.35136	-0.388731	-0.405528	-0.416113	-0.422011	-0.422832	-0.427556	-0.424131	-0.427306	-0.425219	-0.425637	-0.429224	-0.427246	-0.427108	-0.427011	-0.417244	-0.414886	-0.405318	-0.384363	-0.367833	-0.343426	-0.29966	-0.255517	-0.224161	
-0.293867	-0.361566	-0.406599	-0.431524	-0.443501	-0.452062	-0.451523	-0.453801	-0.450051	-0.444988	-0.441467	-0.430814	-0.424741	-0.41513	-0.398883	-0.389397	-0.368225	-0.344833	-0.326417	-0.294737	-0.258855	-0.234711	-0.19644	-0.138627	-0.0874396	
-0.23033	-0.315526	-0.367406	-0.399724	-0.417207	-0.423374	-0.427245	-0.42229	-0.420521	-0.408043	-0.399755	-0.384534	-0.366308	-0.353487	-0.328448	-0.309407	-0.286227	-0.250385	-0.218916	-0.184264	-0.135477	-0.0899372	-0.0549871	0.00211822	0.0602549	
-0.129087	-0.229922	-0.288032	-0.331105	-0.351557	-0.358246	-0.364858	-0.354048	-0.352981	-0.333843	-0.320716	-0.299008	-0.273247	-0.248281	-0.22175	-0.185022	-0.161255	-0.119222	-0.0794929	-0.040425	0.00348584	0.0608099	0.103886	0.151425	0.20575	
0.00695493	-0.097391	-0.168357	-0.216547	-0.240124	-0.250394	-0.253325	-0.245895	-0.236876	-0.221623	-0.200289	-0.177611	-0.149431	-0.113604	-0.0855553	-0.0400679	-0.00339346	0.0365841	0.0820034	0.122987	0.15921	0.203889	0.24663	0.286747	0.33033	
0.187771	0.0809354	-0.0029028	-0.0542703	-0.0820693	-0.0969451	-0.0950479	-0.0934042	-0.0774308	-0.065151	-0.0419903	-0.0177886	0.00898294	0.0433523	0.0758892	0.112821	0.152462	0.190437	0.22933	0.268223	0.302826	0.336659	0.363276	0.385398	0.4192	
0.38157	0.26621	0.177918	0.120704	0.0884898	0.0733858	0.0714388	0.0759956	0.0878122	0.102471	0.122982	0.145281	0.172238	0.202015	0.231383	0.265475	0.295305	0.323222	0.354151	0.378337	0.400597	0.429716	0.456163	0.4636	0.476524	
0.555775	0.441605	0.347592	0.287587	0.252122	0.233825	0.231905	0.231591	0.244608	0.252851	0.271854	0.289252	0.30877	0.33489	0.356321	0.380785	0.40895	0.426597	0.448542	0.469504	0.478755	0.48582	0.501522	0.501281	0.499607	
0.710874	0.595172	0.498085	0.433935	0.396254	0.374208	0.371721	0.368651	0.379159	0.385899	0.398982	0.413002	0.426552	0.441644	0.458818	0.468105	0.486047	0.494202	0.503854	0.511785	0.518499	0.512971	0.511174	0.493767	0.470586	
0.829765	0.713309	0.613655	0.547991	0.505014	0.483433	0.475958	0.473187	0.478889	0.483389	0.492094	0.499457	0.50906	0.514002	0.524407	0.524039	0.529971	0.526919	0.522383	0.515357	0.50289	0.48437	0.466918	0.43642	0.396615	
0.905859	0.790081	0.692224	0.622874	0.578252	0.554931	0.543107	0.539569	0.53854	0.540024	0.540452	0.541278	0.54037	0.537318	0.534381	0.525335	0.518584	0.50467	0.487648	0.468489	0.443421	0.406113	0.378259	0.339877	0.291488	
0.923236	0.812803	0.71256	0.643167	0.595828	0.569198	0.556566	0.547085	0.544491	0.538872	0.534204	0.527263	0.518994	0.504062	0.494979	0.470227	0.453986	0.429717	0.400756	0.372353	0.345146	0.303876	0.26444	0.226133	0.179371	
0.875875	0.763381	0.66744	0.594897	0.545087	0.519132	0.499029	0.492326	0.479764	0.474431	0.461991	0.449644	0.437245	0.416597	0.400245	0.377074	0.351144	0.324958	0.293332	0.258749	0.224822	0.187735	0.156924	0.124823	0.0843894	
0.782815	0.676133	0.576977	0.503917	0.452357	0.4227	0.403585	0.390898	0.380528	0.368858	0.356047	0.340939	0.32346	0.302255	0.282862	0.255014	0.232426	0.206867	0.177525	0.152267	0.128871	0.0930738	0.0635522	0.0421327	0.0138968	
0.673135	0.56132	0.46332	0.386036	0.33277	0.302561	0.280089	0.270484	0.255757	0.248439	0.234008	0.220405	0.207683	0.186456	0.17229	0.151146	0.128581	0.109145	0.0855613	0.0599946	0.0422663	0.0219244	0.00340495	-0.00924967	-0.0309516	
0.570144	0.459569	0.357615	0.27945	0.22344	0.192452	0.170018	0.15933	0.147674	0.139266	0.128524	0.117112	0.105214	0.0904655	0.0776443	0.061727	0.0469735	0.0345664	0.0180817	0.00513325	-0.00612868	-0.0236948	-0.037754	-0.0435817	-0.0561489	
0.493619	0.378966	0.276177	0.193911	0.137842	0.105096	0.0831338	0.0739895	0.0627683	0.0582903	0.049352	0.0416432	0.0349756	0.0230231	0.0163616	0.00543643	-0.00565223	-0.0138867	-0.0243036	-0.0355808	-0.0393814	-0.0495239	-0.0584383	-0.0585934	-0.0691088	
0.439606	0.32343	0.217943	0.135602	0.0770127	0.0452837	0.0226481	0.0148731	0.0050974	0.00244002	-0.00386361	-0.00850112	-0.0123235	-0.0200931	-0.0232712	-0.029672	-0.0370212	-0.0392181	-0.0472076	-0.0539969	-0.0566772	-0.0617368	-0.0686192	-0.068295	-0.0752753	
0.408627	0.292088	0.185831	0.101662	0.0440302	0.0110174	-0.0101466	-0.0181141	-0.0259853	-0.0283247	-0.0323636	-0.0359634	-0.0383773	-0.0434728	-0.0460115	-0.0502824	-0.0540124	-0.0564025	-0.0597444	-0.0624851	-0.0618093	-0.0699128	-0.0753568	-0.0712022	-0.077402	
0.389152	0.26942	0.16315	0.0793101	0.0208762	-0.0107317	-0.0326423	-0.0384069	-0.0472011	-0.0461191	-0.0504806	-0.0512988	-0.0508289	-0.0558745	-0.0537967	-0.0566453	-0.0611251	-0.0596836	-0.0647446	-0.0708692	-0.0700964	-0.0704382	-0.0745671	-0.0724895	-0.0792408	
0.376821	0.260279	0.152799	0.0702923	0.0130393	-0.01888	-0.0386371	-0.0463776	-0.0519213	-0.053932	-0.0557635	-0.057662	-0.0588769	-0.0614567	-0.0621964	-0.0653273	-0.0658502	-0.0663508	-0.0683445	-0.0674565	-0.0654893	-0.0738008	-0.0787441	-0.0745679	-0.0795807	
0.367309	0.246437	0.141823	0.0594788	0.00344158	-0.0267232	-0.0474806	-0.0519981	-0.0603651	-0.0581817	-0.0616548	-0.0619892	-0.0598236	-0.0644514	-0.0609381	-0.0628562	-0.0657461	-0.0645476	-0.0678907	-0.0737325	-0.0730929	-0.0741939	-0.0760264	-0.0725875	-0.080354	
0.356849	0.240248	0.134261	0.0555302	0.00106207	-0.0289467	-0.0463698	-0.0540185	-0.0582035	-0.0595825	-0.061501	-0.0617497	-0.0628769	-0.0654176	-0.0638482	-0.06859	-0.068171	-0.0678351	-0.0711115	-0.0703082	-0.0669629	-0.0741299	-0.0779346	-0.0760455	-0.0820651	
0.345489	0.227069	0.124415	0.0471452	-0.00494399	-0.0328469	-0.0506776	-0.0558357	-0.0616776	-0.0615063	-0.063025	-0.0645808	-0.0626073	-0.0665858	-0.0637901	-0.0667391	-0.0664052	-0.0674654	-0.0695086	-0.0721849	-0.0721364	-0.0776831	-0.077989	-0.0740269	-0.0816754	
0.331975	0.214742	0.113874	0.0399559	-0.00930624	-0.0363165	-0.0514414	-0.0577148	-0.0620069	-0.0617549	-0.0645819	-0.0637185	-0.0639224	-0.0672643	-0.0634932	-0.0684173	-0.0682175	-0.0680013	-0.0712353	-0.0730427	-0.0713928	-0.0764378	-0.0757047	-0.0764328	-0.0847778	
0.316139	0.203245	0.102767	0.0337421	-0.0128952	-0.038622	-0.0509258	-0.0589125	-0.0598356	-0.0628806	-0.0626083	-0.0639226	-0.0642333	-0.0669191	-0.064517	-0.0713784	-0.0673548	-0.0705966	-0.0735581	-0.07254	-0.0698899	-0.0784414	-0.0786412	-0.07832	-0.0847928	
0.296527	0.183127	0.088699	0.0221624	-0.0204799	-0.0436337	-0.0559368	-0.0614791	-0.0644589	-0.0654199	-0.0665865	-0.0672645	-0.0669191	-0.0687568	-0.0670015	-0.069028	-0.0674139	-0.0698681	-0.0700909	-0.0711977	-0.0759973	-0.0823111	-0.0759613	-0.078362	-0.0858608	
0.278587	0.16991	0.0764288	0.0157898	-0.0235201	-0.0461121	-0.0538346	-0.0622097	-0.0609424	-0.0638496	-0.0637905	-0.0634933	-0.064517	-0.0670015	-0.0637845	-0.0721215	-0.0689181	-0.0728575	-0.0763212	-0.0774924	-0.0741619	-0.0773629	-0.0759141	-0.0824833	-0.0888089	
0.251985	0.149529	0.0609327	0.00507568	-0.029824	-0.050342	-0.0566671	-0.0653348	-0.0628586	-0.0685907	-0.0667393	-0.0684174	-0.0713784	-0.069028	-0.0721215	-0.0735657	-0.068907	-0.0740289	-0.0729516	-0.0691763	-0.0750837	-0.0843478	-0.0795103	-0.0858323	-0.0869836	
0.230394	0.127541	0.0464818	-0.00586785	-0.0371091	-0.0540459	-0.061137	-0.0658542	-0.0657474	-0.0681714	-0.0664053	-0.0682176	-0.0673549	-0.067414	-0.0689181	-0.068907	-0.069721	-0.0747747	-0.074279	-0.0779322	-0.0844951	-0.0813483	-0.0767701	-0.0852015	-0.0883085	
0.205581	0.108513	0.0342787	-0.0140085	-0.0392662	-0.0564203	-0.0596897	-0.0663528	-0.0645483	-0.0678353	-0.0674654	-0.0680013	-0.0705966	-0.0698681	-0.0728575	-0.0740289	-0.0747747	-0.077507	-0.0768294	-0.0777157	-0.0787104	-0.0781926	-0.0810943	-0.0924474	-0.0908226	
0.176759	0.0851996	0.0179229	-0.0243686	-0.0472325	-0.0597534	-0.0647477	-0.0683455	-0.067891	-0.0711116	-0.0695086	-0.0712353	-0.0735581	-0.0700909	-0.0763212	-0.0729516	-0.074279	-0.0768294	-0.0763008	-0.0769103	-0.0826884	-0.0838341	-0.0876249	-0.092175	-0.0867194	
0.151839	0.0597998	0.00505068	-0.0356135	-0.0540091	-0.0624893	-0.0708706	-0.0674569	-0.0737326	-0.0703083	-0.0721849	-0.0730427	-0.07254	-0.0711977	-0.0774924	-0.0691763	-0.0779322	-0.0777157	-0.0769103	-0.0816299	-0.0891394	-0.0836042	-0.0865119	-0.0909104	-0.0898539	
0.128645	0.0421676	-0.00616911	-0.039397	-0.0566827	-0.0618112	-0.070097	-0.0654895	-0.073093	-0.0669629	-0.0721364	-0.0713928	-0.0698899	-0.0759973	-0.0741619	-0.0750837	-0.0844951	-0.0787104	-0.0826884	-0.0891394	-0.0853802	-0.0779938	-0.0928056	-0.0947489	-0.0935799	
0.0929626	0.0218773	-0.0237134	-0.0495308	-0.0617392	-0.0699136	-0.0704384	-0.0738009	-0.074194	-0.0741299	-0.0776831	-0.0764378	-0.0784414	-0.0823111	-0.0773629	-0.0843478	-0.0813483	-0.0781926	-0.0838341	-0.0836042	-0.0779938	-0.0904846	-0.102526	-0.0933719	-0.0949696	
0.0635007	0.00338389	-0.0377621	-0.0584412	-0.0686202	-0.0753571	-0.0745672	-0.0787441	-0.0760264	-0.0779346	-0.077989	-0.0757047	-0.0786412	-0.0759613	-0.0759141	-0.0795103	-0.0767701	-0.0810943	-0.0876249	-0.0865119	-0.0928056	-0.102526	-0.0958452	-0.088317	-0.099991	
0.0421103	-0.00925854	-0.043585	-0.0585945	-0.0682954	-0.0712023	-0.0724896	-0.0745679	-0.0725875	-0.0760455	-0.0740269	-0.0764328	-0.07832	-0.078362	-0.0824833	-0.0858323	-0.0852015	-0.0924474	-0.092175	-0.0909104	-0.0947489	-0.0933719	-0.088317	-0.0967249	-0.114811	
0.0138877	-0.0309551	-0.0561502	-0.0691092	-0.0752755	-0.077402	-0.0792408	-0.0795807	-0.080354	-0.0820651	-0.0816754	-0.0847778	-0.0847928	-0.0858608	-0.0888089	-0.0869836	-0.0883085	-0.0908226	-0.0867194	-0.0898539	-0.0935799	-0.0949696	-0.099991	-0.114811	-0.116583	
