7.24132e-07	7.24132e-07	3.1451e-06	1.32658e-05	5.14422e-05	0.000182535	0.000591213	0.00174435	0.00468141	0.0114204	0.0253364	0.0512107	0.0946293	0.160681	0.25237	0.369454	0.508219	0.662238	0.823746	0.985175	1.14049	1.28616	1.42151	1.54827	1.66932	
7.24132e-07	1.48065e-06	6.19036e-06	2.51793e-05	9.4136e-05	0.00032189	0.00100427	0.0028533	0.00737278	0.017319	0.0370132	0.0721298	0.128679	0.211332	0.321766	0.457796	0.613687	0.781413	0.952351	1.11887	1.27556	1.41988	1.55212	1.67438	1.789	
3.1451e-06	6.19036e-06	2.43774e-05	9.34971e-05	0.00032854	0.00105167	0.0030584	0.00806341	0.0192481	0.0415952	0.0814927	0.14525	0.23686	0.356135	0.49833	0.655437	0.818298	0.978564	1.1299	1.26844	1.39273	1.50336	1.60231	1.69155	1.77049	
1.32658e-05	2.51793e-05	9.34971e-05	0.000338511	0.0011192	0.00335687	0.00910551	0.0222839	0.0491358	0.0976261	0.175159	0.28514	0.424364	0.58326	0.749043	0.909686	1.0566	1.18536	1.29503	1.3869	1.46336	1.52722	1.58129	1.62757	1.6657	
5.14422e-05	9.4136e-05	0.00032854	0.0011192	0.00346932	0.00971113	0.0244602	0.0552973	0.11206	0.203708	0.33336	0.49456	0.67227	0.848587	1.00903	1.14552	1.25583	1.34146	1.4055	1.45122	1.48162	1.49958	1.50822	1.51032	1.50724	
0.000182535	0.00032189	0.00105167	0.00335687	0.00971113	0.0252354	0.058673	0.121732	0.225188	0.372186	0.553006	0.746882	0.93116	1.09045	1.21888	1.31673	1.38657	1.4311	1.45258	1.45332	1.43624	1.40542	1.3659	1.3222	1.27757	
0.000591213	0.00100427	0.0030584	0.00910551	0.0244602	0.058673	0.125125	0.236653	0.397095	0.594027	0.801031	0.990915	1.14858	1.27163	1.36218	1.42149	1.44981	1.44771	1.41744	1.36336	1.2916	1.2096	1.12407	1.03982	0.960727	
0.00174435	0.0028533	0.00806341	0.0222839	0.0552973	0.121732	0.236653	0.405661	0.615051	0.833397	1.02873	1.1863	1.30749	1.39475	1.44516	1.45561	1.42662	1.36255	1.27099	1.16066	1.04063	0.918686	0.799626	0.687409	0.586136	
0.00468141	0.00737278	0.0192481	0.0491358	0.11206	0.225188	0.397095	0.615051	0.844121	1.04687	1.20737	1.33015	1.417	1.45864	1.44896	1.39186	1.29578	1.17122	1.02833	0.875811	0.721688	0.570951	0.427515	0.296845	0.182462	
0.0114204	0.017319	0.0415952	0.0976261	0.203708	0.372186	0.594027	0.833397	1.04687	1.21415	1.34129	1.43004	1.46437	1.43551	1.35399	1.23256	1.08103	0.909363	0.725563	0.538484	0.355772	0.182515	0.0254715	-0.110804	-0.226594	
0.0253364	0.0370132	0.0814927	0.175159	0.33336	0.553006	0.801031	1.02873	1.20737	1.34129	1.43433	1.46588	1.42319	1.3239	1.18451	1.00929	0.808229	0.59229	0.372492	0.161076	-0.0352881	-0.210309	-0.359576	-0.48455	-0.587234	
0.0512107	0.0721298	0.14525	0.28514	0.49456	0.746882	0.990915	1.1863	1.33015	1.43004	1.46588	1.41831	1.30784	1.15576	0.958606	0.72741	0.482611	0.236055	0.00290214	-0.209188	-0.395837	-0.552994	-0.681807	-0.784506	-0.861815	
0.0946293	0.128678	0.23686	0.424364	0.67227	0.93116	1.14858	1.30749	1.417	1.46437	1.42319	1.30784	1.14632	0.931699	0.673729	0.406837	0.140634	-0.112109	-0.339104	-0.537727	-0.700897	-0.829533	-0.924091	-0.988679	-1.02844	
0.160681	0.211332	0.356134	0.58326	0.848587	1.09045	1.27163	1.39475	1.45864	1.43551	1.3239	1.15576	0.931699	0.654798	0.369581	0.0868188	-0.189422	-0.433186	-0.642844	-0.807679	-0.92868	-1.008	-1.05141	-1.06886	-1.06826	
0.252369	0.321765	0.498329	0.749042	1.00903	1.21888	1.36218	1.44516	1.44896	1.35399	1.18451	0.958606	0.673729	0.369581	0.0696741	-0.230608	-0.491737	-0.707034	-0.873917	-0.984248	-1.05102	-1.07241	-1.06658	-1.03731	-0.997027	
0.36945	0.45779	0.655431	0.909682	1.14552	1.31673	1.42149	1.45561	1.39186	1.23256	1.00929	0.72741	0.406837	0.0868188	-0.230608	-0.511526	-0.733297	-0.909685	-1.01671	-1.07312	-1.07547	-1.04129	-0.980933	-0.90981	-0.838089	
0.508202	0.613661	0.818273	1.05658	1.25581	1.38656	1.4498	1.42662	1.29578	1.08103	0.808229	0.482611	0.140634	-0.189422	-0.491737	-0.733297	-0.921721	-1.03611	-1.0787	-1.0676	-1.00338	-0.919112	-0.818669	-0.730299	-0.649064	
0.662169	0.781311	0.978464	1.18528	1.34142	1.43108	1.4477	1.36254	1.17122	0.909363	0.59229	0.236055	-0.112109	-0.433186	-0.707034	-0.909685	-1.03611	-1.07712	-1.05786	-0.978281	-0.872057	-0.750803	-0.643482	-0.551321	-0.487458	
0.823489	0.951984	1.12955	1.29477	1.40535	1.4525	1.41741	1.27098	1.02832	0.725562	0.372492	0.00290208	-0.339104	-0.642844	-0.873917	-1.01671	-1.0787	-1.05786	-0.972794	-0.84472	-0.706349	-0.578723	-0.487053	-0.426696	-0.396653	
0.984308	1.11769	1.26733	1.38609	1.45074	1.45309	1.36326	1.16063	0.8758	0.538481	0.161076	-0.209188	-0.537727	-0.807679	-0.984248	-1.07312	-1.0676	-0.978281	-0.84472	-0.688155	-0.552044	-0.453918	-0.404505	-0.384232	-0.376188	
1.13788	1.27215	1.3896	1.46113	1.48032	1.4356	1.29133	1.04053	0.721657	0.355763	-0.0352904	-0.395838	-0.700897	-0.92868	-1.05102	-1.07547	-1.00338	-0.872057	-0.706349	-0.552044	-0.444282	-0.391682	-0.384692	-0.38653	-0.383455	
1.27916	1.41116	1.4956	1.5218	1.49648	1.40391	1.20897	0.918458	0.570877	0.182494	-0.210315	-0.552995	-0.829534	-1.008	-1.07241	-1.04129	-0.919112	-0.750803	-0.578723	-0.453918	-0.391682	-0.38979	-0.397563	-0.389697	-0.357583	
1.40493	1.53242	1.58547	1.56987	1.50179	1.36282	1.1228	0.799163	0.427366	0.0254289	-0.359587	-0.681809	-0.924091	-1.05141	-1.06658	-0.980933	-0.818669	-0.643482	-0.487053	-0.404505	-0.384692	-0.397563	-0.385324	-0.347494	-0.312836	
1.51353	1.63523	1.66	1.60705	1.49908	1.31691	1.03765	0.686625	0.296594	-0.110876	-0.484569	-0.784511	-0.98868	-1.06886	-1.03731	-0.90981	-0.730299	-0.551321	-0.426696	-0.384232	-0.38653	-0.389697	-0.347494	-0.302256	-0.287957	
1.60458	1.71998	1.72034	1.63504	1.491	1.27007	0.957682	0.585043	0.182112	-0.226694	-0.58726	-0.861821	-1.02844	-1.06826	-0.997027	-0.838089	-0.649064	-0.487458	-0.396653	-0.376188	-0.383455	-0.357583	-0.312836	-0.287957	-0.310351	
1.6785	1.78774	1.76789	1.65542	1.47999	1.22577	0.886466	0.497089	0.0848512	-0.322163	-0.667154	-0.916865	-1.05198	-1.05647	-0.952396	-0.776609	-0.586358	-0.440377	-0.377337	-0.371576	-0.373406	-0.340035	-0.305228	-0.297401	-0.304937	
1.73622	1.83996	1.80405	1.66971	1.46824	1.18681	0.826389	0.424291	0.00609496	-0.39656	-0.727171	-0.956627	-1.06399	-1.03862	-0.911742	-0.722269	-0.53793	-0.415321	-0.366274	-0.369649	-0.363119	-0.327059	-0.296974	-0.292372	-0.28525	
1.77884	1.87807	1.83016	1.67921	1.45755	1.15527	0.779208	0.368139	-0.0535688	-0.452042	-0.770853	-0.982423	-1.06749	-1.02127	-0.877626	-0.683429	-0.505853	-0.393188	-0.362535	-0.367958	-0.357419	-0.316959	-0.282856	-0.278861	-0.277653	
1.80739	1.90339	1.84735	1.68502	1.44932	1.13272	0.74619	0.329218	-0.0946122	-0.489387	-0.798916	-0.998207	-1.06838	-1.0065	-0.852952	-0.657675	-0.48471	-0.383245	-0.358611	-0.365177	-0.348882	-0.307071	-0.283915	-0.290572	-0.283949	
1.8227	1.91689	1.85646	1.68792	1.44452	1.12014	0.727995	0.307868	-0.116923	-0.509351	-0.813782	-1.00619	-1.06764	-0.998568	-0.840879	-0.641682	-0.470622	-0.379334	-0.359303	-0.364417	-0.346896	-0.303251	-0.281031	-0.283322	-0.274337	
1.82523	1.91911	1.85795	1.68838	1.4437	1.11804	0.724997	0.304386	-0.12061	-0.51293	-0.816633	-1.0071	-1.06677	-0.997407	-0.838057	-0.639287	-0.471947	-0.377115	-0.357555	-0.364752	-0.345644	-0.306009	-0.279498	-0.279178	-0.269706	
1.81507	1.91017	1.85192	1.68646	1.44692	1.12651	0.737273	0.318626	-0.10599	-0.49965	-0.806277	-1.00211	-1.06836	-1.00258	-0.846407	-0.649878	-0.47841	-0.380773	-0.357911	-0.365215	-0.345933	-0.305442	-0.283707	-0.291153	-0.283182	
1.7919	1.88968	1.83804	1.68187	1.45385	1.14518	0.764507	0.350682	-0.072422	-0.469739	-0.784285	-0.989108	-1.06684	-1.01576	-0.868045	-0.669641	-0.494672	-0.390264	-0.362122	-0.367442	-0.353939	-0.311413	-0.281953	-0.280208	-0.279889	
1.75502	1.85681	1.81561	1.67396	1.46369	1.17329	0.806173	0.400012	-0.0202499	-0.421489	-0.746928	-0.968371	-1.06551	-1.03081	-0.897319	-0.706149	-0.523951	-0.404047	-0.363144	-0.369	-0.360734	-0.324414	-0.291168	-0.285712	-0.280922	
1.70347	1.81041	1.78362	1.66174	1.47522	1.20949	0.861256	0.466294	0.0509295	-0.354791	-0.693736	-0.934739	-1.05758	-1.04879	-0.93573	-0.754141	-0.564504	-0.428705	-0.372993	-0.370388	-0.368315	-0.334754	-0.303034	-0.299094	-0.295145	
1.63615	1.74903	1.74079	1.64397	1.4868	1.25195	0.928204	0.548346	0.140951	-0.267833	-0.621963	-0.885941	-1.0401	-1.06502	-0.977503	-0.81124	-0.623536	-0.467612	-0.387794	-0.373732	-0.37901	-0.347951	-0.306575	-0.290719	-0.313672	
1.55205	1.67124	1.68572	1.61922	1.49637	1.29818	1.00494	0.644574	0.248785	-0.159755	-0.52868	-0.81865	-1.00697	-1.07042	-1.02259	-0.880159	-0.694653	-0.521564	-0.413389	-0.381498	-0.387473	-0.37881	-0.330694	-0.293351	-0.294827	
1.45047	1.57575	1.61702	1.5859	1.50155	1.34495	1.08849	0.753021	0.373067	-0.0316788	-0.412027	-0.72575	-0.954018	-1.06206	-1.05674	-0.952085	-0.782036	-0.604645	-0.458129	-0.393086	-0.385294	-0.397591	-0.371554	-0.325878	-0.296945	
1.33146	1.46186	1.5334	1.54238	1.49977	1.38851	1.17482	0.870085	0.512044	0.117249	-0.273109	-0.607571	-0.870845	-1.02914	-1.07393	-1.02062	-0.878793	-0.704237	-0.537797	-0.42895	-0.385765	-0.394685	-0.397054	-0.378896	-0.340275	
1.1961	1.32978	1.43393	1.48695	1.48825	1.42455	1.25946	0.991555	0.660349	0.284761	-0.107906	-0.462011	-0.756854	-0.96562	-1.06358	-1.06461	-0.972517	-0.825329	-0.652117	-0.506428	-0.415818	-0.385634	-0.388747	-0.390061	-0.37675	
1.04695	1.18112	1.31815	1.41789	1.46432	1.44819	1.33643	1.11332	0.813754	0.464236	0.0802371	-0.286922	-0.606865	-0.861185	-1.01687	-1.08057	-1.04592	-0.936933	-0.789945	-0.630063	-0.502974	-0.42153	-0.390298	-0.383958	-0.380432	
0.888312	1.01928	1.18641	1.33334	1.42555	1.45519	1.39846	1.22857	0.967788	0.65056	0.286558	-0.0848325	-0.42276	-0.714503	-0.923497	-1.04437	-1.08164	-1.03289	-0.924588	-0.782014	-0.640111	-0.521517	-0.443761	-0.399785	-0.381084	
0.726297	0.849717	1.04027	1.23132	1.3694	1.44239	1.43891	1.32872	1.11548	0.83657	0.504237	0.140999	-0.206047	-0.52207	-0.781124	-0.960559	-1.0594	-1.07574	-1.03116	-0.929171	-0.808182	-0.679837	-0.575566	-0.493922	-0.441619	
0.568423	0.679829	0.883074	1.11032	1.29286	1.40737	1.45268	1.40481	1.24855	1.01409	0.722987	0.383385	0.0371433	-0.291063	-0.582727	-0.810351	-0.978174	-1.06203	-1.0791	-1.03937	-0.955874	-0.855209	-0.747212	-0.654518	-0.578876	
0.422706	0.518213	0.720385	0.970386	1.19272	1.34796	1.43671	1.44861	1.35724	1.17473	0.931432	0.63054	0.299682	-0.0263603	-0.341481	-0.60583	-0.814437	-0.970264	-1.05209	-1.08258	-1.05665	-1.00168	-0.922317	-0.841791	-0.761183	
0.296337	0.373403	0.559907	0.814452	1.06668	1.26161	1.38983	1.45435	1.43118	1.30921	1.1182	0.86924	0.567275	0.256503	-0.0523674	-0.3503	-0.596146	-0.796519	-0.940694	-1.03021	-1.07207	-1.07162	-1.04267	-0.996183	-0.943357	
0.194262	0.252258	0.41069	0.649454	0.915211	1.14559	1.3118	1.41976	1.46085	1.40812	1.2724	1.08219	0.831762	0.540089	0.249667	-0.0409885	-0.315439	-0.550938	-0.746058	-0.890027	-0.990037	-1.04688	-1.07104	-1.06725	-1.05032	
0.118152	0.158493	0.281469	0.486255	0.743849	0.998354	1.20195	1.34673	1.43963	1.45984	1.38888	1.25212	1.06719	0.824946	0.551544	0.277656	0.00730113	-0.243705	-0.466931	-0.654772	-0.803359	-0.913847	-0.990163	-1.03695	-1.06128	
0.0662367	0.0919804	0.178535	0.337775	0.564648	0.822763	1.05823	1.23911	1.3697	1.4509	1.45682	1.38014	1.24896	1.07354	0.85044	0.600878	0.344714	0.094273	-0.138046	-0.346429	-0.525235	-0.67307	-0.789411	-0.877783	-0.942655	
0.0342172	0.0492911	0.104006	0.215355	0.394766	0.630272	0.880176	1.09657	1.26092	1.382	1.4551	1.45622	1.38433	1.26264	1.10116	0.903696	0.683023	0.451829	0.223575	0.00892325	-0.185138	-0.355066	-0.498787	-0.615346	-0.707055	
