0.0164518	0.00615208	0.00211321	0.000669809	0.000196714	5.37284e-05	1.36935e-05	3.26649e-06	7.31316e-07	1.54055e-07	3.0605e-08	5.74609e-09	1.02155e-09	1.72282e-10	2.76077e-11	4.21026e-12	6.11928e-13	8.48775e-14	1.12495e-14	1.4264e-15	1.7322e-16	2.0168e-17	2.25357e-18	2.4206e-19	2.7005e-20	
0.0102118	0.00366295	0.00120963	0.00036936	0.000104693	2.76433e-05	6.82106e-06	1.57747e-06	3.42817e-07	7.01779e-08	1.35623e-08	2.47937e-09	4.29575e-10	7.06607e-11	1.10524e-11	1.64636e-12	2.33879e-13	3.17266e-14	4.11483e-15	5.10833e-16	6.07681e-17	6.93405e-18	7.59686e-19	8.00214e-20	8.43763e-21	
0.00603619	0.00207567	0.000658646	0.000193653	5.29521e-05	1.35107e-05	3.22647e-06	7.23144e-07	1.52497e-07	3.03273e-08	5.69978e-09	1.01433e-09	1.71229e-10	2.74649e-11	4.19227e-12	6.09847e-13	8.466e-14	1.12298e-14	1.425e-15	1.73178e-16	2.01773e-17	2.25611e-18	2.4232e-19	2.50308e-20	2.56476e-21	
0.00338878	0.00111678	0.000340416	9.6349e-05	2.54093e-05	6.26351e-06	1.44732e-06	3.14317e-07	6.43076e-08	1.24222e-08	2.27012e-09	3.93208e-10	6.46642e-11	1.01128e-11	1.50621e-12	2.1395e-13	2.90213e-14	3.76384e-15	4.67251e-16	5.55833e-17	6.34245e-18	6.94875e-19	7.31628e-20	7.41129e-21	7.42785e-22	
0.00180264	0.000569299	0.000166692	4.54152e-05	1.1551e-05	2.75078e-06	6.15017e-07	1.29414e-07	2.56874e-08	4.81955e-09	8.56387e-10	1.44372e-10	2.3129e-11	3.52662e-12	5.12515e-13	7.10856e-14	9.42165e-15	1.19469e-15	1.45092e-16	1.68946e-17	1.88797e-18	2.02672e-19	2.09184e-20	2.07806e-21	2.04039e-22	
0.000906709	0.000274473	7.72124e-05	2.02533e-05	4.96878e-06	1.1433e-06	2.47358e-07	5.0438e-08	9.71368e-09	1.77034e-09	3.05893e-10	5.01943e-11	7.83414e-12	1.16471e-12	1.65168e-13	2.23703e-14	2.89722e-15	3.59206e-16	4.268e-17	4.86473e-18	5.32431e-19	5.60054e-20	5.66671e-21	5.52091e-22	5.31305e-23	
0.000430519	0.000124973	3.379e-05	8.53632e-06	2.02069e-06	4.4937e-07	9.4106e-08	1.8599e-08	3.47611e-09	6.15517e-10	1.03438e-10	1.65237e-11	2.51288e-12	3.64321e-13	5.04208e-14	6.66935e-15	8.44126e-16	1.02342e-16	1.18979e-17	1.32763e-18	1.42324e-19	1.46707e-20	1.45532e-21	1.39067e-22	1.31196e-23	
0.000192718	5.36801e-05	1.39579e-05	3.39782e-06	7.7643e-07	1.66948e-07	3.38534e-08	6.48725e-09	1.17701e-09	2.02545e-10	3.31131e-11	5.15082e-12	7.63429e-13	1.07959e-13	1.45843e-14	1.88436e-15	2.33118e-16	2.76424e-17	3.14481e-18	3.43588e-19	3.60823e-20	3.64527e-21	3.54564e-22	3.32351e-23	3.07419e-24	
8.12575e-05	2.17357e-05	5.43909e-06	1.27668e-06	2.81778e-07	5.86117e-08	1.15138e-08	2.14018e-09	3.77096e-10	6.30879e-11	1.00371e-11	1.52077e-12	2.19739e-13	3.0317e-14	3.99874e-15	5.04786e-16	6.10523e-17	7.0818e-18	7.88581e-19	8.43731e-20	8.68139e-21	8.5972e-22	8.2006e-23	7.54134e-24	6.8406e-25	
3.22542e-05	8.29318e-06	1.99884e-06	4.52721e-07	9.6576e-08	1.9445e-08	3.70249e-09	6.67902e-10	1.14339e-10	1.86048e-11	2.88162e-12	4.25431e-13	5.99465e-14	8.07175e-15	1.03977e-15	1.28276e-16	1.51716e-17	1.72193e-18	1.87716e-19	1.96727e-20	1.98364e-21	1.92595e-22	1.80192e-23	1.62597e-24	1.44662e-25	
1.20505e-05	2.98131e-06	6.9273e-07	1.5152e-07	3.12637e-08	6.0972e-09	1.12598e-09	1.97232e-10	3.28216e-11	5.19665e-12	7.83921e-13	1.12817e-13	1.55082e-14	2.03863e-15	2.56555e-16	3.09413e-17	3.57962e-18	3.97632e-19	4.24478e-20	4.35837e-21	4.30761e-22	4.10131e-23	3.76445e-24	3.33377e-25	2.90978e-26	
4.23798e-06	1.00994e-06	2.26452e-07	4.78752e-08	9.56214e-09	1.80761e-09	3.23964e-10	5.51351e-11	8.92375e-12	1.37551e-12	2.02185e-13	2.83754e-14	3.80674e-15	4.88725e-16	6.01075e-17	7.08888e-18	8.02455e-19	8.72664e-20	9.12487e-21	9.18146e-22	8.89689e-23	8.3086e-24	7.4832e-25	6.50529e-26	5.57152e-27	
1.40346e-06	3.22521e-07	6.98539e-08	1.42871e-08	2.7645e-09	5.06925e-10	8.82313e-11	1.45984e-11	2.29936e-12	3.45223e-13	4.94688e-14	6.77349e-15	8.87216e-16	1.11286e-16	1.33809e-17	1.54373e-18	1.7104e-19	1.82153e-20	1.86614e-21	1.84061e-22	1.74909e-23	1.60254e-24	1.4166e-25	1.20911e-26	1.01638e-27	
4.3789e-07	9.71477e-08	2.0345e-08	4.02929e-09	7.55933e-10	1.3456e-10	2.27604e-11	3.66345e-12	5.61854e-13	8.22107e-14	1.149e-14	1.53564e-15	1.9647e-16	2.40871e-17	2.83249e-18	3.19777e-19	3.46896e-20	3.61897e-21	3.63368e-22	3.51411e-23	3.27571e-24	2.9452e-25	2.55585e-26	2.14235e-27	1.76794e-28	
1.28816e-07	2.76203e-08	5.59865e-09	1.07464e-09	1.95643e-10	3.38323e-11	5.5652e-12	8.71952e-13	1.30291e-13	1.85894e-14	2.53534e-15	3.30898e-16	4.13698e-17	4.95933e-18	5.70578e-19	6.30581e-20	6.69984e-21	6.84911e-22	6.74189e-23	6.39477e-24	5.84882e-25	5.16182e-26	4.39854e-27	3.62159e-28	2.93474e-29	
3.57582e-08	7.41829e-09	1.45686e-09	2.7127e-10	4.79624e-11	8.06358e-12	1.29081e-12	1.96993e-13	2.86956e-14	3.99437e-15	5.31885e-16	6.7822e-17	8.28954e-18	9.72077e-19	1.09463e-19	1.18467e-20	1.23322e-21	1.23576e-22	1.19288e-23	1.11004e-24	9.96446e-26	8.63425e-27	7.22641e-28	5.84589e-29	4.65287e-30	
9.37552e-09	1.88388e-09	3.58794e-10	6.48654e-11	1.11471e-11	1.82335e-12	2.84239e-13	4.22788e-14	6.00733e-15	8.16263e-16	1.06174e-16	1.32333e-17	1.58193e-18	1.81537e-19	2.00158e-20	2.12208e-21	2.16508e-22	2.12731e-23	2.01438e-24	1.83954e-25	1.62112e-26	1.37954e-27	1.13431e-28	9.01774e-30	7.05141e-31	
2.32415e-09	4.52791e-10	8.37096e-11	1.47061e-11	2.45832e-12	3.91506e-13	5.94731e-14	8.62734e-15	1.19641e-15	1.58772e-16	2.01832e-17	2.46002e-18	2.87745e-19	3.23275e-20	3.49129e-21	3.62737e-22	3.62842e-23	3.49684e-24	3.24914e-25	2.91262e-26	2.52056e-27	2.10707e-28	1.70247e-29	1.33042e-30	1.02231e-31	
5.45307e-10	1.03105e-10	1.85196e-11	3.16423e-12	5.14905e-13	7.98962e-14	1.18347e-14	1.6753e-15	2.26871e-16	2.94202e-17	3.65683e-18	4.36063e-19	4.99289e-20	5.49381e-21	5.81377e-22	5.92154e-23	5.80926e-24	5.49313e-25	5.00982e-26	4.4097e-27	3.74843e-28	3.07895e-29	2.44522e-30	1.87875e-31	1.41901e-32	
1.21225e-10	2.2266e-11	3.88909e-12	6.46759e-13	1.02527e-13	1.55107e-14	2.24174e-15	3.09849e-16	4.09975e-17	5.19777e-18	6.32011e-19	7.37661e-20	8.27132e-21	8.91714e-22	9.24998e-23	9.23933e-24	8.89263e-25	8.25287e-26	7.39004e-27	6.38893e-28	5.33593e-29	4.30771e-30	3.3634e-31	2.5414e-32	1.88719e-33	
2.55621e-11	4.56508e-12	7.76001e-13	1.25703e-13	1.94262e-14	2.86717e-15	4.04569e-16	5.46304e-17	7.06628e-18	8.7631e-19	1.04283e-19	1.19185e-20	1.30928e-21	1.3835e-22	1.40729e-23	1.37897e-24	1.30253e-25	1.18678e-26	1.04371e-27	8.86492e-29	7.27635e-30	5.77485e-31	4.43398e-32	3.29557e-33	2.40661e-34	
5.11827e-12	8.89505e-13	1.4727e-13	2.32543e-14	3.50575e-15	5.0512e-16	6.96261e-17	9.19025e-18	1.16267e-18	1.41103e-19	1.64412e-20	1.84078e-21	1.98188e-22	2.05344e-23	2.04893e-24	1.97022e-25	1.82697e-26	1.63476e-27	1.41238e-28	1.17891e-29	9.51233e-31	7.42358e-32	5.60647e-33	4.09983e-34	2.94493e-35	
9.74197e-13	1.64891e-13	2.66096e-14	4.09859e-15	6.03155e-16	8.48889e-17	1.1437e-17	1.47641e-18	1.82776e-19	2.17177e-20	2.47882e-21	2.71988e-22	2.87115e-23	2.91794e-24	2.85702e-25	2.69686e-26	2.45579e-27	2.15865e-28	1.83269e-29	1.50371e-30	1.19303e-31	9.15759e-33	6.80425e-34	4.89658e-35	3.46048e-36	
1.76453e-13	2.91096e-14	4.58209e-15	6.88897e-16	9.90225e-17	1.36212e-17	1.7947e-18	2.26697e-19	2.74757e-20	3.1978e-21	3.5768e-22	3.84776e-23	3.9839e-24	3.97282e-25	3.81832e-26	3.53927e-27	3.16587e-28	2.73448e-29	2.28198e-30	1.84097e-31	1.43655e-32	1.08481e-33	7.93188e-35	5.61847e-36	3.90745e-37	
3.04458e-14	4.89899e-15	7.52686e-16	1.10528e-16	1.55272e-17	2.08867e-18	2.69269e-19	3.32976e-20	3.95277e-21	4.50815e-22	4.94346e-23	5.21578e-24	5.2987e-25	5.18654e-26	4.89474e-27	4.45655e-28	3.91699e-29	3.32542e-30	2.72852e-31	2.16488e-32	1.66187e-33	1.23492e-34	8.88744e-36	6.19783e-37	4.2427e-38	
5.0094e-15	7.86749e-16	1.1806e-16	1.69429e-17	2.32751e-18	3.06334e-19	3.86605e-20	4.68236e-21	5.44667e-22	6.08976e-23	6.54924e-24	6.77975e-25	6.7603e-26	6.49735e-27	6.02284e-28	5.38803e-29	4.65459e-30	3.88512e-31	3.13503e-32	2.44695e-33	1.84834e-34	1.35185e-35	9.57801e-37	6.57732e-38	4.43274e-39	
7.86749e-16	1.20682e-16	1.76982e-17	2.48365e-18	3.33819e-19	4.30089e-20	5.31607e-21	6.30889e-22	7.19415e-23	7.88848e-24	8.32348e-25	8.457e-26	8.27975e-27	7.81606e-28	7.11867e-29	6.25911e-30	5.31595e-31	4.36363e-32	3.46377e-33	2.6602e-34	1.97771e-35	1.42399e-36	9.93475e-38	6.71938e-39	4.45927e-40	
1.1806e-16	1.76982e-17	2.53798e-18	3.48468e-19	4.58479e-20	5.78521e-21	7.0066e-22	8.15117e-23	9.11552e-24	9.80631e-25	1.01554e-25	1.01308e-26	9.74168e-28	9.03523e-29	8.08768e-30	6.99106e-31	5.83908e-32	4.71483e-33	3.68246e-34	2.78346e-35	2.03715e-36	1.44431e-37	9.92425e-39	6.61231e-40	4.32203e-41	
1.69429e-17	2.48365e-18	3.48468e-19	4.68351e-20	6.035e-21	7.46152e-22	8.85848e-23	1.01065e-23	1.10883e-24	1.17073e-25	1.19035e-26	1.16628e-27	1.10184e-28	1.00436e-29	8.83833e-31	7.513e-32	6.17248e-33	4.90391e-34	3.76953e-35	2.80488e-36	2.02132e-37	1.41141e-38	9.5536e-40	6.27175e-41	4.0384e-42	
2.32751e-18	3.33819e-19	4.58479e-20	6.035e-21	7.61959e-22	9.2347e-23	1.07517e-23	1.20341e-24	1.29581e-25	1.34325e-26	1.34137e-27	1.29121e-28	1.19886e-29	1.0743e-30	9.2966e-32	7.77328e-33	6.28353e-34	4.91306e-35	3.71766e-36	2.72378e-37	1.93315e-38	1.32969e-39	8.86801e-41	5.73712e-42	3.63986e-43	
3.06334e-19	4.30089e-20	5.78521e-21	7.46152e-22	9.2347e-23	1.09758e-23	1.25367e-24	1.37715e-25	1.45588e-26	1.48221e-27	1.45417e-28	1.37566e-29	1.25565e-30	1.10646e-31	9.4181e-33	7.74801e-34	6.1638e-35	4.74419e-36	3.53466e-37	2.55045e-38	1.78309e-39	1.20841e-40	7.94197e-42	5.06432e-43	3.16638e-44	
3.86605e-20	5.31607e-21	7.0066e-22	8.85848e-23	1.07517e-23	1.25367e-24	1.40538e-25	1.51567e-26	1.57368e-27	1.57401e-28	1.51761e-29	1.41135e-30	1.26676e-31	1.09796e-32	9.19513e-34	7.44454e-35	5.82983e-36	4.41807e-37	3.24175e-38	2.30412e-39	1.58712e-40	1.05995e-41	6.86625e-43	4.31631e-44	2.66002e-45	
4.68236e-21	6.30889e-22	8.15117e-23	1.01065e-23	1.20341e-24	1.37715e-25	1.51567e-26	1.60539e-27	1.63757e-28	1.60967e-29	1.52568e-30	1.39521e-31	1.23175e-32	1.05039e-33	8.65705e-35	6.89931e-36	5.31963e-37	3.97022e-38	2.86955e-39	2.00947e-40	1.364e-41	8.97856e-43	5.73376e-44	3.55392e-45	2.15916e-46	
5.44667e-22	7.19415e-23	9.11552e-24	1.10883e-24	1.29581e-25	1.45588e-26	1.57368e-27	1.63757e-28	1.64157e-29	1.58625e-30	1.47841e-31	1.32982e-32	1.15507e-33	9.69359e-35	7.8642e-36	6.17084e-37	4.68569e-38	3.44472e-39	2.45297e-40	1.69272e-41	1.13248e-42	7.34877e-44	4.6272e-45	2.82835e-46	1.6943e-47	
6.08976e-23	7.88848e-24	9.80631e-25	1.17073e-25	1.34325e-26	1.48221e-27	1.57401e-28	1.60967e-29	1.58625e-30	1.50723e-31	1.38173e-32	1.22279e-33	1.04523e-34	8.63449e-36	6.89697e-37	5.32964e-38	3.98631e-39	2.88727e-40	2.02604e-41	1.378e-42	9.08834e-44	5.81481e-45	3.61063e-46	2.17677e-47	1.28595e-48	
6.54924e-24	8.32348e-25	1.01554e-25	1.19035e-26	1.34137e-27	1.45417e-28	1.51761e-29	1.52568e-30	1.47841e-31	1.38173e-32	1.24623e-33	1.08535e-34	9.13222e-36	7.42765e-37	5.8428e-38	4.44736e-39	3.27724e-40	2.33908e-41	1.61775e-42	1.08467e-43	7.05339e-45	4.4503e-46	2.72553e-47	1.62093e-48	9.44488e-50	
6.77975e-25	8.457e-26	1.01308e-26	1.16628e-27	1.29121e-28	1.37566e-29	1.41135e-30	1.39521e-31	1.32982e-32	1.22279e-33	1.08535e-34	9.30439e-36	7.70803e-37	6.17398e-38	4.78382e-39	3.58746e-40	2.60503e-41	1.83253e-42	1.2494e-43	8.25945e-45	5.29649e-46	3.29602e-47	1.99128e-48	1.16841e-49	6.71611e-51	
6.7603e-26	8.27975e-27	9.74168e-28	1.10184e-28	1.19886e-29	1.25565e-30	1.26676e-31	1.23175e-32	1.15507e-33	1.04523e-34	9.13222e-36	7.70803e-37	6.28847e-38	4.96143e-39	3.78744e-40	2.79883e-41	2.00309e-42	1.38906e-43	9.33754e-45	6.08722e-46	3.85003e-47	2.36345e-48	1.40875e-49	8.15661e-51	4.62582e-52	
6.49735e-27	7.81606e-28	9.03523e-29	1.00436e-29	1.0743e-30	1.10646e-31	1.09796e-32	1.05039e-33	9.69359e-35	8.63449e-36	7.42765e-37	6.17398e-38	4.96143e-39	3.85654e-40	2.90104e-41	2.11292e-42	1.4907e-43	1.01922e-44	6.75638e-46	4.34418e-47	2.71038e-48	1.64156e-49	9.65512e-51	5.51704e-52	3.08748e-53	
6.02284e-28	7.11867e-29	8.08768e-30	8.83833e-31	9.2966e-32	9.4181e-33	9.19513e-34	8.65705e-35	7.8642e-36	6.89697e-37	5.8428e-38	4.78382e-39	3.78744e-40	2.90104e-41	2.15085e-42	1.54426e-43	1.0742e-44	7.24265e-46	4.7353e-47	3.00343e-48	1.84877e-49	1.10489e-50	6.41348e-52	3.61723e-53	1.99782e-54	
5.38803e-29	6.25911e-30	6.99106e-31	7.513e-32	7.77328e-33	7.74801e-34	7.44454e-35	6.89931e-36	6.17084e-37	5.32964e-38	4.44736e-39	3.58746e-40	2.79883e-41	2.11292e-42	1.54426e-43	1.09317e-44	7.49868e-46	4.98659e-47	3.21609e-48	2.01253e-49	1.22241e-50	7.20982e-52	4.13077e-53	2.29988e-54	1.2538e-55	
4.65459e-30	5.31595e-31	5.83908e-32	6.17248e-33	6.28353e-34	6.1638e-35	5.82983e-36	5.31963e-37	4.68569e-38	3.98631e-39	3.27724e-40	2.60503e-41	2.00309e-42	1.4907e-43	1.0742e-44	7.49868e-46	5.07326e-47	3.32798e-48	2.11762e-49	1.30758e-50	7.83817e-52	4.56304e-53	2.58079e-54	1.41865e-55	7.63476e-57	
3.88512e-31	4.36363e-32	4.71483e-33	4.90391e-34	4.91306e-35	4.74419e-36	4.41807e-37	3.97022e-38	3.44472e-39	2.88727e-40	2.33908e-41	1.83253e-42	1.38906e-43	1.01922e-44	7.24265e-46	4.98659e-47	3.32798e-48	2.15385e-49	1.35236e-50	8.24103e-52	4.87594e-53	2.80214e-54	1.56471e-55	8.49296e-57	4.5127e-58	
3.13503e-32	3.46377e-33	3.68246e-34	3.76953e-35	3.71766e-36	3.53466e-37	3.24175e-38	2.86955e-39	2.45297e-40	2.02604e-41	1.61775e-42	1.2494e-43	9.33754e-45	6.75638e-46	4.7353e-47	3.21609e-48	2.11762e-49	1.35236e-50	8.37984e-52	5.04031e-53	2.94391e-54	1.67033e-55	9.2098e-57	4.93663e-58	2.59011e-59	
2.44695e-33	2.6602e-34	2.78346e-35	2.80488e-36	2.72378e-37	2.55045e-38	2.30412e-39	2.00947e-40	1.69272e-41	1.378e-42	1.08467e-43	8.25945e-45	6.08722e-46	4.34418e-47	3.00343e-48	2.01253e-49	1.30758e-50	8.24103e-52	5.04031e-53	2.99274e-54	1.72577e-55	9.66858e-57	5.26461e-58	2.7871e-59	1.44413e-60	
1.84834e-34	1.97771e-35	2.03715e-36	2.02132e-37	1.93315e-38	1.78309e-39	1.58712e-40	1.364e-41	1.13248e-42	9.08834e-44	7.05339e-45	5.29649e-46	3.85003e-47	2.71038e-48	1.84877e-49	1.22241e-50	7.83817e-52	4.87594e-53	2.94391e-54	1.72577e-55	9.8265e-57	5.43668e-58	2.92378e-59	1.52893e-60	7.82448e-62	
1.35185e-35	1.42399e-36	1.44431e-37	1.41141e-38	1.32969e-39	1.20841e-40	1.05995e-41	8.97856e-43	7.34877e-44	5.81481e-45	4.4503e-46	3.29602e-47	2.36345e-48	1.64156e-49	1.10489e-50	7.20982e-52	4.56304e-53	2.80214e-54	1.67033e-55	9.66858e-57	5.43668e-58	2.97082e-59	1.57813e-60	8.15254e-62	4.12121e-63	
9.57801e-37	9.93475e-38	9.92425e-39	9.5536e-40	8.86801e-41	7.94197e-42	6.86625e-43	5.73376e-44	4.6272e-45	3.61063e-46	2.72553e-47	1.99128e-48	1.40875e-49	9.65512e-51	6.41348e-52	4.13077e-53	2.58079e-54	1.56471e-55	9.2098e-57	5.26461e-58	2.92378e-59	1.57813e-60	8.28164e-62	4.22686e-63	2.11088e-64	
6.57786e-38	6.71978e-39	6.61254e-40	6.27186e-41	5.73717e-42	5.06434e-43	4.31632e-44	3.55392e-45	2.82835e-46	2.17677e-47	1.62093e-48	1.16841e-49	8.15661e-51	5.51704e-52	3.61723e-53	2.29988e-54	1.41865e-55	8.49296e-57	4.93663e-58	2.7871e-59	1.52893e-60	8.15254e-62	4.22686e-63	2.13166e-64	1.05178e-65	
4.56984e-39	4.51308e-40	4.34267e-41	4.04614e-42	3.64269e-43	3.16739e-44	2.66037e-45	2.15928e-46	1.69434e-47	1.28596e-48	9.44492e-50	6.71612e-51	4.62582e-52	3.08749e-53	1.99782e-54	1.2538e-55	7.63476e-57	4.5127e-58	2.59011e-59	1.44413e-60	7.82448e-62	4.12121e-63	2.11088e-64	1.05178e-65	5.12691e-67	
