-0.0419066	-0.0428302	-0.043041	-0.0524268	-0.0580167	-0.0489106	-0.0390279	-0.0332013	-0.0181555	0.0163463	0.0768306	0.158512	0.236851	0.293684	0.331382	0.347654	0.327902	0.266315	0.165858	0.0222092	-0.167318	-0.383531	-0.589754	-0.750914	-0.840645	
-0.0466396	-0.0451702	-0.047056	-0.0571318	-0.0590731	-0.0491336	-0.0435585	-0.0414261	-0.0281054	0.005035	0.0631966	0.138659	0.209331	0.266378	0.315377	0.347477	0.341647	0.288573	0.187715	0.0354047	-0.163431	-0.383203	-0.588898	-0.749492	-0.83741	
-0.048544	-0.0466281	-0.0509437	-0.0605306	-0.0586928	-0.0496398	-0.0488806	-0.0494053	-0.036958	-0.00501372	0.0496422	0.116737	0.179064	0.237471	0.298365	0.345696	0.353314	0.308485	0.2067	0.0460153	-0.159884	-0.379678	-0.581282	-0.737987	-0.820473	
-0.0491954	-0.0479238	-0.0548723	-0.062651	-0.0574495	-0.0510303	-0.054937	-0.0567733	-0.0444394	-0.0138212	0.0357597	0.0925888	0.146736	0.207852	0.280473	0.341585	0.36162	0.324407	0.221311	0.0532918	-0.156763	-0.372982	-0.567011	-0.71627	-0.790389	
-0.0489084	-0.0500278	-0.0589391	-0.0632643	-0.0558964	-0.0537824	-0.0614597	-0.0630955	-0.0503646	-0.021627	0.0210298	0.0663072	0.113381	0.178458	0.261642	0.334206	0.36502	0.33442	0.229977	0.0566729	-0.153937	-0.363136	-0.546529	-0.684921	-0.747872	
-0.0494483	-0.0532661	-0.0622192	-0.0623031	-0.0549754	-0.0581553	-0.0678823	-0.067945	-0.0547533	-0.0289304	0.00493409	0.0383651	0.0803411	0.150154	0.241613	0.32247	0.361758	0.336389	0.231135	0.0558537	-0.150906	-0.349698	-0.519676	-0.643798	-0.692684	
-0.0506218	-0.0568614	-0.0642792	-0.0604327	-0.0555346	-0.0638887	-0.0734885	-0.0710858	-0.0579061	-0.0364478	-0.0128772	0.00970286	0.0491483	0.123608	0.21994	0.305224	0.349979	0.328109	0.223307	0.05066	-0.147064	-0.331942	-0.48569	-0.591995	-0.623924	
-0.0528181	-0.0609263	-0.0647773	-0.058273	-0.0581656	-0.070409	-0.0775946	-0.0725365	-0.0604271	-0.0450157	-0.0323944	-0.0182697	0.0213055	0.0991486	0.196051	0.281387	0.327925	0.307588	0.205291	0.0409436	-0.142077	-0.309398	-0.443884	-0.528748	-0.541151	
-0.056679	-0.0640676	-0.063278	-0.0571436	-0.063252	-0.0766746	-0.0796294	-0.0727072	-0.0632346	-0.0553913	-0.0530607	-0.0438065	-0.00200677	0.0766582	0.169299	0.25006	0.294201	0.273476	0.176528	0.026721	-0.135931	-0.282025	-0.39402	-0.454014	-0.44501	
-0.0603904	-0.065286	-0.0609984	-0.0584971	-0.0701141	-0.0813451	-0.0795559	-0.0724835	-0.0673861	-0.0679645	-0.0736892	-0.065118	-0.020246	0.055508	0.139008	0.21059	0.24802	0.225485	0.137486	0.00847841	-0.12858	-0.24982	-0.33599	-0.368253	-0.336951	
-0.0637423	-0.0649301	-0.0592717	-0.0627561	-0.0773418	-0.083504	-0.0780118	-0.0730283	-0.073818	-0.0825088	-0.0925499	-0.0807807	-0.0337576	0.0345812	0.104482	0.162582	0.189391	0.164646	0.0898239	-0.0126382	-0.11956	-0.212281	-0.269281	-0.271885	-0.218618	
-0.0658843	-0.0629016	-0.0595034	-0.0697986	-0.083249	-0.0828333	-0.0761956	-0.0756027	-0.0830675	-0.0979955	-0.107656	-0.0901969	-0.0438761	0.0123848	0.065008	0.105905	0.119239	0.0933299	0.0362331	-0.0349221	-0.107873	-0.168224	-0.192828	-0.165082	-0.0915356	
-0.0654648	-0.0607267	-0.0634907	-0.0782037	-0.0859423	-0.0800175	-0.0758427	-0.0812409	-0.0948972	-0.112602	-0.117284	-0.0939824	-0.052812	-0.0127602	0.0198814	0.0407744	0.0395016	0.0150603	-0.0199719	-0.0564098	-0.0921739	-0.116082	-0.10543	-0.0480673	0.0427761	
-0.0632081	-0.0612366	-0.0712719	-0.0849726	-0.0846372	-0.0771326	-0.078656	-0.0902133	-0.108098	-0.12408	-0.120627	-0.0941215	-0.0633235	-0.0424998	-0.0315068	-0.0320493	-0.0468043	-0.0658157	-0.0753048	-0.0751584	-0.0710446	-0.0544517	-0.00645642	0.0783584	0.182532	
-0.0617299	-0.0663399	-0.0801861	-0.0874533	-0.0808222	-0.0768094	-0.0854405	-0.101807	-0.120651	-0.130388	-0.118349	-0.0937973	-0.078258	-0.0782455	-0.0894807	-0.110967	-0.135603	-0.144532	-0.126436	-0.0893224	-0.0431757	0.0173795	0.10352	0.212419	0.325544	
-0.0645276	-0.0746603	-0.0864718	-0.0854686	-0.0775722	-0.0808744	-0.0958528	-0.114445	-0.130084	-0.130478	-0.112899	-0.0968894	-0.100071	-0.120998	-0.153781	-0.19326	-0.221959	-0.216342	-0.170323	-0.0970225	-0.00742849	0.099091	0.222413	0.351287	0.469293	
-0.0709275	-0.0826698	-0.0883105	-0.0812064	-0.0778892	-0.0898526	-0.108565	-0.125763	-0.134137	-0.125152	-0.108365	-0.107196	-0.130444	-0.171178	-0.223186	-0.27497	-0.300504	-0.276928	-0.204143	-0.0961461	0.037118	0.189188	0.34668	0.491301	0.611088	
-0.0787811	-0.0882188	-0.0857129	-0.0778798	-0.0840616	-0.102884	-0.12115	-0.133003	-0.131917	-0.117577	-0.109678	-0.127599	-0.170098	-0.228395	-0.295151	-0.351079	-0.36606	-0.32268	-0.225133	-0.0842706	0.0910274	0.285052	0.471717	0.62834	0.748161	
-0.0866312	-0.0886399	-0.0804738	-0.0799359	-0.0967315	-0.117089	-0.130444	-0.134266	-0.12501	-0.112906	-0.121362	-0.159503	-0.218765	-0.291122	-0.365616	-0.416047	-0.414282	-0.350757	-0.230446	-0.0588617	0.154254	0.383183	0.592472	0.758211	0.87758	
-0.0891242	-0.083627	-0.0786523	-0.0906448	-0.112782	-0.128286	-0.134153	-0.12982	-0.117687	-0.117028	-0.146345	-0.202701	-0.275137	-0.356308	-0.4292	-0.464638	-0.442092	-0.358932	-0.2172	-0.0177817	0.225872	0.479649	0.704171	0.876939	0.996011	
-0.0854176	-0.0799038	-0.0860439	-0.107637	-0.126537	-0.133632	-0.132041	-0.122536	-0.116185	-0.13494	-0.185219	-0.255545	-0.336677	-0.419182	-0.479875	-0.49277	-0.44772	-0.34533	-0.182839	0.0400074	0.303958	0.570693	0.802964	0.980897	1.09944	
-0.0822279	-0.083834	-0.102138	-0.124407	-0.133781	-0.132826	-0.125991	-0.117912	-0.127279	-0.169085	-0.236134	-0.315235	-0.399321	-0.473484	-0.51203	-0.498043	-0.430331	-0.308325	-0.125836	0.1138	0.385755	0.653374	0.886319	1.06677	1.18307	
-0.0835954	-0.0973955	-0.12157	-0.13453	-0.133487	-0.127691	-0.120408	-0.123475	-0.155899	-0.218264	-0.295452	-0.377964	-0.457256	-0.512315	-0.521584	-0.479693	-0.389467	-0.246811	-0.0465441	0.200869	0.468156	0.726015	0.952987	1.13144	1.2415	
-0.0943143	-0.118647	-0.135329	-0.134628	-0.128193	-0.12229	-0.122451	-0.146386	-0.202624	-0.278055	-0.358792	-0.438635	-0.503125	-0.529542	-0.506657	-0.437944	-0.324715	-0.160945	0.0521489	0.296784	0.548333	0.788214	1.00255	1.17189	1.26938	
-0.116765	-0.135817	-0.135995	-0.128236	-0.123111	-0.122796	-0.140414	-0.189799	-0.262999	-0.342738	-0.421399	-0.490328	-0.529145	-0.521305	-0.467375	-0.373124	-0.236002	-0.0530987	0.164794	0.396294	0.624215	0.840316	1.03467	1.18527	1.26242	
-0.135964	-0.136929	-0.128228	-0.123166	-0.123441	-0.137213	-0.180152	-0.250362	-0.329664	-0.407031	-0.477259	-0.524482	-0.529138	-0.486769	-0.404759	-0.285243	-0.124632	0.0715095	0.284221	0.494459	0.694478	0.882438	1.04843	1.16935	1.21857	
-0.136929	-0.128234	-0.123003	-0.123886	-0.135788	-0.173667	-0.240458	-0.319322	-0.395836	-0.465722	-0.518003	-0.532818	-0.500531	-0.427361	-0.319447	-0.17465	0.00544152	0.205129	0.403068	0.587455	0.757915	0.913436	1.04203	1.12311	1.13898	
-0.128228	-0.123003	-0.12403	-0.135303	-0.170026	-0.233648	-0.3117	-0.387667	-0.456567	-0.511346	-0.533842	-0.510488	-0.444595	-0.344779	-0.211472	-0.0437116	0.147028	0.33896	0.515346	0.672558	0.812406	0.930327	1.01322	1.04759	1.02849	
-0.123166	-0.123886	-0.135303	-0.168865	-0.230184	-0.306982	-0.382315	-0.450073	-0.505624	-0.533338	-0.517474	-0.457945	-0.364209	-0.239502	-0.0818451	0.101589	0.290685	0.465269	0.61714	0.747215	0.854056	0.928625	0.960305	0.946389	0.895327	
-0.123441	-0.135788	-0.170026	-0.230184	-0.305379	-0.37966	-0.446233	-0.501522	-0.532247	-0.522067	-0.467982	-0.379071	-0.2609	-0.111695	0.0649048	0.251721	0.42714	0.578958	0.705946	0.807754	0.877172	0.903648	0.883435	0.825826	0.749948	
-0.137213	-0.173667	-0.233648	-0.306982	-0.37966	-0.444967	-0.499399	-0.531294	-0.524777	-0.474976	-0.389955	-0.276784	-0.134536	0.0355651	0.219578	0.396022	0.549818	0.67744	0.778967	0.848661	0.875451	0.852415	0.785572	0.694305	0.603461	
-0.180152	-0.240458	-0.3117	-0.382315	-0.446233	-0.499399	-0.530926	-0.526015	-0.479095	-0.397123	-0.287786	-0.151094	0.0130901	0.193698	0.370336	0.526174	0.655603	0.75878	0.831583	0.863254	0.844095	0.775347	0.672676	0.561165	0.465868	
-0.250362	-0.319322	-0.387667	-0.450073	-0.501522	-0.531294	-0.526015	-0.480455	-0.400687	-0.294265	-0.161862	-0.00276363	0.174136	0.349934	0.507025	0.638101	0.74309	0.81937	0.857302	0.84577	0.782008	0.677008	0.552923	0.435218	0.344686	
-0.329664	-0.395836	-0.456567	-0.505624	-0.532247	-0.524777	-0.479095	-0.400687	-0.296406	-0.167164	-0.0121851	0.161025	0.335078	0.492348	0.624358	0.730597	0.809581	0.853078	0.849688	0.793986	0.693023	0.565504	0.435203	0.323417	0.244231	
-0.407031	-0.465722	-0.511346	-0.533338	-0.522067	-0.474976	-0.397123	-0.294265	-0.167164	-0.0153092	0.154452	0.326044	0.482375	0.614386	0.721096	0.801722	0.84934	0.852894	0.805414	0.711035	0.585521	0.450752	0.327421	0.230032	0.165642	
-0.477259	-0.518002	-0.533842	-0.517474	-0.467982	-0.389955	-0.287785	-0.161862	-0.0121851	0.154452	0.323012	0.477328	0.608326	0.714671	0.795906	0.846121	0.854866	0.81439	0.726763	0.605401	0.470546	0.342281	0.23517	0.156481	0.1075	
-0.52448	-0.532816	-0.510486	-0.457943	-0.37907	-0.276784	-0.151094	-0.00276345	0.161025	0.326044	0.477328	0.606292	0.711427	0.792328	0.843746	0.855881	0.820717	0.738938	0.6221	0.489008	0.359193	0.247376	0.161141	0.101763	0.0667527	
-0.52913	-0.500523	-0.444589	-0.364204	-0.260897	-0.134534	0.0130912	0.174136	0.335078	0.482375	0.608326	0.711427	0.79112	0.842488	0.856316	0.824681	0.747439	0.634717	0.504023	0.374267	0.260278	0.170093	0.105304	0.0632565	0.0396627	
-0.486744	-0.427336	-0.344759	-0.239487	-0.111685	0.035571	0.193702	0.349936	0.492348	0.614386	0.714671	0.792328	0.842488	0.856431	0.82658	0.752434	0.643096	0.514915	0.386071	0.2713	0.179014	0.111268	0.0656294	0.0375854	0.0225547	
-0.404685	-0.319378	-0.211414	-0.0818024	0.064933	0.219594	0.370345	0.507029	0.62436	0.721097	0.795906	0.843746	0.856316	0.82658	0.75408	0.647266	0.521487	0.394097	0.279506	0.186285	0.116897	0.0692705	0.0390189	0.0213516	0.0122793	
-0.285043	-0.174462	-0.0435558	0.101704	0.251796	0.396066	0.526198	0.638113	0.730602	0.801724	0.846122	0.855881	0.824681	0.752434	0.647266	0.523682	0.398148	0.284532	0.191323	0.121228	0.0725181	0.041063	0.0221393	0.011601	0.00640288	
-0.124122	0.00591861	0.147422	0.290971	0.427327	0.549928	0.655661	0.743118	0.809594	0.849345	0.854868	0.820718	0.747439	0.643096	0.521487	0.398148	0.286222	0.19389	0.123917	0.0748302	0.0427713	0.0231942	0.0119953	0.0060314	0.00319929	
0.0727159	0.206257	0.339884	0.465939	0.57939	0.677692	0.758913	0.819435	0.853107	0.852905	0.814394	0.738939	0.634718	0.514915	0.394097	0.284532	0.19389	0.124826	0.0760196	0.0438567	0.0240061	0.0124934	0.00621029	0.00300223	0.00153267	
0.286877	0.405545	0.517362	0.618588	0.706872	0.7795	0.831861	0.857435	0.849746	0.805438	0.726772	0.622103	0.504024	0.386072	0.279506	0.191324	0.123917	0.0760196	0.0442263	0.0244321	0.0128347	0.006423	0.00307457	0.00143167	0.000704397	
0.499868	0.592481	0.676615	0.750095	0.809573	0.849695	0.863789	0.846023	0.794096	0.71108	0.605418	0.489014	0.374269	0.271301	0.186286	0.121228	0.0748302	0.0438567	0.0244321	0.0129529	0.00654334	0.00315463	0.00145672	0.000654497	0.000310769	
0.704629	0.767294	0.819887	0.859289	0.880431	0.877278	0.845027	0.782444	0.693211	0.585597	0.470574	0.359203	0.260281	0.179015	0.116897	0.0725181	0.0427714	0.0240061	0.0128347	0.00654334	0.00318456	0.00148163	0.000661074	0.000287046	0.000131704	
0.899938	0.929447	0.942875	0.937237	0.908912	0.855318	0.776805	0.677681	0.565791	0.450865	0.342323	0.247391	0.170098	0.11127	0.069271	0.0410631	0.0231942	0.0124934	0.006423	0.00315463	0.00148163	0.000666254	0.000287653	0.000120884	5.3661e-05	
1.07617	1.06691	1.03218	0.972983	0.89101	0.789668	0.674699	0.553843	0.435591	0.327573	0.235226	0.16116	0.10531	0.0656313	0.0390195	0.0221394	0.0119954	0.0062103	0.00307457	0.00145672	0.000661074	0.000287653	0.000120313	4.89905e-05	2.10603e-05	
1.21032	1.15805	1.07302	0.962799	0.835358	0.69934	0.563604	0.436308	0.32387	0.230207	0.156544	0.101785	0.0632635	0.0375875	0.0213522	0.0116011	0.00603145	0.00300225	0.00143168	0.000654498	0.000287046	0.000120884	4.89905e-05	1.9334e-05	8.04994e-06	
1.27784	1.18252	1.05796	0.913481	0.760146	0.608707	0.468352	0.345775	0.244675	0.165811	0.10756	0.066773	0.0396691	0.0225567	0.0122799	0.00640303	0.00319933	0.00153268	0.000704399	0.000310769	0.000131704	5.36611e-05	2.10603e-05	8.04994e-06	3.24325e-06	
