-0.0730769	0.0747723	0.052256	0.0344029	0.0259538	0.0301861	0.0478121	0.0787927	0.124547	0.187718	0.270486	0.373463	0.495755	0.635412	0.789708	0.955248	1.12763	1.30137	1.47004	1.62626	1.76234	1.87155	1.94832	1.98687	1.98079	
-0.075727	-0.0942041	-0.114945	-0.130308	-0.13683	-0.131393	-0.112866	-0.0813869	-0.0359733	0.0258743	0.106748	0.207907	0.329068	0.468791	0.62479	0.794126	0.972992	1.15643	1.33863	1.51279	1.67119	1.80594	1.90902	1.97177	1.98646	
-0.141792	-0.191079	-0.219038	-0.235067	-0.241037	-0.235834	-0.219119	-0.191476	-0.152112	-0.0985273	-0.0278058	0.0617957	0.170428	0.297079	0.439894	0.596174	0.762823	0.935837	1.1106	1.28306	1.44916	1.60337	1.73694	1.83678	1.88799	
-0.196841	-0.238213	-0.261458	-0.273564	-0.277211	-0.272626	-0.260602	-0.241993	-0.216028	-0.179881	-0.130444	-0.0653627	0.0163329	0.11464	0.229266	0.359022	0.502163	0.656661	0.818613	0.983566	1.14776	1.30677	1.45363	1.57726	1.66351	
-0.209865	-0.230767	-0.240992	-0.244765	-0.244188	-0.240296	-0.23471	-0.227973	-0.219246	-0.205296	-0.183123	-0.150179	-0.10469	-0.0455573	0.028326	0.118409	0.224464	0.346778	0.484575	0.63366	0.788503	0.943115	1.09062	1.22346	1.33368	
-0.173496	-0.172145	-0.167278	-0.161583	-0.156576	-0.153966	-0.155109	-0.160307	-0.167984	-0.175416	-0.179487	-0.178279	-0.169868	-0.152087	-0.123658	-0.0815493	-0.0237733	0.0498253	0.141598	0.252209	0.37943	0.519711	0.66755	0.815713	0.956486	
-0.0940516	-0.0709247	-0.0514398	-0.0366918	-0.028076	-0.0273366	-0.0345823	-0.0506578	-0.0726256	-0.0995769	-0.128402	-0.157913	-0.186762	-0.212355	-0.231762	-0.242642	-0.238784	-0.218135	-0.178656	-0.116322	-0.0286636	0.0855353	0.226284	0.389328	0.567145	
0.0025194	0.041643	0.0715147	0.0921548	0.102259	0.101537	0.089861	0.0672501	0.0353799	-0.00485383	-0.0529434	-0.107605	-0.167941	-0.233308	-0.298227	-0.360337	-0.412923	-0.446853	-0.457061	-0.437831	-0.38415	-0.2939	-0.1659	-0.00126605	0.193711	
0.0610249	0.10506	0.138021	0.159005	0.168456	0.167153	0.153612	0.131006	0.0963224	0.0532521	-0.00161502	-0.0673035	-0.14323	-0.229141	-0.322837	-0.417436	-0.51009	-0.589938	-0.647073	-0.671569	-0.655056	-0.591117	-0.480185	-0.322313	-0.126135	
0.0562356	0.0952108	0.123005	0.139651	0.147065	0.144898	0.133484	0.114483	0.0859534	0.0486695	0.0011245	-0.0583572	-0.131905	-0.216034	-0.31428	-0.419751	-0.528368	-0.631501	-0.72003	-0.781735	-0.80689	-0.784449	-0.708395	-0.579312	-0.393925	
-0.00402518	0.0212786	0.0375433	0.0480425	0.0513798	0.0489054	0.0423863	0.0284439	0.0124002	-0.0128412	-0.0432133	-0.0827123	-0.134291	-0.199227	-0.277166	-0.370833	-0.476743	-0.588887	-0.69552	-0.787013	-0.847176	-0.870152	-0.839146	-0.756809	-0.616618	
-0.101497	-0.0905103	-0.082774	-0.0775006	-0.0773186	-0.0780383	-0.0821644	-0.0893415	-0.0974671	-0.109391	-0.123911	-0.143727	-0.166247	-0.201846	-0.246842	-0.308455	-0.385492	-0.485667	-0.594733	-0.708774	-0.804744	-0.871258	-0.894544	-0.855461	-0.768293	
-0.190906	-0.183277	-0.177478	-0.175573	-0.17285	-0.174214	-0.177254	-0.18035	-0.188084	-0.192972	-0.200955	-0.209585	-0.217989	-0.228394	-0.245061	-0.273762	-0.315581	-0.380513	-0.471319	-0.579191	-0.699718	-0.799865	-0.878331	-0.900881	-0.857839	
-0.23271	-0.223971	-0.217032	-0.214276	-0.209142	-0.211745	-0.213101	-0.217293	-0.2252	-0.231967	-0.241576	-0.248304	-0.258162	-0.261206	-0.266289	-0.268183	-0.283049	-0.308017	-0.368667	-0.453343	-0.570165	-0.692831	-0.799227	-0.880749	-0.898711	
-0.222172	-0.215781	-0.208085	-0.202297	-0.201624	-0.199867	-0.202484	-0.207015	-0.211873	-0.222459	-0.232404	-0.244837	-0.259333	-0.270462	-0.282579	-0.287168	-0.287465	-0.286561	-0.302599	-0.355297	-0.443196	-0.569981	-0.698672	-0.812773	-0.884041	
-0.201236	-0.194359	-0.191833	-0.187647	-0.189072	-0.187164	-0.188574	-0.191774	-0.192656	-0.199651	-0.204873	-0.215722	-0.22815	-0.245952	-0.260274	-0.28214	-0.294484	-0.298067	-0.290947	-0.303915	-0.352933	-0.449563	-0.579598	-0.719843	-0.833151	
-0.196586	-0.194381	-0.194668	-0.193911	-0.193561	-0.193728	-0.1937	-0.194079	-0.195012	-0.195712	-0.198031	-0.199877	-0.204951	-0.216159	-0.228492	-0.248338	-0.275635	-0.296385	-0.297751	-0.291657	-0.303969	-0.36569	-0.471934	-0.609405	-0.752874	
-0.201674	-0.198128	-0.19776	-0.194458	-0.194669	-0.194144	-0.194042	-0.196706	-0.19722	-0.19934	-0.203242	-0.203708	-0.204074	-0.208601	-0.20929	-0.215482	-0.236893	-0.2751	-0.297601	-0.298213	-0.289195	-0.309265	-0.387215	-0.509897	-0.659221	
-0.189968	-0.183716	-0.181702	-0.17864	-0.176505	-0.178858	-0.177207	-0.180554	-0.185202	-0.185964	-0.19366	-0.201543	-0.202159	-0.21252	-0.219706	-0.213112	-0.209199	-0.23356	-0.274819	-0.296413	-0.293955	-0.290775	-0.328247	-0.422537	-0.566842	
-0.168894	-0.172773	-0.165316	-0.167391	-0.165492	-0.164431	-0.167595	-0.163499	-0.17048	-0.17038	-0.172289	-0.18387	-0.187208	-0.191691	-0.212247	-0.224719	-0.214477	-0.213933	-0.243236	-0.280751	-0.292449	-0.283451	-0.298694	-0.360134	-0.482914	
-0.170115	-0.173686	-0.16486	-0.170681	-0.168644	-0.165563	-0.172585	-0.165467	-0.171031	-0.172092	-0.167689	-0.174445	-0.180522	-0.176257	-0.186439	-0.21355	-0.220571	-0.209981	-0.22329	-0.257143	-0.289141	-0.285332	-0.282576	-0.316475	-0.414008	
-0.174212	-0.168907	-0.163315	-0.167136	-0.163119	-0.161002	-0.167247	-0.163374	-0.166961	-0.17253	-0.17459	-0.168972	-0.187868	-0.179011	-0.173071	-0.187157	-0.215101	-0.211349	-0.214797	-0.237523	-0.274121	-0.283641	-0.279237	-0.293759	-0.360485	
-0.165391	-0.148782	-0.159131	-0.151002	-0.15084	-0.155269	-0.147159	-0.159122	-0.150819	-0.156899	-0.168131	-0.159351	-0.174639	-0.187704	-0.185235	-0.180403	-0.20032	-0.204722	-0.207491	-0.223291	-0.26128	-0.282275	-0.275059	-0.279582	-0.324471	
-0.156891	-0.151141	-0.158857	-0.15146	-0.1526	-0.157059	-0.148907	-0.158145	-0.153818	-0.154021	-0.160302	-0.158664	-0.159443	-0.169526	-0.177416	-0.180617	-0.197987	-0.205258	-0.202205	-0.213339	-0.245046	-0.275522	-0.276103	-0.27325	-0.29991	
-0.157248	-0.154128	-0.15656	-0.150349	-0.152233	-0.153171	-0.149622	-0.155521	-0.153948	-0.156533	-0.159618	-0.16282	-0.161204	-0.16972	-0.170252	-0.171779	-0.188728	-0.202389	-0.200546	-0.204345	-0.234647	-0.270365	-0.274578	-0.268734	-0.283152	
-0.150751	-0.146824	-0.147631	-0.144022	-0.14401	-0.145159	-0.142807	-0.146875	-0.146582	-0.148653	-0.155362	-0.156607	-0.161	-0.171305	-0.173526	-0.166412	-0.180879	-0.199688	-0.200109	-0.201442	-0.222311	-0.26141	-0.274366	-0.269669	-0.273017	
-0.146824	-0.146731	-0.150844	-0.144509	-0.146494	-0.149689	-0.14299	-0.150242	-0.148046	-0.146781	-0.149561	-0.155936	-0.146157	-0.161422	-0.173102	-0.173578	-0.176847	-0.195562	-0.197205	-0.197649	-0.216141	-0.255387	-0.272105	-0.268147	-0.267422	
-0.147631	-0.150844	-0.145425	-0.144175	-0.145212	-0.142327	-0.145698	-0.143902	-0.148011	-0.150729	-0.15068	-0.159814	-0.15726	-0.162424	-0.163991	-0.164425	-0.173058	-0.194055	-0.198298	-0.196206	-0.21155	-0.249483	-0.269308	-0.268912	-0.264338	
-0.144022	-0.144509	-0.144175	-0.140769	-0.1423	-0.142382	-0.141119	-0.143159	-0.144724	-0.14363	-0.146685	-0.153808	-0.148932	-0.160807	-0.171166	-0.168649	-0.17186	-0.190801	-0.1965	-0.194829	-0.205655	-0.246334	-0.269876	-0.268257	-0.261673	
-0.14401	-0.146494	-0.145212	-0.1423	-0.14395	-0.143041	-0.142856	-0.144015	-0.145233	-0.146781	-0.146345	-0.15504	-0.148615	-0.158665	-0.166654	-0.167512	-0.168513	-0.190348	-0.196029	-0.195444	-0.206853	-0.242895	-0.266832	-0.268723	-0.262123	
-0.145159	-0.149689	-0.142327	-0.142382	-0.143041	-0.140059	-0.144359	-0.141187	-0.147027	-0.147581	-0.14782	-0.15835	-0.154902	-0.158933	-0.164155	-0.165078	-0.171134	-0.190615	-0.19682	-0.194067	-0.204736	-0.243361	-0.26791	-0.268666	-0.260786	
-0.142807	-0.14299	-0.145698	-0.141119	-0.142856	-0.144359	-0.140259	-0.14481	-0.143691	-0.14319	-0.145415	-0.151566	-0.144452	-0.159249	-0.171946	-0.170123	-0.169731	-0.1902	-0.195279	-0.195607	-0.205734	-0.244487	-0.269179	-0.268152	-0.261955	
-0.146875	-0.150242	-0.143902	-0.143159	-0.144015	-0.141187	-0.14481	-0.143117	-0.146912	-0.14989	-0.149902	-0.15932	-0.157594	-0.162601	-0.164609	-0.164178	-0.171605	-0.193097	-0.197992	-0.195846	-0.210641	-0.247606	-0.26812	-0.26895	-0.263404	
-0.146582	-0.148046	-0.148011	-0.144724	-0.145233	-0.147027	-0.143691	-0.146912	-0.148681	-0.146595	-0.149654	-0.156303	-0.149589	-0.160191	-0.170653	-0.170439	-0.176929	-0.195506	-0.196743	-0.197209	-0.211611	-0.252298	-0.273344	-0.26841	-0.265299	
-0.148653	-0.146781	-0.150729	-0.14363	-0.146781	-0.147581	-0.14319	-0.14989	-0.146595	-0.148591	-0.153131	-0.156403	-0.153159	-0.167169	-0.173754	-0.169956	-0.178029	-0.19664	-0.198852	-0.200172	-0.221204	-0.259652	-0.272193	-0.268449	-0.271022	
-0.155362	-0.149561	-0.15068	-0.146685	-0.146345	-0.14782	-0.145415	-0.149902	-0.149654	-0.153131	-0.157574	-0.15984	-0.164838	-0.172989	-0.171289	-0.167464	-0.185308	-0.201762	-0.201496	-0.202484	-0.228517	-0.266628	-0.274539	-0.269372	-0.278598	
-0.156607	-0.155936	-0.159814	-0.153808	-0.15504	-0.15835	-0.151566	-0.15932	-0.156303	-0.156403	-0.15984	-0.162357	-0.156657	-0.165165	-0.172274	-0.179265	-0.194459	-0.205494	-0.200774	-0.209157	-0.241387	-0.271964	-0.275983	-0.272369	-0.291713	
-0.161	-0.146157	-0.15726	-0.148932	-0.148615	-0.154902	-0.144452	-0.157594	-0.149589	-0.153159	-0.164838	-0.156657	-0.168734	-0.183469	-0.185996	-0.180182	-0.198783	-0.20382	-0.204144	-0.218566	-0.254001	-0.281968	-0.276439	-0.274854	-0.312616	
-0.171305	-0.161422	-0.162424	-0.160807	-0.158665	-0.158933	-0.159249	-0.162601	-0.160191	-0.167169	-0.172989	-0.165165	-0.183469	-0.183161	-0.176081	-0.182027	-0.208243	-0.209421	-0.212599	-0.232115	-0.270419	-0.281925	-0.275602	-0.287515	-0.344755	
-0.173526	-0.173102	-0.163991	-0.171166	-0.166654	-0.164155	-0.171946	-0.164609	-0.170653	-0.173754	-0.171289	-0.172274	-0.185996	-0.176081	-0.178096	-0.202356	-0.220992	-0.210993	-0.218789	-0.247708	-0.282713	-0.285477	-0.281193	-0.305434	-0.391017	
-0.166412	-0.173578	-0.164425	-0.168649	-0.167512	-0.165078	-0.170123	-0.164178	-0.170439	-0.169956	-0.167464	-0.179265	-0.180182	-0.182027	-0.202356	-0.224999	-0.217545	-0.210962	-0.233546	-0.271658	-0.29304	-0.282815	-0.290314	-0.341498	-0.453508	
-0.180879	-0.176847	-0.173058	-0.17186	-0.168513	-0.171134	-0.169731	-0.171605	-0.176929	-0.178029	-0.185308	-0.194459	-0.198783	-0.208243	-0.220992	-0.217545	-0.208051	-0.222424	-0.261279	-0.29149	-0.293451	-0.287848	-0.314903	-0.393852	-0.53087	
-0.199688	-0.195562	-0.194055	-0.190801	-0.190348	-0.190615	-0.1902	-0.193097	-0.195506	-0.19664	-0.201762	-0.205494	-0.20382	-0.209421	-0.210993	-0.210962	-0.222424	-0.258793	-0.292014	-0.299724	-0.291765	-0.297922	-0.358543	-0.47302	-0.622051	
-0.200109	-0.197205	-0.198298	-0.1965	-0.196029	-0.19682	-0.195279	-0.197992	-0.196743	-0.198852	-0.201496	-0.200774	-0.204144	-0.212599	-0.218789	-0.233546	-0.261279	-0.292014	-0.299383	-0.293312	-0.293466	-0.338556	-0.43624	-0.567787	-0.71533	
-0.201442	-0.197649	-0.196206	-0.194829	-0.195444	-0.194067	-0.195607	-0.195846	-0.197209	-0.200172	-0.202484	-0.209157	-0.218566	-0.232115	-0.247708	-0.271658	-0.29149	-0.299724	-0.293312	-0.295283	-0.329244	-0.412104	-0.533032	-0.676056	-0.804947	
-0.222311	-0.216141	-0.21155	-0.205655	-0.206853	-0.204736	-0.205734	-0.210641	-0.211611	-0.221204	-0.228517	-0.241387	-0.254001	-0.270419	-0.282713	-0.29304	-0.293451	-0.291765	-0.293466	-0.329244	-0.402006	-0.518627	-0.653101	-0.779406	-0.867011	
-0.26141	-0.255387	-0.249483	-0.246334	-0.242895	-0.243361	-0.244487	-0.247606	-0.252298	-0.259652	-0.266628	-0.271964	-0.281968	-0.281925	-0.285477	-0.282815	-0.287848	-0.297922	-0.338556	-0.412104	-0.518627	-0.646569	-0.761806	-0.856897	-0.899044	
-0.274366	-0.272105	-0.269308	-0.269876	-0.266832	-0.26791	-0.269179	-0.26812	-0.273344	-0.272193	-0.274539	-0.275983	-0.276439	-0.275602	-0.281193	-0.290314	-0.314903	-0.358543	-0.43624	-0.533032	-0.653101	-0.761806	-0.85283	-0.902049	-0.881476	
-0.269669	-0.268147	-0.268912	-0.268257	-0.268723	-0.268666	-0.268152	-0.26895	-0.26841	-0.268449	-0.269372	-0.272369	-0.274854	-0.287515	-0.305434	-0.341498	-0.393852	-0.47302	-0.567787	-0.676056	-0.779406	-0.856897	-0.902049	-0.882805	-0.810905	
-0.273017	-0.267422	-0.264338	-0.261673	-0.262123	-0.260786	-0.261955	-0.263404	-0.265299	-0.271022	-0.278598	-0.291713	-0.312616	-0.344755	-0.391017	-0.453508	-0.53087	-0.622051	-0.71533	-0.804947	-0.867011	-0.899044	-0.881476	-0.810905	-0.69109	
