0.00558354	-0.00882886	-0.0180003	-0.0280723	-0.0280209	-0.0304485	-0.0398904	-0.0395813	-0.0403974	-0.042854	-0.0436661	-0.0441125	-0.0483652	-0.0532747	-0.0481772	-0.0495382	-0.0588057	-0.0576706	-0.0549148	-0.059231	-0.0665435	-0.070409	-0.0653322	-0.0656191	-0.0801134	
-0.00884077	-0.0206852	-0.0284626	-0.0328033	-0.0336071	-0.0408263	-0.0432838	-0.0382893	-0.0417922	-0.0459794	-0.0470074	-0.0464874	-0.0496434	-0.051978	-0.04864	-0.05394	-0.0596698	-0.0560479	-0.0565758	-0.0626325	-0.0687353	-0.0696641	-0.0646639	-0.0699549	-0.0854063	
-0.0180123	-0.0284654	-0.0328817	-0.0392705	-0.0405936	-0.041993	-0.0405452	-0.0404477	-0.0473454	-0.0484044	-0.0454104	-0.0462717	-0.0529158	-0.0526927	-0.0488722	-0.056488	-0.060264	-0.0562412	-0.0586466	-0.0652271	-0.0703614	-0.0687979	-0.0653729	-0.075593	-0.0896715	
-0.028081	-0.032806	-0.039271	-0.0418726	-0.0363759	-0.0419997	-0.0435225	-0.0454446	-0.0490428	-0.0454033	-0.0458925	-0.051207	-0.05395	-0.0496266	-0.0516052	-0.061198	-0.0592255	-0.0553787	-0.0616678	-0.0688251	-0.0711717	-0.0672936	-0.0679086	-0.0822729	-0.092241	
-0.0280264	-0.0336089	-0.0405941	-0.036376	-0.041299	-0.0499722	-0.0446604	-0.0457305	-0.0465509	-0.0461327	-0.0497246	-0.0519871	-0.0530125	-0.0513825	-0.0560631	-0.0611359	-0.0567945	-0.0582307	-0.0664072	-0.070631	-0.0700471	-0.0669593	-0.0732417	-0.088631	-0.0923053	
-0.0304517	-0.0408274	-0.0419933	-0.0419998	-0.0499723	-0.0453675	-0.0396613	-0.0462576	-0.0492222	-0.0494611	-0.0504804	-0.0538905	-0.0537281	-0.0509451	-0.0584642	-0.0621225	-0.0575873	-0.0616715	-0.0689235	-0.0711629	-0.0695305	-0.0689514	-0.0800424	-0.092993	-0.0902824	
-0.0398921	-0.0432843	-0.0405453	-0.0435226	-0.0446604	-0.0396613	-0.0453668	-0.0544266	-0.0507353	-0.0474886	-0.0519978	-0.0546862	-0.0510162	-0.0550084	-0.0645187	-0.060394	-0.0567239	-0.065713	-0.0720874	-0.0715828	-0.0691117	-0.072875	-0.0873875	-0.0947507	-0.0872109	
-0.0395822	-0.0382896	-0.0404478	-0.0454447	-0.0457305	-0.0462576	-0.0544266	-0.0517605	-0.0430829	-0.0494043	-0.0564766	-0.0543995	-0.0540383	-0.0609483	-0.0624707	-0.0567154	-0.0616468	-0.0717702	-0.072942	-0.0701087	-0.0701713	-0.0798906	-0.09377	-0.0931364	-0.0846895	
-0.0403978	-0.0417924	-0.0473454	-0.0490428	-0.0465509	-0.0492222	-0.0507353	-0.0430829	-0.0481906	-0.0596367	-0.0572999	-0.0528681	-0.055599	-0.0618206	-0.0617914	-0.059894	-0.0675316	-0.0736802	-0.0716162	-0.0699624	-0.0749739	-0.0882911	-0.096351	-0.0891114	-0.0854266	
-0.0428541	-0.0459794	-0.0484044	-0.0454034	-0.0461327	-0.0494611	-0.0474886	-0.0494043	-0.0596367	-0.0582914	-0.0505497	-0.0526559	-0.0614793	-0.0665418	-0.061029	-0.0610938	-0.0722737	-0.0750197	-0.070512	-0.0722876	-0.0826607	-0.0947688	-0.0944834	-0.0859945	-0.0913791	
-0.0436662	-0.0470074	-0.0454104	-0.0458926	-0.0497246	-0.0504804	-0.0519978	-0.0564766	-0.0572999	-0.0505497	-0.0520104	-0.0625984	-0.0677877	-0.0619542	-0.0574567	-0.0690631	-0.078457	-0.0722883	-0.069881	-0.0789373	-0.0910522	-0.096745	-0.0903769	-0.0872326	-0.102388	
-0.0441125	-0.0464874	-0.0462717	-0.051207	-0.0519871	-0.0538905	-0.0546862	-0.0543995	-0.0528681	-0.0526559	-0.0625984	-0.0675503	-0.0614963	-0.0579679	-0.0667069	-0.0784028	-0.0750201	-0.0686771	-0.0760929	-0.0880355	-0.0956883	-0.0946055	-0.0880072	-0.094528	-0.116619	
-0.0483652	-0.0496434	-0.0529158	-0.05395	-0.0530125	-0.0537281	-0.0510162	-0.0540383	-0.055599	-0.0614793	-0.0677877	-0.0614963	-0.0589887	-0.0661699	-0.0751984	-0.076965	-0.0707634	-0.0733779	-0.0852177	-0.0938817	-0.0964518	-0.0915525	-0.0903846	-0.107661	-0.131345	
-0.0532747	-0.051978	-0.0526927	-0.0496266	-0.0513825	-0.0509451	-0.0550084	-0.0609483	-0.0618206	-0.0665418	-0.0619542	-0.0579679	-0.0661699	-0.0732427	-0.0775064	-0.0749839	-0.0714834	-0.0809266	-0.0930001	-0.0972305	-0.0945222	-0.0900836	-0.0999416	-0.124778	-0.142659	
-0.0481772	-0.04864	-0.0488722	-0.0516052	-0.0560631	-0.0584642	-0.0645187	-0.0624707	-0.0617914	-0.061029	-0.0574567	-0.0667069	-0.0751984	-0.0775064	-0.0771737	-0.0707743	-0.0760642	-0.0927922	-0.0990611	-0.095467	-0.091098	-0.0956186	-0.117314	-0.140392	-0.146753	
-0.0495382	-0.05394	-0.056488	-0.061198	-0.0611359	-0.0621225	-0.060394	-0.0567154	-0.059894	-0.0610938	-0.0690631	-0.0784028	-0.076965	-0.0749839	-0.0707743	-0.0738446	-0.0926937	-0.101729	-0.0951337	-0.0910214	-0.0947237	-0.111261	-0.136137	-0.148078	-0.143782	
-0.0588057	-0.0596698	-0.060264	-0.0592255	-0.0567945	-0.0575873	-0.0567239	-0.0616468	-0.0675316	-0.0722737	-0.078457	-0.0750201	-0.0707634	-0.0714834	-0.0760642	-0.0926937	-0.103043	-0.0947011	-0.0898024	-0.0955633	-0.108144	-0.13069	-0.148226	-0.146581	-0.137874	
-0.0576706	-0.0560479	-0.0562412	-0.0553787	-0.0582307	-0.0616715	-0.065713	-0.0717702	-0.0736802	-0.0750197	-0.0722883	-0.0686771	-0.0733779	-0.0809266	-0.0927922	-0.101729	-0.0947011	-0.0890763	-0.096406	-0.107435	-0.125838	-0.146799	-0.149866	-0.139394	-0.134628	
-0.0549148	-0.0565758	-0.0586466	-0.0616678	-0.0664072	-0.0689235	-0.0720874	-0.072942	-0.0716162	-0.070512	-0.069881	-0.0760929	-0.0852177	-0.0930001	-0.0990611	-0.0951337	-0.0898024	-0.096406	-0.107485	-0.123074	-0.144837	-0.152641	-0.141532	-0.133754	-0.140723	
-0.059231	-0.0626325	-0.0652271	-0.0688251	-0.070631	-0.0711629	-0.0715828	-0.0701087	-0.0699624	-0.0722876	-0.0789373	-0.0880355	-0.0938817	-0.0972305	-0.095467	-0.0910214	-0.0955633	-0.107435	-0.123074	-0.143935	-0.154161	-0.14357	-0.132839	-0.139121	-0.161993	
-0.0665435	-0.0687353	-0.0703614	-0.0711717	-0.0700471	-0.0695305	-0.0691117	-0.0701713	-0.0749739	-0.0826607	-0.0910522	-0.0956883	-0.0964518	-0.0945222	-0.091098	-0.0947237	-0.108144	-0.125838	-0.144837	-0.154161	-0.144417	-0.132324	-0.137724	-0.160238	-0.202398	
-0.070409	-0.0696641	-0.0687979	-0.0672936	-0.0669593	-0.0689514	-0.072875	-0.0798906	-0.0882911	-0.0947688	-0.096745	-0.0946055	-0.0915525	-0.0900836	-0.0956186	-0.111261	-0.13069	-0.146799	-0.152641	-0.14357	-0.132324	-0.137158	-0.159495	-0.198989	-0.264978	
-0.0653322	-0.0646639	-0.0653729	-0.0679086	-0.0732417	-0.0800424	-0.0873875	-0.09377	-0.096351	-0.0944834	-0.0903769	-0.0880072	-0.0903846	-0.0999416	-0.117314	-0.136137	-0.148226	-0.149866	-0.141532	-0.132839	-0.137724	-0.159495	-0.197979	-0.260714	-0.34544	
-0.0656191	-0.0699549	-0.075593	-0.0822729	-0.088631	-0.092993	-0.0947507	-0.0931364	-0.0891114	-0.0859945	-0.0872326	-0.094528	-0.107661	-0.124778	-0.140392	-0.148078	-0.146581	-0.139394	-0.133754	-0.139121	-0.160238	-0.198989	-0.260714	-0.343095	-0.42707	
-0.0801134	-0.0854063	-0.0896715	-0.092241	-0.0923053	-0.0902824	-0.0872109	-0.0846895	-0.0854266	-0.0913791	-0.102388	-0.116619	-0.131345	-0.142659	-0.146753	-0.143782	-0.137874	-0.134628	-0.140723	-0.161993	-0.202398	-0.264978	-0.34544	-0.42707	-0.493389	
-0.0895985	-0.0901464	-0.0892698	-0.0872293	-0.0849028	-0.0837426	-0.0850168	-0.0900044	-0.0992149	-0.111469	-0.124569	-0.13615	-0.143752	-0.145416	-0.141783	-0.136579	-0.134787	-0.142303	-0.165563	-0.209179	-0.273657	-0.35227	-0.430416	-0.494536	-0.540036	
-0.08616	-0.0845902	-0.0833429	-0.0831951	-0.0851513	-0.0898983	-0.0976778	-0.10819	-0.12009	-0.131384	-0.140164	-0.144772	-0.14422	-0.139526	-0.134384	-0.134113	-0.14477	-0.172409	-0.220438	-0.286761	-0.363019	-0.436874	-0.498025	-0.541886	-0.563622	
-0.0823021	-0.0830375	-0.0854994	-0.0902223	-0.0974615	-0.10694	-0.117893	-0.128909	-0.138119	-0.143839	-0.144981	-0.141519	-0.135402	-0.130973	-0.134013	-0.150282	-0.184194	-0.236771	-0.303873	-0.376946	-0.446181	-0.503999	-0.545571	-0.564543	-0.550275	
-0.0862185	-0.0914875	-0.0988935	-0.108217	-0.118716	-0.129182	-0.138061	-0.143707	-0.144983	-0.141817	-0.135577	-0.129442	-0.128271	-0.137453	-0.161318	-0.201878	-0.257842	-0.324195	-0.393489	-0.458293	-0.512617	-0.550892	-0.56546	-0.54669	-0.488643	
-0.103512	-0.112938	-0.122903	-0.132287	-0.139747	-0.144017	-0.144249	-0.140479	-0.134011	-0.127488	-0.124711	-0.130078	-0.1475	-0.179212	-0.225106	-0.282624	-0.34708	-0.412624	-0.473422	-0.523811	-0.557208	-0.565387	-0.540345	-0.478761	-0.384687	
-0.129746	-0.136918	-0.141819	-0.143632	-0.141993	-0.137257	-0.130696	-0.124559	-0.121854	-0.125902	-0.139742	-0.16543	-0.203468	-0.252658	-0.310328	-0.372636	-0.434871	-0.491679	-0.53689	-0.563218	-0.56295	-0.530333	-0.464446	-0.369605	-0.251671	
-0.141996	-0.141006	-0.137505	-0.132099	-0.126016	-0.121075	-0.119538	-0.123821	-0.136122	-0.158058	-0.190374	-0.23276	-0.28385	-0.341297	-0.401738	-0.460662	-0.512376	-0.550183	-0.56698	-0.556618	-0.515827	-0.445429	-0.34934	-0.231515	-0.0937067	
-0.130877	-0.125731	-0.120947	-0.117909	-0.118227	-0.123583	-0.135542	-0.155364	-0.183842	-0.22118	-0.266864	-0.319529	-0.376786	-0.435015	-0.489258	-0.533446	-0.561079	-0.566284	-0.545064	-0.496253	-0.421451	-0.323554	-0.204804	-0.0663666	0.0892988	
-0.116747	-0.115993	-0.118417	-0.125208	-0.137528	-0.156416	-0.182678	-0.216762	-0.258593	-0.307358	-0.361264	-0.417332	-0.471333	-0.517985	-0.551532	-0.566626	-0.559269	-0.527463	-0.471265	-0.392087	-0.291534	-0.170692	-0.0309067	0.123964	0.285608	
-0.120455	-0.128927	-0.142237	-0.161285	-0.186832	-0.219365	-0.258921	-0.304876	-0.355722	-0.40891	-0.460831	-0.507016	-0.542597	-0.562967	-0.564475	-0.544892	-0.50345	-0.44042	-0.356445	-0.252084	-0.128107	0.0132421	0.16663	0.3231	0.471798	
-0.151056	-0.171453	-0.197675	-0.23007	-0.268564	-0.312493	-0.360448	-0.410185	-0.458653	-0.502178	-0.536818	-0.558824	-0.565094	-0.553481	-0.522808	-0.472599	-0.40268	-0.312953	-0.203624	-0.0760163	0.0663055	0.216824	0.366607	0.50637	0.6291	
-0.217759	-0.250743	-0.288604	-0.330566	-0.375278	-0.42078	-0.464568	-0.503737	-0.535237	-0.556159	-0.564007	-0.556858	-0.533355	-0.492544	-0.433663	-0.356068	-0.259479	-0.144584	-0.0138504	0.127889	0.273565	0.415023	0.544896	0.658232	0.752719	
-0.31916	-0.358352	-0.398893	-0.439155	-0.477171	-0.510751	-0.537625	-0.555611	-0.562741	-0.557331	-0.537959	-0.503376	-0.452436	-0.384136	-0.297871	-0.193922	-0.0740497	0.0580609	0.196822	0.335428	0.467116	0.586503	0.690266	0.776597	0.843594	
-0.427859	-0.462025	-0.493604	-0.520992	-0.542524	-0.556552	-0.561488	-0.555827	-0.538129	-0.506994	-0.46108	-0.399221	-0.32068	-0.225542	-0.115145	0.00761121	0.138267	0.271259	0.400773	0.521729	0.630456	0.724628	0.802366	0.860947	0.895984	
-0.50895	-0.530357	-0.546645	-0.556485	-0.558506	-0.5513	-0.533438	-0.50349	-0.460099	-0.402128	-0.328893	-0.240464	-0.137968	-0.0237771	0.0985101	0.224395	0.349067	0.468097	0.577966	0.676149	0.760636	0.82904	0.877812	0.902148	0.89701	
-0.543325	-0.549338	-0.548353	-0.539024	-0.519956	-0.489777	-0.447246	-0.391402	-0.321754	-0.238489	-0.14266	-0.0362893	0.0776914	0.195676	0.313794	0.428377	0.536326	0.635201	0.72294	0.797276	0.85513	0.892359	0.90423	0.886664	0.837921	
-0.519623	-0.508153	-0.487731	-0.457117	-0.415226	-0.361287	-0.295004	-0.216695	-0.127387	-0.0288364	0.0765508	0.185907	0.296182	0.404438	0.50808	0.604898	0.692881	0.769829	0.832921	0.878487	0.902231	0.90002	0.869122	0.809495	0.724619	
-0.420016	-0.389648	-0.349547	-0.299091	-0.238019	-0.166582	-0.0856203	0.00344171	0.0986891	0.19788	0.29864	0.398655	0.495786	0.58807	0.673581	0.750161	0.815132	0.865141	0.896292	0.904665	0.887202	0.842743	0.772867	0.682206	0.577995	
-0.231874	-0.186657	-0.133363	-0.0720338	-0.00303167	0.072867	0.154459	0.240201	0.328357	0.417132	0.504753	0.589452	0.669361	0.742328	0.805744	0.856454	0.890873	0.905362	0.89687	0.863716	0.806319	0.727618	0.632986	0.52956	0.425144	
0.0331128	0.0835906	0.138777	0.198518	0.262573	0.330459	0.40137	0.4742	0.547604	0.620029	0.689677	0.754413	0.81168	0.858473	0.89146	0.907277	0.903009	0.876785	0.828353	0.759494	0.674083	0.57775	0.47714	0.378942	0.288917	
0.342741	0.38979	0.438009	0.487558	0.538715	0.591531	0.64559	0.699933	0.75309	0.803123	0.847661	0.883952	0.908995	0.919777	0.91364	0.88873	0.844444	0.781779	0.703459	0.613777	0.518123	0.42229	0.331689	0.250651	0.18197	
0.662862	0.703688	0.742327	0.779016	0.814309	0.848464	0.881053	0.910892	0.936173	0.954665	0.963929	0.961548	0.945397	0.913962	0.866657	0.804092	0.728204	0.642196	0.550265	0.457129	0.367454	0.285279	0.213559	0.153925	0.106683	
0.963407	0.999539	1.02955	1.05317	1.07089	1.08294	1.08882	1.08733	1.07685	1.05575	1.02268	0.976815	0.918083	0.847287	0.766177	0.677401	0.584331	0.490756	0.400492	0.316967	0.242853	0.179829	0.128504	0.0885013	0.0586863	
1.20905	1.24212	1.26389	1.27365	1.27213	1.25978	1.23637	1.2012	1.15359	1.09327	1.0207	0.937151	0.844713	0.746178	0.644837	0.544212	0.447751	0.358512	0.278891	0.210436	0.153774	0.108668	0.0741691	0.0488519	0.0310641	
1.35503	1.38781	1.39989	1.39489	1.37486	1.3408	1.29297	1.23139	1.15639	1.06901	0.971183	0.865661	0.75583	0.645424	0.538186	0.437539	0.346288	0.266409	0.198939	0.143996	0.100896	0.0683541	0.0447335	0.0282879	0.0174061	
