0.592122	0.48319	0.382099	0.300216	0.235955	0.18305	0.14747	0.114787	0.090288	0.0697791	0.0445985	0.0276577	0.0145079	0.00183828	-0.0101245	-0.0180944	-0.0239718	-0.0349306	-0.0387901	-0.0376776	-0.0443326	-0.0503766	-0.0511564	-0.0500528	-0.0521851	
0.482638	0.375215	0.282508	0.211654	0.154203	0.111844	0.0855129	0.0581533	0.0386073	0.0227657	0.00810727	-0.000168907	-0.00873381	-0.0179272	-0.027917	-0.0309748	-0.0328319	-0.0416242	-0.0429609	-0.0418918	-0.0482167	-0.05226	-0.0519174	-0.0509619	-0.0550973	
0.381327	0.28225	0.202013	0.1394	0.0902671	0.0608636	0.0381134	0.0147643	0.0061953	-0.00237798	-0.0125819	-0.0188372	-0.0256262	-0.0317977	-0.0356675	-0.0344654	-0.0396295	-0.0473624	-0.0436194	-0.0438648	-0.051735	-0.05364	-0.0517531	-0.0519447	-0.0585875	
0.299446	0.211328	0.139301	0.0845656	0.0473907	0.0235911	0.00326826	-0.00743501	-0.00996375	-0.0207606	-0.0284134	-0.0303887	-0.0328044	-0.0366056	-0.0396459	-0.0393889	-0.0447748	-0.0475478	-0.0434321	-0.0479842	-0.0541908	-0.0529205	-0.0517087	-0.0543855	-0.0622178	
0.235302	0.153905	0.0901522	0.0473588	0.0165209	-0.00102816	-0.011721	-0.0188163	-0.0249212	-0.0338376	-0.034209	-0.0330274	-0.0375092	-0.0427361	-0.0416914	-0.040422	-0.0476754	-0.048287	-0.0446117	-0.0506562	-0.0547179	-0.0528294	-0.0529422	-0.057224	-0.0649673	
0.182552	0.111613	0.0607671	0.0235568	-0.00103698	-0.0106608	-0.0248697	-0.0314958	-0.0334414	-0.0369045	-0.0343171	-0.0377896	-0.0434124	-0.0429027	-0.0405294	-0.0449741	-0.0508287	-0.0458007	-0.0454446	-0.0544713	-0.0555365	-0.0524161	-0.0541961	-0.0606424	-0.0670686	
0.14712	0.0853502	0.0380439	0.00324153	-0.0117298	-0.0248718	-0.036064	-0.0313315	-0.0340398	-0.0378454	-0.0384454	-0.0431645	-0.0433239	-0.0425849	-0.0436315	-0.047517	-0.0488484	-0.0453246	-0.0505993	-0.0568722	-0.0535282	-0.0524537	-0.0574988	-0.0644636	-0.0672847	
0.114556	0.0580472	0.014719	-0.00745291	-0.0188227	-0.0314978	-0.031332	-0.030877	-0.0411942	-0.0429171	-0.0414537	-0.0423439	-0.0432206	-0.0437695	-0.0440322	-0.0495494	-0.0500358	-0.0468679	-0.0531246	-0.0562813	-0.0530143	-0.0551773	-0.0611661	-0.0665863	-0.0659464	
0.0901437	0.0385423	0.00616776	-0.00997465	-0.0249252	-0.0334427	-0.0340402	-0.0411943	-0.0462775	-0.0392993	-0.0380514	-0.0438614	-0.045528	-0.0440633	-0.048134	-0.0524115	-0.0466571	-0.04749	-0.0573215	-0.0567245	-0.0532574	-0.057795	-0.0642815	-0.0677403	-0.0644115	
0.0696934	0.022728	-0.00239371	-0.0207667	-0.0338399	-0.0369053	-0.0378456	-0.0429172	-0.0392993	-0.035082	-0.045188	-0.049661	-0.0446676	-0.0453949	-0.0502478	-0.0487731	-0.0464775	-0.0548739	-0.0596212	-0.0536478	-0.054255	-0.0621006	-0.06746	-0.0673542	-0.0631657	
0.04455	0.00808638	-0.0125904	-0.0284167	-0.0342102	-0.0343175	-0.0384455	-0.0414537	-0.0380514	-0.045188	-0.0522218	-0.0440328	-0.0414705	-0.0481013	-0.0515082	-0.0499425	-0.0511877	-0.0574085	-0.0566245	-0.0532624	-0.0591014	-0.0664537	-0.0683735	-0.0654556	-0.0643931	
0.0276314	-0.000179949	-0.0188416	-0.0303904	-0.033028	-0.0377898	-0.0431646	-0.0423439	-0.0438614	-0.049661	-0.0440328	-0.0393372	-0.0481148	-0.0544272	-0.0524058	-0.0483858	-0.0523272	-0.0595009	-0.0566148	-0.0554505	-0.0637414	-0.0689479	-0.0673504	-0.0645089	-0.0697105	
0.0144943	-0.00873939	-0.0256283	-0.0328052	-0.0375095	-0.0434125	-0.043324	-0.0432206	-0.0455281	-0.0446676	-0.0414705	-0.0481148	-0.0558684	-0.0522606	-0.0465224	-0.0497225	-0.0604579	-0.0610452	-0.0534024	-0.0589854	-0.0694624	-0.0692595	-0.0653012	-0.0669653	-0.078214	
0.00183149	-0.0179299	-0.0317987	-0.036606	-0.0427362	-0.0429027	-0.042585	-0.0437695	-0.0440633	-0.0453949	-0.0481013	-0.0544272	-0.0522606	-0.0457604	-0.0500877	-0.0602497	-0.0622838	-0.0540216	-0.0551423	-0.0683906	-0.0715712	-0.0658685	-0.0659588	-0.0739663	-0.0863625	
-0.0101278	-0.0279182	-0.035668	-0.0396461	-0.0416915	-0.0405294	-0.0436316	-0.0440322	-0.048134	-0.0502478	-0.0515082	-0.0524058	-0.0465224	-0.0500877	-0.0600649	-0.0610731	-0.0557934	-0.0549026	-0.0652298	-0.0724754	-0.0675224	-0.0653527	-0.071749	-0.0820933	-0.0909119	
-0.0180959	-0.0309754	-0.0344656	-0.039389	-0.040422	-0.0449741	-0.047517	-0.0495494	-0.0524115	-0.0487731	-0.0499425	-0.0483858	-0.0497225	-0.0602497	-0.0610731	-0.0566536	-0.0565804	-0.0617579	-0.0706928	-0.0707936	-0.0658909	-0.0695865	-0.0790146	-0.088704	-0.0914531	
-0.0239724	-0.0328321	-0.0396296	-0.0447749	-0.0476755	-0.0508287	-0.0488484	-0.0500358	-0.0466571	-0.0464775	-0.0511877	-0.0523272	-0.0604579	-0.0622838	-0.0557934	-0.0565804	-0.0602815	-0.0682433	-0.0741808	-0.068152	-0.0664665	-0.0764813	-0.0871713	-0.0923464	-0.0877509	
-0.0349309	-0.0416243	-0.0473625	-0.0475478	-0.048287	-0.0458007	-0.0453246	-0.0468679	-0.04749	-0.0548739	-0.0574085	-0.0595009	-0.0610452	-0.0540216	-0.0549026	-0.0617579	-0.0682433	-0.0756084	-0.0704525	-0.0634135	-0.0737138	-0.0874971	-0.0922929	-0.0897298	-0.0835401	
-0.0387902	-0.0429609	-0.0436194	-0.0434321	-0.0446117	-0.0454446	-0.0505993	-0.0531246	-0.0573215	-0.0596212	-0.0566245	-0.0566148	-0.0534024	-0.0551423	-0.0652298	-0.0706928	-0.0741808	-0.0704525	-0.0621391	-0.0715917	-0.0887735	-0.0926354	-0.089414	-0.0854187	-0.0867497	
-0.0376776	-0.0418918	-0.0438648	-0.0479842	-0.0506562	-0.0544713	-0.0568722	-0.0562813	-0.0567245	-0.0536478	-0.0532624	-0.0554505	-0.0589854	-0.0683906	-0.0724754	-0.0707936	-0.068152	-0.0634135	-0.0715917	-0.0894344	-0.0932216	-0.0880933	-0.0864973	-0.0873369	-0.0995371	
-0.0443326	-0.0482167	-0.051735	-0.0541908	-0.0547179	-0.0555365	-0.0535282	-0.0530143	-0.0532574	-0.054255	-0.0591014	-0.0637414	-0.0694624	-0.0715712	-0.0675224	-0.0658909	-0.0664665	-0.0737138	-0.0887735	-0.0932216	-0.0874191	-0.0867458	-0.0888254	-0.0967049	-0.118814	
-0.0503766	-0.05226	-0.05364	-0.0529205	-0.0528294	-0.0524161	-0.0524537	-0.0551773	-0.057795	-0.0621006	-0.0664537	-0.0689479	-0.0692595	-0.0658685	-0.0653527	-0.0695865	-0.0764813	-0.0874971	-0.0926354	-0.0880933	-0.0867458	-0.0895411	-0.0956203	-0.115103	-0.137895	
-0.0511564	-0.0519174	-0.0517531	-0.0517087	-0.0529422	-0.0541961	-0.0574988	-0.0611661	-0.0642815	-0.06746	-0.0683735	-0.0673504	-0.0653012	-0.0659588	-0.071749	-0.0790146	-0.0871713	-0.0922929	-0.089414	-0.0864973	-0.0888254	-0.0956203	-0.11371	-0.137199	-0.144265	
-0.0500528	-0.0509619	-0.0519447	-0.0543855	-0.057224	-0.0606424	-0.0644636	-0.0665863	-0.0677403	-0.0673542	-0.0654556	-0.0645089	-0.0669653	-0.0739663	-0.0820933	-0.088704	-0.0923464	-0.0897298	-0.0854187	-0.0873369	-0.0967049	-0.115103	-0.137199	-0.14496	-0.135355	
-0.0521851	-0.0550973	-0.0585875	-0.0622178	-0.0649673	-0.0670686	-0.0672847	-0.0659464	-0.0644115	-0.0631657	-0.0643931	-0.0697105	-0.078214	-0.0863625	-0.0909119	-0.0914531	-0.0877509	-0.0835401	-0.0867497	-0.0995371	-0.118814	-0.137895	-0.144265	-0.135355	-0.126469	
-0.0616294	-0.0643579	-0.0662386	-0.0665532	-0.0656644	-0.0639209	-0.0618293	-0.0612968	-0.0631503	-0.0679309	-0.0757539	-0.0843101	-0.0901105	-0.0910627	-0.0882152	-0.0840343	-0.0823291	-0.0888058	-0.104491	-0.123583	-0.138617	-0.142425	-0.134662	-0.126702	-0.128379	
-0.0651866	-0.0641708	-0.0623964	-0.0604622	-0.0594472	-0.059933	-0.0628744	-0.0684824	-0.075675	-0.0831913	-0.0888334	-0.0903478	-0.0876764	-0.083419	-0.0811148	-0.0838056	-0.0940312	-0.110817	-0.127906	-0.138726	-0.140118	-0.133716	-0.127243	-0.128569	-0.141193	
-0.0583481	-0.0577025	-0.0582337	-0.0605604	-0.0647661	-0.0705307	-0.0772188	-0.0833059	-0.0873984	-0.0885754	-0.0864953	-0.0826174	-0.0800064	-0.0815459	-0.0886303	-0.101199	-0.117005	-0.130938	-0.138317	-0.138182	-0.132902	-0.127611	-0.128665	-0.141685	-0.173604	
-0.0600076	-0.0636669	-0.0684071	-0.0738181	-0.0790974	-0.083465	-0.0860429	-0.0862745	-0.0844873	-0.08163	-0.0794611	-0.0802897	-0.0856384	-0.0954561	-0.108433	-0.122173	-0.133086	-0.138112	-0.136988	-0.131979	-0.127135	-0.128477	-0.143161	-0.178014	-0.236047	
-0.0725899	-0.0767933	-0.0804765	-0.0831157	-0.084342	-0.0840619	-0.0824884	-0.0804398	-0.0791203	-0.0798433	-0.0838716	-0.0917088	-0.102646	-0.115091	-0.12689	-0.135391	-0.138406	-0.135839	-0.130048	-0.12542	-0.128452	-0.146684	-0.185655	-0.245329	-0.317936	
-0.0808713	-0.0822752	-0.0826795	-0.0820957	-0.0808144	-0.0793632	-0.0785591	-0.0794075	-0.0827818	-0.089254	-0.0987662	-0.110314	-0.122142	-0.132092	-0.137915	-0.138095	-0.133181	-0.126373	-0.12304	-0.129946	-0.153582	-0.197148	-0.258099	-0.328443	-0.398369	
-0.0807971	-0.0800225	-0.0788481	-0.0777383	-0.0773455	-0.0784356	-0.0817838	-0.0879024	-0.0968134	-0.107875	-0.119638	-0.13005	-0.136974	-0.138775	-0.135129	-0.12794	-0.121559	-0.121882	-0.134899	-0.164925	-0.21259	-0.273909	-0.341692	-0.40851	-0.46864	
-0.0749206	-0.0743669	-0.0747809	-0.076815	-0.0810487	-0.0878325	-0.0970819	-0.108105	-0.119587	-0.129706	-0.136508	-0.138523	-0.135414	-0.128507	-0.121081	-0.118004	-0.12455	-0.144913	-0.180974	-0.231507	-0.292313	-0.35762	-0.421733	-0.479277	-0.523618	
-0.070553	-0.074737	-0.0809783	-0.0893328	-0.0994679	-0.110586	-0.121428	-0.130443	-0.136104	-0.137336	-0.134024	-0.127379	-0.120033	-0.115772	-0.118865	-0.13302	-0.160409	-0.20115	-0.253306	-0.313294	-0.376612	-0.43829	-0.492458	-0.531507	-0.546487	
-0.0804627	-0.0907467	-0.101778	-0.112712	-0.122461	-0.12985	-0.13386	-0.133943	-0.13031	-0.124145	-0.11762	-0.113667	-0.115524	-0.126145	-0.147601	-0.180665	-0.224738	-0.277992	-0.337499	-0.399263	-0.458077	-0.507279	-0.538952	-0.545349	-0.52146	
-0.0972665	-0.107766	-0.116411	-0.122458	-0.125387	-0.125087	-0.122015	-0.117283	-0.112627	-0.110249	-0.112538	-0.121737	-0.139622	-0.167268	-0.204906	-0.251864	-0.306476	-0.365869	-0.425704	-0.480113	-0.522044	-0.544249	-0.540925	-0.509381	-0.450488	
-0.0928559	-0.0990243	-0.102715	-0.104063	-0.103573	-0.102153	-0.101086	-0.101939	-0.106429	-0.116252	-0.132925	-0.157635	-0.191095	-0.233366	-0.28362	-0.339845	-0.398565	-0.454767	-0.502243	-0.534435	-0.545648	-0.532247	-0.493267	-0.429868	-0.343775	
-0.054787	-0.0602212	-0.0647224	-0.0689227	-0.073676	-0.0800285	-0.0891719	-0.102381	-0.120936	-0.146009	-0.178506	-0.218846	-0.266665	-0.320505	-0.377562	-0.433646	-0.483465	-0.521306	-0.54198	-0.54172	-0.518673	-0.472705	-0.404534	-0.31474	-0.20354	
0.00676825	-0.00432423	-0.0164686	-0.0303665	-0.046847	-0.0668384	-0.0913181	-0.121227	-0.157323	-0.199975	-0.248891	-0.302853	-0.35952	-0.415415	-0.466172	-0.50705	-0.533623	-0.542439	-0.531386	-0.499594	-0.446923	-0.373339	-0.278685	-0.163294	-0.0293857	
0.0798407	0.0584557	0.0337335	0.00498165	-0.0284777	-0.0672064	-0.111522	-0.161344	-0.216031	-0.274222	-0.333744	-0.391634	-0.444336	-0.488065	-0.519266	-0.535043	-0.533389	-0.513121	-0.473555	-0.414131	-0.334287	-0.23387	-0.11408	0.0214564	0.166203	
0.148502	0.11318	0.0721142	0.0250278	-0.0280377	-0.0865705	-0.149473	-0.215014	-0.280862	-0.34421	-0.401967	-0.451017	-0.488498	-0.512024	-0.519787	-0.510487	-0.483121	-0.436776	-0.370605	-0.28416	-0.178077	-0.0548868	0.0804986	0.221084	0.359041	
0.185298	0.13677	0.0817083	0.0206606	-0.0453334	-0.114641	-0.18503	-0.253793	-0.317976	-0.374646	-0.421125	-0.455123	-0.474765	-0.478508	-0.465001	-0.432995	-0.381399	-0.309575	-0.217861	-0.108161	0.0156594	0.147898	0.281788	0.410759	0.529664	
0.170634	0.118687	0.0617645	0.000830411	-0.0627943	-0.127336	-0.19056	-0.249888	-0.302616	-0.346127	-0.378024	-0.396144	-0.398513	-0.383334	-0.34909	-0.294809	-0.220481	-0.12749	-0.0189006	0.100619	0.225321	0.349277	0.46735	0.575787	0.672072	
0.1086	0.0677015	0.0244147	-0.0206841	-0.0668761	-0.113077	-0.157663	-0.198449	-0.23284	-0.258067	-0.271404	-0.270338	-0.252745	-0.217117	-0.162862	-0.0906231	-0.00247663	0.0981013	0.206591	0.31806	0.427885	0.532285	0.628394	0.713768	0.78554	
0.0138249	-0.00579038	-0.02498	-0.0438026	-0.0622993	-0.0801431	-0.0963087	-0.108957	-0.115626	-0.113633	-0.100513	-0.0743748	-0.0341645	0.0201644	0.0875655	0.165948	0.252399	0.343561	0.436083	0.526975	0.613689	0.693861	0.764767	0.822762	0.863093	
-0.100023	-0.0943082	-0.0844769	-0.071031	-0.0545773	-0.0355162	-0.0136674	0.011898	0.0426319	0.0800062	0.125007	0.177831	0.23784	0.303704	0.373657	0.445795	0.518326	0.589717	0.658642	0.723714	0.78305	0.833837	0.872133	0.89312	0.891893	
-0.210348	-0.1775	-0.1361	-0.0872856	-0.0323075	0.0274803	0.0909527	0.157502	0.22692	0.298963	0.372943	0.447593	0.521252	0.592208	0.659034	0.720777	0.776915	0.827098	0.870713	0.906441	0.931962	0.944007	0.938837	0.913098	0.864769	
-0.283486	-0.222403	-0.149568	-0.0675357	0.0217649	0.116145	0.213379	0.311689	0.409798	0.506579	0.600666	0.690338	0.773691	0.848925	0.914566	0.969501	1.01282	1.04356	1.06043	1.06175	1.04562	1.01037	0.955271	0.881154	0.790574	
-0.299055	-0.209636	-0.109591	-0.00272756	0.109298	0.224339	0.340044	0.454592	0.56685	0.675961	0.780819	0.879783	0.970684	1.051	1.11804	1.16907	1.20146	1.21278	1.20112	1.16537	1.10572	1.02403	0.92411	0.811709	0.69377	
-0.274216	-0.147972	-0.0277969	0.0926201	0.214537	0.336773	0.457569	0.575732	0.690777	0.802379	0.909698	1.01098	1.10348	1.18366	1.24743	1.29056	1.30915	1.30016	1.262	1.19506	1.10208	0.988172	0.860667	0.728696	0.602988	
