5.74925e-46	5.74925e-46	4.46373e-44	3.17614e-42	2.06691e-40	1.22755e-38	6.63762e-37	3.25897e-35	1.44859e-33	5.80986e-32	2.09472e-30	6.76132e-29	1.94485e-27	4.95984e-26	1.11509e-24	2.19626e-23	3.76345e-22	5.5685e-21	7.05674e-20	7.59307e-19	6.87426e-18	5.18658e-17	3.22765e-16	1.63697e-15	6.6757e-15	
5.74925e-46	1.79585e-44	1.25926e-42	8.10603e-41	4.77961e-39	2.57575e-37	1.26552e-35	5.65331e-34	2.28918e-32	8.37407e-31	2.75706e-29	8.13586e-28	2.14196e-26	5.00563e-25	1.03252e-23	1.86829e-22	2.94543e-21	4.0162e-20	4.69913e-19	4.67873e-18	3.92959e-17	2.75861e-16	1.60264e-15	7.61812e-15	2.92774e-14	
4.46373e-44	1.25926e-42	8.46477e-41	5.22328e-39	2.95182e-37	1.52428e-35	7.17402e-34	3.06878e-32	1.18937e-30	4.1622e-29	1.31014e-27	3.69371e-26	9.28382e-25	2.06947e-23	4.068e-22	7.00767e-21	1.05067e-19	1.361e-18	1.51119e-17	1.42649e-16	1.13497e-15	7.54436e-15	4.15043e-14	1.86971e-13	6.81265e-13	
3.17614e-42	8.10603e-41	5.22328e-39	3.08929e-37	1.673e-35	8.27619e-34	3.73019e-32	1.52736e-30	5.66341e-29	1.89498e-27	5.69931e-26	1.53411e-24	3.67819e-23	7.81389e-22	1.46231e-20	2.39552e-19	3.41155e-18	4.19253e-17	4.41125e-16	3.94149e-15	2.96583e-14	1.86354e-13	9.69212e-13	4.13268e-12	1.42962e-11	
2.06691e-40	4.77961e-39	2.95182e-37	1.673e-35	8.67943e-34	4.11171e-32	1.77388e-30	6.94876e-29	2.46347e-27	7.87541e-26	2.26123e-24	5.80558e-23	1.32635e-21	2.68196e-20	4.77165e-19	7.42188e-18	1.00222e-16	1.16622e-15	1.16027e-14	9.79035e-14	6.94979e-13	4.11705e-12	2.01899e-11	8.12804e-11	2.66356e-10	
1.22755e-38	2.57575e-37	1.52428e-35	8.27619e-34	4.11171e-32	1.86446e-30	7.6952e-29	2.88202e-27	9.7616e-26	2.97904e-24	8.15795e-23	1.99558e-21	4.33885e-20	8.33906e-19	1.40828e-17	2.07609e-16	2.65295e-15	2.9166e-14	2.7371e-13	2.17527e-12	1.45256e-11	8.08858e-11	3.7289e-10	1.41326e-09	4.37613e-09	
6.63762e-37	1.26552e-35	7.17402e-34	3.73019e-32	1.77388e-30	7.6952e-29	3.03653e-27	1.0865e-25	3.51294e-24	1.02244e-22	2.66744e-21	6.2091e-20	1.28296e-18	2.33998e-17	3.74416e-16	5.22094e-15	6.29913e-14	6.52623e-13	5.76094e-12	4.29902e-11	2.69159e-10	1.40402e-09	6.06362e-09	2.15642e-08	6.29134e-08	
3.25897e-35	5.65331e-34	3.06878e-32	1.52736e-30	6.94876e-29	2.88202e-27	1.0865e-25	3.71103e-24	1.14429e-22	3.17275e-21	7.87606e-20	1.7421e-18	3.41542e-17	5.90083e-16	8.92776e-15	1.17482e-13	1.33483e-12	1.29951e-11	1.07554e-10	7.50961e-10	4.39152e-09	2.1373e-08	8.61249e-08	2.86312e-07	7.84441e-07	
1.44859e-33	2.28918e-32	1.18937e-30	5.66341e-29	2.46347e-27	9.7616e-26	3.51294e-24	1.14429e-22	3.36127e-21	8.86755e-20	2.09161e-18	4.38922e-17	8.15001e-16	1.33109e-14	1.89982e-13	2.35305e-12	2.51025e-11	2.2887e-10	1.7694e-09	1.15116e-08	6.25967e-08	2.82913e-07	1.05871e-06	3.27554e-06	8.39586e-06	
5.80986e-32	8.37407e-31	4.1622e-29	1.89498e-27	7.87541e-26	2.97904e-24	1.02244e-22	3.17275e-21	8.86755e-20	2.22279e-18	4.97388e-17	9.88464e-16	1.73478e-14	2.67216e-13	3.58834e-12	4.17053e-11	4.1631e-10	3.54091e-09	2.54591e-08	1.53591e-07	7.7252e-07	3.22447e-06	1.11441e-05	3.19232e-05	7.62151e-05	
2.09472e-30	2.75706e-29	1.31014e-27	5.69931e-26	2.26123e-24	8.15795e-23	2.66744e-21	7.87606e-20	2.09161e-18	4.97388e-17	1.05399e-15	1.97962e-14	3.27621e-13	4.74688e-12	5.97925e-11	6.4985e-10	6.04573e-09	4.77529e-08	3.17674e-07	1.76692e-06	8.16894e-06	3.12822e-05	9.9196e-05	0.000261512	0.00057858	
6.76132e-29	8.13586e-28	3.69371e-26	1.53411e-24	5.80558e-23	1.99558e-21	6.2091e-20	1.7421e-18	4.38922e-17	9.88464e-16	1.97962e-14	3.50601e-13	5.4572e-12	7.41502e-11	8.73062e-10	8.83756e-09	7.62707e-08	5.56464e-07	3.4042e-06	1.7337e-05	7.31224e-05	0.000254872	0.000735752	0.00177248	0.00361268	
1.94485e-27	2.14196e-26	9.28382e-25	3.67819e-23	1.32635e-21	4.33885e-20	1.28296e-18	3.41542e-17	8.15001e-16	1.73478e-14	3.27621e-13	5.4572e-12	7.96526e-11	1.01147e-09	1.10876e-08	1.04043e-07	8.28439e-07	5.54764e-06	3.09812e-05	0.000143274	0.000546253	0.00171647	0.00446886	0.0097568	0.0181975	
4.95984e-26	5.00563e-25	2.06947e-23	7.81389e-22	2.68196e-20	8.33906e-19	2.33998e-17	5.90083e-16	1.33109e-14	2.67216e-13	4.74688e-12	7.41502e-11	1.01147e-09	1.19564e-08	1.21458e-07	1.05082e-06	7.67004e-06	4.67865e-05	0.000236415	0.000982765	0.00334936	0.00937822	0.0217785	0.0426904	0.0723336	
1.11509e-24	1.03252e-23	4.068e-22	1.46231e-20	4.77165e-19	1.40828e-17	3.74416e-16	8.92776e-15	1.89982e-13	3.58834e-12	5.97925e-11	8.73062e-10	1.10876e-08	1.21458e-07	1.13731e-06	9.01428e-06	5.98569e-05	0.000329576	0.00149073	0.00550149	0.0165324	0.0406787	0.0832112	0.145038	0.221766	
2.19626e-23	1.86829e-22	7.00767e-21	2.39552e-19	7.42188e-18	2.07609e-16	5.22094e-15	1.17482e-13	2.35305e-12	4.17053e-11	6.4985e-10	8.83756e-09	1.04043e-07	1.05082e-06	9.01428e-06	6.49696e-05	0.000388942	0.00191202	0.00764076	0.0246576	0.0642744	0.136812	0.243503	0.374741	0.515702	
3.76345e-22	2.94543e-21	1.05067e-19	3.41155e-18	1.00222e-16	2.65295e-15	6.29913e-14	1.33483e-12	2.51025e-11	4.1631e-10	6.04573e-09	7.62707e-08	8.28439e-07	7.67004e-06	5.98569e-05	0.000388942	0.00207705	0.00899841	0.0312758	0.0866955	0.192503	0.34939	0.537773	0.733142	0.916559	
5.5685e-21	4.0162e-20	1.361e-18	4.19253e-17	1.16622e-15	2.9166e-14	6.52623e-13	1.29951e-11	2.2887e-10	3.54091e-09	4.77529e-08	5.56464e-07	5.54764e-06	4.67865e-05	0.000329576	0.00191202	0.00899841	0.0338435	0.100504	0.23481	0.437463	0.67501	0.911638	1.13043	1.32192	
7.05674e-20	4.69913e-19	1.51119e-17	4.41125e-16	1.16027e-14	2.7371e-13	5.76094e-12	1.07554e-10	1.7694e-09	2.54591e-08	3.17674e-07	3.4042e-06	3.09812e-05	0.000236415	0.00149073	0.00764076	0.0312758	0.100504	0.250599	0.486795	0.762588	1.03037	1.28095	1.50764	1.69964	
7.59307e-19	4.67873e-18	1.42649e-16	3.94149e-15	9.79035e-14	2.17527e-12	4.29902e-11	7.50961e-10	1.15116e-08	1.53591e-07	1.76692e-06	1.7337e-05	0.000143274	0.000982765	0.00550149	0.0246576	0.0866955	0.23481	0.486795	0.792139	1.08848	1.37327	1.63734	1.85255	2.0153	
6.87425e-18	3.92959e-17	1.13497e-15	2.96583e-14	6.94979e-13	1.45256e-11	2.69159e-10	4.39152e-09	6.25967e-08	7.7252e-07	8.16894e-06	7.31224e-05	0.000546253	0.00334936	0.0165324	0.0642744	0.192503	0.437463	0.762588	1.08848	1.40532	1.70339	1.93317	2.10112	2.20575	
5.18655e-17	2.75859e-16	7.54436e-15	1.86354e-13	4.11705e-12	8.08858e-11	1.40402e-09	2.1373e-08	2.82913e-07	3.22447e-06	3.12822e-05	0.000254872	0.00171647	0.00937822	0.0406787	0.136812	0.34939	0.67501	1.03037	1.37327	1.70339	1.95581	2.14076	2.24567	2.27118	
3.22752e-16	1.60256e-15	4.15043e-14	9.69212e-13	2.01899e-11	3.7289e-10	6.06362e-09	8.61249e-08	1.05871e-06	1.11441e-05	9.9196e-05	0.000735752	0.00446886	0.0217785	0.0832112	0.243503	0.537773	0.911638	1.28095	1.63734	1.93317	2.14076	2.25639	2.26067	2.18548	
1.63645e-15	7.61543e-15	1.86971e-13	4.13268e-12	8.12804e-11	1.41326e-09	2.15642e-08	2.86312e-07	3.27554e-06	3.19232e-05	0.000261512	0.00177248	0.0097568	0.0426904	0.145038	0.374741	0.733142	1.13043	1.50764	1.85255	2.10112	2.24567	2.26067	2.17282	1.97002	
6.65754e-15	2.91901e-14	6.8126e-13	1.42962e-11	2.66356e-10	4.37613e-09	6.29134e-08	7.84441e-07	8.39586e-06	7.62151e-05	0.00057858	0.00361268	0.0181975	0.0723336	0.221766	0.515702	0.916559	1.32192	1.69964	2.0153	2.20575	2.27118	2.18548	1.97002	1.65302	
2.13443e-14	8.88929e-14	1.98327e-12	3.97502e-11	7.06082e-10	1.10376e-08	1.50629e-07	1.77806e-06	1.79611e-05	0.000153333	0.00109012	0.00634397	0.0296208	0.108515	0.305204	0.651262	1.07592	1.48306	1.85311	2.12442	2.2564	2.23354	2.04508	1.70759	1.2589	
5.32419e-14	2.13223e-13	4.58958e-12	8.86838e-11	1.51646e-09	2.27814e-08	2.98193e-07	3.36846e-06	3.24765e-05	0.000263807	0.00177824	0.00977143	0.0428849	0.147014	0.385792	0.770013	1.20639	1.6115	1.96562	2.19343	2.26373	2.15592	1.86839	1.41858	0.843595	
1.04479e-13	4.07674e-13	8.54988e-12	1.60841e-10	2.67402e-09	3.89984e-08	4.94727e-07	5.40601e-06	5.03101e-05	0.000393501	0.00254683	0.0133948	0.0560726	0.182738	0.455052	0.864503	1.30528	1.70758	2.04236	2.2282	2.24806	2.06223	1.6924	1.1387	0.465038	
1.67567e-13	6.4039e-13	1.31449e-11	2.42045e-10	3.93745e-09	5.61623e-08	6.96384e-07	7.43198e-06	6.74811e-05	0.000514275	0.00323767	0.0165283	0.066988	0.210824	0.506307	0.930332	1.37254	1.77293	2.09117	2.24586	2.22129	1.98374	1.54173	0.923525	0.157727	
2.2116e-13	8.31095e-13	1.67774e-11	3.04131e-10	4.87364e-09	6.85178e-08	8.37758e-07	8.81867e-06	7.89809e-05	0.000593537	0.00368203	0.0184994	0.073667	0.22738	0.53514	0.966271	1.41089	1.80915	2.11113	2.25469	2.19954	1.93524	1.44755	0.799273	-0.0327566	
2.32336e-13	8.70206e-13	1.75089e-11	3.16411e-10	5.05555e-09	7.08775e-08	8.64324e-07	9.07538e-06	8.10816e-05	0.000607846	0.00376141	0.0188479	0.0748334	0.230222	0.539983	0.972274	1.41765	1.81542	2.11325	2.25569	2.19533	1.92631	1.43098	0.7778	-0.066589	
1.92934e-13	7.31232e-13	1.48845e-11	2.71916e-10	4.38961e-09	6.2148e-08	7.65023e-07	8.10614e-06	7.30756e-05	0.000552846	0.003454	0.0174893	0.0702569	0.218993	0.520719	0.948438	1.39137	1.79043	2.10191	2.25062	2.21118	1.96045	1.49581	0.862313	0.0644947	
1.3008e-13	5.02749e-13	1.04391e-11	1.94426e-10	3.19953e-09	4.61762e-08	5.79494e-07	6.2619e-06	5.76004e-05	0.000445044	0.00284337	0.0147493	0.0608341	0.195142	0.478051	0.894443	1.33573	1.73726	2.06576	2.23656	2.2377	2.02772	1.62716	1.04232	0.331336	
7.20071e-14	2.84941e-13	6.0605e-12	1.15677e-10	1.95277e-09	2.89428e-08	3.73496e-07	4.15626e-06	3.94395e-05	0.000314988	0.00208513	0.0112374	0.0482999	0.161932	0.415271	0.811041	1.24994	1.65388	1.99977	2.21049	2.25936	2.11816	1.79643	1.30132	0.6855	
3.17926e-14	1.3016e-13	2.85879e-12	5.63887e-11	9.85099e-10	1.51339e-08	2.02799e-07	2.34835e-06	2.32443e-05	0.000194186	0.00134898	0.00765763	0.0348111	0.123933	0.33831	0.701264	1.13164	1.53838	1.90351	2.15652	2.263	2.20676	1.97529	1.59439	1.09416	
1.10322e-14	4.72595e-14	1.08104e-12	2.22287e-11	4.05545e-10	6.51958e-09	9.16306e-08	1.11576e-06	1.16482e-05	0.000102989	0.000760195	0.00460614	0.0224636	0.0862421	0.254873	0.571305	0.98373	1.39037	1.76524	2.06428	2.23261	2.26118	2.13584	1.87357	1.50048	
3.01336e-15	1.36364e-14	3.27045e-13	7.05922e-12	1.35482e-10	2.29674e-09	3.41338e-08	4.409e-07	4.90045e-06	4.63236e-05	0.000367362	0.00240493	0.0127524	0.0535914	0.174374	0.430857	0.808689	1.21058	1.58949	1.92421	2.1492	2.26482	2.24242	2.10186	1.85148	
6.52864e-16	3.14562e-15	7.94617e-14	1.80913e-12	3.67116e-11	6.59837e-10	1.04298e-08	1.43805e-07	1.71332e-06	1.74463e-05	0.000149894	0.00107028	0.00623841	0.0290693	0.105786	0.293904	0.61647	1.00185	1.3744	1.7296	2.00851	2.1941	2.26858	2.23748	2.11529	
1.13375e-16	5.8526e-16	1.56139e-14	3.76037e-13	8.09258e-12	1.54712e-10	2.61001e-09	3.85588e-08	4.9449e-07	5.44908e-06	5.09868e-05	0.000399478	0.00257785	0.0134375	0.0553307	0.175743	0.42246	0.771328	1.13299	1.48273	1.80321	2.03712	2.20185	2.26721	2.25215	
1.59741e-17	8.8775e-17	2.50424e-15	6.38776e-14	1.45983e-12	2.97264e-11	5.36008e-10	8.49794e-09	1.17504e-07	1.40387e-06	1.43361e-05	0.000123553	0.00088535	0.0051832	0.0242902	0.0890666	0.249928	0.530499	0.87159	1.2038	1.53079	1.81541	2.02577	2.17049	2.25021	
1.84983e-18	1.11077e-17	3.31346e-16	8.9529e-15	2.1729e-13	4.71288e-12	9.08228e-11	1.545e-09	2.30281e-08	2.98182e-07	3.32149e-06	3.14675e-05	0.000250205	0.00164395	0.00876584	0.0371632	0.122593	0.309107	0.595296	0.912236	1.21576	1.51035	1.76757	1.966	2.10486	
1.78325e-19	1.16013e-18	3.65759e-17	1.04622e-15	2.69466e-14	6.21966e-13	1.27964e-11	2.33265e-10	3.74188e-09	5.24127e-08	6.3538e-07	6.59851e-06	5.80165e-05	0.000426016	0.00257182	0.0125389	0.0484305	0.145514	0.336579	0.606359	0.894896	1.16883	1.42489	1.6526	1.83766	
1.44834e-20	1.023e-19	3.40559e-18	1.0302e-16	2.81248e-15	6.89861e-14	1.5128e-12	2.94936e-11	5.08018e-10	7.67638e-09	1.0094e-07	1.14449e-06	1.10726e-05	9.03143e-05	0.000612625	0.00340322	0.015227	0.0539773	0.149699	0.324527	0.562325	0.818743	1.06248	1.28293	1.47581	
1.00202e-21	7.69669e-21	2.70254e-19	8.63526e-18	2.49525e-16	6.49357e-15	1.51486e-13	3.15163e-12	5.8138e-11	9.44755e-10	1.34253e-08	1.65451e-07	1.75173e-06	1.57648e-05	0.000119154	0.000746333	0.00381855	0.0157298	0.0515362	0.133592	0.276404	0.46965	0.684359	0.89337	1.08157	
5.96355e-23	4.98829e-22	1.84527e-20	6.21983e-19	1.89953e-17	5.23564e-16	1.29679e-14	2.87244e-13	5.65957e-12	9.85951e-11	1.50847e-09	2.01158e-08	2.3182e-07	2.28675e-06	1.91025e-05	0.000133547	0.000771534	0.00363654	0.0138266	0.0421206	0.103067	0.205924	0.346083	0.506895	0.668969	
3.08009e-24	2.80894e-23	1.09343e-21	3.88302e-20	1.2515e-18	3.64734e-17	9.57294e-16	2.25256e-14	4.72813e-13	8.80353e-12	1.445e-10	2.07629e-09	2.59135e-08	2.78479e-07	2.552e-06	1.97322e-05	0.000127275	0.000676965	0.00293799	0.0103272	0.0293768	0.0682617	0.132263	0.21968	0.321876	
1.39129e-25	1.38485e-24	5.66645e-23	2.11748e-21	7.19224e-20	2.2128e-18	6.14304e-17	1.53231e-15	3.41808e-14	6.78297e-13	1.19049e-11	1.83606e-10	2.47033e-09	2.87636e-08	2.87268e-07	2.43704e-06	1.73803e-05	0.000103095	0.000503566	0.00200973	0.00653432	0.0173915	0.0384331	0.072047	0.117356	
5.53419e-27	6.01845e-26	2.58588e-24	1.01566e-22	3.63092e-21	1.17754e-19	3.45186e-18	9.10961e-17	2.1547e-15	4.54537e-14	8.50495e-13	1.40298e-11	2.02662e-10	2.54436e-09	2.75345e-08	2.54535e-07	1.99058e-06	1.30385e-05	7.08433e-05	0.000316734	0.00116004	0.00348598	0.00867663	0.0181849	0.03274	
1.95032e-28	2.31964e-27	1.04556e-25	4.31192e-24	1.62046e-22	5.53207e-21	1.7097e-19	4.76516e-18	1.19269e-16	2.66832e-15	5.30839e-14	9.33694e-13	1.44277e-11	1.9448e-10	2.26913e-09	2.27225e-08	1.93505e-07	1.38811e-06	8.30916e-06	4.11603e-05	0.000167779	0.000562289	0.00155829	0.00361576	0.00714139	
6.1223e-30	7.97176e-29	3.76629e-27	1.6293e-25	6.42977e-24	2.30779e-22	7.50879e-21	2.20666e-19	5.83374e-18	1.38124e-16	2.91451e-15	5.45081e-14	8.98109e-13	1.29497e-11	1.62197e-10	1.75052e-09	1.61374e-08	1.25905e-07	8.23699e-07	4.48003e-06	2.01242e-05	7.44499e-05	0.000227475	0.000579231	0.00124591	
