1.66822e-40	3.37557e-42	6.47864e-44	1.18045e-45	2.04365e-47	3.36431e-49	5.27038e-51	7.86222e-53	1.11761e-54	1.51477e-56	1.9587e-58	2.41761e-60	2.84987e-62	3.20992e-64	3.45608e-66	3.55859e-68	3.50546e-70	3.30476e-72	2.98269e-74	2.578e-76	2.13445e-78	1.69328e-80	1.2874e-82	9.38268e-85	6.5919e-87	
8.47661e-42	1.6676e-43	3.11277e-45	5.51771e-47	9.29565e-49	1.48951e-50	2.27173e-52	3.30002e-54	4.56877e-56	6.03202e-58	7.59891e-60	9.13888e-62	1.04979e-63	1.15233e-65	1.20922e-67	1.21357e-69	1.16523e-71	1.07077e-73	9.42022e-76	7.93648e-78	6.40491e-80	4.95247e-82	3.66985e-84	2.60661e-86	1.7769e-88	
3.95932e-43	7.57497e-45	1.37548e-46	2.3725e-48	3.89022e-50	6.0685e-52	9.01218e-54	1.27498e-55	1.71937e-57	2.21146e-59	2.71436e-61	3.18094e-63	3.56082e-65	3.80929e-67	3.89597e-69	3.81095e-71	3.56657e-73	3.19456e-75	2.73933e-77	2.24943e-79	1.7693e-81	1.33332e-83	9.62834e-86	6.66398e-88	4.42255e-90	
1.70484e-44	3.1728e-46	5.60575e-48	9.41044e-50	1.50211e-51	2.28151e-53	3.29961e-55	4.54674e-57	5.97301e-59	7.48486e-61	8.95159e-63	1.02225e-64	1.11519e-66	1.1627e-68	1.15899e-70	1.10496e-72	1.00791e-74	8.79902e-77	7.35379e-79	5.88526e-81	4.51128e-83	3.31287e-85	2.33109e-87	1.57194e-89	1.01611e-91	
6.78504e-46	1.2286e-47	2.11255e-49	3.45216e-51	5.3651e-53	7.93548e-55	1.11779e-56	1.5004e-58	1.92028e-60	2.34459e-62	2.73234e-64	3.0407e-66	3.23276e-68	3.28486e-70	3.19128e-72	2.96534e-74	2.63624e-76	2.24297e-78	1.82689e-80	1.4248e-82	1.06426e-84	7.61504e-87	5.22042e-89	3.42933e-91	2.15908e-93	
2.50196e-47	4.40889e-49	7.37936e-51	1.17404e-52	1.77676e-54	2.55951e-56	3.51188e-58	4.59237e-60	5.72653e-62	6.81287e-64	7.73689e-66	8.3907e-68	8.69382e-70	8.60945e-72	8.15174e-74	7.38214e-76	6.39596e-78	5.30326e-80	4.20925e-82	3.19883e-84	2.32804e-86	1.62286e-88	1.08375e-90	6.93409e-93	4.25142e-95	
8.56734e-49	1.46951e-50	2.39457e-52	3.7097e-54	5.46772e-56	7.67213e-58	1.0255e-59	1.30653e-61	1.58744e-63	1.84032e-65	2.03662e-67	2.1525e-69	2.17353e-71	2.0977e-73	1.93566e-75	1.7083e-77	1.44236e-79	1.16539e-81	9.01293e-84	6.67342e-86	4.73151e-88	3.21286e-90	2.0897e-92	1.30204e-94	7.77271e-97	
2.72993e-50	4.55863e-52	7.23315e-54	1.0913e-55	1.5667e-57	2.14152e-59	2.7888e-61	3.46189e-63	4.09862e-65	4.63025e-67	4.99358e-69	5.14331e-71	5.06138e-73	4.76046e-75	4.28081e-77	3.68158e-79	3.02897e-81	2.38461e-83	1.79678e-85	1.29604e-87	8.95083e-90	5.91955e-92	3.7493e-94	2.27451e-96	1.32175e-98	
8.11035e-52	1.31871e-53	2.03771e-55	2.99449e-57	4.18774e-59	5.57676e-61	7.07589e-63	8.55883e-65	9.87419e-67	1.08705e-68	1.14247e-70	1.14676e-72	1.09974e-74	1.00798e-76	8.83272e-79	7.40195e-81	5.93361e-83	4.5511e-85	3.34063e-87	2.34712e-89	1.57871e-91	1.01669e-93	6.26956e-96	3.70239e-98	2.09394e-100	
2.25055e-53	3.56361e-55	5.36336e-57	7.67764e-59	1.04603e-60	1.35719e-62	1.67791e-64	1.97769e-66	2.22339e-68	2.38531e-70	2.44304e-72	2.38968e-74	2.23322e-76	1.99458e-78	1.70306e-80	1.39055e-82	1.08599e-84	8.11428e-87	5.80144e-89	3.96971e-91	2.60003e-93	1.63021e-95	9.7857e-98	5.62406e-100	3.0949e-102	
5.84288e-55	9.01105e-57	1.32107e-58	1.84233e-60	2.44552e-62	3.09167e-64	3.72451e-66	4.27781e-68	4.68658e-70	4.89966e-72	4.89021e-74	4.66127e-76	4.24471e-78	3.69399e-80	3.07306e-82	2.44449e-84	1.85972e-86	1.35343e-88	9.42395e-91	6.27914e-93	4.00398e-95	2.44371e-97	1.42759e-99	7.98311e-102	4.27339e-104	
1.42144e-56	2.13537e-58	3.04978e-60	4.14376e-62	5.35939e-64	6.60204e-66	7.75021e-68	8.67434e-70	9.26074e-72	9.43466e-74	9.17591e-76	8.52259e-78	7.562e-80	6.41174e-82	5.19646e-84	4.02658e-86	2.98371e-88	2.1147e-90	1.43378e-92	9.3007e-95	5.7729e-97	3.42887e-99	1.94898e-101	1.06017e-103	5.51903e-106	
3.24506e-58	4.74906e-60	6.60817e-62	8.7482e-64	1.10249e-65	1.32341e-67	1.51389e-69	1.65115e-71	1.71775e-73	1.70529e-75	1.61607e-77	1.46251e-79	1.2643e-81	1.04434e-83	8.24476e-86	6.22246e-88	4.49035e-90	3.09888e-92	2.0455e-94	1.29156e-96	7.80163e-99	4.50858e-101	2.49282e-103	1.31868e-105	6.674e-108	
6.96137e-60	9.92556e-62	1.34566e-63	1.73583e-65	2.13164e-67	2.4934e-69	2.77944e-71	2.954e-73	2.99459e-75	2.89674e-77	2.67475e-79	2.35833e-81	1.9861e-83	1.59806e-85	1.2288e-87	9.03145e-90	6.34605e-92	4.26368e-94	2.7394e-96	1.68328e-98	9.89286e-101	5.56116e-103	2.99015e-105	1.53779e-107	7.56426e-110	
1.40505e-61	1.95189e-63	2.5785e-65	3.24102e-67	3.87835e-69	4.42064e-71	4.80185e-73	4.9729e-75	4.91211e-77	4.62965e-79	4.16486e-81	3.57736e-83	2.93466e-85	2.29982e-87	1.72215e-89	1.23246e-91	8.43081e-94	5.51343e-96	3.44728e-98	2.06095e-100	1.17819e-102	6.44069e-105	3.36675e-107	1.68281e-109	8.04235e-112	
2.6713e-63	3.61587e-65	4.65443e-67	5.70081e-69	6.6475e-71	7.38332e-73	7.81482e-75	7.88584e-77	7.58946e-79	6.96893e-81	6.1074e-83	5.10989e-85	4.08272e-87	3.11581e-89	2.27179e-91	1.58277e-93	1.05386e-95	6.7068e-98	4.07995e-100	2.37261e-102	1.319e-104	7.0098e-107	3.56124e-109	1.72942e-111	8.02736e-114	
4.7892e-65	6.31675e-67	7.92316e-69	9.45634e-71	1.07448e-72	1.16287e-74	1.19929e-76	1.17911e-78	1.10558e-80	9.8896e-83	8.44228e-85	6.87948e-87	5.35272e-89	3.97754e-91	2.82329e-93	1.91456e-95	1.24054e-97	7.68113e-100	4.54508e-102	2.57027e-104	1.38912e-106	7.17486e-109	3.54144e-111	1.67033e-113	7.5272e-116	
8.10501e-67	1.04168e-68	1.27318e-70	1.48069e-72	1.63937e-74	1.72876e-76	1.73711e-78	1.6639e-80	1.51982e-82	1.32425e-84	1.101e-86	8.73703e-89	6.61907e-91	4.78826e-93	3.30812e-95	2.18308e-97	1.37622e-99	8.28853e-102	4.76931e-104	2.622e-106	1.37722e-108	6.91108e-111	3.31308e-113	1.51709e-115	6.63475e-118	
1.296e-68	1.62307e-70	1.93305e-72	2.19055e-74	2.36313e-76	2.42797e-78	2.37685e-80	2.21784e-82	1.97325e-84	1.67454e-86	1.35578e-88	1.04755e-90	7.7259e-93	5.43988e-95	3.65733e-97	2.34815e-99	1.43985e-101	8.43268e-104	4.71717e-106	2.52037e-108	1.28618e-110	6.26845e-113	2.91743e-115	1.29646e-117	5.5001e-120	
1.95977e-70	2.39157e-72	2.77539e-74	3.06446e-76	3.22095e-78	3.22406e-80	3.07461e-82	2.79449e-84	2.42152e-86	2.00113e-88	1.57754e-90	1.1866e-92	8.5179e-95	5.83636e-97	3.81759e-99	2.38409e-101	1.42158e-103	8.09381e-106	4.4002e-108	2.28412e-110	1.13206e-112	5.35649e-115	2.41935e-117	1.04293e-119	4.29002e-122	
2.80484e-72	3.33518e-74	3.77119e-76	4.05698e-78	4.15428e-80	4.05081e-82	3.76279e-84	3.33085e-86	2.81069e-88	2.26156e-90	1.73559e-92	1.27065e-94	8.87611e-97	5.91703e-99	3.7646e-101	2.28616e-103	1.32522e-105	7.33283e-108	3.87305e-110	1.95259e-112	9.39527e-115	4.31417e-117	1.8902e-119	7.90054e-122	3.14953e-124	
3.80229e-74	4.40528e-76	4.85316e-78	5.08641e-80	5.07375e-82	4.81899e-84	4.35968e-86	3.75812e-88	3.0877e-90	2.4186e-92	1.80658e-94	1.28707e-96	8.74717e-99	5.67171e-101	3.50899e-103	2.07157e-105	1.16703e-107	6.27373e-110	3.21823e-112	1.57515e-114	7.3552e-117	3.27621e-119	1.39179e-121	5.63775e-124	2.17697e-126	
4.88566e-76	5.51498e-78	5.91912e-80	6.04322e-82	5.87173e-84	5.43152e-86	4.78509e-88	4.01616e-90	3.21224e-92	2.449e-94	1.78011e-96	1.23384e-98	8.15623e-101	5.14265e-103	3.09303e-105	1.7746e-107	9.71272e-110	5.07099e-112	2.52539e-114	1.19952e-116	5.43335e-119	2.34658e-121	9.66092e-124	3.79057e-126	1.41698e-128	
5.95427e-78	6.54803e-80	6.84616e-82	6.80828e-84	6.44262e-86	5.80347e-88	4.97807e-90	4.06736e-92	3.16636e-94	2.34912e-96	1.66123e-98	1.11996e-100	7.19921e-103	4.41276e-105	2.57932e-107	1.43774e-109	7.64231e-112	3.87365e-114	1.87209e-116	8.62565e-119	3.78828e-121	1.58558e-123	6.32301e-126	2.40172e-128	8.68636e-131	
6.88691e-80	7.37784e-82	7.51353e-84	7.27715e-86	6.70588e-88	5.88145e-90	4.9112e-92	3.90562e-94	2.9587e-96	2.13555e-98	1.46891e-100	9.62987e-103	6.01766e-105	3.58467e-107	2.03564e-109	1.10199e-111	5.68678e-114	2.79725e-116	1.31137e-118	5.85836e-121	2.49346e-123	1.01088e-125	3.90255e-128	1.43417e-130	5.01529e-133	
7.56401e-82	7.89288e-84	7.82848e-86	7.38352e-88	6.62461e-90	5.65612e-92	4.59697e-94	3.55742e-96	2.62187e-98	1.84069e-100	1.23116e-102	7.84631e-105	4.76506e-107	2.75768e-109	1.52089e-111	7.99314e-114	4.0029e-116	1.90996e-118	8.68165e-121	3.75864e-123	1.54956e-125	6.08157e-128	2.27151e-130	8.07136e-133	2.72726e-135	
7.89288e-84	8.02131e-86	7.74739e-88	7.11449e-90	6.21399e-92	5.1639e-94	4.08406e-96	3.07482e-98	2.20422e-100	1.50478e-102	9.78436e-105	6.06006e-107	3.57547e-109	2.00961e-111	1.07598e-113	5.48773e-116	2.66583e-118	1.2333e-120	5.43276e-123	2.27823e-125	9.0925e-128	3.45258e-130	1.24687e-132	4.28091e-135	1.39664e-137	
7.82848e-86	7.74739e-88	7.28565e-90	6.51307e-92	5.53683e-94	4.47743e-96	3.44514e-98	2.52287e-100	1.75864e-102	1.16713e-104	7.37517e-107	4.43781e-109	2.54289e-111	1.38754e-113	7.20952e-116	3.56677e-118	1.67996e-120	7.53196e-123	3.21373e-125	1.30465e-127	5.03768e-130	1.84955e-132	6.45397e-135	2.1395e-137	6.73432e-140	
7.38352e-88	7.11449e-90	6.51307e-92	5.66698e-94	4.688e-96	3.68824e-98	2.7603e-100	1.96558e-102	1.33198e-104	8.59077e-107	5.27396e-109	3.08202e-111	1.71448e-113	9.07856e-116	4.57572e-118	2.19489e-120	1.00187e-122	4.35076e-125	1.7971e-127	7.05842e-130	2.63524e-132	9.3484e-135	3.14967e-137	1.00735e-139	3.05658e-142	
6.62461e-90	6.21399e-92	5.53683e-94	4.688e-96	3.773e-98	2.88721e-100	2.10117e-102	1.45452e-104	9.57895e-107	6.00212e-109	3.57858e-111	2.03024e-113	1.096e-115	5.62957e-118	2.75106e-120	1.27887e-122	5.65418e-125	2.37701e-127	9.49923e-130	3.60742e-132	1.30134e-134	4.45734e-137	1.44889e-139	4.46706e-142	1.30545e-144	
5.65612e-92	5.1639e-94	4.47743e-96	3.68824e-98	2.88721e-100	2.1484e-102	1.51992e-104	1.02252e-106	6.54217e-109	3.98116e-111	2.30438e-113	1.26869e-115	6.64352e-118	3.30861e-120	1.56691e-122	7.05528e-125	3.0197e-127	1.22821e-129	4.74575e-132	1.74138e-134	6.06531e-137	2.00433e-139	6.28055e-142	1.86496e-144	5.24416e-147	
4.59697e-94	4.08406e-96	3.44514e-98	2.7603e-100	2.10117e-102	1.51992e-104	1.04501e-106	6.83003e-109	4.24397e-111	2.50725e-113	1.40834e-115	7.52123e-118	3.81869e-120	1.84303e-122	8.45425e-125	3.68512e-127	1.52598e-129	6.00111e-132	2.24049e-134	7.93775e-137	2.66739e-139	8.49711e-142	2.56439e-144	7.32694e-147	1.98039e-149	
3.55742e-96	3.07482e-98	2.52287e-100	1.96558e-102	1.45452e-104	1.02252e-106	6.83003e-109	4.33535e-111	2.61525e-113	1.49935e-115	8.16942e-118	4.23014e-120	2.08138e-122	9.73004e-125	4.32078e-127	1.82215e-129	7.2955e-132	2.77215e-134	9.99295e-137	3.41568e-139	1.10646e-141	3.39471e-144	9.85786e-147	2.70733e-149	7.02602e-152	
2.62187e-98	2.20422e-100	1.75864e-102	1.33198e-104	9.57895e-107	6.54217e-109	4.24397e-111	2.61525e-113	1.53097e-115	8.51403e-118	4.49785e-120	2.25704e-122	1.07567e-124	4.86798e-127	2.09143e-129	8.52783e-132	3.29904e-134	1.21036e-136	4.20939e-139	1.38698e-141	4.32724e-144	1.27745e-146	3.5657e-149	9.40249e-152	2.34007e-154	
1.84069e-100	1.50478e-102	1.16713e-104	8.59077e-107	6.00212e-109	3.98116e-111	2.50725e-113	1.49935e-115	8.51403e-118	4.59078e-120	2.35032e-122	1.14237e-124	5.27049e-127	2.30763e-129	9.58588e-132	3.77665e-134	1.41065e-136	4.99315e-139	1.67397e-141	5.31229e-144	1.59473e-146	4.52524e-149	1.21277e-151	3.06687e-154	7.31033e-157	
1.23116e-102	9.78436e-105	7.37517e-107	5.27396e-109	3.57858e-111	2.30438e-113	1.40834e-115	8.16942e-118	4.49785e-120	2.35032e-122	1.1655e-124	5.48397e-127	2.44786e-129	1.03627e-131	4.15928e-134	1.58218e-136	5.70162e-139	1.94545e-141	6.28167e-144	1.91812e-146	5.53477e-149	1.50796e-151	3.87567e-154	9.3868e-157	2.13996e-159	
7.84631e-105	6.06006e-107	4.43781e-109	3.08202e-111	2.03024e-113	1.26869e-115	7.52123e-118	4.23014e-120	2.25704e-122	1.14237e-124	5.48397e-127	2.49646e-129	1.07743e-131	4.4071e-134	1.7079e-136	6.26799e-139	2.17739e-141	7.15552e-144	2.22311e-146	6.52498e-149	1.80776e-151	4.72335e-154	1.16268e-156	2.69325e-159	5.86334e-162	
4.76506e-107	3.57547e-109	2.54289e-111	1.71448e-113	1.096e-115	6.64352e-118	3.81869e-120	2.08138e-122	1.07567e-124	5.27049e-127	2.44786e-129	1.07743e-131	4.49293e-134	1.77443e-136	6.6343e-139	2.34708e-141	7.85268e-144	2.48306e-146	7.41524e-149	2.08968e-151	5.55214e-154	1.38939e-156	3.27098e-159	7.23561e-162	1.50177e-164	
2.75768e-109	2.00961e-111	1.38754e-113	9.07856e-116	5.62957e-118	3.30861e-120	1.84303e-122	9.73004e-125	4.86798e-127	2.30763e-129	1.03627e-131	4.4071e-134	1.77443e-136	6.76107e-139	2.43679e-141	8.30296e-144	2.67293e-146	8.1241e-149	2.32943e-151	6.29538e-154	1.60198e-156	3.8341e-159	8.61983e-162	1.81783e-164	3.59044e-167	
1.52089e-111	1.07598e-113	7.20952e-116	4.57572e-118	2.75106e-120	1.56691e-122	8.45425e-125	4.32078e-127	2.09143e-129	9.58588e-132	4.15928e-134	1.7079e-136	6.6343e-139	2.43679e-141	8.45869e-144	2.77321e-146	8.58133e-149	2.50426e-151	6.88605e-154	1.78237e-156	4.33785e-159	9.91431e-162	2.12498e-164	4.26459e-167	7.99962e-170	
7.99314e-114	5.48773e-116	3.56677e-118	2.19489e-120	1.27887e-122	7.05528e-125	3.68512e-127	1.82215e-129	8.52783e-132	3.77665e-134	1.58218e-136	6.26799e-139	2.34708e-141	8.30296e-144	2.77321e-146	8.73936e-149	2.5965e-151	7.26657e-154	1.9137e-156	4.73746e-159	1.10104e-161	2.3991e-164	4.89337e-167	9.32669e-170	1.65791e-172	
4.0029e-116	2.66583e-118	1.67996e-120	1.00187e-122	5.65418e-125	3.0197e-127	1.52598e-129	7.2955e-132	3.29904e-134	1.41065e-136	5.70162e-139	2.17739e-141	7.85268e-144	2.67293e-146	8.58133e-149	2.5965e-151	7.398e-154	1.98294e-156	4.99457e-159	1.18073e-161	2.61616e-164	5.4247e-167	1.05083e-169	1.89799e-172	3.18941e-175	
1.90996e-118	1.2333e-120	7.53196e-123	4.35076e-125	2.37701e-127	1.22821e-129	6.00111e-132	2.77215e-134	1.21036e-136	4.99315e-139	1.94545e-141	7.15552e-144	2.48306e-146	8.1241e-149	2.50426e-151	7.26657e-154	1.98294e-156	5.08332e-159	1.22269e-161	2.75566e-164	5.8104e-167	1.14424e-169	2.10046e-172	3.58639e-175	5.68174e-178	
8.68165e-121	5.43276e-123	3.21373e-125	1.7971e-127	9.49923e-130	4.74575e-132	2.24049e-134	9.99295e-137	4.20939e-139	1.67397e-141	6.28167e-144	2.22311e-146	7.41524e-149	2.32943e-151	6.88605e-154	1.9137e-156	4.99457e-159	1.22269e-161	2.80378e-164	6.01336e-167	1.20419e-169	2.24722e-172	3.89967e-175	6.27738e-178	9.34745e-181	
3.75864e-123	2.27823e-125	1.30465e-127	7.05842e-130	3.60742e-132	1.74138e-134	7.93775e-137	3.41568e-139	1.38698e-141	5.31229e-144	1.91812e-146	6.52498e-149	2.08968e-151	6.29538e-154	1.78237e-156	4.73746e-159	1.18073e-161	2.75566e-164	6.01336e-167	1.22487e-169	2.32439e-172	4.10055e-175	6.70856e-178	1.01501e-180	1.41579e-183	
1.54956e-125	9.0925e-128	5.03768e-130	2.63524e-132	1.30134e-134	6.06531e-137	2.66739e-139	1.10646e-141	4.32724e-144	1.59473e-146	5.53477e-149	1.80776e-151	5.55214e-154	1.60198e-156	4.33785e-159	1.10104e-161	2.61616e-164	5.8104e-167	1.20419e-169	2.32439e-172	4.16977e-175	6.93507e-178	1.06642e-180	1.51142e-183	1.96721e-186	
6.08157e-128	3.45258e-130	1.84955e-132	9.3484e-135	4.45734e-137	2.00433e-139	8.49711e-142	3.39471e-144	1.27745e-146	4.52524e-149	1.50796e-151	4.72335e-154	1.38939e-156	3.8341e-159	9.91431e-162	2.3991e-164	5.4247e-167	1.14424e-169	2.24722e-172	4.10055e-175	6.93507e-178	1.08413e-180	1.56161e-183	2.06522e-186	2.49727e-189	
2.27151e-130	1.24687e-132	6.45397e-135	3.14967e-137	1.44889e-139	6.28055e-142	2.56439e-144	9.85786e-147	3.5657e-149	1.21277e-151	3.87567e-154	1.16268e-156	3.27098e-159	8.61983e-162	2.12498e-164	4.89337e-167	1.05083e-169	2.10046e-172	3.89967e-175	6.70856e-178	1.06642e-180	1.56161e-183	2.09896e-186	2.57886e-189	2.88245e-192	
8.07136e-133	4.28091e-135	2.1395e-137	1.00735e-139	4.46706e-142	1.86496e-144	7.32694e-147	2.70733e-149	9.40249e-152	3.06687e-154	9.3868e-157	2.69325e-159	7.23561e-162	1.81783e-164	4.26459e-167	9.32669e-170	1.89799e-172	3.58639e-175	6.27738e-178	1.01501e-180	1.51142e-183	2.06522e-186	2.57886e-189	2.92879e-192	3.00818e-195	
2.73269e-135	1.39768e-137	6.7362e-140	3.05691e-142	1.3055e-144	5.24425e-147	1.9804e-149	7.02604e-152	2.34007e-154	7.31033e-157	2.13996e-159	5.86334e-162	1.50177e-164	3.59044e-167	7.99962e-170	1.65791e-172	3.18941e-175	5.68174e-178	9.34745e-181	1.41579e-183	1.96721e-186	2.49727e-189	2.88245e-192	3.00818e-195	2.81967e-198	
