-0.141388	-0.185602	-0.263863	-0.366957	-0.480521	-0.570525	-0.605353	-0.577971	-0.489871	-0.336103	-0.121888	0.123711	0.364911	0.581133	0.763471	0.89695	0.957352	0.927634	0.814547	0.64879	0.470422	0.31241	0.192381	0.114047	0.0744187	
-0.15583	-0.216016	-0.30536	-0.413809	-0.521509	-0.592326	-0.602231	-0.550683	-0.438582	-0.262116	-0.0335613	0.21339	0.446293	0.649977	0.815997	0.926607	0.958121	0.899692	0.766011	0.592196	0.417293	0.269635	0.161601	0.0928467	0.0568173	
-0.178815	-0.2539	-0.352105	-0.461959	-0.557839	-0.604862	-0.58828	-0.511925	-0.375224	-0.177464	0.0613872	0.305335	0.527182	0.716384	0.863368	0.947817	0.948419	0.86194	0.710707	0.532702	0.364427	0.228881	0.133361	0.0742505	0.0436356	
-0.211096	-0.29878	-0.402728	-0.50874	-0.586412	-0.605966	-0.562163	-0.460538	-0.299223	-0.0828783	0.161301	0.397932	0.606273	0.778868	0.903658	0.958698	0.927177	0.814466	0.6496	0.471575	0.312909	0.190862	0.108055	0.0583576	0.0331991	
-0.252623	-0.349531	-0.45504	-0.550748	-0.604055	-0.593787	-0.522701	-0.395521	-0.210544	0.0202279	0.264144	0.489497	0.682159	0.835669	0.934719	0.95747	0.893746	0.75787	0.584037	0.41023	0.263789	0.156146	0.0858525	0.0449958	0.0248407	
-0.302403	-0.404253	-0.505921	-0.584042	-0.607845	-0.566885	-0.468863	-0.316191	-0.109887	0.129745	0.367642	0.578347	0.753264	0.884703	0.954276	0.942631	0.848041	0.693306	0.515683	0.350151	0.218018	0.12515	0.0667926	0.0339693	0.0182073	
-0.358416	-0.460171	-0.551335	-0.604509	-0.59542	-0.524226	-0.39978	-0.222415	0.00113518	0.242965	0.469456	0.662809	0.817753	0.923571	0.960093	0.913179	0.790671	0.622468	0.44644	0.29279	0.176391	0.0981272	0.0508079	0.0250666	0.0130408	
-0.417736	-0.513577	-0.586533	-0.608364	-0.565186	-0.465095	-0.314859	-0.11491	0.11993	0.356796	0.567336	0.741156	0.873434	0.949639	0.950215	0.86883	0.723002	0.547519	0.378311	0.239458	0.139488	0.0751558	0.0377336	0.0180521	0.00911096	
-0.476654	-0.559783	-0.606488	-0.592665	-0.516334	-0.389005	-0.214041	0.00447157	0.243025	0.468055	0.659211	0.811478	0.917705	0.960231	0.923269	0.81021	0.647155	0.470955	0.313249	0.191235	0.107647	0.0561438	0.0273205	0.0126694	0.00619969	
-0.530613	-0.593286	-0.606602	-0.555704	-0.448673	-0.295715	-0.0981911	0.132575	0.366363	0.573771	0.743144	0.871501	0.947613	0.952947	0.878788	0.738968	0.5659	0.395411	0.253003	0.148885	0.0809439	0.0408467	0.019257	0.00865314	0.00410327	
-0.574196	-0.60834	-0.583486	-0.497055	-0.362365	-0.185466	0.0304639	0.265036	0.485773	0.671382	0.817144	0.918461	0.960069	0.926074	0.817489	0.657766	0.482453	0.323438	0.198971	0.112811	0.059211	0.0288986	0.013195	0.00574374	0.00263808	
-0.601425	-0.599817	-0.535496	-0.417293	-0.257794	-0.0594864	0.168048	0.396693	0.597471	0.758721	0.878881	0.949106	0.952264	0.879048	0.741437	0.570129	0.400194	0.257267	0.152095	0.0830535	0.0420705	0.0198529	0.00877691	0.00370036	0.00164552	
-0.606242	-0.564111	-0.462856	-0.317536	-0.135766	0.0794053	0.309119	0.522289	0.698404	0.833749	0.925435	0.95996	0.922242	0.812844	0.654024	0.480135	0.322331	0.198616	0.112809	0.0593136	0.0289897	0.0132242	0.00565978	0.00231082	0.000994647	
-0.583193	-0.499971	-0.367319	-0.199083	0.00189897	0.226359	0.447259	0.637243	0.786256	0.894098	0.953252	0.94788	0.869531	0.730186	0.559721	0.392	0.251583	0.148553	0.0810464	0.0410253	0.0193445	0.00852921	0.00353356	0.00139712	0.00058196	
-0.528771	-0.408908	-0.251354	-0.0634801	0.151518	0.374589	0.576105	0.738171	0.859025	0.936669	0.958486	0.910847	0.795664	0.635467	0.463615	0.309603	0.189917	0.107451	0.056308	0.0274401	0.0124824	0.00531947	0.00213327	0.000816847	0.000329245	
-0.443027	-0.29454	-0.117282	0.0867012	0.306884	0.516256	0.690487	0.822834	0.914318	0.957545	0.937786	0.848825	0.704397	0.534336	0.370797	0.23606	0.1384	0.0750351	0.0377723	0.0177227	0.00777831	0.00320411	0.00124392	0.000461342	0.000179939	
-0.329949	-0.160834	0.032724	0.246513	0.459461	0.644051	0.787095	0.889404	0.948737	0.952531	0.889412	0.764388	0.601485	0.432994	0.285723	0.173416	0.0971939	0.0505065	0.0244291	0.0110382	0.004675	0.00186178	0.000699836	0.000251451	9.49122e-05	
-0.195465	-0.0106406	0.195123	0.407696	0.599944	0.752793	0.864148	0.935361	0.957887	0.918339	0.814334	0.662847	0.493972	0.337329	0.211686	0.122524	0.0656702	0.0327208	0.0152122	0.00662158	0.00270706	0.00104252	0.000379525	0.000132145	4.82803e-05	
-0.0441531	0.153488	0.362752	0.559522	0.720744	0.839982	0.920025	0.956741	0.937338	0.854123	0.716875	0.551696	0.389146	0.252108	0.150511	0.083121	0.0426275	0.020376	0.00910976	0.00382157	0.00150869	0.000562045	0.000198226	6.69079e-05	2.36684e-05	
0.121686	0.325949	0.524247	0.691833	0.817852	0.904605	0.951678	0.948547	0.884462	0.762766	0.604502	0.439449	0.293391	0.180405	0.102534	0.0540668	0.026549	0.0121825	0.00524079	0.00211995	0.000808555	0.00029151	9.96423e-05	3.26173e-05	1.11755e-05	
0.298062	0.495456	0.667051	0.798485	0.890363	0.944775	0.954138	0.906609	0.800404	0.651216	0.486676	0.334159	0.211274	0.123404	0.0668303	0.0336783	0.0158478	0.00698624	0.00289386	0.00112945	0.000416404	0.000145359	4.81761e-05	1.53013e-05	5.07988e-06	
0.4742	0.647399	0.782531	0.878139	0.937565	0.956063	0.922082	0.830226	0.691173	0.529542	0.373068	0.242071	0.145079	0.0805837	0.0416288	0.0200692	0.00905865	0.0038397	0.00153263	0.000577544	0.000205949	6.9648e-05	2.23933e-05	6.90443e-06	2.22213e-06	
0.633759	0.7706	0.868501	0.931106	0.955911	0.932417	0.853024	0.724167	0.567095	0.408902	0.271716	0.166795	0.0948803	0.0501817	0.0247592	0.0114323	0.00495483	0.00202128	0.00077809	0.000283308	9.778e-05	3.20539e-05	1.00034e-05	2.99579e-06	9.35183e-07	
0.763206	0.86185	0.926086	0.954871	0.938984	0.869748	0.750336	0.598716	0.440639	0.299168	0.187734	0.109187	0.0590417	0.0297779	0.0140514	0.00622167	0.00259206	0.00101867	0.000378516	0.000133271	4.45502e-05	1.41657e-05	4.29354e-06	1.24964e-06	3.78581e-07	
0.858455	0.922925	0.953764	0.942886	0.881336	0.770036	0.624072	0.467476	0.323488	0.207077	0.122919	0.0678535	0.0349377	0.0168297	0.00760599	0.00323365	0.0012965	0.000491353	0.000176396	6.0106e-05	1.94749e-05	6.01051e-06	1.77037e-06	5.01075e-07	1.47408e-07	
0.921848	0.953091	0.944914	0.888583	0.783696	0.643045	0.488831	0.34388	0.224057	0.135483	0.0762251	0.040014	0.0196538	0.00905702	0.00392604	0.00160476	0.000619921	0.000226803	7.87398e-05	2.59876e-05	8.16762e-06	2.44836e-06	7.01255e-07	1.9313e-07	5.52053e-08	
0.953091	0.945538	0.892059	0.791711	0.655643	0.504314	0.35971	0.238004	0.146313	0.0837566	0.0447605	0.0223896	0.0105097	0.00464091	0.00193244	0.000760418	0.000283359	0.000100183	3.3667e-05	1.07718e-05	3.28641e-06	9.57519e-07	2.66855e-07	7.15573e-08	1.98871e-08	
0.944914	0.892059	0.79435	0.66192	0.513686	0.370514	0.248368	0.154911	0.0900697	0.0489286	0.0248926	0.0118889	0.00534311	0.00226462	0.000907125	0.000344091	0.00012383	4.23534e-05	1.37901e-05	4.28088e-06	1.26884e-06	3.59571e-07	9.75705e-08	2.54903e-08	6.89216e-09	
0.888583	0.791711	0.66192	0.516822	0.37599	0.25475	0.160877	0.0948362	0.0522874	0.0270201	0.0131158	0.00599325	0.00258348	0.00105267	0.000406219	0.000148726	5.17498e-05	1.71405e-05	5.41228e-06	1.63153e-06	4.70156e-07	1.2968e-07	3.42842e-08	8.73168e-09	2.29837e-09	
0.783696	0.655643	0.513686	0.37599	0.256905	0.163931	0.0978028	0.0546435	0.0286436	0.0141147	0.00655127	0.00286972	0.00118859	0.000466324	0.000173602	6.1425e-05	2.06884e-05	6.64255e-06	2.03595e-06	5.96476e-07	1.67242e-07	4.49294e-08	1.15802e-08	2.87697e-09	7.37688e-10	
0.643045	0.504314	0.370514	0.25475	0.163931	0.0988099	0.055858	0.0296615	0.0148206	0.00698031	0.00310447	0.00130606	0.000520636	0.000196975	7.0838e-05	2.42519e-05	7.91518e-06	2.46599e-06	7.3433e-07	2.09258e-07	5.71293e-08	1.49588e-08	3.76112e-09	9.12049e-10	2.27954e-10	
0.488831	0.35971	0.248368	0.160877	0.0978028	0.055858	0.0300083	0.0151862	0.00725064	0.00327126	0.00139685	0.00056541	0.000217276	7.93838e-05	2.76145e-05	9.15827e-06	2.89948e-06	8.77385e-07	2.54058e-07	7.04748e-08	1.87479e-08	4.78777e-09	1.17506e-09	2.7829e-10	6.78402e-11	
0.34388	0.238004	0.154911	0.0948362	0.0546435	0.0296615	0.0151862	0.00734299	0.00335789	0.00145427	0.000597341	0.000233027	8.64548e-05	3.05456e-05	1.02906e-05	3.30977e-06	1.0175e-06	2.99327e-07	8.43526e-08	2.27952e-08	5.91306e-09	1.47373e-09	3.53272e-10	8.17597e-11	1.94515e-11	
0.224057	0.146313	0.0900697	0.0522874	0.0286436	0.0148206	0.00725064	0.00335789	0.00147392	0.000613965	0.000243012	9.15111e-05	3.28258e-05	1.12299e-05	3.66828e-06	1.14542e-06	3.42261e-07	9.79696e-08	2.68909e-08	7.08467e-09	1.79322e-09	4.36454e-10	1.02248e-10	2.31377e-11	5.37545e-12	
0.135483	0.0837566	0.0489286	0.0270201	0.0141147	0.00698031	0.00327126	0.00145427	0.000613965	0.000246434	9.41478e-05	3.4274e-05	1.19029e-05	3.94771e-06	1.25173e-06	3.79839e-07	1.1042e-07	3.07804e-08	8.23547e-09	2.11681e-09	5.23156e-10	1.24423e-10	2.85027e-11	6.30995e-12	1.43237e-12	
0.0762251	0.0447605	0.0248926	0.0131158	0.00655127	0.00310447	0.00139685	0.000597341	0.000243012	9.41478e-05	3.47707e-05	1.22542e-05	4.1254e-06	1.32799e-06	4.09164e-07	1.20778e-07	3.41881e-08	9.28856e-09	2.42431e-09	6.0836e-10	1.469e-10	3.41597e-11	7.65611e-12	1.65903e-12	3.68178e-13	
0.040014	0.0223896	0.0118889	0.00599325	0.00286972	0.00130606	0.00056541	0.000233027	9.15111e-05	3.4274e-05	1.22542e-05	4.18638e-06	1.36783e-06	4.27828e-07	1.28215e-07	3.68495e-08	1.01654e-08	2.69387e-09	6.86359e-10	1.68264e-10	3.97219e-11	9.03634e-12	1.98257e-12	4.20727e-13	9.1331e-14	
0.0196538	0.0105097	0.00534311	0.00258348	0.00118859	0.000520636	0.000217276	8.64548e-05	3.28258e-05	1.19029e-05	4.1254e-06	1.36783e-06	4.34235e-07	1.32103e-07	3.85443e-08	1.07951e-08	2.90449e-09	7.51322e-10	1.86996e-10	4.48141e-11	1.03487e-11	2.30441e-12	4.95175e-13	1.02961e-13	2.18742e-14	
0.00905702	0.00464091	0.00226462	0.00105267	0.000466324	0.000196975	7.93838e-05	3.05456e-05	1.12299e-05	3.94771e-06	1.32799e-06	4.27828e-07	1.32103e-07	3.91263e-08	1.11245e-08	3.03864e-09	7.97994e-10	2.01634e-10	4.90552e-11	1.14993e-11	2.59911e-12	5.66807e-13	1.19348e-13	2.43264e-14	5.06054e-15	
0.00392604	0.00193244	0.000907125	0.000406219	0.000173602	7.0838e-05	2.76145e-05	1.02906e-05	3.66828e-06	1.25173e-06	4.09164e-07	1.28215e-07	3.85443e-08	1.11245e-08	3.08471e-09	8.22402e-10	2.10958e-10	5.21023e-11	1.23983e-11	2.84452e-12	6.29618e-13	1.34538e-13	2.77722e-14	5.55164e-15	1.1314e-15	
0.00160476	0.000760418	0.000344091	0.000148726	6.1425e-05	2.42519e-05	9.15827e-06	3.30977e-06	1.14542e-06	3.79839e-07	1.20778e-07	3.68495e-08	1.07951e-08	3.03864e-09	8.22402e-10	2.14161e-10	5.36958e-11	1.2971e-11	3.02081e-12	6.78683e-13	1.47189e-13	3.08328e-14	6.24257e-15	1.22438e-15	2.4456e-16	
0.000619921	0.000283359	0.00012383	5.17498e-05	2.06884e-05	7.91518e-06	2.89948e-06	1.0175e-06	3.42261e-07	1.1042e-07	3.41881e-08	1.01654e-08	2.90449e-09	7.97994e-10	2.10958e-10	5.36958e-11	1.31677e-11	3.11299e-12	7.09932e-13	1.56275e-13	3.32241e-14	6.82595e-15	1.35609e-15	2.61074e-16	5.11342e-17	
0.000226803	0.000100183	4.23534e-05	1.71405e-05	6.64255e-06	2.46599e-06	8.77385e-07	2.99327e-07	9.79696e-08	3.07804e-08	9.28856e-09	2.69387e-09	7.51322e-10	2.01634e-10	5.21023e-11	1.2971e-11	3.11299e-12	7.20663e-13	1.61025e-13	3.47466e-14	7.24502e-15	1.46055e-15	2.84841e-16	5.3849e-17	1.03464e-17	
7.87398e-05	3.3667e-05	1.37901e-05	5.41228e-06	2.03595e-06	7.3433e-07	2.54058e-07	8.43526e-08	2.68909e-08	8.23547e-09	2.42431e-09	6.86359e-10	1.86996e-10	4.90552e-11	1.23983e-11	3.02081e-12	7.09932e-13	1.61025e-13	3.52694e-14	7.46406e-15	1.52708e-15	3.02199e-16	5.78781e-17	1.07488e-17	2.02684e-18	
2.59876e-05	1.07718e-05	4.28088e-06	1.63153e-06	5.96476e-07	2.09258e-07	7.04748e-08	2.27952e-08	7.08467e-09	2.11681e-09	6.0836e-10	1.68264e-10	4.48141e-11	1.14993e-11	2.84452e-12	6.78683e-13	1.56275e-13	3.47466e-14	7.46406e-15	1.54992e-15	3.11277e-16	6.04935e-17	1.13824e-17	2.07737e-18	3.84588e-19	
8.16762e-06	3.28641e-06	1.26884e-06	4.70156e-07	1.67242e-07	5.71293e-08	1.87479e-08	5.91306e-09	1.79322e-09	5.23156e-10	1.469e-10	3.97219e-11	1.03487e-11	2.59911e-12	6.29618e-13	1.47189e-13	3.32241e-14	7.24502e-15	1.52708e-15	3.11277e-16	6.13921e-17	1.17213e-17	2.16755e-18	3.889e-19	7.07152e-20	
2.44837e-06	9.57525e-07	3.59573e-07	1.29681e-07	4.49295e-08	1.49588e-08	4.78778e-09	1.47373e-09	4.36454e-10	1.24423e-10	3.41597e-11	9.03634e-12	2.30441e-12	5.66807e-13	1.34538e-13	3.08328e-14	6.82595e-15	1.46055e-15	3.02199e-16	6.04935e-17	1.17213e-17	2.19942e-18	3.99874e-19	7.05557e-20	1.26055e-20	
7.01345e-07	2.6689e-07	9.75799e-08	3.42862e-08	1.15805e-08	3.76119e-09	1.17507e-09	3.53274e-10	1.02248e-10	2.85027e-11	7.65611e-12	1.98257e-12	4.95175e-13	1.19348e-13	2.77722e-14	6.24257e-15	1.35609e-15	2.84841e-16	5.78781e-17	1.13824e-17	2.16755e-18	3.99874e-19	7.15004e-20	1.24108e-20	2.1794e-21	
1.93729e-07	7.17274e-08	2.55262e-08	8.73828e-09	2.87808e-09	9.12224e-10	2.78316e-10	8.17634e-11	2.31382e-11	6.31002e-12	1.65903e-12	4.20728e-13	1.02961e-13	2.43264e-14	5.55165e-15	1.22438e-15	2.61074e-16	5.3849e-17	1.07488e-17	2.07737e-18	3.889e-19	7.05557e-20	1.24108e-20	2.11976e-21	3.65976e-22	
5.92202e-08	2.05116e-08	6.98726e-09	2.3125e-09	7.39735e-10	2.28242e-10	6.78796e-11	1.94567e-11	5.37613e-12	1.43245e-12	3.68188e-13	9.13322e-14	2.18743e-14	5.06056e-15	1.1314e-15	2.44561e-16	5.11342e-17	1.03464e-17	2.02684e-18	3.84588e-19	7.07152e-20	1.26055e-20	2.1794e-21	3.65976e-22	6.20706e-23	
