-1.28425	-1.27701	-1.27255	-1.26342	-1.25013	-1.23421	-1.21786	-1.20149	-1.18357	-1.16275	-1.13759	-1.10538	-1.06181	-1.00184	-0.921021	-0.815873	-0.683539	-0.522434	-0.332273	-0.115282	0.121828	0.370081	0.622197	0.871445	1.10422	
-1.29613	-1.29735	-1.29063	-1.27963	-1.26565	-1.24983	-1.23441	-1.22033	-1.20635	-1.1909	-1.17258	-1.149	-1.11608	-1.06866	-1.00165	-0.910884	-0.792692	-0.644614	-0.466048	-0.258853	-0.0291364	0.214749	0.466167	0.718057	0.956095	
-1.15004	-1.15143	-1.14429	-1.13314	-1.1195	-1.10449	-1.09066	-1.07902	-1.06882	-1.05852	-1.04743	-1.03373	-1.01407	-0.983909	-0.938324	-0.873025	-0.784452	-0.668702	-0.524067	-0.350952	-0.15145	0.0697299	0.306892	0.552535	0.794226	
-0.887768	-0.885201	-0.876931	-0.865743	-0.852487	-0.838674	-0.82689	-0.81803	-0.811645	-0.806805	-0.8035	-0.800878	-0.796063	-0.785063	-0.76375	-0.727361	-0.672615	-0.595383	-0.492044	-0.363242	-0.210896	-0.0371852	0.155321	0.363714	0.581832	
-0.549648	-0.545845	-0.538667	-0.528964	-0.517145	-0.505247	-0.494896	-0.487415	-0.481839	-0.479236	-0.479789	-0.484182	-0.490453	-0.495337	-0.496225	-0.489709	-0.471741	-0.439918	-0.388631	-0.315133	-0.221119	-0.10813	0.0235888	0.174769	0.346179	
-0.197307	-0.197315	-0.194817	-0.189018	-0.180763	-0.171502	-0.16199	-0.153637	-0.145522	-0.140265	-0.13901	-0.143002	-0.152062	-0.16492	-0.179634	-0.196991	-0.213261	-0.226697	-0.233905	-0.227443	-0.202821	-0.157662	-0.0888584	0.00529789	0.124943	
0.101006	0.0958926	0.0937403	0.0950298	0.099043	0.105876	0.113874	0.123891	0.13348	0.142326	0.14624	0.145468	0.138849	0.124946	0.104497	0.0757368	0.0373503	-0.00671686	-0.0556449	-0.103766	-0.143338	-0.167301	-0.169285	-0.142087	-0.0845694	
0.301814	0.293152	0.288132	0.285782	0.287222	0.291953	0.298484	0.308691	0.317843	0.327616	0.333618	0.336327	0.334739	0.327653	0.310023	0.282839	0.239541	0.181203	0.108924	0.0268166	-0.0595268	-0.141063	-0.21083	-0.258743	-0.274866	
0.401882	0.394858	0.390048	0.388138	0.389392	0.392243	0.397821	0.403631	0.410639	0.415236	0.42014	0.42299	0.423939	0.423977	0.416599	0.398685	0.366064	0.312758	0.235381	0.134034	0.0148819	-0.11448	-0.238824	-0.350446	-0.42944	
0.447153	0.44779	0.448399	0.451531	0.453066	0.455532	0.45771	0.45663	0.456678	0.451491	0.447355	0.441534	0.436138	0.428431	0.42182	0.406435	0.381636	0.338938	0.275903	0.179781	0.0557855	-0.0960008	-0.256593	-0.409745	-0.53999	
0.46042	0.470819	0.479567	0.485883	0.488988	0.490641	0.487769	0.482199	0.471722	0.458759	0.441402	0.422134	0.402914	0.378909	0.355788	0.329944	0.301421	0.261203	0.210333	0.13744	0.0343014	-0.096654	-0.257856	-0.418965	-0.574554	
0.423921	0.44154	0.454919	0.460612	0.467095	0.464811	0.460499	0.451807	0.435376	0.418467	0.392963	0.365306	0.331565	0.296102	0.253365	0.211238	0.16757	0.12818	0.0828295	0.0382116	-0.0313673	-0.121623	-0.247613	-0.396184	-0.542074	
0.326494	0.342183	0.354539	0.361024	0.365252	0.362692	0.357546	0.347623	0.333163	0.315047	0.292619	0.266113	0.231891	0.195675	0.149027	0.10155	0.0457621	-0.00401801	-0.0505847	-0.0835078	-0.113027	-0.160158	-0.23043	-0.345713	-0.479643	
0.180358	0.193398	0.202978	0.211815	0.211298	0.212414	0.205741	0.196222	0.185768	0.167628	0.151888	0.129736	0.106766	0.0792173	0.0477805	0.00902352	-0.0306805	-0.080976	-0.129409	-0.173032	-0.191917	-0.206992	-0.232057	-0.292641	-0.39623	
0.0454336	0.0605014	0.0693147	0.0770546	0.0787448	0.0784192	0.0736395	0.0648048	0.0546231	0.0397666	0.0244485	0.00635406	-0.011709	-0.0314827	-0.0479401	-0.0719352	-0.09338	-0.120223	-0.156833	-0.201073	-0.232799	-0.242758	-0.243812	-0.266185	-0.328566	
-0.0365566	-0.0248153	-0.0170794	-0.0115531	-0.00954156	-0.0101841	-0.0138951	-0.0199323	-0.0288214	-0.0395161	-0.0534535	-0.0669823	-0.0847303	-0.10184	-0.116055	-0.130568	-0.143333	-0.150342	-0.162232	-0.195224	-0.234214	-0.259678	-0.258967	-0.253167	-0.283684	
-0.0854894	-0.0771486	-0.0753916	-0.0710982	-0.070574	-0.0715142	-0.071413	-0.0767351	-0.0795004	-0.0853593	-0.0944039	-0.101562	-0.111466	-0.127927	-0.138394	-0.154262	-0.172756	-0.182134	-0.175195	-0.17948	-0.210991	-0.247289	-0.26741	-0.259846	-0.260265	
-0.118633	-0.117546	-0.114185	-0.113929	-0.111463	-0.113718	-0.113501	-0.11452	-0.119867	-0.118185	-0.1243	-0.128676	-0.128034	-0.137004	-0.14491	-0.145315	-0.161865	-0.186969	-0.195247	-0.184812	-0.192388	-0.224483	-0.255796	-0.261344	-0.256786	
-0.130727	-0.134339	-0.12574	-0.127434	-0.126089	-0.123918	-0.12919	-0.125357	-0.133053	-0.133904	-0.135495	-0.144537	-0.14362	-0.145086	-0.155837	-0.154576	-0.148546	-0.166553	-0.189918	-0.190679	-0.18655	-0.202733	-0.241853	-0.259865	-0.255418	
-0.129049	-0.130407	-0.121767	-0.126269	-0.123648	-0.120892	-0.127308	-0.121209	-0.127795	-0.129327	-0.12989	-0.136616	-0.145377	-0.140859	-0.154332	-0.163236	-0.156662	-0.152013	-0.177144	-0.187993	-0.187267	-0.189362	-0.219	-0.25093	-0.257279	
-0.133823	-0.12688	-0.12879	-0.1292	-0.127817	-0.128386	-0.128656	-0.130119	-0.127127	-0.131966	-0.131634	-0.125684	-0.141685	-0.133733	-0.138453	-0.154822	-0.165995	-0.154766	-0.164749	-0.180188	-0.183894	-0.183806	-0.204668	-0.239329	-0.25208	
-0.137795	-0.124828	-0.134464	-0.126577	-0.126588	-0.131597	-0.122355	-0.134732	-0.126339	-0.13227	-0.137625	-0.131709	-0.138029	-0.142829	-0.135339	-0.137463	-0.152089	-0.154174	-0.161781	-0.176946	-0.18171	-0.179748	-0.188946	-0.226227	-0.249531	
-0.124697	-0.121126	-0.124239	-0.119267	-0.12048	-0.122161	-0.118359	-0.123615	-0.121534	-0.123836	-0.126859	-0.12997	-0.131225	-0.140112	-0.141703	-0.14541	-0.149595	-0.148138	-0.150324	-0.17028	-0.179387	-0.178547	-0.182481	-0.212964	-0.241507	
-0.123319	-0.121782	-0.123674	-0.120532	-0.121968	-0.122082	-0.120353	-0.123275	-0.121654	-0.123081	-0.124474	-0.12529	-0.125618	-0.132688	-0.131575	-0.13779	-0.150385	-0.15095	-0.148122	-0.162994	-0.177028	-0.178234	-0.174157	-0.201253	-0.235074	
-0.124883	-0.122241	-0.123969	-0.120568	-0.120838	-0.122281	-0.119467	-0.123785	-0.122381	-0.124061	-0.127182	-0.127535	-0.126591	-0.13441	-0.130624	-0.131149	-0.143189	-0.152017	-0.144896	-0.158015	-0.171408	-0.177936	-0.17395	-0.192395	-0.225336	
-0.115873	-0.118005	-0.117169	-0.113933	-0.115627	-0.115238	-0.114322	-0.115688	-0.117416	-0.116921	-0.119134	-0.127524	-0.120335	-0.134908	-0.136216	-0.134323	-0.136203	-0.14692	-0.144318	-0.154254	-0.170043	-0.176407	-0.170237	-0.185582	-0.219755	
-0.118006	-0.121538	-0.118342	-0.118202	-0.120193	-0.116394	-0.121199	-0.117292	-0.120707	-0.120675	-0.119182	-0.123091	-0.120469	-0.124522	-0.126661	-0.132032	-0.141762	-0.149365	-0.142759	-0.149512	-0.165548	-0.176005	-0.169848	-0.181049	-0.213244	
-0.117169	-0.118342	-0.116653	-0.114455	-0.115278	-0.114493	-0.114789	-0.114911	-0.117906	-0.116845	-0.120337	-0.126457	-0.121145	-0.131844	-0.132885	-0.127557	-0.131272	-0.1457	-0.142898	-0.149102	-0.163427	-0.176002	-0.170149	-0.176018	-0.208438	
-0.113933	-0.118202	-0.114455	-0.114007	-0.116214	-0.112459	-0.117142	-0.113375	-0.11706	-0.117411	-0.115378	-0.122827	-0.118113	-0.125218	-0.12906	-0.13201	-0.135182	-0.146929	-0.142621	-0.146294	-0.161881	-0.172971	-0.169102	-0.176382	-0.205852	
-0.115627	-0.120193	-0.115278	-0.116214	-0.116861	-0.113772	-0.118047	-0.113623	-0.11891	-0.116898	-0.117947	-0.123351	-0.119591	-0.124279	-0.129038	-0.128751	-0.13371	-0.144477	-0.141749	-0.145985	-0.160767	-0.175307	-0.169646	-0.172792	-0.203441	
-0.115238	-0.116394	-0.114493	-0.112459	-0.113772	-0.112457	-0.113699	-0.113714	-0.115769	-0.116733	-0.117567	-0.124544	-0.119848	-0.130068	-0.131087	-0.128082	-0.12993	-0.146213	-0.14304	-0.146533	-0.160679	-0.172853	-0.169705	-0.174121	-0.203598	
-0.114322	-0.121199	-0.114789	-0.117142	-0.118047	-0.113699	-0.119889	-0.113515	-0.119004	-0.117653	-0.115709	-0.121856	-0.118079	-0.120766	-0.126979	-0.131939	-0.137131	-0.145879	-0.141603	-0.145344	-0.161467	-0.174	-0.169075	-0.175074	-0.204503	
-0.115688	-0.117292	-0.114911	-0.113375	-0.113623	-0.113714	-0.113515	-0.114208	-0.117005	-0.116194	-0.119363	-0.126016	-0.120727	-0.132385	-0.133685	-0.128309	-0.130116	-0.145543	-0.142453	-0.148858	-0.162836	-0.175215	-0.170826	-0.17488	-0.206648	
-0.117416	-0.120707	-0.117906	-0.11706	-0.11891	-0.115769	-0.119004	-0.117005	-0.118805	-0.120126	-0.118742	-0.12352	-0.120041	-0.125843	-0.127045	-0.130763	-0.138639	-0.149376	-0.143644	-0.148689	-0.164778	-0.174342	-0.168668	-0.180425	-0.211873	
-0.116921	-0.120675	-0.116845	-0.117411	-0.116898	-0.116733	-0.117653	-0.116194	-0.120126	-0.118063	-0.119829	-0.125947	-0.121374	-0.13006	-0.132937	-0.133452	-0.138487	-0.147261	-0.141741	-0.152465	-0.167951	-0.177383	-0.172136	-0.182353	-0.215597	
-0.119134	-0.119182	-0.120337	-0.115378	-0.117947	-0.117567	-0.115709	-0.119363	-0.118742	-0.119829	-0.123267	-0.127328	-0.122815	-0.136074	-0.134819	-0.132719	-0.138948	-0.149521	-0.145886	-0.157175	-0.170968	-0.176517	-0.17116	-0.189551	-0.223824	
-0.127524	-0.123091	-0.126457	-0.122827	-0.123351	-0.124544	-0.121856	-0.126016	-0.12352	-0.125947	-0.127328	-0.126145	-0.127948	-0.132284	-0.127591	-0.13271	-0.148953	-0.152488	-0.147054	-0.159961	-0.174168	-0.179088	-0.173668	-0.197415	-0.231407	
-0.120335	-0.120469	-0.121145	-0.118113	-0.119591	-0.119848	-0.118079	-0.120727	-0.120041	-0.121374	-0.122815	-0.127948	-0.126512	-0.136731	-0.140275	-0.146619	-0.149741	-0.148341	-0.148403	-0.166273	-0.179616	-0.177375	-0.179454	-0.209442	-0.237685	
-0.134908	-0.124522	-0.131844	-0.125218	-0.124279	-0.130068	-0.120766	-0.132385	-0.125843	-0.13006	-0.136074	-0.132284	-0.136731	-0.143803	-0.137447	-0.137463	-0.148923	-0.15189	-0.15718	-0.175866	-0.181224	-0.180006	-0.185451	-0.218512	-0.246806	
-0.136216	-0.126661	-0.132885	-0.12906	-0.129038	-0.131087	-0.126979	-0.133685	-0.127045	-0.132937	-0.134819	-0.127591	-0.140275	-0.137447	-0.136131	-0.147933	-0.16239	-0.156058	-0.164069	-0.178039	-0.182362	-0.180411	-0.197417	-0.236279	-0.252066	
-0.134323	-0.132032	-0.127557	-0.13201	-0.128751	-0.128082	-0.131939	-0.128309	-0.130763	-0.133452	-0.132719	-0.13271	-0.146619	-0.137463	-0.147933	-0.162366	-0.163132	-0.15198	-0.170806	-0.185026	-0.186607	-0.187876	-0.213484	-0.24588	-0.255029	
-0.136203	-0.141762	-0.131272	-0.135182	-0.13371	-0.12993	-0.137131	-0.130116	-0.138639	-0.138487	-0.138948	-0.148953	-0.149741	-0.148923	-0.16239	-0.163132	-0.150799	-0.159361	-0.186828	-0.191094	-0.187592	-0.195617	-0.232477	-0.258031	-0.25594	
-0.14692	-0.149365	-0.1457	-0.146929	-0.144477	-0.146213	-0.145879	-0.145543	-0.149376	-0.147261	-0.149521	-0.152488	-0.148341	-0.15189	-0.156058	-0.15198	-0.159361	-0.185195	-0.198441	-0.190208	-0.189988	-0.216287	-0.251708	-0.26033	-0.255786	
-0.144318	-0.142759	-0.142898	-0.142621	-0.141749	-0.14304	-0.141603	-0.142453	-0.143644	-0.141741	-0.145886	-0.147054	-0.148403	-0.15718	-0.164069	-0.170806	-0.186828	-0.198441	-0.192504	-0.18451	-0.205459	-0.240338	-0.264964	-0.263443	-0.259046	
-0.154254	-0.149512	-0.149102	-0.146294	-0.145985	-0.146533	-0.145344	-0.148858	-0.148689	-0.152465	-0.157175	-0.159961	-0.166273	-0.175866	-0.178039	-0.185026	-0.191094	-0.190208	-0.18451	-0.201872	-0.237021	-0.264883	-0.270198	-0.257391	-0.272073	
-0.170043	-0.165548	-0.163427	-0.161881	-0.160767	-0.160679	-0.161467	-0.162836	-0.164778	-0.167951	-0.170968	-0.174168	-0.179616	-0.181224	-0.182362	-0.186607	-0.187592	-0.189988	-0.205459	-0.237021	-0.263364	-0.2706	-0.261207	-0.266581	-0.313587	
-0.176407	-0.176005	-0.176002	-0.172971	-0.175307	-0.172853	-0.174	-0.175215	-0.174342	-0.177383	-0.176517	-0.179088	-0.177375	-0.180006	-0.180411	-0.187876	-0.195617	-0.216287	-0.240338	-0.264883	-0.2706	-0.264599	-0.266051	-0.299697	-0.378088	
-0.170237	-0.169848	-0.170149	-0.169102	-0.169646	-0.169705	-0.169075	-0.170826	-0.168668	-0.172136	-0.17116	-0.173668	-0.179454	-0.185451	-0.197417	-0.213484	-0.232477	-0.251708	-0.264964	-0.270198	-0.261207	-0.266051	-0.293375	-0.367678	-0.478769	
-0.185582	-0.181049	-0.176018	-0.176382	-0.172792	-0.174121	-0.175074	-0.17488	-0.180425	-0.182353	-0.189551	-0.197415	-0.209442	-0.218512	-0.236279	-0.24588	-0.258031	-0.26033	-0.263443	-0.257391	-0.266581	-0.299697	-0.367678	-0.474548	-0.589057	
-0.219755	-0.213244	-0.208438	-0.205852	-0.203441	-0.203598	-0.204503	-0.206648	-0.211873	-0.215597	-0.223824	-0.231407	-0.237685	-0.246806	-0.252066	-0.255029	-0.25594	-0.255786	-0.259046	-0.272073	-0.313587	-0.378088	-0.478769	-0.589057	-0.700054	
