0.065034	0.0309255	0.010692	-0.00108696	-0.0157344	-0.0193799	-0.0215408	-0.0300068	-0.0329974	-0.0371159	-0.0407098	-0.0420648	-0.0408094	-0.0442837	-0.0517083	-0.0480191	-0.0474745	-0.0559836	-0.0568313	-0.0542705	-0.0566104	-0.0637564	-0.0694241	-0.0647402	-0.062893	
0.030889	0.00573011	-0.0084628	-0.0196072	-0.0271193	-0.025841	-0.0334776	-0.0401916	-0.0377	-0.0394837	-0.0421667	-0.0438887	-0.0445072	-0.0489349	-0.0511619	-0.046467	-0.0514818	-0.0585153	-0.0554709	-0.0545825	-0.0596508	-0.0668223	-0.0691146	-0.0633596	-0.0663322	
0.0106527	-0.00847283	-0.0208775	-0.0272091	-0.0319073	-0.0353674	-0.041629	-0.0400418	-0.0375316	-0.0429738	-0.0466221	-0.0458802	-0.0447172	-0.0501416	-0.0513788	-0.0480379	-0.0544841	-0.0583408	-0.0551251	-0.0568099	-0.0625856	-0.0686262	-0.0680871	-0.0633534	-0.0714142	
-0.0011175	-0.0196172	-0.0272114	-0.0342884	-0.0406645	-0.0383836	-0.0404049	-0.0393526	-0.0419824	-0.0478789	-0.0461129	-0.0437702	-0.0478501	-0.0536859	-0.0495312	-0.0485789	-0.0582042	-0.0588941	-0.0549199	-0.0586986	-0.0656522	-0.0701129	-0.0667227	-0.0648779	-0.0776176	
-0.0157549	-0.0271265	-0.0319095	-0.040665	-0.0365565	-0.0359415	-0.0441107	-0.0431229	-0.0462313	-0.0467701	-0.0442439	-0.0470943	-0.0511009	-0.0518332	-0.0486407	-0.0539141	-0.060719	-0.0562195	-0.0554383	-0.0628364	-0.0688976	-0.0697772	-0.0653206	-0.0688785	-0.0842966	
-0.0193924	-0.0258455	-0.0353689	-0.038384	-0.0359416	-0.0465405	-0.0479938	-0.0422973	-0.0448261	-0.0455183	-0.0470488	-0.0488713	-0.0518594	-0.0528901	-0.0504939	-0.0563184	-0.0597612	-0.0558899	-0.0593497	-0.0664653	-0.0698355	-0.0685381	-0.0660596	-0.0752339	-0.0896918	
-0.0215479	-0.0334802	-0.0416298	-0.0404052	-0.0441107	-0.0479938	-0.0401685	-0.0400502	-0.048204	-0.0496364	-0.0481625	-0.0503939	-0.0543171	-0.0505875	-0.0507744	-0.0608834	-0.0605484	-0.0562131	-0.0623163	-0.0689809	-0.0705317	-0.0679308	-0.0689899	-0.0824527	-0.0926934	
-0.0300106	-0.040193	-0.0400423	-0.0393528	-0.043123	-0.0422973	-0.0400502	-0.0498088	-0.0540951	-0.0466425	-0.0468794	-0.0529932	-0.0527002	-0.0504603	-0.0583078	-0.0634126	-0.0564603	-0.0575315	-0.0675548	-0.0716043	-0.0699604	-0.0676917	-0.0744964	-0.0895546	-0.0927112	
-0.0329994	-0.0377007	-0.0375319	-0.0419825	-0.0462313	-0.0448261	-0.048204	-0.0540951	-0.0455024	-0.0426878	-0.0529281	-0.0560934	-0.0531151	-0.0545817	-0.0605466	-0.0597464	-0.0566182	-0.0640658	-0.0716497	-0.071165	-0.0685761	-0.070353	-0.0826535	-0.0942067	-0.0896365	
-0.0371168	-0.0394841	-0.0429739	-0.0478789	-0.0467701	-0.0455183	-0.0496364	-0.0466425	-0.0426878	-0.0535408	-0.0593901	-0.0538076	-0.051187	-0.0561527	-0.0628943	-0.0606548	-0.0596335	-0.0685145	-0.072895	-0.0700266	-0.0692571	-0.0767124	-0.0905763	-0.0943947	-0.0856391	
-0.0407102	-0.0421668	-0.0466221	-0.046113	-0.044244	-0.0470488	-0.0481625	-0.0468794	-0.0529281	-0.0593901	-0.0533312	-0.0487893	-0.0549602	-0.0645286	-0.0646155	-0.0571445	-0.0629269	-0.0743905	-0.0728588	-0.0686534	-0.073226	-0.085288	-0.0950759	-0.0908999	-0.0842561	
-0.042065	-0.0438888	-0.0458802	-0.0437703	-0.0470943	-0.0488713	-0.0503939	-0.0529932	-0.0560934	-0.0538076	-0.0487893	-0.0553672	-0.0652038	-0.0649372	-0.0571958	-0.0593299	-0.0735932	-0.0762188	-0.0686083	-0.0707375	-0.0815214	-0.0924381	-0.0946896	-0.0870157	-0.0881686	
-0.0408094	-0.0445073	-0.0447172	-0.0478501	-0.0511009	-0.0518594	-0.0543171	-0.0527002	-0.0531151	-0.051187	-0.0549602	-0.0652038	-0.0641772	-0.057993	-0.059633	-0.0706767	-0.0771662	-0.0706424	-0.0690101	-0.0788763	-0.0893641	-0.0951779	-0.0915298	-0.0864606	-0.0980488	
-0.0442838	-0.0489349	-0.0501416	-0.0536859	-0.0518332	-0.0528901	-0.0505875	-0.0504603	-0.0545817	-0.0561527	-0.0645286	-0.0649372	-0.057993	-0.0605911	-0.0681406	-0.0752605	-0.0743782	-0.0694703	-0.0754691	-0.0868756	-0.0942148	-0.0946861	-0.0884888	-0.0917681	-0.113028	
-0.0517083	-0.0511619	-0.0513788	-0.0495312	-0.0486407	-0.0504939	-0.0507744	-0.0583078	-0.0605466	-0.0628943	-0.0646155	-0.0571958	-0.059633	-0.0681406	-0.0738649	-0.0773333	-0.0718109	-0.071249	-0.0840797	-0.0943913	-0.0960104	-0.0912068	-0.0891839	-0.104976	-0.129858	
-0.0480191	-0.046467	-0.0480379	-0.0485789	-0.0539141	-0.0563184	-0.0608834	-0.0634126	-0.0597464	-0.0606548	-0.0571445	-0.0593299	-0.0706767	-0.0752605	-0.0773333	-0.0731849	-0.068205	-0.081059	-0.0961266	-0.0969261	-0.0920615	-0.0893328	-0.0992122	-0.123752	-0.142282	
-0.0474745	-0.0514818	-0.0544841	-0.0582042	-0.060719	-0.0597612	-0.0605484	-0.0564603	-0.0566182	-0.0596335	-0.0629269	-0.0735932	-0.0771662	-0.0743782	-0.0718109	-0.068205	-0.0796585	-0.0977984	-0.0981033	-0.0909706	-0.0900781	-0.096988	-0.117442	-0.14011	-0.146001	
-0.0559836	-0.0585153	-0.0583408	-0.0588941	-0.0562195	-0.0558899	-0.0562131	-0.0575315	-0.0640658	-0.0685145	-0.0743905	-0.0762188	-0.0706424	-0.0694703	-0.071249	-0.081059	-0.0977984	-0.0987168	-0.0896507	-0.0902829	-0.0973989	-0.112683	-0.13623	-0.147804	-0.141995	
-0.0568313	-0.0554709	-0.0551251	-0.0549199	-0.0554383	-0.0593497	-0.0623163	-0.0675548	-0.0716497	-0.072895	-0.0728588	-0.0686083	-0.0690101	-0.0754691	-0.0840797	-0.0961266	-0.0981033	-0.0896507	-0.0902246	-0.0983818	-0.11015	-0.131964	-0.148728	-0.144978	-0.134883	
-0.0542705	-0.0545825	-0.0568099	-0.0586986	-0.0628364	-0.0664653	-0.0689809	-0.0716043	-0.071165	-0.0700266	-0.0686534	-0.0707375	-0.0788763	-0.0868756	-0.0943913	-0.0969261	-0.0909706	-0.0902829	-0.0983818	-0.109426	-0.129197	-0.148804	-0.147988	-0.135487	-0.132474	
-0.0566104	-0.0596508	-0.0625856	-0.0656522	-0.0688976	-0.0698355	-0.0705317	-0.0699604	-0.0685761	-0.0692571	-0.073226	-0.0815214	-0.0893641	-0.0942148	-0.0960104	-0.0920615	-0.0900781	-0.0973989	-0.11015	-0.129197	-0.1487	-0.149872	-0.136201	-0.131193	-0.142233	
-0.0637564	-0.0668223	-0.0686262	-0.0701129	-0.0697772	-0.0685381	-0.0679308	-0.0676917	-0.070353	-0.0767124	-0.085288	-0.0924381	-0.0951779	-0.0946861	-0.0912068	-0.0893328	-0.096988	-0.112683	-0.131964	-0.148804	-0.149872	-0.136533	-0.130321	-0.14137	-0.167619	
-0.0694241	-0.0691146	-0.0680871	-0.0667227	-0.0653206	-0.0660596	-0.0689899	-0.0744964	-0.0826535	-0.0905763	-0.0950759	-0.0946896	-0.0915298	-0.0884888	-0.0891839	-0.0992122	-0.117442	-0.13623	-0.148728	-0.147988	-0.136201	-0.130321	-0.141033	-0.166678	-0.213163	
-0.0647402	-0.0633596	-0.0633534	-0.0648779	-0.0688785	-0.0752339	-0.0824527	-0.0895546	-0.0942067	-0.0943947	-0.0908999	-0.0870157	-0.0864606	-0.0917681	-0.104976	-0.123752	-0.14011	-0.147804	-0.144978	-0.135487	-0.131193	-0.14137	-0.166678	-0.211719	-0.282951	
-0.062893	-0.0663322	-0.0714142	-0.0776176	-0.0842966	-0.0896918	-0.0926934	-0.0927112	-0.0896365	-0.0856391	-0.0842561	-0.0881686	-0.0980488	-0.113028	-0.129858	-0.142282	-0.146001	-0.141995	-0.134883	-0.132474	-0.142233	-0.167619	-0.213163	-0.282951	-0.367172	
-0.0759667	-0.0814125	-0.0861735	-0.089612	-0.0909495	-0.0899003	-0.087293	-0.0843352	-0.0831101	-0.0860716	-0.0942033	-0.106545	-0.120959	-0.134407	-0.142908	-0.144116	-0.139826	-0.134394	-0.133426	-0.143444	-0.17007	-0.217781	-0.287475	-0.369224	-0.4452	
-0.0870492	-0.0884451	-0.0883621	-0.0869886	-0.0847843	-0.082916	-0.0827255	-0.0854319	-0.0920589	-0.102435	-0.114975	-0.127509	-0.137715	-0.143193	-0.142749	-0.138107	-0.133313	-0.133583	-0.145403	-0.175143	-0.226239	-0.296383	-0.375184	-0.448004	-0.505728	
-0.0856948	-0.0843341	-0.0828755	-0.0819807	-0.0825304	-0.0854378	-0.0912167	-0.0999736	-0.11106	-0.122872	-0.133441	-0.140877	-0.143578	-0.141098	-0.135434	-0.130995	-0.133544	-0.149487	-0.184239	-0.239109	-0.309282	-0.384566	-0.453565	-0.509069	-0.547162	
-0.0813766	-0.0812117	-0.0823976	-0.0855292	-0.0911017	-0.0991988	-0.109381	-0.120632	-0.131276	-0.139392	-0.143393	-0.142466	-0.137283	-0.13082	-0.128194	-0.13537	-0.157733	-0.198444	-0.256392	-0.325522	-0.396854	-0.461898	-0.514781	-0.550293	-0.559683	
-0.0823127	-0.0862191	-0.0922998	-0.100569	-0.110592	-0.121393	-0.131549	-0.139361	-0.14327	-0.142499	-0.137544	-0.130552	-0.125503	-0.127616	-0.141923	-0.171802	-0.217903	-0.277423	-0.344451	-0.411834	-0.473154	-0.522883	-0.554462	-0.558795	-0.527088	
-0.0965105	-0.105349	-0.115252	-0.125265	-0.134106	-0.140392	-0.142971	-0.141322	-0.136011	-0.128942	-0.123291	-0.123155	-0.132755	-0.155287	-0.191988	-0.241777	-0.301379	-0.365884	-0.429756	-0.487474	-0.532998	-0.558762	-0.556162	-0.518835	-0.446673	
-0.123002	-0.131147	-0.13754	-0.141231	-0.141564	-0.138465	-0.132681	-0.125907	-0.120727	-0.120277	-0.127739	-0.145718	-0.175621	-0.217298	-0.269093	-0.328093	-0.39035	-0.451061	-0.504557	-0.54404	-0.561761	-0.55058	-0.506729	-0.431677	-0.330576	
-0.139442	-0.14004	-0.13801	-0.133637	-0.127785	-0.121922	-0.118039	-0.118441	-0.125427	-0.140936	-0.166246	-0.201741	-0.246818	-0.299899	-0.358415	-0.418659	-0.475638	-0.523129	-0.55409	-0.561663	-0.540868	-0.490247	-0.412054	-0.31018	-0.187266	
-0.131996	-0.127239	-0.122134	-0.117851	-0.115846	-0.11774	-0.125156	-0.139543	-0.162012	-0.193201	-0.233146	-0.281131	-0.335502	-0.39344	-0.450768	-0.501984	-0.540724	-0.560665	-0.556713	-0.526136	-0.469021	-0.387507	-0.283999	-0.159847	-0.0162468	
-0.116784	-0.114544	-0.114666	-0.118301	-0.12664	-0.140829	-0.161869	-0.190507	-0.227077	-0.271302	-0.322048	-0.377065	-0.432843	-0.484657	-0.526958	-0.554122	-0.561385	-0.54566	-0.505887	-0.442694	-0.357429	-0.251177	-0.124745	0.0197895	0.176796	
-0.114533	-0.120112	-0.129876	-0.144795	-0.165772	-0.193525	-0.228432	-0.270319	-0.318238	-0.370264	-0.423388	-0.473606	-0.516253	-0.546565	-0.560367	-0.55467	-0.527918	-0.47978	-0.410574	-0.320689	-0.21048	-0.081065	0.0641613	0.218311	0.37146	
-0.135525	-0.152393	-0.174758	-0.20317	-0.237851	-0.278515	-0.324211	-0.373184	-0.422845	-0.46987	-0.510471	-0.540802	-0.557426	-0.557696	-0.539912	-0.503182	-0.447072	-0.371274	-0.275597	-0.160505	-0.0281282	0.116751	0.266517	0.411975	0.544758	
-0.19037	-0.220572	-0.255885	-0.295839	-0.339423	-0.385034	-0.430485	-0.473109	-0.509959	-0.538074	-0.554762	-0.557808	-0.54555	-0.516785	-0.470567	-0.40606	-0.32261	-0.220187	-0.100119	0.0341647	0.176853	0.320351	0.456797	0.579902	0.685993	
-0.280868	-0.319926	-0.36106	-0.402866	-0.443571	-0.481119	-0.513305	-0.537927	-0.552934	-0.556513	-0.547107	-0.523351	-0.483989	-0.427845	-0.353975	-0.262039	-0.152868	-0.0290034	0.105047	0.243142	0.378472	0.50489	0.617998	0.715277	0.795042	
-0.38197	-0.419798	-0.455827	-0.488512	-0.516209	-0.537257	-0.550041	-0.553027	-0.54475	-0.523785	-0.488736	-0.438289	-0.371405	-0.287638	-0.187566	-0.0731783	0.0519483	0.182859	0.313871	0.439504	0.555356	0.658447	0.746775	0.818192	0.869251	
-0.456263	-0.4852	-0.509641	-0.528227	-0.539538	-0.542127	-0.534535	-0.515309	-0.483038	-0.436454	-0.374609	-0.297144	-0.204589	-0.0986267	0.0178127	0.140711	0.265416	0.387286	0.502327	0.60753	0.700688	0.77971	0.841735	0.882601	0.897216	
-0.479569	-0.496992	-0.508046	-0.511278	-0.505145	-0.488109	-0.458739	-0.415855	-0.358684	-0.287052	-0.201571	-0.103776	0.00384739	0.118006	0.234924	0.350788	0.462176	0.566306	0.660952	0.744016	0.812904	0.864039	0.892905	0.894849	0.866539	
-0.438135	-0.44194	-0.437601	-0.423594	-0.398451	-0.360948	-0.31031	-0.246388	-0.169776	-0.081852	0.0152702	0.118892	0.225973	0.333431	0.438419	0.538472	0.63145	0.715252	0.78739	0.844624	0.882917	0.897886	0.885796	0.844843	0.776282	
-0.315467	-0.302732	-0.281277	-0.250024	-0.208107	-0.155079	-0.091096	-0.0170155	0.0656452	0.154857	0.248292	0.343544	0.438305	0.530444	0.617943	0.698698	0.770239	0.829489	0.87272	0.895856	0.895147	0.868135	0.814626	0.73733	0.641877	
-0.103149	-0.0740952	-0.038309	0.00453175	0.0546532	0.112039	0.176252	0.24637	0.321066	0.398763	0.477782	0.556408	0.632842	0.705065	0.770654	0.826638	0.869508	0.895439	0.9008	0.882866	0.840606	0.775295	0.690738	0.592956	0.489333	
0.177904	0.218851	0.262664	0.309017	0.357925	0.409579	0.464032	0.520985	0.579751	0.6393	0.698285	0.755007	0.80732	0.852564	0.887587	0.908943	0.913274	0.897859	0.86123	0.803712	0.727713	0.637644	0.539416	0.439617	0.344522	
0.479955	0.528877	0.577001	0.623242	0.66753	0.710419	0.752451	0.793718	0.833704	0.871313	0.904932	0.932492	0.951539	0.959389	0.953387	0.931299	0.891758	0.834697	0.761627	0.675687	0.581388	0.484074	0.38921	0.301638	0.224971	
0.753647	0.810883	0.864919	0.913151	0.955101	0.991291	1.0222	1.04766	1.0668	1.07816	1.07998	1.07041	1.04781	1.01093	0.959217	0.893035	0.813862	0.724327	0.628065	0.529397	0.432848	0.342613	0.262061	0.193402	0.137552	
0.965883	1.03466	1.09719	1.1493	1.19041	1.22089	1.24083	1.2496	1.24595	1.22841	1.19574	1.14728	1.08318	1.00456	0.91352	0.813086	0.707016	0.5995	0.494786	0.396764	0.308589	0.232411	0.169259	0.119089	0.0809915	
1.09344	1.18201	1.25003	1.30127	1.33728	1.35882	1.36583	1.35746	1.3325	1.28993	1.22941	1.15167	1.0586	0.95322	0.839458	0.721851	0.605121	0.493739	0.391509	0.301249	0.224612	0.162069	0.113062	0.0762929	0.050161	
