1.03663e-36	2.58473e-38	6.11761e-40	1.37575e-41	2.94224e-43	5.98918e-45	1.16133e-46	2.14673e-48	3.78567e-50	6.37304e-52	1.02487e-53	1.57535e-55	2.31588e-57	3.25783e-59	4.38767e-61	5.66037e-63	6.99779e-65	8.29411e-67	9.42862e-69	1.0284e-70	1.07664e-72	1.08222e-74	1.04482e-76	9.69098e-79	8.69826e-81	
6.44047e-38	1.56247e-39	3.59958e-41	7.88208e-43	1.64194e-44	3.25655e-46	6.1544e-48	1.10907e-49	1.90715e-51	3.13145e-53	4.91265e-55	7.36806e-57	1.05706e-58	1.45139e-60	1.9082e-62	2.40338e-64	2.90119e-66	3.35788e-68	3.72787e-70	3.97121e-72	4.06071e-74	3.98695e-76	3.75985e-78	3.40653e-80	2.97054e-82	
3.68429e-39	8.69943e-41	1.95134e-42	4.16168e-44	8.44633e-46	1.6326e-47	3.00769e-49	5.28496e-51	8.86335e-53	1.41966e-54	2.173e-56	3.18037e-58	4.45322e-60	5.96856e-62	7.66084e-64	9.4209e-66	1.11046e-67	1.25513e-69	1.36085e-71	1.41587e-73	1.41408e-75	1.35612e-77	1.24917e-79	1.10551e-81	9.40629e-84	
1.94603e-40	4.47364e-42	9.77294e-44	2.03058e-45	4.01612e-47	7.56697e-49	1.35921e-50	2.32919e-52	3.81034e-54	5.95435e-56	8.89349e-58	1.27034e-59	1.73623e-61	2.27171e-63	2.84679e-65	3.4183e-67	3.93459e-69	4.34301e-71	4.5988e-73	4.67317e-75	4.55858e-77	4.27003e-79	3.8418e-81	3.32089e-83	2.75921e-85	
9.51547e-42	2.13031e-43	4.53362e-45	9.17923e-47	1.7696e-48	3.25075e-50	5.6943e-52	9.51792e-54	1.51904e-55	2.31623e-57	3.37623e-59	4.70712e-61	6.28021e-63	8.02228e-65	9.81577e-67	1.15091e-68	1.29366e-70	1.39453e-72	1.44218e-74	1.43133e-76	1.3637e-78	1.24763e-80	1.09636e-82	9.25614e-85	7.5107e-87	
4.31759e-43	9.41616e-45	1.95265e-46	3.85348e-48	7.24265e-50	1.29742e-51	2.21669e-53	3.61458e-55	5.62875e-57	8.37575e-59	1.19161e-60	1.62171e-62	2.11231e-64	2.63445e-66	3.14748e-68	3.60376e-70	3.95585e-72	4.16459e-74	4.20632e-76	4.07726e-78	3.79402e-80	3.39013e-82	2.90957e-84	2.39904e-86	1.90105e-88	
1.82203e-44	3.87187e-46	7.82571e-48	1.50561e-49	2.75943e-51	4.8212e-53	8.03559e-55	1.27846e-56	1.94278e-58	2.82152e-60	3.9183e-62	5.20582e-64	6.62018e-66	8.06188e-68	9.40534e-70	1.05162e-71	1.12734e-73	1.15908e-75	1.14335e-77	1.08239e-79	9.83681e-82	8.58425e-84	7.19507e-86	5.79359e-88	4.4831e-90	
7.16601e-46	1.48417e-47	2.92438e-49	5.4862e-51	9.80663e-53	1.67141e-54	2.71799e-56	4.21978e-58	6.25841e-60	8.87186e-62	1.20274e-63	1.56009e-65	1.9371e-67	2.30342e-69	2.62417e-71	2.86535e-73	2.99978e-75	3.01212e-77	2.9018e-79	2.68288e-81	2.38118e-83	2.02932e-85	1.66103e-87	1.30605e-89	9.868e-92	
2.6318e-47	5.31369e-49	1.02091e-50	1.86791e-52	3.25701e-54	5.41596e-56	8.59418e-58	1.30218e-59	1.88508e-61	2.60863e-63	3.45258e-65	4.37256e-67	5.30133e-69	6.1557e-71	6.84838e-73	7.30264e-75	7.46632e-77	7.32168e-79	6.8885e-81	6.21972e-83	5.39092e-85	4.48648e-87	3.58585e-89	2.75303e-91	2.03085e-93	
9.0421e-49	1.78009e-50	3.33545e-52	5.95294e-54	1.0127e-55	1.6432e-57	2.5447e-59	3.76339e-61	5.31814e-63	7.18473e-65	9.28428e-67	1.14809e-68	1.35922e-70	1.54122e-72	1.67446e-74	1.74371e-76	1.74106e-78	1.66736e-80	1.53196e-82	1.35078e-84	1.14328e-86	9.29073e-89	7.25042e-91	5.43469e-93	3.91375e-95	
2.91114e-50	5.58921e-52	1.02156e-53	1.77876e-55	2.95265e-57	4.67556e-59	7.06719e-61	1.02025e-62	1.40749e-64	1.8565e-66	2.34241e-68	2.82845e-70	3.26992e-72	3.6208e-74	3.84162e-76	3.90678e-78	3.80945e-80	3.56266e-82	3.19653e-84	2.75224e-86	2.27458e-88	1.80475e-90	1.37504e-92	1.00618e-94	7.07286e-97	
8.79673e-52	1.64741e-53	2.93755e-55	4.99092e-57	8.085e-59	1.24957e-60	1.84368e-62	2.59835e-64	3.4997e-66	4.50717e-68	5.55292e-70	6.54751e-72	7.3918e-74	7.99305e-76	8.28173e-78	8.22477e-80	7.83173e-82	7.15236e-84	6.26637e-86	5.26823e-88	4.25101e-90	3.29297e-92	2.44923e-94	1.7494e-96	1.2002e-98	
2.49856e-53	4.56495e-55	7.94244e-57	1.31688e-58	2.0821e-60	3.14115e-62	4.5244e-64	6.2253e-66	8.18676e-68	1.02951e-69	1.23854e-71	1.42609e-73	1.57221e-75	1.66022e-77	1.67983e-79	1.62912e-81	1.51482e-83	1.35086e-85	1.15561e-87	9.48567e-90	7.47258e-92	5.65071e-94	4.1024e-96	2.85983e-98	1.91466e-100	
6.6799e-55	1.19082e-56	2.0219e-58	3.27193e-60	5.04962e-62	7.43685e-64	1.04579e-65	1.40494e-67	1.80405e-69	2.21526e-71	2.60245e-73	2.92618e-75	3.15031e-77	3.2486e-79	3.2098e-81	3.03973e-83	2.75991e-85	2.40311e-87	2.00714e-89	1.60844e-91	1.23691e-93	9.12973e-96	6.46893e-98	4.40068e-100	2.8747e-102	
1.68317e-56	2.92817e-58	4.85238e-60	7.6647e-62	1.15476e-63	1.66035e-65	2.27962e-67	2.99027e-69	3.74937e-71	4.49579e-73	5.15755e-75	5.66301e-77	5.95364e-79	5.99517e-81	5.78427e-83	5.34877e-85	4.74176e-87	4.03104e-89	3.2869e-91	2.57122e-93	1.93e-95	1.39031e-97	9.61317e-100	6.38078e-102	4.06629e-104	
4.00217e-58	6.79526e-60	1.09915e-61	1.69486e-63	2.4929e-65	3.4996e-67	4.69154e-69	6.00919e-71	7.3575e-73	8.615e-75	9.65102e-77	1.0348e-78	1.06234e-80	1.04459e-82	9.84092e-85	8.88512e-87	7.69031e-89	6.38237e-91	5.08013e-93	3.87889e-95	2.84156e-97	1.9975e-99	1.34759e-101	8.72601e-104	5.42394e-106	
8.99017e-60	1.48994e-61	2.35264e-63	3.54163e-65	5.086e-67	6.97139e-69	9.12567e-71	1.14138e-72	1.36464e-74	1.56034e-76	1.70693e-78	1.78718e-80	1.79157e-82	1.72011e-84	1.58221e-86	1.39471e-88	1.17848e-90	9.54729e-93	7.41736e-95	5.52726e-97	3.95122e-99	2.71003e-101	1.78358e-103	1.12648e-105	6.82836e-108	
1.90991e-61	3.08991e-63	4.76322e-65	7.00083e-67	9.81632e-69	1.31383e-70	1.67937e-72	2.05108e-74	2.39467e-76	2.67375e-78	2.85616e-80	2.92005e-82	2.85821e-84	2.67936e-86	2.40618e-88	2.07063e-90	1.70788e-92	1.35049e-94	1.02396e-96	7.44584e-99	5.19331e-101	3.47481e-103	2.23059e-105	1.37386e-107	8.11974e-110	
3.84121e-63	6.06691e-65	9.13106e-67	1.31037e-68	1.79407e-70	2.34471e-72	2.9266e-74	3.49038e-76	3.9793e-78	4.33857e-80	4.52544e-82	4.51757e-84	4.31739e-86	3.95134e-88	3.46413e-90	2.90993e-92	2.34266e-94	1.80785e-96	1.33759e-98	9.48986e-101	6.457e-103	4.21391e-105	2.63793e-107	1.58414e-109	9.12649e-112	
7.32056e-65	1.12886e-66	1.65889e-68	2.32453e-70	3.10768e-72	3.966e-74	4.83391e-76	5.62958e-78	6.26719e-80	6.67211e-82	6.79533e-84	6.62316e-86	6.17967e-88	5.52127e-90	4.72499e-92	3.87398e-94	3.04371e-96	2.29204e-98	1.65457e-100	1.14514e-102	7.59971e-105	4.83659e-107	2.95202e-109	1.72807e-111	9.7025e-114	
1.32321e-66	1.99227e-68	2.85868e-70	3.91145e-72	5.10628e-74	6.36341e-76	7.57362e-78	8.61275e-80	9.3624e-82	9.73217e-84	9.67756e-86	9.20878e-88	8.38785e-90	7.31533e-92	6.1103e-94	4.88919e-96	3.74839e-98	2.75401e-100	1.93939e-102	1.30919e-104	8.47275e-107	5.25735e-109	3.12793e-111	1.78447e-113	9.76195e-116	
2.2703e-68	3.33767e-70	4.67644e-72	6.24816e-74	7.96502e-76	9.69255e-78	1.12645e-79	1.25082e-81	1.32761e-83	1.34742e-85	1.30809e-87	1.21512e-89	1.08038e-91	9.19656e-94	7.49669e-96	5.85334e-98	4.37836e-100	3.13809e-102	2.1554e-104	1.41889e-106	8.953e-109	5.41525e-111	3.13991e-113	1.74531e-115	9.30018e-118	
3.7004e-70	5.31205e-72	7.26772e-74	9.48203e-76	1.18032e-77	1.40252e-79	1.59158e-81	1.72561e-83	1.78824e-85	1.77187e-87	1.67925e-89	1.52266e-91	1.32137e-93	1.09771e-95	8.7315e-98	6.65153e-100	4.85358e-102	3.39294e-104	2.27258e-106	1.4586e-108	8.97143e-111	5.28833e-113	2.98758e-115	1.61758e-117	8.39369e-120	
5.73382e-72	8.03748e-74	1.0738e-75	1.36801e-77	1.66282e-79	1.9293e-81	2.1377e-83	2.2629e-85	2.28942e-87	2.21451e-89	2.04863e-91	1.81307e-93	1.53549e-95	1.24471e-97	9.65978e-100	7.17845e-102	5.10892e-104	3.48276e-106	2.27437e-108	1.42293e-110	8.5293e-113	4.89859e-115	2.69563e-117	1.42126e-119	7.17962e-122	
8.45216e-74	1.15694e-75	1.5093e-77	1.87758e-79	2.22843e-81	2.52453e-83	2.73106e-85	2.82246e-87	2.78759e-89	2.632e-91	2.37648e-93	2.05256e-95	1.69623e-97	1.34153e-99	1.01562e-101	7.36123e-104	5.1089e-106	3.39559e-108	2.1615e-110	1.3179e-112	7.69682e-115	4.30582e-117	2.30734e-119	1.18431e-121	5.82229e-124	
1.18604e-75	1.58528e-77	2.01942e-79	2.45299e-81	2.84265e-83	3.14418e-85	3.32073e-87	3.35021e-89	3.22981e-91	2.97642e-93	2.62272e-95	2.2104e-97	1.78219e-99	1.37498e-101	1.01527e-103	7.17597e-106	4.85568e-108	3.14586e-110	1.95156e-112	1.15933e-114	6.59511e-117	3.59279e-119	1.87424e-121	9.36224e-124	4.47779e-126	
1.58528e-77	2.06903e-79	2.57355e-81	3.05229e-83	3.45348e-85	3.72921e-87	3.8449e-89	3.78639e-91	3.56279e-93	3.20418e-95	2.75505e-97	2.26538e-99	1.78177e-101	1.34076e-103	9.65412e-106	6.65277e-108	4.38805e-110	2.77053e-112	1.67457e-114	9.6897e-117	5.36773e-119	2.84667e-121	1.44521e-123	7.02329e-126	3.26682e-128	
2.01942e-79	2.57355e-81	3.12553e-83	3.61927e-85	3.99784e-87	4.21432e-89	4.24129e-91	4.07659e-93	3.74344e-95	3.28512e-97	2.75586e-99	2.21053e-101	1.69575e-103	1.24433e-105	8.7355e-108	5.86782e-110	3.77179e-112	2.32024e-114	1.36602e-116	7.69712e-119	4.15092e-121	2.14235e-123	1.05813e-125	5.00089e-128	2.26135e-130	
2.45299e-81	3.05229e-83	3.61927e-85	4.09159e-87	4.41203e-89	4.53986e-91	4.45935e-93	4.18292e-95	3.74806e-97	3.20907e-99	2.6261e-101	2.05449e-103	1.5369e-105	1.09953e-107	7.52418e-110	4.92548e-112	3.08471e-114	1.84834e-116	1.05967e-118	5.81266e-121	3.05062e-123	1.53175e-125	7.35756e-128	3.38048e-130	1.48545e-132	
2.84265e-83	3.45348e-85	3.99784e-87	4.41203e-89	4.64395e-91	4.6639e-93	4.47081e-95	4.09212e-97	3.5774e-99	2.9879e-101	2.3848e-103	1.81936e-105	1.32693e-107	9.25357e-110	6.17106e-112	3.93589e-114	2.40099e-116	1.40095e-118	7.81882e-121	4.17392e-123	2.13113e-125	1.04066e-127	4.85946e-130	2.16967e-132	9.26079e-135	
3.14418e-85	3.72921e-87	4.21432e-89	4.53986e-91	4.6639e-93	4.57108e-95	4.27573e-97	3.81824e-99	3.25618e-101	2.65253e-103	2.06452e-105	1.53559e-107	1.0917e-109	7.41929e-112	4.82066e-114	2.99482e-116	1.77902e-118	1.01052e-120	5.48858e-123	2.85046e-125	1.4154e-127	6.71906e-130	3.04894e-132	1.32229e-134	5.47974e-137	
3.32073e-87	3.8449e-89	4.24129e-91	4.45935e-93	4.47081e-95	4.27573e-97	3.90205e-99	3.39916e-101	2.82728e-103	2.24592e-105	1.70428e-107	1.23565e-109	8.56091e-112	5.66858e-114	3.58756e-116	2.17032e-118	1.25506e-120	6.93786e-123	3.666e-125	1.85159e-127	8.938e-130	4.12315e-132	1.81737e-134	7.65243e-137	3.07751e-139	
3.35021e-89	3.78639e-91	4.07659e-93	4.18292e-95	4.09212e-97	3.81824e-99	3.39916e-101	2.88803e-103	2.34247e-105	1.81421e-107	1.34194e-109	9.48162e-112	6.40032e-114	4.12797e-116	2.54403e-118	1.49823e-120	8.4317e-123	4.53446e-125	2.33018e-127	1.14412e-129	5.36694e-132	2.40485e-134	1.02915e-136	4.20536e-139	1.6404e-141	
3.22981e-91	3.56279e-93	3.74344e-95	3.74806e-97	3.5774e-99	3.25618e-101	2.82728e-103	2.34247e-105	1.85239e-107	1.39844e-109	1.00806e-111	6.93953e-114	4.56277e-116	2.86565e-118	1.71926e-120	9.85355e-123	5.39485e-125	2.82154e-127	1.40955e-129	6.72546e-132	3.06442e-134	1.33317e-136	5.53661e-139	2.19439e-141	8.29792e-144	
2.97642e-93	3.20418e-95	3.28512e-97	3.20907e-99	2.9879e-101	2.65253e-103	2.24592e-105	1.81421e-107	1.39844e-109	1.02885e-111	7.22582e-114	4.84519e-116	3.1022e-118	1.89669e-120	1.10741e-122	6.17461e-125	3.2877e-127	1.67159e-129	8.11488e-132	3.76093e-134	1.66378e-136	7.02428e-139	2.82946e-141	1.08713e-143	3.98288e-146	
2.62272e-95	2.75505e-97	2.75586e-99	2.6261e-101	2.3848e-103	2.06452e-105	1.70428e-107	1.34194e-109	1.00806e-111	7.22582e-114	4.94314e-116	3.22765e-118	2.01176e-120	1.19701e-122	6.79921e-125	3.68685e-127	1.9084e-129	9.42894e-132	4.44618e-134	2.00067e-136	8.58903e-139	3.51717e-141	1.37342e-143	5.1126e-146	1.81363e-148	
2.2104e-97	2.26538e-99	2.21053e-101	2.05449e-103	1.81936e-105	1.53559e-107	1.23565e-109	9.48162e-112	6.93953e-114	4.84519e-116	3.22765e-118	2.05164e-120	1.24447e-122	7.2037e-125	3.97935e-127	2.09768e-129	1.05514e-131	5.06379e-134	2.31833e-136	1.01235e-138	4.21543e-141	1.6734e-143	6.33095e-146	2.2819e-148	7.83268e-151	
1.78219e-99	1.78177e-101	1.69575e-103	1.5369e-105	1.32693e-107	1.0917e-109	8.56091e-112	6.40032e-114	4.56277e-116	3.1022e-118	2.01176e-120	1.24447e-122	7.34378e-125	4.13413e-127	2.2201e-129	1.13725e-131	5.55645e-134	2.58903e-136	1.15028e-138	4.87192e-141	1.96663e-143	7.56374e-146	2.77075e-148	9.66346e-151	3.20737e-153	
1.37498e-101	1.34076e-103	1.24433e-105	1.09953e-107	9.25357e-110	7.41929e-112	5.66858e-114	4.12797e-116	2.86565e-118	1.89669e-120	1.19701e-122	7.2037e-125	4.13413e-127	2.26246e-129	1.18066e-131	5.87462e-134	2.78673e-136	1.26009e-138	5.43012e-141	2.22954e-143	8.71955e-146	3.24713e-148	1.15098e-150	3.88156e-153	1.24482e-155	
1.01527e-103	9.65412e-106	8.7355e-108	7.52418e-110	6.17106e-112	4.82066e-114	3.58756e-116	2.54403e-118	1.71926e-120	1.10741e-122	6.79921e-125	3.97935e-127	2.2201e-129	1.18066e-131	5.98464e-134	2.89114e-136	1.33091e-138	5.83712e-141	2.43846e-143	9.70015e-146	3.67322e-148	1.32361e-150	4.5366e-153	1.47826e-155	4.57706e-158	
7.17597e-106	6.65277e-108	5.86782e-110	4.92548e-112	3.93589e-114	2.99482e-116	2.17032e-118	1.49823e-120	9.85355e-123	6.17461e-125	3.68685e-127	2.09768e-129	1.13725e-131	5.87462e-134	2.89114e-136	1.35539e-138	6.05186e-141	2.57303e-143	1.0414e-145	4.01118e-148	1.46976e-150	5.1211e-153	1.69596e-155	5.33547e-158	1.59359e-160	
4.85568e-108	4.38805e-110	3.77179e-112	3.08471e-114	2.40099e-116	1.77902e-118	1.25506e-120	8.4317e-123	5.39485e-125	3.2877e-127	1.9084e-129	1.05514e-131	5.55645e-134	2.78673e-136	1.33091e-138	6.05186e-141	2.61951e-143	1.07903e-145	4.22862e-148	1.57601e-150	5.58389e-153	1.87989e-155	6.01065e-158	1.82409e-160	5.25077e-163	
3.14586e-110	2.77053e-112	2.32024e-114	1.84834e-116	1.40095e-118	1.01052e-120	6.93786e-123	4.53446e-125	2.82154e-127	1.67159e-129	9.42894e-132	5.06379e-134	2.58903e-136	1.26009e-138	5.83712e-141	2.57303e-143	1.07903e-145	4.30367e-148	1.63196e-150	5.88128e-153	2.0134e-155	6.54431e-158	2.01846e-160	5.90361e-163	1.63623e-165	
1.95156e-112	1.67457e-114	1.36602e-116	1.05967e-118	7.81882e-121	5.48858e-123	3.666e-125	2.33018e-127	1.40955e-129	8.11488e-132	4.44618e-134	2.31833e-136	1.15028e-138	5.43012e-141	2.43846e-143	1.0414e-145	4.22862e-148	1.63196e-150	5.98387e-153	2.08365e-155	6.88685e-158	2.15934e-160	6.41874e-163	1.80758e-165	4.8186e-168	
1.15933e-114	9.6897e-117	7.69712e-119	5.81266e-121	4.17392e-123	2.85046e-125	1.85159e-127	1.14412e-129	6.72546e-132	3.76093e-134	2.00067e-136	1.01235e-138	4.87192e-141	2.22954e-143	9.70015e-146	4.01118e-148	1.57601e-150	5.88128e-153	2.08365e-155	7.00495e-158	2.23341e-160	6.74903e-163	1.93161e-165	5.23196e-168	1.33997e-170	
6.59511e-117	5.36773e-119	4.15092e-121	3.05062e-123	2.13113e-125	1.4154e-127	8.938e-130	5.36694e-132	3.06442e-134	1.66378e-136	8.58903e-139	4.21543e-141	1.96663e-143	8.71955e-146	3.67322e-148	1.46976e-150	5.58389e-153	2.0134e-155	6.88685e-158	2.23341e-160	6.86284e-163	1.99676e-165	5.49669e-168	1.43039e-170	3.51531e-173	
3.59279e-119	2.84667e-121	2.14235e-123	1.53175e-125	1.04066e-127	6.71906e-130	4.12315e-132	2.40485e-134	1.33317e-136	7.02428e-139	3.51717e-141	1.6734e-143	7.56374e-146	3.24713e-148	1.32361e-150	5.1211e-153	1.87989e-155	6.54431e-158	2.15934e-160	6.74903e-163	1.99676e-165	5.58787e-168	1.47784e-170	3.69028e-173	8.69124e-176	
1.87424e-121	1.44521e-123	1.05813e-125	7.35756e-128	4.85946e-130	3.04894e-132	1.81737e-134	1.02915e-136	5.53661e-139	2.82946e-141	1.37342e-143	6.33095e-146	2.77075e-148	1.15098e-150	4.5366e-153	1.69596e-155	6.01065e-158	2.01846e-160	6.41874e-163	1.93161e-165	5.49669e-168	1.47784e-170	3.75051e-173	8.97497e-176	2.02278e-178	
9.36224e-124	7.02329e-126	5.00089e-128	3.38048e-130	2.16967e-132	1.32229e-134	7.65243e-137	4.20536e-139	2.19439e-141	1.08713e-143	5.1126e-146	2.2819e-148	9.66346e-151	3.88156e-153	1.47826e-155	5.33547e-158	1.82409e-160	5.90361e-163	1.80758e-165	5.23196e-168	1.43039e-170	3.69028e-173	8.97497e-176	2.05528e-178	4.426e-181	
4.49047e-126	3.27029e-128	2.26226e-130	1.48568e-132	9.26135e-135	5.47987e-137	3.07754e-139	1.64041e-141	8.29794e-144	3.98289e-146	1.81363e-148	7.83268e-151	3.20737e-153	1.24482e-155	4.57706e-158	1.59359e-160	5.25077e-163	1.63623e-165	4.8186e-168	1.33997e-170	3.51531e-173	8.69124e-176	2.02278e-178	4.426e-181	9.09179e-184	
