1.6098e-49	1.97937e-51	2.3005e-53	2.52906e-55	2.63156e-57	2.59318e-59	2.42131e-61	2.14324e-63	1.79923e-65	1.43305e-67	1.08328e-69	7.77423e-72	5.29808e-74	3.42938e-76	2.10872e-78	1.23192e-80	6.83822e-83	3.60673e-85	1.80756e-87	8.6071e-90	3.89371e-92	1.67321e-94	6.82864e-97	2.64612e-99	9.76064e-102	
5.0486e-51	6.01496e-53	6.77469e-55	7.21817e-57	7.27959e-59	6.95294e-61	6.29259e-63	5.39865e-65	4.3925e-67	3.3905e-69	2.48357e-71	1.7269e-73	1.14007e-75	7.1474e-78	4.25575e-80	2.40689e-82	1.29303e-84	6.59835e-87	3.19829e-89	1.47238e-91	6.43697e-94	2.67192e-96	1.0528e-98	3.93658e-101	1.39712e-103	
1.44785e-52	1.67156e-54	1.82456e-56	1.88408e-58	1.84161e-60	1.70483e-62	1.49539e-64	1.24337e-66	9.80351e-69	7.33235e-71	5.20364e-73	3.50492e-75	2.24099e-77	1.36038e-79	7.84115e-82	4.29169e-84	2.23056e-86	1.10083e-88	5.15843e-91	2.29483e-93	9.69041e-96	3.88326e-98	1.47636e-100	5.32334e-103	1.81991e-105	
3.80783e-54	4.26026e-56	4.50668e-58	4.51024e-60	4.27269e-62	3.83334e-64	3.25852e-66	2.62545e-68	2.00574e-70	1.45335e-72	9.99068e-75	6.51695e-77	4.03449e-79	2.37072e-81	1.32236e-83	7.00183e-86	3.5193e-88	1.67903e-90	7.60264e-93	3.26668e-95	1.33165e-97	5.1487e-100	1.88751e-102	6.55839e-105	2.15893e-107	
9.20821e-56	9.98399e-58	1.02355e-59	9.92747e-62	9.11417e-64	7.92407e-66	6.52698e-68	5.09529e-70	3.77101e-72	2.64665e-74	1.76191e-76	1.11275e-78	6.66805e-81	3.7916e-83	2.04592e-85	1.0476e-87	5.08997e-90	2.34643e-92	1.02614e-94	4.2562e-97	1.67394e-99	6.24059e-102	2.20452e-104	7.37593e-107	2.33624e-109	
2.05237e-57	2.15653e-59	2.14256e-61	2.01384e-63	1.79162e-65	1.50933e-67	1.2045e-69	9.10893e-72	6.52961e-74	4.43787e-76	2.86031e-78	1.74852e-80	1.01388e-82	5.57691e-85	2.90997e-87	1.4403e-89	6.76166e-92	3.01039e-94	1.27081e-96	5.08527e-99	1.92839e-101	6.92726e-104	2.35629e-106	7.58542e-109	2.30978e-111	
4.22538e-59	4.30257e-61	4.14246e-63	3.77294e-65	3.25234e-67	2.6545e-69	2.0521e-71	1.50306e-73	1.04335e-75	6.86528e-78	4.28279e-80	2.53332e-82	1.42094e-84	7.55785e-87	3.8119e-89	1.82294e-91	8.26485e-94	3.55181e-96	1.44648e-98	5.5808e-101	2.03913e-103	7.05303e-106	2.30822e-108	7.14344e-111	2.08924e-113	
8.05146e-61	7.94472e-63	7.41188e-65	6.54088e-67	5.46249e-69	4.31875e-71	3.23357e-73	2.29344e-75	1.54124e-77	9.81561e-80	5.92491e-82	3.39002e-84	1.83863e-86	9.45267e-89	4.60629e-91	2.12733e-93	9.30961e-96	3.85959e-98	1.51545e-100	5.63354e-103	1.9819e-105	6.59533e-108	2.07494e-110	6.16757e-113	1.73084e-115	
1.42256e-62	1.36015e-64	1.22946e-66	1.05112e-68	8.50314e-71	6.51099e-73	4.72051e-75	3.24126e-77	2.10818e-79	1.29909e-81	7.58498e-84	4.19635e-86	2.19985e-88	1.09269e-90	5.14206e-93	2.29216e-95	9.67669e-98	3.8678e-100	1.46322e-102	5.23712e-105	1.77258e-107	5.67043e-110	1.71338e-112	4.88667e-115	1.31447e-117	
2.33442e-64	2.16254e-66	1.89372e-68	1.56826e-70	1.22868e-72	9.10995e-75	6.39397e-77	4.24911e-79	2.67407e-81	1.59384e-83	8.99804e-86	4.81156e-88	2.43693e-90	1.16891e-92	5.30931e-95	2.28309e-97	9.29232e-100	3.57848e-102	1.3034e-104	4.48813e-107	1.46025e-109	4.48638e-112	1.30069e-114	3.55566e-117	9.15689e-120	
3.56332e-66	3.19785e-68	2.71249e-70	2.17549e-72	1.65037e-74	1.18458e-76	8.04666e-79	5.17387e-81	3.14938e-83	1.81501e-85	9.90366e-88	5.11638e-90	2.50236e-92	1.1585e-94	5.07601e-97	2.10435e-99	8.25182e-102	3.0595e-104	1.07208e-106	3.54857e-109	1.10883e-111	3.26866e-114	9.08293e-117	2.37714e-119	5.85365e-122	
5.06639e-68	4.40408e-70	3.61781e-72	2.80954e-74	2.06328e-76	1.43329e-78	9.42001e-81	5.85841e-83	3.44798e-85	1.92056e-87	1.01244e-89	5.05076e-92	2.38421e-94	1.06477e-96	4.49767e-99	1.79642e-101	6.78201e-104	2.41908e-106	8.14815e-109	2.59018e-111	7.7655e-114	2.19404e-116	5.83682e-119	1.46064e-121	3.43452e-124	
6.71821e-70	5.65572e-72	4.49855e-74	3.38187e-76	2.40363e-78	1.61549e-80	1.02694e-82	6.17512e-85	3.51264e-87	1.89023e-89	9.62213e-92	4.63295e-94	2.10962e-96	9.08271e-99	3.69628e-101	1.42135e-103	5.1622e-106	1.76992e-108	5.72535e-111	1.7462e-113	5.01762e-116	1.35719e-118	3.45228e-121	8.2493e-124	1.84946e-126	
8.3179e-72	6.78012e-74	5.22053e-76	3.79823e-78	2.61186e-80	1.69788e-82	1.04355e-84	6.06475e-87	3.33284e-89	1.73184e-91	8.50859e-94	3.95183e-96	1.73476e-98	7.19556e-101	2.81918e-103	1.04289e-105	3.64078e-108	1.1988e-110	3.72058e-113	1.08758e-115	2.99179e-118	7.73751e-121	1.87934e-123	4.28169e-126	9.13776e-129	
9.62549e-74	7.59514e-76	5.65968e-78	3.98394e-80	2.6497e-82	1.6654e-84	9.89284e-87	5.5543e-89	2.94741e-91	1.47816e-93	7.00522e-96	3.13655e-98	1.32649e-100	5.29704e-103	1.99649e-105	7.09903e-108	2.38005e-110	7.51882e-113	2.2365e-115	6.25864e-118	1.64615e-120	4.06514e-123	9.41398e-126	2.04162e-128	4.1402e-131	
1.04203e-75	7.95738e-78	5.73691e-80	3.90582e-82	2.51164e-84	1.5257e-86	8.75547e-89	4.74672e-91	2.43102e-93	1.17603e-95	5.37285e-98	2.31762e-100	9.43615e-103	3.6249e-105	1.31324e-107	4.48437e-110	1.44243e-112	4.36727e-115	1.24361e-117	3.32747e-120	8.3567e-123	1.96757e-125	4.33725e-128	8.93788e-131	1.7189e-133	
1.0562e-77	7.80339e-80	5.44129e-82	3.58175e-84	2.22602e-86	1.30631e-88	7.23865e-91	3.78751e-93	1.87108e-95	8.72583e-98	3.84057e-100	1.59489e-102	6.24673e-105	2.30656e-107	8.02481e-110	2.62903e-112	8.10472e-115	2.34912e-117	6.39579e-120	1.63399e-122	3.91252e-125	8.76871e-128	1.83669e-130	3.58938e-133	6.53227e-136	
1.00307e-79	7.16767e-82	4.83228e-84	3.0742e-86	1.84573e-88	1.04589e-90	5.59342e-93	2.82302e-95	1.34442e-97	6.04018e-100	2.55938e-102	1.02243e-104	3.84914e-107	1.36488e-109	4.55583e-112	1.43045e-114	4.22148e-117	1.16988e-119	3.04127e-122	7.40787e-125	1.68842e-127	3.59559e-130	7.1422e-133	1.32082e-135	2.26919e-138	
8.93128e-82	6.17043e-84	4.02045e-86	2.4709e-88	1.43248e-90	7.83399e-93	4.04125e-95	1.96622e-97	9.02094e-100	3.90174e-102	1.5904e-104	6.10679e-107	2.2078e-109	7.51085e-112	2.40272e-114	7.22196e-117	2.03777e-119	5.39205e-122	1.33643e-124	3.09858e-127	6.71055e-130	1.35521e-132	2.54736e-135	4.44715e-138	7.19342e-141	
7.4599e-84	4.98103e-86	3.13529e-88	1.8606e-90	1.04103e-92	5.49157e-95	2.7309e-97	1.28003e-99	5.65366e-102	2.35233e-104	9.21614e-107	3.39837e-109	1.17873e-111	3.84311e-114	1.1769e-116	3.3822e-119	9.11208e-122	2.29876e-124	5.42328e-127	1.19477e-129	2.45378e-132	4.68925e-135	8.32082e-138	1.36766e-140	2.07661e-143	
5.84779e-86	3.77203e-88	2.2926e-90	1.31305e-92	7.08642e-95	3.60359e-97	1.72639e-99	7.79009e-102	3.30988e-104	1.32368e-106	4.9802e-109	1.76183e-111	5.85657e-114	1.82791e-116	5.35201e-119	1.46856e-121	3.77212e-124	9.05805e-127	2.03051e-129	4.24211e-132	8.24424e-135	1.48729e-137	2.48472e-140	3.83364e-143	5.44561e-146	
4.30382e-88	2.6806e-90	1.57239e-92	8.68653e-95	4.51927e-97	2.21396e-99	1.02109e-101	4.43224e-104	1.81006e-106	6.95145e-109	2.50919e-111	8.50717e-114	2.70711e-116	8.0783e-119	2.25838e-121	5.90806e-124	1.44447e-126	3.2958e-129	7.00623e-132	1.38508e-134	2.54108e-137	4.31599e-140	6.7683e-143	9.76946e-146	1.29332e-148	
2.97476e-90	1.78815e-92	1.01173e-94	5.38798e-97	2.70048e-99	1.27359e-101	5.6504e-104	2.35743e-106	9.24528e-109	3.40638e-111	1.17838e-113	3.82452e-116	1.16358e-118	3.31532e-121	8.83636e-124	2.20035e-126	5.11159e-129	1.10601e-131	2.22482e-134	4.152e-137	7.17161e-140	1.14339e-142	1.67745e-145	2.25651e-148	2.7719e-151	
1.93144e-92	1.11987e-94	6.10804e-97	3.13368e-99	1.51201e-101	6.85962e-104	2.92514e-106	1.17197e-108	4.40949e-111	1.55702e-113	5.15614e-116	1.59998e-118	4.64782e-121	1.26255e-123	3.20305e-126	7.57844e-129	1.66953e-131	3.41827e-134	6.49104e-137	1.14049e-139	1.84912e-142	2.75801e-145	3.77092e-148	4.70693e-151	5.33826e-154	
1.17816e-94	6.58508e-97	3.46009e-99	1.70894e-101	7.93199e-104	3.45879e-106	1.41638e-108	5.44427e-111	1.9631e-113	6.63571e-116	2.10095e-118	6.22468e-121	1.72393e-123	4.45744e-126	1.07448e-128	2.41081e-131	5.02558e-134	9.71335e-137	1.73656e-139	2.86404e-142	4.34415e-145	6.03852e-148	7.66095e-151	8.82864e-154	9.19047e-157	
6.75217e-97	3.63573e-99	1.8391e-101	8.73771e-104	3.89808e-106	1.6323e-108	6.41277e-111	2.36231e-113	8.15411e-116	2.63523e-118	7.96629e-121	2.25023e-123	5.93192e-126	1.45732e-128	3.33132e-131	7.07276e-134	1.39182e-136	2.53265e-139	4.25018e-142	6.55765e-145	9.26972e-148	1.19562e-150	1.40044e-153	1.48134e-156	1.4057e-159	
3.63573e-99	1.88463e-101	9.17051e-104	4.18777e-106	1.79409e-108	7.20746e-111	2.71368e-113	9.56942e-116	3.15807e-118	9.74479e-121	2.80853e-123	7.55116e-126	1.89137e-128	4.4064e-131	9.53129e-134	1.91026e-136	3.53912e-139	6.04505e-142	9.49034e-145	1.36463e-147	1.78991e-150	2.13145e-153	2.29153e-156	2.20957e-159	1.8957e-162	
1.8391e-101	9.17051e-104	4.28901e-106	1.88085e-108	7.73041e-111	2.97627e-113	1.07271e-115	3.61665e-118	1.1396e-120	3.35251e-123	9.19688e-126	2.34947e-128	5.58057e-131	1.23025e-133	2.51204e-136	4.73999e-139	8.24307e-142	1.31717e-144	1.92715e-147	2.57126e-150	3.11372e-153	3.4033e-156	3.33535e-159	2.90769e-162	2.23308e-165	
8.73771e-104	4.18777e-106	1.88085e-108	7.91297e-111	3.11687e-113	1.14874e-115	3.9585e-118	1.27427e-120	3.82802e-123	1.0719e-125	2.79395e-128	6.76851e-131	1.52128e-133	3.16584e-136	6.086e-139	1.07793e-141	1.75368e-144	2.61152e-147	3.54539e-150	4.36727e-153	4.85423e-156	4.8365e-159	4.28543e-162	3.34422e-165	2.27083e-168	
3.89808e-106	1.79409e-108	7.73041e-111	3.11687e-113	1.17526e-115	4.14127e-118	1.36254e-120	4.18164e-123	1.1957e-125	3.18124e-128	7.86329e-131	1.80254e-133	3.82442e-136	7.49295e-139	1.35209e-141	2.24033e-144	3.39672e-147	4.69353e-150	5.8828e-153	6.6513e-156	6.73916e-159	6.07069e-162	4.81497e-165	3.32222e-168	1.96358e-171	
1.6323e-108	7.20746e-111	2.97627e-113	1.14874e-115	4.14127e-118	1.39329e-120	4.37042e-123	1.27669e-125	3.46859e-128	8.75126e-131	2.04684e-133	4.42925e-136	8.84745e-139	1.6271e-141	2.74671e-144	4.24138e-147	5.96694e-150	7.61211e-153	8.7572e-156	9.02558e-159	8.26791e-162	6.66684e-165	4.67529e-168	2.80783e-171	1.41514e-174	
6.41277e-111	2.71368e-113	1.07271e-115	3.9585e-118	1.36254e-120	4.37042e-123	1.30487e-125	3.62178e-128	9.33112e-131	2.2277e-133	4.91855e-136	1.00205e-138	1.87882e-141	3.23241e-144	5.08525e-147	7.28623e-150	9.46369e-153	1.10813e-155	1.16208e-158	1.08285e-161	8.8793e-165	6.33046e-168	3.86413e-171	1.97889e-174	8.269e-178	
2.36231e-113	9.56942e-116	3.61665e-118	1.27427e-120	4.18164e-123	1.27669e-125	3.62178e-128	9.53277e-131	2.324e-133	5.23751e-136	1.0887e-138	2.08195e-141	3.65183e-144	5.85518e-147	8.54716e-150	1.13064e-152	1.3479e-155	1.43871e-158	1.36408e-161	1.13779e-164	8.24906e-168	5.11904e-171	2.66447e-174	1.13132e-177	3.76291e-181	
8.15411e-116	3.15807e-118	1.1396e-120	3.82802e-123	1.1957e-125	3.46859e-128	9.33112e-131	2.324e-133	5.34833e-136	1.13478e-138	2.21414e-141	3.96105e-144	6.475e-147	9.63305e-150	1.29825e-152	1.57629e-155	1.71299e-158	1.65306e-161	1.40296e-164	1.03466e-167	6.52932e-171	3.45507e-174	1.49102e-177	5.03923e-181	1.25088e-184	
2.63523e-118	9.74479e-121	3.35251e-123	1.0719e-125	3.18124e-128	8.75126e-131	2.2277e-133	5.23751e-136	1.13478e-138	2.26004e-141	4.12528e-144	6.87774e-147	1.0432e-149	1.43286e-152	1.77245e-155	1.96172e-158	1.92741e-161	1.66494e-164	1.24936e-167	8.01984e-171	4.31559e-174	1.89336e-177	6.50377e-181	1.64042e-184	2.70144e-188	
7.96629e-121	2.80853e-123	9.19688e-126	2.79395e-128	7.86329e-131	2.04684e-133	4.91855e-136	1.0887e-138	2.21414e-141	4.12528e-144	7.01744e-147	1.08559e-149	1.5202e-152	1.91651e-155	2.16105e-158	2.16245e-161	1.90184e-164	1.45254e-167	9.4873e-171	5.19309e-174	2.31688e-177	8.091e-181	2.07417e-184	3.47075e-188	2.84408e-192	
2.25023e-123	7.55116e-126	2.34947e-128	6.76851e-131	1.80254e-133	4.42925e-136	1.00205e-138	2.08195e-141	3.96105e-144	6.87774e-147	1.08559e-149	1.55047e-152	1.99284e-155	2.29018e-158	2.33475e-161	2.09128e-164	1.62619e-167	1.08106e-170	6.021e-174	2.73246e-177	9.70371e-181	2.52898e-184	4.30106e-188	3.58123e-192	0	
5.93192e-126	1.89137e-128	5.58057e-131	1.52128e-133	3.82442e-136	8.84745e-139	1.87882e-141	3.65183e-144	6.475e-147	1.0432e-149	1.5202e-152	1.99284e-155	2.3349e-158	2.42595e-161	2.21383e-164	1.75326e-167	1.18667e-170	6.72687e-174	3.10623e-177	1.12208e-180	2.97384e-184	5.14176e-188	4.35131e-192	0	0	
1.45732e-128	4.4064e-131	1.23025e-133	3.16584e-136	7.49295e-139	1.6271e-141	3.23241e-144	5.85518e-147	9.63305e-150	1.43286e-152	1.91651e-155	2.29018e-158	2.42595e-161	2.25624e-164	1.82044e-167	1.25489e-170	7.24254e-174	3.4039e-177	1.25113e-180	3.3729e-184	5.93038e-188	5.10218e-192	0	0	0	
3.33132e-131	9.53129e-134	2.51204e-136	6.086e-139	1.35209e-141	2.74671e-144	5.08525e-147	8.54716e-150	1.29825e-152	1.77245e-155	2.16105e-158	2.33475e-161	2.21383e-164	1.82044e-167	1.27848e-170	7.51492e-174	3.59595e-177	1.34526e-180	3.69011e-184	6.59973e-188	5.77409e-192	0	0	0	0	
7.07276e-134	1.91026e-136	4.73999e-139	1.07793e-141	2.24033e-144	4.24138e-147	7.28623e-150	1.13064e-152	1.57629e-155	1.96172e-158	2.16245e-161	2.09128e-164	1.75326e-167	1.25489e-170	7.51492e-174	3.66232e-177	1.39493e-180	3.8945e-184	7.08716e-188	6.3072e-192	0	0	0	0	0	
1.39182e-136	3.53912e-139	8.24307e-142	1.75368e-144	3.39672e-147	5.96694e-150	9.46369e-153	1.3479e-155	1.71299e-158	1.92741e-161	1.90184e-164	1.62619e-167	1.18667e-170	7.24254e-174	3.59595e-177	1.39493e-180	3.9651e-184	7.34413e-188	6.65026e-192	0	0	0	0	0	0	
2.53265e-139	6.04505e-142	1.31717e-144	2.61152e-147	4.69353e-150	7.61211e-153	1.10813e-155	1.43871e-158	1.65306e-161	1.66494e-164	1.45254e-167	1.08106e-170	6.72687e-174	3.4039e-177	1.34526e-180	3.8945e-184	7.34413e-188	6.76869e-192	0	0	0	0	0	0	0	
4.25018e-142	9.49034e-145	1.92715e-147	3.54539e-150	5.8828e-153	8.7572e-156	1.16208e-158	1.36408e-161	1.40296e-164	1.24936e-167	9.4873e-171	6.021e-174	3.10623e-177	1.25113e-180	3.69011e-184	7.08716e-188	6.65026e-192	0	0	0	0	0	0	0	0	
6.55765e-145	1.36463e-147	2.57126e-150	4.36727e-153	6.6513e-156	9.02558e-159	1.08285e-161	1.13779e-164	1.03466e-167	8.01984e-171	5.19309e-174	2.73246e-177	1.12208e-180	3.3729e-184	6.59973e-188	6.3072e-192	0	0	0	0	0	0	0	0	0	
9.26972e-148	1.78991e-150	3.11372e-153	4.85423e-156	6.73916e-159	8.26791e-162	8.8793e-165	8.24906e-168	6.52932e-171	4.31559e-174	2.31688e-177	9.70371e-181	2.97384e-184	5.93038e-188	5.77409e-192	0	0	0	0	0	0	0	0	0	0	
1.19562e-150	2.13145e-153	3.4033e-156	4.8365e-159	6.07069e-162	6.66684e-165	6.33046e-168	5.11904e-171	3.45507e-174	1.89336e-177	8.091e-181	2.52898e-184	5.14176e-188	5.10218e-192	0	0	0	0	0	0	0	0	0	0	0	
1.40044e-153	2.29153e-156	3.33535e-159	4.28543e-162	4.81497e-165	4.67529e-168	3.86413e-171	2.66447e-174	1.49102e-177	6.50377e-181	2.07417e-184	4.30106e-188	4.35131e-192	0	0	0	0	0	0	0	0	0	0	0	0	
1.48134e-156	2.20957e-159	2.90769e-162	3.34422e-165	3.32222e-168	2.80783e-171	1.97889e-174	1.13132e-177	5.03923e-181	1.64042e-184	3.47075e-188	3.58123e-192	0	0	0	0	0	0	0	0	0	0	0	0	0	
1.40643e-159	1.89604e-162	2.23322e-165	2.27088e-168	1.96359e-171	1.41514e-174	8.26901e-178	3.76291e-181	1.25088e-184	2.70144e-188	2.84408e-192	0	0	0	0	0	0	0	0	0	0	0	0	0	0	
