1.1792	0.996477	0.770492	0.529425	0.318206	0.166572	0.0761298	0.0305503	0.0108377	0.00342241	0.000968435	0.000247066	5.71456e-05	1.20442e-05	2.32376e-06	4.1212e-07	6.74391e-08	1.02175e-08	1.43777e-09	1.88444e-10	2.30662e-11	2.64316e-12	2.84183e-13	2.87281e-14	2.73582e-15	
0.996477	0.78182	0.550273	0.341438	0.185493	0.0882518	0.03692	0.0136596	0.00449757	0.00132611	0.000352211	8.47251e-05	1.85516e-05	3.71443e-06	6.82891e-07	1.15719e-07	1.81367e-08	2.63747e-09	3.56908e-10	4.50639e-11	5.32204e-12	5.89246e-13	6.12921e-14	6.00147e-15	5.54185e-16	
0.770492	0.550273	0.349467	0.195645	0.0963658	0.0418544	0.0161006	0.00551515	0.00169169	0.000467222	0.000116795	2.65542e-05	5.51563e-06	1.05099e-06	1.8441e-07	2.98993e-08	4.49377e-09	6.27927e-10	8.17961e-11	9.95788e-12	1.13558e-12	1.2157e-13	1.22421e-14	1.16177e-15	1.04082e-16	
0.529425	0.341438	0.195645	0.0992212	0.0445526	0.0177636	0.00631559	0.00201195	0.00057715	0.000149808	3.53472e-05	7.61437e-06	1.50354e-06	2.73162e-07	4.5819e-08	7.11821e-09	1.02725e-09	1.38084e-10	1.73328e-11	2.03643e-12	2.24437e-13	2.325e-14	2.26819e-15	2.08754e-16	1.81556e-17	
0.318206	0.185493	0.0963658	0.0445526	0.0183541	0.00675745	0.00223203	0.000664254	0.000178888	4.37826e-05	9.77859e-06	2.00074e-06	3.76375e-07	6.53191e-08	1.04911e-08	1.56398e-09	2.16999e-10	2.80933e-11	3.40164e-12	3.86075e-13	4.1157e-14	4.12895e-15	3.90517e-16	3.488e-17	2.94672e-18	
0.166572	0.0882518	0.0418544	0.0177636	0.00675745	0.00231053	0.000712553	0.000198949	5.04848e-05	1.16877e-05	2.4777e-06	4.8265e-07	8.66796e-08	1.43962e-08	2.21763e-09	3.17698e-10	4.24352e-11	5.29729e-12	6.1938e-13	6.79731e-14	7.01514e-15	6.82096e-16	6.25903e-17	5.42898e-18	4.45796e-19	
0.0761298	0.03692	0.0161006	0.00631559	0.00223203	0.000712553	0.000206118	5.42074e-05	1.3006e-05	2.85667e-06	5.76299e-07	1.07125e-07	1.84033e-08	2.93028e-09	4.33604e-10	5.97784e-11	7.69645e-12	9.27462e-13	1.04826e-13	1.11341e-14	1.11341e-15	1.05007e-16	9.35528e-18	7.88558e-19	6.29764e-20	
0.0305503	0.0136596	0.00551515	0.00201195	0.000664254	0.000198949	5.42074e-05	1.34774e-05	3.06717e-06	6.40918e-07	1.23343e-07	2.19252e-08	3.60992e-09	5.51978e-10	7.85786e-11	1.04392e-11	1.29712e-12	1.51058e-13	1.65204e-14	1.69985e-15	1.64846e-16	1.50916e-17	1.30635e-18	1.07075e-19	8.32191e-21	
0.0108377	0.00449757	0.00169169	0.00057715	0.000178888	5.04848e-05	1.3006e-05	3.06717e-06	6.64017e-07	1.32344e-07	2.43513e-08	4.14768e-09	6.55656e-10	9.64282e-11	1.32253e-11	1.69529e-12	2.03528e-13	2.29304e-14	2.42891e-15	2.42323e-16	2.28077e-17	2.02842e-18	1.70714e-19	1.36153e-20	1.03042e-21	
0.00342241	0.00132611	0.000467222	0.000149808	4.37826e-05	1.16877e-05	2.85667e-06	6.40918e-07	1.32344e-07	2.52177e-08	4.44563e-09	7.26907e-10	1.10507e-10	1.56557e-11	2.07147e-12	2.56519e-13	2.9789e-14	3.25014e-15	3.33758e-16	3.23128e-17	2.95409e-18	2.55407e-19	2.09133e-20	1.62399e-21	1.19749e-22	
0.000968435	0.000352211	0.000116795	3.53472e-05	9.77859e-06	2.4777e-06	5.76299e-07	1.23343e-07	2.43513e-08	4.44563e-09	7.52324e-10	1.18293e-10	1.73214e-11	2.36714e-12	3.02543e-13	3.62354e-14	4.07456e-15	4.3093e-16	4.29387e-17	4.03744e-18	3.58792e-19	3.01778e-20	2.40568e-21	1.81996e-22	1.30826e-23	
0.000247066	8.47251e-05	2.65542e-05	7.61437e-06	2.00074e-06	4.8265e-07	1.07125e-07	2.19252e-08	4.14768e-09	7.26907e-10	1.18293e-10	1.79148e-11	2.53032e-12	3.33998e-13	4.12837e-14	4.78741e-15	5.21783e-16	5.35417e-17	5.18098e-18	4.73501e-19	4.09315e-20	3.35141e-21	2.60259e-22	1.9193e-23	1.34572e-24	
5.71456e-05	1.85516e-05	5.51563e-06	1.50354e-06	3.76375e-07	8.66796e-08	1.84033e-08	3.60992e-09	6.55656e-10	1.10507e-10	1.73214e-11	2.53032e-12	3.45187e-13	4.40635e-14	5.27313e-15	5.92665e-16	6.26684e-17	6.24454e-18	5.87278e-19	5.22066e-20	4.39298e-21	3.50373e-22	2.65214e-23	1.90759e-24	1.30528e-25	
1.20442e-05	3.71443e-06	1.05099e-06	2.73162e-07	6.53191e-08	1.43962e-08	2.93028e-09	5.51978e-10	9.64282e-11	1.56557e-11	2.36714e-12	3.33998e-13	4.40635e-14	5.44567e-15	6.31608e-16	6.88687e-17	7.0712e-18	6.84777e-19	6.26388e-20	5.42002e-21	4.44237e-22	3.45343e-23	2.54946e-24	1.78945e-25	1.19552e-26	
2.32376e-06	6.82891e-07	1.8441e-07	4.5819e-08	1.04911e-08	2.21763e-09	4.33604e-10	7.85786e-11	1.32253e-11	2.07147e-12	3.02543e-13	4.12837e-14	5.27313e-15	6.31608e-16	7.10678e-17	7.52436e-18	7.50816e-19	7.07174e-20	6.29625e-21	5.30643e-22	4.23901e-23	3.21378e-24	2.31515e-25	1.58655e-26	1.03542e-27	
4.1212e-07	1.15719e-07	2.98993e-08	7.11821e-09	1.56398e-09	3.17698e-10	5.97784e-11	1.04392e-11	1.69529e-12	2.56519e-13	3.62354e-14	4.78741e-15	5.92665e-16	6.88687e-17	7.52436e-18	7.74203e-19	7.51362e-20	6.88801e-21	5.97313e-22	4.90636e-23	3.82229e-24	2.82767e-25	1.98876e-26	1.33128e-27	8.4909e-29	
6.74391e-08	1.81367e-08	4.49377e-09	1.02725e-09	2.16999e-10	4.24352e-11	7.69645e-12	1.29712e-12	2.03528e-13	2.9789e-14	4.07456e-15	5.21783e-16	6.26684e-17	7.0712e-18	7.50816e-19	7.51362e-20	7.09728e-21	6.33701e-22	5.35577e-23	4.29017e-24	3.26124e-25	2.35541e-26	1.61816e-27	1.05857e-28	6.60108e-30	
1.02175e-08	2.63747e-09	6.27927e-10	1.38084e-10	2.80933e-11	5.29729e-12	9.27462e-13	1.51058e-13	2.29304e-14	3.25014e-15	4.3093e-16	5.35417e-17	6.24454e-18	6.84777e-19	7.07174e-20	6.88801e-21	6.33701e-22	5.51447e-23	4.54498e-24	3.55241e-25	2.63636e-26	1.85988e-27	1.24866e-28	7.98625e-30	4.87109e-31	
1.43777e-09	3.56908e-10	8.17961e-11	1.73328e-11	3.40164e-12	6.1938e-13	1.04826e-13	1.65204e-14	2.42891e-15	3.33758e-16	4.29387e-17	5.18098e-18	5.87278e-19	6.26388e-20	6.29625e-21	5.97313e-22	5.35577e-23	4.54498e-24	3.65509e-25	2.78906e-26	2.02176e-27	1.39382e-28	9.14876e-30	5.72328e-31	3.41576e-32	
1.88444e-10	4.50639e-11	9.95788e-12	2.03643e-12	3.86075e-13	6.79731e-14	1.11341e-14	1.69985e-15	2.42323e-16	3.23128e-17	4.03744e-18	4.73501e-19	5.22066e-20	5.42002e-21	5.30643e-22	4.90636e-23	4.29017e-24	3.55241e-25	2.78906e-26	2.07877e-27	1.47257e-28	9.92534e-30	6.37204e-31	3.90046e-32	2.27867e-33	
2.30662e-11	5.32204e-12	1.13558e-12	2.24437e-13	4.1157e-14	7.01514e-15	1.11341e-15	1.64846e-16	2.28077e-17	2.95409e-18	3.58792e-19	4.09315e-20	4.39298e-21	4.44237e-22	4.23901e-23	3.82229e-24	3.26124e-25	2.63636e-26	2.02176e-27	1.47257e-28	1.01985e-29	6.72328e-31	4.22344e-32	2.5306e-33	1.44766e-34	
2.64316e-12	5.89246e-13	1.2157e-13	2.325e-14	4.12895e-15	6.82096e-16	1.05007e-16	1.50916e-17	2.02842e-18	2.55407e-19	3.01778e-20	3.35141e-21	3.50373e-22	3.45343e-23	3.21378e-24	2.82767e-25	2.35541e-26	1.85988e-27	1.39382e-28	9.92534e-30	6.72328e-31	4.33689e-32	2.66674e-33	1.56463e-34	8.76759e-36	
2.84183e-13	6.12921e-14	1.22421e-14	2.26819e-15	3.90517e-16	6.25903e-17	9.35528e-18	1.30635e-18	1.70714e-19	2.09133e-20	2.40568e-21	2.60259e-22	2.65214e-23	2.54946e-24	2.31515e-25	1.98876e-26	1.61816e-27	1.24866e-28	9.14876e-30	6.37204e-31	4.22344e-32	2.66674e-33	1.60568e-34	9.22812e-36	5.06696e-37	
2.87281e-14	6.00147e-15	1.16177e-15	2.08754e-16	3.488e-17	5.42898e-18	7.88558e-19	1.07075e-19	1.36153e-20	1.62399e-21	1.81996e-22	1.9193e-23	1.90759e-24	1.78945e-25	1.58655e-26	1.33128e-27	1.05857e-28	7.98625e-30	5.72328e-31	3.90046e-32	2.5306e-33	1.56463e-34	9.22812e-36	5.19679e-37	2.79685e-38	
2.73582e-15	5.54185e-16	1.04082e-16	1.81556e-17	2.94672e-18	4.45796e-19	6.29764e-20	8.32191e-21	1.03042e-21	1.19749e-22	1.30826e-23	1.34572e-24	1.30528e-25	1.19552e-26	1.03542e-27	8.4909e-29	6.60108e-30	4.87109e-31	3.41576e-32	2.27867e-33	1.44766e-34	8.76759e-36	5.06696e-37	2.79685e-38	1.47582e-39	
2.45881e-16	4.83437e-17	8.81729e-18	1.49446e-18	2.35816e-19	3.47042e-20	4.77182e-21	6.14097e-22	7.40929e-23	8.39495e-24	8.94647e-25	8.98136e-26	8.50607e-27	7.61072e-28	6.442e-29	5.16509e-30	3.92768e-31	2.83605e-32	1.94672e-33	1.27168e-34	7.91387e-36	4.69648e-37	2.66036e-38	1.43977e-39	7.45085e-41	
2.08904e-17	3.99035e-18	7.07397e-19	1.16598e-19	1.79015e-20	2.56472e-21	3.43491e-22	4.30794e-23	5.06801e-24	5.60178e-25	5.82665e-26	5.71181e-27	5.28472e-28	4.62137e-29	3.82472e-30	2.99961e-31	2.23202e-32	1.57764e-33	1.06044e-34	6.78564e-36	4.13785e-37	2.40692e-38	1.33678e-39	7.09518e-41	3.60201e-42	
1.68049e-18	3.1212e-19	5.38253e-20	8.63443e-21	1.29081e-21	1.80161e-22	2.3518e-23	2.8763e-24	3.30135e-25	3.56183e-26	3.61792e-27	3.46497e-28	3.13343e-29	2.67928e-30	2.16904e-31	1.66463e-32	1.21253e-33	8.39263e-35	5.52601e-36	3.46492e-37	2.07102e-38	1.18115e-39	6.43365e-41	3.34988e-42	1.66874e-43	
1.28185e-19	2.31678e-20	3.88949e-21	6.0768e-22	8.8519e-23	1.2044e-23	1.53337e-24	1.82986e-25	2.05026e-26	2.16031e-27	2.14395e-28	2.00701e-29	1.77475e-30	1.48447e-31	1.17603e-32	8.83535e-34	6.30234e-35	4.27318e-36	2.75706e-37	1.69449e-38	9.9304e-40	5.55448e-41	2.96803e-42	1.51642e-43	7.4142e-45	
9.28433e-21	1.63411e-21	2.67263e-22	4.06958e-23	5.77998e-24	7.67118e-25	9.53084e-26	1.11041e-26	1.21517e-27	1.25109e-28	1.21369e-29	1.11105e-30	9.61114e-32	7.86725e-33	6.1015e-34	4.48903e-35	3.13678e-36	2.08411e-37	1.31805e-38	7.94271e-40	4.56517e-41	2.505e-42	1.31345e-43	6.58646e-45	3.16142e-46	
6.39355e-22	1.09661e-22	1.74843e-23	2.59635e-24	3.59764e-25	4.66024e-26	5.65338e-27	6.43378e-28	6.8802e-29	6.92475e-30	6.56959e-31	5.88353e-32	4.98094e-33	3.99153e-34	3.03164e-35	2.18503e-36	1.49619e-37	9.74424e-39	6.04237e-40	3.57115e-41	2.0136e-42	1.0842e-43	5.57963e-45	2.74683e-46	1.29463e-47	
4.19128e-23	7.00997e-24	1.09023e-24	1.57977e-25	2.13684e-26	2.70304e-27	3.20339e-28	3.56278e-29	3.72485e-30	3.66653e-31	3.40321e-32	2.98291e-33	2.47236e-34	1.94034e-35	1.44375e-36	1.01971e-37	6.84447e-39	4.37075e-40	2.65819e-41	1.54124e-42	8.52755e-44	4.50664e-45	2.27687e-46	1.10065e-47	5.09493e-49	
2.6186e-24	4.27324e-25	6.48658e-26	9.17691e-27	1.21236e-27	1.49838e-28	1.73559e-29	1.88734e-30	1.92995e-31	1.85874e-32	1.6886e-33	1.44909e-34	1.17631e-35	9.04436e-37	6.59493e-38	4.56604e-39	3.00513e-40	1.88216e-41	1.12299e-42	6.3893e-44	3.4698e-45	1.80023e-46	8.93101e-48	4.24022e-49	1.92815e-50	
1.56094e-25	2.48678e-26	3.68628e-27	5.09448e-28	6.5767e-29	7.94547e-30	8.99935e-31	9.57254e-32	9.57814e-33	9.02933e-34	8.03161e-35	6.75063e-36	5.36878e-37	4.04542e-38	2.89168e-39	1.96314e-40	1.26725e-41	7.78664e-43	4.559e-44	2.54594e-45	1.35737e-46	6.91529e-48	3.36949e-49	1.57151e-50	7.02128e-52	
8.88687e-27	1.38291e-27	2.0029e-28	2.70529e-29	3.41429e-30	4.03393e-31	4.46967e-32	4.65248e-33	4.55689e-34	4.20637e-35	3.66479e-36	3.01796e-37	2.3523e-38	1.73759e-39	1.21792e-40	8.10986e-42	5.13601e-43	3.09687e-44	1.77971e-45	9.75729e-47	5.10827e-48	2.55606e-49	1.22347e-50	5.60655e-52	2.46163e-53	
4.83711e-28	7.35596e-29	1.04142e-29	1.3754e-30	1.6978e-31	1.96253e-32	2.12812e-33	2.16855e-34	2.07991e-35	1.88063e-36	1.60542e-37	1.29574e-38	9.90096e-40	7.1718e-41	4.93064e-42	3.22116e-43	2.00189e-44	1.18481e-45	6.68472e-47	3.59885e-48	1.85053e-49	9.09629e-51	4.27798e-52	1.92651e-53	8.31386e-55	
2.51945e-29	3.74602e-30	5.18654e-31	6.70059e-32	8.09332e-33	9.1566e-34	9.72107e-35	9.70087e-36	9.1145e-37	8.07526e-38	6.75656e-39	5.3463e-40	4.00611e-41	2.84637e-42	1.91995e-43	1.2309e-44	7.5088e-46	4.3631e-47	2.41732e-48	1.27823e-49	6.45677e-51	3.11846e-52	1.44127e-53	6.37951e-55	2.70642e-56	
1.25687e-30	1.82793e-31	2.47613e-32	3.13056e-33	3.70138e-34	4.10028e-35	4.26338e-36	4.16799e-37	3.83743e-38	3.3325e-39	2.73373e-40	2.12134e-41	1.55923e-42	1.08696e-43	7.19524e-45	4.52801e-46	2.71193e-47	1.54744e-48	8.42076e-50	4.37426e-51	2.17106e-52	1.03047e-53	4.68113e-55	2.03691e-56	8.49625e-58	
6.01056e-32	8.55398e-33	1.13413e-33	1.40376e-34	1.62527e-35	1.7635e-36	1.79649e-37	1.72115e-38	1.55333e-39	1.32261e-40	1.06405e-41	8.09957e-43	5.84132e-44	3.9963e-45	2.59675e-46	1.60443e-47	9.43651e-49	5.28873e-50	2.82732e-51	1.44309e-52	7.03884e-54	3.28379e-55	1.46648e-56	6.27403e-58	2.57346e-59	
2.75756e-33	3.84179e-34	4.9874e-35	6.04575e-36	6.85688e-37	7.28996e-38	7.27828e-39	6.83566e-40	6.04904e-41	5.05147e-42	3.98668e-43	2.97766e-44	2.10757e-45	1.4154e-46	9.03005e-48	5.47911e-49	3.16527e-50	1.74278e-51	9.15452e-53	4.59197e-54	2.20153e-55	1.00968e-56	4.43342e-58	1.86521e-59	7.52447e-61	
1.21466e-34	1.65723e-35	2.1073e-36	2.50264e-37	2.78142e-38	2.89837e-39	2.83692e-40	2.61268e-41	2.26767e-42	1.85778e-43	1.43869e-44	1.05463e-45	7.32775e-47	4.83192e-48	3.02738e-49	1.80429e-50	1.02401e-51	5.54004e-53	2.85994e-54	1.41007e-55	6.64595e-57	2.99692e-58	1.29404e-59	5.35448e-61	2.12474e-62	
5.14075e-36	6.87108e-37	8.56094e-38	9.96398e-39	1.0855e-39	1.10903e-40	1.06452e-41	9.61624e-43	8.18848e-44	6.58287e-45	5.00353e-46	3.6007e-47	2.45652e-48	1.5908e-49	9.79017e-51	5.73239e-52	3.19682e-53	1.69974e-54	8.62485e-56	4.18053e-57	1.93735e-58	8.5911e-60	3.64843e-61	1.48497e-62	5.79702e-64	
2.09191e-37	2.74005e-38	3.34617e-39	3.81801e-40	4.07848e-41	4.08659e-42	3.84779e-43	3.4103e-44	2.84976e-45	2.24868e-46	1.67795e-47	1.18568e-48	7.94432e-50	5.05348e-51	3.05549e-52	1.75799e-53	9.6352e-55	5.03567e-56	2.51204e-57	1.19721e-58	5.45602e-60	2.3796e-61	9.94046e-63	3.98032e-64	1.52883e-65	
8.19021e-39	1.05164e-39	1.25917e-40	1.4089e-41	1.47615e-42	1.45099e-43	1.34051e-44	1.16599e-45	9.56392e-47	7.40906e-48	5.42884e-49	3.7676e-50	2.47973e-51	1.54975e-52	9.20771e-54	5.20663e-55	2.80505e-56	1.44126e-57	7.06939e-59	3.31328e-60	1.48509e-61	6.37132e-63	2.6184e-64	1.03158e-65	3.89897e-67	
3.08719e-40	3.88706e-41	4.56453e-42	5.00981e-43	5.14966e-44	4.96707e-45	4.50376e-46	3.84544e-47	3.09682e-48	2.35587e-49	1.69543e-50	1.15584e-51	7.47437e-53	4.5903e-54	2.68045e-55	1.48991e-56	7.89141e-58	3.98687e-59	1.92313e-60	8.86502e-62	3.90864e-63	1.64972e-64	6.67074e-66	2.58613e-67	9.61952e-69	
1.12102e-41	1.38447e-42	1.59491e-43	1.71755e-44	1.73256e-45	1.64024e-46	1.46001e-47	1.22398e-48	9.67991e-50	7.23282e-51	5.11343e-52	3.42515e-53	2.17657e-54	1.31379e-55	7.54132e-57	4.12114e-58	2.14632e-59	1.06638e-60	5.05928e-62	2.29412e-63	9.95116e-65	4.13255e-66	1.64435e-67	6.2738e-69	2.29688e-70	
3.92379e-43	4.75451e-44	5.37466e-45	5.68046e-46	5.62459e-47	5.22771e-48	4.56912e-49	3.76184e-50	2.92224e-51	2.14508e-52	1.49007e-53	9.80856e-55	6.12626e-56	3.63507e-57	2.05145e-58	1.10235e-59	5.64602e-61	2.7591e-62	1.28767e-63	5.74441e-65	2.4517e-66	1.00191e-67	3.92343e-69	1.47336e-70	5.30968e-72	
1.32459e-44	1.57516e-45	1.74773e-46	1.81331e-47	1.76284e-48	1.60892e-49	1.3811e-50	1.11694e-51	8.52421e-53	6.14833e-54	4.19726e-55	2.71563e-56	1.66738e-57	9.72717e-59	5.39796e-60	2.85261e-61	1.43707e-62	6.90825e-64	3.17193e-65	1.39231e-66	5.84757e-68	2.3518e-69	9.06461e-71	3.35078e-72	1.18878e-73	
4.31505e-46	5.03706e-47	5.48695e-48	5.58981e-49	5.33664e-50	4.78392e-51	4.03401e-52	3.20531e-53	2.40373e-54	1.70391e-55	1.14334e-56	7.27219e-58	4.39009e-59	2.51843e-60	1.37447e-61	7.14437e-63	3.54055e-64	1.6745e-65	7.56509e-67	3.26774e-68	1.35069e-69	5.34682e-71	2.02862e-72	7.38235e-74	2.57861e-75	
1.39096e-47	1.56817e-48	1.67152e-49	1.67092e-50	1.56642e-51	1.3792e-52	1.14251e-53	8.91949e-55	6.57309e-56	4.57939e-57	3.0205e-58	1.88874e-59	1.1211e-60	6.32445e-62	3.39475e-63	1.73569e-64	8.46192e-66	3.93752e-67	1.75042e-68	7.44069e-70	3.02695e-71	1.17943e-72	4.405e-74	1.57815e-75	5.42738e-77	
