-0.298729	-0.327044	-0.332981	-0.340199	-0.347749	-0.354238	-0.35851	-0.361	-0.363197	-0.365889	-0.370659	-0.379462	-0.394749	-0.4183	-0.452755	-0.501975	-0.567465	-0.64798	-0.740357	-0.839133	-0.939048	-1.03033	-1.10087	-1.14236	-1.14542	
-0.302132	-0.303895	-0.310301	-0.318578	-0.327092	-0.334431	-0.339412	-0.341612	-0.342729	-0.34321	-0.344622	-0.34855	-0.357858	-0.374959	-0.402868	-0.445658	-0.505613	-0.581643	-0.6723	-0.773284	-0.878828	-0.980155	-1.06591	-1.12562	-1.14774	
-0.365924	-0.3626	-0.365771	-0.372067	-0.379238	-0.386234	-0.391456	-0.394142	-0.395815	-0.396487	-0.396852	-0.398246	-0.402396	-0.411519	-0.42833	-0.455415	-0.496461	-0.550476	-0.616282	-0.693915	-0.778026	-0.862441	-0.942216	-1.00871	-1.04754	
-0.465181	-0.459266	-0.458923	-0.461984	-0.46678	-0.472796	-0.47721	-0.480769	-0.482863	-0.484889	-0.484817	-0.484828	-0.48483	-0.485951	-0.490262	-0.499539	-0.515769	-0.541044	-0.573012	-0.614687	-0.665171	-0.719225	-0.773494	-0.824017	-0.859533	
-0.54413	-0.53569	-0.532433	-0.532172	-0.534948	-0.539022	-0.542282	-0.546011	-0.54871	-0.551893	-0.553027	-0.55348	-0.553203	-0.551746	-0.548867	-0.547807	-0.546005	-0.545422	-0.544584	-0.544361	-0.549062	-0.559565	-0.575146	-0.596268	-0.6191	
-0.573723	-0.567344	-0.564087	-0.563411	-0.565135	-0.566536	-0.568416	-0.569144	-0.570975	-0.570557	-0.57053	-0.568329	-0.566019	-0.56221	-0.555248	-0.547584	-0.538922	-0.524049	-0.502873	-0.473049	-0.438635	-0.403293	-0.375238	-0.359175	-0.361666	
-0.562433	-0.56369	-0.5645	-0.567157	-0.568027	-0.56815	-0.567024	-0.56307	-0.559484	-0.550987	-0.542601	-0.531406	-0.519288	-0.50444	-0.488926	-0.469745	-0.453718	-0.43353	-0.406783	-0.368245	-0.321597	-0.265689	-0.207905	-0.157975	-0.124565	
-0.512158	-0.520672	-0.527571	-0.532491	-0.533891	-0.53356	-0.528921	-0.52207	-0.510332	-0.495886	-0.476473	-0.455929	-0.431632	-0.403069	-0.374159	-0.343613	-0.314689	-0.288462	-0.260609	-0.225137	-0.17833	-0.124248	-0.0563793	0.00944089	0.0691941	
-0.422464	-0.435259	-0.446279	-0.450201	-0.4542	-0.451293	-0.445802	-0.436458	-0.42005	-0.402979	-0.378087	-0.352503	-0.320145	-0.284109	-0.241445	-0.201155	-0.157469	-0.119006	-0.0803263	-0.0474394	-0.00606359	0.0362147	0.0905386	0.153973	0.212509	
-0.285815	-0.299998	-0.31049	-0.315625	-0.318574	-0.314996	-0.308655	-0.297062	-0.281111	-0.261544	-0.238673	-0.21123	-0.178831	-0.142625	-0.0983076	-0.0530511	-0.00292308	0.0464301	0.0972023	0.142909	0.180372	0.212948	0.234108	0.267944	0.302761	
-0.100284	-0.116418	-0.126052	-0.13561	-0.134611	-0.134078	-0.124946	-0.112387	-0.09724	-0.0745634	-0.0536121	-0.0243741	0.00473481	0.0389458	0.0732234	0.112713	0.151109	0.197027	0.238448	0.285984	0.324348	0.357312	0.366723	0.363898	0.366043	
0.0909673	0.0726933	0.0616185	0.0528893	0.052238	0.0539748	0.0622565	0.0750301	0.0906438	0.111944	0.134976	0.161972	0.190157	0.220138	0.247327	0.27702	0.30105	0.329664	0.356672	0.381716	0.408324	0.433841	0.449078	0.436039	0.410104	
0.254043	0.240052	0.229966	0.225401	0.222722	0.226325	0.232148	0.242142	0.256315	0.27158	0.292438	0.311958	0.335547	0.356552	0.378093	0.398851	0.417618	0.430816	0.446006	0.453542	0.456297	0.463066	0.472364	0.461947	0.422297	
0.390314	0.381545	0.376259	0.372876	0.372217	0.374873	0.378773	0.386564	0.395006	0.405583	0.417925	0.428544	0.440925	0.452187	0.460742	0.472524	0.483734	0.490536	0.496636	0.497388	0.480724	0.453612	0.438804	0.420861	0.382005	
0.493836	0.490202	0.485844	0.485718	0.484179	0.487896	0.49014	0.49527	0.502101	0.505538	0.513326	0.515797	0.51634	0.518891	0.514455	0.508448	0.507793	0.496837	0.486523	0.479978	0.464579	0.417675	0.364811	0.324124	0.280506	
0.541452	0.546091	0.541392	0.544336	0.544244	0.544468	0.549143	0.546667	0.552748	0.550246	0.550048	0.549813	0.541241	0.534409	0.526746	0.504931	0.489687	0.46872	0.430558	0.395329	0.372351	0.33316	0.268768	0.20645	0.1597	
0.53263	0.539936	0.541642	0.546392	0.548716	0.547183	0.549808	0.54434	0.541275	0.535657	0.523402	0.51455	0.500413	0.479013	0.46654	0.439752	0.408944	0.384635	0.348391	0.290851	0.248099	0.210611	0.157206	0.0939299	0.0429975	
0.470361	0.475717	0.485796	0.490897	0.49263	0.494126	0.489788	0.486822	0.474804	0.46674	0.449253	0.428945	0.413199	0.37932	0.356822	0.328719	0.28999	0.255252	0.229017	0.181922	0.128448	0.0943176	0.053572	0.00664712	-0.0393427	
0.355603	0.35685	0.374394	0.374057	0.377795	0.380712	0.36965	0.37271	0.352952	0.347298	0.329117	0.307793	0.290077	0.265225	0.22992	0.209194	0.171409	0.131684	0.102585	0.0779035	0.0350471	0.00485383	-0.0234547	-0.0569153	-0.0923229	
0.215676	0.226166	0.237417	0.240259	0.244133	0.244757	0.238083	0.234325	0.222811	0.209418	0.196231	0.178501	0.15567	0.143846	0.114082	0.0949191	0.0739137	0.0453414	0.0136622	-0.00775067	-0.0369683	-0.055236	-0.0697205	-0.0900281	-0.118088	
0.104046	0.115959	0.121208	0.125328	0.12901	0.12601	0.125567	0.117398	0.111715	0.100394	0.0878799	0.0760616	0.0569166	0.0433952	0.0231846	0.00720661	-0.010541	-0.0250014	-0.0394327	-0.0499184	-0.0746279	-0.0936642	-0.0986567	-0.108444	-0.128033	
0.0207714	0.0273009	0.0301499	0.0333758	0.0346442	0.0340255	0.0323785	0.0280452	0.0242613	0.016117	0.0104562	0.0013542	-0.00947133	-0.0155592	-0.0310091	-0.0413226	-0.0508461	-0.0675256	-0.0822508	-0.0817341	-0.0919029	-0.107414	-0.112322	-0.11479	-0.128438	
-0.035449	-0.0291939	-0.0285543	-0.0263859	-0.0244164	-0.0265726	-0.0254286	-0.0308696	-0.0312694	-0.0379543	-0.0425598	-0.0455268	-0.0567265	-0.0565795	-0.0655682	-0.0725714	-0.0755149	-0.0799276	-0.0951109	-0.0970664	-0.100855	-0.114847	-0.117394	-0.119567	-0.126986	
-0.06167	-0.0549062	-0.0586319	-0.0553575	-0.0538718	-0.0577608	-0.0526566	-0.0608771	-0.0564649	-0.0635288	-0.0655533	-0.0672987	-0.0749135	-0.0782441	-0.0800658	-0.0900656	-0.0904034	-0.0921064	-0.0983849	-0.10326	-0.103584	-0.115616	-0.119633	-0.11769	-0.123885	
-0.0739171	-0.0739461	-0.0759447	-0.0741881	-0.0741894	-0.0757085	-0.0736285	-0.0769222	-0.0759857	-0.0775974	-0.0792615	-0.0801372	-0.0810015	-0.0849673	-0.0849104	-0.0906244	-0.0940257	-0.0981794	-0.105121	-0.103653	-0.101997	-0.113776	-0.120194	-0.120168	-0.120616	
-0.0825111	-0.0791588	-0.082854	-0.0799992	-0.0802625	-0.0813669	-0.0789967	-0.0834108	-0.0803135	-0.0850595	-0.0854263	-0.0861017	-0.0909358	-0.0912144	-0.0897881	-0.096535	-0.0931487	-0.0910816	-0.101	-0.108909	-0.103994	-0.112567	-0.118403	-0.118838	-0.118941	
-0.079371	-0.0800632	-0.0834819	-0.0816451	-0.0817444	-0.0839862	-0.0805849	-0.0844168	-0.0826097	-0.0829777	-0.0851489	-0.0848846	-0.0842529	-0.0916042	-0.0878158	-0.0949009	-0.0995252	-0.0998776	-0.100474	-0.104057	-0.100832	-0.110623	-0.118538	-0.118887	-0.118234	
-0.0831307	-0.0835575	-0.08676	-0.0839371	-0.0857496	-0.0848502	-0.0846067	-0.086277	-0.0849443	-0.0876472	-0.0870751	-0.0890116	-0.0891856	-0.0917742	-0.0885211	-0.0938556	-0.0925747	-0.0927262	-0.100949	-0.107729	-0.103136	-0.10931	-0.117452	-0.119095	-0.115335	
-0.0802731	-0.0817376	-0.0839604	-0.0827705	-0.0828821	-0.0841476	-0.0823244	-0.0846385	-0.0841649	-0.0842399	-0.0866669	-0.0864815	-0.0868662	-0.0923979	-0.0894618	-0.0948159	-0.097605	-0.0960065	-0.0985284	-0.105729	-0.100374	-0.108349	-0.116354	-0.118585	-0.117649	
-0.0805046	-0.0818304	-0.0857762	-0.0828883	-0.0846474	-0.0845995	-0.0830714	-0.0855872	-0.0835878	-0.08554	-0.0853506	-0.0870847	-0.0854965	-0.0917086	-0.0866702	-0.0935041	-0.0957685	-0.0958624	-0.0982995	-0.105197	-0.10235	-0.108097	-0.117254	-0.118524	-0.114522	
-0.0815664	-0.0840574	-0.0848733	-0.0841541	-0.0846009	-0.0844438	-0.0846139	-0.0852388	-0.0858995	-0.0864429	-0.0877504	-0.0887871	-0.0890528	-0.0919772	-0.09024	-0.093505	-0.0933907	-0.0929725	-0.099791	-0.107677	-0.101071	-0.107456	-0.115711	-0.118752	-0.116543	
-0.0791517	-0.0806397	-0.0846245	-0.0823297	-0.0830728	-0.0846141	-0.0813658	-0.0850716	-0.0825931	-0.0836327	-0.0848498	-0.0852645	-0.0839758	-0.0919726	-0.0865297	-0.0943353	-0.0991498	-0.0984373	-0.0972768	-0.103841	-0.101073	-0.108394	-0.117511	-0.118196	-0.116123	
-0.0835246	-0.0844564	-0.0862898	-0.0846423	-0.0855882	-0.085239	-0.0850717	-0.086727	-0.0857804	-0.0884175	-0.0881502	-0.0898319	-0.0908083	-0.0923652	-0.0903812	-0.094448	-0.0920816	-0.0915224	-0.100461	-0.108639	-0.102831	-0.108926	-0.116744	-0.119014	-0.115695	
-0.0803924	-0.0826366	-0.0849528	-0.0841675	-0.0835885	-0.0858997	-0.0825931	-0.0857804	-0.0843603	-0.0842938	-0.0863276	-0.0861476	-0.0852411	-0.0917745	-0.0880841	-0.0945368	-0.0988777	-0.0998202	-0.100567	-0.105053	-0.100248	-0.109562	-0.118271	-0.11819	-0.118567	
-0.0851111	-0.0829949	-0.0876525	-0.0842415	-0.0855404	-0.086443	-0.0836327	-0.0884175	-0.0842938	-0.0885922	-0.0882944	-0.0884692	-0.0913184	-0.0934563	-0.0903799	-0.0970051	-0.0958201	-0.0937478	-0.10071	-0.107134	-0.104124	-0.11296	-0.118984	-0.119528	-0.117346	
-0.085458	-0.0851592	-0.0870782	-0.0866678	-0.0853508	-0.0877504	-0.0848499	-0.0881502	-0.0863276	-0.0882944	-0.0888478	-0.0892395	-0.0910073	-0.0919557	-0.0917331	-0.096939	-0.0960994	-0.0974693	-0.105046	-0.108305	-0.102842	-0.112722	-0.119132	-0.118749	-0.121253	
-0.08612	-0.0848904	-0.0890133	-0.086482	-0.0870849	-0.0887871	-0.0852645	-0.0898319	-0.0861476	-0.0884692	-0.0892395	-0.0879906	-0.0902491	-0.0927581	-0.0914502	-0.0967481	-0.0990555	-0.10132	-0.10603	-0.105008	-0.104611	-0.117094	-0.121714	-0.1202	-0.122433	
-0.0909457	-0.084256	-0.0891865	-0.0868664	-0.0854966	-0.0890528	-0.0839758	-0.0908083	-0.0852411	-0.0913184	-0.0910073	-0.0902491	-0.0979295	-0.0945359	-0.0965552	-0.10303	-0.0993568	-0.0962501	-0.105016	-0.10829	-0.108896	-0.119769	-0.120537	-0.120381	-0.127212	
-0.0912194	-0.0916057	-0.0917747	-0.092398	-0.0917087	-0.0919772	-0.0919726	-0.0923652	-0.0917745	-0.0934563	-0.0919557	-0.0927581	-0.0945359	-0.0904894	-0.0964671	-0.0960908	-0.0957392	-0.104707	-0.115343	-0.107825	-0.110442	-0.119994	-0.122552	-0.122413	-0.130099	
-0.0897904	-0.0878165	-0.0885213	-0.0894618	-0.0866702	-0.0902401	-0.0865297	-0.0903812	-0.0880841	-0.0903799	-0.0917331	-0.0914502	-0.0965552	-0.0964671	-0.101174	-0.103933	-0.106471	-0.108458	-0.107592	-0.104651	-0.114019	-0.125233	-0.124267	-0.124031	-0.139067	
-0.096536	-0.0949012	-0.0938557	-0.094816	-0.0935041	-0.093505	-0.0943353	-0.094448	-0.0945368	-0.0970051	-0.096939	-0.0967481	-0.10303	-0.0960908	-0.103933	-0.1019	-0.101241	-0.103857	-0.112031	-0.111884	-0.123243	-0.12679	-0.122825	-0.127987	-0.142856	
-0.0931491	-0.0995253	-0.0925747	-0.097605	-0.0957685	-0.0933907	-0.0991498	-0.0920816	-0.0988777	-0.0958201	-0.0960994	-0.0990555	-0.0993568	-0.0957392	-0.106471	-0.101241	-0.104948	-0.114237	-0.118044	-0.113508	-0.123706	-0.124217	-0.12561	-0.134843	-0.152603	
-0.0910818	-0.0998777	-0.0927262	-0.0960065	-0.0958624	-0.0929725	-0.0984373	-0.0915224	-0.0998202	-0.0937478	-0.0974693	-0.10132	-0.0962501	-0.104707	-0.108458	-0.103857	-0.114237	-0.12097	-0.112685	-0.113168	-0.129555	-0.128504	-0.131529	-0.142217	-0.155577	
-0.101	-0.100474	-0.100949	-0.0985284	-0.0982995	-0.099791	-0.0972768	-0.100461	-0.100567	-0.10071	-0.105046	-0.10603	-0.105016	-0.115343	-0.107592	-0.112031	-0.118044	-0.112685	-0.107126	-0.127523	-0.136388	-0.129179	-0.134845	-0.149494	-0.160853	
-0.108909	-0.104057	-0.107729	-0.105729	-0.105197	-0.107677	-0.103841	-0.108639	-0.105053	-0.107134	-0.108305	-0.105008	-0.10829	-0.107825	-0.104651	-0.111884	-0.113508	-0.113168	-0.127523	-0.141584	-0.132605	-0.128369	-0.143405	-0.160416	-0.159138	
-0.103994	-0.100832	-0.103136	-0.100374	-0.10235	-0.101071	-0.101073	-0.102831	-0.100248	-0.104124	-0.102842	-0.104611	-0.108896	-0.110442	-0.114019	-0.123243	-0.123706	-0.129555	-0.136388	-0.132605	-0.124223	-0.136816	-0.159578	-0.164296	-0.158352	
-0.112567	-0.110623	-0.10931	-0.108349	-0.108097	-0.107456	-0.108394	-0.108926	-0.109562	-0.11296	-0.112722	-0.117094	-0.119769	-0.119994	-0.125233	-0.12679	-0.124217	-0.128504	-0.129179	-0.128369	-0.136816	-0.160929	-0.168363	-0.161045	-0.159926	
-0.118403	-0.118538	-0.117452	-0.116354	-0.117254	-0.115711	-0.117511	-0.116744	-0.118271	-0.118984	-0.119132	-0.121714	-0.120537	-0.122552	-0.124267	-0.122825	-0.12561	-0.131529	-0.134845	-0.143405	-0.159578	-0.168363	-0.160259	-0.157845	-0.174049	
-0.118838	-0.118887	-0.119095	-0.118585	-0.118524	-0.118752	-0.118196	-0.119014	-0.11819	-0.119528	-0.118749	-0.1202	-0.120381	-0.122413	-0.124031	-0.127987	-0.134843	-0.142217	-0.149494	-0.160416	-0.164296	-0.161045	-0.157845	-0.173824	-0.203637	
-0.118941	-0.118234	-0.115335	-0.117649	-0.114522	-0.116543	-0.116123	-0.115695	-0.118567	-0.117346	-0.121253	-0.122433	-0.127212	-0.130099	-0.139067	-0.142856	-0.152603	-0.155577	-0.160853	-0.159138	-0.158352	-0.159926	-0.174049	-0.203637	-0.226261	
