-0.643977	-0.668495	-0.635503	-0.560291	-0.460017	-0.365392	-0.28906	-0.231697	-0.205529	-0.225829	-0.297768	-0.398985	-0.49277	-0.564173	-0.604929	-0.594141	-0.526986	-0.424699	-0.314382	-0.219773	-0.150813	-0.101508	-0.0701658	-0.0557402	-0.0375035	
-0.814142	-0.86086	-0.845579	-0.775511	-0.670838	-0.566505	-0.473319	-0.391504	-0.332193	-0.310194	-0.333242	-0.383825	-0.433595	-0.471715	-0.487439	-0.462894	-0.398275	-0.308645	-0.211435	-0.129051	-0.0741429	-0.0418362	-0.0298638	-0.0339492	-0.0291512	
-0.98546	-1.05142	-1.04894	-0.980209	-0.869942	-0.752106	-0.63451	-0.519383	-0.417958	-0.345456	-0.313639	-0.312742	-0.324652	-0.340517	-0.344627	-0.321308	-0.273528	-0.207426	-0.129833	-0.0616825	-0.019118	-0.000309006	-0.00310682	-0.0199626	-0.0236131	
-1.15154	-1.23001	-1.23694	-1.16797	-1.04732	-0.906984	-0.755393	-0.59905	-0.450258	-0.325889	-0.242152	-0.197772	-0.184297	-0.191555	-0.196999	-0.186764	-0.164752	-0.127163	-0.0710678	-0.0161561	0.017414	0.026807	0.0137826	-0.0106583	-0.019023	
-1.29972	-1.38934	-1.40071	-1.32283	-1.18378	-1.01328	-0.821371	-0.621373	-0.428198	-0.259765	-0.134908	-0.0601778	-0.0349955	-0.0449415	-0.060515	-0.0700222	-0.0768553	-0.0677963	-0.0321638	0.0116139	0.0395666	0.0432161	0.0240276	-0.00352061	-0.0139937	
-1.42445	-1.51442	-1.51753	-1.42479	-1.26381	-1.05936	-0.828001	-0.591449	-0.365296	-0.166438	-0.0145661	0.0770943	0.103661	0.0851838	0.0560188	0.0250903	-0.00902312	-0.0253314	-0.00798081	0.0264266	0.0511577	0.0519032	0.0300855	0.00320285	-0.0077078	
-1.50155	-1.58105	-1.57148	-1.46228	-1.27964	-1.04671	-0.787064	-0.527549	-0.283133	-0.0687188	0.0970451	0.195804	0.219231	0.192225	0.15037	0.0998414	0.0428823	0.00581611	0.00697089	0.0326607	0.0551719	0.0549975	0.0336749	0.0105286	8.14911e-05	
-1.51459	-1.57979	-1.55413	-1.43347	-1.2406	-0.992817	-0.719772	-0.452444	-0.204139	0.0138112	0.184628	0.28569	0.306918	0.275675	0.224587	0.158168	0.084095	0.0310843	0.0174666	0.0338287	0.053745	0.0539477	0.0359362	0.018825	0.00909432	
-1.45807	-1.50627	-1.47322	-1.35659	-1.16721	-0.919295	-0.649281	-0.387706	-0.145023	0.0697899	0.241101	0.343743	0.36757	0.338545	0.282526	0.204648	0.119436	0.0548179	0.0271555	0.0325824	0.0484264	0.0498101	0.0375913	0.0279027	0.0186018	
-1.33787	-1.37978	-1.35248	-1.25257	-1.08067	-0.848917	-0.594894	-0.346227	-0.113389	0.0954026	0.265765	0.372146	0.405119	0.384793	0.327956	0.243319	0.152602	0.0799417	0.0385438	0.0309303	0.0405282	0.0435163	0.0390434	0.0370993	0.0275456	
-1.18048	-1.22307	-1.21325	-1.14412	-1.00166	-0.796145	-0.564969	-0.332594	-0.110584	0.0924311	0.262422	0.375689	0.424	0.417603	0.363722	0.277248	0.185966	0.107995	0.0531602	0.0304938	0.0314358	0.0360581	0.0404117	0.045379	0.034708	
-1.00601	-1.06018	-1.07999	-1.04692	-0.938003	-0.765841	-0.561958	-0.345687	-0.132486	0.0660296	0.236293	0.359461	0.427858	0.438827	0.391566	0.308462	0.22066	0.139355	0.0717637	0.0327064	0.0228114	0.0285642	0.041532	0.0514741	0.0389294	
-0.840799	-0.911369	-0.961501	-0.964416	-0.893305	-0.758604	-0.581301	-0.379054	-0.17345	0.0211541	0.192613	0.328236	0.419019	0.448895	0.412313	0.338078	0.256757	0.173504	0.0945306	0.0389223	0.0166512	0.0222742	0.0419724	0.0540872	0.0393482	
-0.693804	-0.780966	-0.862553	-0.899275	-0.864796	-0.766811	-0.615202	-0.4271	-0.228724	-0.0372205	0.136423	0.2856	0.398267	0.447397	0.426301	0.366358	0.293433	0.209323	0.121231	0.0504243	0.0151743	0.018429	0.0411178	0.0521565	0.0356184	
-0.570454	-0.676906	-0.781711	-0.843663	-0.845061	-0.784188	-0.65775	-0.484058	-0.29324	-0.105009	0.0713827	0.233824	0.365621	0.433826	0.433511	0.392638	0.329162	0.245407	0.151378	0.0683292	0.0205455	0.0181188	0.03836	0.0451583	0.0280528	
-0.474917	-0.590845	-0.708923	-0.794306	-0.83132	-0.80374	-0.701255	-0.544706	-0.364012	-0.179528	0.000534314	0.174433	0.320794	0.407962	0.433598	0.415331	0.361961	0.280341	0.184355	0.0934084	0.0344706	0.0221376	0.0333987	0.0333956	0.0176419	
-0.395505	-0.518041	-0.645014	-0.748994	-0.815726	-0.817579	-0.741486	-0.606643	-0.438476	-0.257692	-0.0737684	0.107796	0.263717	0.37039	0.425854	0.431941	0.389627	0.312929	0.219497	0.125846	0.0577414	0.0308983	0.0266066	0.0182014	0.0059317	
-0.336022	-0.457643	-0.582751	-0.701575	-0.794531	-0.823338	-0.775998	-0.666468	-0.513268	-0.337073	-0.150723	0.0337843	0.195499	0.32247	0.408902	0.439297	0.410093	0.342313	0.256081	0.164976	0.089864	0.0444529	0.0193531	0.00197981	-0.00521963	
-0.287976	-0.397575	-0.52164	-0.654968	-0.765801	-0.817663	-0.801843	-0.721127	-0.585763	-0.416038	-0.230166	-0.0472565	0.118434	0.265692	0.380711	0.434182	0.421698	0.367873	0.293202	0.209088	0.128917	0.0626202	0.0141411	-0.0119756	-0.0139355	
-0.243202	-0.344094	-0.467039	-0.604969	-0.725512	-0.800605	-0.818161	-0.767832	-0.652999	-0.492959	-0.312229	-0.13438	0.0355335	0.201208	0.339057	0.414056	0.423279	0.388954	0.329568	0.25539	0.171754	0.0851827	0.0144139	-0.0199044	-0.0185783	
-0.209191	-0.296286	-0.412544	-0.550221	-0.677233	-0.773646	-0.822939	-0.803377	-0.711875	-0.566755	-0.397181	-0.225555	-0.0499535	0.129376	0.282139	0.377724	0.414107	0.404478	0.363229	0.30019	0.214591	0.112067	0.023953	-0.0182052	-0.0178939	
-0.175215	-0.250493	-0.363857	-0.494563	-0.621215	-0.736996	-0.815496	-0.824785	-0.7597	-0.637204	-0.484151	-0.317261	-0.135772	0.0494627	0.209557	0.325829	0.393623	0.412538	0.391376	0.339358	0.253872	0.143387	0.0459201	-0.00416319	-0.0110318	
-0.146089	-0.219155	-0.320132	-0.43323	-0.561357	-0.695001	-0.793832	-0.828871	-0.796123	-0.703841	-0.569415	-0.405724	-0.222077	-0.0394954	0.123338	0.26062	0.361002	0.410226	0.410361	0.368996	0.28714	0.179264	0.0817601	0.0233657	0.00249088	
-0.134903	-0.194929	-0.273182	-0.374618	-0.506653	-0.645419	-0.754892	-0.817704	-0.822224	-0.762728	-0.647398	-0.489421	-0.310885	-0.136872	0.0278257	0.184916	0.315007	0.393918	0.416025	0.386154	0.313566	0.219403	0.130312	0.0634678	0.022747	
-0.132129	-0.172707	-0.234646	-0.328301	-0.453531	-0.585636	-0.704491	-0.7956	-0.83522	-0.807988	-0.714368	-0.569013	-0.403497	-0.239725	-0.0718571	0.101122	0.254349	0.359904	0.404335	0.389366	0.333819	0.262521	0.187486	0.113004	0.0491602	
-0.139222	-0.163648	-0.210148	-0.291537	-0.401943	-0.523246	-0.649173	-0.7625	-0.832049	-0.836269	-0.768406	-0.645016	-0.499084	-0.343638	-0.171382	0.0107898	0.178174	0.305239	0.372376	0.378805	0.349122	0.305808	0.246732	0.16682	0.0800665	
-0.163648	-0.169927	-0.202756	-0.269943	-0.357056	-0.463274	-0.592757	-0.720514	-0.812627	-0.845324	-0.808497	-0.717366	-0.594271	-0.443543	-0.268378	-0.0856436	0.0865216	0.228878	0.319445	0.355757	0.35971	0.344705	0.300227	0.218296	0.112265	
-0.210148	-0.202756	-0.223034	-0.262443	-0.319634	-0.415283	-0.543396	-0.671998	-0.776494	-0.835621	-0.836486	-0.784026	-0.682364	-0.535315	-0.363431	-0.188514	-0.0190057	0.13272	0.247623	0.321494	0.363348	0.373184	0.340359	0.260162	0.140924	
-0.291537	-0.269943	-0.262443	-0.266939	-0.307104	-0.393044	-0.501787	-0.617284	-0.728968	-0.813876	-0.854195	-0.838434	-0.755744	-0.61836	-0.459331	-0.29754	-0.134866	0.021821	0.161372	0.276008	0.354732	0.384494	0.360893	0.285447	0.16021	
-0.401943	-0.357056	-0.319634	-0.307104	-0.335493	-0.391496	-0.466727	-0.567804	-0.682641	-0.786984	-0.859652	-0.872789	-0.810965	-0.695529	-0.558022	-0.410736	-0.256092	-0.0964441	0.0661727	0.217252	0.326287	0.372141	0.357363	0.288477	0.164734	
-0.523246	-0.463274	-0.415283	-0.393044	-0.391496	-0.406592	-0.454565	-0.539729	-0.646532	-0.759344	-0.850835	-0.884211	-0.850553	-0.769719	-0.658198	-0.524709	-0.377133	-0.214077	-0.0335894	0.141372	0.270346	0.330793	0.326678	0.265774	0.151406	
-0.649173	-0.592757	-0.543396	-0.501787	-0.466727	-0.454565	-0.479631	-0.538748	-0.628387	-0.736672	-0.82906	-0.877765	-0.881098	-0.840785	-0.755421	-0.635393	-0.492505	-0.325063	-0.136764	0.0442087	0.181938	0.256878	0.26651	0.216708	0.120834	
-0.7625	-0.720514	-0.671998	-0.617284	-0.567804	-0.539729	-0.538748	-0.570172	-0.637264	-0.722376	-0.80174	-0.867308	-0.909186	-0.904791	-0.844164	-0.738399	-0.597874	-0.428326	-0.246178	-0.0763639	0.0607345	0.14889	0.17535	0.14368	0.0772744	
-0.832049	-0.812627	-0.776494	-0.728968	-0.682641	-0.646532	-0.628387	-0.637264	-0.670694	-0.72006	-0.787367	-0.869155	-0.93657	-0.957152	-0.92036	-0.829373	-0.692172	-0.529188	-0.366884	-0.218733	-0.0890902	0.00785691	0.0538246	0.051624	0.0267374	
-0.836269	-0.845324	-0.835621	-0.813876	-0.786984	-0.759344	-0.736672	-0.722376	-0.72006	-0.744026	-0.805791	-0.889612	-0.96204	-0.99792	-0.982062	-0.905607	-0.779938	-0.637292	-0.502722	-0.378154	-0.260904	-0.161583	-0.0932487	-0.0532283	-0.025996	
-0.768406	-0.808497	-0.836486	-0.854195	-0.859652	-0.850835	-0.82906	-0.80174	-0.787367	-0.805791	-0.857499	-0.924666	-0.988801	-1.03142	-1.02897	-0.969938	-0.871095	-0.76101	-0.65397	-0.549699	-0.447711	-0.349911	-0.255829	-0.164892	-0.0795206	
-0.645016	-0.717366	-0.784026	-0.838434	-0.872789	-0.884211	-0.877765	-0.867308	-0.869155	-0.889612	-0.924666	-0.970716	-1.02206	-1.06059	-1.06557	-1.03339	-0.975638	-0.90223	-0.81838	-0.730863	-0.642373	-0.542956	-0.420336	-0.278509	-0.135248	
-0.499084	-0.594271	-0.682364	-0.755744	-0.810965	-0.850553	-0.881098	-0.909186	-0.93657	-0.96204	-0.988801	-1.02206	-1.05837	-1.08753	-1.1047	-1.10969	-1.0964	-1.05662	-0.993965	-0.920415	-0.836344	-0.725283	-0.573846	-0.389732	-0.194065	
-0.343638	-0.443543	-0.535315	-0.61836	-0.695529	-0.769719	-0.840785	-0.904791	-0.957152	-0.99792	-1.03142	-1.06059	-1.08753	-1.11898	-1.16065	-1.20392	-1.22787	-1.21863	-1.1786	-1.11372	-1.01968	-0.885859	-0.708107	-0.493006	-0.252707	
-0.171382	-0.268378	-0.363431	-0.459331	-0.558022	-0.658198	-0.755421	-0.844164	-0.92036	-0.982062	-1.02897	-1.06557	-1.1047	-1.16065	-1.23405	-1.30812	-1.36212	-1.38339	-1.36492	-1.29965	-1.18387	-1.02184	-0.820344	-0.580776	-0.303372	
0.0107898	-0.0856436	-0.188514	-0.29754	-0.410736	-0.524709	-0.635393	-0.738399	-0.829373	-0.905607	-0.969938	-1.03339	-1.10969	-1.20392	-1.30812	-1.40848	-1.49153	-1.54107	-1.53657	-1.4634	-1.3246	-1.13641	-0.910594	-0.64555	-0.337852	
0.178174	0.0865216	-0.0190057	-0.134866	-0.256092	-0.377133	-0.492505	-0.597874	-0.692172	-0.779938	-0.871095	-0.975638	-1.0964	-1.22787	-1.36212	-1.49153	-1.60266	-1.67145	-1.6719	-1.59215	-1.43993	-1.23166	-0.978553	-0.68424	-0.353395	
0.305239	0.228878	0.13272	0.021821	-0.0964441	-0.214077	-0.325063	-0.428326	-0.529188	-0.637292	-0.76101	-0.90223	-1.05662	-1.21863	-1.38339	-1.54107	-1.67145	-1.74851	-1.75241	-1.67645	-1.52394	-1.30241	-1.02282	-0.701046	-0.355247	
0.372376	0.319445	0.247623	0.161372	0.0661727	-0.0335894	-0.136764	-0.246178	-0.366884	-0.502722	-0.65397	-0.81838	-0.993965	-1.1786	-1.36492	-1.53657	-1.6719	-1.75241	-1.76637	-1.70545	-1.56244	-1.33669	-1.04194	-0.705041	-0.353022	
0.378805	0.355757	0.321494	0.276008	0.217252	0.141372	0.0442087	-0.0763639	-0.218733	-0.378154	-0.549699	-0.730863	-0.920415	-1.11372	-1.29965	-1.4634	-1.59215	-1.67645	-1.70545	-1.66369	-1.53654	-1.32146	-1.03418	-0.70263	-0.353115	
0.349122	0.35971	0.363348	0.354732	0.326287	0.270346	0.181938	0.0607345	-0.0890902	-0.260904	-0.447711	-0.642373	-0.836344	-1.01968	-1.18387	-1.3246	-1.43993	-1.52394	-1.56244	-1.53654	-1.4322	-1.24788	-0.994568	-0.690021	-0.352843	
0.305808	0.344705	0.373184	0.384494	0.372141	0.330793	0.256878	0.14889	0.00785691	-0.161583	-0.349911	-0.542956	-0.725283	-0.885859	-1.02184	-1.13641	-1.23166	-1.30241	-1.33669	-1.32146	-1.24788	-1.11187	-0.912366	-0.651893	-0.340703	
0.246732	0.300227	0.340359	0.360893	0.357363	0.326678	0.26651	0.17535	0.0538246	-0.0932487	-0.255829	-0.420336	-0.573846	-0.708107	-0.820344	-0.910594	-0.978553	-1.02282	-1.04194	-1.03418	-0.994568	-0.912366	-0.773398	-0.568378	-0.302612	
0.16682	0.218296	0.260162	0.285447	0.288477	0.265774	0.216708	0.14368	0.051624	-0.0532283	-0.164892	-0.278509	-0.389732	-0.493006	-0.580776	-0.64555	-0.68424	-0.701046	-0.705041	-0.70263	-0.690021	-0.651893	-0.568378	-0.426594	-0.229942	
0.0800665	0.112265	0.140924	0.16021	0.164734	0.151406	0.120834	0.0772744	0.0267374	-0.025996	-0.0795206	-0.135248	-0.194065	-0.252707	-0.303372	-0.337852	-0.353395	-0.355247	-0.353022	-0.353115	-0.352843	-0.340703	-0.302612	-0.229942	-0.124757	
