-0.00123485	0	0	0	0	0	0	0	0	0	0	0	0	0	0	0	0	0	0	0	0	0	0	0	0	
-0.128821	-0.0840555	-0.0510675	-0.0274646	-0.0157249	-0.00811057	-0.00559816	-0.00399577	-0.0034777	-0.00310151	-0.00279669	-0.00150587	-0.000826563	0.00190628	0.00466193	0.00782396	0.0134668	0.0169714	0.020907	0.0248196	0.0223006	0.0199041	0.0133166	0.00545058	-0.00396635	
-0.235263	-0.150392	-0.0828265	-0.0387593	-0.0122059	0.00144206	0.00803616	0.0113904	0.0121866	0.0139149	0.0133753	0.0154638	0.0151127	0.0172001	0.0179822	0.019856	0.0210541	0.0236957	0.0237906	0.0262924	0.0252622	0.0253221	0.0210195	0.0194106	0.0164869	
-0.329894	-0.209576	-0.11033	-0.0455596	-0.00337704	0.0169237	0.0287783	0.0337633	0.0359278	0.0380411	0.0379899	0.0388941	0.0384346	0.0375112	0.0353655	0.0333187	0.0278105	0.0248085	0.0193415	0.0154351	0.0154037	0.0176638	0.0254359	0.035285	0.0519565	
-0.446464	-0.294584	-0.169486	-0.0789895	-0.0238783	0.00784112	0.0233146	0.0305978	0.0340291	0.0341777	0.0358328	0.0336645	0.0350994	0.0326597	0.0328085	0.0311948	0.0308671	0.0291769	0.0311498	0.0302992	0.0360695	0.0392074	0.0514266	0.0608496	0.0731644	
-0.559947	-0.386504	-0.238496	-0.124111	-0.054438	-0.0103061	0.0100512	0.0205376	0.025313	0.0251397	0.0272612	0.0254296	0.0272843	0.0273756	0.0304291	0.0330159	0.0398477	0.0449679	0.0552748	0.063167	0.0730204	0.0802279	0.0827201	0.0853828	0.0801701	
-0.637972	-0.456854	-0.288253	-0.15763	-0.0680771	-0.0145345	0.0154371	0.0301322	0.0375773	0.0415647	0.0432708	0.0466306	0.047604	0.0521627	0.0547787	0.0603105	0.0654176	0.0721715	0.0783721	0.0862327	0.0893078	0.0961347	0.0928152	0.0881961	0.0813678	
-0.695394	-0.513892	-0.331982	-0.184745	-0.0769606	-0.0111754	0.0284795	0.048794	0.0596532	0.0668067	0.0702526	0.0757791	0.0783563	0.0839062	0.0866958	0.0910424	0.0934726	0.0951638	0.0948426	0.0948933	0.0900749	0.0874178	0.0860146	0.081522	0.0817496	
-0.744678	-0.56708	-0.377769	-0.212888	-0.0888693	-0.00808898	0.0410648	0.0666046	0.0809006	0.0878323	0.0920152	0.0956935	0.0978247	0.100473	0.102973	0.10266	0.104138	0.101721	0.0969299	0.0938883	0.0863659	0.0793169	0.0790979	0.0834884	0.0939397	
-0.790767	-0.62515	-0.429701	-0.25203	-0.11006	-0.014238	0.0448701	0.0778938	0.0924647	0.101497	0.101489	0.103029	0.100974	0.0975447	0.0963631	0.091476	0.0873874	0.0875736	0.0817037	0.0841741	0.0894689	0.0936913	0.108994	0.133335	0.15925	
-0.846778	-0.698563	-0.505482	-0.317044	-0.161643	-0.0481229	0.0196583	0.0627618	0.0796385	0.0904157	0.0924928	0.0907965	0.0916259	0.0864765	0.0848733	0.0847107	0.0800159	0.0856516	0.0912758	0.0983089	0.122544	0.146999	0.177626	0.226365	0.278043	
-0.898983	-0.770593	-0.589427	-0.394913	-0.227343	-0.0999647	-0.0176787	0.0312997	0.05871	0.0691475	0.0790077	0.0794433	0.0847719	0.0899231	0.0928696	0.106229	0.11537	0.130022	0.155038	0.175006	0.20562	0.247895	0.284234	0.32838	0.39061	
-0.898571	-0.794795	-0.630266	-0.435685	-0.256565	-0.11884	-0.0188326	0.0362462	0.0756311	0.0902044	0.105673	0.113626	0.121994	0.136232	0.147357	0.1659	0.191121	0.211841	0.248848	0.283777	0.319615	0.3644	0.412616	0.445891	0.490513	
-0.83902	-0.766011	-0.621468	-0.429583	-0.245547	-0.0942502	0.0184255	0.0855159	0.133601	0.157053	0.177888	0.193555	0.209257	0.227037	0.25064	0.268293	0.303296	0.327625	0.363086	0.402789	0.439513	0.476343	0.518765	0.548939	0.566278	
-0.73545	-0.699037	-0.569204	-0.387296	-0.198566	-0.0336206	0.0871156	0.172109	0.221671	0.25942	0.279725	0.303885	0.323574	0.344677	0.373505	0.396893	0.42775	0.460301	0.485787	0.518078	0.543936	0.563716	0.579749	0.589135	0.581176	
-0.599711	-0.58991	-0.478206	-0.306251	-0.114436	0.0606104	0.191469	0.2885	0.344371	0.386724	0.410767	0.433284	0.453248	0.47252	0.493432	0.51574	0.534915	0.557226	0.57367	0.587329	0.593533	0.591019	0.577682	0.552667	0.510864	
-0.472392	-0.481938	-0.390427	-0.227201	-0.0337919	0.147185	0.29106	0.393521	0.458369	0.500391	0.524839	0.5442	0.557219	0.569533	0.580199	0.587196	0.592324	0.594803	0.586839	0.580497	0.562334	0.534743	0.499997	0.456594	0.385635	
-0.398111	-0.427189	-0.349924	-0.196433	-0.00362406	0.185269	0.335014	0.447889	0.512682	0.557397	0.576142	0.588795	0.594252	0.593899	0.592396	0.588123	0.572988	0.563078	0.535945	0.504336	0.466718	0.415048	0.349208	0.284969	0.202401	
-0.390008	-0.431185	-0.370251	-0.226059	-0.0348293	0.157873	0.316351	0.433038	0.503968	0.543977	0.561575	0.564443	0.55939	0.549597	0.52947	0.512998	0.480501	0.449849	0.408606	0.358934	0.300285	0.234605	0.15153	0.0608296	-0.0399744	
-0.454463	-0.507603	-0.461153	-0.328145	-0.138062	0.0550278	0.222849	0.342221	0.418484	0.456523	0.470336	0.467102	0.452021	0.431446	0.399874	0.366515	0.321248	0.271378	0.21264	0.143734	0.0698636	-0.0142921	-0.105864	-0.200287	-0.302096	
-0.599923	-0.662255	-0.630222	-0.505438	-0.320899	-0.124962	0.0473155	0.171209	0.250286	0.286156	0.296802	0.28507	0.262504	0.230212	0.188748	0.143524	0.0877568	0.02739	-0.0394196	-0.116049	-0.196631	-0.280598	-0.375679	-0.466729	-0.554804	
-0.812963	-0.886544	-0.866219	-0.753207	-0.572952	-0.376809	-0.200285	-0.0713013	0.0104045	0.0474832	0.0554182	0.0407103	0.0114609	-0.0249025	-0.0746004	-0.123765	-0.184425	-0.248594	-0.313838	-0.388111	-0.46267	-0.537301	-0.616187	-0.698389	-0.768894	
-1.06914	-1.15162	-1.14807	-1.04505	-0.871397	-0.676998	-0.493975	-0.363137	-0.272818	-0.235498	-0.223209	-0.237807	-0.265321	-0.301362	-0.345894	-0.396353	-0.447226	-0.509245	-0.567225	-0.631597	-0.696548	-0.759526	-0.821196	-0.88127	-0.934543	
-1.31658	-1.41465	-1.42272	-1.33213	-1.1662	-0.970659	-0.787481	-0.646941	-0.555249	-0.508709	-0.495351	-0.504811	-0.52851	-0.561343	-0.600398	-0.642622	-0.688518	-0.736593	-0.783173	-0.834436	-0.883302	-0.929196	-0.976609	-1.021	-1.04546	
-1.54034	-1.64754	-1.67186	-1.59182	-1.43311	-1.24039	-1.05173	-0.90889	-0.806551	-0.757405	-0.734594	-0.739149	-0.756613	-0.780658	-0.812661	-0.847593	-0.879826	-0.921989	-0.954448	-0.989027	-1.02198	-1.04608	-1.06148	-1.07824	-1.07921	
-1.72416	-1.84602	-1.88047	-1.81187	-1.65972	-1.46781	-1.27826	-1.12757	-1.0224	-0.962824	-0.936686	-0.932355	-0.941441	-0.958916	-0.9767	-1.00018	-1.01819	-1.03869	-1.05336	-1.06692	-1.07408	-1.07549	-1.06891	-1.05421	-1.01921	
-1.84602	-1.97777	-2.02619	-1.9664	-1.82197	-1.63115	-1.43924	-1.28405	-1.17006	-1.10492	-1.06749	-1.05503	-1.05326	-1.05667	-1.06324	-1.06978	-1.07008	-1.07403	-1.06586	-1.05387	-1.03742	-1.00847	-0.970038	-0.933053	-0.878842	
-1.88046	-2.02619	-2.08401	-2.0351	-1.89505	-1.70677	-1.5121	-1.35118	-1.23125	-1.15534	-1.11026	-1.08493	-1.07056	-1.06103	-1.04875	-1.03943	-1.01974	-1.00181	-0.974042	-0.943153	-0.905423	-0.862479	-0.809643	-0.756271	-0.690847	
-1.81187	-1.9664	-2.0351	-1.99204	-1.85852	-1.67014	-1.47456	-1.30891	-1.18223	-1.0997	-1.04443	-1.0103	-0.984569	-0.962677	-0.938881	-0.915574	-0.883015	-0.852291	-0.812237	-0.767848	-0.721889	-0.669353	-0.612801	-0.560619	-0.499434	
-1.65971	-1.82197	-1.89505	-1.85852	-1.72634	-1.53988	-1.34224	-1.17359	-1.04289	-0.95435	-0.893831	-0.852579	-0.820277	-0.791477	-0.760789	-0.731252	-0.693358	-0.659004	-0.615617	-0.573036	-0.528035	-0.480974	-0.429324	-0.38753	-0.339987	
-1.46778	-1.63114	-1.70677	-1.67014	-1.53988	-1.35292	-1.15532	-0.985917	-0.854046	-0.764263	-0.702499	-0.659737	-0.626306	-0.597222	-0.565299	-0.537597	-0.500886	-0.468641	-0.432107	-0.394179	-0.358413	-0.323169	-0.287013	-0.255706	-0.220108	
-1.2782	-1.43922	-1.51209	-1.47455	-1.34224	-1.15532	-0.957717	-0.789305	-0.658077	-0.570504	-0.509336	-0.469863	-0.43917	-0.4132	-0.388524	-0.365172	-0.337112	-0.315465	-0.285943	-0.260515	-0.235917	-0.209267	-0.181159	-0.166832	-0.147172	
-1.12745	-1.284	-1.35116	-1.30891	-1.17359	-0.985917	-0.789305	-0.623225	-0.496192	-0.411096	-0.35607	-0.319678	-0.294534	-0.275182	-0.253931	-0.239337	-0.217419	-0.201248	-0.183011	-0.165847	-0.150497	-0.138365	-0.125602	-0.1159	-0.100753	
-1.02218	-1.16997	-1.23122	-1.18222	-1.04289	-0.854044	-0.658077	-0.496192	-0.370927	-0.292734	-0.239292	-0.209622	-0.18948	-0.174172	-0.162915	-0.153147	-0.139806	-0.134827	-0.121941	-0.113191	-0.1065	-0.0962783	-0.0843409	-0.0850803	-0.0794794	
-0.962434	-1.10474	-1.15527	-1.09967	-0.95434	-0.764259	-0.570503	-0.411096	-0.292734	-0.216685	-0.170473	-0.143826	-0.127807	-0.118719	-0.10902	-0.104689	-0.0958391	-0.0919225	-0.0845307	-0.0810553	-0.0768991	-0.0747876	-0.0733895	-0.074853	-0.068005	
-0.936043	-1.06718	-1.11013	-1.04438	-0.893812	-0.702492	-0.509334	-0.35607	-0.239292	-0.170473	-0.125614	-0.10297	-0.0912097	-0.0825202	-0.0790071	-0.0769393	-0.07125	-0.0734337	-0.0692675	-0.067886	-0.0681857	-0.0657995	-0.0614441	-0.0652298	-0.0617083	
-0.931362	-1.05454	-1.08471	-1.01021	-0.852545	-0.659725	-0.469859	-0.319677	-0.209621	-0.143826	-0.10297	-0.083958	-0.0726976	-0.067844	-0.0653721	-0.063859	-0.0613763	-0.063532	-0.0588899	-0.0607303	-0.0609523	-0.0596751	-0.0603882	-0.0656771	-0.0623315	
-0.940002	-1.05251	-1.07022	-0.984421	-0.820219	-0.626285	-0.439163	-0.294531	-0.189479	-0.127807	-0.0912096	-0.0726976	-0.065129	-0.059848	-0.0591206	-0.0583667	-0.0571258	-0.0584044	-0.0570558	-0.0587327	-0.0590191	-0.0588245	-0.0607584	-0.0643443	-0.0585607	
-0.956952	-1.0556	-1.06051	-0.962446	-0.791383	-0.597187	-0.413188	-0.275178	-0.174171	-0.118719	-0.0825201	-0.067844	-0.059848	-0.0549622	-0.0560294	-0.0545305	-0.0538968	-0.0581658	-0.0555295	-0.05811	-0.0602877	-0.0598279	-0.0594959	-0.061887	-0.0606081	
-0.974163	-1.06179	-1.048	-0.93854	-0.760646	-0.565244	-0.388505	-0.253924	-0.162913	-0.109019	-0.079007	-0.065372	-0.0591206	-0.0560294	-0.0581673	-0.0546989	-0.0586601	-0.0573436	-0.0556037	-0.0589276	-0.0580708	-0.055297	-0.0613545	-0.0662019	-0.0614124	
-0.997068	-1.0679	-1.03842	-0.915095	-0.731044	-0.537515	-0.365142	-0.239327	-0.153143	-0.104688	-0.0769391	-0.0638589	-0.0583666	-0.0545305	-0.0546989	-0.0533995	-0.0541474	-0.0546605	-0.0562083	-0.0585836	-0.0594949	-0.0625181	-0.0657471	-0.0611346	-0.0598523	
-1.01453	-1.06775	-1.01845	-0.882373	-0.693071	-0.500769	-0.337069	-0.217404	-0.139801	-0.0958376	-0.0712495	-0.0613762	-0.0571258	-0.0538967	-0.0586601	-0.0541474	-0.060093	-0.0592833	-0.0589137	-0.060765	-0.060955	-0.0576038	-0.0600133	-0.0628604	-0.0653683	
-1.03456	-1.07126	-1.00021	-0.851469	-0.658625	-0.468482	-0.315404	-0.201226	-0.13482	-0.0919203	-0.073433	-0.0635318	-0.0584044	-0.0581658	-0.0573436	-0.0546605	-0.0592833	-0.0539286	-0.0572265	-0.0593361	-0.0584079	-0.0608102	-0.0697537	-0.0649637	-0.065495	
-1.04883	-1.06269	-0.972129	-0.811224	-0.615138	-0.431901	-0.285862	-0.182982	-0.121931	-0.0845276	-0.0692666	-0.0588897	-0.0570558	-0.0555295	-0.0556037	-0.0562083	-0.0589137	-0.0572265	-0.0626691	-0.0621616	-0.062088	-0.065384	-0.064919	-0.0595542	-0.0668236	
-1.06211	-1.05033	-0.940947	-0.766646	-0.572452	-0.393923	-0.260413	-0.165809	-0.113178	-0.0810512	-0.0678848	-0.06073	-0.0587326	-0.05811	-0.0589276	-0.0585836	-0.060765	-0.0593361	-0.0621616	-0.0601324	-0.0618352	-0.0631895	-0.0642332	-0.0651091	-0.0739946	
-1.06906	-1.03358	-0.902952	-0.720507	-0.527349	-0.358106	-0.235792	-0.15045	-0.106484	-0.0768939	-0.0681842	-0.0609518	-0.0590189	-0.0602877	-0.0580708	-0.0594949	-0.060955	-0.0584079	-0.062088	-0.0618352	-0.0632043	-0.0656182	-0.068207	-0.0686093	-0.0721929	
-1.07034	-1.00439	-0.859781	-0.667811	-0.480195	-0.322815	-0.20912	-0.138309	-0.0962589	-0.0747813	-0.0657976	-0.0596746	-0.0588244	-0.0598279	-0.055297	-0.0625181	-0.0576038	-0.0608102	-0.065384	-0.0631895	-0.0656182	-0.0704729	-0.0682233	-0.065887	-0.0721539	
-1.06369	-0.965771	-0.806763	-0.611127	-0.428465	-0.286617	-0.180994	-0.125538	-0.0843186	-0.0733822	-0.0614418	-0.0603876	-0.0607583	-0.0594959	-0.0613545	-0.0657471	-0.0600133	-0.0697537	-0.064919	-0.0642332	-0.068207	-0.0682233	-0.0613305	-0.0718829	-0.078102	
-1.04895	-0.928661	-0.75326	-0.558846	-0.386611	-0.255279	-0.166652	-0.115831	-0.0850556	-0.0748449	-0.0652273	-0.0656764	-0.0643441	-0.061887	-0.0662019	-0.0611346	-0.0628604	-0.0649637	-0.0595542	-0.0651091	-0.0686093	-0.065887	-0.0718829	-0.083197	-0.0731933	
-1.01393	-0.874377	-0.687756	-0.4976	-0.33903	-0.219661	-0.146982	-0.10068	-0.0794532	-0.0679964	-0.0617056	-0.0623307	-0.0585605	-0.060608	-0.0614124	-0.0598523	-0.0653683	-0.065495	-0.0668236	-0.0739946	-0.0721929	-0.0721539	-0.078102	-0.0731933	-0.066663	
