0.000165818	0	0	0	0	0	0	0	0	0	0	0	0	0	0	0	0	0	0	0	0	0	0	0	0	
0.0205385	0.0252694	0.0286369	0.0308136	0.0322266	0.0321143	0.0316617	0.0293807	0.0269614	0.0224327	0.0177983	0.0113078	0.00457904	-0.00245511	-0.0091117	-0.0136085	-0.0140128	-0.00986536	0.00386918	0.0259753	0.0570773	0.0969134	0.139116	0.178914	0.212342	
0.0418346	0.0456267	0.0480339	0.0500385	0.0508891	0.0510459	0.0505778	0.0488973	0.0469036	0.0434679	0.0395387	0.0347083	0.0292907	0.0241748	0.0203746	0.0185715	0.0227596	0.0334291	0.0544905	0.0892613	0.137543	0.199084	0.268771	0.337412	0.391445	
0.0568598	0.0539995	0.0523327	0.0513992	0.0505764	0.050946	0.0507864	0.0522871	0.0529991	0.0560877	0.0585133	0.0638882	0.0699889	0.0787386	0.0908301	0.106227	0.125726	0.152512	0.183361	0.222767	0.270058	0.324618	0.383226	0.441541	0.486884	
0.104512	0.0947559	0.0887915	0.0837785	0.0819806	0.0814221	0.082664	0.086686	0.0915533	0.100677	0.111383	0.126683	0.145727	0.169448	0.197123	0.23106	0.266002	0.305747	0.345773	0.384314	0.419626	0.451991	0.479234	0.498371	0.509572	
0.211887	0.199598	0.189988	0.18353	0.180506	0.17939	0.182241	0.18668	0.195728	0.206242	0.222651	0.240839	0.265104	0.293415	0.32561	0.362697	0.402896	0.441822	0.4811	0.513605	0.536736	0.543717	0.539399	0.515302	0.478318	
0.358033	0.34604	0.334609	0.329442	0.324083	0.324507	0.32682	0.331995	0.34221	0.352592	0.369369	0.38624	0.40783	0.430587	0.457303	0.482429	0.512667	0.538274	0.562985	0.578821	0.586724	0.57274	0.535925	0.473733	0.381579	
0.503037	0.491484	0.482013	0.475511	0.471123	0.471124	0.473235	0.479251	0.487638	0.499465	0.512165	0.528214	0.543397	0.558622	0.573201	0.582834	0.588718	0.589025	0.580961	0.564321	0.53467	0.49571	0.431458	0.349122	0.230171	
0.595098	0.588445	0.585227	0.578168	0.578707	0.576012	0.578933	0.58256	0.586541	0.595361	0.600044	0.609535	0.613904	0.618593	0.616441	0.611376	0.593053	0.568838	0.526531	0.47648	0.407067	0.328897	0.237323	0.135985	0.0209866	
0.609629	0.614488	0.618095	0.618556	0.620129	0.61939	0.619307	0.618612	0.616344	0.613929	0.609109	0.601696	0.591492	0.576743	0.555584	0.529576	0.492516	0.447687	0.388756	0.314096	0.228297	0.123325	0.00704347	-0.121086	-0.245306	
0.541428	0.558102	0.567268	0.575604	0.576864	0.5791	0.575893	0.5711	0.563859	0.550673	0.53704	0.51437	0.490096	0.456192	0.417463	0.369278	0.313949	0.247114	0.175678	0.0867487	-0.011805	-0.122988	-0.25046	-0.393204	-0.532168	
0.387257	0.4117	0.427672	0.438429	0.443279	0.444969	0.441008	0.433666	0.421089	0.403295	0.380626	0.350281	0.314169	0.269453	0.215291	0.153336	0.0808161	-0.00359432	-0.0934927	-0.191946	-0.300254	-0.410205	-0.523348	-0.655109	-0.790318	
0.15061	0.184138	0.204987	0.220415	0.226683	0.229039	0.223506	0.212749	0.196408	0.171585	0.14307	0.105117	0.060079	0.00964381	-0.0527964	-0.122278	-0.197403	-0.28802	-0.382297	-0.482094	-0.590207	-0.699474	-0.790423	-0.878592	-0.982115	
-0.142593	-0.0999293	-0.076387	-0.0573521	-0.0487325	-0.0481249	-0.0514643	-0.067768	-0.0846381	-0.11483	-0.149391	-0.190232	-0.242533	-0.297446	-0.358488	-0.431824	-0.500467	-0.578347	-0.663942	-0.741961	-0.824413	-0.919113	-1.00452	-1.06199	-1.11826	
-0.445533	-0.405721	-0.379019	-0.362283	-0.351906	-0.352355	-0.35565	-0.369501	-0.389282	-0.413301	-0.450096	-0.486588	-0.53354	-0.588402	-0.64035	-0.705503	-0.770901	-0.829695	-0.899772	-0.966192	-1.01471	-1.06988	-1.13432	-1.17821	-1.20164	
-0.728034	-0.695509	-0.667406	-0.653417	-0.645897	-0.642652	-0.650493	-0.657137	-0.678402	-0.696054	-0.725853	-0.758367	-0.790693	-0.836386	-0.876174	-0.920834	-0.974768	-1.01883	-1.06285	-1.11578	-1.15434	-1.17238	-1.20127	-1.21759	-1.21217	
-0.960092	-0.930574	-0.901116	-0.891909	-0.883765	-0.879892	-0.888991	-0.890528	-0.910961	-0.923326	-0.947175	-0.97305	-0.998881	-1.02767	-1.06356	-1.08383	-1.1203	-1.14654	-1.16568	-1.18434	-1.20748	-1.20135	-1.18828	-1.16999	-1.12918	
-1.12989	-1.0952	-1.0751	-1.06608	-1.05949	-1.05858	-1.06166	-1.06671	-1.07481	-1.08818	-1.09893	-1.11573	-1.13475	-1.14466	-1.16985	-1.17818	-1.18721	-1.19608	-1.19126	-1.17342	-1.1579	-1.12891	-1.08414	-1.03441	-0.965994	
-1.22268	-1.18836	-1.17809	-1.16906	-1.16495	-1.16714	-1.16296	-1.1709	-1.1677	-1.17584	-1.17672	-1.17848	-1.18236	-1.17812	-1.17426	-1.16827	-1.15251	-1.13439	-1.11007	-1.07247	-1.02644	-0.967237	-0.895879	-0.831276	-0.756334	
-1.20453	-1.17885	-1.17019	-1.16537	-1.16428	-1.16424	-1.16199	-1.16178	-1.15723	-1.15422	-1.1465	-1.13808	-1.12525	-1.1078	-1.08667	-1.05784	-1.02155	-0.982845	-0.932591	-0.877066	-0.823564	-0.763956	-0.683986	-0.612025	-0.545322	
-1.08032	-1.05623	-1.05319	-1.05097	-1.05194	-1.05288	-1.04731	-1.04584	-1.03288	-1.02495	-1.00722	-0.987745	-0.966513	-0.93593	-0.903773	-0.869752	-0.821749	-0.776469	-0.726451	-0.662702	-0.599409	-0.547102	-0.482089	-0.423323	-0.372076	
-0.889453	-0.866079	-0.863339	-0.862513	-0.863461	-0.865385	-0.85801	-0.854931	-0.839947	-0.826768	-0.80669	-0.781872	-0.754086	-0.72317	-0.681979	-0.648046	-0.600754	-0.556241	-0.511567	-0.466421	-0.412802	-0.372695	-0.324485	-0.280956	-0.250518	
-0.676619	-0.650239	-0.644135	-0.640799	-0.643431	-0.642194	-0.63792	-0.631991	-0.619965	-0.605952	-0.58749	-0.566463	-0.538979	-0.515391	-0.478426	-0.450087	-0.412546	-0.375907	-0.341081	-0.307122	-0.272472	-0.247079	-0.218417	-0.189862	-0.173405	
-0.49015	-0.458819	-0.44599	-0.442121	-0.442867	-0.440372	-0.438758	-0.431009	-0.423386	-0.410078	-0.395899	-0.378627	-0.358585	-0.339176	-0.315329	-0.295194	-0.270859	-0.247798	-0.226828	-0.204354	-0.17803	-0.169326	-0.155893	-0.139018	-0.13124	
-0.359289	-0.318169	-0.302283	-0.29335	-0.292558	-0.290938	-0.287508	-0.284731	-0.277422	-0.269566	-0.260129	-0.248348	-0.233436	-0.22426	-0.202004	-0.192937	-0.177145	-0.161117	-0.151963	-0.147588	-0.131454	-0.123901	-0.120426	-0.11115	-0.110246	
-0.268484	-0.225507	-0.20045	-0.19081	-0.189047	-0.183781	-0.186425	-0.178808	-0.179887	-0.171636	-0.167415	-0.162724	-0.152615	-0.149923	-0.141251	-0.133955	-0.128878	-0.120656	-0.112184	-0.107484	-0.101477	-0.103951	-0.106239	-0.0997311	-0.0994086	
-0.225507	-0.173815	-0.148402	-0.135426	-0.132008	-0.12868	-0.128081	-0.125998	-0.124325	-0.121127	-0.118743	-0.114576	-0.110057	-0.108302	-0.100531	-0.100229	-0.0981051	-0.0937033	-0.096066	-0.0998049	-0.0913544	-0.0909969	-0.0962787	-0.093989	-0.0950203	
-0.20045	-0.148402	-0.117213	-0.104118	-0.0996018	-0.0947246	-0.0971273	-0.0922893	-0.0955825	-0.0915885	-0.0917995	-0.0924383	-0.0876963	-0.0914742	-0.0879599	-0.0867877	-0.0878748	-0.085306	-0.0822192	-0.0866815	-0.0853681	-0.0878222	-0.0954406	-0.0919893	-0.0935723	
-0.19081	-0.135426	-0.104118	-0.0894484	-0.0850688	-0.0800114	-0.0819775	-0.0784977	-0.0809134	-0.0783812	-0.0794446	-0.0790042	-0.0776126	-0.079602	-0.0779756	-0.078549	-0.0821095	-0.0803391	-0.0826224	-0.0866852	-0.084105	-0.0852504	-0.092122	-0.0911988	-0.0912676	
-0.189047	-0.132008	-0.0996018	-0.0850688	-0.0793202	-0.0752226	-0.0764228	-0.0737078	-0.0759694	-0.0743481	-0.0748942	-0.0761191	-0.0738975	-0.0771586	-0.0752948	-0.0764514	-0.0780889	-0.078098	-0.0792012	-0.0858047	-0.0823429	-0.0835348	-0.0928671	-0.0910417	-0.0926411	
-0.183781	-0.12868	-0.0947246	-0.0800114	-0.0752226	-0.06944	-0.0727519	-0.0679317	-0.0728003	-0.069413	-0.072183	-0.0733414	-0.0717783	-0.0764197	-0.0758362	-0.0756904	-0.080897	-0.0787173	-0.0777432	-0.0821706	-0.0836504	-0.0852805	-0.0923964	-0.0907122	-0.0907472	
-0.186425	-0.128081	-0.0971273	-0.0819775	-0.0764228	-0.0727519	-0.0730621	-0.0717433	-0.0725772	-0.0721714	-0.072351	-0.0728455	-0.0719218	-0.0738721	-0.0720417	-0.0746461	-0.0759637	-0.0767334	-0.081226	-0.0878184	-0.0821974	-0.0826584	-0.0917719	-0.0909668	-0.0922764	
-0.178808	-0.125998	-0.0922893	-0.0784977	-0.0737078	-0.0679317	-0.0717433	-0.0663198	-0.0720351	-0.0683593	-0.0711972	-0.0734477	-0.0710436	-0.077003	-0.0764276	-0.0764538	-0.0811269	-0.0795765	-0.076823	-0.0808393	-0.0827169	-0.0859754	-0.0939367	-0.0909966	-0.0918077	
-0.179887	-0.124325	-0.0955825	-0.0809134	-0.0759694	-0.0728003	-0.0725772	-0.0720351	-0.0726089	-0.0719913	-0.0732317	-0.0727236	-0.0723413	-0.0750287	-0.0715532	-0.0752277	-0.0767248	-0.0761785	-0.0815259	-0.0889377	-0.0837065	-0.0847776	-0.0917488	-0.0905653	-0.0925842	
-0.171636	-0.121127	-0.0915885	-0.0783812	-0.0743481	-0.069413	-0.0721714	-0.0683593	-0.0719913	-0.0702328	-0.0711925	-0.0739767	-0.0715058	-0.0767166	-0.0756226	-0.0780695	-0.0801	-0.0805146	-0.0800794	-0.0830016	-0.0812694	-0.0863287	-0.094934	-0.0918419	-0.0939606	
-0.167415	-0.118743	-0.0917995	-0.0794446	-0.0748942	-0.072183	-0.072351	-0.0711972	-0.0732317	-0.0711925	-0.0741472	-0.0736966	-0.0729111	-0.0778995	-0.0736803	-0.0773544	-0.0793276	-0.0781616	-0.0808219	-0.0870582	-0.0844607	-0.0895594	-0.0936223	-0.0905377	-0.0942553	
-0.162724	-0.114576	-0.0924383	-0.0790042	-0.0761191	-0.0733414	-0.0728455	-0.0734477	-0.0727236	-0.0739767	-0.0736966	-0.0748946	-0.0739655	-0.0776803	-0.0734665	-0.08006	-0.0785482	-0.0790064	-0.083392	-0.0882553	-0.0829739	-0.0884705	-0.0940529	-0.0923805	-0.0973621	
-0.152615	-0.110057	-0.0876963	-0.0776126	-0.0738975	-0.0717783	-0.0719218	-0.0710436	-0.0723413	-0.0715058	-0.0729111	-0.0739655	-0.0735705	-0.0776373	-0.0767567	-0.0807127	-0.0810835	-0.0835641	-0.0852775	-0.0845989	-0.0825271	-0.0935898	-0.0957598	-0.0929819	-0.0977893	
-0.149923	-0.108302	-0.0914742	-0.079602	-0.0771586	-0.0764197	-0.0738721	-0.077003	-0.0750287	-0.0767166	-0.0778995	-0.0776803	-0.0776373	-0.0820215	-0.0751438	-0.0822892	-0.0796352	-0.0787281	-0.0820139	-0.0891742	-0.0886183	-0.0952262	-0.0939187	-0.0929277	-0.101797	
-0.141251	-0.100531	-0.0879599	-0.0779756	-0.0752948	-0.0758362	-0.0720417	-0.0764276	-0.0715532	-0.0756226	-0.0736803	-0.0734665	-0.0767567	-0.0751438	-0.0768212	-0.0834343	-0.080213	-0.0859427	-0.0930782	-0.0891351	-0.0844123	-0.0951721	-0.0938288	-0.0974464	-0.104006	
-0.133955	-0.100229	-0.0867877	-0.078549	-0.0764514	-0.0756904	-0.0746461	-0.0764538	-0.0752277	-0.0780695	-0.0773544	-0.08006	-0.0807127	-0.0822892	-0.0834343	-0.085213	-0.0831323	-0.0864145	-0.0850493	-0.083137	-0.091318	-0.100708	-0.0970507	-0.0987582	-0.10659	
-0.128878	-0.0981049	-0.0878748	-0.0821095	-0.0780889	-0.080897	-0.0759637	-0.0811269	-0.0767248	-0.0801	-0.0793276	-0.0785482	-0.0810835	-0.0796352	-0.080213	-0.0831323	-0.0820707	-0.0862362	-0.0899888	-0.0930227	-0.0970243	-0.0995805	-0.0931195	-0.100877	-0.110609	
-0.120655	-0.093703	-0.085306	-0.0803391	-0.078098	-0.0787173	-0.0767334	-0.0795765	-0.0761785	-0.0805146	-0.0781616	-0.0790064	-0.0835641	-0.0787281	-0.0859427	-0.0864145	-0.0862362	-0.091477	-0.0942639	-0.0908269	-0.0950259	-0.0973407	-0.0976378	-0.109214	-0.114006	
-0.112182	-0.0960656	-0.0822191	-0.0826224	-0.0792012	-0.0777432	-0.081226	-0.076823	-0.0815259	-0.0800794	-0.0808219	-0.083392	-0.0852775	-0.0820139	-0.0930782	-0.0850493	-0.0899888	-0.0942639	-0.0915644	-0.0883971	-0.101162	-0.102551	-0.10279	-0.111341	-0.112855	
-0.107482	-0.0998042	-0.0866813	-0.0866851	-0.0858047	-0.0821706	-0.0878184	-0.0808393	-0.0889377	-0.0830016	-0.0870582	-0.0882553	-0.0845989	-0.0891742	-0.0891351	-0.083137	-0.0930227	-0.0908269	-0.0883971	-0.099064	-0.111028	-0.0997014	-0.104539	-0.114035	-0.115829	
-0.101473	-0.0913533	-0.0853679	-0.0841049	-0.0823429	-0.0836504	-0.0821974	-0.0827169	-0.0837065	-0.0812694	-0.0844607	-0.0829739	-0.0825271	-0.0886183	-0.0844123	-0.091318	-0.0970243	-0.0950259	-0.101162	-0.111028	-0.101826	-0.0959023	-0.11229	-0.119522	-0.117374	
-0.103946	-0.0909954	-0.0878219	-0.0852504	-0.0835348	-0.0852805	-0.0826584	-0.0859754	-0.0847776	-0.0863287	-0.0895594	-0.0884705	-0.0935898	-0.0952262	-0.0951721	-0.100708	-0.0995805	-0.0973407	-0.102551	-0.0997014	-0.0959023	-0.109049	-0.124907	-0.121051	-0.115937	
-0.106232	-0.0962768	-0.0954401	-0.0921219	-0.092867	-0.0923964	-0.0917719	-0.0939367	-0.0917488	-0.094934	-0.0936223	-0.0940529	-0.0957598	-0.0939187	-0.0938288	-0.0970507	-0.0931195	-0.0976378	-0.10279	-0.104539	-0.11229	-0.124907	-0.12422	-0.112548	-0.121263	
-0.0997231	-0.0939867	-0.0919888	-0.0911986	-0.0910416	-0.0907121	-0.0909668	-0.0909966	-0.0905653	-0.0918419	-0.0905377	-0.0923805	-0.0929819	-0.0929277	-0.0974464	-0.0987582	-0.100877	-0.109214	-0.111341	-0.114035	-0.119522	-0.121051	-0.112548	-0.118104	-0.13941	
-0.0993998	-0.0950178	-0.0935717	-0.0912674	-0.092641	-0.0907472	-0.0922764	-0.0918077	-0.0925842	-0.0939606	-0.0942553	-0.0973621	-0.0977893	-0.101797	-0.104006	-0.10659	-0.110609	-0.114006	-0.112855	-0.115829	-0.117374	-0.115937	-0.121263	-0.13941	-0.152203	
