0	0	0	0	0	0	0	0	0	0	0	0	0	0	0	0	0	0	0	0	0	0	0	0	0	
0	7.97025e-05	0.000292572	0.000924926	0.00265306	0.006909	0.0162984	0.0347677	0.0670198	0.116831	0.184662	0.2659	0.351168	0.428919	0.488946	0.52502	0.535742	0.523766	0.494154	0.452674	0.404578	0.354056	0.304246	0.257403	0.215089	
0	0.000292572	0.00102693	0.00307992	0.00835211	0.0205056	0.045492	0.0910897	0.16466	0.269327	0.400479	0.545273	0.686115	0.806125	0.893475	0.943005	0.95549	0.935676	0.890184	0.825942	0.749349	0.666104	0.581207	0.498853	0.422439	
0	0.000924926	0.00307992	0.00866995	0.0219486	0.0500717	0.102766	0.189641	0.315179	0.473955	0.650127	0.822731	0.973255	1.09023	1.16922	1.21051	1.21676	1.19154	1.13897	1.06369	0.971178	0.867712	0.759619	0.65266	0.551892	
0	0.00265306	0.00835211	0.0219486	0.0515276	0.108387	0.204014	0.343787	0.520629	0.714528	0.90057	1.05984	1.18415	1.27271	1.32695	1.34794	1.33629	1.29313	1.22124	1.12543	1.01247	0.889793	0.764179	0.641649	0.527517	
0	0.006909	0.0205056	0.0500717	0.108387	0.208891	0.358322	0.548456	0.755002	0.948408	1.10905	1.23233	1.32073	1.37525	1.39447	1.37722	1.32447	1.24017	1.13076	1.00417	0.868556	0.730373	0.594806	0.466818	0.350476	
0	0.0162984	0.045492	0.102766	0.204014	0.358322	0.55782	0.774965	0.975276	1.13748	1.25997	1.3473	1.39742	1.40485	1.36837	1.29192	1.18309	1.05112	0.905016	0.752913	0.600631	0.452016	0.311541	0.183291	0.0695795	
0	0.0347677	0.0910897	0.189641	0.343787	0.548456	0.774965	0.983983	1.15074	1.27514	1.36328	1.4087	1.40099	1.34115	1.23866	1.10414	0.948083	0.77923	0.605115	0.432147	0.264436	0.106959	-0.0350935	-0.159888	-0.266931	
0	0.0670198	0.16466	0.315179	0.520629	0.755002	0.975276	1.15074	1.28006	1.37109	1.41395	1.39289	1.31239	1.18886	1.03292	0.853226	0.658722	0.457491	0.258835	0.0695252	-0.104763	-0.257988	-0.388934	-0.499284	-0.589129	
0	0.116831	0.269327	0.473955	0.714528	0.948408	1.13748	1.27514	1.37109	1.41543	1.38701	1.29182	1.15351	0.980171	0.775928	0.553805	0.325345	0.102998	-0.103058	-0.287959	-0.446526	-0.578056	-0.685806	-0.770931	-0.834534	
0	0.184662	0.400479	0.650127	0.90057	1.10905	1.25997	1.36328	1.41395	1.38701	1.28448	1.13579	0.948147	0.719623	0.471423	0.221599	-0.0187759	-0.236879	-0.429175	-0.591606	-0.722475	-0.824496	-0.899553	-0.949703	-0.981289	
0	0.2659	0.545273	0.822731	1.05984	1.23233	1.3473	1.4087	1.39289	1.29182	1.13579	0.937377	0.689262	0.419072	0.154263	-0.101782	-0.333923	-0.535104	-0.702123	-0.829593	-0.920682	-0.977431	-1.00617	-1.01418	-1.01014	
0	0.351168	0.686115	0.973255	1.18415	1.32073	1.39742	1.40099	1.31239	1.15351	0.948147	0.689262	0.401251	0.122608	-0.149915	-0.401145	-0.610652	-0.779925	-0.899156	-0.974746	-1.00985	-1.01406	-0.9969	-0.966312	-0.928535	
0	0.428919	0.806125	1.09023	1.27271	1.37525	1.40485	1.34115	1.18886	0.980171	0.719623	0.419072	0.122608	-0.165912	-0.437414	-0.654166	-0.823491	-0.938252	-0.999617	-1.01902	-0.998893	-0.957452	-0.89815	-0.834832	-0.772928	
0	0.488946	0.893475	1.16922	1.32695	1.39447	1.36837	1.23866	1.03292	0.775928	0.471423	0.154263	-0.149915	-0.437414	-0.667686	-0.840318	-0.961229	-1.01285	-1.01894	-0.975187	-0.906164	-0.819788	-0.733461	-0.654601	-0.589807	
0	0.52502	0.943005	1.21051	1.34794	1.37722	1.29192	1.10414	0.853226	0.553805	0.221599	-0.101782	-0.401145	-0.654166	-0.840318	-0.970174	-1.02002	-1.00964	-0.950897	-0.854835	-0.751731	-0.64629	-0.561505	-0.4893	-0.438568	
0	0.535742	0.95549	1.21676	1.33629	1.32447	1.18309	0.948083	0.658722	0.325345	-0.0187759	-0.333923	-0.610652	-0.823491	-0.961229	-1.02002	-1.00276	-0.937146	-0.824768	-0.705154	-0.585607	-0.49332	-0.422095	-0.380861	-0.353556	
0	0.523766	0.935676	1.19154	1.29313	1.24017	1.05112	0.77923	0.457491	0.102998	-0.236879	-0.535104	-0.779925	-0.938252	-1.01285	-1.00964	-0.937146	-0.817289	-0.677093	-0.547802	-0.446401	-0.387287	-0.355922	-0.346654	-0.339039	
0	0.494154	0.890184	1.13897	1.22124	1.13076	0.905016	0.605115	0.258835	-0.103058	-0.429175	-0.702123	-0.899156	-0.999617	-1.01894	-0.950897	-0.824768	-0.677093	-0.534069	-0.430221	-0.372863	-0.354773	-0.351749	-0.34837	-0.344209	
0	0.452674	0.825942	1.06369	1.12543	1.00417	0.752913	0.432147	0.0695252	-0.287959	-0.591606	-0.829593	-0.974746	-1.01902	-0.975187	-0.854835	-0.705154	-0.547802	-0.430221	-0.367433	-0.352751	-0.359053	-0.356017	-0.343174	-0.32613	
0	0.404578	0.749349	0.971178	1.01247	0.868556	0.600631	0.264436	-0.104763	-0.446526	-0.722475	-0.920682	-1.00985	-0.998893	-0.906164	-0.751731	-0.585607	-0.446401	-0.372863	-0.352751	-0.36681	-0.360625	-0.335337	-0.299629	-0.286361	
0	0.354056	0.666104	0.867712	0.889793	0.730373	0.452016	0.106959	-0.257988	-0.578056	-0.824496	-0.977431	-1.01406	-0.957452	-0.819788	-0.64629	-0.49332	-0.387287	-0.354773	-0.359053	-0.360625	-0.325728	-0.285367	-0.267745	-0.268947	
0	0.304246	0.581207	0.759619	0.764179	0.594806	0.311541	-0.0350935	-0.388934	-0.685806	-0.899553	-1.00617	-0.9969	-0.89815	-0.733461	-0.561505	-0.422095	-0.355922	-0.351749	-0.356017	-0.335337	-0.285367	-0.262261	-0.268165	-0.27219	
0	0.257403	0.498853	0.65266	0.641649	0.466818	0.183291	-0.159888	-0.499284	-0.770931	-0.949703	-1.01418	-0.966312	-0.834832	-0.654601	-0.4893	-0.380861	-0.346654	-0.34837	-0.343174	-0.299629	-0.267745	-0.268165	-0.286282	-0.260962	
0	0.215089	0.422439	0.551892	0.527517	0.350476	0.0695795	-0.266931	-0.589129	-0.834534	-0.981289	-1.01014	-0.928535	-0.772928	-0.589807	-0.438568	-0.353556	-0.339039	-0.344209	-0.32613	-0.286361	-0.268947	-0.27219	-0.260962	-0.229578	
0	0.178372	0.354677	0.461532	0.426022	0.248744	-0.0277713	-0.355271	-0.659599	-0.881644	-1.00055	-0.997352	-0.889212	-0.719255	-0.535483	-0.401788	-0.342492	-0.336619	-0.338969	-0.311769	-0.273168	-0.260181	-0.259448	-0.244142	-0.228296	
0	0.147987	0.297649	0.38487	0.340425	0.164069	-0.107248	-0.425399	-0.713771	-0.915276	-1.00928	-0.980879	-0.854163	-0.674699	-0.497725	-0.37876	-0.330262	-0.335881	-0.333509	-0.300149	-0.264447	-0.251911	-0.254804	-0.241824	-0.237009	
0	0.124436	0.252893	0.324382	0.27321	0.0981923	-0.168331	-0.478127	-0.752732	-0.937403	-1.01291	-0.965886	-0.825013	-0.641476	-0.469551	-0.361727	-0.328805	-0.334073	-0.32616	-0.289606	-0.255736	-0.257109	-0.25997	-0.240318	-0.218811	
0	0.108051	0.2215	0.281816	0.226056	0.0522283	-0.210516	-0.513778	-0.778404	-0.951449	-1.01352	-0.953341	-0.805084	-0.619504	-0.44998	-0.351254	-0.326732	-0.334276	-0.322829	-0.284554	-0.25468	-0.251745	-0.247686	-0.226272	-0.224409	
0	0.0990478	0.204166	0.258279	0.200041	0.026969	-0.23357	-0.533127	-0.792166	-0.958447	-1.01299	-0.946382	-0.793679	-0.605919	-0.441223	-0.34982	-0.32479	-0.331129	-0.320129	-0.279716	-0.253441	-0.252226	-0.249892	-0.230014	-0.223844	
0	0.0975341	0.201256	0.254352	0.195736	0.0227716	-0.237515	-0.536495	-0.794299	-0.959193	-1.01306	-0.945769	-0.791633	-0.60418	-0.439656	-0.346302	-0.325335	-0.333385	-0.318945	-0.279791	-0.25059	-0.252451	-0.253053	-0.23334	-0.21908	
0	0.103531	0.212833	0.270122	0.213195	0.0396837	-0.22216	-0.523704	-0.785494	-0.95494	-1.01284	-0.949581	-0.799949	-0.613017	-0.445105	-0.350289	-0.32576	-0.333759	-0.321251	-0.282703	-0.255266	-0.249623	-0.246276	-0.22406	-0.227457	
0	0.116968	0.238653	0.305202	0.252075	0.077495	-0.18773	-0.494871	-0.76461	-0.943393	-1.01315	-0.961123	-0.815939	-0.629985	-0.461352	-0.358727	-0.326406	-0.332757	-0.324488	-0.286252	-0.256825	-0.2558	-0.257554	-0.23584	-0.218437	
0	0.13768	0.278165	0.358699	0.311464	0.135572	-0.134126	-0.449096	-0.731457	-0.925076	-1.01035	-0.974308	-0.842815	-0.660587	-0.483458	-0.370273	-0.330993	-0.336694	-0.330313	-0.295193	-0.259261	-0.252782	-0.25698	-0.241789	-0.228765	
0	0.165383	0.330444	0.429142	0.389954	0.212917	-0.0619121	-0.38597	-0.683541	-0.896528	-1.0045	-0.990516	-0.874818	-0.700389	-0.518672	-0.391609	-0.336798	-0.335514	-0.336803	-0.30776	-0.269873	-0.255692	-0.255071	-0.243196	-0.236306	
0	0.199647	0.394141	0.514364	0.485399	0.308058	0.0284591	-0.304883	-0.619731	-0.855328	-0.990537	-1.00516	-0.911619	-0.751167	-0.567659	-0.421134	-0.34732	-0.338296	-0.342	-0.320272	-0.28186	-0.267026	-0.269214	-0.249533	-0.223317	
0	0.239835	0.467401	0.611424	0.594872	0.418828	0.135897	-0.205215	-0.537929	-0.79858	-0.964184	-1.01442	-0.951545	-0.807785	-0.626769	-0.468579	-0.369615	-0.342728	-0.345568	-0.335552	-0.291108	-0.267717	-0.271587	-0.280517	-0.249665	
0	0.28502	0.547762	0.716494	0.714585	0.542453	0.258544	-0.0871629	-0.435602	-0.722818	-0.922623	-1.01131	-0.985597	-0.872814	-0.700369	-0.529679	-0.402144	-0.352261	-0.351963	-0.352701	-0.3202	-0.274287	-0.263657	-0.276964	-0.269243	
0	0.333859	0.632098	0.824814	0.839671	0.675479	0.394377	0.0480239	-0.31278	-0.623624	-0.857892	-0.992879	-1.00988	-0.934317	-0.783414	-0.610172	-0.462576	-0.370967	-0.352452	-0.359927	-0.352352	-0.308129	-0.270486	-0.263871	-0.271758	
0	0.384405	0.716542	0.930874	0.964327	0.813217	0.540215	0.199749	-0.168623	-0.502097	-0.766541	-0.947133	-1.0149	-0.985441	-0.873588	-0.707514	-0.543777	-0.418266	-0.362348	-0.35553	-0.368211	-0.350378	-0.317155	-0.282884	-0.274043	
0	0.433906	0.796416	1.02851	1.08208	0.950611	0.691469	0.36388	-0.00222917	-0.354318	-0.647652	-0.870789	-0.993377	-1.01411	-0.949559	-0.815111	-0.656995	-0.501868	-0.400727	-0.356532	-0.356848	-0.362648	-0.351295	-0.328327	-0.312359	
0	0.478613	0.866316	1.11135	1.1856	1.08177	0.844315	0.53525	0.181553	-0.179767	-0.497637	-0.757566	-0.934555	-1.01289	-1.00685	-0.914418	-0.776277	-0.623662	-0.487135	-0.39909	-0.359072	-0.354422	-0.356158	-0.349356	-0.338794	
0	0.513662	0.920123	1.1736	1.26772	1.19902	0.993708	0.709642	0.377346	0.0183501	-0.317346	-0.606675	-0.833293	-0.967659	-1.02043	-0.992887	-0.896659	-0.761038	-0.616718	-0.494111	-0.408848	-0.366135	-0.348995	-0.346088	-0.344251	
0	0.533375	0.95105	1.21027	1.32281	1.29424	1.13236	0.881387	0.578525	0.235283	-0.108841	-0.418486	-0.684215	-0.876687	-0.988858	-1.02084	-0.982036	-0.894325	-0.766987	-0.6412	-0.523952	-0.443282	-0.387071	-0.358126	-0.339278	
0	0.532222	0.952196	1.21707	1.34728	1.36026	1.25157	1.04352	0.776707	0.462577	0.123604	-0.198091	-0.489876	-0.727282	-0.896488	-1.00051	-1.02052	-0.987166	-0.904776	-0.797005	-0.684605	-0.580126	-0.499345	-0.438981	-0.397839	
0	0.506376	0.917834	1.19017	1.33945	1.39205	1.34202	1.18776	0.963356	0.688745	0.371068	0.0499113	-0.254813	-0.530877	-0.741789	-0.89951	-0.995272	-1.02136	-1.00131	-0.933961	-0.84934	-0.751403	-0.662711	-0.581541	-0.521254	
0	0.455471	0.845357	1.12644	1.29858	1.38745	1.39532	1.3043	1.12966	0.901744	0.621677	0.312162	0.0125184	-0.279225	-0.537915	-0.735944	-0.886939	-0.977237	-1.01717	-1.01166	-0.971228	-0.909532	-0.838673	-0.766974	-0.70019	
0	0.38384	0.737402	1.02443	1.22388	1.34685	1.40576	1.38261	1.26709	1.08826	0.860925	0.58177	0.28826	0.00670061	-0.268432	-0.510033	-0.705533	-0.854149	-0.950133	-1.00355	-1.01667	-1.00154	-0.96516	-0.921212	-0.872924	
0	0.300507	0.603256	0.886422	1.11397	1.27192	1.37224	1.41203	1.36666	1.24087	1.06591	0.843179	0.574666	0.298439	0.0311372	-0.224138	-0.450204	-0.641847	-0.791796	-0.900065	-0.969665	-1.00631	-1.01618	-1.00748	-0.98708	
0	0.217735	0.458402	0.720913	0.968217	1.1629	1.29924	1.38715	1.41305	1.35553	1.22983	1.06221	0.850534	0.601656	0.343203	0.0894905	-0.148522	-0.361512	-0.545307	-0.69562	-0.812571	-0.897364	-0.95518	-0.990797	-1.00807	
