-0.184812	-0.267939	-0.305062	-0.282638	-0.209758	-0.106338	0.0221498	0.161301	0.29225	0.401895	0.471481	0.50435	0.5271	0.552223	0.579228	0.605118	0.623357	0.62713	0.610772	0.580939	0.55012	0.503836	0.415858	0.290641	0.148787	
-0.185489	-0.231505	-0.238265	-0.192225	-0.105858	0.00136065	0.124211	0.248891	0.363921	0.458422	0.509641	0.519163	0.511672	0.498438	0.479914	0.456405	0.429124	0.396626	0.354516	0.315791	0.299185	0.286099	0.24312	0.171642	0.0887782	
-0.158393	-0.163055	-0.135327	-0.0717075	0.0149396	0.114192	0.220984	0.321884	0.414812	0.490686	0.521757	0.506357	0.466035	0.4125	0.350022	0.283928	0.222232	0.165199	0.105491	0.0584292	0.0473498	0.0544588	0.0475461	0.0295835	0.0142912	
-0.0987781	-0.0639215	-0.0139536	0.0548888	0.13466	0.21848	0.300783	0.372999	0.440405	0.492117	0.497573	0.453922	0.380048	0.290117	0.193736	0.0999688	0.0195495	-0.0498002	-0.120276	-0.175766	-0.188727	-0.171446	-0.149011	-0.115791	-0.0628509	
-0.0220137	0.0398278	0.107334	0.177515	0.241854	0.303279	0.357672	0.396995	0.431177	0.450522	0.426479	0.356075	0.255249	0.14068	0.0255972	-0.0804638	-0.167589	-0.24159	-0.317384	-0.377866	-0.392798	-0.367332	-0.317873	-0.23866	-0.127361	
0.0524893	0.140509	0.21943	0.281236	0.327134	0.363861	0.382227	0.380205	0.375433	0.359499	0.308645	0.22056	0.105962	-0.0190232	-0.140115	-0.24867	-0.33619	-0.40976	-0.48298	-0.538484	-0.547546	-0.509711	-0.434012	-0.318239	-0.167521	
0.118214	0.223088	0.307295	0.36067	0.382945	0.383508	0.359027	0.315703	0.272963	0.225308	0.157597	0.06512	-0.0508122	-0.176384	-0.296404	-0.402147	-0.485408	-0.551519	-0.609872	-0.645948	-0.638438	-0.583793	-0.485214	-0.346463	-0.17946	
0.159922	0.278348	0.364271	0.398223	0.388479	0.352706	0.288768	0.208754	0.135129	0.0661665	-0.00729492	-0.0952169	-0.205387	-0.325938	-0.440113	-0.537378	-0.608995	-0.657236	-0.686964	-0.690832	-0.65985	-0.588703	-0.475076	-0.328931	-0.16714	
0.167509	0.289519	0.365815	0.380383	0.345887	0.277416	0.179938	0.0756384	-0.0173146	-0.100074	-0.174122	-0.253318	-0.353199	-0.463332	-0.564582	-0.644117	-0.69396	-0.714038	-0.705812	-0.672269	-0.618485	-0.536989	-0.419402	-0.28032	-0.139271	
0.119461	0.241151	0.313657	0.316337	0.261742	0.169694	0.0537	-0.0639963	-0.171921	-0.264746	-0.336088	-0.403999	-0.488149	-0.578721	-0.65605	-0.707181	-0.726952	-0.713878	-0.66719	-0.600711	-0.531644	-0.449265	-0.339079	-0.217843	-0.105448	
0.0177727	0.143839	0.215692	0.214389	0.154389	0.051382	-0.0764545	-0.203629	-0.321746	-0.419891	-0.485975	-0.538245	-0.59691	-0.655821	-0.698767	-0.714803	-0.7025	-0.659318	-0.582883	-0.49541	-0.421564	-0.347201	-0.253262	-0.155943	-0.0733113	
-0.128348	0.00577851	0.0875781	0.0964822	0.0380077	-0.0727936	-0.205372	-0.335104	-0.458472	-0.556112	-0.610315	-0.638779	-0.662003	-0.680338	-0.684002	-0.665674	-0.627017	-0.563764	-0.472144	-0.378414	-0.309008	-0.248079	-0.17533	-0.103709	-0.0473487	
-0.303594	-0.152294	-0.0555513	-0.0344615	-0.086387	-0.194408	-0.323028	-0.450609	-0.570121	-0.654902	-0.689152	-0.688819	-0.671973	-0.6476	-0.615121	-0.570947	-0.517037	-0.44664	-0.355379	-0.268511	-0.208885	-0.162452	-0.112004	-0.0647908	-0.0290661	
-0.493959	-0.32821	-0.214773	-0.1724	-0.208084	-0.304612	-0.420008	-0.533507	-0.635021	-0.697535	-0.709258	-0.680303	-0.626181	-0.565942	-0.507786	-0.450244	-0.392897	-0.326986	-0.248773	-0.177625	-0.128874	-0.094588	-0.0646585	-0.0387721	-0.0178472	
-0.703761	-0.517331	-0.37777	-0.308697	-0.319855	-0.388226	-0.474873	-0.564328	-0.639823	-0.676002	-0.667231	-0.617053	-0.537469	-0.454599	-0.383529	-0.324307	-0.272629	-0.219038	-0.161615	-0.110106	-0.0704843	-0.0444787	-0.0314868	-0.0229241	-0.0119253	
-0.921173	-0.707152	-0.538025	-0.431812	-0.400192	-0.425208	-0.476656	-0.536639	-0.580871	-0.593446	-0.574171	-0.516087	-0.426339	-0.335176	-0.262666	-0.209832	-0.168395	-0.130422	-0.0963724	-0.0643327	-0.0313094	-0.0100475	-0.00944489	-0.0137054	-0.00916074	
-1.13479	-0.888239	-0.676075	-0.520843	-0.439089	-0.414032	-0.424556	-0.452135	-0.469809	-0.470106	-0.451453	-0.397551	-0.312732	-0.226432	-0.16015	-0.116447	-0.085549	-0.0630709	-0.0507301	-0.035223	-0.00721462	0.0112848	0.00446047	-0.00778867	-0.00755244	
-1.33018	-1.0388	-0.779772	-0.577162	-0.438941	-0.358499	-0.331404	-0.333035	-0.332837	-0.330103	-0.319801	-0.280476	-0.213071	-0.140231	-0.0828807	-0.0470137	-0.024652	-0.0153814	-0.019877	-0.0166025	0.0060731	0.0218864	0.0125969	-0.00265787	-0.00554917	
-1.48736	-1.15381	-0.854513	-0.603391	-0.410573	-0.286023	-0.228343	-0.205623	-0.194364	-0.196807	-0.19931	-0.179547	-0.135666	-0.080209	-0.0317448	-0.000523597	0.0163325	0.016044	0.00144682	-0.00312517	0.0121541	0.0239495	0.0166418	0.00308625	-0.0022469	
-1.59934	-1.23703	-0.905843	-0.619085	-0.387853	-0.227031	-0.138174	-0.0950222	-0.081273	-0.0906008	-0.102527	-0.101644	-0.0827845	-0.0455891	-0.00431643	0.0259881	0.0403055	0.0347845	0.0173801	0.00865181	0.0138262	0.0198354	0.017742	0.00963664	0.00249983	
-1.66981	-1.29676	-0.953791	-0.648133	-0.388851	-0.200597	-0.0871846	-0.0275113	-0.0103305	-0.0203125	-0.0364068	-0.0513402	-0.054171	-0.0327304	0.00343969	0.0351843	0.0493981	0.0437236	0.0302378	0.019902	0.0131863	0.0123154	0.0167353	0.0161065	0.00806099	
-1.70024	-1.33928	-1.00302	-0.693955	-0.428168	-0.227039	-0.0892625	-0.0107517	0.0127821	0.00794902	-0.00672461	-0.0305911	-0.0474085	-0.0377129	-0.00579828	0.0279746	0.0448204	0.0447636	0.0400616	0.0295939	0.011784	0.00448045	0.014297	0.02087	0.0131548	
-1.68383	-1.35911	-1.04974	-0.761792	-0.50732	-0.296413	-0.138235	-0.0473648	-0.0139442	-0.0058388	-0.0141275	-0.0394117	-0.0613005	-0.0590532	-0.0314009	0.00409971	0.0269747	0.0380655	0.0444531	0.0351544	0.0106426	-0.000887539	0.0109305	0.0221175	0.0161641	
-1.6251	-1.35319	-1.08563	-0.831163	-0.596817	-0.390425	-0.228206	-0.127694	-0.0775471	-0.0552707	-0.0572722	-0.0771074	-0.0957494	-0.0970292	-0.0739684	-0.0373962	-0.00493641	0.0214928	0.0391499	0.0333651	0.00984022	-0.00236968	0.006862	0.0185274	0.01561	
-1.5266	-1.307	-1.08595	-0.875756	-0.677406	-0.4899	-0.331615	-0.224567	-0.162162	-0.131725	-0.128315	-0.138768	-0.150063	-0.15237	-0.134409	-0.0974882	-0.0527096	-0.00919347	0.0189321	0.0209571	0.00780484	-0.000938688	0.00185779	0.00980021	0.0106683	
-1.38384	-1.21644	-1.04971	-0.888491	-0.724032	-0.559038	-0.418641	-0.316521	-0.248028	-0.21555	-0.211662	-0.215417	-0.220284	-0.223778	-0.212125	-0.17553	-0.118325	-0.0595949	-0.0212829	-0.00507782	0.000714222	-0.000560677	-0.00505385	-0.00320584	0.00156551	
-1.21622	-1.10496	-0.984796	-0.853884	-0.716863	-0.587151	-0.473952	-0.376557	-0.308814	-0.28604	-0.288066	-0.290644	-0.296486	-0.305959	-0.301995	-0.267321	-0.203023	-0.134793	-0.0847925	-0.0474836	-0.0177215	-0.00796366	-0.0158399	-0.0189128	-0.0103752	
-1.04936	-0.984669	-0.889208	-0.779364	-0.674681	-0.576396	-0.477686	-0.387226	-0.334132	-0.324489	-0.331992	-0.344345	-0.364988	-0.386211	-0.391587	-0.364968	-0.305428	-0.235524	-0.171462	-0.109104	-0.0554654	-0.0311949	-0.0335784	-0.0360499	-0.0231979	
-0.888106	-0.853704	-0.779304	-0.69572	-0.611879	-0.524271	-0.435125	-0.36007	-0.319658	-0.31222	-0.327242	-0.362507	-0.406523	-0.443355	-0.464213	-0.457383	-0.417333	-0.354379	-0.277228	-0.192517	-0.119622	-0.0772193	-0.0623474	-0.0548803	-0.0352081	
-0.723663	-0.716676	-0.674601	-0.611855	-0.533073	-0.451069	-0.37215	-0.306148	-0.265166	-0.252744	-0.276742	-0.334268	-0.400198	-0.457842	-0.503766	-0.528533	-0.521169	-0.475483	-0.393909	-0.297526	-0.212739	-0.149396	-0.10649	-0.0778523	-0.0460108	
-0.558713	-0.586984	-0.576318	-0.52424	-0.45106	-0.375084	-0.300767	-0.237643	-0.189318	-0.166083	-0.190548	-0.257585	-0.338809	-0.419774	-0.496164	-0.559578	-0.593823	-0.577065	-0.508185	-0.417532	-0.32958	-0.245294	-0.168753	-0.109003	-0.0572347	
-0.418373	-0.473814	-0.47762	-0.435096	-0.37214	-0.300764	-0.231973	-0.168479	-0.106372	-0.0706087	-0.0874196	-0.146729	-0.230447	-0.329785	-0.435244	-0.536702	-0.613278	-0.635794	-0.601946	-0.537249	-0.455408	-0.355133	-0.247579	-0.151901	-0.0722446	
-0.316309	-0.376449	-0.387175	-0.360047	-0.306138	-0.237639	-0.168478	-0.0947071	-0.0249346	0.0134951	0.0146241	-0.0185421	-0.0931586	-0.2023	-0.327494	-0.455602	-0.565987	-0.634464	-0.655361	-0.63295	-0.566813	-0.4618	-0.334656	-0.206434	-0.0942941	
-0.247867	-0.308733	-0.334094	-0.319641	-0.265159	-0.189316	-0.106371	-0.0249344	0.0382382	0.0832614	0.115289	0.110069	0.047499	-0.0579776	-0.185882	-0.323115	-0.4548	-0.568867	-0.65073	-0.676802	-0.636507	-0.543166	-0.413933	-0.265637	-0.123518	
-0.215431	-0.285981	-0.324462	-0.312208	-0.252739	-0.166081	-0.070608	0.0134953	0.0832614	0.152923	0.209187	0.219228	0.175996	0.0909874	-0.0248731	-0.157256	-0.298682	-0.447177	-0.576799	-0.646028	-0.641038	-0.576174	-0.463484	-0.314663	-0.154237	
-0.211577	-0.288025	-0.331974	-0.327234	-0.276738	-0.190547	-0.0874191	0.0146242	0.115289	0.209187	0.275217	0.303736	0.293499	0.237422	0.141309	0.0214571	-0.12106	-0.283346	-0.433189	-0.532354	-0.567516	-0.542089	-0.461105	-0.333594	-0.174496	
-0.215357	-0.290616	-0.344332	-0.362502	-0.334266	-0.257584	-0.146729	-0.018542	0.110069	0.219228	0.303736	0.366859	0.394654	0.371716	0.303632	0.199286	0.0626795	-0.0892673	-0.231014	-0.344873	-0.416277	-0.432032	-0.392137	-0.303902	-0.169362	
-0.220244	-0.296467	-0.36498	-0.40652	-0.400197	-0.338809	-0.230447	-0.0931585	0.047499	0.175996	0.293499	0.394654	0.462132	0.483856	0.45283	0.368308	0.251023	0.129597	0.0115346	-0.104023	-0.198914	-0.250484	-0.255385	-0.216237	-0.127901	
-0.223751	-0.305947	-0.386205	-0.443353	-0.457841	-0.419773	-0.329785	-0.2023	-0.0579775	0.0909874	0.237422	0.371716	0.483856	0.557068	0.569921	0.52427	0.450267	0.368882	0.275739	0.169239	0.0663978	-0.0141236	-0.0632947	-0.0758476	-0.0506797	
-0.212107	-0.301987	-0.391584	-0.464211	-0.503766	-0.496164	-0.435244	-0.327494	-0.185882	-0.0248731	0.141309	0.303632	0.45283	0.569921	0.639148	0.664011	0.655154	0.61546	0.547591	0.459659	0.358741	0.254248	0.16364	0.0978208	0.0478483	
-0.17552	-0.267316	-0.364966	-0.457382	-0.528532	-0.559577	-0.536702	-0.455602	-0.323115	-0.157256	0.0214571	0.199286	0.368308	0.52427	0.664011	0.775402	0.838659	0.847668	0.815716	0.752628	0.656168	0.532818	0.403486	0.278288	0.146132	
-0.118318	-0.20302	-0.305427	-0.417332	-0.521169	-0.593823	-0.613278	-0.565987	-0.4548	-0.298682	-0.12106	0.0626795	0.251023	0.450267	0.655154	0.838659	0.971181	1.0436	1.06117	1.02563	0.936642	0.802277	0.63523	0.442841	0.228491	
-0.059591	-0.134791	-0.235524	-0.354379	-0.475483	-0.577065	-0.635794	-0.634464	-0.568867	-0.447177	-0.283346	-0.0892673	0.129597	0.368882	0.61546	0.847668	1.0436	1.18417	1.2545	1.25031	1.17751	1.04001	0.837454	0.580108	0.293536	
-0.0212806	-0.0847916	-0.171462	-0.277228	-0.393908	-0.508185	-0.601946	-0.655361	-0.65073	-0.576799	-0.433189	-0.231014	0.0115346	0.275739	0.547591	0.815716	1.06117	1.2545	1.37076	1.40305	1.35322	1.21645	0.988864	0.687675	0.348576	
-0.00507656	-0.0474831	-0.109104	-0.192517	-0.297526	-0.417532	-0.537249	-0.63295	-0.676802	-0.646028	-0.532354	-0.344873	-0.104023	0.169239	0.459659	0.752628	1.02563	1.25031	1.40305	1.46899	1.43788	1.30402	1.07235	0.760604	0.394056	
0.00071491	-0.0177212	-0.0554653	-0.119622	-0.212739	-0.32958	-0.455408	-0.566813	-0.636507	-0.641038	-0.567516	-0.416277	-0.198914	0.0663978	0.358741	0.656168	0.936642	1.17751	1.35322	1.43788	1.41632	1.29189	1.07779	0.782852	0.415076	
-0.000560313	-0.00796352	-0.0311949	-0.0772193	-0.149396	-0.245294	-0.355133	-0.4618	-0.543166	-0.576174	-0.542089	-0.432032	-0.250484	-0.0141236	0.254248	0.532818	0.802277	1.04001	1.21645	1.30402	1.29189	1.18743	1.00086	0.734231	0.391857	
-0.00505366	-0.0158398	-0.0335783	-0.0623474	-0.10649	-0.168753	-0.247579	-0.334656	-0.413933	-0.463484	-0.461105	-0.392137	-0.255385	-0.0632947	0.16364	0.403486	0.63523	0.837454	0.988864	1.07235	1.07779	1.00086	0.842029	0.609052	0.319654	
-0.00320575	-0.0189128	-0.0360499	-0.0548803	-0.0778523	-0.109003	-0.151901	-0.206434	-0.265637	-0.314663	-0.333594	-0.303902	-0.216237	-0.0758476	0.0978208	0.278288	0.442841	0.580108	0.687675	0.760604	0.782852	0.734231	0.609052	0.426001	0.215888	
0.00156555	-0.0103752	-0.0231979	-0.0352081	-0.0460108	-0.0572347	-0.0722446	-0.0942941	-0.123518	-0.154237	-0.174496	-0.169362	-0.127901	-0.0506797	0.0478483	0.146132	0.228491	0.293536	0.348576	0.394056	0.415076	0.391857	0.319654	0.215888	0.105433	
