-0.248684	-0.0730039	0.0926964	0.229823	0.320338	0.369538	0.373745	0.313508	0.188087	0.0157552	-0.175341	-0.360915	-0.527627	-0.653991	-0.721176	-0.73585	-0.711692	-0.659516	-0.595756	-0.528401	-0.452478	-0.364741	-0.263083	-0.153311	-0.0613206	
-0.357025	-0.222971	-0.0863322	0.0324337	0.114764	0.167007	0.182291	0.140273	0.0375075	-0.113598	-0.286863	-0.455636	-0.601194	-0.700181	-0.738258	-0.721437	-0.659349	-0.570035	-0.481993	-0.405842	-0.333736	-0.26066	-0.181647	-0.0983028	-0.0337711	
-0.516062	-0.414723	-0.294356	-0.1839	-0.100216	-0.0367764	-0.00553669	-0.0257582	-0.101246	-0.224244	-0.370694	-0.512251	-0.626046	-0.690376	-0.69833	-0.655194	-0.565993	-0.454505	-0.357487	-0.285152	-0.225744	-0.171914	-0.116396	-0.0576381	-0.0152221	
-0.702363	-0.622697	-0.513678	-0.405222	-0.312766	-0.234769	-0.185636	-0.178981	-0.218861	-0.303153	-0.411491	-0.515993	-0.59202	-0.622337	-0.607719	-0.550613	-0.450087	-0.333073	-0.240271	-0.179794	-0.136821	-0.102323	-0.0680671	-0.0306787	-0.00501636	
-0.897192	-0.836012	-0.732156	-0.621174	-0.517673	-0.422002	-0.348488	-0.305848	-0.299869	-0.334864	-0.396678	-0.460442	-0.501229	-0.506803	-0.483176	-0.427132	-0.33109	-0.222606	-0.142414	-0.0964534	-0.0691443	-0.0510019	-0.0342464	-0.0148357	-0.00149057	
-1.09072	-1.04039	-0.941901	-0.827561	-0.705762	-0.58382	-0.477369	-0.389641	-0.329712	-0.310261	-0.325057	-0.352779	-0.368368	-0.363496	-0.34546	-0.303369	-0.223939	-0.133332	-0.0690431	-0.035971	-0.0207249	-0.0146009	-0.0113323	-0.00692036	-0.00262833	
-1.26977	-1.23189	-1.13572	-1.00746	-0.858008	-0.703124	-0.556053	-0.417723	-0.303797	-0.234143	-0.209298	-0.211277	-0.215029	-0.214028	-0.212642	-0.19227	-0.136559	-0.0685223	-0.019644	0.00453058	0.01236	0.0108155	0.00413193	-0.00393524	-0.00641303	
-1.42947	-1.39351	-1.29003	-1.14146	-0.9588	-0.765573	-0.575777	-0.391402	-0.232761	-0.123774	-0.0707446	-0.0586279	-0.0625245	-0.0755733	-0.0960195	-0.0996338	-0.07036	-0.0261796	0.00971854	0.0294748	0.034246	0.0286209	0.0148136	-0.00339842	-0.0109753	
-1.54274	-1.50247	-1.3893	-1.21471	-0.996719	-0.769577	-0.54503	-0.326042	-0.136731	-0.00235648	0.0674573	0.0850943	0.0737544	0.0422166	0.000367614	-0.025396	-0.0223517	-0.00134632	0.0243201	0.0432709	0.0483058	0.0411631	0.0224609	-0.00338806	-0.014657	
-1.59415	-1.54644	-1.41949	-1.2217	-0.979896	-0.730269	-0.482005	-0.243521	-0.0395915	0.107975	0.187499	0.206979	0.18594	0.136753	0.0779286	0.033924	0.0124641	0.0119129	0.0293788	0.0495204	0.0568246	0.0497724	0.0280657	-0.00248229	-0.0160827	
-1.5716	-1.51761	-1.38613	-1.17856	-0.926832	-0.66751	-0.410131	-0.167486	0.0393992	0.193041	0.279459	0.301136	0.272521	0.210487	0.140879	0.0827812	0.0392787	0.0192758	0.0293784	0.0508236	0.0610893	0.0550184	0.0321363	0.00029525	-0.0142788	
-1.4814	-1.43372	-1.30777	-1.10403	-0.860034	-0.605687	-0.350534	-0.113077	0.0900099	0.246183	0.340094	0.367395	0.336178	0.268104	0.19379	0.125051	0.062548	0.025567	0.027876	0.0489417	0.0616865	0.0570495	0.0349615	0.00547807	-0.00882911	
-1.3464	-1.31252	-1.20482	-1.02402	-0.802116	-0.559874	-0.313963	-0.0880709	0.108541	0.267627	0.371594	0.408563	0.380908	0.314358	0.240275	0.163426	0.0856585	0.0345335	0.0275671	0.0451108	0.0588661	0.0559199	0.0367991	0.0131114	-1.91243e-05	
-1.18695	-1.18006	-1.10262	-0.954775	-0.761493	-0.53744	-0.306689	-0.0934115	0.0987047	0.262077	0.37767	0.427917	0.410736	0.352987	0.282337	0.199382	0.110982	0.0488086	0.0304137	0.0403634	0.0528981	0.0518551	0.0379593	0.0226923	0.0110983	
-1.03238	-1.05363	-1.00917	-0.902938	-0.743988	-0.540844	-0.326043	-0.123259	0.0661647	0.234262	0.362327	0.428971	0.428838	0.385816	0.320401	0.233669	0.140039	0.0698548	0.0377421	0.035804	0.0443915	0.0454268	0.0387728	0.033145	0.0227824	
-0.889695	-0.937979	-0.934326	-0.872549	-0.74469	-0.56335	-0.366519	-0.172527	0.0163287	0.189568	0.329601	0.414373	0.436817	0.412874	0.353949	0.26674	0.173499	0.0979231	0.0503372	0.0327996	0.034531	0.0376188	0.0394695	0.0428863	0.0328676	
-0.767116	-0.843334	-0.876509	-0.852528	-0.755729	-0.601578	-0.423163	-0.234367	-0.0448138	0.132064	0.282093	0.386125	0.43527	0.432804	0.381953	0.298934	0.211162	0.132121	0.0685178	0.0330432	0.0251907	0.0297768	0.0400219	0.0500203	0.0391971	
-0.66646	-0.760396	-0.826541	-0.839124	-0.774293	-0.648722	-0.487274	-0.303029	-0.114458	0.0640363	0.222556	0.3464	0.423601	0.443107	0.403435	0.330537	0.251877	0.170575	0.0922188	0.0384874	0.0188733	0.0234487	0.0400388	0.0526792	0.040152	
-0.576841	-0.689518	-0.785778	-0.825511	-0.791086	-0.697333	-0.554	-0.376079	-0.190566	-0.0117507	0.153981	0.296611	0.400076	0.441246	0.417942	0.361357	0.293459	0.210837	0.121117	0.0511136	0.0184168	0.0201499	0.0388127	0.0494816	0.035139	
-0.505446	-0.630649	-0.741544	-0.803447	-0.804941	-0.744088	-0.618492	-0.450551	-0.271121	-0.0931404	0.0786816	0.237541	0.362954	0.425584	0.425235	0.390113	0.332946	0.250463	0.154703	0.0725325	0.026485	0.0211248	0.0355929	0.0400288	0.0248803	
-0.44473	-0.571415	-0.692819	-0.778419	-0.813212	-0.781219	-0.676818	-0.52532	-0.354792	-0.178229	-0.00118814	0.169729	0.311102	0.395683	0.424794	0.414176	0.367115	0.287527	0.192265	0.10351	0.044919	0.027175	0.0300808	0.0253154	0.0113768	
-0.392736	-0.520068	-0.644703	-0.746087	-0.809811	-0.806821	-0.728406	-0.598514	-0.439548	-0.264937	-0.0839573	0.0931189	0.244563	0.352579	0.415364	0.429618	0.393065	0.320914	0.232814	0.143518	0.0740938	0.0386236	0.0230337	0.00791168	-0.00248784	
-0.360831	-0.473603	-0.591286	-0.709058	-0.79827	-0.81947	-0.770543	-0.66836	-0.523201	-0.350935	-0.169359	0.00732262	0.165609	0.298408	0.394331	0.431812	0.408862	0.350254	0.274886	0.190433	0.112515	0.0554501	0.0167405	-0.0082107	-0.0136056	
-0.338374	-0.429544	-0.546805	-0.675531	-0.774296	-0.817377	-0.805487	-0.732971	-0.601294	-0.435202	-0.259142	-0.0865296	0.0788383	0.234711	0.357811	0.416939	0.413839	0.375271	0.3163	0.240578	0.156882	0.0775372	0.0150652	-0.0182618	-0.0193472	
-0.330445	-0.408917	-0.519112	-0.638723	-0.739996	-0.810574	-0.833724	-0.785529	-0.671581	-0.520221	-0.353906	-0.184484	-0.0114512	0.161022	0.302479	0.383498	0.407974	0.394847	0.354095	0.289181	0.202702	0.104906	0.0228287	-0.0175657	-0.0180569	
-0.356127	-0.415403	-0.502927	-0.606578	-0.711374	-0.802989	-0.849317	-0.82485	-0.737408	-0.606606	-0.45074	-0.28283	-0.103873	0.075983	0.227728	0.332444	0.390791	0.406469	0.384646	0.3311	0.245381	0.137795	0.0444959	-0.00266861	-0.00916989	
-0.415402	-0.447325	-0.509206	-0.593351	-0.694151	-0.794624	-0.855761	-0.856513	-0.799574	-0.691661	-0.547242	-0.380384	-0.199224	-0.0210064	0.136093	0.266297	0.360786	0.406222	0.403789	0.361738	0.281527	0.176418	0.0824395	0.0276496	0.00702361	
-0.502926	-0.509206	-0.54242	-0.603836	-0.696869	-0.793728	-0.859472	-0.884127	-0.858567	-0.774567	-0.642013	-0.477334	-0.300022	-0.129462	0.0326966	0.188101	0.315326	0.389162	0.407158	0.37802	0.309868	0.22032	0.135386	0.0717573	0.029721	
-0.606577	-0.593351	-0.603835	-0.650406	-0.725749	-0.801019	-0.867615	-0.916571	-0.917301	-0.853527	-0.733741	-0.577044	-0.410253	-0.24667	-0.0761104	0.0996649	0.250962	0.350409	0.390955	0.378962	0.331127	0.267502	0.197794	0.125136	0.0576953	
-0.711374	-0.694151	-0.696869	-0.725749	-0.767806	-0.823345	-0.897636	-0.960068	-0.973444	-0.927683	-0.826268	-0.685812	-0.531406	-0.367653	-0.186514	-2.76924e-05	0.164855	0.286773	0.352776	0.365371	0.346647	0.313733	0.260629	0.180936	0.0889161	
-0.802988	-0.794624	-0.793728	-0.801019	-0.823345	-0.878017	-0.951267	-1.00719	-1.02816	-1.00403	-0.926242	-0.806627	-0.66062	-0.489429	-0.300684	-0.113968	0.0565803	0.197769	0.292143	0.338701	0.356199	0.352438	0.313401	0.230964	0.119883	
-0.849317	-0.855761	-0.859472	-0.867615	-0.897636	-0.951267	-1.00778	-1.05674	-1.09091	-1.08805	-1.03557	-0.937377	-0.794241	-0.614899	-0.425898	-0.244752	-0.0717066	0.0855704	0.210702	0.299359	0.355855	0.375353	0.346669	0.266868	0.145254	
-0.824849	-0.856513	-0.884127	-0.916571	-0.960068	-1.00719	-1.05674	-1.11276	-1.16	-1.17679	-1.15204	-1.07215	-0.930647	-0.75226	-0.570319	-0.393264	-0.216821	-0.0455563	0.111648	0.244833	0.337197	0.37389	0.353802	0.28127	0.158487	
-0.737408	-0.799574	-0.858567	-0.917301	-0.973444	-1.02816	-1.09091	-1.16	-1.22195	-1.26445	-1.26607	-1.20081	-1.07187	-0.910283	-0.73784	-0.558933	-0.376183	-0.19035	-0.00238083	0.168657	0.288957	0.340646	0.331027	0.268711	0.153791	
-0.606606	-0.691661	-0.774567	-0.853527	-0.927683	-1.00403	-1.08805	-1.17679	-1.26445	-1.33442	-1.35662	-1.31525	-1.22142	-1.08906	-0.924787	-0.740693	-0.548125	-0.344758	-0.132399	0.0615625	0.200793	0.270136	0.275854	0.226436	0.128729	
-0.45074	-0.547242	-0.642013	-0.733741	-0.826268	-0.926242	-1.03557	-1.15204	-1.26607	-1.35662	-1.4064	-1.41273	-1.37184	-1.27353	-1.12151	-0.936005	-0.730673	-0.509097	-0.284797	-0.0848325	0.067015	0.158399	0.185469	0.154926	0.0857866	
-0.28283	-0.380384	-0.477334	-0.577044	-0.685812	-0.806627	-0.937377	-1.07215	-1.20081	-1.31525	-1.41273	-1.48195	-1.49707	-1.43958	-1.31419	-1.13627	-0.921028	-0.689929	-0.468799	-0.273773	-0.112387	0.00248435	0.0571197	0.0577222	0.031193	
-0.103873	-0.199224	-0.300022	-0.410253	-0.531406	-0.66062	-0.794241	-0.930647	-1.07187	-1.22142	-1.37184	-1.49707	-1.56677	-1.56339	-1.48127	-1.32469	-1.117	-0.896241	-0.689695	-0.501993	-0.333779	-0.198292	-0.109072	-0.0599711	-0.0290225	
0.075983	-0.0210064	-0.129462	-0.24667	-0.367653	-0.489429	-0.614899	-0.75226	-0.910283	-1.08906	-1.27353	-1.43958	-1.56339	-1.62154	-1.59436	-1.48278	-1.31556	-1.12895	-0.942916	-0.762309	-0.591759	-0.438901	-0.307123	-0.193551	-0.0931104	
0.227728	0.136093	0.0326966	-0.0761104	-0.186514	-0.300684	-0.425898	-0.570319	-0.73784	-0.924787	-1.12151	-1.31419	-1.48127	-1.59436	-1.6329	-1.5977	-1.50508	-1.37227	-1.21414	-1.0459	-0.877243	-0.705702	-0.525171	-0.340314	-0.164069	
0.332444	0.266297	0.188101	0.0996649	-2.76924e-05	-0.113968	-0.244752	-0.393264	-0.558933	-0.740693	-0.936005	-1.13627	-1.32469	-1.48278	-1.5977	-1.66015	-1.66073	-1.59724	-1.48317	-1.33898	-1.17297	-0.977858	-0.748744	-0.49768	-0.24512	
0.390791	0.360786	0.315326	0.250962	0.164855	0.0565803	-0.0717066	-0.216821	-0.376183	-0.548125	-0.730673	-0.921028	-1.117	-1.31556	-1.50508	-1.66073	-1.75488	-1.77446	-1.72477	-1.61617	-1.45224	-1.23283	-0.963684	-0.65863	-0.333405	
0.406469	0.406222	0.389162	0.350409	0.286773	0.197769	0.0855704	-0.0455563	-0.19035	-0.344758	-0.509097	-0.689929	-0.896241	-1.12895	-1.37227	-1.59724	-1.77446	-1.88251	-1.90722	-1.84051	-1.68411	-1.4505	-1.15506	-0.808	-0.417503	
0.384646	0.403789	0.407158	0.390955	0.352776	0.292143	0.210702	0.111648	-0.00238083	-0.132399	-0.284797	-0.468799	-0.689695	-0.942916	-1.21414	-1.48317	-1.72477	-1.90722	-1.99748	-1.97485	-1.84061	-1.6115	-1.3034	-0.923853	-0.481496	
0.3311	0.361738	0.37802	0.378962	0.365371	0.338701	0.299359	0.244833	0.168657	0.0615625	-0.0848325	-0.273773	-0.501993	-0.762309	-1.0459	-1.33898	-1.61617	-1.84051	-1.97485	-1.99618	-1.89999	-1.69289	-1.38399	-0.984202	-0.51243	
0.245381	0.281527	0.309868	0.331127	0.346647	0.356199	0.355855	0.337197	0.288957	0.200793	0.067015	-0.112387	-0.333779	-0.591759	-0.877243	-1.17297	-1.45224	-1.68411	-1.84061	-1.89999	-1.84606	-1.66949	-1.3729	-0.974519	-0.505023	
0.137795	0.176418	0.22032	0.267502	0.313733	0.352438	0.375353	0.37389	0.340646	0.270136	0.158399	0.00248435	-0.198292	-0.438901	-0.705702	-0.977858	-1.23283	-1.4505	-1.6115	-1.69289	-1.66949	-1.52368	-1.25675	-0.890975	-0.460593	
0.0444959	0.0824395	0.135386	0.197794	0.260629	0.313401	0.346669	0.353802	0.331027	0.275854	0.185469	0.0571197	-0.109072	-0.307123	-0.525171	-0.748744	-0.963684	-1.15506	-1.3034	-1.38399	-1.3729	-1.25675	-1.03903	-0.73868	-0.382863	
-0.00266861	0.0276496	0.0717573	0.125136	0.180936	0.230964	0.266868	0.28127	0.268711	0.226436	0.154926	0.0577222	-0.0599711	-0.193551	-0.340314	-0.49768	-0.65863	-0.808	-0.923853	-0.984202	-0.974519	-0.890975	-0.73868	-0.528505	-0.275715	
-0.00916989	0.00702361	0.029721	0.0576953	0.0889161	0.119883	0.145254	0.158487	0.153791	0.128729	0.0857866	0.031193	-0.0290225	-0.0931104	-0.164069	-0.24512	-0.333405	-0.417503	-0.481496	-0.51243	-0.505023	-0.460593	-0.382863	-0.275715	-0.144779	
