-0.113818	-0.105776	-0.1019	-0.111392	-0.129625	-0.135133	-0.126878	-0.132815	-0.156116	-0.182794	-0.192717	-0.182202	-0.179712	-0.20558	-0.268769	-0.373724	-0.494805	-0.597283	-0.66501	-0.677704	-0.612703	-0.475117	-0.284408	-0.0483494	0.220253	
-0.105776	-0.10003	-0.10996	-0.128334	-0.138359	-0.128674	-0.126931	-0.149108	-0.175334	-0.192173	-0.18966	-0.179432	-0.192092	-0.239406	-0.325298	-0.442218	-0.555991	-0.63921	-0.679421	-0.654735	-0.551983	-0.38645	-0.175265	0.0753883	0.34506	
-0.1019	-0.10996	-0.128006	-0.136761	-0.131509	-0.126584	-0.143014	-0.169056	-0.187889	-0.19433	-0.184713	-0.18425	-0.219062	-0.289756	-0.393969	-0.512602	-0.609973	-0.667974	-0.674554	-0.609216	-0.471229	-0.281554	-0.0524828	0.207791	0.470513	
-0.111392	-0.128334	-0.136761	-0.132765	-0.129724	-0.137515	-0.162144	-0.185428	-0.195862	-0.190772	-0.182406	-0.20399	-0.264547	-0.355466	-0.469614	-0.578464	-0.651314	-0.678404	-0.646059	-0.539737	-0.371095	-0.161122	0.082393	0.345213	0.592315	
-0.129625	-0.138359	-0.131509	-0.129724	-0.135194	-0.1563	-0.185991	-0.1974	-0.192911	-0.184318	-0.194824	-0.245384	-0.327505	-0.4322	-0.545306	-0.632549	-0.674256	-0.665441	-0.590858	-0.44648	-0.252891	-0.0263688	0.226491	0.482819	0.706099	
-0.135133	-0.128674	-0.126584	-0.137515	-0.1563	-0.186774	-0.199352	-0.191484	-0.186106	-0.192368	-0.230917	-0.306712	-0.404046	-0.513921	-0.611844	-0.667247	-0.673635	-0.624886	-0.507609	-0.331056	-0.118407	0.120563	0.375326	0.614995	0.807931	
-0.126878	-0.126931	-0.143014	-0.162144	-0.185991	-0.199352	-0.190302	-0.18646	-0.193986	-0.221864	-0.290262	-0.384972	-0.488945	-0.590272	-0.658673	-0.676747	-0.645315	-0.553618	-0.397025	-0.196265	0.03006	0.276088	0.522849	0.736066	0.894685	
-0.132815	-0.149108	-0.169056	-0.185428	-0.1974	-0.191484	-0.18646	-0.195239	-0.217952	-0.278679	-0.372929	-0.472793	-0.570905	-0.648517	-0.678056	-0.657406	-0.585328	-0.450341	-0.262292	-0.0456705	0.189475	0.434739	0.661977	0.841117	0.964055	
-0.156116	-0.175334	-0.187889	-0.195862	-0.192911	-0.186106	-0.193986	-0.217952	-0.274392	-0.366844	-0.464633	-0.55691	-0.638008	-0.678332	-0.665484	-0.605702	-0.490438	-0.317234	-0.108655	0.117056	0.355452	0.589047	0.785636	0.926636	1.01415	
-0.182794	-0.192173	-0.19433	-0.190772	-0.184318	-0.192368	-0.221864	-0.278679	-0.366844	-0.462272	-0.549819	-0.62987	-0.677761	-0.671512	-0.618379	-0.518056	-0.360683	-0.160449	0.0582662	0.288134	0.521291	0.730195	0.888107	0.990559	1.04272	
-0.192717	-0.18966	-0.184713	-0.182406	-0.194824	-0.230917	-0.290262	-0.372929	-0.464633	-0.549819	-0.626792	-0.677071	-0.675545	-0.626005	-0.535245	-0.392287	-0.201446	0.0118275	0.233967	0.462265	0.677525	0.849773	0.966055	1.03149	1.04652	
-0.182202	-0.179432	-0.18425	-0.20399	-0.245384	-0.306712	-0.384972	-0.472793	-0.55691	-0.62987	-0.677071	-0.676989	-0.629714	-0.54439	-0.412461	-0.231253	-0.0231348	0.192762	0.414306	0.630617	0.813295	0.942053	1.01832	1.04732	1.0214	
-0.179712	-0.192092	-0.219062	-0.264547	-0.327505	-0.404046	-0.488945	-0.570905	-0.638008	-0.677761	-0.675545	-0.629714	-0.547233	-0.422164	-0.249342	-0.046758	0.163847	0.378437	0.592056	0.780721	0.919731	1.00514	1.04419	1.03433	0.963713	
-0.20558	-0.239406	-0.289756	-0.355466	-0.4322	-0.513921	-0.590272	-0.648517	-0.678332	-0.671512	-0.626005	-0.54439	-0.422164	-0.2554	-0.0587245	0.14667	0.354774	0.563627	0.754165	0.900349	0.993161	1.03945	1.04108	0.987867	0.872706	
-0.268769	-0.325298	-0.393969	-0.469614	-0.545306	-0.611844	-0.658673	-0.678056	-0.665484	-0.618379	-0.535245	-0.412461	-0.249342	-0.0587245	0.140966	0.343055	0.546306	0.735423	0.885241	0.983271	1.03462	1.04407	1.00411	0.905146	0.752887	
-0.373724	-0.442218	-0.512602	-0.578464	-0.632549	-0.667247	-0.676747	-0.657406	-0.605702	-0.518056	-0.392287	-0.231253	-0.046758	0.14667	0.343055	0.540499	0.725742	0.875614	0.976196	1.03065	1.04506	1.01453	0.928777	0.788802	0.614616	
-0.494805	-0.555991	-0.609973	-0.651314	-0.674256	-0.673635	-0.645315	-0.585328	-0.490438	-0.360683	-0.201446	-0.0231348	0.163847	0.354774	0.546306	0.725742	0.872305	0.9725	1.02807	1.04519	1.02081	0.945005	0.815772	0.648704	0.472187	
-0.597283	-0.63921	-0.667974	-0.678404	-0.665441	-0.624886	-0.553618	-0.450341	-0.317234	-0.160449	0.0118275	0.192762	0.378437	0.563627	0.735423	0.875614	0.9725	1.02718	1.04511	1.02412	0.95507	0.834394	0.67429	0.500361	0.34004	
-0.66501	-0.679421	-0.674554	-0.646059	-0.590858	-0.507609	-0.397025	-0.262292	-0.108655	0.0582662	0.233967	0.414306	0.592056	0.754165	0.885241	0.976196	1.02807	1.04511	1.02515	0.959869	0.845276	0.691293	0.520928	0.360453	0.228952	
-0.677704	-0.654735	-0.609216	-0.539737	-0.44648	-0.331056	-0.196265	-0.0456705	0.117056	0.288134	0.462265	0.630617	0.780721	0.900349	0.983271	1.03065	1.04519	1.02412	0.959869	0.848851	0.699766	0.533427	0.374505	0.241926	0.14394	
-0.612703	-0.551983	-0.471229	-0.371095	-0.252891	-0.118407	0.03006	0.189475	0.355452	0.521291	0.677525	0.813295	0.919731	0.993161	1.03462	1.04506	1.02081	0.95507	0.845276	0.699766	0.537618	0.381663	0.249985	0.151132	0.0844673	
-0.475117	-0.38645	-0.281554	-0.161122	-0.0263688	0.120563	0.276088	0.434739	0.589047	0.730195	0.849773	0.942053	1.00514	1.03945	1.04407	1.01453	0.945005	0.834394	0.691293	0.533427	0.381663	0.252718	0.154842	0.0878819	0.0462844	
-0.284408	-0.175265	-0.0524828	0.082393	0.226491	0.375326	0.522849	0.661977	0.785636	0.888107	0.966055	1.01832	1.04419	1.04108	1.00411	0.928777	0.815772	0.67429	0.520928	0.374505	0.249985	0.154842	0.0890477	0.0476076	0.0237035	
-0.0483494	0.0753883	0.207791	0.345213	0.482819	0.614995	0.736066	0.841117	0.926636	0.990559	1.03149	1.04732	1.03433	0.987867	0.905146	0.788802	0.648704	0.500361	0.360453	0.241926	0.151132	0.0878819	0.0476076	0.0240581	0.0113597	
0.220253	0.34506	0.470513	0.592315	0.706099	0.807931	0.894685	0.964055	1.01415	1.04272	1.04652	1.0214	0.963713	0.872706	0.752887	0.614616	0.472187	0.34004	0.228952	0.14394	0.0844673	0.0462844	0.0237035	0.0113597	0.00510201	
0.485656	0.594654	0.697892	0.792368	0.875481	0.945007	0.998836	1.03454	1.04901	1.03848	0.999288	0.929384	0.830156	0.707667	0.572386	0.437153	0.314081	0.211728	0.133708	0.0790431	0.0437406	0.0226692	0.0110128	0.00502082	0.002151	
0.711475	0.795824	0.871812	0.937376	0.990352	1.02823	1.04797	1.04609	1.01917	0.964793	0.882852	0.776651	0.653281	0.522809	0.396355	0.283664	0.191146	0.121057	0.071982	0.0401694	0.0210404	0.0103495	0.0047847	0.00208117	0.000852695	
0.884365	0.942896	0.991312	1.02711	1.0474	1.04898	1.02875	0.984387	0.915168	0.822863	0.712187	0.590591	0.467219	0.35125	0.250122	0.168265	0.106732	0.0637524	0.0358325	0.0189468	0.00942645	0.00441501	0.0019481	0.000810576	0.000318376	
1.00199	1.03215	1.04892	1.04948	1.03114	0.991844	0.930771	0.848909	0.749472	0.637896	0.521309	0.407501	0.303618	0.214959	0.144241	0.0915459	0.0548717	0.0310301	0.0165465	0.00831872	0.00394384	0.001764	0.000744882	0.000297204	0.000112154	
1.0514	1.04726	1.02688	0.988605	0.931733	0.856922	0.76648	0.664413	0.556157	0.447957	0.345992	0.255441	0.179741	0.120235	0.0763002	0.0458565	0.026069	0.0140071	0.00711025	0.00340958	0.00154483	0.00066163	0.000268024	0.000102775	3.73367e-05	
1.01394	0.97377	0.918204	0.847788	0.764279	0.670687	0.571128	0.470446	0.373652	0.285269	0.208729	0.145965	0.0973147	0.0617209	0.0371736	0.0212312	0.011487	0.00588355	0.00285186	0.00130813	0.000567932	0.000233474	9.09339e-05	3.35786e-05	1.17652e-05	
0.8886	0.821084	0.743228	0.657331	0.566494	0.47439	0.384912	0.301729	0.227859	0.165311	0.114918	0.0763612	0.0483966	0.0292015	0.0167484	0.00912007	0.00471084	0.00230691	0.00107072	0.000471007	0.000196413	7.76734e-05	2.91449e-05	1.0383e-05	3.5146e-06	
0.703216	0.624914	0.543022	0.460269	0.379576	0.303771	0.235291	0.175925	0.126646	0.0875606	0.0580048	0.0367385	0.022205	0.0127863	0.00700513	0.00364765	0.00180388	0.000846831	0.000377298	0.000159541	6.40397e-05	2.44103e-05	8.84016e-06	3.04351e-06	9.96817e-07	
0.502054	0.429437	0.358646	0.29177	0.230667	0.176783	0.131022	0.0936773	0.0644594	0.0425906	0.0269649	0.0163269	0.00943824	0.00520155	0.0027297	0.00136284	0.000646902	0.000291827	0.000125092	5.09524e-05	1.97251e-05	7.26018e-06	2.54188e-06	8.47011e-07	2.68803e-07	
0.32421	0.267329	0.214946	0.168158	0.127712	0.0939467	0.0667842	0.0457752	0.0301861	0.0191119	0.0115955	0.00672991	0.00373083	0.00197297	0.000994266	0.000477096	0.000217866	9.46476e-05	3.9112e-05	1.53749e-05	5.75059e-06	2.04718e-06	6.93972e-07	2.24134e-07	6.90115e-08	
0.190203	0.151451	0.117461	0.088547	0.064742	0.0458142	0.0313105	0.0206228	0.0130649	0.00794581	0.00463118	0.00258277	0.00137636	0.000700054	0.000339539	0.000156929	6.90823e-05	2.89576e-05	1.15572e-05	4.39205e-06	1.58966e-06	5.48166e-07	1.80169e-07	5.64726e-08	1.68905e-08	
0.101882	0.0784813	0.0588223	0.0428118	0.0301966	0.0205991	0.0135635	0.00860373	0.00524795	0.00307276	0.00172431	0.000926057	0.000475408	0.000233057	0.000109012	4.86227e-05	2.06721e-05	8.37563e-06	3.2338e-06	1.18992e-06	4.17374e-07	1.39601e-07	4.45443e-08	1.35662e-08	3.94577e-09	
0.0500798	0.0373834	0.0271254	0.0190956	0.0130175	0.00857701	0.00545192	0.00333724	0.00196386	0.00110926	0.000600514	0.000311195	0.000154201	7.29953e-05	3.29876e-05	1.42242e-05	5.85035e-06	2.29477e-06	8.58409e-07	3.06266e-07	1.04246e-07	3.38624e-08	1.05018e-08	3.1111e-09	8.80852e-10	
0.0226981	0.0164451	0.0115707	0.00789191	0.00520862	0.00332054	0.00204122	0.00120792	0.000687024	0.000375028	0.00019622	9.82913e-05	4.70927e-05	2.15632e-05	9.43031e-06	3.93733e-06	1.56899e-06	5.96663e-07	2.16539e-07	7.50073e-08	2.48051e-08	7.83425e-09	2.36404e-09	6.81909e-10	1.88123e-10	
0.00952801	0.00670968	0.00458451	0.00303415	0.00194178	0.00119966	0.000714339	0.000409329	0.000225389	0.000119099	6.03236e-05	2.92562e-05	1.35746e-05	6.0215e-06	2.55225e-06	1.03328e-06	3.99484e-07	1.47479e-07	5.19914e-08	1.75056e-08	5.6309e-09	1.73097e-09	5.08734e-10	1.43018e-10	3.84783e-11	
0.00371923	0.00254898	0.00169357	0.0010891	0.000676807	0.000405804	0.000234405	0.000130255	6.95388e-05	3.56233e-05	1.74925e-05	8.22577e-06	3.70147e-06	1.59286e-06	6.55224e-07	2.57558e-07	9.67301e-08	3.47083e-08	1.18994e-08	3.8987e-09	1.22105e-09	3.65699e-10	1.04777e-10	2.87325e-11	7.54509e-12	
0.00135496	0.000904819	0.000585289	0.000366179	0.000221248	0.000128911	7.23301e-05	3.90294e-05	2.02292e-05	1.00601e-05	4.79559e-06	2.18945e-06	9.5673e-07	3.99918e-07	1.59849e-07	6.10806e-08	2.23097e-08	7.78909e-09	2.59972e-09	8.29668e-10	2.53247e-10	7.39609e-11	2.06757e-11	5.53508e-12	1.41975e-12	
0.000462235	0.000301076	0.000189815	0.000115665	6.80263e-05	3.85622e-05	2.10422e-05	1.10392e-05	5.56179e-06	2.68836e-06	1.2456e-06	5.52796e-07	2.3485e-07	9.54668e-08	3.71204e-08	1.38034e-08	4.9084e-09	1.66913e-09	5.42875e-10	1.68913e-10	5.02932e-11	1.43351e-11	3.91308e-12	1.02345e-12	2.56602e-13	
0.000148101	9.41811e-05	5.79287e-05	3.44158e-05	1.97234e-05	1.08895e-05	5.78516e-06	2.95404e-06	1.44833e-06	6.81203e-07	3.07117e-07	1.32637e-07	5.48443e-08	2.17039e-08	8.21802e-09	2.97686e-09	1.03156e-09	3.41989e-10	1.08487e-10	3.2938e-11	9.57429e-12	2.66544e-12	7.10995e-13	1.81804e-13	4.45854e-14	
4.46877e-05	2.77694e-05	1.66788e-05	9.67002e-06	5.40523e-06	2.90944e-06	1.50636e-06	7.49424e-07	3.57931e-07	1.6398e-07	7.20107e-08	3.0295e-08	1.22044e-08	4.7064e-09	1.73701e-09	6.13497e-10	2.07359e-10	6.70779e-11	2.07712e-11	6.15861e-12	1.74898e-12	4.75918e-13	1.2414e-13	3.10542e-14	7.45383e-15	
1.273e-05	7.73612e-06	4.54096e-06	2.57146e-06	1.40318e-06	7.37001e-07	3.7222e-07	1.80592e-07	8.41006e-08	3.75648e-08	1.60834e-08	6.59733e-09	2.59173e-09	9.74816e-10	3.50996e-10	1.20977e-10	3.99161e-11	1.26093e-11	3.81438e-12	1.10527e-12	3.0688e-13	8.16763e-14	2.08466e-14	5.10491e-15	1.19997e-15	
3.43125e-06	2.04071e-06	1.17155e-06	6.48485e-07	3.45725e-07	1.7734e-07	8.74417e-08	4.14088e-08	1.8819e-08	8.20255e-09	3.42697e-09	1.37181e-09	5.25967e-10	1.93114e-10	6.78912e-11	2.28534e-11	7.36652e-12	2.27413e-12	6.7253e-13	1.9058e-13	5.17685e-14	1.34849e-14	3.36984e-15	8.08269e-16	1.86166e-16	
8.76838e-07	5.1071e-07	2.86956e-07	1.55375e-07	8.09907e-08	4.06039e-08	1.95614e-08	9.04889e-09	4.01657e-09	1.70973e-09	6.97595e-10	2.72725e-10	1.02136e-10	3.66347e-11	1.25847e-11	4.14035e-12	1.30475e-12	3.93905e-13	1.13957e-13	3.16016e-14	8.40336e-15	2.14361e-15	5.24784e-16	1.23355e-16	2.78541e-17	
2.12443e-07	1.21269e-07	6.67402e-08	3.53772e-08	1.80448e-08	8.849e-09	4.16877e-09	1.88532e-09	8.18013e-10	3.40339e-10	1.35725e-10	5.18648e-11	1.89871e-11	6.6584e-12	2.23665e-12	7.19731e-13	2.21896e-13	6.55577e-14	1.85658e-14	5.04152e-15	1.31319e-15	3.28237e-16	7.87655e-17	1.81541e-17	4.02085e-18	
4.69104e-08	2.62984e-08	1.42059e-08	7.38724e-09	3.69481e-09	1.77602e-09	8.19854e-10	3.63227e-10	1.54361e-10	6.28951e-11	2.45621e-11	9.19125e-12	3.29515e-12	1.13172e-12	3.7237e-13	1.17388e-13	3.54622e-14	1.02683e-14	2.85068e-15	7.59044e-16	1.93918e-16	4.7554e-17	1.11987e-17	2.53373e-18	5.51041e-19	
