-0.00278048	0	0	0	0	0	0	0	0	0	0	0	0	0	0	0	0	0	0	0	0	0	0	0	0	
-0.256564	-0.228796	-0.207306	-0.192342	-0.184121	-0.182688	-0.188055	-0.200188	-0.218948	-0.244121	-0.275339	-0.311926	-0.352988	-0.39715	-0.442523	-0.487054	-0.528003	-0.562682	-0.588895	-0.604044	-0.606778	-0.597384	-0.575471	-0.538809	-0.484001	
-0.493287	-0.444402	-0.406619	-0.380408	-0.366073	-0.363612	-0.373177	-0.394521	-0.427651	-0.472005	-0.527184	-0.592091	-0.665351	-0.745058	-0.828386	-0.911986	-0.992035	-1.06337	-1.12141	-1.1609	-1.1754	-1.15986	-1.11108	-1.02744	-0.909832	
-0.70512	-0.641855	-0.593167	-0.55965	-0.541323	-0.53826	-0.550582	-0.578036	-0.620758	-0.678238	-0.750001	-0.835088	-0.931723	-1.03758	-1.14957	-1.2626	-1.37181	-1.47033	-1.55012	-1.60488	-1.62682	-1.60749	-1.54126	-1.42603	-1.26395	
-0.896558	-0.829106	-0.777689	-0.742427	-0.723072	-0.719986	-0.732684	-0.761775	-0.806636	-0.867959	-0.944647	-1.03656	-1.14203	-1.25837	-1.38266	-1.50971	-1.63243	-1.74445	-1.83515	-1.89528	-1.91836	-1.8976	-1.82764	-1.70558	-1.52941	
-1.07451	-1.01673	-0.97315	-0.943032	-0.926661	-0.924055	-0.934615	-0.959417	-0.997322	-1.04963	-1.11552	-1.19497	-1.28747	-1.39143	-1.50358	-1.62206	-1.73962	-1.85059	-1.94743	-2.01803	-2.05233	-2.04191	-1.97863	-1.85745	-1.67553	
-1.23053	-1.1912	-1.16126	-1.14065	-1.12976	-1.12766	-1.13538	-1.15175	-1.17828	-1.21333	-1.25905	-1.31402	-1.37896	-1.45459	-1.53849	-1.62968	-1.72615	-1.8205	-1.90849	-1.98074	-2.02502	-2.02894	-1.98079	-1.86926	-1.6912	
-1.35927	-1.33944	-1.32363	-1.31335	-1.3075	-1.30629	-1.31089	-1.31879	-1.3333	-1.3508	-1.37412	-1.40205	-1.43521	-1.47385	-1.52109	-1.57308	-1.63307	-1.69651	-1.75886	-1.81244	-1.84788	-1.85225	-1.81542	-1.72632	-1.57737	
-1.45295	-1.4478	-1.44353	-1.44017	-1.43776	-1.43779	-1.43875	-1.4422	-1.4457	-1.45135	-1.45546	-1.45993	-1.46399	-1.46528	-1.468	-1.47227	-1.47897	-1.49087	-1.50844	-1.52922	-1.54544	-1.549	-1.52589	-1.47201	-1.37387	
-1.45214	-1.45683	-1.45998	-1.45987	-1.461	-1.4608	-1.46	-1.46062	-1.45714	-1.45495	-1.4472	-1.43614	-1.41874	-1.39613	-1.36263	-1.32561	-1.28332	-1.24239	-1.20422	-1.18165	-1.17093	-1.17492	-1.17914	-1.17329	-1.14879	
-1.31245	-1.32475	-1.33272	-1.33784	-1.34119	-1.34093	-1.33972	-1.33509	-1.32862	-1.31745	-1.30323	-1.28307	-1.25418	-1.22016	-1.17394	-1.11794	-1.05143	-0.983583	-0.914522	-0.857914	-0.825412	-0.818965	-0.845976	-0.881172	-0.923698	
-1.064	-1.0815	-1.09432	-1.10621	-1.10879	-1.11154	-1.10748	-1.09876	-1.08864	-1.06991	-1.05077	-1.02473	-0.995455	-0.958255	-0.91854	-0.868724	-0.811887	-0.743869	-0.677315	-0.608597	-0.566934	-0.551718	-0.581429	-0.645675	-0.720957	
-0.785942	-0.808931	-0.825711	-0.838686	-0.844122	-0.846452	-0.84146	-0.831457	-0.816496	-0.796109	-0.771392	-0.742513	-0.713517	-0.679221	-0.648897	-0.614185	-0.584256	-0.546886	-0.507265	-0.457495	-0.410259	-0.388684	-0.399841	-0.466397	-0.561979	
-0.558639	-0.579505	-0.595688	-0.604059	-0.612966	-0.611325	-0.608651	-0.600286	-0.584787	-0.569484	-0.544939	-0.520662	-0.491856	-0.463251	-0.435352	-0.413021	-0.391503	-0.382156	-0.374216	-0.366258	-0.339578	-0.315906	-0.309351	-0.345256	-0.430477	
-0.391725	-0.401436	-0.411605	-0.416572	-0.421023	-0.420833	-0.418552	-0.414079	-0.405157	-0.395678	-0.382076	-0.367395	-0.349656	-0.331552	-0.309113	-0.294328	-0.278249	-0.269895	-0.274554	-0.290779	-0.298839	-0.289587	-0.275702	-0.286979	-0.341513	
-0.267923	-0.271699	-0.275942	-0.278461	-0.280325	-0.280597	-0.279777	-0.27735	-0.274184	-0.269666	-0.265741	-0.259331	-0.255708	-0.250708	-0.242798	-0.235879	-0.228554	-0.217356	-0.213313	-0.232867	-0.26096	-0.277948	-0.270931	-0.260658	-0.288157	
-0.195668	-0.195811	-0.200652	-0.200809	-0.202427	-0.20315	-0.200522	-0.20115	-0.197271	-0.194815	-0.194202	-0.190731	-0.18944	-0.194554	-0.193933	-0.199341	-0.208312	-0.209326	-0.195311	-0.193839	-0.220854	-0.253792	-0.271513	-0.262318	-0.261684	
-0.166119	-0.169139	-0.168995	-0.17092	-0.169504	-0.171651	-0.17019	-0.168906	-0.17101	-0.165299	-0.166783	-0.166129	-0.160274	-0.164061	-0.167013	-0.162858	-0.175366	-0.197023	-0.202476	-0.189817	-0.195717	-0.226605	-0.257088	-0.262095	-0.257201	
-0.149355	-0.154746	-0.147551	-0.150201	-0.149319	-0.1471	-0.151825	-0.146981	-0.15326	-0.152362	-0.151962	-0.158869	-0.155773	-0.15511	-0.163868	-0.160815	-0.153237	-0.169958	-0.1923	-0.192282	-0.187583	-0.203371	-0.242229	-0.260076	-0.255531	
-0.135734	-0.137789	-0.129702	-0.134583	-0.132146	-0.129372	-0.135571	-0.12907	-0.135097	-0.135943	-0.135732	-0.141638	-0.149574	-0.144265	-0.15701	-0.165274	-0.15816	-0.153074	-0.177867	-0.188466	-0.187564	-0.189539	-0.219101	-0.250984	-0.257307	
-0.136029	-0.129334	-0.131442	-0.131988	-0.130673	-0.131235	-0.131426	-0.132745	-0.129552	-0.134146	-0.13354	-0.127303	-0.143019	-0.134799	-0.139276	-0.155436	-0.166437	-0.155072	-0.164952	-0.180317	-0.183973	-0.183852	-0.204693	-0.239342	-0.252087	
-0.138468	-0.125581	-0.135282	-0.12744	-0.127473	-0.13248	-0.123213	-0.135541	-0.127082	-0.132933	-0.138199	-0.132191	-0.138422	-0.143137	-0.135573	-0.137634	-0.15221	-0.154256	-0.161834	-0.176979	-0.18173	-0.179759	-0.188952	-0.22623	-0.249532	
-0.124888	-0.12134	-0.124473	-0.119515	-0.120734	-0.122415	-0.118605	-0.123846	-0.121745	-0.124023	-0.127019	-0.130103	-0.131332	-0.140194	-0.141765	-0.145454	-0.149626	-0.148158	-0.150337	-0.170288	-0.179391	-0.178549	-0.182482	-0.212965	-0.241507	
-0.12337	-0.121839	-0.123736	-0.120598	-0.122036	-0.12215	-0.120418	-0.123337	-0.12171	-0.12313	-0.124516	-0.125324	-0.125645	-0.132709	-0.13159	-0.137801	-0.150392	-0.150955	-0.148125	-0.162996	-0.177029	-0.178235	-0.174157	-0.201253	-0.235074	
-0.124898	-0.122255	-0.123984	-0.120584	-0.120855	-0.122298	-0.119483	-0.1238	-0.122394	-0.124073	-0.127193	-0.127543	-0.126597	-0.134415	-0.130628	-0.131151	-0.143191	-0.152018	-0.144896	-0.158015	-0.171408	-0.177936	-0.17395	-0.192395	-0.225336	
-0.115878	-0.118009	-0.117172	-0.113937	-0.11563	-0.115242	-0.114326	-0.115691	-0.117419	-0.116924	-0.119136	-0.127526	-0.120336	-0.13491	-0.136217	-0.134323	-0.136204	-0.14692	-0.144318	-0.154254	-0.170043	-0.176407	-0.170237	-0.185583	-0.219755	
-0.118009	-0.121539	-0.118343	-0.118202	-0.120194	-0.116395	-0.1212	-0.117293	-0.120707	-0.120675	-0.119183	-0.123091	-0.120469	-0.124522	-0.126661	-0.132032	-0.141762	-0.149365	-0.142759	-0.149512	-0.165548	-0.176005	-0.169848	-0.181049	-0.213244	
-0.117172	-0.118343	-0.116653	-0.114455	-0.115278	-0.114493	-0.114789	-0.114911	-0.117906	-0.116845	-0.120337	-0.126457	-0.121145	-0.131844	-0.132885	-0.127557	-0.131272	-0.1457	-0.142898	-0.149102	-0.163427	-0.176002	-0.170149	-0.176018	-0.208438	
-0.113937	-0.118202	-0.114455	-0.114007	-0.116214	-0.112459	-0.117142	-0.113375	-0.11706	-0.117411	-0.115378	-0.122827	-0.118113	-0.125218	-0.12906	-0.13201	-0.135182	-0.146929	-0.142621	-0.146294	-0.161881	-0.172971	-0.169102	-0.176382	-0.205852	
-0.11563	-0.120194	-0.115278	-0.116214	-0.116861	-0.113772	-0.118047	-0.113623	-0.11891	-0.116898	-0.117947	-0.123351	-0.119591	-0.124279	-0.129038	-0.128751	-0.13371	-0.144477	-0.141749	-0.145985	-0.160767	-0.175307	-0.169646	-0.172792	-0.203441	
-0.115242	-0.116395	-0.114493	-0.112459	-0.113772	-0.112457	-0.113699	-0.113714	-0.115769	-0.116733	-0.117567	-0.124544	-0.119848	-0.130068	-0.131087	-0.128082	-0.12993	-0.146213	-0.14304	-0.146533	-0.160679	-0.172853	-0.169705	-0.174121	-0.203598	
-0.114326	-0.1212	-0.114789	-0.117142	-0.118047	-0.113699	-0.119889	-0.113515	-0.119004	-0.117653	-0.115709	-0.121856	-0.118079	-0.120766	-0.126979	-0.131939	-0.137131	-0.145879	-0.141603	-0.145344	-0.161467	-0.174	-0.169075	-0.175074	-0.204503	
-0.115691	-0.117293	-0.114911	-0.113375	-0.113623	-0.113714	-0.113515	-0.114208	-0.117005	-0.116194	-0.119363	-0.126016	-0.120727	-0.132385	-0.133685	-0.128309	-0.130116	-0.145543	-0.142453	-0.148858	-0.162836	-0.175215	-0.170826	-0.17488	-0.206648	
-0.117419	-0.120707	-0.117906	-0.11706	-0.11891	-0.115769	-0.119004	-0.117005	-0.118805	-0.120126	-0.118742	-0.12352	-0.120041	-0.125843	-0.127045	-0.130763	-0.138639	-0.149376	-0.143644	-0.148689	-0.164778	-0.174342	-0.168668	-0.180425	-0.211873	
-0.116924	-0.120675	-0.116845	-0.117411	-0.116898	-0.116733	-0.117653	-0.116194	-0.120126	-0.118063	-0.119829	-0.125947	-0.121374	-0.13006	-0.132937	-0.133452	-0.138487	-0.147261	-0.141741	-0.152465	-0.167951	-0.177383	-0.172136	-0.182353	-0.215597	
-0.119136	-0.119183	-0.120337	-0.115378	-0.117947	-0.117567	-0.115709	-0.119363	-0.118742	-0.119829	-0.123267	-0.127328	-0.122815	-0.136074	-0.134819	-0.132719	-0.138948	-0.149521	-0.145886	-0.157175	-0.170968	-0.176517	-0.17116	-0.189551	-0.223824	
-0.127526	-0.123091	-0.126457	-0.122827	-0.123351	-0.124544	-0.121856	-0.126016	-0.12352	-0.125947	-0.127328	-0.126145	-0.127948	-0.132284	-0.127591	-0.13271	-0.148953	-0.152488	-0.147054	-0.159961	-0.174168	-0.179088	-0.173668	-0.197415	-0.231407	
-0.120336	-0.120469	-0.121145	-0.118113	-0.119591	-0.119848	-0.118079	-0.120727	-0.120041	-0.121374	-0.122815	-0.127948	-0.126512	-0.136731	-0.140275	-0.146619	-0.149741	-0.148341	-0.148403	-0.166273	-0.179616	-0.177375	-0.179454	-0.209442	-0.237685	
-0.13491	-0.124522	-0.131844	-0.125218	-0.124279	-0.130068	-0.120766	-0.132385	-0.125843	-0.13006	-0.136074	-0.132284	-0.136731	-0.143803	-0.137447	-0.137463	-0.148923	-0.15189	-0.15718	-0.175866	-0.181224	-0.180006	-0.185451	-0.218512	-0.246806	
-0.136217	-0.126661	-0.132885	-0.12906	-0.129038	-0.131087	-0.126979	-0.133685	-0.127045	-0.132937	-0.134819	-0.127591	-0.140275	-0.137447	-0.136131	-0.147933	-0.16239	-0.156058	-0.164069	-0.178039	-0.182362	-0.180411	-0.197417	-0.236279	-0.252066	
-0.134323	-0.132032	-0.127557	-0.13201	-0.128751	-0.128082	-0.131939	-0.128309	-0.130763	-0.133452	-0.132719	-0.13271	-0.146619	-0.137463	-0.147933	-0.162366	-0.163132	-0.15198	-0.170806	-0.185026	-0.186607	-0.187876	-0.213484	-0.24588	-0.255029	
-0.136204	-0.141762	-0.131272	-0.135182	-0.13371	-0.12993	-0.137131	-0.130116	-0.138639	-0.138487	-0.138948	-0.148953	-0.149741	-0.148923	-0.16239	-0.163132	-0.150799	-0.159361	-0.186828	-0.191094	-0.187592	-0.195617	-0.232477	-0.258031	-0.25594	
-0.14692	-0.149365	-0.1457	-0.146929	-0.144477	-0.146213	-0.145879	-0.145543	-0.149376	-0.147261	-0.149521	-0.152488	-0.148341	-0.15189	-0.156058	-0.15198	-0.159361	-0.185195	-0.198441	-0.190208	-0.189988	-0.216287	-0.251708	-0.26033	-0.255786	
-0.144318	-0.142759	-0.142898	-0.142621	-0.141749	-0.14304	-0.141603	-0.142453	-0.143644	-0.141741	-0.145886	-0.147054	-0.148403	-0.15718	-0.164069	-0.170806	-0.186828	-0.198441	-0.192504	-0.18451	-0.205459	-0.240338	-0.264964	-0.263443	-0.259046	
-0.154254	-0.149512	-0.149102	-0.146294	-0.145985	-0.146533	-0.145344	-0.148858	-0.148689	-0.152465	-0.157175	-0.159961	-0.166273	-0.175866	-0.178039	-0.185026	-0.191094	-0.190208	-0.18451	-0.201872	-0.237021	-0.264883	-0.270198	-0.257391	-0.272073	
-0.170043	-0.165548	-0.163427	-0.161881	-0.160767	-0.160679	-0.161467	-0.162836	-0.164778	-0.167951	-0.170968	-0.174168	-0.179616	-0.181224	-0.182362	-0.186607	-0.187592	-0.189988	-0.205459	-0.237021	-0.263364	-0.2706	-0.261207	-0.266581	-0.313587	
-0.176407	-0.176005	-0.176002	-0.172971	-0.175307	-0.172853	-0.174	-0.175215	-0.174342	-0.177383	-0.176517	-0.179088	-0.177375	-0.180006	-0.180411	-0.187876	-0.195617	-0.216287	-0.240338	-0.264883	-0.2706	-0.264599	-0.266051	-0.299697	-0.378088	
-0.170237	-0.169848	-0.170149	-0.169102	-0.169646	-0.169705	-0.169075	-0.170826	-0.168668	-0.172136	-0.17116	-0.173668	-0.179454	-0.185451	-0.197417	-0.213484	-0.232477	-0.251708	-0.264964	-0.270198	-0.261207	-0.266051	-0.293375	-0.367678	-0.478769	
-0.185583	-0.181049	-0.176018	-0.176382	-0.172792	-0.174121	-0.175074	-0.17488	-0.180425	-0.182353	-0.189551	-0.197415	-0.209442	-0.218512	-0.236279	-0.24588	-0.258031	-0.26033	-0.263443	-0.257391	-0.266581	-0.299697	-0.367678	-0.474548	-0.589057	
-0.219755	-0.213244	-0.208438	-0.205852	-0.203441	-0.203598	-0.204503	-0.206648	-0.211873	-0.215597	-0.223824	-0.231407	-0.237685	-0.246806	-0.252066	-0.255029	-0.25594	-0.255786	-0.259046	-0.272073	-0.313587	-0.378088	-0.478769	-0.589057	-0.700054	
