6.4995e-10	6.33304e-11	5.52563e-12	4.33793e-13	3.0779e-14	1.98192e-15	1.1626e-16	6.23464e-18	3.06644e-19	1.38738e-20	5.79029e-22	2.23489e-23	7.99634e-25	2.65805e-26	8.22538e-28	2.37408e-29	6.40251e-31	1.61597e-32	3.82304e-34	8.48986e-36	1.7721e-37	3.48108e-39	6.44294e-41	1.12479e-42	1.85402e-44	
6.33304e-11	5.84156e-12	4.83738e-13	3.61273e-14	2.44365e-15	1.50287e-16	8.43428e-18	4.33386e-19	2.04523e-20	8.88985e-22	3.56845e-23	1.32606e-24	4.57232e-26	1.46594e-27	4.37884e-29	1.22083e-30	3.18236e-32	7.76835e-34	1.77843e-35	3.82363e-37	7.73044e-39	1.47146e-40	2.63994e-42	4.4689e-44	7.14488e-46	
5.52563e-12	4.83738e-13	3.81066e-14	2.71288e-15	1.75247e-16	1.03105e-17	5.54388e-19	2.73305e-20	1.23899e-21	5.17919e-23	2.00143e-24	7.16681e-26	2.38327e-27	7.37512e-29	2.12782e-30	5.73379e-32	1.44545e-33	3.41417e-35	7.56679e-37	1.57566e-38	3.08662e-40	5.69478e-42	9.90649e-44	1.62649e-45	2.52283e-47	
4.33793e-13	3.61273e-14	2.71288e-15	1.84445e-16	1.13977e-17	6.42434e-19	3.31395e-20	1.56929e-21	6.84131e-23	2.75296e-24	1.02507e-25	3.53987e-27	1.13612e-28	3.39561e-30	9.46823e-32	2.46728e-33	6.01808e-35	1.37605e-36	2.95361e-38	5.959e-40	1.13142e-41	2.02391e-43	3.4146e-45	5.43868e-47	8.18566e-49	
3.0779e-14	2.44365e-15	1.75247e-16	1.13977e-17	6.74749e-19	3.64859e-20	1.8078e-21	8.23204e-23	3.45453e-24	1.33938e-25	4.80934e-27	1.60283e-28	4.96826e-30	1.43504e-31	3.86934e-33	9.75542e-35	2.30336e-36	5.10049e-38	1.06067e-39	2.07401e-41	3.81785e-43	6.62331e-45	1.08399e-46	1.67528e-48	2.44707e-50	
1.98192e-15	1.50287e-16	1.03105e-17	6.42434e-19	3.64859e-20	1.89501e-21	9.02873e-23	3.95748e-24	1.60008e-25	5.98235e-27	2.07303e-28	6.67227e-30	1.99866e-31	5.58219e-33	1.45621e-34	3.5538e-36	8.12581e-38	1.74322e-39	3.51331e-41	6.66026e-43	1.18897e-44	2.00086e-46	3.17733e-48	4.76548e-50	6.75657e-52	
1.1626e-16	8.43428e-18	5.54388e-19	3.31395e-20	1.8078e-21	9.02873e-23	4.14071e-24	1.74865e-25	6.8176e-27	2.45983e-28	8.23178e-30	2.56034e-31	7.41583e-33	2.00382e-34	5.05972e-36	1.19575e-37	2.64873e-39	5.50691e-41	1.07598e-42	1.97806e-44	3.42528e-46	5.59273e-48	8.61866e-50	1.25468e-51	1.72691e-53	
6.23464e-18	4.33386e-19	2.73305e-20	1.56929e-21	8.23204e-23	3.95748e-24	1.74865e-25	7.12087e-27	2.67918e-28	9.33519e-30	3.01885e-31	9.07893e-33	2.54402e-34	6.65364e-36	1.62691e-37	3.7247e-39	7.99582e-41	1.61159e-42	3.05351e-44	5.44507e-46	9.14812e-48	1.44951e-49	2.16808e-51	3.06392e-53	4.09424e-55	
3.06644e-19	2.04523e-20	1.23899e-21	6.84131e-23	3.45453e-24	1.60008e-25	6.8176e-27	2.67918e-28	9.73456e-30	3.27766e-31	1.02486e-32	2.9818e-34	8.08718e-36	2.04817e-37	4.85149e-39	1.07639e-40	2.24004e-42	4.37814e-44	8.04629e-46	1.39207e-47	2.26957e-49	3.49031e-51	5.06778e-53	6.95298e-55	9.02122e-57	
1.38738e-20	8.88985e-22	5.17919e-23	2.75296e-24	1.33938e-25	5.98235e-27	2.45983e-28	9.33519e-30	3.27766e-31	1.06707e-32	3.22785e-34	9.0898e-36	2.38725e-37	5.85689e-39	1.34443e-40	2.89163e-42	5.83531e-44	1.10624e-45	1.97249e-47	3.31152e-49	5.24002e-51	7.82248e-53	1.10267e-54	1.46889e-56	1.85057e-58	
5.79029e-22	3.56845e-23	2.00143e-24	1.02507e-25	4.80934e-27	2.07303e-28	8.23178e-30	3.01885e-31	1.02486e-32	3.22785e-34	9.4506e-36	2.57705e-37	6.55639e-39	1.55881e-40	3.46871e-42	7.23442e-44	1.41604e-45	2.60443e-47	4.50626e-49	7.34258e-51	1.12782e-52	1.63453e-54	2.23706e-56	2.8936e-58	3.53996e-60	
2.23489e-23	1.32606e-24	7.16681e-26	3.53987e-27	1.60283e-28	6.67227e-30	2.56034e-31	9.07893e-33	2.9818e-34	9.0898e-36	2.57705e-37	6.80745e-39	1.67835e-40	3.86822e-42	8.34673e-44	1.68849e-45	3.20639e-47	5.72258e-49	9.60971e-51	1.51993e-52	2.26648e-54	3.18921e-56	4.23819e-58	5.32328e-60	6.32394e-62	
7.99634e-25	4.57232e-26	2.38327e-27	1.13612e-28	4.96826e-30	1.99866e-31	7.41583e-33	2.54402e-34	8.08718e-36	2.38725e-37	6.55639e-39	1.67835e-40	4.01126e-42	8.96476e-44	1.87623e-45	3.68225e-47	6.78525e-49	1.17531e-50	1.9158e-52	2.94168e-54	4.25892e-56	5.81889e-58	7.50879e-60	9.15827e-62	1.0565e-63	
2.65805e-26	1.46594e-27	7.37512e-29	3.39561e-30	1.43504e-31	5.58219e-33	2.00382e-34	6.65364e-36	2.04817e-37	5.85689e-39	1.55881e-40	3.86822e-42	8.96476e-44	1.94329e-45	3.94576e-47	7.51433e-49	1.34386e-50	2.25952e-52	3.57554e-54	5.33041e-56	7.49326e-58	9.94125e-60	1.2457e-61	1.47537e-63	1.65269e-65	
8.22538e-28	4.37884e-29	2.12782e-30	9.46823e-32	3.86934e-33	1.45621e-34	5.05972e-36	1.62691e-37	4.85149e-39	1.34443e-40	3.46871e-42	8.34673e-44	1.87623e-45	3.94576e-47	7.77419e-49	1.43689e-50	2.49437e-52	4.07147e-54	6.25531e-56	9.05465e-58	1.23597e-59	1.59227e-61	1.93745e-63	2.22818e-65	2.4236e-67	
2.37408e-29	1.22083e-30	5.73379e-32	2.46728e-33	9.75542e-35	3.5538e-36	1.19575e-37	3.7247e-39	1.07639e-40	2.89163e-42	7.23442e-44	1.68849e-45	3.68225e-47	7.51433e-49	1.43689e-50	2.5779e-52	4.3444e-54	6.88479e-56	1.02705e-57	1.44357e-59	1.91343e-61	2.39365e-63	2.82816e-65	3.1582e-67	3.33532e-69	
6.40251e-31	3.18236e-32	1.44545e-33	6.01808e-35	2.30336e-36	8.12581e-38	2.64873e-39	7.99582e-41	2.24004e-42	5.83531e-44	1.41604e-45	3.20639e-47	6.78525e-49	1.34386e-50	2.49437e-52	4.3444e-54	7.10825e-56	1.09377e-57	1.58435e-59	2.16239e-61	2.7832e-63	3.38083e-65	3.87864e-67	4.20533e-69	4.31166e-71	
1.61597e-32	7.76835e-34	3.41417e-35	1.37605e-36	5.10049e-38	1.74322e-39	5.50691e-41	1.61159e-42	4.37814e-44	1.10624e-45	2.60443e-47	5.72258e-49	1.17531e-50	2.25952e-52	4.07147e-54	6.88479e-56	1.09377e-57	1.63423e-59	2.29864e-61	3.04644e-63	3.80743e-65	4.49078e-67	5.00221e-69	5.26537e-71	5.2405e-73	
3.82304e-34	1.77843e-35	7.56679e-37	2.95361e-38	1.06067e-39	3.51331e-41	1.07598e-42	3.05351e-44	8.04629e-46	1.97249e-47	4.50626e-49	9.60971e-51	1.9158e-52	3.57554e-54	6.25531e-56	1.02705e-57	1.58435e-59	2.29864e-61	3.13955e-63	4.04032e-65	4.90305e-67	5.61485e-69	6.07189e-71	6.20425e-73	5.99341e-75	
8.48986e-36	3.82363e-37	1.57566e-38	5.959e-40	2.07401e-41	6.66026e-43	1.97806e-44	5.44507e-46	1.39207e-47	3.31152e-49	7.34258e-51	1.51993e-52	2.94168e-54	5.33041e-56	9.05465e-58	1.44357e-59	2.16239e-61	3.04644e-63	4.04032e-65	5.04864e-67	5.9485e-69	6.61339e-71	6.94235e-73	6.88512e-75	6.45459e-77	
1.7721e-37	7.73044e-39	3.08662e-40	1.13142e-41	3.81785e-43	1.18897e-44	3.42528e-46	9.14812e-48	2.26957e-49	5.24002e-51	1.12782e-52	2.26648e-54	4.25892e-56	7.49326e-58	1.23597e-59	1.91343e-61	2.7832e-63	3.80743e-65	4.90305e-67	5.9485e-69	6.80432e-71	7.34341e-73	7.48204e-75	7.20106e-77	6.55009e-79	
3.48108e-39	1.47146e-40	5.69478e-42	2.02391e-43	6.62331e-45	2.00086e-46	5.59273e-48	1.44951e-49	3.49031e-51	7.82248e-53	1.63453e-54	3.18921e-56	5.81889e-58	9.94125e-60	1.59227e-61	2.39365e-63	3.38083e-65	4.49078e-67	5.61485e-69	6.61339e-71	7.34341e-73	7.69219e-75	7.60577e-77	7.10253e-79	6.26713e-81	
6.44294e-41	2.63994e-42	9.90649e-44	3.4146e-45	1.08399e-46	3.17733e-48	8.61866e-50	2.16808e-51	5.06778e-53	1.10267e-54	2.23706e-56	4.23819e-58	7.50879e-60	1.2457e-61	1.93745e-63	2.82816e-65	3.87864e-67	5.00221e-69	6.07189e-71	6.94235e-73	7.48204e-75	7.60577e-77	7.29675e-79	6.61003e-81	5.65671e-83	
1.12479e-42	4.4689e-44	1.62649e-45	5.43868e-47	1.67528e-48	4.76548e-50	1.25468e-51	3.06392e-53	6.95298e-55	1.46889e-56	2.8936e-58	5.32328e-60	9.15827e-62	1.47537e-63	2.22818e-65	3.1582e-67	4.20533e-69	5.26537e-71	6.20425e-73	6.88512e-75	7.20106e-77	7.10253e-79	6.61003e-81	5.80741e-83	4.81878e-85	
1.85402e-44	7.14488e-46	2.52283e-47	8.18566e-49	2.44707e-50	6.75657e-52	1.72691e-53	4.09424e-55	9.02122e-57	1.85057e-58	3.53996e-60	6.32394e-62	1.0565e-63	1.65269e-65	2.4236e-67	3.33532e-69	4.31166e-71	5.2405e-73	5.99341e-75	6.45459e-77	6.55009e-79	6.26713e-81	5.65671e-83	4.81878e-85	3.87582e-87	
2.8882e-46	1.07988e-47	3.7001e-49	1.16518e-50	3.38112e-52	9.06293e-54	2.24897e-55	5.17718e-57	1.10769e-58	2.2065e-60	4.09874e-62	7.11036e-64	1.15349e-65	1.75209e-67	2.49468e-69	3.33304e-71	4.18264e-73	4.93424e-75	5.47639e-77	5.72248e-79	5.63336e-81	5.22751e-83	4.57493e-85	3.77772e-87	2.94438e-89	
4.25597e-48	1.54424e-49	5.13553e-51	1.56985e-52	4.42249e-54	1.15095e-55	2.77325e-57	6.19924e-59	1.288e-60	2.49152e-62	4.49436e-64	7.57101e-66	1.19261e-67	1.75888e-69	2.43134e-71	3.15337e-73	3.84086e-75	4.39717e-77	4.73526e-79	4.79998e-81	4.58279e-83	4.12336e-85	3.49795e-87	2.79896e-89	2.11325e-91	
5.93723e-50	2.09101e-51	6.75057e-53	2.00341e-54	5.47996e-56	1.38483e-57	3.24024e-59	7.03379e-61	1.41917e-62	2.66591e-64	4.66981e-66	7.63859e-68	1.1683e-69	1.67281e-71	2.24473e-73	2.82579e-75	3.34018e-77	3.71033e-79	3.87606e-81	3.8106e-83	3.5276e-85	3.07663e-87	2.52916e-89	1.96042e-91	1.4333e-93	
7.84729e-52	2.68304e-53	8.40987e-55	2.42344e-56	6.43697e-58	1.57965e-59	3.58934e-61	7.56664e-63	1.48258e-64	2.7045e-66	4.60016e-68	7.30615e-70	1.0849e-71	1.50797e-73	1.96407e-75	2.39946e-77	2.75197e-79	2.96548e-81	3.00457e-83	2.86406e-85	2.57006e-87	2.17208e-89	1.7297e-91	1.2983e-93	9.18798e-96	
9.83374e-54	3.26458e-55	9.93623e-57	2.7805e-58	7.1721e-60	1.70927e-61	3.77181e-63	7.72179e-65	1.46925e-66	2.60258e-68	4.29831e-70	6.62793e-72	9.55419e-74	1.28898e-75	1.62928e-77	1.93132e-79	2.14879e-81	2.24573e-83	2.20619e-85	2.03854e-87	1.77264e-89	1.45126e-91	1.11911e-93	8.13085e-96	5.56738e-98	
1.16915e-55	3.76907e-57	1.11405e-58	3.0276e-60	7.58437e-62	1.75542e-63	3.76193e-65	7.47912e-67	1.3819e-68	2.37683e-70	3.81119e-72	5.70504e-74	7.98236e-76	1.04513e-77	1.28181e-79	1.474e-81	1.59056e-83	1.61181e-85	1.53489e-87	1.37434e-89	1.15768e-91	9.17803e-94	6.85069e-96	4.81581e-98	3.18897e-100	
1.31961e-57	4.13149e-59	1.18601e-60	3.13037e-62	7.61603e-64	1.71195e-65	3.56289e-67	6.87857e-69	1.23408e-70	2.06083e-72	3.20796e-74	4.66111e-76	6.32924e-78	8.04082e-80	9.5669e-82	1.06699e-83	1.11639e-85	1.09663e-87	1.01196e-89	8.77765e-92	7.15991e-94	5.4945e-96	3.96812e-98	2.69766e-100	1.7267e-102	
1.41478e-59	4.30214e-61	1.1995e-62	3.07492e-64	7.26578e-66	1.58613e-67	3.20565e-69	6.00954e-71	1.04682e-72	1.69707e-74	2.56421e-76	3.61583e-78	4.76413e-80	5.87156e-82	6.77553e-84	7.32718e-86	7.43149e-88	7.07398e-90	6.32365e-92	5.3115e-94	4.1938e-96	3.11388e-98	2.17484e-100	1.42915e-102	8.83729e-105	
1.44157e-61	4.25782e-63	1.15305e-64	2.87087e-66	6.58825e-68	1.39671e-69	2.74107e-71	4.98929e-73	8.43737e-75	1.32773e-76	1.94699e-78	2.66401e-80	3.40516e-82	4.07033e-84	4.55437e-86	4.77426e-88	4.69238e-90	4.32694e-92	3.74561e-94	3.04534e-96	2.32649e-98	1.67057e-100	1.12782e-102	7.15984e-105	4.27465e-107	
1.39669e-63	4.00699e-65	1.05397e-66	2.54869e-68	5.68021e-70	1.16937e-71	2.22828e-73	3.93762e-75	6.46374e-77	9.87172e-79	1.40466e-80	1.86455e-82	2.31155e-84	2.67922e-86	2.906e-88	2.95205e-90	2.81069e-92	2.50981e-94	2.10304e-96	1.65438e-98	1.22229e-100	8.48375e-103	5.53319e-105	3.39154e-107	1.95379e-109	
1.28727e-65	3.58723e-67	9.16458e-69	2.15233e-70	4.65823e-72	9.31156e-74	1.72265e-75	2.95497e-77	4.7078e-79	6.97681e-81	9.63101e-83	1.23996e-84	1.49057e-86	1.67475e-88	1.76032e-90	1.73231e-92	1.59719e-94	1.38055e-96	1.11928e-98	8.51529e-101	6.08119e-103	4.07772e-105	2.56782e-107	1.51869e-109	8.43599e-112	
1.12908e-67	3.05619e-69	7.58332e-71	1.72957e-72	3.63478e-74	7.0542e-76	1.26685e-77	2.10913e-79	3.26066e-81	4.68801e-83	6.27684e-85	7.83608e-87	9.13148e-89	9.94251e-91	1.01238e-92	9.64774e-95	8.61049e-97	7.20118e-99	5.6463e-101	4.15222e-103	2.86474e-105	1.85471e-107	1.12696e-109	6.42686e-112	3.4398e-114	
9.42818e-70	2.47874e-71	5.97324e-73	1.32292e-74	2.69933e-76	5.08555e-78	8.86439e-80	1.4321e-81	2.14797e-83	2.99541e-85	3.889e-87	4.70649e-89	5.31498e-91	5.60621e-93	5.52801e-95	5.09943e-97	4.40359e-99	3.56173e-101	2.69946e-103	1.91784e-105	1.27755e-107	7.98095e-110	4.676e-112	2.56943e-114	1.32402e-116	
7.49759e-72	1.91446e-73	4.48011e-75	9.63408e-77	1.90836e-78	3.48971e-80	5.90279e-82	9.25217e-84	1.34602e-85	1.82017e-87	2.29088e-89	2.68676e-91	2.93935e-93	3.00243e-95	2.86582e-97	2.55793e-99	2.13626e-101	1.67019e-103	1.22294e-105	8.38884e-108	5.39209e-110	3.24805e-112	1.83364e-114	9.70064e-117	4.80854e-119	
5.67983e-74	1.40846e-75	3.20041e-77	6.68144e-79	1.28464e-80	2.27971e-82	3.74126e-84	5.68808e-86	8.02447e-88	1.05195e-89	1.28309e-91	1.45783e-93	1.5445e-95	1.52718e-97	1.41044e-99	1.21753e-101	9.82893e-104	7.42406e-106	5.24862e-108	3.47402e-110	2.15317e-112	1.24973e-114	6.79258e-117	3.45683e-119	1.64682e-121	
4.09999e-76	9.87262e-78	2.17798e-79	4.41362e-81	8.23549e-83	1.41798e-84	2.25727e-86	3.328e-88	4.55151e-90	5.78248e-92	6.83292e-94	7.5183e-96	7.71057e-98	7.37705e-100	6.58925e-102	5.49825e-104	4.28823e-106	3.12739e-108	2.13342e-110	1.36163e-112	8.13165e-115	4.54407e-117	2.37586e-119	1.16203e-121	5.31509e-124	
2.82072e-78	6.59469e-80	1.41225e-81	2.7775e-83	5.02857e-85	8.39868e-87	1.29654e-88	1.85318e-90	2.45629e-92	3.02325e-94	3.45968e-96	3.68503e-98	3.65685e-100	3.38373e-102	2.92158e-104	2.35524e-106	1.77362e-108	1.24812e-110	8.21011e-113	5.04901e-115	2.90307e-117	1.56057e-119	7.84179e-122	3.68247e-124	1.61543e-126	
1.84992e-80	4.1986e-82	8.72654e-84	1.66532e-85	2.92474e-87	4.73728e-89	7.09e-91	9.82149e-93	1.2612e-94	1.50333e-96	1.66539e-98	1.71642e-100	1.64735e-102	1.47349e-104	1.22914e-106	9.56742e-109	6.95212e-111	4.71753e-113	2.99009e-115	1.77041e-117	9.79233e-120	5.05907e-122	2.44078e-124	1.09929e-126	4.61966e-129	
1.15672e-82	2.54812e-84	5.13914e-86	9.51395e-88	1.62047e-89	2.54471e-91	3.69118e-93	4.95393e-95	6.16087e-97	7.10916e-99	7.6206e-101	7.59628e-103	7.04759e-105	6.09031e-107	4.90539e-109	3.6844e-111	2.58161e-113	1.68799e-115	1.03009e-117	5.86714e-120	3.11889e-122	1.54708e-124	7.15864e-127	3.08862e-129	1.24184e-131	
6.89661e-85	1.4743e-86	2.88463e-88	5.17925e-90	8.55297e-92	1.30178e-93	1.82948e-95	2.37798e-97	2.86295e-99	3.19674e-101	3.31427e-103	3.19362e-105	2.86263e-107	2.38862e-109	1.85646e-111	1.34457e-113	9.07806e-116	5.71491e-118	3.35489e-120	1.83652e-122	9.37342e-125	4.45935e-127	1.97671e-129	8.15983e-132	3.13464e-134	
3.92118e-87	8.1325e-89	1.54332e-90	2.6867e-92	4.30038e-94	6.34167e-96	8.63181e-98	1.08619e-99	1.26543e-101	1.36662e-103	1.36967e-105	1.27515e-107	1.10365e-109	8.88634e-112	6.65995e-114	4.6479e-116	3.02139e-118	1.82974e-120	1.03235e-122	5.42594e-125	2.65608e-127	1.21052e-129	5.1339e-132	2.02484e-134	7.42084e-137	
2.12616e-89	4.27712e-91	7.87026e-93	1.32803e-94	2.05962e-96	2.94173e-98	3.87646e-100	4.72035e-102	5.31901e-104	5.55315e-106	5.3773e-108	4.83395e-110	4.03726e-112	3.13467e-114	2.26377e-116	1.52112e-118	9.51226e-121	5.53652e-123	2.99921e-125	1.51189e-127	7.08998e-130	3.09158e-132	1.25276e-134	4.71375e-137	1.6454e-139	
1.09945e-91	2.14468e-93	3.82538e-95	6.25463e-97	9.3954e-99	1.29921e-100	1.65676e-102	1.95134e-104	2.12567e-106	2.14421e-108	2.0049e-110	1.7392e-112	1.40073e-114	1.04799e-116	7.28694e-119	4.71032e-121	2.83102e-123	1.5821e-125	8.22002e-128	3.9696e-130	1.78106e-132	7.42037e-135	2.86859e-137	1.02805e-139	3.41181e-142	
5.42194e-94	1.02527e-95	1.77206e-97	2.80646e-99	4.08164e-101	5.46209e-103	6.73728e-105	7.67141e-107	8.07439e-109	7.86483e-111	7.09646e-113	5.93643e-115	4.60714e-117	3.31884e-119	2.22001e-121	1.37923e-123	7.9592e-126	4.2661e-128	2.1234e-130	9.8111e-133	4.20593e-135	1.67174e-137	6.15543e-140	2.09735e-142	6.60462e-145	
2.54975e-96	4.67234e-98	7.82256e-100	1.19952e-101	1.68834e-103	2.18547e-105	2.60615e-107	2.86729e-109	2.91423e-111	2.7393e-113	2.38355e-115	1.92139e-117	1.43576e-119	9.94993e-122	6.39687e-124	3.81587e-126	2.11204e-128	1.0845e-130	5.1647e-133	2.28006e-135	9.32508e-138	3.53027e-140	1.23585e-142	3.99565e-145	1.19132e-147	
