0	0	0	0	0	0	0	0	0	0	0	0	0	0	0	0	0	0	0	0	0	0	0	0	0	
0	0.152752	0.254424	0.282782	0.251468	0.190495	0.119618	0.0400591	-0.0531953	-0.158795	-0.268264	-0.371022	-0.458611	-0.526983	-0.576343	-0.60957	-0.629929	-0.639063	-0.637915	-0.628222	-0.61179	-0.590262	-0.565608	-0.539702	-0.514134	
0	0.254424	0.434548	0.506163	0.479976	0.384348	0.241027	0.0645465	-0.130073	-0.328456	-0.520294	-0.697948	-0.85522	-0.987484	-1.09173	-1.16699	-1.21345	-1.23238	-1.22767	-1.20436	-1.16696	-1.12009	-1.06832	-1.01525	-0.964107	
0	0.282782	0.506163	0.632066	0.64375	0.539269	0.336963	0.0762798	-0.202638	-0.476931	-0.736553	-0.974938	-1.18662	-1.36587	-1.50772	-1.6093	-1.66982	-1.69284	-1.68502	-1.65213	-1.60019	-1.53616	-1.4658	-1.39393	-1.32519	
0	0.251468	0.479976	0.64375	0.690096	0.592371	0.373899	0.0832153	-0.24264	-0.578891	-0.901682	-1.19283	-1.44168	-1.64219	-1.79361	-1.89712	-1.95611	-1.97732	-1.96601	-1.92719	-1.86866	-1.79765	-1.71967	-1.64074	-1.56564	
0	0.190495	0.384348	0.539269	0.592371	0.518134	0.333137	0.0590052	-0.280603	-0.644937	-0.994897	-1.30847	-1.57187	-1.77966	-1.93248	-2.03183	-2.08408	-2.09582	-2.07269	-2.02411	-1.95955	-1.88501	-1.80664	-1.73047	-1.65946	
0	0.119618	0.241027	0.336963	0.373899	0.333137	0.196001	-0.0452693	-0.356317	-0.687809	-1.01327	-1.31245	-1.56648	-1.76828	-1.9124	-2.0003	-2.03994	-2.03828	-2.00676	-1.95686	-1.89571	-1.8289	-1.76346	-1.7023	-1.64721	
0	0.0400591	0.0645465	0.0762798	0.0832153	0.0590052	-0.0452693	-0.234015	-0.469965	-0.732559	-1.00355	-1.24986	-1.4568	-1.61722	-1.72558	-1.78982	-1.81555	-1.81229	-1.7905	-1.75665	-1.71636	-1.67582	-1.63891	-1.60519	-1.57684	
0	-0.0531953	-0.130073	-0.202638	-0.24264	-0.280603	-0.356317	-0.469965	-0.622805	-0.811941	-0.99644	-1.1526	-1.28078	-1.37031	-1.4273	-1.45855	-1.46821	-1.46745	-1.45959	-1.45167	-1.44613	-1.44568	-1.44721	-1.45052	-1.45459	
0	-0.158795	-0.328456	-0.476931	-0.578891	-0.644937	-0.687809	-0.732559	-0.811941	-0.90516	-0.981697	-1.04793	-1.08934	-1.10151	-1.10025	-1.08609	-1.07557	-1.07284	-1.08299	-1.10727	-1.13986	-1.17777	-1.21487	-1.25016	-1.28061	
0	-0.268264	-0.520294	-0.736553	-0.901682	-0.994897	-1.01327	-1.00355	-0.99644	-0.981697	-0.97015	-0.951699	-0.903643	-0.849229	-0.792325	-0.746916	-0.728785	-0.732488	-0.764636	-0.808286	-0.862419	-0.916156	-0.968105	-1.01282	-1.05336	
0	-0.371022	-0.697948	-0.974938	-1.19283	-1.30847	-1.31245	-1.24986	-1.1526	-1.04793	-0.951699	-0.841103	-0.731123	-0.635058	-0.550358	-0.505329	-0.489057	-0.506075	-0.542898	-0.588326	-0.639063	-0.684051	-0.72579	-0.7619	-0.792885	
0	-0.458611	-0.85522	-1.18662	-1.44168	-1.57187	-1.56648	-1.4568	-1.28078	-1.08934	-0.903643	-0.731123	-0.589966	-0.469956	-0.392469	-0.35989	-0.357546	-0.385085	-0.412876	-0.446737	-0.469186	-0.493004	-0.511055	-0.531734	-0.544341	
0	-0.526983	-0.987484	-1.36587	-1.64219	-1.77966	-1.76828	-1.61722	-1.37031	-1.10151	-0.849229	-0.635058	-0.469956	-0.35857	-0.310279	-0.298966	-0.315125	-0.329694	-0.336586	-0.337088	-0.335604	-0.340497	-0.344632	-0.352838	-0.362376	
0	-0.576343	-1.09173	-1.50772	-1.79361	-1.93248	-1.9124	-1.72558	-1.4273	-1.10025	-0.792325	-0.550358	-0.392469	-0.310279	-0.287404	-0.290789	-0.295082	-0.282353	-0.266308	-0.25116	-0.248971	-0.246165	-0.251707	-0.257071	-0.267831	
0	-0.60957	-1.16699	-1.6093	-1.89712	-2.03183	-2.0003	-1.78982	-1.45855	-1.08609	-0.746916	-0.505329	-0.35989	-0.298966	-0.290789	-0.28431	-0.265606	-0.235603	-0.216055	-0.209509	-0.209524	-0.210508	-0.215346	-0.218657	-0.221201	
0	-0.629929	-1.21345	-1.66982	-1.95611	-2.08408	-2.03994	-1.81555	-1.46821	-1.07557	-0.728785	-0.489057	-0.357546	-0.315125	-0.295082	-0.265606	-0.227914	-0.198594	-0.1981	-0.200905	-0.203331	-0.197543	-0.197292	-0.191739	-0.189075	
0	-0.639063	-1.23238	-1.69284	-1.97732	-2.09582	-2.03828	-1.81229	-1.46745	-1.07284	-0.732488	-0.506075	-0.385085	-0.329694	-0.282353	-0.235603	-0.198594	-0.197718	-0.207337	-0.202755	-0.186488	-0.177141	-0.173876	-0.164974	-0.160341	
0	-0.637915	-1.22767	-1.68502	-1.96601	-2.07269	-2.00676	-1.7905	-1.45959	-1.08299	-0.764636	-0.542898	-0.412876	-0.336586	-0.266308	-0.216055	-0.1981	-0.207337	-0.199244	-0.176128	-0.16159	-0.166552	-0.159051	-0.155302	-0.156789	
0	-0.628222	-1.20436	-1.65213	-1.92719	-2.02411	-1.95686	-1.75665	-1.45167	-1.10727	-0.808286	-0.588326	-0.446737	-0.337088	-0.25116	-0.209509	-0.200905	-0.202755	-0.176128	-0.160069	-0.163297	-0.169118	-0.156564	-0.159045	-0.15901	
0	-0.61179	-1.16696	-1.60019	-1.86866	-1.95955	-1.89571	-1.71636	-1.44613	-1.13986	-0.862419	-0.639063	-0.469186	-0.335604	-0.248971	-0.209524	-0.203331	-0.186488	-0.16159	-0.163297	-0.173049	-0.163963	-0.148458	-0.153584	-0.14637	
0	-0.590262	-1.12009	-1.53616	-1.79765	-1.88501	-1.8289	-1.67582	-1.44568	-1.17777	-0.916156	-0.684051	-0.493004	-0.340497	-0.246165	-0.210508	-0.197543	-0.177141	-0.166552	-0.169118	-0.163963	-0.13978	-0.143449	-0.145271	-0.137772	
0	-0.565608	-1.06832	-1.4658	-1.71967	-1.80664	-1.76346	-1.63891	-1.44721	-1.21487	-0.968105	-0.72579	-0.511055	-0.344632	-0.251707	-0.215346	-0.197292	-0.173876	-0.159051	-0.156564	-0.148458	-0.143449	-0.150822	-0.145537	-0.138687	
0	-0.539702	-1.01525	-1.39393	-1.64074	-1.73047	-1.7023	-1.60519	-1.45052	-1.25016	-1.01282	-0.7619	-0.531734	-0.352838	-0.257071	-0.218657	-0.191739	-0.164974	-0.155302	-0.159045	-0.153584	-0.145271	-0.145537	-0.138383	-0.134271	
0	-0.514134	-0.964107	-1.32519	-1.56564	-1.65946	-1.64721	-1.57684	-1.45459	-1.28061	-1.05336	-0.792885	-0.544341	-0.362376	-0.267831	-0.221201	-0.189075	-0.160341	-0.156789	-0.15901	-0.14637	-0.137772	-0.138687	-0.134271	-0.129839	
0	-0.490435	-0.917576	-1.26281	-1.49765	-1.59686	-1.6006	-1.55314	-1.4581	-1.30689	-1.08463	-0.816073	-0.562266	-0.374333	-0.27252	-0.223733	-0.184574	-0.160657	-0.158691	-0.151943	-0.137238	-0.135578	-0.143781	-0.134934	-0.132664	
0	-0.469792	-0.877589	-1.2095	-1.44004	-1.54469	-1.56202	-1.53394	-1.46188	-1.32739	-1.10912	-0.836577	-0.574457	-0.383267	-0.281963	-0.225422	-0.18297	-0.156728	-0.152535	-0.1507	-0.14375	-0.144127	-0.138027	-0.129207	-0.128648	
0	-0.453152	-0.84579	-1.16733	-1.3945	-1.50378	-1.53265	-1.52001	-1.46427	-1.34196	-1.12792	-0.852289	-0.585039	-0.390763	-0.28642	-0.226543	-0.180475	-0.158664	-0.15783	-0.151066	-0.134944	-0.131491	-0.135692	-0.129476	-0.129585	
0	-0.441262	-0.823253	-1.13752	-1.36247	-1.47545	-1.51241	-1.51001	-1.46611	-1.35287	-1.13976	-0.860529	-0.592878	-0.399693	-0.291284	-0.22664	-0.18	-0.155905	-0.153855	-0.146794	-0.137006	-0.140512	-0.137498	-0.129166	-0.128919	
0	-0.434565	-0.81068	-1.12105	-1.34489	-1.4598	-1.50109	-1.5048	-1.46737	-1.35764	-1.14617	-0.868435	-0.597334	-0.399691	-0.293015	-0.227863	-0.179665	-0.15787	-0.154198	-0.147254	-0.136361	-0.137967	-0.134554	-0.126912	-0.128207	
0	-0.433353	-0.808519	-1.11831	-1.3419	-1.45711	-1.49944	-1.50414	-1.46717	-1.35858	-1.14764	-0.867738	-0.597638	-0.403346	-0.293566	-0.227103	-0.179013	-0.156227	-0.156821	-0.148617	-0.134088	-0.132862	-0.134342	-0.128803	-0.128828	
0	-0.437669	-0.816742	-1.12934	-1.35397	-1.46775	-1.50642	-1.50714	-1.46716	-1.35561	-1.14266	-0.864393	-0.595094	-0.399674	-0.292248	-0.227022	-0.180605	-0.156148	-0.1522	-0.146023	-0.138257	-0.144063	-0.136425	-0.127564	-0.128166	
0	-0.447371	-0.835237	-1.15392	-1.38029	-1.49097	-1.52338	-1.51568	-1.46502	-1.34625	-1.13357	-0.857045	-0.588349	-0.393895	-0.288319	-0.22692	-0.180486	-0.158413	-0.157827	-0.149931	-0.133217	-0.131449	-0.135912	-0.129641	-0.12963	
0	-0.462087	-0.863301	-1.19124	-1.42078	-1.52712	-1.54865	-1.52739	-1.46369	-1.33459	-1.11662	-0.842161	-0.579445	-0.388526	-0.283738	-0.224704	-0.182176	-0.155144	-0.154501	-0.151383	-0.141434	-0.141561	-0.13698	-0.129553	-0.128626	
0	-0.481234	-0.900156	-1.24022	-1.47363	-1.57494	-1.58401	-1.54475	-1.45957	-1.31537	-1.09572	-0.826127	-0.566408	-0.376346	-0.27715	-0.224959	-0.185139	-0.160016	-0.154771	-0.151409	-0.138933	-0.139565	-0.140564	-0.131991	-0.130858	
0	-0.503919	-0.944321	-1.2992	-1.53772	-1.63358	-1.62733	-1.56642	-1.45645	-1.29224	-1.06595	-0.802191	-0.552686	-0.367937	-0.269374	-0.221375	-0.186385	-0.160878	-0.158782	-0.15624	-0.140416	-0.13544	-0.142803	-0.135467	-0.131653	
0	-0.529047	-0.994024	-1.36571	-1.61021	-1.70148	-1.67934	-1.59297	-1.4522	-1.26324	-1.02962	-0.774778	-0.537397	-0.356318	-0.261024	-0.220541	-0.190305	-0.161668	-0.155586	-0.160345	-0.154752	-0.141836	-0.140029	-0.135047	-0.130815	
0	-0.555164	-1.04686	-1.43681	-1.68787	-1.77587	-1.73864	-1.62456	-1.44767	-1.23012	-0.987922	-0.739811	-0.518276	-0.3485	-0.254193	-0.216846	-0.196128	-0.170109	-0.156592	-0.154533	-0.14774	-0.146686	-0.15096	-0.144734	-0.138561	
0	-0.580599	-1.09973	-1.50855	-1.76683	-1.85332	-1.80239	-1.66149	-1.44601	-1.19129	-0.9375	-0.703117	-0.501	-0.340695	-0.246616	-0.212189	-0.197362	-0.1766	-0.165851	-0.165548	-0.157198	-0.138687	-0.145118	-0.143837	-0.137015	
0	-0.6036	-1.14907	-1.57582	-1.84156	-1.93031	-1.86857	-1.6998	-1.44638	-1.15519	-0.883336	-0.656823	-0.478954	-0.338524	-0.248386	-0.209233	-0.200614	-0.180024	-0.162919	-0.167019	-0.170397	-0.153693	-0.146312	-0.150754	-0.142146	
0	-0.622142	-1.19076	-1.63342	-1.90581	-1.99957	-1.93296	-1.74074	-1.44918	-1.1196	-0.829135	-0.608948	-0.456745	-0.335141	-0.24899	-0.210312	-0.203241	-0.196653	-0.167379	-0.159862	-0.169597	-0.169327	-0.152253	-0.157001	-0.153722	
0	-0.634423	-1.21989	-1.67459	-1.95356	-2.05555	-1.9878	-1.77733	-1.45634	-1.09218	-0.781346	-0.55945	-0.42605	-0.337982	-0.259065	-0.211694	-0.199836	-0.207475	-0.190797	-0.165755	-0.157363	-0.166872	-0.158091	-0.156846	-0.158872	
0	-0.63879	-1.23194	-1.69242	-1.97613	-2.09	-2.02819	-1.80476	-1.46393	-1.07454	-0.743226	-0.520753	-0.396697	-0.332298	-0.275046	-0.225445	-0.195505	-0.201887	-0.206654	-0.194135	-0.174873	-0.16885	-0.162376	-0.154891	-0.151635	
0	-0.633298	-1.22184	-1.68111	-1.96731	-2.09222	-2.04278	-1.81662	-1.46876	-1.07293	-0.726254	-0.491442	-0.367221	-0.323484	-0.29149	-0.252654	-0.211965	-0.19195	-0.198704	-0.199012	-0.193506	-0.185218	-0.1828	-0.172969	-0.167513	
0	-0.616751	-1.18495	-1.63383	-1.92186	-2.05527	-2.01989	-1.80325	-1.46376	-1.08058	-0.736396	-0.495099	-0.353975	-0.301966	-0.292826	-0.276858	-0.247834	-0.212574	-0.197346	-0.194706	-0.193559	-0.188532	-0.18757	-0.18529	-0.18122	
0	-0.588236	-1.11946	-1.54591	-1.83342	-1.97264	-1.95029	-1.75448	-1.44213	-1.09481	-0.770145	-0.525891	-0.373619	-0.299477	-0.281945	-0.282082	-0.274544	-0.248813	-0.223075	-0.202957	-0.195888	-0.189273	-0.187324	-0.184551	-0.186029	
0	-0.545903	-1.02613	-1.4177	-1.69807	-1.83824	-1.82644	-1.66261	-1.39453	-1.10146	-0.824856	-0.594642	-0.426293	-0.32341	-0.282432	-0.272697	-0.280062	-0.273921	-0.259773	-0.238601	-0.218991	-0.204008	-0.193467	-0.18569	-0.182043	
0	-0.487273	-0.906949	-1.25307	-1.51504	-1.64937	-1.64446	-1.52076	-1.31677	-1.09243	-0.875739	-0.682047	-0.523923	-0.394045	-0.315565	-0.277199	-0.267208	-0.272743	-0.270015	-0.267473	-0.253681	-0.243055	-0.22658	-0.216425	-0.203454	
0	-0.410163	-0.763642	-1.05663	-1.28498	-1.40553	-1.4074	-1.32802	-1.19903	-1.05765	-0.918646	-0.768872	-0.631182	-0.505625	-0.396494	-0.326718	-0.281849	-0.268248	-0.263803	-0.265391	-0.263189	-0.260372	-0.254832	-0.248442	-0.239629	
0	-0.315639	-0.597255	-0.831397	-1.01044	-1.10886	-1.12047	-1.08998	-1.04334	-0.982874	-0.924601	-0.847196	-0.740595	-0.630516	-0.515626	-0.418086	-0.345266	-0.296162	-0.272512	-0.261461	-0.260572	-0.257794	-0.258604	-0.25711	-0.256372	
