-0.0693909	-0.0836454	-0.0866647	-0.0824456	-0.0802423	-0.0880073	-0.111474	-0.135069	-0.136716	-0.122115	-0.113711	-0.125456	-0.169076	-0.25579	-0.376276	-0.502274	-0.614215	-0.709017	-0.781758	-0.819019	-0.812333	-0.762642	-0.666255	-0.507989	-0.278926	
-0.0748699	-0.0868512	-0.0859542	-0.081409	-0.0820889	-0.0950908	-0.12089	-0.138961	-0.133251	-0.117942	-0.115248	-0.136344	-0.192108	-0.288715	-0.408957	-0.523018	-0.615612	-0.685763	-0.728503	-0.735117	-0.707029	-0.652821	-0.569251	-0.436717	-0.241356	
-0.0806411	-0.0885757	-0.0845028	-0.0811383	-0.0858991	-0.104004	-0.129679	-0.140188	-0.128332	-0.115098	-0.120238	-0.152332	-0.220909	-0.325604	-0.442136	-0.541501	-0.613118	-0.65689	-0.667782	-0.642932	-0.59372	-0.535119	-0.463899	-0.357458	-0.198659	
-0.0858982	-0.0886702	-0.082857	-0.0822917	-0.0920104	-0.114159	-0.136717	-0.138491	-0.12286	-0.114753	-0.129706	-0.174212	-0.255467	-0.365366	-0.474286	-0.556398	-0.605554	-0.621303	-0.599063	-0.54295	-0.47366	-0.410844	-0.35107	-0.270622	-0.150974	
-0.0897451	-0.0871506	-0.0817991	-0.0855688	-0.100446	-0.124521	-0.14091	-0.134139	-0.118156	-0.118192	-0.144673	-0.202572	-0.295284	-0.406439	-0.503683	-0.56631	-0.591617	-0.577858	-0.522	-0.435992	-0.348411	-0.281581	-0.232	-0.177068	-0.0987699	
-0.0911075	-0.0847191	-0.0824231	-0.0914533	-0.1107	-0.13369	-0.141499	-0.128075	-0.115868	-0.126712	-0.16607	-0.237639	-0.339257	-0.446836	-0.528492	-0.569778	-0.569893	-0.525446	-0.436536	-0.323227	-0.219776	-0.149148	-0.108329	-0.0781984	-0.0429193	
-0.0900061	-0.0827286	-0.0856316	-0.0999511	-0.121717	-0.140166	-0.138385	-0.121941	-0.117816	-0.141526	-0.194616	-0.279087	-0.385611	-0.484241	-0.546868	-0.565306	-0.538898	-0.463121	-0.34299	-0.206143	-0.0897087	-0.0155464	0.0178654	0.0239808	0.0152603	
-0.0871077	-0.0825814	-0.0919862	-0.110551	-0.131947	-0.142693	-0.132398	-0.117978	-0.125789	-0.163647	-0.230647	-0.325854	-0.431917	-0.516177	-0.557031	-0.55135	-0.49716	-0.390256	-0.24214	-0.0864807	0.0397932	0.11707	0.144048	0.126834	0.0740024	
-0.0838744	-0.085857	-0.101512	-0.122009	-0.139555	-0.140771	-0.125463	-0.118757	-0.141323	-0.193767	-0.273899	-0.375997	-0.475213	-0.540191	-0.557309	-0.526335	-0.443361	-0.306717	-0.135245	0.0338695	0.166775	0.246414	0.267224	0.227139	0.131145	
-0.0830733	-0.0934941	-0.113157	-0.132463	-0.142992	-0.135134	-0.120468	-0.126788	-0.165513	-0.232105	-0.323263	-0.426655	-0.512247	-0.554041	-0.546132	-0.488701	-0.376535	-0.213021	-0.0240154	0.152994	0.289387	0.370057	0.383981	0.321217	0.184253	
-0.0870979	-0.104805	-0.125065	-0.140006	-0.141598	-0.127967	-0.120875	-0.144105	-0.19887	-0.278202	-0.376565	-0.474182	-0.539797	-0.555801	-0.521995	-0.437015	-0.296318	-0.110436	0.0895009	0.269078	0.405878	0.485402	0.490587	0.405154	0.230799	
-0.096454	-0.117898	-0.13522	-0.143103	-0.1361	-0.122855	-0.130118	-0.171904	-0.241198	-0.330664	-0.43048	-0.514467	-0.555002	-0.543879	-0.48344	-0.370194	-0.203188	-0.000971234	0.20309	0.380478	0.514535	0.58966	0.583167	0.475108	0.268412	
-0.109883	-0.130436	-0.141642	-0.141114	-0.129129	-0.124322	-0.150829	-0.210299	-0.291467	-0.386918	-0.48064	-0.543413	-0.555596	-0.516931	-0.429113	-0.287811	-0.0986437	0.112755	0.314567	0.485723	0.613549	0.679859	0.657961	0.527699	0.295141	
-0.124981	-0.13971	-0.142812	-0.135295	-0.125276	-0.136772	-0.18415	-0.258289	-0.347656	-0.44306	-0.522041	-0.557463	-0.539971	-0.473743	-0.357971	-0.19044	0.0147622	0.227783	0.421936	0.583399	0.700871	0.752933	0.711666	0.5604	0.309713	
-0.137754	-0.143238	-0.139046	-0.129425	-0.130112	-0.163205	-0.22945	-0.313845	-0.406527	-0.493955	-0.549695	-0.554008	-0.507039	-0.413196	-0.26965	-0.079939	0.133603	0.341139	0.523444	0.671949	0.774099	0.805907	0.741824	0.571912	0.311734	
-0.143883	-0.14091	-0.133349	-0.129101	-0.148613	-0.204344	-0.284482	-0.373913	-0.463444	-0.533716	-0.559399	-0.531519	-0.455984	-0.334438	-0.16494	0.0404685	0.253964	0.450133	0.617468	0.749429	0.830486	0.836218	0.747212	0.562412	0.301786	
-0.142598	-0.135686	-0.130635	-0.140432	-0.18375	-0.258337	-0.345687	-0.4343	-0.51248	-0.556568	-0.54835	-0.489333	-0.386086	-0.237318	-0.0461927	0.166423	0.371952	0.552505	0.702261	0.813318	0.867126	0.842113	0.728152	0.533648	0.281398	
-0.137085	-0.132084	-0.137016	-0.168667	-0.235243	-0.320953	-0.408575	-0.489582	-0.546975	-0.557865	-0.515331	-0.42722	-0.296838	-0.123015	0.0825349	0.29298	0.484167	0.646313	0.775613	0.86051	0.88135	0.823095	0.686671	0.488812	0.252878	
-0.132429	-0.135899	-0.15911	-0.216001	-0.298884	-0.386545	-0.467995	-0.533153	-0.560553	-0.534919	-0.460382	-0.345026	-0.188485	0.00538822	0.215803	0.415356	0.587934	0.729577	0.834587	0.887581	0.871288	0.78029	0.626441	0.432207	0.21903	
-0.135153	-0.153899	-0.20145	-0.279474	-0.367608	-0.449335	-0.517966	-0.557682	-0.54845	-0.487266	-0.384099	-0.242731	-0.062853	0.142732	0.347589	0.5296	0.681134	0.799801	0.875518	0.891362	0.836488	0.716619	0.552472	0.368752	0.182807	
-0.151369	-0.191681	-0.263361	-0.351264	-0.433967	-0.50375	-0.551231	-0.556393	-0.508706	-0.416084	-0.287001	-0.121158	0.0758809	0.282292	0.472347	0.632865	0.761668	0.853604	0.894412	0.869737	0.778421	0.636701	0.470577	0.303391	0.146955	
-0.18595	-0.251205	-0.337588	-0.421649	-0.491867	-0.543352	-0.559721	-0.525087	-0.442369	-0.322975	-0.169593	0.0168533	0.221064	0.416981	0.585882	0.723068	0.826755	0.886774	0.887773	0.822473	0.700689	0.546428	0.386706	0.240535	0.113718	
-0.243259	-0.327122	-0.412162	-0.48279	-0.535816	-0.559842	-0.536817	-0.463707	-0.352185	-0.208986	-0.0335003	0.165476	0.364501	0.540822	0.685529	0.798035	0.872504	0.894902	0.853677	0.751807	0.608813	0.452279	0.306252	0.183619	0.0846562	
-0.320522	-0.405577	-0.476488	-0.529733	-0.558267	-0.544558	-0.480476	-0.375722	-0.240479	-0.0750729	0.116776	0.316088	0.498311	0.649911	0.76942	0.854554	0.894141	0.874573	0.792779	0.662553	0.509595	0.360501	0.233482	0.134858	0.0605906	
-0.402169	-0.47279	-0.525601	-0.55628	-0.549201	-0.492959	-0.39421	-0.265142	-0.108291	0.0757269	0.272925	0.459115	0.61681	0.742182	0.835149	0.888016	0.887103	0.824758	0.708844	0.561601	0.410162	0.276331	0.171179	0.0952196	0.0416688	
-0.471571	-0.523542	-0.554769	-0.551667	-0.501482	-0.407946	-0.283774	-0.133827	0.0425998	0.236004	0.424117	0.586777	0.717146	0.815918	0.878691	0.893146	0.848717	0.747865	0.608531	0.456892	0.316938	0.20344	0.120578	0.0645908	0.02752	
-0.523542	-0.554215	-0.552698	-0.506403	-0.417057	-0.296861	-0.152358	0.0173044	0.206027	0.394202	0.560404	0.694894	0.798	0.867939	0.894526	0.865814	0.779825	0.649965	0.500393	0.356124	0.234792	0.143701	0.0815366	0.0420678	0.017447	
-0.554769	-0.552698	-0.508007	-0.4216	-0.30465	-0.164424	-0.000437453	0.183396	0.370149	0.538323	0.675896	0.782172	0.857125	0.892899	0.877355	0.805213	0.685582	0.539945	0.393359	0.26556	0.16657	0.0973018	0.0528939	0.0262937	0.010614	
-0.551667	-0.506403	-0.4216	-0.307238	-0.170373	-0.0109322	0.168283	0.352565	0.521141	0.660575	0.768963	0.847243	0.889658	0.884657	0.824761	0.715341	0.57492	0.427831	0.295162	0.189238	0.113067	0.0631122	0.0329	0.0157656	0.00619448	
-0.501482	-0.417057	-0.30465	-0.170373	-0.0144036	0.160728	0.341861	0.509374	0.649311	0.758748	0.838982	0.885905	0.888929	0.839323	0.739451	0.60492	0.458795	0.322832	0.211178	0.128762	0.073388	0.0391939	0.0196136	0.00906599	0.00346767	
-0.407946	-0.296861	-0.164424	-0.0109322	0.160728	0.338268	0.503394	0.642415	0.751791	0.832801	0.882454	0.891194	0.84976	0.758291	0.629761	0.485664	0.347839	0.23174	0.14396	0.0836126	0.0455285	0.0232967	0.0112042	0.00499922	0.00186188	
-0.283774	-0.152358	-0.000437453	0.168283	0.341861	0.503394	0.640093	0.748267	0.828988	0.879866	0.892251	0.856847	0.772313	0.649428	0.508021	0.369557	0.250293	0.158155	0.0934687	0.0518012	0.0269912	0.0132517	0.00613225	0.00264336	0.00095888	
-0.133827	0.0173044	0.183396	0.352565	0.509374	0.642415	0.748267	0.827701	0.878489	0.892664	0.86121	0.781958	0.664006	0.525593	0.387482	0.26627	0.170852	0.102593	0.0577932	0.0306174	0.0152906	0.00721339	0.00321574	0.00134031	0.000473732	
0.0425998	0.206027	0.370149	0.521141	0.649311	0.751791	0.828988	0.878489	0.892765	0.863281	0.787587	0.673624	0.53822	0.401233	0.279197	0.1816	0.110629	0.0632613	0.0340348	0.0172668	0.00827847	0.00375798	0.00161592	0.00065181	0.000224568	
0.236004	0.394202	0.538323	0.660575	0.758748	0.832801	0.879866	0.892664	0.863281	0.789436	0.678399	0.545819	0.41054	0.288697	0.190014	0.117252	0.0679694	0.0370918	0.0190959	0.00929389	0.00428456	0.0018742	0.000778271	0.000304093	0.000102172	
0.424117	0.560404	0.675896	0.768963	0.838982	0.882454	0.892251	0.86121	0.787587	0.678399	0.548355	0.415234	0.294504	0.195796	0.122191	0.0717059	0.0396441	0.0206898	0.0102124	0.00477641	0.00212058	0.000895089	0.000359377	0.000136144	4.46303e-05	
0.586777	0.694894	0.782172	0.847243	0.885905	0.891194	0.856847	0.781958	0.673624	0.545819	0.415234	0.296458	0.198739	0.125239	0.0742989	0.0415659	0.021967	0.0109862	0.00520873	0.00234502	0.00100413	0.00040953	0.000159163	5.8514e-05	1.87247e-05	
0.717146	0.798	0.857125	0.889658	0.888929	0.84976	0.772313	0.664006	0.53822	0.41054	0.294504	0.198739	0.12627	0.0756267	0.0427601	0.0228595	0.0115731	0.00555756	0.0025354	0.0011005	0.000455143	0.000179589	6.76393e-05	2.41532e-05	7.54881e-06	
0.815918	0.867939	0.892899	0.884657	0.839323	0.758291	0.649428	0.525593	0.401233	0.288697	0.195796	0.125239	0.0756267	0.0431652	0.0233184	0.0119395	0.00580256	0.00268051	0.00117866	0.000493991	0.000197596	7.55233e-05	2.7595e-05	9.57958e-06	2.92565e-06	
0.878691	0.894526	0.877355	0.824761	0.739451	0.629761	0.508021	0.387482	0.279197	0.190014	0.122191	0.0742989	0.0427601	0.0233184	0.0120641	0.00592894	0.00277142	0.00123375	0.000523712	0.000212242	8.22159e-05	3.04743e-05	1.08135e-05	3.65252e-06	1.0906e-06	
0.893146	0.865814	0.805213	0.715341	0.60492	0.485664	0.369557	0.26627	0.1816	0.117252	0.0717059	0.0415659	0.0228595	0.0119395	0.00592894	0.00280239	0.00126223	0.00054238	0.000222594	8.73465e-05	3.28068e-05	1.18059e-05	4.07235e-06	1.33949e-06	3.91232e-07	
0.848717	0.779825	0.685582	0.57492	0.458795	0.347839	0.250293	0.170852	0.110629	0.0679694	0.0396441	0.021967	0.0115731	0.00580256	0.00277142	0.00126223	0.000548746	0.000227954	9.05749e-05	3.44576e-05	1.25632e-05	4.39388e-06	1.47475e-06	4.72746e-07	1.35134e-07	
0.747865	0.649965	0.539945	0.427831	0.322832	0.23174	0.158155	0.102593	0.0632613	0.0370918	0.0206898	0.0109862	0.00555756	0.00268051	0.00123375	0.00054238	0.000227954	9.16771e-05	3.53134e-05	1.304e-05	4.62023e-06	1.57202e-06	5.13855e-07	1.60656e-07	4.49668e-08	
0.608531	0.500393	0.393359	0.295162	0.211178	0.14396	0.0934687	0.0577932	0.0340348	0.0190959	0.0102124	0.00520873	0.0025354	0.00117866	0.000523712	0.000222594	9.05749e-05	3.53134e-05	1.32029e-05	4.7376e-06	1.63289e-06	5.41009e-07	1.72375e-07	5.26013e-08	1.44231e-08	
0.456892	0.356124	0.26556	0.189238	0.128762	0.0836126	0.0518012	0.0306174	0.0172668	0.00929389	0.00477641	0.00234502	0.0011005	0.000493991	0.000212242	8.73465e-05	3.44576e-05	1.304e-05	4.7376e-06	1.65368e-06	5.54992e-07	1.79214e-07	5.57029e-08	1.66025e-08	4.4618e-09	
0.316938	0.234792	0.16657	0.113067	0.073388	0.0455285	0.0269912	0.0152906	0.00827847	0.00428456	0.00212058	0.00100413	0.000455143	0.000197596	8.22159e-05	3.28068e-05	1.25632e-05	4.62023e-06	1.63289e-06	5.54992e-07	1.81531e-07	5.71792e-08	1.73507e-08	5.05445e-09	1.33194e-09	
0.20344	0.143701	0.0973018	0.0631122	0.0391939	0.0232967	0.0132517	0.00721339	0.00375798	0.0018742	0.000895089	0.00040953	0.000179589	7.55233e-05	3.04743e-05	1.18059e-05	4.39388e-06	1.57202e-06	5.41009e-07	1.79214e-07	5.71792e-08	1.75823e-08	5.21247e-09	1.48506e-09	3.83906e-10	
0.120578	0.0815366	0.0528939	0.0329	0.0196136	0.0112042	0.00613225	0.00321574	0.00161592	0.000778271	0.000359377	0.000159163	6.76393e-05	2.7595e-05	1.08135e-05	4.07235e-06	1.47475e-06	5.13855e-07	1.72375e-07	5.57029e-08	1.73507e-08	5.21247e-09	1.51083e-09	4.21244e-10	1.06876e-10	
0.0645908	0.0420678	0.0262937	0.0157656	0.00906599	0.00499922	0.00264336	0.00134031	0.00065181	0.000304093	0.000136144	5.8514e-05	2.41532e-05	9.57958e-06	3.65252e-06	1.33949e-06	4.72746e-07	1.60656e-07	5.26013e-08	1.66025e-08	5.05445e-09	1.48506e-09	4.21244e-10	1.15039e-10	2.86639e-11	
0.02752	0.017447	0.010614	0.00619448	0.00346767	0.00186188	0.00095888	0.000473732	0.000224568	0.000102172	4.46303e-05	1.87247e-05	7.54881e-06	2.92565e-06	1.0906e-06	3.91232e-07	1.35134e-07	4.49668e-08	1.44231e-08	4.4618e-09	1.33194e-09	3.83906e-10	1.06876e-10	2.86639e-11	7.02948e-12	
