0.000119012	0	0	0	0	0	0	0	0	0	0	0	0	0	0	0	0	0	0	0	0	0	0	0	0	
0.0134861	0.0164079	0.0189852	0.0209512	0.0220948	0.0222907	0.0215173	0.0198596	0.0174974	0.0146797	0.0116879	0.00879397	0.00622094	0.00411336	0.00252568	0.0014302	0.000741745	0.000350067	0.000149523	5.75602e-05	1.99181e-05	6.1884e-06	1.72655e-06	4.33083e-07	9.78642e-08	
0.0449781	0.0535372	0.060923	0.0664674	0.06966	0.0702045	0.0680502	0.0633973	0.056676	0.0484997	0.0395938	0.0307054	0.0225046	0.0154948	0.00995454	0.00592357	0.00324031	0.00161755	0.000732124	0.000298901	0.000109684	3.61076e-05	1.06593e-05	2.82424e-06	6.72816e-07	
0.121406	0.140838	0.157153	0.169158	0.175984	0.177142	0.172549	0.162534	0.147817	0.129472	0.108847	0.0874509	0.0667926	0.0481961	0.0326232	0.0205521	0.0119503	0.00636046	0.0030751	0.00134192	0.000526104	0.000184795	5.80949e-05	1.63539e-05	4.12896e-06	
0.277913	0.313755	0.342943	0.363943	0.375715	0.377699	0.369804	0.3524	0.326334	0.29294	0.254042	0.211902	0.169094	0.128264	0.0918007	0.0614778	0.0381745	0.0217743	0.0113068	0.0053038	0.0022341	0.000841826	0.000283257	8.51104e-05	2.28685e-05	
0.53679	0.589475	0.630962	0.660085	0.676158	0.678849	0.668106	0.644145	0.607498	0.559121	0.500534	0.433957	0.362405	0.289635	0.219834	0.157075	0.104625	0.0642893	0.0360663	0.0182993	0.00833419	0.00338959	0.00122775	0.00039584	0.000113729	
0.872392	0.932689	0.97848	1.00978	1.02676	1.02959	1.01828	0.992727	0.952752	0.898247	0.829419	0.747081	0.653	0.55032	0.443733	0.339227	0.243334	0.161905	0.0987334	0.0545594	0.0270599	0.0119632	0.00469589	0.0016345	0.000504905	
1.20507	1.25834	1.29727	1.32312	1.33689	1.33916	1.33004	1.30911	1.27555	1.22818	1.16568	1.08691	0.991134	0.878649	0.751659	0.614927	0.475942	0.344209	0.22946	0.139073	0.0757078	0.036676	0.0157218	0.00594974	0.00198855	
1.45811	1.49497	1.52054	1.53682	1.54523	1.5466	1.54109	1.5281	1.50644	1.47432	1.42953	1.36971	1.29261	1.19582	1.07765	0.938302	0.781173	0.613975	0.44876	0.300061	0.180684	0.096748	0.0456841	0.0189493	0.00690219	
1.61011	1.62669	1.63599	1.64057	1.64241	1.64269	1.64153	1.63827	1.63112	1.61778	1.59515	1.55968	1.50849	1.43888	1.34775	1.23225	1.09053	0.923564	0.737292	0.544575	0.36476	0.217651	0.114248	0.0524061	0.020973	
1.65182	1.64079	1.6279	1.61648	1.60943	1.60822	1.61289	1.62284	1.63556	1.64785	1.65576	1.65389	1.63639	1.59956	1.54014	1.45559	1.34379	1.20292	1.03235	0.83471	0.621144	0.415041	0.24416	0.124988	0.0554413	
1.54735	1.50271	1.46313	1.43336	1.41636	1.41336	1.42486	1.44964	1.48579	1.52915	1.57509	1.61884	1.65153	1.66503	1.65288	1.6098	1.53331	1.42304	1.2805	1.10685	0.901431	0.671682	0.444489	0.255856	0.126868	
1.29965	1.22266	1.15841	1.11265	1.08676	1.08206	1.10008	1.13785	1.19514	1.26775	1.34979	1.43644	1.52216	1.59594	1.64873	1.67015	1.65176	1.58817	1.4787	1.33048	1.1509	0.937197	0.692922	0.449549	0.250794	
0.944102	0.836596	0.752058	0.691919	0.658232	0.652748	0.675358	0.725474	0.800438	0.898823	1.01632	1.14294	1.27504	1.40277	1.5165	1.60624	1.66052	1.66919	1.6221	1.51378	1.35709	1.16837	0.943152	0.683852	0.429629	
0.497541	0.369462	0.270774	0.199913	0.161554	0.156286	0.180518	0.239396	0.326809	0.443118	0.586858	0.752667	0.930653	1.11357	1.28732	1.44142	1.56326	1.64231	1.67144	1.63802	1.52819	1.36146	1.16101	0.919549	0.644863	
0.0156327	-0.120782	-0.226681	-0.297953	-0.336924	-0.343217	-0.317056	-0.259404	-0.167439	-0.0423022	0.111566	0.297439	0.505942	0.733031	0.963914	1.18578	1.3813	1.53476	1.63003	1.66989	1.64017	1.52167	1.34365	1.12798	0.865369	
-0.453281	-0.586945	-0.684676	-0.748107	-0.782886	-0.789731	-0.766198	-0.714913	-0.630143	-0.511864	-0.354812	-0.163865	0.0598679	0.310631	0.578185	0.850695	1.11031	1.34248	1.52363	1.62818	1.67065	1.62977	1.49452	1.30318	1.06613	
-0.86518	-0.974741	-1.05204	-1.10192	-1.12539	-1.13007	-1.11619	-1.0752	-1.0094	-0.913576	-0.778778	-0.602935	-0.381373	-0.122363	0.171137	0.47855	0.791263	1.07605	1.33556	1.52885	1.63673	1.67117	1.60359	1.4472	1.23728	
-1.1675	-1.24218	-1.28793	-1.3117	-1.3226	-1.32481	-1.31524	-1.29923	-1.26531	-1.20012	-1.1035	-0.962555	-0.771135	-0.530822	-0.238039	0.0860165	0.43613	0.78166	1.09085	1.36309	1.55031	1.65358	1.66147	1.55768	1.37824	
-1.34136	-1.36597	-1.36463	-1.36155	-1.35733	-1.35369	-1.35731	-1.36554	-1.36708	-1.35494	-1.31345	-1.22236	-1.08128	-0.872019	-0.607842	-0.281813	0.0707808	0.454323	0.819951	1.15172	1.41563	1.58781	1.66865	1.63032	1.48989	
-1.3677	-1.33639	-1.29801	-1.25921	-1.23843	-1.23551	-1.24939	-1.28104	-1.31998	-1.35859	-1.37722	-1.35898	-1.28554	-1.13842	-0.917818	-0.620451	-0.263625	0.129672	0.531354	0.912806	1.24488	1.48498	1.63275	1.66389	1.57215	
-1.27365	-1.1827	-1.10511	-1.05108	-1.02028	-1.01618	-1.03585	-1.07896	-1.14937	-1.23877	-1.32036	-1.37749	-1.37725	-1.30678	-1.1458	-0.897535	-0.569666	-0.177707	0.248169	0.664998	1.05098	1.35544	1.56475	1.66243	1.62552	
-1.07952	-0.960276	-0.873864	-0.815575	-0.785285	-0.781887	-0.801477	-0.846338	-0.921177	-1.02851	-1.15902	-1.28403	-1.36894	-1.38137	-1.29807	-1.11092	-0.818134	-0.449342	-0.0202875	0.421665	0.848635	1.20954	1.47524	1.63361	1.65283	
-0.863275	-0.738724	-0.66939	-0.638214	-0.615439	-0.612409	-0.628516	-0.652348	-0.704744	-0.807864	-0.954063	-1.12746	-1.27799	-1.37348	-1.36798	-1.25341	-1.01789	-0.679932	-0.258661	0.195823	0.650691	1.05742	1.37331	1.5859	1.65906	
-0.677921	-0.604074	-0.578573	-0.567623	-0.552945	-0.54965	-0.562235	-0.574871	-0.590834	-0.639719	-0.757217	-0.938859	-1.13924	-1.30394	-1.37881	-1.33808	-1.15814	-0.861898	-0.46225	-0.00642848	0.4671	0.909919	1.26765	1.52684	1.64986	
-0.579726	-0.564867	-0.569899	-0.57057	-0.555341	-0.551436	-0.565982	-0.571019	-0.567376	-0.566096	-0.626353	-0.782573	-0.991156	-1.20551	-1.34222	-1.37035	-1.25202	-1.0022	-0.626727	-0.175319	0.305815	0.775452	1.16695	1.46354	1.63035	
-0.564867	-0.593236	-0.587997	-0.54389	-0.541414	-0.546482	-0.536538	-0.569419	-0.600285	-0.572509	-0.578038	-0.672757	-0.86527	-1.09973	-1.28549	-1.37338	-1.30887	-1.09892	-0.754397	-0.312308	0.170329	0.659926	1.07963	1.40413	1.60569	
-0.569899	-0.587997	-0.555204	-0.497969	-0.507928	-0.519122	-0.493582	-0.527922	-0.584727	-0.575814	-0.57117	-0.617479	-0.784137	-1.01318	-1.23164	-1.35521	-1.33787	-1.16253	-0.848137	-0.413695	0.0679904	0.56587	1.00754	1.35477	1.58204	
-0.57057	-0.54389	-0.497969	-0.459106	-0.483008	-0.497028	-0.462406	-0.478373	-0.526797	-0.562322	-0.569285	-0.593637	-0.736434	-0.951849	-1.18715	-1.3344	-1.35305	-1.20272	-0.905674	-0.485035	-0.00354473	0.501253	0.955659	1.31794	1.56323	
-0.555341	-0.541414	-0.507928	-0.483008	-0.493168	-0.496631	-0.481631	-0.496818	-0.528437	-0.552727	-0.553217	-0.576825	-0.707851	-0.922042	-1.16064	-1.32479	-1.35837	-1.22166	-0.937119	-0.522575	-0.0422111	0.465355	0.92661	1.29697	1.55203	
-0.551436	-0.546482	-0.519122	-0.497028	-0.496631	-0.498774	-0.49489	-0.508695	-0.537104	-0.55142	-0.54813	-0.573712	-0.703256	-0.91855	-1.15563	-1.32152	-1.35635	-1.22507	-0.943748	-0.527961	-0.0490456	0.458643	0.921981	1.29368	1.55008	
-0.565982	-0.536538	-0.493582	-0.462406	-0.481631	-0.49489	-0.464205	-0.476486	-0.520073	-0.557252	-0.56529	-0.585483	-0.724957	-0.936696	-1.17557	-1.32821	-1.3536	-1.21326	-0.923155	-0.505065	-0.0219109	0.484426	0.941011	1.30718	1.55772	
-0.571019	-0.569419	-0.527922	-0.478373	-0.496818	-0.508695	-0.476486	-0.505015	-0.558713	-0.571623	-0.570857	-0.605192	-0.760215	-0.984781	-1.21061	-1.34792	-1.34615	-1.18057	-0.875539	-0.446365	0.036199	0.536736	0.984004	1.33826	1.5738	
-0.567376	-0.600285	-0.584727	-0.526797	-0.528437	-0.537104	-0.520073	-0.558713	-0.605391	-0.577225	-0.57244	-0.645641	-0.827023	-1.06259	-1.26255	-1.36594	-1.32467	-1.12811	-0.796109	-0.357013	0.12558	0.619424	1.04883	1.38304	1.59583	
-0.566096	-0.572509	-0.575814	-0.562322	-0.552727	-0.55142	-0.557252	-0.571623	-0.577225	-0.562363	-0.59858	-0.731543	-0.937093	-1.16291	-1.32266	-1.3758	-1.27701	-1.04555	-0.682151	-0.234752	0.247577	0.727404	1.13073	1.4388	1.62063	
-0.626353	-0.578038	-0.57117	-0.569285	-0.553217	-0.54813	-0.56529	-0.570857	-0.57244	-0.59858	-0.69407	-0.872119	-1.07802	-1.26684	-1.36714	-1.35641	-1.20266	-0.922199	-0.532097	-0.078486	0.399733	0.854495	1.22627	1.50149	1.64305	
-0.782573	-0.672757	-0.617479	-0.593637	-0.576825	-0.573712	-0.585483	-0.605192	-0.645641	-0.731543	-0.872119	-1.05208	-1.22775	-1.35125	-1.38056	-1.29251	-1.07891	-0.759174	-0.344419	0.111365	0.574272	0.997373	1.3314	1.56338	1.65696	
-0.991156	-0.86527	-0.784137	-0.736434	-0.707851	-0.703256	-0.724957	-0.760215	-0.827023	-0.937093	-1.07802	-1.22775	-1.33916	-1.38697	-1.33396	-1.17769	-0.905883	-0.545703	-0.119441	0.328189	0.768141	1.14909	1.43572	1.61644	1.65758	
-1.20551	-1.09973	-1.01318	-0.951849	-0.922042	-0.91855	-0.936696	-0.984781	-1.06259	-1.16291	-1.26684	-1.35125	-1.38697	-1.34726	-1.21734	-0.989292	-0.674463	-0.29262	0.138551	0.566669	0.969585	1.29843	1.5314	1.6539	1.63936	
-1.34222	-1.28549	-1.23164	-1.18715	-1.16064	-1.15563	-1.17557	-1.21061	-1.26255	-1.32266	-1.36714	-1.38056	-1.33396	-1.21734	-1.01847	-0.740799	-0.392464	0.00518331	0.417175	0.813074	1.16905	1.43616	1.60907	1.66721	1.5969	
-1.37035	-1.37338	-1.35521	-1.3344	-1.32479	-1.32152	-1.32821	-1.34792	-1.36594	-1.3758	-1.35641	-1.29251	-1.17769	-0.989292	-0.740799	-0.421523	-0.0648682	0.321542	0.705444	1.05908	1.35059	1.55039	1.65911	1.6485	1.52638	
-1.25202	-1.30887	-1.33787	-1.35305	-1.35837	-1.35635	-1.3536	-1.34615	-1.32467	-1.27701	-1.20266	-1.07891	-0.905883	-0.674463	-0.392464	-0.0648682	0.286618	0.654194	0.986504	1.28181	1.50106	1.63279	1.67045	1.59157	1.42641	
-1.0022	-1.09892	-1.16253	-1.20272	-1.22166	-1.22507	-1.21326	-1.18057	-1.12811	-1.04555	-0.922199	-0.759174	-0.545703	-0.29262	0.00518331	0.321542	0.654194	0.961925	1.24121	1.46985	1.60859	1.67058	1.63322	1.49579	1.29722	
-0.626727	-0.754397	-0.848137	-0.905674	-0.937119	-0.943748	-0.923155	-0.875539	-0.796109	-0.682151	-0.532097	-0.344419	-0.119441	0.138551	0.417175	0.705444	0.986504	1.24121	1.45912	1.59616	1.66284	1.65425	1.54431	1.36458	1.13824	
-0.175319	-0.312308	-0.413695	-0.485035	-0.522575	-0.527961	-0.505065	-0.446365	-0.357013	-0.234752	-0.078486	0.111365	0.328189	0.566669	0.813074	1.05908	1.28181	1.46985	1.59616	1.65889	1.66154	1.57324	1.40829	1.20172	0.948998	
0.305815	0.170329	0.0679904	-0.00354473	-0.0422111	-0.0490456	-0.0219109	0.036199	0.12558	0.247577	0.399733	0.574272	0.768141	0.969585	1.16905	1.35059	1.50106	1.60859	1.66284	1.66154	1.58282	1.43032	1.23756	1.00697	0.734444	
0.775452	0.659926	0.56587	0.501253	0.465355	0.458643	0.484426	0.536736	0.619424	0.727404	0.854495	0.997373	1.14909	1.29843	1.43616	1.55039	1.63279	1.67058	1.65425	1.57324	1.43032	1.24917	1.03492	0.780445	0.513287	
1.16695	1.07963	1.00754	0.955659	0.92661	0.921981	0.941011	0.984004	1.04883	1.13073	1.22627	1.3314	1.43572	1.5314	1.60907	1.65911	1.67045	1.63322	1.54431	1.40829	1.23756	1.03492	0.795826	0.540835	0.316355	
1.46354	1.40413	1.35477	1.31794	1.29697	1.29368	1.30718	1.33826	1.38304	1.4388	1.50149	1.56338	1.61644	1.6539	1.66721	1.6485	1.59157	1.49579	1.36458	1.20172	1.00697	0.780445	0.540835	0.326479	0.16943	
1.63035	1.60569	1.58204	1.56323	1.55203	1.55008	1.55772	1.5738	1.59583	1.62063	1.64305	1.65696	1.65758	1.63936	1.5969	1.52638	1.42641	1.29722	1.13824	0.948998	0.734444	0.513287	0.316355	0.16943	0.0783928	
