-0.0453095	-0.045829	-0.0459497	-0.0464768	-0.0429695	-0.0475185	-0.0529346	-0.0495949	-0.0486544	-0.0521122	-0.0561988	-0.0537569	-0.0559354	-0.0632235	-0.0603668	-0.0598441	-0.0673056	-0.0723617	-0.0728637	-0.0697803	-0.0752138	-0.0908481	-0.095159	-0.0878241	-0.088239	
-0.0458287	-0.0446918	-0.0419597	-0.0471035	-0.0475634	-0.0508627	-0.0506489	-0.0470181	-0.051278	-0.05675	-0.0559111	-0.0521584	-0.059566	-0.0652577	-0.0592932	-0.0616054	-0.070606	-0.0741462	-0.0723546	-0.0706267	-0.080997	-0.0953021	-0.0937369	-0.0867522	-0.0924114	
-0.0459493	-0.0419596	-0.0488474	-0.0526937	-0.0459262	-0.0494469	-0.0489307	-0.0502282	-0.0555563	-0.0557411	-0.0540843	-0.0560222	-0.0638465	-0.0627858	-0.0586046	-0.0668322	-0.0741184	-0.0736883	-0.0713179	-0.073989	-0.0880292	-0.097561	-0.0910452	-0.087511	-0.0991506	
-0.0464763	-0.0471034	-0.0526937	-0.0437035	-0.043969	-0.0528893	-0.0519585	-0.0535196	-0.0550378	-0.0561047	-0.0558225	-0.0579397	-0.0646685	-0.0624572	-0.0621063	-0.0708936	-0.0744024	-0.073104	-0.0726967	-0.079577	-0.0940002	-0.0970969	-0.0886638	-0.0911765	-0.10824	
-0.0429691	-0.0475633	-0.0459262	-0.043969	-0.0548054	-0.057128	-0.0506632	-0.051968	-0.0564595	-0.0570264	-0.0553834	-0.0628676	-0.0676032	-0.0607033	-0.0642284	-0.0745137	-0.0755814	-0.0734217	-0.0750259	-0.0860297	-0.0982976	-0.0947868	-0.0880434	-0.0981035	-0.119016	
-0.0475181	-0.0508625	-0.0494468	-0.0528893	-0.057128	-0.0491863	-0.0468716	-0.05735	-0.0602416	-0.0564807	-0.0598704	-0.0669833	-0.0630212	-0.060278	-0.0718476	-0.0781425	-0.0742855	-0.0732967	-0.0798651	-0.0936467	-0.0997464	-0.0912771	-0.0907198	-0.108376	-0.130311	
-0.0529343	-0.0506488	-0.0489307	-0.0519585	-0.0506632	-0.0468716	-0.058133	-0.0645684	-0.0568156	-0.0561151	-0.0630156	-0.0659456	-0.0630411	-0.0672523	-0.0767547	-0.0763966	-0.0730818	-0.0768181	-0.0876471	-0.0992229	-0.0972398	-0.0892321	-0.0983427	-0.120892	-0.140245	
-0.0495946	-0.047018	-0.0502282	-0.0535196	-0.051968	-0.05735	-0.0645684	-0.0563807	-0.0524529	-0.0613235	-0.0685262	-0.0677324	-0.0638506	-0.0706458	-0.0788996	-0.0758726	-0.074691	-0.0829324	-0.0951952	-0.100567	-0.093225	-0.0919926	-0.110468	-0.133296	-0.147116	
-0.0486542	-0.0512779	-0.0555563	-0.0550377	-0.0564595	-0.0602416	-0.0568156	-0.0524529	-0.0614589	-0.0706258	-0.06902	-0.0623198	-0.0653379	-0.0794016	-0.0808501	-0.0733448	-0.0784928	-0.0915198	-0.100219	-0.0980367	-0.0915007	-0.100824	-0.124752	-0.143367	-0.149936	
-0.0521121	-0.0567499	-0.0557411	-0.0561047	-0.0570264	-0.0564807	-0.0561151	-0.0613235	-0.0706258	-0.0685748	-0.0616335	-0.0645697	-0.0779001	-0.0835136	-0.0743451	-0.0745755	-0.0886607	-0.0987465	-0.100112	-0.0947596	-0.0953717	-0.114644	-0.138348	-0.149449	-0.148416	
-0.0561987	-0.0559111	-0.0540842	-0.0558225	-0.0553834	-0.0598704	-0.0630156	-0.0685262	-0.06902	-0.0616335	-0.0653031	-0.0764464	-0.0821836	-0.0772988	-0.0737471	-0.0849378	-0.0971875	-0.100323	-0.0979559	-0.0948846	-0.105667	-0.130868	-0.148458	-0.150395	-0.143685	
-0.0537568	-0.0521584	-0.0560221	-0.0579397	-0.0628676	-0.0669833	-0.0659456	-0.0677324	-0.0623198	-0.0645697	-0.0764464	-0.0807548	-0.0797541	-0.0760933	-0.0803787	-0.0943076	-0.10132	-0.099909	-0.0964522	-0.100393	-0.12192	-0.1458	-0.152295	-0.146606	-0.139293	
-0.0559353	-0.059566	-0.0638465	-0.0646685	-0.0676032	-0.0630212	-0.0630411	-0.0638506	-0.0653379	-0.0779001	-0.0821836	-0.0797541	-0.0777297	-0.0771328	-0.0904141	-0.103708	-0.101927	-0.0967997	-0.098447	-0.114551	-0.140718	-0.153887	-0.149208	-0.141582	-0.14071	
-0.0632235	-0.0652577	-0.0627858	-0.0624572	-0.0607033	-0.060278	-0.0672523	-0.0706458	-0.0794016	-0.0835136	-0.0772988	-0.0760933	-0.0771328	-0.0884877	-0.105774	-0.104371	-0.0953221	-0.0975521	-0.110953	-0.134618	-0.153567	-0.152494	-0.143228	-0.140822	-0.153586	
-0.0603668	-0.0592932	-0.0586046	-0.0621063	-0.0642284	-0.0718476	-0.0767547	-0.0788996	-0.0808501	-0.0743451	-0.0737471	-0.0803787	-0.0904141	-0.105774	-0.105573	-0.09373	-0.0965014	-0.110644	-0.1298	-0.150723	-0.155757	-0.145615	-0.14052	-0.149812	-0.18291	
-0.059844	-0.0616054	-0.0668322	-0.0708936	-0.0745137	-0.0781425	-0.0763966	-0.0758726	-0.0733448	-0.0745755	-0.0849378	-0.0943076	-0.103708	-0.104371	-0.09373	-0.0959371	-0.111401	-0.127298	-0.146723	-0.157809	-0.149225	-0.140037	-0.1471	-0.174147	-0.231694	
-0.0673056	-0.070606	-0.0741184	-0.0744024	-0.0755814	-0.0742855	-0.0730818	-0.074691	-0.0784928	-0.0886607	-0.0971875	-0.10132	-0.101927	-0.0953221	-0.0965014	-0.111401	-0.126626	-0.143896	-0.158477	-0.153057	-0.140071	-0.144243	-0.16903	-0.218164	-0.298204	
-0.0723617	-0.0741462	-0.0736883	-0.073104	-0.0734217	-0.0732967	-0.0768181	-0.0829324	-0.0915198	-0.0987465	-0.100323	-0.099909	-0.0967997	-0.0975521	-0.110644	-0.127298	-0.143896	-0.158535	-0.155517	-0.140574	-0.141551	-0.165756	-0.210036	-0.282034	-0.374937	
-0.0728637	-0.0723546	-0.0713179	-0.0726967	-0.0750259	-0.0798651	-0.0876471	-0.0951952	-0.100219	-0.100112	-0.0979559	-0.0964522	-0.098447	-0.110953	-0.1298	-0.146723	-0.158477	-0.155517	-0.140871	-0.139899	-0.163668	-0.205795	-0.271095	-0.360325	-0.450429	
-0.0697803	-0.0706267	-0.073989	-0.079577	-0.0860297	-0.0936467	-0.0992229	-0.100567	-0.0980367	-0.0947596	-0.0948846	-0.100393	-0.114551	-0.134618	-0.150723	-0.157809	-0.153057	-0.140574	-0.139899	-0.162914	-0.204055	-0.265005	-0.349991	-0.440851	-0.513228	
-0.0752138	-0.080997	-0.0880292	-0.0940002	-0.0982976	-0.0997464	-0.0972398	-0.093225	-0.0915007	-0.0953717	-0.105667	-0.12192	-0.140718	-0.153567	-0.155757	-0.149225	-0.140071	-0.141551	-0.163668	-0.204055	-0.263082	-0.344661	-0.434652	-0.508318	-0.556606	
-0.0908481	-0.0953021	-0.097561	-0.0970969	-0.0947868	-0.0912771	-0.0892321	-0.0919926	-0.100824	-0.114644	-0.130868	-0.1458	-0.153887	-0.152494	-0.145615	-0.140037	-0.144243	-0.165756	-0.205795	-0.265005	-0.344661	-0.432494	-0.505848	-0.554096	-0.577222	
-0.095159	-0.0937369	-0.0910452	-0.0886638	-0.0880434	-0.0907198	-0.0983427	-0.110468	-0.124752	-0.138348	-0.148458	-0.152295	-0.149208	-0.143228	-0.14052	-0.1471	-0.16903	-0.210036	-0.271095	-0.349991	-0.434652	-0.505848	-0.553281	-0.576395	-0.567476	
-0.0878241	-0.0867522	-0.087511	-0.0911765	-0.0981035	-0.108376	-0.120892	-0.133296	-0.143367	-0.149449	-0.150395	-0.146606	-0.141582	-0.140822	-0.149812	-0.174147	-0.218164	-0.282034	-0.360325	-0.440851	-0.508318	-0.554096	-0.576395	-0.568064	-0.516092	
-0.088239	-0.0924114	-0.0991506	-0.10824	-0.119016	-0.130311	-0.140245	-0.147116	-0.149936	-0.148416	-0.143685	-0.139293	-0.14071	-0.153586	-0.18291	-0.231694	-0.298204	-0.374937	-0.450429	-0.513228	-0.556606	-0.577222	-0.567476	-0.516092	-0.420664	
-0.101222	-0.109793	-0.119726	-0.130026	-0.139438	-0.146424	-0.14968	-0.148804	-0.144478	-0.138893	-0.136214	-0.141951	-0.161259	-0.19755	-0.25141	-0.319152	-0.392816	-0.462733	-0.520621	-0.560919	-0.578608	-0.565446	-0.512228	-0.417879	-0.292184	
-0.123618	-0.133052	-0.141326	-0.147208	-0.149656	-0.148184	-0.14342	-0.137307	-0.133089	-0.135171	-0.148267	-0.175909	-0.219281	-0.276755	-0.343704	-0.413123	-0.477538	-0.530631	-0.566906	-0.579866	-0.561207	-0.504165	-0.409502	-0.285957	-0.142051	
-0.144831	-0.148381	-0.148735	-0.145806	-0.140311	-0.134011	-0.129686	-0.130784	-0.140921	-0.163117	-0.198839	-0.247435	-0.306221	-0.37083	-0.435739	-0.495094	-0.543175	-0.573814	-0.579736	-0.553605	-0.491373	-0.395488	-0.273499	-0.131818	0.0278528	
-0.145351	-0.140869	-0.135003	-0.129343	-0.126105	-0.12792	-0.137422	-0.156789	-0.187303	-0.228955	-0.280313	-0.338725	-0.400554	-0.46127	-0.515547	-0.557353	-0.579954	-0.576417	-0.541356	-0.473324	-0.375776	-0.254728	-0.114494	0.0434773	0.215851	
-0.12837	-0.124413	-0.123327	-0.126961	-0.13713	-0.155358	-0.182628	-0.219211	-0.264545	-0.317165	-0.374701	-0.433822	-0.490079	-0.537906	-0.570952	-0.582772	-0.567913	-0.523371	-0.449646	-0.350241	-0.229363	-0.0896205	0.0673425	0.236784	0.40753	
-0.122663	-0.128599	-0.140039	-0.158067	-0.183496	-0.216742	-0.257717	-0.305686	-0.359097	-0.415402	-0.470914	-0.520789	-0.55931	-0.580577	-0.579467	-0.552602	-0.499011	-0.420082	-0.318513	-0.196774	-0.0565163	0.0998254	0.265998	0.430623	0.580247	
-0.146436	-0.164939	-0.18969	-0.221164	-0.259469	-0.30418	-0.354143	-0.407274	-0.460442	-0.509494	-0.549527	-0.57543	-0.58264	-0.56789	-0.529632	-0.467988	-0.384188	-0.27974	-0.15593	-0.0143859	0.141166	0.30315	0.460436	0.601585	0.719089	
-0.202538	-0.233629	-0.270666	-0.313242	-0.360306	-0.410014	-0.459664	-0.505758	-0.544243	-0.570933	-0.582036	-0.574654	-0.547082	-0.498749	-0.429852	-0.340894	-0.232453	-0.105531	0.0374199	0.191228	0.347524	0.496059	0.627668	0.736987	0.822589	
-0.293137	-0.333885	-0.377907	-0.423525	-0.468432	-0.509775	-0.544354	-0.568911	-0.58047	-0.576637	-0.555754	-0.516858	-0.459461	-0.383294	-0.288262	-0.174766	-0.044431	0.0990207	0.249286	0.397986	0.536393	0.657681	0.758277	0.837033	0.892552	
-0.406325	-0.446594	-0.485357	-0.520401	-0.549316	-0.569679	-0.579241	-0.576076	-0.558649	-0.525772	-0.476502	-0.410045	-0.325824	-0.223795	-0.105007	0.0277634	0.169649	0.313933	0.453074	0.580274	0.690839	0.782405	0.853638	0.902107	0.923017	
-0.507808	-0.535416	-0.557563	-0.572477	-0.578453	-0.573911	-0.557412	-0.527645	-0.483393	-0.42356	-0.347306	-0.25435	-0.145404	-0.02262	0.110155	0.247531	0.383245	0.511228	0.626653	0.726436	0.808739	0.871622	0.911649	0.923616	0.902089	
-0.566978	-0.575849	-0.577275	-0.569882	-0.552295	-0.523151	-0.481129	-0.42504	-0.353994	-0.267671	-0.166641	-0.0526685	0.0711339	0.200436	0.330152	0.455165	0.571086	0.674695	0.763795	0.836429	0.889822	0.919758	0.921074	0.889438	0.82376	
-0.573794	-0.562322	-0.541903	-0.51122	-0.469008	-0.414171	-0.345947	-0.264127	-0.169274	-0.0629169	0.0523862	0.173167	0.295379	0.414887	0.527975	0.631675	0.723716	0.802061	0.864193	0.906542	0.924541	0.913596	0.870824	0.796884	0.697005	
-0.52278	-0.488777	-0.44449	-0.389056	-0.321954	-0.24316	-0.153289	-0.0536963	0.0535155	0.165607	0.279438	0.391788	0.499678	0.600565	0.692309	0.772873	0.839855	0.890062	0.919451	0.923664	0.899182	0.844805	0.762865	0.659589	0.544287	
-0.403502	-0.346612	-0.279932	-0.20362	-0.118322	-0.0252186	0.0740049	0.177246	0.282147	0.386291	0.487382	0.583337	0.672236	0.752116	0.820656	0.874904	0.911222	0.925613	0.914505	0.875837	0.810145	0.721194	0.615841	0.503009	0.392061	
-0.217914	-0.144553	-0.0642354	0.022072	0.113079	0.20724	0.302852	0.398157	0.491425	0.580976	0.665112	0.741967	0.809305	0.864358	0.903813	0.924055	0.921715	0.894464	0.841871	0.766051	0.671824	0.566237	0.457495	0.353576	0.26093	
0.00799486	0.086904	0.169359	0.254273	0.340452	0.426632	0.511498	0.593669	0.67162	0.743578	0.807399	0.860485	0.89982	0.922169	0.92449	0.904511	0.861386	0.796236	0.71241	0.615302	0.511706	0.408823	0.313158	0.229597	0.160894	
0.240125	0.315997	0.392988	0.470153	0.546442	0.620657	0.691389	0.75695	0.815301	0.864036	0.90044	0.921673	0.925085	0.908648	0.871434	0.814041	0.738844	0.649949	0.552825	0.453623	0.358339	0.271998	0.19806	0.138158	0.0922155	
0.45617	0.525003	0.593046	0.659193	0.72211	0.780192	0.831541	0.873982	0.905139	0.922595	0.924142	0.908098	0.873658	0.821205	0.752512	0.670755	0.58029	0.486208	0.393732	0.307567	0.231347	0.167293	0.116136	0.0773049	0.0492916	
0.643036	0.70174	0.757004	0.807315	0.850947	0.885998	0.910466	0.922389	0.920033	0.902127	0.868105	0.81833	0.754238	0.678356	0.594171	0.505831	0.417724	0.333995	0.258088	0.192414	0.138186	0.095464	0.0633612	0.0403605	0.0246525	
0.780441	0.824033	0.86075	0.888952	0.907	0.913367	0.90678	0.88638	0.851891	0.803765	0.743273	0.672515	0.594329	0.51209	0.429415	0.349817	0.276361	0.211369	0.156255	0.111479	0.076649	0.0507259	0.0322762	0.0197265	0.0115717	
0.8362	0.8602	0.874527	0.877966	0.869576	0.848803	0.815594	0.770483	0.71464	0.64987	0.578534	0.503407	0.427468	0.353654	0.2846	0.222418	0.168537	0.123634	0.0876739	0.0600192	0.0396143	0.0251803	0.0153988	0.00905224	0.00511173	
0.780588	0.785735	0.78054	0.764522	0.737628	0.700294	0.653476	0.598639	0.537696	0.472899	0.406689	0.341507	0.279609	0.222883	0.172718	0.129926	0.0947386	0.0668702	0.0456289	0.0300617	0.0191012	0.0116934	0.00689077	0.0039058	0.00212814	
0.605154	0.598955	0.584281	0.561226	0.530281	0.492341	0.448677	0.400867	0.350701	0.300051	0.250733	0.204366	0.162255	0.125313	0.094017	0.0684314	0.0482589	0.0329328	0.0217219	0.0138326	0.00849596	0.00502844	0.00286567	0.00157146	0.000828766	
0.330365	0.323469	0.311876	0.295808	0.275719	0.252281	0.226344	0.198889	0.170957	0.143566	0.11764	0.0939366	0.0730003	0.055139	0.0404277	0.0287368	0.0197792	0.0131669	0.00846827	0.00525657	0.0031464	0.00181459	0.00100762	0.00053842	0.000276724	
