0.609215	0.594365	0.522591	0.412545	0.290892	0.180092	0.0936103	0.0489285	0.0515094	0.0929739	0.165123	0.248044	0.323136	0.374725	0.379549	0.340694	0.282689	0.211575	0.12795	0.0438694	-0.0242445	-0.0598174	-0.0627291	-0.0506132	-0.0304831	
0.577121	0.549572	0.467322	0.344021	0.208357	0.0850216	-0.00943217	-0.0536236	-0.0397742	0.0264336	0.132445	0.251268	0.363808	0.450994	0.483421	0.464831	0.424972	0.374793	0.31418	0.247011	0.179667	0.121708	0.0767975	0.041406	0.0159018	
0.550621	0.515184	0.428576	0.299975	0.149779	0.00524288	-0.106061	-0.159227	-0.14586	-0.0659547	0.0658702	0.216918	0.368492	0.498579	0.57176	0.588812	0.578851	0.554888	0.516699	0.463025	0.394094	0.314043	0.228804	0.14609	0.0707453	
0.531874	0.492147	0.403739	0.264548	0.0960142	-0.0682241	-0.197235	-0.263973	-0.255207	-0.167196	-0.0189264	0.155819	0.343115	0.519865	0.645516	0.713022	0.742187	0.743428	0.71825	0.667209	0.592296	0.495383	0.380829	0.259319	0.133758	
0.517089	0.469846	0.372903	0.224915	0.042724	-0.140946	-0.285338	-0.360393	-0.355342	-0.264401	-0.10619	0.0874921	0.306365	0.527047	0.706241	0.826643	0.894421	0.916562	0.898165	0.844583	0.762355	0.652216	0.515646	0.362925	0.192704	
0.491856	0.431701	0.329858	0.174825	-0.0203309	-0.214909	-0.365415	-0.445745	-0.441112	-0.341959	-0.171802	0.0377569	0.27938	0.529996	0.747525	0.908131	1.00692	1.04862	1.04016	0.987765	0.899052	0.773842	0.614515	0.434912	0.232305	
0.442651	0.374099	0.26593	0.105723	-0.0922363	-0.290528	-0.441877	-0.514637	-0.494964	-0.380178	-0.197963	0.0222798	0.271396	0.527564	0.758557	0.940814	1.06149	1.12294	1.13022	1.08481	0.990979	0.848682	0.666307	0.465855	0.246831	
0.368242	0.286951	0.173931	0.0163619	-0.178014	-0.367274	-0.499328	-0.549479	-0.507867	-0.374502	-0.181997	0.0383994	0.275521	0.514329	0.737369	0.923684	1.05452	1.12998	1.15175	1.11514	1.02008	0.867525	0.672354	0.463136	0.242457	
0.254217	0.164931	0.055427	-0.0907925	-0.263779	-0.424978	-0.529639	-0.552594	-0.483423	-0.333696	-0.140912	0.0689302	0.283156	0.491458	0.690783	0.864005	0.988418	1.06315	1.08954	1.06058	0.973126	0.827792	0.640714	0.43949	0.228382	
0.11199	0.0248676	-0.0743015	-0.19679	-0.338461	-0.467783	-0.539529	-0.531178	-0.440348	-0.284399	-0.0955924	0.10227	0.289111	0.459402	0.623139	0.766145	0.865018	0.921764	0.941816	0.92004	0.850996	0.732597	0.575719	0.399011	0.207153	
-0.030087	-0.115208	-0.20099	-0.29893	-0.408327	-0.501433	-0.542622	-0.512161	-0.40486	-0.24255	-0.0580809	0.125208	0.282511	0.411409	0.529727	0.628343	0.689172	0.718609	0.72673	0.711973	0.667194	0.586959	0.473987	0.334409	0.173447	
-0.154143	-0.238732	-0.317483	-0.39808	-0.480484	-0.546122	-0.563747	-0.510009	-0.386135	-0.222949	-0.0469417	0.120286	0.246625	0.33169	0.40059	0.452042	0.475343	0.478682	0.474295	0.46401	0.440388	0.397186	0.330984	0.236813	0.121123	
-0.234645	-0.33315	-0.422367	-0.500494	-0.56737	-0.609251	-0.603095	-0.53219	-0.402543	-0.244183	-0.0795439	0.0660186	0.15977	0.206959	0.234419	0.247247	0.242929	0.22785	0.212284	0.200968	0.189415	0.174899	0.151876	0.108058	0.0511318	
-0.263977	-0.395552	-0.509356	-0.596338	-0.656285	-0.684727	-0.668683	-0.592331	-0.46533	-0.320413	-0.176228	-0.0554328	0.0140727	0.0377998	0.037788	0.0259485	0.00720499	-0.0177706	-0.042907	-0.0595628	-0.066007	-0.0589544	-0.0434153	-0.0351343	-0.0263042	
-0.235753	-0.407363	-0.556335	-0.668978	-0.742174	-0.774442	-0.759812	-0.690853	-0.583257	-0.462218	-0.339676	-0.239326	-0.183873	-0.168954	-0.181043	-0.203988	-0.22703	-0.254601	-0.284206	-0.303397	-0.303547	-0.276178	-0.225441	-0.167466	-0.0960948	
-0.14132	-0.362316	-0.56227	-0.717513	-0.817665	-0.867096	-0.870611	-0.826146	-0.746864	-0.650499	-0.550712	-0.470047	-0.420371	-0.402892	-0.417087	-0.442715	-0.46231	-0.483069	-0.505821	-0.516289	-0.500914	-0.449646	-0.36691	-0.266494	-0.145455	
-0.00672303	-0.28374	-0.537235	-0.738916	-0.877611	-0.957955	-0.986187	-0.968661	-0.921525	-0.855268	-0.782563	-0.721627	-0.67655	-0.656318	-0.668688	-0.689261	-0.696881	-0.699227	-0.699519	-0.685188	-0.642175	-0.563217	-0.453476	-0.321685	-0.169117	
0.125904	-0.197581	-0.4973	-0.746569	-0.92342	-1.02696	-1.07483	-1.08718	-1.07511	-1.0407	-1.00063	-0.967593	-0.935582	-0.916944	-0.923625	-0.931716	-0.919826	-0.892652	-0.855728	-0.802946	-0.724211	-0.617494	-0.487735	-0.336761	-0.170377	
0.227028	-0.131521	-0.468519	-0.748796	-0.944364	-1.06138	-1.12488	-1.15974	-1.17662	-1.17884	-1.18124	-1.18241	-1.16956	-1.15742	-1.15658	-1.1469	-1.11078	-1.04875	-0.968457	-0.872688	-0.758054	-0.62805	-0.485733	-0.325958	-0.158568	
0.276221	-0.106024	-0.457549	-0.745179	-0.947701	-1.06764	-1.13209	-1.17916	-1.22191	-1.25977	-1.30032	-1.33282	-1.34371	-1.34226	-1.33203	-1.30316	-1.24615	-1.15536	-1.03815	-0.906038	-0.763551	-0.618016	-0.469143	-0.307223	-0.144848	
0.270782	-0.112632	-0.460161	-0.746184	-0.943679	-1.05311	-1.11271	-1.16312	-1.21471	-1.27264	-1.33927	-1.39463	-1.42559	-1.43292	-1.41449	-1.37379	-1.30821	-1.20478	-1.0685	-0.91677	-0.760691	-0.608506	-0.456708	-0.295597	-0.138289	
0.229628	-0.143016	-0.483173	-0.755513	-0.935678	-1.03303	-1.08097	-1.11488	-1.15763	-1.22091	-1.29268	-1.35162	-1.39294	-1.40738	-1.38695	-1.34623	-1.28757	-1.19295	-1.06244	-0.913507	-0.760588	-0.610389	-0.458055	-0.298733	-0.143166	
0.145819	-0.210247	-0.524825	-0.765139	-0.922527	-1.00195	-1.02721	-1.03603	-1.05872	-1.1046	-1.1578	-1.2077	-1.25231	-1.27057	-1.25411	-1.22473	-1.18653	-1.12007	-1.01882	-0.894368	-0.760506	-0.6206	-0.471016	-0.314788	-0.157656	
0.00437755	-0.308668	-0.573816	-0.771217	-0.894294	-0.944567	-0.942289	-0.918576	-0.90746	-0.923398	-0.952349	-0.988666	-1.0281	-1.04738	-1.04219	-1.03167	-1.01905	-0.99001	-0.932649	-0.848248	-0.745322	-0.62333	-0.482295	-0.332802	-0.174169	
-0.17605	-0.428877	-0.635079	-0.772729	-0.841588	-0.850143	-0.810701	-0.750414	-0.708021	-0.694224	-0.697646	-0.719999	-0.753657	-0.777319	-0.788911	-0.797382	-0.806234	-0.812104	-0.800573	-0.761081	-0.693824	-0.595794	-0.471762	-0.335719	-0.181332	
-0.37676	-0.565499	-0.695212	-0.754602	-0.75925	-0.71833	-0.641008	-0.551866	-0.478643	-0.431309	-0.415599	-0.432594	-0.46336	-0.494467	-0.525172	-0.549643	-0.571974	-0.601315	-0.62477	-0.623016	-0.588154	-0.51751	-0.419596	-0.305825	-0.167621	
-0.566542	-0.674468	-0.719108	-0.709433	-0.657326	-0.570753	-0.461885	-0.345871	-0.2417	-0.169348	-0.142773	-0.152191	-0.17828	-0.219977	-0.26939	-0.305838	-0.334544	-0.372903	-0.413067	-0.433748	-0.422329	-0.37923	-0.31428	-0.231876	-0.126219	
-0.697481	-0.720215	-0.699992	-0.639819	-0.540266	-0.418511	-0.289976	-0.161163	-0.041689	0.0490702	0.0939569	0.100543	0.0802743	0.0323331	-0.0260552	-0.0694843	-0.101029	-0.136567	-0.175606	-0.202562	-0.205009	-0.187649	-0.158823	-0.11554	-0.0591826	
-0.75778	-0.711269	-0.640498	-0.535504	-0.402977	-0.269823	-0.146187	-0.0236224	0.100996	0.206084	0.269629	0.29682	0.292374	0.255079	0.203896	0.161223	0.130898	0.105729	0.0791803	0.0562233	0.0442862	0.0363335	0.0283514	0.0267578	0.0216602	
-0.762738	-0.659317	-0.541076	-0.403133	-0.263569	-0.141858	-0.0325926	0.0781297	0.191056	0.290874	0.369647	0.425558	0.44722	0.436643	0.412372	0.385356	0.36427	0.354091	0.344497	0.327214	0.302069	0.265508	0.219865	0.169139	0.0986626	
-0.721506	-0.572371	-0.419005	-0.269749	-0.141682	-0.0326051	0.0646624	0.149934	0.230693	0.31885	0.413608	0.492028	0.53926	0.569884	0.590216	0.592985	0.592146	0.602441	0.609453	0.592602	0.546421	0.476266	0.39028	0.287265	0.156421	
-0.643416	-0.462794	-0.28991	-0.145702	-0.0321032	0.0649346	0.137985	0.188365	0.243444	0.323497	0.419652	0.507705	0.585696	0.66407	0.728887	0.768566	0.800159	0.833704	0.851294	0.828818	0.758751	0.653519	0.524585	0.36937	0.189942	
-0.553284	-0.345957	-0.160491	-0.0227171	0.0789186	0.150449	0.188591	0.214735	0.252551	0.314229	0.400474	0.501754	0.614081	0.72877	0.827712	0.907399	0.97323	1.02094	1.03878	1.00903	0.921458	0.787575	0.619338	0.419749	0.206577	
-0.479055	-0.241023	-0.0405053	0.102221	0.19205	0.231362	0.243811	0.252693	0.266092	0.303938	0.38152	0.49555	0.633286	0.772424	0.899337	1.0119	1.09663	1.14161	1.14865	1.11094	1.01675	0.869246	0.676582	0.450533	0.2186	
-0.430836	-0.16807	0.0506045	0.207488	0.291957	0.319577	0.323921	0.314437	0.304011	0.320805	0.383113	0.498244	0.649201	0.803061	0.94838	1.07679	1.16113	1.18985	1.17603	1.1263	1.03376	0.889969	0.695335	0.467456	0.231628	
-0.414432	-0.14109	0.0956707	0.271078	0.370717	0.414315	0.42007	0.400694	0.381618	0.383145	0.427499	0.530554	0.670497	0.819582	0.968215	1.09267	1.1614	1.16913	1.13195	1.06709	0.976894	0.846115	0.669304	0.462869	0.238644	
-0.430943	-0.150293	0.102288	0.298208	0.426545	0.492664	0.508079	0.501956	0.495647	0.498284	0.530566	0.601957	0.703997	0.830505	0.95868	1.05116	1.09272	1.08526	1.03401	0.956116	0.862747	0.743698	0.594522	0.423044	0.225268	
-0.461421	-0.176325	0.0819407	0.293633	0.448082	0.539801	0.58601	0.614249	0.633369	0.649238	0.670511	0.704001	0.765199	0.850171	0.920627	0.956212	0.966851	0.949557	0.893807	0.809055	0.709354	0.598447	0.477573	0.342731	0.183035	
-0.492408	-0.218087	0.0338468	0.256171	0.437364	0.570324	0.66432	0.728903	0.77249	0.803091	0.819594	0.83051	0.850173	0.865485	0.858195	0.838074	0.814823	0.777983	0.717255	0.631612	0.529591	0.428548	0.334025	0.232924	0.119039	
-0.523128	-0.26765	-0.0247353	0.204808	0.412953	0.59056	0.729079	0.827812	0.899386	0.948403	0.968224	0.958684	0.920628	0.858195	0.789898	0.726419	0.660663	0.591337	0.518588	0.431492	0.333888	0.248757	0.180331	0.114083	0.0512621	
-0.547718	-0.3043	-0.0683738	0.16196	0.385809	0.593246	0.768708	0.907472	1.01193	1.07681	1.09268	1.05116	0.956213	0.838074	0.726419	0.62026	0.5128	0.412208	0.319363	0.226108	0.13929	0.0734557	0.029554	0.00254679	-0.00638058	
-0.570239	-0.333232	-0.100124	0.131475	0.364614	0.592338	0.800261	0.973281	1.09665	1.16114	1.1614	1.09272	0.966851	0.814823	0.660663	0.512801	0.375586	0.249534	0.134871	0.0398149	-0.0305919	-0.0803229	-0.104963	-0.093561	-0.0523163	
-0.599811	-0.371823	-0.135853	0.106168	0.354344	0.602578	0.833775	1.02098	1.14163	1.18986	1.16913	1.08526	0.949557	0.777983	0.591337	0.412208	0.249534	0.101057	-0.0232527	-0.108434	-0.161869	-0.197911	-0.205512	-0.166292	-0.0896235	
-0.623514	-0.412207	-0.175059	0.0795046	0.344678	0.609549	0.851342	1.0388	1.14866	1.17604	1.13196	1.03401	0.893807	0.717256	0.518588	0.319363	0.134871	-0.0232527	-0.141459	-0.216059	-0.257358	-0.272731	-0.25725	-0.203634	-0.113331	
-0.622005	-0.433085	-0.202156	0.056456	0.32734	0.592667	0.828849	1.00905	1.11094	1.12631	1.06709	0.956116	0.809055	0.631612	0.431492	0.226108	0.0398149	-0.108434	-0.216059	-0.287464	-0.318462	-0.305824	-0.261929	-0.198786	-0.111532	
-0.587371	-0.421835	-0.204717	0.0444481	0.302154	0.546463	0.758771	0.921467	1.01675	1.03376	0.976895	0.862747	0.709354	0.529592	0.333888	0.13929	-0.0305919	-0.161869	-0.257358	-0.318462	-0.334377	-0.301122	-0.236131	-0.161091	-0.0826922	
-0.51693	-0.378877	-0.187447	0.0364423	0.265563	0.476293	0.653532	0.787581	0.869248	0.88997	0.846115	0.743698	0.598447	0.428548	0.248757	0.0734557	-0.0803229	-0.197911	-0.272731	-0.305824	-0.301122	-0.261496	-0.192741	-0.112872	-0.0464158	
-0.419192	-0.314041	-0.15869	0.028421	0.2199	0.390297	0.524593	0.619341	0.676583	0.695336	0.669304	0.594522	0.477573	0.334025	0.180331	0.029554	-0.104963	-0.205512	-0.25725	-0.261929	-0.236131	-0.192741	-0.135274	-0.0735103	-0.0266688	
-0.305572	-0.23173	-0.115461	0.0267986	0.169159	0.287275	0.369374	0.419751	0.450534	0.467456	0.462869	0.423045	0.342731	0.232924	0.114083	0.00254679	-0.093561	-0.166292	-0.203634	-0.198786	-0.161091	-0.112872	-0.0735103	-0.0468104	-0.0244294	
-0.167499	-0.12615	-0.0591457	0.0216789	0.0986716	0.156425	0.189944	0.206578	0.2186	0.231629	0.238644	0.225268	0.183035	0.119039	0.0512621	-0.00638058	-0.0523163	-0.0896235	-0.113331	-0.111532	-0.0826922	-0.0464158	-0.0266688	-0.0244294	-0.0191335	
