-0.714682	-0.778455	-0.77922	-0.719789	-0.622482	-0.522728	-0.432168	-0.354382	-0.300187	-0.28408	-0.315184	-0.37731	-0.444285	-0.501849	-0.531642	-0.516146	-0.459087	-0.371737	-0.267671	-0.172554	-0.10451	-0.0622754	-0.0443821	-0.0442364	-0.034613	
-0.882708	-0.966461	-0.982853	-0.927808	-0.827632	-0.717691	-0.607801	-0.502895	-0.412749	-0.350993	-0.328744	-0.337178	-0.361014	-0.38826	-0.397398	-0.375161	-0.328419	-0.26029	-0.174639	-0.0944788	-0.0401278	-0.0133566	-0.0121143	-0.0257531	-0.0260282	
-1.04848	-1.14828	-1.17473	-1.12191	-1.01719	-0.890917	-0.752715	-0.611587	-0.477541	-0.364598	-0.287253	-0.245995	-0.23631	-0.24579	-0.248291	-0.233507	-0.208538	-0.167085	-0.103938	-0.0393602	0.00374939	0.0190036	0.00852979	-0.0132429	-0.0191631	
-1.20376	-1.31351	-1.34741	-1.29316	-1.17653	-1.02455	-0.849755	-0.666476	-0.48651	-0.32532	-0.200375	-0.121045	-0.0913977	-0.0958247	-0.103286	-0.105608	-0.107893	-0.0949508	-0.05449	-0.00404607	0.0309917	0.0386991	0.0211246	-0.0039496	-0.0125648	
-1.33866	-1.4549	-1.48657	-1.4216	-1.2864	-1.10286	-0.888148	-0.664295	-0.445503	-0.247285	-0.0882745	0.0146944	0.0519584	0.0439045	0.0248852	0.0012884	-0.0282965	-0.0416335	-0.0219698	0.0161706	0.0457256	0.0491895	0.0285686	0.00413017	-0.0053441	
-1.44258	-1.55034	-1.56961	-1.49074	-1.33443	-1.11908	-0.870533	-0.616935	-0.372782	-0.152345	0.025968	0.139946	0.177345	0.162783	0.130697	0.0861922	0.0330032	-0.00221859	-0.000924703	0.0260445	0.0514706	0.0531252	0.0329637	0.0122128	0.00281561	
-1.48903	-1.58162	-1.58554	-1.49233	-1.31916	-1.0826	-0.814408	-0.545702	-0.291041	-0.0625307	0.123089	0.240245	0.276193	0.257266	0.21422	0.152067	0.0808911	0.0287826	0.013779	0.0296103	0.0509049	0.0523959	0.0357171	0.0208096	0.0117156	
-1.46951	-1.54199	-1.53072	-1.43326	-1.257	-1.01425	-0.742301	-0.473432	-0.220855	0.00601475	0.191801	0.30926	0.346771	0.328662	0.278621	0.203502	0.120469	0.0561074	0.0262499	0.0299911	0.0460177	0.0483713	0.0377007	0.0298381	0.0207372	
-1.38023	-1.4358	-1.42283	-1.33547	-1.16909	-0.936319	-0.67654	-0.418452	-0.174739	0.0457444	0.228448	0.347013	0.391744	0.380516	0.327913	0.245044	0.155948	0.0831618	0.0393982	0.0295285	0.0384213	0.0421701	0.0393776	0.0387336	0.0289694	
-1.23834	-1.28849	-1.28521	-1.21967	-1.07745	-0.869397	-0.631523	-0.389191	-0.15706	0.0555807	0.234911	0.357576	0.41553	0.416393	0.365567	0.280377	0.190236	0.111936	0.055045	0.030026	0.0296651	0.0348658	0.0408755	0.046567	0.0353695	
-1.06918	-1.12153	-1.14066	-1.10795	-0.998214	-0.822567	-0.611918	-0.387546	-0.166636	0.0392547	0.216293	0.346334	0.422199	0.438817	0.394048	0.312071	0.224908	0.143184	0.074139	0.0329744	0.0214562	0.0275914	0.0420243	0.0521908	0.0389554	
-0.894469	-0.960668	-1.00886	-1.00947	-0.935899	-0.79864	-0.617243	-0.409574	-0.198031	0.00215156	0.178087	0.318408	0.41476	0.449056	0.414787	0.341589	0.260389	0.176717	0.0969775	0.039696	0.0157407	0.0215415	0.0424014	0.0544304	0.0390082	
-0.737004	-0.817954	-0.893693	-0.927383	-0.89274	-0.794355	-0.640276	-0.448545	-0.246079	-0.0508246	0.125705	0.27813	0.394785	0.447336	0.428473	0.369413	0.296159	0.211694	0.123405	0.0513953	0.0146246	0.0178913	0.041429	0.0523252	0.0352533	
-0.599828	-0.698059	-0.799537	-0.861031	-0.862436	-0.801173	-0.674136	-0.499243	-0.30584	-0.114754	0.0636977	0.228267	0.362717	0.433583	0.435331	0.395054	0.330956	0.24693	0.152992	0.0691099	0.0201367	0.017669	0.0385575	0.0454	0.0279787	
-0.491352	-0.603904	-0.71922	-0.802469	-0.839536	-0.813552	-0.712515	-0.55564	-0.372773	-0.186172	-0.00481122	0.17049	0.318707	0.407914	0.435126	0.417074	0.363025	0.281165	0.185174	0.0935706	0.0338719	0.0216282	0.0335393	0.0339257	0.0180526	
-0.40686	-0.52374	-0.647251	-0.75137	-0.819787	-0.823462	-0.74873	-0.613788	-0.444279	-0.262227	-0.0772454	0.105627	0.262945	0.370905	0.427196	0.433212	0.39036	0.313265	0.219345	0.125	0.0565871	0.030169	0.0267517	0.0191079	0.00682829	
-0.338562	-0.457917	-0.583779	-0.702441	-0.7954	-0.825879	-0.780335	-0.671066	-0.517055	-0.339883	-0.152308	0.0336138	0.196363	0.323826	0.410361	0.44058	0.410965	0.34235	0.254877	0.162875	0.087859	0.0433498	0.0194835	0.00313813	-0.00404852	
-0.289333	-0.399554	-0.521235	-0.652814	-0.765137	-0.819343	-0.804559	-0.723681	-0.587782	-0.417266	-0.229943	-0.0453728	0.121106	0.268162	0.382818	0.436149	0.423144	0.367752	0.29101	0.205732	0.125943	0.0609977	0.0140594	-0.0109477	-0.0128757	
-0.244805	-0.342661	-0.464518	-0.603898	-0.725897	-0.801611	-0.81934	-0.768868	-0.653783	-0.492925	-0.310219	-0.130374	0.0399862	0.205013	0.342529	0.417461	0.425629	0.388799	0.326647	0.251091	0.167935	0.0828869	0.013679	-0.0196265	-0.018105	
-0.206389	-0.295483	-0.412819	-0.549926	-0.677254	-0.77453	-0.823647	-0.803655	-0.712028	-0.565561	-0.393181	-0.219624	-0.0440798	0.134818	0.287849	0.383205	0.417548	0.404497	0.360099	0.295577	0.210283	0.108911	0.0219003	-0.0194334	-0.0184676	
-0.175899	-0.251237	-0.361937	-0.493877	-0.623187	-0.738539	-0.815703	-0.825262	-0.759852	-0.634517	-0.478205	-0.31018	-0.128802	0.0571521	0.218233	0.333646	0.398284	0.413185	0.388834	0.335288	0.249555	0.139147	0.0418016	-0.00761774	-0.0130072	
-0.143765	-0.213884	-0.318119	-0.436083	-0.563749	-0.695317	-0.795087	-0.831044	-0.795789	-0.699404	-0.562569	-0.398358	-0.213711	-0.0289111	0.135088	0.270644	0.367181	0.412303	0.409425	0.366387	0.28326	0.173728	0.0749948	0.0172135	-0.0010742	
-0.123499	-0.18919	-0.273697	-0.375471	-0.506093	-0.647076	-0.759092	-0.820317	-0.820715	-0.757941	-0.641047	-0.481728	-0.300448	-0.123353	0.042072	0.196909	0.323283	0.398512	0.417815	0.385787	0.310386	0.212481	0.120785	0.0546003	0.0176064	
-0.116121	-0.164101	-0.228894	-0.324144	-0.453127	-0.589339	-0.708807	-0.797446	-0.834151	-0.804503	-0.708749	-0.560458	-0.390795	-0.223917	-0.0559746	0.114953	0.2655	0.368233	0.409908	0.391713	0.33137	0.254416	0.17579	0.101998	0.0426959	
-0.111005	-0.143101	-0.196337	-0.283203	-0.398912	-0.524748	-0.652168	-0.764563	-0.832256	-0.834267	-0.763507	-0.635453	-0.484378	-0.32653	-0.154729	0.0265184	0.19305	0.318406	0.382473	0.383931	0.347355	0.297211	0.234237	0.154873	0.0728249	
-0.115703	-0.134287	-0.175322	-0.24986	-0.347306	-0.4612	-0.592877	-0.721122	-0.813594	-0.845216	-0.80427	-0.706467	-0.578279	-0.426488	-0.251483	-0.0675775	0.105836	0.247461	0.334222	0.363448	0.358839	0.336918	0.288918	0.207136	0.105155	
-0.134287	-0.139308	-0.171586	-0.228587	-0.300931	-0.402649	-0.534947	-0.669781	-0.778348	-0.836414	-0.831353	-0.771874	-0.666886	-0.519436	-0.345841	-0.167391	0.00487641	0.1564	0.266565	0.331585	0.364246	0.368086	0.332492	0.251835	0.135229	
-0.175322	-0.171586	-0.187948	-0.214114	-0.264929	-0.360006	-0.48326	-0.611049	-0.727656	-0.811381	-0.846747	-0.826671	-0.742541	-0.603245	-0.439713	-0.273008	-0.107154	0.0493561	0.183477	0.288771	0.359137	0.384344	0.358614	0.282027	0.157447	
-0.24986	-0.228587	-0.214114	-0.215904	-0.258862	-0.33785	-0.434601	-0.548321	-0.6702	-0.777371	-0.849657	-0.862581	-0.799598	-0.679216	-0.535252	-0.383205	-0.225914	-0.0669034	0.0903405	0.233663	0.336665	0.379253	0.362448	0.29174	0.16631	
-0.347305	-0.300931	-0.264929	-0.258862	-0.284302	-0.327065	-0.39458	-0.495871	-0.616844	-0.738698	-0.836374	-0.873796	-0.837931	-0.749844	-0.632002	-0.49503	-0.346037	-0.184443	-0.00794228	0.163117	0.289314	0.347176	0.340479	0.276885	0.158134	
-0.4612	-0.402649	-0.360006	-0.33785	-0.327065	-0.335574	-0.381953	-0.464561	-0.573892	-0.698461	-0.80564	-0.861623	-0.861952	-0.81535	-0.726058	-0.604313	-0.461772	-0.296403	-0.109019	0.0732525	0.211409	0.283953	0.290016	0.235978	0.132527	
-0.592877	-0.534947	-0.48326	-0.434601	-0.39458	-0.381953	-0.40365	-0.458676	-0.549458	-0.660799	-0.761477	-0.835448	-0.877359	-0.872279	-0.811406	-0.706019	-0.567795	-0.399709	-0.214256	-0.0385646	0.101258	0.187357	0.209129	0.170459	0.0927226	
-0.721122	-0.669781	-0.611049	-0.548321	-0.495871	-0.464561	-0.458676	-0.486977	-0.549321	-0.629213	-0.717125	-0.810448	-0.887216	-0.915117	-0.882165	-0.794569	-0.6609	-0.496986	-0.327815	-0.171824	-0.0382866	0.0575669	0.0976156	0.0844167	0.0442387	
-0.813594	-0.778348	-0.727656	-0.6702	-0.616844	-0.573892	-0.549458	-0.549321	-0.570262	-0.615178	-0.694662	-0.798459	-0.890892	-0.940931	-0.934323	-0.865122	-0.742305	-0.595735	-0.453716	-0.322574	-0.20118	-0.101931	-0.0411405	-0.0163621	-0.00772727	
-0.845216	-0.836414	-0.811381	-0.777371	-0.738698	-0.698461	-0.660799	-0.629213	-0.615178	-0.639575	-0.708659	-0.80153	-0.890172	-0.952565	-0.966166	-0.916851	-0.818697	-0.704082	-0.592888	-0.485393	-0.380238	-0.283118	-0.198729	-0.12577	-0.0606941	
-0.80427	-0.831353	-0.846747	-0.849657	-0.836374	-0.80564	-0.761477	-0.717125	-0.694662	-0.708659	-0.754407	-0.819657	-0.893374	-0.955741	-0.980257	-0.956936	-0.899461	-0.825393	-0.742841	-0.656142	-0.568006	-0.473045	-0.362365	-0.238445	-0.115239	
-0.706467	-0.771874	-0.826671	-0.862581	-0.873796	-0.861623	-0.835448	-0.810448	-0.798459	-0.80153	-0.819657	-0.856349	-0.907639	-0.956592	-0.988237	-0.999729	-0.990543	-0.956547	-0.900149	-0.832392	-0.755899	-0.655925	-0.518176	-0.349662	-0.172565	
-0.578279	-0.666886	-0.742541	-0.799598	-0.837931	-0.861952	-0.877359	-0.887216	-0.890892	-0.890172	-0.893374	-0.907639	-0.932349	-0.965935	-1.00995	-1.05813	-1.09103	-1.09203	-1.06218	-1.01024	-0.933534	-0.81796	-0.655407	-0.453979	-0.230833	
-0.426488	-0.519436	-0.603245	-0.679216	-0.749844	-0.81535	-0.872279	-0.915117	-0.940931	-0.952565	-0.955741	-0.956592	-0.965935	-0.998888	-1.06062	-1.13535	-1.19712	-1.22872	-1.22462	-1.18068	-1.09065	-0.952186	-0.768581	-0.543983	-0.283429	
-0.251483	-0.345841	-0.439713	-0.535252	-0.632002	-0.726058	-0.811406	-0.882165	-0.934323	-0.966166	-0.980257	-0.988237	-1.00995	-1.06062	-1.13821	-1.22657	-1.30747	-1.36408	-1.37737	-1.33061	-1.2208	-1.05914	-0.85621	-0.61124	-0.32144	
-0.0675775	-0.167391	-0.273008	-0.383205	-0.49503	-0.604313	-0.706019	-0.794569	-0.865122	-0.916851	-0.956936	-0.999729	-1.05813	-1.13535	-1.22657	-1.325	-1.41986	-1.48944	-1.50519	-1.44865	-1.32251	-1.14207	-0.917884	-0.650038	-0.339222	
0.105836	0.00487641	-0.107154	-0.225914	-0.346037	-0.461772	-0.567795	-0.6609	-0.742305	-0.818697	-0.899461	-0.990543	-1.09103	-1.19712	-1.30747	-1.41986	-1.52157	-1.58797	-1.59441	-1.52937	-1.3954	-1.20062	-0.952995	-0.661528	-0.33876	
0.247461	0.1564	0.0493561	-0.0669034	-0.184443	-0.296403	-0.399709	-0.496986	-0.595735	-0.704082	-0.825393	-0.956547	-1.09203	-1.22872	-1.36408	-1.48944	-1.58797	-1.64145	-1.63771	-1.57032	-1.43456	-1.22894	-0.962012	-0.65425	-0.328872	
0.334222	0.266565	0.183477	0.0903405	-0.00794228	-0.109019	-0.214256	-0.327815	-0.453716	-0.592888	-0.742841	-0.900149	-1.06218	-1.22462	-1.37737	-1.50519	-1.59441	-1.63771	-1.63071	-1.56516	-1.42962	-1.21974	-0.947671	-0.63912	-0.319228	
0.363448	0.331585	0.288771	0.233663	0.163117	0.0732525	-0.0385646	-0.171824	-0.322574	-0.485393	-0.656142	-0.832392	-1.01024	-1.18068	-1.33061	-1.44865	-1.52937	-1.57032	-1.56516	-1.50196	-1.37005	-1.16935	-0.913057	-0.621627	-0.313523	
0.358839	0.364246	0.359137	0.336665	0.289314	0.211409	0.101258	-0.0382866	-0.20118	-0.380238	-0.568006	-0.755899	-0.933534	-1.09065	-1.2208	-1.32251	-1.3954	-1.43456	-1.42962	-1.37005	-1.25172	-1.07819	-0.857146	-0.596874	-0.306798	
0.336918	0.368086	0.384344	0.379253	0.347176	0.283953	0.187357	0.0575669	-0.101931	-0.283118	-0.473045	-0.655925	-0.81796	-0.952186	-1.05914	-1.14207	-1.20062	-1.22894	-1.21974	-1.16935	-1.07819	-0.946673	-0.772065	-0.551347	-0.288572	
0.288918	0.332492	0.358614	0.362448	0.340479	0.290016	0.209129	0.0976156	-0.0411405	-0.198729	-0.362365	-0.518176	-0.655407	-0.768581	-0.85621	-0.917884	-0.952995	-0.962012	-0.947671	-0.913057	-0.857146	-0.772065	-0.64588	-0.47039	-0.249101	
0.207136	0.251835	0.282027	0.29174	0.276885	0.235978	0.170459	0.0844167	-0.0163621	-0.12577	-0.238445	-0.349662	-0.453979	-0.543983	-0.61124	-0.650038	-0.661528	-0.65425	-0.63912	-0.621627	-0.596874	-0.551347	-0.47039	-0.346602	-0.184524	
0.105155	0.135229	0.157447	0.16631	0.158134	0.132527	0.0927226	0.0442387	-0.00772727	-0.0606941	-0.115239	-0.172565	-0.230833	-0.283429	-0.32144	-0.339222	-0.33876	-0.328872	-0.319228	-0.313523	-0.306798	-0.288572	-0.249101	-0.184524	-0.0983812	
