-0.624739	-0.632326	-0.569248	-0.444987	-0.261169	-0.0243387	0.235481	0.480189	0.688735	0.854331	0.964352	0.996564	0.937302	0.798565	0.615893	0.431058	0.274921	0.160552	0.0862747	0.0428581	0.0197667	0.00849689	0.00341334	0.00127516	0.00040946	
-0.637389	-0.613557	-0.522706	-0.374132	-0.168824	0.0798875	0.336676	0.567553	0.758397	0.903252	0.98631	0.986218	0.896723	0.738531	0.551051	0.373615	0.231187	0.131193	0.0686052	0.0332104	0.0149445	0.00627482	0.00246487	0.000901807	0.000284671	
-0.635945	-0.579842	-0.462075	-0.289674	-0.0652117	0.189995	0.438167	0.651981	0.823148	0.944396	0.997061	0.963063	0.845104	0.671817	0.484332	0.317747	0.190561	0.104977	0.0533722	0.0251545	0.0110346	0.00452185	0.00173555	0.000621366	0.000192682	
-0.617881	-0.530173	-0.386659	-0.191508	0.0481845	0.30339	0.537638	0.731771	0.881147	0.975435	0.994519	0.926238	0.78309	0.600017	0.417444	0.264715	0.153716	0.082129	0.0405617	0.0185969	0.00794643	0.00317567	0.00119004	0.000416622	0.000126821	
-0.581424	-0.46398	-0.296036	-0.0802765	0.168933	0.417039	0.632808	0.805169	0.930233	0.993844	0.976876	0.875566	0.712028	0.525145	0.352183	0.215656	0.121143	0.0627232	0.0300676	0.0134003	0.00557338	0.00217061	0.000793621	0.000271499	8.10748e-05	
-0.525698	-0.38104	-0.190232	0.0423388	0.293691	0.52773	0.721537	0.870256	0.967877	0.997073	0.942892	0.811724	0.633961	0.449511	0.290295	0.171497	0.0931186	0.0466858	0.0217067	0.00939722	0.00380177	0.00144202	0.00051409	0.00017175	5.02818e-05	
-0.450662	-0.281409	-0.0700541	0.173404	0.418432	0.632377	0.801825	0.924806	0.991226	0.982844	0.892191	0.736357	0.551529	0.375544	0.233333	0.132884	0.0696913	0.0338105	0.0152376	0.00640393	0.0025186	0.000929862	0.000323061	0.000105342	3.02179e-05	
-0.356853	-0.165539	0.0624915	0.308719	0.538868	0.728255	0.871669	0.966146	0.997309	0.949542	0.825534	0.652072	0.467791	0.305591	0.182527	0.100139	0.0506952	0.0237854	0.0103846	0.0042346	0.00161819	0.000581233	0.0001967	6.25705e-05	1.75774e-05	
-0.245148	-0.0346505	0.203829	0.443116	0.650952	0.813067	0.928815	0.991153	0.983406	0.896659	0.744987	0.562302	0.385949	0.241692	0.138688	0.0732568	0.0357801	0.0162272	0.00686026	0.00271307	0.00100693	0.000351724	0.000115897	3.59503e-05	9.88579e-06	
-0.116776	0.108699	0.348736	0.571084	0.751321	0.884753	0.970498	0.996469	0.947607	0.825184	0.653914	0.471014	0.30904	0.1854	0.102153	0.0519282	0.0244597	0.0107189	0.00438635	0.0016818	0.000606015	0.000205792	6.60044e-05	1.99584e-05	5.37016e-06	
0.0263446	0.260081	0.490734	0.687574	0.837429	0.941084	0.993346	0.979005	0.889436	0.737839	0.556742	0.382304	0.239617	0.13765	0.0727989	0.0356029	0.0161684	0.00684454	0.00271046	0.00100729	0.000352314	0.000116282	3.62937e-05	1.06953e-05	2.81491e-06	
0.1809	0.413007	0.622997	0.788677	0.907272	0.979219	0.993642	0.936717	0.810398	0.63902	0.458523	0.299936	0.179505	0.0987128	0.0501005	0.0235687	0.0103177	0.00421865	0.00161642	0.000582151	0.000197613	6.33829e-05	1.92485e-05	5.52701e-06	1.42252e-06	
0.341321	0.559445	0.739574	0.871846	0.958724	0.995509	0.968037	0.869484	0.714249	0.534416	0.364315	0.226914	0.129645	0.0682419	0.0332368	0.0150395	0.00634651	0.00250624	0.000929103	0.000324264	0.000106821	3.32935e-05	9.83699e-06	2.75196e-06	6.92509e-07	
0.499395	0.691242	0.836413	0.935368	0.988811	0.985881	0.914662	0.779814	0.606816	0.430298	0.27854	0.165166	0.0900889	0.0453948	0.021219	0.00923651	0.00375754	0.00143326	0.000514109	0.000173885	5.55921e-05	1.68373e-05	4.84013e-06	1.31921e-06	3.24533e-07	
0.645222	0.802035	0.91148	0.977238	0.993475	0.946942	0.834322	0.673065	0.495306	0.332637	0.204433	0.115422	0.0601176	0.0290066	0.0130161	0.00545184	0.0021386	0.000788075	0.000273564	8.96811e-05	2.7829e-05	8.19142e-06	2.2912e-06	6.08443e-07	1.46318e-07	
0.769737	0.888523	0.963611	0.9941	0.968318	0.877589	0.731291	0.556941	0.387225	0.246248	0.143719	0.0772915	0.0384596	0.0177769	0.00766109	0.00308882	0.00116874	0.000416196	0.00013985	4.44468e-05	1.33897e-05	3.83101e-06	1.04281e-06	2.69843e-07	6.3434e-08	
0.867496	0.94988	0.990617	0.981239	0.91042	0.780513	0.61323	0.440304	0.289155	0.174175	0.0965911	0.0495125	0.0235521	0.0104351	0.00432138	0.00167796	0.000612679	0.000210926	6.86311e-05	2.11528e-05	6.18804e-06	1.72141e-06	4.56098e-07	1.15025e-07	2.6434e-08	
0.937317	0.985246	0.988156	0.934262	0.820582	0.662778	0.490048	0.331582	0.205754	0.117481	0.0619576	0.0302976	0.0137885	0.00586041	0.00233364	0.000873191	0.000307838	0.000102504	3.23105e-05	9.6611e-06	2.74546e-06	7.42796e-07	1.91623e-07	4.71098e-08	1.0585e-08	
0.97956	0.991201	0.950848	0.851999	0.704796	0.53495	0.371976	0.237275	0.139243	0.0754423	0.0378788	0.0176887	0.00770931	0.00314589	0.0012055	0.000434969	0.000148149	4.77397e-05	1.4585e-05	4.23272e-06	1.16892e-06	3.07696e-07	7.73121e-08	1.85337e-08	4.07208e-09	
0.992051	0.961882	0.875666	0.73904	0.573897	0.408928	0.267504	0.161026	0.0894826	0.0460668	0.0220485	0.00984419	0.00411313	0.001613	0.000595312	0.000207293	6.82575e-05	2.12989e-05	6.31029e-06	1.7783e-06	4.77469e-07	1.22331e-07	2.99483e-08	7.00288e-09	1.50485e-09	
0.968839	0.892647	0.765663	0.606165	0.441255	0.295252	0.181911	0.103493	0.0545466	0.0267234	0.0122098	0.00521878	0.00209284	0.000789549	0.000280915	9.44755e-05	3.00973e-05	9.10014e-06	2.61614e-06	7.16299e-07	1.87077e-07	4.66728e-08	1.11374e-08	2.54116e-09	5.34211e-10	
0.903951	0.785051	0.63137	0.468035	0.319449	0.200978	0.11683	0.0629357	0.0315173	0.0147188	0.00642942	0.0026344	0.00101519	0.000368842	0.000126631	4.11683e-05	1.26984e-05	3.72293e-06	1.03918e-06	2.76599e-07	7.03049e-08	1.70878e-08	3.97629e-09	8.85603e-10	1.82178e-10	
0.797653	0.649364	0.488605	0.339196	0.217372	0.128839	0.070812	0.0361942	0.0172553	0.00769485	0.00321858	0.00126598	0.000469393	0.000164421	5.45247e-05	1.71506e-05	5.12614e-06	1.45832e-06	3.95493e-07	1.02395e-07	2.53431e-08	6.00389e-09	1.36299e-09	2.96443e-10	5.96898e-11	
0.660137	0.502528	0.353792	0.230355	0.138907	0.0777487	0.0404968	0.0196827	0.00895069	0.00381824	0.00153171	0.000579174	0.000206873	6.99427e-05	2.24258e-05	6.83106e-06	1.98006e-06	5.47e-07	1.44225e-07	3.63435e-08	8.76385e-09	2.0247e-09	4.48636e-10	9.53264e-11	1.87934e-11	
0.509548	0.362744	0.239344	0.146508	0.0833496	0.044169	0.0218556	0.0101232	0.00439984	0.00179862	0.000693088	0.000252288	8.69203e-05	2.83964e-05	8.81203e-06	2.60174e-06	7.31959e-07	1.96501e-07	5.04057e-08	1.23703e-08	2.9079e-09	6.55487e-10	1.41833e-10	2.94547e-11	5.68748e-12	
0.36576	0.243939	0.151238	0.0872835	0.0469796	0.0236331	0.0111362	0.00492635	0.0020504	0.000804615	0.000298293	0.000104671	3.4827e-05	1.10063e-05	3.30898e-06	9.47806e-07	2.59018e-07	6.76235e-08	1.68876e-08	4.03877e-09	9.26036e-10	2.03779e-10	4.30787e-11	8.74757e-12	1.65489e-12	
0.243939	0.152843	0.0893125	0.048745	0.0248935	0.0119187	0.00536091	0.00226977	0.000906374	0.000342007	0.000122165	4.13799e-05	1.33127e-05	4.07423e-06	1.18785e-06	3.30375e-07	8.77714e-08	2.23013e-08	5.42558e-09	1.26526e-09	2.83127e-10	6.08537e-11	1.25745e-11	2.49778e-12	4.63127e-13	
0.151238	0.0893125	0.0493471	0.0255473	0.0124134	0.00567107	0.00244034	0.000990889	0.000380319	0.000138215	4.76378e-05	1.5596e-05	4.85717e-06	1.44103e-06	4.07817e-07	1.10233e-07	2.84928e-08	7.05074e-09	1.67218e-09	3.80478e-10	8.31386e-11	1.74625e-11	3.52873e-12	6.85983e-13	1.24702e-13	
0.0872835	0.048745	0.0255473	0.0125826	0.00583262	0.00254864	0.00105148	0.000410244	0.000151603	5.31449e-05	1.76987e-05	5.60743e-06	1.69245e-06	4.87256e-07	1.33976e-07	3.52238e-08	8.86489e-09	2.13797e-09	4.94613e-10	1.09872e-10	2.34568e-11	4.81721e-12	9.52408e-13	1.81275e-13	3.2319e-14	
0.0469796	0.0248935	0.0124134	0.00583262	0.00258577	0.00108313	0.000429301	0.000161232	5.74599e-05	1.9458e-05	6.26952e-06	1.92456e-06	5.63548e-07	1.57598e-07	4.21391e-08	1.07848e-08	2.64476e-09	6.22075e-10	1.40474e-10	3.04822e-11	6.3617e-12	1.27803e-12	2.47336e-13	4.61116e-14	8.0657e-15	
0.0236331	0.0119187	0.00567107	0.00254864	0.00108313	0.000435844	0.000166271	6.02135e-05	2.07261e-05	6.78938e-06	2.11915e-06	6.30995e-07	1.7944e-07	4.87891e-08	1.26968e-08	3.16579e-09	7.5702e-10	1.73772e-10	3.83258e-11	8.12864e-12	1.65928e-12	3.26244e-13	6.18314e-14	1.1296e-14	1.93916e-15	
0.0111362	0.00536091	0.00244034	0.00105148	0.000429301	0.000166271	6.116e-05	2.13905e-05	7.12159e-06	2.2596e-06	6.84025e-07	1.97774e-07	5.46743e-08	1.44664e-08	3.66713e-09	8.91457e-10	2.08008e-10	4.66281e-11	1.00502e-11	2.08459e-12	4.1641e-13	8.01694e-14	1.48864e-14	2.6661e-15	4.49338e-16	
0.00492635	0.00226977	0.000990889	0.000410244	0.000161232	6.02135e-05	2.13905e-05	7.23587e-06	2.33326e-06	7.17945e-07	2.11019e-07	5.93053e-08	1.59526e-08	4.11104e-09	1.01591e-09	2.40952e-10	5.48977e-11	1.20251e-11	2.53446e-12	5.14375e-13	1.006e-13	1.89737e-14	3.45333e-15	6.06558e-16	1.00397e-16	
0.0020504	0.000906374	0.000380319	0.000151603	5.74599e-05	2.07261e-05	7.12159e-06	2.33326e-06	7.29619e-07	2.17969e-07	6.2269e-08	1.70269e-08	4.46047e-09	1.12046e-09	2.70124e-10	6.25521e-11	1.39248e-11	2.9823e-12	6.14973e-13	1.22187e-13	2.34084e-14	4.32703e-15	7.72263e-16	1.33082e-16	2.16402e-17	
0.000804615	0.000342007	0.000138215	5.31449e-05	1.9458e-05	6.78938e-06	2.2596e-06	7.17945e-07	2.17969e-07	6.32893e-08	1.75907e-08	4.68415e-09	1.19605e-09	2.93088e-10	6.8982e-11	1.56065e-11	3.39662e-12	7.11677e-13	1.43658e-13	2.79572e-14	5.24891e-15	9.51358e-16	1.66567e-16	2.81729e-17	4.50197e-18	
0.000298293	0.000122165	4.76378e-05	1.76987e-05	6.26952e-06	2.11915e-06	6.84025e-07	2.11019e-07	6.2269e-08	1.75907e-08	4.76117e-09	1.23572e-09	3.07789e-10	7.36299e-11	1.69301e-11	3.74454e-12	7.97237e-13	1.63508e-13	3.23258e-14	6.16476e-15	1.1348e-15	2.0176e-16	3.46674e-17	5.75725e-18	9.04385e-19	
0.000104671	4.13799e-05	1.5596e-05	5.60743e-06	1.92456e-06	6.30995e-07	1.97774e-07	5.93053e-08	1.70269e-08	4.68415e-09	1.23572e-09	3.1285e-10	7.60695e-11	1.77773e-11	3.99597e-12	8.64551e-13	1.80166e-13	3.61882e-14	7.01068e-15	1.31078e-15	2.36674e-16	4.12938e-17	6.966e-18	1.13628e-18	1.75518e-19	
3.4827e-05	1.33127e-05	4.85717e-06	1.69245e-06	5.63548e-07	1.7944e-07	5.46743e-08	1.59526e-08	4.46047e-09	1.19605e-09	3.07789e-10	7.60695e-11	1.8069e-11	4.12792e-12	9.07625e-13	1.922e-13	3.92252e-14	7.7201e-15	1.46623e-15	2.68888e-16	4.76422e-17	8.16049e-18	1.35203e-18	2.16695e-19	3.29241e-20	
1.10063e-05	4.07423e-06	1.44103e-06	4.87256e-07	1.57598e-07	4.87891e-08	1.44664e-08	4.11104e-09	1.12046e-09	2.93088e-10	7.36299e-11	1.77773e-11	4.12792e-12	9.22452e-13	1.98514e-13	4.11679e-14	8.23232e-15	1.58838e-15	2.95881e-16	5.3244e-17	9.26119e-18	1.55793e-18	2.53601e-19	3.99502e-20	5.97224e-21	
3.30898e-06	1.18785e-06	4.07817e-07	1.33976e-07	4.21391e-08	1.26968e-08	3.66713e-09	1.01591e-09	2.70124e-10	6.8982e-11	1.69301e-11	3.99597e-12	9.07625e-13	1.98514e-13	4.18365e-14	8.50098e-15	1.66647e-15	3.15359e-16	5.76425e-17	1.01826e-17	1.7394e-18	2.87475e-19	4.5992e-20	7.12364e-21	1.04808e-21	
9.47806e-07	3.30375e-07	1.10233e-07	3.52238e-08	1.07848e-08	3.16579e-09	8.91457e-10	2.40952e-10	6.25521e-11	1.56065e-11	3.74454e-12	8.64551e-13	1.922e-13	4.11679e-14	8.50098e-15	1.69335e-15	3.25571e-16	6.04533e-17	1.08471e-17	1.88177e-18	3.15802e-19	5.12961e-20	8.06855e-21	1.22914e-21	1.78028e-22	
2.59018e-07	8.77714e-08	2.84928e-08	8.86489e-09	2.64476e-09	7.5702e-10	2.08008e-10	5.48977e-11	1.39248e-11	3.39662e-12	7.97237e-13	1.80166e-13	3.92252e-14	8.23232e-15	1.66647e-15	3.25571e-16	6.14203e-17	1.11954e-17	1.97271e-18	3.36214e-19	5.54532e-20	8.85555e-21	1.36992e-21	2.05317e-22	2.92832e-23	
6.76235e-08	2.23013e-08	7.05074e-09	2.13797e-09	6.22075e-10	1.73772e-10	4.66281e-11	1.20251e-11	2.9823e-12	7.11677e-13	1.63508e-13	3.61882e-14	7.7201e-15	1.58838e-15	3.15359e-16	6.04533e-17	1.11954e-17	2.00398e-18	3.46908e-19	5.81068e-20	9.42219e-21	1.4798e-21	2.25209e-22	3.32173e-23	4.66635e-24	
1.68876e-08	5.42558e-09	1.67218e-09	4.94613e-10	1.40474e-10	3.83258e-11	1.00502e-11	2.53446e-12	6.14973e-13	1.43658e-13	3.23258e-14	7.01068e-15	1.46623e-15	2.95881e-16	5.76425e-17	1.08471e-17	1.97271e-18	3.46908e-19	5.90192e-20	9.7189e-21	1.54989e-21	2.39469e-22	3.58649e-23	5.2074e-24	7.20709e-25	
4.03877e-09	1.26526e-09	3.80478e-10	1.09872e-10	3.04822e-11	8.12864e-12	2.08459e-12	5.14375e-13	1.22187e-13	2.79572e-14	6.16476e-15	1.31078e-15	2.68888e-16	5.3244e-17	1.01826e-17	1.88177e-18	3.36214e-19	5.81068e-20	9.7189e-21	1.57398e-21	2.46932e-22	3.75456e-23	5.53528e-24	7.9138e-25	1.07933e-25	
9.26036e-10	2.83127e-10	8.31386e-11	2.34568e-11	6.3617e-12	1.65928e-12	4.1641e-13	1.006e-13	2.34084e-14	5.24891e-15	1.1348e-15	2.36674e-16	4.76422e-17	9.26119e-18	1.7394e-18	3.15802e-19	5.54532e-20	9.42219e-21	1.54989e-21	2.46932e-22	3.81231e-23	5.70596e-24	8.28308e-25	1.16639e-25	1.568e-26	
2.03779e-10	6.08537e-11	1.74625e-11	4.81721e-12	1.27803e-12	3.26244e-13	8.01694e-14	1.89737e-14	4.32703e-15	9.51358e-16	2.0176e-16	4.12938e-17	8.16049e-18	1.55793e-18	2.87475e-19	5.12961e-20	8.85555e-21	1.4798e-21	2.39469e-22	3.75456e-23	5.70596e-24	8.40913e-25	1.2023e-25	1.66797e-26	2.21064e-27	
4.30787e-11	1.25745e-11	3.52873e-12	9.52408e-13	2.47336e-13	6.18314e-14	1.48864e-14	3.45333e-15	7.72263e-16	1.66567e-16	3.46674e-17	6.966e-18	1.35203e-18	2.53601e-19	4.5992e-20	8.06855e-21	1.36992e-21	2.25209e-22	3.58649e-23	5.53528e-24	8.28308e-25	1.2023e-25	1.69352e-26	2.31522e-27	3.02584e-28	
8.74757e-12	2.49778e-12	6.85983e-13	1.81275e-13	4.61116e-14	1.1296e-14	2.6661e-15	6.06558e-16	1.33082e-16	2.81729e-17	5.75725e-18	1.13628e-18	2.16695e-19	3.99502e-20	7.12364e-21	1.22914e-21	2.05317e-22	3.32173e-23	5.2074e-24	7.9138e-25	1.16639e-25	1.66797e-26	2.31522e-27	3.11983e-28	4.02167e-29	
1.65489e-12	4.63127e-13	1.24702e-13	3.2319e-14	8.0657e-15	1.93916e-15	4.49338e-16	1.00397e-16	2.16402e-17	4.50197e-18	9.04385e-19	1.75518e-19	3.29241e-20	5.97224e-21	1.04808e-21	1.78028e-22	2.92832e-23	4.66635e-24	7.20709e-25	1.07933e-25	1.568e-26	2.21064e-27	3.02584e-28	4.02167e-29	5.11639e-30	
