-0.133216	-0.143534	-0.192976	-0.274352	-0.380622	-0.493208	-0.575343	-0.600451	-0.56513	-0.468367	-0.304563	-0.0838111	0.161363	0.397657	0.608292	0.784112	0.907278	0.953049	0.907978	0.783767	0.613745	0.436863	0.282112	0.161575	0.0719492	
-0.134226	-0.160203	-0.22431	-0.316192	-0.426737	-0.531185	-0.593039	-0.594036	-0.535228	-0.414493	-0.229025	0.003686	0.248229	0.475709	0.673846	0.832772	0.932108	0.948849	0.876431	0.734045	0.55842	0.386799	0.243628	0.136591	0.059912	
-0.141525	-0.184951	-0.262608	-0.362861	-0.473333	-0.563808	-0.601545	-0.577188	-0.494035	-0.348849	-0.143629	0.0968736	0.336859	0.553143	0.736789	0.875917	0.948252	0.934388	0.835729	0.678353	0.500796	0.337215	0.206953	0.113469	0.0489831	
-0.157274	-0.218288	-0.307414	-0.412884	-0.517677	-0.588234	-0.59898	-0.54861	-0.440407	-0.271059	-0.0492794	0.194146	0.425801	0.628722	0.795592	0.911625	0.953971	0.908813	0.786123	0.617698	0.442083	0.2891	0.17271	0.0925144	0.0392732	
-0.183061	-0.26004	-0.357652	-0.46395	-0.556425	-0.601659	-0.583727	-0.507099	-0.373409	-0.181317	0.0525019	0.293611	0.513553	0.701059	0.84844	0.937802	0.947682	0.871703	0.728338	0.553413	0.383602	0.243403	0.141417	0.0739393	0.0308407	
-0.219588	-0.309261	-0.411469	-0.51284	-0.585859	-0.601579	-0.554471	-0.451564	-0.292495	-0.0805626	0.159607	0.393221	0.598587	0.768554	0.893212	0.952292	0.928135	0.823191	0.663599	0.487098	0.326709	0.200973	0.113461	0.0578516	0.0236905	
-0.266356	-0.364146	-0.466089	-0.555507	-0.602263	-0.586017	-0.510172	-0.381098	-0.197749	0.0294082	0.269465	0.490905	0.679327	0.829309	0.927517	0.953058	0.894601	0.764061	0.593601	0.420529	0.272706	0.162503	0.0890762	0.0442544	0.0177782	
-0.32149	-0.422028	-0.517742	-0.587355	-0.602367	-0.553625	-0.449998	-0.295144	-0.0901544	0.14594	0.379253	0.58468	0.754067	0.881056	0.948807	0.938411	0.847069	0.695786	0.52043	0.355539	0.222748	0.128489	0.0683342	0.0330536	0.0130164	
-0.381949	-0.479386	-0.561695	-0.60373	-0.58375	-0.503638	-0.373308	-0.193799	0.0281915	0.265673	0.48615	0.672669	0.820837	0.921155	0.954588	0.907297	0.786391	0.620501	0.446429	0.293881	0.177761	0.0991972	0.051152	0.0240722	0.00928571	
-0.443828	-0.531739	-0.592529	-0.60059	-0.545068	-0.435705	-0.279766	-0.0781839	0.154013	0.384856	0.587561	0.753013	0.877262	0.946695	0.942739	0.859568	0.714354	0.540887	0.374016	0.237095	0.138381	0.0746638	0.0373092	0.0170709	0.00644598	
-0.502442	-0.573648	-0.604789	-0.575146	-0.485996	-0.349712	-0.169673	0.0491945	0.283036	0.499767	0.681222	0.823678	0.920489	0.954752	0.911899	0.796212	0.633644	0.459972	0.305489	0.186381	0.104915	0.0547069	0.0264776	0.0117722	0.00434858	
-0.552396	-0.599095	-0.593865	-0.52622	-0.406901	-0.245802	-0.044475	0.184298	0.410444	0.607109	0.765106	0.8822	0.947271	0.942806	0.861867	0.719455	0.547673	0.380867	0.242818	0.142519	0.0773434	0.038962	0.0182573	0.00788387	0.00284733	
-0.587836	-0.602157	-0.556822	-0.454171	-0.308479	-0.124721	0.0927158	0.321777	0.531524	0.704219	0.837129	0.925529	0.954279	0.909281	0.793915	0.632698	0.460279	0.30647	0.187484	0.105829	0.0553543	0.0269318	0.0122148	0.00512081	0.00180726	
-0.602587	-0.577902	-0.492953	-0.36043	-0.191618	0.0115251	0.23687	0.455623	0.642289	0.788954	0.894754	0.95008	0.938676	0.854095	0.710922	0.540254	0.375348	0.239189	0.14037	0.0761874	0.0384018	0.0180422	0.00791858	0.00322189	0.00111067	
-0.590397	-0.52358	-0.403817	-0.246831	-0.0577144	0.158943	0.381335	0.580128	0.739801	0.859236	0.934703	0.95216	0.898851	0.77908	0.617245	0.4469	0.296393	0.180726	0.101734	0.0530896	0.0257856	0.0116979	0.00496773	0.00196128	0.000660154	
-0.54623	-0.439732	-0.292444	-0.115135	0.0904479	0.311163	0.518811	0.690804	0.821964	0.912442	0.953025	0.928754	0.835164	0.6881	0.518296	0.357329	0.226182	0.13196	0.0712545	0.0357538	0.0167345	0.00733087	0.00301226	0.00115382	0.000379093	
-0.468507	-0.330063	-0.161922	0.0325928	0.24758	0.459928	0.642775	0.784765	0.886788	0.944968	0.945712	0.878546	0.750436	0.586778	0.419879	0.275581	0.166488	0.0929532	0.0481552	0.0232379	0.010483	0.00443505	0.00176344	0.000655328	0.000210123	
-0.360536	-0.199509	-0.0145781	0.192474	0.4054	0.596676	0.748731	0.860239	0.93145	0.952421	0.909851	0.802861	0.649975	0.481805	0.327418	0.204595	0.118	0.0630665	0.0313565	0.0145566	0.00633089	0.00258733	0.000995674	0.000359	0.00011232	
-0.229005	-0.0517346	0.146879	0.357094	0.553761	0.714677	0.834426	0.915303	0.951809	0.930637	0.845006	0.706144	0.540994	0.37998	0.245247	0.145953	0.0804006	0.0411546	0.019647	0.00877792	0.00368193	0.00145405	0.000541707	0.000189534	5.78583e-05	
-0.0797469	0.11105	0.316482	0.515466	0.683436	0.8104	0.898616	0.946593	0.942984	0.877385	0.754277	0.595663	0.431521	0.287194	0.176124	0.0998866	0.0525883	0.0257968	0.0118317	0.00509016	0.00206015	0.000786501	0.000283763	9.63655e-05	2.87026e-05	
0.0847447	0.284496	0.483179	0.65596	0.788927	0.882822	0.939026	0.949112	0.901151	0.794091	0.644499	0.480416	0.329065	0.207622	0.121071	0.0654887	0.0329789	0.0155153	0.00684138	0.00283587	0.0011081	0.000409154	0.00014302	4.71562e-05	1.37054e-05	
0.261578	0.458046	0.633261	0.77067	0.86887	0.930812	0.95108	0.917804	0.825905	0.686706	0.525297	0.369496	0.239421	0.143335	0.0795571	0.0410848	0.0198085	0.00894537	0.00379511	0.00151681	0.000572553	0.000204586	6.93185e-05	2.21986e-05	6.29637e-06	
0.440887	0.616284	0.756265	0.857404	0.923154	0.950617	0.928927	0.85046	0.721975	0.565121	0.407225	0.270439	0.165939	0.0943747	0.0499192	0.0246402	0.0113861	0.00494038	0.00201837	0.000778399	0.00028404	9.82776e-05	3.22943e-05	1.0049e-05	2.78214e-06	
0.605779	0.746285	0.848882	0.91685	0.949052	0.935988	0.868717	0.75039	0.599191	0.441169	0.299611	0.188066	0.109424	0.0592049	0.0298847	0.0141172	0.00625943	0.00261218	0.00102862	0.000383097	0.000135237	4.53389e-05	1.44574e-05	4.37329e-06	1.18213e-06	
0.741173	0.843632	0.912406	0.947333	0.940212	0.881674	0.77229	0.62712	0.470468	0.325958	0.208885	0.124124	0.0685959	0.0353645	0.0170599	0.00772285	0.00328959	0.00132179	0.000502161	0.000180767	6.17803e-05	2.00828e-05	6.21811e-06	1.82944e-06	4.82939e-07	
0.841859	0.910116	0.946075	0.942523	0.890226	0.78814	0.648763	0.494487	0.348634	0.227596	0.137867	0.0776991	0.0408586	0.0201054	0.0092834	0.00403283	0.0016523	0.000639936	0.000234788	8.17633e-05	2.70756e-05	8.54007e-06	2.56914e-06	7.35564e-07	1.89693e-07	
0.910116	0.945619	0.943528	0.895066	0.7984	0.664128	0.512794	0.366953	0.243483	0.150059	0.0861015	0.046117	0.0231198	0.0108774	0.00481488	0.00201002	0.000793114	0.000296414	0.00010513	3.54494e-05	1.13833e-05	3.48639e-06	1.01971e-06	2.84267e-07	7.16413e-08	
0.946075	0.943528	0.89663	0.803432	0.673295	0.525119	0.380394	0.255944	0.160161	0.0933997	0.0508784	0.0259537	0.0124285	0.00560061	0.00238035	0.000956253	0.000363839	0.000131363	4.50846e-05	1.47332e-05	4.59142e-06	1.36647e-06	3.88837e-07	1.05603e-07	2.60184e-08	
0.942523	0.895066	0.803432	0.67634	0.531314	0.388597	0.264514	0.167722	0.09923	0.0548912	0.0284538	0.0138532	0.006349	0.00274502	0.00112194	0.000434327	0.000159547	5.57099e-05	1.85203e-05	5.87076e-06	1.77701e-06	5.1429e-07	1.42471e-07	3.77182e-08	9.08835e-09	
0.890226	0.7984	0.673295	0.531314	0.391354	0.268878	0.1724	0.103294	0.0579337	0.0304761	0.0150681	0.00701652	0.0030834	0.00128123	0.000504337	0.000188396	6.68968e-05	2.26152e-05	7.28953e-06	2.24341e-06	6.60078e-07	1.85907e-07	5.01715e-08	1.29552e-08	3.0541e-09	
0.78814	0.664128	0.525119	0.388597	0.268878	0.173983	0.105381	0.0598328	0.0318987	0.0159975	0.00756119	0.00337436	0.00142444	0.000569777	0.000216322	7.80768e-05	2.68303e-05	8.79085e-06	2.74998e-06	8.22387e-07	2.35396e-07	6.45647e-08	1.69857e-08	4.28042e-09	9.87648e-10	
0.648763	0.512794	0.380394	0.264514	0.1724	0.105381	0.0604785	0.0326331	0.0165812	0.00794676	0.00359839	0.00154202	0.000626383	0.000241569	8.85821e-05	3.09302e-05	1.02979e-05	3.27348e-06	9.94743e-07	2.8931e-07	8.06227e-08	2.15504e-08	5.5303e-09	1.36087e-09	3.07459e-10	
0.494487	0.366953	0.255944	0.167722	0.103294	0.0598328	0.0326331	0.0167803	0.00814661	0.00373968	0.00162563	0.000670164	0.00026239	9.77082e-05	3.46518e-05	1.17193e-05	3.78443e-06	1.16828e-06	3.45177e-07	9.7714e-08	2.65306e-08	6.91583e-09	1.73228e-09	4.16482e-10	9.21718e-11	
0.348634	0.243483	0.160161	0.09923	0.0579337	0.0318987	0.0165812	0.00814661	0.00378797	0.00166908	0.000697863	0.000277243	0.00010479	3.77308e-05	1.29578e-05	4.24955e-06	1.33239e-06	3.9983e-07	1.14958e-07	3.17e-08	8.39193e-09	2.13476e-09	5.22244e-10	1.22743e-10	2.662e-11	
0.227596	0.150059	0.0933997	0.0548912	0.0304761	0.0159975	0.00794676	0.00373968	0.00166908	0.000707343	0.000284978	0.00010928	3.99324e-05	1.39211e-05	4.63522e-06	1.47568e-06	4.49677e-07	1.31292e-07	3.67645e-08	9.88298e-09	2.55275e-09	6.34117e-10	1.51601e-10	3.48504e-11	7.40968e-12	
0.137867	0.0861015	0.0508784	0.0284538	0.0150681	0.00756119	0.00359839	0.00162563	0.000697863	0.000284978	0.000110818	4.10804e-05	1.45328e-05	4.91142e-06	1.58731e-06	4.91071e-07	1.45574e-07	4.13893e-08	1.12968e-08	2.96259e-09	7.47144e-10	1.81347e-10	4.23936e-11	9.53712e-12	1.98867e-12	
0.0776991	0.046117	0.0259537	0.0138532	0.00701652	0.00337436	0.00154202	0.000670164	0.000277243	0.00010928	4.10804e-05	1.47425e-05	5.05559e-06	1.65826e-06	5.2075e-07	1.56711e-07	4.52336e-08	1.25341e-08	3.3371e-09	8.54372e-10	2.1051e-10	4.99557e-11	1.14256e-11	2.51667e-12	5.14867e-13	
0.0408586	0.0231198	0.0124285	0.006349	0.0030834	0.00142444	0.000626383	0.00026239	0.00010479	3.99324e-05	1.45328e-05	5.05559e-06	1.68261e-06	5.3625e-07	1.63796e-07	4.79918e-08	1.34996e-08	3.64857e-09	9.48247e-10	2.37166e-10	5.71276e-11	1.32622e-11	2.96925e-12	6.40678e-13	1.28646e-13	
0.0201054	0.0108774	0.00560061	0.00274502	0.00128123	0.000569777	0.000241569	9.77082e-05	3.77308e-05	1.39211e-05	4.91142e-06	1.65826e-06	5.3625e-07	1.66228e-07	4.94329e-08	1.4114e-08	3.87213e-09	1.02152e-09	2.5934e-10	6.34068e-11	1.49401e-11	3.39489e-12	7.44423e-13	1.57422e-13	3.10363e-14	
0.0092834	0.00481488	0.00238035	0.00112194	0.000504337	0.000216322	8.85821e-05	3.46518e-05	1.29578e-05	4.63522e-06	1.58731e-06	5.2075e-07	1.63796e-07	4.94329e-08	1.4325e-08	3.98897e-09	1.06816e-09	2.75258e-10	6.83083e-11	1.63358e-11	3.76734e-12	8.38377e-13	1.80142e-13	3.73517e-14	7.23307e-15	
0.00403283	0.00201002	0.000956253	0.000434327	0.000188396	7.80768e-05	3.09302e-05	1.17193e-05	4.24955e-06	1.47568e-06	4.91071e-07	1.56711e-07	4.79918e-08	1.4114e-08	3.98897e-09	1.08418e-09	2.83577e-10	7.14284e-11	1.73376e-11	4.05802e-12	9.16476e-13	1.9984e-13	4.20966e-14	8.56223e-15	1.62914e-15	
0.0016523	0.000793114	0.000363839	0.000159547	6.68968e-05	2.68303e-05	1.02979e-05	3.78443e-06	1.33239e-06	4.49677e-07	1.45574e-07	4.52336e-08	1.34996e-08	3.87213e-09	1.06816e-09	2.83577e-10	7.24997e-11	1.78613e-11	4.24304e-12	9.72525e-13	2.15203e-13	4.60025e-14	9.50463e-15	1.89717e-15	3.54801e-16	
0.000639936	0.000296414	0.000131363	5.57099e-05	2.26152e-05	8.79085e-06	3.27348e-06	1.16828e-06	3.9983e-07	1.31292e-07	4.13893e-08	1.25341e-08	3.64857e-09	1.02152e-09	2.75258e-10	7.14284e-11	1.78613e-11	4.30656e-12	1.00182e-12	2.2498e-13	4.88036e-14	1.0232e-14	2.07442e-15	4.06513e-16	7.4749e-17	
0.000234788	0.00010513	4.50846e-05	1.85203e-05	7.28953e-06	2.74998e-06	9.94743e-07	3.45177e-07	1.14958e-07	3.67645e-08	1.12968e-08	3.3371e-09	9.48247e-10	2.5934e-10	6.83083e-11	1.73376e-11	4.24304e-12	1.00182e-12	2.28336e-13	5.02672e-14	1.06945e-14	2.20009e-15	4.37868e-16	8.42755e-17	1.52414e-17	
8.17633e-05	3.54494e-05	1.47332e-05	5.87076e-06	2.24341e-06	8.22387e-07	2.8931e-07	9.7714e-08	3.17e-08	9.88298e-09	2.96259e-09	8.54372e-10	2.37166e-10	6.34068e-11	1.63358e-11	4.05802e-12	9.72525e-13	2.2498e-13	5.02672e-14	1.08533e-14	2.2657e-15	4.57552e-16	8.9431e-17	1.69119e-17	3.00913e-18	
2.70756e-05	1.13833e-05	4.59142e-06	1.77701e-06	6.60078e-07	2.35396e-07	8.06227e-08	2.65306e-08	8.39193e-09	2.55275e-09	7.47144e-10	2.1051e-10	5.71276e-11	1.49401e-11	3.76734e-12	9.16476e-13	2.15203e-13	4.88036e-14	1.06945e-14	2.2657e-15	4.64303e-16	9.2083e-17	1.76824e-17	3.28662e-18	5.75512e-19	
8.54007e-06	3.48639e-06	1.36647e-06	5.1429e-07	1.85907e-07	6.45647e-08	2.15504e-08	6.91583e-09	2.13476e-09	6.34117e-10	1.81347e-10	4.99557e-11	1.32622e-11	3.39489e-12	8.38377e-13	1.9984e-13	4.60025e-14	1.0232e-14	2.20009e-15	4.57552e-16	9.2083e-17	1.79419e-17	3.38616e-18	6.18832e-19	1.06674e-19	
2.56914e-06	1.01971e-06	3.88837e-07	1.42471e-07	5.01715e-08	1.69857e-08	5.5303e-09	1.73228e-09	5.22244e-10	1.51601e-10	4.23936e-11	1.14256e-11	2.96925e-12	7.44423e-13	1.80142e-13	4.20966e-14	9.50463e-15	2.07442e-15	4.37868e-16	8.9431e-17	1.76824e-17	3.38616e-18	6.2832e-19	1.12941e-19	1.91709e-20	
7.35564e-07	2.84267e-07	1.05603e-07	3.77182e-08	1.29552e-08	4.28042e-09	1.36087e-09	4.16482e-10	1.22743e-10	3.48504e-11	9.53712e-12	2.51667e-12	6.40678e-13	1.57422e-13	3.73517e-14	8.56223e-15	1.89717e-15	4.06513e-16	8.42755e-17	1.69119e-17	3.28662e-18	6.18832e-19	1.12941e-19	1.9975e-20	3.33978e-21	
1.89693e-07	7.16413e-08	2.60184e-08	9.08835e-09	3.0541e-09	9.87648e-10	3.07459e-10	9.21718e-11	2.662e-11	7.40968e-12	1.98867e-12	5.14867e-13	1.28646e-13	3.10363e-14	7.23307e-15	1.62914e-15	3.54801e-16	7.4749e-17	1.52414e-17	3.00913e-18	5.75512e-19	1.06674e-19	1.91709e-20	3.33978e-21	5.50569e-22	
