-0.323896	-0.186226	-0.040779	0.0854093	0.175024	0.234461	0.254869	0.21903	0.122866	-0.0262263	-0.204782	-0.386271	-0.548868	-0.668379	-0.733032	-0.743518	-0.700045	-0.620791	-0.538736	-0.464206	-0.388379	-0.307819	-0.219347	-0.125348	-0.0483658	
-0.452958	-0.355804	-0.236101	-0.124442	-0.0379739	0.0278142	0.0606698	0.0446221	-0.026493	-0.150298	-0.305758	-0.464441	-0.599127	-0.68637	-0.720488	-0.700834	-0.624706	-0.516962	-0.418521	-0.340817	-0.273076	-0.209572	-0.144817	-0.0782073	-0.0270136	
-0.625222	-0.555069	-0.450378	-0.345442	-0.253782	-0.175692	-0.127314	-0.120319	-0.160877	-0.2509	-0.372637	-0.497326	-0.594932	-0.646188	-0.652493	-0.611227	-0.516559	-0.397266	-0.297304	-0.226998	-0.173733	-0.129512	-0.0874842	-0.0452857	-0.014233	
-0.812612	-0.763431	-0.670162	-0.56546	-0.463531	-0.371312	-0.303947	-0.266932	-0.267676	-0.31302	-0.390294	-0.473098	-0.53148	-0.551919	-0.540942	-0.491922	-0.395381	-0.280704	-0.190309	-0.132784	-0.0953781	-0.0688292	-0.0462534	-0.0246492	-0.00856435	
-1.00446	-0.970631	-0.883562	-0.777176	-0.662597	-0.550668	-0.455751	-0.379282	-0.33085	-0.323019	-0.350596	-0.391531	-0.41733	-0.419376	-0.405375	-0.362831	-0.278977	-0.18092	-0.105949	-0.0616941	-0.0378217	-0.025171	-0.0179596	-0.0131973	-0.00794503	
-1.18709	-1.16493	-1.08582	-0.973105	-0.836593	-0.696471	-0.565416	-0.441596	-0.339226	-0.27756	-0.258978	-0.265783	-0.271442	-0.270048	-0.26596	-0.2404	-0.179022	-0.104404	-0.0461426	-0.0124111	0.00212233	0.00524035	0.00098607	-0.00773043	-0.0102263	
-1.35332	-1.34167	-1.26193	-1.1322	-0.967119	-0.792602	-0.618895	-0.446464	-0.295066	-0.187791	-0.132992	-0.117223	-0.116234	-0.12398	-0.13782	-0.134329	-0.100116	-0.0513459	-0.00823784	0.0189582	0.0286151	0.0261073	0.0136494	-0.00548621	-0.0134329	
-1.49019	-1.47659	-1.38933	-1.23804	-1.03998	-0.828464	-0.61468	-0.402472	-0.21423	-0.0743859	0.00434279	0.0317226	0.029198	0.00521106	-0.028705	-0.0475756	-0.0412587	-0.0178194	0.0127159	0.0369846	0.0454543	0.0402909	0.022236	-0.00430406	-0.0158769	
-1.57114	-1.55294	-1.4544	-1.27768	-1.05064	-0.810853	-0.567257	-0.328689	-0.11907	0.0391622	0.131619	0.163893	0.153041	0.11157	0.0601446	0.0216398	0.00177437	0.00195824	0.0221805	0.0457571	0.0554652	0.0496283	0.0281444	-0.00260581	-0.0162305	
-1.5858	-1.55862	-1.44826	-1.25591	-1.0143	-0.757888	-0.497398	-0.248661	-0.0323579	0.13403	0.234756	0.269744	0.250703	0.19531	0.131649	0.0773285	0.0342487	0.0139489	0.0250933	0.0484321	0.0604275	0.0550993	0.032198	0.000667085	-0.0136121	
-1.52566	-1.4963	-1.38604	-1.1921	-0.950369	-0.691648	-0.429274	-0.183184	0.0310116	0.200003	0.307149	0.346238	0.323092	0.260313	0.190233	0.123688	0.0610753	0.0233743	0.0254578	0.0472535	0.0613053	0.0571417	0.0349032	0.00608741	-0.00769375	
-1.40865	-1.38721	-1.28635	-1.10723	-0.883021	-0.634376	-0.379448	-0.143212	0.0641452	0.233718	0.34842	0.395109	0.373966	0.311383	0.239898	0.164084	0.0861983	0.0343161	0.026304	0.0438121	0.0586025	0.0559853	0.0366474	0.0137323	0.0012014	
-1.25567	-1.25036	-1.17386	-1.02612	-0.82876	-0.596324	-0.356052	-0.133666	0.0667905	0.238118	0.362084	0.419784	0.407535	0.35266	0.28338	0.200763	0.112436	0.049616	0.0298145	0.0393654	0.0527321	0.0519351	0.0377959	0.0231522	0.0120675	
-1.09176	-1.11289	-1.06802	-0.958213	-0.793284	-0.583556	-0.361845	-0.151658	0.0444238	0.218269	0.352131	0.424001	0.427611	0.386719	0.321836	0.235046	0.141602	0.070894	0.0374574	0.0351153	0.044348	0.045568	0.0386806	0.0333622	0.0233018	
-0.939393	-0.983776	-0.974928	-0.909859	-0.779524	-0.594009	-0.391068	-0.19097	0.0022641	0.179056	0.322992	0.411414	0.436611	0.414136	0.355263	0.267785	0.174594	0.0985612	0.0500979	0.0324109	0.0346003	0.0378224	0.0395037	0.042903	0.0329408	
-0.801073	-0.871485	-0.903005	-0.878352	-0.779021	-0.621056	-0.4386	-0.246313	-0.054004	0.12565	0.278424	0.384609	0.435473	0.434032	0.383095	0.29955	0.211377	0.131925	0.0681061	0.032838	0.0252654	0.0299739	0.0402085	0.0500137	0.0390372	
-0.687306	-0.779766	-0.843316	-0.853263	-0.787441	-0.660974	-0.497438	-0.310655	-0.11965	0.0611086	0.221157	0.345913	0.42416	0.444469	0.404563	0.330651	0.251011	0.169393	0.0914417	0.0381783	0.018712	0.0235044	0.0403941	0.0529313	0.0401159	
-0.59095	-0.698396	-0.791851	-0.833121	-0.799769	-0.704749	-0.559672	-0.380195	-0.192763	-0.0121294	0.154422	0.297333	0.401428	0.4431	0.419173	0.360959	0.291627	0.20879	0.119763	0.0502414	0.0176576	0.0198909	0.0393632	0.0503008	0.0355988	
-0.508125	-0.632226	-0.745713	-0.808379	-0.808398	-0.747028	-0.621557	-0.452542	-0.270983	-0.0913027	0.080964	0.239793	0.365591	0.428331	0.426713	0.389367	0.330571	0.247854	0.152538	0.0705496	0.0247069	0.0203757	0.0363706	0.0416302	0.0260662	
-0.443873	-0.572225	-0.693	-0.777843	-0.813705	-0.782906	-0.67818	-0.525069	-0.352442	-0.174464	0.00277828	0.173766	0.315622	0.399756	0.426694	0.413473	0.364857	0.284719	0.189066	0.0999233	0.0417486	0.0257901	0.0310719	0.0276846	0.0132475	
-0.385745	-0.512626	-0.640052	-0.744841	-0.809386	-0.806205	-0.72769	-0.596431	-0.435261	-0.259608	-0.0784761	0.0994205	0.251555	0.358169	0.417949	0.429703	0.391701	0.318183	0.228432	0.138075	0.0693429	0.0364957	0.0240757	0.0106926	-0.00029368	
-0.340124	-0.4615	-0.585633	-0.703733	-0.793388	-0.817361	-0.76875	-0.663874	-0.516997	-0.344631	-0.162082	0.0165628	0.175101	0.305424	0.398292	0.433781	0.409012	0.347705	0.269391	0.183304	0.106292	0.0524822	0.0174025	-0.00575323	-0.0117085	
-0.308669	-0.409884	-0.529373	-0.661634	-0.767615	-0.813853	-0.79963	-0.725481	-0.594394	-0.427654	-0.248899	-0.0743339	0.0901259	0.243384	0.364403	0.421814	0.41575	0.372983	0.310133	0.232424	0.149626	0.0735952	0.01458	-0.017167	-0.0184717	
-0.280725	-0.366653	-0.48641	-0.6186	-0.727426	-0.798821	-0.822532	-0.776736	-0.66316	-0.509205	-0.340249	-0.170331	0.00129273	0.172323	0.312923	0.391786	0.411695	0.393153	0.34811	0.281072	0.195117	0.0997807	0.0201535	-0.0189771	-0.0188373	
-0.272783	-0.34794	-0.453112	-0.570075	-0.682954	-0.780814	-0.833171	-0.811907	-0.723734	-0.590996	-0.43425	-0.266901	-0.0889263	0.0909798	0.242625	0.344209	0.39652	0.406122	0.38004	0.32434	0.23826	0.1312	0.0385586	-0.00753337	-0.0119922	
-0.296572	-0.348976	-0.429601	-0.530964	-0.646094	-0.757868	-0.828085	-0.833974	-0.778357	-0.670546	-0.526823	-0.3615	-0.18093	-0.00145457	0.155548	0.281392	0.369056	0.408468	0.402021	0.357596	0.275483	0.168085	0.0725624	0.0189107	0.00209081	
-0.348976	-0.374537	-0.429245	-0.510399	-0.619283	-0.732948	-0.814194	-0.847375	-0.8254	-0.74439	-0.615454	-0.453676	-0.276348	-0.104287	0.0563632	0.206362	0.327249	0.395768	0.409759	0.377395	0.305134	0.210223	0.121759	0.0595064	0.0229131	
-0.429601	-0.429245	-0.454875	-0.516278	-0.612835	-0.713431	-0.797406	-0.855914	-0.865605	-0.810821	-0.697816	-0.544364	-0.377722	-0.215068	-0.0487401	0.121711	0.268437	0.363348	0.399204	0.382207	0.32762	0.256175	0.181778	0.110617	0.0495267	
-0.530964	-0.510399	-0.516278	-0.56002	-0.626887	-0.702376	-0.789958	-0.868613	-0.899806	-0.867132	-0.773667	-0.637547	-0.486668	-0.328887	-0.154413	0.0280771	0.19018	0.307685	0.367541	0.372462	0.344357	0.30254	0.244709	0.166179	0.0802183	
-0.646093	-0.619283	-0.612835	-0.626887	-0.656732	-0.717918	-0.807497	-0.886886	-0.926878	-0.915971	-0.848375	-0.736978	-0.600524	-0.440612	-0.25975	-0.0760926	0.091849	0.227807	0.313995	0.349698	0.355822	0.34369	0.300756	0.218525	0.111905	
-0.757868	-0.732948	-0.713431	-0.702376	-0.717918	-0.772596	-0.844052	-0.908357	-0.955606	-0.966746	-0.927105	-0.841579	-0.714214	-0.549678	-0.369266	-0.192669	-0.024483	0.12575	0.240185	0.315085	0.359496	0.372198	0.340503	0.259469	0.139721	
-0.828085	-0.814194	-0.797406	-0.789958	-0.807497	-0.844052	-0.888622	-0.943531	-0.997541	-1.02477	-1.01123	-0.947438	-0.825143	-0.661702	-0.489905	-0.322154	-0.154989	0.00615355	0.149815	0.267737	0.348785	0.379954	0.356801	0.281451	0.157419	
-0.833974	-0.847375	-0.855914	-0.868613	-0.886886	-0.908357	-0.943531	-0.996506	-1.05124	-1.09151	-1.09986	-1.04982	-0.93567	-0.785796	-0.626901	-0.463776	-0.295847	-0.124733	0.0470743	0.203479	0.313924	0.359605	0.345325	0.278574	0.158978	
-0.778357	-0.8254	-0.865605	-0.899806	-0.926878	-0.955606	-0.997541	-1.05124	-1.11067	-1.16485	-1.18485	-1.14548	-1.0533	-0.928538	-0.780702	-0.616711	-0.444381	-0.261124	-0.0662943	0.115162	0.24504	0.305607	0.303596	0.247473	0.140997	
-0.670546	-0.74439	-0.810821	-0.867132	-0.915971	-0.966746	-1.02477	-1.09151	-1.16485	-1.22699	-1.25354	-1.23775	-1.18344	-1.08655	-0.947142	-0.780731	-0.599173	-0.401072	-0.193676	-0.0048175	0.135864	0.214298	0.22945	0.187943	0.104603	
-0.526823	-0.615454	-0.697816	-0.773667	-0.848375	-0.927105	-1.01123	-1.09986	-1.18485	-1.25354	-1.30204	-1.32862	-1.31643	-1.24617	-1.11994	-0.953987	-0.760004	-0.549673	-0.343373	-0.160878	-0.0144417	0.0833783	0.120742	0.103035	0.05521	
-0.3615	-0.453676	-0.544364	-0.637547	-0.736978	-0.841579	-0.947438	-1.04982	-1.14548	-1.23775	-1.32862	-1.40172	-1.4282	-1.39076	-1.28894	-1.1294	-0.929042	-0.718518	-0.524203	-0.352331	-0.202712	-0.0878183	-0.0227746	-0.00191304	-0.00049423	
-0.18093	-0.276348	-0.377722	-0.486668	-0.600524	-0.714214	-0.825143	-0.93567	-1.0533	-1.18344	-1.31643	-1.4282	-1.49557	-1.50217	-1.43533	-1.29595	-1.11081	-0.918193	-0.739522	-0.575225	-0.424679	-0.296245	-0.196689	-0.12135	-0.0587358	
-0.00145457	-0.104287	-0.215068	-0.328887	-0.440612	-0.549678	-0.661702	-0.785796	-0.928538	-1.08655	-1.24617	-1.39076	-1.50217	-1.55704	-1.53645	-1.44407	-1.30549	-1.14738	-0.984712	-0.825694	-0.675523	-0.532625	-0.391218	-0.251581	-0.120732	
0.155548	0.0563632	-0.0487401	-0.154413	-0.25975	-0.369266	-0.489905	-0.626901	-0.780702	-0.947142	-1.11994	-1.28894	-1.43533	-1.53645	-1.57933	-1.56481	-1.49878	-1.38858	-1.24894	-1.09906	-0.946604	-0.781727	-0.594071	-0.390811	-0.190288	
0.281392	0.206362	0.121711	0.0280771	-0.0760926	-0.192669	-0.322154	-0.463776	-0.616711	-0.780731	-0.953987	-1.1294	-1.29595	-1.44407	-1.56481	-1.64334	-1.66186	-1.61474	-1.51551	-1.38274	-1.22197	-1.02672	-0.794546	-0.536256	-0.268246	
0.369056	0.327249	0.268437	0.19018	0.091849	-0.024483	-0.154989	-0.295847	-0.444381	-0.599173	-0.760004	-0.929042	-1.11081	-1.30549	-1.49878	-1.66186	-1.76626	-1.79823	-1.75796	-1.64997	-1.4792	-1.25373	-0.984372	-0.680222	-0.348472	
0.408468	0.395768	0.363348	0.307685	0.227807	0.12575	0.00615355	-0.124733	-0.261124	-0.401072	-0.549673	-0.718518	-0.918193	-1.14738	-1.38858	-1.61474	-1.79823	-1.91369	-1.93917	-1.86343	-1.69368	-1.4509	-1.15376	-0.808892	-0.419295	
0.402021	0.409759	0.399204	0.367541	0.313995	0.240185	0.149815	0.0470743	-0.0662943	-0.193676	-0.343373	-0.524203	-0.739522	-0.984712	-1.24894	-1.51551	-1.75796	-1.93917	-2.02231	-1.98797	-1.8413	-1.60171	-1.28656	-0.905591	-0.469414	
0.357596	0.377395	0.382207	0.372462	0.349698	0.315085	0.267737	0.203479	0.115162	-0.0048175	-0.160878	-0.352331	-0.575225	-0.825694	-1.09906	-1.38274	-1.64997	-1.86343	-1.98797	-2.00174	-1.89794	-1.68036	-1.36017	-0.955924	-0.492877	
0.275483	0.305134	0.32762	0.344357	0.355822	0.359496	0.348785	0.313924	0.24504	0.135864	-0.0144417	-0.202712	-0.424679	-0.675523	-0.946604	-1.22197	-1.4792	-1.69368	-1.8413	-1.89794	-1.84096	-1.65706	-1.35168	-0.950337	-0.488691	
0.168085	0.210223	0.256175	0.30254	0.34369	0.372198	0.379954	0.359605	0.305607	0.214298	0.0833783	-0.0878183	-0.296245	-0.532625	-0.781727	-1.02672	-1.25373	-1.4509	-1.60171	-1.68036	-1.65706	-1.5118	-1.24602	-0.882757	-0.45617	
0.0725624	0.121759	0.181778	0.244709	0.300756	0.340503	0.356801	0.345325	0.303596	0.22945	0.120742	-0.0227746	-0.196689	-0.391218	-0.594071	-0.794546	-0.984372	-1.15376	-1.28656	-1.36017	-1.35168	-1.24602	-1.04122	-0.748875	-0.391661	
0.0189107	0.0595064	0.110617	0.166179	0.218525	0.259469	0.281451	0.278574	0.247473	0.187943	0.103035	-0.00191304	-0.12135	-0.251581	-0.390811	-0.536256	-0.680222	-0.808892	-0.905591	-0.955924	-0.950337	-0.882757	-0.748875	-0.548415	-0.291001	
0.00209081	0.0229131	0.0495267	0.0802183	0.111905	0.139721	0.157419	0.158978	0.140997	0.104603	0.05521	-0.00049423	-0.0587358	-0.120732	-0.190288	-0.268246	-0.348472	-0.419295	-0.469414	-0.492877	-0.488691	-0.45617	-0.391661	-0.291001	-0.156171	
