-1.03072	-1.23717	-1.43104	-1.5706	-1.62103	-1.57112	-1.42398	-1.20113	-0.931446	-0.647326	-0.378123	-0.131853	0.0788302	0.217211	0.267297	0.254102	0.208518	0.148666	0.0848636	0.027283	-0.0034893	0.00828082	0.0416229	0.0553695	0.0361337	
-1.12281	-1.30337	-1.4702	-1.58291	-1.61147	-1.5433	-1.37876	-1.13871	-0.854436	-0.563411	-0.293436	-0.0475221	0.160553	0.29404	0.340375	0.32272	0.268626	0.197392	0.120048	0.0472098	0.00410481	0.00997301	0.0412499	0.0536059	0.0342487	
-1.1653	-1.30949	-1.44302	-1.52734	-1.53781	-1.46092	-1.29336	-1.0529	-0.771169	-0.488026	-0.227436	0.0113053	0.212415	0.341171	0.38833	0.37217	0.314981	0.236818	0.149725	0.0653226	0.0123455	0.0117541	0.0387394	0.048967	0.0307093	
-1.14164	-1.2496	-1.3504	-1.41181	-1.41601	-1.3454	-1.19091	-0.965899	-0.700858	-0.43528	-0.188408	0.0411623	0.234711	0.36165	0.41543	0.406784	0.35154	0.270257	0.176603	0.0840458	0.0232592	0.0148409	0.0345648	0.0416448	0.0256476	
-1.05526	-1.13047	-1.20629	-1.25841	-1.27071	-1.21986	-1.09171	-0.894143	-0.654774	-0.41069	-0.177239	0.044025	0.231355	0.360385	0.426198	0.430112	0.381064	0.299834	0.202414	0.104977	0.0381423	0.020003	0.0291432	0.0319424	0.0192523	
-0.917768	-0.973099	-1.03743	-1.09251	-1.12379	-1.10261	-1.00916	-0.845372	-0.635596	-0.412898	-0.190243	0.0245195	0.207553	0.342379	0.424293	0.444408	0.405025	0.326645	0.228163	0.129068	0.0576599	0.027689	0.0230054	0.0203984	0.0118123	
-0.757889	-0.804943	-0.866489	-0.93438	-0.991777	-1.00378	-0.947261	-0.819512	-0.640264	-0.436705	-0.221838	-0.0122201	0.168281	0.31181	0.412145	0.450662	0.423818	0.351039	0.254375	0.156749	0.0818973	0.0381161	0.0169156	0.00786728	0.00374415	
-0.598957	-0.644814	-0.712351	-0.798138	-0.880812	-0.924232	-0.904096	-0.812313	-0.662505	-0.475409	-0.266647	-0.0618558	0.11767	0.271807	0.391058	0.448893	0.43708	0.37289	0.281265	0.187975	0.110389	0.05134	0.0119352	-0.00445024	-0.00439345	
-0.458728	-0.509032	-0.584119	-0.685749	-0.790003	-0.86137	-0.874555	-0.816928	-0.695148	-0.522996	-0.32054	-0.121033	0.0589879	0.224513	0.361488	0.43853	0.444009	0.391804	0.308794	0.222214	0.142163	0.0673205	0.00942045	-0.0150324	-0.0118929	
-0.347351	-0.399196	-0.481446	-0.596391	-0.715968	-0.809158	-0.851954	-0.827007	-0.732061	-0.574628	-0.380528	-0.187214	-0.00527377	0.171262	0.323403	0.418789	0.443636	0.407229	0.33663	0.258426	0.175841	0.0859885	0.0109436	-0.0221234	-0.0179001	
-0.261443	-0.315288	-0.403642	-0.524457	-0.65167	-0.762281	-0.831782	-0.837241	-0.767796	-0.626749	-0.444699	-0.258342	-0.0731744	0.112783	0.276585	0.388979	0.435045	0.41849	0.364033	0.295055	0.20981	0.107306	0.018132	-0.0238828	-0.0214309	
-0.200973	-0.253301	-0.342684	-0.463305	-0.593897	-0.717841	-0.80977	-0.84284	-0.798521	-0.67729	-0.511466	-0.332323	-0.143292	0.0492883	0.220903	0.348773	0.417533	0.424751	0.389709	0.330092	0.242448	0.1313	0.0324351	-0.0185903	-0.0214127	
-0.155543	-0.206021	-0.295201	-0.410515	-0.53955	-0.672425	-0.783127	-0.841152	-0.821833	-0.724602	-0.578932	-0.407067	-0.214823	-0.019322	0.156573	0.298379	0.390702	0.424922	0.411708	0.361228	0.272394	0.158054	0.0548465	-0.00488852	-0.0167679	
-0.122986	-0.173655	-0.256619	-0.36099	-0.48666	-0.625845	-0.750982	-0.830004	-0.835924	-0.767393	-0.644862	-0.480508	-0.287482	-0.0932171	0.0842982	0.238601	0.354468	0.417577	0.427415	0.386091	0.298752	0.187622	0.0856326	0.0179622	-0.00655807	
-0.101595	-0.148392	-0.221307	-0.315048	-0.436901	-0.577833	-0.711758	-0.80819	-0.840544	-0.804388	-0.706228	-0.550712	-0.361486	-0.172387	0.00536356	0.170786	0.308991	0.400909	0.433735	0.402553	0.321191	0.219887	0.124126	0.0498504	0.00980447	
-0.0842642	-0.128977	-0.190691	-0.273518	-0.389373	-0.527496	-0.665601	-0.776551	-0.835952	-0.833331	-0.759579	-0.616423	-0.437263	-0.256222	-0.0784081	0.0966098	0.25452	0.372827	0.427478	0.409018	0.339838	0.254348	0.168644	0.0896373	0.0322895	
-0.0763025	-0.114051	-0.161652	-0.235739	-0.344569	-0.475861	-0.613712	-0.736305	-0.822116	-0.851522	-0.801991	-0.677056	-0.514743	-0.343257	-0.164928	0.0177388	0.191246	0.331226	0.405924	0.40462	0.354963	0.289908	0.216553	0.135071	0.0599752	
-0.0705467	-0.0974913	-0.136136	-0.204157	-0.30272	-0.423245	-0.557375	-0.689392	-0.799134	-0.856294	-0.831424	-0.732318	-0.592814	-0.431191	-0.252183	-0.0644964	0.119202	0.274444	0.367471	0.389232	0.366492	0.324692	0.264482	0.182822	0.0908529	
-0.0644417	-0.0842032	-0.116426	-0.177108	-0.262963	-0.370622	-0.499074	-0.638411	-0.76654	-0.845333	-0.84729	-0.78184	-0.668897	-0.517074	-0.338593	-0.149389	0.03829	0.201858	0.312163	0.363259	0.373484	0.355959	0.308589	0.228658	0.12182	
-0.06171	-0.0716286	-0.100472	-0.154632	-0.225535	-0.319337	-0.442125	-0.585231	-0.723017	-0.818104	-0.850805	-0.824265	-0.738769	-0.597835	-0.423317	-0.236925	-0.0514647	0.114444	0.241898	0.327236	0.373763	0.380143	0.344828	0.267772	0.14896	
-0.0529356	-0.0612232	-0.0922983	-0.134822	-0.18899	-0.272572	-0.389758	-0.529474	-0.667968	-0.77727	-0.843802	-0.856302	-0.79738	-0.671054	-0.506206	-0.327494	-0.149494	0.0150796	0.160142	0.28138	0.363889	0.393023	0.369106	0.295246	0.168135	
-0.0458396	-0.0609267	-0.0861774	-0.112729	-0.157246	-0.23438	-0.341251	-0.469874	-0.604221	-0.72764	-0.826651	-0.8733	-0.840465	-0.735264	-0.587283	-0.421344	-0.25423	-0.0916267	0.0711371	0.225253	0.339563	0.389995	0.37734	0.306617	0.175816	
-0.0474783	-0.0617353	-0.0757333	-0.0938445	-0.13486	-0.202527	-0.294274	-0.408425	-0.537109	-0.673166	-0.797998	-0.871256	-0.865637	-0.789593	-0.66614	-0.51792	-0.362707	-0.200082	-0.0212569	0.15772	0.296418	0.366448	0.365494	0.298465	0.169919	
-0.0498135	-0.0603543	-0.0663879	-0.0815516	-0.118644	-0.174305	-0.249903	-0.348572	-0.471374	-0.616249	-0.756159	-0.848259	-0.87259	-0.83339	-0.741425	-0.615041	-0.470487	-0.305014	-0.114717	0.0772794	0.230986	0.318211	0.329777	0.268917	0.150345	
-0.0550262	-0.0578308	-0.0575719	-0.0747697	-0.107633	-0.149485	-0.208557	-0.293389	-0.41151	-0.557752	-0.699785	-0.805436	-0.863154	-0.865829	-0.810197	-0.708289	-0.572234	-0.40299	-0.209109	-0.0173198	0.141503	0.242129	0.267168	0.217932	0.118942	
-0.0563599	-0.0491834	-0.0547553	-0.0766798	-0.0983321	-0.124998	-0.171946	-0.247996	-0.359787	-0.495724	-0.629701	-0.747983	-0.84044	-0.885122	-0.867598	-0.791267	-0.662941	-0.493438	-0.306282	-0.126471	0.028277	0.136786	0.17632	0.147265	0.0787818	
-0.0491834	-0.0490411	-0.0653416	-0.0776509	-0.0840024	-0.104109	-0.145876	-0.214444	-0.312905	-0.428399	-0.551816	-0.6837	-0.806715	-0.888328	-0.907535	-0.856825	-0.739286	-0.578622	-0.409018	-0.249417	-0.106444	0.00334329	0.0586191	0.0601142	0.0329887	
-0.0547553	-0.0653416	-0.072544	-0.0685455	-0.0729568	-0.0942065	-0.130349	-0.188325	-0.266559	-0.359081	-0.475733	-0.618975	-0.762431	-0.872452	-0.923984	-0.898894	-0.800588	-0.662363	-0.519529	-0.38437	-0.258883	-0.153727	-0.0810249	-0.0394371	-0.0163762	
-0.0766798	-0.0776509	-0.0685455	-0.0642725	-0.0742748	-0.0917972	-0.120648	-0.165332	-0.220331	-0.295521	-0.409866	-0.556434	-0.707358	-0.835614	-0.9125	-0.91465	-0.848894	-0.747839	-0.638082	-0.528879	-0.42407	-0.326367	-0.234212	-0.146926	-0.0687173	
-0.0983321	-0.0840024	-0.0729568	-0.0742748	-0.0812625	-0.0931453	-0.115372	-0.142306	-0.178043	-0.246625	-0.357679	-0.495453	-0.642002	-0.777612	-0.872239	-0.906291	-0.887671	-0.835291	-0.762372	-0.679977	-0.59578	-0.50354	-0.390195	-0.257696	-0.124207	
-0.124998	-0.104109	-0.0942065	-0.0917972	-0.0931453	-0.100963	-0.109955	-0.119072	-0.149221	-0.217386	-0.31605	-0.434574	-0.568262	-0.700686	-0.808164	-0.88091	-0.919404	-0.921043	-0.887855	-0.833576	-0.766101	-0.672897	-0.53793	-0.366639	-0.18218	
-0.171946	-0.145876	-0.130349	-0.120648	-0.115372	-0.109955	-0.10203	-0.107177	-0.142291	-0.202718	-0.278996	-0.37448	-0.489171	-0.610983	-0.731684	-0.847666	-0.94368	-0.998733	-1.00836	-0.983012	-0.925209	-0.823185	-0.668193	-0.467677	-0.239497	
-0.247996	-0.214444	-0.188325	-0.165332	-0.142306	-0.119072	-0.107177	-0.119681	-0.151863	-0.192569	-0.245099	-0.317526	-0.408908	-0.52016	-0.657825	-0.813597	-0.957707	-1.06196	-1.11602	-1.11768	-1.06208	-0.946369	-0.774685	-0.553532	-0.290109	
-0.359787	-0.312905	-0.266559	-0.220331	-0.178043	-0.149221	-0.142291	-0.151863	-0.166067	-0.185083	-0.217132	-0.26535	-0.33565	-0.444307	-0.599049	-0.781458	-0.959309	-1.10597	-1.20052	-1.2235	-1.16629	-1.03812	-0.853481	-0.616421	-0.326616	
-0.495724	-0.428399	-0.359081	-0.295521	-0.246625	-0.217386	-0.202718	-0.192569	-0.185083	-0.185473	-0.196164	-0.22277	-0.283811	-0.397268	-0.560184	-0.751954	-0.94944	-1.12676	-1.24934	-1.28614	-1.2298	-1.09597	-0.901366	-0.649917	-0.343357	
-0.629701	-0.551816	-0.475733	-0.409866	-0.357679	-0.31605	-0.278996	-0.245099	-0.217132	-0.196164	-0.186334	-0.203739	-0.267709	-0.383067	-0.540191	-0.727611	-0.930616	-1.11899	-1.25096	-1.29568	-1.24726	-1.11632	-0.914593	-0.651263	-0.339306	
-0.747983	-0.6837	-0.618975	-0.556434	-0.495453	-0.434574	-0.37448	-0.317526	-0.26535	-0.22277	-0.203739	-0.224792	-0.291267	-0.397437	-0.538702	-0.712126	-0.902361	-1.0768	-1.20009	-1.24936	-1.21458	-1.09275	-0.889354	-0.622591	-0.318624	
-0.84044	-0.806715	-0.762431	-0.707358	-0.642002	-0.568262	-0.489171	-0.408908	-0.33565	-0.283811	-0.267709	-0.291267	-0.348957	-0.437272	-0.557576	-0.704744	-0.859866	-0.998445	-1.10076	-1.15023	-1.1278	-1.01809	-0.82378	-0.56967	-0.288072	
-0.885122	-0.888328	-0.872452	-0.835614	-0.777612	-0.700686	-0.610983	-0.52016	-0.444307	-0.397268	-0.383067	-0.397437	-0.437272	-0.503825	-0.594641	-0.697919	-0.79929	-0.890179	-0.963646	-1.00357	-0.98497	-0.889421	-0.719704	-0.498421	-0.252675	
-0.867598	-0.907535	-0.923984	-0.9125	-0.872239	-0.808164	-0.731684	-0.657825	-0.599049	-0.560184	-0.540191	-0.538702	-0.557576	-0.594641	-0.640164	-0.683932	-0.724025	-0.763834	-0.799812	-0.815679	-0.790658	-0.712493	-0.582546	-0.411411	-0.212635	
-0.791267	-0.856825	-0.898894	-0.91465	-0.906291	-0.88091	-0.847666	-0.813597	-0.781458	-0.751954	-0.727611	-0.712126	-0.704744	-0.697919	-0.683932	-0.663288	-0.643629	-0.62984	-0.617501	-0.596674	-0.559492	-0.501868	-0.419587	-0.307197	-0.163846	
-0.662941	-0.739286	-0.800588	-0.848894	-0.887671	-0.919404	-0.94368	-0.957707	-0.959309	-0.94944	-0.930616	-0.902361	-0.859866	-0.79929	-0.724025	-0.643629	-0.566185	-0.493603	-0.425253	-0.363873	-0.31452	-0.276607	-0.238672	-0.183695	-0.101912	
-0.493438	-0.578622	-0.662363	-0.747839	-0.835291	-0.921043	-0.998733	-1.06196	-1.10597	-1.12676	-1.11899	-1.0768	-0.998445	-0.890179	-0.763834	-0.62984	-0.493603	-0.359504	-0.237086	-0.140621	-0.0806163	-0.0550731	-0.049087	-0.0436807	-0.027019	
-0.306282	-0.409018	-0.519529	-0.638082	-0.762372	-0.887855	-1.00836	-1.11602	-1.20052	-1.24934	-1.25096	-1.20009	-1.10076	-0.963646	-0.799812	-0.617501	-0.425253	-0.237086	-0.0725397	0.0501841	0.122328	0.147183	0.135962	0.101365	0.0536	
-0.126471	-0.249417	-0.38437	-0.528879	-0.679977	-0.833576	-0.983012	-1.11768	-1.2235	-1.28614	-1.29568	-1.24936	-1.15023	-1.00357	-0.815679	-0.596674	-0.363873	-0.140621	0.0501841	0.192979	0.281541	0.315799	0.297924	0.23201	0.127168	
0.028277	-0.106444	-0.258883	-0.42407	-0.59578	-0.766101	-0.925209	-1.06208	-1.16629	-1.2298	-1.24726	-1.21458	-1.1278	-0.98497	-0.790658	-0.559492	-0.31452	-0.0806163	0.122328	0.281541	0.388492	0.435276	0.414906	0.326232	0.179842	
0.136786	0.00334329	-0.153727	-0.326367	-0.50354	-0.672897	-0.823185	-0.946369	-1.03812	-1.09597	-1.11632	-1.09275	-1.01809	-0.889421	-0.712493	-0.501868	-0.276607	-0.0550731	0.147183	0.315799	0.435276	0.48964	0.46713	0.36656	0.201557	
0.17632	0.0586191	-0.0810249	-0.234212	-0.390195	-0.53793	-0.668193	-0.774685	-0.853481	-0.901366	-0.914593	-0.889354	-0.82378	-0.719704	-0.582546	-0.419587	-0.238672	-0.049087	0.135962	0.297924	0.414906	0.46713	0.443387	0.345472	0.188879	
0.147265	0.0601142	-0.0394371	-0.146926	-0.257696	-0.366639	-0.467677	-0.553532	-0.616421	-0.649917	-0.651263	-0.622591	-0.56967	-0.498421	-0.411411	-0.307197	-0.183695	-0.0436807	0.101365	0.23201	0.326232	0.36656	0.345472	0.267032	0.14512	
0.0787818	0.0329887	-0.0163762	-0.0687173	-0.124207	-0.18218	-0.239497	-0.290109	-0.326616	-0.343357	-0.339306	-0.318624	-0.288072	-0.252675	-0.212635	-0.163846	-0.101912	-0.027019	0.0536	0.127168	0.179842	0.201557	0.188879	0.14512	0.0785217	
