-0.149829	-0.324192	-0.427835	-0.445432	-0.385138	-0.274028	-0.127694	0.0396991	0.190185	0.303468	0.387699	0.45381	0.517034	0.587657	0.665041	0.742167	0.801693	0.835732	0.852224	0.843147	0.78988	0.691851	0.555481	0.384517	0.193643	
-0.168688	-0.31586	-0.395237	-0.39238	-0.314578	-0.191295	-0.0383208	0.129186	0.275107	0.38057	0.447936	0.486971	0.517748	0.551233	0.586024	0.617154	0.631913	0.627386	0.61559	0.597556	0.563877	0.507531	0.419313	0.295916	0.150796	
-0.169295	-0.281987	-0.331362	-0.302356	-0.209788	-0.0847453	0.0625203	0.217575	0.348524	0.440168	0.488856	0.501383	0.499753	0.494153	0.483152	0.465651	0.435944	0.396015	0.358706	0.331557	0.31381	0.293299	0.249612	0.177506	0.0904144	
-0.141319	-0.212771	-0.22985	-0.184912	-0.0913096	0.0259628	0.157989	0.290461	0.400674	0.476246	0.504223	0.48782	0.450943	0.404485	0.349602	0.290467	0.227802	0.16455	0.10875	0.0713838	0.0608396	0.0639239	0.055997	0.0352299	0.0153588	
-0.0802434	-0.115981	-0.113591	-0.0611278	0.0272821	0.127809	0.236134	0.341209	0.426915	0.480619	0.482219	0.433928	0.361746	0.27892	0.190592	0.104541	0.0245315	-0.0497538	-0.118235	-0.167163	-0.177832	-0.160688	-0.139584	-0.111089	-0.062517	
-0.00642721	-0.014627	0.00592348	0.0594619	0.131792	0.210685	0.292542	0.363201	0.415564	0.440293	0.412656	0.335004	0.234941	0.12779	0.0209298	-0.077486	-0.16311	-0.2405	-0.31663	-0.374247	-0.385031	-0.355801	-0.308191	-0.235368	-0.12781	
0.066691	0.0846753	0.114912	0.161518	0.216541	0.269741	0.314157	0.341399	0.356232	0.350013	0.296574	0.200054	0.0857021	-0.0322908	-0.145907	-0.247663	-0.332525	-0.407344	-0.483049	-0.53936	-0.542562	-0.497647	-0.424566	-0.316486	-0.168637	
0.128569	0.165282	0.203303	0.241356	0.268975	0.285134	0.287545	0.271584	0.249771	0.216718	0.148543	0.0472268	-0.0696717	-0.189753	-0.303601	-0.403586	-0.48264	-0.54726	-0.609752	-0.649927	-0.635416	-0.571504	-0.476393	-0.346043	-0.180957	
0.167214	0.220307	0.259093	0.275728	0.270859	0.252386	0.214421	0.159133	0.109198	0.0595425	-0.012897	-0.109786	-0.222373	-0.339462	-0.448872	-0.541128	-0.606583	-0.650469	-0.685496	-0.696142	-0.657962	-0.57682	-0.46726	-0.329363	-0.168615	
0.167421	0.226853	0.259689	0.258415	0.226904	0.175645	0.103901	0.0231279	-0.0445621	-0.105906	-0.177335	-0.26419	-0.367845	-0.476765	-0.5743	-0.64907	-0.690945	-0.704484	-0.702237	-0.677227	-0.617171	-0.526498	-0.412971	-0.280955	-0.140283	
0.109918	0.177108	0.210295	0.195429	0.142838	0.0703931	-0.0214741	-0.119009	-0.201328	-0.271372	-0.337759	-0.410885	-0.499629	-0.590815	-0.665208	-0.711798	-0.722668	-0.702104	-0.661418	-0.603979	-0.530654	-0.441316	-0.334349	-0.217993	-0.105614	
-0.000476809	0.0779148	0.115487	0.0985048	0.0404839	-0.0445774	-0.152369	-0.260884	-0.353049	-0.428914	-0.487037	-0.540192	-0.603376	-0.664758	-0.705896	-0.717901	-0.69699	-0.646768	-0.575458	-0.496071	-0.420839	-0.34279	-0.250405	-0.155035	-0.072393	
-0.15822	-0.0605698	-0.00560679	-0.0131458	-0.0721471	-0.166489	-0.281431	-0.393552	-0.492424	-0.568515	-0.609974	-0.634323	-0.662088	-0.684864	-0.688173	-0.666774	-0.621137	-0.552421	-0.463939	-0.375959	-0.308528	-0.247738	-0.174328	-0.101438	-0.045318	
-0.345407	-0.220784	-0.146333	-0.140373	-0.19165	-0.285756	-0.400366	-0.509951	-0.605642	-0.669645	-0.686907	-0.678126	-0.665406	-0.647152	-0.616263	-0.57047	-0.512127	-0.438346	-0.347258	-0.26291	-0.208593	-0.16602	-0.112635	-0.0612364	-0.0261315	
-0.555814	-0.406678	-0.306577	-0.275031	-0.310499	-0.396597	-0.497991	-0.591247	-0.671572	-0.715089	-0.705936	-0.664823	-0.614054	-0.561238	-0.506665	-0.449039	-0.390179	-0.322917	-0.241457	-0.169423	-0.128641	-0.101131	-0.0665351	-0.03444	-0.0144364	
-0.793373	-0.611066	-0.476746	-0.413726	-0.421982	-0.480825	-0.553232	-0.622219	-0.679439	-0.697051	-0.664902	-0.600688	-0.522748	-0.447073	-0.381025	-0.323316	-0.272949	-0.219447	-0.155646	-0.10047	-0.0701347	-0.0523996	-0.0341161	-0.0186766	-0.00862094	
-1.04405	-0.824827	-0.651554	-0.542045	-0.505143	-0.523605	-0.559896	-0.598387	-0.626509	-0.62114	-0.578111	-0.50445	-0.412506	-0.326595	-0.259913	-0.210043	-0.171979	-0.134633	-0.0922517	-0.0549918	-0.0306677	-0.0173773	-0.0123074	-0.0105787	-0.00659842	
-1.29328	-1.03362	-0.808289	-0.643785	-0.556463	-0.524578	-0.517779	-0.525615	-0.529155	-0.510394	-0.467898	-0.396644	-0.30423	-0.219481	-0.158522	-0.118697	-0.0921212	-0.0699448	-0.0490793	-0.0281707	-0.00615367	0.00642546	0.00182451	-0.0067191	-0.00629129	
-1.51769	-1.21114	-0.935807	-0.720048	-0.575255	-0.488639	-0.44613	-0.430492	-0.414081	-0.389714	-0.35666	-0.297613	-0.215391	-0.138371	-0.0842689	-0.0524277	-0.0339213	-0.0238895	-0.0214811	-0.0136805	0.0075131	0.020738	0.0105148	-0.00418022	-0.00594103	
-1.68608	-1.34294	-1.02965	-0.767837	-0.573252	-0.44522	-0.374582	-0.336531	-0.306507	-0.28569	-0.265825	-0.221997	-0.155264	-0.0886828	-0.0395399	-0.0109298	0.00421536	0.00614422	-0.0044305	-0.00565602	0.0136026	0.0266244	0.0152436	-0.000936475	-0.00433365	
-1.7784	-1.42009	-1.08727	-0.800969	-0.574492	-0.414263	-0.320688	-0.267768	-0.23337	-0.218003	-0.206808	-0.177195	-0.1283	-0.0720081	-0.0236955	0.00765965	0.0239158	0.0221744	0.00593488	3.98711e-05	0.0143559	0.0250096	0.0168893	0.00387744	-0.000970977	
-1.79228	-1.44109	-1.11433	-0.824203	-0.581519	-0.407373	-0.303683	-0.240844	-0.204606	-0.192702	-0.185646	-0.168052	-0.135359	-0.086534	-0.0348733	0.00408458	0.025157	0.025062	0.0115453	0.00497028	0.0110185	0.0172279	0.0159298	0.00982657	0.00381356	
-1.72647	-1.40336	-1.10358	-0.830653	-0.599407	-0.429983	-0.318637	-0.249877	-0.218963	-0.210018	-0.202839	-0.193819	-0.173464	-0.129398	-0.0724021	-0.0229926	0.0065207	0.0145141	0.0116435	0.00765014	0.00403406	0.00525744	0.012515	0.0152224	0.0088573	
-1.58894	-1.31295	-1.05617	-0.820128	-0.615606	-0.456511	-0.346808	-0.286231	-0.264927	-0.256515	-0.250186	-0.249335	-0.23769	-0.197369	-0.136044	-0.075707	-0.0341591	-0.0112962	0.00243459	0.00390676	-0.00683771	-0.00875118	0.00634713	0.0174692	0.0123636	
-1.41391	-1.18724	-0.972967	-0.776174	-0.605231	-0.469293	-0.373874	-0.325742	-0.313978	-0.312292	-0.315154	-0.323544	-0.319063	-0.284975	-0.22397	-0.155298	-0.0989885	-0.0555873	-0.0222398	-0.0121278	-0.0228044	-0.0235977	-0.00350005	0.0137044	0.012276	
-1.22554	-1.03387	-0.855317	-0.700388	-0.567926	-0.45452	-0.3723	-0.339712	-0.342928	-0.356109	-0.376072	-0.397952	-0.404264	-0.382587	-0.33037	-0.25966	-0.188169	-0.121934	-0.0694297	-0.0466524	-0.0464724	-0.040319	-0.018741	0.00154422	0.00677002	
-1.03359	-0.872736	-0.731145	-0.610266	-0.498252	-0.398252	-0.334587	-0.318297	-0.331327	-0.363101	-0.40959	-0.451445	-0.474678	-0.47502	-0.443655	-0.38021	-0.297706	-0.212702	-0.144668	-0.104315	-0.0820091	-0.0630599	-0.041908	-0.0202913	-0.0052366	
-0.854853	-0.730962	-0.616672	-0.506074	-0.402871	-0.320832	-0.270954	-0.252862	-0.268614	-0.324035	-0.398013	-0.460789	-0.509908	-0.544289	-0.544944	-0.499864	-0.418422	-0.326512	-0.248318	-0.186269	-0.134758	-0.0987095	-0.0759826	-0.0517003	-0.0237318	
-0.699841	-0.609994	-0.505977	-0.400376	-0.311366	-0.23917	-0.182983	-0.15368	-0.172377	-0.241025	-0.328087	-0.412723	-0.497123	-0.570749	-0.609309	-0.596463	-0.536049	-0.454149	-0.372314	-0.289157	-0.209566	-0.154509	-0.123509	-0.0913995	-0.0475323	
-0.567376	-0.497958	-0.402737	-0.311323	-0.229832	-0.153014	-0.0877854	-0.0499447	-0.060705	-0.119978	-0.207429	-0.313571	-0.430028	-0.537178	-0.616041	-0.649183	-0.630599	-0.576285	-0.500138	-0.404687	-0.307187	-0.234017	-0.185341	-0.137324	-0.0744098	
-0.454017	-0.397977	-0.320698	-0.239114	-0.152997	-0.0718748	-0.00164489	0.0470207	0.0543015	0.0173425	-0.0608029	-0.176992	-0.310731	-0.441273	-0.557702	-0.642267	-0.679286	-0.667294	-0.609819	-0.519006	-0.420208	-0.333111	-0.258987	-0.186613	-0.101361	
-0.371869	-0.334352	-0.270837	-0.18293	-0.0877648	-0.00163904	0.0750311	0.13157	0.159159	0.152005	0.0914344	-0.0207044	-0.155271	-0.296459	-0.439995	-0.570356	-0.664945	-0.702713	-0.678424	-0.613388	-0.531255	-0.437667	-0.336707	-0.234939	-0.12502	
-0.33936	-0.318108	-0.252767	-0.153636	-0.0499263	0.0470274	0.131572	0.199962	0.255241	0.274936	0.23147	0.137921	0.0183906	-0.122531	-0.280683	-0.442205	-0.581833	-0.666891	-0.688483	-0.667467	-0.614889	-0.524438	-0.404514	-0.275566	-0.142035	
-0.342651	-0.331181	-0.268542	-0.172343	-0.0606905	0.0543072	0.159161	0.255241	0.334959	0.369593	0.352342	0.294906	0.196089	0.0589319	-0.101583	-0.273734	-0.436545	-0.55975	-0.633374	-0.663203	-0.64356	-0.566463	-0.443676	-0.29895	-0.149185	
-0.355898	-0.362992	-0.323982	-0.241	-0.119967	0.0173468	0.152006	0.274937	0.369593	0.429985	0.460026	0.442122	0.361168	0.23517	0.0854149	-0.0799021	-0.246408	-0.396262	-0.516249	-0.588457	-0.596798	-0.541867	-0.435167	-0.293963	-0.143496	
-0.375916	-0.409511	-0.397976	-0.32807	-0.207422	-0.0608	0.0914355	0.23147	0.352342	0.460026	0.538244	0.553929	0.503258	0.405943	0.276407	0.127235	-0.031599	-0.195674	-0.343976	-0.440077	-0.469075	-0.441698	-0.366263	-0.251531	-0.122705	
-0.39784	-0.451389	-0.460763	-0.412712	-0.313566	-0.17699	-0.0207036	0.137921	0.294906	0.442122	0.553929	0.612931	0.616689	0.563721	0.464441	0.339462	0.19378	0.0297814	-0.121996	-0.224425	-0.270591	-0.272684	-0.236993	-0.169528	-0.0859384	
-0.404185	-0.47464	-0.50989	-0.497115	-0.430025	-0.310729	-0.155271	0.0183908	0.196089	0.361168	0.503258	0.616689	0.683328	0.687394	0.637332	0.547004	0.42163	0.277817	0.14575	0.0450785	-0.0205349	-0.0536889	-0.0623965	-0.055573	-0.0342636	
-0.382534	-0.474995	-0.544278	-0.570744	-0.537176	-0.441272	-0.296459	-0.122531	0.0589319	0.23517	0.405943	0.563721	0.687394	0.760418	0.775268	0.731396	0.646381	0.548321	0.449556	0.350565	0.261503	0.191904	0.132861	0.075355	0.0289875	
-0.330335	-0.443639	-0.544937	-0.609306	-0.61604	-0.557701	-0.439995	-0.280683	-0.101583	0.0854149	0.276407	0.464441	0.637332	0.775268	0.85555	0.876479	0.86201	0.827886	0.765631	0.670537	0.558138	0.443179	0.326173	0.208085	0.098292	
-0.259637	-0.3802	-0.499859	-0.596461	-0.649182	-0.642267	-0.570356	-0.442205	-0.273734	-0.0799021	0.127235	0.339462	0.547004	0.731396	0.876479	0.982556	1.05441	1.08408	1.05928	0.978169	0.848406	0.684368	0.507309	0.334327	0.167037	
-0.188155	-0.297699	-0.418419	-0.536048	-0.630598	-0.679286	-0.664945	-0.581833	-0.436545	-0.246408	-0.031599	0.19378	0.42163	0.646381	0.86201	1.05441	1.20053	1.28317	1.29773	1.23947	1.10293	0.903207	0.677626	0.453543	0.230084	
-0.121925	-0.212698	-0.32651	-0.454148	-0.576284	-0.667294	-0.702713	-0.666891	-0.55975	-0.396262	-0.195674	0.0297814	0.277817	0.548321	0.827886	1.08408	1.28317	1.40932	1.45792	1.42044	1.29163	1.08668	0.836517	0.566323	0.286186	
-0.0694245	-0.144666	-0.248317	-0.372314	-0.500138	-0.609819	-0.678424	-0.688483	-0.633374	-0.516249	-0.343976	-0.121996	0.14575	0.449556	0.765631	1.05928	1.29773	1.45792	1.52724	1.50465	1.39844	1.21725	0.968004	0.665889	0.336369	
-0.0466494	-0.104314	-0.186269	-0.289157	-0.404687	-0.519006	-0.613388	-0.667467	-0.663203	-0.588457	-0.440077	-0.224425	0.0450785	0.350565	0.670537	0.978169	1.23947	1.42044	1.50465	1.50078	1.42438	1.27536	1.04374	0.735029	0.377033	
-0.0464707	-0.0820085	-0.134758	-0.209566	-0.307187	-0.420208	-0.531255	-0.614889	-0.64356	-0.596798	-0.469075	-0.270591	-0.0205349	0.261503	0.558138	0.848406	1.10293	1.29163	1.39844	1.42438	1.37504	1.24916	1.04106	0.751379	0.394694	
-0.0403181	-0.0630596	-0.0987093	-0.154509	-0.234017	-0.333111	-0.437667	-0.524438	-0.566463	-0.541867	-0.441698	-0.272684	-0.0536889	0.191904	0.443179	0.684368	0.903207	1.08668	1.21725	1.27536	1.24916	1.14025	0.955902	0.698596	0.372172	
-0.0187405	-0.0419078	-0.0759825	-0.123509	-0.185341	-0.258987	-0.336707	-0.404514	-0.443676	-0.435167	-0.366263	-0.236993	-0.0623965	0.132861	0.326173	0.507309	0.677626	0.836517	0.968004	1.04374	1.04106	0.955902	0.797642	0.576847	0.304264	
0.00154446	-0.0202912	-0.0517002	-0.0913995	-0.137324	-0.186613	-0.234939	-0.275566	-0.29895	-0.293963	-0.251531	-0.169528	-0.055573	0.075355	0.208085	0.334327	0.453543	0.566323	0.665889	0.735029	0.751379	0.698596	0.576847	0.404228	0.205927	
0.00677011	-0.00523656	-0.0237318	-0.0475323	-0.0744098	-0.101361	-0.12502	-0.142035	-0.149185	-0.143496	-0.122705	-0.0859384	-0.0342636	0.0289875	0.098292	0.167037	0.230084	0.286186	0.336369	0.377033	0.394694	0.372172	0.304264	0.205927	0.100596	
