-0.00565162	0	0	0	0	0	0	0	0	0	0	0	0	0	0	0	0	0	0	0	0	0	0	0	0	
-0.551444	-0.534338	-0.520333	-0.510222	-0.504507	-0.503476	-0.507213	-0.515515	-0.528018	-0.54403	-0.562659	-0.582739	-0.602837	-0.621395	-0.636739	-0.647047	-0.650799	-0.64627	-0.631652	-0.605512	-0.565613	-0.508885	-0.433453	-0.340648	-0.235919	
-1.03947	-1.00486	-0.976886	-0.956872	-0.94563	-0.943685	-0.951069	-0.967548	-0.992386	-1.02456	-1.06239	-1.10386	-1.14624	-1.18624	-1.22022	-1.24385	-1.25269	-1.2427	-1.20947	-1.14999	-1.06333	-0.949566	-0.809903	-0.647252	-0.466117	
-1.42319	-1.37671	-1.33939	-1.31274	-1.29786	-1.2954	-1.30528	-1.32734	-1.36045	-1.40348	-1.45421	-1.51003	-1.56751	-1.62227	-1.66918	-1.70289	-1.71671	-1.70512	-1.66285	-1.58442	-1.46761	-1.31359	-1.12543	-0.907363	-0.663764	
-1.6664	-1.61607	-1.57581	-1.54711	-1.53126	-1.52862	-1.5394	-1.56312	-1.599	-1.64543	-1.70062	-1.76146	-1.8245	-1.88549	-1.93851	-1.97812	-1.99771	-1.9899	-1.95016	-1.87287	-1.75209	-1.58456	-1.36939	-1.10857	-0.808369	
-1.74921	-1.70191	-1.66432	-1.63797	-1.62351	-1.62094	-1.631	-1.65249	-1.68602	-1.72946	-1.78226	-1.84182	-1.90508	-1.96855	-2.02734	-2.07437	-2.10434	-2.10758	-2.07594	-2.00411	-1.88576	-1.71569	-1.49184	-1.21469	-0.890442	
-1.71245	-1.67597	-1.64754	-1.62806	-1.61713	-1.61531	-1.62248	-1.63848	-1.66336	-1.69685	-1.73791	-1.78617	-1.83954	-1.8946	-1.94938	-1.99682	-2.03089	-2.04474	-2.02629	-1.96653	-1.85863	-1.69741	-1.48257	-1.21846	-0.911928	
-1.60602	-1.58752	-1.57406	-1.56457	-1.55927	-1.55879	-1.56149	-1.56989	-1.5809	-1.59798	-1.61829	-1.64337	-1.67279	-1.70475	-1.73691	-1.76828	-1.79079	-1.80121	-1.79141	-1.75202	-1.67458	-1.55318	-1.38319	-1.16811	-0.912941	
-1.4391	-1.44339	-1.44717	-1.44939	-1.45114	-1.45139	-1.45028	-1.44855	-1.44512	-1.44098	-1.43655	-1.4318	-1.4274	-1.42688	-1.42667	-1.43047	-1.43569	-1.43932	-1.43669	-1.42186	-1.38682	-1.325	-1.22995	-1.09474	-0.922356	
-1.22732	-1.2501	-1.26656	-1.27882	-1.28504	-1.28576	-1.28244	-1.27158	-1.25836	-1.23666	-1.21223	-1.18255	-1.14912	-1.11491	-1.08451	-1.05805	-1.04217	-1.03821	-1.0475	-1.06227	-1.07774	-1.079	-1.06167	-1.01023	-0.920564	
-0.986595	-1.01305	-1.03301	-1.04747	-1.05377	-1.05565	-1.05066	-1.03898	-1.02208	-0.997576	-0.966848	-0.929187	-0.887978	-0.838787	-0.792246	-0.748296	-0.715953	-0.69689	-0.704981	-0.735569	-0.788047	-0.847428	-0.896239	-0.925678	-0.906689	
-0.733665	-0.753987	-0.769801	-0.778603	-0.785389	-0.785806	-0.781777	-0.774656	-0.759662	-0.743683	-0.719621	-0.69141	-0.658862	-0.621693	-0.579454	-0.537213	-0.501421	-0.47687	-0.471438	-0.499453	-0.55415	-0.641909	-0.731697	-0.817538	-0.87415	
-0.50695	-0.517801	-0.526753	-0.530929	-0.536946	-0.535237	-0.533945	-0.529303	-0.520599	-0.512209	-0.499928	-0.488065	-0.470881	-0.456612	-0.435107	-0.413788	-0.384703	-0.363587	-0.345181	-0.35681	-0.39762	-0.477065	-0.586339	-0.693991	-0.797571	
-0.339884	-0.34358	-0.348901	-0.354385	-0.354964	-0.356881	-0.354606	-0.350795	-0.347294	-0.339528	-0.335129	-0.330023	-0.326171	-0.325888	-0.325389	-0.327531	-0.326712	-0.319679	-0.306487	-0.293631	-0.309912	-0.357411	-0.454837	-0.575789	-0.699539	
-0.249273	-0.255065	-0.257946	-0.263301	-0.262392	-0.264895	-0.262995	-0.259507	-0.257852	-0.250965	-0.247664	-0.241819	-0.240047	-0.238871	-0.24658	-0.251901	-0.268975	-0.284178	-0.295315	-0.287372	-0.281238	-0.296793	-0.354728	-0.458234	-0.59043	
-0.214027	-0.217117	-0.217402	-0.218147	-0.218769	-0.218256	-0.218226	-0.217595	-0.216226	-0.215623	-0.213028	-0.211669	-0.208773	-0.205229	-0.207597	-0.211361	-0.220224	-0.241886	-0.269569	-0.284442	-0.280802	-0.274501	-0.299405	-0.37085	-0.482429	
-0.188878	-0.186807	-0.183525	-0.183117	-0.18175	-0.181925	-0.182928	-0.183454	-0.185897	-0.188528	-0.190097	-0.195006	-0.19827	-0.19838	-0.20102	-0.201145	-0.198706	-0.204101	-0.233653	-0.267146	-0.283492	-0.277314	-0.271471	-0.310268	-0.397028	
-0.163057	-0.161702	-0.159003	-0.158263	-0.158808	-0.156573	-0.159119	-0.158693	-0.159242	-0.164387	-0.165209	-0.169497	-0.179923	-0.183265	-0.191788	-0.205583	-0.207329	-0.196637	-0.199833	-0.233536	-0.267304	-0.280958	-0.272359	-0.278767	-0.330798	
-0.159931	-0.153096	-0.157821	-0.154135	-0.155445	-0.155816	-0.153178	-0.158039	-0.152869	-0.156849	-0.158474	-0.155646	-0.162491	-0.169172	-0.167277	-0.182298	-0.205165	-0.208267	-0.197383	-0.208081	-0.243184	-0.271851	-0.271201	-0.268494	-0.2923	
-0.159103	-0.152867	-0.157834	-0.152084	-0.152491	-0.155531	-0.150378	-0.157538	-0.155094	-0.156294	-0.16207	-0.159398	-0.159231	-0.168938	-0.16577	-0.162013	-0.181655	-0.204108	-0.199697	-0.198604	-0.218577	-0.258518	-0.272784	-0.26526	-0.270209	
-0.146132	-0.145378	-0.145271	-0.139768	-0.141232	-0.142008	-0.138763	-0.143441	-0.144529	-0.14536	-0.150308	-0.160345	-0.151798	-0.168383	-0.172723	-0.165276	-0.161888	-0.18965	-0.198344	-0.196658	-0.204551	-0.237183	-0.264901	-0.266277	-0.263812	
-0.134413	-0.146202	-0.133762	-0.14016	-0.139093	-0.135049	-0.143498	-0.132836	-0.143985	-0.139225	-0.136668	-0.150578	-0.144734	-0.148361	-0.166647	-0.175208	-0.165759	-0.177024	-0.190538	-0.191973	-0.195443	-0.221991	-0.257383	-0.263203	-0.259434	
-0.143211	-0.146055	-0.137061	-0.14253	-0.140498	-0.136181	-0.144536	-0.136879	-0.143074	-0.144839	-0.142339	-0.14581	-0.150958	-0.144461	-0.149043	-0.160007	-0.162835	-0.173439	-0.18963	-0.18988	-0.190585	-0.206143	-0.244212	-0.262296	-0.259313	
-0.13936	-0.136489	-0.132033	-0.134815	-0.131448	-0.131615	-0.134097	-0.132049	-0.135849	-0.136919	-0.140417	-0.141633	-0.15009	-0.148246	-0.155733	-0.158883	-0.156962	-0.162285	-0.18274	-0.188793	-0.186315	-0.197437	-0.234163	-0.257243	-0.258371	
-0.134095	-0.131458	-0.13042	-0.130779	-0.129908	-0.129639	-0.130573	-0.13031	-0.13079	-0.133156	-0.133113	-0.135876	-0.141952	-0.141728	-0.149554	-0.16057	-0.157692	-0.157716	-0.177051	-0.186972	-0.186992	-0.188176	-0.221362	-0.252522	-0.259892	
-0.137607	-0.135674	-0.131291	-0.134817	-0.132141	-0.130932	-0.135179	-0.131559	-0.134923	-0.136416	-0.136992	-0.134163	-0.145397	-0.135839	-0.140877	-0.153389	-0.16177	-0.155468	-0.171889	-0.183203	-0.184627	-0.185546	-0.213925	-0.245923	-0.25721	
-0.135674	-0.124486	-0.129239	-0.126086	-0.123932	-0.127863	-0.122319	-0.129823	-0.125083	-0.129716	-0.1359	-0.131495	-0.143746	-0.145745	-0.145851	-0.148517	-0.153414	-0.152504	-0.168175	-0.182778	-0.184684	-0.181805	-0.206374	-0.240747	-0.256901	
-0.131291	-0.129239	-0.128037	-0.129586	-0.126987	-0.128955	-0.128225	-0.129047	-0.129311	-0.130522	-0.131248	-0.129612	-0.137273	-0.134028	-0.139698	-0.153028	-0.159358	-0.152483	-0.164212	-0.179408	-0.184031	-0.178819	-0.201783	-0.237584	-0.254764	
-0.134817	-0.126086	-0.129586	-0.126945	-0.125418	-0.128	-0.124063	-0.129822	-0.126246	-0.130029	-0.135204	-0.130213	-0.14091	-0.140674	-0.139597	-0.145044	-0.154994	-0.149945	-0.16309	-0.178185	-0.184204	-0.180548	-0.197549	-0.23241	-0.254108	
-0.132141	-0.123932	-0.126987	-0.125418	-0.12283	-0.126892	-0.122509	-0.128081	-0.125122	-0.128261	-0.132323	-0.128401	-0.138879	-0.139585	-0.140053	-0.146789	-0.155553	-0.151992	-0.161667	-0.178023	-0.18276	-0.177315	-0.196928	-0.232691	-0.253062	
-0.130932	-0.127863	-0.128955	-0.128	-0.126892	-0.128362	-0.126382	-0.128791	-0.127852	-0.128921	-0.131591	-0.129163	-0.135278	-0.134518	-0.138499	-0.149199	-0.157306	-0.14943	-0.161038	-0.176607	-0.184019	-0.179041	-0.195714	-0.231171	-0.252967	
-0.135179	-0.122319	-0.128225	-0.124063	-0.122509	-0.126382	-0.121031	-0.128921	-0.12402	-0.128958	-0.135113	-0.129347	-0.142512	-0.144164	-0.140897	-0.14325	-0.153709	-0.150982	-0.163012	-0.178723	-0.183043	-0.17966	-0.197111	-0.232007	-0.254028	
-0.131559	-0.129823	-0.129047	-0.129822	-0.128081	-0.128791	-0.128921	-0.128863	-0.129529	-0.130658	-0.131429	-0.129753	-0.136628	-0.133097	-0.138157	-0.151633	-0.159385	-0.152051	-0.163592	-0.178292	-0.183926	-0.178207	-0.199815	-0.23653	-0.254292	
-0.134923	-0.125083	-0.129311	-0.126246	-0.125122	-0.127852	-0.12402	-0.129529	-0.126672	-0.129335	-0.135079	-0.131134	-0.141919	-0.142913	-0.144825	-0.149251	-0.155192	-0.150422	-0.166375	-0.181415	-0.184352	-0.183159	-0.204332	-0.237446	-0.256277	
-0.136416	-0.129716	-0.130522	-0.130029	-0.128261	-0.128921	-0.128958	-0.130658	-0.129335	-0.134106	-0.135542	-0.132605	-0.144174	-0.140751	-0.142241	-0.151252	-0.157791	-0.155605	-0.171521	-0.183015	-0.18473	-0.181983	-0.209627	-0.245322	-0.257592	
-0.136992	-0.1359	-0.131248	-0.135204	-0.132323	-0.131591	-0.135113	-0.131429	-0.135079	-0.135542	-0.135278	-0.136199	-0.144001	-0.136636	-0.144038	-0.157905	-0.160929	-0.156519	-0.173873	-0.18458	-0.186245	-0.187874	-0.218699	-0.249489	-0.258458	
-0.134163	-0.131495	-0.129612	-0.130213	-0.128401	-0.129163	-0.129347	-0.129753	-0.131134	-0.132605	-0.136199	-0.137992	-0.144713	-0.147967	-0.157226	-0.16079	-0.155549	-0.159795	-0.17958	-0.189445	-0.186177	-0.192814	-0.229784	-0.25489	-0.258692	
-0.145397	-0.143746	-0.137273	-0.14091	-0.138879	-0.135278	-0.142512	-0.136628	-0.141919	-0.144174	-0.144001	-0.144713	-0.153911	-0.145404	-0.148415	-0.155882	-0.161171	-0.168713	-0.188377	-0.189813	-0.188622	-0.203071	-0.238172	-0.259901	-0.260589	
-0.135839	-0.145745	-0.134028	-0.140674	-0.139585	-0.134518	-0.144164	-0.133097	-0.142913	-0.140751	-0.136636	-0.147967	-0.145404	-0.145033	-0.159856	-0.172032	-0.165883	-0.176012	-0.189546	-0.190145	-0.192191	-0.213949	-0.254007	-0.264703	-0.25844	
-0.140877	-0.145851	-0.139698	-0.139597	-0.140053	-0.138499	-0.140897	-0.138157	-0.144825	-0.142241	-0.144038	-0.157226	-0.148415	-0.159856	-0.171895	-0.170099	-0.161851	-0.182595	-0.195031	-0.1953	-0.201205	-0.232348	-0.261809	-0.263732	-0.261564	
-0.153389	-0.148517	-0.153028	-0.145044	-0.146789	-0.149199	-0.14325	-0.151633	-0.149251	-0.151252	-0.157905	-0.16079	-0.155882	-0.172032	-0.170099	-0.160813	-0.17068	-0.199761	-0.200207	-0.197937	-0.211319	-0.248957	-0.270703	-0.265902	-0.266059	
-0.16177	-0.153414	-0.159358	-0.154994	-0.155553	-0.157306	-0.153709	-0.159385	-0.155192	-0.157791	-0.160929	-0.155549	-0.161171	-0.165883	-0.161851	-0.17068	-0.198426	-0.20875	-0.198408	-0.202759	-0.232491	-0.268268	-0.271453	-0.265651	-0.282719	
-0.155468	-0.152504	-0.152483	-0.149945	-0.151992	-0.14943	-0.150982	-0.152051	-0.150422	-0.155605	-0.156519	-0.159795	-0.168713	-0.176012	-0.182595	-0.199761	-0.20875	-0.200641	-0.195548	-0.220801	-0.257705	-0.277437	-0.272742	-0.274394	-0.312312	
-0.171889	-0.168175	-0.164212	-0.16309	-0.161667	-0.161038	-0.163012	-0.163592	-0.166375	-0.171521	-0.173873	-0.17958	-0.188377	-0.189546	-0.195031	-0.200207	-0.198408	-0.195548	-0.216302	-0.254657	-0.278994	-0.281133	-0.270315	-0.292829	-0.367506	
-0.183203	-0.182778	-0.179408	-0.178185	-0.178023	-0.176607	-0.178723	-0.178292	-0.181415	-0.183015	-0.18458	-0.189445	-0.189813	-0.190145	-0.1953	-0.197937	-0.202759	-0.220801	-0.254657	-0.278427	-0.281989	-0.272494	-0.283435	-0.343806	-0.445684	
-0.184627	-0.184684	-0.184031	-0.184204	-0.18276	-0.184019	-0.183043	-0.183926	-0.184352	-0.18473	-0.186245	-0.186177	-0.188622	-0.192191	-0.201205	-0.211319	-0.232491	-0.257705	-0.278994	-0.281989	-0.275281	-0.282066	-0.327337	-0.417703	-0.544571	
-0.185546	-0.181805	-0.178819	-0.180548	-0.177315	-0.179041	-0.17966	-0.178207	-0.183159	-0.181983	-0.187874	-0.192814	-0.203071	-0.213949	-0.232348	-0.248957	-0.268268	-0.277437	-0.281133	-0.272494	-0.282066	-0.320064	-0.40443	-0.524881	-0.656737	
-0.213925	-0.206374	-0.201783	-0.197549	-0.196928	-0.195714	-0.197111	-0.199815	-0.204332	-0.209627	-0.218699	-0.229784	-0.238172	-0.254007	-0.261809	-0.270703	-0.271453	-0.272742	-0.270315	-0.283435	-0.327337	-0.40443	-0.520177	-0.63981	-0.754899	
-0.245923	-0.240747	-0.237584	-0.23241	-0.232691	-0.231171	-0.232007	-0.23653	-0.237446	-0.245322	-0.249489	-0.25489	-0.259901	-0.264703	-0.263732	-0.265902	-0.265651	-0.274394	-0.292829	-0.343806	-0.417703	-0.524881	-0.63981	-0.747365	-0.835895	
-0.25721	-0.256901	-0.254764	-0.254108	-0.253062	-0.252967	-0.254028	-0.254292	-0.256277	-0.257592	-0.258458	-0.258692	-0.260589	-0.25844	-0.261564	-0.266059	-0.282719	-0.312312	-0.367506	-0.445684	-0.544571	-0.656737	-0.754899	-0.835895	-0.865616	
