-0.0702891	-0.0662628	-0.0596771	-0.0551488	-0.0651093	-0.0803229	-0.092018	-0.11879	-0.176456	-0.264495	-0.380591	-0.516054	-0.658412	-0.799589	-0.914941	-0.957471	-0.898217	-0.750683	-0.550223	-0.334969	-0.143104	-0.00225922	0.079599	0.103429	0.0712486	
-0.059659	-0.0582395	-0.0530204	-0.0525542	-0.0649695	-0.0765646	-0.0846503	-0.110648	-0.165091	-0.245675	-0.352014	-0.478983	-0.621426	-0.774296	-0.906568	-0.965612	-0.922448	-0.78946	-0.6	-0.394815	-0.21459	-0.0815791	0.00493944	0.047585	0.0423016	
-0.0547521	-0.0536738	-0.0496516	-0.0530003	-0.0658315	-0.0727822	-0.0785534	-0.104534	-0.155089	-0.22731	-0.322994	-0.441156	-0.583805	-0.746839	-0.892836	-0.966678	-0.941002	-0.825808	-0.65121	-0.45985	-0.293632	-0.168829	-0.0770296	-0.0145714	0.00935347	
-0.0525607	-0.051228	-0.048563	-0.0551465	-0.0665341	-0.0688209	-0.0740197	-0.10035	-0.146164	-0.209296	-0.293875	-0.403542	-0.546482	-0.7172	-0.872914	-0.959731	-0.953066	-0.859148	-0.70381	-0.53041	-0.38022	-0.263328	-0.165457	-0.0825919	-0.0275314	
-0.0518707	-0.0495468	-0.0490329	-0.0582582	-0.0664726	-0.0648953	-0.0713634	-0.0978753	-0.137979	-0.191583	-0.265198	-0.367294	-0.510313	-0.685203	-0.846088	-0.944144	-0.958044	-0.888976	-0.757738	-0.606644	-0.473998	-0.364038	-0.259177	-0.155714	-0.0680511	
-0.0507385	-0.0486657	-0.0513145	-0.0614794	-0.0651356	-0.0615655	-0.0708749	-0.0966883	-0.130137	-0.174227	-0.237738	-0.333646	-0.475917	-0.650512	-0.8119	-0.919715	-0.955625	-0.914913	-0.812871	-0.688379	-0.574165	-0.469568	-0.356734	-0.232824	-0.111601	
-0.0501543	-0.0492072	-0.0546284	-0.0637266	-0.0627502	-0.0597065	-0.0724971	-0.0961188	-0.122295	-0.157486	-0.212487	-0.303739	-0.443533	-0.612705	-0.77031	-0.886767	-0.945846	-0.936746	-0.868954	-0.774968	-0.679391	-0.578197	-0.456425	-0.312426	-0.157223	
-0.0497299	-0.0505672	-0.0584504	-0.0646778	-0.0599697	-0.0599392	-0.075749	-0.0954397	-0.114289	-0.141869	-0.190563	-0.278399	-0.412939	-0.571418	-0.721845	-0.846199	-0.929154	-0.954459	-0.92551	-0.865138	-0.787746	-0.687915	-0.556332	-0.392642	-0.203585	
-0.0496322	-0.0536455	-0.0622444	-0.0637856	-0.0576581	-0.0627206	-0.0798221	-0.0939539	-0.106204	-0.128156	-0.173051	-0.257906	-0.383457	-0.526548	-0.667708	-0.799501	-0.906447	-0.968251	-0.981729	-0.956862	-0.896683	-0.796464	-0.654363	-0.471237	-0.24901	
-0.0515679	-0.0577121	-0.0643678	-0.0613868	-0.0573213	-0.0679116	-0.0834617	-0.0912175	-0.0985401	-0.117347	-0.160734	-0.241811	-0.354115	-0.478488	-0.609803	-0.748698	-0.879092	-0.9785	-1.03635	-1.0473	-1.00307	-0.901362	-0.748258	-0.545691	-0.291574	
-0.0543212	-0.0613626	-0.0645934	-0.0589983	-0.0598979	-0.0743587	-0.0854624	-0.0873855	-0.0921779	-0.110434	-0.153792	-0.228911	-0.323952	-0.428329	-0.550662	-0.696265	-0.848902	-0.985678	-1.08757	-1.13283	-1.10328	-0.999906	-0.835577	-0.613316	-0.329268	
-0.058048	-0.064352	-0.0631212	-0.0579416	-0.0654361	-0.0804907	-0.0851562	-0.0831969	-0.0882021	-0.108139	-0.151574	-0.217415	-0.292408	-0.377954	-0.493265	-0.645	-0.818039	-0.990192	-1.13299	-1.20924	-1.19334	-1.08913	-0.91367	-0.671432	-0.360226	
-0.0623186	-0.0652588	-0.060526	-0.0598753	-0.0732061	-0.0845095	-0.0825873	-0.0799325	-0.0877073	-0.110574	-0.152487	-0.20535	-0.259734	-0.329967	-0.440783	-0.597865	-0.788823	-0.992179	-1.16973	-1.27201	-1.26907	-1.16572	-0.979651	-0.717573	-0.382978	
-0.0651424	-0.0636135	-0.0591897	-0.0658817	-0.0809499	-0.0849532	-0.0789726	-0.0792268	-0.0913705	-0.116908	-0.154178	-0.19118	-0.227271	-0.287447	-0.396297	-0.557794	-0.76342	-0.991297	-1.19457	-1.31673	-1.32633	-1.226	-1.03041	-0.749701	-0.396669	
-0.0652004	-0.061072	-0.0617835	-0.0746433	-0.0856483	-0.0820589	-0.076592	-0.0823586	-0.0990045	-0.125312	-0.154079	-0.17445	-0.197458	-0.253552	-0.362542	-0.52743	-0.743432	-0.98658	-1.20435	-1.33954	-1.36108	-1.26586	-1.06271	-0.766382	-0.401185	
-0.0626229	-0.0611383	-0.068833	-0.082652	-0.085724	-0.0781121	-0.0776685	-0.0896399	-0.109461	-0.133222	-0.150151	-0.156267	-0.173536	-0.231073	-0.341685	-0.50877	-0.729459	-0.976433	-1.19639	-1.33749	-1.36962	-1.28098	-1.07338	-0.766873	-0.397118	
-0.0617747	-0.0657579	-0.0775057	-0.0868165	-0.0822634	-0.076166	-0.0833913	-0.100376	-0.120694	-0.137853	-0.141763	-0.139427	-0.158959	-0.222055	-0.335142	-0.502726	-0.720751	-0.958829	-1.16886	-1.30875	-1.3487	-1.26712	-1.05961	-0.751074	-0.385536	
-0.0646429	-0.0730013	-0.0847078	-0.0863426	-0.0779934	-0.0787895	-0.0937512	-0.11286	-0.129904	-0.137128	-0.130438	-0.127996	-0.156644	-0.227556	-0.343357	-0.508664	-0.71509	-0.931676	-1.12112	-1.25263	-1.29575	-1.22072	-1.01936	-0.71933	-0.367588	
-0.0702615	-0.0814177	-0.0881687	-0.0819365	-0.0766081	-0.0876106	-0.107203	-0.124281	-0.134314	-0.130925	-0.119995	-0.126319	-0.16833	-0.247578	-0.365512	-0.52406	-0.709026	-0.893263	-1.05367	-1.16944	-1.20926	-1.13963	-0.951683	-0.67212	-0.344024	
-0.0793625	-0.0877145	-0.0855733	-0.0773142	-0.082305	-0.101786	-0.120347	-0.131576	-0.132597	-0.121864	-0.115748	-0.137821	-0.194286	-0.281061	-0.39916	-0.544471	-0.698466	-0.842594	-0.967857	-1.06022	-1.08925	-1.02387	-0.857007	-0.609743	-0.314811	
-0.0865308	-0.087099	-0.0798589	-0.0791396	-0.0959975	-0.11702	-0.129475	-0.132992	-0.125923	-0.115069	-0.123043	-0.164077	-0.233362	-0.325754	-0.439939	-0.563993	-0.679472	-0.779433	-0.86531	-0.926691	-0.937808	-0.876126	-0.73721	-0.532141	-0.279	
-0.0865024	-0.0824563	-0.0786818	-0.0905853	-0.113202	-0.128268	-0.132671	-0.128832	-0.118249	-0.117098	-0.145632	-0.204421	-0.283207	-0.377946	-0.481626	-0.576207	-0.648962	-0.703989	-0.747445	-0.771345	-0.759529	-0.701838	-0.595498	-0.439019	-0.234993	
-0.0840027	-0.0801345	-0.0866247	-0.10866	-0.127426	-0.132742	-0.13012	-0.121775	-0.116134	-0.134043	-0.184285	-0.256201	-0.340435	-0.432192	-0.516749	-0.575385	-0.605002	-0.616357	-0.615279	-0.59783	-0.561525	-0.508726	-0.436168	-0.330355	-0.181233	
-0.081929	-0.0844832	-0.104154	-0.126362	-0.1336	-0.130596	-0.124068	-0.117494	-0.127314	-0.16901	-0.236409	-0.315573	-0.400491	-0.481306	-0.537814	-0.557506	-0.546541	-0.516054	-0.469771	-0.41133	-0.352902	-0.305777	-0.264385	-0.207241	-0.117154	
-0.083703	-0.100842	-0.125096	-0.134877	-0.131052	-0.124958	-0.119312	-0.124128	-0.15753	-0.220384	-0.297183	-0.378169	-0.457181	-0.517042	-0.538864	-0.520603	-0.472729	-0.402076	-0.312658	-0.218662	-0.143606	-0.102042	-0.0861071	-0.0728486	-0.0441105	
-0.0996294	-0.124195	-0.135948	-0.131669	-0.124979	-0.120608	-0.123166	-0.149528	-0.207203	-0.282503	-0.361414	-0.438761	-0.502442	-0.531722	-0.516701	-0.464177	-0.382347	-0.273713	-0.147368	-0.027742	0.0570926	0.0943616	0.0917815	0.066878	0.0340943	
-0.124195	-0.136357	-0.132143	-0.12474	-0.121208	-0.123248	-0.144529	-0.196884	-0.270555	-0.348538	-0.424218	-0.490146	-0.527359	-0.52035	-0.470944	-0.388005	-0.274019	-0.131937	0.0205893	0.15359	0.241932	0.276655	0.261291	0.203191	0.111392	
-0.135948	-0.132143	-0.124621	-0.121375	-0.123565	-0.141812	-0.18957	-0.261231	-0.33876	-0.413027	-0.479531	-0.52291	-0.524793	-0.481843	-0.402613	-0.291345	-0.147502	0.0193875	0.184263	0.319034	0.406244	0.439102	0.413364	0.325444	0.18042	
-0.131669	-0.12474	-0.121375	-0.123709	-0.140668	-0.185255	-0.25477	-0.33177	-0.404924	-0.470925	-0.518203	-0.527861	-0.492117	-0.418068	-0.312245	-0.173587	-0.00551707	0.173446	0.336857	0.464819	0.547433	0.576293	0.538464	0.422883	0.234069	
-0.124979	-0.121208	-0.123565	-0.140668	-0.183836	-0.251455	-0.327528	-0.399675	-0.464666	-0.513887	-0.529393	-0.500265	-0.431401	-0.331056	-0.199431	-0.0364169	0.145261	0.322033	0.473474	0.589523	0.663579	0.682619	0.62786	0.486906	0.26715	
-0.120608	-0.123248	-0.141812	-0.185255	-0.251455	-0.326101	-0.397097	-0.460899	-0.510633	-0.529887	-0.506073	-0.441813	-0.346133	-0.221042	-0.064887	0.114093	0.295319	0.458075	0.591824	0.692614	0.751982	0.752524	0.675402	0.51309	0.277625	
-0.123166	-0.144529	-0.18957	-0.25477	-0.327528	-0.397097	-0.459645	-0.508898	-0.529915	-0.50973	-0.449191	-0.357275	-0.237535	-0.0879889	0.0863241	0.267694	0.435343	0.577462	0.691205	0.77249	0.808609	0.781706	0.679229	0.502306	0.266994	
-0.149528	-0.196884	-0.261231	-0.33177	-0.399675	-0.460899	-0.508898	-0.529876	-0.511481	-0.453582	-0.364606	-0.249022	-0.105098	0.0642048	0.243755	0.413171	0.559214	0.678732	0.770259	0.825317	0.829051	0.76888	0.642713	0.460496	0.239746	
-0.207203	-0.270555	-0.33876	-0.404924	-0.464666	-0.510633	-0.529915	-0.511481	-0.455039	-0.368243	-0.255783	-0.116315	0.0483544	0.225199	0.394662	0.542479	0.664588	0.760674	0.825137	0.845709	0.810654	0.717215	0.574136	0.397194	0.202105	
-0.282503	-0.348538	-0.413027	-0.470925	-0.513887	-0.529887	-0.50973	-0.453582	-0.368243	-0.258015	-0.121856	0.0388664	0.21264	0.380983	0.529215	0.65237	0.75046	0.81969	0.849656	0.829163	0.754768	0.634622	0.485101	0.323311	0.160532	
-0.361414	-0.424218	-0.479531	-0.518203	-0.529393	-0.506073	-0.449191	-0.364606	-0.255783	-0.121856	0.0357106	0.206317	0.372626	0.520131	0.643282	0.742041	0.813707	0.849244	0.837813	0.775029	0.667837	0.532569	0.388149	0.248894	0.120466	
-0.438761	-0.490146	-0.52291	-0.527861	-0.500265	-0.441813	-0.357275	-0.249022	-0.116315	0.0388664	0.206317	0.369817	0.515527	0.637729	0.736217	0.808889	0.847728	0.842279	0.787334	0.688339	0.560665	0.423803	0.294389	0.181515	0.0855822	
-0.502442	-0.527359	-0.524793	-0.492117	-0.431401	-0.346133	-0.237535	-0.105098	0.0483544	0.21264	0.372626	0.515527	0.635864	0.733259	0.805844	0.846326	0.844704	0.795284	0.702185	0.579444	0.446127	0.319813	0.211819	0.12558	0.0576587	
-0.531722	-0.52035	-0.481843	-0.418068	-0.331056	-0.221042	-0.0879889	0.0642048	0.225199	0.380983	0.520131	0.637729	0.733259	0.804808	0.845529	0.845927	0.800181	0.711469	0.592552	0.461627	0.336307	0.228925	0.144707	0.0825241	0.0368943	
-0.516701	-0.470944	-0.402613	-0.312245	-0.199431	-0.064887	0.0863241	0.243755	0.394662	0.529215	0.643282	0.736217	0.805844	0.845529	0.8463	0.802532	0.716881	0.601073	0.472326	0.347827	0.24019	0.155516	0.0939454	0.05157	0.022452	
-0.464177	-0.388005	-0.291345	-0.173587	-0.0364169	0.114093	0.267694	0.413171	0.542479	0.65237	0.742041	0.808889	0.846326	0.845927	0.802532	0.718663	0.605297	0.478701	0.355403	0.247883	0.162593	0.100332	0.0580113	0.0306797	0.0130105	
-0.382347	-0.274019	-0.147502	-0.00551707	0.145261	0.295319	0.435343	0.559214	0.664588	0.75046	0.813707	0.847728	0.844704	0.800181	0.716881	0.605297	0.480825	0.359195	0.252483	0.167175	0.104398	0.0615245	0.0341044	0.0173943	0.00718773	
-0.273713	-0.131937	0.0193875	0.173446	0.322033	0.458075	0.577462	0.678732	0.760674	0.81969	0.849244	0.842279	0.795284	0.711469	0.601073	0.478701	0.359195	0.254022	0.169468	0.106786	0.0636386	0.0358927	0.019107	0.00940848	0.00378996	
-0.147368	0.0205893	0.184263	0.336857	0.473474	0.591824	0.691205	0.770259	0.825137	0.849656	0.837813	0.787334	0.702185	0.592552	0.472326	0.355403	0.252483	0.169468	0.107583	0.0646764	0.0368673	0.0199411	0.0102114	0.00485998	0.00190939	
-0.027742	0.15359	0.319034	0.464819	0.589523	0.692614	0.77249	0.825317	0.845709	0.829163	0.775029	0.688339	0.579444	0.461627	0.347827	0.247883	0.167175	0.106786	0.0646764	0.0371863	0.0203206	0.0105615	0.00521102	0.00239987	0.000920066	
0.0570926	0.241932	0.406244	0.547433	0.663579	0.751982	0.808609	0.829051	0.810654	0.754768	0.667837	0.560665	0.446127	0.336307	0.24019	0.162593	0.104398	0.0636386	0.0368673	0.0203206	0.0106678	0.00533783	0.00254164	0.00113394	0.000424458	
0.0943616	0.276655	0.439102	0.576293	0.682619	0.752524	0.781706	0.76888	0.717215	0.634622	0.532569	0.423803	0.319813	0.228925	0.155516	0.100332	0.0615245	0.0358927	0.0199411	0.0105615	0.00533783	0.00257613	0.00118565	0.000513032	0.000187615	
0.0917815	0.261291	0.413364	0.538464	0.62786	0.675402	0.679229	0.642713	0.574136	0.485101	0.388149	0.294389	0.211819	0.144707	0.0939454	0.0580113	0.0341044	0.019107	0.0102114	0.00521102	0.00254164	0.00118565	0.000528405	0.00022206	7.93982e-05	
0.066878	0.203191	0.325444	0.422883	0.486906	0.51309	0.502306	0.460496	0.397194	0.323311	0.248894	0.181515	0.12558	0.0825241	0.05157	0.0306797	0.0173943	0.00940848	0.00485998	0.00239987	0.00113394	0.000513032	0.00022206	9.08531e-05	3.18119e-05	
0.0340943	0.111392	0.18042	0.234069	0.26715	0.277625	0.266994	0.239746	0.202105	0.160532	0.120466	0.0855822	0.0576587	0.0368943	0.022452	0.0130105	0.00718773	0.00378996	0.00190939	0.000920066	0.000424458	0.000187615	7.93982e-05	3.18119e-05	1.09556e-05	
