0.0859724	0.0356952	0.0129495	0.0041271	0.0011626	0.00029126	6.52802e-05	1.31631e-05	2.40029e-06	3.97714e-07	6.01427e-08	8.33385e-09	1.06209e-09	1.24911e-10	1.35994e-11	1.37457e-12	1.29328e-13	1.13544e-14	9.32346e-16	7.17546e-17	5.18611e-18	3.52659e-19	2.26016e-20	1.3674e-21	7.82143e-23	
0.0356952	0.0134768	0.00447994	0.00131764	0.000344739	8.06677e-05	1.69709e-05	3.226e-06	5.5667e-07	8.75747e-08	1.26107e-08	1.66834e-09	2.03464e-10	2.29464e-11	2.40011e-12	2.33454e-13	2.11697e-14	1.7938e-15	1.42339e-16	1.05982e-17	7.41862e-19	4.89055e-20	3.04126e-21	1.78684e-22	9.93313e-24	
0.0129495	0.00447994	0.00137373	0.000375009	9.15701e-05	2.00964e-05	3.98255e-06	7.15849e-07	1.17198e-07	1.75456e-08	2.41072e-09	3.05026e-10	3.56539e-11	3.86126e-12	3.88495e-13	3.6406e-14	3.18505e-15	2.60717e-16	2.00088e-17	1.44247e-18	9.78594e-20	6.25812e-21	3.77847e-22	2.15708e-23	1.16601e-24	
0.0041271	0.00131764	0.000375009	9.55189e-05	2.18665e-05	4.51828e-06	8.46246e-07	1.44246e-07	2.24623e-08	3.20712e-09	4.2126e-10	5.10656e-11	5.72963e-12	5.96671e-13	5.78181e-14	5.22578e-15	4.41533e-16	3.49467e-17	2.59613e-18	1.81351e-19	1.19325e-20	7.40739e-22	4.34487e-23	2.41151e-24	1.2682e-25	
0.0011626	0.000344739	9.15701e-05	2.18665e-05	4.71225e-06	9.20009e-07	1.63354e-07	2.64756e-08	3.93067e-09	5.36339e-10	6.74722e-11	7.84873e-12	8.46564e-13	8.48839e-14	7.93129e-15	6.92145e-16	5.65332e-17	4.33038e-18	3.11654e-19	2.11107e-20	1.34814e-21	8.12898e-23	4.63495e-24	2.50242e-25	1.28099e-26	
0.00029126	8.06677e-05	2.00964e-05	4.51828e-06	9.20009e-07	1.70265e-07	2.87409e-08	4.44016e-09	6.29851e-10	8.22931e-11	9.93225e-12	1.11042e-12	1.15296e-13	1.1145e-14	1.00527e-15	8.47912e-17	6.70134e-18	4.97209e-19	3.46942e-20	2.28057e-21	1.41444e-22	8.28954e-24	4.59716e-25	2.41569e-26	1.20429e-27	
6.52802e-05	1.69709e-05	3.98255e-06	8.46246e-07	1.63354e-07	2.87409e-08	4.62413e-09	6.82494e-10	9.26898e-11	1.16169e-11	1.34733e-12	1.44982e-13	1.45102e-14	1.3538e-15	1.18007e-16	9.62989e-18	7.37106e-19	5.30179e-20	3.58958e-21	2.29135e-22	1.38111e-23	7.87191e-25	4.24849e-26	2.17396e-27	1.05599e-28	
1.31631e-05	3.226e-06	7.15849e-07	1.44246e-07	2.64756e-08	4.44016e-09	6.82494e-10	9.64367e-11	1.25625e-11	1.51285e-12	1.68862e-13	1.75128e-14	1.69154e-15	1.525e-16	1.28593e-17	1.01621e-18	7.53982e-20	5.26155e-21	3.45904e-22	2.14565e-23	1.25766e-24	6.97548e-26	3.66572e-27	1.82751e-28	8.65346e-30	
2.40029e-06	5.5667e-07	1.17198e-07	2.24623e-08	3.93067e-09	6.29851e-10	9.26898e-11	1.25625e-11	1.57238e-12	1.82224e-13	1.96019e-14	1.96182e-15	1.83086e-16	1.59662e-17	1.30367e-18	9.98541e-20	7.18738e-21	4.86979e-22	3.11082e-23	1.87636e-24	1.07016e-25	5.7791e-27	2.95871e-28	1.4378e-29	6.63968e-31	
3.97714e-07	8.75747e-08	1.75456e-08	3.20712e-09	5.36339e-10	8.22931e-11	1.16169e-11	1.51285e-12	1.82224e-13	2.03517e-14	2.11258e-15	2.04279e-16	1.84398e-17	1.55702e-18	1.23217e-19	9.15518e-21	6.39782e-22	4.21182e-23	2.61604e-24	1.53529e-25	8.52512e-27	4.48481e-28	2.23799e-29	1.0606e-30	4.77871e-32	
6.01427e-08	1.26107e-08	2.41072e-09	4.2126e-10	6.74722e-11	9.93225e-12	1.34733e-12	1.68862e-13	1.96019e-14	2.11258e-15	2.1187e-16	1.98155e-17	1.73186e-18	1.41724e-19	1.08792e-20	7.8476e-22	5.32818e-23	3.41042e-24	2.06095e-25	1.17752e-26	6.36933e-28	3.26582e-29	1.58923e-30	7.34802e-32	3.2316e-33	
8.33385e-09	1.66834e-09	3.05026e-10	5.10656e-11	7.84873e-12	1.11042e-12	1.44982e-13	1.75128e-14	1.96182e-15	2.04279e-16	1.98155e-17	1.79436e-18	1.51986e-19	1.20643e-20	8.99052e-22	6.30067e-23	4.15916e-24	2.59001e-25	1.52371e-26	8.48016e-28	4.47062e-29	2.23527e-30	1.06121e-31	4.78917e-33	2.0567e-34	
1.06209e-09	2.03464e-10	3.56539e-11	5.72963e-12	8.46564e-13	1.15296e-13	1.45102e-14	1.69154e-15	1.83086e-16	1.84398e-17	1.73186e-18	1.51986e-19	1.24871e-20	9.62237e-22	6.96658e-23	4.74666e-24	3.04835e-25	1.84796e-26	1.05896e-27	5.74391e-29	2.95273e-30	1.44029e-31	6.67396e-33	2.941e-34	1.23377e-35	
1.24911e-10	2.29464e-11	3.86126e-12	5.96671e-13	8.48839e-14	1.1145e-14	1.3538e-15	1.525e-16	1.59662e-17	1.55702e-18	1.41724e-19	1.20643e-20	9.62237e-22	7.2037e-23	5.07055e-24	3.36105e-25	2.10123e-26	1.24074e-27	6.92925e-29	3.66486e-30	1.83793e-31	8.75001e-33	3.95898e-34	1.70417e-35	6.98611e-37	
1.35994e-11	2.40011e-12	3.88495e-13	5.78181e-14	7.93129e-15	1.00527e-15	1.18007e-16	1.28593e-17	1.30367e-18	1.23217e-19	1.08792e-20	8.99052e-22	6.96658e-23	5.07055e-24	3.47219e-25	2.24049e-26	1.36432e-27	7.85117e-29	4.2754e-30	2.20595e-31	1.07972e-32	5.01911e-34	2.21826e-35	9.3308e-37	3.73918e-38	
1.37457e-12	2.33454e-13	3.6406e-14	5.22578e-15	6.92145e-16	8.47912e-17	9.62989e-18	1.01621e-18	9.98541e-20	9.15518e-21	7.8476e-22	6.30067e-23	4.74666e-24	3.36105e-25	2.24049e-26	1.40817e-27	8.35673e-29	4.68908e-30	2.491e-31	1.25439e-32	5.99485e-34	2.72206e-35	1.17558e-36	4.8338e-38	1.89419e-39	
1.29328e-13	2.11697e-14	3.18505e-15	4.41533e-16	5.65332e-17	6.70134e-18	7.37106e-19	7.53982e-20	7.18738e-21	6.39782e-22	5.32818e-23	4.15916e-24	3.04835e-25	2.10123e-26	1.36432e-27	8.35673e-29	4.8356e-30	2.64693e-31	1.37235e-32	6.74762e-34	3.1499e-35	1.3976e-36	5.90014e-38	2.3723e-39	9.09315e-41	
1.13544e-14	1.7938e-15	2.60717e-16	3.49467e-17	4.33038e-18	4.97209e-19	5.30179e-20	5.26155e-21	4.86979e-22	4.21182e-23	3.41042e-24	2.59001e-25	1.84796e-26	1.24074e-27	7.85117e-29	4.68908e-30	2.64693e-31	1.41407e-32	7.15844e-34	3.43796e-35	1.56823e-36	6.80169e-38	2.80779e-39	1.10428e-40	4.14156e-42	
9.32346e-16	1.42339e-16	2.00088e-17	2.59613e-18	3.11654e-19	3.46942e-20	3.58958e-21	3.45904e-22	3.11082e-23	2.61604e-24	2.06095e-25	1.52371e-26	1.05896e-27	6.92925e-29	4.2754e-30	2.491e-31	1.37235e-32	7.15844e-34	3.53967e-35	1.66114e-36	7.40688e-38	3.14128e-39	1.26841e-40	4.88102e-42	1.79167e-43	
7.17546e-17	1.05982e-17	1.44247e-18	1.81351e-19	2.11107e-20	2.28057e-21	2.29135e-22	2.14565e-23	1.87636e-24	1.53529e-25	1.17752e-26	8.48016e-28	5.74391e-29	3.66486e-30	2.20595e-31	1.25439e-32	6.74762e-34	3.43796e-35	1.66114e-36	7.62025e-38	3.32248e-39	1.37828e-40	5.44533e-42	2.05085e-43	7.36985e-45	
5.18611e-18	7.41862e-19	9.78594e-20	1.19325e-20	1.34814e-21	1.41444e-22	1.38111e-23	1.25766e-24	1.07016e-25	8.52512e-27	6.36933e-28	4.47062e-29	2.95273e-30	1.83793e-31	1.07972e-32	5.99485e-34	3.1499e-35	1.56823e-36	7.40688e-38	3.32248e-39	1.41696e-40	5.7513e-42	2.22388e-43	8.19969e-45	2.88542e-46	
3.52659e-19	4.89055e-20	6.25812e-21	7.40739e-22	8.12898e-23	8.28954e-24	7.87191e-25	6.97548e-26	5.7791e-27	4.48481e-28	3.26582e-29	2.23527e-30	1.44029e-31	8.75001e-33	5.01911e-34	2.72206e-35	1.3976e-36	6.80169e-38	3.14128e-39	1.37828e-40	5.7513e-42	2.28472e-43	8.64874e-45	3.12266e-46	1.07628e-47	
2.26016e-20	3.04126e-21	3.77847e-22	4.34487e-23	4.63495e-24	4.59716e-25	4.24849e-26	3.66572e-27	2.95871e-28	2.23799e-29	1.58923e-30	1.06121e-31	6.67396e-33	3.95898e-34	2.21826e-35	1.17558e-36	5.90014e-38	2.80779e-39	1.26841e-40	5.44533e-42	2.22388e-43	8.64874e-45	3.20596e-46	1.13376e-47	3.82835e-49	
1.3674e-21	1.78684e-22	2.15708e-23	2.41151e-24	2.50242e-25	2.41569e-26	2.17396e-27	1.82751e-28	1.4378e-29	1.0606e-30	7.34802e-32	4.78917e-33	2.941e-34	1.70417e-35	9.3308e-37	4.8338e-38	2.3723e-39	1.10428e-40	4.88102e-42	2.05085e-43	8.19969e-45	3.12266e-46	1.13376e-47	3.928e-49	1.29971e-50	
7.82143e-23	9.93313e-24	1.16601e-24	1.2682e-25	1.28099e-26	1.20429e-27	1.05599e-28	8.65346e-30	6.63968e-31	4.77871e-32	3.2316e-33	2.0567e-34	1.23377e-35	6.98611e-37	3.73918e-38	1.89419e-39	9.09315e-41	4.14156e-42	1.79167e-43	7.36985e-45	2.88542e-46	1.07628e-47	3.82835e-49	1.29971e-50	4.21494e-52	
4.23574e-24	5.23181e-25	5.97588e-26	6.32748e-27	6.22499e-28	5.70269e-29	4.87483e-30	3.89615e-31	2.91691e-32	2.04924e-33	1.35325e-34	8.41335e-36	4.93203e-37	2.73005e-38	1.42887e-39	7.08038e-41	3.32577e-42	1.48254e-43	6.27884e-45	2.52912e-46	9.69866e-48	3.54421e-49	1.23535e-50	4.1105e-52	1.30676e-53	
2.17475e-25	2.61424e-26	2.90739e-27	2.99873e-28	2.87504e-29	2.56788e-30	2.14106e-31	1.66978e-32	1.22032e-33	8.37214e-35	5.401e-36	3.28149e-37	1.88053e-38	1.01792e-39	5.21147e-41	2.52681e-42	1.16165e-43	5.0696e-45	2.10251e-46	8.29513e-48	3.11643e-49	1.11596e-50	3.81233e-52	1.24352e-53	3.87602e-55	
1.05993e-26	1.24078e-27	1.34438e-28	1.35146e-29	1.2634e-30	1.10073e-31	8.95607e-33	6.81864e-34	4.8666e-35	3.2618e-36	2.05643e-37	1.22145e-38	6.84513e-40	3.62449e-41	1.81572e-42	8.61657e-44	3.87816e-45	1.65736e-46	6.73256e-48	2.60231e-49	9.5803e-51	3.36237e-52	1.12601e-53	3.60113e-55	1.10073e-56	
4.90966e-28	5.60026e-29	5.91481e-30	5.79832e-31	5.28796e-32	4.49617e-33	3.57155e-34	2.65566e-35	1.85177e-36	1.21298e-37	7.47628e-39	4.34266e-40	2.38069e-41	1.23348e-42	6.04801e-44	2.8099e-45	1.23846e-46	5.18411e-48	2.06316e-49	7.81449e-51	2.81966e-52	9.70109e-54	3.18533e-55	9.98986e-57	2.9949e-58	
2.16384e-29	2.40634e-30	2.47869e-31	2.3707e-32	2.11016e-33	1.75177e-34	1.3591e-35	9.87365e-37	6.72892e-38	4.30926e-39	2.59751e-40	1.47597e-41	7.91764e-43	4.01524e-44	1.92749e-45	8.7695e-47	3.78591e-48	1.55261e-49	6.055e-51	2.24781e-52	7.95087e-54	2.68211e-55	8.63616e-57	2.65648e-58	7.81224e-60	
9.08371e-31	9.85349e-32	9.90379e-33	9.24594e-34	8.03588e-35	6.51609e-36	4.93964e-37	3.50747e-38	2.33705e-39	1.46374e-40	8.63138e-42	4.79935e-43	2.51998e-44	1.25118e-45	5.88179e-47	2.62121e-48	1.10867e-49	4.45545e-51	1.70303e-52	6.1977e-54	2.14944e-55	7.11049e-57	2.24557e-58	6.77578e-60	1.95496e-61	
3.63585e-32	3.84891e-33	3.77653e-34	3.44292e-35	2.92304e-36	2.31606e-37	1.71615e-38	1.19146e-39	7.76443e-41	4.75752e-42	2.74531e-43	1.49417e-44	7.68119e-46	3.7348e-47	1.71979e-48	7.50892e-50	3.11227e-51	1.22589e-52	4.59354e-54	1.63907e-55	5.57451e-57	1.80869e-58	5.60325e-60	1.65876e-61	4.69602e-63	
1.3889e-33	1.4355e-34	1.37559e-35	1.22515e-36	1.01646e-37	7.87278e-39	5.70405e-40	3.87331e-41	2.46947e-42	1.48075e-43	8.36392e-45	4.457e-46	2.24387e-47	1.06871e-48	4.82151e-50	2.06296e-51	8.38069e-53	3.2361e-54	1.18895e-55	4.16036e-57	1.3878e-58	4.41708e-60	1.34252e-61	3.89973e-63	1.08344e-64	
5.06826e-35	5.11652e-36	4.79037e-37	4.16963e-38	3.38184e-39	2.56134e-40	1.81517e-41	1.20594e-42	7.52438e-44	4.41652e-45	2.44255e-46	1.27471e-47	6.28634e-49	2.93348e-50	1.29693e-51	5.43899e-53	2.16611e-54	8.20109e-56	2.95484e-57	1.01412e-58	3.31847e-60	1.03624e-61	3.09043e-63	8.8096e-65	2.40216e-66	
1.76825e-36	1.74429e-37	1.59619e-38	1.35832e-39	1.07737e-40	7.98174e-42	5.53451e-43	3.59856e-44	2.19795e-45	1.26321e-46	6.84204e-48	3.49779e-49	1.69009e-50	7.72883e-52	3.34924e-53	1.37698e-54	5.37703e-56	1.99644e-57	7.05524e-59	2.37532e-60	7.62583e-62	2.33659e-63	6.83859e-65	1.9133e-66	5.12098e-68	
5.90318e-38	5.69221e-39	5.09304e-40	4.23872e-41	3.28884e-42	2.38414e-43	1.61798e-44	1.02988e-45	6.1594e-47	3.467e-48	1.83956e-49	9.21432e-51	4.3632e-52	1.95575e-53	8.30867e-55	3.34942e-56	1.28267e-57	4.67115e-59	1.61934e-60	5.34893e-62	1.68503e-63	5.06676e-65	1.45544e-66	3.99701e-68	1.05021e-69	
1.88724e-39	1.7795e-40	1.5573e-41	1.26797e-42	9.62716e-44	6.83079e-45	4.53832e-46	2.82869e-47	1.65695e-48	9.1367e-50	4.75007e-51	2.33175e-52	1.08228e-53	4.75596e-55	1.98116e-56	7.83232e-58	2.94194e-59	1.05101e-60	3.57471e-62	1.15864e-63	3.58195e-65	1.05712e-66	2.98069e-68	8.03581e-70	2.07293e-71	
5.78223e-41	5.33318e-42	4.56642e-43	3.63852e-44	2.70411e-45	1.87845e-46	1.22214e-47	7.46108e-49	4.28157e-50	2.31336e-51	1.17869e-52	5.67156e-54	2.58081e-55	1.11205e-56	4.54303e-58	1.76166e-59	6.4913e-61	2.27525e-62	7.59356e-64	2.41539e-65	7.32894e-67	2.12313e-68	5.87681e-70	1.5555e-71	3.93982e-73	
1.69902e-42	1.53337e-43	1.28495e-44	1.00224e-45	7.29291e-47	4.96131e-48	3.16172e-49	1.89102e-50	1.06334e-51	5.63075e-53	2.81225e-54	1.32667e-55	5.91965e-57	2.50156e-58	1.0024e-59	3.81317e-61	1.37856e-62	4.74143e-64	1.55297e-65	4.8483e-67	1.44403e-68	4.10664e-70	1.11601e-71	2.90035e-73	7.21353e-75	
4.79112e-44	4.23227e-45	3.47202e-46	2.65171e-47	1.88972e-48	1.25927e-49	7.86241e-51	4.60805e-52	2.53957e-53	1.31825e-54	6.45508e-56	2.98606e-57	1.30672e-58	5.41642e-60	2.12921e-61	7.94693e-63	2.81921e-64	9.51593e-66	3.0591e-67	9.37467e-69	2.74108e-70	7.65333e-72	2.04215e-73	5.21148e-75	1.27286e-76	
1.29745e-45	1.12212e-46	9.01438e-48	6.74295e-49	4.70728e-50	3.07341e-51	1.88046e-52	1.08021e-53	5.83588e-55	2.9701e-56	1.42616e-57	6.47031e-59	2.77736e-60	1.12939e-61	4.35603e-63	1.59538e-64	5.55441e-66	1.84015e-67	5.80676e-69	1.74694e-70	5.01492e-72	1.37484e-73	3.60232e-75	9.02776e-77	2.16548e-78	
3.37624e-47	2.8596e-48	2.25011e-49	1.6489e-50	1.12789e-51	7.21673e-53	4.32795e-54	2.43722e-55	1.29102e-56	6.44321e-58	3.03437e-59	1.35038e-60	5.6866e-62	2.26888e-63	8.58727e-65	3.08659e-66	1.05475e-67	3.4301e-69	1.0626e-70	3.13861e-72	8.84676e-74	2.38159e-75	6.12808e-77	1.50827e-78	3.55334e-80	
8.44738e-49	7.00858e-50	5.40299e-51	3.87971e-52	2.60086e-53	1.63121e-54	9.59039e-56	5.29542e-57	2.75078e-58	1.3465e-59	6.22029e-61	2.71578e-62	1.12213e-63	4.39346e-65	1.63194e-66	5.75745e-68	1.93128e-69	6.16582e-71	1.87535e-72	5.43891e-74	1.50541e-75	3.97986e-77	1.00573e-78	2.43121e-80	5.62585e-82	
2.03332e-50	1.65292e-51	1.24871e-52	8.78815e-54	5.77501e-55	3.55098e-56	2.04711e-57	1.1085e-58	5.64783e-60	2.71194e-61	1.22911e-62	5.26546e-64	2.13499e-65	8.20386e-67	2.99105e-68	1.03585e-69	3.41118e-71	1.06925e-72	3.19329e-74	9.09428e-76	2.47197e-77	6.41823e-79	1.593e-80	3.78239e-82	8.59736e-84	
4.71107e-52	3.75322e-53	2.77914e-54	1.91738e-55	1.23534e-56	7.44846e-58	4.21119e-59	2.23667e-60	1.11791e-61	5.26651e-63	2.34208e-64	9.84611e-66	3.91824e-67	1.47783e-68	5.28915e-70	1.79828e-71	5.8143e-73	1.78955e-74	5.24811e-76	1.4678e-77	3.91837e-79	9.9923e-81	2.43601e-82	5.68151e-84	1.26857e-85	
1.05122e-53	8.20931e-55	5.95938e-56	4.0313e-57	2.54699e-58	1.50615e-59	8.35264e-61	4.35206e-62	2.13416e-63	9.86548e-65	4.30551e-66	1.77648e-67	6.93913e-69	2.56922e-70	9.02737e-72	3.0135e-73	9.56721e-75	2.89159e-76	8.32788e-78	2.28752e-79	5.99781e-81	1.50234e-82	3.59764e-84	8.24245e-86	1.80792e-87	
2.26017e-55	1.7305e-56	1.2318e-57	8.17162e-59	5.06373e-60	2.93728e-61	1.59804e-62	8.16954e-64	3.93113e-65	1.78339e-66	7.63895e-68	3.09382e-69	1.18633e-70	4.31229e-72	1.48769e-73	4.8764e-75	1.52028e-76	4.51249e-78	1.27639e-79	3.44354e-81	8.86852e-83	2.18205e-84	5.133e-86	1.15527e-87	2.48939e-89	
4.6846e-57	3.51727e-58	2.45541e-59	1.5977e-60	9.712e-62	5.52696e-63	2.9504e-64	1.4801e-65	6.98967e-67	3.11225e-68	1.30857e-69	5.20274e-71	1.95864e-72	6.99047e-74	2.36806e-75	7.62245e-77	2.3338e-78	6.80343e-80	1.89012e-81	5.0088e-83	1.26712e-84	3.0626e-86	7.07739e-88	1.56485e-89	3.31273e-91	
9.3646e-59	6.89607e-60	4.7222e-61	3.01431e-62	1.79773e-63	1.00385e-64	5.25868e-66	2.58907e-67	1.20008e-68	5.24531e-70	2.16508e-71	8.45142e-73	3.12397e-74	1.09483e-75	3.64211e-77	1.15134e-78	3.46216e-80	9.91313e-82	2.70518e-83	7.04178e-85	1.74997e-86	4.15507e-88	9.43304e-90	2.04906e-91	4.26168e-93	
1.80566e-60	1.30439e-61	8.76296e-63	5.48833e-64	3.21192e-65	1.76012e-66	9.04954e-68	4.37331e-69	1.98991e-70	8.53862e-72	3.46036e-73	1.3263e-74	4.81412e-76	1.65685e-77	5.4131e-79	1.68066e-80	4.96398e-82	1.39612e-83	3.74246e-85	9.56994e-87	2.33635e-88	5.44983e-90	1.21553e-91	2.59409e-93	5.3007e-95	
