-0.0607119	-0.0720109	-0.084158	-0.0849904	-0.0808743	-0.079305	-0.0901263	-0.116048	-0.136294	-0.133478	-0.119675	-0.115809	-0.135031	-0.192918	-0.300997	-0.447324	-0.606358	-0.76336	-0.910751	-1.0274	-1.0794	-1.04058	-0.902789	-0.670594	-0.359062	
-0.0631966	-0.0773299	-0.086314	-0.0840442	-0.0800727	-0.0818877	-0.0981138	-0.124819	-0.138373	-0.129264	-0.115986	-0.117839	-0.146162	-0.215162	-0.329677	-0.470629	-0.613076	-0.747357	-0.868594	-0.958257	-0.990084	-0.947081	-0.823314	-0.616557	-0.332851	
-0.0675408	-0.0824374	-0.087072	-0.082638	-0.0802081	-0.0865672	-0.107594	-0.132399	-0.137875	-0.124171	-0.113982	-0.123547	-0.162703	-0.24323	-0.362081	-0.494414	-0.617837	-0.727412	-0.819757	-0.879441	-0.889323	-0.841991	-0.73316	-0.553809	-0.301547	
-0.0732186	-0.086529	-0.0864555	-0.0813402	-0.0819197	-0.0935544	-0.117802	-0.137771	-0.134809	-0.119142	-0.114732	-0.13392	-0.185348	-0.276913	-0.397052	-0.517323	-0.619565	-0.70261	-0.763522	-0.79086	-0.777779	-0.726152	-0.632641	-0.482022	-0.264711	
-0.0797319	-0.0889685	-0.0847288	-0.0808788	-0.0858232	-0.102698	-0.127592	-0.140075	-0.129692	-0.115439	-0.119397	-0.149937	-0.214539	-0.315503	-0.433025	-0.537831	-0.617068	-0.671895	-0.69919	-0.692732	-0.656584	-0.60084	-0.522414	-0.401148	-0.222083	
-0.0858732	-0.0891178	-0.0826274	-0.0821871	-0.0923131	-0.113315	-0.135569	-0.13888	-0.123632	-0.114559	-0.129163	-0.172476	-0.250299	-0.35771	-0.468082	-0.554306	-0.609045	-0.634087	-0.626162	-0.585652	-0.52733	-0.467734	-0.403515	-0.311532	-0.17368	
-0.0900383	-0.087255	-0.0814147	-0.0860442	-0.101296	-0.124186	-0.140383	-0.134456	-0.1183	-0.118102	-0.145154	-0.202169	-0.292065	-0.40164	-0.500059	-0.565084	-0.594084	-0.58793	-0.54404	-0.470635	-0.392014	-0.328849	-0.277398	-0.214038	-0.11991	
-0.0915116	-0.0844099	-0.0823206	-0.0928469	-0.112124	-0.133687	-0.141098	-0.127952	-0.115794	-0.127615	-0.168334	-0.239216	-0.338527	-0.444851	-0.526697	-0.568508	-0.570665	-0.532186	-0.452755	-0.349139	-0.252938	-0.186465	-0.145971	-0.110168	-0.0616687	
-0.0898823	-0.0820913	-0.0864958	-0.102492	-0.123474	-0.140057	-0.137628	-0.121449	-0.118387	-0.14443	-0.199365	-0.28316	-0.387546	-0.484506	-0.545788	-0.562948	-0.537197	-0.465785	-0.352697	-0.223021	-0.112575	-0.0430394	-0.0116355	-0.00215527	-0.000406003	
-0.0860499	-0.0825852	-0.0945356	-0.113984	-0.133457	-0.141966	-0.131121	-0.117762	-0.128202	-0.169528	-0.238426	-0.332659	-0.436181	-0.517612	-0.555303	-0.546786	-0.4921	-0.388028	-0.244818	-0.094453	0.026587	0.0988534	0.122691	0.106999	0.0618642	
-0.0829516	-0.0877249	-0.105711	-0.125558	-0.14015	-0.139115	-0.124054	-0.120027	-0.146904	-0.203407	-0.284973	-0.38532	-0.480876	-0.541296	-0.55345	-0.518407	-0.433963	-0.298806	-0.130669	0.0342331	0.162182	0.236553	0.253574	0.213578	0.12263	
-0.0838238	-0.097596	-0.118254	-0.135224	-0.142133	-0.132689	-0.12003	-0.131153	-0.175451	-0.245929	-0.337462	-0.437682	-0.5178	-0.55305	-0.538645	-0.476225	-0.361794	-0.198809	-0.0123454	0.160721	0.292053	0.367304	0.377108	0.313315	0.179041	
-0.0903631	-0.110732	-0.130029	-0.141053	-0.139069	-0.125662	-0.123222	-0.153229	-0.213931	-0.296131	-0.393127	-0.485422	-0.543287	-0.55088	-0.509438	-0.418812	-0.275329	-0.0896403	0.107669	0.282883	0.414252	0.488215	0.489045	0.401682	0.228153	
-0.102456	-0.124784	-0.138659	-0.141657	-0.132545	-0.122645	-0.137418	-0.18704	-0.261507	-0.351981	-0.447913	-0.523809	-0.554261	-0.533278	-0.464452	-0.345162	-0.175329	0.0262089	0.226746	0.398881	0.526942	0.596215	0.585012	0.474296	0.267242	
-0.118405	-0.136402	-0.14198	-0.137382	-0.126539	-0.12888	-0.164967	-0.231918	-0.316392	-0.410135	-0.496688	-0.548336	-0.548509	-0.499078	-0.402442	-0.25508	-0.0637889	0.145574	0.342384	0.50715	0.628216	0.688057	0.660847	0.527403	0.294147	
-0.133643	-0.142085	-0.139718	-0.131199	-0.126712	-0.148738	-0.206147	-0.285891	-0.375708	-0.46582	-0.533815	-0.555375	-0.524676	-0.447255	-0.322551	-0.149599	0.0560775	0.264986	0.452401	0.606237	0.715894	0.760427	0.713019	0.558373	0.307583	
-0.142458	-0.141087	-0.134383	-0.128185	-0.138951	-0.184454	-0.259077	-0.345872	-0.435283	-0.513073	-0.554023	-0.542602	-0.482013	-0.376889	-0.224799	-0.0312909	0.180134	0.381111	0.554968	0.694514	0.787388	0.810193	0.739111	0.566123	0.307353	
-0.142931	-0.136087	-0.130331	-0.134594	-0.16786	-0.235261	-0.320029	-0.407776	-0.489557	-0.545448	-0.553302	-0.509007	-0.42001	-0.287416	-0.11065	0.0957342	0.303873	0.491098	0.64843	0.769866	0.839738	0.834808	0.738262	0.551369	0.294428	
-0.137489	-0.131479	-0.133391	-0.156814	-0.214895	-0.297149	-0.384126	-0.466537	-0.531817	-0.557096	-0.529498	-0.454482	-0.33821	-0.179231	0.0165525	0.226244	0.42307	0.59268	0.730923	0.829484	0.869895	0.832811	0.711491	0.516647	0.270848	
-0.131522	-0.13309	-0.150553	-0.198866	-0.276843	-0.363903	-0.446119	-0.515941	-0.554935	-0.543959	-0.482305	-0.379214	-0.236481	-0.0544676	0.151599	0.354682	0.534305	0.683926	0.799955	0.869936	0.875263	0.804336	0.661789	0.466056	0.239454	
-0.132483	-0.147504	-0.18758	-0.259515	-0.346445	-0.429043	-0.500394	-0.548566	-0.552752	-0.504582	-0.412588	-0.283319	-0.115807	0.0824455	0.28804	0.476102	0.635067	0.762704	0.852153	0.887614	0.854412	0.751471	0.593921	0.404765	0.203504	
-0.146139	-0.180587	-0.245844	-0.33155	-0.415188	-0.486888	-0.54013	-0.556654	-0.521806	-0.43997	-0.321367	-0.167191	0.0206494	0.224892	0.419356	0.586821	0.723339	0.8261	0.883425	0.879529	0.807769	0.678325	0.513931	0.338346	0.166241	
-0.176851	-0.236235	-0.319571	-0.404242	-0.476172	-0.531572	-0.556938	-0.534341	-0.462326	-0.352274	-0.209262	-0.032688	0.166885	0.365109	0.540211	0.684418	0.796792	0.870138	0.889653	0.8443	0.738081	0.590735	0.428416	0.272081	0.130492	
-0.230648	-0.311122	-0.396135	-0.468349	-0.524245	-0.555115	-0.542753	-0.480145	-0.37732	-0.243133	-0.0772523	0.115389	0.314517	0.495901	0.647142	0.766955	0.852015	0.890144	0.867829	0.78302	0.650412	0.495591	0.343708	0.210355	0.0983873	
-0.306748	-0.391075	-0.463262	-0.518851	-0.55258	-0.547872	-0.493731	-0.397298	-0.269956	-0.113349	0.0713152	0.268776	0.454614	0.612187	0.738154	0.831785	0.884341	0.881838	0.817318	0.699666	0.551631	0.399941	0.265123	0.15626	0.0712207	
-0.389346	-0.460755	-0.515615	-0.550374	-0.550648	-0.503405	-0.412621	-0.290658	-0.141627	0.0350654	0.228944	0.417197	0.5801	0.711343	0.811317	0.874717	0.888667	0.842906	0.740747	0.600829	0.449437	0.310044	0.196442	0.111459	0.0494763	
-0.460755	-0.514543	-0.54913	-0.551928	-0.509545	-0.423477	-0.305847	-0.162808	0.00662606	0.195807	0.38454	0.551449	0.687156	0.791896	0.863215	0.890297	0.861175	0.77443	0.644129	0.494754	0.351188	0.230612	0.139696	0.0762966	0.0329718	
-0.515615	-0.54913	-0.552288	-0.512508	-0.429958	-0.315858	-0.177509	-0.0142642	0.169841	0.357459	0.526856	0.666081	0.774394	0.851336	0.888487	0.873484	0.801299	0.681532	0.536034	0.389944	0.262824	0.164412	0.0952743	0.050097	0.0210718	
-0.550374	-0.551928	-0.512508	-0.432112	-0.320838	-0.186166	-0.0279449	0.151264	0.336617	0.506946	0.648555	0.759404	0.840183	0.884736	0.8812	0.822087	0.713019	0.572828	0.426029	0.293732	0.18818	0.112258	0.0622814	0.0315403	0.0129114	
-0.550648	-0.509545	-0.429958	-0.320838	-0.189026	-0.0347046	0.140129	0.322483	0.49228	0.63498	0.747343	0.830534	0.880246	0.885602	0.837659	0.738777	0.604726	0.458787	0.322879	0.211232	0.128798	0.073362	0.0390064	0.0190348	0.00758379	
-0.503405	-0.423477	-0.315858	-0.186166	-0.0347046	0.136422	0.315349	0.483297	0.625708	0.738513	0.822916	0.875928	0.887798	0.84892	0.759176	0.631517	0.487615	0.349575	0.233091	0.14491	0.0842221	0.0458675	0.023398	0.01101	0.00426995	
-0.412621	-0.305847	-0.177509	-0.0279449	0.140129	0.315349	0.480271	0.621001	0.733126	0.817669	0.872429	0.888682	0.85671	0.77469	0.653164	0.512061	0.373175	0.253139	0.16018	0.0947911	0.0525994	0.0274293	0.0134406	0.00610322	0.00230461	
-0.290658	-0.162808	-0.0142642	0.151264	0.322483	0.483297	0.621001	0.731316	0.814998	0.870171	0.888913	0.861741	0.785807	0.669758	0.531828	0.393139	0.270788	0.174111	0.104749	0.0591137	0.0313705	0.0156879	0.0073934	0.00324252	0.00119252	
-0.141627	0.00662606	0.169841	0.336617	0.49228	0.625708	0.733126	0.814998	0.869393	0.888923	0.864541	0.792952	0.681449	0.54674	0.409052	0.285527	0.186229	0.113731	0.0651842	0.0351458	0.0178678	0.00858192	0.00389489	0.00165129	0.000591719	
0.0350654	0.195807	0.357459	0.506946	0.63498	0.738513	0.817669	0.870171	0.888923	0.865438	0.796443	0.68839	0.556708	0.420615	0.296942	0.196115	0.121389	0.0705641	0.0386083	0.0199261	0.00972122	0.00449118	0.00196543	0.000806266	0.000281624	
0.228944	0.38454	0.526856	0.648555	0.747343	0.822916	0.872429	0.888913	0.864541	0.796443	0.690691	0.561698	0.427627	0.304723	0.203428	0.12742	0.0750217	0.0416033	0.0217742	0.0107769	0.0050538	0.00224919	0.000950293	0.000377558	0.00012861	
0.417197	0.551449	0.666081	0.759404	0.830534	0.875928	0.888682	0.861741	0.792952	0.68839	0.561698	0.429977	0.308665	0.207918	0.131581	0.0783589	0.0439891	0.0233222	0.0116994	0.005563	0.00251162	0.00107834	0.00044041	0.000169628	5.63779e-05	
0.5801	0.687156	0.774394	0.840183	0.880246	0.887798	0.85671	0.785807	0.681449	0.556708	0.427627	0.308665	0.209432	0.133705	0.0804245	0.0456493	0.0244909	0.0124403	0.00599284	0.00274232	0.00119387	0.000495164	0.000195725	7.31493e-05	2.37334e-05	
0.711343	0.791896	0.851336	0.884736	0.885602	0.84892	0.77469	0.669758	0.54674	0.420615	0.304723	0.207918	0.133705	0.0811237	0.0465009	0.0252184	0.0129589	0.00631933	0.0029287	0.00129185	0.000543109	0.000217892	8.34518e-05	3.02916e-05	9.5993e-06	
0.811317	0.863215	0.888487	0.8812	0.837659	0.759176	0.653164	0.531828	0.409052	0.296942	0.203428	0.131581	0.0804245	0.0465009	0.0254653	0.0132259	0.00652339	0.00305974	0.00136659	0.000581969	0.000236601	9.19353e-05	3.41552e-05	1.20519e-05	3.73224e-06	
0.874717	0.890297	0.873484	0.822087	0.738777	0.631517	0.512061	0.393139	0.285527	0.196115	0.12742	0.0783589	0.0456493	0.0252184	0.0132259	0.00659281	0.00312737	0.00141344	0.000609374	0.000250904	9.8774e-05	3.72167e-05	1.34262e-05	4.6094e-06	1.39567e-06	
0.888667	0.861175	0.801299	0.713019	0.604726	0.487615	0.373175	0.270788	0.186229	0.121389	0.0750217	0.0439891	0.0244909	0.0129589	0.00652339	0.00312737	0.0014294	0.000623547	0.00025989	0.000103603	3.95429e-05	1.44639e-05	5.07206e-06	1.69562e-06	5.02247e-07	
0.842906	0.77443	0.681532	0.572828	0.458787	0.349575	0.253139	0.174111	0.113731	0.0705641	0.0416033	0.0233222	0.0124403	0.00631933	0.00305974	0.00141344	0.000623547	0.000262955	0.000106104	4.10051e-05	1.51916e-05	5.4002e-06	1.8425e-06	6.00289e-07	1.74029e-07	
0.740747	0.644129	0.536034	0.426029	0.322879	0.233091	0.16018	0.104749	0.0651842	0.0386083	0.0217742	0.0116994	0.00599284	0.0029287	0.00136659	0.000609374	0.00025989	0.000106104	4.15043e-05	1.55685e-05	5.60488e-06	1.9382e-06	6.44012e-07	2.0464e-07	5.80952e-08	
0.600829	0.494754	0.389944	0.293732	0.211232	0.14491	0.0947911	0.0591137	0.0351458	0.0199261	0.0107769	0.005563	0.00274232	0.00129185	0.000581969	0.000250904	0.000103603	4.10051e-05	1.55685e-05	5.67471e-06	1.98732e-06	6.69177e-07	2.16726e-07	6.72162e-08	1.86951e-08	
0.449437	0.351188	0.262824	0.18818	0.128798	0.0842221	0.0525994	0.0313705	0.0178678	0.00972122	0.0050538	0.00251162	0.00119387	0.000543109	0.000236601	9.8774e-05	3.95429e-05	1.51916e-05	5.60488e-06	1.98732e-06	6.77677e-07	2.22396e-07	7.02635e-08	2.12847e-08	5.8027e-09	
0.310044	0.230612	0.164412	0.112258	0.073362	0.0458675	0.0274293	0.0156879	0.00858192	0.00449118	0.00224919	0.00107834	0.000495164	0.000217892	9.19353e-05	3.72167e-05	1.44639e-05	5.4002e-06	1.9382e-06	6.69177e-07	2.22396e-07	7.11929e-08	2.19589e-08	6.50156e-09	1.73817e-09	
0.196442	0.139696	0.0952743	0.0622814	0.0390064	0.023398	0.0134406	0.0073934	0.00389489	0.00196543	0.000950293	0.00044041	0.000195725	8.34518e-05	3.41552e-05	1.34262e-05	5.07206e-06	1.8425e-06	6.44012e-07	2.16726e-07	7.02635e-08	2.19589e-08	6.61746e-09	1.91631e-09	5.02639e-10	
0.111459	0.0762966	0.050097	0.0315403	0.0190348	0.01101	0.00610322	0.00324252	0.00165129	0.000806266	0.000377558	0.000169628	7.31493e-05	3.02916e-05	1.20519e-05	4.6094e-06	1.69562e-06	6.00289e-07	2.0464e-07	6.72162e-08	2.12847e-08	6.50156e-09	1.91631e-09	5.43263e-10	1.399e-10	
0.0494763	0.0329718	0.0210718	0.0129114	0.00758379	0.00426995	0.00230461	0.00119252	0.000591719	0.000281624	0.00012861	5.63779e-05	2.37334e-05	9.5993e-06	3.73224e-06	1.39567e-06	5.02247e-07	1.74029e-07	5.80952e-08	1.86951e-08	5.8027e-09	1.73817e-09	5.02639e-10	1.399e-10	3.54539e-11	
