0	0	0	0	0	0	0	0	0	0	0	0	0	0	0	0	0	0	0	0	0	0	0	0	0	
0	0.176435	0.345611	0.484817	0.569729	0.592886	0.573813	0.520945	0.414773	0.273394	0.142246	0.0334188	-0.0608339	-0.14645	-0.211869	-0.235464	-0.210421	-0.152655	-0.0872396	-0.0305851	0.00732099	0.0286699	0.0377639	0.0389402	0.0372683	
0	0.345611	0.653802	0.911163	1.08222	1.1385	1.10433	0.990609	0.791705	0.548324	0.314532	0.112917	-0.0706221	-0.246153	-0.383352	-0.445395	-0.418297	-0.327202	-0.212831	-0.109367	-0.0338008	0.0133661	0.0378655	0.0489648	0.0524511	
0	0.484817	0.911163	1.25243	1.47696	1.56892	1.53367	1.37794	1.13628	0.844405	0.535026	0.241255	-0.0406932	-0.301796	-0.50648	-0.613091	-0.602376	-0.501458	-0.356157	-0.215282	-0.102835	-0.0280083	0.0175033	0.042367	0.0547648	
0	0.569729	1.08222	1.47696	1.7376	1.86412	1.83073	1.66578	1.42873	1.1255	0.771207	0.393016	0.0211437	-0.306662	-0.565001	-0.710011	-0.727864	-0.634838	-0.47781	-0.31046	-0.169558	-0.0689931	-0.00422874	0.0318602	0.0522322	
0	0.592886	1.1385	1.56892	1.86412	2.00993	1.99248	1.86003	1.64354	1.34229	0.960494	0.518508	0.0919728	-0.273102	-0.549736	-0.712947	-0.757125	-0.681994	-0.532832	-0.357306	-0.202959	-0.0844815	-0.0112852	0.0318559	0.053244	
0	0.573813	1.10433	1.53367	1.83073	1.99248	2.0359	1.96275	1.76419	1.45868	1.04803	0.581628	0.147097	-0.21194	-0.468127	-0.633246	-0.692022	-0.645903	-0.519098	-0.353207	-0.192682	-0.0670102	0.0134512	0.0607735	0.0802864	
0	0.520945	0.990609	1.37794	1.66578	1.86003	1.96275	1.92895	1.74396	1.43573	1.03525	0.60855	0.207369	-0.119103	-0.3587	-0.522664	-0.597651	-0.586996	-0.484419	-0.329849	-0.160816	-0.0239735	0.077067	0.132095	0.159985	
0	0.414773	0.791705	1.13628	1.42873	1.64354	1.76419	1.74396	1.57017	1.28627	0.951487	0.599408	0.251906	-0.0432867	-0.270855	-0.425504	-0.516275	-0.524794	-0.442587	-0.293341	-0.116991	0.0436211	0.165935	0.239346	0.279722	
0	0.273394	0.548324	0.844405	1.1255	1.34229	1.45868	1.43573	1.28627	1.06168	0.806632	0.528896	0.236625	-0.0262503	-0.229151	-0.371453	-0.459706	-0.473724	-0.407607	-0.263744	-0.0805	0.102156	0.244643	0.343432	0.396348	
0	0.142246	0.314532	0.535026	0.771207	0.960494	1.04803	1.03525	0.951487	0.806632	0.624079	0.403673	0.158403	-0.066071	-0.248326	-0.378449	-0.458639	-0.478441	-0.424618	-0.289298	-0.0994077	0.101061	0.273978	0.400307	0.477493	
0	0.0334188	0.112917	0.241255	0.393016	0.518508	0.581628	0.60855	0.599408	0.528896	0.403673	0.232242	0.0482774	-0.140023	-0.315229	-0.447705	-0.532412	-0.560774	-0.524566	-0.396884	-0.204792	0.017623	0.221589	0.382925	0.489762	
0	-0.0608339	-0.0706221	-0.0406932	0.0211437	0.0919728	0.147097	0.207369	0.251906	0.236625	0.158403	0.0482774	-0.0829963	-0.261288	-0.443369	-0.584004	-0.668393	-0.71098	-0.683311	-0.565044	-0.375872	-0.140468	0.0900731	0.280002	0.41726	
0	-0.14645	-0.246153	-0.301796	-0.306662	-0.273102	-0.21194	-0.119103	-0.0432867	-0.0262503	-0.066071	-0.140023	-0.261288	-0.441315	-0.618981	-0.755478	-0.850241	-0.904487	-0.881717	-0.787993	-0.609841	-0.37169	-0.12431	0.0871686	0.25586	
0	-0.211869	-0.383352	-0.50648	-0.565001	-0.549736	-0.468127	-0.3587	-0.270855	-0.229151	-0.248326	-0.315229	-0.443369	-0.618981	-0.793399	-0.952507	-1.07467	-1.14032	-1.14009	-1.07497	-0.907551	-0.672896	-0.417645	-0.178122	0.0121143	
0	-0.235464	-0.445395	-0.613091	-0.710011	-0.712947	-0.633246	-0.522664	-0.425504	-0.371453	-0.378449	-0.447705	-0.584004	-0.755478	-0.952507	-1.14898	-1.3003	-1.38695	-1.41983	-1.37905	-1.23108	-1.01516	-0.754603	-0.498939	-0.294809	
0	-0.210421	-0.418297	-0.602376	-0.727864	-0.757125	-0.692022	-0.597651	-0.516275	-0.459706	-0.458639	-0.532412	-0.668393	-0.850241	-1.07467	-1.3003	-1.47791	-1.59491	-1.66844	-1.65385	-1.54757	-1.35651	-1.10506	-0.848578	-0.635996	
0	-0.152655	-0.327202	-0.501458	-0.634838	-0.681994	-0.645903	-0.586996	-0.524794	-0.473724	-0.478441	-0.560774	-0.71098	-0.904487	-1.14032	-1.38695	-1.59491	-1.75752	-1.86259	-1.88684	-1.82353	-1.66108	-1.42626	-1.17885	-0.953956	
0	-0.0872396	-0.212831	-0.356157	-0.47781	-0.532832	-0.519098	-0.484419	-0.442587	-0.407607	-0.424618	-0.524566	-0.683311	-0.881717	-1.14009	-1.41983	-1.66844	-1.86259	-1.99999	-2.06228	-2.03371	-1.90181	-1.69018	-1.45023	-1.22348	
0	-0.0305851	-0.109367	-0.215282	-0.31046	-0.357306	-0.353207	-0.329849	-0.293341	-0.263744	-0.289298	-0.396884	-0.565044	-0.787993	-1.07497	-1.37905	-1.65385	-1.88684	-2.06228	-2.1595	-2.17273	-2.07796	-1.89258	-1.66685	-1.44466	
0	0.007321	-0.0338007	-0.102835	-0.169557	-0.202959	-0.192682	-0.160816	-0.116991	-0.0805	-0.0994077	-0.204792	-0.375872	-0.609841	-0.907551	-1.23108	-1.54757	-1.82353	-2.03371	-2.17273	-2.22874	-2.16857	-2.01233	-1.80527	-1.58547	
0	0.02867	0.0133662	-0.0280082	-0.068993	-0.0844814	-0.0670101	-0.0239735	0.0436211	0.102156	0.101061	0.017623	-0.140468	-0.37169	-0.672896	-1.01516	-1.35651	-1.66108	-1.90181	-2.07796	-2.16857	-2.14368	-2.02116	-1.83151	-1.62357	
0	0.0377641	0.0378658	0.0175037	-0.00422831	-0.0112848	0.0134515	0.0770673	0.165935	0.244644	0.273978	0.221589	0.0900731	-0.12431	-0.417645	-0.754603	-1.10506	-1.42626	-1.69018	-1.89258	-2.01233	-2.02116	-1.92524	-1.75358	-1.55762	
0	0.0389408	0.0489659	0.0423684	0.0318617	0.0318573	0.0607748	0.132096	0.239347	0.343433	0.400307	0.382925	0.280002	0.0871687	-0.178122	-0.498939	-0.848578	-1.17885	-1.45023	-1.66685	-1.80527	-1.83151	-1.75358	-1.59455	-1.40198	
0	0.0372702	0.0524545	0.0547694	0.0522372	0.053249	0.0802907	0.159989	0.279724	0.39635	0.477494	0.489762	0.41726	0.25586	0.0121144	-0.294809	-0.635996	-0.953956	-1.22348	-1.44466	-1.58547	-1.62357	-1.55762	-1.40198	-1.21293	
0	0.033737	0.0522655	0.0614102	0.0632223	0.0629301	0.087101	0.16822	0.293918	0.421354	0.519357	0.55607	0.505297	0.360464	0.141159	-0.140432	-0.463373	-0.778297	-1.04555	-1.26291	-1.40744	-1.44995	-1.38577	-1.23136	-1.03943	
0	0.0304765	0.051458	0.0646162	0.0683028	0.0668997	0.0885409	0.168946	0.295153	0.426993	0.536942	0.588544	0.555679	0.432425	0.23121	-0.0400993	-0.359931	-0.662422	-0.920677	-1.13538	-1.27444	-1.31604	-1.25311	-1.09633	-0.898811	
0	0.0278919	0.0497602	0.0660974	0.0726481	0.069169	0.0850668	0.164353	0.293527	0.427221	0.542441	0.606022	0.582795	0.467408	0.277737	0.0190441	-0.285874	-0.583968	-0.841236	-1.05187	-1.19043	-1.2333	-1.17047	-1.011	-0.811695	
0	0.0256959	0.0490121	0.0675648	0.0737574	0.0689092	0.0852202	0.163042	0.287569	0.422142	0.543058	0.611785	0.596861	0.489742	0.307611	0.055341	-0.249783	-0.54404	-0.797895	-1.00632	-1.14308	-1.18546	-1.121	-0.960513	-0.756757	
0	0.0250855	0.048415	0.0675907	0.0755625	0.0705461	0.0826434	0.159163	0.287161	0.421775	0.542369	0.614871	0.601429	0.4982	0.321482	0.0706931	-0.23066	-0.522397	-0.774233	-0.982371	-1.11744	-1.15857	-1.0953	-0.933221	-0.727941	
0	0.0246144	0.0483697	0.0684942	0.0759274	0.0700668	0.0841387	0.161038	0.285663	0.420566	0.543032	0.616273	0.605642	0.50096	0.32302	0.076012	-0.221768	-0.513105	-0.766777	-0.971874	-1.10768	-1.14982	-1.08395	-0.920577	-0.71536	
0	0.0258974	0.0493006	0.0680307	0.0755243	0.0712504	0.0853425	0.162585	0.289946	0.425001	0.545749	0.616656	0.603087	0.500842	0.324486	0.0734519	-0.229898	-0.519234	-0.767219	-0.972956	-1.10403	-1.14087	-1.07402	-0.909359	-0.700739	
0	0.0270961	0.0497575	0.0679847	0.0753398	0.0713616	0.0878586	0.167387	0.295898	0.431916	0.55065	0.619388	0.603106	0.492628	0.310977	0.0617505	-0.234119	-0.52444	-0.774848	-0.975375	-1.10688	-1.1424	-1.07069	-0.902969	-0.696027	
0	0.030032	0.0516454	0.0663044	0.0719103	0.0713004	0.0929738	0.174891	0.304332	0.441218	0.558118	0.619494	0.598756	0.488046	0.301463	0.0450652	-0.259504	-0.545001	-0.788126	-0.986818	-1.10988	-1.13686	-1.06066	-0.889705	-0.679447	
0	0.0325234	0.0523367	0.0647746	0.0698866	0.0706815	0.0959319	0.182492	0.317112	0.45496	0.566711	0.622199	0.592313	0.471342	0.279245	0.0222272	-0.276205	-0.56446	-0.805338	-0.997878	-1.11803	-1.13812	-1.05366	-0.878671	-0.66763	
0	0.0370114	0.0547615	0.0614849	0.0638786	0.0702271	0.104608	0.194128	0.328093	0.467601	0.576388	0.621364	0.586007	0.45847	0.254472	-0.00961207	-0.31178	-0.592737	-0.828156	-1.01316	-1.12383	-1.13316	-1.04021	-0.859869	-0.648058	
0	0.0408084	0.0565956	0.0595393	0.0603921	0.0701764	0.111679	0.207455	0.345916	0.484056	0.584815	0.618149	0.57005	0.435918	0.225208	-0.0450872	-0.346009	-0.625988	-0.85299	-1.03152	-1.13164	-1.12855	-1.02499	-0.83935	-0.625278	
0	0.0459036	0.0592586	0.0562174	0.0550935	0.0728181	0.126657	0.226206	0.362648	0.499812	0.59366	0.613047	0.553353	0.406368	0.184074	-0.0879485	-0.385701	-0.662352	-0.883408	-1.04926	-1.14122	-1.12326	-1.00605	-0.81625	-0.600702	
0	0.0498839	0.0611665	0.053158	0.0508357	0.0767983	0.143293	0.249429	0.386937	0.519174	0.59974	0.601175	0.528274	0.374833	0.139555	-0.144267	-0.437153	-0.701564	-0.91428	-1.06809	-1.14221	-1.11041	-0.981555	-0.78436	-0.57269	
0	0.0525024	0.0622238	0.0501665	0.0463228	0.081613	0.165066	0.278163	0.411935	0.538551	0.607492	0.587424	0.493014	0.32787	0.0876969	-0.195345	-0.487649	-0.749582	-0.949827	-1.09109	-1.15173	-1.0987	-0.95339	-0.75382	-0.537741	
0	0.0539504	0.0618408	0.047223	0.0459826	0.0920555	0.188738	0.307463	0.439683	0.557845	0.610243	0.571307	0.45753	0.274769	0.0189008	-0.269627	-0.543729	-0.790449	-0.983529	-1.10386	-1.147	-1.07999	-0.920398	-0.716377	-0.509701	
0	0.0520419	0.0611781	0.0473103	0.048281	0.106673	0.221624	0.344787	0.466129	0.571309	0.607345	0.544516	0.410602	0.218035	-0.0455243	-0.340209	-0.614305	-0.842418	-1.02212	-1.1256	-1.14297	-1.0538	-0.88055	-0.671136	-0.469838	
0	0.045404	0.0557497	0.0490806	0.0599156	0.128925	0.255818	0.384577	0.497401	0.582769	0.59711	0.514704	0.353195	0.140971	-0.126406	-0.415434	-0.675525	-0.891352	-1.05325	-1.13914	-1.13364	-1.02628	-0.839078	-0.629899	-0.435092	
0	0.0364842	0.0492271	0.0512865	0.0754504	0.158175	0.296633	0.429019	0.526304	0.585521	0.574817	0.473905	0.296246	0.0621153	-0.217281	-0.502001	-0.746962	-0.940514	-1.08623	-1.14571	-1.1147	-0.986593	-0.790072	-0.579872	-0.399139	
0	0.0218807	0.0415716	0.0612391	0.103568	0.195898	0.334419	0.46897	0.558808	0.585795	0.539723	0.417215	0.220439	-0.022778	-0.306142	-0.588911	-0.821277	-0.991331	-1.11382	-1.15228	-1.08592	-0.940957	-0.735914	-0.52628	-0.359733	
0	0.00654084	0.0330599	0.0749706	0.142469	0.246583	0.380052	0.503654	0.576906	0.578034	0.496798	0.351484	0.134392	-0.129656	-0.402027	-0.666921	-0.8885	-1.0427	-1.13359	-1.15257	-1.05795	-0.888725	-0.683247	-0.478778	-0.319702	
0	-0.00612407	0.0268337	0.0919493	0.190422	0.305723	0.423391	0.534355	0.588442	0.554262	0.439079	0.272809	0.0463484	-0.239533	-0.518654	-0.756213	-0.947721	-1.08579	-1.14357	-1.12833	-1.01423	-0.827977	-0.619772	-0.433802	-0.283876	
0	-0.0109473	0.03174	0.116599	0.240179	0.371725	0.471547	0.551496	0.582487	0.518245	0.365755	0.171774	-0.0560745	-0.339824	-0.620847	-0.849462	-1.01384	-1.12744	-1.15943	-1.10134	-0.960287	-0.760195	-0.552268	-0.377254	-0.246349	
0	-0.00313862	0.0507143	0.155531	0.294687	0.430283	0.514873	0.561662	0.557669	0.464937	0.287821	0.0567902	-0.188683	-0.456722	-0.716512	-0.922646	-1.06624	-1.14889	-1.15805	-1.06724	-0.904037	-0.696594	-0.496725	-0.334144	-0.221526	
0	0.0206096	0.0834209	0.201373	0.349841	0.484096	0.550151	0.553521	0.506217	0.384966	0.197444	-0.0492902	-0.324048	-0.587932	-0.821119	-0.998398	-1.11451	-1.16119	-1.13217	-1.01236	-0.827689	-0.621944	-0.43493	-0.290974	-0.19713	
