0.00255779	0.000809184	0.000236545	6.41466e-05	1.61944e-05	3.81838e-06	8.43298e-07	1.74913e-07	3.41547e-08	6.29263e-09	1.0961e-09	1.80854e-10	2.83151e-11	4.21334e-12	5.96769e-13	8.05694e-14	1.03822e-14	1.2785e-15	1.5063e-16	1.69978e-17	1.83906e-18	1.90961e-19	1.90475e-20	1.82656e-21	1.67283e-22	
0.00143032	0.000434849	0.000122411	3.20252e-05	7.813e-06	1.78288e-06	3.81597e-07	7.68008e-08	1.45683e-08	2.61009e-09	4.42543e-10	7.11371e-11	1.08594e-11	1.57675e-12	2.18072e-13	2.87677e-14	3.62439e-15	4.36624e-16	5.03516e-17	5.56433e-18	5.8985e-19	6.00362e-20	5.87242e-21	5.52461e-22	4.96695e-23	
0.000758242	0.000221452	6.00109e-05	1.51421e-05	3.56885e-06	7.87969e-07	1.63407e-07	3.19049e-08	5.87793e-09	1.02389e-09	1.6895e-10	2.64542e-11	3.93693e-12	5.57703e-13	7.53074e-14	9.70582e-15	1.19542e-15	1.40867e-16	1.58989e-17	1.72045e-18	1.78674e-19	1.78246e-20	1.70962e-21	1.57776e-22	1.39241e-23	
0.000380227	0.000106668	2.78237e-05	6.77042e-06	1.54148e-06	3.29278e-07	6.61563e-08	1.25301e-08	2.24191e-09	3.7967e-10	6.09668e-11	9.29823e-12	1.34896e-12	1.86429e-13	2.4577e-14	3.09455e-15	3.72591e-16	4.29458e-17	4.74372e-18	5.02644e-19	5.11395e-20	5.00027e-21	4.70264e-22	4.25727e-23	3.68795e-24	
0.000180027	4.85186e-05	1.21834e-05	2.85932e-06	6.28936e-07	1.29991e-07	2.53048e-08	4.64957e-09	8.07986e-10	1.33038e-10	2.07907e-11	3.08866e-12	4.36841e-13	5.89016e-14	7.58132e-15	9.3262e-16	1.09775e-16	1.23768e-17	1.33802e-18	1.38831e-19	1.3838e-20	1.32619e-21	1.22302e-22	1.08614e-23	9.23583e-25	
8.03611e-05	2.08138e-05	5.03307e-06	1.13957e-06	2.42225e-07	4.84516e-08	9.14053e-09	1.62964e-09	2.75097e-10	4.40466e-11	6.70002e-12	9.69692e-13	1.33721e-13	1.75932e-14	2.21113e-15	2.65774e-16	3.05857e-17	3.37352e-18	3.56972e-19	3.62724e-20	3.54237e-21	3.32776e-22	3.00952e-23	2.62206e-24	2.18873e-25	
3.37825e-05	8.41329e-06	1.9601e-06	4.28344e-07	8.80185e-08	1.70452e-08	3.1173e-09	5.39434e-10	8.84818e-11	1.37799e-11	2.04071e-12	2.87798e-13	3.87036e-14	4.96961e-15	6.09984e-16	7.16518e-17	8.0632e-18	8.70153e-19	9.01371e-20	8.97061e-21	8.58466e-22	7.90605e-23	7.01242e-24	5.99451e-25	4.91255e-26	
1.33645e-05	3.20259e-06	7.1931e-07	1.51803e-07	3.01707e-08	5.65913e-09	1.00374e-09	1.6865e-10	2.68891e-11	4.07448e-12	5.87638e-13	8.07769e-14	1.05965e-14	1.3282e-15	1.59252e-16	1.8285e-17	2.01251e-18	2.12535e-19	2.15562e-20	2.10155e-21	1.97103e-22	1.77981e-23	1.54849e-24	1.29895e-25	1.0452e-26	
4.97357e-06	1.14774e-06	2.48701e-07	5.07196e-08	9.75582e-09	1.77337e-09	3.05198e-10	4.98137e-11	7.7231e-12	1.13909e-12	1.60048e-13	2.14507e-14	2.74575e-15	3.36058e-16	3.9371e-17	4.41975e-18	4.75887e-19	4.91924e-20	4.88612e-21	4.66731e-22	4.29095e-23	3.79975e-24	3.24332e-25	2.6702e-26	2.10993e-27	
1.74101e-06	3.87255e-07	8.10222e-08	1.59792e-08	2.97655e-09	5.24666e-10	8.76621e-11	1.39059e-11	2.09748e-12	3.01244e-13	4.12515e-14	5.39263e-15	6.73772e-16	8.05486e-17	9.22341e-18	1.01262e-18	1.06691e-19	1.07977e-20	1.05057e-21	9.83463e-23	8.86481e-24	7.6998e-25	6.44903e-26	5.21189e-27	4.0449e-28	
5.73378e-07	1.23048e-07	2.4879e-08	4.7487e-09	8.57258e-10	1.46621e-10	2.37973e-11	3.67088e-12	5.38938e-13	7.54079e-14	1.00682e-14	1.28427e-15	1.56683e-16	1.83024e-17	2.04905e-18	2.20075e-19	2.26963e-20	2.24949e-21	2.14443e-22	1.9678e-23	1.73946e-24	1.48226e-25	1.21846e-26	9.66813e-28	7.37088e-29	
1.77736e-07	3.6837e-08	7.20409e-09	1.33189e-09	2.33186e-10	3.8725e-11	6.10937e-12	9.16938e-13	1.31101e-13	1.78793e-14	2.32858e-15	2.8995e-16	3.45549e-17	3.94544e-18	4.32015e-19	4.54067e-20	4.58499e-21	4.45158e-22	4.15906e-23	3.74204e-24	3.24467e-25	2.7132e-26	2.18942e-27	1.70601e-28	1.27792e-29	
5.18889e-08	1.03967e-08	1.96846e-09	3.52792e-10	5.99489e-11	9.67332e-12	1.48432e-12	2.16883e-13	3.02151e-14	4.01836e-15	5.10738e-16	6.21071e-17	7.23311e-18	8.07557e-19	8.65146e-20	8.90138e-21	8.80325e-22	8.37522e-23	7.67096e-24	6.76897e-25	5.75863e-26	4.72643e-27	3.74492e-28	2.8662e-29	2.10989e-30	
1.42782e-08	2.76849e-09	5.07933e-10	8.83213e-11	1.45775e-11	2.2871e-12	3.41555e-13	4.86148e-14	6.60291e-15	8.56767e-16	1.06322e-16	1.26319e-17	1.43823e-18	1.57074e-19	1.64698e-20	1.6594e-21	1.60784e-22	1.49935e-23	1.34665e-24	1.16574e-25	9.73299e-27	7.84273e-28	6.10293e-29	4.58893e-30	3.32033e-31	
3.70641e-09	6.96156e-10	1.23878e-10	2.09159e-11	3.35565e-12	5.12255e-13	7.45011e-14	1.03356e-14	1.36933e-15	1.73443e-16	2.1025e-17	2.44161e-18	2.71886e-19	2.90577e-20	2.98314e-21	2.94427e-22	2.79587e-23	2.55633e-24	2.2521e-25	1.91307e-26	1.56795e-27	1.24071e-28	9.48426e-30	7.00778e-31	4.98491e-32	
9.08535e-10	1.65461e-10	2.8582e-11	4.68974e-12	7.31904e-13	1.08784e-13	1.54176e-14	2.08598e-15	2.69726e-16	3.33666e-17	3.95287e-18	4.48887e-19	4.89081e-20	5.11706e-21	5.14537e-22	4.97637e-23	4.63274e-24	4.15441e-25	3.59111e-26	2.99424e-27	2.40968e-28	1.87291e-29	1.40675e-30	1.02164e-31	7.14611e-33	
2.10515e-10	3.7209e-11	6.24488e-12	9.96543e-13	1.51398e-13	2.19244e-14	3.02985e-15	4.00019e-16	5.05086e-17	6.10536e-18	7.07188e-19	7.85658e-20	8.3789e-21	8.58536e-22	8.45854e-23	8.0192e-24	7.32122e-25	6.44109e-26	5.46451e-27	4.47344e-28	3.5359e-29	2.70015e-30	1.99321e-31	1.42309e-32	9.79023e-34	
4.61574e-11	7.92518e-12	1.29338e-12	2.00884e-13	2.97299e-14	4.19736e-15	5.65945e-16	7.29534e-17	8.99973e-18	1.06352e-18	1.205e-19	1.31023e-20	1.36831e-21	1.37357e-22	1.32643e-23	1.23312e-24	1.1044e-25	9.53533e-27	7.94191e-28	6.38507e-29	4.95817e-30	3.72087e-31	2.70011e-32	1.89564e-33	1.2829e-34	
9.58723e-12	1.60044e-12	2.5418e-13	3.84527e-14	5.54747e-15	7.6406e-16	1.00574e-16	1.2665e-17	1.52724e-18	1.76521e-19	1.9573e-20	2.08381e-21	2.13182e-22	2.09737e-23	1.9859e-24	1.81096e-25	1.59158e-26	1.34898e-27	1.10335e-28	8.71407e-30	6.64943e-31	4.90513e-32	3.4999e-33	2.41671e-34	1.60926e-35	
1.88849e-12	3.0676e-13	4.74482e-14	6.99642e-15	9.84573e-16	1.32371e-16	1.70198e-17	2.09485e-18	2.47054e-19	2.7942e-20	3.03335e-21	3.16331e-22	3.17145e-23	3.05913e-24	2.84105e-25	2.54215e-26	2.19309e-27	1.82525e-28	1.46647e-29	1.13805e-30	8.53578e-32	6.19092e-33	4.34441e-34	2.95111e-35	1.93394e-36	
3.53169e-13	5.5866e-14	8.42175e-15	1.21123e-15	1.66369e-16	2.18468e-17	2.74531e-18	3.30437e-19	3.81302e-20	4.22189e-21	4.4891e-22	4.58745e-23	4.50893e-24	4.26564e-25	3.88694e-26	3.41381e-27	2.89175e-28	2.36398e-29	1.86618e-30	1.42343e-31	1.04965e-32	7.48692e-34	5.16828e-35	3.45448e-36	2.22834e-37	
6.27724e-14	9.67698e-15	1.42276e-15	1.99711e-16	2.67909e-17	3.43807e-18	4.22463e-19	4.97508e-20	5.61984e-21	6.09427e-22	6.34951e-23	6.36081e-24	6.1314e-25	5.69101e-26	5.08978e-27	4.38909e-28	3.65166e-29	2.93299e-30	2.27559e-31	1.70641e-32	1.23742e-33	8.68217e-35	5.89704e-36	3.87921e-37	2.46359e-38	
1.06154e-14	1.59597e-15	2.29003e-16	3.13925e-17	4.1153e-18	5.16387e-19	6.20782e-20	7.156e-21	7.91647e-22	8.41147e-23	8.59069e-24	8.43962e-25	7.9812e-26	7.27048e-27	6.38406e-28	5.40688e-29	4.41958e-30	3.48866e-31	2.6609e-32	1.96215e-33	1.39959e-34	9.66176e-36	6.4583e-37	4.18206e-38	2.61533e-39	
1.7098e-15	2.50866e-16	3.51526e-17	4.70884e-18	6.03555e-19	7.40904e-20	8.71818e-21	9.8418e-22	1.06674e-22	1.11101e-23	1.1127e-24	1.07239e-25	9.95281e-27	8.90117e-28	7.67606e-29	6.38691e-30	5.13057e-31	3.98121e-32	2.98595e-33	2.16572e-34	1.51986e-35	1.03253e-36	6.79381e-38	4.33147e-39	2.66788e-40	
2.62564e-16	3.76202e-17	5.15105e-18	6.74631e-19	8.45915e-20	1.01638e-20	1.17118e-21	1.29533e-22	1.37616e-23	1.40545e-24	1.38083e-25	1.30601e-26	1.18995e-27	1.04514e-28	8.85426e-30	7.23986e-31	5.71693e-32	4.3621e-33	3.21787e-34	2.29619e-35	1.58577e-36	1.06041e-37	6.8695e-39	4.31303e-40	2.6169e-41	
3.84804e-17	5.3874e-18	7.21209e-19	9.24015e-20	1.134e-20	1.33425e-21	1.50625e-22	1.63285e-23	1.70102e-24	1.70415e-25	1.64305e-26	1.52558e-27	1.36505e-28	1.17779e-29	9.80526e-31	7.88102e-32	6.11909e-33	4.59211e-34	3.33268e-35	2.3402e-36	1.59078e-37	1.04731e-38	6.6811e-40	4.13167e-41	2.46991e-42	
5.3874e-18	7.37435e-19	9.65713e-20	1.21097e-20	1.4553e-21	1.6775e-22	1.85612e-23	1.97296e-24	2.01615e-25	1.98212e-26	1.87603e-27	1.71058e-28	1.50356e-29	1.2748e-30	1.0432e-31	8.2443e-33	6.29565e-34	4.64799e-35	3.31936e-36	2.2942e-37	1.53534e-38	9.95372e-40	6.25418e-41	3.81021e-42	2.24457e-43	
7.21209e-19	9.65713e-20	1.23777e-20	1.51987e-21	1.7894e-22	2.02157e-23	2.19327e-24	2.28685e-25	2.2932e-26	2.21314e-27	2.05697e-28	1.84242e-29	1.59132e-30	1.32619e-31	1.06705e-32	8.29361e-34	6.23045e-35	4.52631e-36	3.18157e-37	2.16485e-38	1.42663e-39	9.10945e-41	5.63859e-42	3.38477e-43	1.96525e-44	
9.24015e-20	1.21097e-20	1.51987e-21	1.82832e-22	2.10972e-23	2.33702e-24	2.4871e-25	2.54468e-26	2.5049e-27	2.37388e-28	2.16735e-29	1.90754e-30	1.61943e-31	1.32695e-32	1.05003e-33	8.02862e-35	5.93486e-36	4.24361e-37	2.93653e-38	1.96753e-39	1.27702e-40	8.03279e-42	4.89912e-43	2.89824e-44	1.65882e-45	
1.134e-20	1.4553e-21	1.7894e-22	2.10972e-23	2.38699e-24	2.59367e-25	2.70854e-26	2.72034e-27	2.62954e-28	2.44789e-29	2.19605e-30	1.89976e-31	1.58572e-32	1.27785e-33	9.94718e-35	7.48389e-36	5.4449e-37	3.83275e-38	2.61159e-39	1.72337e-40	1.10189e-41	6.82924e-43	4.10464e-44	2.39345e-45	1.35062e-46	
1.33425e-21	1.6775e-22	2.02157e-23	2.33702e-24	2.59367e-25	2.76546e-26	2.83488e-27	2.79588e-28	2.65469e-29	2.4283e-30	2.14122e-31	1.82118e-32	1.49498e-33	1.18511e-34	9.07738e-36	6.72165e-37	4.81426e-38	3.33687e-39	2.23932e-40	1.45568e-41	9.17031e-43	5.601e-44	3.31814e-45	1.90744e-46	1.06139e-47	
1.50625e-22	1.85612e-23	2.19327e-24	2.4871e-25	2.70854e-26	2.83488e-27	2.85362e-28	2.76451e-29	2.57922e-30	2.3189e-31	2.01035e-32	1.68157e-33	1.35789e-34	1.05916e-35	7.98453e-37	5.82037e-38	4.10477e-39	2.80206e-40	1.85235e-41	1.1864e-42	7.3653e-44	4.43398e-45	2.58955e-46	1.46776e-47	8.05493e-49	
1.63285e-23	1.97296e-24	2.28685e-25	2.54468e-26	2.72034e-27	2.79588e-28	2.76451e-29	2.63157e-30	2.41317e-31	2.1331e-32	1.81864e-33	1.49642e-34	1.18899e-35	9.12764e-37	6.77372e-38	4.86193e-39	3.37693e-40	2.27078e-41	1.47902e-42	9.3351e-44	5.71213e-45	3.38999e-46	1.95209e-47	1.09113e-48	5.90649e-50	
1.70102e-24	2.01615e-25	2.2932e-26	2.5049e-27	2.62954e-28	2.65469e-29	2.57922e-30	2.41317e-31	2.17565e-32	1.8913e-33	1.5862e-34	1.28421e-35	1.00424e-36	7.58925e-38	5.54556e-39	3.92012e-40	2.68209e-41	1.77696e-42	1.14054e-43	7.09529e-45	4.27999e-46	2.50444e-47	1.42218e-48	7.84045e-50	4.18701e-51	
1.70415e-25	1.98212e-26	2.21314e-27	2.37388e-28	2.44789e-29	2.4283e-30	2.3189e-31	2.1331e-32	1.8913e-33	1.6173e-34	1.33463e-35	1.06345e-36	8.18646e-38	6.09161e-39	4.38377e-40	3.05254e-41	2.05771e-42	1.34344e-43	8.49895e-45	5.21212e-46	3.09993e-47	1.78879e-48	1.00187e-49	5.44844e-51	2.87083e-52	
1.64305e-26	1.87603e-27	2.05697e-28	2.16735e-29	2.19605e-30	2.14122e-31	2.01035e-32	1.81864e-33	1.5862e-34	1.33463e-35	1.08395e-36	8.50237e-38	6.44457e-39	4.72278e-40	3.3479e-41	2.29684e-42	1.52575e-43	9.81812e-45	6.12297e-46	3.70232e-47	2.17143e-48	1.23583e-49	6.82785e-51	3.66341e-52	1.9048e-53	
1.52558e-27	1.71058e-28	1.84242e-29	1.90754e-30	1.89976e-31	1.82118e-32	1.68157e-33	1.49642e-34	1.28421e-35	1.06345e-36	8.50237e-38	6.56669e-39	4.90194e-40	3.53858e-41	2.47143e-42	1.67084e-43	1.09394e-44	6.93946e-46	4.26698e-47	2.54428e-48	1.47178e-49	8.26277e-51	4.50388e-52	2.38445e-53	1.2236e-54	
1.36505e-28	1.50356e-29	1.59132e-30	1.61943e-31	1.58572e-32	1.49498e-33	1.35789e-34	1.18899e-35	1.00424e-36	8.18646e-38	6.44457e-39	4.90194e-40	3.60451e-41	2.5636e-42	1.7644e-43	1.17568e-44	7.58813e-46	4.74598e-47	2.87775e-48	1.69239e-49	9.65707e-51	5.34889e-52	2.87688e-53	1.50308e-54	7.61341e-56	
1.17779e-29	1.2748e-30	1.32619e-31	1.32695e-32	1.27785e-33	1.18511e-34	1.05916e-35	9.12764e-37	7.58925e-38	6.09161e-39	4.72278e-40	3.53858e-41	2.5636e-42	1.79673e-43	1.2188e-44	8.00593e-46	5.09466e-47	3.14222e-48	1.87916e-49	1.09013e-50	6.13703e-52	3.35407e-53	1.78028e-54	9.18044e-56	4.59049e-57	
9.80526e-31	1.0432e-31	1.06705e-32	1.05003e-33	9.94718e-35	9.07738e-36	7.98453e-37	6.77372e-38	5.54556e-39	4.38377e-40	3.3479e-41	2.47143e-42	1.7644e-43	1.2188e-44	8.15022e-46	5.27844e-47	3.31237e-48	2.01493e-49	1.18865e-50	6.80302e-52	3.77899e-53	2.03819e-54	1.06776e-55	5.43529e-57	2.6833e-58	
7.88102e-32	8.2443e-33	8.29361e-34	8.02862e-35	7.48389e-36	6.72165e-37	5.82037e-38	4.86193e-39	3.92012e-40	3.05254e-41	2.29684e-42	1.67084e-43	1.17568e-44	8.00593e-46	5.27844e-47	3.3711e-48	2.08643e-49	1.25197e-50	7.28649e-52	4.1149e-53	2.25573e-54	1.2008e-55	6.2097e-57	3.12064e-58	1.52122e-59	
6.11909e-33	6.29565e-34	6.23045e-35	5.93486e-36	5.4449e-37	4.81426e-38	4.10477e-39	3.37693e-40	2.68209e-41	2.05771e-42	1.52575e-43	1.09394e-44	7.58813e-46	5.09466e-47	3.31237e-48	2.08643e-49	1.27381e-50	7.54088e-52	4.33054e-53	2.41344e-54	1.3058e-55	6.86168e-57	3.50312e-58	1.73822e-59	8.36772e-61	
4.59211e-34	4.64799e-35	4.52631e-36	4.24361e-37	3.83275e-38	3.33687e-39	2.80206e-40	2.27078e-41	1.77696e-42	1.34344e-43	9.81812e-45	6.93946e-46	4.74598e-47	3.14222e-48	2.01493e-49	1.25197e-50	7.54088e-52	4.40488e-53	2.49636e-54	1.37314e-55	7.33373e-57	3.80453e-58	1.9178e-59	9.39681e-61	4.46769e-62	
3.33268e-35	3.31936e-36	3.18157e-37	2.93653e-38	2.61159e-39	2.23932e-40	1.85235e-41	1.47902e-42	1.14054e-43	8.49895e-45	6.12297e-46	4.26698e-47	2.87775e-48	1.87916e-49	1.18865e-50	7.28649e-52	4.33054e-53	2.49636e-54	1.39634e-55	7.58174e-57	3.99762e-58	2.04764e-59	1.01926e-60	4.93218e-62	2.31627e-63	
2.3402e-36	2.2942e-37	2.16485e-38	1.96753e-39	1.72337e-40	1.45568e-41	1.1864e-42	9.3351e-44	7.09529e-45	5.21212e-46	3.70232e-47	2.54428e-48	1.69239e-49	1.09013e-50	6.80302e-52	4.1149e-53	2.41344e-54	1.37314e-55	7.58174e-57	4.06413e-58	2.11581e-59	1.07018e-60	5.26093e-62	2.51445e-63	1.1665e-64	
1.59078e-37	1.53534e-38	1.42663e-39	1.27702e-40	1.10189e-41	9.17031e-43	7.3653e-44	5.71213e-45	4.27999e-46	3.09993e-47	2.17143e-48	1.47178e-49	9.65707e-51	6.13703e-52	3.77899e-53	2.25573e-54	1.3058e-55	7.33373e-57	3.99762e-58	2.11581e-59	1.08771e-60	5.43338e-62	2.63815e-63	1.24553e-64	5.70864e-66	
1.04731e-38	9.95372e-40	9.10945e-41	8.03279e-42	6.82924e-43	5.601e-44	4.43398e-45	3.38999e-46	2.50444e-47	1.78879e-48	1.23583e-49	8.26277e-51	5.34889e-52	3.35407e-53	2.03819e-54	1.2008e-55	6.86168e-57	3.80453e-58	2.04764e-59	1.07018e-60	5.43338e-62	2.68072e-63	1.28574e-64	5.99682e-66	2.71569e-67	
6.6811e-40	6.25418e-41	5.63859e-42	4.89912e-43	4.10464e-44	3.31814e-45	2.58955e-46	1.95209e-47	1.42218e-48	1.00187e-49	6.82785e-51	4.50388e-52	2.87688e-53	1.78028e-54	1.06776e-55	6.2097e-57	3.50312e-58	1.9178e-59	1.01926e-60	5.26093e-62	2.63815e-63	1.28574e-64	6.09214e-66	2.80736e-67	1.25626e-68	
4.13167e-41	3.81021e-42	3.38477e-43	2.89824e-44	2.39345e-45	1.90744e-46	1.46776e-47	1.09113e-48	7.84045e-50	5.44844e-51	3.66341e-52	2.38445e-53	1.50308e-54	9.18044e-56	5.43529e-57	3.12064e-58	1.73822e-59	9.39681e-61	4.93218e-62	2.51445e-63	1.24553e-64	5.99682e-66	2.80736e-67	1.27829e-68	5.65291e-70	
2.46991e-42	2.24457e-43	1.96525e-44	1.65882e-45	1.35062e-46	1.06139e-47	8.05493e-49	5.90649e-50	4.18701e-51	2.87083e-52	1.9048e-53	1.2236e-54	7.61341e-56	4.59049e-57	2.6833e-58	1.52122e-59	8.36772e-61	4.46769e-62	2.31627e-63	1.1665e-64	5.70864e-66	2.71569e-67	1.25626e-68	5.65291e-70	2.47078e-71	
