0.911332	1.02406	1.06929	1.02895	0.900718	0.711579	0.506368	0.325278	0.189422	0.100504	0.0488365	0.0218401	0.00903001	0.0034662	0.0012399	0.000414728	0.000130115	3.83963e-05	1.06845e-05	2.81015e-06	7.0006e-07	1.65507e-07	3.71992e-08	7.95227e-09	1.56652e-09	
0.970216	1.05321	1.06321	0.985612	0.828827	0.628483	0.429561	0.265433	0.148959	0.0763095	0.0358665	0.015541	0.00623533	0.00232582	0.000809482	0.000263741	8.06831e-05	2.32377e-05	6.31653e-06	1.6241e-06	3.95814e-07	9.1608e-08	2.01688e-08	4.22621e-09	8.17456e-10	
1.01757	1.06778	1.0396	0.925635	0.745843	0.541749	0.355075	0.210767	0.113851	0.0562521	0.0255483	0.0107157	0.00416834	0.00150962	0.000510796	0.000161987	4.82848e-05	1.35634e-05	3.59906e-06	9.04091e-07	2.15428e-07	4.87818e-08	1.05147e-08	2.15852e-09	4.09747e-10	
1.05085	1.06477	0.996693	0.849726	0.654454	0.454518	0.285256	0.162461	0.0843815	0.040172	0.0176147	0.00714572	0.00269284	0.000946188	0.000311031	9.59423e-05	2.78479e-05	7.62499e-06	1.97399e-06	4.84195e-07	1.12746e-07	2.49664e-08	5.26606e-09	1.05861e-09	1.97128e-10	
1.06709	1.04135	0.933832	0.760007	0.558267	0.370105	0.222138	0.12126	0.0605048	0.0277324	0.0117312	0.00459958	0.0016781	0.000571712	0.000182471	5.47178e-05	1.54572e-05	4.12332e-06	1.04095e-06	2.49208e-07	5.66819e-08	1.22694e-08	2.53148e-09	4.98143e-10	9.09606e-11	
1.06296	0.995396	0.851959	0.660052	0.461505	0.291655	0.167235	0.087425	0.0418755	0.0184669	0.00753158	0.00285248	0.00100698	0.000332474	0.000102981	3.00071e-05	8.24635e-06	2.14225e-06	5.2719e-07	1.23139e-07	2.73483e-08	5.7848e-09	1.16715e-09	2.24753e-10	4.02307e-11	
1.03525	0.926249	0.753949	0.554674	0.368557	0.221782	0.121393	0.0607338	0.0279105	0.0118365	0.00465218	0.00170125	0.000580897	0.000185799	5.58301e-05	1.58024e-05	4.22335e-06	1.06814e-06	2.5616e-07	5.83603e-08	1.2653e-08	2.61472e-09	5.1576e-10	9.71692e-11	1.70462e-11	
0.981673	0.835409	0.644626	0.449427	0.283434	0.162276	0.0847389	0.0405568	0.0178756	0.00728782	0.0027596	0.000974125	0.000321634	9.96344e-05	2.90375e-05	7.98184e-06	2.07415e-06	5.10601e-07	1.19308e-07	2.65078e-08	5.60936e-09	1.13227e-09	2.18318e-10	4.0235e-11	6.91628e-12	
0.901901	0.726983	0.530368	0.349884	0.209254	0.113932	0.0567427	0.0259745	0.0109782	0.00430223	0.00156928	0.000534654	0.00017068	5.12015e-05	1.44713e-05	3.8627e-06	9.75849e-07	2.33804e-07	5.32228e-08	1.15308e-08	2.38135e-09	4.69486e-10	8.84795e-11	1.59498e-11	2.68623e-12	
0.798607	0.607582	0.418265	0.260839	0.147874	0.0765538	0.0363627	0.0159206	0.00645287	0.00243083	0.000854156	0.000280881	8.66969e-05	2.51859e-05	6.90329e-06	1.78928e-06	4.39462e-07	1.02473e-07	2.27253e-08	4.8009e-09	9.67614e-10	1.86319e-10	3.43203e-11	6.05135e-12	9.98461e-13	
0.677897	0.485522	0.31501	0.185626	0.0997525	0.0491106	0.0222531	0.00932116	0.00362387	0.00131253	0.000444374	0.000141065	4.2105e-05	1.18467e-05	3.14932e-06	7.92718e-07	1.893e-07	4.29629e-08	9.28269e-09	1.91233e-09	3.76168e-10	7.07481e-11	1.27379e-11	2.19688e-12	3.55119e-13	
0.548811	0.369447	0.225807	0.125746	0.0640781	0.0300153	0.0129806	0.00520413	0.00194153	0.000676361	0.000220708	6.76554e-05	1.95328e-05	5.32402e-06	1.37301e-06	3.35687e-07	7.79519e-08	1.72223e-08	3.62588e-09	7.28505e-10	1.39876e-10	2.56981e-11	4.52293e-12	7.6308e-13	1.2085e-13	
0.421792	0.266721	0.153607	0.0808862	0.0391144	0.0174451	0.00720561	0.00276681	0.000991105	0.00033226	0.000104549	3.09598e-05	8.64907e-06	2.28454e-06	5.71707e-07	1.35804e-07	3.06742e-08	6.59865e-09	1.35397e-09	2.65363e-10	4.97413e-11	8.9283e-12	1.53634e-12	2.53595e-13	3.9352e-14	
0.306532	0.182139	0.09892	0.0493054	0.0226493	0.00962772	0.00380149	0.00139916	0.000481579	0.000155464	4.7198e-05	1.35089e-05	3.65341e-06	9.3554e-07	2.2727e-07	5.24697e-08	1.15311e-08	2.41598e-09	4.83271e-10	9.24145e-11	1.69153e-11	2.96699e-12	4.99252e-13	8.064e-14	1.22625e-14	
0.209985	0.117366	0.0601898	0.0284358	0.0124245	0.00503951	0.00190419	0.000672421	0.000222569	6.92395e-05	2.0295e-05	5.61775e-06	1.47158e-06	3.65504e-07	8.62321e-08	1.93568e-08	4.14056e-09	8.45215e-10	1.64871e-10	3.07704e-11	5.50112e-12	9.43143e-13	1.55226e-13	2.45395e-14	3.65734e-15	
0.135277	0.0712378	0.0345558	0.0154985	0.00645047	0.00249985	0.00090498	0.00030693	9.77887e-05	2.93404e-05	8.30932e-06	2.22589e-06	5.651e-07	1.36212e-07	3.12251e-08	6.8181e-09	1.42013e-09	2.82544e-10	5.37641e-11	9.79633e-12	1.71115e-12	2.86831e-13	4.61859e-14	7.14801e-15	1.04433e-15	
0.0818299	0.0406828	0.018702	0.00797719	0.00316762	0.00117458	0.000407904	0.000133019	4.08339e-05	1.18269e-05	3.23877e-06	8.40221e-07	2.0687e-07	4.842e-08	1.07908e-08	2.29308e-09	4.65284e-10	9.02621e-11	1.67612e-11	2.98271e-12	5.09196e-13	8.3477e-14	1.31543e-14	1.99358e-15	2.85581e-16	
0.0464391	0.0218463	0.00953735	0.00387611	0.0014709	0.000522642	0.00017434	5.47282e-05	1.62042e-05	4.53477e-06	1.20181e-06	3.02169e-07	7.21992e-08	1.64196e-08	3.55941e-09	7.36502e-10	1.45651e-10	2.75625e-11	4.99676e-12	8.68739e-13	1.44999e-13	2.32558e-14	3.58743e-15	5.32548e-16	7.48168e-17	
0.0247188	0.0110296	0.00458261	0.00177795	0.000645872	0.000220238	7.06611e-05	2.13782e-05	6.11165e-06	1.65415e-06	4.24616e-07	1.0355e-07	2.40278e-08	5.31282e-09	1.12093e-09	2.25964e-10	4.35744e-11	8.04736e-12	1.42487e-12	2.42127e-13	3.95255e-14	6.20406e-15	9.37166e-16	1.36311e-16	1.87855e-17	
0.0123436	0.00523672	0.00207518	0.000770072	0.000268247	8.79133e-05	2.71657e-05	7.93058e-06	2.19142e-06	5.74177e-07	1.42885e-07	3.38234e-08	7.62735e-09	1.64077e-09	3.37134e-10	6.62464e-11	1.24631e-11	2.24734e-12	3.88805e-13	6.46013e-14	1.0318e-14	1.58555e-15	2.34613e-16	3.34456e-17	4.52263e-18	
0.00578611	0.00233952	0.000886102	0.000315096	0.000105425	3.32568e-05	9.91052e-06	2.79503e-06	7.47307e-07	1.89732e-07	4.58113e-08	1.05347e-08	2.31038e-09	4.83844e-10	9.68767e-11	1.85661e-11	3.40943e-12	6.00548e-13	1.01565e-13	1.65071e-14	2.58056e-15	3.88362e-16	5.63101e-17	7.87015e-18	1.04451e-18	
0.00254825	0.000984253	0.000357037	0.000121883	3.92322e-05	1.19295e-05	3.43277e-06	9.36356e-07	2.42492e-07	5.97129e-08	1.40012e-08	3.13021e-09	6.68104e-10	1.36301e-10	2.66093e-11	4.97642e-12	8.92474e-13	1.53636e-13	2.54105e-14	4.04147e-15	6.1864e-16	9.12134e-17	1.29638e-17	1.77695e-18	2.31525e-19	
0.00105555	0.000390321	0.00013587	4.46046e-05	1.38341e-05	4.06045e-06	1.12966e-06	2.98357e-07	7.49168e-08	1.79092e-08	4.08134e-09	8.87771e-10	1.84539e-10	3.66991e-11	6.98986e-12	1.27636e-12	2.23662e-13	3.76467e-14	6.09205e-15	9.48566e-16	1.42229e-16	2.05525e-17	2.86425e-18	3.85159e-19	4.92804e-20	
0.000411741	0.000146065	4.88821e-05	1.54578e-05	4.6263e-06	1.31243e-06	3.53442e-07	9.0484e-08	2.20509e-08	5.12201e-09	1.1354e-09	2.40471e-10	4.87153e-11	9.44973e-12	1.75698e-12	3.13421e-13	5.36915e-14	8.84062e-15	1.40032e-15	2.13543e-16	3.13761e-17	4.44514e-18	6.07648e-19	8.01871e-20	1.00779e-20	
0.000151443	5.16411e-05	1.66438e-05	5.07775e-06	1.46852e-06	4.03175e-07	1.05221e-07	2.61379e-08	6.18796e-09	1.39783e-09	3.01641e-10	6.22493e-11	1.22982e-11	2.32838e-12	4.22847e-13	7.37281e-14	1.23534e-14	1.99069e-15	3.08775e-16	4.61355e-17	6.64513e-18	9.2333e-19	1.23848e-19	1.60437e-20	1.98117e-21	
5.25946e-05	1.72703e-05	5.36934e-06	1.58269e-06	4.42899e-07	1.17817e-07	2.98302e-08	7.19736e-09	1.65679e-09	3.64273e-10	7.65812e-11	1.541e-11	2.97098e-12	5.49324e-13	9.74954e-14	1.66245e-14	2.72574e-15	4.30075e-16	6.53525e-17	9.57105e-18	1.35191e-18	1.84298e-19	2.42641e-20	3.08658e-21	3.74597e-22	
1.72703e-05	5.47018e-06	1.64304e-06	4.68576e-07	1.27037e-07	3.27809e-08	8.06042e-09	1.89074e-09	4.23565e-10	9.07152e-11	1.85932e-11	3.65061e-12	6.87265e-13	1.24172e-13	2.15497e-14	3.59534e-15	5.77123e-16	8.91989e-17	1.32843e-17	1.9077e-18	2.64348e-19	3.53688e-20	4.57213e-21	5.71297e-22	6.81611e-23	
5.36934e-06	1.64304e-06	4.7746e-07	1.31913e-07	3.46888e-08	8.69222e-09	2.0777e-09	4.7425e-10	1.03478e-10	2.16043e-11	4.32014e-12	8.2818e-13	1.52339e-13	2.69108e-14	4.56914e-15	7.46244e-16	1.17327e-16	1.77709e-17	2.59492e-18	3.65542e-19	4.97093e-20	6.52982e-21	8.29073e-22	1.01789e-22	1.1942e-23	
1.58269e-06	4.68576e-07	1.31913e-07	3.5349e-08	9.02635e-09	2.19859e-09	5.11348e-10	1.13674e-10	2.41768e-11	4.92422e-12	9.61331e-13	1.80048e-13	3.23782e-14	5.59528e-15	9.29911e-16	1.48745e-16	2.29163e-17	3.40297e-18	4.87394e-19	6.73746e-20	8.99464e-21	1.16041e-21	1.44754e-22	1.74675e-23	2.01571e-24	
4.42899e-07	1.27037e-07	3.46888e-08	9.02635e-09	2.24042e-09	5.30965e-10	1.20265e-10	2.60589e-11	5.40648e-12	1.07499e-12	2.05021e-13	3.75372e-14	6.60311e-15	1.11686e-15	1.81779e-16	2.84904e-17	4.30303e-18	6.26709e-19	8.80768e-20	1.19519e-20	1.56697e-21	1.98605e-22	2.43487e-23	2.88865e-24	3.27959e-25	
1.17817e-07	3.27809e-08	8.69222e-09	2.19859e-09	5.30965e-10	1.22545e-10	2.70539e-11	5.71811e-12	1.15809e-12	2.24941e-13	4.19363e-14	7.51023e-15	1.29299e-15	2.14164e-16	3.41522e-17	5.24714e-18	7.77234e-19	1.11069e-19	1.53223e-20	2.0418e-21	2.62976e-22	3.27557e-23	3.94788e-24	4.60603e-25	5.14625e-26	
2.98302e-08	8.06042e-09	2.0777e-09	5.11348e-10	1.20265e-10	2.70539e-11	5.82591e-12	1.20201e-12	2.37806e-13	4.51504e-14	8.23311e-15	1.44299e-15	2.4327e-16	3.94773e-17	6.17089e-18	9.29789e-19	1.35127e-19	1.89539e-20	2.56757e-21	3.36102e-22	4.25398e-23	5.20882e-24	6.17357e-25	7.08534e-26	7.79242e-27	
7.19736e-09	1.89074e-09	4.7425e-10	1.13674e-10	2.60589e-11	5.71811e-12	1.20201e-12	2.42255e-13	4.68482e-14	8.69965e-15	1.5525e-15	2.66439e-16	4.40064e-17	6.99981e-18	1.07301e-18	1.58618e-19	2.2626e-20	3.1163e-21	4.14673e-22	5.33407e-23	6.63651e-24	7.99073e-25	9.31593e-26	1.05203e-26	1.13918e-27	
1.65679e-09	4.23565e-10	1.03478e-10	2.41768e-11	5.40648e-12	1.15809e-12	2.37806e-13	4.68482e-14	8.86094e-15	1.61031e-15	2.81381e-16	4.73094e-17	7.65888e-18	1.19465e-18	1.79662e-19	2.60669e-20	3.65096e-21	4.93932e-22	6.45837e-23	8.16615e-24	9.9905e-25	1.18321e-25	1.35726e-26	1.50855e-27	1.6087e-28	
3.64273e-10	9.07152e-11	2.16043e-11	4.92422e-12	1.07499e-12	2.24941e-13	4.51504e-14	8.69965e-15	1.61031e-15	2.86545e-16	4.90523e-17	8.0836e-18	1.28327e-18	1.96374e-19	2.8985e-20	4.12911e-21	5.68056e-22	7.55143e-23	9.70544e-24	1.20666e-24	1.45202e-25	1.69199e-26	1.91019e-27	2.09014e-28	2.19554e-29	
7.65812e-11	1.85932e-11	4.32014e-12	9.61331e-13	2.05021e-13	4.19363e-14	8.23311e-15	1.5525e-15	2.81381e-16	4.90523e-17	8.23032e-18	1.33001e-18	2.07134e-19	3.11089e-20	4.50834e-21	6.30825e-22	8.5273e-23	1.11422e-23	1.40807e-24	1.72187e-25	2.03857e-26	2.33785e-27	2.59828e-28	2.79959e-29	2.89741e-30	
1.541e-11	3.65061e-12	8.2818e-13	1.80048e-13	3.75372e-14	7.51023e-15	1.44299e-15	2.66439e-16	4.73094e-17	8.0836e-18	1.33001e-18	2.1085e-19	3.22282e-20	4.75231e-21	6.76458e-22	9.30026e-23	1.2357e-23	1.58756e-24	1.97324e-25	2.37404e-26	2.76612e-27	3.1228e-28	3.41752e-29	3.62688e-30	3.69907e-31	
2.97098e-12	6.87265e-13	1.52339e-13	3.23782e-14	6.60311e-15	1.29299e-15	2.4327e-16	4.40064e-17	7.65888e-18	1.28327e-18	2.07134e-19	3.22282e-20	4.83653e-21	7.00493e-22	9.7971e-23	1.32392e-23	1.72954e-24	2.18544e-25	2.67248e-26	3.16427e-27	3.62938e-28	4.03456e-29	4.34878e-30	4.54678e-31	4.57086e-32	
5.49324e-13	1.24172e-13	2.69108e-14	5.59528e-15	1.11686e-15	2.14164e-16	3.94773e-17	6.99981e-18	1.19465e-18	1.96374e-19	3.11089e-20	4.75231e-21	7.00493e-22	9.96852e-23	1.37035e-23	1.82072e-24	2.33939e-25	2.90825e-26	3.49988e-27	4.07925e-28	4.60706e-29	5.04412e-30	5.35627e-31	5.51838e-32	5.46925e-33	
9.74954e-14	2.15497e-14	4.56914e-15	9.29911e-16	1.81779e-16	3.41522e-17	6.17089e-18	1.07301e-18	1.79662e-19	2.8985e-20	4.50834e-21	6.76458e-22	9.7971e-23	1.37035e-23	1.85217e-24	2.42036e-25	3.05953e-26	3.74306e-27	4.43418e-28	5.08888e-29	5.66055e-30	6.1055e-31	6.38855e-32	6.4872e-33	6.33991e-34	
1.66245e-14	3.59534e-15	7.46244e-16	1.48745e-16	2.84904e-17	5.24714e-18	9.29789e-19	1.58618e-19	2.60669e-20	4.12911e-21	6.30825e-22	9.30026e-23	1.32392e-23	1.82072e-24	2.42036e-25	3.11167e-26	3.87089e-27	4.66172e-28	5.43763e-29	6.14623e-30	6.73508e-31	7.15823e-32	7.38222e-33	7.38992e-34	7.12292e-35	
2.72574e-15	5.77123e-16	1.17327e-16	2.29163e-17	4.30303e-18	7.77234e-19	1.35127e-19	2.2626e-20	3.65096e-21	5.68056e-22	8.5273e-23	1.2357e-23	1.72954e-24	2.33939e-25	3.05953e-26	3.87089e-27	4.74012e-28	5.62083e-29	6.45732e-30	7.19028e-31	7.76385e-32	8.13274e-33	8.2682e-34	8.16113e-35	7.75965e-36	
4.30075e-16	8.91989e-17	1.77709e-17	3.40297e-18	6.26709e-19	1.11069e-19	1.89539e-20	3.1163e-21	4.93932e-22	7.55143e-23	1.11422e-23	1.58756e-24	2.18544e-25	2.90825e-26	3.74306e-27	4.66172e-28	5.62083e-29	6.56447e-30	7.42925e-31	8.15144e-32	8.67481e-33	8.95798e-34	8.97979e-35	8.74133e-36	8.20016e-37	
6.53525e-17	1.32843e-17	2.59492e-18	4.87394e-19	8.80768e-20	1.53223e-20	2.56757e-21	4.14673e-22	6.45837e-23	9.70544e-24	1.40807e-24	1.97324e-25	2.67248e-26	3.49988e-27	4.43418e-28	5.43763e-29	6.45732e-30	7.42925e-31	8.28486e-32	8.95918e-33	9.39903e-34	9.57003e-35	9.46102e-36	9.08458e-37	8.40966e-38	
9.57105e-18	1.9077e-18	3.65542e-19	6.73746e-20	1.19519e-20	2.0418e-21	3.36102e-22	5.33407e-23	8.16615e-24	1.20666e-24	1.72187e-25	2.37404e-26	3.16427e-27	4.07925e-28	5.08888e-29	6.14623e-30	7.19028e-31	8.15144e-32	8.95918e-33	9.5508e-34	9.87947e-35	9.92044e-36	9.67405e-37	9.16455e-38	8.37313e-39	
1.35191e-18	2.64348e-19	4.97093e-20	8.99464e-21	1.56697e-21	2.62976e-22	4.25398e-23	6.63651e-24	9.9905e-25	1.45202e-25	2.03857e-26	2.76612e-27	3.62938e-28	4.60706e-29	5.66055e-30	6.73508e-31	7.76385e-32	8.67481e-33	9.39903e-34	9.87947e-35	1.00785e-35	9.98259e-37	9.60405e-38	8.97783e-39	8.09698e-40	
1.84298e-19	3.53688e-20	6.52982e-21	1.16041e-21	1.98605e-22	3.27557e-23	5.20882e-24	7.99073e-25	1.18321e-25	1.69199e-26	2.33785e-27	3.1228e-28	4.03456e-29	5.04412e-30	6.1055e-31	7.15823e-32	8.13274e-33	8.95798e-34	9.57003e-35	9.92044e-36	9.98259e-37	9.75496e-38	9.26081e-39	8.54389e-40	7.60768e-41	
2.42641e-20	4.57213e-21	8.29073e-22	1.44754e-22	2.43487e-23	3.94788e-24	6.17357e-25	9.31593e-26	1.35726e-26	1.91019e-27	2.59828e-28	3.41752e-29	4.34878e-30	5.35627e-31	6.38855e-32	7.38222e-33	8.2682e-34	8.97979e-35	9.46102e-36	9.67405e-37	9.60405e-38	9.26081e-39	8.67681e-40	7.90188e-41	6.94768e-42	
3.08658e-21	5.71297e-22	1.01789e-22	1.74675e-23	2.88865e-24	4.60603e-25	7.08534e-26	1.05203e-26	1.50855e-27	2.09014e-28	2.79959e-29	3.62688e-30	4.54678e-31	5.51838e-32	6.4872e-33	7.38992e-34	8.16113e-35	8.74133e-36	9.08458e-37	9.16455e-38	8.97783e-39	8.54389e-40	7.90188e-41	7.10454e-42	6.16914e-43	
3.74597e-22	6.81611e-23	1.1942e-23	2.01571e-24	3.27959e-25	5.14625e-26	7.79242e-27	1.13918e-27	1.6087e-28	2.19554e-29	2.89741e-30	3.69907e-31	4.57086e-32	5.46925e-33	6.33991e-34	7.12292e-35	7.75965e-36	8.20016e-37	8.40966e-38	8.37313e-39	8.09698e-40	7.60768e-41	6.94768e-42	6.16914e-43	5.2921e-44	
