-0.187098	-0.105183	-0.0228282	0.0533433	0.123586	0.197983	0.269492	0.335096	0.408975	0.481397	0.528149	0.539055	0.516259	0.47275	0.419413	0.362832	0.313686	0.268599	0.217078	0.173033	0.153274	0.14546	0.128885	0.0974941	0.0530988	
-0.147687	-0.026132	0.0880228	0.177646	0.246115	0.30887	0.359914	0.401418	0.449844	0.496336	0.520113	0.507473	0.45408	0.373021	0.280186	0.187966	0.109491	0.0425898	-0.0204504	-0.0685512	-0.0893575	-0.0873545	-0.0717526	-0.0492306	-0.0247534	
-0.078458	0.0765034	0.208292	0.300317	0.360912	0.405111	0.429767	0.444106	0.462992	0.477355	0.472131	0.432375	0.349659	0.238479	0.119416	0.00808232	-0.0845303	-0.162208	-0.23045	-0.28164	-0.307042	-0.300376	-0.257476	-0.185742	-0.0973547	
0.00119331	0.176186	0.32074	0.411826	0.457976	0.478062	0.473546	0.456228	0.437916	0.413581	0.376791	0.312689	0.209934	0.0828107	-0.0468024	-0.163484	-0.260657	-0.342675	-0.41048	-0.459279	-0.48421	-0.469526	-0.400628	-0.287886	-0.150588	
0.0735726	0.266774	0.416428	0.498951	0.528694	0.521216	0.480378	0.424696	0.365487	0.302948	0.239582	0.160994	0.0519288	-0.0772469	-0.206367	-0.32103	-0.417814	-0.498319	-0.556845	-0.59209	-0.605191	-0.575263	-0.482277	-0.341165	-0.176626	
0.133049	0.33275	0.48146	0.555427	0.562761	0.518278	0.438136	0.345991	0.249766	0.156851	0.0776988	-0.00406918	-0.108881	-0.231743	-0.354599	-0.462888	-0.553726	-0.623471	-0.660505	-0.669355	-0.659515	-0.609634	-0.498534	-0.34498	-0.175946	
0.162926	0.365316	0.507779	0.562917	0.54245	0.464362	0.351333	0.229288	0.106114	-0.00475398	-0.0905007	-0.169671	-0.265137	-0.376702	-0.488138	-0.583633	-0.659212	-0.706242	-0.710685	-0.685007	-0.647328	-0.578947	-0.460059	-0.310363	-0.15544	
0.154036	0.347382	0.473548	0.51336	0.473779	0.368901	0.232426	0.0929617	-0.0454518	-0.166431	-0.255435	-0.33	-0.412482	-0.506598	-0.598117	-0.670851	-0.720177	-0.734764	-0.702284	-0.642913	-0.580632	-0.500802	-0.386292	-0.253921	-0.124637	
0.0863692	0.268517	0.386687	0.418895	0.366087	0.247344	0.102411	-0.0462736	-0.194891	-0.321257	-0.411094	-0.478786	-0.542464	-0.609269	-0.669616	-0.709858	-0.725609	-0.705167	-0.640824	-0.557337	-0.479573	-0.397624	-0.298127	-0.19165	-0.0922179	
-0.032554	0.144278	0.257728	0.290261	0.238998	0.119375	-0.0286863	-0.183317	-0.335669	-0.461721	-0.548846	-0.603881	-0.639444	-0.66834	-0.688961	-0.692481	-0.674755	-0.625238	-0.541804	-0.448621	-0.366147	-0.290108	-0.212317	-0.135	-0.0640213	
-0.190349	-0.0151371	0.104287	0.148459	0.103806	-0.0119199	-0.156084	-0.309695	-0.458634	-0.576857	-0.652933	-0.686593	-0.686737	-0.672576	-0.652052	-0.622385	-0.578772	-0.512248	-0.425554	-0.336895	-0.258535	-0.193116	-0.13905	-0.0897466	-0.0426638	
-0.370528	-0.188495	-0.0599584	-0.00509323	-0.0373703	-0.137256	-0.269623	-0.415371	-0.549282	-0.647746	-0.704355	-0.712079	-0.676302	-0.622172	-0.567387	-0.514592	-0.456831	-0.386915	-0.310918	-0.237075	-0.168123	-0.114617	-0.0822957	-0.0569009	-0.0281964	
-0.560033	-0.373624	-0.234484	-0.161562	-0.171462	-0.246583	-0.357498	-0.481157	-0.586891	-0.658924	-0.693229	-0.676304	-0.612241	-0.52988	-0.45364	-0.389847	-0.329345	-0.267295	-0.210944	-0.156813	-0.0993727	-0.0568574	-0.041665	-0.0345064	-0.0191387	
-0.75993	-0.561273	-0.403822	-0.308858	-0.287231	-0.322617	-0.398048	-0.48924	-0.561818	-0.606686	-0.620915	-0.588058	-0.510814	-0.41639	-0.332246	-0.267585	-0.212629	-0.16531	-0.131546	-0.0971588	-0.0515647	-0.0184363	-0.0145478	-0.019411	-0.0134277	
-0.952948	-0.736348	-0.557402	-0.429865	-0.361157	-0.347321	-0.382296	-0.435832	-0.475143	-0.499102	-0.502648	-0.467069	-0.392895	-0.301887	-0.221074	-0.161766	-0.11642	-0.0859996	-0.0726413	-0.0548754	-0.0211088	0.00382057	0.0022586	-0.00856524	-0.00910146	
-1.12708	-0.885097	-0.671888	-0.503058	-0.384761	-0.320636	-0.311211	-0.327018	-0.342924	-0.358031	-0.360551	-0.333811	-0.276721	-0.201591	-0.131176	-0.0791397	-0.0439875	-0.0290539	-0.0305953	-0.0250168	-0.0034459	0.0136611	0.0116322	0.000237562	-0.00471294	
-1.26511	-0.986311	-0.738459	-0.530137	-0.361111	-0.248695	-0.200098	-0.187133	-0.190913	-0.205519	-0.214387	-0.205907	-0.175121	-0.122748	-0.0656737	-0.0205493	0.00566104	0.00896132	-0.000521596	-0.00292252	0.00575723	0.0148672	0.0158287	0.00808769	0.000456075	
-1.35521	-1.04468	-0.764968	-0.515858	-0.305566	-0.159085	-0.0777995	-0.0412559	-0.0407416	-0.0610535	-0.0811766	-0.0946755	-0.0924323	-0.065094	-0.0225123	0.0164216	0.0358905	0.0328043	0.0219192	0.0145892	0.0101176	0.011134	0.0165503	0.0150127	0.00632713	
-1.40838	-1.07256	-0.764524	-0.488084	-0.252991	-0.0780881	0.0341086	0.0868292	0.0863866	0.0609165	0.0305021	-0.00357669	-0.0277455	-0.0247479	0.00311945	0.0359238	0.0509482	0.0469864	0.0394844	0.0289879	0.0125039	0.00599438	0.0151361	0.0202692	0.0121014	
-1.44305	-1.09322	-0.770867	-0.477444	-0.223576	-0.026414	0.1091	0.175195	0.179745	0.155292	0.116894	0.0664569	0.0220057	0.00416341	0.017008	0.0421596	0.0548067	0.0549821	0.0532051	0.0404037	0.0150842	0.0025835	0.0127427	0.0228026	0.0164921	
-1.47896	-1.13105	-0.802407	-0.500754	-0.24105	-0.0277065	0.132017	0.216611	0.234537	0.217021	0.175371	0.116881	0.0608869	0.0266176	0.0235022	0.0387514	0.0510916	0.0588899	0.0625857	0.0482689	0.0193469	0.00322257	0.0104193	0.0217853	0.0181212	
-1.52321	-1.19327	-0.872935	-0.578629	-0.315808	-0.0827883	0.0985633	0.203711	0.245344	0.243436	0.206019	0.149023	0.0901746	0.0444122	0.0252822	0.0291737	0.0427398	0.0590008	0.0661966	0.0521048	0.0259782	0.00887417	0.00905475	0.0171291	0.0160409	
-1.57564	-1.2811	-0.983633	-0.700334	-0.434932	-0.192656	0.00319118	0.137173	0.212988	0.232398	0.20718	0.161469	0.107932	0.056567	0.0234924	0.0162024	0.0312496	0.0539704	0.0626131	0.0519395	0.0345276	0.0187327	0.00926298	0.0098107	0.0102417	
-1.61654	-1.36946	-1.10653	-0.846038	-0.591905	-0.349621	-0.139038	0.0260497	0.135572	0.180666	0.177633	0.151413	0.109723	0.0594159	0.017223	0.00116894	0.0164352	0.0415042	0.0510077	0.0480643	0.043131	0.0302369	0.0112163	0.00182822	0.00195844	
-1.6128	-1.43085	-1.22168	-0.995602	-0.757717	-0.523783	-0.31018	-0.12306	0.0168902	0.0915426	0.117096	0.114941	0.08994	0.047408	0.00372705	-0.0164386	-0.00369946	0.0190186	0.0312318	0.0403501	0.0484999	0.0395422	0.0144448	-0.00429353	-0.00641867	
-1.557	-1.45258	-1.29906	-1.10732	-0.899853	-0.694709	-0.488968	-0.288506	-0.129242	-0.0288582	0.0277589	0.0510091	0.0439844	0.0150185	-0.0204657	-0.0395431	-0.0329542	-0.0154569	0.00350396	0.0272789	0.0462062	0.0423656	0.0176755	-0.00640675	-0.0119728	
-1.45245	-1.4129	-1.30833	-1.16493	-1.00566	-0.832099	-0.639017	-0.44729	-0.287624	-0.165142	-0.0800746	-0.0379176	-0.0290924	-0.0392268	-0.0586492	-0.073818	-0.0755213	-0.0622202	-0.032587	0.00510145	0.0314243	0.0349542	0.0187129	-0.0038652	-0.0123799	
-1.29887	-1.30827	-1.25964	-1.17189	-1.05211	-0.905965	-0.743514	-0.581956	-0.429404	-0.292584	-0.194618	-0.14362	-0.120195	-0.110867	-0.113976	-0.125029	-0.133007	-0.120011	-0.079323	-0.0317737	8.40927e-05	0.0146396	0.014355	0.00152652	-0.00720947	
-1.10712	-1.16484	-1.17186	-1.12413	-1.03429	-0.921776	-0.797579	-0.66646	-0.526744	-0.394914	-0.30058	-0.245443	-0.211872	-0.191947	-0.185679	-0.19339	-0.202862	-0.187266	-0.140395	-0.088648	-0.0502218	-0.0203304	0.000534221	0.00518881	0.00107637	
-0.899672	-1.00557	-1.05207	-1.03428	-0.975365	-0.892111	-0.797221	-0.692462	-0.573216	-0.459742	-0.375719	-0.320436	-0.286731	-0.26912	-0.263629	-0.271072	-0.27879	-0.261816	-0.218043	-0.167743	-0.119867	-0.0711993	-0.0271464	0.000318977	0.00699479	
-0.694559	-0.832027	-0.905934	-0.921765	-0.892108	-0.83179	-0.759159	-0.67143	-0.571098	-0.480321	-0.407853	-0.354983	-0.32861	-0.323882	-0.330445	-0.343269	-0.350319	-0.338889	-0.309683	-0.265719	-0.206678	-0.138659	-0.0725667	-0.0205945	0.00330177	
-0.48885	-0.638961	-0.743489	-0.797569	-0.797218	-0.759159	-0.696775	-0.615958	-0.536996	-0.46658	-0.397208	-0.344893	-0.328938	-0.341863	-0.366775	-0.39016	-0.40382	-0.409986	-0.405219	-0.371841	-0.30503	-0.222015	-0.13787	-0.0633185	-0.0163398	
-0.288417	-0.447247	-0.581938	-0.666453	-0.692459	-0.671429	-0.615958	-0.551687	-0.493515	-0.425885	-0.351658	-0.302785	-0.294048	-0.317112	-0.356604	-0.394432	-0.426996	-0.4623	-0.486121	-0.468438	-0.405063	-0.317258	-0.22158	-0.128904	-0.0540961	
-0.129177	-0.287594	-0.429391	-0.526738	-0.573214	-0.571097	-0.536995	-0.493515	-0.437006	-0.362995	-0.294682	-0.250933	-0.235391	-0.253101	-0.297466	-0.351206	-0.412004	-0.479414	-0.529461	-0.534899	-0.492211	-0.414329	-0.316297	-0.21109	-0.105465	
-0.0288125	-0.165121	-0.292575	-0.394911	-0.45974	-0.48032	-0.46658	-0.425885	-0.362995	-0.298457	-0.244809	-0.196724	-0.163978	-0.166355	-0.204254	-0.269483	-0.356248	-0.446804	-0.517019	-0.55334	-0.547643	-0.495545	-0.406995	-0.295089	-0.158894	
0.0277903	-0.0800606	-0.194612	-0.300577	-0.375719	-0.407852	-0.397207	-0.351658	-0.294682	-0.244809	-0.194189	-0.137972	-0.0932997	-0.0769406	-0.0991963	-0.166394	-0.263251	-0.35988	-0.443713	-0.513338	-0.551496	-0.537514	-0.471094	-0.358771	-0.198371	
0.0510301	-0.0379084	-0.143616	-0.245441	-0.320435	-0.354983	-0.344893	-0.302785	-0.250933	-0.196724	-0.137972	-0.0800364	-0.0291103	0.00468333	-0.00178413	-0.0580685	-0.141138	-0.228073	-0.31961	-0.414324	-0.489197	-0.516908	-0.481652	-0.377199	-0.208628	
0.0439981	-0.0290866	-0.120193	-0.211871	-0.286731	-0.32861	-0.328938	-0.294047	-0.235391	-0.163978	-0.0932997	-0.0291103	0.030052	0.0723537	0.0789773	0.0504531	-0.000548076	-0.0715549	-0.16317	-0.264678	-0.357768	-0.418071	-0.414734	-0.330491	-0.180827	
0.0150272	-0.0392231	-0.110866	-0.191946	-0.26912	-0.323882	-0.341863	-0.317112	-0.253101	-0.166355	-0.0769406	0.00468333	0.0723537	0.120171	0.149691	0.161734	0.144506	0.0900388	0.0105312	-0.0778844	-0.167236	-0.239214	-0.260074	-0.212636	-0.11571	
-0.0204604	-0.0586471	-0.113975	-0.185679	-0.263629	-0.330445	-0.366775	-0.356604	-0.297466	-0.204254	-0.0991963	-0.00178413	0.0789773	0.149691	0.21754	0.268569	0.279637	0.249189	0.195768	0.132736	0.0652639	0.00531082	-0.0304712	-0.0367635	-0.0225681	
-0.0395399	-0.0738167	-0.125028	-0.193389	-0.271071	-0.343269	-0.39016	-0.394432	-0.351206	-0.269483	-0.166394	-0.0580685	0.0504531	0.161734	0.268569	0.351448	0.397015	0.407171	0.390804	0.359069	0.323796	0.287052	0.237526	0.167354	0.0844539	
-0.0329523	-0.0755205	-0.133007	-0.202862	-0.278789	-0.350319	-0.40382	-0.426996	-0.412004	-0.356248	-0.263251	-0.141138	-0.000548076	0.144506	0.279637	0.397015	0.49261	0.558436	0.589933	0.597669	0.594214	0.569437	0.496218	0.36353	0.189533	
-0.0154558	-0.0622197	-0.120011	-0.187266	-0.261816	-0.338889	-0.409986	-0.4623	-0.479414	-0.446804	-0.35988	-0.228073	-0.0715549	0.0900388	0.249189	0.407171	0.558436	0.687023	0.780742	0.837948	0.855103	0.817056	0.706833	0.521595	0.276845	
0.00350454	-0.0325868	-0.0793229	-0.140395	-0.218043	-0.309683	-0.405219	-0.486121	-0.529461	-0.517019	-0.443713	-0.31961	-0.16317	0.0105312	0.195768	0.390804	0.589933	0.780742	0.942879	1.0484	1.07179	1.00395	0.851836	0.62508	0.333353	
0.0272792	0.00510157	-0.0317737	-0.088648	-0.167743	-0.265719	-0.371841	-0.468438	-0.534899	-0.55334	-0.513338	-0.414324	-0.264678	-0.0778844	0.132736	0.359069	0.597669	0.837948	1.0484	1.1823	1.20498	1.11399	0.929495	0.671388	0.354031	
0.0462063	0.0314244	8.41132e-05	-0.0502218	-0.119867	-0.206678	-0.30503	-0.405063	-0.492211	-0.547643	-0.551496	-0.489197	-0.357768	-0.167236	0.0652639	0.323796	0.594214	0.855103	1.07179	1.20498	1.22761	1.13436	0.939023	0.66639	0.344658	
0.0423656	0.0349542	0.0146396	-0.0203303	-0.0711993	-0.138659	-0.222015	-0.317258	-0.414329	-0.495545	-0.537514	-0.516908	-0.418071	-0.239214	0.00531082	0.287052	0.569437	0.817056	1.00395	1.11399	1.13436	1.05417	0.874406	0.616854	0.315991	
0.0176755	0.018713	0.014355	0.000534222	-0.0271464	-0.0725667	-0.13787	-0.22158	-0.316297	-0.406995	-0.471094	-0.481652	-0.414734	-0.260074	-0.0304712	0.237526	0.496218	0.706833	0.851836	0.929495	0.939023	0.874406	0.732787	0.524655	0.272383	
-0.00640674	-0.0038652	0.00152652	0.00518881	0.000318977	-0.0205945	-0.0633185	-0.128904	-0.21109	-0.295089	-0.358771	-0.377199	-0.330491	-0.212636	-0.0367635	0.167354	0.36353	0.521595	0.62508	0.671388	0.66639	0.616854	0.524655	0.38753	0.207539	
-0.0119728	-0.0123799	-0.00720947	0.00107637	0.00699479	0.00330178	-0.0163398	-0.0540961	-0.105465	-0.158894	-0.198371	-0.208628	-0.180827	-0.11571	-0.0225681	0.0844539	0.189533	0.276845	0.333353	0.354031	0.344658	0.315991	0.272383	0.207539	0.114522	
