0.297909	0.573648	0.820746	1.02792	1.19753	1.30186	1.32216	1.27548	1.17457	1.01065	0.788139	0.545434	0.332232	0.178191	0.0845569	0.0357299	0.0135357	0.00462721	0.00143603	0.000406797	0.000105705	2.53065e-05	5.60419e-06	1.15212e-06	2.20593e-07	
0.573648	0.811459	1.0113	1.17795	1.29161	1.32633	1.29094	1.2045	1.06319	0.861589	0.624726	0.400084	0.225718	0.112545	0.0498808	0.0197802	0.0070638	0.00228561	0.000673818	0.000181907	4.51749e-05	1.03625e-05	2.2037e-06	4.35933e-07	8.04606e-08	
0.820746	1.0113	1.17105	1.28521	1.32787	1.30063	1.22356	1.09871	0.916693	0.69078	0.462152	0.272926	0.142458	0.0660356	0.0273503	0.0101855	0.00343138	0.00105162	0.000294697	7.58623e-05	1.80148e-05	3.96118e-06	8.09286e-07	1.54104e-07	2.7428e-08	
1.02792	1.17795	1.28521	1.32818	1.30535	1.23425	1.1204	0.954309	0.741091	0.514265	0.316097	0.17196	0.083086	0.0358476	0.0138934	0.00486549	0.00154819	0.000449908	0.000119961	2.94724e-05	6.69744e-06	1.41265e-06	2.77439e-07	5.08822e-08	8.73733e-09	
1.19753	1.29161	1.32787	1.30535	1.23771	1.13066	0.975991	0.774666	0.55335	0.351773	0.198454	0.0995586	0.0446122	0.0179523	0.00652366	0.00215226	0.000647895	0.000178783	4.54139e-05	1.06601e-05	2.32044e-06	4.69895e-07	8.87821e-08	1.56932e-08	2.60153e-09	
1.30186	1.32633	1.30063	1.23425	1.13066	0.983053	0.791387	0.577464	0.377156	0.219455	0.113821	0.0527948	0.0220019	0.00827987	0.00282792	0.000880808	0.000251313	6.59584e-05	1.59846e-05	3.58941e-06	7.49256e-07	1.45813e-07	2.65276e-08	4.5229e-09	7.24356e-10	
1.32216	1.29094	1.22356	1.1204	0.975991	0.791387	0.585603	0.390329	0.232937	0.124337	0.0594864	0.0256028	0.00995672	0.00351473	0.00113127	0.000333428	9.03524e-05	2.25942e-05	5.23201e-06	1.12547e-06	2.25562e-07	4.22315e-08	7.40513e-09	1.21888e-09	1.88736e-10	
1.27548	1.2045	1.09871	0.954309	0.774666	0.577464	0.390329	0.237583	0.129919	0.0638766	0.0283115	0.0113524	0.00413478	0.00137348	0.000417765	0.000116798	3.01222e-05	7.19021e-06	1.59351e-06	3.28835e-07	6.3355e-08	1.14247e-08	1.93275e-09	3.07403e-10	4.60593e-11	
1.17457	1.06319	0.916693	0.741091	0.55335	0.377156	0.232937	0.129919	0.0654065	0.0297671	0.0122794	0.00460646	0.00157708	0.000494543	0.000142544	3.78935e-05	9.32055e-06	2.12762e-06	4.52011e-07	8.96099e-08	1.66183e-08	2.88962e-09	4.72119e-10	7.26263e-11	1.05387e-11	
1.01065	0.861589	0.69078	0.514265	0.351773	0.219455	0.124337	0.0638766	0.0297671	0.0126044	0.0048617	0.00171322	0.00055331	0.0001643	4.49973e-05	1.14007e-05	2.67993e-06	5.86081e-07	1.1955e-07	2.28012e-08	4.07537e-09	6.84079e-10	1.08055e-10	1.60917e-11	2.26332e-12	
0.788139	0.624726	0.462152	0.316097	0.198454	0.113821	0.0594864	0.0283115	0.0122794	0.0048617	0.00176113	0.000585229	0.000178899	5.0451e-05	1.31623e-05	3.18551e-06	7.17047e-07	1.50495e-07	2.95207e-08	5.4242e-09	9.35545e-10	1.51767e-10	2.31999e-11	3.34779e-12	4.56792e-13	
0.545434	0.400084	0.272926	0.17196	0.0995586	0.0527948	0.0256028	0.0113524	0.00460646	0.00171322	0.000585229	0.000184045	5.34185e-05	1.43462e-05	3.57405e-06	8.28004e-07	1.7881e-07	3.60769e-08	6.81546e-09	1.20806e-09	2.01307e-10	3.15949e-11	4.6787e-12	6.54796e-13	8.67446e-14	
0.332232	0.225718	0.142458	0.083086	0.0446122	0.0220019	0.00995672	0.00413478	0.00157708	0.00055331	0.000178899	5.34185e-05	1.47639e-05	3.7856e-06	9.02592e-07	2.00564e-07	4.16266e-08	8.08653e-09	1.47335e-09	2.52253e-10	4.06586e-11	6.18036e-12	8.87436e-13	1.20561e-13	1.55192e-14	
0.178191	0.112545	0.0660356	0.0358476	0.0179523	0.00827987	0.00351473	0.00137348	0.000494543	0.0001643	5.0451e-05	1.43462e-05	3.7856e-06	9.28908e-07	2.12407e-07	4.53551e-08	9.06203e-09	1.69753e-09	2.98689e-10	4.94559e-11	7.71899e-12	1.13753e-12	1.58526e-13	2.09231e-14	2.61909e-15	
0.0845569	0.0498808	0.0273503	0.0138934	0.00652366	0.00282792	0.00113127	0.000417765	0.000142544	4.49973e-05	1.31623e-05	3.57405e-06	9.02592e-07	2.12407e-07	4.66702e-08	9.59273e-09	1.84797e-09	3.34269e-10	5.68735e-11	9.1175e-12	1.37943e-12	1.97269e-13	2.67052e-14	3.42711e-15	4.17486e-16	
0.0357299	0.0197802	0.0101855	0.00486549	0.00215226	0.000880808	0.000333428	0.000116798	3.78935e-05	1.14007e-05	3.18551e-06	8.28004e-07	2.00564e-07	4.53551e-08	9.59273e-09	1.90101e-09	3.53606e-10	6.1844e-11	1.01869e-11	1.58288e-12	2.32373e-13	3.22773e-14	4.24814e-15	5.30488e-16	6.29344e-17	
0.0135357	0.0070638	0.00343138	0.00154819	0.000647895	0.000251313	9.03524e-05	3.01222e-05	9.32055e-06	2.67993e-06	7.17047e-07	1.7881e-07	4.16266e-08	9.06203e-09	1.84797e-09	3.53606e-10	6.35949e-11	1.07674e-11	1.71897e-12	2.59155e-13	3.69505e-14	4.98957e-15	6.38962e-16	7.76993e-17	8.98314e-18	
0.00462721	0.00228561	0.00105162	0.000449908	0.000178783	6.59584e-05	2.25942e-05	7.19021e-06	2.12762e-06	5.86081e-07	1.50495e-07	3.60769e-08	8.08653e-09	1.69753e-09	3.34269e-10	6.1844e-11	1.07674e-11	1.76687e-12	2.73674e-13	4.00708e-14	5.5539e-15	7.29671e-16	9.09869e-17	1.07818e-17	1.21559e-18	
0.00143603	0.000673818	0.000294697	0.000119961	4.54139e-05	1.59846e-05	5.23201e-06	1.59351e-06	4.52011e-07	1.1955e-07	2.95207e-08	6.81546e-09	1.47335e-09	2.98689e-10	5.68735e-11	1.01869e-11	1.71897e-12	2.73674e-13	4.1168e-14	5.85939e-15	7.90121e-16	1.01076e-16	1.22815e-17	1.41915e-18	1.56125e-19	
0.000406797	0.000181907	7.58623e-05	2.94724e-05	1.06601e-05	3.58941e-06	1.12547e-06	3.28835e-07	8.96099e-08	2.28012e-08	5.4242e-09	1.20806e-09	2.52253e-10	4.94559e-11	9.1175e-12	1.58288e-12	2.59155e-13	4.00708e-14	5.85939e-15	8.11357e-16	1.06529e-16	1.32789e-17	1.57332e-18	1.77391e-19	1.90541e-20	
0.000105705	4.51749e-05	1.80148e-05	6.69744e-06	2.32044e-06	7.49256e-07	2.25562e-07	6.3355e-08	1.66183e-08	4.07537e-09	9.35545e-10	2.01307e-10	4.06586e-11	7.71899e-12	1.37943e-12	2.32373e-13	3.69505e-14	5.5539e-15	7.90121e-16	1.06529e-16	1.36289e-17	1.65653e-18	1.91506e-19	2.10814e-20	2.21214e-21	
2.53065e-05	1.03625e-05	3.96118e-06	1.41265e-06	4.69895e-07	1.45813e-07	4.22315e-08	1.14247e-08	2.88962e-09	6.84079e-10	1.51767e-10	3.15949e-11	6.18036e-12	1.13753e-12	1.97269e-13	3.22773e-14	4.98957e-15	7.29671e-16	1.01076e-16	1.32789e-17	1.65653e-18	1.96455e-19	2.21739e-20	2.38456e-21	2.44575e-22	
5.60419e-06	2.2037e-06	8.09286e-07	2.77439e-07	8.87821e-08	2.65276e-08	7.40513e-09	1.93275e-09	4.72119e-10	1.08055e-10	2.31999e-11	4.6787e-12	8.87436e-13	1.58526e-13	2.67052e-14	4.24814e-15	6.38962e-16	9.09869e-17	1.22815e-17	1.57332e-18	1.91506e-19	2.21739e-20	2.44495e-21	2.56993e-22	2.57773e-23	
1.15212e-06	4.35933e-07	1.54104e-07	5.08822e-08	1.56932e-08	4.5229e-09	1.21888e-09	3.07403e-10	7.26263e-11	1.60917e-11	3.34779e-12	6.54796e-13	1.20561e-13	2.09231e-14	3.42711e-15	5.30488e-16	7.76993e-17	1.07818e-17	1.41915e-18	1.77391e-19	2.10814e-20	2.38456e-21	2.56993e-22	2.6417e-23	2.59252e-24	
2.20593e-07	8.04606e-08	2.7428e-08	8.73733e-09	2.60153e-09	7.24356e-10	1.88736e-10	4.60593e-11	1.05387e-11	2.26332e-12	4.56792e-13	8.67446e-14	1.55192e-14	2.61909e-15	4.17486e-16	6.29344e-17	8.98314e-18	1.21559e-18	1.56125e-19	1.90541e-20	2.21214e-21	2.44575e-22	2.57773e-23	2.59252e-24	2.4905e-25	
3.94528e-08	1.38947e-08	4.57479e-09	1.4082e-09	4.05386e-10	1.09202e-10	2.75473e-11	6.51351e-12	1.44507e-12	3.01159e-13	5.90265e-14	1.08938e-14	1.89556e-15	3.11359e-16	4.83387e-17	7.10189e-18	9.88604e-19	1.30543e-19	1.63708e-20	1.95188e-21	2.215e-22	2.39492e-23	2.46969e-24	2.43138e-25	2.28735e-26	
6.60885e-09	2.2507e-09	7.16772e-10	2.13499e-10	5.9504e-11	1.55278e-11	3.79704e-12	8.70892e-13	1.87555e-13	3.79692e-14	7.23418e-15	1.29877e-15	2.19986e-16	3.51977e-17	5.32626e-18	7.63208e-19	1.03679e-19	1.33682e-20	1.63784e-21	1.90882e-22	2.11843e-23	2.24112e-24	2.26228e-25	2.18109e-26	2.01024e-27	
1.03945e-09	3.42767e-10	1.05725e-10	3.05122e-11	8.24344e-12	2.08638e-12	4.95117e-13	1.10275e-13	2.30768e-14	4.5425e-15	8.42081e-16	1.4719e-16	2.42883e-17	3.78826e-18	5.59153e-19	7.81961e-20	1.03731e-20	1.30675e-21	1.56502e-22	1.78383e-23	1.93707e-24	2.00601e-25	1.98307e-26	1.87312e-27	1.69204e-28	
1.53849e-10	4.91845e-11	1.47112e-11	4.11844e-12	1.07981e-12	2.65354e-13	6.11747e-14	1.32442e-14	2.69566e-15	5.16404e-16	9.32214e-17	1.58769e-17	2.55427e-18	3.88635e-19	5.59893e-20	7.64655e-21	9.91107e-22	1.22055e-22	1.42967e-23	1.59451e-24	1.69499e-25	1.71904e-26	1.66493e-27	1.54134e-28	1.36514e-29	
2.14737e-11	6.66291e-12	1.93466e-12	5.25953e-13	1.33965e-13	3.19967e-14	7.173e-15	1.5109e-15	2.99362e-16	5.58581e-17	9.82698e-18	1.632e-18	2.56158e-19	3.80452e-20	5.35313e-21	7.14383e-22	9.05232e-23	1.09036e-23	1.24976e-24	1.36452e-25	1.42056e-26	1.41154e-27	1.33994e-28	1.21626e-29	1.05657e-30	
2.83188e-12	8.53701e-13	2.40884e-13	6.36561e-14	1.57665e-14	3.66339e-15	7.99312e-16	1.63947e-16	3.16473e-17	5.75606e-18	9.87607e-19	1.60042e-19	2.45241e-20	3.55773e-21	4.89193e-22	6.38275e-23	7.91114e-24	9.32488e-25	1.04635e-25	1.11888e-26	1.14128e-27	1.11151e-28	1.03455e-29	9.21066e-31	7.8506e-32	
3.53491e-13	1.03632e-13	2.84424e-14	7.31285e-15	1.76286e-15	3.98817e-16	8.47623e-17	1.69428e-17	3.18874e-18	5.65741e-19	9.47323e-20	1.49892e-20	2.24376e-21	3.18125e-22	4.27705e-23	5.45887e-24	6.62143e-25	7.64107e-26	8.3977e-27	8.79846e-28	8.7966e-29	8.40026e-30	7.66892e-31	6.69915e-32	5.60424e-33	
4.18349e-14	1.19378e-14	3.18963e-15	7.98579e-16	1.87519e-16	4.13385e-17	8.56469e-18	1.66958e-18	3.06583e-19	5.30943e-20	8.68216e-21	1.34216e-21	1.96377e-22	2.72264e-23	3.58097e-24	4.47307e-25	5.31222e-26	6.00441e-27	6.46595e-28	6.64037e-29	6.50979e-30	6.09759e-31	5.46203e-32	4.68307e-33	3.84634e-34	
4.70144e-15	1.3069e-15	3.40213e-16	8.30094e-17	1.90012e-17	4.08477e-18	8.25588e-19	1.57062e-19	2.8158e-20	4.76296e-21	7.61054e-22	1.1501e-22	1.64568e-23	2.23228e-24	2.87367e-25	3.51472e-26	4.08861e-27	4.52839e-28	4.78009e-29	4.81366e-30	4.62886e-31	4.25431e-32	3.74044e-33	3.14866e-34	2.53977e-35	
5.02441e-16	1.36159e-16	3.45604e-17	8.22378e-18	1.83639e-18	3.85235e-19	7.60064e-20	1.41204e-20	2.47308e-21	4.0883e-22	6.3868e-23	9.44012e-24	1.3217e-24	1.7549e-25	2.21218e-26	2.65042e-27	3.02131e-28	3.28029e-29	3.39547e-30	3.3541e-31	3.16483e-32	2.85504e-33	2.46457e-34	2.03751e-35	1.61453e-36	
5.1132e-17	1.35181e-17	3.34787e-18	7.77455e-19	1.69471e-19	3.47147e-20	6.69017e-21	1.21447e-21	2.07915e-22	3.36093e-23	5.13609e-24	7.42884e-25	1.0182e-25	1.32393e-26	1.63495e-27	1.91964e-28	2.14521e-29	2.28402e-30	2.31921e-31	2.24804e-32	2.08207e-33	1.84417e-34	1.56349e-35	1.2698e-36	9.88725e-38	
4.96143e-18	1.28049e-18	3.09624e-19	7.02156e-20	1.49503e-20	2.99219e-21	5.63595e-22	1.00026e-22	1.67477e-23	2.64865e-24	3.96137e-25	5.60965e-26	7.5301e-27	9.5926e-28	1.16098e-28	1.33639e-29	1.46459e-30	1.52974e-31	1.52426e-32	1.45029e-33	1.31886e-34	1.14731e-35	9.55568e-37	7.62615e-38	5.83651e-39	
4.59569e-19	1.1586e-19	2.73694e-20	6.06478e-21	1.26207e-21	2.46938e-22	4.54839e-23	7.89639e-24	1.29371e-24	2.0027e-25	2.93284e-26	4.06795e-27	5.35033e-28	6.68032e-29	7.92694e-30	8.94894e-31	9.62156e-32	9.862e-33	9.64609e-34	9.01182e-35	8.04901e-36	6.87891e-37	5.63004e-38	4.41641e-39	3.32304e-40	
4.06833e-20	1.00246e-20	2.31481e-21	5.01489e-22	1.02052e-22	1.95309e-23	3.51973e-24	5.98029e-25	9.59191e-26	1.45409e-26	2.08598e-27	2.83517e-28	3.65511e-29	4.47475e-30	5.20786e-31	5.76816e-32	6.08624e-33	6.12392e-34	5.88161e-35	5.39701e-36	4.73578e-37	3.97728e-38	3.19963e-39	2.46764e-40	1.82587e-41	
3.44562e-21	8.30269e-22	1.87509e-22	3.97369e-23	7.91163e-24	1.48178e-24	2.61396e-25	4.3487e-26	6.83146e-27	1.01461e-27	1.42641e-28	1.9005e-29	2.40257e-30	2.88506e-31	3.29445e-32	3.58113e-33	3.70946e-34	3.66511e-35	3.45751e-36	3.11703e-37	2.68786e-38	2.21887e-39	1.755e-40	1.33103e-41	9.6872e-43	
2.79476e-22	6.58902e-23	1.45612e-23	3.02002e-24	5.88583e-25	1.07931e-25	1.86462e-26	3.03872e-27	4.67737e-28	6.80872e-29	9.3845e-30	1.22619e-30	1.52057e-31	1.79164e-32	2.00799e-33	2.14289e-34	2.17974e-35	2.11546e-36	1.96072e-37	1.73712e-38	1.47244e-39	1.19509e-40	9.29571e-42	6.93461e-43	4.96535e-44	
2.17302e-23	5.01505e-24	1.08501e-24	2.20338e-25	4.20544e-26	7.55384e-27	1.27857e-27	2.04197e-28	3.08102e-29	4.3975e-30	5.94449e-31	7.61975e-32	9.27227e-33	1.07236e-33	1.17998e-34	1.23664e-35	1.23563e-36	1.17825e-37	1.07325e-38	9.34689e-40	7.78972e-41	6.21772e-42	4.75716e-43	3.49149e-44	2.46008e-45	
1.62114e-24	3.66407e-25	7.76423e-26	1.54452e-26	2.88821e-27	5.08375e-28	8.43405e-29	1.32055e-29	1.9539e-30	2.73541e-31	3.62786e-32	4.56357e-33	5.45116e-34	6.19e-35	6.68928e-36	6.88668e-37	6.76115e-38	6.33629e-39	5.67361e-40	4.85833e-41	3.98194e-42	3.12642e-43	2.3534e-44	1.69971e-45	1.17872e-46	
1.16142e-25	2.5719e-26	5.3401e-27	1.04103e-27	1.90805e-28	3.29245e-29	5.35594e-30	8.2246e-31	1.19377e-31	1.63985e-32	2.13451e-33	2.63587e-34	3.0916e-35	3.44798e-36	3.66045e-37	3.70295e-38	3.57306e-39	3.29179e-40	2.8982e-41	2.44072e-42	1.96779e-43	1.52009e-44	1.12601e-45	8.00433e-47	5.46444e-48	
7.99703e-27	1.73577e-27	3.53284e-28	6.75197e-29	1.21344e-29	2.05345e-30	3.27661e-31	4.9365e-32	7.03129e-33	9.48037e-34	1.21151e-34	1.46913e-35	1.69249e-36	1.85444e-37	1.93457e-38	1.92352e-39	1.82466e-40	1.65294e-41	1.4313e-42	1.18572e-43	9.40569e-45	7.15011e-46	5.21307e-47	3.6481e-48	2.45218e-49	
5.29638e-28	1.12722e-28	2.24979e-29	4.21702e-30	7.43385e-31	1.23417e-31	1.93238e-32	2.85726e-33	3.99502e-34	5.28879e-35	6.63741e-36	7.90618e-37	8.94878e-38	9.63551e-39	9.8802e-40	9.65799e-41	9.00889e-42	8.02667e-43	6.83723e-44	5.57302e-45	4.35049e-46	3.2552e-47	2.33644e-48	1.6099e-49	1.06568e-50	
3.37649e-29	7.04885e-30	1.38011e-30	2.53799e-31	4.39006e-32	7.15281e-33	1.09929e-33	1.59579e-34	2.19096e-35	2.84872e-36	3.51205e-37	4.11044e-38	4.5723e-39	4.83932e-40	4.87869e-41	4.68965e-42	4.30256e-43	3.77118e-44	3.16075e-45	2.53541e-46	1.94815e-47	1.43505e-48	1.01419e-49	6.88195e-51	4.48702e-52	
2.07346e-30	4.24743e-31	8.16082e-32	1.47288e-32	2.50073e-33	3.99998e-34	6.03608e-35	8.60506e-36	1.16047e-36	1.48236e-37	1.79578e-38	2.06565e-39	2.25874e-40	2.35053e-41	2.33033e-42	2.20329e-43	1.98865e-44	1.71509e-45	1.41469e-46	1.117e-47	8.44966e-49	6.12867e-50	4.26555e-51	2.85096e-52	1.83117e-53	
1.22734e-31	2.46783e-32	4.65456e-33	8.24731e-34	1.37489e-34	2.15963e-35	3.20086e-36	4.48261e-37	5.93956e-38	7.45587e-39	8.8778e-40	1.00392e-40	1.07939e-41	1.10467e-42	1.07725e-43	1.00205e-44	8.89952e-46	7.55383e-47	6.13317e-48	4.7676e-49	3.55121e-50	2.53667e-51	1.73901e-52	1.14502e-53	7.24622e-55	
6.98699e-33	1.37957e-33	2.55529e-34	4.44681e-35	7.28167e-36	1.12364e-36	1.63632e-37	2.25193e-38	2.93274e-39	3.619e-40	4.23685e-41	4.71152e-42	4.98247e-43	5.01622e-44	4.81306e-45	4.40578e-46	3.85131e-47	3.21802e-48	2.57251e-49	1.96922e-50	1.44464e-51	1.01649e-52	6.86533e-54	4.45406e-55	2.77777e-56	
