-1.01854	-1.23206	-1.4225	-1.55417	-1.59023	-1.52466	-1.37014	-1.15183	-0.896402	-0.626112	-0.367992	-0.139205	0.0495478	0.170366	0.207556	0.187323	0.143912	0.0928265	0.0437878	0.00793864	-0.00431015	0.011752	0.0410631	0.0540322	0.0367036	
-1.12567	-1.31921	-1.49064	-1.60131	-1.61714	-1.53169	-1.35446	-1.11101	-0.831473	-0.544659	-0.278726	-0.0444284	0.14807	0.266854	0.297664	0.268617	0.213197	0.147837	0.0824132	0.0280046	0.00107656	0.0124955	0.0432203	0.056113	0.0370587	
-1.1924	-1.35384	-1.49649	-1.58121	-1.57734	-1.47812	-1.28984	-1.0365	-0.749607	-0.462518	-0.201667	0.028996	0.218859	0.333686	0.361431	0.329115	0.266901	0.191834	0.114018	0.0444896	0.00523477	0.0121838	0.042963	0.055234	0.0355803	
-1.19701	-1.32252	-1.43483	-1.49523	-1.48016	-1.38101	-1.19797	-0.951334	-0.672599	-0.39763	-0.149103	0.0741558	0.259364	0.371912	0.402285	0.373193	0.309437	0.228713	0.141857	0.0603604	0.0107773	0.0124203	0.0407684	0.0514332	0.0323329	
-1.13583	-1.22752	-1.31287	-1.35936	-1.34792	-1.26393	-1.10108	-0.875097	-0.615855	-0.359699	-0.125126	0.0908518	0.271917	0.385596	0.424803	0.404984	0.344273	0.261202	0.168095	0.0776836	0.0195812	0.0142941	0.0369075	0.0447496	0.0274132	
-1.01589	-1.08245	-1.15337	-1.19945	-1.20432	-1.14758	-1.01618	-0.819773	-0.585991	-0.350376	-0.127784	0.0828062	0.261149	0.379679	0.433153	0.427463	0.373562	0.290878	0.194014	0.0978211	0.0329004	0.0185184	0.0316503	0.0353861	0.0210085	
-0.859504	-0.915539	-0.981725	-1.03759	-1.06873	-1.04642	-0.951383	-0.78839	-0.58242	-0.366113	-0.15199	0.0551603	0.232066	0.358662	0.430372	0.442233	0.398229	0.318406	0.220297	0.121593	0.0514173	0.0255226	0.025432	0.0238344	0.0134329	
-0.695289	-0.748161	-0.817938	-0.892034	-0.952455	-0.964612	-0.906715	-0.778448	-0.600367	-0.400663	-0.191902	0.0126618	0.189024	0.326123	0.418277	0.449697	0.418237	0.343833	0.24726	0.149361	0.0752424	0.0355146	0.018977	0.0109579	0.00514523	
-0.541612	-0.599165	-0.677066	-0.76954	-0.856443	-0.900732	-0.878457	-0.784017	-0.632861	-0.447507	-0.24269	-0.0410171	0.135559	0.284696	0.397652	0.449396	0.432915	0.366844	0.274996	0.18104	0.1039	0.0485354	0.0133708	-0.00197664	-0.00324533	
-0.415314	-0.476283	-0.560759	-0.670108	-0.778965	-0.850022	-0.859817	-0.798207	-0.673423	-0.501203	-0.300786	-0.103173	0.0744535	0.236184	0.368568	0.440406	0.441248	0.38693	0.303405	0.216051	0.136345	0.0645207	0.0100616	-0.0133293	-0.0109819	
-0.315795	-0.378389	-0.469948	-0.591158	-0.713482	-0.805758	-0.845243	-0.815521	-0.716228	-0.557332	-0.363915	-0.171866	0.00796099	0.181767	0.330713	0.421677	0.442121	0.403475	0.332129	0.253276	0.171061	0.0833722	0.0107753	-0.0211882	-0.0171686	
-0.243135	-0.305144	-0.399212	-0.524797	-0.654696	-0.764525	-0.830444	-0.830592	-0.756385	-0.613104	-0.430734	-0.245284	-0.0620159	0.122063	0.283661	0.39236	0.434523	0.415761	0.360404	0.291036	0.206239	0.105027	0.0173317	-0.0235417	-0.0207889	
-0.190499	-0.247724	-0.342777	-0.468	-0.599997	-0.722604	-0.811424	-0.839754	-0.79076	-0.666664	-0.499853	-0.321467	-0.134084	0.0572101	0.227185	0.352071	0.417688	0.422899	0.386892	0.327167	0.240055	0.1295	0.0313728	-0.018514	-0.0207461	
-0.14964	-0.205685	-0.298679	-0.415972	-0.545726	-0.678383	-0.786929	-0.840555	-0.816723	-0.716529	-0.569676	-0.398359	-0.207386	-0.0129371	0.16149	0.301048	0.391173	0.423726	0.409555	0.359183	0.270968	0.156875	0.0540343	-0.00464174	-0.015944	
-0.122369	-0.174628	-0.259421	-0.365945	-0.493088	-0.632393	-0.755405	-0.830607	-0.832906	-0.761783	-0.637912	-0.473701	-0.281669	-0.0886352	0.0873808	0.240214	0.354858	0.416697	0.425643	0.384557	0.297983	0.187208	0.0856243	0.0188414	-0.00543169	
-0.0999065	-0.14929	-0.224846	-0.31985	-0.442441	-0.583469	-0.71584	-0.809574	-0.839284	-0.800879	-0.701242	-0.545555	-0.357331	-0.16987	0.00637676	0.171078	0.308856	0.399856	0.431898	0.40106	0.320761	0.220364	0.125383	0.0517499	0.0113763	
-0.0851631	-0.131743	-0.19313	-0.276433	-0.393661	-0.532201	-0.669078	-0.778139	-0.83578	-0.831399	-0.756176	-0.612755	-0.43489	-0.255891	-0.0794301	0.095443	0.253357	0.370955	0.424978	0.407082	0.339498	0.255776	0.171394	0.0927652	0.0344144	
-0.0779412	-0.114315	-0.162505	-0.238293	-0.348122	-0.479172	-0.615915	-0.73753	-0.822575	-0.850619	-0.799631	-0.67474	-0.514302	-0.345029	-0.167715	0.0150506	0.188504	0.327775	0.402092	0.401826	0.354554	0.292205	0.220685	0.139363	0.0626686	
-0.0698061	-0.0981805	-0.13755	-0.205897	-0.304828	-0.424852	-0.558156	-0.690195	-0.799777	-0.855497	-0.829481	-0.731392	-0.594359	-0.434676	-0.256322	-0.0687891	0.114305	0.268653	0.361691	0.385298	0.365892	0.327553	0.269491	0.187879	0.0939657	
-0.0666121	-0.0846829	-0.116123	-0.178262	-0.264197	-0.370391	-0.498685	-0.638902	-0.76645	-0.843562	-0.845529	-0.782416	-0.672047	-0.521578	-0.343739	-0.15548	0.030718	0.193137	0.304031	0.358027	0.372474	0.358785	0.313607	0.233737	0.124975	
-0.0609991	-0.0695593	-0.101531	-0.156314	-0.224603	-0.317521	-0.441663	-0.584942	-0.720898	-0.814951	-0.849429	-0.825978	-0.742561	-0.60265	-0.429392	-0.245089	-0.0620413	0.102562	0.231334	0.320593	0.371872	0.382011	0.348703	0.271831	0.151533	
-0.0503555	-0.0627685	-0.0946322	-0.133664	-0.186389	-0.271531	-0.389182	-0.526965	-0.66347	-0.773271	-0.842692	-0.858025	-0.800642	-0.675746	-0.513356	-0.337963	-0.163093	0.00029779	0.147416	0.273123	0.360274	0.392706	0.370517	0.297054	0.16932	
-0.0476104	-0.0630821	-0.0853324	-0.110421	-0.156255	-0.233874	-0.338914	-0.465073	-0.59831	-0.723153	-0.824984	-0.873633	-0.842232	-0.739655	-0.595714	-0.434185	-0.270445	-0.108522	0.0567439	0.214955	0.333001	0.386049	0.374905	0.304919	0.174784	
-0.0487057	-0.0620823	-0.0749705	-0.0929546	-0.134372	-0.20111	-0.290601	-0.402393	-0.530387	-0.668125	-0.794833	-0.868918	-0.86524	-0.793696	-0.675959	-0.532834	-0.380616	-0.217939	-0.0368627	0.144664	0.285463	0.357344	0.357869	0.29218	0.166033	
-0.052577	-0.0619692	-0.0650878	-0.0805245	-0.118838	-0.172903	-0.24521	-0.341584	-0.464651	-0.610784	-0.750351	-0.842215	-0.869945	-0.837359	-0.75232	-0.631099	-0.488714	-0.322703	-0.131428	0.0605455	0.214248	0.302517	0.31576	0.25733	0.143363	
-0.0590279	-0.0560038	-0.0559965	-0.0773278	-0.109171	-0.146419	-0.202603	-0.287217	-0.406063	-0.551004	-0.690015	-0.79579	-0.858957	-0.869496	-0.821047	-0.723889	-0.589263	-0.419863	-0.227347	-0.0386448	0.117962	0.218725	0.245867	0.200829	0.109088	
-0.0560038	-0.0491404	-0.0608065	-0.0815093	-0.0965042	-0.120359	-0.167971	-0.244563	-0.354725	-0.485988	-0.616207	-0.736428	-0.835357	-0.887462	-0.876532	-0.804415	-0.677539	-0.509647	-0.326939	-0.153032	-0.00247838	0.105124	0.147395	0.124984	0.0666412	
-0.0559965	-0.0608065	-0.0742196	-0.0775092	-0.0811131	-0.103367	-0.145525	-0.212309	-0.306295	-0.415724	-0.536985	-0.67219	-0.800497	-0.887687	-0.912383	-0.865552	-0.750888	-0.595133	-0.433145	-0.281385	-0.144115	-0.0362707	0.0225838	0.0334779	0.0192355	
-0.0773278	-0.0815093	-0.0775092	-0.069977	-0.0769529	-0.0977892	-0.131456	-0.186166	-0.258214	-0.345611	-0.462528	-0.608419	-0.754084	-0.867183	-0.922727	-0.901798	-0.809584	-0.68056	-0.547831	-0.421376	-0.302488	-0.199882	-0.122584	-0.069262	-0.0312614	
-0.109171	-0.0965042	-0.0811131	-0.0769529	-0.0842915	-0.0976811	-0.123918	-0.163155	-0.211264	-0.284662	-0.400467	-0.546396	-0.695802	-0.824517	-0.90383	-0.911627	-0.856547	-0.768715	-0.670437	-0.570085	-0.471995	-0.376457	-0.278653	-0.178567	-0.0845435	
-0.146419	-0.120359	-0.103367	-0.0977892	-0.0976811	-0.105464	-0.12158	-0.139787	-0.172057	-0.24228	-0.35204	-0.484611	-0.626769	-0.760319	-0.856419	-0.898989	-0.895411	-0.858618	-0.797693	-0.724121	-0.64573	-0.553961	-0.434193	-0.28962	-0.140837	
-0.202603	-0.167971	-0.145525	-0.131456	-0.123918	-0.12158	-0.118372	-0.12147	-0.153022	-0.220275	-0.311896	-0.422472	-0.549938	-0.678157	-0.787799	-0.87228	-0.927769	-0.945163	-0.92429	-0.878742	-0.814968	-0.719636	-0.578137	-0.397054	-0.199023	
-0.287217	-0.244563	-0.212309	-0.186166	-0.163155	-0.139787	-0.12147	-0.12534	-0.158235	-0.209838	-0.275744	-0.362627	-0.469156	-0.586317	-0.711609	-0.840507	-0.951799	-1.02124	-1.04346	-1.02609	-0.969113	-0.862671	-0.701872	-0.494367	-0.255068	
-0.406063	-0.354725	-0.306295	-0.258214	-0.211264	-0.172057	-0.153022	-0.158235	-0.177408	-0.20431	-0.246022	-0.308022	-0.390143	-0.499299	-0.643348	-0.809106	-0.964048	-1.08067	-1.14649	-1.15405	-1.09687	-0.976141	-0.799906	-0.573845	-0.302089	
-0.551004	-0.485988	-0.415724	-0.345611	-0.284662	-0.24228	-0.220275	-0.209838	-0.20431	-0.207956	-0.226198	-0.26143	-0.324814	-0.43455	-0.593339	-0.779474	-0.96321	-1.11911	-1.22187	-1.2476	-1.18836	-1.05676	-0.868762	-0.627671	-0.332622	
-0.690015	-0.616207	-0.536985	-0.462528	-0.400467	-0.35204	-0.311896	-0.275744	-0.246022	-0.226198	-0.218277	-0.232876	-0.290553	-0.403563	-0.563865	-0.753022	-0.951564	-1.13212	-1.25647	-1.29318	-1.23663	-1.1022	-0.905128	-0.650218	-0.342124	
-0.79579	-0.736428	-0.67219	-0.608419	-0.546396	-0.484611	-0.422472	-0.362627	-0.308022	-0.26143	-0.232876	-0.241027	-0.299564	-0.406969	-0.554374	-0.734164	-0.931482	-1.11373	-1.24018	-1.28332	-1.23713	-1.10798	-0.905067	-0.640369	-0.331458	
-0.858957	-0.835357	-0.800497	-0.754084	-0.695802	-0.626769	-0.549938	-0.469156	-0.390143	-0.324814	-0.290553	-0.299564	-0.351553	-0.441203	-0.56736	-0.726712	-0.901099	-1.05924	-1.17143	-1.21798	-1.18583	-1.06687	-0.865237	-0.602027	-0.30633	
-0.869496	-0.887462	-0.887687	-0.867183	-0.824517	-0.760319	-0.678157	-0.586317	-0.499299	-0.43455	-0.403563	-0.406969	-0.441203	-0.506937	-0.605389	-0.727973	-0.856002	-0.970806	-1.0582	-1.10174	-1.07906	-0.972582	-0.78516	-0.541796	-0.273611	
-0.821047	-0.876532	-0.912383	-0.922727	-0.90383	-0.856419	-0.787799	-0.711609	-0.643348	-0.593339	-0.563865	-0.554374	-0.56736	-0.605389	-0.663561	-0.730242	-0.796372	-0.859125	-0.913042	-0.940641	-0.916961	-0.825324	-0.668418	-0.464911	-0.23688	
-0.723889	-0.804415	-0.865552	-0.901798	-0.911627	-0.898989	-0.87228	-0.840507	-0.809106	-0.779474	-0.753022	-0.734164	-0.726712	-0.727973	-0.730242	-0.729651	-0.730486	-0.737841	-0.747057	-0.742821	-0.708525	-0.635066	-0.521697	-0.37238	-0.194434	
-0.589263	-0.677539	-0.750888	-0.809584	-0.856547	-0.895411	-0.927769	-0.951799	-0.964048	-0.96321	-0.951564	-0.931482	-0.901099	-0.856002	-0.796372	-0.730486	-0.669013	-0.616383	-0.569252	-0.522469	-0.473504	-0.419627	-0.35292	-0.262	-0.141435	
-0.419863	-0.509647	-0.595133	-0.68056	-0.768715	-0.858618	-0.945163	-1.02124	-1.08067	-1.11911	-1.13212	-1.11373	-1.05924	-0.970806	-0.859125	-0.737841	-0.616383	-0.499198	-0.391283	-0.301567	-0.238117	-0.199306	-0.170809	-0.1332	-0.0748745	
-0.227347	-0.326939	-0.433145	-0.547831	-0.670437	-0.797693	-0.92429	-1.04346	-1.14649	-1.22187	-1.25647	-1.24018	-1.17143	-1.0582	-0.913042	-0.747057	-0.569252	-0.391283	-0.230467	-0.105475	-0.0271534	0.00753694	0.0132093	0.00739895	0.00201759	
-0.0386448	-0.153032	-0.281385	-0.421376	-0.570085	-0.724121	-0.878742	-1.02609	-1.15405	-1.2476	-1.29318	-1.28332	-1.21798	-1.10174	-0.940641	-0.742821	-0.522469	-0.301567	-0.105475	0.0454402	0.141821	0.185051	0.182584	0.143762	0.0788576	
0.117962	-0.00247838	-0.144115	-0.302488	-0.471995	-0.64573	-0.814968	-0.969113	-1.09687	-1.18836	-1.23663	-1.23713	-1.18583	-1.07906	-0.916961	-0.708525	-0.473504	-0.238117	-0.0271534	0.141821	0.258759	0.31789	0.315785	0.253545	0.141231	
0.218725	0.105124	-0.0362707	-0.199882	-0.376457	-0.553961	-0.719636	-0.862671	-0.976141	-1.05676	-1.1022	-1.10798	-1.06687	-0.972582	-0.825324	-0.635066	-0.419627	-0.199306	0.00753694	0.185051	0.31789	0.390532	0.390602	0.315139	0.175926	
0.245867	0.147395	0.0225838	-0.122584	-0.278653	-0.434193	-0.578137	-0.701872	-0.799906	-0.868762	-0.905128	-0.905067	-0.865237	-0.78516	-0.668418	-0.521697	-0.35292	-0.170809	0.0132093	0.182584	0.315785	0.390602	0.391274	0.315105	0.175477	
0.200829	0.124984	0.0334779	-0.069262	-0.178567	-0.28962	-0.397054	-0.494367	-0.573845	-0.627671	-0.650218	-0.640369	-0.602027	-0.541796	-0.464911	-0.37238	-0.262	-0.1332	0.00739895	0.143762	0.253545	0.315139	0.315105	0.252688	0.140193	
0.109088	0.0666412	0.0192355	-0.0312614	-0.0845435	-0.140837	-0.199023	-0.255068	-0.302089	-0.332622	-0.342124	-0.331458	-0.30633	-0.273611	-0.23688	-0.194434	-0.141435	-0.0748745	0.00201759	0.0788576	0.141231	0.175926	0.175477	0.140193	0.0775462	
