-0.152353	-0.144109	-0.128158	-0.135991	-0.179331	-0.255066	-0.359657	-0.472987	-0.557809	-0.589478	-0.563806	-0.476434	-0.320309	-0.106199	0.133592	0.367283	0.578812	0.758147	0.886075	0.936773	0.895416	0.771015	0.592456	0.392618	0.193338	
-0.152271	-0.138385	-0.128193	-0.149827	-0.206827	-0.293914	-0.404004	-0.51043	-0.576996	-0.586737	-0.538725	-0.427668	-0.250025	-0.0238032	0.216299	0.442709	0.643264	0.806994	0.912359	0.935418	0.868141	0.727054	0.544926	0.353828	0.171867	
-0.149145	-0.133242	-0.133514	-0.170682	-0.240984	-0.337874	-0.449386	-0.543527	-0.588349	-0.574745	-0.503168	-0.367759	-0.170313	0.0642594	0.301166	0.518111	0.705727	0.850995	0.930684	0.924437	0.832	0.676862	0.49422	0.314068	0.150348	
-0.14378	-0.131013	-0.146004	-0.199237	-0.281707	-0.385761	-0.493405	-0.569791	-0.590142	-0.552166	-0.455936	-0.296264	-0.0819051	0.156636	0.386951	0.592376	0.764784	0.888358	0.939411	0.90298	0.787152	0.621324	0.441445	0.274246	0.129272	
-0.138068	-0.134466	-0.167172	-0.235692	-0.328355	-0.435609	-0.533108	-0.586727	-0.580805	-0.517703	-0.396015	-0.213252	0.0139341	0.251719	0.472342	0.664236	0.818748	0.917125	0.937019	0.870568	0.734179	0.56163	0.387845	0.235291	0.109114	
-0.134917	-0.146329	-0.197879	-0.279668	-0.379563	-0.4846	-0.565192	-0.592045	-0.55895	-0.470125	-0.32274	-0.119443	0.115424	0.347745	0.555973	0.73221	0.865642	0.935258	0.922256	0.827196	0.674114	0.499235	0.334733	0.198093	0.0902959	
-0.137873	-0.168814	-0.238147	-0.330098	-0.433063	-0.529117	-0.586301	-0.583818	-0.523357	-0.408351	-0.236012	-0.0163125	0.220368	0.4429	0.636406	0.794531	0.903227	0.940793	0.894305	0.77343	0.608423	0.435782	0.283409	0.163442	0.0731662	
-0.150682	-0.203115	-0.287014	-0.385089	-0.485568	-0.564996	-0.593394	-0.560574	-0.472941	-0.33162	-0.136527	0.0939052	0.326317	0.535402	0.712057	0.849087	0.929094	0.932036	0.85296	0.710457	0.538952	0.373	0.235073	0.131981	0.0579743	
-0.176427	-0.248902	-0.342513	-0.441807	-0.532805	-0.58794	-0.584067	-0.521255	-0.406764	-0.239752	-0.0259684	0.20833	0.430776	0.623524	0.781086	0.893408	0.940834	0.907805	0.798764	0.64007	0.467817	0.312589	0.190744	0.104166	0.0448605	
-0.216401	-0.304196	-0.401778	-0.496371	-0.569766	-0.59408	-0.556742	-0.465107	-0.324164	-0.133483	0.0929282	0.323687	0.531384	0.70552	0.841278	0.924743	0.936307	0.867677	0.733094	0.564598	0.397261	0.256094	0.151194	0.0802427	0.0338544	
-0.269512	-0.365683	-0.461072	-0.543814	-0.591248	-0.580515	-0.510635	-0.391568	-0.225047	-0.0147713	0.216501	0.43664	0.626014	0.779468	0.88997	0.940263	0.913967	0.812209	0.658162	0.486748	0.329481	0.20479	0.1169	0.0602498	0.0248831	
-0.33243	-0.42905	-0.515681	-0.578358	-0.592637	-0.545647	-0.445526	-0.300309	-0.110332	0.113043	0.340514	0.544128	0.712709	0.843068	0.924099	0.937398	0.873219	0.743058	0.576901	0.409397	0.266448	0.159596	0.0880356	0.0440326	0.017789	
-0.399925	-0.489184	-0.559956	-0.594093	-0.570691	-0.489153	-0.361475	-0.191537	0.0175884	0.245376	0.460674	0.643563	0.789468	0.893483	0.940437	0.914289	0.814729	0.662986	0.49274	0.335333	0.209745	0.12102	0.0644805	0.0312799	0.0123535	
-0.465518	-0.540493	-0.587635	-0.58591	-0.524019	-0.411604	-0.25873	-0.0665664	0.15458	0.376894	0.573168	0.73279	0.853915	0.927345	0.93603	0.870284	0.740597	0.575683	0.409295	0.267005	0.160451	0.0891538	0.0458667	0.0215697	0.00832255	
-0.522735	-0.577069	-0.592384	-0.55049	-0.453089	-0.313963	-0.138024	0.0715337	0.294934	0.502286	0.674997	0.80976	0.903029	0.941042	0.908823	0.806353	0.654334	0.485441	0.330003	0.206302	0.119084	0.0637102	0.0316412	0.0144193	0.00543272	
-0.565837	-0.592451	-0.568796	-0.487103	-0.359674	-0.19727	-0.00129995	0.217545	0.432084	0.617063	0.763911	0.872027	0.93311	0.931323	0.858323	0.725304	0.560588	0.396694	0.257776	0.154411	0.0856116	0.0440984	0.0211399	0.00933294	0.0034321	
-0.58903	-0.579868	-0.513997	-0.397698	-0.245915	-0.0629149	0.147373	0.364356	0.559743	0.718022	0.837894	0.916327	0.940177	0.896141	0.786139	0.631684	0.464644	0.313519	0.194726	0.111771	0.0595275	0.0295237	0.0136611	0.00584187	0.00209606	
-0.585428	-0.534027	-0.428982	-0.285763	-0.113623	0.0863059	0.301249	0.504066	0.673034	0.80305	0.894398	0.938554	0.920829	0.835548	0.696181	0.531321	0.371774	0.23918	0.142008	0.0781208	0.0399745	0.0190932	0.00852848	0.00353235	0.00123624	
-0.547864	-0.453877	-0.31817	-0.154493	0.0352045	0.24478	0.451454	0.629698	0.768989	0.870247	0.929765	0.934395	0.873418	0.752301	0.594385	0.430576	0.28657	0.175817	0.0998176	0.0526458	0.025891	0.0119127	0.0051378	0.00206117	0.000703484	
-0.472582	-0.343871	-0.186726	-0.00597099	0.196438	0.40353	0.5889	0.736652	0.845944	0.916787	0.939363	0.90063	0.799153	0.651935	0.487951	0.335444	0.212402	0.124325	0.0675265	0.0341618	0.0161544	0.00716295	0.00298376	0.00115959	0.000385922	
-0.363126	-0.211251	-0.0377892	0.157025	0.361819	0.551734	0.706772	0.822856	0.902011	0.938321	0.918745	0.836693	0.702655	0.542118	0.38424	0.250733	0.151125	0.0844455	0.0439079	0.0213198	0.00969924	0.0041466	0.00166896	0.000628484	0.000203951	
-0.228599	-0.0609624	0.126748	0.327514	0.519399	0.680087	0.801889	0.887188	0.933604	0.92967	0.865571	0.745873	0.591633	0.431427	0.289627	0.179506	0.103069	0.0550255	0.0274106	0.0127834	0.00559871	0.00230911	0.000898438	0.000327932	0.00010377	
-0.0760914	0.105447	0.30139	0.493026	0.657396	0.783704	0.873528	0.927116	0.935347	0.886901	0.781504	0.635477	0.475628	0.327848	0.208604	0.122913	0.0672984	0.03436	0.0164129	0.0073579	0.00310457	0.00123607	0.000465176	0.000164638	5.08067e-05	
0.0928299	0.283853	0.473541	0.639507	0.768854	0.861834	0.920295	0.937536	0.902026	0.80993	0.67307	0.515713	0.3642	0.23747	0.143365	0.0804015	0.0420273	0.0205431	0.00941906	0.00406261	0.00165274	0.000635681	0.000231532	7.9495e-05	2.39282e-05	
0.275063	0.461598	0.627134	0.757828	0.852646	0.914153	0.93769	0.912306	0.831834	0.70422	0.55084	0.397602	0.265133	0.163728	0.0939148	0.0501988	0.025083	0.011752	0.00517757	0.00215064	0.000844287	0.000313941	0.00011074	3.69038e-05	1.08373e-05	
0.457576	0.620808	0.751032	0.846326	0.909362	0.936921	0.918965	0.848039	0.72903	0.580451	0.427147	0.290666	0.183262	0.107348	0.0585958	0.029896	0.0142994	0.00642967	0.00272495	0.00109113	0.000413724	0.000148846	5.08842e-05	1.64675e-05	4.71932e-06	
0.620808	0.748734	0.843109	0.906339	0.936007	0.923	0.859358	0.747786	0.604234	0.452118	0.313232	0.201235	0.120172	0.0668904	0.0348048	0.016977	0.00778398	0.00336333	0.00137276	0.000530442	0.000194438	6.77381e-05	2.24585e-05	7.06253e-06	1.97584e-06	
0.751032	0.843109	0.905308	0.935434	0.925133	0.866484	0.760841	0.622062	0.471988	0.332122	0.216965	0.131852	0.0747262	0.0396014	0.0196772	0.00919098	0.00404551	0.00168191	0.000661898	0.000247063	8.76326e-05	2.95874e-05	9.52097e-06	2.91112e-06	7.95325e-07	
0.846326	0.906339	0.935434	0.925796	0.869917	0.768524	0.633917	0.486397	0.346771	0.229855	0.141886	0.0817435	0.0440611	0.0222757	0.0105888	0.00474384	0.00200745	0.000804085	0.000305461	0.000110256	3.78774e-05	1.24044e-05	3.87706e-06	1.15333e-06	3.0782e-07	
0.909362	0.936007	0.925133	0.869917	0.771058	0.639831	0.495122	0.356762	0.239419	0.149831	0.0876045	0.0479596	0.0246402	0.0119076	0.00542481	0.00233479	0.00095124	0.000367565	0.000134944	4.71496e-05	1.5703e-05	4.99224e-06	1.51671e-06	4.39243e-07	1.14572e-07	
0.936921	0.923	0.866484	0.768524	0.639831	0.498042	0.361825	0.245302	0.155335	0.0920181	0.0510902	0.0266411	0.0130746	0.00605154	0.00264687	0.00109613	0.000430567	0.000160701	5.70817e-05	1.93259e-05	6.24549e-06	1.92913e-06	5.7013e-07	1.60843e-07	4.10194e-08	
0.918965	0.859358	0.760841	0.633917	0.495122	0.361825	0.247287	0.15815	0.0947605	0.0532809	0.0281633	0.014021	0.00658689	0.00292547	0.00123057	0.000491089	0.000186239	6.72221e-05	2.31274e-05	7.59486e-06	2.38376e-06	7.15964e-07	2.05982e-07	5.66454e-08	1.41301e-08	
0.848039	0.747786	0.622062	0.486397	0.356762	0.245302	0.15815	0.0956906	0.0544085	0.0291155	0.0146879	0.00699702	0.00315297	0.00134619	0.000545465	0.000210078	7.70176e-05	2.69159e-05	8.97889e-06	2.86276e-06	8.73422e-07	2.5529e-07	7.15506e-08	1.91923e-08	4.68479e-09	
0.72903	0.604234	0.471988	0.346771	0.239419	0.155335	0.0947605	0.0544085	0.0294396	0.0150327	0.00725484	0.00331412	0.00143521	0.000590091	0.000230678	8.58587e-05	3.04677e-05	1.03212e-05	3.34185e-06	1.03544e-06	3.07347e-07	8.74896e-08	2.39047e-08	6.25815e-09	1.49547e-09	
0.580451	0.452118	0.332122	0.229855	0.149831	0.0920181	0.0532809	0.0291155	0.0150327	0.00734281	0.00339767	0.00149137	0.000621815	0.000246599	9.3141e-05	3.35475e-05	1.15367e-05	3.79237e-06	1.19301e-06	3.5954e-07	1.03913e-07	2.883e-08	7.68455e-09	1.96469e-09	4.59814e-10	
0.427147	0.313232	0.216965	0.141886	0.0876045	0.0510902	0.0281633	0.0146879	0.00725484	0.00339767	0.00151056	0.000638301	0.000256667	9.83316e-05	3.59342e-05	1.25404e-05	4.18401e-06	1.33603e-06	4.08724e-07	1.19915e-07	3.37725e-08	9.13897e-09	2.37797e-09	5.9409e-10	1.36233e-10	
0.290666	0.201235	0.131852	0.0817435	0.0479596	0.0266411	0.014021	0.00699702	0.00331412	0.00149137	0.000638301	0.000260112	0.000101033	3.74461e-05	1.32573e-05	4.48807e-06	1.45435e-06	4.51553e-07	1.34462e-07	3.84364e-08	1.05567e-08	2.7882e-09	7.08679e-10	1.73107e-10	3.89105e-11	
0.183262	0.120172	0.0747262	0.0440611	0.0246402	0.0130746	0.00658689	0.00315297	0.00143521	0.000621815	0.000256667	0.000101033	3.79639e-05	1.36307e-05	4.68093e-06	1.53895e-06	4.84848e-07	1.46512e-07	4.25021e-08	1.18466e-08	3.17534e-09	8.19113e-10	2.03495e-10	4.86275e-11	1.07186e-11	
0.107348	0.0668904	0.0396014	0.0222757	0.0119076	0.00605154	0.00292547	0.00134619	0.000590091	0.000246599	9.83316e-05	3.74461e-05	1.36307e-05	4.74702e-06	1.58307e-06	5.05984e-07	1.55135e-07	4.56654e-08	1.2916e-08	3.51303e-09	9.19582e-10	2.31836e-10	5.63294e-11	1.31753e-11	2.849e-12	
0.0585958	0.0348048	0.0196772	0.0105888	0.00542481	0.00264687	0.00123057	0.000545465	0.000230678	9.3141e-05	3.59342e-05	1.32573e-05	4.68093e-06	1.58307e-06	5.13231e-07	1.59634e-07	4.76746e-08	1.36817e-08	3.7759e-09	1.0029e-09	2.56547e-10	6.32502e-11	1.50387e-11	3.44475e-12	7.31039e-13	
0.029896	0.016977	0.00919098	0.00474384	0.00233479	0.00109613	0.000491089	0.000210078	8.58587e-05	3.35475e-05	1.25404e-05	4.48807e-06	1.53895e-06	5.05984e-07	1.59634e-07	4.83637e-08	1.40813e-08	3.94292e-09	1.06257e-09	2.75786e-10	6.89861e-11	1.66425e-11	3.87436e-12	8.69536e-13	1.8117e-13	
0.0142994	0.00778398	0.00404551	0.00200745	0.00095124	0.000430567	0.000186239	7.70176e-05	3.04677e-05	1.15367e-05	4.18401e-06	1.45435e-06	4.84848e-07	1.55135e-07	4.76746e-08	1.40813e-08	4.00021e-09	1.09372e-09	2.88012e-10	7.30947e-11	1.78903e-11	4.22554e-12	9.63663e-13	2.12014e-13	4.33852e-14	
0.00642967	0.00336333	0.00168191	0.000804085	0.000367565	0.000160701	6.72221e-05	2.69159e-05	1.03212e-05	3.79237e-06	1.33603e-06	4.51553e-07	1.46512e-07	4.56654e-08	1.36817e-08	3.94292e-09	1.09372e-09	2.92206e-10	7.52395e-11	1.86832e-11	4.47688e-12	1.03582e-12	2.3153e-13	4.99573e-14	1.00441e-14	
0.00272495	0.00137276	0.000661898	0.000305461	0.000134944	5.70817e-05	2.31274e-05	8.97889e-06	3.34185e-06	1.19301e-06	4.08724e-07	1.34462e-07	4.25021e-08	1.2916e-08	3.7759e-09	1.06257e-09	2.88012e-10	7.52395e-11	1.89552e-11	4.60807e-12	1.08162e-12	2.45274e-13	5.37612e-14	1.13817e-14	2.2491e-15	
0.00109113	0.000530442	0.000247063	0.000110256	4.71496e-05	1.93259e-05	7.59486e-06	2.86276e-06	1.03544e-06	3.5954e-07	1.19915e-07	3.84364e-08	1.18466e-08	3.51303e-09	1.0029e-09	2.75786e-10	7.30947e-11	1.86832e-11	4.60807e-12	1.09734e-12	2.5244e-13	5.61326e-14	1.20705e-14	2.5084e-15	4.87342e-16	
0.000413724	0.000194438	8.76326e-05	3.78774e-05	1.5703e-05	6.24549e-06	2.38376e-06	8.73422e-07	3.07347e-07	1.03913e-07	3.37725e-08	1.05567e-08	3.17534e-09	9.19582e-10	2.56547e-10	6.89861e-11	1.78903e-11	4.47688e-12	1.08162e-12	2.5244e-13	5.69451e-14	1.24222e-14	2.62179e-15	5.35031e-16	1.02234e-16	
0.000148846	6.77381e-05	2.95874e-05	1.24044e-05	4.99224e-06	1.92913e-06	7.15964e-07	2.5529e-07	8.74896e-08	2.883e-08	9.13897e-09	2.7882e-09	8.19113e-10	2.31836e-10	6.32502e-11	1.66425e-11	4.22554e-12	1.03582e-12	2.45274e-13	5.61326e-14	1.24222e-14	2.65966e-15	5.51183e-16	1.10499e-16	2.07726e-17	
5.08842e-05	2.24585e-05	9.52097e-06	3.87706e-06	1.51671e-06	5.7013e-07	2.05982e-07	7.15506e-08	2.39047e-08	7.68455e-09	2.37797e-09	7.08679e-10	2.03495e-10	5.63294e-11	1.50387e-11	3.87436e-12	9.63663e-13	2.3153e-13	5.37612e-14	1.20705e-14	2.62179e-15	5.51183e-16	1.12206e-16	2.21069e-17	4.08989e-18	
1.64675e-05	7.06253e-06	2.91112e-06	1.15333e-06	4.39243e-07	1.60843e-07	5.66454e-08	1.91923e-08	6.25815e-09	1.96469e-09	5.9409e-10	1.73107e-10	4.86275e-11	1.31753e-11	3.44475e-12	8.69536e-13	2.12014e-13	4.99573e-14	1.13817e-14	2.5084e-15	5.35031e-16	1.10499e-16	2.21069e-17	4.28228e-18	7.79942e-19	
4.71932e-06	1.97584e-06	7.95325e-07	3.0782e-07	1.14572e-07	4.10194e-08	1.41301e-08	4.68479e-09	1.49547e-09	4.59814e-10	1.36233e-10	3.89105e-11	1.07186e-11	2.849e-12	7.31039e-13	1.8117e-13	4.33852e-14	1.00441e-14	2.2491e-15	4.87342e-16	1.02234e-16	2.07726e-17	4.08989e-18	7.79942e-19	1.40008e-19	
