0	0	0	0	0	0	0	0	0	0	0	0	0	0	0	0	0	0	0	0	0	0	0	0	0	
0	-0.158608	-0.269293	-0.327222	-0.361565	-0.396073	-0.433923	-0.471209	-0.505937	-0.535891	-0.558258	-0.570155	-0.568406	-0.550659	-0.515847	-0.465901	-0.406239	-0.341561	-0.27483	-0.209375	-0.147802	-0.0913542	-0.0411629	0.00216404	0.0386914	
0	-0.269293	-0.487002	-0.634303	-0.723612	-0.780788	-0.83399	-0.900755	-0.977013	-1.04571	-1.09195	-1.10728	-1.08994	-1.04263	-0.969418	-0.876572	-0.770453	-0.655428	-0.536726	-0.419988	-0.308885	-0.206319	-0.114819	-0.0352938	0.0317894	
0	-0.327222	-0.634303	-0.883462	-1.04491	-1.13613	-1.20863	-1.29455	-1.38936	-1.47476	-1.53237	-1.5491	-1.52206	-1.4539	-1.35131	-1.22345	-1.077	-0.919749	-0.761199	-0.607681	-0.463387	-0.332668	-0.217554	-0.118489	-0.0360012	
0	-0.361565	-0.723612	-1.04491	-1.28349	-1.44512	-1.55965	-1.64732	-1.72353	-1.79354	-1.84352	-1.85818	-1.82826	-1.75003	-1.63041	-1.47893	-1.30645	-1.12686	-0.950003	-0.78155	-0.627155	-0.490579	-0.371808	-0.271413	-0.188522	
0	-0.396073	-0.780788	-1.13613	-1.44512	-1.68581	-1.83787	-1.91977	-1.97473	-2.01668	-2.03722	-2.02855	-1.97939	-1.88868	-1.76392	-1.61269	-1.44834	-1.2812	-1.11773	-0.964323	-0.82661	-0.705105	-0.599795	-0.511152	-0.436951	
0	-0.433923	-0.83399	-1.20863	-1.55965	-1.83787	-2.00752	-2.09558	-2.13298	-2.13109	-2.10701	-2.06153	-1.98747	-1.89048	-1.77225	-1.6411	-1.50657	-1.37368	-1.24916	-1.13673	-1.03732	-0.948468	-0.871428	-0.80437	-0.747043	
0	-0.471209	-0.900755	-1.29455	-1.64732	-1.91977	-2.09558	-2.17652	-2.16792	-2.11326	-2.0488	-1.97095	-1.88503	-1.79138	-1.68971	-1.59168	-1.4989	-1.41798	-1.34804	-1.2872	-1.23157	-1.18003	-1.13242	-1.08785	-1.04784	
0	-0.505937	-0.977013	-1.38936	-1.72353	-1.97473	-2.13298	-2.16792	-2.10089	-1.99668	-1.87849	-1.76582	-1.67584	-1.59764	-1.53904	-1.49593	-1.46521	-1.44515	-1.42504	-1.40552	-1.3807	-1.35407	-1.32379	-1.29368	-1.26252	
0	-0.535891	-1.04571	-1.47476	-1.79354	-2.01668	-2.13109	-2.11326	-1.99668	-1.82078	-1.62985	-1.48524	-1.39097	-1.34543	-1.34461	-1.36208	-1.39443	-1.41996	-1.43879	-1.44568	-1.44158	-1.42973	-1.41282	-1.39168	-1.3702	
0	-0.558258	-1.09195	-1.53237	-1.84352	-2.03722	-2.10701	-2.0488	-1.87849	-1.62985	-1.38762	-1.20711	-1.10018	-1.0817	-1.11458	-1.17766	-1.24681	-1.30113	-1.34491	-1.36726	-1.38285	-1.38702	-1.38822	-1.38243	-1.38069	
0	-0.570155	-1.10728	-1.5491	-1.85818	-2.02855	-2.06153	-1.97095	-1.76582	-1.48524	-1.20711	-0.985906	-0.869492	-0.851346	-0.889578	-0.961719	-1.0252	-1.08389	-1.12783	-1.16785	-1.20236	-1.23161	-1.25557	-1.27833	-1.29505	
0	-0.568406	-1.08994	-1.52206	-1.82826	-1.97939	-1.98747	-1.88503	-1.67584	-1.39097	-1.10018	-0.869492	-0.739718	-0.6915	-0.699529	-0.727697	-0.761407	-0.806534	-0.854942	-0.912721	-0.961674	-1.01332	-1.05526	-1.09595	-1.12302	
0	-0.550659	-1.04263	-1.4539	-1.75003	-1.88868	-1.89048	-1.79138	-1.59764	-1.34543	-1.0817	-0.851346	-0.6915	-0.593835	-0.540993	-0.51815	-0.529169	-0.565762	-0.618182	-0.670375	-0.722837	-0.772349	-0.815312	-0.851478	-0.883994	
0	-0.515847	-0.969418	-1.35131	-1.63041	-1.76392	-1.77225	-1.68971	-1.53904	-1.34461	-1.11458	-0.889578	-0.699529	-0.540993	-0.432446	-0.37675	-0.374795	-0.40338	-0.438355	-0.473523	-0.509782	-0.542655	-0.573137	-0.601559	-0.627759	
0	-0.465901	-0.876572	-1.22345	-1.47893	-1.61269	-1.6411	-1.59168	-1.49593	-1.36208	-1.17766	-0.961719	-0.727697	-0.51815	-0.37675	-0.308272	-0.302081	-0.305381	-0.312558	-0.321954	-0.341763	-0.359923	-0.380689	-0.401921	-0.423262	
0	-0.406239	-0.770453	-1.077	-1.30645	-1.44834	-1.50657	-1.4989	-1.46521	-1.39443	-1.24681	-1.0252	-0.761407	-0.529169	-0.374795	-0.302081	-0.265583	-0.23183	-0.218487	-0.223821	-0.240612	-0.246747	-0.265449	-0.279333	-0.293309	
0	-0.341561	-0.655428	-0.919749	-1.12686	-1.2812	-1.37368	-1.41798	-1.44515	-1.41996	-1.30113	-1.08389	-0.806534	-0.565762	-0.40338	-0.305381	-0.23183	-0.186645	-0.181251	-0.191025	-0.189376	-0.191452	-0.20251	-0.204642	-0.205595	
0	-0.27483	-0.536726	-0.761199	-0.950003	-1.11773	-1.24916	-1.34804	-1.42504	-1.43879	-1.34491	-1.12783	-0.854942	-0.618182	-0.438355	-0.312558	-0.218487	-0.181251	-0.177153	-0.168807	-0.154123	-0.157754	-0.157848	-0.15238	-0.155914	
0	-0.209375	-0.419988	-0.607681	-0.78155	-0.964323	-1.13673	-1.2872	-1.40552	-1.44568	-1.36726	-1.16785	-0.912721	-0.670375	-0.473523	-0.321954	-0.223821	-0.191025	-0.168807	-0.145534	-0.131933	-0.142841	-0.133388	-0.134637	-0.139394	
0	-0.147802	-0.308885	-0.463387	-0.627155	-0.82661	-1.03732	-1.23157	-1.3807	-1.44158	-1.38285	-1.20236	-0.961674	-0.722837	-0.509782	-0.341763	-0.240612	-0.189376	-0.154123	-0.131933	-0.138258	-0.139262	-0.12779	-0.131503	-0.133168	
0	-0.0913542	-0.206319	-0.332668	-0.490579	-0.705105	-0.948468	-1.18003	-1.35407	-1.42973	-1.38702	-1.23161	-1.01332	-0.772349	-0.542655	-0.359923	-0.246747	-0.191452	-0.157754	-0.142841	-0.139262	-0.126328	-0.120753	-0.122913	-0.117202	
0	-0.0411629	-0.114819	-0.217554	-0.371808	-0.599795	-0.871428	-1.13242	-1.32379	-1.41282	-1.38822	-1.25557	-1.05526	-0.815312	-0.573137	-0.380689	-0.265449	-0.20251	-0.157848	-0.133388	-0.12779	-0.120753	-0.118573	-0.119148	-0.116237	
0	0.00216404	-0.0352938	-0.118489	-0.271413	-0.511152	-0.80437	-1.08785	-1.29368	-1.39168	-1.38243	-1.27833	-1.09595	-0.851478	-0.601559	-0.401921	-0.279333	-0.204642	-0.15238	-0.134637	-0.131503	-0.122913	-0.119148	-0.120721	-0.115692	
0	0.0386914	0.0317894	-0.0360012	-0.188522	-0.436951	-0.747043	-1.04784	-1.26252	-1.3702	-1.38069	-1.29505	-1.12302	-0.883994	-0.627759	-0.423262	-0.293309	-0.205595	-0.155914	-0.139394	-0.133168	-0.117202	-0.116237	-0.115692	-0.108601	
0	0.0683862	0.0864384	0.0310135	-0.12138	-0.37704	-0.699741	-1.01188	-1.23413	-1.35093	-1.37401	-1.30771	-1.15104	-0.909244	-0.649029	-0.440973	-0.302957	-0.214924	-0.160812	-0.138115	-0.122159	-0.11339	-0.116024	-0.114271	-0.109031	
0	0.0916493	0.129411	0.0833645	-0.0694459	-0.330112	-0.660985	-0.981552	-1.20982	-1.33339	-1.36923	-1.31772	-1.16872	-0.930259	-0.668949	-0.458439	-0.315029	-0.213795	-0.155751	-0.13654	-0.13083	-0.118927	-0.117558	-0.114298	-0.110175	
0	0.108869	0.161179	0.121984	-0.0308743	-0.294962	-0.632021	-0.957984	-1.18925	-1.31885	-1.3659	-1.32592	-1.18264	-0.944278	-0.683189	-0.469451	-0.320291	-0.220087	-0.163993	-0.142945	-0.122826	-0.111129	-0.113433	-0.110789	-0.104878	
0	0.120356	0.182529	0.148049	-0.00502403	-0.271581	-0.611892	-0.940574	-1.17547	-1.31024	-1.36172	-1.32786	-1.19257	-0.957002	-0.693938	-0.479699	-0.326632	-0.220273	-0.161174	-0.137908	-0.124871	-0.115381	-0.11654	-0.111719	-0.108555	
0	0.126504	0.194	0.161976	0.00876779	-0.258758	-0.600759	-0.931556	-1.16748	-1.30337	-1.36069	-1.33329	-1.19658	-0.960049	-0.69961	-0.483408	-0.330146	-0.222807	-0.162272	-0.140665	-0.124751	-0.115124	-0.114385	-0.111004	-0.106804	
0	0.127404	0.195793	0.164388	0.0113384	-0.256695	-0.59938	-0.929853	-1.1658	-1.30339	-1.36011	-1.33118	-1.19807	-0.963185	-0.700717	-0.484648	-0.328706	-0.2225	-0.165315	-0.142721	-0.121999	-0.110968	-0.113994	-0.109609	-0.104898	
0	0.123182	0.188181	0.155216	0.00196846	-0.265267	-0.606145	-0.935881	-1.17187	-1.30694	-1.36104	-1.33084	-1.19427	-0.958482	-0.696877	-0.481449	-0.32975	-0.220732	-0.159325	-0.13724	-0.126746	-0.118324	-0.116409	-0.112493	-0.109495	
0	0.113663	0.170666	0.134227	-0.0185398	-0.28435	-0.623469	-0.950278	-1.18245	-1.31451	-1.36446	-1.32768	-1.18684	-0.949321	-0.688387	-0.473148	-0.322882	-0.221733	-0.164683	-0.143351	-0.120714	-0.110623	-0.113351	-0.110253	-0.104471	
0	0.0987007	0.143148	0.100772	-0.052081	-0.314776	-0.648234	-0.970995	-1.20162	-1.32794	-1.36684	-1.32015	-1.17547	-0.937751	-0.67537	-0.463287	-0.317209	-0.214622	-0.157576	-0.138368	-0.129475	-0.117133	-0.117113	-0.113377	-0.109136	
0	0.0778639	0.104668	0.0541077	-0.0981845	-0.356854	-0.683939	-0.999139	-1.22295	-1.34309	-1.37327	-1.31341	-1.15731	-0.916832	-0.658062	-0.447723	-0.309676	-0.215932	-0.158183	-0.138244	-0.124445	-0.115854	-0.115394	-0.114491	-0.108544	
0	0.0509084	0.0548515	-0.00702102	-0.159256	-0.411271	-0.727243	-1.03295	-1.2512	-1.36259	-1.37691	-1.29991	-1.1363	-0.8954	-0.636785	-0.429941	-0.295739	-0.209985	-0.158626	-0.139025	-0.127151	-0.114762	-0.117034	-0.114524	-0.109336	
0	0.0173274	-0.00706762	-0.0832429	-0.235735	-0.479593	-0.780712	-1.07157	-1.28065	-1.38301	-1.38239	-1.28548	-1.10709	-0.864732	-0.612535	-0.411758	-0.285158	-0.203699	-0.152324	-0.137768	-0.135772	-0.120633	-0.117458	-0.118945	-0.11102	
0	-0.0230393	-0.0814048	-0.175604	-0.329095	-0.562356	-0.843716	-1.11425	-1.31138	-1.40482	-1.38685	-1.26452	-1.07172	-0.831168	-0.584328	-0.388895	-0.272595	-0.204347	-0.156223	-0.130015	-0.126011	-0.122095	-0.118792	-0.12015	-0.118379	
0	-0.0702328	-0.167884	-0.28431	-0.440545	-0.660459	-0.916236	-1.16159	-1.34242	-1.42183	-1.38771	-1.24335	-1.03121	-0.789686	-0.554887	-0.36694	-0.252973	-0.195413	-0.158908	-0.142609	-0.134696	-0.12287	-0.117894	-0.119353	-0.112663	
0	-0.124098	-0.265734	-0.408286	-0.569996	-0.776023	-0.999493	-1.20958	-1.37146	-1.4388	-1.38437	-1.21306	-0.982553	-0.744394	-0.523965	-0.349377	-0.243036	-0.187606	-0.152761	-0.133834	-0.137834	-0.132374	-0.123661	-0.126027	-0.124809	
0	-0.183598	-0.373371	-0.546629	-0.716056	-0.906616	-1.09543	-1.26351	-1.39495	-1.44512	-1.37514	-1.18294	-0.93223	-0.689833	-0.487085	-0.328314	-0.230569	-0.190323	-0.159247	-0.135486	-0.129911	-0.136672	-0.123194	-0.126043	-0.12765	
0	-0.24745	-0.487548	-0.695907	-0.878042	-1.05233	-1.20116	-1.32169	-1.41655	-1.44273	-1.35532	-1.1431	-0.877607	-0.639308	-0.450316	-0.312079	-0.214409	-0.180439	-0.168934	-0.14881	-0.129606	-0.135849	-0.128951	-0.122385	-0.125676	
0	-0.313961	-0.605476	-0.851697	-1.05014	-1.21033	-1.31948	-1.3867	-1.43504	-1.42645	-1.31955	-1.10217	-0.822637	-0.582244	-0.412777	-0.300261	-0.213125	-0.165711	-0.15949	-0.160834	-0.146012	-0.141135	-0.141241	-0.132996	-0.126459	
0	-0.380058	-0.722804	-1.01013	-1.22823	-1.3741	-1.44632	-1.46045	-1.45381	-1.40333	-1.26616	-1.04406	-0.771941	-0.532098	-0.370447	-0.284068	-0.224565	-0.174006	-0.151545	-0.148155	-0.147713	-0.140652	-0.145152	-0.142845	-0.14074	
0	-0.443034	-0.834458	-1.16332	-1.40551	-1.53953	-1.57817	-1.54474	-1.47445	-1.36782	-1.19911	-0.977323	-0.721652	-0.49236	-0.334692	-0.252869	-0.223321	-0.192984	-0.170439	-0.156057	-0.151626	-0.1415	-0.139505	-0.13768	-0.137167	
0	-0.498641	-0.935633	-1.3027	-1.56954	-1.69788	-1.70919	-1.63656	-1.50595	-1.3333	-1.11586	-0.887473	-0.668418	-0.468941	-0.322446	-0.234083	-0.203122	-0.193218	-0.182331	-0.171329	-0.165485	-0.158625	-0.150778	-0.145966	-0.142822	
0	-0.540789	-1.01909	-1.41922	-1.70651	-1.8359	-1.83086	-1.72935	-1.54363	-1.30522	-1.04176	-0.792425	-0.594495	-0.441137	-0.325397	-0.242646	-0.19945	-0.183837	-0.181582	-0.177601	-0.173992	-0.1705	-0.16657	-0.160124	-0.156987	
0	-0.566972	-1.07816	-1.50226	-1.80245	-1.93918	-1.92919	-1.81084	-1.58743	-1.28923	-0.977539	-0.709842	-0.522109	-0.400214	-0.324623	-0.265106	-0.220754	-0.193851	-0.178052	-0.175048	-0.171062	-0.17245	-0.170545	-0.171748	-0.167763	
0	-0.580754	-1.11091	-1.54407	-1.84565	-1.99387	-1.99151	-1.86341	-1.61795	-1.28931	-0.948264	-0.655045	-0.461928	-0.355657	-0.303118	-0.278481	-0.249629	-0.228492	-0.203881	-0.189222	-0.175545	-0.17	-0.164612	-0.165075	-0.162981	
0	-0.588206	-1.1148	-1.53906	-1.83105	-1.98832	-2.00124	-1.8749	-1.62358	-1.28472	-0.944759	-0.655183	-0.446016	-0.333474	-0.2785	-0.264142	-0.257627	-0.248825	-0.237592	-0.22207	-0.209375	-0.194033	-0.184146	-0.174575	-0.17008	
