0.223664	0.023933	-0.164112	-0.320663	-0.426946	-0.480794	-0.48077	-0.410978	-0.277288	-0.100537	0.105717	0.31755	0.514316	0.689583	0.838478	0.960458	1.04638	1.07761	1.05444	0.990289	0.895366	0.777779	0.630579	0.440254	0.221269	
0.21755	0.003052	-0.197288	-0.35705	-0.459305	-0.506782	-0.500792	-0.431592	-0.307374	-0.141006	0.0581001	0.268167	0.47478	0.670252	0.843202	0.991509	1.10587	1.16344	1.15698	1.0969	0.997403	0.868104	0.701355	0.488209	0.246156	
0.200289	-0.0277334	-0.236248	-0.399573	-0.496194	-0.529897	-0.509572	-0.433453	-0.309177	-0.143398	0.0531899	0.258359	0.462466	0.656684	0.827724	0.978336	1.10498	1.18378	1.19762	1.14802	1.04813	0.90772	0.722808	0.495509	0.248077	
0.174509	-0.0666503	-0.284934	-0.446014	-0.529262	-0.543915	-0.500604	-0.405191	-0.270528	-0.101092	0.0902018	0.28114	0.467023	0.640206	0.789581	0.924505	1.04801	1.13686	1.16503	1.12551	1.03026	0.888425	0.699114	0.473896	0.236606	
0.137578	-0.115296	-0.333565	-0.485931	-0.551339	-0.535503	-0.457127	-0.338186	-0.193993	-0.0251543	0.152046	0.317871	0.474805	0.616876	0.734418	0.840397	0.943083	1.02317	1.0516	1.01817	0.935406	0.809545	0.63786	0.434512	0.219562	
0.0930864	-0.160176	-0.371648	-0.505745	-0.540576	-0.489978	-0.38099	-0.243493	-0.0950505	0.063835	0.21752	0.353565	0.478912	0.586046	0.66538	0.730633	0.794794	0.847307	0.863205	0.833736	0.771553	0.677064	0.541907	0.37733	0.195826	
0.0595328	-0.185914	-0.378631	-0.486732	-0.496668	-0.419549	-0.285208	-0.137216	0.00537548	0.147236	0.275008	0.380832	0.472406	0.540607	0.576476	0.593139	0.608679	0.624431	0.622989	0.597511	0.558328	0.499584	0.408804	0.293626	0.157953	
0.0512769	-0.178807	-0.352527	-0.442606	-0.432585	-0.334541	-0.187773	-0.0396671	0.0949593	0.21814	0.316247	0.388424	0.442226	0.46762	0.458811	0.42857	0.398396	0.379836	0.362447	0.339669	0.317632	0.287546	0.238825	0.177939	0.100808	
0.0669702	-0.149597	-0.308964	-0.382832	-0.361119	-0.255838	-0.103682	0.0442082	0.167344	0.26413	0.32718	0.362268	0.374699	0.357838	0.312107	0.247365	0.183616	0.138603	0.107698	0.0838869	0.0690862	0.0566584	0.044002	0.0381937	0.0281242	
0.093218	-0.113381	-0.261007	-0.326613	-0.29992	-0.188596	-0.036327	0.101303	0.205152	0.270788	0.295357	0.291577	0.265459	0.215984	0.14775	0.0642757	-0.0198059	-0.0839584	-0.126745	-0.154397	-0.168259	-0.169413	-0.15027	-0.104096	-0.0477965	
0.109023	-0.0880738	-0.226055	-0.282737	-0.251532	-0.145542	-0.00755437	0.114192	0.196182	0.226953	0.214477	0.179576	0.125829	0.0564354	-0.0211383	-0.110767	-0.205156	-0.282601	-0.333839	-0.36258	-0.37342	-0.362015	-0.312981	-0.222784	-0.111952	
0.102053	-0.0835934	-0.21218	-0.265514	-0.241173	-0.149536	-0.0297505	0.0725234	0.130256	0.132379	0.0959084	0.0416175	-0.0294478	-0.10828	-0.186577	-0.274907	-0.371754	-0.454501	-0.505733	-0.526487	-0.52554	-0.495853	-0.41935	-0.298289	-0.15335	
0.0603997	-0.119642	-0.246141	-0.301271	-0.284339	-0.209952	-0.113588	-0.0288724	0.015327	0.00281586	-0.0457593	-0.11028	-0.189699	-0.271026	-0.346146	-0.427379	-0.516287	-0.591666	-0.63055	-0.632231	-0.610039	-0.557623	-0.459519	-0.3243	-0.168603	
-0.0417387	-0.218995	-0.342572	-0.398569	-0.391129	-0.334536	-0.253324	-0.174623	-0.135314	-0.152203	-0.201539	-0.268364	-0.350316	-0.429181	-0.495899	-0.560998	-0.62835	-0.6816	-0.696593	-0.672019	-0.624274	-0.549978	-0.440076	-0.307553	-0.161376	
-0.209089	-0.382427	-0.504947	-0.56171	-0.556282	-0.506501	-0.433	-0.357289	-0.316242	-0.325558	-0.367472	-0.431975	-0.508406	-0.574904	-0.624133	-0.66243	-0.694975	-0.713922	-0.699221	-0.649039	-0.578875	-0.489121	-0.379077	-0.262646	-0.139252	
-0.429448	-0.601525	-0.718639	-0.766477	-0.757974	-0.71463	-0.646309	-0.569388	-0.521609	-0.517225	-0.544846	-0.596106	-0.652736	-0.694675	-0.716618	-0.718748	-0.708068	-0.687835	-0.645629	-0.577675	-0.493787	-0.39811	-0.298417	-0.205636	-0.110248	
-0.676714	-0.840064	-0.946032	-0.989619	-0.983518	-0.94427	-0.879329	-0.805467	-0.750496	-0.72287	-0.723637	-0.74771	-0.770476	-0.776362	-0.76278	-0.725053	-0.671628	-0.615628	-0.553676	-0.478892	-0.391814	-0.29973	-0.217257	-0.149346	-0.0805594	
-0.905573	-1.05801	-1.16173	-1.20732	-1.20538	-1.17537	-1.12171	-1.0528	-0.98356	-0.924418	-0.890055	-0.874313	-0.851066	-0.814333	-0.763904	-0.690538	-0.602306	-0.519127	-0.446596	-0.37444	-0.292938	-0.211535	-0.148495	-0.101538	-0.053947	
-1.08649	-1.23339	-1.33518	-1.38553	-1.39851	-1.38362	-1.34019	-1.27567	-1.19325	-1.10269	-1.02757	-0.963898	-0.893045	-0.817349	-0.735056	-0.634826	-0.523759	-0.423826	-0.347359	-0.282236	-0.211183	-0.144151	-0.0984316	-0.0654593	-0.032281	
-1.21409	-1.34356	-1.43757	-1.49777	-1.52512	-1.52117	-1.49288	-1.43955	-1.34748	-1.23092	-1.12082	-1.01578	-0.907568	-0.802718	-0.697226	-0.581684	-0.460626	-0.352613	-0.274002	-0.214511	-0.15467	-0.102197	-0.0684107	-0.0415948	-0.0165189	
-1.27749	-1.37276	-1.45267	-1.51179	-1.54461	-1.55473	-1.54523	-1.50305	-1.41284	-1.29252	-1.16565	-1.03467	-0.906508	-0.787736	-0.671281	-0.552019	-0.431225	-0.320782	-0.238101	-0.178765	-0.127338	-0.0862825	-0.0571812	-0.0295994	-0.00752347	
-1.27424	-1.32506	-1.37151	-1.41173	-1.44288	-1.46167	-1.46745	-1.44592	-1.38065	-1.27976	-1.15611	-1.02305	-0.898947	-0.783616	-0.668798	-0.555934	-0.443429	-0.334754	-0.245027	-0.179031	-0.130749	-0.0951622	-0.0630905	-0.0296374	-0.00636206	
-1.21773	-1.20395	-1.19605	-1.20423	-1.22256	-1.24624	-1.27185	-1.27832	-1.25015	-1.18745	-1.09199	-0.98365	-0.884006	-0.786936	-0.6872	-0.591115	-0.494	-0.391337	-0.29381	-0.216583	-0.16522	-0.127175	-0.0853554	-0.0427992	-0.0141171	
-1.09864	-1.01083	-0.946448	-0.916945	-0.919825	-0.948471	-0.98744	-1.01996	-1.03939	-1.02906	-0.97796	-0.911557	-0.849794	-0.783832	-0.712815	-0.643319	-0.568225	-0.477789	-0.377252	-0.289366	-0.229279	-0.180439	-0.124211	-0.0706093	-0.0313427	
-0.919355	-0.773064	-0.656788	-0.589418	-0.576423	-0.603782	-0.653421	-0.717362	-0.78312	-0.819993	-0.819037	-0.804127	-0.785049	-0.757068	-0.724686	-0.689556	-0.643155	-0.574003	-0.481572	-0.389656	-0.317783	-0.252072	-0.179859	-0.113648	-0.0573363	
-0.717039	-0.517718	-0.350503	-0.250968	-0.225535	-0.255368	-0.319835	-0.408	-0.504158	-0.581782	-0.632917	-0.665541	-0.683109	-0.693659	-0.703445	-0.706073	-0.693595	-0.655649	-0.586274	-0.502003	-0.420099	-0.33657	-0.250162	-0.169619	-0.0895346	
-0.517979	-0.264702	-0.059288	0.0608446	0.0959145	0.0671401	-0.00452168	-0.109104	-0.229516	-0.341369	-0.434052	-0.502279	-0.54912	-0.592937	-0.639025	-0.676413	-0.699041	-0.699156	-0.666689	-0.603638	-0.519261	-0.423739	-0.327876	-0.231612	-0.123233	
-0.350568	-0.0591437	0.169889	0.313663	0.372919	0.356389	0.278314	0.159669	0.0271823	-0.105985	-0.231134	-0.3275	-0.396409	-0.463422	-0.534012	-0.597233	-0.649868	-0.688268	-0.699499	-0.668072	-0.593289	-0.497684	-0.398917	-0.287407	-0.151745	
-0.250588	0.0613266	0.313954	0.494893	0.587379	0.584949	0.510796	0.399793	0.26885	0.117648	-0.0317608	-0.146977	-0.234823	-0.31879	-0.400777	-0.476977	-0.550131	-0.619188	-0.66889	-0.671744	-0.619682	-0.538214	-0.44316	-0.320816	-0.167272	
-0.224666	0.0967495	0.373493	0.587641	0.707762	0.734217	0.693508	0.606246	0.478955	0.322848	0.169531	0.0394735	-0.0723377	-0.168208	-0.250323	-0.330634	-0.414766	-0.499318	-0.570693	-0.602079	-0.581732	-0.5249	-0.43897	-0.315786	-0.162682	
-0.254098	0.0682379	0.357158	0.585385	0.734389	0.809362	0.812097	0.751031	0.643904	0.510149	0.366942	0.222357	0.0914422	-0.00881716	-0.0900258	-0.172948	-0.258159	-0.340383	-0.413524	-0.462002	-0.473087	-0.443333	-0.371252	-0.262518	-0.133826	
-0.318313	-0.00328791	0.279172	0.51131	0.693765	0.812189	0.852025	0.828093	0.759906	0.66072	0.536098	0.393099	0.260538	0.158952	0.0741739	-0.00820592	-0.0849635	-0.153218	-0.21405	-0.266157	-0.298822	-0.291785	-0.239537	-0.162919	-0.0818105	
-0.406377	-0.107853	0.160521	0.400311	0.606524	0.751157	0.828134	0.846932	0.818273	0.756584	0.662024	0.540693	0.422733	0.324612	0.24034	0.167031	0.105493	0.0554429	0.0126802	-0.0326376	-0.0736624	-0.0840162	-0.0607223	-0.0322188	-0.0141996	
-0.502558	-0.228335	0.0279662	0.269323	0.479214	0.644031	0.759959	0.818289	0.828047	0.801401	0.73722	0.650299	0.561394	0.476028	0.402951	0.350219	0.311779	0.28255	0.256967	0.222443	0.182337	0.154585	0.136174	0.105493	0.05655	
-0.580294	-0.340315	-0.105304	0.118052	0.323069	0.51026	0.66077	0.756603	0.801406	0.800251	0.768554	0.725835	0.66855	0.600946	0.552141	0.532143	0.525069	0.519618	0.508937	0.485345	0.447544	0.394555	0.321308	0.227426	0.118132	
-0.631594	-0.43315	-0.230569	-0.0314327	0.169708	0.367031	0.53614	0.662041	0.737226	0.768556	0.780437	0.77474	0.740529	0.701055	0.688152	0.701887	0.72646	0.747254	0.752926	0.739513	0.697638	0.609076	0.475733	0.322775	0.164399	
-0.664409	-0.501536	-0.327048	-0.146721	0.0396094	0.222425	0.393131	0.540707	0.650304	0.725837	0.774741	0.792308	0.791059	0.796398	0.815931	0.850216	0.89862	0.943539	0.966149	0.959103	0.903788	0.778034	0.595566	0.395671	0.197924	
-0.682171	-0.548526	-0.396059	-0.234629	-0.0722374	0.0914913	0.260561	0.422743	0.561398	0.668551	0.74053	0.791059	0.842339	0.89223	0.932804	0.978757	1.03824	1.09322	1.12367	1.11297	1.0382	0.888987	0.684545	0.456581	0.226432	
-0.692905	-0.592476	-0.463159	-0.318648	-0.168136	-0.00878272	0.158967	0.324619	0.47603	0.600947	0.701056	0.796398	0.89223	0.972998	1.03631	1.09349	1.1468	1.19024	1.20974	1.18003	1.08633	0.936682	0.741533	0.507976	0.2545	
-0.702857	-0.638678	-0.533819	-0.400676	-0.250273	-0.0900024	0.0741844	0.240345	0.402952	0.552142	0.688152	0.815931	0.932804	1.03631	1.12348	1.1847	1.21932	1.23537	1.22267	1.16139	1.05621	0.923299	0.755373	0.536509	0.27633	
-0.705627	-0.676159	-0.597096	-0.476908	-0.330601	-0.172932	-0.00819914	0.167034	0.35022	0.532143	0.701887	0.850216	0.978757	1.09349	1.1847	1.23639	1.24864	1.22717	1.1693	1.07927	0.973619	0.857263	0.712943	0.520468	0.276691	
-0.693267	-0.698859	-0.649773	-0.550084	-0.414744	-0.258149	-0.0849592	0.105495	0.31178	0.525069	0.72646	0.89862	1.03824	1.1468	1.21932	1.24864	1.22918	1.1618	1.06451	0.962526	0.861619	0.748588	0.613143	0.447974	0.241824	
-0.655414	-0.69903	-0.688204	-0.619157	-0.499304	-0.340377	-0.153215	0.0554439	0.282551	0.519618	0.747254	0.943539	1.09322	1.19024	1.23537	1.22717	1.1618	1.05265	0.934156	0.828482	0.724769	0.605466	0.471798	0.329531	0.172862	
-0.586111	-0.666604	-0.699458	-0.668871	-0.570684	-0.41352	-0.214048	0.0126808	0.256967	0.508937	0.752926	0.966149	1.12367	1.20974	1.22267	1.1693	1.06451	0.934156	0.803417	0.680597	0.559993	0.436361	0.311485	0.193074	0.0895836	
-0.501893	-0.603582	-0.668046	-0.671732	-0.602074	-0.462	-0.266156	-0.0326372	0.222443	0.485345	0.739513	0.959103	1.11297	1.18003	1.16139	1.07927	0.962526	0.828482	0.680597	0.525403	0.379797	0.255269	0.150311	0.0672878	0.01818	
-0.420027	-0.519225	-0.593273	-0.619675	-0.581729	-0.473085	-0.298821	-0.0736622	0.182338	0.447544	0.697638	0.903788	1.0382	1.08633	1.05621	0.973619	0.861619	0.724769	0.559993	0.379797	0.213507	0.0859729	0.00511102	-0.031028	-0.027989	
-0.336524	-0.423717	-0.497674	-0.538209	-0.524898	-0.443332	-0.291784	-0.0840161	0.154585	0.394555	0.609076	0.778034	0.888987	0.936682	0.923299	0.857263	0.748588	0.605466	0.436361	0.255269	0.0859729	-0.0404363	-0.100581	-0.0967337	-0.054611	
-0.250135	-0.327863	-0.398911	-0.443158	-0.438969	-0.371252	-0.239537	-0.0607223	0.136174	0.321308	0.475733	0.595566	0.684545	0.741533	0.755373	0.712943	0.613143	0.471798	0.311485	0.150311	0.00511102	-0.100581	-0.145069	-0.127807	-0.0711445	
-0.169604	-0.231605	-0.287404	-0.320815	-0.315786	-0.262517	-0.162919	-0.0322188	0.105493	0.227426	0.322775	0.395671	0.456581	0.507976	0.536509	0.520468	0.447974	0.329531	0.193074	0.0672878	-0.031028	-0.0967337	-0.127807	-0.120191	-0.0733033	
-0.0895277	-0.12323	-0.151743	-0.167271	-0.162681	-0.133826	-0.0818105	-0.0141996	0.05655	0.118132	0.164399	0.197924	0.226432	0.2545	0.27633	0.276691	0.241824	0.172862	0.0895836	0.01818	-0.027989	-0.054611	-0.0711445	-0.0733033	-0.0487542	
