2.41861e-06	4.92879e-07	9.39393e-08	1.67895e-08	2.82078e-09	4.46483e-10	6.67174e-11	9.42966e-12	1.26282e-12	1.60503e-13	1.93903e-14	2.2298e-15	2.44405e-16	2.55657e-17	2.55519e-18	2.44282e-19	2.23623e-20	1.96214e-21	1.65174e-22	1.33518e-23	1.03727e-24	7.75091e-26	5.5751e-27	3.86282e-28	2.56975e-29	
9.92617e-07	1.9526e-07	3.59785e-08	6.22534e-09	1.01385e-09	1.55738e-10	2.26087e-11	3.10747e-12	4.05058e-13	5.01523e-14	5.90694e-15	6.62718e-16	7.09169e-17	7.24686e-18	7.07988e-19	6.61979e-20	5.9299e-21	5.09395e-22	4.20012e-23	3.32695e-24	2.53376e-25	1.85679e-26	1.31028e-27	8.90989e-29	5.81999e-30	
3.82215e-07	7.25857e-08	1.29317e-08	2.16647e-09	3.42049e-10	5.09958e-11	7.19287e-12	9.61483e-13	1.21998e-13	1.4716e-14	1.68989e-15	1.84986e-16	1.9327e-17	1.92949e-18	1.84269e-19	1.68518e-20	1.47724e-21	1.24243e-22	1.00345e-23	7.78906e-25	5.81556e-26	4.17971e-27	2.89378e-28	1.93129e-29	1.23872e-30	
1.37995e-07	2.53078e-08	4.36069e-09	7.07519e-10	1.08317e-10	1.5677e-11	2.14883e-12	2.79403e-13	3.45158e-14	4.05682e-15	4.54278e-16	4.8526e-17	4.95065e-18	4.82919e-19	4.50889e-20	4.03355e-21	3.46051e-22	2.84984e-23	2.25476e-24	1.71529e-25	1.25565e-26	8.85149e-28	6.01298e-29	3.93893e-30	2.48093e-31	
4.67002e-08	8.27464e-09	1.37951e-09	2.16848e-10	3.22026e-11	4.52597e-12	6.03043e-13	7.62928e-14	9.17811e-15	1.05137e-15	1.14829e-16	1.1972e-17	1.19289e-18	1.13716e-19	1.0382e-20	9.0864e-22	7.63059e-23	6.15404e-24	4.77044e-25	3.55712e-26	2.55334e-27	1.76564e-28	1.177e-29	7.56867e-31	4.68173e-32	
1.4814e-08	2.53741e-09	4.09508e-10	6.23945e-11	8.99169e-12	1.22769e-12	1.59068e-13	1.95871e-14	2.29541e-15	2.56344e-16	2.73147e-17	2.78026e-18	2.70626e-19	2.52175e-20	2.25171e-21	1.92843e-22	1.58551e-23	1.25248e-24	9.51393e-26	6.95462e-27	4.89585e-28	3.32147e-29	2.17305e-30	1.37191e-31	8.33516e-33	
4.40603e-09	7.30021e-10	1.1412e-10	1.68629e-11	2.35941e-12	3.13095e-13	3.94648e-14	4.73173e-15	5.40365e-16	5.88515e-17	6.11992e-18	6.08327e-19	5.78619e-20	5.27166e-21	4.60486e-22	3.86003e-23	3.10775e-24	2.40512e-25	1.79063e-26	1.28343e-27	8.86236e-29	5.89974e-30	3.78885e-31	2.34876e-32	1.40182e-33	
1.22931e-09	1.97165e-10	2.9874e-11	4.28362e-12	5.82231e-13	7.51297e-14	9.21692e-15	1.07648e-15	1.19846e-16	1.27339e-17	1.29276e-18	1.25531e-19	1.16711e-20	1.03995e-21	8.8891e-23	7.295e-24	5.75276e-25	4.36271e-26	3.18416e-27	2.23823e-28	1.51632e-29	9.90686e-31	6.24626e-32	3.80279e-33	2.22992e-34	
3.21975e-10	5.00264e-11	7.35187e-12	1.02361e-12	1.35233e-13	1.69775e-14	2.02817e-15	2.30851e-16	2.5066e-17	2.59936e-18	2.57719e-19	2.44555e-20	2.22321e-21	1.93804e-22	1.62147e-23	1.30313e-24	1.00681e-25	7.4838e-27	5.35589e-28	3.69302e-29	2.45507e-30	1.57455e-31	9.74841e-33	5.82969e-34	3.35921e-35	
7.92312e-11	1.19349e-11	1.7024e-12	2.30304e-13	2.95921e-14	3.61645e-15	4.2091e-16	4.67123e-17	4.94895e-18	5.01089e-19	4.85389e-20	4.50268e-21	4.00375e-22	3.41562e-23	2.79801e-24	2.20274e-25	1.66781e-26	1.21542e-27	8.53126e-29	5.77166e-30	3.76595e-31	2.37142e-32	1.44199e-33	8.47197e-35	4.79797e-36	
1.8336e-11	2.67989e-12	3.71293e-13	4.88366e-14	6.10672e-15	7.26902e-16	8.24684e-17	8.928e-18	9.23339e-19	9.13202e-20	8.64588e-21	7.84337e-22	6.82406e-23	5.69911e-24	4.57251e-25	3.52719e-26	2.61794e-27	1.87094e-28	1.28834e-29	8.55377e-31	5.47926e-32	3.38833e-33	2.02398e-34	1.16849e-35	6.50516e-37	
3.9949e-12	5.66952e-13	7.63511e-14	9.77061e-15	1.1897e-15	1.38011e-16	1.52706e-17	1.61347e-18	1.62964e-19	1.57502e-20	1.45804e-21	1.29401e-22	1.10199e-23	9.01255e-25	7.08434e-26	5.3563e-27	3.89819e-28	2.73273e-29	1.84655e-30	1.20347e-31	7.56988e-33	4.59811e-34	2.69871e-35	1.53128e-36	8.38164e-38	
8.20323e-13	1.13133e-13	1.48195e-14	1.8463e-15	2.19048e-16	2.47778e-17	2.67526e-18	2.76007e-19	2.72377e-20	2.57361e-21	2.33044e-22	2.02417e-23	1.68786e-24	1.35226e-25	1.04172e-26	7.72215e-28	5.51222e-29	3.79152e-30	2.51468e-31	1.60919e-32	9.94144e-34	5.93283e-35	3.42205e-36	1.90877e-37	1.02742e-38	
1.58943e-13	2.13175e-14	2.71808e-15	3.29891e-16	3.81578e-17	4.21112e-18	4.43901e-19	4.47404e-20	4.31585e-21	3.98838e-22	3.53411e-23	3.00532e-24	2.45462e-25	1.9271e-26	1.45537e-27	1.05806e-28	7.40989e-30	5.00226e-31	3.25725e-32	2.04706e-33	1.24241e-34	7.28606e-36	4.13101e-37	2.26558e-38	1.19943e-39	
2.90927e-14	3.79742e-15	4.71616e-16	5.5797e-17	6.29584e-18	6.78258e-19	6.98373e-20	6.87963e-21	6.48995e-22	5.86828e-23	5.0904e-24	4.23959e-25	3.39292e-26	2.61116e-27	1.93382e-28	1.37921e-29	9.47909e-31	6.2821e-32	4.01712e-33	2.48003e-34	1.47903e-35	8.52548e-37	4.75239e-38	2.56317e-39	1.33493e-40	
5.03649e-15	6.40249e-16	7.75011e-17	8.9435e-18	9.84979e-19	1.03639e-19	1.04288e-20	1.00457e-21	9.27156e-23	8.20615e-24	6.97115e-25	5.68848e-26	4.46222e-27	3.36736e-28	2.44636e-29	1.71214e-30	1.15513e-31	7.51738e-33	4.72183e-34	2.86428e-35	1.6789e-36	9.51421e-38	5.21537e-39	2.7668e-40	1.41783e-41	
8.25627e-16	1.02286e-16	1.20756e-17	1.36001e-18	1.46277e-19	1.50401e-20	1.47975e-21	1.39442e-22	1.25965e-23	1.09176e-24	9.08614e-26	7.26684e-27	5.58921e-28	4.13721e-29	2.94928e-30	2.02611e-31	1.34223e-32	8.57973e-34	5.29491e-35	3.15667e-36	1.81896e-37	1.01361e-38	5.46502e-40	2.85231e-41	1.43843e-42	
1.28309e-16	1.55019e-17	1.78597e-18	1.9642e-19	2.06426e-20	2.07507e-21	1.99711e-22	1.84186e-23	1.6292e-24	1.38328e-25	1.12826e-26	8.84704e-28	6.67416e-29	4.84737e-30	3.39172e-31	2.2878e-32	1.48857e-33	9.3484e-35	5.66981e-36	3.32281e-37	1.8827e-38	1.03186e-39	5.47312e-41	2.81085e-42	1.39525e-43	
1.89252e-17	2.2312e-18	2.51002e-19	2.69714e-20	2.77107e-21	2.72471e-22	2.56633e-23	2.31741e-24	2.00795e-25	1.67075e-26	1.33601e-27	1.02747e-28	7.60502e-30	5.4212e-31	3.72425e-32	2.46721e-33	1.57711e-34	9.7332e-36	5.80278e-37	3.34378e-38	1.86332e-39	1.00463e-40	5.24327e-42	2.65023e-43	1.29509e-44	
2.65232e-18	3.05316e-19	3.35568e-20	3.52493e-21	3.54221e-22	3.40838e-23	3.14306e-24	2.78007e-25	2.36052e-26	1.92551e-27	1.51006e-28	1.13938e-29	8.27682e-31	5.79256e-32	3.90811e-33	2.54343e-34	1.59766e-35	9.692e-37	5.68124e-38	3.21962e-39	1.7649e-40	9.3628e-42	4.80916e-43	2.39281e-44	1.15133e-45	
3.53578e-19	3.97633e-20	4.27207e-21	4.38903e-22	4.31594e-23	4.06577e-24	3.67233e-25	3.18293e-26	2.64937e-27	2.11941e-28	1.63064e-29	1.20749e-30	8.61141e-32	5.91859e-33	3.92269e-34	2.50862e-35	1.54889e-36	9.23812e-38	5.32549e-39	2.96876e-40	1.6012e-41	8.35959e-43	4.22664e-44	2.07048e-45	9.81105e-47	
4.48827e-20	4.93387e-21	5.18428e-22	5.2118e-23	5.01734e-24	4.62934e-25	4.09719e-26	3.48113e-27	2.84154e-28	2.23001e-29	1.68379e-30	1.22403e-31	8.57252e-33	5.78774e-34	3.7693e-35	2.36928e-36	1.43822e-37	8.43577e-39	4.78347e-40	2.62363e-41	1.39257e-42	7.15637e-44	3.5623e-45	1.71839e-46	8.02025e-48	
5.43069e-21	5.83847e-22	6.00286e-23	5.90778e-24	5.57028e-25	5.03592e-26	4.369e-27	3.64017e-28	2.9149e-29	2.24492e-30	1.664e-31	1.18787e-32	8.17204e-34	5.42132e-35	3.47018e-36	2.14448e-37	1.28013e-38	7.3856e-40	4.1204e-41	2.22398e-42	1.16191e-43	5.87851e-45	2.88144e-46	1.36895e-47	6.29434e-49	
6.2697e-22	6.59541e-23	6.63834e-24	6.39859e-25	5.9113e-26	5.23855e-27	4.45667e-28	3.64258e-29	2.86236e-30	2.16402e-31	1.57513e-32	1.10451e-33	7.46608e-35	4.86803e-36	3.0634e-37	1.86161e-38	1.09306e-39	6.20443e-41	3.40627e-42	1.80963e-43	9.3077e-45	4.63696e-46	2.2385e-47	1.0476e-48	4.74594e-50	
6.91312e-23	7.11906e-24	7.01767e-25	6.62762e-26	6.00171e-27	5.21545e-28	4.35253e-29	3.49097e-30	2.69286e-31	1.99915e-32	1.4293e-33	9.84765e-35	6.54237e-36	4.19364e-37	2.59507e-38	1.55113e-39	8.96032e-41	5.00492e-42	2.70449e-43	1.41449e-44	7.16377e-46	3.51485e-47	1.67142e-48	7.70651e-50	3.44043e-51	
7.28687e-24	7.34918e-25	7.09815e-26	6.57087e-27	5.83477e-28	4.97377e-29	4.07319e-30	3.20689e-31	2.42906e-32	1.77129e-33	1.24428e-34	8.42552e-36	5.50285e-37	3.46852e-38	2.1111e-39	1.24143e-40	7.05677e-42	3.87958e-43	2.06381e-44	1.06284e-45	5.30123e-47	2.56206e-48	1.20031e-49	5.45341e-51	2.39949e-52	
7.34918e-25	7.26226e-26	6.87526e-27	6.2409e-28	5.43612e-29	4.54721e-30	3.6554e-31	2.82596e-32	2.10249e-33	1.50636e-34	1.03997e-35	6.92281e-37	4.44599e-38	2.7563e-39	1.65043e-40	9.55022e-42	5.34315e-43	2.89179e-44	1.51471e-45	7.68227e-47	3.77435e-48	1.79712e-49	8.29614e-51	3.71465e-52	1.61112e-53	
7.09815e-26	6.87526e-27	6.38242e-28	5.68306e-29	4.85753e-30	3.9885e-31	3.1483e-32	2.39066e-33	1.74753e-34	1.23049e-35	8.35123e-37	5.4664e-38	3.4529e-39	2.10592e-40	1.24083e-41	7.0668e-43	3.89218e-44	2.07412e-45	1.06993e-46	5.34507e-48	2.58715e-49	1.2138e-50	5.52218e-52	2.43717e-53	1.04211e-54	
6.57087e-27	6.2409e-28	5.68306e-29	4.96558e-30	4.16619e-31	3.35899e-32	2.60425e-33	1.94294e-34	1.3958e-35	9.66167e-37	6.44777e-38	4.15101e-39	2.57948e-40	1.54805e-41	8.97732e-43	5.03312e-44	2.72945e-45	1.43242e-46	7.27822e-48	3.58208e-49	1.70841e-50	7.89906e-52	3.54216e-53	1.54113e-54	6.49753e-56	
5.83477e-28	5.43612e-29	4.85753e-30	4.16619e-31	3.43228e-32	2.71806e-33	2.07046e-34	1.51809e-35	1.0721e-36	7.29701e-38	4.78952e-39	3.0334e-40	1.85481e-41	1.09557e-42	6.2543e-44	3.45251e-45	1.84384e-46	9.5312e-48	4.77101e-49	2.31368e-50	1.08746e-51	4.95592e-53	2.19083e-54	9.39802e-56	3.90737e-57	
4.97377e-29	4.54721e-30	3.9885e-31	3.35899e-32	2.71806e-33	2.11479e-34	1.58317e-35	1.14112e-36	7.92404e-38	5.30451e-39	3.42518e-40	2.13457e-41	1.28459e-42	7.46929e-44	4.19836e-45	2.28235e-46	1.2006e-47	6.11403e-49	3.01558e-50	1.44117e-51	6.67651e-53	2.9995e-54	1.30733e-55	5.53006e-57	2.26763e-58	
4.07319e-30	3.6554e-31	3.1483e-32	2.60425e-33	2.07046e-34	1.58317e-35	1.16509e-36	8.25736e-38	5.63955e-39	3.71392e-40	2.35971e-41	1.44732e-42	8.57418e-44	4.90871e-45	2.71714e-46	1.45492e-47	7.53974e-49	3.78324e-50	1.8389e-51	8.66208e-53	3.95587e-54	1.75223e-55	7.53083e-57	3.14167e-58	1.27073e-59	
3.20689e-31	2.82596e-32	2.39066e-33	1.94294e-34	1.51809e-35	1.14112e-36	8.25736e-38	5.75584e-39	3.86724e-40	2.50596e-41	1.56704e-42	9.46148e-44	5.51879e-45	3.11144e-46	1.6964e-47	8.9486e-49	4.56928e-50	2.25946e-51	1.08246e-52	5.02647e-54	2.26324e-55	9.88534e-57	4.19e-58	1.72409e-59	6.87947e-61	
2.42906e-32	2.10249e-33	1.74753e-34	1.3958e-35	1.0721e-36	7.92404e-38	5.63955e-39	3.86724e-40	2.55669e-41	1.63054e-42	1.00371e-43	5.96682e-45	3.42743e-46	1.9033e-47	1.02229e-48	5.31341e-50	2.6737e-51	1.30312e-52	6.15424e-54	2.81754e-55	1.25097e-56	5.38862e-58	2.25282e-59	9.14442e-61	3.60002e-62	
1.77129e-33	1.50636e-34	1.23049e-35	9.66167e-37	7.29701e-38	5.30451e-39	3.71392e-40	2.50596e-41	1.63054e-42	1.02366e-43	6.20421e-45	3.63214e-46	2.05498e-47	1.1242e-48	5.94952e-50	3.04738e-51	1.5114e-52	7.26157e-54	3.38117e-55	1.52641e-56	6.68367e-58	2.83968e-59	1.17112e-60	4.68992e-62	1.82187e-63	
1.24428e-34	1.03997e-35	8.35123e-37	6.44777e-38	4.78952e-39	3.42518e-40	2.35971e-41	1.56704e-42	1.00371e-43	6.20421e-45	3.70304e-46	2.13527e-47	1.19013e-48	6.4151e-50	3.34568e-51	1.68905e-52	8.25799e-54	3.91173e-55	1.79602e-56	7.99615e-58	3.45342e-59	1.44738e-60	5.88909e-62	2.32701e-63	8.92076e-65	
8.42552e-36	6.92281e-37	5.4664e-38	4.15101e-39	3.0334e-40	2.13457e-41	1.44732e-42	9.46148e-44	5.96682e-45	3.63214e-46	2.13527e-47	1.21296e-48	6.6613e-50	3.53842e-51	1.81887e-52	9.05187e-54	4.36328e-55	2.03804e-56	9.22826e-58	4.05239e-59	1.72647e-60	7.1388e-62	2.86598e-63	1.11753e-64	4.22825e-66	
5.50285e-37	4.44599e-38	3.4529e-39	2.57948e-40	1.85481e-41	1.28459e-42	8.57418e-44	5.51879e-45	3.42743e-46	2.05498e-47	1.19013e-48	6.6613e-50	3.60508e-51	1.88746e-52	9.56417e-54	4.69274e-55	2.23051e-56	1.02747e-57	4.58878e-59	1.98777e-60	8.35495e-62	3.40874e-63	1.35044e-64	5.1969e-66	1.94084e-67	
3.46852e-38	2.7563e-39	2.10592e-40	1.54805e-41	1.09557e-42	7.46929e-44	4.90871e-45	3.11144e-46	1.9033e-47	1.1242e-48	6.4151e-50	3.53842e-51	1.88746e-52	9.74127e-54	4.86663e-55	2.35456e-56	1.1037e-57	5.0146e-59	2.20924e-60	9.44152e-62	3.91563e-63	1.57647e-64	6.1638e-66	2.34123e-67	8.63133e-69	
2.1111e-39	1.65043e-40	1.24083e-41	8.97732e-43	6.2543e-44	4.19836e-45	2.71714e-46	1.6964e-47	1.02229e-48	5.94952e-50	3.34568e-51	1.81887e-52	9.56417e-54	4.86663e-55	2.39742e-56	1.1439e-57	5.28873e-59	2.37035e-60	1.03026e-61	4.3444e-63	1.77796e-64	7.06457e-66	2.72632e-67	1.02222e-68	3.72055e-70	
1.24143e-40	9.55022e-42	7.0668e-43	5.03312e-44	3.45251e-45	2.28235e-46	1.45492e-47	8.9486e-49	5.31341e-50	3.04738e-51	1.68905e-52	9.05187e-54	4.69274e-55	2.35456e-56	1.1439e-57	5.38338e-59	2.45524e-60	1.08563e-61	4.65587e-63	1.93737e-64	7.82503e-66	3.06885e-67	1.16907e-68	4.32735e-70	1.55509e-71	
7.05677e-42	5.34315e-43	3.89218e-44	2.72945e-45	1.84384e-46	1.2006e-47	7.53974e-49	4.56928e-50	2.6737e-51	1.5114e-52	8.25799e-54	4.36328e-55	2.23051e-56	1.1037e-57	5.28873e-59	2.45524e-60	1.10474e-61	4.81984e-63	2.03977e-64	8.3767e-66	3.33942e-67	1.29281e-68	4.86195e-70	1.77685e-71	6.30517e-73	
3.87958e-43	2.89179e-44	2.07412e-45	1.43242e-46	9.5312e-48	6.11403e-49	3.78324e-50	2.25946e-51	1.30312e-52	7.26157e-54	3.91173e-55	2.03804e-56	1.02747e-57	5.0146e-59	2.37035e-60	1.08563e-61	4.81984e-63	2.07508e-64	8.66688e-66	3.51302e-67	1.38245e-68	5.28356e-70	1.96183e-71	7.07946e-73	2.48082e-74	
2.06381e-44	1.51471e-45	1.06993e-46	7.27822e-48	4.77101e-49	3.01558e-50	1.8389e-51	1.08246e-52	6.15424e-54	3.38117e-55	1.79602e-56	9.22826e-58	4.58878e-59	2.20924e-60	1.03026e-61	4.65587e-63	2.03977e-64	8.66688e-66	3.57286e-67	1.42957e-68	5.55378e-70	2.09567e-71	7.6834e-73	2.73797e-74	9.47568e-76	
1.06284e-45	7.68227e-47	5.34507e-48	3.58208e-49	2.31368e-50	1.44117e-51	8.66208e-53	5.02647e-54	2.81754e-55	1.52641e-56	7.99615e-58	4.05239e-59	1.98777e-60	9.44152e-62	4.3444e-63	1.93737e-64	8.3767e-66	3.51302e-67	1.42957e-68	5.64688e-70	2.16595e-71	8.0701e-73	2.92178e-74	1.02824e-75	3.5148e-77	
5.30123e-47	3.77435e-48	2.58715e-49	1.70841e-50	1.08746e-51	6.67651e-53	3.95587e-54	2.26324e-55	1.25097e-56	6.68367e-58	3.45342e-59	1.72647e-60	8.35495e-62	3.91563e-63	1.77796e-64	7.82503e-66	3.33942e-67	1.38245e-68	5.55378e-70	2.16595e-71	8.20325e-73	3.01823e-74	1.07918e-75	3.75107e-77	1.26653e-78	
2.56206e-48	1.79712e-49	1.2138e-50	7.89906e-52	4.95592e-53	2.9995e-54	1.75223e-55	9.88534e-57	5.38862e-58	2.83968e-59	1.44738e-60	7.1388e-62	3.40874e-63	1.57647e-64	7.06457e-66	3.06885e-67	1.29281e-68	5.28356e-70	2.09567e-71	8.0701e-73	3.01823e-74	1.09671e-75	3.87298e-77	1.3297e-78	4.43512e-80	
1.20031e-49	8.29614e-51	5.52218e-52	3.54216e-53	2.19083e-54	1.30733e-55	7.53083e-57	4.19e-58	2.25282e-59	1.17112e-60	5.88909e-62	2.86598e-63	1.35044e-64	6.1638e-66	2.72632e-67	1.16907e-68	4.86195e-70	1.96183e-71	7.6834e-73	2.92178e-74	1.07918e-75	3.87298e-77	1.35097e-78	4.58175e-80	1.50976e-81	
5.45341e-51	3.71465e-52	2.43717e-53	1.54113e-54	9.39802e-56	5.53006e-57	3.14167e-58	1.72409e-59	9.14442e-61	4.68992e-62	2.32701e-63	1.11753e-64	5.1969e-66	2.34123e-67	1.02222e-68	4.32735e-70	1.77685e-71	7.07946e-73	2.73797e-74	1.02824e-75	3.75107e-77	1.3297e-78	4.58175e-80	1.53508e-81	4.99765e-83	
2.39949e-52	1.61112e-53	1.04211e-54	6.49753e-56	3.90737e-57	2.26763e-58	1.27073e-59	6.87947e-61	3.60002e-62	1.82187e-63	8.92076e-65	4.22825e-66	1.94084e-67	8.63133e-69	3.72055e-70	1.55509e-71	6.30517e-73	2.48082e-74	9.47568e-76	3.5148e-77	1.26653e-78	4.43512e-80	1.50976e-81	4.99765e-83	1.60766e-84	
