0.00201064	0	0	0	0	0	0	0	0	0	0	0	0	0	0	0	0	0	0	0	0	0	0	0	0	
0.178372	0.147987	0.124436	0.108051	0.0990478	0.0975341	0.103531	0.116968	0.13768	0.165383	0.199647	0.239835	0.28502	0.333859	0.384405	0.433906	0.478613	0.513662	0.533375	0.532221	0.506374	0.455458	0.38377	0.300145	0.215995	
0.354677	0.297649	0.252893	0.2215	0.204166	0.201256	0.212833	0.238653	0.278165	0.330444	0.394141	0.467401	0.547762	0.632098	0.716542	0.796416	0.866316	0.920123	0.95105	0.952195	0.917832	0.845347	0.737355	0.603053	0.457677	
0.461532	0.38487	0.324382	0.281816	0.258279	0.254352	0.270122	0.305202	0.358699	0.429142	0.514364	0.611424	0.716494	0.824814	0.930874	1.02851	1.11135	1.1736	1.21027	1.21707	1.19017	1.12643	1.02441	0.88635	0.720701	
0.426022	0.340425	0.27321	0.226056	0.200041	0.195736	0.213195	0.252075	0.311464	0.389954	0.485399	0.594872	0.714585	0.839671	0.964327	1.08208	1.1856	1.26772	1.32281	1.34728	1.33945	1.29858	1.22388	1.11395	0.968166	
0.248744	0.164069	0.0981923	0.0522283	0.026969	0.0227716	0.0396837	0.077495	0.135572	0.212917	0.308058	0.418828	0.542453	0.675479	0.813217	0.950611	1.08177	1.19902	1.29424	1.36026	1.39205	1.38745	1.34685	1.27191	1.16289	
-0.0277713	-0.107248	-0.168331	-0.210516	-0.23357	-0.237515	-0.22216	-0.18773	-0.134126	-0.0619121	0.0284591	0.135897	0.258544	0.394377	0.540215	0.691469	0.844315	0.993708	1.13236	1.25157	1.34202	1.39532	1.40576	1.37224	1.29924	
-0.355271	-0.425399	-0.478127	-0.513778	-0.533127	-0.536495	-0.523704	-0.494871	-0.449096	-0.38597	-0.304883	-0.205215	-0.0871629	0.0480239	0.199749	0.36388	0.53525	0.709642	0.881387	1.04352	1.18776	1.3043	1.38261	1.41203	1.38715	
-0.659599	-0.713771	-0.752732	-0.778404	-0.792166	-0.794299	-0.785494	-0.76461	-0.731457	-0.683541	-0.619731	-0.537929	-0.435602	-0.31278	-0.168623	-0.00222917	0.181553	0.377346	0.578525	0.776707	0.963356	1.12966	1.26709	1.36666	1.41305	
-0.881644	-0.915276	-0.937403	-0.951449	-0.958447	-0.959193	-0.95494	-0.943393	-0.925076	-0.896528	-0.855328	-0.79858	-0.722818	-0.623624	-0.502097	-0.354318	-0.179767	0.0183501	0.235283	0.462577	0.688745	0.901744	1.08826	1.24087	1.35553	
-1.00055	-1.00928	-1.01291	-1.01352	-1.01299	-1.01306	-1.01284	-1.01315	-1.01035	-1.0045	-0.990537	-0.964184	-0.922623	-0.857892	-0.766541	-0.647652	-0.497637	-0.317346	-0.108841	0.123604	0.371068	0.621677	0.860925	1.06591	1.22983	
-0.997352	-0.980879	-0.965886	-0.953341	-0.946382	-0.945769	-0.949581	-0.961123	-0.974308	-0.990516	-1.00516	-1.01442	-1.01131	-0.992879	-0.947133	-0.870789	-0.757566	-0.606675	-0.418486	-0.198091	0.0499113	0.312162	0.58177	0.843179	1.06221	
-0.889212	-0.854163	-0.825013	-0.805084	-0.793679	-0.791633	-0.799949	-0.815939	-0.842815	-0.874818	-0.911619	-0.951545	-0.985597	-1.00988	-1.0149	-0.993377	-0.934555	-0.833293	-0.684215	-0.489876	-0.254813	0.0125184	0.28826	0.574666	0.850534	
-0.719255	-0.674699	-0.641476	-0.619504	-0.605919	-0.60418	-0.613017	-0.629985	-0.660587	-0.700389	-0.751167	-0.807785	-0.872814	-0.934317	-0.985441	-1.01411	-1.01289	-0.967659	-0.876687	-0.727282	-0.530877	-0.279225	0.00670061	0.298439	0.601656	
-0.535483	-0.497725	-0.469551	-0.44998	-0.441223	-0.439656	-0.445105	-0.461352	-0.483458	-0.518672	-0.567659	-0.626769	-0.700369	-0.783414	-0.873588	-0.949559	-1.00685	-1.02043	-0.988858	-0.896488	-0.741789	-0.537915	-0.268432	0.0311372	0.343203	
-0.401788	-0.37876	-0.361727	-0.351254	-0.34982	-0.346302	-0.350289	-0.358727	-0.370273	-0.391609	-0.421134	-0.468579	-0.529679	-0.610172	-0.707514	-0.815111	-0.914418	-0.992887	-1.02084	-1.00051	-0.89951	-0.735944	-0.510033	-0.224138	0.0894905	
-0.342492	-0.330262	-0.328805	-0.326732	-0.32479	-0.325335	-0.32576	-0.326406	-0.330993	-0.336798	-0.34732	-0.369615	-0.402144	-0.462576	-0.543777	-0.656995	-0.776277	-0.896659	-0.982036	-1.02052	-0.995272	-0.886939	-0.705533	-0.450204	-0.148522	
-0.336619	-0.335881	-0.334073	-0.334276	-0.331129	-0.333385	-0.333759	-0.332757	-0.336694	-0.335514	-0.338296	-0.342728	-0.352261	-0.370967	-0.418266	-0.501868	-0.623662	-0.761038	-0.894325	-0.987166	-1.02136	-0.977237	-0.854149	-0.641847	-0.361512	
-0.338969	-0.333509	-0.32616	-0.322829	-0.320129	-0.318945	-0.321251	-0.324488	-0.330313	-0.336803	-0.342	-0.345568	-0.351963	-0.352452	-0.362348	-0.400727	-0.487135	-0.616718	-0.766987	-0.904776	-1.00131	-1.01717	-0.950133	-0.791796	-0.545307	
-0.311769	-0.300149	-0.289606	-0.284554	-0.279716	-0.279791	-0.282703	-0.286252	-0.295193	-0.30776	-0.320272	-0.335552	-0.352701	-0.359927	-0.35553	-0.356532	-0.39909	-0.494111	-0.6412	-0.797005	-0.933961	-1.01166	-1.00355	-0.900065	-0.69562	
-0.273168	-0.264447	-0.255736	-0.25468	-0.253441	-0.25059	-0.255266	-0.256825	-0.259261	-0.269873	-0.28186	-0.291108	-0.3202	-0.352352	-0.368211	-0.356848	-0.359072	-0.408848	-0.523952	-0.684605	-0.84934	-0.971228	-1.01667	-0.969665	-0.812571	
-0.260181	-0.251911	-0.257109	-0.251745	-0.252226	-0.252451	-0.249623	-0.2558	-0.252782	-0.255692	-0.267026	-0.267717	-0.274287	-0.308129	-0.350378	-0.362648	-0.354422	-0.366135	-0.443282	-0.580126	-0.751403	-0.909532	-1.00154	-1.00631	-0.897364	
-0.259448	-0.254804	-0.25997	-0.247686	-0.249892	-0.253053	-0.246276	-0.257554	-0.25698	-0.255071	-0.269214	-0.271587	-0.263657	-0.270486	-0.317155	-0.351295	-0.356158	-0.348995	-0.387071	-0.499345	-0.662711	-0.838673	-0.96516	-1.01618	-0.95518	
-0.244142	-0.241824	-0.240318	-0.226272	-0.230014	-0.23334	-0.22406	-0.23584	-0.241789	-0.243196	-0.249533	-0.280517	-0.276964	-0.263871	-0.282884	-0.328327	-0.349356	-0.346088	-0.358126	-0.438981	-0.581541	-0.766974	-0.921212	-1.00748	-0.990797	
-0.228296	-0.237009	-0.218811	-0.224409	-0.223844	-0.21908	-0.227457	-0.218437	-0.228765	-0.236306	-0.223317	-0.249665	-0.269243	-0.271758	-0.274043	-0.312359	-0.338794	-0.344251	-0.339278	-0.397839	-0.521254	-0.70019	-0.872924	-0.98708	-1.00807	
-0.234199	-0.235324	-0.218466	-0.229126	-0.225149	-0.217863	-0.232045	-0.219925	-0.22777	-0.23784	-0.227479	-0.238014	-0.252623	-0.262549	-0.262376	-0.297385	-0.329377	-0.341131	-0.334494	-0.370476	-0.473618	-0.642966	-0.827094	-0.963937	-1.01362	
-0.235324	-0.227527	-0.217561	-0.221403	-0.216623	-0.212505	-0.222011	-0.217893	-0.223457	-0.232424	-0.236783	-0.238922	-0.250213	-0.254152	-0.255464	-0.285191	-0.322108	-0.339136	-0.328653	-0.351937	-0.440916	-0.600545	-0.785994	-0.937543	-1.01293	
-0.218466	-0.217561	-0.206934	-0.212295	-0.209405	-0.206186	-0.213396	-0.206206	-0.212975	-0.220456	-0.215637	-0.230964	-0.252886	-0.262046	-0.251157	-0.274895	-0.31189	-0.336063	-0.327685	-0.341887	-0.417029	-0.56659	-0.755607	-0.916456	-1.0075	
-0.229126	-0.221403	-0.212295	-0.217765	-0.214618	-0.20799	-0.220373	-0.214004	-0.216557	-0.227127	-0.227232	-0.223671	-0.238088	-0.253457	-0.250157	-0.270822	-0.308308	-0.334181	-0.328973	-0.334565	-0.401181	-0.545422	-0.733591	-0.900191	-1.00246	
-0.225149	-0.216623	-0.209405	-0.214618	-0.209246	-0.205939	-0.214486	-0.208556	-0.214231	-0.221526	-0.225459	-0.224826	-0.242443	-0.253617	-0.250442	-0.266547	-0.304479	-0.331245	-0.32586	-0.333149	-0.395488	-0.532836	-0.720433	-0.891485	-0.999746	
-0.217863	-0.212505	-0.206186	-0.20799	-0.205939	-0.204081	-0.208845	-0.206746	-0.209387	-0.216579	-0.217734	-0.226676	-0.2453	-0.256325	-0.247236	-0.266431	-0.303005	-0.333067	-0.327578	-0.331724	-0.393217	-0.531134	-0.719648	-0.889845	-0.998187	
-0.232045	-0.222011	-0.213396	-0.220373	-0.214486	-0.208845	-0.220619	-0.214656	-0.217533	-0.228487	-0.231293	-0.222843	-0.23624	-0.251274	-0.250316	-0.269556	-0.306757	-0.332562	-0.328774	-0.332763	-0.397547	-0.539529	-0.72663	-0.896173	-1.00163	
-0.219925	-0.217893	-0.206206	-0.214004	-0.208556	-0.206746	-0.214656	-0.20673	-0.213627	-0.220527	-0.217407	-0.227386	-0.249467	-0.260037	-0.251936	-0.273221	-0.308756	-0.335471	-0.325832	-0.339071	-0.411953	-0.556006	-0.745407	-0.910103	-1.00493	
-0.22777	-0.223457	-0.212975	-0.216557	-0.214231	-0.209387	-0.217533	-0.213627	-0.218794	-0.22679	-0.22741	-0.236184	-0.251185	-0.257156	-0.252105	-0.279692	-0.317897	-0.338733	-0.33038	-0.347187	-0.428207	-0.585223	-0.773477	-0.929029	-1.01065	
-0.23784	-0.232424	-0.220456	-0.227127	-0.221526	-0.216579	-0.228487	-0.220527	-0.22679	-0.237211	-0.236856	-0.239336	-0.250144	-0.256919	-0.259826	-0.292247	-0.327405	-0.339549	-0.331111	-0.361972	-0.45884	-0.625019	-0.810393	-0.953369	-1.01336	
-0.227479	-0.236783	-0.215637	-0.227232	-0.225459	-0.217734	-0.231293	-0.217407	-0.22741	-0.236856	-0.218111	-0.240054	-0.261549	-0.271499	-0.269064	-0.307403	-0.334439	-0.343464	-0.336672	-0.383484	-0.501445	-0.677237	-0.853817	-0.977515	-1.01099	
-0.238014	-0.238922	-0.230964	-0.223671	-0.224826	-0.226676	-0.222843	-0.227386	-0.236184	-0.239336	-0.240054	-0.272072	-0.27757	-0.266608	-0.277451	-0.31996	-0.344736	-0.34436	-0.349305	-0.423126	-0.555452	-0.738271	-0.901398	-0.999832	-0.999966	
-0.252623	-0.250213	-0.252886	-0.238088	-0.242443	-0.2453	-0.23624	-0.249467	-0.251185	-0.250144	-0.261549	-0.27757	-0.268236	-0.264593	-0.300888	-0.343425	-0.355062	-0.348088	-0.373559	-0.471013	-0.628203	-0.809988	-0.947642	-1.01506	-0.972876	
-0.262549	-0.254152	-0.262046	-0.253457	-0.253617	-0.256325	-0.251274	-0.260037	-0.257156	-0.256919	-0.271499	-0.266608	-0.264593	-0.289382	-0.339075	-0.359822	-0.355734	-0.355873	-0.417858	-0.546352	-0.713921	-0.881024	-0.989412	-1.01368	-0.923397	
-0.262376	-0.255464	-0.251157	-0.250157	-0.250442	-0.247236	-0.250316	-0.251936	-0.252105	-0.259826	-0.269064	-0.277451	-0.300888	-0.339075	-0.364669	-0.361258	-0.354657	-0.387532	-0.487216	-0.638784	-0.8108	-0.949551	-1.01343	-0.987942	-0.850503	
-0.297385	-0.285191	-0.274895	-0.270822	-0.266547	-0.266431	-0.269556	-0.273221	-0.279692	-0.292247	-0.307403	-0.31996	-0.343425	-0.359822	-0.361258	-0.351956	-0.376885	-0.453898	-0.59159	-0.753872	-0.901802	-0.998281	-1.01351	-0.932794	-0.746355	
-0.329377	-0.322108	-0.31189	-0.308308	-0.304479	-0.303005	-0.306757	-0.308756	-0.317897	-0.327405	-0.334439	-0.344736	-0.355062	-0.355734	-0.354657	-0.376885	-0.446507	-0.564297	-0.716667	-0.862018	-0.978483	-1.02129	-0.976191	-0.839591	-0.609733	
-0.341131	-0.339136	-0.336063	-0.334181	-0.331245	-0.333067	-0.332562	-0.335471	-0.338733	-0.339549	-0.343464	-0.34436	-0.348088	-0.355873	-0.387532	-0.453898	-0.564297	-0.702242	-0.845643	-0.960538	-1.01954	-0.99777	-0.898172	-0.707699	-0.438932	
-0.334494	-0.328653	-0.327685	-0.328973	-0.32586	-0.327578	-0.328774	-0.325832	-0.33038	-0.331111	-0.336672	-0.349305	-0.373559	-0.417858	-0.487216	-0.59159	-0.716667	-0.845643	-0.953488	-1.01225	-1.01162	-0.931077	-0.771499	-0.531093	-0.236872	
-0.370476	-0.351937	-0.341887	-0.334565	-0.333149	-0.331724	-0.332763	-0.339071	-0.347187	-0.361972	-0.383484	-0.423126	-0.471013	-0.546352	-0.638784	-0.753872	-0.862018	-0.960538	-1.01225	-1.01725	-0.9476	-0.802208	-0.592856	-0.319089	-0.00860156	
-0.473618	-0.440916	-0.417029	-0.401181	-0.395488	-0.393217	-0.397547	-0.411953	-0.428207	-0.45884	-0.501445	-0.555452	-0.628203	-0.713921	-0.8108	-0.901802	-0.978483	-1.01954	-1.01162	-0.9476	-0.810225	-0.623315	-0.371351	-0.0737761	0.241095	
-0.642966	-0.600545	-0.56659	-0.545422	-0.532836	-0.531134	-0.539529	-0.556006	-0.585223	-0.625019	-0.677237	-0.738271	-0.809988	-0.881024	-0.949551	-0.998281	-1.02129	-0.99777	-0.931077	-0.802208	-0.623315	-0.389917	-0.104882	0.190949	0.498327	
-0.827094	-0.785994	-0.755607	-0.733591	-0.720433	-0.719648	-0.72663	-0.745407	-0.773477	-0.810393	-0.853817	-0.901398	-0.947642	-0.989412	-1.01343	-1.01351	-0.976191	-0.898172	-0.771499	-0.592856	-0.371351	-0.104882	0.174968	0.462675	0.754018	
-0.963937	-0.937543	-0.916456	-0.900191	-0.891485	-0.889845	-0.896173	-0.910103	-0.929029	-0.953369	-0.977515	-0.999832	-1.01506	-1.01368	-0.987942	-0.932794	-0.839591	-0.707699	-0.531093	-0.319089	-0.0737761	0.190949	0.462675	0.739349	0.984074	
-1.01362	-1.01293	-1.0075	-1.00246	-0.999746	-0.998187	-1.00163	-1.00493	-1.01065	-1.01336	-1.01099	-0.999966	-0.972876	-0.923397	-0.850503	-0.746355	-0.609733	-0.438932	-0.236872	-0.00860156	0.241095	0.498327	0.754018	0.984074	1.16787	
