-0.170054	-0.302316	-0.374477	-0.371718	-0.303364	-0.195218	-0.0559956	0.100768	0.243796	0.35645	0.4332	0.480871	0.522815	0.570787	0.623595	0.676573	0.716517	0.735561	0.735827	0.716643	0.675237	0.604017	0.491377	0.341226	0.172794	
-0.181531	-0.280315	-0.325123	-0.29993	-0.214929	-0.0979531	0.0420203	0.191048	0.323354	0.424571	0.483509	0.505819	0.516693	0.527127	0.535546	0.539718	0.533149	0.513635	0.48558	0.456688	0.433172	0.401216	0.33627	0.237363	0.12162	
-0.168651	-0.22929	-0.240485	-0.191817	-0.0995577	0.0136693	0.142598	0.272617	0.385755	0.471184	0.511188	0.508081	0.486445	0.456795	0.419395	0.37658	0.329611	0.279899	0.229834	0.191721	0.17933	0.175971	0.151373	0.105195	0.0531993	
-0.124374	-0.142381	-0.125678	-0.0675349	0.0210955	0.122862	0.231442	0.334714	0.424852	0.491084	0.508219	0.476371	0.419779	0.350543	0.273276	0.195051	0.122329	0.0555023	-0.00921731	-0.0573702	-0.0676409	-0.0547177	-0.0473791	-0.0419435	-0.0247419	
-0.0527348	-0.0398392	-0.00523169	0.0579164	0.135791	0.217144	0.299747	0.372817	0.434262	0.473416	0.462234	0.400559	0.312001	0.211484	0.107916	0.010257	-0.0737443	-0.147586	-0.221534	-0.279	-0.291381	-0.268343	-0.233498	-0.179824	-0.0977147	
0.0223534	0.0629036	0.113526	0.171997	0.23135	0.29041	0.342164	0.37622	0.400817	0.407404	0.367562	0.281977	0.172279	0.0544015	-0.0609881	-0.165601	-0.252056	-0.326958	-0.403955	-0.464133	-0.474467	-0.439869	-0.378602	-0.283672	-0.151367	
0.093432	0.156183	0.213586	0.264465	0.304074	0.33194	0.342018	0.332585	0.318961	0.293283	0.231692	0.13508	0.0180556	-0.105213	-0.223073	-0.327821	-0.411813	-0.48197	-0.551631	-0.601477	-0.599878	-0.549156	-0.463142	-0.338329	-0.177558	
0.146493	0.225743	0.289521	0.326308	0.33419	0.324351	0.293151	0.242856	0.194561	0.144285	0.0731335	-0.0223987	-0.137374	-0.25915	-0.374297	-0.474242	-0.549914	-0.606346	-0.654673	-0.679339	-0.656721	-0.588137	-0.482847	-0.342706	-0.176509	
0.171633	0.261942	0.320461	0.334802	0.313709	0.27014	0.200437	0.117641	0.0459986	-0.0194175	-0.0923931	-0.1804	-0.287921	-0.4034	-0.51036	-0.597891	-0.656061	-0.687969	-0.70239	-0.69187	-0.645508	-0.563221	-0.448169	-0.307632	-0.155011	
0.148886	0.24134	0.294794	0.29439	0.249165	0.175993	0.0798503	-0.0212566	-0.109174	-0.186213	-0.256855	-0.33352	-0.429009	-0.531216	-0.620526	-0.684864	-0.71593	-0.715679	-0.69064	-0.644017	-0.578928	-0.491948	-0.378383	-0.249819	-0.122676	
0.0686382	0.1678	0.221184	0.210713	0.151979	0.0633214	-0.0485805	-0.162706	-0.263563	-0.348192	-0.413545	-0.475517	-0.550998	-0.62845	-0.688626	-0.720554	-0.719546	-0.686746	-0.62617	-0.551484	-0.477727	-0.396261	-0.294164	-0.185645	-0.0884316	
-0.0603015	0.0480104	0.108288	0.10287	0.043241	-0.0566299	-0.179622	-0.299893	-0.408824	-0.497302	-0.552822	-0.592604	-0.636985	-0.678544	-0.701671	-0.698139	-0.667623	-0.609818	-0.525453	-0.436018	-0.364189	-0.295939	-0.211994	-0.127145	-0.0584826	
-0.228492	-0.100944	-0.0233543	-0.0177916	-0.0754134	-0.179397	-0.303641	-0.42472	-0.536525	-0.619212	-0.65591	-0.66639	-0.672045	-0.671753	-0.656938	-0.623071	-0.572573	-0.502192	-0.409195	-0.318931	-0.256509	-0.204678	-0.141768	-0.0807607	-0.0358553	
-0.416756	-0.268569	-0.173923	-0.150727	-0.195937	-0.294962	-0.413124	-0.52624	-0.627604	-0.692581	-0.705676	-0.684904	-0.650212	-0.610125	-0.564818	-0.511991	-0.453809	-0.383566	-0.296159	-0.21613	-0.165948	-0.129324	-0.0871993	-0.0480976	-0.0209785	
-0.62705	-0.457415	-0.336188	-0.286025	-0.312258	-0.394283	-0.49065	-0.583145	-0.663814	-0.704756	-0.694114	-0.646102	-0.578425	-0.508905	-0.445217	-0.386018	-0.330954	-0.270548	-0.199162	-0.135965	-0.0968204	-0.0713726	-0.0477397	-0.0275533	-0.0126344	
-0.855825	-0.655161	-0.502529	-0.41867	-0.409643	-0.455187	-0.518889	-0.585087	-0.63783	-0.652622	-0.625444	-0.562272	-0.475288	-0.389671	-0.319707	-0.264374	-0.219146	-0.173645	-0.123845	-0.0797661	-0.0483636	-0.0293191	-0.0207292	-0.015937	-0.0088339	
-1.0887	-0.854725	-0.661254	-0.527804	-0.470362	-0.470374	-0.495213	-0.529546	-0.553127	-0.549915	-0.518806	-0.453506	-0.361669	-0.273297	-0.206534	-0.160377	-0.126695	-0.0970349	-0.0699956	-0.0440095	-0.0170722	-0.000681079	-0.00304585	-0.00969409	-0.00744455	
-1.31333	-1.03642	-0.79154	-0.606831	-0.495818	-0.440706	-0.424316	-0.430882	-0.432837	-0.421539	-0.395845	-0.339635	-0.256766	-0.176015	-0.116755	-0.0798685	-0.0560428	-0.0405707	-0.0338249	-0.0227249	0.00136461	0.0168043	0.00797729	-0.00568112	-0.00658113	
-1.50609	-1.18291	-0.89311	-0.658185	-0.488401	-0.382358	-0.334202	-0.317162	-0.302596	-0.291635	-0.278245	-0.238739	-0.1736	-0.105683	-0.0541913	-0.0236192	-0.00628889	-0.00175864	-0.0100875	-0.00968797	0.0108179	0.0248936	0.0142774	-0.00162286	-0.00485879	
-1.64653	-1.29068	-0.965476	-0.688384	-0.473795	-0.328997	-0.250999	-0.21156	-0.189282	-0.185002	-0.18329	-0.161198	-0.11745	-0.0643388	-0.0186525	0.0102679	0.0249546	0.0225303	0.00601282	-2.58146e-05	0.0142864	0.0251776	0.0171388	0.00361907	-0.00156736	
-1.72798	-1.35908	-1.01818	-0.720071	-0.474339	-0.29829	-0.196401	-0.141475	-0.116172	-0.11535	-0.119448	-0.112913	-0.090353	-0.0507028	-0.00746663	0.0242731	0.0395409	0.0347576	0.017717	0.008952	0.013906	0.0195462	0.0173944	0.00995187	0.00322321	
-1.75081	-1.39141	-1.05784	-0.755269	-0.497024	-0.308633	-0.189414	-0.118861	-0.0898919	-0.0884164	-0.0931667	-0.0975957	-0.0911734	-0.061424	-0.0181572	0.0191072	0.0379327	0.0364562	0.0260955	0.0173204	0.0110844	0.0104598	0.0156116	0.0161501	0.00865189	
-1.70897	-1.38275	-1.07664	-0.793692	-0.548709	-0.357728	-0.221731	-0.14161	-0.111833	-0.104724	-0.105065	-0.114784	-0.117592	-0.094204	-0.0501633	-0.00627281	0.0196015	0.0278081	0.0294715	0.022681	0.00666944	0.000713272	0.0121182	0.020194	0.0132224	
-1.60944	-1.33515	-1.07255	-0.826124	-0.604791	-0.419942	-0.282314	-0.202513	-0.168833	-0.153358	-0.150738	-0.161956	-0.167199	-0.147639	-0.103806	-0.053642	-0.0169172	0.00698637	0.0235346	0.0209569	0.000790298	-0.00747211	0.00689003	0.0198655	0.015152	
-1.47314	-1.24979	-1.03131	-0.826961	-0.641916	-0.479294	-0.35061	-0.273079	-0.237221	-0.220899	-0.220525	-0.231002	-0.235341	-0.219601	-0.178813	-0.124354	-0.0735937	-0.0297642	0.00221115	0.00731901	-0.00773313	-0.0137	-0.000615385	0.0134402	0.0128462	
-1.3072	-1.12562	-0.952437	-0.796158	-0.649181	-0.508072	-0.394407	-0.328035	-0.296497	-0.286428	-0.294823	-0.308173	-0.313785	-0.304808	-0.272218	-0.217213	-0.15153	-0.0873337	-0.0410077	-0.0228926	-0.0220189	-0.0204897	-0.0116754	0.000206003	0.00539453	
-1.12536	-0.987547	-0.85837	-0.734534	-0.609373	-0.4927	-0.404842	-0.349178	-0.321005	-0.32599	-0.352307	-0.374436	-0.387963	-0.393251	-0.375915	-0.325622	-0.249413	-0.170136	-0.110895	-0.073186	-0.0474467	-0.0336758	-0.0284654	-0.0194274	-0.00709169	
-0.952032	-0.858216	-0.754063	-0.642513	-0.538001	-0.449232	-0.375935	-0.320042	-0.300632	-0.326776	-0.369985	-0.406541	-0.440864	-0.469917	-0.473737	-0.436487	-0.362374	-0.278657	-0.207561	-0.145299	-0.0911932	-0.0614179	-0.0539641	-0.0443908	-0.0235011	
-0.795695	-0.73431	-0.642436	-0.546335	-0.461402	-0.382411	-0.308489	-0.254485	-0.244808	-0.278704	-0.330974	-0.391113	-0.4567	-0.513364	-0.543745	-0.532929	-0.479623	-0.404778	-0.324589	-0.238874	-0.160028	-0.111531	-0.091538	-0.0738589	-0.0421412	
-0.648726	-0.609137	-0.537897	-0.461369	-0.381469	-0.301293	-0.228262	-0.175285	-0.160783	-0.185502	-0.242357	-0.32668	-0.42033	-0.503811	-0.567202	-0.596388	-0.581974	-0.530251	-0.44929	-0.350066	-0.256277	-0.187944	-0.14406	-0.107965	-0.0613873	
-0.507665	-0.492485	-0.449129	-0.382369	-0.301281	-0.222563	-0.149462	-0.0924178	-0.064568	-0.070933	-0.12313	-0.21824	-0.328396	-0.435351	-0.533321	-0.608884	-0.645409	-0.630298	-0.563731	-0.469079	-0.373826	-0.287478	-0.212131	-0.147571	-0.0803288	
-0.394065	-0.40466	-0.375847	-0.308451	-0.228247	-0.149457	-0.076288	-0.0169459	0.0290014	0.0462066	0.00666333	-0.0827087	-0.193958	-0.315421	-0.44179	-0.560573	-0.649323	-0.679667	-0.64701	-0.579063	-0.496221	-0.397837	-0.291553	-0.192826	-0.0990221	
-0.32776	-0.349034	-0.319972	-0.254453	-0.175272	-0.0924131	-0.0169447	0.0534574	0.11932	0.150423	0.127225	0.0622899	-0.0353283	-0.161916	-0.305843	-0.45416	-0.583173	-0.660875	-0.680265	-0.657608	-0.597988	-0.498092	-0.371303	-0.240862	-0.117827	
-0.296285	-0.320895	-0.300579	-0.244784	-0.160773	-0.0645642	0.0290027	0.119321	0.192058	0.230189	0.237352	0.207821	0.126302	0.00235268	-0.143907	-0.301345	-0.451686	-0.572137	-0.651342	-0.680678	-0.650342	-0.562821	-0.433571	-0.283643	-0.135808	
-0.286269	-0.32591	-0.326738	-0.278687	-0.185495	-0.0709301	0.0462076	0.150423	0.230189	0.294407	0.34083	0.33816	0.27338	0.165447	0.0312041	-0.11918	-0.274599	-0.426652	-0.556041	-0.629419	-0.6304	-0.568863	-0.456862	-0.307811	-0.149098	
-0.294707	-0.35225	-0.369958	-0.330962	-0.242352	-0.123128	0.00666405	0.127225	0.237352	0.34083	0.415209	0.436025	0.403728	0.325577	0.210748	0.075454	-0.0756253	-0.24262	-0.39732	-0.497432	-0.528999	-0.501986	-0.422479	-0.298005	-0.150511	
-0.308091	-0.374397	-0.406523	-0.391105	-0.326676	-0.218238	-0.0827083	0.0622901	0.207821	0.33816	0.436025	0.497059	0.513427	0.473695	0.387405	0.272075	0.129584	-0.0325393	-0.183276	-0.293005	-0.35219	-0.36109	-0.322456	-0.24298	-0.131337	
-0.313729	-0.387936	-0.440852	-0.456695	-0.420328	-0.328395	-0.193957	-0.0353282	0.126302	0.27338	0.403728	0.513427	0.581708	0.593502	0.55158	0.461993	0.336803	0.20112	0.0749528	-0.0344026	-0.116093	-0.158258	-0.164262	-0.141416	-0.0854168	
-0.30477	-0.393234	-0.46991	-0.513361	-0.503809	-0.43535	-0.315421	-0.161916	0.0023527	0.165447	0.325577	0.473695	0.593502	0.668533	0.682025	0.632876	0.548829	0.458237	0.362542	0.258078	0.160413	0.0857181	0.0320887	-0.00371112	-0.0139281	
-0.272193	-0.375904	-0.473733	-0.543743	-0.567202	-0.533321	-0.44179	-0.305843	-0.143907	0.0312041	0.210748	0.387405	0.55158	0.682025	0.755994	0.775521	0.762164	0.725514	0.659853	0.566594	0.458646	0.348246	0.243932	0.151973	0.072586	
-0.217197	-0.325615	-0.436484	-0.532928	-0.596387	-0.608884	-0.560573	-0.45416	-0.301345	-0.11918	0.075454	0.272075	0.461993	0.632876	0.775521	0.885547	0.954549	0.973588	0.944043	0.87136	0.756966	0.610503	0.45559	0.307344	0.158283	
-0.15152	-0.249409	-0.362373	-0.479622	-0.581974	-0.645409	-0.649323	-0.583173	-0.451686	-0.274599	-0.0756253	0.129584	0.336803	0.548829	0.762164	0.954549	1.09605	1.17345	1.18973	1.14326	1.02856	0.857594	0.658743	0.45042	0.231297	
-0.0873278	-0.170134	-0.278656	-0.404777	-0.530251	-0.630298	-0.679667	-0.660875	-0.572137	-0.426652	-0.24262	-0.0325393	0.20112	0.458237	0.725514	0.973588	1.17345	1.30861	1.3696	1.34882	1.24622	1.07234	0.843083	0.576384	0.290872	
-0.0410042	-0.110893	-0.20756	-0.324589	-0.44929	-0.563731	-0.64701	-0.680265	-0.651342	-0.556041	-0.39732	-0.183276	0.0749528	0.362542	0.659853	0.944043	1.18973	1.3696	1.46327	1.46747	1.38925	1.22998	0.988706	0.681819	0.34352	
-0.0228907	-0.0731852	-0.145299	-0.238874	-0.350066	-0.469079	-0.579063	-0.657608	-0.680678	-0.629419	-0.497432	-0.293005	-0.0344026	0.258078	0.566594	0.87136	1.14326	1.34882	1.46747	1.49829	1.44549	1.30464	1.07091	0.756131	0.389171	
-0.0220179	-0.0474462	-0.0911931	-0.160028	-0.256277	-0.373826	-0.496221	-0.597988	-0.650342	-0.6304	-0.528999	-0.35219	-0.116093	0.160413	0.458646	0.756966	1.02856	1.24622	1.38925	1.44549	1.41011	1.28445	1.07267	0.778673	0.412028	
-0.0204891	-0.0336755	-0.0614178	-0.111531	-0.187944	-0.287478	-0.397837	-0.498092	-0.562821	-0.568863	-0.501986	-0.36109	-0.158258	0.0857181	0.348246	0.610503	0.857594	1.07234	1.22998	1.30464	1.28445	1.17624	0.990746	0.728536	0.390143	
-0.0116751	-0.0284653	-0.053964	-0.091538	-0.14406	-0.212131	-0.291553	-0.371303	-0.433571	-0.456862	-0.422479	-0.322456	-0.164262	0.0320887	0.243932	0.45559	0.658743	0.843083	0.988706	1.07091	1.07267	0.990746	0.830881	0.60185	0.317105	
0.00020615	-0.0194273	-0.0443907	-0.0738589	-0.107965	-0.147571	-0.192826	-0.240862	-0.283643	-0.307811	-0.298005	-0.24298	-0.141416	-0.00371112	0.151973	0.307344	0.45042	0.576384	0.681819	0.756131	0.778673	0.728536	0.60185	0.419111	0.21166	
0.00539459	-0.00709167	-0.0235011	-0.0421412	-0.0613873	-0.0803288	-0.0990221	-0.117827	-0.135808	-0.149098	-0.150511	-0.131337	-0.0854168	-0.0139281	0.072586	0.158283	0.231297	0.290872	0.34352	0.389171	0.412028	0.390143	0.317105	0.21166	0.101809	
