-0.000643156	0	0	0	0	0	0	0	0	0	0	0	0	0	0	0	0	0	0	0	0	0	0	0	0	
-0.0856608	-0.116521	-0.140316	-0.156811	-0.165853	-0.16736	-0.161321	-0.147789	-0.126889	-0.098817	-0.0638556	-0.0223652	0.0252068	0.0783238	0.136357	0.198476	0.263471	0.329446	0.393183	0.449515	0.491323	0.510586	0.500606	0.458895	0.389533	
-0.170849	-0.233864	-0.282272	-0.315708	-0.33398	-0.337004	-0.324778	-0.297353	-0.254884	-0.197651	-0.126169	-0.0412762	0.0557526	0.163049	0.278072	0.397528	0.517215	0.632165	0.736711	0.824183	0.886703	0.915613	0.902932	0.843943	0.740419	
-0.255288	-0.34301	-0.410238	-0.456582	-0.481864	-0.486039	-0.46911	-0.431106	-0.372155	-0.292553	-0.192922	-0.0744324	0.0610063	0.210476	0.369709	0.533155	0.693787	0.843231	0.972969	1.07548	1.1448	1.17648	1.16721	1.1144	1.0167	
-0.34172	-0.438788	-0.513235	-0.564582	-0.592615	-0.597293	-0.578561	-0.536506	-0.47121	-0.383088	-0.272802	-0.141642	0.00830082	0.174084	0.351428	0.534636	0.717057	0.890258	1.04434	1.1697	1.25867	1.30673	1.31279	1.27828	1.20499	
-0.45684	-0.54983	-0.621034	-0.670045	-0.696837	-0.70138	-0.683601	-0.643583	-0.581253	-0.496882	-0.390993	-0.264524	-0.11925	0.0422247	0.216754	0.399422	0.584902	0.767848	0.941126	1.09598	1.22301	1.31346	1.36096	1.36294	1.32181	
-0.622947	-0.701539	-0.760816	-0.801228	-0.823247	-0.826933	-0.812515	-0.779595	-0.72808	-0.657228	-0.566964	-0.457089	-0.32781	-0.180714	-0.0174481	0.159264	0.34389	0.531591	0.717635	0.895971	1.05936	1.19909	1.30536	1.36822	1.37977	
-0.801656	-0.857776	-0.898689	-0.926125	-0.940775	-0.943076	-0.933566	-0.911243	-0.876061	-0.826269	-0.760611	-0.677699	-0.575809	-0.453676	-0.312131	-0.149977	0.0304583	0.22366	0.424161	0.625214	0.819261	0.998622	1.155	1.27993	1.36167	
-0.936761	-0.967606	-0.988827	-1.00225	-1.00889	-1.01001	-1.00527	-0.994743	-0.976638	-0.950226	-0.912295	-0.860442	-0.792357	-0.703519	-0.592919	-0.459641	-0.300327	-0.116744	0.0872631	0.305632	0.5289	0.746212	0.946138	1.11837	1.25838	
-0.997517	-1.0027	-1.00441	-1.00369	-1.00281	-1.00297	-1.00282	-1.00419	-1.00305	-0.999773	-0.990538	-0.97167	-0.939254	-0.889427	-0.814648	-0.715132	-0.58743	-0.429699	-0.243002	-0.0299755	0.203781	0.447632	0.689625	0.911613	1.09774	
-0.95732	-0.939237	-0.922622	-0.910064	-0.903132	-0.901855	-0.906945	-0.917136	-0.932645	-0.94975	-0.967709	-0.982912	-0.988537	-0.98231	-0.955011	-0.89963	-0.812437	-0.689483	-0.530254	-0.337143	-0.113542	0.133184	0.392238	0.655884	0.897046	
-0.828631	-0.794341	-0.766307	-0.747542	-0.736704	-0.734511	-0.742903	-0.757374	-0.783285	-0.814525	-0.851985	-0.892353	-0.932779	-0.964625	-0.985096	-0.982555	-0.950401	-0.878992	-0.76472	-0.604192	-0.403166	-0.16379	0.0966347	0.368632	0.649808	
-0.654325	-0.614113	-0.584522	-0.563766	-0.552659	-0.550957	-0.557773	-0.574907	-0.600249	-0.637353	-0.684266	-0.737708	-0.800482	-0.863807	-0.923028	-0.966082	-0.987347	-0.972588	-0.916666	-0.809333	-0.650152	-0.441913	-0.183952	0.090917	0.378719	
-0.480718	-0.44822	-0.424217	-0.407476	-0.401182	-0.398988	-0.403694	-0.41769	-0.435947	-0.466213	-0.506663	-0.561099	-0.625084	-0.703205	-0.789256	-0.873503	-0.942149	-0.984859	-0.983639	-0.937587	-0.827557	-0.668277	-0.448673	-0.1751	0.114855	
-0.36552	-0.344926	-0.332785	-0.326433	-0.323126	-0.32201	-0.32516	-0.329693	-0.340713	-0.355936	-0.378453	-0.416622	-0.466153	-0.534822	-0.617899	-0.721431	-0.822411	-0.917791	-0.975798	-0.991864	-0.947125	-0.829966	-0.660676	-0.42196	-0.137054	
-0.319372	-0.311965	-0.31092	-0.311477	-0.307392	-0.310368	-0.309632	-0.309098	-0.313211	-0.315569	-0.323963	-0.336687	-0.362567	-0.40511	-0.469952	-0.560466	-0.672635	-0.78982	-0.899772	-0.967487	-0.993701	-0.942912	-0.819279	-0.626013	-0.36623	
-0.31866	-0.32147	-0.317839	-0.31755	-0.316474	-0.31664	-0.317407	-0.318157	-0.319223	-0.320192	-0.321996	-0.322108	-0.329845	-0.33774	-0.369448	-0.424945	-0.523335	-0.643848	-0.780132	-0.89632	-0.971548	-0.987582	-0.926566	-0.786392	-0.562846	
-0.320011	-0.313324	-0.307474	-0.302316	-0.301615	-0.299361	-0.301188	-0.306431	-0.309262	-0.318234	-0.323363	-0.327866	-0.333135	-0.336309	-0.33754	-0.354227	-0.406109	-0.504821	-0.638246	-0.783604	-0.908889	-0.981741	-0.977679	-0.896637	-0.722944	
-0.288894	-0.277778	-0.269935	-0.263779	-0.260926	-0.260412	-0.262327	-0.267169	-0.273384	-0.284618	-0.297777	-0.311573	-0.32557	-0.339208	-0.342333	-0.337792	-0.350426	-0.404953	-0.513565	-0.658474	-0.806488	-0.931565	-0.987165	-0.961381	-0.841851	
-0.252956	-0.243847	-0.241083	-0.236326	-0.237305	-0.236048	-0.236398	-0.241305	-0.24195	-0.24853	-0.260211	-0.271393	-0.289233	-0.319133	-0.344097	-0.347844	-0.33665	-0.351359	-0.415427	-0.543396	-0.699997	-0.852003	-0.956492	-0.986439	-0.922645	
-0.242384	-0.23814	-0.242354	-0.236874	-0.237022	-0.23954	-0.234563	-0.239553	-0.24056	-0.239217	-0.24525	-0.253967	-0.252419	-0.270571	-0.309506	-0.344255	-0.345646	-0.337833	-0.362105	-0.449376	-0.591679	-0.760958	-0.90273	-0.979068	-0.968367	
-0.242213	-0.243813	-0.237535	-0.234279	-0.233626	-0.23445	-0.234448	-0.235897	-0.242199	-0.242839	-0.243528	-0.2571	-0.255729	-0.249579	-0.269094	-0.314714	-0.339885	-0.338492	-0.335213	-0.389562	-0.505689	-0.668564	-0.833456	-0.94845	-0.986343	
-0.230798	-0.23004	-0.213948	-0.218115	-0.214205	-0.211175	-0.218585	-0.212836	-0.224414	-0.232845	-0.228031	-0.250929	-0.263356	-0.257297	-0.247126	-0.283155	-0.321711	-0.338317	-0.329365	-0.350126	-0.436531	-0.585986	-0.763374	-0.904612	-0.982215	
-0.217589	-0.21546	-0.199964	-0.213329	-0.206602	-0.200299	-0.215661	-0.20169	-0.208608	-0.218497	-0.215292	-0.215892	-0.24681	-0.264079	-0.253783	-0.265106	-0.301299	-0.328777	-0.326305	-0.330277	-0.392389	-0.516073	-0.69318	-0.855497	-0.963594	
-0.222984	-0.208948	-0.21122	-0.212165	-0.207486	-0.207922	-0.210215	-0.211909	-0.21033	-0.214742	-0.225917	-0.212416	-0.225	-0.243241	-0.248366	-0.25381	-0.288447	-0.318951	-0.327884	-0.319096	-0.359164	-0.463717	-0.632316	-0.806988	-0.937814	
-0.216232	-0.202401	-0.208988	-0.201089	-0.198831	-0.203262	-0.197379	-0.207431	-0.2053	-0.207818	-0.22432	-0.217042	-0.226046	-0.237412	-0.244353	-0.244247	-0.274486	-0.309317	-0.323077	-0.314695	-0.340309	-0.425564	-0.580971	-0.760353	-0.910129	
-0.202401	-0.194672	-0.196915	-0.192199	-0.191429	-0.194225	-0.190032	-0.195318	-0.195495	-0.198171	-0.207342	-0.21119	-0.223872	-0.239524	-0.24191	-0.237411	-0.262686	-0.300193	-0.32301	-0.312704	-0.325866	-0.396431	-0.543334	-0.723374	-0.882107	
-0.208988	-0.196915	-0.204613	-0.198123	-0.197235	-0.200136	-0.195671	-0.204588	-0.199842	-0.200975	-0.215479	-0.20172	-0.207181	-0.227325	-0.245087	-0.237546	-0.257394	-0.292171	-0.319447	-0.311502	-0.318579	-0.378159	-0.513319	-0.693474	-0.860384	
-0.201089	-0.192199	-0.198123	-0.189668	-0.188048	-0.194795	-0.184821	-0.195464	-0.195708	-0.194649	-0.209646	-0.211755	-0.216165	-0.226235	-0.239075	-0.23294	-0.25069	-0.286722	-0.315884	-0.313078	-0.315429	-0.364996	-0.49392	-0.673384	-0.844177	
-0.198831	-0.191429	-0.197235	-0.188048	-0.189163	-0.193394	-0.185615	-0.196446	-0.192997	-0.194211	-0.205965	-0.20694	-0.209907	-0.225635	-0.238835	-0.23467	-0.249549	-0.28498	-0.316196	-0.310295	-0.311838	-0.360431	-0.484464	-0.661429	-0.834502	
-0.203262	-0.194225	-0.200136	-0.194795	-0.193394	-0.196655	-0.191721	-0.198718	-0.197227	-0.196927	-0.20937	-0.200977	-0.20573	-0.223579	-0.242169	-0.233493	-0.249092	-0.282169	-0.315029	-0.312047	-0.312211	-0.358788	-0.481657	-0.66012	-0.834103	
-0.197379	-0.190032	-0.195671	-0.184821	-0.185615	-0.191721	-0.181772	-0.192954	-0.192953	-0.192239	-0.206114	-0.213951	-0.217419	-0.227114	-0.237377	-0.232866	-0.249786	-0.286048	-0.315515	-0.312792	-0.314101	-0.362063	-0.489291	-0.667314	-0.839238	
-0.207431	-0.195318	-0.204588	-0.195464	-0.196446	-0.198718	-0.192954	-0.203412	-0.198372	-0.199944	-0.213957	-0.20378	-0.206783	-0.225655	-0.242384	-0.236478	-0.256004	-0.289208	-0.319723	-0.310644	-0.314942	-0.373429	-0.504486	-0.683913	-0.854082	
-0.2053	-0.195495	-0.199842	-0.195708	-0.192997	-0.197227	-0.192953	-0.198372	-0.197696	-0.199721	-0.210818	-0.207013	-0.217722	-0.235208	-0.244245	-0.237488	-0.258899	-0.295742	-0.32016	-0.31324	-0.324599	-0.387615	-0.529078	-0.710725	-0.873337	
-0.207818	-0.198171	-0.200975	-0.194649	-0.194211	-0.196927	-0.192239	-0.199944	-0.199721	-0.201652	-0.21367	-0.215765	-0.227214	-0.239585	-0.242125	-0.24072	-0.269139	-0.306698	-0.32403	-0.313403	-0.333024	-0.412076	-0.564689	-0.745103	-0.898969	
-0.22432	-0.207342	-0.215479	-0.209646	-0.205965	-0.20937	-0.206114	-0.213957	-0.210818	-0.21367	-0.231662	-0.21546	-0.222676	-0.236608	-0.247138	-0.248896	-0.283611	-0.314798	-0.325885	-0.318163	-0.349033	-0.446348	-0.611521	-0.788111	-0.926576	
-0.217042	-0.21119	-0.20172	-0.211755	-0.20694	-0.200977	-0.213951	-0.20378	-0.207013	-0.215765	-0.21546	-0.209955	-0.237082	-0.259039	-0.253306	-0.26112	-0.295897	-0.32476	-0.326395	-0.322653	-0.37849	-0.494982	-0.667703	-0.835307	-0.953235	
-0.226046	-0.223872	-0.207181	-0.216165	-0.209907	-0.20573	-0.217419	-0.206783	-0.217722	-0.227214	-0.222676	-0.237082	-0.25927	-0.261403	-0.24845	-0.272919	-0.312533	-0.334802	-0.328084	-0.342791	-0.416655	-0.55511	-0.734633	-0.884501	-0.975897	
-0.237412	-0.239524	-0.227325	-0.226235	-0.225635	-0.223579	-0.227114	-0.225655	-0.235208	-0.239585	-0.236608	-0.259039	-0.261403	-0.25107	-0.256077	-0.301882	-0.334004	-0.339989	-0.331088	-0.370098	-0.475928	-0.634413	-0.804571	-0.931864	-0.987906	
-0.244353	-0.24191	-0.245087	-0.239075	-0.238835	-0.242169	-0.237377	-0.242384	-0.244245	-0.242125	-0.247138	-0.253306	-0.24845	-0.256077	-0.293153	-0.334179	-0.345838	-0.337542	-0.348666	-0.423464	-0.553644	-0.722193	-0.876703	-0.96956	-0.978612	
-0.244247	-0.237411	-0.237546	-0.23294	-0.23467	-0.233493	-0.232866	-0.236478	-0.237488	-0.24072	-0.248896	-0.26112	-0.272919	-0.301882	-0.334179	-0.350237	-0.340012	-0.342156	-0.388602	-0.500359	-0.655879	-0.817474	-0.937111	-0.986676	-0.945263	
-0.274486	-0.262686	-0.257394	-0.25069	-0.249549	-0.249092	-0.249786	-0.256004	-0.258899	-0.269139	-0.283611	-0.295897	-0.312533	-0.334004	-0.345838	-0.340012	-0.339691	-0.377831	-0.46955	-0.612374	-0.764175	-0.901164	-0.979528	-0.976367	-0.878542	
-0.309317	-0.300193	-0.292171	-0.286722	-0.28498	-0.282169	-0.286048	-0.289208	-0.295742	-0.306698	-0.314798	-0.32476	-0.334802	-0.339989	-0.337542	-0.342156	-0.377831	-0.459364	-0.585688	-0.732588	-0.870657	-0.967797	-0.986431	-0.926874	-0.775593	
-0.323077	-0.32301	-0.319447	-0.315884	-0.316196	-0.315029	-0.315515	-0.319723	-0.32016	-0.32403	-0.325885	-0.326395	-0.328084	-0.331088	-0.348666	-0.388602	-0.46955	-0.585688	-0.723552	-0.85622	-0.952279	-0.989627	-0.952619	-0.837028	-0.631933	
-0.314695	-0.312704	-0.311502	-0.313078	-0.310295	-0.312047	-0.312792	-0.310644	-0.31324	-0.313403	-0.318163	-0.322653	-0.342791	-0.370098	-0.423464	-0.500359	-0.612374	-0.732588	-0.85622	-0.944061	-0.990031	-0.969121	-0.869664	-0.695175	-0.448903	
-0.340309	-0.325866	-0.318579	-0.315429	-0.311838	-0.312211	-0.314101	-0.314942	-0.324599	-0.333024	-0.349033	-0.37849	-0.416655	-0.475928	-0.553644	-0.655879	-0.764175	-0.870657	-0.952279	-0.990031	-0.976025	-0.882196	-0.728993	-0.509101	-0.232977	
-0.425564	-0.396431	-0.378159	-0.364996	-0.360431	-0.358788	-0.362063	-0.373429	-0.387615	-0.412076	-0.446348	-0.494982	-0.55511	-0.634413	-0.722193	-0.817474	-0.901164	-0.967797	-0.989627	-0.969121	-0.882196	-0.738822	-0.541276	-0.278316	0.0124705	
-0.580971	-0.543334	-0.513319	-0.49392	-0.484464	-0.481657	-0.489291	-0.504486	-0.529078	-0.564689	-0.611521	-0.667703	-0.734633	-0.804571	-0.876703	-0.937111	-0.979528	-0.986431	-0.952619	-0.869664	-0.728993	-0.541276	-0.293747	-0.0160166	0.271643	
-0.760353	-0.723374	-0.693474	-0.673384	-0.661429	-0.66012	-0.667314	-0.683913	-0.710725	-0.745103	-0.788111	-0.835307	-0.884501	-0.931864	-0.96956	-0.986676	-0.976367	-0.926874	-0.837028	-0.695175	-0.509101	-0.278316	-0.0160166	0.255084	0.541418	
-0.910129	-0.882107	-0.860384	-0.844177	-0.834502	-0.834103	-0.839238	-0.854082	-0.873337	-0.898969	-0.926576	-0.953235	-0.975897	-0.987906	-0.978612	-0.945263	-0.878542	-0.775593	-0.631933	-0.448903	-0.232977	0.0124705	0.271643	0.541418	0.803817	
