-0.126994	0.101348	0.290344	0.41099	0.474577	0.497594	0.49628	0.49235	0.488812	0.487606	0.491992	0.479689	0.425669	0.330384	0.21519	0.103295	0.0011925	-0.0859854	-0.144711	-0.182519	-0.214964	-0.224393	-0.190354	-0.129632	-0.0650799	
-0.0517871	0.198427	0.39703	0.519903	0.576638	0.580714	0.555676	0.525406	0.489666	0.453428	0.423641	0.380414	0.300551	0.183925	0.0524684	-0.0708952	-0.18218	-0.275546	-0.337052	-0.377274	-0.410504	-0.411986	-0.354576	-0.252063	-0.130205	
0.0267917	0.285727	0.489286	0.611099	0.655509	0.637149	0.585738	0.523422	0.449129	0.374059	0.309645	0.240331	0.145768	0.0229536	-0.109952	-0.233678	-0.346365	-0.439702	-0.498386	-0.533801	-0.558041	-0.544072	-0.46418	-0.330731	-0.170802	
0.0934095	0.358298	0.558857	0.672921	0.702556	0.658574	0.574684	0.474922	0.361661	0.252053	0.160553	0.0760277	-0.0203684	-0.137325	-0.262968	-0.381807	-0.490786	-0.576703	-0.623184	-0.642026	-0.644344	-0.607149	-0.508092	-0.358367	-0.183467	
0.14228	0.400743	0.593046	0.697575	0.705716	0.630424	0.514044	0.380553	0.235971	0.102775	-0.00441676	-0.0942196	-0.184642	-0.28976	-0.403652	-0.513102	-0.610701	-0.678239	-0.701103	-0.692451	-0.663789	-0.601048	-0.490641	-0.340952	-0.172428	
0.155977	0.40467	0.58253	0.667437	0.65182	0.552515	0.411932	0.253516	0.0902823	-0.0541093	-0.169115	-0.259976	-0.341484	-0.430943	-0.52751	-0.619481	-0.694376	-0.73185	-0.723004	-0.68259	-0.622247	-0.538815	-0.428058	-0.293067	-0.146355	
0.126047	0.353429	0.50977	0.580322	0.550898	0.43738	0.283685	0.113232	-0.0573203	-0.206427	-0.326236	-0.416074	-0.48566	-0.553375	-0.623393	-0.686851	-0.728098	-0.72871	-0.688006	-0.620521	-0.53602	-0.441712	-0.341527	-0.231436	-0.114525	
0.0347271	0.242795	0.388068	0.450857	0.415296	0.30222	0.148533	-0.0264896	-0.199185	-0.348871	-0.469842	-0.554483	-0.605986	-0.642872	-0.676103	-0.702139	-0.704699	-0.670299	-0.606161	-0.523147	-0.426657	-0.332333	-0.250482	-0.169805	-0.0840681	
-0.104619	0.0919452	0.229407	0.292087	0.26501	0.163136	0.0134064	-0.161091	-0.329034	-0.473687	-0.589338	-0.660486	-0.685432	-0.683928	-0.674948	-0.661545	-0.628835	-0.569456	-0.495556	-0.410756	-0.314681	-0.229002	-0.168582	-0.116573	-0.0589071	
-0.278029	-0.088147	0.0521367	0.123425	0.108508	0.021788	-0.116482	-0.28127	-0.43671	-0.567985	-0.667427	-0.715716	-0.709431	-0.669028	-0.62059	-0.573645	-0.516088	-0.446068	-0.376271	-0.301134	-0.215057	-0.143094	-0.102788	-0.0749152	-0.0400536	
-0.469048	-0.27702	-0.132691	-0.0544018	-0.0505187	-0.11182	-0.230014	-0.374869	-0.506133	-0.612959	-0.68729	-0.709051	-0.674344	-0.603042	-0.525709	-0.456602	-0.387428	-0.320466	-0.264702	-0.205931	-0.13561	-0.079139	-0.0546205	-0.0443311	-0.0265983	
-0.665889	-0.473565	-0.323316	-0.229412	-0.197433	-0.226476	-0.312813	-0.422081	-0.51901	-0.596545	-0.643438	-0.64185	-0.589158	-0.501972	-0.410457	-0.331527	-0.262471	-0.208144	-0.170626	-0.13	-0.0779019	-0.036567	-0.0222608	-0.0225114	-0.0167908	
-0.86697	-0.665673	-0.501865	-0.386881	-0.318753	-0.303453	-0.344114	-0.409131	-0.470154	-0.519205	-0.542641	-0.528135	-0.472924	-0.386631	-0.294867	-0.21615	-0.155136	-0.117545	-0.0971593	-0.072926	-0.0393693	-0.0118571	-0.00247302	-0.00684035	-0.00888746	
-1.05142	-0.836736	-0.654692	-0.506863	-0.391701	-0.327259	-0.318308	-0.337085	-0.365512	-0.393386	-0.40413	-0.389927	-0.346394	-0.274974	-0.193675	-0.121714	-0.0722533	-0.0504882	-0.0426779	-0.0314591	-0.0155273	-0.000278717	0.00812843	0.00471358	-0.00167367	
-1.20537	-0.969452	-0.756968	-0.570247	-0.41105	-0.299661	-0.240068	-0.217763	-0.224686	-0.242194	-0.250759	-0.247553	-0.226004	-0.178716	-0.114241	-0.0523585	-0.0145565	-0.00435736	-0.00334422	-0.00165983	-0.00157745	0.00300599	0.0124819	0.0132716	0.00530506	
-1.30727	-1.04362	-0.802693	-0.58067	-0.381666	-0.229151	-0.1284	-0.0776487	-0.0724754	-0.0865182	-0.101454	-0.116719	-0.121649	-0.101703	-0.0568846	-0.00697545	0.0209859	0.0255161	0.0248948	0.0197749	0.00668313	0.00236045	0.012956	0.0191263	0.011741	
-1.34947	-1.06673	-0.799193	-0.545539	-0.321197	-0.142232	-0.0108759	0.0599501	0.072017	0.0562922	0.0295992	-0.0054857	-0.0352665	-0.0417863	-0.0179411	0.01847	0.0393393	0.0440255	0.0450518	0.0350186	0.0125253	0.00138516	0.0114423	0.0220598	0.0167462	
-1.34711	-1.04973	-0.762334	-0.494914	-0.259764	-0.0603599	0.0929391	0.175093	0.192313	0.175341	0.137321	0.0854232	0.035305	0.00555899	0.00814819	0.0295875	0.0459135	0.054976	0.0587261	0.0453328	0.0182486	0.00269299	0.0094695	0.021771	0.019191	
-1.32013	-1.01988	-0.727655	-0.455158	-0.212881	-0.00193311	0.161644	0.253705	0.282459	0.268002	0.221206	0.157738	0.0939393	0.0458004	0.0272052	0.0321325	0.0455652	0.0607078	0.0664621	0.0515332	0.0251857	0.0076994	0.00825707	0.0182992	0.0181523	
-1.29821	-1.00639	-0.714311	-0.443536	-0.20243	0.0143762	0.187307	0.294397	0.340194	0.332029	0.28263	0.215426	0.144922	0.082925	0.0437157	0.0315649	0.0424265	0.0622275	0.0683158	0.054411	0.0337269	0.0164868	0.00867416	0.0123363	0.013388	
-1.30085	-1.02507	-0.744577	-0.482396	-0.237557	-0.0124482	0.168294	0.2938	0.362589	0.367885	0.325022	0.261641	0.189949	0.118445	0.0611294	0.0329596	0.039499	0.0595703	0.0645894	0.0549805	0.0433258	0.0278212	0.011149	0.00534091	0.00570323	
-1.34122	-1.09244	-0.82886	-0.568016	-0.31677	-0.0895747	0.100839	0.253056	0.349893	0.375522	0.348978	0.296442	0.228433	0.152328	0.081771	0.039977	0.0383764	0.0527363	0.0564429	0.0542927	0.0525394	0.0394637	0.0156104	-0.000623067	-0.00296277	
-1.41353	-1.19812	-0.954041	-0.699452	-0.448527	-0.216264	-0.00725342	0.173052	0.297779	0.352349	0.352824	0.317567	0.25793	0.182836	0.106057	0.0540878	0.0395842	0.0425933	0.0458799	0.0529452	0.0593011	0.0487933	0.0214922	-0.00334537	-0.00985755	
-1.49242	-1.32532	-1.11388	-0.871192	-0.619264	-0.380118	-0.154899	0.0494458	0.204393	0.296427	0.331879	0.319942	0.274042	0.206596	0.132281	0.0741541	0.0428059	0.031168	0.0352421	0.05067	0.061424	0.0535513	0.0278253	-0.00113298	-0.0121659	
-1.56039	-1.4533	-1.27787	-1.05326	-0.814234	-0.577038	-0.33739	-0.112425	0.0706176	0.203391	0.279629	0.297012	0.270882	0.219195	0.15636	0.0958776	0.0470136	0.0214097	0.0263878	0.0461508	0.0571934	0.0524899	0.0334211	0.00648636	-0.00805582	
-1.58657	-1.53639	-1.40908	-1.22912	-1.01858	-0.783726	-0.537653	-0.307136	-0.101335	0.0733315	0.190887	0.241069	0.242645	0.215857	0.17103	0.112046	0.0509546	0.016077	0.0195583	0.0372929	0.0459468	0.0456538	0.0370439	0.0182423	0.00231517	
-1.53632	-1.54937	-1.49396	-1.37204	-1.19167	-0.973126	-0.745257	-0.520856	-0.295283	-0.0891669	0.0610407	0.148008	0.186474	0.190293	0.166159	0.114894	0.0531096	0.0154113	0.0126343	0.0221614	0.0283131	0.0340215	0.0374739	0.0310255	0.0162784	
-1.40898	-1.49393	-1.51018	-1.44333	-1.30844	-1.1318	-0.935431	-0.721623	-0.492887	-0.278074	-0.103835	0.0228275	0.100542	0.13488	0.133137	0.0987152	0.0499717	0.0151715	0.00174674	-2.2113e-05	0.00567938	0.0186051	0.0334463	0.0403323	0.0289815	
-1.22903	-1.372	-1.44332	-1.43642	-1.36167	-1.23516	-1.07524	-0.885858	-0.677507	-0.472449	-0.283529	-0.125394	-0.0151684	0.0470458	0.0692577	0.0599443	0.0349696	0.00728676	-0.0173127	-0.0288401	-0.0208816	-0.000498925	0.0234263	0.0411579	0.0346899	
-1.0185	-1.19164	-1.30843	-1.36167	-1.34461	-1.27026	-1.15215	-0.997029	-0.824145	-0.643334	-0.455508	-0.282898	-0.151544	-0.0670233	-0.0218936	-0.00218	0.000656861	-0.0174148	-0.0480344	-0.0634625	-0.0514824	-0.0247421	0.00523333	0.0291566	0.0287928	
-0.783664	-0.973098	-1.13179	-1.23515	-1.27026	-1.24367	-1.16122	-1.04561	-0.918111	-0.768572	-0.595837	-0.428612	-0.291811	-0.193945	-0.129222	-0.0832921	-0.0579048	-0.0655835	-0.0920535	-0.103452	-0.0877692	-0.0571942	-0.0240821	0.00183771	0.00974382	
-0.537606	-0.745236	-0.935423	-1.07524	-1.15215	-1.16122	-1.11571	-1.04658	-0.955913	-0.83116	-0.68706	-0.544945	-0.416416	-0.312987	-0.234778	-0.174454	-0.139537	-0.136588	-0.147883	-0.149364	-0.132492	-0.101575	-0.0675303	-0.040552	-0.0200715	
-0.307102	-0.520841	-0.721617	-0.885855	-0.997028	-1.04561	-1.04658	-1.01078	-0.935104	-0.83596	-0.732088	-0.620268	-0.504549	-0.402549	-0.321459	-0.26371	-0.232658	-0.219434	-0.210861	-0.202313	-0.187691	-0.160126	-0.126481	-0.0947197	-0.0551282	
-0.101312	-0.295273	-0.492883	-0.677506	-0.824145	-0.918111	-0.955913	-0.935104	-0.876701	-0.811568	-0.738829	-0.646897	-0.546084	-0.452591	-0.379027	-0.336217	-0.31561	-0.295532	-0.273826	-0.261346	-0.251899	-0.231071	-0.198284	-0.15451	-0.0889271	
0.0733473	-0.0891602	-0.278071	-0.472448	-0.643334	-0.768572	-0.83116	-0.83596	-0.811568	-0.771411	-0.710342	-0.633154	-0.549056	-0.466293	-0.405247	-0.37803	-0.36523	-0.34606	-0.327137	-0.320035	-0.318084	-0.306534	-0.273947	-0.211368	-0.116399	
0.190898	0.0610451	-0.103833	-0.283528	-0.455508	-0.595837	-0.68706	-0.732088	-0.738829	-0.710342	-0.659207	-0.59805	-0.52695	-0.455584	-0.406191	-0.382208	-0.368603	-0.359736	-0.35922	-0.365595	-0.373507	-0.371618	-0.33742	-0.255061	-0.13496	
0.241076	0.148011	0.0228286	-0.125393	-0.282898	-0.428612	-0.544945	-0.620268	-0.646897	-0.633154	-0.59805	-0.549617	-0.491535	-0.435947	-0.389678	-0.351934	-0.331368	-0.337136	-0.35928	-0.382323	-0.401542	-0.405851	-0.368279	-0.274692	-0.143147	
0.242649	0.186475	0.100543	-0.0151681	-0.151543	-0.291811	-0.416416	-0.504549	-0.546084	-0.549056	-0.52695	-0.491535	-0.453439	-0.411502	-0.357075	-0.301744	-0.275247	-0.288026	-0.321987	-0.357855	-0.385138	-0.388286	-0.348172	-0.260077	-0.137705	
0.21586	0.190294	0.13488	0.0470459	-0.0670233	-0.193945	-0.312987	-0.402549	-0.452591	-0.466293	-0.455584	-0.435947	-0.411502	-0.370395	-0.309736	-0.251681	-0.221323	-0.22423	-0.25152	-0.287817	-0.311679	-0.3059	-0.268456	-0.203778	-0.112246	
0.171031	0.16616	0.133138	0.0692578	-0.0218935	-0.129222	-0.234778	-0.321459	-0.379027	-0.405247	-0.406191	-0.389678	-0.357075	-0.309736	-0.25752	-0.210797	-0.174259	-0.154927	-0.159103	-0.175226	-0.17899	-0.161515	-0.134554	-0.104315	-0.0606941	
0.112046	0.114895	0.0987153	0.0599444	-0.00217999	-0.0832921	-0.174454	-0.26371	-0.336217	-0.37803	-0.382208	-0.351934	-0.301744	-0.251681	-0.210797	-0.171152	-0.126023	-0.0835496	-0.0525705	-0.0276128	-0.000160406	0.0249295	0.0356971	0.0296786	0.0152863	
0.0509551	0.0531098	0.0499717	0.0349696	0.000656868	-0.0579048	-0.139537	-0.232658	-0.31561	-0.36523	-0.368603	-0.331368	-0.275247	-0.221323	-0.174259	-0.126023	-0.0698027	-0.00396413	0.0697908	0.14264	0.198435	0.224471	0.217596	0.176948	0.101203	
0.0160773	0.0154114	0.0151716	0.00728677	-0.0174148	-0.0655835	-0.136588	-0.219434	-0.295532	-0.34606	-0.359736	-0.337136	-0.288026	-0.22423	-0.154927	-0.0835496	-0.00396413	0.0944967	0.209477	0.316923	0.387985	0.410288	0.384517	0.307375	0.174086	
0.0195585	0.0126343	0.00174675	-0.0173127	-0.0480344	-0.0920535	-0.147883	-0.210861	-0.273826	-0.327137	-0.35922	-0.35928	-0.321987	-0.25152	-0.159103	-0.0525705	0.0697908	0.209477	0.353121	0.473936	0.547661	0.561893	0.511427	0.393861	0.215623	
0.037293	0.0221614	-2.21047e-05	-0.0288401	-0.0634625	-0.103452	-0.149364	-0.202313	-0.261346	-0.320035	-0.365595	-0.382323	-0.357855	-0.287817	-0.175226	-0.0276128	0.14264	0.316923	0.473936	0.594925	0.663093	0.661514	0.579948	0.425867	0.223527	
0.0459469	0.0283131	0.00567939	-0.0208816	-0.0514824	-0.0877692	-0.132492	-0.187691	-0.251899	-0.318084	-0.373507	-0.401542	-0.385138	-0.311679	-0.17899	-0.000160406	0.198435	0.387985	0.547661	0.663093	0.717466	0.692666	0.584474	0.412781	0.210184	
0.0456538	0.0340215	0.0186051	-0.000498924	-0.0247421	-0.0571942	-0.101575	-0.160126	-0.231071	-0.306534	-0.371618	-0.405851	-0.388286	-0.3059	-0.161515	0.0249295	0.224471	0.410288	0.561893	0.661514	0.692666	0.647129	0.532943	0.372288	0.189444	
0.0370439	0.0374739	0.0334463	0.0234263	0.00523333	-0.0240821	-0.0675303	-0.126481	-0.198284	-0.273947	-0.33742	-0.368279	-0.348172	-0.268456	-0.134554	0.0356971	0.217596	0.384517	0.511427	0.579948	0.584474	0.532943	0.439164	0.313923	0.164333	
0.0182423	0.0310255	0.0403323	0.0411579	0.0291566	0.00183771	-0.040552	-0.0947197	-0.15451	-0.211368	-0.255061	-0.274692	-0.260077	-0.203778	-0.104315	0.0296786	0.176948	0.307375	0.393861	0.425867	0.412781	0.372288	0.313923	0.234094	0.127205	
0.00231517	0.0162784	0.0289815	0.0346899	0.0287928	0.00974382	-0.0200715	-0.0551282	-0.0889271	-0.116399	-0.13496	-0.143147	-0.137705	-0.112246	-0.0606941	0.0152863	0.101203	0.174086	0.215623	0.223527	0.210184	0.189444	0.164333	0.127205	0.0710417	
