0	0	0	0	0	0	0	0	0	0	0	0	0	0	0	0	0	0	0	0	0	0	0	0	0	
0	-0.0148038	-0.0540547	-0.0828449	-0.107114	-0.131287	-0.133022	-0.100805	-0.0353917	0.0406196	0.13335	0.224592	0.280869	0.3171	0.334189	0.325146	0.276007	0.206461	0.136472	0.0688349	-0.00782272	-0.0938301	-0.164709	-0.202084	-0.198256	
0	-0.0540547	-0.110357	-0.167923	-0.222359	-0.257928	-0.245956	-0.162432	-0.0357194	0.109528	0.278515	0.429413	0.536141	0.603096	0.637104	0.62274	0.538618	0.414582	0.282788	0.150042	-0.00424632	-0.166215	-0.304523	-0.376358	-0.371812	
0	-0.0828449	-0.167923	-0.27006	-0.346028	-0.360438	-0.301158	-0.166643	0.00421811	0.204587	0.418105	0.611224	0.766116	0.864286	0.914604	0.888747	0.781371	0.615368	0.427356	0.222837	-0.00297749	-0.232391	-0.424342	-0.525334	-0.523877	
0	-0.107114	-0.222359	-0.346028	-0.422833	-0.409803	-0.314423	-0.158621	0.0568835	0.316301	0.570405	0.808275	1.00213	1.12734	1.16947	1.11602	0.982522	0.776798	0.528851	0.250231	-0.0364334	-0.318457	-0.538979	-0.659824	-0.659929	
0	-0.131287	-0.257928	-0.360438	-0.409803	-0.386353	-0.294255	-0.131669	0.124034	0.430748	0.728548	1.0037	1.23033	1.37066	1.3901	1.31357	1.15245	0.910168	0.600184	0.256426	-0.0870837	-0.399103	-0.636236	-0.768679	-0.775058	
0	-0.133022	-0.245956	-0.301158	-0.314423	-0.294255	-0.207929	-0.0361633	0.226357	0.54244	0.862181	1.16046	1.40717	1.54981	1.56621	1.48212	1.30375	1.03152	0.67126	0.272655	-0.114907	-0.44326	-0.694091	-0.835761	-0.859139	
0	-0.100805	-0.162432	-0.166643	-0.158621	-0.131669	-0.0361633	0.135685	0.376523	0.664323	0.977551	1.27771	1.51632	1.65846	1.68518	1.60157	1.4114	1.11403	0.720791	0.286935	-0.119411	-0.455988	-0.70782	-0.859336	-0.901861	
0	-0.0353917	-0.0357194	0.00421811	0.0568835	0.124034	0.226357	0.376523	0.565944	0.801623	1.09054	1.36358	1.57651	1.71114	1.74423	1.65678	1.44732	1.13281	0.725978	0.28944	-0.115069	-0.443848	-0.689579	-0.846604	-0.908465	
0	0.0406196	0.109528	0.204587	0.316301	0.430748	0.54244	0.664323	0.801623	0.992141	1.22698	1.43553	1.6005	1.71143	1.7371	1.62974	1.40932	1.0908	0.698924	0.286181	-0.0976577	-0.412145	-0.64934	-0.812325	-0.892145	
0	0.13335	0.278515	0.418105	0.570405	0.728548	0.862181	0.977551	1.09054	1.22698	1.3708	1.49996	1.61574	1.6954	1.68736	1.56056	1.33564	1.01897	0.65993	0.280265	-0.0787354	-0.382294	-0.613542	-0.788512	-0.882574	
0	0.224592	0.429413	0.611224	0.808275	1.0037	1.16046	1.27771	1.36358	1.43553	1.49996	1.57951	1.65713	1.6847	1.63329	1.49226	1.25659	0.955352	0.634546	0.287155	-0.0509445	-0.344377	-0.584608	-0.767553	-0.883676	
0	0.280869	0.536141	0.766116	1.00213	1.23033	1.40717	1.51632	1.57651	1.6005	1.61574	1.65713	1.67858	1.6511	1.57163	1.42736	1.20471	0.945348	0.664776	0.349915	0.0352675	-0.260272	-0.514429	-0.709665	-0.856005	
0	0.3171	0.603096	0.864286	1.12734	1.37066	1.54981	1.65846	1.71114	1.71143	1.6954	1.6847	1.6511	1.58937	1.50458	1.38107	1.20036	0.994885	0.749805	0.473638	0.174381	-0.127375	-0.39434	-0.610308	-0.784572	
0	0.334189	0.637105	0.914604	1.16947	1.3901	1.56621	1.68518	1.74423	1.7371	1.68736	1.63329	1.57163	1.50458	1.43965	1.3532	1.23361	1.07599	0.871929	0.631149	0.34537	0.0428821	-0.233828	-0.472316	-0.66312	
0	0.325146	0.62274	0.888747	1.11602	1.31358	1.48212	1.60157	1.65678	1.62974	1.56056	1.49226	1.42736	1.38107	1.3532	1.32825	1.27362	1.16984	1.01432	0.806878	0.542276	0.245984	-0.038343	-0.293021	-0.497577	
0	0.276007	0.53862	0.781373	0.982524	1.15245	1.30375	1.41141	1.44732	1.40932	1.33564	1.25659	1.20471	1.20036	1.23361	1.27362	1.28634	1.24496	1.13436	0.965571	0.726722	0.443367	0.15594	-0.10465	-0.324329	
0	0.206463	0.414586	0.615373	0.776804	0.910174	1.03153	1.11404	1.13282	1.0908	1.01897	0.955354	0.945349	0.994886	1.07599	1.16984	1.24496	1.25066	1.1856	1.05628	0.848318	0.585056	0.308523	0.0444527	-0.175396	
0	0.136477	0.282797	0.427369	0.528867	0.600201	0.671276	0.720806	0.725991	0.698935	0.659938	0.634552	0.66478	0.749808	0.871931	1.01432	1.13436	1.1856	1.16577	1.07301	0.896432	0.660478	0.391772	0.133686	-0.0886424	
0	0.0688471	0.150065	0.22287	0.25027	0.256468	0.272697	0.286975	0.289475	0.286211	0.280289	0.287172	0.349928	0.473646	0.631154	0.806881	0.965573	1.05628	1.07301	1.01045	0.866426	0.651711	0.39573	0.143817	-0.0796362	
0	-0.00779536	-0.00419375	-0.00290375	-0.0363441	-0.0869852	-0.114806	-0.119314	-0.114981	-0.0975824	-0.0786744	-0.0508978	0.0353012	0.174404	0.345385	0.542285	0.726727	0.848321	0.896434	0.866426	0.751213	0.561752	0.321351	0.0770163	-0.144425	
0	-0.0937748	-0.166109	-0.23224	-0.318271	-0.398895	-0.443042	-0.455774	-0.443648	-0.41197	-0.382147	-0.344261	-0.260186	-0.127315	0.0429224	0.24601	0.443381	0.585064	0.660483	0.651713	0.561752	0.39337	0.165194	-0.0725059	-0.291661	
0	-0.164611	-0.304331	-0.424067	-0.538636	-0.635843	-0.69367	-0.707395	-0.68917	-0.648968	-0.613221	-0.584345	-0.514225	-0.394192	-0.233726	-0.0382772	0.15598	0.308545	0.391784	0.395736	0.321354	0.165195	-0.0553753	-0.287476	-0.511098	
0	-0.201931	-0.376059	-0.524899	-0.65927	-0.768029	-0.835045	-0.858588	-0.84586	-0.811621	-0.787878	-0.767012	-0.709229	-0.609975	-0.472078	-0.292861	-0.104549	0.0445118	0.133718	0.143833	0.0770243	-0.0725023	-0.287474	-0.524118	-0.748743	
0	-0.19806	-0.371423	-0.5233	-0.659176	-0.774146	-0.858095	-0.900724	-0.907284	-0.890973	-0.881467	-0.882683	-0.855163	-0.783899	-0.662615	-0.497221	-0.324095	-0.175252	-0.0885604	-0.0795925	-0.144403	-0.291651	-0.511093	-0.748742	-0.984489	
0	-0.162732	-0.308964	-0.442444	-0.564675	-0.675663	-0.770404	-0.83348	-0.862685	-0.873138	-0.895318	-0.924052	-0.921792	-0.875982	-0.784415	-0.647228	-0.488918	-0.353445	-0.273398	-0.267399	-0.332702	-0.482877	-0.700991	-0.946985	-1.18736	
0	-0.117761	-0.222941	-0.322518	-0.419951	-0.519099	-0.613965	-0.685876	-0.732793	-0.764186	-0.807357	-0.863141	-0.895797	-0.888741	-0.82621	-0.711844	-0.578394	-0.456284	-0.388141	-0.391604	-0.465218	-0.61973	-0.847213	-1.0997	-1.35127	
0	-0.0732879	-0.140035	-0.208304	-0.275896	-0.349541	-0.432601	-0.503118	-0.551888	-0.592816	-0.65221	-0.725774	-0.780906	-0.796047	-0.760222	-0.676765	-0.566216	-0.465796	-0.415149	-0.434356	-0.519059	-0.686123	-0.922051	-1.18646	-1.44794	
0	-0.0417848	-0.0778396	-0.115077	-0.154892	-0.208072	-0.272847	-0.327331	-0.367398	-0.402462	-0.459873	-0.538524	-0.603401	-0.635953	-0.617977	-0.551126	-0.459543	-0.374941	-0.340811	-0.373093	-0.472237	-0.651052	-0.899339	-1.17592	-1.44991	
0	-0.0200975	-0.0353556	-0.0543345	-0.0735193	-0.102242	-0.147311	-0.186494	-0.210321	-0.233147	-0.27996	-0.348822	-0.41225	-0.445235	-0.429517	-0.368943	-0.285396	-0.20983	-0.183724	-0.228282	-0.337361	-0.526664	-0.786038	-1.07281	-1.35622	
0	-0.00823981	-0.0118131	-0.0161465	-0.0204012	-0.0367153	-0.0661573	-0.0872111	-0.0946058	-0.100165	-0.133565	-0.192134	-0.242	-0.26373	-0.241703	-0.178608	-0.0915262	-0.0159707	0.00625258	-0.039064	-0.151954	-0.346648	-0.609069	-0.901608	-1.19038	
0	-0.00283622	0.00122172	0.00404436	0.00736184	0.00227974	-0.0155046	-0.0250587	-0.0197141	-0.0130197	-0.0303463	-0.0723237	-0.11183	-0.124716	-0.0900039	-0.0116982	0.0832597	0.167146	0.197279	0.152847	0.0405573	-0.152778	-0.4187	-0.711004	-1.00024	
0	0.000532323	0.00712498	0.0140383	0.0217299	0.0210774	0.0107999	0.0101026	0.0256117	0.0433934	0.0323951	-0.00155344	-0.025266	-0.0197162	0.0270925	0.112401	0.220683	0.310864	0.345288	0.308086	0.200792	0.00876926	-0.250828	-0.541014	-0.825854	
0	-0.000492862	0.00947868	0.0206821	0.02911	0.0291027	0.0231275	0.028559	0.0482451	0.0716911	0.0712344	0.0456356	0.0279977	0.0387939	0.0973555	0.199062	0.313948	0.414422	0.456883	0.423182	0.318065	0.130759	-0.130093	-0.41404	-0.695268	
0	0.00114614	0.0113697	0.022862	0.0315372	0.0334832	0.0307104	0.0383166	0.0617352	0.0869443	0.0846974	0.0635544	0.0576788	0.0836807	0.149064	0.253688	0.37715	0.476223	0.520265	0.489186	0.386693	0.198869	-0.0559747	-0.337886	-0.610761	
0	-0.00155978	0.0118824	0.0283803	0.0350986	0.032953	0.0332329	0.0457691	0.0689027	0.0958135	0.0960713	0.0729626	0.07014	0.101299	0.177516	0.292528	0.416845	0.518322	0.559439	0.526656	0.420217	0.232474	-0.0257827	-0.301868	-0.572234	
0	-0.000641659	0.0126429	0.0290236	0.0352854	0.0346488	0.0373006	0.0512475	0.0754728	0.0992509	0.0970844	0.076738	0.0790676	0.119478	0.199852	0.319312	0.446095	0.539669	0.57652	0.536816	0.426377	0.233614	-0.0238754	-0.29916	-0.561695	
0	-0.00279016	0.0133884	0.0340971	0.0367296	0.0310779	0.0378098	0.056992	0.0808649	0.104672	0.0999144	0.0761032	0.0840971	0.131115	0.218236	0.342099	0.469591	0.556637	0.582355	0.535874	0.414379	0.216676	-0.0437385	-0.316215	-0.573965	
0	-0.00239929	0.0142587	0.035964	0.0377888	0.0324888	0.0415346	0.0620619	0.084052	0.103658	0.100622	0.0799988	0.0902315	0.144368	0.237143	0.36452	0.489563	0.569359	0.58409	0.523617	0.392121	0.184702	-0.0791098	-0.348267	-0.600927	
0	-0.00267378	0.015175	0.0393966	0.0385868	0.0306172	0.0449224	0.0712383	0.0917139	0.103937	0.0950686	0.0789361	0.102644	0.16513	0.258068	0.38575	0.50797	0.574015	0.577945	0.507119	0.359811	0.145589	-0.120049	-0.388254	-0.630436	
0	-0.0014377	0.0160961	0.0395847	0.0372696	0.0305763	0.0485871	0.0771689	0.0979869	0.107475	0.0960921	0.0782562	0.106118	0.184617	0.289122	0.412509	0.528657	0.583764	0.568477	0.482316	0.320764	0.0923956	-0.174086	-0.437749	-0.673801	
0	-0.000548882	0.0164666	0.0408826	0.0375014	0.0296307	0.0516787	0.0838273	0.100998	0.103985	0.0956245	0.0883318	0.124517	0.205724	0.313951	0.438765	0.542094	0.583322	0.556121	0.455509	0.277192	0.0416922	-0.228585	-0.486729	-0.712877	
0	0.00493514	0.0178572	0.0364145	0.034624	0.0332281	0.0585298	0.090028	0.105836	0.101532	0.0901779	0.0920153	0.140407	0.238303	0.35224	0.468745	0.561841	0.581146	0.53269	0.41637	0.222088	-0.0266186	-0.291125	-0.546229	-0.758347	
0	0.00660895	0.0179558	0.0339076	0.0320154	0.0331271	0.0629843	0.0958249	0.1069	0.0989786	0.0933274	0.107133	0.16176	0.261917	0.386237	0.49724	0.572404	0.578853	0.509085	0.37576	0.165313	-0.0924255	-0.35811	-0.602146	-0.807607	
0	0.0142945	0.0194571	0.025871	0.0288768	0.0392357	0.0681717	0.0982644	0.107767	0.090673	0.0892545	0.126131	0.195983	0.300335	0.422223	0.526856	0.578044	0.562853	0.473825	0.320822	0.0974826	-0.167076	-0.427189	-0.661045	-0.853019	
0	0.019821	0.0222754	0.021661	0.0284197	0.045707	0.0727975	0.0971425	0.107087	0.092427	0.0905726	0.142209	0.229773	0.339715	0.460661	0.552432	0.582743	0.542594	0.432675	0.259006	0.0213771	-0.247276	-0.501065	-0.722762	-0.90026	
0	0.0232699	0.0243742	0.0154283	0.0287349	0.0592606	0.079982	0.0913938	0.0982948	0.0915065	0.105793	0.170644	0.26631	0.380158	0.496294	0.572728	0.576059	0.516072	0.381632	0.188729	-0.0601394	-0.330737	-0.576436	-0.78242	-0.947819	
0	0.0248272	0.0294719	0.0176273	0.0293798	0.0669544	0.0891917	0.0886912	0.0896271	0.0905313	0.119552	0.209608	0.315469	0.422551	0.526232	0.584473	0.557617	0.472372	0.323118	0.105826	-0.147886	-0.413054	-0.650679	-0.837023	-0.98549	
0	0.0200936	0.026466	0.0220046	0.0420381	0.0764042	0.0899375	0.0851012	0.0845352	0.100811	0.142562	0.240755	0.364755	0.472992	0.55522	0.588812	0.537094	0.416348	0.248363	0.013808	-0.250425	-0.503969	-0.727002	-0.899735	-1.01885	
0	0.00871969	0.0231544	0.0294859	0.0505373	0.082581	0.08929	0.0788656	0.0796956	0.118929	0.189027	0.286541	0.403315	0.510106	0.573685	0.573035	0.503855	0.358423	0.166357	-0.0792212	-0.345541	-0.592502	-0.79446	-0.954739	-1.0466	
