0	0	0	0	0	0	0	0	0	0	0	0	0	0	0	0	0	0	0	0	0	0	0	0	0	
0	0.0330405	0.062714	0.0956057	0.128149	0.159848	0.218147	0.291761	0.340921	0.375606	0.392369	0.363029	0.290008	0.198371	0.112627	0.0269012	-0.0655732	-0.155848	-0.217649	-0.232737	-0.205899	-0.153343	-0.0983054	-0.0522747	-0.019888	
0	0.062714	0.121039	0.194646	0.275094	0.364053	0.483392	0.59871	0.676227	0.722967	0.729314	0.672372	0.543871	0.383785	0.226935	0.0655084	-0.106793	-0.274102	-0.390564	-0.426224	-0.382312	-0.293324	-0.194135	-0.110717	-0.052238	
0	0.0956057	0.194646	0.310592	0.448463	0.614483	0.784023	0.921552	1.01746	1.04894	1.01469	0.91475	0.744386	0.539632	0.319963	0.0937763	-0.142511	-0.363611	-0.518972	-0.570965	-0.5207	-0.407866	-0.275342	-0.162163	-0.0802107	
0	0.128149	0.275094	0.448463	0.665889	0.901955	1.09517	1.244	1.33856	1.34369	1.271	1.12793	0.929418	0.678714	0.388952	0.091282	-0.20468	-0.460481	-0.637808	-0.698214	-0.647786	-0.51441	-0.356129	-0.2111	-0.10213	
0	0.159848	0.364053	0.614483	0.901955	1.17537	1.38964	1.54786	1.63077	1.62439	1.52384	1.3437	1.10506	0.78973	0.426723	0.0519313	-0.288092	-0.56078	-0.742246	-0.808445	-0.757684	-0.615166	-0.437118	-0.261769	-0.12498	
0	0.218147	0.483392	0.784023	1.09517	1.38964	1.63842	1.81374	1.90336	1.89618	1.76889	1.5493	1.25157	0.876125	0.448725	0.0181689	-0.344874	-0.625473	-0.805998	-0.882507	-0.84145	-0.71163	-0.523554	-0.332962	-0.17106	
0	0.291761	0.59871	0.921552	1.244	1.54786	1.81374	2.00752	2.11151	2.10661	1.97365	1.72926	1.38993	0.97406	0.503944	0.0477044	-0.338131	-0.62973	-0.822671	-0.919621	-0.911265	-0.80659	-0.629018	-0.433473	-0.252623	
0	0.340921	0.676227	1.01746	1.33856	1.63077	1.90336	2.11151	2.22211	2.2241	2.10235	1.85879	1.50721	1.077	0.605464	0.145673	-0.253792	-0.558027	-0.77197	-0.898459	-0.931309	-0.860949	-0.7112	-0.517622	-0.328834	
0	0.375606	0.722967	1.04894	1.34369	1.62439	1.89618	2.10661	2.2241	2.23608	2.14003	1.9187	1.57443	1.1635	0.721838	0.284556	-0.107826	-0.418487	-0.647945	-0.801592	-0.870067	-0.84264	-0.724579	-0.546952	-0.357635	
0	0.392369	0.729314	1.01469	1.271	1.52384	1.76889	1.97365	2.10235	2.14003	2.08249	1.88581	1.5761	1.21806	0.836352	0.446574	0.0763118	-0.228416	-0.472774	-0.646994	-0.751127	-0.763878	-0.683158	-0.52641	-0.343371	
0	0.363029	0.672372	0.91475	1.12793	1.3437	1.5493	1.72926	1.85879	1.9187	1.88581	1.73694	1.51455	1.24786	0.945525	0.609364	0.276998	-0.0270934	-0.285123	-0.476452	-0.609542	-0.657825	-0.609447	-0.475867	-0.298561	
0	0.290008	0.543871	0.744386	0.929418	1.10506	1.25157	1.38993	1.50721	1.57443	1.5761	1.51455	1.40212	1.22398	0.991378	0.721617	0.430606	0.131401	-0.1189	-0.317643	-0.46571	-0.536757	-0.511666	-0.403233	-0.225852	
0	0.198371	0.383785	0.539632	0.678714	0.78973	0.876125	0.97406	1.077	1.1635	1.21806	1.24786	1.22398	1.1171	0.960827	0.759248	0.506102	0.232295	-0.00243552	-0.206344	-0.358362	-0.440879	-0.441066	-0.346703	-0.176149	
0	0.112627	0.226935	0.319963	0.388952	0.426723	0.448725	0.503944	0.605464	0.721838	0.836352	0.945525	0.991378	0.960827	0.874038	0.724057	0.505022	0.258717	0.0285137	-0.17875	-0.327112	-0.423266	-0.43953	-0.354969	-0.195467	
0	0.0269012	0.0655084	0.0937763	0.091282	0.0519313	0.0181689	0.0477044	0.145673	0.284556	0.446574	0.609364	0.721617	0.759248	0.724057	0.61221	0.426082	0.207543	-0.0231417	-0.221389	-0.371621	-0.475571	-0.502324	-0.429878	-0.282362	
0	-0.0655732	-0.106793	-0.142511	-0.20468	-0.288092	-0.344874	-0.338131	-0.253792	-0.107826	0.0763118	0.276998	0.430606	0.506102	0.505022	0.426082	0.280735	0.0810504	-0.138597	-0.329885	-0.483772	-0.593024	-0.628969	-0.576272	-0.435197	
0	-0.155848	-0.274102	-0.363611	-0.460481	-0.56078	-0.625473	-0.62973	-0.558027	-0.418487	-0.228416	-0.0270934	0.131401	0.232295	0.258717	0.207543	0.0810504	-0.103568	-0.316519	-0.511789	-0.670134	-0.785264	-0.833559	-0.7965	-0.664057	
0	-0.217649	-0.390563	-0.518972	-0.637808	-0.742246	-0.805998	-0.822671	-0.77197	-0.647944	-0.472774	-0.285123	-0.1189	-0.00243551	0.0285137	-0.0231417	-0.138597	-0.316519	-0.535346	-0.734718	-0.901803	-1.02672	-1.0881	-1.06657	-0.950564	
0	-0.232737	-0.426224	-0.570964	-0.698214	-0.808445	-0.882507	-0.91962	-0.898458	-0.801592	-0.646994	-0.476452	-0.317643	-0.206344	-0.17875	-0.221389	-0.329885	-0.511789	-0.734718	-0.946337	-1.13271	-1.27414	-1.35385	-1.35907	-1.25923	
0	-0.205898	-0.382311	-0.520698	-0.647784	-0.757682	-0.841449	-0.911264	-0.931308	-0.870067	-0.751127	-0.609542	-0.46571	-0.358362	-0.327112	-0.371621	-0.483772	-0.670134	-0.901803	-1.13271	-1.33941	-1.49732	-1.60174	-1.6284	-1.5512	
0	-0.153341	-0.29332	-0.407861	-0.514404	-0.615161	-0.711624	-0.806585	-0.860945	-0.842638	-0.763877	-0.657824	-0.536756	-0.440879	-0.423265	-0.47557	-0.593024	-0.785264	-1.02672	-1.27414	-1.49732	-1.67584	-1.80093	-1.85046	-1.79737	
0	-0.0982999	-0.194125	-0.275328	-0.356112	-0.437101	-0.523538	-0.629004	-0.711189	-0.724571	-0.683152	-0.609443	-0.511663	-0.441065	-0.439529	-0.502323	-0.628969	-0.833559	-1.0881	-1.35385	-1.60174	-1.80093	-1.94921	-2.02369	-1.99396	
0	-0.0522605	-0.11069	-0.162126	-0.211057	-0.261723	-0.332918	-0.433434	-0.51759	-0.546926	-0.526392	-0.475854	-0.403225	-0.346699	-0.354966	-0.429877	-0.576272	-0.7965	-1.06657	-1.35907	-1.6284	-1.85046	-2.02369	-2.12071	-2.11414	
0	-0.0198548	-0.0521747	-0.0801231	-0.102026	-0.124869	-0.17095	-0.252523	-0.328748	-0.357566	-0.343319	-0.298525	-0.225828	-0.176134	-0.195459	-0.282358	-0.435195	-0.664056	-0.950563	-1.25923	-1.5512	-1.79737	-1.99396	-2.11414	-2.1354	
0	-0.000722712	-0.0162041	-0.028699	-0.0311507	-0.03081	-0.0548428	-0.115066	-0.173334	-0.191707	-0.16836	-0.116499	-0.0431309	0.0108511	0.00253735	-0.0727547	-0.228465	-0.463245	-0.754297	-1.08022	-1.38938	-1.65359	-1.86934	-2.01139	-2.04948	
0	0.0109481	0.00381073	-0.00173146	0.00860618	0.027115	0.0207682	-0.0227504	-0.0648103	-0.069099	-0.0351536	0.0303148	0.122531	0.193654	0.198891	0.128919	-0.0172512	-0.241163	-0.531528	-0.857823	-1.1724	-1.44531	-1.67317	-1.82439	-1.88092	
0	0.016139	0.0132545	0.0128429	0.0305874	0.0566469	0.0608862	0.0336483	0.00520177	0.0107302	0.0580211	0.136983	0.241424	0.327422	0.351255	0.305347	0.175123	-0.0376416	-0.31678	-0.639579	-0.953103	-1.22881	-1.45862	-1.61774	-1.6788	
0	0.0192095	0.0184512	0.018181	0.0386525	0.0730964	0.0853761	0.0628829	0.0419456	0.0569356	0.1117	0.202699	0.32161	0.422184	0.464078	0.430878	0.314588	0.117522	-0.149815	-0.46288	-0.770361	-1.03985	-1.26813	-1.42424	-1.48741	
0	0.0204149	0.0197505	0.0209481	0.0442289	0.0788461	0.0930427	0.0787304	0.063699	0.081882	0.142938	0.239435	0.366793	0.479172	0.5312	0.510741	0.407101	0.222982	-0.03398	-0.337423	-0.635232	-0.899826	-1.12212	-1.27432	-1.33592	
0	0.0202731	0.0206123	0.0217357	0.0444544	0.0819912	0.0993183	0.0843316	0.0710904	0.093736	0.158617	0.262158	0.393834	0.50874	0.569185	0.558532	0.462691	0.283817	0.0358933	-0.26128	-0.55503	-0.812189	-1.02873	-1.1773	-1.23191	
0	0.0205059	0.0200271	0.0214723	0.0454543	0.0821521	0.0989942	0.0865398	0.0752058	0.100134	0.167545	0.271782	0.409333	0.531173	0.59255	0.578981	0.484941	0.312918	0.0662268	-0.224496	-0.509986	-0.762153	-0.973969	-1.11422	-1.16768	
0	0.0186514	0.0193254	0.0226336	0.0457336	0.081509	0.0984712	0.0851775	0.0746897	0.102407	0.17464	0.283623	0.41939	0.537948	0.599919	0.592679	0.499216	0.322196	0.0789702	-0.212172	-0.497353	-0.745221	-0.951309	-1.09021	-1.13279	
0	0.0185513	0.0187191	0.0224167	0.0462546	0.0821108	0.0983401	0.0830692	0.0726138	0.104554	0.178808	0.289369	0.431419	0.552275	0.609177	0.590076	0.493185	0.316699	0.0683896	-0.218423	-0.498598	-0.741902	-0.944234	-1.0737	-1.11435	
0	0.0155546	0.0178308	0.0258958	0.0490604	0.0810229	0.0960343	0.0818501	0.0725727	0.107199	0.1878	0.299703	0.437512	0.555752	0.609612	0.592549	0.489437	0.304267	0.0546248	-0.23588	-0.515209	-0.755032	-0.951214	-1.07725	-1.10529	
0	0.014433	0.0169245	0.026745	0.0509723	0.08329	0.097016	0.079055	0.0710418	0.112214	0.196439	0.312375	0.452468	0.565667	0.61029	0.580328	0.473534	0.282467	0.0271906	-0.260261	-0.53694	-0.771296	-0.961915	-1.07892	-1.09935	
0	0.0104573	0.015943	0.0315336	0.0544789	0.0808912	0.0934635	0.0787067	0.0736643	0.120089	0.211534	0.326341	0.46305	0.573399	0.608836	0.571632	0.454757	0.256348	-0.00493287	-0.292911	-0.565694	-0.795657	-0.977975	-1.08632	-1.09456	
0	0.00760669	0.0149346	0.0348798	0.0584722	0.0822973	0.0916228	0.0743017	0.0736464	0.12936	0.229449	0.349599	0.480262	0.579344	0.604248	0.555399	0.430109	0.221278	-0.043342	-0.331274	-0.600453	-0.822683	-0.997098	-1.09464	-1.08783	
0	0.00387972	0.0149896	0.0415822	0.064365	0.0812756	0.0880853	0.0742791	0.0785852	0.140312	0.24741	0.371131	0.501338	0.591423	0.596758	0.531246	0.397563	0.180429	-0.0909743	-0.371844	-0.635522	-0.852036	-1.01354	-1.10022	-1.07939	
0	0.000101894	0.0153492	0.0481032	0.0702727	0.0821422	0.0863092	0.0742745	0.0861724	0.157328	0.27135	0.39547	0.516264	0.597281	0.59414	0.510713	0.357713	0.13165	-0.145323	-0.425897	-0.67983	-0.885916	-1.03694	-1.10468	-1.06776	
0	-0.00339753	0.0156316	0.0553153	0.0773847	0.080356	0.0805753	0.0770098	0.100578	0.178264	0.298221	0.426446	0.538021	0.59925	0.574245	0.477665	0.314769	0.0758952	-0.201798	-0.474079	-0.721532	-0.918866	-1.05329	-1.10963	-1.05195	
0	-0.00408991	0.0189696	0.061413	0.0820524	0.0800799	0.0771516	0.0792453	0.117367	0.206934	0.328014	0.453141	0.555688	0.604012	0.564278	0.440216	0.257493	0.0113297	-0.274101	-0.537142	-0.76927	-0.95415	-1.07174	-1.10283	-1.0313	
0	-0.00526781	0.0228486	0.0700658	0.0891875	0.0783183	0.0721966	0.0863879	0.139843	0.23913	0.366723	0.487049	0.567392	0.590929	0.536364	0.402713	0.198358	-0.0561501	-0.340247	-0.598907	-0.81845	-0.989757	-1.09033	-1.09963	-1.00775	
0	-0.000351559	0.0282395	0.0713762	0.0908042	0.080116	0.0740174	0.09835	0.167345	0.273708	0.400458	0.522352	0.586895	0.579478	0.499904	0.346596	0.127874	-0.137766	-0.415874	-0.663412	-0.86607	-1.02088	-1.09945	-1.08496	-0.973403	
0	0.00604043	0.0369974	0.0734325	0.0884719	0.0760859	0.0740737	0.118997	0.206762	0.317278	0.436695	0.544636	0.593564	0.562467	0.459388	0.286704	0.0492138	-0.221277	-0.496732	-0.730769	-0.917172	-1.05186	-1.10748	-1.0642	-0.935322	
0	0.0156032	0.0463243	0.0717651	0.0842755	0.0790869	0.0816858	0.138949	0.247533	0.366165	0.477929	0.570118	0.588229	0.528532	0.407132	0.218016	-0.0365846	-0.311476	-0.574166	-0.800619	-0.965226	-1.07938	-1.11064	-1.03849	-0.890734	
0	0.0281644	0.0541567	0.0650338	0.0751467	0.0808469	0.0998223	0.174159	0.291362	0.413245	0.513693	0.587343	0.584148	0.484972	0.334842	0.133334	-0.129053	-0.409053	-0.650813	-0.860444	-1.01021	-1.09464	-1.0997	-1.00485	-0.833661	
0	0.0401181	0.0601378	0.0532378	0.0626143	0.0888422	0.125478	0.215488	0.342108	0.461058	0.545212	0.58475	0.560756	0.444348	0.261547	0.0343475	-0.230587	-0.511057	-0.740826	-0.922876	-1.05314	-1.11011	-1.07706	-0.960551	-0.770871	
0	0.0466935	0.0652094	0.0486291	0.0495511	0.0957413	0.165367	0.267651	0.391671	0.506458	0.577307	0.574049	0.507563	0.373894	0.17974	-0.0671911	-0.334479	-0.598783	-0.819924	-0.980426	-1.08788	-1.11746	-1.05453	-0.910215	-0.715776	
0	0.044112	0.056477	0.0464499	0.0534889	0.112493	0.210046	0.327159	0.440232	0.534597	0.595175	0.564483	0.451929	0.286573	0.072381	-0.184499	-0.454477	-0.693145	-0.891699	-1.02785	-1.10621	-1.10232	-1.00986	-0.842815	-0.646145	
