0.840322	0.978562	1.05549	1.05375	0.961581	0.793917	0.590691	0.396384	0.240775	0.133027	0.0671949	0.0311872	0.0133628	0.00530844	0.00196281	0.000677902	0.000219391	6.67253e-05	1.91216e-05	5.17556e-06	1.326e-06	3.22218e-07	7.43973e-08	1.63282e-08	3.29517e-09	
0.91081	1.02092	1.06532	1.02634	0.900816	0.714247	0.510431	0.329408	0.192763	0.102791	0.0502059	0.0225705	0.00938198	0.00362089	0.00130239	0.000438076	0.000138223	4.10251e-05	1.14831e-05	3.03821e-06	7.61459e-07	1.8113e-07	4.09644e-08	8.81233e-09	1.74628e-09	
0.970831	1.05045	1.05884	0.981575	0.826392	0.627879	0.430247	0.266648	0.150135	0.0771859	0.0364158	0.0158418	0.00638255	0.00239107	0.000835939	0.000273631	8.41112e-05	2.43452e-05	6.65131e-06	1.71914e-06	4.21226e-07	9.80258e-08	2.17033e-08	4.5738e-09	8.89524e-10	
1.01816	1.06423	1.0336	0.919073	0.740251	0.537858	0.352844	0.209736	0.113499	0.0562005	0.0255888	0.0107628	0.00419951	0.00152596	0.000518168	0.000164947	4.93639e-05	1.39248e-05	3.71118e-06	9.36521e-07	2.24217e-07	5.10218e-08	1.10534e-08	2.28095e-09	4.35163e-10	
1.05018	1.05915	0.98782	0.839798	0.645493	0.447702	0.280789	0.159902	0.0830883	0.039592	0.0173834	0.00706402	0.00266757	0.000939565	0.000309692	9.58158e-05	2.79021e-05	7.66672e-06	1.99226e-06	4.90623e-07	1.14723e-07	2.55161e-08	5.40675e-09	1.09208e-09	2.04302e-10	
1.06383	1.0323	0.92104	0.746302	0.546196	0.361055	0.21624	0.117868	0.0587629	0.0269271	0.0113935	0.00447052	0.00163294	0.000557207	0.000178189	5.35567e-05	1.51689e-05	4.05822e-06	1.0278e-06	2.46913e-07	5.63686e-08	1.22498e-08	2.538e-09	5.01612e-10	9.1988e-11	
1.05564	0.981644	0.834615	0.64272	0.447039	0.281281	0.160721	0.0837926	0.0400569	0.0176421	0.00719037	0.00272294	0.000961636	0.000317775	9.85553e-05	2.87662e-05	7.92163e-06	2.06284e-06	5.0903e-07	1.19256e-07	2.65736e-08	5.641e-09	1.14248e-09	2.20892e-10	3.96985e-11	
1.0224	0.906882	0.732049	0.534463	0.352754	0.211066	0.114983	0.0573092	0.0262592	0.0111119	0.00436094	0.00159339	0.00054392	0.000174016	5.23278e-05	1.48285e-05	3.96936e-06	1.00587e-06	2.41787e-07	5.52318e-08	1.20101e-08	2.48994e-09	4.92878e-10	9.3208e-11	1.64131e-11	
0.962034	0.810187	0.618931	0.427593	0.267511	0.152112	0.0789766	0.0376211	0.0165191	0.00671514	0.00253727	0.000894338	0.000295045	9.13748e-05	2.66375e-05	7.32766e-06	1.90644e-06	4.70071e-07	1.10056e-07	2.45097e-08	5.20044e-09	1.05287e-09	2.03674e-10	3.76695e-11	6.49854e-12	
0.874875	0.696596	0.502357	0.32797	0.194367	0.105003	0.0519523	0.0236521	0.00995237	0.0038865	0.00141383	0.000480754	0.000153279	4.59514e-05	1.29862e-05	3.46777e-06	8.7686e-07	2.10367e-07	4.79707e-08	1.04149e-08	2.15619e-09	4.26282e-10	8.05862e-11	1.4576e-11	2.46332e-12	
0.764676	0.573711	0.389897	0.240375	0.134919	0.0692521	0.0326575	0.0142125	0.00573212	0.00215077	0.000753409	0.00024718	7.61729e-05	2.21076e-05	6.05734e-06	1.57029e-06	3.85935e-07	9.00933e-08	2.00107e-08	4.23562e-09	8.55652e-10	1.65196e-10	3.05196e-11	5.39875e-12	8.9377e-13	
0.638853	0.450604	0.288327	0.167837	0.0892416	0.0435391	0.0195777	0.0081481	0.00315111	0.00113643	0.000383457	0.000121416	3.61744e-05	1.01663e-05	2.70113e-06	6.79909e-07	1.62445e-07	3.69045e-08	7.98504e-09	1.648e-09	3.24887e-10	6.12593e-11	1.10613e-11	1.91377e-12	3.10375e-13	
0.507581	0.336171	0.202504	0.111346	0.056121	0.0260429	0.0111738	0.00445013	0.00165115	0.000572651	0.000186207	5.6926e-05	1.64031e-05	4.46529e-06	1.1508e-06	2.81336e-07	6.53591e-08	1.44533e-08	3.04702e-09	6.13283e-10	1.18005e-10	2.17343e-11	3.83614e-12	6.49242e-13	1.03158e-13	
0.381827	0.237419	0.134717	0.0700302	0.0334912	0.0147965	0.0060629	0.00231249	0.000823785	0.000274926	8.61995e-05	2.54561e-05	7.09741e-06	1.87224e-06	4.6821e-07	1.11207e-07	2.51287e-08	5.4105e-09	1.11166e-09	2.18254e-10	4.09982e-11	7.37732e-12	1.27305e-12	2.10794e-13	3.28173e-14	
0.270968	0.158298	0.0847066	0.0416828	0.0189381	0.00797508	0.0031241	0.00114225	0.000391003	0.000125663	3.80162e-05	1.08515e-05	2.92902e-06	7.4909e-07	1.81858e-07	4.19818e-08	9.23026e-09	1.93568e-09	3.87725e-10	7.42752e-11	1.36245e-11	2.3958e-12	4.0429e-13	6.55084e-14	9.99444e-15	
0.180914	0.0994393	0.0502602	0.0234488	0.0101361	0.00407393	0.00152752	0.000535943	0.000176454	5.46575e-05	1.59664e-05	4.40814e-06	1.15258e-06	2.85937e-07	6.74219e-08	1.51344e-08	3.239e-09	6.61832e-10	1.29284e-10	2.41731e-11	4.33125e-12	7.4449e-13	1.22888e-13	1.94897e-14	2.91449e-15	
0.113426	0.0587705	0.028111	0.0124567	0.00513122	0.00197122	0.000708351	0.000238765	7.56862e-05	2.26161e-05	6.38443e-06	1.70613e-06	4.32412e-07	1.04121e-07	2.38582e-08	5.21012e-09	1.08588e-09	2.16279e-10	4.12177e-11	7.52477e-12	1.31741e-12	2.21418e-13	3.57596e-14	5.55261e-15	8.1403e-16	
0.0667042	0.0326542	0.0148121	0.00624595	0.00245599	0.000903167	0.000311462	0.00010098	3.08515e-05	8.90164e-06	2.43048e-06	6.29148e-07	1.54671e-07	3.61715e-08	8.05896e-09	1.71302e-09	3.47852e-10	6.75639e-11	1.2567e-11	2.24092e-12	3.83486e-13	6.30423e-14	9.96492e-15	1.51534e-15	2.1784e-16	
0.0367794	0.0170521	0.00735146	0.00295572	0.00111137	0.000391833	0.000129855	4.0544e-05	1.19518e-05	3.33307e-06	8.80972e-07	2.21075e-07	5.27565e-08	1.19903e-08	2.59905e-09	5.38033e-10	1.06501e-10	2.01818e-11	3.66532e-12	6.38648e-13	1.06867e-13	1.71895e-14	2.66015e-15	3.96279e-16	5.58752e-17	
0.0190153	0.00837035	0.00343733	0.00132032	0.000475556	0.000160997	5.13445e-05	1.54573e-05	4.40133e-06	1.18751e-06	3.04115e-07	7.4042e-08	1.71638e-08	3.79361e-09	8.00522e-10	1.6148e-10	3.11745e-11	5.76633e-12	1.023e-12	1.74244e-13	2.85208e-14	4.49028e-15	6.80553e-16	9.93458e-17	1.37426e-17	
0.009223	0.00386412	0.00151483	0.000556973	0.000192501	6.26743e-05	1.92608e-05	5.59776e-06	1.54128e-06	4.02723e-07	1.00017e-07	2.36444e-08	5.32815e-09	1.14602e-09	2.35568e-10	4.63297e-11	8.72775e-12	1.57654e-12	2.73337e-13	4.55298e-14	7.29271e-15	1.12422e-15	1.66929e-16	2.38864e-17	3.24256e-18	
0.00420021	0.00167892	0.000629656	0.000222026	7.37579e-05	2.31287e-05	6.85844e-06	1.92656e-06	5.13492e-07	1.30062e-07	3.13521e-08	7.20246e-09	1.57893e-09	3.30708e-10	6.6258e-11	1.27123e-11	2.33806e-12	4.12639e-13	6.99484e-14	1.13991e-14	1.78741e-15	2.69895e-16	3.92752e-17	5.51071e-18	7.34312e-19	
0.00179787	0.000687215	0.000247065	8.37009e-05	2.67694e-05	8.09643e-06	2.31962e-06	6.30517e-07	1.62849e-07	4.00227e-08	9.37229e-09	2.09394e-09	4.46878e-10	9.12066e-11	1.78219e-11	3.33753e-12	5.99616e-13	1.03445e-13	1.71525e-14	2.7359e-15	4.20131e-16	6.21616e-17	8.86826e-18	1.2205e-18	1.59686e-19	
0.000724206	0.000265286	9.16041e-05	2.98675e-05	9.21045e-06	2.69059e-06	7.45692e-07	1.96358e-07	4.91946e-08	1.1742e-08	2.67344e-09	5.81333e-10	1.20865e-10	2.40533e-11	4.58666e-12	8.38873e-13	1.47294e-13	2.48515e-14	4.03249e-15	6.29805e-16	9.47527e-17	1.37422e-17	1.92272e-18	2.59637e-19	3.33635e-20	
0.000274888	9.66959e-05	3.21278e-05	1.0098e-05	3.00695e-06	8.49524e-07	2.2803e-07	5.82314e-08	1.41655e-08	3.28661e-09	7.28147e-10	1.54218e-10	3.12581e-11	6.06944e-12	1.13011e-12	2.01969e-13	3.46762e-14	5.72447e-15	9.09395e-16	1.39131e-16	2.05154e-17	2.91764e-18	4.0048e-19	5.30792e-20	6.70077e-21	
9.84546e-05	3.33206e-05	1.06708e-05	3.2381e-06	9.32365e-07	2.55071e-07	6.63854e-08	1.64574e-08	3.89087e-09	8.78271e-10	1.8949e-10	3.91181e-11	7.73475e-12	1.46627e-12	2.66737e-13	4.66063e-14	7.82829e-15	1.26505e-15	1.96838e-16	2.9512e-17	4.26667e-18	5.95228e-19	8.01808e-20	1.04338e-20	1.29438e-21	
3.33206e-05	1.08688e-05	3.36021e-06	9.85872e-07	2.74845e-07	7.28954e-08	1.84151e-08	4.43622e-09	1.02023e-09	2.24235e-10	4.71493e-11	9.49398e-12	1.83248e-12	3.39349e-13	6.03473e-14	1.03143e-14	1.6957e-15	2.68364e-16	4.09161e-17	6.01413e-18	8.52828e-19	1.16749e-19	1.54391e-20	1.97315e-21	2.4061e-22	
1.06708e-05	3.36021e-06	1.00438e-06	2.85297e-07	7.71022e-08	1.98472e-08	4.87168e-09	1.14149e-09	2.55583e-10	5.47394e-11	1.12254e-11	2.20621e-12	4.15939e-13	7.5289e-14	1.30954e-14	2.19049e-15	3.52647e-16	5.46817e-17	8.1726e-18	1.17814e-18	1.63925e-19	2.20283e-20	2.86072e-21	3.59183e-22	4.30647e-23	
3.2381e-06	9.85872e-07	2.85297e-07	7.85574e-08	2.06043e-08	5.1531e-09	1.23018e-09	2.80608e-10	6.12192e-11	1.27864e-11	2.55907e-12	4.91224e-13	9.05141e-14	1.60234e-14	2.72735e-15	4.46702e-16	7.04541e-17	1.07083e-17	1.5695e-18	2.21985e-19	3.03168e-20	4.00049e-21	5.10356e-22	6.29716e-23	7.4254e-24	
9.32365e-07	2.74845e-07	7.71022e-08	2.06043e-08	5.25045e-09	1.27707e-09	2.96778e-10	6.59575e-11	1.40319e-11	2.86008e-12	5.59029e-13	1.04871e-13	1.8897e-14	3.27341e-15	5.45519e-16	8.75271e-17	1.35305e-17	2.0166e-18	2.89972e-19	4.02533e-20	5.39793e-21	6.99672e-22	8.77111e-23	1.06386e-23	1.23408e-24	
2.55071e-07	7.28954e-08	1.98472e-08	5.1531e-09	1.27707e-09	3.02371e-10	6.84617e-11	1.48364e-11	3.08008e-12	6.1309e-13	1.17106e-13	2.1482e-14	3.78756e-15	6.42334e-16	1.04858e-16	1.64888e-17	2.49934e-18	3.65428e-19	5.157e-20	7.02883e-21	9.25808e-22	1.17914e-22	1.45297e-23	1.73291e-24	1.978e-25	
6.63854e-08	1.84151e-08	4.87168e-09	1.23018e-09	2.96778e-10	6.84617e-11	1.51146e-11	3.19631e-12	6.47991e-13	1.26041e-13	2.35411e-14	4.22523e-15	7.29302e-16	1.21149e-16	1.93817e-17	2.98831e-18	4.44334e-19	6.37563e-20	8.83359e-21	1.18254e-21	1.53041e-22	1.91586e-23	2.32124e-24	2.72299e-25	3.05915e-26	
1.64574e-08	4.43622e-09	1.14149e-09	2.80608e-10	6.59575e-11	1.48364e-11	3.19631e-12	6.60059e-13	1.30761e-13	2.48697e-14	4.54461e-15	7.98506e-16	1.34999e-16	2.19765e-17	3.44715e-18	5.21341e-19	7.60721e-20	1.07162e-20	1.45823e-21	1.91797e-22	2.43967e-23	3.00284e-24	3.57828e-25	4.12978e-26	4.56763e-27	
3.89087e-09	1.02023e-09	2.55583e-10	6.12192e-11	1.40319e-11	3.08008e-12	6.47991e-13	1.30761e-13	2.53289e-14	4.7132e-15	8.43126e-16	1.45097e-16	2.40389e-17	3.8367e-18	5.90302e-19	8.76076e-20	1.25496e-20	1.73622e-21	2.32121e-22	3.00061e-23	3.75256e-24	4.54255e-25	5.32538e-26	6.04849e-27	6.58753e-28	
8.78271e-10	2.24235e-10	5.47394e-11	1.27864e-11	2.86008e-12	6.1309e-13	1.26041e-13	2.48697e-14	4.7132e-15	8.58544e-16	1.50424e-16	2.53677e-17	4.12044e-18	6.45048e-19	9.73874e-20	1.41888e-20	1.99609e-21	2.71309e-22	3.56485e-23	4.53057e-24	5.57225e-25	6.63589e-26	7.65556e-27	8.5591e-28	9.18159e-29	
1.8949e-10	4.71493e-11	1.12254e-11	2.55907e-12	5.59029e-13	1.17106e-13	2.35411e-14	4.54461e-15	8.43126e-16	1.50424e-16	2.58266e-17	4.27005e-18	6.80292e-19	1.04504e-19	1.54885e-20	2.21609e-21	3.06284e-22	4.09133e-23	5.28505e-24	6.60555e-25	7.99229e-26	9.36604e-27	1.06359e-27	1.17082e-28	1.23735e-29	
3.91181e-11	9.49398e-12	2.20621e-12	4.91224e-13	1.04871e-13	2.1482e-14	4.22523e-15	7.98506e-16	1.45097e-16	2.53677e-17	4.27005e-18	6.92461e-19	1.08253e-19	1.63244e-20	2.376e-21	3.33981e-22	4.53636e-23	5.95725e-24	7.5678e-25	9.30479e-26	1.10784e-26	1.27789e-27	1.42878e-28	1.54899e-29	1.61309e-30	
7.73475e-12	1.83248e-12	4.15939e-13	9.05141e-14	1.8897e-14	3.78756e-15	7.29302e-16	1.34999e-16	2.40389e-17	4.12044e-18	6.80292e-19	1.08253e-19	1.6613e-20	2.46022e-21	3.51781e-22	4.85949e-23	6.48887e-24	8.37995e-25	1.04721e-25	1.26699e-26	1.48479e-27	1.68627e-28	1.85677e-29	1.98297e-30	2.03529e-31	
1.46627e-12	3.39349e-13	7.5289e-14	1.60234e-14	3.27341e-15	6.42334e-16	1.21149e-16	2.19765e-17	3.8367e-18	6.45048e-19	1.04504e-19	1.63244e-20	2.46022e-21	3.57921e-22	5.02954e-23	6.83024e-24	8.96901e-25	1.13941e-25	1.4011e-26	1.6685e-27	1.92512e-28	2.15314e-29	2.33543e-30	2.45752e-31	2.48654e-32	
2.66737e-13	6.03473e-14	1.30954e-14	2.72735e-15	5.45519e-16	1.04858e-16	1.93817e-17	3.44715e-18	5.90302e-19	9.73874e-20	1.54885e-20	2.376e-21	3.51781e-22	5.02954e-23	6.94796e-24	9.27881e-25	1.19857e-25	1.49827e-26	1.8134e-27	2.1261e-28	2.41582e-29	2.66157e-30	2.84444e-31	2.94981e-32	2.94287e-33	
4.66063e-14	1.03143e-14	2.19049e-15	4.46702e-16	8.75271e-17	1.64888e-17	2.98831e-18	5.21341e-19	8.76076e-20	1.41888e-20	2.21609e-21	3.33981e-22	4.85949e-23	6.83024e-24	9.27881e-25	1.21896e-25	1.54935e-26	1.90629e-27	2.27155e-28	2.62275e-29	2.93557e-30	3.18658e-31	3.35618e-32	3.43087e-33	3.37555e-34	
7.82829e-15	1.6957e-15	3.52647e-16	7.04541e-17	1.35305e-17	2.49934e-18	4.44334e-19	7.60721e-20	1.25496e-20	1.99609e-21	3.06284e-22	4.53636e-23	6.48887e-24	8.96901e-25	1.19857e-25	1.54935e-26	1.93829e-27	2.34795e-28	2.75528e-29	3.13366e-30	3.45577e-31	3.69688e-32	3.83806e-33	3.86831e-34	3.75411e-35	
1.26505e-15	2.68364e-16	5.46817e-17	1.07083e-17	2.0166e-18	3.65428e-19	6.37563e-20	1.07162e-20	1.73622e-21	2.71309e-22	4.09133e-23	5.95725e-24	8.37995e-25	1.13941e-25	1.49827e-26	1.90629e-27	2.34795e-28	2.80093e-29	3.23764e-30	3.62802e-31	3.94292e-32	4.15779e-33	4.25584e-34	4.22994e-35	4.0499e-36	
1.96838e-16	4.09161e-17	8.1726e-18	1.5695e-18	2.89972e-19	5.157e-20	8.83359e-21	1.45823e-21	2.32121e-22	3.56485e-23	5.28505e-24	7.5678e-25	1.04721e-25	1.4011e-26	1.8134e-27	2.27155e-28	2.75528e-29	3.23764e-30	3.68732e-31	4.07199e-32	4.36221e-33	4.53519e-34	4.57776e-35	4.48773e-36	4.23974e-37	
2.9512e-17	6.01413e-18	1.17814e-18	2.21985e-19	4.02533e-20	7.02883e-21	1.18254e-21	1.91797e-22	3.00061e-23	4.53057e-24	6.60555e-25	9.30479e-26	1.26699e-26	1.6685e-27	2.1261e-28	2.62275e-29	3.13366e-30	3.62802e-31	4.07199e-32	4.43255e-33	4.68163e-34	4.79976e-35	4.77857e-36	4.62144e-37	4.30892e-38	
4.26667e-18	8.52828e-19	1.63925e-19	3.03168e-20	5.39793e-21	9.25808e-22	1.53041e-22	2.43967e-23	3.75256e-24	5.57225e-25	7.99229e-26	1.10784e-26	1.48479e-27	1.92512e-28	2.41582e-29	2.93557e-30	3.45577e-31	3.94292e-32	4.36221e-33	4.68163e-34	4.87612e-35	4.93079e-36	4.84282e-37	4.62128e-38	4.2531e-39	
5.95228e-19	1.16749e-19	2.20283e-20	4.00049e-21	6.99672e-22	1.17914e-22	1.91586e-23	3.00284e-24	4.54255e-25	6.63589e-26	9.36604e-27	1.27789e-27	1.68627e-28	2.15314e-29	2.66157e-30	3.18658e-31	3.69688e-32	4.15779e-33	4.53519e-34	4.79976e-35	4.93079e-36	4.91883e-37	4.76679e-38	4.48903e-39	4.07866e-40	
8.01808e-20	1.54391e-20	2.86072e-21	5.10356e-22	8.77111e-23	1.45297e-23	2.32124e-24	3.57828e-25	5.32538e-26	7.65556e-27	1.06359e-27	1.42878e-28	1.85677e-29	2.33543e-30	2.84444e-31	3.35618e-32	3.83806e-33	4.25584e-34	4.57776e-35	4.77857e-36	4.84282e-37	4.76679e-38	4.55881e-39	4.23755e-40	3.80164e-41	
1.04338e-20	1.97315e-21	3.59183e-22	6.29716e-23	1.06386e-23	1.73291e-24	2.72299e-25	4.12978e-26	6.04849e-27	8.5591e-28	1.17082e-28	1.54899e-29	1.98297e-30	2.45752e-31	2.94981e-32	3.43087e-33	3.86831e-34	4.22994e-35	4.48773e-36	4.62144e-37	4.62128e-38	4.48903e-39	4.23755e-40	3.88855e-41	3.44511e-42	
1.29438e-21	2.4061e-22	4.30647e-23	7.4254e-24	1.23408e-24	1.978e-25	3.05915e-26	4.56763e-27	6.58753e-28	9.18159e-29	1.23735e-29	1.61309e-30	2.03529e-31	2.48654e-32	2.94287e-33	3.37555e-34	3.75411e-35	4.0499e-36	4.23974e-37	4.30892e-38	4.2531e-39	4.07866e-40	3.80164e-41	3.44511e-42	3.01521e-43	
