0	0	0	0	0	0	0	0	0	0	0	0	0	0	0	0	0	0	0	0	0	0	0	0	0	
0	2.48804e-27	5.68949e-26	1.20328e-24	2.35147e-23	4.23509e-22	7.00997e-21	1.06315e-19	1.47268e-18	1.8568e-17	2.12317e-16	2.19324e-15	2.03849e-14	1.69751e-13	1.26094e-12	8.31841e-12	4.85225e-11	2.49217e-10	1.12273e-09	4.42205e-09	1.5191e-08	4.54644e-08	1.18603e-07	2.70357e-07	5.40898e-07	
0	5.68949e-26	1.25755e-24	2.56848e-23	4.8434e-22	8.4098e-21	1.3407e-19	1.95638e-18	2.60448e-17	3.15218e-16	3.45543e-15	3.41731e-14	3.03641e-13	2.41359e-12	1.70877e-11	1.07277e-10	5.9465e-10	2.89872e-09	1.23826e-08	4.62258e-08	1.50563e-07	4.2782e-07	1.06235e-06	2.31415e-06	4.44699e-06	
0	1.20328e-24	2.56848e-23	5.06138e-22	9.2e-21	1.53828e-19	2.359e-18	3.30742e-17	4.22523e-16	4.90054e-15	5.1405e-14	4.85712e-13	4.1165e-12	3.11567e-11	2.09661e-10	1.24886e-09	6.55701e-09	3.02298e-08	1.21992e-07	4.29992e-07	1.32278e-06	3.55517e-06	8.37406e-06	1.73775e-05	3.19869e-05	
0	2.35147e-23	4.8434e-22	9.2e-21	1.61033e-19	2.58998e-18	3.816e-17	5.13369e-16	6.28411e-15	6.97322e-14	6.98687e-13	6.2948e-12	5.07744e-11	3.6503e-10	2.32848e-09	1.31208e-08	6.50418e-08	2.82626e-07	1.07357e-06	3.55969e-06	1.03052e-05	2.61081e-05	5.81553e-05	0.000114662	0.000201717	
0	4.23509e-22	8.4098e-21	1.53828e-19	2.58998e-18	4.00212e-17	5.65778e-16	7.29275e-15	8.53995e-14	9.05023e-13	8.64425e-12	7.40944e-11	5.67395e-10	3.86394e-09	2.32928e-08	1.23747e-07	5.77046e-07	2.35396e-06	8.38166e-06	2.60325e-05	7.06258e-05	0.000168011	0.000352683	0.00065872	0.00110477	
0	7.00997e-21	1.3407e-19	2.359e-18	3.816e-17	5.65778e-16	7.66329e-15	9.44903e-14	1.05663e-12	1.06727e-11	9.696e-11	7.88723e-10	5.71802e-09	3.67698e-08	2.08744e-07	1.04152e-06	4.54917e-06	1.73416e-05	5.75999e-05	0.000166749	0.000421909	0.000938226	0.00184873	0.00325995	0.00519747	
0	1.06315e-19	1.95638e-18	3.30742e-17	5.13369e-16	7.29275e-15	9.44903e-14	1.11254e-12	1.18567e-11	1.13895e-10	9.81718e-10	7.55739e-09	5.17056e-08	3.12846e-07	1.66584e-06	7.77092e-06	3.16351e-05	0.000112086	0.000345313	0.000926391	0.00217384	0.00449578	0.00827848	0.0137298	0.0207431	
0	1.47268e-18	2.60448e-17	4.22523e-16	6.28411e-15	8.53995e-14	1.05663e-12	1.18567e-11	1.20165e-10	1.09504e-09	8.9303e-09	6.48524e-08	4.17224e-07	2.36552e-06	1.17595e-05	5.1019e-05	0.000192452	0.000629747	0.00178746	0.00441381	0.00954359	0.0182496	0.0312477	0.0485405	0.0692567	
0	1.8568e-17	3.15218e-16	4.90054e-15	6.97322e-14	9.05023e-13	1.06727e-11	1.13895e-10	1.09504e-09	9.44063e-09	7.26153e-08	4.95683e-07	2.9863e-06	1.57906e-05	7.28895e-05	0.000292307	0.00101467	0.00304336	0.00789565	0.0178041	0.0352112	0.061859	0.0979713	0.141946	0.190628	
0	2.12317e-16	3.45543e-15	5.1405e-14	6.98687e-13	8.64425e-12	9.696e-11	9.81718e-10	8.9303e-09	7.26153e-08	5.2495e-07	3.35461e-06	1.88369e-05	9.23865e-05	0.000393485	0.00144803	0.00458781	0.0125006	0.0293686	0.0599304	0.107543	0.17245	0.251402	0.33855	0.426981	
0	2.19324e-15	3.41731e-14	4.85712e-13	6.2948e-12	7.40944e-11	7.88723e-10	7.55739e-09	6.48524e-08	4.95683e-07	3.35461e-06	1.99763e-05	0.000103987	0.000470065	0.00183365	0.00613935	0.0175828	0.0430683	0.0906595	0.165803	0.267893	0.390113	0.522097	0.653074	0.774248	
0	2.03849e-14	3.03641e-13	4.1165e-12	5.07744e-11	5.67395e-10	5.71802e-09	5.17056e-08	4.17224e-07	2.9863e-06	1.88369e-05	0.000103987	0.000498728	0.0020628	0.00730652	0.0220357	0.0564085	0.122747	0.228942	0.372031	0.538803	0.71249	0.87852	1.02716	1.15366	
0	1.69751e-13	2.41359e-12	3.11567e-11	3.6503e-10	3.86394e-09	3.67698e-08	3.12846e-07	2.36552e-06	1.57906e-05	9.23865e-05	0.000470065	0.0020628	0.007742	0.024656	0.0662209	0.149646	0.285823	0.468134	0.674068	0.879483	1.06826	1.23224	1.36932	1.48023	
0	1.26094e-12	1.70877e-11	2.09661e-10	2.32848e-09	2.32928e-08	2.08744e-07	1.66584e-06	1.17595e-05	7.28895e-05	0.000393485	0.00183365	0.00730652	0.024656	0.069839	0.165028	0.325287	0.54071	0.777769	1.00492	1.20843	1.38388	1.52976	1.64653	1.73479	
0	8.31841e-12	1.07277e-10	1.24886e-09	1.31208e-08	1.23747e-07	1.04152e-06	7.77092e-06	5.1019e-05	0.000292307	0.00144803	0.00613935	0.0220357	0.0662209	0.165028	0.339386	0.579367	0.841135	1.0851	1.30261	1.49308	1.64907	1.76687	1.84562	1.88972	
0	4.85225e-11	5.9465e-10	6.55701e-09	6.50418e-08	5.77046e-07	4.54917e-06	3.16351e-05	0.000192452	0.00101467	0.00458781	0.0175828	0.0564085	0.149646	0.325287	0.579367	0.862227	1.12354	1.35762	1.56685	1.73078	1.84009	1.89789	1.91066	1.89173	
0	2.49217e-10	2.89872e-09	3.02298e-08	2.82626e-07	2.35396e-06	1.73416e-05	0.000112086	0.000629747	0.00304336	0.0125006	0.0430683	0.122747	0.285823	0.54071	0.841135	1.12354	1.37595	1.60464	1.77519	1.87296	1.91166	1.89581	1.83898	1.75251	
0	1.12273e-09	1.23826e-08	1.21992e-07	1.07357e-06	8.38166e-06	5.75999e-05	0.000345313	0.00178746	0.00789565	0.0293686	0.0906595	0.228942	0.468134	0.777769	1.0851	1.35762	1.60464	1.7885	1.88318	1.91497	1.87677	1.77944	1.63855	1.47201	
0	4.42205e-09	4.62258e-08	4.29992e-07	3.55969e-06	2.60325e-05	0.000166749	0.000926391	0.00441381	0.0178041	0.0599304	0.165803	0.372031	0.674068	1.00492	1.30261	1.56685	1.77519	1.88318	1.91666	1.86397	1.72624	1.53782	1.30974	1.07136	
0	1.5191e-08	1.50563e-07	1.32278e-06	1.03052e-05	7.06258e-05	0.000421909	0.00217384	0.00954359	0.0352112	0.107543	0.267893	0.538803	0.879483	1.20843	1.49308	1.73078	1.87296	1.91497	1.86397	1.70338	1.48523	1.20343	0.901262	0.589433	
0	4.54644e-08	4.2782e-07	3.55517e-06	2.61081e-05	0.000168011	0.000938226	0.00449578	0.0182496	0.061859	0.17245	0.390113	0.71249	1.06826	1.38388	1.64907	1.84009	1.91166	1.87677	1.72624	1.48523	1.16625	0.802279	0.426608	0.06761	
0	1.18603e-07	1.06235e-06	8.37406e-06	5.81553e-05	0.000352683	0.00184873	0.00827848	0.0312477	0.0979713	0.251402	0.522097	0.87852	1.23224	1.52976	1.76687	1.89789	1.89581	1.77944	1.53782	1.20343	0.802279	0.376384	-0.0555897	-0.447302	
0	2.70357e-07	2.31415e-06	1.73775e-05	0.000114662	0.00065872	0.00325995	0.0137298	0.0485405	0.141946	0.33855	0.653074	1.02716	1.36932	1.64653	1.84562	1.91066	1.83898	1.63855	1.30974	0.901262	0.426608	-0.0555897	-0.515055	-0.917431	
0	5.40898e-07	4.44699e-06	3.19869e-05	0.000201717	0.00110477	0.00519747	0.0207431	0.0692567	0.190628	0.426981	0.774248	1.15366	1.48023	1.73479	1.88972	1.89173	1.75251	1.47201	1.07136	0.589433	0.06761	-0.447302	-0.917431	-1.30609	
0	9.55295e-07	7.58847e-06	5.26148e-05	0.00031924	0.0016787	0.00756471	0.0288427	0.0917462	0.239981	0.510128	0.879593	1.25661	1.56714	1.79817	1.90733	1.85108	1.65057	1.30031	0.837665	0.303165	-0.258493	-0.787679	-1.24204	-1.59145	
0	1.49851e-06	1.15745e-05	7.78839e-05	0.000457926	0.00232945	0.0101355	0.0372345	0.113867	0.285802	0.582589	0.965768	1.33708	1.63326	1.84012	1.90554	1.80131	1.54674	1.13788	0.62864	0.0516546	-0.524008	-1.05989	-1.48217	-1.78009	
0	2.09944e-06	1.58722e-05	0.000104384	0.000599154	0.00297156	0.0125868	0.0449404	0.133347	0.324317	0.640542	1.03162	1.39688	1.68042	1.86405	1.89387	1.75327	1.45491	1.00412	0.456894	-0.146549	-0.732099	-1.25119	-1.64326	-1.86974	
0	2.63922e-06	1.96612e-05	0.000127283	0.000718607	0.00350227	0.0145622	0.0509785	0.148142	0.352588	0.681627	1.07694	1.43698	1.71002	1.87618	1.88337	1.71542	1.38234	0.906765	0.332519	-0.285142	-0.875451	-1.37724	-1.73437	-1.8987	
0	2.98703e-06	2.20743e-05	0.000141684	0.000792721	0.00382674	0.0157505	0.054546	0.156713	0.368625	0.704442	1.10157	1.45826	1.72535	1.88233	1.87574	1.69066	1.34275	0.850483	0.261901	-0.359093	-0.955124	-1.43976	-1.77908	-1.89991	
0	3.04951e-06	2.2505e-05	0.000144237	0.000805772	0.00388348	0.0159568	0.0551607	0.158178	0.371344	0.708271	1.10564	1.46172	1.72801	1.88367	1.87389	1.68515	1.33658	0.841202	0.249956	-0.370319	-0.968064	-1.44805	-1.78623	-1.8984	
0	2.80919e-06	2.08411e-05	0.00013433	0.000754919	0.00366153	0.0151469	0.0527391	0.152387	0.360561	0.693006	1.08925	1.44765	1.71777	1.87932	1.87982	1.70354	1.36214	0.878747	0.297507	-0.3221	-0.913407	-1.40939	-1.75731	-1.90197	
0	2.33199e-06	1.75093e-05	0.000114311	0.000651133	0.00320351	0.0134547	0.0476095	0.139934	0.337001	0.659112	1.05221	1.41517	1.69418	1.87011	1.88943	1.73638	1.4224	0.960461	0.401028	-0.207866	-0.797236	-1.31114	-1.68766	-1.88777	
0	1.73959e-06	1.33082e-05	8.86393e-05	0.000515622	0.00259367	0.0111523	0.0404602	0.122106	0.302282	0.60769	0.994585	1.36341	1.65432	1.85148	1.90108	1.78132	1.50859	1.08023	0.556382	-0.034146	-0.61758	-1.14525	-1.55503	-1.82502	
0	1.16132e-06	9.11277e-06	6.23644e-05	0.000373258	0.00193475	0.00858747	0.032222	0.100775	0.258969	0.540661	0.916502	1.29143	1.59588	1.81723	1.90851	1.83146	1.60806	1.23415	0.750683	0.194887	-0.371695	-0.903168	-1.34878	-1.67801	
0	6.90233e-07	5.59147e-06	3.95901e-05	0.000245573	0.00132177	0.00610522	0.0238969	0.078162	0.210538	0.461217	0.818555	1.19772	1.51776	1.76273	1.89904	1.87741	1.71376	1.40316	0.975378	0.471779	-0.0669969	-0.592492	-1.05822	-1.4333	
0	3.63107e-07	3.05512e-06	2.25258e-05	0.000145806	0.00082087	0.00397647	0.0163719	0.0565044	0.161082	0.374169	0.703144	1.08059	1.41672	1.68505	1.86711	1.90627	1.8067	1.57414	1.21538	0.774702	0.277872	-0.217377	-0.683188	-1.08333	
0	1.6807e-07	1.47669e-06	1.14037e-05	7.75058e-05	0.000459464	0.00235112	0.0102617	0.0376896	0.114783	0.285677	0.575183	0.940464	1.29031	1.57976	1.80264	1.90809	1.87836	1.72749	1.4484	1.08336	0.654324	0.201674	-0.245126	-0.644411	
0	6.80966e-08	6.27533e-07	5.10001e-06	3.65854e-05	0.000229671	0.00124922	0.00582007	0.0229243	0.0752365	0.202659	0.442391	0.78049	1.137	1.44575	1.70096	1.86903	1.91102	1.84426	1.65698	1.3785	1.02196	0.63326	0.233439	-0.140585	
0	2.40608e-08	2.33313e-07	2.00253e-06	1.52212e-05	0.000101627	0.000590421	0.00295252	0.0125515	0.0447251	0.131571	0.314954	0.608397	0.957529	1.28186	1.55992	1.78163	1.89575	1.90779	1.81568	1.62195	1.36792	1.04926	0.715687	0.381615	
0	7.39906e-09	7.56496e-08	6.87242e-07	5.54864e-06	3.9511e-05	0.000245968	0.00132516	0.00610698	0.0237565	0.0768629	0.203718	0.436893	0.757421	1.08938	1.38214	1.6388	1.82272	1.90375	1.90761	1.8101	1.6381	1.41315	1.15595	0.886803	
0	1.97987e-09	2.13641e-08	2.05629e-07	1.76543e-06	1.34247e-05	8.9684e-05	0.000521473	0.002611	0.0111203	0.0397336	0.11734	0.282374	0.549131	0.870876	1.17522	1.44542	1.68166	1.83538	1.9043	1.90723	1.83166	1.6969	1.51926	1.3228	
0	4.61655e-10	5.25791e-09	5.36173e-08	4.89497e-07	3.97477e-06	2.8494e-05	0.000178809	0.00097277	0.00453733	0.0179189	0.0590911	0.160416	0.35427	0.634852	0.941738	1.22025	1.47227	1.68859	1.82975	1.89951	1.9091	1.86448	1.77498	1.65812	
0	9.4066e-11	1.1301e-09	1.22003e-08	1.18333e-07	1.02499e-06	7.87524e-06	5.32597e-05	0.000314298	0.00160249	0.00698084	0.0256622	0.0785652	0.197824	0.406367	0.683903	0.970401	1.22781	1.46081	1.65988	1.80164	1.88319	1.91158	1.89711	1.85183	
0	1.6812e-11	2.12832e-10	2.42938e-09	2.49965e-08	2.30568e-07	1.8948e-06	1.37771e-05	8.79409e-05	0.000488474	0.00233794	0.00953753	0.0327772	0.0937935	0.221341	0.429387	0.692218	0.958322	1.19825	1.41176	1.59504	1.73808	1.8356	1.89011	1.90925	
0	2.64718e-12	3.52661e-11	4.24943e-10	4.62987e-09	4.53805e-08	3.97903e-07	3.1014e-06	2.13384e-05	0.000128585	0.000672774	0.00302736	0.0115969	0.0374291	0.10084	0.225487	0.419403	0.659279	0.904711	1.1293	1.32643	1.49515	1.63329	1.73874	1.8123	
0	3.68957e-13	5.1649e-12	6.55835e-11	7.55122e-10	7.84684e-09	7.32108e-08	6.09769e-07	4.50516e-06	2.93201e-05	0.000166794	0.000822473	0.0034843	0.0125669	0.0382656	0.0977617	0.209285	0.378125	0.587477	0.808032	1.01607	1.2003	1.35777	1.48816	1.5918	
0	4.57395e-14	6.7177e-13	8.97291e-12	1.08956e-10	1.19752e-09	1.18564e-08	1.05189e-07	8.3144e-07	5.81805e-06	3.57941e-05	0.000192177	0.000893368	0.00356724	0.0121435	0.0350325	0.0854189	0.17656	0.312789	0.484236	0.671603	0.855875	1.02438	1.17097	1.29345	
0	5.06755e-15	7.7966e-14	1.09352e-12	1.39754e-11	1.62089e-10	1.69849e-09	1.60021e-08	1.34832e-07	1.01017e-06	6.68758e-06	3.88598e-05	0.000196803	0.000862518	0.00324911	0.0104611	0.028695	0.067113	0.134727	0.235226	0.363897	0.509403	0.65855	0.800331	0.927321	
0	5.04078e-16	8.11214e-15	1.19268e-13	1.60119e-12	1.95539e-11	2.16317e-10	2.15797e-09	1.93181e-08	1.54358e-07	1.09458e-06	6.84635e-06	3.75308e-05	0.000179151	0.000740038	0.00263138	0.00802564	0.0209868	0.0472383	0.0923652	0.1591	0.245572	0.345748	0.451522	0.554914	
