0	0	0	0	0	0	0	0	0	0	0	0	0	0	0	0	0	0	0	0	0	0	0	0	0	
0	2.4355e-09	1.46349e-08	7.93007e-08	3.94877e-07	1.8028e-06	7.52542e-06	2.86448e-05	9.91782e-05	0.000311691	0.000887766	0.00228997	0.00535165	0.0113515	0.0219278	0.0387698	0.0631463	0.0954534	0.134978	0.17997	0.227983	0.276337	0.32256	0.364699	0.401441	
0	1.46349e-08	8.44916e-08	4.38257e-07	2.08454e-06	9.07041e-06	3.60017e-05	0.000129983	0.000425813	0.00126305	0.00338762	0.00821285	0.0180158	0.0358536	0.0650266	0.108156	0.166243	0.238137	0.320661	0.40926	0.498928	0.585056	0.664029	0.733465	0.792158	
0	7.93007e-08	4.38257e-07	2.16638e-06	9.7927e-06	4.03782e-05	0.000151393	0.000514602	0.0015815	0.00438504	0.0109555	0.0246631	0.0501148	0.0922624	0.154819	0.238681	0.341235	0.456867	0.57835	0.698425	0.81104	0.911999	0.999039	1.07151	1.12987	
0	3.94877e-07	2.08454e-06	9.7927e-06	4.19349e-05	0.000163253	0.000575789	0.00183376	0.00525803	0.0135434	0.0313005	0.0649386	0.121265	0.204899	0.315771	0.448368	0.593244	0.739752	0.878557	1.00311	1.10994	1.19819	1.26876	1.32345	1.36448	
0	1.8028e-06	9.07041e-06	4.03782e-05	0.000163253	0.000597729	0.00197428	0.005861	0.015588	0.0370541	0.0786505	0.149251	0.254263	0.391811	0.552082	0.720652	0.883374	1.02982	1.15439	1.2556	1.33465	1.39409	1.43674	1.46543	1.48304	
0	7.52542e-06	3.60017e-05	0.000151393	0.000575789	0.00197428	0.00607666	0.0167199	0.0409797	0.0892517	0.172659	0.297447	0.459387	0.643261	0.829034	0.999847	1.14597	1.26421	1.35544	1.4223	1.46779	1.49474	1.50587	1.50441	1.49421	
0	2.86448e-05	0.000129983	0.000514602	0.00183376	0.005861	0.0167199	0.0423746	0.0950396	0.188222	0.329391	0.512055	0.715088	0.912623	1.08632	1.22908	1.3406	1.42283	1.47778	1.50719	1.51323	1.49882	1.46827	1.42735	1.38161	
0	9.91782e-05	0.000425813	0.0015815	0.00525803	0.015588	0.0409797	0.0950396	0.193678	0.346345	0.545308	0.76389	0.97027	1.1454	1.28604	1.39404	1.4693	1.51094	1.51905	1.4961	1.44713	1.37876	1.29926	1.21623	1.13479	
0	0.000311691	0.00126305	0.00438504	0.0135434	0.0370541	0.0892517	0.188222	0.346345	0.556651	0.788385	1.00352	1.18163	1.32349	1.43163	1.50052	1.52519	1.50643	1.4494	1.36279	1.25591	1.13818	1.01841	0.901673	0.792053	
0	0.000887766	0.00338762	0.0109555	0.0313005	0.0786505	0.172659	0.329391	0.545308	0.788385	1.01433	1.19879	1.34516	1.45625	1.51898	1.52438	1.47804	1.38948	1.2695	1.12867	0.975529	0.819315	0.666261	0.520728	0.389394	
0	0.00228997	0.00821285	0.0246631	0.0649386	0.149251	0.297447	0.512055	0.76389	1.00352	1.19879	1.35232	1.46852	1.52764	1.51617	1.44743	1.33516	1.18713	1.01409	0.824623	0.629321	0.438341	0.257787	0.0951376	-0.0441956	
0	0.00535165	0.0180158	0.0501148	0.121265	0.254263	0.459387	0.715088	0.97027	1.18163	1.34516	1.46852	1.52998	1.50932	1.42578	1.2974	1.12365	0.916775	0.690851	0.458331	0.234238	0.026068	-0.159458	-0.318016	-0.450154	
0	0.0113515	0.0358536	0.0922624	0.204899	0.391811	0.643261	0.912623	1.1454	1.32349	1.45625	1.52764	1.50932	1.4182	1.27877	1.08224	0.842536	0.586564	0.324496	0.0741204	-0.156421	-0.360793	-0.5348	-0.678042	-0.791258	
0	0.0219278	0.0650266	0.154819	0.315771	0.552082	0.829034	1.08632	1.28604	1.43163	1.51898	1.51617	1.42578	1.27877	1.06753	0.801653	0.523569	0.237994	-0.0395051	-0.292632	-0.516828	-0.701534	-0.849027	-0.956936	-1.03208	
0	0.0387698	0.108156	0.238681	0.448368	0.720652	0.999847	1.22908	1.39404	1.50052	1.52438	1.44743	1.2974	1.08224	0.801653	0.503254	0.196605	-0.112013	-0.385958	-0.626522	-0.816038	-0.959942	-1.05673	-1.1153	-1.14435	
0	0.0631463	0.166243	0.341235	0.593244	0.883374	1.14597	1.3406	1.4693	1.52519	1.47804	1.33516	1.12365	0.842536	0.523569	0.196605	-0.138177	-0.432722	-0.68424	-0.884895	-1.02422	-1.11521	-1.15357	-1.15901	-1.13566	
0	0.0954534	0.238137	0.456867	0.739752	1.02982	1.26421	1.42283	1.51094	1.50643	1.38948	1.18713	0.916775	0.586564	0.237994	-0.112013	-0.432722	-0.700251	-0.920499	-1.06191	-1.14628	-1.16377	-1.14095	-1.08118	-1.01446	
0	0.134978	0.320661	0.57835	0.878557	1.15439	1.35544	1.47778	1.51905	1.4494	1.2695	1.01409	0.690851	0.324496	-0.0395051	-0.385958	-0.68424	-0.920499	-1.0756	-1.15234	-1.16148	-1.11108	-1.02837	-0.926379	-0.8301	
0	0.17997	0.40926	0.698425	1.00311	1.2556	1.4223	1.50719	1.4961	1.36279	1.12867	0.824623	0.458331	0.0741204	-0.292632	-0.626522	-0.884895	-1.06191	-1.15234	-1.1604	-1.09706	-0.989802	-0.857933	-0.735147	-0.630858	
0	0.227983	0.498928	0.81104	1.10994	1.33465	1.46779	1.51323	1.44713	1.25591	0.975529	0.629321	0.234238	-0.156421	-0.516828	-0.816038	-1.02422	-1.14628	-1.16148	-1.09706	-0.971287	-0.819783	-0.674509	-0.563249	-0.493452	
0	0.276337	0.585056	0.911999	1.19819	1.39409	1.49474	1.49882	1.37876	1.13818	0.819315	0.438341	0.026068	-0.360793	-0.701534	-0.959942	-1.11521	-1.16377	-1.11108	-0.989802	-0.819783	-0.659749	-0.529052	-0.461132	-0.431319	
0	0.32256	0.664029	0.999039	1.26876	1.43674	1.50587	1.46827	1.29926	1.01841	0.666261	0.257787	-0.159458	-0.5348	-0.849027	-1.05673	-1.15357	-1.14095	-1.02837	-0.857933	-0.674509	-0.529052	-0.449987	-0.433199	-0.442476	
0	0.364699	0.733465	1.07151	1.32345	1.46543	1.50441	1.42735	1.21623	0.901673	0.520728	0.0951376	-0.318016	-0.678042	-0.956936	-1.1153	-1.15901	-1.08118	-0.926379	-0.735147	-0.563249	-0.461132	-0.433199	-0.444392	-0.442741	
0	0.401441	0.792158	1.12987	1.36448	1.48304	1.49421	1.38161	1.13479	0.792053	0.389394	-0.0441956	-0.450154	-0.791258	-1.03208	-1.14435	-1.13566	-1.01446	-0.8301	-0.630858	-0.493452	-0.431319	-0.442476	-0.442741	-0.412899	
0	0.43209	0.839841	1.1753	1.3942	1.49246	1.47897	1.33552	1.05937	0.694772	0.277047	-0.160525	-0.55785	-0.876155	-1.08103	-1.15351	-1.09945	-0.94283	-0.74448	-0.561397	-0.453877	-0.427372	-0.435125	-0.41115	-0.35677	
0	0.456435	0.876892	1.20931	1.41491	1.49633	1.46196	1.29314	0.994242	0.613293	0.184347	-0.254432	-0.639768	-0.936003	-1.1118	-1.14815	-1.06105	-0.884527	-0.675929	-0.512111	-0.430278	-0.421363	-0.42123	-0.387877	-0.34295	
0	0.474586	0.904032	1.23346	1.42862	1.49693	1.44613	1.25789	0.942164	0.549157	0.112946	-0.323815	-0.698774	-0.978685	-1.12926	-1.13783	-1.02628	-0.832678	-0.631474	-0.481384	-0.417359	-0.41655	-0.40871	-0.377946	-0.346349	
0	0.486806	0.922063	1.24911	1.43697	1.49614	1.43378	1.23213	0.905121	0.504415	0.0640056	-0.371224	-0.738507	-1.00456	-1.13771	-1.12823	-0.999596	-0.799368	-0.598981	-0.462102	-0.41227	-0.415627	-0.408923	-0.368135	-0.328846	
0	0.493368	0.931665	1.25732	1.44116	1.49528	1.42651	1.21756	0.884605	0.479852	0.0371229	-0.397009	-0.759453	-1.0181	-1.1411	-1.11983	-0.984593	-0.783728	-0.583414	-0.451453	-0.408794	-0.412268	-0.401767	-0.3604	-0.329335	
0	0.494454	0.933248	1.25866	1.44183	1.49509	1.42525	1.21512	0.881221	0.475688	0.0325183	-0.401028	-0.7626	-1.02065	-1.14165	-1.11927	-0.983497	-0.777657	-0.580276	-0.451995	-0.407992	-0.413906	-0.397325	-0.35921	-0.331599	
0	0.490096	0.926885	1.25325	1.4391	1.49572	1.43013	1.22487	0.895044	0.492438	0.0506321	-0.384762	-0.749774	-1.0106	-1.1384	-1.12547	-0.992465	-0.789547	-0.591266	-0.457533	-0.410586	-0.416063	-0.406023	-0.365383	-0.325368	
0	0.480169	0.912295	1.24067	1.43252	1.49665	1.44058	1.24633	0.92567	0.529159	0.0906944	-0.345648	-0.717521	-0.991441	-1.13255	-1.13218	-1.01565	-0.819484	-0.616247	-0.470603	-0.413927	-0.414983	-0.408204	-0.374598	-0.341318	
0	0.464426	0.888891	1.22007	1.42112	1.4968	1.45525	1.27801	0.971964	0.585818	0.153186	-0.285475	-0.666536	-0.955309	-1.11958	-1.144	-1.04641	-0.861196	-0.655994	-0.499319	-0.425007	-0.419439	-0.414363	-0.382846	-0.345966	
0	0.442585	0.855902	1.19018	1.40343	1.4945	1.47213	1.31789	1.03211	0.660545	0.237537	-0.201359	-0.593753	-0.902716	-1.09611	-1.15244	-1.08206	-0.918118	-0.715753	-0.539269	-0.443451	-0.425641	-0.429215	-0.399661	-0.343655	
0	0.414457	0.812546	1.1495	1.37755	1.48759	1.4885	1.363	1.10374	0.751608	0.342288	-0.0935538	-0.496798	-0.828661	-1.05389	-1.15079	-1.12326	-0.984387	-0.791787	-0.598404	-0.475482	-0.428684	-0.443198	-0.432591	-0.390788	
0	0.380101	0.758272	1.09648	1.34132	1.47357	1.50116	1.40948	1.18337	0.856683	0.465926	0.0364257	-0.373468	-0.726532	-0.991404	-1.1307	-1.15172	-1.05471	-0.888001	-0.690225	-0.530134	-0.444664	-0.435868	-0.447744	-0.433508	
0	0.340002	0.693052	1.02977	1.29238	1.44965	1.50657	1.45298	1.26635	0.971139	0.606614	0.189912	-0.226453	-0.595491	-0.895837	-1.08416	-1.1606	-1.1209	-0.987224	-0.806009	-0.625284	-0.494436	-0.438086	-0.436188	-0.447646	
0	0.295214	0.61768	0.948558	1.22842	1.41291	1.50087	1.48838	1.34812	1.09019	0.757087	0.364215	-0.0508776	-0.433893	-0.765715	-1.00447	-1.13493	-1.1582	-1.08239	-0.939181	-0.759392	-0.601451	-0.488249	-0.442386	-0.429737	
0	0.247441	0.534049	0.852999	1.14742	1.36054	1.48058	1.50979	1.4219	1.20973	0.912838	0.551611	0.14833	-0.24137	-0.594784	-0.878965	-1.0676	-1.161	-1.14578	-1.05745	-0.912054	-0.752673	-0.610278	-0.512697	-0.459707	
0	0.198975	0.445292	0.744656	1.04804	1.2897	1.44285	1.51234	1.47946	1.32195	1.06816	0.746546	0.367339	-0.0209416	-0.387032	-0.708911	-0.946349	-1.10184	-1.16501	-1.14301	-1.05275	-0.92421	-0.782795	-0.660853	-0.565217	
0	0.152459	0.355672	0.626937	0.930331	1.1976	1.38491	1.49258	1.51353	1.41782	1.21489	0.939337	0.597773	0.222833	-0.143464	-0.487259	-0.772767	-0.986317	-1.1137	-1.16446	-1.14426	-1.06981	-0.965216	-0.85155	-0.748909	
0	0.11049	0.27013	0.505197	0.796621	1.08239	1.30378	1.44807	1.51829	1.4878	1.34445	1.12021	0.827873	0.481406	0.124719	-0.225946	-0.537444	-0.79547	-0.99377	-1.10878	-1.16454	-1.1526	-1.10557	-1.02624	-0.943597	
0	0.0751477	0.19351	0.386331	0.65222	0.944272	1.19658	1.37698	1.49025	1.52276	1.44677	1.27938	1.04413	0.741656	0.409883	0.0705584	-0.263011	-0.545103	-0.785955	-0.965436	-1.08482	-1.1477	-1.16171	-1.14124	-1.10019	
0	0.047585	0.12964	0.277754	0.505457	0.787088	1.06149	1.27737	1.42835	1.51599	1.51137	1.40683	1.23275	0.989962	0.691263	0.382358	0.061459	-0.246668	-0.512998	-0.739766	-0.910176	-1.03435	-1.10836	-1.14684	-1.15295	
0	0.0278384	0.0805297	0.185914	0.3667	0.61934	0.899794	1.14722	1.33326	1.46449	1.52793	1.49433	1.37958	1.20696	0.96516	0.68244	0.393793	0.0979291	-0.181118	-0.432884	-0.646328	-0.817139	-0.945428	-1.03669	-1.09361	
0	0.0149429	0.0460108	0.114748	0.246216	0.453957	0.718364	0.985532	1.2058	1.37119	1.48792	1.53086	1.48187	1.36862	1.20268	0.975754	0.71626	0.446812	0.177995	-0.0749361	-0.305369	-0.504322	-0.669793	-0.80069	-0.901285	
0	0.0073177	0.0240131	0.064748	0.151371	0.305806	0.531379	0.795958	1.04455	1.24269	1.39448	1.49993	1.53072	1.47981	1.37369	1.22004	1.01928	0.789546	0.546069	0.304112	0.0748979	-0.13344	-0.316341	-0.470532	-0.596031	
0	0.00325605	0.0113873	0.0331723	0.0844529	0.1871	0.35843	0.592239	0.849296	1.07963	1.26178	1.40396	1.50171	1.5309	1.48892	1.39467	1.25839	1.0876	0.892664	0.68425	0.474502	0.273679	0.0893697	-0.0744506	-0.214849	
0	0.00131397	0.0048897	0.015358	0.042485	0.10304	0.217634	0.398395	0.632169	0.878095	1.09355	1.26483	1.39964	1.49362	1.52991	1.50521	1.4301	1.31645	1.17527	1.01535	0.844979	0.672878	0.507607	0.355099	0.218338	
