-0.0533522	-0.065865	-0.0705591	-0.0668732	-0.0693	-0.0735689	-0.0754169	-0.0723797	-0.0806977	-0.0894463	-0.0844763	-0.0858357	-0.0966628	-0.107552	-0.110117	-0.102988	-0.109828	-0.13626	-0.157599	-0.1635	-0.156295	-0.146312	-0.163574	-0.226077	-0.320423	
-0.065865	-0.0749903	-0.0678593	-0.0637858	-0.0718395	-0.0770638	-0.0735451	-0.0760093	-0.0893031	-0.0887835	-0.0819667	-0.0908672	-0.104449	-0.11151	-0.107819	-0.10372	-0.121297	-0.149365	-0.163159	-0.161932	-0.152258	-0.150944	-0.187376	-0.26677	-0.369266	
-0.0705591	-0.0678593	-0.0599648	-0.069408	-0.0805873	-0.0769885	-0.0747748	-0.0834049	-0.0898715	-0.0846604	-0.0866667	-0.100307	-0.109767	-0.110801	-0.10545	-0.110546	-0.136521	-0.15981	-0.164562	-0.158438	-0.150937	-0.164232	-0.221659	-0.314948	-0.421667	
-0.0668732	-0.0637858	-0.069408	-0.0832964	-0.0795509	-0.0724447	-0.0777087	-0.0879553	-0.0912374	-0.0868099	-0.0930371	-0.106617	-0.112123	-0.109243	-0.107284	-0.12321	-0.151478	-0.165605	-0.162729	-0.155171	-0.155589	-0.18877	-0.266466	-0.369033	-0.475264	
-0.0693	-0.0718395	-0.0805873	-0.0795509	-0.0704915	-0.0752156	-0.0878726	-0.0951702	-0.0893213	-0.0860444	-0.101692	-0.114189	-0.111927	-0.107786	-0.114875	-0.139559	-0.163186	-0.166622	-0.159168	-0.154941	-0.170048	-0.226337	-0.320487	-0.426539	-0.526833	
-0.0735689	-0.0770638	-0.0769885	-0.0724447	-0.0752156	-0.0887451	-0.0954814	-0.0900054	-0.0841873	-0.0968064	-0.114813	-0.114256	-0.108196	-0.111911	-0.129255	-0.15584	-0.169294	-0.163535	-0.156348	-0.162023	-0.198058	-0.276871	-0.380921	-0.484186	-0.572293	
-0.0754169	-0.0735451	-0.0747748	-0.0777087	-0.0878726	-0.0954814	-0.0895596	-0.0858387	-0.094614	-0.111286	-0.116238	-0.109747	-0.11096	-0.123209	-0.14631	-0.168141	-0.168908	-0.158599	-0.158737	-0.181443	-0.241568	-0.337959	-0.443878	-0.537978	-0.606775	
-0.0723797	-0.0760093	-0.0834049	-0.0879553	-0.0951702	-0.0900054	-0.0858387	-0.094367	-0.106739	-0.116878	-0.114276	-0.110123	-0.118979	-0.138887	-0.163455	-0.17313	-0.162773	-0.156935	-0.172201	-0.216875	-0.299672	-0.405283	-0.504767	-0.583112	-0.624944	
-0.0806977	-0.0893031	-0.0898715	-0.0912374	-0.0893213	-0.0841873	-0.094614	-0.106739	-0.116794	-0.118885	-0.109649	-0.113988	-0.135079	-0.158979	-0.173852	-0.16805	-0.157024	-0.165971	-0.20124	-0.269246	-0.368774	-0.473172	-0.558354	-0.61405	-0.621719	
-0.0894463	-0.0887835	-0.0846604	-0.0868099	-0.0860444	-0.0968064	-0.111286	-0.116878	-0.118885	-0.109581	-0.109844	-0.133664	-0.157487	-0.171508	-0.171714	-0.159904	-0.161435	-0.190678	-0.247829	-0.33685	-0.442689	-0.534926	-0.598969	-0.625024	-0.593137	
-0.0844763	-0.0819667	-0.0866667	-0.0930371	-0.101692	-0.114813	-0.116238	-0.114276	-0.109649	-0.109844	-0.133322	-0.157958	-0.168626	-0.172418	-0.16453	-0.159358	-0.182125	-0.233562	-0.312212	-0.414273	-0.512761	-0.583808	-0.620963	-0.610683	-0.537052	
-0.0858357	-0.0908672	-0.100307	-0.106617	-0.114189	-0.114256	-0.109747	-0.110123	-0.113988	-0.133664	-0.157958	-0.167414	-0.171673	-0.168556	-0.159748	-0.174976	-0.223571	-0.295628	-0.390283	-0.491628	-0.570014	-0.61416	-0.618708	-0.566831	-0.453637	
-0.0966628	-0.104449	-0.109767	-0.112123	-0.111927	-0.108196	-0.11096	-0.118979	-0.135079	-0.157487	-0.168626	-0.171673	-0.17011	-0.16087	-0.170106	-0.21637	-0.28581	-0.37273	-0.472506	-0.557533	-0.607593	-0.620902	-0.586617	-0.491654	-0.345422	
-0.107552	-0.11151	-0.110801	-0.109243	-0.107786	-0.111911	-0.123209	-0.138887	-0.158979	-0.171508	-0.172418	-0.168556	-0.16087	-0.168385	-0.212327	-0.280819	-0.361997	-0.457238	-0.546461	-0.602363	-0.620659	-0.598387	-0.520539	-0.386916	-0.216382	
-0.110117	-0.107819	-0.10545	-0.107284	-0.114875	-0.129255	-0.14631	-0.163455	-0.173852	-0.171714	-0.16453	-0.159748	-0.170106	-0.212327	-0.279301	-0.357132	-0.447483	-0.537772	-0.598561	-0.620053	-0.604735	-0.540865	-0.420219	-0.257675	-0.0703538	
-0.102988	-0.10372	-0.110546	-0.12321	-0.139559	-0.15584	-0.168141	-0.17313	-0.16805	-0.159904	-0.159358	-0.174976	-0.21637	-0.280819	-0.357132	-0.444148	-0.53291	-0.59617	-0.619786	-0.607941	-0.553958	-0.445361	-0.290699	-0.109949	0.0897545	
-0.109828	-0.121297	-0.136521	-0.151478	-0.163186	-0.169294	-0.168908	-0.162773	-0.157024	-0.161435	-0.182125	-0.223571	-0.28581	-0.361997	-0.447483	-0.53291	-0.595339	-0.619768	-0.609444	-0.561476	-0.462629	-0.315625	-0.140285	0.0520472	0.260421	
-0.13626	-0.149365	-0.15981	-0.165605	-0.166622	-0.163535	-0.158599	-0.156935	-0.165971	-0.190678	-0.233562	-0.295628	-0.37273	-0.457238	-0.537772	-0.59617	-0.619768	-0.609891	-0.564838	-0.472599	-0.332342	-0.161899	0.0244979	0.225625	0.43422	
-0.157599	-0.163159	-0.164562	-0.162729	-0.159168	-0.156348	-0.158737	-0.172201	-0.20124	-0.247829	-0.312212	-0.390283	-0.472506	-0.546461	-0.598561	-0.619786	-0.609444	-0.564838	-0.475842	-0.340728	-0.174911	0.00646449	0.201085	0.405015	0.598434	
-0.1635	-0.161932	-0.158438	-0.155171	-0.154941	-0.162023	-0.181443	-0.216875	-0.269246	-0.33685	-0.414273	-0.491628	-0.557533	-0.602363	-0.620053	-0.607941	-0.561476	-0.472599	-0.340728	-0.179263	-0.00246201	0.186539	0.385312	0.577373	0.738923	
-0.156295	-0.152258	-0.150937	-0.155589	-0.170048	-0.198058	-0.241568	-0.299672	-0.368774	-0.442689	-0.512761	-0.570014	-0.607593	-0.620659	-0.604735	-0.553958	-0.462629	-0.332342	-0.174911	-0.00246201	0.181724	0.375412	0.564371	0.726198	0.846972	
-0.146312	-0.150944	-0.164232	-0.18877	-0.226337	-0.276871	-0.337959	-0.405283	-0.473172	-0.534926	-0.583808	-0.61416	-0.620902	-0.598387	-0.540865	-0.445361	-0.315625	-0.161899	0.00646449	0.186539	0.375412	0.559977	0.719645	0.840456	0.921901	
-0.163574	-0.187376	-0.221659	-0.266466	-0.320487	-0.380921	-0.443878	-0.504767	-0.558354	-0.598969	-0.620963	-0.618708	-0.586617	-0.520539	-0.420219	-0.290699	-0.140285	0.0244979	0.201085	0.385312	0.564371	0.719645	0.838243	0.919095	0.965913	
-0.226077	-0.26677	-0.314948	-0.369033	-0.426539	-0.484186	-0.537978	-0.583112	-0.61405	-0.625024	-0.610683	-0.566831	-0.491654	-0.386916	-0.257675	-0.109949	0.0520472	0.225625	0.405015	0.577373	0.726198	0.840456	0.919095	0.965181	0.976683	
-0.320423	-0.369266	-0.421667	-0.475264	-0.526833	-0.572293	-0.606775	-0.624944	-0.621719	-0.593137	-0.537052	-0.453637	-0.345422	-0.216382	-0.0703538	0.0897545	0.260421	0.43422	0.598434	0.738923	0.846972	0.921901	0.965913	0.976683	0.946305	
-0.429939	-0.479079	-0.526804	-0.569621	-0.60337	-0.623537	-0.625753	-0.606473	-0.563564	-0.496557	-0.406495	-0.295481	-0.166004	-0.0204663	0.138328	0.305473	0.472244	0.626618	0.757114	0.857453	0.92737	0.968015	0.976388	0.945067	0.868381	
-0.538046	-0.575669	-0.605312	-0.623365	-0.626377	-0.611476	-0.576734	-0.521337	-0.445464	-0.349945	-0.235953	-0.10494	0.0409823	0.198135	0.360181	0.51787	0.66064	0.779842	0.871397	0.935208	0.971189	0.975496	0.941176	0.863618	0.746565	
-0.611497	-0.624458	-0.624924	-0.610698	-0.58015	-0.532286	-0.46668	-0.383305	-0.282405	-0.164588	-0.0312421	0.114807	0.268651	0.423083	0.56935	0.699002	0.8061	0.888203	0.944943	0.974875	0.973371	0.9341	0.853805	0.736985	0.596841	
-0.620837	-0.604879	-0.575642	-0.532021	-0.473189	-0.398546	-0.307749	-0.200878	-0.078808	0.0562862	0.20049	0.348052	0.491868	0.624613	0.740212	0.834928	0.907173	0.95584	0.97816	0.969009	0.922971	0.838398	0.720801	0.583057	0.442	
-0.563293	-0.521316	-0.466237	-0.397164	-0.313472	-0.215006	-0.102391	0.0226116	0.156824	0.29562	0.433282	0.563762	0.681657	0.783004	0.865435	0.927403	0.966762	0.979674	0.961003	0.906623	0.816674	0.69776	0.562472	0.426213	0.302913	
-0.444853	-0.378661	-0.299484	-0.207173	-0.102299	0.0136164	0.137943	0.266971	0.396176	0.52074	0.636189	0.738923	0.826377	0.896631	0.947564	0.975994	0.977514	0.947571	0.883688	0.787849	0.667647	0.53528	0.404628	0.287742	0.192265	
-0.264004	-0.176418	-0.078234	0.0291846	0.143661	0.262264	0.381506	0.497689	0.607297	0.707321	0.795348	0.869326	0.927052	0.965599	0.981101	0.969251	0.926671	0.852764	0.75124	0.630414	0.501861	0.377814	0.268382	0.179645	0.113237	
-0.0296617	0.0690927	0.173357	0.280885	0.389085	0.495225	0.596657	0.690982	0.776073	0.849907	0.910244	0.954275	0.978483	0.978925	0.952098	0.896237	0.812647	0.70646	0.58631	0.462854	0.346555	0.245566	0.164434	0.10396	0.0620356	
0.225765	0.321509	0.417868	0.512888	0.60462	0.691177	0.770713	0.841296	0.900698	0.946211	0.974581	0.98223	0.965842	0.923264	0.854529	0.762617	0.653613	0.535997	0.419205	0.311847	0.220183	0.147323	0.0933141	0.0559185	0.0316964	
0.466183	0.549485	0.630603	0.708012	0.780074	0.844944	0.900448	0.943996	0.97259	0.983022	0.972302	0.938298	0.880478	0.800545	0.702716	0.593454	0.480617	0.372176	0.274879	0.193231	0.129075	0.0818298	0.0491975	0.0280379	0.015145	
0.673309	0.740609	0.80371	0.860843	0.90992	0.948513	0.973912	0.983306	0.974109	0.944425	0.893576	0.822579	0.734413	0.633948	0.52746	0.421785	0.323298	0.236973	0.165765	0.110472	0.070049	0.0422205	0.0241734	0.013143	0.00678519	
0.83973	0.887312	0.927717	0.958739	0.978005	0.983136	0.971999	0.943046	0.895681	0.830604	0.750017	0.65762	0.558338	0.457776	0.361497	0.274275	0.199491	0.138819	0.0922623	0.0584831	0.0353172	0.020302	0.0111033	0.00577576	0.00285748	
0.95022	0.971451	0.982191	0.980517	0.96477	0.933791	0.887179	0.825521	0.750535	0.665084	0.573012	0.478792	0.387036	0.30195	0.226832	0.163731	0.113336	0.0751048	0.047576	0.0287738	0.0165989	0.00912701	0.00478131	0.00238578	0.00113387	
0.981557	0.971432	0.949393	0.914662	0.867059	0.807151	0.736342	0.656885	0.571771	0.484503	0.398773	0.318071	0.245316	0.182556	0.130813	0.0900868	0.0595226	0.0376748	0.022814	0.0132028	0.00729598	0.00384755	0.00193551	0.000928598	0.000424887	
0.921445	0.882466	0.833298	0.774506	0.707269	0.633368	0.555119	0.475222	0.396542	0.321852	0.253562	0.193497	0.142738	0.101587	0.0696243	0.0458744	0.029013	0.0175889	0.0102094	0.00566847	0.00300824	0.00152512	0.000738395	0.000341345	0.000150665	
0.783588	0.726384	0.663021	0.594902	0.523801	0.451758	0.380939	0.313464	0.251223	0.195715	0.147923	0.108257	0.0765727	0.0522533	0.0343433	0.0217063	0.0131746	0.00766941	0.00427769	0.00228407	0.00116674	0.000569895	0.000266098	0.000118755	5.06554e-05	
0.603835	0.542334	0.479047	0.415487	0.353249	0.293902	0.238867	0.189303	0.14602	0.109428	0.0795258	0.0559474	0.0380356	0.0249473	0.0157619	0.00957916	0.00559283	0.00313356	0.00168322	0.000866177	0.000426757	0.000201224	9.07797e-05	3.91795e-05	1.61769e-05	
0.422923	0.368529	0.315483	0.264917	0.21786	0.175174	0.137484	0.105145	0.078221	0.0565079	0.0395735	0.0268216	0.0175652	0.011098	0.00675526	0.00395627	0.00222676	0.00120327	0.000623729	0.000309934	0.000147556	6.72819e-05	2.93762e-05	1.22803e-05	4.91533e-06	
0.270404	0.228948	0.190249	0.154928	0.123451	0.0961025	0.072972	0.0539576	0.0387895	0.0270667	0.0183028	0.0119753	0.00756989	0.00461655	0.0027127	0.001534	0.000833933	0.000435436	0.00021821	0.000104885	4.83328e-05	2.13461e-05	9.03364e-06	3.66306e-06	1.42325e-06	
0.158591	0.130666	0.10556	0.0834981	0.0645733	0.0487505	0.035875	0.0256932	0.0178808	0.0120735	0.00789766	0.00499752	0.00305489	0.00180158	0.00102378	0.000559997	0.000294557	0.000148867	7.22404e-05	3.36413e-05	1.5028e-05	6.4379e-06	2.64444e-06	1.04148e-06	3.93299e-07	
0.0857315	0.0688331	0.0541399	0.041659	0.0313157	0.0229642	0.0164038	0.0113974	0.00769118	0.00503362	0.00319047	0.00195579	0.00115804	0.000661504	0.00036414	0.000192974	9.83657e-05	4.81924e-05	2.26797e-05	1.02472e-05	4.4436e-06	1.84891e-06	7.38071e-07	2.82665e-07	1.03865e-07	
0.0429024	0.0336112	0.0257737	0.0193191	0.0141361	0.0100834	0.00700194	0.00472665	0.0030975	0.00196787	0.00121042	0.000719908	0.000413519	0.000229143	0.000122369	6.292e-05	3.11255e-05	1.48034e-05	6.76529e-06	2.96963e-06	1.25163e-06	5.06433e-07	1.96697e-07	7.33339e-08	2.62472e-08	
0.0199248	0.0152524	0.0114183	0.00834908	0.00595507	0.00413785	0.00279721	0.00183723	0.0011709	0.000723159	0.000432282	0.000249807	0.0001394	7.50398e-05	3.89302e-05	1.94485e-05	9.34928e-06	4.32214e-06	1.9206e-06	8.20025e-07	3.36322e-07	1.3248e-07	5.01172e-08	1.82084e-08	6.3541e-09	
0.00851509	0.00638177	0.00467357	0.00334028	0.00232703	0.00157818	0.00104064	0.000666319	0.000413775	0.000248898	0.00014486	8.14823e-05	4.42508e-05	2.31797e-05	1.17018e-05	5.68891e-06	2.66167e-06	1.19783e-06	5.18277e-07	2.15534e-07	8.61316e-08	3.30709e-08	1.21997e-08	4.3241e-09	1.47278e-09	
0.00304625	0.00224541	0.00161602	0.00113422	0.000775395	0.00051569	0.000333244	0.000208986	0.000127039	7.47689e-05	4.25592e-05	2.34046e-05	1.24231e-05	6.35906e-06	3.13655e-06	1.48974e-06	6.80945e-07	2.99399e-07	1.26579e-07	5.14434e-08	2.00944e-08	7.54328e-09	2.72135e-09	9.43585e-10	3.14493e-10	
