-0.00384506	0.30831	0.559359	0.732596	0.806741	0.794288	0.730867	0.635737	0.527231	0.420401	0.318669	0.226345	0.137459	0.0363036	-0.0842028	-0.21878	-0.346362	-0.445514	-0.516501	-0.561703	-0.571939	-0.544421	-0.475628	-0.353686	-0.186106	
0.0595628	0.366398	0.611882	0.775933	0.837785	0.810533	0.7227	0.594062	0.450929	0.310361	0.177884	0.0638479	-0.0330336	-0.129305	-0.240221	-0.36638	-0.485043	-0.575208	-0.637902	-0.66881	-0.654972	-0.601185	-0.512401	-0.376988	-0.198047	
0.104954	0.400285	0.631251	0.780697	0.826942	0.780386	0.664976	0.505009	0.334132	0.169981	0.0193218	-0.104472	-0.200638	-0.286758	-0.384464	-0.497377	-0.599878	-0.671524	-0.713976	-0.718449	-0.672658	-0.591464	-0.489099	-0.354902	-0.185887	
0.118671	0.394485	0.607816	0.736251	0.761426	0.696861	0.560869	0.380239	0.194023	0.018814	-0.139246	-0.266	-0.358453	-0.432696	-0.513328	-0.604819	-0.680326	-0.722638	-0.73519	-0.707379	-0.630527	-0.528477	-0.422399	-0.302306	-0.158293	
0.0888054	0.341493	0.527929	0.631685	0.643241	0.571262	0.426025	0.238505	0.0493488	-0.128562	-0.28876	-0.415429	-0.502004	-0.560774	-0.61675	-0.675394	-0.713135	-0.719422	-0.699672	-0.642787	-0.544345	-0.433236	-0.333584	-0.236009	-0.12438	
0.0040029	0.226867	0.391176	0.481207	0.488932	0.41976	0.27866	0.0963085	-0.0894132	-0.266366	-0.424504	-0.546335	-0.621538	-0.657772	-0.679668	-0.695713	-0.690682	-0.662417	-0.616423	-0.541018	-0.435186	-0.3278	-0.24198	-0.169805	-0.0910958	
-0.138698	0.0668631	0.217917	0.299971	0.314515	0.259769	0.131144	-0.0402882	-0.218045	-0.388615	-0.537446	-0.645903	-0.701185	-0.707738	-0.689875	-0.66076	-0.616846	-0.563456	-0.502868	-0.422387	-0.323265	-0.229752	-0.161023	-0.112232	-0.0622984	
-0.31503	-0.122743	0.0201648	0.106083	0.135807	0.0975823	-0.0134839	-0.16554	-0.327786	-0.48351	-0.612323	-0.696963	-0.725597	-0.700957	-0.645759	-0.577969	-0.506657	-0.441693	-0.379022	-0.305308	-0.223377	-0.149557	-0.0973746	-0.0667636	-0.0391506	
-0.514684	-0.327148	-0.183035	-0.0906011	-0.0458186	-0.0621963	-0.145108	-0.267819	-0.404778	-0.533857	-0.632064	-0.68697	-0.689291	-0.639989	-0.557995	-0.46487	-0.380967	-0.317146	-0.261775	-0.202451	-0.143224	-0.0907252	-0.0521781	-0.0333233	-0.0211472	
-0.718827	-0.533684	-0.39023	-0.286943	-0.218756	-0.205386	-0.250177	-0.331376	-0.431076	-0.524675	-0.588885	-0.616084	-0.599863	-0.538871	-0.445491	-0.342769	-0.25964	-0.205249	-0.16173	-0.119805	-0.0842484	-0.0516765	-0.0231556	-0.0100651	-0.00717071	
-0.924568	-0.741343	-0.588981	-0.464422	-0.367967	-0.316714	-0.310016	-0.339686	-0.397213	-0.454284	-0.488541	-0.49706	-0.475286	-0.417769	-0.328388	-0.230014	-0.156682	-0.114495	-0.0830029	-0.0579509	-0.0437504	-0.0280502	-0.00654174	0.00525698	0.00375235	
-1.11936	-0.928882	-0.760375	-0.608159	-0.47495	-0.375815	-0.31272	-0.291406	-0.308062	-0.333308	-0.348361	-0.351506	-0.337188	-0.295436	-0.222059	-0.138202	-0.0786855	-0.0468995	-0.0249391	-0.0142538	-0.0171527	-0.0146473	0.00160287	0.0145361	0.0120829	
-1.28144	-1.08065	-0.88617	-0.696568	-0.524186	-0.378937	-0.263567	-0.196769	-0.17928	-0.183331	-0.192132	-0.201241	-0.203277	-0.184699	-0.13485	-0.0714712	-0.0257416	-0.00013949	0.0155322	0.0151216	0.000309834	-0.00669253	0.0047179	0.0190964	0.0177377	
-1.3942	-1.1738	-0.948221	-0.726023	-0.520673	-0.334064	-0.176646	-0.0773324	-0.0359142	-0.0281712	-0.0400527	-0.0623928	-0.0847991	-0.0913974	-0.0682071	-0.0279144	0.00617821	0.0299481	0.0420161	0.0339285	0.0126207	-0.000490277	0.0055137	0.019821	0.0202972	
-1.4376	-1.20275	-0.954033	-0.70594	-0.474774	-0.260217	-0.0785762	0.0414812	0.100939	0.114128	0.0934639	0.0557387	0.014381	-0.0152183	-0.018993	-0.00218703	0.0228741	0.0475941	0.0576152	0.0452637	0.0225929	0.00633989	0.00596228	0.0174287	0.0193498	
-1.42032	-1.17895	-0.913828	-0.654018	-0.412535	-0.184283	0.00925414	0.142758	0.215318	0.230555	0.20167	0.151785	0.095777	0.0469691	0.0178754	0.0125595	0.030289	0.0561143	0.0646328	0.0515085	0.0318494	0.0148642	0.00734484	0.0127521	0.0148734	
-1.35543	-1.11694	-0.855666	-0.600002	-0.354382	-0.122018	0.0717345	0.213109	0.297692	0.317219	0.285102	0.228155	0.162581	0.0991658	0.0480671	0.0231085	0.0333536	0.057761	0.0648672	0.054475	0.0409473	0.0249702	0.0102992	0.00692248	0.00754868	
-1.26649	-1.04918	-0.804055	-0.556084	-0.314025	-0.0899567	0.0993224	0.250158	0.347657	0.37472	0.346	0.288535	0.21879	0.1451	0.0763712	0.0349895	0.0357042	0.054242	0.0600357	0.055489	0.0495696	0.0356281	0.0148728	0.00139882	-0.0011069	
-1.18084	-0.99124	-0.769638	-0.538591	-0.306694	-0.0916528	0.0962242	0.256158	0.365268	0.405067	0.388454	0.337118	0.267241	0.186963	0.106304	0.0521823	0.0397946	0.0472993	0.0520798	0.0554097	0.0567808	0.0452596	0.0206133	-0.00217974	-0.00887502	
-1.11275	-0.959342	-0.769727	-0.55356	-0.329103	-0.123296	0.063868	0.232203	0.354049	0.413004	0.415754	0.375597	0.308904	0.226238	0.140292	0.0766123	0.0470464	0.0393101	0.0433142	0.0545826	0.0613208	0.0521956	0.0267396	-0.00230212	-0.0132853	
-1.07993	-0.963965	-0.798899	-0.59549	-0.384764	-0.186153	0.00688929	0.183703	0.31837	0.400927	0.428214	0.403855	0.344197	0.263989	0.178983	0.107927	0.0584793	0.0336243	0.03619	0.0528123	0.0619966	0.0551746	0.0323791	0.00199982	-0.0123194	
-1.08219	-0.997306	-0.857284	-0.673652	-0.473644	-0.271274	-0.0705562	0.110993	0.260112	0.369947	0.424861	0.420617	0.372661	0.300275	0.221126	0.144175	0.0752287	0.0341297	0.0328272	0.0496106	0.0581527	0.0537403	0.0368102	0.0107419	-0.00519134	
-1.11873	-1.06509	-0.949351	-0.780798	-0.586137	-0.379661	-0.173526	0.0149597	0.182111	0.319273	0.402776	0.423122	0.392823	0.33416	0.263926	0.182514	0.0984911	0.0443102	0.0346688	0.0447165	0.0500688	0.0484195	0.0396408	0.0227241	0.00706806	
-1.18818	-1.15625	-1.06022	-0.912544	-0.727811	-0.515327	-0.301018	-0.10326	0.0826813	0.245758	0.358185	0.407542	0.402386	0.363349	0.303082	0.21993	0.129221	0.0661045	0.0422918	0.038707	0.0391979	0.0406358	0.0408341	0.0355408	0.0215191	
-1.26201	-1.25243	-1.19061	-1.07099	-0.890918	-0.67343	-0.456858	-0.247774	-0.0400216	0.146104	0.285962	0.369616	0.398073	0.382971	0.333231	0.25424	0.167333	0.0986809	0.0554936	0.0335312	0.0281366	0.0323407	0.0405398	0.0459592	0.0339158	
-1.31993	-1.35078	-1.3285	-1.23118	-1.06381	-0.859543	-0.643167	-0.415265	-0.188536	0.0137321	0.182027	0.306202	0.373657	0.385037	0.349668	0.284179	0.210067	0.137921	0.0738221	0.0325363	0.0201643	0.025477	0.0388197	0.0506641	0.0399622	
-1.35075	-1.42432	-1.43677	-1.37504	-1.24495	-1.06392	-0.84495	-0.604425	-0.370263	-0.15321	0.0470717	0.212071	0.319028	0.361298	0.349284	0.307229	0.250885	0.177484	0.0969651	0.0394808	0.0184353	0.0215186	0.0354273	0.047222	0.0368799	
-1.32848	-1.43676	-1.49516	-1.48927	-1.40848	-1.2581	-1.05095	-0.815774	-0.580733	-0.34748	-0.119441	0.0796555	0.22564	0.305729	0.328251	0.317422	0.280575	0.210594	0.124139	0.0567893	0.025132	0.0211914	0.0297929	0.0350188	0.02471	
-1.23115	-1.37503	-1.48927	-1.54418	-1.52287	-1.4203	-1.2451	-1.03197	-0.803853	-0.561498	-0.316949	-0.0925762	0.0900276	0.213371	0.280483	0.305819	0.289364	0.231025	0.152855	0.0838697	0.0406149	0.0243067	0.0213853	0.0158802	0.00669929	
-1.06379	-1.24494	-1.40847	-1.52287	-1.56708	-1.52202	-1.3998	-1.22996	-1.02043	-0.781058	-0.535266	-0.298509	-0.0863684	0.0820753	0.199257	0.261955	0.268641	0.233576	0.177961	0.115921	0.0625362	0.0297531	0.0104604	-0.00596999	-0.0116399	
-0.859527	-1.06391	-1.2581	-1.4203	-1.52202	-1.54542	-1.49898	-1.38285	-1.20083	-0.985058	-0.758761	-0.5242	-0.292529	-0.0844041	0.0784178	0.176438	0.213375	0.214153	0.191085	0.143689	0.0853869	0.0356881	-0.00125279	-0.0248625	-0.0246076	
-0.643156	-0.844945	-1.05095	-1.24509	-1.3998	-1.49898	-1.52377	-1.45738	-1.32356	-1.15752	-0.964281	-0.743489	-0.508094	-0.277769	-0.084138	0.0468426	0.123916	0.168663	0.18125	0.155063	0.100958	0.039683	-0.010642	-0.0354465	-0.0286739	
-0.415257	-0.604422	-0.815773	-1.03197	-1.22996	-1.38285	-1.45738	-1.45096	-1.38849	-1.27821	-1.1206	-0.928353	-0.711286	-0.484049	-0.279147	-0.117819	0.00478629	0.0925066	0.138045	0.138389	0.0997032	0.0387066	-0.0144947	-0.0347847	-0.0239829	
-0.188531	-0.370261	-0.580732	-0.803853	-1.02043	-1.20083	-1.32356	-1.38849	-1.39098	-1.32611	-1.21094	-1.06185	-0.881058	-0.681332	-0.483772	-0.298742	-0.137196	-0.0167779	0.0563319	0.0860491	0.0731047	0.0292647	-0.0118069	-0.0240714	-0.0141649	
0.0137354	-0.153209	-0.347479	-0.561497	-0.781058	-0.985058	-1.15752	-1.27821	-1.32611	-1.30645	-1.23995	-1.13585	-1.00118	-0.845396	-0.66746	-0.473044	-0.292906	-0.155042	-0.0603605	-0.00261891	0.0171199	0.00790739	-0.0061805	-0.00911172	-0.00443452	
0.182029	0.0470725	-0.119441	-0.316949	-0.535266	-0.758761	-0.964281	-1.1206	-1.21094	-1.23995	-1.21666	-1.15438	-1.06883	-0.956197	-0.802653	-0.621782	-0.44992	-0.308855	-0.199546	-0.119358	-0.0645258	-0.0280565	-0.00646597	0.00115743	0.000930641	
0.306203	0.212071	0.0796557	-0.0925761	-0.298509	-0.5242	-0.743489	-0.928353	-1.06185	-1.13585	-1.15438	-1.13541	-1.08812	-1.00318	-0.879421	-0.735941	-0.591878	-0.457813	-0.34265	-0.246908	-0.159696	-0.0796049	-0.0237197	-0.00198663	-1.19027e-05	
0.373658	0.319028	0.225641	0.0900277	-0.0863683	-0.292529	-0.508094	-0.711286	-0.881058	-1.00118	-1.06883	-1.08812	-1.06084	-0.995788	-0.910709	-0.813631	-0.701836	-0.582332	-0.469385	-0.362462	-0.251653	-0.144408	-0.0645324	-0.0231586	-0.00753896	
0.385038	0.361298	0.30573	0.213371	0.0820753	-0.0844041	-0.277769	-0.484049	-0.681332	-0.845396	-0.956197	-1.00318	-0.995788	-0.96074	-0.915499	-0.854805	-0.771096	-0.670653	-0.56189	-0.445809	-0.325983	-0.214724	-0.124372	-0.0603812	-0.0218168	
0.349668	0.349284	0.328251	0.280483	0.199257	0.0784178	-0.084138	-0.279147	-0.483772	-0.66746	-0.802653	-0.879421	-0.910709	-0.915499	-0.90039	-0.86314	-0.802776	-0.718252	-0.609879	-0.489327	-0.375724	-0.276822	-0.186755	-0.105222	-0.0427229	
0.284179	0.307229	0.317422	0.305819	0.261955	0.176438	0.0468426	-0.117819	-0.298742	-0.473044	-0.621782	-0.735941	-0.813631	-0.854805	-0.86314	-0.845491	-0.801752	-0.724297	-0.616409	-0.501126	-0.400756	-0.315241	-0.231119	-0.145189	-0.0669899	
0.210067	0.250885	0.280575	0.289364	0.268641	0.213375	0.123916	0.00478629	-0.137196	-0.292906	-0.44992	-0.591878	-0.701836	-0.771096	-0.802776	-0.801752	-0.765659	-0.69317	-0.596338	-0.495538	-0.403811	-0.32185	-0.244755	-0.167414	-0.0859053	
0.137921	0.177484	0.210594	0.231025	0.233576	0.214153	0.168663	0.0925066	-0.0167779	-0.155042	-0.308855	-0.457813	-0.582332	-0.670653	-0.718252	-0.724297	-0.69317	-0.635794	-0.562902	-0.479084	-0.388628	-0.302368	-0.229353	-0.16343	-0.0885692	
0.0738221	0.0969651	0.124139	0.152855	0.177961	0.191085	0.18125	0.138045	0.0563319	-0.0603605	-0.199546	-0.34265	-0.469385	-0.56189	-0.609879	-0.616409	-0.596338	-0.562902	-0.515721	-0.447178	-0.36008	-0.271686	-0.197177	-0.134562	-0.0708112	
0.0325363	0.0394808	0.0567893	0.0838697	0.115921	0.143689	0.155063	0.138389	0.0860491	-0.00261891	-0.119358	-0.246908	-0.362462	-0.445809	-0.489327	-0.501126	-0.495538	-0.479084	-0.447178	-0.3939	-0.321564	-0.240245	-0.161591	-0.094366	-0.0419118	
0.0201643	0.0184353	0.025132	0.0406149	0.0625362	0.0853869	0.100958	0.0997032	0.0731047	0.0171199	-0.0645258	-0.159696	-0.251653	-0.325983	-0.375724	-0.400756	-0.403811	-0.388628	-0.36008	-0.321564	-0.271294	-0.205781	-0.130377	-0.0628668	-0.0201656	
0.025477	0.0215186	0.0211914	0.0243067	0.0297531	0.0356881	0.039683	0.0387066	0.0292647	0.00790739	-0.0280565	-0.0796049	-0.144408	-0.214724	-0.276822	-0.315241	-0.32185	-0.302368	-0.271686	-0.240245	-0.205781	-0.160404	-0.10496	-0.05297	-0.0182982	
0.0388197	0.0354273	0.0297929	0.0213853	0.0104604	-0.00125279	-0.010642	-0.0144947	-0.0118069	-0.0061805	-0.00646597	-0.0237197	-0.0645324	-0.124372	-0.186755	-0.231119	-0.244755	-0.229353	-0.197177	-0.161591	-0.130377	-0.10496	-0.082662	-0.0592196	-0.0315159	
0.0506641	0.047222	0.0350188	0.0158802	-0.00596999	-0.0248625	-0.0354465	-0.0347847	-0.0240714	-0.00911172	0.00115743	-0.00198663	-0.0231586	-0.0603812	-0.105222	-0.145189	-0.167414	-0.16343	-0.134562	-0.094366	-0.0628668	-0.05297	-0.0592196	-0.0610802	-0.0407535	
0.0399622	0.0368799	0.02471	0.00669929	-0.0116399	-0.0246076	-0.0286739	-0.0239829	-0.0141649	-0.00443452	0.000930641	-1.19027e-05	-0.00753896	-0.0218168	-0.0427229	-0.0669899	-0.0859053	-0.0885692	-0.0708112	-0.0419118	-0.0201656	-0.0182982	-0.0315159	-0.0407535	-0.0296798	
