-0.178728	-0.253935	-0.354166	-0.467497	-0.564196	-0.609059	-0.589967	-0.509894	-0.365876	-0.15921	0.0855666	0.33136	0.553391	0.741946	0.884792	0.959063	0.94482	0.843699	0.682877	0.502268	0.337061	0.20721	0.116807	0.0594384	0.0242956	
-0.208018	-0.295199	-0.401532	-0.511101	-0.590167	-0.609523	-0.565291	-0.461107	-0.293692	-0.070469	0.177915	0.416213	0.625613	0.798225	0.919153	0.964921	0.920884	0.796891	0.625603	0.446889	0.291692	0.174688	0.09611	0.0478704	0.0192594	
-0.245424	-0.342118	-0.450913	-0.550848	-0.606941	-0.598705	-0.528873	-0.400004	-0.210118	0.0258832	0.273155	0.50073	0.695515	0.849674	0.945354	0.960179	0.886518	0.742468	0.564703	0.391356	0.248211	0.144675	0.0776145	0.0378042	0.0149582	
-0.290462	-0.393362	-0.499747	-0.583435	-0.612009	-0.575173	-0.47957	-0.325858	-0.115675	0.128183	0.369496	0.583503	0.761646	0.894386	0.961393	0.943549	0.841625	0.681336	0.501496	0.336852	0.207402	0.117552	0.0614392	0.0292385	0.0113688	
-0.341916	-0.446813	-0.544639	-0.605342	-0.603207	-0.537742	-0.416373	-0.238413	-0.0116175	0.234283	0.465048	0.663061	0.822297	0.930189	0.965303	0.914137	0.786652	0.614835	0.4375	0.284555	0.169937	0.0935822	0.0476115	0.0221191	0.00844511	
-0.397741	-0.499432	-0.581509	-0.613202	-0.578876	-0.48545	-0.338522	-0.13812	0.100003	0.341692	0.557922	0.737825	0.875442	0.954719	0.955339	0.87162	0.722654	0.544692	0.374339	0.235556	0.136338	0.0728911	0.0360715	0.0163462	0.00612361	
-0.455053	-0.547244	-0.605918	-0.60419	-0.537917	-0.41752	-0.245717	-0.0263634	0.216398	0.447775	0.646291	0.806008	0.918703	0.965568	0.930215	0.816398	0.651301	0.472927	0.313632	0.190786	0.106943	0.05547	0.0266816	0.0117852	0.00432877	
-0.510128	-0.585435	-0.613577	-0.57635	-0.479708	-0.333403	-0.138425	0.0943959	0.334234	0.549971	0.728358	0.8655	0.949401	0.960527	0.889353	0.749697	0.574815	0.401721	0.256872	0.150951	0.0818915	0.0411828	0.0192423	0.00827859	0.00297934	
-0.558312	-0.608707	-0.600975	-0.528726	-0.403958	-0.232968	-0.0182281	0.220643	0.449957	0.645944	0.802239	0.91377	0.964714	0.937905	0.833118	0.673592	0.495839	0.333241	0.205312	0.116481	0.0611231	0.029786	0.0135112	0.00565845	0.00199396	
-0.59409	-0.611979	-0.565923	-0.461228	-0.310605	-0.116872	0.111909	0.348066	0.560171	0.733609	0.865764	0.947865	0.961983	0.896893	0.762981	0.59092	0.417227	0.269466	0.159869	0.0875182	0.0443999	0.0209562	0.00922403	0.0037583	0.001296	
-0.611566	-0.591248	-0.507765	-0.374312	-0.199949	0.0129391	0.247614	0.47205	0.661938	0.810974	0.916282	0.964577	0.939151	0.837902	0.681548	0.505079	0.341797	0.212011	0.121065	0.0639231	0.0313401	0.0143213	0.00611428	0.00242258	0.000817057	
-0.60522	-0.544289	-0.427191	-0.268705	-0.0730793	0.152817	0.383446	0.58827	0.752872	0.875832	0.950587	0.960841	0.895271	0.762797	0.592432	0.41972	0.272064	0.162005	0.0890074	0.045314	0.0214635	0.00949309	0.00392992	0.00151359	0.00049904	
-0.570787	-0.471041	-0.325754	-0.145413	0.0674666	0.297322	0.513614	0.693202	0.830918	0.925424	0.965106	0.934325	0.830986	0.674925	0.499945	0.33838	0.210006	0.120012	0.0634244	0.0311269	0.0142411	0.00609513	0.0024461	0.000915507	0.000294957	
-0.506349	-0.373478	-0.205294	-0.00617551	0.217086	0.439695	0.632891	0.784266	0.893874	0.95628	0.956426	0.88415	0.748824	0.578896	0.408639	0.26411	0.156898	0.0860357	0.0437317	0.0206873	0.00914125	0.00378558	0.00147259	0.000535473	0.000168522	
-0.413212	-0.254748	-0.0676683	0.145631	0.368957	0.572921	0.73735	0.859481	0.938848	0.964454	0.922127	0.811516	0.653183	0.480101	0.322783	0.19917	0.113248	0.0595878	0.0291317	0.0132834	0.00566899	0.0022715	0.000856445	0.000302532	9.29811e-05	
-0.295521	-0.117894	0.0846725	0.304041	0.514765	0.691083	0.824522	0.916689	0.962023	0.946295	0.861756	0.720038	0.54994	0.384047	0.245867	0.144837	0.0788334	0.0398073	0.0187208	0.0082292	0.00339231	0.00131529	0.000480691	0.000164944	4.9497e-05	
-0.158221	0.0346579	0.247149	0.460332	0.646391	0.790352	0.892711	0.952744	0.959066	0.899635	0.77761	0.615581	0.445697	0.295631	0.18023	0.101385	0.0528381	0.0256124	0.0115899	0.00491255	0.00195648	0.000734167	0.00026011	8.67059e-05	2.54013e-05	
-0.00485285	0.199662	0.411604	0.604475	0.757888	0.868875	0.939723	0.963303	0.926329	0.825073	0.674981	0.505546	0.346831	0.218526	0.126908	0.0682004	0.0340484	0.0158501	0.00690395	0.00282272	0.00108642	0.000394662	0.000135581	4.39105e-05	1.25579e-05	
0.162117	0.370262	0.566771	0.72797	0.846443	0.925341	0.961822	0.943708	0.862559	0.726794	0.561646	0.397724	0.258565	0.154817	0.0856969	0.0440231	0.0210661	0.00942305	0.0039528	0.00155958	0.000580327	0.000204153	6.80253e-05	2.14094e-05	5.97725e-06	
0.337462	0.534737	0.701532	0.826278	0.911269	0.957052	0.95393	0.890939	0.770409	0.612462	0.446619	0.29902	0.184307	0.104949	0.0554152	0.0272333	0.0125001	0.00537623	0.00217319	0.000827872	0.000297964	0.000101551	3.28319e-05	1.00442e-05	2.73775e-06	
0.50964	0.679587	0.809077	0.898618	0.950893	0.9591	0.911549	0.805867	0.656956	0.492023	0.33852	0.214408	0.125407	0.0679784	0.0342733	0.0161281	0.00710672	0.00294117	0.00114641	0.000421918	0.000146959	4.85473e-05	1.52355e-05	4.53214e-06	1.20621e-06	
0.663102	0.79547	0.888124	0.944712	0.961044	0.925903	0.833698	0.694585	0.532737	0.375751	0.244061	0.146385	0.0813453	0.0420258	0.0202546	0.00913603	0.00386831	0.00154177	0.00057991	0.00020633	6.95923e-05	2.2295e-05	6.79495e-06	1.96619e-06	5.11058e-07	
0.786025	0.880287	0.939431	0.961211	0.935467	0.854725	0.725229	0.567895	0.409545	0.272195	0.167104	0.0950456	0.0502507	0.0247768	0.0114292	0.00494698	0.00201473	0.000774021	0.000281167	9.67814e-05	3.16299e-05	9.8327e-06	2.9118e-06	8.19941e-07	2.08185e-07	
0.875447	0.935633	0.96065	0.941505	0.869868	0.749072	0.596948	0.438939	0.2978	0.18675	0.108535	0.058638	0.0295425	0.013922	0.00615469	0.00255938	0.00100366	0.000372021	0.000130622	4.35308e-05	1.37945e-05	4.16366e-06	1.19871e-06	3.28636e-07	8.15312e-08	
0.933657	0.960056	0.944988	0.879987	0.766461	0.61961	0.46319	0.31998	0.204526	0.121234	0.0668273	0.0343568	0.0165222	0.0074531	0.00316204	0.00126483	0.000478109	0.000171151	5.81358e-05	1.87722e-05	5.77208e-06	1.69268e-06	4.74035e-07	1.26592e-07	3.06965e-08	
0.959816	0.946568	0.885768	0.777783	0.635782	0.481767	0.337992	0.219702	0.132566	0.0744327	0.0389945	0.0191135	0.00878889	0.00380093	0.0015497	0.000597015	0.000217775	7.5363e-05	2.4787e-05	7.76132e-06	2.31726e-06	6.60653e-07	1.80079e-07	4.68679e-08	1.11116e-08	
0.946568	0.887645	0.783356	0.645463	0.49432	0.35126	0.231657	0.142	0.0810722	0.0432168	0.0215639	0.0100967	0.004447	0.00184665	0.000724564	0.000269168	9.48534e-05	3.1764e-05	1.01249e-05	3.07674e-06	8.92627e-07	2.47578e-07	6.57232e-08	1.66792e-08	3.86761e-09	
0.885768	0.783356	0.648685	0.500643	0.35938	0.239904	0.149085	0.0863973	0.0467908	0.0237359	0.0113042	0.00506578	0.00214079	0.00085491	0.00032325	0.000115939	3.95132e-05	1.28169e-05	3.96291e-06	1.16965e-06	3.29983e-07	8.90979e-08	2.3049e-08	5.70668e-09	1.29474e-09	
0.777783	0.645463	0.500643	0.362112	0.244112	0.153479	0.0901198	0.0495096	0.0254994	0.0123381	0.00562021	0.00241505	0.000980895	0.000377268	0.00013765	4.77233e-05	1.5747e-05	4.95244e-06	1.48665e-06	4.26517e-07	1.17097e-07	3.07995e-08	7.7691e-09	1.87763e-09	4.16965e-10	
0.635782	0.49432	0.35938	0.244112	0.154967	0.0920344	0.0512104	0.0267431	0.0131315	0.00607419	0.00265181	0.00109464	0.000427996	0.000158773	5.59727e-05	1.87802e-05	6.00588e-06	1.83314e-06	5.34708e-07	1.49236e-07	3.98993e-08	1.02299e-08	2.51769e-09	5.94267e-10	1.2922e-10	
0.481767	0.35126	0.239904	0.153479	0.0920344	0.0517892	0.0273863	0.0136309	0.00639638	0.00283464	0.00118835	0.000472041	0.000177948	6.37592e-05	2.1745e-05	7.06879e-06	2.19317e-06	6.50262e-07	1.84462e-07	5.01217e-08	1.3059e-08	3.26589e-09	7.84681e-10	1.80986e-10	3.85498e-11	
0.337992	0.231657	0.149085	0.0901198	0.0512104	0.0273863	0.0138013	0.00656362	0.00295019	0.00125514	0.000506204	0.000193813	7.05477e-05	2.44468e-05	8.07563e-06	2.54621e-06	7.67188e-07	2.21158e-07	6.10627e-08	1.61651e-08	4.10725e-09	1.00255e-09	2.35294e-10	5.30592e-11	1.10748e-11	
0.219702	0.142	0.0863973	0.0495096	0.0267431	0.0136309	0.00656362	0.00298971	0.00128991	0.000527858	0.000205157	7.58295e-05	2.6689e-05	8.95596e-06	2.8688e-06	8.78215e-07	2.57217e-07	7.21539e-08	1.94057e-08	5.00881e-09	1.24189e-09	2.96052e-10	6.79101e-11	1.49798e-11	3.06511e-12	
0.132566	0.0810722	0.0467908	0.0254994	0.0131315	0.00639638	0.00295019	0.00128991	0.000535276	0.000211072	7.91844e-05	2.82958e-05	9.64241e-06	3.13707e-06	9.75481e-07	2.90224e-07	8.27018e-08	2.25942e-08	5.9237e-09	1.49178e-09	3.6117e-10	8.41365e-11	1.88735e-11	4.07441e-12	8.17594e-13	
0.0744327	0.0432168	0.0237359	0.0123381	0.00607419	0.00283464	0.00125514	0.000527858	0.000211072	8.0335e-05	2.91348e-05	1.00791e-05	3.32961e-06	1.05144e-06	3.17712e-07	9.1954e-08	2.5516e-08	6.79453e-09	1.7378e-09	4.27278e-10	1.01076e-10	2.3023e-11	5.05318e-12	1.06815e-12	2.10281e-13	
0.0389945	0.0215639	0.0113042	0.00562021	0.00265181	0.00118835	0.000506204	0.000205157	7.91844e-05	2.91348e-05	1.02289e-05	3.43023e-06	1.0998e-06	3.37459e-07	9.91862e-08	2.79513e-08	7.55894e-09	1.96338e-09	4.90224e-10	1.17757e-10	2.72343e-11	6.06895e-12	1.304e-12	2.70024e-13	5.21711e-14	
0.0191135	0.0100967	0.00506578	0.00241505	0.00109464	0.000472041	0.000193813	7.58295e-05	2.82958e-05	1.00791e-05	3.43023e-06	1.11641e-06	3.47786e-07	1.03794e-07	2.97019e-08	8.15677e-09	2.15147e-09	5.45494e-10	1.33052e-10	3.12439e-11	7.06868e-12	1.54189e-12	3.24487e-13	6.58544e-14	1.24919e-14	
0.00878889	0.004447	0.00214079	0.000980895	0.000427996	0.000177948	7.05477e-05	2.6689e-05	9.64241e-06	3.32961e-06	1.0998e-06	3.47786e-07	1.05377e-07	3.06177e-08	8.53782e-09	2.28673e-09	5.88729e-10	1.45808e-10	3.47643e-11	7.98523e-12	1.76826e-12	3.77753e-13	7.79007e-14	1.55019e-14	2.88801e-15	
0.00380093	0.00184665	0.00085491	0.000377268	0.000158773	6.37592e-05	2.44468e-05	8.95596e-06	3.13707e-06	1.05144e-06	3.37459e-07	1.03794e-07	3.06177e-08	8.66872e-09	2.3575e-09	6.16291e-10	1.54981e-10	3.75182e-11	8.74946e-12	1.96696e-12	4.26552e-13	8.92883e-14	1.80519e-14	3.52377e-15	6.44978e-16	
0.0015497	0.000724564	0.00032325	0.00013765	5.59727e-05	2.1745e-05	8.07563e-06	2.8688e-06	9.75481e-07	3.17712e-07	9.91862e-08	2.97019e-08	8.53782e-09	2.3575e-09	6.2576e-10	1.59781e-10	3.92736e-11	9.29898e-12	2.12235e-12	4.67227e-13	9.92764e-14	2.03722e-14	4.03977e-15	7.73868e-16	1.39211e-16	
0.000597015	0.000269168	0.000115939	4.77233e-05	1.87802e-05	7.06879e-06	2.54621e-06	8.78215e-07	2.90224e-07	9.1954e-08	2.79513e-08	8.15677e-09	2.28673e-09	6.16291e-10	1.59781e-10	3.98768e-11	9.5865e-12	2.22139e-12	4.96467e-13	1.07085e-13	2.23048e-14	4.48914e-15	8.73491e-16	1.64274e-16	2.90526e-17	
0.000217775	9.48534e-05	3.95132e-05	1.5747e-05	6.00588e-06	2.19317e-06	7.67188e-07	2.57217e-07	8.27018e-08	2.5516e-08	7.55894e-09	2.15147e-09	5.88729e-10	1.54981e-10	3.92736e-11	9.5865e-12	2.25542e-12	5.11763e-13	1.1206e-13	2.36936e-14	4.84017e-15	9.55846e-16	1.82576e-16	3.37228e-17	5.86527e-18	
7.5363e-05	3.1764e-05	1.28169e-05	4.95244e-06	1.83314e-06	6.50262e-07	2.21158e-07	7.21539e-08	2.25942e-08	6.79453e-09	1.96338e-09	5.45494e-10	1.45808e-10	3.75182e-11	9.29898e-12	2.22139e-12	5.11763e-13	1.13769e-13	2.44199e-14	5.06378e-15	1.01498e-15	1.96759e-16	3.69082e-17	6.69783e-18	1.14599e-18	
2.4787e-05	1.01249e-05	3.96291e-06	1.48665e-06	5.34708e-07	1.84462e-07	6.10627e-08	1.94057e-08	5.9237e-09	1.7378e-09	4.90224e-10	1.33052e-10	3.47643e-11	8.74946e-12	2.12235e-12	4.96467e-13	1.1206e-13	2.44199e-14	5.14058e-15	1.04591e-15	2.05787e-16	3.91758e-17	7.2195e-18	1.28768e-18	2.16804e-19	
7.76132e-06	3.07674e-06	1.16965e-06	4.26517e-07	1.49236e-07	5.01217e-08	1.61651e-08	5.00881e-09	1.49178e-09	4.27278e-10	1.17757e-10	3.12439e-11	7.98523e-12	1.96696e-12	4.67227e-13	1.07085e-13	2.36936e-14	5.06378e-15	1.04591e-15	2.08887e-16	4.03607e-17	7.54836e-18	1.36711e-18	2.39741e-19	3.97321e-20	
2.31726e-06	8.92627e-07	3.29983e-07	1.17097e-07	3.98993e-08	1.3059e-08	4.10725e-09	1.24189e-09	3.6117e-10	1.01076e-10	2.72343e-11	7.06868e-12	1.76826e-12	4.26552e-13	9.92764e-14	2.23048e-14	4.84017e-15	1.01498e-15	2.05787e-16	4.03607e-17	7.66122e-18	1.40815e-18	2.50736e-19	4.32454e-20	7.05664e-21	
6.60653e-07	2.47578e-07	8.90979e-08	3.07995e-08	1.02299e-08	3.26589e-09	1.00255e-09	2.96052e-10	8.41365e-11	2.3023e-11	6.06895e-12	1.54189e-12	3.77753e-13	8.92883e-14	2.03722e-14	4.48914e-15	9.55846e-16	1.96759e-16	3.91758e-17	7.54836e-18	1.40815e-18	2.54458e-19	4.45601e-20	7.56125e-21	1.21515e-21	
1.80079e-07	6.57232e-08	2.3049e-08	7.7691e-09	2.51769e-09	7.84681e-10	2.35294e-10	6.79101e-11	1.88735e-11	5.05318e-12	1.304e-12	3.24487e-13	7.79007e-14	1.80519e-14	4.03977e-15	8.73491e-16	1.82576e-16	3.69082e-17	7.2195e-18	1.36711e-18	2.50736e-19	4.45601e-20	7.67688e-21	1.28201e-21	2.02964e-22	
4.68679e-08	1.66792e-08	5.70668e-09	1.87763e-09	5.94267e-10	1.80986e-10	5.30592e-11	1.49798e-11	4.07441e-12	1.06815e-12	2.70024e-13	6.58544e-14	1.55019e-14	3.52377e-15	7.73868e-16	1.64274e-16	3.37228e-17	6.69783e-18	1.28768e-18	2.39741e-19	4.32454e-20	7.56125e-21	1.28201e-21	2.10765e-22	3.28806e-23	
1.11116e-08	3.86761e-09	1.29474e-09	4.16965e-10	1.2922e-10	3.85498e-11	1.10748e-11	3.06511e-12	8.17594e-13	2.10281e-13	5.21711e-14	1.24919e-14	2.88801e-15	6.44978e-16	1.39211e-16	2.90526e-17	5.86527e-18	1.14599e-18	2.16804e-19	3.97321e-20	7.05664e-21	1.21515e-21	2.02964e-22	3.28806e-23	5.05899e-24	
