-0.748408	-0.714404	-0.70075	-0.710757	-0.748756	-0.812601	-0.892216	-0.95583	-0.962809	-0.902627	-0.781628	-0.60308	-0.388288	-0.170916	0.0298381	0.202977	0.336776	0.423006	0.450019	0.407893	0.311933	0.197119	0.090866	0.013354	-0.0153159	
-0.606437	-0.565075	-0.548679	-0.56001	-0.605164	-0.683525	-0.783968	-0.871622	-0.908321	-0.883154	-0.79184	-0.631611	-0.427505	-0.216161	-0.0173498	0.158932	0.304642	0.410057	0.453782	0.420132	0.328448	0.217818	0.113751	0.0332512	-0.00378024	
-0.461515	-0.425067	-0.414108	-0.432972	-0.488572	-0.580999	-0.698218	-0.804826	-0.867685	-0.874353	-0.809491	-0.666257	-0.473077	-0.267749	-0.0704781	0.109496	0.267562	0.391786	0.451873	0.428253	0.343873	0.239992	0.139871	0.0574951	0.011192	
-0.333261	-0.30785	-0.306605	-0.334445	-0.398997	-0.501741	-0.629859	-0.749846	-0.835248	-0.870393	-0.829326	-0.703199	-0.522492	-0.324016	-0.128341	0.0556576	0.225921	0.367524	0.443094	0.431452	0.357942	0.26349	0.169014	0.0859109	0.0295243	
-0.231901	-0.220043	-0.22717	-0.261594	-0.332158	-0.440485	-0.573116	-0.701547	-0.80642	-0.86668	-0.847411	-0.739759	-0.57401	-0.383783	-0.190012	-0.0017707	0.179898	0.336449	0.426271	0.42899	0.370322	0.288006	0.200751	0.118	0.0508422	
-0.160709	-0.158221	-0.170903	-0.209863	-0.282794	-0.391331	-0.522972	-0.656461	-0.77806	-0.859796	-0.860964	-0.77412	-0.626313	-0.446044	-0.254631	-0.0620805	0.129491	0.297708	0.40043	0.420254	0.380567	0.313028	0.234411	0.15289	0.0744231	
-0.113146	-0.117236	-0.133294	-0.173463	-0.245031	-0.349668	-0.476467	-0.612692	-0.748016	-0.847327	-0.868223	-0.805026	-0.678193	-0.509733	-0.321285	-0.124678	0.074515	0.250555	0.364956	0.4048	0.388062	0.337779	0.269035	0.189302	0.0991767	
-0.0853055	-0.0913446	-0.107574	-0.147207	-0.215338	-0.312627	-0.431859	-0.56938	-0.714998	-0.827781	-0.868214	-0.831492	-0.72833	-0.573576	-0.388969	-0.189143	0.0146151	0.194507	0.319735	0.38236	0.391971	0.361168	0.303342	0.225549	0.12367	
-0.0686493	-0.0736423	-0.0905582	-0.128652	-0.190614	-0.277946	-0.388865	-0.526648	-0.678157	-0.800358	-0.860615	-0.852648	-0.775174	-0.636028	-0.456607	-0.255293	-0.0506727	0.129515	0.265241	0.352821	0.391191	0.381739	0.335685	0.259569	0.146212	
-0.0585654	-0.0630023	-0.0797729	-0.114211	-0.168624	-0.245395	-0.348251	-0.484519	-0.636841	-0.765131	-0.845679	-0.867553	-0.816879	-0.695287	-0.523136	-0.323221	-0.121785	0.0561105	0.202537	0.316171	0.384354	0.397643	0.36401	0.289011	0.164995	
-0.0528442	-0.0555923	-0.072158	-0.102827	-0.149087	-0.215072	-0.310508	-0.442922	-0.591004	-0.723035	-0.82394	-0.875092	-0.851391	-0.749412	-0.587596	-0.393227	-0.198915	-0.0244972	0.133166	0.272441	0.369866	0.406639	0.385846	0.311359	0.178289	
-0.0468952	-0.0513119	-0.068205	-0.093535	-0.130783	-0.187355	-0.276545	-0.401757	-0.541047	-0.67566	-0.796049	-0.874024	-0.876599	-0.796479	-0.649208	-0.465643	-0.281753	-0.110442	0.0589372	0.221637	0.346009	0.406133	0.398324	0.324111	0.184656	
-0.0440619	-0.0507705	-0.0653262	-0.0844305	-0.114124	-0.163757	-0.246551	-0.360366	-0.488141	-0.625248	-0.762536	-0.863022	-0.890584	-0.834826	-0.707389	-0.540522	-0.369219	-0.199358	-0.018376	0.163699	0.311068	0.393269	0.398278	0.324979	0.183147	
-0.0425787	-0.0508993	-0.0624751	-0.0763658	-0.100236	-0.144584	-0.219546	-0.318593	-0.434583	-0.574072	-0.723498	-0.840959	-0.891984	-0.863263	-0.761633	-0.617226	-0.459307	-0.288681	-0.0973571	0.0984861	0.263485	0.3651	0.38246	0.312105	0.173414	
-0.0428631	-0.0526417	-0.0599363	-0.0692339	-0.0891944	-0.129599	-0.194634	-0.277182	-0.38309	-0.523773	-0.678735	-0.807332	-0.880289	-0.881192	-0.811278	-0.694045	-0.549106	-0.376053	-0.177209	0.0257904	0.201987	0.318841	0.347873	0.284246	0.155711	
-0.0466663	-0.0536667	-0.0564504	-0.0633525	-0.0818176	-0.118261	-0.1707	-0.237541	-0.336328	-0.47514	-0.628046	-0.762589	-0.856023	-0.888611	-0.855185	-0.767951	-0.635052	-0.459715	-0.25788	-0.0546433	0.125687	0.252229	0.292232	0.240909	0.130747	
-0.0495178	-0.0530519	-0.0531831	-0.0599679	-0.0782519	-0.108651	-0.147014	-0.202205	-0.29629	-0.427815	-0.571612	-0.708424	-0.820808	-0.885928	-0.891412	-0.83467	-0.713432	-0.538793	-0.339998	-0.143104	0.0341338	0.163958	0.214482	0.182402	0.0994195	
-0.0529645	-0.0512701	-0.0506508	-0.059969	-0.0771006	-0.0984046	-0.124772	-0.174176	-0.26301	-0.380574	-0.51074	-0.64785	-0.77708	-0.873588	-0.917074	-0.889187	-0.781007	-0.613322	-0.424617	-0.239909	-0.0726353	0.0541405	0.115272	0.10981	0.0625191	
-0.0529608	-0.047286	-0.0517014	-0.0631932	-0.0750816	-0.0869644	-0.107183	-0.154735	-0.234237	-0.332691	-0.4483	-0.584669	-0.727558	-0.851718	-0.928567	-0.926645	-0.835599	-0.683989	-0.512838	-0.345378	-0.193992	-0.0752931	-0.00275812	0.0249169	0.0205253	
-0.0477377	-0.0476896	-0.0572155	-0.0651935	-0.0704499	-0.0771393	-0.0967428	-0.142045	-0.207114	-0.285172	-0.388148	-0.522657	-0.674755	-0.8199	-0.922213	-0.943489	-0.876441	-0.751634	-0.605392	-0.459699	-0.328521	-0.220411	-0.135004	-0.069882	-0.02638	
-0.0467762	-0.0532801	-0.0612849	-0.0641067	-0.0657624	-0.0715769	-0.0929606	-0.132696	-0.180083	-0.240564	-0.334113	-0.464986	-0.620484	-0.777158	-0.895331	-0.938561	-0.904159	-0.816667	-0.702274	-0.582609	-0.473712	-0.375417	-0.275319	-0.171606	-0.0780032	
-0.0494328	-0.0587546	-0.062923	-0.0621275	-0.0626146	-0.0709543	-0.0938953	-0.123336	-0.153262	-0.202277	-0.289312	-0.413647	-0.565341	-0.722433	-0.847588	-0.913721	-0.920345	-0.878648	-0.802473	-0.712837	-0.625633	-0.533194	-0.416759	-0.276636	-0.133587	
-0.0559176	-0.0642808	-0.0618644	-0.0592771	-0.0627254	-0.0758951	-0.0958916	-0.111128	-0.129084	-0.173984	-0.255164	-0.368758	-0.50873	-0.655723	-0.78206	-0.873634	-0.926924	-0.936196	-0.90377	-0.847382	-0.778711	-0.686156	-0.552467	-0.380612	-0.191207	
-0.0661054	-0.0632216	-0.0571186	-0.0597849	-0.0689832	-0.0831647	-0.0935993	-0.0967774	-0.112407	-0.157546	-0.23039	-0.32871	-0.449764	-0.57935	-0.705383	-0.824737	-0.92566	-0.987274	-1.00253	-0.980852	-0.925828	-0.8272	-0.676411	-0.47839	-0.247438	
-0.0645745	-0.0554411	-0.0582069	-0.0674059	-0.0774992	-0.0862335	-0.0858725	-0.0858844	-0.106922	-0.150999	-0.211702	-0.291247	-0.388479	-0.498673	-0.626751	-0.773775	-0.917996	-1.02961	-1.09352	-1.10524	-1.05881	-0.950405	-0.783705	-0.564221	-0.297563	
-0.0547776	-0.0572265	-0.0677165	-0.0753755	-0.0823183	-0.0832796	-0.0776258	-0.0842331	-0.111634	-0.149619	-0.195586	-0.254427	-0.326945	-0.421946	-0.55595	-0.726422	-0.90525	-1.06101	-1.16988	-1.21048	-1.16926	-1.05114	-0.87041	-0.632289	-0.336484	
-0.0572265	-0.0680213	-0.0748519	-0.0799771	-0.0828115	-0.0768922	-0.0755314	-0.093488	-0.12136	-0.148526	-0.179255	-0.217585	-0.27025	-0.358895	-0.500865	-0.686505	-0.888897	-1.07921	-1.22354	-1.28588	-1.24943	-1.12549	-0.932975	-0.677597	-0.360109	
-0.0677165	-0.0748519	-0.0791533	-0.0826449	-0.0780579	-0.0729252	-0.0850885	-0.109445	-0.129305	-0.144501	-0.161197	-0.182856	-0.22638	-0.317864	-0.465544	-0.65616	-0.870473	-1.08151	-1.24633	-1.32223	-1.29289	-1.16928	-0.967716	-0.696998	-0.366706	
-0.0753755	-0.0799771	-0.0826449	-0.078667	-0.0724555	-0.0812446	-0.104327	-0.122752	-0.131145	-0.136808	-0.142145	-0.156267	-0.203835	-0.302685	-0.450027	-0.636437	-0.85068	-1.06445	-1.23185	-1.31366	-1.29465	-1.17734	-0.970791	-0.689911	-0.357526	
-0.0823183	-0.0828115	-0.0780579	-0.0724555	-0.080105	-0.102268	-0.120902	-0.126992	-0.127695	-0.126427	-0.126451	-0.146626	-0.207535	-0.31147	-0.451971	-0.627214	-0.82796	-1.02427	-1.17741	-1.25865	-1.25095	-1.14378	-0.93888	-0.658291	-0.3362	
-0.0832796	-0.0768922	-0.0729252	-0.0812446	-0.102268	-0.120548	-0.126041	-0.124719	-0.121287	-0.116316	-0.122959	-0.161193	-0.235676	-0.338612	-0.468299	-0.625778	-0.797815	-0.958602	-1.08514	-1.15936	-1.15932	-1.06361	-0.870356	-0.605594	-0.306967	
-0.0776258	-0.0755314	-0.0850885	-0.104327	-0.120902	-0.126041	-0.124054	-0.11989	-0.113681	-0.11484	-0.141587	-0.200042	-0.2809	-0.378329	-0.494688	-0.62527	-0.754244	-0.868271	-0.961032	-1.02	-1.01944	-0.935413	-0.76629	-0.535059	-0.272488	
-0.0842331	-0.093488	-0.109445	-0.122752	-0.126992	-0.124719	-0.11989	-0.113257	-0.112637	-0.13427	-0.184988	-0.255262	-0.335525	-0.425664	-0.523128	-0.615538	-0.692945	-0.757458	-0.812142	-0.845611	-0.835091	-0.763624	-0.630636	-0.44817	-0.232447	
-0.111634	-0.12136	-0.129305	-0.131145	-0.127695	-0.121287	-0.113681	-0.112637	-0.132449	-0.179588	-0.245108	-0.317677	-0.39463	-0.473215	-0.541336	-0.587356	-0.613629	-0.631288	-0.643817	-0.642358	-0.615799	-0.558878	-0.469466	-0.344396	-0.183916	
-0.149619	-0.148526	-0.144501	-0.136808	-0.126427	-0.116316	-0.11484	-0.13427	-0.179588	-0.24245	-0.311459	-0.382475	-0.452192	-0.508445	-0.537144	-0.536862	-0.518716	-0.49246	-0.459386	-0.419248	-0.376761	-0.335888	-0.289915	-0.222782	-0.123581	
-0.195586	-0.179255	-0.161197	-0.142145	-0.126451	-0.122959	-0.141587	-0.184988	-0.245108	-0.311459	-0.379355	-0.444891	-0.496096	-0.517708	-0.504801	-0.465423	-0.409325	-0.3404	-0.262798	-0.189106	-0.13592	-0.10983	-0.0997905	-0.0849102	-0.0507549	
-0.254427	-0.217585	-0.182856	-0.156267	-0.146626	-0.161193	-0.200042	-0.255262	-0.317677	-0.382475	-0.444891	-0.493063	-0.511778	-0.494328	-0.445995	-0.374687	-0.283238	-0.174589	-0.0616744	0.0331506	0.090675	0.106605	0.0917369	0.062374	0.030465	
-0.326945	-0.27025	-0.22638	-0.203835	-0.207535	-0.235676	-0.2809	-0.335525	-0.39463	-0.452192	-0.496096	-0.511778	-0.492159	-0.440797	-0.363902	-0.262846	-0.138098	0.000758531	0.132722	0.234658	0.292448	0.303785	0.273058	0.206304	0.111264	
-0.421946	-0.358895	-0.317864	-0.302685	-0.31147	-0.338612	-0.378329	-0.425664	-0.473215	-0.508445	-0.517708	-0.494328	-0.440797	-0.361856	-0.257794	-0.127427	0.0228205	0.175553	0.309335	0.408252	0.464483	0.47355	0.430098	0.330524	0.18053	
-0.55595	-0.500865	-0.465544	-0.450027	-0.451971	-0.468299	-0.494688	-0.523128	-0.541336	-0.537144	-0.504801	-0.445995	-0.363902	-0.257794	-0.125651	0.0279712	0.188682	0.337981	0.461742	0.552534	0.604437	0.607388	0.548346	0.419669	0.2285	
-0.726422	-0.686505	-0.65616	-0.636437	-0.627214	-0.625778	-0.62527	-0.615538	-0.587356	-0.536862	-0.465423	-0.374687	-0.262846	-0.127427	0.0279712	0.191012	0.345718	0.480188	0.588963	0.66813	0.708878	0.696501	0.616588	0.464168	0.249907	
-0.90525	-0.888897	-0.870473	-0.85068	-0.82796	-0.797815	-0.754244	-0.692945	-0.613629	-0.518716	-0.409325	-0.283238	-0.138098	0.0228205	0.188682	0.345718	0.484059	0.599997	0.691736	0.753207	0.772124	0.73424	0.630617	0.463081	0.245284	
-1.06101	-1.07921	-1.08151	-1.06445	-1.02427	-0.958602	-0.868271	-0.757458	-0.631288	-0.49246	-0.3404	-0.174589	0.000758531	0.175553	0.337981	0.480188	0.599997	0.69711	0.767602	0.80197	0.788531	0.719442	0.594996	0.423855	0.220132	
-1.16988	-1.22354	-1.24633	-1.23185	-1.17741	-1.08514	-0.961032	-0.812142	-0.643817	-0.459386	-0.262798	-0.0616744	0.132722	0.309335	0.461742	0.588963	0.691736	0.767602	0.809208	0.807379	0.756522	0.658398	0.521894	0.359426	0.182637	
-1.21048	-1.28588	-1.32223	-1.31366	-1.25865	-1.15936	-1.02	-0.845611	-0.642358	-0.419248	-0.189106	0.0331506	0.234658	0.408252	0.552534	0.66813	0.753207	0.80197	0.807379	0.765993	0.681408	0.564044	0.427566	0.284158	0.141088	
-1.16926	-1.24943	-1.29289	-1.29465	-1.25095	-1.15932	-1.01944	-0.835091	-0.615799	-0.376761	-0.13592	0.090675	0.292448	0.464483	0.604437	0.708878	0.772124	0.788531	0.756522	0.681408	0.575066	0.452638	0.32803	0.210268	0.101954	
-1.05114	-1.12549	-1.16928	-1.17734	-1.14378	-1.06361	-0.935413	-0.763624	-0.558878	-0.335888	-0.10983	0.106605	0.303785	0.47355	0.607388	0.696501	0.73424	0.719442	0.658398	0.564044	0.452638	0.33951	0.235594	0.145768	0.0690351	
-0.87041	-0.932975	-0.967716	-0.970791	-0.93888	-0.870356	-0.76629	-0.630636	-0.469466	-0.289915	-0.0997905	0.0917369	0.273058	0.430098	0.548346	0.616588	0.630617	0.594996	0.521894	0.427566	0.32803	0.235594	0.157127	0.0940709	0.04357	
-0.632289	-0.677597	-0.696998	-0.689911	-0.658291	-0.605594	-0.535059	-0.44817	-0.344396	-0.222782	-0.0849102	0.062374	0.206304	0.330524	0.419669	0.464168	0.463081	0.423855	0.359426	0.284158	0.210268	0.145768	0.0940709	0.0547717	0.0248851	
-0.336484	-0.360109	-0.366706	-0.357526	-0.3362	-0.306967	-0.272488	-0.232447	-0.183916	-0.123581	-0.0507549	0.030465	0.111264	0.18053	0.2285	0.249907	0.245284	0.220132	0.182637	0.141088	0.101954	0.0690351	0.04357	0.0248851	0.0111547	
