0	0	0	0	0	0	0	0	0	0	0	0	0	0	0	0	0	0	0	0	0	0	0	0	0	
0	4.55328e-15	4.42528e-14	3.94711e-13	3.24994e-12	2.46366e-11	1.71461e-10	1.09235e-09	6.35148e-09	3.36054e-08	1.61323e-07	7.00713e-07	2.74715e-06	9.70231e-06	3.08309e-05	8.81268e-05	0.000226815	0.000526917	0.00110929	0.00212775	0.00374247	0.00607832	0.00917993	0.0129782	0.0172798	
0	4.42528e-14	4.14865e-13	3.56249e-12	2.81988e-11	2.05184e-10	1.3684e-09	8.33913e-09	4.62941e-08	2.33393e-07	1.0654e-06	4.39129e-06	1.6304e-05	5.44306e-05	0.000163247	0.000439958	0.0010673	0.00233846	0.00465071	0.0084497	0.0141279	0.0219052	0.0317314	0.0432426	0.055782	
0	3.94711e-13	3.56249e-12	2.93861e-11	2.23061e-10	1.55364e-09	9.89852e-09	5.75041e-08	3.03615e-07	1.45224e-06	6.27328e-06	2.44037e-05	8.5289e-05	0.00026736	0.000751306	0.00189416	0.00429549	0.00880112	0.016395	0.0279805	0.0441172	0.0648089	0.0894157	0.116709	0.145038	
0	3.24994e-12	2.81988e-11	2.23061e-10	1.62066e-09	1.07823e-08	6.54721e-08	3.61617e-07	1.81047e-06	8.18836e-06	3.33456e-05	0.000121909	0.000399173	0.00116889	0.00306052	0.00717631	0.0151236	0.0288117	0.0500031	0.0797725	0.118102	0.163766	0.214512	0.26745	0.319489	
0	2.46366e-11	2.05184e-10	1.55364e-09	1.07823e-08	6.83638e-08	3.94608e-07	2.06609e-06	9.7761e-06	4.16504e-05	0.000159218	0.000544427	0.0016612	0.00451736	0.0109515	0.0237275	0.0461704	0.0812903	0.130733	0.19408	0.268808	0.350836	0.435376	0.517756	0.594001	
0	1.71461e-10	1.3684e-09	9.89852e-09	6.54721e-08	3.94608e-07	2.159e-06	1.06807e-05	4.75844e-05	0.000190155	0.00067903	0.00215961	0.00610263	0.0153063	0.0341092	0.0677828	0.120928	0.195546	0.28994	0.399037	0.515781	0.632816	0.743829	0.844242	0.93133	
0	1.09235e-09	8.33913e-09	5.75041e-08	3.61617e-07	2.06609e-06	1.06807e-05	4.97426e-05	0.000207782	0.000775052	0.00257094	0.00755698	0.0196352	0.0450685	0.0915663	0.165571	0.26892	0.39723	0.541214	0.689731	0.832693	0.962814	1.07601	1.17095	1.24815	
0	6.35148e-09	4.62941e-08	3.03615e-07	1.81047e-06	9.7761e-06	4.75844e-05	0.000207782	0.000809948	0.00280462	0.00858723	0.0231587	0.0548791	0.114272	0.209838	0.342616	0.503892	0.678485	0.850737	1.00878	1.14594	1.26005	1.35193	1.42393	1.4788	
0	3.36054e-08	2.33393e-07	1.45224e-06	8.18836e-06	4.16504e-05	0.000190155	0.000775052	0.00280462	0.0089603	0.0251433	0.0617099	0.132185	0.247444	0.407437	0.597769	0.796121	0.982914	1.14666	1.28308	1.39248	1.47713	1.53993	1.58392	1.61171	
0	1.61323e-07	1.0654e-06	6.27328e-06	3.33456e-05	0.000159218	0.00067903	0.00257094	0.00858723	0.0251433	0.0641614	0.142077	0.272655	0.455317	0.669612	0.8854	1.08032	1.24582	1.38074	1.486	1.56296	1.61306	1.63897	1.64408	1.63302	
0	7.00713e-07	4.39129e-06	2.44037e-05	0.000121909	0.000544427	0.00215961	0.00755698	0.0231587	0.0617099	0.142077	0.281524	0.480643	0.714125	0.943774	1.14482	1.31332	1.45029	1.55305	1.61936	1.64919	1.64595	1.61609	1.56677	1.50749	
0	2.74715e-06	1.6304e-05	8.5289e-05	0.000399173	0.0016612	0.00610263	0.0196352	0.0548791	0.132185	0.272655	0.480643	0.72913	0.972243	1.18107	1.35594	1.49878	1.59869	1.64887	1.65145	1.61275	1.54333	1.45294	1.35163	1.24986	
0	9.70231e-06	5.44306e-05	0.00026736	0.00116889	0.00451736	0.0153063	0.0450685	0.114272	0.247444	0.455317	0.714125	0.972243	1.19273	1.37692	1.52803	1.62517	1.65691	1.63306	1.56294	1.45777	1.32857	1.18423	1.03649	0.893352	
0	3.08309e-05	0.000163247	0.000751306	0.00306052	0.0109515	0.0341092	0.0915663	0.209838	0.407437	0.669612	0.943774	1.18107	1.37692	1.53784	1.63643	1.65465	1.61234	1.51973	1.38175	1.21223	1.02096	0.822787	0.629982	0.451538	
0	8.81268e-05	0.000439958	0.00189416	0.00717631	0.0237275	0.0677828	0.165571	0.342616	0.597769	0.8854	1.14482	1.35594	1.52803	1.63643	1.65255	1.60059	1.49301	1.32252	1.11192	0.876017	0.631985	0.395597	0.17674	-0.0159187	
0	0.000226815	0.0010673	0.00429549	0.0151236	0.0461704	0.120928	0.26892	0.503892	0.796121	1.08032	1.31332	1.49878	1.62517	1.65465	1.60059	1.48412	1.28788	1.04249	0.773676	0.489961	0.21544	-0.0435883	-0.271753	-0.467601	
0	0.000526917	0.00233846	0.00880112	0.0288117	0.0812903	0.195546	0.39723	0.678485	0.982914	1.24582	1.45029	1.59869	1.65691	1.61234	1.49301	1.28788	1.01788	0.725137	0.402911	0.0889252	-0.208245	-0.468697	-0.687795	-0.860732	
0	0.00110929	0.00465071	0.016395	0.0500031	0.130733	0.28994	0.541214	0.850737	1.14666	1.38074	1.55305	1.64887	1.63306	1.51973	1.32252	1.04249	0.725137	0.372634	0.0190491	-0.304526	-0.596092	-0.830268	-1.01681	-1.14779	
0	0.00212775	0.0084497	0.0279805	0.0797725	0.19408	0.399037	0.689731	1.00878	1.28308	1.486	1.61936	1.65145	1.56294	1.38175	1.11192	0.773676	0.402911	0.0190491	-0.33327	-0.656813	-0.914314	-1.11488	-1.24247	-1.32057	
0	0.00374247	0.0141279	0.0441172	0.118102	0.268808	0.515781	0.832693	1.14594	1.39248	1.56296	1.64919	1.61275	1.45777	1.21223	0.876017	0.489961	0.0889252	-0.304526	-0.656813	-0.945806	-1.15555	-1.28911	-1.34708	-1.3494	
0	0.00607832	0.0219052	0.0648089	0.163766	0.350836	0.632816	0.962814	1.26005	1.47713	1.61306	1.64595	1.54333	1.32857	1.02096	0.631985	0.21544	-0.208245	-0.596092	-0.914314	-1.15555	-1.30163	-1.35947	-1.34073	-1.26793	
0	0.00917993	0.0317314	0.0894157	0.214512	0.435376	0.743829	1.07601	1.35193	1.53993	1.63897	1.61609	1.45294	1.18423	0.822787	0.395597	-0.0435883	-0.468697	-0.830268	-1.11488	-1.28911	-1.35947	-1.33175	-1.23358	-1.09475	
0	0.0129782	0.0432426	0.116709	0.26745	0.517756	0.844242	1.17095	1.42393	1.58392	1.64408	1.56677	1.35163	1.03649	0.629982	0.17674	-0.271753	-0.687795	-1.01681	-1.24247	-1.34708	-1.34073	-1.23358	-1.0728	-0.892818	
0	0.0172798	0.055782	0.145038	0.319489	0.594001	0.93133	1.24815	1.4788	1.61171	1.63302	1.50749	1.24986	0.893352	0.451538	-0.0159187	-0.467601	-0.860732	-1.14779	-1.32057	-1.3494	-1.26793	-1.09475	-0.892818	-0.712745	
0	0.0217824	0.0684787	0.172553	0.367717	0.661103	1.00387	1.30897	1.519	1.62661	1.61258	1.44704	1.15321	0.761032	0.295726	-0.179425	-0.626278	-0.990862	-1.2368	-1.34389	-1.31393	-1.16818	-0.956777	-0.744348	-0.601849	
0	0.0261132	0.0803601	0.197425	0.409647	0.716999	1.06159	1.35506	1.54716	1.63279	1.58889	1.39042	1.06613	0.647643	0.168345	-0.311055	-0.746838	-1.08229	-1.28979	-1.34411	-1.25827	-1.06671	-0.840679	-0.647941	-0.561896	
0	0.0298798	0.0904727	0.218022	0.443316	0.760386	1.10478	1.38816	1.56595	1.63388	1.56606	1.34188	0.995682	0.559837	0.0691443	-0.41173	-0.83274	-1.14546	-1.31462	-1.32771	-1.20684	-0.985903	-0.763866	-0.598665	-0.550809	
0	0.0327237	0.0979888	0.233027	0.467295	0.790526	1.13398	1.40986	1.57745	1.63261	1.54786	1.30649	0.945649	0.496797	-0.000298886	-0.477475	-0.889428	-1.1841	-1.32646	-1.31166	-1.15988	-0.934897	-0.713146	-0.58161	-0.539598	
0	0.0343673	0.10229	0.241505	0.480651	0.807052	1.14972	1.42132	1.58321	1.63123	1.53716	1.28638	0.917411	0.462054	-0.0378002	-0.513818	-0.918769	-1.20171	-1.33202	-1.30082	-1.13509	-0.903706	-0.687324	-0.562774	-0.531151	
0	0.0346481	0.103021	0.242939	0.482896	0.809811	1.15233	1.4232	1.58415	1.63097	1.53527	1.28277	0.91257	0.456966	-0.0433124	-0.520718	-0.924661	-1.20529	-1.33175	-1.29664	-1.13358	-0.898601	-0.68562	-0.557997	-0.530368	
0	0.0335381	0.100123	0.237243	0.473951	0.798781	1.14187	1.41564	1.58039	1.63193	1.54245	1.29657	0.931887	0.479405	-0.0190208	-0.495267	-0.905912	-1.19382	-1.32593	-1.3062	-1.14836	-0.920175	-0.701282	-0.573628	-0.536201	
0	0.0311474	0.0938341	0.224762	0.454138	0.774059	1.1181	1.39814	1.57135	1.63347	1.55785	1.32587	0.973428	0.532065	0.0379135	-0.442603	-0.859596	-1.16331	-1.32133	-1.32212	-1.18429	-0.961316	-0.739401	-0.58973	-0.547859	
0	0.0277109	0.084672	0.206265	0.424205	0.735911	1.08057	1.36976	1.55568	1.63363	1.57928	1.36961	1.03599	0.609984	0.125137	-0.355536	-0.784934	-1.11177	-1.30323	-1.33722	-1.23636	-1.03159	-0.804904	-0.624007	-0.556334	
0	0.0235598	0.0733892	0.182924	0.385378	0.684905	1.02873	1.32906	1.53152	1.62987	1.60322	1.4237	1.11685	0.713069	0.241736	-0.235978	-0.679725	-1.03054	-1.26111	-1.348	-1.29437	-1.1264	-0.905846	-0.698528	-0.578605	
0	0.0190791	0.0609008	0.156256	0.339401	0.622091	0.962138	1.27435	1.49642	1.61891	1.62558	1.48326	1.21069	0.838798	0.38537	-0.085509	-0.534716	-0.917451	-1.18946	-1.33485	-1.33696	-1.22977	-1.0372	-0.82885	-0.658542	
0	0.014656	0.0481859	0.128027	0.288557	0.549201	0.880798	1.2039	1.44771	1.59668	1.64126	1.54394	1.31072	0.978296	0.556528	0.0961309	-0.355011	-0.762534	-1.07411	-1.27932	-1.3555	-1.31729	-1.18098	-1.00068	-0.814614	
0	0.0106264	0.0361706	0.100106	0.235611	0.46885	0.785485	1.1162	1.3829	1.55949	1.6432	1.59842	1.41354	1.12505	0.743738	0.304912	-0.137956	-0.560887	-0.912377	-1.17481	-1.31898	-1.35915	-1.29839	-1.174	-1.01376	
0	0.00723054	0.025609	0.0742495	0.183622	0.384643	0.678267	1.01026	1.29932	1.5046	1.62612	1.63692	1.50923	1.27206	0.941948	0.535802	0.10851	-0.317839	-0.695571	-1.00096	-1.21955	-1.33557	-1.35968	-1.30847	-1.2065	
0	0.00458751	0.0169881	0.0518793	0.135612	0.301028	0.56297	0.886588	1.19432	1.42907	1.58609	1.65176	1.58833	1.40819	1.13688	0.778269	0.379422	-0.0320779	-0.427643	-0.769101	-1.03805	-1.22439	-1.32832	-1.35751	-1.32817	
0	0.00269527	0.0104823	0.0338844	0.0941375	0.222835	0.445266	0.748068	1.06632	1.32992	1.52012	1.63569	1.64056	1.52451	1.317	1.01924	0.660032	0.275017	-0.1131	-0.466992	-0.78227	-1.02176	-1.19875	-1.29943	-1.34819	
0	0.0014561	0.00597054	0.0205164	0.060872	0.15453	0.332218	0.600704	0.916101	1.20447	1.42636	1.58425	1.65548	1.60971	1.46898	1.24214	0.937985	0.598508	0.227358	-0.126802	-0.450872	-0.731574	-0.954417	-1.12088	-1.23185	
0	0.00071848	0.00311561	0.0114186	0.0363208	0.0993496	0.231191	0.453591	0.748414	1.05144	1.30337	1.49588	1.62514	1.65346	1.5807	1.431	1.19324	0.904168	0.588514	0.248305	-0.0723647	-0.370641	-0.622405	-0.831737	-0.989174	
0	0.000321888	0.00147929	0.00579484	0.0198123	0.0585878	0.148248	0.317731	0.573056	0.872981	1.15012	1.37206	1.54474	1.64554	1.64388	1.56478	1.41449	1.18431	0.918266	0.628347	0.331245	0.0451284	-0.217289	-0.445907	-0.634108	
0	0.000130324	0.000635419	0.00266301	0.00979767	0.0313751	0.0865538	0.203549	0.404498	0.677337	0.966538	1.2161	1.41761	1.57451	1.65232	1.63826	1.56259	1.42208	1.2188	0.981313	0.724252	0.466946	0.21985	-0.00466119	-0.201115	
0	4.75298e-05	0.000245894	0.00110227	0.00436322	0.0151306	0.0455293	0.117687	0.258818	0.481092	0.757184	1.02819	1.25506	1.44245	1.58619	1.6529	1.64095	1.57324	1.45192	1.28511	1.08694	0.872646	0.656533	0.451176	0.264077	
0	1.55879e-05	8.55102e-05	0.000409524	0.0017417	0.00653086	0.0214055	0.0607582	0.147957	0.306626	0.538812	0.808179	1.06046	1.27062	1.44648	1.58083	1.64904	1.65005	1.59728	1.50047	1.37027	1.21666	1.05064	0.883226	0.7247	
0	4.59555e-06	2.6697e-05	0.000136342	0.000621642	0.00251406	0.00894961	0.0278111	0.0747959	0.172684	0.34023	0.57191	0.829209	1.06579	1.26397	1.42962	1.55818	1.63523	1.65685	1.62905	1.5625	1.46851	1.357	1.23674	1.11685	
0	1.2189e-06	7.48604e-06	4.06741e-05	0.000198267	0.000862032	0.00332037	0.0112476	0.0332516	0.0851502	0.187679	0.354889	0.577553	0.82028	1.0446	1.23461	1.39228	1.51718	1.60346	1.64728	1.65053	1.62042	1.56616	1.49641	1.41885	
0	2.91374e-07	1.88806e-06	1.0886e-05	5.65604e-05	0.000263437	0.00109332	0.00401725	0.0129806	0.0366387	0.089795	0.190291	0.348563	0.555296	0.781323	0.995075	1.17993	1.3334	1.45662	1.54917	1.61015	1.64087	1.64573	1.63088	1.60242	
