0.132686	0.0592405	0.023071	0.00787688	0.00237192	0.000633905	0.00015128	3.24247e-05	6.27544e-06	1.10213e-06	1.76445e-07	2.58573e-08	3.48181e-09	4.32309e-10	4.96528e-11	5.291e-12	5.24518e-13	4.84963e-14	4.19176e-15	3.39444e-16	2.58049e-17	1.84509e-18	1.24302e-19	7.90322e-21	4.74969e-22	
0.0592405	0.023973	0.00852821	0.00267953	0.000747559	0.000186211	4.16365e-05	8.3999e-06	1.53634e-06	2.55885e-07	3.89706e-08	5.4477e-09	7.01446e-10	8.34611e-11	9.20406e-12	9.43366e-13	9.00944e-14	8.03646e-15	6.71028e-16	5.25557e-17	3.86846e-18	2.68086e-19	1.75212e-20	1.08166e-21	6.3168e-23	
0.023071	0.00852821	0.00279055	0.00081171	0.000210884	4.91725e-05	1.03397e-05	1.96964e-06	3.41372e-07	5.40487e-08	7.84677e-09	1.04824e-09	1.29271e-10	1.47609e-11	1.56499e-12	1.54462e-13	1.42262e-14	1.22542e-15	9.8929e-17	7.49986e-18	5.34897e-19	3.59517e-20	2.28088e-21	1.36797e-22	7.76713e-24	
0.00787688	0.00267953	0.00081171	0.000219806	5.3432e-05	1.17102e-05	2.32372e-06	4.19222e-07	6.90314e-08	1.04134e-08	1.44404e-09	1.84676e-10	2.18469e-11	2.39739e-12	2.44675e-13	2.32811e-14	2.06998e-15	1.72346e-16	1.34641e-17	9.88778e-19	6.838e-20	4.46047e-21	2.74868e-22	1.60249e-23	8.85085e-25	
0.00237192	0.000747559	0.000210884	5.3432e-05	1.22059e-05	2.52372e-06	4.74126e-07	8.12377e-08	1.27405e-08	1.83508e-09	2.4353e-10	2.98662e-11	3.39436e-12	3.58451e-13	3.52586e-14	3.23789e-15	2.78202e-16	2.24096e-17	1.69555e-18	1.20715e-19	8.10055e-21	5.13161e-22	3.07344e-23	1.74275e-24	9.36829e-26	
0.000633905	0.000186211	4.91725e-05	1.17102e-05	2.52372e-06	4.93967e-07	8.812e-08	1.4377e-08	2.15236e-09	2.9661e-10	3.77373e-11	4.4452e-12	4.86062e-13	4.94597e-14	4.69439e-15	4.1651e-16	3.46162e-17	2.7001e-18	1.98021e-19	1.36779e-20	8.9124e-22	5.48657e-23	3.19563e-24	1.76339e-25	9.23063e-27	
0.00015128	4.16365e-05	1.03397e-05	2.32372e-06	4.74126e-07	8.812e-08	1.49675e-08	2.33082e-09	3.33805e-10	4.4094e-11	5.38745e-12	6.10451e-13	6.43081e-14	6.31315e-15	5.78833e-16	4.96695e-17	3.99674e-18	3.02136e-19	2.14948e-20	1.44148e-21	9.12643e-23	5.46315e-24	3.09624e-25	1.66357e-26	8.484e-28	
3.24247e-05	8.3999e-06	1.96964e-06	4.19222e-07	8.12377e-08	1.4377e-08	2.33082e-09	3.47203e-10	4.76595e-11	6.04519e-12	7.10414e-13	7.75425e-14	7.87993e-15	7.47186e-16	6.62482e-17	5.50328e-18	4.29126e-19	3.14653e-20	2.17314e-21	1.41592e-22	8.71617e-24	5.07651e-25	2.80113e-26	1.46616e-27	7.2883e-29	
6.27544e-06	1.53634e-06	3.41372e-07	6.90314e-08	1.27405e-08	2.15236e-09	3.33805e-10	4.76595e-11	6.28165e-12	7.66316e-13	8.67439e-14	9.13272e-15	8.96336e-16	8.2182e-17	7.05334e-18	5.67742e-19	4.29367e-20	3.05608e-21	2.05049e-22	1.29888e-23	7.77895e-25	4.41069e-26	2.37075e-27	1.20946e-28	5.86307e-30	
1.10213e-06	2.55885e-07	5.40487e-08	1.04134e-08	1.83508e-09	2.9661e-10	4.4094e-11	6.04519e-12	7.66316e-13	9.00453e-14	9.83122e-15	9.99619e-16	9.48592e-17	8.41842e-18	7.0005e-19	5.46475e-20	4.01151e-21	2.77366e-22	1.80917e-23	1.11488e-24	6.49981e-26	3.58981e-27	1.88055e-28	9.35524e-30	4.42458e-31	
1.76445e-07	3.89706e-08	7.84677e-09	1.44404e-09	2.4353e-10	3.77373e-11	5.38745e-12	7.10414e-13	8.67439e-14	9.83122e-15	1.0366e-15	1.01906e-16	9.35997e-18	8.04799e-19	6.49008e-20	4.91734e-21	3.50635e-22	2.35674e-23	1.49539e-24	8.97021e-26	5.09378e-27	2.74172e-28	1.4005e-29	6.797e-31	3.13766e-32	
2.58573e-08	5.4477e-09	1.04824e-09	1.84676e-10	2.98662e-11	4.4452e-12	6.10451e-13	7.75425e-14	9.13272e-15	9.99619e-16	1.01906e-16	9.69645e-18	8.62857e-19	7.19456e-20	5.63108e-21	4.14423e-22	2.87253e-23	1.87811e-24	1.15997e-25	6.77707e-27	3.75038e-28	1.96829e-29	9.80837e-31	4.64608e-32	2.09422e-33	
3.48181e-09	7.01446e-10	1.29271e-10	2.18469e-11	3.39436e-12	4.86062e-13	6.43081e-14	7.87993e-15	8.96336e-16	9.48592e-17	9.35997e-18	8.62857e-19	7.44583e-20	6.02555e-21	4.58086e-22	3.27707e-23	2.2095e-24	1.40611e-25	8.45826e-27	4.8157e-28	2.59842e-29	1.33033e-30	6.47006e-32	2.9925e-33	1.31762e-34	
4.32309e-10	8.34611e-11	1.47609e-11	2.39739e-12	3.58451e-13	4.94597e-14	6.31315e-15	7.47186e-16	8.2182e-17	8.41842e-18	8.04799e-19	7.19456e-20	6.02555e-21	4.73631e-22	3.50003e-23	2.43551e-24	1.59831e-25	9.90634e-27	5.80694e-28	3.22353e-29	1.69671e-30	8.47792e-32	4.02591e-33	1.81886e-34	7.82591e-36	
4.96528e-11	9.20406e-12	1.56499e-12	2.44675e-13	3.52586e-14	4.69439e-15	5.78833e-16	6.62482e-17	7.05334e-18	7.0005e-19	6.49008e-20	5.63108e-21	4.58086e-22	3.50003e-23	2.51583e-24	1.70395e-25	1.08905e-26	6.57762e-28	3.75926e-29	2.03566e-30	1.0457e-31	5.10157e-33	2.36635e-34	1.04469e-35	4.39398e-37	
5.291e-12	9.43366e-13	1.54462e-13	2.32811e-14	3.23789e-15	4.1651e-16	4.96695e-17	5.50328e-18	5.67742e-19	5.46475e-20	4.91734e-21	4.14423e-22	3.27707e-23	2.43551e-24	1.70395e-25	1.12397e-26	7.00016e-28	4.12215e-29	2.29811e-30	1.21449e-31	6.09122e-33	2.90266e-34	1.31564e-35	5.67772e-37	2.33522e-38	
5.24518e-13	9.00944e-14	1.42262e-14	2.06998e-15	2.78202e-16	3.46162e-17	3.99674e-18	4.29126e-19	4.29367e-20	4.01151e-21	3.50635e-22	2.87253e-23	2.2095e-24	1.59831e-25	1.08905e-26	7.00016e-28	4.25067e-29	2.44166e-30	1.32845e-31	6.8545e-33	3.35797e-34	1.56362e-35	6.92781e-37	2.92353e-38	1.17621e-39	
4.84963e-14	8.03646e-15	1.22542e-15	1.72346e-16	2.24096e-17	2.7001e-18	3.02136e-19	3.14653e-20	3.05608e-21	2.77366e-22	2.35674e-23	1.87811e-24	1.40611e-25	9.90634e-27	6.57762e-28	4.12215e-29	2.44166e-30	1.36875e-31	7.27098e-33	3.66445e-34	1.75416e-35	7.9844e-37	3.45924e-38	1.42794e-39	5.62136e-41	
4.19176e-15	6.71028e-16	9.8929e-17	1.34641e-17	1.69555e-18	1.98021e-19	2.14948e-20	2.17314e-21	2.05049e-22	1.80917e-23	1.49539e-24	1.15997e-25	8.45826e-27	5.80694e-28	3.75926e-29	2.29811e-30	1.32845e-31	7.27098e-33	3.77265e-34	1.85789e-35	8.69354e-37	3.86938e-38	1.63981e-39	6.62334e-41	2.55205e-42	
3.39444e-16	5.25557e-17	7.49986e-18	9.88778e-19	1.20715e-19	1.36779e-20	1.44148e-21	1.41592e-22	1.29888e-23	1.11488e-24	8.97021e-26	6.77707e-27	4.8157e-28	3.22353e-29	2.03566e-30	1.21449e-31	6.8545e-33	3.66445e-34	1.85789e-35	8.94354e-37	4.09219e-38	1.78161e-39	7.38783e-41	2.92064e-42	1.10177e-43	
2.58049e-17	3.86846e-18	5.34897e-19	6.838e-20	8.10055e-21	8.9124e-22	9.12643e-23	8.71617e-24	7.77895e-25	6.49981e-26	5.09378e-27	3.75038e-28	2.59842e-29	1.69671e-30	1.0457e-31	6.09122e-33	3.35797e-34	1.75416e-35	8.69354e-37	4.09219e-38	1.83153e-39	7.80228e-41	3.16666e-42	1.22564e-43	4.52782e-45	
1.84509e-18	2.68086e-19	3.59517e-20	4.46047e-21	5.13161e-22	5.48657e-23	5.46315e-24	5.07651e-25	4.41069e-26	3.58981e-27	2.74172e-28	1.96829e-29	1.33033e-30	8.47792e-32	5.10157e-33	2.90266e-34	1.56362e-35	7.9844e-37	3.86938e-38	1.78161e-39	7.80228e-41	3.25316e-42	1.29266e-43	4.89956e-45	1.773e-46	
1.24302e-19	1.75212e-20	2.28088e-21	2.74868e-22	3.07344e-23	3.19563e-24	3.09624e-25	2.80113e-26	2.37075e-27	1.88055e-28	1.4005e-29	9.80837e-31	6.47006e-32	4.02591e-33	2.36635e-34	1.31564e-35	6.92781e-37	3.45924e-38	1.63981e-39	7.38783e-41	3.16666e-42	1.29266e-43	5.03008e-45	1.86755e-46	6.62136e-48	
7.90322e-21	1.08166e-21	1.36797e-22	1.60249e-23	1.74275e-24	1.76339e-25	1.66357e-26	1.46616e-27	1.20946e-28	9.35524e-30	6.797e-31	4.64608e-32	2.9925e-33	1.81886e-34	1.04469e-35	5.67772e-37	2.92353e-38	1.42794e-39	6.62334e-41	2.92064e-42	1.22564e-43	4.89956e-45	1.86755e-46	6.79348e-48	2.36043e-49	
4.74969e-22	6.3168e-23	7.76713e-24	8.85085e-25	9.36829e-26	9.23063e-27	8.484e-28	7.2883e-29	5.86307e-30	4.42458e-31	3.13766e-32	2.09422e-33	1.31762e-34	7.82591e-36	4.39398e-37	2.33522e-38	1.17621e-39	5.62136e-41	2.55205e-42	1.10177e-43	4.52782e-45	1.773e-46	6.62136e-48	2.36043e-49	8.03905e-51	
2.70206e-23	3.49458e-24	4.18061e-25	4.63725e-26	4.78017e-27	4.58914e-28	4.11169e-29	3.44479e-30	2.70375e-31	1.99161e-32	1.37911e-33	8.99184e-35	5.52848e-36	3.20993e-37	1.76241e-38	9.16229e-40	4.51565e-41	2.11233e-42	9.38885e-44	3.96946e-45	1.59792e-46	6.13055e-48	2.24369e-49	7.84009e-51	2.6178e-52	
1.45709e-24	1.83382e-25	2.13583e-26	2.30756e-27	2.31793e-28	2.16943e-29	1.89576e-30	1.54973e-31	1.18733e-32	8.54064e-34	5.7774e-35	3.68116e-36	2.21256e-37	1.25627e-38	6.74726e-40	3.43233e-41	1.65575e-42	7.58304e-44	3.30076e-45	1.36697e-46	5.3915e-48	2.02712e-49	7.27207e-51	2.49126e-52	8.15683e-54	
7.45768e-26	9.13942e-27	1.03696e-27	1.09186e-28	1.06934e-29	9.76217e-31	8.32427e-32	6.64288e-33	4.9702e-34	3.49265e-35	2.30895e-36	1.43824e-37	8.45375e-39	4.69545e-40	2.46772e-41	1.22872e-42	5.8032e-44	2.60279e-45	1.10979e-46	4.50314e-48	1.74058e-49	6.41475e-51	2.25612e-52	7.57897e-54	2.43375e-55	
3.6272e-27	4.33106e-28	4.7898e-29	4.91785e-30	4.69843e-31	4.18583e-32	3.48455e-33	2.7157e-34	1.9851e-35	1.36332e-36	8.81123e-38	5.3675e-39	3.08633e-40	1.67745e-41	8.62915e-43	4.2067e-44	1.94574e-45	8.54852e-47	3.57128e-48	1.42013e-49	5.38054e-51	1.9441e-52	6.70483e-54	2.20902e-55	6.9583e-57	
1.67839e-28	1.95374e-29	2.10718e-30	2.11075e-31	1.96812e-32	1.7119e-33	1.39186e-34	1.05984e-35	7.57168e-37	5.08396e-38	3.21346e-39	1.91501e-40	1.07753e-41	5.73253e-43	2.88728e-44	1.37846e-45	6.24564e-47	2.68856e-48	1.10074e-49	4.29054e-51	1.59374e-52	5.64673e-54	1.91e-55	6.17283e-57	1.90764e-58	
7.3967e-30	8.39832e-31	8.83811e-32	8.64126e-33	7.86734e-34	6.68406e-35	5.30995e-36	3.95192e-37	2.76042e-38	1.81273e-39	1.12093e-40	6.53699e-42	3.60043e-43	1.87544e-44	9.25091e-46	4.32647e-47	1.92069e-48	8.10283e-50	3.25182e-51	1.24269e-52	4.52646e-54	1.57292e-55	5.21896e-57	1.6548e-58	5.01799e-60	
3.10783e-31	3.44355e-32	3.53761e-33	3.37759e-34	3.00386e-35	2.49375e-36	1.93644e-37	1.40915e-38	9.62696e-40	6.18497e-41	3.7428e-42	2.1366e-43	1.15223e-44	5.87808e-46	2.84032e-47	1.30156e-48	5.66277e-50	2.34173e-51	9.21383e-53	3.45279e-54	1.23349e-55	4.20462e-57	1.36872e-58	4.25844e-60	1.26728e-61	
1.24617e-32	1.3481e-33	1.35255e-34	1.26157e-35	1.09643e-36	8.89786e-38	6.75609e-39	4.80876e-40	3.21421e-41	2.02092e-42	1.19715e-43	6.69154e-45	3.53427e-46	1.76625e-47	8.36252e-49	3.7556e-50	1.60169e-51	6.49385e-53	2.50555e-54	9.20886e-56	3.22713e-57	1.07924e-58	3.44734e-60	1.05259e-61	3.07452e-63	
4.77306e-34	5.04345e-35	4.9439e-36	4.50677e-37	3.8291e-38	3.03869e-39	2.25686e-40	1.5717e-41	1.02814e-42	6.32825e-44	3.67067e-45	2.00951e-46	1.03975e-47	5.09145e-49	2.36254e-50	1.04007e-51	4.34891e-53	1.72904e-54	6.54309e-56	2.35903e-57	8.1107e-59	2.66159e-60	8.34345e-62	2.50045e-63	7.16949e-65	
1.74785e-35	1.80467e-36	1.7291e-37	1.54105e-38	1.28046e-39	9.94008e-41	7.22367e-42	4.92362e-43	3.15311e-44	1.9004e-45	1.07966e-46	5.79035e-48	2.93571e-49	1.40892e-50	6.40866e-52	2.76615e-53	1.13423e-54	4.42289e-56	1.64185e-57	5.80767e-59	1.95934e-60	6.31007e-62	1.9415e-63	5.71167e-65	1.60782e-66	
6.12439e-37	6.18143e-38	5.791e-39	5.0478e-40	4.10313e-41	3.11684e-42	2.217e-43	1.47939e-44	9.27742e-46	5.47676e-47	3.04825e-48	1.60195e-49	7.9602e-51	3.74497e-52	1.67018e-53	7.06941e-55	2.8431e-56	1.08756e-57	3.96096e-59	1.37484e-60	4.55203e-62	1.4389e-63	4.346e-65	1.25522e-66	3.46936e-68	
2.05504e-38	2.02832e-39	1.85864e-40	1.58505e-41	1.26084e-42	9.37488e-44	6.52869e-45	4.26629e-46	2.62061e-47	1.51564e-48	8.26635e-50	4.25783e-51	2.07407e-52	9.56727e-54	4.18427e-55	1.73711e-56	6.85325e-58	2.57206e-59	9.19216e-61	3.13125e-62	1.01759e-63	3.1576e-65	9.36316e-67	2.65527e-68	7.20669e-70	
6.60857e-40	6.38064e-41	5.72084e-42	4.77466e-43	3.71787e-44	2.70666e-45	1.84596e-46	1.18159e-47	7.11104e-49	4.03024e-50	2.15444e-51	1.08787e-52	5.1959e-54	2.35044e-55	1.00827e-56	4.10627e-58	1.58944e-59	5.85359e-61	2.05309e-62	6.8646e-64	2.18993e-65	6.6715e-67	1.94243e-68	5.4092e-70	1.44179e-71	
2.03817e-41	1.92566e-42	1.68985e-43	1.38069e-44	1.0527e-45	7.50578e-47	5.01448e-48	3.14487e-49	1.85474e-50	1.03034e-51	5.3996e-53	2.67339e-54	1.25221e-55	5.55603e-57	2.33809e-58	9.34261e-60	3.54864e-61	1.2826e-62	4.4156e-64	1.4493e-65	4.53926e-67	1.3578e-68	3.88206e-70	1.06168e-71	2.77936e-73	
6.03284e-43	5.57924e-44	4.79341e-45	3.83514e-46	2.86396e-47	2.00041e-48	1.30948e-49	8.04832e-51	4.65262e-52	2.53388e-53	1.30207e-54	6.32228e-56	2.90467e-57	1.26433e-58	5.22034e-60	2.04695e-61	7.63059e-63	2.70709e-64	9.14882e-66	2.94815e-67	9.06645e-69	2.66314e-70	7.47765e-72	2.00854e-73	5.16478e-75	
1.7149e-44	1.55286e-45	1.30655e-46	1.02392e-47	7.49098e-49	5.12696e-50	3.28917e-51	1.98163e-52	1.1231e-53	5.99767e-55	3.0226e-56	1.43959e-57	6.4885e-59	2.77112e-60	1.12279e-61	4.32086e-63	1.58103e-64	5.50622e-66	1.82698e-67	5.78072e-69	1.74573e-70	5.03596e-72	1.3888e-73	3.66417e-75	9.25556e-77	
4.68451e-46	4.15451e-47	3.42412e-48	2.62909e-49	1.88482e-50	1.26433e-51	7.95117e-53	4.69661e-54	2.61018e-55	1.36709e-56	6.75804e-58	3.15769e-59	1.39646e-60	5.85266e-62	2.32737e-63	8.79141e-65	3.15793e-66	1.07979e-67	3.51792e-69	1.09306e-70	3.24183e-72	9.18507e-74	2.48807e-75	6.44846e-77	1.60018e-78	
1.23045e-47	1.06904e-48	8.63315e-50	6.49597e-51	4.56457e-52	3.0016e-53	1.8508e-54	1.07206e-55	5.84354e-57	3.00219e-58	1.45601e-59	6.67536e-61	2.89703e-62	1.19166e-63	4.65149e-65	1.7249e-66	6.08322e-68	2.0424e-69	6.53433e-71	1.99394e-72	5.8083e-74	1.61647e-75	4.30137e-77	1.09519e-78	2.67004e-80	
3.10949e-49	2.64729e-50	2.0952e-51	1.54531e-52	1.06453e-53	6.8638e-55	4.15041e-56	2.35795e-57	1.26079e-58	6.35501e-60	3.02422e-61	1.36066e-62	5.79577e-64	2.34015e-65	8.96742e-67	3.2649e-68	1.13061e-69	3.72767e-71	1.17126e-72	3.51043e-74	1.00444e-75	2.74602e-77	7.17849e-79	1.79569e-80	4.30134e-82	
7.56452e-51	6.31213e-52	4.89717e-53	3.54117e-54	2.39201e-55	1.51255e-56	8.9709e-58	4.99969e-59	2.62285e-60	1.29726e-61	6.05843e-63	2.67539e-64	1.11863e-65	4.43415e-67	1.66828e-68	5.96419e-70	2.02823e-71	6.5675e-73	2.02682e-74	5.96692e-76	1.67717e-77	4.50453e-79	1.15691e-80	2.84343e-82	6.6924e-84	
1.77243e-52	1.44992e-53	1.10294e-54	7.8208e-56	5.18115e-57	3.21359e-58	1.8698e-59	1.02244e-60	5.26333e-62	2.55482e-63	1.17109e-64	5.07652e-66	2.08384e-67	8.11012e-69	2.9962e-70	1.05191e-71	3.51323e-73	1.11735e-74	3.38719e-76	9.79582e-78	2.70498e-79	7.13768e-81	1.80116e-82	4.34976e-84	1.00599e-85	
4.002e-54	3.21012e-55	2.39471e-56	1.66546e-57	1.0823e-58	6.58579e-60	3.75979e-61	2.01749e-62	1.01927e-63	4.85621e-65	2.18517e-66	9.29957e-68	3.74807e-69	1.43239e-70	5.1968e-72	1.79189e-73	5.87821e-75	1.8364e-76	5.4687e-78	1.55376e-79	4.21531e-81	1.09288e-82	2.70981e-84	6.43048e-86	1.46145e-87	
8.71192e-56	6.85353e-57	5.01482e-58	3.42135e-59	2.18135e-60	1.30242e-61	7.29668e-63	3.84274e-64	1.90563e-65	8.91277e-67	3.93742e-68	1.6453e-69	6.51159e-71	2.44386e-72	8.70812e-74	2.94923e-75	9.50349e-77	2.9166e-78	8.53286e-80	2.38189e-81	6.34921e-83	1.61747e-84	3.9409e-86	9.1899e-88	2.05247e-89	
1.8293e-57	1.41163e-58	1.01333e-59	6.78309e-61	4.24366e-62	2.48657e-63	1.36728e-64	7.06814e-66	3.44096e-67	1.58006e-68	6.85386e-70	2.81237e-71	1.09309e-72	4.02927e-74	1.41022e-75	4.69156e-77	1.48514e-78	4.47781e-80	1.2871e-81	3.53016e-83	9.2463e-85	2.31462e-86	5.54183e-88	1.26998e-89	2.78744e-91	
3.7053e-59	2.80532e-60	1.97594e-61	1.29797e-62	7.96958e-64	4.58352e-65	2.47404e-66	1.25558e-67	6.00143e-69	2.70599e-70	1.15266e-71	4.64508e-73	1.77324e-74	6.42035e-76	2.20736e-77	7.21418e-79	2.24362e-80	6.64635e-82	1.87712e-83	5.05887e-85	1.30205e-86	3.20301e-88	7.53641e-90	1.69729e-91	3.66118e-93	
