-0.0459478	-0.0442984	-0.0480468	-0.0489582	-0.0528161	-0.0515295	-0.048239	-0.0533078	-0.0583412	-0.0573224	-0.0542995	-0.0618689	-0.0662005	-0.0606122	-0.0648365	-0.073478	-0.0754945	-0.073418	-0.073727	-0.0862495	-0.0984602	-0.0938554	-0.0884931	-0.0981685	-0.118259	
-0.0442983	-0.0496768	-0.0537716	-0.0475774	-0.0508405	-0.0502383	-0.0519028	-0.0578144	-0.0572613	-0.0549232	-0.0580966	-0.0664035	-0.0638738	-0.0602614	-0.0700362	-0.0765355	-0.0748211	-0.0729125	-0.078003	-0.0929219	-0.0993663	-0.0912125	-0.0907796	-0.106161	-0.12816	
-0.0480467	-0.0537715	-0.0452358	-0.0454299	-0.0548655	-0.0530838	-0.0553996	-0.0569401	-0.0567156	-0.0576314	-0.0610685	-0.0662048	-0.0629843	-0.0647518	-0.0743137	-0.0760414	-0.0740726	-0.075237	-0.0843001	-0.0979033	-0.097766	-0.08966	-0.0961654	-0.116045	-0.137721	
-0.0489582	-0.0475774	-0.0454299	-0.0570873	-0.0582702	-0.0517416	-0.054231	-0.057699	-0.0585155	-0.057906	-0.0647466	-0.0685484	-0.0624848	-0.0675096	-0.0769799	-0.0766393	-0.0750763	-0.0786174	-0.0906749	-0.100807	-0.0950522	-0.0905867	-0.104621	-0.126933	-0.145723	
-0.0528161	-0.0508405	-0.0548655	-0.0582702	-0.0499111	-0.0489873	-0.0593226	-0.0616015	-0.0581595	-0.0618983	-0.0689784	-0.0643796	-0.0623286	-0.0749425	-0.0801035	-0.0754368	-0.0757346	-0.0840689	-0.097613	-0.101029	-0.0920537	-0.0951565	-0.115878	-0.137578	-0.150822	
-0.0515294	-0.0502383	-0.0530838	-0.0517416	-0.0489873	-0.0603995	-0.066198	-0.0579258	-0.0579896	-0.0656394	-0.0673456	-0.0640812	-0.0703237	-0.0798305	-0.0774775	-0.0745167	-0.0803352	-0.0920617	-0.101971	-0.0978065	-0.091444	-0.104601	-0.128558	-0.14614	-0.152078	
-0.048239	-0.0519028	-0.0553996	-0.054231	-0.0593226	-0.066198	-0.0572961	-0.0539314	-0.0641515	-0.0703069	-0.0685912	-0.0664263	-0.0740617	-0.0804537	-0.0767903	-0.0775229	-0.0871876	-0.0987987	-0.102013	-0.0941952	-0.0962853	-0.117879	-0.140163	-0.151184	-0.149614	
-0.0533078	-0.0578144	-0.0569401	-0.057699	-0.0616015	-0.0579258	-0.0539314	-0.0643356	-0.072866	-0.0700281	-0.0642524	-0.0683287	-0.08167	-0.0820818	-0.0754106	-0.0821984	-0.0954418	-0.102672	-0.098998	-0.093975	-0.107058	-0.132222	-0.148675	-0.152183	-0.144682	
-0.0583412	-0.0572613	-0.0567156	-0.0585155	-0.0581595	-0.0579896	-0.0641515	-0.072866	-0.0696468	-0.0630718	-0.0671176	-0.0807813	-0.0854742	-0.0757482	-0.0773936	-0.0927485	-0.101989	-0.101596	-0.0962486	-0.0999319	-0.122004	-0.144765	-0.152861	-0.149393	-0.139976	
-0.0573224	-0.0549231	-0.0576314	-0.057906	-0.0618983	-0.0656394	-0.0703069	-0.0700281	-0.0630718	-0.0677169	-0.0796841	-0.0846126	-0.0783306	-0.0757509	-0.0890628	-0.101055	-0.102264	-0.0991733	-0.0980726	-0.112153	-0.138054	-0.153012	-0.152141	-0.144538	-0.13997	
-0.0542995	-0.0580966	-0.0610685	-0.0647466	-0.0689784	-0.0673456	-0.0685912	-0.0642524	-0.0671176	-0.0796841	-0.083294	-0.0806546	-0.0777328	-0.0843551	-0.098525	-0.103623	-0.101157	-0.0988942	-0.105731	-0.129201	-0.151506	-0.154823	-0.147592	-0.141685	-0.150093	
-0.0618689	-0.0664035	-0.0662048	-0.0685484	-0.0643796	-0.0640812	-0.0664263	-0.0683287	-0.0807813	-0.0846126	-0.0806546	-0.0793151	-0.0809333	-0.0946424	-0.106386	-0.103355	-0.0988655	-0.102839	-0.121374	-0.147282	-0.157379	-0.150383	-0.143344	-0.146504	-0.174934	
-0.0662005	-0.0638738	-0.0629843	-0.0624848	-0.0623286	-0.0703237	-0.0740617	-0.08167	-0.0854742	-0.0783306	-0.0777328	-0.0809333	-0.0926512	-0.108733	-0.106065	-0.0970912	-0.101293	-0.117234	-0.141566	-0.158056	-0.154019	-0.144574	-0.145239	-0.164357	-0.216961	
-0.0606122	-0.0602614	-0.0647518	-0.0675096	-0.0749425	-0.0798305	-0.0804537	-0.0820818	-0.0757482	-0.0757509	-0.0843551	-0.0946424	-0.108733	-0.107404	-0.0952844	-0.0998174	-0.116619	-0.136808	-0.15593	-0.157835	-0.146681	-0.144029	-0.15862	-0.19948	-0.275664	
-0.0648365	-0.0700362	-0.0743137	-0.0769799	-0.0801035	-0.0774775	-0.0767903	-0.0754106	-0.0773936	-0.0890628	-0.098525	-0.106386	-0.106065	-0.0952844	-0.0990925	-0.11729	-0.134281	-0.152253	-0.160467	-0.150242	-0.142822	-0.154622	-0.188538	-0.253792	-0.346353	
-0.073478	-0.0765355	-0.0760414	-0.0766393	-0.0754368	-0.0745167	-0.0775229	-0.0821984	-0.0927485	-0.101055	-0.103623	-0.103355	-0.0970912	-0.0998174	-0.11729	-0.133598	-0.149497	-0.161535	-0.154228	-0.142297	-0.150841	-0.181964	-0.238372	-0.324269	-0.420449	
-0.0754945	-0.0748211	-0.0740726	-0.0750763	-0.0757346	-0.0803352	-0.0871876	-0.0954418	-0.101989	-0.102264	-0.101157	-0.0988655	-0.101293	-0.116619	-0.134281	-0.149497	-0.161729	-0.156853	-0.142463	-0.147464	-0.1778	-0.228876	-0.306903	-0.402383	-0.488253	
-0.073418	-0.0729125	-0.075237	-0.0786174	-0.0840689	-0.0920617	-0.0987987	-0.102672	-0.101596	-0.0991733	-0.0988942	-0.102839	-0.117234	-0.136808	-0.152253	-0.161535	-0.156853	-0.142653	-0.145425	-0.175226	-0.223824	-0.294961	-0.387413	-0.476361	-0.54182	
-0.073727	-0.078003	-0.0843001	-0.0906749	-0.097613	-0.101971	-0.102013	-0.098998	-0.0962486	-0.0980726	-0.105731	-0.121374	-0.141566	-0.15593	-0.160467	-0.154228	-0.142463	-0.145425	-0.174314	-0.221726	-0.288229	-0.37669	-0.467051	-0.535068	-0.575844	
-0.0862495	-0.0929219	-0.0979033	-0.100807	-0.101029	-0.0978065	-0.0941952	-0.093975	-0.0999319	-0.112153	-0.129201	-0.147282	-0.158056	-0.157835	-0.150242	-0.142297	-0.147464	-0.175226	-0.221726	-0.286089	-0.371109	-0.460982	-0.530621	-0.57227	-0.58533	
-0.0984602	-0.0993663	-0.097766	-0.0950522	-0.0920537	-0.091444	-0.0962853	-0.107058	-0.122004	-0.138054	-0.151506	-0.157379	-0.154019	-0.146681	-0.142822	-0.150841	-0.1778	-0.223824	-0.288229	-0.371109	-0.458861	-0.528397	-0.570187	-0.584832	-0.562159	
-0.0938554	-0.0912125	-0.08966	-0.0905867	-0.0951565	-0.104601	-0.117879	-0.132222	-0.144765	-0.153012	-0.154823	-0.150383	-0.144574	-0.144029	-0.154622	-0.181964	-0.228876	-0.294961	-0.37669	-0.460982	-0.528397	-0.569514	-0.584416	-0.565119	-0.49798	
-0.0884931	-0.0907796	-0.0961654	-0.104621	-0.115878	-0.128558	-0.140163	-0.148675	-0.152861	-0.152141	-0.147592	-0.143344	-0.145239	-0.15862	-0.188538	-0.238372	-0.306903	-0.387413	-0.467051	-0.530621	-0.570187	-0.584416	-0.56601	-0.502519	-0.393303	
-0.0981685	-0.106161	-0.116045	-0.126933	-0.137578	-0.14614	-0.151184	-0.152183	-0.149393	-0.144538	-0.141685	-0.146504	-0.164357	-0.19948	-0.253792	-0.324269	-0.402383	-0.476361	-0.535068	-0.57227	-0.584832	-0.565119	-0.502519	-0.396373	-0.259055	
-0.118259	-0.12816	-0.137721	-0.145723	-0.150822	-0.152078	-0.149614	-0.144682	-0.139976	-0.13997	-0.150093	-0.174934	-0.216961	-0.275664	-0.346353	-0.420449	-0.488253	-0.54182	-0.575844	-0.58533	-0.562159	-0.49798	-0.393303	-0.259055	-0.10534	
-0.140976	-0.147525	-0.151287	-0.151583	-0.1484	-0.142896	-0.137473	-0.135624	-0.141708	-0.160013	-0.193298	-0.241809	-0.303052	-0.371793	-0.440757	-0.502537	-0.550996	-0.580683	-0.585101	-0.556311	-0.488589	-0.384087	-0.252368	-0.101729	0.0660831	
-0.151138	-0.149375	-0.144948	-0.138998	-0.133619	-0.13175	-0.136731	-0.151803	-0.179378	-0.220184	-0.272868	-0.334218	-0.399568	-0.463272	-0.519449	-0.562363	-0.585829	-0.582735	-0.546388	-0.47386	-0.368719	-0.238986	-0.0908108	0.0742397	0.253082	
-0.138817	-0.133192	-0.129029	-0.128569	-0.134293	-0.148499	-0.17289	-0.208215	-0.253954	-0.308254	-0.368168	-0.42985	-0.488592	-0.538911	-0.574696	-0.589326	-0.576319	-0.531131	-0.453346	-0.347181	-0.21881	-0.0723169	0.0907331	0.266061	0.441632	
-0.125185	-0.127226	-0.134774	-0.149379	-0.172231	-0.20395	-0.244457	-0.292874	-0.347445	-0.405531	-0.463528	-0.516736	-0.55944	-0.585359	-0.588425	-0.563874	-0.509563	-0.42676	-0.319352	-0.191511	-0.0457594	0.115867	0.287635	0.457414	0.610033	
-0.13881	-0.154381	-0.176648	-0.206188	-0.243168	-0.287233	-0.33736	-0.391681	-0.447319	-0.500299	-0.545612	-0.577592	-0.590675	-0.58034	-0.543943	-0.481185	-0.393872	-0.284801	-0.156393	-0.0104551	0.149942	0.317598	0.480497	0.625475	0.743891	
-0.186417	-0.215025	-0.250044	-0.291323	-0.338133	-0.388986	-0.441469	-0.492181	-0.536839	-0.570618	-0.588725	-0.587127	-0.563179	-0.515896	-0.445765	-0.354146	-0.242551	-0.112374	0.0343246	0.19305	0.355452	0.510134	0.646205	0.757231	0.841936	
-0.266604	-0.306223	-0.350449	-0.397918	-0.446511	-0.493331	-0.534824	-0.567064	-0.586178	-0.588828	-0.572623	-0.536296	-0.479558	-0.402718	-0.306307	-0.191017	-0.0582062	0.0890442	0.244829	0.400302	0.545324	0.671456	0.774271	0.852869	0.906556	
-0.374927	-0.418352	-0.461931	-0.503266	-0.539537	-0.567709	-0.584813	-0.588244	-0.575983	-0.546679	-0.499559	-0.434214	-0.350421	-0.248219	-0.128343	0.00702512	0.153505	0.304274	0.450845	0.584907	0.700411	0.794492	0.866219	0.913841	0.932762	
-0.485757	-0.52006	-0.549497	-0.571833	-0.584878	-0.586646	-0.575454	-0.54995	-0.509055	-0.451881	-0.377704	-0.286118	-0.177417	-0.0531658	0.0832702	0.226533	0.369717	0.505515	0.627713	0.732296	0.817315	0.881375	0.921618	0.932891	0.909287	
-0.5622	-0.577732	-0.58554	-0.584069	-0.571865	-0.547579	-0.509958	-0.457842	-0.390247	-0.306549	-0.206824	-0.0922635	0.0344582	0.169064	0.305976	0.439077	0.562743	0.672728	0.7664	0.842031	0.897423	0.928744	0.930665	0.898253	0.829916	
-0.585168	-0.579443	-0.564648	-0.539452	-0.502544	-0.452695	-0.388878	-0.310466	-0.217506	-0.111009	0.00681437	0.132507	0.261596	0.389113	0.510303	0.621251	0.71915	0.801974	0.867627	0.913003	0.933634	0.924508	0.882031	0.806352	0.70282	
-0.551472	-0.523527	-0.485157	-0.435238	-0.372888	-0.297634	-0.209622	-0.109801	-4.87051e-05	0.11683	0.237292	0.357416	0.473369	0.581824	0.680151	0.766238	0.837967	0.892558	0.926174	0.93423	0.912566	0.859217	0.776067	0.66952	0.549695	
-0.454039	-0.402459	-0.340094	-0.266707	-0.182585	-0.0886441	0.013515	0.121647	0.23301	0.344603	0.453467	0.556924	0.652683	0.738716	0.812915	0.872657	0.91451	0.934353	0.928083	0.892856	0.828482	0.738416	0.629805	0.512408	0.396668	
-0.287443	-0.215772	-0.135481	-0.0474219	0.0470877	0.146309	0.248191	0.35052	0.45109	0.547822	0.638792	0.722127	0.795774	0.857219	0.903305	0.930313	0.93442	0.912565	0.863514	0.788795	0.693112	0.583951	0.470389	0.36144	0.264436	
-0.0678169	0.0136165	0.0999345	0.189855	0.281906	0.374506	0.466042	0.554911	0.639502	0.718094	0.788708	0.848932	0.895833	0.926042	0.936093	0.92304	0.885239	0.82312	0.739667	0.640383	0.532647	0.424559	0.323593	0.235426	0.163269	
0.170794	0.250984	0.332955	0.415585	0.497678	0.577954	0.655016	0.72726	0.79278	0.849276	0.894031	0.924014	0.936148	0.927767	0.897192	0.844316	0.771036	0.681356	0.581073	0.477031	0.376121	0.284247	0.205544	0.142016	0.0936525	
0.399917	0.472533	0.54497	0.616132	0.684741	0.749272	0.807896	0.85845	0.898454	0.925225	0.936106	0.9288	0.901801	0.85482	0.789126	0.707684	0.615001	0.516667	0.418655	0.326509	0.244623	0.175767	0.120945	0.0796048	0.0500712	
0.606124	0.667677	0.726947	0.782476	0.832539	0.875147	0.908099	0.929091	0.935903	0.926662	0.900144	0.856085	0.795431	0.720455	0.634683	0.542609	0.449213	0.359375	0.277281	0.205958	0.147032	0.100737	0.0661574	0.0416037	0.0250324	
0.777714	0.823039	0.863057	0.896011	0.920019	0.933186	0.933748	0.920269	0.891856	0.848381	0.790645	0.720468	0.640647	0.554771	0.466897	0.381132	0.301189	0.229988	0.169403	0.120168	0.0819749	0.0537081	0.0337591	0.0203397	0.0117379	
0.892189	0.914469	0.928443	0.932629	0.925714	0.906684	0.874986	0.830662	0.774466	0.707918	0.633268	0.553378	0.4715	0.390985	0.31496	0.246028	0.186031	0.135935	0.0958394	0.0651022	0.042552	0.0267313	0.0161239	0.00933085	0.00517719	
0.922954	0.91858	0.904544	0.880205	0.845303	0.800044	0.745173	0.681994	0.612347	0.538515	0.463081	0.388718	0.31797	0.253028	0.195543	0.146516	0.106269	0.074497	0.0504037	0.0328707	0.0206378	0.0124616	0.00723038	0.00402814	0.00215355	
0.857149	0.830029	0.794198	0.749957	0.698016	0.639499	0.575916	0.509094	0.441075	0.373972	0.309813	0.250386	0.197096	0.150873	0.112132	0.0807925	0.0563499	0.0379916	0.0247279	0.0155193	0.00938158	0.00545742	0.00305253	0.00164062	0.000846845	
0.705202	0.666475	0.621549	0.571315	0.516952	0.459882	0.401693	0.344035	0.288512	0.236569	0.189387	0.14781	0.1123	0.082934	0.0594483	0.0413035	0.0277772	0.0180587	0.0113362	0.00686362	0.00400428	0.00224911	0.00121534	0.000631438	0.000315289	
0.494132	0.457936	0.418278	0.376107	0.33252	0.288699	0.24583	0.205031	0.16727	0.133303	0.10363	0.0784786	0.057815	0.0413769	0.0287291	0.0193273	0.0125825	0.00791778	0.00481075	0.00281948	0.00159255	0.000866274	0.000453504	0.000228373	0.000110579	
0.252534	0.231035	0.208136	0.18442	0.160523	0.137083	0.11471	0.0939339	0.075175	0.0587185	0.0447037	0.0331282	0.023865	0.0166903	0.0113177	0.00743212	0.0047209	0.00289752	0.00171667	0.000980884	0.000540104	0.000286401	0.000146171	7.17709e-05	3.38912e-05	
