0.740091	0.8385	0.930947	1.00023	1.03124	1.03018	0.993846	0.92601	0.839187	0.722928	0.595689	0.467781	0.349624	0.242919	0.137654	0.0383939	-0.0432704	-0.110644	-0.156423	-0.178157	-0.171963	-0.163418	-0.181914	-0.217366	-0.253286	
0.8385	0.890187	0.942965	0.975491	0.984558	0.959719	0.906522	0.831737	0.727871	0.596401	0.464099	0.338181	0.219292	0.112068	0.0104632	-0.076427	-0.140758	-0.183125	-0.202688	-0.192308	-0.153724	-0.111766	-0.106758	-0.127182	-0.160144	
0.930947	0.942965	0.956563	0.95383	0.931932	0.881916	0.810578	0.720444	0.602325	0.468256	0.342658	0.221224	0.112048	0.0076294	-0.0866352	-0.165365	-0.222092	-0.247935	-0.237319	-0.192168	-0.121979	-0.0544889	-0.0203428	-0.0204147	-0.0500982	
1.00023	0.975491	0.95383	0.928593	0.881173	0.814283	0.725834	0.622459	0.496937	0.369984	0.256879	0.147225	0.046274	-0.0517691	-0.145288	-0.228362	-0.292373	-0.30745	-0.264609	-0.182994	-0.0777392	0.0197869	0.0801092	0.0999638	0.0714196	
1.03124	0.984558	0.931932	0.881173	0.820155	0.749147	0.654196	0.543725	0.423739	0.308634	0.203239	0.110085	0.0196668	-0.0683621	-0.162476	-0.257832	-0.331766	-0.34347	-0.287762	-0.176431	-0.0396565	0.086238	0.172916	0.208251	0.181276	
1.03018	0.959719	0.881916	0.814283	0.749147	0.673059	0.581964	0.477398	0.368293	0.265639	0.174501	0.0981211	0.0255585	-0.0507235	-0.144054	-0.246121	-0.324941	-0.344929	-0.294699	-0.173838	-0.015158	0.134224	0.239616	0.285394	0.266446	
0.993846	0.906522	0.810578	0.725834	0.654196	0.581964	0.504119	0.413741	0.326666	0.242082	0.174538	0.11989	0.0657266	-0.00284464	-0.0959237	-0.200058	-0.279893	-0.31381	-0.274892	-0.156721	0.0130393	0.175849	0.289476	0.340839	0.330021	
0.92601	0.831737	0.720444	0.622459	0.543725	0.477398	0.413741	0.352173	0.298924	0.249224	0.207032	0.172042	0.126219	0.0608058	-0.0255917	-0.124698	-0.204077	-0.247228	-0.223323	-0.120145	0.0411251	0.202572	0.322502	0.383015	0.383696	
0.839187	0.727871	0.602325	0.496937	0.423739	0.368293	0.326666	0.298924	0.281566	0.270515	0.258693	0.238964	0.202922	0.145095	0.0614022	-0.0396317	-0.12216	-0.167215	-0.151091	-0.0639791	0.0751655	0.22238	0.340389	0.405314	0.412616	
0.722928	0.596401	0.468256	0.369984	0.308634	0.265639	0.242082	0.249224	0.270515	0.297126	0.309912	0.304861	0.28503	0.233825	0.150189	0.0492898	-0.041338	-0.0849833	-0.0760136	-0.0132595	0.0989408	0.224583	0.337662	0.408094	0.418373	
0.595689	0.464099	0.342658	0.256879	0.203239	0.174501	0.174538	0.207032	0.258693	0.309912	0.345725	0.362759	0.361109	0.316249	0.229001	0.120543	0.0194865	-0.0365519	-0.0411164	0.00126645	0.0923994	0.208031	0.318991	0.391304	0.410904	
0.467781	0.338181	0.221224	0.147225	0.110085	0.0981211	0.11989	0.172042	0.238964	0.304861	0.362759	0.402729	0.410739	0.364592	0.273482	0.155795	0.0366004	-0.0407157	-0.0674679	-0.0364086	0.0522398	0.169713	0.286279	0.365216	0.392194	
0.349624	0.219292	0.112048	0.046274	0.0196668	0.0255585	0.0657266	0.126219	0.202922	0.28503	0.361109	0.410739	0.416483	0.362497	0.264142	0.138505	0.000583684	-0.10297	-0.148139	-0.122685	-0.0283067	0.100937	0.230233	0.322234	0.362868	
0.242919	0.112068	0.0076294	-0.0517691	-0.0683621	-0.0507235	-0.00284464	0.0608058	0.145095	0.233825	0.316249	0.364592	0.362497	0.303603	0.20196	0.0669805	-0.080368	-0.202846	-0.258598	-0.236716	-0.140008	0.000343691	0.145436	0.253579	0.314575	
0.137654	0.0104632	-0.0866352	-0.145288	-0.162476	-0.144054	-0.0959237	-0.0255917	0.0614022	0.150189	0.229001	0.273482	0.264142	0.20196	0.0931927	-0.0494028	-0.200833	-0.322596	-0.379691	-0.358816	-0.262944	-0.114293	0.03914	0.16617	0.246101	
0.0383939	-0.076427	-0.165365	-0.228362	-0.257832	-0.246121	-0.200058	-0.124698	-0.0396317	0.0492898	0.120543	0.155795	0.138505	0.0669805	-0.0494028	-0.194645	-0.33774	-0.449426	-0.503555	-0.484932	-0.38997	-0.243811	-0.080874	0.0631566	0.162388	
-0.0432704	-0.140758	-0.222092	-0.292373	-0.331766	-0.324941	-0.279893	-0.204077	-0.12216	-0.041338	0.0194865	0.0366004	0.000583684	-0.080368	-0.200833	-0.33774	-0.467193	-0.567712	-0.615615	-0.597123	-0.506351	-0.362586	-0.203544	-0.0523273	0.0607473	
-0.110644	-0.183125	-0.247935	-0.30745	-0.34347	-0.344929	-0.31381	-0.247228	-0.167215	-0.0849833	-0.0365519	-0.0407157	-0.10297	-0.202846	-0.322596	-0.449426	-0.567712	-0.653331	-0.69821	-0.681131	-0.593677	-0.460598	-0.311232	-0.161207	-0.04539	
-0.156423	-0.202688	-0.237319	-0.264609	-0.287762	-0.294699	-0.274892	-0.223323	-0.151091	-0.0760136	-0.0411164	-0.0674679	-0.148139	-0.258598	-0.379691	-0.503555	-0.615615	-0.69821	-0.744103	-0.730376	-0.648144	-0.525608	-0.38384	-0.244734	-0.135503	
-0.178157	-0.192308	-0.192168	-0.182994	-0.176431	-0.173838	-0.156721	-0.120145	-0.0639791	-0.0132595	0.00126645	-0.0364086	-0.122685	-0.236716	-0.358816	-0.484932	-0.597123	-0.681131	-0.730376	-0.724882	-0.651959	-0.540971	-0.413149	-0.291943	-0.191875	
-0.171963	-0.153724	-0.121979	-0.0777392	-0.0396565	-0.015158	0.0130393	0.0411251	0.0751655	0.0989408	0.0923994	0.0522398	-0.0283067	-0.140008	-0.262944	-0.38997	-0.506351	-0.593677	-0.648144	-0.651959	-0.595182	-0.500921	-0.39458	-0.29445	-0.204436	
-0.163418	-0.111766	-0.0544889	0.0197869	0.086238	0.134224	0.175849	0.202572	0.22238	0.224583	0.208031	0.169713	0.100937	0.000343691	-0.114293	-0.243811	-0.362586	-0.460598	-0.525608	-0.540971	-0.500921	-0.429806	-0.338296	-0.253308	-0.171114	
-0.181914	-0.106758	-0.0203428	0.0801092	0.172916	0.239616	0.289476	0.322502	0.340389	0.337662	0.318991	0.286279	0.230233	0.145436	0.03914	-0.080874	-0.203544	-0.311232	-0.38384	-0.413149	-0.39458	-0.338296	-0.261072	-0.183008	-0.104612	
-0.217366	-0.127182	-0.0204147	0.0999638	0.208251	0.285394	0.340839	0.383015	0.405314	0.408094	0.391304	0.365216	0.322234	0.253579	0.16617	0.0631566	-0.0523273	-0.161207	-0.244734	-0.291943	-0.29445	-0.253308	-0.183008	-0.106831	-0.0332314	
-0.253286	-0.160144	-0.0500982	0.0714196	0.181276	0.266446	0.330021	0.383696	0.412616	0.418373	0.410904	0.392194	0.362868	0.314575	0.246101	0.162388	0.0607473	-0.04539	-0.135503	-0.191875	-0.204436	-0.171114	-0.104612	-0.0332314	0.0296045	
-0.281676	-0.197906	-0.101954	0.00161083	0.104041	0.191525	0.261683	0.324101	0.359423	0.375816	0.377353	0.370966	0.355132	0.321797	0.268259	0.198943	0.103004	0.000465428	-0.0849658	-0.136247	-0.139001	-0.0966917	-0.0336415	0.0312231	0.0910185	
-0.290693	-0.229782	-0.162311	-0.0857455	-0.000383099	0.0858967	0.164056	0.231749	0.271583	0.294011	0.300248	0.30045	0.295367	0.27839	0.240427	0.180526	0.0892883	-0.00665547	-0.0819281	-0.113258	-0.0954905	-0.0418649	0.0218519	0.0834598	0.144432	
-0.287093	-0.252131	-0.218162	-0.169279	-0.101252	-0.0183825	0.0647	0.133997	0.178206	0.19942	0.20837	0.210659	0.210077	0.203979	0.182168	0.128323	0.0506478	-0.0276917	-0.0833109	-0.0934597	-0.0567365	0.000930853	0.06388	0.12596	0.194126	
-0.274265	-0.263021	-0.255899	-0.232665	-0.180015	-0.103096	-0.0188057	0.0458481	0.0877122	0.114012	0.125512	0.133886	0.136912	0.132613	0.111621	0.0645973	0.00116167	-0.0558112	-0.0879162	-0.0832364	-0.0389022	0.0255054	0.0929218	0.163397	0.247406	
-0.267704	-0.268788	-0.279166	-0.270495	-0.228376	-0.156125	-0.0735222	-0.0150363	0.0251916	0.0543196	0.0742477	0.0916251	0.0955991	0.0853263	0.0605376	0.00798258	-0.0461972	-0.0856101	-0.104408	-0.0901812	-0.0376268	0.0320946	0.111352	0.19464	0.286974	
-0.267662	-0.270881	-0.284581	-0.278478	-0.238041	-0.165567	-0.0830242	-0.0260501	0.0146182	0.0423214	0.0661293	0.0845477	0.0886844	0.0777489	0.0503188	-0.003744	-0.0552782	-0.0919479	-0.107933	-0.0911698	-0.0375545	0.0333974	0.115717	0.201726	0.294575	
-0.270051	-0.264869	-0.266602	-0.250701	-0.203125	-0.129065	-0.0452683	0.016829	0.0574784	0.0856996	0.100405	0.112433	0.116133	0.109011	0.0873119	0.0388049	-0.0200251	-0.0689477	-0.0939667	-0.0857463	-0.0378213	0.0293245	0.10123	0.177036	0.265912	
-0.282228	-0.258115	-0.235071	-0.198173	-0.13663	-0.05514	0.0292943	0.0968639	0.139996	0.163286	0.172272	0.176531	0.178054	0.174181	0.153669	0.103894	0.0316017	-0.037754	-0.0839871	-0.0867277	-0.0463535	0.01312	0.0774006	0.141903	0.214904	
-0.291422	-0.240117	-0.18642	-0.12008	-0.0420381	0.0424282	0.122603	0.192101	0.234794	0.256168	0.264667	0.265152	0.261906	0.250198	0.220281	0.1621	0.0752751	-0.0151512	-0.083037	-0.105782	-0.0788521	-0.0228186	0.0401843	0.101464	0.164391	
-0.286655	-0.21135	-0.125497	-0.0326262	0.0635207	0.151355	0.225171	0.289184	0.325701	0.346185	0.349977	0.34711	0.336749	0.310333	0.261807	0.197094	0.102346	0.00108049	-0.0807355	-0.12453	-0.120424	-0.0732993	-0.00980305	0.0529561	0.112942	
-0.266904	-0.175493	-0.0688624	0.0471494	0.155059	0.242072	0.308124	0.366452	0.398081	0.407792	0.403656	0.390386	0.36573	0.323466	0.262131	0.184994	0.0860331	-0.0175471	-0.107407	-0.163925	-0.174195	-0.139246	-0.0746773	-0.00579359	0.0542736	
-0.231499	-0.13865	-0.0291596	0.0947187	0.204593	0.285609	0.344338	0.390521	0.415581	0.418742	0.405991	0.382316	0.344629	0.284568	0.204294	0.109358	0.000477253	-0.108226	-0.195362	-0.247697	-0.257305	-0.220476	-0.151432	-0.0767734	-0.00681494	
-0.195697	-0.112999	-0.0162617	0.0938524	0.194416	0.265432	0.31726	0.354227	0.373046	0.373067	0.353869	0.323886	0.27297	0.19367	0.0946801	-0.0197509	-0.14092	-0.250005	-0.326916	-0.363814	-0.353525	-0.303306	-0.229395	-0.152553	-0.0751617	
-0.167378	-0.105391	-0.0363225	0.0480974	0.126326	0.183038	0.228425	0.256775	0.275507	0.273023	0.25475	0.218446	0.154707	0.0604817	-0.0513747	-0.178017	-0.298825	-0.401161	-0.469601	-0.48986	-0.458201	-0.393734	-0.308613	-0.226976	-0.146952	
-0.165919	-0.134386	-0.0928079	-0.0351459	0.0143352	0.0477454	0.0816884	0.108811	0.135178	0.148884	0.137515	0.0970837	0.0210638	-0.0868435	-0.206954	-0.336285	-0.453161	-0.544737	-0.602816	-0.61103	-0.560389	-0.475229	-0.376406	-0.283469	-0.196393	
-0.178935	-0.17997	-0.165921	-0.143469	-0.122887	-0.111672	-0.091424	-0.0596406	-0.0123791	0.0273707	0.0322534	-0.00694774	-0.0910952	-0.205455	-0.328941	-0.455226	-0.568885	-0.653888	-0.704271	-0.702101	-0.635261	-0.530197	-0.410894	-0.298542	-0.202275	
-0.167979	-0.202081	-0.222641	-0.235271	-0.248285	-0.254058	-0.237196	-0.191217	-0.124044	-0.05793	-0.0299173	-0.0621577	-0.147215	-0.259358	-0.380994	-0.505998	-0.617738	-0.700249	-0.747544	-0.736911	-0.656911	-0.538303	-0.401767	-0.26836	-0.163186	
-0.1318	-0.19456	-0.24884	-0.296278	-0.328952	-0.333143	-0.307605	-0.247748	-0.169923	-0.0877203	-0.0442039	-0.0580249	-0.128484	-0.234109	-0.355109	-0.479111	-0.59343	-0.676707	-0.721314	-0.705105	-0.620424	-0.491853	-0.345014	-0.198678	-0.0844246	
-0.0723727	-0.16002	-0.236297	-0.305664	-0.345201	-0.341015	-0.301163	-0.226488	-0.145624	-0.0647131	-0.00930659	-0.000514978	-0.0472523	-0.13527	-0.255047	-0.387619	-0.512472	-0.606393	-0.652826	-0.635071	-0.544813	-0.404877	-0.249068	-0.0978692	0.0177072	
0.00415754	-0.104502	-0.191757	-0.257524	-0.292319	-0.282364	-0.235772	-0.160896	-0.076309	0.00902003	0.0770706	0.106034	0.0826259	0.00742049	-0.111108	-0.254249	-0.391699	-0.499213	-0.551064	-0.532712	-0.439564	-0.29443	-0.130778	0.017747	0.123567	
0.0960348	-0.0269835	-0.119824	-0.179784	-0.201933	-0.185707	-0.137938	-0.0645194	0.0211475	0.111437	0.186997	0.22806	0.216868	0.151453	0.0393881	-0.105131	-0.255156	-0.373557	-0.429716	-0.409203	-0.313195	-0.164776	-0.00697763	0.12695	0.21462	
0.201311	0.0710867	-0.0318237	-0.0904248	-0.104541	-0.0855573	-0.0373608	0.0286774	0.114829	0.203346	0.285147	0.332907	0.327284	0.267208	0.164037	0.0255142	-0.124381	-0.2486	-0.305927	-0.284573	-0.188366	-0.0441232	0.104754	0.220299	0.289488	
0.305777	0.175003	0.0701236	0.00754656	-0.0154698	-0.00426124	0.0411052	0.102246	0.182566	0.268808	0.349325	0.398994	0.401421	0.34544	0.245243	0.115428	-0.0266002	-0.140201	-0.190454	-0.166295	-0.0705483	0.0638288	0.199031	0.297623	0.345741	
0.419048	0.289353	0.176013	0.105138	0.0735616	0.0694775	0.0993042	0.155924	0.22721	0.299619	0.365459	0.411337	0.419903	0.370518	0.276132	0.155956	0.0284317	-0.0595035	-0.0938901	-0.0658229	0.024582	0.146899	0.267358	0.351199	0.382473	
0.544978	0.413328	0.293806	0.212771	0.164728	0.14218	0.151534	0.193377	0.252029	0.309086	0.354302	0.381804	0.38466	0.341668	0.252683	0.139399	0.03254	-0.0312206	-0.0446384	-0.00737723	0.0804494	0.195594	0.307792	0.381987	0.40486	
