0.0598125	0.0863723	0.142021	0.197535	0.24578	0.255303	0.219579	0.164543	0.107607	0.0638702	0.0687344	0.113005	0.180237	0.260427	0.332608	0.368152	0.372289	0.343296	0.282431	0.191481	0.0916876	0.00257808	-0.0640848	-0.101373	-0.107828	
0.159462	0.18318	0.235726	0.290988	0.335304	0.344555	0.310539	0.258215	0.202849	0.163432	0.170245	0.217697	0.286537	0.362344	0.422679	0.444133	0.428786	0.373181	0.285206	0.169701	0.0440825	-0.0688813	-0.150508	-0.193988	-0.195938	
0.280707	0.306252	0.362742	0.424414	0.470941	0.480466	0.446172	0.387733	0.326233	0.286	0.286329	0.323155	0.380629	0.442441	0.480074	0.476853	0.435244	0.351596	0.234453	0.0950989	-0.0471953	-0.17692	-0.27071	-0.322613	-0.319238	
0.412668	0.450703	0.521415	0.593553	0.644597	0.652818	0.618849	0.550717	0.477333	0.422698	0.406581	0.419502	0.453407	0.487875	0.502401	0.47783	0.41608	0.310858	0.169336	0.00177896	-0.163675	-0.304747	-0.403528	-0.458233	-0.455488	
0.556085	0.624078	0.712771	0.79592	0.849126	0.8589	0.821681	0.748108	0.658524	0.5803	0.527909	0.507715	0.510732	0.520342	0.512415	0.477434	0.402247	0.280702	0.118544	-0.0674183	-0.256368	-0.417291	-0.521933	-0.570621	-0.566079	
0.69281	0.793379	0.904625	1.00102	1.06298	1.07451	1.03141	0.945801	0.837802	0.730601	0.643671	0.585531	0.556587	0.543504	0.521803	0.475976	0.393081	0.262943	0.0877906	-0.112068	-0.311798	-0.484776	-0.601633	-0.653541	-0.655035	
0.809861	0.934212	1.06904	1.18265	1.26029	1.27372	1.21991	1.11732	0.98973	0.856146	0.748558	0.668175	0.61149	0.570856	0.533181	0.479791	0.393999	0.266116	0.0916745	-0.113726	-0.326123	-0.510553	-0.643473	-0.709983	-0.724538	
0.907128	1.04595	1.19127	1.31486	1.40317	1.41944	1.35628	1.24361	1.10643	0.958772	0.840175	0.747254	0.675633	0.614607	0.56476	0.503767	0.424719	0.303007	0.139028	-0.0694622	-0.293882	-0.499656	-0.649762	-0.73407	-0.767033	
0.971582	1.11373	1.25629	1.37351	1.45473	1.47087	1.41162	1.30707	1.17274	1.02531	0.901282	0.803413	0.725784	0.667145	0.620004	0.562751	0.488209	0.373817	0.213776	0.00438377	-0.225775	-0.444908	-0.612946	-0.72075	-0.772093	
0.988604	1.1209	1.25008	1.35225	1.41759	1.43067	1.38279	1.29556	1.17439	1.03968	0.921074	0.831631	0.763689	0.721535	0.688205	0.644894	0.576383	0.469348	0.314673	0.10905	-0.124409	-0.350307	-0.532706	-0.667531	-0.743592	
0.959963	1.06171	1.16807	1.25909	1.31739	1.32747	1.28725	1.20714	1.10508	0.998875	0.906211	0.83472	0.787892	0.764539	0.749112	0.726296	0.674907	0.581966	0.43665	0.244485	0.0114786	-0.220606	-0.423804	-0.585624	-0.694813	
0.883888	0.949182	1.0318	1.11287	1.16268	1.17071	1.13829	1.06566	0.981049	0.907793	0.85112	0.807953	0.786707	0.780159	0.784534	0.788712	0.772969	0.706344	0.5778	0.393575	0.170919	-0.0627982	-0.277853	-0.459699	-0.59599	
0.770531	0.812414	0.873835	0.934353	0.969712	0.973958	0.953384	0.89864	0.836011	0.784992	0.752095	0.736607	0.748033	0.767852	0.795582	0.825337	0.842146	0.812158	0.716149	0.550394	0.339423	0.113623	-0.0992422	-0.288289	-0.443779	
0.648871	0.676329	0.71456	0.755657	0.779295	0.783591	0.767434	0.732085	0.690002	0.658661	0.6389	0.644413	0.679755	0.732201	0.788648	0.844742	0.882041	0.883703	0.828012	0.703754	0.521592	0.310114	0.102844	-0.0832276	-0.247955	
0.538979	0.552788	0.576003	0.60545	0.625521	0.63046	0.614627	0.588544	0.560447	0.542532	0.541514	0.565054	0.611525	0.676869	0.759617	0.845538	0.907982	0.933841	0.913402	0.83539	0.697689	0.516968	0.32207	0.144888	-0.0214668	
0.455421	0.460663	0.475251	0.496606	0.517045	0.521951	0.505032	0.483728	0.465593	0.455497	0.464697	0.500954	0.555587	0.625333	0.71568	0.819732	0.911328	0.967317	0.976495	0.930554	0.836355	0.700066	0.537066	0.370205	0.215566	
0.401104	0.398157	0.408011	0.42586	0.445087	0.448072	0.4342	0.414486	0.401391	0.397445	0.411095	0.445413	0.500456	0.574961	0.669445	0.776287	0.880473	0.960807	0.999192	0.985311	0.923403	0.83047	0.712853	0.569534	0.421778	
0.359923	0.353497	0.365615	0.384545	0.39461	0.395412	0.390164	0.37358	0.356523	0.354879	0.370033	0.400795	0.447923	0.518469	0.610468	0.716527	0.821032	0.9136	0.970953	0.985146	0.952691	0.896253	0.82101	0.71413	0.581374	
0.321212	0.320096	0.33192	0.350384	0.353047	0.353435	0.353407	0.339941	0.32251	0.319993	0.327829	0.3522	0.397822	0.458267	0.537596	0.636484	0.739354	0.83058	0.897673	0.93442	0.932792	0.904089	0.859199	0.792358	0.687977	
0.290471	0.28977	0.296372	0.314703	0.320603	0.321123	0.318807	0.303758	0.290038	0.291102	0.290775	0.302721	0.343411	0.398806	0.46307	0.545728	0.639997	0.729046	0.798779	0.845439	0.871079	0.870038	0.848357	0.808738	0.744188	
0.259995	0.256735	0.262571	0.282302	0.292001	0.292753	0.287273	0.271058	0.256828	0.258587	0.261083	0.268614	0.292338	0.332246	0.388824	0.463094	0.543236	0.622372	0.689394	0.740374	0.782674	0.808847	0.810924	0.796706	0.763843	
0.232995	0.23601	0.243892	0.256729	0.266867	0.268307	0.261481	0.249078	0.2383	0.233517	0.234018	0.244414	0.257939	0.279452	0.325241	0.394477	0.461516	0.527622	0.588333	0.639085	0.68657	0.738055	0.771425	0.781773	0.770842	
0.219507	0.231812	0.237966	0.243333	0.249374	0.251923	0.245867	0.239901	0.23452	0.224903	0.2166	0.225467	0.241062	0.256045	0.28663	0.341282	0.399361	0.452695	0.505901	0.561136	0.613086	0.674307	0.735613	0.776803	0.782212	
0.216004	0.221923	0.227658	0.235059	0.237383	0.23765	0.236555	0.230962	0.223921	0.218744	0.212538	0.213864	0.225344	0.24248	0.264216	0.298201	0.345857	0.397655	0.445925	0.498793	0.555626	0.622564	0.706311	0.779329	0.810674	
0.219528	0.211906	0.213905	0.228827	0.230297	0.22922	0.230437	0.220936	0.210213	0.216669	0.219845	0.214609	0.213954	0.227921	0.251515	0.280687	0.317361	0.362538	0.40451	0.452504	0.517835	0.599625	0.699459	0.800969	0.863476	
0.221098	0.211451	0.211068	0.223055	0.222067	0.219929	0.224308	0.216476	0.208455	0.217946	0.221626	0.217042	0.216675	0.225991	0.247715	0.27912	0.308012	0.343952	0.384283	0.430523	0.501212	0.603732	0.721447	0.840397	0.935562	
0.211451	0.212294	0.211439	0.213351	0.207509	0.206007	0.21161	0.21291	0.211057	0.212813	0.21063	0.216728	0.228671	0.234433	0.245684	0.276338	0.308129	0.339466	0.378636	0.432805	0.511151	0.62486	0.757354	0.895661	1.02113	
0.211068	0.211439	0.204136	0.199589	0.20165	0.203097	0.199874	0.201365	0.208934	0.212402	0.210946	0.22109	0.234945	0.24164	0.252432	0.281621	0.317944	0.351956	0.388461	0.444926	0.531183	0.655038	0.808612	0.970225	1.11805	
0.223055	0.213351	0.199589	0.198048	0.204042	0.206598	0.199987	0.197513	0.206929	0.220672	0.226326	0.232511	0.239901	0.250407	0.270006	0.301624	0.336663	0.37115	0.406567	0.46424	0.557253	0.691076	0.860426	1.04441	1.20616	
0.222067	0.207509	0.20165	0.204042	0.194693	0.191246	0.201389	0.203592	0.202723	0.216499	0.227936	0.234318	0.243362	0.258774	0.281267	0.309802	0.338501	0.376435	0.423682	0.484622	0.576193	0.7129	0.89086	1.08758	1.26194	
0.219929	0.206007	0.203097	0.206598	0.191246	0.18555	0.201425	0.206828	0.202621	0.213911	0.225853	0.234203	0.245596	0.261154	0.282114	0.310075	0.338621	0.377412	0.42611	0.488998	0.581055	0.717663	0.894656	1.0944	1.2712	
0.224308	0.21161	0.199874	0.199987	0.201389	0.201425	0.200265	0.199403	0.205808	0.220074	0.228109	0.234097	0.241561	0.254115	0.275709	0.306091	0.339042	0.375346	0.414597	0.472296	0.565742	0.70165	0.876378	1.06691	1.23368	
0.216476	0.21291	0.201365	0.197513	0.203592	0.206828	0.199403	0.198095	0.208062	0.216806	0.218063	0.226302	0.236811	0.245119	0.259594	0.289982	0.326331	0.36053	0.394742	0.452202	0.542339	0.670637	0.830049	1.0013	1.15525	
0.208455	0.211057	0.208934	0.206929	0.202723	0.202621	0.205808	0.208062	0.209562	0.210787	0.2081	0.216979	0.231263	0.237072	0.246591	0.276084	0.309672	0.34178	0.381544	0.437169	0.517772	0.634954	0.776877	0.923912	1.06003	
0.217946	0.212813	0.212402	0.220672	0.216499	0.213911	0.220074	0.216806	0.210787	0.216536	0.217345	0.217318	0.222402	0.229254	0.246243	0.278654	0.308071	0.340366	0.379845	0.429483	0.502946	0.610847	0.734088	0.86037	0.967948	
0.221626	0.21063	0.210946	0.226326	0.227936	0.225853	0.228109	0.218063	0.2081	0.217345	0.22215	0.215376	0.212863	0.225028	0.249771	0.279077	0.311485	0.352955	0.39461	0.440063	0.507897	0.598359	0.705947	0.814938	0.890321	
0.217042	0.216728	0.22109	0.232511	0.234318	0.234203	0.234097	0.226302	0.216979	0.217318	0.215376	0.213492	0.219411	0.236227	0.257707	0.287966	0.331059	0.382209	0.426864	0.477778	0.538108	0.610442	0.699411	0.785039	0.8289	
0.216675	0.228671	0.234945	0.239901	0.243362	0.245596	0.241561	0.236811	0.231263	0.222402	0.212863	0.219411	0.234769	0.250451	0.276045	0.322017	0.376051	0.427979	0.479257	0.534057	0.588029	0.651002	0.722568	0.77638	0.791017	
0.225991	0.234433	0.24164	0.250407	0.258774	0.261154	0.254115	0.245119	0.237072	0.229254	0.225028	0.236227	0.250451	0.267717	0.307229	0.372584	0.43522	0.494802	0.552605	0.605937	0.655078	0.711363	0.756588	0.778643	0.774194	
0.247715	0.245684	0.252432	0.270006	0.281267	0.282114	0.275709	0.259594	0.246591	0.246243	0.249771	0.257707	0.276045	0.307229	0.360856	0.432895	0.508089	0.581987	0.647748	0.697675	0.742892	0.779859	0.795097	0.790628	0.767105	
0.27912	0.276338	0.281621	0.301624	0.309802	0.310075	0.306091	0.289982	0.276084	0.278654	0.279077	0.287966	0.322017	0.372584	0.432895	0.511621	0.600436	0.686791	0.755015	0.804262	0.837919	0.84851	0.834936	0.80557	0.754935	
0.308012	0.308129	0.317944	0.336663	0.338501	0.338621	0.339042	0.326331	0.309672	0.308071	0.311485	0.331059	0.376051	0.43522	0.508089	0.600436	0.700086	0.790876	0.860197	0.902402	0.912738	0.895093	0.859466	0.804726	0.716015	
0.343952	0.339466	0.351956	0.37115	0.376435	0.377412	0.375346	0.36053	0.34178	0.340366	0.352955	0.382209	0.427979	0.494802	0.581987	0.686791	0.790876	0.884354	0.946243	0.970133	0.950226	0.905723	0.843831	0.753394	0.631249	
0.384283	0.378636	0.388461	0.406567	0.423682	0.42611	0.414597	0.394742	0.381544	0.379845	0.39461	0.426864	0.479257	0.552605	0.647748	0.755015	0.860197	0.946243	0.994017	0.99195	0.941912	0.864401	0.764847	0.635132	0.491299	
0.430523	0.432805	0.444926	0.46424	0.484622	0.488998	0.472296	0.452202	0.437169	0.429483	0.440063	0.477778	0.534057	0.605937	0.697675	0.804262	0.902402	0.970133	0.99195	0.958389	0.87775	0.759685	0.614191	0.454629	0.303514	
0.501212	0.511151	0.531183	0.557253	0.576193	0.581055	0.565742	0.542339	0.517772	0.502946	0.507897	0.538108	0.588029	0.655078	0.742892	0.837919	0.912738	0.950226	0.941912	0.87775	0.75875	0.595055	0.410521	0.236879	0.0741111	
0.603732	0.62486	0.655038	0.691076	0.7129	0.717663	0.70165	0.670637	0.634954	0.610847	0.598359	0.610442	0.651002	0.711363	0.779859	0.84851	0.895093	0.905723	0.864401	0.759685	0.595055	0.393665	0.189413	0.00635555	-0.160325	
0.721447	0.757354	0.808612	0.860426	0.89086	0.894656	0.876378	0.830049	0.776877	0.734088	0.705947	0.699411	0.722568	0.756588	0.795097	0.834936	0.859466	0.843831	0.764847	0.614191	0.410521	0.189413	-0.0216148	-0.209619	-0.370078	
0.840397	0.895661	0.970225	1.04441	1.08758	1.0944	1.06691	1.0013	0.923912	0.86037	0.814938	0.785039	0.77638	0.778643	0.790628	0.80557	0.804726	0.753394	0.635132	0.454629	0.236879	0.00635555	-0.209619	-0.396373	-0.540819	
0.935562	1.02113	1.11805	1.20616	1.26194	1.2712	1.23368	1.15525	1.06003	0.967948	0.890321	0.8289	0.791017	0.774194	0.767105	0.754935	0.716015	0.631249	0.491299	0.303514	0.0741111	-0.160325	-0.370078	-0.540819	-0.661992	
