-0.277256	-0.272816	-0.274749	-0.276224	-0.265787	-0.261709	-0.273137	-0.276183	-0.273762	-0.27297	-0.294576	-0.346024	-0.408214	-0.472195	-0.519173	-0.543268	-0.543731	-0.519449	-0.469887	-0.395267	-0.29687	-0.181712	-0.0562647	0.0726155	0.192314	
-0.297928	-0.279178	-0.268369	-0.249913	-0.224087	-0.218448	-0.238824	-0.262013	-0.27547	-0.287419	-0.321783	-0.37743	-0.439441	-0.496909	-0.533232	-0.54428	-0.530241	-0.492957	-0.437097	-0.353983	-0.246645	-0.125246	0.00352216	0.124026	0.230411	
-0.33344	-0.298433	-0.27094	-0.238389	-0.204146	-0.196646	-0.22357	-0.259018	-0.287826	-0.31752	-0.364048	-0.419413	-0.468235	-0.50717	-0.528424	-0.525933	-0.498115	-0.449258	-0.384245	-0.29528	-0.182028	-0.0521715	0.0788502	0.19044	0.268788	
-0.384678	-0.329437	-0.283639	-0.239961	-0.202136	-0.193508	-0.223065	-0.266384	-0.309628	-0.361867	-0.421291	-0.476073	-0.506122	-0.51766	-0.51836	-0.49381	-0.447728	-0.379443	-0.296804	-0.201582	-0.0888627	0.0378359	0.165098	0.26183	0.31171	
-0.439463	-0.368401	-0.313424	-0.262144	-0.225253	-0.218802	-0.244159	-0.293344	-0.343935	-0.410633	-0.478487	-0.522962	-0.53469	-0.517855	-0.492255	-0.44811	-0.380938	-0.292955	-0.193673	-0.0880002	0.0182393	0.13229	0.249662	0.329465	0.357919	
-0.484488	-0.414604	-0.357046	-0.30567	-0.272534	-0.267174	-0.289462	-0.336096	-0.389725	-0.457123	-0.51812	-0.548731	-0.538237	-0.500297	-0.449358	-0.382305	-0.298219	-0.192076	-0.0806005	0.0298359	0.127319	0.220663	0.31647	0.38069	0.39363	
-0.512501	-0.45577	-0.401669	-0.354601	-0.327049	-0.322003	-0.340686	-0.382226	-0.432288	-0.491763	-0.535637	-0.548216	-0.524333	-0.472546	-0.40461	-0.31466	-0.209331	-0.0880844	0.0369158	0.146841	0.233784	0.302398	0.365195	0.40477	0.404757	
-0.519937	-0.482062	-0.4344	-0.39678	-0.374659	-0.371024	-0.386041	-0.41758	-0.463213	-0.507361	-0.530284	-0.525659	-0.492972	-0.440374	-0.362818	-0.258478	-0.134252	0.00185106	0.132319	0.243357	0.317072	0.362349	0.39525	0.406052	0.395848	
-0.513319	-0.496339	-0.463322	-0.437163	-0.426081	-0.425201	-0.431002	-0.450809	-0.484531	-0.509321	-0.51096	-0.485638	-0.445187	-0.392332	-0.310378	-0.19908	-0.0646192	0.077063	0.206418	0.307686	0.367289	0.392591	0.401172	0.398235	0.384905	
-0.495578	-0.508413	-0.501679	-0.500685	-0.509154	-0.511031	-0.503661	-0.49932	-0.506589	-0.504094	-0.475404	-0.426314	-0.372551	-0.312034	-0.230317	-0.119308	0.0125615	0.146579	0.269042	0.357038	0.402943	0.412571	0.402969	0.39299	0.380964	
-0.478081	-0.52142	-0.547956	-0.577835	-0.607798	-0.61444	-0.590981	-0.55861	-0.533119	-0.498639	-0.439523	-0.364643	-0.289744	-0.212166	-0.122654	-0.0134033	0.1072	0.225152	0.330952	0.40781	0.441737	0.438965	0.419867	0.401601	0.392218	
-0.459269	-0.532209	-0.59352	-0.650258	-0.699934	-0.710598	-0.672276	-0.616217	-0.55758	-0.490854	-0.405369	-0.303626	-0.204632	-0.102897	0.00475703	0.114169	0.221476	0.315573	0.395655	0.454682	0.477732	0.464627	0.435188	0.414696	0.402913	
-0.430178	-0.5331	-0.626123	-0.706441	-0.768901	-0.781358	-0.73504	-0.659939	-0.570856	-0.474011	-0.358036	-0.233245	-0.110776	0.0150267	0.13349	0.243818	0.331217	0.393526	0.443368	0.479431	0.495299	0.481745	0.453528	0.431705	0.41733	
-0.390877	-0.519455	-0.634103	-0.726321	-0.791226	-0.803852	-0.756795	-0.674221	-0.567094	-0.44473	-0.305724	-0.160936	-0.0206561	0.117471	0.243726	0.348089	0.418391	0.454193	0.472734	0.489346	0.499252	0.493984	0.47783	0.460553	0.442028	
-0.346068	-0.492431	-0.614949	-0.708111	-0.765371	-0.77597	-0.73605	-0.655592	-0.544786	-0.406583	-0.2514	-0.0927867	0.0594012	0.200832	0.326988	0.422879	0.481146	0.500687	0.497724	0.497195	0.500852	0.500506	0.496269	0.485197	0.45749	
-0.292753	-0.450442	-0.577094	-0.664613	-0.713824	-0.722075	-0.689222	-0.616991	-0.505442	-0.358706	-0.190747	-0.0201634	0.139004	0.28083	0.397627	0.482989	0.529986	0.537387	0.524587	0.506311	0.498292	0.496555	0.491064	0.479517	0.444915	
-0.231408	-0.393951	-0.515478	-0.598733	-0.638814	-0.644855	-0.620099	-0.552761	-0.448361	-0.29901	-0.127417	0.0476311	0.212162	0.34977	0.461635	0.53506	0.574166	0.578011	0.555853	0.527827	0.50321	0.486283	0.468816	0.440856	0.390163	
-0.152538	-0.30796	-0.422888	-0.501933	-0.538597	-0.54388	-0.521678	-0.458255	-0.35954	-0.216939	-0.0536733	0.113574	0.269229	0.398821	0.500532	0.565613	0.600672	0.603127	0.583998	0.549367	0.513402	0.479674	0.43556	0.378881	0.301508	
-0.0568413	-0.189625	-0.292429	-0.362488	-0.398509	-0.403964	-0.38119	-0.324314	-0.235203	-0.111936	0.0269982	0.170129	0.302866	0.416549	0.508491	0.569571	0.603784	0.609785	0.592848	0.554906	0.51042	0.461687	0.391349	0.302249	0.19689	
0.0582204	-0.0459213	-0.127788	-0.192114	-0.225161	-0.230449	-0.209404	-0.155435	-0.0817139	0.01591	0.122806	0.227788	0.326827	0.414713	0.491114	0.546603	0.580334	0.588023	0.569333	0.527793	0.473806	0.411891	0.325653	0.209404	0.0817766	
0.186296	0.117799	0.0559442	0.00717928	-0.0240468	-0.029515	-0.00784129	0.0342382	0.0920435	0.158702	0.22715	0.291678	0.34793	0.40326	0.457021	0.502092	0.531101	0.536746	0.513928	0.461063	0.396635	0.323992	0.225549	0.10169	-0.0315475	
0.317129	0.286496	0.252683	0.223737	0.202144	0.197559	0.214084	0.240084	0.273313	0.305092	0.335527	0.357796	0.372691	0.390666	0.414029	0.43918	0.453688	0.452331	0.419629	0.359283	0.28592	0.205865	0.11047	-0.00981834	-0.131789	
0.448807	0.452882	0.451899	0.445409	0.437572	0.43583	0.442224	0.449271	0.45364	0.450424	0.445553	0.429252	0.406165	0.386174	0.372063	0.366426	0.35675	0.338034	0.295703	0.228464	0.149937	0.0684871	-0.0206824	-0.124161	-0.223116	
0.575563	0.617398	0.64714	0.671545	0.679542	0.680024	0.676908	0.656991	0.631025	0.592178	0.550383	0.501487	0.443986	0.386851	0.333946	0.287743	0.241645	0.1993	0.14204	0.0732584	0.000228312	-0.0757147	-0.151147	-0.232905	-0.30641	
0.700425	0.778143	0.844393	0.894528	0.922161	0.926402	0.908874	0.866518	0.806881	0.731773	0.653968	0.567962	0.477486	0.384426	0.289488	0.200762	0.115372	0.0417165	-0.0289345	-0.0964312	-0.161342	-0.224293	-0.283174	-0.344407	-0.392919	
0.821155	0.934891	1.03338	1.10923	1.15267	1.16056	1.13083	1.06646	0.976991	0.867178	0.749659	0.625766	0.499863	0.370531	0.238191	0.108879	-0.0132862	-0.116358	-0.202233	-0.270044	-0.325095	-0.374043	-0.414944	-0.449062	-0.471431	
0.934891	1.07918	1.19794	1.2902	1.34428	1.35327	1.3173	1.23862	1.13002	0.99495	0.841812	0.681809	0.519146	0.353199	0.184856	0.0186441	-0.135506	-0.26379	-0.363525	-0.43085	-0.476709	-0.510909	-0.528944	-0.53441	-0.526233	
1.03338	1.19794	1.33292	1.43002	1.48994	1.50118	1.45863	1.37653	1.25578	1.10259	0.921877	0.726304	0.530139	0.332593	0.134103	-0.0566263	-0.228929	-0.375745	-0.482774	-0.555267	-0.602811	-0.628844	-0.632998	-0.60861	-0.567109	
1.10923	1.2902	1.43002	1.5315	1.59239	1.60346	1.561	1.47545	1.35073	1.18674	0.982648	0.761289	0.536087	0.311503	0.0927854	-0.115216	-0.297922	-0.450624	-0.564654	-0.64134	-0.693087	-0.722991	-0.719501	-0.675613	-0.607953	
1.15267	1.34428	1.48994	1.59239	1.65547	1.66663	1.62277	1.53653	1.40749	1.23569	1.01693	0.777195	0.533956	0.294662	0.0646909	-0.148858	-0.332097	-0.487692	-0.602629	-0.685862	-0.747977	-0.784722	-0.784532	-0.731581	-0.646559	
1.16056	1.35327	1.50118	1.60346	1.66663	1.67871	1.6333	1.54751	1.41747	1.24349	1.02291	0.779109	0.533003	0.291516	0.0595086	-0.154327	-0.337363	-0.493187	-0.608359	-0.693099	-0.757677	-0.796543	-0.797523	-0.742886	-0.655202	
1.13083	1.3173	1.45863	1.561	1.62277	1.6333	1.59119	1.50464	1.37859	1.2114	0.999849	0.770338	0.536151	0.30397	0.0796404	-0.132025	-0.316138	-0.469994	-0.585175	-0.66442	-0.719894	-0.752624	-0.749417	-0.700811	-0.624753	
1.06646	1.23862	1.37653	1.47545	1.53653	1.54751	1.50464	1.42075	1.29774	1.13936	0.948264	0.741362	0.532313	0.323842	0.116056	-0.0825013	-0.259063	-0.410084	-0.519422	-0.593988	-0.643558	-0.669302	-0.6701	-0.635933	-0.582516	
0.976991	1.13002	1.25578	1.35073	1.40749	1.41747	1.37859	1.29774	1.18398	1.0408	0.876252	0.701477	0.52495	0.345728	0.163987	-0.013581	-0.177265	-0.313648	-0.417178	-0.485788	-0.530648	-0.560596	-0.571447	-0.564604	-0.543427	
0.867178	0.99495	1.10259	1.18674	1.23569	1.24349	1.2114	1.13936	1.0408	0.919786	0.786468	0.648278	0.507357	0.363668	0.216867	0.072111	-0.0635388	-0.177655	-0.269077	-0.337072	-0.388295	-0.430867	-0.463227	-0.48574	-0.496098	
0.749659	0.841812	0.921877	0.982648	1.01693	1.02291	0.999849	0.948264	0.876252	0.786468	0.693267	0.59233	0.487507	0.38053	0.269791	0.16405	0.0637274	-0.0226642	-0.09897	-0.16625	-0.227477	-0.284829	-0.337007	-0.388059	-0.426628	
0.625766	0.681809	0.726304	0.761289	0.777195	0.779109	0.770338	0.741362	0.701477	0.648278	0.59233	0.528541	0.458546	0.386383	0.316814	0.254107	0.191374	0.137794	0.0749894	0.00656063	-0.062854	-0.134688	-0.203365	-0.277035	-0.340537	
0.499863	0.519146	0.530139	0.536087	0.533956	0.533003	0.536151	0.532313	0.52495	0.507357	0.487507	0.458546	0.420524	0.385968	0.356676	0.335348	0.313094	0.285018	0.237765	0.169351	0.0916275	0.0115922	-0.0732608	-0.167906	-0.256591	
0.370531	0.353199	0.332593	0.311503	0.294662	0.291516	0.30397	0.323842	0.345728	0.363668	0.38053	0.386383	0.385968	0.388041	0.396947	0.411094	0.416634	0.409661	0.372836	0.309873	0.233723	0.151852	0.0590815	-0.0559504	-0.169544	
0.238191	0.184856	0.134103	0.0927854	0.0646909	0.0595086	0.0796404	0.116056	0.163987	0.216867	0.269791	0.316814	0.356676	0.396947	0.44003	0.4793	0.503565	0.507538	0.481168	0.424525	0.356213	0.279674	0.180809	0.0573963	-0.0731881	
0.108879	0.0186441	-0.0566263	-0.115216	-0.148858	-0.154327	-0.132025	-0.0825013	-0.013581	0.072111	0.16405	0.254107	0.335348	0.411094	0.4793	0.530591	0.563877	0.570422	0.550421	0.505658	0.447354	0.381123	0.289191	0.167644	0.0357305	
-0.0132862	-0.135506	-0.228929	-0.297922	-0.332097	-0.337363	-0.316138	-0.259063	-0.177265	-0.0635388	0.0637274	0.191374	0.313094	0.416634	0.503565	0.563877	0.597369	0.605068	0.587474	0.548846	0.500953	0.446485	0.369024	0.267337	0.151877	
-0.116358	-0.26379	-0.375745	-0.450624	-0.487692	-0.493187	-0.469994	-0.410084	-0.313648	-0.177655	-0.0226642	0.137794	0.285018	0.409661	0.507538	0.570422	0.605068	0.608031	0.590345	0.554221	0.514927	0.475184	0.419154	0.349787	0.260987	
-0.202233	-0.363525	-0.482774	-0.564654	-0.602629	-0.608359	-0.585175	-0.519422	-0.417178	-0.269077	-0.09897	0.0749894	0.237765	0.372836	0.481168	0.550421	0.587474	0.590345	0.567825	0.537432	0.50728	0.483285	0.456632	0.417562	0.357561	
-0.270044	-0.43085	-0.555267	-0.64134	-0.685862	-0.693099	-0.66442	-0.593988	-0.485788	-0.337072	-0.16625	0.00656063	0.169351	0.309873	0.424525	0.505658	0.548846	0.554221	0.537432	0.513995	0.499527	0.492985	0.483678	0.467532	0.428048	
-0.325095	-0.476709	-0.602811	-0.693087	-0.747977	-0.757677	-0.719894	-0.643558	-0.530648	-0.388295	-0.227477	-0.062854	0.0916275	0.233723	0.356213	0.447354	0.500953	0.514927	0.50728	0.499527	0.499575	0.500263	0.497118	0.487381	0.457109	
-0.374043	-0.510909	-0.628844	-0.722991	-0.784722	-0.796543	-0.752624	-0.669302	-0.560596	-0.430867	-0.284829	-0.134688	0.0115922	0.151852	0.279674	0.381123	0.446485	0.475184	0.483285	0.492985	0.500263	0.49738	0.48731	0.472163	0.450112	
-0.414944	-0.528944	-0.632998	-0.719501	-0.784532	-0.797523	-0.749417	-0.6701	-0.571447	-0.463227	-0.337007	-0.203365	-0.0732608	0.0590815	0.180809	0.289191	0.369024	0.419154	0.456632	0.483678	0.497118	0.48731	0.462383	0.441991	0.426654	
-0.449062	-0.53441	-0.60861	-0.675613	-0.731581	-0.742886	-0.700811	-0.635933	-0.564604	-0.48574	-0.388059	-0.277035	-0.167906	-0.0559504	0.0573963	0.167644	0.267337	0.349787	0.417562	0.467532	0.487381	0.472163	0.441991	0.420583	0.406658	
-0.471431	-0.526233	-0.567109	-0.607953	-0.646559	-0.655202	-0.624753	-0.582516	-0.543427	-0.496098	-0.426628	-0.340537	-0.256591	-0.169544	-0.0731881	0.0357305	0.151877	0.260987	0.357561	0.428048	0.457109	0.450112	0.426654	0.406658	0.397275	
