0.951026	0.843752	0.730075	0.626623	0.537842	0.464808	0.407641	0.366492	0.33751	0.327375	0.327645	0.333797	0.358106	0.411532	0.49065	0.57455	0.643015	0.676587	0.658811	0.578858	0.454353	0.309127	0.167165	0.0463347	-0.0355538	
0.843752	0.728227	0.610039	0.50884	0.424856	0.355677	0.299175	0.256493	0.225458	0.210803	0.200403	0.203779	0.222412	0.259293	0.319682	0.382976	0.430724	0.452692	0.426523	0.341395	0.228577	0.112589	-0.00434965	-0.1098	-0.174669	
0.730075	0.610039	0.491218	0.391616	0.310796	0.243795	0.188255	0.148715	0.112759	0.0818632	0.0604662	0.0557124	0.0568945	0.076301	0.118144	0.150361	0.175214	0.182793	0.141573	0.0595379	-0.0326673	-0.120392	-0.208973	-0.28655	-0.329676	
0.626623	0.50884	0.391616	0.297374	0.215326	0.148165	0.100051	0.0582296	0.00762004	-0.0402912	-0.0744613	-0.0967674	-0.115739	-0.117556	-0.101769	-0.0931724	-0.0913692	-0.104811	-0.153819	-0.221919	-0.295773	-0.367383	-0.42936	-0.484311	-0.506175	
0.537842	0.424856	0.310796	0.215326	0.138036	0.0789123	0.0347465	-0.0147351	-0.0769784	-0.138683	-0.199821	-0.247685	-0.285441	-0.313029	-0.326842	-0.340758	-0.355799	-0.387092	-0.436132	-0.492013	-0.549664	-0.601589	-0.648912	-0.680393	-0.679655	
0.464808	0.355677	0.243795	0.148165	0.0789123	0.0264409	-0.0233175	-0.0833355	-0.150325	-0.228047	-0.310177	-0.38312	-0.443733	-0.492656	-0.525589	-0.552424	-0.58392	-0.626366	-0.675177	-0.721747	-0.76401	-0.796922	-0.82506	-0.836259	-0.816565	
0.407641	0.299175	0.188255	0.100051	0.0347465	-0.0233175	-0.0857699	-0.156758	-0.232918	-0.319145	-0.410179	-0.495414	-0.568287	-0.629362	-0.671841	-0.70927	-0.747847	-0.797698	-0.843527	-0.879296	-0.902438	-0.914706	-0.924369	-0.921275	-0.897924	
0.366492	0.256493	0.148715	0.0582296	-0.0147351	-0.0833355	-0.156758	-0.241757	-0.326879	-0.410304	-0.502597	-0.589349	-0.663341	-0.724109	-0.769179	-0.808949	-0.842434	-0.882338	-0.922509	-0.943035	-0.940453	-0.933356	-0.927102	-0.915411	-0.897768	
0.33751	0.225458	0.112759	0.00762004	-0.0769784	-0.150325	-0.232918	-0.326879	-0.421078	-0.503515	-0.587843	-0.668683	-0.732313	-0.780721	-0.810305	-0.838793	-0.864215	-0.889291	-0.905757	-0.902763	-0.879872	-0.857884	-0.838049	-0.826187	-0.820083	
0.327375	0.210803	0.0818632	-0.0402912	-0.138683	-0.228047	-0.319145	-0.410304	-0.503515	-0.583104	-0.65416	-0.715784	-0.756945	-0.781976	-0.795254	-0.801066	-0.805831	-0.812587	-0.806045	-0.785155	-0.751872	-0.720392	-0.690648	-0.675976	-0.669699	
0.327645	0.200403	0.0604662	-0.0744613	-0.199821	-0.310177	-0.410179	-0.502597	-0.587843	-0.65416	-0.696465	-0.716793	-0.72174	-0.715882	-0.706291	-0.700812	-0.697786	-0.688629	-0.664846	-0.630187	-0.591152	-0.552211	-0.514349	-0.490511	-0.483074	
0.333797	0.203779	0.0557124	-0.0967674	-0.247685	-0.38312	-0.495414	-0.589349	-0.668683	-0.715784	-0.716793	-0.683441	-0.63933	-0.604065	-0.579705	-0.570921	-0.567062	-0.55088	-0.521823	-0.479118	-0.432989	-0.383314	-0.338322	-0.306877	-0.295725	
0.358106	0.222412	0.0568945	-0.115739	-0.285441	-0.443733	-0.568287	-0.663341	-0.732313	-0.756945	-0.72174	-0.63933	-0.55181	-0.488736	-0.452277	-0.431244	-0.424431	-0.416357	-0.394146	-0.351431	-0.296747	-0.239394	-0.188727	-0.15144	-0.14033	
0.411532	0.259293	0.076301	-0.117556	-0.313029	-0.492656	-0.629362	-0.724109	-0.780721	-0.781976	-0.715882	-0.604065	-0.488736	-0.397341	-0.341051	-0.309068	-0.294483	-0.293782	-0.284689	-0.251138	-0.194008	-0.129313	-0.0769151	-0.041035	-0.0278015	
0.49065	0.319682	0.118144	-0.101769	-0.326842	-0.525589	-0.671841	-0.769179	-0.810305	-0.795254	-0.706291	-0.579705	-0.452277	-0.341051	-0.267721	-0.223871	-0.20287	-0.206544	-0.209005	-0.17742	-0.120959	-0.059113	-0.00859387	0.0251801	0.0422142	
0.57455	0.382976	0.150361	-0.0931724	-0.340758	-0.552424	-0.70927	-0.808949	-0.838793	-0.801066	-0.700812	-0.570921	-0.431244	-0.309068	-0.223871	-0.169708	-0.142869	-0.143658	-0.149393	-0.127697	-0.0792154	-0.0237793	0.020171	0.0592785	0.0861749	
0.643015	0.430724	0.175214	-0.0913692	-0.355799	-0.58392	-0.747847	-0.842434	-0.864215	-0.805831	-0.697786	-0.567062	-0.424431	-0.294483	-0.20287	-0.142869	-0.108029	-0.0971168	-0.0983944	-0.0898444	-0.0611546	-0.0185556	0.0175827	0.0651449	0.107066	
0.676587	0.452692	0.182793	-0.104811	-0.387092	-0.626366	-0.797698	-0.882338	-0.889291	-0.812587	-0.688629	-0.55088	-0.416357	-0.293782	-0.206544	-0.143658	-0.0971168	-0.0721201	-0.0597575	-0.0576796	-0.0533715	-0.0360719	-0.00319978	0.049111	0.107229	
0.658811	0.426523	0.141573	-0.153819	-0.436132	-0.675177	-0.843527	-0.922509	-0.905757	-0.806045	-0.664846	-0.521823	-0.394146	-0.284689	-0.209005	-0.149393	-0.0983944	-0.0597575	-0.0432692	-0.0477317	-0.0557368	-0.0541355	-0.0216197	0.0325535	0.0972178	
0.578858	0.341395	0.0595379	-0.221919	-0.492013	-0.721747	-0.879296	-0.943035	-0.902763	-0.785155	-0.630187	-0.479118	-0.351431	-0.251138	-0.17742	-0.127697	-0.0898444	-0.0576796	-0.0477317	-0.0498351	-0.0601668	-0.0620925	-0.0372281	0.0183625	0.0790439	
0.454353	0.228577	-0.0326673	-0.295773	-0.549664	-0.76401	-0.902438	-0.940453	-0.879872	-0.751872	-0.591152	-0.432989	-0.296747	-0.194008	-0.120959	-0.0792154	-0.0611546	-0.0533715	-0.0557368	-0.0601668	-0.0732668	-0.0673376	-0.0379561	0.0128025	0.0669085	
0.309127	0.112589	-0.120392	-0.367383	-0.601589	-0.796922	-0.914706	-0.933356	-0.857884	-0.720392	-0.552211	-0.383314	-0.239394	-0.129313	-0.059113	-0.0237793	-0.0185556	-0.0360719	-0.0541355	-0.0620925	-0.0673376	-0.0538695	-0.0212119	0.0238048	0.0658352	
0.167165	-0.00434965	-0.208973	-0.42936	-0.648912	-0.82506	-0.924369	-0.927102	-0.838049	-0.690648	-0.514349	-0.338322	-0.188727	-0.0769151	-0.00859387	0.020171	0.0175827	-0.00319978	-0.0216197	-0.0372281	-0.0379561	-0.0212119	0.00662415	0.0430366	0.0777882	
0.0463347	-0.1098	-0.28655	-0.484311	-0.680393	-0.836259	-0.921275	-0.915411	-0.826187	-0.675976	-0.490511	-0.306877	-0.15144	-0.041035	0.0251801	0.0592785	0.0651449	0.049111	0.0325535	0.0183625	0.0128025	0.0238048	0.0430366	0.0686329	0.0930466	
-0.0355538	-0.174669	-0.329676	-0.506175	-0.679655	-0.816565	-0.897924	-0.897768	-0.820083	-0.669699	-0.483074	-0.295725	-0.14033	-0.0278015	0.0422142	0.0861749	0.107066	0.107229	0.0972178	0.0790439	0.0669085	0.0658352	0.0777882	0.0930466	0.110412	
-0.074114	-0.195359	-0.33241	-0.488383	-0.645432	-0.778636	-0.857345	-0.864207	-0.792741	-0.651055	-0.476631	-0.301644	-0.153096	-0.0383318	0.0412349	0.0907294	0.121424	0.140954	0.140468	0.127	0.112992	0.0957966	0.0887095	0.092871	0.102423	
-0.0740528	-0.175734	-0.299072	-0.440412	-0.586638	-0.711481	-0.788638	-0.800478	-0.736635	-0.61677	-0.465698	-0.311633	-0.169381	-0.059308	0.027121	0.0835524	0.121595	0.150597	0.15993	0.15368	0.132972	0.102011	0.0764148	0.0667799	0.059568	
-0.0416605	-0.13314	-0.247309	-0.380147	-0.506248	-0.615453	-0.688058	-0.707978	-0.66096	-0.569361	-0.450411	-0.319994	-0.187714	-0.0767413	0.0123079	0.0745626	0.113007	0.141036	0.153779	0.148109	0.120276	0.07975	0.0438851	0.0153503	-0.0116002	
0.00280009	-0.0902745	-0.200536	-0.32297	-0.426878	-0.521178	-0.592827	-0.616693	-0.58589	-0.519646	-0.433089	-0.324923	-0.205716	-0.0912376	0.000428123	0.0640636	0.0994264	0.121084	0.130369	0.119677	0.0875933	0.0408372	-0.0029304	-0.0457279	-0.0840235	
0.0328569	-0.0615422	-0.173545	-0.285173	-0.375673	-0.453037	-0.525353	-0.557023	-0.538282	-0.490635	-0.423009	-0.326315	-0.211669	-0.101088	-0.0103398	0.0540725	0.086661	0.0995411	0.107321	0.0891003	0.0512728	0.00626365	-0.0349389	-0.0814524	-0.12991	
0.037998	-0.0560022	-0.167645	-0.279276	-0.365893	-0.439944	-0.511744	-0.545212	-0.530369	-0.487264	-0.420869	-0.32595	-0.211112	-0.103453	-0.0138635	0.051923	0.0870849	0.0957661	0.100456	0.083565	0.0446074	0.000795681	-0.0402459	-0.086832	-0.139836	
0.0175624	-0.0768199	-0.187761	-0.304735	-0.402885	-0.489025	-0.561332	-0.588403	-0.562428	-0.504499	-0.428073	-0.32585	-0.209656	-0.0963749	-0.00386129	0.0592447	0.0925555	0.111115	0.121422	0.106056	0.0708004	0.0240365	-0.0191362	-0.0636181	-0.106302	
-0.0234188	-0.115243	-0.22684	-0.355804	-0.471116	-0.575703	-0.647309	-0.669351	-0.629475	-0.548302	-0.443404	-0.322686	-0.195667	-0.0823834	0.00762096	0.0708024	0.107846	0.134375	0.144559	0.138374	0.10992	0.0660224	0.0257613	-0.00997399	-0.042549	
-0.0641481	-0.160038	-0.279115	-0.417048	-0.556895	-0.675382	-0.750589	-0.76588	-0.707939	-0.599001	-0.4601	-0.314726	-0.175955	-0.0674292	0.0204899	0.0798952	0.118577	0.14843	0.160804	0.155063	0.130647	0.0955308	0.0659867	0.0492387	0.0338074	
-0.0786987	-0.191911	-0.322613	-0.471909	-0.625053	-0.756094	-0.83416	-0.842815	-0.772923	-0.639063	-0.47302	-0.30583	-0.160175	-0.0460523	0.0370646	0.0889031	0.122959	0.146776	0.151	0.141539	0.125413	0.101795	0.0865321	0.0851365	0.0887137	
-0.0555599	-0.188226	-0.335447	-0.5031	-0.668599	-0.803303	-0.884234	-0.886819	-0.812397	-0.664027	-0.480963	-0.297191	-0.144218	-0.0293235	0.0436716	0.0901841	0.116046	0.124868	0.117151	0.100155	0.087048	0.0800412	0.0856364	0.0964237	0.111689	
0.00828699	-0.14147	-0.309534	-0.498191	-0.685414	-0.832078	-0.913955	-0.909728	-0.824715	-0.673788	-0.486525	-0.298847	-0.143406	-0.0330738	0.0338878	0.0729345	0.0838045	0.0731129	0.0595047	0.0433543	0.0345502	0.0413282	0.0585977	0.0796123	0.101295	
0.114837	-0.0498786	-0.241897	-0.453004	-0.66362	-0.832904	-0.925328	-0.92316	-0.831717	-0.682918	-0.502644	-0.32348	-0.171048	-0.0600485	0.00679981	0.0359427	0.0362499	0.0157583	-0.00280482	-0.0169549	-0.0191127	-0.00354951	0.0203592	0.0525993	0.0831356	
0.250688	0.0650467	-0.156443	-0.392631	-0.621676	-0.808632	-0.919219	-0.931686	-0.849483	-0.707623	-0.536808	-0.364697	-0.218155	-0.106334	-0.0366962	-0.00515401	-0.00440475	-0.0254975	-0.0445304	-0.0567101	-0.0591098	-0.0435155	-0.0110833	0.0312634	0.0699805	
0.397556	0.182611	-0.0672507	-0.325551	-0.571017	-0.778921	-0.908131	-0.936401	-0.870688	-0.739029	-0.575589	-0.412845	-0.273607	-0.168368	-0.0962192	-0.0556924	-0.0435176	-0.0474593	-0.0582796	-0.0628176	-0.0730955	-0.0640912	-0.0332524	0.0151761	0.0649352	
0.532662	0.297566	0.0226609	-0.250568	-0.51534	-0.739619	-0.890125	-0.944343	-0.894567	-0.772184	-0.615468	-0.461379	-0.32973	-0.230387	-0.156243	-0.110764	-0.0821923	-0.0582228	-0.0508145	-0.0536401	-0.0660144	-0.0654068	-0.0395094	0.0148598	0.0728193	
0.633888	0.398454	0.112149	-0.179772	-0.457565	-0.694298	-0.85945	-0.934163	-0.906977	-0.799051	-0.651614	-0.505513	-0.38008	-0.274488	-0.200623	-0.144275	-0.0958918	-0.0574658	-0.0447216	-0.0474642	-0.0557212	-0.057932	-0.0282635	0.026681	0.0899169	
0.676968	0.44891	0.172592	-0.120385	-0.405794	-0.645697	-0.817257	-0.899368	-0.898055	-0.812418	-0.680833	-0.540413	-0.409579	-0.292479	-0.210042	-0.14767	-0.0979876	-0.0659809	-0.049823	-0.050831	-0.0544457	-0.0448125	-0.011182	0.0417278	0.104331	
0.661593	0.443998	0.182366	-0.0931568	-0.365321	-0.599294	-0.766451	-0.856899	-0.874081	-0.809161	-0.695858	-0.562605	-0.422888	-0.293144	-0.201986	-0.139937	-0.101077	-0.0852034	-0.0805222	-0.0754449	-0.0568689	-0.0234397	0.0103818	0.0599447	0.10959	
0.604566	0.404015	0.160835	-0.0923402	-0.345859	-0.564287	-0.724566	-0.823182	-0.849244	-0.802303	-0.699167	-0.569932	-0.426957	-0.300952	-0.212861	-0.156037	-0.125601	-0.122759	-0.128233	-0.11186	-0.0704769	-0.0183146	0.0221046	0.0650506	0.0970022	
0.524692	0.346313	0.132658	-0.0965251	-0.333002	-0.536488	-0.686927	-0.785446	-0.821817	-0.798104	-0.703128	-0.574647	-0.442203	-0.326283	-0.246525	-0.198815	-0.175904	-0.179378	-0.183375	-0.15505	-0.10068	-0.0414077	0.00727464	0.0422087	0.0625254	
0.44096	0.281984	0.092347	-0.11157	-0.318758	-0.507216	-0.648124	-0.742752	-0.793787	-0.788157	-0.712263	-0.592935	-0.471826	-0.370861	-0.307121	-0.270784	-0.252633	-0.254206	-0.251569	-0.218736	-0.16123	-0.0964873	-0.0442705	-0.0101267	0.00460907	
0.375715	0.233872	0.0607485	-0.120039	-0.298442	-0.465409	-0.595097	-0.690738	-0.75331	-0.768364	-0.720526	-0.624163	-0.523111	-0.448219	-0.404349	-0.377968	-0.369275	-0.364648	-0.347418	-0.308001	-0.251678	-0.190983	-0.138366	-0.101337	-0.0900773	
0.340403	0.20958	0.0559879	-0.105001	-0.263543	-0.408405	-0.525452	-0.619958	-0.696577	-0.735014	-0.720449	-0.665083	-0.602618	-0.5566	-0.527951	-0.515167	-0.510298	-0.495959	-0.468817	-0.425078	-0.374572	-0.321595	-0.274693	-0.239936	-0.228095	
0.329145	0.199281	0.0567933	-0.0842874	-0.22092	-0.341533	-0.445393	-0.538479	-0.62163	-0.680532	-0.706913	-0.707209	-0.691992	-0.674367	-0.657637	-0.651222	-0.647509	-0.634458	-0.606628	-0.567579	-0.526799	-0.483194	-0.442131	-0.414769	-0.406968	
