0.809372	0.658694	0.455936	0.214809	-0.0321448	-0.249422	-0.403314	-0.494726	-0.548393	-0.560142	-0.543572	-0.508455	-0.45867	-0.39164	-0.324821	-0.286018	-0.263781	-0.247022	-0.246264	-0.271684	-0.315654	-0.370331	-0.437948	-0.515212	-0.609685	
0.658694	0.507922	0.318812	0.107273	-0.103533	-0.278646	-0.391906	-0.443349	-0.454872	-0.435936	-0.404861	-0.367092	-0.318031	-0.251805	-0.188387	-0.149167	-0.132229	-0.123627	-0.129064	-0.157722	-0.211528	-0.286674	-0.364289	-0.448888	-0.549662	
0.455936	0.318812	0.157309	-0.0127456	-0.173315	-0.297525	-0.370633	-0.388696	-0.367176	-0.328474	-0.285911	-0.234916	-0.173287	-0.100349	-0.0296641	0.0199482	0.0434474	0.049415	0.0366276	-0.00513137	-0.0702908	-0.156125	-0.25455	-0.354194	-0.46033	
0.214809	0.107273	-0.0127456	-0.131061	-0.242496	-0.321933	-0.358082	-0.345587	-0.302343	-0.247699	-0.186552	-0.116682	-0.0434967	0.0427909	0.131558	0.203075	0.241079	0.250047	0.227844	0.171643	0.0942609	-0.00640776	-0.127333	-0.238432	-0.349526	
-0.0321448	-0.103533	-0.173315	-0.242496	-0.307304	-0.34945	-0.354345	-0.320333	-0.262431	-0.19434	-0.111204	-0.0220665	0.0697722	0.177745	0.284414	0.370115	0.423963	0.440323	0.41624	0.35508	0.269396	0.151706	0.0136275	-0.113102	-0.235258	
-0.249422	-0.278646	-0.297525	-0.321933	-0.34945	-0.360523	-0.347284	-0.307923	-0.240202	-0.157592	-0.05924	0.0436847	0.158863	0.288313	0.407238	0.500189	0.564883	0.589095	0.5711	0.517582	0.4263	0.301731	0.156589	0.0145944	-0.122189	
-0.403314	-0.391906	-0.370633	-0.358082	-0.354345	-0.347284	-0.328025	-0.285212	-0.215149	-0.129167	-0.0252381	0.0913797	0.227613	0.367435	0.491932	0.582725	0.642115	0.676044	0.675108	0.633202	0.544463	0.424572	0.282831	0.133866	-0.0133814	
-0.494726	-0.443349	-0.388696	-0.345587	-0.320333	-0.307923	-0.285212	-0.243974	-0.180171	-0.100226	0.00152438	0.128813	0.276232	0.416909	0.535724	0.619413	0.670611	0.706698	0.718648	0.694337	0.620426	0.510095	0.370368	0.222032	0.0740749	
-0.548393	-0.454872	-0.367176	-0.302343	-0.262431	-0.240202	-0.215149	-0.180171	-0.131096	-0.0619542	0.0370564	0.158143	0.298101	0.426166	0.533181	0.612001	0.662353	0.700552	0.719942	0.708245	0.649142	0.546771	0.415607	0.274972	0.141115	
-0.560142	-0.435936	-0.328474	-0.247699	-0.19434	-0.157592	-0.129167	-0.100226	-0.0619542	-0.00453329	0.0824895	0.188786	0.305924	0.414172	0.506305	0.581577	0.631769	0.665981	0.683693	0.679384	0.626849	0.532964	0.416829	0.297713	0.185584	
-0.543572	-0.404861	-0.285911	-0.186552	-0.111204	-0.05924	-0.0252381	0.00152438	0.0370564	0.0824895	0.147252	0.23244	0.320214	0.40174	0.474616	0.539036	0.58261	0.607163	0.623031	0.618767	0.570752	0.485639	0.394983	0.304872	0.224769	
-0.508455	-0.367092	-0.234916	-0.116682	-0.0220665	0.0436847	0.0913797	0.128813	0.158143	0.188786	0.23244	0.284985	0.344717	0.402022	0.449403	0.491258	0.522858	0.542541	0.551079	0.539255	0.496152	0.433143	0.373459	0.321481	0.283705	
-0.45867	-0.318031	-0.173287	-0.0434967	0.0697722	0.158863	0.227613	0.276232	0.298101	0.305924	0.320214	0.344717	0.384054	0.422749	0.448923	0.468215	0.478061	0.4826	0.484923	0.469463	0.43648	0.399351	0.371645	0.359451	0.364521	
-0.39164	-0.251805	-0.100349	0.0427909	0.177745	0.288313	0.367435	0.416909	0.426166	0.414172	0.40174	0.402022	0.422749	0.447929	0.460257	0.46332	0.454258	0.439483	0.430488	0.418143	0.404495	0.397041	0.394743	0.415024	0.456222	
-0.324821	-0.188387	-0.0296641	0.131558	0.284414	0.407238	0.491932	0.535724	0.533181	0.506305	0.474616	0.449403	0.448923	0.460257	0.467098	0.462592	0.437465	0.407874	0.390054	0.383535	0.395248	0.416962	0.439314	0.484973	0.558604	
-0.286018	-0.149167	0.0199482	0.203075	0.370115	0.500189	0.582725	0.619413	0.612001	0.581577	0.539036	0.491258	0.468215	0.46332	0.462592	0.455448	0.42505	0.38934	0.365147	0.365974	0.396105	0.442487	0.495942	0.566175	0.665856	
-0.263781	-0.132229	0.0434474	0.241079	0.423963	0.564883	0.642115	0.670611	0.662353	0.631769	0.58261	0.522858	0.478061	0.454258	0.437465	0.42505	0.403586	0.375907	0.353883	0.366612	0.413257	0.479979	0.562279	0.66678	0.788073	
-0.247022	-0.123627	0.049415	0.250047	0.440323	0.589095	0.676044	0.706698	0.700552	0.665981	0.607163	0.542541	0.4826	0.439483	0.407874	0.38934	0.375907	0.363653	0.357832	0.384259	0.449942	0.540874	0.64946	0.776375	0.912749	
-0.246264	-0.129064	0.0366276	0.227844	0.41624	0.5711	0.675108	0.718648	0.719942	0.683693	0.623031	0.551079	0.484923	0.430488	0.390054	0.365147	0.353883	0.357832	0.380595	0.426104	0.509003	0.616194	0.739987	0.877963	1.02245	
-0.271684	-0.157722	-0.00513137	0.171643	0.35508	0.517582	0.633202	0.694337	0.708245	0.679384	0.618767	0.539255	0.469463	0.418143	0.383535	0.365974	0.366612	0.384259	0.426104	0.493967	0.588193	0.703939	0.828477	0.964503	1.10558	
-0.315654	-0.211528	-0.0702908	0.0942609	0.269396	0.4263	0.544463	0.620426	0.649142	0.626849	0.570752	0.496152	0.43648	0.404495	0.395248	0.396105	0.413257	0.449942	0.509003	0.588193	0.682817	0.797127	0.914692	1.0337	1.15507	
-0.370331	-0.286674	-0.156125	-0.00640776	0.151706	0.301731	0.424572	0.510095	0.546771	0.532964	0.485639	0.433143	0.399351	0.397041	0.416962	0.442487	0.479979	0.540874	0.616194	0.703939	0.797127	0.90013	0.994786	1.08449	1.17033	
-0.437948	-0.364289	-0.25455	-0.127333	0.0136275	0.156589	0.282831	0.370368	0.415607	0.416829	0.394983	0.373459	0.371645	0.394743	0.439314	0.495942	0.562279	0.64946	0.739987	0.828477	0.914692	0.994786	1.06839	1.12428	1.16558	
-0.515212	-0.448888	-0.354194	-0.238432	-0.113102	0.0145944	0.133866	0.222032	0.274972	0.297713	0.304872	0.321481	0.359451	0.415024	0.484973	0.566175	0.66678	0.776375	0.877963	0.964503	1.0337	1.08449	1.12428	1.14755	1.15245	
-0.609685	-0.549662	-0.46033	-0.349526	-0.235258	-0.122189	-0.0133814	0.0740749	0.141115	0.185584	0.224769	0.283705	0.364521	0.456222	0.558604	0.665856	0.788073	0.912749	1.02245	1.10558	1.15507	1.17033	1.16558	1.15245	1.12635	
-0.724808	-0.67589	-0.593374	-0.490555	-0.383708	-0.276869	-0.171002	-0.0764427	0.0122164	0.0908897	0.17373	0.272634	0.392946	0.523364	0.653593	0.789885	0.925792	1.05282	1.15608	1.22353	1.24643	1.2273	1.18565	1.13437	1.07061	
-0.863197	-0.832622	-0.754603	-0.655184	-0.545762	-0.437476	-0.328788	-0.212845	-0.0967702	0.0180486	0.143642	0.281013	0.439251	0.605479	0.757968	0.912957	1.05582	1.1758	1.26533	1.31514	1.31204	1.26124	1.18143	1.09529	1.00192	
-0.99362	-0.975557	-0.900969	-0.797939	-0.68261	-0.569875	-0.454367	-0.321142	-0.182339	-0.0322955	0.13118	0.303734	0.492209	0.67872	0.854233	1.01797	1.16344	1.27688	1.35352	1.38168	1.34962	1.27541	1.17237	1.05934	0.941844	
-1.08153	-1.07727	-1.01313	-0.910786	-0.786815	-0.657282	-0.525431	-0.38145	-0.227471	-0.0540762	0.136963	0.335226	0.538604	0.733487	0.92204	1.09172	1.2343	1.34067	1.40528	1.41616	1.37005	1.28279	1.16713	1.04154	0.907259	
-1.12784	-1.13775	-1.08855	-0.980019	-0.846908	-0.705795	-0.557317	-0.403572	-0.235863	-0.05124	0.151607	0.360215	0.569117	0.772983	0.958917	1.12993	1.2623	1.36228	1.42268	1.427	1.37584	1.28265	1.16478	1.03055	0.88658	
-1.13509	-1.14839	-1.10245	-0.992279	-0.856856	-0.714756	-0.563958	-0.407172	-0.235371	-0.050322	0.155418	0.363487	0.575075	0.781675	0.966455	1.13642	1.26408	1.3637	1.42442	1.42773	1.37649	1.2808	1.16322	1.02663	0.88244	
-1.10446	-1.10736	-1.04893	-0.944325	-0.817078	-0.680739	-0.541228	-0.393103	-0.233331	-0.0538962	0.142981	0.347053	0.553226	0.751575	0.940477	1.11079	1.25029	1.35409	1.4154	1.42248	1.37394	1.284	1.16655	1.03679	0.89857	
-1.03448	-1.02029	-0.94938	-0.847194	-0.728349	-0.609901	-0.489021	-0.351572	-0.206257	-0.0458861	0.131261	0.316052	0.512196	0.701994	0.884922	1.05218	1.19673	1.30723	1.37944	1.3998	1.35946	1.27816	1.16971	1.05072	0.924965	
-0.918194	-0.894091	-0.81739	-0.716453	-0.604973	-0.495916	-0.384643	-0.260153	-0.13411	-0.00402754	0.136305	0.288466	0.460238	0.63788	0.799034	0.957445	1.1025	1.2195	1.30372	1.34485	1.33035	1.26952	1.17754	1.07901	0.975074	
-0.778562	-0.736976	-0.656153	-0.556232	-0.449367	-0.342256	-0.23597	-0.134335	-0.0342065	0.0584935	0.159676	0.274303	0.41004	0.555271	0.695147	0.840506	0.97964	1.10449	1.20252	1.26315	1.27537	1.2426	1.18528	1.12024	1.04361	
-0.65269	-0.596528	-0.509473	-0.401548	-0.290844	-0.180863	-0.0743503	0.0143883	0.0881204	0.144818	0.201341	0.275881	0.37342	0.479859	0.594445	0.713598	0.842269	0.969868	1.07814	1.15634	1.19605	1.19718	1.17722	1.14822	1.10723	
-0.550928	-0.486201	-0.394512	-0.281132	-0.16028	-0.0395821	0.0743673	0.162822	0.22102	0.251844	0.270321	0.303548	0.359433	0.429077	0.511336	0.602701	0.712685	0.829465	0.93601	1.02255	1.08405	1.12034	1.14215	1.15175	1.14529	
-0.467299	-0.39691	-0.295146	-0.173139	-0.03918	0.0982361	0.223856	0.311171	0.35885	0.369278	0.35894	0.351727	0.364588	0.400624	0.453891	0.520814	0.601857	0.698619	0.793775	0.881174	0.961068	1.03046	1.09262	1.13591	1.16082	
-0.395996	-0.317915	-0.194487	-0.0548256	0.0965842	0.245246	0.369891	0.456817	0.496647	0.487145	0.448713	0.408588	0.386612	0.393609	0.424794	0.463105	0.510219	0.581943	0.663672	0.75238	0.84528	0.939726	1.02578	1.10191	1.17016	
-0.335623	-0.239811	-0.10227	0.0577797	0.226563	0.379676	0.499499	0.579748	0.613148	0.593832	0.539684	0.472172	0.421453	0.401725	0.404393	0.413732	0.438728	0.484299	0.550449	0.633413	0.725864	0.837218	0.947377	1.05622	1.16448	
-0.288277	-0.175924	-0.0288078	0.142533	0.32365	0.485414	0.602395	0.670568	0.690521	0.66444	0.605484	0.524987	0.457256	0.411607	0.385306	0.374711	0.381571	0.406063	0.453992	0.527779	0.624277	0.74111	0.864027	0.993991	1.12958	
-0.252958	-0.137551	0.023069	0.209233	0.395154	0.554392	0.66442	0.714507	0.719473	0.686386	0.625453	0.550821	0.481566	0.426542	0.386238	0.362244	0.354197	0.363651	0.395608	0.450327	0.538212	0.649956	0.774901	0.914844	1.05978	
-0.243791	-0.123022	0.0473388	0.245081	0.435868	0.586181	0.679901	0.715076	0.711534	0.674797	0.614359	0.54652	0.484759	0.435192	0.39944	0.377782	0.36406	0.359324	0.364798	0.397943	0.471372	0.569512	0.686136	0.818437	0.959374	
-0.256974	-0.128436	0.0477219	0.24807	0.435816	0.580209	0.659487	0.686895	0.678535	0.6474	0.593887	0.532519	0.480236	0.448079	0.424322	0.409592	0.393605	0.371389	0.353361	0.371318	0.425455	0.501828	0.595034	0.710195	0.838999	
-0.276082	-0.140143	0.0321672	0.221855	0.395243	0.52924	0.609568	0.642109	0.634523	0.603624	0.559659	0.505522	0.472869	0.461535	0.454945	0.445957	0.418178	0.383065	0.358783	0.364136	0.400337	0.454218	0.52065	0.60494	0.712423	
-0.30579	-0.170026	-0.00680521	0.163528	0.322222	0.447987	0.532607	0.574587	0.569146	0.539222	0.501797	0.467126	0.457865	0.462722	0.467239	0.46138	0.432715	0.399773	0.378648	0.373879	0.394527	0.428034	0.461213	0.515196	0.601307	
-0.363105	-0.224331	-0.070081	0.0794194	0.2223	0.338889	0.420268	0.467466	0.471414	0.452439	0.431184	0.421258	0.434632	0.453922	0.463761	0.463201	0.446812	0.424906	0.412409	0.402786	0.398461	0.40274	0.410644	0.441664	0.495957	
-0.433286	-0.292969	-0.145441	-0.0109475	0.110515	0.209667	0.285025	0.335208	0.352384	0.350915	0.354712	0.368761	0.400449	0.433827	0.453277	0.4649	0.466981	0.463672	0.461386	0.446274	0.420459	0.395127	0.378182	0.379625	0.400364	
-0.490607	-0.349786	-0.211387	-0.0880178	0.0128503	0.0875938	0.143506	0.18643	0.212883	0.23537	0.267067	0.308319	0.359579	0.408519	0.4464	0.478885	0.501463	0.517302	0.523705	0.509587	0.469079	0.415765	0.369225	0.333916	0.313672	
-0.531427	-0.390816	-0.2672	-0.159238	-0.0748574	-0.0186893	0.0199051	0.0496813	0.0829166	0.122797	0.180295	0.252121	0.327705	0.399324	0.462208	0.518563	0.558879	0.581719	0.594617	0.587857	0.541925	0.464489	0.38532	0.309697	0.245038	
