-0.306787	-0.250252	-0.160762	-0.0732539	-0.0178956	-0.00819764	-0.0461964	-0.124045	-0.216915	-0.28985	-0.31681	-0.298798	-0.25433	-0.202342	-0.156954	-0.133929	-0.132022	-0.131672	-0.138241	-0.152056	-0.164988	-0.180309	-0.197487	-0.202497	-0.195412	
-0.20775	-0.169671	-0.0963988	-0.0189934	0.030543	0.0378416	0.00554765	-0.063721	-0.143708	-0.19754	-0.211925	-0.188897	-0.134836	-0.0655239	-0.0132756	0.00866963	0.00421081	-0.00308957	-0.0186179	-0.0411205	-0.0590543	-0.0688684	-0.0800071	-0.0806997	-0.0507894	
-0.12228	-0.0970373	-0.0413337	0.0162384	0.0555852	0.0624077	0.0356085	-0.0175228	-0.0772897	-0.116064	-0.121074	-0.0904862	-0.0261964	0.0573025	0.118142	0.139431	0.131479	0.111167	0.0830365	0.0496927	0.0183882	0.00065579	-0.000420053	0.0224002	0.0769809	
-0.0592995	-0.0483312	-0.0163966	0.0161064	0.0355699	0.0394579	0.0262238	-0.00288701	-0.0366483	-0.0578009	-0.0535868	-0.0127154	0.062058	0.151458	0.21837	0.24001	0.227188	0.200927	0.158954	0.113146	0.0701601	0.040826	0.0486584	0.10188	0.187017	
-0.0209842	-0.0293944	-0.0283403	-0.031211	-0.0369293	-0.0398174	-0.032893	-0.0297981	-0.0287684	-0.0263474	-0.00551056	0.0503379	0.130135	0.2159	0.280647	0.301106	0.28491	0.252971	0.200296	0.14674	0.102035	0.0726264	0.0917403	0.164299	0.275372	
0.00871962	-0.0282588	-0.0624815	-0.101013	-0.130802	-0.137473	-0.114572	-0.0777249	-0.0416156	-0.00723231	0.0380551	0.107426	0.187555	0.260535	0.311456	0.32307	0.300295	0.258506	0.20269	0.150471	0.108611	0.091086	0.123908	0.208229	0.333025	
0.0416994	-0.0273219	-0.0981301	-0.164505	-0.210932	-0.220457	-0.186482	-0.126064	-0.0554536	0.0138652	0.0861809	0.167056	0.24533	0.299466	0.328482	0.328262	0.289126	0.231856	0.171506	0.115953	0.0797757	0.0814873	0.12878	0.222028	0.349806	
0.0881248	-0.0139846	-0.115112	-0.20275	-0.258714	-0.269398	-0.229657	-0.152521	-0.0550887	0.047486	0.146007	0.23215	0.30093	0.340512	0.345311	0.32077	0.258774	0.184399	0.114148	0.0568259	0.0250313	0.0392547	0.101345	0.199708	0.326365	
0.141807	0.0178456	-0.112655	-0.227619	-0.293223	-0.302607	-0.260621	-0.162454	-0.0337989	0.0932479	0.208752	0.297119	0.354134	0.3738	0.355342	0.303786	0.226529	0.137729	0.05588	-0.00263323	-0.0357256	-0.0210241	0.0459349	0.154577	0.280569	
0.189819	0.0508593	-0.103474	-0.243524	-0.321815	-0.335501	-0.282996	-0.164576	-0.00952851	0.13655	0.261821	0.351363	0.397469	0.403451	0.363931	0.293126	0.19837	0.0998126	0.0100342	-0.0569247	-0.0943899	-0.0806519	-0.012304	0.0913848	0.212889	
0.228926	0.0854563	-0.0830735	-0.236771	-0.332022	-0.349532	-0.283292	-0.149178	0.018988	0.17651	0.295775	0.383496	0.432846	0.430321	0.376083	0.29225	0.184149	0.0668787	-0.0393823	-0.119109	-0.162017	-0.15214	-0.0874115	0.014192	0.130674	
0.253482	0.110549	-0.0614495	-0.215103	-0.315583	-0.333337	-0.263832	-0.127396	0.0429394	0.201939	0.319746	0.411652	0.462544	0.453169	0.393863	0.297151	0.174304	0.0417939	-0.0838975	-0.181988	-0.234069	-0.234286	-0.176657	-0.0784	0.0238956	
0.271087	0.127866	-0.040393	-0.189881	-0.285036	-0.300197	-0.237081	-0.104565	0.0616727	0.218075	0.340254	0.434	0.481072	0.465278	0.399505	0.291285	0.158317	0.0103318	-0.126328	-0.234321	-0.299661	-0.311149	-0.264519	-0.177896	-0.0853279	
0.271178	0.125951	-0.0307381	-0.168406	-0.247325	-0.260771	-0.207109	-0.0914853	0.0640304	0.215116	0.34682	0.437655	0.47434	0.448096	0.371572	0.258674	0.117007	-0.0364611	-0.172649	-0.278042	-0.34645	-0.361545	-0.325461	-0.252751	-0.165412	
0.227794	0.0846849	-0.0539384	-0.168179	-0.229387	-0.239578	-0.199178	-0.103918	0.0276176	0.171205	0.305098	0.395742	0.426832	0.391489	0.305477	0.189425	0.0496266	-0.094492	-0.210541	-0.299368	-0.355249	-0.367939	-0.333513	-0.269827	-0.195436	
0.13211	0.00436634	-0.114286	-0.209554	-0.259819	-0.266791	-0.235686	-0.156407	-0.0449756	0.0806018	0.205691	0.291396	0.316135	0.275674	0.191756	0.0841369	-0.0399789	-0.153489	-0.233883	-0.293005	-0.323917	-0.321327	-0.287248	-0.232387	-0.169989	
-0.00982938	-0.116158	-0.21797	-0.30765	-0.356613	-0.362746	-0.333425	-0.256224	-0.157735	-0.0523546	0.0519316	0.125734	0.148025	0.116687	0.0468028	-0.0417371	-0.131982	-0.200295	-0.237895	-0.257564	-0.255704	-0.232259	-0.192994	-0.146461	-0.097151	
-0.19276	-0.281565	-0.371915	-0.451261	-0.497011	-0.50365	-0.474991	-0.405822	-0.318309	-0.227044	-0.143485	-0.078331	-0.045924	-0.0632348	-0.110281	-0.165042	-0.216166	-0.241548	-0.228991	-0.201499	-0.165133	-0.114967	-0.0660061	-0.0224329	0.00844541	
-0.404642	-0.485133	-0.568214	-0.638572	-0.67605	-0.682603	-0.658094	-0.599129	-0.518811	-0.435859	-0.361835	-0.296324	-0.248854	-0.235888	-0.248407	-0.262076	-0.269989	-0.249286	-0.192712	-0.119544	-0.040892	0.0327596	0.0848702	0.113908	0.131004	
-0.622105	-0.703518	-0.781163	-0.842051	-0.863282	-0.866076	-0.854051	-0.810151	-0.734883	-0.654796	-0.573753	-0.49599	-0.432383	-0.390273	-0.367791	-0.337046	-0.291469	-0.222576	-0.123996	-0.00849457	0.0992092	0.179935	0.230173	0.249492	0.25143	
-0.81527	-0.900292	-0.969401	-1.00744	-1.01176	-1.00992	-1.01241	-0.988982	-0.930386	-0.851133	-0.759895	-0.667309	-0.582459	-0.51979	-0.464102	-0.392311	-0.297142	-0.184731	-0.0463337	0.0975446	0.222289	0.309046	0.352553	0.362144	0.350525	
-0.969283	-1.04625	-1.09352	-1.10666	-1.09847	-1.09458	-1.10538	-1.1017	-1.06987	-1.00272	-0.914727	-0.811669	-0.708914	-0.62221	-0.536078	-0.431921	-0.297231	-0.146838	0.0250391	0.187919	0.321652	0.402517	0.43966	0.442068	0.421411	
-1.06897	-1.12288	-1.13959	-1.12923	-1.11182	-1.10783	-1.12175	-1.13797	-1.13368	-1.09454	-1.02117	-0.924538	-0.820079	-0.715723	-0.604232	-0.472864	-0.312085	-0.124961	0.0665603	0.245589	0.382882	0.457173	0.481615	0.474636	0.450159	
-1.09659	-1.11342	-1.09933	-1.07259	-1.05337	-1.05065	-1.06288	-1.08927	-1.11082	-1.10767	-1.07047	-1.00613	-0.922459	-0.817529	-0.689874	-0.537183	-0.356705	-0.144652	0.0627959	0.248858	0.380776	0.448213	0.463779	0.448839	0.421857	
-1.07234	-1.04833	-1.00351	-0.957134	-0.936362	-0.934808	-0.944903	-0.983565	-1.03205	-1.06598	-1.07353	-1.06105	-1.01494	-0.924442	-0.78752	-0.617063	-0.420887	-0.201832	0.0101641	0.189724	0.314114	0.380627	0.387486	0.368407	0.34397	
-1.02722	-0.964477	-0.884638	-0.815917	-0.78268	-0.777988	-0.797826	-0.853667	-0.934019	-1.0043	-1.0558	-1.09105	-1.0883	-1.01681	-0.881943	-0.703895	-0.492377	-0.275093	-0.0779221	0.0802355	0.195947	0.259711	0.274378	0.261286	0.240747	
-0.964477	-0.868221	-0.76064	-0.669292	-0.619346	-0.611177	-0.643798	-0.720135	-0.826086	-0.92763	-1.0165	-1.09149	-1.12905	-1.08614	-0.966005	-0.787023	-0.57266	-0.359761	-0.17634	-0.0393015	0.0573007	0.114216	0.130951	0.117926	0.0975072	
-0.884638	-0.76064	-0.635456	-0.527293	-0.466829	-0.455901	-0.49725	-0.587599	-0.710773	-0.835314	-0.957173	-1.06552	-1.13289	-1.12239	-1.02723	-0.862901	-0.652988	-0.446366	-0.273167	-0.150334	-0.0731068	-0.0354691	-0.0337908	-0.0532749	-0.0739262	
-0.815917	-0.669292	-0.527293	-0.40348	-0.33126	-0.319786	-0.366977	-0.47371	-0.611652	-0.756912	-0.902647	-1.03134	-1.11541	-1.12534	-1.05538	-0.915694	-0.72042	-0.522188	-0.359327	-0.242549	-0.177898	-0.164806	-0.180453	-0.204866	-0.229593	
-0.78268	-0.619346	-0.466829	-0.33126	-0.251308	-0.238276	-0.291065	-0.409023	-0.556481	-0.717232	-0.877933	-1.01269	-1.09636	-1.11337	-1.05425	-0.929045	-0.752782	-0.564244	-0.40889	-0.29088	-0.234393	-0.235975	-0.269331	-0.305023	-0.327899	
-0.777988	-0.611177	-0.455901	-0.319786	-0.238276	-0.225213	-0.278831	-0.397844	-0.546965	-0.71095	-0.875742	-1.00994	-1.09322	-1.10879	-1.0514	-0.929749	-0.758557	-0.570679	-0.415425	-0.297421	-0.242865	-0.248846	-0.283312	-0.322389	-0.345785	
-0.797826	-0.643798	-0.49725	-0.366977	-0.291065	-0.278831	-0.328469	-0.441271	-0.583875	-0.73612	-0.888669	-1.02122	-1.10646	-1.12153	-1.05772	-0.924575	-0.737509	-0.54424	-0.385277	-0.267873	-0.206847	-0.200044	-0.224576	-0.253775	-0.277356	
-0.853667	-0.720135	-0.587599	-0.47371	-0.409023	-0.397844	-0.441271	-0.53719	-0.666918	-0.800075	-0.933147	-1.05154	-1.12792	-1.12627	-1.0422	-0.888744	-0.683306	-0.479258	-0.30956	-0.190771	-0.119118	-0.0926867	-0.0972372	-0.118697	-0.140598	
-0.934019	-0.826086	-0.710773	-0.611652	-0.556481	-0.546965	-0.583875	-0.666918	-0.78015	-0.892069	-0.994222	-1.08341	-1.1343	-1.10521	-0.993996	-0.818105	-0.605057	-0.39482	-0.21562	-0.0852241	0.00287303	0.0542751	0.0661356	0.0503685	0.0298475	
-1.0043	-0.92763	-0.835314	-0.756912	-0.717232	-0.71095	-0.73612	-0.800075	-0.892069	-0.975925	-1.04281	-1.09538	-1.10932	-1.04789	-0.917766	-0.738051	-0.523799	-0.307732	-0.116953	0.0321444	0.140373	0.202948	0.220198	0.209326	0.189342	
-1.0558	-1.0165	-0.957173	-0.902647	-0.877933	-0.875742	-0.888669	-0.933147	-0.994222	-1.04281	-1.06805	-1.07583	-1.04803	-0.963893	-0.826341	-0.651696	-0.44853	-0.229432	-0.0215513	0.149674	0.271837	0.337887	0.34593	0.328597	0.305736	
-1.09105	-1.09149	-1.06552	-1.03134	-1.01269	-1.00994	-1.02122	-1.05154	-1.08341	-1.09538	-1.07583	-1.03122	-0.960934	-0.860924	-0.72842	-0.567535	-0.380311	-0.164849	0.046635	0.232191	0.361282	0.428128	0.439346	0.42127	0.395163	
-1.0883	-1.12905	-1.13289	-1.11541	-1.09636	-1.09322	-1.10646	-1.12792	-1.1343	-1.10932	-1.04803	-0.960934	-0.862766	-0.754408	-0.63573	-0.495686	-0.326821	-0.126951	0.0715083	0.254375	0.390794	0.461149	0.482622	0.471669	0.445969	
-1.01681	-1.08614	-1.12239	-1.12534	-1.11337	-1.10879	-1.12153	-1.12627	-1.10521	-1.04789	-0.963893	-0.860924	-0.754408	-0.660229	-0.56243	-0.446053	-0.299657	-0.134641	0.0458243	0.215963	0.352062	0.431701	0.462019	0.460857	0.439553	
-0.881943	-0.966005	-1.02723	-1.05538	-1.05425	-1.0514	-1.05772	-1.0422	-0.993996	-0.917766	-0.826341	-0.72842	-0.63573	-0.56243	-0.49481	-0.410188	-0.297951	-0.16924	-0.0156767	0.13665	0.265514	0.350017	0.392641	0.399335	0.382623	
-0.703895	-0.787023	-0.862901	-0.915694	-0.929045	-0.929749	-0.924575	-0.888744	-0.818105	-0.738051	-0.651696	-0.567535	-0.495686	-0.446053	-0.410188	-0.361126	-0.294043	-0.207536	-0.0927608	0.0353524	0.151256	0.235398	0.28213	0.297536	0.294226	
-0.492377	-0.57266	-0.652988	-0.72042	-0.752782	-0.758557	-0.737509	-0.683306	-0.605057	-0.523799	-0.44853	-0.380311	-0.326821	-0.299657	-0.297951	-0.294043	-0.282082	-0.241586	-0.167841	-0.077265	0.0150798	0.0934076	0.145229	0.169635	0.180731	
-0.275093	-0.359761	-0.446366	-0.522188	-0.564244	-0.570679	-0.54424	-0.479258	-0.39482	-0.307732	-0.229432	-0.164849	-0.126951	-0.134641	-0.16924	-0.207536	-0.241586	-0.24971	-0.218791	-0.172773	-0.119528	-0.0580259	-0.0073229	0.0312477	0.0561893	
-0.0779221	-0.17634	-0.273167	-0.359327	-0.40889	-0.415425	-0.385277	-0.30956	-0.21562	-0.116953	-0.0215513	0.046635	0.0715083	0.0458243	-0.0156767	-0.0927608	-0.167841	-0.218791	-0.236629	-0.237085	-0.222427	-0.188802	-0.14547	-0.100567	-0.0583818	
0.0802355	-0.0393015	-0.150334	-0.242549	-0.29088	-0.297421	-0.267873	-0.190771	-0.0852241	0.0321444	0.149674	0.232191	0.254375	0.215963	0.13665	0.0353524	-0.077265	-0.172773	-0.237085	-0.282721	-0.300093	-0.289609	-0.253826	-0.20305	-0.146214	
0.195947	0.0573007	-0.0731068	-0.177898	-0.234393	-0.242865	-0.206847	-0.119118	0.00287303	0.140373	0.271837	0.361282	0.390794	0.352062	0.265514	0.151256	0.0150798	-0.119528	-0.222427	-0.300093	-0.3473	-0.355434	-0.321803	-0.260876	-0.191298	
0.259711	0.114216	-0.0354691	-0.164806	-0.235975	-0.248846	-0.200044	-0.0926867	0.0542751	0.202948	0.337887	0.428128	0.461149	0.431701	0.350017	0.235398	0.0934076	-0.0580259	-0.188802	-0.289609	-0.355434	-0.370586	-0.334902	-0.2668	-0.18449	
0.274378	0.130951	-0.0337908	-0.180453	-0.269331	-0.283312	-0.224576	-0.0972372	0.0661356	0.220198	0.34593	0.439346	0.482622	0.462019	0.392641	0.28213	0.145229	-0.0073229	-0.14547	-0.253826	-0.321803	-0.334902	-0.293914	-0.213261	-0.122241	
0.261286	0.117926	-0.0532749	-0.204866	-0.305023	-0.322389	-0.253775	-0.118697	0.0503685	0.209326	0.328597	0.42127	0.471669	0.460857	0.399335	0.297536	0.169635	0.0312477	-0.100567	-0.20305	-0.260876	-0.2668	-0.213261	-0.118262	-0.0213477	
0.240747	0.0975072	-0.0739262	-0.229593	-0.327899	-0.345785	-0.277356	-0.140598	0.0298475	0.189342	0.305736	0.395163	0.445969	0.439553	0.382623	0.294226	0.180731	0.0561893	-0.0583818	-0.146214	-0.191298	-0.18449	-0.122241	-0.0213477	0.0903186	
