0.261388	0.308772	0.32677	0.323161	0.312409	0.309317	0.319012	0.326759	0.319325	0.283706	0.218533	0.128339	0.0193875	-0.0936252	-0.196049	-0.266477	-0.30015	-0.298812	-0.276567	-0.227521	-0.170194	-0.136945	-0.138308	-0.166273	-0.198799	
0.299965	0.352805	0.372885	0.370856	0.35883	0.35568	0.366336	0.374382	0.363813	0.32625	0.246139	0.127184	-0.0110647	-0.145069	-0.257978	-0.34002	-0.386544	-0.391809	-0.367855	-0.313704	-0.236579	-0.17286	-0.141597	-0.134294	-0.137286	
0.303093	0.372141	0.398547	0.402639	0.397247	0.396294	0.400419	0.402524	0.386382	0.337462	0.235343	0.0943799	-0.0555527	-0.198929	-0.321178	-0.412393	-0.464477	-0.468289	-0.428033	-0.353901	-0.250472	-0.151084	-0.0839835	-0.0416519	-0.0165376	
0.273507	0.35828	0.4018	0.41759	0.419508	0.418796	0.418838	0.41097	0.380029	0.313217	0.197369	0.0417565	-0.118382	-0.260419	-0.379103	-0.465526	-0.513362	-0.506047	-0.443582	-0.33961	-0.207451	-0.0827484	0.0198581	0.0967981	0.151858	
0.223687	0.323895	0.383389	0.411459	0.423545	0.426833	0.417086	0.397521	0.352042	0.269484	0.14223	-0.0201785	-0.181647	-0.31935	-0.425977	-0.500741	-0.525554	-0.492334	-0.400529	-0.269646	-0.112942	0.0377754	0.165497	0.274015	0.350862	
0.163097	0.271552	0.34504	0.389496	0.410564	0.415477	0.399097	0.366357	0.304761	0.21072	0.0827114	-0.0709557	-0.220702	-0.347269	-0.438418	-0.490399	-0.486755	-0.423311	-0.303344	-0.146703	0.0343201	0.207355	0.352739	0.474228	0.561824	
0.115097	0.227881	0.315061	0.377526	0.409665	0.414362	0.394086	0.343659	0.265937	0.162396	0.0403862	-0.0908572	-0.218444	-0.329305	-0.401491	-0.426318	-0.400757	-0.315633	-0.174371	-0.000364381	0.194034	0.38488	0.546391	0.670208	0.754966	
0.110579	0.223236	0.321454	0.398955	0.437529	0.444572	0.41869	0.356447	0.264049	0.156758	0.0394616	-0.0754773	-0.178329	-0.26563	-0.319708	-0.328414	-0.284351	-0.188377	-0.0432272	0.139807	0.341754	0.543289	0.717627	0.838683	0.913188	
0.144365	0.256187	0.358157	0.4345	0.473231	0.481549	0.454086	0.392554	0.299004	0.189138	0.0795567	-0.0176	-0.101082	-0.166639	-0.200946	-0.194486	-0.1335	-0.0309023	0.111551	0.293631	0.493747	0.689615	0.860344	0.97905	1.04381	
0.216392	0.326303	0.420323	0.486198	0.525467	0.533113	0.505154	0.449602	0.367096	0.260314	0.153544	0.0681897	-0.000500018	-0.0449829	-0.0582436	-0.0355659	0.0291037	0.132822	0.269695	0.442136	0.638502	0.825326	0.983315	1.09153	1.14591	
0.316864	0.417458	0.505758	0.570941	0.602644	0.608647	0.586951	0.535307	0.454236	0.358129	0.256533	0.174229	0.121303	0.0942515	0.100529	0.131205	0.188968	0.28127	0.410205	0.570213	0.755657	0.932301	1.06885	1.15695	1.19647	
0.433541	0.526217	0.601652	0.660233	0.692766	0.697985	0.676261	0.628052	0.558201	0.472484	0.375963	0.302217	0.263453	0.245456	0.257042	0.29653	0.351721	0.424849	0.537589	0.682645	0.846966	0.994672	1.10397	1.17022	1.18684	
0.556583	0.627656	0.692336	0.741913	0.770884	0.775686	0.755832	0.714701	0.654441	0.585305	0.514445	0.45027	0.409499	0.39721	0.413441	0.452288	0.507427	0.573396	0.667697	0.789492	0.91845	1.02375	1.09439	1.13263	1.12629	
0.663956	0.717321	0.768004	0.802026	0.826206	0.830536	0.813727	0.782633	0.739241	0.684336	0.637295	0.591484	0.558474	0.554377	0.572053	0.611118	0.6633	0.723358	0.79546	0.884192	0.972345	1.03401	1.0553	1.05148	1.01852	
0.738255	0.773636	0.815233	0.846243	0.869498	0.875199	0.856189	0.829137	0.791097	0.750499	0.724433	0.705657	0.690636	0.695728	0.723891	0.767108	0.81601	0.865894	0.915886	0.962153	0.996859	1.00681	0.981272	0.934369	0.866588	
0.752226	0.778632	0.818492	0.854516	0.878075	0.881364	0.867035	0.833589	0.79362	0.760311	0.747925	0.754234	0.770166	0.800917	0.849113	0.909773	0.959359	0.998542	1.0199	1.01961	0.994562	0.947279	0.875939	0.786565	0.686475	
0.683219	0.703401	0.743105	0.784234	0.804461	0.805755	0.795723	0.76132	0.716671	0.688978	0.683732	0.708532	0.762791	0.841542	0.927729	1.01387	1.07685	1.11013	1.09843	1.04929	0.973039	0.873356	0.761859	0.640062	0.520292	
0.51465	0.531767	0.569241	0.609732	0.632893	0.636899	0.621383	0.587145	0.544513	0.518242	0.52137	0.570886	0.666589	0.791867	0.928648	1.05082	1.1357	1.17062	1.141	1.05455	0.936933	0.805087	0.664271	0.520965	0.383614	
0.261703	0.275778	0.313747	0.353194	0.384446	0.390308	0.36779	0.329619	0.289521	0.262859	0.275779	0.34778	0.477141	0.647862	0.83355	0.99761	1.11074	1.15905	1.12851	1.02717	0.894121	0.747372	0.593853	0.439343	0.283278	
-0.0501965	-0.0413314	-0.00101344	0.042998	0.0817897	0.0885741	0.0614771	0.0155547	-0.0268923	-0.0518601	-0.0295435	0.0557921	0.21572	0.431888	0.655962	0.857687	1.00861	1.08577	1.07147	0.980416	0.847083	0.693873	0.535362	0.380751	0.217831	
-0.383173	-0.374949	-0.330513	-0.274531	-0.226524	-0.217417	-0.252864	-0.308544	-0.359859	-0.386701	-0.358051	-0.258923	-0.0785423	0.159847	0.412496	0.656339	0.847629	0.961289	0.981093	0.916272	0.796066	0.64857	0.490376	0.332862	0.175467	
-0.680829	-0.672295	-0.622934	-0.555306	-0.501941	-0.491308	-0.531198	-0.595302	-0.657041	-0.68388	-0.65649	-0.55445	-0.370249	-0.125036	0.149925	0.422998	0.650496	0.807397	0.876087	0.849305	0.754834	0.62058	0.463588	0.307342	0.153913	
-0.901205	-0.884036	-0.826983	-0.756799	-0.70774	-0.699263	-0.732773	-0.798483	-0.864649	-0.900311	-0.882036	-0.790807	-0.620697	-0.385973	-0.106353	0.187545	0.451791	0.655743	0.771564	0.795634	0.733074	0.611493	0.461788	0.312373	0.164166	
-1.02398	-0.992315	-0.925442	-0.85523	-0.807062	-0.799467	-0.831609	-0.896419	-0.967814	-1.0175	-1.01643	-0.94703	-0.809044	-0.593918	-0.317394	-0.0112545	0.285284	0.531017	0.68947	0.758015	0.733012	0.627743	0.49036	0.34133	0.201464	
-1.06007	-1.00239	-0.91748	-0.839296	-0.793006	-0.785337	-0.816225	-0.883487	-0.969859	-1.04267	-1.06963	-1.03172	-0.92191	-0.727746	-0.452241	-0.132935	0.183412	0.448403	0.638158	0.73721	0.739453	0.663749	0.543546	0.398544	0.265816	
-1.02346	-0.935148	-0.822398	-0.724385	-0.672178	-0.662868	-0.698165	-0.778542	-0.891107	-0.992956	-1.05277	-1.04834	-0.961666	-0.780871	-0.508212	-0.184804	0.142963	0.421696	0.627861	0.736005	0.752316	0.698828	0.601723	0.483215	0.361651	
-0.935148	-0.811758	-0.670548	-0.551836	-0.481519	-0.468982	-0.516933	-0.618952	-0.754561	-0.890671	-0.984072	-1.00722	-0.939469	-0.769612	-0.501472	-0.175593	0.154237	0.438719	0.646085	0.759704	0.783407	0.745109	0.664849	0.56887	0.45935	
-0.822398	-0.670548	-0.501641	-0.356989	-0.267396	-0.252517	-0.312789	-0.439167	-0.602057	-0.766947	-0.888289	-0.93368	-0.879615	-0.716825	-0.455675	-0.132317	0.191499	0.476515	0.684635	0.799731	0.823433	0.790449	0.725522	0.638367	0.544436	
-0.724385	-0.551836	-0.356989	-0.182486	-0.0720129	-0.0542023	-0.128203	-0.282247	-0.474288	-0.660324	-0.803558	-0.862344	-0.810185	-0.646292	-0.394454	-0.085537	0.233197	0.515741	0.725686	0.838683	0.856146	0.821222	0.769015	0.694222	0.607973	
-0.672178	-0.481519	-0.267396	-0.0720129	0.0550142	0.0792994	-0.0111995	-0.184139	-0.395925	-0.601781	-0.756193	-0.815151	-0.760587	-0.595891	-0.34169	-0.0444667	0.268495	0.541481	0.746312	0.861059	0.879665	0.845323	0.79519	0.727153	0.637687	
-0.662868	-0.468982	-0.252517	-0.0542023	0.0792994	0.105244	0.00912305	-0.168217	-0.382116	-0.591237	-0.748476	-0.806617	-0.752906	-0.586032	-0.330993	-0.0367408	0.274765	0.546056	0.74909	0.862758	0.885159	0.850296	0.799791	0.732354	0.642656	
-0.698165	-0.516933	-0.312789	-0.128203	-0.0111995	0.00912305	-0.0713236	-0.233779	-0.435451	-0.63112	-0.779754	-0.839381	-0.785889	-0.622563	-0.370866	-0.0665419	0.250202	0.52811	0.736954	0.851277	0.866654	0.832116	0.781858	0.710073	0.623241	
-0.778542	-0.618952	-0.439167	-0.282247	-0.184139	-0.168217	-0.233779	-0.371631	-0.546871	-0.719808	-0.850842	-0.903599	-0.851799	-0.68778	-0.431452	-0.114475	0.207913	0.493683	0.702804	0.816355	0.837766	0.803653	0.745255	0.66319	0.573722	
-0.891107	-0.754561	-0.602057	-0.474288	-0.395925	-0.382116	-0.435451	-0.546871	-0.692038	-0.841544	-0.947354	-0.979681	-0.918166	-0.752804	-0.486736	-0.159938	0.16773	0.452207	0.658717	0.774158	0.799311	0.765292	0.689944	0.598251	0.494715	
-0.992956	-0.890671	-0.766947	-0.660324	-0.601781	-0.591237	-0.63112	-0.719808	-0.841544	-0.95717	-1.03036	-1.03805	-0.958908	-0.782972	-0.512046	-0.186903	0.142475	0.424852	0.632834	0.743021	0.762278	0.716265	0.626435	0.519155	0.402256	
-1.05277	-0.984072	-0.888289	-0.803558	-0.756193	-0.748476	-0.779754	-0.850842	-0.947354	-1.03036	-1.07077	-1.04679	-0.946785	-0.757083	-0.483355	-0.162144	0.160486	0.431234	0.630007	0.733772	0.743485	0.677517	0.566702	0.430645	0.301893	
-1.04834	-1.00722	-0.93368	-0.862344	-0.815151	-0.806617	-0.839381	-0.903599	-0.979681	-1.03805	-1.04679	-0.988423	-0.863308	-0.658135	-0.381596	-0.0695392	0.236993	0.491364	0.66373	0.74755	0.73506	0.641348	0.509517	0.359448	0.223075	
-0.961666	-0.939469	-0.879615	-0.810185	-0.760587	-0.752906	-0.785889	-0.851799	-0.918166	-0.958908	-0.946785	-0.863308	-0.705192	-0.47607	-0.198307	0.100574	0.378776	0.601854	0.734988	0.778475	0.731298	0.614555	0.469525	0.321654	0.17666	
-0.780871	-0.769612	-0.716825	-0.646292	-0.595891	-0.586032	-0.622563	-0.68778	-0.752804	-0.782972	-0.757083	-0.658135	-0.47607	-0.234122	0.0450338	0.327722	0.56969	0.744547	0.833091	0.827269	0.742938	0.614869	0.459421	0.306125	0.153991	
-0.508212	-0.501472	-0.455675	-0.394454	-0.34169	-0.330993	-0.370866	-0.431452	-0.486736	-0.512046	-0.483355	-0.381596	-0.198307	0.0450338	0.307324	0.564726	0.771435	0.901561	0.939599	0.887503	0.778141	0.635134	0.476746	0.319068	0.164409	
-0.184804	-0.175593	-0.132317	-0.085537	-0.0444667	-0.0367408	-0.0665419	-0.114475	-0.159938	-0.186903	-0.162144	-0.0695392	0.100574	0.327722	0.564726	0.783479	0.950483	1.04087	1.03902	0.95688	0.827032	0.674525	0.515143	0.359786	0.198401	
0.142963	0.154237	0.191499	0.233197	0.268495	0.274765	0.250202	0.207913	0.16773	0.142475	0.160486	0.236993	0.378776	0.56969	0.771435	0.950483	1.07794	1.13672	1.10982	1.01041	0.875758	0.724895	0.569431	0.414991	0.253804	
0.421696	0.438719	0.476515	0.515741	0.541481	0.546056	0.52811	0.493683	0.452207	0.424852	0.431234	0.491364	0.601854	0.744547	0.901561	1.04087	1.13672	1.17493	1.14249	1.0468	0.920573	0.781607	0.633587	0.483587	0.338453	
0.627861	0.646085	0.684635	0.725686	0.746312	0.74909	0.736954	0.702804	0.658717	0.632834	0.630007	0.66373	0.734988	0.833091	0.939599	1.03902	1.10982	1.14249	1.12125	1.05467	0.959888	0.844999	0.720088	0.588521	0.462046	
0.736005	0.759704	0.799731	0.838683	0.861059	0.862758	0.851277	0.816355	0.774158	0.743021	0.733772	0.74755	0.778475	0.827269	0.887503	0.95688	1.01041	1.0468	1.05467	1.03465	0.987672	0.917707	0.829352	0.725955	0.616613	
0.752316	0.783407	0.823433	0.856146	0.879665	0.885159	0.866654	0.837766	0.799311	0.762278	0.743485	0.73506	0.731298	0.742938	0.778141	0.827032	0.875758	0.920573	0.959888	0.987672	0.998085	0.986692	0.942485	0.877279	0.795629	
0.698828	0.745109	0.790449	0.821222	0.845323	0.850296	0.832116	0.803653	0.765292	0.716265	0.677517	0.641348	0.614555	0.614869	0.635134	0.674525	0.724895	0.781607	0.844999	0.917707	0.986692	1.02774	1.03007	1.0093	0.962476	
0.601723	0.664849	0.725522	0.769015	0.79519	0.799791	0.781858	0.745255	0.689944	0.626435	0.566702	0.509517	0.469525	0.459421	0.476746	0.515143	0.569431	0.633587	0.720088	0.829352	0.942485	1.03007	1.08185	1.10476	1.08892	
0.483215	0.56887	0.638367	0.694222	0.727153	0.732354	0.710073	0.66319	0.598251	0.519155	0.430645	0.359448	0.321654	0.306125	0.319068	0.359786	0.414991	0.483587	0.588521	0.725955	0.877279	1.0093	1.10476	1.16129	1.16821	
0.361651	0.45935	0.544436	0.607973	0.637687	0.642656	0.623241	0.573722	0.494715	0.402256	0.301893	0.223075	0.17666	0.153991	0.164409	0.198401	0.253804	0.338453	0.462046	0.616613	0.795629	0.962476	1.08892	1.16821	1.19929	
