-0.550792	-0.352673	-0.157497	0.012997	0.133697	0.195467	0.213555	0.201932	0.170659	0.119827	0.0724338	0.0530679	0.0836773	0.16578	0.298339	0.472881	0.667049	0.852691	0.982717	1.04204	1.02627	0.929844	0.75423	0.504984	0.216753	
-0.352673	-0.157063	0.0324287	0.19042	0.292767	0.330748	0.318163	0.271402	0.203174	0.118184	0.0388447	-0.00307147	0.0126266	0.0858864	0.214409	0.389632	0.583205	0.766285	0.90142	0.971218	0.973556	0.89802	0.735623	0.504645	0.233567	
-0.157497	0.0324287	0.203826	0.336844	0.414441	0.431522	0.38975	0.312858	0.209899	0.097723	-0.00425325	-0.0575843	-0.0513634	0.0192689	0.146873	0.319062	0.50669	0.681457	0.818408	0.90113	0.9205	0.864588	0.718993	0.502372	0.248458	
0.012997	0.19042	0.336844	0.44484	0.497146	0.488701	0.422663	0.31723	0.19427	0.0611096	-0.0495267	-0.108713	-0.104794	-0.0387258	0.0825039	0.247304	0.432272	0.600199	0.733168	0.819434	0.854353	0.815087	0.685697	0.486394	0.253361	
0.133697	0.292767	0.414441	0.497146	0.519972	0.48679	0.400356	0.277436	0.141787	0.0110199	-0.0891717	-0.145745	-0.147954	-0.0943361	0.0177426	0.169778	0.345274	0.502151	0.626537	0.718313	0.761475	0.731801	0.618615	0.446294	0.246909	
0.195467	0.330748	0.431522	0.488701	0.48679	0.432795	0.333186	0.206379	0.067616	-0.0504585	-0.13271	-0.177891	-0.181123	-0.138461	-0.0435747	0.0857587	0.241016	0.38755	0.506074	0.599912	0.642343	0.621775	0.533304	0.398376	0.235415	
0.213555	0.318163	0.38975	0.422663	0.400356	0.333186	0.227503	0.103191	-0.0215312	-0.11697	-0.175793	-0.205743	-0.204491	-0.168942	-0.101324	-0.00102379	0.128729	0.265232	0.379919	0.46729	0.513901	0.50958	0.453354	0.355568	0.227596	
0.201932	0.271402	0.312858	0.31723	0.277436	0.206379	0.103191	-0.00676458	-0.10716	-0.17771	-0.211619	-0.226886	-0.226754	-0.201721	-0.154307	-0.0746038	0.035835	0.153493	0.26159	0.347346	0.399158	0.412315	0.387717	0.326001	0.239852	
0.170659	0.203174	0.209899	0.19427	0.141787	0.067616	-0.0215312	-0.10716	-0.172206	-0.215801	-0.235585	-0.246019	-0.252428	-0.241676	-0.205913	-0.138797	-0.0434844	0.0645571	0.170816	0.257849	0.307782	0.333467	0.343784	0.323712	0.281866	
0.119827	0.118184	0.097723	0.0611096	0.0110199	-0.0504585	-0.11697	-0.17771	-0.215801	-0.236386	-0.24788	-0.265487	-0.28549	-0.287445	-0.264122	-0.210016	-0.119815	-0.0101158	0.102596	0.190443	0.239836	0.282011	0.325006	0.347726	0.349616	
0.0724338	0.0388447	-0.00425325	-0.0495267	-0.0891717	-0.13271	-0.175793	-0.211619	-0.235585	-0.24788	-0.264447	-0.290054	-0.318929	-0.335634	-0.32844	-0.285152	-0.195502	-0.0826679	0.0336994	0.132793	0.201722	0.262792	0.331618	0.388561	0.429407	
0.0530679	-0.00307147	-0.0575843	-0.108713	-0.145745	-0.177891	-0.205743	-0.226886	-0.246019	-0.265487	-0.290054	-0.324803	-0.36026	-0.38766	-0.395088	-0.357699	-0.275746	-0.167062	-0.0462242	0.073483	0.173905	0.259487	0.351779	0.436429	0.505783	
0.0836773	0.0126266	-0.0513634	-0.104794	-0.147954	-0.181123	-0.204491	-0.226754	-0.252428	-0.28549	-0.318929	-0.36026	-0.408299	-0.446134	-0.456208	-0.425699	-0.352416	-0.251935	-0.124838	0.0119526	0.139387	0.25338	0.367474	0.47548	0.570621	
0.16578	0.0858864	0.0192689	-0.0387258	-0.0943361	-0.138461	-0.168942	-0.201721	-0.241676	-0.287445	-0.335634	-0.38766	-0.446134	-0.489199	-0.497429	-0.47196	-0.410037	-0.313661	-0.187471	-0.0433386	0.0995792	0.233483	0.362022	0.490888	0.61193	
0.298339	0.214409	0.146873	0.0825039	0.0177426	-0.0435747	-0.101324	-0.154307	-0.205913	-0.264122	-0.32844	-0.395088	-0.456208	-0.497429	-0.503536	-0.482554	-0.432907	-0.347414	-0.229721	-0.0904152	0.0553924	0.197715	0.336305	0.477192	0.614205	
0.472881	0.389632	0.319062	0.247304	0.169778	0.0857587	-0.00102379	-0.0746038	-0.138797	-0.210016	-0.285152	-0.357699	-0.425699	-0.47196	-0.482554	-0.462342	-0.420989	-0.348378	-0.244962	-0.117776	0.0219346	0.163539	0.300551	0.439403	0.571071	
0.667049	0.583205	0.50669	0.432272	0.345274	0.241016	0.128729	0.035835	-0.0434844	-0.119815	-0.195502	-0.275746	-0.352416	-0.410037	-0.432907	-0.420989	-0.389781	-0.329242	-0.239954	-0.123076	0.0073648	0.136814	0.263782	0.390831	0.510167	
0.852691	0.766285	0.681457	0.600199	0.502151	0.38755	0.265232	0.153493	0.0645571	-0.0101158	-0.0826679	-0.167062	-0.251935	-0.313661	-0.347414	-0.348378	-0.329242	-0.283301	-0.208851	-0.106058	0.00361544	0.11234	0.225111	0.341213	0.441171	
0.982717	0.90142	0.818408	0.733168	0.626537	0.506074	0.379919	0.26159	0.170816	0.102596	0.0336994	-0.0462242	-0.124838	-0.187471	-0.229721	-0.244962	-0.239954	-0.208851	-0.156926	-0.0841425	0.00193813	0.0987687	0.205748	0.308771	0.387156	
1.04204	0.971218	0.90113	0.819434	0.718313	0.599912	0.46729	0.347346	0.257849	0.190443	0.132793	0.073483	0.0119526	-0.0433386	-0.0904152	-0.117776	-0.123076	-0.106058	-0.0841425	-0.045312	0.0192519	0.109324	0.208628	0.296087	0.366936	
1.02627	0.973556	0.9205	0.854353	0.761475	0.642343	0.513901	0.399158	0.307782	0.239836	0.201722	0.173905	0.139387	0.0995792	0.0553924	0.0219346	0.0073648	0.00361544	0.00193813	0.0192519	0.0664486	0.13803	0.219986	0.299203	0.370706	
0.929844	0.89802	0.864588	0.815087	0.731801	0.621775	0.50958	0.412315	0.333467	0.282011	0.262792	0.259487	0.25338	0.233483	0.197715	0.163539	0.136814	0.11234	0.0987687	0.109324	0.13803	0.187679	0.257281	0.328128	0.394241	
0.75423	0.735623	0.718993	0.685697	0.618615	0.533304	0.453354	0.387717	0.343784	0.325006	0.331618	0.351779	0.367474	0.362022	0.336305	0.300551	0.263782	0.225111	0.205748	0.208628	0.219986	0.257281	0.320981	0.381877	0.44678	
0.504984	0.504645	0.502372	0.486394	0.446294	0.398376	0.355568	0.326001	0.323712	0.347726	0.388561	0.436429	0.47548	0.490888	0.477192	0.439403	0.390831	0.341213	0.308771	0.296087	0.299203	0.328128	0.381877	0.447482	0.530586	
0.216753	0.233567	0.248458	0.253361	0.246909	0.235415	0.227596	0.239852	0.281866	0.349616	0.429407	0.505783	0.570621	0.61193	0.614205	0.571071	0.510167	0.441171	0.387156	0.366936	0.370706	0.394241	0.44678	0.530586	0.641507	
-0.0947795	-0.0604346	-0.0306343	-0.00164894	0.0251794	0.0533303	0.0889821	0.144088	0.229929	0.34341	0.466514	0.575321	0.661974	0.720517	0.728929	0.683178	0.604621	0.512277	0.440451	0.414676	0.419404	0.448629	0.518866	0.627804	0.75261	
-0.416193	-0.376057	-0.332546	-0.276497	-0.209165	-0.134225	-0.0506195	0.0517449	0.182478	0.338694	0.500706	0.643152	0.7508	0.812556	0.819512	0.768712	0.672884	0.562362	0.477688	0.435474	0.431685	0.474636	0.570467	0.698672	0.834037	
-0.700147	-0.666828	-0.618568	-0.546649	-0.447005	-0.322878	-0.182792	-0.0245305	0.155115	0.346664	0.538697	0.706396	0.820679	0.876445	0.877128	0.820949	0.713036	0.594905	0.498741	0.440991	0.431324	0.48651	0.597844	0.737145	0.885275	
-0.91481	-0.884649	-0.835498	-0.753745	-0.630419	-0.467703	-0.278177	-0.0707477	0.147192	0.363685	0.569856	0.742769	0.856797	0.907433	0.899782	0.842089	0.738074	0.62213	0.517199	0.448558	0.439865	0.498774	0.614805	0.764696	0.917635	
-1.02737	-1.00526	-0.958047	-0.870876	-0.73298	-0.547317	-0.329966	-0.0972034	0.138487	0.366637	0.578891	0.75251	0.866783	0.914711	0.898372	0.843027	0.754166	0.646216	0.533333	0.45831	0.445743	0.499477	0.61876	0.776462	0.926818	
-1.04518	-1.0253	-0.977764	-0.890063	-0.74983	-0.559916	-0.337365	-0.10133	0.136043	0.365728	0.579414	0.752919	0.866929	0.914545	0.896984	0.842231	0.757746	0.651438	0.536776	0.460976	0.446244	0.497943	0.618496	0.77749	0.926756	
-0.972166	-0.944783	-0.896601	-0.812329	-0.682092	-0.507637	-0.304527	-0.0842367	0.143848	0.367266	0.575936	0.74844	0.862952	0.912784	0.900639	0.844032	0.745418	0.632597	0.52416	0.452386	0.443078	0.500545	0.618026	0.77178	0.923697	
-0.795884	-0.765316	-0.71559	-0.639404	-0.529053	-0.388125	-0.226362	-0.0459671	0.15132	0.353587	0.553291	0.725137	0.839569	0.892486	0.890619	0.832417	0.724453	0.605746	0.505711	0.44335	0.433798	0.492049	0.605905	0.748853	0.90074	
-0.536307	-0.498173	-0.452395	-0.388665	-0.306802	-0.21118	-0.105617	0.0181751	0.16797	0.339407	0.515685	0.670022	0.781544	0.842126	0.846861	0.794604	0.691493	0.576899	0.487677	0.438415	0.431301	0.479375	0.582961	0.716643	0.857018	
-0.22399	-0.186026	-0.149477	-0.109169	-0.0666175	-0.0214354	0.0322568	0.106401	0.210522	0.341212	0.479975	0.602566	0.698864	0.759613	0.768336	0.720403	0.635614	0.534421	0.456905	0.426287	0.428109	0.462237	0.543439	0.661038	0.789593	
0.094861	0.11926	0.140342	0.153726	0.159928	0.164201	0.173521	0.201954	0.261122	0.347196	0.444928	0.533435	0.607005	0.657328	0.662751	0.619072	0.551463	0.473063	0.411075	0.389119	0.394355	0.418755	0.476085	0.570053	0.687597	
0.392512	0.399322	0.403861	0.39613	0.369158	0.336331	0.307037	0.293803	0.308821	0.350532	0.405975	0.465191	0.514689	0.540911	0.533993	0.493324	0.44037	0.384558	0.34362	0.326658	0.328854	0.354881	0.406215	0.477241	0.572672	
0.661795	0.650154	0.63927	0.612225	0.554225	0.482887	0.418341	0.366893	0.339533	0.336791	0.356699	0.388131	0.412547	0.413683	0.392086	0.356201	0.314529	0.271419	0.248531	0.245212	0.252321	0.286227	0.346116	0.40738	0.476936	
0.868634	0.842996	0.816688	0.774212	0.696876	0.59488	0.493874	0.40728	0.339791	0.300345	0.290179	0.295723	0.298695	0.284968	0.253509	0.219163	0.188472	0.157176	0.141094	0.149714	0.170602	0.2142	0.281664	0.34769	0.411403	
0.997789	0.953726	0.907484	0.848978	0.759292	0.641541	0.517919	0.40868	0.3198	0.256256	0.224941	0.208496	0.186308	0.154483	0.112625	0.0782557	0.0587749	0.0468248	0.0389756	0.0523389	0.0924836	0.15477	0.230629	0.306827	0.377009	
1.04488	0.980642	0.917108	0.840646	0.743459	0.624536	0.492129	0.37296	0.282263	0.213687	0.16389	0.116508	0.064146	0.0140562	-0.0315859	-0.0626061	-0.071242	-0.0621698	-0.0503522	-0.0222324	0.0347752	0.118968	0.211499	0.295071	0.366737	
1.015	0.937459	0.858421	0.77324	0.667113	0.547285	0.417992	0.298235	0.208781	0.142873	0.0770221	0.003354	-0.069897	-0.130584	-0.175981	-0.19623	-0.196555	-0.170324	-0.130717	-0.0720589	0.0053173	0.100183	0.205051	0.301822	0.375044	
0.912802	0.827257	0.742333	0.658685	0.555864	0.438351	0.314698	0.199435	0.108424	0.0357227	-0.0361798	-0.120146	-0.203463	-0.266253	-0.303511	-0.310741	-0.296552	-0.256669	-0.190504	-0.0979945	0.00226376	0.104603	0.214184	0.32512	0.415897	
0.744822	0.660152	0.579683	0.502807	0.411886	0.30228	0.184796	0.0825924	-0.00164942	-0.0775866	-0.15164	-0.234722	-0.315662	-0.375224	-0.402795	-0.3956	-0.369944	-0.314775	-0.230169	-0.117922	0.00575166	0.126969	0.247633	0.370909	0.482764	
0.549327	0.466011	0.393924	0.321485	0.239505	0.146521	0.0474886	-0.0329002	-0.10264	-0.177109	-0.254562	-0.328936	-0.400531	-0.451728	-0.466805	-0.448832	-0.41096	-0.343036	-0.246172	-0.122667	0.0132141	0.151904	0.286458	0.420335	0.548148	
0.364157	0.280355	0.211724	0.143498	0.074072	0.00438561	-0.0648104	-0.126855	-0.183208	-0.247373	-0.316504	-0.386173	-0.449036	-0.491148	-0.498283	-0.476823	-0.430705	-0.351142	-0.238273	-0.104441	0.0398449	0.183184	0.321954	0.464469	0.600567	
0.213246	0.130677	0.0638445	0.00367902	-0.0559073	-0.106248	-0.146088	-0.185516	-0.230528	-0.280761	-0.335743	-0.394531	-0.454756	-0.496402	-0.50389	-0.481104	-0.424486	-0.331061	-0.207835	-0.063489	0.0818314	0.220551	0.354023	0.488639	0.618746	
0.110193	0.0352158	-0.0306186	-0.084988	-0.13294	-0.170262	-0.194584	-0.219778	-0.250457	-0.289406	-0.328215	-0.372509	-0.425575	-0.466473	-0.476309	-0.447684	-0.378477	-0.279372	-0.151913	-0.0112459	0.124657	0.247665	0.368309	0.485542	0.590914	
0.0589316	-0.00387882	-0.0630628	-0.115515	-0.153775	-0.183896	-0.20863	-0.229166	-0.250101	-0.274565	-0.302125	-0.339832	-0.379891	-0.411485	-0.420654	-0.386274	-0.307285	-0.202584	-0.078649	0.0484972	0.160679	0.257733	0.359447	0.453684	0.53334	
0.0595938	0.0150558	-0.0325695	-0.0799222	-0.117878	-0.156179	-0.191666	-0.219569	-0.239386	-0.253146	-0.273942	-0.303138	-0.334065	-0.354862	-0.355142	-0.314567	-0.227588	-0.115212	0.00235937	0.109877	0.190569	0.261037	0.339118	0.407683	0.46106	
