-0.598938	-0.538403	-0.466563	-0.395013	-0.319091	-0.229581	-0.116121	0.0178665	0.161437	0.301093	0.418646	0.497431	0.550718	0.584486	0.606682	0.618588	0.64611	0.703801	0.775749	0.829835	0.848692	0.83989	0.825141	0.804362	0.75803	
-0.538403	-0.461482	-0.38159	-0.300667	-0.227464	-0.151671	-0.0638855	0.0533237	0.183424	0.316909	0.437465	0.52535	0.595037	0.634913	0.653241	0.661732	0.679547	0.720907	0.775777	0.81303	0.820929	0.8088	0.794786	0.77028	0.72046	
-0.466563	-0.38159	-0.301562	-0.21919	-0.150492	-0.0818661	-0.00447741	0.0951987	0.212648	0.338063	0.45971	0.559779	0.642426	0.699846	0.731423	0.739577	0.73582	0.737964	0.753744	0.761983	0.746876	0.723332	0.694078	0.651348	0.592886	
-0.395013	-0.300667	-0.21919	-0.143169	-0.0812451	-0.0230734	0.0426109	0.13072	0.24386	0.370258	0.49271	0.596465	0.690827	0.771161	0.818923	0.82395	0.793536	0.750496	0.718069	0.682645	0.635763	0.589384	0.537235	0.471044	0.401771	
-0.319091	-0.227464	-0.150492	-0.0812451	-0.0237055	0.0272205	0.08573	0.17315	0.287456	0.414927	0.530838	0.633267	0.73816	0.828074	0.883207	0.887246	0.839627	0.765407	0.685992	0.599374	0.512248	0.430236	0.34942	0.263289	0.182387	
-0.229581	-0.151671	-0.0818661	-0.0230734	0.0272205	0.0792012	0.14317	0.234681	0.34758	0.467093	0.583084	0.687574	0.787959	0.876904	0.929536	0.932786	0.878283	0.77937	0.660831	0.530775	0.399121	0.27601	0.161006	0.0522732	-0.0430927	
-0.116121	-0.0638855	-0.00447741	0.0426109	0.08573	0.14317	0.218186	0.310836	0.420769	0.540235	0.659152	0.762263	0.854519	0.934795	0.982361	0.977339	0.908843	0.782377	0.628994	0.463643	0.299787	0.144074	-0.00280517	-0.131284	-0.241945	
0.0178665	0.0533237	0.0951987	0.13072	0.17315	0.234681	0.310836	0.403249	0.515155	0.639902	0.756859	0.854719	0.939559	1.0066	1.04207	1.02193	0.934502	0.778459	0.593067	0.402127	0.214695	0.0347316	-0.13429	-0.277889	-0.389411	
0.161437	0.183424	0.212648	0.24386	0.287456	0.34758	0.420769	0.515155	0.631004	0.748851	0.857188	0.951471	1.02585	1.07283	1.08695	1.04653	0.932547	0.75318	0.54602	0.336629	0.13204	-0.0642833	-0.241431	-0.379021	-0.477741	
0.301093	0.316909	0.338063	0.370258	0.414927	0.467093	0.540235	0.639902	0.748851	0.851842	0.94725	1.03037	1.09287	1.11786	1.10685	1.03941	0.902184	0.709888	0.495235	0.27189	0.0552343	-0.14374	-0.314319	-0.435635	-0.511227	
0.418646	0.437465	0.45971	0.49271	0.530838	0.583084	0.659152	0.756859	0.857188	0.94725	1.02369	1.08916	1.13273	1.13397	1.09404	1.0034	0.854843	0.663573	0.445024	0.21647	0.00208222	-0.18693	-0.343591	-0.449805	-0.504336	
0.497431	0.52535	0.559779	0.596465	0.633267	0.687574	0.762263	0.854719	0.951471	1.03037	1.08916	1.13224	1.14713	1.11434	1.04013	0.931684	0.779311	0.591101	0.377774	0.162703	-0.030302	-0.19912	-0.335318	-0.423671	-0.461272	
0.550718	0.595037	0.642426	0.690827	0.73816	0.787959	0.854519	0.939559	1.02585	1.09287	1.13273	1.14713	1.12298	1.05067	0.942496	0.816204	0.661057	0.482873	0.295136	0.114202	-0.049982	-0.192436	-0.302602	-0.369238	-0.394128	
0.584486	0.634913	0.699846	0.771161	0.828074	0.876904	0.934795	1.0066	1.07283	1.11786	1.13397	1.11434	1.05067	0.942019	0.803106	0.65349	0.496013	0.339158	0.187602	0.0494687	-0.0756618	-0.182715	-0.253884	-0.298559	-0.311523	
0.606682	0.653241	0.731423	0.818923	0.883207	0.929536	0.982361	1.04207	1.08695	1.10685	1.09404	1.04013	0.942496	0.803106	0.630741	0.463786	0.309924	0.176821	0.0628267	-0.0325189	-0.11066	-0.168133	-0.203516	-0.222095	-0.22364	
0.618588	0.661732	0.739577	0.82395	0.887246	0.932786	0.977339	1.02193	1.04653	1.03941	1.0034	0.931684	0.816204	0.65349	0.463786	0.284291	0.137789	0.021656	-0.0638776	-0.117511	-0.146414	-0.155675	-0.151955	-0.145583	-0.128765	
0.64611	0.679547	0.73582	0.793536	0.839627	0.878283	0.908843	0.934502	0.932547	0.902184	0.854843	0.779311	0.661057	0.496013	0.309924	0.137789	-5.67765e-05	-0.0985612	-0.159293	-0.180521	-0.171873	-0.147066	-0.115926	-0.0850337	-0.0555131	
0.703801	0.720907	0.737964	0.750496	0.765407	0.77937	0.782377	0.778459	0.75318	0.709888	0.663573	0.591101	0.482873	0.339158	0.176821	0.021656	-0.0985612	-0.178484	-0.213608	-0.207566	-0.177902	-0.13531	-0.0882011	-0.0443532	-0.0107208	
0.775749	0.775777	0.753744	0.718069	0.685992	0.660831	0.628994	0.593067	0.54602	0.495235	0.445024	0.377774	0.295136	0.187602	0.0628267	-0.0638776	-0.159293	-0.213608	-0.222942	-0.198139	-0.162225	-0.119476	-0.0679572	-0.0230206	0.00702862	
0.829835	0.81303	0.761983	0.682645	0.599374	0.530775	0.463643	0.402127	0.336629	0.27189	0.21647	0.162703	0.114202	0.0494687	-0.0325189	-0.117511	-0.180521	-0.207566	-0.198139	-0.169087	-0.139735	-0.105493	-0.0621965	-0.0237127	0.00216384	
0.848692	0.820929	0.746876	0.635763	0.512248	0.399121	0.299787	0.214695	0.13204	0.0552343	0.00208222	-0.030302	-0.049982	-0.0756618	-0.11066	-0.146414	-0.171873	-0.177902	-0.162225	-0.139735	-0.119267	-0.0947361	-0.0642659	-0.0342646	-0.0116835	
0.83989	0.8088	0.723332	0.589384	0.430236	0.27601	0.144074	0.0347316	-0.0642833	-0.14374	-0.18693	-0.19912	-0.192436	-0.182715	-0.168133	-0.155675	-0.147066	-0.13531	-0.119476	-0.105493	-0.0947361	-0.0810948	-0.0587267	-0.0347418	-0.0185484	
0.825141	0.794786	0.694078	0.537235	0.34942	0.161006	-0.00280517	-0.13429	-0.241431	-0.314319	-0.343591	-0.335318	-0.302602	-0.253884	-0.203516	-0.151955	-0.115926	-0.0882011	-0.0679572	-0.0621965	-0.0642659	-0.0587267	-0.0419031	-0.0244988	-0.0232809	
0.804362	0.77028	0.651348	0.471044	0.263289	0.0522732	-0.131284	-0.277889	-0.379021	-0.435635	-0.449805	-0.423671	-0.369238	-0.298559	-0.222095	-0.145583	-0.0850337	-0.0443532	-0.0230206	-0.0237127	-0.0342646	-0.0347418	-0.0244988	-0.0249464	-0.0405314	
0.75803	0.72046	0.592886	0.401771	0.182387	-0.0430927	-0.241945	-0.389411	-0.477741	-0.511227	-0.504336	-0.461272	-0.394128	-0.311523	-0.22364	-0.128765	-0.0555131	-0.0107208	0.00702862	0.00216384	-0.0116835	-0.0185484	-0.0232809	-0.0405314	-0.0704983	
0.686563	0.648925	0.52468	0.33426	0.108461	-0.124185	-0.323683	-0.464021	-0.539147	-0.559246	-0.534878	-0.474329	-0.393661	-0.301116	-0.205447	-0.107743	-0.0327127	0.010492	0.0247225	0.0164138	-0.00526371	-0.0284714	-0.0504493	-0.0784285	-0.115003	
0.614177	0.584686	0.468704	0.279092	0.0470548	-0.188824	-0.380898	-0.509913	-0.578969	-0.593549	-0.556117	-0.478063	-0.378727	-0.273153	-0.172118	-0.0807771	-0.0117677	0.0263512	0.0348814	0.0201308	-0.0129559	-0.0554275	-0.0979037	-0.139253	-0.176988	
0.560715	0.541935	0.437937	0.253687	0.0159163	-0.226908	-0.427751	-0.55606	-0.621755	-0.628416	-0.575764	-0.47869	-0.355892	-0.231905	-0.123572	-0.0370971	0.0188294	0.0416825	0.0344923	0.0109556	-0.0275184	-0.0805394	-0.144056	-0.203152	-0.23746	
0.534167	0.531297	0.43342	0.249654	0.00559393	-0.250222	-0.467107	-0.603535	-0.663818	-0.661318	-0.59556	-0.479863	-0.33183	-0.185619	-0.0662607	0.0137196	0.0553579	0.058926	0.0362708	0.00411922	-0.0403663	-0.105969	-0.183642	-0.251997	-0.281344	
0.530868	0.536089	0.436135	0.244802	-0.00499691	-0.267736	-0.494669	-0.63377	-0.690098	-0.682208	-0.609996	-0.481273	-0.310014	-0.146397	-0.0226123	0.0460392	0.0726756	0.065782	0.0374512	0.00142275	-0.054311	-0.132445	-0.213189	-0.275251	-0.30148	
0.532827	0.538536	0.436254	0.244278	-0.00742016	-0.270595	-0.500099	-0.638443	-0.694177	-0.686017	-0.612834	-0.480967	-0.305363	-0.136624	-0.0144321	0.0520773	0.0746746	0.0666662	0.0388309	0.00113972	-0.0569924	-0.138177	-0.218852	-0.277954	-0.3044	
0.530819	0.532401	0.434729	0.248278	0.00125811	-0.258573	-0.479959	-0.61843	-0.676832	-0.67181	-0.602879	-0.480982	-0.322148	-0.168579	-0.0458391	0.0291945	0.0646083	0.0630801	0.0370992	0.00249009	-0.0465979	-0.117655	-0.197378	-0.264883	-0.292263	
0.54644	0.534282	0.433573	0.250503	0.0108473	-0.23704	-0.444871	-0.575874	-0.639476	-0.642369	-0.583453	-0.478438	-0.346267	-0.213147	-0.100913	-0.015601	0.0344372	0.0485135	0.0343437	0.00725405	-0.0324688	-0.0898007	-0.160457	-0.224922	-0.257711	
0.590613	0.564079	0.452638	0.265815	0.0302851	-0.206954	-0.400226	-0.527369	-0.59465	-0.606407	-0.563895	-0.478695	-0.370147	-0.258308	-0.155098	-0.0652851	-0.0011083	0.0322434	0.0359393	0.0175755	-0.0178375	-0.0661717	-0.117391	-0.165695	-0.202772	
0.65532	0.621444	0.500019	0.30908	0.0811259	-0.15272	-0.348816	-0.484596	-0.556782	-0.574375	-0.544276	-0.476631	-0.388899	-0.290645	-0.193217	-0.0985828	-0.0249652	0.017006	0.0298954	0.0192603	-0.00745561	-0.0387058	-0.0679756	-0.100292	-0.13782	
0.732283	0.692811	0.565672	0.374728	0.152276	-0.0770493	-0.278068	-0.423714	-0.506259	-0.532581	-0.517891	-0.46837	-0.396483	-0.31041	-0.218967	-0.120631	-0.0457854	-0.000597654	0.0156425	0.00897808	-0.00687505	-0.0188315	-0.0309838	-0.0532033	-0.0869317	
0.789187	0.753845	0.629621	0.4435	0.229867	0.0121597	-0.178543	-0.326701	-0.423101	-0.470665	-0.476584	-0.442948	-0.383442	-0.307297	-0.22495	-0.139437	-0.0722078	-0.0296343	-0.00963856	-0.0120895	-0.0237781	-0.0260326	-0.0208194	-0.0291914	-0.0509474	
0.818368	0.787302	0.679581	0.511891	0.315566	0.116391	-0.0565326	-0.195412	-0.301646	-0.369375	-0.393384	-0.377803	-0.334414	-0.275432	-0.212765	-0.150313	-0.103562	-0.0700192	-0.0487384	-0.0449164	-0.0521569	-0.0494806	-0.0344105	-0.0227283	-0.0283716	
0.834556	0.802987	0.71217	0.570017	0.398406	0.229235	0.0838289	-0.0350508	-0.138565	-0.21625	-0.254272	-0.258128	-0.241225	-0.214434	-0.184459	-0.154644	-0.13461	-0.116046	-0.0986051	-0.0880399	-0.0825519	-0.0729305	-0.0532674	-0.0303947	-0.0197116	
0.846437	0.817038	0.73787	0.616633	0.478399	0.34858	0.236505	0.142041	0.0518175	-0.0267019	-0.0761967	-0.100816	-0.110247	-0.122662	-0.136386	-0.152941	-0.163597	-0.162292	-0.147269	-0.127758	-0.110633	-0.0898519	-0.0632014	-0.0371735	-0.015356	
0.842223	0.820495	0.758881	0.664801	0.564739	0.477378	0.397192	0.326373	0.254187	0.183313	0.12789	0.0825421	0.0460724	-0.00184932	-0.0656637	-0.131267	-0.179358	-0.197286	-0.183975	-0.156865	-0.131197	-0.100415	-0.0628783	-0.0279984	-0.00385296	
0.800814	0.793674	0.759349	0.705343	0.651366	0.609658	0.563426	0.516672	0.461981	0.406087	0.352801	0.289927	0.221203	0.130504	0.0225161	-0.0889456	-0.172818	-0.215778	-0.215796	-0.187629	-0.153549	-0.114327	-0.0642665	-0.0206077	0.00773352	
0.732159	0.743402	0.74367	0.736211	0.734188	0.733921	0.723443	0.706287	0.671725	0.625636	0.579247	0.508324	0.408101	0.277905	0.129275	-0.0163313	-0.12715	-0.198296	-0.222574	-0.207102	-0.173536	-0.129356	-0.0785675	-0.0331062	0.000207489	
0.666316	0.692657	0.734561	0.776363	0.811306	0.842182	0.863656	0.878277	0.867049	0.829895	0.782352	0.707473	0.591547	0.432227	0.253832	0.0880846	-0.0439299	-0.135275	-0.185951	-0.196596	-0.176713	-0.142744	-0.104437	-0.0665714	-0.0347822	
0.625604	0.666876	0.738416	0.81504	0.873513	0.917891	0.957403	0.995435	1.0099	0.992355	0.95014	0.876095	0.757713	0.591994	0.400608	0.221587	0.0779063	-0.03158	-0.107	-0.146872	-0.15887	-0.15203	-0.135086	-0.11891	-0.0956595	
0.612412	0.657639	0.737041	0.82578	0.89124	0.938068	0.987985	1.04167	1.07917	1.08848	1.06489	1.00107	0.894439	0.743792	0.562044	0.388618	0.237588	0.112411	0.0114009	-0.067022	-0.125096	-0.162795	-0.182333	-0.190495	-0.185604	
0.594665	0.643698	0.715461	0.795395	0.855363	0.902828	0.959022	1.02504	1.08282	1.11774	1.12274	1.0893	1.01048	0.88923	0.736215	0.578773	0.422104	0.274757	0.138725	0.0178809	-0.0892003	-0.177338	-0.233827	-0.267843	-0.276729	
0.565976	0.615025	0.669226	0.726056	0.776971	0.826191	0.888176	0.969744	1.04815	1.10761	1.13857	1.13962	1.09939	1.01181	0.891169	0.756483	0.59976	0.42944	0.255448	0.0910808	-0.0587112	-0.188642	-0.2841	-0.342455	-0.36266	
0.521374	0.555543	0.59461	0.634751	0.675675	0.727989	0.800443	0.889974	0.98447	1.05915	1.11039	1.14312	1.14331	1.09493	1.00705	0.891145	0.73809	0.552235	0.34689	0.143787	-0.0390793	-0.197685	-0.324301	-0.404643	-0.436872	
0.454126	0.475773	0.502363	0.535893	0.571486	0.625787	0.702251	0.798335	0.896622	0.982246	1.05127	1.10818	1.14188	1.13064	1.07706	0.979155	0.828233	0.638657	0.420251	0.194114	-0.0130579	-0.195139	-0.343976	-0.443406	-0.491288	
