-0.490457	-0.448704	-0.36742	-0.25895	-0.149275	-0.0551512	0.0215248	0.0699265	0.0843764	0.077913	0.0514505	0.017439	-0.0189435	-0.0687224	-0.142532	-0.23454	-0.333257	-0.419887	-0.476538	-0.498535	-0.482517	-0.42493	-0.319133	-0.166201	0.0308009	
-0.448704	-0.422026	-0.36266	-0.279231	-0.182686	-0.0919819	-0.01489	0.0377863	0.0627217	0.0678489	0.0511718	0.021368	-0.0218735	-0.0814846	-0.166998	-0.269736	-0.371115	-0.454209	-0.503548	-0.517642	-0.496116	-0.43292	-0.320261	-0.159793	0.0433345	
-0.36742	-0.36266	-0.326281	-0.257144	-0.16961	-0.0932015	-0.0275097	0.028838	0.0659597	0.0798845	0.0678331	0.0296772	-0.0296252	-0.10787	-0.212074	-0.324731	-0.430341	-0.514668	-0.564088	-0.573797	-0.541112	-0.463172	-0.333186	-0.157015	0.0570694	
-0.25895	-0.279231	-0.257144	-0.199874	-0.135485	-0.0851878	-0.0267952	0.0376982	0.0840424	0.102831	0.0877501	0.0393763	-0.0356453	-0.132241	-0.256446	-0.389138	-0.508518	-0.597918	-0.642338	-0.639172	-0.591459	-0.496158	-0.347983	-0.155725	0.0681196	
-0.149275	-0.182686	-0.16961	-0.135485	-0.102684	-0.068048	-0.0107586	0.053667	0.103493	0.126487	0.118086	0.0713243	-0.0121811	-0.130421	-0.28427	-0.440674	-0.576954	-0.672539	-0.712536	-0.700576	-0.639368	-0.528669	-0.368254	-0.164451	0.0704644	
-0.0551512	-0.0919819	-0.0932015	-0.0851878	-0.068048	-0.0384334	0.00784971	0.0652472	0.122894	0.164142	0.175077	0.14076	0.0527939	-0.0859447	-0.260808	-0.4418	-0.59947	-0.706102	-0.757637	-0.754041	-0.692389	-0.574696	-0.40067	-0.180642	0.061127	
0.0215248	-0.01489	-0.0275097	-0.0267952	-0.0107586	0.00784971	0.0376934	0.0923917	0.164021	0.220053	0.250043	0.229229	0.14224	0.00186329	-0.182306	-0.381499	-0.559106	-0.689881	-0.766312	-0.776662	-0.722584	-0.610774	-0.437693	-0.218426	0.0212918	
0.0699265	0.0377863	0.028838	0.0376982	0.053667	0.0652472	0.0923917	0.154475	0.231268	0.296012	0.341848	0.333906	0.262101	0.128053	-0.0660432	-0.28277	-0.480485	-0.631902	-0.72632	-0.75457	-0.718626	-0.620177	-0.461639	-0.259277	-0.0364528	
0.0843764	0.0627217	0.0659597	0.0840424	0.103493	0.122894	0.164021	0.231268	0.311666	0.387877	0.44746	0.460231	0.404394	0.269973	0.0691727	-0.153335	-0.362166	-0.531952	-0.643636	-0.694582	-0.684118	-0.608584	-0.472686	-0.289122	-0.0899008	
0.077913	0.0678489	0.0798845	0.102831	0.126487	0.164142	0.220053	0.296012	0.387877	0.477692	0.554666	0.587252	0.545274	0.416139	0.225183	0.00382261	-0.216507	-0.40046	-0.534881	-0.615309	-0.627818	-0.571838	-0.463196	-0.309072	-0.141186	
0.0514505	0.0511718	0.0678331	0.0877501	0.118086	0.175077	0.250043	0.341848	0.44746	0.554666	0.64926	0.698301	0.669061	0.553933	0.378838	0.155495	-0.072786	-0.266057	-0.420017	-0.517385	-0.549367	-0.520299	-0.435961	-0.310788	-0.181109	
0.017439	0.021368	0.0296772	0.0393763	0.0713243	0.14076	0.229229	0.333906	0.460231	0.587252	0.698301	0.763526	0.758554	0.669961	0.504352	0.287175	0.0662788	-0.133498	-0.304001	-0.416587	-0.468604	-0.461311	-0.395441	-0.294499	-0.183605	
-0.0189435	-0.0218735	-0.0296252	-0.0356453	-0.0121811	0.0527939	0.14224	0.262101	0.404394	0.545274	0.669061	0.758554	0.783401	0.719501	0.578248	0.392638	0.188895	-0.0119709	-0.180617	-0.304093	-0.370636	-0.369247	-0.314943	-0.230813	-0.139902	
-0.0687224	-0.0814846	-0.10787	-0.132241	-0.130421	-0.0859447	0.00186329	0.128053	0.269973	0.416139	0.553933	0.669961	0.719501	0.687319	0.593562	0.453524	0.284704	0.10737	-0.0436633	-0.161697	-0.226241	-0.228188	-0.184721	-0.108978	-0.0354655	
-0.142532	-0.166998	-0.212074	-0.256446	-0.28427	-0.260808	-0.182306	-0.0660432	0.0691727	0.225183	0.378838	0.504352	0.578248	0.593562	0.559694	0.470878	0.351122	0.220957	0.101937	0.00735037	-0.0413428	-0.0313632	0.0111757	0.0752961	0.138714	
-0.23454	-0.269736	-0.324731	-0.389138	-0.440674	-0.4418	-0.381499	-0.28277	-0.153335	0.00382261	0.155495	0.287175	0.392638	0.453524	0.470878	0.448022	0.39675	0.328396	0.253813	0.197702	0.17718	0.199793	0.253503	0.316802	0.369946	
-0.333257	-0.371115	-0.430341	-0.508518	-0.576954	-0.59947	-0.559106	-0.480485	-0.362166	-0.216507	-0.072786	0.0662788	0.188895	0.284704	0.351122	0.39675	0.417157	0.413192	0.392698	0.38558	0.405926	0.4492	0.521086	0.589716	0.639206	
-0.419887	-0.454209	-0.514668	-0.597918	-0.672539	-0.706102	-0.689881	-0.631902	-0.531952	-0.40046	-0.266057	-0.133498	-0.0119709	0.10737	0.220957	0.328396	0.413192	0.466652	0.510149	0.559502	0.621922	0.702077	0.799332	0.87517	0.922172	
-0.476538	-0.503548	-0.564088	-0.642338	-0.712536	-0.757637	-0.766312	-0.72632	-0.643636	-0.534881	-0.420017	-0.304001	-0.180617	-0.0436633	0.101937	0.253813	0.392698	0.510149	0.617812	0.717648	0.82086	0.936522	1.05323	1.14665	1.20632	
-0.498535	-0.517642	-0.573797	-0.639172	-0.700576	-0.754041	-0.776662	-0.75457	-0.694582	-0.615309	-0.517385	-0.416587	-0.304093	-0.161697	0.00735037	0.197702	0.38558	0.559502	0.717648	0.861295	1.00842	1.15841	1.28702	1.39079	1.45881	
-0.482517	-0.496116	-0.541112	-0.591459	-0.639368	-0.692389	-0.722584	-0.718626	-0.684118	-0.627818	-0.549367	-0.468604	-0.370636	-0.226241	-0.0413428	0.17718	0.405926	0.621922	0.82086	1.00842	1.18995	1.35591	1.49289	1.59728	1.65025	
-0.42493	-0.43292	-0.463172	-0.496158	-0.528669	-0.574696	-0.610774	-0.620177	-0.608584	-0.571838	-0.520299	-0.461311	-0.369247	-0.228188	-0.0313632	0.199793	0.4492	0.702077	0.936522	1.15841	1.35591	1.51955	1.65291	1.74227	1.77536	
-0.319133	-0.320261	-0.333186	-0.347983	-0.368254	-0.40067	-0.437693	-0.461639	-0.472686	-0.463196	-0.435961	-0.395441	-0.314943	-0.184721	0.0111757	0.253503	0.521086	0.799332	1.05323	1.28702	1.49289	1.65291	1.76692	1.82293	1.82386	
-0.166201	-0.159793	-0.157015	-0.155725	-0.164451	-0.180642	-0.218426	-0.259277	-0.289122	-0.309072	-0.310788	-0.294499	-0.230813	-0.108978	0.0752961	0.316802	0.589716	0.87517	1.14665	1.39079	1.59728	1.74227	1.82293	1.84339	1.8034	
0.0308009	0.0433345	0.0570694	0.0681196	0.0704644	0.061127	0.0212918	-0.0364528	-0.0899008	-0.141186	-0.181109	-0.183605	-0.139902	-0.0354655	0.138714	0.369946	0.639206	0.922172	1.20632	1.45881	1.65025	1.77536	1.82386	1.8034	1.7308	
0.252239	0.265822	0.286754	0.301801	0.310913	0.301637	0.258766	0.183151	0.100274	0.0137961	-0.0631584	-0.089302	-0.0696873	0.0168333	0.173561	0.387932	0.65428	0.940021	1.22586	1.4738	1.65749	1.77067	1.79169	1.72869	1.61904	
0.471486	0.480177	0.502084	0.519536	0.528209	0.516988	0.464198	0.374466	0.261342	0.139225	0.0294056	-0.028725	-0.0289187	0.0400144	0.177848	0.376973	0.630417	0.913078	1.20425	1.45597	1.63912	1.73569	1.72782	1.64015	1.49919	
0.665686	0.666695	0.683445	0.700183	0.704325	0.683009	0.62146	0.517768	0.375093	0.220012	0.0820748	0.00130253	-0.0153605	0.0349223	0.158201	0.346547	0.591394	0.869999	1.16185	1.41863	1.59666	1.67882	1.65567	1.5503	1.38967	
0.807477	0.801633	0.81326	0.828921	0.829395	0.797383	0.732851	0.614713	0.450467	0.270009	0.112802	0.00753875	-0.0258328	0.0184548	0.127658	0.301652	0.540154	0.826343	1.11735	1.37397	1.55682	1.63395	1.60566	1.48166	1.29837	
0.890231	0.877857	0.885246	0.900764	0.895619	0.858944	0.787635	0.665105	0.486948	0.290269	0.123263	0.00388799	-0.0331677	0.00261914	0.103334	0.276046	0.508115	0.79269	1.08564	1.34684	1.5314	1.60116	1.56627	1.44045	1.25057	
0.905021	0.891144	0.897435	0.912388	0.905906	0.868254	0.795177	0.672365	0.490867	0.292144	0.123629	0.00343364	-0.0337399	-0.00101375	0.0994999	0.27291	0.504779	0.787315	1.07886	1.34173	1.52592	1.59408	1.55789	1.43259	1.24324	
0.847632	0.839208	0.849285	0.864472	0.863404	0.828586	0.762162	0.640389	0.469911	0.281724	0.119737	0.00617766	-0.0310615	0.0114834	0.11635	0.287678	0.523055	0.810552	1.10217	1.36044	1.54551	1.61933	1.5887	1.46185	1.27311	
0.729334	0.727481	0.742046	0.758372	0.760769	0.734835	0.671535	0.561989	0.410306	0.242559	0.096085	0.00605906	-0.0169721	0.0292769	0.145461	0.328871	0.571114	0.851999	1.14397	1.4007	1.57841	1.65831	1.63321	1.51917	1.35054	
0.553755	0.55952	0.579751	0.597093	0.604	0.589999	0.532507	0.437626	0.311654	0.176665	0.0546455	-0.0133124	-0.0203299	0.0398706	0.173151	0.367082	0.616755	0.896818	1.1876	1.44296	1.62387	1.7143	1.69826	1.60242	1.45361	
0.341442	0.3533	0.376292	0.391963	0.402321	0.392722	0.346701	0.26465	0.169668	0.0693188	-0.0216458	-0.061198	-0.0508515	0.0300054	0.178723	0.385664	0.647448	0.933419	1.22176	1.4698	1.65413	1.75994	1.76857	1.69564	1.57015	
0.118141	0.131436	0.148738	0.161668	0.167402	0.157961	0.117669	0.053071	-0.0116883	-0.0774428	-0.132867	-0.141566	-0.107076	-0.0114638	0.156042	0.381935	0.650783	0.934221	1.21974	1.46965	1.65627	1.77745	1.81464	1.77589	1.68954	
-0.092221	-0.0822908	-0.0752225	-0.0684381	-0.072718	-0.0844786	-0.123504	-0.171254	-0.20959	-0.241011	-0.257655	-0.250722	-0.194402	-0.0784729	0.103201	0.34094	0.61177	0.896843	1.17463	1.42447	1.62595	1.76207	1.8287	1.83299	1.77993	
-0.263622	-0.261699	-0.268036	-0.275761	-0.291669	-0.317043	-0.354075	-0.385036	-0.403345	-0.405844	-0.388355	-0.357897	-0.283703	-0.155747	0.034364	0.278522	0.550574	0.833366	1.09459	1.33163	1.5393	1.69432	1.79676	1.83967	1.82289	
-0.388451	-0.393928	-0.417221	-0.442911	-0.470404	-0.511982	-0.548862	-0.562846	-0.561362	-0.535046	-0.493082	-0.440297	-0.351977	-0.216147	-0.0174724	0.218745	0.476246	0.741453	0.984104	1.21247	1.41434	1.57739	1.70479	1.78078	1.80386	
-0.465164	-0.4762	-0.515882	-0.559083	-0.600656	-0.65155	-0.685073	-0.686788	-0.661063	-0.612063	-0.544558	-0.47405	-0.378698	-0.233888	-0.0427515	0.181099	0.418688	0.651016	0.866299	1.07072	1.25995	1.42479	1.56285	1.6637	1.70858	
-0.496768	-0.513652	-0.565976	-0.625858	-0.682376	-0.736942	-0.762274	-0.748713	-0.698441	-0.629267	-0.537896	-0.443745	-0.33828	-0.194436	-0.019852	0.184959	0.39226	0.582466	0.757569	0.918324	1.08119	1.24142	1.37422	1.47947	1.5433	
-0.489679	-0.513513	-0.572595	-0.64628	-0.713592	-0.763083	-0.778333	-0.744805	-0.671605	-0.574351	-0.466362	-0.357033	-0.235976	-0.0961084	0.0598516	0.227471	0.386449	0.529161	0.658473	0.77636	0.897633	1.02738	1.14837	1.24733	1.31375	
-0.44652	-0.478141	-0.539305	-0.621179	-0.694918	-0.733544	-0.728177	-0.677114	-0.583618	-0.460348	-0.333075	-0.207084	-0.0848208	0.0433825	0.171866	0.29784	0.404934	0.483756	0.554693	0.625341	0.702758	0.798109	0.904956	0.987035	1.03674	
-0.370494	-0.407382	-0.467664	-0.549473	-0.62105	-0.648997	-0.617875	-0.548079	-0.436284	-0.295486	-0.155188	-0.0155104	0.10662	0.212258	0.299025	0.371577	0.419676	0.437229	0.441184	0.456491	0.494305	0.551797	0.632256	0.70341	0.751693	
-0.274295	-0.311372	-0.367996	-0.439415	-0.498834	-0.508648	-0.456391	-0.365675	-0.23978	-0.0862286	0.0620422	0.196717	0.312702	0.388467	0.424444	0.429789	0.407361	0.366292	0.312757	0.2743	0.269428	0.298011	0.35788	0.424173	0.474441	
-0.177821	-0.207172	-0.257113	-0.30955	-0.348642	-0.334718	-0.262266	-0.152876	-0.0198407	0.13867	0.293483	0.421015	0.507515	0.542661	0.531063	0.466251	0.371784	0.265381	0.162549	0.0820179	0.0427214	0.0581263	0.104262	0.165669	0.224796	
-0.0951621	-0.113146	-0.147341	-0.179107	-0.188778	-0.153103	-0.0677634	0.0563358	0.195468	0.345661	0.490507	0.612266	0.670788	0.655683	0.586021	0.465806	0.314665	0.153627	0.0133126	-0.0971695	-0.156307	-0.155495	-0.114416	-0.0424354	0.0266953	
-0.0357732	-0.0431605	-0.0582614	-0.0712316	-0.0546814	0.00354107	0.0922597	0.216365	0.360271	0.503068	0.632302	0.733304	0.768542	0.715536	0.590302	0.422665	0.2305	0.0358261	-0.126678	-0.250951	-0.318936	-0.318717	-0.268973	-0.189376	-0.106498	
0.00359542	0.00610044	0.00816056	0.0116932	0.0418512	0.111833	0.201854	0.312449	0.446481	0.580559	0.69694	0.770606	0.778446	0.700018	0.54182	0.333431	0.117805	-0.0830349	-0.256512	-0.373702	-0.433066	-0.43096	-0.369132	-0.276268	-0.172252	
0.0378412	0.0403042	0.0556049	0.0721917	0.104467	0.167716	0.249531	0.346906	0.460176	0.574996	0.676404	0.731856	0.710441	0.604699	0.433244	0.21082	-0.0156466	-0.212886	-0.374436	-0.477142	-0.517275	-0.497727	-0.42173	-0.307366	-0.187406	
