-0.053855	0.110985	0.249289	0.347561	0.393602	0.399805	0.37229	0.293945	0.170688	0.0139893	-0.159593	-0.333897	-0.478161	-0.574193	-0.627364	-0.633453	-0.609904	-0.558973	-0.485965	-0.407357	-0.340017	-0.286893	-0.245175	-0.211893	-0.184558	
-0.137115	0.0451733	0.19813	0.300573	0.350154	0.358917	0.326005	0.246035	0.111305	-0.0618343	-0.250559	-0.431938	-0.595604	-0.713466	-0.776123	-0.794168	-0.767811	-0.700858	-0.599356	-0.480291	-0.379616	-0.297655	-0.238155	-0.198217	-0.172015	
-0.2069	-0.00758758	0.160952	0.278049	0.331536	0.340369	0.306195	0.215416	0.0649102	-0.124877	-0.329125	-0.522631	-0.699811	-0.833528	-0.907439	-0.92764	-0.894968	-0.814525	-0.693399	-0.548812	-0.422002	-0.323906	-0.255468	-0.213224	-0.182776	
-0.246681	-0.0307947	0.15313	0.282939	0.342149	0.34973	0.315457	0.212066	0.0483619	-0.158963	-0.376475	-0.577934	-0.762775	-0.910674	-0.996419	-1.02078	-0.985526	-0.892927	-0.756745	-0.602236	-0.462296	-0.361145	-0.294927	-0.253254	-0.213323	
-0.254483	-0.0312581	0.171421	0.319582	0.390593	0.399107	0.357804	0.238415	0.0544835	-0.165484	-0.384934	-0.585683	-0.771928	-0.929013	-1.02915	-1.0661	-1.0327	-0.936115	-0.796791	-0.641354	-0.502527	-0.406381	-0.346674	-0.304452	-0.254431	
-0.225865	-0.00403976	0.211841	0.374595	0.458638	0.47174	0.417813	0.285888	0.0857749	-0.139165	-0.350991	-0.547076	-0.731731	-0.887888	-0.99156	-1.0323	-1.00746	-0.927369	-0.805781	-0.666583	-0.541755	-0.449425	-0.393504	-0.350073	-0.300371	
-0.161844	0.0472324	0.263464	0.433856	0.530906	0.548502	0.481289	0.340141	0.13501	-0.0803358	-0.275612	-0.457563	-0.631523	-0.783553	-0.883605	-0.920956	-0.91137	-0.859702	-0.764653	-0.65037	-0.550685	-0.470941	-0.42094	-0.384945	-0.350419	
-0.0686871	0.127618	0.332394	0.498761	0.596652	0.613573	0.546381	0.406269	0.210646	0.00685776	-0.174947	-0.345674	-0.50287	-0.638975	-0.729685	-0.764459	-0.766584	-0.739961	-0.671215	-0.580094	-0.497983	-0.441498	-0.408597	-0.393686	-0.38876	
0.0226731	0.206865	0.394502	0.545641	0.636608	0.652369	0.590314	0.460663	0.283797	0.0938611	-0.0769431	-0.229325	-0.362875	-0.473536	-0.551378	-0.584844	-0.589984	-0.571442	-0.518401	-0.452904	-0.396665	-0.372367	-0.371857	-0.389038	-0.414435	
0.0936689	0.261251	0.430471	0.565111	0.6467	0.660486	0.605166	0.490007	0.330566	0.158799	0.00109408	-0.131224	-0.236738	-0.313394	-0.365675	-0.39233	-0.390557	-0.363388	-0.3211	-0.279217	-0.253209	-0.261104	-0.300908	-0.355928	-0.4102	
0.12746	0.275569	0.423689	0.545306	0.61826	0.629858	0.581413	0.476742	0.336179	0.185476	0.045467	-0.0679875	-0.146513	-0.189211	-0.206831	-0.209263	-0.196319	-0.156937	-0.116309	-0.0892709	-0.0854548	-0.118262	-0.189522	-0.282302	-0.367166	
0.120292	0.250728	0.379194	0.487997	0.551807	0.562562	0.519845	0.426389	0.303794	0.170727	0.0502328	-0.0441311	-0.0991948	-0.109802	-0.0951529	-0.0649775	-0.0281131	0.0290214	0.0803089	0.109521	0.100287	0.0424054	-0.0563957	-0.172786	-0.282726	
0.0738314	0.191708	0.306499	0.398949	0.455127	0.46579	0.425699	0.346781	0.239634	0.118901	0.0165682	-0.0542512	-0.0816163	-0.0622153	-0.0186643	0.042197	0.113851	0.195892	0.263819	0.300292	0.285436	0.206458	0.087104	-0.0473107	-0.178896	
0.0102419	0.10771	0.210356	0.289794	0.340641	0.349513	0.314087	0.245635	0.150471	0.0460604	-0.0364998	-0.0828612	-0.0758629	-0.0324358	0.0360993	0.12259	0.225201	0.335946	0.424714	0.46264	0.440824	0.355168	0.222144	0.0677545	-0.0830682	
-0.0448347	0.0278407	0.109825	0.181927	0.228929	0.236602	0.204924	0.140802	0.0607841	-0.0183938	-0.0756279	-0.0996788	-0.076126	-0.012265	0.0683595	0.175574	0.298442	0.427048	0.530767	0.575198	0.551755	0.46264	0.326618	0.156005	-0.0249575	
-0.0580717	-0.0189068	0.0378083	0.0924298	0.134557	0.143082	0.111653	0.0605772	0.00272915	-0.0449537	-0.0721227	-0.0776066	-0.0521135	0.00760627	0.0963713	0.208936	0.33369	0.462655	0.569657	0.621995	0.601945	0.513713	0.37068	0.189405	-0.00750144	
-0.0232983	-0.012283	0.0153129	0.0462863	0.071491	0.0759972	0.0581545	0.0275028	-0.00320153	-0.0196414	-0.0258869	-0.0179977	0.00602606	0.0516665	0.130361	0.237701	0.350018	0.454576	0.545542	0.595482	0.581589	0.498408	0.352822	0.172446	-0.0234543	
0.0323997	0.0300742	0.0355388	0.0438411	0.0494827	0.050198	0.046552	0.0386186	0.0311733	0.030709	0.0378485	0.0565348	0.0827018	0.117451	0.174922	0.261715	0.346959	0.419178	0.477074	0.508459	0.495199	0.422636	0.291036	0.123209	-0.0612048	
0.0917547	0.0795344	0.0694766	0.0588354	0.048657	0.0476171	0.0540039	0.0649119	0.0757801	0.0860489	0.102693	0.126269	0.156243	0.18741	0.228129	0.283321	0.331252	0.3672	0.388972	0.392303	0.368322	0.307819	0.200326	0.0570066	-0.109816	
0.140058	0.116306	0.0897244	0.0633529	0.0433324	0.039764	0.0541791	0.0784453	0.106301	0.130165	0.155775	0.182306	0.213584	0.248183	0.281079	0.304341	0.307115	0.300319	0.290256	0.268487	0.239203	0.190477	0.109775	0.000357428	-0.140413	
0.154682	0.11406	0.0727484	0.0337789	0.00718233	0.00168576	0.021688	0.0558192	0.097609	0.13857	0.178758	0.213701	0.251284	0.286342	0.307106	0.303258	0.268232	0.223034	0.185991	0.151127	0.12106	0.0860598	0.0337799	-0.0458423	-0.152642	
0.133417	0.076245	0.013667	-0.0470413	-0.0891183	-0.0963937	-0.0668907	-0.011644	0.0516747	0.111044	0.166294	0.215623	0.260649	0.294103	0.301626	0.280058	0.22772	0.162777	0.0996322	0.0533022	0.0254756	0.00393397	-0.0292917	-0.0799148	-0.157342	
0.0748	-0.00717142	-0.0972062	-0.185553	-0.244382	-0.25469	-0.214157	-0.133968	-0.0423557	0.0435359	0.119434	0.187666	0.243049	0.27305	0.273884	0.245949	0.193592	0.126065	0.0498169	-0.0139328	-0.0484451	-0.0585856	-0.0704853	-0.0932878	-0.138768	
-0.0222113	-0.138571	-0.2615	-0.37343	-0.445681	-0.458794	-0.408328	-0.30897	-0.187757	-0.066202	0.037463	0.124373	0.191953	0.229274	0.233477	0.210689	0.162709	0.095693	0.0197668	-0.0506013	-0.0914548	-0.0919204	-0.0758737	-0.0689031	-0.0861909	
-0.155894	-0.310737	-0.472	-0.608623	-0.690906	-0.705227	-0.649733	-0.531336	-0.376175	-0.215525	-0.0735667	0.0383564	0.122014	0.175559	0.194452	0.18154	0.135866	0.0718575	0.00201937	-0.0598997	-0.0904019	-0.0762305	-0.0332435	0.00306083	0.00569416	
-0.324295	-0.522228	-0.717346	-0.877984	-0.973302	-0.988572	-0.925221	-0.787941	-0.602128	-0.401898	-0.218374	-0.0720658	0.0411274	0.114136	0.150685	0.151235	0.11313	0.0563255	-0.00233082	-0.0488611	-0.0566353	-0.0149012	0.0488537	0.105231	0.129958	
-0.522228	-0.752648	-0.978851	-1.16544	-1.27698	-1.29681	-1.21999	-1.06081	-0.845233	-0.613327	-0.391274	-0.202529	-0.0547106	0.0485341	0.103043	0.120371	0.0977829	0.049315	0.00275961	-0.0231156	0.00371795	0.0731222	0.159797	0.231587	0.269805	
-0.717346	-0.978851	-1.23045	-1.4411	-1.57171	-1.59503	-1.50497	-1.32148	-1.08193	-0.821936	-0.566362	-0.341149	-0.156851	-0.0241426	0.0541136	0.0879837	0.0808278	0.0490423	0.0200536	0.0219703	0.0762599	0.168697	0.270548	0.352891	0.409717	
-0.877984	-1.16544	-1.4411	-1.67441	-1.82195	-1.84776	-1.74637	-1.54197	-1.27812	-0.992581	-0.71288	-0.462903	-0.254467	-0.0961889	0.00794573	0.0567491	0.0630838	0.0497794	0.0408637	0.0681956	0.142458	0.245922	0.356114	0.455981	0.52662	
-0.973302	-1.27698	-1.57171	-1.82195	-1.97954	-2.00771	-1.89868	-1.67951	-1.39786	-1.09366	-0.800269	-0.538184	-0.319981	-0.144786	-0.0233151	0.0343236	0.0485557	0.0480172	0.0583084	0.104614	0.188207	0.294213	0.410126	0.516554	0.595853	
-0.988572	-1.29681	-1.59503	-1.84776	-2.00771	-2.03653	-1.92515	-1.70389	-1.41979	-1.11055	-0.81425	-0.552176	-0.331411	-0.153188	-0.0294552	0.0299772	0.0467941	0.0474875	0.0611753	0.112286	0.196654	0.30194	0.420131	0.52675	0.607816	
-0.925221	-1.21999	-1.50497	-1.74637	-1.89868	-1.92515	-1.82037	-1.60899	-1.33669	-1.0427	-0.756009	-0.499803	-0.286279	-0.119852	-0.00622482	0.0469212	0.0562398	0.049096	0.0489123	0.0850584	0.164518	0.269614	0.381801	0.485877	0.561108	
-0.787941	-1.06081	-1.32148	-1.54197	-1.67951	-1.70389	-1.60899	-1.41675	-1.16719	-0.896813	-0.630435	-0.393281	-0.19757	-0.054327	0.0346464	0.0742817	0.0735325	0.0491518	0.0282686	0.0408287	0.104565	0.202732	0.308264	0.3974	0.460642	
-0.602128	-0.845233	-1.08193	-1.27812	-1.39786	-1.41979	-1.33669	-1.16719	-0.941949	-0.698623	-0.462926	-0.258465	-0.0948941	0.020716	0.0835814	0.107735	0.0917622	0.0488659	0.00819921	-0.00697459	0.0322579	0.112505	0.20632	0.281887	0.327015	
-0.401898	-0.613327	-0.821936	-0.992581	-1.09366	-1.11055	-1.0427	-0.896813	-0.698623	-0.48536	-0.285177	-0.122021	0.00476961	0.0888394	0.131972	0.1389	0.106265	0.0529865	-0.00113522	-0.0403764	-0.0351923	0.0171932	0.0905747	0.154254	0.184689	
-0.218374	-0.391274	-0.566362	-0.71288	-0.800269	-0.81425	-0.756009	-0.630435	-0.462926	-0.285177	-0.127308	-0.00307165	0.0904055	0.151449	0.177885	0.170225	0.125929	0.0641605	-0.0014499	-0.0574612	-0.0804698	-0.0556626	-0.00457272	0.0409202	0.0524458	
-0.0720658	-0.202529	-0.341149	-0.462903	-0.538184	-0.552176	-0.499803	-0.393281	-0.258465	-0.122021	-0.00307165	0.0929444	0.165396	0.208851	0.217585	0.198209	0.151402	0.085177	0.0114665	-0.0570905	-0.0958612	-0.0927154	-0.0647664	-0.0446478	-0.0538931	
0.0411274	-0.0547106	-0.156851	-0.254467	-0.319981	-0.331411	-0.286279	-0.19757	-0.0948941	0.00476961	0.0904055	0.165396	0.22646	0.257627	0.258085	0.231526	0.181228	0.11383	0.0357944	-0.0325335	-0.0710265	-0.0762617	-0.0775085	-0.089984	-0.122464	
0.114136	0.0485341	-0.0241426	-0.0961889	-0.144786	-0.153188	-0.119852	-0.054327	0.020716	0.0888394	0.151449	0.208851	0.257627	0.289285	0.293	0.266697	0.213502	0.146229	0.0762739	0.0223854	-0.00644969	-0.0235656	-0.0489457	-0.087616	-0.152899	
0.150685	0.103043	0.0541136	0.00794573	-0.0233151	-0.0294552	-0.00622482	0.0346464	0.0835814	0.131972	0.177885	0.217585	0.258085	0.293	0.308606	0.295975	0.250999	0.194743	0.147398	0.108907	0.0794652	0.0503373	0.00654234	-0.0619101	-0.156455	
0.151235	0.120371	0.0879837	0.0567491	0.0343236	0.0299772	0.0469212	0.0742817	0.107735	0.1389	0.170225	0.198209	0.231526	0.266697	0.295975	0.307559	0.293355	0.26968	0.248639	0.220552	0.190588	0.146491	0.0778435	-0.0185671	-0.145853	
0.11313	0.0977829	0.0808278	0.0630838	0.0485557	0.0467941	0.0562398	0.0735325	0.0917622	0.106265	0.125929	0.151402	0.181228	0.213502	0.250999	0.293355	0.322745	0.342051	0.350661	0.34249	0.315662	0.260095	0.162509	0.0318947	-0.126209	
0.0563255	0.049315	0.0490423	0.0497794	0.0480172	0.0474875	0.049096	0.0491518	0.0488659	0.0529865	0.0641605	0.085177	0.11383	0.146229	0.194743	0.26968	0.342051	0.40011	0.442795	0.463572	0.447312	0.379471	0.256689	0.0978284	-0.0798366	
-0.00233082	0.00275961	0.0200536	0.0408637	0.0583084	0.0611753	0.0489123	0.0282686	0.00819921	-0.00113522	-0.0014499	0.0114665	0.0357944	0.0762739	0.147398	0.248639	0.350661	0.442795	0.522151	0.566647	0.554291	0.474878	0.3325	0.155523	-0.0366435	
-0.0488611	-0.0231156	0.0219703	0.0681956	0.104614	0.112286	0.0850584	0.0408287	-0.00697459	-0.0403764	-0.0574612	-0.0570905	-0.0325335	0.0223854	0.108907	0.220552	0.34249	0.463572	0.566647	0.620199	0.602067	0.514933	0.370045	0.187944	-0.0103334	
-0.0566353	0.00371795	0.0762599	0.142458	0.188207	0.196654	0.164518	0.104565	0.0322579	-0.0351923	-0.0804698	-0.0958612	-0.0710265	-0.00644969	0.0794652	0.190588	0.315662	0.447312	0.554291	0.602067	0.579911	0.491009	0.352615	0.176405	-0.0131704	
-0.0149012	0.0731222	0.168697	0.245922	0.294213	0.30194	0.269614	0.202732	0.112505	0.0171932	-0.0556626	-0.0927154	-0.0762617	-0.0235656	0.0503373	0.146491	0.260095	0.379471	0.474878	0.514933	0.491009	0.403847	0.269252	0.108142	-0.0549662	
0.0488537	0.159797	0.270548	0.356114	0.410126	0.420131	0.381801	0.308264	0.20632	0.0905747	-0.00457272	-0.0647664	-0.0775085	-0.0489457	0.00654234	0.0778435	0.162509	0.256689	0.3325	0.370045	0.352615	0.269252	0.143532	0.000245905	-0.137349	
0.105231	0.231587	0.352891	0.455981	0.516554	0.52675	0.485877	0.3974	0.281887	0.154254	0.0409202	-0.0446478	-0.089984	-0.087616	-0.0619101	-0.0185671	0.0318947	0.0978284	0.155523	0.187944	0.176405	0.108142	0.000245905	-0.122458	-0.242172	
0.129958	0.269805	0.409717	0.52662	0.595853	0.607816	0.561108	0.460642	0.327015	0.184689	0.0524458	-0.0538931	-0.122464	-0.152899	-0.156455	-0.145853	-0.126209	-0.0798366	-0.0366435	-0.0103334	-0.0131704	-0.0549662	-0.137349	-0.242172	-0.337549	
