0.0624622	0.110661	0.172048	0.26442	0.380174	0.496857	0.611839	0.697221	0.716975	0.657082	0.53618	0.383422	0.21501	0.0559793	-0.0801573	-0.181522	-0.246768	-0.287327	-0.294672	-0.25009	-0.136294	0.0139844	0.164205	0.295803	0.416228	
0.110661	0.164081	0.239311	0.346873	0.47227	0.593265	0.703303	0.774628	0.776241	0.700703	0.578277	0.429166	0.266552	0.109928	-0.0247586	-0.129867	-0.207189	-0.257704	-0.270687	-0.225535	-0.112105	0.0413211	0.2023	0.359253	0.520457	
0.172048	0.239311	0.328719	0.446009	0.578138	0.702776	0.804018	0.858805	0.847943	0.770418	0.648443	0.500323	0.337112	0.180932	0.0443315	-0.0711901	-0.161416	-0.218567	-0.22638	-0.176449	-0.0621726	0.0908155	0.262315	0.441068	0.635702	
0.26442	0.346873	0.446009	0.568376	0.70261	0.823506	0.908462	0.946309	0.931546	0.852643	0.726585	0.570567	0.402836	0.244706	0.0992441	-0.0279129	-0.129108	-0.18149	-0.177491	-0.117082	-0.00216656	0.15309	0.334777	0.532469	0.747644	
0.380174	0.47227	0.578138	0.70261	0.832553	0.94281	1.01172	1.04202	1.0235	0.937791	0.797243	0.626125	0.450329	0.280569	0.121501	-0.0194397	-0.122992	-0.164803	-0.144988	-0.0736739	0.0445376	0.204336	0.396138	0.604414	0.827038	
0.496857	0.593265	0.702776	0.823506	0.94281	1.04277	1.10688	1.13218	1.104	1.00093	0.838386	0.649676	0.456801	0.26927	0.0928712	-0.0551067	-0.153711	-0.181355	-0.145997	-0.062135	0.0630935	0.230346	0.427723	0.637486	0.853064	
0.611839	0.703303	0.804018	0.908462	1.01172	1.10688	1.16616	1.1793	1.12907	1.00094	0.816625	0.605388	0.392154	0.185306	0.00029346	-0.143464	-0.229138	-0.240121	-0.187079	-0.0856734	0.0527932	0.227677	0.425287	0.626604	0.826246	
0.697221	0.774628	0.858805	0.946309	1.04202	1.13218	1.1793	1.16672	1.08329	0.927616	0.715043	0.476302	0.238913	0.0188332	-0.163653	-0.294864	-0.363369	-0.355661	-0.280293	-0.154402	0.000696376	0.18138	0.372509	0.559699	0.73959	
0.716975	0.776241	0.847943	0.931546	1.0235	1.104	1.12907	1.08329	0.96684	0.779651	0.536088	0.268356	0.0136305	-0.20698	-0.37707	-0.490535	-0.538762	-0.508222	-0.403605	-0.250173	-0.0789718	0.101627	0.280872	0.451862	0.610647	
0.657082	0.700703	0.770418	0.852643	0.937791	1.00093	1.00094	0.927616	0.779651	0.563236	0.292374	0.0075923	-0.247173	-0.454168	-0.603703	-0.694403	-0.716823	-0.655159	-0.517532	-0.337461	-0.156017	0.0181675	0.183247	0.336949	0.475806	
0.53618	0.578277	0.648443	0.726585	0.797243	0.838386	0.816625	0.715043	0.536088	0.292374	0.00540402	-0.278077	-0.517349	-0.700924	-0.823515	-0.884881	-0.870567	-0.771194	-0.599072	-0.397638	-0.211875	-0.045729	0.104979	0.244408	0.361068	
0.383422	0.429166	0.500323	0.570567	0.626125	0.649676	0.605388	0.476302	0.268356	0.0075923	-0.278077	-0.54518	-0.760476	-0.915808	-1.00758	-1.03055	-0.97399	-0.836057	-0.636214	-0.422997	-0.237028	-0.0814618	0.0573526	0.179322	0.271593	
0.21501	0.266552	0.337112	0.402836	0.450329	0.456801	0.392154	0.238913	0.0136305	-0.247173	-0.517349	-0.760476	-0.948634	-1.07405	-1.12839	-1.10927	-1.01099	-0.842241	-0.626914	-0.409227	-0.22863	-0.0823314	0.0404383	0.141705	0.202066	
0.0559793	0.109928	0.180932	0.244706	0.280569	0.26927	0.185306	0.0188332	-0.20698	-0.454168	-0.700924	-0.915808	-1.07405	-1.16166	-1.17387	-1.11193	-0.978488	-0.790677	-0.56735	-0.352572	-0.176563	-0.0441414	0.0595263	0.131029	0.155414	
-0.0801573	-0.0247586	0.0443315	0.0992441	0.121501	0.0928712	0.00029346	-0.163653	-0.37707	-0.603703	-0.823515	-1.00758	-1.12839	-1.17387	-1.14378	-1.04569	-0.889544	-0.690077	-0.46714	-0.255054	-0.0889627	0.0269979	0.102301	0.138967	0.124703	
-0.181522	-0.129867	-0.0711901	-0.0279129	-0.0194397	-0.0551067	-0.143464	-0.294864	-0.490535	-0.694403	-0.884881	-1.03055	-1.10927	-1.11193	-1.04569	-0.923285	-0.751281	-0.547973	-0.324583	-0.120651	0.0330577	0.123262	0.164948	0.162624	0.113575	
-0.246768	-0.207189	-0.161416	-0.129108	-0.122992	-0.153711	-0.229138	-0.363369	-0.538762	-0.716823	-0.870567	-0.97399	-1.01099	-0.978488	-0.889544	-0.751281	-0.573259	-0.366554	-0.149913	0.0418198	0.171796	0.229502	0.231752	0.192351	0.115219	
-0.287327	-0.257704	-0.218567	-0.18149	-0.164803	-0.181355	-0.240121	-0.355661	-0.508222	-0.655159	-0.771194	-0.836057	-0.842241	-0.790677	-0.690077	-0.547973	-0.366554	-0.165339	0.0389266	0.205358	0.302855	0.320699	0.283961	0.212737	0.11748	
-0.294672	-0.270687	-0.22638	-0.177491	-0.144988	-0.145997	-0.187079	-0.280293	-0.403605	-0.517532	-0.599072	-0.636214	-0.626914	-0.56735	-0.46714	-0.324583	-0.149913	0.0389266	0.216117	0.346699	0.402205	0.378824	0.307017	0.21249	0.108729	
-0.25009	-0.225535	-0.176449	-0.117082	-0.0736739	-0.062135	-0.0856734	-0.154402	-0.250173	-0.337461	-0.397638	-0.422997	-0.409227	-0.352572	-0.255054	-0.120651	0.0418198	0.205358	0.346699	0.433635	0.446987	0.387929	0.290956	0.184407	0.0819387	
-0.136294	-0.112105	-0.0621726	-0.00216656	0.0445376	0.0630935	0.0527932	0.000696376	-0.0789718	-0.156017	-0.211875	-0.237028	-0.22863	-0.176563	-0.0889627	0.0330577	0.171796	0.302855	0.402205	0.446987	0.425131	0.341733	0.232693	0.125272	0.0323602	
0.0139844	0.0413211	0.0908155	0.15309	0.204336	0.230346	0.227677	0.18138	0.101627	0.0181675	-0.045729	-0.0814618	-0.0823314	-0.0441414	0.0269979	0.123262	0.229502	0.320699	0.378824	0.387929	0.341733	0.247123	0.137234	0.0379205	-0.0408036	
0.164205	0.2023	0.262315	0.334777	0.396138	0.427723	0.425287	0.372509	0.280872	0.183247	0.104979	0.0573526	0.0404383	0.0595263	0.102301	0.164948	0.231752	0.283961	0.307017	0.290956	0.232693	0.137234	0.0348801	-0.052456	-0.115626	
0.295803	0.359253	0.441068	0.532469	0.604414	0.637486	0.626604	0.559699	0.451862	0.336949	0.244408	0.179322	0.141705	0.131029	0.138967	0.162624	0.192351	0.212737	0.21249	0.184407	0.125272	0.0379205	-0.052456	-0.125635	-0.174656	
0.416228	0.520457	0.635702	0.747644	0.827038	0.853064	0.826246	0.73959	0.610647	0.475806	0.361068	0.271593	0.202066	0.155414	0.124703	0.113575	0.115219	0.11748	0.108729	0.0819387	0.0323602	-0.0408036	-0.115626	-0.174656	-0.210069	
0.523441	0.677979	0.830194	0.965119	1.05065	1.0709	1.02924	0.922866	0.771913	0.60937	0.463912	0.336957	0.227049	0.13886	0.0718377	0.0330908	0.0185469	0.015373	0.0102282	-0.00619674	-0.0406844	-0.0970071	-0.156517	-0.202067	-0.226587	
0.605241	0.810584	1.00377	1.16596	1.26776	1.2916	1.24353	1.1222	0.945589	0.74936	0.561474	0.388792	0.232771	0.104157	0.00659137	-0.0500812	-0.0707	-0.0696655	-0.0648024	-0.0669192	-0.0858376	-0.126887	-0.173415	-0.209049	-0.224928	
0.657779	0.907885	1.14092	1.33902	1.46738	1.50842	1.46427	1.33144	1.12981	0.894098	0.660027	0.438531	0.237968	0.0740336	-0.0467819	-0.114167	-0.134573	-0.126622	-0.110401	-0.100613	-0.107113	-0.137565	-0.175831	-0.205219	-0.216894	
0.685814	0.972544	1.24482	1.48015	1.64264	1.70629	1.66974	1.52839	1.30033	1.02689	0.748012	0.482285	0.243878	0.0513691	-0.0863521	-0.160245	-0.17972	-0.165158	-0.141608	-0.123154	-0.122735	-0.146883	-0.180954	-0.207785	-0.217221	
0.700537	1.01078	1.30893	1.57294	1.75931	1.84036	1.81002	1.66116	1.41547	1.11481	0.805782	0.511233	0.248033	0.0383531	-0.109836	-0.187887	-0.206417	-0.189517	-0.161381	-0.139998	-0.135832	-0.158001	-0.190467	-0.216524	-0.225875	
0.701846	1.01654	1.32058	1.58913	1.78144	1.86581	1.83638	1.68703	1.43712	1.13167	0.816967	0.516368	0.249154	0.0355547	-0.114449	-0.193248	-0.212419	-0.194354	-0.16663	-0.143831	-0.13999	-0.161275	-0.193815	-0.21975	-0.22887	
0.693841	0.991801	1.27596	1.52522	1.69837	1.77027	1.7368	1.59156	1.35552	1.069	0.775618	0.496404	0.245674	0.0452118	-0.0976362	-0.173556	-0.192157	-0.176787	-0.150298	-0.130832	-0.127998	-0.151413	-0.184365	-0.210857	-0.220273	
0.670757	0.936866	1.18653	1.3993	1.542	1.59199	1.55075	1.41484	1.20204	0.950669	0.697907	0.457064	0.240569	0.0636029	-0.0645175	-0.134899	-0.155257	-0.14389	-0.124828	-0.110431	-0.114148	-0.141075	-0.177453	-0.205342	-0.215915	
0.630507	0.854422	1.06315	1.23912	1.34948	1.37878	1.33129	1.2046	1.01845	0.80671	0.600554	0.408821	0.234114	0.0911578	-0.0165872	-0.0781825	-0.0987614	-0.0954812	-0.0851515	-0.0827456	-0.0955414	-0.132187	-0.174422	-0.207323	-0.221141	
0.55887	0.734635	0.903212	1.0479	1.13916	1.15915	1.11366	1.00107	0.8399	0.664662	0.503518	0.35847	0.230823	0.125371	0.0455963	-0.00165312	-0.0199306	-0.021889	-0.0239841	-0.0342688	-0.0629353	-0.112186	-0.166331	-0.207209	-0.228109	
0.461704	0.585238	0.714925	0.835977	0.916915	0.939945	0.906419	0.811201	0.673912	0.528825	0.403087	0.300565	0.215392	0.152977	0.107055	0.0839124	0.0777975	0.0761536	0.0682395	0.044172	0.00076008	-0.0661401	-0.13419	-0.187917	-0.218673	
0.34419	0.422859	0.517009	0.616581	0.692617	0.723499	0.70687	0.632616	0.516573	0.394165	0.294113	0.220035	0.171481	0.146488	0.139582	0.148143	0.165198	0.176705	0.171018	0.142312	0.0854501	0.00376746	-0.0808828	-0.14809	-0.191894	
0.21959	0.265408	0.33271	0.411942	0.477621	0.51064	0.505839	0.447981	0.350356	0.245885	0.162149	0.108713	0.0840842	0.0930125	0.122344	0.169807	0.220961	0.259098	0.271436	0.248515	0.188838	0.0955235	-0.00209814	-0.0841618	-0.141596	
0.0753445	0.106106	0.157802	0.223029	0.278058	0.306692	0.305314	0.257852	0.174264	0.0853756	0.0161831	-0.024641	-0.0308262	5.22911e-05	0.0617285	0.144898	0.235884	0.310877	0.353837	0.351396	0.298629	0.202939	0.0952112	0.000567317	-0.0722795	
-0.077703	-0.0530178	-0.0036279	0.0560559	0.103976	0.125074	0.11869	0.0703015	-0.00747046	-0.0856067	-0.143684	-0.172129	-0.167314	-0.119308	-0.0372948	0.0763232	0.202857	0.318796	0.401169	0.430571	0.397415	0.308292	0.197829	0.092859	0.00498252	
-0.212405	-0.187521	-0.13774	-0.0770458	-0.0318892	-0.0170968	-0.0347441	-0.0952844	-0.182599	-0.263679	-0.319862	-0.344309	-0.33164	-0.276841	-0.181904	-0.0519123	0.102686	0.253928	0.379	0.448176	0.446241	0.375994	0.272784	0.164521	0.0648502	
-0.284665	-0.260683	-0.213732	-0.160015	-0.121765	-0.117847	-0.151493	-0.234991	-0.346331	-0.448096	-0.51906	-0.549505	-0.537597	-0.478127	-0.378789	-0.238388	-0.0679037	0.112683	0.276132	0.389896	0.427574	0.389468	0.305795	0.205372	0.100329	
-0.295309	-0.268982	-0.22863	-0.186846	-0.163733	-0.173499	-0.225622	-0.3325	-0.474042	-0.607669	-0.708543	-0.760946	-0.759088	-0.703404	-0.601907	-0.459427	-0.279595	-0.0821694	0.113032	0.26589	0.347441	0.348489	0.297277	0.215096	0.115345	
-0.265517	-0.23027	-0.188919	-0.156642	-0.147189	-0.173549	-0.24203	-0.369785	-0.536641	-0.70309	-0.841618	-0.928428	-0.951569	-0.909254	-0.814349	-0.673485	-0.49357	-0.287556	-0.0748583	0.108652	0.226324	0.26958	0.255418	0.203035	0.116526	
-0.211099	-0.164201	-0.110612	-0.0731856	-0.0672913	-0.101922	-0.186018	-0.330134	-0.518385	-0.712464	-0.888809	-1.01792	-1.07905	-1.06615	-0.989218	-0.859433	-0.68454	-0.479233	-0.257954	-0.0580691	0.0875468	0.165683	0.192336	0.174185	0.113119	
-0.12531	-0.0698701	-0.00441991	0.0463533	0.0621619	0.0286931	-0.06294	-0.223242	-0.429446	-0.647578	-0.856312	-1.0258	-1.13034	-1.15776	-1.11198	-1.00286	-0.839373	-0.637867	-0.41459	-0.205329	-0.0435121	0.0637849	0.125958	0.147599	0.117962	
-0.00260087	0.0519499	0.123803	0.184496	0.215722	0.196774	0.107604	-0.0587639	-0.281155	-0.520093	-0.756576	-0.960143	-1.1043	-1.17553	-1.17046	-1.09285	-0.949448	-0.75567	-0.532827	-0.31877	-0.146589	-0.0195806	0.0737106	0.131672	0.140691	
0.149846	0.20231	0.272681	0.338644	0.381438	0.380917	0.307842	0.146912	-0.0799944	-0.336891	-0.598038	-0.83023	-1.00741	-1.118	-1.15602	-1.11912	-1.00526	-0.827692	-0.608052	-0.39175	-0.212365	-0.0712221	0.044925	0.135126	0.181455	
0.316368	0.364448	0.435339	0.502796	0.555739	0.572256	0.51994	0.380591	0.163244	-0.098847	-0.379998	-0.638185	-0.842956	-0.987239	-1.06471	-1.07131	-0.997497	-0.845564	-0.638941	-0.422734	-0.239263	-0.0865076	0.0458895	0.160757	0.240893	
0.478814	0.521292	0.591892	0.666851	0.730096	0.764353	0.733275	0.620405	0.429325	0.176735	-0.111218	-0.389482	-0.61981	-0.791856	-0.903295	-0.949614	-0.918714	-0.803197	-0.618687	-0.412058	-0.225108	-0.0637533	0.0828285	0.215086	0.323231	
