0.338548	0.493264	0.600836	0.669838	0.708847	0.715064	0.687347	0.616274	0.497829	0.331971	0.122458	-0.114713	-0.366859	-0.62225	-0.856967	-1.0435	-1.17047	-1.24906	-1.28305	-1.26994	-1.19853	-1.07649	-0.919654	-0.740424	-0.566213	
0.493264	0.622843	0.698873	0.725721	0.71962	0.685194	0.624909	0.530746	0.397691	0.230052	0.0282506	-0.197159	-0.439257	-0.680325	-0.894044	-1.06947	-1.18554	-1.25255	-1.28699	-1.27181	-1.19733	-1.08091	-0.922867	-0.737558	-0.562595	
0.600836	0.698873	0.740573	0.731119	0.689772	0.626506	0.547583	0.441338	0.300129	0.14675	-0.0288052	-0.235378	-0.457247	-0.675892	-0.870402	-1.03156	-1.13398	-1.19545	-1.22526	-1.2059	-1.13139	-1.01571	-0.857695	-0.674376	-0.501461	
0.669838	0.725721	0.731119	0.692696	0.627114	0.55073	0.459664	0.341513	0.20878	0.0834018	-0.0606018	-0.23292	-0.419093	-0.606259	-0.781179	-0.927875	-1.02803	-1.08853	-1.11048	-1.08714	-1.01191	-0.894366	-0.738491	-0.564959	-0.396329	
0.708847	0.71962	0.689772	0.627114	0.54846	0.463913	0.367929	0.257577	0.145214	0.0486188	-0.0560417	-0.180907	-0.327052	-0.483288	-0.631279	-0.768194	-0.87171	-0.938631	-0.962001	-0.938723	-0.868464	-0.748937	-0.599666	-0.439413	-0.284899	
0.715064	0.685194	0.626506	0.55073	0.463913	0.371819	0.283647	0.195662	0.114493	0.0453893	-0.0238218	-0.10091	-0.199277	-0.319508	-0.447796	-0.574604	-0.679787	-0.751725	-0.784967	-0.770877	-0.711069	-0.605806	-0.470632	-0.333289	-0.199608	
0.687347	0.624909	0.547583	0.459664	0.367929	0.283647	0.220137	0.164185	0.112695	0.0693165	0.0253311	-0.0154205	-0.0748112	-0.166404	-0.27289	-0.385124	-0.483986	-0.558753	-0.599994	-0.601258	-0.55773	-0.477622	-0.372139	-0.258192	-0.148313	
0.616274	0.530746	0.441338	0.341513	0.257577	0.195662	0.164185	0.144545	0.124348	0.100074	0.0803552	0.062915	0.0264282	-0.0416854	-0.13058	-0.223131	-0.310105	-0.382936	-0.428832	-0.441105	-0.423118	-0.373488	-0.297232	-0.210303	-0.120308	
0.497829	0.397691	0.300129	0.20878	0.145214	0.114493	0.112695	0.124348	0.136022	0.131718	0.131001	0.127814	0.109188	0.058115	-0.0171276	-0.0940941	-0.166266	-0.237625	-0.290656	-0.316382	-0.320484	-0.295706	-0.240791	-0.171609	-0.0944212	
0.331971	0.230052	0.14675	0.0834018	0.0486188	0.0453893	0.0693165	0.100074	0.131718	0.160355	0.181412	0.19143	0.178886	0.134646	0.0714591	-0.000912293	-0.073617	-0.139658	-0.190917	-0.227669	-0.245748	-0.234553	-0.197693	-0.143704	-0.0779847	
0.122458	0.0282506	-0.0288052	-0.0606018	-0.0560417	-0.0238218	0.0253311	0.0803552	0.131001	0.181412	0.219823	0.243135	0.237859	0.195971	0.132015	0.0562102	-0.0191212	-0.0835775	-0.134447	-0.175471	-0.193121	-0.187236	-0.162512	-0.121926	-0.0697154	
-0.114713	-0.197159	-0.235378	-0.23292	-0.180907	-0.10091	-0.0154205	0.062915	0.127814	0.19143	0.243135	0.273086	0.276309	0.241629	0.176149	0.0957217	0.0119113	-0.0586984	-0.107213	-0.145403	-0.160285	-0.154799	-0.132597	-0.106422	-0.0660854	
-0.366859	-0.439257	-0.457247	-0.419093	-0.327052	-0.199277	-0.0748112	0.0264282	0.109188	0.178886	0.237859	0.276309	0.284364	0.262574	0.205414	0.121804	0.0328736	-0.041119	-0.094392	-0.127205	-0.139543	-0.131375	-0.105488	-0.0791631	-0.0444881	
-0.62225	-0.680325	-0.675892	-0.606259	-0.483288	-0.319508	-0.166404	-0.0416854	0.058115	0.134646	0.195971	0.241629	0.262574	0.250556	0.205514	0.128732	0.0424859	-0.0291838	-0.0793077	-0.100131	-0.109185	-0.0966778	-0.0666195	-0.0339228	-0.00210704	
-0.856967	-0.894044	-0.870402	-0.781179	-0.631279	-0.447796	-0.27289	-0.13058	-0.0171276	0.0714591	0.132015	0.176149	0.205414	0.205514	0.166036	0.106784	0.0431803	-0.00892158	-0.0377886	-0.0471028	-0.0533185	-0.0416721	-0.0139212	0.0220442	0.0533192	
-1.0435	-1.06947	-1.03156	-0.927875	-0.768194	-0.574604	-0.385124	-0.223131	-0.0940941	-0.000912293	0.0562102	0.0957217	0.121804	0.128732	0.106784	0.0808552	0.0584015	0.0338505	0.02801	0.0261171	0.020799	0.027404	0.0484729	0.0760136	0.0994689	
-1.17047	-1.18554	-1.13398	-1.02803	-0.87171	-0.679787	-0.483986	-0.310105	-0.166266	-0.073617	-0.0191212	0.0119113	0.0328736	0.0424859	0.0431803	0.0584015	0.0800693	0.0886281	0.0997443	0.106326	0.0969664	0.0948767	0.104919	0.117353	0.126387	
-1.24906	-1.25255	-1.19545	-1.08853	-0.938631	-0.751725	-0.558753	-0.382936	-0.237625	-0.139658	-0.0835775	-0.0586984	-0.041119	-0.0291838	-0.00892158	0.0338505	0.0886281	0.130313	0.156409	0.167664	0.160331	0.147875	0.135138	0.128137	0.120821	
-1.28305	-1.28699	-1.22526	-1.11048	-0.962001	-0.784967	-0.599994	-0.428832	-0.290656	-0.190917	-0.134447	-0.107213	-0.094392	-0.0793077	-0.0377886	0.02801	0.0997443	0.156409	0.19159	0.204048	0.192578	0.16649	0.134738	0.104953	0.0762082	
-1.26994	-1.27181	-1.2059	-1.08714	-0.938723	-0.770877	-0.601258	-0.441105	-0.316382	-0.227669	-0.175471	-0.145403	-0.127205	-0.100131	-0.0471028	0.0261171	0.106326	0.167664	0.204048	0.209145	0.180911	0.136929	0.0917359	0.042882	-0.00210797	
-1.19853	-1.19733	-1.13139	-1.01191	-0.868464	-0.711069	-0.55773	-0.423118	-0.320484	-0.245748	-0.193121	-0.160285	-0.139543	-0.109185	-0.0533185	0.020799	0.0969664	0.160331	0.192578	0.180911	0.134667	0.0685578	0.00467815	-0.0588879	-0.110824	
-1.07649	-1.08091	-1.01571	-0.894366	-0.748937	-0.605806	-0.477622	-0.373488	-0.295706	-0.234553	-0.187236	-0.154799	-0.131375	-0.0966778	-0.0416721	0.027404	0.0948767	0.147875	0.16649	0.136929	0.0685578	-0.0130797	-0.099856	-0.184035	-0.254717	
-0.919654	-0.922867	-0.857695	-0.738491	-0.599666	-0.470632	-0.372139	-0.297232	-0.240791	-0.197693	-0.162512	-0.132597	-0.105488	-0.0666195	-0.0139212	0.0484729	0.104919	0.135138	0.134738	0.0917359	0.00467815	-0.099856	-0.215038	-0.328661	-0.424799	
-0.740424	-0.737558	-0.674376	-0.564959	-0.439413	-0.333289	-0.258192	-0.210303	-0.171609	-0.143704	-0.121926	-0.106422	-0.0791631	-0.0339228	0.0220442	0.0760136	0.117353	0.128137	0.104953	0.042882	-0.0588879	-0.184035	-0.328661	-0.466448	-0.585922	
-0.566213	-0.562595	-0.501461	-0.396329	-0.284899	-0.199608	-0.148313	-0.120308	-0.0944212	-0.0779847	-0.0697154	-0.0660854	-0.0444881	-0.00210704	0.0533192	0.0994689	0.126387	0.120821	0.0762082	-0.00210797	-0.110824	-0.254717	-0.424799	-0.585922	-0.734242	
-0.42756	-0.429536	-0.367008	-0.267072	-0.160249	-0.0820074	-0.0399625	-0.020212	-0.00491275	0.00259989	-0.000968354	-0.0031599	0.012432	0.0422367	0.0777491	0.109849	0.124988	0.11108	0.0578914	-0.0283628	-0.152295	-0.320474	-0.510604	-0.694506	-0.866399	
-0.332061	-0.341851	-0.283301	-0.178946	-0.0637367	0.0250995	0.070568	0.0883206	0.085945	0.0838131	0.076237	0.0716447	0.0745989	0.0893575	0.10548	0.119273	0.119653	0.0995038	0.0391237	-0.0615191	-0.195802	-0.380923	-0.586028	-0.791157	-0.979255	
-0.27263	-0.289066	-0.231352	-0.118011	0.0103324	0.11436	0.173697	0.192942	0.180968	0.163601	0.148001	0.136401	0.125135	0.122844	0.125928	0.12456	0.106804	0.0729368	0.00206309	-0.109496	-0.250426	-0.440723	-0.655898	-0.872588	-1.06984	
-0.251522	-0.264316	-0.198691	-0.0818942	0.0521655	0.167835	0.245887	0.277958	0.269963	0.239936	0.212701	0.188889	0.168126	0.151778	0.140824	0.122507	0.0871859	0.0388138	-0.0339688	-0.142656	-0.294258	-0.489413	-0.718502	-0.948052	-1.15099	
-0.252086	-0.258457	-0.185456	-0.0636867	0.0737178	0.196429	0.289675	0.334807	0.332172	0.295648	0.262358	0.229881	0.194713	0.170058	0.154118	0.126509	0.0774376	0.0183358	-0.0571375	-0.164731	-0.31402	-0.511216	-0.753763	-0.999696	-1.20907	
-0.252594	-0.258148	-0.18379	-0.0613239	0.0787255	0.201272	0.297327	0.344566	0.342213	0.307197	0.273132	0.23649	0.198824	0.174098	0.158759	0.12906	0.075739	0.0160432	-0.059164	-0.167238	-0.317646	-0.514044	-0.758712	-1.00845	-1.21905	
-0.250798	-0.260068	-0.191157	-0.0725274	0.0621814	0.18175	0.266638	0.305262	0.299862	0.266048	0.234969	0.208359	0.181323	0.160195	0.1461	0.123188	0.0814895	0.027921	-0.0463394	-0.154294	-0.303744	-0.501103	-0.737118	-0.97366	-1.17882	
-0.260014	-0.277031	-0.215379	-0.100751	0.0308874	0.139408	0.206886	0.229737	0.218563	0.194942	0.174178	0.157849	0.143332	0.135506	0.132213	0.124521	0.0987997	0.058988	-0.0134138	-0.124101	-0.270911	-0.462973	-0.682095	-0.903137	-1.10337	
-0.303513	-0.317036	-0.260281	-0.151919	-0.0309944	0.0648514	0.114146	0.131428	0.123301	0.115865	0.106456	0.100006	0.0960044	0.103778	0.114675	0.122046	0.115476	0.0908454	0.0255706	-0.0807819	-0.216376	-0.404414	-0.614678	-0.825732	-1.01823	
-0.384759	-0.389103	-0.3283	-0.22772	-0.118995	-0.03822	0.00403624	0.0227271	0.031067	0.0354781	0.0294238	0.0269601	0.0384542	0.0621796	0.0887017	0.113144	0.123374	0.107847	0.0525329	-0.0393125	-0.168662	-0.345335	-0.54219	-0.734734	-0.91336	
-0.505795	-0.50373	-0.44142	-0.338194	-0.230415	-0.150656	-0.104775	-0.0819202	-0.0595908	-0.0472298	-0.0442069	-0.0436987	-0.0240991	0.0139228	0.0633476	0.104993	0.126951	0.116585	0.0673991	-0.0137372	-0.128913	-0.281504	-0.459662	-0.630598	-0.789169	
-0.668195	-0.664148	-0.602788	-0.495517	-0.376248	-0.278766	-0.213962	-0.175532	-0.141547	-0.118557	-0.102398	-0.0924319	-0.0682221	-0.0218654	0.0355088	0.0861701	0.122259	0.125906	0.0923555	0.0226472	-0.0810787	-0.213942	-0.36936	-0.51662	-0.64673	
-0.849546	-0.849968	-0.785455	-0.670291	-0.535637	-0.415317	-0.326639	-0.262658	-0.214773	-0.177303	-0.147914	-0.123225	-0.0947412	-0.0528833	0.000947795	0.0595654	0.109551	0.132014	0.123476	0.0735694	-0.0213761	-0.134398	-0.261603	-0.386031	-0.491147	
-1.0176	-1.02248	-0.957506	-0.835506	-0.691666	-0.55366	-0.43734	-0.34541	-0.275885	-0.222242	-0.180162	-0.146821	-0.122611	-0.0868688	-0.0325896	0.0349222	0.0979717	0.141972	0.152824	0.11738	0.0427346	-0.0471134	-0.144991	-0.24087	-0.321666	
-1.15426	-1.15563	-1.08967	-0.970534	-0.825573	-0.674068	-0.529615	-0.40842	-0.315287	-0.244432	-0.192835	-0.160683	-0.139069	-0.106035	-0.0509696	0.0214243	0.0940768	0.156489	0.184123	0.165527	0.108941	0.0360069	-0.0355412	-0.106193	-0.164211	
-1.24853	-1.24835	-1.18188	-1.06268	-0.916573	-0.751374	-0.588424	-0.436467	-0.320279	-0.238262	-0.186036	-0.153935	-0.134456	-0.106054	-0.0504239	0.0233245	0.103459	0.165881	0.201126	0.199694	0.166193	0.113547	0.060468	0.00578209	-0.0417983	
-1.28463	-1.28812	-1.22424	-1.10664	-0.957731	-0.785827	-0.606516	-0.437974	-0.304242	-0.20687	-0.152641	-0.124415	-0.109921	-0.0897279	-0.0425928	0.028167	0.104126	0.163439	0.200791	0.211463	0.192961	0.160262	0.123899	0.0853467	0.0485444	
-1.26793	-1.27047	-1.21207	-1.10237	-0.953985	-0.769703	-0.579526	-0.405695	-0.261777	-0.161766	-0.104912	-0.0801571	-0.0652208	-0.0530098	-0.0235674	0.0291097	0.0922662	0.142169	0.172068	0.184945	0.178355	0.16086	0.138688	0.122273	0.107511	
-1.20721	-1.21657	-1.16212	-1.05599	-0.903271	-0.713029	-0.51731	-0.341419	-0.195361	-0.101511	-0.0469956	-0.0188068	0.000459565	0.011496	0.0201967	0.0473443	0.0853264	0.108146	0.124984	0.133795	0.12454	0.118108	0.120922	0.126499	0.128935	
-1.10137	-1.12372	-1.07959	-0.973663	-0.814201	-0.620774	-0.42737	-0.258705	-0.123066	-0.0300483	0.0258509	0.0617505	0.085456	0.0937934	0.0816844	0.0725904	0.067744	0.055119	0.0571473	0.0591372	0.0518467	0.0563399	0.0728947	0.0938729	0.113024	
-0.93878	-0.970103	-0.940599	-0.844828	-0.688452	-0.499248	-0.318063	-0.168485	-0.048548	0.0429576	0.102454	0.145354	0.17436	0.177808	0.142526	0.0956736	0.0477576	0.00618329	-0.0133467	-0.020067	-0.0250534	-0.0153459	0.0105578	0.0449191	0.0743209	
-0.720283	-0.770083	-0.756406	-0.678373	-0.543128	-0.370303	-0.207447	-0.0750975	0.0295599	0.111236	0.172258	0.217583	0.2435	0.236352	0.194251	0.122679	0.0422122	-0.0235198	-0.0665748	-0.081884	-0.0903303	-0.0771851	-0.0472391	-0.0118687	0.019444	
-0.469959	-0.537473	-0.546446	-0.494532	-0.389992	-0.246468	-0.10873	0.00296141	0.0934183	0.164674	0.225267	0.267203	0.279861	0.261348	0.210417	0.127754	0.0385339	-0.0360633	-0.0902808	-0.118967	-0.129489	-0.119724	-0.09213	-0.063057	-0.0301795	
-0.214114	-0.291925	-0.323761	-0.306544	-0.236656	-0.135983	-0.0355813	0.0516869	0.122922	0.190286	0.245333	0.278376	0.283161	0.25405	0.190535	0.108038	0.021482	-0.05098	-0.100839	-0.136802	-0.151241	-0.145717	-0.121163	-0.0973493	-0.0607309	
0.0300695	-0.0599925	-0.107983	-0.126589	-0.104059	-0.0529265	0.00963925	0.074094	0.131281	0.187056	0.231215	0.257762	0.256225	0.215767	0.150988	0.0737013	-0.00547456	-0.071833	-0.121485	-0.161932	-0.177883	-0.172193	-0.150499	-0.116551	-0.0684112	
