1.21681e-08	1.39231e-09	1.42516e-10	1.31145e-11	1.0899e-12	8.21517e-14	5.6382e-15	3.53617e-16	2.03351e-17	1.07553e-18	5.24696e-20	2.36728e-21	9.90178e-23	3.84851e-24	1.39285e-25	4.70338e-27	1.48458e-28	4.38767e-30	1.21616e-31	3.16615e-33	7.75279e-35	1.78789e-36	3.8879e-38	7.98141e-40	1.54847e-41	
1.39231e-09	1.50526e-10	1.46002e-11	1.27642e-12	1.01015e-13	7.26568e-15	4.76733e-16	2.86337e-17	1.5793e-18	8.02259e-20	3.76371e-21	1.63483e-22	6.59026e-24	2.47093e-25	8.63434e-27	2.81731e-28	8.59899e-30	2.45915e-31	6.5996e-33	1.66447e-34	3.95043e-36	8.83437e-38	1.86374e-39	3.71329e-41	6.99436e-43	
1.42516e-10	1.46002e-11	1.34535e-12	1.11993e-13	8.45672e-15	5.81463e-16	3.65329e-17	2.10432e-18	1.11461e-19	5.44436e-21	2.45878e-22	1.0292e-23	4.00191e-25	1.44858e-26	4.89074e-28	1.54299e-29	4.55668e-31	1.26161e-32	3.27979e-34	8.01707e-36	1.84503e-37	4.00261e-39	8.19473e-41	1.58506e-42	2.89947e-44	
1.31145e-11	1.27642e-12	1.11993e-13	8.89512e-15	6.42054e-16	4.22694e-17	2.54673e-18	1.40865e-19	7.17389e-21	3.37299e-22	1.46784e-23	5.92602e-25	2.22442e-26	7.77903e-28	2.53928e-29	7.75077e-31	2.21587e-32	5.9427e-34	1.49724e-35	3.54857e-37	7.92182e-39	1.66772e-40	3.3146e-42	6.22592e-44	1.10629e-45	
1.0899e-12	1.01015e-13	8.45672e-15	6.42054e-16	4.43728e-17	2.80124e-18	1.62062e-19	8.61824e-21	4.22459e-22	1.91387e-23	8.03261e-25	3.13043e-26	1.13519e-27	3.83801e-29	1.21203e-30	3.58129e-32	9.91696e-34	2.57741e-35	6.29597e-37	1.4474e-38	3.13545e-40	6.40759e-42	1.23664e-43	2.25628e-45	3.89538e-47	
8.21517e-14	7.26568e-15	5.81463e-16	4.22694e-17	2.80124e-18	1.69805e-19	9.44471e-21	4.83423e-22	2.2832e-23	9.97555e-25	4.04135e-26	1.52148e-27	5.33386e-29	1.74455e-30	5.33295e-32	1.52621e-33	4.09544e-35	1.03196e-36	2.44506e-38	5.45429e-40	1.14691e-41	2.27589e-43	4.26638e-45	7.56284e-47	1.2689e-48	
5.6382e-15	4.76733e-16	3.65329e-17	2.54673e-18	1.62062e-19	9.44471e-21	5.05617e-22	2.49347e-23	1.13573e-24	4.78963e-26	1.87444e-27	6.82196e-29	2.31354e-30	7.32454e-32	2.16856e-33	6.01384e-35	1.56452e-36	3.82364e-38	8.79047e-40	1.9034e-41	3.88628e-43	7.49033e-45	1.36419e-46	2.35003e-48	3.83252e-50	
3.53617e-16	2.86337e-17	2.10432e-18	1.40865e-19	8.61824e-21	4.83423e-22	2.49347e-23	1.18587e-24	5.21361e-26	2.12391e-27	8.03519e-29	2.82889e-30	9.28612e-32	2.84731e-33	8.16863e-35	2.19615e-36	5.54135e-38	1.31404e-39	2.93224e-41	6.16481e-43	1.22253e-44	2.28918e-46	4.05151e-48	6.7838e-50	1.07555e-51	
2.03351e-17	1.5793e-18	1.11461e-19	7.17389e-21	4.22459e-22	2.2832e-23	1.13573e-24	5.21361e-26	2.21416e-27	8.71952e-29	3.19102e-30	1.08741e-31	3.45701e-33	1.02711e-34	2.85664e-36	7.44875e-38	1.82358e-39	4.19726e-41	9.09395e-43	1.85694e-44	3.57753e-46	6.50965e-48	1.11981e-49	1.82278e-51	2.80996e-53	
1.07553e-18	8.02259e-20	5.44436e-21	3.37299e-22	1.91387e-23	9.97555e-25	4.78963e-26	2.12391e-27	8.71952e-29	3.32163e-30	1.1766e-31	3.88309e-33	1.19618e-34	3.44534e-36	9.29349e-38	2.3512e-39	5.58692e-41	1.24853e-42	2.62727e-44	5.21182e-46	9.75709e-48	1.72559e-49	2.88569e-51	4.56714e-53	6.84666e-55	
5.24696e-20	3.76371e-21	2.45878e-22	1.46784e-23	8.03261e-25	4.04135e-26	1.87444e-27	8.03519e-29	3.19102e-30	1.1766e-31	4.03636e-33	1.29077e-34	3.85462e-36	1.07677e-37	2.81803e-39	6.91979e-41	1.59646e-42	3.46496e-44	7.08332e-46	1.3654e-47	2.48443e-49	4.27135e-51	6.94505e-53	1.06889e-54	1.55842e-56	
2.36728e-21	1.63483e-22	1.0292e-23	5.92602e-25	3.13043e-26	1.52148e-27	6.82196e-29	2.82889e-30	1.08741e-31	3.88309e-33	1.29077e-34	4.00147e-36	1.15893e-37	3.14102e-39	7.97864e-41	1.90219e-42	4.26214e-44	8.98663e-46	1.78513e-47	3.34446e-49	5.91574e-51	9.8887e-53	1.56353e-54	2.34032e-56	3.31884e-58	
9.90178e-23	6.59026e-24	4.00191e-25	2.22442e-26	1.13519e-27	5.33386e-29	2.31354e-30	9.28612e-32	3.45701e-33	1.19618e-34	3.85462e-36	1.15893e-37	3.25662e-39	8.5667e-41	2.11275e-42	4.89191e-44	1.06483e-45	2.18162e-47	4.21192e-49	7.67094e-51	1.31923e-52	2.14438e-54	3.29745e-56	4.80066e-58	6.62223e-60	
3.84851e-24	2.47093e-25	1.44858e-26	7.77903e-28	3.83801e-29	1.74455e-30	7.32454e-32	2.84731e-33	1.02711e-34	3.44534e-36	1.07677e-37	3.14102e-39	8.5667e-41	2.18794e-42	5.24051e-44	1.17877e-45	2.49321e-47	4.9646e-49	9.31742e-51	1.64986e-52	2.75911e-54	4.36171e-56	6.52353e-58	9.23835e-60	1.23969e-61	
1.39285e-25	8.63434e-27	4.89074e-28	2.53928e-29	1.21203e-30	5.33295e-32	2.16856e-33	8.16863e-35	2.85664e-36	9.29349e-38	2.81803e-39	7.97864e-41	2.11275e-42	5.24051e-44	1.21937e-45	2.66514e-47	5.47864e-49	1.06049e-50	1.93509e-52	3.33197e-54	5.41906e-56	8.33221e-58	1.21219e-59	1.66992e-61	2.17997e-63	
4.70338e-27	2.81731e-28	1.54299e-29	7.75077e-31	3.58129e-32	1.52621e-33	6.01384e-35	2.19615e-36	7.44875e-38	2.3512e-39	6.91979e-41	1.90219e-42	4.89191e-44	1.17877e-45	2.66514e-47	5.66143e-49	1.13132e-50	2.12913e-52	3.77783e-54	6.3262e-56	1.00072e-57	1.49669e-59	2.11814e-61	2.83864e-63	3.60502e-65	
1.48458e-28	8.59899e-30	4.55668e-31	2.21587e-32	9.91696e-34	4.09544e-35	1.56452e-36	5.54135e-38	1.82358e-39	5.58692e-41	1.59646e-42	4.26214e-44	1.06483e-45	2.49321e-47	5.47864e-49	1.13132e-50	2.198e-52	4.02243e-54	6.94109e-56	1.13051e-57	1.7395e-59	2.53077e-61	3.48422e-63	4.54258e-65	5.61232e-67	
4.38767e-30	2.45915e-31	1.26161e-32	5.9427e-34	2.57741e-35	1.03196e-36	3.82364e-38	1.31404e-39	4.19726e-41	1.24853e-42	3.46496e-44	8.98663e-46	2.18162e-47	4.9646e-49	1.06049e-50	2.12913e-52	4.02243e-54	7.15894e-56	1.20152e-57	1.90352e-59	2.84917e-61	4.0325e-63	5.40089e-65	6.85022e-67	8.23345e-69	
1.21616e-31	6.5996e-33	3.27979e-34	1.49724e-35	6.29597e-37	2.44506e-38	8.79047e-40	2.93224e-41	9.09395e-43	2.62727e-44	7.08332e-46	1.78513e-47	4.21192e-49	9.31742e-51	1.93509e-52	3.77783e-54	6.94109e-56	1.20152e-57	1.96153e-59	3.02294e-61	4.40166e-63	6.06054e-65	7.89665e-67	9.74356e-69	1.13924e-70	
3.16615e-33	1.66447e-34	8.01707e-36	3.54857e-37	1.4474e-38	5.45429e-40	1.9034e-41	6.16481e-43	1.85694e-44	5.21182e-46	1.3654e-47	3.34446e-49	7.67094e-51	1.64986e-52	3.33197e-54	6.3262e-56	1.13051e-57	1.90352e-59	3.02294e-61	4.53201e-63	6.4197e-65	8.59904e-67	1.08997e-68	1.30831e-70	1.48803e-72	
7.75279e-35	3.95043e-36	1.84503e-37	7.92182e-39	3.13545e-40	1.14691e-41	3.88628e-43	1.22253e-44	3.57753e-46	9.75709e-48	2.48443e-49	5.91574e-51	1.31923e-52	2.75911e-54	5.41906e-56	1.00072e-57	1.7395e-59	2.84917e-61	4.40166e-63	6.4197e-65	8.84666e-67	1.15278e-68	1.42146e-70	1.6597e-72	1.8361e-74	
1.78789e-36	8.83437e-38	4.00261e-39	1.66772e-40	6.40759e-42	2.27589e-43	7.49033e-45	2.28918e-46	6.50965e-48	1.72559e-49	4.27135e-51	9.8887e-53	2.14438e-54	4.36171e-56	8.33221e-58	1.49669e-59	2.53077e-61	4.0325e-63	6.06054e-65	8.59904e-67	1.15278e-68	1.46129e-70	1.75276e-72	1.9906e-74	2.14182e-76	
3.8879e-38	1.86374e-39	8.19473e-41	3.3146e-42	1.23664e-43	4.26638e-45	1.36419e-46	4.05151e-48	1.11981e-49	2.88569e-51	6.94505e-53	1.56353e-54	3.29745e-56	6.52353e-58	1.21219e-59	2.11814e-61	3.48422e-63	5.40089e-65	7.89665e-67	1.08997e-68	1.42146e-70	1.75276e-72	2.04492e-74	2.25875e-76	2.36347e-78	
7.98141e-40	3.71329e-41	1.58506e-42	6.22592e-44	2.25628e-45	7.56284e-47	2.35003e-48	6.7838e-50	1.82278e-51	4.56714e-53	1.06889e-54	2.34032e-56	4.80066e-58	9.23835e-60	1.66992e-61	2.83864e-63	4.54258e-65	6.85022e-67	9.74356e-69	1.30831e-70	1.6597e-72	1.9906e-74	2.25875e-76	2.4263e-78	2.46862e-80	
1.54847e-41	6.99436e-43	2.89947e-44	1.10629e-45	3.89538e-47	1.2689e-48	3.83252e-50	1.07555e-51	2.80996e-53	6.84666e-55	1.55842e-56	3.31884e-58	6.62223e-60	1.23969e-61	2.17997e-63	3.60502e-65	5.61232e-67	8.23345e-69	1.13924e-70	1.48803e-72	1.8361e-74	2.14182e-76	2.36347e-78	2.46862e-80	2.44191e-82	
2.842e-43	1.24675e-44	5.02069e-46	1.86133e-47	6.36951e-49	2.01681e-50	5.92211e-52	1.616e-53	4.10571e-55	9.72949e-57	2.15407e-58	4.46229e-60	8.66158e-62	1.57741e-63	2.69852e-65	4.34138e-67	6.5751e-69	9.38349e-71	1.26299e-72	1.60459e-74	1.92566e-76	2.18449e-78	2.34394e-80	2.38022e-82	2.2887e-84	
4.9392e-45	2.10499e-46	8.23697e-48	2.96788e-49	9.87243e-51	3.03914e-52	8.67745e-54	2.30271e-55	5.69009e-57	1.31157e-58	2.82464e-60	5.69229e-62	1.0749e-63	1.90442e-65	3.16951e-67	4.96062e-69	7.30862e-71	1.01461e-72	1.32833e-74	1.64135e-76	1.9156e-78	2.11302e-80	2.20428e-82	2.17587e-84	2.03337e-86	
8.13554e-47	3.36928e-48	1.28142e-49	4.48834e-51	1.45159e-52	4.34524e-54	1.20656e-55	3.11414e-57	7.48508e-59	1.67833e-60	3.51625e-62	6.89364e-64	1.26643e-65	2.18287e-67	3.53429e-69	5.38113e-71	7.71217e-73	1.04139e-74	1.32603e-76	1.59344e-78	1.80829e-80	1.93926e-82	1.9665e-84	1.88657e-86	1.7131e-88	
1.27109e-48	5.11672e-50	1.89183e-51	6.44276e-53	2.02623e-54	5.89881e-56	1.59313e-57	3.9997e-59	9.35191e-61	2.03994e-62	4.15788e-64	7.93045e-66	1.41738e-67	2.37674e-69	3.74357e-71	5.54451e-73	7.72933e-75	1.01511e-76	1.25702e-78	1.46878e-80	1.62053e-82	1.68935e-84	1.66491e-86	1.55202e-88	1.36909e-90	
1.88947e-50	7.39342e-52	2.65761e-53	8.80033e-55	2.69144e-56	7.62033e-58	2.00176e-59	4.88845e-61	1.11186e-62	2.35933e-64	4.67812e-66	8.68014e-68	1.50917e-69	2.46173e-71	3.77163e-73	5.43326e-75	7.36639e-77	9.40798e-79	1.13276e-80	1.28678e-82	1.38002e-84	1.39813e-86	1.33885e-88	1.21241e-90	1.0387e-92	
3.33136e-51	1.25132e-52	4.31784e-54	1.37278e-55	4.03219e-57	1.09685e-58	2.76943e-60	6.50362e-62	1.42315e-63	2.90686e-65	5.55075e-67	9.92344e-69	1.66314e-70	2.61624e-72	3.86718e-74	5.37677e-76	7.03826e-78	8.68155e-80	1.00985e-81	1.10853e-83	1.14908e-85	1.12542e-87	1.04199e-89	9.12416e-92	7.55922e-94	
2.11667e-49	8.17405e-51	2.89934e-52	9.47409e-54	2.85977e-55	7.99381e-57	2.07389e-58	5.00405e-60	1.12508e-61	2.36113e-63	4.63259e-65	8.51e-67	1.46561e-68	2.36934e-70	3.59953e-72	5.14432e-74	6.92288e-76	8.78015e-78	1.05031e-79	1.18592e-81	1.26472e-83	1.27467e-85	1.21478e-87	1.0952e-89	9.34496e-92	
1.3877e-47	5.51703e-49	2.01428e-50	6.77398e-52	2.10409e-53	6.05146e-55	1.61518e-56	4.00911e-58	9.27193e-60	2.00146e-61	4.03903e-63	7.63135e-65	1.35179e-66	2.24775e-68	3.51248e-70	5.16378e-72	7.14877e-74	9.32809e-76	1.14817e-77	1.33412e-79	1.46439e-81	1.51935e-83	1.49086e-85	1.38424e-87	1.21667e-89	
8.6329e-46	3.53423e-47	1.32848e-48	4.59884e-50	1.47017e-51	4.35113e-53	1.19494e-54	3.05148e-56	7.2599e-58	1.61204e-59	3.34618e-61	6.50284e-63	1.18477e-64	2.02626e-66	3.25682e-68	4.92488e-70	7.01347e-72	9.41459e-74	1.19224e-75	1.42544e-77	1.61015e-79	1.71945e-81	1.73686e-83	1.66043e-85	1.503e-87	
5.09185e-44	2.14713e-45	8.31133e-47	2.96229e-48	9.74836e-50	2.96947e-51	8.39209e-53	2.20509e-54	5.39748e-56	1.23293e-57	2.63261e-59	5.26247e-61	9.86176e-63	1.73477e-64	2.8679e-66	4.46069e-68	6.53416e-70	9.02263e-72	1.17545e-73	1.4459e-75	1.68056e-77	1.84685e-79	1.92013e-81	1.88967e-83	1.76118e-85	
2.84499e-42	1.23605e-43	4.92852e-45	1.80902e-46	6.12954e-48	1.92208e-49	5.59096e-51	1.51182e-52	3.80772e-54	8.94879e-56	1.96572e-57	4.04204e-59	7.79145e-61	1.40975e-62	2.39714e-64	3.83494e-66	5.77808e-68	8.20691e-70	1.09983e-71	1.39178e-73	1.66432e-75	1.88197e-77	2.01358e-79	2.03961e-81	1.95688e-83	
1.50443e-40	6.73665e-42	2.76772e-43	1.0465e-44	3.6518e-46	1.17908e-47	3.53075e-49	9.82682e-51	2.54708e-52	6.15954e-54	1.39207e-55	2.9448e-57	5.83921e-59	1.08676e-60	1.90075e-62	3.12767e-64	4.84704e-66	7.08126e-68	9.76137e-70	1.27067e-71	1.56318e-73	1.8186e-75	2.00213e-77	2.08702e-79	2.06094e-81	
7.52186e-39	3.47271e-40	1.47057e-41	5.72956e-43	2.05966e-44	6.84909e-46	2.11184e-47	6.05097e-49	1.61434e-50	4.01765e-52	9.34323e-54	2.03354e-55	4.1483e-57	7.94206e-59	1.42884e-60	2.41836e-62	3.85487e-64	5.79263e-66	8.21325e-68	1.09975e-69	1.3917e-71	1.66565e-73	1.88665e-75	2.0236e-77	2.05647e-79	
3.55211e-37	1.6915e-38	7.38565e-40	2.9661e-41	1.09874e-42	3.76403e-44	1.19534e-45	3.52672e-47	9.68652e-49	2.48138e-50	5.93875e-52	1.33005e-53	2.79157e-55	5.49838e-57	1.01759e-58	1.77162e-60	2.90471e-62	4.48955e-64	6.5475e-66	9.01766e-68	1.17382e-69	1.44517e-71	1.68398e-73	1.85833e-75	1.94321e-77	
1.58261e-35	7.77655e-37	3.50246e-38	1.45041e-39	5.53838e-41	1.9552e-42	6.3968e-44	1.94386e-45	5.49773e-47	1.44991e-48	3.57188e-50	8.23286e-52	1.77809e-53	3.60336e-55	6.86073e-57	1.22874e-58	2.0723e-60	3.29456e-62	4.94203e-64	7.00096e-66	9.37362e-68	1.18708e-69	1.42291e-71	1.61537e-73	1.73788e-75	
6.64459e-34	3.37066e-35	1.5666e-36	6.69222e-38	2.63513e-39	9.58974e-41	3.23328e-42	1.01225e-43	2.94874e-45	8.00802e-47	2.03105e-48	4.81872e-50	1.07108e-51	2.23357e-53	4.37555e-55	8.06208e-57	1.39873e-58	2.2874e-60	3.52935e-62	5.14261e-64	7.08218e-66	9.22531e-68	1.13745e-69	1.32833e-71	1.47016e-73	
2.62555e-32	1.37569e-33	6.6013e-35	2.91021e-36	1.18214e-37	4.4364e-39	1.54197e-40	4.97503e-42	1.49313e-43	4.17661e-45	1.09082e-46	2.66447e-48	6.09624e-50	1.30836e-51	2.63748e-53	5.00007e-55	8.92461e-57	1.50138e-58	2.38292e-60	3.57144e-62	5.05898e-64	6.77814e-66	8.59614e-68	1.0326e-69	1.17563e-71	
9.75083e-31	5.28007e-32	2.61719e-33	1.19129e-34	4.99423e-36	1.93357e-37	6.93069e-39	2.30524e-40	7.1302e-42	2.05488e-43	5.52792e-45	1.39046e-46	3.27535e-48	7.23585e-50	1.50121e-51	2.92858e-53	5.37829e-55	9.30838e-57	1.51979e-58	2.34306e-60	3.41389e-62	4.70472e-64	6.13705e-66	7.5828e-68	8.88016e-70	
3.39861e-29	1.90309e-30	9.7496e-32	4.58443e-33	1.98448e-34	7.92975e-36	2.93238e-37	1.00587e-38	3.20743e-40	9.52652e-42	2.64042e-43	6.841e-45	1.65945e-46	3.77438e-48	8.06053e-50	1.61835e-51	3.05836e-53	5.44619e-55	9.14815e-57	1.45086e-58	2.17448e-60	3.08237e-62	4.13566e-64	5.25591e-66	6.33108e-68	
1.11001e-27	6.43182e-29	3.40767e-30	1.65621e-31	7.40651e-33	3.05602e-34	1.16642e-35	4.12791e-37	1.35749e-38	4.15672e-40	1.18737e-41	3.16959e-43	7.91951e-45	1.85493e-46	4.07848e-48	8.42898e-50	1.6394e-51	3.00413e-53	5.19198e-55	8.47136e-57	1.3061e-58	1.90444e-60	2.62829e-62	3.43566e-64	4.25668e-66	
3.39154e-26	2.035e-27	1.11577e-28	5.60864e-30	2.59262e-31	1.10519e-32	4.35591e-34	1.59112e-35	5.39854e-37	1.70486e-38	5.02074e-40	1.38129e-41	3.55592e-43	8.57897e-45	1.94247e-46	4.13318e-48	8.27489e-50	1.56059e-51	2.77545e-53	4.65936e-55	7.39054e-57	1.10856e-58	1.57372e-60	2.11595e-62	2.69649e-64	
9.6769e-25	6.01734e-26	3.41676e-27	1.77753e-28	8.49863e-30	3.74498e-31	1.52497e-32	5.75232e-34	2.01452e-35	6.56381e-37	1.9936e-38	5.65459e-40	1.50028e-41	3.72933e-43	8.69771e-45	1.90583e-46	3.92839e-48	7.62623e-50	1.39587e-51	2.41138e-53	3.93539e-55	6.07291e-57	8.86855e-59	1.22657e-60	1.60778e-62	
2.57344e-23	1.6598e-24	9.76809e-26	5.26313e-27	2.60447e-28	1.18711e-29	4.99713e-31	1.94753e-32	7.04333e-34	2.36878e-35	7.42309e-37	2.17147e-38	5.93984e-40	1.52173e-41	3.65667e-43	8.25315e-45	1.75186e-46	3.50143e-48	6.597e-50	1.17289e-51	1.96972e-53	3.1274e-55	4.69854e-57	6.68479e-59	9.0132e-61	
6.36556e-22	4.26245e-23	2.60214e-24	1.45326e-25	7.44864e-27	3.51407e-28	1.53012e-29	6.1648e-31	2.30358e-32	8.00058e-34	2.58791e-35	7.81084e-37	2.20356e-38	5.8202e-40	1.44142e-41	3.35195e-43	7.32876e-45	1.50842e-46	2.926e-48	5.35487e-50	9.25515e-52	1.51211e-53	2.33738e-55	3.42117e-57	4.74513e-59	
1.46131e-20	1.01693e-21	6.44595e-23	3.73467e-24	1.98422e-25	9.69624e-27	4.37015e-28	1.82131e-29	7.03568e-31	2.52476e-32	8.43377e-34	2.62748e-35	7.64801e-37	2.08338e-38	5.31948e-40	1.27491e-41	2.87198e-43	6.08871e-45	1.21624e-46	2.29161e-48	4.07694e-50	6.85519e-52	1.09039e-53	1.64207e-55	2.34304e-57	
