0.126413	0.208477	0.275661	0.325162	0.352824	0.357233	0.339238	0.297662	0.2375	0.160769	0.0695897	-0.0339635	-0.129828	-0.19343	-0.214496	-0.214658	-0.216248	-0.207776	-0.172101	-0.09521	0.0192263	0.139295	0.248872	0.331632	0.380742	
-0.0437401	0.0336758	0.0934794	0.137627	0.164759	0.169821	0.150323	0.113155	0.0595352	-0.0106645	-0.0991788	-0.193798	-0.266172	-0.29508	-0.282028	-0.245136	-0.217934	-0.196783	-0.17202	-0.115572	-0.0232481	0.0864204	0.192996	0.283262	0.343798	
-0.221286	-0.155131	-0.112158	-0.0871497	-0.0711869	-0.0657808	-0.0809528	-0.100506	-0.134871	-0.192079	-0.272536	-0.35603	-0.403787	-0.40021	-0.356403	-0.288694	-0.234342	-0.206211	-0.186758	-0.144778	-0.0679489	0.0335316	0.140251	0.232155	0.306204	
-0.38168	-0.328892	-0.307962	-0.301886	-0.301907	-0.301959	-0.301898	-0.303915	-0.317714	-0.356178	-0.426619	-0.491927	-0.51561	-0.491996	-0.423237	-0.338961	-0.274012	-0.242754	-0.228913	-0.188882	-0.115568	-0.0185171	0.0917722	0.190782	0.275575	
-0.503195	-0.466366	-0.454323	-0.461477	-0.472968	-0.475149	-0.466505	-0.456025	-0.458192	-0.48566	-0.536666	-0.58642	-0.598239	-0.565112	-0.492288	-0.405607	-0.337829	-0.311787	-0.293226	-0.247122	-0.171521	-0.0707247	0.0451135	0.157736	0.257679	
-0.565794	-0.538845	-0.529619	-0.534527	-0.5492	-0.55226	-0.5405	-0.529449	-0.533249	-0.552442	-0.591048	-0.630989	-0.64512	-0.620156	-0.558997	-0.483167	-0.427274	-0.403569	-0.385221	-0.337711	-0.25786	-0.150149	-0.0234794	0.110479	0.230076	
-0.546475	-0.520774	-0.508951	-0.50954	-0.520346	-0.523541	-0.513641	-0.507673	-0.51452	-0.534526	-0.570573	-0.615983	-0.645103	-0.639657	-0.602339	-0.554008	-0.518511	-0.505212	-0.493989	-0.45736	-0.381164	-0.267851	-0.127285	0.0236086	0.162981	
-0.44511	-0.406422	-0.386671	-0.381782	-0.385842	-0.388362	-0.382477	-0.383664	-0.396283	-0.427246	-0.47949	-0.543312	-0.590712	-0.609025	-0.602576	-0.59151	-0.593066	-0.60457	-0.611846	-0.597753	-0.535686	-0.418903	-0.266893	-0.103303	0.0522688	
-0.278577	-0.212856	-0.17838	-0.166046	-0.162847	-0.161875	-0.164472	-0.171282	-0.195839	-0.248394	-0.329165	-0.418356	-0.490054	-0.536229	-0.570216	-0.603211	-0.651519	-0.701968	-0.738424	-0.746562	-0.7034	-0.592936	-0.432889	-0.258473	-0.0912032	
-0.0719932	0.0227615	0.0819592	0.109794	0.125152	0.127999	0.117404	0.0950843	0.0513323	-0.0306318	-0.140151	-0.256723	-0.358785	-0.44796	-0.528016	-0.607919	-0.697549	-0.787449	-0.852133	-0.878278	-0.851174	-0.761341	-0.610765	-0.436498	-0.262484	
0.138253	0.259287	0.348453	0.406253	0.439192	0.443871	0.422615	0.374619	0.298895	0.189837	0.057443	-0.0794095	-0.212035	-0.347303	-0.472475	-0.593852	-0.720843	-0.847189	-0.943781	-0.99323	-0.983996	-0.91481	-0.782262	-0.616328	-0.436927	
0.332523	0.463195	0.576468	0.655951	0.704261	0.712954	0.679363	0.611946	0.512637	0.385752	0.248546	0.0989797	-0.0604088	-0.23195	-0.401479	-0.564953	-0.728144	-0.885827	-1.00828	-1.07952	-1.09177	-1.04208	-0.93053	-0.783923	-0.615995	
0.48527	0.617105	0.734221	0.826429	0.881306	0.890594	0.853522	0.774794	0.666622	0.538941	0.401341	0.251373	0.0847803	-0.101509	-0.296383	-0.496961	-0.697251	-0.883205	-1.02857	-1.12514	-1.16493	-1.14343	-1.0556	-0.930695	-0.783416	
0.590173	0.712803	0.823198	0.911874	0.967756	0.977244	0.939632	0.861393	0.759138	0.640205	0.510684	0.370124	0.219709	0.0451952	-0.154918	-0.377855	-0.609227	-0.820888	-0.992028	-1.11625	-1.18726	-1.20428	-1.15158	-1.0518	-0.926777	
0.661112	0.76129	0.850386	0.923184	0.970971	0.980336	0.946189	0.881633	0.7987	0.702043	0.594995	0.475475	0.349787	0.199797	0.00313005	-0.227601	-0.474937	-0.708836	-0.905691	-1.05489	-1.15125	-1.19886	-1.18657	-1.11756	-1.01395	
0.683934	0.75375	0.819194	0.878798	0.915432	0.922193	0.896471	0.844565	0.780351	0.71263	0.637632	0.551947	0.455011	0.329656	0.150748	-0.0724176	-0.320253	-0.563022	-0.782503	-0.954073	-1.0664	-1.13627	-1.15606	-1.11894	-1.0391	
0.661375	0.699631	0.749386	0.797702	0.824789	0.828321	0.811375	0.770459	0.718657	0.675586	0.637817	0.58826	0.522381	0.423592	0.273568	0.0765916	-0.15357	-0.388153	-0.612537	-0.799835	-0.930841	-1.02285	-1.0704	-1.06156	-1.00374	
0.605447	0.61573	0.648897	0.683454	0.700923	0.703546	0.69244	0.664202	0.627222	0.606382	0.603784	0.590545	0.55765	0.493705	0.379316	0.216575	0.0199748	-0.192238	-0.401565	-0.58953	-0.741289	-0.858259	-0.9333	-0.949443	-0.913849	
0.526962	0.511678	0.516451	0.535131	0.544522	0.545044	0.540702	0.524378	0.510145	0.518586	0.54124	0.562457	0.568838	0.545677	0.475496	0.34968	0.188587	0.0101912	-0.175816	-0.353038	-0.512951	-0.652023	-0.751611	-0.792733	-0.783947	
0.436579	0.394769	0.372737	0.367288	0.37047	0.370953	0.36886	0.368697	0.38331	0.418026	0.463319	0.505735	0.5476	0.568365	0.543984	0.462348	0.343173	0.201404	0.0497875	-0.106922	-0.263912	-0.415632	-0.541324	-0.615386	-0.640302	
0.328993	0.275614	0.234447	0.21528	0.210939	0.209647	0.212516	0.224183	0.256508	0.306983	0.363685	0.423961	0.492087	0.551092	0.574683	0.542353	0.470182	0.365508	0.248794	0.121878	-0.0239773	-0.180646	-0.326957	-0.436027	-0.501476	
0.231234	0.172824	0.125252	0.0934662	0.0757204	0.0721472	0.0847394	0.110579	0.152321	0.207186	0.269808	0.342661	0.423978	0.500019	0.554552	0.570322	0.544878	0.484138	0.405359	0.310753	0.185857	0.0323532	-0.122676	-0.255122	-0.361816	
0.152943	0.0967554	0.0503785	0.00968796	-0.0168072	-0.0226004	-0.00260319	0.0328818	0.0777146	0.128609	0.192131	0.267146	0.350758	0.42805	0.495387	0.547172	0.567627	0.550449	0.510457	0.444876	0.344898	0.210529	0.0677803	-0.0722833	-0.211948	
0.101769	0.0522111	0.00475083	-0.0353456	-0.0604697	-0.0650026	-0.0472417	-0.012435	0.0327379	0.0810845	0.135127	0.197989	0.270461	0.344953	0.419353	0.495856	0.553819	0.578128	0.574967	0.539739	0.466081	0.359433	0.2397	0.100075	-0.0641582	
0.078218	0.0321541	-0.017607	-0.0555929	-0.0738585	-0.0764816	-0.0646974	-0.0352103	0.0122934	0.060675	0.10092	0.139632	0.19374	0.265412	0.349607	0.444748	0.524904	0.583618	0.616083	0.614471	0.575169	0.493726	0.391201	0.256779	0.0789726	
0.0556837	0.015313	-0.0342441	-0.0757334	-0.0958245	-0.0989662	-0.0865917	-0.053302	-0.00414997	0.0414149	0.0712799	0.0898313	0.128703	0.19733	0.287811	0.394952	0.492397	0.575317	0.642598	0.679597	0.676998	0.622779	0.531971	0.399373	0.219576	
0.015313	-0.0154897	-0.0612273	-0.109092	-0.143739	-0.150767	-0.125512	-0.0809564	-0.0322023	0.00478875	0.0266645	0.0417538	0.0748783	0.138877	0.231602	0.346654	0.466253	0.575822	0.669086	0.736464	0.765311	0.738322	0.661861	0.531254	0.34592	
-0.0342441	-0.0612273	-0.102112	-0.156981	-0.204969	-0.214522	-0.178902	-0.123037	-0.0754216	-0.0438547	-0.0237746	-0.00579507	0.0286048	0.0913757	0.186317	0.315053	0.459158	0.599644	0.712965	0.794652	0.844289	0.841615	0.777567	0.648917	0.446263	
-0.0757334	-0.109092	-0.156981	-0.213948	-0.260611	-0.270828	-0.23523	-0.179061	-0.126917	-0.0877433	-0.0621058	-0.045216	-0.0124421	0.0550948	0.162569	0.302764	0.469013	0.627853	0.756344	0.84979	0.910525	0.924721	0.870444	0.734593	0.514971	
-0.0958245	-0.143739	-0.204969	-0.260611	-0.300064	-0.307972	-0.279188	-0.228317	-0.167943	-0.11202	-0.0798317	-0.0671493	-0.0403492	0.0325613	0.153678	0.303525	0.475376	0.64213	0.779072	0.883066	0.954135	0.978203	0.925763	0.786468	0.554703	
-0.0989662	-0.150767	-0.214522	-0.270828	-0.307972	-0.315331	-0.288757	-0.238683	-0.176121	-0.116509	-0.0820817	-0.070773	-0.045873	0.0281164	0.151737	0.303621	0.475698	0.64371	0.782023	0.888265	0.962885	0.987781	0.935062	0.7958	0.560948	
-0.0865917	-0.125512	-0.178902	-0.23523	-0.279188	-0.288757	-0.255463	-0.20112	-0.146047	-0.0997962	-0.0714942	-0.0559529	-0.0253122	0.0442754	0.157516	0.302717	0.47286	0.635464	0.768048	0.866227	0.931359	0.951118	0.898038	0.759537	0.534423	
-0.053302	-0.0809564	-0.123037	-0.179061	-0.228317	-0.238683	-0.20112	-0.144701	-0.0956301	-0.0633083	-0.0419726	-0.0230541	0.011209	0.0752355	0.174888	0.307703	0.463087	0.612148	0.731937	0.818254	0.872528	0.877037	0.818205	0.686936	0.477219	
-0.00414997	-0.0322023	-0.0754216	-0.126917	-0.167943	-0.176121	-0.146047	-0.0956301	-0.0480467	-0.0134483	0.00647297	0.0224731	0.0561241	0.118937	0.211054	0.331806	0.459859	0.582984	0.685356	0.759662	0.798268	0.781703	0.710495	0.581955	0.39005	
0.0414149	0.00478875	-0.0438547	-0.0877433	-0.11202	-0.116509	-0.0997962	-0.0633083	-0.0134483	0.0286452	0.0549753	0.0700324	0.105453	0.172538	0.264847	0.374024	0.480472	0.572234	0.651297	0.702529	0.713185	0.669809	0.585217	0.452547	0.27231	
0.0712799	0.0266645	-0.0237746	-0.0621058	-0.0798317	-0.0820817	-0.0714942	-0.0419726	0.00647297	0.0549753	0.0900704	0.119357	0.166508	0.236711	0.324218	0.425514	0.511885	0.581457	0.628028	0.642124	0.618074	0.547387	0.449118	0.315637	0.136184	
0.0898313	0.0417538	-0.00579507	-0.045216	-0.0671493	-0.070773	-0.0559529	-0.0230541	0.0224731	0.0700324	0.119357	0.172926	0.238658	0.312034	0.390016	0.475106	0.543569	0.582623	0.593439	0.570808	0.510434	0.413598	0.302053	0.164336	-0.0071005	
0.128703	0.0748783	0.0286048	-0.0124421	-0.0403492	-0.045873	-0.0253122	0.011209	0.0561241	0.105453	0.166508	0.238658	0.319439	0.395451	0.465308	0.528146	0.565038	0.565051	0.540136	0.486432	0.395818	0.273035	0.139553	-0.000869994	-0.151459	
0.19733	0.138877	0.0913757	0.0550948	0.0325613	0.0281164	0.0442754	0.0752355	0.118937	0.172538	0.236711	0.312034	0.395451	0.473238	0.534583	0.565976	0.559236	0.517083	0.453857	0.370935	0.256098	0.107784	-0.0448047	-0.181458	-0.303055	
0.287811	0.231602	0.186317	0.162569	0.153678	0.151737	0.157516	0.174888	0.211054	0.264847	0.324218	0.390016	0.465308	0.534583	0.572972	0.561486	0.50726	0.419565	0.317114	0.20308	0.0645178	-0.0916746	-0.243699	-0.364436	-0.446622	
0.394952	0.346654	0.315053	0.302764	0.303525	0.303621	0.302717	0.307703	0.331806	0.374024	0.425514	0.475106	0.528146	0.565976	0.561486	0.498563	0.398538	0.270792	0.133341	-0.0118743	-0.164978	-0.319385	-0.455442	-0.543814	-0.584431	
0.492397	0.466253	0.459158	0.469013	0.475376	0.475698	0.47286	0.463087	0.459859	0.480472	0.511885	0.543569	0.565038	0.559236	0.50726	0.398538	0.252248	0.0890404	-0.0847297	-0.254753	-0.41437	-0.559526	-0.669371	-0.722363	-0.725969	
0.575317	0.575822	0.599644	0.627853	0.64213	0.64371	0.635464	0.612148	0.582984	0.572234	0.581457	0.582623	0.565051	0.517083	0.419565	0.270792	0.0890404	-0.110915	-0.311442	-0.49657	-0.654042	-0.781112	-0.865618	-0.891012	-0.86556	
0.642598	0.669086	0.712965	0.756344	0.779072	0.782023	0.768048	0.731937	0.685356	0.651297	0.628028	0.593439	0.540136	0.453857	0.317114	0.133341	-0.0847297	-0.311442	-0.531522	-0.721014	-0.861031	-0.96231	-1.02116	-1.02261	-0.973436	
0.679597	0.736464	0.794652	0.84979	0.883066	0.888265	0.866227	0.818254	0.759662	0.702529	0.642124	0.570808	0.486432	0.370935	0.20308	-0.0118743	-0.254753	-0.49657	-0.721014	-0.900395	-1.01866	-1.09751	-1.12811	-1.10333	-1.03225	
0.676998	0.765311	0.844289	0.910525	0.954135	0.962885	0.931359	0.872528	0.798268	0.713185	0.618074	0.510434	0.395818	0.256098	0.0645178	-0.164978	-0.41437	-0.654042	-0.861031	-1.01866	-1.12227	-1.17951	-1.18106	-1.12572	-1.03121	
0.622779	0.738322	0.841615	0.924721	0.978203	0.987781	0.951118	0.877037	0.781703	0.669809	0.547387	0.413598	0.273035	0.107784	-0.0916746	-0.319385	-0.559526	-0.781112	-0.96231	-1.09751	-1.17951	-1.21059	-1.17472	-1.08569	-0.96935	
0.531971	0.661861	0.777567	0.870444	0.925763	0.935062	0.898038	0.818205	0.710495	0.585217	0.449118	0.302053	0.139553	-0.0448047	-0.243699	-0.455442	-0.669371	-0.865618	-1.02116	-1.12811	-1.18106	-1.17472	-1.09827	-0.983601	-0.845052	
0.399373	0.531254	0.648917	0.734593	0.786468	0.7958	0.759537	0.686936	0.581955	0.452547	0.315637	0.164336	-0.000869994	-0.181458	-0.364436	-0.543814	-0.722363	-0.891012	-1.02261	-1.10333	-1.12572	-1.08569	-0.983601	-0.845194	-0.68576	
0.219576	0.34592	0.446263	0.514971	0.554703	0.560948	0.534423	0.477219	0.39005	0.27231	0.136184	-0.0071005	-0.151459	-0.303055	-0.446622	-0.584431	-0.725969	-0.86556	-0.973436	-1.03225	-1.03121	-0.96935	-0.845052	-0.68576	-0.508015	
