-0.775048	-0.75219	-0.700925	-0.634071	-0.534355	-0.418787	-0.305641	-0.19386	-0.0861282	0.00283181	0.0701026	0.12476	0.176469	0.209968	0.206894	0.168177	0.0928947	-0.0128025	-0.130893	-0.256486	-0.37579	-0.470683	-0.543874	-0.576907	-0.581454	
-0.75219	-0.712388	-0.646523	-0.570692	-0.472635	-0.366236	-0.257442	-0.150524	-0.053095	0.0280067	0.090933	0.153241	0.220666	0.275041	0.299999	0.280785	0.215535	0.109213	-0.0264096	-0.169389	-0.302503	-0.410758	-0.497663	-0.551028	-0.57885	
-0.700925	-0.646523	-0.575714	-0.490624	-0.400495	-0.303016	-0.204879	-0.113193	-0.0374591	0.0238052	0.0830621	0.150751	0.230736	0.301747	0.346266	0.345713	0.292443	0.188706	0.0474116	-0.0982429	-0.230341	-0.33768	-0.42856	-0.50081	-0.548173	
-0.634071	-0.570692	-0.490624	-0.40085	-0.316816	-0.232805	-0.156199	-0.0950983	-0.0432886	-0.0010484	0.0521779	0.124105	0.206338	0.286061	0.343985	0.361524	0.323152	0.230121	0.101666	-0.032718	-0.151159	-0.252538	-0.350141	-0.438966	-0.505157	
-0.534355	-0.472635	-0.400495	-0.316816	-0.239031	-0.174079	-0.129267	-0.0973628	-0.0686884	-0.0452601	-0.00209276	0.0636866	0.141781	0.226334	0.298397	0.334245	0.316357	0.247339	0.149647	0.0435762	-0.052602	-0.148138	-0.25498	-0.360198	-0.447994	
-0.418787	-0.366236	-0.303016	-0.232805	-0.174079	-0.143338	-0.139415	-0.133128	-0.118512	-0.10297	-0.0653509	-0.00648887	0.0664485	0.152036	0.231093	0.276408	0.280285	0.24496	0.19124	0.130161	0.0594022	-0.0292924	-0.142036	-0.266482	-0.375423	
-0.305641	-0.257442	-0.204879	-0.156199	-0.129267	-0.139415	-0.166946	-0.179101	-0.169566	-0.153556	-0.119087	-0.0677938	0.00366588	0.0872475	0.163866	0.217545	0.239828	0.239125	0.233708	0.210695	0.159592	0.0764645	-0.0454853	-0.180627	-0.308997	
-0.19386	-0.150524	-0.113193	-0.0950983	-0.0973628	-0.133128	-0.179101	-0.199156	-0.19382	-0.17988	-0.155289	-0.109611	-0.0461241	0.0291058	0.104499	0.161638	0.203114	0.237296	0.269118	0.274985	0.238677	0.157104	0.0330227	-0.106877	-0.252446	
-0.0861282	-0.053095	-0.0374591	-0.0432886	-0.0686884	-0.118512	-0.169566	-0.19382	-0.193245	-0.18017	-0.160889	-0.127527	-0.0785945	-0.0189817	0.0484255	0.10738	0.167848	0.230601	0.2906	0.322861	0.299209	0.225994	0.108009	-0.0355305	-0.194395	
0.00283181	0.0280067	0.0238052	-0.0010484	-0.0452601	-0.10297	-0.153556	-0.17988	-0.18017	-0.165575	-0.149302	-0.129322	-0.0971476	-0.050743	0.0097543	0.0748871	0.147022	0.226357	0.301841	0.346829	0.335856	0.27196	0.163722	0.0225305	-0.14325	
0.0701026	0.090933	0.0830621	0.0521779	-0.00209276	-0.0653509	-0.119087	-0.155289	-0.160889	-0.149302	-0.142325	-0.130091	-0.111146	-0.0723976	-0.0121541	0.0548932	0.127601	0.208452	0.284277	0.331717	0.333212	0.281033	0.189626	0.0619941	-0.0952434	
0.12476	0.153241	0.150751	0.124105	0.0636866	-0.00648887	-0.0677938	-0.109611	-0.127527	-0.129322	-0.130091	-0.130025	-0.12458	-0.091028	-0.0363037	0.0218165	0.0903599	0.16034	0.229016	0.27705	0.286198	0.249556	0.179682	0.0777408	-0.05262	
0.176469	0.220666	0.230736	0.206338	0.141781	0.0664485	0.00366588	-0.0461241	-0.0785945	-0.0971476	-0.111146	-0.12458	-0.12923	-0.108679	-0.0684052	-0.0210665	0.0311818	0.0884626	0.146188	0.18821	0.204298	0.185356	0.143234	0.0778429	-0.007744	
0.209968	0.275041	0.301747	0.286061	0.226334	0.152036	0.0872475	0.0291058	-0.0189817	-0.050743	-0.0723976	-0.091028	-0.108679	-0.107077	-0.0896001	-0.0646085	-0.0308527	0.0079879	0.0493926	0.0811566	0.100878	0.100299	0.0897593	0.0686957	0.032834	
0.206894	0.299999	0.346266	0.343985	0.298397	0.231093	0.163866	0.104499	0.0484255	0.0097543	-0.0121541	-0.0363037	-0.0684052	-0.0896001	-0.0954012	-0.0912509	-0.0749947	-0.0562121	-0.0375193	-0.0220413	-0.00539214	0.0106029	0.0296131	0.0515652	0.0640422	
0.168177	0.280785	0.345713	0.361524	0.334245	0.276408	0.217545	0.161638	0.10738	0.0748871	0.0548932	0.0218165	-0.0210665	-0.0646085	-0.0912509	-0.0990781	-0.10006	-0.100687	-0.106506	-0.107998	-0.0970732	-0.0658801	-0.0204155	0.0343857	0.0893738	
0.0928947	0.215535	0.292443	0.323152	0.316357	0.280285	0.239828	0.203114	0.167848	0.147022	0.127601	0.0903599	0.0311818	-0.0308527	-0.0749947	-0.10006	-0.121461	-0.143808	-0.173627	-0.189667	-0.174732	-0.130054	-0.0584867	0.0254808	0.110357	
-0.0128025	0.109213	0.188706	0.230121	0.247339	0.24496	0.239125	0.237296	0.230601	0.226357	0.208452	0.16034	0.0884626	0.0079879	-0.0562121	-0.100687	-0.143808	-0.189749	-0.23708	-0.259605	-0.242181	-0.181166	-0.0908727	0.0144581	0.126807	
-0.130893	-0.0264096	0.0474116	0.101666	0.149647	0.19124	0.233708	0.269118	0.2906	0.301841	0.284277	0.229016	0.146188	0.0493926	-0.0375193	-0.106506	-0.173627	-0.23708	-0.293832	-0.313345	-0.285285	-0.211724	-0.10383	0.0166924	0.148241	
-0.256486	-0.169389	-0.0982429	-0.032718	0.0435762	0.130161	0.210695	0.274985	0.322861	0.346829	0.331717	0.27705	0.18821	0.0811566	-0.0220413	-0.107998	-0.189667	-0.259605	-0.313345	-0.327448	-0.289341	-0.209822	-0.0946093	0.0347694	0.176922	
-0.37579	-0.302503	-0.230341	-0.151159	-0.052602	0.0594022	0.159592	0.238677	0.299209	0.335856	0.333212	0.286198	0.204298	0.100878	-0.00539214	-0.0970732	-0.174732	-0.242181	-0.285285	-0.289341	-0.250817	-0.169922	-0.0582088	0.071672	0.216211	
-0.470683	-0.410758	-0.33768	-0.252538	-0.148138	-0.0292924	0.0764645	0.157104	0.225994	0.27196	0.281033	0.249556	0.185356	0.100299	0.0106029	-0.0658801	-0.130054	-0.181166	-0.211724	-0.209822	-0.169922	-0.0962555	0.0100997	0.135236	0.273134	
-0.543874	-0.497663	-0.42856	-0.350141	-0.25498	-0.142036	-0.0454853	0.0330227	0.108009	0.163722	0.189626	0.179682	0.143234	0.0897593	0.0296131	-0.0204155	-0.0584867	-0.0908727	-0.10383	-0.0946093	-0.0582088	0.0100997	0.103955	0.218324	0.342553	
-0.576907	-0.551028	-0.50081	-0.438966	-0.360198	-0.266482	-0.180627	-0.106877	-0.0355305	0.0225305	0.0619941	0.0777408	0.0778429	0.0686957	0.0515652	0.0343857	0.0254808	0.0144581	0.0166924	0.0347694	0.071672	0.135236	0.218324	0.320253	0.423011	
-0.581454	-0.57885	-0.548173	-0.505157	-0.447994	-0.375423	-0.308997	-0.252446	-0.194395	-0.14325	-0.0952434	-0.05262	-0.007744	0.032834	0.0640422	0.0893738	0.110357	0.126807	0.148241	0.176922	0.216211	0.273134	0.342553	0.423011	0.50152	
-0.568413	-0.59044	-0.581845	-0.555334	-0.514301	-0.464236	-0.422923	-0.388489	-0.354067	-0.317422	-0.265175	-0.195297	-0.109348	-0.0187935	0.0614057	0.12757	0.187356	0.236862	0.287191	0.334936	0.380124	0.430945	0.479815	0.531962	0.575665	
-0.539613	-0.590671	-0.611489	-0.603992	-0.580898	-0.556503	-0.533169	-0.515153	-0.499229	-0.473696	-0.419537	-0.329398	-0.210694	-0.0806375	0.0430286	0.1521	0.252674	0.34667	0.432426	0.504554	0.560178	0.600567	0.62575	0.641492	0.64366	
-0.5073	-0.583944	-0.63074	-0.646651	-0.648796	-0.647643	-0.644831	-0.637735	-0.627171	-0.600253	-0.53641	-0.427768	-0.28497	-0.130621	0.0204976	0.162974	0.300339	0.437121	0.561978	0.66159	0.726982	0.758293	0.758232	0.734276	0.697615	
-0.453826	-0.546129	-0.621198	-0.665848	-0.696653	-0.726986	-0.740423	-0.737146	-0.726246	-0.693895	-0.622793	-0.499526	-0.344698	-0.174225	-0.00179889	0.164718	0.332737	0.503905	0.657976	0.77599	0.848658	0.869278	0.848496	0.797557	0.730423	
-0.408722	-0.507724	-0.597674	-0.66122	-0.715871	-0.769679	-0.798361	-0.800626	-0.789687	-0.752136	-0.673299	-0.542834	-0.379181	-0.201309	-0.0194997	0.161592	0.345956	0.537291	0.707881	0.836845	0.91144	0.925384	0.893007	0.824941	0.744874	
-0.401104	-0.49994	-0.591047	-0.65885	-0.718717	-0.775307	-0.808422	-0.812661	-0.800948	-0.762376	-0.682738	-0.550155	-0.384957	-0.206477	-0.0229915	0.160413	0.347363	0.542075	0.716023	0.846486	0.92165	0.934525	0.899809	0.829072	0.746796	
-0.43194	-0.528507	-0.61164	-0.665865	-0.707288	-0.74961	-0.769074	-0.767383	-0.756715	-0.721743	-0.647586	-0.520857	-0.362198	-0.187708	-0.0100493	0.163707	0.340111	0.521513	0.683504	0.806756	0.880871	0.897772	0.871428	0.812265	0.73803	
-0.488717	-0.572478	-0.630497	-0.657551	-0.670769	-0.681793	-0.686531	-0.681021	-0.671013	-0.64179	-0.573677	-0.459172	-0.309807	-0.148376	0.0113356	0.164396	0.314756	0.466622	0.604831	0.713374	0.782394	0.809626	0.800435	0.763954	0.713481	
-0.527938	-0.590084	-0.620976	-0.623311	-0.609551	-0.593695	-0.578573	-0.56563	-0.552898	-0.527913	-0.471607	-0.373358	-0.243798	-0.102568	0.0343708	0.158472	0.274273	0.386407	0.488022	0.570641	0.630866	0.666842	0.681657	0.681329	0.666927	
-0.557653	-0.591888	-0.59419	-0.574401	-0.539242	-0.500244	-0.466628	-0.439299	-0.414665	-0.383358	-0.330022	-0.251937	-0.151445	-0.0429776	0.0552068	0.138704	0.214821	0.281062	0.344787	0.402274	0.451445	0.498406	0.538618	0.576685	0.604375	
-0.57878	-0.584475	-0.562318	-0.526569	-0.476629	-0.41217	-0.356302	-0.30848	-0.258658	-0.213335	-0.163314	-0.109638	-0.047266	0.0136838	0.0649015	0.107123	0.142519	0.171279	0.203411	0.238162	0.279504	0.333927	0.395249	0.466004	0.531325	
-0.58065	-0.565367	-0.522402	-0.468551	-0.3984	-0.313035	-0.233262	-0.165041	-0.0975971	-0.0408709	0.00181194	0.0287905	0.0459538	0.0566069	0.0584917	0.0574897	0.0599981	0.0589995	0.0678666	0.089755	0.127288	0.188107	0.266991	0.361071	0.455317	
-0.562611	-0.522668	-0.460295	-0.387125	-0.297805	-0.192187	-0.0996624	-0.0218788	0.0530859	0.110684	0.143398	0.142815	0.119912	0.0830769	0.038378	0.000541032	-0.0257435	-0.0503058	-0.056812	-0.043844	-0.00814471	0.0585662	0.147824	0.258046	0.374162	
-0.503422	-0.448395	-0.375913	-0.292039	-0.190339	-0.0718372	0.0313565	0.110591	0.183405	0.233099	0.247815	0.225038	0.170698	0.0964923	0.0178712	-0.0487483	-0.103691	-0.147019	-0.170756	-0.166476	-0.128038	-0.0571912	0.044406	0.166023	0.299231	
-0.416659	-0.349106	-0.275673	-0.192227	-0.0892313	0.0270315	0.131003	0.211988	0.275412	0.316388	0.318434	0.276951	0.200695	0.103009	0.000882663	-0.0876232	-0.160765	-0.223269	-0.261461	-0.261934	-0.223436	-0.144477	-0.0338762	0.0942414	0.237673	
-0.306272	-0.224083	-0.154379	-0.0829553	0.00361912	0.102698	0.193725	0.265618	0.320338	0.349082	0.338458	0.285789	0.1986	0.0909027	-0.0150781	-0.105209	-0.187341	-0.257187	-0.307261	-0.317606	-0.279093	-0.198537	-0.0843253	0.0466774	0.190152	
-0.180898	-0.0843055	-0.0113252	0.0471423	0.106775	0.168304	0.227703	0.276131	0.30896	0.325564	0.307735	0.252411	0.166101	0.0638875	-0.0307702	-0.108329	-0.183606	-0.250997	-0.307604	-0.325284	-0.29221	-0.215393	-0.102524	0.0223217	0.159215	
-0.0586123	0.0581357	0.135076	0.181608	0.210389	0.224142	0.237316	0.251791	0.255727	0.25812	0.240734	0.188055	0.111913	0.024754	-0.0485607	-0.102929	-0.155379	-0.209655	-0.261838	-0.28375	-0.263465	-0.196454	-0.0986627	0.0134157	0.134423	
0.0529965	0.176995	0.256835	0.291788	0.293969	0.270034	0.24145	0.216576	0.192769	0.178033	0.158731	0.118072	0.0533338	-0.016033	-0.0674559	-0.0996505	-0.129975	-0.161254	-0.199129	-0.219459	-0.203097	-0.152493	-0.0725613	0.0209938	0.116755	
0.141937	0.260105	0.330953	0.353318	0.333735	0.28356	0.229835	0.180422	0.131312	0.103029	0.0836389	0.0483214	-0.000742863	-0.0515755	-0.0859203	-0.0999793	-0.108534	-0.118053	-0.133417	-0.14186	-0.129852	-0.09283	-0.0367068	0.0306927	0.0986885	
0.196298	0.297458	0.351794	0.356842	0.318194	0.253496	0.189005	0.129175	0.0724113	0.0352	0.0140542	-0.0138985	-0.0500547	-0.0806312	-0.0950822	-0.0961117	-0.086093	-0.0745038	-0.0663053	-0.057244	-0.0440615	-0.0218193	0.00801518	0.0433135	0.0747189	
0.212925	0.289608	0.324007	0.312394	0.257953	0.186615	0.120106	0.0606001	0.00860645	-0.0272546	-0.0499846	-0.0695681	-0.0937138	-0.101046	-0.0936104	-0.0782569	-0.0518645	-0.0209981	0.0119795	0.037261	0.0577188	0.0638887	0.0655421	0.0630877	0.0465678	
0.194273	0.245774	0.260925	0.23961	0.175363	0.0992529	0.0367195	-0.0167696	-0.0565068	-0.0810097	-0.098694	-0.116082	-0.124422	-0.110962	-0.0793541	-0.0394337	0.00581297	0.0564758	0.108064	0.147037	0.16457	0.153373	0.123155	0.0745948	0.00956452	
0.145442	0.179976	0.183075	0.15646	0.0938752	0.0212659	-0.0414139	-0.0865063	-0.109257	-0.117918	-0.124311	-0.129162	-0.12818	-0.0992074	-0.0487612	0.00517164	0.0684061	0.133839	0.197931	0.2449	0.257096	0.227274	0.167956	0.0787499	-0.0346179	
0.0929342	0.115657	0.107632	0.0788343	0.0221722	-0.0442058	-0.100788	-0.13904	-0.149815	-0.142368	-0.138071	-0.130305	-0.116514	-0.0794625	-0.0205451	0.0438007	0.115845	0.192604	0.266309	0.313872	0.319677	0.273315	0.18938	0.0714291	-0.0784285	
