-0.294518	-0.19684	-0.139883	-0.114542	-0.106801	-0.105793	-0.110362	-0.126468	-0.1697	-0.250211	-0.374428	-0.5313	-0.697567	-0.859406	-1.00413	-1.10966	-1.15344	-1.12323	-1.01458	-0.829897	-0.598818	-0.358832	-0.12712	0.0895841	0.268918	
-0.431773	-0.302009	-0.222427	-0.184111	-0.172274	-0.172229	-0.176679	-0.203214	-0.264088	-0.373865	-0.528075	-0.696853	-0.869728	-1.04219	-1.19598	-1.30283	-1.34702	-1.31487	-1.20424	-1.01319	-0.773896	-0.532046	-0.302006	-0.0898591	0.0904468	
-0.507526	-0.361794	-0.269887	-0.225105	-0.213209	-0.213595	-0.217631	-0.246718	-0.318461	-0.443245	-0.615682	-0.799063	-0.980463	-1.15806	-1.31438	-1.41965	-1.45664	-1.42047	-1.30347	-1.11058	-0.879176	-0.643311	-0.423167	-0.23031	-0.0608304	
-0.527748	-0.375043	-0.275894	-0.228008	-0.21328	-0.21284	-0.219047	-0.251916	-0.328113	-0.460887	-0.640146	-0.836499	-1.02925	-1.20406	-1.34974	-1.44269	-1.46555	-1.4188	-1.30039	-1.11449	-0.901598	-0.685523	-0.481541	-0.31315	-0.172222	
-0.490107	-0.336551	-0.234871	-0.178844	-0.157967	-0.155058	-0.166911	-0.20815	-0.289481	-0.422566	-0.605096	-0.809411	-1.00852	-1.17562	-1.29811	-1.37353	-1.38324	-1.32785	-1.21553	-1.04908	-0.858808	-0.674713	-0.501238	-0.353734	-0.240819	
-0.398653	-0.241692	-0.138945	-0.0784749	-0.0545432	-0.0527774	-0.0640531	-0.110746	-0.193972	-0.329669	-0.516457	-0.725093	-0.923801	-1.08154	-1.1827	-1.23659	-1.23938	-1.17575	-1.07146	-0.930296	-0.771638	-0.618596	-0.478671	-0.363323	-0.277165	
-0.277887	-0.118983	-0.0119931	0.0492707	0.0713294	0.0723022	0.0622576	0.0176973	-0.0707251	-0.208218	-0.395333	-0.606188	-0.801233	-0.945989	-1.03007	-1.06604	-1.05158	-0.983654	-0.884394	-0.763465	-0.635114	-0.510668	-0.404928	-0.327394	-0.273987	
-0.169816	0.00446379	0.125461	0.190429	0.212429	0.213808	0.203562	0.157255	0.0596776	-0.0942908	-0.29168	-0.500553	-0.678146	-0.800979	-0.869855	-0.88387	-0.85486	-0.784612	-0.688329	-0.57555	-0.462351	-0.35839	-0.28408	-0.240054	-0.224924	
-0.102896	0.0903205	0.23985	0.325681	0.360473	0.364307	0.344513	0.281685	0.157093	-0.0221913	-0.228755	-0.431255	-0.591823	-0.687177	-0.728205	-0.71748	-0.670738	-0.589994	-0.4906	-0.38383	-0.282265	-0.195558	-0.141164	-0.123937	-0.142103	
-0.0832618	0.131567	0.308403	0.418219	0.471946	0.481279	0.445319	0.359944	0.209427	0.00470935	-0.213793	-0.409868	-0.551505	-0.61639	-0.619169	-0.574663	-0.497564	-0.402496	-0.300181	-0.192841	-0.0978461	-0.0295611	0.00199675	-0.00190378	-0.0427856	
-0.0903607	0.133348	0.326554	0.458565	0.529086	0.541336	0.493844	0.387267	0.216655	-0.000256634	-0.221685	-0.412023	-0.540858	-0.582769	-0.545345	-0.459469	-0.34999	-0.234116	-0.121672	-0.0183898	0.0624976	0.114483	0.132683	0.114231	0.0573335	
-0.112329	0.107087	0.305451	0.45458	0.537597	0.548965	0.497321	0.372103	0.19057	-0.0242974	-0.240533	-0.417893	-0.526036	-0.54546	-0.479839	-0.357894	-0.222308	-0.0899491	0.0307724	0.125943	0.192432	0.230446	0.237463	0.203994	0.134026	
-0.139006	0.0670156	0.263806	0.42199	0.506046	0.519539	0.464759	0.334074	0.147784	-0.0568695	-0.256185	-0.411308	-0.491967	-0.486615	-0.39559	-0.257768	-0.105312	0.0401265	0.158154	0.236113	0.285855	0.309039	0.301845	0.257862	0.173697	
-0.157717	0.031621	0.215478	0.361692	0.442701	0.457297	0.401917	0.280624	0.107954	-0.0840285	-0.259023	-0.385613	-0.437132	-0.403465	-0.296933	-0.15566	0.00281492	0.151	0.262211	0.324113	0.350506	0.348088	0.325292	0.272564	0.173812	
-0.161122	-0.00251049	0.160818	0.287734	0.361922	0.375412	0.323829	0.217045	0.0653288	-0.101023	-0.23931	-0.334314	-0.355686	-0.299802	-0.192023	-0.0554702	0.0953038	0.237623	0.338994	0.385473	0.388213	0.36764	0.323428	0.250378	0.140202	
-0.140093	-0.0185127	0.117889	0.227571	0.294535	0.305559	0.260217	0.16656	0.0364942	-0.0952656	-0.197306	-0.263675	-0.259585	-0.190936	-0.0900079	0.0288919	0.158553	0.280992	0.366262	0.403317	0.401183	0.363345	0.292253	0.201116	0.0769229	
-0.101528	-0.016308	0.0909994	0.184763	0.244895	0.254986	0.213982	0.131996	0.0253617	-0.0707713	-0.13898	-0.173439	-0.155195	-0.0888547	-0.00052902	0.101562	0.20346	0.298033	0.362034	0.385666	0.379152	0.325182	0.235108	0.124812	-0.0144868	
-0.0484451	0.0036725	0.0846746	0.16373	0.217429	0.228248	0.189069	0.118813	0.0333737	-0.0315497	-0.0651604	-0.072026	-0.0488048	0.00627994	0.077865	0.152521	0.225804	0.290108	0.325643	0.325468	0.303663	0.240122	0.137991	0.015387	-0.12629	
0.0130121	0.0401626	0.0988589	0.161895	0.201865	0.210204	0.181026	0.126174	0.0600632	0.0201135	0.0108183	0.0234396	0.0555831	0.100569	0.15038	0.195723	0.23229	0.25102	0.250654	0.226048	0.181335	0.104789	-0.000611497	-0.117429	-0.246635	
0.0609529	0.0632733	0.102661	0.152868	0.182302	0.187415	0.167373	0.124421	0.0751125	0.0574445	0.0742915	0.110308	0.155543	0.192272	0.218229	0.225934	0.219463	0.195446	0.161307	0.106769	0.0357127	-0.0515743	-0.155433	-0.261079	-0.371511	
0.0771851	0.0566856	0.0741304	0.100531	0.123496	0.126174	0.11221	0.0832925	0.0612881	0.0630846	0.109629	0.174083	0.229941	0.265865	0.271284	0.243556	0.191134	0.133006	0.0678862	-0.00879396	-0.0996193	-0.20206	-0.304287	-0.399581	-0.482888	
0.0563032	0.00174182	-0.0123431	-0.00539484	0.00592678	0.0078943	-0.000237869	-0.0118373	-0.00765182	0.0290336	0.107268	0.195508	0.265801	0.29955	0.287388	0.234354	0.154663	0.0696708	-0.0187188	-0.112703	-0.217369	-0.325452	-0.424504	-0.504642	-0.558597	
-0.0287772	-0.122783	-0.175366	-0.188029	-0.185526	-0.183933	-0.187991	-0.183185	-0.149553	-0.070711	0.0407112	0.157589	0.249008	0.285162	0.268848	0.205351	0.113063	0.00989221	-0.0916081	-0.195619	-0.300463	-0.399325	-0.478103	-0.529072	-0.562338	
-0.190234	-0.329308	-0.421975	-0.462318	-0.470097	-0.469478	-0.468209	-0.44314	-0.373374	-0.249235	-0.0976621	0.0565049	0.171142	0.222966	0.215517	0.159932	0.0737774	-0.0252197	-0.130295	-0.234177	-0.32229	-0.394061	-0.441377	-0.466203	-0.473433	
-0.407908	-0.590705	-0.733169	-0.817398	-0.847488	-0.850361	-0.834371	-0.774078	-0.653975	-0.483816	-0.291145	-0.100345	0.0473543	0.129716	0.144497	0.110094	0.0442293	-0.0355916	-0.124436	-0.202523	-0.264146	-0.30669	-0.325173	-0.323369	-0.30813	
-0.64595	-0.877895	-1.07339	-1.20091	-1.26058	-1.2699	-1.23235	-1.13289	-0.962371	-0.741208	-0.502096	-0.272536	-0.0847746	0.0317323	0.074071	0.0716969	0.0349264	-0.0237135	-0.082356	-0.125571	-0.155899	-0.162015	-0.147221	-0.123719	-0.0976893	
-0.877895	-1.1536	-1.39486	-1.56562	-1.65148	-1.66535	-1.60939	-1.47337	-1.25571	-0.991173	-0.704709	-0.428865	-0.196185	-0.038726	0.0420866	0.0643351	0.0530514	0.0167318	-0.0101738	-0.0196733	-0.0112265	0.0171913	0.0519369	0.0920561	0.124528	
-1.07339	-1.39486	-1.67256	-1.87278	-1.97649	-1.99304	-1.92564	-1.76424	-1.51241	-1.2056	-0.868503	-0.540103	-0.264372	-0.0677404	0.0477305	0.0964278	0.10386	0.0887113	0.0860022	0.104719	0.142048	0.193147	0.245608	0.289913	0.321691	
-1.20091	-1.56562	-1.87278	-2.08572	-2.19884	-2.21676	-2.14298	-1.96991	-1.69807	-1.35144	-0.970669	-0.596771	-0.286528	-0.0679797	0.0658859	0.137449	0.161324	0.161421	0.173197	0.208767	0.261122	0.33141	0.401638	0.444463	0.461492	
-1.26058	-1.65148	-1.97649	-2.19884	-2.31639	-2.33513	-2.25814	-2.07856	-1.79222	-1.42212	-1.0126	-0.611887	-0.287446	-0.0610596	0.0846949	0.164463	0.195898	0.210566	0.231001	0.272712	0.332779	0.410531	0.484596	0.529197	0.537378	
-1.2699	-1.66535	-1.99304	-2.21676	-2.33513	-2.35408	-2.27604	-2.09604	-1.80709	-1.43305	-1.01805	-0.612073	-0.285636	-0.0592194	0.0869179	0.16865	0.202916	0.220608	0.24162	0.282887	0.345302	0.425132	0.49829	0.540968	0.549228	
-1.23235	-1.60939	-1.92564	-2.14298	-2.25814	-2.27604	-2.20117	-2.02509	-1.74599	-1.3883	-0.993443	-0.606636	-0.28842	-0.0654965	0.0754925	0.150881	0.178085	0.184573	0.200923	0.240109	0.295936	0.370079	0.443592	0.488145	0.500236	
-1.13289	-1.47337	-1.76424	-1.96991	-2.07856	-2.09604	-2.02509	-1.8582	-1.59755	-1.27322	-0.917109	-0.568937	-0.277215	-0.0700649	0.0529734	0.11339	0.128892	0.120189	0.123543	0.150695	0.194864	0.254482	0.315484	0.358361	0.385286	
-0.962371	-1.25571	-1.51241	-1.69807	-1.79222	-1.80709	-1.74599	-1.59755	-1.36404	-1.08286	-0.776499	-0.479917	-0.22975	-0.0548649	0.0417674	0.0737587	0.0698221	0.0422221	0.0266702	0.0296429	0.0519763	0.0906611	0.131035	0.174627	0.208841	
-0.741208	-0.991173	-1.2056	-1.35144	-1.42212	-1.43305	-1.3883	-1.27322	-1.08286	-0.843828	-0.585654	-0.338236	-0.133265	-0.00113973	0.0552162	0.0637341	0.0382703	-0.0115799	-0.0567095	-0.0867374	-0.10161	-0.0928498	-0.0683185	-0.0371033	-0.00800101	
-0.502096	-0.704709	-0.868503	-0.970669	-1.0126	-1.01805	-0.993443	-0.917109	-0.776499	-0.585654	-0.375352	-0.169941	-0.0065594	0.0901059	0.113968	0.0927168	0.0387229	-0.0338799	-0.111556	-0.175236	-0.224897	-0.254479	-0.259159	-0.248501	-0.228072	
-0.272536	-0.428865	-0.540103	-0.596771	-0.611887	-0.612073	-0.606636	-0.568937	-0.479917	-0.338236	-0.169941	-0.0012326	0.12508	0.188009	0.188948	0.139822	0.059357	-0.0323819	-0.133424	-0.229817	-0.308261	-0.367925	-0.403933	-0.417435	-0.414536	
-0.0847746	-0.196185	-0.264372	-0.286528	-0.287446	-0.285636	-0.28842	-0.277215	-0.22975	-0.133265	-0.0065594	0.12508	0.225754	0.265465	0.250362	0.188604	0.0972096	-0.00724006	-0.11224	-0.218497	-0.318549	-0.407094	-0.473701	-0.513857	-0.537551	
0.0317323	-0.038726	-0.0677404	-0.0679797	-0.0610596	-0.0592194	-0.0654965	-0.0700649	-0.0548649	-0.00113973	0.0901059	0.188009	0.265465	0.299766	0.285075	0.224977	0.13842	0.0440371	-0.0506255	-0.149167	-0.255792	-0.363817	-0.455982	-0.524985	-0.570755	
0.074071	0.0420866	0.0477305	0.0658859	0.0846949	0.0869179	0.0754925	0.0529734	0.0417674	0.0552162	0.113968	0.188948	0.250362	0.285075	0.281459	0.243284	0.177348	0.107686	0.0319314	-0.052888	-0.149932	-0.255274	-0.357126	-0.449051	-0.519951	
0.0716969	0.0643351	0.0964278	0.137449	0.164463	0.16865	0.150881	0.11339	0.0737587	0.0637341	0.0927168	0.139822	0.188604	0.224977	0.243284	0.235489	0.209242	0.170596	0.124519	0.060012	-0.0200886	-0.114056	-0.217667	-0.317803	-0.417624	
0.0349264	0.0530514	0.10386	0.161324	0.195898	0.202916	0.178085	0.128892	0.0698221	0.0382703	0.0387229	0.059357	0.0972096	0.13842	0.177348	0.209242	0.230117	0.230039	0.215081	0.179242	0.123316	0.043488	-0.0614954	-0.174511	-0.297214	
-0.0237135	0.0167318	0.0887113	0.161421	0.210566	0.220608	0.184573	0.120189	0.0422221	-0.0115799	-0.0338799	-0.0323819	-0.00724006	0.0440371	0.107686	0.170596	0.230039	0.277143	0.299398	0.29017	0.259694	0.190535	0.0863066	-0.0358755	-0.173665	
-0.082356	-0.0101738	0.0860022	0.173197	0.231001	0.24162	0.200923	0.123543	0.0266702	-0.0567095	-0.111556	-0.133424	-0.11224	-0.0506255	0.0319314	0.124519	0.215081	0.299398	0.352461	0.366675	0.355672	0.297583	0.201628	0.0855746	-0.0572389	
-0.125571	-0.0196733	0.104719	0.208767	0.272712	0.282887	0.240109	0.150695	0.0296429	-0.0867374	-0.175236	-0.229817	-0.218497	-0.149167	-0.052888	0.060012	0.179242	0.29017	0.366675	0.399959	0.397834	0.353057	0.273201	0.174093	0.0430264	
-0.155899	-0.0112265	0.142048	0.261122	0.332779	0.345302	0.295936	0.194864	0.0519763	-0.10161	-0.224897	-0.308261	-0.318549	-0.255792	-0.149932	-0.0200886	0.123316	0.259694	0.355672	0.397834	0.396607	0.368902	0.314491	0.233769	0.118427	
-0.162015	0.0171913	0.193147	0.33141	0.410531	0.425132	0.370079	0.254482	0.0906611	-0.0928498	-0.254479	-0.367925	-0.407094	-0.363817	-0.255274	-0.114056	0.043488	0.190535	0.297583	0.353057	0.368902	0.358655	0.327495	0.267281	0.163976	
-0.147221	0.0519369	0.245608	0.401638	0.484596	0.49829	0.443592	0.315484	0.131035	-0.0683185	-0.259159	-0.403933	-0.473701	-0.455982	-0.357126	-0.217667	-0.0614954	0.0863066	0.201628	0.273201	0.314491	0.327495	0.315456	0.268397	0.178218	
-0.123719	0.0920561	0.289913	0.444463	0.529197	0.540968	0.488145	0.358361	0.174627	-0.0371033	-0.248501	-0.417435	-0.513857	-0.524985	-0.449051	-0.317803	-0.174511	-0.0358755	0.0855746	0.174093	0.233769	0.267281	0.268397	0.230092	0.154234	
-0.0976893	0.124528	0.321691	0.461492	0.537378	0.549228	0.500236	0.385286	0.208841	-0.00800101	-0.228072	-0.414536	-0.537551	-0.570755	-0.519951	-0.417624	-0.297214	-0.173665	-0.0572389	0.0430264	0.118427	0.163976	0.178218	0.154234	0.0921787	
