0.876811	0.918644	0.950215	0.971721	0.98337	0.985307	0.977555	0.960015	0.932498	0.894788	0.846759	0.788518	0.720574	0.644028	0.560727	0.473349	0.385355	0.300722	0.223459	0.15698	0.103481	0.0635364	0.0360856	0.0188456	0.0090082	
1.16114	1.19547	1.22044	1.23697	1.24576	1.24721	1.24139	1.22802	1.20653	1.17606	1.13559	1.08406	1.02054	0.944489	0.856073	0.756459	0.648162	0.535193	0.422891	0.317313	0.224239	0.14799	0.0904738	0.0508685	0.0261512	
1.35734	1.37688	1.3901	1.39835	1.40255	1.40322	1.40047	1.39393	1.38283	1.366	1.34189	1.3087	1.26441	1.207	1.13466	1.04613	0.941172	0.821243	0.690073	0.553866	0.420812	0.29977	0.198307	0.120752	0.0671831	
1.44143	1.44431	1.44462	1.44387	1.44312	1.44296	1.4435	1.44434	1.44461	1.44296	1.43764	1.42654	1.40723	1.3771	1.3334	1.27341	1.19457	1.09491	0.974017	0.834158	0.681222	0.524864	0.377235	0.250157	0.151599	
1.41913	1.40359	1.3895	1.37864	1.37231	1.37122	1.37547	1.38462	1.3976	1.41282	1.42816	1.44104	1.44857	1.44767	1.43512	1.40798	1.36339	1.29837	1.20989	1.09567	0.955676	0.793998	0.620321	0.449569	0.298439	
1.27853	1.24108	1.21009	1.18757	1.17488	1.17274	1.18127	1.19998	1.22779	1.26293	1.30308	1.34518	1.38559	1.42028	1.44482	1.45484	1.44693	1.41845	1.36704	1.29014	1.18496	1.04956	0.885256	0.699988	0.510366	
1.01047	0.952516	0.906349	0.873706	0.855621	0.852613	0.864829	0.891792	0.932745	0.986199	1.05015	1.12192	1.19783	1.27347	1.34384	1.40252	1.44304	1.46027	1.45077	1.41273	1.34521	1.24715	1.11673	0.95259	0.759544	
0.653325	0.58147	0.525467	0.486472	0.465013	0.461485	0.47592	0.508065	0.557402	0.623086	0.703567	0.796912	0.900466	1.01	1.1214	1.22932	1.32586	1.40247	1.45119	1.46586	1.44332	1.38359	1.28915	1.16118	0.996828	
0.252539	0.17238	0.111151	0.0688513	0.0457012	0.0419355	0.0571721	0.0919588	0.145591	0.21831	0.309176	0.416686	0.539352	0.673848	0.814958	0.959109	1.10062	1.23158	1.34283	1.42426	1.46644	1.46226	1.40997	1.31602	1.1871	
-0.164239	-0.244374	-0.304336	-0.345255	-0.36729	-0.370998	-0.356652	-0.323436	-0.271172	-0.199142	-0.106462	0.00663617	0.13889	0.290535	0.456231	0.630159	0.80725	0.980128	1.14089	1.28071	1.38971	1.45754	1.47192	1.42607	1.33018	
-0.54313	-0.611777	-0.66248	-0.6958	-0.713432	-0.7168	-0.704711	-0.678503	-0.634641	-0.573403	-0.491882	-0.387717	-0.261473	-0.112086	0.0618282	0.254372	0.460311	0.67129	0.87692	1.06683	1.23053	1.35949	1.44683	1.4755	1.4325	
-0.836583	-0.886807	-0.921905	-0.943579	-0.954886	-0.956963	-0.948905	-0.932008	-0.902695	-0.859019	-0.79786	-0.715808	-0.607541	-0.475598	-0.315322	-0.127767	0.0841756	0.315243	0.555925	0.793138	1.01322	1.19875	1.34155	1.44126	1.47593	
-1.02406	-1.0491	-1.06224	-1.06961	-1.07248	-1.07222	-1.07118	-1.06441	-1.05511	-1.03563	-1.0032	-0.953756	-0.879372	-0.775405	-0.640381	-0.471657	-0.271429	-0.0426986	0.20842	0.471568	0.733968	0.982045	1.18599	1.33875	1.44403	
-1.08206	-1.07595	-1.06622	-1.05736	-1.05154	-1.05036	-1.05501	-1.06201	-1.0716	-1.07953	-1.08246	-1.07066	-1.04265	-0.985418	-0.895124	-0.763024	-0.590422	-0.376065	-0.12939	0.144597	0.425558	0.707484	0.976482	1.19156	1.35121	
-1.01909	-0.985881	-0.956617	-0.933905	-0.923102	-0.920958	-0.928135	-0.948561	-0.973186	-1.00499	-1.03916	-1.06877	-1.08499	-1.07864	-1.04335	-0.965702	-0.843107	-0.667934	-0.444686	-0.179447	0.11988	0.417933	0.718653	0.997552	1.2157	
-0.86561	-0.813919	-0.773354	-0.745983	-0.731591	-0.727607	-0.738313	-0.76071	-0.796759	-0.844643	-0.898316	-0.962698	-1.02289	-1.07097	-1.09037	-1.07439	-1.00566	-0.887513	-0.703126	-0.47389	-0.188073	0.130453	0.44817	0.765646	1.04266	
-0.672847	-0.616142	-0.58005	-0.555144	-0.538661	-0.538689	-0.547764	-0.565983	-0.60105	-0.648424	-0.71074	-0.786603	-0.872006	-0.963901	-1.03838	-1.08894	-1.08687	-1.03101	-0.904997	-0.708098	-0.461236	-0.153658	0.177792	0.517565	0.840946	
-0.500428	-0.463661	-0.435984	-0.421111	-0.41188	-0.412365	-0.416967	-0.429109	-0.451153	-0.483116	-0.53403	-0.601078	-0.693573	-0.798863	-0.913899	-1.01117	-1.08016	-1.08763	-1.03595	-0.897414	-0.686454	-0.407718	-0.0815976	0.267088	0.622107	
-0.401513	-0.385616	-0.373721	-0.3691	-0.368423	-0.3655	-0.367655	-0.37307	-0.378606	-0.394579	-0.419573	-0.456506	-0.524059	-0.620947	-0.749596	-0.883025	-1.00335	-1.07813	-1.08792	-1.01779	-0.864415	-0.626644	-0.31747	0.0282915	0.398281	
-0.377977	-0.373566	-0.373224	-0.370244	-0.3701	-0.3706	-0.370303	-0.37308	-0.372688	-0.376263	-0.38289	-0.396767	-0.42175	-0.481012	-0.583819	-0.724228	-0.876585	-1.00625	-1.08548	-1.08165	-0.98437	-0.799751	-0.524153	-0.190627	0.181617	
-0.383503	-0.378292	-0.372262	-0.366992	-0.365604	-0.363369	-0.365207	-0.370998	-0.375112	-0.380428	-0.388175	-0.39031	-0.390698	-0.405346	-0.465666	-0.579486	-0.735596	-0.898403	-1.02541	-1.09039	-1.05846	-0.927903	-0.694414	-0.383534	-0.0192397	
-0.363288	-0.348241	-0.342673	-0.32862	-0.326385	-0.328231	-0.325502	-0.336726	-0.346605	-0.356503	-0.37381	-0.399431	-0.403448	-0.39463	-0.402523	-0.471607	-0.60224	-0.776108	-0.942686	-1.0586	-1.08536	-1.01321	-0.828506	-0.547654	-0.198919	
-0.322694	-0.313823	-0.300499	-0.294258	-0.292474	-0.293606	-0.293943	-0.29715	-0.309391	-0.319011	-0.328699	-0.361553	-0.397344	-0.404067	-0.3932	-0.414211	-0.503974	-0.661146	-0.839687	-0.999555	-1.08096	-1.06274	-0.927514	-0.681407	-0.354913	
-0.302377	-0.298904	-0.286688	-0.291492	-0.288915	-0.286807	-0.291265	-0.286136	-0.293134	-0.304929	-0.294781	-0.316383	-0.360042	-0.400313	-0.394189	-0.393355	-0.437395	-0.568371	-0.745916	-0.928637	-1.05092	-1.08124	-0.996695	-0.786494	-0.484991	
-0.315032	-0.303746	-0.282845	-0.299387	-0.287996	-0.280253	-0.301265	-0.286578	-0.293134	-0.31377	-0.309608	-0.296242	-0.316258	-0.3706	-0.389873	-0.388086	-0.403744	-0.500906	-0.661316	-0.854405	-1.01268	-1.08073	-1.0405	-0.866484	-0.58894	
-0.3014	-0.277751	-0.275129	-0.277587	-0.268285	-0.265394	-0.275164	-0.275493	-0.276456	-0.288846	-0.313987	-0.307082	-0.309337	-0.348324	-0.378211	-0.381435	-0.384221	-0.450964	-0.598282	-0.788168	-0.968101	-1.06754	-1.06446	-0.926355	-0.671559	
-0.277751	-0.260229	-0.26972	-0.260125	-0.256994	-0.260925	-0.256271	-0.266875	-0.265822	-0.264384	-0.298416	-0.299538	-0.306121	-0.331846	-0.370752	-0.376095	-0.376305	-0.421784	-0.548906	-0.732038	-0.925423	-1.05181	-1.07639	-0.966125	-0.733714	
-0.275129	-0.26972	-0.275168	-0.26504	-0.264861	-0.269756	-0.262469	-0.271377	-0.273043	-0.271028	-0.281565	-0.28429	-0.292648	-0.324263	-0.364361	-0.375222	-0.369811	-0.401246	-0.514272	-0.692509	-0.890574	-1.0318	-1.08092	-0.994337	-0.777957	
-0.277587	-0.260125	-0.26504	-0.254764	-0.253388	-0.254684	-0.252103	-0.262886	-0.26263	-0.265423	-0.294971	-0.294875	-0.290458	-0.310709	-0.355204	-0.371091	-0.367458	-0.389416	-0.494126	-0.664211	-0.865159	-1.01803	-1.08094	-1.01067	-0.80724	
-0.268285	-0.256994	-0.264861	-0.253388	-0.251577	-0.257341	-0.249513	-0.259973	-0.262721	-0.258739	-0.284103	-0.288095	-0.29076	-0.308126	-0.354466	-0.370528	-0.368321	-0.384594	-0.479646	-0.648477	-0.852507	-1.00984	-1.07944	-1.01855	-0.822977	
-0.265394	-0.260925	-0.269756	-0.254684	-0.257341	-0.264082	-0.25155	-0.265965	-0.265914	-0.259985	-0.275402	-0.283982	-0.289582	-0.310603	-0.352246	-0.37018	-0.365623	-0.383511	-0.479378	-0.646725	-0.849061	-1.008	-1.08045	-1.02002	-0.824905	
-0.275164	-0.256271	-0.262469	-0.252103	-0.249513	-0.25155	-0.248372	-0.25968	-0.259293	-0.262636	-0.295619	-0.296308	-0.290691	-0.308799	-0.353152	-0.370784	-0.368135	-0.38571	-0.489023	-0.65621	-0.858113	-1.01481	-1.07964	-1.0138	-0.815649	
-0.275493	-0.266875	-0.271377	-0.262886	-0.259973	-0.265965	-0.25968	-0.267812	-0.270358	-0.26893	-0.284396	-0.285388	-0.290581	-0.317781	-0.361005	-0.374954	-0.369363	-0.396913	-0.502322	-0.678188	-0.880658	-1.02638	-1.08066	-1.00153	-0.791705	
-0.276456	-0.265822	-0.273043	-0.26263	-0.262721	-0.265914	-0.259293	-0.270358	-0.270384	-0.267859	-0.2893	-0.292723	-0.300565	-0.329784	-0.367938	-0.375306	-0.371931	-0.411238	-0.534528	-0.715935	-0.91066	-1.04347	-1.07799	-0.978186	-0.754046	
-0.288846	-0.264384	-0.271028	-0.265423	-0.258739	-0.259985	-0.262636	-0.26893	-0.267859	-0.272711	-0.310284	-0.307768	-0.310117	-0.339988	-0.375601	-0.378067	-0.381622	-0.436737	-0.576337	-0.765379	-0.950169	-1.06082	-1.06998	-0.944349	-0.699395	
-0.313987	-0.298416	-0.281565	-0.294971	-0.284103	-0.275402	-0.295619	-0.284396	-0.2893	-0.310284	-0.313636	-0.298377	-0.308093	-0.360421	-0.384166	-0.38598	-0.39414	-0.480286	-0.635182	-0.82495	-0.99419	-1.07655	-1.05251	-0.893271	-0.624542	
-0.307082	-0.299538	-0.28429	-0.294875	-0.288095	-0.283982	-0.296308	-0.285388	-0.292723	-0.307768	-0.298377	-0.30475	-0.341374	-0.390465	-0.395217	-0.390571	-0.42173	-0.537001	-0.708578	-0.899745	-1.03658	-1.08318	-1.0178	-0.820814	-0.528938	
-0.309337	-0.306121	-0.292648	-0.290458	-0.29076	-0.289582	-0.290691	-0.290581	-0.300565	-0.310117	-0.308093	-0.341374	-0.385088	-0.405904	-0.392743	-0.402443	-0.472709	-0.622298	-0.801093	-0.970838	-1.07134	-1.07406	-0.958375	-0.726198	-0.410237	
-0.348324	-0.331846	-0.324263	-0.310709	-0.308126	-0.310603	-0.308799	-0.317781	-0.329784	-0.339988	-0.360421	-0.390465	-0.405904	-0.397616	-0.395155	-0.441881	-0.558641	-0.726498	-0.90185	-1.03931	-1.08721	-1.0368	-0.87248	-0.604667	-0.264027	
-0.378211	-0.370752	-0.364361	-0.355204	-0.354466	-0.352246	-0.353152	-0.361005	-0.367938	-0.375601	-0.384166	-0.395217	-0.392743	-0.395155	-0.432284	-0.531165	-0.679821	-0.851944	-0.99555	-1.08053	-1.07426	-0.967536	-0.752218	-0.452188	-0.0937002	
-0.381435	-0.376095	-0.375222	-0.371091	-0.370528	-0.37018	-0.370784	-0.374954	-0.375306	-0.378067	-0.38598	-0.390571	-0.402443	-0.441881	-0.531165	-0.662682	-0.820858	-0.965095	-1.06564	-1.0928	-1.01961	-0.855583	-0.596959	-0.271102	0.0991972	
-0.384221	-0.376305	-0.369811	-0.367458	-0.368321	-0.365623	-0.368135	-0.369363	-0.371931	-0.381622	-0.39414	-0.42173	-0.472709	-0.558641	-0.679821	-0.820858	-0.957105	-1.05672	-1.09472	-1.04865	-0.91829	-0.702517	-0.404276	-0.0613988	0.31031	
-0.450964	-0.421784	-0.401246	-0.389416	-0.384594	-0.383511	-0.38571	-0.396913	-0.411238	-0.436737	-0.480286	-0.537001	-0.622298	-0.726498	-0.851944	-0.965095	-1.05672	-1.09108	-1.06329	-0.95467	-0.764914	-0.499489	-0.17891	0.169596	0.532394	
-0.598282	-0.548906	-0.514272	-0.494126	-0.479646	-0.479378	-0.489023	-0.502322	-0.534528	-0.576337	-0.635182	-0.708578	-0.801093	-0.90185	-0.99555	-1.06564	-1.09472	-1.06329	-0.96819	-0.79029	-0.555599	-0.260126	0.0713037	0.417382	0.755042	
-0.788168	-0.732038	-0.692509	-0.664211	-0.648477	-0.646725	-0.65621	-0.678188	-0.715935	-0.765379	-0.82495	-0.899745	-0.970838	-1.03931	-1.08053	-1.0928	-1.04865	-0.95467	-0.79029	-0.573463	-0.304203	0.0145194	0.340402	0.667922	0.964549	
-0.968101	-0.925423	-0.890574	-0.865159	-0.852507	-0.849061	-0.858113	-0.880658	-0.91066	-0.950169	-0.99419	-1.03658	-1.07134	-1.08721	-1.07426	-1.01961	-0.91829	-0.764914	-0.555599	-0.304203	-0.00410664	0.303725	0.610595	0.908038	1.15068	
-1.06754	-1.05181	-1.0318	-1.01803	-1.00984	-1.008	-1.01481	-1.02638	-1.04347	-1.06082	-1.07655	-1.08318	-1.07406	-1.0368	-0.967536	-0.855583	-0.702517	-0.499489	-0.260126	0.0145194	0.303725	0.590583	0.87721	1.12038	1.30161	
-1.06446	-1.07639	-1.08092	-1.08094	-1.07944	-1.08045	-1.07964	-1.08066	-1.07799	-1.06998	-1.05251	-1.0178	-0.958375	-0.87248	-0.752218	-0.596959	-0.404276	-0.17891	0.0713037	0.340402	0.610595	0.87721	1.11039	1.28521	1.41216	
-0.926355	-0.966125	-0.994337	-1.01067	-1.01855	-1.02002	-1.0138	-1.00153	-0.978186	-0.944349	-0.893271	-0.820814	-0.726198	-0.604667	-0.452188	-0.271102	-0.0613988	0.169596	0.417382	0.667922	0.908038	1.12038	1.28521	1.40598	1.47167	
-0.671559	-0.733714	-0.777957	-0.80724	-0.822977	-0.824905	-0.815649	-0.791705	-0.754046	-0.699395	-0.624542	-0.528938	-0.410237	-0.264027	-0.0937002	0.0991972	0.31031	0.532394	0.755042	0.964549	1.15068	1.30161	1.41216	1.47167	1.45862	
