-0.58305	-0.801223	-0.968698	-1.0752	-1.1246	-1.13557	-1.0998	-1.01885	-0.875078	-0.675452	-0.432716	-0.159636	0.114639	0.358637	0.576892	0.756481	0.887307	0.953286	0.967091	0.932387	0.836148	0.682185	0.506668	0.331858	0.177623	
-0.589612	-0.775842	-0.915908	-1.00129	-1.03615	-1.04222	-1.01981	-0.957187	-0.837926	-0.669328	-0.457551	-0.213982	0.0321639	0.266011	0.478821	0.6658	0.813532	0.897693	0.932616	0.917789	0.833199	0.694041	0.518633	0.338648	0.180949	
-0.595348	-0.744977	-0.855847	-0.917582	-0.943514	-0.947492	-0.931083	-0.886181	-0.794894	-0.659858	-0.486145	-0.276008	-0.0534018	0.169854	0.380794	0.572167	0.732422	0.841949	0.89972	0.895782	0.820019	0.685565	0.511439	0.329028	0.166072	
-0.596875	-0.706972	-0.779012	-0.815822	-0.832167	-0.834215	-0.824272	-0.797274	-0.740362	-0.645651	-0.510208	-0.3325	-0.127945	0.0876576	0.294464	0.487241	0.652513	0.778177	0.850625	0.853207	0.779683	0.648272	0.481261	0.300657	0.138913	
-0.577747	-0.648633	-0.68098	-0.690144	-0.693417	-0.694605	-0.691355	-0.686044	-0.665438	-0.611668	-0.511743	-0.36224	-0.175105	0.027406	0.225821	0.40725	0.570346	0.698027	0.769576	0.775322	0.705727	0.574485	0.416217	0.246026	0.10219	
-0.534411	-0.568973	-0.56154	-0.538789	-0.52272	-0.520772	-0.530365	-0.553535	-0.569226	-0.554512	-0.488058	-0.366698	-0.199454	-0.0159333	0.167814	0.334686	0.485853	0.600236	0.657728	0.654216	0.587052	0.462199	0.310532	0.163364	0.0459034	
-0.475953	-0.476766	-0.429565	-0.367545	-0.322939	-0.314336	-0.34651	-0.404327	-0.462215	-0.483226	-0.448526	-0.356033	-0.209803	-0.042427	0.12012	0.27382	0.402814	0.492696	0.527337	0.504702	0.431191	0.310791	0.16498	0.0433994	-0.0425491	
-0.393404	-0.364949	-0.28861	-0.198498	-0.128737	-0.115306	-0.165821	-0.251933	-0.338752	-0.388549	-0.384346	-0.324395	-0.207636	-0.062302	0.0842686	0.223804	0.334576	0.399203	0.404045	0.353061	0.254395	0.122509	-0.0135335	-0.112364	-0.164539	
-0.300404	-0.249639	-0.1557	-0.0458394	0.0363425	0.053245	-0.00776172	-0.11058	-0.216637	-0.286175	-0.304835	-0.268195	-0.174811	-0.0496945	0.0799457	0.198366	0.281891	0.31213	0.285943	0.202926	0.078888	-0.0714942	-0.198931	-0.274391	-0.29658	
-0.200521	-0.138085	-0.0372309	0.0667421	0.143395	0.15918	0.102657	0.00493716	-0.0996665	-0.182206	-0.214024	-0.195633	-0.12341	-0.0206439	0.0906793	0.18578	0.240783	0.234919	0.176696	0.0628358	-0.0870952	-0.246813	-0.365195	-0.418449	-0.41106	
-0.126561	-0.0544033	0.0468239	0.142528	0.205296	0.216108	0.172833	0.087411	-0.0151645	-0.103409	-0.14732	-0.138198	-0.077293	0.00634283	0.100536	0.174258	0.198746	0.166172	0.0771375	-0.0581481	-0.220446	-0.382953	-0.492163	-0.530617	-0.504364	
-0.0840391	-0.00315046	0.103282	0.195816	0.250328	0.260243	0.222575	0.143264	0.039063	-0.0566735	-0.109325	-0.102547	-0.0489043	0.0261033	0.10856	0.16356	0.167178	0.11544	0.00721004	-0.136242	-0.299737	-0.453203	-0.553817	-0.592916	-0.559781	
-0.0544121	0.0263116	0.13419	0.227128	0.284486	0.295036	0.255121	0.174708	0.0689709	-0.027359	-0.0794561	-0.0752562	-0.0280771	0.0395708	0.109927	0.151978	0.143147	0.0857986	-0.0203211	-0.158815	-0.310617	-0.445909	-0.542112	-0.581856	-0.548456	
-0.0347914	0.0392505	0.142938	0.242391	0.309401	0.321811	0.274695	0.185458	0.0787323	-0.0102215	-0.0568869	-0.0539482	-0.0121335	0.0470914	0.108862	0.144936	0.13394	0.0840103	-0.00659625	-0.128331	-0.260813	-0.379982	-0.468169	-0.504468	-0.470999	
-0.036876	0.0349726	0.139806	0.250995	0.330532	0.34666	0.288447	0.185876	0.0735507	-0.0131824	-0.0579755	-0.0529646	-0.0126863	0.0482459	0.109828	0.153697	0.155848	0.120831	0.0486376	-0.0549333	-0.173509	-0.27777	-0.35171	-0.374515	-0.32797	
-0.055933	0.0252304	0.135031	0.249967	0.336001	0.353648	0.289796	0.182489	0.066594	-0.0286098	-0.0802966	-0.079438	-0.0374094	0.0305854	0.103903	0.167675	0.198708	0.18642	0.133389	0.0424208	-0.0638192	-0.153473	-0.210073	-0.215635	-0.158522	
-0.0870562	0.00840735	0.124934	0.238584	0.322613	0.338912	0.277481	0.171893	0.0544668	-0.0540892	-0.12015	-0.127593	-0.0791401	-0.00178839	0.0857798	0.172842	0.234024	0.247486	0.215518	0.138858	0.0456289	-0.0319661	-0.0709873	-0.0629558	-0.00836901	
-0.123512	-0.0118676	0.108561	0.21977	0.296279	0.311171	0.255712	0.15495	0.0372007	-0.0821074	-0.170108	-0.187823	-0.137655	-0.0523155	0.0515248	0.160143	0.241431	0.276027	0.25941	0.200768	0.123322	0.0651559	0.0461393	0.0628935	0.109072	
-0.152435	-0.0273413	0.101868	0.211738	0.290763	0.307094	0.247499	0.148807	0.025794	-0.105891	-0.206756	-0.239956	-0.199765	-0.112856	-0.00269924	0.116628	0.210344	0.257821	0.256141	0.220629	0.165918	0.124953	0.119131	0.141235	0.174879	
-0.147433	-0.0178365	0.119471	0.240734	0.326338	0.343656	0.28036	0.170921	0.0379068	-0.0989448	-0.209238	-0.259601	-0.238162	-0.173173	-0.0736825	0.0414012	0.132202	0.185823	0.203498	0.193132	0.169351	0.148292	0.149372	0.164941	0.181448	
-0.0962732	0.0368389	0.183049	0.313997	0.406027	0.424542	0.357381	0.238736	0.0957688	-0.0459651	-0.163355	-0.23322	-0.247076	-0.221414	-0.154341	-0.0614866	0.0189257	0.0795842	0.114575	0.129593	0.132559	0.128607	0.130026	0.13547	0.135194	
0.00298243	0.148918	0.306872	0.444214	0.537353	0.556704	0.48759	0.367001	0.211949	0.0584382	-0.0706298	-0.16652	-0.222094	-0.24087	-0.220056	-0.162918	-0.0979673	-0.0344926	0.0163463	0.050393	0.0698734	0.0738278	0.0706392	0.0640551	0.0501114	
0.156038	0.319369	0.490259	0.630276	0.717316	0.73361	0.672325	0.551292	0.389013	0.218867	0.067915	-0.0588533	-0.153393	-0.217851	-0.242679	-0.229069	-0.18975	-0.131736	-0.0699384	-0.0258045	0.00431235	0.0119668	0.00381591	-0.0126824	-0.0344889	
0.351812	0.533678	0.706243	0.840248	0.914193	0.92707	0.877404	0.765929	0.605424	0.424339	0.246539	0.085408	-0.0528341	-0.160965	-0.228955	-0.257019	-0.247537	-0.199329	-0.13652	-0.0840152	-0.0483658	-0.0367995	-0.0506553	-0.0746763	-0.102853	
0.565713	0.762872	0.93768	1.06443	1.13357	1.1461	1.0985	0.995311	0.836707	0.645646	0.448802	0.254483	0.0750619	-0.0665698	-0.170085	-0.228436	-0.238439	-0.206343	-0.153521	-0.100783	-0.068247	-0.0582909	-0.0739589	-0.101797	-0.134769	
0.78402	0.990365	1.16697	1.30084	1.37338	1.38588	1.33767	1.22652	1.06535	0.869198	0.653328	0.43645	0.230265	0.0581876	-0.0630774	-0.132763	-0.155872	-0.13723	-0.101397	-0.0667168	-0.0431899	-0.0326276	-0.0448605	-0.0718532	-0.107016	
0.990365	1.20278	1.38362	1.5226	1.60556	1.62069	1.56319	1.4447	1.27937	1.07801	0.854596	0.62511	0.40138	0.211109	0.0742101	-0.00186305	-0.0281485	-0.018978	-3.03408e-05	0.0198191	0.0312743	0.0392436	0.033483	0.0113467	-0.0307108	
1.16697	1.38362	1.56747	1.71077	1.80203	1.82006	1.75384	1.63085	1.46128	1.25644	1.03	0.798108	0.573639	0.374997	0.223965	0.13905	0.104348	0.104277	0.118068	0.132664	0.137714	0.142386	0.139605	0.118916	0.0719337	
1.30084	1.5226	1.71077	1.85548	1.94972	1.96801	1.90022	1.77411	1.60326	1.39255	1.15858	0.927866	0.712684	0.513152	0.358442	0.264583	0.218302	0.213651	0.231477	0.246545	0.252211	0.246002	0.23472	0.211038	0.166131	
1.37338	1.60556	1.80203	1.94972	2.04758	2.06726	1.99508	1.86729	1.68985	1.46863	1.22812	0.998597	0.794419	0.60546	0.45154	0.35358	0.299658	0.289607	0.311951	0.332502	0.335326	0.318605	0.295199	0.266078	0.224277	
1.38588	1.62069	1.82006	1.96801	2.06726	2.08714	2.01365	1.8857	1.70614	1.48201	1.24092	1.01086	0.809386	0.623777	0.470134	0.371151	0.316718	0.305082	0.327932	0.350315	0.352618	0.331681	0.306292	0.275977	0.233858	
1.33767	1.56319	1.75384	1.90022	1.99508	2.01365	1.94528	1.81787	1.64511	1.43062	1.19295	0.963279	0.753132	0.556478	0.402434	0.306247	0.255063	0.248528	0.269141	0.285936	0.291065	0.281054	0.264241	0.237904	0.194572	
1.22652	1.4447	1.63085	1.77411	1.86729	1.8857	1.81787	1.69393	1.52389	1.31626	1.0884	0.856655	0.634511	0.435727	0.281518	0.191942	0.153214	0.150152	0.16522	0.179825	0.185015	0.185865	0.180824	0.159087	0.112202	
1.06535	1.27937	1.46128	1.60326	1.68985	1.70614	1.64511	1.52389	1.35628	1.15374	0.928863	0.697408	0.472121	0.276885	0.134034	0.055258	0.025911	0.0313486	0.0473615	0.0633342	0.0704147	0.0780264	0.074878	0.053741	0.00912557	
0.869198	1.07801	1.25644	1.39255	1.46863	1.48201	1.43062	1.31626	1.15374	0.955473	0.735503	0.512407	0.297149	0.116248	-0.01086	-0.0834977	-0.108283	-0.0930546	-0.0652495	-0.03778	-0.0182757	-0.00906314	-0.0183398	-0.0433833	-0.0815528	
0.653328	0.854596	1.03	1.15858	1.22812	1.24092	1.19295	1.0884	0.928863	0.735503	0.530988	0.326158	0.134272	-0.0198436	-0.132826	-0.196698	-0.213034	-0.187338	-0.140238	-0.0936889	-0.0652794	-0.0539825	-0.0689238	-0.0971438	-0.130138	
0.43645	0.62511	0.798108	0.927866	0.998597	1.01086	0.963279	0.856655	0.697408	0.512407	0.326158	0.150501	-0.00521586	-0.128109	-0.211588	-0.253837	-0.253188	-0.210616	-0.151313	-0.0966905	-0.0605256	-0.0503097	-0.0650885	-0.0910854	-0.122309	
0.230265	0.40138	0.573639	0.712684	0.794419	0.809386	0.753132	0.634511	0.472121	0.297149	0.134272	-0.00521586	-0.116618	-0.199373	-0.241536	-0.245128	-0.218871	-0.163816	-0.100615	-0.0527368	-0.0196434	-0.00947485	-0.0205602	-0.0402131	-0.0643676	
0.0581876	0.211109	0.374997	0.513152	0.60546	0.623777	0.556478	0.435727	0.276885	0.116248	-0.0198436	-0.128109	-0.199373	-0.235797	-0.234221	-0.194485	-0.137537	-0.0760964	-0.0196922	0.0194823	0.0438846	0.0484743	0.0432161	0.0323332	0.0149153	
-0.0630774	0.0742101	0.223965	0.358442	0.45154	0.470134	0.402434	0.281518	0.134034	-0.01086	-0.132826	-0.211588	-0.241536	-0.234221	-0.18461	-0.104927	-0.0302409	0.0325142	0.0739821	0.0981957	0.108513	0.109522	0.109364	0.11038	0.103895	
-0.132763	-0.00186305	0.13905	0.264583	0.35358	0.371151	0.306247	0.191942	0.055258	-0.0834977	-0.196698	-0.253837	-0.245128	-0.194485	-0.104927	0.0025527	0.0904235	0.14692	0.171292	0.17116	0.159935	0.145621	0.14773	0.159366	0.169406	
-0.155872	-0.0281485	0.104348	0.218302	0.299658	0.316718	0.255063	0.153214	0.025911	-0.108283	-0.213034	-0.253188	-0.218871	-0.137537	-0.0302409	0.0904235	0.184643	0.234174	0.240666	0.21532	0.171684	0.138989	0.136637	0.157224	0.18421	
-0.13723	-0.018978	0.104277	0.213651	0.289607	0.305082	0.248528	0.150152	0.0313486	-0.0930546	-0.187338	-0.210616	-0.163816	-0.0760964	0.0325142	0.14692	0.234174	0.275326	0.263408	0.213593	0.145223	0.0939423	0.0811695	0.101019	0.142353	
-0.101397	-3.03408e-05	0.118068	0.231477	0.311951	0.327932	0.269141	0.16522	0.0473615	-0.0652495	-0.140238	-0.151313	-0.100615	-0.0196922	0.0739821	0.171292	0.240666	0.263408	0.23903	0.16884	0.080982	0.0106472	-0.0205066	-0.00863319	0.0436099	
-0.0667168	0.0198191	0.132664	0.246545	0.332502	0.350315	0.285936	0.179825	0.0633342	-0.03778	-0.0936889	-0.0966905	-0.0527368	0.0194823	0.0981957	0.17116	0.21532	0.213593	0.16884	0.0830601	-0.0175175	-0.103529	-0.152543	-0.151645	-0.095709	
-0.0431899	0.0312743	0.137714	0.252211	0.335326	0.352618	0.291065	0.185015	0.0704147	-0.0182757	-0.0652794	-0.0605256	-0.0196434	0.0438846	0.108513	0.159935	0.171684	0.145223	0.080982	-0.0175175	-0.132142	-0.229146	-0.297047	-0.312231	-0.259796	
-0.0326276	0.0392436	0.142386	0.246002	0.318605	0.331681	0.281054	0.185865	0.0780264	-0.00906314	-0.0539825	-0.0503097	-0.00947485	0.0484743	0.109522	0.145621	0.138989	0.0939423	0.0106472	-0.103529	-0.229146	-0.342974	-0.425163	-0.458246	-0.420471	
-0.0448605	0.033483	0.139605	0.23472	0.295199	0.306292	0.264241	0.180824	0.074878	-0.0183398	-0.0689238	-0.0650885	-0.0205602	0.0432161	0.109364	0.14773	0.136637	0.0811695	-0.0205066	-0.152543	-0.297047	-0.425163	-0.518833	-0.557759	-0.52578	
-0.0718532	0.0113467	0.118916	0.211038	0.266078	0.275977	0.237904	0.159087	0.053741	-0.0433833	-0.0971438	-0.0910854	-0.0402131	0.0323332	0.11038	0.159366	0.157224	0.101019	-0.00863319	-0.151645	-0.312231	-0.458246	-0.557759	-0.598429	-0.563275	
-0.107016	-0.0307108	0.0719337	0.166131	0.224277	0.233858	0.194572	0.112202	0.00912557	-0.0815528	-0.130138	-0.122309	-0.0643676	0.0149153	0.103895	0.169406	0.18421	0.142353	0.0436099	-0.095709	-0.259796	-0.420471	-0.52578	-0.563275	-0.533199	
