-0.0756487	-0.0991	-0.125687	-0.150546	-0.156753	-0.155703	-0.155554	-0.136389	-0.109395	-0.08416	-0.0683492	-0.0707364	-0.0787581	-0.0983625	-0.131876	-0.159542	-0.173921	-0.161238	-0.120685	-0.0649291	0.00333242	0.0896234	0.197026	0.322728	0.463903	
-0.215252	-0.23061	-0.25536	-0.278726	-0.289438	-0.29031	-0.284415	-0.26608	-0.239318	-0.219642	-0.213834	-0.220271	-0.236963	-0.269813	-0.30744	-0.333079	-0.328919	-0.295192	-0.23807	-0.153823	-0.0498338	0.0643319	0.199322	0.345408	0.495285	
-0.336625	-0.339159	-0.355859	-0.375138	-0.389746	-0.392782	-0.381508	-0.363907	-0.344536	-0.335908	-0.342047	-0.352675	-0.371252	-0.405017	-0.439172	-0.455304	-0.440899	-0.395775	-0.323321	-0.220671	-0.0930047	0.0495435	0.208117	0.374687	0.534806	
-0.42656	-0.415763	-0.418193	-0.431879	-0.441844	-0.443794	-0.436656	-0.423394	-0.414756	-0.421963	-0.433856	-0.447327	-0.463056	-0.488422	-0.509657	-0.511834	-0.488418	-0.444204	-0.36611	-0.253527	-0.101829	0.0711836	0.251202	0.431859	0.597051	
-0.45415	-0.435716	-0.427364	-0.431199	-0.438611	-0.441034	-0.434088	-0.427468	-0.430764	-0.446595	-0.467174	-0.486463	-0.500255	-0.514559	-0.521748	-0.509074	-0.476568	-0.426492	-0.341656	-0.212756	-0.04151	0.152515	0.351596	0.53356	0.694328	
-0.429488	-0.399822	-0.379804	-0.36786	-0.363851	-0.364833	-0.364322	-0.374996	-0.390086	-0.416697	-0.448428	-0.471376	-0.485861	-0.495465	-0.481689	-0.449733	-0.398419	-0.333451	-0.237813	-0.0952082	0.0880578	0.294187	0.508791	0.692814	0.841666	
-0.378142	-0.33438	-0.295463	-0.260641	-0.240949	-0.238479	-0.250198	-0.281192	-0.317851	-0.3607	-0.4023	-0.429715	-0.446131	-0.440317	-0.40611	-0.354294	-0.272942	-0.180311	-0.0707808	0.0827652	0.271778	0.482713	0.699791	0.880617	1.01677	
-0.30913	-0.254577	-0.19831	-0.145777	-0.108714	-0.102117	-0.1283	-0.176154	-0.232248	-0.288214	-0.334344	-0.362479	-0.372082	-0.354696	-0.307879	-0.231509	-0.124723	-0.00272047	0.137063	0.303217	0.494391	0.701187	0.903654	1.07422	1.19004	
-0.216956	-0.16658	-0.107177	-0.0516417	-0.011178	-0.0038918	-0.0327889	-0.0839482	-0.143259	-0.198787	-0.239884	-0.261796	-0.262279	-0.240269	-0.187632	-0.0957524	0.0309167	0.18781	0.358179	0.536168	0.726897	0.9224	1.09992	1.24739	1.33618	
-0.124282	-0.0874115	-0.0401146	0.00569695	0.0339583	0.0382007	0.0199825	-0.0210527	-0.0691699	-0.110819	-0.142461	-0.15444	-0.140005	-0.111195	-0.0509755	0.0528143	0.193383	0.366656	0.556532	0.744936	0.931593	1.10639	1.2594	1.37548	1.44079	
-0.063346	-0.0397203	-0.00597706	0.0193133	0.0368298	0.0394383	0.0277818	0.00572586	-0.0261835	-0.0563392	-0.0685187	-0.0622185	-0.0326225	0.0148088	0.0846764	0.196227	0.3509	0.53167	0.725455	0.919785	1.09387	1.24526	1.36903	1.45233	1.492	
-0.0264099	-0.0141362	-0.00029204	0.000744521	0.00205126	0.00395797	-0.000124894	0.00182844	-0.00795087	-0.0234691	-0.01935	0.00568696	0.0488348	0.117035	0.209889	0.3362	0.499036	0.680258	0.870841	1.05776	1.22035	1.35268	1.44252	1.48502	1.48574	
-0.00392146	-0.0167669	-0.0302454	-0.0461353	-0.0621398	-0.0658851	-0.0525647	-0.036199	-0.0219279	-0.00964863	0.0108609	0.0543132	0.118852	0.202259	0.315548	0.458239	0.627307	0.807877	0.989355	1.16165	1.31037	1.41818	1.47278	1.47639	1.43527	
-0.00380916	-0.0456216	-0.0889113	-0.12342	-0.150597	-0.157209	-0.134538	-0.104712	-0.0630086	-0.0205998	0.0241353	0.0919839	0.178142	0.280601	0.412731	0.566281	0.734188	0.90398	1.06976	1.21943	1.34163	1.42391	1.45213	1.42084	1.34183	
-0.0209023	-0.0960147	-0.167262	-0.218232	-0.248146	-0.255114	-0.231785	-0.192039	-0.125255	-0.0519939	0.0277632	0.124844	0.23726	0.364015	0.5108	0.661197	0.820189	0.97176	1.10843	1.22662	1.32237	1.37462	1.37498	1.31634	1.20879	
-0.0351815	-0.143019	-0.242547	-0.306927	-0.338195	-0.343178	-0.322238	-0.273325	-0.185556	-0.0784007	0.0327081	0.159435	0.301859	0.453481	0.608296	0.754897	0.893996	1.01796	1.12204	1.20042	1.25533	1.27611	1.25063	1.16961	1.05004	
-0.0399951	-0.17651	-0.297138	-0.368625	-0.394923	-0.397937	-0.383436	-0.332032	-0.229135	-0.0946089	0.0470269	0.205705	0.376169	0.549495	0.705051	0.837516	0.951169	1.04344	1.10913	1.15031	1.15988	1.14685	1.0956	0.996655	0.865853	
-0.0238707	-0.181109	-0.317407	-0.398346	-0.42629	-0.429382	-0.414504	-0.356866	-0.240273	-0.0877249	0.074634	0.250453	0.439433	0.62794	0.782379	0.896091	0.984841	1.04185	1.06838	1.06936	1.04328	0.99832	0.922623	0.807401	0.669064	
0.0127993	-0.154123	-0.298914	-0.388495	-0.419625	-0.4234	-0.40602	-0.343305	-0.216565	-0.0549148	0.117039	0.300509	0.495246	0.679176	0.823188	0.917675	0.982541	1.01092	1.00327	0.966688	0.910243	0.836303	0.742716	0.625587	0.48371	
0.0718228	-0.0902231	-0.236036	-0.329948	-0.367423	-0.372815	-0.350547	-0.281194	-0.152445	0.00613001	0.173307	0.353322	0.535994	0.702091	0.827398	0.901731	0.940423	0.945063	0.908414	0.843517	0.75901	0.671031	0.569233	0.450498	0.311475	
0.163637	0.0131138	-0.12308	-0.215663	-0.264176	-0.27288	-0.239551	-0.166041	-0.0446602	0.103628	0.253732	0.411076	0.568963	0.703246	0.796702	0.850903	0.868373	0.850914	0.792435	0.707524	0.60862	0.512608	0.410125	0.303837	0.177362	
0.271038	0.145887	0.0296983	-0.0613354	-0.114003	-0.12203	-0.0874691	-0.010253	0.0975801	0.220963	0.347869	0.475831	0.591488	0.680478	0.732541	0.756629	0.752846	0.718343	0.650082	0.555913	0.458217	0.365696	0.277816	0.189779	0.0873187	
0.385578	0.295234	0.205179	0.127439	0.075618	0.0670185	0.101932	0.172231	0.258022	0.349726	0.443154	0.532034	0.596909	0.627688	0.631301	0.616124	0.586586	0.540746	0.477029	0.394912	0.315066	0.243007	0.177353	0.104831	0.0227319	
0.501358	0.455183	0.403518	0.349466	0.306505	0.29679	0.330255	0.38155	0.434915	0.482608	0.528032	0.560569	0.568365	0.54107	0.496089	0.445597	0.398855	0.345923	0.294063	0.23749	0.186369	0.142784	0.0986954	0.0431411	-0.0208697	
0.594901	0.608922	0.612877	0.603452	0.585853	0.581454	0.596933	0.610062	0.611947	0.60157	0.585041	0.56009	0.508982	0.433577	0.348701	0.270227	0.210071	0.159986	0.120954	0.0919181	0.0694376	0.0540951	0.0356239	0.00582044	-0.0413935	
0.680605	0.764096	0.823368	0.862223	0.877013	0.878746	0.871033	0.841997	0.790683	0.715914	0.62863	0.54216	0.432405	0.316071	0.205617	0.104946	0.0328869	-0.0109628	-0.0368879	-0.0385814	-0.0279183	-0.00908171	-0.00100275	-0.0155898	-0.0467864	
0.764096	0.902401	1.01107	1.09528	1.13898	1.14463	1.11893	1.04754	0.949094	0.822984	0.671372	0.517547	0.358717	0.204108	0.0638517	-0.0539211	-0.133304	-0.174117	-0.183033	-0.158058	-0.117066	-0.0637065	-0.0254183	-0.0116568	-0.0269779	
0.823368	1.01107	1.16109	1.27974	1.35391	1.36675	1.31633	1.21214	1.07533	0.90262	0.697446	0.486852	0.281955	0.0976328	-0.0652999	-0.19652	-0.279427	-0.314672	-0.310536	-0.266858	-0.199564	-0.118522	-0.0510322	-0.00796744	0.000332852	
0.862223	1.09528	1.27974	1.43044	1.52802	1.54728	1.47651	1.34489	1.17315	0.961782	0.707341	0.449103	0.211222	0.010789	-0.158365	-0.289847	-0.372269	-0.398723	-0.384568	-0.335162	-0.256475	-0.15992	-0.0736497	-0.0145691	0.0152003	
0.877013	1.13898	1.35391	1.52802	1.64851	1.67077	1.58519	1.42876	1.23045	0.987027	0.703745	0.412882	0.162648	-0.0428924	-0.209086	-0.332847	-0.404408	-0.429101	-0.410553	-0.364927	-0.286601	-0.18971	-0.0950603	-0.0207334	0.0271691	
0.878746	1.14463	1.36675	1.54728	1.67077	1.69357	1.60606	1.44382	1.23889	0.990858	0.702128	0.404557	0.153272	-0.0513018	-0.217626	-0.339351	-0.408656	-0.432264	-0.413095	-0.368638	-0.293042	-0.196737	-0.100296	-0.0208013	0.030174	
0.871033	1.11893	1.31633	1.47651	1.58519	1.60606	1.52741	1.38553	1.20271	0.975727	0.707154	0.433699	0.188078	-0.01578	-0.183141	-0.31241	-0.390603	-0.415769	-0.399766	-0.351043	-0.270435	-0.172596	-0.0817941	-0.0181519	0.0198147	
0.841997	1.04754	1.21214	1.34489	1.42876	1.44382	1.38553	1.26891	1.11742	0.929447	0.703442	0.471517	0.252725	0.0603591	-0.107604	-0.240908	-0.325014	-0.356348	-0.346569	-0.299363	-0.22708	-0.138129	-0.0605465	-0.00906665	0.00807455	
0.790683	0.949094	1.07533	1.17315	1.23045	1.23889	1.20271	1.11742	1.00393	0.857462	0.683819	0.505848	0.327416	0.159575	0.0095051	-0.114993	-0.195763	-0.234866	-0.238657	-0.205251	-0.15124	-0.0858213	-0.0355841	-0.00951561	-0.0157927	
0.715914	0.822984	0.90262	0.961782	0.987027	0.990858	0.975727	0.929447	0.857462	0.761786	0.646671	0.532947	0.40245	0.271739	0.148781	0.0409021	-0.0350979	-0.0770134	-0.0956797	-0.0860291	-0.0648141	-0.0311693	-0.0108101	-0.0156341	-0.0414146	
0.62863	0.671372	0.697446	0.707341	0.703745	0.702128	0.707154	0.703442	0.683819	0.646671	0.602391	0.554173	0.479186	0.386544	0.290607	0.202637	0.137865	0.0898305	0.0558308	0.0376657	0.0288285	0.0264518	0.0176739	-0.0055076	-0.0455403	
0.54216	0.517547	0.486852	0.449103	0.412882	0.404557	0.433699	0.471517	0.505848	0.532947	0.554173	0.563547	0.547532	0.499981	0.437471	0.375113	0.321724	0.270149	0.223276	0.177383	0.137511	0.105279	0.0708614	0.0261479	-0.0315072	
0.432405	0.358717	0.281955	0.211222	0.162648	0.153272	0.188078	0.252725	0.327416	0.40245	0.479186	0.547532	0.590221	0.596361	0.579974	0.549659	0.513142	0.462836	0.402956	0.330856	0.262336	0.201001	0.1442	0.077158	0.00269764	
0.316071	0.204108	0.0976328	0.010789	-0.0428924	-0.0513018	-0.01578	0.0603591	0.159575	0.271739	0.386544	0.499981	0.596361	0.663223	0.696476	0.705803	0.691133	0.651744	0.584076	0.492426	0.399185	0.313064	0.233604	0.152241	0.059285	
0.205617	0.0638517	-0.0652999	-0.158365	-0.209086	-0.217626	-0.183141	-0.107604	0.0095051	0.148781	0.290607	0.437471	0.579974	0.696476	0.775028	0.819034	0.828715	0.804124	0.739023	0.64784	0.549461	0.452392	0.354148	0.254715	0.136476	
0.104946	-0.0539211	-0.19652	-0.289847	-0.332847	-0.339351	-0.31241	-0.240908	-0.114993	0.0409021	0.202637	0.375113	0.549659	0.705803	0.819034	0.88613	0.915249	0.909896	0.86425	0.791226	0.697859	0.605972	0.502692	0.387721	0.252688	
0.0328869	-0.133304	-0.279427	-0.372269	-0.404408	-0.408656	-0.390603	-0.325014	-0.195763	-0.0350979	0.137865	0.321724	0.513142	0.691133	0.828715	0.915249	0.970649	0.988297	0.968098	0.918917	0.850867	0.770988	0.671973	0.553402	0.411919	
-0.0109628	-0.174117	-0.314672	-0.398723	-0.429101	-0.432264	-0.415769	-0.356348	-0.234866	-0.0770134	0.0898305	0.270149	0.462836	0.651744	0.804124	0.909896	0.988297	1.03346	1.04605	1.03119	0.992283	0.934073	0.851353	0.733764	0.593939	
-0.0368879	-0.183033	-0.310536	-0.384568	-0.410553	-0.413095	-0.399766	-0.346569	-0.238657	-0.0956797	0.0558308	0.223276	0.402956	0.584076	0.739023	0.86425	0.968098	1.04605	1.09518	1.12118	1.11616	1.08947	1.02746	0.921358	0.786447	
-0.0385814	-0.158058	-0.266858	-0.335162	-0.364927	-0.368638	-0.351043	-0.299363	-0.205251	-0.0860291	0.0376657	0.177383	0.330856	0.492426	0.64784	0.791226	0.918917	1.03119	1.12118	1.18397	1.21902	1.22767	1.19131	1.10335	0.979014	
-0.0279183	-0.117066	-0.199564	-0.256475	-0.286601	-0.293042	-0.270435	-0.22708	-0.15124	-0.0648141	0.0288285	0.137511	0.262336	0.399185	0.549461	0.697859	0.850867	0.992283	1.11616	1.21902	1.30041	1.33973	1.32993	1.26184	1.14846	
-0.00908171	-0.0637065	-0.118522	-0.15992	-0.18971	-0.196737	-0.172596	-0.138129	-0.0858213	-0.0311693	0.0264518	0.105279	0.201001	0.313064	0.452392	0.605972	0.770988	0.934073	1.08947	1.22767	1.33973	1.41049	1.42784	1.38434	1.29255	
-0.00100275	-0.0254183	-0.0510322	-0.0736497	-0.0950603	-0.100296	-0.0817941	-0.0605465	-0.0355841	-0.0108101	0.0176739	0.0708614	0.1442	0.233604	0.354148	0.502692	0.671973	0.851353	1.02746	1.19131	1.32993	1.42784	1.47096	1.4605	1.4028	
-0.0155898	-0.0116568	-0.00796744	-0.0145691	-0.0207334	-0.0208013	-0.0181519	-0.00906665	-0.00951561	-0.0156341	-0.0055076	0.0261479	0.077158	0.152241	0.254715	0.387721	0.553402	0.733764	0.921358	1.10335	1.26184	1.38434	1.4605	1.48637	1.47079	
-0.0467864	-0.0269779	0.000332852	0.0152003	0.0271691	0.030174	0.0198147	0.00807455	-0.0157927	-0.0414146	-0.0455403	-0.0315072	0.00269764	0.059285	0.136476	0.252688	0.411919	0.593939	0.786447	0.979014	1.14846	1.29255	1.4028	1.47079	1.49552	
