0.273109	0.112008	-0.0689308	-0.219171	-0.314729	-0.331257	-0.265168	-0.134756	0.0388606	0.21359	0.346136	0.422235	0.430536	0.364557	0.241418	0.0835473	-0.0654918	-0.189623	-0.283067	-0.327109	-0.324225	-0.290489	-0.239345	-0.19565	-0.164279	
0.258485	0.0668062	-0.138459	-0.307688	-0.404247	-0.418627	-0.356331	-0.213328	-0.0163842	0.186691	0.348552	0.447631	0.469257	0.410236	0.293514	0.134364	-0.0179475	-0.153468	-0.268795	-0.349202	-0.396671	-0.414167	-0.414199	-0.410116	-0.405904	
0.221214	0.00662784	-0.217938	-0.393004	-0.490083	-0.506605	-0.441632	-0.296467	-0.085929	0.140891	0.325061	0.442786	0.486305	0.455079	0.35061	0.204908	0.0533783	-0.0917675	-0.225399	-0.344345	-0.435122	-0.498103	-0.547809	-0.587271	-0.608366	
0.161776	-0.0648861	-0.294123	-0.472416	-0.566048	-0.581723	-0.519847	-0.37505	-0.158928	0.0754676	0.274379	0.408383	0.480085	0.479467	0.401428	0.270554	0.123719	-0.0210542	-0.165476	-0.310084	-0.43323	-0.531582	-0.621792	-0.707875	-0.759358	
0.0750143	-0.151186	-0.376483	-0.549857	-0.638715	-0.652416	-0.59542	-0.454826	-0.243975	-0.0124091	0.192223	0.345502	0.442706	0.475798	0.426276	0.311019	0.174923	0.0370374	-0.106618	-0.257543	-0.401868	-0.527336	-0.6501	-0.768905	-0.856193	
-0.0351724	-0.260852	-0.478375	-0.637306	-0.719031	-0.730093	-0.680126	-0.55033	-0.352366	-0.122946	0.0877789	0.26386	0.389565	0.450731	0.428117	0.333331	0.207521	0.0778318	-0.0599685	-0.210384	-0.367486	-0.515579	-0.661768	-0.798205	-0.905978	
-0.149253	-0.373662	-0.585087	-0.734739	-0.81247	-0.824301	-0.77419	-0.653967	-0.462832	-0.23723	-0.024503	0.166621	0.31977	0.405419	0.409813	0.336291	0.216749	0.0828165	-0.0545273	-0.199893	-0.357337	-0.51585	-0.667494	-0.807977	-0.923106	
-0.259289	-0.478816	-0.684752	-0.828401	-0.904302	-0.918346	-0.865931	-0.75156	-0.564919	-0.346585	-0.132414	0.0667819	0.231423	0.335146	0.349324	0.280309	0.162881	0.0282763	-0.109773	-0.249467	-0.393851	-0.549943	-0.696495	-0.827082	-0.928904	
-0.346347	-0.553513	-0.747599	-0.8921	-0.969605	-0.98278	-0.930743	-0.813868	-0.634032	-0.429181	-0.224709	-0.0326151	0.129292	0.232457	0.245338	0.172796	0.0540253	-0.079322	-0.214322	-0.347931	-0.48107	-0.614097	-0.741546	-0.854189	-0.931498	
-0.410626	-0.600215	-0.773814	-0.907142	-0.981678	-0.993617	-0.944807	-0.833034	-0.673432	-0.486623	-0.299645	-0.126989	0.0209349	0.111596	0.117362	0.043255	-0.0750498	-0.212752	-0.353597	-0.484495	-0.60392	-0.705903	-0.802665	-0.885176	-0.938958	
-0.460915	-0.621864	-0.763429	-0.869123	-0.925043	-0.933358	-0.897843	-0.810293	-0.682547	-0.526565	-0.362379	-0.210358	-0.0869107	-0.0188292	-0.0233782	-0.0945252	-0.213156	-0.354461	-0.500809	-0.626345	-0.72412	-0.800672	-0.867857	-0.918705	-0.944222	
-0.484241	-0.610675	-0.716395	-0.789749	-0.827699	-0.83269	-0.809718	-0.749985	-0.656151	-0.536982	-0.402029	-0.278762	-0.186662	-0.141998	-0.159046	-0.227637	-0.34309	-0.488091	-0.635978	-0.753913	-0.825882	-0.879824	-0.925539	-0.945533	-0.939433	
-0.473048	-0.56792	-0.638539	-0.690261	-0.713758	-0.717405	-0.702839	-0.661559	-0.59895	-0.513231	-0.410523	-0.315586	-0.250097	-0.23112	-0.261387	-0.338739	-0.451373	-0.591309	-0.732313	-0.843773	-0.904313	-0.939689	-0.961291	-0.950333	-0.911101	
-0.433572	-0.498859	-0.543635	-0.575491	-0.592641	-0.596488	-0.584194	-0.557344	-0.519316	-0.461597	-0.389443	-0.320536	-0.276069	-0.276146	-0.323859	-0.410124	-0.528038	-0.657471	-0.78144	-0.886368	-0.945892	-0.964959	-0.960238	-0.923654	-0.858581	
-0.376033	-0.416153	-0.443728	-0.463345	-0.474448	-0.476371	-0.468574	-0.45242	-0.428669	-0.393647	-0.345948	-0.30359	-0.281941	-0.29469	-0.353288	-0.439986	-0.551808	-0.668404	-0.781035	-0.878529	-0.942161	-0.961611	-0.940385	-0.879336	-0.795414	
-0.310842	-0.331137	-0.347588	-0.358428	-0.362072	-0.360943	-0.360744	-0.35252	-0.338043	-0.320039	-0.293474	-0.271986	-0.265451	-0.28496	-0.339219	-0.415838	-0.517892	-0.627637	-0.733299	-0.825414	-0.89412	-0.918492	-0.896065	-0.826505	-0.719429	
-0.253684	-0.258979	-0.2601	-0.255976	-0.251124	-0.249826	-0.254047	-0.259244	-0.259785	-0.256435	-0.246111	-0.23355	-0.22427	-0.240584	-0.286829	-0.35646	-0.451441	-0.559586	-0.658267	-0.742912	-0.807021	-0.831288	-0.805699	-0.732024	-0.61056	
-0.212155	-0.200246	-0.186148	-0.171071	-0.163968	-0.163259	-0.167205	-0.179928	-0.194408	-0.208422	-0.212348	-0.200538	-0.185612	-0.188181	-0.221192	-0.284201	-0.374548	-0.475009	-0.56767	-0.645229	-0.701915	-0.718083	-0.677619	-0.593958	-0.470401	
-0.190797	-0.166793	-0.138287	-0.115082	-0.105144	-0.103404	-0.109388	-0.128613	-0.154722	-0.182691	-0.196819	-0.185871	-0.165107	-0.152665	-0.163266	-0.213272	-0.292633	-0.380425	-0.464142	-0.536205	-0.589686	-0.59493	-0.539982	-0.4456	-0.322678	
-0.190405	-0.154847	-0.110793	-0.0701517	-0.045784	-0.0425963	-0.0573631	-0.0936486	-0.137804	-0.176994	-0.205179	-0.202435	-0.180946	-0.1534	-0.134976	-0.157908	-0.214374	-0.287943	-0.362532	-0.431714	-0.477566	-0.472413	-0.414946	-0.316608	-0.19139	
-0.198748	-0.140484	-0.0759796	-0.0153532	0.0242838	0.0312347	0.0041993	-0.0503335	-0.115641	-0.175676	-0.227535	-0.24558	-0.232824	-0.19155	-0.145693	-0.131614	-0.158353	-0.215674	-0.284443	-0.34788	-0.383829	-0.370626	-0.318131	-0.228301	-0.101287	
-0.195442	-0.107869	-0.0137576	0.067932	0.120361	0.130604	0.0929972	0.0209415	-0.0698806	-0.162047	-0.238233	-0.280861	-0.28283	-0.246663	-0.191291	-0.150492	-0.144083	-0.176657	-0.232719	-0.287132	-0.314637	-0.302824	-0.263337	-0.184939	-0.0660934	
-0.152909	-0.0290332	0.0957146	0.194886	0.253642	0.2641	0.22337	0.139539	0.0227032	-0.106015	-0.213735	-0.28296	-0.307859	-0.29068	-0.241074	-0.186556	-0.158516	-0.170185	-0.20826	-0.254325	-0.28021	-0.275923	-0.253342	-0.197094	-0.097251	
-0.0528083	0.104338	0.256512	0.377378	0.444979	0.456247	0.411605	0.309997	0.167477	0.00843775	-0.13433	-0.237205	-0.290514	-0.295252	-0.263738	-0.212546	-0.179002	-0.18502	-0.212947	-0.253658	-0.285145	-0.298826	-0.293549	-0.26141	-0.19176	
0.111266	0.300919	0.480296	0.625491	0.715796	0.731996	0.669835	0.543605	0.375771	0.186197	0.00540455	-0.138515	-0.226611	-0.260826	-0.249798	-0.220052	-0.197161	-0.200016	-0.226453	-0.265158	-0.309751	-0.349652	-0.368876	-0.362192	-0.322255	
0.324541	0.545578	0.743638	0.907128	1.009	1.02711	0.957333	0.813915	0.628423	0.414643	0.192517	0.00562677	-0.121029	-0.184673	-0.20063	-0.19359	-0.189004	-0.200917	-0.234832	-0.285683	-0.3503	-0.412212	-0.459826	-0.483589	-0.474363	
0.545578	0.79277	1.01142	1.18348	1.28873	1.30705	1.23516	1.08693	0.884384	0.647065	0.394303	0.176161	0.0165827	-0.0821914	-0.131037	-0.150427	-0.160431	-0.183531	-0.233464	-0.300091	-0.38166	-0.467114	-0.542832	-0.597072	-0.621579	
0.743638	1.01142	1.24418	1.41972	1.5215	1.53876	1.46974	1.3223	1.10982	0.853214	0.581806	0.340141	0.152421	0.0249413	-0.0561401	-0.098711	-0.126457	-0.163169	-0.228216	-0.311583	-0.405245	-0.503397	-0.601662	-0.688303	-0.749499	
0.907128	1.18348	1.41972	1.59317	1.69696	1.71577	1.64331	1.49692	1.28484	1.02001	0.736896	0.469356	0.260354	0.113513	0.0131504	-0.0499088	-0.0975036	-0.144802	-0.21907	-0.316917	-0.421081	-0.529526	-0.645294	-0.752277	-0.840854	
1.009	1.28873	1.5215	1.69696	1.80976	1.83027	1.75071	1.59882	1.38865	1.1245	0.833399	0.545848	0.320391	0.169217	0.0584477	-0.0195417	-0.0830575	-0.138298	-0.21161	-0.316778	-0.428856	-0.544632	-0.665538	-0.782933	-0.889392	
1.02711	1.30705	1.53876	1.71577	1.83027	1.8515	1.77025	1.61638	1.40611	1.14321	0.850825	0.55889	0.330387	0.179888	0.0664451	-0.0143646	-0.0807734	-0.137418	-0.210626	-0.315614	-0.42924	-0.54777	-0.669502	-0.787272	-0.895818	
0.957333	1.23516	1.46974	1.64331	1.75071	1.77025	1.69522	1.5468	1.33594	1.07086	0.784609	0.507334	0.290475	0.139807	0.0353167	-0.034127	-0.0895817	-0.140732	-0.215664	-0.317503	-0.424961	-0.537061	-0.656052	-0.768693	-0.866009	
0.813915	1.08693	1.3223	1.49692	1.59882	1.61638	1.5468	1.40026	1.18712	0.925654	0.64856	0.397327	0.200008	0.0634555	-0.0269807	-0.078043	-0.114295	-0.155345	-0.225213	-0.314495	-0.412222	-0.514642	-0.620994	-0.717389	-0.791025	
0.628423	0.884384	1.10982	1.28484	1.38865	1.40611	1.33594	1.18712	0.979154	0.733622	0.472151	0.244075	0.0729141	-0.0381696	-0.101717	-0.130927	-0.146725	-0.174978	-0.231116	-0.305049	-0.39222	-0.483779	-0.569035	-0.636244	-0.676502	
0.414643	0.647065	0.853214	1.02001	1.1245	1.14321	1.07086	0.925654	0.733622	0.509464	0.273428	0.0719534	-0.0683284	-0.146	-0.173152	-0.176846	-0.179049	-0.194918	-0.235402	-0.292308	-0.364018	-0.436107	-0.494835	-0.531593	-0.534452	
0.192517	0.394303	0.581806	0.736896	0.833399	0.850825	0.784609	0.64856	0.472151	0.273428	0.0762044	-0.0851755	-0.189258	-0.234563	-0.234661	-0.213677	-0.19756	-0.204004	-0.230875	-0.272814	-0.325432	-0.373964	-0.405275	-0.409429	-0.382009	
0.00562677	0.176161	0.340141	0.469356	0.545848	0.55889	0.507334	0.397327	0.244075	0.0719534	-0.0851755	-0.204012	-0.270688	-0.287236	-0.262022	-0.218152	-0.187627	-0.191996	-0.219099	-0.257325	-0.292142	-0.316465	-0.32035	-0.298449	-0.240145	
-0.121029	0.0165827	0.152421	0.260354	0.320391	0.330387	0.290475	0.200008	0.0729141	-0.0683284	-0.189258	-0.270688	-0.306031	-0.296946	-0.254886	-0.198948	-0.166195	-0.174366	-0.206885	-0.251286	-0.279021	-0.280303	-0.264055	-0.217544	-0.129307	
-0.184673	-0.0821914	0.0249413	0.113513	0.169217	0.179888	0.139807	0.0634555	-0.0381696	-0.146	-0.234563	-0.287236	-0.296946	-0.267729	-0.212977	-0.165044	-0.148275	-0.170224	-0.219591	-0.269898	-0.295399	-0.286028	-0.253492	-0.183091	-0.0703156	
-0.20063	-0.131037	-0.0561401	0.0131504	0.0584477	0.0664451	0.0353167	-0.0269807	-0.101717	-0.173152	-0.234661	-0.262022	-0.254886	-0.212977	-0.161243	-0.134323	-0.147449	-0.195929	-0.260686	-0.321283	-0.353513	-0.339474	-0.290866	-0.204781	-0.0801172	
-0.19359	-0.150427	-0.098711	-0.0499088	-0.0195417	-0.0143646	-0.034127	-0.078043	-0.130927	-0.176846	-0.213677	-0.218152	-0.198948	-0.165044	-0.134323	-0.142652	-0.188184	-0.255565	-0.328338	-0.394601	-0.43632	-0.427832	-0.372288	-0.276304	-0.149048	
-0.189004	-0.160431	-0.126457	-0.0975036	-0.0830575	-0.0807734	-0.0895817	-0.114295	-0.146725	-0.179049	-0.19756	-0.187627	-0.166195	-0.148275	-0.147449	-0.188184	-0.259615	-0.342153	-0.421758	-0.493068	-0.54489	-0.545238	-0.486385	-0.389667	-0.267334	
-0.200917	-0.183531	-0.163169	-0.144802	-0.138298	-0.137418	-0.140732	-0.155345	-0.174978	-0.194918	-0.204004	-0.191996	-0.174366	-0.170224	-0.195929	-0.255565	-0.342153	-0.437741	-0.527513	-0.602438	-0.657448	-0.669059	-0.622974	-0.533969	-0.410207	
-0.234832	-0.233464	-0.228216	-0.21907	-0.21161	-0.210626	-0.215664	-0.225213	-0.231116	-0.235402	-0.230875	-0.219099	-0.206885	-0.219591	-0.260686	-0.328338	-0.421758	-0.527513	-0.623627	-0.705564	-0.76639	-0.787766	-0.756901	-0.680671	-0.557425	
-0.285683	-0.300091	-0.311583	-0.316917	-0.316778	-0.315614	-0.317503	-0.314495	-0.305049	-0.292308	-0.272814	-0.257325	-0.251286	-0.269898	-0.321283	-0.394601	-0.493068	-0.602438	-0.705564	-0.794395	-0.862405	-0.888938	-0.866285	-0.795579	-0.680286	
-0.3503	-0.38166	-0.405245	-0.421081	-0.428856	-0.42924	-0.424961	-0.412222	-0.39222	-0.364018	-0.325432	-0.292142	-0.279021	-0.295399	-0.353513	-0.43632	-0.54489	-0.657448	-0.76639	-0.862405	-0.928782	-0.949362	-0.926632	-0.859722	-0.767743	
-0.412212	-0.467114	-0.503397	-0.529526	-0.544632	-0.54777	-0.537061	-0.514642	-0.483779	-0.436107	-0.373964	-0.316465	-0.280303	-0.286028	-0.339474	-0.427832	-0.545238	-0.669059	-0.787766	-0.888938	-0.949362	-0.967311	-0.953638	-0.907031	-0.834347	
-0.459826	-0.542832	-0.601662	-0.645294	-0.665538	-0.669502	-0.656052	-0.620994	-0.569035	-0.494835	-0.405275	-0.32035	-0.264055	-0.253492	-0.290866	-0.372288	-0.486385	-0.622974	-0.756901	-0.866285	-0.926632	-0.953638	-0.965093	-0.943326	-0.892765	
-0.483589	-0.597072	-0.688303	-0.752277	-0.782933	-0.787272	-0.768693	-0.717389	-0.636244	-0.531593	-0.409429	-0.298449	-0.217544	-0.183091	-0.204781	-0.276304	-0.389667	-0.533969	-0.680671	-0.795579	-0.859722	-0.907031	-0.943326	-0.951431	-0.931017	
-0.474363	-0.621579	-0.749499	-0.840854	-0.889392	-0.895818	-0.866009	-0.791025	-0.676502	-0.534452	-0.382009	-0.240145	-0.129307	-0.0703156	-0.0801172	-0.149048	-0.267334	-0.410207	-0.557425	-0.680286	-0.767743	-0.834347	-0.892765	-0.931017	-0.94468	
