0.481143	0.515036	0.472539	0.3602	0.204824	0.0402779	-0.109784	-0.24897	-0.386876	-0.511191	-0.628553	-0.725178	-0.785871	-0.810137	-0.807162	-0.762458	-0.68266	-0.571434	-0.428288	-0.271183	-0.111242	0.0491411	0.201057	0.366139	0.525795	
0.515036	0.597551	0.59846	0.518715	0.387208	0.235028	0.0821792	-0.0737454	-0.223859	-0.355742	-0.483492	-0.595339	-0.670116	-0.708046	-0.716337	-0.704435	-0.656663	-0.567346	-0.45735	-0.333146	-0.191368	-0.0388537	0.118924	0.290327	0.455677	
0.472539	0.59846	0.64663	0.61452	0.519109	0.38683	0.232637	0.0728397	-0.0807262	-0.221813	-0.354709	-0.474902	-0.556554	-0.599447	-0.617558	-0.623177	-0.594289	-0.531558	-0.458517	-0.37294	-0.255852	-0.115313	0.0463788	0.216006	0.379177	
0.3602	0.518715	0.61452	0.637209	0.58319	0.476094	0.332913	0.175059	0.0158979	-0.128006	-0.258502	-0.381244	-0.467199	-0.503332	-0.521707	-0.528435	-0.508556	-0.473652	-0.438052	-0.390306	-0.300974	-0.171256	-0.0133618	0.150367	0.313179	
0.204824	0.387208	0.519109	0.58319	0.571887	0.493873	0.373821	0.224504	0.0686162	-0.0768542	-0.206463	-0.32243	-0.40126	-0.432849	-0.445388	-0.441758	-0.425474	-0.410593	-0.400694	-0.381696	-0.322328	-0.207526	-0.0652905	0.0965271	0.271862	
0.0402779	0.235028	0.38683	0.476094	0.493873	0.445719	0.348813	0.217214	0.0759904	-0.061496	-0.186913	-0.295578	-0.369482	-0.395049	-0.392672	-0.376168	-0.359293	-0.352818	-0.356949	-0.351249	-0.31333	-0.221596	-0.0961587	0.0644121	0.251333	
-0.109784	0.0821792	0.232637	0.332913	0.373821	0.348813	0.275577	0.160623	0.0338638	-0.0896076	-0.202961	-0.298106	-0.352554	-0.36777	-0.350562	-0.329006	-0.306259	-0.29402	-0.297493	-0.294764	-0.267053	-0.206393	-0.0935272	0.0698412	0.270606	
-0.24897	-0.0737454	0.0728397	0.175059	0.224504	0.217214	0.160623	0.064409	-0.0424866	-0.145046	-0.241487	-0.312532	-0.344688	-0.341385	-0.310652	-0.275416	-0.246215	-0.224582	-0.217675	-0.206788	-0.184655	-0.133525	-0.0250497	0.139277	0.348055	
-0.386876	-0.223859	-0.0807262	0.0158979	0.0686162	0.0759904	0.0338638	-0.0424866	-0.124545	-0.203165	-0.277564	-0.327653	-0.335704	-0.310657	-0.261545	-0.206404	-0.161186	-0.122219	-0.10193	-0.0825973	-0.0546909	-0.00205877	0.105251	0.270262	0.475412	
-0.511191	-0.355742	-0.221813	-0.128006	-0.0768542	-0.061496	-0.0896076	-0.145046	-0.203165	-0.259683	-0.298258	-0.317995	-0.306952	-0.257775	-0.183415	-0.110417	-0.0480695	0.00428911	0.0386369	0.0712275	0.111219	0.174349	0.280323	0.431874	0.615858	
-0.628553	-0.483492	-0.354709	-0.258502	-0.206463	-0.186913	-0.202961	-0.241487	-0.277564	-0.298258	-0.303081	-0.292275	-0.251951	-0.168285	-0.0656954	0.029693	0.105928	0.161954	0.201994	0.240674	0.284823	0.354708	0.458118	0.591372	0.749259	
-0.725178	-0.595339	-0.474902	-0.381244	-0.32243	-0.295578	-0.298106	-0.312532	-0.327653	-0.317995	-0.292275	-0.247793	-0.171996	-0.0534522	0.0826477	0.203037	0.285924	0.344323	0.385799	0.415737	0.453584	0.518282	0.608111	0.720263	0.848695	
-0.785871	-0.670116	-0.556554	-0.467199	-0.40126	-0.369482	-0.352554	-0.344688	-0.335704	-0.306952	-0.251951	-0.171996	-0.058897	0.0886594	0.249794	0.381392	0.469121	0.535962	0.576632	0.59271	0.612286	0.653415	0.715085	0.798599	0.892348	
-0.810137	-0.708046	-0.599447	-0.503332	-0.432849	-0.395049	-0.36777	-0.341385	-0.310657	-0.257775	-0.168285	-0.0534522	0.0886594	0.250329	0.415022	0.548693	0.646254	0.713644	0.746842	0.742563	0.732603	0.739316	0.770838	0.819726	0.882239	
-0.807162	-0.716337	-0.617558	-0.521707	-0.445388	-0.392672	-0.350562	-0.310652	-0.261545	-0.183415	-0.0656954	0.0826477	0.249794	0.415022	0.574205	0.697353	0.789304	0.848042	0.860537	0.830859	0.793804	0.766393	0.762428	0.776308	0.810331	
-0.762458	-0.704435	-0.623177	-0.528435	-0.441758	-0.376168	-0.329006	-0.275416	-0.206404	-0.110417	0.029693	0.203037	0.381392	0.548693	0.697353	0.813522	0.892191	0.928316	0.908048	0.846525	0.776141	0.716457	0.673357	0.654125	0.669196	
-0.68266	-0.656663	-0.594289	-0.508556	-0.425474	-0.359293	-0.306259	-0.246215	-0.161186	-0.0480695	0.105928	0.285924	0.469121	0.646254	0.789304	0.892191	0.954623	0.955418	0.889617	0.792657	0.687606	0.593771	0.518127	0.474048	0.4801	
-0.571434	-0.567346	-0.531558	-0.473652	-0.410593	-0.352818	-0.29402	-0.224582	-0.122219	0.00428911	0.161954	0.344323	0.535962	0.713644	0.848042	0.928316	0.955418	0.910626	0.801029	0.66751	0.537034	0.422423	0.328333	0.273352	0.278562	
-0.428288	-0.45735	-0.458517	-0.438052	-0.400694	-0.356949	-0.297493	-0.217675	-0.10193	0.0386369	0.201994	0.385799	0.576632	0.746842	0.860537	0.908048	0.889617	0.801029	0.648541	0.482344	0.330104	0.206245	0.113782	0.0688198	0.0813529	
-0.271183	-0.333146	-0.37294	-0.390306	-0.381696	-0.351249	-0.294764	-0.206788	-0.0825973	0.0712275	0.240674	0.415737	0.59271	0.742563	0.830859	0.846525	0.792657	0.66751	0.482344	0.28108	0.10828	-0.0246734	-0.10941	-0.135856	-0.105692	
-0.111242	-0.191368	-0.255852	-0.300974	-0.322328	-0.31333	-0.267053	-0.184655	-0.0546909	0.111219	0.284823	0.453584	0.612286	0.732603	0.793804	0.776141	0.687606	0.537034	0.330104	0.10828	-0.0833281	-0.225568	-0.302861	-0.314076	-0.267791	
0.0491411	-0.0388537	-0.115313	-0.171256	-0.207526	-0.221596	-0.206393	-0.133525	-0.00205877	0.174349	0.354708	0.518282	0.653415	0.739316	0.766393	0.716457	0.593771	0.422423	0.206245	-0.0246734	-0.225568	-0.369815	-0.435458	-0.429481	-0.362298	
0.201057	0.118924	0.0463788	-0.0133618	-0.0652905	-0.0961587	-0.0935272	-0.0250497	0.105251	0.280323	0.458118	0.608111	0.715085	0.770838	0.762428	0.673357	0.518127	0.328333	0.113782	-0.10941	-0.302861	-0.435458	-0.487563	-0.463592	-0.374984	
0.366139	0.290327	0.216006	0.150367	0.0965271	0.0644121	0.0698412	0.139277	0.270262	0.431874	0.591372	0.720263	0.798599	0.819726	0.776308	0.654125	0.474048	0.273352	0.0688198	-0.135856	-0.314076	-0.429481	-0.463592	-0.426434	-0.320369	
0.525795	0.455677	0.379177	0.313179	0.271862	0.251333	0.270606	0.348055	0.475412	0.615858	0.749259	0.848695	0.892348	0.882239	0.810331	0.669196	0.4801	0.278562	0.0813529	-0.105692	-0.267791	-0.362298	-0.374984	-0.320369	-0.199343	
0.656756	0.596845	0.531422	0.476809	0.450089	0.448611	0.486507	0.571735	0.692776	0.813534	0.920506	0.985357	0.995976	0.954964	0.859215	0.705987	0.516322	0.315068	0.127334	-0.0477135	-0.183747	-0.246992	-0.236966	-0.16161	-0.0240215	
0.759965	0.71437	0.668022	0.633398	0.625326	0.638188	0.690129	0.777811	0.895252	1.00253	1.08605	1.12294	1.10184	1.02919	0.908463	0.743661	0.555603	0.359852	0.176492	0.0212213	-0.0852032	-0.11676	-0.0769776	0.019776	0.169158	
0.833287	0.806969	0.781206	0.766261	0.776571	0.805449	0.864289	0.956426	1.06909	1.16878	1.2339	1.24582	1.19787	1.0965	0.954037	0.781672	0.596544	0.40972	0.233195	0.0944529	0.0169202	0.0117008	0.0744962	0.189757	0.352384	
0.885512	0.873354	0.865846	0.867041	0.880808	0.921664	0.993838	1.09099	1.19719	1.28876	1.34035	1.33633	1.2741	1.15498	0.992684	0.807744	0.621483	0.442463	0.278147	0.15703	0.106084	0.120571	0.190061	0.317093	0.490768	
0.913641	0.909446	0.907289	0.915889	0.938611	0.991539	1.0686	1.16786	1.26933	1.35559	1.39761	1.38676	1.31739	1.18796	1.01622	0.824672	0.638114	0.465755	0.307069	0.197665	0.16104	0.181659	0.258333	0.389854	0.570336	
0.917548	0.914548	0.914057	0.923006	0.947801	1.00226	1.08187	1.18204	1.28231	1.36636	1.40609	1.39435	1.32429	1.19408	1.01978	0.827558	0.641321	0.470978	0.312481	0.206301	0.170944	0.191812	0.269587	0.402349	0.584105	
0.900519	0.892208	0.888053	0.892763	0.90939	0.956438	1.03101	1.12911	1.23307	1.32211	1.3696	1.36143	1.296	1.17156	1.00454	0.816068	0.629274	0.452435	0.292269	0.176248	0.132995	0.152073	0.22403	0.352438	0.529976	
0.85627	0.836995	0.818953	0.812046	0.824304	0.857214	0.921403	1.01643	1.12715	1.22273	1.28171	1.2865	1.23142	1.12147	0.970677	0.792843	0.608354	0.42515	0.252707	0.121432	0.0554679	0.0583316	0.125772	0.246781	0.414054	
0.79221	0.753967	0.716414	0.689084	0.689719	0.710241	0.764289	0.853659	0.968785	1.0731	1.14898	1.17499	1.14232	1.05717	0.927607	0.760047	0.572919	0.380332	0.199285	0.0504188	-0.0440013	-0.0637198	-0.0128782	0.0909381	0.245981	
0.70187	0.646436	0.588776	0.541969	0.522014	0.525111	0.570507	0.656492	0.776773	0.890864	0.987607	1.04086	1.03892	0.984852	0.878279	0.720321	0.531488	0.331869	0.146107	-0.0209038	-0.146068	-0.195598	-0.174568	-0.0902907	0.0521782	
0.581296	0.515433	0.441208	0.378692	0.343463	0.330895	0.356738	0.438215	0.562357	0.694861	0.817346	0.903098	0.932457	0.910159	0.829676	0.683453	0.493582	0.292591	0.0985013	-0.0845538	-0.236825	-0.320267	-0.323957	-0.261122	-0.133776	
0.433045	0.358603	0.282921	0.215201	0.164955	0.135978	0.146791	0.219087	0.348645	0.502319	0.651551	0.769911	0.835691	0.843953	0.786778	0.655611	0.469861	0.268237	0.0671469	-0.129323	-0.301661	-0.409607	-0.435727	-0.391846	-0.279943	
0.265352	0.186346	0.113938	0.0522364	-0.00246853	-0.0357886	-0.0338079	0.0335488	0.165213	0.33629	0.508263	0.650395	0.746103	0.788337	0.766411	0.662692	0.495758	0.299482	0.0890018	-0.127904	-0.315512	-0.440759	-0.486275	-0.456933	-0.360467	
0.109522	0.0235784	-0.0526177	-0.110139	-0.153299	-0.175866	-0.167652	-0.0966817	0.0337319	0.21062	0.392375	0.551273	0.67547	0.749427	0.761887	0.696264	0.560788	0.381872	0.165116	-0.0643781	-0.263816	-0.406052	-0.466554	-0.452357	-0.376773	
-0.0452484	-0.131327	-0.202013	-0.253654	-0.281914	-0.281056	-0.24818	-0.169822	-0.0385981	0.13301	0.309654	0.476066	0.625663	0.73246	0.780785	0.751055	0.648117	0.488492	0.27707	0.0496767	-0.146878	-0.29112	-0.364332	-0.369725	-0.315325	
-0.208546	-0.27853	-0.329953	-0.360251	-0.364458	-0.342774	-0.287033	-0.200379	-0.0725995	0.0852629	0.256503	0.428574	0.599025	0.736897	0.8154	0.81754	0.750791	0.613913	0.418768	0.207856	0.0258199	-0.11096	-0.192417	-0.212292	-0.175133	
-0.36546	-0.409429	-0.427109	-0.422662	-0.395925	-0.356251	-0.298081	-0.214111	-0.0957364	0.0511834	0.218012	0.398841	0.584316	0.748841	0.85256	0.886437	0.85252	0.748563	0.581025	0.400651	0.240565	0.11318	0.0235408	-0.0136892	0.00479815	
-0.516931	-0.525283	-0.502639	-0.459645	-0.406463	-0.354396	-0.294925	-0.220644	-0.112143	0.0198239	0.178408	0.362772	0.55597	0.731244	0.857898	0.927016	0.93519	0.872371	0.745561	0.599215	0.458961	0.340449	0.244935	0.191887	0.198533	
-0.643064	-0.624401	-0.571894	-0.495314	-0.418821	-0.355103	-0.298479	-0.235444	-0.143866	-0.0247979	0.130546	0.311414	0.49785	0.676493	0.818916	0.91324	0.963868	0.947275	0.863446	0.751065	0.635153	0.53089	0.445459	0.394728	0.399998	
-0.73372	-0.690482	-0.616919	-0.523824	-0.436183	-0.369254	-0.319932	-0.263447	-0.187903	-0.0848133	0.0632472	0.240218	0.421037	0.591809	0.73666	0.848591	0.922801	0.945291	0.908174	0.832973	0.748204	0.674444	0.617357	0.586812	0.596766	
-0.794665	-0.715394	-0.621799	-0.526663	-0.445445	-0.386922	-0.342164	-0.29625	-0.238289	-0.153251	-0.026052	0.134343	0.30757	0.473498	0.628781	0.749495	0.834951	0.88668	0.887627	0.845394	0.796199	0.756893	0.736343	0.736749	0.76179	
-0.812937	-0.713203	-0.607935	-0.511854	-0.439618	-0.396376	-0.362974	-0.330986	-0.29348	-0.229594	-0.127348	0.0012849	0.154594	0.317148	0.480369	0.610489	0.708525	0.77418	0.800485	0.786712	0.765382	0.75771	0.776464	0.810806	0.861219	
-0.79894	-0.690349	-0.577955	-0.485755	-0.418214	-0.384436	-0.363284	-0.347511	-0.328931	-0.291249	-0.223185	-0.12936	-0.00372419	0.152417	0.316738	0.449899	0.542489	0.610337	0.649028	0.658295	0.666724	0.694186	0.744381	0.81388	0.894657	
-0.754642	-0.630095	-0.512798	-0.42195	-0.360213	-0.331222	-0.325374	-0.329784	-0.335205	-0.318952	-0.281159	-0.221745	-0.130934	-0.00018814	0.14834	0.275143	0.359257	0.420819	0.463192	0.487188	0.51874	0.576863	0.65637	0.758188	0.873674	
-0.670681	-0.53123	-0.405374	-0.309762	-0.255196	-0.232838	-0.244527	-0.274738	-0.302249	-0.308007	-0.300681	-0.277608	-0.22308	-0.124818	-0.00907513	0.0962623	0.175977	0.232586	0.273023	0.309938	0.353497	0.422314	0.522226	0.648374	0.794243	
