-0.306	-0.377802	-0.439216	-0.488873	-0.523169	-0.530406	-0.504707	-0.460824	-0.40332	-0.336009	-0.256989	-0.166916	-0.0805804	-0.0255552	0.000984251	0.0133693	0.0260689	0.0508103	0.0820137	0.113466	0.140548	0.167336	0.198427	0.236774	0.284436	
-0.306872	-0.354098	-0.392862	-0.430801	-0.46257	-0.469491	-0.445518	-0.40796	-0.369968	-0.327391	-0.272516	-0.199978	-0.131801	-0.0900907	-0.0699009	-0.0518436	-0.02873	0.00372621	0.0390291	0.0642221	0.080381	0.090147	0.104241	0.124004	0.159074	
-0.31597	-0.342961	-0.363008	-0.392809	-0.421182	-0.42612	-0.406793	-0.373151	-0.350784	-0.328725	-0.291433	-0.237058	-0.180677	-0.138879	-0.116838	-0.0933708	-0.0547423	-0.0153718	0.0160164	0.031249	0.0304488	0.0157376	0.00310574	0.00128133	0.020429	
-0.325852	-0.338418	-0.351074	-0.373957	-0.398164	-0.40202	-0.385762	-0.358133	-0.343237	-0.3323	-0.309608	-0.269839	-0.214269	-0.165587	-0.13343	-0.103564	-0.0571149	-0.014414	0.0162123	0.0186264	-0.000985781	-0.0347223	-0.0751911	-0.104172	-0.110277	
-0.330483	-0.334454	-0.34321	-0.3612	-0.384745	-0.389955	-0.370482	-0.349255	-0.336748	-0.332334	-0.32341	-0.293107	-0.235577	-0.172209	-0.121181	-0.0852734	-0.0389013	0.00899511	0.0362019	0.0336169	0.00414206	-0.0461263	-0.11147	-0.172817	-0.20934	
-0.326543	-0.323819	-0.326325	-0.339365	-0.361887	-0.368609	-0.34728	-0.330062	-0.323474	-0.325795	-0.323892	-0.296451	-0.239788	-0.166848	-0.102695	-0.0596314	-0.00727122	0.0447742	0.0768759	0.0770798	0.0399475	-0.0297394	-0.113627	-0.201207	-0.269485	
-0.303272	-0.288862	-0.283482	-0.294339	-0.320454	-0.327107	-0.304022	-0.286128	-0.284496	-0.297882	-0.304812	-0.283186	-0.235811	-0.1669	-0.0941361	-0.0347209	0.0257861	0.0817146	0.114965	0.113105	0.0708748	-0.00346625	-0.0926797	-0.189251	-0.27772	
-0.265311	-0.240688	-0.229356	-0.237439	-0.262278	-0.267451	-0.247646	-0.229562	-0.233706	-0.255932	-0.272478	-0.257461	-0.221659	-0.169797	-0.098286	-0.0277054	0.042998	0.10165	0.13429	0.129496	0.089552	0.0227941	-0.0547442	-0.137662	-0.231669	
-0.210279	-0.177897	-0.163783	-0.173728	-0.194415	-0.198814	-0.182514	-0.165252	-0.169285	-0.196613	-0.227029	-0.230931	-0.2112	-0.176921	-0.118998	-0.0429425	0.0320925	0.087448	0.120423	0.119628	0.0902916	0.0506584	0.00150183	-0.0635597	-0.149701	
-0.145375	-0.0975979	-0.079165	-0.0924384	-0.100836	-0.10097	-0.0976812	-0.0823795	-0.0853454	-0.124977	-0.172944	-0.202265	-0.208976	-0.192944	-0.150802	-0.0844326	-0.015356	0.0392307	0.0727827	0.0841171	0.0743613	0.0640808	0.0472649	0.0092341	-0.0596678	
-0.071715	-0.00488587	0.0282247	0.0289472	0.0357451	0.0371728	0.0313518	0.0298462	0.0138487	-0.0430822	-0.1148	-0.173588	-0.208866	-0.216879	-0.195242	-0.143729	-0.0929132	-0.0418323	-0.00260747	0.0226718	0.0380137	0.0561548	0.0669362	0.0534812	0.0128776	
0.0113043	0.0993928	0.158913	0.190108	0.210422	0.214815	0.198917	0.173553	0.127156	0.0488794	-0.0461974	-0.133029	-0.19912	-0.244303	-0.251297	-0.223328	-0.186911	-0.143704	-0.0945411	-0.0526712	-0.0130399	0.0273526	0.0594514	0.0709646	0.0547965	
0.111534	0.224023	0.314509	0.370853	0.405736	0.413495	0.386616	0.340977	0.26422	0.157512	0.0424721	-0.0701191	-0.178626	-0.265658	-0.308367	-0.30941	-0.287333	-0.251198	-0.202575	-0.153055	-0.090859	-0.0266449	0.0304246	0.061576	0.0674197	
0.232736	0.363232	0.48208	0.564594	0.610602	0.620171	0.586444	0.520163	0.413273	0.286375	0.149554	0.0109477	-0.132114	-0.259168	-0.346082	-0.384488	-0.390811	-0.367581	-0.327707	-0.279478	-0.200278	-0.110368	-0.028883	0.0281979	0.0579065	
0.361782	0.511655	0.645124	0.742335	0.797275	0.807945	0.769312	0.688973	0.568132	0.422853	0.268547	0.101513	-0.0666455	-0.224651	-0.349412	-0.431832	-0.48023	-0.486602	-0.462555	-0.417345	-0.331507	-0.211966	-0.101182	-0.0195164	0.0294006	
0.484894	0.644101	0.78038	0.878651	0.935787	0.9461	0.906961	0.824405	0.702886	0.549772	0.384718	0.197058	0.00911116	-0.168382	-0.324221	-0.449462	-0.54046	-0.580227	-0.57503	-0.529556	-0.437605	-0.30639	-0.17487	-0.0701394	0.00396773	
0.579287	0.73598	0.869267	0.966845	1.02531	1.03644	0.995262	0.912302	0.793227	0.643683	0.47965	0.293923	0.10009	-0.0947117	-0.274853	-0.43386	-0.560311	-0.632102	-0.641802	-0.596361	-0.497898	-0.366267	-0.232376	-0.11648	-0.0237688	
0.641286	0.784741	0.907625	0.998875	1.05531	1.06686	1.02547	0.94811	0.837157	0.700793	0.549501	0.383216	0.197753	-0.00196056	-0.195917	-0.370245	-0.516811	-0.615142	-0.648037	-0.613493	-0.524341	-0.404109	-0.277976	-0.166311	-0.0630756	
0.67014	0.789316	0.891409	0.971904	1.02546	1.03605	0.996996	0.926702	0.832491	0.718929	0.595265	0.464143	0.306561	0.119655	-0.0759032	-0.257265	-0.415726	-0.533039	-0.591274	-0.582755	-0.521896	-0.428697	-0.318242	-0.212285	-0.110977	
0.675839	0.759281	0.830923	0.887611	0.930238	0.939646	0.906873	0.854881	0.789773	0.710361	0.622975	0.53407	0.419445	0.265176	0.0847082	-0.0975655	-0.266248	-0.396111	-0.473711	-0.496084	-0.473108	-0.419755	-0.338929	-0.245878	-0.156218	
0.669966	0.715279	0.750565	0.776236	0.79882	0.805847	0.785255	0.762222	0.730284	0.689468	0.638784	0.587668	0.518031	0.405704	0.252832	0.0806334	-0.0894591	-0.227868	-0.315889	-0.366659	-0.386273	-0.378725	-0.337828	-0.270598	-0.201614	
0.638633	0.653963	0.661172	0.661329	0.667457	0.66941	0.662829	0.661481	0.658208	0.644343	0.631343	0.613724	0.584811	0.517706	0.404037	0.258368	0.0994181	-0.0371689	-0.137557	-0.210834	-0.26414	-0.295518	-0.297359	-0.268537	-0.228461	
0.586852	0.572356	0.563309	0.553358	0.547079	0.545089	0.55046	0.558902	0.56877	0.580326	0.59815	0.609598	0.615398	0.588241	0.516421	0.411857	0.285097	0.162676	0.0590894	-0.0315804	-0.106067	-0.167223	-0.20876	-0.22126	-0.217782	
0.533344	0.500601	0.476235	0.456678	0.44254	0.440483	0.449846	0.46788	0.489936	0.518764	0.557367	0.587419	0.609007	0.610855	0.584814	0.523161	0.441698	0.348859	0.254852	0.157783	0.067606	-0.014623	-0.0889652	-0.14532	-0.182054	
0.480039	0.42844	0.392228	0.372121	0.355648	0.351449	0.365043	0.383641	0.410859	0.458397	0.511341	0.556353	0.591525	0.619474	0.625104	0.601835	0.563901	0.51185	0.441299	0.352565	0.247592	0.137416	0.035274	-0.0538466	-0.119213	
0.422074	0.360574	0.314159	0.287733	0.265961	0.259411	0.28005	0.301369	0.339575	0.397246	0.457068	0.513283	0.564561	0.619952	0.660588	0.675568	0.674031	0.657377	0.607663	0.527357	0.412847	0.28365	0.158238	0.0483131	-0.0396976	
0.360574	0.290659	0.234676	0.199213	0.171227	0.165394	0.186902	0.218764	0.265294	0.332645	0.400567	0.472377	0.54194	0.621817	0.694167	0.74251	0.779772	0.792247	0.759873	0.686745	0.567668	0.423357	0.277719	0.146342	0.0357526	
0.314159	0.234676	0.167404	0.122244	0.0905304	0.0830943	0.107619	0.147266	0.204881	0.28256	0.360648	0.442451	0.52628	0.622185	0.716226	0.799691	0.871453	0.907348	0.88979	0.822503	0.70348	0.549285	0.380901	0.218007	0.0775984	
0.287733	0.199213	0.122244	0.0684247	0.0377011	0.0303085	0.0542176	0.0971238	0.166576	0.252375	0.338929	0.422215	0.512416	0.61708	0.729633	0.84533	0.943215	0.9963	0.985749	0.920385	0.802485	0.639375	0.448147	0.259962	0.090495	
0.265961	0.171227	0.0905304	0.0377011	0.0135329	0.00884087	0.0255115	0.065727	0.136157	0.227586	0.320778	0.406621	0.503062	0.617428	0.745317	0.879773	0.994216	1.05151	1.04452	0.977945	0.85903	0.689667	0.487753	0.286824	0.102441	
0.259411	0.165394	0.0830943	0.0303085	0.00884087	0.00542107	0.0183176	0.0585862	0.129526	0.220937	0.316417	0.403801	0.501444	0.617266	0.750673	0.888057	1.00521	1.06267	1.05599	0.988607	0.869164	0.699757	0.496323	0.293041	0.1047	
0.28005	0.186902	0.107619	0.0542176	0.0255115	0.0183176	0.0411257	0.0826451	0.152525	0.242556	0.331728	0.415006	0.507795	0.616754	0.734851	0.860552	0.966535	1.02231	1.01383	0.94848	0.830452	0.663502	0.466561	0.271668	0.0955657	
0.301369	0.218764	0.147266	0.0971238	0.065727	0.0585862	0.0826451	0.124168	0.188503	0.268142	0.35061	0.434262	0.52031	0.619726	0.722943	0.819445	0.90214	0.946903	0.932134	0.866192	0.747963	0.590678	0.411898	0.2377	0.0838765	
0.339575	0.265294	0.204881	0.166576	0.136157	0.129526	0.152525	0.188503	0.238005	0.310159	0.382109	0.458438	0.535153	0.623206	0.704478	0.766679	0.818942	0.841145	0.815583	0.74523	0.625265	0.4763	0.322143	0.17884	0.0576128	
0.397246	0.332645	0.28256	0.252375	0.227586	0.220937	0.242556	0.268142	0.310159	0.37118	0.43356	0.495476	0.554117	0.62031	0.674673	0.703663	0.717318	0.712402	0.670753	0.592436	0.476151	0.340693	0.207335	0.0894388	-0.00717501	
0.457068	0.400567	0.360648	0.338929	0.320778	0.316417	0.331728	0.35061	0.382109	0.43356	0.490794	0.540717	0.581902	0.620468	0.639798	0.630931	0.607932	0.571781	0.510419	0.425406	0.316237	0.196816	0.0836178	-0.0136326	-0.0884483	
0.513283	0.472377	0.442451	0.422215	0.406621	0.403801	0.415006	0.434262	0.458438	0.495476	0.540717	0.575663	0.602356	0.614975	0.602106	0.557415	0.494739	0.416331	0.331059	0.236104	0.139134	0.0465184	-0.039218	-0.110453	-0.159904	
0.564561	0.54194	0.52628	0.512416	0.503062	0.501444	0.507795	0.52031	0.535153	0.554117	0.581902	0.602356	0.616378	0.601334	0.549149	0.461731	0.352015	0.239725	0.138546	0.0430493	-0.0373149	-0.10722	-0.163335	-0.192776	-0.206366	
0.619952	0.621817	0.622185	0.61708	0.617428	0.617266	0.616754	0.619726	0.623206	0.62031	0.620468	0.614975	0.601334	0.552095	0.454415	0.324318	0.175679	0.0429305	-0.0603693	-0.141453	-0.203825	-0.248886	-0.267174	-0.254634	-0.228074	
0.660588	0.694167	0.716226	0.729633	0.745317	0.750673	0.734851	0.722943	0.704478	0.674673	0.639798	0.602106	0.549149	0.454415	0.316627	0.152698	-0.014903	-0.153936	-0.247105	-0.307228	-0.342661	-0.351264	-0.32756	-0.274319	-0.21697	
0.675568	0.74251	0.799691	0.84533	0.879773	0.888057	0.860552	0.819445	0.766679	0.703663	0.630931	0.557415	0.461731	0.324318	0.152698	-0.0269867	-0.197767	-0.331752	-0.413842	-0.448346	-0.442052	-0.407273	-0.342016	-0.2576	-0.173707	
0.674031	0.779772	0.871453	0.943215	0.994216	1.00521	0.966535	0.90214	0.818942	0.717318	0.607932	0.494739	0.352015	0.175679	-0.014903	-0.197767	-0.360176	-0.483402	-0.550085	-0.555092	-0.507974	-0.429788	-0.328701	-0.226463	-0.129525	
0.657377	0.792247	0.907348	0.9963	1.05151	1.06267	1.02231	0.946903	0.841145	0.712402	0.571781	0.416331	0.239725	0.0429305	-0.153936	-0.331752	-0.483402	-0.590125	-0.633762	-0.607357	-0.528316	-0.416226	-0.296212	-0.186268	-0.0815	
0.607663	0.759873	0.88979	0.985749	1.04452	1.05599	1.01383	0.932134	0.815583	0.670753	0.510419	0.331059	0.138546	-0.0603693	-0.247105	-0.413842	-0.550085	-0.633762	-0.651196	-0.608582	-0.511589	-0.382336	-0.250488	-0.135656	-0.0381419	
0.527357	0.686745	0.822503	0.920385	0.977945	0.988607	0.94848	0.866192	0.74523	0.592436	0.425406	0.236104	0.0430493	-0.141453	-0.307228	-0.448346	-0.555092	-0.607357	-0.608582	-0.562905	-0.466726	-0.335121	-0.200625	-0.0891129	-0.00588887	
0.412847	0.567668	0.70348	0.802485	0.85903	0.869164	0.830452	0.747963	0.625265	0.476151	0.316237	0.139134	-0.0373149	-0.203825	-0.342661	-0.442052	-0.507974	-0.528316	-0.511589	-0.466726	-0.378689	-0.252478	-0.130975	-0.0398893	0.0188604	
0.28365	0.423357	0.549285	0.639375	0.689667	0.699757	0.663502	0.590678	0.4763	0.340693	0.196816	0.0465184	-0.10722	-0.248886	-0.351264	-0.407273	-0.429788	-0.416226	-0.382336	-0.335121	-0.252478	-0.150032	-0.0574105	0.00972211	0.0471867	
0.158238	0.277719	0.380901	0.448147	0.487753	0.496323	0.466561	0.411898	0.322143	0.207335	0.0836178	-0.039218	-0.163335	-0.267174	-0.32756	-0.342016	-0.328701	-0.296212	-0.250488	-0.200625	-0.130975	-0.0574105	0.00983074	0.0509888	0.0667356	
0.0483131	0.146342	0.218007	0.259962	0.286824	0.293041	0.271668	0.2377	0.17884	0.0894388	-0.0136326	-0.110453	-0.192776	-0.254634	-0.274319	-0.2576	-0.226463	-0.186268	-0.135656	-0.0891129	-0.0398893	0.00972211	0.0509888	0.0706621	0.0627118	
-0.0396976	0.0357526	0.0775984	0.090495	0.102441	0.1047	0.0955657	0.0838765	0.0576128	-0.00717501	-0.0884483	-0.159904	-0.206366	-0.228074	-0.21697	-0.173707	-0.129525	-0.0815	-0.0381419	-0.00588887	0.0188604	0.0471867	0.0667356	0.0627118	0.033574	
