0.17462	0.0809146	0.0185877	-0.0225418	-0.0415281	-0.0450982	-0.0322795	-0.000349063	0.0524369	0.134231	0.24104	0.372701	0.508457	0.628374	0.700444	0.703657	0.630081	0.490959	0.312208	0.118508	-0.0738269	-0.254126	-0.411653	-0.525004	-0.577511	
0.215106	0.115843	0.0445441	-0.000496211	-0.0234749	-0.0270708	-0.0122681	0.0236089	0.0838174	0.172028	0.287223	0.420467	0.55427	0.660072	0.712335	0.688478	0.590557	0.431929	0.242615	0.0443213	-0.148248	-0.324411	-0.472028	-0.567	-0.599531	
0.244194	0.137052	0.0592656	0.00840929	-0.0175699	-0.0215804	-0.00492857	0.0359922	0.102246	0.198435	0.318887	0.454399	0.581843	0.673845	0.703751	0.65562	0.535058	0.362237	0.164882	-0.0335911	-0.224977	-0.393468	-0.527607	-0.604297	-0.613737	
0.262053	0.149526	0.0645937	0.00808645	-0.0204951	-0.0260272	-0.00583996	0.0380981	0.11283	0.213533	0.34131	0.473895	0.596302	0.669772	0.679717	0.606805	0.468271	0.283932	0.0834452	-0.114016	-0.298042	-0.458476	-0.571419	-0.628985	-0.614772	
0.277573	0.160482	0.06758	0.0060418	-0.0261901	-0.0326763	-0.00938345	0.0382318	0.120863	0.226772	0.359525	0.490121	0.603313	0.660938	0.648182	0.555873	0.400594	0.209352	0.00853497	-0.18603	-0.360775	-0.50851	-0.602005	-0.633567	-0.601707	
0.296507	0.172908	0.0735247	0.00631726	-0.0303181	-0.0360507	-0.0121638	0.0429238	0.129527	0.244871	0.377924	0.509399	0.610319	0.653927	0.620427	0.5113	0.345116	0.150173	-0.0475088	-0.235102	-0.400607	-0.531212	-0.605787	-0.614881	-0.565881	
0.33257	0.204941	0.0985759	0.0259209	-0.014619	-0.0208946	0.00556335	0.0653984	0.15907	0.279207	0.41577	0.542217	0.633784	0.659504	0.608245	0.483132	0.307651	0.111427	-0.0839644	-0.26498	-0.420739	-0.538114	-0.593606	-0.586686	-0.528025	
0.38859	0.257	0.14584	0.0673618	0.0238213	0.0166959	0.0456271	0.110391	0.209217	0.334739	0.470219	0.592734	0.669024	0.679036	0.606114	0.466814	0.280784	0.0807625	-0.113813	-0.293693	-0.443786	-0.551182	-0.597094	-0.577607	-0.518942	
0.437798	0.305307	0.190281	0.108274	0.0606671	0.054667	0.0836025	0.154465	0.255173	0.385021	0.516297	0.630988	0.690998	0.680423	0.587884	0.430824	0.235628	0.0301114	-0.166701	-0.344565	-0.493159	-0.59041	-0.628184	-0.60226	-0.54224	
0.458882	0.327206	0.210881	0.124651	0.0757542	0.0681087	0.100007	0.172574	0.277523	0.406219	0.534014	0.636177	0.679089	0.646905	0.533222	0.360958	0.154378	-0.054873	-0.25476	-0.431629	-0.575069	-0.66426	-0.690181	-0.65731	-0.595222	
0.442453	0.312586	0.195294	0.105862	0.0550855	0.046884	0.0802946	0.155869	0.262603	0.391429	0.512873	0.603875	0.62883	0.576926	0.445386	0.259193	0.0469132	-0.16645	-0.364619	-0.539293	-0.675623	-0.753121	-0.768938	-0.72755	-0.663333	
0.394894	0.268377	0.149964	0.0585381	0.00537317	-0.00279934	0.0316819	0.109855	0.218278	0.345558	0.46123	0.539257	0.548192	0.477036	0.330281	0.133661	-0.0836485	-0.295938	-0.493209	-0.66003	-0.787661	-0.8506	-0.85224	-0.802298	-0.731472	
0.32902	0.205018	0.0872935	-0.00765273	-0.061131	-0.0712313	-0.033823	0.0451159	0.156302	0.280861	0.391063	0.456635	0.45036	0.362753	0.203121	-0.00103677	-0.219964	-0.430946	-0.622418	-0.782658	-0.895901	-0.945005	-0.929435	-0.868827	-0.788784	
0.250389	0.130842	0.0116245	-0.0843996	-0.140395	-0.150348	-0.111894	-0.0308136	0.0818443	0.204413	0.309104	0.363268	0.344188	0.242651	0.0747546	-0.133298	-0.349337	-0.554333	-0.736502	-0.883059	-0.9793	-1.00688	-0.972488	-0.895198	-0.802985	
0.18973	0.0721095	-0.0469906	-0.145768	-0.203091	-0.213733	-0.173738	-0.0905114	0.0235706	0.145088	0.244398	0.289721	0.259274	0.14838	-0.0251853	-0.232036	-0.442699	-0.63749	-0.807234	-0.936835	-1.01149	-1.01658	-0.958313	-0.864572	-0.755045	
0.172349	0.0577165	-0.0632286	-0.16413	-0.223194	-0.234874	-0.192439	-0.108203	0.00929758	0.128534	0.225695	0.26213	0.225098	0.106616	-0.0671859	-0.27066	-0.471384	-0.654735	-0.808291	-0.920569	-0.971929	-0.955266	-0.876131	-0.766196	-0.645845	
0.21981	0.10696	-0.0147215	-0.11726	-0.178668	-0.18982	-0.14717	-0.0596251	0.0579095	0.17784	0.269326	0.30068	0.254642	0.132509	-0.0429296	-0.24074	-0.43317	-0.604425	-0.744337	-0.838684	-0.871029	-0.833194	-0.737883	-0.615454	-0.485841	
0.329449	0.219894	0.0978754	-0.0062133	-0.0686676	-0.0807411	-0.0361873	0.0518107	0.171524	0.28834	0.377158	0.399667	0.348303	0.219494	0.0448739	-0.150008	-0.33457	-0.496813	-0.624994	-0.706266	-0.721389	-0.670241	-0.560985	-0.432382	-0.298144	
0.483732	0.377799	0.256547	0.152119	0.0884241	0.0765407	0.121398	0.210839	0.329717	0.445026	0.527209	0.543771	0.483025	0.350766	0.173405	-0.0174051	-0.196592	-0.35115	-0.469204	-0.538788	-0.540521	-0.475616	-0.359277	-0.223753	-0.089524	
0.672798	0.571388	0.451434	0.347277	0.282564	0.271057	0.315816	0.406108	0.523902	0.636057	0.71278	0.720768	0.653476	0.514382	0.336641	0.146484	-0.0279934	-0.176894	-0.28825	-0.347965	-0.339584	-0.266246	-0.142805	-0.00758147	0.12705	
0.882989	0.786123	0.668463	0.564411	0.500011	0.487728	0.533589	0.623007	0.740236	0.848366	0.919055	0.919786	0.843976	0.700928	0.519619	0.331802	0.159405	0.0144769	-0.0909074	-0.145368	-0.129081	-0.0513553	0.0715283	0.204986	0.329862	
1.10346	1.01227	0.897094	0.794927	0.729595	0.71867	0.762889	0.853308	0.96682	1.07184	1.13464	1.1272	1.04308	0.892525	0.708344	0.517476	0.34551	0.200314	0.0951972	0.0436403	0.0599309	0.13783	0.255789	0.379304	0.493686	
1.30629	1.22126	1.11028	1.00931	0.945509	0.933538	0.978759	1.06653	1.17854	1.27705	1.33295	1.31578	1.22189	1.0641	0.872497	0.678689	0.501584	0.353288	0.244867	0.188913	0.202628	0.27239	0.379773	0.489579	0.584777	
1.45987	1.38245	1.27589	1.17827	1.11456	1.10403	1.14702	1.23449	1.34089	1.43456	1.48023	1.45326	1.34815	1.17994	0.980905	0.778357	0.59568	0.439403	0.324414	0.262794	0.268045	0.330297	0.424292	0.519178	0.598201	
1.53999	1.47001	1.36886	1.27379	1.21203	1.20096	1.24403	1.32824	1.43153	1.5176	1.55511	1.51715	1.40102	1.22327	1.01402	0.804871	0.612574	0.449569	0.326207	0.256868	0.255253	0.306718	0.389731	0.470995	0.534902	
1.53913	1.4763	1.37989	1.28804	1.22719	1.21695	1.25833	1.34119	1.43939	1.52021	1.5486	1.50158	1.37548	1.18816	0.971888	0.754172	0.556746	0.385916	0.257626	0.183186	0.175925	0.222702	0.297315	0.370914	0.426323	
1.4763	1.41905	1.3266	1.23713	1.17744	1.16731	1.20814	1.28896	1.38417	1.45974	1.48176	1.42725	1.29318	1.09973	0.876423	0.655183	0.451579	0.278172	0.145496	0.0690536	0.0598672	0.103596	0.175525	0.245361	0.297506	
1.37989	1.3266	1.23701	1.14906	1.09027	1.08015	1.12049	1.20006	1.29286	1.36503	1.38249	1.32272	1.1841	0.985738	0.760341	0.535477	0.331701	0.155889	0.0241019	-0.0522274	-0.0601711	-0.0151865	0.0568142	0.127313	0.179754	
1.28804	1.23713	1.14906	1.06243	1.00368	0.994122	1.0337	1.11301	1.20395	1.27448	1.28859	1.2264	1.08403	0.884381	0.656244	0.431852	0.226401	0.0520603	-0.0797983	-0.15368	-0.159862	-0.112365	-0.0383776	0.0343874	0.0894371	
1.22719	1.17744	1.09027	1.00368	0.94561	0.93547	0.975564	1.05387	1.1449	1.21374	1.22745	1.16307	1.0206	0.819193	0.592038	0.366774	0.163033	-0.011347	-0.141063	-0.213954	-0.217691	-0.16895	-0.0929432	-0.0188589	0.0376382	
1.21695	1.16731	1.08015	0.994122	0.93547	0.926152	0.965314	1.04455	1.13435	1.20413	1.2163	1.15285	1.00873	0.808282	0.579717	0.355308	0.150638	-0.0230405	-0.153186	-0.225119	-0.2291	-0.178912	-0.103066	-0.0278012	0.0295236	
1.25833	1.20814	1.12049	1.0337	0.975564	0.965314	1.00562	1.08389	1.1755	1.24456	1.25919	1.19527	1.05357	0.852521	0.625417	0.400306	0.195964	0.0214644	-0.109204	-0.182939	-0.187632	-0.140275	-0.0650189	0.00781769	0.0632354	
1.34119	1.28896	1.20006	1.11301	1.05387	1.04455	1.08389	1.16405	1.25512	1.32735	1.34225	1.28214	1.14081	0.942358	0.714983	0.490401	0.285511	0.110182	-0.0218429	-0.0969652	-0.104551	-0.0578421	0.0145035	0.0863502	0.140103	
1.43939	1.38417	1.29286	1.20395	1.1449	1.13435	1.1755	1.25512	1.35	1.4233	1.4441	1.38656	1.2511	1.05504	0.830999	0.60808	0.404143	0.229659	0.0970842	0.0201534	0.0116056	0.0546693	0.126662	0.195845	0.247285	
1.52021	1.45974	1.36503	1.27448	1.21374	1.20413	1.24456	1.32735	1.4233	1.50277	1.52737	1.47787	1.34747	1.15779	0.938039	0.718494	0.518339	0.345858	0.21555	0.140169	0.131484	0.177378	0.250098	0.321999	0.375973	
1.5486	1.48176	1.38249	1.28859	1.22745	1.2163	1.25919	1.34225	1.4441	1.52737	1.5617	1.51956	1.39955	1.21786	1.00545	0.793168	0.598173	0.43219	0.306452	0.234492	0.23072	0.278997	0.358385	0.435515	0.494726	
1.50158	1.42725	1.32272	1.2264	1.16307	1.15285	1.19527	1.28214	1.38656	1.47787	1.51956	1.48857	1.37866	1.20654	1.00352	0.797852	0.611658	0.452276	0.333978	0.269481	0.271576	0.329982	0.419107	0.508203	0.581129	
1.37548	1.29318	1.1841	1.08403	1.0206	1.00873	1.05357	1.14081	1.2511	1.34747	1.39955	1.37866	1.28013	1.11892	0.923896	0.727642	0.547949	0.397136	0.286338	0.228021	0.239148	0.305338	0.407586	0.511071	0.5991	
1.18816	1.09973	0.985738	0.884381	0.819193	0.808282	0.852521	0.942358	1.05504	1.15779	1.21786	1.20654	1.11892	0.965212	0.778822	0.586587	0.413277	0.267158	0.161059	0.108765	0.124274	0.199975	0.314214	0.432558	0.539892	
0.971888	0.876423	0.760341	0.656244	0.592038	0.579717	0.625417	0.714983	0.830999	0.938039	1.00545	1.00352	0.923896	0.778822	0.595885	0.407837	0.235639	0.0911148	-0.013364	-0.0665622	-0.0490317	0.0289547	0.150667	0.280514	0.401698	
0.754172	0.655183	0.535477	0.431852	0.366774	0.355308	0.400306	0.490401	0.60808	0.718494	0.793168	0.797852	0.727642	0.586587	0.407837	0.218696	0.0451511	-0.101445	-0.210519	-0.267006	-0.255151	-0.179082	-0.0551236	0.0800312	0.211336	
0.556746	0.451579	0.331701	0.226401	0.163033	0.150638	0.195964	0.285511	0.404143	0.518339	0.598173	0.611658	0.547949	0.413277	0.235639	0.0451511	-0.131803	-0.284373	-0.399067	-0.464922	-0.461856	-0.393473	-0.273662	-0.138339	-0.00310235	
0.385916	0.278172	0.155889	0.0520603	-0.011347	-0.0230405	0.0214644	0.110182	0.229659	0.345858	0.43219	0.452276	0.397136	0.267158	0.0911148	-0.101445	-0.284373	-0.442583	-0.567038	-0.642767	-0.65227	-0.594905	-0.482506	-0.350533	-0.216429	
0.257626	0.145496	0.0241019	-0.0797983	-0.141063	-0.153186	-0.109204	-0.0218429	0.0970842	0.21555	0.306452	0.333978	0.286338	0.161059	-0.013364	-0.210519	-0.399067	-0.567038	-0.701751	-0.790828	-0.815789	-0.772512	-0.67083	-0.54632	-0.414058	
0.183186	0.0690536	-0.0522274	-0.15368	-0.213954	-0.225119	-0.182939	-0.0969652	0.0201534	0.140169	0.234492	0.269481	0.228021	0.108765	-0.0665622	-0.267006	-0.464922	-0.642767	-0.790828	-0.89526	-0.938571	-0.912333	-0.826429	-0.710487	-0.586145	
0.175925	0.0598672	-0.0601711	-0.159862	-0.217691	-0.2291	-0.187632	-0.104551	0.0116056	0.131484	0.23072	0.271576	0.239148	0.124274	-0.0490317	-0.255151	-0.461856	-0.65227	-0.815789	-0.938571	-1.00374	-1.00042	-0.933129	-0.833156	-0.719133	
0.222702	0.103596	-0.0151865	-0.112365	-0.16895	-0.178912	-0.140275	-0.0578421	0.0546693	0.177378	0.278997	0.329982	0.305338	0.199975	0.0289547	-0.179082	-0.393473	-0.594905	-0.772512	-0.912333	-1.00042	-1.01834	-0.974584	-0.890531	-0.790835	
0.297315	0.175525	0.0568142	-0.0383776	-0.0929432	-0.103066	-0.0650189	0.0145035	0.126662	0.250098	0.358385	0.419107	0.407586	0.314214	0.150667	-0.0551236	-0.273662	-0.482506	-0.67083	-0.826429	-0.933129	-0.974584	-0.95205	-0.885177	-0.801869	
0.370914	0.245361	0.127313	0.0343874	-0.0188589	-0.0278012	0.00781769	0.0863502	0.195845	0.321999	0.435515	0.508203	0.511071	0.432558	0.280514	0.0800312	-0.138339	-0.350533	-0.54632	-0.710487	-0.833156	-0.890531	-0.885177	-0.831751	-0.75677	
0.426323	0.297506	0.179754	0.0894371	0.0376382	0.0295236	0.0632354	0.140103	0.247285	0.375973	0.494726	0.581129	0.5991	0.539892	0.401698	0.211336	-0.00310235	-0.216429	-0.414058	-0.586145	-0.719133	-0.790835	-0.801869	-0.75677	-0.691339	
