0.0438886	-0.0144795	-0.0420711	-0.0460551	-0.038341	-0.0344919	-0.0444767	-0.0454237	-0.0293059	0.0166398	0.0929494	0.189847	0.290516	0.393553	0.489325	0.544251	0.54968	0.501115	0.397088	0.242196	0.0479084	-0.141678	-0.302666	-0.418754	-0.488299	
0.0858937	-0.0219079	-0.0931083	-0.130119	-0.146107	-0.149213	-0.138399	-0.111539	-0.0549098	0.038342	0.167465	0.317934	0.460725	0.588263	0.692031	0.752615	0.757991	0.69796	0.57663	0.402472	0.198576	-0.000979552	-0.167629	-0.291048	-0.370913	
0.0984411	-0.0522048	-0.164847	-0.238414	-0.28615	-0.296422	-0.260041	-0.198545	-0.101688	0.0336651	0.206315	0.400767	0.580041	0.728278	0.838982	0.903691	0.908588	0.841681	0.711282	0.532283	0.327305	0.129471	-0.0302391	-0.154422	-0.237972	
0.0853962	-0.10348	-0.245269	-0.346904	-0.414396	-0.427839	-0.378655	-0.289292	-0.165636	0.00434322	0.216314	0.445686	0.645203	0.803012	0.919726	0.978727	0.980688	0.913013	0.78154	0.616041	0.429934	0.251985	0.104451	-0.00876833	-0.0898437	
0.0589992	-0.160065	-0.321686	-0.435083	-0.509397	-0.523219	-0.470496	-0.371668	-0.231775	-0.0345414	0.209742	0.463756	0.673921	0.829148	0.938775	0.991762	0.982792	0.912889	0.796356	0.657156	0.501934	0.354825	0.225076	0.12483	0.0588904	
0.042658	-0.188614	-0.363669	-0.486383	-0.563472	-0.577004	-0.523907	-0.418382	-0.265412	-0.0566988	0.203549	0.465379	0.675519	0.820932	0.916504	0.958623	0.937024	0.866051	0.767617	0.657164	0.541184	0.427743	0.327552	0.252842	0.207563	
0.0425009	-0.189353	-0.364505	-0.491231	-0.567249	-0.580126	-0.528519	-0.420253	-0.266143	-0.056723	0.201311	0.457748	0.662222	0.792452	0.864338	0.881809	0.85012	0.779888	0.701085	0.619176	0.535852	0.453237	0.385962	0.350846	0.340408	
0.0658222	-0.155642	-0.324753	-0.44836	-0.518724	-0.531004	-0.482733	-0.379645	-0.229515	-0.0281241	0.213587	0.449522	0.632514	0.744868	0.792311	0.787835	0.74608	0.676549	0.607716	0.543295	0.483657	0.426647	0.391293	0.397413	0.424234	
0.116488	-0.0930593	-0.254878	-0.365153	-0.425489	-0.436332	-0.395054	-0.304571	-0.164442	0.028375	0.250956	0.456019	0.60408	0.689959	0.715406	0.693492	0.640568	0.575179	0.508443	0.451433	0.403356	0.363261	0.347813	0.378928	0.438748	
0.176886	-0.0120717	-0.158627	-0.248741	-0.298105	-0.307134	-0.272889	-0.200833	-0.0774421	0.0988688	0.292211	0.461081	0.572594	0.626287	0.630768	0.595506	0.53404	0.469648	0.408206	0.356422	0.311247	0.28351	0.282275	0.321289	0.393245	
0.22891	0.0735862	-0.0507973	-0.124812	-0.16245	-0.169149	-0.143391	-0.0865256	0.0187167	0.165259	0.323839	0.459159	0.538323	0.56196	0.539827	0.488408	0.422199	0.361927	0.30998	0.263411	0.219954	0.196396	0.207252	0.246593	0.313955	
0.281648	0.163408	0.0610739	-0.00350519	-0.0335715	-0.0378885	-0.0185284	0.0298008	0.119483	0.234148	0.350871	0.44542	0.494976	0.488206	0.437445	0.371556	0.302741	0.249946	0.207059	0.167686	0.130586	0.116934	0.136439	0.178395	0.241498	
0.323754	0.239736	0.158066	0.107097	0.0877482	0.0849353	0.0965194	0.132903	0.205492	0.290844	0.36895	0.419053	0.432457	0.396928	0.319866	0.239447	0.164663	0.11721	0.0830791	0.0536323	0.0381782	0.0469394	0.0797361	0.127633	0.191428	
0.341193	0.281956	0.226821	0.191962	0.182069	0.180793	0.186029	0.209491	0.258906	0.318493	0.367001	0.375705	0.351503	0.28984	0.191868	0.0957286	0.0151347	-0.032116	-0.0529073	-0.0612442	-0.0489966	-0.0128623	0.0364654	0.093368	0.16547	
0.312347	0.280104	0.24842	0.225282	0.220683	0.220258	0.221623	0.237527	0.266802	0.300695	0.325953	0.313395	0.255673	0.169696	0.058546	-0.0467307	-0.132319	-0.175097	-0.18276	-0.168726	-0.127705	-0.0657509	0.007077	0.0879443	0.171861	
0.238898	0.221034	0.207452	0.195266	0.190683	0.189637	0.192681	0.202524	0.214612	0.232186	0.242725	0.219089	0.15342	0.0484037	-0.0738812	-0.184578	-0.266833	-0.305485	-0.302973	-0.260022	-0.189474	-0.0991779	0.0024833	0.109885	0.209433	
0.125726	0.119574	0.109384	0.102371	0.0997907	0.0993223	0.100955	0.105898	0.11528	0.124059	0.124561	0.099436	0.0299406	-0.0769276	-0.202019	-0.310944	-0.382625	-0.410788	-0.394634	-0.327226	-0.225947	-0.107933	0.0192898	0.144828	0.252192	
-0.0107376	-0.016784	-0.0307669	-0.0370643	-0.0393741	-0.0397582	-0.0382077	-0.0343271	-0.0224861	-0.011678	-0.0136965	-0.0392643	-0.106984	-0.202151	-0.308209	-0.403445	-0.458345	-0.468311	-0.4374	-0.354867	-0.234165	-0.0990791	0.045221	0.183445	0.298458	
-0.170479	-0.180485	-0.192585	-0.197677	-0.201974	-0.20386	-0.19887	-0.195506	-0.185443	-0.173801	-0.170493	-0.188978	-0.24209	-0.315806	-0.388528	-0.454801	-0.488608	-0.481611	-0.432524	-0.335651	-0.209306	-0.0680783	0.0831506	0.226622	0.351923	
-0.336313	-0.340698	-0.34691	-0.349338	-0.355668	-0.358016	-0.350861	-0.348297	-0.343165	-0.338631	-0.332423	-0.335288	-0.367196	-0.410682	-0.449664	-0.475434	-0.479733	-0.452606	-0.384949	-0.274101	-0.140903	0.00157118	0.150009	0.290859	0.416075	
-0.472	-0.472179	-0.475595	-0.478542	-0.481366	-0.482095	-0.479936	-0.476512	-0.473375	-0.472894	-0.467093	-0.457482	-0.465017	-0.477575	-0.483369	-0.473019	-0.437761	-0.378859	-0.293384	-0.173857	-0.0394275	0.0971098	0.233652	0.364252	0.479932	
-0.559268	-0.55722	-0.559332	-0.559229	-0.554575	-0.553745	-0.557644	-0.559932	-0.557651	-0.558102	-0.559166	-0.551332	-0.540248	-0.524776	-0.497175	-0.452543	-0.38097	-0.287112	-0.17595	-0.0514267	0.0750041	0.203215	0.323806	0.431808	0.524718	
-0.60491	-0.596842	-0.591227	-0.581253	-0.56761	-0.565349	-0.575866	-0.587922	-0.594571	-0.601527	-0.607518	-0.607174	-0.592574	-0.555673	-0.497938	-0.422359	-0.319157	-0.194686	-0.0623977	0.0681138	0.182755	0.290086	0.389774	0.471367	0.535054	
-0.61177	-0.594602	-0.575566	-0.552989	-0.536187	-0.532271	-0.545176	-0.566177	-0.587677	-0.605122	-0.619487	-0.626369	-0.616651	-0.574151	-0.497028	-0.393304	-0.262908	-0.118915	0.0220491	0.152982	0.257935	0.341512	0.407061	0.456382	0.488775	
-0.588653	-0.55458	-0.517499	-0.479793	-0.454748	-0.450642	-0.467427	-0.502114	-0.540275	-0.575576	-0.604527	-0.620556	-0.618481	-0.582751	-0.504696	-0.388152	-0.238763	-0.0799228	0.0656613	0.193396	0.296567	0.361371	0.389263	0.394916	0.388168	
-0.54312	-0.489343	-0.429452	-0.373188	-0.33522	-0.329405	-0.354423	-0.406482	-0.465256	-0.522909	-0.572208	-0.606377	-0.611602	-0.581961	-0.512565	-0.395915	-0.237727	-0.0723388	0.0736501	0.196964	0.288333	0.334627	0.335958	0.299826	0.250623	
-0.489343	-0.4065	-0.321234	-0.241432	-0.190176	-0.181345	-0.216663	-0.287593	-0.372164	-0.457303	-0.531687	-0.582047	-0.601715	-0.577572	-0.512599	-0.397665	-0.246808	-0.0801318	0.0688239	0.184732	0.262779	0.287628	0.260937	0.197593	0.109138	
-0.429452	-0.321234	-0.205488	-0.107857	-0.0496606	-0.0394412	-0.0787514	-0.163027	-0.274447	-0.387983	-0.485472	-0.55651	-0.590766	-0.578186	-0.515892	-0.402246	-0.256717	-0.0945506	0.057347	0.174655	0.240012	0.242218	0.189861	0.102679	-0.0055093	
-0.373188	-0.241432	-0.107857	-0.00606525	0.0540941	0.0634173	0.0241877	-0.0625092	-0.185961	-0.323263	-0.440289	-0.528484	-0.576096	-0.574823	-0.518224	-0.404493	-0.26025	-0.100941	0.051423	0.164938	0.221581	0.212235	0.146134	0.0422769	-0.07517	
-0.33522	-0.190176	-0.0496606	0.0540941	0.112301	0.122328	0.0828799	-0.00258219	-0.131347	-0.279053	-0.410972	-0.509301	-0.560564	-0.565572	-0.518319	-0.40971	-0.266032	-0.103284	0.0487866	0.16103	0.216621	0.205492	0.130031	0.0163466	-0.109635	
-0.329405	-0.181345	-0.0394412	0.0634173	0.122328	0.132694	0.0918688	0.00718336	-0.121371	-0.271895	-0.406486	-0.505128	-0.557322	-0.564499	-0.518308	-0.411942	-0.268327	-0.104111	0.0485844	0.160267	0.215744	0.204828	0.127923	0.0124418	-0.115463	
-0.354423	-0.216663	-0.0787514	0.0241877	0.0828799	0.0918688	0.054057	-0.0325302	-0.158833	-0.301764	-0.425751	-0.519463	-0.569152	-0.571416	-0.518573	-0.406083	-0.261579	-0.101781	0.0501682	0.162653	0.2182	0.207577	0.137611	0.0285943	-0.0921432	
-0.406482	-0.287593	-0.163027	-0.0625092	-0.00258219	0.00718336	-0.0325302	-0.118777	-0.236833	-0.361314	-0.466683	-0.544846	-0.585225	-0.577781	-0.516883	-0.403095	-0.25875	-0.0980248	0.0541212	0.170642	0.231802	0.227285	0.16825	0.0734725	-0.0393818	
-0.465256	-0.372164	-0.274447	-0.185961	-0.131347	-0.121371	-0.158833	-0.236833	-0.333181	-0.429113	-0.51364	-0.572305	-0.597496	-0.577591	-0.513575	-0.399049	-0.251031	-0.0861748	0.064194	0.180149	0.252694	0.268549	0.230917	0.157247	0.0590178	
-0.522909	-0.457303	-0.387983	-0.323263	-0.279053	-0.271895	-0.301764	-0.361314	-0.429113	-0.497928	-0.55677	-0.596964	-0.60768	-0.580069	-0.512858	-0.397374	-0.240958	-0.0739642	0.0727497	0.192363	0.279039	0.316742	0.306651	0.2589	0.192652	
-0.572208	-0.531687	-0.485472	-0.440289	-0.410972	-0.406486	-0.425751	-0.466683	-0.51364	-0.55677	-0.593374	-0.616365	-0.616113	-0.583275	-0.509588	-0.391179	-0.236177	-0.0742995	0.0715586	0.198452	0.297411	0.355434	0.372098	0.359438	0.335396	
-0.606377	-0.582047	-0.55651	-0.528484	-0.509301	-0.505128	-0.519463	-0.544846	-0.572305	-0.596964	-0.616365	-0.625599	-0.619571	-0.578584	-0.498684	-0.387758	-0.249339	-0.0978759	0.0456274	0.174503	0.278975	0.354202	0.403487	0.437268	0.454763	
-0.611602	-0.601715	-0.590766	-0.576096	-0.560564	-0.557322	-0.569152	-0.585225	-0.597496	-0.60768	-0.616113	-0.619571	-0.605764	-0.56449	-0.497059	-0.409814	-0.294706	-0.161697	-0.024428	0.107291	0.216304	0.313964	0.402355	0.47165	0.523714	
-0.581961	-0.577572	-0.578186	-0.574823	-0.565572	-0.564499	-0.571416	-0.577781	-0.577591	-0.580069	-0.583275	-0.578584	-0.56449	-0.538897	-0.498201	-0.441088	-0.35659	-0.249265	-0.127942	-0.00105967	0.121474	0.242474	0.355494	0.45353	0.534751	
-0.512565	-0.512599	-0.515892	-0.518224	-0.518319	-0.518308	-0.518573	-0.516883	-0.513575	-0.512858	-0.509588	-0.498684	-0.497059	-0.498201	-0.490448	-0.466409	-0.415415	-0.342605	-0.248359	-0.126742	0.00530497	0.139039	0.269574	0.391957	0.500766	
-0.395915	-0.397665	-0.402246	-0.404493	-0.40971	-0.411942	-0.406083	-0.403095	-0.399049	-0.397374	-0.391179	-0.387758	-0.409814	-0.441088	-0.466409	-0.477416	-0.466338	-0.427928	-0.353013	-0.237746	-0.102637	0.0380339	0.183036	0.320612	0.44307	
-0.237727	-0.246808	-0.256717	-0.26025	-0.266032	-0.268327	-0.261579	-0.25875	-0.251031	-0.240958	-0.236177	-0.249339	-0.294706	-0.35659	-0.415415	-0.466338	-0.489843	-0.475281	-0.418741	-0.316343	-0.187589	-0.0452076	0.10588	0.249706	0.375962	
-0.0723388	-0.0801318	-0.0945506	-0.100941	-0.103284	-0.104111	-0.101781	-0.0980248	-0.0861748	-0.0739642	-0.0742995	-0.0978759	-0.161697	-0.249265	-0.342605	-0.427928	-0.475281	-0.478526	-0.440231	-0.352023	-0.229027	-0.0906779	0.0582574	0.199549	0.31877	
0.0736501	0.0688239	0.057347	0.051423	0.0487866	0.0485844	0.0501682	0.0541212	0.064194	0.0727497	0.0715586	0.0456274	-0.024428	-0.127942	-0.248359	-0.353013	-0.418741	-0.440231	-0.418674	-0.344238	-0.232508	-0.10601	0.0286899	0.159807	0.270368	
0.196964	0.184732	0.174655	0.164938	0.16103	0.160267	0.162653	0.170642	0.180149	0.192363	0.198452	0.174503	0.107291	-0.00105967	-0.126742	-0.237746	-0.316343	-0.352023	-0.344238	-0.290069	-0.207164	-0.105698	0.00686631	0.123597	0.227067	
0.288333	0.262779	0.240012	0.221581	0.216621	0.215744	0.2182	0.231802	0.252694	0.279039	0.297411	0.278975	0.216304	0.121474	0.00530497	-0.102637	-0.187589	-0.229027	-0.232508	-0.207164	-0.154934	-0.0818405	0.00252843	0.0935273	0.184559	
0.334627	0.287628	0.242218	0.212235	0.205492	0.204828	0.207577	0.227285	0.268549	0.316742	0.355434	0.354202	0.313964	0.242474	0.139039	0.0380339	-0.0452076	-0.0906779	-0.10601	-0.105698	-0.0818405	-0.0353414	0.0222932	0.0876793	0.163301	
0.335958	0.260937	0.189861	0.146134	0.130031	0.127923	0.137611	0.16825	0.230917	0.306651	0.372098	0.403487	0.402355	0.355494	0.269574	0.183036	0.10588	0.0582574	0.0286899	0.00686631	0.00252843	0.0222932	0.0616306	0.111449	0.178368	
0.299826	0.197593	0.102679	0.0422769	0.0163466	0.0124418	0.0285943	0.0734725	0.157247	0.2589	0.359438	0.437268	0.47165	0.45353	0.391957	0.320612	0.249706	0.199549	0.159807	0.123597	0.0935273	0.0876793	0.111449	0.156278	0.217578	
0.250623	0.109138	-0.0055093	-0.07517	-0.109635	-0.115463	-0.0921432	-0.0393818	0.0590178	0.192652	0.335396	0.454763	0.523714	0.534751	0.500766	0.44307	0.375962	0.31877	0.270368	0.227067	0.184559	0.163301	0.178368	0.217578	0.283651	
