-0.244564	-0.315266	-0.423943	-0.541688	-0.653357	-0.731942	-0.764557	-0.745308	-0.684458	-0.596366	-0.489821	-0.380246	-0.286124	-0.2108	-0.155015	-0.126756	-0.115324	-0.103297	-0.0645607	0.00870105	0.131969	0.305335	0.515106	0.737056	0.953237	
-0.315266	-0.412827	-0.529906	-0.641703	-0.73615	-0.799212	-0.81545	-0.777614	-0.70031	-0.596858	-0.467563	-0.342873	-0.246276	-0.177093	-0.125557	-0.103797	-0.0996105	-0.0941337	-0.0645307	0.000294958	0.12229	0.306488	0.535598	0.782867	1.01986	
-0.423943	-0.529906	-0.643307	-0.737915	-0.807156	-0.850963	-0.852032	-0.792945	-0.693733	-0.5646	-0.41581	-0.281097	-0.176799	-0.1041	-0.0552159	-0.0407045	-0.0447449	-0.0517589	-0.0339759	0.0276698	0.153617	0.3421	0.576112	0.827624	1.06415	
-0.541688	-0.641703	-0.737915	-0.807873	-0.852241	-0.879751	-0.863014	-0.789016	-0.666932	-0.516279	-0.348229	-0.19399	-0.0739634	-0.000709381	0.0388996	0.0461289	0.0290733	0.00938979	0.0190912	0.0817132	0.204709	0.386391	0.61076	0.847654	1.06852	
-0.653357	-0.73615	-0.807156	-0.852241	-0.874338	-0.886471	-0.855454	-0.762133	-0.61708	-0.440416	-0.253081	-0.0814221	0.0474174	0.124161	0.15646	0.149248	0.116047	0.0866001	0.0888992	0.143771	0.2538	0.418443	0.619974	0.831269	1.03155	
-0.731942	-0.799212	-0.850963	-0.879751	-0.886471	-0.873777	-0.815806	-0.699963	-0.535415	-0.331243	-0.127107	0.0567526	0.189027	0.264514	0.278743	0.255235	0.212063	0.175315	0.16334	0.19925	0.283752	0.419857	0.594167	0.78194	0.965066	
-0.764557	-0.81545	-0.852032	-0.863014	-0.855454	-0.815806	-0.735447	-0.596793	-0.405145	-0.175451	0.0451143	0.230549	0.354085	0.404498	0.397089	0.354792	0.304579	0.253745	0.223842	0.227543	0.279595	0.384182	0.534706	0.698875	0.865991	
-0.745308	-0.777614	-0.792945	-0.789016	-0.762133	-0.699963	-0.596793	-0.437833	-0.223229	0.0227713	0.254559	0.426146	0.518972	0.541075	0.513567	0.448554	0.3747	0.300127	0.242683	0.217925	0.245449	0.325728	0.449106	0.590721	0.743196	
-0.684458	-0.70031	-0.693733	-0.666932	-0.61708	-0.535415	-0.405145	-0.223229	0.00193423	0.243404	0.463108	0.606001	0.670756	0.674184	0.622966	0.52626	0.417583	0.314622	0.230224	0.185537	0.19365	0.254723	0.360942	0.49245	0.632518	
-0.596366	-0.596858	-0.5646	-0.516279	-0.440416	-0.331243	-0.175451	0.0227713	0.243404	0.469252	0.657787	0.771344	0.805221	0.781231	0.698237	0.575292	0.440414	0.313385	0.205563	0.138893	0.13069	0.180948	0.28453	0.413743	0.54599	
-0.489821	-0.467563	-0.41581	-0.348229	-0.253081	-0.127107	0.0451143	0.254559	0.463108	0.657787	0.814735	0.897611	0.897607	0.834938	0.723868	0.578928	0.425548	0.281353	0.161131	0.0845897	0.0685204	0.110492	0.208055	0.337751	0.473711	
-0.380246	-0.342873	-0.281097	-0.19399	-0.0814221	0.0567526	0.230549	0.426146	0.606001	0.771344	0.897611	0.951625	0.923406	0.829422	0.688796	0.523434	0.355818	0.20574	0.0869556	0.0165825	-0.00164871	0.0342566	0.12587	0.258667	0.404218	
-0.286124	-0.246276	-0.176799	-0.0739634	0.0474174	0.189027	0.354085	0.518972	0.670756	0.805221	0.897607	0.923406	0.872437	0.754635	0.594346	0.421013	0.249339	0.101318	-0.0131256	-0.0790757	-0.0944357	-0.0528097	0.0444226	0.181183	0.33804	
-0.2108	-0.177093	-0.1041	-0.000709381	0.124161	0.264514	0.404498	0.541075	0.674184	0.781231	0.834938	0.829422	0.754635	0.621036	0.456321	0.285643	0.12316	-0.0202144	-0.131323	-0.19784	-0.205788	-0.156867	-0.0482751	0.0986409	0.2697	
-0.155015	-0.125557	-0.0552159	0.0388996	0.15646	0.278743	0.397089	0.513567	0.622966	0.698237	0.723868	0.688796	0.594346	0.456321	0.29259	0.123391	-0.0277388	-0.156847	-0.259518	-0.322835	-0.328607	-0.27288	-0.154393	0.00443125	0.180767	
-0.126756	-0.103797	-0.0407045	0.0461289	0.149248	0.255235	0.354792	0.448554	0.52626	0.575292	0.578928	0.523434	0.421013	0.285643	0.123391	-0.0392183	-0.177215	-0.294192	-0.391686	-0.446868	-0.441855	-0.375381	-0.256154	-0.0990957	0.0774715	
-0.115324	-0.0996105	-0.0447449	0.0290733	0.116047	0.212063	0.304579	0.3747	0.417583	0.440414	0.425548	0.355818	0.249339	0.12316	-0.0277388	-0.177215	-0.310559	-0.42418	-0.515717	-0.555014	-0.537408	-0.469083	-0.355573	-0.196855	-0.014345	
-0.103297	-0.0941337	-0.0517589	0.00938979	0.0866001	0.175315	0.253745	0.300127	0.314622	0.313385	0.281353	0.20574	0.101318	-0.0202144	-0.156847	-0.294192	-0.42418	-0.533721	-0.607839	-0.63727	-0.622561	-0.563314	-0.442872	-0.272656	-0.084612	
-0.0645607	-0.0645307	-0.0339759	0.0190912	0.0888992	0.16334	0.223842	0.242683	0.230224	0.205563	0.161131	0.0869556	-0.0131256	-0.131323	-0.259518	-0.391686	-0.515717	-0.607839	-0.668025	-0.702848	-0.698186	-0.634797	-0.505527	-0.332745	-0.146381	
0.00870105	0.000294958	0.0276698	0.0817132	0.143771	0.19925	0.227543	0.217925	0.185537	0.138893	0.0845897	0.0165825	-0.0790757	-0.19784	-0.322835	-0.446868	-0.555014	-0.63727	-0.702848	-0.74379	-0.731734	-0.661029	-0.53804	-0.373345	-0.182142	
0.131969	0.12229	0.153617	0.204709	0.2538	0.283752	0.279595	0.245449	0.19365	0.13069	0.0685204	-0.00164871	-0.0944357	-0.205788	-0.328607	-0.441855	-0.537408	-0.622561	-0.698186	-0.731734	-0.712132	-0.645471	-0.532806	-0.368125	-0.17373	
0.305335	0.306488	0.3421	0.386391	0.418443	0.419857	0.384182	0.325728	0.254723	0.180948	0.110492	0.0342566	-0.0528097	-0.156867	-0.27288	-0.375381	-0.469083	-0.563314	-0.634797	-0.661029	-0.645471	-0.587049	-0.47277	-0.308574	-0.118379	
0.515106	0.535598	0.576112	0.61076	0.619974	0.594167	0.534706	0.449106	0.360942	0.28453	0.208055	0.12587	0.0444226	-0.0482751	-0.154393	-0.256154	-0.355573	-0.442872	-0.505527	-0.53804	-0.532806	-0.47277	-0.356264	-0.195275	-0.00993377	
0.737056	0.782867	0.827624	0.847654	0.831269	0.78194	0.698875	0.590721	0.49245	0.413743	0.337751	0.258667	0.181183	0.0986409	0.00443125	-0.0990957	-0.196855	-0.272656	-0.332745	-0.373345	-0.368125	-0.308574	-0.195275	-0.0341882	0.154779	
0.953237	1.01986	1.06415	1.06852	1.03155	0.965066	0.865991	0.743196	0.632518	0.54599	0.473711	0.404218	0.33804	0.2697	0.180767	0.0774715	-0.014345	-0.084612	-0.146381	-0.182142	-0.17373	-0.118379	-0.00993377	0.154779	0.345646	
1.13444	1.22251	1.26683	1.25904	1.20793	1.12463	1.01033	0.878831	0.757712	0.665491	0.602892	0.55063	0.495643	0.429364	0.345184	0.256494	0.174379	0.0994712	0.0392044	0.00963133	0.0188583	0.0733467	0.18563	0.350014	0.539107	
1.27235	1.37942	1.42541	1.40968	1.34122	1.23666	1.10918	0.972877	0.851433	0.763389	0.711406	0.673604	0.627466	0.560745	0.483824	0.414101	0.341927	0.269279	0.210836	0.18113	0.189626	0.251783	0.368458	0.531674	0.720686	
1.36393	1.48586	1.53636	1.51537	1.43519	1.31637	1.17692	1.035	0.915058	0.832425	0.787276	0.760083	0.722746	0.663861	0.598522	0.53609	0.466582	0.397444	0.344168	0.318185	0.334137	0.397847	0.509768	0.671012	0.868192	
1.41562	1.54636	1.60282	1.58218	1.49487	1.3678	1.2207	1.07348	0.956794	0.879903	0.83629	0.809926	0.784955	0.744523	0.685152	0.617299	0.547218	0.485648	0.437374	0.417387	0.436601	0.49845	0.607437	0.771717	0.971905	
1.43963	1.57968	1.64194	1.61692	1.52223	1.38703	1.23113	1.08134	0.971132	0.905882	0.865479	0.834635	0.810933	0.780132	0.724884	0.656903	0.593128	0.53827	0.492873	0.469376	0.483884	0.547254	0.66846	0.839719	1.03267	
1.44372	1.585	1.64797	1.62304	1.52552	1.38738	1.23004	1.08056	0.973608	0.910137	0.869881	0.837238	0.814788	0.785985	0.730658	0.66277	0.600691	0.548981	0.503668	0.478356	0.489796	0.555373	0.680741	0.853905	1.04349	
1.42761	1.56277	1.6224	1.59895	1.50931	1.38031	1.22897	1.07979	0.964884	0.89265	0.850348	0.823289	0.799023	0.763287	0.706517	0.638079	0.569646	0.510406	0.464206	0.443211	0.461434	0.523716	0.636938	0.80292	1.00086	
1.38907	1.51454	1.56698	1.54684	1.46281	1.33985	1.19747	1.05344	0.935318	0.854277	0.809563	0.783181	0.752129	0.700786	0.637922	0.573564	0.503689	0.437716	0.385893	0.363314	0.381869	0.444729	0.553063	0.715132	0.915293	
1.3146	1.42883	1.47627	1.45697	1.38326	1.2721	1.13943	1.00055	0.878626	0.794096	0.745989	0.713236	0.669193	0.604033	0.531801	0.46703	0.39723	0.325762	0.269235	0.239843	0.250998	0.314098	0.4301	0.592972	0.785035	
1.19468	1.29065	1.33482	1.32456	1.26685	1.17432	1.05465	0.92168	0.800077	0.707929	0.649503	0.603073	0.552922	0.486478	0.404657	0.323808	0.245309	0.170763	0.111596	0.0824627	0.0899072	0.147607	0.262822	0.426878	0.614353	
1.03092	1.10627	1.15106	1.1487	1.10614	1.03402	0.928529	0.801572	0.685166	0.595802	0.527016	0.464469	0.402113	0.335687	0.248565	0.150368	0.0620723	-0.010659	-0.0723018	-0.104816	-0.0950078	-0.040822	0.0680485	0.232101	0.42262	
0.826207	0.880048	0.924981	0.939654	0.913354	0.85604	0.765384	0.651012	0.54896	0.467033	0.392077	0.315819	0.242917	0.166177	0.0742173	-0.0305519	-0.125513	-0.197262	-0.25871	-0.298539	-0.291742	-0.23383	-0.123686	0.0395151	0.230178	
0.603519	0.633874	0.676963	0.705446	0.704425	0.669137	0.600575	0.504869	0.411074	0.334484	0.257543	0.176394	0.0954386	0.00680347	-0.0942363	-0.196798	-0.29691	-0.379034	-0.439466	-0.476586	-0.472553	-0.412535	-0.296331	-0.135222	0.0509985	
0.386022	0.394336	0.431234	0.472807	0.496312	0.485861	0.439852	0.370891	0.29338	0.217791	0.143692	0.0638824	-0.0198811	-0.119859	-0.231806	-0.332532	-0.429012	-0.522887	-0.590282	-0.617378	-0.606405	-0.548062	-0.432108	-0.269321	-0.0820873	
0.19581	0.189815	0.223166	0.270778	0.313564	0.332395	0.315667	0.27147	0.210859	0.143586	0.0784645	0.0059337	-0.0853082	-0.193319	-0.314662	-0.422869	-0.516305	-0.605195	-0.680875	-0.710714	-0.69123	-0.627941	-0.515907	-0.351705	-0.158151	
0.051001	0.0410281	0.0690189	0.123562	0.181195	0.227404	0.241489	0.222188	0.182463	0.128675	0.0712711	0.00276798	-0.09126	-0.207546	-0.331517	-0.4522	-0.554413	-0.636152	-0.706247	-0.745633	-0.729575	-0.659062	-0.541469	-0.37759	-0.184092	
-0.0398811	-0.0437047	-0.0148934	0.036991	0.104039	0.171525	0.22074	0.228137	0.20625	0.172593	0.124022	0.0529176	-0.0462612	-0.164872	-0.291236	-0.419924	-0.538574	-0.625223	-0.68582	-0.724339	-0.718435	-0.651227	-0.522553	-0.352382	-0.165119	
-0.0916481	-0.0862436	-0.049252	0.00797347	0.0823987	0.166259	0.237812	0.273597	0.277331	0.26676	0.228846	0.153142	0.051282	-0.0693016	-0.202438	-0.336868	-0.464121	-0.568138	-0.635391	-0.66552	-0.654976	-0.596592	-0.471327	-0.297936	-0.110048	
-0.112227	-0.0988323	-0.048332	0.0199493	0.102101	0.195089	0.28408	0.345229	0.375539	0.387723	0.365949	0.292943	0.186544	0.0637016	-0.0812987	-0.226192	-0.359052	-0.471317	-0.556688	-0.590338	-0.57179	-0.507485	-0.393215	-0.23029	-0.0444012	
-0.121183	-0.101158	-0.0415523	0.0415171	0.137505	0.239328	0.334355	0.418793	0.482808	0.521796	0.517206	0.45546	0.351093	0.218406	0.0601757	-0.0972102	-0.232487	-0.347673	-0.443626	-0.493151	-0.481734	-0.412612	-0.29606	-0.140227	0.0378454	
-0.140304	-0.112921	-0.0451569	0.045675	0.157782	0.2721	0.382807	0.490695	0.587811	0.65237	0.66854	0.623967	0.525082	0.387384	0.223926	0.056506	-0.0895504	-0.212305	-0.311939	-0.373359	-0.376803	-0.316362	-0.195565	-0.0358248	0.139662	
-0.18591	-0.154009	-0.0816534	0.0186096	0.142104	0.27693	0.40777	0.535621	0.659834	0.755188	0.796071	0.77741	0.69404	0.557847	0.393257	0.223234	0.0653062	-0.0735507	-0.181735	-0.247577	-0.253916	-0.203108	-0.09018	0.0623393	0.23758	
-0.254453	-0.215639	-0.144114	-0.0392754	0.084749	0.226464	0.382392	0.535369	0.678845	0.801849	0.879589	0.893004	0.831835	0.706053	0.543575	0.370788	0.201407	0.0542637	-0.0588556	-0.124985	-0.136962	-0.092176	0.00919345	0.148874	0.311815	
-0.339932	-0.300784	-0.23561	-0.141306	-0.0245558	0.116644	0.288523	0.472536	0.639797	0.793057	0.905916	0.949541	0.912932	0.808337	0.65647	0.48609	0.316591	0.167519	0.0499655	-0.0182698	-0.0357805	0.00110338	0.0938089	0.227963	0.377553	
-0.445282	-0.415048	-0.35825	-0.283013	-0.180387	-0.0495041	0.125109	0.332606	0.53159	0.713617	0.858364	0.928953	0.916277	0.839977	0.718356	0.563865	0.403266	0.255085	0.135125	0.0598817	0.0426871	0.0804633	0.174864	0.305727	0.445799	
