0.449896	0.507253	0.531967	0.524353	0.483857	0.422895	0.353729	0.27877	0.210319	0.165694	0.159829	0.222923	0.333974	0.466972	0.59019	0.677352	0.71289	0.691973	0.624534	0.530403	0.423851	0.318978	0.222454	0.135316	0.0771697	
0.507253	0.58899	0.624224	0.619538	0.576934	0.505794	0.41417	0.310722	0.216818	0.152209	0.138417	0.193219	0.29796	0.429865	0.5624	0.672739	0.745907	0.760336	0.717903	0.63386	0.524641	0.412373	0.301914	0.195816	0.125406	
0.531967	0.624224	0.67536	0.687128	0.655415	0.576726	0.46394	0.333877	0.215162	0.134784	0.108613	0.151367	0.245461	0.370715	0.500731	0.624564	0.7228	0.763693	0.748672	0.684807	0.583329	0.469336	0.353324	0.239078	0.160912	
0.524353	0.619538	0.687128	0.720246	0.695572	0.614265	0.489334	0.339469	0.201784	0.102611	0.0631031	0.088445	0.170482	0.281594	0.40575	0.533812	0.647584	0.707011	0.71334	0.669187	0.582183	0.477559	0.364621	0.249742	0.165183	
0.483857	0.576934	0.655415	0.695572	0.683751	0.609396	0.482826	0.323332	0.165952	0.0456055	-0.00720253	0.00427674	0.0698798	0.170074	0.285012	0.410866	0.528508	0.604847	0.629064	0.601403	0.526385	0.43132	0.323569	0.212392	0.128815	
0.422895	0.505794	0.576726	0.614265	0.609396	0.542144	0.421957	0.256491	0.0861021	-0.0433651	-0.108648	-0.113137	-0.0590074	0.0303029	0.136337	0.261525	0.384705	0.472291	0.506333	0.489217	0.425004	0.332794	0.22628	0.123638	0.0479415	
0.353729	0.41417	0.46394	0.489334	0.482826	0.421957	0.302126	0.138172	-0.0347406	-0.169632	-0.245237	-0.254451	-0.209639	-0.130599	-0.0271151	0.0981261	0.221186	0.315999	0.353916	0.337538	0.275311	0.187101	0.0864481	-0.00664364	-0.0756316	
0.27877	0.310722	0.333877	0.339469	0.323332	0.256491	0.138172	-0.0201582	-0.187566	-0.321452	-0.396615	-0.408049	-0.369585	-0.294578	-0.188416	-0.0618331	0.056576	0.147057	0.180745	0.165003	0.108808	0.0260281	-0.0681177	-0.150682	-0.203872	
0.210319	0.216818	0.215162	0.201784	0.165952	0.0861021	-0.0347406	-0.187566	-0.346915	-0.466991	-0.538879	-0.552745	-0.519677	-0.446028	-0.335962	-0.21263	-0.101773	-0.0159447	0.0190722	0.00330978	-0.0476884	-0.123777	-0.206539	-0.27183	-0.304192	
0.165694	0.152209	0.134784	0.102611	0.0456055	-0.0433651	-0.169632	-0.321452	-0.466991	-0.582215	-0.661411	-0.682805	-0.648237	-0.569402	-0.455132	-0.335273	-0.229052	-0.1468	-0.108612	-0.117944	-0.163166	-0.228229	-0.295155	-0.343915	-0.363342	
0.159829	0.138417	0.108613	0.0631031	-0.00720253	-0.108648	-0.245237	-0.396615	-0.538879	-0.661411	-0.74832	-0.776608	-0.740251	-0.66074	-0.546663	-0.422104	-0.304618	-0.216452	-0.172048	-0.180123	-0.221647	-0.273956	-0.324834	-0.362137	-0.369296	
0.222923	0.193219	0.151367	0.088445	0.00427674	-0.113137	-0.254451	-0.408049	-0.552745	-0.682805	-0.776608	-0.814255	-0.78621	-0.712441	-0.594833	-0.452847	-0.322548	-0.229965	-0.179073	-0.178525	-0.216062	-0.264147	-0.309002	-0.335176	-0.333935	
0.333974	0.29796	0.245461	0.170482	0.0698798	-0.0590074	-0.209639	-0.369585	-0.519677	-0.648237	-0.740251	-0.78621	-0.769407	-0.696352	-0.57619	-0.434083	-0.305241	-0.206156	-0.144189	-0.133801	-0.167068	-0.21115	-0.252441	-0.273547	-0.26852	
0.466972	0.429865	0.370715	0.281594	0.170074	0.0303029	-0.130599	-0.294578	-0.446028	-0.569402	-0.66074	-0.712441	-0.696352	-0.621195	-0.515432	-0.39139	-0.27254	-0.168501	-0.0998823	-0.0840275	-0.114014	-0.152147	-0.181878	-0.187447	-0.174071	
0.59019	0.5624	0.500731	0.40575	0.285012	0.136337	-0.0271151	-0.188416	-0.335962	-0.455132	-0.546663	-0.594833	-0.57619	-0.515432	-0.434543	-0.331416	-0.219066	-0.118291	-0.0592249	-0.0487533	-0.0670251	-0.0933957	-0.107519	-0.0959979	-0.0714053	
0.677352	0.672739	0.624564	0.533812	0.410866	0.261525	0.0981261	-0.0618331	-0.21263	-0.335273	-0.422104	-0.452847	-0.434083	-0.39139	-0.331416	-0.249297	-0.161085	-0.0780692	-0.0254793	-0.00703601	-0.0159592	-0.0341458	-0.0380706	-0.0176002	0.0122852	
0.71289	0.745907	0.7228	0.647584	0.528508	0.384705	0.221186	0.056576	-0.101773	-0.229052	-0.304618	-0.322548	-0.305241	-0.27254	-0.219066	-0.161085	-0.0996347	-0.0312554	0.0208781	0.0376597	0.0336049	0.0211109	0.0247704	0.0550069	0.100629	
0.691973	0.760336	0.763693	0.707011	0.604847	0.472291	0.315999	0.147057	-0.0159447	-0.1468	-0.216452	-0.229965	-0.206156	-0.168501	-0.118291	-0.0780692	-0.0312554	0.0309934	0.0781051	0.0886619	0.0875972	0.0854489	0.097276	0.135138	0.186077	
0.624534	0.717903	0.748672	0.71334	0.629064	0.506333	0.353916	0.180745	0.0190722	-0.108612	-0.172048	-0.179073	-0.144189	-0.0998823	-0.0592249	-0.0254793	0.0208781	0.0781051	0.122734	0.142129	0.150144	0.157414	0.173282	0.206473	0.251409	
0.530403	0.63386	0.684807	0.669187	0.601403	0.489217	0.337538	0.165003	0.00330978	-0.117944	-0.180123	-0.178525	-0.133801	-0.0840275	-0.0487533	-0.00703601	0.0376597	0.0886619	0.142129	0.181592	0.199638	0.218784	0.237992	0.262761	0.301575	
0.423851	0.524641	0.583329	0.582183	0.526385	0.425004	0.275311	0.108808	-0.0476884	-0.163166	-0.221647	-0.216062	-0.167068	-0.114014	-0.0670251	-0.0159592	0.0336049	0.0875972	0.150144	0.199638	0.236464	0.268238	0.291799	0.313716	0.342514	
0.318978	0.412373	0.469336	0.477559	0.43132	0.332794	0.187101	0.0260281	-0.123777	-0.228229	-0.273956	-0.264147	-0.21115	-0.152147	-0.0933957	-0.0341458	0.0211109	0.0854489	0.157414	0.218784	0.268238	0.304307	0.327288	0.347609	0.358279	
0.222454	0.301914	0.353324	0.364621	0.323569	0.22628	0.0864481	-0.0681177	-0.206539	-0.295155	-0.324834	-0.309002	-0.252441	-0.181878	-0.107519	-0.0380706	0.0247704	0.097276	0.173282	0.237992	0.291799	0.327288	0.347991	0.364368	0.366641	
0.135316	0.195816	0.239078	0.249742	0.212392	0.123638	-0.00664364	-0.150682	-0.27183	-0.343915	-0.362137	-0.335176	-0.273547	-0.187447	-0.0959979	-0.0176002	0.0550069	0.135138	0.206473	0.262761	0.313716	0.347609	0.364368	0.370723	0.37259	
0.0771697	0.125406	0.160912	0.165183	0.128815	0.0479415	-0.0756316	-0.203872	-0.304192	-0.363342	-0.369296	-0.333935	-0.26852	-0.174071	-0.0714053	0.0122852	0.100629	0.186077	0.251409	0.301575	0.342514	0.358279	0.366641	0.37259	0.37457	
0.0618852	0.106336	0.132119	0.129857	0.0933661	0.014263	-0.0995103	-0.214644	-0.304344	-0.354817	-0.359471	-0.323512	-0.249439	-0.153894	-0.0503861	0.0509834	0.147694	0.234493	0.304263	0.353403	0.373413	0.37212	0.368985	0.372768	0.369334	
0.096593	0.140623	0.157472	0.145565	0.10112	0.0210044	-0.0855942	-0.19179	-0.279424	-0.332211	-0.346306	-0.315097	-0.237496	-0.14445	-0.0376249	0.0827764	0.188298	0.285601	0.369588	0.407855	0.408091	0.400333	0.386581	0.376252	0.359781	
0.169093	0.213921	0.225736	0.200433	0.137862	0.0534762	-0.0524485	-0.159441	-0.250111	-0.315233	-0.341787	-0.314561	-0.242699	-0.149788	-0.0367566	0.0948934	0.217406	0.335054	0.431816	0.46604	0.458854	0.437596	0.404898	0.377477	0.353037	
0.248896	0.297363	0.30476	0.262467	0.182021	0.0876792	-0.0232716	-0.134172	-0.235975	-0.317431	-0.351514	-0.332138	-0.268206	-0.170067	-0.0472076	0.087904	0.233077	0.372183	0.476357	0.517038	0.508651	0.465711	0.418119	0.383662	0.347187	
0.301326	0.354561	0.356811	0.301976	0.211883	0.105452	-0.00510992	-0.120586	-0.234808	-0.322748	-0.363801	-0.353847	-0.289763	-0.186363	-0.0594925	0.0820289	0.241143	0.396875	0.504602	0.550692	0.538564	0.487317	0.435794	0.392428	0.333282	
0.310668	0.365427	0.366279	0.308484	0.217368	0.108769	-0.00259614	-0.116983	-0.234747	-0.324031	-0.36554	-0.358036	-0.294015	-0.189428	-0.0613638	0.0799633	0.242548	0.402047	0.510384	0.55603	0.543099	0.49101	0.440213	0.395477	0.328874	
0.274156	0.324224	0.330143	0.28192	0.195922	0.0965402	-0.0142751	-0.128063	-0.234978	-0.319537	-0.357203	-0.341962	-0.278232	-0.177377	-0.0531837	0.0852563	0.238064	0.38395	0.488568	0.533314	0.524755	0.476412	0.424681	0.386661	0.34209	
0.202518	0.248325	0.258675	0.22692	0.155958	0.0685785	-0.0398885	-0.148131	-0.242484	-0.31482	-0.344066	-0.319812	-0.252276	-0.157204	-0.0398056	0.0921158	0.224345	0.351098	0.452365	0.488038	0.47858	0.447928	0.409971	0.379546	0.351276	
0.121945	0.165898	0.180568	0.16418	0.113112	0.0316069	-0.0728557	-0.1791	-0.266402	-0.322939	-0.342504	-0.312962	-0.236647	-0.144134	-0.0353022	0.091589	0.202285	0.306791	0.395966	0.431344	0.427336	0.416514	0.395594	0.376456	0.3562	
0.0698997	0.114491	0.136222	0.130061	0.0927022	0.0130442	-0.098362	-0.207636	-0.296436	-0.346841	-0.354065	-0.31929	-0.24308	-0.149167	-0.0441221	0.0651093	0.164499	0.254392	0.329466	0.374183	0.386001	0.381092	0.373794	0.374171	0.365913	
0.0651256	0.111284	0.142899	0.144838	0.109159	0.0286415	-0.0905813	-0.213925	-0.308131	-0.361952	-0.366695	-0.33031	-0.26066	-0.16591	-0.062817	0.0278096	0.120052	0.205892	0.271186	0.321512	0.355189	0.362689	0.365979	0.372611	0.373874	
0.107716	0.162202	0.201758	0.210458	0.174016	0.0895063	-0.0382941	-0.175825	-0.288613	-0.355265	-0.368257	-0.337411	-0.274652	-0.18366	-0.0858193	-0.00678314	0.071833	0.155157	0.224198	0.276399	0.323735	0.352281	0.367466	0.372698	0.373789	
0.18581	0.257281	0.306187	0.317622	0.277584	0.183315	0.0473284	-0.104454	-0.236093	-0.318041	-0.342236	-0.322606	-0.264368	-0.187184	-0.106069	-0.0321985	0.0344546	0.109774	0.183647	0.246544	0.300772	0.337118	0.355207	0.366867	0.369477	
0.279987	0.368091	0.423817	0.433307	0.389859	0.29175	0.147176	-0.0108745	-0.157347	-0.25665	-0.29531	-0.282911	-0.229107	-0.166133	-0.101548	-0.0390828	0.0190545	0.0869362	0.162355	0.226826	0.278159	0.313083	0.336193	0.356181	0.361742	
0.380851	0.479466	0.537485	0.541248	0.489883	0.389747	0.242771	0.0779924	-0.07574	-0.187123	-0.242005	-0.235672	-0.183945	-0.129338	-0.0776076	-0.0227767	0.0292882	0.0870193	0.152799	0.206503	0.250063	0.285106	0.309359	0.330467	0.351236	
0.488627	0.592568	0.647618	0.638112	0.576167	0.468751	0.316896	0.14687	-0.0139168	-0.132812	-0.194777	-0.190551	-0.143665	-0.092562	-0.0536847	-0.00842017	0.0365599	0.0878812	0.146122	0.190387	0.215279	0.23953	0.260127	0.283654	0.320327	
0.589053	0.688058	0.728647	0.701675	0.624038	0.505343	0.353771	0.179257	0.0181006	-0.107106	-0.169241	-0.172706	-0.133496	-0.0866566	-0.0499028	-0.0142094	0.032016	0.0863924	0.132437	0.160625	0.172572	0.184301	0.200566	0.229775	0.272503	
0.669622	0.749316	0.76383	0.715093	0.620633	0.492312	0.338664	0.168161	0.00556115	-0.125683	-0.192945	-0.2039	-0.176256	-0.135479	-0.0879164	-0.0526943	-0.00698231	0.0538315	0.0986924	0.110699	0.112146	0.113522	0.128961	0.166686	0.214282	
0.710475	0.759631	0.746598	0.679399	0.565564	0.425087	0.264043	0.0974208	-0.0635474	-0.192135	-0.264667	-0.280711	-0.260797	-0.228311	-0.175645	-0.126302	-0.0726798	-0.00718287	0.0439251	0.0568338	0.0540745	0.0456451	0.0523912	0.0861816	0.136643	
0.69869	0.707535	0.669141	0.582873	0.461069	0.313232	0.148842	-0.0116523	-0.166073	-0.290162	-0.373596	-0.397691	-0.379831	-0.342264	-0.286776	-0.213464	-0.137858	-0.0623943	-0.00938355	0.0112095	0.00420178	-0.0123679	-0.0135256	0.0106845	0.0463548	
0.630469	0.609715	0.551769	0.457023	0.334575	0.184332	0.0212722	-0.139278	-0.286359	-0.406161	-0.496451	-0.538802	-0.520106	-0.46693	-0.395864	-0.30075	-0.195369	-0.0997094	-0.045732	-0.0335943	-0.0470643	-0.0688704	-0.0786158	-0.0622757	-0.0361743	
0.519086	0.484384	0.423502	0.330359	0.215014	0.0708514	-0.0918952	-0.255861	-0.405228	-0.527151	-0.618815	-0.670526	-0.653001	-0.581914	-0.48531	-0.370134	-0.254012	-0.14932	-0.0828948	-0.0690076	-0.095394	-0.128772	-0.152547	-0.150083	-0.132353	
0.385709	0.348459	0.292729	0.21297	0.106906	-0.0262381	-0.181632	-0.343677	-0.495024	-0.621373	-0.7127	-0.761852	-0.746159	-0.671697	-0.554971	-0.419057	-0.293569	-0.192487	-0.125504	-0.112254	-0.144857	-0.187098	-0.22439	-0.241288	-0.232704	
0.263615	0.230564	0.184173	0.115661	0.0252339	-0.0975608	-0.242037	-0.397472	-0.54393	-0.674577	-0.768696	-0.809783	-0.787823	-0.714503	-0.594701	-0.449894	-0.318009	-0.223257	-0.16913	-0.16359	-0.199149	-0.246597	-0.290377	-0.314173	-0.311115	
0.176789	0.152436	0.117458	0.0660361	-0.00947079	-0.117505	-0.256499	-0.409021	-0.551761	-0.677656	-0.768345	-0.798995	-0.765022	-0.687895	-0.572769	-0.441479	-0.318609	-0.2275	-0.180963	-0.187064	-0.227316	-0.275944	-0.323172	-0.356359	-0.359649	
