-0.513956	-0.477641	-0.401643	-0.289395	-0.145715	0.013399	0.169979	0.323133	0.464865	0.574482	0.650142	0.679088	0.67292	0.625829	0.528738	0.393534	0.236481	0.0942605	0.0023827	-0.0280273	-0.0224203	-0.00574736	-0.0113462	-0.0624313	-0.169639	
-0.477641	-0.469811	-0.418627	-0.331112	-0.201977	-0.0507404	0.106216	0.267791	0.418829	0.549373	0.64296	0.68552	0.679802	0.626689	0.517085	0.375756	0.222301	0.091217	0.0112548	-0.00884363	0.00843794	0.0362329	0.043724	-0.000821038	-0.106225	
-0.401643	-0.418627	-0.395394	-0.326805	-0.217052	-0.0785401	0.0698737	0.227465	0.383798	0.528501	0.632693	0.674374	0.663311	0.603498	0.496742	0.359524	0.215927	0.0950036	0.0248219	0.017596	0.0513382	0.089593	0.103406	0.0650223	-0.0386938	
-0.289395	-0.331112	-0.326805	-0.278731	-0.193193	-0.0778188	0.0492897	0.197641	0.362732	0.518079	0.623325	0.663078	0.645321	0.583113	0.481533	0.351483	0.217443	0.107029	0.0485562	0.0543613	0.0992699	0.140127	0.157685	0.124182	0.0263201	
-0.145715	-0.201977	-0.217052	-0.193193	-0.142078	-0.0660892	0.0403814	0.186007	0.357231	0.516399	0.625716	0.667175	0.651301	0.59156	0.4918	0.356121	0.222954	0.121819	0.0766205	0.0889432	0.137085	0.180543	0.201815	0.176284	0.0957126	
0.013399	-0.0507404	-0.0785401	-0.0778188	-0.0660892	-0.0191411	0.0699155	0.205812	0.373068	0.531066	0.645288	0.699342	0.691604	0.628524	0.521021	0.376737	0.23938	0.134856	0.0876982	0.0993416	0.148948	0.197591	0.227274	0.222117	0.167497	
0.169979	0.106216	0.0698737	0.0492897	0.0403814	0.0699155	0.144822	0.261402	0.415843	0.565379	0.688037	0.751433	0.74597	0.679915	0.564073	0.411916	0.265153	0.151539	0.0949201	0.0963892	0.135993	0.189853	0.237485	0.256748	0.230879	
0.323133	0.267791	0.227465	0.197641	0.186007	0.205812	0.261402	0.359138	0.495644	0.63632	0.752612	0.810402	0.799169	0.730441	0.612175	0.461861	0.307973	0.17839	0.104952	0.0875624	0.113033	0.169232	0.227915	0.264325	0.268814	
0.464865	0.418829	0.383798	0.362732	0.357231	0.373068	0.415843	0.495644	0.609782	0.729975	0.823965	0.869469	0.856425	0.791142	0.671021	0.521656	0.362717	0.223011	0.130876	0.0940694	0.100242	0.144542	0.199969	0.251854	0.285168	
0.574482	0.549373	0.528501	0.518079	0.516399	0.531066	0.565379	0.63632	0.729975	0.824407	0.896016	0.928876	0.911295	0.842887	0.72651	0.585217	0.428819	0.278493	0.172435	0.11494	0.0957622	0.117947	0.171177	0.229611	0.280014	
0.650142	0.64296	0.632693	0.623325	0.625716	0.645288	0.688037	0.752612	0.823965	0.896016	0.948182	0.967574	0.944549	0.87759	0.768036	0.633272	0.480529	0.32809	0.207782	0.126313	0.0854073	0.0909715	0.13485	0.189985	0.24647	
0.679088	0.68552	0.674374	0.663078	0.667175	0.699342	0.751433	0.810402	0.869469	0.928876	0.967574	0.976123	0.948439	0.882784	0.783906	0.655101	0.509626	0.357707	0.223461	0.12185	0.0637746	0.0489072	0.0771403	0.126625	0.179848	
0.67292	0.679802	0.663311	0.645321	0.651301	0.691604	0.74597	0.799169	0.856425	0.911295	0.944549	0.948439	0.917616	0.852755	0.75993	0.64257	0.512567	0.362933	0.212491	0.0922013	0.0150503	-0.0214843	-0.01244	0.0223545	0.0622883	
0.625829	0.626689	0.603498	0.583113	0.59156	0.628524	0.679915	0.730441	0.791142	0.842887	0.87759	0.882784	0.852755	0.793676	0.720385	0.620222	0.493316	0.337224	0.178396	0.0437721	-0.0524535	-0.11045	-0.129039	-0.122304	-0.0979994	
0.528738	0.517085	0.496742	0.481533	0.4918	0.521021	0.564073	0.612175	0.671021	0.72651	0.768036	0.783906	0.75993	0.720385	0.66408	0.577111	0.451462	0.298817	0.134918	-0.0116914	-0.131207	-0.213902	-0.261955	-0.272212	-0.257993	
0.393534	0.375756	0.359524	0.351483	0.356121	0.376737	0.411916	0.461861	0.521656	0.585217	0.633272	0.655101	0.64257	0.620222	0.577111	0.502731	0.389344	0.245137	0.083034	-0.0792267	-0.219041	-0.314538	-0.37274	-0.399625	-0.397309	
0.236481	0.222301	0.215927	0.217443	0.222954	0.23938	0.265153	0.307973	0.362717	0.428819	0.480529	0.509626	0.512567	0.493316	0.451462	0.389344	0.292219	0.155288	0.000652926	-0.156051	-0.288691	-0.382496	-0.450045	-0.49154	-0.492799	
0.0942605	0.091217	0.0950036	0.107029	0.121819	0.134856	0.151539	0.17839	0.223011	0.278493	0.32809	0.357707	0.362933	0.337224	0.298817	0.245137	0.155288	0.0288899	-0.102484	-0.225981	-0.330355	-0.412464	-0.477018	-0.512885	-0.503744	
0.0023827	0.0112548	0.0248219	0.0485562	0.0766205	0.0876982	0.0949201	0.104952	0.130876	0.172435	0.207782	0.223461	0.212491	0.178396	0.134918	0.083034	0.000652926	-0.102484	-0.198108	-0.277401	-0.34908	-0.404046	-0.433439	-0.439572	-0.418098	
-0.0280273	-0.00884363	0.017596	0.0543613	0.0889432	0.0993416	0.0963892	0.0875624	0.0940694	0.11494	0.126313	0.12185	0.0922013	0.0437721	-0.0116914	-0.0792267	-0.156051	-0.225981	-0.277401	-0.313999	-0.334587	-0.33813	-0.323332	-0.300474	-0.256068	
-0.0224203	0.00843794	0.0513382	0.0992699	0.137085	0.148948	0.135993	0.113033	0.100242	0.0957622	0.0854073	0.0637746	0.0150503	-0.0524535	-0.131207	-0.219041	-0.288691	-0.330355	-0.34908	-0.334587	-0.287765	-0.232881	-0.176374	-0.107699	-0.0204405	
-0.00574736	0.0362329	0.089593	0.140127	0.180543	0.197591	0.189853	0.169232	0.144542	0.117947	0.0909715	0.0489072	-0.0214843	-0.11045	-0.213902	-0.314538	-0.382496	-0.412464	-0.404046	-0.33813	-0.232881	-0.117046	-0.00157474	0.12929	0.267802	
-0.0113462	0.043724	0.103406	0.157685	0.201815	0.227274	0.237485	0.227915	0.199969	0.171177	0.13485	0.0771403	-0.01244	-0.129039	-0.261955	-0.37274	-0.450045	-0.477018	-0.433439	-0.323332	-0.176374	-0.00157474	0.18542	0.378356	0.573643	
-0.0624313	-0.000821038	0.0650223	0.124182	0.176284	0.222117	0.256748	0.264325	0.251854	0.229611	0.189985	0.126625	0.0223545	-0.122304	-0.272212	-0.399625	-0.49154	-0.512885	-0.439572	-0.300474	-0.107699	0.12929	0.378356	0.62332	0.877535	
-0.169639	-0.106225	-0.0386938	0.0263201	0.0957126	0.167497	0.230879	0.268814	0.285168	0.280014	0.24647	0.179848	0.0622883	-0.0979994	-0.257993	-0.397309	-0.492799	-0.503744	-0.418098	-0.256068	-0.0204405	0.267802	0.573643	0.877535	1.17547	
-0.312714	-0.249976	-0.187212	-0.11814	-0.0297001	0.0630149	0.15393	0.229699	0.280952	0.302937	0.285087	0.217294	0.0934401	-0.0721402	-0.239646	-0.381441	-0.467792	-0.466979	-0.374835	-0.189851	0.0801786	0.40535	0.753548	1.10833	1.43757	
-0.471132	-0.416376	-0.363171	-0.288312	-0.187612	-0.0807276	0.0350206	0.142559	0.226719	0.282785	0.285442	0.225047	0.104881	-0.0553167	-0.225799	-0.360241	-0.430467	-0.419726	-0.318275	-0.110881	0.182656	0.532419	0.911319	1.29468	1.64609	
-0.609963	-0.573905	-0.530813	-0.458412	-0.356864	-0.236476	-0.103461	0.0294909	0.148009	0.230591	0.254272	0.207497	0.0921839	-0.060588	-0.218185	-0.338876	-0.391221	-0.372476	-0.262376	-0.0424406	0.264665	0.632833	1.03467	1.42998	1.78921	
-0.707268	-0.690239	-0.656369	-0.593333	-0.497587	-0.373065	-0.227758	-0.076678	0.0666156	0.173272	0.215817	0.180665	0.0698105	-0.0774147	-0.220668	-0.324504	-0.366431	-0.3363	-0.214967	0.0065769	0.315404	0.694319	1.1102	1.51288	1.87039	
-0.763988	-0.757719	-0.729977	-0.675727	-0.58251	-0.458365	-0.308128	-0.146923	0.00633728	0.127551	0.182619	0.155948	0.0528497	-0.0937181	-0.224986	-0.31538	-0.35728	-0.319013	-0.189112	0.0292038	0.34396	0.732857	1.14329	1.5454	1.90483	
-0.774603	-0.770283	-0.744104	-0.690918	-0.597721	-0.475294	-0.322634	-0.160024	-0.0070013	0.118336	0.175674	0.150323	0.0492898	-0.0957735	-0.225565	-0.31369	-0.357131	-0.315537	-0.182752	0.034032	0.348858	0.739452	1.14878	1.55164	1.91211	
-0.73509	-0.722829	-0.692075	-0.633224	-0.539005	-0.41423	-0.266989	-0.109922	0.0389162	0.152192	0.201046	0.170193	0.0617681	-0.0862868	-0.222379	-0.319888	-0.361384	-0.327536	-0.202031	0.0177591	0.328997	0.712432	1.12685	1.53041	1.8884	
-0.653563	-0.626457	-0.587469	-0.517694	-0.418645	-0.296281	-0.155961	-0.0153295	0.114353	0.207606	0.238785	0.197095	0.0834332	-0.0658528	-0.217852	-0.332035	-0.379442	-0.355915	-0.241354	-0.0197548	0.288391	0.661501	1.07162	1.46972	1.82787	
-0.531018	-0.48272	-0.433377	-0.358467	-0.256309	-0.142833	-0.0202774	0.0980965	0.197073	0.263889	0.275092	0.220272	0.102245	-0.0556468	-0.222195	-0.351556	-0.413309	-0.400037	-0.296263	-0.0822718	0.219522	0.577354	0.965203	1.35457	1.71173	
-0.37599	-0.315006	-0.255877	-0.184838	-0.0900702	0.00859635	0.110425	0.200019	0.26428	0.300287	0.290523	0.223694	0.100403	-0.0624848	-0.233338	-0.373598	-0.454324	-0.448326	-0.352103	-0.157688	0.121665	0.45742	0.819517	1.1897	1.52961	
-0.223706	-0.159656	-0.0930871	-0.0270676	0.0503376	0.132524	0.205932	0.259551	0.289637	0.293861	0.26555	0.197734	0.0765307	-0.087752	-0.250681	-0.391455	-0.484207	-0.492041	-0.403871	-0.232469	0.0182211	0.323811	0.648647	0.973789	1.2844	
-0.0991036	-0.0366983	0.0301728	0.0922653	0.150162	0.205447	0.252642	0.270201	0.267812	0.251404	0.212966	0.148375	0.0384422	-0.113443	-0.268258	-0.401526	-0.49684	-0.514028	-0.433654	-0.28486	-0.0747633	0.184429	0.457707	0.725308	0.999218	
-0.0251517	0.0337098	0.0959357	0.152399	0.198462	0.231337	0.24991	0.246038	0.222768	0.195105	0.156133	0.0963086	9.7705e-05	-0.129827	-0.270437	-0.387547	-0.470449	-0.495809	-0.439244	-0.316493	-0.150856	0.048605	0.261012	0.475652	0.696026	
-0.00352356	0.0436271	0.0993576	0.151242	0.192781	0.211973	0.211124	0.194173	0.166652	0.137079	0.105358	0.0556179	-0.0232139	-0.121597	-0.236605	-0.341407	-0.412755	-0.440461	-0.418303	-0.33353	-0.211082	-0.0715157	0.0729305	0.229958	0.389884	
-0.0158319	0.0195962	0.0680505	0.117634	0.156651	0.170655	0.156737	0.132852	0.113768	0.0995446	0.0820259	0.052695	-0.00438596	-0.0805426	-0.169467	-0.263002	-0.329945	-0.36575	-0.374219	-0.338681	-0.265541	-0.186321	-0.109216	-0.0172691	0.0904432	
-0.0288031	-0.00465121	0.0279089	0.0697552	0.106054	0.116045	0.109215	0.0934871	0.0915875	0.102495	0.105277	0.093117	0.0559429	0.00090863	-0.0629989	-0.139067	-0.21365	-0.270573	-0.306602	-0.323702	-0.318675	-0.298827	-0.268158	-0.230112	-0.169739	
-0.0163747	-0.00353701	0.0151425	0.0439832	0.0750908	0.0868685	0.089086	0.0918579	0.110116	0.14419	0.170153	0.178549	0.15982	0.120211	0.0726689	0.0167955	-0.0624788	-0.153236	-0.231501	-0.294283	-0.348399	-0.38463	-0.395327	-0.389977	-0.362419	
0.050204	0.0517969	0.0591143	0.0762111	0.0962596	0.108033	0.121251	0.140971	0.179289	0.229282	0.275021	0.300757	0.300927	0.272588	0.233708	0.181607	0.0940676	-0.0243864	-0.142452	-0.248083	-0.340334	-0.414748	-0.468771	-0.493588	-0.479573	
0.175717	0.165467	0.163074	0.168672	0.177364	0.192866	0.21452	0.251367	0.302782	0.36603	0.417741	0.448741	0.454987	0.433354	0.392476	0.334368	0.241486	0.107525	-0.0399418	-0.186406	-0.308118	-0.398474	-0.468763	-0.511697	-0.50883	
0.331639	0.314758	0.301218	0.296683	0.30015	0.318712	0.350322	0.399153	0.457856	0.523734	0.574286	0.598278	0.592071	0.572574	0.531107	0.462288	0.355897	0.21387	0.0545377	-0.109341	-0.250843	-0.34649	-0.407032	-0.441884	-0.443156	
0.478604	0.462626	0.444585	0.431887	0.440198	0.466572	0.505957	0.554566	0.613135	0.671709	0.716082	0.735779	0.715298	0.684598	0.633367	0.55084	0.429523	0.280542	0.11583	-0.0370537	-0.16625	-0.256488	-0.310525	-0.326328	-0.31651	
0.593006	0.589421	0.565877	0.547033	0.556232	0.589949	0.63934	0.688186	0.749482	0.801423	0.838402	0.847134	0.818759	0.765812	0.701219	0.606752	0.478927	0.322812	0.161886	0.0223083	-0.0823729	-0.150037	-0.18189	-0.18412	-0.163892	
0.659566	0.665193	0.645273	0.625512	0.632439	0.672672	0.726369	0.77804	0.836523	0.889989	0.923145	0.92616	0.895719	0.831348	0.744927	0.634303	0.507342	0.355303	0.201213	0.0742483	-0.0105664	-0.0554871	-0.0562394	-0.0322468	0.00104539	
0.680571	0.688837	0.675492	0.661965	0.666549	0.703647	0.756773	0.813932	0.870593	0.92801	0.963703	0.969413	0.940182	0.874715	0.778208	0.65352	0.514579	0.362805	0.222363	0.112973	0.0479912	0.0237431	0.0457543	0.0907894	0.139529	
0.667646	0.666337	0.657359	0.646444	0.650312	0.67501	0.721962	0.784365	0.849558	0.914738	0.960407	0.97552	0.949914	0.883905	0.778438	0.646115	0.494828	0.343292	0.216843	0.126324	0.0788492	0.0776317	0.114313	0.168024	0.225193	
