0.869741	1.0178	1.14308	1.22794	1.27618	1.28576	1.25072	1.18254	1.07122	0.931281	0.774599	0.617058	0.475432	0.348592	0.240897	0.154503	0.0808577	0.0243503	-0.019479	-0.0645635	-0.110611	-0.163181	-0.222056	-0.296713	-0.383379	
1.0062	1.13985	1.2506	1.32833	1.37426	1.38336	1.35043	1.28591	1.18772	1.06203	0.914744	0.749477	0.586781	0.430474	0.290487	0.174155	0.0795456	0.00206422	-0.0678177	-0.138218	-0.201	-0.258992	-0.320758	-0.390097	-0.466202	
1.12197	1.24469	1.33785	1.40599	1.44629	1.45324	1.42577	1.36776	1.28631	1.17375	1.03504	0.857839	0.673439	0.490736	0.329671	0.195306	0.0903684	0.00155783	-0.0905512	-0.180333	-0.255389	-0.317965	-0.380224	-0.443983	-0.508745	
1.19549	1.30318	1.38287	1.44055	1.47462	1.481	1.45658	1.40832	1.33817	1.24302	1.11023	0.936235	0.737509	0.540585	0.369005	0.225258	0.111229	0.0120543	-0.0914918	-0.191765	-0.265898	-0.325539	-0.375723	-0.431613	-0.484806	
1.20467	1.2991	1.36567	1.41191	1.43847	1.44344	1.42451	1.38619	1.32858	1.247	1.12741	0.96475	0.771296	0.576225	0.403814	0.261893	0.144756	0.0406826	-0.0620483	-0.155731	-0.225287	-0.271316	-0.302332	-0.343995	-0.392461	
1.14429	1.22834	1.29064	1.33475	1.3622	1.36737	1.34812	1.31042	1.25555	1.18184	1.0771	0.939012	0.772379	0.596662	0.435037	0.301707	0.187379	0.0891163	-5.20532e-05	-0.0765567	-0.132299	-0.16025	-0.171111	-0.196221	-0.241857	
1.0412	1.1175	1.17825	1.22501	1.25692	1.26272	1.24021	1.19895	1.14284	1.07479	0.983431	0.871566	0.738977	0.598487	0.461488	0.345094	0.247653	0.163255	0.0891247	0.0315691	-0.000831363	-0.00721562	0.0024174	-0.00398156	-0.041606	
0.920694	0.984971	1.03963	1.08509	1.11747	1.12389	1.10004	1.05924	1.00771	0.948371	0.873724	0.787096	0.690926	0.590276	0.485385	0.390591	0.314444	0.249191	0.195593	0.161927	0.158388	0.183718	0.204934	0.205151	0.179769	
0.801182	0.851871	0.891664	0.925697	0.948611	0.951269	0.936827	0.905758	0.868942	0.822645	0.766589	0.704298	0.641893	0.57538	0.50004	0.426619	0.367061	0.327522	0.303988	0.302783	0.33504	0.389212	0.415261	0.408617	0.38005	
0.680728	0.719316	0.74547	0.762324	0.771317	0.772089	0.767024	0.752763	0.731595	0.696631	0.657519	0.620296	0.58443	0.543903	0.494114	0.438772	0.401783	0.38963	0.404009	0.441877	0.503576	0.57123	0.604471	0.58968	0.544741	
0.547404	0.576656	0.594427	0.604578	0.606711	0.607014	0.606276	0.599217	0.584867	0.559586	0.531018	0.513827	0.499584	0.476685	0.448847	0.419586	0.4077	0.424398	0.476439	0.547001	0.632904	0.710756	0.750875	0.735458	0.675819	
0.397823	0.420777	0.437313	0.45013	0.45852	0.460354	0.45404	0.443238	0.427956	0.407235	0.38638	0.376089	0.36996	0.358585	0.344324	0.337745	0.353874	0.405101	0.492051	0.600372	0.713916	0.80965	0.855243	0.83677	0.761352	
0.239387	0.266278	0.286189	0.305544	0.319194	0.321399	0.312008	0.29403	0.274549	0.251458	0.221252	0.197746	0.182618	0.171063	0.167918	0.181637	0.229866	0.32387	0.452863	0.593164	0.734002	0.849966	0.906848	0.884012	0.797853	
0.0639508	0.117554	0.157774	0.191462	0.210575	0.213896	0.200936	0.172238	0.134884	0.0872162	0.030117	-0.0211666	-0.054711	-0.073178	-0.0719351	-0.0412836	0.0383451	0.175893	0.350814	0.524807	0.679951	0.81174	0.879692	0.862174	0.778577	
-0.114352	-0.0193432	0.0508367	0.0987977	0.124169	0.128385	0.111449	0.0728438	0.0111568	-0.0743662	-0.172753	-0.261302	-0.327956	-0.366408	-0.367516	-0.319495	-0.204733	-0.0279745	0.187492	0.39267	0.560491	0.69683	0.775148	0.776176	0.708198	
-0.279138	-0.148226	-0.0543335	0.0116731	0.0435811	0.0472635	0.0296064	-0.025021	-0.106265	-0.223209	-0.365247	-0.499087	-0.608175	-0.680262	-0.691032	-0.624066	-0.477395	-0.268471	-0.0229363	0.213452	0.401091	0.545786	0.634653	0.655087	0.613415	
-0.423592	-0.261197	-0.144806	-0.0602149	-0.0140241	-0.00662772	-0.0367591	-0.10726	-0.209367	-0.354168	-0.530911	-0.707343	-0.86172	-0.961913	-0.981494	-0.913401	-0.752649	-0.531849	-0.272961	-0.0169007	0.199654	0.369238	0.481868	0.530427	0.522398	
-0.513476	-0.326059	-0.18448	-0.0805786	-0.0232163	-0.0145603	-0.0519819	-0.138016	-0.264242	-0.433254	-0.641039	-0.854113	-1.045	-1.16894	-1.20727	-1.1561	-1.01171	-0.798313	-0.538893	-0.272935	-0.0312472	0.17497	0.329433	0.417585	0.447676	
-0.52819	-0.314841	-0.148721	-0.0297534	0.0311777	0.0406077	0.00174304	-0.0948536	-0.242659	-0.437537	-0.672365	-0.912943	-1.13204	-1.28773	-1.35707	-1.33984	-1.22638	-1.02983	-0.778103	-0.507993	-0.241881	-0.00015188	0.19911	0.33447	0.40164	
-0.47014	-0.232728	-0.0427232	0.088702	0.158572	0.169947	0.124044	0.0173569	-0.150613	-0.371161	-0.623553	-0.883244	-1.12405	-1.31108	-1.42092	-1.44163	-1.36331	-1.19546	-0.963342	-0.691301	-0.396987	-0.116948	0.118865	0.291816	0.39253	
-0.339261	-0.0923047	0.112765	0.259132	0.342471	0.357448	0.299942	0.179653	-0.00455043	-0.236996	-0.498402	-0.771911	-1.0305	-1.24604	-1.39156	-1.44696	-1.40348	-1.27204	-1.06635	-0.796281	-0.482416	-0.175447	0.083732	0.281486	0.406049	
-0.146567	0.0982546	0.3072	0.466048	0.5585	0.574471	0.511475	0.3776	0.187106	-0.0451036	-0.305894	-0.586037	-0.85676	-1.09774	-1.26913	-1.3549	-1.35275	-1.25771	-1.07507	-0.815409	-0.500024	-0.187755	0.0771962	0.287554	0.428002	
0.0813007	0.322209	0.535281	0.697888	0.794647	0.811415	0.74498	0.607115	0.412175	0.179307	-0.0706721	-0.344047	-0.619895	-0.871677	-1.06691	-1.18347	-1.21607	-1.15607	-0.999163	-0.755539	-0.465636	-0.173387	0.0864948	0.298044	0.44812	
0.32951	0.567921	0.780518	0.942786	1.03612	1.05209	0.989102	0.852825	0.656979	0.426402	0.180426	-0.0813232	-0.350357	-0.60643	-0.81495	-0.951409	-1.00684	-0.975063	-0.847877	-0.643174	-0.394937	-0.136619	0.10405	0.306569	0.459573	
0.574074	0.804586	1.01104	1.17334	1.26582	1.28177	1.22022	1.08222	0.891182	0.668819	0.426987	0.178926	-0.0754251	-0.324837	-0.538881	-0.68852	-0.762969	-0.754027	-0.660853	-0.497688	-0.296661	-0.0780122	0.133864	0.316705	0.469479	
0.808918	1.02461	1.21109	1.35478	1.44236	1.45733	1.39784	1.27409	1.10336	0.898262	0.669408	0.428924	0.178846	-0.0581138	-0.268967	-0.425798	-0.513942	-0.529009	-0.467444	-0.340727	-0.181854	-0.00806503	0.171497	0.335574	0.489643	
1.02461	1.21154	1.36821	1.48439	1.55129	1.56261	1.51763	1.42011	1.2785	1.1037	0.895247	0.664957	0.419071	0.185087	-0.0217788	-0.18246	-0.289887	-0.330557	-0.295588	-0.196262	-0.0719869	0.0616064	0.206252	0.357715	0.515594	
1.21109	1.36821	1.48946	1.56818	1.60508	1.6108	1.58747	1.52601	1.42122	1.2786	1.09504	0.875858	0.632926	0.394684	0.185365	0.0146861	-0.114122	-0.179111	-0.168671	-0.0944815	0.00876172	0.113882	0.231448	0.374672	0.531748	
1.35478	1.48439	1.56818	1.60228	1.61443	1.61598	1.60874	1.58674	1.52398	1.41164	1.25291	1.03887	0.795071	0.5568	0.337511	0.152359	0.00994048	-0.0683902	-0.0764493	-0.0210438	0.0635128	0.152666	0.256311	0.389779	0.542477	
1.44236	1.55129	1.60508	1.61443	1.61122	1.61032	1.61322	1.61261	1.57903	1.49309	1.34515	1.13109	0.891488	0.65167	0.425837	0.227719	0.073183	-0.00971733	-0.0246288	0.0161989	0.0911166	0.174814	0.271418	0.401303	0.546016	
1.45733	1.56261	1.6108	1.61598	1.61032	1.60968	1.6135	1.61614	1.58859	1.50699	1.36084	1.14691	0.908107	0.667299	0.441653	0.240331	0.0831607	-0.000483479	-0.0161005	0.0210301	0.0949261	0.178599	0.273497	0.403258	0.547035	
1.39784	1.51763	1.58747	1.60874	1.61322	1.6135	1.61143	1.60058	1.5519	1.45148	1.29909	1.08527	0.841995	0.603474	0.380459	0.189716	0.0427603	-0.0386693	-0.0508829	-0.000886153	0.0781061	0.163438	0.263797	0.394833	0.544465	
1.27409	1.42011	1.52601	1.58674	1.61261	1.61614	1.60058	1.55516	1.46738	1.33749	1.16409	0.948171	0.705307	0.466157	0.253887	0.0778424	-0.0577961	-0.129699	-0.127432	-0.0620267	0.0333064	0.131332	0.241637	0.381171	0.53685	
1.10336	1.2785	1.42122	1.52398	1.57903	1.58859	1.5519	1.46738	1.34012	1.17797	0.979046	0.753226	0.509008	0.2737	0.0668902	-0.0979562	-0.213791	-0.264471	-0.239718	-0.150277	-0.0365279	0.0839949	0.21662	0.364926	0.523171	
0.898262	1.1037	1.2786	1.41164	1.49309	1.50699	1.45148	1.33749	1.17797	0.984462	0.762454	0.525338	0.276393	0.0422544	-0.166579	-0.324846	-0.41917	-0.444611	-0.393386	-0.279205	-0.135154	0.0214216	0.187436	0.344672	0.500405	
0.669408	0.895247	1.09504	1.25291	1.34515	1.36084	1.29909	1.16409	0.979046	0.762454	0.524829	0.280281	0.0293133	-0.215526	-0.428828	-0.582228	-0.662758	-0.663112	-0.58368	-0.435562	-0.252188	-0.0509818	0.147927	0.322989	0.475837	
0.428924	0.664957	0.875858	1.03887	1.13109	1.14691	1.08527	0.948171	0.753226	0.525338	0.280281	0.0239233	-0.23957	-0.494708	-0.705748	-0.848105	-0.911329	-0.889238	-0.775162	-0.587932	-0.358329	-0.115818	0.11436	0.309996	0.462979	
0.178846	0.419071	0.632926	0.795071	0.891488	0.908107	0.841995	0.705307	0.509008	0.276393	0.0293133	-0.23957	-0.514445	-0.768147	-0.969978	-1.09676	-1.13949	-1.0919	-0.94569	-0.715145	-0.440849	-0.1614	0.0928223	0.301658	0.453941	
-0.0581138	0.185087	0.394684	0.5568	0.65167	0.667299	0.603474	0.466157	0.2737	0.0422544	-0.215526	-0.494708	-0.768147	-1.01539	-1.19658	-1.29513	-1.30856	-1.22747	-1.05484	-0.800103	-0.491836	-0.18489	0.0791621	0.29176	0.436433	
-0.268967	-0.0217788	0.185365	0.337511	0.425837	0.441653	0.380459	0.253887	0.0668902	-0.166579	-0.428828	-0.705748	-0.969978	-1.19658	-1.35252	-1.4209	-1.39286	-1.27633	-1.0808	-0.814099	-0.496689	-0.183862	0.0790093	0.282728	0.414876	
-0.425798	-0.18246	0.0146861	0.152359	0.227719	0.240331	0.189716	0.0778424	-0.0979562	-0.324846	-0.582228	-0.848105	-1.09676	-1.29513	-1.4209	-1.45629	-1.39113	-1.23814	-1.01664	-0.744155	-0.44011	-0.147332	0.100205	0.284193	0.395522	
-0.513942	-0.289887	-0.114122	0.00994048	0.073183	0.0831607	0.0427603	-0.0577961	-0.213791	-0.41917	-0.662758	-0.911329	-1.13949	-1.30856	-1.39286	-1.39113	-1.292	-1.1052	-0.859116	-0.588569	-0.31171	-0.054524	0.16074	0.31265	0.394574	
-0.529009	-0.330557	-0.179111	-0.0683902	-0.00971733	-0.000483479	-0.0386693	-0.129699	-0.264471	-0.444611	-0.663112	-0.889238	-1.0919	-1.22747	-1.27633	-1.23814	-1.1052	-0.89751	-0.640318	-0.371444	-0.120728	0.0999736	0.272623	0.380088	0.424656	
-0.467444	-0.295588	-0.168671	-0.0764493	-0.0246288	-0.0161005	-0.0508829	-0.127432	-0.239718	-0.393386	-0.58368	-0.775162	-0.94569	-1.05484	-1.0808	-1.01664	-0.859116	-0.640318	-0.379072	-0.119129	0.108671	0.292003	0.42034	0.482528	0.49024	
-0.340727	-0.196262	-0.0944815	-0.0210438	0.0161989	0.0210301	-0.000886153	-0.0620267	-0.150277	-0.279205	-0.435562	-0.587932	-0.715145	-0.800103	-0.814099	-0.744155	-0.588569	-0.371444	-0.119129	0.127384	0.326293	0.479009	0.574062	0.604692	0.575405	
-0.181854	-0.0719869	0.00876172	0.0635128	0.0911166	0.0949261	0.0781061	0.0333064	-0.0365279	-0.135154	-0.252188	-0.358329	-0.440849	-0.491836	-0.496689	-0.44011	-0.31171	-0.120728	0.108671	0.326293	0.50031	0.638592	0.72159	0.730509	0.671678	
-0.00806503	0.0616064	0.113882	0.152666	0.174814	0.178599	0.163438	0.131332	0.0839949	0.0214216	-0.0509818	-0.115818	-0.1614	-0.18489	-0.183862	-0.147332	-0.054524	0.0999736	0.292003	0.479009	0.638592	0.772691	0.84497	0.8341	0.755301	
0.171497	0.206252	0.231448	0.256311	0.271418	0.273497	0.263797	0.241637	0.21662	0.187436	0.147927	0.11436	0.0928223	0.0791621	0.0790093	0.100205	0.16074	0.272623	0.42034	0.574062	0.72159	0.84497	0.906599	0.883739	0.797318	
0.335574	0.357715	0.374672	0.389779	0.401303	0.403258	0.394833	0.381171	0.364926	0.344672	0.322989	0.309996	0.301658	0.29176	0.282728	0.284193	0.31265	0.380088	0.482528	0.604692	0.730509	0.8341	0.883739	0.862972	0.782518	
0.489643	0.515594	0.531748	0.542477	0.546016	0.547035	0.544465	0.53685	0.523171	0.500405	0.475837	0.462979	0.453941	0.436433	0.414876	0.395522	0.394574	0.424656	0.49024	0.575405	0.671678	0.755301	0.797318	0.782518	0.715859	
