-0.352106	-0.420055	-0.476632	-0.514003	-0.533521	-0.523653	-0.485894	-0.407021	-0.299188	-0.177578	-0.0378967	0.113593	0.268406	0.411863	0.540813	0.652276	0.740484	0.810268	0.873739	0.927811	0.957154	0.933685	0.848637	0.690105	0.464539	
-0.420055	-0.481616	-0.516438	-0.531907	-0.525287	-0.492869	-0.428395	-0.317777	-0.183586	-0.0457293	0.0913491	0.232902	0.379025	0.514222	0.629164	0.719046	0.774412	0.810112	0.838659	0.874796	0.89762	0.880503	0.800507	0.646338	0.422052	
-0.476632	-0.516438	-0.527663	-0.517884	-0.486989	-0.428351	-0.336058	-0.20406	-0.0560783	0.0850438	0.213076	0.341507	0.475413	0.594836	0.68986	0.749001	0.774001	0.778311	0.783802	0.809119	0.833065	0.826429	0.753373	0.605279	0.381989	
-0.514003	-0.531907	-0.517884	-0.483763	-0.422235	-0.331656	-0.215172	-0.0708074	0.0790402	0.216665	0.333628	0.447361	0.560369	0.656374	0.719823	0.746069	0.742024	0.723846	0.717067	0.737707	0.76844	0.770835	0.706437	0.561518	0.340371	
-0.533521	-0.525287	-0.486989	-0.422235	-0.325344	-0.208252	-0.0762587	0.0671029	0.20988	0.340097	0.445987	0.539743	0.625749	0.688358	0.717436	0.713338	0.688343	0.661361	0.651309	0.67626	0.712987	0.725333	0.665593	0.52391	0.302815	
-0.523653	-0.492869	-0.428351	-0.331656	-0.208252	-0.074749	0.060769	0.19531	0.328686	0.45149	0.543515	0.613854	0.664307	0.689723	0.686667	0.658522	0.626358	0.599409	0.597928	0.628027	0.672286	0.689057	0.632691	0.4907	0.270324	
-0.485894	-0.428395	-0.336058	-0.215172	-0.0762587	0.060769	0.190762	0.312927	0.434922	0.543628	0.616444	0.654486	0.664299	0.654517	0.624328	0.586801	0.556933	0.543259	0.555122	0.593984	0.643094	0.66151	0.605514	0.46254	0.242394	
-0.407021	-0.317777	-0.20406	-0.0708074	0.0671029	0.19531	0.312927	0.419111	0.521585	0.607751	0.651389	0.651377	0.62311	0.582781	0.539748	0.503417	0.48843	0.49451	0.523947	0.57163	0.622941	0.639486	0.581775	0.436592	0.217934	
-0.299188	-0.183586	-0.0560783	0.0790402	0.20988	0.328686	0.434922	0.521585	0.598234	0.650565	0.656763	0.618736	0.554743	0.494865	0.446842	0.421372	0.425638	0.453146	0.499515	0.552905	0.602622	0.613213	0.551183	0.403278	0.186245	
-0.177578	-0.0457293	0.0850438	0.216665	0.340097	0.45149	0.543628	0.607751	0.650565	0.66292	0.63399	0.563153	0.478078	0.409729	0.368096	0.360401	0.385751	0.434855	0.494807	0.551035	0.594899	0.595786	0.527041	0.375353	0.159893	
-0.0378967	0.0913491	0.213076	0.333628	0.445987	0.543515	0.616444	0.651389	0.656763	0.63399	0.577574	0.491669	0.401367	0.339293	0.314566	0.32911	0.377537	0.446473	0.51764	0.574589	0.609442	0.59869	0.521437	0.365419	0.152268	
0.113593	0.232902	0.341507	0.447361	0.539743	0.613854	0.654486	0.651377	0.618736	0.563153	0.491669	0.403068	0.321032	0.27555	0.272768	0.312654	0.384083	0.471846	0.554065	0.611304	0.637862	0.616088	0.530843	0.373097	0.162726	
0.268406	0.379025	0.475413	0.560369	0.625749	0.664307	0.664299	0.62311	0.554743	0.478078	0.401367	0.321032	0.255983	0.230055	0.250169	0.313154	0.403926	0.508122	0.59815	0.655246	0.672981	0.639807	0.547896	0.387979	0.183109	
0.411863	0.514222	0.594836	0.656374	0.688358	0.689723	0.654517	0.582781	0.494865	0.409729	0.339293	0.27555	0.230055	0.223481	0.262937	0.342945	0.448698	0.563208	0.657826	0.712527	0.719224	0.675298	0.574208	0.41423	0.212838	
0.540813	0.629164	0.68986	0.719823	0.717436	0.686667	0.624328	0.539748	0.446842	0.368096	0.314566	0.272768	0.250169	0.262937	0.318842	0.413977	0.530596	0.65302	0.750443	0.800462	0.797432	0.740043	0.631675	0.468891	0.272456	
0.652276	0.719046	0.749001	0.746069	0.713338	0.658522	0.586801	0.503417	0.421372	0.360401	0.32911	0.312654	0.313154	0.342945	0.413977	0.520149	0.645465	0.773769	0.87095	0.917716	0.902083	0.834158	0.715512	0.552082	0.358329	
0.740484	0.774412	0.774001	0.742024	0.688343	0.626358	0.556933	0.48843	0.425638	0.385751	0.377537	0.384083	0.403926	0.448698	0.530596	0.645465	0.777866	0.908651	1.00723	1.04739	1.02301	0.941914	0.815947	0.649732	0.45984	
0.810268	0.810112	0.778311	0.723846	0.661361	0.599409	0.543259	0.49451	0.453146	0.434855	0.446473	0.471846	0.508122	0.563208	0.65302	0.773769	0.908651	1.04184	1.13632	1.17194	1.13468	1.04275	0.906382	0.738088	0.549834	
0.873739	0.838659	0.783802	0.717067	0.651309	0.597928	0.555122	0.523947	0.499515	0.494807	0.51764	0.554065	0.59815	0.657826	0.750443	0.87095	1.00723	1.13632	1.22825	1.25442	1.207	1.10161	0.956399	0.784264	0.597654	
0.927811	0.874796	0.809119	0.737707	0.67626	0.628027	0.593984	0.57163	0.552905	0.551035	0.574589	0.611304	0.655246	0.712527	0.800462	0.917716	1.04739	1.17194	1.25442	1.27182	1.21027	1.0921	0.935839	0.759297	0.572532	
0.957154	0.89762	0.833065	0.76844	0.712987	0.672286	0.643094	0.622941	0.602622	0.594899	0.609442	0.637862	0.672981	0.719224	0.797432	0.902083	1.02301	1.13468	1.207	1.21027	1.13473	1.00148	0.833844	0.651387	0.463515	
0.933685	0.880503	0.826429	0.770835	0.725333	0.689057	0.66151	0.639486	0.613213	0.595786	0.59869	0.616088	0.639807	0.675298	0.740043	0.834158	0.941914	1.04275	1.10161	1.0921	1.00148	0.853905	0.674672	0.485873	0.296049	
0.848637	0.800507	0.753373	0.706437	0.665593	0.632691	0.605514	0.581775	0.551183	0.527041	0.521437	0.530843	0.547896	0.574208	0.631675	0.715512	0.815947	0.906382	0.956399	0.935839	0.833844	0.674672	0.486287	0.292905	0.102213	
0.690105	0.646338	0.605279	0.561518	0.52391	0.4907	0.46254	0.436592	0.403278	0.375353	0.365419	0.373097	0.387979	0.41423	0.468891	0.552082	0.649732	0.738088	0.784264	0.759297	0.651387	0.485873	0.292905	0.0981527	-0.0908811	
0.464539	0.422052	0.381989	0.340371	0.302815	0.270324	0.242394	0.217934	0.186245	0.159893	0.152268	0.162726	0.183109	0.212838	0.272456	0.358329	0.45984	0.549834	0.597654	0.572532	0.463515	0.296049	0.102213	-0.0908811	-0.276199	
0.18377	0.14146	0.103943	0.0645409	0.0307709	0.00110185	-0.0222833	-0.0423015	-0.0684881	-0.0889583	-0.0914979	-0.0729037	-0.0453027	-0.00648146	0.0601028	0.15366	0.261481	0.35728	0.409538	0.387898	0.280806	0.114613	-0.0775485	-0.267168	-0.447484	
-0.107788	-0.152832	-0.191341	-0.229448	-0.261313	-0.286478	-0.305028	-0.317579	-0.335472	-0.347688	-0.340457	-0.312709	-0.273722	-0.225128	-0.148615	-0.0464745	0.0696114	0.172147	0.230615	0.213416	0.110227	-0.0535467	-0.242512	-0.428065	-0.603188	
-0.36329	-0.414308	-0.45673	-0.49689	-0.528386	-0.552858	-0.567387	-0.575644	-0.587586	-0.592382	-0.578705	-0.541505	-0.493758	-0.43522	-0.349487	-0.238425	-0.113797	-0.00339152	0.0617955	0.0510508	-0.0475249	-0.206585	-0.391596	-0.571973	-0.741589	
-0.543094	-0.6015	-0.650212	-0.696424	-0.733344	-0.760546	-0.77801	-0.785954	-0.796126	-0.798675	-0.779914	-0.737782	-0.682773	-0.616735	-0.523586	-0.40459	-0.272474	-0.155072	-0.0827325	-0.0880187	-0.180498	-0.335451	-0.515268	-0.690994	-0.85531	
-0.638557	-0.702355	-0.757575	-0.808969	-0.85036	-0.882721	-0.902268	-0.912822	-0.924237	-0.926086	-0.907471	-0.862767	-0.805035	-0.73562	-0.637935	-0.514978	-0.378065	-0.25585	-0.179506	-0.179703	-0.26909	-0.419547	-0.596484	-0.768089	-0.928911	
-0.653956	-0.71895	-0.773923	-0.826924	-0.869924	-0.902469	-0.924386	-0.935348	-0.947171	-0.95011	-0.930609	-0.886046	-0.827732	-0.756942	-0.659063	-0.534511	-0.396848	-0.273857	-0.195918	-0.196203	-0.283727	-0.434518	-0.609913	-0.781447	-0.941289	
-0.59123	-0.652097	-0.704656	-0.752904	-0.791622	-0.821457	-0.838894	-0.847991	-0.858496	-0.860003	-0.841556	-0.797909	-0.741455	-0.674143	-0.578415	-0.457997	-0.323508	-0.203753	-0.129907	-0.132297	-0.223993	-0.376257	-0.555226	-0.72862	-0.891478	
-0.44547	-0.499575	-0.543231	-0.586008	-0.619399	-0.644049	-0.660225	-0.667696	-0.678547	-0.682361	-0.66584	-0.626373	-0.575383	-0.512794	-0.424238	-0.30912	-0.181453	-0.0679741	0.000656319	-0.0083452	-0.103754	-0.261844	-0.444097	-0.623018	-0.790099	
-0.21681	-0.263965	-0.304646	-0.342637	-0.37389	-0.398466	-0.414052	-0.424542	-0.439414	-0.4477	-0.437915	-0.406005	-0.363153	-0.31088	-0.230094	-0.125023	-0.00534683	0.100278	0.161045	0.146767	0.0445581	-0.116867	-0.304925	-0.487999	-0.66122	
0.0655028	0.0224622	-0.013868	-0.0531476	-0.0857883	-0.113243	-0.135533	-0.152426	-0.17562	-0.193093	-0.191694	-0.169618	-0.137734	-0.0943091	-0.0244413	0.0731399	0.183793	0.282488	0.337396	0.316998	0.211841	0.0458074	-0.14453	-0.333097	-0.510947	
0.357256	0.314794	0.274881	0.234649	0.198032	0.166484	0.140536	0.117273	0.0875741	0.0635329	0.057216	0.0704709	0.0935264	0.126073	0.188631	0.276425	0.380483	0.472298	0.521584	0.497729	0.38869	0.221861	0.0281067	-0.163354	-0.346977	
0.607364	0.564613	0.525182	0.481597	0.444355	0.411216	0.382145	0.356378	0.322846	0.294913	0.285193	0.293339	0.309598	0.337435	0.392855	0.477265	0.575403	0.664473	0.710843	0.68521	0.576608	0.409459	0.216294	0.0215446	-0.165849	
0.794513	0.747875	0.702945	0.658237	0.618441	0.586162	0.558732	0.533978	0.502171	0.476328	0.468177	0.476048	0.491688	0.516789	0.572759	0.654635	0.753642	0.842059	0.890133	0.866809	0.761659	0.599288	0.408563	0.214278	0.023953	
0.907404	0.857062	0.806725	0.754546	0.711883	0.677075	0.649598	0.626699	0.598334	0.577869	0.576629	0.590254	0.610462	0.642278	0.702822	0.792711	0.896357	0.99312	1.04764	1.0333	0.937409	0.784659	0.601541	0.410529	0.220221	
0.955263	0.896825	0.835863	0.774997	0.723107	0.685211	0.656599	0.636299	0.613774	0.602568	0.612267	0.636034	0.666775	0.708301	0.781307	0.880813	0.996869	1.10361	1.171	1.16835	1.08692	0.94728	0.775441	0.58998	0.401753	
0.943673	0.887191	0.820533	0.750858	0.691645	0.646214	0.614554	0.59323	0.57485	0.571303	0.591845	0.626029	0.667058	0.721097	0.805298	0.918353	1.04475	1.16518	1.24377	1.25602	1.18868	1.06492	0.904116	0.725684	0.53834	
0.897328	0.852554	0.791774	0.721787	0.657075	0.606446	0.56722	0.541279	0.520119	0.518426	0.542608	0.580315	0.625859	0.685363	0.77718	0.896572	1.03127	1.15886	1.24793	1.27023	1.21783	1.1068	0.958191	0.783698	0.597941	
0.835956	0.821421	0.778752	0.718668	0.653861	0.595201	0.544694	0.503116	0.470212	0.458042	0.4754	0.506247	0.546697	0.60483	0.696188	0.817477	0.95357	1.08578	1.17971	1.21169	1.17032	1.07338	0.933414	0.764159	0.576159	
0.769942	0.790336	0.776816	0.734454	0.676516	0.613516	0.548515	0.488351	0.433922	0.403929	0.40381	0.418725	0.446188	0.495388	0.58106	0.698241	0.832187	0.964284	1.06143	1.09958	1.07014	0.984445	0.854969	0.687407	0.498879	
0.690234	0.745008	0.762796	0.747992	0.704994	0.646287	0.573472	0.494537	0.42014	0.366469	0.344871	0.337597	0.346455	0.382855	0.458298	0.568299	0.697099	0.826586	0.924989	0.968622	0.949888	0.876569	0.755317	0.590948	0.398513	
0.58795	0.669259	0.717769	0.734412	0.71945	0.676836	0.609273	0.523477	0.433345	0.361491	0.315748	0.284471	0.2715	0.290992	0.35342	0.452722	0.573331	0.69843	0.795466	0.844354	0.835678	0.774492	0.661831	0.498898	0.303474	
0.465135	0.562899	0.637066	0.686586	0.704599	0.69276	0.644036	0.565388	0.473597	0.38856	0.324335	0.268257	0.232222	0.233574	0.279494	0.366277	0.476836	0.594994	0.69128	0.743577	0.747119	0.69733	0.594166	0.432619	0.23349	
0.327622	0.435133	0.524822	0.601687	0.654115	0.677207	0.662989	0.60756	0.529944	0.44834	0.372207	0.29832	0.240621	0.222261	0.250628	0.320267	0.418179	0.52669	0.618743	0.675167	0.688037	0.651475	0.555324	0.396111	0.191917	
0.175494	0.291478	0.395701	0.493203	0.576346	0.636951	0.660853	0.642632	0.594026	0.52825	0.453675	0.366847	0.291741	0.253833	0.260276	0.310633	0.390057	0.485713	0.570992	0.628446	0.651799	0.625324	0.53805	0.378734	0.170927	
0.0221068	0.146581	0.262879	0.378719	0.48365	0.573906	0.635841	0.656145	0.64704	0.609966	0.545983	0.458048	0.369199	0.312991	0.296392	0.320624	0.379079	0.454984	0.531111	0.587572	0.619286	0.604237	0.52348	0.366916	0.154093	
