-0.52794	-0.521834	-0.514878	-0.514308	-0.517554	-0.517576	-0.515837	-0.513434	-0.518939	-0.52567	-0.531225	-0.549236	-0.58497	-0.618277	-0.654515	-0.702674	-0.741657	-0.751432	-0.734633	-0.692481	-0.608235	-0.484164	-0.32881	-0.157833	0.0279896	
-0.519521	-0.527348	-0.541137	-0.559015	-0.573125	-0.575231	-0.565592	-0.548104	-0.532288	-0.521571	-0.519154	-0.531802	-0.56105	-0.591915	-0.627233	-0.672363	-0.717366	-0.737101	-0.736722	-0.715342	-0.655535	-0.54546	-0.405333	-0.248221	-0.0789389	
-0.504112	-0.519982	-0.543571	-0.567621	-0.58214	-0.585599	-0.573919	-0.554787	-0.528194	-0.50955	-0.500823	-0.507887	-0.522149	-0.549164	-0.578389	-0.613609	-0.647937	-0.672638	-0.678335	-0.6699	-0.627351	-0.538911	-0.421581	-0.284186	-0.131373	
-0.470176	-0.487513	-0.507665	-0.522752	-0.528906	-0.530443	-0.525699	-0.515676	-0.495433	-0.475972	-0.465727	-0.461021	-0.459039	-0.473718	-0.497492	-0.516897	-0.536725	-0.554401	-0.559438	-0.554891	-0.528776	-0.462754	-0.369472	-0.258203	-0.126788	
-0.397218	-0.407263	-0.416419	-0.416755	-0.413907	-0.412633	-0.416	-0.417832	-0.411772	-0.400527	-0.392034	-0.378418	-0.362078	-0.361456	-0.370945	-0.372647	-0.377549	-0.387942	-0.388035	-0.379824	-0.364866	-0.322189	-0.252615	-0.159045	-0.0469216	
-0.275099	-0.272603	-0.270186	-0.260983	-0.255378	-0.252519	-0.259102	-0.266208	-0.272607	-0.274094	-0.271956	-0.255846	-0.232687	-0.216263	-0.204855	-0.187853	-0.181494	-0.18597	-0.184418	-0.171578	-0.155358	-0.120916	-0.0686831	0.00624426	0.0974526	
-0.116741	-0.106412	-0.0950576	-0.0852854	-0.0803387	-0.0784781	-0.083015	-0.0900247	-0.101706	-0.113365	-0.116595	-0.103475	-0.0819101	-0.0569961	-0.0260793	0.00213024	0.0147894	0.017162	0.0281154	0.0440449	0.0694791	0.107431	0.159317	0.215063	0.277479	
0.0562011	0.0653756	0.0782799	0.0850569	0.0896217	0.0902047	0.0878184	0.0815288	0.0711914	0.0586518	0.0561944	0.0660134	0.077582	0.0972443	0.13209	0.16514	0.179195	0.195799	0.222252	0.251907	0.283662	0.325595	0.373824	0.420307	0.455778	
0.217083	0.219878	0.224502	0.227967	0.230814	0.232187	0.229236	0.225931	0.221305	0.21811	0.2182	0.224983	0.223804	0.227838	0.249974	0.280988	0.301952	0.337614	0.381898	0.42242	0.460185	0.505158	0.544357	0.58041	0.601134	
0.340115	0.338389	0.331223	0.327742	0.32649	0.32709	0.326783	0.328834	0.335342	0.340607	0.339668	0.337055	0.32973	0.319786	0.327016	0.349887	0.378093	0.425713	0.484136	0.529832	0.567705	0.616733	0.658738	0.690236	0.697814	
0.403718	0.403263	0.388795	0.37814	0.370943	0.370788	0.374	0.383926	0.397458	0.406743	0.397041	0.387147	0.380295	0.371136	0.36772	0.384277	0.410815	0.45293	0.511338	0.56648	0.613874	0.664225	0.717447	0.75494	0.75763	
0.402548	0.404779	0.392342	0.381981	0.376155	0.375202	0.379046	0.387767	0.400381	0.406029	0.393469	0.383136	0.38484	0.381877	0.374147	0.381735	0.402289	0.430271	0.474128	0.53665	0.605765	0.669139	0.72594	0.768788	0.77419	
0.348638	0.349448	0.345751	0.346789	0.350236	0.350897	0.348016	0.3463	0.347785	0.349764	0.344126	0.345031	0.350784	0.351535	0.342114	0.343087	0.352875	0.373359	0.405313	0.465774	0.546369	0.628541	0.694308	0.737139	0.745152	
0.26795	0.267164	0.273325	0.285358	0.296093	0.298243	0.289869	0.278166	0.269026	0.26634	0.27212	0.284661	0.289946	0.284924	0.281457	0.282877	0.286764	0.300165	0.331141	0.386514	0.463503	0.551149	0.630842	0.683452	0.692627	
0.191388	0.1946	0.205697	0.21567	0.222796	0.224417	0.219032	0.20975	0.198609	0.191434	0.196939	0.212625	0.215513	0.208997	0.211726	0.221323	0.224403	0.23554	0.265188	0.317023	0.385497	0.46451	0.548873	0.617093	0.639099	
0.122264	0.131676	0.137667	0.137596	0.135046	0.135346	0.136826	0.13818	0.134165	0.126239	0.121197	0.126149	0.128739	0.129041	0.139369	0.153004	0.160428	0.17489	0.207682	0.254997	0.316032	0.385127	0.463791	0.541481	0.584597	
0.0655572	0.0717914	0.0682241	0.061677	0.0571599	0.0557582	0.0598273	0.0656242	0.070998	0.0693845	0.0570542	0.0469707	0.0468581	0.0551779	0.0691924	0.086779	0.101012	0.122202	0.156247	0.203621	0.258838	0.322103	0.394511	0.470835	0.52663	
0.0215249	0.0200099	0.00950889	0.006351	0.00628693	0.00585202	0.00550607	0.00780902	0.0157927	0.0231602	0.0129298	-0.00379221	-0.00662636	0.00297771	0.0139207	0.0311382	0.0580613	0.0864109	0.118474	0.163924	0.221029	0.283324	0.354655	0.423817	0.468544	
-0.022533	-0.0278466	-0.033834	-0.0329225	-0.0290935	-0.0293584	-0.0313748	-0.0343943	-0.0306534	-0.0236777	-0.0257283	-0.0353617	-0.036676	-0.0302021	-0.026202	-0.0152574	0.0160177	0.0555179	0.0914335	0.139716	0.201071	0.264275	0.332524	0.395107	0.424937	
-0.0694942	-0.0695236	-0.0660175	-0.0629468	-0.0615467	-0.0610822	-0.0619784	-0.0643662	-0.0686858	-0.0704012	-0.0660527	-0.0577133	-0.0542872	-0.0558286	-0.0565456	-0.0485954	-0.0208622	0.0222884	0.0716127	0.129527	0.196757	0.259418	0.32226	0.376279	0.396516	
-0.0967019	-0.0928039	-0.0844397	-0.0823241	-0.0808017	-0.0809024	-0.0811164	-0.0830082	-0.0888626	-0.0972224	-0.0916343	-0.0730455	-0.0650549	-0.0744508	-0.0783774	-0.064742	-0.0376367	0.000390578	0.0512699	0.116934	0.188597	0.255984	0.318249	0.365234	0.378636	
-0.0998866	-0.0982195	-0.0967356	-0.0948703	-0.0916508	-0.0912614	-0.0938141	-0.0959844	-0.0972115	-0.0994465	-0.0987088	-0.0905481	-0.0834896	-0.0844574	-0.0823305	-0.0664951	-0.0394413	-0.00843531	0.0361102	0.101184	0.178639	0.253872	0.324457	0.370677	0.376432	
-0.0974083	-0.101341	-0.105443	-0.105481	-0.104723	-0.1058	-0.105137	-0.106093	-0.103357	-0.0980813	-0.10038	-0.111086	-0.110061	-0.0923441	-0.0733695	-0.0606823	-0.0436316	-0.017713	0.0245482	0.09448	0.179727	0.259495	0.329174	0.376468	0.385396	
-0.102525	-0.10503	-0.10657	-0.108489	-0.114166	-0.116398	-0.110367	-0.106923	-0.106256	-0.10312	-0.104823	-0.116977	-0.118895	-0.0979562	-0.0725769	-0.0598554	-0.0456957	-0.0212869	0.0218266	0.0931241	0.182569	0.260889	0.325835	0.372813	0.388943	
-0.110983	-0.109511	-0.108561	-0.111162	-0.113637	-0.114735	-0.111818	-0.109293	-0.108849	-0.110931	-0.111712	-0.111329	-0.107611	-0.100262	-0.089813	-0.0734671	-0.0441725	-0.00921481	0.0306238	0.0913115	0.170786	0.248245	0.318117	0.373899	0.396895	
-0.112177	-0.112087	-0.115454	-0.115567	-0.107749	-0.106093	-0.112539	-0.116477	-0.112878	-0.112202	-0.112327	-0.106535	-0.0978327	-0.0982579	-0.100137	-0.08427	-0.0417539	0.00483961	0.0471495	0.097454	0.163176	0.235942	0.317421	0.386375	0.410997	
-0.112087	-0.116167	-0.118236	-0.115568	-0.109028	-0.108203	-0.11296	-0.117869	-0.117106	-0.113976	-0.110531	-0.107182	-0.102348	-0.0992301	-0.09636	-0.082042	-0.0457669	0.00101336	0.0500695	0.106822	0.169284	0.236601	0.316867	0.388129	0.411861	
-0.115454	-0.118236	-0.110803	-0.108461	-0.114991	-0.118234	-0.110428	-0.108622	-0.115465	-0.118176	-0.110555	-0.107008	-0.106503	-0.101084	-0.0891427	-0.0750505	-0.0482464	-0.00951	0.0432752	0.109303	0.179386	0.24501	0.317523	0.378906	0.397165	
-0.115567	-0.115568	-0.108461	-0.108485	-0.116881	-0.120016	-0.111365	-0.107097	-0.112868	-0.116848	-0.112488	-0.109508	-0.107841	-0.0999304	-0.0871419	-0.0719186	-0.0464393	-0.0110073	0.0368717	0.105652	0.1853	0.258227	0.324118	0.372338	0.384861	
-0.107749	-0.109028	-0.114991	-0.116881	-0.110926	-0.109995	-0.114388	-0.117013	-0.111141	-0.107635	-0.110413	-0.115341	-0.109384	-0.09701	-0.0848502	-0.0710137	-0.042455	-0.00872217	0.03382	0.100942	0.188985	0.268932	0.331644	0.369646	0.377131	
-0.106093	-0.108203	-0.118234	-0.120016	-0.109995	-0.107524	-0.11636	-0.120666	-0.112129	-0.105699	-0.110826	-0.117244	-0.111054	-0.0968603	-0.0854639	-0.0710357	-0.0425213	-0.00859944	0.0322574	0.100135	0.189846	0.271442	0.332792	0.368704	0.376211	
-0.112539	-0.11296	-0.110428	-0.111365	-0.114388	-0.11636	-0.112118	-0.110406	-0.111621	-0.113627	-0.111589	-0.111463	-0.107705	-0.0989678	-0.0861201	-0.0714341	-0.0443534	-0.0104671	0.0354324	0.103757	0.187255	0.262624	0.327003	0.370916	0.380889	
-0.116477	-0.117869	-0.108622	-0.107097	-0.117013	-0.120666	-0.110406	-0.106186	-0.114606	-0.118675	-0.11165	-0.107334	-0.107504	-0.100837	-0.0880409	-0.07307	-0.0480881	-0.010693	0.0404387	0.108252	0.181936	0.250549	0.320445	0.376106	0.391584	
-0.112878	-0.117106	-0.115465	-0.112868	-0.111141	-0.112129	-0.111621	-0.114606	-0.116579	-0.11542	-0.109619	-0.107579	-0.104589	-0.100038	-0.0923663	-0.0792578	-0.0472881	-0.00369683	0.0480094	0.108409	0.173178	0.239165	0.316694	0.384909	0.406281	
-0.112202	-0.113976	-0.118176	-0.116848	-0.107635	-0.105699	-0.113627	-0.118675	-0.11542	-0.112807	-0.112258	-0.10672	-0.0990053	-0.0983126	-0.10038	-0.0849549	-0.043387	0.00519227	0.0500494	0.101819	0.164687	0.234685	0.316857	0.388738	0.41453	
-0.112327	-0.110531	-0.110555	-0.112488	-0.110413	-0.110826	-0.111589	-0.11165	-0.109619	-0.112258	-0.112308	-0.108103	-0.10114	-0.0995695	-0.0957291	-0.079158	-0.0421646	-0.00208979	0.0378843	0.0930758	0.16631	0.241836	0.316701	0.378907	0.402678	
-0.106535	-0.107182	-0.107008	-0.109508	-0.115341	-0.117244	-0.111463	-0.107334	-0.107579	-0.10672	-0.108103	-0.115318	-0.116106	-0.0995871	-0.0788399	-0.0642409	-0.0454678	-0.0179329	0.0234673	0.0916186	0.179026	0.257393	0.323011	0.371634	0.390712	
-0.0978327	-0.102348	-0.106503	-0.107841	-0.109384	-0.111054	-0.107705	-0.107504	-0.104589	-0.0990053	-0.10114	-0.116106	-0.116887	-0.0949459	-0.0702054	-0.0586943	-0.0449173	-0.0209839	0.0217729	0.0938023	0.182132	0.261709	0.328501	0.375368	0.387026	
-0.0982579	-0.0992301	-0.101084	-0.0999304	-0.09701	-0.0968603	-0.0989678	-0.100837	-0.100038	-0.0983126	-0.0995695	-0.0995871	-0.0949459	-0.0877611	-0.0791818	-0.0643937	-0.0408607	-0.012105	0.0309974	0.0973578	0.177947	0.255453	0.327338	0.374129	0.380346	
-0.100137	-0.09636	-0.0891427	-0.0871419	-0.0848502	-0.0854639	-0.0861201	-0.0880409	-0.0923663	-0.10038	-0.0957291	-0.0788399	-0.0702054	-0.0791818	-0.0821628	-0.0670172	-0.0389101	-0.00346569	0.044934	0.110142	0.183305	0.254387	0.32	0.366159	0.375066	
-0.08427	-0.082042	-0.0750505	-0.0719186	-0.0710137	-0.0710357	-0.0714341	-0.07307	-0.0792578	-0.0849549	-0.079158	-0.0642409	-0.0586943	-0.0643937	-0.0670172	-0.0577469	-0.030552	0.0116923	0.063592	0.12498	0.194574	0.258358	0.319898	0.370366	0.387923	
-0.0417539	-0.0457669	-0.0482464	-0.0464393	-0.042455	-0.0425213	-0.0443534	-0.0480881	-0.0472881	-0.043387	-0.0421646	-0.0454678	-0.0449173	-0.0408607	-0.0389101	-0.030552	-0.000565088	0.0418732	0.0829376	0.135294	0.198772	0.261059	0.326732	0.387134	0.412495	
0.00483961	0.00101336	-0.00951	-0.0110073	-0.00872217	-0.00859944	-0.0104671	-0.010693	-0.00369683	0.00519227	-0.00208979	-0.0179329	-0.0209839	-0.012105	-0.00346569	0.0116923	0.0418732	0.0739051	0.106361	0.152193	0.211159	0.273243	0.344297	0.410832	0.448634	
0.0471495	0.0500695	0.0432752	0.0368717	0.03382	0.0322574	0.0354324	0.0404387	0.0480094	0.0500494	0.0378843	0.0234673	0.0217729	0.0309974	0.044934	0.063592	0.0829376	0.106361	0.139331	0.18605	0.241362	0.303865	0.375387	0.448675	0.502602	
0.097454	0.106822	0.109303	0.105652	0.100942	0.100135	0.103757	0.108252	0.108409	0.101819	0.0930758	0.0916186	0.0938023	0.0973578	0.110142	0.12498	0.135294	0.152193	0.18605	0.232544	0.291366	0.357704	0.432793	0.511226	0.562049	
0.163176	0.169284	0.179386	0.1853	0.188985	0.189846	0.187255	0.181936	0.173178	0.164687	0.16631	0.179026	0.182132	0.177947	0.183305	0.194574	0.198772	0.211159	0.241362	0.291366	0.356739	0.431196	0.513743	0.587419	0.617721	
0.235942	0.236601	0.24501	0.258227	0.268932	0.271442	0.262624	0.250549	0.239165	0.234685	0.241836	0.257393	0.261709	0.255453	0.254387	0.258358	0.261059	0.273243	0.303865	0.357704	0.431196	0.516647	0.599878	0.658793	0.670781	
0.317421	0.316867	0.317523	0.324118	0.331644	0.332792	0.327003	0.320445	0.316694	0.316857	0.316701	0.323011	0.328501	0.327338	0.32	0.319898	0.326732	0.344297	0.375387	0.432793	0.513743	0.599878	0.672586	0.717643	0.725844	
0.386375	0.388129	0.378906	0.372338	0.369646	0.368704	0.370916	0.376106	0.384909	0.388738	0.378907	0.371634	0.375368	0.374129	0.366159	0.370366	0.387134	0.410832	0.448675	0.511226	0.587419	0.658793	0.717643	0.760528	0.766845	
0.410997	0.411861	0.397165	0.384861	0.377131	0.376211	0.380889	0.391584	0.406281	0.41453	0.402678	0.390712	0.387026	0.380346	0.375066	0.387923	0.412495	0.448634	0.502602	0.562049	0.617721	0.670781	0.725844	0.766845	0.769955	
