0.787989	0.944704	1.07028	1.14629	1.17929	1.18389	1.16408	1.10639	1	0.853732	0.677707	0.46463	0.216757	-0.0615842	-0.351659	-0.629242	-0.874236	-1.06649	-1.17873	-1.2201	-1.2017	-1.13144	-1.0015	-0.81817	-0.611245	
0.755217	0.903957	1.02375	1.09979	1.13217	1.1374	1.1171	1.0599	0.956627	0.81763	0.652759	0.459727	0.231662	-0.0258454	-0.290237	-0.548972	-0.79009	-0.993981	-1.13383	-1.20958	-1.23143	-1.1974	-1.1022	-0.956367	-0.779574	
0.65605	0.79518	0.90873	0.977992	1.00774	1.01141	0.993954	0.942453	0.84426	0.714219	0.565545	0.399337	0.205786	-0.0152036	-0.239209	-0.463085	-0.685808	-0.888034	-1.04282	-1.14232	-1.19585	-1.20157	-1.1511	-1.05126	-0.909961	
0.506553	0.629107	0.731314	0.796383	0.822567	0.824126	0.811986	0.761452	0.673758	0.556234	0.43088	0.299782	0.148729	-0.0220939	-0.201677	-0.386913	-0.57764	-0.763075	-0.912057	-1.02235	-1.09368	-1.13011	-1.12971	-1.08247	-0.990413	
0.337494	0.434881	0.523712	0.585739	0.610238	0.613158	0.599675	0.552666	0.472803	0.376338	0.279639	0.180687	0.0717197	-0.0489795	-0.181587	-0.319258	-0.471088	-0.622732	-0.753541	-0.85995	-0.941205	-1.0022	-1.03834	-1.03712	-0.995761	
0.181114	0.247551	0.317199	0.364498	0.384673	0.387304	0.375342	0.339298	0.276385	0.20707	0.139733	0.0658024	-0.0119792	-0.0985899	-0.188075	-0.279252	-0.38126	-0.491081	-0.596814	-0.685375	-0.766231	-0.839868	-0.896044	-0.924842	-0.921133	
0.0537102	0.0971405	0.140318	0.168422	0.181486	0.183872	0.17511	0.154165	0.114769	0.0714748	0.0247431	-0.0299927	-0.089495	-0.15132	-0.207071	-0.256896	-0.305467	-0.364326	-0.438163	-0.50999	-0.584441	-0.657019	-0.720032	-0.767726	-0.791414	
-0.025822	0.00018375	0.019853	0.0285273	0.0389933	0.0410389	0.0327102	0.0244752	0.00878958	-0.0145516	-0.045001	-0.0872787	-0.139622	-0.185492	-0.216667	-0.236142	-0.242039	-0.250974	-0.282279	-0.330518	-0.396767	-0.460506	-0.520968	-0.581449	-0.63287	
-0.0515411	-0.0317473	-0.0208848	-0.0171839	-0.00356754	0.000375673	-0.0129324	-0.0196136	-0.0260142	-0.0430484	-0.0669774	-0.103219	-0.152757	-0.18951	-0.201927	-0.195343	-0.170981	-0.142126	-0.133711	-0.155562	-0.203852	-0.260469	-0.319185	-0.387456	-0.466847	
-0.0131449	0.013501	0.0288849	0.0400408	0.0606149	0.0663083	0.0475256	0.03222	0.0217148	-0.00196293	-0.0322087	-0.0727394	-0.122402	-0.15275	-0.154974	-0.13346	-0.085597	-0.0314621	0.00161327	0.00111572	-0.0252141	-0.0675223	-0.12548	-0.205418	-0.305725	
0.0911454	0.131644	0.160981	0.184918	0.211685	0.218122	0.195684	0.170387	0.14493	0.10838	0.061573	0.00166721	-0.0533564	-0.0813198	-0.0798281	-0.0522242	0.00430076	0.0741202	0.123166	0.136757	0.12845	0.101419	0.0498249	-0.0396162	-0.156986	
0.242046	0.30479	0.352668	0.39192	0.419183	0.424252	0.404689	0.368985	0.325666	0.268747	0.196713	0.115421	0.048032	0.017391	0.0171493	0.0430654	0.0996983	0.16882	0.227183	0.25947	0.264542	0.247059	0.199447	0.104276	-0.0258209	
0.414709	0.500789	0.563854	0.609422	0.63388	0.637274	0.622445	0.584093	0.5291	0.451615	0.35676	0.258958	0.185589	0.146879	0.130532	0.143279	0.189264	0.248989	0.311008	0.358289	0.382379	0.370436	0.31772	0.21824	0.0808464	
0.577951	0.676538	0.748933	0.796406	0.821168	0.825504	0.808997	0.77029	0.709263	0.619663	0.511729	0.407275	0.33445	0.290126	0.258658	0.249758	0.274151	0.32376	0.382162	0.430964	0.459983	0.450929	0.392252	0.285463	0.147384	
0.699941	0.800939	0.87636	0.927198	0.955793	0.960415	0.941429	0.899509	0.834662	0.742742	0.634139	0.535344	0.462104	0.412433	0.376823	0.352116	0.351292	0.382837	0.432091	0.472872	0.491345	0.479122	0.420548	0.313021	0.177609	
0.76654	0.864909	0.946049	0.998872	1.02909	1.03413	1.01397	0.969839	0.900513	0.806658	0.705592	0.616395	0.548253	0.493756	0.455508	0.426339	0.41264	0.423609	0.457435	0.484131	0.48833	0.464789	0.405373	0.30992	0.188984	
0.773245	0.870145	0.95759	1.01857	1.05235	1.05782	1.03579	0.985604	0.906565	0.812926	0.71506	0.633486	0.573069	0.521277	0.480303	0.450029	0.439238	0.447385	0.462442	0.471313	0.461037	0.425867	0.363314	0.281862	0.179291	
0.728301	0.816175	0.907309	0.981798	1.0257	1.0318	1.00382	0.940264	0.852633	0.763406	0.674132	0.593497	0.533397	0.488182	0.454545	0.430165	0.432194	0.446564	0.455694	0.445685	0.417024	0.372226	0.304354	0.227314	0.1389	
0.655397	0.730374	0.818792	0.900378	0.953	0.960829	0.9259	0.854001	0.764544	0.684508	0.608125	0.528627	0.462498	0.417095	0.398385	0.394719	0.408491	0.429056	0.4427	0.427101	0.383918	0.321173	0.244936	0.162244	0.0718247	
0.57751	0.65053	0.732313	0.80703	0.858919	0.868081	0.832007	0.764131	0.682054	0.606603	0.532952	0.457521	0.385883	0.336852	0.329863	0.351951	0.386289	0.417099	0.439977	0.434369	0.380075	0.294785	0.197563	0.100866	0.00456297	
0.51299	0.594421	0.672128	0.736622	0.783154	0.791646	0.759182	0.698938	0.626251	0.545938	0.464294	0.384818	0.312317	0.263911	0.26656	0.31148	0.373285	0.424788	0.46146	0.458788	0.40231	0.299069	0.178354	0.0653049	-0.0356511	
0.477889	0.564858	0.640528	0.701129	0.742007	0.749691	0.720275	0.666587	0.597077	0.513854	0.42259	0.332024	0.257503	0.22084	0.237786	0.298521	0.376524	0.449566	0.497535	0.494772	0.435326	0.327896	0.19283	0.0612702	-0.0474127	
0.471868	0.562177	0.63963	0.7005	0.734069	0.738612	0.717357	0.666891	0.595297	0.509121	0.41224	0.314319	0.24307	0.227392	0.263772	0.331361	0.409952	0.487279	0.542726	0.543272	0.479546	0.368656	0.225952	0.0815791	-0.032676	
0.494939	0.59176	0.674938	0.732506	0.753535	0.755727	0.744731	0.702133	0.627178	0.53366	0.434977	0.34189	0.286226	0.286189	0.329631	0.398171	0.470945	0.541658	0.597187	0.602505	0.5432	0.429289	0.285705	0.13773	0.0161565	
0.557382	0.659307	0.739923	0.786767	0.801209	0.802648	0.795938	0.762975	0.695152	0.599086	0.497649	0.416734	0.375777	0.376646	0.409738	0.472715	0.54654	0.616225	0.668271	0.679912	0.629153	0.521867	0.378553	0.223708	0.0844311	
0.653919	0.751255	0.817651	0.855643	0.875485	0.879295	0.865334	0.834992	0.782125	0.695031	0.592956	0.514486	0.477511	0.47295	0.494987	0.549031	0.624031	0.701242	0.759951	0.776457	0.733636	0.632298	0.483057	0.310523	0.147337	
0.751255	0.834942	0.892659	0.930842	0.95611	0.960993	0.942988	0.909606	0.861576	0.787087	0.694869	0.614152	0.570229	0.560202	0.578881	0.624757	0.696741	0.783035	0.854647	0.874218	0.834255	0.733162	0.575565	0.382841	0.195782	
0.817651	0.892659	0.963135	1.01565	1.04289	1.04663	1.02978	0.987192	0.921676	0.847958	0.770616	0.698537	0.649321	0.635646	0.656748	0.704369	0.782016	0.874081	0.944292	0.958901	0.91027	0.807619	0.643579	0.437386	0.232161	
0.855643	0.930842	1.01565	1.08812	1.13112	1.13724	1.10947	1.04743	0.964529	0.884504	0.813664	0.751572	0.709955	0.696059	0.719317	0.774515	0.862314	0.952563	1.01159	1.01295	0.9622	0.856072	0.690305	0.479987	0.263018	
0.875485	0.95611	1.04289	1.13112	1.20372	1.21755	1.16425	1.07829	0.990113	0.907782	0.82869	0.768615	0.73905	0.734805	0.76288	0.824092	0.916561	1.00083	1.0477	1.04423	0.991657	0.882878	0.713529	0.506269	0.290744	
0.879295	0.960993	1.04663	1.13724	1.21755	1.23348	1.17389	1.08177	0.9942	0.912484	0.830871	0.770135	0.742784	0.741336	0.77123	0.83297	0.925509	1.00755	1.05273	1.04964	0.996694	0.886933	0.71695	0.510665	0.297288	
0.865334	0.942988	1.02978	1.10947	1.16425	1.17389	1.13583	1.06338	0.976741	0.895809	0.822554	0.762084	0.725204	0.714677	0.739884	0.798668	0.888463	0.976313	1.03013	1.02878	0.976956	0.869319	0.702516	0.493323	0.274824	
0.834992	0.909606	0.987192	1.04743	1.07829	1.08177	1.06338	1.01444	0.941251	0.864359	0.791127	0.724492	0.67684	0.66208	0.683134	0.733703	0.816537	0.90833	0.974758	0.983716	0.933192	0.829699	0.664662	0.455934	0.244464	
0.782125	0.861576	0.921676	0.964529	0.990113	0.9942	0.976741	0.941251	0.888025	0.815609	0.728857	0.651004	0.603876	0.592405	0.611303	0.656328	0.72915	0.819193	0.891435	0.910526	0.867915	0.766899	0.606138	0.406807	0.211895	
0.695031	0.787087	0.847958	0.884504	0.907782	0.912484	0.895809	0.864359	0.815609	0.734193	0.635399	0.554712	0.514976	0.509021	0.529172	0.579256	0.652635	0.733513	0.798646	0.816113	0.775863	0.675229	0.522044	0.341286	0.168012	
0.592956	0.694869	0.770616	0.813664	0.82869	0.830871	0.822554	0.791127	0.728857	0.635399	0.532809	0.455017	0.416509	0.415677	0.443893	0.50333	0.578236	0.650165	0.702708	0.717091	0.669439	0.565615	0.420767	0.259857	0.111245	
0.514486	0.614152	0.698537	0.751572	0.768615	0.770135	0.762084	0.724492	0.651004	0.554712	0.455017	0.366866	0.319137	0.320203	0.360097	0.42771	0.500348	0.569142	0.623155	0.63068	0.575096	0.462379	0.319534	0.169973	0.0425151	
0.477511	0.570229	0.649321	0.709955	0.73905	0.742784	0.725204	0.67684	0.603876	0.514976	0.416509	0.319137	0.253138	0.245453	0.287094	0.355893	0.432028	0.506909	0.563469	0.566336	0.502508	0.389593	0.245609	0.0993368	-0.017355	
0.47295	0.560202	0.635646	0.696059	0.734805	0.741336	0.714677	0.66208	0.592405	0.509021	0.415677	0.320203	0.245453	0.216257	0.241893	0.305712	0.385212	0.462339	0.514294	0.512074	0.451148	0.342836	0.204374	0.065563	-0.0450945	
0.494987	0.578881	0.656748	0.719317	0.76288	0.77123	0.739884	0.683134	0.611303	0.529172	0.443893	0.360097	0.287094	0.241893	0.249419	0.302098	0.372236	0.43411	0.475095	0.471855	0.414637	0.308801	0.180808	0.0605843	-0.0432043	
0.549031	0.624757	0.704369	0.774515	0.824092	0.83297	0.798668	0.733703	0.656328	0.579256	0.50333	0.42771	0.355893	0.305712	0.302098	0.333429	0.379272	0.416801	0.445479	0.442477	0.386805	0.292279	0.18548	0.0828388	-0.0150207	
0.624031	0.696741	0.782016	0.862314	0.916561	0.925509	0.888463	0.816537	0.72915	0.652635	0.578236	0.500348	0.432028	0.385212	0.372236	0.379272	0.399399	0.423158	0.439755	0.427773	0.378522	0.306853	0.223839	0.136017	0.0429669	
0.701242	0.783035	0.874081	0.952563	1.00083	1.00755	0.976313	0.90833	0.819193	0.733513	0.650165	0.569142	0.506909	0.462339	0.43411	0.416801	0.423158	0.439847	0.450474	0.435387	0.400497	0.350079	0.279923	0.201802	0.114115	
0.759951	0.854647	0.944292	1.01159	1.0477	1.05273	1.03013	0.974758	0.891435	0.798646	0.702708	0.623155	0.563469	0.514294	0.475095	0.445479	0.439755	0.450474	0.460967	0.461848	0.444337	0.405437	0.340771	0.262543	0.167493	
0.776457	0.874218	0.958901	1.01295	1.04423	1.04964	1.02878	0.983716	0.910526	0.816113	0.717091	0.63068	0.566336	0.512074	0.471855	0.442477	0.427773	0.435387	0.461848	0.481741	0.480476	0.451583	0.390688	0.301884	0.188139	
0.733636	0.834255	0.91027	0.9622	0.991657	0.996694	0.976956	0.933192	0.867915	0.775863	0.669439	0.575096	0.502508	0.451148	0.414637	0.386805	0.378522	0.400497	0.444337	0.480476	0.493501	0.477746	0.419087	0.315759	0.184069	
0.632298	0.733162	0.807619	0.856072	0.882878	0.886933	0.869319	0.829699	0.766899	0.675229	0.565615	0.462379	0.389593	0.342836	0.308801	0.292279	0.306853	0.350079	0.405437	0.451583	0.477746	0.468486	0.409001	0.299813	0.162421	
0.483057	0.575565	0.643579	0.690305	0.713529	0.71695	0.702516	0.664662	0.606138	0.522044	0.420767	0.319534	0.245609	0.204374	0.180808	0.18548	0.223839	0.279923	0.340771	0.390688	0.419087	0.409001	0.353201	0.251287	0.112844	
0.310523	0.382841	0.437386	0.479987	0.506269	0.510665	0.493323	0.455934	0.406807	0.341286	0.259857	0.169973	0.0993368	0.065563	0.0605843	0.0828388	0.136017	0.201802	0.262543	0.301884	0.315759	0.299813	0.251287	0.154628	0.0206383	
0.147337	0.195782	0.232161	0.263018	0.290744	0.297288	0.274824	0.244464	0.211895	0.168012	0.111245	0.0425151	-0.017355	-0.0450945	-0.0432043	-0.0150207	0.0429669	0.114115	0.167493	0.188139	0.184069	0.162421	0.112844	0.0206383	-0.102111	
