0.733152	0.853406	0.959004	1.03259	1.06429	1.0687	1.04986	0.993483	0.897978	0.781973	0.658583	0.521459	0.374791	0.228715	0.0979376	-0.0117005	-0.0955922	-0.164581	-0.216751	-0.236778	-0.228163	-0.209357	-0.188873	-0.163292	-0.141854	
0.582202	0.667294	0.731088	0.772759	0.793858	0.797641	0.78325	0.750592	0.695372	0.617652	0.526555	0.421131	0.301845	0.175732	0.0634822	-0.0293648	-0.0975522	-0.156552	-0.198277	-0.207823	-0.187131	-0.171354	-0.160192	-0.145197	-0.1298	
0.420245	0.463985	0.483905	0.49259	0.505898	0.508521	0.498022	0.487081	0.474989	0.439626	0.386729	0.321655	0.243979	0.154779	0.0746763	0.00685731	-0.0454845	-0.0936223	-0.128046	-0.137896	-0.122588	-0.120054	-0.124533	-0.124617	-0.116094	
0.243482	0.246095	0.228156	0.212433	0.218314	0.220954	0.212946	0.219465	0.240973	0.246675	0.234964	0.219327	0.194722	0.15929	0.121949	0.0862461	0.0471946	0.00971894	-0.0232564	-0.0401403	-0.0465745	-0.0600292	-0.0840391	-0.0996388	-0.100573	
0.0619727	0.026463	-0.0179168	-0.0489406	-0.0510895	-0.0496319	-0.0522923	-0.0340228	0.00953314	0.0486785	0.0819613	0.118529	0.15429	0.176836	0.188623	0.182944	0.159701	0.128061	0.0968863	0.0655097	0.0322541	-0.0014562	-0.0402806	-0.0756374	-0.0945397	
-0.104696	-0.17337	-0.235761	-0.277252	-0.291559	-0.292081	-0.28595	-0.255817	-0.199436	-0.132927	-0.0569412	0.0304623	0.119959	0.195428	0.249906	0.273719	0.268499	0.246129	0.216069	0.172294	0.11226	0.0546288	0.00239697	-0.050291	-0.0933125	
-0.239515	-0.336194	-0.413202	-0.468382	-0.497946	-0.501807	-0.483674	-0.437996	-0.369497	-0.280508	-0.169878	-0.0416205	0.0862982	0.199597	0.286158	0.339143	0.360097	0.354175	0.327481	0.27506	0.198796	0.118077	0.0499545	-0.0171234	-0.0746295	
-0.335303	-0.450766	-0.544261	-0.61718	-0.66109	-0.668328	-0.638835	-0.576124	-0.490475	-0.384786	-0.252431	-0.101679	0.0468976	0.179049	0.286694	0.367587	0.419914	0.438034	0.415565	0.359696	0.277175	0.188386	0.105685	0.0288879	-0.0358419	
-0.409074	-0.533023	-0.642316	-0.73028	-0.781574	-0.789154	-0.756315	-0.680405	-0.578712	-0.460819	-0.324458	-0.168478	-0.0167736	0.120912	0.239138	0.343167	0.423347	0.465661	0.454111	0.403215	0.33038	0.251803	0.170976	0.0929173	0.027006	
-0.463796	-0.586166	-0.702476	-0.793835	-0.839585	-0.845704	-0.817877	-0.743665	-0.633827	-0.51391	-0.384129	-0.239303	-0.0937748	0.0382362	0.160309	0.274676	0.371195	0.430342	0.439256	0.40942	0.363025	0.312575	0.24706	0.173193	0.106074	
-0.495665	-0.607665	-0.715403	-0.792364	-0.823246	-0.825382	-0.810122	-0.751459	-0.652802	-0.540038	-0.425817	-0.298225	-0.169762	-0.0472987	0.068007	0.182167	0.278244	0.349463	0.387624	0.396649	0.387491	0.372842	0.333267	0.26183	0.185199	
-0.516965	-0.609256	-0.691334	-0.741411	-0.755512	-0.755198	-0.750624	-0.716337	-0.64477	-0.553947	-0.4588	-0.356084	-0.249877	-0.144621	-0.039052	0.0655683	0.157543	0.237265	0.311837	0.370381	0.402438	0.418733	0.407831	0.350707	0.264404	
-0.531997	-0.593839	-0.639051	-0.660958	-0.665589	-0.665085	-0.664567	-0.650442	-0.614628	-0.55765	-0.49148	-0.41829	-0.340849	-0.253316	-0.160589	-0.062596	0.0282572	0.12116	0.223466	0.326624	0.399134	0.440539	0.450363	0.416785	0.342346	
-0.536333	-0.556289	-0.563003	-0.563743	-0.567234	-0.567749	-0.56567	-0.562778	-0.560134	-0.545619	-0.519494	-0.482825	-0.433664	-0.3645	-0.282119	-0.19183	-0.095231	0.0110272	0.128692	0.248723	0.351737	0.421989	0.449688	0.435641	0.387094	
-0.52581	-0.502008	-0.476017	-0.463552	-0.464891	-0.466146	-0.463352	-0.468808	-0.490595	-0.517259	-0.535513	-0.53524	-0.510623	-0.457233	-0.387142	-0.304504	-0.207809	-0.0900124	0.0331379	0.150416	0.258967	0.355837	0.41145	0.41746	0.395165	
-0.503097	-0.447153	-0.401057	-0.374748	-0.366008	-0.364069	-0.369958	-0.387818	-0.427236	-0.480469	-0.532594	-0.558939	-0.553025	-0.517802	-0.464302	-0.392701	-0.30034	-0.184132	-0.0584342	0.0530798	0.153778	0.255844	0.338895	0.379643	0.391398	
-0.46759	-0.403849	-0.348453	-0.30623	-0.278452	-0.273189	-0.292479	-0.3304	-0.380635	-0.441809	-0.503875	-0.544817	-0.555459	-0.544333	-0.515584	-0.458634	-0.375379	-0.270827	-0.157106	-0.0495516	0.043852	0.138712	0.232313	0.311674	0.373478	
-0.425779	-0.373842	-0.319447	-0.263679	-0.223728	-0.215647	-0.244922	-0.296394	-0.352998	-0.404578	-0.457078	-0.501951	-0.532415	-0.546884	-0.543825	-0.507357	-0.439343	-0.354474	-0.262352	-0.169547	-0.0774941	0.0168744	0.118157	0.225243	0.330888	
-0.375517	-0.341959	-0.294529	-0.242083	-0.207404	-0.202028	-0.225137	-0.272895	-0.324329	-0.362742	-0.397572	-0.443019	-0.490931	-0.526638	-0.541457	-0.528828	-0.490375	-0.43288	-0.365	-0.28903	-0.202468	-0.0992333	0.0154423	0.139819	0.264981	
-0.320709	-0.297564	-0.264822	-0.234648	-0.223308	-0.22243	-0.228138	-0.250668	-0.285243	-0.311585	-0.337852	-0.380444	-0.435873	-0.481963	-0.510375	-0.522629	-0.521319	-0.49913	-0.452051	-0.38875	-0.307209	-0.202145	-0.0774267	0.053119	0.178053	
-0.268622	-0.250264	-0.238472	-0.239837	-0.25211	-0.255909	-0.243985	-0.237031	-0.24438	-0.260374	-0.28635	-0.327505	-0.375733	-0.422669	-0.465358	-0.5037	-0.533259	-0.540156	-0.515103	-0.464321	-0.392421	-0.2929	-0.172415	-0.0453862	0.0719646	
-0.227277	-0.217695	-0.228315	-0.251431	-0.274278	-0.279316	-0.261362	-0.236664	-0.220108	-0.220391	-0.245111	-0.284269	-0.322606	-0.362959	-0.416009	-0.474325	-0.52194	-0.546616	-0.54299	-0.516027	-0.461148	-0.375012	-0.263705	-0.147179	-0.0397052	
-0.207531	-0.212967	-0.235492	-0.261206	-0.28133	-0.285804	-0.270528	-0.246309	-0.220926	-0.20644	-0.218333	-0.251642	-0.284888	-0.319969	-0.37033	-0.432503	-0.489302	-0.529564	-0.550294	-0.54945	-0.516871	-0.445465	-0.348861	-0.24606	-0.153071	
-0.210324	-0.226746	-0.243013	-0.256787	-0.270159	-0.274053	-0.262527	-0.248807	-0.233733	-0.21562	-0.209405	-0.2256	-0.253014	-0.28505	-0.326243	-0.378953	-0.438344	-0.496649	-0.540845	-0.561914	-0.545823	-0.493913	-0.419689	-0.342933	-0.272214	
-0.228755	-0.243877	-0.243078	-0.239932	-0.246743	-0.249655	-0.241704	-0.240816	-0.24521	-0.236596	-0.218713	-0.211843	-0.221917	-0.247259	-0.283961	-0.330826	-0.38853	-0.452542	-0.508159	-0.541905	-0.545132	-0.51988	-0.48019	-0.435679	-0.392877	
-0.249515	-0.258879	-0.244687	-0.227524	-0.223371	-0.224502	-0.223702	-0.236696	-0.255233	-0.256388	-0.237396	-0.216467	-0.205618	-0.216236	-0.250057	-0.299585	-0.353544	-0.406375	-0.451305	-0.490279	-0.518108	-0.53388	-0.534803	-0.523932	-0.504734	
-0.258879	-0.266288	-0.252158	-0.226699	-0.210914	-0.208948	-0.218433	-0.242046	-0.263269	-0.263891	-0.249953	-0.233889	-0.217349	-0.212695	-0.23421	-0.278203	-0.325541	-0.362297	-0.391022	-0.427847	-0.479291	-0.535588	-0.581637	-0.605326	-0.610075	
-0.244687	-0.252158	-0.244028	-0.222548	-0.20542	-0.203569	-0.214116	-0.236577	-0.250961	-0.248044	-0.242056	-0.244075	-0.239703	-0.230328	-0.231536	-0.252908	-0.282665	-0.310212	-0.335085	-0.377128	-0.443328	-0.528452	-0.611077	-0.674049	-0.709067	
-0.227524	-0.226699	-0.222548	-0.21626	-0.216796	-0.21822	-0.215768	-0.219673	-0.225652	-0.226539	-0.233237	-0.251029	-0.261794	-0.256513	-0.243874	-0.235423	-0.237333	-0.252986	-0.286441	-0.344375	-0.425958	-0.522924	-0.623646	-0.712084	-0.776452	
-0.223371	-0.210914	-0.20542	-0.216796	-0.238907	-0.245503	-0.224937	-0.207598	-0.207088	-0.217985	-0.236291	-0.261892	-0.278395	-0.279103	-0.262181	-0.235049	-0.210577	-0.212566	-0.251511	-0.328472	-0.424347	-0.526634	-0.626912	-0.721533	-0.800184	
-0.224502	-0.208948	-0.203569	-0.21822	-0.245503	-0.252653	-0.228754	-0.20645	-0.205193	-0.217791	-0.238956	-0.265203	-0.282907	-0.284046	-0.267395	-0.236322	-0.207231	-0.204836	-0.245047	-0.325109	-0.425169	-0.527557	-0.626937	-0.720452	-0.801211	
-0.223702	-0.218433	-0.214116	-0.215768	-0.224937	-0.228754	-0.218657	-0.213973	-0.216387	-0.221037	-0.232454	-0.25516	-0.269356	-0.267052	-0.251063	-0.233852	-0.223556	-0.233835	-0.269527	-0.336498	-0.42448	-0.52472	-0.625951	-0.718551	-0.79048	
-0.236696	-0.242046	-0.236577	-0.219673	-0.207598	-0.20645	-0.213973	-0.230664	-0.241662	-0.238426	-0.237297	-0.246452	-0.249352	-0.240429	-0.234961	-0.24356	-0.263449	-0.286532	-0.314885	-0.361799	-0.43396	-0.524686	-0.617468	-0.693294	-0.741466	
-0.255233	-0.263269	-0.250961	-0.225652	-0.207088	-0.205193	-0.216387	-0.241662	-0.260514	-0.259991	-0.248522	-0.239242	-0.225456	-0.217946	-0.231111	-0.268305	-0.30959	-0.342955	-0.368259	-0.406174	-0.463248	-0.532937	-0.595604	-0.635902	-0.652122	
-0.256388	-0.263891	-0.248044	-0.226539	-0.217985	-0.217791	-0.221037	-0.238426	-0.259991	-0.262409	-0.245383	-0.223345	-0.207758	-0.21122	-0.242077	-0.290845	-0.343327	-0.388956	-0.427203	-0.464956	-0.503076	-0.5357	-0.554868	-0.556975	-0.546643	
-0.237396	-0.249953	-0.242056	-0.233237	-0.236291	-0.238956	-0.232454	-0.237297	-0.248522	-0.245383	-0.225378	-0.211238	-0.211776	-0.232551	-0.268127	-0.31654	-0.372689	-0.434122	-0.486912	-0.524184	-0.537201	-0.527708	-0.503411	-0.471874	-0.439142	
-0.216467	-0.233889	-0.244075	-0.251029	-0.261892	-0.265203	-0.25516	-0.246452	-0.239242	-0.223345	-0.211238	-0.217976	-0.240416	-0.270163	-0.309088	-0.358097	-0.417574	-0.479503	-0.530503	-0.557727	-0.549105	-0.506355	-0.444597	-0.380435	-0.320673	
-0.205618	-0.217349	-0.239703	-0.261794	-0.278395	-0.282907	-0.269356	-0.249352	-0.225456	-0.207758	-0.211776	-0.240416	-0.271892	-0.306223	-0.352495	-0.412185	-0.47006	-0.517937	-0.548611	-0.557933	-0.532242	-0.467641	-0.379105	-0.285445	-0.200294	
-0.216236	-0.212695	-0.230328	-0.256513	-0.279103	-0.284046	-0.267052	-0.240429	-0.217946	-0.21122	-0.232551	-0.270163	-0.306223	-0.343778	-0.397666	-0.459361	-0.511495	-0.54192	-0.548105	-0.531815	-0.485443	-0.404935	-0.298902	-0.187231	-0.0844501	
-0.250057	-0.23421	-0.231536	-0.243874	-0.262181	-0.267395	-0.251063	-0.234961	-0.231111	-0.242077	-0.268127	-0.309088	-0.352495	-0.397666	-0.445142	-0.493261	-0.531398	-0.54684	-0.530156	-0.487523	-0.421524	-0.326832	-0.21003	-0.0863201	0.0272094	
-0.299585	-0.278203	-0.252908	-0.235423	-0.235049	-0.236322	-0.233852	-0.24356	-0.268305	-0.290845	-0.31654	-0.358097	-0.412185	-0.459361	-0.493261	-0.516077	-0.528836	-0.519657	-0.480779	-0.421805	-0.343179	-0.239619	-0.114796	0.0153569	0.137808	
-0.353544	-0.325541	-0.282665	-0.237333	-0.210577	-0.207231	-0.223556	-0.263449	-0.30959	-0.343327	-0.372689	-0.417574	-0.47006	-0.511495	-0.531398	-0.528836	-0.505108	-0.461376	-0.402288	-0.332153	-0.247678	-0.141863	-0.0220851	0.105971	0.23252	
-0.406375	-0.362297	-0.310212	-0.252986	-0.212566	-0.204836	-0.233835	-0.286532	-0.342955	-0.388956	-0.434122	-0.479503	-0.517937	-0.54192	-0.54684	-0.519657	-0.461376	-0.386681	-0.304615	-0.219405	-0.128264	-0.0304154	0.0756716	0.19037	0.306828	
-0.451305	-0.391022	-0.335085	-0.286441	-0.251511	-0.245047	-0.269527	-0.314885	-0.368259	-0.427203	-0.486912	-0.530503	-0.548611	-0.548105	-0.530156	-0.480779	-0.402288	-0.304615	-0.199005	-0.0959233	-0.00323895	0.0899977	0.185746	0.277699	0.359605	
-0.490279	-0.427847	-0.377128	-0.344375	-0.328472	-0.325109	-0.336498	-0.361799	-0.406174	-0.464956	-0.524184	-0.557727	-0.557933	-0.531815	-0.487523	-0.421805	-0.332153	-0.219405	-0.0959233	0.0140461	0.111025	0.2102	0.299235	0.356342	0.387115	
-0.518108	-0.479291	-0.443328	-0.425958	-0.424347	-0.425169	-0.42448	-0.43396	-0.463248	-0.503076	-0.537201	-0.549105	-0.532242	-0.485443	-0.421524	-0.343179	-0.247678	-0.128264	-0.00323895	0.111025	0.216974	0.318685	0.386699	0.404661	0.394607	
-0.53388	-0.535588	-0.528452	-0.522924	-0.526634	-0.527557	-0.52472	-0.524686	-0.532937	-0.5357	-0.527708	-0.506355	-0.467641	-0.404935	-0.326832	-0.239619	-0.141863	-0.0304154	0.0899977	0.2102	0.318685	0.401255	0.438451	0.431451	0.393069	
-0.534803	-0.581637	-0.611077	-0.623646	-0.626912	-0.626937	-0.625951	-0.617468	-0.595604	-0.554868	-0.503411	-0.444597	-0.379105	-0.298902	-0.21003	-0.114796	-0.0220851	0.0756716	0.185746	0.299235	0.386699	0.438451	0.455185	0.429717	0.365627	
-0.523932	-0.605326	-0.674049	-0.712084	-0.721533	-0.720452	-0.718551	-0.693294	-0.635902	-0.556975	-0.471874	-0.380435	-0.285445	-0.187231	-0.0863201	0.0153569	0.105971	0.19037	0.277699	0.356342	0.404661	0.431451	0.429717	0.382145	0.297668	
-0.504734	-0.610075	-0.709067	-0.776452	-0.800184	-0.801211	-0.79048	-0.741466	-0.652122	-0.546643	-0.439142	-0.320673	-0.200294	-0.0844501	0.0272094	0.137808	0.23252	0.306828	0.359605	0.387115	0.394607	0.393069	0.365627	0.297668	0.216328	
