0.270789	0.34823	0.404722	0.444243	0.464468	0.467599	0.454559	0.42231	0.373176	0.304265	0.215421	0.1092	-0.0045115	-0.119366	-0.227088	-0.313971	-0.362067	-0.365264	-0.32627	-0.260159	-0.195707	-0.152323	-0.142843	-0.158884	-0.184015	
0.321011	0.41781	0.484761	0.538234	0.573808	0.579365	0.555438	0.507471	0.448062	0.363282	0.247537	0.109822	-0.0410491	-0.191951	-0.32509	-0.422135	-0.478823	-0.488118	-0.445887	-0.358931	-0.268259	-0.199114	-0.156682	-0.141239	-0.132609	
0.341775	0.461739	0.552169	0.618758	0.653025	0.65909	0.636085	0.581713	0.501373	0.393985	0.250974	0.0773212	-0.109172	-0.283483	-0.424149	-0.524996	-0.576259	-0.573275	-0.514062	-0.403428	-0.285428	-0.185564	-0.109432	-0.060646	-0.0230675	
0.320339	0.475256	0.587745	0.663103	0.703022	0.710045	0.683246	0.621421	0.525472	0.387084	0.209184	0.0111701	-0.191311	-0.3748	-0.516321	-0.605097	-0.636541	-0.613156	-0.528868	-0.387337	-0.232245	-0.0984663	0.00787194	0.0860501	0.142184	
0.267743	0.446094	0.585583	0.677146	0.720131	0.72656	0.699077	0.62852	0.507705	0.342898	0.146235	-0.0633007	-0.27214	-0.454979	-0.584421	-0.654993	-0.662003	-0.601871	-0.476933	-0.302825	-0.117494	0.0439934	0.17601	0.277894	0.356545	
0.2076	0.400097	0.555102	0.658184	0.704412	0.710626	0.683297	0.603102	0.467158	0.288243	0.081	-0.131788	-0.330816	-0.499742	-0.612298	-0.658093	-0.631632	-0.531478	-0.363466	-0.160676	0.0449845	0.229087	0.376424	0.492981	0.589721	
0.153309	0.346771	0.508044	0.618248	0.671779	0.68081	0.645059	0.559502	0.416294	0.233468	0.0294795	-0.172147	-0.350613	-0.493256	-0.579852	-0.599802	-0.539239	-0.41249	-0.22002	0.005434	0.230004	0.432833	0.597456	0.722873	0.821774	
0.111862	0.291303	0.451992	0.568363	0.636342	0.648013	0.602568	0.503636	0.360033	0.183789	0.00587976	-0.165631	-0.314492	-0.420824	-0.480575	-0.480965	-0.402297	-0.254646	-0.0500585	0.187702	0.423531	0.637447	0.811359	0.938519	1.03014	
0.114425	0.270241	0.41668	0.533513	0.608833	0.623133	0.56977	0.467023	0.331117	0.176342	0.0239466	-0.116473	-0.230687	-0.303121	-0.33559	-0.319908	-0.228058	-0.0672779	0.139978	0.37439	0.614712	0.834623	1.00424	1.12305	1.20384	
0.163356	0.29571	0.416337	0.52124	0.589811	0.60251	0.554193	0.460943	0.345446	0.216899	0.084121	-0.0301524	-0.110202	-0.15523	-0.162399	-0.127335	-0.0311139	0.127639	0.3311	0.557533	0.787624	1.00278	1.16428	1.26801	1.327	
0.24417	0.349679	0.446716	0.53598	0.594604	0.603233	0.565076	0.483891	0.389139	0.287269	0.179022	0.0889537	0.0319021	0.00898727	0.0170056	0.0663505	0.159989	0.305612	0.491413	0.705905	0.924646	1.12383	1.27757	1.3627	1.39248	
0.340097	0.423515	0.50055	0.565672	0.60616	0.613859	0.585494	0.528309	0.454929	0.374663	0.288091	0.216338	0.179063	0.176324	0.194251	0.237945	0.325494	0.453831	0.615355	0.814046	1.02212	1.20274	1.33126	1.39444	1.39703	
0.436923	0.499885	0.554357	0.5914	0.614854	0.620509	0.601996	0.570964	0.523655	0.462417	0.399644	0.348303	0.317778	0.31462	0.335897	0.382891	0.465157	0.578432	0.720058	0.89383	1.08229	1.23762	1.3314	1.36592	1.34555	
0.520016	0.562118	0.596706	0.614248	0.623326	0.625127	0.618522	0.605326	0.577504	0.537247	0.494885	0.459682	0.434736	0.426846	0.447256	0.497128	0.576381	0.683561	0.812272	0.95297	1.10715	1.22654	1.27791	1.27559	1.22561	
0.569584	0.597746	0.623908	0.640419	0.641315	0.640093	0.642552	0.63208	0.608141	0.581098	0.553558	0.527578	0.516595	0.515257	0.535062	0.591411	0.672089	0.767741	0.868513	0.973201	1.08068	1.15168	1.16096	1.12474	1.0493	
0.564246	0.591395	0.623902	0.650806	0.660321	0.661944	0.655926	0.637578	0.603508	0.573942	0.553794	0.543512	0.549363	0.563689	0.595691	0.656062	0.739402	0.822285	0.892554	0.949959	1.00312	1.0223	0.991107	0.930263	0.840397	
0.493584	0.524007	0.564891	0.602417	0.624412	0.628386	0.613311	0.581704	0.539608	0.503102	0.486444	0.487491	0.512266	0.558038	0.617648	0.691028	0.773772	0.848468	0.893992	0.912064	0.914624	0.88929	0.820306	0.731393	0.624656	
0.354611	0.387986	0.435919	0.479627	0.507618	0.513517	0.49343	0.454451	0.406836	0.365362	0.346023	0.354641	0.3998	0.481844	0.57717	0.673531	0.765909	0.84102	0.871689	0.862905	0.830242	0.767126	0.674038	0.562724	0.434524	
0.148053	0.189818	0.243152	0.29645	0.336065	0.345666	0.31426	0.264999	0.210478	0.162785	0.134663	0.149212	0.216488	0.330743	0.464119	0.590182	0.701105	0.780784	0.809447	0.789697	0.738523	0.655819	0.552976	0.429446	0.280132	
-0.111568	-0.063786	0.000709812	0.07205	0.117327	0.127068	0.0930223	0.0310981	-0.0407543	-0.0944839	-0.127676	-0.112174	-0.0245671	0.12208	0.299681	0.463816	0.596943	0.687414	0.727033	0.706566	0.65074	0.56642	0.460438	0.328654	0.168764	
-0.384701	-0.327973	-0.254809	-0.173936	-0.123333	-0.114953	-0.14909	-0.220801	-0.301256	-0.364067	-0.405192	-0.388077	-0.284157	-0.114655	0.0929415	0.295541	0.462608	0.582182	0.642765	0.632373	0.582363	0.502867	0.398504	0.269984	0.104223	
-0.618156	-0.557963	-0.478588	-0.3961	-0.340858	-0.330425	-0.369499	-0.444764	-0.527523	-0.597803	-0.635482	-0.616133	-0.518437	-0.35211	-0.130006	0.10491	0.312725	0.473662	0.565323	0.583433	0.545895	0.469197	0.36741	0.242209	0.0782496	
-0.772359	-0.702535	-0.616706	-0.544385	-0.49362	-0.484566	-0.520159	-0.585996	-0.667808	-0.748744	-0.792746	-0.78013	-0.698496	-0.540858	-0.321227	-0.0717803	0.170482	0.368887	0.49881	0.551745	0.536943	0.467838	0.36282	0.232264	0.081651	
-0.837085	-0.760449	-0.666558	-0.589625	-0.544056	-0.536511	-0.567393	-0.632268	-0.722947	-0.811141	-0.863116	-0.867668	-0.805573	-0.662373	-0.454912	-0.195186	0.0733181	0.296143	0.452309	0.534578	0.538282	0.482715	0.382461	0.252785	0.115679	
-0.832159	-0.736266	-0.628327	-0.54465	-0.49768	-0.487723	-0.522088	-0.590085	-0.692336	-0.797939	-0.86924	-0.882835	-0.834352	-0.70933	-0.506985	-0.243194	0.0337913	0.269531	0.438425	0.53116	0.551919	0.510369	0.421191	0.304979	0.185773	
-0.759532	-0.642438	-0.522076	-0.43042	-0.380077	-0.370326	-0.405607	-0.48051	-0.592698	-0.715497	-0.810759	-0.843605	-0.807944	-0.691643	-0.485303	-0.221535	0.0490169	0.2796	0.445911	0.544003	0.574921	0.545324	0.472524	0.378935	0.282055	
-0.642438	-0.512769	-0.378928	-0.272553	-0.217568	-0.211035	-0.243228	-0.33109	-0.457976	-0.592982	-0.705513	-0.760369	-0.73572	-0.626795	-0.427367	-0.170585	0.0932558	0.316491	0.477346	0.572844	0.601358	0.579813	0.527524	0.454214	0.37766	
-0.522076	-0.378928	-0.233838	-0.11465	-0.0450086	-0.0375246	-0.0781829	-0.182664	-0.319072	-0.467319	-0.59281	-0.660289	-0.648009	-0.544326	-0.352951	-0.101468	0.15006	0.366404	0.521083	0.608519	0.629378	0.608636	0.572925	0.523265	0.466315	
-0.43042	-0.272553	-0.11465	0.013503	0.0961232	0.110349	0.0539765	-0.0598635	-0.206704	-0.370171	-0.506482	-0.581207	-0.574813	-0.466605	-0.26915	-0.0246189	0.209587	0.412973	0.561411	0.640457	0.648768	0.624711	0.600651	0.576546	0.54763	
-0.380077	-0.217568	-0.0450086	0.0961232	0.190455	0.208005	0.140673	0.0165827	-0.147012	-0.318837	-0.458037	-0.535448	-0.527177	-0.411886	-0.215597	0.021331	0.253067	0.445315	0.586243	0.655544	0.651605	0.628874	0.618108	0.609723	0.599857	
-0.370326	-0.211035	-0.0375246	0.110349	0.208005	0.226823	0.156269	0.0269605	-0.140963	-0.310522	-0.446946	-0.527403	-0.518377	-0.401789	-0.2063	0.0298367	0.263835	0.452809	0.590366	0.659018	0.650625	0.629027	0.621866	0.617202	0.607533	
-0.405607	-0.243228	-0.0781829	0.0539765	0.140673	0.156269	0.095574	-0.0209846	-0.174654	-0.343821	-0.483509	-0.559132	-0.551795	-0.44045	-0.242908	-0.00234835	0.229176	0.428008	0.573984	0.647739	0.651568	0.627684	0.608444	0.592589	0.573777	
-0.48051	-0.33109	-0.182664	-0.0598635	0.0165827	0.0269605	-0.0209846	-0.130376	-0.269325	-0.423532	-0.553317	-0.624844	-0.616432	-0.511993	-0.318249	-0.0685817	0.174709	0.386089	0.538744	0.623827	0.639115	0.616884	0.58563	0.546503	0.50042	
-0.592698	-0.457976	-0.319072	-0.206704	-0.147012	-0.140963	-0.174654	-0.269325	-0.400825	-0.541294	-0.659332	-0.720323	-0.700168	-0.594259	-0.399872	-0.146005	0.114726	0.336405	0.494362	0.586089	0.611963	0.591878	0.547878	0.483024	0.413439	
-0.715497	-0.592982	-0.467319	-0.370171	-0.318837	-0.310522	-0.343821	-0.423532	-0.541294	-0.668768	-0.772419	-0.815105	-0.783777	-0.669862	-0.464593	-0.203012	0.0651998	0.291858	0.455697	0.553606	0.585737	0.55949	0.494783	0.410209	0.321224	
-0.810759	-0.705513	-0.59281	-0.506482	-0.458037	-0.446946	-0.483509	-0.553317	-0.659332	-0.772419	-0.853561	-0.8731	-0.82937	-0.709347	-0.504876	-0.240501	0.0342789	0.269202	0.439244	0.535306	0.560828	0.524391	0.440296	0.332848	0.222665	
-0.843605	-0.760369	-0.660289	-0.581207	-0.535448	-0.527403	-0.559132	-0.624844	-0.720323	-0.815105	-0.8731	-0.881088	-0.825399	-0.689744	-0.486881	-0.224824	0.0500584	0.280463	0.443019	0.530293	0.541495	0.492735	0.396372	0.269968	0.139542	
-0.807944	-0.73572	-0.648009	-0.574813	-0.527177	-0.518377	-0.551795	-0.616432	-0.700168	-0.783777	-0.82937	-0.825399	-0.751	-0.598029	-0.382496	-0.128858	0.125807	0.334245	0.475805	0.544187	0.536691	0.472538	0.367608	0.236635	0.0904522	
-0.691643	-0.626795	-0.544326	-0.466605	-0.411886	-0.401789	-0.44045	-0.511993	-0.594259	-0.669862	-0.709347	-0.689744	-0.598029	-0.435237	-0.212396	0.0297639	0.25226	0.429819	0.537549	0.568361	0.540796	0.465288	0.362293	0.235302	0.0770853	
-0.485303	-0.427367	-0.352951	-0.26915	-0.215597	-0.2063	-0.242908	-0.318249	-0.399872	-0.464593	-0.504876	-0.486881	-0.382496	-0.212396	0.00323992	0.22094	0.404188	0.539448	0.610793	0.609916	0.56316	0.485494	0.383162	0.256679	0.089121	
-0.221535	-0.170585	-0.101468	-0.0246189	0.021331	0.0298367	-0.00234835	-0.0685817	-0.146005	-0.203012	-0.240501	-0.224824	-0.128858	0.0297639	0.22094	0.400349	0.545312	0.64598	0.692491	0.674099	0.620783	0.537909	0.43177	0.300151	0.137811	
0.0490169	0.0932558	0.15006	0.209587	0.253067	0.263835	0.229176	0.174709	0.114726	0.0651998	0.0342789	0.0500584	0.125807	0.25226	0.404188	0.545312	0.664207	0.745796	0.77786	0.757047	0.702239	0.617365	0.511886	0.384411	0.229645	
0.2796	0.316491	0.366404	0.412973	0.445315	0.452809	0.428008	0.386089	0.336405	0.291858	0.269202	0.280463	0.334245	0.429819	0.539448	0.64598	0.745796	0.82337	0.851285	0.835602	0.793388	0.720274	0.623022	0.505877	0.368485	
0.445911	0.477346	0.521083	0.561411	0.586243	0.590366	0.573984	0.538744	0.494362	0.455697	0.439244	0.443019	0.475805	0.537549	0.610793	0.692491	0.77786	0.851285	0.888658	0.895094	0.8819	0.839617	0.759018	0.659234	0.544101	
0.544003	0.572844	0.608519	0.640457	0.655544	0.659018	0.647739	0.623827	0.586089	0.553606	0.535306	0.530293	0.544187	0.568361	0.609916	0.674099	0.757047	0.835602	0.895094	0.935703	0.96674	0.967383	0.920238	0.848742	0.753414	
0.574921	0.601358	0.629378	0.648768	0.651605	0.650625	0.651568	0.639115	0.611963	0.585737	0.560828	0.541495	0.536691	0.540796	0.56316	0.620783	0.702239	0.793388	0.8819	0.96674	1.05422	1.10382	1.09733	1.05022	0.96821	
0.545324	0.579813	0.608636	0.624711	0.628874	0.629027	0.627684	0.616884	0.591878	0.55949	0.524391	0.492735	0.472538	0.465288	0.485494	0.537909	0.617365	0.720274	0.839617	0.967383	1.10382	1.20488	1.23907	1.22215	1.16004	
0.472524	0.527524	0.572925	0.600651	0.618108	0.621866	0.608444	0.58563	0.547878	0.494783	0.440296	0.396372	0.367608	0.362293	0.383162	0.43177	0.511886	0.623022	0.759018	0.920238	1.09733	1.23907	1.31676	1.33745	1.30626	
0.378935	0.454214	0.523265	0.576546	0.609723	0.617202	0.592589	0.546503	0.483024	0.410209	0.332848	0.269968	0.236635	0.235302	0.256679	0.300151	0.384411	0.505877	0.659234	0.848742	1.05022	1.22215	1.33745	1.39006	1.38318	
0.282055	0.37766	0.466315	0.54763	0.599857	0.607533	0.573777	0.50042	0.413439	0.321224	0.222665	0.139542	0.0904522	0.0770853	0.089121	0.137811	0.229645	0.368485	0.544101	0.753414	0.96821	1.16004	1.30626	1.38318	1.40129	
