-0.0626557	-0.0630897	-0.0554757	-0.061442	-0.0619908	-0.0633435	-0.0668296	-0.0695761	-0.0679479	-0.062839	-0.0633293	-0.0489994	-0.00981626	0.0485247	0.136377	0.262344	0.431362	0.619845	0.765575	0.827999	0.804186	0.706505	0.561324	0.379038	0.137545	
-0.0630897	-0.0525828	-0.0561469	-0.0661635	-0.0653183	-0.0649459	-0.0683296	-0.0728936	-0.0680369	-0.0661442	-0.0716677	-0.0575333	-0.0244158	0.0219005	0.0955218	0.210664	0.376096	0.561881	0.71181	0.797453	0.809167	0.746282	0.626163	0.451987	0.205341	
-0.0554757	-0.0561469	-0.0683429	-0.0704041	-0.0624598	-0.0648009	-0.0727053	-0.0720279	-0.0677509	-0.0761569	-0.0791215	-0.0603774	-0.0371072	-0.00547461	0.0557735	0.163391	0.321305	0.495413	0.646304	0.757192	0.807032	0.781096	0.684954	0.515391	0.263922	
-0.061442	-0.0661635	-0.0704041	-0.0609522	-0.0597736	-0.0727927	-0.0760208	-0.0716241	-0.0741872	-0.0822514	-0.0780875	-0.0648789	-0.0544393	-0.0315793	0.0226932	0.12226	0.264184	0.419837	0.572213	0.709237	0.796566	0.807205	0.732732	0.565443	0.311475	
-0.0619908	-0.0653183	-0.0624598	-0.0597736	-0.0734594	-0.0800203	-0.0730635	-0.0711071	-0.0782071	-0.086031	-0.0807584	-0.0725978	-0.0696615	-0.0526348	-0.00411171	0.0840253	0.203028	0.338791	0.494193	0.65462	0.775551	0.819911	0.763944	0.598834	0.347079	
-0.0633435	-0.0649459	-0.0648009	-0.0727927	-0.0800203	-0.0727083	-0.0684621	-0.076525	-0.0886482	-0.089537	-0.0786133	-0.0800323	-0.0860856	-0.0695357	-0.024663	0.0466104	0.138749	0.257237	0.415919	0.593801	0.741623	0.813693	0.772793	0.613171	0.370847	
-0.0668296	-0.0683296	-0.0727053	-0.0760208	-0.0730635	-0.0684621	-0.0768782	-0.0893652	-0.0911731	-0.0819228	-0.0815865	-0.0965819	-0.0983122	-0.0773495	-0.04259	0.00664227	0.0742744	0.180465	0.340463	0.527196	0.691761	0.782386	0.754353	0.607472	0.383807	
-0.0695761	-0.0728936	-0.0720279	-0.0716241	-0.0711071	-0.076525	-0.0893652	-0.0904497	-0.0839845	-0.0838136	-0.0963661	-0.107355	-0.100078	-0.0839289	-0.0635717	-0.034537	0.0143434	0.112979	0.26998	0.454111	0.621988	0.720746	0.706007	0.58214	0.387533	
-0.0679479	-0.0680369	-0.0677509	-0.0741872	-0.0782071	-0.0886482	-0.0911731	-0.0839845	-0.0854449	-0.0939151	-0.106911	-0.110779	-0.101287	-0.0927711	-0.0864774	-0.0753894	-0.0367114	0.058581	0.204241	0.371834	0.528804	0.626534	0.62811	0.538561	0.383949	
-0.062839	-0.0661442	-0.0761569	-0.0822514	-0.086031	-0.089537	-0.0819228	-0.0838136	-0.0939151	-0.105449	-0.115837	-0.109373	-0.100668	-0.105839	-0.114738	-0.112002	-0.0721426	0.0169774	0.138646	0.277307	0.411324	0.501492	0.523982	0.479013	0.375328	
-0.0633293	-0.0716677	-0.0791215	-0.0780875	-0.0807584	-0.0786133	-0.0815865	-0.0963661	-0.106911	-0.115837	-0.112112	-0.101085	-0.11042	-0.130148	-0.141624	-0.134239	-0.0917991	-0.0196964	0.0678427	0.169544	0.271616	0.35153	0.399994	0.406837	0.364194	
-0.0489994	-0.0575333	-0.0603774	-0.0648789	-0.0725978	-0.0800323	-0.0965819	-0.107355	-0.110779	-0.109373	-0.101085	-0.110735	-0.135647	-0.151051	-0.156093	-0.142599	-0.104673	-0.0597809	-0.0112865	0.0486747	0.115001	0.187247	0.265131	0.326415	0.353234	
-0.00981626	-0.0244158	-0.0371072	-0.0544393	-0.0696615	-0.0860856	-0.0983122	-0.100078	-0.101287	-0.100668	-0.11042	-0.135647	-0.153094	-0.161126	-0.161611	-0.142792	-0.120035	-0.110366	-0.101451	-0.0831808	-0.0481829	0.0227136	0.129374	0.243487	0.345471	
0.0485247	0.0219005	-0.00547461	-0.0315793	-0.0526348	-0.0695357	-0.0773495	-0.0839289	-0.0927711	-0.105839	-0.130148	-0.151051	-0.161126	-0.16606	-0.156603	-0.14264	-0.151089	-0.176849	-0.202162	-0.219164	-0.203699	-0.128088	0.00276433	0.16606	0.344106	
0.136377	0.0955218	0.0557735	0.0226932	-0.00411171	-0.024663	-0.04259	-0.0635717	-0.0864774	-0.114738	-0.141624	-0.156093	-0.161611	-0.156603	-0.148013	-0.163106	-0.205461	-0.256238	-0.309142	-0.348612	-0.337089	-0.253816	-0.103922	0.104383	0.351553	
0.262344	0.210664	0.163391	0.12226	0.0840253	0.0466104	0.00664227	-0.034537	-0.0753894	-0.112002	-0.134239	-0.142599	-0.142792	-0.14264	-0.163106	-0.212042	-0.274363	-0.344331	-0.416195	-0.457656	-0.437004	-0.345974	-0.178658	0.0686279	0.368547	
0.431362	0.376096	0.321305	0.264184	0.203028	0.138749	0.0742744	0.0143434	-0.0367114	-0.0721426	-0.0917991	-0.104673	-0.120035	-0.151089	-0.205461	-0.274363	-0.352583	-0.438568	-0.508899	-0.532572	-0.498122	-0.396975	-0.209771	0.0651777	0.394868	
0.619845	0.561881	0.495413	0.419837	0.338791	0.257237	0.180465	0.112979	0.058581	0.0169774	-0.0196964	-0.0597809	-0.110366	-0.176849	-0.256238	-0.344331	-0.438568	-0.521706	-0.568237	-0.568428	-0.518193	-0.398081	-0.19074	0.0944878	0.431909	
0.765575	0.71181	0.646304	0.572213	0.494193	0.415919	0.340463	0.26998	0.204241	0.138646	0.0678427	-0.0112865	-0.101451	-0.202162	-0.309142	-0.416195	-0.508899	-0.568237	-0.587225	-0.565678	-0.490446	-0.343625	-0.124892	0.153706	0.484447	
0.827999	0.797453	0.757192	0.709237	0.65462	0.593801	0.527196	0.454111	0.371834	0.277307	0.169544	0.0486747	-0.0831808	-0.219164	-0.348612	-0.457656	-0.532572	-0.568428	-0.565678	-0.516132	-0.407106	-0.239064	-0.022277	0.241847	0.5576	
0.804186	0.809167	0.807032	0.796566	0.775551	0.741623	0.691761	0.621988	0.528804	0.411324	0.271616	0.115001	-0.0481829	-0.203699	-0.337089	-0.437004	-0.498122	-0.518193	-0.490446	-0.407106	-0.272027	-0.0981241	0.110128	0.359522	0.649781	
0.706505	0.746282	0.781096	0.807205	0.819911	0.813693	0.782386	0.720746	0.626534	0.501492	0.35153	0.187247	0.0227136	-0.128088	-0.253816	-0.345974	-0.396975	-0.398081	-0.343625	-0.239064	-0.0981241	0.071248	0.271202	0.501353	0.749594	
0.561324	0.626163	0.684954	0.732732	0.763944	0.772793	0.754353	0.706007	0.62811	0.523982	0.399994	0.265131	0.129374	0.00276433	-0.103922	-0.178658	-0.209771	-0.19074	-0.124892	-0.022277	0.110128	0.271202	0.456476	0.651874	0.842444	
0.379038	0.451987	0.515391	0.565443	0.598834	0.613171	0.607472	0.58214	0.538561	0.479013	0.406837	0.326415	0.243487	0.16606	0.104383	0.0686279	0.0651777	0.0944878	0.153706	0.241847	0.359522	0.501353	0.651874	0.793829	0.920888	
0.137545	0.205341	0.263922	0.311475	0.347079	0.370847	0.383807	0.387533	0.383949	0.375328	0.364194	0.353234	0.345471	0.344106	0.351553	0.368547	0.394868	0.431909	0.484447	0.5576	0.649781	0.749594	0.842444	0.920888	0.987271	
-0.167386	-0.109397	-0.0549042	-0.0048712	0.0402979	0.0809926	0.118538	0.155281	0.194513	0.239913	0.294554	0.359854	0.434736	0.515264	0.59544	0.669645	0.735662	0.795784	0.85401	0.910953	0.961771	1.00028	1.02495	1.03943	1.04645	
-0.496181	-0.453903	-0.407366	-0.356251	-0.299945	-0.237395	-0.167001	-0.0866596	0.00590362	0.112461	0.233508	0.367602	0.51099	0.657863	0.801434	0.935285	1.05389	1.1518	1.22287	1.26157	1.26685	1.2448	1.20577	1.15712	1.09808	
-0.800793	-0.779552	-0.746141	-0.697716	-0.631491	-0.545149	-0.437305	-0.307911	-0.158469	0.00815036	0.188268	0.378056	0.57391	0.772218	0.968323	1.15488	1.32068	1.45153	1.53424	1.56231	1.5392	1.47597	1.38442	1.27105	1.13715	
-1.04469	-1.03751	-1.01142	-0.962354	-0.886757	-0.782081	-0.647353	-0.48354	-0.293584	-0.082016	0.145726	0.383999	0.627293	0.869881	1.10472	1.32227	1.5103	1.65571	1.7477	1.78068	1.75458	1.673	1.54128	1.36666	1.16046	
-1.1935	-1.18828	-1.16036	-1.10659	-1.02437	-0.911768	-0.767587	-0.591527	-0.384475	-0.149003	0.110017	0.38498	0.665651	0.940024	1.19586	1.42242	1.61168	1.75811	1.857	1.90218	1.88548	1.79948	1.64298	1.42596	1.17044	
-1.2193	-1.21372	-1.18491	-1.13001	-1.04668	-0.933085	-0.787934	-0.610544	-0.401226	-0.161967	0.102661	0.384732	0.672896	0.953497	1.21288	1.44005	1.62822	1.774	1.8742	1.92242	1.90842	1.82224	1.66134	1.43643	1.17184	
-1.11707	-1.11189	-1.08597	-1.03543	-0.956857	-0.847817	-0.707292	-0.535997	-0.336465	-0.112841	0.129531	0.384447	0.644884	0.902734	1.14857	1.37184	1.56164	1.70799	1.80295	1.84096	1.81858	1.73446	1.59077	1.39582	1.1658	
-0.907645	-0.893464	-0.864142	-0.81611	-0.746028	-0.651316	-0.530744	-0.384899	-0.21633	-0.0292208	0.171489	0.38118	0.59614	0.812958	1.02674	1.22905	1.40713	1.54583	1.63217	1.66032	1.63347	1.56079	1.45178	1.31279	1.14846	
-0.623504	-0.589459	-0.547819	-0.497366	-0.436772	-0.36458	-0.279244	-0.179287	-0.0636109	0.0679808	0.21423	0.372243	0.537849	0.70618	0.871879	1.02865	1.16848	1.28144	1.35738	1.38998	1.38078	1.33948	1.27821	1.20397	1.11569	
-0.298717	-0.246168	-0.19412	-0.14312	-0.0933229	-0.0442532	0.00545396	0.0581542	0.117108	0.185973	0.267587	0.362388	0.467403	0.576658	0.683034	0.780734	0.867003	0.941782	1.0051	1.0545	1.0861	1.09883	1.09698	1.08648	1.0684	
0.0221438	0.0864539	0.143177	0.190992	0.229476	0.259104	0.281199	0.297683	0.31077	0.322993	0.337295	0.356564	0.382598	0.415215	0.452353	0.49144	0.531608	0.575645	0.629332	0.696562	0.7737	0.850092	0.91583	0.968563	1.01168	
0.290597	0.362587	0.424506	0.473262	0.506684	0.523728	0.524535	0.51037	0.483004	0.444123	0.395708	0.341076	0.285595	0.236359	0.200882	0.185342	0.193012	0.224373	0.279947	0.362243	0.471646	0.599513	0.729006	0.845992	0.94839	
0.493399	0.563459	0.626244	0.676944	0.71046	0.722164	0.708469	0.667852	0.601671	0.513649	0.408892	0.293636	0.175683	0.0648847	-0.0271717	-0.0884102	-0.108823	-0.0846626	-0.02027	0.0772295	0.20468	0.360236	0.534417	0.71018	0.875334	
0.652812	0.704269	0.750705	0.787944	0.810433	0.812083	0.786967	0.730103	0.639642	0.518635	0.374738	0.218731	0.0627377	-0.0811357	-0.201642	-0.288831	-0.333089	-0.325561	-0.264156	-0.157929	-0.0192752	0.147423	0.343097	0.561558	0.788036	
0.772548	0.792403	0.805891	0.81091	0.804285	0.781801	0.739349	0.672791	0.578318	0.455018	0.306789	0.142582	-0.0247509	-0.180911	-0.312416	-0.409308	-0.466662	-0.479844	-0.440804	-0.346434	-0.206557	-0.033762	0.171206	0.414046	0.689576	
0.828339	0.811309	0.785771	0.751987	0.710331	0.659778	0.598519	0.525242	0.437876	0.333813	0.212079	0.074642	-0.0722942	-0.218664	-0.351905	-0.45774	-0.525926	-0.555036	-0.543256	-0.480136	-0.358588	-0.186276	0.0272777	0.285443	0.592598	
0.801817	0.754537	0.696625	0.630322	0.559208	0.487059	0.415018	0.342856	0.269674	0.192355	0.107253	0.0116007	-0.0954523	-0.210669	-0.328314	-0.438765	-0.525088	-0.573677	-0.583705	-0.552456	-0.464069	-0.307037	-0.0875818	0.185461	0.511059	
0.686852	0.628679	0.559888	0.482302	0.39877	0.315278	0.238111	0.170187	0.112516	0.062441	0.013305	-0.0413891	-0.107646	-0.187444	-0.277068	-0.374029	-0.470809	-0.54567	-0.58024	-0.572064	-0.513647	-0.383096	-0.169384	0.114861	0.45072	
0.507066	0.451237	0.390948	0.326077	0.256333	0.182537	0.110339	0.0459755	-0.0058427	-0.0416736	-0.0657184	-0.0869058	-0.114954	-0.160841	-0.225329	-0.300868	-0.386773	-0.474988	-0.537243	-0.551174	-0.511355	-0.404175	-0.208272	0.0732978	0.408317	
0.324502	0.271593	0.221776	0.174195	0.128397	0.0815116	0.0314448	-0.0186269	-0.0653594	-0.101784	-0.121785	-0.129773	-0.132554	-0.142982	-0.178296	-0.235954	-0.303985	-0.381914	-0.456325	-0.49197	-0.465958	-0.37195	-0.197102	0.0632982	0.378139	
0.181704	0.135114	0.0932115	0.0569971	0.0259335	0.000241789	-0.0250499	-0.0528038	-0.0831109	-0.116188	-0.141688	-0.153911	-0.156341	-0.149616	-0.150396	-0.180367	-0.231728	-0.290246	-0.352665	-0.395519	-0.381198	-0.295041	-0.138562	0.0864223	0.357387	
0.0803078	0.0467268	0.0138861	-0.014194	-0.0372252	-0.0545123	-0.0655145	-0.0770754	-0.0901522	-0.10972	-0.135959	-0.154011	-0.163205	-0.16428	-0.151967	-0.147518	-0.170581	-0.207347	-0.244491	-0.272513	-0.260239	-0.181678	-0.0430255	0.138744	0.346023	
0.0111515	-0.00717726	-0.0266397	-0.0481958	-0.0663196	-0.0826604	-0.091424	-0.0943193	-0.097554	-0.101443	-0.118731	-0.143084	-0.156537	-0.164155	-0.161029	-0.141707	-0.12996	-0.135172	-0.14078	-0.137759	-0.112067	-0.0396759	0.0771406	0.211186	0.343972	
-0.0366859	-0.046005	-0.0508453	-0.0598752	-0.0712414	-0.084328	-0.100058	-0.106215	-0.107917	-0.104545	-0.102282	-0.120911	-0.144178	-0.155631	-0.15919	-0.143445	-0.109905	-0.0783793	-0.0460699	-0.00327428	0.0496785	0.120866	0.210574	0.293094	0.349483	
-0.0602933	-0.0693395	-0.0745064	-0.0735266	-0.076128	-0.076718	-0.0871555	-0.102159	-0.110403	-0.115233	-0.106552	-0.101989	-0.120212	-0.139972	-0.148657	-0.138703	-0.0972423	-0.034924	0.0373323	0.122496	0.210294	0.286868	0.347025	0.375395	0.359528	
