0.616098	0.394074	0.21983	0.106685	0.0451749	0.0167828	0.00550597	0.00160582	0.000419012	9.84045e-05	2.09141e-05	4.04272e-06	7.13995e-07	1.15692e-07	1.72641e-08	2.38076e-09	3.04363e-10	3.61773e-11	4.00876e-12	4.15131e-13	4.02676e-14	3.66643e-15	3.13982e-16	2.5336e-17	1.9297e-18	
0.394074	0.226138	0.113596	0.0499842	0.0193391	0.00661421	0.00201139	0.000547071	0.000133833	2.96042e-05	5.95022e-06	1.09158e-06	1.83533e-07	2.83892e-08	4.05394e-09	5.36136e-10	6.58601e-11	7.53523e-12	8.04983e-13	8.04827e-14	7.54711e-15	6.65112e-16	5.51897e-17	4.31948e-18	3.19395e-19	
0.21983	0.113596	0.0516933	0.0207554	0.00738118	0.00233622	0.000661514	0.000168438	3.87597e-05	8.0983e-06	1.54306e-06	2.69223e-07	4.31728e-08	6.38529e-09	8.73804e-10	1.10967e-10	1.31133e-11	1.44565e-12	1.49031e-13	1.43979e-14	1.30624e-15	1.11499e-16	8.97055e-18	6.81387e-19	4.89414e-20	
0.106685	0.0499842	0.0207554	0.00765571	0.00251749	0.000741214	0.000196286	4.6966e-05	1.01986e-05	2.01831e-06	3.65455e-07	6.07688e-08	9.31145e-09	1.31895e-09	1.7322e-10	2.11507e-11	2.4072e-12	2.55976e-13	2.54887e-14	2.38153e-15	2.09202e-16	1.73087e-17	1.3511e-18	9.96624e-20	6.95738e-21	
0.0451749	0.0193391	0.00738118	0.00251749	0.000769832	0.000211872	5.26927e-05	1.18902e-05	2.44404e-06	4.59352e-07	7.92243e-08	1.25808e-08	1.8453e-09	2.50733e-10	3.16474e-11	3.72016e-12	4.08248e-13	4.19178e-14	4.03547e-15	3.64974e-16	3.10673e-17	2.49326e-18	1.88955e-19	1.35437e-20	9.19465e-22	
0.0167828	0.00661421	0.00233622	0.000741214	0.000211872	5.47513e-05	1.28375e-05	2.74103e-06	5.34866e-07	9.57126e-08	1.57583e-08	2.39447e-09	3.36774e-10	4.39629e-11	5.34034e-12	6.05107e-13	6.40998e-14	6.36152e-15	5.92663e-16	5.19286e-17	4.28666e-18	3.33934e-19	2.4587e-20	1.71353e-21	1.13193e-22	
0.00550597	0.00201139	0.000661514	0.000196286	5.26927e-05	1.28375e-05	2.84776e-06	5.77114e-07	1.07194e-07	1.83065e-08	2.88319e-09	4.19975e-10	5.67333e-11	7.12571e-12	8.34145e-13	9.12145e-14	9.3373e-15	8.96573e-16	8.09052e-17	6.87331e-18	5.50656e-19	4.16683e-20	2.98256e-21	2.02229e-22	1.3006e-23	
0.00160582	0.000547071	0.000168438	4.6966e-05	1.18902e-05	2.74103e-06	5.77114e-07	1.11317e-07	1.97297e-08	3.22263e-09	4.86461e-10	6.80457e-11	8.84244e-12	1.07006e-12	1.20865e-13	1.27696e-14	1.2645e-15	1.17586e-16	1.02866e-17	8.48005e-19	6.59836e-20	4.85336e-21	3.3794e-22	2.23056e-23	1.39742e-24	
0.000419012	0.000133833	3.87597e-05	1.01986e-05	2.44404e-06	5.34866e-07	1.07194e-07	1.97297e-08	3.34435e-09	5.23517e-10	7.58786e-11	1.02088e-11	1.278e-12	1.49206e-13	1.62807e-14	1.6637e-15	1.59527e-16	1.43793e-17	1.2205e-18	9.77096e-20	7.38937e-21	5.28665e-22	3.58307e-23	2.30357e-24	1.40655e-25	
9.84045e-05	2.96042e-05	8.0983e-06	2.01831e-06	4.59352e-07	9.57126e-08	1.83065e-08	3.22263e-09	5.23517e-10	7.86834e-11	1.09684e-11	1.42151e-12	1.71667e-13	1.93595e-14	2.04297e-15	2.02133e-16	1.87853e-17	1.64273e-18	1.35392e-19	1.05338e-20	7.74792e-22	5.3951e-23	3.56131e-24	2.23133e-25	1.32856e-26	
2.09141e-05	5.95022e-06	1.54306e-06	3.65455e-07	7.92243e-08	1.57583e-08	2.88319e-09	4.86461e-10	7.58786e-11	1.09684e-11	1.47281e-12	1.84124e-13	2.1477e-14	2.34225e-15	2.39299e-16	2.2946e-17	2.06871e-18	1.75648e-19	1.4068e-20	1.06444e-21	7.61959e-23	5.16715e-24	3.32384e-25	2.03063e-26	1.17958e-27	
4.04272e-06	1.09158e-06	2.69223e-07	6.07688e-08	1.25808e-08	2.39447e-09	4.19975e-10	6.80457e-11	1.02088e-11	1.42151e-12	1.84124e-13	2.22327e-14	2.50781e-15	2.64774e-16	2.62152e-17	2.4384e-18	2.13437e-19	1.76097e-20	1.37155e-21	1.00992e-22	7.04007e-24	4.65213e-25	2.9178e-26	1.73901e-27	9.86013e-29	
7.13995e-07	1.83533e-07	4.31728e-08	9.31145e-09	1.8453e-09	3.36774e-10	5.67333e-11	8.84244e-12	1.278e-12	1.71667e-13	2.1477e-14	2.50781e-15	2.73849e-16	2.80189e-17	2.69093e-18	2.43003e-19	2.06679e-20	1.65817e-21	1.25678e-22	9.01145e-24	6.12098e-25	3.94359e-26	2.41286e-27	1.4036e-28	7.77151e-30	
1.15692e-07	2.83892e-08	6.38529e-09	1.31895e-09	2.50733e-10	4.39629e-11	7.12571e-12	1.07006e-12	1.49206e-13	1.93595e-14	2.34225e-15	2.64774e-16	2.80189e-17	2.78074e-18	2.59275e-19	2.27498e-20	1.88149e-21	1.46889e-22	1.08409e-23	7.574e-25	5.0157e-26	3.15228e-27	1.88242e-28	1.06929e-29	5.78394e-31	
1.72641e-08	4.05394e-09	8.73804e-10	1.7322e-10	3.16474e-11	5.34034e-12	8.34145e-13	1.20865e-13	1.62807e-14	2.04297e-15	2.39299e-16	2.62152e-17	2.69093e-18	2.59275e-19	2.3489e-20	2.00409e-21	1.61283e-22	1.22607e-23	8.81662e-25	6.00524e-26	3.87925e-27	2.37947e-28	1.38748e-29	7.69946e-31	4.0704e-32	
2.38076e-09	5.36136e-10	1.10967e-10	2.11507e-11	3.72016e-12	6.05107e-13	9.12145e-14	1.27696e-14	1.6637e-15	2.02133e-16	2.2946e-17	2.4384e-18	2.43003e-19	2.27498e-20	2.00409e-21	1.66385e-22	1.30382e-23	9.65716e-25	6.77017e-26	4.49812e-27	2.83583e-28	1.69847e-29	9.67496e-31	5.24713e-32	2.71218e-33	
3.04363e-10	6.58601e-11	1.31133e-11	2.4072e-12	4.08248e-13	6.40998e-14	9.3373e-15	1.2645e-15	1.59527e-16	1.87853e-17	2.06871e-18	2.13437e-19	2.06679e-20	1.88149e-21	1.61283e-22	1.30382e-23	9.95464e-25	7.18812e-26	4.91546e-27	3.18728e-28	1.96204e-29	1.14796e-30	6.39071e-32	3.3887e-33	1.71321e-34	
3.61773e-11	7.53523e-12	1.44565e-12	2.55976e-13	4.19178e-14	6.36152e-15	8.96573e-16	1.17586e-16	1.43793e-17	1.64273e-18	1.75648e-19	1.76097e-20	1.65817e-21	1.46889e-22	1.22607e-23	9.65716e-25	7.18812e-26	5.06293e-27	3.37888e-28	2.13926e-29	1.28643e-30	7.35581e-32	4.00369e-33	2.07644e-34	1.02715e-35	
4.00876e-12	8.04983e-13	1.49031e-13	2.54887e-14	4.03547e-15	5.92663e-16	8.09052e-17	1.02866e-17	1.2205e-18	1.35392e-19	1.4068e-20	1.37155e-21	1.25678e-22	1.08409e-23	8.81662e-25	6.77017e-26	4.91546e-27	3.37888e-28	2.2018e-29	1.36176e-30	8.00291e-32	4.47398e-33	2.38174e-34	1.20862e-35	5.85178e-37	
4.15131e-13	8.04827e-14	1.43979e-14	2.38153e-15	3.64974e-16	5.19286e-17	6.87331e-18	8.48005e-19	9.77096e-20	1.05338e-20	1.06444e-21	1.00992e-22	9.01145e-24	7.574e-25	6.00524e-26	4.49812e-27	3.18728e-28	2.13926e-29	1.36176e-30	8.23092e-32	4.72928e-33	2.58589e-34	1.34692e-35	6.68985e-37	3.17134e-38	
4.02676e-14	7.54711e-15	1.30624e-15	2.09202e-16	3.10673e-17	4.28666e-18	5.50656e-19	6.59836e-20	7.38937e-21	7.74792e-22	7.61959e-23	7.04007e-24	6.12098e-25	5.0157e-26	3.87925e-27	2.83583e-28	1.96204e-29	1.28643e-30	8.00291e-32	4.72928e-33	2.65773e-34	1.42185e-35	7.24878e-37	3.52504e-38	1.63663e-39	
3.66643e-15	6.65112e-16	1.11499e-16	1.73087e-17	2.49326e-18	3.33934e-19	4.16683e-20	4.85336e-21	5.28665e-22	5.3951e-23	5.16715e-24	4.65213e-25	3.94359e-26	3.15228e-27	2.37947e-28	1.69847e-29	1.14796e-30	7.35581e-32	4.47398e-33	2.58589e-34	1.42185e-35	7.44521e-37	3.7163e-38	1.76998e-39	8.05087e-41	
3.13982e-16	5.51897e-17	8.97055e-18	1.3511e-18	1.88955e-19	2.4587e-20	2.98256e-21	3.3794e-22	3.58307e-23	3.56131e-24	3.32384e-25	2.9178e-26	2.41286e-27	1.88242e-28	1.38748e-29	9.67496e-31	6.39071e-32	4.00369e-33	2.38174e-34	1.34692e-35	7.24878e-37	3.7163e-38	1.81678e-39	8.4771e-41	3.77861e-42	
2.5336e-17	4.31948e-18	6.81387e-19	9.96624e-20	1.35437e-20	1.71353e-21	2.02229e-22	2.23056e-23	2.30357e-24	2.23133e-25	2.03063e-26	1.73901e-27	1.4036e-28	1.06929e-29	7.69946e-31	5.24713e-32	3.3887e-33	2.07644e-34	1.20862e-35	6.68985e-37	3.52504e-38	1.76998e-39	8.4771e-41	3.87616e-42	1.69361e-43	
1.9297e-18	3.19395e-19	4.89414e-20	6.95738e-21	9.19465e-22	1.13193e-22	1.3006e-23	1.39742e-24	1.40655e-25	1.32856e-26	1.17958e-27	9.86013e-29	7.77151e-30	5.78394e-31	4.0704e-32	2.71218e-33	1.71321e-34	1.02715e-35	5.85178e-37	3.17134e-38	1.63663e-39	8.05087e-41	3.77861e-42	1.69361e-43	7.25538e-45	
1.38951e-19	2.23469e-20	3.32894e-21	4.60306e-22	5.92022e-23	7.09667e-24	7.94399e-25	8.31963e-26	8.16637e-27	7.52594e-28	6.52247e-29	5.32434e-30	4.09988e-31	2.98228e-32	2.05206e-33	1.3374e-34	8.26601e-36	4.85077e-37	2.70578e-38	1.43619e-39	7.2612e-41	3.50036e-42	1.61038e-43	7.07694e-45	2.97327e-46	
9.47335e-21	1.48158e-21	2.14727e-22	2.89009e-23	3.61996e-24	4.22801e-25	4.61369e-26	4.71246e-27	4.51345e-28	4.06042e-29	3.4367e-30	2.74091e-31	2.06288e-32	1.4672e-33	9.87486e-35	6.29726e-36	3.80964e-37	2.18893e-38	1.19587e-39	6.21861e-41	3.08109e-42	1.45592e-43	6.56737e-45	2.83041e-46	1.16649e-47	
6.12402e-22	9.32061e-23	1.31518e-23	1.72421e-24	2.10456e-25	2.39648e-26	2.55072e-27	2.54234e-28	2.37715e-29	2.08863e-30	1.72724e-31	1.34647e-32	9.90894e-34	6.89373e-35	4.53999e-36	2.83386e-37	1.67862e-38	9.44654e-40	5.05615e-41	2.5766e-42	1.25138e-43	5.79778e-45	2.56483e-46	1.08433e-47	4.38457e-49	
3.7589e-23	5.57127e-24	7.65877e-25	9.7862e-26	1.16473e-26	1.29379e-27	1.34389e-28	1.30776e-29	1.19432e-30	1.02534e-31	8.28835e-33	6.318e-34	4.54814e-35	3.09622e-36	1.99593e-37	1.21988e-38	7.07729e-40	3.90203e-41	2.04672e-42	1.0224e-43	4.86859e-45	2.21218e-46	9.59979e-48	3.98199e-49	1.58013e-50	
2.23186e-24	3.22134e-25	4.31415e-26	5.37262e-27	6.23473e-28	6.75556e-29	6.84783e-30	6.50561e-31	5.80266e-32	4.86735e-33	3.8457e-34	2.86636e-35	2.01829e-36	1.34439e-37	8.48255e-39	5.07601e-40	2.88421e-41	1.55786e-42	8.00743e-44	3.92072e-45	1.8305e-46	8.15663e-48	3.47195e-49	1.41296e-50	5.50212e-52	
8.33336e-25	1.18472e-25	1.56193e-26	1.91399e-27	2.1847e-28	2.32766e-29	2.31946e-30	2.16577e-31	1.89837e-32	1.56472e-33	1.21475e-34	8.89615e-36	6.15493e-37	4.02861e-38	2.49789e-39	1.46902e-40	8.20422e-42	4.35609e-43	2.2013e-44	1.05981e-45	4.86607e-47	2.13271e-48	8.93051e-50	3.57589e-51	1.37028e-52	
1.24366e-23	1.81729e-24	2.46133e-25	3.09687e-26	3.62765e-27	3.96446e-28	4.05013e-29	3.87534e-30	3.47935e-31	2.93619e-32	2.33285e-33	1.74777e-34	1.23659e-35	8.27418e-37	5.24282e-38	3.14994e-39	1.79665e-40	9.73982e-42	5.02391e-43	2.46827e-44	1.1562e-45	5.16866e-47	2.20709e-48	9.0102e-50	3.5195e-51	
2.06529e-22	3.09907e-23	4.30862e-24	5.56258e-25	6.68319e-26	7.48806e-27	7.83975e-28	7.68448e-29	7.06483e-30	6.10268e-31	4.96127e-32	3.80193e-33	2.75048e-34	1.88115e-35	1.21799e-36	7.4752e-38	4.35411e-39	2.4098e-40	1.26867e-41	6.36004e-43	3.03918e-44	1.38565e-45	6.03327e-47	2.5109e-48	9.9965e-50	
3.25974e-21	5.02619e-22	7.17752e-23	9.51377e-24	1.17304e-24	1.34821e-25	1.4473e-26	1.45396e-27	1.36943e-28	1.21138e-29	1.0081e-30	7.90495e-32	5.84962e-33	4.09086e-34	2.70742e-35	1.69793e-36	1.01029e-37	5.71009e-39	3.06905e-40	1.57034e-41	7.65691e-43	3.56129e-44	1.58146e-45	6.71102e-47	2.72375e-48	
4.88107e-20	7.73912e-21	1.13594e-21	1.54689e-22	1.95858e-23	2.31049e-24	2.54461e-25	2.62138e-26	2.53068e-27	2.29355e-28	1.9547e-29	1.56909e-30	1.18817e-31	8.49972e-33	5.75215e-34	3.68746e-35	2.24204e-36	1.29448e-37	7.10527e-39	3.71167e-40	1.84718e-41	8.76655e-43	3.97134e-44	1.71879e-45	7.11305e-47	
6.92431e-19	1.12982e-19	1.70578e-20	2.38815e-21	3.10711e-22	3.76455e-23	4.25605e-24	4.49861e-25	4.4539e-26	4.13776e-27	3.61322e-28	2.97052e-29	2.30278e-30	1.68576e-31	1.16701e-32	7.65007e-34	4.7547e-35	2.80527e-36	1.57296e-37	8.39141e-39	4.26361e-40	2.06528e-41	9.54675e-43	4.21502e-44	1.77905e-45	
9.2924e-18	1.56164e-18	2.42711e-19	3.49616e-20	4.67749e-21	5.8245e-22	6.76405e-23	7.34018e-24	7.45714e-25	7.10537e-26	6.36057e-27	5.35816e-28	4.25428e-29	3.18842e-30	2.25883e-31	1.51473e-32	9.62711e-34	5.80625e-35	3.32693e-36	1.81311e-37	9.408e-39	4.65269e-40	2.19515e-41	9.88957e-43	4.2582e-44	
1.17784e-16	2.04057e-17	3.2676e-18	4.8467e-19	6.67312e-20	8.54637e-21	1.0202e-21	1.13735e-22	1.1864e-23	1.16007e-24	1.06516e-25	9.19894e-27	7.48426e-28	5.74518e-29	4.16705e-30	2.85972e-31	1.85931e-32	1.14673e-33	6.71681e-35	3.74068e-36	1.98285e-37	1.00145e-38	4.82388e-40	2.21817e-41	9.74569e-43	
1.40776e-15	2.51667e-16	4.15599e-17	6.35317e-18	9.00939e-19	1.18767e-19	1.45839e-20	1.67146e-21	1.79138e-22	1.79867e-23	1.69492e-24	1.50147e-25	1.25242e-26	9.85196e-28	7.31924e-29	5.14267e-30	3.4219e-31	2.15899e-32	1.2932e-33	7.36226e-35	3.98805e-36	2.05764e-37	1.01221e-38	4.75197e-40	2.13096e-41	
1.58369e-14	2.92458e-15	4.98561e-16	7.86222e-17	1.14937e-17	1.5609e-18	1.97322e-19	2.32666e-20	2.5638e-21	2.64509e-22	2.55964e-23	2.32724e-24	1.99131e-25	1.60602e-26	1.22271e-27	8.79984e-29	5.995e-30	3.87104e-31	2.37205e-32	1.38097e-33	7.64704e-35	4.03192e-36	2.02619e-37	9.71445e-39	4.4476e-40	
1.67371e-13	3.19645e-14	5.63124e-15	9.17042e-16	1.38337e-16	1.93713e-17	2.5232e-18	3.06332e-19	3.47321e-20	3.68458e-21	3.66398e-22	3.42122e-23	3.00466e-24	2.48591e-25	1.94049e-26	1.4312e-27	9.98734e-29	6.60283e-30	4.14079e-31	2.46619e-32	1.39654e-33	7.52716e-35	3.86553e-36	1.89328e-37	8.85226e-39	
1.6583e-12	3.27938e-13	5.97756e-14	1.00636e-14	1.56815e-15	2.26645e-16	3.04461e-17	3.80917e-18	4.44739e-19	4.85502e-20	4.96465e-21	4.76398e-22	4.29704e-23	3.64915e-24	2.92219e-25	2.20983e-26	1.58035e-27	1.07022e-28	6.87181e-30	4.18865e-31	2.42652e-32	1.33745e-33	7.02126e-35	3.51422e-36	1.67855e-37	
1.53692e-11	3.15151e-12	5.95132e-13	1.03709e-13	1.67122e-14	2.4957e-15	3.46099e-16	4.46644e-17	5.37464e-18	6.04248e-19	6.3588e-20	6.27504e-21	5.81687e-22	5.07356e-23	4.17035e-24	3.23536e-25	2.37238e-26	1.64647e-27	1.08291e-28	6.75833e-30	4.00689e-31	2.25935e-32	1.21293e-33	6.20588e-35	3.0291e-36	
1.32924e-10	2.83054e-11	5.54554e-12	1.00161e-12	1.67125e-13	2.58167e-14	3.7e-15	4.93015e-16	6.12023e-17	7.09237e-18	7.68716e-19	7.8072e-20	7.443e-21	6.67205e-22	5.63288e-23	4.4857e-24	3.3744e-25	2.40124e-26	1.61854e-27	1.03469e-28	6.28089e-30	3.62455e-31	1.9906e-32	1.04151e-33	5.19665e-35	
1.07002e-09	2.3702e-10	4.82524e-11	9.04605e-12	1.56501e-12	2.50396e-13	3.71305e-14	5.11398e-15	6.55577e-16	7.83812e-17	8.75748e-18	9.16112e-19	8.98894e-20	8.2873e-21	7.19087e-22	5.88164e-23	4.54169e-24	3.31558e-25	2.29149e-26	1.50125e-27	9.33468e-29	5.51532e-30	3.09992e-31	1.65922e-32	8.4658e-34	
7.99461e-09	1.84552e-09	3.91079e-10	7.62239e-11	1.36934e-11	2.27233e-12	3.49085e-13	4.97556e-14	6.59383e-15	8.14196e-16	9.38631e-17	1.01224e-17	1.02306e-18	9.70786e-20	8.66347e-21	7.28299e-22	5.77626e-23	4.32854e-24	3.06902e-25	2.06157e-26	1.31368e-27	7.95042e-29	4.57511e-30	2.5061e-31	1.30806e-32	
5.52692e-08	1.33239e-08	2.94459e-09	5.97736e-10	1.11687e-10	1.92518e-11	3.06826e-12	4.5315e-13	6.2156e-14	7.93508e-15	9.4483e-16	1.05139e-16	1.0955e-17	1.07079e-18	9.83552e-20	8.50388e-21	6.93191e-22	5.33534e-23	3.88299e-24	2.67584e-25	1.74826e-26	1.08428e-27	6.3911e-29	3.58421e-30	1.91451e-31	
3.52372e-07	8.89162e-08	2.05376e-08	4.3506e-09	8.47044e-10	1.51916e-10	2.51563e-11	3.85516e-12	5.48006e-13	7.24175e-14	8.91568e-15	1.02476e-15	1.10181e-16	1.11029e-17	1.05051e-18	9.34846e-20	7.83742e-21	6.19974e-22	4.6343e-23	3.27804e-24	2.19707e-25	1.39709e-26	8.43881e-28	4.84741e-29	2.65085e-30	
2.06425e-06	5.46642e-07	1.32278e-07	2.93059e-08	5.95725e-09	1.1137e-09	1.91938e-10	3.05681e-11	4.50941e-12	6.17623e-13	7.8714e-14	9.355e-15	1.03895e-15	1.08035e-16	1.05381e-17	9.65973e-19	8.3351e-20	6.78106e-21	5.20939e-22	3.78451e-23	2.60353e-24	1.69829e-25	1.05172e-26	6.19063e-28	3.46741e-29	
1.1067e-05	3.08464e-06	7.84108e-07	1.82128e-07	3.87411e-08	7.56486e-09	1.35939e-09	2.25365e-10	3.45548e-11	4.91201e-12	6.48869e-13	7.98322e-14	9.16765e-15	9.84663e-16	9.91093e-17	9.36576e-18	8.32409e-19	6.96979e-20	5.50653e-21	4.11114e-22	2.90462e-23	1.94466e-24	1.23532e-25	7.45467e-27	4.27846e-28	
