0.0703327	0.153343	0.180348	0.152677	0.0859751	0.000272409	-0.0984785	-0.204768	-0.306982	-0.397697	-0.46243	-0.495022	-0.485865	-0.417009	-0.292399	-0.138825	0.0107572	0.131485	0.211862	0.227168	0.200668	0.15739	0.0934992	-0.00766127	-0.155885	
0.153343	0.233293	0.268293	0.24326	0.172911	0.077692	-0.0337041	-0.154982	-0.281029	-0.404313	-0.500935	-0.556433	-0.555087	-0.493761	-0.377608	-0.232578	-0.0884857	0.0352899	0.118357	0.141473	0.127103	0.0919585	0.0361991	-0.056229	-0.201695	
0.180348	0.268293	0.316142	0.304663	0.239077	0.142383	0.0280619	-0.102463	-0.244462	-0.390713	-0.512961	-0.594577	-0.619466	-0.580681	-0.482787	-0.358065	-0.227484	-0.100452	-0.00595407	0.0448036	0.0512254	0.0222164	-0.0243389	-0.104377	-0.231224	
0.152677	0.24326	0.304663	0.308422	0.256746	0.164395	0.0563822	-0.0762314	-0.228471	-0.382954	-0.521654	-0.629165	-0.681982	-0.669052	-0.597589	-0.497984	-0.382169	-0.253294	-0.138711	-0.0620895	-0.035469	-0.0493399	-0.0850841	-0.143722	-0.237446	
0.0859751	0.172911	0.239077	0.256746	0.220299	0.140958	0.0394071	-0.0892695	-0.242125	-0.399014	-0.545274	-0.663755	-0.73175	-0.743646	-0.704585	-0.628491	-0.525549	-0.400462	-0.276952	-0.184795	-0.133076	-0.123425	-0.139534	-0.168261	-0.219108	
0.000272409	0.077692	0.142383	0.164395	0.140958	0.0796724	-0.0127872	-0.136119	-0.281716	-0.434167	-0.574521	-0.684751	-0.760298	-0.790067	-0.776044	-0.716997	-0.6285	-0.523293	-0.405884	-0.303877	-0.232663	-0.196172	-0.184037	-0.185008	-0.190151	
-0.0984785	-0.0337041	0.0280619	0.0563822	0.0394071	-0.0127872	-0.0976044	-0.211481	-0.347938	-0.485549	-0.60519	-0.693564	-0.758483	-0.792833	-0.788527	-0.74582	-0.681123	-0.603956	-0.510894	-0.414339	-0.335044	-0.273438	-0.225626	-0.194646	-0.159567	
-0.204768	-0.154982	-0.102463	-0.0762314	-0.0892695	-0.136119	-0.211481	-0.313697	-0.428277	-0.53139	-0.618746	-0.676655	-0.71242	-0.735157	-0.735387	-0.712255	-0.673188	-0.62719	-0.567517	-0.494775	-0.421436	-0.347351	-0.274418	-0.212795	-0.144337	
-0.306982	-0.281029	-0.244462	-0.228471	-0.242125	-0.281716	-0.347938	-0.428277	-0.501344	-0.557037	-0.597628	-0.613457	-0.611686	-0.609794	-0.611285	-0.605854	-0.594039	-0.582969	-0.561183	-0.521575	-0.470137	-0.406126	-0.328141	-0.244537	-0.156408	
-0.397697	-0.404313	-0.390713	-0.382954	-0.399014	-0.434167	-0.485549	-0.53139	-0.557037	-0.563267	-0.548967	-0.514355	-0.469716	-0.435979	-0.42739	-0.432135	-0.446391	-0.469236	-0.485214	-0.485052	-0.470219	-0.429651	-0.363869	-0.278813	-0.185206	
-0.46243	-0.500935	-0.512961	-0.521654	-0.545274	-0.574521	-0.60519	-0.618746	-0.597628	-0.548967	-0.479069	-0.397599	-0.314271	-0.251724	-0.221054	-0.227145	-0.257166	-0.300433	-0.347634	-0.38708	-0.412499	-0.407412	-0.373118	-0.305503	-0.220761	
-0.495022	-0.556433	-0.594577	-0.629165	-0.663755	-0.684751	-0.693564	-0.676655	-0.613457	-0.514355	-0.397599	-0.271939	-0.156726	-0.0614937	-0.00456386	-0.000575849	-0.0403868	-0.0995283	-0.172519	-0.247673	-0.315139	-0.358106	-0.366764	-0.330865	-0.262906	
-0.485865	-0.555087	-0.619466	-0.681982	-0.73175	-0.760298	-0.758483	-0.71242	-0.611686	-0.469716	-0.314271	-0.156726	-0.0075737	0.114659	0.197017	0.213481	0.171525	0.099652	0.00678031	-0.101616	-0.213815	-0.300745	-0.355376	-0.358598	-0.325069	
-0.417009	-0.493761	-0.580681	-0.669052	-0.743646	-0.790067	-0.792833	-0.735157	-0.609794	-0.435979	-0.251724	-0.0614937	0.114659	0.260405	0.357839	0.38615	0.350483	0.274088	0.162891	0.0223449	-0.121114	-0.244442	-0.338539	-0.390586	-0.397719	
-0.292399	-0.377608	-0.482787	-0.597589	-0.704585	-0.776044	-0.788527	-0.735387	-0.611285	-0.42739	-0.221054	-0.00456386	0.197017	0.357839	0.463534	0.501685	0.478119	0.399148	0.27511	0.12086	-0.0398192	-0.189695	-0.317967	-0.405094	-0.446987	
-0.138825	-0.232578	-0.358065	-0.497984	-0.628491	-0.716997	-0.74582	-0.712255	-0.605854	-0.432135	-0.227145	-0.000575849	0.213481	0.38615	0.501685	0.549794	0.53344	0.459815	0.343448	0.197324	0.0332103	-0.131308	-0.274189	-0.382982	-0.449401	
0.0107572	-0.0884857	-0.227484	-0.382169	-0.525549	-0.6285	-0.681123	-0.673188	-0.594039	-0.446391	-0.257166	-0.0403868	0.171525	0.350483	0.478119	0.53344	0.52391	0.465312	0.368642	0.23451	0.0815467	-0.0697553	-0.203176	-0.317048	-0.400845	
0.131485	0.0352899	-0.100452	-0.253294	-0.400462	-0.523293	-0.603956	-0.62719	-0.582969	-0.469236	-0.300433	-0.0995283	0.099652	0.274088	0.399148	0.459815	0.465312	0.429921	0.352403	0.236541	0.108742	-0.0109849	-0.123293	-0.226571	-0.305109	
0.211862	0.118357	-0.00595407	-0.138711	-0.276952	-0.405884	-0.510894	-0.567517	-0.561183	-0.485214	-0.347634	-0.172519	0.00678031	0.162891	0.27511	0.343448	0.368642	0.352403	0.299174	0.21767	0.124447	0.0357883	-0.0466492	-0.117099	-0.166689	
0.227168	0.141473	0.0448036	-0.0620895	-0.184795	-0.303877	-0.414339	-0.494775	-0.521575	-0.485052	-0.38708	-0.247673	-0.101616	0.0223449	0.12086	0.197324	0.23451	0.236541	0.21767	0.181587	0.130364	0.0776169	0.0373852	0.0116374	-0.0113319	
0.200668	0.127103	0.0512254	-0.035469	-0.133076	-0.232663	-0.335044	-0.421436	-0.470137	-0.470219	-0.412499	-0.315139	-0.213815	-0.121114	-0.0398192	0.0332103	0.0815467	0.108742	0.124447	0.130364	0.123416	0.120867	0.127297	0.135021	0.134179	
0.15739	0.0919585	0.0222164	-0.0493399	-0.123425	-0.196172	-0.273438	-0.347351	-0.406126	-0.429651	-0.407412	-0.358106	-0.300745	-0.244442	-0.189695	-0.131308	-0.0697553	-0.0109849	0.0357883	0.0776169	0.120867	0.163818	0.200553	0.233679	0.257256	
0.0934992	0.0361991	-0.0243389	-0.0850841	-0.139534	-0.184037	-0.225626	-0.274418	-0.328141	-0.363869	-0.373118	-0.366764	-0.355376	-0.338539	-0.317967	-0.274189	-0.203176	-0.123293	-0.0466492	0.0373852	0.127297	0.200553	0.257506	0.312858	0.364793	
-0.00766127	-0.056229	-0.104377	-0.143722	-0.168261	-0.185008	-0.194646	-0.212795	-0.244537	-0.278813	-0.305503	-0.330865	-0.358598	-0.390586	-0.405094	-0.382982	-0.317048	-0.226571	-0.117099	0.0116374	0.135021	0.233679	0.312858	0.388333	0.454056	
-0.155885	-0.201695	-0.231224	-0.237446	-0.219108	-0.190151	-0.159567	-0.144337	-0.156408	-0.185206	-0.220761	-0.262906	-0.325069	-0.397719	-0.446987	-0.449401	-0.400845	-0.305109	-0.166689	-0.0113319	0.134179	0.257256	0.364793	0.454056	0.534724	
-0.346778	-0.386042	-0.391005	-0.356469	-0.28662	-0.207999	-0.131782	-0.0791592	-0.0660645	-0.0841128	-0.116949	-0.174496	-0.262101	-0.365907	-0.445028	-0.480008	-0.45012	-0.353914	-0.205238	-0.033175	0.132187	0.274781	0.398443	0.50455	0.600079	
-0.535767	-0.568612	-0.550043	-0.479105	-0.366346	-0.246027	-0.128884	-0.0378085	0.0109115	0.0195258	-0.00627409	-0.0745234	-0.179942	-0.30127	-0.409078	-0.472529	-0.461488	-0.379128	-0.237969	-0.0585457	0.122503	0.279443	0.415943	0.538905	0.655662	
-0.707386	-0.731585	-0.694132	-0.594268	-0.451732	-0.293104	-0.139538	-0.0116058	0.0711661	0.10738	0.0944941	0.0221472	-0.0937627	-0.234446	-0.367644	-0.450311	-0.455673	-0.386522	-0.255872	-0.080905	0.104192	0.270306	0.423287	0.563966	0.692837	
-0.841718	-0.865079	-0.815793	-0.693152	-0.517494	-0.328943	-0.148177	0.00853279	0.119842	0.171457	0.166723	0.0968531	-0.0272472	-0.181823	-0.329795	-0.424689	-0.441612	-0.382149	-0.260488	-0.0969113	0.0793061	0.253797	0.422074	0.573946	0.710504	
-0.92527	-0.945863	-0.888316	-0.748846	-0.555089	-0.351346	-0.158448	0.017366	0.146275	0.207076	0.209152	0.143404	0.0147799	-0.146257	-0.297862	-0.39924	-0.428817	-0.378304	-0.264722	-0.110853	0.061486	0.241631	0.415682	0.571445	0.715435	
-0.940778	-0.959305	-0.899376	-0.756796	-0.561767	-0.355861	-0.160402	0.0189361	0.149056	0.211809	0.216154	0.150618	0.0217077	-0.140082	-0.292097	-0.393498	-0.426122	-0.378386	-0.266169	-0.114724	0.0581496	0.239259	0.413575	0.569821	0.716706	
-0.881453	-0.904766	-0.85258	-0.721812	-0.536024	-0.339431	-0.152553	0.0134712	0.134159	0.189956	0.188098	0.12009	-0.00702767	-0.164672	-0.315206	-0.41385	-0.435593	-0.379695	-0.262022	-0.102643	0.071045	0.247801	0.41922	0.573312	0.713175	
-0.766261	-0.78929	-0.746487	-0.637195	-0.480795	-0.30942	-0.14339	-0.00325384	0.092161	0.136497	0.127361	0.0549063	-0.0639754	-0.212018	-0.352081	-0.441042	-0.451022	-0.385684	-0.258368	-0.0873974	0.093924	0.264227	0.423755	0.570852	0.701552	
-0.60751	-0.63612	-0.609237	-0.526099	-0.401616	-0.264639	-0.132495	-0.0263009	0.0362965	0.0568846	0.036134	-0.0346822	-0.145423	-0.273229	-0.392303	-0.464146	-0.460308	-0.384325	-0.247311	-0.0686798	0.115633	0.277051	0.420751	0.549998	0.673706	
-0.42389	-0.461364	-0.456533	-0.406551	-0.316966	-0.220937	-0.127328	-0.0595641	-0.032681	-0.0412665	-0.0718518	-0.134977	-0.230266	-0.342519	-0.432815	-0.481031	-0.458447	-0.365941	-0.219291	-0.042735	0.129973	0.279298	0.406584	0.519569	0.622793	
-0.229452	-0.272701	-0.292683	-0.283236	-0.24442	-0.195397	-0.14592	-0.115923	-0.120211	-0.146226	-0.181707	-0.22973	-0.303607	-0.389805	-0.45149	-0.466505	-0.424962	-0.328176	-0.183153	-0.0201446	0.132984	0.264888	0.380755	0.476509	0.563565	
-0.0611322	-0.108067	-0.149565	-0.176589	-0.185809	-0.186543	-0.182118	-0.186756	-0.209904	-0.242276	-0.272819	-0.305897	-0.348256	-0.398427	-0.427444	-0.414216	-0.354766	-0.26161	-0.138955	0.00272871	0.135934	0.244164	0.335339	0.416572	0.487079	
0.0589021	0.00523182	-0.0512413	-0.105805	-0.148579	-0.183313	-0.211797	-0.249138	-0.29521	-0.331246	-0.350098	-0.358041	-0.36315	-0.365332	-0.3583	-0.322622	-0.251241	-0.166565	-0.0771341	0.026025	0.130602	0.21455	0.279777	0.343267	0.402252	
0.134305	0.0726069	0.00628892	-0.0614942	-0.128416	-0.189081	-0.252164	-0.316868	-0.376231	-0.406238	-0.396929	-0.366122	-0.3275	-0.286006	-0.244319	-0.192087	-0.125853	-0.0566349	0.0020222	0.0597407	0.122817	0.179433	0.224417	0.266653	0.302173	
0.185764	0.115398	0.0423766	-0.0373983	-0.124444	-0.214321	-0.308754	-0.39226	-0.446585	-0.457265	-0.414047	-0.335946	-0.252637	-0.173493	-0.101334	-0.0336585	0.0199861	0.0593908	0.0883166	0.108417	0.120598	0.138058	0.159314	0.177717	0.186479	
0.219084	0.138862	0.0525688	-0.045916	-0.158672	-0.271148	-0.380113	-0.465286	-0.502085	-0.481236	-0.400054	-0.276123	-0.147679	-0.0371046	0.056138	0.132743	0.174378	0.185704	0.180685	0.162818	0.128517	0.0947908	0.073887	0.0636993	0.0486751	
0.225774	0.13455	0.0201709	-0.102085	-0.235615	-0.362347	-0.471144	-0.539139	-0.547402	-0.487266	-0.364741	-0.203094	-0.0350797	0.108922	0.215472	0.287728	0.319035	0.309082	0.269398	0.205599	0.127789	0.0528897	-0.0142882	-0.0671407	-0.1047	
0.170148	0.0747215	-0.0582004	-0.204182	-0.348931	-0.476538	-0.56864	-0.605681	-0.576136	-0.477061	-0.318876	-0.126452	0.0652033	0.233799	0.354822	0.417294	0.43094	0.404224	0.335022	0.231191	0.116137	0.00912321	-0.0922381	-0.185281	-0.253983	
0.0625723	-0.0359306	-0.174276	-0.331367	-0.477048	-0.588392	-0.65115	-0.654938	-0.590209	-0.455854	-0.273733	-0.0625465	0.145024	0.323383	0.452321	0.51045	0.505955	0.456154	0.366744	0.238272	0.0937464	-0.0451118	-0.17157	-0.282705	-0.368235	
-0.0765419	-0.173233	-0.306832	-0.453753	-0.590776	-0.684412	-0.721987	-0.697943	-0.601196	-0.436522	-0.236483	-0.0123194	0.202659	0.37884	0.499309	0.550238	0.536744	0.467681	0.358851	0.217605	0.0562437	-0.106437	-0.248078	-0.361749	-0.436125	
-0.232355	-0.321419	-0.433814	-0.559976	-0.67763	-0.757001	-0.77534	-0.729223	-0.610889	-0.428489	-0.220037	0.00268834	0.211409	0.377722	0.487016	0.529131	0.508536	0.431243	0.307336	0.154438	-0.00913088	-0.167367	-0.304279	-0.400802	-0.453726	
-0.372809	-0.452992	-0.547903	-0.646282	-0.73327	-0.78994	-0.795732	-0.737791	-0.610498	-0.429219	-0.234358	-0.0322598	0.154147	0.306726	0.407846	0.440243	0.409476	0.331363	0.213683	0.0647336	-0.0876247	-0.222846	-0.331174	-0.400049	-0.422137	
-0.465387	-0.537646	-0.611901	-0.685125	-0.743757	-0.777373	-0.777306	-0.723568	-0.609582	-0.453919	-0.285856	-0.115821	0.0447428	0.17721	0.266792	0.288672	0.248067	0.173734	0.073587	-0.0487855	-0.175498	-0.277885	-0.349069	-0.371679	-0.354595	
-0.497927	-0.56284	-0.611493	-0.658058	-0.697445	-0.719972	-0.72225	-0.69277	-0.614492	-0.496412	-0.363638	-0.224359	-0.095129	0.0120841	0.0795614	0.0886647	0.0465828	-0.0183296	-0.0995711	-0.188392	-0.273913	-0.335733	-0.362772	-0.341295	-0.284987	
-0.479609	-0.529072	-0.55194	-0.569235	-0.597406	-0.622483	-0.644133	-0.645539	-0.606857	-0.536868	-0.44637	-0.346396	-0.25095	-0.175339	-0.134914	-0.137919	-0.172393	-0.221673	-0.279642	-0.33407	-0.376053	-0.389671	-0.371923	-0.315605	-0.236257	
