5.44732e-08	2.72956e-07	1.26305e-06	5.38343e-06	2.10819e-05	7.56678e-05	0.000248361	0.000744035	0.00203155	0.00505235	0.0114482	0.0236727	0.0448074	0.0779882	0.125566	0.188328	0.26511	0.352945	0.44765	0.544597	0.639437	0.728598	0.809511	0.880588	0.941073	
2.72956e-07	1.30746e-06	5.76977e-06	2.33925e-05	8.68949e-05	0.000294956	0.000912658	0.00256898	0.00656893	0.0152504	0.0321681	0.0617876	0.108506	0.175224	0.262118	0.366233	0.482083	0.602908	0.722054	0.83403	0.935035	1.023	1.0973	1.15831	1.20707	
1.26305e-06	5.76977e-06	2.42172e-05	9.31119e-05	0.000326957	0.00104548	0.00303617	0.00799033	0.0190286	0.0409936	0.0799881	0.141813	0.229675	0.342344	0.473914	0.61533	0.756771	0.889781	1.0085	1.10988	1.19328	1.25962	1.31073	1.34882	1.37622	
5.38343e-06	2.33925e-05	9.31119e-05	0.000338369	0.00111887	0.00335557	0.00910058	0.0222669	0.0490816	0.0974685	0.17474	0.284121	0.422094	0.578612	0.740268	0.894332	1.03155	1.14704	1.23962	1.31062	1.36252	1.39817	1.42042	1.43211	1.43603	
2.10819e-05	8.68949e-05	0.000326957	0.00111887	0.0034692	0.00971087	0.0244592	0.0552937	0.112047	0.203671	0.333255	0.494289	0.671629	0.847194	1.00624	1.14034	1.24687	1.32698	1.38343	1.41926	1.43731	1.44032	1.4314	1.41401	1.39153	
7.56678e-05	0.000294956	0.00104548	0.00335557	0.00971087	0.0252353	0.0586728	0.121731	0.225185	0.372178	0.552982	0.746816	0.930997	1.09007	1.21808	1.31517	1.38373	1.42626	1.44483	1.44156	1.41917	1.38161	1.33389	1.28086	1.22679	
0.000248361	0.000912658	0.00303617	0.00910058	0.0244592	0.0586728	0.125125	0.236653	0.397094	0.594026	0.801026	0.990901	1.14854	1.27154	1.36198	1.42107	1.449	1.44627	1.41503	1.35952	1.28578	1.20117	1.11233	1.02421	0.941146	
0.000744035	0.00256898	0.00799033	0.0222669	0.0552937	0.121731	0.236653	0.405661	0.615051	0.833397	1.02873	1.1863	1.30748	1.39473	1.44511	1.45551	1.42641	1.36216	1.27031	1.15954	1.03886	0.916027	0.7958	0.682189	0.579449	
0.00203155	0.00656893	0.0190286	0.0490816	0.112047	0.225185	0.397094	0.615051	0.844121	1.04687	1.20737	1.33015	1.417	1.45864	1.44895	1.39183	1.29574	1.17113	1.02816	0.875518	0.721207	0.570199	0.4264	0.295285	0.180423	
0.00505235	0.0152504	0.0409936	0.0974685	0.203671	0.372178	0.594026	0.833397	1.04687	1.21415	1.34129	1.43004	1.46437	1.43551	1.35399	1.23256	1.08102	0.909343	0.725524	0.538415	0.355653	0.182324	0.0251786	-0.111224	-0.227153	
0.0114482	0.0321681	0.0799881	0.17474	0.333255	0.552982	0.801026	1.02873	1.20737	1.34129	1.43433	1.46588	1.42319	1.3239	1.18451	1.00929	0.808227	0.592286	0.372484	0.161061	-0.0353147	-0.210354	-0.359645	-0.484653	-0.587372	
0.0236727	0.0617876	0.141813	0.284121	0.494289	0.746816	0.990901	1.1863	1.33015	1.43004	1.46588	1.41831	1.30784	1.15576	0.958606	0.72741	0.48261	0.236054	0.0029006	-0.209191	-0.395843	-0.553003	-0.681822	-0.784529	-0.861847	
0.0448074	0.108506	0.229675	0.422094	0.671629	0.930997	1.14854	1.30748	1.417	1.46437	1.42319	1.30784	1.14632	0.931699	0.673729	0.406837	0.140634	-0.112109	-0.339105	-0.537727	-0.700898	-0.829535	-0.924094	-0.988684	-1.02844	
0.0779882	0.175224	0.342344	0.578612	0.847194	1.09007	1.27154	1.39473	1.45864	1.43551	1.3239	1.15576	0.931699	0.654798	0.369581	0.0868188	-0.189422	-0.433186	-0.642844	-0.807679	-0.92868	-1.008	-1.05141	-1.06886	-1.06826	
0.125566	0.262118	0.473914	0.740268	1.00624	1.21808	1.36198	1.44511	1.44895	1.35399	1.18451	0.958606	0.673729	0.369581	0.0696741	-0.230608	-0.491737	-0.707034	-0.873917	-0.984248	-1.05102	-1.07241	-1.06658	-1.03731	-0.997027	
0.188328	0.366233	0.61533	0.894332	1.14034	1.31517	1.42107	1.45551	1.39183	1.23256	1.00929	0.72741	0.406837	0.0868188	-0.230608	-0.511526	-0.733297	-0.909685	-1.01671	-1.07312	-1.07547	-1.04129	-0.980933	-0.90981	-0.838089	
0.26511	0.482083	0.756771	1.03155	1.24687	1.38373	1.449	1.42641	1.29574	1.08102	0.808227	0.48261	0.140634	-0.189422	-0.491737	-0.733297	-0.921721	-1.03611	-1.0787	-1.0676	-1.00338	-0.919112	-0.818669	-0.730299	-0.649064	
0.352945	0.602908	0.889781	1.14704	1.32698	1.42626	1.44627	1.36216	1.17113	0.909343	0.592286	0.236054	-0.112109	-0.433186	-0.707034	-0.909685	-1.03611	-1.07712	-1.05786	-0.978281	-0.872057	-0.750803	-0.643482	-0.551321	-0.487458	
0.44765	0.722054	1.0085	1.23962	1.38343	1.44483	1.41503	1.27031	1.02816	0.725524	0.372484	0.0029006	-0.339105	-0.642844	-0.873917	-1.01671	-1.0787	-1.05786	-0.972794	-0.84472	-0.706349	-0.578723	-0.487053	-0.426696	-0.396653	
0.544597	0.83403	1.10988	1.31062	1.41926	1.44156	1.35952	1.15954	0.875518	0.538415	0.161061	-0.209191	-0.537727	-0.807679	-0.984248	-1.07312	-1.0676	-0.978281	-0.84472	-0.688155	-0.552044	-0.453918	-0.404505	-0.384232	-0.376188	
0.639437	0.935035	1.19328	1.36252	1.43731	1.41917	1.28578	1.03886	0.721207	0.355653	-0.0353147	-0.395843	-0.700898	-0.92868	-1.05102	-1.07547	-1.00338	-0.872057	-0.706349	-0.552044	-0.444282	-0.391682	-0.384692	-0.38653	-0.383455	
0.728598	1.023	1.25962	1.39817	1.44032	1.38161	1.20117	0.916027	0.570199	0.182324	-0.210354	-0.553003	-0.829535	-1.008	-1.07241	-1.04129	-0.919112	-0.750803	-0.578723	-0.453918	-0.391682	-0.38979	-0.397563	-0.389697	-0.357583	
0.809511	1.0973	1.31073	1.42042	1.4314	1.33389	1.11233	0.7958	0.4264	0.0251786	-0.359645	-0.681822	-0.924094	-1.05141	-1.06658	-0.980933	-0.818669	-0.643482	-0.487053	-0.404505	-0.384692	-0.397563	-0.385324	-0.347494	-0.312836	
0.880588	1.15831	1.34882	1.43211	1.41401	1.28086	1.02421	0.682189	0.295285	-0.111224	-0.484653	-0.784529	-0.988684	-1.06886	-1.03731	-0.90981	-0.730299	-0.551321	-0.426696	-0.384232	-0.38653	-0.389697	-0.347494	-0.302256	-0.287957	
0.941073	1.20707	1.37622	1.43603	1.39153	1.22679	0.941146	0.579449	0.180423	-0.227153	-0.587372	-0.861847	-1.02844	-1.06826	-0.997027	-0.838089	-0.649064	-0.487458	-0.396653	-0.376188	-0.383455	-0.357583	-0.312836	-0.287957	-0.310351	
0.990826	1.24492	1.39519	1.43476	1.36711	1.17555	0.86687	0.490324	0.082769	-0.322738	-0.667298	-0.916898	-1.05199	-1.05647	-0.952396	-0.776609	-0.586358	-0.440377	-0.377337	-0.371576	-0.373406	-0.340035	-0.305228	-0.297401	-0.304937	
1.03011	1.27329	1.40775	1.43058	1.34362	1.13036	0.803979	0.416427	0.0036363	-0.39725	-0.727346	-0.956667	-1.06399	-1.03862	-0.911743	-0.722269	-0.53793	-0.415321	-0.366274	-0.369649	-0.363119	-0.327059	-0.296974	-0.292372	-0.28525	
1.05937	1.29351	1.41562	1.42545	1.32342	1.09368	0.754432	0.359335	-0.0563545	-0.452833	-0.771056	-0.98247	-1.0675	-1.02127	-0.877626	-0.683429	-0.505853	-0.393188	-0.362535	-0.367958	-0.357419	-0.316959	-0.282856	-0.278861	-0.277653	
1.07911	1.30669	1.42017	1.42094	1.30836	1.06738	0.719668	0.319712	-0.097645	-0.490255	-0.79914	-0.998259	-1.06839	-1.00651	-0.852952	-0.657675	-0.48471	-0.383245	-0.358611	-0.365177	-0.348882	-0.307071	-0.283915	-0.290572	-0.283949	
1.08974	1.31362	1.42235	1.41812	1.29975	1.05268	0.700478	0.297959	-0.120098	-0.510263	-0.814019	-1.00624	-1.06765	-0.99857	-0.840879	-0.641682	-0.470622	-0.379334	-0.359303	-0.364417	-0.346896	-0.303251	-0.281031	-0.283322	-0.274337	
1.0915	1.31476	1.42269	1.41762	1.29827	1.05022	0.697312	0.294408	-0.123811	-0.513851	-0.816871	-1.00716	-1.06678	-0.997409	-0.838057	-0.639287	-0.471947	-0.377115	-0.357555	-0.364752	-0.345644	-0.306009	-0.279498	-0.279178	-0.269706	
1.08444	1.31018	1.42128	1.41953	1.30406	1.06012	0.710257	0.30892	-0.109093	-0.50054	-0.806507	-1.00216	-1.06837	-1.00258	-0.846408	-0.649878	-0.47841	-0.380773	-0.357911	-0.365215	-0.345933	-0.305442	-0.283707	-0.291153	-0.283182	
1.06839	1.29958	1.41776	1.42345	1.31664	1.08191	0.738949	0.341565	-0.0753178	-0.470564	-0.784498	-0.989158	-1.06685	-1.01577	-0.868045	-0.669641	-0.494672	-0.390264	-0.362122	-0.367442	-0.353939	-0.311413	-0.281953	-0.280208	-0.279889	
1.04299	1.28229	1.41135	1.42848	1.33497	1.11463	0.782751	0.391748	-0.0228474	-0.422222	-0.747114	-0.968414	-1.06552	-1.03082	-0.89732	-0.706149	-0.523951	-0.404047	-0.363144	-0.369	-0.360734	-0.324414	-0.291168	-0.285712	-0.280922	
1.00777	1.25732	1.40085	1.43326	1.35741	1.15667	0.840491	0.459076	0.0486926	-0.355413	-0.693893	-0.934775	-1.05759	-1.04879	-0.93573	-0.754141	-0.564504	-0.428705	-0.372993	-0.370388	-0.368315	-0.334754	-0.303034	-0.299094	-0.295145	
0.962256	1.22343	1.38467	1.43596	1.3818	1.20583	0.910426	0.54228	0.139104	-0.268338	-0.622088	-0.88597	-1.0401	-1.06502	-0.977504	-0.81124	-0.623536	-0.467612	-0.387794	-0.373732	-0.37901	-0.347951	-0.306575	-0.290719	-0.313672	
0.906077	1.1792	1.36089	1.43441	1.40546	1.25922	0.990272	0.639681	0.247327	-0.160146	-0.528775	-0.818671	-1.00697	-1.07042	-1.02259	-0.880159	-0.694653	-0.521564	-0.413389	-0.381498	-0.387473	-0.37881	-0.330694	-0.293351	-0.294827	
0.839189	1.12324	1.32734	1.42614	1.4253	1.31321	1.07687	0.749242	0.371969	-0.031966	-0.412095	-0.725765	-0.954021	-1.06206	-1.05674	-0.952085	-0.782036	-0.604645	-0.458129	-0.393086	-0.385294	-0.397591	-0.371554	-0.325878	-0.296945	
0.762075	1.05435	1.28172	1.40845	1.43802	1.36364	1.16599	0.8673	0.511258	0.117048	-0.273156	-0.607581	-0.870847	-1.02914	-1.07393	-1.02062	-0.878793	-0.704237	-0.537797	-0.42895	-0.385765	-0.394685	-0.397054	-0.378896	-0.340275	
0.675966	0.971846	1.22173	1.3785	1.44015	1.40587	1.25306	0.989602	0.659815	0.284629	-0.107936	-0.462017	-0.756855	-0.965621	-1.06358	-1.06461	-0.972517	-0.825329	-0.652117	-0.506428	-0.415818	-0.385634	-0.388747	-0.390061	-0.37675	
0.583025	0.875903	1.14534	1.33344	1.42843	1.43482	1.33202	1.11202	0.813411	0.464154	0.0802193	-0.286926	-0.606865	-0.861185	-1.01687	-1.08057	-1.04592	-0.936933	-0.789945	-0.630063	-0.502974	-0.42153	-0.390298	-0.383958	-0.380432	
0.486436	0.767963	1.05119	1.27043	1.40005	1.4461	1.39558	1.22775	0.967581	0.650512	0.286548	-0.0848345	-0.422761	-0.714503	-0.923497	-1.04437	-1.08164	-1.03289	-0.924588	-0.782014	-0.640111	-0.521517	-0.443761	-0.399785	-0.381084	
0.390283	0.651118	0.939191	1.18674	1.35222	1.43654	1.43714	1.32824	1.11537	0.836544	0.504232	0.140998	-0.206047	-0.52207	-0.781124	-0.960559	-1.0594	-1.07574	-1.03116	-0.929171	-0.808182	-0.679837	-0.575566	-0.493922	-0.441619	
0.299158	0.530218	0.811362	1.08045	1.28194	1.40384	1.45166	1.40454	1.24849	1.01408	0.722985	0.383385	0.0371433	-0.291063	-0.582727	-0.810351	-0.978174	-1.06203	-1.0791	-1.03937	-0.955874	-0.855209	-0.747212	-0.654518	-0.578876	
0.217517	0.411552	0.672416	0.951563	1.18622	1.34596	1.43616	1.44847	1.35721	1.17473	0.931431	0.630539	0.299682	-0.0263603	-0.341481	-0.60583	-0.814437	-0.970264	-1.05209	-1.08258	-1.05665	-1.00168	-0.922317	-0.841791	-0.761183	
0.148899	0.30199	0.529864	0.803376	1.06307	1.26056	1.38956	1.45429	1.43117	1.3092	1.1182	0.86924	0.567275	0.256503	-0.0523674	-0.3503	-0.596146	-0.796519	-0.940694	-1.03021	-1.07207	-1.07162	-1.04267	-0.996183	-0.943357	
0.0952333	0.207694	0.393188	0.643401	0.913353	1.14508	1.31167	1.41973	1.46084	1.40811	1.2724	1.08219	0.831762	0.540089	0.249667	-0.0409885	-0.315439	-0.550938	-0.746058	-0.890027	-0.990037	-1.04688	-1.07104	-1.06725	-1.05032	
0.0564979	0.13275	0.272038	0.483198	0.742965	0.998125	1.2019	1.34672	1.43963	1.45984	1.38888	1.25212	1.06719	0.824946	0.551544	0.277656	0.00730113	-0.243705	-0.466931	-0.654772	-0.803359	-0.913847	-0.990163	-1.03695	-1.06128	
0.0308907	0.0782435	0.173835	0.336347	0.56426	0.822668	1.05821	1.23911	1.36969	1.4509	1.45682	1.38014	1.24896	1.07354	0.85044	0.600878	0.344714	0.094273	-0.138046	-0.346429	-0.525235	-0.67307	-0.789411	-0.877783	-0.942655	
0.0154853	0.0422534	0.101759	0.21472	0.394604	0.630234	0.880168	1.09657	1.26092	1.382	1.4551	1.45622	1.38433	1.26264	1.10116	0.903696	0.683023	0.451829	0.223575	0.00892325	-0.185138	-0.355066	-0.498787	-0.615346	-0.707055	
