0.282849	0.0530438	-0.171107	-0.368308	-0.515664	-0.604217	-0.632761	-0.610717	-0.550503	-0.477839	-0.412702	-0.371508	-0.354733	-0.365474	-0.394339	-0.449801	-0.524911	-0.602635	-0.655381	-0.674264	-0.644189	-0.54049	-0.36556	-0.128161	0.161957	
0.0530438	-0.197857	-0.431078	-0.625386	-0.762868	-0.837959	-0.847266	-0.797694	-0.708696	-0.602206	-0.510827	-0.444094	-0.404225	-0.395663	-0.41186	-0.451419	-0.500982	-0.552168	-0.5913	-0.599704	-0.56141	-0.441784	-0.248904	-0.00300258	0.278324	
-0.171107	-0.431078	-0.659432	-0.841078	-0.957929	-1.01157	-0.998614	-0.92764	-0.821199	-0.695772	-0.580132	-0.491719	-0.438727	-0.422336	-0.435576	-0.463279	-0.494643	-0.526957	-0.544973	-0.533034	-0.468191	-0.329244	-0.120327	0.130339	0.393626	
-0.368308	-0.625386	-0.841078	-1.003	-1.10004	-1.13433	-1.10886	-1.02445	-0.903033	-0.761638	-0.630293	-0.534396	-0.475216	-0.45124	-0.462138	-0.486619	-0.511292	-0.522463	-0.514448	-0.475548	-0.384246	-0.227776	-0.00683577	0.237378	0.480999	
-0.515664	-0.762868	-0.957929	-1.10004	-1.18398	-1.20935	-1.17185	-1.08244	-0.951096	-0.807634	-0.674561	-0.575971	-0.515464	-0.487616	-0.495881	-0.516277	-0.525688	-0.513698	-0.48032	-0.419073	-0.31291	-0.148109	0.0654371	0.29622	0.52092	
-0.604217	-0.837959	-1.01157	-1.13433	-1.20935	-1.2352	-1.19473	-1.10147	-0.971138	-0.832503	-0.708246	-0.607542	-0.547377	-0.522926	-0.525399	-0.535589	-0.531376	-0.502031	-0.447977	-0.368725	-0.25672	-0.102494	0.0882678	0.29743	0.504351	
-0.632761	-0.847266	-0.998614	-1.10886	-1.17185	-1.19473	-1.15697	-1.06744	-0.952729	-0.825613	-0.711272	-0.619833	-0.56426	-0.538066	-0.531614	-0.53228	-0.526587	-0.487636	-0.41774	-0.327873	-0.220583	-0.0891333	0.0688265	0.245624	0.427194	
-0.610717	-0.797694	-0.92764	-1.02445	-1.08244	-1.10147	-1.06744	-0.994401	-0.895943	-0.786485	-0.682419	-0.600837	-0.549209	-0.520723	-0.51258	-0.512941	-0.50919	-0.470699	-0.397444	-0.306137	-0.20191	-0.0952431	0.0232549	0.158778	0.30508	
-0.550503	-0.708696	-0.821199	-0.903033	-0.951096	-0.971138	-0.952729	-0.895943	-0.813718	-0.719521	-0.631079	-0.563682	-0.51631	-0.488288	-0.478938	-0.475472	-0.468385	-0.438981	-0.372765	-0.282757	-0.1872	-0.107205	-0.0332205	0.0591492	0.167379	
-0.477839	-0.602206	-0.695772	-0.761638	-0.807634	-0.832503	-0.825613	-0.786485	-0.719521	-0.639862	-0.569223	-0.515971	-0.479191	-0.452926	-0.432047	-0.418136	-0.403829	-0.376573	-0.318972	-0.236386	-0.161447	-0.111267	-0.0724871	-0.018925	0.0503429	
-0.412702	-0.510827	-0.580132	-0.630293	-0.674561	-0.708246	-0.711272	-0.682419	-0.631079	-0.569223	-0.513635	-0.471836	-0.437085	-0.405221	-0.37343	-0.343195	-0.313963	-0.278376	-0.227615	-0.169055	-0.121011	-0.0957394	-0.0846184	-0.0606935	-0.02569	
-0.371508	-0.444094	-0.491719	-0.534396	-0.575971	-0.607542	-0.619833	-0.600837	-0.563682	-0.515971	-0.471836	-0.432432	-0.389539	-0.347112	-0.300444	-0.250963	-0.200025	-0.154307	-0.114063	-0.0809304	-0.0610141	-0.0586973	-0.0680566	-0.069895	-0.0562368	
-0.354733	-0.404225	-0.438727	-0.475216	-0.515464	-0.547377	-0.56426	-0.549209	-0.51631	-0.479191	-0.437085	-0.389539	-0.337637	-0.284746	-0.224029	-0.150258	-0.080866	-0.0246909	0.0110009	0.0265377	0.0238991	0.00871111	-0.0139086	-0.0319754	-0.0373725	
-0.365474	-0.395663	-0.422336	-0.45124	-0.487616	-0.522926	-0.538066	-0.520723	-0.488288	-0.452926	-0.405221	-0.347112	-0.284746	-0.220371	-0.142877	-0.0489044	0.0437593	0.113516	0.153321	0.157204	0.137973	0.111126	0.0809811	0.054656	0.0396758	
-0.394339	-0.41186	-0.435576	-0.462138	-0.495881	-0.525399	-0.531614	-0.51258	-0.478938	-0.432047	-0.37343	-0.300444	-0.224029	-0.142877	-0.0481702	0.0638409	0.177255	0.26249	0.305206	0.308194	0.278608	0.238088	0.202843	0.179323	0.168032	
-0.449801	-0.451419	-0.463279	-0.486619	-0.516277	-0.535589	-0.53228	-0.512941	-0.475472	-0.418136	-0.343195	-0.250963	-0.150258	-0.0489044	0.0638409	0.190986	0.312679	0.401728	0.449076	0.454632	0.425111	0.378841	0.348141	0.337053	0.334908	
-0.524911	-0.500982	-0.494643	-0.511292	-0.525688	-0.531376	-0.526587	-0.50919	-0.468385	-0.403829	-0.313963	-0.200025	-0.080866	0.0437593	0.177255	0.312679	0.437392	0.52826	0.580218	0.589359	0.565188	0.529866	0.507275	0.503021	0.507786	
-0.602635	-0.552168	-0.526957	-0.522463	-0.513698	-0.502031	-0.487636	-0.470699	-0.438981	-0.376573	-0.278376	-0.154307	-0.0246909	0.113516	0.26249	0.401728	0.52826	0.625716	0.684226	0.703211	0.695488	0.673611	0.655384	0.651646	0.666662	
-0.655381	-0.5913	-0.544973	-0.514448	-0.48032	-0.447977	-0.41774	-0.397444	-0.372765	-0.318972	-0.227615	-0.114063	0.0110009	0.153321	0.305206	0.449076	0.580218	0.684226	0.761389	0.803151	0.811902	0.796838	0.777432	0.775984	0.793712	
-0.674264	-0.599704	-0.533034	-0.475548	-0.419073	-0.368725	-0.327873	-0.306137	-0.282757	-0.236386	-0.169055	-0.0809304	0.0265377	0.157204	0.308194	0.454632	0.589359	0.703211	0.803151	0.868476	0.886872	0.878686	0.868026	0.863918	0.868517	
-0.644189	-0.56141	-0.468191	-0.384246	-0.31291	-0.25672	-0.220583	-0.20191	-0.1872	-0.161447	-0.121011	-0.0610141	0.0238991	0.137973	0.278608	0.425111	0.565188	0.695488	0.811902	0.886872	0.912386	0.914906	0.912693	0.900449	0.889201	
-0.54049	-0.441784	-0.329244	-0.227776	-0.148109	-0.102494	-0.0891333	-0.0952431	-0.107205	-0.111267	-0.0957394	-0.0586973	0.00871111	0.111126	0.238088	0.378841	0.529866	0.673611	0.796838	0.878686	0.914906	0.92402	0.918722	0.90232	0.8854	
-0.36556	-0.248904	-0.120327	-0.00683577	0.0654371	0.0882678	0.0688265	0.0232549	-0.0332205	-0.0724871	-0.0846184	-0.0680566	-0.0139086	0.0809811	0.202843	0.348141	0.507275	0.655384	0.777432	0.868026	0.912693	0.918722	0.909172	0.891716	0.870027	
-0.128161	-0.00300258	0.130339	0.237378	0.29622	0.29743	0.245624	0.158778	0.0591492	-0.018925	-0.0606935	-0.069895	-0.0319754	0.054656	0.179323	0.337053	0.503021	0.651646	0.775984	0.863918	0.900449	0.90232	0.891716	0.868557	0.837658	
0.161957	0.278324	0.393626	0.480999	0.52092	0.504351	0.427194	0.30508	0.167379	0.0503429	-0.02569	-0.0562368	-0.0373725	0.0396758	0.168032	0.334908	0.507786	0.666662	0.793712	0.868517	0.889201	0.8854	0.870027	0.837658	0.801675	
0.480108	0.576213	0.663019	0.718056	0.731561	0.694199	0.598414	0.454786	0.286234	0.132954	0.0237255	-0.0333483	-0.0318761	0.0363938	0.168852	0.344167	0.531124	0.701255	0.827913	0.895381	0.909314	0.893063	0.859861	0.816174	0.783888	
0.798322	0.864046	0.917525	0.939057	0.921992	0.859686	0.747195	0.592642	0.412589	0.23545	0.0937652	0.00715839	-0.00906827	0.0535151	0.185146	0.370107	0.571901	0.747237	0.874472	0.948022	0.96546	0.934626	0.880067	0.828831	0.794424	
1.07855	1.11465	1.13589	1.13012	1.08582	1.00024	0.87659	0.714314	0.524062	0.32937	0.160762	0.056412	0.0333752	0.0907232	0.222775	0.410309	0.619283	0.797545	0.928632	1.00907	1.02609	0.985919	0.924615	0.871047	0.831299	
1.2887	1.29802	1.29577	1.26718	1.20307	1.10058	0.963378	0.795131	0.600459	0.39376	0.212233	0.100198	0.0769275	0.136377	0.268385	0.449985	0.652357	0.830427	0.965426	1.04345	1.05917	1.0222	0.962884	0.909734	0.871759	
1.40307	1.39865	1.38225	1.3438	1.27011	1.15506	1.01128	0.842806	0.649216	0.437343	0.246483	0.128138	0.101458	0.164498	0.302283	0.477124	0.669694	0.843417	0.974978	1.04766	1.06673	1.03875	0.978278	0.922801	0.893132	
1.42096	1.41423	1.39657	1.35709	1.27987	1.16319	1.01923	0.851583	0.6576	0.445396	0.253359	0.133723	0.105556	0.168916	0.308618	0.482265	0.671898	0.844521	0.974198	1.04567	1.06724	1.04096	0.980057	0.923621	0.896342	
1.34697	1.34943	1.3395	1.30496	1.23684	1.12812	0.987291	0.818204	0.623458	0.413838	0.228755	0.113621	0.0892018	0.150399	0.284561	0.462571	0.661448	0.837725	0.972121	1.04799	1.06452	1.03126	0.971422	0.917545	0.883128	
1.17247	1.19685	1.20705	1.19251	1.13881	1.04546	0.916578	0.751618	0.55876	0.358436	0.182835	0.0753316	0.0518836	0.109354	0.240745	0.4273	0.634573	0.813585	0.947017	1.02723	1.04316	1.0027	0.942411	0.889408	0.848786	
0.916691	0.971455	1.01137	1.01977	0.991412	0.919678	0.802401	0.644551	0.460551	0.27631	0.122918	0.0268272	0.00662755	0.0658453	0.198103	0.384841	0.591815	0.767749	0.896213	0.973459	0.991061	0.955567	0.896945	0.843233	0.806937	
0.609831	0.693733	0.766871	0.809233	0.810868	0.763231	0.660248	0.511058	0.336771	0.172513	0.0493791	-0.0199844	-0.0256133	0.0410449	0.172788	0.352689	0.545876	0.718735	0.845032	0.913187	0.928704	0.906639	0.863445	0.816474	0.78442	
0.286672	0.397081	0.502018	0.577146	0.606864	0.582497	0.498014	0.366109	0.213366	0.0808883	-0.00823575	-0.048465	-0.036882	0.0362547	0.167248	0.336541	0.514621	0.678583	0.805583	0.876521	0.892305	0.884005	0.863244	0.826124	0.792113	
-0.01737	0.105386	0.234357	0.335419	0.387739	0.38158	0.318301	0.216221	0.101323	0.00745691	-0.0473959	-0.0657896	-0.0355232	0.047157	0.173257	0.335506	0.50324	0.654821	0.781141	0.863939	0.894319	0.894326	0.883211	0.857264	0.822389	
-0.277676	-0.155728	-0.0229418	0.0904421	0.157793	0.170723	0.137926	0.0759685	0.00139244	-0.053512	-0.0777386	-0.070789	-0.0223281	0.0695514	0.191876	0.342096	0.50444	0.652313	0.774325	0.86606	0.908962	0.913599	0.903158	0.883395	0.858178	
-0.478389	-0.372596	-0.252634	-0.14586	-0.0682477	-0.0298426	-0.0290892	-0.0501159	-0.0789216	-0.0962026	-0.0909491	-0.0620896	-5.03221e-05	0.099434	0.222748	0.363349	0.517502	0.664588	0.78767	0.873483	0.914836	0.92307	0.915809	0.899252	0.880969	
-0.611605	-0.523676	-0.422117	-0.329909	-0.252915	-0.19948	-0.170824	-0.159322	-0.152345	-0.138085	-0.107874	-0.0581661	0.018883	0.127523	0.262675	0.406713	0.551391	0.68793	0.808571	0.885914	0.914854	0.92079	0.918119	0.904092	0.889469	
-0.669589	-0.592404	-0.514753	-0.446365	-0.384114	-0.328857	-0.287856	-0.266055	-0.244622	-0.204882	-0.148083	-0.0702951	0.0275594	0.151366	0.298836	0.446735	0.582299	0.702274	0.809358	0.880255	0.90161	0.897766	0.89188	0.884702	0.881649	
-0.667491	-0.598735	-0.544433	-0.503766	-0.459611	-0.418604	-0.383001	-0.361993	-0.338352	-0.287289	-0.204075	-0.100321	0.0195956	0.158859	0.311573	0.45622	0.589424	0.696457	0.783269	0.835259	0.848452	0.835626	0.818798	0.81628	0.830356	
-0.627798	-0.571323	-0.537432	-0.521431	-0.502645	-0.483917	-0.462925	-0.445073	-0.416661	-0.357604	-0.259779	-0.137251	-0.00776116	0.1338	0.284759	0.425677	0.553144	0.653563	0.718571	0.745122	0.744757	0.726293	0.707426	0.705227	0.722737	
-0.557169	-0.52097	-0.507338	-0.51801	-0.523934	-0.522549	-0.515432	-0.49851	-0.461059	-0.396017	-0.300812	-0.180694	-0.0566897	0.074272	0.215808	0.352956	0.478724	0.571699	0.625066	0.637303	0.618111	0.588474	0.568964	0.564585	0.57417	
-0.478381	-0.470836	-0.475751	-0.497153	-0.521903	-0.53646	-0.532249	-0.514142	-0.473332	-0.412578	-0.332004	-0.231022	-0.120827	-0.0100137	0.111079	0.242112	0.365855	0.454765	0.50411	0.510317	0.482761	0.439199	0.411476	0.404466	0.404856	
-0.4134	-0.425332	-0.445079	-0.471391	-0.504586	-0.530141	-0.531642	-0.511639	-0.477085	-0.425427	-0.36055	-0.28087	-0.195355	-0.106556	-0.0053021	0.113286	0.231538	0.319659	0.363812	0.368383	0.337287	0.293098	0.258472	0.238955	0.231848	
-0.374535	-0.399294	-0.424895	-0.452439	-0.486994	-0.520957	-0.533327	-0.515759	-0.48363	-0.444468	-0.39267	-0.329279	-0.262096	-0.191854	-0.106865	-0.00542372	0.0962885	0.173156	0.214481	0.216443	0.192027	0.159441	0.127187	0.100578	0.085527	
-0.355902	-0.396837	-0.428263	-0.460901	-0.499657	-0.533997	-0.551244	-0.535097	-0.502395	-0.467618	-0.42461	-0.372921	-0.316515	-0.260047	-0.192584	-0.110273	-0.0319495	0.0287955	0.0656448	0.0755722	0.0655185	0.0456056	0.0197269	-0.00313402	-0.0135968	
-0.361503	-0.424854	-0.465552	-0.506837	-0.548214	-0.578533	-0.592708	-0.576731	-0.542441	-0.499615	-0.456862	-0.415055	-0.369378	-0.322166	-0.270247	-0.210619	-0.152447	-0.103091	-0.066099	-0.0406475	-0.0301642	-0.0355083	-0.0517588	-0.061057	-0.0554855	
-0.39226	-0.480985	-0.541471	-0.586908	-0.629802	-0.663624	-0.671465	-0.646197	-0.601868	-0.545694	-0.495433	-0.45624	-0.418839	-0.383113	-0.34553	-0.308505	-0.269754	-0.22984	-0.183543	-0.135835	-0.0993781	-0.0837551	-0.081817	-0.0693061	-0.0433222	
