-0.183308	-0.224311	-0.26047	-0.285925	-0.286097	-0.283247	-0.289195	-0.27317	-0.238931	-0.200256	-0.161355	-0.130275	-0.0934999	-0.0354295	0.0312358	0.0979223	0.15425	0.204793	0.255445	0.331611	0.420408	0.507883	0.596275	0.668568	0.722466	
-0.246637	-0.319018	-0.382835	-0.435349	-0.456386	-0.458519	-0.447755	-0.406415	-0.345217	-0.276314	-0.205977	-0.141575	-0.0814409	-0.0172064	0.0400932	0.0929323	0.130383	0.160774	0.196862	0.252558	0.317808	0.381852	0.448666	0.504273	0.543633	
-0.233903	-0.333307	-0.432069	-0.506717	-0.546794	-0.553266	-0.526811	-0.465764	-0.373854	-0.273675	-0.174694	-0.0841974	-0.00645734	0.0497173	0.0899481	0.115923	0.140864	0.163774	0.195697	0.235131	0.27008	0.303634	0.336895	0.363779	0.380469	
-0.156428	-0.27824	-0.399181	-0.493767	-0.55082	-0.560692	-0.52186	-0.440882	-0.32828	-0.204057	-0.0872147	0.0176652	0.0967289	0.139416	0.163168	0.175386	0.189557	0.205592	0.23182	0.253268	0.259712	0.260984	0.258698	0.254913	0.24748	
-0.035712	-0.163773	-0.296498	-0.409403	-0.483083	-0.496749	-0.444817	-0.345183	-0.217382	-0.0851056	0.035249	0.141244	0.214826	0.245705	0.252581	0.251842	0.254014	0.26583	0.287001	0.292331	0.271723	0.244825	0.215637	0.183808	0.15925	
0.0978248	-0.0290928	-0.16339	-0.276576	-0.347922	-0.361137	-0.310956	-0.212754	-0.0831521	0.0488744	0.166422	0.265706	0.338437	0.364064	0.360313	0.34446	0.330463	0.333539	0.344719	0.335551	0.300289	0.251533	0.198223	0.15497	0.124769	
0.225109	0.0997204	-0.0234699	-0.120438	-0.17828	-0.188007	-0.148976	-0.0660408	0.0489579	0.175417	0.292887	0.385349	0.451512	0.473148	0.46697	0.447316	0.4227	0.410247	0.408221	0.386531	0.346469	0.289209	0.223069	0.170187	0.131122	
0.323961	0.213738	0.108227	0.029134	-0.0224185	-0.0327108	0.00493485	0.0734328	0.169361	0.280427	0.386117	0.475973	0.539121	0.562892	0.562687	0.545523	0.519936	0.500417	0.484494	0.457001	0.414881	0.363004	0.303751	0.241081	0.181878	
0.383922	0.294553	0.209897	0.142392	0.0966543	0.087458	0.12096	0.180766	0.258295	0.349951	0.434477	0.518151	0.584381	0.623417	0.631137	0.621698	0.602467	0.587569	0.574565	0.552665	0.516737	0.47022	0.415412	0.351599	0.281135	
0.383379	0.310336	0.24838	0.201407	0.168629	0.16137	0.186711	0.228054	0.283024	0.353853	0.42805	0.507986	0.580827	0.634582	0.660038	0.665849	0.65999	0.663713	0.670706	0.665048	0.63868	0.600856	0.548598	0.484111	0.409089	
0.321797	0.264486	0.233395	0.208802	0.190788	0.187649	0.200482	0.223408	0.249818	0.295665	0.364484	0.44933	0.532226	0.599354	0.643958	0.67369	0.691819	0.725601	0.759378	0.772669	0.764608	0.74181	0.695761	0.623821	0.531913	
0.218836	0.18169	0.169053	0.16216	0.157909	0.158258	0.159712	0.165983	0.175219	0.200039	0.25616	0.341755	0.441602	0.529094	0.599915	0.656133	0.70571	0.770424	0.829726	0.86256	0.870801	0.861472	0.823861	0.748082	0.637949	
0.100457	0.0691893	0.056214	0.0537503	0.0571502	0.0581175	0.0546183	0.0543093	0.0620061	0.0852722	0.133688	0.217262	0.32314	0.433935	0.536528	0.623216	0.706761	0.797519	0.876011	0.923352	0.940081	0.935941	0.910131	0.840653	0.724544	
-0.0243488	-0.0631721	-0.0852367	-0.0930279	-0.0942185	-0.0951073	-0.0937375	-0.0897383	-0.0736673	-0.0429671	0.0122001	0.0979652	0.203696	0.326916	0.455167	0.576162	0.690966	0.796776	0.882165	0.939401	0.965693	0.972066	0.950353	0.887839	0.780617	
-0.15667	-0.203864	-0.235757	-0.254131	-0.261328	-0.261649	-0.258526	-0.244453	-0.21745	-0.178387	-0.118989	-0.0312619	0.0826241	0.217453	0.365009	0.514417	0.649462	0.763087	0.855949	0.921711	0.960727	0.972599	0.956771	0.902835	0.805523	
-0.298152	-0.348082	-0.3854	-0.4078	-0.416514	-0.416802	-0.412946	-0.396762	-0.363851	-0.320401	-0.260687	-0.173159	-0.0447565	0.106288	0.27404	0.444037	0.590059	0.708676	0.805767	0.88088	0.929089	0.95027	0.945484	0.899523	0.812926	
-0.422956	-0.474521	-0.508116	-0.52898	-0.541602	-0.54303	-0.535237	-0.517979	-0.489899	-0.445503	-0.384242	-0.29338	-0.165458	-0.00555813	0.177338	0.364649	0.518894	0.635262	0.730907	0.811879	0.870481	0.903117	0.908126	0.871769	0.801428	
-0.515281	-0.557839	-0.58428	-0.598586	-0.608483	-0.611157	-0.602987	-0.590918	-0.570944	-0.534246	-0.479129	-0.393681	-0.274175	-0.118196	0.0718468	0.267978	0.427792	0.545276	0.640457	0.722175	0.784077	0.824162	0.836573	0.813811	0.766218	
-0.576676	-0.599562	-0.610978	-0.612148	-0.607913	-0.607357	-0.610444	-0.612269	-0.605684	-0.587795	-0.552699	-0.486599	-0.382948	-0.238309	-0.0564828	0.136795	0.306029	0.436783	0.535585	0.6148	0.676316	0.723938	0.743306	0.7364	0.716082	
-0.609351	-0.61121	-0.596632	-0.577849	-0.559761	-0.55559	-0.570071	-0.588722	-0.606721	-0.612177	-0.600639	-0.563543	-0.492139	-0.370537	-0.208966	-0.025286	0.147562	0.290481	0.397068	0.477247	0.545359	0.604218	0.644886	0.66858	0.680308	
-0.60773	-0.585382	-0.549691	-0.509502	-0.482496	-0.478303	-0.496261	-0.53302	-0.572964	-0.600276	-0.614217	-0.615141	-0.581352	-0.498077	-0.362909	-0.20212	-0.0402461	0.103312	0.215466	0.30907	0.393042	0.473523	0.547053	0.607051	0.6469	
-0.565795	-0.522704	-0.475393	-0.428845	-0.396267	-0.389885	-0.413126	-0.456372	-0.504416	-0.547841	-0.5933	-0.630974	-0.63619	-0.590219	-0.497761	-0.368316	-0.224011	-0.0922636	0.0227369	0.129956	0.234209	0.337996	0.438967	0.528384	0.598504	
-0.497703	-0.440512	-0.394815	-0.351469	-0.320746	-0.315761	-0.33656	-0.377134	-0.421626	-0.472538	-0.538191	-0.602148	-0.641356	-0.638596	-0.587708	-0.494778	-0.377923	-0.261059	-0.150268	-0.0354687	0.0854359	0.204696	0.320071	0.43538	0.532632	
-0.421841	-0.369185	-0.330689	-0.299642	-0.277927	-0.273507	-0.289481	-0.317298	-0.352104	-0.399365	-0.45988	-0.534043	-0.602916	-0.637964	-0.624233	-0.570513	-0.487159	-0.390332	-0.288596	-0.176913	-0.0427391	0.089572	0.21023	0.3335	0.448295	
-0.359286	-0.323035	-0.2986	-0.277848	-0.263158	-0.260575	-0.270786	-0.289652	-0.312327	-0.343381	-0.389058	-0.456911	-0.536883	-0.596797	-0.61835	-0.604637	-0.557478	-0.483374	-0.393373	-0.283162	-0.144888	-0.00707863	0.11442	0.236887	0.356257	
-0.324001	-0.308019	-0.296794	-0.284012	-0.273951	-0.271285	-0.279393	-0.292107	-0.303571	-0.315929	-0.341893	-0.393755	-0.467187	-0.540347	-0.595071	-0.613834	-0.592817	-0.543352	-0.463407	-0.351599	-0.212847	-0.0768482	0.0514065	0.172685	0.283749	
-0.308019	-0.307519	-0.307756	-0.298057	-0.290268	-0.289031	-0.293691	-0.305098	-0.308707	-0.306763	-0.313841	-0.347734	-0.409089	-0.491205	-0.564032	-0.605884	-0.607749	-0.579334	-0.513629	-0.402395	-0.261743	-0.118737	0.0176482	0.140078	0.234855	
-0.296794	-0.307756	-0.314324	-0.310374	-0.301115	-0.298487	-0.306469	-0.313649	-0.311572	-0.300573	-0.295287	-0.313039	-0.366628	-0.442427	-0.521779	-0.581868	-0.609033	-0.601109	-0.544529	-0.439385	-0.297003	-0.144266	0.00176259	0.128418	0.214222	
-0.284012	-0.298057	-0.310374	-0.3079	-0.296297	-0.29409	-0.303462	-0.310891	-0.304175	-0.289335	-0.278153	-0.287075	-0.32676	-0.396702	-0.476921	-0.554134	-0.60376	-0.610814	-0.563452	-0.461817	-0.318032	-0.156371	-0.00180606	0.125472	0.197797	
-0.273951	-0.290268	-0.301115	-0.296297	-0.283723	-0.28129	-0.291537	-0.300956	-0.29585	-0.280151	-0.265772	-0.268641	-0.299067	-0.363694	-0.447643	-0.532284	-0.592261	-0.615788	-0.576526	-0.471283	-0.326268	-0.160618	0.000677393	0.125432	0.185049	
-0.271285	-0.289031	-0.298487	-0.29409	-0.28129	-0.278582	-0.289334	-0.298626	-0.294782	-0.277743	-0.263441	-0.264451	-0.294657	-0.357091	-0.44287	-0.527599	-0.589801	-0.617888	-0.578842	-0.471872	-0.326409	-0.161613	0.00122172	0.126119	0.183849	
-0.279393	-0.293691	-0.306469	-0.303462	-0.291537	-0.289334	-0.298448	-0.307132	-0.300111	-0.284762	-0.272193	-0.278694	-0.31341	-0.38137	-0.462348	-0.543899	-0.599032	-0.613119	-0.569643	-0.466868	-0.32323	-0.158876	-0.00112882	0.125021	0.191663	
-0.292107	-0.305098	-0.313649	-0.310891	-0.300956	-0.298626	-0.307132	-0.313731	-0.309585	-0.297014	-0.288444	-0.301568	-0.350307	-0.423676	-0.503347	-0.570638	-0.607156	-0.605715	-0.553219	-0.4505	-0.307407	-0.150299	-0.000702006	0.126625	0.207782	
-0.303571	-0.308707	-0.311572	-0.304175	-0.29585	-0.294782	-0.300111	-0.309585	-0.311307	-0.304881	-0.305715	-0.33217	-0.391041	-0.47184	-0.548569	-0.597695	-0.609748	-0.589952	-0.528234	-0.418337	-0.276578	-0.130214	0.00921319	0.133917	0.224726	
-0.315929	-0.306763	-0.300573	-0.289335	-0.280151	-0.277743	-0.284762	-0.297014	-0.304881	-0.311161	-0.329011	-0.373831	-0.442283	-0.519529	-0.583401	-0.612749	-0.600789	-0.559875	-0.48568	-0.373891	-0.234688	-0.0968892	0.0351058	0.156106	0.260225	
-0.341893	-0.313841	-0.295287	-0.278153	-0.265772	-0.263441	-0.272193	-0.288444	-0.305715	-0.329011	-0.36686	-0.429375	-0.508056	-0.574607	-0.60986	-0.610554	-0.575387	-0.510873	-0.424868	-0.313603	-0.176033	-0.0382726	0.0855322	0.207583	0.324757	
-0.393755	-0.347734	-0.313039	-0.287075	-0.268641	-0.264451	-0.278694	-0.301568	-0.33217	-0.373831	-0.429375	-0.502365	-0.57904	-0.624961	-0.626116	-0.587903	-0.519704	-0.431836	-0.334914	-0.224972	-0.0877242	0.0482793	0.169664	0.291804	0.410617	
-0.467187	-0.409089	-0.366628	-0.32676	-0.299067	-0.294657	-0.31341	-0.350307	-0.391041	-0.442283	-0.508056	-0.57904	-0.629963	-0.644511	-0.608222	-0.531174	-0.42757	-0.317013	-0.210109	-0.095091	0.031711	0.156394	0.274819	0.395594	0.500684	
-0.540347	-0.491205	-0.442427	-0.396702	-0.363694	-0.357091	-0.38137	-0.423676	-0.47184	-0.519529	-0.574607	-0.624961	-0.644511	-0.614562	-0.540412	-0.424383	-0.29036	-0.164483	-0.0500364	0.061486	0.172874	0.28318	0.391709	0.49317	0.574846	
-0.595071	-0.564032	-0.521779	-0.476921	-0.447643	-0.44287	-0.462348	-0.503347	-0.548569	-0.583401	-0.60986	-0.626116	-0.608222	-0.540412	-0.421012	-0.271422	-0.116081	0.0240137	0.136792	0.236166	0.328804	0.41976	0.505383	0.577279	0.628832	
-0.613834	-0.605884	-0.581868	-0.554134	-0.532284	-0.527599	-0.543899	-0.570638	-0.597695	-0.612749	-0.610554	-0.587903	-0.531174	-0.424383	-0.271422	-0.0953789	0.0750256	0.220047	0.328647	0.41386	0.486661	0.553184	0.606473	0.644569	0.668956	
-0.592817	-0.607749	-0.609033	-0.60376	-0.592261	-0.589801	-0.599032	-0.607156	-0.609748	-0.600789	-0.575387	-0.519704	-0.42757	-0.29036	-0.116081	0.0750256	0.246632	0.383464	0.485215	0.563778	0.626783	0.677626	0.703411	0.707332	0.699239	
-0.543352	-0.579334	-0.601109	-0.610814	-0.615788	-0.617888	-0.613119	-0.605715	-0.589952	-0.559875	-0.510873	-0.431836	-0.317013	-0.164483	0.0240137	0.220047	0.383464	0.505392	0.600914	0.68177	0.74348	0.786672	0.801248	0.783545	0.745781	
-0.463407	-0.513629	-0.544529	-0.563452	-0.576526	-0.578842	-0.569643	-0.553219	-0.528234	-0.48568	-0.424868	-0.334914	-0.210109	-0.0500364	0.136792	0.328647	0.485215	0.600914	0.695999	0.778398	0.839001	0.874837	0.883122	0.851995	0.790046	
-0.351599	-0.402395	-0.439385	-0.461817	-0.471283	-0.471872	-0.466868	-0.4505	-0.418337	-0.373891	-0.313603	-0.224972	-0.095091	0.061486	0.236166	0.41386	0.563778	0.68177	0.778398	0.85647	0.908646	0.935225	0.934424	0.891732	0.811139	
-0.212847	-0.261743	-0.297003	-0.318032	-0.326268	-0.326409	-0.32323	-0.307407	-0.276578	-0.234688	-0.176033	-0.0877242	0.031711	0.172874	0.328804	0.486661	0.626783	0.74348	0.839001	0.908646	0.951777	0.966426	0.9552	0.90381	0.810388	
-0.0768482	-0.118737	-0.144266	-0.156371	-0.160618	-0.161613	-0.158876	-0.150299	-0.130214	-0.0968892	-0.0382726	0.0482793	0.156394	0.28318	0.41976	0.553184	0.677626	0.786672	0.874837	0.935225	0.966426	0.975453	0.95541	0.896712	0.793752	
0.0514065	0.0176482	0.00176259	-0.00180606	0.000677393	0.00122172	-0.00112882	-0.000702006	0.00921319	0.0351058	0.0855322	0.169664	0.274819	0.391709	0.505383	0.606473	0.703411	0.801248	0.883122	0.934424	0.9552	0.95541	0.93164	0.864653	0.750558	
0.172685	0.140078	0.128418	0.125472	0.125432	0.126119	0.125021	0.126625	0.133917	0.156106	0.207583	0.291804	0.395594	0.49317	0.577279	0.644569	0.707332	0.783545	0.851995	0.891732	0.90381	0.896712	0.864653	0.790164	0.675896	
0.283749	0.234855	0.214222	0.197797	0.185049	0.183849	0.191663	0.207782	0.224726	0.260225	0.324757	0.410617	0.500684	0.574846	0.628832	0.668956	0.699239	0.745781	0.790046	0.811139	0.810388	0.793752	0.750558	0.675896	0.575898	
