0.573482	0.615574	0.598882	0.515722	0.367126	0.173304	-0.0531984	-0.281678	-0.475016	-0.614053	-0.68001	-0.673301	-0.619589	-0.518558	-0.380347	-0.222097	-0.064693	0.0619087	0.145821	0.200709	0.213093	0.177507	0.111041	0.0292724	-0.0597662	
0.615574	0.66303	0.650651	0.575175	0.434804	0.255616	0.0356928	-0.193041	-0.394691	-0.545861	-0.623879	-0.635622	-0.601658	-0.524275	-0.40936	-0.27069	-0.128957	-0.00190303	0.0925295	0.158321	0.188111	0.173444	0.121727	0.0419452	-0.0634122	
0.598882	0.650651	0.648585	0.584849	0.463559	0.30349	0.0971724	-0.120458	-0.31271	-0.46206	-0.548678	-0.57732	-0.563608	-0.505126	-0.413517	-0.296933	-0.16862	-0.0401046	0.0672596	0.145874	0.189391	0.195819	0.162063	0.088077	-0.028712	
0.515722	0.575175	0.584849	0.539127	0.443814	0.306644	0.12422	-0.0636994	-0.233298	-0.372649	-0.464233	-0.510317	-0.511773	-0.4673	-0.392589	-0.290736	-0.178276	-0.0547492	0.0600614	0.150205	0.206332	0.228266	0.207959	0.137145	0.0122636	
0.367126	0.434804	0.463559	0.443814	0.377237	0.272612	0.133245	-0.0163872	-0.152447	-0.269427	-0.358135	-0.415071	-0.430795	-0.400225	-0.339975	-0.256458	-0.164665	-0.0616346	0.0517829	0.144993	0.206949	0.235696	0.228003	0.166491	0.0432134	
0.173304	0.255616	0.30349	0.306644	0.272612	0.213347	0.132628	0.0362701	-0.0573222	-0.14175	-0.220954	-0.284219	-0.307892	-0.290016	-0.247406	-0.189147	-0.129834	-0.0555944	0.0385561	0.126452	0.188645	0.223189	0.225796	0.176289	0.0690862	
-0.0531984	0.0356928	0.0971724	0.12422	0.133245	0.132628	0.119147	0.0888096	0.0490578	0.00242924	-0.0543165	-0.108901	-0.136364	-0.132454	-0.118666	-0.094643	-0.0696217	-0.0334314	0.0308488	0.102715	0.158036	0.19246	0.200658	0.163863	0.0823781	
-0.281678	-0.193041	-0.120458	-0.0636994	-0.0163872	0.0362701	0.0888096	0.125985	0.145167	0.143596	0.121522	0.0900514	0.0641718	0.0460673	0.032888	0.019931	0.0100534	0.0103353	0.0394435	0.0846354	0.125393	0.155812	0.165731	0.142877	0.0925305	
-0.475016	-0.394691	-0.31271	-0.233298	-0.152447	-0.0573222	0.0490578	0.145167	0.214871	0.2583	0.276997	0.273636	0.254093	0.222558	0.182927	0.136371	0.0959077	0.0679558	0.0626656	0.0795423	0.0993434	0.124331	0.138834	0.133945	0.115692	
-0.614053	-0.545861	-0.46206	-0.372649	-0.269427	-0.14175	0.00242924	0.143596	0.2583	0.338644	0.390665	0.413155	0.406822	0.371589	0.313234	0.238501	0.173144	0.121484	0.0887253	0.0792303	0.082693	0.0996346	0.12189	0.143903	0.15876	
-0.68001	-0.623879	-0.548678	-0.464233	-0.358135	-0.220954	-0.0543165	0.121522	0.276997	0.390665	0.463721	0.505594	0.516059	0.486668	0.423585	0.335421	0.250494	0.176172	0.119796	0.0890949	0.0760364	0.0828648	0.116984	0.168613	0.214602	
-0.673301	-0.635622	-0.57732	-0.510317	-0.415071	-0.284219	-0.108901	0.0900514	0.273636	0.413155	0.505594	0.56479	0.595533	0.583894	0.528872	0.436648	0.335871	0.237544	0.157115	0.102927	0.071782	0.0721257	0.118276	0.195099	0.265564	
-0.619589	-0.601658	-0.563608	-0.511773	-0.430795	-0.307892	-0.136364	0.0641718	0.254093	0.406822	0.516059	0.595533	0.651626	0.665306	0.626271	0.53885	0.423817	0.307471	0.20104	0.118012	0.0703291	0.0667472	0.119193	0.214284	0.315337	
-0.518558	-0.524275	-0.505126	-0.4673	-0.400225	-0.290016	-0.132454	0.0460673	0.222558	0.371589	0.486668	0.583894	0.665306	0.708379	0.69207	0.616104	0.501107	0.371432	0.249774	0.147109	0.0837818	0.0714464	0.12283	0.231296	0.364145	
-0.380347	-0.40936	-0.413517	-0.392589	-0.339975	-0.247406	-0.118666	0.032888	0.182927	0.313234	0.423585	0.528872	0.626271	0.69207	0.70172	0.646213	0.54297	0.42107	0.301967	0.196708	0.122141	0.1009	0.147121	0.261058	0.415302	
-0.222097	-0.27069	-0.296933	-0.290736	-0.256458	-0.189147	-0.094643	0.019931	0.136371	0.238501	0.335421	0.436648	0.53885	0.616104	0.646213	0.619394	0.544219	0.450677	0.354078	0.255396	0.178839	0.155747	0.198135	0.308605	0.465233	
-0.064693	-0.128957	-0.16862	-0.178276	-0.164665	-0.129834	-0.0696217	0.0100534	0.0959077	0.173144	0.250494	0.335871	0.423817	0.501107	0.54297	0.544219	0.51722	0.466655	0.402664	0.324614	0.252339	0.22507	0.260071	0.360758	0.507782	
0.0619087	-0.00190303	-0.0401046	-0.0547492	-0.0616346	-0.0555944	-0.0334314	0.0103353	0.0679558	0.121484	0.176172	0.237544	0.307471	0.371432	0.42107	0.450677	0.466655	0.465208	0.444778	0.397335	0.339241	0.305057	0.321472	0.405525	0.53844	
0.145821	0.0925295	0.0672596	0.0600614	0.0517829	0.0385561	0.0308488	0.0394435	0.0626656	0.0887253	0.119796	0.157115	0.20104	0.249774	0.301967	0.354078	0.402664	0.444778	0.46512	0.444925	0.403066	0.367663	0.367489	0.438476	0.553575	
0.200709	0.158321	0.145874	0.150205	0.144993	0.126452	0.102715	0.0846354	0.0795423	0.0792303	0.0890949	0.102927	0.118012	0.147109	0.196708	0.255396	0.324614	0.397335	0.444925	0.44666	0.422414	0.395776	0.394834	0.451039	0.541552	
0.213093	0.188111	0.189391	0.206332	0.206949	0.188645	0.158036	0.125393	0.0993434	0.082693	0.0760364	0.071782	0.0703291	0.0837818	0.122141	0.178839	0.252339	0.339241	0.403066	0.422414	0.417913	0.404713	0.402336	0.443554	0.507534	
0.177507	0.173444	0.195819	0.228266	0.235696	0.223189	0.19246	0.155812	0.124331	0.0996346	0.0828648	0.0721257	0.0667472	0.0714464	0.1009	0.155747	0.22507	0.305057	0.367663	0.395776	0.404713	0.398702	0.392329	0.416353	0.451834	
0.111041	0.121727	0.162063	0.207959	0.228003	0.225796	0.200658	0.165731	0.138834	0.12189	0.116984	0.118276	0.119193	0.12283	0.147121	0.198135	0.260071	0.321472	0.367489	0.394834	0.402336	0.392329	0.376001	0.373365	0.373434	
0.0292724	0.0419452	0.088077	0.137145	0.166491	0.176289	0.163863	0.142877	0.133945	0.143903	0.168613	0.195099	0.214284	0.231296	0.261058	0.308605	0.360758	0.405525	0.438476	0.451039	0.443554	0.416353	0.373365	0.333357	0.285085	
-0.0597662	-0.0634122	-0.028712	0.0122636	0.0432134	0.0690862	0.0823781	0.0925305	0.115692	0.15876	0.214602	0.265564	0.315337	0.364145	0.415302	0.465233	0.507782	0.53844	0.553575	0.541552	0.507534	0.451834	0.373434	0.285085	0.183656	
-0.152009	-0.186762	-0.173722	-0.150845	-0.115453	-0.0718189	-0.0242113	0.0227938	0.0831536	0.160211	0.245944	0.327107	0.407809	0.494666	0.572705	0.633907	0.678815	0.696202	0.688957	0.653943	0.589763	0.500786	0.378473	0.231209	0.06546	
-0.245419	-0.311247	-0.324884	-0.315506	-0.278055	-0.215431	-0.139421	-0.0562111	0.0410707	0.153722	0.272287	0.385909	0.499663	0.612628	0.716081	0.796854	0.848264	0.85789	0.836498	0.782216	0.692981	0.565572	0.394838	0.183169	-0.0565873	
-0.337643	-0.432155	-0.468418	-0.465508	-0.420585	-0.338247	-0.232326	-0.114583	0.0173562	0.160744	0.305274	0.448177	0.592324	0.729936	0.85304	0.946573	0.998292	1.0037	0.974489	0.905116	0.788987	0.6232	0.407516	0.142139	-0.164874	
-0.415384	-0.536271	-0.58728	-0.582722	-0.521946	-0.417029	-0.285285	-0.141378	0.0148989	0.180407	0.346252	0.513691	0.681223	0.842734	0.97822	1.07009	1.11974	1.12611	1.08671	1.00555	0.868833	0.674598	0.423087	0.109824	-0.249577	
-0.457657	-0.597071	-0.662337	-0.654403	-0.582641	-0.458083	-0.308633	-0.151486	0.0189246	0.201889	0.382999	0.563187	0.745392	0.914942	1.05352	1.14615	1.19835	1.20859	1.16439	1.06858	0.923634	0.717587	0.438321	0.086232	-0.305478	
-0.464765	-0.608266	-0.677338	-0.66905	-0.593875	-0.466162	-0.313126	-0.152477	0.0194534	0.206827	0.391449	0.574135	0.757511	0.928023	1.06674	1.15937	1.21227	1.22463	1.17772	1.07815	0.933158	0.725658	0.439771	0.0813078	-0.315673	
-0.436666	-0.566469	-0.622797	-0.616473	-0.550796	-0.435826	-0.296466	-0.147202	0.0163776	0.189355	0.362433	0.536407	0.711454	0.878102	1.01562	1.10713	1.15778	1.16518	1.12329	1.03653	0.895209	0.694314	0.430865	0.0990482	-0.276307	
-0.372293	-0.477677	-0.520852	-0.517849	-0.466418	-0.375973	-0.258512	-0.1285	0.0143451	0.168087	0.321554	0.474521	0.62915	0.777492	0.906864	1.0002	1.05054	1.05593	1.02319	0.948232	0.822667	0.643873	0.412434	0.127842	-0.201271	
-0.282071	-0.360081	-0.383915	-0.378379	-0.338836	-0.268118	-0.180841	-0.0836717	0.0286746	0.154086	0.283769	0.409973	0.536303	0.659002	0.771312	0.858529	0.91119	0.918511	0.894016	0.833277	0.733425	0.590413	0.401149	0.165906	-0.103013	
-0.189493	-0.237027	-0.234764	-0.218047	-0.18139	-0.129597	-0.0704876	-0.00915613	0.0661057	0.157452	0.256394	0.350684	0.44481	0.542719	0.631459	0.700806	0.748607	0.762392	0.746996	0.703781	0.629468	0.525853	0.384445	0.210963	0.0164907	
-0.0959535	-0.110933	-0.0840294	-0.0503698	-0.0178123	0.0142053	0.0421445	0.066955	0.104868	0.161661	0.228616	0.290831	0.352713	0.41782	0.47922	0.532423	0.575045	0.599299	0.605684	0.584157	0.537783	0.469325	0.373595	0.26358	0.137842	
-0.00646509	0.00229362	0.0459791	0.0939554	0.123696	0.13989	0.135457	0.124944	0.127334	0.150612	0.188947	0.224885	0.255827	0.283247	0.320121	0.367333	0.414703	0.454421	0.481308	0.484913	0.467848	0.4297	0.373289	0.315176	0.246512	
0.0800956	0.0929534	0.137303	0.185579	0.210669	0.212835	0.192308	0.161215	0.139607	0.131209	0.136654	0.147985	0.153816	0.161117	0.185851	0.235372	0.293558	0.347727	0.387534	0.410668	0.41371	0.399209	0.373802	0.357328	0.338889	
0.153617	0.156584	0.187065	0.226338	0.23837	0.229198	0.199548	0.162666	0.131897	0.108201	0.0932591	0.0847216	0.0811237	0.0837189	0.11	0.164076	0.230993	0.303319	0.360346	0.389286	0.399678	0.393655	0.384888	0.399364	0.42228	
0.203834	0.187708	0.196479	0.218961	0.221758	0.205681	0.174184	0.139145	0.110048	0.0884217	0.0758654	0.0669574	0.0630694	0.0722922	0.106802	0.162545	0.234847	0.320837	0.387184	0.411729	0.414135	0.40425	0.400448	0.435704	0.488645	
0.212169	0.175041	0.168145	0.177113	0.173974	0.154623	0.127536	0.102014	0.0866412	0.0789181	0.0818226	0.0876801	0.0936931	0.115883	0.16184	0.220053	0.292959	0.373666	0.42845	0.438128	0.421977	0.400415	0.399674	0.450097	0.530214	
0.170942	0.122204	0.10222	0.0996236	0.0923353	0.0760921	0.0606527	0.0570539	0.0679057	0.0823438	0.104939	0.132892	0.16507	0.205388	0.257301	0.314467	0.37305	0.428779	0.462191	0.4505	0.415695	0.383535	0.381471	0.445643	0.55186	
0.0999223	0.0402867	0.00661033	-0.00629256	-0.0156517	-0.0196928	-0.0111531	0.0184838	0.0624677	0.105668	0.150932	0.202635	0.26258	0.320988	0.37274	0.412081	0.44266	0.46017	0.45652	0.421143	0.370055	0.334268	0.342286	0.420942	0.546823	
-0.00889759	-0.0750395	-0.115721	-0.129972	-0.125884	-0.102409	-0.0577863	0.00756036	0.0831793	0.151045	0.218902	0.295441	0.376701	0.449116	0.494909	0.507944	0.498962	0.468011	0.420739	0.354637	0.286767	0.256141	0.284857	0.379485	0.521621	
-0.157525	-0.213727	-0.247269	-0.246951	-0.220242	-0.16646	-0.0846908	0.0157204	0.118058	0.210178	0.300347	0.396392	0.494604	0.574041	0.608869	0.593816	0.536677	0.458907	0.373838	0.281709	0.206201	0.182301	0.222141	0.329825	0.483717	
-0.318239	-0.355133	-0.369227	-0.354323	-0.30877	-0.22457	-0.110415	0.0272253	0.165307	0.28386	0.389757	0.494806	0.596029	0.667511	0.686573	0.641859	0.547625	0.435288	0.323534	0.219449	0.143093	0.120366	0.165272	0.278226	0.434859	
-0.466803	-0.482623	-0.472397	-0.441217	-0.378954	-0.275679	-0.127731	0.0410353	0.207835	0.351593	0.465645	0.566868	0.656359	0.710314	0.704607	0.635105	0.522358	0.393367	0.270289	0.164686	0.0959997	0.0794914	0.129091	0.241106	0.384901	
-0.584085	-0.575554	-0.544377	-0.498091	-0.423403	-0.304348	-0.136643	0.0559555	0.242583	0.395544	0.508923	0.595939	0.662546	0.68857	0.657772	0.574089	0.457398	0.333999	0.220472	0.127758	0.0734156	0.0667407	0.119898	0.220909	0.334689	
-0.657857	-0.627624	-0.577736	-0.517442	-0.427893	-0.299696	-0.124659	0.0788159	0.267546	0.414188	0.514497	0.58165	0.621658	0.618999	0.569949	0.478821	0.371373	0.265578	0.173758	0.107947	0.0701814	0.0691598	0.11873	0.203416	0.285483	
-0.684066	-0.635216	-0.565591	-0.486905	-0.38401	-0.249298	-0.0774263	0.109252	0.277647	0.40309	0.48344	0.532486	0.550469	0.526529	0.46568	0.374847	0.283783	0.199465	0.133973	0.0948872	0.0745855	0.0783016	0.117594	0.179975	0.235241	
