-0.634386	-0.730014	-0.763251	-0.7487	-0.705286	-0.649911	-0.596558	-0.548243	-0.496961	-0.437413	-0.356943	-0.262376	-0.152415	-0.0357108	0.0823135	0.196632	0.296133	0.374386	0.430031	0.442277	0.405508	0.334923	0.242346	0.127614	-0.0156257	
-0.730014	-0.814807	-0.837851	-0.809726	-0.754421	-0.697835	-0.641422	-0.586182	-0.531104	-0.468983	-0.392164	-0.306865	-0.205648	-0.0943508	0.0105074	0.107171	0.184121	0.241962	0.2798	0.279277	0.233308	0.164187	0.0928178	0.00592841	-0.100953	
-0.763251	-0.837851	-0.854972	-0.826398	-0.770358	-0.70883	-0.64465	-0.585274	-0.535338	-0.474679	-0.404813	-0.327518	-0.240039	-0.14388	-0.0537675	0.0224391	0.0701624	0.0931168	0.101793	0.0796381	0.0239114	-0.0384776	-0.0911978	-0.150297	-0.224927	
-0.7487	-0.809726	-0.826398	-0.804755	-0.751655	-0.684776	-0.616043	-0.559215	-0.51253	-0.453304	-0.389367	-0.325795	-0.25673	-0.179776	-0.111013	-0.0650838	-0.0465436	-0.0517602	-0.0745283	-0.117802	-0.177375	-0.234455	-0.278674	-0.313509	-0.350718	
-0.705286	-0.754421	-0.770358	-0.751655	-0.703704	-0.646373	-0.587726	-0.533002	-0.477765	-0.418514	-0.367177	-0.318317	-0.26623	-0.212177	-0.166264	-0.144461	-0.15459	-0.186224	-0.228748	-0.279873	-0.339586	-0.392344	-0.425373	-0.443671	-0.450318	
-0.649911	-0.697835	-0.70883	-0.684776	-0.646373	-0.605544	-0.556401	-0.502868	-0.445099	-0.394536	-0.356301	-0.315761	-0.2719	-0.233773	-0.209282	-0.210076	-0.236721	-0.278659	-0.329472	-0.385115	-0.4386	-0.479371	-0.504634	-0.509606	-0.48976	
-0.596558	-0.641422	-0.64465	-0.616043	-0.587726	-0.556401	-0.514018	-0.465419	-0.412335	-0.369901	-0.334836	-0.297526	-0.261697	-0.237338	-0.22239	-0.230036	-0.260506	-0.306631	-0.359875	-0.415321	-0.460754	-0.490064	-0.506986	-0.497582	-0.457292	
-0.548243	-0.586182	-0.585274	-0.559215	-0.533002	-0.502868	-0.465419	-0.42666	-0.378996	-0.330931	-0.297403	-0.265467	-0.2313	-0.199176	-0.179418	-0.178788	-0.203859	-0.254126	-0.308932	-0.360879	-0.395557	-0.417108	-0.424948	-0.409192	-0.352789	
-0.496961	-0.531104	-0.535338	-0.51253	-0.477765	-0.445099	-0.412335	-0.378996	-0.329067	-0.276156	-0.242657	-0.207195	-0.161522	-0.115332	-0.0843195	-0.0719205	-0.0916662	-0.140871	-0.191557	-0.240459	-0.270206	-0.281238	-0.275227	-0.243609	-0.169492	
-0.437413	-0.468983	-0.474679	-0.453304	-0.418514	-0.394536	-0.369901	-0.330931	-0.276156	-0.213651	-0.163451	-0.110369	-0.0528078	-0.000672063	0.0394296	0.0636837	0.0559218	0.0165255	-0.0312432	-0.0756572	-0.0959518	-0.0919019	-0.066054	-0.0121437	0.0778079	
-0.356943	-0.392164	-0.404813	-0.389367	-0.367177	-0.356301	-0.334836	-0.297403	-0.242657	-0.163451	-0.0757624	0.00952104	0.0845436	0.144126	0.188041	0.217207	0.219394	0.189548	0.149697	0.120122	0.119502	0.141105	0.183267	0.249742	0.339162	
-0.262376	-0.306865	-0.327518	-0.325795	-0.318317	-0.315761	-0.297526	-0.265467	-0.207195	-0.110369	0.00952104	0.125326	0.222153	0.297917	0.351824	0.38027	0.37984	0.361668	0.339571	0.330605	0.347844	0.38472	0.438033	0.506435	0.590096	
-0.152415	-0.205648	-0.240039	-0.25673	-0.26623	-0.2719	-0.261697	-0.2313	-0.161522	-0.0528078	0.0845436	0.222153	0.344864	0.437838	0.499703	0.530043	0.542585	0.54271	0.532169	0.534642	0.560395	0.60511	0.664123	0.736305	0.811457	
-0.0357108	-0.0943508	-0.14388	-0.179776	-0.212177	-0.233773	-0.237338	-0.199176	-0.115332	-0.000672063	0.144126	0.297917	0.437838	0.546242	0.620268	0.660262	0.6896	0.70894	0.71688	0.726654	0.754532	0.80189	0.8571	0.913183	0.964338	
0.0823135	0.0105074	-0.0537675	-0.111013	-0.166264	-0.209282	-0.22239	-0.179418	-0.0843195	0.0394296	0.188041	0.351824	0.499703	0.620268	0.699732	0.750911	0.791399	0.830732	0.863907	0.891555	0.923393	0.95937	0.997432	1.02692	1.05705	
0.196632	0.107171	0.0224391	-0.0650838	-0.144461	-0.210076	-0.230036	-0.178788	-0.0719205	0.0636837	0.217207	0.38027	0.530043	0.660262	0.750911	0.8075	0.860333	0.916995	0.969983	1.00971	1.04251	1.07002	1.08234	1.08404	1.08632	
0.296133	0.184121	0.0701624	-0.0465436	-0.15459	-0.236721	-0.260506	-0.203859	-0.0916662	0.0559218	0.219394	0.37984	0.542585	0.6896	0.791399	0.860333	0.923084	0.987174	1.044	1.0885	1.11107	1.1199	1.11069	1.08279	1.05587	
0.374386	0.241962	0.0931168	-0.0517602	-0.186224	-0.278659	-0.306631	-0.254126	-0.140871	0.0165255	0.189548	0.361668	0.54271	0.70894	0.830732	0.916995	0.987174	1.04155	1.08795	1.11979	1.12316	1.10875	1.07203	1.01985	0.975422	
0.430031	0.2798	0.101793	-0.0745283	-0.228748	-0.329472	-0.359875	-0.308932	-0.191557	-0.0312432	0.149697	0.339571	0.532169	0.71688	0.863907	0.969983	1.044	1.08795	1.10756	1.11079	1.09172	1.05081	0.985568	0.915794	0.861808	
0.442277	0.279277	0.0796381	-0.117802	-0.279873	-0.385115	-0.415321	-0.360879	-0.240459	-0.0756572	0.120122	0.330605	0.534642	0.726654	0.891555	1.00971	1.0885	1.11979	1.11079	1.08573	1.03767	0.964602	0.875476	0.795309	0.725477	
0.405508	0.233308	0.0239114	-0.177375	-0.339586	-0.4386	-0.460754	-0.395557	-0.270206	-0.0959518	0.119502	0.347844	0.560395	0.754532	0.923393	1.04251	1.11107	1.12316	1.09172	1.03767	0.961657	0.86502	0.761528	0.667021	0.588402	
0.334923	0.164187	-0.0384776	-0.234455	-0.392344	-0.479371	-0.490064	-0.417108	-0.281238	-0.0919019	0.141105	0.38472	0.60511	0.80189	0.95937	1.07002	1.1199	1.10875	1.05081	0.964602	0.86502	0.761551	0.658993	0.555858	0.473993	
0.242346	0.0928178	-0.0911978	-0.278674	-0.425373	-0.504634	-0.506986	-0.424948	-0.275227	-0.066054	0.183267	0.438033	0.664123	0.8571	0.997432	1.08234	1.11069	1.07203	0.985568	0.875476	0.761528	0.658993	0.560185	0.464877	0.381105	
0.127614	0.00592841	-0.150297	-0.313509	-0.443671	-0.509606	-0.497582	-0.409192	-0.243609	-0.0121437	0.249742	0.506435	0.736305	0.913183	1.02692	1.08404	1.08279	1.01985	0.915794	0.795309	0.667021	0.555858	0.464877	0.386451	0.29982	
-0.0156257	-0.100953	-0.224927	-0.350718	-0.450318	-0.48976	-0.457292	-0.352789	-0.169492	0.0778079	0.339162	0.590096	0.811457	0.964338	1.05705	1.08632	1.05587	0.975422	0.861808	0.725477	0.588402	0.473993	0.381105	0.29982	0.21243	
-0.17376	-0.224565	-0.30617	-0.388737	-0.445212	-0.449292	-0.39289	-0.269731	-0.0729442	0.173431	0.431451	0.674353	0.875544	1.01296	1.08309	1.08906	1.0346	0.946287	0.824116	0.672428	0.528909	0.406874	0.308314	0.218102	0.134424	
-0.320777	-0.335121	-0.37321	-0.413706	-0.423797	-0.395643	-0.318101	-0.177835	0.0210764	0.258102	0.51137	0.743889	0.923145	1.0447	1.09683	1.08036	1.01056	0.90586	0.771916	0.62348	0.479545	0.347037	0.240374	0.155193	0.0831985	
-0.43358	-0.417902	-0.418044	-0.422565	-0.402665	-0.349718	-0.250364	-0.0989622	0.100744	0.333277	0.581705	0.802293	0.966464	1.06808	1.10022	1.06292	0.976493	0.85579	0.713864	0.572164	0.432485	0.301474	0.196415	0.116828	0.050532	
-0.51614	-0.476676	-0.44888	-0.430588	-0.398242	-0.327952	-0.209696	-0.0495394	0.158656	0.39969	0.646347	0.862341	1.02001	1.09818	1.10638	1.05227	0.948422	0.816788	0.674377	0.535264	0.40298	0.28082	0.176684	0.0947075	0.0290497	
-0.567319	-0.510917	-0.468752	-0.441916	-0.402223	-0.32171	-0.191749	-0.0207232	0.19784	0.449326	0.69893	0.916352	1.06815	1.12603	1.11603	1.05303	0.934385	0.791116	0.650284	0.516731	0.396232	0.274533	0.161516	0.0778488	0.022977	
-0.57603	-0.519066	-0.472545	-0.444171	-0.404062	-0.320519	-0.186774	-0.0156635	0.205747	0.458866	0.709657	0.926856	1.07759	1.13357	1.11739	1.05381	0.930936	0.787542	0.64846	0.515749	0.395543	0.272439	0.159314	0.0764523	0.0234925	
-0.540935	-0.492499	-0.458142	-0.435411	-0.398958	-0.324112	-0.200993	-0.0359552	0.177313	0.422921	0.670536	0.886735	1.04183	1.10975	1.11063	1.05227	0.941075	0.804432	0.661854	0.525025	0.397759	0.277288	0.169715	0.0858046	0.0252115	
-0.469879	-0.444771	-0.431977	-0.425375	-0.399418	-0.338211	-0.230304	-0.0762115	0.125952	0.360464	0.607191	0.825589	0.98677	1.07949	1.10177	1.0573	0.963689	0.839246	0.696396	0.555391	0.418369	0.290971	0.187251	0.107377	0.0403388	
-0.370245	-0.371192	-0.393421	-0.418126	-0.413644	-0.374666	-0.28862	-0.14317	0.0554129	0.290011	0.540693	0.768499	0.94021	1.05363	1.09833	1.07298	0.997671	0.884944	0.747003	0.601856	0.459712	0.32599	0.218164	0.136864	0.06885	
-0.235738	-0.271754	-0.335586	-0.401103	-0.438232	-0.42882	-0.363654	-0.233101	-0.0347139	0.208474	0.465499	0.704206	0.896273	1.02816	1.09048	1.08691	1.02616	0.932401	0.806247	0.653704	0.508487	0.381945	0.280387	0.190103	0.110689	
-0.0779811	-0.150279	-0.257275	-0.366485	-0.450365	-0.476104	-0.433452	-0.321879	-0.132036	0.116187	0.37719	0.624751	0.838614	0.985667	1.06833	1.08832	1.04692	0.963822	0.846314	0.702636	0.562693	0.446602	0.351958	0.265261	0.178436	
0.0729238	-0.0334844	-0.178185	-0.327816	-0.446878	-0.504055	-0.484922	-0.391005	-0.218368	0.0206276	0.283475	0.539499	0.767248	0.93282	1.03831	1.08444	1.07138	0.999652	0.890133	0.764883	0.633178	0.520161	0.428931	0.351836	0.265936	
0.200066	0.0598734	-0.113282	-0.292715	-0.435279	-0.509583	-0.506198	-0.423106	-0.26726	-0.0484749	0.205957	0.462669	0.691305	0.880654	1.01004	1.08363	1.1004	1.0524	0.958362	0.84266	0.722073	0.616275	0.521806	0.434408	0.348294	
0.300071	0.137203	-0.0601831	-0.254017	-0.407763	-0.49132	-0.498828	-0.422587	-0.281013	-0.083875	0.155694	0.404629	0.62747	0.822889	0.975233	1.07727	1.11939	1.09659	1.02554	0.928316	0.823552	0.721768	0.619178	0.515855	0.433919	
0.380427	0.205984	-0.00157655	-0.201458	-0.362874	-0.456612	-0.4737	-0.404728	-0.276768	-0.0971827	0.125999	0.360653	0.575989	0.772221	0.937574	1.05455	1.1155	1.11972	1.07915	1.01198	0.92536	0.823771	0.719336	0.619779	0.540054	
0.43288	0.266345	0.0603941	-0.140837	-0.302995	-0.407566	-0.436086	-0.377509	-0.255088	-0.0872998	0.116249	0.33474	0.542239	0.734686	0.903233	1.02339	1.10057	1.124	1.10502	1.06918	1.0097	0.925493	0.828946	0.743382	0.669065	
0.441123	0.285304	0.0971522	-0.0892704	-0.248274	-0.351704	-0.381818	-0.330506	-0.211695	-0.0503759	0.13488	0.332484	0.53003	0.719683	0.875653	0.987341	1.06366	1.10349	1.11157	1.10289	1.07247	1.01882	0.943857	0.869687	0.80866	
0.40073	0.260227	0.0989446	-0.0584713	-0.202228	-0.297723	-0.326683	-0.276123	-0.161372	-0.0021113	0.174154	0.353077	0.539095	0.71307	0.844444	0.939573	1.01089	1.06096	1.09716	1.11886	1.11468	1.09009	1.04076	0.980669	0.933915	
0.329485	0.209465	0.0815074	-0.0467509	-0.166238	-0.252898	-0.277932	-0.221855	-0.109472	0.0424272	0.209992	0.374018	0.544466	0.698663	0.807669	0.882817	0.949412	1.01115	1.06549	1.10768	1.12288	1.12266	1.10307	1.06452	1.02881	
0.23895	0.140281	0.045319	-0.0540304	-0.145198	-0.218001	-0.240036	-0.184696	-0.0754547	0.0651571	0.222381	0.383535	0.536298	0.672913	0.767738	0.827527	0.884898	0.946796	1.0034	1.04556	1.07587	1.09728	1.10153	1.09146	1.08031	
0.128778	0.0512811	-0.0209917	-0.0896837	-0.153532	-0.205992	-0.221874	-0.177109	-0.0764024	0.0514897	0.201669	0.366782	0.515548	0.638659	0.721796	0.775831	0.821327	0.867999	0.910152	0.944291	0.977519	1.01003	1.03752	1.05574	1.07689	
0.0119826	-0.0509435	-0.106529	-0.150107	-0.192413	-0.222115	-0.230128	-0.189203	-0.101375	0.0170365	0.163447	0.322069	0.466256	0.580017	0.657221	0.702353	0.736248	0.763172	0.781877	0.797872	0.82665	0.869992	0.920407	0.966334	1.00819	
-0.106156	-0.161394	-0.202037	-0.226641	-0.24442	-0.254967	-0.250358	-0.217768	-0.14196	-0.0305818	0.110838	0.25554	0.386994	0.485923	0.551772	0.584725	0.605643	0.613724	0.607995	0.612137	0.639714	0.687298	0.746221	0.814774	0.880587	
-0.220275	-0.268935	-0.294128	-0.299173	-0.297662	-0.298412	-0.282702	-0.251911	-0.189968	-0.0876594	0.0409772	0.16625	0.273436	0.356586	0.415061	0.44266	0.443991	0.432893	0.417278	0.41435	0.435818	0.476332	0.532283	0.603414	0.684601	
-0.320321	-0.359173	-0.374917	-0.364284	-0.347604	-0.340731	-0.320354	-0.285363	-0.230228	-0.143131	-0.0406951	0.0577712	0.140934	0.205949	0.252525	0.282589	0.283813	0.257927	0.224521	0.203491	0.210952	0.239189	0.286593	0.353939	0.441828	
