0.232367	0.397416	0.512351	0.565532	0.565329	0.535068	0.480562	0.41181	0.326772	0.226857	0.130226	0.0457103	-0.0219087	-0.0520764	-0.0464776	-0.0195519	0.0126897	0.042519	0.0825099	0.14664	0.227696	0.332882	0.459147	0.604823	0.764026	
0.397416	0.562353	0.670223	0.715737	0.707921	0.664911	0.594068	0.509948	0.411211	0.300996	0.195054	0.0992833	0.0193446	-0.0248806	-0.0193312	0.0233454	0.0729877	0.114386	0.15278	0.20253	0.265823	0.352136	0.459279	0.583764	0.725275	
0.512351	0.670223	0.765281	0.803067	0.788528	0.740091	0.661651	0.570513	0.469196	0.359606	0.255158	0.16616	0.0911291	0.0437863	0.0503732	0.0997743	0.151028	0.196821	0.234923	0.274811	0.320108	0.382829	0.463551	0.554265	0.662476	
0.565532	0.715737	0.803067	0.83705	0.824137	0.773941	0.69589	0.601353	0.499387	0.398359	0.31076	0.244296	0.189083	0.155217	0.166393	0.21116	0.256891	0.294238	0.320478	0.341307	0.369326	0.407784	0.454872	0.513803	0.584738	
0.565329	0.707921	0.788528	0.824137	0.820656	0.781213	0.711864	0.615857	0.517735	0.435597	0.375063	0.334158	0.304265	0.296135	0.319244	0.356647	0.387157	0.40571	0.408391	0.402427	0.406447	0.417026	0.431867	0.45365	0.486709	
0.535068	0.664911	0.740091	0.773941	0.781213	0.75395	0.696432	0.607691	0.527346	0.478001	0.449422	0.430574	0.429074	0.444097	0.47394	0.501838	0.514268	0.502973	0.478637	0.453653	0.432802	0.412772	0.396985	0.377863	0.366679	
0.480562	0.594068	0.661651	0.69589	0.711864	0.696432	0.649879	0.58823	0.540836	0.522892	0.521876	0.530308	0.547687	0.571441	0.596148	0.609977	0.599897	0.562795	0.51905	0.475305	0.430005	0.389663	0.344319	0.292067	0.246511	
0.41181	0.509948	0.570513	0.601353	0.615857	0.607691	0.58823	0.567888	0.558608	0.56761	0.584313	0.604333	0.624835	0.641697	0.655821	0.651772	0.620078	0.565011	0.504895	0.446637	0.396048	0.345287	0.283364	0.2123	0.147936	
0.326772	0.411211	0.469196	0.499387	0.517735	0.527346	0.540836	0.558608	0.576009	0.600228	0.624451	0.64149	0.648369	0.645635	0.634591	0.611015	0.567651	0.503761	0.436373	0.378038	0.331488	0.279521	0.214829	0.145723	0.0732831	
0.226857	0.300996	0.359606	0.398359	0.435597	0.478001	0.522892	0.56761	0.600228	0.623314	0.634029	0.631834	0.621774	0.595545	0.55222	0.506485	0.451872	0.383672	0.323215	0.280689	0.247555	0.201618	0.149131	0.0897945	0.0231475	
0.130226	0.195054	0.255158	0.31076	0.375063	0.449422	0.521876	0.584313	0.624451	0.634029	0.617801	0.59252	0.556722	0.506118	0.440058	0.37403	0.306428	0.236473	0.187952	0.164057	0.148906	0.123719	0.0899102	0.0406128	-0.0197509	
0.0457103	0.0992833	0.16616	0.244296	0.334158	0.430574	0.530308	0.604333	0.64149	0.631834	0.59252	0.53916	0.470343	0.396875	0.31827	0.235394	0.162248	0.100496	0.0655458	0.0541832	0.0573992	0.0516606	0.0351523	-0.00309913	-0.0536852	
-0.0219087	0.0193446	0.0911291	0.189083	0.304265	0.429074	0.547687	0.624835	0.648369	0.621774	0.556722	0.470343	0.378934	0.290124	0.202933	0.114328	0.0409998	-0.00695825	-0.0339756	-0.0367438	-0.0247625	-0.0161872	-0.0189743	-0.0429056	-0.0796921	
-0.0520764	-0.0248806	0.0437863	0.155217	0.296135	0.444097	0.571441	0.641697	0.645635	0.595545	0.506118	0.396875	0.290124	0.195138	0.102637	0.0131357	-0.0555556	-0.0986381	-0.116912	-0.109007	-0.0902791	-0.0700341	-0.0636644	-0.0749193	-0.099028	
-0.0464776	-0.0193312	0.0503732	0.166393	0.319244	0.47394	0.596148	0.655821	0.634591	0.55222	0.440058	0.31827	0.202933	0.102637	0.0101382	-0.0766712	-0.137173	-0.16931	-0.172811	-0.15121	-0.130851	-0.106276	-0.0921662	-0.0977382	-0.109894	
-0.0195519	0.0233454	0.0997743	0.21116	0.356647	0.501838	0.609977	0.651772	0.611015	0.506485	0.37403	0.235394	0.114328	0.0131357	-0.0766712	-0.149832	-0.195293	-0.209372	-0.198651	-0.167782	-0.148419	-0.130557	-0.110261	-0.103903	-0.108713	
0.0126897	0.0729877	0.151028	0.256891	0.387157	0.514268	0.599897	0.620078	0.567651	0.451872	0.306428	0.162248	0.0409998	-0.0555556	-0.137173	-0.195293	-0.224085	-0.222282	-0.2021	-0.173198	-0.154782	-0.145512	-0.130408	-0.115942	-0.112505	
0.042519	0.114386	0.196821	0.294238	0.40571	0.502973	0.562795	0.565011	0.503761	0.383672	0.236473	0.100496	-0.00695825	-0.0986381	-0.16931	-0.209372	-0.222282	-0.214703	-0.193923	-0.169502	-0.15681	-0.154227	-0.143902	-0.131645	-0.138893	
0.0825099	0.15278	0.234923	0.320478	0.408391	0.478637	0.51905	0.504895	0.436373	0.323215	0.187952	0.0655458	-0.0339756	-0.116912	-0.172811	-0.198651	-0.2021	-0.193923	-0.173191	-0.154007	-0.146058	-0.145222	-0.142926	-0.147462	-0.171365	
0.14664	0.20253	0.274811	0.341307	0.402427	0.453653	0.475305	0.446637	0.378038	0.280689	0.164057	0.0541832	-0.0367438	-0.109007	-0.15121	-0.167782	-0.173198	-0.169502	-0.154007	-0.140453	-0.137148	-0.142831	-0.15433	-0.179913	-0.212515	
0.227696	0.265823	0.320108	0.369326	0.406447	0.432802	0.430005	0.396048	0.331488	0.247555	0.148906	0.0573992	-0.0247625	-0.0902791	-0.130851	-0.148419	-0.154782	-0.15681	-0.146058	-0.137148	-0.144361	-0.158993	-0.178578	-0.211492	-0.247906	
0.332882	0.352136	0.382829	0.407784	0.417026	0.412772	0.389663	0.345287	0.279521	0.201618	0.123719	0.0516606	-0.0161872	-0.0700341	-0.106276	-0.130557	-0.145512	-0.154227	-0.145222	-0.142831	-0.158993	-0.184614	-0.209222	-0.243807	-0.27565	
0.459147	0.459279	0.463551	0.454872	0.431867	0.396985	0.344319	0.283364	0.214829	0.149131	0.0899102	0.0351523	-0.0189743	-0.0636644	-0.0921662	-0.110261	-0.130408	-0.143902	-0.142926	-0.15433	-0.178578	-0.209222	-0.237186	-0.269734	-0.294288	
0.604823	0.583764	0.554265	0.513803	0.45365	0.377863	0.292067	0.2123	0.145723	0.0897945	0.0406128	-0.00309913	-0.0429056	-0.0749193	-0.0977382	-0.103903	-0.115942	-0.131645	-0.147462	-0.179913	-0.211492	-0.243807	-0.269734	-0.291663	-0.305603	
0.764026	0.725275	0.662476	0.584738	0.486709	0.366679	0.246511	0.147936	0.0732831	0.0231475	-0.0197509	-0.0536852	-0.0796921	-0.099028	-0.109894	-0.108713	-0.112505	-0.138893	-0.171365	-0.212515	-0.247906	-0.27565	-0.294288	-0.305603	-0.314078	
0.929334	0.874053	0.785878	0.665136	0.523313	0.364749	0.21377	0.0901267	0.00310628	-0.0449039	-0.08029	-0.105155	-0.119231	-0.12752	-0.125872	-0.12165	-0.126599	-0.16368	-0.207313	-0.241944	-0.264312	-0.279968	-0.29392	-0.304835	-0.313598	
1.08306	1.01312	0.897712	0.735649	0.547657	0.357491	0.181781	0.0414011	-0.0491623	-0.104693	-0.139427	-0.153324	-0.153292	-0.146885	-0.139388	-0.139183	-0.150105	-0.186064	-0.233709	-0.264435	-0.273519	-0.280892	-0.289267	-0.298587	-0.300761	
1.20329	1.12185	0.978767	0.78169	0.55456	0.334466	0.140182	-0.00785594	-0.105142	-0.160152	-0.182724	-0.18474	-0.174306	-0.160293	-0.154299	-0.152134	-0.165722	-0.200722	-0.250991	-0.281048	-0.291966	-0.296126	-0.296517	-0.300658	-0.296006	
1.28048	1.18911	1.02178	0.801502	0.553242	0.310031	0.103155	-0.0580889	-0.16781	-0.214836	-0.209568	-0.190736	-0.175674	-0.162344	-0.157636	-0.157156	-0.171173	-0.205826	-0.252341	-0.285382	-0.302821	-0.308328	-0.310259	-0.312892	-0.301964	
1.31894	1.21591	1.03967	0.806392	0.553456	0.294723	0.0739062	-0.098241	-0.21281	-0.248502	-0.22454	-0.187629	-0.161615	-0.154433	-0.152985	-0.158813	-0.171291	-0.200021	-0.242396	-0.280582	-0.301324	-0.305483	-0.310612	-0.315802	-0.307485	
1.32478	1.21894	1.04138	0.80686	0.554129	0.292092	0.0675447	-0.105722	-0.220332	-0.254227	-0.227685	-0.185937	-0.157868	-0.151372	-0.151521	-0.160261	-0.171619	-0.198598	-0.238008	-0.278095	-0.300122	-0.303277	-0.308871	-0.313526	-0.306536	
1.29995	1.20389	1.031	0.804853	0.553626	0.302207	0.0904653	-0.0766388	-0.189659	-0.231985	-0.216566	-0.190039	-0.170665	-0.159753	-0.155774	-0.157369	-0.171174	-0.203893	-0.248625	-0.284726	-0.303599	-0.308964	-0.312263	-0.316511	-0.305768	
1.23952	1.15457	1.0001	0.792165	0.55428	0.324062	0.124367	-0.0285958	-0.131117	-0.182706	-0.195129	-0.189149	-0.177441	-0.163704	-0.158112	-0.155326	-0.168848	-0.204849	-0.254119	-0.284496	-0.297651	-0.302199	-0.302095	-0.304603	-0.297299	
1.13614	1.0607	0.934832	0.757799	0.552024	0.349547	0.166146	0.0222149	-0.0696278	-0.126937	-0.159182	-0.169383	-0.163708	-0.152393	-0.144715	-0.144818	-0.158076	-0.192239	-0.241769	-0.272345	-0.280317	-0.285747	-0.290875	-0.298217	-0.297724	
0.992947	0.932212	0.833518	0.695439	0.535254	0.363356	0.201261	0.0701109	-0.019451	-0.0699277	-0.104986	-0.124853	-0.133848	-0.136725	-0.131212	-0.129192	-0.13604	-0.173728	-0.219208	-0.251081	-0.267352	-0.279138	-0.290331	-0.301866	-0.308344	
0.830652	0.78491	0.711113	0.61625	0.501652	0.365274	0.232668	0.123776	0.0433677	-0.00451836	-0.0437503	-0.0747413	-0.0962374	-0.110907	-0.116209	-0.112381	-0.115258	-0.148042	-0.186252	-0.225463	-0.256701	-0.279826	-0.297089	-0.308021	-0.316426	
0.66669	0.638554	0.595113	0.54054	0.465743	0.372271	0.272373	0.185105	0.117733	0.0644311	0.0170727	-0.022392	-0.056314	-0.083277	-0.102293	-0.104855	-0.112633	-0.131461	-0.153847	-0.192677	-0.227492	-0.259135	-0.282054	-0.297454	-0.308592	
0.515996	0.506865	0.498401	0.477193	0.439097	0.388708	0.323462	0.255062	0.1869	0.126188	0.0722844	0.0219504	-0.0261199	-0.0666927	-0.092569	-0.105681	-0.124136	-0.137597	-0.143606	-0.163746	-0.190083	-0.221275	-0.24968	-0.279593	-0.299942	
0.381348	0.393338	0.413356	0.425	0.422197	0.406616	0.372814	0.322278	0.255582	0.180997	0.111641	0.047546	-0.0154578	-0.0654691	-0.0982003	-0.121327	-0.139938	-0.151946	-0.144334	-0.145992	-0.165567	-0.194078	-0.220419	-0.254998	-0.284	
0.26631	0.297654	0.342575	0.383754	0.410513	0.424167	0.413371	0.376254	0.311301	0.230888	0.139711	0.0559892	-0.0203173	-0.0813317	-0.121611	-0.142597	-0.150797	-0.155051	-0.145928	-0.138501	-0.150211	-0.169852	-0.190588	-0.225024	-0.260281	
0.177458	0.225665	0.291666	0.351045	0.402103	0.445224	0.4571	0.426559	0.359431	0.267555	0.157792	0.0554516	-0.0329344	-0.101256	-0.142135	-0.158285	-0.164493	-0.163244	-0.149195	-0.137482	-0.137852	-0.146182	-0.162919	-0.192735	-0.228098	
0.105641	0.170723	0.250526	0.328672	0.40601	0.468328	0.501609	0.480482	0.41079	0.303454	0.176821	0.0583673	-0.0374781	-0.116715	-0.165794	-0.186274	-0.190585	-0.183345	-0.164791	-0.148115	-0.140946	-0.141926	-0.145253	-0.159717	-0.187626	
0.0559697	0.129644	0.212537	0.305854	0.408769	0.494484	0.545271	0.541391	0.476492	0.357879	0.213413	0.0830491	-0.0202716	-0.108791	-0.174552	-0.208685	-0.215703	-0.20782	-0.186341	-0.163547	-0.153861	-0.152092	-0.144103	-0.136501	-0.150619	
0.0241336	0.0907227	0.170556	0.273168	0.396026	0.511936	0.587369	0.599067	0.543709	0.424996	0.277534	0.135171	0.0188506	-0.0761395	-0.153802	-0.204342	-0.226611	-0.221079	-0.20008	-0.174059	-0.157173	-0.150727	-0.137386	-0.122723	-0.121752	
-0.00681546	0.043716	0.121175	0.230526	0.370032	0.509229	0.609328	0.643052	0.596285	0.487021	0.347576	0.205349	0.0819578	-0.0173543	-0.104424	-0.171677	-0.210274	-0.217808	-0.20235	-0.170286	-0.150564	-0.136645	-0.118442	-0.107061	-0.106805	
-0.0367757	-0.00506044	0.0673901	0.182005	0.334243	0.486116	0.603751	0.657469	0.627252	0.533839	0.413044	0.284348	0.166926	0.0654809	-0.0259896	-0.108394	-0.163794	-0.18879	-0.186199	-0.160505	-0.141054	-0.118247	-0.0993351	-0.100959	-0.11165	
-0.0534309	-0.0281522	0.0398136	0.153471	0.301711	0.454664	0.581751	0.647952	0.643009	0.579245	0.480331	0.366229	0.255483	0.158094	0.0651074	-0.024868	-0.0902961	-0.130737	-0.14315	-0.129416	-0.108678	-0.0864033	-0.0774292	-0.0859315	-0.104059	
-0.0394695	-0.00417387	0.0668289	0.172094	0.297683	0.432973	0.556681	0.632142	0.64799	0.614002	0.539139	0.441839	0.34291	0.251018	0.161843	0.0726549	0.00074715	-0.0447305	-0.0692005	-0.0685189	-0.0539086	-0.0398127	-0.0385344	-0.0572442	-0.0891386	
0.0153159	0.0639068	0.134325	0.220642	0.320737	0.427784	0.536121	0.612652	0.645307	0.628934	0.579768	0.51258	0.434472	0.353116	0.269795	0.183624	0.109779	0.0541032	0.023768	0.0157869	0.0236042	0.0236129	0.013726	-0.0186903	-0.0642275	
0.0952448	0.155995	0.217214	0.282297	0.357456	0.439967	0.524338	0.592602	0.632251	0.634411	0.608436	0.572998	0.523604	0.463388	0.391968	0.317575	0.247224	0.179893	0.135518	0.117421	0.110314	0.0946778	0.0676484	0.0218716	-0.0347269	
