0.184861	0.101751	0.0165634	-0.0540686	-0.0925965	-0.0980082	-0.0735744	-0.0149309	0.0674252	0.152543	0.23369	0.31802	0.403273	0.493664	0.601396	0.700136	0.754407	0.753563	0.700623	0.605026	0.47545	0.320212	0.14541	-0.0387359	-0.220909	
0.181364	0.0788761	-0.0232066	-0.109311	-0.15884	-0.168476	-0.133651	-0.0608151	0.0374701	0.140681	0.241588	0.340829	0.43709	0.539228	0.650049	0.753543	0.814659	0.833346	0.803022	0.721429	0.60751	0.481175	0.339283	0.179203	0.0200462	
0.159331	0.0364854	-0.0800096	-0.180212	-0.237476	-0.2467	-0.209402	-0.123396	-0.0116701	0.110226	0.230467	0.344962	0.451143	0.552193	0.654682	0.753197	0.819604	0.845028	0.834808	0.779286	0.693103	0.601709	0.497505	0.367244	0.228855	
0.13404	-0.0071499	-0.137266	-0.243908	-0.3019	-0.31095	-0.273249	-0.184766	-0.0604328	0.0771354	0.216904	0.345928	0.458198	0.552916	0.642848	0.728915	0.788298	0.815602	0.808966	0.772734	0.720442	0.659345	0.585825	0.488422	0.372163	
0.12283	-0.0317213	-0.173857	-0.285158	-0.339018	-0.34721	-0.313868	-0.224047	-0.0904844	0.0607698	0.213086	0.351571	0.46459	0.552617	0.630053	0.700464	0.74758	0.761414	0.741528	0.707746	0.676276	0.638186	0.590878	0.521025	0.438069	
0.127911	-0.035252	-0.186156	-0.300363	-0.351217	-0.359072	-0.327268	-0.23817	-0.0980924	0.0627217	0.221917	0.359644	0.471719	0.55554	0.620383	0.6757	0.702738	0.693553	0.655457	0.614796	0.58282	0.554723	0.525036	0.482487	0.434427	
0.138463	-0.0242469	-0.17776	-0.291493	-0.345572	-0.35365	-0.320357	-0.22929	-0.0888662	0.0744233	0.229326	0.362301	0.472922	0.552318	0.609999	0.652134	0.65627	0.621386	0.564633	0.504907	0.462885	0.434522	0.413141	0.397707	0.379356	
0.14264	-0.00943003	-0.150667	-0.256979	-0.3175	-0.328144	-0.287165	-0.19839	-0.0689785	0.0820673	0.227867	0.351056	0.459239	0.542413	0.597923	0.628517	0.60871	0.549169	0.470399	0.393225	0.332854	0.297025	0.279623	0.281123	0.287871	
0.139896	0.00942373	-0.104437	-0.200418	-0.259029	-0.269488	-0.229129	-0.146253	-0.0378793	0.0862678	0.218156	0.334494	0.435962	0.522382	0.576159	0.590756	0.556847	0.477474	0.370971	0.273929	0.196638	0.147784	0.129799	0.142252	0.174336	
0.135484	0.028136	-0.0550179	-0.127067	-0.174635	-0.184243	-0.149703	-0.0859076	-0.00703551	0.0899	0.20721	0.316805	0.408257	0.489777	0.53751	0.536675	0.485041	0.38962	0.267616	0.152001	0.0614883	0.00868152	-0.0109532	-0.00037915	0.0441878	
0.130793	0.0394795	-0.0213061	-0.0622319	-0.0980128	-0.106878	-0.0773038	-0.0387216	0.0109237	0.0922328	0.189936	0.284008	0.365498	0.435177	0.470435	0.458776	0.397824	0.298736	0.171984	0.0490752	-0.0429725	-0.0988694	-0.125112	-0.119706	-0.0637217	
0.0983334	0.0215527	-0.0256411	-0.0447294	-0.0642816	-0.0687333	-0.0521335	-0.0346909	-0.00223578	0.0664888	0.147244	0.225807	0.289359	0.343576	0.376089	0.359783	0.303971	0.215188	0.0972702	-0.0188159	-0.104687	-0.163765	-0.19247	-0.187218	-0.137771	
0.0223808	-0.0378947	-0.076368	-0.0868265	-0.0974562	-0.0987844	-0.0911531	-0.0820626	-0.0571928	-0.00321701	0.0600886	0.118681	0.172422	0.222804	0.260119	0.252406	0.212373	0.139194	0.0404065	-0.0569169	-0.133298	-0.185812	-0.215221	-0.208431	-0.160268	
-0.102814	-0.14667	-0.177281	-0.193441	-0.200677	-0.202974	-0.19616	-0.1859	-0.160475	-0.121393	-0.0741296	-0.0283696	0.0248065	0.083671	0.130417	0.146422	0.128245	0.074316	0.00150494	-0.0724227	-0.132224	-0.174952	-0.19983	-0.193772	-0.144216	
-0.26423	-0.298904	-0.328878	-0.354319	-0.369813	-0.373975	-0.361874	-0.33968	-0.311205	-0.278941	-0.240686	-0.198568	-0.134441	-0.0604028	-0.00126125	0.0400866	0.0503073	0.0230244	-0.020851	-0.0670598	-0.11019	-0.143115	-0.157178	-0.14549	-0.0992288	
-0.445062	-0.47802	-0.511254	-0.545258	-0.566364	-0.568192	-0.557311	-0.524833	-0.490999	-0.459104	-0.419477	-0.367501	-0.293176	-0.209525	-0.132564	-0.0698212	-0.0301587	-0.026864	-0.0363418	-0.0558738	-0.0772917	-0.0950464	-0.0973449	-0.0730903	-0.0236592	
-0.627406	-0.668063	-0.701983	-0.732637	-0.750109	-0.751718	-0.742685	-0.714547	-0.682227	-0.645393	-0.594351	-0.529335	-0.445413	-0.349056	-0.257553	-0.175779	-0.111147	-0.0756493	-0.0547169	-0.0451035	-0.0407959	-0.0335793	-0.0143587	0.0268683	0.087959	
-0.784764	-0.834561	-0.863784	-0.874844	-0.879549	-0.879682	-0.877392	-0.869064	-0.84937	-0.806507	-0.747802	-0.672768	-0.582875	-0.486933	-0.385289	-0.285251	-0.198786	-0.136124	-0.0846708	-0.0428042	-0.00888842	0.028645	0.076973	0.142286	0.216729	
-0.894431	-0.940501	-0.959386	-0.95431	-0.949991	-0.950219	-0.951348	-0.958479	-0.951827	-0.915629	-0.85963	-0.788028	-0.707203	-0.61397	-0.508596	-0.399968	-0.297193	-0.20427	-0.124165	-0.0532159	0.0153895	0.0835881	0.1553	0.236279	0.325741	
-0.943331	-0.968831	-0.970326	-0.958276	-0.952295	-0.951575	-0.954096	-0.966591	-0.971747	-0.956276	-0.918495	-0.867356	-0.804013	-0.721579	-0.624171	-0.518829	-0.403289	-0.290387	-0.185873	-0.0874302	0.00977767	0.105287	0.200539	0.300873	0.402501	
-0.936248	-0.930884	-0.913418	-0.897942	-0.893018	-0.893109	-0.894452	-0.906362	-0.924394	-0.936156	-0.930686	-0.910269	-0.868386	-0.803315	-0.720399	-0.626008	-0.512824	-0.393892	-0.271922	-0.155249	-0.0321439	0.0928134	0.21474	0.331533	0.435567	
-0.891866	-0.861748	-0.829377	-0.809551	-0.807727	-0.8069	-0.808739	-0.817965	-0.849053	-0.88031	-0.906353	-0.917664	-0.899838	-0.85767	-0.798911	-0.723711	-0.618605	-0.49939	-0.364482	-0.231096	-0.0917385	0.0491271	0.187867	0.315853	0.420229	
-0.833091	-0.786505	-0.745433	-0.724798	-0.714328	-0.711542	-0.720052	-0.735012	-0.768344	-0.814167	-0.858587	-0.893261	-0.908221	-0.896646	-0.863697	-0.805483	-0.715324	-0.597547	-0.463773	-0.320241	-0.166213	-0.0113871	0.136983	0.268052	0.366475	
-0.773829	-0.720289	-0.675621	-0.644268	-0.622292	-0.619323	-0.633461	-0.661826	-0.700551	-0.752865	-0.805119	-0.855453	-0.892778	-0.911329	-0.908276	-0.86838	-0.796864	-0.687427	-0.557672	-0.404428	-0.243172	-0.0749239	0.0844081	0.213729	0.296987	
-0.721284	-0.66393	-0.612669	-0.56585	-0.532824	-0.526967	-0.550154	-0.593218	-0.642632	-0.698275	-0.75473	-0.806611	-0.853961	-0.900554	-0.924272	-0.913647	-0.865204	-0.770266	-0.633325	-0.469019	-0.295781	-0.120694	0.0325797	0.14747	0.212482	
-0.660878	-0.595371	-0.533595	-0.47983	-0.443969	-0.437245	-0.462804	-0.510591	-0.569976	-0.634719	-0.698799	-0.75229	-0.808664	-0.869393	-0.921663	-0.946363	-0.921429	-0.835669	-0.694336	-0.519351	-0.334735	-0.164223	-0.0219875	0.0737698	0.122947	
-0.595371	-0.517251	-0.445704	-0.389538	-0.35468	-0.348729	-0.372235	-0.421321	-0.486733	-0.56382	-0.63919	-0.697301	-0.758594	-0.830923	-0.905423	-0.959084	-0.96098	-0.886402	-0.739335	-0.554619	-0.367892	-0.203499	-0.0749419	0.002866	0.0367644	
-0.533595	-0.445704	-0.367496	-0.308197	-0.276144	-0.271471	-0.292323	-0.340981	-0.41251	-0.498348	-0.58297	-0.650464	-0.716302	-0.794498	-0.881284	-0.953308	-0.973448	-0.911662	-0.772103	-0.588518	-0.398942	-0.232716	-0.109681	-0.0406928	-0.0176799	
-0.47983	-0.389538	-0.308197	-0.248324	-0.217882	-0.212126	-0.23295	-0.280929	-0.355342	-0.443184	-0.53276	-0.613275	-0.69156	-0.775094	-0.863246	-0.940507	-0.96458	-0.915754	-0.796112	-0.623201	-0.428782	-0.252376	-0.122171	-0.0534006	-0.0485853	
-0.443969	-0.35468	-0.276144	-0.217882	-0.184415	-0.179442	-0.20069	-0.250543	-0.32109	-0.408058	-0.497574	-0.586317	-0.677207	-0.770443	-0.861231	-0.933468	-0.960242	-0.914721	-0.809549	-0.643783	-0.447532	-0.26236	-0.129824	-0.0693499	-0.0775549	
-0.437245	-0.348729	-0.271471	-0.212126	-0.179442	-0.175721	-0.194836	-0.245641	-0.315739	-0.40176	-0.490433	-0.582087	-0.674666	-0.768346	-0.861589	-0.93293	-0.960309	-0.914037	-0.811059	-0.644795	-0.451112	-0.265788	-0.130945	-0.0723776	-0.0849909	
-0.462804	-0.372235	-0.292323	-0.23295	-0.20069	-0.194836	-0.216706	-0.265833	-0.338478	-0.426	-0.516354	-0.600364	-0.684498	-0.77338	-0.861417	-0.936114	-0.961102	-0.915099	-0.803658	-0.635195	-0.438557	-0.256777	-0.12521	-0.0593501	-0.0600263	
-0.510591	-0.421321	-0.340981	-0.280929	-0.250543	-0.245641	-0.265833	-0.313889	-0.387817	-0.474497	-0.562066	-0.634597	-0.704739	-0.783799	-0.872116	-0.948735	-0.971247	-0.914458	-0.782106	-0.602666	-0.410833	-0.242297	-0.116343	-0.0474062	-0.0308146	
-0.569976	-0.486733	-0.41251	-0.355342	-0.32109	-0.315739	-0.338478	-0.387817	-0.455136	-0.536372	-0.61619	-0.677151	-0.739642	-0.815786	-0.896436	-0.958475	-0.969221	-0.900259	-0.753969	-0.567993	-0.380174	-0.216105	-0.0915177	-0.0191701	0.0101653	
-0.634719	-0.56382	-0.498348	-0.443184	-0.408058	-0.40176	-0.426	-0.474497	-0.536372	-0.606754	-0.674725	-0.730706	-0.788624	-0.853847	-0.91658	-0.954017	-0.940218	-0.858164	-0.714447	-0.534259	-0.348932	-0.180715	-0.0447964	0.0440314	0.0869627	
-0.698799	-0.63919	-0.58297	-0.53276	-0.497574	-0.490433	-0.516354	-0.562066	-0.61619	-0.674725	-0.73353	-0.785072	-0.836321	-0.889478	-0.924602	-0.928731	-0.889437	-0.798925	-0.6591	-0.490645	-0.311964	-0.137497	0.0109701	0.118556	0.176776	
-0.75229	-0.697301	-0.650464	-0.613275	-0.586317	-0.582087	-0.600364	-0.634597	-0.677151	-0.730706	-0.785072	-0.836801	-0.879357	-0.91025	-0.918287	-0.888286	-0.825181	-0.722273	-0.590031	-0.4329	-0.267309	-0.0953579	0.0641633	0.188582	0.265299	
-0.808664	-0.758594	-0.716302	-0.69156	-0.677207	-0.674666	-0.684498	-0.704739	-0.739642	-0.788624	-0.836321	-0.879357	-0.90511	-0.905376	-0.884745	-0.833421	-0.749967	-0.63423	-0.502634	-0.35502	-0.198649	-0.0386871	0.115929	0.247287	0.339632	
-0.869393	-0.830923	-0.794498	-0.775094	-0.770443	-0.768346	-0.77338	-0.783799	-0.815786	-0.853847	-0.889478	-0.91025	-0.905376	-0.876489	-0.826822	-0.758299	-0.658987	-0.539632	-0.404247	-0.26676	-0.120075	0.0269976	0.16844	0.298309	0.402726	
-0.921663	-0.905423	-0.881284	-0.863246	-0.861231	-0.861589	-0.861417	-0.872116	-0.896436	-0.91658	-0.924602	-0.918287	-0.884745	-0.826822	-0.752953	-0.666181	-0.555537	-0.436303	-0.308107	-0.183398	-0.0541904	0.0776859	0.209136	0.332109	0.435188	
-0.946363	-0.959084	-0.953308	-0.940507	-0.933468	-0.93293	-0.936114	-0.948735	-0.958475	-0.954017	-0.928731	-0.888286	-0.833421	-0.758299	-0.666181	-0.563887	-0.447246	-0.330938	-0.218671	-0.11264	-0.003499	0.104193	0.209668	0.316884	0.421407	
-0.921429	-0.96098	-0.973448	-0.96458	-0.960242	-0.960309	-0.961102	-0.971247	-0.969221	-0.940218	-0.889437	-0.825181	-0.749967	-0.658987	-0.555537	-0.447246	-0.339425	-0.236235	-0.145099	-0.0623032	0.0179918	0.097317	0.177307	0.266368	0.361058	
-0.835669	-0.886402	-0.911662	-0.915754	-0.914721	-0.914037	-0.915099	-0.914458	-0.900259	-0.858164	-0.798925	-0.722273	-0.63423	-0.539632	-0.436303	-0.330938	-0.236235	-0.161873	-0.0988839	-0.0452697	0.0025852	0.0528011	0.111516	0.183983	0.264737	
-0.694336	-0.739335	-0.772103	-0.796112	-0.809549	-0.811059	-0.803658	-0.782106	-0.753969	-0.714447	-0.6591	-0.590031	-0.502634	-0.404247	-0.308107	-0.218671	-0.145099	-0.0988839	-0.0653887	-0.042425	-0.0274018	-0.00838888	0.0221822	0.0727554	0.139455	
-0.519351	-0.554619	-0.588518	-0.623201	-0.643783	-0.644795	-0.635195	-0.602666	-0.567993	-0.534259	-0.490645	-0.4329	-0.35502	-0.26676	-0.183398	-0.11264	-0.0623032	-0.0452697	-0.042425	-0.0513614	-0.0626171	-0.0715495	-0.0666082	-0.0362124	0.0164365	
-0.334735	-0.367892	-0.398942	-0.428782	-0.447532	-0.451112	-0.438557	-0.410833	-0.380174	-0.348932	-0.311964	-0.267309	-0.198649	-0.120075	-0.0541904	-0.003499	0.0179918	0.0025852	-0.0274018	-0.0626171	-0.0972456	-0.125991	-0.136339	-0.119826	-0.0726412	
-0.164223	-0.203499	-0.232716	-0.252376	-0.26236	-0.265788	-0.256777	-0.242297	-0.216105	-0.180715	-0.137497	-0.0953579	-0.0386871	0.0269976	0.0776859	0.104193	0.097317	0.0528011	-0.00838888	-0.0715495	-0.125991	-0.164418	-0.184658	-0.177609	-0.129689	
-0.0219875	-0.0749419	-0.109681	-0.122171	-0.129824	-0.130945	-0.12521	-0.116343	-0.0915177	-0.0447964	0.0109701	0.0641633	0.115929	0.16844	0.209136	0.209668	0.177307	0.111516	0.0221822	-0.0666082	-0.136339	-0.184658	-0.213279	-0.207085	-0.157292	
0.0737698	0.002866	-0.0406928	-0.0534006	-0.0693499	-0.0723776	-0.0593501	-0.0474062	-0.0191701	0.0440314	0.118556	0.188582	0.247287	0.298309	0.332109	0.316884	0.266368	0.183983	0.0727554	-0.0362124	-0.119826	-0.177609	-0.207085	-0.200151	-0.15331	
0.122947	0.0367644	-0.0176799	-0.0485853	-0.0775549	-0.0849909	-0.0600263	-0.0308146	0.0101653	0.0869627	0.176776	0.265299	0.339632	0.402726	0.435188	0.421407	0.361058	0.264737	0.139455	0.0164365	-0.0726412	-0.129689	-0.157292	-0.15331	-0.0980623	
