0.400767	0.233452	0.0543539	-0.109245	-0.228527	-0.288955	-0.28006	-0.206373	-0.0791534	0.105962	0.338026	0.585993	0.811972	1.00119	1.12894	1.18885	1.19856	1.1847	1.15334	1.10412	1.02604	0.91888	0.811692	0.706945	0.630298	
0.233452	0.0618762	-0.121769	-0.2818	-0.399663	-0.448218	-0.4129	-0.301444	-0.133087	0.0870468	0.342909	0.607719	0.853955	1.05358	1.1822	1.23309	1.22742	1.19068	1.14223	1.08415	1.00678	0.9157	0.821047	0.733291	0.676759	
0.0543539	-0.121769	-0.302288	-0.456521	-0.564164	-0.597105	-0.533764	-0.394015	-0.186687	0.0660549	0.338281	0.612146	0.868372	1.06862	1.1908	1.22801	1.199	1.14017	1.07058	1.00126	0.926461	0.854052	0.781029	0.71829	0.687459	
-0.109245	-0.2818	-0.456521	-0.604442	-0.692339	-0.6973	-0.611731	-0.449203	-0.211733	0.0578416	0.337291	0.618448	0.870217	1.06216	1.1696	1.17909	1.11766	1.03357	0.938798	0.855769	0.787013	0.730678	0.685016	0.652297	0.64463	
-0.228527	-0.399663	-0.564164	-0.692339	-0.748248	-0.724943	-0.623234	-0.441807	-0.193165	0.0845751	0.368269	0.641493	0.874088	1.04724	1.12213	1.09275	0.998932	0.881729	0.763785	0.668495	0.598692	0.55506	0.534851	0.526382	0.53818	
-0.288955	-0.448218	-0.597105	-0.6973	-0.724943	-0.676978	-0.557324	-0.363921	-0.11486	0.167672	0.449838	0.69746	0.898006	1.02824	1.05495	0.980164	0.849958	0.7022	0.564576	0.456469	0.379937	0.344219	0.338029	0.347529	0.372397	
-0.28006	-0.4129	-0.533764	-0.611731	-0.623234	-0.557324	-0.420481	-0.22093	0.0300837	0.310448	0.573437	0.784278	0.942452	1.01135	0.979325	0.858487	0.68268	0.506706	0.349886	0.226914	0.145098	0.110108	0.114192	0.134295	0.16352	
-0.206373	-0.301444	-0.394015	-0.449203	-0.441807	-0.363921	-0.22093	-0.0245269	0.219308	0.482024	0.718881	0.892029	0.992918	0.995709	0.902179	0.727575	0.509918	0.308231	0.130476	-0.00700806	-0.0951443	-0.136527	-0.129941	-0.103161	-0.0756067	
-0.0791534	-0.133087	-0.186687	-0.211733	-0.193165	-0.11486	0.0300837	0.219308	0.440815	0.667823	0.857481	0.977115	1.01016	0.946993	0.795305	0.576488	0.332746	0.108856	-0.0800207	-0.230774	-0.328802	-0.374986	-0.375473	-0.342464	-0.317566	
0.105962	0.0870468	0.0660549	0.0578416	0.0845751	0.167672	0.310448	0.482024	0.667823	0.841002	0.959532	1.00654	0.970631	0.844193	0.645322	0.39433	0.138771	-0.0940518	-0.290043	-0.437483	-0.537906	-0.583411	-0.580911	-0.547244	-0.522284	
0.338026	0.342909	0.338281	0.337291	0.368269	0.449838	0.573437	0.718881	0.857481	0.959532	1.00191	0.977629	0.8745	0.690321	0.453549	0.184385	-0.0726763	-0.297475	-0.481324	-0.61478	-0.703327	-0.738078	-0.731515	-0.699259	-0.67229	
0.585993	0.607719	0.612146	0.618448	0.641493	0.69746	0.784278	0.892029	0.977115	1.00654	0.977629	0.881393	0.723281	0.504485	0.244137	-0.0232166	-0.269375	-0.478926	-0.644933	-0.760852	-0.826755	-0.847269	-0.830209	-0.792678	-0.766614	
0.811972	0.853955	0.868372	0.870217	0.874088	0.898006	0.942452	0.992918	1.01016	0.970631	0.8745	0.723281	0.531911	0.301602	0.040772	-0.212038	-0.436909	-0.62772	-0.772848	-0.868655	-0.909294	-0.908535	-0.878533	-0.832606	-0.802876	
1.00119	1.05358	1.06862	1.06216	1.04724	1.02824	1.01135	0.995709	0.946993	0.844193	0.690321	0.504485	0.301602	0.077573	-0.161795	-0.378682	-0.569141	-0.729634	-0.842136	-0.912224	-0.927531	-0.90682	-0.867465	-0.822752	-0.792842	
1.12894	1.1822	1.1908	1.1696	1.12213	1.05495	0.979325	0.902179	0.795305	0.645322	0.453549	0.244137	0.040772	-0.161795	-0.35672	-0.525831	-0.668803	-0.784486	-0.863703	-0.903104	-0.887002	-0.84509	-0.796197	-0.748522	-0.724789	
1.18885	1.23309	1.22801	1.17909	1.09275	0.980164	0.858487	0.727575	0.576488	0.39433	0.184385	-0.0232166	-0.212038	-0.378682	-0.525831	-0.645968	-0.740152	-0.814975	-0.856446	-0.859323	-0.814121	-0.749106	-0.690484	-0.645819	-0.628349	
1.19856	1.22742	1.199	1.11766	0.998932	0.849958	0.68268	0.509918	0.332746	0.138771	-0.0726763	-0.269375	-0.436909	-0.569141	-0.668803	-0.740152	-0.789404	-0.828318	-0.839939	-0.811334	-0.744665	-0.660601	-0.589572	-0.545543	-0.526621	
1.1847	1.19068	1.14017	1.03357	0.881729	0.7022	0.506706	0.308231	0.108856	-0.0940518	-0.297475	-0.478926	-0.62772	-0.729634	-0.784486	-0.814975	-0.828318	-0.834779	-0.821747	-0.770232	-0.685777	-0.585757	-0.506921	-0.458426	-0.433062	
1.15334	1.14223	1.07058	0.938798	0.763785	0.564576	0.349886	0.130476	-0.0800207	-0.290043	-0.481324	-0.644933	-0.772848	-0.842136	-0.863703	-0.856446	-0.839939	-0.821747	-0.789827	-0.719016	-0.623217	-0.520293	-0.435245	-0.390097	-0.365778	
1.10412	1.08415	1.00126	0.855769	0.668495	0.456469	0.226914	-0.00700806	-0.230774	-0.437483	-0.61478	-0.760852	-0.868655	-0.912224	-0.903104	-0.859323	-0.811334	-0.770232	-0.719016	-0.640802	-0.546657	-0.45042	-0.375764	-0.340382	-0.322588	
1.02604	1.00678	0.926461	0.787013	0.598692	0.379937	0.145098	-0.0951443	-0.328802	-0.537906	-0.703327	-0.826755	-0.909294	-0.927531	-0.887002	-0.814121	-0.744665	-0.685777	-0.623217	-0.546657	-0.462051	-0.383343	-0.329848	-0.311382	-0.309107	
0.91888	0.9157	0.854052	0.730678	0.55506	0.344219	0.110108	-0.136527	-0.374986	-0.583411	-0.738078	-0.847269	-0.908535	-0.90682	-0.84509	-0.749106	-0.660601	-0.585757	-0.520293	-0.45042	-0.383343	-0.33393	-0.303353	-0.303534	-0.318868	
0.811692	0.821047	0.781029	0.685016	0.534851	0.338029	0.114192	-0.129941	-0.375473	-0.580911	-0.731515	-0.830209	-0.878533	-0.867465	-0.796197	-0.690484	-0.589572	-0.506921	-0.435245	-0.375764	-0.329848	-0.303353	-0.298726	-0.313147	-0.336907	
0.706945	0.733291	0.71829	0.652297	0.526382	0.347529	0.134295	-0.103161	-0.342464	-0.547244	-0.699259	-0.792678	-0.832606	-0.822752	-0.748522	-0.645819	-0.545543	-0.458426	-0.390097	-0.340382	-0.311382	-0.303534	-0.313147	-0.330333	-0.353467	
0.630298	0.676759	0.687459	0.64463	0.53818	0.372397	0.16352	-0.0756067	-0.317566	-0.522284	-0.67229	-0.766614	-0.802876	-0.792842	-0.724789	-0.628349	-0.526621	-0.433062	-0.365778	-0.322588	-0.309107	-0.318868	-0.336907	-0.353467	-0.367603	
0.593311	0.660765	0.692319	0.668643	0.575168	0.408686	0.190776	-0.0606115	-0.313555	-0.526836	-0.685256	-0.778965	-0.810534	-0.793617	-0.725932	-0.630401	-0.52316	-0.423439	-0.349057	-0.310731	-0.308823	-0.327665	-0.352638	-0.365896	-0.36876	
0.592493	0.684865	0.738666	0.728333	0.634	0.456929	0.214174	-0.0613439	-0.329674	-0.560223	-0.732414	-0.83048	-0.856578	-0.831165	-0.755127	-0.651339	-0.530799	-0.412845	-0.327896	-0.288664	-0.29401	-0.322426	-0.352956	-0.364947	-0.360726	
0.634302	0.744011	0.808705	0.800693	0.703264	0.512738	0.246671	-0.0557195	-0.350919	-0.601071	-0.782495	-0.888048	-0.912664	-0.873411	-0.794686	-0.683028	-0.54674	-0.410657	-0.310949	-0.266285	-0.274032	-0.310742	-0.344668	-0.359773	-0.351788	
0.686914	0.808611	0.879931	0.873308	0.769927	0.565298	0.278176	-0.0431605	-0.349157	-0.612124	-0.808804	-0.919956	-0.946877	-0.9035	-0.823879	-0.70798	-0.563713	-0.419406	-0.308286	-0.262895	-0.272015	-0.309247	-0.344831	-0.356697	-0.343457	
0.729347	0.856747	0.929979	0.921839	0.813223	0.601964	0.303984	-0.0261441	-0.339547	-0.60995	-0.811195	-0.926865	-0.95595	-0.912858	-0.836579	-0.723166	-0.578032	-0.429408	-0.314701	-0.267837	-0.277781	-0.316357	-0.351114	-0.361765	-0.343627	
0.739644	0.867372	0.939518	0.929019	0.820493	0.609637	0.311836	-0.0207228	-0.338404	-0.609428	-0.808797	-0.926648	-0.957368	-0.912416	-0.838794	-0.726937	-0.581351	-0.431698	-0.317349	-0.26986	-0.278694	-0.319144	-0.352264	-0.36252	-0.34426	
0.706023	0.830683	0.903901	0.897648	0.791513	0.582356	0.288935	-0.036747	-0.344624	-0.611094	-0.8124	-0.924945	-0.952745	-0.909815	-0.830451	-0.715117	-0.569662	-0.423611	-0.310274	-0.264443	-0.274713	-0.311665	-0.347381	-0.358462	-0.342508	
0.655571	0.770539	0.837823	0.830886	0.731105	0.535019	0.259589	-0.0516362	-0.353027	-0.609406	-0.797232	-0.904403	-0.929217	-0.887848	-0.807755	-0.694355	-0.553714	-0.413029	-0.308039	-0.26224	-0.27113	-0.308217	-0.343294	-0.358112	-0.347885	
0.606173	0.706017	0.765352	0.756253	0.660971	0.479028	0.227028	-0.0602864	-0.339843	-0.577604	-0.75349	-0.855174	-0.880787	-0.848785	-0.771455	-0.664417	-0.536269	-0.410016	-0.319924	-0.2785	-0.284796	-0.317936	-0.349373	-0.362227	-0.356995	
0.587583	0.664704	0.705922	0.689504	0.596917	0.425689	0.198486	-0.0603145	-0.317221	-0.537336	-0.702684	-0.796008	-0.824724	-0.805633	-0.734095	-0.636251	-0.524685	-0.419332	-0.340948	-0.302855	-0.305512	-0.326709	-0.35459	-0.367553	-0.365836	
0.611537	0.665995	0.684688	0.649637	0.549779	0.38682	0.176318	-0.0672768	-0.313519	-0.520018	-0.671191	-0.765939	-0.800982	-0.788779	-0.722791	-0.627668	-0.524219	-0.428191	-0.359123	-0.318586	-0.309665	-0.324475	-0.345124	-0.359771	-0.369878	
0.671739	0.705794	0.702047	0.646098	0.528386	0.355043	0.144899	-0.0911182	-0.329638	-0.534516	-0.685922	-0.779581	-0.817516	-0.807612	-0.735735	-0.635286	-0.534934	-0.445896	-0.378983	-0.332256	-0.309733	-0.309283	-0.322578	-0.33974	-0.35995	
0.768185	0.783377	0.753038	0.669699	0.530226	0.340211	0.12071	-0.120221	-0.364179	-0.56973	-0.720342	-0.815519	-0.860113	-0.84946	-0.775879	-0.670024	-0.568519	-0.484166	-0.412572	-0.3574	-0.319248	-0.299681	-0.302738	-0.319683	-0.343408	
0.875466	0.878522	0.825215	0.711266	0.544337	0.339839	0.108808	-0.138824	-0.380417	-0.587649	-0.739219	-0.844872	-0.900288	-0.892824	-0.82663	-0.724315	-0.629169	-0.550095	-0.482294	-0.41655	-0.357139	-0.31885	-0.298844	-0.304955	-0.326158	
0.985007	0.970698	0.896844	0.763097	0.57787	0.359699	0.12492	-0.116946	-0.353207	-0.563198	-0.723797	-0.839964	-0.912605	-0.922174	-0.871214	-0.787981	-0.711037	-0.645811	-0.581757	-0.507015	-0.429073	-0.360935	-0.316615	-0.306502	-0.310832	
1.07681	1.05585	0.971908	0.826809	0.637855	0.422589	0.189297	-0.0482712	-0.276817	-0.483018	-0.655316	-0.792735	-0.891618	-0.925345	-0.902966	-0.846455	-0.788364	-0.739625	-0.682453	-0.604494	-0.513023	-0.422579	-0.355869	-0.325996	-0.313673	
1.13603	1.12133	1.04313	0.903288	0.721848	0.517138	0.296349	0.0699942	-0.145432	-0.35534	-0.541017	-0.697675	-0.817379	-0.875356	-0.88481	-0.862455	-0.833718	-0.806046	-0.766628	-0.69109	-0.593847	-0.493305	-0.409705	-0.367985	-0.345949	
1.1745	1.17157	1.11258	0.996178	0.833652	0.644255	0.440664	0.233647	0.028204	-0.17718	-0.376069	-0.551101	-0.691362	-0.780741	-0.820919	-0.835556	-0.837273	-0.833066	-0.81193	-0.75238	-0.662233	-0.559316	-0.477297	-0.428984	-0.402597	
1.19463	1.21619	1.17801	1.08517	0.953395	0.791899	0.610467	0.42605	0.239752	0.0420972	-0.167164	-0.358223	-0.51852	-0.63805	-0.718804	-0.773408	-0.806611	-0.832035	-0.833035	-0.794407	-0.720119	-0.628718	-0.554429	-0.50819	-0.487019	
1.19758	1.23542	1.22179	1.15948	1.06031	0.931693	0.79162	0.641668	0.478871	0.289895	0.0781663	-0.125415	-0.305586	-0.457219	-0.58579	-0.685658	-0.761625	-0.821349	-0.850025	-0.839128	-0.784609	-0.711817	-0.64773	-0.605021	-0.587794	
1.16025	1.21125	1.21607	1.18557	1.12152	1.03584	0.940347	0.840682	0.71455	0.549773	0.347403	0.135328	-0.0633088	-0.253026	-0.428148	-0.577643	-0.700402	-0.798822	-0.862861	-0.888123	-0.86015	-0.807952	-0.755998	-0.70819	-0.687501	
1.0609	1.11487	1.1269	1.11597	1.09068	1.05252	1.01034	0.969317	0.895719	0.77143	0.600615	0.404079	0.199164	-0.01745	-0.241032	-0.441049	-0.612466	-0.756093	-0.855876	-0.913673	-0.917475	-0.888364	-0.84519	-0.800158	-0.77211	
0.893698	0.939998	0.957514	0.956243	0.95285	0.960372	0.98221	1.00615	0.997031	0.931381	0.808569	0.642244	0.444375	0.214641	-0.040723	-0.280757	-0.494197	-0.674761	-0.807441	-0.89482	-0.924862	-0.916069	-0.881352	-0.835368	-0.805242	
0.679633	0.710897	0.718348	0.723935	0.739814	0.78401	0.855853	0.94247	1.00171	1.0026	0.946673	0.825601	0.65161	0.425223	0.16191	-0.101852	-0.340809	-0.542611	-0.702111	-0.810074	-0.865824	-0.87847	-0.855583	-0.814591	-0.787454	
0.437783	0.448361	0.447631	0.451188	0.480891	0.553327	0.663649	0.796221	0.914157	0.987113	1.00095	0.946331	0.819705	0.619153	0.369671	0.100103	-0.154155	-0.373357	-0.549786	-0.677086	-0.756748	-0.786533	-0.776842	-0.743285	-0.717842	
