-0.286667	-0.318731	-0.303057	-0.260717	-0.194657	-0.124955	-0.0711827	-0.0442075	-0.0222658	0.0112258	0.0533721	0.0978582	0.144815	0.18366	0.209046	0.226114	0.245297	0.269593	0.29207	0.304594	0.298475	0.299554	0.315864	0.329599	0.337598	
-0.318731	-0.400819	-0.436006	-0.424834	-0.370261	-0.302307	-0.252238	-0.221345	-0.183724	-0.130934	-0.0682521	-0.0111479	0.044709	0.0924979	0.142399	0.188879	0.242147	0.297009	0.344503	0.37989	0.390537	0.40255	0.412214	0.409782	0.389679	
-0.303057	-0.436006	-0.512222	-0.528517	-0.491973	-0.436278	-0.395899	-0.359407	-0.314473	-0.249805	-0.176971	-0.11804	-0.0606604	-0.0023023	0.063996	0.129617	0.204025	0.285313	0.360766	0.424009	0.460396	0.48028	0.482954	0.468783	0.431823	
-0.260717	-0.424834	-0.528517	-0.56896	-0.563186	-0.532737	-0.502706	-0.467516	-0.420028	-0.353011	-0.280648	-0.216273	-0.152904	-0.0853117	-0.0176897	0.0532315	0.140641	0.244651	0.348629	0.435945	0.498581	0.532396	0.538903	0.520523	0.469643	
-0.194657	-0.370261	-0.491973	-0.563186	-0.587791	-0.591748	-0.579946	-0.558342	-0.516136	-0.4544	-0.380689	-0.303611	-0.236208	-0.168629	-0.102233	-0.0254859	0.0685351	0.18424	0.307547	0.417898	0.509343	0.564781	0.579184	0.556906	0.499349	
-0.124955	-0.302307	-0.436278	-0.532737	-0.591748	-0.623256	-0.625948	-0.615497	-0.589124	-0.534697	-0.46214	-0.384615	-0.314945	-0.247002	-0.17657	-0.103223	-0.0123919	0.106561	0.243528	0.375727	0.490303	0.566595	0.589061	0.568645	0.512394	
-0.0711827	-0.252238	-0.395899	-0.502706	-0.579946	-0.625948	-0.646638	-0.645773	-0.625941	-0.57785	-0.513822	-0.442133	-0.370412	-0.302629	-0.231854	-0.158808	-0.0735381	0.0412866	0.179559	0.32008	0.444529	0.531223	0.561677	0.544029	0.492451	
-0.0442075	-0.221345	-0.359407	-0.467516	-0.558342	-0.615497	-0.645773	-0.65031	-0.623131	-0.578799	-0.520707	-0.456051	-0.385786	-0.313445	-0.241582	-0.166529	-0.0883909	0.0151531	0.141861	0.273602	0.391822	0.471453	0.495871	0.474966	0.426631	
-0.0222658	-0.183724	-0.314473	-0.420028	-0.516136	-0.589124	-0.625941	-0.623131	-0.58797	-0.542921	-0.485354	-0.41815	-0.346109	-0.271483	-0.19717	-0.128292	-0.0572973	0.0276743	0.136628	0.24757	0.34053	0.392562	0.39615	0.37013	0.317505	
0.0112258	-0.130934	-0.249805	-0.353011	-0.4544	-0.534697	-0.57785	-0.578799	-0.542921	-0.488487	-0.418795	-0.346678	-0.26866	-0.190163	-0.119034	-0.0586498	0.0023238	0.0742459	0.155432	0.232338	0.285131	0.29977	0.283107	0.242052	0.18151	
0.0533721	-0.0682521	-0.176971	-0.280648	-0.380689	-0.46214	-0.513822	-0.520707	-0.485354	-0.418795	-0.337096	-0.252755	-0.165923	-0.0820312	-0.0162974	0.0364039	0.0858951	0.136999	0.182404	0.213538	0.224337	0.20049	0.157841	0.101255	0.0329666	
0.0978582	-0.0111479	-0.11804	-0.216273	-0.303611	-0.384615	-0.442133	-0.456051	-0.41815	-0.346678	-0.252755	-0.154009	-0.0516628	0.0423925	0.109992	0.159289	0.192069	0.218023	0.223583	0.20774	0.167756	0.100781	0.028554	-0.0407149	-0.114862	
0.144815	0.044709	-0.0606604	-0.152904	-0.236208	-0.314945	-0.370412	-0.385786	-0.346109	-0.26866	-0.165923	-0.0516628	0.069074	0.172785	0.247081	0.290748	0.312303	0.311293	0.278805	0.208337	0.107806	-0.00117664	-0.102231	-0.183768	-0.267545	
0.18366	0.0924979	-0.0023023	-0.0853117	-0.168629	-0.247002	-0.302629	-0.313445	-0.271483	-0.190163	-0.0820312	0.0423925	0.172785	0.281175	0.362848	0.406005	0.416614	0.39403	0.327774	0.206869	0.0501421	-0.103559	-0.233858	-0.334312	-0.421985	
0.209046	0.142399	0.063996	-0.0176897	-0.102233	-0.17657	-0.231854	-0.241582	-0.19717	-0.119034	-0.0162974	0.109992	0.247081	0.362848	0.441058	0.478574	0.479231	0.441623	0.345888	0.185306	-0.0153663	-0.210395	-0.367883	-0.486179	-0.574108	
0.226114	0.188879	0.129617	0.0532315	-0.0254859	-0.103223	-0.158808	-0.166529	-0.128292	-0.0586498	0.0364039	0.159289	0.290748	0.406005	0.478574	0.511491	0.501975	0.441916	0.317359	0.127998	-0.0983463	-0.319048	-0.495331	-0.625445	-0.715811	
0.245297	0.242147	0.204025	0.140641	0.0685351	-0.0123919	-0.0735381	-0.0883909	-0.0572973	0.0023238	0.0858951	0.192069	0.312303	0.416614	0.479231	0.501975	0.476838	0.389574	0.236515	0.0314157	-0.202676	-0.429596	-0.615435	-0.744345	-0.825823	
0.269593	0.297009	0.285313	0.244651	0.18424	0.106561	0.0412866	0.0151531	0.0276743	0.0742459	0.136999	0.218023	0.311293	0.39403	0.441623	0.441916	0.389574	0.276645	0.113586	-0.0897666	-0.315989	-0.535442	-0.713465	-0.827542	-0.891727	
0.29207	0.344503	0.360766	0.348629	0.307547	0.243528	0.179559	0.141861	0.136628	0.155432	0.182404	0.223583	0.278805	0.327774	0.345888	0.317359	0.236515	0.113586	-0.0433117	-0.232513	-0.430914	-0.616174	-0.766377	-0.867005	-0.921896	
0.304594	0.37989	0.424009	0.435945	0.417898	0.375727	0.32008	0.273602	0.24757	0.232338	0.213538	0.20774	0.208337	0.206869	0.185306	0.127998	0.0314157	-0.0897666	-0.232513	-0.392613	-0.540887	-0.670304	-0.785741	-0.873549	-0.91174	
0.298475	0.390537	0.460396	0.498581	0.509343	0.490303	0.444529	0.391822	0.34053	0.285131	0.224337	0.167756	0.107806	0.0501421	-0.0153663	-0.0983463	-0.202676	-0.315989	-0.430914	-0.540887	-0.629618	-0.710742	-0.789963	-0.846421	-0.859227	
0.299554	0.40255	0.48028	0.532396	0.564781	0.566595	0.531223	0.471453	0.392562	0.29977	0.20049	0.100781	-0.00117664	-0.103559	-0.210395	-0.319048	-0.429596	-0.535442	-0.616174	-0.670304	-0.710742	-0.750294	-0.78325	-0.797757	-0.792535	
0.315864	0.412214	0.482954	0.538903	0.579184	0.589061	0.561677	0.495871	0.39615	0.283107	0.157841	0.028554	-0.102231	-0.233858	-0.367883	-0.495331	-0.615435	-0.713465	-0.766377	-0.785741	-0.789963	-0.78325	-0.765325	-0.750361	-0.731935	
0.329599	0.409782	0.468783	0.520523	0.556906	0.568645	0.544029	0.474966	0.37013	0.242052	0.101255	-0.0407149	-0.183768	-0.334312	-0.486179	-0.625445	-0.744345	-0.827542	-0.867005	-0.873549	-0.846421	-0.797757	-0.750361	-0.711916	-0.670219	
0.337598	0.389679	0.431823	0.469643	0.499349	0.512394	0.492451	0.426631	0.317505	0.18151	0.0329666	-0.114862	-0.267545	-0.421985	-0.574108	-0.715811	-0.825823	-0.891727	-0.921896	-0.91174	-0.859227	-0.792535	-0.731935	-0.670219	-0.601887	
0.341537	0.362695	0.382831	0.401547	0.418403	0.428273	0.413203	0.35471	0.244865	0.096591	-0.0583941	-0.214577	-0.372541	-0.525244	-0.668296	-0.790483	-0.874856	-0.923213	-0.936809	-0.904558	-0.83546	-0.759371	-0.683798	-0.605849	-0.536683	
0.340446	0.333973	0.333133	0.333098	0.336551	0.341017	0.328922	0.273734	0.16364	0.0156681	-0.14793	-0.319647	-0.490825	-0.647966	-0.773967	-0.861738	-0.913948	-0.937783	-0.924963	-0.869575	-0.791126	-0.697409	-0.601158	-0.52413	-0.46659	
0.348302	0.311692	0.285899	0.26813	0.258317	0.256911	0.24717	0.195469	0.0898708	-0.0572998	-0.227939	-0.411911	-0.594661	-0.755718	-0.864884	-0.920858	-0.944634	-0.940493	-0.897731	-0.821542	-0.72589	-0.613334	-0.509145	-0.438742	-0.389445	
0.364781	0.301174	0.24834	0.209339	0.186835	0.181812	0.174042	0.128116	0.0313518	-0.110919	-0.282047	-0.473357	-0.662572	-0.821415	-0.917606	-0.955895	-0.956115	-0.928989	-0.870014	-0.774169	-0.655769	-0.530933	-0.42941	-0.362168	-0.321055	
0.372476	0.292944	0.224155	0.173828	0.146984	0.137624	0.128603	0.0894529	0.00212492	-0.128236	-0.294176	-0.492049	-0.691033	-0.848816	-0.940161	-0.970432	-0.952875	-0.912916	-0.852616	-0.74543	-0.610182	-0.479867	-0.375539	-0.308305	-0.280539	
0.372119	0.290781	0.220865	0.169191	0.139634	0.129682	0.12126	0.0837647	-0.000118604	-0.131467	-0.295887	-0.494702	-0.694138	-0.852336	-0.945046	-0.97353	-0.950487	-0.908656	-0.848591	-0.740156	-0.601775	-0.470104	-0.365271	-0.2969	-0.274348	
0.370033	0.297753	0.236184	0.190865	0.166551	0.160355	0.152045	0.108334	0.0152873	-0.12005	-0.289803	-0.484609	-0.678093	-0.835506	-0.928296	-0.96312	-0.956086	-0.922418	-0.861863	-0.759881	-0.633834	-0.506477	-0.403827	-0.337319	-0.301098	
0.354336	0.306267	0.269576	0.243521	0.227693	0.22436	0.215574	0.166134	0.0638829	-0.0834103	-0.254975	-0.441646	-0.62694	-0.787927	-0.891468	-0.938217	-0.951428	-0.936747	-0.885391	-0.801553	-0.696535	-0.577751	-0.474852	-0.406589	-0.359831	
0.341993	0.323719	0.313441	0.306786	0.305353	0.307311	0.295946	0.241911	0.133174	-0.0142979	-0.18093	-0.358562	-0.535311	-0.694892	-0.813924	-0.887775	-0.92817	-0.940688	-0.915412	-0.8515	-0.767729	-0.665869	-0.564379	-0.489726	-0.435769	
0.34151	0.351357	0.362375	0.373391	0.385408	0.392744	0.378905	0.322778	0.211883	0.0627814	-0.0960683	-0.257532	-0.41986	-0.573451	-0.710328	-0.819367	-0.890785	-0.930638	-0.934795	-0.892558	-0.819719	-0.738152	-0.653366	-0.574141	-0.509676	
0.339531	0.378819	0.413339	0.44407	0.468141	0.480511	0.4628	0.399677	0.290764	0.148752	-0.001663	-0.152551	-0.306796	-0.459828	-0.610102	-0.746963	-0.847794	-0.906686	-0.931726	-0.913752	-0.853289	-0.782409	-0.717022	-0.647297	-0.576074	
0.333706	0.403853	0.45584	0.503199	0.538221	0.55123	0.527558	0.458747	0.351687	0.221821	0.077182	-0.0671334	-0.215438	-0.369291	-0.522596	-0.665332	-0.782362	-0.858091	-0.894203	-0.895622	-0.857426	-0.798717	-0.744811	-0.697575	-0.642891	
0.322014	0.412544	0.480235	0.535571	0.573931	0.584694	0.559123	0.491908	0.389663	0.268098	0.135459	-0.000678438	-0.136728	-0.277232	-0.420388	-0.552732	-0.673498	-0.766249	-0.812426	-0.825199	-0.816166	-0.790801	-0.758328	-0.733647	-0.707994	
0.305602	0.40773	0.482643	0.537375	0.57566	0.582542	0.550412	0.487485	0.398202	0.297539	0.18594	0.0721421	-0.0434558	-0.159241	-0.278471	-0.395784	-0.510088	-0.613685	-0.682589	-0.718959	-0.743896	-0.765372	-0.776422	-0.777707	-0.767916	
0.296298	0.394013	0.469949	0.516331	0.537118	0.526421	0.484657	0.430197	0.367725	0.294965	0.21756	0.143155	0.064172	-0.0134506	-0.0971571	-0.190662	-0.296329	-0.406196	-0.507088	-0.594392	-0.662208	-0.726385	-0.788149	-0.827921	-0.832751	
0.304201	0.386538	0.441174	0.463808	0.457137	0.425089	0.372764	0.323098	0.288053	0.257677	0.221911	0.195238	0.170574	0.146719	0.108252	0.040382	-0.0604597	-0.179187	-0.312078	-0.454517	-0.579043	-0.687323	-0.788714	-0.866646	-0.894884	
0.298759	0.361039	0.388409	0.386627	0.353865	0.297898	0.236387	0.19493	0.181754	0.187329	0.19632	0.219663	0.254944	0.285061	0.288305	0.248382	0.160407	0.0367301	-0.116458	-0.296121	-0.476234	-0.640016	-0.776378	-0.873409	-0.923453	
0.279507	0.31607	0.316895	0.287326	0.234075	0.160603	0.0951928	0.0641082	0.0692747	0.106268	0.157579	0.223389	0.303037	0.374512	0.411346	0.399706	0.335073	0.217513	0.0547625	-0.144597	-0.362538	-0.571615	-0.740191	-0.848154	-0.908199	
0.254523	0.265336	0.23634	0.180767	0.112171	0.0319148	-0.0315378	-0.0507908	-0.0265481	0.0294392	0.10533	0.20374	0.314498	0.411287	0.469743	0.48446	0.45015	0.351343	0.192074	-0.014046	-0.247189	-0.473356	-0.658752	-0.782571	-0.856938	
0.233237	0.208569	0.158189	0.0864211	0.0100303	-0.0698705	-0.127567	-0.136746	-0.100209	-0.0345887	0.0561371	0.173645	0.3018	0.413735	0.482654	0.513306	0.49869	0.427343	0.290963	0.0930505	-0.138146	-0.363266	-0.544497	-0.675761	-0.765363	
0.216102	0.161845	0.0895213	0.00906078	-0.0739302	-0.147606	-0.20193	-0.211583	-0.169344	-0.0938445	0.00641713	0.131906	0.268504	0.384997	0.460622	0.49601	0.493214	0.447767	0.340652	0.167276	-0.0461965	-0.253805	-0.419631	-0.543991	-0.633198	
0.195224	0.112179	0.0237529	-0.0580123	-0.141344	-0.219644	-0.275565	-0.284944	-0.241143	-0.16117	-0.0541666	0.0719112	0.206031	0.317436	0.399045	0.440677	0.44694	0.41833	0.340068	0.202264	0.0258273	-0.145739	-0.287819	-0.395898	-0.483129	
0.16201	0.0647698	-0.0373283	-0.126844	-0.209796	-0.287708	-0.342673	-0.356745	-0.316591	-0.236318	-0.130363	-0.0113286	0.113746	0.219602	0.297592	0.340487	0.357575	0.347336	0.300343	0.208246	0.084021	-0.0421422	-0.154559	-0.243091	-0.329302	
0.116275	0.0109641	-0.0955718	-0.190664	-0.275431	-0.355444	-0.412991	-0.428718	-0.389762	-0.316423	-0.219101	-0.113663	-0.00333298	0.0950865	0.165022	0.211726	0.239692	0.254753	0.245199	0.207704	0.144288	0.0603425	-0.0237335	-0.0969833	-0.175317	
0.0714203	-0.044416	-0.151755	-0.254236	-0.349507	-0.431418	-0.485948	-0.49563	-0.460055	-0.389946	-0.303043	-0.213464	-0.121579	-0.0341165	0.0326431	0.0834011	0.125143	0.166313	0.19675	0.209735	0.201622	0.160504	0.105741	0.0439249	-0.026293	
