0.000614117	-0.0744199	-0.154641	-0.226316	-0.27026	-0.277742	-0.248016	-0.185347	-0.106672	-0.0283292	0.0393712	0.083622	0.094457	0.0685464	0.0200812	-0.0307458	-0.0723695	-0.105965	-0.133774	-0.145967	-0.126031	-0.074746	0.00117183	0.0963442	0.192123	
-0.17186	-0.279641	-0.385844	-0.469969	-0.518381	-0.526222	-0.494303	-0.422758	-0.324206	-0.213611	-0.114934	-0.0429087	-0.00621836	0.00170138	-0.00962864	-0.0163784	-0.0219865	-0.0404126	-0.069539	-0.0871822	-0.0760417	-0.0314767	0.0407766	0.135006	0.238664	
-0.316496	-0.433505	-0.5452	-0.629639	-0.674488	-0.681513	-0.652361	-0.583566	-0.480108	-0.362455	-0.252255	-0.164092	-0.108241	-0.0731767	-0.0495635	-0.0268218	-0.00898869	-0.0111712	-0.0345432	-0.0539733	-0.0512128	-0.0142294	0.0506411	0.146425	0.25648	
-0.414654	-0.523903	-0.627573	-0.699753	-0.737726	-0.743445	-0.718806	-0.660636	-0.568051	-0.457433	-0.353512	-0.262178	-0.192178	-0.136043	-0.0914743	-0.0485871	-0.0161218	-0.010227	-0.0263455	-0.0409036	-0.0412701	-0.0105245	0.0428049	0.126145	0.235706	
-0.461391	-0.554707	-0.64152	-0.701167	-0.732256	-0.737268	-0.716812	-0.669338	-0.591111	-0.498322	-0.409319	-0.327859	-0.256968	-0.186904	-0.125344	-0.0755661	-0.0396347	-0.0336081	-0.0459972	-0.0537233	-0.0542324	-0.030883	0.0137972	0.0811042	0.176153	
-0.467373	-0.536654	-0.604247	-0.651831	-0.676741	-0.679937	-0.664008	-0.627184	-0.565011	-0.494397	-0.426502	-0.353005	-0.281002	-0.208875	-0.150506	-0.112582	-0.0877221	-0.0781834	-0.0833957	-0.0849679	-0.0866282	-0.0731453	-0.0445562	0.00720604	0.0811099	
-0.438636	-0.485833	-0.534491	-0.567607	-0.587487	-0.591491	-0.57681	-0.550061	-0.505625	-0.457169	-0.410169	-0.350067	-0.280114	-0.21549	-0.16691	-0.145479	-0.135631	-0.133955	-0.133496	-0.133905	-0.135713	-0.134628	-0.12457	-0.0933134	-0.0298514	
-0.40261	-0.423003	-0.445504	-0.464859	-0.481893	-0.486358	-0.471651	-0.453712	-0.431998	-0.411022	-0.388396	-0.345683	-0.282982	-0.220019	-0.178675	-0.172348	-0.182843	-0.192642	-0.196427	-0.200231	-0.208979	-0.215206	-0.213789	-0.194872	-0.142579	
-0.372105	-0.364596	-0.359995	-0.361697	-0.365047	-0.365578	-0.362918	-0.360217	-0.361539	-0.369736	-0.369741	-0.340171	-0.282109	-0.22653	-0.199139	-0.204618	-0.225625	-0.24772	-0.257267	-0.265747	-0.276872	-0.283685	-0.280846	-0.267105	-0.227752	
-0.338941	-0.314688	-0.283926	-0.272212	-0.268446	-0.268722	-0.269722	-0.277202	-0.300673	-0.332364	-0.342214	-0.326739	-0.283988	-0.240141	-0.225781	-0.243113	-0.270321	-0.296911	-0.303474	-0.301589	-0.304169	-0.31451	-0.316378	-0.305988	-0.280363	
-0.307417	-0.272208	-0.236796	-0.220997	-0.212709	-0.210405	-0.217131	-0.228999	-0.256804	-0.29476	-0.317873	-0.314786	-0.291187	-0.263172	-0.256524	-0.275548	-0.302927	-0.3201	-0.322568	-0.317007	-0.310305	-0.319305	-0.328095	-0.323674	-0.308245	
-0.29012	-0.254832	-0.219462	-0.198026	-0.190192	-0.190555	-0.19337	-0.208562	-0.23987	-0.277589	-0.303358	-0.305573	-0.290668	-0.27578	-0.269943	-0.276995	-0.297999	-0.313487	-0.314387	-0.310673	-0.309002	-0.315489	-0.32995	-0.332465	-0.32365	
-0.284946	-0.260137	-0.229025	-0.205891	-0.192529	-0.191451	-0.199039	-0.218058	-0.247324	-0.276853	-0.291785	-0.292436	-0.281886	-0.266821	-0.256414	-0.249184	-0.254241	-0.273542	-0.277851	-0.275556	-0.289861	-0.311137	-0.326001	-0.3332	-0.330506	
-0.278085	-0.266998	-0.245301	-0.232171	-0.224494	-0.222873	-0.228158	-0.239368	-0.258211	-0.275765	-0.277394	-0.274351	-0.264266	-0.240051	-0.22044	-0.204749	-0.197529	-0.212747	-0.226879	-0.232576	-0.252821	-0.284667	-0.311968	-0.320442	-0.322743	
-0.263146	-0.267257	-0.266232	-0.265548	-0.262273	-0.260446	-0.264569	-0.26683	-0.266413	-0.265975	-0.255904	-0.242933	-0.233966	-0.217701	-0.192227	-0.165831	-0.151074	-0.159038	-0.175594	-0.189103	-0.20987	-0.247637	-0.288378	-0.30709	-0.311609	
-0.257044	-0.274423	-0.287785	-0.294538	-0.299502	-0.301432	-0.296081	-0.292102	-0.279983	-0.264919	-0.246696	-0.232315	-0.226908	-0.21852	-0.187785	-0.159598	-0.141141	-0.138038	-0.143931	-0.156935	-0.180934	-0.220962	-0.263421	-0.299769	-0.314634	
-0.264271	-0.278977	-0.297697	-0.307491	-0.314517	-0.316351	-0.309833	-0.302945	-0.287364	-0.26881	-0.258393	-0.250265	-0.247289	-0.243194	-0.21802	-0.182378	-0.151343	-0.137919	-0.136207	-0.141801	-0.164807	-0.209499	-0.257205	-0.301433	-0.32121	
-0.267358	-0.275673	-0.284704	-0.291292	-0.29729	-0.300244	-0.293444	-0.287274	-0.279479	-0.270113	-0.267008	-0.2731	-0.276155	-0.275465	-0.257173	-0.217532	-0.177778	-0.156427	-0.139844	-0.135491	-0.15247	-0.196119	-0.255413	-0.304778	-0.322314	
-0.254436	-0.254903	-0.253483	-0.259035	-0.259929	-0.26064	-0.259171	-0.255547	-0.253949	-0.255286	-0.256312	-0.272316	-0.288519	-0.295275	-0.2835	-0.252498	-0.21369	-0.180328	-0.151561	-0.139353	-0.141498	-0.178551	-0.238563	-0.29214	-0.313915	
-0.233439	-0.225707	-0.222625	-0.231059	-0.233213	-0.231191	-0.233645	-0.225163	-0.223232	-0.230469	-0.239216	-0.259749	-0.284725	-0.297712	-0.298775	-0.28158	-0.250956	-0.214241	-0.180496	-0.156635	-0.149819	-0.179649	-0.230149	-0.272198	-0.290582	
-0.22515	-0.217288	-0.214753	-0.224388	-0.222393	-0.219602	-0.225599	-0.218222	-0.214955	-0.222261	-0.228092	-0.244838	-0.273829	-0.295961	-0.308055	-0.300613	-0.283214	-0.256216	-0.2195	-0.184092	-0.175204	-0.198689	-0.240125	-0.267084	-0.269076	
-0.221501	-0.222782	-0.222917	-0.226644	-0.227181	-0.229382	-0.225991	-0.224318	-0.222713	-0.222128	-0.224689	-0.244308	-0.265917	-0.28526	-0.298389	-0.30143	-0.296547	-0.282309	-0.24989	-0.216469	-0.205046	-0.218979	-0.250274	-0.270778	-0.265634	
-0.222708	-0.229056	-0.234657	-0.231933	-0.233249	-0.236281	-0.230502	-0.234234	-0.23198	-0.224521	-0.224829	-0.235405	-0.249334	-0.269695	-0.280932	-0.289328	-0.293033	-0.28584	-0.259369	-0.231978	-0.222974	-0.244337	-0.269559	-0.282756	-0.28324	
-0.224222	-0.230408	-0.238967	-0.237872	-0.237924	-0.236722	-0.238206	-0.239619	-0.234083	-0.225978	-0.221853	-0.221323	-0.233893	-0.248349	-0.254278	-0.265282	-0.277201	-0.279339	-0.259383	-0.233387	-0.231769	-0.25967	-0.283477	-0.296549	-0.304503	
-0.222464	-0.231399	-0.237333	-0.240089	-0.23867	-0.237157	-0.239609	-0.239231	-0.234437	-0.226672	-0.216467	-0.21612	-0.226287	-0.23117	-0.230577	-0.238591	-0.254974	-0.269131	-0.262159	-0.244663	-0.24328	-0.265593	-0.288257	-0.302562	-0.313797	
-0.227523	-0.238108	-0.238689	-0.236753	-0.234459	-0.235014	-0.236071	-0.237598	-0.239323	-0.232707	-0.222798	-0.224231	-0.22333	-0.22118	-0.223166	-0.228927	-0.245355	-0.26469	-0.266472	-0.259184	-0.258383	-0.272681	-0.28368	-0.286701	-0.298759	
-0.238108	-0.239253	-0.232193	-0.231837	-0.224801	-0.222821	-0.229495	-0.231985	-0.23615	-0.239949	-0.233273	-0.230286	-0.229596	-0.226527	-0.218595	-0.219383	-0.242986	-0.269061	-0.278909	-0.277647	-0.268552	-0.267433	-0.263652	-0.254846	-0.261409	
-0.238689	-0.232193	-0.221691	-0.221763	-0.217786	-0.216246	-0.22029	-0.22087	-0.227199	-0.237085	-0.237951	-0.238777	-0.237178	-0.228395	-0.217194	-0.215682	-0.240769	-0.273615	-0.295676	-0.294247	-0.275391	-0.252415	-0.235786	-0.220518	-0.226419	
-0.236753	-0.231837	-0.221763	-0.215351	-0.214965	-0.217067	-0.214165	-0.218211	-0.228226	-0.235696	-0.238028	-0.240009	-0.234139	-0.228424	-0.225331	-0.226406	-0.245851	-0.279031	-0.304269	-0.302692	-0.278488	-0.244697	-0.215933	-0.197166	-0.208831	
-0.234459	-0.224801	-0.217786	-0.214965	-0.219823	-0.221279	-0.216682	-0.215866	-0.22173	-0.23105	-0.237875	-0.23847	-0.235245	-0.229936	-0.222989	-0.226769	-0.246195	-0.283716	-0.311109	-0.309232	-0.27777	-0.239786	-0.202573	-0.187808	-0.200237	
-0.235014	-0.222821	-0.216246	-0.217067	-0.221279	-0.220957	-0.218426	-0.216232	-0.219471	-0.230832	-0.237626	-0.236369	-0.236992	-0.233721	-0.2214	-0.224179	-0.245603	-0.286021	-0.313004	-0.31271	-0.277221	-0.237924	-0.200889	-0.18922	-0.19817	
-0.236071	-0.229495	-0.22029	-0.214165	-0.216682	-0.218426	-0.214793	-0.216701	-0.226037	-0.234017	-0.238315	-0.239705	-0.23357	-0.22685	-0.225742	-0.228775	-0.246437	-0.28071	-0.306632	-0.304113	-0.278598	-0.241987	-0.209491	-0.191907	-0.204455	
-0.237598	-0.231985	-0.22087	-0.218211	-0.215866	-0.216232	-0.216701	-0.218909	-0.227325	-0.236648	-0.237745	-0.24014	-0.237184	-0.22866	-0.220339	-0.219387	-0.241851	-0.275358	-0.300447	-0.29888	-0.278287	-0.249094	-0.226424	-0.208782	-0.218013	
-0.239323	-0.23615	-0.227199	-0.228226	-0.22173	-0.219471	-0.226037	-0.227325	-0.231723	-0.239436	-0.23648	-0.234016	-0.232989	-0.227833	-0.217029	-0.216127	-0.241778	-0.270992	-0.286375	-0.284851	-0.270875	-0.260964	-0.252504	-0.240747	-0.246463	
-0.232707	-0.239949	-0.237085	-0.235696	-0.23105	-0.230832	-0.234017	-0.236648	-0.239436	-0.236674	-0.227432	-0.226539	-0.224536	-0.22344	-0.221416	-0.225453	-0.24494	-0.266077	-0.269541	-0.267461	-0.26302	-0.272427	-0.277635	-0.275582	-0.284857	
-0.222798	-0.233273	-0.237951	-0.238028	-0.237875	-0.237626	-0.238315	-0.237745	-0.23648	-0.227432	-0.217534	-0.219302	-0.224581	-0.224118	-0.226182	-0.233375	-0.248991	-0.265443	-0.263847	-0.249553	-0.249743	-0.268878	-0.287377	-0.297995	-0.311333	
-0.224231	-0.230286	-0.238777	-0.240009	-0.23847	-0.236369	-0.239705	-0.24014	-0.234016	-0.226539	-0.219302	-0.216625	-0.230192	-0.242229	-0.24348	-0.253104	-0.26782	-0.275581	-0.260646	-0.236941	-0.235053	-0.262029	-0.286499	-0.301651	-0.310549	
-0.22333	-0.229596	-0.237178	-0.234139	-0.235245	-0.236992	-0.23357	-0.237184	-0.232989	-0.224536	-0.224581	-0.230192	-0.242053	-0.260601	-0.270396	-0.281057	-0.288281	-0.283925	-0.259085	-0.232156	-0.226865	-0.25236	-0.276269	-0.288509	-0.291758	
-0.22118	-0.226527	-0.228395	-0.228424	-0.229936	-0.233721	-0.22685	-0.22866	-0.227833	-0.22344	-0.224118	-0.242229	-0.260601	-0.280249	-0.29236	-0.298103	-0.296806	-0.286163	-0.256451	-0.226236	-0.21485	-0.22928	-0.257299	-0.274785	-0.270989	
-0.223166	-0.218595	-0.217194	-0.225331	-0.222989	-0.2214	-0.225742	-0.220339	-0.217029	-0.221416	-0.226182	-0.24348	-0.270396	-0.29236	-0.306841	-0.302649	-0.29109	-0.26963	-0.234002	-0.196463	-0.186893	-0.205811	-0.244519	-0.267496	-0.264983	
-0.228927	-0.219383	-0.215682	-0.226406	-0.226769	-0.224179	-0.228775	-0.219387	-0.216127	-0.225453	-0.233375	-0.253104	-0.281057	-0.298103	-0.302649	-0.290945	-0.265484	-0.231484	-0.195593	-0.167253	-0.15846	-0.186586	-0.23312	-0.268238	-0.280641	
-0.245355	-0.242986	-0.240769	-0.245851	-0.246195	-0.245603	-0.246437	-0.241851	-0.241778	-0.24494	-0.248991	-0.26782	-0.288281	-0.296806	-0.29109	-0.265484	-0.228342	-0.19167	-0.16082	-0.143728	-0.142195	-0.176225	-0.232165	-0.283611	-0.306136	
-0.26469	-0.269061	-0.273615	-0.279031	-0.283716	-0.286021	-0.28071	-0.275358	-0.270992	-0.266077	-0.265443	-0.275581	-0.283925	-0.286163	-0.26963	-0.231484	-0.19167	-0.16534	-0.143548	-0.135787	-0.146764	-0.188257	-0.249938	-0.30195	-0.320508	
-0.266472	-0.278909	-0.295676	-0.304269	-0.311109	-0.313004	-0.306632	-0.300447	-0.286375	-0.269541	-0.263847	-0.260646	-0.259085	-0.256451	-0.234002	-0.195593	-0.16082	-0.143548	-0.136852	-0.138274	-0.15996	-0.205367	-0.258021	-0.303526	-0.322654	
-0.259184	-0.277647	-0.294247	-0.302692	-0.309232	-0.31271	-0.304113	-0.29888	-0.284851	-0.267461	-0.249553	-0.236941	-0.232156	-0.226236	-0.196463	-0.167253	-0.143728	-0.135787	-0.138274	-0.149548	-0.174203	-0.215224	-0.258134	-0.299484	-0.317916	
-0.258383	-0.268552	-0.275391	-0.278488	-0.27777	-0.277221	-0.278598	-0.278287	-0.270875	-0.26302	-0.249743	-0.235053	-0.226865	-0.21485	-0.186893	-0.15846	-0.142195	-0.146764	-0.15996	-0.174203	-0.195653	-0.235021	-0.277336	-0.30364	-0.310774	
-0.272681	-0.267433	-0.252415	-0.244697	-0.239786	-0.237924	-0.241987	-0.249094	-0.260964	-0.272427	-0.268878	-0.262029	-0.25236	-0.22928	-0.205811	-0.186586	-0.176225	-0.188257	-0.205367	-0.215224	-0.235021	-0.269747	-0.303547	-0.314472	-0.31801	
-0.28368	-0.263652	-0.235786	-0.215933	-0.202573	-0.200889	-0.209491	-0.226424	-0.252504	-0.277635	-0.287377	-0.286499	-0.276269	-0.257299	-0.244519	-0.23312	-0.232165	-0.249938	-0.258021	-0.258134	-0.277336	-0.303547	-0.321704	-0.329209	-0.329078	
-0.286701	-0.254846	-0.220518	-0.197166	-0.187808	-0.18922	-0.191907	-0.208782	-0.240747	-0.275582	-0.297995	-0.301651	-0.288509	-0.274785	-0.267496	-0.268238	-0.283611	-0.30195	-0.303526	-0.299484	-0.30364	-0.314472	-0.329209	-0.334369	-0.327853	
-0.298759	-0.261409	-0.226419	-0.208831	-0.200237	-0.19817	-0.204455	-0.218013	-0.246463	-0.284857	-0.311333	-0.310549	-0.291758	-0.270989	-0.264983	-0.280641	-0.306136	-0.320508	-0.322654	-0.317916	-0.310774	-0.31801	-0.329078	-0.327853	-0.315621	
