-0.778161	-0.771587	-0.738436	-0.683556	-0.597345	-0.492942	-0.384584	-0.266229	-0.14737	-0.0581902	0.007174	0.0628808	0.12051	0.171378	0.191344	0.173384	0.116365	0.0242508	-0.0868238	-0.214688	-0.343978	-0.447376	-0.516779	-0.549995	-0.560417	
-0.771587	-0.74224	-0.690948	-0.628613	-0.539294	-0.437436	-0.328499	-0.217358	-0.114004	-0.0344875	0.0278927	0.0921421	0.16572	0.235405	0.2801	0.283811	0.239933	0.147861	0.0248501	-0.118972	-0.257991	-0.36909	-0.456444	-0.507903	-0.547677	
-0.738436	-0.690948	-0.629499	-0.557466	-0.466631	-0.36604	-0.264593	-0.169437	-0.0933919	-0.0301464	0.0295507	0.099958	0.18295	0.264499	0.330319	0.351744	0.321505	0.233455	0.103163	-0.0393947	-0.175145	-0.286949	-0.382299	-0.457864	-0.519827	
-0.683556	-0.628613	-0.557466	-0.467043	-0.373769	-0.280852	-0.196688	-0.134374	-0.0860852	-0.0401836	0.0151546	0.0850349	0.166017	0.250844	0.326163	0.362867	0.344864	0.267959	0.151671	0.0273165	-0.0892711	-0.193929	-0.298129	-0.395602	-0.476928	
-0.597345	-0.539294	-0.466631	-0.373769	-0.287201	-0.213136	-0.158898	-0.124193	-0.0951366	-0.0651168	-0.0207554	0.0392048	0.10831	0.190765	0.272531	0.32303	0.323159	0.271364	0.190587	0.0996779	0.0115283	-0.0845924	-0.199586	-0.31636	-0.419234	
-0.492942	-0.437436	-0.36604	-0.280852	-0.213136	-0.173773	-0.157432	-0.147646	-0.132404	-0.113179	-0.0776694	-0.0243402	0.0362063	0.115225	0.199874	0.256144	0.275175	0.257619	0.220644	0.174397	0.116839	0.0299163	-0.0882322	-0.222757	-0.346759	
-0.384584	-0.328499	-0.264593	-0.196688	-0.158898	-0.157432	-0.173754	-0.180905	-0.176036	-0.164239	-0.13178	-0.0870985	-0.0306717	0.0446407	0.123933	0.185749	0.224482	0.239757	0.247504	0.239617	0.203379	0.126396	0.00625373	-0.138416	-0.279616	
-0.266229	-0.217358	-0.169437	-0.134374	-0.124193	-0.147646	-0.180905	-0.199761	-0.201397	-0.194132	-0.172906	-0.136507	-0.0890734	-0.0244338	0.0507247	0.120164	0.176982	0.224747	0.268552	0.286781	0.267577	0.198592	0.0805795	-0.0658099	-0.221485	
-0.14737	-0.114004	-0.0933919	-0.0860852	-0.0951366	-0.132404	-0.176036	-0.201397	-0.209871	-0.203696	-0.18822	-0.162277	-0.127886	-0.0764313	-0.00652111	0.0639505	0.135744	0.205401	0.272343	0.313727	0.309685	0.253649	0.146095	0.00348884	-0.163242	
-0.0581902	-0.0344875	-0.0301464	-0.0401836	-0.0651168	-0.113179	-0.164239	-0.194132	-0.203696	-0.193591	-0.179406	-0.164541	-0.141069	-0.0994449	-0.0346797	0.0359566	0.111188	0.188959	0.263525	0.317021	0.32247	0.277377	0.184096	0.0491828	-0.115433	
0.007174	0.0278927	0.0295507	0.0151546	-0.0207554	-0.0776694	-0.13178	-0.172906	-0.18822	-0.179406	-0.173347	-0.166677	-0.147429	-0.107804	-0.0451564	0.0252117	0.0931696	0.166793	0.238537	0.290995	0.302193	0.265308	0.188092	0.0723137	-0.074575	
0.0628808	0.0921421	0.099958	0.0850349	0.0392048	-0.0243402	-0.0870985	-0.136507	-0.162277	-0.164541	-0.166677	-0.163172	-0.151421	-0.114342	-0.0580409	-0.00227828	0.0548259	0.118233	0.181579	0.231367	0.248167	0.219967	0.166059	0.0816053	-0.0327852	
0.12051	0.16572	0.18295	0.166017	0.10831	0.0362063	-0.0306717	-0.0890734	-0.127886	-0.141069	-0.147429	-0.151421	-0.145114	-0.119788	-0.0826736	-0.0441667	-0.00244271	0.0466579	0.0987469	0.141316	0.156814	0.143007	0.116952	0.0729789	0.0100616	
0.171378	0.235405	0.264499	0.250844	0.190765	0.115225	0.0446407	-0.0244338	-0.0764313	-0.0994449	-0.107804	-0.114342	-0.119788	-0.114564	-0.1048	-0.0897655	-0.0690111	-0.0378509	-0.0037932	0.0233735	0.0403099	0.0420312	0.0501998	0.0558642	0.047908	
0.191344	0.2801	0.330319	0.326163	0.272531	0.199874	0.123933	0.0507247	-0.00652111	-0.0346797	-0.0451564	-0.0580409	-0.0826736	-0.1048	-0.121531	-0.12898	-0.125118	-0.113296	-0.101082	-0.0911133	-0.076098	-0.0561868	-0.0161083	0.0346066	0.0779234	
0.173384	0.283811	0.351744	0.362867	0.32303	0.256144	0.185749	0.120164	0.0639505	0.0359566	0.0252117	-0.00227828	-0.0441667	-0.0897655	-0.12898	-0.151183	-0.159135	-0.166544	-0.1752	-0.178617	-0.167147	-0.128304	-0.0643918	0.0184766	0.100087	
0.116365	0.239933	0.321505	0.344864	0.323159	0.275175	0.224482	0.176982	0.135744	0.111188	0.0931696	0.0548259	-0.00244271	-0.0690111	-0.125118	-0.159135	-0.186076	-0.208255	-0.235788	-0.249793	-0.230983	-0.176778	-0.091044	0.0138498	0.12134	
0.0242508	0.147861	0.233455	0.267959	0.271364	0.257619	0.239757	0.224747	0.205401	0.188959	0.166793	0.118233	0.0466579	-0.0378509	-0.113296	-0.166544	-0.208255	-0.248516	-0.287484	-0.302894	-0.279671	-0.209695	-0.110765	0.00785913	0.135786	
-0.0868238	0.0248501	0.103163	0.151671	0.190587	0.220644	0.247504	0.268552	0.272343	0.263525	0.238537	0.181579	0.0987469	-0.0037932	-0.101082	-0.1752	-0.235788	-0.287484	-0.33135	-0.342863	-0.308476	-0.22604	-0.115059	0.0153429	0.157722	
-0.214688	-0.118972	-0.0393947	0.0273165	0.0996779	0.174397	0.239617	0.286781	0.313727	0.317021	0.290995	0.231367	0.141316	0.0233735	-0.0911133	-0.178617	-0.249793	-0.302894	-0.342863	-0.347026	-0.304531	-0.216236	-0.0979438	0.0356323	0.189102	
-0.343978	-0.257991	-0.175145	-0.0892711	0.0115283	0.116839	0.203379	0.267577	0.309685	0.32247	0.302193	0.248167	0.156814	0.0403099	-0.076098	-0.167147	-0.230983	-0.279671	-0.308476	-0.304531	-0.257848	-0.168732	-0.0520742	0.0819704	0.232653	
-0.447376	-0.36909	-0.286949	-0.193929	-0.0845924	0.0299163	0.126396	0.198592	0.253649	0.277377	0.265308	0.219967	0.143007	0.0420312	-0.0561868	-0.128304	-0.176778	-0.209695	-0.22604	-0.216236	-0.168732	-0.0844404	0.0262075	0.152664	0.293387	
-0.516779	-0.456444	-0.382299	-0.298129	-0.199586	-0.0882322	0.00625373	0.0805795	0.146095	0.184096	0.188092	0.166059	0.116952	0.0501998	-0.0161083	-0.0643918	-0.091044	-0.110765	-0.115059	-0.0979438	-0.0520742	0.0262075	0.128225	0.240036	0.362585	
-0.549995	-0.507903	-0.457864	-0.395602	-0.31636	-0.222757	-0.138416	-0.0658099	0.00348884	0.0491828	0.0723137	0.0816053	0.0729789	0.0558642	0.0346066	0.0184766	0.0138498	0.00785913	0.0153429	0.0356323	0.0819704	0.152664	0.240036	0.338249	0.433438	
-0.560417	-0.547677	-0.519827	-0.476928	-0.419234	-0.346759	-0.279616	-0.221485	-0.163242	-0.115433	-0.074575	-0.0327852	0.0100616	0.047908	0.0779234	0.100087	0.12134	0.135786	0.157722	0.189102	0.232653	0.293387	0.362585	0.433438	0.500543	
-0.55998	-0.580661	-0.575896	-0.549477	-0.50747	-0.454203	-0.407623	-0.369007	-0.328292	-0.286735	-0.233842	-0.159226	-0.0712166	0.021642	0.102923	0.165561	0.219591	0.263403	0.310575	0.357585	0.40466	0.451626	0.495525	0.534001	0.561232	
-0.548565	-0.600392	-0.626054	-0.620024	-0.59524	-0.56533	-0.534753	-0.505536	-0.474439	-0.434317	-0.368841	-0.271667	-0.148349	-0.0135559	0.111831	0.216845	0.307326	0.389864	0.468651	0.534024	0.583015	0.612781	0.62373	0.624585	0.609518	
-0.520199	-0.608839	-0.662395	-0.680878	-0.680397	-0.670702	-0.652087	-0.626835	-0.598437	-0.550365	-0.471162	-0.35474	-0.2048	-0.0408837	0.11704	0.254172	0.378088	0.496992	0.604699	0.692009	0.740918	0.753623	0.736554	0.696668	0.64569	
-0.477493	-0.584018	-0.667685	-0.716777	-0.744004	-0.761088	-0.754242	-0.728318	-0.694628	-0.639893	-0.55137	-0.423065	-0.259387	-0.0747542	0.108927	0.277944	0.431549	0.583915	0.717902	0.815166	0.863857	0.857413	0.811734	0.74417	0.662465	
-0.438153	-0.557269	-0.658729	-0.72768	-0.775596	-0.81147	-0.815149	-0.790698	-0.758103	-0.700281	-0.606416	-0.473251	-0.300421	-0.10355	0.0971131	0.285243	0.460072	0.63369	0.782583	0.889535	0.934803	0.917502	0.855811	0.768594	0.67212	
-0.430308	-0.55305	-0.655538	-0.72817	-0.781179	-0.819406	-0.82487	-0.802195	-0.770198	-0.711038	-0.617398	-0.483204	-0.308125	-0.109461	0.0940594	0.286091	0.464295	0.641852	0.793638	0.902293	0.94744	0.927791	0.864048	0.77268	0.673719	
-0.459479	-0.571045	-0.66425	-0.723682	-0.760316	-0.787318	-0.785135	-0.758991	-0.724596	-0.66838	-0.576894	-0.446294	-0.27877	-0.0880341	0.103511	0.282503	0.446061	0.608978	0.750666	0.851499	0.899255	0.886937	0.832704	0.756493	0.666655	
-0.504361	-0.602649	-0.667976	-0.69865	-0.708979	-0.709096	-0.696067	-0.670255	-0.640472	-0.589476	-0.50524	-0.383198	-0.226369	-0.0530704	0.11558	0.265257	0.401664	0.534194	0.653093	0.7459	0.795115	0.800266	0.771533	0.719097	0.654678	
-0.539778	-0.60685	-0.642764	-0.646489	-0.631125	-0.609258	-0.583322	-0.556644	-0.526935	-0.48374	-0.413211	-0.308066	-0.172611	-0.0249907	0.114186	0.234225	0.337968	0.435805	0.527104	0.600539	0.6503	0.672317	0.67136	0.655582	0.624897	
-0.556681	-0.589989	-0.597119	-0.578174	-0.541257	-0.497578	-0.458551	-0.424615	-0.389365	-0.350455	-0.292097	-0.207476	-0.104443	0.00773561	0.107711	0.187336	0.256061	0.314524	0.373953	0.42842	0.476828	0.517348	0.548575	0.572831	0.582778	
-0.56195	-0.562271	-0.542512	-0.506448	-0.456295	-0.39061	-0.332227	-0.282133	-0.230658	-0.184688	-0.138789	-0.0835231	-0.0210766	0.0392664	0.0901134	0.128654	0.162082	0.186919	0.218177	0.255007	0.299556	0.355025	0.414728	0.473375	0.525447	
-0.555171	-0.524371	-0.483858	-0.43016	-0.359506	-0.275167	-0.195828	-0.127918	-0.061046	-0.0136393	0.0166141	0.0390231	0.0502833	0.0550341	0.0538803	0.0527154	0.0572993	0.0584786	0.0705859	0.0944519	0.139509	0.206369	0.287581	0.376179	0.461173	
-0.534759	-0.480349	-0.414887	-0.338385	-0.246759	-0.141254	-0.0507249	0.0244179	0.0927936	0.134371	0.146421	0.136425	0.101676	0.0535419	0.00422496	-0.0328797	-0.0504668	-0.0653911	-0.0650447	-0.0461425	-0.000536993	0.0752568	0.17197	0.279183	0.391317	
-0.479757	-0.407477	-0.327277	-0.235628	-0.129635	-0.0147571	0.0827274	0.155894	0.215953	0.245968	0.238757	0.200946	0.134054	0.0439319	-0.0425461	-0.105017	-0.145509	-0.172314	-0.183524	-0.170923	-0.124555	-0.0428289	0.0646121	0.185501	0.320173	
-0.388922	-0.30599	-0.222298	-0.131429	-0.0237727	0.0864956	0.178344	0.246577	0.293534	0.310189	0.292593	0.241625	0.153517	0.0416125	-0.0694141	-0.155766	-0.213948	-0.256964	-0.281041	-0.273609	-0.226713	-0.138905	-0.0233683	0.108121	0.256098	
-0.268691	-0.176212	-0.0963362	-0.0210693	0.063651	0.153332	0.228543	0.284257	0.318127	0.325627	0.301682	0.243245	0.151931	0.0320234	-0.0852718	-0.176226	-0.246462	-0.298707	-0.334245	-0.335667	-0.291319	-0.202267	-0.0845681	0.0505582	0.203531	
-0.135508	-0.0317991	0.0466943	0.101897	0.15455	0.203411	0.247778	0.280102	0.293299	0.289334	0.262798	0.204195	0.118207	0.00843914	-0.0969545	-0.177716	-0.244935	-0.298082	-0.341489	-0.350068	-0.311887	-0.226218	-0.110494	0.0213757	0.169837	
-0.018484	0.102228	0.185041	0.224233	0.241289	0.244055	0.242926	0.24385	0.233354	0.219625	0.19652	0.144147	0.0671897	-0.0238209	-0.107984	-0.17051	-0.219013	-0.265278	-0.306726	-0.321101	-0.293999	-0.2185	-0.11479	0.00929874	0.142888	
0.0827981	0.207967	0.292518	0.320621	0.307267	0.271719	0.233021	0.196427	0.163788	0.142072	0.121636	0.0787778	0.01637	-0.0576079	-0.121088	-0.161243	-0.195014	-0.223995	-0.256766	-0.273028	-0.251877	-0.191476	-0.0999914	0.0113848	0.127138	
0.155116	0.271909	0.347329	0.363064	0.329908	0.268961	0.20419	0.144813	0.0931306	0.0658989	0.052376	0.0202081	-0.0286364	-0.0822849	-0.12883	-0.155756	-0.170375	-0.18423	-0.201104	-0.209155	-0.195599	-0.150007	-0.0763304	0.0159564	0.109842	
0.188814	0.287009	0.343991	0.346433	0.297674	0.226093	0.151078	0.0793824	0.0215192	-0.00679871	-0.0168168	-0.0353894	-0.0669292	-0.0992381	-0.125553	-0.139889	-0.140152	-0.136289	-0.133003	-0.128868	-0.116175	-0.0886596	-0.0390178	0.026508	0.0864753	
0.183794	0.257297	0.294966	0.283687	0.225327	0.150959	0.0780049	0.00525863	-0.049242	-0.0751197	-0.0849661	-0.0927874	-0.105302	-0.111154	-0.11291	-0.10705	-0.0946299	-0.0707207	-0.0454474	-0.0255098	-0.00784891	0.000790145	0.0230967	0.0480483	0.0620237	
0.143534	0.196	0.215893	0.19938	0.139518	0.0650842	-0.00328836	-0.0649561	-0.110219	-0.127784	-0.13444	-0.140341	-0.137379	-0.119111	-0.0923345	-0.0629682	-0.0281367	0.0138866	0.0593542	0.0970961	0.112078	0.104549	0.0910037	0.0663239	0.0257905	
0.0852578	0.120376	0.132688	0.116907	0.0657564	-0.00120859	-0.0656017	-0.11941	-0.149867	-0.156512	-0.161487	-0.160396	-0.1502	-0.117478	-0.0671721	-0.0179313	0.0333085	0.0919461	0.150927	0.198976	0.216081	0.192803	0.149746	0.0800704	-0.0153124	
0.0298485	0.0534777	0.0559043	0.0409693	0.00172731	-0.0578385	-0.115473	-0.159085	-0.17865	-0.174027	-0.171287	-0.165952	-0.149658	-0.109826	-0.0490433	0.0170669	0.0809176	0.150487	0.219657	0.270369	0.285025	0.250975	0.182108	0.0782848	-0.0584367	
