-0.198595	-0.298335	-0.38568	-0.422576	-0.392985	-0.29985	-0.166874	-0.00550355	0.166921	0.331013	0.478723	0.580504	0.624601	0.595969	0.495892	0.3399	0.154957	-0.0293628	-0.204174	-0.350588	-0.438765	-0.457988	-0.396561	-0.259972	-0.0603428	
-0.298335	-0.39974	-0.467391	-0.474878	-0.41195	-0.286587	-0.12233	0.0699797	0.262496	0.445063	0.606647	0.729621	0.791833	0.777909	0.681734	0.517751	0.31969	0.117254	-0.0864502	-0.264348	-0.389154	-0.438067	-0.40237	-0.276704	-0.0857449	
-0.38568	-0.467391	-0.50267	-0.474781	-0.37376	-0.220038	-0.0299085	0.177297	0.385691	0.583395	0.759129	0.895182	0.963771	0.957586	0.867563	0.707144	0.501444	0.275887	0.0454455	-0.167641	-0.32453	-0.401359	-0.391323	-0.284913	-0.113479	
-0.422576	-0.474878	-0.474781	-0.409927	-0.281413	-0.112693	0.0853683	0.298412	0.518191	0.727979	0.911149	1.05171	1.12187	1.11836	1.03637	0.882136	0.671428	0.424992	0.169292	-0.0695302	-0.250345	-0.35472	-0.367041	-0.28815	-0.137436	
-0.392985	-0.41195	-0.37376	-0.281413	-0.139176	0.0304032	0.220416	0.422062	0.638085	0.850543	1.038	1.17494	1.25167	1.25301	1.1769	1.02343	0.805492	0.54996	0.280704	0.0260232	-0.176974	-0.304115	-0.331071	-0.275273	-0.152861	
-0.29985	-0.286587	-0.220038	-0.112693	0.0304032	0.190435	0.363517	0.545122	0.740268	0.939412	1.12158	1.25938	1.33994	1.34244	1.26349	1.11344	0.899391	0.643942	0.370344	0.110581	-0.102029	-0.239025	-0.284198	-0.25691	-0.171383	
-0.166874	-0.12233	-0.0299085	0.0853683	0.220416	0.363517	0.515401	0.676104	0.84456	1.01838	1.17887	1.30694	1.37927	1.38318	1.3059	1.1618	0.96166	0.712726	0.447823	0.197231	-0.0102013	-0.154364	-0.226085	-0.233661	-0.186045	
-0.00550355	0.0699797	0.177297	0.298412	0.422062	0.545122	0.676104	0.813458	0.956413	1.10623	1.2429	1.34239	1.39357	1.39149	1.31911	1.18496	0.998934	0.773842	0.533226	0.301453	0.0972782	-0.062595	-0.157764	-0.198141	-0.184951	
0.166921	0.262496	0.385691	0.518191	0.638085	0.740268	0.84456	0.956413	1.08148	1.20659	1.31391	1.38287	1.41103	1.39169	1.31391	1.18282	1.02167	0.832169	0.623254	0.410184	0.207443	0.0389273	-0.0768394	-0.146677	-0.162888	
0.331013	0.445063	0.583395	0.727979	0.850543	0.939412	1.01838	1.10623	1.20659	1.30744	1.382	1.42291	1.4297	1.38939	1.30239	1.17763	1.03584	0.877978	0.698488	0.507999	0.317393	0.147188	0.0102319	-0.0839237	-0.12621	
0.478723	0.606647	0.759129	0.911149	1.038	1.12158	1.17887	1.2429	1.31391	1.382	1.43127	1.45254	1.43672	1.37739	1.28582	1.17528	1.04469	0.902242	0.745014	0.580331	0.406145	0.23829	0.0931749	-0.0168328	-0.0819026	
0.580504	0.729621	0.895182	1.05171	1.17494	1.25938	1.30694	1.34239	1.38287	1.42291	1.45254	1.45435	1.41415	1.34322	1.25412	1.15718	1.04046	0.912138	0.775475	0.62476	0.462381	0.301955	0.161022	0.0458291	-0.0385442	
0.624601	0.791833	0.963771	1.12187	1.25167	1.33994	1.37927	1.39357	1.41103	1.4297	1.43672	1.41415	1.35699	1.28226	1.19723	1.11016	1.0133	0.906284	0.78297	0.641392	0.486217	0.333705	0.198328	0.0845094	-0.0078904	
0.595969	0.777909	0.957586	1.11836	1.25301	1.34244	1.38318	1.39149	1.39169	1.38939	1.37739	1.34322	1.28226	1.20261	1.11733	1.03682	0.961654	0.8695	0.75088	0.617913	0.473319	0.329097	0.202903	0.0947118	-0.00159862	
0.495892	0.681734	0.867563	1.03637	1.1769	1.26349	1.3059	1.31911	1.31391	1.30239	1.28582	1.25412	1.19723	1.11733	1.02935	0.952496	0.883635	0.797832	0.687402	0.562593	0.432666	0.304532	0.192475	0.0940627	-0.00885532	
0.3399	0.517751	0.707144	0.882136	1.02343	1.11344	1.1618	1.18496	1.18282	1.17763	1.17528	1.15718	1.11016	1.03682	0.952496	0.866672	0.786119	0.702044	0.6054	0.496201	0.386444	0.282132	0.191298	0.100707	0.00333539	
0.154957	0.31969	0.501444	0.671428	0.805492	0.899391	0.96166	0.998934	1.02167	1.03584	1.04469	1.04046	1.0133	0.961654	0.883635	0.786119	0.696645	0.616746	0.533209	0.437967	0.349342	0.272352	0.200913	0.122394	0.0350653	
-0.0293628	0.117254	0.275887	0.424992	0.54996	0.643942	0.712726	0.773842	0.832169	0.877978	0.902242	0.912138	0.906284	0.8695	0.797832	0.702044	0.616746	0.540079	0.465622	0.386416	0.321896	0.273401	0.2233	0.160082	0.0886013	
-0.204174	-0.0864502	0.0454455	0.169292	0.280704	0.370344	0.447823	0.533226	0.623254	0.698488	0.745014	0.775475	0.78297	0.75088	0.687402	0.6054	0.533209	0.465622	0.402812	0.349343	0.309099	0.280518	0.248318	0.201936	0.156163	
-0.350588	-0.264348	-0.167641	-0.0695302	0.0260232	0.110581	0.197231	0.301453	0.410184	0.507999	0.580331	0.62476	0.641392	0.617913	0.562593	0.496201	0.437967	0.386416	0.349343	0.324635	0.311666	0.299375	0.279986	0.253814	0.231222	
-0.438765	-0.389154	-0.32453	-0.250345	-0.176974	-0.102029	-0.0102013	0.0972782	0.207443	0.317393	0.406145	0.462381	0.486217	0.473319	0.432666	0.386444	0.349342	0.321896	0.309099	0.311666	0.325869	0.338395	0.337484	0.326556	0.318788	
-0.457988	-0.438067	-0.401359	-0.35472	-0.304115	-0.239025	-0.154364	-0.062595	0.0389273	0.147188	0.23829	0.301955	0.333705	0.329097	0.304532	0.282132	0.272352	0.273401	0.280518	0.299375	0.338395	0.379986	0.401854	0.406795	0.413538	
-0.396561	-0.40237	-0.391323	-0.367041	-0.331071	-0.284198	-0.226085	-0.157764	-0.0768394	0.0102319	0.0931749	0.161022	0.198328	0.202903	0.192475	0.191298	0.200913	0.2233	0.248318	0.279986	0.337484	0.401854	0.445478	0.474823	0.49646	
-0.259972	-0.276704	-0.284913	-0.28815	-0.275273	-0.25691	-0.233661	-0.198141	-0.146677	-0.0839237	-0.0168328	0.0458291	0.0845094	0.0947118	0.0940627	0.100707	0.122394	0.160082	0.201936	0.253814	0.326556	0.406795	0.474823	0.520819	0.541114	
-0.0603428	-0.0857449	-0.113479	-0.137436	-0.152861	-0.171383	-0.186045	-0.184951	-0.162888	-0.12621	-0.0819026	-0.0385442	-0.0078904	-0.00159862	-0.00885532	0.00333539	0.0350653	0.0886013	0.156163	0.231222	0.318788	0.413538	0.49646	0.541114	0.53628	
0.185413	0.145468	0.095691	0.0461401	0.0011466	-0.0451557	-0.0875251	-0.118862	-0.129414	-0.121741	-0.110337	-0.0990082	-0.0914365	-0.0999429	-0.111518	-0.0989367	-0.0580899	0.0131515	0.110312	0.210609	0.311567	0.414577	0.495899	0.521518	0.486902	
0.446247	0.391014	0.315275	0.230463	0.150172	0.0792444	0.0189419	-0.0336798	-0.0721029	-0.100554	-0.131729	-0.160612	-0.183543	-0.203896	-0.21622	-0.206442	-0.15971	-0.0704689	0.0450255	0.166652	0.284044	0.386486	0.452901	0.457739	0.396616	
0.67839	0.608309	0.506401	0.394096	0.290982	0.201246	0.121686	0.0515235	-0.0177202	-0.085611	-0.151897	-0.218805	-0.273038	-0.305012	-0.318027	-0.309071	-0.255122	-0.15969	-0.0364882	0.0999993	0.234498	0.334294	0.384449	0.375347	0.291595	
0.844399	0.765181	0.649998	0.521242	0.402279	0.298338	0.206027	0.118352	0.0245312	-0.0720144	-0.169232	-0.260997	-0.335552	-0.382358	-0.400151	-0.390886	-0.33465	-0.239284	-0.11061	0.0422279	0.186596	0.286827	0.329082	0.302622	0.198694	
0.938704	0.858517	0.736037	0.599725	0.471461	0.358249	0.254371	0.154824	0.0462512	-0.0696489	-0.186049	-0.287784	-0.367482	-0.424602	-0.445543	-0.432262	-0.381606	-0.294371	-0.154882	0.0116673	0.160845	0.265136	0.305086	0.261839	0.142545	
0.95508	0.874236	0.750374	0.613849	0.483651	0.367415	0.261304	0.159712	0.0484959	-0.0710196	-0.190057	-0.292785	-0.37332	-0.431956	-0.453086	-0.437805	-0.389783	-0.305127	-0.1619	0.00732906	0.15652	0.262283	0.301614	0.255159	0.132698	
0.8909	0.81104	0.691961	0.558827	0.435963	0.328081	0.230574	0.137006	0.0364409	-0.0690788	-0.176567	-0.273309	-0.351326	-0.404001	-0.423141	-0.412828	-0.357971	-0.265281	-0.13243	0.0269249	0.173243	0.274817	0.316206	0.282112	0.1711	
0.753767	0.678731	0.569531	0.450478	0.340087	0.243519	0.158092	0.0817188	0.00143202	-0.0798345	-0.159334	-0.237956	-0.302057	-0.339311	-0.354807	-0.345306	-0.289683	-0.193228	-0.0684987	0.0740926	0.213854	0.313067	0.35864	0.343731	0.251353	
0.545396	0.483934	0.396924	0.299211	0.207928	0.129059	0.0614697	0.000631115	-0.0501282	-0.0934464	-0.139951	-0.185418	-0.221651	-0.245839	-0.257321	-0.249795	-0.199785	-0.10646	0.0128724	0.140867	0.265405	0.367195	0.426509	0.425156	0.354737	
0.289419	0.24328	0.184066	0.121597	0.0621097	0.00538478	-0.0446904	-0.0854073	-0.107485	-0.114026	-0.119412	-0.122728	-0.12645	-0.140613	-0.153743	-0.141115	-0.0983447	-0.018848	0.0874045	0.196754	0.303925	0.407545	0.483985	0.500588	0.454604	
0.0340133	0.00392379	-0.0329786	-0.0662115	-0.0929156	-0.122924	-0.150115	-0.163248	-0.154626	-0.128165	-0.0957186	-0.0636346	-0.0410106	-0.0407122	-0.0493801	-0.036571	-0.00112408	0.0584661	0.138686	0.22444	0.316952	0.415986	0.500615	0.538934	0.522168	
-0.1872	-0.207096	-0.222177	-0.234248	-0.232817	-0.230182	-0.222092	-0.200416	-0.159883	-0.107569	-0.0488379	0.00749129	0.0449749	0.0556061	0.0530847	0.0623397	0.0884968	0.132357	0.182874	0.243527	0.322508	0.409079	0.484517	0.532526	0.544531	
-0.350162	-0.361585	-0.359514	-0.346289	-0.317675	-0.279797	-0.23558	-0.179253	-0.110413	-0.0334041	0.044585	0.112016	0.1503	0.157385	0.152445	0.155613	0.170892	0.19991	0.231055	0.269917	0.333816	0.404752	0.458391	0.495936	0.520298	
-0.443191	-0.435306	-0.408416	-0.370943	-0.326896	-0.268445	-0.192164	-0.10895	-0.0134364	0.0884524	0.177628	0.242539	0.276908	0.276359	0.257876	0.244758	0.24321	0.253862	0.269279	0.29282	0.33988	0.391558	0.421805	0.4362	0.449774	
-0.455541	-0.418421	-0.364715	-0.301987	-0.238387	-0.167031	-0.0760836	0.0268076	0.13449	0.245215	0.336493	0.39644	0.424068	0.414459	0.380426	0.343716	0.318171	0.301922	0.296819	0.307084	0.33231	0.356567	0.364799	0.358952	0.35644	
-0.39356	-0.322579	-0.239762	-0.150113	-0.0629169	0.017632	0.107287	0.215515	0.326482	0.431019	0.511868	0.560919	0.58018	0.561273	0.510647	0.45145	0.400122	0.357916	0.331617	0.318267	0.316336	0.312933	0.300013	0.28085	0.264674	
-0.267863	-0.162195	-0.0431436	0.0695161	0.175287	0.263424	0.344493	0.438227	0.538307	0.623057	0.679788	0.716526	0.728484	0.699271	0.638806	0.562269	0.496061	0.433692	0.380483	0.338407	0.308192	0.285767	0.258616	0.220477	0.185623	
-0.101368	0.0354799	0.183725	0.322355	0.442131	0.534369	0.605944	0.677551	0.749799	0.808062	0.840788	0.858825	0.859477	0.824622	0.755307	0.665882	0.584837	0.51045	0.439327	0.369402	0.31505	0.275549	0.233249	0.176436	0.114027	
0.080248	0.239003	0.412342	0.575579	0.706511	0.8018	0.867521	0.912984	0.948855	0.975743	0.989867	0.990364	0.971915	0.927972	0.852841	0.752988	0.663803	0.585558	0.505962	0.416184	0.337018	0.27215	0.209852	0.136309	0.0540955	
0.267395	0.440665	0.628848	0.80355	0.942793	1.03382	1.0882	1.11632	1.12168	1.12123	1.12435	1.11276	1.07296	1.00742	0.925086	0.833894	0.748664	0.66606	0.575591	0.471567	0.370709	0.276855	0.193001	0.107424	0.013621	
0.439115	0.622948	0.810428	0.982491	1.12432	1.21247	1.25515	1.27183	1.26599	1.25638	1.24391	1.21726	1.16238	1.08327	0.997152	0.918085	0.845254	0.760289	0.654051	0.536185	0.413495	0.294057	0.190302	0.0947567	-0.00631963	
0.564034	0.748119	0.931136	1.09515	1.23215	1.32002	1.36226	1.37099	1.36801	1.36012	1.34408	1.30855	1.24942	1.1689	1.08193	1.00398	0.934226	0.845352	0.729691	0.598522	0.459463	0.320938	0.199292	0.0952509	-0.00494743	
0.622196	0.796578	0.970838	1.12917	1.2612	1.35075	1.39002	1.40057	1.40993	1.41947	1.41758	1.38868	1.32901	1.25179	1.16732	1.08291	0.995377	0.895297	0.774272	0.637061	0.485305	0.335244	0.203818	0.0910342	-0.00235476	
0.606277	0.762674	0.931028	1.08923	1.21412	1.29957	1.34309	1.36796	1.39873	1.43056	1.45148	1.44289	1.39401	1.32161	1.23491	1.14275	1.03263	0.912245	0.782532	0.635814	0.476368	0.318638	0.180054	0.0653733	-0.0235135	
0.525594	0.661774	0.82082	0.973891	1.09929	1.18316	1.23541	1.28891	1.34741	1.4023	1.44347	1.45762	1.43249	1.36718	1.27523	1.1702	1.04558	0.90779	0.759133	0.600804	0.432333	0.267363	0.122906	0.00988151	-0.0637705	
