2.14116e-09	1.23245e-08	6.56193e-08	3.22363e-07	1.45749e-06	6.04945e-06	2.29946e-05	7.98664e-05	0.000252991	0.000729866	0.00191639	0.00458093	0.009984	0.0198971	0.0364158	0.061554	0.0967315	0.142343	0.197567	0.26046	0.328287	0.39795	0.466403	0.530953	0.589424	
1.23245e-08	6.80011e-08	3.46351e-07	1.62405e-06	6.99169e-06	2.75604e-05	9.92163e-05	0.000325418	0.000970506	0.00262818	0.00645938	0.0144176	0.0292874	0.0543488	0.0926352	0.146017	0.214509	0.296093	0.387099	0.482939	0.578929	0.670939	0.755781	0.831301	0.896273	
6.56193e-08	3.46351e-07	1.68367e-06	7.51598e-06	3.07199e-05	0.000114625	0.000389352	0.00120087	0.00335603	0.00848681	0.0194144	0.0402221	0.0756912	0.130019	0.205268	0.300326	0.410934	0.530693	0.652527	0.77003	0.878325	0.974365	1.05676	1.12539	1.18093	
3.22363e-07	1.62405e-06	7.51598e-06	3.18507e-05	0.000123195	0.000433516	0.00138359	0.00399375	0.010403	0.0244212	0.0516669	0.098697	0.170936	0.270178	0.393147	0.532077	0.67692	0.817907	0.947426	1.0608	1.15614	1.23364	1.29473	1.34146	1.3761	
1.45749e-06	6.99169e-06	3.07199e-05	0.000123195	0.00044931	0.00148496	0.00443201	0.0119086	0.0287381	0.0622104	0.120868	0.211395	0.334808	0.484528	0.648076	0.811288	0.9623	1.09358	1.20202	1.28775	1.35283	1.40002	1.43216	1.45209	1.46269	
6.04945e-06	2.75604e-05	0.000114625	0.000433516	0.00148496	0.00458833	0.0127391	0.031672	0.070336	0.139392	0.246895	0.392764	0.5662	0.749121	0.923417	1.07655	1.20275	1.3014	1.37459	1.42531	1.4565	1.47091	1.47142	1.46149	1.44478	
2.29946e-05	9.92163e-05	0.000389352	0.00138359	0.00443201	0.0127391	0.0327126	0.0747645	0.151705	0.273243	0.43836	0.631675	0.829031	1.00896	1.15999	1.27946	1.36882	1.43045	1.46644	1.47873	1.46973	1.44282	1.40288	1.35536	1.30501	
7.98664e-05	0.000325418	0.00120087	0.00399375	0.0119086	0.031672	0.0747645	0.156023	0.287264	0.467378	0.67688	0.885451	1.06863	1.21735	1.33242	1.41537	1.46615	1.48459	1.47184	1.4314	1.36877	1.29112	1.20626	1.1202	1.03744	
0.000252991	0.000970506	0.00335603	0.010403	0.0287381	0.070336	0.151705	0.287264	0.477322	0.699829	0.918586	1.10564	1.25442	1.36888	1.44791	1.48644	1.48271	1.43945	1.36327	1.26299	1.1477	1.02652	0.906054	0.790262	0.683704	
0.000729866	0.00262818	0.00848681	0.0244212	0.0622104	0.139392	0.273243	0.467378	0.699829	0.929463	1.12321	1.27535	1.3925	1.46931	1.49404	1.46582	1.39233	1.28342	1.15007	1.00154	0.846516	0.692436	0.543387	0.404553	0.281657	
0.00191639	0.00645938	0.0194144	0.0516669	0.120868	0.246895	0.43836	0.67688	0.918586	1.12321	1.28215	1.4043	1.48114	1.49362	1.44344	1.34593	1.21114	1.04885	0.868425	0.678268	0.488553	0.305939	0.136501	-0.0127584	-0.139765	
0.00458093	0.0144176	0.0402221	0.098697	0.211395	0.392764	0.631675	0.885451	1.10564	1.27535	1.4043	1.48485	1.49125	1.42568	1.31192	1.15698	0.965862	0.752278	0.526966	0.303809	0.0932455	-0.0987877	-0.265985	-0.406804	-0.523717	
0.009984	0.0292874	0.0756912	0.170936	0.334808	0.5662	0.829031	1.06863	1.25442	1.3925	1.48114	1.49125	1.41908	1.29476	1.12383	0.904084	0.659251	0.405301	0.155576	-0.0759041	-0.28477	-0.465041	-0.615483	-0.737153	-0.831725	
0.0198971	0.0543488	0.130019	0.270178	0.484528	0.749121	1.00896	1.21735	1.36888	1.46931	1.49362	1.42568	1.29476	1.11262	0.870002	0.599375	0.325361	0.0522798	-0.199913	-0.426355	-0.618865	-0.774622	-0.893813	-0.978505	-1.03456	
0.0364158	0.0926352	0.205268	0.393147	0.648076	0.923417	1.15999	1.33242	1.44791	1.49404	1.44344	1.31192	1.12383	0.870002	0.578953	0.287902	-0.00921511	-0.286221	-0.527883	-0.730289	-0.882943	-0.993414	-1.0602	-1.09648	-1.10878	
0.061554	0.146017	0.300326	0.532077	0.811288	1.07655	1.27946	1.41537	1.48644	1.46582	1.34593	1.15698	0.904084	0.599375	0.287902	-0.0301682	-0.333012	-0.585139	-0.796505	-0.947093	-1.04921	-1.10087	-1.11481	-1.09963	-1.06687	
0.0967315	0.214509	0.410934	0.67692	0.9623	1.20275	1.36882	1.46615	1.48271	1.39233	1.21114	0.965862	0.659251	0.325361	-0.00921511	-0.333012	-0.60222	-0.824823	-0.986278	-1.07986	-1.12117	-1.10661	-1.06278	-0.993586	-0.923402	
0.142343	0.296093	0.530693	0.817907	1.09358	1.3014	1.43045	1.48459	1.43945	1.28342	1.04885	0.752278	0.405301	0.0522798	-0.286221	-0.585139	-0.824823	-1.00177	-1.0924	-1.12283	-1.08714	-1.0167	-0.918797	-0.82409	-0.732547	
0.197567	0.387099	0.652527	0.947426	1.20202	1.37459	1.46644	1.47184	1.36327	1.15007	0.868425	0.526966	0.155576	-0.199913	-0.527883	-0.796505	-0.986278	-1.0924	-1.11898	-1.07831	-0.984057	-0.866512	-0.741119	-0.635754	-0.551149	
0.26046	0.482939	0.77003	1.0608	1.28775	1.42531	1.47873	1.4314	1.26299	1.00154	0.678268	0.303809	-0.0759041	-0.426355	-0.730289	-0.947093	-1.07986	-1.12283	-1.07831	-0.973216	-0.83212	-0.687761	-0.567798	-0.485276	-0.439267	
0.328287	0.578929	0.878325	1.15614	1.35283	1.4565	1.46973	1.36877	1.1477	0.846516	0.488553	0.0932455	-0.28477	-0.618865	-0.882943	-1.04921	-1.12117	-1.08714	-0.984057	-0.83212	-0.672231	-0.539492	-0.454123	-0.415756	-0.402006	
0.39795	0.670939	0.974365	1.23364	1.40002	1.47091	1.44282	1.29112	1.02652	0.692436	0.305939	-0.0987877	-0.465041	-0.774622	-0.993414	-1.10087	-1.10661	-1.0167	-0.866512	-0.687761	-0.539492	-0.439832	-0.409526	-0.408053	-0.41455	
0.466403	0.755781	1.05676	1.29473	1.43216	1.47142	1.40288	1.20626	0.906054	0.543387	0.136501	-0.265985	-0.615483	-0.893813	-1.0602	-1.11481	-1.06278	-0.918797	-0.741119	-0.567798	-0.454123	-0.409526	-0.416552	-0.420682	-0.398261	
0.530953	0.831301	1.12539	1.34146	1.45209	1.46149	1.35536	1.1202	0.790262	0.404553	-0.0127584	-0.406804	-0.737153	-0.978505	-1.09648	-1.09963	-0.993586	-0.82409	-0.635754	-0.485276	-0.415756	-0.408053	-0.420682	-0.398404	-0.353097	
0.589424	0.896273	1.18093	1.3761	1.46269	1.44478	1.30501	1.03744	0.683704	0.281657	-0.139765	-0.523717	-0.831725	-1.03456	-1.10878	-1.06687	-0.923402	-0.732547	-0.551149	-0.439267	-0.402006	-0.41455	-0.398261	-0.353097	-0.305546	
0.640192	0.950199	1.22455	1.40093	1.46669	1.42466	1.25598	0.962313	0.59052	0.176858	-0.245713	-0.61715	-0.900352	-1.06924	-1.10592	-1.02436	-0.856197	-0.661219	-0.49522	-0.410988	-0.395944	-0.400563	-0.369172	-0.326942	-0.316338	
0.682137	0.993085	1.2576	1.41807	1.4665	1.4042	1.21199	0.89818	0.512754	0.0908973	-0.329452	-0.68693	-0.949286	-1.09014	-1.09381	-0.985084	-0.799171	-0.601023	-0.459089	-0.395699	-0.393401	-0.390295	-0.354467	-0.320137	-0.321323	
0.714548	1.02522	1.28137	1.42933	1.46426	1.38605	1.17587	0.847236	0.452144	0.0255417	-0.391457	-0.738164	-0.983236	-1.09959	-1.07908	-0.949798	-0.754487	-0.564768	-0.43266	-0.38666	-0.390072	-0.382899	-0.348821	-0.314386	-0.307793	
0.737012	1.04698	1.29696	1.43614	1.46163	1.37226	1.14974	0.811304	0.410049	-0.0194684	-0.433766	-0.771628	-1.00349	-1.10413	-1.06659	-0.923423	-0.724519	-0.538398	-0.419963	-0.383405	-0.388606	-0.375892	-0.332075	-0.300277	-0.306086	
0.749317	1.05873	1.30521	1.43953	1.45981	1.36428	1.13508	0.791447	0.386891	-0.0441252	-0.4565	-0.789205	-1.01389	-1.10498	-1.05837	-0.911125	-0.709713	-0.522446	-0.411269	-0.381895	-0.387054	-0.37347	-0.330713	-0.303835	-0.307763	
0.751371	1.06068	1.30657	1.44007	1.45947	1.36291	1.13261	0.788139	0.38304	-0.0481171	-0.460165	-0.792532	-1.01603	-1.10467	-1.05725	-0.908267	-0.704496	-0.522624	-0.41147	-0.380289	-0.387117	-0.369943	-0.332869	-0.306069	-0.307789	
0.743161	1.05287	1.30111	1.43785	1.46072	1.36827	1.14247	0.801583	0.398667	-0.0319834	-0.445685	-0.780492	-1.00799	-1.10466	-1.06348	-0.916685	-0.716289	-0.531646	-0.416298	-0.382201	-0.388844	-0.372884	-0.329789	-0.298767	-0.306866	
0.724745	1.03515	1.28853	1.4325	1.46313	1.37985	1.16416	0.831226	0.433309	0.00505609	-0.411191	-0.754337	-0.992802	-1.10031	-1.07327	-0.940278	-0.740762	-0.55022	-0.425736	-0.385675	-0.390229	-0.381266	-0.342941	-0.309514	-0.305077	
0.696279	1.00721	1.26815	1.42318	1.46569	1.39645	1.19649	0.876383	0.486671	0.0621699	-0.357278	-0.710039	-0.964583	-1.0945	-1.08755	-0.969773	-0.779643	-0.585936	-0.44777	-0.390698	-0.391188	-0.385698	-0.352712	-0.318754	-0.315448	
0.658084	0.96867	1.23896	1.40858	1.46693	1.41629	1.23763	0.935447	0.557754	0.140026	-0.282264	-0.647894	-0.922395	-1.07937	-1.10075	-1.00737	-0.833035	-0.635296	-0.478167	-0.40431	-0.394858	-0.395117	-0.361469	-0.32229	-0.323838	
0.610739	0.919182	1.19973	1.38705	1.46489	1.43693	1.28506	1.00642	0.644935	0.237571	-0.185152	-0.564375	-0.861679	-1.05056	-1.11028	-1.04991	-0.893379	-0.701284	-0.527082	-0.427681	-0.399867	-0.411047	-0.385662	-0.338794	-0.303621	
0.555187	0.858605	1.1491	1.35659	1.45724	1.45543	1.33542	1.08656	0.746279	0.353246	-0.0661106	-0.456308	-0.778611	-1.00454	-1.10368	-1.08803	-0.965808	-0.786142	-0.596889	-0.462458	-0.40811	-0.411876	-0.415481	-0.379802	-0.331116	
0.492841	0.787208	1.08583	1.31497	1.44136	1.4685	1.38466	1.17188	0.858899	0.486032	0.0738876	-0.325241	-0.666805	-0.931387	-1.07912	-1.11261	-1.03613	-0.879114	-0.696921	-0.530601	-0.433903	-0.407271	-0.420978	-0.417147	-0.382261	
0.425655	0.705896	1.00899	1.25989	1.41444	1.47258	1.42828	1.25788	0.977933	0.631653	0.236054	-0.168766	-0.528877	-0.826695	-1.02428	-1.10988	-1.09323	-0.980621	-0.814863	-0.635003	-0.498264	-0.420363	-0.409275	-0.41336	-0.413862	
0.356127	0.616432	0.918327	1.18918	1.37361	1.46409	1.461	1.33932	1.09955	0.784159	0.413917	0.0139166	-0.359898	-0.685475	-0.933082	-1.076	-1.1198	-1.06136	-0.939825	-0.774071	-0.614586	-0.492526	-0.42827	-0.407664	-0.40544	
0.287189	0.521587	0.814672	1.1011	1.31605	1.43993	1.4776	1.40882	1.2182	0.939697	0.601729	0.217516	-0.162711	-0.507669	-0.796549	-0.993153	-1.10366	-1.11622	-1.04457	-0.918853	-0.766129	-0.622947	-0.51383	-0.44666	-0.416567	
0.221965	0.425145	0.70037	0.994854	1.2389	1.39738	1.47416	1.45887	1.32553	1.09171	0.792785	0.437023	0.0607724	-0.294242	-0.615155	-0.864188	-1.02973	-1.11093	-1.11115	-1.04294	-0.927508	-0.795302	-0.668336	-0.568139	-0.496303	
0.163387	0.331635	0.579576	0.871402	1.1397	1.33355	1.44791	1.48324	1.41247	1.23223	0.978093	0.662695	0.304218	-0.0512274	-0.38695	-0.675553	-0.898794	-1.04782	-1.11099	-1.11398	-1.0523	-0.962254	-0.849672	-0.747099	-0.656448	
0.113764	0.245776	0.458157	0.734253	1.01739	1.24541	1.39677	1.47757	1.46985	1.35214	1.14879	0.882534	0.558076	0.214793	-0.124266	-0.439434	-0.695695	-0.904536	-1.03969	-1.10864	-1.1189	-1.08018	-1.01374	-0.930735	-0.84791	
0.0743913	0.1717	0.343058	0.589883	0.873634	1.13033	1.31875	1.43979	1.49007	1.44105	1.29556	1.08419	0.808288	0.490186	0.168849	-0.156575	-0.448299	-0.687523	-0.881374	-1.01022	-1.08992	-1.11517	-1.10664	-1.06834	-1.02142	
0.0453545	0.112158	0.241125	0.447362	0.714116	0.987604	1.21154	1.36962	1.4686	1.48869	1.40905	1.25454	1.04082	0.763144	0.462692	0.161558	-0.142265	-0.412844	-0.64474	-0.828049	-0.961359	-1.04884	-1.09588	-1.1101	-1.1034	
0.0256037	0.0679611	0.157633	0.316905	0.549083	0.82067	1.07311	1.26741	1.40522	1.48577	1.48	1.38506	1.23254	1.02175	0.754986	0.474177	0.191491	-0.0847323	-0.335701	-0.556073	-0.73521	-0.874713	-0.974716	-1.04243	-1.08081	
0.013302	0.0379225	0.0950166	0.207503	0.392163	0.639275	0.903917	1.13239	1.30444	1.42882	1.49396	1.47211	1.37481	1.22907	1.02985	0.785739	0.52572	0.262735	0.0110334	-0.220408	-0.424589	-0.597254	-0.736773	-0.8455	-0.926253	
0.00632876	0.0193691	0.0524132	0.124409	0.257058	0.459741	0.711431	0.962603	1.16977	1.32661	1.44143	1.49648	1.47072	1.37964	1.24374	1.06395	0.849755	0.616885	0.37896	0.149601	-0.0625625	-0.251389	-0.414231	-0.5491	-0.656396	
0.00274773	0.00901456	0.0263067	0.0677868	0.153092	0.301049	0.513531	0.761996	0.998093	1.18896	1.3355	1.44336	1.49539	1.47676	1.39874	1.27715	1.12049	0.93796	0.738611	0.53302	0.331728	0.143343	-0.0271792	-0.176927	-0.302787	
