-0.104761	-0.0812039	-0.0571757	-0.0256556	0.0252018	0.108786	0.204472	0.297731	0.388373	0.476353	0.549156	0.597037	0.604883	0.575958	0.526439	0.456881	0.372542	0.26947	0.16011	0.0506385	-0.0779287	-0.214814	-0.344901	-0.469465	-0.586596	
-0.0812039	-0.0419258	-0.000354335	0.0500194	0.119442	0.218938	0.329367	0.430036	0.509853	0.571519	0.608481	0.609696	0.572288	0.505663	0.41874	0.324944	0.228737	0.112239	-0.00860412	-0.121663	-0.23805	-0.348252	-0.445175	-0.527597	-0.595821	
-0.0571757	-0.000354335	0.0655948	0.138829	0.225832	0.336891	0.4522	0.54519	0.601822	0.627788	0.620605	0.582768	0.512695	0.417246	0.307517	0.194074	0.0781526	-0.0544536	-0.183461	-0.292761	-0.39176	-0.475458	-0.535045	-0.571995	-0.595901	
-0.0256556	0.0500194	0.138829	0.229879	0.329228	0.44074	0.547029	0.622471	0.650024	0.636085	0.593044	0.523951	0.427419	0.315628	0.186352	0.0539614	-0.0725538	-0.20886	-0.334761	-0.435498	-0.513805	-0.565451	-0.593394	-0.600621	-0.58919	
0.0252018	0.119442	0.225832	0.329228	0.429517	0.52463	0.605914	0.650294	0.639917	0.590549	0.517963	0.42664	0.320388	0.199559	0.058369	-0.0815965	-0.212798	-0.34331	-0.455263	-0.535902	-0.583453	-0.608274	-0.616175	-0.600159	-0.564533	
0.108786	0.218938	0.336891	0.44074	0.52463	0.585393	0.62498	0.62619	0.580345	0.500958	0.406047	0.303138	0.188422	0.0609463	-0.0828495	-0.22097	-0.340136	-0.443347	-0.524147	-0.579066	-0.606182	-0.613352	-0.602399	-0.568851	-0.515335	
0.204472	0.329367	0.4522	0.547029	0.605914	0.62498	0.616702	0.577767	0.500413	0.393881	0.278549	0.156203	0.02846	-0.102152	-0.23746	-0.354096	-0.442666	-0.50567	-0.552553	-0.586498	-0.590995	-0.57448	-0.546362	-0.500535	-0.440361	
0.297731	0.430036	0.54519	0.622471	0.650294	0.62619	0.577767	0.507257	0.408223	0.285253	0.149777	0.00805914	-0.129083	-0.258684	-0.376616	-0.467211	-0.526318	-0.553672	-0.567681	-0.56822	-0.539236	-0.498296	-0.454422	-0.405817	-0.358437	
0.388373	0.509853	0.601822	0.650024	0.639917	0.580345	0.500413	0.408223	0.300682	0.167888	0.0190194	-0.130312	-0.266112	-0.383544	-0.475563	-0.541061	-0.579797	-0.580972	-0.563399	-0.532909	-0.478216	-0.414739	-0.356751	-0.31091	-0.278948	
0.476353	0.571519	0.627788	0.636085	0.590549	0.500958	0.393881	0.285253	0.167888	0.0277586	-0.122588	-0.264096	-0.381323	-0.468936	-0.527071	-0.569919	-0.589958	-0.569045	-0.530834	-0.481316	-0.412924	-0.342723	-0.28502	-0.245896	-0.225287	
0.549156	0.608481	0.620605	0.593044	0.517963	0.406047	0.278549	0.149777	0.0190194	-0.122588	-0.264618	-0.386138	-0.472152	-0.526568	-0.554411	-0.568498	-0.561119	-0.520051	-0.463381	-0.401698	-0.342317	-0.290869	-0.248013	-0.21856	-0.203498	
0.597037	0.609696	0.582768	0.523951	0.42664	0.303138	0.156203	0.00805914	-0.130312	-0.264096	-0.386138	-0.477066	-0.535258	-0.565757	-0.562905	-0.544361	-0.508492	-0.447034	-0.378041	-0.320033	-0.281274	-0.249629	-0.22162	-0.207645	-0.208766	
0.604883	0.572288	0.512695	0.427419	0.320388	0.188422	0.02846	-0.129083	-0.266112	-0.381323	-0.472152	-0.535258	-0.574255	-0.57816	-0.547252	-0.499731	-0.436609	-0.370357	-0.308714	-0.258753	-0.231344	-0.213007	-0.204094	-0.211788	-0.226379	
0.575958	0.505663	0.417246	0.315628	0.199559	0.0609463	-0.102152	-0.258684	-0.383544	-0.468936	-0.526568	-0.565757	-0.57816	-0.556292	-0.505785	-0.434266	-0.364393	-0.312956	-0.259752	-0.21371	-0.196467	-0.196422	-0.206938	-0.221408	-0.231522	
0.526439	0.41874	0.307517	0.186352	0.058369	-0.0828495	-0.23746	-0.376616	-0.475563	-0.527071	-0.554411	-0.562905	-0.547252	-0.505785	-0.44043	-0.365667	-0.306361	-0.265531	-0.223066	-0.192891	-0.191467	-0.203253	-0.214359	-0.220348	-0.220802	
0.456881	0.324944	0.194074	0.0539614	-0.0815965	-0.22097	-0.354096	-0.467211	-0.541061	-0.569919	-0.568498	-0.544361	-0.499731	-0.434266	-0.365667	-0.299925	-0.248068	-0.221392	-0.205782	-0.201876	-0.209357	-0.215913	-0.217031	-0.210491	-0.196695	
0.372542	0.228737	0.0781526	-0.0725538	-0.212798	-0.340136	-0.442666	-0.526318	-0.579797	-0.589958	-0.561119	-0.508492	-0.436609	-0.364393	-0.306361	-0.248068	-0.206022	-0.193242	-0.199734	-0.213359	-0.218809	-0.220606	-0.217825	-0.200937	-0.178932	
0.26947	0.112239	-0.0544536	-0.20886	-0.34331	-0.443347	-0.50567	-0.553672	-0.580972	-0.569045	-0.520051	-0.447034	-0.370357	-0.312956	-0.265531	-0.221392	-0.193242	-0.185305	-0.20112	-0.21611	-0.213044	-0.210007	-0.204157	-0.190565	-0.176572	
0.16011	-0.00860412	-0.183461	-0.334761	-0.455263	-0.524147	-0.552553	-0.567681	-0.563399	-0.530834	-0.463381	-0.378041	-0.308714	-0.259752	-0.223066	-0.205782	-0.199734	-0.20112	-0.216534	-0.219754	-0.201894	-0.185904	-0.176934	-0.17321	-0.173984	
0.0506385	-0.121663	-0.292761	-0.435498	-0.535902	-0.579066	-0.586498	-0.56822	-0.532909	-0.481316	-0.401698	-0.320033	-0.258753	-0.21371	-0.192891	-0.201876	-0.213359	-0.21611	-0.219754	-0.212017	-0.191926	-0.174381	-0.162745	-0.16033	-0.170498	
-0.0779287	-0.23805	-0.39176	-0.513805	-0.583453	-0.606182	-0.590995	-0.539236	-0.478216	-0.412924	-0.342317	-0.281274	-0.231344	-0.196467	-0.191467	-0.209357	-0.218809	-0.213044	-0.201894	-0.191926	-0.186859	-0.175423	-0.161957	-0.164081	-0.174314	
-0.214814	-0.348252	-0.475458	-0.565451	-0.608274	-0.613352	-0.57448	-0.498296	-0.414739	-0.342723	-0.290869	-0.249629	-0.213007	-0.196422	-0.203253	-0.215913	-0.220606	-0.210007	-0.185904	-0.174381	-0.175423	-0.167369	-0.16665	-0.17741	-0.176705	
-0.344901	-0.445175	-0.535045	-0.593394	-0.616175	-0.602399	-0.546362	-0.454422	-0.356751	-0.28502	-0.248013	-0.22162	-0.204094	-0.206938	-0.214359	-0.217031	-0.217825	-0.204157	-0.176934	-0.162745	-0.161957	-0.16665	-0.178476	-0.178147	-0.163339	
-0.469465	-0.527597	-0.571995	-0.600621	-0.600159	-0.568851	-0.500535	-0.405817	-0.31091	-0.245896	-0.21856	-0.207645	-0.211788	-0.221408	-0.220348	-0.210491	-0.200937	-0.190565	-0.17321	-0.16033	-0.164081	-0.17741	-0.178147	-0.160454	-0.14854	
-0.586596	-0.595821	-0.595901	-0.58919	-0.564533	-0.515335	-0.440361	-0.358437	-0.278948	-0.225287	-0.203498	-0.208766	-0.226379	-0.231522	-0.220802	-0.196695	-0.178932	-0.176572	-0.173984	-0.170498	-0.174314	-0.176705	-0.163339	-0.14854	-0.149198	
-0.688632	-0.654667	-0.611816	-0.566567	-0.517829	-0.449633	-0.378556	-0.315787	-0.259288	-0.218645	-0.201107	-0.216686	-0.235458	-0.234956	-0.215461	-0.186114	-0.167476	-0.165131	-0.176287	-0.181634	-0.173514	-0.164488	-0.155683	-0.154913	-0.157535	
-0.768345	-0.703539	-0.621446	-0.542837	-0.467276	-0.389319	-0.328402	-0.2844	-0.252706	-0.222194	-0.208195	-0.21931	-0.229655	-0.225056	-0.205512	-0.187412	-0.171387	-0.165094	-0.179147	-0.180949	-0.163047	-0.151541	-0.154184	-0.164199	-0.165143	
-0.830414	-0.741134	-0.626351	-0.514531	-0.411769	-0.333863	-0.283774	-0.260942	-0.252515	-0.238175	-0.229613	-0.225158	-0.219754	-0.206722	-0.193201	-0.186301	-0.174821	-0.172112	-0.178389	-0.176645	-0.163383	-0.14896	-0.151957	-0.160093	-0.160753	
-0.875703	-0.767994	-0.628409	-0.483756	-0.361467	-0.284137	-0.246469	-0.241982	-0.25197	-0.260781	-0.256455	-0.235315	-0.21133	-0.190816	-0.183351	-0.181133	-0.178025	-0.177459	-0.17145	-0.169445	-0.168171	-0.159415	-0.15584	-0.15141	-0.148235	
-0.898352	-0.785051	-0.633943	-0.470828	-0.340583	-0.262266	-0.233613	-0.233945	-0.250682	-0.271309	-0.264781	-0.231645	-0.195826	-0.180557	-0.182445	-0.18838	-0.194836	-0.184847	-0.162856	-0.152236	-0.158508	-0.168007	-0.163478	-0.153748	-0.148964	
-0.90201	-0.788427	-0.63589	-0.470445	-0.338509	-0.260612	-0.23282	-0.232795	-0.250775	-0.271642	-0.26491	-0.229304	-0.190963	-0.179298	-0.18312	-0.191126	-0.20002	-0.186455	-0.160762	-0.147794	-0.155761	-0.16959	-0.163987	-0.154858	-0.151547	
-0.887687	-0.775945	-0.629914	-0.476127	-0.348636	-0.271963	-0.238031	-0.237043	-0.252303	-0.266786	-0.26305	-0.235461	-0.204788	-0.186499	-0.181868	-0.182594	-0.183681	-0.179496	-0.167752	-0.163387	-0.166358	-0.164541	-0.158333	-0.150364	-0.146804	
-0.851096	-0.753255	-0.627167	-0.501028	-0.389642	-0.311895	-0.266687	-0.252611	-0.252233	-0.248168	-0.241485	-0.228944	-0.216589	-0.199423	-0.188434	-0.184632	-0.175237	-0.174242	-0.17675	-0.174379	-0.165016	-0.152045	-0.153595	-0.156523	-0.154794	
-0.795509	-0.720463	-0.62444	-0.532359	-0.445964	-0.36698	-0.310095	-0.274262	-0.251741	-0.227222	-0.215022	-0.220448	-0.22558	-0.218039	-0.201048	-0.188063	-0.173127	-0.167937	-0.179629	-0.179119	-0.161464	-0.148379	-0.152869	-0.164549	-0.165692	
-0.723023	-0.67533	-0.6155	-0.556767	-0.497393	-0.424371	-0.357555	-0.301495	-0.255933	-0.218976	-0.202678	-0.219215	-0.234223	-0.232463	-0.212105	-0.184755	-0.16782	-0.164073	-0.177306	-0.182533	-0.169615	-0.159231	-0.155062	-0.159234	-0.161202	
-0.629993	-0.620717	-0.603015	-0.580629	-0.546735	-0.48933	-0.415242	-0.340357	-0.269301	-0.221273	-0.201012	-0.212352	-0.231584	-0.233814	-0.21907	-0.190976	-0.172834	-0.171399	-0.17486	-0.176308	-0.175228	-0.172033	-0.159507	-0.149434	-0.151816	
-0.518056	-0.556536	-0.583353	-0.59807	-0.588134	-0.549873	-0.477192	-0.38674	-0.295721	-0.234925	-0.210771	-0.2063	-0.218311	-0.226614	-0.221176	-0.205703	-0.191653	-0.184282	-0.172714	-0.163747	-0.16936	-0.178864	-0.171729	-0.153131	-0.147462	
-0.394959	-0.479266	-0.551331	-0.598449	-0.612158	-0.591744	-0.53032	-0.435624	-0.337381	-0.267073	-0.234407	-0.213946	-0.20542	-0.21254	-0.217431	-0.215768	-0.212479	-0.199483	-0.174825	-0.159634	-0.16094	-0.171375	-0.180608	-0.172356	-0.156313	
-0.267535	-0.388772	-0.502311	-0.579466	-0.614178	-0.611056	-0.564888	-0.481184	-0.390436	-0.318003	-0.272174	-0.237282	-0.207995	-0.199554	-0.208099	-0.217194	-0.220541	-0.208587	-0.181788	-0.168871	-0.168791	-0.164923	-0.171928	-0.181049	-0.172793	
-0.132971	-0.283419	-0.428361	-0.538125	-0.595928	-0.611291	-0.585393	-0.523292	-0.452618	-0.383506	-0.320681	-0.267833	-0.223416	-0.195842	-0.195929	-0.212617	-0.219732	-0.211271	-0.194025	-0.183719	-0.18374	-0.173622	-0.162919	-0.168977	-0.176264	
0.00197776	-0.167342	-0.332948	-0.469796	-0.558014	-0.592893	-0.591943	-0.559673	-0.514493	-0.455934	-0.377358	-0.302641	-0.244782	-0.203164	-0.188913	-0.203922	-0.216933	-0.217	-0.215058	-0.204532	-0.188764	-0.174543	-0.161537	-0.159498	-0.171346	
0.117744	-0.054222	-0.229273	-0.378117	-0.491902	-0.549055	-0.568701	-0.570594	-0.553255	-0.513298	-0.438905	-0.352852	-0.286626	-0.238804	-0.208071	-0.202421	-0.205249	-0.208605	-0.220615	-0.219427	-0.197653	-0.178037	-0.168489	-0.167043	-0.172448	
0.225369	0.0629893	-0.10855	-0.262142	-0.391353	-0.478951	-0.525512	-0.560164	-0.574796	-0.554079	-0.498431	-0.419209	-0.344958	-0.292394	-0.249068	-0.214752	-0.194212	-0.189327	-0.20583	-0.217023	-0.209414	-0.201467	-0.193299	-0.18443	-0.176246	
0.333655	0.184261	0.0271642	-0.126276	-0.2652	-0.383354	-0.471219	-0.540203	-0.584624	-0.585937	-0.54833	-0.486996	-0.409578	-0.341778	-0.288113	-0.234724	-0.197824	-0.186825	-0.199627	-0.215916	-0.217496	-0.218475	-0.214581	-0.196873	-0.177024	
0.425231	0.287642	0.148645	0.00419011	-0.134739	-0.270479	-0.393148	-0.495134	-0.560002	-0.582148	-0.569115	-0.533094	-0.475912	-0.404636	-0.33933	-0.276139	-0.228591	-0.2076	-0.201599	-0.208037	-0.215694	-0.219333	-0.218495	-0.205881	-0.18709	
0.500021	0.381075	0.261434	0.132459	0.00131654	-0.140545	-0.287186	-0.416447	-0.50431	-0.545272	-0.561206	-0.55687	-0.530025	-0.478675	-0.411073	-0.338759	-0.282623	-0.247896	-0.213972	-0.192919	-0.196591	-0.208367	-0.2167	-0.217531	-0.211677	
0.55869	0.472629	0.375184	0.265975	0.145083	0.00476823	-0.157077	-0.308263	-0.423821	-0.495728	-0.540374	-0.567727	-0.569354	-0.539119	-0.481892	-0.406463	-0.339137	-0.293137	-0.243937	-0.202418	-0.190822	-0.196645	-0.209906	-0.222515	-0.229182	
0.596513	0.548389	0.476742	0.384804	0.274345	0.139265	-0.0226574	-0.181965	-0.315648	-0.420189	-0.498	-0.550742	-0.580207	-0.573664	-0.533832	-0.475306	-0.406423	-0.345118	-0.287061	-0.238062	-0.214825	-0.203809	-0.203332	-0.216221	-0.2308	
0.605169	0.598601	0.558294	0.487258	0.385304	0.258163	0.105119	-0.0471387	-0.186734	-0.314013	-0.424251	-0.503596	-0.553773	-0.574713	-0.560048	-0.529305	-0.481383	-0.415231	-0.347881	-0.293392	-0.259595	-0.233311	-0.212369	-0.207484	-0.216468	
0.572207	0.613928	0.609525	0.569692	0.483497	0.366709	0.230756	0.0931147	-0.041487	-0.182108	-0.317087	-0.426732	-0.500656	-0.544491	-0.560408	-0.561334	-0.542702	-0.492762	-0.428376	-0.367198	-0.317539	-0.274509	-0.236854	-0.212043	-0.201893	
