-0.711179	-0.654437	-0.552294	-0.407961	-0.24628	-0.0947593	0.0512866	0.208857	0.364369	0.494619	0.588572	0.637619	0.645572	0.629842	0.610738	0.620566	0.665565	0.730263	0.797484	0.851158	0.870155	0.837365	0.74855	0.615149	0.454365	
-0.654437	-0.612489	-0.526303	-0.407649	-0.279026	-0.146797	-0.0170946	0.119429	0.248731	0.35956	0.443422	0.502514	0.529363	0.529851	0.525728	0.554231	0.61735	0.704474	0.791683	0.849319	0.869062	0.838858	0.756892	0.638186	0.499174	
-0.552294	-0.526303	-0.472587	-0.394749	-0.304109	-0.206574	-0.110636	-0.00700125	0.0941841	0.187041	0.266274	0.32978	0.374374	0.394642	0.408836	0.453971	0.533428	0.632016	0.727617	0.789318	0.812042	0.78294	0.712421	0.616416	0.500471	
-0.407961	-0.407649	-0.394749	-0.357067	-0.312009	-0.266013	-0.214477	-0.144115	-0.0654653	0.0100702	0.0803415	0.147041	0.213031	0.257259	0.292915	0.349935	0.428521	0.521972	0.614161	0.67306	0.694916	0.672353	0.616155	0.544545	0.46299	
-0.24628	-0.279026	-0.304109	-0.312009	-0.322217	-0.33009	-0.310494	-0.260454	-0.201315	-0.140858	-0.0787285	-0.00574367	0.0767409	0.143155	0.194029	0.253762	0.322783	0.403113	0.48087	0.528791	0.54272	0.520575	0.481535	0.44151	0.397914	
-0.0947593	-0.146797	-0.206574	-0.266013	-0.33009	-0.375475	-0.37797	-0.345406	-0.299595	-0.242934	-0.173467	-0.0975388	-0.00922945	0.0663684	0.126207	0.184924	0.247649	0.308122	0.360822	0.38787	0.386403	0.360103	0.333048	0.317656	0.306232	
0.0512866	-0.0170946	-0.110636	-0.214477	-0.310494	-0.37797	-0.397871	-0.384692	-0.342227	-0.276256	-0.203751	-0.127678	-0.03912	0.0440342	0.112733	0.176131	0.222573	0.254064	0.271853	0.269821	0.244816	0.212419	0.184586	0.172007	0.172037	
0.208857	0.119429	-0.00700125	-0.144115	-0.260454	-0.345406	-0.384692	-0.375202	-0.322156	-0.248352	-0.169785	-0.0878604	-0.00145096	0.0861587	0.15985	0.213769	0.240638	0.24304	0.223249	0.18326	0.127052	0.0684076	0.0240352	0.00942393	0.0176886	
0.364369	0.248731	0.0941841	-0.0654653	-0.201315	-0.299595	-0.342227	-0.322156	-0.258623	-0.171713	-0.0756548	0.0195322	0.108435	0.195389	0.258003	0.293417	0.296672	0.263825	0.200559	0.119472	0.0275947	-0.0544841	-0.115585	-0.143317	-0.145266	
0.494619	0.35956	0.187041	0.0100702	-0.140858	-0.242934	-0.276256	-0.248352	-0.171713	-0.0641949	0.0522992	0.157773	0.2463	0.323377	0.370229	0.38486	0.356884	0.283279	0.175679	0.0514984	-0.0718289	-0.171352	-0.244282	-0.289364	-0.312668	
0.588572	0.443422	0.266274	0.0803415	-0.0787285	-0.173467	-0.203751	-0.169785	-0.0756548	0.0522992	0.178355	0.289464	0.373849	0.437624	0.463905	0.449485	0.38495	0.273504	0.131651	-0.0256109	-0.173756	-0.295446	-0.389359	-0.453582	-0.493597	
0.637619	0.502514	0.32978	0.147041	-0.00574367	-0.0975388	-0.127678	-0.0878604	0.0195322	0.157773	0.289464	0.3987	0.483042	0.531623	0.532396	0.483181	0.381217	0.238097	0.0697066	-0.119089	-0.289925	-0.426144	-0.53627	-0.613775	-0.6653	
0.645572	0.529363	0.374374	0.213031	0.0767409	-0.00922945	-0.03912	-0.00145096	0.108435	0.2463	0.373849	0.483042	0.565832	0.599938	0.576109	0.491367	0.350592	0.176651	-0.0198651	-0.230079	-0.412509	-0.556886	-0.670721	-0.751215	-0.810306	
0.629842	0.529851	0.394642	0.257259	0.143155	0.0663684	0.0440342	0.0861587	0.195389	0.323377	0.437624	0.531623	0.599938	0.617434	0.570818	0.457743	0.292959	0.0923041	-0.128142	-0.343745	-0.527336	-0.676533	-0.785902	-0.857574	-0.906006	
0.610738	0.525728	0.408836	0.292915	0.194029	0.126207	0.112733	0.15985	0.258003	0.370229	0.463905	0.532396	0.576109	0.570818	0.501158	0.367764	0.181903	-0.0308234	-0.246746	-0.450225	-0.629734	-0.767256	-0.860775	-0.921838	-0.954856	
0.620566	0.554231	0.453971	0.349935	0.253762	0.184924	0.176131	0.213769	0.293417	0.38486	0.449485	0.483181	0.491367	0.457743	0.367764	0.219912	0.0247437	-0.179878	-0.377273	-0.559201	-0.71321	-0.823607	-0.898763	-0.9371	-0.945139	
0.665565	0.61735	0.533428	0.428521	0.322783	0.247649	0.222573	0.240638	0.296672	0.356884	0.38495	0.381217	0.350592	0.292959	0.181903	0.0247437	-0.155027	-0.337318	-0.50991	-0.657382	-0.771601	-0.847239	-0.895035	-0.903956	-0.882297	
0.730263	0.704474	0.632016	0.521972	0.403113	0.308122	0.254064	0.24304	0.263825	0.283279	0.273504	0.238097	0.176651	0.0923041	-0.0308234	-0.179878	-0.337318	-0.4947	-0.632124	-0.732852	-0.807339	-0.847323	-0.856777	-0.831674	-0.788279	
0.797484	0.791683	0.727617	0.614161	0.48087	0.360822	0.271853	0.223249	0.200559	0.175679	0.131651	0.0697066	-0.0198651	-0.128142	-0.246746	-0.377273	-0.50991	-0.632124	-0.725916	-0.79049	-0.832406	-0.843759	-0.814824	-0.757728	-0.690401	
0.851158	0.849319	0.789318	0.67306	0.528791	0.38787	0.269821	0.18326	0.119472	0.0514984	-0.0256109	-0.119089	-0.230079	-0.343745	-0.450225	-0.559201	-0.657382	-0.732852	-0.79049	-0.838473	-0.856576	-0.83955	-0.787167	-0.702802	-0.607824	
0.870155	0.869062	0.812042	0.694916	0.54272	0.386403	0.244816	0.127052	0.0275947	-0.0718289	-0.173756	-0.289925	-0.412509	-0.527336	-0.629734	-0.71321	-0.771601	-0.807339	-0.832406	-0.856576	-0.860182	-0.829183	-0.763095	-0.659157	-0.549761	
0.837365	0.838858	0.78294	0.672353	0.520575	0.360103	0.212419	0.0684076	-0.0544841	-0.171352	-0.295446	-0.426144	-0.556886	-0.676533	-0.767256	-0.823607	-0.847239	-0.847323	-0.843759	-0.83955	-0.829183	-0.79113	-0.713965	-0.598102	-0.48922	
0.74855	0.756892	0.712421	0.616155	0.481535	0.333048	0.184586	0.0240352	-0.115585	-0.244282	-0.389359	-0.53627	-0.670721	-0.785902	-0.860775	-0.898763	-0.895035	-0.856777	-0.814824	-0.787167	-0.763095	-0.713965	-0.624698	-0.513747	-0.41651	
0.615149	0.638186	0.616416	0.544545	0.44151	0.317656	0.172007	0.00942393	-0.143317	-0.289364	-0.453582	-0.613775	-0.751215	-0.857574	-0.921838	-0.9371	-0.903956	-0.831674	-0.757728	-0.702802	-0.659157	-0.598102	-0.513747	-0.422873	-0.351343	
0.454365	0.499174	0.500471	0.46299	0.397914	0.306232	0.172037	0.0176886	-0.145266	-0.312668	-0.493597	-0.6653	-0.810306	-0.906006	-0.954856	-0.945139	-0.882297	-0.788279	-0.690401	-0.607824	-0.549761	-0.48922	-0.41651	-0.351343	-0.312486	
0.282655	0.346724	0.369247	0.370002	0.343053	0.282546	0.172941	0.0266628	-0.136607	-0.322691	-0.517482	-0.700692	-0.848897	-0.93108	-0.954115	-0.933504	-0.859316	-0.748478	-0.633871	-0.537119	-0.469539	-0.411447	-0.358339	-0.318035	-0.308352	
0.116718	0.194889	0.242418	0.271582	0.27855	0.242478	0.162511	0.0350241	-0.1233	-0.315973	-0.519068	-0.709578	-0.852602	-0.929645	-0.941177	-0.912137	-0.834613	-0.721598	-0.601966	-0.503197	-0.424974	-0.368281	-0.337181	-0.32235	-0.333321	
-0.0294753	0.061365	0.137033	0.188573	0.22032	0.207429	0.154148	0.050143	-0.101791	-0.294051	-0.5012	-0.69301	-0.833102	-0.905646	-0.916387	-0.881455	-0.808267	-0.707611	-0.596229	-0.4941	-0.40727	-0.350004	-0.331257	-0.336584	-0.359721	
-0.138716	-0.0319387	0.071026	0.145646	0.18977	0.198018	0.163219	0.0740359	-0.0719002	-0.258854	-0.469827	-0.661369	-0.799614	-0.866491	-0.876598	-0.8465	-0.788371	-0.704417	-0.596949	-0.487488	-0.399382	-0.343419	-0.323837	-0.339768	-0.369921	
-0.199877	-0.081148	0.0402935	0.132125	0.179049	0.200882	0.179317	0.0945586	-0.0411321	-0.227705	-0.442399	-0.631079	-0.766324	-0.837634	-0.846658	-0.821527	-0.770894	-0.691488	-0.595334	-0.485768	-0.390791	-0.330378	-0.315394	-0.334549	-0.371559	
-0.209524	-0.0888493	0.036608	0.131162	0.178328	0.202488	0.183393	0.0998697	-0.0343902	-0.220863	-0.436718	-0.624201	-0.758295	-0.832157	-0.842467	-0.816706	-0.765572	-0.688367	-0.595095	-0.485976	-0.389224	-0.327474	-0.312172	-0.333443	-0.373574	
-0.169619	-0.0569237	0.0551516	0.137882	0.183658	0.198959	0.170026	0.0829346	-0.0580283	-0.245673	-0.457522	-0.647228	-0.785163	-0.852388	-0.861721	-0.834792	-0.780542	-0.699425	-0.596816	-0.485952	-0.39588	-0.338309	-0.319753	-0.337949	-0.370941	
-0.0781642	0.0188119	0.105276	0.166385	0.204035	0.200558	0.155956	0.0594127	-0.0908736	-0.279892	-0.489375	-0.68169	-0.821037	-0.890494	-0.901581	-0.867088	-0.799664	-0.706727	-0.595916	-0.490737	-0.404051	-0.347956	-0.329319	-0.339436	-0.364971	
0.0545202	0.1378	0.196894	0.234831	0.253128	0.22632	0.157842	0.0395974	-0.115983	-0.310023	-0.514122	-0.705372	-0.846597	-0.92292	-0.933615	-0.901159	-0.824103	-0.713675	-0.597638	-0.499406	-0.415731	-0.35723	-0.334548	-0.328745	-0.345551	
0.214962	0.284686	0.317375	0.33032	0.317955	0.26775	0.170055	0.0304009	-0.131843	-0.32195	-0.520732	-0.707717	-0.853901	-0.933499	-0.950324	-0.925652	-0.849339	-0.736832	-0.617541	-0.519165	-0.448149	-0.391032	-0.345563	-0.315875	-0.316181	
0.385842	0.439416	0.448188	0.427239	0.377071	0.298567	0.172903	0.0210644	-0.142474	-0.318397	-0.505608	-0.681895	-0.829523	-0.919457	-0.957358	-0.942969	-0.873106	-0.770581	-0.665466	-0.574794	-0.512811	-0.454154	-0.388375	-0.332653	-0.305769	
0.55362	0.584995	0.572785	0.513797	0.42587	0.313891	0.171418	0.011983	-0.146606	-0.299883	-0.471792	-0.636232	-0.776717	-0.878778	-0.938781	-0.943096	-0.897159	-0.814825	-0.731542	-0.664437	-0.613418	-0.55125	-0.470945	-0.390398	-0.333238	
0.699346	0.712293	0.676639	0.588108	0.465557	0.325281	0.177053	0.0140421	-0.130259	-0.266567	-0.418648	-0.571183	-0.706788	-0.818861	-0.888456	-0.918393	-0.903985	-0.849729	-0.793966	-0.756653	-0.725136	-0.669857	-0.581463	-0.476512	-0.387602	
0.808621	0.811744	0.758479	0.652601	0.505843	0.34808	0.199848	0.0478929	-0.081709	-0.203272	-0.336424	-0.474127	-0.606257	-0.725252	-0.809835	-0.857754	-0.86985	-0.856091	-0.836605	-0.822096	-0.807481	-0.766611	-0.682691	-0.566788	-0.461369	
0.863439	0.8635	0.806401	0.691787	0.537447	0.378758	0.231943	0.1024	-0.00728624	-0.115073	-0.225986	-0.348234	-0.474169	-0.590972	-0.689713	-0.762734	-0.805891	-0.827415	-0.841371	-0.854553	-0.851319	-0.817416	-0.747964	-0.638381	-0.527132	
0.864728	0.86181	0.803848	0.686303	0.538158	0.390608	0.262091	0.162718	0.0828062	0.00104661	-0.0870456	-0.191497	-0.308556	-0.42132	-0.526701	-0.624745	-0.707281	-0.765792	-0.809915	-0.850054	-0.862099	-0.837126	-0.778749	-0.684755	-0.581965	
0.821473	0.819157	0.756999	0.642697	0.504573	0.375102	0.273642	0.209384	0.169758	0.126331	0.0693069	-0.00486586	-0.104157	-0.216704	-0.33028	-0.452416	-0.573215	-0.676788	-0.754609	-0.810796	-0.84271	-0.841578	-0.802367	-0.733606	-0.654637	
0.757985	0.74177	0.672482	0.560866	0.43699	0.331081	0.263657	0.23797	0.241802	0.244102	0.21951	0.173775	0.100746	0.00536219	-0.117751	-0.260013	-0.408243	-0.553183	-0.67409	-0.757386	-0.817692	-0.845984	-0.838699	-0.800211	-0.749115	
0.689847	0.650094	0.571016	0.464075	0.352715	0.272211	0.236534	0.243418	0.287513	0.332246	0.344654	0.3281	0.283903	0.215237	0.0984386	-0.0579617	-0.228478	-0.400623	-0.560857	-0.690641	-0.787748	-0.84893	-0.882633	-0.878188	-0.846484	
0.635158	0.575767	0.482998	0.379326	0.2802	0.209935	0.197435	0.228449	0.299134	0.379173	0.430477	0.448775	0.440735	0.397549	0.298257	0.145974	-0.0452742	-0.242652	-0.431325	-0.600564	-0.739877	-0.837238	-0.902603	-0.929329	-0.925827	
0.609657	0.53172	0.422431	0.312835	0.216499	0.149714	0.138667	0.184511	0.275535	0.379636	0.463163	0.518811	0.549833	0.533271	0.455316	0.315358	0.123101	-0.0880904	-0.29734	-0.494267	-0.665881	-0.793613	-0.880597	-0.934159	-0.958412	
0.621017	0.526562	0.398621	0.270407	0.164008	0.0908889	0.0725251	0.117876	0.223933	0.346604	0.453179	0.537763	0.597719	0.606302	0.550443	0.429396	0.255582	0.0480914	-0.17389	-0.387181	-0.569774	-0.716642	-0.821021	-0.888498	-0.931006	
0.641011	0.532071	0.385276	0.234278	0.106397	0.0242344	-0.00391904	0.0344511	0.144006	0.279036	0.401867	0.507984	0.586329	0.614303	0.58102	0.484325	0.331735	0.145803	-0.062162	-0.275842	-0.45963	-0.607265	-0.720007	-0.797783	-0.855341	
0.645248	0.517058	0.350576	0.174321	0.0270245	-0.0633107	-0.0934789	-0.0537826	0.0560663	0.194672	0.326213	0.435672	0.520217	0.563405	0.553005	0.489229	0.37192	0.217118	0.0371303	-0.162024	-0.339547	-0.478957	-0.59208	-0.671829	-0.72757	
0.613827	0.469665	0.293062	0.107125	-0.0516923	-0.144362	-0.174733	-0.137802	-0.0370056	0.096276	0.225005	0.335685	0.419864	0.47797	0.494325	0.466305	0.386855	0.262091	0.109333	-0.0607782	-0.218128	-0.346547	-0.448943	-0.519814	-0.564883	
