1.64401	1.57022	1.42003	1.22324	1.00238	0.772646	0.54638	0.345839	0.189723	0.104548	0.0785414	0.0842337	0.114835	0.155701	0.183599	0.175859	0.136007	0.0771268	0.0139115	-0.028381	-0.0486506	-0.0559283	-0.0582686	-0.0731995	-0.0955317	
1.57022	1.5377	1.42648	1.25993	1.06747	0.862236	0.656659	0.468752	0.317259	0.231649	0.197862	0.200722	0.234188	0.275633	0.306689	0.306053	0.264578	0.192773	0.118102	0.060564	0.0157891	-0.00871393	-0.0170475	-0.0385131	-0.0711844	
1.42003	1.42648	1.35065	1.21775	1.0549	0.874072	0.693035	0.521873	0.380249	0.298485	0.270648	0.28878	0.332188	0.38068	0.424248	0.437591	0.40627	0.336451	0.254442	0.178214	0.110052	0.0684648	0.0477545	0.0148356	-0.0293653	
1.22324	1.25993	1.21775	1.11454	0.97254	0.81295	0.655222	0.498158	0.36883	0.298348	0.281514	0.312853	0.370221	0.438715	0.508118	0.550999	0.543071	0.48382	0.405338	0.322215	0.236475	0.175905	0.139176	0.0940108	0.037275	
1.00238	1.06747	1.0549	0.97254	0.847055	0.706595	0.560938	0.414074	0.299048	0.22992	0.214033	0.259068	0.337463	0.432501	0.532095	0.609602	0.637246	0.610621	0.55376	0.472919	0.380224	0.309759	0.25853	0.200599	0.13245	
0.772646	0.862236	0.874072	0.81295	0.706595	0.576426	0.437725	0.301924	0.186048	0.106388	0.0916278	0.144712	0.234303	0.347285	0.474652	0.593792	0.668851	0.686498	0.66285	0.60281	0.524027	0.45413	0.39294	0.329722	0.257542	
0.54638	0.656659	0.693035	0.655222	0.560938	0.437725	0.306446	0.169965	0.0499629	-0.0344916	-0.0569741	-0.0142986	0.0725493	0.197675	0.349227	0.500005	0.617058	0.687714	0.710554	0.685124	0.635542	0.581275	0.524899	0.468902	0.4027	
0.345839	0.468752	0.521873	0.498158	0.414074	0.301924	0.169965	0.0373472	-0.0803037	-0.179387	-0.221526	-0.197843	-0.116886	0.0132613	0.169736	0.337147	0.494338	0.614477	0.67893	0.696456	0.691974	0.666711	0.627904	0.5933	0.549487	
0.189723	0.317259	0.380249	0.36883	0.299048	0.186048	0.0499629	-0.0803037	-0.213375	-0.329124	-0.386715	-0.382151	-0.312558	-0.193715	-0.0425159	0.135989	0.317872	0.472272	0.577101	0.641287	0.680131	0.687089	0.679485	0.681206	0.674857	
0.104548	0.231649	0.298485	0.298348	0.22992	0.106388	-0.0344916	-0.179387	-0.329124	-0.452944	-0.533215	-0.559627	-0.515753	-0.412969	-0.267283	-0.0896393	0.105942	0.28867	0.425364	0.526183	0.60245	0.645023	0.675017	0.716419	0.755897	
0.0785414	0.197862	0.270648	0.281514	0.214033	0.0916278	-0.0569741	-0.221526	-0.386715	-0.533215	-0.654943	-0.722758	-0.706948	-0.624271	-0.497143	-0.327958	-0.12595	0.0706316	0.234979	0.374059	0.481868	0.554893	0.620797	0.69978	0.786808	
0.0842337	0.200722	0.28878	0.312853	0.259068	0.144712	-0.0142986	-0.197843	-0.382151	-0.559627	-0.722758	-0.826194	-0.850461	-0.814639	-0.720134	-0.567849	-0.375852	-0.170768	0.0257035	0.195984	0.327642	0.435229	0.53991	0.651117	0.778075	
0.114835	0.234188	0.332188	0.370221	0.337463	0.234303	0.0725493	-0.116886	-0.312558	-0.515753	-0.706948	-0.850461	-0.940151	-0.961344	-0.902421	-0.783174	-0.617645	-0.416814	-0.204178	-0.00992589	0.154401	0.305346	0.449433	0.590259	0.749918	
0.155701	0.275633	0.38068	0.438715	0.432501	0.347285	0.197675	0.0132613	-0.193715	-0.412969	-0.624271	-0.814639	-0.961344	-1.02636	-1.01379	-0.947453	-0.826955	-0.649425	-0.433755	-0.221143	-0.0264975	0.16728	0.354904	0.530717	0.719437	
0.183599	0.306689	0.424248	0.508118	0.532095	0.474652	0.349227	0.169736	-0.0425159	-0.267283	-0.497143	-0.720134	-0.902421	-1.01379	-1.06149	-1.05186	-0.974271	-0.825005	-0.627476	-0.418149	-0.199222	0.0348601	0.261058	0.471545	0.686953	
0.175859	0.306053	0.437591	0.550999	0.609602	0.593792	0.500005	0.337147	0.135989	-0.0896393	-0.327958	-0.567849	-0.783174	-0.947453	-1.05186	-1.08286	-1.0395	-0.932656	-0.77197	-0.566196	-0.32474	-0.072413	0.171704	0.409878	0.641839	
0.136007	0.264578	0.40627	0.543071	0.637246	0.668851	0.617058	0.494338	0.317872	0.105942	-0.12595	-0.375852	-0.617645	-0.826955	-0.974271	-1.0395	-1.04038	-0.979784	-0.84334	-0.636376	-0.391152	-0.142845	0.105161	0.350883	0.570292	
0.0771268	0.192773	0.336451	0.48382	0.610621	0.686498	0.687714	0.614477	0.472272	0.28867	0.0706316	-0.170768	-0.416814	-0.649425	-0.825005	-0.932656	-0.979784	-0.949504	-0.833403	-0.640782	-0.405947	-0.166739	0.0700547	0.291395	0.468456	
0.0139115	0.118102	0.254442	0.405338	0.55376	0.66285	0.710554	0.67893	0.577101	0.425364	0.234979	0.0257035	-0.204178	-0.433755	-0.627476	-0.77197	-0.84334	-0.833403	-0.746643	-0.583177	-0.37556	-0.160308	0.0472289	0.22251	0.342872	
-0.028381	0.060564	0.178214	0.322215	0.472919	0.60281	0.685124	0.696456	0.641287	0.526183	0.374059	0.195984	-0.00992589	-0.221143	-0.418149	-0.566196	-0.636376	-0.640782	-0.583177	-0.467238	-0.313692	-0.13984	0.0200503	0.131699	0.193805	
-0.0486506	0.0157891	0.110052	0.236475	0.380224	0.524027	0.635542	0.691974	0.680131	0.60245	0.481868	0.327642	0.154401	-0.0264975	-0.199222	-0.32474	-0.391152	-0.405947	-0.37556	-0.313692	-0.218347	-0.10495	-0.0234977	0.0135861	0.0285543	
-0.0559283	-0.00871393	0.0684648	0.175905	0.309759	0.45413	0.581275	0.666711	0.687089	0.645023	0.554893	0.435229	0.305346	0.16728	0.0348601	-0.072413	-0.142845	-0.166739	-0.160308	-0.13984	-0.10495	-0.0794476	-0.0845172	-0.105359	-0.130928	
-0.0582686	-0.0170475	0.0477545	0.139176	0.25853	0.39294	0.524899	0.627904	0.679485	0.675017	0.620797	0.53991	0.449433	0.354904	0.261058	0.171704	0.105161	0.0700547	0.0472289	0.0200503	-0.0234977	-0.0845172	-0.14459	-0.203413	-0.275374	
-0.0731995	-0.0385131	0.0148356	0.0940108	0.200599	0.329722	0.468902	0.5933	0.681206	0.716419	0.69978	0.651117	0.590259	0.530717	0.471545	0.409878	0.350883	0.291395	0.22251	0.131699	0.0135861	-0.105359	-0.203413	-0.299968	-0.412913	
-0.0955317	-0.0711844	-0.0293653	0.037275	0.13245	0.257542	0.4027	0.549487	0.674857	0.755897	0.786808	0.778075	0.749918	0.719437	0.686953	0.641839	0.570292	0.468456	0.342872	0.193805	0.0285543	-0.130928	-0.275374	-0.412913	-0.556305	
-0.108421	-0.0937187	-0.063631	-0.0119357	0.0683487	0.181224	0.322831	0.482514	0.639313	0.770598	0.862153	0.911899	0.931706	0.934056	0.917651	0.864794	0.757229	0.599085	0.411513	0.21518	0.0222057	-0.168338	-0.357416	-0.538648	-0.715904	
-0.108741	-0.099628	-0.079297	-0.0418301	0.0206996	0.114321	0.24254	0.401991	0.579572	0.756912	0.913319	1.03395	1.11427	1.15287	1.14238	1.06729	0.917572	0.703793	0.457823	0.216605	-0.00702314	-0.227978	-0.455677	-0.678769	-0.879318	
-0.0984981	-0.093091	-0.0813689	-0.0575234	-0.0137291	0.0591845	0.170496	0.32425	0.516765	0.733758	0.950391	1.13869	1.27391	1.33843	1.32268	1.22358	1.04457	0.799437	0.517206	0.230705	-0.0459391	-0.317143	-0.583392	-0.825876	-1.01572	
-0.0967116	-0.0939778	-0.0870168	-0.0705912	-0.0370013	0.0245563	0.125745	0.275835	0.477196	0.718905	0.975256	1.20918	1.38102	1.46195	1.44244	1.33021	1.14042	0.887999	0.587521	0.255327	-0.0877701	-0.41712	-0.70973	-0.945809	-1.11257	
-0.113721	-0.110176	-0.10061	-0.0808206	-0.0442502	0.0185332	0.118465	0.266112	0.466437	0.71229	0.980712	1.23324	1.425	1.521	1.50854	1.39709	1.20642	0.951012	0.634935	0.266501	-0.12316	-0.486098	-0.785195	-1.01117	-1.17147	
-0.119009	-0.114782	-0.103997	-0.0826248	-0.0444745	0.0192311	0.119391	0.266445	0.465721	0.711281	0.98061	1.23541	1.43067	1.52998	1.51956	1.40942	1.21965	0.963298	0.64263	0.26667	-0.130459	-0.497801	-0.797121	-1.02171	-1.18242	
-0.102223	-0.0994767	-0.092178	-0.075464	-0.0417451	0.0190356	0.118934	0.268123	0.469903	0.715567	0.979889	1.22394	1.40572	1.49307	1.47484	1.36148	1.17142	0.918155	0.610295	0.261063	-0.103661	-0.449658	-0.747385	-0.979334	-1.14103	
-0.095539	-0.0916875	-0.0826038	-0.0630815	-0.0248254	0.0421716	0.148162	0.300374	0.497425	0.726309	0.962213	1.17207	1.32412	1.39633	1.37848	1.27174	1.08555	0.835619	0.54561	0.241016	-0.0622792	-0.357895	-0.637404	-0.879495	-1.05877	
-0.105152	-0.0976297	-0.0806904	-0.0487156	0.00578075	0.0910312	0.212121	0.369101	0.553541	0.747449	0.929041	1.07866	1.18227	1.23252	1.22156	1.13689	0.972643	0.742107	0.479026	0.220277	-0.0220078	-0.26065	-0.503783	-0.738228	-0.938501	
-0.110051	-0.097851	-0.0721903	-0.0259316	0.0472204	0.152767	0.290353	0.450716	0.617181	0.768193	0.885258	0.962859	1.00659	1.02293	1.00951	0.949161	0.825154	0.643412	0.430525	0.216153	0.0126107	-0.188998	-0.393434	-0.592608	-0.782935	
-0.102513	-0.0821665	-0.0455893	0.0150968	0.105386	0.226215	0.371946	0.525856	0.664225	0.765817	0.819637	0.8313	0.820816	0.803381	0.778286	0.732068	0.648105	0.525349	0.375419	0.2066	0.0294082	-0.143767	-0.307502	-0.461887	-0.618236	
-0.0823511	-0.051575	-0.00221128	0.0714611	0.174215	0.302201	0.443731	0.578461	0.681155	0.733416	0.734956	0.700046	0.650564	0.603257	0.556575	0.50421	0.442597	0.367886	0.277585	0.16208	0.0217683	-0.114702	-0.230804	-0.343418	-0.468417	
-0.0619786	-0.0234589	0.0374902	0.123687	0.236786	0.369125	0.502478	0.613032	0.679314	0.689564	0.650404	0.58375	0.505795	0.425939	0.345831	0.26727	0.205188	0.162274	0.123031	0.0711862	-0.00520227	-0.0925199	-0.167067	-0.240301	-0.33037	
-0.0563297	-0.0124145	0.0587492	0.160294	0.287811	0.428883	0.559348	0.651391	0.684479	0.657297	0.580303	0.476622	0.363764	0.244258	0.127679	0.0257904	-0.0440279	-0.0710927	-0.0751219	-0.0717769	-0.0669562	-0.0787048	-0.109259	-0.146257	-0.19037	
-0.0533809	0.00339005	0.0891188	0.207867	0.348763	0.493755	0.614299	0.684716	0.686472	0.623705	0.514643	0.372534	0.215191	0.0499424	-0.106286	-0.223234	-0.291426	-0.309727	-0.289444	-0.245496	-0.172349	-0.0915136	-0.0468575	-0.0363349	-0.0374748	
-0.0386423	0.0409723	0.14981	0.286902	0.435923	0.572262	0.66655	0.696827	0.659616	0.559623	0.421173	0.253262	0.0598979	-0.141751	-0.332894	-0.472719	-0.540607	-0.54952	-0.502922	-0.409608	-0.279755	-0.126557	0.00522215	0.0862561	0.127825	
-0.0057407	0.0930596	0.223351	0.373133	0.524011	0.642796	0.705327	0.690031	0.606475	0.469099	0.293538	0.0972251	-0.123113	-0.345865	-0.544014	-0.694787	-0.767663	-0.764314	-0.689442	-0.542667	-0.354564	-0.154267	0.037366	0.189673	0.286179	
0.0505478	0.161666	0.303221	0.452888	0.590731	0.681046	0.70266	0.647322	0.520274	0.349461	0.141228	-0.0895153	-0.332054	-0.566554	-0.749923	-0.874215	-0.93424	-0.912787	-0.808112	-0.6256	-0.398526	-0.166766	0.0600673	0.265591	0.421603	
0.114172	0.23782	0.382047	0.523609	0.63191	0.682584	0.650807	0.548574	0.384831	0.18252	-0.0448874	-0.294021	-0.539883	-0.762238	-0.923027	-1.00394	-1.02431	-0.977801	-0.848579	-0.645489	-0.403217	-0.157539	0.0880194	0.327349	0.532936	
0.163527	0.294223	0.43082	0.555506	0.6274	0.630968	0.55214	0.402447	0.21021	-0.012195	-0.249324	-0.495228	-0.722893	-0.905599	-1.02892	-1.07351	-1.04645	-0.959867	-0.81105	-0.60365	-0.357892	-0.105449	0.141704	0.385912	0.616497	
0.184701	0.311454	0.433984	0.530239	0.567722	0.525081	0.41164	0.236017	0.0262659	-0.199933	-0.434279	-0.664489	-0.861071	-0.993824	-1.06488	-1.07347	-1.00944	-0.875338	-0.692621	-0.486032	-0.256725	-0.0115503	0.224442	0.447257	0.671097	
0.170087	0.290289	0.399901	0.46695	0.472488	0.397144	0.25625	0.0737389	-0.136305	-0.358748	-0.578892	-0.784309	-0.946165	-1.02889	-1.03981	-0.997329	-0.895646	-0.728517	-0.516226	-0.302524	-0.0984959	0.112077	0.316985	0.507495	0.707476	
0.13126	0.250943	0.351367	0.397222	0.373896	0.276798	0.118438	-0.0698839	-0.269852	-0.480143	-0.679645	-0.842917	-0.958753	-0.998175	-0.955425	-0.855486	-0.706571	-0.514184	-0.298983	-0.0946058	0.0834892	0.250973	0.411283	0.5656	0.737823	
0.093211	0.211654	0.30423	0.3337	0.288545	0.177596	0.0162399	-0.171653	-0.361805	-0.551025	-0.7272	-0.844376	-0.892836	-0.88104	-0.800073	-0.658771	-0.475157	-0.268875	-0.0641279	0.115544	0.259728	0.384672	0.504754	0.627037	0.767666	
0.0780921	0.194636	0.273664	0.288838	0.225403	0.106024	-0.0469306	-0.2194	-0.392289	-0.550565	-0.690767	-0.774432	-0.771053	-0.703367	-0.588348	-0.424674	-0.225203	-0.0245953	0.153876	0.306755	0.423209	0.508655	0.590569	0.683536	0.787108	
