-0.256963	-0.230651	-0.167259	-0.0841107	-0.00881765	0.0252905	0.0208238	-0.0100681	-0.0545808	-0.110463	-0.16849	-0.212644	-0.239079	-0.250261	-0.252406	-0.254367	-0.252598	-0.248114	-0.247549	-0.242246	-0.248118	-0.276465	-0.313161	-0.344303	-0.360514	
-0.230651	-0.172675	-0.0765304	0.037176	0.135813	0.185553	0.193846	0.162444	0.100958	0.0285942	-0.0416754	-0.101551	-0.134937	-0.147759	-0.153025	-0.151485	-0.138481	-0.126134	-0.115468	-0.100535	-0.09725	-0.127724	-0.176844	-0.22193	-0.248092	
-0.167259	-0.0765304	0.047903	0.1764	0.286196	0.355768	0.376674	0.338105	0.260142	0.17263	0.0830353	0.00158514	-0.0511668	-0.0748181	-0.0761464	-0.0595195	-0.0326539	-0.00949247	0.0118958	0.0358175	0.0449293	0.011748	-0.0506891	-0.111027	-0.145589	
-0.0841107	0.037176	0.1764	0.312366	0.434975	0.516953	0.543214	0.503381	0.414531	0.309282	0.196215	0.0885602	0.0116667	-0.0253267	-0.0190447	0.0119422	0.0541059	0.0898001	0.122019	0.150684	0.155898	0.120681	0.0510114	-0.0229463	-0.0709261	
-0.00881765	0.135813	0.286196	0.434975	0.564665	0.648321	0.673738	0.632333	0.542715	0.431062	0.295941	0.162556	0.0632703	0.0149597	0.0225971	0.0584302	0.105256	0.155148	0.197326	0.224156	0.227777	0.190103	0.123908	0.0461327	-0.0110351	
0.0252905	0.185553	0.355768	0.516953	0.648321	0.725198	0.74648	0.709887	0.622967	0.506453	0.361296	0.220767	0.110454	0.0487501	0.0469006	0.0759254	0.120939	0.175403	0.224711	0.255349	0.26334	0.234322	0.178926	0.110426	0.0444132	
0.0208238	0.193846	0.376674	0.543214	0.673738	0.74648	0.762835	0.731147	0.653297	0.534565	0.391108	0.248531	0.133206	0.062628	0.0399518	0.0583237	0.0994116	0.154875	0.213265	0.2613	0.279131	0.266794	0.233302	0.173688	0.104177	
-0.0100681	0.162444	0.338105	0.503381	0.632333	0.709887	0.731147	0.70271	0.633629	0.519738	0.38122	0.242783	0.125719	0.0463703	0.0105878	0.0176883	0.0553682	0.111629	0.180587	0.249836	0.290618	0.301973	0.285328	0.235671	0.165379	
-0.0545808	0.100958	0.260142	0.414531	0.542715	0.622967	0.653297	0.633629	0.570982	0.471299	0.342406	0.212022	0.0919126	0.00607822	-0.031081	-0.0229335	0.0126829	0.0701104	0.147064	0.229936	0.292297	0.330145	0.333834	0.298078	0.227639	
-0.110463	0.0285942	0.17263	0.309282	0.431062	0.506453	0.534565	0.519738	0.471299	0.390009	0.277582	0.153433	0.0426736	-0.0378753	-0.0765838	-0.0674205	-0.0283113	0.0351216	0.119856	0.211518	0.29833	0.359483	0.377673	0.350961	0.281967	
-0.16849	-0.0416754	0.0830353	0.196215	0.295941	0.361296	0.391108	0.38122	0.342406	0.277582	0.188242	0.0779324	-0.0268625	-0.104467	-0.13843	-0.122691	-0.0740006	0.00253276	0.102732	0.207554	0.31074	0.389106	0.420131	0.396843	0.323755	
-0.212644	-0.101551	0.00158514	0.0885602	0.162556	0.220767	0.248531	0.242783	0.212022	0.153433	0.0779324	-0.0170858	-0.116407	-0.188326	-0.212994	-0.189758	-0.122985	-0.0233685	0.091435	0.215341	0.330602	0.417255	0.457369	0.436992	0.360116	
-0.239079	-0.134937	-0.0511668	0.0116667	0.0632703	0.110454	0.133206	0.125719	0.0919126	0.0426736	-0.0268625	-0.116407	-0.208193	-0.276822	-0.289791	-0.253829	-0.172806	-0.0570268	0.0761396	0.215703	0.339848	0.433484	0.480356	0.467297	0.392557	
-0.250261	-0.147759	-0.0748181	-0.0253267	0.0149597	0.0487501	0.062628	0.0463703	0.00607822	-0.0378753	-0.104467	-0.188326	-0.276822	-0.335575	-0.343705	-0.302826	-0.221283	-0.105327	0.0394691	0.186222	0.319783	0.419798	0.476036	0.471807	0.406233	
-0.252406	-0.153025	-0.0761464	-0.0190447	0.0225971	0.0469006	0.0399518	0.0105878	-0.031081	-0.0765838	-0.13843	-0.212994	-0.289791	-0.343705	-0.356616	-0.323999	-0.252092	-0.15595	-0.0210716	0.125837	0.257629	0.36395	0.431796	0.433113	0.369126	
-0.254367	-0.151485	-0.0595195	0.0119422	0.0584302	0.0759254	0.0583237	0.0176883	-0.0229335	-0.0674205	-0.122691	-0.189758	-0.253829	-0.302826	-0.323999	-0.306415	-0.262412	-0.198128	-0.0959965	0.0330788	0.152248	0.258882	0.32905	0.333564	0.277221	
-0.252598	-0.138481	-0.0326539	0.0541059	0.105256	0.120939	0.0994116	0.0553682	0.0126829	-0.0283113	-0.0740006	-0.122985	-0.172806	-0.221283	-0.252092	-0.262412	-0.253153	-0.225454	-0.164136	-0.0716061	0.0260726	0.119371	0.175606	0.180699	0.12937	
-0.248114	-0.126134	-0.00949247	0.0898001	0.155148	0.175403	0.154875	0.111629	0.0701104	0.0351216	0.00253276	-0.0233685	-0.0570268	-0.105327	-0.15595	-0.198128	-0.225454	-0.241005	-0.221496	-0.165793	-0.102546	-0.0408357	-0.00432467	-0.00916999	-0.0598486	
-0.247549	-0.115468	0.0118958	0.122019	0.197326	0.224711	0.213265	0.180587	0.147064	0.119856	0.102732	0.091435	0.0761396	0.0394691	-0.0210716	-0.0959965	-0.164136	-0.221496	-0.243469	-0.234314	-0.214998	-0.19536	-0.189697	-0.217151	-0.273659	
-0.242246	-0.100535	0.0358175	0.150684	0.224156	0.255349	0.2613	0.249836	0.229936	0.211518	0.207554	0.215341	0.215703	0.186222	0.125837	0.0330788	-0.0716061	-0.165793	-0.234314	-0.283392	-0.313396	-0.337299	-0.365523	-0.415269	-0.483325	
-0.248118	-0.09725	0.0449293	0.155898	0.227777	0.26334	0.279131	0.290618	0.292297	0.29833	0.31074	0.330602	0.339848	0.319783	0.257629	0.152248	0.0260726	-0.102546	-0.214998	-0.313396	-0.394595	-0.458127	-0.518893	-0.593672	-0.679026	
-0.276465	-0.127724	0.011748	0.120681	0.190103	0.234322	0.266794	0.301973	0.330145	0.359483	0.389106	0.417255	0.433484	0.419798	0.36395	0.258882	0.119371	-0.0408357	-0.19536	-0.337299	-0.458127	-0.555349	-0.645267	-0.746188	-0.848979	
-0.313161	-0.176844	-0.0506891	0.0510114	0.123908	0.178926	0.233302	0.285328	0.333834	0.377673	0.420131	0.457369	0.480356	0.476036	0.431796	0.32905	0.175606	-0.00432467	-0.189697	-0.365523	-0.518893	-0.645267	-0.76277	-0.87522	-0.975425	
-0.344303	-0.22193	-0.111027	-0.0229463	0.0461327	0.110426	0.173688	0.235671	0.298078	0.350961	0.396843	0.436992	0.467297	0.471807	0.433113	0.333564	0.180699	-0.00916999	-0.217151	-0.415269	-0.593672	-0.746188	-0.87522	-0.972691	-1.04919	
-0.360514	-0.248092	-0.145589	-0.0709261	-0.0110351	0.0444132	0.104177	0.165379	0.227639	0.281967	0.323755	0.360116	0.392557	0.406233	0.369126	0.277221	0.12937	-0.0598486	-0.273659	-0.483325	-0.679026	-0.848979	-0.975425	-1.04919	-1.08129	
-0.34251	-0.236318	-0.145142	-0.0786536	-0.0344968	0.0015242	0.039266	0.0840452	0.129918	0.172945	0.21278	0.249618	0.278719	0.286169	0.25004	0.166383	0.0359284	-0.135182	-0.340167	-0.5616	-0.769343	-0.946028	-1.06031	-1.10182	-1.08942	
-0.27752	-0.188789	-0.109003	-0.0552512	-0.0300603	-0.0214934	-0.0179114	-0.00678376	0.0151995	0.0403411	0.0710689	0.100708	0.127063	0.134623	0.106374	0.039931	-0.0667502	-0.221113	-0.422686	-0.648037	-0.857667	-1.02566	-1.11967	-1.12484	-1.07304	
-0.181588	-0.109887	-0.0451565	-0.0103704	-0.012957	-0.0408258	-0.0744962	-0.0937939	-0.100942	-0.0989989	-0.085692	-0.0684898	-0.0447513	-0.027187	-0.0362371	-0.0801807	-0.168638	-0.312539	-0.510722	-0.73438	-0.936212	-1.0811	-1.1453	-1.11945	-1.03567	
-0.0887475	-0.0277488	0.0186763	0.0311804	-0.00265189	-0.0656681	-0.125751	-0.16654	-0.198802	-0.225014	-0.23083	-0.215358	-0.190258	-0.162339	-0.152853	-0.179144	-0.260601	-0.392654	-0.581669	-0.799225	-0.984861	-1.10771	-1.14821	-1.10592	-0.997609	
-0.027523	0.0259675	0.0634423	0.0594257	0.00434612	-0.0792645	-0.15455	-0.209244	-0.25609	-0.299621	-0.32184	-0.314766	-0.284676	-0.241748	-0.214837	-0.232033	-0.31165	-0.44034	-0.623953	-0.828359	-1.00169	-1.10954	-1.14185	-1.09318	-0.979102	
-0.0167573	0.0346902	0.0711248	0.0653631	0.00502026	-0.0814993	-0.16063	-0.217445	-0.264434	-0.313034	-0.338897	-0.333262	-0.300775	-0.254223	-0.224699	-0.24096	-0.317806	-0.446214	-0.631033	-0.833659	-1.00244	-1.10817	-1.13987	-1.0895	-0.977502	
-0.0588459	-0.00149042	0.0405702	0.044521	0.000926788	-0.0729204	-0.140007	-0.187498	-0.22729	-0.261878	-0.274837	-0.262735	-0.236057	-0.201462	-0.184572	-0.206055	-0.287799	-0.41765	-0.602858	-0.814012	-0.994956	-1.11074	-1.14654	-1.10074	-0.987104	
-0.142956	-0.0753282	-0.0186435	0.00750682	-0.00886266	-0.0506881	-0.0967819	-0.125013	-0.143464	-0.15353	-0.148167	-0.13137	-0.107774	-0.0868334	-0.087614	-0.123706	-0.20775	-0.346177	-0.541747	-0.765158	-0.960001	-1.09526	-1.14794	-1.11403	-1.01919	
-0.241035	-0.160382	-0.0856371	-0.0383129	-0.0228847	-0.0286004	-0.040467	-0.0429509	-0.0316495	-0.0146146	0.00894753	0.0329464	0.0580179	0.069646	0.0479597	-0.00947653	-0.107989	-0.258088	-0.458881	-0.683286	-0.890885	-1.05123	-1.13394	-1.12564	-1.05968	
-0.321925	-0.221567	-0.13473	-0.0726246	-0.0354677	-0.00947775	0.0157242	0.0480849	0.0849921	0.121302	0.159654	0.19507	0.222571	0.22793	0.193488	0.115579	-0.00467337	-0.168045	-0.371196	-0.595397	-0.80589	-0.980437	-1.08771	-1.11461	-1.08597	
-0.359222	-0.247713	-0.149602	-0.0783587	-0.0246266	0.0240146	0.0774799	0.134505	0.191404	0.242514	0.282942	0.319654	0.351111	0.36381	0.327446	0.237808	0.0952413	-0.0879707	-0.299042	-0.514021	-0.714847	-0.888915	-1.01139	-1.07367	-1.08692	
-0.353563	-0.235803	-0.12868	-0.046602	0.0197686	0.0818111	0.145936	0.209215	0.273528	0.329192	0.372963	0.411598	0.443854	0.452347	0.414973	0.318077	0.165997	-0.0253802	-0.237544	-0.440009	-0.627123	-0.787769	-0.917249	-1.00595	-1.06582	
-0.32674	-0.196319	-0.0768416	0.0199692	0.0921714	0.152563	0.212668	0.268696	0.324337	0.371218	0.416702	0.45701	0.483112	0.482698	0.441101	0.338708	0.184459	0.000185947	-0.196117	-0.382694	-0.546184	-0.684217	-0.808325	-0.917681	-1.01127	
-0.291314	-0.145874	-0.0104317	0.0957464	0.16632	0.214744	0.256467	0.299834	0.335756	0.372897	0.40859	0.439852	0.457916	0.448196	0.397753	0.293607	0.146764	-0.0228736	-0.190392	-0.34643	-0.482039	-0.591246	-0.692632	-0.801316	-0.905406	
-0.257823	-0.105791	0.0360822	0.146872	0.216739	0.255742	0.275939	0.297334	0.310633	0.326688	0.345787	0.370391	0.383012	0.364416	0.303616	0.197062	0.0657511	-0.075726	-0.20617	-0.324027	-0.421289	-0.498892	-0.571853	-0.6576	-0.751308	
-0.241764	-0.0957846	0.0435441	0.156971	0.229826	0.262572	0.273924	0.27075	0.258	0.248447	0.250307	0.263346	0.26682	0.242212	0.180912	0.0827676	-0.0328082	-0.141113	-0.227475	-0.296929	-0.348992	-0.389642	-0.429944	-0.489069	-0.563259	
-0.246149	-0.110006	0.0220789	0.134489	0.209196	0.238884	0.234367	0.209841	0.181204	0.155227	0.144274	0.140676	0.132767	0.0994214	0.0388214	-0.0458024	-0.129214	-0.201476	-0.242216	-0.256443	-0.25577	-0.253012	-0.261885	-0.299263	-0.359751	
-0.247692	-0.121957	-0.0015725	0.102853	0.174051	0.19679	0.178239	0.138357	0.0993167	0.067928	0.040703	0.0208546	-0.00518414	-0.0495626	-0.105912	-0.162326	-0.205776	-0.23918	-0.234965	-0.196096	-0.150066	-0.104917	-0.0789229	-0.0912727	-0.143149	
-0.250483	-0.132905	-0.0226206	0.0691175	0.125314	0.142285	0.121244	0.0761444	0.032544	-0.00625181	-0.0469908	-0.0861905	-0.129433	-0.179074	-0.217112	-0.239856	-0.245077	-0.233852	-0.189847	-0.11188	-0.0262593	0.056989	0.105309	0.107347	0.0574929	
-0.25456	-0.147126	-0.0490534	0.0288997	0.0760078	0.0923521	0.0729669	0.0300542	-0.010938	-0.0548896	-0.106861	-0.167992	-0.22636	-0.273759	-0.298503	-0.292017	-0.261069	-0.210363	-0.124571	-0.00833809	0.103731	0.205758	0.272488	0.27825	0.2242	
-0.253346	-0.154147	-0.0716701	-0.00857193	0.0357959	0.0564092	0.0428663	0.00857916	-0.0329735	-0.0780451	-0.137208	-0.208644	-0.280722	-0.333573	-0.349151	-0.321156	-0.258473	-0.17472	-0.0505237	0.0920546	0.219334	0.327953	0.39795	0.400418	0.338909	
-0.251644	-0.150269	-0.0774397	-0.0272456	0.0120929	0.04188	0.0480116	0.026715	-0.0144116	-0.0592101	-0.124328	-0.204511	-0.288684	-0.34475	-0.354838	-0.315418	-0.236128	-0.125461	0.0182806	0.165574	0.300422	0.40301	0.464149	0.462789	0.398912	
-0.245327	-0.141424	-0.063153	-0.00858589	0.0365495	0.0785075	0.0988582	0.0891624	0.0517278	0.00629528	-0.0618033	-0.149892	-0.240677	-0.305374	-0.31554	-0.275971	-0.193449	-0.0757594	0.0643333	0.208175	0.336097	0.431797	0.482526	0.473403	0.401749	
-0.224863	-0.119071	-0.0236864	0.0532233	0.118109	0.171888	0.19768	0.192169	0.162194	0.105842	0.0336436	-0.0581257	-0.153748	-0.225298	-0.243949	-0.215902	-0.142261	-0.0344185	0.0869091	0.217665	0.337026	0.427021	0.469303	0.451189	0.373608	
-0.18899	-0.067073	0.0482348	0.151175	0.240059	0.303014	0.332651	0.32505	0.289364	0.228073	0.145745	0.0418118	-0.0612069	-0.136469	-0.167045	-0.149519	-0.093787	-0.00890251	0.0979834	0.210415	0.318271	0.399749	0.435827	0.413927	0.338431	
