-0.35639	-0.374738	-0.388646	-0.389174	-0.349156	-0.261114	-0.1299	0.0309903	0.203838	0.362596	0.510793	0.644707	0.745086	0.80679	0.829623	0.837646	0.825129	0.78028	0.711682	0.638849	0.569154	0.495928	0.407504	0.313502	0.234382	
-0.374738	-0.351687	-0.331753	-0.317646	-0.278212	-0.195794	-0.0671657	0.0894843	0.258634	0.423074	0.58174	0.730578	0.841333	0.914184	0.954136	0.963341	0.942987	0.881348	0.7969	0.706949	0.620066	0.531972	0.430309	0.335852	0.265556	
-0.388646	-0.331753	-0.284643	-0.252645	-0.208238	-0.132361	-0.0128255	0.132809	0.297612	0.471857	0.641144	0.802901	0.927264	1.00983	1.05574	1.06203	1.03565	0.9718	0.873582	0.759913	0.646554	0.533965	0.420406	0.327193	0.257028	
-0.389174	-0.317646	-0.252645	-0.203349	-0.145718	-0.0648473	0.0471258	0.179912	0.332931	0.499369	0.675618	0.852742	0.994836	1.08505	1.12933	1.13168	1.10033	1.02945	0.912603	0.774268	0.63541	0.496927	0.372867	0.27626	0.200208	
-0.349156	-0.278212	-0.208238	-0.145718	-0.0777408	0.00369247	0.110396	0.23208	0.364662	0.518647	0.698231	0.884538	1.03738	1.13332	1.17724	1.17426	1.12625	1.03076	0.892658	0.734207	0.574192	0.418069	0.280355	0.176447	0.0928231	
-0.261114	-0.195794	-0.132361	-0.0648473	0.00369247	0.0833629	0.179028	0.283788	0.404484	0.54884	0.718268	0.897889	1.04847	1.14942	1.19138	1.17049	1.09481	0.972559	0.812663	0.6382	0.462634	0.295507	0.155084	0.04531	-0.03848	
-0.1299	-0.0671657	-0.0128255	0.0471258	0.110396	0.179028	0.262949	0.357813	0.469406	0.596268	0.7363	0.892108	1.03039	1.12281	1.1462	1.10378	1.00471	0.867553	0.696007	0.507221	0.318469	0.145556	0.0026519	-0.104245	-0.183425	
0.0309903	0.0894843	0.132809	0.179912	0.23208	0.283788	0.357813	0.449879	0.54863	0.646785	0.754757	0.881296	0.99371	1.06005	1.05596	0.985943	0.868868	0.720679	0.545142	0.352519	0.160732	-0.0105369	-0.147544	-0.251508	-0.321614	
0.203838	0.258634	0.297612	0.332931	0.364662	0.404484	0.469406	0.54863	0.624431	0.699587	0.779457	0.868731	0.943342	0.97832	0.94706	0.853879	0.71719	0.562869	0.387341	0.200174	0.0211401	-0.137447	-0.265545	-0.364924	-0.432228	
0.362596	0.423074	0.471857	0.499369	0.518647	0.54884	0.596268	0.646785	0.699587	0.752175	0.804117	0.850932	0.882438	0.887089	0.830239	0.71523	0.570104	0.409314	0.238688	0.0702507	-0.0856574	-0.220374	-0.333251	-0.423135	-0.484023	
0.510793	0.58174	0.641144	0.675618	0.698231	0.718268	0.7363	0.754757	0.779457	0.804117	0.818792	0.822463	0.814136	0.782974	0.702582	0.572341	0.421849	0.262606	0.107973	-0.0311833	-0.155341	-0.262576	-0.347842	-0.413237	-0.46009	
0.644707	0.730578	0.802901	0.852742	0.884538	0.897889	0.892108	0.881296	0.868731	0.850932	0.822463	0.781413	0.731716	0.66565	0.567664	0.430018	0.281853	0.139161	0.011637	-0.0965733	-0.19125	-0.265986	-0.314824	-0.347988	-0.373105	
0.745086	0.841333	0.927264	0.994836	1.03738	1.04847	1.03039	0.99371	0.943342	0.882438	0.814136	0.731716	0.642527	0.547404	0.432015	0.293463	0.160312	0.0430686	-0.055688	-0.138861	-0.202287	-0.237051	-0.250185	-0.251058	-0.250927	
0.80679	0.914184	1.00983	1.08505	1.13332	1.14942	1.12281	1.06005	0.97832	0.887089	0.782974	0.66565	0.547404	0.42368	0.300677	0.174167	0.0681029	-0.0167255	-0.0879016	-0.145813	-0.177497	-0.182286	-0.170672	-0.148787	-0.124861	
0.829623	0.954136	1.05574	1.12933	1.17724	1.19138	1.1462	1.05596	0.94706	0.830239	0.702582	0.567664	0.432015	0.300677	0.183577	0.0852859	0.0120919	-0.0382086	-0.0762389	-0.105567	-0.115514	-0.103895	-0.0804634	-0.0461574	-0.0125218	
0.837646	0.963341	1.06203	1.13168	1.17426	1.17049	1.10378	0.985943	0.853879	0.71523	0.572341	0.430018	0.293463	0.174167	0.0852859	0.0247536	-0.00654587	-0.0171276	-0.0208907	-0.0283632	-0.0273056	-0.0123172	0.013136	0.0449415	0.0708637	
0.825129	0.942987	1.03565	1.10033	1.12625	1.09481	1.00471	0.868868	0.71719	0.570104	0.421849	0.281853	0.160312	0.0681029	0.0120919	-0.00654587	0.00356768	0.0273789	0.0477619	0.0557214	0.0645961	0.081877	0.10314	0.122834	0.13495	
0.78028	0.881348	0.9718	1.02945	1.03076	0.972559	0.867553	0.720679	0.562869	0.409314	0.262606	0.139161	0.0430686	-0.0167255	-0.0382086	-0.0171276	0.0273789	0.0707116	0.100847	0.117498	0.134135	0.154895	0.170575	0.178222	0.179217	
0.711682	0.7969	0.873582	0.912603	0.892658	0.812663	0.696007	0.545142	0.387341	0.238688	0.107973	0.011637	-0.055688	-0.0879016	-0.0762389	-0.0208907	0.0477619	0.100847	0.133964	0.152815	0.17855	0.204375	0.211809	0.206268	0.193652	
0.638849	0.706949	0.759913	0.774268	0.734207	0.6382	0.507221	0.352519	0.200174	0.0702507	-0.0311833	-0.0965733	-0.138861	-0.145813	-0.105567	-0.0283632	0.0557214	0.117498	0.152815	0.179748	0.215608	0.246215	0.243883	0.218813	0.187289	
0.569154	0.620066	0.646554	0.63541	0.574192	0.462634	0.318469	0.160732	0.0211401	-0.0856574	-0.155341	-0.19125	-0.202287	-0.177497	-0.115514	-0.0273056	0.0645961	0.134135	0.17855	0.215608	0.25891	0.282999	0.266237	0.22097	0.164948	
0.495928	0.531972	0.533965	0.496927	0.418069	0.295507	0.145556	-0.0105369	-0.137447	-0.220374	-0.262576	-0.265986	-0.237051	-0.182286	-0.103895	-0.0123172	0.081877	0.154895	0.204375	0.246215	0.282999	0.29318	0.259495	0.194999	0.118518	
0.407504	0.430309	0.420406	0.372867	0.280355	0.155084	0.0026519	-0.147544	-0.265545	-0.333251	-0.347842	-0.314824	-0.250185	-0.170672	-0.0804634	0.013136	0.10314	0.170575	0.211809	0.243883	0.266237	0.259495	0.214481	0.138035	0.0555417	
0.313502	0.335852	0.327193	0.27626	0.176447	0.04531	-0.104245	-0.251508	-0.364924	-0.423135	-0.413237	-0.347988	-0.251058	-0.148787	-0.0461574	0.0449415	0.122834	0.178222	0.206268	0.218813	0.22097	0.194999	0.138035	0.0665211	-0.00578153	
0.234382	0.265556	0.257028	0.200208	0.0928231	-0.03848	-0.183425	-0.321614	-0.432228	-0.484023	-0.46009	-0.373105	-0.250927	-0.124861	-0.0125218	0.0708637	0.13495	0.179217	0.193652	0.187289	0.164948	0.118518	0.0555417	-0.00578153	-0.0580174	
0.184566	0.223469	0.21028	0.144409	0.0303313	-0.10215	-0.242609	-0.374416	-0.473341	-0.512023	-0.477235	-0.379791	-0.243946	-0.106488	0.00909988	0.0887755	0.144945	0.179826	0.181674	0.156296	0.11452	0.0570805	-0.00537087	-0.0589271	-0.0979072	
0.149697	0.200338	0.181776	0.105481	-0.0111978	-0.147244	-0.290481	-0.418177	-0.499084	-0.517035	-0.470046	-0.368145	-0.231444	-0.0939561	0.0194089	0.0984843	0.149069	0.173123	0.165142	0.12517	0.0712599	0.0134544	-0.0397313	-0.0816819	-0.114321	
0.123103	0.183779	0.163094	0.0783772	-0.0444919	-0.182754	-0.32055	-0.435749	-0.500589	-0.503086	-0.452174	-0.352228	-0.222182	-0.0898742	0.0205941	0.0957014	0.139647	0.156521	0.144025	0.097981	0.0314456	-0.0272552	-0.0669182	-0.0922882	-0.114024	
0.09763	0.168722	0.151585	0.0619411	-0.0669846	-0.205432	-0.332757	-0.436298	-0.489563	-0.484112	-0.428914	-0.33402	-0.214164	-0.0902616	0.0137547	0.0845981	0.121982	0.13252	0.117609	0.0647774	-0.00330559	-0.0580665	-0.0868571	-0.095777	-0.107114	
0.0776432	0.155699	0.147824	0.061588	-0.0674765	-0.208078	-0.330984	-0.432049	-0.483065	-0.47106	-0.411308	-0.318839	-0.21073	-0.0962295	0.0047518	0.0772578	0.116619	0.121765	0.0967643	0.0392573	-0.0249828	-0.067581	-0.0912029	-0.0972866	-0.101589	
0.0721138	0.151817	0.146583	0.0628262	-0.0675652	-0.207282	-0.331029	-0.431127	-0.48262	-0.469207	-0.407713	-0.316074	-0.210421	-0.0983976	0.00223487	0.0762038	0.116606	0.120505	0.0920434	0.0330758	-0.0283728	-0.0688444	-0.0904148	-0.0976424	-0.100387	
0.0886453	0.163233	0.149513	0.0600418	-0.0687021	-0.208511	-0.332378	-0.43494	-0.485933	-0.477114	-0.419991	-0.326852	-0.211871	-0.0921819	0.0101251	0.080639	0.118668	0.126421	0.107672	0.0529377	-0.0139037	-0.0636912	-0.0904926	-0.0966235	-0.104407	
0.112823	0.177552	0.157555	0.0698182	-0.0559725	-0.193872	-0.327643	-0.43713	-0.496125	-0.495421	-0.443356	-0.345423	-0.219479	-0.0893606	0.0188336	0.09117	0.131857	0.146763	0.133933	0.0853259	0.0164292	-0.0421735	-0.0768353	-0.0943512	-0.111492	
0.138089	0.193484	0.173608	0.0940894	-0.0247765	-0.162931	-0.304901	-0.428642	-0.503168	-0.513738	-0.463672	-0.361899	-0.226704	-0.0915644	0.021549	0.099099	0.147152	0.16769	0.157517	0.114467	0.0548323	-0.00298294	-0.0505108	-0.0871391	-0.115233	
0.169893	0.21284	0.197041	0.126536	0.0119087	-0.121423	-0.263067	-0.393699	-0.484863	-0.516262	-0.476483	-0.376283	-0.239663	-0.101497	0.0138434	0.0937658	0.148356	0.178547	0.175652	0.143635	0.096798	0.0385049	-0.0214033	-0.0711093	-0.10793	
0.211114	0.245445	0.23591	0.175808	0.0651691	-0.0668989	-0.209118	-0.343912	-0.451414	-0.498756	-0.470871	-0.378608	-0.248572	-0.115971	-0.00183515	0.0791034	0.13916	0.179578	0.188614	0.175115	0.14357	0.0911412	0.0274867	-0.0301547	-0.0755685	
0.278809	0.304663	0.29609	0.24334	0.140254	0.00938302	-0.138808	-0.282952	-0.395668	-0.451459	-0.434707	-0.359848	-0.251581	-0.138847	-0.0316792	0.0558382	0.127737	0.17884	0.201884	0.206168	0.199041	0.163661	0.103743	0.0366258	-0.0275704	
0.370194	0.39037	0.380008	0.330656	0.235744	0.10771	-0.0437728	-0.193076	-0.308816	-0.371953	-0.375834	-0.328577	-0.251149	-0.162782	-0.0675681	0.0258604	0.111976	0.17517	0.210932	0.23569	0.25028	0.237287	0.186622	0.110028	0.0298022	
0.461817	0.492488	0.487821	0.444877	0.358754	0.235335	0.0833633	-0.0694997	-0.192587	-0.268456	-0.29956	-0.288395	-0.244265	-0.179305	-0.0966385	-0.00304416	0.0897278	0.161697	0.209354	0.248349	0.281095	0.284656	0.246504	0.17548	0.0939825	
0.541753	0.58647	0.602306	0.579856	0.51135	0.394133	0.247065	0.0886101	-0.0452767	-0.142064	-0.201036	-0.224594	-0.21935	-0.181935	-0.112268	-0.0226322	0.0713122	0.142803	0.190872	0.23154	0.27285	0.291493	0.267835	0.214709	0.149592	
0.610395	0.670598	0.713459	0.718137	0.669466	0.567316	0.43047	0.274588	0.126564	0.00563319	-0.0824494	-0.135949	-0.167258	-0.161653	-0.112699	-0.0293926	0.0578508	0.123168	0.16151	0.19238	0.232703	0.261942	0.254481	0.222415	0.180796	
0.682427	0.761289	0.828919	0.858853	0.8309	0.743677	0.621849	0.469564	0.312743	0.17064	0.0506633	-0.0336196	-0.0904856	-0.11374	-0.0896041	-0.0238008	0.0524887	0.108981	0.142135	0.163056	0.193019	0.221899	0.225521	0.211633	0.192737	
0.754596	0.849091	0.935582	0.986798	0.979711	0.912055	0.801874	0.65274	0.495368	0.341469	0.198784	0.0855354	0.0011757	-0.0465423	-0.0541645	-0.0188077	0.036969	0.0847365	0.116077	0.133877	0.15404	0.176924	0.189701	0.192354	0.188323	
0.811236	0.92284	1.01547	1.07789	1.09401	1.05089	0.954541	0.813269	0.657038	0.507555	0.358923	0.223487	0.111971	0.0324303	-0.0102642	-0.0123697	0.0119923	0.0455797	0.0716119	0.0843367	0.0960102	0.114474	0.133252	0.148628	0.155799	
0.83622	0.959754	1.05535	1.12284	1.16011	1.14644	1.07026	0.944196	0.802948	0.659447	0.513615	0.370975	0.238185	0.128096	0.0528533	0.00853477	-0.00488407	-0.000526464	0.00690254	0.00686273	0.0108288	0.0261731	0.0508304	0.0777857	0.0988129	
0.833864	0.960761	1.06283	1.13501	1.18205	1.18947	1.1359	1.03444	0.915775	0.789321	0.654925	0.516256	0.378658	0.24946	0.141871	0.0577915	0.000388197	-0.0345068	-0.0586617	-0.0779863	-0.082628	-0.0681387	-0.0431089	-0.00814318	0.0240401	
0.81957	0.934109	1.03257	1.10749	1.15642	1.17394	1.14142	1.06777	0.974745	0.873036	0.757776	0.631101	0.503988	0.374528	0.251622	0.135053	0.0411487	-0.0301882	-0.0888082	-0.135356	-0.156543	-0.153366	-0.135866	-0.10747	-0.0774322	
0.774843	0.874805	0.964823	1.03686	1.08251	1.09597	1.07447	1.02729	0.963179	0.88922	0.805934	0.708159	0.606149	0.498406	0.378845	0.242391	0.119566	0.0145629	-0.0735692	-0.146668	-0.197084	-0.218152	-0.219633	-0.210774	-0.199248	
0.689481	0.779787	0.858062	0.915491	0.951918	0.962819	0.951371	0.929645	0.901765	0.865222	0.820679	0.762537	0.696049	0.618242	0.512711	0.374173	0.230366	0.0971387	-0.0184475	-0.116672	-0.198727	-0.25765	-0.291838	-0.310679	-0.326676	
0.567343	0.644433	0.708529	0.748535	0.774653	0.791754	0.797971	0.804335	0.814739	0.824165	0.821871	0.807335	0.782844	0.736693	0.649275	0.515625	0.364438	0.210106	0.0656641	-0.0606436	-0.172869	-0.268373	-0.339696	-0.393022	-0.431555	
