0.620975	0.531339	0.432022	0.31779	0.197512	0.0623353	-0.0864969	-0.23632	-0.362933	-0.454479	-0.519552	-0.567941	-0.597912	-0.619396	-0.632075	-0.636472	-0.631749	-0.621961	-0.622819	-0.635727	-0.652731	-0.651303	-0.606758	-0.508251	-0.360443	
0.531339	0.455967	0.38227	0.299201	0.206793	0.0923818	-0.0417488	-0.182971	-0.305035	-0.399585	-0.47238	-0.524323	-0.551704	-0.566826	-0.565756	-0.559119	-0.550611	-0.542422	-0.548776	-0.569278	-0.589845	-0.589199	-0.551732	-0.470703	-0.339882	
0.432022	0.38227	0.341805	0.298174	0.240903	0.154788	0.0428859	-0.0857992	-0.207358	-0.301457	-0.374082	-0.430762	-0.461949	-0.474764	-0.467852	-0.44925	-0.426509	-0.413438	-0.422772	-0.443913	-0.466944	-0.468049	-0.435121	-0.368332	-0.264331	
0.31779	0.299201	0.298174	0.299159	0.29013	0.242221	0.154764	0.0314416	-0.0926788	-0.187168	-0.264224	-0.328039	-0.366082	-0.374024	-0.356426	-0.318371	-0.279943	-0.259194	-0.266671	-0.285285	-0.306688	-0.306462	-0.282485	-0.240044	-0.1649	
0.197512	0.206793	0.240903	0.29013	0.328212	0.323006	0.255974	0.145292	0.0259096	-0.0735511	-0.163869	-0.238628	-0.281203	-0.282438	-0.247283	-0.189523	-0.129751	-0.0967569	-0.09505	-0.110235	-0.129164	-0.132159	-0.119099	-0.0995835	-0.0536623	
0.0623353	0.0923818	0.154788	0.242221	0.323006	0.352564	0.319323	0.240431	0.131472	0.0203164	-0.079582	-0.161232	-0.20423	-0.196804	-0.1515	-0.0775816	0.00430847	0.0583913	0.0772615	0.0764794	0.0648095	0.0581809	0.0563386	0.0573741	0.0780651	
-0.0864969	-0.0417488	0.0428859	0.154764	0.255974	0.319323	0.330824	0.287576	0.193099	0.0829315	-0.0186338	-0.102663	-0.15025	-0.147961	-0.0954962	-0.00237711	0.103078	0.181867	0.228244	0.246609	0.25188	0.253632	0.249125	0.231314	0.221875	
-0.23632	-0.182971	-0.0857992	0.0314416	0.145292	0.240431	0.287576	0.275126	0.202719	0.105073	0.00684208	-0.0865242	-0.146661	-0.14724	-0.0849433	0.0218854	0.146077	0.252033	0.33039	0.381796	0.419428	0.437738	0.430341	0.398705	0.361648	
-0.362933	-0.305035	-0.207358	-0.0926788	0.0259096	0.131472	0.193099	0.202719	0.160211	0.0790675	-0.0198336	-0.124598	-0.186047	-0.188056	-0.123744	-0.00961202	0.127245	0.258862	0.377197	0.472439	0.546907	0.585464	0.581088	0.541052	0.484734	
-0.454479	-0.399585	-0.301457	-0.187168	-0.0735511	0.0203164	0.0829315	0.105073	0.0790675	0.00610483	-0.0966289	-0.195585	-0.252516	-0.259078	-0.198635	-0.0807143	0.0619911	0.218738	0.372897	0.505656	0.615369	0.680877	0.69006	0.652279	0.584012	
-0.519552	-0.47238	-0.374082	-0.264224	-0.163869	-0.079582	-0.0186338	0.00684208	-0.0198336	-0.0966289	-0.197261	-0.29405	-0.358061	-0.369219	-0.301914	-0.175404	-0.023259	0.147425	0.32103	0.481709	0.623864	0.719751	0.750749	0.720716	0.643453	
-0.567941	-0.524323	-0.430762	-0.328039	-0.238628	-0.161232	-0.102663	-0.0865242	-0.124598	-0.195585	-0.29405	-0.401489	-0.477192	-0.489112	-0.423766	-0.293728	-0.133889	0.0493042	0.24222	0.432	0.596461	0.708189	0.749451	0.727413	0.655014	
-0.597912	-0.551704	-0.461949	-0.366082	-0.281203	-0.20423	-0.15025	-0.146661	-0.186047	-0.252516	-0.358061	-0.477192	-0.562021	-0.583519	-0.529936	-0.406907	-0.244423	-0.0532473	0.157	0.361299	0.533966	0.656892	0.714832	0.697339	0.626543	
-0.619396	-0.566826	-0.474764	-0.374024	-0.282438	-0.196804	-0.147961	-0.14724	-0.188056	-0.259078	-0.369219	-0.489112	-0.583519	-0.622004	-0.590071	-0.482525	-0.324315	-0.135115	0.0752715	0.280389	0.456685	0.589293	0.658578	0.651726	0.581755	
-0.632075	-0.565756	-0.467852	-0.356426	-0.247283	-0.1515	-0.0954962	-0.0849433	-0.123744	-0.198635	-0.301914	-0.423766	-0.529936	-0.590071	-0.582006	-0.495951	-0.352295	-0.176049	0.0233645	0.214697	0.38639	0.520251	0.588176	0.581632	0.511414	
-0.636472	-0.559119	-0.44925	-0.318371	-0.189523	-0.0775816	-0.00237711	0.0218854	-0.00961202	-0.0807143	-0.175404	-0.293728	-0.406907	-0.482525	-0.495951	-0.437095	-0.31757	-0.16239	0.0141742	0.180108	0.327168	0.436953	0.495376	0.488174	0.409268	
-0.631749	-0.550611	-0.426509	-0.279943	-0.129751	0.00430847	0.103078	0.146077	0.127245	0.0619911	-0.023259	-0.133889	-0.244423	-0.324315	-0.352295	-0.31757	-0.226983	-0.104625	0.030453	0.152523	0.254406	0.328718	0.364477	0.3407	0.24551	
-0.621961	-0.542422	-0.413438	-0.259194	-0.0967569	0.0583913	0.181867	0.252033	0.258862	0.218738	0.147425	0.0493042	-0.0532473	-0.135115	-0.176049	-0.16239	-0.104625	-0.0171261	0.0656048	0.122434	0.162776	0.187153	0.182698	0.134184	0.0286077	
-0.622819	-0.548776	-0.422772	-0.266671	-0.09505	0.0772615	0.228244	0.33039	0.377197	0.372897	0.32103	0.24222	0.157	0.0752715	0.0233645	0.0141742	0.030453	0.0656048	0.0854735	0.0734862	0.0530383	0.0217464	-0.0290231	-0.1019	-0.213947	
-0.635727	-0.569278	-0.443913	-0.285285	-0.110235	0.0764794	0.246609	0.381796	0.472439	0.505656	0.481709	0.432	0.361299	0.280389	0.214697	0.180108	0.152523	0.122434	0.0734862	0.00106923	-0.0783397	-0.163236	-0.252646	-0.344062	-0.457119	
-0.652731	-0.589845	-0.466944	-0.306688	-0.129164	0.0648095	0.25188	0.419428	0.546907	0.615369	0.623864	0.596461	0.533966	0.456685	0.38639	0.327168	0.254406	0.162776	0.0530383	-0.0783397	-0.219077	-0.345546	-0.458168	-0.566321	-0.677963	
-0.651303	-0.589199	-0.468049	-0.306462	-0.132159	0.0581809	0.253632	0.437738	0.585464	0.680877	0.719751	0.708189	0.656892	0.589293	0.520251	0.436953	0.328718	0.187153	0.0217464	-0.163236	-0.345546	-0.50659	-0.639914	-0.760266	-0.861971	
-0.606758	-0.551732	-0.435121	-0.282485	-0.119099	0.0563386	0.249125	0.430341	0.581088	0.69006	0.750749	0.749451	0.714832	0.658578	0.588176	0.495376	0.364477	0.182698	-0.0290231	-0.252646	-0.458168	-0.639914	-0.795939	-0.919083	-1.00431	
-0.508251	-0.470703	-0.368332	-0.240044	-0.0995835	0.0573741	0.231314	0.398705	0.541052	0.652279	0.720716	0.727413	0.697339	0.651726	0.581632	0.488174	0.3407	0.134184	-0.1019	-0.344062	-0.566321	-0.760266	-0.919083	-1.02665	-1.09354	
-0.360443	-0.339882	-0.264331	-0.1649	-0.0536623	0.0780651	0.221875	0.361648	0.484734	0.584012	0.643453	0.655014	0.626543	0.581755	0.511414	0.409268	0.24551	0.0286077	-0.213947	-0.457119	-0.677963	-0.861971	-1.00431	-1.09354	-1.1441	
-0.171145	-0.165112	-0.118905	-0.0501031	0.0295627	0.127806	0.234301	0.338333	0.433	0.507612	0.547974	0.556961	0.527899	0.469183	0.389008	0.271389	0.0980435	-0.119709	-0.361255	-0.597744	-0.796896	-0.953772	-1.07075	-1.13948	-1.16196	
0.0304731	0.0214722	0.0444484	0.0835979	0.133825	0.1972	0.265835	0.330668	0.390911	0.432462	0.451139	0.450545	0.417546	0.344219	0.253046	0.121613	-0.0678388	-0.289191	-0.521138	-0.743395	-0.923429	-1.05281	-1.13404	-1.16384	-1.15066	
0.21354	0.191311	0.20005	0.213515	0.234796	0.265852	0.293571	0.322654	0.346636	0.354999	0.357347	0.35018	0.309172	0.23691	0.131085	-0.0220417	-0.222763	-0.448818	-0.678015	-0.888097	-1.05197	-1.16148	-1.20375	-1.19493	-1.14436	
0.348108	0.318309	0.311859	0.30974	0.304159	0.304649	0.303215	0.300915	0.294617	0.281053	0.272205	0.260826	0.223746	0.154697	0.0336248	-0.135906	-0.341689	-0.572654	-0.806434	-1.0159	-1.17123	-1.25854	-1.27385	-1.23687	-1.15428	
0.421373	0.388111	0.368973	0.358517	0.337753	0.315262	0.301258	0.279642	0.251	0.23007	0.215313	0.198842	0.171224	0.103211	-0.0240094	-0.196541	-0.411594	-0.651333	-0.885129	-1.09552	-1.25008	-1.32692	-1.33288	-1.2689	-1.15733	
0.432747	0.39926	0.377576	0.366017	0.342404	0.315519	0.300483	0.274274	0.242328	0.221144	0.205088	0.187057	0.162792	0.0933915	-0.0330327	-0.204614	-0.424322	-0.665956	-0.897644	-1.10822	-1.26467	-1.33989	-1.34463	-1.27258	-1.15567	
0.385038	0.353224	0.341656	0.334532	0.321885	0.31138	0.302841	0.291842	0.274611	0.257254	0.245205	0.231632	0.197725	0.130126	0.00536461	-0.167483	-0.376748	-0.610147	-0.845161	-1.05558	-1.20872	-1.29072	-1.30129	-1.25311	-1.15689	
0.273565	0.248127	0.250502	0.257732	0.266897	0.285297	0.299867	0.314806	0.326006	0.324158	0.320769	0.311784	0.272287	0.20023	0.0877481	-0.0721344	-0.275257	-0.503649	-0.734494	-0.942883	-1.1028	-1.20225	-1.23093	-1.21022	-1.14861	
0.108106	0.0929709	0.110092	0.137668	0.176744	0.226734	0.278376	0.329395	0.374644	0.402327	0.413994	0.409618	0.372347	0.299177	0.202142	0.0622809	-0.13232	-0.355925	-0.585698	-0.801374	-0.974146	-1.09641	-1.16201	-1.17489	-1.1452	
-0.0902202	-0.0905626	-0.0545036	0.00240367	0.0697142	0.153924	0.245297	0.333082	0.415338	0.477119	0.508946	0.514156	0.484221	0.418557	0.334766	0.211258	0.0318301	-0.186579	-0.423935	-0.655875	-0.846952	-0.991749	-1.09504	-1.15027	-1.15913	
-0.288037	-0.27357	-0.210389	-0.122977	-0.0239664	0.0949239	0.224076	0.350613	0.462756	0.553148	0.605617	0.617904	0.588647	0.540137	0.467063	0.358629	0.190922	-0.0268219	-0.270617	-0.512186	-0.724429	-0.898703	-1.03227	-1.11595	-1.1565	
-0.455044	-0.424248	-0.332178	-0.214807	-0.0861842	0.0621985	0.224951	0.382692	0.519173	0.627744	0.694018	0.703428	0.674846	0.629886	0.560363	0.465978	0.311079	0.0984698	-0.140779	-0.38484	-0.610581	-0.803579	-0.957298	-1.05546	-1.1168	
-0.573587	-0.525148	-0.411677	-0.268932	-0.112456	0.0564126	0.242825	0.420036	0.568571	0.679552	0.745731	0.747437	0.715798	0.665622	0.594249	0.500654	0.362672	0.169431	-0.0550905	-0.288673	-0.501392	-0.68908	-0.850347	-0.969321	-1.04609	
-0.640091	-0.57887	-0.459237	-0.298926	-0.128422	0.0572651	0.253892	0.437743	0.588335	0.691199	0.740442	0.733016	0.689375	0.625322	0.556461	0.467227	0.349073	0.189732	0.00403842	-0.198848	-0.39196	-0.562972	-0.704963	-0.828415	-0.92495	
-0.655775	-0.592568	-0.471191	-0.309919	-0.132697	0.0607833	0.253155	0.430443	0.567384	0.648522	0.669431	0.649898	0.590017	0.515754	0.446451	0.376441	0.287811	0.175682	0.0424536	-0.111666	-0.27107	-0.413642	-0.53413	-0.647861	-0.755968	
-0.642992	-0.579064	-0.454259	-0.294472	-0.118573	0.0723748	0.249151	0.397982	0.504679	0.5527	0.540963	0.501973	0.43554	0.355108	0.285963	0.241754	0.195499	0.139844	0.0659527	-0.0300842	-0.135443	-0.238216	-0.337675	-0.435573	-0.549234	
-0.626365	-0.556029	-0.429825	-0.274103	-0.0996363	0.0789507	0.238178	0.353589	0.418676	0.428403	0.387485	0.319044	0.240193	0.159782	0.101736	0.0824524	0.0815624	0.091335	0.083072	0.0464428	0.00238239	-0.0508482	-0.118879	-0.200317	-0.313485	
-0.621318	-0.542755	-0.414814	-0.259234	-0.0933844	0.0693588	0.203837	0.28655	0.30784	0.281992	0.2183	0.125982	0.0306713	-0.0524111	-0.0975314	-0.0926265	-0.0501545	0.0184145	0.0780275	0.106243	0.122024	0.12318	0.100126	0.0428334	-0.0655081	
-0.627623	-0.546548	-0.418799	-0.268338	-0.112072	0.0305679	0.13907	0.192332	0.181315	0.123601	0.0427081	-0.0634055	-0.171183	-0.252033	-0.284923	-0.258684	-0.181339	-0.0720298	0.0436135	0.139911	0.219403	0.276266	0.297323	0.263029	0.163832	
-0.635511	-0.556237	-0.440377	-0.301291	-0.164298	-0.0438241	0.0403892	0.0712506	0.0442143	-0.024949	-0.116861	-0.232204	-0.345252	-0.423422	-0.443718	-0.395426	-0.287096	-0.143873	0.0187509	0.169986	0.300386	0.39664	0.448878	0.437247	0.352047	
-0.634652	-0.563104	-0.461289	-0.343049	-0.225791	-0.124375	-0.0619543	-0.0464027	-0.0818007	-0.156309	-0.255963	-0.377236	-0.487997	-0.555292	-0.555836	-0.480762	-0.345953	-0.176983	0.0144477	0.198116	0.362728	0.489532	0.554474	0.54806	0.475288	
-0.625772	-0.568395	-0.474499	-0.370068	-0.272247	-0.182486	-0.132704	-0.129548	-0.170626	-0.24341	-0.352338	-0.472777	-0.57121	-0.618673	-0.596336	-0.496387	-0.34271	-0.157875	0.0492404	0.250498	0.426788	0.561865	0.631932	0.626755	0.557586	
-0.607286	-0.558801	-0.468976	-0.3731	-0.286438	-0.207263	-0.155633	-0.154491	-0.194102	-0.261507	-0.36991	-0.49095	-0.57885	-0.6064	-0.560598	-0.443496	-0.281464	-0.0892574	0.12326	0.328827	0.503164	0.630513	0.695163	0.680908	0.6097	
-0.581804	-0.537817	-0.446245	-0.346665	-0.259777	-0.183791	-0.127062	-0.116657	-0.156502	-0.224385	-0.325067	-0.437823	-0.517443	-0.531768	-0.46928	-0.341391	-0.180636	0.00726548	0.208115	0.406168	0.575866	0.691315	0.737634	0.718223	0.647481	
-0.54066	-0.495821	-0.399239	-0.292208	-0.196547	-0.11524	-0.0551298	-0.0323885	-0.063277	-0.139236	-0.238012	-0.338348	-0.406914	-0.419065	-0.349875	-0.220615	-0.0647123	0.110126	0.291211	0.463665	0.616706	0.720384	0.757212	0.730397	0.653957	
