0.414443	0.425574	0.415608	0.373776	0.292	0.180751	0.0298209	-0.164917	-0.388204	-0.614432	-0.810443	-0.945307	-0.992622	-0.954111	-0.845269	-0.677496	-0.482195	-0.293468	-0.151645	-0.0556596	0.00536969	0.037576	0.0484101	0.0569372	0.0836253	
0.425574	0.389461	0.340492	0.271929	0.168827	0.032247	-0.127895	-0.313949	-0.522064	-0.72715	-0.900537	-1.01608	-1.05073	-1.00481	-0.892388	-0.712657	-0.49781	-0.293501	-0.134061	-0.0265871	0.0300505	0.0506661	0.0470142	0.037438	0.0437446	
0.415608	0.340492	0.261316	0.173207	0.0523234	-0.0996753	-0.259292	-0.427895	-0.609069	-0.787185	-0.940356	-1.03991	-1.06481	-1.02609	-0.918829	-0.741612	-0.521632	-0.30542	-0.12856	-0.0148103	0.0438214	0.0505992	0.0258876	-0.000862228	-0.0144696	
0.373776	0.271929	0.173207	0.0750201	-0.055381	-0.209004	-0.361292	-0.510261	-0.663193	-0.811132	-0.935971	-1.02255	-1.04922	-1.01629	-0.919574	-0.753988	-0.54138	-0.32419	-0.146412	-0.03324	0.0286134	0.0293979	-0.00941104	-0.0514402	-0.0796386	
0.292	0.168827	0.0523234	-0.055381	-0.170606	-0.299431	-0.434429	-0.568667	-0.698859	-0.813307	-0.912144	-0.984554	-1.00692	-0.976644	-0.893113	-0.746067	-0.547447	-0.346052	-0.188249	-0.0788686	-0.0206315	-0.0195371	-0.0628652	-0.113888	-0.153214	
0.180751	0.032247	-0.0996753	-0.209004	-0.299431	-0.399717	-0.50806	-0.619623	-0.717441	-0.805934	-0.882865	-0.933592	-0.94819	-0.922686	-0.846156	-0.709355	-0.531263	-0.356008	-0.220092	-0.127699	-0.0850193	-0.0929266	-0.139295	-0.192663	-0.234147	
0.0298209	-0.127895	-0.259292	-0.361292	-0.434429	-0.50806	-0.584756	-0.666674	-0.733236	-0.795205	-0.843992	-0.868775	-0.877971	-0.851411	-0.778305	-0.650196	-0.493346	-0.348396	-0.234331	-0.167351	-0.145047	-0.165217	-0.213739	-0.264057	-0.304375	
-0.164917	-0.313949	-0.427895	-0.510261	-0.568667	-0.619623	-0.666674	-0.705724	-0.737802	-0.766884	-0.781542	-0.786566	-0.786073	-0.758409	-0.687562	-0.574494	-0.444703	-0.334926	-0.248136	-0.201143	-0.19621	-0.220947	-0.264019	-0.313327	-0.350887	
-0.388204	-0.522064	-0.609069	-0.663193	-0.698859	-0.717441	-0.733236	-0.737802	-0.731817	-0.716133	-0.701042	-0.690277	-0.680592	-0.653098	-0.591112	-0.498877	-0.394347	-0.306468	-0.245923	-0.216055	-0.215762	-0.232016	-0.268174	-0.315064	-0.353192	
-0.614432	-0.72715	-0.787185	-0.811132	-0.813307	-0.805934	-0.795205	-0.766884	-0.716133	-0.659522	-0.620615	-0.593633	-0.570848	-0.542938	-0.49285	-0.418888	-0.329453	-0.25248	-0.211601	-0.193143	-0.18972	-0.196386	-0.223266	-0.262435	-0.303127	
-0.810443	-0.900537	-0.940356	-0.935971	-0.912144	-0.882865	-0.843992	-0.781542	-0.701042	-0.620615	-0.558769	-0.511742	-0.472731	-0.437285	-0.395737	-0.339067	-0.264694	-0.192452	-0.153387	-0.136045	-0.126741	-0.128073	-0.142884	-0.171836	-0.212269	
-0.945307	-1.01608	-1.03991	-1.02255	-0.984554	-0.933592	-0.868775	-0.786566	-0.690277	-0.593633	-0.511742	-0.448368	-0.396009	-0.351069	-0.308231	-0.261227	-0.201715	-0.134798	-0.093438	-0.0716095	-0.0547941	-0.046762	-0.0399735	-0.0543985	-0.0919404	
-0.992622	-1.05073	-1.06481	-1.04922	-1.00692	-0.94819	-0.877971	-0.786073	-0.680592	-0.570848	-0.472731	-0.396009	-0.337611	-0.284793	-0.242076	-0.201967	-0.151569	-0.0874448	-0.0410952	-0.00907742	0.0169148	0.0424042	0.0679822	0.0672436	0.0376338	
-0.954111	-1.00481	-1.02609	-1.01629	-0.976644	-0.922686	-0.851411	-0.758409	-0.653098	-0.542938	-0.437285	-0.351069	-0.284793	-0.237404	-0.199765	-0.167133	-0.118053	-0.0566106	-0.00345975	0.038269	0.0773726	0.122567	0.159274	0.167011	0.154025	
-0.845269	-0.892388	-0.918829	-0.919574	-0.893113	-0.846156	-0.778305	-0.687562	-0.591112	-0.49285	-0.395737	-0.308231	-0.242076	-0.199765	-0.176464	-0.148848	-0.101386	-0.0450505	0.011919	0.0661585	0.114816	0.159773	0.198649	0.217897	0.2187	
-0.677496	-0.712657	-0.741612	-0.753988	-0.746067	-0.709355	-0.650196	-0.574494	-0.498877	-0.418888	-0.339067	-0.261227	-0.201967	-0.167133	-0.148848	-0.126951	-0.0924276	-0.0464654	0.0108912	0.0717641	0.114531	0.152971	0.188517	0.213127	0.228733	
-0.482195	-0.49781	-0.521632	-0.54138	-0.547447	-0.531263	-0.493346	-0.444703	-0.394347	-0.329453	-0.264694	-0.201715	-0.151569	-0.118053	-0.101386	-0.0924276	-0.0798592	-0.05226	-0.00735908	0.0425473	0.0769415	0.108321	0.141656	0.171109	0.190923	
-0.293468	-0.293501	-0.30542	-0.32419	-0.346052	-0.356008	-0.348396	-0.334926	-0.306468	-0.25248	-0.192452	-0.134798	-0.0874448	-0.0566106	-0.0450505	-0.0464654	-0.05226	-0.0525182	-0.0396938	-0.0192719	0.00070109	0.0268683	0.0650888	0.0989954	0.119123	
-0.151645	-0.134061	-0.12856	-0.146412	-0.188249	-0.220092	-0.234331	-0.248136	-0.245923	-0.211601	-0.153387	-0.093438	-0.0410952	-0.00345975	0.011919	0.0108912	-0.00735908	-0.0396938	-0.0718568	-0.087684	-0.0859256	-0.066938	-0.0237574	0.0170446	0.0423959	
-0.0556596	-0.0265871	-0.0148103	-0.03324	-0.0788686	-0.127699	-0.167351	-0.201143	-0.216055	-0.193143	-0.136045	-0.0716095	-0.00907742	0.038269	0.0661585	0.0717641	0.0425473	-0.0192719	-0.087684	-0.133504	-0.15199	-0.14196	-0.101723	-0.0530866	-0.0189122	
0.00536969	0.0300505	0.0438214	0.0286134	-0.0206315	-0.0850193	-0.145047	-0.19621	-0.215762	-0.18972	-0.126741	-0.0547941	0.0169148	0.0773726	0.114816	0.114531	0.0769415	0.00070109	-0.0859256	-0.15199	-0.185709	-0.182516	-0.145652	-0.095843	-0.0617753	
0.037576	0.0506661	0.0505992	0.0293979	-0.0195371	-0.0929266	-0.165217	-0.220947	-0.232016	-0.196386	-0.128073	-0.046762	0.0424042	0.122567	0.159773	0.152971	0.108321	0.0268683	-0.066938	-0.14196	-0.182516	-0.179128	-0.14335	-0.107367	-0.0890899	
0.0484101	0.0470142	0.0258876	-0.00941104	-0.0628652	-0.139295	-0.213739	-0.264019	-0.268174	-0.223266	-0.142884	-0.0399735	0.0679822	0.159274	0.198649	0.188517	0.141656	0.0650888	-0.0237574	-0.101723	-0.145652	-0.14335	-0.120714	-0.10675	-0.106261	
0.0569372	0.037438	-0.000862228	-0.0514402	-0.113888	-0.192663	-0.264057	-0.313327	-0.315064	-0.262435	-0.171836	-0.0543985	0.0672436	0.167011	0.217897	0.213127	0.171109	0.0989954	0.0170446	-0.0530866	-0.095843	-0.107367	-0.10675	-0.112306	-0.123769	
0.0836253	0.0437446	-0.0144696	-0.0796386	-0.153214	-0.234147	-0.304375	-0.350887	-0.353192	-0.303127	-0.212269	-0.0919404	0.0376338	0.154025	0.2187	0.228733	0.190923	0.119123	0.0423959	-0.0189122	-0.0617753	-0.0890899	-0.106261	-0.123769	-0.13273	
0.133763	0.0726732	-0.00550097	-0.0857107	-0.173922	-0.264205	-0.342594	-0.389924	-0.394414	-0.354965	-0.273236	-0.157538	-0.020862	0.103246	0.187829	0.214151	0.187238	0.12603	0.0510801	-0.0130885	-0.0601479	-0.0916809	-0.114958	-0.131649	-0.126148	
0.208448	0.12642	0.0264549	-0.0798748	-0.194719	-0.304675	-0.395605	-0.444905	-0.452434	-0.419406	-0.347145	-0.236537	-0.0955098	0.0375104	0.129935	0.169888	0.162468	0.114889	0.0412313	-0.0288108	-0.0780525	-0.107283	-0.123647	-0.130993	-0.116093	
0.295826	0.196637	0.0742356	-0.0664772	-0.215446	-0.348803	-0.452989	-0.509514	-0.523223	-0.493777	-0.424018	-0.314275	-0.175605	-0.0435401	0.0567054	0.109245	0.119976	0.0874925	0.0165286	-0.0549838	-0.102295	-0.121819	-0.128603	-0.127175	-0.104199	
0.382132	0.281646	0.136727	-0.0391594	-0.219361	-0.379743	-0.502924	-0.570564	-0.588733	-0.557712	-0.483293	-0.373874	-0.246628	-0.124317	-0.0249173	0.0451869	0.0736638	0.0548737	-0.00764414	-0.0748929	-0.117477	-0.134834	-0.138655	-0.129455	-0.0934448	
0.444357	0.342198	0.187634	-0.0128525	-0.217077	-0.393724	-0.526196	-0.60256	-0.627613	-0.594152	-0.516655	-0.40743	-0.291483	-0.179504	-0.0770572	0.0037767	0.0439041	0.030659	-0.0275772	-0.0893681	-0.124425	-0.138904	-0.144498	-0.129771	-0.0844008	
0.455123	0.352228	0.198305	-0.00600196	-0.216349	-0.397137	-0.529809	-0.606117	-0.633226	-0.600042	-0.522758	-0.413799	-0.299882	-0.188742	-0.0853239	-0.00445953	0.0389592	0.0259506	-0.032489	-0.0914461	-0.12434	-0.139679	-0.145598	-0.129191	-0.0826319	
0.412376	0.311583	0.16057	-0.0280148	-0.218266	-0.386148	-0.515552	-0.588027	-0.609049	-0.575512	-0.499299	-0.389918	-0.268478	-0.151379	-0.0513003	0.0253009	0.059292	0.043661	-0.0162767	-0.0814762	-0.121248	-0.137242	-0.141773	-0.130305	-0.0894182	
0.331088	0.229337	0.0976087	-0.0566021	-0.219031	-0.363434	-0.475254	-0.535547	-0.550753	-0.522158	-0.450866	-0.341095	-0.206266	-0.0772093	0.0238432	0.0829529	0.100483	0.0738485	0.00644824	-0.0644691	-0.109637	-0.127685	-0.13251	-0.127168	-0.0996712	
0.242645	0.152847	0.0438428	-0.0763534	-0.20404	-0.322606	-0.41829	-0.470753	-0.480416	-0.448255	-0.378072	-0.268785	-0.127374	0.00606866	0.102229	0.14695	0.147296	0.105489	0.0324812	-0.0384595	-0.0877738	-0.113666	-0.125878	-0.129432	-0.111634	
0.161764	0.0915596	0.00543524	-0.0838713	-0.181541	-0.279065	-0.362342	-0.409189	-0.415619	-0.379685	-0.30165	-0.187797	-0.0501594	0.0784058	0.166567	0.199516	0.179957	0.124286	0.0495201	-0.0169511	-0.0657717	-0.0973643	-0.118859	-0.132248	-0.122037	
0.0994959	0.0523628	-0.0140472	-0.0848268	-0.163038	-0.246615	-0.318608	-0.365686	-0.367909	-0.321947	-0.234348	-0.115458	0.0175303	0.136906	0.210838	0.227459	0.191971	0.12289	0.0472004	-0.0132372	-0.0572738	-0.0873988	-0.109411	-0.128255	-0.131512	
0.0657132	0.0377716	-0.00873325	-0.0647605	-0.131861	-0.211263	-0.281438	-0.329768	-0.331687	-0.278385	-0.185383	-0.0658448	0.0592664	0.166197	0.220869	0.221354	0.181125	0.108738	0.029609	-0.0364678	-0.0791105	-0.0980103	-0.104835	-0.11661	-0.128823	
0.050737	0.0420684	0.0143132	-0.0273503	-0.0833176	-0.160926	-0.234999	-0.284409	-0.287054	-0.238013	-0.153855	-0.0437266	0.0705549	0.164667	0.209219	0.198716	0.153557	0.0799479	-0.00606114	-0.0814445	-0.125737	-0.127436	-0.113185	-0.107675	-0.113499	
0.0438522	0.0518712	0.0425596	0.0159165	-0.03398	-0.108828	-0.182809	-0.236129	-0.243959	-0.204507	-0.131969	-0.042286	0.0546419	0.141056	0.177208	0.168757	0.12225	0.0417485	-0.0508012	-0.128807	-0.171261	-0.167355	-0.134642	-0.107006	-0.096481	
0.0213117	0.0408966	0.0519245	0.0366083	-0.0129358	-0.0816119	-0.148165	-0.203635	-0.220712	-0.19093	-0.126069	-0.0516805	0.0261833	0.0933999	0.132333	0.12933	0.0884701	0.00961116	-0.0812292	-0.152094	-0.188844	-0.18612	-0.149827	-0.103733	-0.0746277	
-0.0275305	0.00204204	0.0149996	-0.00217495	-0.0493289	-0.105104	-0.153511	-0.194215	-0.212721	-0.190225	-0.131382	-0.0636184	0.00248894	0.0546447	0.0868994	0.0913079	0.0590593	-0.0107656	-0.0890037	-0.143764	-0.169743	-0.16378	-0.124691	-0.0737391	-0.0381178	
-0.107821	-0.0848757	-0.0756993	-0.0941583	-0.138388	-0.177058	-0.201665	-0.224269	-0.230559	-0.202243	-0.145365	-0.083744	-0.0280964	0.013608	0.0337375	0.0360666	0.0124651	-0.0318092	-0.0802035	-0.109668	-0.116239	-0.0997282	-0.0574972	-0.0132321	0.0155838	
-0.231567	-0.223247	-0.227688	-0.245469	-0.277044	-0.296703	-0.298373	-0.297097	-0.278547	-0.231984	-0.172628	-0.114522	-0.0653703	-0.0329417	-0.0220981	-0.0251199	-0.0362496	-0.0490414	-0.0535229	-0.0474261	-0.0348072	-0.0117579	0.0295908	0.0663257	0.0873774	
-0.402966	-0.412303	-0.433485	-0.452778	-0.463655	-0.45749	-0.431779	-0.397945	-0.356688	-0.295235	-0.232919	-0.174196	-0.126571	-0.094286	-0.0788863	-0.0749994	-0.0705451	-0.0538325	-0.019543	0.0202839	0.049822	0.079653	0.11455	0.144535	0.164933	
-0.600283	-0.628499	-0.655134	-0.671992	-0.670742	-0.641321	-0.588823	-0.521679	-0.456266	-0.384328	-0.311512	-0.238896	-0.183737	-0.15004	-0.131988	-0.115163	-0.0883956	-0.0486877	0.00587848	0.0650813	0.105071	0.139512	0.172978	0.20028	0.218844	
-0.784412	-0.826977	-0.855834	-0.861856	-0.842091	-0.79841	-0.732819	-0.647179	-0.557486	-0.465455	-0.375091	-0.290441	-0.226156	-0.187305	-0.16755	-0.140766	-0.0972568	-0.0451193	0.013424	0.0714397	0.118884	0.162042	0.199743	0.221396	0.229177	
-0.91837	-0.968779	-0.991843	-0.984892	-0.950251	-0.899248	-0.828909	-0.7348	-0.632519	-0.526738	-0.421975	-0.334248	-0.266382	-0.220666	-0.189271	-0.159218	-0.110376	-0.0494027	0.00482157	0.0519332	0.0966155	0.142759	0.18159	0.19483	0.187229	
-0.98659	-1.04017	-1.05688	-1.04306	-1.00073	-0.942834	-0.87238	-0.780352	-0.673195	-0.560738	-0.458253	-0.377046	-0.316023	-0.264781	-0.222174	-0.185076	-0.135905	-0.072866	-0.0232513	0.0123654	0.0429517	0.0782885	0.108522	0.110987	0.0879462	
-0.97543	-1.04134	-1.059	-1.04134	-0.999807	-0.944181	-0.875448	-0.787252	-0.686814	-0.584623	-0.495012	-0.426734	-0.371642	-0.321837	-0.279196	-0.234434	-0.179218	-0.114381	-0.0716266	-0.0465463	-0.0254101	-0.0116923	0.00356921	-0.00453728	-0.0405677	
-0.873242	-0.955073	-0.988302	-0.976459	-0.945407	-0.906976	-0.856107	-0.784411	-0.696473	-0.609099	-0.538827	-0.484443	-0.438321	-0.399971	-0.358582	-0.307201	-0.23915	-0.168725	-0.128715	-0.110049	-0.098227	-0.0963666	-0.103968	-0.127785	-0.166751	
