0.292439	0.286127	0.302706	0.337124	0.362532	0.367056	0.349195	0.31605	0.289751	0.287851	0.303711	0.332609	0.381911	0.454985	0.558152	0.689575	0.838659	0.988668	1.11543	1.19858	1.23563	1.24192	1.21638	1.14807	1.05075	
0.08365	0.0593997	0.0601252	0.0828067	0.103252	0.107926	0.0920275	0.0680052	0.0561037	0.0718364	0.104127	0.149048	0.21593	0.302911	0.418608	0.559005	0.717065	0.879563	1.03225	1.15142	1.23037	1.28327	1.30873	1.28106	1.20681	
-0.110477	-0.144	-0.152983	-0.139504	-0.122399	-0.120326	-0.131166	-0.150021	-0.150841	-0.125951	-0.0826645	-0.0234858	0.0562374	0.156101	0.274675	0.411521	0.564487	0.728643	0.892092	1.03963	1.16174	1.26603	1.34084	1.35952	1.31481	
-0.264121	-0.296444	-0.30833	-0.30489	-0.297894	-0.295763	-0.302462	-0.308572	-0.303284	-0.279327	-0.235473	-0.174536	-0.0927437	0.00715565	0.124079	0.246675	0.381992	0.538352	0.709209	0.878269	1.03755	1.18322	1.29969	1.36167	1.35469	
-0.359798	-0.384631	-0.402625	-0.414342	-0.415366	-0.414991	-0.41575	-0.408569	-0.392098	-0.371314	-0.338895	-0.292209	-0.227079	-0.140463	-0.0382891	0.0660087	0.182035	0.326492	0.495641	0.680298	0.866128	1.03961	1.18329	1.28452	1.32513	
-0.41128	-0.427892	-0.449216	-0.4765	-0.490601	-0.493398	-0.483465	-0.460492	-0.435224	-0.418491	-0.398603	-0.369916	-0.332159	-0.269962	-0.193929	-0.111077	-0.0129026	0.116289	0.274131	0.459409	0.656918	0.843781	1.00867	1.14609	1.23286	
-0.432282	-0.438468	-0.46043	-0.498284	-0.526783	-0.530955	-0.512667	-0.474527	-0.444445	-0.433945	-0.42875	-0.419525	-0.402584	-0.363491	-0.316461	-0.266575	-0.197331	-0.0908387	0.0505751	0.222894	0.418006	0.60837	0.790825	0.958499	1.0962	
-0.425431	-0.423768	-0.445229	-0.48395	-0.516067	-0.520641	-0.499822	-0.45921	-0.429235	-0.423205	-0.430273	-0.438191	-0.439259	-0.424176	-0.405956	-0.38893	-0.35635	-0.290283	-0.176475	-0.0198657	0.163267	0.345912	0.540734	0.73924	0.924727	
-0.393524	-0.392126	-0.407832	-0.439421	-0.470032	-0.473291	-0.454175	-0.418218	-0.396863	-0.391628	-0.401483	-0.420771	-0.438446	-0.45702	-0.467702	-0.481838	-0.477239	-0.449112	-0.375913	-0.249617	-0.0933859	0.0812602	0.274452	0.494507	0.718568	
-0.343745	-0.341591	-0.35404	-0.377619	-0.401212	-0.405178	-0.388401	-0.362498	-0.34526	-0.340503	-0.354473	-0.381711	-0.419842	-0.465354	-0.50782	-0.545929	-0.566023	-0.56626	-0.527195	-0.442471	-0.318264	-0.16018	0.0248788	0.249679	0.492846	
-0.29314	-0.289604	-0.300503	-0.315306	-0.328861	-0.331624	-0.321098	-0.306467	-0.292793	-0.289312	-0.305406	-0.340025	-0.393931	-0.457816	-0.518437	-0.5714	-0.61675	-0.643093	-0.63145	-0.580938	-0.488926	-0.358263	-0.189601	0.0173954	0.247645	
-0.263606	-0.259804	-0.261404	-0.261878	-0.263102	-0.262835	-0.262263	-0.261572	-0.260434	-0.260598	-0.272845	-0.306591	-0.366951	-0.440545	-0.506822	-0.567322	-0.628599	-0.674688	-0.686294	-0.660117	-0.596066	-0.502006	-0.368758	-0.192545	0.0168619	
-0.256952	-0.255635	-0.248761	-0.23199	-0.215706	-0.210162	-0.22552	-0.242176	-0.25485	-0.25619	-0.261323	-0.287826	-0.343927	-0.415284	-0.473874	-0.529785	-0.589454	-0.649907	-0.685459	-0.682175	-0.642591	-0.584137	-0.503364	-0.370912	-0.191419	
-0.264939	-0.266034	-0.253153	-0.225085	-0.197463	-0.189726	-0.214049	-0.24214	-0.263759	-0.266063	-0.26595	-0.284772	-0.328549	-0.379125	-0.417996	-0.463668	-0.518777	-0.584713	-0.633805	-0.653017	-0.643846	-0.617836	-0.581361	-0.501628	-0.365718	
-0.281674	-0.283112	-0.26533	-0.236755	-0.21386	-0.209052	-0.226761	-0.253959	-0.277868	-0.284375	-0.276599	-0.27945	-0.30023	-0.323264	-0.345276	-0.377766	-0.431174	-0.502004	-0.559351	-0.59251	-0.612438	-0.63037	-0.630978	-0.592706	-0.497366	
-0.284817	-0.29317	-0.2808	-0.257341	-0.235464	-0.232988	-0.245997	-0.273138	-0.290349	-0.290274	-0.273581	-0.263031	-0.262504	-0.262559	-0.270611	-0.294034	-0.350991	-0.429389	-0.493094	-0.530803	-0.577844	-0.634886	-0.667535	-0.657429	-0.591875	
-0.275432	-0.291611	-0.287145	-0.270481	-0.254733	-0.250902	-0.262691	-0.281876	-0.292399	-0.283384	-0.26189	-0.243367	-0.228288	-0.21672	-0.217469	-0.236873	-0.289819	-0.372472	-0.44611	-0.491443	-0.545795	-0.618453	-0.67691	-0.691252	-0.648071	
-0.277295	-0.288639	-0.285226	-0.282754	-0.285254	-0.285717	-0.283763	-0.28339	-0.287928	-0.28421	-0.263348	-0.23497	-0.210134	-0.190069	-0.185456	-0.202799	-0.249368	-0.318044	-0.383585	-0.436629	-0.497604	-0.576354	-0.647919	-0.683875	-0.666557	
-0.285245	-0.288987	-0.288947	-0.299016	-0.308291	-0.309324	-0.303945	-0.291847	-0.287831	-0.288813	-0.27526	-0.248199	-0.221619	-0.195271	-0.18044	-0.187283	-0.218112	-0.258679	-0.301051	-0.354701	-0.425784	-0.511587	-0.590864	-0.642849	-0.644269	
-0.288473	-0.284714	-0.285614	-0.295973	-0.298676	-0.299079	-0.297352	-0.29003	-0.283522	-0.288175	-0.284788	-0.273509	-0.257337	-0.231933	-0.207801	-0.189695	-0.191157	-0.207492	-0.237099	-0.285481	-0.360834	-0.449814	-0.527627	-0.581751	-0.595562	
-0.287471	-0.269894	-0.254815	-0.257409	-0.264185	-0.267144	-0.259539	-0.254609	-0.262323	-0.281647	-0.29259	-0.298618	-0.296483	-0.274823	-0.246702	-0.211497	-0.185066	-0.183539	-0.207774	-0.250912	-0.322777	-0.405866	-0.474241	-0.520419	-0.539841	
-0.276797	-0.248802	-0.225235	-0.221543	-0.228634	-0.230228	-0.224566	-0.221341	-0.237207	-0.266472	-0.291441	-0.311158	-0.317787	-0.302156	-0.277391	-0.240373	-0.198016	-0.180632	-0.201165	-0.243482	-0.303492	-0.371248	-0.424077	-0.458662	-0.478797	
-0.254518	-0.230305	-0.217749	-0.213677	-0.207656	-0.205772	-0.211238	-0.216059	-0.223244	-0.243627	-0.272564	-0.303282	-0.324278	-0.320581	-0.30036	-0.265252	-0.224368	-0.200618	-0.210856	-0.244639	-0.290291	-0.336291	-0.364704	-0.386434	-0.41023	
-0.23616	-0.225535	-0.225239	-0.228199	-0.227623	-0.226434	-0.228268	-0.226753	-0.224182	-0.229888	-0.248733	-0.278297	-0.307126	-0.318378	-0.308559	-0.281473	-0.248387	-0.226667	-0.229841	-0.252506	-0.278093	-0.295207	-0.302636	-0.317849	-0.346431	
-0.22436	-0.22569	-0.234532	-0.245693	-0.256614	-0.260094	-0.250281	-0.238876	-0.228629	-0.223458	-0.229467	-0.249637	-0.275517	-0.296089	-0.29973	-0.286484	-0.270908	-0.256702	-0.251156	-0.260348	-0.273926	-0.274154	-0.267976	-0.274749	-0.301705	
-0.215566	-0.222159	-0.240469	-0.252825	-0.257354	-0.258279	-0.255482	-0.246636	-0.229291	-0.215913	-0.219857	-0.231624	-0.246328	-0.268055	-0.285081	-0.28894	-0.287155	-0.280959	-0.274351	-0.280909	-0.285522	-0.27195	-0.258415	-0.258745	-0.278283	
-0.222159	-0.227402	-0.242809	-0.250409	-0.247558	-0.246208	-0.250276	-0.247589	-0.233489	-0.222604	-0.224186	-0.226116	-0.226719	-0.240227	-0.261456	-0.28006	-0.288421	-0.28825	-0.289849	-0.294017	-0.28871	-0.272555	-0.258706	-0.255758	-0.273976	
-0.240469	-0.242809	-0.24112	-0.239356	-0.241777	-0.242856	-0.240162	-0.239901	-0.242608	-0.241954	-0.237132	-0.228799	-0.219842	-0.219731	-0.240141	-0.275407	-0.290608	-0.285937	-0.286081	-0.285619	-0.271709	-0.257036	-0.249717	-0.253374	-0.281991	
-0.252825	-0.250409	-0.239356	-0.230085	-0.233736	-0.235948	-0.230613	-0.234073	-0.246731	-0.253056	-0.249896	-0.236031	-0.217259	-0.214692	-0.240457	-0.283334	-0.302026	-0.289376	-0.274343	-0.263571	-0.245024	-0.227804	-0.226929	-0.246587	-0.291767	
-0.257354	-0.247558	-0.241777	-0.233736	-0.230599	-0.230911	-0.231545	-0.238429	-0.245503	-0.252817	-0.260094	-0.241911	-0.210975	-0.216597	-0.250097	-0.286738	-0.308342	-0.297983	-0.265539	-0.242113	-0.223537	-0.201056	-0.203699	-0.241272	-0.301287	
-0.258279	-0.246208	-0.242856	-0.235948	-0.230911	-0.230464	-0.233024	-0.240436	-0.244877	-0.252295	-0.263191	-0.242878	-0.208822	-0.216614	-0.253342	-0.287909	-0.308985	-0.299271	-0.263302	-0.239052	-0.219957	-0.193911	-0.196597	-0.239261	-0.302845	
-0.255482	-0.250276	-0.240162	-0.230613	-0.231545	-0.233024	-0.229897	-0.235099	-0.246812	-0.254068	-0.254388	-0.238387	-0.214642	-0.215833	-0.243878	-0.284338	-0.305502	-0.293422	-0.270029	-0.252557	-0.234481	-0.216816	-0.217872	-0.244393	-0.295815	
-0.246636	-0.247589	-0.239901	-0.234073	-0.238429	-0.240436	-0.235099	-0.236451	-0.245116	-0.247865	-0.242525	-0.231691	-0.219355	-0.215887	-0.238025	-0.278555	-0.295071	-0.285988	-0.281541	-0.278854	-0.261858	-0.245271	-0.240929	-0.250673	-0.285819	
-0.229291	-0.233489	-0.242608	-0.246731	-0.245503	-0.244877	-0.246812	-0.245116	-0.237258	-0.230311	-0.228986	-0.226313	-0.222224	-0.229953	-0.251197	-0.276692	-0.287893	-0.287182	-0.290561	-0.29305	-0.283767	-0.268682	-0.257649	-0.255777	-0.276267	
-0.215913	-0.222604	-0.241954	-0.253056	-0.252817	-0.252295	-0.254068	-0.247865	-0.230311	-0.216534	-0.21979	-0.227606	-0.236898	-0.257141	-0.276911	-0.286585	-0.289081	-0.286511	-0.282613	-0.287751	-0.28899	-0.273519	-0.258704	-0.256488	-0.274615	
-0.219857	-0.224186	-0.237132	-0.249896	-0.260094	-0.263191	-0.254388	-0.242525	-0.228986	-0.21979	-0.224176	-0.240673	-0.263172	-0.285083	-0.294765	-0.288277	-0.278969	-0.267992	-0.260828	-0.267819	-0.277542	-0.27135	-0.261289	-0.265521	-0.289909	
-0.231624	-0.226116	-0.228799	-0.236031	-0.241911	-0.242878	-0.238387	-0.231691	-0.226313	-0.227606	-0.240673	-0.266492	-0.294672	-0.310634	-0.305944	-0.283817	-0.257554	-0.238306	-0.237557	-0.254434	-0.274373	-0.284014	-0.285151	-0.296866	-0.325742	
-0.246328	-0.226719	-0.219842	-0.217259	-0.210975	-0.208822	-0.214642	-0.219355	-0.222224	-0.236898	-0.263172	-0.294672	-0.320103	-0.322744	-0.306897	-0.273682	-0.234381	-0.210204	-0.217836	-0.248192	-0.285591	-0.318427	-0.338046	-0.357064	-0.382945	
-0.268055	-0.240227	-0.219731	-0.214692	-0.216597	-0.216614	-0.215833	-0.215887	-0.229953	-0.257141	-0.285083	-0.310634	-0.322744	-0.31152	-0.287087	-0.250289	-0.207671	-0.187258	-0.203586	-0.242667	-0.297793	-0.358932	-0.402837	-0.431009	-0.451989	
-0.285081	-0.261456	-0.240141	-0.240457	-0.250097	-0.253342	-0.243878	-0.238025	-0.251197	-0.276911	-0.294765	-0.305944	-0.306897	-0.287087	-0.260327	-0.223802	-0.18834	-0.179287	-0.202737	-0.246205	-0.313904	-0.390874	-0.453912	-0.495879	-0.516252	
-0.28894	-0.28006	-0.275407	-0.283334	-0.286738	-0.287909	-0.284338	-0.278555	-0.276692	-0.286585	-0.288277	-0.283817	-0.273682	-0.250289	-0.223802	-0.196353	-0.1857	-0.194117	-0.221385	-0.26733	-0.342297	-0.431074	-0.505642	-0.556857	-0.573578	
-0.287155	-0.288421	-0.290608	-0.302026	-0.308342	-0.308985	-0.305502	-0.295071	-0.287893	-0.289081	-0.278969	-0.257554	-0.234381	-0.207671	-0.18834	-0.1857	-0.206015	-0.236158	-0.271736	-0.323837	-0.397357	-0.484462	-0.564176	-0.618987	-0.626742	
-0.280959	-0.28825	-0.285937	-0.289376	-0.297983	-0.299271	-0.293422	-0.285988	-0.287182	-0.286511	-0.267992	-0.238306	-0.210204	-0.187258	-0.179287	-0.194117	-0.236158	-0.294388	-0.351299	-0.404948	-0.470694	-0.552234	-0.627989	-0.671202	-0.661928	
-0.274351	-0.289849	-0.286081	-0.274343	-0.265539	-0.263302	-0.270029	-0.281541	-0.290561	-0.282613	-0.260828	-0.237557	-0.217836	-0.203586	-0.202737	-0.221385	-0.271736	-0.351299	-0.423913	-0.473933	-0.52994	-0.605259	-0.669531	-0.692639	-0.660168	
-0.280909	-0.294017	-0.285619	-0.263571	-0.242113	-0.239052	-0.252557	-0.278854	-0.29305	-0.287751	-0.267819	-0.254434	-0.248192	-0.242667	-0.246205	-0.26733	-0.323837	-0.404948	-0.473933	-0.513981	-0.565639	-0.630742	-0.676028	-0.676014	-0.619258	
-0.285522	-0.28871	-0.271709	-0.245024	-0.223537	-0.219957	-0.234481	-0.261858	-0.283767	-0.28899	-0.277542	-0.274373	-0.285591	-0.297793	-0.313904	-0.342297	-0.397357	-0.470694	-0.52994	-0.565639	-0.597281	-0.634019	-0.647891	-0.621383	-0.53943	
-0.27195	-0.272555	-0.257036	-0.227804	-0.201056	-0.193911	-0.216816	-0.245271	-0.268682	-0.273519	-0.27135	-0.284014	-0.318427	-0.358932	-0.390874	-0.431074	-0.484462	-0.552234	-0.605259	-0.630742	-0.634019	-0.623727	-0.602434	-0.541816	-0.423391	
-0.258415	-0.258706	-0.249717	-0.226929	-0.203699	-0.196597	-0.217872	-0.240929	-0.257649	-0.258704	-0.261289	-0.285151	-0.338046	-0.402837	-0.453912	-0.505642	-0.564176	-0.627989	-0.669531	-0.676028	-0.647891	-0.602434	-0.5403	-0.429018	-0.266093	
-0.258745	-0.255758	-0.253374	-0.246587	-0.241272	-0.239261	-0.244393	-0.250673	-0.255777	-0.256488	-0.265521	-0.296866	-0.357064	-0.431009	-0.495879	-0.556857	-0.618987	-0.671202	-0.692639	-0.676014	-0.621383	-0.541816	-0.429018	-0.268815	-0.0694609	
-0.278283	-0.273976	-0.281991	-0.291767	-0.301287	-0.302845	-0.295815	-0.285819	-0.276267	-0.274615	-0.289909	-0.325742	-0.382945	-0.451989	-0.516252	-0.573578	-0.626742	-0.661928	-0.660168	-0.619258	-0.53943	-0.423391	-0.266093	-0.0694609	0.152446	
