-0.648632	-0.702505	-0.774978	-0.853504	-0.916941	-0.963032	-0.987433	-0.969371	-0.890199	-0.747524	-0.552617	-0.312666	-0.0449794	0.244574	0.537168	0.800703	1.01949	1.1739	1.2646	1.31015	1.33304	1.33097	1.30014	1.25268	1.2147	
-0.702505	-0.73742	-0.787968	-0.833895	-0.853946	-0.863537	-0.854596	-0.803017	-0.691448	-0.529735	-0.326006	-0.0901382	0.170549	0.455434	0.739086	0.980545	1.15855	1.26056	1.30174	1.30476	1.2871	1.25609	1.20591	1.15386	1.12127	
-0.774978	-0.787968	-0.803044	-0.799912	-0.779537	-0.754476	-0.708667	-0.62151	-0.48125	-0.308128	-0.10176	0.131274	0.384507	0.647402	0.903356	1.11038	1.2408	1.29395	1.28945	1.24807	1.18757	1.12241	1.05266	0.993563	0.955975	
-0.853504	-0.833895	-0.799912	-0.755121	-0.697764	-0.63457	-0.553541	-0.439321	-0.294611	-0.114468	0.0941891	0.323578	0.564779	0.801617	1.01369	1.17156	1.24746	1.25513	1.2085	1.12653	1.02542	0.929787	0.845686	0.772393	0.726086	
-0.916941	-0.853946	-0.779537	-0.697764	-0.605439	-0.506303	-0.393002	-0.258903	-0.111251	0.0615866	0.253861	0.465025	0.687564	0.887892	1.05063	1.15493	1.17916	1.14129	1.05939	0.947539	0.813854	0.692321	0.589277	0.506164	0.451391	
-0.963032	-0.863537	-0.754476	-0.63457	-0.506303	-0.36857	-0.224185	-0.077534	0.066785	0.215334	0.371714	0.547628	0.734035	0.892957	1.00569	1.06082	1.0478	0.976	0.865118	0.723574	0.56657	0.430054	0.319979	0.231035	0.165011	
-0.987433	-0.854596	-0.708667	-0.553541	-0.393002	-0.224185	-0.0596734	0.0891385	0.214547	0.328914	0.448261	0.579078	0.714935	0.826132	0.892481	0.910479	0.87348	0.781507	0.651065	0.49028	0.324021	0.182568	0.0673529	-0.0334277	-0.119678	
-0.969371	-0.803017	-0.62151	-0.439321	-0.258903	-0.077534	0.0891385	0.220657	0.318799	0.404857	0.49198	0.575867	0.656449	0.72048	0.749925	0.74317	0.687223	0.582458	0.443577	0.28378	0.121227	-0.027306	-0.159112	-0.275383	-0.3756	
-0.890199	-0.691448	-0.48125	-0.294611	-0.111251	0.066785	0.214547	0.318799	0.392396	0.455996	0.505013	0.543933	0.577909	0.60075	0.595785	0.566982	0.505833	0.407038	0.277078	0.12542	-0.0327207	-0.191268	-0.334603	-0.461335	-0.566461	
-0.747524	-0.529735	-0.308128	-0.114468	0.0615866	0.215334	0.328914	0.404857	0.455996	0.483642	0.496575	0.498952	0.499435	0.48559	0.453873	0.408425	0.347947	0.258714	0.147204	0.012655	-0.141122	-0.298437	-0.438075	-0.559136	-0.663049	
-0.552617	-0.326006	-0.10176	0.0941891	0.253861	0.371714	0.448261	0.49198	0.505013	0.496575	0.472438	0.449638	0.426347	0.383109	0.326055	0.270114	0.208008	0.13323	0.0430415	-0.0700127	-0.200504	-0.341744	-0.464434	-0.572231	-0.664196	
-0.312666	-0.0901382	0.131274	0.323578	0.465025	0.547628	0.579078	0.575867	0.543933	0.498952	0.449638	0.406428	0.365635	0.301531	0.222212	0.148607	0.0896557	0.0311225	-0.03551	-0.119328	-0.224652	-0.333084	-0.428017	-0.514373	-0.588424	
-0.0449794	0.170549	0.384507	0.564779	0.687564	0.734035	0.714935	0.656449	0.577909	0.499435	0.426347	0.365635	0.307946	0.233251	0.140157	0.0555548	-0.00467847	-0.0485529	-0.0873538	-0.135487	-0.204044	-0.272849	-0.333019	-0.390684	-0.452351	
0.244574	0.455434	0.647402	0.801617	0.887892	0.892957	0.826132	0.72048	0.60075	0.48559	0.383109	0.301531	0.233251	0.157314	0.0676479	-0.0126465	-0.065887	-0.0961918	-0.111152	-0.120213	-0.137485	-0.154564	-0.174706	-0.214491	-0.263292	
0.537168	0.739086	0.903356	1.01369	1.05063	1.00569	0.892481	0.749925	0.595785	0.453873	0.326055	0.222212	0.140157	0.0676479	0.00521997	-0.0485839	-0.0854981	-0.0950182	-0.0845803	-0.0585967	-0.0289108	-0.00117884	0.0147957	-0.00877169	-0.0459861	
0.800703	0.980545	1.11038	1.17156	1.15493	1.06082	0.910479	0.74317	0.566982	0.408425	0.270114	0.148607	0.0555548	-0.0126465	-0.0485839	-0.0636506	-0.0697717	-0.0513614	-0.00887023	0.0468649	0.107265	0.163046	0.197842	0.195753	0.171329	
1.01949	1.15855	1.2408	1.24746	1.17916	1.0478	0.87348	0.687223	0.505833	0.347947	0.208008	0.0896557	-0.00467847	-0.065887	-0.0854981	-0.0697717	-0.0390668	0.0110847	0.0860968	0.168447	0.249551	0.319736	0.362037	0.372315	0.360316	
1.1739	1.26056	1.29395	1.25513	1.14129	0.976	0.781507	0.582458	0.407038	0.258714	0.13323	0.0311225	-0.0485529	-0.0961918	-0.0950182	-0.0513614	0.0110847	0.0880981	0.187185	0.285681	0.373832	0.447029	0.488021	0.500239	0.493023	
1.2646	1.30174	1.28945	1.2085	1.05939	0.865118	0.651065	0.443577	0.277078	0.147204	0.0430415	-0.03551	-0.0873538	-0.111152	-0.0845803	-0.00887023	0.0860968	0.187185	0.293511	0.390626	0.47415	0.534239	0.563047	0.569911	0.562715	
1.31015	1.30476	1.24807	1.12653	0.947539	0.723574	0.49028	0.28378	0.12542	0.012655	-0.0700127	-0.119328	-0.135487	-0.120213	-0.0585967	0.0468649	0.168447	0.285681	0.390626	0.48061	0.550344	0.588713	0.601698	0.59835	0.586819	
1.33304	1.2871	1.18757	1.02542	0.813854	0.56657	0.324021	0.121227	-0.0327207	-0.141122	-0.200504	-0.224652	-0.204044	-0.137485	-0.0289108	0.107265	0.249551	0.373832	0.47415	0.550344	0.60088	0.622049	0.617326	0.600036	0.571262	
1.33097	1.25609	1.12241	0.929787	0.692321	0.430054	0.182568	-0.027306	-0.191268	-0.298437	-0.341744	-0.333084	-0.272849	-0.154564	-0.00117884	0.163046	0.319736	0.447029	0.534239	0.588713	0.622049	0.629987	0.610434	0.5764	0.53041	
1.30014	1.20591	1.05266	0.845686	0.589277	0.319979	0.0673529	-0.159112	-0.334603	-0.438075	-0.464434	-0.428017	-0.333019	-0.174706	0.0147957	0.197842	0.362037	0.488021	0.563047	0.601698	0.617326	0.610434	0.580185	0.535627	0.484894	
1.25268	1.15386	0.993563	0.772393	0.506164	0.231035	-0.0334277	-0.275383	-0.461335	-0.559136	-0.572231	-0.514373	-0.390684	-0.214491	-0.00877169	0.195753	0.372315	0.500239	0.569911	0.59835	0.600036	0.5764	0.535627	0.485421	0.430601	
1.2147	1.12127	0.955975	0.726086	0.451391	0.165011	-0.119678	-0.3756	-0.566461	-0.663049	-0.664196	-0.588424	-0.452351	-0.263292	-0.0459861	0.171329	0.360316	0.493023	0.562715	0.586819	0.571262	0.53041	0.484894	0.430601	0.371727	
1.20304	1.11944	0.951563	0.716254	0.434942	0.127404	-0.181483	-0.449039	-0.647662	-0.7488	-0.74338	-0.653748	-0.505138	-0.302307	-0.0767539	0.140332	0.330709	0.467211	0.53713	0.557289	0.536191	0.482662	0.424112	0.368439	0.309359	
1.21223	1.13745	0.968448	0.727325	0.431703	0.104957	-0.218164	-0.494111	-0.698805	-0.808309	-0.800247	-0.700233	-0.536927	-0.32549	-0.0994907	0.111701	0.295339	0.427077	0.493187	0.51131	0.492093	0.434444	0.360032	0.295844	0.238015	
1.21623	1.14542	0.97893	0.737993	0.431295	0.0883837	-0.24171	-0.522473	-0.727746	-0.835858	-0.834616	-0.72796	-0.552745	-0.338159	-0.115964	0.0841761	0.247736	0.368587	0.436997	0.454266	0.430485	0.376845	0.306433	0.236178	0.173182	
1.20893	1.14076	0.981192	0.734399	0.419236	0.0734467	-0.256429	-0.535153	-0.737475	-0.847849	-0.845268	-0.73442	-0.552362	-0.33998	-0.125571	0.0614999	0.20557	0.311621	0.376218	0.389783	0.363473	0.317994	0.258474	0.192284	0.125242	
1.20284	1.13618	0.979147	0.726586	0.409233	0.0648748	-0.263594	-0.536699	-0.734558	-0.848596	-0.846322	-0.7328	-0.548208	-0.332534	-0.12104	0.0535848	0.186253	0.281858	0.333612	0.340091	0.316354	0.274917	0.217195	0.156488	0.0929919	
1.2011	1.13507	0.978359	0.725463	0.408279	0.0633774	-0.264808	-0.535993	-0.733404	-0.847459	-0.846217	-0.731361	-0.548494	-0.329967	-0.118092	0.0530442	0.182946	0.277605	0.32685	0.331752	0.307685	0.266034	0.208868	0.148396	0.0869516	
1.20619	1.13831	0.980211	0.730626	0.413991	0.0697527	-0.259801	-0.537069	-0.737397	-0.849866	-0.845851	-0.733724	-0.550375	-0.337526	-0.125135	0.0561891	0.194667	0.295835	0.355986	0.366553	0.340974	0.297935	0.240164	0.176838	0.110471	
1.21388	1.14413	0.980994	0.738076	0.427252	0.0821577	-0.248684	-0.529299	-0.733591	-0.842588	-0.841491	-0.732749	-0.553706	-0.340279	-0.121454	0.0741255	0.229002	0.343719	0.411563	0.428132	0.403393	0.352884	0.287239	0.217631	0.151636	
1.21575	1.14319	0.973857	0.73302	0.43248	0.0981382	-0.228547	-0.507311	-0.712862	-0.821801	-0.81671	-0.713859	-0.545914	-0.33128	-0.106241	0.100491	0.277421	0.405627	0.472259	0.490217	0.469451	0.412223	0.337246	0.269072	0.210144	
1.20591	1.12592	0.957488	0.719222	0.43263	0.117193	-0.19864	-0.469362	-0.671598	-0.777123	-0.769147	-0.674562	-0.519486	-0.313134	-0.0869114	0.128482	0.317474	0.453423	0.520991	0.539818	0.520558	0.463901	0.397622	0.339929	0.281922	
1.20664	1.11658	0.949912	0.718163	0.441081	0.147151	-0.147879	-0.409138	-0.601825	-0.699306	-0.697409	-0.616024	-0.476306	-0.281152	-0.0591868	0.1588	0.34949	0.484278	0.554819	0.57799	0.557946	0.511262	0.462183	0.406891	0.347517	
1.23515	1.13761	0.975208	0.749719	0.480497	0.201558	-0.0707425	-0.317886	-0.50656	-0.60262	-0.611759	-0.545179	-0.41444	-0.233476	-0.0243073	0.18778	0.370674	0.49995	0.568946	0.594884	0.589607	0.558783	0.516199	0.463412	0.406877	
1.28169	1.18381	1.02727	0.81368	0.552681	0.282523	0.0261261	-0.207549	-0.387594	-0.488924	-0.508821	-0.463385	-0.355733	-0.188659	0.00978382	0.200886	0.369745	0.496084	0.567593	0.601925	0.611617	0.598064	0.562619	0.516897	0.464663	
1.32154	1.23821	1.09428	0.894982	0.650083	0.383243	0.13341	-0.0817774	-0.251148	-0.355697	-0.393615	-0.373	-0.298518	-0.161152	0.00956453	0.180873	0.339671	0.467708	0.549692	0.596376	0.622484	0.624795	0.601206	0.561562	0.513236	
1.33627	1.2769	1.16263	0.985239	0.761057	0.507919	0.264111	0.0601036	-0.097096	-0.205498	-0.257453	-0.267928	-0.232468	-0.145345	-0.0179391	0.13081	0.280355	0.406369	0.501355	0.569274	0.612913	0.629014	0.617722	0.592723	0.556266	
1.32121	1.29856	1.22469	1.08748	0.896225	0.661708	0.422363	0.217221	0.0624355	-0.0468476	-0.120142	-0.160431	-0.160777	-0.125767	-0.0465123	0.0710355	0.200978	0.321763	0.426362	0.511998	0.573683	0.604306	0.610167	0.602689	0.584891	
1.2866	1.30724	1.27655	1.17867	1.01741	0.810956	0.589292	0.381699	0.217911	0.0964816	0.000545192	-0.065767	-0.105037	-0.114509	-0.0753792	0.0129205	0.119018	0.227469	0.333753	0.428714	0.507434	0.558914	0.582158	0.58477	0.57746	
1.21707	1.28273	1.29789	1.24211	1.11295	0.936274	0.733381	0.529996	0.35848	0.216452	0.099151	0.0058668	-0.0640931	-0.104003	-0.0931089	-0.036972	0.0392581	0.126258	0.229141	0.328882	0.417048	0.487512	0.523872	0.534616	0.527563	
1.08978	1.20801	1.27059	1.25752	1.16991	1.02533	0.842382	0.65074	0.470684	0.315502	0.179903	0.0671656	-0.0234667	-0.0803082	-0.092571	-0.0661162	-0.0225791	0.0395759	0.126097	0.216806	0.302541	0.374489	0.417927	0.43018	0.421678	
0.895101	1.06034	1.17227	1.21185	1.1739	1.0637	0.902744	0.726959	0.546832	0.386286	0.246102	0.12394	0.0286282	-0.0369987	-0.0659529	-0.0675277	-0.0588215	-0.02771	0.0284027	0.094945	0.164596	0.227275	0.26645	0.270863	0.252434	
0.647137	0.842358	0.994149	1.08533	1.10109	1.03569	0.90536	0.751617	0.587553	0.437261	0.304287	0.191054	0.103812	0.0328878	-0.0174641	-0.0556288	-0.0820667	-0.0812336	-0.0583573	-0.0202807	0.0235321	0.0645362	0.0897097	0.074998	0.0417114	
0.362843	0.571945	0.752436	0.890108	0.957829	0.943782	0.858719	0.736484	0.601619	0.474964	0.360445	0.270147	0.196746	0.122085	0.0418753	-0.0311772	-0.0792226	-0.102005	-0.108013	-0.101555	-0.0985888	-0.0958065	-0.09993	-0.133698	-0.177385	
0.069213	0.282066	0.489118	0.661603	0.771568	0.802599	0.763419	0.685522	0.589567	0.496313	0.411659	0.343063	0.280799	0.205407	0.110069	0.0245743	-0.0335932	-0.0724514	-0.101328	-0.134263	-0.182411	-0.231837	-0.276237	-0.325968	-0.381968	
-0.207907	0.011303	0.230852	0.418823	0.554372	0.623484	0.634904	0.608665	0.557969	0.499769	0.442405	0.391614	0.342785	0.273425	0.188199	0.108355	0.0489267	-0.00367058	-0.0590643	-0.128892	-0.222441	-0.315894	-0.39788	-0.472318	-0.541809	
-0.460994	-0.234917	-0.011995	0.183543	0.336557	0.439208	0.498825	0.525915	0.52132	0.497719	0.461821	0.430505	0.401742	0.347953	0.28078	0.218954	0.157573	0.0894311	0.00808061	-0.0946389	-0.214187	-0.343871	-0.456872	-0.55704	-0.641422	
