0.294653	0.492703	0.657426	0.773687	0.839136	0.85	0.805825	0.709939	0.563651	0.376601	0.167985	-0.0382332	-0.220042	-0.361555	-0.455352	-0.504705	-0.514119	-0.487693	-0.42812	-0.343987	-0.25237	-0.168172	-0.107113	-0.0649687	-0.0255692	
0.30663	0.502767	0.663047	0.777251	0.837633	0.846979	0.808212	0.714456	0.571472	0.38865	0.17792	-0.0338568	-0.222863	-0.371751	-0.473391	-0.532315	-0.551984	-0.536058	-0.482142	-0.397103	-0.298363	-0.199896	-0.122562	-0.0638313	-0.0149044	
0.32738	0.52562	0.680505	0.787522	0.844975	0.853797	0.816669	0.729049	0.593362	0.411241	0.195766	-0.0246404	-0.229501	-0.39805	-0.517443	-0.590893	-0.61981	-0.60853	-0.559164	-0.473159	-0.363641	-0.244458	-0.13848	-0.0531869	0.0155476	
0.343456	0.539521	0.690329	0.795866	0.849393	0.856801	0.823863	0.738196	0.605119	0.426811	0.209994	-0.0185564	-0.23835	-0.426188	-0.564863	-0.655216	-0.698307	-0.693698	-0.640776	-0.544231	-0.416525	-0.275094	-0.145422	-0.0328708	0.0567563	
0.338403	0.534939	0.682574	0.783486	0.835062	0.842301	0.810242	0.728321	0.599737	0.422561	0.203995	-0.0296149	-0.256858	-0.453719	-0.606584	-0.711053	-0.761424	-0.759282	-0.701089	-0.588491	-0.437613	-0.266312	-0.110333	0.0154833	0.111743	
0.313532	0.504984	0.643026	0.735505	0.781907	0.787858	0.759846	0.685436	0.566409	0.395694	0.180848	-0.0523293	-0.288149	-0.494371	-0.649474	-0.752233	-0.797013	-0.784961	-0.714513	-0.582412	-0.405425	-0.208624	-0.0265305	0.112627	0.201076	
0.260086	0.43767	0.562496	0.645409	0.682963	0.687754	0.666216	0.600006	0.493519	0.337718	0.132642	-0.0955856	-0.326276	-0.527453	-0.677025	-0.769297	-0.796617	-0.759303	-0.66325	-0.510355	-0.314469	-0.104049	0.0882276	0.233447	0.313464	
0.170822	0.328685	0.436774	0.506077	0.539818	0.544195	0.523623	0.468667	0.377497	0.23925	0.058629	-0.142891	-0.349395	-0.532387	-0.665603	-0.739572	-0.749057	-0.692202	-0.575625	-0.401037	-0.184462	0.036309	0.228258	0.366948	0.436414	
0.0828999	0.204777	0.28353	0.329186	0.347107	0.348868	0.339286	0.305898	0.240499	0.136709	-0.00879458	-0.184247	-0.362744	-0.517509	-0.625907	-0.674561	-0.663924	-0.589064	-0.452609	-0.265511	-0.0389721	0.194935	0.389771	0.516509	0.568027	
-0.0013407	0.0859509	0.131594	0.148024	0.152819	0.153028	0.150338	0.140724	0.109064	0.0381211	-0.0699999	-0.208563	-0.359	-0.486683	-0.57455	-0.603067	-0.561254	-0.462789	-0.308238	-0.103379	0.12751	0.358439	0.552378	0.667649	0.694932	
-0.0668432	-0.0109043	0.00879651	0.0119848	0.00626089	0.00420568	0.0106786	0.0110215	0.000277874	-0.0398812	-0.116639	-0.218856	-0.338671	-0.443481	-0.504826	-0.511778	-0.453589	-0.333224	-0.162436	0.0526993	0.288895	0.505988	0.684809	0.786685	0.790225	
-0.0784419	-0.0490898	-0.0473997	-0.0643594	-0.0811762	-0.0829354	-0.0722456	-0.0535769	-0.0447116	-0.0627822	-0.113836	-0.199165	-0.295716	-0.377977	-0.425174	-0.414953	-0.343095	-0.207604	-0.0270525	0.184737	0.418903	0.624404	0.773536	0.845793	0.827856	
-0.0345577	-0.0242183	-0.035905	-0.0678958	-0.0866642	-0.0884155	-0.0791232	-0.0466677	-0.026461	-0.0280548	-0.0555396	-0.123141	-0.202262	-0.276714	-0.31746	-0.295295	-0.217568	-0.0821741	0.0975102	0.295536	0.496749	0.674483	0.792295	0.824653	0.775261	
0.0786183	0.0708979	0.0447375	0.00460257	-0.0221564	-0.0256831	-0.00969641	0.0298544	0.0618886	0.0784898	0.0664116	0.0128952	-0.0544496	-0.120011	-0.157141	-0.138858	-0.0675378	0.0512213	0.208133	0.373322	0.524614	0.649987	0.72256	0.717034	0.631683	
0.25307	0.231936	0.190052	0.144195	0.111932	0.106378	0.128908	0.170904	0.217141	0.248275	0.248925	0.215941	0.157106	0.0961583	0.0502615	0.0461598	0.0993273	0.183799	0.294931	0.413639	0.509351	0.566851	0.580993	0.542573	0.435194	
0.485634	0.453934	0.401739	0.346771	0.311173	0.30466	0.329576	0.378444	0.43443	0.476505	0.489834	0.465437	0.406331	0.337644	0.280844	0.254003	0.26854	0.31367	0.369537	0.41997	0.451992	0.448494	0.405447	0.321765	0.203016	
0.757409	0.719252	0.66629	0.605031	0.568212	0.563479	0.585786	0.640975	0.700346	0.744483	0.76382	0.737454	0.675253	0.594866	0.515275	0.456655	0.425567	0.422008	0.420718	0.402579	0.366192	0.306922	0.21824	0.103696	-0.0247168	
1.03848	1.00344	0.950019	0.900195	0.865601	0.859523	0.884103	0.928821	0.982813	1.02872	1.03962	1.01385	0.949274	0.844774	0.73867	0.645108	0.566389	0.50791	0.451035	0.374152	0.269465	0.157149	0.0363085	-0.0888253	-0.216967	
1.30952	1.27947	1.22887	1.18602	1.15047	1.14267	1.17024	1.21035	1.25948	1.30271	1.30593	1.27008	1.1947	1.07596	0.947047	0.820816	0.698579	0.585937	0.471128	0.342379	0.192383	0.0366781	-0.112857	-0.248235	-0.365742	
1.52869	1.50162	1.45703	1.41484	1.38492	1.3782	1.40106	1.43986	1.48438	1.52122	1.52809	1.49137	1.40971	1.2908	1.1421	0.98336	0.833051	0.676266	0.508571	0.331918	0.139114	-0.0482193	-0.212962	-0.347918	-0.457037	
1.67048	1.64388	1.59722	1.55237	1.52847	1.52309	1.5407	1.57762	1.62611	1.66307	1.67905	1.66178	1.58717	1.47349	1.32573	1.14857	0.970375	0.781208	0.575165	0.356181	0.128321	-0.0811892	-0.257578	-0.387597	-0.481512	
1.73702	1.69315	1.63354	1.584	1.5531	1.54724	1.56939	1.61088	1.67086	1.72135	1.75589	1.76102	1.71152	1.62077	1.48532	1.31152	1.11021	0.890799	0.659009	0.411284	0.168794	-0.0587979	-0.243111	-0.367005	-0.447077	
1.72077	1.6467	1.56898	1.51339	1.47464	1.46731	1.49586	1.54389	1.61481	1.69192	1.75526	1.78986	1.78299	1.72222	1.60353	1.44343	1.24111	1.00979	0.753209	0.483356	0.228606	-0.00361293	-0.180264	-0.298533	-0.367685	
1.62447	1.52427	1.43121	1.36158	1.32096	1.31401	1.34134	1.39995	1.48515	1.58491	1.68223	1.76031	1.79676	1.77268	1.68975	1.54034	1.33575	1.09947	0.827356	0.550806	0.290567	0.062482	-0.104426	-0.212031	-0.258796	
1.49154	1.36286	1.25167	1.1649	1.11644	1.10896	1.14034	1.21354	1.31563	1.43917	1.56846	1.68132	1.75715	1.77428	1.72263	1.59222	1.39059	1.14101	0.86911	0.592979	0.332906	0.118115	-0.0363717	-0.125405	-0.156743	
1.33681	1.181	1.05721	0.959934	0.908693	0.90156	0.932899	1.01501	1.12706	1.27207	1.43194	1.5737	1.68984	1.74206	1.7058	1.59469	1.40641	1.14887	0.870312	0.591116	0.339077	0.141788	0.00181598	-0.0673761	-0.0796018	
1.181	1.01051	0.87724	0.773295	0.72085	0.713574	0.744927	0.831899	0.952984	1.10961	1.29155	1.46265	1.60474	1.68539	1.6747	1.56906	1.37672	1.11696	0.832722	0.55578	0.314334	0.127837	0.00474837	-0.046188	-0.0345847	
1.05721	0.87724	0.730198	0.621667	0.562614	0.553098	0.591974	0.681713	0.813658	0.982045	1.17383	1.36327	1.52091	1.61807	1.6252	1.52521	1.3284	1.06463	0.778438	0.502524	0.267436	0.0946123	-0.0119072	-0.0505516	-0.0228281	
0.959934	0.773295	0.621667	0.516843	0.459527	0.449877	0.488324	0.573655	0.70784	0.882061	1.08201	1.28596	1.4606	1.56801	1.57744	1.48154	1.28725	1.01806	0.720858	0.444476	0.217366	0.0527928	-0.0473363	-0.0756111	-0.0261844	
0.908693	0.72085	0.562614	0.459527	0.398233	0.386534	0.430557	0.514506	0.65309	0.830728	1.03177	1.24334	1.42034	1.53222	1.55273	1.45514	1.25246	0.983912	0.684463	0.407992	0.184051	0.0230612	-0.0686492	-0.0935534	-0.0362602	
0.90156	0.713574	0.553098	0.449877	0.386534	0.374173	0.42077	0.504507	0.644343	0.823646	1.02381	1.2363	1.41403	1.52542	1.54801	1.44979	1.24389	0.977527	0.679045	0.40173	0.178249	0.0180648	-0.0705066	-0.0957338	-0.038553	
0.932899	0.744927	0.591974	0.488324	0.430557	0.42077	0.459937	0.544027	0.679297	0.854734	1.05612	1.26407	1.44202	1.55182	1.56484	1.46896	1.27171	1.00274	0.702691	0.426083	0.20188	0.0378525	-0.0596634	-0.0853185	-0.0296362	
1.01501	0.831899	0.681713	0.573655	0.514506	0.504507	0.544027	0.633133	0.767183	0.938442	1.13411	1.32937	1.49293	1.59519	1.60399	1.50696	1.31157	1.04406	0.754837	0.478228	0.246047	0.0786048	-0.024689	-0.0587459	-0.0237775	
1.12706	0.952984	0.813658	0.70784	0.65309	0.644343	0.679297	0.767183	0.892264	1.05435	1.24066	1.42063	1.5706	1.65917	1.65657	1.55234	1.35731	1.09657	0.812742	0.536214	0.297372	0.116264	4.20418e-05	-0.0448837	-0.0265892	
1.27207	1.10961	0.982045	0.882061	0.830728	0.823646	0.854734	0.938442	1.05435	1.20521	1.374	1.52911	1.65678	1.72019	1.69609	1.58734	1.39906	1.14166	0.858019	0.58027	0.333177	0.139402	0.00558597	-0.0557866	-0.0569197	
1.43194	1.29155	1.17383	1.08201	1.03177	1.02381	1.05612	1.13411	1.24066	1.374	1.51623	1.64054	1.73314	1.76507	1.71923	1.59765	1.4025	1.14813	0.874623	0.59739	0.338859	0.132493	-0.0150887	-0.0967713	-0.12322	
1.5737	1.46265	1.36327	1.28596	1.24334	1.2363	1.26407	1.32937	1.42063	1.52911	1.64054	1.73268	1.78582	1.77982	1.71002	1.56769	1.36222	1.1205	0.848969	0.572548	0.311749	0.0868853	-0.0762246	-0.176639	-0.215787	
1.68984	1.60474	1.52091	1.4606	1.42034	1.41403	1.44202	1.49293	1.5706	1.65678	1.73314	1.78582	1.79527	1.74723	1.64266	1.48674	1.28408	1.05189	0.786298	0.51159	0.254095	0.0228471	-0.149983	-0.265318	-0.325104	
1.74206	1.68539	1.61807	1.56801	1.53222	1.52542	1.55182	1.59519	1.65917	1.72019	1.76507	1.77982	1.74723	1.66854	1.53674	1.36827	1.16509	0.938349	0.697177	0.439026	0.191128	-0.0392891	-0.221349	-0.342979	-0.420619	
1.7058	1.6747	1.6252	1.57744	1.55273	1.54801	1.56484	1.60399	1.65657	1.69609	1.71923	1.71002	1.64266	1.53674	1.3939	1.21683	1.02642	0.823902	0.606914	0.375288	0.140841	-0.0782822	-0.26018	-0.387362	-0.47408	
1.59469	1.56906	1.52521	1.48154	1.45514	1.44979	1.46896	1.50696	1.55234	1.58734	1.59765	1.56769	1.48674	1.36827	1.21683	1.04771	0.887162	0.717576	0.532495	0.337159	0.127696	-0.068305	-0.236876	-0.370586	-0.474099	
1.40641	1.37672	1.3284	1.28725	1.25246	1.24389	1.27171	1.31157	1.35731	1.39906	1.4025	1.36222	1.28408	1.16509	1.02642	0.887162	0.752503	0.619713	0.482677	0.334522	0.167305	-0.00232212	-0.159555	-0.295785	-0.410512	
1.14887	1.11696	1.06463	1.01806	0.983912	0.977527	1.00274	1.04406	1.09657	1.14166	1.14813	1.1205	1.05189	0.938349	0.823902	0.717576	0.619713	0.538828	0.458652	0.360916	0.236102	0.104776	-0.0291826	-0.158734	-0.282093	
0.870312	0.832722	0.778438	0.720858	0.684463	0.679045	0.702691	0.754837	0.812742	0.858019	0.874623	0.848969	0.786298	0.697177	0.606914	0.532495	0.482677	0.458652	0.435252	0.392473	0.326221	0.245646	0.144097	0.0238155	-0.106153	
0.591116	0.55578	0.502524	0.444476	0.407992	0.40173	0.426083	0.478228	0.536214	0.58027	0.59739	0.572548	0.51159	0.439026	0.375288	0.337159	0.334522	0.360916	0.392473	0.41471	0.420184	0.393916	0.330677	0.23182	0.108602	
0.339077	0.314334	0.267436	0.217366	0.184051	0.178249	0.20188	0.246047	0.297372	0.333177	0.338859	0.311749	0.254095	0.191128	0.140841	0.127696	0.167305	0.236102	0.326221	0.420184	0.491457	0.523055	0.513219	0.457251	0.345105	
0.141788	0.127837	0.0946123	0.0527928	0.0230612	0.0180648	0.0378525	0.0786048	0.116264	0.139402	0.132493	0.0868853	0.0228471	-0.0392891	-0.0782822	-0.068305	-0.00232212	0.104776	0.245646	0.393916	0.523055	0.621791	0.672811	0.654637	0.558218	
0.00181598	0.00474837	-0.0119072	-0.0473363	-0.0686492	-0.0705066	-0.0596634	-0.024689	4.20418e-05	0.00558597	-0.0150887	-0.0762246	-0.149983	-0.221349	-0.26018	-0.236876	-0.159555	-0.0291826	0.144097	0.330677	0.513219	0.672811	0.774353	0.791247	0.726388	
-0.0673761	-0.046188	-0.0505516	-0.0756111	-0.0935534	-0.0957338	-0.0853185	-0.0587459	-0.0448837	-0.0557866	-0.0967713	-0.176639	-0.265318	-0.342979	-0.387362	-0.370586	-0.295785	-0.158734	0.0238155	0.23182	0.457251	0.654637	0.791247	0.847998	0.818815	
-0.0796018	-0.0345847	-0.0228281	-0.0261844	-0.0362602	-0.038553	-0.0296362	-0.0237775	-0.0265892	-0.0569197	-0.12322	-0.215787	-0.325104	-0.420619	-0.47408	-0.474099	-0.410512	-0.282093	-0.106153	0.108602	0.345105	0.558218	0.726388	0.818815	0.814507	
