-0.663421	-0.671363	-0.634294	-0.545801	-0.407248	-0.245574	-0.0827258	0.0673275	0.194397	0.281958	0.328515	0.339288	0.31158	0.255493	0.194332	0.15576	0.143253	0.177301	0.271544	0.394865	0.52256	0.639087	0.722327	0.744005	0.687518	
-0.671363	-0.627167	-0.544306	-0.417488	-0.258625	-0.0871962	0.078327	0.224856	0.339	0.418778	0.45927	0.449798	0.395641	0.308647	0.217085	0.14337	0.0985567	0.10738	0.173189	0.275174	0.39506	0.515186	0.61128	0.652523	0.627671	
-0.634294	-0.544306	-0.425905	-0.277902	-0.107856	0.0652883	0.229409	0.364549	0.461196	0.525011	0.545425	0.507132	0.421799	0.311341	0.194008	0.0933858	0.033314	0.0262829	0.072754	0.160427	0.277076	0.408508	0.517382	0.578682	0.579775	
-0.545801	-0.417488	-0.277902	-0.12183	0.0393933	0.198203	0.348519	0.467337	0.541681	0.581023	0.571423	0.502662	0.396311	0.269221	0.137135	0.0279065	-0.0354491	-0.0499481	-0.0181453	0.0598683	0.176525	0.315156	0.438492	0.515868	0.535127	
-0.407248	-0.258625	-0.107856	0.0393933	0.175111	0.304113	0.424217	0.518024	0.568173	0.577935	0.537223	0.445193	0.323589	0.184866	0.0493466	-0.0540188	-0.108601	-0.123275	-0.0917305	-0.0134955	0.10438	0.244927	0.37706	0.467397	0.49569	
-0.245574	-0.0871962	0.0652883	0.198203	0.304113	0.388709	0.464781	0.5213	0.546592	0.527791	0.463365	0.360943	0.231237	0.0861016	-0.0465438	-0.141657	-0.188794	-0.196878	-0.156014	-0.0684593	0.0484515	0.186101	0.31981	0.419746	0.459172	
-0.0827258	0.078327	0.229409	0.348519	0.424217	0.464781	0.488482	0.504636	0.495493	0.44836	0.370632	0.26661	0.136928	-0.00417265	-0.129759	-0.218372	-0.261824	-0.26327	-0.210795	-0.119814	-0.00364186	0.125099	0.254825	0.36325	0.416827	
0.0673275	0.224856	0.364549	0.467337	0.518024	0.5213	0.504636	0.474527	0.430394	0.364217	0.280608	0.176033	0.0516444	-0.0764937	-0.187575	-0.268158	-0.305935	-0.30115	-0.250318	-0.164057	-0.0545401	0.065025	0.189524	0.302236	0.372474	
0.194397	0.339	0.461196	0.541681	0.568173	0.546592	0.495493	0.430394	0.36781	0.300788	0.215386	0.108922	-0.00746131	-0.119602	-0.216232	-0.282232	-0.308356	-0.305103	-0.26902	-0.202269	-0.107932	0.00221134	0.121636	0.239528	0.322793	
0.281958	0.418778	0.525011	0.581023	0.577935	0.527791	0.44836	0.364217	0.300788	0.241138	0.161737	0.0665212	-0.0345082	-0.135465	-0.219629	-0.264882	-0.281378	-0.285793	-0.272137	-0.232352	-0.16106	-0.0658864	0.0521288	0.173304	0.266924	
0.328515	0.45927	0.545425	0.571423	0.537223	0.463365	0.370632	0.280608	0.215386	0.161737	0.100323	0.0305276	-0.0529841	-0.146922	-0.214613	-0.242782	-0.256083	-0.267664	-0.267453	-0.244917	-0.197355	-0.11765	-0.00393757	0.115626	0.213961	
0.339288	0.449798	0.507132	0.502662	0.445193	0.360943	0.26661	0.176033	0.108922	0.0665212	0.0305276	-0.0120428	-0.0778659	-0.152328	-0.204286	-0.228244	-0.248717	-0.2658	-0.265444	-0.24974	-0.215213	-0.145567	-0.0401219	0.0747193	0.173941	
0.31158	0.395641	0.421799	0.396311	0.323589	0.231237	0.136928	0.0516444	-0.00746131	-0.0345082	-0.0529841	-0.0778659	-0.113827	-0.161061	-0.199684	-0.228165	-0.254938	-0.268464	-0.267624	-0.250859	-0.217291	-0.152391	-0.0524149	0.055528	0.157132	
0.255493	0.308647	0.311341	0.269221	0.184866	0.0861016	-0.00417265	-0.0764937	-0.119602	-0.135465	-0.146922	-0.152328	-0.161061	-0.184737	-0.216189	-0.241279	-0.256379	-0.262654	-0.259269	-0.240889	-0.204288	-0.139876	-0.0467091	0.0599236	0.164746	
0.194332	0.217085	0.194008	0.137135	0.0493466	-0.0465438	-0.129759	-0.187575	-0.216232	-0.219629	-0.214613	-0.204286	-0.199684	-0.216189	-0.239373	-0.250619	-0.250978	-0.248409	-0.243288	-0.224271	-0.189664	-0.12928	-0.0406591	0.066526	0.181111	
0.15576	0.14337	0.0933858	0.0279065	-0.0540188	-0.141657	-0.218372	-0.268158	-0.282232	-0.264882	-0.242782	-0.228244	-0.228165	-0.241279	-0.250619	-0.250247	-0.242797	-0.232236	-0.222616	-0.206982	-0.178691	-0.12712	-0.0454021	0.0599806	0.18428	
0.143253	0.0985567	0.033314	-0.0354491	-0.108601	-0.188794	-0.261824	-0.305935	-0.308356	-0.281378	-0.256083	-0.248717	-0.254938	-0.256379	-0.250978	-0.242797	-0.227348	-0.21005	-0.19796	-0.188843	-0.170051	-0.127464	-0.0603894	0.0372841	0.166152	
0.177301	0.10738	0.0262829	-0.0499481	-0.123275	-0.196878	-0.26327	-0.30115	-0.305103	-0.285793	-0.267664	-0.2658	-0.268464	-0.262654	-0.248409	-0.232236	-0.21005	-0.188987	-0.183475	-0.182753	-0.169646	-0.138434	-0.0833303	0.00581559	0.132878	
0.271544	0.173189	0.072754	-0.0181453	-0.0917305	-0.156014	-0.210795	-0.250318	-0.26902	-0.272137	-0.267453	-0.265444	-0.267624	-0.259269	-0.243288	-0.222616	-0.19796	-0.183475	-0.188434	-0.198035	-0.193524	-0.172134	-0.124552	-0.0357493	0.0885245	
0.394865	0.275174	0.160427	0.0598683	-0.0134955	-0.0684593	-0.119814	-0.164057	-0.202269	-0.232352	-0.244917	-0.24974	-0.250859	-0.240889	-0.224271	-0.206982	-0.188843	-0.182753	-0.198035	-0.218266	-0.224452	-0.211547	-0.168382	-0.0814113	0.0391867	
0.52256	0.39506	0.277076	0.176525	0.10438	0.0484515	-0.00364186	-0.0545401	-0.107932	-0.16106	-0.197355	-0.215213	-0.217291	-0.204288	-0.189664	-0.178691	-0.170051	-0.169646	-0.193524	-0.224452	-0.238401	-0.233661	-0.20063	-0.125186	-0.011556	
0.639087	0.515186	0.408508	0.315156	0.244927	0.186101	0.125099	0.065025	0.00221134	-0.0658864	-0.11765	-0.145567	-0.152391	-0.139876	-0.12928	-0.12712	-0.127464	-0.138434	-0.172134	-0.211547	-0.233661	-0.239134	-0.222454	-0.162587	-0.0560922	
0.722327	0.61128	0.517382	0.438492	0.37706	0.31981	0.254825	0.189524	0.121636	0.0521288	-0.00393757	-0.0401219	-0.0524149	-0.0467091	-0.0406591	-0.0454021	-0.0603894	-0.0833303	-0.124552	-0.168382	-0.20063	-0.222454	-0.221313	-0.174392	-0.0745853	
0.744005	0.652523	0.578682	0.515868	0.467397	0.419746	0.36325	0.302236	0.239528	0.173304	0.115626	0.0747193	0.055528	0.0599236	0.066526	0.0599806	0.0372841	0.00581559	-0.0357493	-0.0814113	-0.125186	-0.162587	-0.174392	-0.13779	-0.0467128	
0.687518	0.627671	0.579775	0.535127	0.49569	0.459172	0.416827	0.372474	0.322793	0.266924	0.213961	0.173941	0.157132	0.164746	0.181111	0.18428	0.166152	0.132878	0.0885245	0.0391867	-0.011556	-0.0560922	-0.0745853	-0.0467128	0.0382376	
0.566028	0.534537	0.510185	0.483834	0.457801	0.434228	0.414997	0.393542	0.362759	0.322808	0.281743	0.250615	0.241206	0.254612	0.281895	0.305086	0.303851	0.277656	0.232257	0.179713	0.128195	0.0878446	0.0714361	0.0977007	0.182416	
0.393239	0.377138	0.370579	0.36365	0.357163	0.360227	0.369344	0.371882	0.358756	0.333187	0.30856	0.299123	0.308391	0.335822	0.375636	0.414503	0.434013	0.421655	0.385099	0.333372	0.282302	0.248793	0.244762	0.27967	0.367758	
0.207677	0.198464	0.195035	0.203229	0.22254	0.256059	0.298434	0.324668	0.32227	0.305446	0.293141	0.30315	0.341452	0.392104	0.449742	0.503627	0.538529	0.547121	0.531165	0.493082	0.446355	0.420466	0.428132	0.472566	0.564898	
0.0446589	0.0353119	0.0366871	0.0582407	0.098091	0.155639	0.219942	0.262424	0.273541	0.265968	0.261856	0.285773	0.344269	0.424375	0.507578	0.577465	0.62099	0.636622	0.63899	0.620965	0.589746	0.571931	0.583146	0.629521	0.726182	
-0.0604301	-0.0694988	-0.0654421	-0.0321054	0.0203877	0.0880171	0.161298	0.215205	0.240323	0.247317	0.249942	0.274751	0.340675	0.436752	0.543414	0.627626	0.671078	0.6822	0.689395	0.690018	0.677909	0.668421	0.676871	0.718472	0.820712	
-0.0778175	-0.0877755	-0.0830034	-0.0483774	0.007119	0.0756065	0.150384	0.206449	0.235209	0.245338	0.24976	0.273555	0.33887	0.438072	0.548355	0.636377	0.679276	0.688172	0.69628	0.701068	0.693643	0.686918	0.693393	0.733838	0.837249	
-0.00655891	-0.0158435	-0.0132013	0.0139792	0.0596609	0.12345	0.192606	0.240257	0.257258	0.255625	0.254402	0.280344	0.343222	0.431698	0.526088	0.602305	0.646264	0.66003	0.665202	0.655504	0.633053	0.618353	0.628706	0.673023	0.772084	
0.138089	0.1298	0.127202	0.140392	0.168885	0.213215	0.266663	0.300477	0.30273	0.288501	0.279522	0.296051	0.344626	0.407002	0.474149	0.534346	0.573875	0.58812	0.580675	0.550837	0.509021	0.486533	0.49653	0.542506	0.636422	
0.318423	0.305471	0.30202	0.301611	0.305268	0.32086	0.343075	0.355431	0.347306	0.325499	0.306394	0.306134	0.326313	0.362802	0.407834	0.452533	0.479269	0.475146	0.44646	0.397633	0.347304	0.316641	0.318067	0.357986	0.447519	
0.501175	0.477938	0.461031	0.443027	0.42402	0.409542	0.400994	0.388946	0.366007	0.333125	0.298539	0.274758	0.271267	0.288123	0.320807	0.350596	0.357722	0.336551	0.292515	0.23977	0.188073	0.150193	0.138481	0.167182	0.253314	
0.646394	0.598728	0.561433	0.523462	0.488965	0.456467	0.422054	0.386431	0.344046	0.294067	0.24523	0.207334	0.191827	0.202035	0.222487	0.233999	0.221453	0.189396	0.144544	0.093684	0.0423257	-0.00145905	-0.0209713	0.00551857	0.0895236	
0.729842	0.650566	0.58682	0.53168	0.486641	0.443252	0.391648	0.336357	0.278027	0.215265	0.157917	0.116906	0.0978778	0.103025	0.113173	0.108645	0.0862065	0.05299	0.0105805	-0.036251	-0.083461	-0.125669	-0.140809	-0.108325	-0.0203893	
0.73994	0.635614	0.548917	0.476007	0.420413	0.365488	0.302526	0.237588	0.170945	0.102317	0.0453898	0.00658492	-0.00863007	-0.00456974	0.0001013	-0.0065882	-0.025862	-0.0524312	-0.0944048	-0.138578	-0.176018	-0.20408	-0.208752	-0.166272	-0.0696534	
0.677723	0.557647	0.456296	0.368338	0.300871	0.242242	0.177843	0.114878	0.0486571	-0.0207914	-0.0752125	-0.106338	-0.115273	-0.104968	-0.0967359	-0.0975396	-0.103263	-0.119557	-0.15671	-0.199374	-0.224794	-0.236596	-0.226435	-0.172124	-0.0686026	
0.571569	0.444993	0.330187	0.231101	0.15913	0.101324	0.0471264	-0.00746859	-0.0653023	-0.126001	-0.170038	-0.192586	-0.196258	-0.183232	-0.16935	-0.161946	-0.156386	-0.159511	-0.187598	-0.221159	-0.238585	-0.236815	-0.209968	-0.141443	-0.0303571	
0.44632	0.32141	0.204303	0.102587	0.0296753	-0.0247065	-0.0758798	-0.121547	-0.167034	-0.207234	-0.228978	-0.238784	-0.239617	-0.228148	-0.212236	-0.196688	-0.183055	-0.179807	-0.19829	-0.2234	-0.232943	-0.223631	-0.183554	-0.09968	0.0182932	
0.319464	0.210826	0.102943	0.00756524	-0.0659462	-0.125727	-0.178172	-0.219636	-0.24595	-0.259773	-0.261511	-0.260867	-0.262698	-0.254416	-0.23783	-0.218007	-0.194706	-0.183851	-0.192899	-0.206253	-0.206398	-0.188633	-0.142304	-0.053299	0.0695726	
0.208729	0.12764	0.0390115	-0.0431312	-0.116082	-0.186249	-0.248053	-0.286132	-0.294853	-0.283203	-0.269546	-0.268073	-0.269947	-0.262717	-0.247629	-0.228442	-0.204421	-0.184651	-0.183304	-0.186471	-0.176845	-0.149718	-0.0982488	-0.0100118	0.116262	
0.149532	0.0945909	0.0237525	-0.0462533	-0.119844	-0.19727	-0.268624	-0.309559	-0.310718	-0.284271	-0.260952	-0.256941	-0.262404	-0.260161	-0.249863	-0.238666	-0.220176	-0.200564	-0.189802	-0.184383	-0.167464	-0.129636	-0.0679349	0.0256866	0.153863	
0.146938	0.120596	0.0636615	-0.00314778	-0.0811348	-0.166485	-0.241306	-0.288713	-0.296398	-0.273367	-0.248056	-0.235726	-0.239841	-0.248466	-0.251596	-0.247971	-0.237539	-0.22437	-0.21292	-0.199335	-0.17529	-0.126452	-0.0505755	0.0519098	0.179367	
0.175537	0.184652	0.149528	0.0891847	0.00286837	-0.0897132	-0.170523	-0.224224	-0.247389	-0.242946	-0.230138	-0.216164	-0.211359	-0.227599	-0.245538	-0.251237	-0.248072	-0.241931	-0.235271	-0.217562	-0.184627	-0.128032	-0.0409395	0.0659321	0.18427	
0.229645	0.271521	0.264361	0.215471	0.128286	0.0299084	-0.057597	-0.123827	-0.160609	-0.172891	-0.179202	-0.176664	-0.178132	-0.19723	-0.226517	-0.247046	-0.254769	-0.257877	-0.253165	-0.234282	-0.197905	-0.134161	-0.0432253	0.0643481	0.171803	
0.290708	0.363156	0.379811	0.347359	0.269324	0.173583	0.0805631	-0.000455972	-0.0535796	-0.0752786	-0.090805	-0.108032	-0.13189	-0.167888	-0.203402	-0.232143	-0.256383	-0.267299	-0.266023	-0.248606	-0.21364	-0.149617	-0.0521493	0.0548126	0.157746	
0.333118	0.433218	0.477275	0.463625	0.399079	0.311781	0.217388	0.127841	0.0625517	0.0264881	-0.000533431	-0.0357394	-0.0913078	-0.155434	-0.200741	-0.226792	-0.25073	-0.267462	-0.266726	-0.250767	-0.217187	-0.150155	-0.0475654	0.0644505	0.164115	
0.337125	0.461649	0.536935	0.54973	0.505719	0.426581	0.33237	0.241909	0.174561	0.124524	0.0735358	0.0156764	-0.0620151	-0.149218	-0.210544	-0.234949	-0.250217	-0.264873	-0.265504	-0.247517	-0.206678	-0.131644	-0.0216226	0.0962634	0.195337	
