0.846612	0.851695	0.852728	0.855892	0.855461	0.856653	0.855275	0.854311	0.852108	0.848355	0.845141	0.83776	0.832593	0.821124	0.812005	0.796235	0.780981	0.759754	0.737344	0.708408	0.678526	0.640755	0.602872	0.557655	0.51201	
0.744185	0.753593	0.757816	0.763784	0.764099	0.766068	0.763478	0.760754	0.755601	0.747809	0.739516	0.726778	0.714067	0.69675	0.678441	0.656581	0.63239	0.605584	0.575967	0.543968	0.509514	0.472546	0.433426	0.393331	0.34863	
0.590001	0.599217	0.606997	0.611569	0.614618	0.614876	0.613203	0.609127	0.602744	0.59422	0.582944	0.569883	0.553398	0.535758	0.513793	0.491663	0.464411	0.43786	0.40685	0.375833	0.343457	0.309878	0.276173	0.244523	0.209817	
0.41817	0.427924	0.434824	0.439618	0.442601	0.442499	0.441363	0.436499	0.431155	0.421798	0.41207	0.398891	0.384386	0.368326	0.349012	0.330183	0.307623	0.284553	0.261211	0.233797	0.208995	0.182211	0.153734	0.130502	0.104911	
0.266513	0.274621	0.280989	0.284699	0.288083	0.287091	0.287212	0.281992	0.278084	0.269813	0.260938	0.250883	0.237041	0.225232	0.208722	0.193472	0.177766	0.158772	0.143637	0.125706	0.106637	0.0932834	0.072383	0.05647	0.0420829	
0.153981	0.157201	0.163814	0.165212	0.16816	0.167768	0.166586	0.164967	0.159183	0.156675	0.146849	0.142431	0.130952	0.122284	0.111963	0.0984078	0.0886118	0.0747081	0.061122	0.0521461	0.0360125	0.027745	0.0189725	0.00557577	0.00201144	
0.0708536	0.0722771	0.0763228	0.0782081	0.0781947	0.0805272	0.0767277	0.0786483	0.0724447	0.0722958	0.0660305	0.0619421	0.0575514	0.04951	0.0459184	0.0376129	0.0305829	0.0261106	0.0146209	0.0107949	0.00202313	-0.00817315	-0.0109518	-0.0206587	-0.0276661	
0.0185895	0.0212403	0.0234944	0.0246805	0.0254361	0.0259179	0.0249925	0.0241671	0.0226543	0.019421	0.0183356	0.0127628	0.0113684	0.00593356	0.00169048	-0.000432784	-0.00815298	-0.0081223	-0.0141429	-0.0179494	-0.01762	-0.0250919	-0.0257163	-0.0282054	-0.0348448	
-0.00914811	-0.00438999	-0.0054345	-0.00414151	-0.00309155	-0.0048767	-0.0023711	-0.0065592	-0.00326881	-0.00895574	-0.00605577	-0.0115015	-0.0109694	-0.0141985	-0.0170748	-0.0186284	-0.0221012	-0.0262394	-0.0255671	-0.0338473	-0.03086	-0.0360478	-0.0372909	-0.0367881	-0.0376734	
-0.0265172	-0.0223067	-0.0250277	-0.0223829	-0.023177	-0.0235143	-0.0219732	-0.0249195	-0.0221641	-0.0259678	-0.0239614	-0.0265478	-0.0265887	-0.0275375	-0.0283505	-0.0301077	-0.0286821	-0.0333938	-0.030379	-0.0348592	-0.0357357	-0.036106	-0.0405289	-0.0405197	-0.0418815	
-0.0303789	-0.0305778	-0.0299673	-0.0293512	-0.0297423	-0.0289839	-0.0299551	-0.0291361	-0.0308736	-0.0296566	-0.0323197	-0.0308754	-0.0336611	-0.0331503	-0.0345767	-0.0357822	-0.0357208	-0.0371272	-0.0374083	-0.0370657	-0.0383046	-0.0374051	-0.0387946	-0.0389985	-0.0406008	
-0.0326812	-0.0325088	-0.0326131	-0.0322292	-0.0326119	-0.0321828	-0.0326611	-0.0323421	-0.0328056	-0.0326761	-0.0331246	-0.0331623	-0.0337171	-0.0339113	-0.0345593	-0.0353685	-0.0354812	-0.0377656	-0.037001	-0.0395595	-0.0402005	-0.0391557	-0.0421424	-0.0396469	-0.0390244	
-0.0352675	-0.0359222	-0.0355326	-0.0353421	-0.0355656	-0.0351123	-0.0357021	-0.0349122	-0.0362349	-0.0345836	-0.0369715	-0.0345094	-0.0370846	-0.0353948	-0.0359641	-0.0368955	-0.035007	-0.0367412	-0.0369476	-0.0346052	-0.0402654	-0.0363415	-0.0401652	-0.0422858	-0.0408925	
-0.0331396	-0.0355258	-0.033789	-0.0339955	-0.0349329	-0.0327365	-0.0360615	-0.032108	-0.0367969	-0.03252	-0.0367625	-0.0342339	-0.036117	-0.0364948	-0.0362546	-0.0373604	-0.0385383	-0.0362553	-0.0408312	-0.0362139	-0.0391296	-0.0382529	-0.0367454	-0.0377804	-0.0390741	
-0.0337568	-0.0348891	-0.0338029	-0.0345508	-0.0342719	-0.0340299	-0.0346307	-0.0337993	-0.0345888	-0.0339681	-0.0343059	-0.0341938	-0.0343722	-0.0340109	-0.0352467	-0.0337233	-0.0365039	-0.0346104	-0.0375585	-0.0369628	-0.0390459	-0.0392285	-0.0402282	-0.0403694	-0.0384176	
-0.0348186	-0.0361871	-0.0344608	-0.0358568	-0.034638	-0.0353918	-0.0351621	-0.0350423	-0.035752	-0.0350386	-0.0361351	-0.035486	-0.036174	-0.0361393	-0.036121	-0.0362275	-0.0365399	-0.0352458	-0.0371035	-0.034803	-0.036177	-0.0371376	-0.0354718	-0.0389899	-0.0393824	
-0.0331815	-0.0334255	-0.0328501	-0.0331469	-0.0329799	-0.0328437	-0.0331652	-0.0328747	-0.0331353	-0.0334148	-0.0329985	-0.0342122	-0.0334045	-0.0346143	-0.035091	-0.0344356	-0.0374938	-0.035052	-0.0383538	-0.0376648	-0.0372191	-0.0391852	-0.037339	-0.0365408	-0.0370212	
-0.0343044	-0.0347439	-0.0335838	-0.0351942	-0.0333763	-0.035228	-0.0334538	-0.0351494	-0.0335601	-0.0350477	-0.033731	-0.0346872	-0.0342054	-0.033902	-0.0348901	-0.0333082	-0.035025	-0.0341455	-0.0343498	-0.0364056	-0.0346232	-0.0382238	-0.0369367	-0.038672	-0.0375279	
-0.0347876	-0.0331445	-0.0336846	-0.0336523	-0.0327754	-0.0341958	-0.0322967	-0.0346782	-0.032298	-0.0350634	-0.0328457	-0.0352704	-0.0339243	-0.0353673	-0.0351096	-0.0357102	-0.0356519	-0.0364624	-0.0353252	-0.0370214	-0.0349903	-0.0366567	-0.0358239	-0.0354999	-0.0363873	
-0.03283	-0.0325741	-0.032467	-0.0328378	-0.0322782	-0.0329812	-0.0322165	-0.0330344	-0.0322263	-0.0330382	-0.0323448	-0.0329808	-0.0327507	-0.0328644	-0.0336062	-0.0330404	-0.0345831	-0.0344314	-0.0349185	-0.0371229	-0.0351697	-0.0382519	-0.0367232	-0.0362277	-0.0351012	
-0.0355011	-0.0330853	-0.0343195	-0.0340018	-0.0331654	-0.0348615	-0.0324	-0.0355127	-0.032161	-0.0357755	-0.032622	-0.0354031	-0.033711	-0.0346437	-0.0344717	-0.0346357	-0.0336026	-0.0359425	-0.032142	-0.0365782	-0.0335342	-0.0355093	-0.0366676	-0.0360452	-0.0352727	
-0.0324657	-0.031514	-0.0321521	-0.0316258	-0.0316809	-0.0319853	-0.0314349	-0.032191	-0.0316535	-0.0321853	-0.0322474	-0.0323501	-0.0328341	-0.0332229	-0.0332307	-0.0347111	-0.0339461	-0.0358914	-0.0351765	-0.0363739	-0.0356053	-0.0362032	-0.0350608	-0.0343223	-0.0332929	
-0.0344682	-0.0324007	-0.0339522	-0.033016	-0.0332907	-0.0336249	-0.0326785	-0.0341648	-0.0322185	-0.0344768	-0.0321282	-0.0342321	-0.0326026	-0.0334163	-0.0331698	-0.0330871	-0.0326564	-0.0345232	-0.0316374	-0.0362665	-0.033761	-0.035827	-0.0377031	-0.0358907	-0.0337564	
-0.032909	-0.0317307	-0.0324533	-0.0318512	-0.0317467	-0.0323458	-0.0313847	-0.0326374	-0.0317481	-0.0325562	-0.0327161	-0.0325775	-0.0335335	-0.0335912	-0.0334574	-0.0355791	-0.0331513	-0.0365545	-0.0340999	-0.0352011	-0.0350534	-0.0340364	-0.0338671	-0.0339492	-0.0321921	
-0.0330266	-0.0314585	-0.033104	-0.031627	-0.0328697	-0.0319596	-0.0324675	-0.0323619	-0.0320126	-0.0327474	-0.031657	-0.0329359	-0.0316591	-0.0327844	-0.0320919	-0.0327729	-0.0324407	-0.0339816	-0.0326761	-0.0358854	-0.0347813	-0.0359478	-0.037609	-0.0348826	-0.032304	
-0.0331168	-0.0322763	-0.0327637	-0.0323171	-0.032184	-0.0327027	-0.0318839	-0.0329415	-0.032215	-0.0328153	-0.0330969	-0.0326695	-0.0338006	-0.0333473	-0.0334507	-0.0350204	-0.0325404	-0.0358575	-0.0329791	-0.0342856	-0.0343446	-0.0331713	-0.0337438	-0.0342868	-0.0315761	
-0.0322763	-0.0308852	-0.0324804	-0.0308303	-0.0323048	-0.0310881	-0.0319825	-0.0314523	-0.0316894	-0.0318657	-0.0314969	-0.0323379	-0.0314986	-0.0328355	-0.0318344	-0.0334247	-0.0324849	-0.0344002	-0.0334844	-0.0354289	-0.0354153	-0.0352274	-0.0366971	-0.0338879	-0.0312188	
-0.0327637	-0.0324804	-0.0327618	-0.0323302	-0.0325427	-0.0324707	-0.0324118	-0.0325699	-0.0326231	-0.0324413	-0.0331232	-0.0323054	-0.0334076	-0.0327528	-0.0329267	-0.033934	-0.0321641	-0.0346506	-0.0326353	-0.0338689	-0.0341653	-0.0335273	-0.0342346	-0.0344881	-0.0312355	
-0.0323171	-0.0308303	-0.0323302	-0.0307644	-0.0319803	-0.0310911	-0.0316249	-0.0314971	-0.0315148	-0.0318908	-0.0316878	-0.0323843	-0.032001	-0.0331589	-0.032273	-0.0342176	-0.0325861	-0.0350811	-0.0335432	-0.0349299	-0.0353816	-0.0340372	-0.0356806	-0.0334235	-0.0306179	
-0.032184	-0.0323048	-0.0325427	-0.0319803	-0.0326682	-0.0319049	-0.0326963	-0.0318773	-0.0327783	-0.0317895	-0.0328528	-0.0318088	-0.032662	-0.0322492	-0.0321547	-0.0330825	-0.0319587	-0.0337293	-0.0328727	-0.0339605	-0.0344338	-0.0344351	-0.0349163	-0.0343727	-0.0310999	
-0.0327027	-0.0310881	-0.0324707	-0.0310911	-0.0319049	-0.0315223	-0.0314797	-0.0319736	-0.0315294	-0.0322836	-0.0320909	-0.0326169	-0.0327804	-0.0334097	-0.0329676	-0.0347916	-0.0326733	-0.0356486	-0.0332294	-0.0344792	-0.0350468	-0.0329559	-0.0348621	-0.033451	-0.0304591	
-0.0318839	-0.0319825	-0.0324118	-0.0316249	-0.0326963	-0.0314797	-0.0327731	-0.031435	-0.0327087	-0.0314543	-0.0324402	-0.0316493	-0.031937	-0.032086	-0.0315437	-0.0326344	-0.0318899	-0.0333142	-0.0331159	-0.0344311	-0.0347366	-0.0353109	-0.0357333	-0.0341927	-0.0312349	
-0.0329415	-0.0314523	-0.0325699	-0.0314971	-0.0318773	-0.0319736	-0.031435	-0.0323857	-0.0316534	-0.0325223	-0.0325445	-0.0326488	-0.0334832	-0.0334714	-0.0335055	-0.0351845	-0.0327293	-0.0360843	-0.0330694	-0.0342561	-0.034803	-0.0324714	-0.0342158	-0.0336705	-0.0306493	
-0.032215	-0.0316894	-0.0326231	-0.0315148	-0.0327783	-0.0315294	-0.0327087	-0.0316534	-0.0324523	-0.0318474	-0.0320133	-0.0320864	-0.0315505	-0.0322756	-0.0314628	-0.0324986	-0.0319777	-0.0333839	-0.0329571	-0.0350708	-0.0347987	-0.0357383	-0.0366684	-0.0342841	-0.0316907	
-0.0328153	-0.0318657	-0.0324413	-0.0318908	-0.0317895	-0.0322836	-0.0314543	-0.0325223	-0.0318474	-0.0324365	-0.0328871	-0.0324543	-0.0337844	-0.0334362	-0.0335919	-0.0354097	-0.03278	-0.036313	-0.0332974	-0.0344898	-0.0347191	-0.0329795	-0.0338504	-0.0338051	-0.0311969	
-0.0330969	-0.0314969	-0.0331232	-0.0316878	-0.0328528	-0.0320909	-0.0324402	-0.0325445	-0.0320133	-0.0328871	-0.0317283	-0.0329231	-0.0317866	-0.0326425	-0.0321365	-0.0327022	-0.0322845	-0.0340086	-0.0325017	-0.0356507	-0.0346932	-0.0355422	-0.0373203	-0.0348103	-0.0323844	
-0.0326695	-0.0323379	-0.0323054	-0.0323843	-0.0318088	-0.0326169	-0.0316493	-0.0326488	-0.0320864	-0.0324543	-0.0329231	-0.0325223	-0.033479	-0.0335248	-0.033252	-0.0352303	-0.0329283	-0.0360676	-0.0336219	-0.035308	-0.0345144	-0.034499	-0.0342448	-0.0338712	-0.0322138	
-0.0338006	-0.0314986	-0.0334076	-0.032001	-0.032662	-0.0327804	-0.031937	-0.0334832	-0.0315505	-0.0337844	-0.0317866	-0.033479	-0.0326308	-0.0329584	-0.0333072	-0.0333937	-0.0328874	-0.0351498	-0.0325385	-0.03606	-0.0347792	-0.0352136	-0.0370236	-0.0355242	-0.0332255	
-0.0333473	-0.0328355	-0.0327528	-0.0331589	-0.0322492	-0.0334097	-0.032086	-0.0334714	-0.0322756	-0.0334362	-0.0326425	-0.0335248	-0.0329584	-0.0338896	-0.0331707	-0.0344818	-0.0333494	-0.0353521	-0.0334015	-0.03642	-0.0339288	-0.0361557	-0.0356668	-0.0343833	-0.0336708	
-0.0334507	-0.0318344	-0.0329267	-0.032273	-0.0321547	-0.0329676	-0.0315437	-0.0335055	-0.0314628	-0.0335919	-0.0321365	-0.033252	-0.0333072	-0.0331707	-0.0340653	-0.0342712	-0.0338901	-0.0360328	-0.033993	-0.0365061	-0.0352863	-0.0360235	-0.0359351	-0.0358247	-0.03435	
-0.0350204	-0.0334247	-0.033934	-0.0342176	-0.0330825	-0.0347916	-0.0326344	-0.0351845	-0.0324986	-0.0354097	-0.0327022	-0.0352303	-0.0333937	-0.0344818	-0.0342712	-0.0339087	-0.0341482	-0.0349693	-0.032769	-0.0369232	-0.033405	-0.0365955	-0.0369858	-0.0358979	-0.0352949	
-0.0325404	-0.0324849	-0.0321641	-0.0325861	-0.0319587	-0.0326733	-0.0318899	-0.0327293	-0.0319777	-0.03278	-0.0322845	-0.0329283	-0.0328874	-0.0333494	-0.0338901	-0.0341482	-0.0352929	-0.035397	-0.0363361	-0.0373124	-0.0359409	-0.0384901	-0.0358903	-0.0357855	-0.0358641	
-0.0358575	-0.0344002	-0.0346506	-0.0350811	-0.0337293	-0.0356486	-0.0333142	-0.0360843	-0.0333839	-0.036313	-0.0340086	-0.0360676	-0.0351498	-0.0353521	-0.0360328	-0.0349693	-0.035397	-0.0356068	-0.033778	-0.0361364	-0.0340958	-0.0360463	-0.036301	-0.0375923	-0.0369843	
-0.0329791	-0.0334844	-0.0326353	-0.0335432	-0.0328727	-0.0332294	-0.0331159	-0.0330694	-0.0329571	-0.0332974	-0.0325017	-0.0336219	-0.0325385	-0.0334015	-0.033993	-0.032769	-0.0363361	-0.033778	-0.0372168	-0.0378178	-0.0365865	-0.0403314	-0.0380638	-0.0372056	-0.0373796	
-0.0342856	-0.0354289	-0.0338689	-0.0349299	-0.0339605	-0.0344792	-0.0344311	-0.0342561	-0.0350708	-0.0344898	-0.0356507	-0.035308	-0.03606	-0.03642	-0.0365061	-0.0369232	-0.0373124	-0.0361364	-0.0378178	-0.0353933	-0.0363756	-0.0367643	-0.0349958	-0.0375892	-0.0385253	
-0.0343446	-0.0354153	-0.0341653	-0.0353816	-0.0344338	-0.0350468	-0.0347366	-0.034803	-0.0347987	-0.0347191	-0.0346932	-0.0345144	-0.0347792	-0.0339288	-0.0352863	-0.033405	-0.0359409	-0.0340958	-0.0365865	-0.0363756	-0.0379075	-0.0390679	-0.0394961	-0.0406204	-0.0389695	
-0.0331713	-0.0352274	-0.0335273	-0.0340372	-0.0344351	-0.0329559	-0.0353109	-0.0324714	-0.0357383	-0.0329795	-0.0355422	-0.034499	-0.0352136	-0.0361557	-0.0360235	-0.0365955	-0.0384901	-0.0360463	-0.0403314	-0.0367643	-0.0390679	-0.0384285	-0.037572	-0.0376308	-0.0387032	
-0.0337438	-0.0366971	-0.0342346	-0.0356806	-0.0349163	-0.0348621	-0.0357333	-0.0342158	-0.0366684	-0.0338504	-0.0373203	-0.0342448	-0.0370236	-0.0356668	-0.0359351	-0.0369858	-0.0358903	-0.036301	-0.0380638	-0.0349958	-0.0394961	-0.037572	-0.0385973	-0.0412855	-0.0408193	
-0.0342868	-0.0338879	-0.0344881	-0.0334235	-0.0343727	-0.033451	-0.0341927	-0.0336705	-0.0342841	-0.0338051	-0.0348103	-0.0338712	-0.0355242	-0.0343833	-0.0358247	-0.0358979	-0.0357855	-0.0375923	-0.0372056	-0.0375892	-0.0406204	-0.0376308	-0.0412855	-0.0409431	-0.0389955	
-0.0315761	-0.0312188	-0.0312355	-0.0306179	-0.0310999	-0.0304591	-0.0312349	-0.0306493	-0.0316907	-0.0311969	-0.0323844	-0.0322138	-0.0332255	-0.0336708	-0.03435	-0.0352949	-0.0358641	-0.0369843	-0.0373796	-0.0385253	-0.0389695	-0.0387032	-0.0408193	-0.0389955	-0.0401962	
