0.712911	0.499138	0.316693	0.188838	0.120611	0.109443	0.154493	0.258433	0.420675	0.626149	0.838909	1.01069	1.10398	1.11088	1.04542	0.916509	0.720209	0.465563	0.188594	-0.0773416	-0.321505	-0.527391	-0.664888	-0.728084	-0.729454	
0.615325	0.410943	0.248745	0.14133	0.0862265	0.0773614	0.113378	0.19913	0.339872	0.530302	0.744928	0.939793	1.07078	1.11725	1.08678	0.992698	0.833744	0.608657	0.342526	0.0734738	-0.180634	-0.410558	-0.588507	-0.694379	-0.736522	
0.515097	0.327544	0.188912	0.102177	0.0594504	0.0527014	0.0803353	0.148304	0.265681	0.435228	0.64244	0.8514	1.01602	1.10375	1.1112	1.05235	0.932074	0.744234	0.4997	0.234108	-0.0248422	-0.269463	-0.480797	-0.629829	-0.713599	
0.416683	0.251894	0.138289	0.0711525	0.0394285	0.0345133	0.0548095	0.106434	0.200293	0.344929	0.536052	0.748379	0.939146	1.0673	1.11582	1.09351	1.01142	0.865343	0.653527	0.400964	0.142261	-0.108844	-0.342949	-0.531684	-0.657537	
0.324521	0.186273	0.0972693	0.0475893	0.0250905	0.0216746	0.0359093	0.0733855	0.145149	0.263038	0.431057	0.63549	0.841685	1.00568	1.09723	1.11411	1.06941	0.965888	0.795692	0.56833	0.316906	0.0656909	-0.179402	-0.399353	-0.566053	
0.242435	0.132013	0.0655383	0.0304862	0.0152826	0.0130226	0.0225333	0.0484704	0.10079	0.192335	0.332747	0.519002	0.727756	0.918552	1.05201	1.11137	1.1046	1.0418	0.917605	0.727883	0.494208	0.248522	0.00278778	-0.235512	-0.438642	
0.173102	0.0893757	0.0421779	0.0186568	0.00888976	0.00746929	0.0135094	0.0305822	0.0668582	0.134393	0.245629	0.405874	0.603985	0.808582	0.977941	1.08159	1.11537	1.09128	1.0124	0.869416	0.666979	0.434214	0.195001	-0.0466699	-0.27598	
0.117733	0.0576322	0.0258571	0.0108808	0.00492818	0.00408169	0.00772058	0.0183855	0.0422462	0.0894515	0.172764	0.302649	0.478731	0.681925	0.875622	1.02114	1.09884	1.11377	1.07651	0.982959	0.824977	0.616908	0.389121	0.155578	-0.0816964	
0.0760413	0.035301	0.0150641	0.0060346	0.00259896	0.00212144	0.00419751	0.0105075	0.0253635	0.0565507	0.115396	0.214343	0.360684	0.547795	0.749902	0.928443	1.0509	1.10799	1.10963	1.06185	0.955732	0.787887	0.579836	0.358551	0.130322	
0.0465147	0.0204916	0.00832318	0.00317696	0.00130186	0.00104719	0.00216726	0.00569761	0.0144366	0.0338715	0.072982	0.143678	0.257207	0.416906	0.610121	0.806358	0.968098	1.07045	1.11236	1.10483	1.04868	0.933283	0.760912	0.556471	0.341978	
0.0268878	0.0112514	0.00435402	0.00158528	0.000618647	0.000490375	0.00106119	0.00292655	0.0077761	0.0191808	0.0435978	0.0908868	0.172973	0.299206	0.468681	0.663605	0.850975	0.996486	1.08276	1.11419	1.10052	1.03844	0.917954	0.745735	0.546804	
0.0146619	0.00583488	0.00215374	0.000748932	0.000278633	0.000217652	0.000492235	0.00142219	0.00395817	0.0102524	0.0245524	0.0541284	0.109382	0.201729	0.338185	0.513817	0.707028	0.884329	1.01573	1.09014	1.11483	1.09745	1.03241	0.911394	0.743137	
0.00753271	0.00285496	0.00100648	0.000334718	0.000118866	9.15129e-05	0.000216131	0.000653306	0.00190207	0.00516649	0.0130164	0.030298	0.0648992	0.127407	0.228317	0.372183	0.550682	0.739917	0.907444	1.0277	1.09413	1.115	1.09614	1.03146	0.914311	
0.00364333	0.00131714	0.000444119	0.000141453	4.80136e-05	3.6438e-05	8.97908e-05	0.000283536	0.00086236	0.00245277	0.00649027	0.0159213	0.0360777	0.0752335	0.14383	0.251185	0.399573	0.5782	0.76229	0.92139	1.03379	1.09562	1.11502	1.09678	1.03569	
0.00165834	0.000572798	0.000185002	5.65156e-05	1.83614e-05	1.37388e-05	3.52889e-05	0.000116236	0.000368779	0.00109662	0.00304238	0.00784991	0.018776	0.0414907	0.0844091	0.157554	0.268991	0.419133	0.595746	0.774374	0.926973	1.03474	1.09494	1.11493	1.09929	
0.000710354	0.000234817	7.27559e-05	2.13491e-05	6.64859e-06	4.90606e-06	1.3121e-05	4.50128e-05	0.000148756	0.000461736	0.00134067	0.003631	0.00914631	0.0213626	0.046119	0.0917382	0.167636	0.280698	0.430048	0.603014	0.776372	0.924556	1.03069	1.09196	1.11452	
0.000286442	9.07719e-05	2.70215e-05	7.6274e-06	2.28018e-06	1.65975e-06	4.61675e-06	1.64712e-05	5.66164e-05	0.000183146	0.000555536	0.0015761	0.00417139	0.0102711	0.0234621	0.0495781	0.096646	0.173367	0.285635	0.431889	0.5999	0.768324	0.913987	1.02114	1.08603	
0.000108793	3.31051e-05	9.48243e-06	2.57847e-06	7.41011e-07	5.32212e-07	1.53795e-06	5.69793e-06	2.03418e-05	6.84694e-05	0.000216586	0.000642387	0.00178231	0.00461456	0.011121	0.024884	0.0515667	0.0987369	0.174342	0.28352	0.424584	0.586446	0.750084	0.894626	1.00496	
3.89484e-05	1.1399e-05	3.14621e-06	8.25291e-07	2.28323e-07	1.61852e-07	4.85333e-07	1.86461e-06	6.90413e-06	2.41437e-05	7.95076e-05	0.000246053	0.000714088	0.00193923	0.00491689	0.0116131	0.0254936	0.0519067	0.09784	0.170492	0.274473	0.408418	0.562867	0.721414	0.865481	
1.31552e-05	3.70876e-06	9.87762e-07	2.50281e-07	6.67489e-08	4.67135e-08	1.45189e-07	5.77653e-07	2.2154e-06	8.037e-06	2.75076e-05	8.86585e-05	0.000268578	0.00076323	0.0020305	0.00504703	0.0116975	0.0252319	0.0505673	0.0940288	0.16209	0.259012	0.384046	0.529645	0.68218	
4.19626e-06	1.14127e-06	2.93695e-07	7.19748e-08	1.85285e-08	1.28053e-08	4.12066e-08	1.6956e-07	6.72686e-07	2.52806e-06	8.97881e-06	3.00863e-05	9.49487e-05	0.000281717	0.000784437	0.00204618	0.00499111	0.0113655	0.0241242	0.0476693	0.0876128	0.149727	0.238032	0.352527	0.48766	
1.26547e-06	3.32493e-07	8.27803e-08	1.96447e-08	4.88758e-09	3.33668e-09	1.11047e-08	4.7201e-08	1.93469e-07	7.52208e-07	2.76818e-06	9.62734e-06	3.1593e-05	9.76679e-05	0.000283977	0.000775322	0.00198454	0.00475512	0.0106511	0.0222768	0.0434686	0.0791018	0.134264	0.212761	0.315328	
3.61205e-07	9.18051e-08	2.21397e-08	5.09358e-09	1.22626e-09	8.27161e-10	2.84406e-09	1.24729e-08	5.27587e-08	2.11943e-07	8.07034e-07	2.90864e-06	9.90799e-06	3.18525e-05	9.64993e-05	0.000275099	0.000736916	0.00185236	0.00436388	0.00962522	0.0198608	0.0383219	0.0691473	0.116747	0.184682	
9.76949e-08	2.40497e-08	5.62434e-09	1.25582e-09	2.92879e-10	1.95253e-10	6.92893e-10	3.13186e-09	1.36557e-08	5.66133e-08	2.22758e-07	8.30775e-07	2.93285e-06	9.78742e-06	3.08341e-05	9.15798e-05	0.0002561	0.000673487	0.0016637	0.00385687	0.00838485	0.0170873	0.0326399	0.0584672	0.0983081	
2.50675e-08	5.9839e-09	1.35853e-09	2.94695e-10	6.66511e-11	4.39266e-11	1.60729e-10	7.47976e-10	3.35839e-09	1.43524e-08	5.82834e-08	2.24624e-07	8.20582e-07	2.83792e-06	9.28005e-06	2.86576e-05	8.34741e-05	0.000229088	0.000591764	0.00143752	0.00328178	0.00703807	0.0141779	0.0268362	0.0477656	
6.10906e-09	1.41567e-09	3.12328e-10	6.58843e-11	1.44655e-11	9.42691e-12	3.55332e-11	1.70082e-10	7.85613e-10	3.45724e-09	1.44728e-08	5.75668e-08	2.17316e-07	7.77685e-07	2.63516e-06	8.44519e-06	2.55702e-05	7.30687e-05	0.000196878	0.000499784	0.00119458	0.00268734	0.00568923	0.0113373	0.0212793	
1.41567e-09	3.18795e-10	6.84132e-11	1.40466e-11	2.9968e-12	1.93158e-12	7.49364e-12	3.68595e-11	1.74986e-10	7.92173e-10	3.41485e-09	1.4002e-08	5.45506e-08	2.01712e-07	7.07155e-07	2.34796e-06	7.37588e-06	2.19013e-05	6.14158e-05	0.000162524	0.000405628	0.000954424	0.00211688	0.00442654	0.00873098	
3.12328e-10	6.84132e-11	1.42932e-11	2.85886e-12	5.93203e-13	3.78246e-13	1.50907e-12	7.62123e-12	3.71546e-11	1.72871e-10	7.666e-10	3.23676e-09	1.29987e-08	4.96013e-08	1.79659e-07	6.17071e-07	2.00788e-06	6.18393e-06	1.8012e-05	4.95823e-05	0.000128917	0.000316485	0.000733473	0.00160491	0.00331693	
6.58843e-11	1.40466e-11	2.85886e-12	5.57368e-13	1.12555e-13	7.10094e-14	2.9117e-13	1.50889e-12	7.54944e-12	3.60778e-11	1.64471e-10	7.14557e-10	2.95574e-09	1.16294e-08	4.34809e-08	1.54341e-07	5.19661e-07	1.65825e-06	5.01117e-06	1.43319e-05	3.87719e-05	9.91797e-05	0.000239857	0.000548457	0.00118618	
1.44655e-11	2.9968e-12	5.93203e-13	1.12555e-13	2.20863e-14	1.37813e-14	5.81764e-14	3.09792e-13	1.59308e-12	7.83155e-12	3.67611e-11	1.64613e-10	7.02559e-10	2.85528e-09	1.10401e-08	4.05772e-08	1.41647e-07	4.69258e-07	1.47429e-06	4.38991e-06	1.23825e-05	3.30737e-05	8.36385e-05	0.000200257	0.000454092	
9.42691e-12	1.93158e-12	3.78246e-13	7.10094e-14	1.37813e-14	8.58069e-15	3.66348e-14	1.96978e-13	1.02284e-12	5.07895e-12	2.40888e-11	1.09029e-10	4.70506e-10	1.93418e-09	7.56749e-09	2.81549e-08	9.95275e-08	3.34022e-07	1.0635e-06	3.21035e-06	9.18317e-06	2.48822e-05	6.38476e-05	0.000155149	0.000357099	
3.55332e-11	7.49364e-12	1.50907e-12	2.9117e-13	5.81764e-14	3.66348e-14	1.51826e-13	7.93926e-13	4.0088e-12	1.93415e-11	8.90593e-11	3.90998e-10	1.63519e-09	6.50808e-09	2.4628e-08	8.85329e-08	3.02067e-07	9.774e-07	2.99703e-06	8.70322e-06	2.39231e-05	6.22226e-05	0.000153109	0.000356457	0.000785426	
1.70082e-10	3.68595e-11	7.62123e-12	1.50889e-12	3.09792e-13	1.96978e-13	7.93926e-13	4.04576e-12	1.9904e-11	9.34912e-11	4.18721e-10	1.78636e-09	7.25221e-09	2.79897e-08	1.02594e-07	3.56797e-07	1.17623e-06	3.67244e-06	1.08508e-05	3.03189e-05	8.00698e-05	0.000199785	0.000470892	0.00104854	0.00220657	
7.85613e-10	1.74986e-10	3.71546e-11	7.54944e-12	1.59308e-12	1.02284e-12	4.0088e-12	1.9904e-11	9.53946e-11	4.36157e-10	1.89974e-09	7.87443e-09	3.10284e-08	1.16106e-07	4.12147e-07	1.38644e-06	4.41542e-06	1.33002e-05	3.78605e-05	0.000101775	0.000258207	0.000618006	0.00139524	0.00297163	0.0059735	
3.45724e-09	7.92173e-10	1.72871e-10	3.60778e-11	7.83155e-12	5.07895e-12	1.93415e-11	9.34912e-11	4.36157e-10	1.93943e-09	8.20757e-09	3.30202e-08	1.26148e-07	4.57118e-07	1.56941e-06	5.09948e-06	1.56651e-05	4.54491e-05	0.000124424	0.000321165	0.000781142	0.00178951	0.00386083	0.00784611	0.015028	
1.44728e-08	3.41485e-09	7.666e-10	1.64471e-10	3.67611e-11	2.40888e-11	8.90593e-11	4.18721e-10	1.89974e-09	8.20757e-09	3.37122e-08	1.3149e-07	4.86417e-07	1.70456e-06	5.65174e-06	1.77092e-05	5.238e-05	0.000146086	0.000383799	0.000949028	0.00220724	0.00482653	0.00992179	0.0191792	0.034887	
5.75668e-08	1.4002e-08	3.23676e-09	7.14557e-10	1.64613e-10	1.09029e-10	3.90998e-10	1.78636e-09	7.87443e-09	3.30202e-08	1.3149e-07	4.96592e-07	1.77641e-06	6.01118e-06	1.92167e-05	5.79621e-05	0.000164743	0.000440716	0.00110848	0.00261887	0.00580779	0.0120846	0.023591	0.0432232	0.0743924	
2.17316e-07	5.45506e-08	1.29987e-08	2.95574e-09	7.02559e-10	4.70506e-10	1.63519e-09	7.25221e-09	3.10284e-08	1.26148e-07	4.86417e-07	1.77641e-06	6.13597e-06	2.00175e-05	6.159e-05	0.000178471	0.000486392	0.00124509	0.00299016	0.00673018	0.0141862	0.0279911	0.0516996	0.0894322	0.145058	
7.77685e-07	2.01712e-07	4.96013e-08	1.16294e-08	2.85528e-09	1.93418e-09	6.50808e-09	2.79897e-08	1.16106e-07	4.57118e-07	1.70456e-06	6.01118e-06	2.00175e-05	6.28486e-05	0.000185753	0.000516007	0.00134522	0.00328642	0.00751397	0.01606	0.0320623	0.0597623	0.104013	0.169166	0.257498	
2.63516e-06	7.07155e-07	1.79659e-07	4.34809e-08	1.10401e-08	7.56749e-09	2.4628e-08	1.02594e-07	4.12147e-07	1.56941e-06	5.65174e-06	1.92167e-05	6.159e-05	0.000185753	0.000526269	0.00139822	0.00347777	0.00808504	0.017542	0.0354778	0.0668243	0.117179	0.191353	0.291346	0.414517	
8.44519e-06	2.34796e-06	6.17071e-07	1.54341e-07	4.05772e-08	2.81549e-08	8.85329e-08	3.56797e-07	1.38644e-06	5.09948e-06	1.77092e-05	5.79621e-05	0.000178471	0.000516007	0.00139822	0.00354394	0.00838617	0.0184934	0.0379433	0.0723328	0.128007	0.210252	0.320753	0.45537	0.603676	
2.55702e-05	7.37588e-06	2.00788e-06	5.19661e-07	1.41647e-07	9.95275e-08	3.02067e-07	1.17623e-06	4.41542e-06	1.56651e-05	5.238e-05	0.000164743	0.000486392	0.00134522	0.00347777	0.00838617	0.0188214	0.039236	0.0758359	0.135709	0.224675	0.344183	0.488632	0.645009	0.795941	
7.30687e-05	2.19013e-05	6.18393e-06	1.65825e-06	4.69258e-07	3.34022e-07	9.774e-07	3.67244e-06	1.33002e-05	4.54491e-05	0.000146086	0.000440716	0.00124509	0.00328642	0.00808504	0.0184934	0.039236	0.0770378	0.139711	0.233709	0.360458	0.513117	0.676236	0.829778	0.956053	
0.000196878	6.14158e-05	1.8012e-05	5.01117e-06	1.47429e-06	1.0635e-06	2.99703e-06	1.08508e-05	3.78605e-05	0.000124424	0.000383799	0.00110848	0.00299016	0.00751397	0.017542	0.0379433	0.0758359	0.139711	0.236785	0.36879	0.528073	0.697065	0.853171	0.977331	1.06071	
0.000499784	0.000162524	4.95823e-05	1.43319e-05	4.38991e-06	3.21035e-06	8.70322e-06	3.03189e-05	0.000101775	0.000321165	0.000949028	0.00261887	0.00673018	0.01606	0.0354778	0.0723328	0.135709	0.233709	0.36879	0.5331	0.707462	0.866838	0.990524	1.07013	1.10877	
0.00119458	0.000405628	0.000128917	3.87719e-05	1.23825e-05	9.18317e-06	2.39231e-05	8.00698e-05	0.000258207	0.000781142	0.00220724	0.00580779	0.0141862	0.0320623	0.0668243	0.128007	0.224675	0.360458	0.528073	0.707462	0.871326	0.996811	1.07521	1.11092	1.11067	
0.00268734	0.000954424	0.000316485	9.91797e-05	3.30737e-05	2.48822e-05	6.22226e-05	0.000199785	0.000618006	0.00178951	0.00482653	0.0120846	0.0279911	0.0597623	0.117179	0.210252	0.344183	0.513117	0.697065	0.866838	0.996811	1.0768	1.11183	1.10926	1.06772	
0.00568923	0.00211688	0.000733473	0.000239857	8.36385e-05	6.38476e-05	0.000153109	0.000470892	0.00139524	0.00386083	0.00992179	0.023591	0.0516996	0.104013	0.191353	0.320753	0.488632	0.676236	0.853171	0.990524	1.07521	1.11183	1.10876	1.06406	0.969655	
0.0113373	0.00442654	0.00160491	0.000548457	0.000200257	0.000155149	0.000356457	0.00104854	0.00297163	0.00784611	0.0191792	0.0432232	0.0894322	0.169166	0.291346	0.45537	0.645009	0.829778	0.977331	1.07013	1.11092	1.10926	1.06406	0.965741	0.815791	
0.0212793	0.00873098	0.00331693	0.00118618	0.000454092	0.000357099	0.000785426	0.00220657	0.0059735	0.015028	0.034887	0.0743924	0.145058	0.257498	0.414517	0.603676	0.795941	0.956053	1.06071	1.10877	1.11067	1.06772	0.969655	0.815791	0.626712	
