0.405864	0.405909	0.363823	0.279793	0.167887	0.0442539	-0.0827615	-0.20005	-0.302849	-0.399676	-0.470139	-0.504968	-0.506561	-0.474242	-0.405814	-0.325201	-0.240662	-0.154399	-0.0644461	0.0392348	0.142157	0.236949	0.321653	0.37369	0.400144	
0.405909	0.440264	0.423177	0.357359	0.254102	0.130061	-0.00288391	-0.126271	-0.237905	-0.343553	-0.419532	-0.458361	-0.459394	-0.428234	-0.367641	-0.285795	-0.206945	-0.141483	-0.0679446	0.0242831	0.123343	0.215994	0.305505	0.367089	0.399025	
0.363823	0.423177	0.423054	0.368979	0.275288	0.158793	0.0323873	-0.0944788	-0.214006	-0.32008	-0.395151	-0.429094	-0.430002	-0.399374	-0.342776	-0.26483	-0.199421	-0.152825	-0.0909975	-0.00659806	0.0843046	0.182331	0.280001	0.361309	0.417566	
0.279793	0.357359	0.368979	0.319762	0.238666	0.138483	0.0240788	-0.101692	-0.22118	-0.325642	-0.405888	-0.436513	-0.430289	-0.400848	-0.347631	-0.279322	-0.229168	-0.188663	-0.13002	-0.0488513	0.0366176	0.136366	0.244942	0.357293	0.449922	
0.167887	0.254102	0.275288	0.238666	0.172364	0.0904962	-0.0132703	-0.133251	-0.253839	-0.358968	-0.436083	-0.466834	-0.458238	-0.428443	-0.372777	-0.31731	-0.275281	-0.232696	-0.172611	-0.0934879	-0.00577422	0.0933718	0.224521	0.369048	0.496945	
0.0442539	0.130061	0.158793	0.138483	0.0904962	0.0263953	-0.0628966	-0.175723	-0.297572	-0.403675	-0.475178	-0.498585	-0.483323	-0.446736	-0.394766	-0.349448	-0.310505	-0.263964	-0.200985	-0.123229	-0.032652	0.0767979	0.233837	0.411787	0.57976	
-0.0827615	-0.00288391	0.0323873	0.0240788	-0.0132703	-0.0628966	-0.137395	-0.229539	-0.338808	-0.433879	-0.49291	-0.50881	-0.491885	-0.452699	-0.405381	-0.353222	-0.311557	-0.27052	-0.206912	-0.131447	-0.0351048	0.102035	0.284569	0.489252	0.693218	
-0.20005	-0.126271	-0.0944788	-0.101692	-0.133251	-0.175723	-0.229539	-0.29721	-0.37933	-0.451859	-0.48787	-0.490972	-0.473557	-0.434501	-0.382617	-0.325755	-0.279296	-0.238281	-0.181361	-0.106954	0.00206369	0.160527	0.356928	0.581261	0.809425	
-0.302849	-0.237905	-0.214006	-0.22118	-0.253839	-0.297572	-0.338808	-0.37933	-0.426525	-0.463159	-0.463397	-0.440689	-0.411447	-0.368411	-0.312867	-0.252461	-0.205549	-0.17543	-0.124998	-0.045907	0.0755415	0.24783	0.452468	0.681112	0.920411	
-0.399676	-0.343553	-0.32008	-0.325642	-0.358968	-0.403675	-0.433879	-0.451859	-0.463159	-0.450423	-0.414975	-0.363034	-0.306658	-0.248494	-0.187303	-0.129146	-0.0890729	-0.0703394	-0.0309601	0.0479419	0.177209	0.351076	0.558622	0.789565	1.03291	
-0.470139	-0.419532	-0.395151	-0.405888	-0.436083	-0.475178	-0.49291	-0.48787	-0.463397	-0.414975	-0.344017	-0.253751	-0.163154	-0.0915551	-0.0285505	0.0220036	0.0474887	0.0588192	0.0903627	0.164025	0.291915	0.458735	0.656103	0.880929	1.11584	
-0.504968	-0.458361	-0.429094	-0.436513	-0.466834	-0.498585	-0.50881	-0.490972	-0.440689	-0.363034	-0.253751	-0.125942	-0.00487281	0.0887762	0.149877	0.185686	0.201469	0.205046	0.222171	0.285423	0.395181	0.539983	0.718411	0.924952	1.13845	
-0.506561	-0.459394	-0.430002	-0.430289	-0.458238	-0.483323	-0.491885	-0.473557	-0.411447	-0.306658	-0.163154	-0.00487281	0.147433	0.262501	0.329158	0.359113	0.370241	0.356872	0.351904	0.386991	0.466233	0.579917	0.733542	0.914003	1.10185	
-0.474242	-0.428234	-0.399374	-0.400848	-0.428443	-0.446736	-0.452699	-0.434501	-0.368411	-0.248494	-0.0915551	0.0887762	0.262501	0.405001	0.488396	0.522698	0.519892	0.48907	0.457754	0.461915	0.503881	0.587305	0.706703	0.853299	1.00565	
-0.405814	-0.367641	-0.342776	-0.347631	-0.372777	-0.394766	-0.405381	-0.382617	-0.312867	-0.187303	-0.0285505	0.149877	0.329158	0.488396	0.587687	0.633844	0.626683	0.583239	0.531974	0.502991	0.506646	0.552345	0.633932	0.743816	0.855216	
-0.325201	-0.285795	-0.26483	-0.279322	-0.31731	-0.349448	-0.353222	-0.325755	-0.252461	-0.129146	0.0220036	0.185686	0.359113	0.522698	0.633844	0.68117	0.670499	0.619802	0.5567	0.50251	0.473278	0.481098	0.524521	0.59383	0.659232	
-0.240662	-0.206945	-0.199421	-0.229168	-0.275281	-0.310505	-0.311557	-0.279296	-0.205549	-0.0890729	0.0474887	0.201469	0.370241	0.519892	0.626683	0.670499	0.651477	0.595497	0.5278	0.454684	0.397508	0.371702	0.382107	0.410937	0.43213	
-0.154399	-0.141483	-0.152825	-0.188663	-0.232696	-0.263964	-0.27052	-0.238281	-0.17543	-0.0703394	0.0588192	0.205046	0.356872	0.48907	0.583239	0.619802	0.595497	0.536875	0.461341	0.369872	0.287743	0.231887	0.212028	0.210298	0.199473	
-0.0644461	-0.0679446	-0.0909975	-0.13002	-0.172611	-0.200985	-0.206912	-0.181361	-0.124998	-0.0309601	0.0903627	0.222171	0.351904	0.457754	0.531974	0.5567	0.5278	0.461341	0.376551	0.271557	0.171385	0.0930142	0.0465657	0.0196648	-0.00886442	
0.0392348	0.0242831	-0.00659806	-0.0488513	-0.0934879	-0.123229	-0.131447	-0.106954	-0.045907	0.0479419	0.164025	0.285423	0.386991	0.461915	0.502991	0.50251	0.454684	0.369872	0.271557	0.165686	0.0573464	-0.0300644	-0.0878621	-0.128547	-0.158409	
0.142157	0.123343	0.0843046	0.0366176	-0.00577422	-0.032652	-0.0351048	0.00206369	0.0755415	0.177209	0.291915	0.395181	0.466233	0.503881	0.506646	0.473278	0.397508	0.287743	0.171385	0.0573464	-0.0498805	-0.13451	-0.190884	-0.219738	-0.228096	
0.236949	0.215994	0.182331	0.136366	0.0933718	0.0767979	0.102035	0.160527	0.24783	0.351076	0.458735	0.539983	0.579917	0.587305	0.552345	0.481098	0.371702	0.231887	0.0930142	-0.0300644	-0.13451	-0.208357	-0.253212	-0.256793	-0.231255	
0.321653	0.305505	0.280001	0.244942	0.224521	0.233837	0.284569	0.356928	0.452468	0.558622	0.656103	0.718411	0.733542	0.706703	0.633932	0.524521	0.382107	0.212028	0.0465657	-0.0878621	-0.190884	-0.253212	-0.270211	-0.240589	-0.176961	
0.37369	0.367089	0.361309	0.357293	0.369048	0.411787	0.489252	0.581261	0.681112	0.789565	0.880929	0.924952	0.914003	0.853299	0.743816	0.59383	0.410937	0.210298	0.0196648	-0.128547	-0.219738	-0.256793	-0.240589	-0.167673	-0.0674433	
0.400144	0.399025	0.417566	0.449922	0.496945	0.57976	0.693218	0.809425	0.920411	1.03291	1.11584	1.13845	1.10185	1.00565	0.855216	0.659232	0.43213	0.199473	-0.00886442	-0.158409	-0.228096	-0.231255	-0.176961	-0.0674433	0.0600714	
0.407272	0.411701	0.447596	0.51033	0.59936	0.729402	0.881302	1.03138	1.16201	1.27621	1.33987	1.33745	1.26684	1.13534	0.946349	0.710114	0.449118	0.194076	-0.0245963	-0.166678	-0.218317	-0.196545	-0.107573	0.0280086	0.177737	
0.394605	0.409735	0.459794	0.548065	0.674417	0.849776	1.04781	1.23865	1.39161	1.50373	1.54474	1.507	1.40095	1.23228	1.01112	0.747427	0.464606	0.200686	-0.0149784	-0.151701	-0.193461	-0.155045	-0.0488585	0.105875	0.274639	
0.380932	0.400258	0.461778	0.569884	0.723252	0.932661	1.17187	1.4017	1.58169	1.69317	1.71597	1.64755	1.50443	1.30017	1.0441	0.756433	0.463266	0.20133	-0.00166254	-0.128521	-0.166327	-0.120705	-0.00667077	0.160552	0.346575	
0.363148	0.391129	0.456891	0.571406	0.751512	0.987704	1.25337	1.50992	1.71732	1.83756	1.8499	1.75817	1.57866	1.33548	1.04884	0.746198	0.457856	0.206234	0.0162194	-0.102808	-0.146659	-0.103916	0.0202042	0.195923	0.399162	
0.357378	0.385429	0.453775	0.57423	0.763011	1.00806	1.29088	1.56765	1.7937	1.92139	1.93159	1.82461	1.62124	1.35206	1.04191	0.730284	0.444117	0.203741	0.0271894	-0.0876726	-0.134494	-0.0922441	0.0296557	0.212574	0.425674	
0.357403	0.385513	0.453326	0.574918	0.764832	1.01136	1.29707	1.57582	1.80564	1.93527	1.94694	1.8367	1.62935	1.35409	1.04005	0.726779	0.441018	0.202095	0.0285609	-0.085551	-0.133164	-0.0902897	0.0314566	0.214989	0.428856	
0.359043	0.38744	0.454469	0.572002	0.757918	0.999163	1.27256	1.53886	1.75554	1.87919	1.88909	1.7908	1.59924	1.34405	1.04651	0.739137	0.452476	0.206804	0.0221948	-0.0951031	-0.140475	-0.0992211	0.0248955	0.204762	0.413417	
0.373541	0.396485	0.46034	0.571582	0.736735	0.958634	1.21077	1.45201	1.64207	1.75728	1.77497	1.69591	1.53789	1.31799	1.04852	0.754519	0.461601	0.202974	0.00555071	-0.11758	-0.157864	-0.111799	0.00641207	0.177075	0.369818	
0.390147	0.406286	0.461407	0.559795	0.697303	0.886829	1.10227	1.30983	1.47427	1.58489	1.61716	1.56625	1.44504	1.26316	1.02773	0.753657	0.465133	0.201405	-0.00989959	-0.143307	-0.182285	-0.140056	-0.0310583	0.130333	0.306026	
0.402401	0.412867	0.45409	0.527029	0.632354	0.782124	0.951936	1.11784	1.25672	1.37038	1.42545	1.40905	1.32451	1.17764	0.976948	0.728188	0.457241	0.196621	-0.0222658	-0.162781	-0.20932	-0.180167	-0.0811728	0.0620437	0.219777	
0.406707	0.405741	0.432451	0.477969	0.540989	0.641615	0.76996	0.898824	1.01719	1.13101	1.20711	1.22037	1.17138	1.06192	0.893981	0.680462	0.437951	0.194657	-0.0186038	-0.165095	-0.226586	-0.218071	-0.149284	-0.028077	0.108958	
0.3859	0.382625	0.386858	0.397865	0.423588	0.481908	0.572298	0.672493	0.776414	0.885925	0.975525	1.0111	0.989637	0.914556	0.789953	0.622189	0.421639	0.207403	0.00849934	-0.141884	-0.225716	-0.24872	-0.216969	-0.128525	-0.0165081	
0.347108	0.334393	0.31512	0.290354	0.282409	0.304451	0.365306	0.445584	0.541919	0.648715	0.742958	0.798841	0.803771	0.763015	0.675706	0.549726	0.392182	0.21125	0.0349214	-0.105383	-0.204437	-0.259681	-0.264061	-0.217373	-0.138239	
0.273539	0.2532	0.222277	0.178609	0.142093	0.134787	0.170585	0.234459	0.325717	0.430945	0.534218	0.607538	0.63719	0.631028	0.580668	0.495064	0.372379	0.219451	0.0703194	-0.0562334	-0.161367	-0.230083	-0.265006	-0.257252	-0.216652	
0.180337	0.160713	0.122742	0.075075	0.0310455	0.005823	0.0139449	0.0599187	0.139907	0.241795	0.353922	0.449425	0.507201	0.532612	0.519727	0.47146	0.382591	0.262026	0.136569	0.0191738	-0.0868395	-0.167885	-0.222064	-0.240538	-0.236262	
0.0814853	0.0648673	0.0292556	-0.0154323	-0.0592646	-0.0876346	-0.0963934	-0.0679059	-0.00386866	0.09385	0.209729	0.32459	0.414037	0.473612	0.500159	0.487193	0.4286	0.334427	0.229592	0.120861	0.0135112	-0.074552	-0.132737	-0.172192	-0.196153	
-0.0243885	-0.033627	-0.0592081	-0.0987782	-0.142616	-0.172016	-0.17825	-0.154593	-0.0964454	-0.00441235	0.113133	0.240607	0.36042	0.454328	0.515846	0.532977	0.498843	0.425624	0.336236	0.23021	0.125229	0.0414928	-0.0114362	-0.0461442	-0.0770858	
-0.120092	-0.113893	-0.131222	-0.168352	-0.211404	-0.240717	-0.246861	-0.217743	-0.158576	-0.0595787	0.0682164	0.208702	0.351568	0.474471	0.562687	0.594852	0.569738	0.508868	0.429506	0.331192	0.240937	0.175218	0.143575	0.131018	0.111466	
-0.20517	-0.180382	-0.180397	-0.213785	-0.259558	-0.293619	-0.297656	-0.263742	-0.193899	-0.0811891	0.0518623	0.203257	0.367112	0.510191	0.611119	0.652661	0.630934	0.574504	0.503834	0.423537	0.356485	0.317451	0.315701	0.331635	0.337796	
-0.292668	-0.252859	-0.23537	-0.256014	-0.299449	-0.333178	-0.335006	-0.305099	-0.230436	-0.10944	0.034613	0.194321	0.365836	0.525642	0.637634	0.684167	0.669868	0.616652	0.551373	0.489376	0.447851	0.442114	0.472211	0.523801	0.571269	
-0.373897	-0.335506	-0.312956	-0.320201	-0.349324	-0.375899	-0.383675	-0.359681	-0.288468	-0.163117	-0.0056966	0.167001	0.344314	0.507027	0.612131	0.658883	0.652055	0.605469	0.548366	0.508315	0.498073	0.527559	0.59355	0.688066	0.781641	
-0.450081	-0.408343	-0.380563	-0.382265	-0.408102	-0.426289	-0.435436	-0.415003	-0.347444	-0.223997	-0.0655461	0.116401	0.294156	0.446086	0.536359	0.57577	0.569161	0.532039	0.492067	0.48257	0.509469	0.578796	0.683048	0.815281	0.95153	
-0.49834	-0.449871	-0.420948	-0.421549	-0.449159	-0.471568	-0.477873	-0.46027	-0.395898	-0.283541	-0.132623	0.0370432	0.199632	0.32452	0.396974	0.428288	0.433612	0.413562	0.398139	0.420652	0.484879	0.586989	0.72746	0.895628	1.07042	
-0.509067	-0.462916	-0.433562	-0.437076	-0.466564	-0.495382	-0.505008	-0.486598	-0.430602	-0.340065	-0.21537	-0.0754095	0.0579519	0.160843	0.222963	0.254034	0.26871	0.266503	0.274782	0.329029	0.428172	0.560592	0.729967	0.926815	1.13043	
-0.488251	-0.440273	-0.413788	-0.424201	-0.454034	-0.490267	-0.504317	-0.491523	-0.45523	-0.396026	-0.310028	-0.203641	-0.100055	-0.0208542	0.0408196	0.0865566	0.107174	0.115493	0.143113	0.213492	0.335747	0.495736	0.686629	0.904872	1.13308	
