-0.0641591	0.0882922	0.209991	0.292749	0.334402	0.341751	0.313734	0.248021	0.141268	6.16111e-05	-0.168649	-0.348474	-0.504823	-0.621763	-0.694647	-0.710621	-0.679278	-0.606587	-0.504942	-0.396844	-0.294363	-0.203345	-0.142659	-0.103659	-0.081201	
-0.151709	0.0248	0.169528	0.267136	0.31854	0.32873	0.292256	0.21513	0.087087	-0.0772962	-0.267162	-0.460536	-0.638907	-0.773823	-0.854004	-0.877781	-0.840659	-0.749225	-0.61712	-0.468139	-0.329927	-0.213553	-0.138261	-0.0976062	-0.0748149	
-0.22063	-0.0193037	0.150214	0.268531	0.329093	0.33849	0.299726	0.204181	0.0539714	-0.137427	-0.348694	-0.556198	-0.745431	-0.893608	-0.978519	-1.00395	-0.964855	-0.858612	-0.704092	-0.532693	-0.369467	-0.240298	-0.160376	-0.119435	-0.0917608	
-0.249953	-0.0262084	0.161098	0.297537	0.364499	0.373027	0.33397	0.221981	0.0543855	-0.1582	-0.387735	-0.604951	-0.801886	-0.95942	-1.05975	-1.08842	-1.04782	-0.93251	-0.763328	-0.580494	-0.411537	-0.28554	-0.206858	-0.163501	-0.131086	
-0.235985	-0.00372735	0.202736	0.354584	0.435588	0.4482	0.395915	0.271168	0.0836909	-0.142613	-0.375142	-0.5951	-0.795566	-0.962752	-1.07622	-1.12026	-1.08121	-0.964326	-0.799662	-0.617194	-0.455097	-0.337344	-0.264012	-0.216966	-0.174751	
-0.185663	0.0443426	0.263239	0.433599	0.531459	0.548818	0.481829	0.339544	0.135277	-0.0943944	-0.319713	-0.535538	-0.734474	-0.903286	-1.02214	-1.07224	-1.0445	-0.94598	-0.803203	-0.642434	-0.496532	-0.382303	-0.313573	-0.266237	-0.220962	
-0.105434	0.116361	0.335722	0.518281	0.626745	0.646003	0.571195	0.41608	0.205848	-0.0179049	-0.230324	-0.434809	-0.624627	-0.788431	-0.906967	-0.955071	-0.943264	-0.871509	-0.75476	-0.623072	-0.503023	-0.408687	-0.347696	-0.309532	-0.27505	
-0.00577392	0.206118	0.419643	0.594852	0.702422	0.720994	0.646925	0.496085	0.29362	0.0767234	-0.123759	-0.314752	-0.48865	-0.639742	-0.746242	-0.795268	-0.793679	-0.745116	-0.654189	-0.54856	-0.454635	-0.387309	-0.341863	-0.322716	-0.314104	
0.0815877	0.280776	0.48076	0.642534	0.744192	0.762015	0.692221	0.551079	0.362736	0.15946	-0.0295994	-0.197474	-0.345994	-0.473543	-0.565797	-0.611882	-0.612863	-0.57557	-0.502646	-0.42362	-0.359985	-0.326476	-0.314003	-0.318342	-0.336437	
0.14204	0.321367	0.502122	0.651616	0.746035	0.76237	0.697426	0.567447	0.39453	0.212613	0.0406586	-0.105315	-0.22442	-0.318155	-0.384991	-0.416356	-0.409303	-0.368002	-0.310537	-0.257205	-0.224003	-0.223347	-0.253997	-0.296447	-0.337674	
0.160589	0.317405	0.478155	0.616457	0.703165	0.718922	0.658413	0.537845	0.382499	0.222019	0.0725545	-0.0536098	-0.144676	-0.20264	-0.233557	-0.237214	-0.210442	-0.156728	-0.104891	-0.0714436	-0.0648653	-0.0940091	-0.162926	-0.246314	-0.314103	
0.133233	0.275073	0.421026	0.544867	0.621334	0.634961	0.582133	0.474989	0.334766	0.18773	0.0576366	-0.0445561	-0.108399	-0.12943	-0.122122	-0.0942868	-0.0401727	0.0317677	0.092222	0.119724	0.109625	0.051571	-0.0477363	-0.158954	-0.251032	
0.0739545	0.203251	0.338014	0.448411	0.512585	0.524286	0.479936	0.386117	0.258318	0.122914	0.0108435	-0.0636293	-0.0936486	-0.0830142	-0.046623	0.0142352	0.101321	0.195907	0.273715	0.308088	0.287162	0.205955	0.0873933	-0.0430355	-0.158424	
0.00712755	0.117456	0.233669	0.326291	0.382662	0.391805	0.354127	0.274462	0.165217	0.0477403	-0.0451469	-0.0927052	-0.0908489	-0.0551053	0.012044	0.102736	0.218383	0.336193	0.427177	0.467211	0.442058	0.349954	0.219243	0.0727881	-0.0665121	
-0.0500183	0.0296928	0.120926	0.205335	0.25862	0.267238	0.231845	0.156609	0.0662435	-0.020913	-0.0854398	-0.109108	-0.0867557	-0.0266704	0.0602025	0.171206	0.302038	0.43037	0.528682	0.575769	0.55431	0.462479	0.325339	0.16029	-0.00732364	
-0.0727774	-0.0264474	0.0395677	0.108794	0.160013	0.169979	0.132836	0.0677732	-0.00139578	-0.0566104	-0.0890698	-0.0881957	-0.0551802	0.0117055	0.110874	0.225058	0.348674	0.470469	0.570195	0.620339	0.602899	0.517052	0.375079	0.196729	0.0074622	
-0.0428971	-0.026035	0.0138095	0.0596742	0.0939055	0.100234	0.0755697	0.032783	-0.0127384	-0.0382616	-0.0442047	-0.0270055	0.0129063	0.0735755	0.165334	0.271607	0.376315	0.472728	0.554354	0.596496	0.578828	0.499275	0.360714	0.183838	-0.00906858	
0.0128725	0.01116	0.0297239	0.0513108	0.0682318	0.0717902	0.0589029	0.0383334	0.0167909	0.00892586	0.024329	0.0567397	0.102488	0.153501	0.221712	0.306261	0.381648	0.443688	0.494883	0.516877	0.497141	0.423516	0.294143	0.130257	-0.054309	
0.0754819	0.0596111	0.058609	0.060177	0.0648221	0.067077	0.0612761	0.0587593	0.0581226	0.0667963	0.0947658	0.134596	0.181926	0.229405	0.278752	0.336247	0.376439	0.400024	0.415676	0.408059	0.376562	0.307789	0.193597	0.0517405	-0.116327	
0.129121	0.0968316	0.0765175	0.0620562	0.0580296	0.0576446	0.0590799	0.0701683	0.0876602	0.114374	0.153506	0.195225	0.242844	0.291032	0.332054	0.361491	0.361935	0.345691	0.326271	0.290866	0.245132	0.180436	0.0892587	-0.0232502	-0.164536	
0.147388	0.100133	0.0661186	0.0400017	0.0256586	0.0224265	0.0332115	0.0540807	0.0854182	0.127235	0.179201	0.2298	0.28259	0.326936	0.353565	0.356097	0.321399	0.27274	0.227207	0.176361	0.123631	0.067929	0.00480913	-0.0758237	-0.183721	
0.125091	0.0662361	0.0109963	-0.0378386	-0.0724734	-0.0783993	-0.0538949	-0.00956615	0.0436441	0.100636	0.16495	0.231662	0.289832	0.331128	0.342589	0.325551	0.27407	0.207823	0.13408	0.0699485	0.021098	-0.0167183	-0.0531893	-0.102011	-0.177984	
0.0581071	-0.0252575	-0.111554	-0.190029	-0.244354	-0.253873	-0.215807	-0.144449	-0.0598736	0.0251214	0.109086	0.194787	0.267337	0.305921	0.308644	0.281771	0.227887	0.155702	0.0681783	-0.00911767	-0.0574533	-0.0766221	-0.0877494	-0.108361	-0.148197	
-0.0517293	-0.170488	-0.292671	-0.400864	-0.46916	-0.481899	-0.434007	-0.339212	-0.21925	-0.0981565	0.0138057	0.115295	0.201821	0.248713	0.257	0.231731	0.179425	0.107838	0.0212318	-0.0565716	-0.0991361	-0.102246	-0.085765	-0.0757556	-0.081034	
-0.198927	-0.357165	-0.520813	-0.659728	-0.743505	-0.757496	-0.701443	-0.581338	-0.423172	-0.260433	-0.111698	0.0127261	0.112154	0.178511	0.200786	0.186772	0.13672	0.0659609	-0.011705	-0.0767828	-0.102993	-0.0863876	-0.0436604	0.000692376	0.0207086	
-0.376676	-0.578989	-0.779043	-0.948487	-1.047	-1.06274	-0.998159	-0.852322	-0.660824	-0.456396	-0.265767	-0.107101	0.01944	0.103246	0.143783	0.141635	0.0993917	0.0375691	-0.0223318	-0.0665582	-0.065076	-0.0176702	0.0464552	0.112057	0.154474	
-0.578989	-0.822974	-1.06028	-1.25797	-1.37323	-1.39343	-1.31505	-1.14683	-0.920657	-0.675283	-0.441617	-0.240795	-0.0778206	0.0365753	0.0916022	0.102364	0.0777955	0.0295767	-0.0132254	-0.0336913	0.00176643	0.0806087	0.170105	0.2496	0.304294	
-0.779043	-1.06028	-1.3312	-1.55408	-1.68359	-1.70541	-1.61853	-1.42877	-1.17161	-0.890559	-0.620454	-0.380097	-0.177151	-0.0303754	0.0512863	0.0765864	0.0681568	0.0407913	0.0174469	0.0219614	0.0827608	0.187396	0.298731	0.390748	0.458372	
-0.948487	-1.25797	-1.55408	-1.78767	-1.92674	-1.94999	-1.8566	-1.65717	-1.38081	-1.07061	-0.772207	-0.499974	-0.26773	-0.09065	0.017459	0.057143	0.0627824	0.054398	0.0524056	0.0836066	0.161712	0.276869	0.400927	0.509826	0.590893	
-1.047	-1.37323	-1.68359	-1.92674	-2.07193	-2.09723	-1.99774	-1.79122	-1.50207	-1.17641	-0.861628	-0.574266	-0.327744	-0.134161	-0.00353251	0.0493801	0.0642865	0.0654538	0.0791895	0.129319	0.215266	0.330264	0.462509	0.580703	0.674443	
-1.06274	-1.39343	-1.70541	-1.94999	-2.09723	-2.12308	-2.02128	-1.81409	-1.52314	-1.19387	-0.875814	-0.587765	-0.338328	-0.14192	-0.00743912	0.0480386	0.0655296	0.0682727	0.0843838	0.137977	0.224975	0.338834	0.473037	0.592868	0.690181	
-0.998159	-1.31505	-1.61853	-1.8566	-1.99774	-2.02128	-1.92633	-1.72364	-1.44103	-1.1237	-0.816898	-0.53612	-0.296769	-0.110845	0.00785216	0.0530506	0.0621024	0.0590413	0.0646888	0.105151	0.18787	0.303697	0.431072	0.544897	0.631295	
-0.852322	-1.14683	-1.42877	-1.65717	-1.79122	-1.81409	-1.72364	-1.52906	-1.26292	-0.96865	-0.686084	-0.432289	-0.215489	-0.0556317	0.0364705	0.0676011	0.0660196	0.045945	0.0320076	0.0472151	0.115467	0.226429	0.343759	0.442332	0.51588	
-0.660824	-0.920657	-1.17161	-1.38081	-1.50207	-1.52314	-1.44103	-1.26292	-1.02341	-0.763825	-0.514384	-0.296662	-0.117339	0.00973032	0.0748013	0.0909126	0.0728386	0.0328737	-0.00312637	-0.0138393	0.0338583	0.124164	0.223041	0.307147	0.367006	
-0.456396	-0.675283	-0.890559	-1.07061	-1.17641	-1.19387	-1.1237	-0.96865	-0.763825	-0.542377	-0.334526	-0.158997	-0.019123	0.0763286	0.121503	0.124609	0.0886594	0.0313926	-0.0212584	-0.0555774	-0.0412701	0.0186152	0.0924119	0.165289	0.212545	
-0.265767	-0.441617	-0.620454	-0.772207	-0.861628	-0.875814	-0.816898	-0.686084	-0.514384	-0.334526	-0.169764	-0.0332482	0.0751813	0.147516	0.178505	0.169098	0.120642	0.0529355	-0.0182943	-0.0759638	-0.092573	-0.0643949	-0.0123187	0.041606	0.0719337	
-0.107101	-0.240795	-0.380097	-0.499974	-0.574266	-0.587765	-0.53612	-0.432289	-0.296662	-0.158997	-0.0332482	0.0765098	0.167167	0.222244	0.234409	0.212898	0.161525	0.0894135	0.00556159	-0.0681825	-0.10555	-0.102238	-0.0751266	-0.0499635	-0.0451786	
0.01944	-0.0778206	-0.177151	-0.26773	-0.327744	-0.338328	-0.296769	-0.215489	-0.117339	-0.019123	0.0751813	0.167167	0.246292	0.285278	0.289249	0.261835	0.208502	0.137021	0.0476574	-0.0318647	-0.0787397	-0.0907795	-0.0908299	-0.100989	-0.125517	
0.103246	0.0365753	-0.0303754	-0.09065	-0.134161	-0.14192	-0.110845	-0.0556317	0.00973032	0.0763286	0.147516	0.222244	0.285278	0.325849	0.331609	0.309409	0.256351	0.185421	0.104378	0.0341638	-0.0142144	-0.0444303	-0.0707074	-0.107693	-0.169617	
0.143783	0.0916022	0.0512863	0.017459	-0.00353251	-0.00743912	0.00785216	0.0364705	0.0748013	0.121503	0.178505	0.234409	0.289249	0.331609	0.352478	0.345783	0.301574	0.244273	0.188109	0.132347	0.0803206	0.031107	-0.0210508	-0.088844	-0.183911	
0.141635	0.102364	0.0765864	0.057143	0.0493801	0.0480386	0.0530506	0.0676011	0.0909126	0.124609	0.169098	0.212898	0.261835	0.309409	0.345783	0.363836	0.348662	0.317937	0.28742	0.244278	0.194542	0.132186	0.051658	-0.0474945	-0.175347	
0.0993917	0.0777955	0.0681568	0.0627824	0.0642865	0.0655296	0.0621024	0.0660196	0.0728386	0.0886594	0.120642	0.161525	0.208502	0.256351	0.301574	0.348662	0.373212	0.379884	0.380887	0.361608	0.324214	0.257209	0.151081	0.0197587	-0.139445	
0.0375691	0.0295767	0.0407913	0.054398	0.0654538	0.0682727	0.0590413	0.045945	0.0328737	0.0313926	0.0529355	0.0894135	0.137021	0.185421	0.244273	0.317937	0.379884	0.427312	0.464307	0.474752	0.452368	0.38065	0.255875	0.100093	-0.0779683	
-0.0223318	-0.0132254	0.0174469	0.0524056	0.0791895	0.0843838	0.0646888	0.0320076	-0.00312637	-0.0212584	-0.0182943	0.00556159	0.0476574	0.104378	0.188109	0.28742	0.380887	0.464307	0.534611	0.570279	0.552296	0.474879	0.339658	0.167451	-0.0243794	
-0.0665582	-0.0336913	0.0219614	0.0836066	0.129319	0.137977	0.105151	0.0472151	-0.0138393	-0.0555774	-0.0759638	-0.0681825	-0.0318647	0.0341638	0.132347	0.244278	0.361608	0.474752	0.570279	0.619247	0.601087	0.517889	0.376745	0.196697	0.00447154	
-0.065076	0.00176643	0.0827608	0.161712	0.215266	0.224975	0.18787	0.115467	0.0338583	-0.0412701	-0.092573	-0.10555	-0.0787397	-0.0142144	0.0803206	0.194542	0.324214	0.452368	0.552296	0.601087	0.582691	0.492734	0.353424	0.181448	0.0036654	
-0.0176702	0.0806087	0.187396	0.276869	0.330264	0.338834	0.303697	0.226429	0.124164	0.0186152	-0.0643949	-0.102238	-0.0907795	-0.0444303	0.031107	0.132186	0.257209	0.38065	0.474879	0.517889	0.492734	0.400041	0.265907	0.113049	-0.0377634	
0.0464552	0.170105	0.298731	0.400927	0.462509	0.473037	0.431072	0.343759	0.223041	0.0924119	-0.0123187	-0.0751266	-0.0908299	-0.0707074	-0.0210508	0.051658	0.151081	0.255875	0.339658	0.376745	0.353424	0.265907	0.142374	0.00461354	-0.119551	
0.112057	0.2496	0.390748	0.509826	0.580703	0.592868	0.544897	0.442332	0.307147	0.165289	0.041606	-0.0499635	-0.100989	-0.107693	-0.088844	-0.0474945	0.0197587	0.100093	0.167451	0.196697	0.181448	0.113049	0.00461354	-0.114323	-0.216193	
0.154474	0.304294	0.458372	0.590893	0.674443	0.690181	0.631295	0.51588	0.367006	0.212545	0.0719337	-0.0451786	-0.125517	-0.169617	-0.183911	-0.175347	-0.139445	-0.0779683	-0.0243794	0.00447154	0.0036654	-0.0377634	-0.119551	-0.216193	-0.294062	
