-0.322617	-0.224673	-0.13565	-0.0585868	-0.00048555	0.0332627	0.0582082	0.0813154	0.0917806	0.0787027	0.044595	0.0225193	0.0368147	0.0814931	0.15058	0.240129	0.351982	0.465263	0.567062	0.652357	0.70352	0.718754	0.691837	0.628475	0.541652	
-0.224673	-0.13912	-0.0670353	-0.0261183	-0.00550645	-0.00297403	-0.00564835	-0.00598389	-0.00784614	-0.0311198	-0.0711654	-0.101704	-0.0972864	-0.0594153	0.00839498	0.108951	0.233427	0.360649	0.473223	0.571	0.636383	0.664935	0.650441	0.595119	0.513477	
-0.13565	-0.0670353	-0.021467	-0.0061845	-0.0116897	-0.0369139	-0.0673596	-0.0839806	-0.0964897	-0.122152	-0.159613	-0.191475	-0.191069	-0.157206	-0.0856226	0.0123859	0.135319	0.261227	0.375134	0.477819	0.553192	0.593753	0.584137	0.540283	0.469969	
-0.0585868	-0.0261183	-0.0061845	-0.00558831	-0.029469	-0.0724278	-0.117085	-0.137892	-0.151588	-0.173664	-0.204789	-0.234345	-0.233444	-0.199964	-0.134266	-0.0459341	0.0641627	0.182536	0.290667	0.386641	0.459949	0.499968	0.494681	0.459407	0.401134	
-0.00048555	-0.00550645	-0.0116897	-0.029469	-0.0633966	-0.104392	-0.14228	-0.160715	-0.168542	-0.180407	-0.20423	-0.223733	-0.224078	-0.19708	-0.143569	-0.0607547	0.0387404	0.140832	0.232071	0.303172	0.360522	0.389281	0.380796	0.346915	0.295861	
0.0332627	-0.00297403	-0.0369139	-0.0724278	-0.104392	-0.13571	-0.149371	-0.150787	-0.14587	-0.146609	-0.155925	-0.16173	-0.164666	-0.145493	-0.0982285	-0.0243003	0.055813	0.134814	0.200959	0.238803	0.262225	0.266034	0.243952	0.205748	0.16228	
0.0582082	-0.00564835	-0.0673596	-0.117085	-0.14228	-0.149371	-0.142072	-0.131157	-0.111339	-0.0886189	-0.0737284	-0.0631814	-0.0547447	-0.0394161	-0.00260199	0.0538402	0.114512	0.167172	0.196438	0.19243	0.171345	0.142929	0.10089	0.0527941	0.00760386	
0.0813154	-0.00598389	-0.0839806	-0.137892	-0.160715	-0.150787	-0.131157	-0.103908	-0.0674478	-0.0214331	0.0213916	0.0556848	0.0800953	0.0960458	0.123774	0.163808	0.198351	0.215157	0.202698	0.156933	0.096926	0.0344652	-0.0332475	-0.100113	-0.157906	
0.0917806	-0.00784614	-0.0964897	-0.151588	-0.168542	-0.14587	-0.111339	-0.0674478	-0.00677685	0.0530232	0.117775	0.174224	0.215369	0.239628	0.259071	0.279253	0.279894	0.256759	0.202327	0.121772	0.0304131	-0.0644879	-0.159358	-0.244365	-0.314669	
0.0787027	-0.0311198	-0.122152	-0.173664	-0.180407	-0.146609	-0.0886189	-0.0214331	0.0530232	0.128	0.210863	0.283481	0.335191	0.368458	0.385522	0.382393	0.354272	0.292253	0.199356	0.08151	-0.0404837	-0.161021	-0.275332	-0.371561	-0.456773	
0.044595	-0.0711654	-0.159613	-0.204789	-0.20423	-0.155925	-0.0737284	0.0213916	0.117775	0.210863	0.305576	0.383345	0.443491	0.479134	0.489362	0.468238	0.412791	0.316834	0.181084	0.0280049	-0.117854	-0.255009	-0.382607	-0.495312	-0.586915	
0.0225193	-0.101704	-0.191475	-0.234345	-0.223733	-0.16173	-0.0631814	0.0556848	0.174224	0.283481	0.383345	0.467221	0.527349	0.557021	0.555077	0.520716	0.438892	0.308373	0.138858	-0.0370055	-0.193464	-0.341913	-0.483296	-0.610811	-0.703229	
0.0368147	-0.0972864	-0.191069	-0.233444	-0.224078	-0.164666	-0.0547447	0.0800953	0.215369	0.335191	0.443491	0.527349	0.576402	0.589857	0.571513	0.519288	0.408249	0.247717	0.0579655	-0.126949	-0.28655	-0.43273	-0.57491	-0.704188	-0.796589	
0.0814931	-0.0594153	-0.157206	-0.199964	-0.19708	-0.145493	-0.0394161	0.0960458	0.239628	0.368458	0.479134	0.557021	0.589857	0.575524	0.535144	0.457301	0.322098	0.136341	-0.0638856	-0.24544	-0.397504	-0.525045	-0.652858	-0.769616	-0.85115	
0.15058	0.00839498	-0.0856226	-0.134266	-0.143569	-0.0982285	-0.00260199	0.123774	0.259071	0.385522	0.489362	0.555077	0.571513	0.535144	0.46364	0.349357	0.188322	-0.010581	-0.211213	-0.382189	-0.514174	-0.616419	-0.71336	-0.804377	-0.86162	
0.240129	0.108951	0.0123859	-0.0459341	-0.0607547	-0.0243003	0.0538402	0.163808	0.279253	0.382393	0.468238	0.520716	0.519288	0.457301	0.349357	0.209683	0.0355619	-0.169228	-0.367966	-0.518953	-0.618256	-0.687895	-0.746086	-0.802802	-0.835102	
0.351982	0.233427	0.135319	0.0641627	0.0387404	0.055813	0.114512	0.198351	0.279894	0.354272	0.412791	0.438892	0.408249	0.322098	0.188322	0.0355619	-0.140731	-0.338113	-0.519192	-0.640149	-0.703853	-0.738865	-0.757193	-0.774471	-0.774909	
0.465263	0.360649	0.261227	0.182536	0.140832	0.134814	0.167172	0.215157	0.256759	0.292253	0.316834	0.308373	0.247717	0.136341	-0.010581	-0.169228	-0.338113	-0.510781	-0.650077	-0.732979	-0.767525	-0.77292	-0.758577	-0.729548	-0.69398	
0.567062	0.473223	0.375134	0.290667	0.232071	0.200959	0.196438	0.202698	0.202327	0.199356	0.181084	0.138858	0.0579655	-0.0638856	-0.211213	-0.367966	-0.519192	-0.650077	-0.742245	-0.793291	-0.806205	-0.784964	-0.739706	-0.680517	-0.616817	
0.652357	0.571	0.477819	0.386641	0.303172	0.238803	0.19243	0.156933	0.121772	0.08151	0.0280049	-0.0370055	-0.126949	-0.24544	-0.382189	-0.518953	-0.640149	-0.732979	-0.793291	-0.826386	-0.819288	-0.77574	-0.710872	-0.637498	-0.555407	
0.70352	0.636383	0.553192	0.459949	0.360522	0.262225	0.171345	0.096926	0.0304131	-0.0404837	-0.117854	-0.193464	-0.28655	-0.397504	-0.514174	-0.618256	-0.703853	-0.767525	-0.806205	-0.819288	-0.799199	-0.750824	-0.67898	-0.591698	-0.493433	
0.718754	0.664935	0.593753	0.499968	0.389281	0.266034	0.142929	0.0344652	-0.0644879	-0.161021	-0.255009	-0.341913	-0.43273	-0.525045	-0.616419	-0.687895	-0.738865	-0.77292	-0.784964	-0.77574	-0.750824	-0.707217	-0.62853	-0.529774	-0.433525	
0.691837	0.650441	0.584137	0.494681	0.380796	0.243952	0.10089	-0.0332475	-0.159358	-0.275332	-0.382607	-0.483296	-0.57491	-0.652858	-0.71336	-0.746086	-0.757193	-0.758577	-0.739706	-0.710872	-0.67898	-0.62853	-0.546858	-0.455627	-0.382117	
0.628475	0.595119	0.540283	0.459407	0.346915	0.205748	0.0527941	-0.100113	-0.244365	-0.371561	-0.495312	-0.610811	-0.704188	-0.769616	-0.804377	-0.802802	-0.774471	-0.729548	-0.680517	-0.637498	-0.591698	-0.529774	-0.455627	-0.388484	-0.332126	
0.541652	0.513477	0.469969	0.401134	0.295861	0.16228	0.00760386	-0.157906	-0.314669	-0.456773	-0.586915	-0.703229	-0.796589	-0.85115	-0.86162	-0.835102	-0.774909	-0.69398	-0.616817	-0.555407	-0.493433	-0.433525	-0.382117	-0.332126	-0.293016	
0.441742	0.417865	0.388725	0.329635	0.23674	0.11217	-0.0421314	-0.210651	-0.375117	-0.526147	-0.657736	-0.765926	-0.844635	-0.879088	-0.869925	-0.8272	-0.748354	-0.645864	-0.552929	-0.473415	-0.406794	-0.359762	-0.324139	-0.292892	-0.280589	
0.326651	0.313253	0.299973	0.258095	0.179644	0.065935	-0.0813064	-0.249062	-0.416255	-0.567936	-0.691756	-0.788167	-0.849671	-0.867457	-0.844816	-0.789653	-0.704497	-0.601982	-0.499096	-0.412713	-0.355621	-0.319122	-0.291747	-0.280122	-0.295201	
0.214095	0.20908	0.208549	0.187091	0.130164	0.0314801	-0.106771	-0.273654	-0.44394	-0.595095	-0.715841	-0.799866	-0.838051	-0.838954	-0.805856	-0.746298	-0.666204	-0.565548	-0.455156	-0.369168	-0.327022	-0.301784	-0.287275	-0.293798	-0.317869	
0.125151	0.12355	0.132523	0.127408	0.0895222	0.00658047	-0.122958	-0.290406	-0.466023	-0.621861	-0.743288	-0.818793	-0.838579	-0.817858	-0.773192	-0.716207	-0.640449	-0.535598	-0.423515	-0.341081	-0.305458	-0.295353	-0.299962	-0.315627	-0.338953	
0.0704649	0.0731554	0.0878667	0.0936815	0.0692235	-0.00201291	-0.128315	-0.296913	-0.473782	-0.633366	-0.7539	-0.828875	-0.84619	-0.813798	-0.76102	-0.708045	-0.628415	-0.519194	-0.413731	-0.335043	-0.29797	-0.29804	-0.315352	-0.329415	-0.354121	
0.0610601	0.0633558	0.0817091	0.0893029	0.0674525	-0.00344766	-0.129991	-0.297023	-0.474065	-0.633704	-0.756837	-0.833224	-0.848842	-0.812976	-0.760389	-0.708955	-0.628244	-0.515322	-0.41279	-0.335018	-0.2971	-0.29958	-0.317552	-0.331707	-0.356518	
0.098928	0.0992612	0.109921	0.110073	0.0777967	0.00175618	-0.125041	-0.294403	-0.471165	-0.628918	-0.748809	-0.823373	-0.841503	-0.814737	-0.765579	-0.710514	-0.63376	-0.528057	-0.417802	-0.336799	-0.300864	-0.295694	-0.307249	-0.322361	-0.346236	
0.174639	0.171327	0.175635	0.161274	0.112512	0.0196043	-0.115396	-0.281874	-0.454016	-0.606569	-0.728286	-0.808033	-0.83671	-0.828834	-0.791195	-0.731814	-0.654289	-0.551739	-0.439819	-0.355337	-0.317191	-0.297538	-0.290442	-0.302785	-0.326513	
0.280046	0.270743	0.26292	0.229156	0.159158	0.0508962	-0.0926587	-0.259353	-0.427775	-0.578856	-0.700232	-0.791192	-0.844473	-0.856619	-0.829753	-0.771304	-0.687834	-0.587315	-0.480922	-0.393816	-0.343002	-0.310822	-0.287391	-0.283405	-0.303929	
0.396984	0.377189	0.353647	0.30061	0.212929	0.0925401	-0.0595186	-0.227911	-0.393661	-0.546516	-0.675431	-0.77906	-0.850849	-0.877723	-0.86269	-0.814507	-0.730972	-0.627387	-0.530134	-0.445888	-0.381467	-0.339398	-0.30784	-0.283812	-0.284154	
0.503384	0.47582	0.438432	0.373769	0.273053	0.142308	-0.0129812	-0.179802	-0.340778	-0.487141	-0.618978	-0.732948	-0.821968	-0.868495	-0.870463	-0.836961	-0.767861	-0.674999	-0.590462	-0.521477	-0.455547	-0.400369	-0.356254	-0.314056	-0.284201	
0.596035	0.565333	0.514743	0.438449	0.327304	0.189637	0.0359043	-0.124144	-0.273636	-0.407414	-0.533446	-0.650839	-0.746011	-0.808393	-0.832973	-0.820023	-0.77781	-0.717075	-0.655699	-0.60603	-0.553451	-0.48994	-0.424614	-0.364768	-0.313814	
0.670148	0.631819	0.570246	0.483898	0.370206	0.229244	0.0806263	-0.0604931	-0.195329	-0.315739	-0.431488	-0.538695	-0.629976	-0.701985	-0.75145	-0.769484	-0.764586	-0.747717	-0.716941	-0.681524	-0.644737	-0.58988	-0.509348	-0.42738	-0.361333	
0.713118	0.665034	0.595554	0.502568	0.389219	0.260078	0.128398	0.00819016	-0.103131	-0.208578	-0.306491	-0.398083	-0.489586	-0.575739	-0.655139	-0.711499	-0.746509	-0.769553	-0.769667	-0.751855	-0.724589	-0.679983	-0.599517	-0.500458	-0.412604	
0.714003	0.652479	0.574346	0.481595	0.377242	0.266858	0.160224	0.0722146	-0.00658287	-0.0885871	-0.174468	-0.254071	-0.34587	-0.449904	-0.557558	-0.649199	-0.720731	-0.772486	-0.800655	-0.805032	-0.782924	-0.736911	-0.662288	-0.569104	-0.468559	
0.677713	0.602021	0.51192	0.418791	0.327256	0.249494	0.185416	0.134044	0.0859764	0.0322907	-0.031282	-0.101411	-0.19359	-0.310108	-0.439269	-0.563127	-0.671043	-0.752209	-0.80317	-0.828128	-0.814816	-0.767606	-0.699075	-0.620896	-0.530771	
0.60406	0.514365	0.418547	0.331261	0.262779	0.219023	0.19801	0.187303	0.172556	0.153593	0.119879	0.0662704	-0.0188628	-0.140004	-0.284672	-0.435611	-0.575583	-0.68962	-0.767816	-0.810284	-0.814624	-0.782865	-0.728398	-0.662726	-0.59105	
0.507661	0.407446	0.307974	0.227228	0.179579	0.163893	0.18251	0.215235	0.238719	0.259204	0.266784	0.244922	0.173701	0.0560488	-0.0919645	-0.252626	-0.415904	-0.572481	-0.691991	-0.760814	-0.786401	-0.781179	-0.753836	-0.709766	-0.661088	
0.398284	0.285118	0.186945	0.111894	0.0791568	0.0878234	0.137356	0.207527	0.274017	0.33296	0.378883	0.391785	0.348703	0.252273	0.111835	-0.0437278	-0.218047	-0.408389	-0.574597	-0.680783	-0.731409	-0.754371	-0.759648	-0.757607	-0.74364	
0.283161	0.157217	0.0586188	-0.00378661	-0.0215362	0.00801106	0.0781041	0.17856	0.282277	0.375447	0.450614	0.493811	0.482328	0.41031	0.290617	0.144701	-0.0312466	-0.235776	-0.430378	-0.570324	-0.654952	-0.71054	-0.752096	-0.79411	-0.815102	
0.183873	0.0449625	-0.048953	-0.101847	-0.113914	-0.0714099	0.0190813	0.139682	0.267884	0.386276	0.485425	0.546323	0.556561	0.51015	0.42317	0.296891	0.128704	-0.0730704	-0.273674	-0.437807	-0.558264	-0.648045	-0.729703	-0.807998	-0.855406	
0.106531	-0.0356692	-0.132826	-0.177267	-0.178353	-0.129791	-0.0285017	0.104138	0.24703	0.377309	0.485696	0.559031	0.585542	0.562081	0.510488	0.418595	0.273046	0.0806493	-0.1206	-0.298334	-0.444087	-0.562356	-0.67981	-0.787705	-0.860053	
0.0512821	-0.0857751	-0.181334	-0.223889	-0.217199	-0.160697	-0.0499924	0.0873336	0.22711	0.350817	0.461333	0.543901	0.586125	0.588604	0.562554	0.501125	0.380341	0.208527	0.0133621	-0.172026	-0.32985	-0.469743	-0.607858	-0.733535	-0.823926	
0.0239442	-0.105178	-0.195981	-0.238241	-0.226359	-0.163505	-0.0596009	0.066675	0.19275	0.306856	0.409594	0.493914	0.551395	0.576301	0.568291	0.527086	0.433443	0.291225	0.112135	-0.0695448	-0.228152	-0.377497	-0.521067	-0.65123	-0.7443	
0.0321643	-0.0857307	-0.174759	-0.218382	-0.213888	-0.159616	-0.0693225	0.0361721	0.142061	0.242134	0.338959	0.419811	0.481041	0.514712	0.521347	0.495141	0.428797	0.318136	0.167732	0.00436791	-0.147291	-0.290107	-0.423827	-0.543331	-0.635303	
