0.261479	0.296915	0.292661	0.246964	0.155299	0.0353075	-0.0736729	-0.156508	-0.206306	-0.223865	-0.209748	-0.179553	-0.147534	-0.133778	-0.152312	-0.203854	-0.260394	-0.291925	-0.30285	-0.284736	-0.228612	-0.137109	-0.0261893	0.0859627	0.185152	
0.296915	0.365749	0.38232	0.356216	0.289386	0.19221	0.0928596	-0.000361963	-0.0787127	-0.127971	-0.139056	-0.13516	-0.136818	-0.155865	-0.207255	-0.284421	-0.350357	-0.385067	-0.393372	-0.363397	-0.294477	-0.193785	-0.0663533	0.072561	0.201874	
0.292661	0.38232	0.423246	0.426826	0.402542	0.348536	0.274793	0.178942	0.0858816	0.0232028	-0.00774515	-0.0302777	-0.0642837	-0.120354	-0.20741	-0.315209	-0.402754	-0.456399	-0.472616	-0.437658	-0.361969	-0.250964	-0.114773	0.0346509	0.181551	
0.246964	0.356216	0.426826	0.46941	0.491511	0.489665	0.450579	0.374228	0.289358	0.219584	0.169951	0.121391	0.0538622	-0.0392319	-0.155283	-0.28786	-0.406417	-0.486755	-0.517357	-0.490102	-0.417698	-0.311174	-0.177229	-0.0238021	0.138386	
0.155299	0.289386	0.402542	0.491511	0.563534	0.611197	0.611954	0.574498	0.508769	0.439134	0.37631	0.30852	0.211702	0.0912296	-0.0497328	-0.20861	-0.352756	-0.461292	-0.519745	-0.517387	-0.460487	-0.365576	-0.240868	-0.0870717	0.0803694	
0.0353075	0.19221	0.348536	0.489665	0.611197	0.704026	0.750016	0.751236	0.707845	0.650225	0.589668	0.513359	0.404555	0.26863	0.106365	-0.0756765	-0.24434	-0.380332	-0.469442	-0.496152	-0.465039	-0.387772	-0.27537	-0.132546	0.0227251	
-0.0736729	0.0928596	0.274793	0.450579	0.611954	0.750016	0.836373	0.877082	0.867534	0.833209	0.781481	0.707941	0.600887	0.453326	0.27241	0.0764151	-0.108273	-0.264305	-0.374932	-0.422252	-0.416885	-0.364684	-0.265644	-0.143068	-0.0117705	
-0.156508	-0.000361963	0.178942	0.374228	0.574498	0.751236	0.877082	0.956979	0.98545	0.975398	0.935651	0.872463	0.772598	0.618068	0.424018	0.219253	0.0258944	-0.135185	-0.252707	-0.31678	-0.329217	-0.291833	-0.215623	-0.117873	-0.00815807	
-0.206306	-0.0787127	0.0858816	0.289358	0.508769	0.707845	0.867534	0.98545	1.04984	1.07373	1.05966	1.01027	0.916001	0.76173	0.573592	0.373517	0.179688	0.0217067	-0.096996	-0.17534	-0.205	-0.184198	-0.13028	-0.0524955	0.039314	
-0.223865	-0.127971	0.0232028	0.219584	0.439134	0.650225	0.833209	0.975398	1.07373	1.13428	1.15295	1.11937	1.03376	0.892925	0.715774	0.519627	0.334184	0.18382	0.0661669	-0.0144864	-0.0538818	-0.0543974	-0.0214142	0.0382558	0.116879	
-0.209748	-0.139056	-0.00774515	0.169951	0.37631	0.589668	0.781481	0.935651	1.05966	1.15295	1.19638	1.17932	1.10963	0.992478	0.83014	0.64244	0.470457	0.328743	0.221064	0.151067	0.11006	0.0929445	0.107029	0.150019	0.219634	
-0.179553	-0.13516	-0.0302777	0.121391	0.30852	0.513359	0.707941	0.872463	1.01027	1.11937	1.17932	1.18299	1.13587	1.04309	0.90989	0.747647	0.592328	0.465422	0.377146	0.317436	0.270311	0.245614	0.253583	0.283663	0.342102	
-0.147534	-0.136818	-0.0642837	0.0538622	0.211702	0.404555	0.600887	0.772598	0.916001	1.03376	1.10963	1.13587	1.11406	1.05576	0.964864	0.841686	0.713881	0.606952	0.531783	0.472767	0.42686	0.401016	0.400913	0.43079	0.487019	
-0.133778	-0.155865	-0.120354	-0.0392319	0.0912296	0.26863	0.453326	0.618068	0.76173	0.892925	0.992478	1.04309	1.05576	1.04768	1.00068	0.921216	0.8296	0.749161	0.686776	0.63087	0.586016	0.55853	0.553666	0.5751	0.61957	
-0.152312	-0.207255	-0.20741	-0.155283	-0.0497328	0.106365	0.27241	0.424018	0.573592	0.715774	0.83014	0.90989	0.964864	1.00068	1.00477	0.97809	0.935508	0.885299	0.836338	0.786705	0.738435	0.705092	0.689344	0.698471	0.7167	
-0.203854	-0.284421	-0.315209	-0.28786	-0.20861	-0.0756765	0.0764151	0.219253	0.373517	0.519627	0.64244	0.747647	0.841686	0.921216	0.97809	1.01306	1.02193	1.01017	0.97626	0.930822	0.873819	0.817707	0.779962	0.759459	0.749431	
-0.260394	-0.350357	-0.402754	-0.406417	-0.352756	-0.24434	-0.108273	0.0258944	0.179688	0.334184	0.470457	0.592328	0.713881	0.8296	0.935508	1.02193	1.08201	1.11151	1.0946	1.04262	0.963673	0.875147	0.792072	0.72806	0.689265	
-0.291925	-0.385067	-0.456399	-0.486755	-0.461292	-0.380332	-0.264305	-0.135185	0.0217067	0.18382	0.328743	0.465422	0.606952	0.749161	0.885299	1.01017	1.11151	1.16699	1.15606	1.09064	0.980537	0.847028	0.713548	0.605272	0.53509	
-0.30285	-0.393372	-0.472616	-0.517357	-0.519745	-0.469442	-0.374932	-0.252707	-0.096996	0.0661669	0.221064	0.377146	0.531783	0.686776	0.836338	0.97626	1.0946	1.15606	1.13889	1.0499	0.903645	0.722394	0.542181	0.392837	0.297021	
-0.284736	-0.363397	-0.437658	-0.490102	-0.517387	-0.496152	-0.422252	-0.31678	-0.17534	-0.0144864	0.151067	0.317436	0.472767	0.63087	0.786705	0.930822	1.04262	1.09064	1.0499	0.925098	0.741434	0.521868	0.298286	0.109994	-0.00308262	
-0.228612	-0.294477	-0.361969	-0.417698	-0.460487	-0.465039	-0.416885	-0.329217	-0.205	-0.0538818	0.11006	0.270311	0.42686	0.586016	0.738435	0.873819	0.963673	0.980537	0.903645	0.741434	0.513102	0.261012	0.0124038	-0.196241	-0.327172	
-0.137109	-0.193785	-0.250964	-0.311174	-0.365576	-0.387772	-0.364684	-0.291833	-0.184198	-0.0543974	0.0929445	0.245614	0.401016	0.55853	0.705092	0.817707	0.875147	0.847028	0.722394	0.521868	0.261012	-0.0156499	-0.278582	-0.489555	-0.625887	
-0.0261893	-0.0663533	-0.114773	-0.177229	-0.240868	-0.27537	-0.265644	-0.215623	-0.13028	-0.0214142	0.107029	0.253583	0.400913	0.553666	0.689344	0.779962	0.792072	0.713548	0.542181	0.298286	0.0124038	-0.278582	-0.534244	-0.731425	-0.854639	
0.0859627	0.072561	0.0346509	-0.0238021	-0.0870717	-0.132546	-0.143068	-0.117873	-0.0524955	0.0382558	0.150019	0.283663	0.43079	0.5751	0.698471	0.759459	0.72806	0.605272	0.392837	0.109994	-0.196241	-0.489555	-0.731425	-0.900672	-0.99701	
0.185152	0.201874	0.181551	0.138386	0.0803694	0.0227251	-0.0117705	-0.00815807	0.039314	0.116879	0.219634	0.342102	0.487019	0.61957	0.7167	0.749431	0.689265	0.53509	0.297021	-0.00308262	-0.327172	-0.625887	-0.854639	-0.99701	-1.06259	
0.261388	0.299965	0.303093	0.273507	0.223687	0.163097	0.115097	0.110579	0.144365	0.216392	0.316864	0.433541	0.556583	0.663956	0.738255	0.752226	0.683219	0.51465	0.261703	-0.0501965	-0.383173	-0.680829	-0.901205	-1.02398	-1.06007	
0.308772	0.352805	0.372141	0.35828	0.323895	0.271552	0.227881	0.223236	0.256187	0.326303	0.417458	0.526217	0.627656	0.717321	0.773636	0.778632	0.703401	0.531767	0.275778	-0.0413314	-0.374949	-0.672295	-0.884036	-0.992315	-1.00239	
0.32677	0.372885	0.398547	0.4018	0.383389	0.34504	0.315061	0.321454	0.358157	0.420323	0.505758	0.601652	0.692336	0.768004	0.815233	0.818492	0.743105	0.569241	0.313747	-0.00101344	-0.330513	-0.622934	-0.826983	-0.925442	-0.91748	
0.323161	0.370856	0.402639	0.41759	0.411459	0.389496	0.377526	0.398955	0.4345	0.486198	0.570941	0.660233	0.741913	0.802026	0.846243	0.854516	0.784234	0.609732	0.353194	0.042998	-0.274531	-0.555306	-0.756799	-0.85523	-0.839296	
0.312409	0.35883	0.397247	0.419508	0.423545	0.410564	0.409665	0.437529	0.473231	0.525467	0.602644	0.692766	0.770884	0.826206	0.869498	0.878075	0.804461	0.632893	0.384446	0.0817897	-0.226524	-0.501941	-0.70774	-0.807062	-0.793006	
0.309317	0.35568	0.396294	0.418796	0.426833	0.415477	0.414362	0.444572	0.481549	0.533113	0.608647	0.697985	0.775686	0.830536	0.875199	0.881364	0.805755	0.636899	0.390308	0.0885741	-0.217417	-0.491308	-0.699263	-0.799467	-0.785337	
0.319012	0.366336	0.400419	0.418838	0.417086	0.399097	0.394086	0.41869	0.454086	0.505154	0.586951	0.676261	0.755832	0.813727	0.856189	0.867035	0.795723	0.621383	0.36779	0.0614771	-0.252864	-0.531198	-0.732773	-0.831609	-0.816225	
0.326759	0.374382	0.402524	0.41097	0.397521	0.366357	0.343659	0.356447	0.392554	0.449602	0.535307	0.628052	0.714701	0.782633	0.829137	0.833589	0.76132	0.587145	0.329619	0.0155547	-0.308544	-0.595302	-0.798483	-0.896419	-0.883487	
0.319325	0.363813	0.386382	0.380029	0.352042	0.304761	0.265937	0.264049	0.299004	0.367096	0.454236	0.558201	0.654441	0.739241	0.791097	0.79362	0.716671	0.544513	0.289521	-0.0268923	-0.359859	-0.657041	-0.864649	-0.967814	-0.969859	
0.283706	0.32625	0.337462	0.313217	0.269484	0.21072	0.162396	0.156758	0.189138	0.260314	0.358129	0.472484	0.585305	0.684336	0.750499	0.760311	0.688978	0.518242	0.262859	-0.0518601	-0.386701	-0.68388	-0.900311	-1.0175	-1.04267	
0.218533	0.246139	0.235343	0.197369	0.14223	0.0827114	0.0403862	0.0394616	0.0795567	0.153544	0.256533	0.375963	0.514445	0.637295	0.724433	0.747925	0.683732	0.52137	0.275779	-0.0295435	-0.358051	-0.65649	-0.882036	-1.01643	-1.06963	
0.128339	0.127184	0.0943799	0.0417565	-0.0201785	-0.0709557	-0.0908572	-0.0754773	-0.0176	0.0681897	0.174229	0.302217	0.45027	0.591484	0.705657	0.754234	0.708532	0.570886	0.34778	0.0557921	-0.258923	-0.55445	-0.790807	-0.94703	-1.03172	
0.0193875	-0.0110647	-0.0555527	-0.118382	-0.181647	-0.220702	-0.218444	-0.178329	-0.101082	-0.000500018	0.121303	0.263453	0.409499	0.558474	0.690636	0.770166	0.762791	0.666589	0.477141	0.21572	-0.0785423	-0.370249	-0.620697	-0.809044	-0.92191	
-0.0936252	-0.145069	-0.198929	-0.260419	-0.31935	-0.347269	-0.329305	-0.26563	-0.166639	-0.0449829	0.0942515	0.245456	0.39721	0.554377	0.695728	0.800917	0.841542	0.791867	0.647862	0.431888	0.159847	-0.125036	-0.385973	-0.593918	-0.727746	
-0.196049	-0.257978	-0.321178	-0.379103	-0.425977	-0.438418	-0.401491	-0.319708	-0.200946	-0.0582436	0.100529	0.257042	0.413441	0.572053	0.723891	0.849113	0.927729	0.928648	0.83355	0.655962	0.412496	0.149925	-0.106353	-0.317394	-0.452241	
-0.266477	-0.34002	-0.412393	-0.465526	-0.500741	-0.490399	-0.426318	-0.328414	-0.194486	-0.0355659	0.131205	0.29653	0.452288	0.611118	0.767108	0.909773	1.01387	1.05082	0.99761	0.857687	0.656339	0.422998	0.187545	-0.0112545	-0.132935	
-0.30015	-0.386544	-0.464477	-0.513362	-0.525554	-0.486755	-0.400757	-0.284351	-0.1335	0.0291037	0.188968	0.351721	0.507427	0.6633	0.81601	0.959359	1.07685	1.1357	1.11074	1.00861	0.847629	0.650496	0.451791	0.285284	0.183412	
-0.298812	-0.391809	-0.468289	-0.506047	-0.492334	-0.423311	-0.315633	-0.188377	-0.0309023	0.132822	0.28127	0.424849	0.573396	0.723358	0.865894	0.998542	1.11013	1.17062	1.15905	1.08577	0.961289	0.807397	0.655743	0.531017	0.448403	
-0.276567	-0.367855	-0.428033	-0.443582	-0.400529	-0.303344	-0.174371	-0.0432272	0.111551	0.269695	0.410205	0.537589	0.667697	0.79546	0.915886	1.0199	1.09843	1.141	1.12851	1.07147	0.981093	0.876087	0.771564	0.68947	0.638158	
-0.227521	-0.313704	-0.353901	-0.33961	-0.269646	-0.146703	-0.000364381	0.139807	0.293631	0.442136	0.570213	0.682645	0.789492	0.884192	0.962153	1.01961	1.04929	1.05455	1.02717	0.980416	0.916272	0.849305	0.795634	0.758015	0.73721	
-0.170194	-0.236579	-0.250472	-0.207451	-0.112942	0.0343201	0.194034	0.341754	0.493747	0.638502	0.755657	0.846966	0.91845	0.972345	0.996859	0.994562	0.973039	0.936933	0.894121	0.847083	0.796066	0.754834	0.733074	0.733012	0.739453	
-0.136945	-0.17286	-0.151084	-0.0827484	0.0377754	0.207355	0.38488	0.543289	0.689615	0.825326	0.932301	0.994672	1.02375	1.03401	1.00681	0.947279	0.873356	0.805087	0.747372	0.693873	0.64857	0.62058	0.611493	0.627743	0.663749	
-0.138308	-0.141597	-0.0839835	0.0198581	0.165497	0.352739	0.546391	0.717627	0.860344	0.983315	1.06885	1.10397	1.09439	1.0553	0.981272	0.875939	0.761859	0.664271	0.593853	0.535362	0.490376	0.463588	0.461788	0.49036	0.543546	
-0.166273	-0.134294	-0.0416519	0.0967981	0.274015	0.474228	0.670208	0.838683	0.97905	1.09153	1.15695	1.17022	1.13263	1.05148	0.934369	0.786565	0.640062	0.520965	0.439343	0.380751	0.332862	0.307342	0.312373	0.34133	0.398544	
-0.198799	-0.137286	-0.0165376	0.151858	0.350862	0.561824	0.754966	0.913188	1.04381	1.14591	1.19647	1.18684	1.12629	1.01852	0.866588	0.686475	0.520292	0.383614	0.283278	0.217831	0.175467	0.153913	0.164166	0.201464	0.265816	
