0.260915	0.328781	0.371376	0.409441	0.424913	0.426991	0.418466	0.387653	0.347031	0.292745	0.199732	0.0747438	-0.0523875	-0.165234	-0.249495	-0.291923	-0.318447	-0.340015	-0.35823	-0.374055	-0.368628	-0.354353	-0.329889	-0.315232	-0.303302	
0.221155	0.32499	0.400013	0.45464	0.479636	0.482994	0.468179	0.424642	0.357321	0.267215	0.142648	0.00276048	-0.118491	-0.213627	-0.275286	-0.304737	-0.319259	-0.32812	-0.335932	-0.338518	-0.329018	-0.304499	-0.268902	-0.236974	-0.207608	
0.19445	0.323382	0.428889	0.504996	0.546713	0.554319	0.525752	0.463452	0.36843	0.248719	0.108588	-0.0311854	-0.143861	-0.224025	-0.265112	-0.281435	-0.286659	-0.289916	-0.292449	-0.286354	-0.270029	-0.235777	-0.199603	-0.16286	-0.133431	
0.19668	0.344339	0.470597	0.564106	0.623002	0.631537	0.593291	0.511818	0.398603	0.256976	0.10882	-0.0203546	-0.126348	-0.191803	-0.227895	-0.238653	-0.238126	-0.234982	-0.232964	-0.232434	-0.214589	-0.178241	-0.138414	-0.106922	-0.0914429	
0.234061	0.394472	0.534258	0.637033	0.700985	0.712051	0.667841	0.579871	0.454595	0.297671	0.143921	0.0153756	-0.0813602	-0.138344	-0.169237	-0.18504	-0.192124	-0.186045	-0.180137	-0.177906	-0.166211	-0.143963	-0.114843	-0.0942776	-0.0919765	
0.281847	0.444139	0.589821	0.696227	0.759325	0.771159	0.726652	0.637945	0.505721	0.346096	0.191524	0.0673913	-0.0200104	-0.0698058	-0.0957256	-0.116797	-0.131782	-0.135066	-0.13155	-0.128462	-0.124878	-0.122632	-0.120995	-0.123772	-0.134261	
0.315141	0.464835	0.608193	0.720554	0.785673	0.79839	0.75187	0.65867	0.524056	0.374298	0.230623	0.118235	0.0468859	0.00704862	-0.0142737	-0.036111	-0.0532043	-0.068246	-0.0780191	-0.0872943	-0.100017	-0.118759	-0.148316	-0.176752	-0.201754	
0.330336	0.460726	0.59612	0.713561	0.783087	0.794638	0.748128	0.646785	0.515561	0.381013	0.258511	0.162766	0.10857	0.0820014	0.0655937	0.0474019	0.0216696	-0.0076137	-0.0364092	-0.0681025	-0.106441	-0.149689	-0.198186	-0.243935	-0.279488	
0.346071	0.45773	0.580007	0.691883	0.760115	0.769777	0.727119	0.626862	0.506382	0.388615	0.28805	0.212144	0.170104	0.148165	0.128868	0.110415	0.072419	0.0215072	-0.0318769	-0.0885834	-0.150869	-0.216335	-0.277586	-0.328235	-0.358568	
0.385981	0.474243	0.571103	0.662299	0.722778	0.731251	0.693046	0.608802	0.51229	0.419793	0.339933	0.278276	0.23954	0.208358	0.175651	0.141165	0.0857439	0.016003	-0.0637856	-0.146191	-0.234333	-0.314521	-0.381543	-0.426091	-0.437836	
0.452389	0.508496	0.568658	0.629938	0.674054	0.682542	0.650506	0.593941	0.532177	0.474468	0.418027	0.36301	0.310216	0.25698	0.203651	0.143125	0.0630861	-0.0294648	-0.127517	-0.235415	-0.341315	-0.428944	-0.490585	-0.51762	-0.502773	
0.520111	0.544662	0.565251	0.590509	0.613745	0.617502	0.601346	0.574568	0.553426	0.530802	0.500283	0.451009	0.378612	0.295893	0.213492	0.128746	0.0219749	-0.0968437	-0.221636	-0.349381	-0.463598	-0.548043	-0.590324	-0.591766	-0.544725	
0.567898	0.564157	0.549886	0.543199	0.545775	0.545693	0.544536	0.545182	0.559084	0.568584	0.55794	0.509186	0.424349	0.318524	0.206611	0.0942158	-0.0338536	-0.173014	-0.324353	-0.469478	-0.585694	-0.653144	-0.660797	-0.623312	-0.544741	
0.574511	0.547152	0.505922	0.475165	0.459203	0.454843	0.46815	0.491105	0.530926	0.566999	0.57171	0.523064	0.431617	0.317686	0.189883	0.0565479	-0.0895224	-0.244601	-0.410191	-0.562295	-0.671812	-0.716262	-0.689845	-0.611315	-0.502769	
0.526136	0.483653	0.424855	0.373118	0.338978	0.331425	0.357418	0.402095	0.460468	0.513439	0.529203	0.488227	0.400383	0.287309	0.157485	0.0192834	-0.132396	-0.294455	-0.456477	-0.595005	-0.687929	-0.71128	-0.657732	-0.551003	-0.426461	
0.427296	0.370041	0.290639	0.21782	0.171815	0.164943	0.195062	0.259351	0.339375	0.409334	0.438216	0.411597	0.340937	0.240253	0.118031	-0.0150665	-0.155805	-0.306174	-0.450074	-0.564639	-0.629725	-0.631284	-0.563698	-0.449361	-0.325293	
0.286018	0.207809	0.104858	0.012809	-0.0367054	-0.0446737	-0.0124615	0.0645454	0.16794	0.25956	0.31204	0.309012	0.257832	0.182491	0.0853095	-0.0319445	-0.158413	-0.284339	-0.397408	-0.479176	-0.516452	-0.498198	-0.423918	-0.317979	-0.208628	
0.105753	0.00309256	-0.116942	-0.22679	-0.287316	-0.295508	-0.258474	-0.164114	-0.043525	0.0672238	0.153114	0.19102	0.174955	0.131652	0.0721887	-0.0182882	-0.12554	-0.229379	-0.309553	-0.356342	-0.367937	-0.335262	-0.266008	-0.180178	-0.0978382	
-0.0982854	-0.224185	-0.360352	-0.48527	-0.55477	-0.564674	-0.521126	-0.414142	-0.277837	-0.147353	-0.0288651	0.0598873	0.100393	0.104396	0.0779223	0.0151825	-0.0638105	-0.142645	-0.198221	-0.216416	-0.206389	-0.171111	-0.113832	-0.0485785	0.00732103	
-0.296975	-0.455881	-0.609011	-0.73422	-0.802197	-0.811367	-0.769594	-0.664151	-0.518711	-0.360113	-0.206091	-0.0766471	0.0186571	0.0793079	0.090301	0.0514567	0.00341052	-0.0441427	-0.0772754	-0.0782096	-0.0533728	-0.0175008	0.0258537	0.0733178	0.105131	
-0.484998	-0.674864	-0.835276	-0.953718	-1.01908	-1.02866	-0.987707	-0.887672	-0.743577	-0.562876	-0.371081	-0.204776	-0.0702915	0.0354529	0.0917516	0.087172	0.0652905	0.0451062	0.0370453	0.0526347	0.0880967	0.125573	0.153291	0.175416	0.183115	
-0.663514	-0.853814	-1.00723	-1.12086	-1.18477	-1.19473	-1.15336	-1.05742	-0.92012	-0.743689	-0.538213	-0.339123	-0.172919	-0.0427223	0.0456435	0.0842265	0.0964811	0.103662	0.129327	0.174287	0.220719	0.257622	0.273131	0.268243	0.247666	
-0.821247	-0.990206	-1.12814	-1.2307	-1.28153	-1.28752	-1.25757	-1.17453	-1.04935	-0.892676	-0.703413	-0.495982	-0.306772	-0.162014	-0.0572158	0.0199586	0.0841276	0.136582	0.199802	0.275026	0.338663	0.380075	0.39056	0.364847	0.311777	
-0.953322	-1.09478	-1.20467	-1.27792	-1.30727	-1.30986	-1.29483	-1.23941	-1.14267	-1.01354	-0.85278	-0.667786	-0.482931	-0.323539	-0.193844	-0.0803859	0.0360575	0.147525	0.251767	0.352602	0.433593	0.480821	0.488362	0.451429	0.376257	
-1.05808	-1.15377	-1.21174	-1.24309	-1.25781	-1.26015	-1.25113	-1.22666	-1.18064	-1.1013	-0.983552	-0.840432	-0.68562	-0.52201	-0.361336	-0.210709	-0.0538353	0.110733	0.263782	0.390559	0.490564	0.549881	0.555749	0.51239	0.431654	
-1.12632	-1.15175	-1.14463	-1.13489	-1.13725	-1.13893	-1.13493	-1.13901	-1.15146	-1.14192	-1.09008	-0.99852	-0.877267	-0.730138	-0.557609	-0.373077	-0.17955	0.0251573	0.218323	0.375519	0.491778	0.562588	0.576599	0.542164	0.48078	
-1.15175	-1.10575	-1.04724	-1.00209	-0.985665	-0.984846	-0.992011	-1.02624	-1.08234	-1.13671	-1.15948	-1.12522	-1.03673	-0.912253	-0.751798	-0.546643	-0.317928	-0.0862494	0.130629	0.310584	0.443804	0.527716	0.562721	0.555475	0.524058	
-1.14463	-1.04724	-0.953851	-0.88362	-0.850092	-0.845925	-0.865615	-0.922221	-1.00821	-1.10625	-1.19204	-1.21775	-1.16493	-1.06026	-0.911728	-0.70447	-0.46025	-0.212232	0.0193112	0.221599	0.377973	0.479021	0.536257	0.561654	0.568443	
-1.13489	-1.00209	-0.88362	-0.79975	-0.763534	-0.759343	-0.77933	-0.845174	-0.951662	-1.08173	-1.20654	-1.27472	-1.25763	-1.17136	-1.02843	-0.826284	-0.586773	-0.329624	-0.0800814	0.141445	0.317873	0.439592	0.518633	0.572947	0.61559	
-1.13725	-0.985665	-0.850092	-0.763534	-0.734804	-0.733537	-0.74561	-0.808568	-0.927556	-1.07756	-1.21676	-1.29675	-1.3008	-1.23183	-1.09316	-0.892496	-0.657636	-0.394956	-0.13177	0.0936017	0.277124	0.416088	0.514332	0.587299	0.651301	
-1.13893	-0.984846	-0.845925	-0.759343	-0.733537	-0.732892	-0.743457	-0.803398	-0.924908	-1.07882	-1.21873	-1.29923	-1.30491	-1.24106	-1.1026	-0.90187	-0.667783	-0.403296	-0.139938	0.0865103	0.268996	0.410622	0.512419	0.589266	0.658622	
-1.13493	-0.992011	-0.865615	-0.77933	-0.74561	-0.743457	-0.759845	-0.825158	-0.937606	-1.07825	-1.21164	-1.28716	-1.28145	-1.20207	-1.06171	-0.861013	-0.623356	-0.36332	-0.106648	0.116891	0.298725	0.429037	0.516843	0.579841	0.631926	
-1.13901	-1.02624	-0.922221	-0.845174	-0.808568	-0.803398	-0.825158	-0.887381	-0.982833	-1.09403	-1.19821	-1.24522	-1.20746	-1.10976	-0.96324	-0.758533	-0.515035	-0.262318	-0.0242919	0.187022	0.352171	0.46095	0.526517	0.564586	0.587733	
-1.15146	-1.08234	-1.00821	-0.951662	-0.927556	-0.924908	-0.937606	-0.982833	-1.05194	-1.12571	-1.1758	-1.1664	-1.09177	-0.975924	-0.821117	-0.612644	-0.3747	-0.135508	0.0875348	0.276365	0.417876	0.508229	0.552732	0.558781	0.541821	
-1.14192	-1.13671	-1.10625	-1.08173	-1.07756	-1.07882	-1.07825	-1.09403	-1.12571	-1.14451	-1.12359	-1.05319	-0.944612	-0.807228	-0.638425	-0.44279	-0.233802	-0.0174725	0.187721	0.354486	0.476982	0.552468	0.57409	0.5488	0.49816	
-1.09008	-1.15948	-1.19204	-1.20654	-1.21676	-1.21873	-1.21164	-1.19821	-1.1758	-1.12359	-1.02976	-0.906972	-0.765057	-0.606445	-0.437345	-0.272691	-0.101765	0.0814615	0.25224	0.391756	0.497589	0.561728	0.569427	0.527654	0.452278	
-0.99852	-1.12522	-1.21775	-1.27472	-1.29675	-1.29923	-1.28716	-1.24522	-1.1664	-1.05319	-0.906972	-0.737268	-0.563807	-0.399238	-0.256646	-0.128833	0.0054246	0.139734	0.263624	0.372741	0.462316	0.514367	0.520527	0.479707	0.399305	
-0.877267	-1.03673	-1.16493	-1.25763	-1.3008	-1.30491	-1.28145	-1.20746	-1.09177	-0.944612	-0.765057	-0.563807	-0.371795	-0.221776	-0.108209	-0.0166446	0.0694594	0.145285	0.223085	0.309909	0.380081	0.422968	0.43204	0.401324	0.338174	
-0.730138	-0.912253	-1.06026	-1.17136	-1.23183	-1.24106	-1.20207	-1.10976	-0.975924	-0.807228	-0.606445	-0.399238	-0.221776	-0.0850809	0.00943706	0.0644348	0.0959925	0.118505	0.160277	0.217543	0.270432	0.308343	0.321628	0.307402	0.273324	
-0.557609	-0.751798	-0.911728	-1.02843	-1.09316	-1.1026	-1.06171	-0.96324	-0.821117	-0.638425	-0.437345	-0.256646	-0.108209	0.00943706	0.0812734	0.0935775	0.082996	0.0728067	0.0772486	0.103112	0.141946	0.178844	0.201118	0.212212	0.209497	
-0.373077	-0.546643	-0.70447	-0.826284	-0.892496	-0.90187	-0.861013	-0.758533	-0.612644	-0.44279	-0.272691	-0.128833	-0.0166446	0.0644348	0.0935775	0.0667118	0.029429	-0.00626585	-0.0298007	-0.0252699	0.00451642	0.0419324	0.0789124	0.117067	0.138819	
-0.17955	-0.317928	-0.46025	-0.586773	-0.657636	-0.667783	-0.623356	-0.515035	-0.3747	-0.233802	-0.101765	0.0054246	0.0694594	0.0959925	0.082996	0.029429	-0.0368429	-0.103363	-0.149679	-0.160206	-0.143562	-0.108823	-0.0570853	0.0012444	0.0482458	
0.0251573	-0.0862494	-0.212232	-0.329624	-0.394956	-0.403296	-0.36332	-0.262318	-0.135508	-0.0174725	0.0814615	0.139734	0.145285	0.118505	0.0728067	-0.00626585	-0.103363	-0.197633	-0.266808	-0.300952	-0.30342	-0.268625	-0.203079	-0.125797	-0.0552137	
0.218323	0.130629	0.0193112	-0.0800814	-0.13177	-0.139938	-0.106648	-0.0242919	0.0875348	0.187721	0.25224	0.263624	0.223085	0.160277	0.0772486	-0.0298007	-0.149679	-0.266808	-0.365925	-0.433849	-0.46002	-0.435078	-0.361495	-0.262977	-0.163171	
0.375519	0.310584	0.221599	0.141445	0.0936017	0.0865103	0.116891	0.187022	0.276365	0.354486	0.391756	0.372741	0.309909	0.217543	0.103112	-0.0252699	-0.160206	-0.300952	-0.433849	-0.536213	-0.590223	-0.583489	-0.511891	-0.398393	-0.279077	
0.491778	0.443804	0.377973	0.317873	0.277124	0.268996	0.298725	0.352171	0.417876	0.476982	0.497589	0.462316	0.380081	0.270432	0.141946	0.00451642	-0.143562	-0.30342	-0.46002	-0.590223	-0.673304	-0.687395	-0.626952	-0.514767	-0.388341	
0.562588	0.527716	0.479021	0.439592	0.416088	0.410622	0.429037	0.46095	0.508229	0.552468	0.561728	0.514367	0.422968	0.308343	0.178844	0.0419324	-0.108823	-0.268625	-0.435078	-0.583489	-0.687395	-0.723482	-0.685033	-0.593478	-0.476044	
0.576599	0.562721	0.536257	0.518633	0.514332	0.512419	0.516843	0.526517	0.552732	0.57409	0.569427	0.520527	0.43204	0.321628	0.201118	0.0789124	-0.0570853	-0.203079	-0.361495	-0.511891	-0.626952	-0.685033	-0.677959	-0.623282	-0.532323	
0.542164	0.555475	0.561654	0.572947	0.587299	0.589266	0.579841	0.564586	0.558781	0.5488	0.527654	0.479707	0.401324	0.307402	0.212212	0.117067	0.0012444	-0.125797	-0.262977	-0.398393	-0.514767	-0.593478	-0.623282	-0.610575	-0.550531	
0.48078	0.524058	0.568443	0.61559	0.651301	0.658622	0.631926	0.587733	0.541821	0.49816	0.452278	0.399305	0.338174	0.273324	0.209497	0.138819	0.0482458	-0.0552137	-0.163171	-0.279077	-0.388341	-0.476044	-0.532323	-0.550531	-0.523732	
