0.0180277	-0.0588531	-0.121395	-0.179333	-0.216899	-0.223484	-0.197529	-0.146249	-0.0843444	-0.0154281	0.0798844	0.218635	0.403481	0.625497	0.842903	1.01311	1.10868	1.12762	1.06641	0.93722	0.771354	0.60389	0.458846	0.34177	0.256899	
-0.0384101	-0.114352	-0.168763	-0.21099	-0.241152	-0.247565	-0.224688	-0.186549	-0.138135	-0.071424	0.0208493	0.151576	0.323949	0.533796	0.743864	0.900293	0.976223	0.982517	0.922054	0.799722	0.645727	0.492029	0.35043	0.24218	0.180828	
-0.127432	-0.194306	-0.241403	-0.274362	-0.29604	-0.30069	-0.284079	-0.255755	-0.21554	-0.157009	-0.074841	0.0413573	0.192322	0.37673	0.56286	0.701866	0.765612	0.762468	0.709699	0.611429	0.48145	0.353394	0.23377	0.13729	0.0958483	
-0.252544	-0.309827	-0.345974	-0.371815	-0.389867	-0.393577	-0.379405	-0.357607	-0.326166	-0.278448	-0.206249	-0.108747	0.0117097	0.162015	0.311133	0.424639	0.486844	0.489738	0.449618	0.380095	0.287563	0.193304	0.102223	0.0289157	0.00879839	
-0.40936	-0.452364	-0.483973	-0.511929	-0.530179	-0.533295	-0.520062	-0.496916	-0.465147	-0.428773	-0.372801	-0.289837	-0.191979	-0.0777557	0.0376603	0.131197	0.189125	0.202919	0.178628	0.135597	0.0747281	0.0081875	-0.0517829	-0.0900767	-0.0864678	
-0.571922	-0.601272	-0.630295	-0.658793	-0.684453	-0.690159	-0.670006	-0.642124	-0.612163	-0.584767	-0.545703	-0.476633	-0.390593	-0.297938	-0.205071	-0.133863	-0.0894837	-0.0772813	-0.0961444	-0.129811	-0.168952	-0.2051	-0.231206	-0.23431	-0.212535	
-0.708385	-0.734633	-0.765978	-0.794429	-0.818966	-0.825078	-0.804933	-0.778444	-0.746338	-0.71877	-0.686631	-0.625166	-0.544165	-0.463536	-0.392307	-0.343064	-0.326638	-0.333368	-0.362135	-0.395409	-0.424637	-0.438789	-0.433654	-0.408864	-0.366004	
-0.794112	-0.829196	-0.870745	-0.910687	-0.938001	-0.94452	-0.923468	-0.887313	-0.844745	-0.808193	-0.769719	-0.712228	-0.636531	-0.562711	-0.509705	-0.484735	-0.500712	-0.543525	-0.587551	-0.618371	-0.644989	-0.646571	-0.618778	-0.577399	-0.527105	
-0.816764	-0.87377	-0.932445	-0.98578	-1.016	-1.02055	-1.0013	-0.95539	-0.896997	-0.839373	-0.783501	-0.726197	-0.660602	-0.595145	-0.561637	-0.566	-0.610412	-0.679497	-0.743701	-0.785384	-0.806502	-0.796774	-0.761286	-0.714539	-0.664346	
-0.778509	-0.849344	-0.919956	-0.981289	-1.01279	-1.01662	-0.998095	-0.946889	-0.877727	-0.806907	-0.7371	-0.672384	-0.612327	-0.562506	-0.550164	-0.584955	-0.662715	-0.758039	-0.842782	-0.894928	-0.909979	-0.897149	-0.864731	-0.820268	-0.773575	
-0.669506	-0.749109	-0.82831	-0.893033	-0.925275	-0.930503	-0.909748	-0.856981	-0.781103	-0.700874	-0.624498	-0.556799	-0.503474	-0.47552	-0.494383	-0.560135	-0.66427	-0.778891	-0.879188	-0.947259	-0.97465	-0.968549	-0.942339	-0.908113	-0.859958	
-0.495186	-0.580554	-0.671111	-0.747116	-0.79335	-0.800518	-0.770319	-0.703572	-0.617834	-0.527663	-0.450439	-0.389839	-0.351765	-0.356537	-0.409318	-0.506468	-0.625571	-0.750184	-0.856816	-0.938475	-0.987418	-1.00231	-0.996827	-0.971476	-0.919493	
-0.2818	-0.374804	-0.482542	-0.575496	-0.63575	-0.648822	-0.603932	-0.523145	-0.417682	-0.315455	-0.239378	-0.192763	-0.179902	-0.220062	-0.311313	-0.430114	-0.560493	-0.691508	-0.807092	-0.897675	-0.957907	-0.995974	-1.01441	-1.00418	-0.957352	
-0.0750092	-0.167507	-0.285291	-0.395081	-0.465637	-0.478026	-0.42911	-0.332543	-0.21264	-0.107864	-0.0379888	-0.00370546	-0.0183749	-0.0907577	-0.204109	-0.341344	-0.487512	-0.627726	-0.749488	-0.845171	-0.915669	-0.966899	-0.998682	-1.00805	-0.980878	
0.0867608	-0.00284372	-0.120626	-0.23256	-0.302662	-0.313189	-0.267657	-0.168784	-0.0474955	0.0548648	0.122817	0.143586	0.105367	0.0125582	-0.112743	-0.257646	-0.403692	-0.547339	-0.67873	-0.778788	-0.856655	-0.918233	-0.96252	-0.991093	-0.990583	
0.189599	0.107966	-0.00432762	-0.112111	-0.179184	-0.190229	-0.144927	-0.0504232	0.0652446	0.161934	0.216129	0.221864	0.172876	0.0708691	-0.0568709	-0.189788	-0.329581	-0.469605	-0.595723	-0.696698	-0.782001	-0.852532	-0.907113	-0.950218	-0.968699	
0.225734	0.158027	0.0605548	-0.0331466	-0.0922039	-0.105275	-0.0610807	0.0206708	0.1213	0.203365	0.242935	0.236204	0.180703	0.0782673	-0.0395027	-0.156293	-0.283738	-0.401075	-0.507102	-0.602427	-0.69114	-0.765635	-0.825395	-0.876414	-0.909689	
0.196892	0.149247	0.0776738	0.00744891	-0.0349631	-0.0429345	-0.0131874	0.0473297	0.122051	0.182736	0.205278	0.194369	0.141006	0.0490535	-0.0556919	-0.15782	-0.258153	-0.341705	-0.416005	-0.491421	-0.57016	-0.650823	-0.716469	-0.775585	-0.816019	
0.128018	0.104796	0.0603147	0.0143228	-0.0135576	-0.0174593	-0.00034622	0.0412386	0.0883816	0.122525	0.127017	0.106682	0.0586767	-0.0112806	-0.0889081	-0.164603	-0.227932	-0.278506	-0.315308	-0.361611	-0.429942	-0.512514	-0.587066	-0.652175	-0.700612	
0.0471453	0.0428498	0.0223745	0.000766298	-0.00878697	-0.00992054	-0.00492313	0.0129774	0.0362267	0.0474234	0.0392963	0.011076	-0.0304301	-0.0816977	-0.133101	-0.168926	-0.187137	-0.197441	-0.202726	-0.225306	-0.28511	-0.365621	-0.449908	-0.526666	-0.58378	
-0.0198963	-0.0105712	-0.0101203	-0.0114759	-0.00833627	-0.00775738	-0.010276	-0.0114186	-0.00927255	-0.0148393	-0.0325939	-0.0652949	-0.101395	-0.13416	-0.154862	-0.155539	-0.133303	-0.104498	-0.0864005	-0.0939538	-0.141875	-0.219688	-0.316773	-0.410238	-0.489098	
-0.0530054	-0.0309752	-0.0167513	-0.00510023	0.00708137	0.00822415	0.00121297	-0.0132512	-0.0235426	-0.0433742	-0.0704275	-0.105114	-0.139097	-0.159709	-0.155665	-0.122444	-0.0670299	-0.00904661	0.0232338	0.0300402	-0.00598812	-0.0897886	-0.203762	-0.324688	-0.437075	
-0.0472915	-0.0161845	0.0082392	0.0302144	0.0445018	0.0456418	0.0384362	0.0167055	-0.00583985	-0.0339427	-0.0705148	-0.105006	-0.13618	-0.151119	-0.133837	-0.0786322	-0.00258047	0.080414	0.135051	0.146378	0.105706	0.00998624	-0.126143	-0.285368	-0.43538	
-0.00227027	0.0369869	0.0732855	0.10867	0.122678	0.124374	0.116497	0.0890026	0.0509001	0.014575	-0.029629	-0.0729527	-0.10799	-0.124327	-0.100698	-0.0381708	0.0520253	0.147916	0.209775	0.22073	0.173269	0.0594933	-0.108354	-0.296096	-0.473181	
0.0668602	0.127268	0.183996	0.226171	0.243637	0.248238	0.235149	0.204452	0.149775	0.0923298	0.027877	-0.0292866	-0.0730147	-0.0896064	-0.0641821	-0.00399742	0.084853	0.174172	0.235822	0.240369	0.180859	0.0496375	-0.135529	-0.343843	-0.532993	
0.140227	0.222928	0.306128	0.367088	0.403506	0.410284	0.384464	0.333698	0.257516	0.172223	0.0956877	0.0243053	-0.0338832	-0.0556066	-0.037149	0.0169967	0.0956806	0.172667	0.221549	0.211831	0.135319	-0.00335642	-0.195772	-0.412225	-0.60662	
0.222928	0.332328	0.444414	0.531226	0.582914	0.591342	0.557024	0.482813	0.37836	0.264177	0.165819	0.0699906	-0.000268394	-0.0282968	-0.0238134	0.0192066	0.0804634	0.134858	0.160627	0.135532	0.0482143	-0.09507	-0.289079	-0.501034	-0.688018	
0.306128	0.444414	0.585504	0.700774	0.76977	0.78117	0.73473	0.636252	0.502109	0.359109	0.232631	0.113317	0.0286356	-0.0106431	-0.0162921	0.00697214	0.0470219	0.0736017	0.0727801	0.0273963	-0.0677676	-0.213336	-0.403167	-0.597648	-0.772346	
0.367088	0.531226	0.700774	0.84491	0.934676	0.952325	0.888114	0.763612	0.599656	0.430512	0.279862	0.151739	0.057189	0.00399973	-0.0105484	-0.00660818	0.0104971	0.0131616	-0.01133	-0.0761127	-0.178605	-0.325888	-0.503879	-0.68002	-0.840246	
0.403506	0.582914	0.76977	0.934676	1.03338	1.051	0.983116	0.841471	0.657069	0.474412	0.303389	0.166184	0.0705954	0.0183647	-0.00398303	-0.00938396	-0.0103461	-0.0228558	-0.0650016	-0.141375	-0.247547	-0.397573	-0.5686	-0.732925	-0.875884	
0.410284	0.591342	0.78117	0.952325	1.051	1.06804	1.00126	0.855757	0.666259	0.481242	0.309387	0.168136	0.0717651	0.0194686	-0.00336819	-0.00969863	-0.0131021	-0.028673	-0.0777681	-0.153027	-0.258331	-0.409196	-0.582211	-0.742512	-0.881562	
0.384464	0.557024	0.73473	0.888114	0.983116	1.00126	0.934177	0.801158	0.628439	0.451849	0.291384	0.159604	0.065097	0.0115453	-0.00738457	-0.00889843	-0.000929937	-0.00476213	-0.0366552	-0.107163	-0.213342	-0.361234	-0.534299	-0.705701	-0.858649	
0.333698	0.482813	0.636252	0.763612	0.841471	0.855757	0.801158	0.692051	0.545577	0.39101	0.255125	0.131358	0.0404759	-0.00640015	-0.0144599	0.000615242	0.0319434	0.0479157	0.0368776	-0.0171636	-0.115397	-0.261384	-0.447232	-0.632995	-0.802331	
0.257516	0.37836	0.502109	0.599656	0.657069	0.666259	0.628439	0.545577	0.428744	0.303541	0.193057	0.0865423	0.0109817	-0.0193747	-0.0199176	0.0157848	0.0686167	0.111603	0.127546	0.0945291	0.00449018	-0.140722	-0.3335	-0.540725	-0.722361	
0.172223	0.264177	0.359109	0.430512	0.474412	0.481242	0.451849	0.39101	0.303541	0.207088	0.124079	0.0441776	-0.0196819	-0.0435028	-0.0311739	0.0198316	0.0923012	0.162079	0.202309	0.186376	0.104825	-0.0360585	-0.229037	-0.445373	-0.638584	
0.0956877	0.165819	0.232631	0.279862	0.303389	0.309387	0.291384	0.255125	0.193057	0.124079	0.0540296	-0.00822391	-0.0575591	-0.0763268	-0.0513417	0.00701589	0.0916	0.176958	0.234916	0.234694	0.16848	0.0335059	-0.155731	-0.368295	-0.561221	
0.0243053	0.0699906	0.113317	0.151739	0.166184	0.168136	0.159604	0.131358	0.0865423	0.0441776	-0.00822391	-0.0567982	-0.0945092	-0.110097	-0.0857078	-0.023512	0.0678084	0.16284	0.226025	0.234695	0.183699	0.0624824	-0.114339	-0.312773	-0.495704	
-0.0338832	-0.000268394	0.0286356	0.057189	0.0705954	0.0717651	0.065097	0.0404759	0.0109817	-0.0196819	-0.0575591	-0.0945092	-0.126713	-0.142371	-0.121383	-0.0619811	0.0212782	0.111862	0.170315	0.182837	0.139645	0.0366617	-0.11233	-0.283762	-0.446658	
-0.0556066	-0.0282968	-0.0106431	0.00399973	0.0183647	0.0194686	0.0115453	-0.00640015	-0.0193747	-0.0435028	-0.0763268	-0.110097	-0.142371	-0.159639	-0.148868	-0.10454	-0.040835	0.0285432	0.0699679	0.0788867	0.0422886	-0.0455551	-0.166182	-0.303104	-0.430705	
-0.037149	-0.0238134	-0.0162921	-0.0105484	-0.00398303	-0.00336819	-0.00738457	-0.0144599	-0.0199176	-0.0311739	-0.0513417	-0.0857078	-0.121383	-0.148868	-0.158083	-0.144989	-0.10737	-0.0663822	-0.0434314	-0.0446455	-0.0854254	-0.164362	-0.268695	-0.371513	-0.462595	
0.0169967	0.0192066	0.00697214	-0.00660818	-0.00938396	-0.00969863	-0.00889843	0.000615242	0.0157848	0.0198316	0.00701589	-0.023512	-0.0619811	-0.10454	-0.144989	-0.16577	-0.167492	-0.1608	-0.154299	-0.170954	-0.227813	-0.306659	-0.395026	-0.478238	-0.541387	
0.0956806	0.0804634	0.0470219	0.0104971	-0.0103461	-0.0131021	-0.000929937	0.0319434	0.0686167	0.0923012	0.0916	0.0678084	0.0212782	-0.040835	-0.10737	-0.167492	-0.212306	-0.248243	-0.272574	-0.307682	-0.372096	-0.45385	-0.532254	-0.601292	-0.653361	
0.172667	0.134858	0.0736017	0.0131616	-0.0228558	-0.028673	-0.00476213	0.0479157	0.111603	0.162079	0.176958	0.16284	0.111862	0.0285432	-0.0663822	-0.1608	-0.248243	-0.3178	-0.376801	-0.440628	-0.515204	-0.597514	-0.666665	-0.728704	-0.772217	
0.221549	0.160627	0.0727801	-0.01133	-0.0650016	-0.0777681	-0.0366552	0.0368776	0.127546	0.202309	0.234916	0.226025	0.170315	0.0699679	-0.0434314	-0.154299	-0.272574	-0.376801	-0.471035	-0.560808	-0.646695	-0.723595	-0.784833	-0.838829	-0.875661	
0.211831	0.135532	0.0273963	-0.0761127	-0.141375	-0.153027	-0.107163	-0.0171636	0.0945291	0.186376	0.234694	0.234695	0.182837	0.0788867	-0.0446455	-0.170954	-0.307682	-0.440628	-0.560808	-0.660299	-0.74784	-0.820496	-0.87803	-0.924116	-0.950003	
0.135319	0.0482143	-0.0677676	-0.178605	-0.247547	-0.258331	-0.213342	-0.115397	0.00449018	0.104825	0.16848	0.183699	0.139645	0.0422886	-0.0854254	-0.227813	-0.372096	-0.515204	-0.646695	-0.74784	-0.829023	-0.894033	-0.942484	-0.978372	-0.986522	
-0.00335642	-0.09507	-0.213336	-0.325888	-0.397573	-0.409196	-0.361234	-0.261384	-0.140722	-0.0360585	0.0335059	0.0624824	0.0366617	-0.0455551	-0.164362	-0.306659	-0.45385	-0.597514	-0.723595	-0.820496	-0.894033	-0.949877	-0.986276	-1.0035	-0.986921	
-0.195772	-0.289079	-0.403167	-0.503879	-0.5686	-0.582211	-0.534299	-0.447232	-0.3335	-0.229037	-0.155731	-0.114339	-0.11233	-0.166182	-0.268695	-0.395026	-0.532254	-0.666665	-0.784833	-0.87803	-0.942484	-0.986276	-1.01117	-1.00857	-0.968277	
-0.412225	-0.501034	-0.597648	-0.68002	-0.732925	-0.742512	-0.705701	-0.632995	-0.540725	-0.445373	-0.368295	-0.312773	-0.283762	-0.303104	-0.371513	-0.478238	-0.601292	-0.728704	-0.838829	-0.924116	-0.978372	-1.0035	-1.00857	-0.988669	-0.936694	
-0.60662	-0.688018	-0.772346	-0.840246	-0.875884	-0.881562	-0.858649	-0.802331	-0.722361	-0.638584	-0.561221	-0.495704	-0.446658	-0.430705	-0.462595	-0.541387	-0.653361	-0.772217	-0.875661	-0.950003	-0.986522	-0.986921	-0.968277	-0.936694	-0.886354	
