1.32448	1.21558	1.07301	0.923574	0.780575	0.647571	0.526769	0.428829	0.345588	0.270378	0.205779	0.152327	0.107272	0.0763208	0.0714944	0.0911883	0.120267	0.145507	0.17506	0.222032	0.28777	0.360681	0.4257	0.479928	0.525523	
1.21558	1.1357	1.02287	0.896399	0.774419	0.655568	0.548887	0.461034	0.385286	0.322842	0.268513	0.219666	0.184958	0.162659	0.161602	0.17442	0.187195	0.188561	0.195221	0.230983	0.292972	0.368776	0.444833	0.516656	0.573836	
1.07301	1.02287	0.938168	0.828666	0.721692	0.625983	0.536282	0.460662	0.396071	0.343791	0.298492	0.255005	0.232597	0.221465	0.22616	0.231064	0.231094	0.218883	0.213317	0.239117	0.293334	0.361637	0.443044	0.52253	0.589688	
0.923574	0.896399	0.828666	0.732014	0.639123	0.56163	0.485188	0.4211	0.365698	0.315823	0.28006	0.256417	0.252418	0.257012	0.265417	0.261255	0.245222	0.222481	0.209655	0.230427	0.276995	0.339348	0.415686	0.49631	0.572055	
0.780575	0.774419	0.721692	0.639123	0.551065	0.474827	0.408587	0.352169	0.296873	0.245062	0.220291	0.21384	0.224	0.240436	0.257189	0.252959	0.230013	0.202208	0.1915	0.210145	0.253731	0.310282	0.376016	0.449758	0.534849	
0.647571	0.655568	0.625983	0.56163	0.474827	0.399513	0.328819	0.264434	0.200867	0.145543	0.122398	0.124695	0.140392	0.167631	0.19915	0.205586	0.191138	0.17685	0.172063	0.190567	0.233477	0.282137	0.339291	0.410504	0.500089	
0.526769	0.548887	0.536282	0.485188	0.408587	0.328819	0.243599	0.160776	0.0850268	0.0235526	-0.00307859	-0.000378565	0.0227032	0.063617	0.10266	0.127059	0.139513	0.147069	0.155514	0.176975	0.215148	0.258323	0.310546	0.382205	0.476686	
0.428829	0.461034	0.460662	0.4211	0.352169	0.264434	0.160776	0.0574198	-0.0340228	-0.104038	-0.138432	-0.134053	-0.0995379	-0.0476582	-0.000138248	0.0443732	0.0848315	0.114195	0.136884	0.166403	0.205479	0.245913	0.295675	0.368697	0.46046	
0.345588	0.385286	0.396071	0.365698	0.296873	0.200867	0.0850268	-0.0340228	-0.137688	-0.211283	-0.251669	-0.251967	-0.214186	-0.158566	-0.101676	-0.0413583	0.018514	0.0635281	0.102211	0.147622	0.19727	0.245999	0.300835	0.368535	0.455321	
0.270378	0.322842	0.343791	0.315823	0.245062	0.145543	0.0235526	-0.104038	-0.211283	-0.283331	-0.326725	-0.340561	-0.319241	-0.272084	-0.217913	-0.150107	-0.0775163	-0.0157039	0.0442432	0.109738	0.175724	0.242476	0.306447	0.371021	0.453331	
0.205779	0.268513	0.298492	0.28006	0.220291	0.122398	-0.00307859	-0.138432	-0.251669	-0.326725	-0.377752	-0.410072	-0.410951	-0.386801	-0.342163	-0.27783	-0.197838	-0.11557	-0.0326019	0.0531163	0.137163	0.220999	0.297553	0.368994	0.453494	
0.152327	0.219666	0.255005	0.256417	0.21384	0.124695	-0.000378565	-0.134053	-0.251967	-0.340561	-0.410072	-0.464653	-0.489404	-0.485165	-0.452914	-0.395601	-0.312596	-0.215502	-0.115034	-0.0123154	0.089155	0.186141	0.278368	0.364088	0.457761	
0.107272	0.184958	0.232597	0.252418	0.224	0.140392	0.0227032	-0.0995379	-0.214186	-0.319241	-0.410951	-0.489404	-0.536208	-0.548396	-0.531006	-0.481181	-0.398994	-0.300612	-0.196517	-0.080421	0.036865	0.147774	0.255299	0.353586	0.452739	
0.0763208	0.162659	0.221465	0.257012	0.240436	0.167631	0.063617	-0.0476582	-0.158566	-0.272084	-0.386801	-0.485165	-0.548396	-0.578863	-0.571075	-0.524038	-0.451021	-0.364776	-0.268512	-0.151947	-0.0238365	0.0997463	0.220876	0.33234	0.43524	
0.0714944	0.161602	0.22616	0.265417	0.257189	0.19915	0.10266	-0.000138248	-0.101676	-0.217913	-0.342163	-0.452914	-0.531006	-0.571075	-0.566937	-0.529521	-0.470723	-0.396377	-0.306983	-0.196352	-0.0752098	0.046277	0.172815	0.287476	0.39574	
0.0911883	0.17442	0.231064	0.261255	0.252959	0.205586	0.127059	0.0443732	-0.0413583	-0.150107	-0.27783	-0.395601	-0.481181	-0.524038	-0.529521	-0.510726	-0.4725	-0.400789	-0.310413	-0.212409	-0.105007	0.00590761	0.120741	0.234564	0.336121	
0.120267	0.187195	0.231094	0.245222	0.230013	0.191138	0.139513	0.0848315	0.018514	-0.0775163	-0.197838	-0.312596	-0.398994	-0.451021	-0.470723	-0.4725	-0.442566	-0.370708	-0.283116	-0.194134	-0.100479	-0.00656196	0.0856861	0.178166	0.255961	
0.145507	0.188561	0.218883	0.222481	0.202208	0.17685	0.147069	0.114195	0.0635281	-0.0157039	-0.11557	-0.215502	-0.300612	-0.364776	-0.396377	-0.400789	-0.370708	-0.303582	-0.222343	-0.14029	-0.0592659	0.00964718	0.0704149	0.126958	0.159777	
0.17506	0.195221	0.213317	0.209655	0.1915	0.172063	0.155514	0.136884	0.102211	0.0442432	-0.0326019	-0.115034	-0.196517	-0.268512	-0.306983	-0.310413	-0.283116	-0.222343	-0.142704	-0.0633709	0.000362112	0.0434196	0.0680478	0.0814169	0.0589886	
0.222032	0.230983	0.239117	0.230427	0.210145	0.190567	0.176975	0.166403	0.147622	0.109738	0.0531163	-0.0123154	-0.080421	-0.151947	-0.196352	-0.212409	-0.194134	-0.14029	-0.0633709	0.00928173	0.057058	0.0747776	0.0666098	0.0316592	-0.0403467	
0.28777	0.292972	0.293334	0.276995	0.253731	0.233477	0.215148	0.205479	0.19727	0.175724	0.137163	0.089155	0.036865	-0.0238365	-0.0752098	-0.105007	-0.100479	-0.0592659	0.000362112	0.057058	0.086999	0.0789783	0.0340843	-0.0425188	-0.157131	
0.360681	0.368776	0.361637	0.339348	0.310282	0.282137	0.258323	0.245913	0.245999	0.242476	0.220999	0.186141	0.147774	0.0997463	0.046277	0.00590761	-0.00656196	0.00964718	0.0434196	0.0747776	0.0789783	0.0380275	-0.0421817	-0.153849	-0.301961	
0.4257	0.444833	0.443044	0.415686	0.376016	0.339291	0.310546	0.295675	0.300835	0.306447	0.297553	0.278368	0.255299	0.220876	0.172815	0.120741	0.0856861	0.0704149	0.0680478	0.0666098	0.0340843	-0.0421817	-0.149456	-0.29098	-0.462233	
0.479928	0.516656	0.52253	0.49631	0.449758	0.410504	0.382205	0.368697	0.368535	0.371021	0.368994	0.364088	0.353586	0.33234	0.287476	0.234564	0.178166	0.126958	0.0814169	0.0316592	-0.0425188	-0.153849	-0.29098	-0.453752	-0.632338	
0.525523	0.573836	0.589688	0.572055	0.534849	0.500089	0.476686	0.46046	0.455321	0.453331	0.453494	0.457761	0.452739	0.43524	0.39574	0.336121	0.255961	0.159777	0.0589886	-0.0403467	-0.157131	-0.301961	-0.462233	-0.632338	-0.790512	
0.558164	0.616067	0.643776	0.647063	0.630962	0.610608	0.591039	0.577279	0.572789	0.568664	0.561572	0.557023	0.548946	0.530772	0.486355	0.407809	0.290096	0.145316	-0.00802341	-0.157464	-0.314235	-0.487019	-0.655428	-0.807119	-0.927113	
0.572455	0.640423	0.683665	0.711756	0.726272	0.728156	0.71821	0.710543	0.709725	0.701035	0.677911	0.65712	0.639667	0.613936	0.550465	0.439402	0.281018	0.095323	-0.104689	-0.30432	-0.498284	-0.682602	-0.841344	-0.96115	-1.03818	
0.571349	0.644451	0.697627	0.750977	0.80231	0.835887	0.846899	0.844523	0.840056	0.822559	0.786514	0.749712	0.717669	0.667691	0.578948	0.435517	0.248982	0.0319676	-0.207908	-0.449746	-0.668069	-0.849399	-0.987983	-1.08154	-1.11845	
0.559321	0.635161	0.699574	0.772558	0.85362	0.919954	0.952073	0.956378	0.944119	0.917759	0.874673	0.825218	0.770455	0.691892	0.581506	0.422963	0.216194	-0.0230811	-0.28795	-0.551063	-0.778857	-0.955663	-1.08356	-1.15328	-1.16046	
0.54117	0.624127	0.698654	0.786691	0.884488	0.969222	1.01626	1.02489	1.00612	0.972226	0.925184	0.866009	0.794766	0.699748	0.582693	0.418344	0.198477	-0.057887	-0.330699	-0.596224	-0.82559	-1.00581	-1.12893	-1.18205	-1.16833	
0.537581	0.621724	0.699645	0.789056	0.890427	0.976914	1.02812	1.03669	1.01727	0.982448	0.93359	0.872297	0.798928	0.700548	0.584788	0.418245	0.195681	-0.0633148	-0.337618	-0.601372	-0.831987	-1.01298	-1.13518	-1.18583	-1.16746	
0.55173	0.630557	0.698762	0.779204	0.868209	0.944323	0.982979	0.989966	0.974779	0.944948	0.900616	0.845597	0.782647	0.6967	0.581309	0.419885	0.206585	-0.0404101	-0.308939	-0.575458	-0.804005	-0.981824	-1.10728	-1.16924	-1.16718	
0.567569	0.641249	0.698988	0.760496	0.825447	0.873524	0.893303	0.892707	0.885423	0.864196	0.825105	0.783413	0.74236	0.680432	0.582025	0.430643	0.235296	0.00836769	-0.24397	-0.497609	-0.720873	-0.899746	-1.03211	-1.11578	-1.13959	
0.574095	0.64504	0.692192	0.731149	0.760429	0.773439	0.770914	0.765421	0.763667	0.751562	0.723296	0.694963	0.673188	0.638965	0.5652	0.440626	0.270079	0.0702393	-0.146632	-0.364955	-0.570467	-0.755452	-0.906206	-1.01497	-1.0751	
0.565664	0.62734	0.662184	0.674779	0.669393	0.657115	0.640188	0.629124	0.627386	0.621551	0.607947	0.597543	0.586127	0.567009	0.516051	0.425597	0.290542	0.128063	-0.0448473	-0.21464	-0.386527	-0.566268	-0.732816	-0.871089	-0.973986	
0.540571	0.593224	0.612789	0.603288	0.573156	0.542822	0.52054	0.504696	0.498405	0.495614	0.494526	0.496636	0.491425	0.474369	0.434469	0.369021	0.275667	0.159774	0.0375827	-0.0819707	-0.214813	-0.372411	-0.538123	-0.704564	-0.848559	
0.499559	0.540815	0.550888	0.526265	0.482002	0.443369	0.417359	0.402582	0.39984	0.400526	0.40019	0.400794	0.393504	0.374193	0.332366	0.278029	0.212887	0.145169	0.0777283	0.00807099	-0.083846	-0.207974	-0.355775	-0.523866	-0.697499	
0.448117	0.474836	0.475662	0.448603	0.404489	0.366283	0.336264	0.32242	0.326373	0.331657	0.325816	0.313062	0.294859	0.266954	0.219663	0.166516	0.122488	0.0934557	0.0755469	0.0561197	0.00724072	-0.0832587	-0.202169	-0.353214	-0.530557	
0.38834	0.399873	0.393862	0.368415	0.335616	0.303325	0.277458	0.26373	0.266757	0.269381	0.252729	0.223543	0.19197	0.148517	0.0976361	0.0517162	0.0303426	0.0347782	0.054592	0.0749673	0.0652648	0.0102764	-0.0813964	-0.205761	-0.36418	
0.316739	0.322068	0.318618	0.300171	0.274988	0.252683	0.232273	0.221232	0.216183	0.201652	0.17049	0.128452	0.0814286	0.0262393	-0.0273173	-0.0613833	-0.0626253	-0.0303606	0.0195503	0.0669871	0.0881916	0.0681494	0.00785983	-0.083273	-0.21238	
0.246576	0.253433	0.258886	0.24687	0.225259	0.205621	0.190913	0.18193	0.167805	0.136407	0.0870256	0.0294842	-0.0322865	-0.100974	-0.148218	-0.170317	-0.157223	-0.106682	-0.0352487	0.0320889	0.0735275	0.0814219	0.0588944	0.00607212	-0.0839515	
0.191279	0.205304	0.218587	0.214051	0.195555	0.175831	0.161583	0.147409	0.119809	0.070088	0.00155267	-0.0745853	-0.151277	-0.224435	-0.265175	-0.27218	-0.247977	-0.190074	-0.109693	-0.0322084	0.0246707	0.0573232	0.0689404	0.062843	0.0196636	
0.155816	0.188791	0.214689	0.214379	0.195014	0.173422	0.149807	0.122474	0.079225	0.00767158	-0.0828569	-0.175585	-0.260196	-0.328018	-0.362422	-0.365607	-0.335913	-0.271707	-0.191824	-0.11088	-0.0363719	0.0219685	0.0684356	0.108657	0.119133	
0.131148	0.189409	0.227221	0.236844	0.218012	0.184908	0.143329	0.0982697	0.0377277	-0.0515564	-0.164408	-0.274742	-0.360637	-0.417541	-0.443542	-0.447561	-0.417725	-0.347315	-0.262077	-0.176846	-0.0874811	-0.00316978	0.0773184	0.15622	0.217991	
0.10256	0.179816	0.231916	0.255619	0.244724	0.200655	0.133237	0.0615226	-0.0160961	-0.120853	-0.246902	-0.364977	-0.451204	-0.497002	-0.507675	-0.498665	-0.465494	-0.393628	-0.303808	-0.210152	-0.108245	-0.00310212	0.104103	0.212428	0.307182	
0.0769119	0.166355	0.229037	0.266487	0.259094	0.205448	0.114227	0.0177108	-0.077986	-0.192573	-0.318834	-0.433079	-0.515889	-0.556454	-0.555481	-0.524238	-0.473549	-0.401564	-0.311507	-0.205427	-0.0898403	0.0274947	0.15091	0.266288	0.374137	
0.0708762	0.159745	0.221662	0.259949	0.24722	0.181236	0.0802605	-0.0275659	-0.136001	-0.250983	-0.371383	-0.475731	-0.544542	-0.580636	-0.574201	-0.529099	-0.461954	-0.381197	-0.288792	-0.174398	-0.0462741	0.0780274	0.203131	0.317473	0.422677	
0.0923363	0.174176	0.226998	0.254044	0.23033	0.149867	0.0379997	-0.0797332	-0.192463	-0.302072	-0.403776	-0.49093	-0.545369	-0.56475	-0.552425	-0.504619	-0.424061	-0.32987	-0.227742	-0.109737	0.0127675	0.130097	0.243527	0.346259	0.447212	
0.133676	0.204051	0.243362	0.252759	0.216521	0.129854	0.00642126	-0.123099	-0.240629	-0.335996	-0.414136	-0.478781	-0.512482	-0.514586	-0.48794	-0.433824	-0.351367	-0.251356	-0.147556	-0.0390306	0.06951	0.171073	0.269822	0.361453	0.457406	
0.183409	0.247826	0.279631	0.268655	0.215873	0.121131	-0.0050172	-0.141372	-0.257367	-0.336442	-0.393626	-0.434197	-0.445042	-0.429652	-0.389663	-0.327768	-0.246369	-0.157239	-0.0657718	0.027531	0.118503	0.207535	0.289821	0.367241	0.455799	
