0.377397	0.434115	0.507116	0.598928	0.697296	0.788594	0.840573	0.831582	0.775443	0.67168	0.52535	0.351677	0.165138	-0.01225	-0.159921	-0.277272	-0.371337	-0.438133	-0.481905	-0.505315	-0.504218	-0.486418	-0.452858	-0.413171	-0.397212	
0.434115	0.455792	0.502488	0.583079	0.680459	0.772064	0.828475	0.837434	0.799521	0.715012	0.586216	0.417217	0.222194	0.0348426	-0.131788	-0.274578	-0.389475	-0.477024	-0.536245	-0.566784	-0.573766	-0.569942	-0.552938	-0.524017	-0.499899	
0.507116	0.502488	0.536721	0.60792	0.697773	0.786055	0.854531	0.880709	0.857921	0.791363	0.678575	0.518182	0.332065	0.145689	-0.0351773	-0.199367	-0.338001	-0.451739	-0.527549	-0.565828	-0.588683	-0.602541	-0.601848	-0.582187	-0.549179	
0.598928	0.583079	0.60792	0.662048	0.73519	0.826179	0.903777	0.940202	0.930124	0.885218	0.786359	0.643506	0.475162	0.296049	0.11189	-0.0603816	-0.216938	-0.351426	-0.449906	-0.509928	-0.550917	-0.577149	-0.5872	-0.574515	-0.53987	
0.697296	0.680459	0.697773	0.73519	0.796745	0.883541	0.959671	1.00418	1.0097	0.973986	0.89212	0.770052	0.622529	0.454966	0.279945	0.107987	-0.0524628	-0.195413	-0.308252	-0.39097	-0.450761	-0.496541	-0.520469	-0.516461	-0.486245	
0.788594	0.772064	0.786055	0.826179	0.883541	0.956637	1.02367	1.06894	1.07949	1.05083	0.982043	0.882785	0.756979	0.614181	0.460244	0.295914	0.133449	-0.0144838	-0.138871	-0.238951	-0.31491	-0.371363	-0.404173	-0.411186	-0.397536	
0.840573	0.828475	0.854531	0.903777	0.959671	1.02367	1.08568	1.13149	1.14209	1.11635	1.06031	0.982957	0.883229	0.771311	0.639354	0.483635	0.328076	0.174573	0.0388765	-0.0714194	-0.158947	-0.226337	-0.266343	-0.281521	-0.277067	
0.831582	0.837434	0.880709	0.940202	1.00418	1.06894	1.13149	1.18064	1.19431	1.17239	1.12411	1.0649	0.995009	0.910791	0.801281	0.658063	0.506314	0.354043	0.214366	0.0958541	-0.00871105	-0.0885396	-0.133675	-0.156856	-0.162873	
0.775443	0.799521	0.857921	0.930124	1.0097	1.07949	1.14209	1.19431	1.21454	1.20189	1.16863	1.12617	1.0795	1.01358	0.918321	0.794603	0.651669	0.505806	0.36745	0.242406	0.124862	0.0273763	-0.0359198	-0.0679865	-0.0830024	
0.67168	0.715012	0.791363	0.885218	0.973986	1.05083	1.11635	1.17239	1.20189	1.20016	1.18722	1.1666	1.13623	1.07927	0.995636	0.886504	0.756885	0.621909	0.493509	0.359747	0.234557	0.123881	0.0426328	-0.000766589	-0.025392	
0.52535	0.586216	0.678575	0.786359	0.89212	0.982043	1.06031	1.12411	1.16863	1.18722	1.19177	1.18125	1.15221	1.10033	1.02455	0.928853	0.817822	0.69947	0.581678	0.454406	0.330963	0.216471	0.119721	0.0591306	0.0200039	
0.351677	0.417217	0.518182	0.643506	0.770052	0.882785	0.982957	1.0649	1.12617	1.1666	1.18125	1.17404	1.12921	1.06871	0.999407	0.921155	0.835931	0.743647	0.637423	0.530227	0.417703	0.301906	0.200805	0.119964	0.0492176	
0.165138	0.222194	0.332065	0.475162	0.622529	0.756979	0.883229	0.995009	1.0795	1.13623	1.15221	1.12921	1.07267	1.0075	0.945917	0.887743	0.827958	0.761277	0.674925	0.589244	0.491088	0.381664	0.270326	0.16073	0.0558135	
-0.01225	0.0348426	0.145689	0.296049	0.454966	0.614181	0.771311	0.910791	1.01358	1.07927	1.10033	1.06871	1.0075	0.945714	0.898078	0.859432	0.816865	0.764919	0.702877	0.633449	0.546104	0.443395	0.32115	0.185146	0.0522207	
-0.159921	-0.131788	-0.0351773	0.11189	0.279945	0.460244	0.639354	0.801281	0.918321	0.995636	1.02455	0.999407	0.945917	0.898078	0.86312	0.836554	0.807454	0.768078	0.719913	0.658507	0.580207	0.479626	0.349352	0.198281	0.0478434	
-0.277272	-0.274578	-0.199367	-0.0603816	0.107987	0.295914	0.483635	0.658063	0.794603	0.886504	0.928853	0.921155	0.887743	0.859432	0.836554	0.813292	0.789634	0.754193	0.71544	0.667037	0.591752	0.490977	0.366774	0.209747	0.0458447	
-0.371337	-0.389475	-0.338001	-0.216938	-0.0524628	0.133449	0.328076	0.506314	0.651669	0.756885	0.817822	0.835931	0.827958	0.816865	0.807454	0.789634	0.761401	0.732593	0.700772	0.656169	0.582625	0.487373	0.368106	0.222595	0.0601431	
-0.438133	-0.477024	-0.451739	-0.351426	-0.195413	-0.0144838	0.174573	0.354043	0.505806	0.621909	0.69947	0.743647	0.761277	0.764919	0.768078	0.754193	0.732593	0.711467	0.683182	0.637298	0.567072	0.471519	0.366001	0.243252	0.0949843	
-0.481905	-0.536245	-0.527549	-0.449906	-0.308252	-0.138871	0.0388765	0.214366	0.36745	0.493509	0.581678	0.637423	0.674925	0.702877	0.719913	0.71544	0.700772	0.683182	0.65429	0.610912	0.541074	0.451922	0.364179	0.264138	0.137854	
-0.505315	-0.566784	-0.565828	-0.509928	-0.39097	-0.238951	-0.0714194	0.0958541	0.242406	0.359747	0.454406	0.530227	0.589244	0.633449	0.658507	0.667037	0.656169	0.637298	0.610912	0.570174	0.501981	0.426639	0.358448	0.285449	0.193468	
-0.504218	-0.573766	-0.588683	-0.550917	-0.450761	-0.31491	-0.158947	-0.00871105	0.124862	0.234557	0.330963	0.417703	0.491088	0.546104	0.580207	0.591752	0.582625	0.567072	0.541074	0.501981	0.447431	0.392673	0.346329	0.303915	0.251181	
-0.486418	-0.569942	-0.602541	-0.577149	-0.496541	-0.371363	-0.226337	-0.0885396	0.0273763	0.123881	0.216471	0.301906	0.381664	0.443395	0.479626	0.490977	0.487373	0.471519	0.451922	0.426639	0.392673	0.360883	0.339755	0.323614	0.308172	
-0.452858	-0.552938	-0.601848	-0.5872	-0.520469	-0.404173	-0.266343	-0.133675	-0.0359198	0.0426328	0.119721	0.200805	0.270326	0.32115	0.349352	0.366774	0.368106	0.366001	0.364179	0.358448	0.346329	0.339755	0.339382	0.348869	0.368039	
-0.413171	-0.524017	-0.582187	-0.574515	-0.516461	-0.411186	-0.281521	-0.156856	-0.0679865	-0.000766589	0.0591306	0.119964	0.16073	0.185146	0.198281	0.209747	0.222595	0.243252	0.264138	0.285449	0.303915	0.323614	0.348869	0.384436	0.43473	
-0.397212	-0.499899	-0.549179	-0.53987	-0.486245	-0.397536	-0.277067	-0.162873	-0.0830024	-0.025392	0.0200039	0.0492176	0.0558135	0.0522207	0.0478434	0.0458447	0.0601431	0.0949843	0.137854	0.193468	0.251181	0.308172	0.368039	0.43473	0.513619	
-0.396243	-0.483841	-0.516589	-0.498543	-0.442199	-0.363489	-0.259673	-0.154135	-0.0818487	-0.0435193	-0.0212082	-0.0225943	-0.0445194	-0.0810064	-0.108594	-0.116541	-0.0984598	-0.0546742	0.0123421	0.0947016	0.183576	0.277702	0.377843	0.482117	0.593305	
-0.40061	-0.468852	-0.480884	-0.448513	-0.384259	-0.308431	-0.216763	-0.130653	-0.0746181	-0.05407	-0.0603764	-0.0966147	-0.151671	-0.204826	-0.236206	-0.247152	-0.226388	-0.173165	-0.0942753	0.00804682	0.121671	0.2458	0.382397	0.520707	0.660484	
-0.408364	-0.454761	-0.444889	-0.394792	-0.321845	-0.246062	-0.165976	-0.0989004	-0.0615885	-0.0626113	-0.0977651	-0.164887	-0.239129	-0.297651	-0.329481	-0.340593	-0.31907	-0.26384	-0.177438	-0.0608879	0.0728576	0.22378	0.391182	0.559997	0.723579	
-0.415144	-0.445057	-0.420869	-0.357074	-0.271654	-0.191726	-0.124651	-0.0716387	-0.0480631	-0.0651798	-0.122557	-0.207385	-0.293808	-0.362781	-0.403804	-0.412867	-0.398681	-0.346144	-0.251663	-0.124156	0.0254612	0.202305	0.399201	0.598216	0.781282	
-0.426088	-0.446833	-0.411646	-0.336356	-0.247632	-0.164294	-0.10361	-0.0614769	-0.0467246	-0.0678996	-0.135059	-0.228547	-0.323098	-0.394749	-0.441202	-0.462077	-0.458802	-0.412063	-0.317111	-0.179349	-0.0105684	0.189788	0.41255	0.631356	0.82352	
-0.429746	-0.448239	-0.410604	-0.333005	-0.243506	-0.160918	-0.0996718	-0.0606936	-0.0481	-0.0686325	-0.13679	-0.230809	-0.328759	-0.399199	-0.445106	-0.469806	-0.470562	-0.425005	-0.331629	-0.190086	-0.0161761	0.188778	0.415918	0.638319	0.832172	
-0.418701	-0.444553	-0.416461	-0.347045	-0.259372	-0.177088	-0.113999	-0.0656131	-0.0452982	-0.0659895	-0.12946	-0.218649	-0.308328	-0.380076	-0.42479	-0.437481	-0.426706	-0.376226	-0.279623	-0.149273	0.00763961	0.195131	0.403857	0.612755	0.800924	
-0.41121	-0.449788	-0.4326	-0.376898	-0.299663	-0.222518	-0.146827	-0.0864673	-0.05564	-0.0646221	-0.108937	-0.184921	-0.264979	-0.327049	-0.360669	-0.370605	-0.351762	-0.297887	-0.207632	-0.0859946	0.0545647	0.214914	0.394795	0.575991	0.747074	
-0.403636	-0.463037	-0.46645	-0.426319	-0.359025	-0.283822	-0.196369	-0.118437	-0.0696841	-0.0577502	-0.0766476	-0.12649	-0.189794	-0.245686	-0.276808	-0.288879	-0.26652	-0.210981	-0.12886	-0.0214677	0.100658	0.235811	0.385488	0.536831	0.68641	
-0.397048	-0.477663	-0.50245	-0.479795	-0.419904	-0.343221	-0.245112	-0.146221	-0.079691	-0.0481765	-0.0368239	-0.0510514	-0.088183	-0.133036	-0.164446	-0.172968	-0.154964	-0.106742	-0.0336883	0.0582956	0.156794	0.264235	0.379159	0.498057	0.621526	
-0.396066	-0.493142	-0.535592	-0.523611	-0.471238	-0.387059	-0.273218	-0.16081	-0.0843219	-0.0337701	0.00309791	0.0200563	0.0161389	-0.000604707	-0.015871	-0.0212095	-0.00558362	0.0329206	0.0862555	0.153573	0.224601	0.297651	0.374037	0.455053	0.54612	
-0.404001	-0.51278	-0.569784	-0.562876	-0.505854	-0.407965	-0.281114	-0.161048	-0.0758311	-0.0111376	0.0433672	0.0914543	0.118477	0.131184	0.138652	0.14462	0.159229	0.186869	0.215947	0.251493	0.285774	0.318046	0.355932	0.4033	0.465262	
-0.43561	-0.541798	-0.596606	-0.58519	-0.522289	-0.409839	-0.27566	-0.145396	-0.0516357	0.0209193	0.0905529	0.166166	0.225885	0.267226	0.290007	0.306518	0.312778	0.319724	0.326965	0.330269	0.328763	0.333268	0.341951	0.360932	0.393736	
-0.475453	-0.56526	-0.603439	-0.583269	-0.509521	-0.387817	-0.245096	-0.110272	-0.00223818	0.0864595	0.17434	0.259534	0.337251	0.397672	0.431288	0.445202	0.442821	0.430071	0.415837	0.39948	0.373899	0.351609	0.338608	0.333265	0.33149	
-0.498792	-0.57332	-0.596465	-0.56346	-0.470651	-0.339372	-0.188899	-0.0445269	0.0825559	0.188951	0.283976	0.370124	0.448186	0.505935	0.542	0.55391	0.547241	0.531208	0.506587	0.470221	0.424441	0.378887	0.342619	0.311283	0.273897	
-0.507515	-0.571457	-0.575852	-0.527934	-0.417309	-0.272314	-0.109002	0.0520494	0.193784	0.307627	0.404166	0.486739	0.551588	0.601019	0.63057	0.640775	0.629905	0.612433	0.586157	0.545849	0.482455	0.414069	0.353742	0.293132	0.217149	
-0.494046	-0.551913	-0.546127	-0.477565	-0.345315	-0.181892	-0.00775109	0.165192	0.316496	0.44044	0.531079	0.594723	0.64078	0.676398	0.696219	0.69823	0.686324	0.667838	0.639603	0.597293	0.526593	0.443014	0.362894	0.272411	0.158657	
-0.458346	-0.504337	-0.487381	-0.395897	-0.24334	-0.0667496	0.117028	0.295063	0.448751	0.57076	0.653761	0.701866	0.728065	0.740774	0.749889	0.739399	0.720441	0.700952	0.673092	0.627975	0.558165	0.463949	0.364839	0.251945	0.111023	
-0.401336	-0.427921	-0.387321	-0.274016	-0.113118	0.0715199	0.26579	0.445523	0.592241	0.701809	0.770267	0.800781	0.803066	0.797844	0.792701	0.775999	0.749292	0.724733	0.694648	0.648709	0.576896	0.482659	0.367409	0.23022	0.0724785	
-0.317619	-0.323547	-0.257429	-0.125079	0.0424856	0.23017	0.421796	0.597722	0.739397	0.836593	0.886156	0.88863	0.864429	0.843181	0.825992	0.804819	0.779179	0.745649	0.709638	0.665403	0.589991	0.490416	0.369024	0.214876	0.0483639	
-0.210034	-0.192321	-0.104309	0.0406272	0.21062	0.395118	0.577659	0.746616	0.871744	0.955151	0.987854	0.967948	0.922404	0.882121	0.852037	0.827523	0.801832	0.764439	0.721299	0.663749	0.587243	0.487355	0.357744	0.202218	0.0464188	
-0.0755879	-0.0339828	0.0725783	0.222602	0.384588	0.553972	0.722794	0.871669	0.978657	1.04812	1.07263	1.04295	0.982724	0.925472	0.882906	0.849574	0.81347	0.76685	0.711685	0.64583	0.562624	0.460864	0.334285	0.191703	0.0507836	
0.0916641	0.145186	0.256643	0.404156	0.557447	0.700677	0.839687	0.963516	1.05703	1.11771	1.13439	1.10581	1.04569	0.981062	0.924738	0.875493	0.82306	0.762774	0.686723	0.609104	0.515047	0.409207	0.293353	0.171574	0.054261	
0.277085	0.340352	0.445387	0.578811	0.713864	0.835702	0.944213	1.03823	1.10891	1.15608	1.17193	1.16002	1.11015	1.04667	0.980093	0.909203	0.834622	0.753484	0.654366	0.555477	0.44915	0.334834	0.230907	0.140105	0.0548651	
0.458756	0.523433	0.619749	0.732914	0.846641	0.946113	1.03285	1.10186	1.15146	1.18013	1.18965	1.18204	1.14719	1.09297	1.01928	0.93095	0.829785	0.721278	0.606781	0.486769	0.367074	0.251351	0.151549	0.0838135	0.0338848	
