0.363092	0.3556	0.346363	0.335429	0.32537	0.322168	0.331469	0.341707	0.352134	0.361054	0.361249	0.339799	0.300415	0.263623	0.224864	0.186821	0.152804	0.138684	0.133133	0.120623	0.074596	-0.00623424	-0.0984727	-0.191662	-0.277284	
0.484151	0.506002	0.512255	0.510045	0.507264	0.506082	0.508547	0.511782	0.510191	0.494366	0.463639	0.419848	0.365028	0.309976	0.254061	0.197525	0.149854	0.119562	0.098165	0.0788374	0.0318146	-0.0450192	-0.130676	-0.217419	-0.298281	
0.604121	0.640119	0.662141	0.666173	0.657163	0.654364	0.66278	0.666138	0.651113	0.620142	0.576494	0.521145	0.450754	0.378173	0.307877	0.233336	0.167281	0.11546	0.0793438	0.0533606	0.0137876	-0.0506215	-0.129954	-0.217175	-0.300573	
0.713038	0.754764	0.783722	0.793526	0.786944	0.784427	0.791805	0.790146	0.768522	0.731105	0.68273	0.622449	0.545162	0.45561	0.365419	0.278815	0.208103	0.148344	0.101102	0.0679945	0.0294544	-0.0284069	-0.101468	-0.189941	-0.278921	
0.793004	0.836822	0.870448	0.884493	0.88256	0.880758	0.885382	0.878796	0.85231	0.810772	0.765064	0.705503	0.617887	0.511875	0.411167	0.32697	0.265805	0.215654	0.171295	0.132895	0.0898018	0.0291971	-0.0463723	-0.133213	-0.222159	
0.82728	0.870959	0.9046	0.918064	0.914172	0.913783	0.916404	0.913032	0.885962	0.8457	0.798589	0.736248	0.649232	0.54221	0.448038	0.374425	0.329613	0.291644	0.260551	0.231032	0.19248	0.134633	0.0546787	-0.0304285	-0.119642	
0.806633	0.843074	0.869523	0.882625	0.883917	0.88211	0.885037	0.876709	0.854724	0.821369	0.78111	0.720234	0.636213	0.544536	0.46435	0.410012	0.377316	0.360367	0.35104	0.338922	0.317527	0.276322	0.205616	0.119806	0.0283051	
0.744551	0.770154	0.784877	0.795643	0.803434	0.804996	0.799084	0.789934	0.77648	0.75664	0.721585	0.665814	0.593437	0.516312	0.454149	0.418181	0.406138	0.411149	0.428829	0.4427	0.440971	0.420337	0.371252	0.297141	0.207038	
0.660035	0.684297	0.692385	0.698431	0.706003	0.708585	0.700937	0.694933	0.688539	0.672732	0.634196	0.575755	0.513931	0.461742	0.423499	0.402922	0.40986	0.438833	0.481845	0.521919	0.542986	0.544439	0.522055	0.471985	0.391698	
0.555594	0.582897	0.595013	0.605047	0.620765	0.625042	0.611668	0.598194	0.588566	0.569745	0.528811	0.471767	0.420799	0.396854	0.388531	0.388113	0.416116	0.46695	0.523792	0.574954	0.616356	0.64112	0.644932	0.615972	0.546989	
0.445899	0.48899	0.515178	0.543037	0.575359	0.582172	0.556561	0.525314	0.50069	0.465387	0.413325	0.364471	0.337407	0.336175	0.349577	0.369997	0.416463	0.487243	0.558452	0.615355	0.662504	0.701063	0.720314	0.70729	0.654909	
0.357491	0.41771	0.469945	0.523258	0.561663	0.568909	0.54087	0.491938	0.438781	0.382814	0.318507	0.271548	0.263308	0.279664	0.312228	0.35429	0.417234	0.498981	0.581061	0.641637	0.688407	0.731303	0.761177	0.759079	0.718304	
0.299358	0.374262	0.451758	0.523784	0.568583	0.575732	0.546627	0.481892	0.404795	0.329275	0.257096	0.211597	0.213751	0.244472	0.285661	0.34041	0.421447	0.513837	0.596999	0.661693	0.712658	0.752188	0.774076	0.774079	0.740699	
0.27611	0.368409	0.464446	0.545439	0.601126	0.611594	0.572296	0.498302	0.40819	0.310892	0.233218	0.191593	0.190618	0.222144	0.26807	0.330733	0.413227	0.510839	0.594498	0.660938	0.715004	0.753502	0.765814	0.754001	0.727787	
0.287417	0.390744	0.501828	0.589234	0.642859	0.653223	0.614957	0.540543	0.436569	0.32529	0.24135	0.196022	0.187332	0.214082	0.26028	0.323924	0.404289	0.494525	0.574164	0.634152	0.682944	0.722841	0.735141	0.716455	0.691745	
0.322428	0.425972	0.538165	0.632337	0.686588	0.697767	0.659208	0.580068	0.47072	0.361571	0.271514	0.214556	0.197276	0.215755	0.261298	0.327746	0.403062	0.477322	0.546259	0.598383	0.638638	0.674747	0.687432	0.670519	0.646767	
0.363855	0.469822	0.580425	0.676049	0.730991	0.740084	0.703421	0.622207	0.514082	0.40506	0.307317	0.239091	0.211737	0.22252	0.263075	0.324456	0.393914	0.456383	0.511387	0.554573	0.58896	0.615865	0.627074	0.616705	0.594372	
0.40194	0.510112	0.620136	0.714554	0.770137	0.780498	0.74198	0.661148	0.554579	0.444045	0.343961	0.265629	0.221833	0.225069	0.261226	0.310354	0.371217	0.427872	0.468437	0.496659	0.52038	0.540273	0.55108	0.540321	0.522773	
0.422257	0.531775	0.639967	0.734017	0.797442	0.811574	0.763489	0.679891	0.576322	0.464666	0.36313	0.279206	0.224683	0.216996	0.247177	0.283679	0.333632	0.380636	0.411084	0.427893	0.436732	0.446724	0.457691	0.453406	0.444281	
0.406835	0.520629	0.631107	0.726128	0.791261	0.804158	0.757033	0.670569	0.566899	0.45184	0.344405	0.261444	0.212447	0.203963	0.224354	0.254216	0.289615	0.322705	0.346842	0.357624	0.355992	0.357593	0.366223	0.374543	0.379917	
0.359135	0.469933	0.582416	0.688042	0.756484	0.769321	0.721262	0.626891	0.515124	0.40295	0.297003	0.217576	0.181813	0.179852	0.194779	0.223245	0.251472	0.272847	0.284093	0.286414	0.28301	0.286437	0.299522	0.317665	0.343963	
0.286891	0.398538	0.523599	0.638661	0.706853	0.718133	0.672426	0.573634	0.447136	0.329305	0.230025	0.163419	0.14105	0.152639	0.173723	0.199576	0.22156	0.233974	0.236849	0.232933	0.230897	0.233739	0.250689	0.27614	0.319444	
0.222448	0.343761	0.474718	0.590899	0.666364	0.682069	0.62581	0.525145	0.396111	0.268252	0.165614	0.111405	0.104343	0.127279	0.165454	0.195417	0.213592	0.21676	0.215558	0.205354	0.196018	0.196974	0.212051	0.246987	0.306652	
0.182817	0.308001	0.447615	0.564842	0.638671	0.653478	0.60014	0.498738	0.364716	0.228319	0.130578	0.0885647	0.0930345	0.128775	0.180243	0.22206	0.249827	0.248666	0.23203	0.210602	0.192947	0.185409	0.19355	0.237717	0.313409	
0.192796	0.311252	0.450799	0.569843	0.644259	0.657912	0.606784	0.501738	0.367449	0.234802	0.146048	0.109496	0.119607	0.171834	0.236583	0.292114	0.32377	0.320165	0.28921	0.255909	0.227534	0.211402	0.221066	0.266412	0.349325	
0.257257	0.371566	0.505924	0.618749	0.687994	0.697497	0.653574	0.554937	0.426138	0.297615	0.211511	0.180728	0.201284	0.259872	0.330617	0.392359	0.419868	0.414143	0.3798	0.338956	0.2998	0.276369	0.286204	0.329407	0.407628	
0.371566	0.474625	0.595513	0.702935	0.768664	0.777882	0.73632	0.641985	0.521967	0.409422	0.329128	0.302985	0.326391	0.375135	0.440306	0.505943	0.532011	0.521397	0.487531	0.443177	0.403237	0.374883	0.368015	0.395401	0.457806	
0.505924	0.595513	0.70258	0.80449	0.865038	0.876181	0.833931	0.747041	0.635776	0.538685	0.467644	0.442747	0.462076	0.5013	0.558545	0.614829	0.640976	0.630809	0.597935	0.554469	0.515911	0.478743	0.452281	0.459714	0.493501	
0.618749	0.702935	0.80449	0.89536	0.950848	0.960888	0.92199	0.844119	0.742745	0.6492	0.584209	0.561839	0.577617	0.617905	0.66906	0.714111	0.734259	0.725008	0.692883	0.649646	0.607131	0.561796	0.529191	0.521894	0.53098	
0.687994	0.768664	0.865038	0.950848	1.0149	1.02473	0.981955	0.900404	0.807733	0.716403	0.656677	0.636947	0.652151	0.690158	0.735738	0.781547	0.798413	0.784406	0.747265	0.704628	0.660107	0.617308	0.579289	0.560935	0.567957	
0.697497	0.777882	0.876181	0.960888	1.02473	1.03331	0.992492	0.910796	0.817783	0.725204	0.668745	0.651631	0.667378	0.703619	0.747441	0.794255	0.812346	0.796708	0.756447	0.714842	0.671115	0.627864	0.587729	0.567729	0.575491	
0.653574	0.73632	0.833931	0.92199	0.981955	0.992492	0.950522	0.871141	0.775383	0.683258	0.620568	0.598234	0.612262	0.652559	0.702315	0.74645	0.763909	0.753429	0.719819	0.677045	0.632828	0.588501	0.554216	0.541193	0.546893	
0.554937	0.641985	0.747041	0.844119	0.900404	0.910796	0.871141	0.790052	0.682061	0.586728	0.517624	0.494017	0.512839	0.551956	0.605862	0.655796	0.680304	0.671436	0.639397	0.596444	0.556562	0.514203	0.484206	0.485904	0.507941	
0.426138	0.521967	0.635776	0.742745	0.807733	0.817783	0.775383	0.682061	0.565233	0.461679	0.385345	0.359266	0.381058	0.424475	0.486653	0.551179	0.577536	0.565684	0.532065	0.487487	0.449204	0.417973	0.4017	0.420853	0.472877	
0.297615	0.409422	0.538685	0.6492	0.716403	0.725204	0.683258	0.586728	0.461679	0.337865	0.25306	0.224341	0.248039	0.303516	0.373589	0.437483	0.463422	0.456014	0.422022	0.3788	0.337953	0.313163	0.317804	0.356527	0.429636	
0.211511	0.329128	0.467644	0.584209	0.656677	0.668745	0.620568	0.517624	0.385345	0.25306	0.165569	0.131249	0.145871	0.20255	0.271015	0.329191	0.35941	0.355673	0.322238	0.285546	0.252136	0.232328	0.243649	0.289462	0.371471	
0.180728	0.302985	0.442747	0.561839	0.636947	0.651631	0.598234	0.494017	0.359266	0.224341	0.131249	0.0914404	0.0978355	0.140188	0.197057	0.245165	0.276162	0.274157	0.24985	0.223744	0.202256	0.191601	0.198834	0.24363	0.32412	
0.201284	0.326391	0.462076	0.577617	0.652151	0.667378	0.612262	0.512839	0.381058	0.248039	0.145871	0.0978355	0.096591	0.12394	0.167482	0.201163	0.222891	0.223273	0.216788	0.202618	0.190474	0.187776	0.200976	0.24041	0.305624	
0.259872	0.375135	0.5013	0.617905	0.690158	0.703619	0.652559	0.551956	0.424475	0.303516	0.20255	0.140188	0.12394	0.140787	0.169285	0.194842	0.213257	0.22243	0.225131	0.218267	0.213657	0.217297	0.233875	0.263056	0.312425	
0.330617	0.440306	0.558545	0.66906	0.735738	0.747441	0.702315	0.605862	0.486653	0.373589	0.271015	0.197057	0.167482	0.169285	0.184186	0.212517	0.239563	0.257053	0.263163	0.26235	0.260249	0.263012	0.278354	0.29975	0.333622	
0.392359	0.505943	0.614829	0.714111	0.781547	0.794255	0.74645	0.655796	0.551179	0.437483	0.329191	0.245165	0.201163	0.194842	0.212517	0.241645	0.272016	0.300565	0.32007	0.328083	0.324566	0.327313	0.336377	0.348766	0.362174	
0.419868	0.532011	0.640976	0.734259	0.798413	0.812346	0.763909	0.680304	0.577536	0.463422	0.35941	0.276162	0.222891	0.213257	0.239563	0.272016	0.316162	0.358282	0.386777	0.400647	0.403691	0.408591	0.419291	0.420061	0.415434	
0.414143	0.521397	0.630809	0.725008	0.784406	0.796708	0.753429	0.671436	0.565684	0.456014	0.355673	0.274157	0.223273	0.22243	0.257053	0.300565	0.358282	0.411047	0.446727	0.469253	0.488317	0.504254	0.515348	0.505623	0.491308	
0.3798	0.487531	0.597935	0.692883	0.747265	0.756447	0.719819	0.639397	0.532065	0.422022	0.322238	0.24985	0.216788	0.225131	0.263163	0.32007	0.386777	0.446727	0.495551	0.533258	0.56358	0.587967	0.598964	0.588341	0.568279	
0.338956	0.443177	0.554469	0.649646	0.704628	0.714842	0.677045	0.596444	0.487487	0.3788	0.285546	0.223744	0.202618	0.218267	0.26235	0.328083	0.400647	0.469253	0.533258	0.582773	0.620218	0.652277	0.665025	0.650762	0.627185	
0.2998	0.403237	0.515911	0.607131	0.660107	0.671115	0.632828	0.556562	0.449204	0.337953	0.252136	0.202256	0.190474	0.213657	0.260249	0.324566	0.403691	0.488317	0.56358	0.620218	0.665823	0.705812	0.71726	0.69883	0.674369	
0.276369	0.374883	0.478743	0.561796	0.617308	0.627864	0.588501	0.514203	0.417973	0.313163	0.232328	0.191601	0.187776	0.217297	0.263012	0.327313	0.408591	0.504254	0.587967	0.652277	0.705812	0.744203	0.756641	0.739953	0.715172	
0.286204	0.368015	0.452281	0.529191	0.579289	0.587729	0.554216	0.484206	0.4017	0.317804	0.243649	0.198834	0.200976	0.233875	0.278354	0.336377	0.419291	0.515348	0.598964	0.665025	0.71726	0.756641	0.773001	0.76964	0.739856	
0.329407	0.395401	0.459714	0.521894	0.560935	0.567729	0.541193	0.485904	0.420853	0.356527	0.289462	0.24363	0.24041	0.263056	0.29975	0.348766	0.420061	0.505623	0.588341	0.650762	0.69883	0.739953	0.76964	0.76948	0.731855	
0.407628	0.457806	0.493501	0.53098	0.567957	0.575491	0.546893	0.507941	0.472877	0.429636	0.371471	0.32412	0.305624	0.312425	0.333622	0.362174	0.415434	0.491308	0.568279	0.627185	0.674369	0.715172	0.739856	0.731855	0.68502	
