-0.874787	-0.783996	-0.642115	-0.442171	-0.218607	-0.00339889	0.174002	0.294326	0.349902	0.347038	0.312393	0.262387	0.217212	0.187885	0.184026	0.203303	0.241328	0.30252	0.38203	0.472565	0.573203	0.679191	0.779011	0.877151	0.969533	
-0.783996	-0.667797	-0.500501	-0.284541	-0.0566051	0.152289	0.32356	0.440238	0.493292	0.490817	0.455718	0.408173	0.363786	0.328943	0.317371	0.328673	0.358715	0.413461	0.487317	0.564613	0.646798	0.731434	0.804409	0.877431	0.94824	
-0.642115	-0.500501	-0.317936	-0.0981544	0.126112	0.334148	0.501836	0.615418	0.666233	0.662217	0.62832	0.578281	0.526995	0.483002	0.461656	0.465461	0.487979	0.528326	0.579511	0.628692	0.678728	0.730837	0.778704	0.830615	0.878832	
-0.442171	-0.284541	-0.0981544	0.11587	0.338801	0.542673	0.700566	0.804343	0.845346	0.836295	0.791794	0.728285	0.667174	0.616448	0.590971	0.589749	0.597692	0.611106	0.63161	0.646753	0.664457	0.692071	0.71545	0.739247	0.760313	
-0.218607	-0.0566051	0.126112	0.338801	0.559592	0.756024	0.90125	0.990924	1.01894	0.989871	0.920549	0.83803	0.765679	0.708775	0.674075	0.655958	0.641086	0.629825	0.626559	0.622951	0.623589	0.625194	0.619639	0.614902	0.606139	
-0.00339889	0.152289	0.334148	0.542673	0.756024	0.940422	1.06915	1.1413	1.14155	1.08301	0.991426	0.897148	0.818502	0.751154	0.696103	0.654256	0.619079	0.589016	0.572615	0.557449	0.539055	0.521798	0.500337	0.475908	0.452666	
0.174002	0.32356	0.501836	0.700566	0.90125	1.06915	1.1789	1.21888	1.18489	1.10431	1.00216	0.902391	0.811964	0.727191	0.653295	0.596593	0.550821	0.513152	0.48685	0.458155	0.4277	0.397544	0.367795	0.34237	0.317709	
0.294326	0.440238	0.615418	0.804343	0.990924	1.1413	1.21888	1.21989	1.15888	1.06594	0.955676	0.842437	0.736246	0.642562	0.563878	0.504448	0.460302	0.419066	0.381342	0.345629	0.309065	0.275636	0.250564	0.224695	0.199931	
0.349902	0.493292	0.666233	0.845346	1.01894	1.14155	1.18489	1.15888	1.08585	0.985844	0.862553	0.7367	0.624698	0.531826	0.453743	0.396161	0.35191	0.307321	0.269523	0.23714	0.205467	0.177646	0.155985	0.132218	0.109314	
0.347038	0.490817	0.662217	0.836295	0.989871	1.08301	1.10431	1.06594	0.985844	0.872243	0.738317	0.611107	0.500954	0.411957	0.340288	0.286381	0.244151	0.204866	0.170039	0.145354	0.123756	0.0991827	0.0802638	0.0596428	0.0410527	
0.312393	0.455718	0.62832	0.791794	0.920549	0.991426	1.00216	0.955676	0.862553	0.738317	0.607297	0.487027	0.382341	0.304839	0.243034	0.190802	0.151059	0.117203	0.0897643	0.0735413	0.0558382	0.037276	0.026852	0.0123094	-0.000943496	
0.262387	0.408173	0.578281	0.728285	0.83803	0.897148	0.902391	0.842437	0.7367	0.611107	0.487027	0.372851	0.27914	0.213995	0.157802	0.108829	0.0766112	0.0558378	0.0366951	0.0237066	0.0103959	-0.00619054	-0.0162506	-0.0242459	-0.0282603	
0.217212	0.363786	0.526995	0.667174	0.765679	0.818502	0.811964	0.736246	0.624698	0.500954	0.382341	0.27914	0.198078	0.137133	0.0847498	0.0457059	0.0284966	0.0182318	-0.000238758	-0.0131382	-0.0242135	-0.034351	-0.0370891	-0.0416836	-0.0448976	
0.187885	0.328943	0.483002	0.616448	0.708775	0.751154	0.727191	0.642562	0.531826	0.411957	0.304839	0.213995	0.137133	0.0755642	0.033243	0.0101653	-0.00446993	-0.0190985	-0.0334146	-0.0395529	-0.0418041	-0.0424937	-0.045454	-0.0501377	-0.0537418	
0.184026	0.317371	0.461656	0.590971	0.674075	0.696103	0.653295	0.563878	0.453743	0.340288	0.243034	0.157802	0.0847498	0.033243	0.0101133	-0.00736787	-0.0306314	-0.0427575	-0.0484443	-0.0529275	-0.0517447	-0.0513811	-0.0595212	-0.0624185	-0.0596054	
0.203303	0.328673	0.465461	0.589749	0.655958	0.654256	0.596593	0.504448	0.396161	0.286381	0.190802	0.108829	0.0457059	0.0101653	-0.00736787	-0.0316259	-0.0500394	-0.0491923	-0.0491468	-0.0552372	-0.0586576	-0.0636286	-0.0687811	-0.0627156	-0.0595736	
0.241328	0.358715	0.487979	0.597692	0.641086	0.619079	0.550821	0.460302	0.35191	0.244151	0.151059	0.0766112	0.0284966	-0.00446993	-0.0306314	-0.0500394	-0.0554712	-0.0544861	-0.0567969	-0.0616242	-0.0633715	-0.0619093	-0.0609742	-0.0604936	-0.065334	
0.30252	0.413461	0.528326	0.611106	0.629825	0.589016	0.513152	0.419066	0.307321	0.204866	0.117203	0.0558378	0.0182318	-0.0190985	-0.0427575	-0.0491923	-0.0544861	-0.0620047	-0.0640688	-0.0676506	-0.0674713	-0.0598899	-0.0600624	-0.0635175	-0.0650956	
0.38203	0.487317	0.579511	0.63161	0.626559	0.572615	0.48685	0.381342	0.269523	0.170039	0.0897643	0.0366951	-0.000238758	-0.0334146	-0.0484443	-0.0491468	-0.0567969	-0.0640688	-0.0622867	-0.0635364	-0.0634907	-0.0637337	-0.0694432	-0.0683091	-0.0618192	
0.472565	0.564613	0.628692	0.646753	0.622951	0.557449	0.458155	0.345629	0.23714	0.145354	0.0735413	0.0237066	-0.0131382	-0.0395529	-0.0529275	-0.0552372	-0.0616242	-0.0676506	-0.0635364	-0.0609292	-0.0624663	-0.0655136	-0.0631525	-0.0622828	-0.0657813	
0.573203	0.646798	0.678728	0.664457	0.623589	0.539055	0.4277	0.309065	0.205467	0.123756	0.0558382	0.0103959	-0.0242135	-0.0418041	-0.0517447	-0.0586576	-0.0633715	-0.0674713	-0.0634907	-0.0624663	-0.065689	-0.0673483	-0.0610217	-0.0581984	-0.0653228	
0.679191	0.731434	0.730837	0.692071	0.625194	0.521798	0.397544	0.275636	0.177646	0.0991827	0.037276	-0.00619054	-0.034351	-0.0424937	-0.0513811	-0.0636286	-0.0619093	-0.0598899	-0.0637337	-0.0655136	-0.0673483	-0.064407	-0.0609175	-0.065775	-0.0650893	
0.779011	0.804409	0.778704	0.71545	0.619639	0.500337	0.367795	0.250564	0.155985	0.0802638	0.026852	-0.0162506	-0.0370891	-0.045454	-0.0595212	-0.0687811	-0.0609742	-0.0600624	-0.0694432	-0.0631525	-0.0610217	-0.0609175	-0.0614219	-0.0681377	-0.0616632	
0.877151	0.877431	0.830615	0.739247	0.614902	0.475908	0.34237	0.224695	0.132218	0.0596428	0.0123094	-0.0242459	-0.0416836	-0.0501377	-0.0624185	-0.0627156	-0.0604936	-0.0635175	-0.0683091	-0.0622828	-0.0581984	-0.065775	-0.0681377	-0.0613882	-0.0564721	
0.969533	0.94824	0.878832	0.760313	0.606139	0.452666	0.317709	0.199931	0.109314	0.0410527	-0.000943496	-0.0282603	-0.0448976	-0.0537418	-0.0596054	-0.0595736	-0.065334	-0.0650956	-0.0618192	-0.0657813	-0.0653228	-0.0650893	-0.0616632	-0.0564721	-0.0625932	
1.05034	1.00958	0.91895	0.774532	0.597451	0.436623	0.29713	0.184355	0.0920241	0.0296185	-0.00986248	-0.0316106	-0.0487244	-0.062601	-0.0614548	-0.0623193	-0.0659849	-0.0645716	-0.0599471	-0.063566	-0.0644108	-0.0586918	-0.0624222	-0.0650246	-0.0654724	
1.12456	1.06888	0.953705	0.783856	0.592776	0.421257	0.277693	0.164779	0.0743668	0.0175184	-0.0182943	-0.0363341	-0.0521926	-0.0647766	-0.0585069	-0.0602554	-0.0662851	-0.0642079	-0.0612329	-0.0644443	-0.0634922	-0.0599676	-0.0651086	-0.0651885	-0.0601839	
1.18411	1.11799	0.975971	0.787086	0.58978	0.407255	0.26174	0.146115	0.0629337	0.0110253	-0.0232163	-0.0396795	-0.0530268	-0.0616198	-0.0572353	-0.0623636	-0.069783	-0.0634339	-0.0619871	-0.0659421	-0.0646283	-0.0637935	-0.0589087	-0.057321	-0.0624215	
1.22833	1.15308	0.990578	0.790952	0.591238	0.403211	0.252339	0.136425	0.0579569	0.00743624	-0.0287741	-0.0465056	-0.0566399	-0.062158	-0.0640019	-0.0658284	-0.0622624	-0.0605388	-0.0644419	-0.0618762	-0.0598295	-0.0635808	-0.0635198	-0.063866	-0.0658705	
1.25677	1.17274	0.997555	0.792142	0.588211	0.40062	0.241183	0.128137	0.0544552	0.00253165	-0.0279253	-0.0500071	-0.0558623	-0.0555853	-0.0673364	-0.0652852	-0.0590465	-0.0658557	-0.066285	-0.0609848	-0.0628298	-0.0625575	-0.0616962	-0.0627616	-0.0592207	
1.26184	1.17578	0.998391	0.792079	0.586857	0.400361	0.238213	0.126438	0.0541174	0.00106307	-0.0264162	-0.0508314	-0.0553527	-0.0529264	-0.067796	-0.0644817	-0.0601792	-0.0681792	-0.0646969	-0.0611689	-0.0656252	-0.0629807	-0.060225	-0.0604555	-0.055889	
1.2424	1.16307	0.994528	0.791954	0.590885	0.402647	0.247739	0.133014	0.0564282	0.00523011	-0.0294826	-0.0488114	-0.0571682	-0.0605167	-0.0660491	-0.0654415	-0.0599769	-0.0619817	-0.0646762	-0.0608899	-0.0600172	-0.062934	-0.0648562	-0.0653769	-0.0638759	
1.20354	1.13362	0.982118	0.788024	0.590039	0.404279	0.257415	0.141333	0.0605659	0.0101532	-0.0257724	-0.0414203	-0.0537176	-0.0620525	-0.0594982	-0.0644261	-0.0675366	-0.0620421	-0.0641281	-0.0649995	-0.062157	-0.0637238	-0.0589796	-0.0583701	-0.0654705	
1.15043	1.09036	0.963994	0.785965	0.591141	0.415316	0.270648	0.156437	0.0691158	0.0135441	-0.0201305	-0.0382994	-0.0528463	-0.062788	-0.0577212	-0.0603056	-0.0679334	-0.0636681	-0.0611126	-0.0656634	-0.0642634	-0.0627981	-0.0629073	-0.0608298	-0.0600325	
1.08121	1.03384	0.934034	0.779125	0.595266	0.430383	0.289468	0.177096	0.0845342	0.0244671	-0.0131961	-0.0336902	-0.0510733	-0.0643724	-0.0603606	-0.0618198	-0.0660603	-0.064308	-0.0600451	-0.0632268	-0.0630098	-0.0583376	-0.0650731	-0.0671051	-0.0635475	
1.00263	0.972777	0.895425	0.766174	0.602147	0.44485	0.309118	0.193762	0.101652	0.0367568	-0.00462479	-0.02848	-0.0460039	-0.0577623	-0.0595505	-0.0611377	-0.066583	-0.0651614	-0.0607357	-0.0656556	-0.066435	-0.0613556	-0.0597056	-0.0592907	-0.0650942	
0.915817	0.906861	0.851213	0.749055	0.611995	0.46636	0.332128	0.214015	0.122539	0.0506517	0.00595272	-0.0265859	-0.0432395	-0.0513008	-0.0617299	-0.0600075	-0.0609869	-0.0645987	-0.0656569	-0.0633054	-0.0613936	-0.0668448	-0.0668995	-0.0586883	-0.0573393	
0.818232	0.833369	0.798679	0.724714	0.6175	0.490757	0.357152	0.240289	0.147203	0.0727484	0.0215205	-0.0198704	-0.0382818	-0.047245	-0.0618678	-0.0675136	-0.0608434	-0.0617478	-0.0700607	-0.061539	-0.058504	-0.0628677	-0.0645357	-0.0656688	-0.0585052	
0.719396	0.761723	0.749866	0.701339	0.623312	0.513784	0.385326	0.264796	0.168492	0.0918991	0.0329025	-0.0110991	-0.0355412	-0.0433194	-0.0540429	-0.0665763	-0.0619495	-0.058623	-0.0658715	-0.0657315	-0.0655743	-0.0615306	-0.0600018	-0.0685349	-0.0648872	
0.616196	0.681917	0.700429	0.675325	0.624945	0.532544	0.416082	0.294308	0.193477	0.113114	0.0474383	0.00358298	-0.0297322	-0.0418613	-0.0510021	-0.0597217	-0.0616824	-0.0649899	-0.0633005	-0.063643	-0.0669333	-0.0669534	-0.061924	-0.0606707	-0.0646554	
0.511358	0.596196	0.648005	0.652116	0.622134	0.549865	0.445855	0.331351	0.224603	0.137322	0.0673885	0.0192675	-0.0169424	-0.0408239	-0.053275	-0.0572974	-0.0637032	-0.0684394	-0.06351	-0.0611111	-0.0636162	-0.0669086	-0.0605414	-0.0584685	-0.0665045	
0.417171	0.518167	0.599729	0.638394	0.625181	0.56707	0.475378	0.367241	0.256061	0.158856	0.0824867	0.0302716	-0.00572803	-0.0367828	-0.0504537	-0.0510519	-0.0592669	-0.0645857	-0.0624064	-0.0625317	-0.0619831	-0.0645438	-0.0680822	-0.0676523	-0.0640164	
0.332859	0.441762	0.548415	0.619243	0.628488	0.581204	0.502163	0.403356	0.291211	0.190124	0.104459	0.0480624	0.0105346	-0.0257379	-0.0446138	-0.0482496	-0.0542509	-0.06362	-0.0644855	-0.0657102	-0.0662459	-0.0619976	-0.0650342	-0.0658351	-0.0618833	
0.263135	0.377159	0.501621	0.601621	0.635213	0.605608	0.534074	0.443784	0.333864	0.228591	0.137596	0.0682461	0.0252682	-0.0102409	-0.037213	-0.0516635	-0.0554709	-0.0578418	-0.0605622	-0.0653369	-0.0660644	-0.0591073	-0.0576066	-0.0615039	-0.0667759	
0.216388	0.338727	0.472536	0.593115	0.649887	0.640122	0.577457	0.485576	0.377958	0.267506	0.173569	0.093441	0.0363594	0.00430399	-0.0172964	-0.0403711	-0.0534778	-0.0504298	-0.0505365	-0.0580069	-0.0606241	-0.0642408	-0.0675263	-0.061313	-0.0615182	
0.189174	0.319266	0.460408	0.588109	0.665668	0.677514	0.628767	0.537966	0.428466	0.317171	0.220648	0.136859	0.0669841	0.0220545	0.00389103	-0.016298	-0.040386	-0.0469327	-0.048634	-0.0535858	-0.0546667	-0.0580789	-0.0656672	-0.0632019	-0.0590503	
0.183227	0.321065	0.471167	0.602884	0.692033	0.727454	0.695209	0.608984	0.498571	0.381344	0.279229	0.190922	0.115511	0.0563944	0.0215419	0.00264538	-0.015561	-0.0313444	-0.0430407	-0.0468403	-0.0456854	-0.0442535	-0.0492264	-0.0559364	-0.0580228	
0.202917	0.348422	0.507692	0.645328	0.741199	0.790619	0.77786	0.696631	0.58561	0.462811	0.347986	0.250418	0.171001	0.110219	0.0607613	0.0282076	0.0150553	0.00383449	-0.0142522	-0.0253776	-0.0332796	-0.0396242	-0.0414361	-0.0444663	-0.048635	
0.242966	0.389426	0.557287	0.702169	0.807089	0.863495	0.865103	0.798695	0.689226	0.564927	0.442985	0.332635	0.244478	0.181809	0.126596	0.0803575	0.0540569	0.0389972	0.0215018	0.0078462	-0.0052011	-0.0195112	-0.027458	-0.0332192	-0.0357815	
0.293249	0.43738	0.609568	0.767562	0.887277	0.952854	0.961459	0.91018	0.811498	0.685244	0.557371	0.43973	0.338627	0.266981	0.207878	0.156179	0.118721	0.0889247	0.0650423	0.0514662	0.0357552	0.0177991	0.00790847	-0.00363391	-0.0132401	
