0.584153	0.673865	0.727073	0.753274	0.766391	0.768269	0.759782	0.740279	0.699087	0.624616	0.513578	0.385514	0.241657	0.0778244	-0.0955886	-0.254904	-0.397226	-0.509499	-0.578454	-0.597491	-0.56968	-0.488064	-0.359727	-0.210181	-0.0779949	
0.660234	0.73109	0.771678	0.787921	0.794919	0.796763	0.790846	0.780441	0.751167	0.692137	0.605673	0.508545	0.397362	0.257769	0.0943815	-0.0721816	-0.235461	-0.384587	-0.493547	-0.554692	-0.563955	-0.507664	-0.394693	-0.254304	-0.120844	
0.753037	0.806878	0.834744	0.837342	0.829412	0.827458	0.833783	0.838108	0.821556	0.776604	0.715906	0.653728	0.58011	0.465667	0.316281	0.138337	-0.050612	-0.226625	-0.367056	-0.462794	-0.506128	-0.483058	-0.396826	-0.277666	-0.157752	
0.86512	0.891482	0.899068	0.888298	0.875205	0.873007	0.882429	0.895837	0.897401	0.876445	0.847902	0.81754	0.77178	0.679291	0.535419	0.347124	0.142644	-0.0489212	-0.214221	-0.34018	-0.410812	-0.415575	-0.363368	-0.276871	-0.173044	
0.984794	0.981106	0.967162	0.943131	0.924747	0.92122	0.934577	0.957794	0.977694	0.983543	0.986495	0.982572	0.947241	0.861623	0.71796	0.527987	0.318553	0.117687	-0.0619205	-0.208471	-0.298529	-0.327371	-0.308128	-0.253304	-0.180637	
1.08206	1.05873	1.02964	0.996981	0.971304	0.965148	0.985208	1.01676	1.04783	1.0728	1.09662	1.10883	1.07657	0.990428	0.848664	0.656832	0.446348	0.242105	0.0601006	-0.090892	-0.191092	-0.241403	-0.249926	-0.222685	-0.174732	
1.13713	1.10005	1.06534	1.03787	1.01984	1.0162	1.02959	1.05348	1.08556	1.12221	1.15835	1.17487	1.14137	1.05052	0.904206	0.710928	0.504976	0.30541	0.127992	-0.0144356	-0.11716	-0.180071	-0.209189	-0.204299	-0.170824	
1.13116	1.08743	1.0592	1.04253	1.03459	1.03452	1.03809	1.05176	1.07412	1.11307	1.15506	1.17046	1.13083	1.02987	0.875763	0.689499	0.494089	0.307384	0.140534	0.00715439	-0.0948568	-0.166598	-0.204689	-0.208922	-0.187196	
1.06247	1.02689	1.00439	0.987583	0.976121	0.973985	0.981864	0.997209	1.0161	1.04781	1.08089	1.08696	1.04158	0.936548	0.782982	0.605456	0.424522	0.259634	0.105829	-0.0248798	-0.128484	-0.203376	-0.239605	-0.242748	-0.22051	
0.944522	0.91534	0.88647	0.856449	0.837864	0.834616	0.847323	0.873647	0.904035	0.933816	0.953536	0.942674	0.888177	0.786711	0.644246	0.483825	0.322915	0.170963	0.0234948	-0.107878	-0.211081	-0.279451	-0.312496	-0.304458	-0.27002	
0.778199	0.751994	0.710716	0.675122	0.651632	0.647004	0.664083	0.69472	0.736112	0.770315	0.783479	0.763808	0.705062	0.607692	0.485396	0.344383	0.205616	0.0604779	-0.0899846	-0.224472	-0.322769	-0.378233	-0.399249	-0.382027	-0.333362	
0.578355	0.552128	0.514451	0.475568	0.448486	0.443512	0.46272	0.498415	0.537779	0.570269	0.58413	0.567414	0.514199	0.432532	0.325898	0.203396	0.0804369	-0.0555439	-0.205496	-0.34123	-0.433297	-0.473109	-0.47707	-0.45038	-0.394188	
0.379692	0.354634	0.320635	0.283806	0.25811	0.253739	0.271416	0.305811	0.341897	0.371504	0.385443	0.374354	0.329637	0.267205	0.18053	0.0803156	-0.0314792	-0.159886	-0.303345	-0.431973	-0.515753	-0.546416	-0.538273	-0.49634	-0.427526	
0.207742	0.182903	0.151357	0.116273	0.0948657	0.0920459	0.105052	0.136942	0.17149	0.198714	0.212989	0.204897	0.171065	0.126398	0.0639345	-0.0137654	-0.112493	-0.226555	-0.357837	-0.479516	-0.561501	-0.590215	-0.566908	-0.508351	-0.427602	
0.0840235	0.0633487	0.0373149	0.00418208	-0.0229541	-0.0278942	-0.00878215	0.0243131	0.054536	0.0759903	0.090704	0.0888405	0.068017	0.0338855	-0.012294	-0.0748924	-0.160954	-0.260001	-0.371467	-0.476751	-0.554441	-0.584143	-0.557304	-0.489538	-0.393845	
0.0270587	0.0126116	-0.00829157	-0.0348828	-0.0619011	-0.0680242	-0.0464753	-0.0180485	0.00493902	0.0229728	0.0300158	0.0323137	0.0190319	-0.00223584	-0.0384405	-0.0950514	-0.174419	-0.262143	-0.348373	-0.428542	-0.495216	-0.522328	-0.496026	-0.423917	-0.317639	
0.0360945	0.0321906	0.0146255	-0.00498459	-0.0230884	-0.0272215	-0.0123254	0.00653571	0.0257787	0.0371052	0.0326712	0.0269769	0.0188584	0.00648021	-0.0192211	-0.0691103	-0.142878	-0.220468	-0.29225	-0.357938	-0.40626	-0.417445	-0.384304	-0.305536	-0.194294	
0.105781	0.112284	0.10319	0.082991	0.066294	0.0632217	0.0750721	0.0954055	0.110257	0.110071	0.0965373	0.0840478	0.073049	0.0598729	0.0399179	-0.000350012	-0.0704905	-0.148705	-0.223345	-0.282439	-0.305983	-0.292001	-0.247179	-0.159409	-0.0452363	
0.218778	0.230283	0.22701	0.21176	0.199264	0.197048	0.205247	0.222263	0.230964	0.224398	0.206952	0.190587	0.179044	0.165004	0.143141	0.0948292	0.0164258	-0.0688526	-0.148124	-0.20119	-0.207773	-0.176263	-0.115226	-0.0179148	0.101444	
0.341476	0.35205	0.352297	0.352291	0.352299	0.351867	0.352764	0.352594	0.352722	0.346501	0.333526	0.319725	0.318107	0.301729	0.263974	0.192265	0.103207	0.00982256	-0.0720696	-0.11892	-0.119417	-0.0776147	-0.00188589	0.104995	0.234041	
0.457619	0.462181	0.473104	0.488191	0.496833	0.497702	0.493079	0.479105	0.464851	0.459741	0.456535	0.458919	0.460013	0.438022	0.376174	0.281433	0.174175	0.0645653	-0.0160753	-0.0547942	-0.0505405	0.00229203	0.0956162	0.220053	0.367696	
0.578124	0.580676	0.594359	0.616364	0.630824	0.632599	0.623622	0.6027	0.584889	0.5777	0.583277	0.591762	0.584186	0.542949	0.462197	0.34251	0.208717	0.0894172	0.0152178	-0.0130828	-0.00112817	0.0627225	0.178808	0.32794	0.493489	
0.692424	0.698114	0.716448	0.739713	0.766433	0.773995	0.750489	0.724708	0.705015	0.692171	0.694315	0.693772	0.669909	0.609119	0.506227	0.372264	0.227853	0.104734	0.0299093	0.00550397	0.0310182	0.107583	0.239592	0.411623	0.59486	
0.790498	0.801218	0.8185	0.845527	0.874647	0.881152	0.858257	0.828332	0.806888	0.794347	0.784464	0.764715	0.716523	0.634515	0.515167	0.375503	0.236413	0.11791	0.0394797	0.0201424	0.0562422	0.143071	0.28936	0.47305	0.667516	
0.862168	0.874495	0.89222	0.914937	0.93507	0.939899	0.924108	0.901272	0.880861	0.867338	0.849416	0.805492	0.730899	0.634702	0.510657	0.378968	0.249699	0.129039	0.0467544	0.0248636	0.0608591	0.155691	0.311363	0.501933	0.701968	
0.902019	0.917708	0.919439	0.925653	0.938095	0.940718	0.930577	0.92077	0.918723	0.910527	0.882054	0.823579	0.734327	0.625573	0.505604	0.388126	0.268223	0.147722	0.0569731	0.0233403	0.0533954	0.15056	0.306615	0.497183	0.700148	
0.917708	0.926242	0.909706	0.894623	0.900313	0.903987	0.894906	0.90152	0.921593	0.925468	0.895318	0.834931	0.741207	0.62862	0.508175	0.396048	0.279945	0.156906	0.0580524	0.0121894	0.0346745	0.127535	0.281054	0.471317	0.67448	
0.919439	0.909706	0.880453	0.855573	0.847663	0.848015	0.85097	0.868134	0.899358	0.919238	0.908859	0.85236	0.760551	0.64342	0.52162	0.401018	0.278115	0.150106	0.0432275	-0.00806656	0.0109646	0.0982634	0.248023	0.435681	0.632946	
0.925653	0.894623	0.855573	0.827334	0.812035	0.80926	0.819768	0.842766	0.878346	0.916522	0.925484	0.879071	0.785641	0.666002	0.540279	0.407301	0.268676	0.130404	0.023967	-0.0308146	-0.0205071	0.0635644	0.212146	0.397585	0.595626	
0.938095	0.900313	0.847663	0.812035	0.798692	0.796262	0.804382	0.830698	0.87878	0.926894	0.942733	0.905467	0.814645	0.685523	0.551716	0.410753	0.260977	0.114929	0.00759035	-0.0539201	-0.048896	0.0403553	0.189097	0.369423	0.570727	
0.940718	0.903987	0.848015	0.80926	0.796262	0.794425	0.80163	0.829245	0.881492	0.92948	0.947183	0.910933	0.822694	0.689148	0.55291	0.410905	0.259688	0.111922	0.00378563	-0.059669	-0.0547281	0.0375489	0.185522	0.364456	0.565138	
0.930577	0.894906	0.85097	0.819768	0.804382	0.80163	0.811992	0.8369	0.876472	0.919845	0.932765	0.890964	0.797557	0.674884	0.546257	0.409915	0.264977	0.122335	0.0169966	-0.0403541	-0.0333432	0.0515597	0.200313	0.384404	0.583993	
0.92077	0.90152	0.868134	0.842766	0.830698	0.829245	0.8369	0.856013	0.888602	0.916599	0.915054	0.86227	0.769343	0.651626	0.529232	0.403279	0.27513	0.143014	0.0354395	-0.0167446	-0.00110668	0.0840017	0.233618	0.420019	0.616839	
0.918723	0.921593	0.899358	0.878346	0.87878	0.881492	0.876472	0.888602	0.914632	0.924113	0.900662	0.840927	0.74812	0.633587	0.512123	0.39744	0.281004	0.15613	0.0530322	0.00457821	0.0263443	0.117378	0.268567	0.457825	0.658449	
0.910527	0.925468	0.919238	0.916522	0.926894	0.92948	0.919845	0.916599	0.924113	0.920157	0.888082	0.828034	0.735282	0.624407	0.505951	0.392009	0.273922	0.153156	0.0596255	0.0210384	0.0467998	0.141703	0.297817	0.488778	0.692968	
0.882054	0.895318	0.908859	0.925484	0.942733	0.947183	0.932765	0.915054	0.900662	0.888082	0.866391	0.814757	0.732351	0.630647	0.507647	0.382752	0.257679	0.136673	0.0506946	0.0242896	0.0588148	0.156026	0.312735	0.503667	0.704741	
0.823579	0.834931	0.85236	0.879071	0.905467	0.910933	0.890964	0.86227	0.840927	0.828034	0.814757	0.784051	0.725559	0.636883	0.513805	0.375614	0.240154	0.122428	0.0422812	0.0230383	0.0601639	0.151131	0.302086	0.489161	0.685933	
0.734327	0.741207	0.760551	0.785641	0.814645	0.822694	0.797557	0.769343	0.74812	0.735282	0.732351	0.725559	0.692304	0.624061	0.513179	0.375942	0.232137	0.11019	0.0337923	0.0124178	0.0423657	0.123184	0.260945	0.438589	0.628525	
0.625573	0.62862	0.64342	0.666002	0.685523	0.689148	0.674884	0.651626	0.633587	0.624407	0.630647	0.636883	0.624061	0.573767	0.484693	0.358289	0.217284	0.0962759	0.021902	-0.00378801	0.0134249	0.0826298	0.206509	0.364493	0.536394	
0.505604	0.508175	0.52162	0.540279	0.551716	0.55291	0.546257	0.529232	0.512123	0.505951	0.507647	0.513805	0.513179	0.484693	0.415025	0.310596	0.191344	0.0767633	-0.00105522	-0.0351627	-0.0288818	0.0279042	0.129869	0.26543	0.420337	
0.388126	0.396048	0.401018	0.407301	0.410753	0.410905	0.409915	0.403279	0.39744	0.392009	0.382752	0.375614	0.375942	0.358289	0.310596	0.229726	0.134522	0.0360197	-0.0465287	-0.0901971	-0.0882315	-0.0423424	0.0393661	0.150937	0.286996	
0.268223	0.279945	0.278115	0.268676	0.260977	0.259688	0.264977	0.27513	0.281004	0.273922	0.257679	0.240154	0.232137	0.217284	0.191344	0.134522	0.0519335	-0.0364349	-0.117194	-0.167473	-0.171164	-0.13552	-0.0683486	0.0330013	0.155843	
0.147722	0.156906	0.150106	0.130404	0.114929	0.111922	0.122335	0.143014	0.15613	0.153156	0.136673	0.122428	0.11019	0.0962759	0.0767633	0.0360197	-0.0364349	-0.117571	-0.193797	-0.250273	-0.265701	-0.243089	-0.192	-0.100446	0.0149675	
0.0569731	0.0580524	0.0432275	0.023967	0.00759035	0.00378563	0.0169966	0.0354395	0.0530322	0.0596255	0.0506946	0.0422812	0.0337923	0.021902	-0.00105522	-0.0465287	-0.117194	-0.193797	-0.26582	-0.328669	-0.36696	-0.367855	-0.330397	-0.249079	-0.136441	
0.0233403	0.0121894	-0.00806656	-0.0308146	-0.0539201	-0.059669	-0.0403541	-0.0167446	0.00457821	0.0210384	0.0242896	0.0230383	0.0124178	-0.00378801	-0.0351627	-0.0901971	-0.167473	-0.250273	-0.328669	-0.401308	-0.461957	-0.484605	-0.456872	-0.381228	-0.272786	
0.0533954	0.0346745	0.0109646	-0.0205071	-0.048896	-0.0547281	-0.0333432	-0.00110668	0.0263443	0.0467998	0.0588148	0.0601639	0.0423657	0.0134249	-0.0288818	-0.0882315	-0.171164	-0.265701	-0.36696	-0.461957	-0.535872	-0.565675	-0.539206	-0.470122	-0.369167	
0.15056	0.127535	0.0982634	0.0635644	0.0403553	0.0375489	0.0515597	0.0840017	0.117378	0.141703	0.156026	0.151131	0.123184	0.0826298	0.0279042	-0.0423424	-0.13552	-0.243089	-0.367855	-0.484605	-0.565675	-0.595048	-0.568338	-0.505086	-0.418479	
0.306615	0.281054	0.248023	0.212146	0.189097	0.185522	0.200313	0.233618	0.268567	0.297817	0.312735	0.302086	0.260945	0.206509	0.129869	0.0393661	-0.0683486	-0.192	-0.330397	-0.456872	-0.539206	-0.568338	-0.553936	-0.504909	-0.431204	
0.497183	0.471317	0.435681	0.397585	0.369423	0.364456	0.384404	0.420019	0.457825	0.488778	0.503667	0.489161	0.438589	0.364493	0.26543	0.150937	0.0330013	-0.100446	-0.249079	-0.381228	-0.470122	-0.505086	-0.504909	-0.472315	-0.411429	
0.700148	0.67448	0.632946	0.595626	0.570727	0.565138	0.583993	0.616839	0.658449	0.692968	0.704741	0.685933	0.628525	0.536394	0.420337	0.286996	0.155843	0.0149675	-0.136441	-0.272786	-0.369167	-0.418479	-0.431204	-0.411429	-0.359438	
