1.23166	1.22935	1.16702	1.03678	0.845878	0.606579	0.353618	0.111028	-0.105243	-0.271667	-0.384843	-0.454081	-0.479395	-0.476989	-0.471128	-0.467858	-0.444324	-0.397123	-0.346527	-0.314179	-0.328517	-0.403302	-0.528437	-0.675179	-0.821736	
1.22935	1.23577	1.1768	1.04629	0.856023	0.622603	0.37331	0.135009	-0.0728042	-0.231752	-0.347054	-0.430309	-0.470193	-0.487351	-0.505503	-0.517795	-0.506257	-0.462335	-0.409136	-0.372969	-0.381943	-0.450065	-0.560799	-0.682995	-0.804568	
1.16702	1.1768	1.1192	0.991734	0.814366	0.600823	0.365782	0.139922	-0.052525	-0.203056	-0.316714	-0.401344	-0.451013	-0.484814	-0.517534	-0.537172	-0.534558	-0.503741	-0.455156	-0.417585	-0.418873	-0.472785	-0.551756	-0.636884	-0.731441	
1.03678	1.04629	0.991734	0.87863	0.72589	0.537443	0.324144	0.119983	-0.0520298	-0.185621	-0.2897	-0.365461	-0.418695	-0.465412	-0.505722	-0.52243	-0.525787	-0.510246	-0.469688	-0.433998	-0.433534	-0.467542	-0.512133	-0.562193	-0.626967	
0.845878	0.856023	0.814366	0.72589	0.598756	0.432543	0.245975	0.0701807	-0.07697	-0.185157	-0.26502	-0.318957	-0.364302	-0.413508	-0.455512	-0.475071	-0.489475	-0.487175	-0.458491	-0.429599	-0.422667	-0.438217	-0.457232	-0.477886	-0.520805	
0.606579	0.622603	0.600823	0.537443	0.432543	0.295925	0.14817	0.00673141	-0.109161	-0.183201	-0.23308	-0.263519	-0.295381	-0.336603	-0.378535	-0.408516	-0.431589	-0.43741	-0.421369	-0.400264	-0.391098	-0.394352	-0.404109	-0.414167	-0.439302	
0.353618	0.37331	0.365782	0.324144	0.245975	0.14817	0.0425197	-0.0635333	-0.145803	-0.183504	-0.20102	-0.210266	-0.217562	-0.237517	-0.275489	-0.313148	-0.337946	-0.350617	-0.350891	-0.346249	-0.347495	-0.356102	-0.370215	-0.383939	-0.399162	
0.111028	0.135009	0.139922	0.119983	0.0701807	0.00673141	-0.0635333	-0.138462	-0.185859	-0.19091	-0.179427	-0.158037	-0.131493	-0.127235	-0.154068	-0.187907	-0.213312	-0.23163	-0.250696	-0.271334	-0.296295	-0.324554	-0.352848	-0.373833	-0.392867	
-0.105243	-0.0728042	-0.052525	-0.0520298	-0.07697	-0.109161	-0.145803	-0.185859	-0.203773	-0.189951	-0.147859	-0.0946387	-0.0415161	-0.0167982	-0.0243569	-0.0483603	-0.072712	-0.100733	-0.138448	-0.184403	-0.237091	-0.289025	-0.329527	-0.360545	-0.392631	
-0.271667	-0.231752	-0.203056	-0.185621	-0.185157	-0.183201	-0.183504	-0.19091	-0.189951	-0.156829	-0.0848815	-0.00700481	0.0624931	0.106962	0.118117	0.101804	0.071209	0.0265907	-0.031155	-0.0991688	-0.173755	-0.243282	-0.29672	-0.343346	-0.389022	
-0.384843	-0.347054	-0.316714	-0.2897	-0.26502	-0.23308	-0.20102	-0.179427	-0.147859	-0.0848815	0.00948763	0.101542	0.183439	0.238692	0.256817	0.237606	0.19363	0.132922	0.0536544	-0.0355154	-0.119199	-0.201878	-0.273818	-0.333398	-0.387981	
-0.454081	-0.430309	-0.401344	-0.365461	-0.318957	-0.263519	-0.210266	-0.158037	-0.0946387	-0.00700481	0.101542	0.212765	0.311219	0.372301	0.37912	0.340798	0.280637	0.198819	0.0957484	-0.00202321	-0.0895352	-0.175537	-0.257845	-0.324494	-0.375383	
-0.479395	-0.470193	-0.451013	-0.418695	-0.364302	-0.295381	-0.217562	-0.131493	-0.0415161	0.0624931	0.183439	0.311219	0.421989	0.473325	0.461638	0.404203	0.324324	0.223655	0.110477	0.00891303	-0.0756332	-0.160196	-0.239454	-0.300665	-0.341164	
-0.476989	-0.487351	-0.484814	-0.465412	-0.413508	-0.336603	-0.237517	-0.127235	-0.0167982	0.106962	0.238692	0.372301	0.473325	0.508843	0.483239	0.412432	0.315154	0.205952	0.0956806	0.00167724	-0.081152	-0.153051	-0.216979	-0.266531	-0.296762	
-0.471128	-0.505503	-0.517534	-0.505722	-0.455512	-0.378535	-0.275489	-0.154068	-0.0243569	0.118117	0.256817	0.37912	0.461638	0.483239	0.454649	0.37632	0.269303	0.157178	0.0506024	-0.0364034	-0.107811	-0.155777	-0.188542	-0.214163	-0.228371	
-0.467858	-0.517795	-0.537172	-0.52243	-0.475071	-0.408516	-0.313148	-0.187907	-0.0483603	0.101804	0.237606	0.340798	0.404203	0.412432	0.37632	0.299153	0.194338	0.0797996	-0.0219416	-0.097026	-0.146621	-0.163376	-0.160962	-0.155834	-0.136148	
-0.444324	-0.506257	-0.534558	-0.525787	-0.489475	-0.431589	-0.337946	-0.213312	-0.072712	0.071209	0.19363	0.280637	0.324324	0.315154	0.269303	0.194338	0.0876928	-0.0303943	-0.127638	-0.180338	-0.195948	-0.178253	-0.140115	-0.0901433	-0.0230316	
-0.397123	-0.462335	-0.503741	-0.510246	-0.487175	-0.43741	-0.350617	-0.23163	-0.100733	0.0265907	0.132922	0.198819	0.223655	0.205952	0.157178	0.0797996	-0.0303943	-0.153592	-0.24065	-0.266831	-0.246512	-0.194051	-0.117215	-0.0227505	0.0971927	
-0.346527	-0.409136	-0.455156	-0.469688	-0.458491	-0.421369	-0.350891	-0.250696	-0.138448	-0.031155	0.0536544	0.0957484	0.110477	0.0956806	0.0506024	-0.0219416	-0.127638	-0.24065	-0.310231	-0.316984	-0.26677	-0.179243	-0.0671515	0.0611296	0.219352	
-0.314179	-0.372969	-0.417585	-0.433998	-0.429599	-0.400264	-0.346249	-0.271334	-0.184403	-0.0991688	-0.0355154	-0.00202321	0.00891303	0.00167724	-0.0364034	-0.097026	-0.180338	-0.266831	-0.316984	-0.306945	-0.232525	-0.112841	0.0300502	0.1831	0.357492	
-0.328517	-0.381943	-0.418873	-0.433534	-0.422667	-0.391098	-0.347495	-0.296295	-0.237091	-0.173755	-0.119199	-0.0895352	-0.0756332	-0.081152	-0.107811	-0.146621	-0.195948	-0.246512	-0.26677	-0.232525	-0.137406	-0.00146382	0.157164	0.321887	0.496028	
-0.403302	-0.450065	-0.472785	-0.467542	-0.438217	-0.394352	-0.356102	-0.324554	-0.289025	-0.243282	-0.201878	-0.175537	-0.160196	-0.153051	-0.155777	-0.163376	-0.178253	-0.194051	-0.179243	-0.112841	-0.00146382	0.136807	0.29282	0.45616	0.621952	
-0.528437	-0.560799	-0.551756	-0.512133	-0.457232	-0.404109	-0.370215	-0.352848	-0.329527	-0.29672	-0.273818	-0.257845	-0.239454	-0.216979	-0.188542	-0.160962	-0.140115	-0.117215	-0.0671515	0.0300502	0.157164	0.29282	0.432743	0.579357	0.725137	
-0.675179	-0.682995	-0.636884	-0.562193	-0.477886	-0.414167	-0.383939	-0.373833	-0.360545	-0.343346	-0.333398	-0.324494	-0.300665	-0.266531	-0.214163	-0.155834	-0.0901433	-0.0227505	0.0611296	0.1831	0.321887	0.45616	0.579357	0.695188	0.811173	
-0.821736	-0.804568	-0.731441	-0.626967	-0.520805	-0.439302	-0.399162	-0.392867	-0.392631	-0.389022	-0.387981	-0.375383	-0.341164	-0.296762	-0.228371	-0.136148	-0.0230316	0.0971927	0.219352	0.357492	0.496028	0.621952	0.725137	0.811173	0.889887	
-0.970117	-0.924334	-0.828631	-0.706721	-0.582103	-0.483959	-0.431563	-0.423505	-0.432334	-0.439491	-0.437229	-0.412657	-0.363932	-0.302945	-0.211979	-0.0883639	0.0711867	0.24269	0.405622	0.558126	0.684876	0.786174	0.864459	0.92094	0.962374	
-1.11476	-1.04845	-0.934194	-0.800064	-0.663959	-0.556772	-0.493805	-0.476569	-0.482665	-0.486753	-0.472376	-0.435664	-0.370487	-0.289902	-0.172943	-0.0154467	0.181887	0.39465	0.592677	0.758529	0.871868	0.943833	0.99019	1.01401	1.01981	
-1.23554	-1.16127	-1.04081	-0.894298	-0.756312	-0.647666	-0.57901	-0.548346	-0.539699	-0.526392	-0.494849	-0.441106	-0.36574	-0.265647	-0.126115	0.0640951	0.29406	0.535141	0.756393	0.926799	1.02955	1.07594	1.0875	1.07616	1.04882	
-1.32041	-1.25074	-1.12656	-0.977116	-0.836315	-0.732535	-0.661688	-0.616998	-0.591408	-0.561826	-0.511975	-0.444827	-0.355665	-0.240896	-0.0838414	0.129152	0.384234	0.646597	0.879347	1.0479	1.13876	1.16494	1.1503	1.10711	1.05045	
-1.36583	-1.29942	-1.17582	-1.02356	-0.885149	-0.785928	-0.715036	-0.659413	-0.621124	-0.581874	-0.523558	-0.446024	-0.347246	-0.220391	-0.0551316	0.168087	0.43672	0.712708	0.95253	1.1159	1.19632	1.2105	1.18209	1.12184	1.04632	
-1.3718	-1.30682	-1.18403	-1.02914	-0.893101	-0.795198	-0.72348	-0.66617	-0.626479	-0.584738	-0.525792	-0.447027	-0.345695	-0.21539	-0.0501826	0.175659	0.445992	0.723788	0.965878	1.12762	1.2053	1.21798	1.18701	1.12436	1.04561	
-1.3441	-1.27559	-1.15117	-1.00093	-0.860296	-0.758201	-0.688187	-0.638236	-0.606161	-0.571908	-0.517441	-0.444945	-0.351992	-0.231544	-0.0695212	0.148012	0.410219	0.679311	0.915267	1.08199	1.16814	1.18808	1.16664	1.11485	1.04929	
-1.27372	-1.20123	-1.07863	-0.930787	-0.791694	-0.684405	-0.614259	-0.577978	-0.562447	-0.541854	-0.501931	-0.443197	-0.362299	-0.256262	-0.108673	0.0928433	0.3336	0.584268	0.810795	0.981523	1.07958	1.11721	1.11617	1.0912	1.05109	
-1.16676	-1.09485	-0.977877	-0.837432	-0.700897	-0.591704	-0.526193	-0.503792	-0.505068	-0.503018	-0.482495	-0.438043	-0.369788	-0.280142	-0.153822	0.0171823	0.228767	0.453222	0.662058	0.830677	0.939686	1.00127	1.03328	1.04301	1.0359	
-1.0298	-0.975002	-0.869667	-0.743307	-0.612595	-0.509787	-0.452728	-0.441588	-0.450922	-0.459344	-0.453162	-0.424839	-0.368234	-0.300252	-0.198965	-0.0620803	0.113397	0.304004	0.48192	0.640198	0.761507	0.85091	0.917281	0.96115	0.987292	
-0.880358	-0.851497	-0.769603	-0.656848	-0.542713	-0.454208	-0.4092	-0.403069	-0.406975	-0.408777	-0.408614	-0.391203	-0.35192	-0.301201	-0.225003	-0.120751	0.0119077	0.153582	0.291989	0.435268	0.569617	0.687559	0.781953	0.856674	0.920477	
-0.733814	-0.732515	-0.674305	-0.586259	-0.492698	-0.42229	-0.388795	-0.380997	-0.373246	-0.361485	-0.355743	-0.347231	-0.319559	-0.281619	-0.223092	-0.15078	-0.0663436	0.0212959	0.120419	0.2495	0.389948	0.522412	0.638082	0.741292	0.842914	
-0.586816	-0.609016	-0.58411	-0.531007	-0.463529	-0.407193	-0.376038	-0.361836	-0.341915	-0.315616	-0.298298	-0.286315	-0.266492	-0.239446	-0.198974	-0.158808	-0.121358	-0.0815276	-0.0184867	0.0898203	0.223487	0.357667	0.490979	0.626315	0.761008	
-0.44832	-0.491509	-0.503519	-0.484761	-0.44613	-0.398592	-0.361141	-0.336563	-0.307134	-0.266729	-0.232599	-0.210457	-0.193415	-0.179543	-0.170206	-0.162832	-0.164275	-0.166322	-0.136673	-0.0572894	0.0601782	0.197841	0.348176	0.506563	0.666046	
-0.351768	-0.40243	-0.43535	-0.444789	-0.427359	-0.391103	-0.350712	-0.307585	-0.258713	-0.202715	-0.152821	-0.123257	-0.109171	-0.111225	-0.130063	-0.157742	-0.192738	-0.228572	-0.235073	-0.188841	-0.0867929	0.0507971	0.211125	0.376897	0.548307	
-0.31261	-0.369535	-0.411845	-0.428836	-0.423482	-0.394152	-0.344778	-0.280084	-0.204732	-0.129172	-0.0696661	-0.0386338	-0.0255973	-0.032343	-0.0669012	-0.119949	-0.190338	-0.262824	-0.302304	-0.284566	-0.201501	-0.0729226	0.0789262	0.238515	0.413766	
-0.330613	-0.391215	-0.4373	-0.452342	-0.44507	-0.412816	-0.349095	-0.258668	-0.155748	-0.0567191	0.0181453	0.0558504	0.067271	0.0561898	0.0135392	-0.0556216	-0.153849	-0.258433	-0.32067	-0.320535	-0.260514	-0.158619	-0.0333424	0.105472	0.273573	
-0.375709	-0.440925	-0.485263	-0.496167	-0.478509	-0.432887	-0.352342	-0.23891	-0.114389	0.0046578	0.102822	0.158178	0.178303	0.160482	0.112922	0.0367356	-0.0738803	-0.195407	-0.276029	-0.293215	-0.259508	-0.193632	-0.102629	0.00690912	0.144398	
-0.427333	-0.491029	-0.525594	-0.522825	-0.491206	-0.43671	-0.34431	-0.220789	-0.0828603	0.0551037	0.171463	0.251155	0.286698	0.272806	0.224865	0.148601	0.0407474	-0.0804586	-0.174865	-0.216298	-0.217375	-0.185905	-0.13234	-0.0634376	0.0255449	
-0.46247	-0.517678	-0.539225	-0.525367	-0.482027	-0.418751	-0.324227	-0.199581	-0.0583011	0.0908378	0.222114	0.318464	0.374201	0.375484	0.334723	0.259146	0.154745	0.0393076	-0.0605051	-0.127732	-0.165053	-0.167912	-0.151721	-0.13005	-0.0928381	
-0.470217	-0.511647	-0.526936	-0.51487	-0.465262	-0.391903	-0.292235	-0.168053	-0.0332325	0.114079	0.253696	0.368269	0.442486	0.459686	0.429142	0.350514	0.243324	0.130806	0.0249988	-0.0585569	-0.122282	-0.158509	-0.176838	-0.190738	-0.194377	
-0.474072	-0.494712	-0.498927	-0.483431	-0.432775	-0.354496	-0.251007	-0.135493	-0.0168624	0.115206	0.250946	0.38126	0.475313	0.504663	0.477016	0.402709	0.300188	0.189236	0.0813341	-0.00982682	-0.0896459	-0.152647	-0.206178	-0.248178	-0.273168	
-0.479827	-0.477524	-0.464465	-0.437735	-0.383303	-0.310436	-0.223088	-0.12541	-0.0267126	0.0838301	0.20954	0.341777	0.450899	0.496192	0.47757	0.414041	0.326339	0.221291	0.108157	0.00863991	-0.0751752	-0.156555	-0.231152	-0.288419	-0.325011	
-0.469263	-0.451612	-0.425244	-0.388483	-0.337344	-0.274647	-0.212641	-0.14692	-0.0719837	0.0222843	0.135933	0.254663	0.360325	0.419483	0.418362	0.371825	0.303836	0.213373	0.104694	0.00476921	-0.0820504	-0.168238	-0.25105	-0.316782	-0.363945	
-0.417896	-0.384891	-0.354349	-0.323527	-0.28901	-0.247612	-0.205805	-0.172628	-0.127408	-0.0524423	0.0481694	0.146543	0.234524	0.292478	0.308495	0.283012	0.233185	0.16429	0.0751809	-0.0190248	-0.104323	-0.189874	-0.267351	-0.330992	-0.385353	
