-0.129009	-0.126563	-0.124302	-0.123971	-0.121849	-0.123603	-0.121859	-0.125045	-0.124657	-0.128251	-0.130491	-0.133403	-0.138487	-0.139454	-0.143475	-0.138455	-0.128551	-0.103927	-0.0564115	0.0128296	0.115593	0.236162	0.360047	0.464292	0.506442	
-0.188015	-0.1851	-0.18126	-0.179129	-0.178374	-0.177355	-0.179466	-0.179536	-0.184642	-0.185783	-0.193716	-0.196194	-0.205226	-0.208505	-0.213098	-0.211164	-0.198203	-0.172065	-0.119608	-0.041338	0.0635289	0.190202	0.30563	0.395061	0.416718	
-0.27935	-0.276743	-0.270943	-0.268953	-0.267614	-0.26623	-0.269195	-0.268888	-0.275466	-0.277027	-0.28596	-0.289937	-0.298772	-0.303308	-0.306291	-0.301874	-0.285316	-0.249301	-0.190039	-0.0972345	0.0152218	0.146696	0.259959	0.332098	0.336309	
-0.37797	-0.373735	-0.3681	-0.366467	-0.363771	-0.364202	-0.364953	-0.367407	-0.371251	-0.37611	-0.381956	-0.389008	-0.394543	-0.400277	-0.399264	-0.391688	-0.368175	-0.323195	-0.251398	-0.147776	-0.0214393	0.111581	0.226459	0.285403	0.276562	
-0.472633	-0.466873	-0.464612	-0.461608	-0.46042	-0.460523	-0.460672	-0.463819	-0.465277	-0.471087	-0.473392	-0.480303	-0.481469	-0.484242	-0.476957	-0.461833	-0.427316	-0.369496	-0.281095	-0.162959	-0.0228048	0.116495	0.22902	0.281063	0.259775	
-0.540028	-0.537798	-0.536358	-0.53489	-0.53417	-0.534113	-0.534361	-0.535774	-0.536827	-0.539218	-0.540241	-0.541745	-0.539692	-0.534338	-0.51979	-0.492117	-0.443986	-0.36761	-0.260448	-0.121854	0.0332412	0.18182	0.29531	0.339849	0.312111	
-0.548936	-0.549508	-0.55128	-0.551655	-0.551654	-0.552437	-0.551132	-0.552262	-0.549523	-0.55033	-0.545251	-0.543253	-0.53262	-0.520275	-0.493967	-0.453607	-0.389036	-0.294464	-0.166748	-0.0120649	0.1591	0.30984	0.42286	0.458493	0.419612	
-0.486276	-0.490329	-0.495915	-0.497766	-0.499229	-0.500161	-0.497819	-0.497604	-0.491836	-0.488966	-0.479606	-0.470533	-0.454284	-0.430789	-0.395441	-0.340115	-0.260189	-0.148893	-0.00246547	0.164989	0.343851	0.495614	0.594561	0.620424	0.56344	
-0.355671	-0.364591	-0.371519	-0.374962	-0.378238	-0.377466	-0.377257	-0.372371	-0.368507	-0.358739	-0.349882	-0.332771	-0.313637	-0.281536	-0.237811	-0.172071	-0.0786476	0.0462812	0.204716	0.383659	0.561779	0.710068	0.793874	0.801111	0.730247	
-0.178874	-0.189519	-0.198223	-0.202704	-0.206515	-0.206022	-0.205064	-0.199906	-0.193736	-0.183373	-0.170491	-0.152011	-0.127241	-0.0912397	-0.0403132	0.0339745	0.136126	0.272368	0.438136	0.621068	0.796586	0.932125	0.998877	0.986912	0.89785	
0.0234762	0.0102806	0.00175315	-0.00432606	-0.0076335	-0.00781566	-0.00626764	-0.000567214	0.00595959	0.0184908	0.0314938	0.0540617	0.0798081	0.121875	0.1771	0.259093	0.370057	0.513502	0.686335	0.869671	1.03723	1.15986	1.20259	1.16924	1.06098	
0.241181	0.227525	0.21847	0.212839	0.208415	0.209561	0.209567	0.217028	0.222264	0.23623	0.249251	0.272469	0.300665	0.343543	0.403998	0.489354	0.606084	0.755086	0.92753	1.10955	1.26331	1.36725	1.38674	1.32584	1.1976	
0.458121	0.444287	0.436623	0.429913	0.427257	0.426648	0.428501	0.43376	0.440688	0.452392	0.466634	0.488447	0.517248	0.560989	0.621941	0.710687	0.827871	0.978084	1.14656	1.31718	1.4539	1.52959	1.51944	1.42712	1.27196	
0.643388	0.631927	0.625723	0.620158	0.61823	0.617522	0.619158	0.623265	0.628904	0.638536	0.65069	0.669647	0.696557	0.737109	0.797636	0.883205	1.00023	1.14482	1.30609	1.46138	1.57515	1.62171	1.57845	1.4533	1.27076	
0.769652	0.761831	0.757994	0.754583	0.753372	0.753097	0.753922	0.75654	0.760036	0.766246	0.775098	0.789284	0.811989	0.847847	0.903462	0.985361	1.09539	1.23388	1.38098	1.51875	1.60653	1.62157	1.54723	1.39122	1.18538	
0.808957	0.804835	0.804471	0.802239	0.803371	0.801885	0.803425	0.802787	0.805128	0.806483	0.812443	0.820934	0.839747	0.870184	0.92206	0.998937	1.10487	1.23477	1.37228	1.49052	1.55752	1.54283	1.44239	1.26128	1.03708	
0.763506	0.764044	0.76518	0.766057	0.767375	0.766704	0.7672	0.765039	0.765044	0.76304	0.765457	0.769755	0.78454	0.811257	0.859797	0.933778	1.03633	1.16104	1.28969	1.39487	1.44287	1.40882	1.28749	1.09264	0.858658	
0.654831	0.656474	0.659755	0.661259	0.66345	0.66286	0.662705	0.659988	0.658125	0.654893	0.655032	0.657817	0.671129	0.697114	0.745836	0.820451	0.923213	1.04678	1.17055	1.26624	1.30205	1.25106	1.11882	0.913316	0.678083	
0.510689	0.514278	0.51696	0.519465	0.521956	0.520796	0.521642	0.517013	0.516496	0.510927	0.512479	0.514031	0.529118	0.556535	0.608356	0.686691	0.79363	0.918653	1.04345	1.13309	1.16239	1.10241	0.961432	0.755543	0.519453	
0.369077	0.370784	0.373262	0.375628	0.377155	0.377258	0.376424	0.374183	0.371714	0.369409	0.36975	0.375267	0.391515	0.423688	0.480099	0.563878	0.676384	0.805415	0.930265	1.01861	1.04066	0.975151	0.830325	0.622968	0.393551	
0.243105	0.244403	0.245008	0.246841	0.248381	0.247528	0.248384	0.244868	0.245621	0.242311	0.247206	0.253356	0.275254	0.311446	0.37435	0.465313	0.584073	0.71832	0.846315	0.931626	0.951865	0.879454	0.731493	0.525566	0.296827	
0.14997	0.148533	0.148386	0.149448	0.150064	0.150036	0.14981	0.148682	0.148277	0.148972	0.153232	0.164806	0.188127	0.230509	0.298359	0.394972	0.520312	0.657571	0.787228	0.871678	0.88587	0.811588	0.659604	0.454768	0.231555	
0.0834077	0.0812689	0.0790603	0.0798699	0.0797445	0.0797113	0.0800746	0.0789627	0.0807554	0.081488	0.0897502	0.102167	0.131009	0.176625	0.25037	0.352998	0.482366	0.624375	0.753877	0.835736	0.846515	0.764936	0.610529	0.404675	0.181482	
0.0425107	0.0380381	0.0358818	0.0354549	0.0355176	0.035156	0.0356582	0.0353798	0.0369961	0.0401342	0.0480394	0.0645397	0.0939652	0.144604	0.221434	0.328064	0.462205	0.604675	0.73559	0.814287	0.820005	0.736007	0.57689	0.371733	0.150944	
0.0181662	0.0137194	0.00967468	0.00989246	0.00859928	0.0092248	0.00909934	0.00974069	0.0119378	0.0156124	0.0257575	0.0427096	0.0759471	0.128128	0.20906	0.319059	0.454912	0.600166	0.728215	0.804615	0.805025	0.71491	0.552969	0.345863	0.124803	
0.0049691	-0.0013791	-0.00456225	-0.00580993	-0.00611589	-0.00650527	-0.00581442	-0.00540817	-0.00289091	0.0018003	0.0117267	0.0312171	0.0644179	0.120145	0.202479	0.315182	0.453721	0.598315	0.727136	0.799465	0.796351	0.70298	0.537321	0.329838	0.109545	
-0.0013791	-0.00697869	-0.0118355	-0.0119239	-0.0136653	-0.0128222	-0.0130987	-0.0117362	-0.00934364	-0.0042447	0.00677104	0.0262465	0.0617529	0.117811	0.202701	0.316743	0.455904	0.601624	0.727347	0.797986	0.789883	0.6928	0.524385	0.315941	0.0952074	
-0.00456225	-0.0118355	-0.0155265	-0.0169966	-0.0176816	-0.0177802	-0.0173633	-0.0162925	-0.0137251	-0.00801472	0.00270334	0.0238349	0.0590614	0.117476	0.202888	0.318733	0.459152	0.604328	0.73024	0.79775	0.787574	0.687433	0.517133	0.307339	0.0872216	
-0.00580993	-0.0119239	-0.0169966	-0.0173169	-0.0190416	-0.0183186	-0.0184451	-0.017029	-0.0144112	-0.00885526	0.00255982	0.0232383	0.0596966	0.117853	0.204507	0.320643	0.461256	0.606642	0.730824	0.797381	0.784325	0.682927	0.510522	0.301359	0.0803922	
-0.00611589	-0.0136653	-0.0176816	-0.0190416	-0.0201103	-0.0198125	-0.019811	-0.018188	-0.0158773	-0.00957057	0.00135421	0.0231555	0.0593314	0.118691	0.20558	0.322546	0.463628	0.608932	0.732927	0.798244	0.784303	0.680922	0.508491	0.297366	0.0774479	
-0.00650527	-0.0128222	-0.0177802	-0.0183186	-0.0198125	-0.0193542	-0.0192109	-0.0180118	-0.0152003	-0.0096351	0.00181466	0.0229109	0.0593241	0.118295	0.205073	0.321928	0.462867	0.608006	0.732123	0.797316	0.783288	0.680823	0.507274	0.298163	0.0769769	
-0.00581442	-0.0130987	-0.0173633	-0.0184451	-0.019811	-0.0192109	-0.0194996	-0.0176315	-0.0154983	-0.00914757	0.00180889	0.0233302	0.0597085	0.118525	0.205544	0.322087	0.463009	0.608509	0.732296	0.798326	0.784646	0.681625	0.509758	0.298512	0.0786489	
-0.00540817	-0.0117362	-0.0162925	-0.017029	-0.018188	-0.0180118	-0.0176315	-0.0166967	-0.0138857	-0.00849731	0.00251232	0.0234413	0.0588401	0.11739	0.202856	0.319008	0.459413	0.604466	0.730085	0.79694	0.785787	0.685755	0.513912	0.30561	0.0844932	
-0.00289091	-0.00934364	-0.0137251	-0.0144112	-0.0158773	-0.0152003	-0.0154983	-0.0138857	-0.0116828	-0.00603904	0.00488546	0.0250687	0.0608718	0.117715	0.203324	0.318067	0.457791	0.603609	0.728876	0.798357	0.789117	0.689892	0.521285	0.311152	0.0910187	
0.0018003	-0.0042447	-0.00801472	-0.00885526	-0.00957057	-0.0096351	-0.00914757	-0.00849731	-0.00603904	-0.00106894	0.00888912	0.0288615	0.0622328	0.118745	0.20146	0.314995	0.453828	0.59852	0.72674	0.798038	0.79317	0.698943	0.531612	0.324701	0.103984	
0.0117267	0.00677104	0.00270334	0.00255982	0.00135421	0.00181466	0.00180889	0.00251232	0.00488546	0.00888912	0.0193731	0.0370132	0.0709222	0.124225	0.206206	0.317459	0.454211	0.59981	0.727547	0.802479	0.801321	0.709015	0.546024	0.338064	0.117184	
0.0312171	0.0262465	0.0238349	0.0232383	0.0231555	0.0229109	0.0233302	0.0234413	0.0250687	0.0288615	0.0370132	0.0544614	0.0846079	0.136541	0.214628	0.322678	0.457927	0.600994	0.731536	0.809033	0.812847	0.726917	0.566484	0.360962	0.140346	
0.0644179	0.0617529	0.0590614	0.0596966	0.0593314	0.0593241	0.0597085	0.0588401	0.0608718	0.0622328	0.0709222	0.0846079	0.114189	0.161836	0.236824	0.341729	0.472439	0.615529	0.745041	0.825802	0.834598	0.751438	0.595309	0.389629	0.167034	
0.120145	0.117811	0.117476	0.117853	0.118691	0.118295	0.118525	0.11739	0.117715	0.118745	0.124225	0.136541	0.161836	0.205603	0.276121	0.374734	0.502495	0.641124	0.771414	0.854734	0.867789	0.790767	0.638143	0.432788	0.210044	
0.202479	0.202701	0.202888	0.204507	0.20558	0.205073	0.205544	0.202856	0.203324	0.20146	0.206206	0.214628	0.236824	0.276121	0.340247	0.434499	0.555026	0.691263	0.819521	0.904543	0.922363	0.849018	0.69929	0.493973	0.267472	
0.315182	0.316743	0.318733	0.320643	0.322546	0.321928	0.322087	0.319008	0.318067	0.314995	0.317459	0.322678	0.341729	0.374734	0.434499	0.52042	0.636071	0.76688	0.893272	0.980367	1.00193	0.933322	0.787692	0.580633	0.351319	
0.453721	0.455904	0.459152	0.461256	0.463628	0.462867	0.463009	0.459413	0.457791	0.453828	0.454211	0.457927	0.472439	0.502495	0.555026	0.636071	0.744426	0.871093	0.995438	1.08434	1.11018	1.04785	0.904957	0.698019	0.465311	
0.598315	0.601624	0.604328	0.606642	0.608932	0.608006	0.608509	0.604466	0.603609	0.59852	0.59981	0.600994	0.615529	0.641124	0.691263	0.76688	0.871093	0.995128	1.11909	1.21199	1.24525	1.18995	1.05384	0.848095	0.611131	
0.727136	0.727347	0.73024	0.730824	0.732927	0.732123	0.732296	0.730085	0.728876	0.72674	0.727547	0.731536	0.745041	0.771414	0.819521	0.893272	0.995438	1.11909	1.24489	1.34583	1.38773	1.34604	1.21994	1.01906	0.785156	
0.799465	0.797986	0.79775	0.797381	0.798244	0.797316	0.798326	0.79694	0.798357	0.798038	0.802479	0.809033	0.825802	0.854734	0.904543	0.980367	1.08434	1.21199	1.34583	1.45831	1.51745	1.49474	1.38448	1.19798	0.968016	
0.796351	0.789883	0.787574	0.784325	0.784303	0.783288	0.784646	0.785787	0.789117	0.79317	0.801321	0.812847	0.834598	0.867789	0.922363	1.00193	1.11018	1.24525	1.38773	1.51745	1.59623	1.59787	1.51301	1.34496	1.13125	
0.70298	0.6928	0.687433	0.682927	0.680922	0.680823	0.681625	0.685755	0.689892	0.698943	0.709015	0.726917	0.751438	0.790767	0.849018	0.933322	1.04785	1.18995	1.34604	1.49474	1.59787	1.6329	1.57624	1.43906	1.24677	
0.537321	0.524385	0.517133	0.510522	0.508491	0.507274	0.509758	0.513912	0.521285	0.531612	0.546024	0.566484	0.595309	0.638143	0.69929	0.787692	0.904957	1.05384	1.21994	1.38448	1.51301	1.57624	1.55326	1.44742	1.28049	
0.329838	0.315941	0.307339	0.301359	0.297366	0.298163	0.298512	0.30561	0.311152	0.324701	0.338064	0.360962	0.389629	0.432788	0.493973	0.580633	0.698019	0.848095	1.01906	1.19798	1.34496	1.43906	1.44742	1.37447	1.23662	
0.109545	0.0952074	0.0872216	0.0803922	0.0774479	0.0769769	0.0786489	0.0844932	0.0910187	0.103984	0.117184	0.140346	0.167034	0.210044	0.267472	0.351319	0.465311	0.611131	0.785156	0.968016	1.13125	1.24677	1.28049	1.23662	1.12038	
