-0.748126	-0.64238	-0.510885	-0.364431	-0.212487	-0.0724671	0.0334161	0.0984719	0.132116	0.157294	0.189681	0.230602	0.283584	0.341925	0.414906	0.498762	0.575617	0.637681	0.684631	0.740244	0.815593	0.888024	0.928702	0.931166	0.91363	
-0.64238	-0.552774	-0.438766	-0.310241	-0.177458	-0.0514457	0.0457739	0.108357	0.133244	0.144265	0.15946	0.173882	0.205064	0.24501	0.304918	0.385666	0.469698	0.537186	0.593433	0.658587	0.734685	0.797689	0.829236	0.82428	0.80481	
-0.510885	-0.438766	-0.345989	-0.235403	-0.125402	-0.0121639	0.0831128	0.145701	0.166513	0.167093	0.166007	0.159133	0.158034	0.171555	0.210754	0.281789	0.363438	0.433585	0.496542	0.567154	0.632902	0.677862	0.69524	0.682963	0.659172	
-0.364431	-0.310241	-0.235403	-0.145175	-0.0511768	0.0509324	0.140004	0.200331	0.2251	0.22664	0.222755	0.204333	0.178256	0.162365	0.170496	0.214737	0.284925	0.357592	0.425365	0.490751	0.537309	0.55975	0.564421	0.542992	0.510624	
-0.212487	-0.177458	-0.125402	-0.0511768	0.0416142	0.135791	0.215711	0.277539	0.307162	0.315686	0.315696	0.300988	0.273262	0.23624	0.211027	0.224574	0.273922	0.337354	0.395827	0.438831	0.460245	0.460774	0.445932	0.413228	0.369323	
-0.0724671	-0.0514457	-0.0121639	0.0509324	0.135791	0.22485	0.298939	0.363882	0.401949	0.415539	0.428412	0.429598	0.406477	0.362568	0.322379	0.312134	0.337008	0.375319	0.405252	0.418275	0.411188	0.383952	0.344103	0.289537	0.23048	
0.0334161	0.0457739	0.0831128	0.140004	0.215711	0.298939	0.375407	0.446721	0.496772	0.529187	0.559221	0.570184	0.553329	0.516039	0.474385	0.4493	0.447666	0.454321	0.451688	0.430131	0.390634	0.337152	0.26943	0.195876	0.114795	
0.0984719	0.108357	0.145701	0.200331	0.277539	0.363882	0.446721	0.527589	0.598314	0.654332	0.697929	0.715644	0.711388	0.68546	0.646911	0.609172	0.59223	0.574327	0.5413	0.483473	0.403251	0.315377	0.223386	0.12702	0.0243641	
0.132116	0.133244	0.166513	0.2251	0.307162	0.401949	0.496772	0.598314	0.691365	0.768992	0.828189	0.864519	0.88032	0.863125	0.824327	0.781512	0.747258	0.7084	0.645987	0.551048	0.431062	0.306794	0.189322	0.0703296	-0.0551811	
0.157294	0.144265	0.167093	0.22664	0.315686	0.415539	0.529187	0.654332	0.768992	0.866199	0.950592	1.00855	1.0365	1.02673	0.988636	0.939439	0.88573	0.818242	0.727355	0.601793	0.450352	0.303009	0.16077	0.0148466	-0.12861	
0.189681	0.15946	0.166007	0.222755	0.315696	0.428412	0.559221	0.697929	0.828189	0.950592	1.0556	1.12437	1.157	1.15123	1.11553	1.05827	0.981599	0.885188	0.763889	0.611028	0.443761	0.281842	0.120918	-0.0460956	-0.196085	
0.230602	0.173882	0.159133	0.204333	0.300988	0.429598	0.570184	0.715644	0.864519	1.00855	1.12437	1.19926	1.23565	1.23566	1.19711	1.12598	1.02189	0.893978	0.740495	0.566885	0.388534	0.217197	0.0482881	-0.117462	-0.255404	
0.283584	0.205064	0.158034	0.178256	0.273262	0.406477	0.553329	0.711388	0.88032	1.0365	1.157	1.23565	1.27606	1.28192	1.23371	1.14018	1.00603	0.845034	0.666165	0.476408	0.287202	0.109715	-0.0521837	-0.197077	-0.311494	
0.341925	0.24501	0.171555	0.162365	0.23624	0.362568	0.516039	0.68546	0.863125	1.02673	1.15123	1.23566	1.28192	1.28485	1.22429	1.10299	0.937395	0.748419	0.54552	0.343659	0.152392	-0.0180303	-0.157154	-0.273168	-0.361584	
0.414906	0.304918	0.210754	0.170496	0.211027	0.322379	0.474385	0.646911	0.824327	0.988636	1.11553	1.19711	1.23371	1.22429	1.14467	1.00535	0.821141	0.61253	0.395003	0.189958	0.00692988	-0.146048	-0.262913	-0.353813	-0.414248	
0.498762	0.385666	0.281789	0.214737	0.224574	0.312134	0.4493	0.609172	0.781512	0.939439	1.05827	1.12598	1.14018	1.10299	1.00535	0.84958	0.652638	0.435495	0.218259	0.0256893	-0.13514	-0.26384	-0.358148	-0.421188	-0.450851	
0.575617	0.469698	0.363438	0.284925	0.273922	0.337008	0.447666	0.59223	0.747258	0.88573	0.981599	1.02189	1.00603	0.937395	0.821141	0.652638	0.449331	0.237116	0.0322889	-0.140346	-0.272618	-0.37186	-0.437958	-0.469137	-0.465439	
0.637681	0.537186	0.433585	0.357592	0.337354	0.375319	0.454321	0.574327	0.7084	0.818242	0.885188	0.893978	0.845034	0.748419	0.61253	0.435495	0.237116	0.0375025	-0.152354	-0.301904	-0.402663	-0.467024	-0.499224	-0.497284	-0.464833	
0.684631	0.593433	0.496542	0.425365	0.395827	0.405252	0.451688	0.5413	0.645987	0.727355	0.763889	0.740495	0.666165	0.54552	0.395003	0.218259	0.0322889	-0.152354	-0.321986	-0.444014	-0.509676	-0.536661	-0.531332	-0.499518	-0.44756	
0.740244	0.658587	0.567154	0.490751	0.438831	0.418275	0.430131	0.483473	0.551048	0.601793	0.611028	0.566885	0.476408	0.343659	0.189958	0.0256893	-0.140346	-0.301904	-0.444014	-0.533883	-0.569373	-0.56199	-0.525466	-0.477221	-0.416012	
0.815593	0.734685	0.632902	0.537309	0.460245	0.411188	0.390634	0.403251	0.431062	0.450352	0.443761	0.388534	0.287202	0.152392	0.00692988	-0.13514	-0.272618	-0.402663	-0.509676	-0.569373	-0.576106	-0.544939	-0.493897	-0.442543	-0.380931	
0.888024	0.797689	0.677862	0.55975	0.460774	0.383952	0.337152	0.315377	0.306794	0.303009	0.281842	0.217197	0.109715	-0.0180303	-0.146048	-0.26384	-0.37186	-0.467024	-0.536661	-0.56199	-0.544939	-0.501867	-0.453719	-0.404321	-0.344294	
0.928702	0.829236	0.69524	0.564421	0.445932	0.344103	0.26943	0.223386	0.189322	0.16077	0.120918	0.0482881	-0.0521837	-0.157154	-0.262913	-0.358148	-0.437958	-0.499224	-0.531332	-0.525466	-0.493897	-0.453719	-0.4124	-0.371036	-0.316489	
0.931166	0.82428	0.682963	0.542992	0.413228	0.289537	0.195876	0.12702	0.0703296	0.0148466	-0.0460956	-0.117462	-0.197077	-0.273168	-0.353813	-0.421188	-0.469137	-0.497284	-0.499518	-0.477221	-0.442543	-0.404321	-0.371036	-0.340916	-0.303677	
0.91363	0.80481	0.659172	0.510624	0.369323	0.23048	0.114795	0.0243641	-0.0551811	-0.12861	-0.196085	-0.255404	-0.311494	-0.361584	-0.414248	-0.450851	-0.465439	-0.464833	-0.44756	-0.416012	-0.380931	-0.344294	-0.316489	-0.303677	-0.286291	
0.885663	0.776605	0.629357	0.470013	0.314178	0.162892	0.0305031	-0.0823192	-0.178134	-0.257693	-0.31996	-0.364845	-0.398989	-0.420082	-0.438917	-0.445825	-0.437031	-0.415479	-0.382739	-0.344134	-0.310507	-0.282594	-0.264855	-0.260873	-0.258489	
0.84572	0.73639	0.585633	0.411408	0.243854	0.0885544	-0.0520005	-0.179616	-0.284603	-0.361871	-0.413899	-0.448086	-0.464734	-0.458267	-0.443493	-0.423739	-0.394716	-0.355169	-0.311944	-0.274136	-0.249171	-0.23676	-0.232043	-0.23391	-0.244687	
0.796131	0.674796	0.517197	0.34119	0.175564	0.0257205	-0.119477	-0.255433	-0.363013	-0.43001	-0.469679	-0.493866	-0.501746	-0.484939	-0.45051	-0.408455	-0.356209	-0.299048	-0.255123	-0.224872	-0.209543	-0.20389	-0.205408	-0.219929	-0.246234	
0.740855	0.604531	0.443345	0.276372	0.12433	-0.0148461	-0.160024	-0.297048	-0.399749	-0.462059	-0.495374	-0.516686	-0.523185	-0.507603	-0.463884	-0.401776	-0.328002	-0.25602	-0.211339	-0.191264	-0.182307	-0.182716	-0.189954	-0.21484	-0.256845	
0.695919	0.550346	0.389349	0.232143	0.0922308	-0.0412294	-0.183181	-0.31412	-0.411079	-0.473359	-0.511646	-0.53377	-0.539495	-0.521922	-0.471038	-0.39802	-0.313716	-0.233355	-0.185409	-0.166779	-0.167376	-0.177171	-0.191254	-0.219879	-0.266894	
0.687779	0.540392	0.379145	0.225332	0.0863527	-0.0451416	-0.18795	-0.315724	-0.41174	-0.47489	-0.514477	-0.537984	-0.542426	-0.524379	-0.471227	-0.396953	-0.312007	-0.229774	-0.180156	-0.161654	-0.163737	-0.177776	-0.192178	-0.22212	-0.269119	
0.719876	0.579014	0.41785	0.254894	0.108745	-0.0280698	-0.170891	-0.306002	-0.406309	-0.468072	-0.502714	-0.524033	-0.53084	-0.514705	-0.467798	-0.39997	-0.321101	-0.24501	-0.198409	-0.179742	-0.175285	-0.178684	-0.189042	-0.215916	-0.261199	
0.773851	0.646519	0.487105	0.313751	0.152962	0.00799113	-0.139002	-0.276288	-0.382936	-0.447076	-0.482284	-0.503811	-0.510989	-0.494263	-0.455737	-0.404463	-0.342942	-0.279442	-0.236079	-0.210552	-0.197446	-0.19376	-0.197004	-0.216504	-0.250374	
0.827547	0.71412	0.560271	0.3842	0.215325	0.0608018	-0.0816945	-0.213123	-0.320309	-0.393356	-0.440984	-0.471575	-0.482918	-0.470322	-0.446182	-0.41647	-0.378146	-0.331448	-0.287111	-0.251855	-0.230914	-0.2225	-0.221118	-0.227607	-0.243931	
0.870656	0.763049	0.615147	0.448639	0.287117	0.133396	-0.00372129	-0.123498	-0.223288	-0.303136	-0.361635	-0.401814	-0.428099	-0.43608	-0.440873	-0.437473	-0.421218	-0.392295	-0.354162	-0.314711	-0.283462	-0.261988	-0.249775	-0.247104	-0.249878	
0.904363	0.79456	0.647547	0.495616	0.349281	0.204636	0.0815859	-0.017986	-0.105501	-0.182247	-0.248858	-0.30233	-0.349671	-0.388711	-0.428543	-0.45241	-0.456705	-0.446557	-0.422606	-0.387866	-0.353261	-0.318458	-0.294406	-0.286707	-0.275742	
0.925194	0.817377	0.673837	0.530646	0.396266	0.266709	0.164123	0.0866937	0.020654	-0.0440743	-0.108959	-0.176163	-0.24606	-0.312397	-0.382007	-0.43695	-0.470883	-0.487031	-0.480576	-0.454807	-0.419527	-0.381767	-0.349979	-0.327306	-0.298632	
0.933334	0.830791	0.693697	0.558061	0.434843	0.322859	0.240765	0.185144	0.14269	0.103219	0.0536079	-0.0196182	-0.113185	-0.20632	-0.302564	-0.387783	-0.455222	-0.503164	-0.522033	-0.506807	-0.473963	-0.434397	-0.396608	-0.358497	-0.309961	
0.909941	0.81502	0.68844	0.565073	0.456906	0.370268	0.311478	0.279524	0.259309	0.24608	0.218132	0.149214	0.0431763	-0.0768016	-0.196279	-0.30516	-0.402333	-0.483311	-0.537534	-0.549562	-0.524771	-0.482884	-0.437346	-0.390153	-0.331317	
0.846305	0.762261	0.653516	0.548149	0.462463	0.401556	0.371014	0.367946	0.380345	0.389572	0.377776	0.31947	0.21438	0.0805321	-0.0583577	-0.191435	-0.315872	-0.432305	-0.525212	-0.571382	-0.568125	-0.529477	-0.478341	-0.427744	-0.365742	
0.769014	0.689032	0.595278	0.512711	0.450853	0.41883	0.416064	0.453626	0.505614	0.542953	0.544634	0.495626	0.400077	0.265537	0.113424	-0.042192	-0.197631	-0.346846	-0.475843	-0.554004	-0.577318	-0.559062	-0.514579	-0.463804	-0.402697	
0.704319	0.617156	0.523509	0.452275	0.414702	0.412188	0.445246	0.520933	0.611674	0.6817	0.705908	0.672366	0.591031	0.463936	0.310828	0.137487	-0.0417532	-0.218696	-0.377966	-0.487074	-0.540223	-0.552757	-0.533142	-0.492825	-0.43561	
0.656937	0.56029	0.459131	0.384981	0.361761	0.389443	0.455351	0.563501	0.686823	0.784869	0.840328	0.835924	0.774962	0.66824	0.525512	0.346886	0.153142	-0.0410973	-0.223683	-0.362794	-0.449469	-0.499532	-0.516575	-0.501841	-0.460594	
0.603324	0.498581	0.392861	0.315019	0.299145	0.351667	0.45052	0.586756	0.733481	0.861039	0.945615	0.973472	0.944174	0.863727	0.738929	0.567302	0.364419	0.15733	-0.041666	-0.206125	-0.325721	-0.411335	-0.465064	-0.482633	-0.467085	
0.530599	0.420546	0.314884	0.241591	0.241042	0.318915	0.445441	0.599953	0.767066	0.918467	1.02983	1.0882	1.09094	1.04128	0.936398	0.774637	0.574075	0.357005	0.143908	-0.0412284	-0.19039	-0.308259	-0.391732	-0.442806	-0.458589	
0.448651	0.335618	0.235814	0.183232	0.211075	0.31368	0.461936	0.630395	0.806979	0.969915	1.09483	1.17195	1.20073	1.18177	1.09499	0.949578	0.759799	0.546082	0.326815	0.125242	-0.0504841	-0.194635	-0.303619	-0.383753	-0.432131	
0.368973	0.265453	0.183081	0.162207	0.222757	0.344481	0.49881	0.67087	0.848842	1.01347	1.14001	1.22518	1.26955	1.26935	1.20108	1.07202	0.896773	0.698895	0.488575	0.283362	0.0945331	-0.0698352	-0.199661	-0.304757	-0.382928	
0.305726	0.220049	0.161234	0.169598	0.258652	0.390506	0.540187	0.703874	0.87751	1.03733	1.15933	1.24026	1.2832	1.28873	1.2366	1.13133	0.984386	0.8113	0.622702	0.427884	0.235709	0.0597634	-0.0936713	-0.227853	-0.331335	
0.250911	0.184811	0.157559	0.193989	0.291868	0.423746	0.566635	0.71587	0.873556	1.02351	1.14159	1.21816	1.25563	1.25892	1.21714	1.13858	1.02208	0.880727	0.716531	0.536156	0.353216	0.177995	0.00932105	-0.149081	-0.27897	
0.204442	0.164207	0.163668	0.216999	0.311001	0.430762	0.566521	0.708178	0.845074	0.9776	1.08778	1.1592	1.19356	1.18936	1.1536	1.0918	1.00458	0.895761	0.760906	0.599479	0.428142	0.262089	0.0961798	-0.0733902	-0.219923	
