-0.832216	-0.69172	-0.52812	-0.35111	-0.168746	0.00383402	0.165557	0.30193	0.411674	0.492463	0.545993	0.588399	0.620879	0.647038	0.661864	0.669322	0.681897	0.691658	0.693545	0.67237	0.63705	0.574912	0.466287	0.31291	0.127808	
-0.69172	-0.557368	-0.407291	-0.244241	-0.0760003	0.0847781	0.230103	0.353399	0.453395	0.524874	0.575077	0.61204	0.637512	0.647882	0.654826	0.661806	0.673998	0.689473	0.693106	0.680946	0.651066	0.587457	0.47203	0.298559	0.0989057	
-0.52812	-0.407291	-0.274028	-0.12874	0.0162589	0.154111	0.279745	0.389157	0.48195	0.544833	0.586167	0.609703	0.621481	0.615452	0.613632	0.622466	0.638835	0.658928	0.670168	0.667297	0.643236	0.579396	0.457216	0.281203	0.0752749	
-0.35111	-0.244241	-0.12874	-0.00825177	0.110774	0.228827	0.330973	0.424964	0.502959	0.561101	0.591664	0.601876	0.593768	0.576951	0.565903	0.573118	0.59246	0.620006	0.640879	0.647859	0.624713	0.56242	0.4403	0.268665	0.0637736	
-0.168746	-0.0760003	0.0162589	0.110774	0.205788	0.304309	0.391145	0.468107	0.5302	0.572568	0.594353	0.592847	0.569936	0.544991	0.528023	0.534725	0.559337	0.590566	0.615695	0.627683	0.609605	0.545253	0.422971	0.254486	0.0573396	
0.00383402	0.0847781	0.154111	0.228827	0.304309	0.387058	0.465387	0.527797	0.573005	0.592336	0.594286	0.57569	0.547098	0.524725	0.507098	0.507039	0.528096	0.559756	0.587553	0.605522	0.591823	0.526378	0.409267	0.250363	0.0631708	
0.165557	0.230103	0.279745	0.330973	0.391145	0.465387	0.541313	0.598938	0.622014	0.613839	0.589275	0.553384	0.522987	0.504195	0.48867	0.479238	0.493342	0.524375	0.552711	0.573784	0.559517	0.501129	0.397703	0.250448	0.0730286	
0.30193	0.353399	0.389157	0.424964	0.468107	0.527797	0.598938	0.65164	0.658918	0.625504	0.575465	0.528405	0.496891	0.479868	0.462826	0.45206	0.458246	0.481859	0.500668	0.516052	0.507057	0.46245	0.375687	0.244271	0.084164	
0.411674	0.453395	0.48195	0.502959	0.5302	0.573005	0.622014	0.658918	0.656796	0.612867	0.55317	0.497833	0.463943	0.453144	0.439686	0.42737	0.421766	0.425826	0.436512	0.444377	0.435458	0.399677	0.33331	0.22981	0.102851	
0.492463	0.524874	0.544833	0.561101	0.572568	0.592336	0.613839	0.625504	0.612867	0.567524	0.510689	0.465281	0.440727	0.435542	0.424752	0.40213	0.379436	0.36628	0.365411	0.365257	0.349326	0.322191	0.2841	0.212938	0.12156	
0.545993	0.575077	0.586167	0.591664	0.594353	0.594286	0.589275	0.575465	0.55317	0.510689	0.466532	0.437363	0.431313	0.433842	0.421147	0.388358	0.354837	0.323294	0.302087	0.288533	0.272651	0.260479	0.241019	0.194488	0.134868	
0.588399	0.61204	0.609703	0.601876	0.592847	0.57569	0.553384	0.528405	0.497833	0.465281	0.437363	0.42581	0.427808	0.430537	0.422398	0.392426	0.354139	0.300801	0.254736	0.232411	0.220625	0.214326	0.204117	0.182394	0.158417	
0.620879	0.637512	0.621481	0.593768	0.569936	0.547098	0.522987	0.496891	0.463943	0.440727	0.431313	0.427808	0.425943	0.422764	0.417502	0.397288	0.353934	0.291601	0.233568	0.200963	0.183265	0.173786	0.177348	0.188986	0.204281	
0.647038	0.647882	0.615452	0.576951	0.544991	0.524725	0.504195	0.479868	0.453144	0.435542	0.433842	0.430537	0.422764	0.417956	0.41142	0.387875	0.341519	0.281525	0.221813	0.173434	0.145914	0.141288	0.161699	0.202889	0.262964	
0.661864	0.654826	0.613632	0.565903	0.528023	0.507098	0.48867	0.462826	0.439686	0.424752	0.421147	0.422398	0.417502	0.41142	0.397359	0.363209	0.310639	0.249027	0.182007	0.126062	0.102449	0.112592	0.146562	0.213721	0.315976	
0.669322	0.661806	0.622466	0.573118	0.534725	0.507039	0.479238	0.45206	0.42737	0.40213	0.388358	0.392426	0.397288	0.387875	0.363209	0.322729	0.263118	0.196155	0.125463	0.0729827	0.0563801	0.074965	0.124732	0.214654	0.350911	
0.681897	0.673998	0.638835	0.59246	0.559337	0.528096	0.493342	0.458246	0.421766	0.379436	0.354837	0.354139	0.353934	0.341519	0.310639	0.263118	0.19453	0.124928	0.0626555	0.0162399	-0.00120404	0.0194181	0.0815941	0.191078	0.348612	
0.691658	0.689473	0.658928	0.620006	0.590566	0.559756	0.524375	0.481859	0.425826	0.36628	0.323294	0.300801	0.291601	0.281525	0.249027	0.196155	0.124928	0.0599074	-0.00241578	-0.0549507	-0.0793618	-0.0652213	-0.00251865	0.112366	0.286363	
0.693545	0.693106	0.670168	0.640879	0.615695	0.587553	0.552711	0.500668	0.436512	0.365411	0.302087	0.254736	0.233568	0.221813	0.182007	0.125463	0.0626555	-0.00241578	-0.0777331	-0.142863	-0.17658	-0.172404	-0.120186	-0.00914141	0.172386	
0.67237	0.680946	0.667297	0.647859	0.627683	0.605522	0.573784	0.516052	0.444377	0.365257	0.288533	0.232411	0.200963	0.173434	0.126062	0.0729827	0.0162399	-0.0549507	-0.142863	-0.21893	-0.263386	-0.274618	-0.239687	-0.140042	0.0355163	
0.63705	0.651066	0.643236	0.624713	0.609605	0.591823	0.559517	0.507057	0.435458	0.349326	0.272651	0.220625	0.183265	0.145914	0.102449	0.0563801	-0.00120404	-0.0793618	-0.17658	-0.263386	-0.324549	-0.35458	-0.341586	-0.266987	-0.108757	
0.574912	0.587457	0.579396	0.56242	0.545253	0.526378	0.501129	0.46245	0.399677	0.322191	0.260479	0.214326	0.173786	0.141288	0.112592	0.074965	0.0194181	-0.0652213	-0.172404	-0.274618	-0.35458	-0.401446	-0.40917	-0.363891	-0.233293	
0.466287	0.47203	0.457216	0.4403	0.422971	0.409267	0.397703	0.375687	0.33331	0.2841	0.241019	0.204117	0.177348	0.161699	0.146562	0.124732	0.0815941	-0.00251865	-0.120186	-0.239687	-0.341586	-0.40917	-0.438334	-0.41699	-0.314745	
0.31291	0.298559	0.281203	0.268665	0.254486	0.250363	0.250448	0.244271	0.22981	0.212938	0.194488	0.182394	0.188986	0.202889	0.213721	0.214654	0.191078	0.112366	-0.00914141	-0.140042	-0.266987	-0.363891	-0.41699	-0.418825	-0.335008	
0.127808	0.0989057	0.0752749	0.0637736	0.0573396	0.0631708	0.0730286	0.084164	0.102851	0.12156	0.134868	0.158417	0.204281	0.262964	0.315976	0.350911	0.348612	0.286363	0.172386	0.0355163	-0.108757	-0.233293	-0.314745	-0.335008	-0.273177	
-0.0641584	-0.109038	-0.139887	-0.152909	-0.152392	-0.139928	-0.119073	-0.0801018	-0.0294946	0.0226229	0.0765736	0.144335	0.236148	0.34572	0.449654	0.521916	0.549697	0.514252	0.413628	0.274189	0.116421	-0.0310244	-0.134122	-0.170517	-0.123528	
-0.24038	-0.304367	-0.344767	-0.359957	-0.354977	-0.336782	-0.302183	-0.24547	-0.17117	-0.0858436	0.017989	0.141595	0.287116	0.452089	0.605112	0.716201	0.770993	0.758789	0.672311	0.528613	0.354099	0.188911	0.0721844	0.028835	0.0749908	
-0.399377	-0.463331	-0.507702	-0.530325	-0.531445	-0.513856	-0.469943	-0.398248	-0.303099	-0.183224	-0.0330643	0.147752	0.35141	0.564571	0.759291	0.907711	0.983931	0.986528	0.912008	0.765127	0.578937	0.403409	0.278858	0.231808	0.283232	
-0.521105	-0.578007	-0.61232	-0.639105	-0.648957	-0.63734	-0.593632	-0.51779	-0.40569	-0.25691	-0.0634562	0.168173	0.417729	0.666885	0.890657	1.0635	1.15651	1.16975	1.10268	0.961779	0.777615	0.598582	0.47156	0.42502	0.478286	
-0.5958	-0.63866	-0.663963	-0.693319	-0.708223	-0.701226	-0.662806	-0.590021	-0.473248	-0.307019	-0.0841074	0.182594	0.464806	0.738566	0.975321	1.15858	1.26602	1.29014	1.22577	1.09012	0.911287	0.724897	0.592391	0.551638	0.605486	
-0.608013	-0.648174	-0.672474	-0.701908	-0.717146	-0.711377	-0.674357	-0.602605	-0.485363	-0.31668	-0.0888714	0.184579	0.473883	0.752244	0.989798	1.17504	1.28581	1.31233	1.24756	1.11248	0.93566	0.747098	0.612181	0.573952	0.627911	
-0.557535	-0.609372	-0.638265	-0.66631	-0.679352	-0.669978	-0.628253	-0.553152	-0.437875	-0.280088	-0.0721925	0.175258	0.440039	0.7008	0.931954	1.10964	1.21012	1.22788	1.16172	1.02375	0.842164	0.660305	0.531517	0.486522	0.540752	
-0.453012	-0.514961	-0.557132	-0.581927	-0.58601	-0.570335	-0.525669	-0.451198	-0.347709	-0.2151	-0.0473335	0.154691	0.378683	0.607891	0.815565	0.975992	1.05853	1.06598	0.995488	0.849847	0.662735	0.485681	0.360294	0.312994	0.364976	
-0.307229	-0.373825	-0.415853	-0.433592	-0.430392	-0.411846	-0.372748	-0.308675	-0.226452	-0.128285	-0.0048144	0.142793	0.312287	0.496629	0.668756	0.795084	0.859405	0.853355	0.772424	0.627178	0.445811	0.275127	0.155405	0.109366	0.158358	
-0.136448	-0.190118	-0.225037	-0.238561	-0.234909	-0.219948	-0.193692	-0.14715	-0.085617	-0.0198229	0.0539856	0.142091	0.253945	0.386362	0.510058	0.597882	0.637048	0.612172	0.517162	0.376094	0.21245	0.0573665	-0.0524176	-0.092212	-0.0476771	
0.0496888	0.0154962	-0.0100688	-0.0220433	-0.0262824	-0.0174007	-0.00359496	0.0192255	0.0507248	0.0828074	0.111031	0.151442	0.21518	0.2933	0.366196	0.415339	0.425437	0.373544	0.263553	0.125863	-0.023561	-0.157937	-0.248893	-0.27684	-0.221972	
0.242409	0.220726	0.200961	0.188783	0.177853	0.178555	0.183097	0.181809	0.180312	0.177447	0.171229	0.172016	0.193665	0.2243	0.250367	0.264223	0.248028	0.173871	0.0549878	-0.0791439	-0.214207	-0.323113	-0.387744	-0.396619	-0.321773	
0.408697	0.40839	0.3924	0.376807	0.359637	0.349475	0.342855	0.327757	0.296069	0.260469	0.225453	0.196513	0.181265	0.17578	0.168829	0.155314	0.119559	0.0369161	-0.083779	-0.208242	-0.320754	-0.399298	-0.437217	-0.425928	-0.331439	
0.538094	0.548713	0.537468	0.521113	0.503499	0.485537	0.46624	0.433968	0.377507	0.309149	0.254844	0.212074	0.174083	0.146711	0.123	0.0911185	0.0392192	-0.0461889	-0.157929	-0.267763	-0.355354	-0.408939	-0.425373	-0.390022	-0.272047	
0.616457	0.630611	0.623167	0.605217	0.590046	0.57165	0.540771	0.493517	0.424467	0.339323	0.267156	0.217273	0.177629	0.141565	0.103731	0.0598078	0.00191861	-0.0790423	-0.179393	-0.271942	-0.340984	-0.377959	-0.373932	-0.311198	-0.162897	
0.659956	0.67201	0.661147	0.643291	0.625686	0.605771	0.573764	0.516576	0.444017	0.361257	0.281857	0.227161	0.192984	0.159844	0.111674	0.0619756	0.00486315	-0.0688084	-0.160994	-0.240712	-0.29095	-0.309759	-0.283576	-0.191775	-0.0219601	
0.687527	0.690102	0.671015	0.645802	0.622091	0.596288	0.563007	0.507783	0.440203	0.366355	0.296916	0.243371	0.217678	0.200215	0.157004	0.100765	0.0419901	-0.025231	-0.106107	-0.176502	-0.213902	-0.215382	-0.16928	-0.0617352	0.119101	
0.694163	0.693066	0.664555	0.62941	0.601934	0.571686	0.537088	0.490022	0.429876	0.365173	0.312961	0.279566	0.266061	0.257479	0.222569	0.167484	0.0984467	0.0349518	-0.0318339	-0.0897147	-0.117643	-0.106715	-0.0474913	0.0670598	0.245054	
0.686363	0.680515	0.647464	0.60338	0.571367	0.54041	0.504686	0.467291	0.422474	0.372422	0.341425	0.334673	0.330792	0.317916	0.286815	0.237275	0.1665	0.098042	0.0373524	-0.00910144	-0.0291394	-0.0102736	0.0538435	0.166614	0.332067	
0.674311	0.665711	0.627556	0.57881	0.543353	0.51375	0.482086	0.451152	0.42373	0.392619	0.375148	0.377916	0.382699	0.371493	0.343531	0.300548	0.237303	0.168068	0.100805	0.0505771	0.0347943	0.0553595	0.11086	0.210237	0.355486	
0.664973	0.657345	0.616576	0.567041	0.527714	0.504317	0.483007	0.457603	0.434218	0.416257	0.409118	0.412274	0.411805	0.404932	0.386348	0.349445	0.294237	0.231191	0.160383	0.10531	0.0844963	0.0989726	0.139511	0.214956	0.332557	
0.654702	0.650874	0.612784	0.570507	0.536354	0.516266	0.497529	0.472866	0.448502	0.432782	0.431935	0.429896	0.421156	0.415635	0.40744	0.379755	0.331067	0.270794	0.2094	0.156322	0.129755	0.129976	0.155677	0.208295	0.285333	
0.632099	0.642654	0.620864	0.587998	0.560029	0.538046	0.514236	0.488748	0.458231	0.438062	0.432927	0.429556	0.424797	0.421023	0.415462	0.395269	0.351155	0.289446	0.230442	0.1917	0.168949	0.159959	0.170336	0.194709	0.227968	
0.602412	0.62366	0.616631	0.600628	0.584802	0.56373	0.540052	0.513726	0.481059	0.452108	0.431441	0.425166	0.426836	0.427714	0.420791	0.395307	0.354628	0.295911	0.242796	0.217409	0.204281	0.197168	0.191486	0.18286	0.173681	
0.563956	0.591243	0.596408	0.597928	0.597102	0.589452	0.575436	0.555404	0.528969	0.4911	0.453212	0.430356	0.429091	0.433141	0.42247	0.38902	0.352587	0.311414	0.280671	0.263336	0.249292	0.240793	0.225849	0.18812	0.142008	
