-0.367977	-0.282472	-0.199651	-0.148227	-0.127811	-0.124959	-0.136953	-0.175263	-0.246988	-0.3358	-0.406859	-0.443198	-0.456583	-0.463846	-0.475452	-0.473349	-0.433942	-0.350461	-0.239219	-0.119446	0.00357224	0.125116	0.222891	0.277933	0.269558	
-0.411946	-0.313903	-0.229836	-0.178314	-0.160886	-0.16008	-0.167962	-0.204447	-0.277746	-0.373212	-0.458908	-0.500745	-0.502748	-0.482952	-0.457212	-0.413481	-0.339046	-0.234674	-0.11852	0.00163659	0.116274	0.215118	0.283316	0.303662	0.261709	
-0.443565	-0.346852	-0.264854	-0.219621	-0.206385	-0.2049	-0.211868	-0.241787	-0.310351	-0.405343	-0.492114	-0.535831	-0.527932	-0.48371	-0.423327	-0.337292	-0.234571	-0.120354	-0.00524442	0.106176	0.211377	0.298201	0.344704	0.33939	0.273139	
-0.474247	-0.387813	-0.316447	-0.277801	-0.267276	-0.26673	-0.27166	-0.296547	-0.356271	-0.439961	-0.516671	-0.551265	-0.532324	-0.471927	-0.377752	-0.256534	-0.130787	-0.0100704	0.101435	0.198017	0.285908	0.356438	0.388161	0.357674	0.269702	
-0.496501	-0.430339	-0.374422	-0.349758	-0.344114	-0.344102	-0.345951	-0.361372	-0.404738	-0.471015	-0.527435	-0.546147	-0.513893	-0.438512	-0.319225	-0.171539	-0.0294634	0.0947736	0.201218	0.278741	0.333919	0.377705	0.388836	0.338805	0.236331	
-0.499682	-0.458916	-0.431087	-0.424691	-0.430591	-0.432533	-0.426355	-0.426196	-0.445931	-0.483016	-0.517594	-0.516231	-0.469752	-0.384991	-0.253785	-0.0972887	0.0489021	0.17447	0.275437	0.335467	0.361992	0.373052	0.354269	0.284633	0.174169	
-0.489866	-0.475246	-0.471023	-0.484299	-0.49874	-0.50079	-0.490825	-0.475127	-0.471341	-0.483907	-0.495033	-0.480576	-0.424815	-0.3276	-0.194444	-0.0383741	0.108784	0.228623	0.316846	0.359038	0.359777	0.338702	0.284667	0.193295	0.0793644	
-0.472589	-0.475265	-0.488653	-0.508057	-0.525602	-0.529963	-0.515622	-0.496509	-0.479171	-0.472818	-0.470505	-0.447178	-0.38541	-0.281874	-0.14451	0.00644995	0.148414	0.259642	0.326167	0.344946	0.326883	0.274585	0.184176	0.0721416	-0.0405411	
-0.444415	-0.458977	-0.478229	-0.49906	-0.516373	-0.519814	-0.50732	-0.486622	-0.466096	-0.449847	-0.434349	-0.401749	-0.336631	-0.230275	-0.0983424	0.0409513	0.166052	0.26081	0.30616	0.305037	0.271158	0.198429	0.0828389	-0.0420179	-0.147157	
-0.411482	-0.433854	-0.453219	-0.472103	-0.487809	-0.489852	-0.479579	-0.46079	-0.441317	-0.421317	-0.392386	-0.345352	-0.275248	-0.17084	-0.0504719	0.0711891	0.173434	0.24699	0.277879	0.260562	0.20507	0.11619	-0.0048794	-0.124435	-0.209262	
-0.383162	-0.413622	-0.432353	-0.44614	-0.455286	-0.457427	-0.44963	-0.438623	-0.421931	-0.397406	-0.355006	-0.290675	-0.209138	-0.109549	0.00208928	0.105624	0.185093	0.238143	0.257641	0.228579	0.153948	0.048165	-0.0637164	-0.161193	-0.223381	
-0.351794	-0.400986	-0.432017	-0.449035	-0.456406	-0.456408	-0.45306	-0.439981	-0.416082	-0.373322	-0.311116	-0.228456	-0.136049	-0.0369326	0.0613834	0.146415	0.203408	0.235794	0.241916	0.210672	0.130452	0.0234621	-0.0777249	-0.151744	-0.187928	
-0.320038	-0.399811	-0.456048	-0.489491	-0.503263	-0.504987	-0.49702	-0.471976	-0.425266	-0.353961	-0.263985	-0.161277	-0.0532463	0.0507196	0.135216	0.193926	0.226876	0.235778	0.228468	0.196418	0.129524	0.0446093	-0.044113	-0.101361	-0.113123	
-0.287671	-0.397355	-0.485034	-0.542579	-0.573112	-0.578958	-0.558078	-0.511407	-0.436443	-0.332609	-0.215855	-0.0885717	0.0356098	0.141188	0.213564	0.243408	0.251394	0.247874	0.231877	0.202742	0.154523	0.0964124	0.0309436	-0.0143938	-0.011931	
-0.263051	-0.399474	-0.510045	-0.590496	-0.63562	-0.642993	-0.61319	-0.545451	-0.447886	-0.319528	-0.173889	-0.0214165	0.117394	0.223513	0.283237	0.298941	0.287643	0.268122	0.248273	0.220971	0.181208	0.147939	0.109197	0.0887561	0.0997587	
-0.221213	-0.385709	-0.525084	-0.624894	-0.680887	-0.690588	-0.65248	-0.56975	-0.446102	-0.288996	-0.115447	0.0618232	0.205993	0.302113	0.351717	0.360592	0.339002	0.301255	0.269742	0.246023	0.215413	0.193243	0.175329	0.177766	0.193831	
-0.165986	-0.355997	-0.5189	-0.633924	-0.695109	-0.705649	-0.665007	-0.570896	-0.426213	-0.243746	-0.0469211	0.144023	0.293147	0.385266	0.429836	0.43735	0.407644	0.354096	0.303641	0.270511	0.24684	0.228076	0.2175	0.227907	0.245027	
-0.103568	-0.307969	-0.484218	-0.610511	-0.679111	-0.690938	-0.645357	-0.54142	-0.382873	-0.186895	0.0217608	0.216902	0.370146	0.467995	0.511445	0.511893	0.474559	0.415288	0.35398	0.302934	0.269149	0.249353	0.235992	0.238145	0.247447	
-0.0266837	-0.232767	-0.415853	-0.551135	-0.630447	-0.644979	-0.590068	-0.475987	-0.31033	-0.110312	0.0996086	0.293872	0.445364	0.542854	0.582826	0.573342	0.530571	0.475343	0.413945	0.347926	0.295623	0.261304	0.239371	0.224399	0.212808	
0.064609	-0.137734	-0.316605	-0.455398	-0.537198	-0.551203	-0.495335	-0.378301	-0.213	-0.0182558	0.187466	0.372883	0.514734	0.599816	0.631838	0.622107	0.580691	0.525719	0.460117	0.383678	0.318606	0.265408	0.225807	0.187333	0.15317	
0.16973	-0.0208108	-0.193945	-0.324902	-0.398791	-0.411628	-0.36121	-0.252307	-0.0936571	0.0929684	0.283236	0.449791	0.569529	0.631709	0.651585	0.643258	0.606492	0.545244	0.470139	0.389352	0.319545	0.255998	0.189592	0.122768	0.0657694	
0.289574	0.122172	-0.0318733	-0.147107	-0.211155	-0.221611	-0.179426	-0.084011	0.057791	0.223186	0.385138	0.520365	0.607597	0.644409	0.648168	0.631104	0.589942	0.522444	0.440857	0.358357	0.281886	0.206958	0.123654	0.034507	-0.0392934	
0.422299	0.299086	0.184996	0.0941703	0.0401775	0.0308369	0.0672897	0.145016	0.251632	0.373908	0.490363	0.579942	0.627589	0.633127	0.613226	0.57641	0.519265	0.446917	0.369463	0.285729	0.198995	0.11552	0.026725	-0.0635856	-0.143532	
0.567778	0.513173	0.455887	0.404681	0.367911	0.360889	0.387618	0.434305	0.489513	0.547582	0.5945	0.622952	0.616727	0.580593	0.528961	0.464392	0.391644	0.314348	0.240302	0.160788	0.0691818	-0.00831572	-0.0863701	-0.164401	-0.233693	
0.719827	0.751516	0.766667	0.771055	0.769451	0.769813	0.770785	0.76975	0.758566	0.735416	0.692208	0.636905	0.563597	0.47958	0.389953	0.300561	0.213826	0.13324	0.0605414	-0.0115206	-0.0874674	-0.144005	-0.199623	-0.257033	-0.311888	
0.87063	0.999056	1.09744	1.16785	1.2104	1.21786	1.18876	1.1287	1.04172	0.926187	0.781042	0.62817	0.479163	0.34099	0.216315	0.104877	0.00835876	-0.0748347	-0.14212	-0.199381	-0.24952	-0.277805	-0.306713	-0.339089	-0.370869	
0.999056	1.22972	1.41764	1.55683	1.63558	1.64846	1.59573	1.48011	1.30994	1.09592	0.85001	0.606493	0.380856	0.188699	0.0329301	-0.0936516	-0.197003	-0.280779	-0.339858	-0.375154	-0.396789	-0.397898	-0.399088	-0.399989	-0.407452	
1.09744	1.41764	1.69233	1.8889	1.99525	2.01272	1.9423	1.78158	1.53542	1.22847	0.89774	0.576892	0.287349	0.0481716	-0.134913	-0.271429	-0.378765	-0.46043	-0.509157	-0.525573	-0.517891	-0.495789	-0.467482	-0.439993	-0.429226	
1.16785	1.55683	1.8889	2.12936	2.26152	2.28222	2.19585	1.99801	1.69859	1.32702	0.928086	0.545501	0.210873	-0.0591544	-0.260372	-0.408123	-0.516903	-0.591001	-0.628424	-0.632513	-0.606383	-0.562828	-0.510578	-0.461688	-0.442313	
1.2104	1.63558	1.99525	2.26152	2.41474	2.44034	2.33739	2.11397	1.78932	1.38512	0.944324	0.521102	0.161564	-0.11898	-0.329441	-0.487645	-0.5987	-0.664407	-0.692431	-0.690468	-0.656273	-0.600318	-0.530218	-0.470523	-0.449302	
1.21786	1.64846	2.01272	2.28222	2.44034	2.46752	2.36006	2.13321	1.80429	1.39503	0.947919	0.516276	0.152321	-0.12911	-0.341879	-0.500973	-0.613466	-0.677268	-0.703032	-0.700672	-0.664071	-0.606994	-0.533779	-0.470677	-0.451112	
1.18876	1.59573	1.9423	2.19585	2.33739	2.36006	2.26689	2.05634	1.74356	1.35543	0.936399	0.534542	0.187293	-0.0895981	-0.294819	-0.44701	-0.556683	-0.627985	-0.661066	-0.661624	-0.631333	-0.581449	-0.520914	-0.466933	-0.445154	
1.1287	1.48011	1.78158	1.99801	2.11397	2.13321	2.05634	1.88007	1.6089	1.27229	0.91152	0.564433	0.253922	0.000242896	-0.191518	-0.33199	-0.440183	-0.518933	-0.563478	-0.573386	-0.557255	-0.525813	-0.487646	-0.450132	-0.435739	
1.04172	1.30994	1.53542	1.69859	1.78932	1.80429	1.74356	1.6089	1.40652	1.15283	0.871007	0.594134	0.342186	0.130148	-0.0375694	-0.168506	-0.273838	-0.357309	-0.411977	-0.440264	-0.449478	-0.441342	-0.42983	-0.418952	-0.417494	
0.926187	1.09592	1.22847	1.32702	1.38512	1.39503	1.35543	1.27229	1.15283	0.998886	0.811777	0.621391	0.440938	0.280839	0.142593	0.0240034	-0.0755584	-0.158728	-0.222977	-0.271343	-0.310573	-0.326767	-0.34548	-0.365218	-0.387793	
0.781042	0.85001	0.89774	0.928086	0.944324	0.947919	0.936399	0.91152	0.871007	0.811777	0.728667	0.635055	0.532094	0.426901	0.323387	0.224756	0.133974	0.0514265	-0.0200936	-0.0872758	-0.153519	-0.199349	-0.243827	-0.292444	-0.338271	
0.62817	0.606493	0.576892	0.545501	0.521102	0.516276	0.534542	0.564433	0.594134	0.621391	0.635055	0.632103	0.600218	0.545413	0.478752	0.404428	0.325424	0.246594	0.173788	0.0964138	0.00943751	-0.0616494	-0.132122	-0.20202	-0.266796	
0.479163	0.380856	0.287349	0.210873	0.161564	0.152321	0.187293	0.253922	0.342186	0.440938	0.532094	0.600218	0.62795	0.618096	0.586865	0.538157	0.474693	0.400026	0.324679	0.242512	0.151375	0.068844	-0.0174465	-0.104554	-0.180827	
0.34099	0.188699	0.0481716	-0.0591544	-0.11898	-0.12911	-0.0895981	0.000242896	0.130148	0.280839	0.426901	0.545413	0.618096	0.643734	0.63892	0.61504	0.568425	0.499509	0.418517	0.334887	0.255014	0.174858	0.0878096	-0.0037656	-0.0822833	
0.216315	0.0329301	-0.134913	-0.260372	-0.329441	-0.341879	-0.294819	-0.191518	-0.0375694	0.142593	0.323387	0.478752	0.586865	0.63892	0.653064	0.642723	0.606249	0.541576	0.463164	0.381347	0.30988	0.242417	0.167333	0.089144	0.025075	
0.104877	-0.0936516	-0.271429	-0.408123	-0.487645	-0.500973	-0.44701	-0.33199	-0.168506	0.0240034	0.224756	0.404428	0.538157	0.61504	0.642723	0.634245	0.594819	0.538297	0.468388	0.390169	0.322398	0.264383	0.213947	0.165197	0.120953	
0.00835876	-0.197003	-0.378765	-0.516903	-0.5987	-0.613466	-0.556683	-0.440183	-0.273838	-0.0755584	0.133974	0.325424	0.474693	0.568425	0.606249	0.594819	0.551744	0.497456	0.435996	0.364866	0.306483	0.263644	0.236813	0.212432	0.192341	
-0.0748347	-0.280779	-0.46043	-0.591001	-0.664407	-0.677268	-0.627985	-0.518933	-0.357309	-0.158728	0.0514265	0.246594	0.400026	0.499509	0.541576	0.538297	0.497456	0.439877	0.378067	0.320357	0.279203	0.255382	0.238481	0.235269	0.236838	
-0.14212	-0.339858	-0.509157	-0.628424	-0.692431	-0.703032	-0.661066	-0.563478	-0.411977	-0.222977	-0.0200936	0.173788	0.324679	0.418517	0.463164	0.468388	0.435996	0.378067	0.321137	0.281603	0.256071	0.237816	0.227053	0.235344	0.25146	
-0.199381	-0.375154	-0.525573	-0.632513	-0.690468	-0.700672	-0.661624	-0.573386	-0.440264	-0.271343	-0.0872758	0.0964138	0.242512	0.334887	0.381347	0.390169	0.364866	0.320357	0.281603	0.255885	0.230148	0.209371	0.195924	0.203718	0.220314	
-0.24952	-0.396789	-0.517891	-0.606383	-0.656273	-0.664071	-0.631333	-0.557255	-0.449478	-0.310573	-0.153519	0.00943751	0.151375	0.255014	0.30988	0.322398	0.306483	0.279203	0.256071	0.230148	0.192636	0.166044	0.137137	0.127485	0.141139	
-0.277805	-0.397898	-0.495789	-0.562828	-0.600318	-0.606994	-0.581449	-0.525813	-0.441342	-0.326767	-0.199349	-0.0616494	0.068844	0.174858	0.242417	0.264383	0.263644	0.255382	0.237816	0.209371	0.166044	0.118276	0.0635553	0.0269259	0.0323591	
-0.306713	-0.399088	-0.467482	-0.510578	-0.530218	-0.533779	-0.520914	-0.487646	-0.42983	-0.34548	-0.243827	-0.132122	-0.0174465	0.0878096	0.167333	0.213947	0.236813	0.238481	0.227053	0.195924	0.137137	0.0635553	-0.0170105	-0.0706253	-0.0747847	
-0.339089	-0.399989	-0.439993	-0.461688	-0.470523	-0.470677	-0.466933	-0.450132	-0.418952	-0.365218	-0.292444	-0.20202	-0.104554	-0.0037656	0.089144	0.165197	0.212432	0.235269	0.235344	0.203718	0.127485	0.0269259	-0.0706253	-0.136455	-0.16241	
-0.370869	-0.407452	-0.429226	-0.442313	-0.449302	-0.451112	-0.445154	-0.435739	-0.417494	-0.387793	-0.338271	-0.266796	-0.180827	-0.0822833	0.025075	0.120953	0.192341	0.236838	0.25146	0.220314	0.141139	0.0323591	-0.0747847	-0.16241	-0.21456	
