1.079	1.1158	1.11675	1.09022	1.0383	0.968758	0.871113	0.733424	0.558446	0.370136	0.18643	0.0162728	-0.130507	-0.218238	-0.223133	-0.15353	-0.0336471	0.117238	0.279811	0.42688	0.521682	0.544849	0.504879	0.403596	0.246098	
1.1158	1.17184	1.19457	1.18048	1.13359	1.06188	0.958788	0.807685	0.614403	0.408089	0.213343	0.0350543	-0.10616	-0.18775	-0.188037	-0.116673	0.00844351	0.158141	0.317044	0.468712	0.576214	0.623228	0.606091	0.520804	0.369542	
1.11675	1.19457	1.23682	1.23906	1.2053	1.13772	1.02766	0.864982	0.658709	0.440794	0.227294	0.0417099	-0.098882	-0.166265	-0.156974	-0.0912708	0.0249943	0.167492	0.330799	0.494799	0.616407	0.684604	0.688961	0.62765	0.494254	
1.09022	1.18048	1.23906	1.26679	1.25154	1.18469	1.06404	0.893917	0.677993	0.445451	0.225344	0.0407033	-0.0875186	-0.144004	-0.134642	-0.07558	0.0306755	0.175203	0.345422	0.516181	0.648492	0.728004	0.755438	0.719564	0.609236	
1.0383	1.13359	1.2053	1.25154	1.24457	1.18128	1.05809	0.881085	0.659347	0.425521	0.215098	0.0399193	-0.0756897	-0.129138	-0.124252	-0.0685778	0.0344735	0.187916	0.36411	0.536807	0.671906	0.758323	0.80023	0.779676	0.691214	
0.968758	1.06188	1.13772	1.18469	1.18128	1.12496	1.00586	0.828215	0.612598	0.395073	0.201627	0.0419779	-0.0689752	-0.124037	-0.119023	-0.0609924	0.0422864	0.193254	0.37617	0.552315	0.688435	0.780364	0.819835	0.811644	0.744969	
0.871113	0.958788	1.02766	1.06404	1.05809	1.00586	0.896601	0.734861	0.543954	0.359894	0.19092	0.0537491	-0.0466798	-0.100028	-0.0999614	-0.0425709	0.0609305	0.211511	0.389556	0.556188	0.682068	0.773629	0.814594	0.815894	0.767674	
0.733424	0.807685	0.864982	0.893917	0.881085	0.828215	0.734861	0.601324	0.457524	0.322169	0.196101	0.095248	0.0180389	-0.0322306	-0.0405639	0.00754724	0.108697	0.250261	0.410515	0.550773	0.660644	0.744627	0.790119	0.792869	0.753392	
0.558446	0.614403	0.658709	0.677993	0.659347	0.612598	0.543954	0.457524	0.367405	0.284785	0.216246	0.16508	0.125151	0.0824147	0.0688632	0.111808	0.202685	0.323169	0.451702	0.562246	0.654006	0.719561	0.748782	0.738819	0.698162	
0.370136	0.408089	0.440794	0.445451	0.425521	0.395073	0.359894	0.322169	0.284785	0.260571	0.255909	0.256902	0.253127	0.232613	0.230156	0.264754	0.338028	0.43257	0.52594	0.603827	0.662886	0.696654	0.696841	0.666026	0.613581	
0.18643	0.213343	0.227294	0.225344	0.215098	0.201627	0.19092	0.196101	0.216246	0.255909	0.306889	0.352515	0.383486	0.399705	0.413225	0.444229	0.500265	0.567401	0.627975	0.662665	0.677975	0.669555	0.632898	0.581882	0.51366	
0.0162728	0.0350543	0.0417099	0.0407033	0.0399193	0.0419779	0.0537491	0.095248	0.16508	0.256902	0.352515	0.440817	0.510363	0.559299	0.589722	0.621154	0.663973	0.703923	0.726227	0.719511	0.690367	0.638944	0.567522	0.493955	0.424004	
-0.130507	-0.10616	-0.098882	-0.0875186	-0.0756897	-0.0689752	-0.0466798	0.0180389	0.125151	0.253127	0.383486	0.510363	0.617879	0.69161	0.744231	0.782765	0.812462	0.823184	0.809494	0.766641	0.696608	0.607369	0.51247	0.426144	0.361261	
-0.218238	-0.18775	-0.166265	-0.144004	-0.129138	-0.124037	-0.100028	-0.0322306	0.0824147	0.232613	0.399705	0.559299	0.69161	0.788555	0.865534	0.916298	0.93336	0.917445	0.876923	0.804667	0.699124	0.584412	0.475328	0.387204	0.325823	
-0.223133	-0.188037	-0.156974	-0.134642	-0.124252	-0.119023	-0.0999614	-0.0405639	0.0688632	0.230156	0.413225	0.589722	0.744231	0.865534	0.952862	0.999219	1.00593	0.980718	0.922939	0.82984	0.702904	0.573746	0.459645	0.367453	0.307546	
-0.15353	-0.116673	-0.0912708	-0.07558	-0.0685778	-0.0609924	-0.0425709	0.00754724	0.111808	0.264754	0.444229	0.621154	0.782765	0.916298	0.999219	1.0424	1.04785	1.01805	0.947392	0.838983	0.700384	0.559006	0.437961	0.342306	0.27683	
-0.0336471	0.00844351	0.0249943	0.0306755	0.0344735	0.0422864	0.0609305	0.108697	0.202685	0.338028	0.500265	0.663973	0.812462	0.93336	1.00593	1.04785	1.05909	1.02701	0.947378	0.828013	0.675808	0.521879	0.392614	0.291407	0.220033	
0.117238	0.158141	0.167492	0.175203	0.187916	0.193254	0.211511	0.250261	0.323169	0.43257	0.567401	0.703923	0.823184	0.917445	0.980718	1.01805	1.02701	1.00205	0.927773	0.802438	0.632886	0.461836	0.31826	0.206357	0.130017	
0.279811	0.317044	0.330799	0.345422	0.36411	0.37617	0.389556	0.410515	0.451702	0.52594	0.627975	0.726227	0.809494	0.876923	0.922939	0.947392	0.947378	0.927773	0.864255	0.734586	0.555796	0.370791	0.205852	0.0778039	-0.00788337	
0.42688	0.468712	0.494799	0.516181	0.536807	0.552315	0.556188	0.550773	0.562246	0.603827	0.662665	0.719511	0.766641	0.804667	0.82984	0.838983	0.828013	0.802438	0.734586	0.602114	0.419972	0.223129	0.0394674	-0.104361	-0.201644	
0.521682	0.576214	0.616407	0.648492	0.671906	0.688435	0.682068	0.660644	0.654006	0.662886	0.677975	0.690367	0.696608	0.699124	0.702904	0.700384	0.675808	0.632886	0.555796	0.419972	0.231554	0.0210493	-0.175124	-0.326423	-0.426112	
0.544849	0.623228	0.684604	0.728004	0.758323	0.780364	0.773629	0.744627	0.719561	0.696654	0.669555	0.638944	0.607369	0.584412	0.573746	0.559006	0.521879	0.461836	0.370791	0.223129	0.0210493	-0.198723	-0.402379	-0.553749	-0.646316	
0.504879	0.606091	0.688961	0.755438	0.80023	0.819835	0.814594	0.790119	0.748782	0.696841	0.632898	0.567522	0.51247	0.475328	0.459645	0.437961	0.392614	0.31826	0.205852	0.0394674	-0.175124	-0.402379	-0.60842	-0.757918	-0.84333	
0.403596	0.520804	0.62765	0.719564	0.779676	0.811644	0.815894	0.792869	0.738819	0.666026	0.581882	0.493955	0.426144	0.387204	0.367453	0.342306	0.291407	0.206357	0.0778039	-0.104361	-0.326423	-0.553749	-0.757918	-0.904895	-0.984564	
0.246098	0.369542	0.494254	0.609236	0.691214	0.744969	0.767674	0.753392	0.698162	0.613581	0.51366	0.424004	0.361261	0.325823	0.307546	0.27683	0.220033	0.130017	-0.00788337	-0.201644	-0.426112	-0.646316	-0.84333	-0.984564	-1.05142	
0.0509544	0.174573	0.308769	0.43782	0.54346	0.624445	0.666156	0.662603	0.616043	0.530784	0.430306	0.34973	0.30004	0.277974	0.269847	0.243625	0.184365	0.0924144	-0.0540627	-0.256655	-0.480161	-0.691353	-0.876479	-1.00034	-1.04134	
-0.156645	-0.0294105	0.112738	0.248596	0.3715	0.473815	0.52893	0.534211	0.496144	0.419124	0.329674	0.263368	0.232895	0.22761	0.22892	0.216576	0.172648	0.0811398	-0.0685691	-0.269161	-0.487783	-0.689138	-0.854537	-0.95181	-0.960785	
-0.33357	-0.211047	-0.0761543	0.0626515	0.198842	0.306306	0.371606	0.385801	0.355259	0.294199	0.222703	0.172342	0.159196	0.167105	0.177674	0.185727	0.158319	0.0730527	-0.0673966	-0.25125	-0.464495	-0.660495	-0.804781	-0.87931	-0.863233	
-0.464984	-0.352141	-0.22698	-0.0949476	0.0377136	0.150517	0.224817	0.248393	0.228483	0.183191	0.134813	0.10133	0.0986221	0.115119	0.132847	0.150362	0.134169	0.0609464	-0.063739	-0.232452	-0.433455	-0.622521	-0.758089	-0.819246	-0.781512	
-0.542163	-0.441941	-0.328919	-0.204137	-0.0732922	0.0405565	0.122532	0.156421	0.151144	0.121238	0.0912884	0.0715458	0.065941	0.0788422	0.100249	0.119457	0.107598	0.0496889	-0.0644869	-0.223205	-0.405968	-0.587725	-0.729231	-0.781514	-0.724924	
-0.556142	-0.459377	-0.348285	-0.223328	-0.0931974	0.0196191	0.103107	0.140982	0.138934	0.112157	0.085444	0.0681961	0.0611072	0.0720527	0.0947972	0.112554	0.100547	0.0470027	-0.0649809	-0.2222	-0.399812	-0.579942	-0.723238	-0.773999	-0.713205	
-0.502925	-0.395251	-0.275205	-0.146958	-0.0157062	0.0986156	0.176524	0.203745	0.189705	0.151145	0.111842	0.0841875	0.081694	0.098726	0.118025	0.136535	0.122785	0.0564555	-0.0632575	-0.228111	-0.421367	-0.606645	-0.744289	-0.801714	-0.755145	
-0.39211	-0.273474	-0.141795	-0.00379599	0.132475	0.240551	0.309565	0.327688	0.300886	0.246143	0.183305	0.140252	0.133018	0.143992	0.157981	0.171636	0.149965	0.068126	-0.0660395	-0.242679	-0.452378	-0.646292	-0.784542	-0.852618	-0.827847	
-0.232319	-0.105799	0.0350981	0.172343	0.301583	0.408245	0.467079	0.475477	0.440458	0.369221	0.286839	0.225694	0.202956	0.20405	0.208613	0.205206	0.167953	0.0781961	-0.0684887	-0.263494	-0.480364	-0.679565	-0.835569	-0.922549	-0.920825	
-0.0333294	0.0920715	0.230461	0.362472	0.475926	0.566556	0.614333	0.615459	0.572909	0.489315	0.391684	0.316976	0.27497	0.25885	0.255021	0.232758	0.178361	0.0858164	-0.0633345	-0.267257	-0.488346	-0.694905	-0.873489	-0.987727	-1.01534	
0.171441	0.295092	0.423598	0.544911	0.637618	0.702453	0.733036	0.72226	0.669769	0.584052	0.482865	0.395308	0.336506	0.306005	0.291438	0.261279	0.201226	0.110949	-0.0302446	-0.228775	-0.453495	-0.670363	-0.863419	-0.999029	-1.05705	
0.346039	0.467033	0.583068	0.685529	0.752317	0.79239	0.803641	0.78343	0.726681	0.64828	0.556521	0.465857	0.398444	0.359837	0.339544	0.3115	0.258828	0.170978	0.0383702	-0.148329	-0.371667	-0.597042	-0.799008	-0.944061	-1.01964	
0.472584	0.580973	0.672451	0.748752	0.800296	0.822519	0.820217	0.795716	0.748742	0.687316	0.614107	0.537749	0.475263	0.436429	0.419302	0.397084	0.349088	0.269377	0.1494	-0.0234646	-0.242076	-0.470218	-0.67664	-0.82534	-0.908825	
0.535463	0.623644	0.694599	0.746606	0.781235	0.802441	0.795329	0.768165	0.736247	0.701123	0.657276	0.611676	0.569509	0.539855	0.526237	0.507267	0.466187	0.401094	0.301932	0.146174	-0.0617159	-0.284381	-0.488858	-0.640022	-0.729908	
0.539505	0.603055	0.649992	0.685309	0.711483	0.7309	0.723557	0.697471	0.683745	0.680328	0.678342	0.673209	0.663068	0.653263	0.649072	0.642341	0.612798	0.562088	0.48018	0.341506	0.148449	-0.0666266	-0.266918	-0.418223	-0.51543	
0.472353	0.518148	0.55026	0.576273	0.597293	0.612101	0.611495	0.598304	0.601481	0.629969	0.670373	0.709786	0.740931	0.765545	0.78252	0.786048	0.76996	0.738218	0.666351	0.533782	0.349598	0.147092	-0.0420727	-0.190415	-0.290241	
0.342791	0.380628	0.398563	0.415613	0.435163	0.449957	0.459577	0.47039	0.498067	0.558786	0.645011	0.727184	0.795737	0.852273	0.889632	0.907883	0.904029	0.884487	0.820584	0.688854	0.508344	0.319776	0.146377	0.0110067	-0.0803059	
0.181912	0.220775	0.230901	0.241376	0.257803	0.264849	0.281265	0.314201	0.375771	0.471122	0.59359	0.716625	0.821606	0.903863	0.961936	0.994597	1.00046	0.978364	0.909194	0.78279	0.607941	0.430436	0.27889	0.161233	0.0827885	
0.0241891	0.0668403	0.0795663	0.0842113	0.0902124	0.0968097	0.115758	0.160698	0.248137	0.374762	0.527157	0.680252	0.818905	0.930994	0.999971	1.04104	1.05193	1.02173	0.942744	0.820242	0.661491	0.500225	0.365788	0.26159	0.188351	
-0.110228	-0.0716924	-0.0501637	-0.0381547	-0.0333551	-0.0248904	-0.00631654	0.042832	0.143037	0.2902	0.46401	0.637726	0.796386	0.926965	1.00568	1.04848	1.05698	1.02514	0.948972	0.836141	0.693182	0.547498	0.423861	0.325525	0.25744	
-0.203287	-0.167093	-0.136594	-0.117122	-0.107366	-0.101575	-0.0833415	-0.0286619	0.0794352	0.238657	0.422826	0.600577	0.760372	0.889933	0.976674	1.02099	1.02562	0.998538	0.936841	0.836785	0.703612	0.569463	0.452959	0.36016	0.298087	
-0.230301	-0.198511	-0.17071	-0.146762	-0.133963	-0.129362	-0.107641	-0.0411747	0.0715375	0.228375	0.40429	0.572992	0.714897	0.821415	0.904707	0.955424	0.96734	0.946428	0.897125	0.816192	0.700238	0.578439	0.466742	0.377466	0.318066	
-0.175089	-0.147027	-0.135471	-0.119385	-0.104492	-0.098217	-0.0738519	-0.00633669	0.10739	0.245235	0.391299	0.532706	0.651322	0.733652	0.796597	0.841367	0.866294	0.864547	0.839133	0.782801	0.698095	0.597381	0.494901	0.407409	0.343997	
-0.0465554	-0.0276683	-0.0218245	-0.0177784	-0.0137974	-0.00897828	0.00864307	0.0619327	0.14944	0.257352	0.366952	0.4716	0.557029	0.616615	0.655315	0.687504	0.724658	0.753665	0.76153	0.739553	0.693251	0.626093	0.54457	0.463575	0.395176	
0.11644	0.14027	0.149101	0.145845	0.138888	0.132891	0.13218	0.152865	0.193103	0.2556	0.325722	0.389505	0.435735	0.465774	0.484748	0.516994	0.567504	0.62369	0.668561	0.686267	0.683785	0.65763	0.605418	0.545665	0.474966	
