0.0418039	-0.0347657	-0.108638	-0.170724	-0.211442	-0.214488	-0.163321	-0.0667017	0.0714202	0.234265	0.404169	0.547881	0.642771	0.669681	0.646546	0.594464	0.519889	0.422207	0.319416	0.230725	0.163068	0.126269	0.128417	0.192856	0.314652	
-0.0347657	-0.116389	-0.183762	-0.23663	-0.267068	-0.264779	-0.214611	-0.116626	0.0243358	0.197341	0.37713	0.523272	0.616239	0.64756	0.632904	0.590275	0.522099	0.424982	0.315933	0.212548	0.119057	0.0421642	0.00222556	0.0281733	0.117951	
-0.108638	-0.183762	-0.249317	-0.301346	-0.325294	-0.311008	-0.259612	-0.16001	-0.0168952	0.155714	0.332211	0.475857	0.567389	0.606305	0.597728	0.554552	0.485456	0.386218	0.266873	0.139794	0.0189649	-0.0861002	-0.152013	-0.156278	-0.09329	
-0.170724	-0.23663	-0.301346	-0.349891	-0.367616	-0.348115	-0.290483	-0.192077	-0.053428	0.106898	0.268598	0.40647	0.498605	0.538884	0.53473	0.493113	0.424723	0.323767	0.189162	0.037482	-0.10467	-0.227131	-0.309341	-0.337115	-0.306029	
-0.211442	-0.267068	-0.325294	-0.367616	-0.382662	-0.361671	-0.304095	-0.210059	-0.0843433	0.0586435	0.205976	0.334022	0.415737	0.449399	0.449275	0.41395	0.349434	0.248766	0.104206	-0.0639034	-0.223304	-0.359435	-0.455164	-0.501863	-0.500009	
-0.214488	-0.264779	-0.311008	-0.348115	-0.361671	-0.3446	-0.29178	-0.211044	-0.101238	0.0265455	0.158494	0.267806	0.334643	0.363737	0.36302	0.331409	0.272728	0.173914	0.0290325	-0.147243	-0.324668	-0.475809	-0.580812	-0.636397	-0.65447	
-0.163321	-0.214611	-0.259612	-0.290483	-0.304095	-0.29178	-0.248231	-0.182514	-0.0896238	0.0170964	0.120343	0.210414	0.270146	0.295959	0.290423	0.25991	0.203088	0.108858	-0.0300997	-0.204272	-0.391472	-0.55243	-0.665318	-0.729393	-0.754927	
-0.0667017	-0.116626	-0.16001	-0.192077	-0.210059	-0.211044	-0.182514	-0.128052	-0.0558187	0.0215035	0.098316	0.174186	0.228647	0.249702	0.242865	0.212865	0.154823	0.0606482	-0.0739138	-0.237028	-0.417549	-0.578653	-0.694004	-0.760605	-0.789213	
0.0714202	0.0243358	-0.0168952	-0.053428	-0.0843433	-0.101238	-0.0896238	-0.0558187	-0.0172076	0.0311932	0.0924719	0.158776	0.211239	0.235384	0.23354	0.207295	0.141016	0.0376836	-0.0924064	-0.244041	-0.406788	-0.553392	-0.665525	-0.72904	-0.748008	
0.234265	0.197341	0.155714	0.106898	0.0586435	0.0265455	0.0170964	0.0215035	0.0311932	0.0628657	0.111701	0.169004	0.21793	0.250078	0.260207	0.241422	0.171275	0.0648529	-0.0646725	-0.20927	-0.35496	-0.491246	-0.595329	-0.650426	-0.648613	
0.404169	0.37713	0.332211	0.268598	0.205976	0.158494	0.120343	0.098316	0.0924719	0.111701	0.153315	0.201221	0.251417	0.290779	0.314425	0.303052	0.236861	0.132148	0.00313455	-0.134028	-0.26848	-0.397303	-0.493037	-0.528989	-0.50843	
0.547881	0.523272	0.475857	0.40647	0.334022	0.267806	0.210414	0.174186	0.158776	0.169004	0.201221	0.248	0.305211	0.356674	0.393361	0.393317	0.332087	0.228182	0.100915	-0.0338464	-0.161025	-0.282402	-0.360138	-0.374952	-0.33745	
0.642771	0.616239	0.567389	0.498605	0.415737	0.334643	0.270146	0.228647	0.211239	0.21793	0.251417	0.305211	0.371109	0.432338	0.476762	0.4795	0.424236	0.325746	0.203901	0.0777368	-0.0407685	-0.14622	-0.205073	-0.205327	-0.162739	
0.669681	0.64756	0.606305	0.538884	0.449399	0.363737	0.295959	0.249702	0.235384	0.250078	0.290779	0.356674	0.432338	0.499007	0.546214	0.550205	0.496326	0.406832	0.291099	0.172525	0.0702367	-0.013578	-0.053598	-0.0425185	0.00118525	
0.646546	0.632904	0.597728	0.53473	0.449275	0.36302	0.290423	0.242865	0.23354	0.260207	0.314425	0.393361	0.476762	0.546214	0.590476	0.587214	0.536092	0.45176	0.345226	0.23702	0.152079	0.0946169	0.07367	0.0941532	0.139581	
0.594464	0.590275	0.554552	0.493113	0.41395	0.331409	0.25991	0.212865	0.207295	0.241422	0.303052	0.393317	0.4795	0.550205	0.587214	0.581456	0.531654	0.457625	0.362573	0.266739	0.199962	0.165908	0.164825	0.193792	0.244468	
0.519889	0.522099	0.485456	0.424723	0.349434	0.272728	0.203088	0.154823	0.141016	0.171275	0.236861	0.332087	0.424236	0.496326	0.536092	0.531654	0.487857	0.4227	0.341154	0.265653	0.220366	0.205411	0.219907	0.257352	0.305348	
0.422207	0.424982	0.386218	0.323767	0.248766	0.173914	0.108858	0.0606482	0.0376836	0.0648529	0.132148	0.228182	0.325746	0.406832	0.45176	0.457625	0.4227	0.364253	0.30307	0.253626	0.228108	0.226484	0.250136	0.280787	0.31743	
0.319416	0.315933	0.266873	0.189162	0.104206	0.0290325	-0.0300997	-0.0739138	-0.0924064	-0.0646725	0.00313455	0.100915	0.203901	0.291099	0.345226	0.362573	0.341154	0.30307	0.266794	0.242691	0.235667	0.244356	0.265932	0.281353	0.297044	
0.230725	0.212548	0.139794	0.037482	-0.0639034	-0.147243	-0.204272	-0.237028	-0.244041	-0.20927	-0.134028	-0.0338464	0.0777368	0.172525	0.23702	0.266739	0.265653	0.253626	0.242691	0.242876	0.256819	0.272951	0.282389	0.278938	0.272519	
0.163068	0.119057	0.0189649	-0.10467	-0.223304	-0.324668	-0.391472	-0.417549	-0.406788	-0.35496	-0.26848	-0.161025	-0.0407685	0.0702367	0.152079	0.199962	0.220366	0.228108	0.235667	0.256819	0.287819	0.306677	0.305906	0.287872	0.264531	
0.126269	0.0421642	-0.0861002	-0.227131	-0.359435	-0.475809	-0.55243	-0.578653	-0.553392	-0.491246	-0.397303	-0.282402	-0.14622	-0.013578	0.0946169	0.165908	0.205411	0.226484	0.244356	0.272951	0.306677	0.330693	0.330266	0.306994	0.258247	
0.128417	0.00222556	-0.152013	-0.309341	-0.455164	-0.580812	-0.665318	-0.694004	-0.665525	-0.595329	-0.493037	-0.360138	-0.205073	-0.053598	0.07367	0.164825	0.219907	0.250136	0.265932	0.282389	0.305906	0.330266	0.3362	0.301036	0.220455	
0.192856	0.0281733	-0.156278	-0.337115	-0.501863	-0.636397	-0.729393	-0.760605	-0.72904	-0.650426	-0.528989	-0.374952	-0.205327	-0.0425185	0.0941532	0.193792	0.257352	0.280787	0.281353	0.278938	0.287872	0.306994	0.301036	0.244325	0.136945	
0.314652	0.117951	-0.09329	-0.306029	-0.500009	-0.65447	-0.754927	-0.789213	-0.748008	-0.648613	-0.50843	-0.33745	-0.162739	0.00118525	0.139581	0.244468	0.305348	0.31743	0.297044	0.272519	0.264531	0.258247	0.220455	0.136945	0.00503853	
0.460914	0.243569	0.00153303	-0.243786	-0.469034	-0.641942	-0.753849	-0.782743	-0.729012	-0.609797	-0.445527	-0.260947	-0.082292	0.0782881	0.20938	0.304093	0.35908	0.358182	0.318881	0.270191	0.230385	0.189019	0.115396	-0.00278148	-0.170065	
0.588111	0.358178	0.0965416	-0.172363	-0.418837	-0.611225	-0.731352	-0.757474	-0.690344	-0.549391	-0.361779	-0.156938	0.0320851	0.194831	0.314226	0.391062	0.426092	0.407142	0.345855	0.263579	0.182882	0.103748	-0.00123799	-0.157668	-0.36121	
0.672218	0.433736	0.166163	-0.110987	-0.369502	-0.576906	-0.703263	-0.724387	-0.640586	-0.480643	-0.273487	-0.0544483	0.150678	0.321809	0.439879	0.497223	0.501655	0.454816	0.369788	0.258831	0.140928	0.0269079	-0.116335	-0.307278	-0.537188	
0.724717	0.484484	0.218115	-0.0596931	-0.32619	-0.549007	-0.685017	-0.700474	-0.605411	-0.43069	-0.207667	0.0237506	0.244573	0.432214	0.552625	0.593009	0.570595	0.49532	0.385387	0.254849	0.111433	-0.0353025	-0.205691	-0.417376	-0.660588	
0.756714	0.517588	0.254181	-0.0249122	-0.29868	-0.530804	-0.671814	-0.690417	-0.592442	-0.410872	-0.176078	0.0711469	0.311067	0.510767	0.629768	0.658073	0.617655	0.523967	0.395718	0.249659	0.0904501	-0.0715216	-0.254408	-0.47098	-0.721115	
0.763551	0.523992	0.261744	-0.0188997	-0.293005	-0.527511	-0.668462	-0.688295	-0.590932	-0.408903	-0.170799	0.079377	0.324823	0.526397	0.644774	0.670047	0.627572	0.530659	0.398482	0.248632	0.0864287	-0.0775082	-0.262716	-0.478418	-0.73213	
0.739712	0.500011	0.234944	-0.043405	-0.313185	-0.539917	-0.679096	-0.695335	-0.598118	-0.419261	-0.191199	0.0466604	0.275381	0.468711	0.588308	0.623328	0.592423	0.509035	0.390137	0.252316	0.101774	-0.0530945	-0.23017	-0.445439	-0.691631	
0.696153	0.456417	0.188301	-0.0891626	-0.350959	-0.5644	-0.694903	-0.713404	-0.623807	-0.457473	-0.242874	-0.0196509	0.191174	0.36908	0.488385	0.538447	0.531068	0.471595	0.37655	0.257611	0.128126	-9.79033e-05	-0.156224	-0.357938	-0.594056	
0.626594	0.392555	0.128342	-0.146427	-0.398389	-0.597325	-0.719643	-0.744254	-0.670802	-0.521317	-0.325203	-0.113828	0.0815872	0.245968	0.363846	0.433634	0.456056	0.426921	0.356548	0.261414	0.164674	0.0708733	-0.0490452	-0.219797	-0.436235	
0.516366	0.293169	0.0410684	-0.215319	-0.450714	-0.63067	-0.746578	-0.773959	-0.715338	-0.588348	-0.413872	-0.221627	-0.0396286	0.120972	0.24661	0.334704	0.384094	0.376994	0.329364	0.26794	0.211676	0.155527	0.0699766	-0.0635524	-0.24648	
0.372289	0.166267	-0.0569974	-0.282947	-0.490117	-0.652678	-0.7576	-0.790283	-0.744404	-0.636065	-0.487189	-0.311113	-0.135419	0.0276744	0.164086	0.266929	0.325933	0.333412	0.305091	0.271279	0.253018	0.232441	0.180529	0.0835457	-0.0606298	
0.236078	0.0567615	-0.138001	-0.330987	-0.506315	-0.647751	-0.743641	-0.776282	-0.741618	-0.655766	-0.526588	-0.365768	-0.192727	-0.028371	0.110166	0.212828	0.275517	0.294049	0.286702	0.276147	0.279278	0.290921	0.272957	0.206667	0.0901587	
0.146286	0.00461492	-0.162093	-0.327783	-0.479755	-0.608314	-0.6966	-0.725543	-0.696872	-0.624372	-0.515441	-0.37302	-0.211755	-0.0546635	0.0770983	0.172826	0.232658	0.262116	0.273073	0.282294	0.30039	0.323078	0.327979	0.284879	0.192858	
0.121166	0.019802	-0.11914	-0.266172	-0.404092	-0.523994	-0.603626	-0.630558	-0.603062	-0.537686	-0.441494	-0.320414	-0.17621	-0.0357586	0.0808907	0.162093	0.208163	0.233838	0.252822	0.278364	0.308471	0.333811	0.336583	0.309347	0.248333	
0.144771	0.0855134	-0.0247451	-0.156614	-0.280663	-0.389712	-0.461246	-0.486664	-0.469425	-0.412299	-0.321504	-0.211763	-0.0864189	0.0333335	0.125437	0.182498	0.210782	0.223973	0.236685	0.26331	0.297615	0.318095	0.316101	0.296425	0.26348	
0.200197	0.173486	0.0892163	-0.021719	-0.130896	-0.219615	-0.279121	-0.307774	-0.308424	-0.267835	-0.188087	-0.0850482	0.0291488	0.129386	0.199766	0.236506	0.243697	0.24068	0.238117	0.247524	0.269414	0.286714	0.290938	0.280061	0.267632	
0.282334	0.273292	0.216333	0.129062	0.0384435	-0.0395201	-0.0964722	-0.135883	-0.150868	-0.122302	-0.0517205	0.0467205	0.153232	0.242537	0.300011	0.322111	0.308657	0.280957	0.255142	0.240913	0.241835	0.254208	0.27184	0.280129	0.286076	
0.379962	0.381198	0.340519	0.272968	0.195604	0.12162	0.0579054	0.0109291	-0.0112736	0.0154757	0.0827157	0.179605	0.279347	0.36298	0.411045	0.422005	0.391244	0.339128	0.287518	0.248271	0.230479	0.233121	0.257424	0.282735	0.311642	
0.483209	0.48657	0.449238	0.389457	0.314083	0.238469	0.170788	0.121837	0.103412	0.13201	0.198837	0.294079	0.388705	0.464027	0.505759	0.504692	0.464318	0.400967	0.326556	0.261712	0.224451	0.214948	0.2344	0.270613	0.315123	
0.567059	0.565887	0.530633	0.468844	0.391525	0.311091	0.240348	0.193766	0.18555	0.219182	0.282855	0.375502	0.464188	0.53439	0.57136	0.565366	0.517116	0.447681	0.358187	0.26908	0.210698	0.184629	0.19085	0.224099	0.27474	
0.628694	0.618499	0.583538	0.522167	0.439293	0.354175	0.281341	0.23364	0.22688	0.257576	0.315667	0.400186	0.484772	0.555298	0.596155	0.591016	0.539979	0.459477	0.3572	0.253632	0.175028	0.127382	0.114836	0.138601	0.185912	
0.664683	0.64647	0.607776	0.541955	0.45336	0.367061	0.296975	0.250014	0.237082	0.257183	0.302917	0.373462	0.452886	0.520565	0.567804	0.569598	0.516901	0.429268	0.316658	0.201908	0.107433	0.0334415	0.0010573	0.0162733	0.0605733	
0.661602	0.63536	0.589294	0.520764	0.434057	0.350465	0.2849	0.240706	0.224253	0.233094	0.268329	0.327028	0.396872	0.460773	0.506418	0.510733	0.456183	0.361521	0.241778	0.118961	0.00599969	-0.0905542	-0.142966	-0.138744	-0.0950104	
0.593318	0.568316	0.519101	0.44939	0.373377	0.29955	0.238393	0.19986	0.182559	0.19003	0.221591	0.270855	0.330921	0.387646	0.42784	0.4293	0.370976	0.268605	0.143029	0.0106992	-0.113743	-0.23007	-0.299387	-0.307687	-0.267261	
0.466011	0.440937	0.39472	0.328518	0.261021	0.206636	0.158965	0.128824	0.118941	0.134609	0.172133	0.218698	0.271158	0.314045	0.343546	0.336809	0.27223	0.167761	0.0399291	-0.0960346	-0.227806	-0.353627	-0.443433	-0.470391	-0.442013	
