0.843955	0.75793	0.688456	0.631977	0.591136	0.583316	0.612835	0.664012	0.728848	0.806596	0.906182	1.02505	1.14772	1.24385	1.28722	1.28281	1.25154	1.19436	1.09796	0.960079	0.785654	0.585615	0.38085	0.182091	0.00303196	
0.761109	0.69018	0.640932	0.605173	0.570871	0.563555	0.590496	0.625584	0.668575	0.729264	0.817571	0.924075	1.03671	1.13568	1.18126	1.18552	1.17183	1.14279	1.07683	0.97209	0.833357	0.66241	0.467824	0.26341	0.063766	
0.654614	0.596218	0.567953	0.551075	0.536318	0.532387	0.545678	0.560387	0.58253	0.62633	0.706113	0.803934	0.909211	0.999236	1.04562	1.0572	1.05831	1.05277	1.01992	0.954763	0.86084	0.726399	0.559291	0.367855	0.161371	
0.538942	0.490878	0.477188	0.477828	0.474503	0.4731	0.47725	0.476974	0.482574	0.514445	0.585276	0.671958	0.760506	0.84168	0.889713	0.906765	0.917047	0.934036	0.938671	0.913747	0.85923	0.771398	0.643161	0.481091	0.288408	
0.414	0.381134	0.382881	0.393259	0.392417	0.391072	0.393888	0.388429	0.377799	0.396693	0.448098	0.514941	0.589254	0.660631	0.708605	0.731092	0.755701	0.796065	0.836467	0.854063	0.841791	0.79634	0.709135	0.581296	0.413348	
0.271104	0.261749	0.283556	0.304346	0.310294	0.310257	0.308503	0.294042	0.267485	0.264057	0.288944	0.336787	0.399835	0.461937	0.511104	0.543242	0.587286	0.655055	0.732479	0.788033	0.810302	0.802184	0.754999	0.665747	0.530945	
0.104818	0.125001	0.163273	0.191934	0.202995	0.205069	0.197257	0.177367	0.138855	0.110799	0.104961	0.134029	0.190236	0.253493	0.311904	0.362507	0.433975	0.528039	0.628792	0.712854	0.765735	0.788765	0.778915	0.73586	0.640653	
-0.072327	-0.0298893	0.0168794	0.0459022	0.0571517	0.0596156	0.0515181	0.0314462	-0.0108883	-0.0568602	-0.0859223	-0.074398	-0.0260909	0.0442145	0.122882	0.203723	0.305908	0.423253	0.538819	0.640439	0.720282	0.774293	0.801907	0.800237	0.746104	
-0.245975	-0.196174	-0.154449	-0.127413	-0.112235	-0.10856	-0.120809	-0.14123	-0.17866	-0.226365	-0.268178	-0.269043	-0.226653	-0.152429	-0.0546436	0.0654207	0.196468	0.334133	0.469379	0.592631	0.698889	0.783839	0.837015	0.861499	0.832924	
-0.40904	-0.365094	-0.33275	-0.310271	-0.297593	-0.295771	-0.304586	-0.322059	-0.350652	-0.391135	-0.43325	-0.438224	-0.393028	-0.317134	-0.207575	-0.0586101	0.101705	0.260297	0.419093	0.569506	0.695719	0.799798	0.876182	0.915043	0.902916	
-0.54684	-0.516212	-0.494711	-0.481939	-0.476832	-0.475938	-0.478898	-0.488184	-0.506579	-0.533971	-0.564007	-0.567024	-0.525065	-0.444428	-0.32302	-0.158532	0.025502	0.203584	0.376311	0.541809	0.685875	0.80474	0.898057	0.951831	0.951035	
-0.651959	-0.625516	-0.612951	-0.619212	-0.62278	-0.622057	-0.622003	-0.614283	-0.617542	-0.640606	-0.664771	-0.663941	-0.625523	-0.538666	-0.40648	-0.241757	-0.054691	0.138248	0.323802	0.498906	0.656059	0.789391	0.893791	0.955987	0.966088	
-0.714104	-0.68978	-0.688275	-0.709957	-0.722907	-0.724378	-0.717845	-0.695165	-0.685571	-0.70287	-0.728488	-0.728643	-0.693194	-0.611673	-0.482136	-0.327112	-0.148045	0.043145	0.23579	0.419985	0.583441	0.731414	0.850876	0.915049	0.929175	
-0.725519	-0.708536	-0.715119	-0.740833	-0.767811	-0.773509	-0.752858	-0.723497	-0.708425	-0.716189	-0.741239	-0.755757	-0.735258	-0.668539	-0.55579	-0.414655	-0.253439	-0.0816448	0.102521	0.28784	0.458543	0.617334	0.747378	0.822076	0.844596	
-0.688765	-0.668598	-0.683013	-0.710428	-0.741736	-0.748526	-0.723903	-0.692906	-0.67209	-0.676301	-0.712939	-0.750445	-0.753684	-0.706875	-0.61988	-0.50508	-0.373036	-0.228353	-0.0666433	0.112566	0.297104	0.465332	0.600819	0.69105	0.730319	
-0.633907	-0.600484	-0.601801	-0.623703	-0.647068	-0.652297	-0.634312	-0.608643	-0.59738	-0.617092	-0.66396	-0.713848	-0.745566	-0.735205	-0.678397	-0.594226	-0.497918	-0.385228	-0.249001	-0.0803934	0.110295	0.29372	0.44162	0.540931	0.590266	
-0.575807	-0.533069	-0.513145	-0.51436	-0.516808	-0.516863	-0.515557	-0.512032	-0.522357	-0.556575	-0.609061	-0.669323	-0.717653	-0.735738	-0.715488	-0.672451	-0.613278	-0.532951	-0.421039	-0.26038	-0.0715268	0.11189	0.263288	0.367317	0.427078	
-0.526031	-0.47339	-0.433597	-0.411858	-0.403536	-0.402401	-0.407008	-0.423389	-0.455012	-0.503948	-0.560134	-0.616889	-0.667532	-0.703996	-0.722881	-0.721773	-0.696469	-0.647214	-0.548278	-0.401335	-0.232768	-0.0698134	0.0724241	0.180304	0.252769	
-0.473373	-0.423108	-0.373632	-0.338834	-0.321928	-0.319465	-0.330216	-0.357015	-0.40309	-0.452723	-0.506023	-0.560462	-0.608133	-0.656495	-0.701989	-0.732413	-0.735538	-0.705769	-0.626799	-0.508962	-0.371399	-0.236514	-0.115075	-0.0126703	0.0698621	
-0.416879	-0.376094	-0.331494	-0.294302	-0.276833	-0.274707	-0.285674	-0.313601	-0.359344	-0.400132	-0.443254	-0.487628	-0.532971	-0.584755	-0.645239	-0.702594	-0.734381	-0.728886	-0.680865	-0.596469	-0.496308	-0.391726	-0.295614	-0.203822	-0.118749	
-0.36233	-0.331985	-0.29913	-0.269112	-0.254883	-0.252613	-0.261709	-0.285402	-0.319907	-0.349935	-0.379801	-0.411789	-0.45127	-0.500672	-0.566042	-0.642169	-0.702062	-0.72552	-0.715001	-0.670489	-0.605735	-0.531318	-0.455805	-0.374825	-0.296439	
-0.309642	-0.294604	-0.27809	-0.261248	-0.253045	-0.25247	-0.255851	-0.272	-0.287255	-0.304211	-0.318981	-0.342271	-0.374353	-0.418677	-0.489348	-0.576469	-0.652548	-0.701143	-0.726319	-0.727832	-0.693779	-0.648475	-0.591923	-0.521058	-0.43942	
-0.277505	-0.277328	-0.272061	-0.26702	-0.267157	-0.267915	-0.265965	-0.270037	-0.275736	-0.278092	-0.279801	-0.295227	-0.321854	-0.36617	-0.435866	-0.519961	-0.599182	-0.662785	-0.713684	-0.744897	-0.745295	-0.728515	-0.687485	-0.628334	-0.541292	
-0.277331	-0.283745	-0.283039	-0.285645	-0.291611	-0.294163	-0.287976	-0.2834	-0.284149	-0.280164	-0.275545	-0.280083	-0.293409	-0.33048	-0.395482	-0.47427	-0.551579	-0.616667	-0.670699	-0.71604	-0.74811	-0.75825	-0.735896	-0.684365	-0.598063	
-0.301043	-0.307696	-0.308814	-0.309847	-0.315173	-0.316542	-0.311796	-0.308567	-0.309214	-0.303939	-0.294088	-0.2805	-0.277678	-0.306007	-0.364708	-0.433766	-0.502321	-0.562666	-0.612972	-0.664111	-0.71472	-0.745177	-0.744976	-0.69949	-0.612085	
-0.322115	-0.327585	-0.327669	-0.325057	-0.326293	-0.326869	-0.325491	-0.326178	-0.328463	-0.325505	-0.311158	-0.28515	-0.27345	-0.293717	-0.340069	-0.39481	-0.450795	-0.506269	-0.555223	-0.609784	-0.668523	-0.714389	-0.725642	-0.681927	-0.593444	
-0.327585	-0.335092	-0.335166	-0.339402	-0.343137	-0.344528	-0.341009	-0.336393	-0.335044	-0.332489	-0.31656	-0.292498	-0.276717	-0.285325	-0.314619	-0.358373	-0.404226	-0.452421	-0.508058	-0.573293	-0.641974	-0.698919	-0.704178	-0.655471	-0.566063	
-0.327669	-0.335166	-0.348006	-0.3662	-0.37867	-0.380619	-0.372442	-0.355095	-0.338707	-0.331244	-0.318407	-0.292614	-0.273983	-0.273644	-0.289382	-0.317045	-0.355475	-0.40694	-0.479619	-0.565856	-0.653562	-0.710206	-0.705681	-0.647791	-0.547608	
-0.325057	-0.339402	-0.3662	-0.40048	-0.423061	-0.42708	-0.41131	-0.380146	-0.348552	-0.330154	-0.316851	-0.296079	-0.272796	-0.261977	-0.264438	-0.281705	-0.318157	-0.379035	-0.470211	-0.581288	-0.680912	-0.736434	-0.729794	-0.661919	-0.54174	
-0.326293	-0.343137	-0.37867	-0.423061	-0.456199	-0.462584	-0.439328	-0.395562	-0.355846	-0.330833	-0.320817	-0.30265	-0.275939	-0.257132	-0.251807	-0.26576	-0.299812	-0.36708	-0.467637	-0.595662	-0.711521	-0.765476	-0.74929	-0.668399	-0.539916	
-0.326869	-0.344528	-0.380619	-0.42708	-0.462584	-0.469083	-0.444636	-0.397653	-0.358142	-0.331132	-0.321876	-0.305007	-0.277249	-0.257136	-0.250263	-0.263622	-0.297692	-0.364896	-0.467481	-0.598687	-0.718282	-0.772077	-0.752486	-0.668006	-0.539318	
-0.325491	-0.341009	-0.372442	-0.41131	-0.439328	-0.444636	-0.424771	-0.388064	-0.351889	-0.329846	-0.318383	-0.298443	-0.273552	-0.258031	-0.257991	-0.27345	-0.308658	-0.372694	-0.46845	-0.58804	-0.694579	-0.748724	-0.74007	-0.666626	-0.540923	
-0.326178	-0.336393	-0.355095	-0.380146	-0.395562	-0.397653	-0.388064	-0.3651	-0.342252	-0.330429	-0.316895	-0.293124	-0.273211	-0.269682	-0.278724	-0.300122	-0.337904	-0.39349	-0.474431	-0.570442	-0.66321	-0.719455	-0.713307	-0.652299	-0.543806	
-0.328463	-0.335044	-0.338707	-0.348552	-0.355846	-0.358142	-0.351889	-0.342252	-0.335069	-0.332892	-0.318209	-0.293405	-0.276266	-0.280445	-0.304512	-0.343347	-0.385014	-0.432726	-0.493749	-0.567254	-0.643289	-0.701299	-0.701415	-0.648886	-0.557141	
-0.325505	-0.332489	-0.331244	-0.330154	-0.330833	-0.331132	-0.329846	-0.330429	-0.332892	-0.329729	-0.313885	-0.288528	-0.274784	-0.291021	-0.329952	-0.380153	-0.431382	-0.483935	-0.5351	-0.592061	-0.65367	-0.705209	-0.714881	-0.670792	-0.581679	
-0.311158	-0.31656	-0.318407	-0.316851	-0.320817	-0.321876	-0.318383	-0.316895	-0.318209	-0.313885	-0.302444	-0.281556	-0.274325	-0.299378	-0.354628	-0.417607	-0.481541	-0.540177	-0.588976	-0.641055	-0.695792	-0.732879	-0.739987	-0.695838	-0.607653	
-0.28515	-0.292498	-0.292614	-0.296079	-0.30265	-0.305007	-0.298443	-0.293124	-0.293405	-0.288528	-0.281556	-0.279714	-0.286017	-0.319772	-0.382251	-0.457664	-0.532449	-0.596051	-0.648244	-0.69698	-0.738272	-0.757529	-0.74385	-0.694478	-0.608786	
-0.27345	-0.276717	-0.273983	-0.272796	-0.275939	-0.277249	-0.273552	-0.273211	-0.276266	-0.274784	-0.274325	-0.286017	-0.307996	-0.350161	-0.418563	-0.500933	-0.579728	-0.644762	-0.699118	-0.737586	-0.752481	-0.746537	-0.712461	-0.656517	-0.568683	
-0.293717	-0.285325	-0.273644	-0.261977	-0.257132	-0.257136	-0.258031	-0.269682	-0.280445	-0.291021	-0.299378	-0.319772	-0.350161	-0.39454	-0.465556	-0.552173	-0.630684	-0.686934	-0.725228	-0.740809	-0.719121	-0.685895	-0.636254	-0.570181	-0.485661	
-0.340069	-0.314619	-0.289382	-0.264438	-0.251807	-0.250263	-0.257991	-0.278724	-0.304512	-0.329952	-0.354628	-0.382251	-0.418563	-0.465556	-0.532928	-0.615319	-0.683507	-0.717823	-0.722029	-0.696634	-0.645002	-0.58166	-0.512927	-0.436605	-0.358709	
-0.39481	-0.358373	-0.317045	-0.281705	-0.26576	-0.263622	-0.27345	-0.300122	-0.343347	-0.380153	-0.417607	-0.457664	-0.500933	-0.552173	-0.615319	-0.681448	-0.724792	-0.730324	-0.69704	-0.627727	-0.54161	-0.449825	-0.362846	-0.274618	-0.192952	
-0.450795	-0.404226	-0.355475	-0.318157	-0.299812	-0.297692	-0.308658	-0.337904	-0.385014	-0.431382	-0.481541	-0.532449	-0.579728	-0.630684	-0.683507	-0.724792	-0.738692	-0.718649	-0.651135	-0.54648	-0.423239	-0.299412	-0.1885	-0.0905089	-0.00551002	
-0.506269	-0.452421	-0.40694	-0.379035	-0.36708	-0.364896	-0.372694	-0.39349	-0.432726	-0.483935	-0.540177	-0.596051	-0.644762	-0.686934	-0.717823	-0.730324	-0.718649	-0.677105	-0.584251	-0.447181	-0.290448	-0.138465	-0.00303399	0.103553	0.180499	
-0.555223	-0.508058	-0.479619	-0.470211	-0.467637	-0.467481	-0.46845	-0.474431	-0.493749	-0.5351	-0.588976	-0.648244	-0.699118	-0.725228	-0.722029	-0.69704	-0.651135	-0.584251	-0.478052	-0.321625	-0.138687	0.0380576	0.187054	0.293941	0.358597	
-0.609784	-0.573293	-0.565856	-0.581288	-0.595662	-0.598687	-0.58804	-0.570442	-0.567254	-0.592061	-0.641055	-0.69698	-0.737586	-0.740809	-0.696634	-0.627727	-0.54648	-0.447181	-0.321625	-0.155954	0.0357906	0.221832	0.372662	0.473598	0.527249	
-0.668523	-0.641974	-0.653562	-0.680912	-0.711521	-0.718282	-0.694579	-0.66321	-0.643289	-0.65367	-0.695792	-0.738272	-0.752481	-0.719121	-0.645002	-0.54161	-0.423239	-0.290448	-0.138687	0.0357906	0.22375	0.398112	0.538845	0.633442	0.677176	
-0.714389	-0.698919	-0.710206	-0.736434	-0.765476	-0.772077	-0.748724	-0.719455	-0.701299	-0.705209	-0.732879	-0.757529	-0.746537	-0.685895	-0.58166	-0.449825	-0.299412	-0.138465	0.0380576	0.221832	0.398112	0.559595	0.692207	0.772762	0.80195	
-0.725642	-0.704178	-0.705681	-0.729794	-0.74929	-0.752486	-0.74007	-0.713307	-0.701415	-0.714881	-0.739987	-0.74385	-0.712461	-0.636254	-0.512927	-0.362846	-0.1885	-0.00303399	0.187054	0.372662	0.538845	0.692207	0.816586	0.883276	0.899676	
-0.681927	-0.655471	-0.647791	-0.661919	-0.668399	-0.668006	-0.666626	-0.652299	-0.648886	-0.670792	-0.695838	-0.694478	-0.656517	-0.570181	-0.436605	-0.274618	-0.0905089	0.103553	0.293941	0.473598	0.633442	0.772762	0.883276	0.945922	0.958204	
-0.593444	-0.566063	-0.547608	-0.54174	-0.539916	-0.539318	-0.540923	-0.543806	-0.557141	-0.581679	-0.607653	-0.608786	-0.568683	-0.485661	-0.358709	-0.192952	-0.00551002	0.180499	0.358597	0.527249	0.677176	0.80195	0.899676	0.958204	0.962974	
