0.049408	0.0233337	-0.00732939	-0.0530579	-0.0962986	-0.1058	-0.0725026	-0.0241689	0.0131475	0.03762	0.0704688	0.122087	0.18291	0.222497	0.234916	0.234119	0.236494	0.238046	0.226522	0.188079	0.118309	0.0365895	-0.0227642	-0.0433952	-0.0287053	
0.0511063	0.0121435	-0.0363599	-0.0983156	-0.152325	-0.163455	-0.12311	-0.0603134	-0.00491007	0.0350912	0.0773448	0.12888	0.175937	0.201967	0.202225	0.185813	0.16748	0.153164	0.126896	0.0827588	0.0243985	-0.0395952	-0.0824672	-0.0906762	-0.0668638	
0.0537976	0.012538	-0.0395933	-0.104192	-0.157207	-0.16684	-0.128992	-0.0648317	-0.00572395	0.0369022	0.082017	0.129343	0.164258	0.176892	0.160413	0.125497	0.0856556	0.0508913	0.0118404	-0.0369281	-0.0818658	-0.120812	-0.137786	-0.130944	-0.094882	
0.0732401	0.0322613	-0.0174225	-0.0777158	-0.123663	-0.132431	-0.0988233	-0.0421046	0.0152109	0.0559574	0.0995291	0.138923	0.16263	0.156841	0.117739	0.0581004	-0.00280858	-0.055469	-0.103959	-0.148527	-0.176465	-0.193157	-0.183045	-0.155377	-0.106581	
0.0935566	0.0554007	0.00937614	-0.0391267	-0.0756032	-0.0823724	-0.05626	-0.0100981	0.037952	0.0785796	0.116669	0.147713	0.160329	0.138503	0.0807913	0.000965501	-0.0773952	-0.145155	-0.206415	-0.243279	-0.250369	-0.246532	-0.209847	-0.156769	-0.0910367	
0.109296	0.0723966	0.0359464	-0.00294989	-0.0301443	-0.0344666	-0.0164762	0.0200593	0.0588239	0.0939684	0.128556	0.14484	0.143143	0.111509	0.0425423	-0.0431005	-0.124963	-0.201556	-0.263319	-0.289241	-0.277355	-0.249714	-0.200494	-0.134882	-0.0611251	
0.112553	0.0864793	0.0600703	0.034468	0.0147523	0.00974983	0.0251907	0.0494686	0.0760816	0.102131	0.124416	0.130225	0.116855	0.0775818	0.0137085	-0.0710963	-0.150087	-0.220857	-0.273419	-0.282251	-0.251515	-0.207117	-0.146154	-0.0823651	-0.0196965	
0.106266	0.0923364	0.0798143	0.0646171	0.052228	0.0498919	0.058262	0.0742988	0.0871854	0.100569	0.112663	0.112066	0.0925491	0.0515444	-0.0106799	-0.0887364	-0.165734	-0.225869	-0.256404	-0.245262	-0.203035	-0.140317	-0.0690724	-0.00483376	0.0432016	
0.0988874	0.0967293	0.0953235	0.093813	0.0928815	0.0935778	0.0933553	0.0950053	0.0963094	0.098074	0.0993631	0.0950325	0.0707267	0.0260684	-0.0350384	-0.106813	-0.176423	-0.223471	-0.23156	-0.203435	-0.153242	-0.0775981	0.00509425	0.0724818	0.110359	
0.0978123	0.110904	0.123163	0.139213	0.155192	0.158247	0.146445	0.128882	0.115235	0.103195	0.0902422	0.0751615	0.0453928	-0.00131108	-0.0593494	-0.122074	-0.179905	-0.215279	-0.211478	-0.172801	-0.113685	-0.0321068	0.0597762	0.129204	0.158254	
0.121953	0.150348	0.17448	0.201209	0.223411	0.228654	0.21093	0.185366	0.160099	0.134297	0.103069	0.0696024	0.0287636	-0.0212232	-0.0823199	-0.141518	-0.192541	-0.21732	-0.206143	-0.156566	-0.0839497	0.00120333	0.0876859	0.154707	0.179722	
0.167731	0.216016	0.251838	0.280472	0.29802	0.300352	0.288584	0.264511	0.231508	0.188147	0.135109	0.079116	0.0232233	-0.0346503	-0.100903	-0.164816	-0.210525	-0.224138	-0.202992	-0.147091	-0.0674661	0.0124895	0.083481	0.141961	0.169148	
0.213909	0.285126	0.339233	0.371795	0.386164	0.388469	0.378927	0.355118	0.309407	0.24325	0.167296	0.0870369	0.0111372	-0.056995	-0.124746	-0.185266	-0.222434	-0.22041	-0.18774	-0.132174	-0.0631196	-0.000440304	0.0557682	0.0984519	0.118882	
0.2591	0.349424	0.417844	0.458968	0.478824	0.481725	0.469347	0.437747	0.379647	0.297014	0.199335	0.0930829	-0.00710925	-0.0927485	-0.156433	-0.200932	-0.223695	-0.2093	-0.167698	-0.1177	-0.0700182	-0.0311202	0.00759115	0.0374926	0.0416141	
0.296129	0.407625	0.49278	0.548671	0.580111	0.586242	0.563937	0.518303	0.444827	0.343352	0.221495	0.0901473	-0.0319847	-0.126795	-0.184269	-0.208365	-0.208738	-0.186625	-0.146331	-0.101214	-0.0730913	-0.0592508	-0.042781	-0.0328396	-0.0419662	
0.31212	0.453774	0.566319	0.64253	0.685163	0.692594	0.663431	0.60102	0.503076	0.371789	0.218419	0.0607603	-0.0710351	-0.164087	-0.21507	-0.222752	-0.199293	-0.162164	-0.12577	-0.0973747	-0.0860209	-0.0932461	-0.102666	-0.111267	-0.124064	
0.308839	0.483642	0.629176	0.72945	0.780474	0.788523	0.755566	0.675293	0.546564	0.381585	0.197057	0.0189598	-0.119532	-0.20849	-0.253402	-0.255591	-0.215849	-0.160374	-0.123651	-0.112066	-0.120566	-0.139542	-0.159985	-0.178822	-0.18893	
0.304226	0.501725	0.673239	0.796476	0.858647	0.869167	0.828436	0.729622	0.574528	0.384882	0.182576	-0.00920978	-0.161623	-0.25423	-0.297504	-0.29313	-0.24912	-0.190524	-0.149462	-0.14162	-0.161821	-0.186437	-0.204797	-0.21717	-0.220066	
0.299425	0.505579	0.692034	0.832815	0.91118	0.92462	0.872562	0.75472	0.584519	0.382642	0.173787	-0.025308	-0.189759	-0.296036	-0.340614	-0.329743	-0.288816	-0.242022	-0.203129	-0.185081	-0.19356	-0.216271	-0.226379	-0.223553	-0.212543	
0.283509	0.49138	0.678514	0.827624	0.915562	0.930633	0.870749	0.743916	0.569671	0.367865	0.15877	-0.0358319	-0.199908	-0.314586	-0.368918	-0.365388	-0.331369	-0.293627	-0.258159	-0.225693	-0.210662	-0.213547	-0.209461	-0.194063	-0.172542	
0.24875	0.443094	0.621799	0.763212	0.847383	0.862674	0.804146	0.683975	0.518565	0.326645	0.133348	-0.0441121	-0.192248	-0.298488	-0.364508	-0.379367	-0.356587	-0.317655	-0.275892	-0.236332	-0.205727	-0.184597	-0.160784	-0.136211	-0.114868	
0.180549	0.345562	0.501426	0.626117	0.699422	0.711429	0.662247	0.55638	0.409806	0.245711	0.086136	-0.0562639	-0.172355	-0.257414	-0.31511	-0.342818	-0.333939	-0.295252	-0.249118	-0.206413	-0.168308	-0.135781	-0.0988787	-0.068079	-0.0517876	
0.0829865	0.197611	0.31308	0.408578	0.466842	0.477389	0.436872	0.355305	0.244271	0.127399	0.0211507	-0.0696042	-0.142438	-0.193756	-0.229213	-0.250598	-0.248814	-0.220689	-0.17969	-0.131317	-0.0879549	-0.0547275	-0.0263036	-0.00413609	0.00679752	
-0.0376952	0.0143472	0.0741205	0.128979	0.167292	0.174647	0.146525	0.09798	0.0377	-0.0185392	-0.0602927	-0.0856786	-0.100161	-0.104366	-0.1073	-0.107417	-0.101811	-0.0859653	-0.0587729	-0.0147647	0.0266123	0.0486136	0.0528233	0.0571414	0.0542477	
-0.161442	-0.181535	-0.187062	-0.185114	-0.177868	-0.1766	-0.182968	-0.186635	-0.185472	-0.171336	-0.140374	-0.0927453	-0.0383367	0.010441	0.0487009	0.0715985	0.0866652	0.0987377	0.113079	0.142728	0.167301	0.165317	0.143991	0.122274	0.0981916	
-0.280915	-0.380553	-0.459981	-0.518689	-0.552241	-0.557591	-0.535969	-0.485163	-0.41521	-0.32287	-0.211406	-0.0866338	0.0359467	0.145051	0.225181	0.272506	0.294836	0.303507	0.306017	0.312534	0.30496	0.276889	0.231405	0.186937	0.138859	
-0.380553	-0.567018	-0.728185	-0.854939	-0.930759	-0.943933	-0.892235	-0.783562	-0.635287	-0.457327	-0.261864	-0.0625982	0.126787	0.291931	0.410246	0.476809	0.502899	0.505134	0.492108	0.467761	0.427353	0.374279	0.311136	0.24452	0.1744	
-0.459981	-0.728185	-0.972566	-1.16516	-1.28081	-1.30078	-1.22191	-1.05735	-0.83077	-0.568165	-0.29592	-0.0283986	0.221689	0.433473	0.582447	0.662291	0.690477	0.684072	0.649531	0.593486	0.522528	0.447473	0.371676	0.287421	0.203064	
-0.518689	-0.854939	-1.16516	-1.41248	-1.56214	-1.58776	-1.48561	-1.27409	-0.983954	-0.654084	-0.31688	0.0064219	0.302021	0.548569	0.717555	0.810259	0.836613	0.814678	0.759683	0.679226	0.585989	0.494137	0.407046	0.316657	0.230924	
-0.552241	-0.930759	-1.28081	-1.56214	-1.7358	-1.766	-1.64656	-1.4042	-1.07624	-0.70493	-0.325445	0.0338972	0.353949	0.616024	0.797438	0.898038	0.92045	0.883626	0.814179	0.724273	0.622536	0.518184	0.422833	0.331703	0.251562	
-0.557591	-0.943933	-1.30078	-1.58776	-1.766	-1.79744	-1.67415	-1.42641	-1.09176	-0.71334	-0.326788	0.0387986	0.364027	0.627057	0.811653	0.913178	0.934811	0.895733	0.823106	0.731727	0.629836	0.522285	0.425853	0.333678	0.256174	
-0.535969	-0.892235	-1.22191	-1.48561	-1.64656	-1.67415	-1.56479	-1.33784	-1.02913	-0.679649	-0.322498	0.0183434	0.326735	0.582562	0.756362	0.8532	0.878322	0.850162	0.787766	0.701797	0.603285	0.506276	0.414863	0.324015	0.23992	
-0.485163	-0.783562	-1.05735	-1.27409	-1.4042	-1.42641	-1.33784	-1.1527	-0.897782	-0.605274	-0.304907	-0.013582	0.257076	0.484079	0.642096	0.727108	0.754764	0.743386	0.700212	0.632754	0.551926	0.4693	0.38917	0.301003	0.214718	
-0.41521	-0.635287	-0.83077	-0.983954	-1.07624	-1.09176	-1.02913	-0.897782	-0.718157	-0.505104	-0.277249	-0.0497072	0.164576	0.34983	0.482448	0.555187	0.581687	0.58115	0.55935	0.522685	0.468971	0.406403	0.337986	0.263548	0.186081	
-0.32287	-0.457327	-0.568165	-0.654084	-0.70493	-0.71334	-0.679649	-0.605274	-0.505104	-0.379169	-0.233268	-0.0785924	0.0707853	0.203031	0.299049	0.355232	0.378921	0.385419	0.382837	0.377538	0.356765	0.317937	0.264494	0.21091	0.154153	
-0.211406	-0.261864	-0.29592	-0.31688	-0.325445	-0.326788	-0.322498	-0.304907	-0.277249	-0.233268	-0.171523	-0.0926268	-0.0103327	0.0624732	0.11733	0.149827	0.168563	0.18002	0.189269	0.210747	0.223482	0.211128	0.179413	0.148632	0.114745	
-0.0866338	-0.0625982	-0.0283986	0.0064219	0.0338972	0.0387986	0.0183434	-0.013582	-0.0497072	-0.0785924	-0.0926268	-0.0895583	-0.0765076	-0.0609258	-0.0482415	-0.0395872	-0.0300522	-0.016418	0.00509139	0.0442107	0.0811861	0.0946589	0.0890147	0.0829153	0.0726696	
0.0359467	0.126787	0.221689	0.302021	0.353949	0.364027	0.326735	0.257076	0.164576	0.0707853	-0.0103327	-0.0765076	-0.128344	-0.161308	-0.185254	-0.198579	-0.196393	-0.174402	-0.137956	-0.0899482	-0.0461669	-0.0156228	0.0038559	0.0201831	0.0259672	
0.145051	0.291931	0.433473	0.548569	0.616024	0.627057	0.582562	0.484079	0.34983	0.203031	0.0624732	-0.0609258	-0.161308	-0.235089	-0.283945	-0.31218	-0.307457	-0.272102	-0.22643	-0.181401	-0.140947	-0.107002	-0.0706304	-0.0416742	-0.0266458	
0.225181	0.410246	0.582447	0.717555	0.797438	0.811653	0.756362	0.642096	0.482448	0.299049	0.11733	-0.0482415	-0.185254	-0.283945	-0.350145	-0.371948	-0.354936	-0.315299	-0.270484	-0.229489	-0.195806	-0.168253	-0.137332	-0.109316	-0.0899926	
0.272506	0.476809	0.662291	0.810259	0.898038	0.913178	0.8532	0.727108	0.555187	0.355232	0.149827	-0.0395872	-0.198579	-0.31218	-0.371948	-0.37518	-0.34476	-0.307732	-0.270276	-0.234577	-0.211508	-0.204392	-0.192681	-0.173322	-0.150327	
0.294836	0.502899	0.690477	0.836613	0.92045	0.934811	0.878322	0.754764	0.581687	0.378921	0.168563	-0.0300522	-0.196393	-0.307457	-0.354936	-0.34476	-0.306298	-0.264384	-0.228075	-0.203144	-0.202722	-0.219161	-0.22472	-0.216119	-0.200254	
0.303507	0.505134	0.684072	0.814678	0.883626	0.895733	0.850162	0.743386	0.58115	0.385419	0.18002	-0.016418	-0.174402	-0.272102	-0.315299	-0.307732	-0.264384	-0.209743	-0.168348	-0.157755	-0.175797	-0.201454	-0.216422	-0.22391	-0.220978	
0.306017	0.492108	0.649531	0.759683	0.814179	0.823106	0.787766	0.700212	0.55935	0.382837	0.189269	0.00509139	-0.137956	-0.22643	-0.270484	-0.270276	-0.228075	-0.168348	-0.130022	-0.122204	-0.137574	-0.159242	-0.18033	-0.197762	-0.20642	
0.312534	0.467761	0.593486	0.679226	0.724273	0.731727	0.701797	0.632754	0.522685	0.377538	0.210747	0.0442107	-0.0899482	-0.181401	-0.229489	-0.234577	-0.203144	-0.157755	-0.122204	-0.100665	-0.0975425	-0.110585	-0.126496	-0.141608	-0.153078	
0.30496	0.427353	0.522528	0.585989	0.622536	0.629836	0.603285	0.551926	0.468971	0.356765	0.223482	0.0811861	-0.0461669	-0.140947	-0.195806	-0.211508	-0.202722	-0.175797	-0.137574	-0.0975425	-0.0754996	-0.0714239	-0.0658204	-0.0639231	-0.0756834	
0.276889	0.374279	0.447473	0.494137	0.518184	0.522285	0.506276	0.4693	0.406403	0.317937	0.211128	0.0946589	-0.0156228	-0.107002	-0.168253	-0.204392	-0.219161	-0.201454	-0.159242	-0.110585	-0.0714239	-0.0423497	-0.0124085	0.0105283	0.00877414	
0.231405	0.311136	0.371676	0.407046	0.422833	0.425853	0.414863	0.38917	0.337986	0.264494	0.179413	0.0890147	0.0038559	-0.0706304	-0.137332	-0.192681	-0.22472	-0.216422	-0.18033	-0.126496	-0.0658204	-0.0124085	0.038039	0.0752732	0.0894189	
0.186937	0.24452	0.287421	0.316657	0.331703	0.333678	0.324015	0.301003	0.263548	0.21091	0.148632	0.0829153	0.0201831	-0.0416742	-0.109316	-0.173322	-0.216119	-0.22391	-0.197762	-0.141608	-0.0639231	0.0105283	0.0752732	0.127579	0.154073	
0.138859	0.1744	0.203064	0.230924	0.251562	0.256174	0.23992	0.214718	0.186081	0.154153	0.114745	0.0726696	0.0259672	-0.0266458	-0.0899926	-0.150327	-0.200254	-0.220978	-0.20642	-0.153078	-0.0756834	0.00877414	0.0894189	0.154073	0.179429	
