1.07165	1.21611	1.32973	1.41834	1.47243	1.48207	1.44509	1.36778	1.26516	1.13338	0.975608	0.823931	0.679725	0.526745	0.381838	0.256031	0.141699	0.0346002	-0.0696898	-0.171767	-0.259657	-0.322188	-0.380692	-0.450823	-0.515537	
1.07749	1.24293	1.376	1.47601	1.53424	1.54463	1.50537	1.41988	1.29994	1.14716	0.969102	0.792812	0.618637	0.435414	0.265538	0.121813	-0.00751497	-0.127409	-0.237388	-0.335927	-0.415039	-0.463722	-0.502877	-0.554426	-0.598643	
1.04538	1.20469	1.33257	1.42433	1.47424	1.48272	1.44943	1.37367	1.26035	1.11275	0.937447	0.752328	0.561726	0.362043	0.172787	0.00913097	-0.132879	-0.258892	-0.370148	-0.455695	-0.511803	-0.544885	-0.569107	-0.599786	-0.620878	
0.961515	1.09614	1.2033	1.27305	1.30643	1.31215	1.29068	1.23547	1.1427	1.01875	0.869266	0.695902	0.502994	0.300352	0.108849	-0.0590196	-0.205494	-0.331912	-0.437717	-0.510653	-0.54526	-0.557297	-0.566822	-0.583306	-0.588817	
0.816365	0.916255	0.9963	1.04374	1.06285	1.06567	1.05411	1.01965	0.951353	0.857992	0.746177	0.604796	0.437542	0.260462	0.087216	-0.0704143	-0.207523	-0.325537	-0.423064	-0.483585	-0.507446	-0.516804	-0.519966	-0.524881	-0.521101	
0.612267	0.672022	0.728006	0.759843	0.770475	0.771745	0.765474	0.743982	0.696123	0.636405	0.572533	0.48057	0.362033	0.238909	0.114277	-0.0119206	-0.133085	-0.242777	-0.335223	-0.391703	-0.410107	-0.424065	-0.438123	-0.440361	-0.431209	
0.37489	0.393732	0.42228	0.43811	0.442889	0.44362	0.441008	0.430792	0.404388	0.3802	0.368407	0.338687	0.287663	0.234397	0.170059	0.0886903	-0.0022264	-0.096876	-0.18416	-0.244191	-0.272743	-0.296852	-0.32253	-0.33406	-0.328467	
0.143635	0.115852	0.106017	0.0977441	0.0915725	0.0899655	0.0940596	0.10346	0.110844	0.129383	0.167405	0.196372	0.211463	0.230214	0.234253	0.204572	0.149092	0.0804888	0.010306	-0.0483619	-0.0931586	-0.143553	-0.191987	-0.217429	-0.22894	
-0.0626857	-0.135225	-0.192175	-0.236397	-0.26138	-0.265574	-0.249122	-0.211643	-0.159739	-0.0933696	-0.0122515	0.065938	0.137716	0.213462	0.277091	0.308798	0.303936	0.269289	0.222108	0.167561	0.104517	0.0253795	-0.0604623	-0.117021	-0.149139	
-0.240618	-0.354055	-0.457353	-0.533996	-0.574979	-0.581683	-0.554333	-0.491445	-0.397624	-0.286893	-0.170221	-0.0526372	0.0673536	0.192031	0.303196	0.383282	0.429387	0.43928	0.419663	0.368549	0.282723	0.175826	0.0631177	-0.0291623	-0.0907801	
-0.399214	-0.544445	-0.676231	-0.767426	-0.813994	-0.82193	-0.791578	-0.718241	-0.599392	-0.457522	-0.31121	-0.154147	0.00862602	0.165515	0.309147	0.424716	0.502781	0.546122	0.557945	0.520337	0.423159	0.295711	0.16717	0.057854	-0.0262447	
-0.529817	-0.691163	-0.833294	-0.925166	-0.96909	-0.97563	-0.947383	-0.87742	-0.75237	-0.594637	-0.43035	-0.244675	-0.0452772	0.132187	0.28198	0.410296	0.509951	0.575792	0.611807	0.599803	0.518958	0.399382	0.271246	0.151095	0.0543799	
-0.617869	-0.778657	-0.915265	-1.00293	-1.04716	-1.05435	-1.02505	-0.956807	-0.837999	-0.683627	-0.517421	-0.328017	-0.122535	0.0611481	0.212558	0.3403	0.450369	0.539837	0.597598	0.609477	0.5611	0.476039	0.37831	0.265905	0.159665	
-0.668125	-0.804236	-0.920549	-1.0047	-1.05396	-1.0629	-1.02934	-0.958631	-0.853411	-0.724013	-0.580447	-0.412292	-0.227675	-0.0582993	0.091103	0.225573	0.345185	0.452426	0.532916	0.571306	0.561557	0.519998	0.466465	0.386085	0.285874	
-0.691524	-0.790949	-0.873861	-0.942371	-0.986807	-0.994425	-0.963213	-0.903168	-0.826255	-0.73333	-0.623927	-0.497576	-0.354381	-0.207751	-0.0647099	0.0760035	0.210115	0.331635	0.425285	0.490694	0.533657	0.547856	0.541765	0.502032	0.41689	
-0.704994	-0.763762	-0.799115	-0.832237	-0.856437	-0.86084	-0.84344	-0.811768	-0.779812	-0.732616	-0.654718	-0.567208	-0.477207	-0.369387	-0.2408	-0.0974112	0.0527485	0.197095	0.309216	0.391529	0.478297	0.552567	0.591412	0.591934	0.530421	
-0.705302	-0.717371	-0.706337	-0.700572	-0.699187	-0.699479	-0.700691	-0.702556	-0.714181	-0.71511	-0.67896	-0.630221	-0.58358	-0.51344	-0.408234	-0.270934	-0.111671	0.0513307	0.194255	0.3029	0.409305	0.519535	0.591823	0.618239	0.585207	
-0.683805	-0.651768	-0.606104	-0.571694	-0.552415	-0.548843	-0.562506	-0.590768	-0.633811	-0.674733	-0.688916	-0.686837	-0.674938	-0.625788	-0.5324	-0.40504	-0.253588	-0.098257	0.0539197	0.195404	0.322564	0.445202	0.542042	0.590454	0.580282	
-0.646511	-0.581392	-0.51739	-0.465258	-0.432285	-0.425469	-0.448731	-0.495613	-0.554711	-0.62065	-0.679798	-0.715249	-0.721772	-0.689052	-0.611952	-0.501686	-0.373171	-0.243925	-0.107511	0.0490925	0.204352	0.340841	0.4536	0.527065	0.539875	
-0.587232	-0.51745	-0.457754	-0.394036	-0.345863	-0.336725	-0.370856	-0.432401	-0.493036	-0.556393	-0.635707	-0.69843	-0.715377	-0.696648	-0.652034	-0.58165	-0.490987	-0.390176	-0.268591	-0.108664	0.0655295	0.22119	0.346544	0.432987	0.465886	
-0.512977	-0.459898	-0.412146	-0.352748	-0.309171	-0.302349	-0.332002	-0.387724	-0.441385	-0.489503	-0.55721	-0.629524	-0.670532	-0.678916	-0.667333	-0.641855	-0.597626	-0.524254	-0.41318	-0.256195	-0.0773444	0.0875883	0.2238	0.314118	0.355795	
-0.44325	-0.396555	-0.360364	-0.3337	-0.321926	-0.32098	-0.327488	-0.347653	-0.381028	-0.42337	-0.477729	-0.538538	-0.595261	-0.643008	-0.670906	-0.680706	-0.675315	-0.62792	-0.527813	-0.38612	-0.217667	-0.0549171	0.0815565	0.17326	0.216119	
-0.379551	-0.338288	-0.32022	-0.331545	-0.349025	-0.352159	-0.339043	-0.322594	-0.327774	-0.361365	-0.407196	-0.456442	-0.514005	-0.585817	-0.656196	-0.70139	-0.717945	-0.68903	-0.603421	-0.488315	-0.353916	-0.209967	-0.0853293	0.00462761	0.0565897	
-0.330163	-0.307649	-0.306404	-0.333962	-0.359651	-0.363873	-0.3462	-0.315644	-0.303182	-0.319947	-0.346454	-0.385707	-0.447749	-0.526534	-0.616818	-0.692548	-0.723111	-0.704964	-0.643672	-0.563532	-0.479487	-0.380613	-0.281616	-0.195946	-0.119347	
-0.305723	-0.300099	-0.308871	-0.332189	-0.349554	-0.352462	-0.341078	-0.317649	-0.300929	-0.302436	-0.312237	-0.339257	-0.397925	-0.471356	-0.552386	-0.637449	-0.689802	-0.695913	-0.674235	-0.636233	-0.593223	-0.541566	-0.47548	-0.396561	-0.295693	
-0.301741	-0.311731	-0.322123	-0.323282	-0.322831	-0.323115	-0.322806	-0.32358	-0.317322	-0.3046	-0.30129	-0.317239	-0.357741	-0.417318	-0.483745	-0.557526	-0.626149	-0.67115	-0.698411	-0.707639	-0.697926	-0.679253	-0.642242	-0.570752	-0.455839	
-0.311731	-0.335209	-0.336671	-0.311002	-0.291053	-0.288239	-0.300867	-0.327824	-0.340493	-0.321757	-0.301624	-0.301925	-0.322907	-0.371266	-0.43514	-0.494289	-0.554924	-0.623498	-0.692096	-0.747854	-0.78256	-0.801933	-0.794887	-0.733578	-0.609554	
-0.322123	-0.336671	-0.332341	-0.305176	-0.275829	-0.269705	-0.292147	-0.323145	-0.337732	-0.329332	-0.313544	-0.305687	-0.311422	-0.341482	-0.39232	-0.439769	-0.489601	-0.567524	-0.666474	-0.763675	-0.846819	-0.906827	-0.92524	-0.875177	-0.747394	
-0.323282	-0.311002	-0.305176	-0.29996	-0.286997	-0.282879	-0.294808	-0.303793	-0.307494	-0.318145	-0.33028	-0.334353	-0.331983	-0.331147	-0.343186	-0.374496	-0.43182	-0.525289	-0.648175	-0.780727	-0.90219	-0.986647	-1.01251	-0.966048	-0.840024	
-0.322831	-0.291053	-0.275829	-0.286997	-0.307926	-0.312568	-0.295518	-0.277794	-0.282005	-0.309101	-0.340484	-0.358536	-0.356101	-0.333058	-0.309459	-0.324147	-0.393002	-0.501161	-0.637874	-0.794401	-0.940509	-1.03585	-1.0589	-1.00937	-0.885811	
-0.323115	-0.288239	-0.269705	-0.282879	-0.312568	-0.320295	-0.29548	-0.271486	-0.277415	-0.308244	-0.342028	-0.362077	-0.360504	-0.334498	-0.304439	-0.315346	-0.385491	-0.496093	-0.63612	-0.797257	-0.947226	-1.04466	-1.06664	-1.01557	-0.89325	
-0.322806	-0.300867	-0.292147	-0.294808	-0.295518	-0.29548	-0.29615	-0.292494	-0.294852	-0.313585	-0.335299	-0.345649	-0.343361	-0.331604	-0.326511	-0.350689	-0.41294	-0.513054	-0.643931	-0.787524	-0.919833	-1.01066	-1.03559	-0.987668	-0.863721	
-0.32358	-0.327824	-0.323145	-0.303793	-0.277794	-0.271486	-0.292494	-0.316798	-0.327449	-0.326397	-0.320173	-0.315696	-0.317696	-0.334854	-0.371252	-0.413857	-0.466072	-0.549382	-0.6577	-0.769238	-0.869872	-0.942328	-0.965965	-0.918882	-0.790803	
-0.317322	-0.340493	-0.337732	-0.307494	-0.282005	-0.277415	-0.294852	-0.327449	-0.344286	-0.327618	-0.305038	-0.299913	-0.314018	-0.356942	-0.41883	-0.472826	-0.527715	-0.600979	-0.682424	-0.755705	-0.810638	-0.846264	-0.851004	-0.794778	-0.667666	
-0.3046	-0.321757	-0.329332	-0.318145	-0.309101	-0.308244	-0.313585	-0.326397	-0.327618	-0.310586	-0.300398	-0.310017	-0.341765	-0.397752	-0.46303	-0.529277	-0.596501	-0.654516	-0.700502	-0.728644	-0.734494	-0.729735	-0.704682	-0.636417	-0.517749	
-0.30129	-0.301624	-0.313544	-0.33028	-0.340484	-0.342028	-0.335299	-0.320173	-0.305038	-0.300398	-0.305995	-0.328915	-0.381172	-0.449247	-0.523551	-0.606161	-0.667442	-0.688386	-0.685583	-0.665839	-0.636265	-0.599628	-0.545569	-0.469582	-0.362012	
-0.317239	-0.301925	-0.305687	-0.334353	-0.358536	-0.362077	-0.345649	-0.315696	-0.299913	-0.310017	-0.328915	-0.363711	-0.426384	-0.504074	-0.593327	-0.676379	-0.714489	-0.702758	-0.655673	-0.592315	-0.526601	-0.447393	-0.361537	-0.278685	-0.190715	
-0.357741	-0.322907	-0.311422	-0.331983	-0.356101	-0.360504	-0.343361	-0.317696	-0.314018	-0.341765	-0.381172	-0.426384	-0.485069	-0.561484	-0.643788	-0.702564	-0.724442	-0.70006	-0.62302	-0.521076	-0.405647	-0.277011	-0.16137	-0.0722843	-0.0119656	
-0.417318	-0.371266	-0.341482	-0.331147	-0.333058	-0.334498	-0.331604	-0.334854	-0.356942	-0.397752	-0.449247	-0.504074	-0.561484	-0.621568	-0.667644	-0.691889	-0.697345	-0.657932	-0.562393	-0.430299	-0.273043	-0.115515	0.0182514	0.109836	0.153948	
-0.483745	-0.43514	-0.39232	-0.343186	-0.309459	-0.304439	-0.326511	-0.371252	-0.41883	-0.46303	-0.523551	-0.593327	-0.643788	-0.667644	-0.670155	-0.659581	-0.632384	-0.569815	-0.46342	-0.311155	-0.13406	0.0318699	0.169848	0.260199	0.302516	
-0.557526	-0.494289	-0.439769	-0.374496	-0.324147	-0.315346	-0.350689	-0.413857	-0.472826	-0.529277	-0.606161	-0.676379	-0.702564	-0.691889	-0.659581	-0.607514	-0.53589	-0.447167	-0.329972	-0.169476	0.00865693	0.169652	0.299809	0.388428	0.426066	
-0.626149	-0.554924	-0.489601	-0.43182	-0.393002	-0.385491	-0.41294	-0.466072	-0.527715	-0.596501	-0.667442	-0.714489	-0.724442	-0.697345	-0.632384	-0.53589	-0.420697	-0.302332	-0.172467	-0.0143254	0.149749	0.294283	0.412843	0.493228	0.514503	
-0.67115	-0.623498	-0.567524	-0.525289	-0.501161	-0.496093	-0.513054	-0.549382	-0.600979	-0.654516	-0.688386	-0.702758	-0.70006	-0.657932	-0.569815	-0.447167	-0.302332	-0.156465	-0.00971291	0.140416	0.279263	0.406499	0.510134	0.568405	0.567609	
-0.698411	-0.692096	-0.666474	-0.648175	-0.637874	-0.63612	-0.643931	-0.6577	-0.682424	-0.700502	-0.685583	-0.655673	-0.62302	-0.562393	-0.46342	-0.329972	-0.172467	-0.00971291	0.141924	0.265342	0.378014	0.493819	0.577028	0.612561	0.589218	
-0.707639	-0.747854	-0.763675	-0.780727	-0.794401	-0.797257	-0.787524	-0.769238	-0.755705	-0.728644	-0.665839	-0.592315	-0.521076	-0.430299	-0.311155	-0.169476	-0.0143254	0.140416	0.265342	0.355226	0.45102	0.544123	0.598587	0.610967	0.56079	
-0.697926	-0.78256	-0.846819	-0.90219	-0.940509	-0.947226	-0.919833	-0.869872	-0.810638	-0.734494	-0.636265	-0.526601	-0.405647	-0.273043	-0.13406	0.00865693	0.149749	0.279263	0.378014	0.45102	0.514784	0.553759	0.565414	0.542733	0.467084	
-0.679253	-0.801933	-0.906827	-0.986647	-1.03585	-1.04466	-1.01066	-0.942328	-0.846264	-0.729735	-0.599628	-0.447393	-0.277011	-0.115515	0.0318699	0.169652	0.294283	0.406499	0.493819	0.544123	0.553759	0.532167	0.497445	0.434021	0.339027	
-0.642242	-0.794887	-0.92524	-1.01251	-1.0589	-1.06664	-1.03559	-0.965965	-0.851004	-0.704682	-0.545569	-0.361537	-0.16137	0.0182514	0.169848	0.299809	0.412843	0.510134	0.577028	0.598587	0.565414	0.497445	0.41647	0.314437	0.208253	
-0.570752	-0.733578	-0.875177	-0.966048	-1.00937	-1.01557	-0.987668	-0.918882	-0.794778	-0.636417	-0.469582	-0.278685	-0.0722843	0.109836	0.260199	0.388428	0.493228	0.568405	0.612561	0.610967	0.542733	0.434021	0.314437	0.194584	0.093323	
-0.455839	-0.609554	-0.747394	-0.840024	-0.885811	-0.89325	-0.863721	-0.790803	-0.667666	-0.517749	-0.362012	-0.190715	-0.0119656	0.153948	0.302516	0.426066	0.514503	0.567609	0.589218	0.56079	0.467084	0.339027	0.208253	0.093323	0.00343221	
