0.249725	0.279531	0.303351	0.324718	0.34607	0.349795	0.334301	0.311577	0.289514	0.263487	0.223012	0.16102	0.0864176	0.0052058	-0.073221	-0.157312	-0.245211	-0.330624	-0.404668	-0.459938	-0.507077	-0.528834	-0.542676	-0.544246	-0.525616	
0.207377	0.264062	0.312188	0.351445	0.382558	0.387801	0.366263	0.328301	0.284793	0.23062	0.170078	0.100444	0.0226219	-0.0543885	-0.131524	-0.212267	-0.296229	-0.368768	-0.421843	-0.457986	-0.480351	-0.482227	-0.471542	-0.447678	-0.409055	
0.181255	0.265463	0.333419	0.384542	0.419214	0.423644	0.401905	0.355078	0.295488	0.215642	0.130457	0.0480666	-0.0315919	-0.0999462	-0.175119	-0.255232	-0.337279	-0.396831	-0.428188	-0.440518	-0.433793	-0.417185	-0.384766	-0.347011	-0.293229	
0.187164	0.288712	0.375883	0.441838	0.480286	0.487826	0.460398	0.405064	0.32606	0.22825	0.124646	0.021643	-0.0635685	-0.135756	-0.204268	-0.28103	-0.356495	-0.403359	-0.418803	-0.403806	-0.376188	-0.34542	-0.30501	-0.258808	-0.195034	
0.213812	0.329232	0.435234	0.517918	0.564926	0.573301	0.54136	0.471924	0.373311	0.260897	0.142458	0.0291801	-0.0655295	-0.141731	-0.208498	-0.274107	-0.330609	-0.369531	-0.380046	-0.35967	-0.322684	-0.279885	-0.234667	-0.187521	-0.127775	
0.24601	0.381136	0.507367	0.605633	0.661179	0.670153	0.633714	0.550603	0.43407	0.300165	0.166214	0.0455111	-0.0474665	-0.116486	-0.177845	-0.233086	-0.277379	-0.308529	-0.321785	-0.30908	-0.277587	-0.233145	-0.182794	-0.134416	-0.0878822	
0.275027	0.429642	0.573521	0.681951	0.745251	0.754632	0.714156	0.621089	0.490665	0.335958	0.190565	0.0696588	-0.0162453	-0.0693106	-0.117254	-0.164106	-0.210442	-0.245317	-0.264895	-0.261774	-0.241751	-0.20916	-0.162528	-0.118767	-0.083233	
0.30547	0.46755	0.619617	0.730541	0.798494	0.810656	0.763515	0.669169	0.531765	0.36848	0.221125	0.108485	0.0285055	-0.018811	-0.0561506	-0.097848	-0.142779	-0.187966	-0.22211	-0.231616	-0.221618	-0.20007	-0.169775	-0.138538	-0.111592	
0.344	0.498094	0.641667	0.743249	0.807926	0.82181	0.772457	0.688083	0.559035	0.403675	0.26408	0.159513	0.0811111	0.0295013	-0.00829595	-0.0547785	-0.0978415	-0.144151	-0.19022	-0.218213	-0.223036	-0.207138	-0.185876	-0.167337	-0.153328	
0.388716	0.523245	0.644164	0.72392	0.771209	0.782889	0.744541	0.681752	0.575809	0.440764	0.317678	0.220344	0.137974	0.0768942	0.0284479	-0.0289739	-0.078692	-0.128955	-0.177811	-0.220097	-0.238108	-0.231379	-0.210811	-0.192071	-0.183654	
0.436224	0.549215	0.64257	0.693142	0.717568	0.721935	0.705285	0.667592	0.59115	0.480873	0.375737	0.285195	0.200466	0.125304	0.0552097	-0.0167473	-0.0791146	-0.138883	-0.200129	-0.249094	-0.278442	-0.280677	-0.257789	-0.227958	-0.207145	
0.491867	0.582705	0.649924	0.676276	0.678935	0.679488	0.678399	0.665271	0.613866	0.52939	0.435796	0.344662	0.258014	0.168535	0.0728998	-0.024706	-0.103423	-0.177349	-0.25281	-0.314719	-0.353764	-0.357646	-0.328289	-0.276705	-0.232307	
0.545203	0.620632	0.667924	0.67677	0.664	0.660729	0.671731	0.676151	0.643736	0.578282	0.490976	0.395386	0.297568	0.192178	0.0751103	-0.045103	-0.1467	-0.239405	-0.324442	-0.396824	-0.443945	-0.448655	-0.41117	-0.339448	-0.26868	
0.579509	0.646877	0.67924	0.672033	0.647663	0.643077	0.661407	0.680881	0.664457	0.610299	0.526342	0.426854	0.315337	0.18745	0.0519454	-0.0805642	-0.197282	-0.303909	-0.393362	-0.466393	-0.514786	-0.51783	-0.469094	-0.384796	-0.300862	
0.579664	0.638985	0.652401	0.626851	0.594208	0.588578	0.612186	0.645736	0.649842	0.608002	0.528745	0.427814	0.308639	0.166436	0.0177986	-0.121613	-0.242807	-0.349027	-0.436597	-0.504338	-0.542923	-0.538359	-0.48438	-0.397159	-0.310942	
0.533613	0.579799	0.575112	0.533244	0.491844	0.482391	0.514785	0.561154	0.58408	0.557452	0.48845	0.393322	0.273303	0.131905	-0.0158349	-0.156628	-0.28018	-0.376519	-0.44923	-0.501134	-0.525654	-0.509172	-0.45054	-0.3672	-0.28748	
0.436838	0.458814	0.43747	0.385231	0.333327	0.322713	0.361564	0.419271	0.455776	0.450623	0.404313	0.328902	0.226747	0.0988181	-0.0361315	-0.167628	-0.285585	-0.374818	-0.432903	-0.466714	-0.472955	-0.445068	-0.386137	-0.309373	-0.241235	
0.295238	0.281433	0.236988	0.179213	0.126739	0.115101	0.156234	0.214631	0.266281	0.294879	0.284121	0.241882	0.174474	0.0799488	-0.0333481	-0.146059	-0.25075	-0.334295	-0.388303	-0.409596	-0.398028	-0.362315	-0.303037	-0.233623	-0.177893	
0.119336	0.0618934	-0.00694682	-0.0693537	-0.122586	-0.133845	-0.092714	-0.0325682	0.033926	0.0999436	0.137055	0.140947	0.12106	0.0721552	-0.00535691	-0.0947204	-0.185452	-0.262807	-0.313707	-0.328328	-0.304095	-0.260532	-0.207221	-0.151557	-0.111408	
-0.0826935	-0.178095	-0.269059	-0.344365	-0.402154	-0.414547	-0.370546	-0.300609	-0.216306	-0.119764	-0.032188	0.0358332	0.075167	0.0726033	0.0333993	-0.0266342	-0.10175	-0.169321	-0.210104	-0.216379	-0.188782	-0.145725	-0.103421	-0.0690161	-0.0463259	
-0.286928	-0.41667	-0.534211	-0.622154	-0.675654	-0.685795	-0.64779	-0.573544	-0.466331	-0.339258	-0.207896	-0.0793084	0.0188989	0.0619331	0.0574131	0.0286734	-0.0198906	-0.0670573	-0.0887761	-0.0822939	-0.0545471	-0.0172391	0.0163412	0.0321416	0.0305527	
-0.480032	-0.645193	-0.78315	-0.872675	-0.914739	-0.920778	-0.894537	-0.825616	-0.705367	-0.54759	-0.377647	-0.209535	-0.0689931	0.0200695	0.0589324	0.0644969	0.0507312	0.0371722	0.039025	0.0595642	0.0930837	0.124443	0.144154	0.140566	0.111686	
-0.671055	-0.848281	-0.979596	-1.05839	-1.09748	-1.10401	-1.07828	-1.01707	-0.907422	-0.746081	-0.553825	-0.361225	-0.196347	-0.0681943	0.0192344	0.0675114	0.0940598	0.124692	0.162091	0.202426	0.241717	0.263619	0.262847	0.239524	0.19246	
-0.852852	-1.01092	-1.1159	-1.17662	-1.21044	-1.21681	-1.1931	-1.14414	-1.05938	-0.922105	-0.73863	-0.538716	-0.356073	-0.201715	-0.0762347	0.0222101	0.103883	0.185328	0.264391	0.32722	0.372466	0.388624	0.370494	0.329889	0.27461	
-1.00477	-1.12976	-1.20726	-1.24093	-1.25067	-1.25159	-1.24657	-1.22477	-1.16705	-1.05969	-0.911159	-0.73419	-0.546817	-0.372994	-0.215654	-0.0633972	0.0852435	0.221664	0.337987	0.427302	0.479938	0.493626	0.470597	0.421823	0.363178	
-1.1242	-1.21231	-1.26031	-1.266	-1.25358	-1.25043	-1.2612	-1.26704	-1.23683	-1.16327	-1.05592	-0.917611	-0.746243	-0.556238	-0.365439	-0.165414	0.0407862	0.22873	0.38473	0.50064	0.567443	0.584125	0.562392	0.51485	0.457656	
-1.21231	-1.25874	-1.27031	-1.26054	-1.24367	-1.23942	-1.25366	-1.26836	-1.26689	-1.23533	-1.16726	-1.0633	-0.918378	-0.730816	-0.510458	-0.274386	-0.0325014	0.197435	0.393089	0.538844	0.622623	0.64885	0.633664	0.598124	0.561675	
-1.26031	-1.27031	-1.25981	-1.24469	-1.22685	-1.22256	-1.23709	-1.25461	-1.26714	-1.26906	-1.23378	-1.15687	-1.04105	-0.869593	-0.638018	-0.375414	-0.110795	0.14283	0.36382	0.527866	0.628192	0.673616	0.675069	0.656456	0.644196	
-1.266	-1.26054	-1.24469	-1.22783	-1.20754	-1.20302	-1.2194	-1.23857	-1.25454	-1.26674	-1.25522	-1.20757	-1.11403	-0.955639	-0.7276	-0.456593	-0.177414	0.0843514	0.309193	0.480674	0.595576	0.659517	0.678111	0.674947	0.683765	
-1.25358	-1.24367	-1.22685	-1.20754	-1.19119	-1.18795	-1.20021	-1.21908	-1.23735	-1.25095	-1.254	-1.23356	-1.15217	-0.995381	-0.776287	-0.514112	-0.2322	0.0324958	0.255452	0.435072	0.559976	0.631758	0.659995	0.670596	0.698983	
-1.25043	-1.23942	-1.22256	-1.20302	-1.18795	-1.18579	-1.19537	-1.21485	-1.23316	-1.24689	-1.25332	-1.23771	-1.15932	-1.00068	-0.785084	-0.525997	-0.243784	0.0206725	0.24489	0.424657	0.553297	0.626453	0.656095	0.669545	0.701104	
-1.2612	-1.25366	-1.23709	-1.2194	-1.20021	-1.19537	-1.21132	-1.23039	-1.24741	-1.26025	-1.25586	-1.22081	-1.13257	-0.976755	-0.751936	-0.483172	-0.201737	0.0616855	0.284739	0.46053	0.579453	0.647271	0.670322	0.673676	0.692272	
-1.26704	-1.26836	-1.25461	-1.23857	-1.21908	-1.21485	-1.23039	-1.24902	-1.26302	-1.27157	-1.24688	-1.18082	-1.07559	-0.910634	-0.679374	-0.410185	-0.13846	0.119339	0.344122	0.511575	0.61833	0.67203	0.681053	0.668855	0.664619	
-1.23683	-1.26689	-1.26714	-1.25454	-1.23735	-1.23316	-1.24741	-1.26302	-1.2695	-1.25363	-1.19967	-1.10698	-0.974273	-0.792139	-0.564669	-0.317042	-0.0650214	0.177155	0.385863	0.540682	0.630845	0.66355	0.654303	0.625652	0.599164	
-1.16327	-1.23533	-1.26906	-1.26674	-1.25095	-1.24689	-1.26025	-1.27157	-1.25363	-1.19621	-1.10445	-0.981824	-0.820225	-0.628344	-0.424071	-0.208829	0.0139679	0.221261	0.393146	0.521548	0.594394	0.61399	0.594154	0.550253	0.499375	
-1.05592	-1.16726	-1.23378	-1.25522	-1.254	-1.25332	-1.25586	-1.24688	-1.19967	-1.10445	-0.972495	-0.81006	-0.62788	-0.446165	-0.275975	-0.102782	0.0716479	0.228432	0.36029	0.459457	0.518023	0.532074	0.508651	0.458905	0.399436	
-0.917611	-1.0633	-1.15687	-1.20757	-1.23356	-1.23771	-1.22081	-1.18082	-1.10698	-0.981824	-0.81006	-0.616345	-0.42895	-0.267793	-0.128919	-0.00852754	0.0990273	0.202623	0.296504	0.371031	0.417635	0.43207	0.41083	0.36632	0.310083	
-0.746243	-0.918378	-1.04105	-1.11403	-1.15217	-1.15932	-1.13257	-1.07559	-0.974273	-0.820225	-0.62788	-0.42895	-0.256752	-0.115654	-0.0120127	0.0555182	0.102154	0.1522	0.207232	0.255109	0.297121	0.316218	0.307414	0.276581	0.224774	
-0.556238	-0.730816	-0.869593	-0.955639	-0.995381	-1.00068	-0.976755	-0.910634	-0.792139	-0.628344	-0.446165	-0.267793	-0.115654	-0.00988676	0.0496921	0.0710362	0.0722041	0.0755286	0.0891501	0.117813	0.153478	0.181156	0.192954	0.181456	0.143796	
-0.365439	-0.510458	-0.638018	-0.7276	-0.776287	-0.785084	-0.751936	-0.679374	-0.564669	-0.424071	-0.275975	-0.128919	-0.0120127	0.0496921	0.061062	0.0457581	0.0106251	-0.0250216	-0.0380017	-0.0262183	0.00362426	0.0390072	0.0682552	0.0764893	0.0633759	
-0.165414	-0.274386	-0.375414	-0.456593	-0.514112	-0.525997	-0.483172	-0.410185	-0.317042	-0.208829	-0.102782	-0.00852754	0.0555182	0.0710362	0.0457581	-0.00175275	-0.0678179	-0.128876	-0.162769	-0.164435	-0.137377	-0.0968526	-0.0580353	-0.0315598	-0.0171629	
0.0407862	-0.0325014	-0.110795	-0.177414	-0.2322	-0.243784	-0.201737	-0.13846	-0.0650214	0.0139679	0.0716479	0.0990273	0.102154	0.0722041	0.0106251	-0.0678179	-0.153489	-0.227717	-0.275754	-0.28723	-0.260538	-0.215523	-0.166781	-0.11917	-0.0858175	
0.22873	0.197435	0.14283	0.0843514	0.0324958	0.0206725	0.0616855	0.119339	0.177155	0.221261	0.228432	0.202623	0.1522	0.0755286	-0.0250216	-0.128876	-0.227717	-0.309359	-0.362313	-0.380636	-0.362849	-0.323712	-0.266238	-0.200925	-0.150343	
0.38473	0.393089	0.36382	0.309193	0.255452	0.24489	0.284739	0.344122	0.385863	0.393146	0.36029	0.296504	0.207232	0.0891501	-0.0380017	-0.162769	-0.275754	-0.362313	-0.418143	-0.445972	-0.445491	-0.413844	-0.354191	-0.28002	-0.217343	
0.50064	0.538844	0.527866	0.480674	0.435072	0.424657	0.46053	0.511575	0.540682	0.521548	0.459457	0.371031	0.255109	0.117813	-0.0262183	-0.164435	-0.28723	-0.380636	-0.445972	-0.490553	-0.507762	-0.486536	-0.427606	-0.347302	-0.271286	
0.567443	0.622623	0.628192	0.595576	0.559976	0.553297	0.579453	0.61833	0.630845	0.594394	0.518023	0.417635	0.297121	0.153478	0.00362426	-0.137377	-0.260538	-0.362849	-0.445491	-0.507762	-0.540974	-0.532438	-0.476212	-0.389595	-0.305043	
0.584125	0.64885	0.673616	0.659517	0.631758	0.626453	0.647271	0.67203	0.66355	0.61399	0.532074	0.43207	0.316218	0.181156	0.0390072	-0.0968526	-0.215523	-0.323712	-0.413844	-0.486536	-0.532438	-0.532653	-0.48105	-0.394003	-0.308612	
0.562392	0.633664	0.675069	0.678111	0.659995	0.656095	0.670322	0.681053	0.654303	0.594154	0.508651	0.41083	0.307414	0.192954	0.0682552	-0.0580353	-0.166781	-0.266238	-0.354191	-0.427606	-0.476212	-0.48105	-0.439143	-0.361388	-0.283171	
0.51485	0.598124	0.656456	0.674947	0.670596	0.669545	0.673676	0.668855	0.625652	0.550253	0.458905	0.36632	0.276581	0.181456	0.0764893	-0.0315598	-0.11917	-0.200925	-0.28002	-0.347302	-0.389595	-0.394003	-0.361388	-0.301056	-0.245748	
0.457656	0.561675	0.644196	0.683765	0.698983	0.701104	0.692272	0.664619	0.599164	0.499375	0.399436	0.310083	0.224774	0.143796	0.0633759	-0.0171629	-0.0858175	-0.150343	-0.217343	-0.271286	-0.305043	-0.308612	-0.283171	-0.245748	-0.216355	
