-0.192786	-0.115449	-0.0365822	0.0423562	0.0994333	0.109427	0.0701288	-0.0044963	-0.0842985	-0.16208	-0.236924	-0.302729	-0.34051	-0.330559	-0.28466	-0.249089	-0.248062	-0.28943	-0.359749	-0.437437	-0.5156	-0.586103	-0.64025	-0.657299	-0.628838	
-0.212808	-0.131648	-0.0389088	0.0527657	0.120586	0.134018	0.0846358	-0.00106729	-0.0956621	-0.181827	-0.258379	-0.321816	-0.356445	-0.351944	-0.312781	-0.27624	-0.267452	-0.293376	-0.349122	-0.415773	-0.482591	-0.546809	-0.609148	-0.642655	-0.631484	
-0.23168	-0.139333	-0.0308294	0.072132	0.145077	0.159317	0.106036	0.0128681	-0.0974222	-0.19629	-0.28023	-0.341567	-0.372589	-0.369551	-0.340922	-0.306791	-0.285937	-0.289225	-0.32238	-0.371824	-0.423039	-0.480975	-0.547669	-0.600294	-0.61131	
-0.237104	-0.12602	-0.00287939	0.111384	0.187746	0.201663	0.147933	0.0455336	-0.0775983	-0.194775	-0.292602	-0.365316	-0.398558	-0.400024	-0.375857	-0.339979	-0.301226	-0.281394	-0.289366	-0.315852	-0.350148	-0.404068	-0.476706	-0.542432	-0.573103	
-0.208763	-0.0829541	0.0531246	0.177654	0.256092	0.268988	0.216322	0.106152	-0.0286656	-0.160695	-0.272862	-0.363246	-0.419475	-0.439487	-0.423853	-0.383676	-0.325843	-0.279995	-0.25989	-0.264507	-0.288351	-0.335911	-0.40995	-0.484228	-0.526838	
-0.138309	0.00586286	0.156806	0.290168	0.370851	0.384176	0.330359	0.214178	0.0665461	-0.0828869	-0.215601	-0.334898	-0.42464	-0.468745	-0.466486	-0.424596	-0.357266	-0.295109	-0.251066	-0.239462	-0.256159	-0.297071	-0.364747	-0.436792	-0.490793	
-0.0244192	0.141601	0.304398	0.440133	0.519226	0.531739	0.479829	0.363661	0.207713	0.0416682	-0.12238	-0.27624	-0.399684	-0.469577	-0.485809	-0.454033	-0.393125	-0.326978	-0.269236	-0.240135	-0.240388	-0.269717	-0.326812	-0.396282	-0.464042	
0.128882	0.31651	0.489684	0.624237	0.697901	0.709901	0.66143	0.549639	0.38814	0.205769	0.0119956	-0.171679	-0.324132	-0.421149	-0.465593	-0.463028	-0.425968	-0.367771	-0.305672	-0.262408	-0.247475	-0.264126	-0.30935	-0.374747	-0.442251	
0.312547	0.522155	0.7039	0.835903	0.904912	0.916737	0.870938	0.763574	0.599152	0.398156	0.184744	-0.0211636	-0.190606	-0.319855	-0.402995	-0.44011	-0.432195	-0.386589	-0.33108	-0.285167	-0.262742	-0.275511	-0.316274	-0.37237	-0.433993	
0.519836	0.742947	0.932776	1.06477	1.13602	1.14779	1.10009	0.993768	0.824555	0.611559	0.379871	0.161483	-0.0240251	-0.174186	-0.291135	-0.360922	-0.384012	-0.360987	-0.322843	-0.29105	-0.275989	-0.296827	-0.3415	-0.387943	-0.433926	
0.736611	0.967146	1.15499	1.28856	1.36104	1.37076	1.32545	1.21575	1.04784	0.832277	0.591717	0.365502	0.170653	0.00545493	-0.131069	-0.227794	-0.276698	-0.283953	-0.274026	-0.264637	-0.270989	-0.305614	-0.355309	-0.39468	-0.422907	
0.952507	1.17449	1.35961	1.49364	1.56301	1.5729	1.52977	1.42036	1.25381	1.04427	0.81117	0.584247	0.384914	0.210104	0.0617575	-0.0489039	-0.112765	-0.155997	-0.182469	-0.206865	-0.240638	-0.288143	-0.347824	-0.38619	-0.403252	
1.1512	1.35488	1.53035	1.66229	1.72971	1.73915	1.69734	1.59026	1.42851	1.23593	1.01925	0.797283	0.595966	0.420328	0.278303	0.164366	0.0838709	0.0172713	-0.0434874	-0.104726	-0.170158	-0.240388	-0.308961	-0.355928	-0.373266	
1.31328	1.4992	1.66176	1.77829	1.83981	1.85027	1.80937	1.71506	1.56764	1.39035	1.19016	0.981727	0.788398	0.628021	0.494067	0.3831	0.294754	0.218994	0.135796	0.035091	-0.065286	-0.156842	-0.241673	-0.299985	-0.322602	
1.41727	1.58789	1.73816	1.84356	1.89584	1.90346	1.87062	1.78685	1.65179	1.48749	1.30795	1.12105	0.946355	0.80485	0.692846	0.595768	0.509113	0.42719	0.323751	0.193644	0.0611863	-0.0590439	-0.163981	-0.237421	-0.27481	
1.44431	1.59213	1.73146	1.83687	1.8897	1.89653	1.86444	1.77919	1.64955	1.50468	1.3505	1.18983	1.04355	0.935418	0.853565	0.777377	0.703864	0.619829	0.50553	0.359427	0.201641	0.0510069	-0.0837743	-0.189388	-0.250488	
1.37222	1.50058	1.62915	1.73854	1.80011	1.80933	1.77022	1.67675	1.55221	1.42368	1.29688	1.17215	1.07078	1.0045	0.954581	0.904765	0.856917	0.78484	0.672974	0.519556	0.344108	0.167554	-0.00562563	-0.148154	-0.243475	
1.21921	1.3262	1.44587	1.55415	1.62355	1.63584	1.58816	1.49231	1.37312	1.25989	1.16558	1.08597	1.02409	0.994695	0.988186	0.984554	0.966463	0.907984	0.801794	0.649464	0.466912	0.269174	0.0685308	-0.108605	-0.241591	
1.03146	1.11345	1.21666	1.31492	1.38819	1.40311	1.34857	1.25775	1.15346	1.06029	0.9931	0.945364	0.916681	0.925241	0.962427	1.00586	1.01908	0.980162	0.883888	0.740692	0.558843	0.349024	0.137638	-0.0608098	-0.228344	
0.828475	0.899304	0.988058	1.07592	1.14257	1.15626	1.10659	1.02412	0.934433	0.853464	0.797035	0.764312	0.770392	0.812267	0.882151	0.959854	1.01106	1.00364	0.930329	0.809505	0.640358	0.432671	0.215056	0.00288976	-0.18952	
0.625018	0.699207	0.787555	0.87311	0.931168	0.941703	0.901154	0.823213	0.733405	0.652745	0.59218	0.568621	0.594929	0.662916	0.763775	0.874566	0.96116	0.99172	0.961625	0.874401	0.726688	0.531544	0.317259	0.0963578	-0.105327	
0.451891	0.536641	0.623955	0.706902	0.764029	0.773545	0.734377	0.658336	0.571531	0.483996	0.414472	0.390571	0.423754	0.509396	0.642231	0.785497	0.902637	0.975471	0.995243	0.943455	0.820797	0.649896	0.446477	0.231351	0.0244931	
0.332794	0.427613	0.515932	0.593734	0.651726	0.663065	0.61999	0.548544	0.464843	0.369672	0.288125	0.262857	0.298796	0.396484	0.548326	0.720287	0.867548	0.976772	1.03718	1.02203	0.936369	0.792622	0.603269	0.396653	0.184816	
0.272195	0.370835	0.464107	0.542411	0.599008	0.610679	0.568688	0.497207	0.409988	0.310053	0.225164	0.195291	0.236722	0.33943	0.497986	0.687633	0.866129	1.01304	1.10744	1.13658	1.08983	0.966098	0.792174	0.587497	0.369764	
0.271561	0.367848	0.469791	0.558272	0.613521	0.62362	0.58516	0.508144	0.408865	0.307922	0.225205	0.19564	0.235716	0.340922	0.500777	0.69965	0.898239	1.07275	1.20856	1.28101	1.26422	1.16379	1.00611	0.806037	0.585026	
0.335185	0.437109	0.539363	0.62739	0.681359	0.6899	0.653893	0.577499	0.478963	0.373628	0.289817	0.263912	0.30192	0.396828	0.550231	0.745854	0.950836	1.14654	1.31761	1.42765	1.43933	1.36193	1.22187	1.035	0.823233	
0.437109	0.548307	0.651043	0.731442	0.783739	0.793583	0.756313	0.686237	0.592085	0.479747	0.387319	0.36214	0.399071	0.48656	0.628174	0.816884	1.02642	1.24313	1.43908	1.56684	1.60098	1.54296	1.41814	1.24998	1.05328	
0.539363	0.651043	0.75929	0.838706	0.883913	0.892598	0.861017	0.794501	0.697162	0.58134	0.490646	0.458503	0.48887	0.573923	0.716046	0.905001	1.12296	1.35673	1.56461	1.70145	1.74656	1.70102	1.58778	1.43247	1.24019	
0.62739	0.731442	0.838706	0.918136	0.958887	0.966086	0.938676	0.874759	0.776345	0.666148	0.580412	0.540851	0.565401	0.654414	0.801119	0.990727	1.21647	1.4619	1.67414	1.80856	1.85118	1.81089	1.71548	1.56666	1.37358	
0.681359	0.783739	0.883913	0.958887	1.00132	1.0085	0.979657	0.917653	0.825905	0.719796	0.635349	0.596837	0.622957	0.712356	0.858818	1.05219	1.28793	1.53472	1.73892	1.8645	1.90237	1.86794	1.78107	1.63532	1.4446	
0.6899	0.793583	0.892598	0.966086	1.0085	1.01608	0.987077	0.925324	0.835236	0.72876	0.644873	0.607962	0.634569	0.722318	0.868464	1.06441	1.30313	1.54823	1.74901	1.87201	1.90949	1.87801	1.79053	1.64486	1.45413	
0.653893	0.756313	0.861017	0.938676	0.979657	0.987077	0.959265	0.896217	0.800261	0.692365	0.607267	0.56759	0.591584	0.681766	0.828966	1.01985	1.2493	1.4962	1.70724	1.83785	1.87772	1.83962	1.74953	1.60247	1.41048	
0.577499	0.686237	0.794501	0.874759	0.917653	0.925324	0.896217	0.830478	0.732156	0.618075	0.529532	0.493418	0.521264	0.60729	0.75151	0.940255	1.16171	1.40126	1.612	1.74906	1.79454	1.75187	1.6456	1.49354	1.30058	
0.478963	0.592085	0.697162	0.776345	0.825905	0.835236	0.800261	0.732156	0.636622	0.522231	0.42881	0.402048	0.436764	0.522465	0.662484	0.851243	1.06428	1.28748	1.48898	1.62148	1.66242	1.6102	1.48891	1.32734	1.13388	
0.373628	0.479747	0.58134	0.666148	0.719796	0.72876	0.692365	0.618075	0.522231	0.414055	0.326566	0.301416	0.33984	0.431007	0.579627	0.771549	0.977274	1.18227	1.36536	1.48453	1.50603	1.43647	1.30354	1.12439	0.918478	
0.289817	0.387319	0.490646	0.580412	0.635349	0.644873	0.607267	0.529532	0.42881	0.326566	0.244322	0.216733	0.255398	0.357364	0.515141	0.714936	0.916927	1.09965	1.25175	1.34046	1.33532	1.24446	1.09287	0.8977	0.678839	
0.263912	0.36214	0.458503	0.540851	0.596837	0.607962	0.56759	0.493418	0.402048	0.301416	0.216733	0.186617	0.228266	0.333034	0.492702	0.686875	0.876306	1.03573	1.14516	1.19252	1.15842	1.04369	0.875705	0.671852	0.452165	
0.30192	0.399071	0.48887	0.565401	0.622957	0.634569	0.591584	0.521264	0.436764	0.33984	0.255398	0.228266	0.266228	0.367251	0.522678	0.702697	0.862436	0.986959	1.06113	1.06295	0.993226	0.85792	0.675583	0.470501	0.255618	
0.396828	0.48656	0.573923	0.654414	0.712356	0.722318	0.681766	0.60729	0.522465	0.431007	0.357364	0.333034	0.367251	0.457532	0.599554	0.755759	0.885205	0.972777	1.00963	0.972379	0.862872	0.703968	0.505188	0.293843	0.0851303	
0.550231	0.628174	0.716046	0.801119	0.858818	0.868464	0.828966	0.75151	0.662484	0.579627	0.515141	0.492702	0.522678	0.599554	0.713612	0.8376	0.936535	0.984735	0.975583	0.902311	0.762849	0.576236	0.366382	0.146616	-0.0579302	
0.745854	0.816884	0.905001	0.990727	1.05219	1.06441	1.01985	0.940255	0.851243	0.771549	0.714936	0.686875	0.702697	0.755759	0.8376	0.928248	0.994617	1.00137	0.942348	0.834525	0.674352	0.470058	0.251653	0.0342457	-0.161695	
0.950836	1.02642	1.12296	1.21647	1.28793	1.30313	1.2493	1.16171	1.06428	0.977274	0.916927	0.876306	0.862436	0.885205	0.936535	0.994617	1.02264	0.995185	0.906686	0.770263	0.591248	0.380921	0.16689	-0.0361024	-0.21679	
1.14654	1.24313	1.35673	1.4619	1.53472	1.54823	1.4962	1.40126	1.28748	1.18227	1.09965	1.03573	0.986959	0.972777	0.984735	1.00137	0.995185	0.942734	0.839584	0.690145	0.50675	0.302541	0.0960408	-0.0915727	-0.238899	
1.31761	1.43908	1.56461	1.67414	1.73892	1.74901	1.70724	1.612	1.48898	1.36536	1.25175	1.14516	1.06113	1.00963	0.975583	0.942348	0.906686	0.839584	0.729621	0.575937	0.396985	0.211981	0.024773	-0.132877	-0.243075	
1.42765	1.56684	1.70145	1.80856	1.8645	1.87201	1.83785	1.74906	1.62148	1.48453	1.34046	1.19252	1.06295	0.972379	0.902311	0.834525	0.770263	0.690145	0.575937	0.425643	0.2591	0.0973207	-0.052244	-0.171497	-0.246027	
1.43933	1.60098	1.74656	1.85118	1.90237	1.90949	1.87772	1.79454	1.66242	1.50603	1.33532	1.15842	0.993226	0.862872	0.762849	0.674352	0.591248	0.50675	0.396985	0.2591	0.116671	-0.0165066	-0.131887	-0.217435	-0.262466	
1.36193	1.54296	1.70102	1.81089	1.86794	1.87801	1.83962	1.75187	1.6102	1.43647	1.24446	1.04369	0.85792	0.703968	0.576236	0.470058	0.380921	0.302541	0.211981	0.0973207	-0.0165066	-0.118151	-0.211004	-0.273363	-0.301423	
1.22187	1.41814	1.58778	1.71548	1.78107	1.79053	1.74953	1.6456	1.48891	1.30354	1.09287	0.875705	0.675583	0.505188	0.366382	0.251653	0.16689	0.0960408	0.024773	-0.052244	-0.131887	-0.211004	-0.285002	-0.336581	-0.354884	
1.035	1.24998	1.43247	1.56666	1.63532	1.64486	1.60247	1.49354	1.32734	1.12439	0.8977	0.671852	0.470501	0.293843	0.146616	0.0342457	-0.0361024	-0.0915727	-0.132877	-0.171497	-0.217435	-0.273363	-0.336581	-0.37694	-0.39334	
0.823233	1.05328	1.24019	1.37358	1.4446	1.45413	1.41048	1.30058	1.13388	0.918478	0.678839	0.452165	0.255618	0.0851303	-0.0579302	-0.161695	-0.21679	-0.238899	-0.243075	-0.246027	-0.262466	-0.301423	-0.354884	-0.39334	-0.415626	
