0.242727	0.453425	0.635922	0.766283	0.838766	0.850244	0.802835	0.694595	0.531759	0.327883	0.117063	-0.0630763	-0.175219	-0.214031	-0.187566	-0.122173	-0.0273688	0.0824333	0.19705	0.30126	0.393561	0.480652	0.55987	0.612742	0.622933	
0.23445	0.4208	0.576887	0.682226	0.737728	0.746055	0.710693	0.625177	0.488752	0.310606	0.121649	-0.0391518	-0.140352	-0.175825	-0.1596	-0.110561	-0.0398394	0.0434188	0.129366	0.210828	0.295868	0.394857	0.501298	0.591513	0.640014	
0.231347	0.391859	0.520344	0.601357	0.640138	0.645803	0.621584	0.558353	0.448603	0.297236	0.133397	-0.0079168	-0.0955918	-0.131041	-0.12241	-0.0920518	-0.0420871	0.0131756	0.0701287	0.126073	0.197019	0.297231	0.418257	0.532468	0.617226	
0.227765	0.361303	0.461817	0.518955	0.542848	0.54479	0.532653	0.488776	0.407576	0.282217	0.146843	0.0254137	-0.0485659	-0.083585	-0.0842332	-0.068941	-0.0406351	-0.00905629	0.0191755	0.0506646	0.105487	0.197186	0.32118	0.446007	0.554783	
0.218299	0.323082	0.395939	0.430906	0.439853	0.44029	0.436629	0.414019	0.356969	0.262281	0.152262	0.0553724	-0.00876146	-0.0412175	-0.0524218	-0.0505162	-0.0406482	-0.0311855	-0.0254979	-0.0154225	0.0250561	0.106518	0.223009	0.350563	0.470975	
0.207762	0.283465	0.328209	0.34227	0.33747	0.336368	0.340982	0.337386	0.305603	0.240239	0.159406	0.085023	0.0341176	0.0016063	-0.0166276	-0.0277085	-0.0332612	-0.0415659	-0.0554224	-0.0597549	-0.0328707	0.0372682	0.14053	0.258202	0.379471	
0.205989	0.250686	0.269091	0.261896	0.246019	0.242178	0.255392	0.268541	0.261806	0.22603	0.17431	0.124116	0.084409	0.0543608	0.0274312	0.00684931	-0.0137524	-0.0368959	-0.0655857	-0.0823698	-0.0646097	-0.00918611	0.0766542	0.175841	0.282332	
0.211928	0.227755	0.219653	0.194683	0.167145	0.163024	0.181501	0.211884	0.226619	0.221028	0.196271	0.169193	0.139231	0.108745	0.0736597	0.0401988	0.0057877	-0.0337991	-0.0756386	-0.102236	-0.0946678	-0.0512207	0.0130398	0.092157	0.177693	
0.210128	0.196933	0.165244	0.122407	0.0864728	0.0802683	0.105262	0.149045	0.186007	0.20733	0.210345	0.203685	0.183207	0.151526	0.107608	0.0629492	0.0135308	-0.0386938	-0.0923578	-0.124388	-0.123259	-0.0905245	-0.042285	0.0157521	0.0820452	
0.194779	0.154002	0.0993603	0.0403861	-0.00322375	-0.010975	0.0194075	0.0757105	0.13316	0.180993	0.21039	0.223925	0.212523	0.180119	0.129482	0.074086	0.0140626	-0.049712	-0.107971	-0.142546	-0.141374	-0.114364	-0.0773303	-0.0333036	0.0148035	
0.185069	0.117813	0.0405287	-0.0328529	-0.0841594	-0.0924754	-0.0580419	0.0104415	0.0869697	0.160788	0.215835	0.249129	0.247094	0.215002	0.158734	0.0948649	0.0244241	-0.0469355	-0.11009	-0.142788	-0.143049	-0.118869	-0.0922583	-0.06092	-0.0286864	
0.185502	0.0922082	-0.00501054	-0.0931729	-0.149676	-0.160154	-0.120603	-0.0426323	0.0530171	0.150124	0.230349	0.28134	0.288813	0.256609	0.195894	0.123341	0.0442009	-0.0352141	-0.10032	-0.133134	-0.132191	-0.113583	-0.0939616	-0.0758309	-0.0572387	
0.193802	0.0784897	-0.0385901	-0.138273	-0.200702	-0.211754	-0.168834	-0.081692	0.0306903	0.149472	0.252266	0.319127	0.334491	0.301544	0.235542	0.153949	0.0649787	-0.022245	-0.0908411	-0.123512	-0.124382	-0.109753	-0.0987729	-0.0892642	-0.0834097	
0.204946	0.0679663	-0.0658021	-0.176953	-0.24378	-0.255736	-0.209828	-0.114318	0.0127933	0.151977	0.274576	0.356418	0.378182	0.34491	0.273488	0.183276	0.0848117	-0.00984522	-0.0815801	-0.115026	-0.118007	-0.10899	-0.104664	-0.105045	-0.107171	
0.214566	0.0599949	-0.0896406	-0.21029	-0.280808	-0.294071	-0.244581	-0.143267	-0.00132362	0.15395	0.296032	0.388715	0.417423	0.381646	0.3056	0.205772	0.0982101	-0.00401938	-0.0786585	-0.113715	-0.118622	-0.115138	-0.115896	-0.12247	-0.130854	
0.225254	0.0538462	-0.109577	-0.238554	-0.313093	-0.326213	-0.275435	-0.166755	-0.0141945	0.158364	0.314731	0.420044	0.452063	0.416584	0.33429	0.227036	0.110352	0.00204251	-0.0751934	-0.111062	-0.118497	-0.118268	-0.123522	-0.132779	-0.143161	
0.241264	0.0554762	-0.120722	-0.257561	-0.334867	-0.349189	-0.295425	-0.182313	-0.0174216	0.167797	0.340494	0.454102	0.493173	0.455847	0.371608	0.256985	0.134791	0.0224944	-0.0547553	-0.0895659	-0.0966042	-0.0985428	-0.103401	-0.114528	-0.123177	
0.290448	0.0907126	-0.0971711	-0.241073	-0.321693	-0.336133	-0.280952	-0.161909	0.0122133	0.211748	0.396526	0.521552	0.564357	0.529856	0.441812	0.323786	0.195966	0.0814628	0.00470791	-0.0296699	-0.0370996	-0.0409831	-0.048527	-0.0599492	-0.0710723	
0.384296	0.172727	-0.0260147	-0.176136	-0.2598	-0.274445	-0.217588	-0.0937111	0.0897751	0.300696	0.498324	0.631175	0.680572	0.645787	0.557467	0.433716	0.302164	0.184317	0.106408	0.0710599	0.0595095	0.0503177	0.0374519	0.0184925	0.00275578	
0.515589	0.293584	0.0863529	-0.0696589	-0.155238	-0.170763	-0.111894	0.0155998	0.207047	0.427764	0.634874	0.775346	0.827216	0.793708	0.700603	0.572444	0.433324	0.310852	0.22908	0.18812	0.170497	0.151732	0.130145	0.102806	0.0766924	
0.650239	0.42024	0.204856	0.044914	-0.0436444	-0.0584271	0.00065718	0.132754	0.329813	0.559585	0.774485	0.920666	0.975831	0.941033	0.845796	0.710547	0.566165	0.437565	0.351186	0.304907	0.278174	0.250982	0.218953	0.181673	0.146961	
0.755091	0.517129	0.295686	0.130767	0.0411835	0.0250935	0.0864435	0.220615	0.424477	0.660751	0.883388	1.03474	1.09248	1.05882	0.960175	0.822085	0.671754	0.540504	0.450883	0.400181	0.368809	0.33352	0.295941	0.251684	0.210005	
0.801239	0.556454	0.327878	0.159662	0.067069	0.0518955	0.113182	0.251928	0.460115	0.704704	0.933684	1.09149	1.15338	1.12154	1.02395	0.883264	0.732625	0.599706	0.510552	0.458903	0.42406	0.386733	0.344579	0.298217	0.253861	
0.76103	0.508733	0.274615	0.101722	0.00794643	-0.00839965	0.0550733	0.19595	0.410452	0.660982	0.897746	1.06156	1.12865	1.1013	1.00528	0.867438	0.717197	0.588645	0.502595	0.454533	0.42297	0.387116	0.349628	0.30635	0.267135	
0.621353	0.362669	0.122277	-0.05386	-0.150245	-0.166062	-0.10225	0.0426305	0.261249	0.519181	0.762224	0.933234	1.0064	0.984231	0.893626	0.758928	0.615002	0.491756	0.414473	0.374047	0.350302	0.324367	0.29618	0.266276	0.240296	
0.39423	0.128782	-0.116663	-0.296712	-0.394582	-0.411057	-0.345656	-0.198366	0.0254133	0.289046	0.539181	0.717074	0.797026	0.782314	0.697538	0.57109	0.434052	0.322509	0.256176	0.229346	0.219537	0.208518	0.198876	0.187752	0.18414	
0.128782	-0.142249	-0.392709	-0.575797	-0.675525	-0.692026	-0.625805	-0.475631	-0.247942	0.0214431	0.277638	0.462172	0.549269	0.541219	0.464598	0.34496	0.218494	0.116999	0.0648828	0.0517127	0.0577348	0.0645771	0.0740459	0.0858884	0.105906	
-0.116663	-0.392709	-0.647047	-0.832772	-0.933999	-0.950579	-0.883622	-0.731138	-0.50017	-0.226048	0.0350714	0.225674	0.318235	0.317343	0.246355	0.135074	0.0156746	-0.0746191	-0.116447	-0.116549	-0.0975504	-0.0759784	-0.0496226	-0.0199133	0.0206637	
-0.296712	-0.575797	-0.832772	-1.02042	-1.12237	-1.13937	-1.07149	-0.917898	-0.684251	-0.407538	-0.142528	0.0511782	0.148302	0.150592	0.0846609	-0.0233413	-0.136589	-0.221919	-0.255932	-0.249233	-0.221673	-0.191051	-0.154324	-0.112545	-0.0590916	
-0.394582	-0.675525	-0.933999	-1.12237	-1.22524	-1.24182	-1.1742	-1.01916	-0.784981	-0.505865	-0.239866	-0.0432777	0.0548918	0.0603141	-0.00466792	-0.10949	-0.221433	-0.303123	-0.334881	-0.324446	-0.293989	-0.259366	-0.218558	-0.171711	-0.112397	
-0.411057	-0.692026	-0.950579	-1.13937	-1.24182	-1.25903	-1.19063	-1.03633	-0.801079	-0.522784	-0.255535	-0.0598847	0.0395966	0.0440503	-0.0197027	-0.125337	-0.236233	-0.318277	-0.349084	-0.338546	-0.307071	-0.2721	-0.229955	-0.182406	-0.121786	
-0.345656	-0.625805	-0.883622	-1.07149	-1.1742	-1.19063	-1.12332	-0.96846	-0.735087	-0.4565	-0.191603	0.00427649	0.101338	0.105912	0.0400281	-0.065842	-0.178674	-0.261908	-0.294861	-0.286118	-0.257235	-0.224412	-0.185974	-0.141409	-0.085124	
-0.198366	-0.475631	-0.731138	-0.917898	-1.01916	-1.03633	-0.96846	-0.816038	-0.583226	-0.308614	-0.0450703	0.146213	0.241451	0.241454	0.173233	0.0632011	-0.0531954	-0.14117	-0.179252	-0.175991	-0.152608	-0.126861	-0.0950177	-0.0597842	-0.0127426	
0.0254133	-0.247942	-0.50017	-0.684251	-0.784981	-0.801079	-0.735087	-0.583226	-0.354798	-0.0825231	0.175029	0.363014	0.451784	0.447537	0.37298	0.257323	0.133805	0.0371368	-0.0104546	-0.0179456	-0.00644301	0.00693116	0.02317	0.043027	0.0717889	
0.289046	0.0214431	-0.226048	-0.407538	-0.505865	-0.522784	-0.4565	-0.308614	-0.0825231	0.182795	0.436063	0.615983	0.699278	0.686865	0.605527	0.481774	0.348732	0.241409	0.180619	0.159524	0.156372	0.152294	0.15095	0.148841	0.155204	
0.539181	0.277638	0.0350714	-0.142528	-0.239866	-0.255535	-0.191603	-0.0450703	0.175029	0.436063	0.681294	0.855698	0.931013	0.912159	0.823625	0.692052	0.550712	0.431527	0.358404	0.322934	0.304044	0.283622	0.261537	0.238647	0.220805	
0.717074	0.462172	0.225674	0.0511782	-0.0432777	-0.0598847	0.00427649	0.146213	0.363014	0.615983	0.855698	1.02191	1.09141	1.06594	0.971612	0.83509	0.686381	0.559894	0.476492	0.43113	0.402327	0.36924	0.335127	0.295897	0.261249	
0.797026	0.549269	0.318235	0.148302	0.0548918	0.0395966	0.101338	0.241451	0.451784	0.699278	0.931013	1.09141	1.15512	1.12488	1.02798	0.887822	0.73727	0.60523	0.516932	0.466252	0.431742	0.394492	0.352634	0.306661	0.263389	
0.782314	0.541219	0.317343	0.150592	0.0603141	0.0440503	0.105912	0.241454	0.447537	0.686865	0.912159	1.06594	1.12488	1.09213	0.993089	0.854293	0.702749	0.570806	0.48072	0.429285	0.396568	0.359441	0.319963	0.273998	0.23091	
0.697538	0.464598	0.246355	0.0846609	-0.00466792	-0.0197027	0.0400281	0.173233	0.37298	0.605527	0.823625	0.971612	1.02798	0.993089	0.896823	0.759814	0.613011	0.482801	0.394617	0.346688	0.317267	0.286857	0.25155	0.211063	0.173355	
0.57109	0.34496	0.135074	-0.0233413	-0.10949	-0.125337	-0.065842	0.0632011	0.257323	0.481774	0.692052	0.83509	0.887822	0.854293	0.759814	0.62931	0.487607	0.362616	0.279059	0.235712	0.21509	0.192374	0.166829	0.135184	0.105758	
0.434052	0.218494	0.0156746	-0.136589	-0.221433	-0.236233	-0.178674	-0.0531954	0.133805	0.348732	0.550712	0.686381	0.73727	0.702749	0.613011	0.487607	0.353016	0.233718	0.153846	0.11728	0.103024	0.0907103	0.0740936	0.0519106	0.0324333	
0.322509	0.116999	-0.0746191	-0.221919	-0.303123	-0.318277	-0.261908	-0.14117	0.0371368	0.241409	0.431527	0.559894	0.60523	0.570806	0.482801	0.362616	0.233718	0.117593	0.0411664	0.00642664	-0.00148084	-0.00724835	-0.0162828	-0.0303233	-0.042432	
0.256176	0.0648828	-0.116447	-0.255932	-0.334881	-0.349084	-0.294861	-0.179252	-0.0104546	0.180619	0.358404	0.476492	0.516932	0.48072	0.394617	0.279059	0.153846	0.0411664	-0.0367705	-0.0705989	-0.0780102	-0.0802058	-0.0861979	-0.0971948	-0.106333	
0.229346	0.0517127	-0.116549	-0.249233	-0.324446	-0.338546	-0.286118	-0.175991	-0.0179456	0.159524	0.322934	0.43113	0.466252	0.429285	0.346688	0.235712	0.11728	0.00642664	-0.0705989	-0.106401	-0.113394	-0.114067	-0.119335	-0.129632	-0.139087	
0.219537	0.0577348	-0.0975504	-0.221673	-0.293989	-0.307071	-0.257235	-0.152608	-0.00644301	0.156372	0.304044	0.402327	0.431742	0.396568	0.317267	0.21509	0.103024	-0.00148084	-0.0780102	-0.113394	-0.119632	-0.117668	-0.120945	-0.129118	-0.138941	
0.208518	0.0645771	-0.0759784	-0.191051	-0.259366	-0.2721	-0.224412	-0.126861	0.00693116	0.152294	0.283622	0.36924	0.394492	0.359441	0.286857	0.192374	0.0907103	-0.00724835	-0.0802058	-0.114067	-0.117668	-0.110602	-0.108444	-0.11179	-0.116713	
0.198876	0.0740459	-0.0496226	-0.154324	-0.218558	-0.229955	-0.185974	-0.0950177	0.02317	0.15095	0.261537	0.335127	0.352634	0.319963	0.25155	0.166829	0.0740936	-0.0162828	-0.0861979	-0.119335	-0.120945	-0.108444	-0.100663	-0.0954631	-0.0932737	
0.187752	0.0858884	-0.0199133	-0.112545	-0.171711	-0.182406	-0.141409	-0.0597842	0.043027	0.148841	0.238647	0.295897	0.306661	0.273998	0.211063	0.135184	0.0519106	-0.0303233	-0.0971948	-0.129632	-0.129118	-0.11179	-0.0954631	-0.0808766	-0.0678796	
0.18414	0.105906	0.0206637	-0.0590916	-0.112397	-0.121786	-0.085124	-0.0127426	0.0717889	0.155204	0.220805	0.261249	0.263389	0.23091	0.173355	0.105758	0.0324333	-0.042432	-0.106333	-0.139087	-0.138941	-0.116713	-0.0932737	-0.0678796	-0.0412242	
