0.30497	0.308955	0.303157	0.286354	0.254717	0.223956	0.196866	0.179303	0.171566	0.17453	0.18279	0.177752	0.154254	0.115186	0.0667448	-0.00303951	-0.109397	-0.233874	-0.342827	-0.410885	-0.426237	-0.396105	-0.306416	-0.152115	0.0447537	
0.308955	0.312112	0.30707	0.284591	0.250144	0.221388	0.205658	0.209454	0.222373	0.238246	0.250658	0.245804	0.222423	0.180285	0.124763	0.0459642	-0.0664963	-0.185379	-0.288617	-0.349778	-0.365637	-0.33061	-0.240426	-0.0916203	0.0957165	
0.303157	0.30707	0.303094	0.279443	0.248447	0.229111	0.233055	0.253444	0.285905	0.320337	0.346985	0.361962	0.348178	0.308746	0.247177	0.158756	0.0396078	-0.0878184	-0.191592	-0.261276	-0.288175	-0.261561	-0.186009	-0.0534146	0.115444	
0.286354	0.284591	0.279443	0.260692	0.245665	0.249005	0.279888	0.328568	0.387941	0.445142	0.492815	0.53042	0.533784	0.502731	0.435221	0.333694	0.198051	0.0561814	-0.0607067	-0.144191	-0.190095	-0.191862	-0.14427	-0.0432013	0.105859	
0.254717	0.250144	0.248447	0.245665	0.258369	0.297724	0.364609	0.44477	0.534565	0.617236	0.688985	0.736617	0.756995	0.738165	0.670415	0.552634	0.396332	0.240406	0.105073	-0.00254905	-0.0810745	-0.125682	-0.108356	-0.0398334	0.0841298	
0.223956	0.221388	0.229111	0.249005	0.297724	0.375242	0.478366	0.592824	0.714888	0.823426	0.915007	0.973589	1.00019	0.983181	0.905904	0.775916	0.609045	0.437021	0.275315	0.136069	0.0228523	-0.0561487	-0.0730072	-0.0308617	0.063198	
0.196866	0.205658	0.233055	0.279888	0.364609	0.478366	0.613955	0.765206	0.909862	1.03636	1.14032	1.20938	1.23342	1.20989	1.11972	0.977642	0.803465	0.612837	0.422766	0.255731	0.116479	0.0128154	-0.0335771	-0.0163139	0.0529018	
0.179303	0.209454	0.253444	0.328568	0.44477	0.592824	0.765206	0.935639	1.08853	1.22269	1.33818	1.41264	1.42598	1.3903	1.29235	1.142	0.95516	0.745556	0.533505	0.34743	0.192038	0.0709258	0.00673795	0.000528926	0.0425281	
0.171566	0.222373	0.285905	0.387941	0.534565	0.714888	0.909862	1.08853	1.24104	1.37053	1.48259	1.55001	1.55855	1.51274	1.40846	1.25098	1.05843	0.838167	0.614473	0.415949	0.252644	0.126705	0.0487341	0.0136784	0.0242012	
0.17453	0.238246	0.320337	0.445142	0.617236	0.823426	1.03636	1.22269	1.37053	1.4859	1.5716	1.62288	1.62817	1.57607	1.46843	1.30692	1.11453	0.901202	0.679489	0.484605	0.318876	0.189192	0.0921697	0.0225863	-0.00692084	
0.18279	0.250658	0.346985	0.492815	0.688985	0.915007	1.14032	1.33818	1.48259	1.5716	1.62722	1.65743	1.6529	1.59389	1.48099	1.32762	1.14422	0.942147	0.73672	0.553114	0.391797	0.254524	0.133778	0.0274823	-0.0513681	
0.177752	0.245804	0.361962	0.53042	0.736617	0.973589	1.20938	1.41264	1.55001	1.62288	1.65743	1.66795	1.64174	1.57672	1.46628	1.32221	1.15027	0.964728	0.781236	0.614214	0.458763	0.313627	0.169792	0.0253761	-0.0993058	
0.154254	0.222423	0.348178	0.533784	0.756995	1.00019	1.23342	1.42598	1.55855	1.62817	1.6529	1.64174	1.60171	1.53862	1.43539	1.29187	1.12641	0.964027	0.810777	0.667492	0.523475	0.37077	0.206279	0.032487	-0.129421	
0.115186	0.180285	0.308746	0.502731	0.738165	0.983181	1.20989	1.3903	1.51274	1.57607	1.59389	1.57672	1.53862	1.48187	1.38328	1.24116	1.0883	0.949738	0.82576	0.710783	0.586386	0.437438	0.259746	0.0623929	-0.137854	
0.0667448	0.124763	0.247177	0.435221	0.670415	0.905904	1.11972	1.29235	1.40846	1.46843	1.48099	1.46628	1.43539	1.38328	1.29761	1.17576	1.04542	0.929795	0.83086	0.739516	0.639339	0.502905	0.319313	0.101226	-0.135234	
-0.00303951	0.0459642	0.158756	0.333694	0.552634	0.775916	0.977642	1.142	1.25098	1.30692	1.32762	1.32221	1.29187	1.24116	1.17576	1.09067	0.988158	0.898744	0.827079	0.759126	0.679074	0.553301	0.372781	0.146915	-0.103978	
-0.109397	-0.0664963	0.0396078	0.198051	0.396332	0.609045	0.803465	0.95516	1.05843	1.11453	1.14422	1.15027	1.12641	1.0883	1.04542	0.988158	0.921392	0.865713	0.828147	0.781118	0.713549	0.599586	0.431264	0.214204	-0.0407864	
-0.233874	-0.185379	-0.0878184	0.0561814	0.240406	0.437021	0.612837	0.745556	0.838167	0.901202	0.942147	0.964728	0.964027	0.949738	0.929795	0.898744	0.865713	0.843081	0.830121	0.806926	0.75982	0.668414	0.523393	0.317945	0.0578118	
-0.342827	-0.288617	-0.191592	-0.0607067	0.105073	0.275315	0.422766	0.533505	0.614473	0.679489	0.73672	0.781236	0.810777	0.82576	0.83086	0.827079	0.828147	0.830121	0.839196	0.846527	0.830525	0.767171	0.648684	0.4595	0.202444	
-0.410885	-0.349778	-0.261276	-0.144191	-0.00254905	0.136069	0.255731	0.34743	0.415949	0.484605	0.553114	0.614214	0.667492	0.710783	0.739516	0.759126	0.781118	0.806926	0.846527	0.890902	0.907054	0.870923	0.784444	0.627636	0.384051	
-0.426237	-0.365637	-0.288175	-0.190095	-0.0810745	0.0228523	0.116479	0.192038	0.252644	0.318876	0.391797	0.458763	0.523475	0.586386	0.639339	0.679074	0.713549	0.75982	0.830525	0.907054	0.950511	0.945655	0.896893	0.773433	0.553081	
-0.396105	-0.33061	-0.261561	-0.191862	-0.125682	-0.0561487	0.0128154	0.0709258	0.126705	0.189192	0.254524	0.313627	0.37077	0.437438	0.502905	0.553301	0.599586	0.668414	0.767171	0.870923	0.945655	0.981562	0.967666	0.869114	0.677915	
-0.306416	-0.240426	-0.186009	-0.14427	-0.108356	-0.0730072	-0.0335771	0.00673795	0.0487341	0.0921697	0.133778	0.169792	0.206279	0.259746	0.319313	0.372781	0.431264	0.523393	0.648684	0.784444	0.896893	0.967666	0.979242	0.907214	0.744632	
-0.152115	-0.0916203	-0.0534146	-0.0432013	-0.0398334	-0.0308617	-0.0163139	0.000528926	0.0136784	0.0225863	0.0274823	0.0253761	0.032487	0.0623929	0.101226	0.146915	0.214204	0.317945	0.4595	0.627636	0.773433	0.869114	0.907214	0.860287	0.723997	
0.0447537	0.0957165	0.115444	0.105859	0.0841298	0.063198	0.0529018	0.0425281	0.0242012	-0.00692084	-0.0513681	-0.0993058	-0.129421	-0.137854	-0.135234	-0.103978	-0.0407864	0.0578118	0.202444	0.384051	0.553081	0.677915	0.744632	0.723997	0.60891	
0.255685	0.301439	0.314124	0.297866	0.259889	0.21541	0.175265	0.131109	0.0728488	-0.00154942	-0.0912084	-0.181972	-0.25885	-0.319478	-0.357177	-0.354296	-0.314428	-0.230499	-0.0936893	0.084416	0.265762	0.420255	0.516941	0.519958	0.434376	
0.467332	0.521761	0.543428	0.525722	0.474158	0.402514	0.326612	0.242595	0.143805	0.0248654	-0.101601	-0.228172	-0.351721	-0.460101	-0.540668	-0.584992	-0.578978	-0.513207	-0.390906	-0.225008	-0.0353601	0.139188	0.255312	0.28338	0.224163	
0.666653	0.739722	0.768761	0.754561	0.698226	0.600515	0.483636	0.361836	0.222828	0.0710204	-0.0819074	-0.241815	-0.410605	-0.563239	-0.687118	-0.774628	-0.800328	-0.754791	-0.652049	-0.495831	-0.299754	-0.116589	0.0104189	0.0580754	0.0107958	
0.827257	0.911456	0.949917	0.9339	0.868134	0.75426	0.612641	0.46246	0.303877	0.136549	-0.0374161	-0.229	-0.434794	-0.630711	-0.796578	-0.920284	-0.970038	-0.945435	-0.854326	-0.702973	-0.50802	-0.321151	-0.183476	-0.127294	-0.171367	
0.926654	1.01507	1.05016	1.02983	0.959706	0.841947	0.689485	0.524447	0.357169	0.183883	-0.00716126	-0.215731	-0.43897	-0.663721	-0.857681	-0.998602	-1.06846	-1.06155	-0.97408	-0.826642	-0.642086	-0.45681	-0.313371	-0.253989	-0.294349	
0.944451	1.03213	1.06556	1.04527	0.974839	0.8554	0.701464	0.534069	0.365774	0.191475	-0.00251894	-0.21332	-0.439163	-0.669526	-0.867762	-1.01063	-1.08542	-1.08287	-0.995101	-0.849023	-0.667358	-0.482775	-0.339102	-0.278529	-0.318306	
0.874797	0.962531	1.00123	0.982824	0.914257	0.798645	0.650865	0.493008	0.329988	0.159729	-0.0221013	-0.222255	-0.437412	-0.647775	-0.827332	-0.96042	-1.01865	-1.0022	-0.913758	-0.763595	-0.572395	-0.385557	-0.244301	-0.187321	-0.229401	
0.73669	0.815468	0.848425	0.834978	0.775546	0.668812	0.540122	0.405748	0.256377	0.0960883	-0.0659977	-0.238864	-0.423895	-0.594186	-0.736045	-0.839133	-0.875065	-0.837955	-0.74138	-0.587264	-0.390162	-0.205148	-0.0742736	-0.0211506	-0.0673994	
0.550259	0.611771	0.637044	0.62022	0.565252	0.483644	0.390774	0.29085	0.174032	0.0406858	-0.0968123	-0.237537	-0.380129	-0.505806	-0.602601	-0.666144	-0.673687	-0.615535	-0.501229	-0.339663	-0.147394	0.0315005	0.153182	0.18931	0.13741	
0.340381	0.387506	0.402881	0.385936	0.342151	0.28635	0.233096	0.173558	0.0998908	0.00672203	-0.0992895	-0.204385	-0.300095	-0.381304	-0.436269	-0.450385	-0.423194	-0.346252	-0.214512	-0.0414353	0.14355	0.307994	0.413529	0.426682	0.35254	
0.128991	0.176974	0.190927	0.177182	0.148382	0.118665	0.0967887	0.0737734	0.039696	-0.00770697	-0.0713852	-0.13728	-0.185618	-0.214305	-0.22709	-0.204895	-0.149494	-0.0561633	0.0861712	0.269163	0.44368	0.580398	0.660233	0.648918	0.545348	
-0.0766734	-0.0204763	0.0104834	0.0113095	0.00320615	-0.00047769	0.00465906	0.0107128	0.0125512	0.00578026	-0.00869019	-0.0294949	-0.0351947	-0.0177807	0.00752921	0.0475002	0.116	0.219117	0.363763	0.539481	0.696284	0.802725	0.851582	0.815941	0.687402	
-0.251597	-0.186483	-0.139059	-0.110629	-0.0866849	-0.0615609	-0.0332318	-0.0017898	0.0291838	0.0600943	0.0891387	0.111801	0.137053	0.182213	0.235017	0.287151	0.35008	0.44927	0.582118	0.732166	0.8587	0.940153	0.962207	0.899779	0.748638	
-0.368011	-0.302263	-0.237605	-0.178789	-0.126368	-0.0716277	-0.0140124	0.0374033	0.0900936	0.147236	0.205175	0.256472	0.306517	0.369416	0.434997	0.487347	0.537772	0.616289	0.727383	0.842616	0.932284	0.983611	0.98078	0.892815	0.713079	
-0.420135	-0.357532	-0.28368	-0.196915	-0.104848	-0.0143532	0.0699871	0.138854	0.197164	0.261693	0.333205	0.399331	0.463716	0.530248	0.589975	0.635738	0.675435	0.729927	0.811489	0.898605	0.953978	0.964716	0.930598	0.817565	0.608515	
-0.422745	-0.362125	-0.278528	-0.167108	-0.0368683	0.0871618	0.196589	0.28133	0.346294	0.414983	0.486505	0.551644	0.610581	0.663165	0.701896	0.729947	0.75702	0.791721	0.843994	0.902379	0.930117	0.905756	0.833916	0.692093	0.456025	
-0.376028	-0.31859	-0.223607	-0.0983581	0.0583841	0.217459	0.353185	0.455625	0.53113	0.597317	0.659954	0.7118	0.752547	0.779726	0.794266	0.800355	0.811857	0.823161	0.844063	0.865544	0.862891	0.810371	0.703543	0.525751	0.273339	
-0.281163	-0.229989	-0.133344	0.00522087	0.183138	0.36962	0.535166	0.658664	0.747195	0.811516	0.858281	0.889886	0.901724	0.898261	0.888047	0.86909	0.849946	0.837044	0.832183	0.820558	0.78529	0.704846	0.56987	0.369709	0.109151	
-0.15882	-0.114863	-0.0125295	0.140296	0.332542	0.5402	0.728642	0.873331	0.972655	1.03206	1.06599	1.07692	1.06008	1.03091	0.997143	0.949891	0.89638	0.855181	0.829092	0.790702	0.729522	0.623183	0.464239	0.251388	-0.00580812	
-0.0415383	0.00431082	0.113756	0.282557	0.492906	0.711083	0.910144	1.07091	1.17794	1.23244	1.25642	1.25614	1.22723	1.17958	1.12326	1.04984	0.961772	0.885082	0.827412	0.76737	0.692697	0.570738	0.393297	0.170258	-0.082279	
0.0427016	0.0972789	0.216284	0.398815	0.629401	0.860277	1.06804	1.23751	1.35132	1.40948	1.42411	1.41238	1.38142	1.32989	1.25246	1.14514	1.02424	0.918275	0.828817	0.748222	0.656773	0.524981	0.341401	0.117843	-0.126393	
0.0971098	0.159038	0.286518	0.480445	0.716995	0.959122	1.18159	1.35861	1.47765	1.53967	1.55427	1.53723	1.50312	1.44821	1.35364	1.21634	1.0722	0.94321	0.82963	0.72371	0.609218	0.464993	0.284256	0.0777899	-0.139108	
0.139784	0.208119	0.335807	0.525674	0.754633	0.999597	1.23132	1.41847	1.54717	1.61414	1.63651	1.62126	1.58076	1.51968	1.41739	1.27313	1.11189	0.959148	0.818248	0.68632	0.548909	0.39585	0.225586	0.0417694	-0.134466	
0.170972	0.238203	0.35975	0.536599	0.74876	0.988075	1.22408	1.42393	1.55975	1.6311	1.66102	1.66206	1.62772	1.563	1.4563	1.31348	1.14414	0.966759	0.794784	0.636829	0.484942	0.335726	0.183015	0.0256368	-0.114638	
0.182311	0.251257	0.355935	0.510336	0.711121	0.943182	1.17329	1.3758	1.51666	1.5967	1.64224	1.66484	1.65295	1.591	1.4767	1.328	1.1503	0.954112	0.756191	0.578054	0.419698	0.280168	0.149909	0.0274547	-0.071497	
