0.802692	0.818567	0.811996	0.766891	0.668703	0.542168	0.40792	0.288106	0.205033	0.16444	0.150949	0.150206	0.14377	0.136441	0.131175	0.138052	0.16628	0.210531	0.276272	0.346459	0.403929	0.448883	0.493579	0.533113	0.562453	
0.818567	0.834806	0.824309	0.769573	0.662914	0.534001	0.396371	0.273327	0.182787	0.131452	0.116646	0.115735	0.111019	0.106584	0.0947362	0.0790478	0.0806382	0.0992761	0.148588	0.216769	0.285442	0.349776	0.413352	0.468907	0.512184	
0.811996	0.824309	0.802317	0.733946	0.624469	0.492671	0.355961	0.229279	0.131674	0.0713241	0.051342	0.0469292	0.0448896	0.0451155	0.0265027	-0.00434851	-0.0268879	-0.034582	-0.00702293	0.0524975	0.121599	0.193741	0.273463	0.350443	0.411892	
0.766891	0.769573	0.733946	0.657875	0.542063	0.408403	0.27407	0.153665	0.057582	-0.00582992	-0.0339866	-0.0459961	-0.0497389	-0.0513675	-0.0715857	-0.113077	-0.15493	-0.187267	-0.18269	-0.138932	-0.0720542	0.00562494	0.0967975	0.189833	0.266568	
0.668703	0.662914	0.624469	0.542063	0.42506	0.290112	0.16075	0.0500049	-0.036564	-0.100412	-0.130617	-0.145822	-0.156246	-0.162472	-0.187009	-0.239943	-0.304223	-0.35416	-0.369841	-0.34032	-0.280765	-0.199333	-0.0988045	0.0101118	0.103121	
0.542168	0.534001	0.492671	0.408403	0.290112	0.153552	0.0330246	-0.0645928	-0.138979	-0.188682	-0.217625	-0.238335	-0.253454	-0.26456	-0.298379	-0.365549	-0.449457	-0.519567	-0.556067	-0.54084	-0.485026	-0.402377	-0.292818	-0.166367	-0.0517068	
0.40792	0.396371	0.355961	0.27407	0.16075	0.0330246	-0.0788614	-0.162651	-0.217401	-0.251053	-0.277849	-0.29026	-0.302807	-0.321579	-0.368403	-0.453031	-0.55868	-0.646372	-0.70077	-0.703998	-0.661708	-0.57855	-0.457381	-0.314126	-0.180477	
0.288106	0.273327	0.229279	0.153665	0.0500049	-0.0645928	-0.162651	-0.228391	-0.264729	-0.285809	-0.297629	-0.294649	-0.299048	-0.323651	-0.381348	-0.478477	-0.595295	-0.701979	-0.780571	-0.808158	-0.78458	-0.708653	-0.582961	-0.428282	-0.273821	
0.205033	0.182787	0.131674	0.057582	-0.036564	-0.138979	-0.217401	-0.264729	-0.285472	-0.282135	-0.267426	-0.244827	-0.243626	-0.27044	-0.331198	-0.427317	-0.548569	-0.673261	-0.77747	-0.838159	-0.846567	-0.790658	-0.671623	-0.513668	-0.340995	
0.16444	0.131452	0.0713241	-0.00582992	-0.100412	-0.188682	-0.251053	-0.285809	-0.282135	-0.245914	-0.198506	-0.154606	-0.135048	-0.149979	-0.204855	-0.304809	-0.433599	-0.577234	-0.703684	-0.794108	-0.839249	-0.818093	-0.722873	-0.57343	-0.387387	
0.150949	0.116646	0.051342	-0.0339866	-0.130617	-0.217625	-0.277849	-0.297629	-0.267426	-0.198506	-0.113436	-0.0368899	0.014543	0.0204625	-0.0350018	-0.140829	-0.273608	-0.428056	-0.577254	-0.702402	-0.789574	-0.80212	-0.731086	-0.591776	-0.397479	
0.150206	0.115735	0.0469292	-0.0459961	-0.145822	-0.238335	-0.29026	-0.294649	-0.244827	-0.154606	-0.0368899	0.0772881	0.166261	0.191262	0.144263	0.0501345	-0.078398	-0.246648	-0.42299	-0.579533	-0.696986	-0.739407	-0.69139	-0.563153	-0.370271	
0.14377	0.111019	0.0448896	-0.0497389	-0.156246	-0.253454	-0.302807	-0.299048	-0.243626	-0.135048	0.014543	0.166261	0.27886	0.326863	0.309303	0.240904	0.119382	-0.0491825	-0.238538	-0.413889	-0.553397	-0.621738	-0.604843	-0.50084	-0.321833	
0.136441	0.106584	0.0451155	-0.0513675	-0.162472	-0.26456	-0.321579	-0.323651	-0.27044	-0.149979	0.0204625	0.191262	0.326863	0.414347	0.440706	0.402461	0.298535	0.146195	-0.0376663	-0.218378	-0.375063	-0.474277	-0.491436	-0.411573	-0.248976	
0.131175	0.0947362	0.0265027	-0.0715857	-0.187009	-0.298379	-0.368403	-0.381348	-0.331198	-0.204855	-0.0350018	0.144263	0.309303	0.440706	0.515167	0.520575	0.457192	0.334867	0.15982	-0.0274636	-0.19117	-0.307433	-0.348299	-0.294836	-0.155315	
0.138052	0.0790478	-0.00434851	-0.113077	-0.239943	-0.365549	-0.453031	-0.478477	-0.427317	-0.304809	-0.140829	0.0501345	0.240904	0.402461	0.520575	0.57836	0.563071	0.471392	0.317009	0.143558	-0.0193434	-0.144537	-0.200146	-0.172125	-0.0588635	
0.16628	0.0806382	-0.0268879	-0.15493	-0.304223	-0.449457	-0.55868	-0.595295	-0.548569	-0.433599	-0.273608	-0.078398	0.119382	0.298535	0.457192	0.563071	0.586132	0.523934	0.401617	0.2524	0.1039	-0.0140418	-0.0757602	-0.0615063	0.043161	
0.210531	0.0992761	-0.034582	-0.187267	-0.35416	-0.519567	-0.646372	-0.701979	-0.673261	-0.577234	-0.428056	-0.246648	-0.0491825	0.146195	0.334867	0.471392	0.523934	0.492144	0.404469	0.283703	0.161393	0.0665549	0.017503	0.0371378	0.137274	
0.276272	0.148588	-0.00702293	-0.18269	-0.369841	-0.556067	-0.70077	-0.780571	-0.77747	-0.703684	-0.577254	-0.42299	-0.238538	-0.0376663	0.15982	0.317009	0.401617	0.404469	0.348871	0.259435	0.165046	0.0986392	0.0758854	0.111515	0.209781	
0.346459	0.216769	0.0524975	-0.138932	-0.34032	-0.54084	-0.703998	-0.808158	-0.838159	-0.794108	-0.702402	-0.579533	-0.413889	-0.218378	-0.0274636	0.143558	0.2524	0.283703	0.259435	0.207849	0.142661	0.106532	0.109387	0.159663	0.261459	
0.403929	0.285442	0.121599	-0.0720542	-0.280765	-0.485026	-0.661708	-0.78458	-0.846567	-0.839249	-0.789574	-0.696986	-0.553397	-0.375063	-0.19117	-0.0193434	0.1039	0.161393	0.165046	0.142661	0.117306	0.111759	0.135873	0.197797	0.300623	
0.448883	0.349776	0.193741	0.00562494	-0.199333	-0.402377	-0.57855	-0.708653	-0.790658	-0.818093	-0.80212	-0.739407	-0.621738	-0.474277	-0.307433	-0.144537	-0.0140418	0.0665549	0.0986392	0.106532	0.111759	0.124557	0.163339	0.235766	0.321772	
0.493579	0.413352	0.273463	0.0967975	-0.0988045	-0.292818	-0.457381	-0.582961	-0.671623	-0.722873	-0.731086	-0.69139	-0.604843	-0.491436	-0.348299	-0.200146	-0.0757602	0.017503	0.0758854	0.109387	0.135873	0.163339	0.204279	0.261288	0.311649	
0.533113	0.468907	0.350443	0.189833	0.0101118	-0.166367	-0.314126	-0.428282	-0.513668	-0.57343	-0.591776	-0.563153	-0.50084	-0.411573	-0.294836	-0.172125	-0.0615063	0.0371378	0.111515	0.159663	0.197797	0.235766	0.261288	0.268356	0.258919	
0.562453	0.512184	0.411892	0.266568	0.103121	-0.0517068	-0.180477	-0.273821	-0.340995	-0.387387	-0.397479	-0.370271	-0.321833	-0.248976	-0.155315	-0.0588635	0.043161	0.137274	0.209781	0.261459	0.300623	0.321772	0.311649	0.258919	0.174894	
0.561456	0.524606	0.437058	0.309994	0.167469	0.0307299	-0.0750201	-0.145847	-0.187878	-0.198688	-0.183462	-0.149652	-0.0916291	-0.0272393	0.0438322	0.127344	0.214304	0.287272	0.348106	0.399074	0.422315	0.4102	0.346252	0.225632	0.0509739	
0.523532	0.49348	0.418994	0.312863	0.192253	0.0766714	-0.008257	-0.0555574	-0.0643365	-0.0305665	0.0167855	0.072227	0.147405	0.210874	0.269693	0.3438	0.40655	0.456748	0.503669	0.534148	0.531568	0.485787	0.367322	0.1697	-0.102219	
0.456355	0.429153	0.368902	0.285718	0.186813	0.0954112	0.0293841	0.00654438	0.0371451	0.1109	0.194827	0.279432	0.364701	0.43046	0.485848	0.546136	0.589745	0.619896	0.643774	0.649479	0.624586	0.541722	0.367168	0.098881	-0.248895	
0.384628	0.362051	0.316383	0.25303	0.177236	0.105659	0.0542816	0.055411	0.11758	0.220355	0.337699	0.447474	0.533907	0.601019	0.658612	0.70338	0.731968	0.743432	0.743485	0.731325	0.69015	0.572769	0.353467	0.0321496	-0.368363	
0.331436	0.316137	0.277895	0.228857	0.172734	0.108338	0.0704771	0.0868766	0.163446	0.286689	0.425276	0.544495	0.636572	0.703547	0.760211	0.797188	0.812301	0.812992	0.801828	0.779442	0.720535	0.589417	0.348896	-0.00678177	-0.449498	
0.32133	0.306915	0.270932	0.223362	0.172086	0.109299	0.072936	0.0935247	0.171652	0.298224	0.440298	0.56189	0.654163	0.72143	0.778195	0.812947	0.825247	0.825645	0.813463	0.787055	0.724425	0.591738	0.34941	-0.0118671	-0.464196	
0.359799	0.339914	0.29803	0.241827	0.17461	0.106985	0.0620888	0.0705372	0.140017	0.252464	0.380758	0.49505	0.58414	0.651697	0.708425	0.749108	0.772715	0.778353	0.771118	0.754667	0.70737	0.582407	0.349656	0.0120484	-0.40652	
0.427656	0.401256	0.347551	0.272746	0.182774	0.100897	0.0405714	0.0280631	0.0729335	0.158922	0.257569	0.354122	0.438802	0.505663	0.562286	0.61545	0.652417	0.674813	0.68952	0.686793	0.65393	0.555426	0.361991	0.0705939	-0.300128	
0.498637	0.470097	0.400297	0.303935	0.191699	0.0856145	0.00933077	-0.028842	-0.0219015	0.0287773	0.0909102	0.157277	0.238593	0.302862	0.359195	0.428668	0.482913	0.524467	0.563115	0.584147	0.571616	0.512075	0.370674	0.142165	-0.163868	
0.550748	0.517566	0.435626	0.315312	0.182601	0.0539725	-0.0437993	-0.104961	-0.134767	-0.128229	-0.101558	-0.0593993	0.00520737	0.0679177	0.132699	0.212586	0.290141	0.354278	0.40992	0.454045	0.467986	0.441866	0.356174	0.20557	-0.00861874	
0.566334	0.522711	0.426982	0.288927	0.132998	-0.0150133	-0.133656	-0.218899	-0.276678	-0.309776	-0.311818	-0.2842	-0.233097	-0.165203	-0.0813273	0.00882127	0.106418	0.193278	0.261193	0.314428	0.349554	0.357844	0.326794	0.248423	0.130392	
0.546607	0.488069	0.377908	0.223362	0.0501213	-0.117199	-0.257761	-0.364578	-0.444503	-0.501949	-0.519516	-0.491657	-0.43752	-0.355244	-0.247478	-0.13666	-0.0308509	0.0682682	0.144792	0.194986	0.234138	0.268945	0.283632	0.267308	0.22886	
0.51045	0.436766	0.305608	0.13533	-0.0553237	-0.243207	-0.401435	-0.522986	-0.611681	-0.669014	-0.682307	-0.649187	-0.573612	-0.471045	-0.33885	-0.199557	-0.0796388	0.0160499	0.0816967	0.122925	0.155693	0.190199	0.225947	0.265063	0.294718	
0.466902	0.374944	0.225701	0.0407308	-0.160567	-0.361189	-0.534275	-0.663273	-0.748931	-0.788215	-0.783274	-0.730106	-0.625377	-0.49205	-0.33443	-0.17637	-0.0468657	0.0400586	0.0838339	0.103145	0.117045	0.134871	0.177262	0.248551	0.32281	
0.422064	0.311647	0.148748	-0.042416	-0.250844	-0.45591	-0.63346	-0.760982	-0.832976	-0.839505	-0.80493	-0.725643	-0.590588	-0.423378	-0.244632	-0.0755824	0.051764	0.119079	0.133807	0.123027	0.112425	0.115915	0.146672	0.213882	0.311844	
0.371599	0.245015	0.0804804	-0.113997	-0.31907	-0.521959	-0.69187	-0.804712	-0.84824	-0.818022	-0.743678	-0.632234	-0.475842	-0.285834	-0.0973643	0.0760295	0.1906	0.233028	0.220591	0.181253	0.131182	0.108194	0.119352	0.174653	0.278999	
0.305233	0.174566	0.0142105	-0.168802	-0.363357	-0.556412	-0.70842	-0.798552	-0.807665	-0.744874	-0.630335	-0.488677	-0.311907	-0.111653	0.0839478	0.247741	0.3445	0.359255	0.315279	0.241366	0.157914	0.104111	0.0917339	0.132966	0.232378	
0.234555	0.11494	-0.0286717	-0.19111	-0.365482	-0.539334	-0.672706	-0.738232	-0.718285	-0.63193	-0.490458	-0.318262	-0.124759	0.0746838	0.269982	0.415041	0.480219	0.462181	0.387618	0.279434	0.16754	0.0833339	0.0453713	0.071344	0.168734	
0.181727	0.0863163	-0.0330311	-0.169916	-0.327172	-0.480737	-0.597743	-0.640463	-0.600027	-0.490223	-0.333421	-0.142016	0.056727	0.242082	0.414916	0.5352	0.570731	0.520124	0.412188	0.273408	0.134807	0.0249882	-0.0344926	-0.0209614	0.0829032	
0.146957	0.076884	-0.014769	-0.131082	-0.265565	-0.398374	-0.494294	-0.524238	-0.474165	-0.35353	-0.191622	0.00332878	0.198669	0.368409	0.50265	0.582137	0.583097	0.502853	0.3601	0.196842	0.0376981	-0.0870621	-0.147014	-0.126479	-0.0185049	
0.131647	0.0876384	0.0142932	-0.0868421	-0.20569	-0.32213	-0.397973	-0.41621	-0.366015	-0.240268	-0.072663	0.111196	0.287622	0.433456	0.525828	0.551787	0.508229	0.39942	0.229516	0.0446803	-0.119626	-0.239447	-0.287172	-0.244024	-0.116895	
0.133956	0.103379	0.0410799	-0.0560358	-0.168761	-0.273825	-0.335258	-0.341989	-0.289853	-0.166723	0.00583595	0.180308	0.327654	0.432824	0.478608	0.455683	0.36481	0.223486	0.0437081	-0.140055	-0.301295	-0.409207	-0.437938	-0.367693	-0.213119	
0.140694	0.109332	0.045487	-0.0495049	-0.158637	-0.257321	-0.308986	-0.305847	-0.251396	-0.136699	0.023606	0.185137	0.306256	0.368342	0.366823	0.310219	0.193819	0.0287223	-0.159075	-0.337347	-0.484699	-0.564981	-0.562251	-0.469409	-0.295715	
0.148492	0.114283	0.0457156	-0.0487862	-0.1511	-0.24501	-0.29452	-0.294299	-0.24035	-0.143143	-0.0122498	0.118252	0.217535	0.250826	0.213188	0.128317	0.00266754	-0.168352	-0.352986	-0.518669	-0.645008	-0.697902	-0.661384	-0.54159	-0.353016	
0.150196	0.116461	0.0492748	-0.0393258	-0.137552	-0.226486	-0.284112	-0.297867	-0.258496	-0.179455	-0.0810868	0.0111985	0.0778671	0.0914652	0.036636	-0.0668169	-0.199159	-0.358333	-0.518188	-0.657037	-0.759006	-0.783174	-0.721071	-0.585672	-0.390809	
