-0.0647234	-0.0562376	-0.0450201	-0.0315106	-0.0134165	-0.00917216	-0.0241181	-0.0404009	-0.0509811	-0.0629817	-0.0600635	-0.0458825	-0.0402035	-0.0304205	-0.0105952	0.0217261	0.0656332	0.126654	0.180953	0.221848	0.234415	0.212974	0.157762	0.0688906	-0.0371207	
0.0655097	0.0632197	0.0611527	0.0570659	0.0602395	0.061228	0.057422	0.0591106	0.0634304	0.0629431	0.0753504	0.0926375	0.0955347	0.0997444	0.109872	0.12543	0.152548	0.18792	0.2086	0.214228	0.199427	0.164411	0.114969	0.0453858	-0.0504195	
0.17345	0.159743	0.14674	0.132807	0.123641	0.12086	0.128509	0.141373	0.154888	0.166528	0.185895	0.203882	0.208836	0.215602	0.223785	0.230948	0.24099	0.251815	0.247033	0.231786	0.204206	0.171482	0.137897	0.0927531	0.0136841	
0.270886	0.245004	0.219604	0.194489	0.174837	0.170475	0.185118	0.209715	0.234974	0.260116	0.286731	0.303391	0.308607	0.317772	0.329919	0.334655	0.332331	0.320546	0.295969	0.273624	0.245074	0.223704	0.210383	0.191099	0.134699	
0.352142	0.316802	0.278176	0.242844	0.216519	0.210722	0.230557	0.263359	0.301882	0.338142	0.371376	0.388435	0.392128	0.399167	0.409968	0.410744	0.397576	0.369791	0.340753	0.321626	0.302954	0.295314	0.300762	0.299747	0.267003	
0.421613	0.376808	0.322214	0.27177	0.234253	0.226527	0.254837	0.300391	0.355708	0.405887	0.439812	0.453859	0.450246	0.447288	0.452545	0.450448	0.428141	0.393049	0.367341	0.353823	0.344658	0.352111	0.379775	0.40153	0.391777	
0.466478	0.413492	0.345073	0.278904	0.230145	0.219627	0.256873	0.317454	0.386973	0.448421	0.484327	0.49262	0.478842	0.463714	0.455073	0.444676	0.415183	0.379723	0.366184	0.370737	0.378049	0.405022	0.453377	0.496438	0.51073	
0.474903	0.417639	0.340053	0.259117	0.196113	0.183693	0.230008	0.307023	0.388408	0.455591	0.491644	0.492749	0.471083	0.44697	0.429387	0.41107	0.382317	0.358055	0.356116	0.379015	0.414959	0.46491	0.532847	0.598411	0.628887	
0.431501	0.377385	0.300759	0.216813	0.149621	0.135835	0.185753	0.267148	0.348625	0.413423	0.447798	0.449813	0.43252	0.4123	0.392946	0.375478	0.356858	0.350359	0.364366	0.398236	0.456029	0.527306	0.611638	0.690335	0.731097	
0.354896	0.307176	0.240053	0.159686	0.100977	0.0889424	0.131881	0.208215	0.282647	0.338023	0.372124	0.382129	0.380277	0.371577	0.362107	0.353164	0.351284	0.364323	0.391891	0.431348	0.493623	0.574454	0.664864	0.748018	0.794824	
0.275062	0.2329	0.168661	0.0935537	0.0426857	0.0342565	0.0685719	0.138096	0.210069	0.259869	0.293898	0.315987	0.331278	0.338134	0.343483	0.350265	0.36599	0.3944	0.426945	0.465037	0.51954	0.591397	0.679206	0.762653	0.808692	
0.194879	0.148834	0.0803073	0.008134	-0.0366252	-0.0436014	-0.0138012	0.0499336	0.124116	0.178671	0.217993	0.255991	0.294071	0.325617	0.3527	0.37811	0.406339	0.437716	0.467966	0.495792	0.533862	0.589445	0.664232	0.73612	0.779152	
0.101877	0.0368801	-0.039439	-0.109728	-0.148647	-0.154739	-0.129624	-0.0697106	0.00713764	0.077142	0.136945	0.199686	0.26915	0.340562	0.403161	0.443907	0.479906	0.505859	0.525113	0.541274	0.559534	0.589099	0.634123	0.680995	0.710934	
-0.00892339	-0.101497	-0.188969	-0.252192	-0.287774	-0.294485	-0.269512	-0.217864	-0.138067	-0.04607	0.0451685	0.143417	0.253581	0.373317	0.474033	0.536162	0.574668	0.594039	0.604246	0.607884	0.604712	0.598043	0.601295	0.612485	0.622958	
-0.130219	-0.24803	-0.340363	-0.399376	-0.431547	-0.436352	-0.415724	-0.36736	-0.288873	-0.179342	-0.0533148	0.0905495	0.249502	0.413133	0.549936	0.62977	0.671447	0.687629	0.690306	0.68227	0.658269	0.61954	0.580467	0.558583	0.549811	
-0.241949	-0.381365	-0.481591	-0.54699	-0.579367	-0.584636	-0.563398	-0.512109	-0.426332	-0.30191	-0.141001	0.0520756	0.260841	0.4609	0.621881	0.71957	0.766613	0.775376	0.769913	0.745667	0.699073	0.634782	0.569591	0.522126	0.493639	
-0.318162	-0.474694	-0.590422	-0.670393	-0.710096	-0.717312	-0.69006	-0.627331	-0.525254	-0.386409	-0.200909	0.0242718	0.263656	0.483935	0.661392	0.78029	0.837311	0.845793	0.828717	0.786427	0.721203	0.638603	0.55913	0.49733	0.455818	
-0.351547	-0.520088	-0.644848	-0.732611	-0.782354	-0.790347	-0.75715	-0.684406	-0.574537	-0.424846	-0.227916	0.00790187	0.257944	0.485475	0.671567	0.80481	0.872685	0.885657	0.859604	0.804425	0.72482	0.635338	0.546069	0.473347	0.423476	
-0.345747	-0.510804	-0.629437	-0.71481	-0.764912	-0.775154	-0.739371	-0.667008	-0.562908	-0.41905	-0.218933	0.0145579	0.252566	0.477192	0.658562	0.787186	0.863926	0.887917	0.864039	0.80553	0.719338	0.622585	0.527322	0.442977	0.389154	
-0.288422	-0.440781	-0.546881	-0.617651	-0.665589	-0.677397	-0.638351	-0.579219	-0.487864	-0.35554	-0.174498	0.0354543	0.246715	0.443737	0.605944	0.726871	0.805307	0.839247	0.827654	0.77493	0.689568	0.592091	0.496589	0.4123	0.365613	
-0.192799	-0.315294	-0.405342	-0.458279	-0.486586	-0.491788	-0.471724	-0.431101	-0.355629	-0.246061	-0.101411	0.0698351	0.237622	0.396283	0.528624	0.627062	0.696922	0.730293	0.724766	0.692954	0.622361	0.53693	0.452738	0.380966	0.348199	
-0.0568128	-0.135847	-0.201601	-0.231904	-0.235866	-0.23679	-0.234551	-0.218645	-0.164936	-0.0896719	-0.00285969	0.103402	0.214713	0.327431	0.423069	0.491214	0.543673	0.565081	0.564039	0.548046	0.498444	0.439319	0.386913	0.345284	0.33663	
0.0992286	0.0792402	0.0612546	0.0654691	0.0780134	0.0787093	0.0723833	0.0591791	0.0713611	0.0916832	0.110335	0.140336	0.182703	0.237662	0.288657	0.319137	0.340491	0.350012	0.355274	0.350133	0.326857	0.304288	0.298243	0.300254	0.322007	
0.266078	0.315442	0.363235	0.407202	0.433554	0.437543	0.420858	0.381831	0.334838	0.28603	0.238641	0.197314	0.163471	0.149782	0.143642	0.127368	0.112693	0.107511	0.114599	0.130374	0.144113	0.170794	0.210463	0.253414	0.301637	
0.447695	0.562651	0.666291	0.743652	0.788435	0.795624	0.765775	0.700985	0.606344	0.494019	0.37864	0.26453	0.159204	0.0689882	-0.0061488	-0.071668	-0.11654	-0.136554	-0.12663	-0.0882045	-0.0282815	0.0496291	0.130542	0.204582	0.27525	
0.633488	0.807645	0.946802	1.04815	1.11217	1.12225	1.07925	0.991013	0.868501	0.705948	0.522056	0.337537	0.164871	0.0042463	-0.142518	-0.254732	-0.328311	-0.355048	-0.336143	-0.278347	-0.176791	-0.0573618	0.059723	0.159708	0.243549	
0.807645	1.02648	1.19688	1.31042	1.37628	1.38855	1.34176	1.24867	1.1016	0.899511	0.662397	0.413172	0.172559	-0.0533689	-0.249358	-0.397041	-0.489998	-0.522729	-0.49965	-0.424483	-0.3043	-0.160167	-0.0168822	0.107696	0.201711	
0.946802	1.19688	1.39445	1.51695	1.57411	1.58381	1.54625	1.45353	1.28376	1.05147	0.78181	0.485629	0.179093	-0.103078	-0.331431	-0.497149	-0.603727	-0.647302	-0.620083	-0.530249	-0.39967	-0.249592	-0.097102	0.0373184	0.135751	
1.04815	1.31042	1.51695	1.64727	1.70511	1.71282	1.67828	1.57857	1.40121	1.15842	0.870244	0.544562	0.199457	-0.121344	-0.375832	-0.561852	-0.683907	-0.736038	-0.703246	-0.601715	-0.458981	-0.311187	-0.164696	-0.0344189	0.0625081	
1.11217	1.37628	1.57411	1.70511	1.77293	1.78499	1.73874	1.63435	1.46376	1.22579	0.923194	0.577896	0.218142	-0.117898	-0.394022	-0.603514	-0.734049	-0.786524	-0.748263	-0.635558	-0.49089	-0.344864	-0.202969	-0.0769204	0.014081	
1.12225	1.38855	1.58381	1.71282	1.78499	1.79852	1.74694	1.64353	1.47498	1.23689	0.932103	0.582967	0.219837	-0.117662	-0.397244	-0.613591	-0.744947	-0.795125	-0.756639	-0.641041	-0.495745	-0.350649	-0.209734	-0.0832333	0.00635615	
1.07925	1.34176	1.54625	1.67828	1.73874	1.74694	1.71065	1.60753	1.43171	1.19089	0.896074	0.561354	0.209715	-0.120109	-0.385242	-0.580056	-0.707091	-0.761601	-0.724929	-0.619174	-0.474836	-0.32784	-0.18383	-0.05584	0.0388156	
0.991013	1.24867	1.45353	1.57857	1.63435	1.64353	1.60753	1.51393	1.33889	1.0984	0.821182	0.511603	0.185087	-0.115371	-0.353749	-0.527337	-0.6397	-0.686382	-0.658576	-0.56343	-0.426989	-0.278	-0.126913	0.00700486	0.105433	
0.868501	1.1016	1.28376	1.40121	1.46376	1.47498	1.43171	1.33889	1.18139	0.966383	0.713498	0.442718	0.174711	-0.0750856	-0.286037	-0.441438	-0.540072	-0.577525	-0.552211	-0.471302	-0.347376	-0.198256	-0.0489552	0.0818953	0.178123	
0.705948	0.899511	1.05147	1.15842	1.22579	1.23689	1.19089	1.0984	0.966383	0.786884	0.579393	0.367825	0.168476	-0.0193845	-0.188283	-0.317173	-0.399935	-0.428691	-0.406977	-0.342202	-0.230508	-0.0997851	0.0299062	0.140597	0.229005	
0.522056	0.662397	0.78181	0.870244	0.923194	0.932103	0.896074	0.821182	0.713498	0.579393	0.435733	0.293644	0.159779	0.0406781	-0.0643502	-0.148587	-0.20528	-0.228472	-0.215983	-0.168579	-0.0904862	0.00570441	0.101799	0.187018	0.263507	
0.337537	0.413172	0.485629	0.544562	0.577896	0.582967	0.561354	0.511603	0.442718	0.367825	0.293644	0.223331	0.160783	0.11625	0.0839847	0.04794	0.0209416	0.00837584	0.0157258	0.0409729	0.073041	0.121078	0.17758	0.232799	0.29158	
0.164871	0.172559	0.179093	0.199457	0.218142	0.219837	0.209715	0.185087	0.174711	0.168476	0.159779	0.160783	0.172254	0.201687	0.231041	0.24376	0.250593	0.255488	0.261795	0.263272	0.253528	0.249682	0.262349	0.282395	0.315103	
0.0042463	-0.0533689	-0.103078	-0.121344	-0.117898	-0.117662	-0.120109	-0.115371	-0.0750856	-0.0193845	0.0406781	0.11625	0.201687	0.292832	0.372259	0.425637	0.467207	0.484332	0.4854	0.473589	0.43305	0.387405	0.353241	0.327669	0.33102	
-0.142518	-0.249358	-0.331431	-0.375832	-0.394022	-0.397244	-0.385242	-0.353749	-0.286037	-0.188283	-0.0643502	0.0839847	0.231041	0.372259	0.489824	0.577296	0.641695	0.670766	0.667373	0.642847	0.58013	0.504264	0.430429	0.368157	0.343056	
-0.254732	-0.397041	-0.497149	-0.561852	-0.603514	-0.613591	-0.580056	-0.527337	-0.441438	-0.317173	-0.148587	0.04794	0.24376	0.425637	0.577296	0.691047	0.767636	0.803362	0.794516	0.748346	0.667764	0.573304	0.479809	0.399233	0.357791	
-0.328311	-0.489998	-0.603727	-0.683907	-0.734049	-0.744947	-0.707091	-0.6397	-0.540072	-0.399935	-0.20528	0.0209416	0.250593	0.467207	0.641695	0.767636	0.846419	0.874913	0.856006	0.798602	0.711317	0.612832	0.517214	0.431308	0.378648	
-0.355048	-0.522729	-0.647302	-0.736038	-0.786524	-0.795125	-0.761601	-0.686382	-0.577525	-0.428691	-0.228472	0.00837584	0.255488	0.484332	0.670766	0.803362	0.874913	0.892372	0.864956	0.807025	0.723663	0.631591	0.539074	0.461765	0.409631	
-0.336143	-0.49965	-0.620083	-0.703246	-0.748263	-0.756639	-0.724929	-0.658576	-0.552211	-0.406977	-0.215983	0.0157258	0.261795	0.4854	0.667373	0.794516	0.856006	0.864956	0.844208	0.796035	0.724428	0.638522	0.554916	0.488304	0.442841	
-0.278347	-0.424483	-0.530249	-0.601715	-0.635558	-0.641041	-0.619174	-0.56343	-0.471302	-0.342202	-0.168579	0.0409729	0.263272	0.473589	0.642847	0.748346	0.798602	0.807025	0.796035	0.764931	0.710712	0.637464	0.565543	0.511452	0.476969	
-0.176791	-0.3043	-0.39967	-0.458981	-0.49089	-0.495745	-0.474836	-0.426989	-0.347376	-0.230508	-0.0904862	0.073041	0.253528	0.43305	0.58013	0.667764	0.711317	0.723663	0.724428	0.710712	0.676379	0.626582	0.575242	0.542156	0.525397	
-0.0573618	-0.160167	-0.249592	-0.311187	-0.344864	-0.350649	-0.32784	-0.278	-0.198256	-0.0997851	0.00570441	0.121078	0.249682	0.387405	0.504264	0.573304	0.612832	0.631591	0.638522	0.637464	0.626582	0.605737	0.591339	0.588557	0.591358	
0.059723	-0.0168822	-0.097102	-0.164696	-0.202969	-0.209734	-0.18383	-0.126913	-0.0489552	0.0299062	0.101799	0.17758	0.262349	0.353241	0.430429	0.479809	0.517214	0.539074	0.554916	0.565543	0.575242	0.591339	0.620421	0.653554	0.675291	
0.159708	0.107696	0.0373184	-0.0344189	-0.0769204	-0.0832333	-0.05584	0.00700486	0.0818953	0.140597	0.187018	0.232799	0.282395	0.327669	0.368157	0.399233	0.431308	0.461765	0.488304	0.511452	0.542156	0.588557	0.653554	0.716647	0.756583	
0.243549	0.201711	0.135751	0.0625081	0.014081	0.00635615	0.0388156	0.105433	0.178123	0.229005	0.263507	0.29158	0.315103	0.33102	0.343056	0.357791	0.378648	0.409631	0.442841	0.476969	0.525397	0.591358	0.675291	0.756583	0.801611	
