0.159594	0.112113	0.0913132	0.097829	0.116265	0.121168	0.10526	0.0909286	0.100151	0.138506	0.196421	0.261034	0.323682	0.384952	0.434277	0.453533	0.432016	0.372078	0.285497	0.186346	0.0909881	0.00144854	-0.0864584	-0.163099	-0.204373	
0.184624	0.137173	0.109067	0.10474	0.114134	0.115866	0.108418	0.104748	0.122563	0.164771	0.216255	0.268099	0.319387	0.364496	0.39483	0.394311	0.354298	0.269068	0.157398	0.0384104	-0.0753901	-0.168466	-0.237201	-0.27435	-0.267422	
0.234199	0.179839	0.135626	0.111012	0.101038	0.0999882	0.105311	0.123933	0.159258	0.213473	0.261477	0.299095	0.32923	0.349139	0.348988	0.319024	0.249763	0.141642	0.0139368	-0.110185	-0.225257	-0.307159	-0.350079	-0.340145	-0.283597	
0.278434	0.22152	0.164321	0.12084	0.0946169	0.0892766	0.108059	0.145398	0.197066	0.25813	0.301585	0.324404	0.333152	0.328652	0.304208	0.245039	0.145849	0.0136844	-0.12232	-0.243627	-0.340558	-0.389912	-0.393816	-0.339154	-0.238515	
0.304289	0.253011	0.189818	0.130651	0.0910799	0.0839812	0.111516	0.164748	0.228098	0.28715	0.321551	0.331037	0.320388	0.29803	0.252608	0.171032	0.0469589	-0.0985788	-0.230592	-0.334995	-0.402981	-0.407977	-0.3696	-0.28473	-0.159989	
0.309521	0.269043	0.202153	0.134726	0.0863468	0.0766997	0.112266	0.174025	0.243489	0.298145	0.31918	0.320388	0.300787	0.261965	0.19992	0.0985912	-0.0431783	-0.189597	-0.307758	-0.388708	-0.420784	-0.386178	-0.30784	-0.195718	-0.0595448	
0.308591	0.275467	0.211886	0.13981	0.0894724	0.0815099	0.115738	0.182301	0.252718	0.299783	0.313321	0.303743	0.273617	0.221699	0.137059	0.0234615	-0.117854	-0.253075	-0.348415	-0.399405	-0.398138	-0.333265	-0.227153	-0.0950747	0.0499901	
0.31065	0.290953	0.238361	0.177771	0.134146	0.125614	0.157729	0.213356	0.272972	0.307235	0.30575	0.277379	0.229996	0.158914	0.0605919	-0.0567055	-0.1798	-0.287257	-0.355265	-0.374808	-0.338158	-0.254491	-0.136638	0.00102075	0.141084	
0.315932	0.320758	0.295742	0.256123	0.223407	0.216363	0.240867	0.280515	0.313537	0.321986	0.296703	0.241557	0.17094	0.0829696	-0.0237149	-0.138285	-0.239928	-0.313423	-0.350061	-0.334658	-0.265372	-0.167573	-0.0492386	0.0782463	0.198514	
0.327457	0.363988	0.372789	0.356612	0.33343	0.328561	0.346405	0.369157	0.371327	0.345448	0.291879	0.21195	0.119001	0.0163284	-0.0995275	-0.214136	-0.300538	-0.345252	-0.344765	-0.296425	-0.205176	-0.0961918	0.0139962	0.123742	0.220644	
0.3369	0.406445	0.451946	0.464207	0.459323	0.456496	0.463722	0.459844	0.428597	0.366698	0.285538	0.187383	0.0808468	-0.0343725	-0.152958	-0.265495	-0.339087	-0.360901	-0.332611	-0.265875	-0.169883	-0.062483	0.0424662	0.134468	0.206235	
0.344913	0.439914	0.514668	0.561343	0.58318	0.587196	0.573179	0.536968	0.472372	0.3852	0.282157	0.171325	0.053971	-0.0687582	-0.186239	-0.286611	-0.345647	-0.352511	-0.312271	-0.240432	-0.153109	-0.0545746	0.0414324	0.114178	0.158065	
0.36648	0.473546	0.567053	0.640034	0.685951	0.694607	0.662734	0.598529	0.513015	0.410855	0.295491	0.171756	0.044042	-0.0827935	-0.199386	-0.285489	-0.328399	-0.330429	-0.289752	-0.222372	-0.145175	-0.0606598	0.0108083	0.0611857	0.0818736	
0.385338	0.508855	0.618865	0.713134	0.77205	0.781587	0.742129	0.658907	0.554367	0.436394	0.305088	0.170613	0.0371909	-0.0893236	-0.199268	-0.278131	-0.308953	-0.304613	-0.27075	-0.212744	-0.143586	-0.080963	-0.0388512	-0.0189419	-0.014528	
0.393112	0.5358	0.667741	0.775336	0.839699	0.850797	0.806921	0.714876	0.590702	0.451079	0.303042	0.153534	0.0121392	-0.113531	-0.219188	-0.289556	-0.315665	-0.303408	-0.267446	-0.22211	-0.170578	-0.127056	-0.111506	-0.113426	-0.120384	
0.393299	0.557303	0.707197	0.832577	0.908598	0.921365	0.870485	0.761379	0.619193	0.459656	0.291847	0.126349	-0.0321196	-0.164703	-0.258908	-0.316731	-0.338389	-0.325576	-0.286608	-0.246122	-0.213221	-0.189355	-0.187453	-0.200943	-0.219609	
0.390416	0.572514	0.740448	0.885445	0.983794	1.00167	0.93275	0.801934	0.641379	0.46423	0.277051	0.0879203	-0.0893476	-0.23053	-0.311763	-0.346314	-0.359476	-0.352528	-0.319466	-0.281628	-0.255229	-0.248216	-0.257324	-0.277776	-0.300362	
0.372453	0.573551	0.758431	0.923979	1.0408	1.06283	0.979108	0.828002	0.649348	0.455072	0.245128	0.0344858	-0.154518	-0.296029	-0.366747	-0.384384	-0.384127	-0.376042	-0.354117	-0.32324	-0.297002	-0.289671	-0.308255	-0.333611	-0.350622	
0.334961	0.551752	0.75173	0.928893	1.05105	1.07268	0.986959	0.826582	0.633424	0.423964	0.198328	-0.0251984	-0.216995	-0.351231	-0.41452	-0.427717	-0.414398	-0.392296	-0.369356	-0.346809	-0.322995	-0.308146	-0.323376	-0.348425	-0.357533	
0.274862	0.492591	0.698589	0.876014	0.993088	1.01482	0.9324	0.774803	0.576702	0.363451	0.138967	-0.0850586	-0.275067	-0.401321	-0.455151	-0.46055	-0.437882	-0.40043	-0.364736	-0.338523	-0.314742	-0.296638	-0.301107	-0.315126	-0.310629	
0.188477	0.38674	0.575698	0.741371	0.851928	0.871374	0.794912	0.646167	0.462897	0.269161	0.0642357	-0.143124	-0.322641	-0.441318	-0.482239	-0.472534	-0.440417	-0.397506	-0.348907	-0.303031	-0.265411	-0.239621	-0.237673	-0.23527	-0.21509	
0.0790097	0.233787	0.380111	0.516488	0.611981	0.630073	0.562078	0.43682	0.293111	0.143007	-0.0212487	-0.192053	-0.344219	-0.443066	-0.471095	-0.447621	-0.403072	-0.355119	-0.296602	-0.230646	-0.175143	-0.140881	-0.132184	-0.125537	-0.0973308	
-0.0547372	0.0361631	0.125578	0.215312	0.283398	0.29636	0.247167	0.161407	0.0718374	-0.0170657	-0.117248	-0.229483	-0.326118	-0.383778	-0.389807	-0.35376	-0.300946	-0.243885	-0.178702	-0.114201	-0.0575455	-0.0229247	-0.00993133	-0.00262429	0.020788	
-0.204312	-0.192687	-0.17523	-0.143246	-0.11691	-0.112293	-0.130186	-0.164379	-0.187307	-0.199336	-0.216362	-0.243798	-0.266708	-0.266745	-0.237549	-0.189896	-0.131463	-0.0703708	-0.00764651	0.0444062	0.0835775	0.110769	0.121748	0.121726	0.135785	
-0.367597	-0.444779	-0.504685	-0.538884	-0.555459	-0.557623	-0.546639	-0.521773	-0.471358	-0.399738	-0.321631	-0.253262	-0.188356	-0.11909	-0.0480209	0.0218576	0.0844244	0.13933	0.187111	0.215972	0.236217	0.248257	0.250585	0.239935	0.242368	
-0.534404	-0.698561	-0.838294	-0.937458	-0.992004	-1.00125	-0.964144	-0.884295	-0.757937	-0.602055	-0.433462	-0.269237	-0.112487	0.0277695	0.147635	0.243465	0.313841	0.359302	0.386227	0.392698	0.394073	0.388922	0.375929	0.352031	0.339427	
-0.698561	-0.942128	-1.15622	-1.31416	-1.40376	-1.41941	-1.35838	-1.22738	-1.03261	-0.798092	-0.546528	-0.292593	-0.0515751	0.159159	0.331166	0.456302	0.533114	0.568045	0.575275	0.564279	0.54548	0.520305	0.488119	0.452481	0.42082	
-0.838294	-1.15622	-1.43331	-1.64623	-1.77059	-1.79125	-1.70773	-1.52762	-1.27269	-0.969303	-0.638574	-0.304845	0.00992737	0.284628	0.505207	0.658183	0.737942	0.759703	0.749556	0.721449	0.684899	0.639158	0.588082	0.535297	0.479157	
-0.937458	-1.31416	-1.64623	-1.9056	-2.05902	-2.0864	-1.98107	-1.76014	-1.45414	-1.09212	-0.699539	-0.299117	0.0785232	0.403587	0.661888	0.832622	0.916065	0.931431	0.903268	0.854199	0.798513	0.739465	0.669742	0.594577	0.505263	
-0.992004	-1.40376	-1.77059	-2.05902	-2.23035	-2.25989	-2.14362	-1.89717	-1.55756	-1.1604	-0.732154	-0.290025	0.129956	0.490386	0.768294	0.947221	1.03663	1.05197	1.01017	0.939754	0.865769	0.800757	0.722493	0.627295	0.511055	
-1.00125	-1.41941	-1.79125	-2.0864	-2.25989	-2.28962	-2.17257	-1.92071	-1.57567	-1.17255	-0.73679	-0.288433	0.139771	0.507061	0.787403	0.968468	1.05823	1.07379	1.03026	0.953955	0.877447	0.810289	0.731451	0.633475	0.510417	
-0.964144	-1.35838	-1.70773	-1.98107	-2.14362	-2.17257	-2.06034	-1.82782	-1.50533	-1.12556	-0.715049	-0.294042	0.102964	0.44414	0.713455	0.887957	0.973972	0.988146	0.954246	0.896348	0.831848	0.76987	0.695528	0.611156	0.509827	
-0.884295	-1.22738	-1.52762	-1.76014	-1.89717	-1.92071	-1.82782	-1.63024	-1.3541	-1.02546	-0.667767	-0.304684	0.0366756	0.33379	0.571408	0.733091	0.813923	0.831905	0.81426	0.778411	0.734174	0.68212	0.622805	0.561891	0.492881	
-0.757937	-1.03261	-1.27269	-1.45414	-1.55756	-1.57567	-1.50533	-1.3541	-1.13331	-0.870688	-0.586433	-0.29968	-0.0271914	0.209986	0.401586	0.537912	0.617202	0.646204	0.647216	0.628846	0.603481	0.569648	0.529915	0.487736	0.447786	
-0.602055	-0.798092	-0.969303	-1.09212	-1.1604	-1.17255	-1.12556	-1.02546	-0.870688	-0.682054	-0.480598	-0.278829	-0.0869162	0.0821282	0.222663	0.330065	0.40359	0.445264	0.463345	0.462278	0.455322	0.443065	0.422231	0.394271	0.373948	
-0.433462	-0.546528	-0.638574	-0.699539	-0.732154	-0.73679	-0.715049	-0.667767	-0.586433	-0.480598	-0.364724	-0.257661	-0.156448	-0.0588726	0.0312356	0.110958	0.17657	0.227233	0.267164	0.286898	0.299306	0.304776	0.302101	0.285538	0.282782	
-0.269237	-0.292593	-0.304845	-0.299117	-0.290025	-0.288433	-0.294042	-0.304684	-0.29968	-0.278829	-0.257661	-0.247862	-0.236592	-0.209656	-0.164159	-0.108292	-0.0492503	0.0105042	0.0689876	0.111989	0.143968	0.16506	0.173284	0.169823	0.17902	
-0.112487	-0.0515751	0.00992737	0.0785232	0.129956	0.139771	0.102964	0.0366756	-0.0271914	-0.0869162	-0.156448	-0.236592	-0.305923	-0.342094	-0.335533	-0.29599	-0.24052	-0.180369	-0.115176	-0.0536872	-0.00373619	0.0296592	0.042409	0.0474668	0.0681466	
0.0277695	0.159159	0.284628	0.403587	0.490386	0.507061	0.44414	0.33379	0.209986	0.0821282	-0.0588726	-0.209656	-0.342094	-0.427199	-0.448532	-0.419505	-0.371278	-0.319375	-0.258002	-0.190412	-0.130811	-0.0961116	-0.0846003	-0.0772422	-0.0503758	
0.147635	0.331166	0.505207	0.661888	0.768294	0.787403	0.713455	0.571408	0.401586	0.222663	0.0312356	-0.164159	-0.335533	-0.448532	-0.484432	-0.468369	-0.431162	-0.387025	-0.334272	-0.279	-0.233522	-0.20334	-0.199259	-0.193872	-0.168855	
0.243465	0.456302	0.658183	0.832622	0.947221	0.968468	0.887957	0.733091	0.537912	0.330065	0.110958	-0.108292	-0.29599	-0.419505	-0.468369	-0.468462	-0.442797	-0.401579	-0.360918	-0.327742	-0.300156	-0.279807	-0.281183	-0.288336	-0.277681	
0.313841	0.533114	0.737942	0.916065	1.03663	1.05823	0.973972	0.813923	0.617202	0.40359	0.17657	-0.0492503	-0.24052	-0.371278	-0.431162	-0.442797	-0.425117	-0.396227	-0.368271	-0.346858	-0.32416	-0.307874	-0.318719	-0.340922	-0.345108	
0.359302	0.568045	0.759703	0.931431	1.05197	1.07379	0.988146	0.831905	0.646204	0.445264	0.227233	0.0105042	-0.180369	-0.319375	-0.387025	-0.401579	-0.396227	-0.383524	-0.363091	-0.336414	-0.310646	-0.300262	-0.31954	-0.34509	-0.359657	
0.386227	0.575275	0.749556	0.903268	1.01017	1.03026	0.954246	0.81426	0.647216	0.463345	0.267164	0.0689876	-0.115176	-0.258002	-0.334272	-0.360918	-0.368271	-0.363091	-0.334698	-0.29821	-0.272358	-0.266967	-0.280759	-0.30382	-0.324807	
0.392698	0.564279	0.721449	0.854199	0.939754	0.953955	0.896348	0.778411	0.628846	0.462278	0.286898	0.111989	-0.0536872	-0.190412	-0.279	-0.327742	-0.346858	-0.336414	-0.29821	-0.259551	-0.229906	-0.214458	-0.216643	-0.232891	-0.254643	
0.394073	0.54548	0.684899	0.798513	0.865769	0.877447	0.831848	0.734174	0.603481	0.455322	0.299306	0.143968	-0.00373619	-0.130811	-0.233522	-0.300156	-0.32416	-0.310646	-0.272358	-0.229906	-0.187371	-0.150768	-0.142382	-0.149659	-0.161616	
0.388922	0.520305	0.639158	0.739465	0.800757	0.810289	0.76987	0.68212	0.569648	0.443065	0.304776	0.16506	0.0296592	-0.0961116	-0.20334	-0.279807	-0.307874	-0.300262	-0.266967	-0.214458	-0.150768	-0.0968219	-0.0658061	-0.0561712	-0.056828	
0.375929	0.488119	0.588082	0.669742	0.722493	0.731451	0.695528	0.622805	0.529915	0.422231	0.302101	0.173284	0.042409	-0.0846003	-0.199259	-0.281183	-0.318719	-0.31954	-0.280759	-0.216643	-0.142382	-0.0658061	-0.00659147	0.0319173	0.0456526	
0.352031	0.452481	0.535297	0.594577	0.627295	0.633475	0.611156	0.561891	0.487736	0.394271	0.285538	0.169823	0.0474668	-0.0772422	-0.193872	-0.288336	-0.340922	-0.34509	-0.30382	-0.232891	-0.149659	-0.0561712	0.0319173	0.0968391	0.130453	
0.339427	0.42082	0.479157	0.505263	0.511055	0.510417	0.509827	0.492881	0.447786	0.373948	0.282782	0.17902	0.0681466	-0.0503758	-0.168855	-0.277681	-0.345108	-0.359657	-0.324807	-0.254643	-0.161616	-0.056828	0.0456526	0.130453	0.190926	
