-0.448352	-0.54031	-0.608606	-0.645678	-0.63922	-0.601415	-0.539627	-0.457467	-0.373898	-0.302496	-0.265136	-0.266426	-0.299158	-0.339523	-0.372373	-0.386345	-0.379668	-0.36037	-0.338471	-0.325141	-0.325844	-0.324862	-0.324573	-0.334449	-0.345545	
-0.54031	-0.607578	-0.654992	-0.666585	-0.642417	-0.591533	-0.520087	-0.432874	-0.352804	-0.291792	-0.259677	-0.259263	-0.282832	-0.310734	-0.337053	-0.345916	-0.331227	-0.298739	-0.261555	-0.232578	-0.218153	-0.213516	-0.211656	-0.215266	-0.22216	
-0.608606	-0.654992	-0.683429	-0.672029	-0.628731	-0.556043	-0.469013	-0.379782	-0.297923	-0.243495	-0.215113	-0.22012	-0.244345	-0.271119	-0.298672	-0.308679	-0.294583	-0.258875	-0.210463	-0.165868	-0.136372	-0.124701	-0.116119	-0.110374	-0.111963	
-0.645678	-0.666585	-0.672029	-0.646503	-0.594562	-0.512939	-0.416434	-0.317812	-0.230677	-0.170754	-0.150533	-0.158842	-0.188656	-0.22474	-0.26105	-0.280751	-0.266929	-0.22649	-0.16958	-0.120422	-0.0866144	-0.0666642	-0.0472544	-0.0344174	-0.0342567	
-0.63922	-0.642417	-0.628731	-0.594562	-0.538547	-0.450973	-0.353056	-0.254748	-0.164101	-0.0993681	-0.0746381	-0.0855386	-0.124978	-0.180591	-0.238782	-0.26743	-0.256559	-0.209377	-0.152895	-0.104041	-0.066443	-0.0391271	-0.0145721	-0.00556368	-0.00293744	
-0.601415	-0.591533	-0.556043	-0.512939	-0.450973	-0.366464	-0.274812	-0.188145	-0.106305	-0.0427013	-0.0133659	-0.0246349	-0.0746952	-0.147434	-0.218586	-0.253968	-0.253867	-0.217886	-0.166366	-0.116028	-0.0725174	-0.0429865	-0.0260987	-0.0204983	-0.0163418	
-0.539627	-0.520087	-0.469013	-0.416434	-0.353056	-0.274812	-0.197722	-0.128943	-0.0592374	0.000569248	0.0300701	0.0138915	-0.0368352	-0.109368	-0.178592	-0.22749	-0.246418	-0.229547	-0.18901	-0.14571	-0.108293	-0.080077	-0.0680997	-0.0583295	-0.0489617	
-0.457467	-0.432874	-0.379782	-0.317812	-0.254748	-0.188145	-0.128943	-0.0738016	-0.0186065	0.0325915	0.0608592	0.0512505	0.0105827	-0.0577104	-0.129999	-0.190731	-0.220339	-0.222421	-0.206318	-0.187311	-0.164823	-0.141014	-0.125365	-0.103675	-0.0835751	
-0.373898	-0.352804	-0.297923	-0.230677	-0.164101	-0.106305	-0.0592374	-0.0186065	0.0211486	0.0678987	0.0991667	0.10035	0.0650081	-0.00407202	-0.0814194	-0.141386	-0.179365	-0.201833	-0.215828	-0.220784	-0.213004	-0.198571	-0.177805	-0.146789	-0.114655	
-0.302496	-0.291792	-0.243495	-0.170754	-0.0993681	-0.0427013	0.000569248	0.0325915	0.0678987	0.110363	0.141731	0.144359	0.106603	0.0387133	-0.0330622	-0.0879077	-0.133679	-0.174795	-0.208899	-0.230263	-0.234679	-0.22551	-0.206792	-0.174583	-0.13691	
-0.265136	-0.259677	-0.215113	-0.150533	-0.0746381	-0.0133659	0.0300701	0.0608592	0.0991667	0.141731	0.165418	0.158607	0.117456	0.0578333	-9.95997e-05	-0.0445309	-0.0883184	-0.136725	-0.182378	-0.215172	-0.225593	-0.218046	-0.205659	-0.177353	-0.131343	
-0.266426	-0.259263	-0.22012	-0.158842	-0.0855386	-0.0246349	0.0138915	0.0512505	0.10035	0.144359	0.158607	0.143078	0.104836	0.0565736	0.0170817	-0.0131113	-0.0462935	-0.0951458	-0.143484	-0.18177	-0.198529	-0.194673	-0.185823	-0.150931	-0.0905125	
-0.299158	-0.282832	-0.244345	-0.188656	-0.124978	-0.0746952	-0.0368352	0.0105827	0.0650081	0.106603	0.117456	0.104836	0.0756117	0.0463954	0.026421	0.0120734	-0.0113957	-0.0513862	-0.0963075	-0.139727	-0.166473	-0.166614	-0.149752	-0.105451	-0.0299265	
-0.339523	-0.310734	-0.271119	-0.22474	-0.180591	-0.147434	-0.109368	-0.0577104	-0.00407202	0.0387133	0.0578333	0.0565736	0.0463954	0.0413866	0.0386334	0.0381928	0.0269682	-0.00463787	-0.0545791	-0.109859	-0.142445	-0.14227	-0.117705	-0.0651673	0.0215689	
-0.372373	-0.337053	-0.298672	-0.26105	-0.238782	-0.218586	-0.178592	-0.129999	-0.0814194	-0.0330622	-9.95997e-05	0.0170817	0.026421	0.0386334	0.053259	0.0702765	0.0726393	0.0388796	-0.0224077	-0.083728	-0.12049	-0.126395	-0.102962	-0.0423901	0.0551269	
-0.386345	-0.345916	-0.308679	-0.280751	-0.26743	-0.253968	-0.22749	-0.190731	-0.141386	-0.0879077	-0.0445309	-0.0131113	0.0120734	0.0381928	0.0702765	0.101234	0.104302	0.0668902	0.00152316	-0.0637138	-0.112151	-0.131966	-0.108977	-0.0413107	0.0649227	
-0.379668	-0.331227	-0.294583	-0.266929	-0.256559	-0.253867	-0.246418	-0.220339	-0.179365	-0.133679	-0.0883184	-0.0462935	-0.0113957	0.0269682	0.0726393	0.104302	0.108574	0.0772471	0.016818	-0.0563662	-0.114751	-0.138963	-0.117893	-0.0489913	0.0614662	
-0.36037	-0.298739	-0.258875	-0.22649	-0.209377	-0.217886	-0.229547	-0.222421	-0.201833	-0.174795	-0.136725	-0.0951458	-0.0513862	-0.00463787	0.0388796	0.0668902	0.0772471	0.061653	0.00499527	-0.0649756	-0.116812	-0.135826	-0.115412	-0.0490041	0.0715513	
-0.338471	-0.261555	-0.210463	-0.16958	-0.152895	-0.166366	-0.18901	-0.206318	-0.215828	-0.208899	-0.182378	-0.143484	-0.0963075	-0.0545791	-0.0224077	0.00152316	0.016818	0.00499527	-0.0387336	-0.0892562	-0.119823	-0.125376	-0.0977077	-0.0230107	0.0995716	
-0.325141	-0.232578	-0.165868	-0.120422	-0.104041	-0.116028	-0.14571	-0.187311	-0.220784	-0.230263	-0.215172	-0.18177	-0.139727	-0.109859	-0.083728	-0.0637138	-0.0563662	-0.0649756	-0.0892562	-0.109667	-0.115049	-0.0969525	-0.0500958	0.0270088	0.138242	
-0.325844	-0.218153	-0.136372	-0.0866144	-0.066443	-0.0725174	-0.108293	-0.164823	-0.213004	-0.234679	-0.225593	-0.198529	-0.166473	-0.142445	-0.12049	-0.112151	-0.114751	-0.116812	-0.119823	-0.115049	-0.0919109	-0.048557	0.0113484	0.0837892	0.174515	
-0.324862	-0.213516	-0.124701	-0.0666642	-0.0391271	-0.0429865	-0.080077	-0.141014	-0.198571	-0.22551	-0.218046	-0.194673	-0.166614	-0.14227	-0.126395	-0.131966	-0.138963	-0.135826	-0.125376	-0.0969525	-0.048557	0.00720939	0.0657451	0.129478	0.199185	
-0.324573	-0.211656	-0.116119	-0.0472544	-0.0145721	-0.0260987	-0.0680997	-0.125365	-0.177805	-0.206792	-0.205659	-0.185823	-0.149752	-0.117705	-0.102962	-0.108977	-0.117893	-0.115412	-0.0977077	-0.0500958	0.0113484	0.0657451	0.113001	0.157738	0.199197	
-0.334449	-0.215266	-0.110374	-0.0344174	-0.00556368	-0.0204983	-0.0583295	-0.103675	-0.146789	-0.174583	-0.177353	-0.150931	-0.105451	-0.0651673	-0.0423901	-0.0413107	-0.0489913	-0.0490041	-0.0230107	0.0270088	0.0837892	0.129478	0.157738	0.171506	0.171318	
-0.345545	-0.22216	-0.111963	-0.0342567	-0.00293744	-0.0163418	-0.0489617	-0.0835751	-0.114655	-0.13691	-0.131343	-0.0905125	-0.0299265	0.0215689	0.0551269	0.0649227	0.0614662	0.0715513	0.0995716	0.138242	0.174515	0.199185	0.199197	0.171318	0.126644	
-0.358956	-0.227087	-0.116697	-0.0473742	-0.0191074	-0.0193852	-0.0377319	-0.0614031	-0.082075	-0.0882057	-0.0641572	-0.00736939	0.0643563	0.13342	0.181195	0.201362	0.209697	0.225345	0.253289	0.279708	0.294316	0.285094	0.241963	0.168556	0.0750213	
-0.378593	-0.242176	-0.135371	-0.0729027	-0.0414399	-0.026805	-0.0255069	-0.0331111	-0.0382526	-0.0268971	0.00950702	0.0717798	0.153234	0.237775	0.301148	0.338369	0.361036	0.384564	0.415522	0.441518	0.436904	0.388819	0.302736	0.18321	0.0346258	
-0.405179	-0.270405	-0.168838	-0.107928	-0.0677481	-0.0347486	-0.0163125	-0.0116788	-0.00602304	0.0163854	0.0620233	0.131914	0.219341	0.310227	0.381067	0.434891	0.477673	0.519463	0.56635	0.593525	0.569016	0.491403	0.376591	0.22196	0.020453	
-0.434389	-0.307527	-0.211423	-0.1431	-0.0914017	-0.0466049	-0.0171902	-0.00204611	0.00838286	0.0311854	0.0801393	0.15836	0.248623	0.338631	0.412983	0.479878	0.545252	0.612627	0.679198	0.708252	0.674315	0.583638	0.449946	0.267001	0.0276185	
-0.461613	-0.338869	-0.242966	-0.168057	-0.107017	-0.0585854	-0.0217019	0.00599915	0.0228514	0.0408653	0.0846339	0.160328	0.24931	0.339071	0.417847	0.494964	0.573614	0.657761	0.734412	0.770462	0.743299	0.652091	0.501953	0.294278	0.0379637	
-0.467417	-0.343231	-0.247927	-0.172149	-0.11245	-0.0609808	-0.021284	0.00897862	0.0263942	0.043891	0.0865456	0.16206	0.248692	0.338942	0.418874	0.496996	0.578821	0.663083	0.741696	0.779306	0.755313	0.664828	0.510045	0.297943	0.0396717	
-0.446203	-0.32308	-0.227184	-0.155023	-0.0976382	-0.052088	-0.0196891	0.000700997	0.0137938	0.0347075	0.0820037	0.159384	0.250371	0.3402	0.416245	0.488152	0.560167	0.636893	0.708322	0.740536	0.708357	0.615817	0.474853	0.281132	0.0326556	
-0.416667	-0.284206	-0.185198	-0.12266	-0.0784898	-0.0390404	-0.0152933	-0.00675254	0.00084244	0.0248402	0.0732483	0.14741	0.235979	0.326936	0.399275	0.458313	0.51035	0.562365	0.617983	0.644861	0.613761	0.529123	0.406774	0.24084	0.0216561	
-0.388581	-0.25216	-0.147371	-0.0856506	-0.0514307	-0.0298571	-0.0214671	-0.0229246	-0.0222177	-0.00581133	0.0341235	0.0990175	0.183264	0.271167	0.338791	0.383261	0.413488	0.442602	0.478985	0.505236	0.492215	0.431034	0.331659	0.196388	0.0252787	
-0.365724	-0.231711	-0.121888	-0.056757	-0.0272078	-0.0220217	-0.0329774	-0.0509612	-0.0654937	-0.063765	-0.0340826	0.0253141	0.101937	0.17791	0.231924	0.258687	0.272212	0.290489	0.317839	0.34348	0.350536	0.325253	0.263624	0.170967	0.0565588	
-0.350502	-0.223609	-0.113117	-0.0372569	-0.00826426	-0.016629	-0.0445117	-0.0751837	-0.10239	-0.119461	-0.10671	-0.0586237	0.00677028	0.065244	0.103675	0.116186	0.117648	0.130237	0.158999	0.191525	0.218477	0.230561	0.214494	0.170014	0.106521	
-0.338872	-0.218724	-0.110571	-0.0331604	-0.0021169	-0.0185987	-0.0547943	-0.0955453	-0.133529	-0.159474	-0.16077	-0.130186	-0.0790008	-0.0349758	-0.00775998	-0.00313434	-0.0105784	-0.00640886	0.0211059	0.0677409	0.116908	0.155834	0.17517	0.17321	0.15512	
-0.327903	-0.211657	-0.112614	-0.0405085	-0.0103356	-0.0229452	-0.0642244	-0.117474	-0.166341	-0.195613	-0.196561	-0.17486	-0.135447	-0.100138	-0.0831641	-0.0867739	-0.0951749	-0.0953284	-0.0738536	-0.0234243	0.0383816	0.0908237	0.131181	0.16445	0.190392	
-0.323547	-0.213196	-0.121984	-0.0589775	-0.02743	-0.0346894	-0.0740514	-0.13438	-0.191114	-0.219562	-0.214739	-0.193467	-0.162222	-0.135204	-0.121325	-0.128932	-0.136643	-0.132444	-0.118769	-0.0811134	-0.0256523	0.0304709	0.0853576	0.143041	0.202797	
-0.326299	-0.21523	-0.129419	-0.077609	-0.0549893	-0.0589501	-0.0951419	-0.154585	-0.207498	-0.231656	-0.222908	-0.197546	-0.168648	-0.145069	-0.125834	-0.124351	-0.129598	-0.129	-0.125572	-0.111103	-0.0776044	-0.0278885	0.0336075	0.104055	0.187091	
-0.32425	-0.225721	-0.152749	-0.104656	-0.08713	-0.0974326	-0.130688	-0.179404	-0.218975	-0.234959	-0.223016	-0.191924	-0.153915	-0.127505	-0.102682	-0.0858109	-0.082437	-0.0889681	-0.103825	-0.113475	-0.107666	-0.0787658	-0.025249	0.0506546	0.15361	
-0.331223	-0.247834	-0.190788	-0.148783	-0.132307	-0.145541	-0.170582	-0.19903	-0.219682	-0.218896	-0.197688	-0.160473	-0.114182	-0.0768961	-0.0481199	-0.0257059	-0.0127099	-0.0236431	-0.060314	-0.0990367	-0.119981	-0.116777	-0.0819157	-0.00597276	0.113957	
-0.351727	-0.283798	-0.240161	-0.203822	-0.186876	-0.197889	-0.215146	-0.217057	-0.207737	-0.189703	-0.155499	-0.115655	-0.0693215	-0.0224922	0.0161101	0.0420576	0.0554609	0.0430237	-0.00914636	-0.0735871	-0.118117	-0.132801	-0.110817	-0.0418841	0.0809972	
-0.372525	-0.31944	-0.282511	-0.25388	-0.240265	-0.243206	-0.243752	-0.224449	-0.190838	-0.150982	-0.107192	-0.0639954	-0.0259058	0.0166356	0.0638444	0.0941378	0.100321	0.0757353	0.0163809	-0.0573072	-0.11592	-0.139208	-0.118532	-0.0506713	0.0636451	
-0.386339	-0.342519	-0.305185	-0.27913	-0.268201	-0.258277	-0.239641	-0.206589	-0.158358	-0.106753	-0.061864	-0.0250715	0.00494252	0.036188	0.074365	0.107109	0.110111	0.0733053	0.00931229	-0.0588597	-0.112377	-0.135716	-0.113375	-0.0443045	0.0639844	
-0.380053	-0.343644	-0.306207	-0.272079	-0.254359	-0.23739	-0.20114	-0.156695	-0.107577	-0.0562515	-0.0190052	0.00446298	0.0206107	0.0386976	0.0602679	0.0841306	0.0879944	0.0518574	-0.0123584	-0.0746358	-0.114853	-0.126407	-0.103773	-0.0399841	0.0613547	
-0.354626	-0.322322	-0.282868	-0.239694	-0.205686	-0.178142	-0.138822	-0.0878361	-0.0366536	0.00865865	0.0338533	0.0398013	0.0370383	0.0398093	0.0441156	0.0502558	0.0451931	0.0140313	-0.0402433	-0.099362	-0.133319	-0.13417	-0.108979	-0.053428	0.0375263	
-0.314811	-0.293712	-0.255056	-0.202964	-0.145333	-0.101875	-0.064722	-0.0142822	0.0409008	0.0811801	0.0941613	0.0850232	0.0632637	0.0430525	0.0301119	0.0219236	0.00232167	-0.032345	-0.0780668	-0.126081	-0.156237	-0.156399	-0.13504	-0.0874008	-0.00699932	
-0.277073	-0.266705	-0.228147	-0.168829	-0.099231	-0.0409711	-0.00206774	0.0386679	0.0907462	0.134979	0.146641	0.130646	0.0943496	0.0527999	0.0218919	-0.00220139	-0.0319857	-0.0783583	-0.125405	-0.164623	-0.18567	-0.183576	-0.172991	-0.134116	-0.066704	
-0.261106	-0.256321	-0.213569	-0.150891	-0.0745399	-0.0127104	0.0287701	0.0611347	0.103144	0.146852	0.166253	0.15507	0.114235	0.0590915	0.00801981	-0.0307781	-0.0706326	-0.119857	-0.167976	-0.203511	-0.215528	-0.209434	-0.199842	-0.170335	-0.118837	
