-0.60028	-0.746114	-0.859867	-0.939067	-0.982141	-0.988138	-0.961205	-0.895221	-0.796025	-0.661332	-0.507459	-0.364102	-0.252194	-0.186471	-0.161379	-0.168365	-0.194291	-0.225774	-0.256524	-0.298917	-0.354248	-0.415881	-0.478538	-0.519572	-0.535776	
-0.423931	-0.532904	-0.611936	-0.672438	-0.704403	-0.708254	-0.689715	-0.63783	-0.568349	-0.469834	-0.355705	-0.253767	-0.181872	-0.15527	-0.161103	-0.187986	-0.224789	-0.265765	-0.30136	-0.340839	-0.395268	-0.461804	-0.535979	-0.595418	-0.626198	
-0.243067	-0.303836	-0.351611	-0.389903	-0.414177	-0.419023	-0.401088	-0.36788	-0.324507	-0.267552	-0.205202	-0.148081	-0.128352	-0.14071	-0.173683	-0.219461	-0.262836	-0.313396	-0.351519	-0.384987	-0.431634	-0.495585	-0.575696	-0.64854	-0.69773	
-0.0809683	-0.0885156	-0.10265	-0.115481	-0.131466	-0.136821	-0.121193	-0.107878	-0.0938785	-0.0835836	-0.0744838	-0.0713527	-0.102188	-0.153889	-0.213588	-0.269011	-0.319039	-0.367299	-0.400397	-0.421956	-0.451517	-0.505435	-0.580782	-0.662072	-0.732159	
0.0378148	0.0815394	0.113001	0.12851	0.126565	0.125087	0.129317	0.12105	0.0961955	0.0556235	0.0112915	-0.0401043	-0.111369	-0.193835	-0.268789	-0.325655	-0.371989	-0.409587	-0.430786	-0.441236	-0.458939	-0.49724	-0.560011	-0.634067	-0.71517	
0.114734	0.198504	0.271012	0.309152	0.323414	0.326061	0.316492	0.290629	0.230245	0.148696	0.062785	-0.02981	-0.127389	-0.229253	-0.314988	-0.375616	-0.416864	-0.440798	-0.44626	-0.444344	-0.450911	-0.47383	-0.516492	-0.572568	-0.652175	
0.151991	0.270937	0.372444	0.436304	0.46634	0.469801	0.451925	0.403029	0.313992	0.201206	0.0797441	-0.0349087	-0.14614	-0.253934	-0.343389	-0.410427	-0.447225	-0.458208	-0.445934	-0.429767	-0.42431	-0.4289	-0.447024	-0.481731	-0.549502	
0.168572	0.315957	0.448172	0.5352	0.581395	0.588973	0.557846	0.489188	0.371697	0.228714	0.0785443	-0.0565265	-0.17087	-0.276894	-0.365795	-0.434638	-0.468576	-0.465208	-0.436452	-0.406679	-0.388668	-0.375428	-0.373435	-0.385413	-0.435186	
0.186636	0.359913	0.515542	0.621439	0.681299	0.692315	0.650399	0.564347	0.42643	0.2567	0.0830206	-0.0694263	-0.188882	-0.289495	-0.382819	-0.456082	-0.490446	-0.484185	-0.444593	-0.404924	-0.373985	-0.342676	-0.317981	-0.309418	-0.338185	
0.219272	0.412651	0.578471	0.6985	0.76657	0.777598	0.732308	0.632114	0.483598	0.298244	0.103697	-0.0600843	-0.185504	-0.28702	-0.38237	-0.465716	-0.509454	-0.508991	-0.479838	-0.440379	-0.399358	-0.350738	-0.299187	-0.266031	-0.26691	
0.269928	0.468999	0.633417	0.753897	0.823168	0.834338	0.788552	0.687294	0.540377	0.351775	0.150379	-0.0240791	-0.155741	-0.262398	-0.365773	-0.455549	-0.512338	-0.526814	-0.518767	-0.495569	-0.455102	-0.39813	-0.327307	-0.269113	-0.244649	
0.334807	0.521703	0.670725	0.778692	0.840036	0.851353	0.809207	0.718076	0.587776	0.411487	0.218493	0.0415201	-0.0977499	-0.214166	-0.330338	-0.4278	-0.497454	-0.533709	-0.550996	-0.553417	-0.525498	-0.467155	-0.38823	-0.312425	-0.263721	
0.392795	0.557141	0.682752	0.770123	0.822877	0.8319	0.795719	0.721604	0.612563	0.461336	0.287635	0.117856	-0.02357	-0.150558	-0.272981	-0.376328	-0.455648	-0.509353	-0.560674	-0.59201	-0.586735	-0.546727	-0.46809	-0.384579	-0.319847	
0.442099	0.568419	0.660354	0.722245	0.759998	0.76687	0.740624	0.688367	0.609618	0.496552	0.354122	0.203001	0.0641338	-0.0726396	-0.201791	-0.309318	-0.39484	-0.465244	-0.538666	-0.598523	-0.622394	-0.604597	-0.54809	-0.46917	-0.394814	
0.464746	0.547327	0.603101	0.638247	0.661373	0.666406	0.648775	0.618758	0.572652	0.501014	0.401152	0.279989	0.152478	0.0173675	-0.113444	-0.222034	-0.312007	-0.396774	-0.487835	-0.570418	-0.619413	-0.628416	-0.597355	-0.534444	-0.461595	
0.457861	0.493565	0.511945	0.521371	0.531551	0.534164	0.525471	0.516477	0.502376	0.475116	0.42367	0.342145	0.237456	0.115423	-0.00743987	-0.11336	-0.20502	-0.300938	-0.406394	-0.50307	-0.574953	-0.610575	-0.604809	-0.568271	-0.508671	
0.430542	0.419413	0.400518	0.389373	0.385723	0.385538	0.387205	0.394871	0.411377	0.428736	0.423704	0.387746	0.31404	0.212044	0.107336	0.0084526	-0.0847713	-0.186478	-0.30089	-0.410022	-0.497347	-0.553495	-0.577053	-0.56776	-0.529867	
0.380245	0.338352	0.296453	0.273836	0.264467	0.263307	0.268896	0.284682	0.320395	0.364233	0.398569	0.40061	0.357862	0.289617	0.206722	0.124233	0.0376583	-0.0679709	-0.184377	-0.300445	-0.39964	-0.473011	-0.517924	-0.540429	-0.534666	
0.325922	0.264134	0.210583	0.184337	0.172486	0.171074	0.178543	0.197009	0.240944	0.301121	0.35879	0.387334	0.37389	0.334493	0.280613	0.218752	0.141867	0.043422	-0.0743389	-0.195562	-0.306445	-0.395392	-0.458118	-0.50442	-0.522042	
0.265872	0.196276	0.140386	0.115157	0.104939	0.10286	0.109989	0.126662	0.170765	0.237449	0.306184	0.353702	0.364436	0.353035	0.328741	0.286837	0.2229	0.134394	0.0201535	-0.103401	-0.218081	-0.314938	-0.387193	-0.442666	-0.476546	
0.202826	0.131014	0.0763749	0.0520825	0.0424725	0.0413693	0.04713	0.0632788	0.106654	0.172475	0.24772	0.304131	0.333065	0.34836	0.346696	0.328285	0.283569	0.209328	0.111792	-0.00457863	-0.119245	-0.214601	-0.291088	-0.353007	-0.394208	
0.134299	0.0652935	0.0173517	-0.00541984	-0.0129453	-0.014025	-0.00986369	0.00573822	0.0428922	0.10548	0.176987	0.237362	0.282893	0.317673	0.344814	0.350724	0.330012	0.284832	0.207331	0.107649	0.00254492	-0.0930156	-0.172877	-0.239	-0.289399	
0.0665308	0.00456104	-0.0356314	-0.0573091	-0.0632482	-0.064191	-0.0612356	-0.0460548	-0.0147424	0.0408079	0.105622	0.167065	0.222816	0.276328	0.325558	0.354622	0.363531	0.346358	0.301512	0.226511	0.135615	0.0461874	-0.042538	-0.11792	-0.180651	
0.0064252	-0.0466792	-0.0801148	-0.0994181	-0.106211	-0.106848	-0.103643	-0.0888228	-0.0625065	-0.0160322	0.0405238	0.0989177	0.162594	0.229752	0.295478	0.346884	0.379998	0.390663	0.377299	0.330193	0.259245	0.181252	0.092097	0.0105169	-0.0582737	
-0.0405248	-0.0828657	-0.10793	-0.127797	-0.134533	-0.135866	-0.132279	-0.116316	-0.0955022	-0.0580307	-0.0132244	0.0401134	0.103698	0.173613	0.24774	0.307817	0.358661	0.394722	0.412404	0.405391	0.372412	0.319997	0.24786	0.173649	0.100685	
-0.0744742	-0.102073	-0.119627	-0.136193	-0.144819	-0.146256	-0.140817	-0.126084	-0.110209	-0.0858808	-0.055637	-0.0138578	0.0413436	0.106496	0.176446	0.240916	0.303078	0.358486	0.412269	0.449876	0.464222	0.455758	0.413809	0.358859	0.295678	
-0.102073	-0.112479	-0.120508	-0.131474	-0.140278	-0.142215	-0.13563	-0.124503	-0.115839	-0.106792	-0.0921145	-0.0632214	-0.0173798	0.0403134	0.104348	0.170132	0.236529	0.307432	0.386896	0.465728	0.529041	0.564134	0.565029	0.538376	0.491692	
-0.119627	-0.120508	-0.123546	-0.134889	-0.14546	-0.147671	-0.139422	-0.127492	-0.120841	-0.120317	-0.114859	-0.0928711	-0.0552586	-0.00498282	0.0524668	0.113539	0.181213	0.259651	0.356824	0.468161	0.570477	0.641966	0.67794	0.679463	0.650725	
-0.136193	-0.131474	-0.134889	-0.14433	-0.158139	-0.161012	-0.149739	-0.138181	-0.131205	-0.135282	-0.132829	-0.113323	-0.0756865	-0.0265784	0.027375	0.0902148	0.154502	0.234938	0.340361	0.468197	0.595136	0.692637	0.756242	0.778899	0.768119	
-0.144819	-0.140278	-0.14546	-0.158139	-0.174462	-0.177885	-0.164681	-0.150484	-0.140441	-0.144178	-0.140576	-0.11943	-0.0819506	-0.0330588	0.019151	0.0800231	0.143448	0.224493	0.333479	0.472315	0.613512	0.723669	0.803161	0.837752	0.833962	
-0.146256	-0.142215	-0.147671	-0.161012	-0.177885	-0.181065	-0.167707	-0.152687	-0.142248	-0.145624	-0.142006	-0.120388	-0.0826166	-0.034423	0.0183122	0.0783178	0.141568	0.2233	0.332691	0.473683	0.61756	0.73023	0.81125	0.847961	0.845451	
-0.140817	-0.13563	-0.139422	-0.149739	-0.164681	-0.167707	-0.155822	-0.143142	-0.135548	-0.140044	-0.137132	-0.11783	-0.0794533	-0.0305545	0.0224238	0.0854235	0.148713	0.229662	0.336653	0.469535	0.603273	0.707227	0.779318	0.807779	0.8012	
-0.126084	-0.124503	-0.127492	-0.138181	-0.150484	-0.152687	-0.143142	-0.131278	-0.1242	-0.126025	-0.122397	-0.10151	-0.065045	-0.0159685	0.0396288	0.100211	0.167258	0.246891	0.348287	0.468198	0.581868	0.664877	0.712747	0.723637	0.702295	
-0.110209	-0.115839	-0.120841	-0.131205	-0.140441	-0.142248	-0.135548	-0.1242	-0.117788	-0.113	-0.10303	-0.0781309	-0.0349507	0.0187458	0.0807509	0.145004	0.211722	0.287277	0.37402	0.467497	0.548043	0.599076	0.615331	0.600456	0.561539	
-0.0858808	-0.106792	-0.120317	-0.135282	-0.144178	-0.145624	-0.140044	-0.126025	-0.113	-0.0949524	-0.0705429	-0.0346982	0.0168812	0.0791271	0.146001	0.211633	0.276247	0.338549	0.404156	0.459317	0.493443	0.502638	0.477569	0.433052	0.375855	
-0.055637	-0.0921145	-0.114859	-0.132829	-0.140576	-0.142006	-0.137132	-0.122397	-0.10303	-0.0705429	-0.0321671	0.0180605	0.0785687	0.147347	0.221536	0.28308	0.339518	0.384219	0.416198	0.427011	0.412545	0.376468	0.314491	0.246601	0.176146	
-0.0138578	-0.0632214	-0.0928711	-0.113323	-0.11943	-0.120388	-0.11783	-0.10151	-0.0781309	-0.0346982	0.0180605	0.0739135	0.139583	0.208833	0.278981	0.33563	0.376243	0.397952	0.396473	0.364147	0.305912	0.23568	0.15159	0.0709979	0.000149793	
0.0413436	-0.0173798	-0.0552586	-0.0756865	-0.0819506	-0.0826166	-0.0794533	-0.065045	-0.0349507	0.0168812	0.0785687	0.139583	0.198296	0.258982	0.315129	0.353641	0.373301	0.366954	0.335702	0.270676	0.186553	0.100658	0.00977667	-0.0691336	-0.135232	
0.106496	0.0403134	-0.00498282	-0.0265784	-0.0330588	-0.034423	-0.0305545	-0.0159685	0.0187458	0.0791271	0.147347	0.208833	0.258982	0.301537	0.339073	0.354068	0.344887	0.311588	0.246049	0.155468	0.0557508	-0.0380822	-0.121071	-0.190302	-0.245354	
0.176446	0.104348	0.0524668	0.027375	0.019151	0.0183122	0.0224238	0.0396288	0.0807509	0.146001	0.221536	0.278981	0.315129	0.339073	0.348012	0.339369	0.303584	0.239487	0.149737	0.0390146	-0.0732564	-0.168793	-0.246246	-0.309711	-0.354338	
0.240916	0.170132	0.113539	0.0902148	0.0800231	0.0783178	0.0854235	0.100211	0.145004	0.211633	0.28308	0.33563	0.353641	0.354068	0.339369	0.306566	0.249248	0.165159	0.0569216	-0.0656398	-0.180565	-0.277078	-0.351637	-0.409591	-0.447196	
0.303078	0.236529	0.181213	0.154502	0.143448	0.141568	0.148713	0.167258	0.211722	0.276247	0.339518	0.376243	0.373301	0.344887	0.303584	0.249248	0.176845	0.082387	-0.0353417	-0.157793	-0.271333	-0.365197	-0.432672	-0.48374	-0.509049	
0.358486	0.307432	0.259651	0.234938	0.224493	0.2233	0.229662	0.246891	0.287277	0.338549	0.384219	0.397952	0.366954	0.311588	0.239487	0.165159	0.082387	-0.0222553	-0.138672	-0.256971	-0.361469	-0.44091	-0.493713	-0.527396	-0.532293	
0.412269	0.386896	0.356824	0.340361	0.333479	0.332691	0.336653	0.348287	0.37402	0.404156	0.416198	0.396473	0.335702	0.246049	0.149737	0.0569216	-0.0353417	-0.138672	-0.254475	-0.367052	-0.458569	-0.522258	-0.55557	-0.558533	-0.53343	
0.449876	0.465728	0.468161	0.468197	0.472315	0.473683	0.469535	0.468198	0.467497	0.459317	0.427011	0.364147	0.270676	0.155468	0.0390146	-0.0656398	-0.157793	-0.256971	-0.367052	-0.468479	-0.547543	-0.592246	-0.598272	-0.572443	-0.520031	
0.464222	0.529041	0.570477	0.595136	0.613512	0.61756	0.603273	0.581868	0.548043	0.493443	0.412545	0.305912	0.186553	0.0557508	-0.0732564	-0.180565	-0.271333	-0.361469	-0.458569	-0.547543	-0.606123	-0.625965	-0.604789	-0.552136	-0.483281	
0.455758	0.564134	0.641966	0.692637	0.723669	0.73023	0.707227	0.664877	0.599076	0.502638	0.376468	0.23568	0.100658	-0.0380822	-0.168793	-0.277078	-0.365197	-0.44091	-0.522258	-0.592246	-0.625965	-0.618884	-0.573426	-0.498984	-0.423549	
0.413809	0.565029	0.67794	0.756242	0.803161	0.81125	0.779318	0.712747	0.615331	0.477569	0.314491	0.15159	0.00977667	-0.121071	-0.246246	-0.351637	-0.432672	-0.493713	-0.55557	-0.598272	-0.604789	-0.573426	-0.501015	-0.418786	-0.348908	
0.358859	0.538376	0.679463	0.778899	0.837752	0.847961	0.807779	0.723637	0.600456	0.433052	0.246601	0.0709979	-0.0691336	-0.190302	-0.309711	-0.409591	-0.48374	-0.527396	-0.558533	-0.572443	-0.552136	-0.498984	-0.418786	-0.338572	-0.282488	
0.295678	0.491692	0.650725	0.768119	0.833962	0.845451	0.8012	0.702295	0.561539	0.375855	0.176146	0.000149793	-0.135232	-0.245354	-0.354338	-0.447196	-0.509049	-0.532293	-0.53343	-0.520031	-0.483281	-0.423549	-0.348908	-0.282488	-0.246981	
