0.639543	0.818005	0.954673	1.023	1.01171	0.938222	0.840018	0.730317	0.611659	0.49035	0.398959	0.333268	0.281678	0.230903	0.160222	0.0778077	-0.000504362	-0.0808922	-0.160583	-0.234554	-0.285692	-0.308118	-0.294026	-0.2466	-0.169051	
0.818005	0.999988	1.12483	1.1678	1.12476	1.01387	0.869502	0.706918	0.538535	0.382129	0.264148	0.189211	0.145452	0.111017	0.0629992	0.00567387	-0.0426234	-0.0889314	-0.142427	-0.191582	-0.222565	-0.244287	-0.249369	-0.230015	-0.184437	
0.954673	1.12483	1.22761	1.24448	1.17029	1.02803	0.845092	0.637889	0.434665	0.257685	0.125043	0.0469543	0.0106491	-0.000699885	-0.0214664	-0.0495262	-0.0631702	-0.0743155	-0.0907825	-0.110915	-0.127504	-0.149901	-0.171923	-0.173431	-0.15466	
1.023	1.1678	1.24448	1.23564	1.13587	0.969636	0.765295	0.534007	0.310532	0.122659	-0.0149082	-0.0860947	-0.0967434	-0.0805652	-0.0655458	-0.0613847	-0.0513703	-0.0358407	-0.0206283	-0.0112539	-0.0194423	-0.0478293	-0.0776575	-0.0912716	-0.0878344	
1.01171	1.12476	1.17029	1.13587	1.01325	0.835893	0.625452	0.397505	0.173891	-0.0102852	-0.138538	-0.191952	-0.177207	-0.128528	-0.082221	-0.0480318	-0.0169387	0.0219164	0.0578526	0.0854673	0.0902474	0.0700627	0.037409	0.0132455	-0.00370597	
0.938222	1.01387	1.02803	0.969636	0.835893	0.649466	0.436559	0.220065	0.0174023	-0.14479	-0.24658	-0.277424	-0.2439	-0.177758	-0.105521	-0.040984	0.0164986	0.0784545	0.139963	0.18503	0.198439	0.18154	0.14862	0.112877	0.0724748	
0.840018	0.869502	0.845092	0.765295	0.625452	0.436559	0.234224	0.0390086	-0.133639	-0.263956	-0.337793	-0.352297	-0.306893	-0.22726	-0.138784	-0.05302	0.028451	0.118261	0.20579	0.270516	0.297631	0.284849	0.243323	0.191126	0.133478	
0.730317	0.706918	0.637889	0.534007	0.397505	0.220065	0.0390086	-0.128144	-0.269175	-0.37439	-0.427884	-0.426386	-0.368894	-0.279481	-0.181699	-0.0845705	0.0152265	0.129306	0.237885	0.317924	0.355952	0.350009	0.308411	0.246475	0.179357	
0.611659	0.538535	0.434665	0.310532	0.173891	0.0174023	-0.133639	-0.269175	-0.387672	-0.475205	-0.515973	-0.503094	-0.434489	-0.338833	-0.237032	-0.132224	-0.0202555	0.11205	0.238879	0.333291	0.374857	0.376626	0.342346	0.284285	0.216369	
0.49035	0.382129	0.257685	0.122659	-0.0102852	-0.14479	-0.263956	-0.37439	-0.475205	-0.553227	-0.587511	-0.566451	-0.498774	-0.406441	-0.298934	-0.186628	-0.0605479	0.0881085	0.229723	0.332638	0.381188	0.391891	0.360737	0.302518	0.23881	
0.398959	0.264148	0.125043	-0.0149082	-0.138538	-0.24658	-0.337793	-0.427884	-0.515973	-0.587511	-0.618117	-0.595262	-0.53723	-0.458445	-0.359845	-0.248537	-0.11017	0.0587888	0.214645	0.32892	0.386178	0.401639	0.373839	0.323255	0.260759	
0.333268	0.189211	0.0469543	-0.0860947	-0.191952	-0.277424	-0.352297	-0.426386	-0.503094	-0.566451	-0.595262	-0.58533	-0.545431	-0.490702	-0.415705	-0.307332	-0.16355	0.00766964	0.169626	0.299057	0.374958	0.400816	0.386793	0.343098	0.276052	
0.281678	0.145452	0.0106491	-0.0967434	-0.177207	-0.2439	-0.306893	-0.368894	-0.434489	-0.498774	-0.53723	-0.545431	-0.531979	-0.5071	-0.456816	-0.357624	-0.2246	-0.0734421	0.0882031	0.233931	0.331882	0.382304	0.388776	0.349826	0.280236	
0.230903	0.111017	-0.000699885	-0.0805652	-0.128528	-0.177758	-0.22726	-0.279481	-0.338833	-0.406441	-0.458445	-0.490702	-0.5071	-0.506537	-0.477212	-0.404103	-0.296232	-0.165679	-0.00830994	0.139782	0.253112	0.329621	0.358159	0.332428	0.268446	
0.160222	0.0629992	-0.0214664	-0.0655458	-0.082221	-0.105521	-0.138784	-0.181699	-0.237032	-0.298934	-0.359845	-0.415705	-0.456816	-0.477212	-0.47615	-0.438488	-0.361326	-0.250086	-0.111557	0.0306246	0.153422	0.239049	0.281218	0.2734	0.218065	
0.0778077	0.00567387	-0.0495262	-0.0613847	-0.0480318	-0.040984	-0.05302	-0.0845705	-0.132224	-0.186628	-0.248537	-0.307332	-0.357624	-0.404103	-0.438488	-0.441877	-0.403977	-0.318895	-0.199776	-0.0719396	0.041052	0.124994	0.169213	0.164441	0.104923	
-0.000504362	-0.0426234	-0.0631702	-0.0513703	-0.0169387	0.0164986	0.028451	0.0152265	-0.0202555	-0.0605479	-0.11017	-0.16355	-0.2246	-0.296232	-0.361326	-0.403977	-0.40163	-0.34571	-0.248719	-0.146861	-0.0603721	0.00734805	0.0353709	0.0193005	-0.0454968	
-0.0808922	-0.0889314	-0.0743155	-0.0358407	0.0219164	0.0784545	0.118261	0.129306	0.11205	0.0881085	0.0587888	0.00766964	-0.0734421	-0.165679	-0.250086	-0.318895	-0.34571	-0.312654	-0.247482	-0.182619	-0.134897	-0.100402	-0.0960012	-0.134878	-0.20949	
-0.160583	-0.142427	-0.0907825	-0.0206283	0.0578526	0.139963	0.20579	0.237885	0.238879	0.229723	0.214645	0.169626	0.0882031	-0.00830994	-0.111557	-0.199776	-0.248719	-0.247482	-0.222456	-0.196332	-0.180464	-0.188318	-0.22267	-0.290125	-0.377634	
-0.234554	-0.191582	-0.110915	-0.0112539	0.0854673	0.18503	0.270516	0.317924	0.333291	0.332638	0.32892	0.299057	0.233931	0.139782	0.0306246	-0.0719396	-0.146861	-0.182619	-0.196332	-0.202962	-0.216143	-0.261198	-0.336016	-0.433638	-0.540464	
-0.285692	-0.222565	-0.127504	-0.0194423	0.0902474	0.198439	0.297631	0.355952	0.374857	0.381188	0.386178	0.374958	0.331882	0.253112	0.153422	0.041052	-0.0603721	-0.134897	-0.180464	-0.216143	-0.260429	-0.331426	-0.440315	-0.559819	-0.682078	
-0.308118	-0.244287	-0.149901	-0.0478293	0.0700627	0.18154	0.284849	0.350009	0.376626	0.391891	0.401639	0.400816	0.382304	0.329621	0.239049	0.124994	0.00734805	-0.100402	-0.188318	-0.261198	-0.331426	-0.421165	-0.546521	-0.675859	-0.796547	
-0.294026	-0.249369	-0.171923	-0.0776575	0.037409	0.14862	0.243323	0.308411	0.342346	0.360737	0.373839	0.386793	0.388776	0.358159	0.281218	0.169213	0.0353709	-0.0960012	-0.22267	-0.336016	-0.440315	-0.546521	-0.660469	-0.773262	-0.874727	
-0.2466	-0.230015	-0.173431	-0.0912716	0.0132455	0.112877	0.191126	0.246475	0.284285	0.302518	0.323255	0.343098	0.349826	0.332428	0.2734	0.164441	0.0193005	-0.134878	-0.290125	-0.433638	-0.559819	-0.675859	-0.773262	-0.853185	-0.918906	
-0.169051	-0.184437	-0.15466	-0.0878344	-0.00370597	0.0724748	0.133478	0.179357	0.216369	0.23881	0.260759	0.276052	0.280236	0.268446	0.218065	0.104923	-0.0454968	-0.20949	-0.377634	-0.540464	-0.682078	-0.796547	-0.874727	-0.918906	-0.938368	
-0.0686145	-0.116366	-0.115931	-0.0774458	-0.0232435	0.0248407	0.0726321	0.113792	0.150296	0.173572	0.184038	0.18712	0.18496	0.168209	0.113202	0.000958732	-0.149867	-0.311599	-0.479421	-0.653346	-0.806688	-0.912516	-0.966335	-0.973117	-0.940916	
0.048059	-0.0252566	-0.0533497	-0.0507951	-0.0327851	-0.00953785	0.0269155	0.0641653	0.0938984	0.108853	0.101983	0.0845961	0.0656161	0.0358248	-0.0242425	-0.123855	-0.268284	-0.433138	-0.594709	-0.760007	-0.908767	-1.00628	-1.03734	-1.00495	-0.923881	
0.177702	0.0909356	0.0296369	-0.00159291	-0.0126754	-0.0141602	0.00364409	0.0318361	0.0448475	0.0413588	0.015115	-0.0232721	-0.0573905	-0.0995974	-0.16111	-0.252708	-0.387999	-0.543229	-0.699617	-0.851734	-0.98639	-1.06286	-1.07068	-1.0141	-0.900615	
0.292413	0.194849	0.111949	0.0556375	0.0213526	-0.00119706	-0.003333	0.0104778	0.0141829	-0.00539769	-0.0534535	-0.112825	-0.161633	-0.212852	-0.279535	-0.367065	-0.485907	-0.631328	-0.781864	-0.92359	-1.0361	-1.09107	-1.07895	-1.00137	-0.871508	
0.362887	0.257261	0.162597	0.0933448	0.0443989	0.0117029	-0.00218348	0.000404183	0.000857165	-0.0298697	-0.0919606	-0.157987	-0.22166	-0.28774	-0.353644	-0.432037	-0.544354	-0.68671	-0.836461	-0.967745	-1.06319	-1.10564	-1.07969	-0.989711	-0.853265	
0.375005	0.267697	0.171995	0.0998336	0.0478072	0.0141098	-0.0020418	-0.00162763	-0.00222303	-0.0350057	-0.099188	-0.16559	-0.232936	-0.3012	-0.365086	-0.441664	-0.553738	-0.697251	-0.846784	-0.975637	-1.06785	-1.10891	-1.08154	-0.988653	-0.850808	
0.326922	0.225621	0.137081	0.0739103	0.0333453	0.00518399	-0.00306074	0.00526782	0.00794589	-0.0170896	-0.0716256	-0.136051	-0.191666	-0.248916	-0.315984	-0.400658	-0.514374	-0.657314	-0.808729	-0.945454	-1.04878	-1.09746	-1.07837	-0.995235	-0.861805	
0.227622	0.136011	0.0645208	0.0220649	0.000210163	-0.0103837	-0.00140949	0.021769	0.0294584	0.0186313	-0.0170153	-0.0636581	-0.102997	-0.148495	-0.211955	-0.302349	-0.43146	-0.582196	-0.734931	-0.88264	-1.01064	-1.07806	-1.07629	-1.01051	-0.889303	
0.0989099	0.0193996	-0.0219223	-0.0337023	-0.0278204	-0.0148706	0.0154415	0.0497675	0.0736324	0.0823411	0.0680941	0.041886	0.0165596	-0.0197048	-0.0807106	-0.174937	-0.31661	-0.479141	-0.639765	-0.799388	-0.942123	-1.03248	-1.05475	-1.01138	-0.915397	
-0.0237197	-0.0826228	-0.0939382	-0.069242	-0.0301928	0.00779284	0.0517561	0.0914519	0.126023	0.147552	0.150858	0.146869	0.138488	0.118156	0.0613735	-0.0474227	-0.196994	-0.359927	-0.524664	-0.696842	-0.850892	-0.954165	-0.999612	-0.989128	-0.935661	
-0.13131	-0.159746	-0.14139	-0.0847732	-0.0112448	0.0534775	0.108864	0.15244	0.189705	0.213056	0.231488	0.242963	0.245828	0.232607	0.181386	0.067132	-0.0840022	-0.246417	-0.416387	-0.585578	-0.732877	-0.843426	-0.911793	-0.941914	-0.941429	
-0.218799	-0.215461	-0.168169	-0.0909164	0.00613462	0.0975201	0.168965	0.220138	0.257765	0.277057	0.299819	0.318834	0.324922	0.311126	0.257814	0.147956	-0.000360046	-0.161716	-0.323105	-0.475099	-0.607938	-0.725646	-0.815604	-0.880987	-0.929431	
-0.278858	-0.244864	-0.175636	-0.0855849	0.0261444	0.134921	0.222747	0.284463	0.320845	0.339553	0.355411	0.37238	0.377987	0.353261	0.283561	0.173205	0.0339466	-0.106183	-0.246738	-0.373475	-0.488085	-0.59894	-0.706464	-0.807962	-0.896298	
-0.307166	-0.249191	-0.159733	-0.0604823	0.0576257	0.169137	0.270546	0.33691	0.366496	0.383973	0.39531	0.399089	0.389982	0.347865	0.261564	0.147166	0.0237421	-0.093749	-0.197872	-0.287753	-0.371433	-0.468533	-0.591384	-0.716425	-0.831613	
-0.298595	-0.231685	-0.135754	-0.0290248	0.0849415	0.194837	0.297256	0.358774	0.380469	0.389667	0.396439	0.390931	0.357812	0.288695	0.19287	0.0793743	-0.0294008	-0.119022	-0.180892	-0.229953	-0.284438	-0.363016	-0.481593	-0.608565	-0.732289	
-0.258251	-0.206233	-0.117918	-0.0121846	0.0904679	0.19454	0.286035	0.338564	0.35586	0.358161	0.357959	0.335725	0.278804	0.189621	0.083236	-0.0240056	-0.110609	-0.162609	-0.187881	-0.206091	-0.231757	-0.288455	-0.378857	-0.485347	-0.599731	
-0.191433	-0.163478	-0.0991407	-0.0158919	0.0707626	0.160905	0.236018	0.274381	0.282396	0.277041	0.266855	0.226443	0.151405	0.0546756	-0.0536005	-0.148423	-0.206919	-0.219592	-0.211339	-0.199587	-0.194752	-0.219194	-0.269803	-0.349954	-0.444608	
-0.11343	-0.110485	-0.0795467	-0.02863	0.0370658	0.103972	0.154396	0.1749	0.16474	0.147509	0.124926	0.0752268	-0.00933804	-0.104883	-0.196749	-0.273293	-0.309499	-0.288898	-0.238772	-0.189144	-0.155686	-0.137606	-0.147553	-0.197325	-0.276728	
-0.0324319	-0.0604394	-0.0675816	-0.0459636	-0.00124391	0.040471	0.0640492	0.0596444	0.0310433	-0.003043	-0.0440698	-0.0963943	-0.165754	-0.24734	-0.320566	-0.376105	-0.386233	-0.339034	-0.253546	-0.165842	-0.0934076	-0.0376292	-0.0172886	-0.042093	-0.109724	
0.0459228	-0.0149665	-0.0567703	-0.0588127	-0.0364989	-0.0175703	-0.0208674	-0.0461785	-0.0896019	-0.138902	-0.198083	-0.254131	-0.307916	-0.36385	-0.41196	-0.431665	-0.409262	-0.337179	-0.224959	-0.106395	-0.00279033	0.077146	0.115847	0.108552	0.0468449	
0.127455	0.0399798	-0.0329985	-0.0636474	-0.0673853	-0.078104	-0.103352	-0.142044	-0.195407	-0.254093	-0.316374	-0.376158	-0.422077	-0.453169	-0.466886	-0.444919	-0.382285	-0.27954	-0.150347	-0.0125042	0.108626	0.195283	0.240693	0.236393	0.179951	
0.205664	0.0941314	-0.00662387	-0.073094	-0.108215	-0.149299	-0.192777	-0.240864	-0.298958	-0.365357	-0.421596	-0.465076	-0.492423	-0.499807	-0.479343	-0.419996	-0.324103	-0.201447	-0.0501447	0.0972522	0.216265	0.297217	0.331853	0.31398	0.254718	
0.262691	0.131902	0.00479192	-0.0913195	-0.159406	-0.218824	-0.276819	-0.335541	-0.396758	-0.463065	-0.50766	-0.524357	-0.522727	-0.50899	-0.467447	-0.377196	-0.252885	-0.109384	0.0511282	0.198963	0.303576	0.366942	0.382721	0.347213	0.278583	
0.311613	0.169379	0.0276825	-0.0962832	-0.192578	-0.270952	-0.341173	-0.409435	-0.481567	-0.544227	-0.575544	-0.571996	-0.54258	-0.499774	-0.434175	-0.327485	-0.186224	-0.0223497	0.140045	0.276866	0.362039	0.395492	0.389315	0.347242	0.278664	
0.370524	0.228986	0.0874432	-0.0517947	-0.169697	-0.267083	-0.350549	-0.433881	-0.517417	-0.585097	-0.614595	-0.595606	-0.543582	-0.473154	-0.384079	-0.27335	-0.130995	0.0419233	0.201072	0.321413	0.384973	0.402992	0.379696	0.332703	0.268079	
