-0.567868	-0.56762	-0.560859	-0.545306	-0.537186	-0.535323	-0.541572	-0.554057	-0.566782	-0.56758	-0.567423	-0.556173	-0.523083	-0.471722	-0.417357	-0.346074	-0.25147	-0.141035	-0.0239458	0.103947	0.236417	0.36297	0.477889	0.573465	0.643823	
-0.361193	-0.330144	-0.305066	-0.278903	-0.265384	-0.261549	-0.273218	-0.292713	-0.320763	-0.347621	-0.380065	-0.40161	-0.399818	-0.371146	-0.332055	-0.266422	-0.170871	-0.0597121	0.0505133	0.175959	0.307461	0.439716	0.568323	0.685084	0.778193	
-0.151104	-0.101883	-0.0607693	-0.0306054	-0.013007	-0.0101811	-0.022329	-0.0467222	-0.084242	-0.13103	-0.181312	-0.22465	-0.247441	-0.240713	-0.212533	-0.158804	-0.0721238	0.0270411	0.124752	0.235446	0.359963	0.484092	0.616996	0.748894	0.870038	
0.0253759	0.0789738	0.130545	0.164888	0.185182	0.187348	0.175051	0.146332	0.10126	0.0459131	-0.00542131	-0.0524262	-0.0900764	-0.101286	-0.0889215	-0.0566494	0.0027047	0.0809494	0.158945	0.252255	0.364938	0.48381	0.610592	0.745976	0.887887	
0.162531	0.20831	0.259548	0.296105	0.31459	0.317491	0.30529	0.276767	0.229101	0.179543	0.139284	0.101379	0.0570566	0.0316145	0.0230043	0.0253707	0.044792	0.0935505	0.151258	0.226663	0.321417	0.431834	0.550757	0.684888	0.83315	
0.258119	0.288686	0.326181	0.354512	0.364907	0.366823	0.360314	0.339753	0.303393	0.269018	0.245335	0.214807	0.171098	0.13326	0.106882	0.0788833	0.0626314	0.074783	0.111327	0.167368	0.244149	0.340007	0.448974	0.580502	0.732087	
0.307616	0.320067	0.334716	0.343074	0.340535	0.340236	0.342779	0.33983	0.32545	0.312789	0.299248	0.272138	0.22966	0.188794	0.147757	0.100848	0.0593967	0.0402367	0.0501284	0.0831879	0.141427	0.222967	0.326078	0.446672	0.595984	
0.305523	0.302476	0.294471	0.28111	0.269197	0.266136	0.276333	0.28941	0.299939	0.305615	0.298944	0.271709	0.234865	0.196071	0.148282	0.0910376	0.0385122	-0.00205452	-0.016727	-0.00641937	0.0278117	0.0901439	0.187597	0.299758	0.431647	
0.255551	0.243571	0.221912	0.199008	0.186734	0.183995	0.192942	0.211885	0.235787	0.252733	0.251886	0.231306	0.202059	0.168418	0.117206	0.0591957	0.00580085	-0.0409242	-0.0765557	-0.0853003	-0.0767456	-0.0414677	0.0333341	0.137196	0.255437	
0.1741	0.160598	0.139272	0.121077	0.116392	0.115901	0.11749	0.130405	0.1527	0.169575	0.176104	0.168494	0.151018	0.121811	0.0769881	0.0235449	-0.0199659	-0.0632186	-0.107349	-0.141377	-0.156623	-0.147857	-0.102641	-0.0207982	0.0883192	
0.0805474	0.0732699	0.0652039	0.0578242	0.0605277	0.0613299	0.0578373	0.0608499	0.0709164	0.0768982	0.0862415	0.0923145	0.086389	0.0666639	0.0385514	0.000531814	-0.0368762	-0.0753001	-0.120675	-0.173464	-0.214702	-0.225348	-0.199855	-0.143801	-0.0515851	
-0.00957034	-0.00437998	0.00498557	0.00755834	0.0107581	0.0120601	0.00866015	0.0061698	0.00021663	-0.00890844	-0.00485636	0.00922167	0.0134205	0.00807327	0.00309523	-0.0137243	-0.0481306	-0.0921912	-0.136458	-0.192073	-0.242449	-0.266637	-0.255373	-0.221131	-0.151416	
-0.0792219	-0.0650845	-0.0437574	-0.0350649	-0.0320458	-0.0319198	-0.0322785	-0.0395365	-0.0554814	-0.0758046	-0.0773191	-0.0645195	-0.0522613	-0.0449256	-0.0326135	-0.032726	-0.0617137	-0.107897	-0.150218	-0.19411	-0.237279	-0.262338	-0.269215	-0.258024	-0.211319	
-0.114694	-0.102275	-0.0827029	-0.0689984	-0.0625854	-0.0614176	-0.0648384	-0.0762529	-0.0946232	-0.111386	-0.115437	-0.108946	-0.0988691	-0.0875566	-0.0725807	-0.0654072	-0.082013	-0.117269	-0.147843	-0.178273	-0.211213	-0.238629	-0.25983	-0.271048	-0.24294	
-0.124579	-0.12175	-0.114071	-0.102108	-0.090026	-0.0883855	-0.0962136	-0.110061	-0.118778	-0.12433	-0.126471	-0.131633	-0.130938	-0.127593	-0.118586	-0.10977	-0.107186	-0.120026	-0.13488	-0.153192	-0.180484	-0.211509	-0.240707	-0.258136	-0.241328	
-0.121009	-0.121972	-0.127899	-0.127195	-0.118397	-0.116264	-0.124277	-0.129318	-0.12407	-0.120064	-0.12628	-0.140223	-0.150635	-0.154594	-0.153164	-0.144749	-0.12924	-0.118237	-0.117093	-0.129986	-0.15239	-0.181099	-0.205459	-0.21712	-0.203785	
-0.121506	-0.11609	-0.1271	-0.141694	-0.144074	-0.143645	-0.143701	-0.13464	-0.118402	-0.117357	-0.129528	-0.145916	-0.157943	-0.167272	-0.166909	-0.162462	-0.15085	-0.131104	-0.111398	-0.113988	-0.133417	-0.152833	-0.164813	-0.162407	-0.148082	
-0.135024	-0.123187	-0.129427	-0.14874	-0.158946	-0.160023	-0.153877	-0.137601	-0.122961	-0.129073	-0.14269	-0.148829	-0.156376	-0.170642	-0.174457	-0.170091	-0.170364	-0.16089	-0.132285	-0.115903	-0.122258	-0.130385	-0.128119	-0.117114	-0.0984209	
-0.146753	-0.138567	-0.137658	-0.14552	-0.151148	-0.151983	-0.148308	-0.140677	-0.136276	-0.14383	-0.147679	-0.141145	-0.140596	-0.159962	-0.17208	-0.169754	-0.170723	-0.173817	-0.155122	-0.130176	-0.11531	-0.101525	-0.0859192	-0.0716419	-0.0572315	
-0.150011	-0.153005	-0.147771	-0.139934	-0.133758	-0.13316	-0.136953	-0.144998	-0.151175	-0.152373	-0.144573	-0.132986	-0.129626	-0.143864	-0.160377	-0.165525	-0.167163	-0.170405	-0.164627	-0.14835	-0.120985	-0.0837017	-0.0497399	-0.0315038	-0.0194145	
-0.153351	-0.160105	-0.155835	-0.141881	-0.13022	-0.127655	-0.136082	-0.150859	-0.16007	-0.157215	-0.146418	-0.138618	-0.136149	-0.140889	-0.148177	-0.158883	-0.168991	-0.173369	-0.168587	-0.158715	-0.132315	-0.0867748	-0.0433205	-0.0118699	0.0136472	
-0.15169	-0.152007	-0.151258	-0.145901	-0.135958	-0.133397	-0.140934	-0.150197	-0.152205	-0.152227	-0.151156	-0.148585	-0.14606	-0.14592	-0.143639	-0.146461	-0.161337	-0.17363	-0.171272	-0.161091	-0.138805	-0.09979	-0.0563335	-0.0130222	0.0371024	
-0.140542	-0.1311	-0.137351	-0.143012	-0.138539	-0.136005	-0.141975	-0.140884	-0.13211	-0.135029	-0.147961	-0.151835	-0.146939	-0.146217	-0.140778	-0.132983	-0.140239	-0.158032	-0.163763	-0.157525	-0.140777	-0.109917	-0.0693646	-0.015099	0.0520561	
-0.135002	-0.124073	-0.131485	-0.14277	-0.144098	-0.143983	-0.144749	-0.137404	-0.124592	-0.12815	-0.145897	-0.15524	-0.151609	-0.148817	-0.14214	-0.131156	-0.133527	-0.147038	-0.152334	-0.148398	-0.138757	-0.117621	-0.0792273	-0.01844	0.0602144	
-0.140617	-0.131428	-0.131794	-0.139368	-0.148942	-0.150868	-0.144229	-0.134366	-0.130098	-0.1359	-0.146105	-0.150986	-0.150891	-0.151458	-0.146432	-0.139602	-0.142361	-0.147036	-0.140363	-0.132859	-0.130707	-0.121791	-0.0930856	-0.0320216	0.0534987	
-0.145238	-0.140672	-0.133082	-0.134093	-0.14227	-0.144567	-0.136791	-0.132194	-0.137265	-0.144765	-0.143461	-0.136219	-0.136536	-0.147856	-0.154227	-0.151347	-0.148616	-0.140703	-0.125546	-0.119627	-0.124297	-0.12136	-0.0967891	-0.0411257	0.043464	
-0.140672	-0.143195	-0.1426	-0.135967	-0.12828	-0.125716	-0.132077	-0.140277	-0.143894	-0.142531	-0.135881	-0.125659	-0.125592	-0.143536	-0.159142	-0.157235	-0.145056	-0.129282	-0.116741	-0.118577	-0.124197	-0.112694	-0.0824884	-0.0311801	0.0404472	
-0.133082	-0.1426	-0.153791	-0.145442	-0.122592	-0.11646	-0.136016	-0.153567	-0.14838	-0.135753	-0.13188	-0.131436	-0.133693	-0.145792	-0.155919	-0.151717	-0.141716	-0.132578	-0.127042	-0.127916	-0.122022	-0.0968736	-0.0599591	-0.0159061	0.0400213	
-0.134093	-0.135967	-0.145442	-0.143123	-0.130936	-0.127288	-0.138848	-0.1466	-0.139837	-0.133028	-0.1371	-0.14205	-0.14268	-0.145127	-0.144204	-0.139541	-0.142516	-0.148605	-0.145702	-0.134108	-0.113594	-0.0822559	-0.0490736	-0.0108911	0.0362891	
-0.14227	-0.12828	-0.122592	-0.130936	-0.144688	-0.147943	-0.137112	-0.12455	-0.124051	-0.136372	-0.148124	-0.147064	-0.140239	-0.137146	-0.132528	-0.13021	-0.143655	-0.158521	-0.152305	-0.129451	-0.101624	-0.0733669	-0.0447867	-0.00790192	0.0400292	
-0.144567	-0.125716	-0.11646	-0.127288	-0.147943	-0.152608	-0.136038	-0.118422	-0.119719	-0.137162	-0.1506	-0.147761	-0.138507	-0.134396	-0.129642	-0.128597	-0.144141	-0.159798	-0.152617	-0.127633	-0.0996485	-0.071762	-0.0445872	-0.00706675	0.0408141	
-0.136791	-0.132077	-0.136016	-0.138848	-0.137112	-0.136038	-0.138505	-0.137877	-0.133164	-0.133693	-0.141775	-0.1454	-0.143023	-0.141675	-0.138208	-0.134921	-0.143253	-0.153696	-0.149311	-0.13286	-0.108167	-0.0774116	-0.0455892	-0.00906611	0.0373914	
-0.132194	-0.140277	-0.153567	-0.1466	-0.12455	-0.118422	-0.137877	-0.153929	-0.146595	-0.133752	-0.132911	-0.136271	-0.138628	-0.146669	-0.152169	-0.147329	-0.142047	-0.138951	-0.135817	-0.132184	-0.12001	-0.0906824	-0.0550987	-0.0137614	0.037509	
-0.137265	-0.143894	-0.14838	-0.139837	-0.124051	-0.119719	-0.133164	-0.146595	-0.146826	-0.139984	-0.13338	-0.125747	-0.126704	-0.14422	-0.159539	-0.156227	-0.142443	-0.12787	-0.11831	-0.121556	-0.123386	-0.106735	-0.0727381	-0.0239605	0.0414394	
-0.144765	-0.142531	-0.135753	-0.133028	-0.136372	-0.137162	-0.133693	-0.133752	-0.139984	-0.145216	-0.140384	-0.129826	-0.13001	-0.145599	-0.157181	-0.15482	-0.147975	-0.135274	-0.120288	-0.117406	-0.124381	-0.119086	-0.0931078	-0.0388525	0.0410353	
-0.143461	-0.135881	-0.13188	-0.1371	-0.148124	-0.1506	-0.141775	-0.132911	-0.13338	-0.140384	-0.145822	-0.146102	-0.146625	-0.150593	-0.148943	-0.14457	-0.146523	-0.146289	-0.134203	-0.126456	-0.127177	-0.12242	-0.0963185	-0.037613	0.0489169	
-0.136219	-0.125659	-0.131436	-0.14205	-0.147064	-0.147761	-0.1454	-0.136271	-0.125747	-0.129826	-0.146102	-0.155331	-0.153232	-0.150101	-0.143271	-0.133498	-0.136722	-0.146874	-0.148261	-0.142462	-0.136092	-0.119884	-0.0857947	-0.0237591	0.0590994	
-0.136536	-0.125592	-0.133693	-0.14268	-0.140239	-0.138507	-0.143023	-0.138628	-0.126704	-0.13001	-0.146625	-0.153232	-0.148213	-0.146943	-0.140798	-0.130289	-0.13415	-0.151743	-0.158951	-0.154604	-0.140154	-0.11313	-0.0727445	-0.0148469	0.0575728	
-0.147856	-0.143536	-0.145792	-0.145127	-0.137146	-0.134396	-0.141675	-0.146669	-0.14422	-0.145599	-0.150593	-0.150101	-0.146943	-0.146592	-0.142845	-0.140213	-0.153089	-0.168326	-0.169976	-0.160677	-0.140598	-0.104386	-0.0622831	-0.0144684	0.0433343	
-0.154227	-0.159142	-0.155919	-0.144204	-0.132528	-0.129642	-0.138208	-0.152169	-0.159539	-0.157181	-0.148943	-0.143271	-0.140798	-0.142845	-0.145613	-0.155009	-0.168121	-0.175222	-0.170104	-0.160451	-0.135384	-0.0915359	-0.0473631	-0.0108782	0.0242672	
-0.151347	-0.157235	-0.151717	-0.139541	-0.13021	-0.128597	-0.134921	-0.147329	-0.156227	-0.15482	-0.14457	-0.133498	-0.130289	-0.140213	-0.155009	-0.163379	-0.168186	-0.170458	-0.166434	-0.153514	-0.125766	-0.0827711	-0.043493	-0.0206611	-0.00523449	
-0.148616	-0.145056	-0.141716	-0.142516	-0.143655	-0.144141	-0.143253	-0.142047	-0.142443	-0.147975	-0.146523	-0.136722	-0.13415	-0.153089	-0.168121	-0.168186	-0.16832	-0.172859	-0.160209	-0.137753	-0.1163	-0.0917015	-0.068411	-0.0533077	-0.0419319	
-0.140703	-0.129282	-0.132578	-0.148605	-0.158521	-0.159798	-0.153696	-0.138951	-0.12787	-0.135274	-0.146289	-0.146874	-0.151743	-0.168326	-0.175222	-0.170458	-0.172859	-0.169256	-0.142857	-0.120784	-0.118889	-0.119229	-0.111865	-0.0997158	-0.0814195	
-0.125546	-0.116741	-0.127042	-0.145702	-0.152305	-0.152617	-0.149311	-0.135817	-0.11831	-0.120288	-0.134203	-0.148261	-0.158951	-0.169976	-0.170104	-0.166434	-0.160209	-0.142857	-0.117059	-0.111974	-0.128062	-0.143899	-0.150812	-0.143211	-0.12638	
-0.119627	-0.118577	-0.127916	-0.134108	-0.129451	-0.127633	-0.13286	-0.132184	-0.121556	-0.117406	-0.126456	-0.142462	-0.154604	-0.160677	-0.160451	-0.153514	-0.137753	-0.120784	-0.111974	-0.121617	-0.14315	-0.169308	-0.189354	-0.195408	-0.18211	
-0.124297	-0.124197	-0.122022	-0.113594	-0.101624	-0.0996485	-0.108167	-0.12001	-0.123386	-0.124381	-0.127177	-0.136092	-0.140154	-0.140598	-0.135384	-0.125766	-0.1163	-0.118889	-0.128062	-0.14315	-0.168768	-0.199382	-0.228247	-0.244355	-0.230314	
-0.12136	-0.112694	-0.0968736	-0.0822559	-0.0733669	-0.071762	-0.0774116	-0.0906824	-0.106735	-0.119086	-0.12242	-0.119884	-0.11313	-0.104386	-0.0915359	-0.0827711	-0.0917015	-0.119229	-0.143899	-0.169308	-0.199382	-0.228162	-0.253366	-0.269839	-0.246978	
-0.0967891	-0.0824884	-0.0599591	-0.0490736	-0.0447867	-0.0445872	-0.0455892	-0.0550987	-0.0727381	-0.0931078	-0.0963185	-0.0857947	-0.0727445	-0.0622831	-0.0473631	-0.043493	-0.068411	-0.111865	-0.150812	-0.189354	-0.228247	-0.253366	-0.266669	-0.265578	-0.226885	
-0.0411257	-0.0311801	-0.0159061	-0.0108911	-0.00790192	-0.00706675	-0.00906611	-0.0137614	-0.0239605	-0.0388525	-0.037613	-0.0237591	-0.0148469	-0.0144684	-0.0108782	-0.0206611	-0.0533077	-0.0997158	-0.143211	-0.195408	-0.244355	-0.269839	-0.265578	-0.239871	-0.179978	
0.043464	0.0404472	0.0400213	0.0362891	0.0400292	0.0408141	0.0373914	0.037509	0.0414394	0.0410353	0.0489169	0.0590994	0.0575728	0.0433343	0.0242672	-0.00523449	-0.0419319	-0.0814195	-0.12638	-0.18211	-0.230314	-0.246978	-0.226885	-0.179978	-0.0970042	
