0.12166	0.160908	0.206581	0.245389	0.268846	0.272691	0.25687	0.223578	0.179204	0.135615	0.105918	0.096058	0.109792	0.145524	0.195782	0.238385	0.26298	0.275861	0.294322	0.311219	0.318684	0.300565	0.251464	0.163511	0.0438827	
-0.0701908	-0.0532719	-0.0247807	-0.00340794	0.00766522	0.00888358	0.00225425	-0.0146028	-0.0422095	-0.0656117	-0.071321	-0.0572584	-0.0204684	0.0401704	0.108902	0.175444	0.229518	0.278658	0.337126	0.400425	0.444757	0.457121	0.432745	0.365984	0.252426	
-0.256251	-0.260455	-0.257617	-0.262551	-0.268168	-0.26896	-0.265339	-0.258785	-0.258952	-0.259763	-0.243497	-0.205025	-0.147983	-0.0725343	0.0104737	0.0919341	0.169831	0.257703	0.366171	0.475523	0.560487	0.605044	0.605728	0.559994	0.460665	
-0.419868	-0.447004	-0.469746	-0.500712	-0.527184	-0.533307	-0.512945	-0.481172	-0.455843	-0.432689	-0.396253	-0.345944	-0.281983	-0.202404	-0.116011	-0.0183944	0.0900306	0.211294	0.355124	0.502596	0.622144	0.703386	0.737566	0.719673	0.646664	
-0.55802	-0.601304	-0.640826	-0.684962	-0.718391	-0.724191	-0.700902	-0.658317	-0.616461	-0.576396	-0.527028	-0.46964	-0.411519	-0.33696	-0.248465	-0.138822	-0.0101916	0.132125	0.292412	0.461557	0.607665	0.726347	0.808957	0.837929	0.803278	
-0.655774	-0.704849	-0.748363	-0.791563	-0.82298	-0.828978	-0.805848	-0.766509	-0.722039	-0.676789	-0.620779	-0.561885	-0.508617	-0.448241	-0.369622	-0.265451	-0.13084	0.0215943	0.190495	0.369439	0.538083	0.691681	0.816647	0.895616	0.907901	
-0.689218	-0.742527	-0.791395	-0.831348	-0.85921	-0.864981	-0.844401	-0.808707	-0.762552	-0.710926	-0.656535	-0.607183	-0.573077	-0.538006	-0.478003	-0.381678	-0.252152	-0.107268	0.0557916	0.237542	0.424735	0.606336	0.765915	0.881157	0.943334	
-0.664915	-0.722507	-0.773851	-0.810846	-0.836732	-0.842473	-0.822511	-0.79073	-0.744495	-0.688108	-0.634455	-0.601454	-0.593972	-0.588582	-0.551623	-0.477282	-0.368652	-0.240614	-0.0935877	0.075546	0.263457	0.460829	0.644625	0.792032	0.896229	
-0.61138	-0.666731	-0.716516	-0.747482	-0.760785	-0.763071	-0.754338	-0.732072	-0.687939	-0.632812	-0.58479	-0.563953	-0.57245	-0.593238	-0.588179	-0.541506	-0.460257	-0.364783	-0.248079	-0.106656	0.0632278	0.255046	0.451931	0.626042	0.77399	
-0.54876	-0.596002	-0.629785	-0.649892	-0.655251	-0.656152	-0.653002	-0.639823	-0.610652	-0.568295	-0.525508	-0.517123	-0.540472	-0.572615	-0.585057	-0.569753	-0.526769	-0.473266	-0.398888	-0.295763	-0.155003	0.0110456	0.20223	0.396662	0.58522	
-0.481713	-0.51261	-0.534687	-0.541366	-0.533288	-0.53036	-0.538801	-0.53986	-0.523367	-0.493178	-0.46786	-0.469767	-0.499431	-0.538342	-0.565947	-0.57791	-0.57805	-0.560482	-0.529817	-0.474221	-0.369003	-0.226791	-0.0521878	0.149486	0.362084	
-0.412432	-0.42793	-0.434756	-0.427271	-0.414038	-0.412715	-0.421863	-0.43273	-0.4325	-0.418846	-0.407311	-0.416839	-0.445253	-0.492992	-0.539801	-0.578882	-0.613967	-0.632	-0.627366	-0.60557	-0.537438	-0.421164	-0.265176	-0.0764138	0.140108	
-0.35552	-0.358075	-0.350362	-0.336175	-0.318086	-0.315203	-0.328633	-0.345031	-0.35645	-0.357292	-0.356026	-0.373753	-0.407545	-0.455473	-0.517012	-0.576527	-0.631481	-0.672362	-0.688545	-0.685304	-0.654429	-0.576303	-0.443501	-0.270517	-0.0660961	
-0.33118	-0.316119	-0.29288	-0.274467	-0.256781	-0.251814	-0.267346	-0.285082	-0.307211	-0.326226	-0.337592	-0.360221	-0.389904	-0.424548	-0.485942	-0.557386	-0.620567	-0.671268	-0.70778	-0.729046	-0.72586	-0.680966	-0.583952	-0.433883	-0.247772	
-0.324299	-0.297813	-0.264414	-0.240413	-0.218741	-0.214294	-0.230651	-0.254254	-0.282879	-0.315752	-0.333416	-0.347612	-0.36422	-0.390764	-0.437014	-0.500695	-0.563801	-0.618051	-0.668165	-0.716779	-0.743289	-0.731194	-0.670575	-0.554681	-0.394199	
-0.316187	-0.29065	-0.259852	-0.231357	-0.216644	-0.214687	-0.223549	-0.247386	-0.278154	-0.307499	-0.324671	-0.327245	-0.327906	-0.340418	-0.366547	-0.418632	-0.478428	-0.531221	-0.587529	-0.656704	-0.715816	-0.738461	-0.703917	-0.626619	-0.5047	
-0.302489	-0.286294	-0.268057	-0.247861	-0.24265	-0.243325	-0.243808	-0.259352	-0.279967	-0.296222	-0.307336	-0.299028	-0.281282	-0.278538	-0.292303	-0.325538	-0.372641	-0.428861	-0.498324	-0.580433	-0.662678	-0.713763	-0.706609	-0.653401	-0.561637	
-0.298632	-0.295751	-0.28669	-0.281304	-0.284125	-0.286842	-0.281824	-0.283626	-0.291952	-0.298965	-0.295758	-0.279892	-0.251595	-0.234132	-0.233752	-0.250382	-0.283022	-0.341305	-0.418168	-0.512896	-0.607145	-0.674638	-0.689682	-0.65692	-0.584946	
-0.309989	-0.316302	-0.311216	-0.314657	-0.319661	-0.321449	-0.31641	-0.311961	-0.314136	-0.314908	-0.300483	-0.280641	-0.253492	-0.228309	-0.210945	-0.211517	-0.232844	-0.27739	-0.353128	-0.45885	-0.554333	-0.625071	-0.65288	-0.637849	-0.595204	
-0.316627	-0.314512	-0.313206	-0.322662	-0.330694	-0.330102	-0.32788	-0.315688	-0.312809	-0.316145	-0.313236	-0.29891	-0.275217	-0.246079	-0.219403	-0.202117	-0.209023	-0.23862	-0.306523	-0.404293	-0.495101	-0.565707	-0.597685	-0.596188	-0.586408	
-0.307737	-0.297978	-0.292403	-0.302116	-0.307081	-0.307166	-0.305596	-0.295051	-0.294116	-0.304143	-0.309518	-0.308268	-0.297759	-0.2775	-0.249044	-0.217286	-0.206927	-0.222219	-0.272999	-0.350951	-0.433064	-0.496388	-0.534439	-0.550416	-0.565926	
-0.288203	-0.273943	-0.264928	-0.267269	-0.272883	-0.27621	-0.269367	-0.264384	-0.269974	-0.282198	-0.298536	-0.317627	-0.317337	-0.302774	-0.278846	-0.246734	-0.223245	-0.223669	-0.258566	-0.322196	-0.385817	-0.431055	-0.46585	-0.497927	-0.536746	
-0.271399	-0.250823	-0.241164	-0.239594	-0.246876	-0.250755	-0.241739	-0.239252	-0.246008	-0.261784	-0.289282	-0.316029	-0.323317	-0.319039	-0.301372	-0.273896	-0.248699	-0.239113	-0.260141	-0.310619	-0.35838	-0.39201	-0.41582	-0.445112	-0.494939	
-0.266417	-0.241316	-0.232936	-0.236233	-0.240519	-0.240314	-0.2388	-0.233772	-0.235013	-0.255209	-0.282322	-0.303777	-0.318416	-0.321326	-0.311259	-0.297967	-0.277786	-0.266136	-0.279529	-0.312773	-0.343836	-0.366552	-0.378146	-0.405939	-0.457402	
-0.257467	-0.243312	-0.239084	-0.24402	-0.248803	-0.2481	-0.246335	-0.240287	-0.240285	-0.251283	-0.26599	-0.28381	-0.299112	-0.305646	-0.308951	-0.310023	-0.299072	-0.290298	-0.298575	-0.319913	-0.335491	-0.341196	-0.350761	-0.38681	-0.442665	
-0.247067	-0.24534	-0.248924	-0.254978	-0.263743	-0.265837	-0.259475	-0.250077	-0.246462	-0.245302	-0.252738	-0.264058	-0.268793	-0.279805	-0.300936	-0.315054	-0.314227	-0.302642	-0.298552	-0.311118	-0.321608	-0.327613	-0.342487	-0.386524	-0.454268	
-0.24534	-0.251726	-0.257552	-0.264851	-0.268461	-0.269262	-0.266696	-0.260852	-0.25427	-0.247357	-0.244367	-0.24152	-0.244467	-0.264382	-0.289193	-0.308024	-0.319335	-0.303611	-0.287617	-0.288774	-0.294061	-0.306538	-0.337981	-0.39717	-0.478085	
-0.248924	-0.257552	-0.260857	-0.263752	-0.262047	-0.262217	-0.262922	-0.262783	-0.259399	-0.252967	-0.242993	-0.235036	-0.234962	-0.254275	-0.28156	-0.305727	-0.316273	-0.296889	-0.274023	-0.261932	-0.260649	-0.277626	-0.32426	-0.398013	-0.494663	
-0.254978	-0.264851	-0.263752	-0.254992	-0.249733	-0.249955	-0.252402	-0.260183	-0.26591	-0.259874	-0.247516	-0.239439	-0.235486	-0.253595	-0.289033	-0.317258	-0.321455	-0.29612	-0.259502	-0.235055	-0.234092	-0.257122	-0.308799	-0.386501	-0.495409	
-0.263743	-0.268461	-0.262047	-0.249733	-0.239054	-0.236517	-0.245561	-0.256914	-0.266714	-0.26723	-0.254842	-0.242469	-0.242207	-0.26038	-0.293601	-0.324884	-0.328022	-0.301149	-0.257958	-0.224414	-0.213048	-0.238803	-0.289853	-0.371192	-0.484167	
-0.265837	-0.269262	-0.262217	-0.249955	-0.236517	-0.231435	-0.244653	-0.257206	-0.26761	-0.268612	-0.255685	-0.24093	-0.245019	-0.264329	-0.29515	-0.323757	-0.328973	-0.303513	-0.259605	-0.224286	-0.209714	-0.233369	-0.285961	-0.370286	-0.480992	
-0.259475	-0.266696	-0.262922	-0.252402	-0.245561	-0.244653	-0.249976	-0.258306	-0.266249	-0.263609	-0.251104	-0.241535	-0.238363	-0.255046	-0.291785	-0.322596	-0.324706	-0.297913	-0.257352	-0.228152	-0.224488	-0.249237	-0.301264	-0.380042	-0.490935	
-0.250077	-0.260852	-0.262783	-0.260183	-0.256914	-0.257206	-0.258306	-0.262342	-0.262727	-0.255227	-0.243474	-0.236114	-0.234267	-0.252555	-0.283322	-0.309017	-0.317143	-0.295685	-0.267809	-0.249881	-0.249642	-0.268889	-0.318123	-0.393584	-0.497293	
-0.246462	-0.25427	-0.259399	-0.26591	-0.266714	-0.26761	-0.266249	-0.262727	-0.256279	-0.249715	-0.243023	-0.236662	-0.238611	-0.260172	-0.284636	-0.305546	-0.318007	-0.300906	-0.282716	-0.278527	-0.279352	-0.294695	-0.333845	-0.399492	-0.486744	
-0.245302	-0.247357	-0.252967	-0.259874	-0.26723	-0.268612	-0.263609	-0.255227	-0.249715	-0.24447	-0.248869	-0.254215	-0.257618	-0.272978	-0.296555	-0.312185	-0.318296	-0.304665	-0.294235	-0.303577	-0.312457	-0.320637	-0.341659	-0.391406	-0.462813	
-0.252738	-0.244367	-0.242993	-0.247516	-0.254842	-0.255685	-0.251104	-0.243474	-0.243023	-0.248869	-0.25984	-0.276541	-0.287247	-0.29401	-0.305684	-0.314052	-0.305908	-0.29644	-0.300866	-0.31828	-0.331091	-0.335445	-0.345332	-0.383544	-0.444397	
-0.264058	-0.24152	-0.235036	-0.239439	-0.242469	-0.24093	-0.241535	-0.236114	-0.236662	-0.254215	-0.276541	-0.295426	-0.312856	-0.318325	-0.312516	-0.303729	-0.287035	-0.277337	-0.289238	-0.316492	-0.340688	-0.355731	-0.365664	-0.39691	-0.448437	
-0.268793	-0.244467	-0.234962	-0.235486	-0.242207	-0.245019	-0.238363	-0.234267	-0.238611	-0.257618	-0.287247	-0.312856	-0.322776	-0.32116	-0.306303	-0.284786	-0.260777	-0.249112	-0.265708	-0.309357	-0.351092	-0.381332	-0.399377	-0.427016	-0.477666	
-0.279805	-0.264382	-0.254275	-0.253595	-0.26038	-0.264329	-0.255046	-0.252555	-0.260172	-0.272978	-0.29401	-0.318325	-0.32116	-0.310255	-0.28919	-0.258022	-0.23259	-0.227997	-0.256823	-0.315886	-0.373375	-0.412191	-0.442968	-0.475819	-0.521346	
-0.300936	-0.289193	-0.28156	-0.289033	-0.293601	-0.29515	-0.291785	-0.283322	-0.284636	-0.296555	-0.305684	-0.312516	-0.306303	-0.28919	-0.262545	-0.228702	-0.211506	-0.220634	-0.265107	-0.336086	-0.41157	-0.468001	-0.507306	-0.529925	-0.556045	
-0.315054	-0.308024	-0.305727	-0.317258	-0.324884	-0.323757	-0.322596	-0.309017	-0.305546	-0.312185	-0.314052	-0.303729	-0.284786	-0.258022	-0.228702	-0.204701	-0.205856	-0.22982	-0.291061	-0.382201	-0.469714	-0.538688	-0.573006	-0.578119	-0.578751	
-0.314227	-0.319335	-0.316273	-0.321455	-0.328022	-0.328973	-0.324706	-0.317143	-0.318007	-0.318296	-0.305908	-0.287035	-0.260777	-0.23259	-0.211506	-0.205856	-0.220864	-0.25848	-0.33264	-0.437131	-0.531865	-0.60333	-0.632323	-0.622803	-0.594128	
-0.302642	-0.303611	-0.296889	-0.29612	-0.301149	-0.303513	-0.297913	-0.295685	-0.300906	-0.304665	-0.29644	-0.277337	-0.249112	-0.227997	-0.220634	-0.22982	-0.25848	-0.312786	-0.39087	-0.490775	-0.586417	-0.655726	-0.677659	-0.652784	-0.590661	
-0.298552	-0.287617	-0.274023	-0.259502	-0.257958	-0.259605	-0.257352	-0.267809	-0.282716	-0.294235	-0.300866	-0.289238	-0.265708	-0.256823	-0.265107	-0.291061	-0.33264	-0.39087	-0.46453	-0.551162	-0.639512	-0.698859	-0.702384	-0.656643	-0.573101	
-0.311118	-0.288774	-0.261932	-0.235055	-0.224414	-0.224286	-0.228152	-0.249881	-0.278527	-0.303577	-0.31828	-0.316492	-0.309357	-0.315886	-0.336086	-0.382201	-0.437131	-0.490775	-0.551162	-0.626602	-0.696726	-0.731832	-0.707362	-0.642147	-0.533875	
-0.321608	-0.294061	-0.260649	-0.234092	-0.213048	-0.209714	-0.224488	-0.249642	-0.279352	-0.312457	-0.331091	-0.340688	-0.351092	-0.373375	-0.41157	-0.469714	-0.531865	-0.586417	-0.639512	-0.696726	-0.736703	-0.7386	-0.689602	-0.589511	-0.443095	
-0.327613	-0.306538	-0.277626	-0.257122	-0.238803	-0.233369	-0.249237	-0.268889	-0.294695	-0.320637	-0.335445	-0.355731	-0.381332	-0.412191	-0.468001	-0.538688	-0.60333	-0.655726	-0.698859	-0.731832	-0.7386	-0.706703	-0.62545	-0.487581	-0.310427	
-0.342487	-0.337981	-0.32426	-0.308799	-0.289853	-0.285961	-0.301264	-0.318123	-0.333845	-0.341659	-0.345332	-0.365664	-0.399377	-0.442968	-0.507306	-0.573006	-0.632323	-0.677659	-0.702384	-0.707362	-0.689602	-0.62545	-0.505877	-0.339862	-0.142711	
-0.386524	-0.39717	-0.398013	-0.386501	-0.371192	-0.370286	-0.380042	-0.393584	-0.399492	-0.391406	-0.383544	-0.39691	-0.427016	-0.475819	-0.529925	-0.578119	-0.622803	-0.652784	-0.656643	-0.642147	-0.589511	-0.487581	-0.339862	-0.157772	0.0555852	
-0.454268	-0.478085	-0.494663	-0.495409	-0.484167	-0.480992	-0.490935	-0.497293	-0.486744	-0.462813	-0.444397	-0.448437	-0.477666	-0.521346	-0.556045	-0.578751	-0.594128	-0.590661	-0.573101	-0.533875	-0.443095	-0.310427	-0.142711	0.0555852	0.271997	
