-0.580264	-0.52441	-0.48208	-0.442531	-0.416868	-0.412833	-0.42991	-0.466347	-0.506489	-0.556083	-0.614935	-0.653937	-0.663676	-0.64684	-0.611803	-0.570136	-0.518459	-0.450068	-0.357721	-0.235344	-0.0836626	0.0809228	0.240191	0.380892	0.493925	
-0.544285	-0.49434	-0.448507	-0.403851	-0.371586	-0.36538	-0.38867	-0.430141	-0.475669	-0.524539	-0.572346	-0.601468	-0.602215	-0.577113	-0.534514	-0.472334	-0.38843	-0.291375	-0.184683	-0.0673289	0.0684436	0.215377	0.350893	0.468316	0.564142	
-0.469847	-0.429172	-0.383384	-0.337935	-0.302389	-0.294868	-0.32213	-0.364314	-0.411568	-0.454575	-0.489107	-0.505664	-0.497791	-0.465712	-0.415999	-0.332039	-0.224481	-0.110413	0.0018538	0.11748	0.23758	0.361854	0.474227	0.566261	0.639819	
-0.360481	-0.331144	-0.294927	-0.25865	-0.229228	-0.222717	-0.24531	-0.280115	-0.317165	-0.350056	-0.37279	-0.378319	-0.362892	-0.328107	-0.27001	-0.176142	-0.0531191	0.077243	0.197076	0.31259	0.418852	0.512985	0.597139	0.666337	0.717403	
-0.238975	-0.226303	-0.207235	-0.184803	-0.16692	-0.161858	-0.176748	-0.198168	-0.219312	-0.234226	-0.243389	-0.237392	-0.218534	-0.179982	-0.114211	-0.0138801	0.113263	0.253352	0.37836	0.492063	0.586465	0.656897	0.714102	0.762727	0.797507	
-0.13453	-0.139244	-0.140134	-0.139508	-0.134423	-0.132412	-0.138243	-0.139278	-0.140511	-0.136859	-0.129698	-0.117554	-0.0867875	-0.0360897	0.0356064	0.142554	0.269077	0.403535	0.526924	0.629153	0.707175	0.759563	0.791079	0.823923	0.848361	
-0.0708876	-0.0961301	-0.115528	-0.136878	-0.142849	-0.141094	-0.142594	-0.123765	-0.104433	-0.0820504	-0.0526791	-0.0236041	0.0251842	0.0952859	0.17761	0.286646	0.400173	0.51827	0.629723	0.709775	0.76134	0.7973	0.816648	0.837748	0.855137	
-0.0368627	-0.0918919	-0.137092	-0.176348	-0.196369	-0.198201	-0.1877	-0.153898	-0.111284	-0.0597794	-0.00378114	0.0523708	0.129206	0.215065	0.302296	0.401559	0.498907	0.595133	0.678464	0.731203	0.76067	0.775297	0.790523	0.807393	0.820001	
-0.022314	-0.106518	-0.178919	-0.238853	-0.272441	-0.277757	-0.25584	-0.205359	-0.136496	-0.0569931	0.0295189	0.120396	0.22278	0.324341	0.412962	0.491532	0.563955	0.630818	0.680721	0.710162	0.716454	0.714942	0.726414	0.744668	0.765775	
-0.0339892	-0.137672	-0.22852	-0.302023	-0.341893	-0.347301	-0.322712	-0.261003	-0.175252	-0.0775301	0.0377505	0.164482	0.290296	0.402688	0.488859	0.547492	0.597123	0.634285	0.654083	0.654872	0.644787	0.634007	0.642027	0.667195	0.70466	
-0.05754	-0.173902	-0.270843	-0.345443	-0.390619	-0.398362	-0.367922	-0.303497	-0.215189	-0.106486	0.0221355	0.167273	0.312691	0.434786	0.519778	0.572701	0.600624	0.611426	0.605743	0.584842	0.566757	0.558075	0.563236	0.591549	0.639249	
-0.0818076	-0.201167	-0.298349	-0.367983	-0.412663	-0.420129	-0.388862	-0.329383	-0.243143	-0.131505	-0.00093386	0.15358	0.307931	0.426295	0.507415	0.559029	0.574472	0.568266	0.54868	0.52176	0.50334	0.495598	0.503047	0.533871	0.584076	
-0.0837351	-0.203762	-0.29945	-0.372194	-0.416153	-0.424932	-0.392964	-0.332124	-0.244085	-0.13512	-0.00444572	0.141535	0.283802	0.395928	0.473763	0.517192	0.529329	0.513969	0.482117	0.45616	0.445964	0.44887	0.468719	0.496779	0.544705	
-0.0679433	-0.183699	-0.281453	-0.360627	-0.401955	-0.407688	-0.382086	-0.31635	-0.225161	-0.116298	0.0089792	0.13731	0.256362	0.353691	0.417259	0.455761	0.466428	0.444376	0.409005	0.388768	0.387894	0.407044	0.441845	0.477923	0.530387	
-0.0341405	-0.140355	-0.239962	-0.319013	-0.355771	-0.359403	-0.339402	-0.274612	-0.182112	-0.0770818	0.03211	0.135473	0.225113	0.299431	0.350515	0.380894	0.388326	0.373814	0.345035	0.331058	0.338304	0.372695	0.423377	0.4768	0.534402	
0.0129931	-0.0789226	-0.169884	-0.231395	-0.25958	-0.262948	-0.246745	-0.198718	-0.117773	-0.0213575	0.059904	0.127931	0.189482	0.236984	0.272702	0.298871	0.309528	0.309267	0.299988	0.29707	0.3161	0.362461	0.425219	0.488815	0.549927	
0.0610602	-0.00109086	-0.0671897	-0.111443	-0.122379	-0.122846	-0.11836	-0.0887494	-0.0280073	0.038478	0.0844209	0.109309	0.137194	0.165856	0.188816	0.210119	0.232821	0.254295	0.26837	0.284482	0.318284	0.372207	0.440428	0.511564	0.573805	
0.103268	0.0806061	0.0489354	0.0320168	0.043996	0.0488007	0.0346152	0.0381455	0.0682324	0.0966919	0.105904	0.0955659	0.0943103	0.0995857	0.106921	0.120363	0.148986	0.195066	0.244931	0.286702	0.338309	0.40139	0.473655	0.541251	0.593394	
0.154268	0.169104	0.171744	0.184424	0.209676	0.215293	0.194184	0.17435	0.170113	0.162742	0.131576	0.0845915	0.0599933	0.0460206	0.037243	0.0429603	0.0744294	0.136531	0.212798	0.28145	0.355636	0.43166	0.501988	0.55581	0.595374	
0.203037	0.25734	0.297371	0.335443	0.3729	0.382007	0.351116	0.31256	0.274019	0.227592	0.160933	0.0886247	0.0416149	0.016055	-0.00698435	-0.00624841	0.0289293	0.095901	0.183064	0.272256	0.353945	0.432994	0.504493	0.553926	0.583692	
0.251714	0.343696	0.420324	0.483721	0.532901	0.543299	0.505915	0.447227	0.376681	0.289694	0.194614	0.110261	0.0495646	0.0138849	-0.00963785	-0.017432	0.0130169	0.0793424	0.162219	0.249887	0.334785	0.40773	0.473088	0.51977	0.544494	
0.314442	0.430633	0.531455	0.612895	0.662015	0.669579	0.638031	0.565973	0.473791	0.362133	0.244545	0.148259	0.0816031	0.034004	0.0099248	0.000505477	0.0237784	0.0757046	0.146317	0.220715	0.296388	0.359652	0.414805	0.451371	0.47299	
0.385918	0.511839	0.621338	0.704951	0.748259	0.753925	0.728279	0.658321	0.558446	0.436438	0.311176	0.210548	0.133682	0.0759039	0.0416492	0.0276206	0.0420261	0.0772084	0.12528	0.187264	0.239943	0.282441	0.319821	0.351246	0.366235	
0.458021	0.580299	0.689318	0.766823	0.804904	0.810091	0.786828	0.723915	0.626717	0.506804	0.387983	0.291412	0.208073	0.140488	0.094778	0.0705252	0.0666775	0.0844427	0.108361	0.141682	0.165762	0.182365	0.194419	0.212471	0.224407	
0.538815	0.647445	0.743069	0.804744	0.83322	0.837951	0.820303	0.772296	0.688598	0.582435	0.474769	0.379505	0.296978	0.224885	0.173017	0.141492	0.118335	0.106059	0.098255	0.0899266	0.0814069	0.0671266	0.0528857	0.0530093	0.0699447	
0.619336	0.702175	0.775455	0.81919	0.844209	0.849166	0.830868	0.797183	0.733614	0.652543	0.572177	0.488719	0.41464	0.342648	0.274459	0.221663	0.174513	0.122341	0.0785233	0.0326503	-0.0153135	-0.05713	-0.0787063	-0.0859728	-0.068438	
0.702175	0.747128	0.78219	0.800254	0.815491	0.819077	0.806414	0.791453	0.762471	0.720631	0.671932	0.606988	0.540402	0.464183	0.378387	0.292276	0.204465	0.115079	0.0315631	-0.0498076	-0.117607	-0.169093	-0.198285	-0.205687	-0.186765	
0.775455	0.78219	0.774823	0.764298	0.76756	0.769271	0.764583	0.768892	0.780504	0.780535	0.759664	0.71177	0.651695	0.570024	0.467398	0.347149	0.222022	0.0975152	-0.0208583	-0.133229	-0.215053	-0.268192	-0.293997	-0.302023	-0.283838	
0.81919	0.800254	0.764298	0.744725	0.746325	0.747599	0.743866	0.753287	0.785863	0.815108	0.814256	0.784147	0.733256	0.654129	0.539482	0.395566	0.245278	0.0920735	-0.0559025	-0.186731	-0.288617	-0.349712	-0.369217	-0.371742	-0.357046	
0.844209	0.815491	0.76756	0.746325	0.748013	0.748258	0.74624	0.754149	0.796606	0.837684	0.841191	0.818493	0.773957	0.701125	0.589695	0.437988	0.274804	0.111589	-0.0577728	-0.20902	-0.323566	-0.388478	-0.413273	-0.415399	-0.402718	
0.849166	0.819077	0.769271	0.747599	0.748258	0.749616	0.747639	0.755239	0.799696	0.842434	0.844748	0.824217	0.779464	0.707701	0.599287	0.448512	0.280935	0.117051	-0.0563373	-0.211736	-0.327306	-0.392311	-0.421578	-0.42356	-0.410543	
0.830868	0.806414	0.764583	0.743866	0.74624	0.747639	0.742922	0.752058	0.789712	0.825202	0.828258	0.802518	0.754997	0.679264	0.563402	0.413639	0.257418	0.0982201	-0.0589374	-0.198811	-0.307827	-0.371041	-0.39066	-0.392016	-0.378726	
0.797183	0.791453	0.768892	0.753287	0.754149	0.755239	0.752058	0.760947	0.782747	0.79795	0.78609	0.744599	0.687585	0.606654	0.497544	0.367492	0.229931	0.0918524	-0.0390534	-0.158829	-0.248507	-0.303545	-0.327628	-0.333418	-0.316361	
0.733614	0.762471	0.780504	0.785863	0.796606	0.799696	0.789712	0.782747	0.771568	0.746587	0.709563	0.651714	0.587973	0.509305	0.416801	0.315176	0.21122	0.108401	0.0109558	-0.085071	-0.158502	-0.210689	-0.238775	-0.247051	-0.228212	
0.652543	0.720631	0.780535	0.815108	0.837684	0.842434	0.825202	0.79795	0.746587	0.679855	0.612123	0.53581	0.464865	0.391733	0.317022	0.252161	0.189384	0.121602	0.0619383	0.00237006	-0.0554596	-0.103842	-0.129565	-0.13657	-0.118076	
0.572177	0.671932	0.759664	0.814256	0.841191	0.844748	0.828258	0.78609	0.709563	0.612123	0.51399	0.420219	0.341411	0.26943	0.211966	0.173241	0.143147	0.115629	0.0938884	0.0691696	0.0439394	0.0173334	-0.000393276	-0.00516761	0.0117671	
0.488719	0.606988	0.71177	0.784147	0.818493	0.824217	0.802518	0.744599	0.651714	0.53581	0.420219	0.325734	0.241329	0.17052	0.122918	0.0962292	0.0833515	0.0907222	0.102855	0.121076	0.133367	0.137575	0.138089	0.148179	0.162213	
0.41464	0.540402	0.651695	0.733256	0.773957	0.779464	0.754997	0.687585	0.587973	0.464865	0.341411	0.241329	0.161166	0.0997704	0.0600236	0.0414693	0.0504915	0.0794599	0.117995	0.169863	0.211902	0.244411	0.272266	0.300371	0.313193	
0.342648	0.464183	0.570024	0.654129	0.701125	0.707701	0.679264	0.606654	0.509305	0.391733	0.26943	0.17052	0.0997704	0.0475892	0.0199381	0.0111056	0.031309	0.0757423	0.138173	0.208446	0.275884	0.33316	0.381036	0.41588	0.434794	
0.274459	0.378387	0.467398	0.539482	0.589695	0.599287	0.563402	0.497544	0.416801	0.317022	0.211966	0.122918	0.0600236	0.0199381	-0.00294001	-0.0131593	0.0152354	0.0766688	0.155961	0.23886	0.321604	0.391043	0.453765	0.495646	0.51983	
0.221663	0.292276	0.347149	0.395566	0.437988	0.448512	0.413639	0.367492	0.315176	0.252161	0.173241	0.0962292	0.0414693	0.0111056	-0.0131593	-0.0146947	0.019169	0.087338	0.17322	0.264233	0.348998	0.426301	0.495353	0.54459	0.571943	
0.174513	0.204465	0.222022	0.245278	0.274804	0.280935	0.257418	0.229931	0.21122	0.189384	0.143147	0.0833515	0.0504915	0.031309	0.0152354	0.019169	0.0516767	0.117352	0.200196	0.278308	0.356873	0.43578	0.506674	0.55879	0.592338	
0.122341	0.115079	0.0975152	0.0920735	0.111589	0.117051	0.0982201	0.0918524	0.108401	0.121602	0.115629	0.0907222	0.0794599	0.0757423	0.0766688	0.087338	0.117352	0.169764	0.232363	0.285741	0.347073	0.415512	0.487105	0.548201	0.595757	
0.0785233	0.0315631	-0.0208583	-0.0559025	-0.0577728	-0.0563373	-0.0589374	-0.0390534	0.0109558	0.0619383	0.0938884	0.102855	0.117995	0.138173	0.155961	0.17322	0.200196	0.232363	0.260432	0.285049	0.325055	0.382134	0.452403	0.52404	0.583737	
0.0326503	-0.0498076	-0.133229	-0.186731	-0.20902	-0.211736	-0.198811	-0.158829	-0.085071	0.00237006	0.0691696	0.121076	0.169863	0.208446	0.23886	0.264233	0.278308	0.285741	0.285049	0.289419	0.314334	0.363616	0.429068	0.496429	0.558536	
-0.0153135	-0.117607	-0.215053	-0.288617	-0.323566	-0.327306	-0.307827	-0.248507	-0.158502	-0.0554596	0.0439394	0.133367	0.211902	0.275884	0.321604	0.348998	0.356873	0.347073	0.325055	0.314334	0.325953	0.365852	0.422524	0.480381	0.539276	
-0.05713	-0.169093	-0.268192	-0.349712	-0.388478	-0.392311	-0.371041	-0.303545	-0.210689	-0.103842	0.0173334	0.137575	0.244411	0.33316	0.391043	0.426301	0.43578	0.415512	0.382134	0.363616	0.365852	0.39136	0.432027	0.475834	0.530892	
-0.0787063	-0.198285	-0.293997	-0.369217	-0.413273	-0.421578	-0.39066	-0.327628	-0.238775	-0.129565	-0.000393276	0.138089	0.272266	0.381036	0.453765	0.495353	0.506674	0.487105	0.452403	0.429068	0.422524	0.432027	0.457787	0.487055	0.535443	
-0.0859728	-0.205687	-0.302023	-0.371742	-0.415399	-0.42356	-0.392016	-0.333418	-0.247051	-0.13657	-0.00516761	0.148179	0.300371	0.41588	0.495646	0.54459	0.55879	0.548201	0.52404	0.496429	0.480381	0.475834	0.487055	0.516457	0.565855	
-0.068438	-0.186765	-0.283838	-0.357046	-0.402718	-0.410543	-0.378726	-0.316361	-0.228212	-0.118076	0.0117671	0.162213	0.313193	0.434794	0.51983	0.571943	0.592338	0.595757	0.583737	0.558536	0.539276	0.530892	0.535443	0.565855	0.615622	
