-0.0498089	-0.00387462	0.0367233	0.058419	0.0510154	0.0108536	-0.0504275	-0.117985	-0.182862	-0.241286	-0.282167	-0.312119	-0.342176	-0.366591	-0.382946	-0.405542	-0.448194	-0.491289	-0.524749	-0.545295	-0.552379	-0.536074	-0.479602	-0.37102	-0.21822	
-0.00387462	0.00298437	0.0225048	0.0389476	0.0365772	0.00629697	-0.0437574	-0.10144	-0.162048	-0.219451	-0.260665	-0.291665	-0.328717	-0.370805	-0.41345	-0.466889	-0.543052	-0.619464	-0.670203	-0.696092	-0.69571	-0.665589	-0.588947	-0.460542	-0.300683	
0.0367233	0.0225048	0.0172911	0.0268603	0.0205935	-0.00620569	-0.0455139	-0.0921923	-0.152869	-0.213962	-0.261232	-0.298728	-0.337614	-0.391423	-0.451003	-0.527047	-0.630082	-0.729772	-0.79279	-0.830992	-0.832325	-0.789441	-0.693543	-0.548111	-0.375391	
0.058419	0.0389476	0.0268603	0.0202796	-0.000418612	-0.0270846	-0.0580358	-0.100061	-0.16269	-0.223552	-0.276153	-0.326643	-0.370557	-0.420353	-0.485204	-0.578179	-0.697068	-0.805097	-0.884272	-0.930225	-0.929331	-0.878011	-0.769445	-0.609837	-0.43212	
0.0510154	0.0365772	0.0205935	-0.000418612	-0.0240632	-0.0475457	-0.0763033	-0.126357	-0.186863	-0.247737	-0.309885	-0.369528	-0.415187	-0.458422	-0.522645	-0.618571	-0.738907	-0.852586	-0.940468	-0.983472	-0.978602	-0.917132	-0.797444	-0.635355	-0.46006	
0.0108536	0.00629697	-0.00620569	-0.0270846	-0.0475457	-0.0762995	-0.111826	-0.170098	-0.229734	-0.291675	-0.356179	-0.411928	-0.456424	-0.498036	-0.556641	-0.643804	-0.753302	-0.858753	-0.931782	-0.967115	-0.957755	-0.895206	-0.77552	-0.616633	-0.44537	
-0.0504275	-0.0437574	-0.0455139	-0.0580358	-0.0763033	-0.111826	-0.166428	-0.234804	-0.296594	-0.357638	-0.407879	-0.44348	-0.476095	-0.51222	-0.564406	-0.637259	-0.726822	-0.809931	-0.855011	-0.873175	-0.859238	-0.802471	-0.688553	-0.538222	-0.380525	
-0.117985	-0.10144	-0.0921923	-0.100061	-0.126357	-0.170098	-0.234804	-0.305495	-0.371273	-0.427155	-0.456033	-0.462505	-0.469614	-0.483223	-0.516697	-0.575895	-0.64758	-0.70728	-0.728778	-0.727629	-0.714851	-0.663279	-0.561797	-0.430586	-0.285695	
-0.182862	-0.162048	-0.152869	-0.16269	-0.186863	-0.229734	-0.296594	-0.371273	-0.437009	-0.47772	-0.488916	-0.469507	-0.437444	-0.417028	-0.421051	-0.457096	-0.506321	-0.546521	-0.560814	-0.555016	-0.541947	-0.496678	-0.418007	-0.310536	-0.180807	
-0.241286	-0.219451	-0.213962	-0.223552	-0.247737	-0.291675	-0.357638	-0.427155	-0.47772	-0.500069	-0.488879	-0.435606	-0.368215	-0.313715	-0.285668	-0.291328	-0.318389	-0.347499	-0.365756	-0.368539	-0.356033	-0.327047	-0.277907	-0.198794	-0.0899212	
-0.282167	-0.260665	-0.261232	-0.276153	-0.309885	-0.356179	-0.407879	-0.456033	-0.488916	-0.488879	-0.440289	-0.351623	-0.25284	-0.169705	-0.119355	-0.105285	-0.121459	-0.148188	-0.176179	-0.185234	-0.183946	-0.184259	-0.164097	-0.11481	-0.0269892	
-0.312119	-0.291665	-0.298728	-0.326643	-0.369528	-0.411928	-0.44348	-0.462505	-0.469507	-0.435606	-0.351623	-0.232813	-0.111096	-0.00613003	0.0660714	0.0940837	0.0768955	0.0391411	-0.00333336	-0.0313979	-0.0579605	-0.0866793	-0.0927528	-0.0665531	0.003777	
-0.342176	-0.328717	-0.337614	-0.370557	-0.415187	-0.456424	-0.476095	-0.469614	-0.437444	-0.368215	-0.25284	-0.111096	0.031483	0.155116	0.247905	0.281574	0.262923	0.213857	0.148862	0.0894235	0.0327579	-0.024098	-0.058329	-0.0569404	-0.00487631	
-0.366591	-0.370805	-0.391423	-0.420353	-0.458422	-0.498036	-0.51222	-0.483223	-0.417028	-0.313715	-0.169705	-0.00613003	0.155116	0.300166	0.398328	0.440155	0.426123	0.360377	0.265741	0.173919	0.0913904	0.017062	-0.039298	-0.066973	-0.0408504	
-0.382946	-0.41345	-0.451003	-0.485204	-0.522645	-0.556641	-0.564406	-0.516697	-0.421051	-0.285668	-0.119355	0.0660714	0.247905	0.398328	0.502749	0.550824	0.537246	0.456634	0.337434	0.222177	0.117529	0.0327088	-0.0336721	-0.0747807	-0.065613	
-0.405542	-0.466889	-0.527047	-0.578179	-0.618571	-0.643804	-0.637259	-0.575895	-0.457096	-0.291328	-0.105285	0.0940837	0.281574	0.440155	0.550824	0.600883	0.57877	0.490975	0.367909	0.241691	0.125855	0.0385267	-0.0210789	-0.0531931	-0.0515824	
-0.448194	-0.543052	-0.630082	-0.697068	-0.738907	-0.753302	-0.726822	-0.64758	-0.506321	-0.318389	-0.121459	0.0768955	0.262923	0.426123	0.537246	0.57877	0.549847	0.470349	0.365141	0.249742	0.13883	0.05931	0.0157827	-0.00274268	-0.00358247	
-0.491289	-0.619464	-0.729772	-0.805097	-0.852586	-0.858753	-0.809931	-0.70728	-0.546521	-0.347499	-0.148188	0.0391411	0.213857	0.360377	0.456634	0.490975	0.470349	0.417138	0.343092	0.253016	0.164753	0.100398	0.0711186	0.0579058	0.0547324	
-0.524749	-0.670203	-0.79279	-0.884272	-0.940468	-0.931782	-0.855011	-0.728778	-0.560814	-0.365756	-0.176179	-0.00333336	0.148862	0.265741	0.337434	0.367909	0.365141	0.343092	0.303371	0.25052	0.198746	0.157079	0.133714	0.12108	0.111883	
-0.545295	-0.696092	-0.830992	-0.930225	-0.983472	-0.967115	-0.873175	-0.727629	-0.555016	-0.368539	-0.185234	-0.0313979	0.0894235	0.173919	0.222177	0.241691	0.249742	0.253016	0.25052	0.244308	0.2318	0.211097	0.18917	0.171394	0.158438	
-0.552379	-0.69571	-0.832325	-0.929331	-0.978602	-0.957755	-0.859238	-0.714851	-0.541947	-0.356033	-0.183946	-0.0579605	0.0327579	0.0913904	0.117529	0.125855	0.13883	0.164753	0.198746	0.2318	0.250348	0.245659	0.225024	0.201232	0.181345	
-0.536074	-0.665589	-0.789441	-0.878011	-0.917132	-0.895206	-0.802471	-0.663279	-0.496678	-0.327047	-0.184259	-0.0866793	-0.024098	0.017062	0.0327088	0.0385267	0.05931	0.100398	0.157079	0.211097	0.245659	0.252977	0.235547	0.206963	0.175185	
-0.479602	-0.588947	-0.693543	-0.769445	-0.797444	-0.77552	-0.688553	-0.561797	-0.418007	-0.277907	-0.164097	-0.0927528	-0.058329	-0.039298	-0.0336721	-0.0210789	0.0157827	0.0711186	0.133714	0.18917	0.225024	0.235547	0.220226	0.188533	0.144977	
-0.37102	-0.460542	-0.548111	-0.609837	-0.635355	-0.616633	-0.538222	-0.430586	-0.310536	-0.198794	-0.11481	-0.0665531	-0.0569404	-0.066973	-0.0747807	-0.0531931	-0.00274268	0.0579058	0.12108	0.171394	0.201232	0.206963	0.188533	0.147591	0.087182	
-0.21822	-0.300683	-0.375391	-0.43212	-0.46006	-0.44537	-0.380525	-0.285695	-0.180807	-0.0899212	-0.0269892	0.003777	-0.00487631	-0.0408504	-0.065613	-0.0515824	-0.00358247	0.0547324	0.111883	0.158438	0.181345	0.175185	0.144977	0.087182	-0.00143191	
-0.0467391	-0.121134	-0.188718	-0.237748	-0.265619	-0.257782	-0.21018	-0.128653	-0.0360503	0.0424002	0.0904707	0.104122	0.0754327	0.0189356	-0.028594	-0.0326057	0.00127904	0.0540132	0.107418	0.146056	0.155942	0.135171	0.0839146	-0.00160246	-0.122215	
0.128516	0.0629493	0.00390483	-0.036757	-0.0576583	-0.0495623	-0.0162844	0.0502091	0.129514	0.194981	0.227457	0.220617	0.175774	0.0994226	0.032774	-0.000164965	0.00974684	0.0513942	0.0977687	0.129189	0.122137	0.0781339	0.00200048	-0.114235	-0.271528	
0.282031	0.220963	0.168129	0.1407	0.13494	0.153834	0.186632	0.237929	0.298259	0.346549	0.358961	0.329642	0.267705	0.182755	0.101668	0.0435903	0.0241319	0.0439925	0.0780925	0.0970578	0.0730104	0.00838658	-0.091045	-0.235916	-0.424824	
0.39397	0.329411	0.281854	0.262162	0.275267	0.303802	0.33859	0.388906	0.434743	0.463858	0.460393	0.418914	0.340491	0.248889	0.157496	0.0809103	0.0388884	0.0387389	0.0559261	0.0602324	0.0213564	-0.0624473	-0.184285	-0.347197	-0.55433	
0.447924	0.379152	0.331472	0.317504	0.338744	0.375144	0.421324	0.473878	0.512235	0.530393	0.517505	0.468976	0.387546	0.292354	0.19576	0.108783	0.0523128	0.0333217	0.0331858	0.0263023	-0.0174548	-0.109633	-0.244079	-0.419797	-0.633373	
0.454439	0.38602	0.339824	0.325972	0.345642	0.384573	0.435668	0.488562	0.525393	0.541388	0.525326	0.476889	0.396126	0.300679	0.202747	0.114162	0.0547493	0.0315769	0.0285011	0.0198842	-0.0245328	-0.118124	-0.254755	-0.432349	-0.647688	
0.423111	0.356362	0.308271	0.291226	0.310146	0.341954	0.379758	0.430844	0.472965	0.497173	0.489415	0.444309	0.362439	0.269112	0.175442	0.0936099	0.0453563	0.0365669	0.0462759	0.0456315	0.00353087	-0.0851329	-0.213741	-0.382364	-0.593458	
0.33261	0.270996	0.221506	0.197233	0.198736	0.222542	0.255911	0.305774	0.358684	0.398763	0.403971	0.368418	0.299512	0.212023	0.126371	0.0597889	0.0292113	0.0414114	0.0690499	0.0815397	0.0515886	-0.0211609	-0.130031	-0.282765	-0.480942	
0.194082	0.131483	0.0742876	0.0390849	0.0235489	0.0352049	0.0665918	0.125917	0.198581	0.258075	0.282144	0.266062	0.214875	0.134226	0.0605024	0.016722	0.0149492	0.048308	0.0911182	0.118135	0.103676	0.0514219	-0.033893	-0.163094	-0.334246	
0.0241082	-0.0468292	-0.11003	-0.156921	-0.183057	-0.176735	-0.13516	-0.059608	0.0277301	0.101116	0.144042	0.149824	0.11445	0.0491722	-0.00635756	-0.021849	0.00467479	0.0545265	0.104484	0.140565	0.144014	0.114387	0.0536097	-0.0433775	-0.17948	
-0.151467	-0.230838	-0.302897	-0.356494	-0.385024	-0.373163	-0.314742	-0.224704	-0.124526	-0.0398218	0.0162843	0.0409183	0.0242537	-0.0198653	-0.0537698	-0.0448883	-0.00247424	0.0533765	0.109829	0.15341	0.171862	0.161187	0.122908	0.0537453	-0.0455747	
-0.313521	-0.3992	-0.480772	-0.540646	-0.566484	-0.548665	-0.475364	-0.373717	-0.261053	-0.158397	-0.0830871	-0.042851	-0.040845	-0.062728	-0.0765537	-0.0561028	-0.00398357	0.0568207	0.116759	0.166203	0.193273	0.194081	0.172865	0.126668	0.0555799	
-0.44291	-0.542852	-0.640707	-0.709172	-0.735646	-0.714918	-0.630277	-0.511873	-0.378275	-0.250163	-0.14946	-0.0876996	-0.0641176	-0.0558974	-0.0552741	-0.0382036	0.00556795	0.0638525	0.128242	0.181665	0.215034	0.225253	0.209435	0.174251	0.125236	
-0.51874	-0.641251	-0.757082	-0.842686	-0.876682	-0.854043	-0.763975	-0.627672	-0.469115	-0.310396	-0.178889	-0.091209	-0.0403745	-0.00731105	0.00495001	0.0119387	0.038404	0.0856858	0.145474	0.201444	0.238624	0.248383	0.231897	0.202953	0.165845	
-0.550268	-0.688204	-0.821009	-0.914289	-0.960753	-0.939714	-0.842929	-0.700353	-0.528792	-0.346493	-0.185095	-0.0713185	0.00855662	0.0595055	0.0799906	0.0866384	0.101595	0.134059	0.179657	0.224329	0.251745	0.25247	0.232517	0.205782	0.18228	
-0.549696	-0.699129	-0.836438	-0.935883	-0.988179	-0.969607	-0.872047	-0.724625	-0.551194	-0.365344	-0.184957	-0.0404242	0.0675959	0.140619	0.179311	0.19399	0.20386	0.216576	0.229098	0.240472	0.242013	0.227956	0.206012	0.186546	0.170933	
-0.534308	-0.683603	-0.811575	-0.907111	-0.962631	-0.950306	-0.864929	-0.729717	-0.559645	-0.368581	-0.18219	-0.0171099	0.12312	0.227193	0.289685	0.316237	0.319432	0.308203	0.282788	0.248423	0.213155	0.180344	0.157386	0.143618	0.132733	
-0.50647	-0.642521	-0.758334	-0.840741	-0.892789	-0.892727	-0.832678	-0.720365	-0.555643	-0.356557	-0.160139	0.0222823	0.189315	0.324402	0.410917	0.444354	0.42979	0.389687	0.329767	0.252777	0.177199	0.121723	0.0961511	0.0831939	0.078153	
-0.466176	-0.575766	-0.674169	-0.743476	-0.786347	-0.797572	-0.763102	-0.675278	-0.525101	-0.330489	-0.131159	0.0627536	0.245183	0.405464	0.512756	0.550387	0.523095	0.451814	0.357598	0.251569	0.147999	0.0735506	0.0366165	0.0212317	0.0191714	
-0.420633	-0.494579	-0.565313	-0.624022	-0.665863	-0.686412	-0.671295	-0.603984	-0.476296	-0.301131	-0.109455	0.0918966	0.279766	0.440566	0.553298	0.600475	0.574687	0.488218	0.370946	0.245875	0.129763	0.0444489	-0.00926982	-0.0355571	-0.0347321	
-0.389587	-0.432779	-0.478791	-0.519166	-0.55645	-0.587288	-0.591843	-0.537606	-0.431657	-0.283892	-0.109064	0.0830727	0.268852	0.422293	0.529017	0.578848	0.56281	0.477397	0.353807	0.231905	0.121267	0.0343604	-0.0306345	-0.0704249	-0.065476	
-0.37447	-0.387789	-0.414003	-0.443576	-0.480848	-0.518827	-0.529832	-0.493101	-0.415384	-0.298885	-0.145763	0.0272684	0.198006	0.346274	0.446238	0.491026	0.477998	0.406173	0.299941	0.197488	0.104938	0.0259193	-0.0360747	-0.0711823	-0.0543054	
-0.35215	-0.345034	-0.358224	-0.388829	-0.431348	-0.472354	-0.490147	-0.474235	-0.42706	-0.343868	-0.216003	-0.0662283	0.0829955	0.216692	0.312814	0.350334	0.332294	0.277533	0.201348	0.127961	0.0605177	-0.00468772	-0.0492638	-0.0597705	-0.017581	
-0.324803	-0.305543	-0.312852	-0.345101	-0.389923	-0.431233	-0.456478	-0.46399	-0.456434	-0.408823	-0.31135	-0.183051	-0.0527603	0.058882	0.141388	0.171576	0.15338	0.110752	0.0599616	0.0206636	-0.0183081	-0.0587744	-0.0758484	-0.0584038	0.00498631	
-0.294152	-0.27295	-0.276618	-0.29648	-0.334361	-0.379864	-0.422816	-0.459609	-0.484434	-0.471944	-0.40817	-0.306282	-0.197139	-0.104165	-0.0467841	-0.0263006	-0.0420448	-0.072517	-0.104296	-0.119182	-0.127674	-0.139617	-0.130212	-0.0913884	-0.0102547	
