0.0561886	0.0596415	0.0649456	0.0657041	0.0687484	0.0676756	0.0675425	0.0652276	0.0616876	0.0580879	0.051793	0.0462801	0.0384375	0.0306071	0.0219048	0.0128249	0.00297639	-0.0054136	-0.0154343	-0.0229729	-0.0298499	-0.0368258	-0.040201	-0.0455243	-0.0480161	
0.00224441	0.00548869	0.00644316	0.00843711	0.00867519	0.00909796	0.00854245	0.00739772	0.00620585	0.00329767	0.00195691	-0.00280237	-0.00428338	-0.0101305	-0.0127365	-0.0185516	-0.0228163	-0.0291104	-0.0335778	-0.0416952	-0.0453267	-0.0534951	-0.0564469	-0.061909	-0.0627533	
-0.030198	-0.0266915	-0.0278569	-0.0243319	-0.0263364	-0.0242427	-0.0259194	-0.0262311	-0.0269378	-0.0296093	-0.0296065	-0.0334167	-0.0337164	-0.0370401	-0.038206	-0.0407224	-0.0418536	-0.0447238	-0.0452484	-0.0487109	-0.0503532	-0.0536909	-0.0580753	-0.0604717	-0.0674674	
-0.0398609	-0.0390823	-0.0377663	-0.0374823	-0.0368897	-0.0370437	-0.0370508	-0.0377911	-0.0384539	-0.039462	-0.0412696	-0.0419584	-0.045098	-0.0454499	-0.0490424	-0.0496329	-0.0524889	-0.0531918	-0.0552128	-0.055056	-0.0570879	-0.0555265	-0.059103	-0.0577398	-0.0615638	
-0.0443714	-0.0451059	-0.043251	-0.0448032	-0.0429154	-0.0444035	-0.0433296	-0.0440465	-0.0442726	-0.0440236	-0.0455137	-0.0447169	-0.047008	-0.0464655	-0.0490441	-0.0494412	-0.0519077	-0.0534617	-0.0555548	-0.0571382	-0.0595131	-0.059121	-0.0606366	-0.0612947	-0.0585022	
-0.0495684	-0.0493392	-0.0491745	-0.0493169	-0.0488457	-0.049473	-0.0488621	-0.0496634	-0.0492612	-0.049784	-0.0498624	-0.0497991	-0.0502474	-0.0499696	-0.0499593	-0.0507221	-0.0496643	-0.0517121	-0.0518089	-0.0528195	-0.0564034	-0.0572805	-0.0592929	-0.0634466	-0.0628881	
-0.0491197	-0.0501068	-0.0484995	-0.0492586	-0.0482885	-0.0487796	-0.0486922	-0.0485704	-0.0497708	-0.0488251	-0.0511	-0.0501116	-0.0518913	-0.052531	-0.0521117	-0.054249	-0.0531904	-0.052898	-0.0548865	-0.0512595	-0.0533801	-0.0543909	-0.0523361	-0.0573886	-0.0607426	
-0.0451382	-0.0467354	-0.0454141	-0.0456328	-0.0461799	-0.0446631	-0.0469616	-0.0442249	-0.0472081	-0.0449251	-0.046585	-0.0469562	-0.0460062	-0.0491268	-0.0478796	-0.0498649	-0.0527445	-0.0510093	-0.0556038	-0.0560556	-0.0536165	-0.058967	-0.0548167	-0.0532325	-0.0576293	
-0.0489741	-0.0474837	-0.04888	-0.0475161	-0.0490662	-0.0475909	-0.0488207	-0.048355	-0.0478057	-0.0496302	-0.046648	-0.0500409	-0.0468271	-0.0481856	-0.0486841	-0.0457699	-0.0493877	-0.0476452	-0.0474536	-0.0531906	-0.0500064	-0.0541608	-0.0592572	-0.0551497	-0.0578049	
-0.0499556	-0.0457743	-0.0477357	-0.0467003	-0.045884	-0.047773	-0.0447496	-0.0488442	-0.0446412	-0.0494284	-0.0462045	-0.048963	-0.0493272	-0.0482516	-0.051551	-0.0496889	-0.0499328	-0.0529018	-0.0473317	-0.051895	-0.0501675	-0.0479729	-0.052622	-0.0548338	-0.0509957	
-0.0455317	-0.0419555	-0.044967	-0.0429232	-0.0434626	-0.0444836	-0.0422439	-0.045384	-0.0422155	-0.0450653	-0.0435414	-0.0442199	-0.0450956	-0.0450594	-0.0451825	-0.0489663	-0.0449757	-0.0524313	-0.0489176	-0.0511671	-0.054152	-0.051139	-0.0513524	-0.0543461	-0.0523463	
-0.0447127	-0.0465195	-0.046061	-0.0455289	-0.0465774	-0.0452106	-0.0467951	-0.044898	-0.0473555	-0.0443654	-0.0478287	-0.0444811	-0.046882	-0.0460543	-0.0446666	-0.0473429	-0.0447135	-0.0456787	-0.0487711	-0.0450744	-0.0512673	-0.0507925	-0.0518617	-0.0532999	-0.0553141	
-0.0425274	-0.0460658	-0.0427807	-0.0442026	-0.04399	-0.0425292	-0.0453796	-0.0416682	-0.0463579	-0.0421579	-0.0464671	-0.0441499	-0.0460731	-0.0464026	-0.0467584	-0.046841	-0.0488729	-0.0459872	-0.0492514	-0.046641	-0.0475027	-0.0480877	-0.0490035	-0.0508306	-0.0532741	
-0.0420087	-0.042579	-0.0419131	-0.0424136	-0.0422034	-0.0421553	-0.0425038	-0.0420714	-0.0426242	-0.0422636	-0.0427078	-0.0426333	-0.0431172	-0.0432502	-0.0440464	-0.04458	-0.0457088	-0.0463665	-0.0486985	-0.047531	-0.0507798	-0.049221	-0.0485816	-0.0493052	-0.0508983	
-0.0426982	-0.0451527	-0.0430278	-0.0441888	-0.0437933	-0.0431266	-0.0446993	-0.0423385	-0.0453848	-0.0422294	-0.0453025	-0.0431119	-0.0442898	-0.0442634	-0.0436881	-0.0436173	-0.0453484	-0.0414596	-0.0471945	-0.0437335	-0.0460989	-0.05028	-0.0494197	-0.05001	-0.0544152	
-0.0419416	-0.0424382	-0.0412178	-0.0417778	-0.0416396	-0.0410397	-0.0422354	-0.0411003	-0.0422795	-0.0423179	-0.0419905	-0.0438824	-0.0428227	-0.0441406	-0.0458246	-0.0432358	-0.0483472	-0.0445195	-0.0463954	-0.0475861	-0.0441852	-0.0458885	-0.0472493	-0.0459803	-0.0490991	
-0.0417668	-0.0411234	-0.0406649	-0.0419975	-0.0400009	-0.0423828	-0.0397252	-0.042479	-0.0397303	-0.0422525	-0.0402808	-0.0414708	-0.0415505	-0.040635	-0.0427878	-0.0413593	-0.0431957	-0.0441872	-0.0442342	-0.0470892	-0.0469662	-0.0490206	-0.0481815	-0.0489259	-0.0476064	
-0.0432687	-0.0419548	-0.0423548	-0.0423139	-0.0416442	-0.0427011	-0.041369	-0.0430796	-0.0414462	-0.0434993	-0.041784	-0.0438251	-0.0424081	-0.0437525	-0.0432229	-0.0433049	-0.0434936	-0.0434675	-0.0423887	-0.0449284	-0.0423248	-0.0455918	-0.0473653	-0.0469041	-0.0501342	
-0.0409142	-0.0394008	-0.0399214	-0.0397801	-0.039174	-0.0402326	-0.0387237	-0.0407094	-0.0386709	-0.0410641	-0.0393618	-0.0410602	-0.0410649	-0.0409696	-0.0431014	-0.0421134	-0.0438626	-0.0451789	-0.0435603	-0.0470175	-0.0451107	-0.0451826	-0.0463637	-0.046515	-0.0440798	
-0.0421998	-0.0399179	-0.0412569	-0.0410356	-0.0401356	-0.0420209	-0.0394005	-0.0425369	-0.0392495	-0.0424073	-0.0397655	-0.0416429	-0.0406159	-0.0410303	-0.0407369	-0.0419654	-0.0397662	-0.0441709	-0.0402798	-0.0451306	-0.0441259	-0.0456209	-0.0466924	-0.0480874	-0.0465954	
-0.0415561	-0.0395729	-0.0410975	-0.0396094	-0.0401706	-0.0402596	-0.0395177	-0.0408505	-0.0396763	-0.0410999	-0.0406075	-0.0413554	-0.0415701	-0.0423046	-0.0417897	-0.0437406	-0.04171	-0.0441173	-0.0423786	-0.0432135	-0.0435874	-0.0433446	-0.0452405	-0.0464159	-0.0461396	
-0.0396704	-0.0383348	-0.0393954	-0.0385956	-0.0390455	-0.038973	-0.0387347	-0.0393244	-0.0385412	-0.0395771	-0.0386294	-0.0396731	-0.0392085	-0.0398818	-0.0400673	-0.0412307	-0.0405437	-0.0441062	-0.0414974	-0.0454964	-0.0446148	-0.0441832	-0.0450115	-0.0463895	-0.0429818	
-0.0416797	-0.0396839	-0.0414751	-0.0399656	-0.0404708	-0.0408056	-0.0396717	-0.0413549	-0.0397898	-0.0411948	-0.0407355	-0.0408166	-0.0412656	-0.0414801	-0.0400772	-0.043116	-0.0387398	-0.0428516	-0.0407312	-0.0408749	-0.0439523	-0.0437029	-0.04486	-0.0479734	-0.0470655	
-0.0383027	-0.0381727	-0.0386418	-0.0373991	-0.0389116	-0.0371516	-0.0390692	-0.0372996	-0.0391341	-0.037929	-0.0390334	-0.0391884	-0.0390285	-0.0407344	-0.0399306	-0.0419792	-0.0417632	-0.0432019	-0.0429391	-0.0439523	-0.0433613	-0.0425202	-0.0432916	-0.0441953	-0.0433464	
-0.0404114	-0.0391395	-0.0405113	-0.0393424	-0.0399314	-0.0399275	-0.0393181	-0.0403194	-0.0392547	-0.0400992	-0.0398458	-0.0395122	-0.0402256	-0.0397239	-0.0391659	-0.0412645	-0.0379328	-0.041845	-0.0404596	-0.0408012	-0.0448195	-0.0442597	-0.0446	-0.0482631	-0.0455054	
-0.0383558	-0.0387863	-0.0388215	-0.0377303	-0.039176	-0.0373167	-0.0394898	-0.037342	-0.0397896	-0.0379439	-0.0397716	-0.0394679	-0.0393798	-0.0414991	-0.0396269	-0.0425456	-0.0413914	-0.0421807	-0.0427892	-0.0419237	-0.0421607	-0.0418084	-0.042423	-0.0436809	-0.0453554	
-0.0387863	-0.0384618	-0.0392519	-0.0381665	-0.039238	-0.0382828	-0.0389737	-0.0385008	-0.0388744	-0.0385109	-0.0391405	-0.0384048	-0.0393982	-0.0388719	-0.0390223	-0.0402806	-0.0388809	-0.0412183	-0.0414562	-0.0411702	-0.0449041	-0.0440845	-0.0439724	-0.0468884	-0.0441831	
-0.0388215	-0.0392519	-0.0391692	-0.0384419	-0.0394166	-0.0381177	-0.0396827	-0.0381064	-0.0399766	-0.038505	-0.0399737	-0.0396193	-0.0394643	-0.0412067	-0.0391753	-0.0420139	-0.040215	-0.0413696	-0.0417534	-0.0408694	-0.0420035	-0.0419949	-0.0425531	-0.0444374	-0.0461603	
-0.0377303	-0.0381665	-0.0384419	-0.0373161	-0.0388004	-0.0370335	-0.0388557	-0.037097	-0.038927	-0.0373429	-0.03912	-0.0379458	-0.0392265	-0.0391757	-0.0392443	-0.0405862	-0.0401289	-0.0409788	-0.0425933	-0.0410368	-0.0441219	-0.0434167	-0.0430442	-0.0451465	-0.0443954	
-0.039176	-0.039238	-0.0394166	-0.0388004	-0.0395548	-0.0386564	-0.0396697	-0.0387059	-0.0397651	-0.0389428	-0.0396651	-0.0394794	-0.0392228	-0.0402798	-0.0387689	-0.040907	-0.0391561	-0.0409005	-0.0408475	-0.0407907	-0.0427607	-0.0425541	-0.0432548	-0.0454831	-0.0455334	
-0.0373167	-0.0382828	-0.0381177	-0.0370335	-0.0386564	-0.0364723	-0.0389605	-0.0363859	-0.0392771	-0.0367704	-0.0395136	-0.0379912	-0.0394214	-0.0400213	-0.0394982	-0.0414862	-0.0410175	-0.0410525	-0.0432797	-0.0407469	-0.0430325	-0.0427074	-0.042214	-0.0438504	-0.0453484	
-0.0394898	-0.0389737	-0.0396827	-0.0388557	-0.0396697	-0.0389605	-0.03956	-0.0391539	-0.0394531	-0.0392683	-0.0393585	-0.0392663	-0.0391261	-0.039426	-0.0385995	-0.0401079	-0.0384208	-0.0408178	-0.0403857	-0.0409387	-0.0438405	-0.04314	-0.043995	-0.0465307	-0.0447279	
-0.037342	-0.0385008	-0.0381064	-0.037097	-0.0387059	-0.0363859	-0.0391539	-0.0362001	-0.039587	-0.0366921	-0.0397524	-0.0383322	-0.0394524	-0.0408113	-0.0396	-0.0422235	-0.0415084	-0.0414333	-0.0434541	-0.0410113	-0.0423086	-0.0421886	-0.041915	-0.0431035	-0.0457294	
-0.0397896	-0.0388744	-0.0399766	-0.038927	-0.0397651	-0.0392771	-0.0394531	-0.039587	-0.0393524	-0.0395197	-0.0395493	-0.0391157	-0.0395851	-0.0391307	-0.0387672	-0.0402148	-0.0380293	-0.0410915	-0.0403679	-0.0408088	-0.0445431	-0.0436442	-0.0443802	-0.0474894	-0.0448291	
-0.0379439	-0.0385109	-0.038505	-0.0373429	-0.0389428	-0.0367704	-0.0392683	-0.0366921	-0.0395197	-0.0373122	-0.0394679	-0.0389658	-0.0391617	-0.041159	-0.0395996	-0.042365	-0.0414988	-0.0421636	-0.0430244	-0.0420366	-0.0425277	-0.0419706	-0.0424331	-0.0431641	-0.0449752	
-0.0397716	-0.0391405	-0.0399737	-0.03912	-0.0396651	-0.0395136	-0.0393585	-0.0397524	-0.0395493	-0.0394679	-0.0401984	-0.0390411	-0.0403731	-0.0396019	-0.0391961	-0.0412726	-0.0383254	-0.0417047	-0.0408722	-0.040828	-0.044338	-0.0439955	-0.0443702	-0.047769	-0.045702	
-0.0394679	-0.0384048	-0.0396193	-0.0379458	-0.0394794	-0.0379912	-0.0392663	-0.0383322	-0.0391157	-0.0389658	-0.0390411	-0.03992	-0.0391952	-0.0410064	-0.0398173	-0.0420925	-0.0407265	-0.0431396	-0.0419022	-0.0430578	-0.0436963	-0.0422532	-0.0435871	-0.0446114	-0.044086	
-0.0393798	-0.0393982	-0.0394643	-0.0392265	-0.0392228	-0.0394214	-0.0391261	-0.0394524	-0.0395851	-0.0391617	-0.0403731	-0.0391952	-0.040546	-0.0404763	-0.0397354	-0.0423699	-0.0396783	-0.0427139	-0.0417377	-0.0422739	-0.0435865	-0.0440989	-0.0445674	-0.0468898	-0.0457023	
-0.0414991	-0.0388719	-0.0412067	-0.0391757	-0.0402798	-0.0400213	-0.039426	-0.0408113	-0.0391307	-0.041159	-0.0396019	-0.0410064	-0.0404763	-0.0410533	-0.0406012	-0.0423794	-0.0397105	-0.0439394	-0.0407761	-0.0430384	-0.044538	-0.0432027	-0.0446295	-0.0469057	-0.0451618	
-0.0396269	-0.0390223	-0.0391753	-0.0392443	-0.0387689	-0.0394982	-0.0385995	-0.0396	-0.0387672	-0.0395996	-0.0391961	-0.0398173	-0.0397354	-0.0406012	-0.0404436	-0.0420343	-0.0413429	-0.0440564	-0.0421249	-0.045469	-0.0438694	-0.0442863	-0.0457495	-0.0461804	-0.0437313	
-0.0425456	-0.0402806	-0.0420139	-0.0405862	-0.040907	-0.0414862	-0.0401079	-0.0422235	-0.0402148	-0.042365	-0.0412726	-0.0420925	-0.0423699	-0.0423794	-0.0420343	-0.0436948	-0.0406707	-0.0441052	-0.0412332	-0.0428148	-0.0434552	-0.0443005	-0.0452385	-0.0474127	-0.0481463	
-0.0413914	-0.0388809	-0.040215	-0.0401289	-0.0391561	-0.0410175	-0.0384208	-0.0415084	-0.0380293	-0.0414988	-0.0383254	-0.0407265	-0.0396783	-0.0397105	-0.0413429	-0.0406707	-0.041594	-0.0448883	-0.0416985	-0.0476573	-0.0457271	-0.0457521	-0.0474662	-0.0477983	-0.0431509	
-0.0421807	-0.0412183	-0.0413696	-0.0409788	-0.0409005	-0.0410525	-0.0408178	-0.0414333	-0.0410915	-0.0421636	-0.0417047	-0.0431396	-0.0427139	-0.0439394	-0.0440564	-0.0441052	-0.0448883	-0.0441368	-0.0436666	-0.0449764	-0.0421994	-0.0446871	-0.0461966	-0.0453593	-0.0488696	
-0.0427892	-0.0414562	-0.0417534	-0.0425933	-0.0408475	-0.0432797	-0.0403857	-0.0434541	-0.0403679	-0.0430244	-0.0408722	-0.0419022	-0.0417377	-0.0407761	-0.0421249	-0.0412332	-0.0416985	-0.0436666	-0.0425868	-0.0462108	-0.0461394	-0.0484943	-0.0485728	-0.0496727	-0.0486444	
-0.0419237	-0.0411702	-0.0408694	-0.0410368	-0.0407907	-0.0407469	-0.0409387	-0.0410113	-0.0408088	-0.0420366	-0.040828	-0.0430578	-0.0422739	-0.0430384	-0.045469	-0.0428148	-0.0476573	-0.0449764	-0.0462108	-0.0478703	-0.0450844	-0.0460654	-0.0473027	-0.0457109	-0.0474006	
-0.0421607	-0.0449041	-0.0420035	-0.0441219	-0.0427607	-0.0430325	-0.0438405	-0.0423086	-0.0445431	-0.0425277	-0.044338	-0.0436963	-0.0435865	-0.044538	-0.0438694	-0.0434552	-0.0457271	-0.0421994	-0.0461394	-0.0450844	-0.0448416	-0.0489589	-0.0492661	-0.0486428	-0.0539226	
-0.0418084	-0.0440845	-0.0419949	-0.0434167	-0.0425541	-0.0427074	-0.04314	-0.0421886	-0.0436442	-0.0419706	-0.0439955	-0.0422532	-0.0440989	-0.0432027	-0.0442863	-0.0443005	-0.0457521	-0.0446871	-0.0484943	-0.0460654	-0.0489589	-0.0500646	-0.0482235	-0.0494306	-0.0519332	
-0.042423	-0.0439724	-0.0425531	-0.0430442	-0.0432548	-0.042214	-0.043995	-0.041915	-0.0443802	-0.0424331	-0.0443702	-0.0435871	-0.0445674	-0.0446295	-0.0457495	-0.0452385	-0.0474662	-0.0461966	-0.0485728	-0.0473027	-0.0492661	-0.0482235	-0.0490761	-0.0506537	-0.0519143	
-0.0436809	-0.0468884	-0.0444374	-0.0451465	-0.0454831	-0.0438504	-0.0465307	-0.0431035	-0.0474894	-0.0431641	-0.047769	-0.0446114	-0.0468898	-0.0469057	-0.0461804	-0.0474127	-0.0477983	-0.0453593	-0.0496727	-0.0457109	-0.0486428	-0.0494306	-0.0506537	-0.0513397	-0.0546648	
-0.0453554	-0.0441831	-0.0461603	-0.0443954	-0.0455334	-0.0453484	-0.0447279	-0.0457294	-0.0448291	-0.0449752	-0.045702	-0.044086	-0.0457023	-0.0451618	-0.0437313	-0.0481463	-0.0431509	-0.0488696	-0.0486444	-0.0474006	-0.0539226	-0.0519332	-0.0519143	-0.0546648	-0.0551505	
