0.510615	0.275333	0.0717048	-0.0859394	-0.202721	-0.282608	-0.326371	-0.338736	-0.331071	-0.311811	-0.27228	-0.221388	-0.177174	-0.145968	-0.124266	-0.114504	-0.114995	-0.124836	-0.134372	-0.141122	-0.154785	-0.158831	-0.153179	-0.151105	-0.146126	
0.275333	0.0529242	-0.123926	-0.245313	-0.325873	-0.369943	-0.387392	-0.372614	-0.335825	-0.292956	-0.23985	-0.18627	-0.150222	-0.133152	-0.124238	-0.126511	-0.135044	-0.148611	-0.161559	-0.166061	-0.168008	-0.160838	-0.146499	-0.134321	-0.124926	
0.0717048	-0.123926	-0.264186	-0.349822	-0.395098	-0.411159	-0.403748	-0.36393	-0.307264	-0.253182	-0.203904	-0.163243	-0.139235	-0.131191	-0.131706	-0.137843	-0.147016	-0.163417	-0.171624	-0.167189	-0.161999	-0.149894	-0.134358	-0.124102	-0.123042	
-0.0859394	-0.245313	-0.349822	-0.402539	-0.421767	-0.411925	-0.381873	-0.326303	-0.262058	-0.212019	-0.177765	-0.151086	-0.135805	-0.136851	-0.143925	-0.153257	-0.162773	-0.168723	-0.163345	-0.150968	-0.138318	-0.129153	-0.127768	-0.129797	-0.136631	
-0.202721	-0.325873	-0.395098	-0.421767	-0.413205	-0.376713	-0.329156	-0.268122	-0.212019	-0.176263	-0.158695	-0.146692	-0.143719	-0.152435	-0.164852	-0.171383	-0.165593	-0.156204	-0.141855	-0.12724	-0.120733	-0.124766	-0.13301	-0.134585	-0.138517	
-0.282608	-0.369943	-0.411159	-0.411925	-0.376713	-0.321356	-0.266678	-0.21557	-0.175494	-0.151682	-0.146584	-0.148133	-0.153448	-0.166358	-0.176632	-0.170468	-0.15565	-0.141593	-0.127591	-0.122448	-0.120272	-0.123701	-0.130925	-0.12965	-0.133417	
-0.326371	-0.387392	-0.403748	-0.381873	-0.329156	-0.266678	-0.218294	-0.182381	-0.154595	-0.138009	-0.142811	-0.153511	-0.162613	-0.169357	-0.16707	-0.154624	-0.139983	-0.129352	-0.125985	-0.128423	-0.125497	-0.127699	-0.131004	-0.123089	-0.120339	
-0.338736	-0.372614	-0.36393	-0.326303	-0.268122	-0.21557	-0.182381	-0.163586	-0.150282	-0.145141	-0.157964	-0.171197	-0.170089	-0.157335	-0.14437	-0.130175	-0.12138	-0.121002	-0.125875	-0.134359	-0.133475	-0.132832	-0.130657	-0.116366	-0.108477	
-0.331071	-0.335825	-0.307264	-0.262058	-0.212019	-0.175494	-0.154595	-0.150282	-0.152428	-0.157472	-0.172184	-0.17797	-0.163538	-0.144082	-0.13145	-0.122412	-0.120328	-0.118969	-0.122586	-0.130147	-0.12607	-0.123551	-0.121958	-0.114836	-0.113168	
-0.311811	-0.292956	-0.253182	-0.212019	-0.176263	-0.151682	-0.138009	-0.145141	-0.157472	-0.164937	-0.168899	-0.162505	-0.147786	-0.133452	-0.127233	-0.12589	-0.126289	-0.124059	-0.125061	-0.124734	-0.114898	-0.108795	-0.108598	-0.110289	-0.113563	
-0.27228	-0.23985	-0.203904	-0.177765	-0.158695	-0.146584	-0.142811	-0.157964	-0.172184	-0.168899	-0.153276	-0.140427	-0.129728	-0.120217	-0.11916	-0.123836	-0.130974	-0.13183	-0.128607	-0.120684	-0.108636	-0.102173	-0.102908	-0.109519	-0.113738	
-0.221388	-0.18627	-0.163243	-0.151086	-0.146692	-0.148133	-0.153511	-0.171197	-0.17797	-0.162505	-0.140427	-0.129828	-0.124169	-0.118107	-0.117303	-0.124029	-0.129564	-0.123181	-0.113789	-0.108027	-0.109857	-0.112232	-0.113144	-0.117086	-0.108864	
-0.177174	-0.150222	-0.139235	-0.135805	-0.143719	-0.153448	-0.162613	-0.170089	-0.163538	-0.147786	-0.129728	-0.124169	-0.125282	-0.124223	-0.125371	-0.128376	-0.121431	-0.107607	-0.101279	-0.10349	-0.113687	-0.116639	-0.113618	-0.112531	-0.101144	
-0.145968	-0.133152	-0.131191	-0.136851	-0.152435	-0.166358	-0.169357	-0.157335	-0.144082	-0.133452	-0.120217	-0.118107	-0.124223	-0.129827	-0.130318	-0.122949	-0.109753	-0.105448	-0.10731	-0.107691	-0.113628	-0.108677	-0.098844	-0.101554	-0.103391	
-0.124266	-0.124238	-0.131706	-0.143925	-0.164852	-0.176632	-0.16707	-0.14437	-0.13145	-0.127233	-0.11916	-0.117303	-0.125371	-0.130318	-0.12036	-0.106872	-0.104461	-0.112831	-0.113875	-0.109603	-0.109913	-0.101031	-0.0946246	-0.100714	-0.103507	
-0.114504	-0.126511	-0.137843	-0.153257	-0.171383	-0.170468	-0.154624	-0.130175	-0.122412	-0.12589	-0.123836	-0.124029	-0.128376	-0.122949	-0.106872	-0.101621	-0.10736	-0.113545	-0.111656	-0.105687	-0.103138	-0.101024	-0.100661	-0.100617	-0.100948	
-0.114995	-0.135044	-0.147016	-0.162773	-0.165593	-0.15565	-0.139983	-0.12138	-0.120328	-0.126289	-0.130974	-0.129564	-0.121431	-0.109753	-0.104461	-0.10736	-0.108782	-0.110029	-0.10606	-0.100474	-0.0991502	-0.101711	-0.103572	-0.100301	-0.100716	
-0.124836	-0.148611	-0.163417	-0.168723	-0.156204	-0.141593	-0.129352	-0.121002	-0.118969	-0.124059	-0.13183	-0.123181	-0.107607	-0.105448	-0.112831	-0.113545	-0.110029	-0.105662	-0.100252	-0.097504	-0.0942092	-0.100948	-0.10646	-0.0985856	-0.0976514	
-0.134372	-0.161559	-0.171624	-0.163345	-0.141855	-0.127591	-0.125985	-0.125875	-0.122586	-0.125061	-0.128607	-0.113789	-0.101279	-0.10731	-0.113875	-0.111656	-0.10606	-0.100252	-0.100745	-0.100746	-0.0975531	-0.103494	-0.0996488	-0.0872694	-0.0919946	
-0.141122	-0.166061	-0.167189	-0.150968	-0.12724	-0.122448	-0.128423	-0.134359	-0.130147	-0.124734	-0.120684	-0.108027	-0.10349	-0.107691	-0.109603	-0.105687	-0.100474	-0.097504	-0.100746	-0.106798	-0.104181	-0.0963859	-0.0901694	-0.0903023	-0.0958305	
-0.154785	-0.168008	-0.161999	-0.138318	-0.120733	-0.120272	-0.125497	-0.133475	-0.12607	-0.114898	-0.108636	-0.109857	-0.113687	-0.113628	-0.109913	-0.103138	-0.0991502	-0.0942092	-0.0975531	-0.104181	-0.0954028	-0.0886688	-0.0983699	-0.104754	-0.0972966	
-0.158831	-0.160838	-0.149894	-0.129153	-0.124766	-0.123701	-0.127699	-0.132832	-0.123551	-0.108795	-0.102173	-0.112232	-0.116639	-0.108677	-0.101031	-0.101024	-0.101711	-0.100948	-0.103494	-0.0963859	-0.0886688	-0.0920658	-0.0989494	-0.0990905	-0.0887262	
-0.153179	-0.146499	-0.134358	-0.127768	-0.13301	-0.130925	-0.131004	-0.130657	-0.121958	-0.108598	-0.102908	-0.113144	-0.113618	-0.098844	-0.0946246	-0.100661	-0.103572	-0.10646	-0.0996488	-0.0901694	-0.0983699	-0.0989494	-0.0883493	-0.0892727	-0.0904339	
-0.151105	-0.134321	-0.124102	-0.129797	-0.134585	-0.12965	-0.123089	-0.116366	-0.114836	-0.110289	-0.109519	-0.117086	-0.112531	-0.101554	-0.100714	-0.100617	-0.100301	-0.0985856	-0.0872694	-0.0903023	-0.104754	-0.0990905	-0.0892727	-0.0928175	-0.0946489	
-0.146126	-0.124926	-0.123042	-0.136631	-0.138517	-0.133417	-0.120339	-0.108477	-0.113168	-0.113563	-0.113738	-0.108864	-0.101144	-0.103391	-0.103507	-0.100948	-0.100716	-0.0976514	-0.0919946	-0.0958305	-0.0972966	-0.0887262	-0.0904339	-0.0946489	-0.0926942	
-0.139465	-0.120605	-0.127363	-0.139082	-0.140671	-0.134752	-0.119333	-0.10846	-0.112615	-0.119336	-0.115483	-0.0983012	-0.0953276	-0.105305	-0.102833	-0.0999757	-0.0984631	-0.0961706	-0.0997623	-0.0981242	-0.0901929	-0.0891839	-0.091406	-0.0893697	-0.0923764	
-0.138004	-0.126037	-0.131626	-0.13437	-0.134024	-0.125643	-0.115034	-0.107923	-0.11008	-0.123029	-0.115041	-0.098756	-0.101926	-0.108541	-0.103992	-0.0970511	-0.0919032	-0.0911215	-0.100614	-0.0959746	-0.0860872	-0.0978111	-0.0979873	-0.0872616	-0.0894776	
-0.140352	-0.139096	-0.137431	-0.134211	-0.127786	-0.122846	-0.117209	-0.11271	-0.111324	-0.116038	-0.108952	-0.100148	-0.103844	-0.104199	-0.103578	-0.0976801	-0.093587	-0.0967063	-0.0987526	-0.0931996	-0.0863529	-0.0942574	-0.0964573	-0.0886321	-0.0878496	
-0.143125	-0.149199	-0.141132	-0.131305	-0.121364	-0.121568	-0.120918	-0.121054	-0.114576	-0.106293	-0.105659	-0.105412	-0.104409	-0.0986827	-0.0995179	-0.0991127	-0.097631	-0.0995599	-0.0932257	-0.0926971	-0.0946304	-0.0895464	-0.0890918	-0.0894792	-0.0909768	
-0.147459	-0.155735	-0.143869	-0.125162	-0.117156	-0.115508	-0.122467	-0.124734	-0.114834	-0.100699	-0.104071	-0.113943	-0.106182	-0.0980609	-0.0960154	-0.0995771	-0.099929	-0.0943493	-0.091091	-0.0934773	-0.097687	-0.0901606	-0.0875623	-0.0940778	-0.0902623	
-0.149363	-0.158016	-0.145027	-0.124401	-0.116863	-0.113538	-0.122723	-0.124006	-0.114332	-0.0992591	-0.102754	-0.116363	-0.106473	-0.0990089	-0.0959709	-0.0992293	-0.101016	-0.0929309	-0.0903356	-0.093042	-0.0976416	-0.0913317	-0.0881617	-0.0956012	-0.0887163	
-0.144744	-0.152216	-0.142056	-0.128777	-0.119371	-0.119233	-0.121841	-0.122903	-0.115323	-0.103685	-0.104507	-0.109146	-0.10514	-0.0982899	-0.0977103	-0.0986712	-0.099508	-0.0983294	-0.0910651	-0.0925551	-0.0971981	-0.0900472	-0.0872423	-0.0905267	-0.0916457	
-0.141032	-0.143227	-0.13896	-0.133359	-0.125329	-0.123201	-0.118745	-0.116829	-0.112941	-0.112375	-0.107415	-0.100926	-0.103933	-0.10132	-0.10168	-0.098341	-0.0954054	-0.0989571	-0.0971705	-0.0934022	-0.0890398	-0.0910257	-0.0929954	-0.088995	-0.0899489	
-0.139272	-0.131637	-0.134118	-0.134009	-0.131256	-0.123335	-0.115006	-0.108291	-0.109648	-0.121117	-0.112743	-0.0998618	-0.103448	-0.107985	-0.105087	-0.0968029	-0.0912431	-0.0917639	-0.0999226	-0.0949803	-0.0850756	-0.0978871	-0.0995277	-0.0881927	-0.0875485	
-0.137884	-0.121646	-0.128857	-0.137182	-0.138569	-0.131509	-0.118115	-0.10805	-0.111608	-0.121714	-0.115781	-0.097857	-0.0969164	-0.106601	-0.103316	-0.0987674	-0.095806	-0.0940358	-0.100819	-0.0972632	-0.0882314	-0.0933964	-0.0936503	-0.0869797	-0.0915958	
-0.143096	-0.122204	-0.124842	-0.138482	-0.13998	-0.135639	-0.120225	-0.108833	-0.11317	-0.1154	-0.115317	-0.103067	-0.097301	-0.103711	-0.102397	-0.101352	-0.100396	-0.0980241	-0.0963444	-0.0970899	-0.0941122	-0.0868746	-0.0899431	-0.0929706	-0.0923626	
-0.149928	-0.130445	-0.122988	-0.132251	-0.135462	-0.130084	-0.120631	-0.111524	-0.113078	-0.111284	-0.111702	-0.115403	-0.109478	-0.103227	-0.10312	-0.100636	-0.099457	-0.0970675	-0.086688	-0.0919745	-0.103094	-0.095117	-0.0907906	-0.0957978	-0.0942607	
-0.151699	-0.14092	-0.129227	-0.128181	-0.134646	-0.130767	-0.128842	-0.125872	-0.119285	-0.109817	-0.104592	-0.114949	-0.113387	-0.0982072	-0.0966342	-0.100276	-0.102695	-0.104558	-0.0940419	-0.0901976	-0.102401	-0.0995934	-0.0872325	-0.088492	-0.0927147	
-0.156914	-0.15511	-0.143284	-0.128327	-0.128397	-0.127374	-0.129564	-0.132944	-0.123901	-0.107948	-0.101942	-0.112202	-0.115125	-0.104289	-0.0966448	-0.100871	-0.103441	-0.103964	-0.10364	-0.0937338	-0.0913865	-0.0951048	-0.0951934	-0.093707	-0.0866276	
-0.158299	-0.166385	-0.157463	-0.134031	-0.121103	-0.120393	-0.125188	-0.132048	-0.124709	-0.111124	-0.105308	-0.111763	-0.116387	-0.11382	-0.107039	-0.102742	-0.0999256	-0.0951208	-0.0995254	-0.100201	-0.0909521	-0.0895746	-0.100319	-0.10625	-0.0952013	
-0.14637	-0.167005	-0.165383	-0.145528	-0.124242	-0.121516	-0.127986	-0.135594	-0.129359	-0.12158	-0.11537	-0.107801	-0.107439	-0.109435	-0.109312	-0.104373	-0.0993759	-0.096098	-0.100083	-0.107089	-0.101872	-0.0924501	-0.0913575	-0.0961964	-0.0980722	
-0.137146	-0.163951	-0.170649	-0.158572	-0.135162	-0.124675	-0.126816	-0.129847	-0.12621	-0.125631	-0.126062	-0.110912	-0.101064	-0.107403	-0.11237	-0.108678	-0.10353	-0.0991728	-0.100955	-0.103781	-0.101041	-0.10174	-0.0951706	-0.0856723	-0.091982	
-0.12938	-0.154947	-0.168388	-0.167868	-0.150449	-0.134937	-0.126965	-0.121921	-0.119317	-0.124151	-0.130744	-0.119608	-0.104034	-0.106286	-0.11545	-0.113704	-0.108644	-0.103195	-0.0994784	-0.0980833	-0.0944143	-0.102136	-0.104836	-0.0940487	-0.0958699	
-0.117604	-0.140106	-0.153676	-0.16631	-0.162291	-0.150484	-0.135481	-0.121147	-0.119851	-0.125601	-0.132499	-0.127381	-0.115201	-0.106309	-0.10716	-0.110784	-0.109657	-0.108407	-0.103581	-0.0988211	-0.096961	-0.101508	-0.105506	-0.100446	-0.0991572	
-0.113363	-0.129691	-0.141043	-0.157287	-0.169629	-0.164375	-0.148433	-0.124946	-0.120974	-0.126071	-0.127371	-0.127772	-0.126714	-0.117739	-0.10423	-0.102947	-0.108476	-0.112562	-0.109429	-0.10302	-0.101124	-0.10177	-0.102104	-0.100426	-0.101429	
-0.118785	-0.123963	-0.134195	-0.147451	-0.169109	-0.175772	-0.162966	-0.138447	-0.126445	-0.126447	-0.120305	-0.11964	-0.127483	-0.128234	-0.11469	-0.102824	-0.104923	-0.11428	-0.113806	-0.108896	-0.10723	-0.0998226	-0.0967377	-0.100882	-0.102189	
-0.135433	-0.127935	-0.130304	-0.139388	-0.157573	-0.17251	-0.170067	-0.152781	-0.138797	-0.129955	-0.118993	-0.116537	-0.124073	-0.130564	-0.127224	-0.11655	-0.10653	-0.108527	-0.111052	-0.109351	-0.112801	-0.104405	-0.0950926	-0.100884	-0.103794	
-0.163747	-0.142227	-0.134584	-0.134746	-0.146351	-0.157554	-0.16574	-0.164918	-0.155097	-0.141251	-0.124742	-0.121894	-0.125612	-0.127483	-0.128954	-0.12779	-0.116638	-0.104321	-0.101691	-0.104858	-0.114518	-0.114964	-0.107632	-0.106612	-0.102361	
-0.202483	-0.168726	-0.151455	-0.142699	-0.14437	-0.149979	-0.157109	-0.173199	-0.17403	-0.157414	-0.135889	-0.126665	-0.124623	-0.120245	-0.12014	-0.126073	-0.127155	-0.116678	-0.106249	-0.10432	-0.111634	-0.115788	-0.116903	-0.117534	-0.103818	
-0.252126	-0.217199	-0.185288	-0.166082	-0.152756	-0.147167	-0.14722	-0.164344	-0.17752	-0.168124	-0.148111	-0.134677	-0.125404	-0.117376	-0.116749	-0.123102	-0.130908	-0.131106	-0.125416	-0.115815	-0.108146	-0.104716	-0.105522	-0.112774	-0.113005	
