-0.408246	-0.519441	-0.594903	-0.637454	-0.657539	-0.660639	-0.647678	-0.615391	-0.554356	-0.456452	-0.327874	-0.17195	0.00758773	0.19343	0.358268	0.474864	0.532972	0.546836	0.537125	0.504438	0.459583	0.414353	0.385696	0.3636	0.332479	
-0.348958	-0.470018	-0.566633	-0.634446	-0.668455	-0.673766	-0.652947	-0.597364	-0.511776	-0.400532	-0.26393	-0.0962163	0.0992151	0.293393	0.465557	0.594334	0.666018	0.683072	0.666609	0.619872	0.550396	0.464958	0.38196	0.311735	0.240204	
-0.255116	-0.392458	-0.49773	-0.57723	-0.625986	-0.634406	-0.601515	-0.532502	-0.438289	-0.314118	-0.157503	0.0226497	0.216219	0.40327	0.568967	0.696339	0.769173	0.785634	0.759179	0.690441	0.593211	0.472387	0.340141	0.222077	0.10864	
-0.139598	-0.283468	-0.395283	-0.479034	-0.528071	-0.537129	-0.503007	-0.43191	-0.331728	-0.201624	-0.0361217	0.154145	0.350337	0.525773	0.66893	0.782495	0.844589	0.850145	0.802597	0.710697	0.586357	0.429142	0.253456	0.0897388	-0.0529904	
-0.00490194	-0.1459	-0.252381	-0.333069	-0.38339	-0.393888	-0.35736	-0.287384	-0.191757	-0.0664846	0.0991079	0.291187	0.478937	0.639521	0.767619	0.864975	0.902411	0.879615	0.801311	0.678292	0.51871	0.326164	0.114355	-0.0842669	-0.248121	
0.148884	0.00723221	-0.0933	-0.165662	-0.214509	-0.222348	-0.188833	-0.124294	-0.0376854	0.0874469	0.249586	0.431265	0.606578	0.756006	0.871738	0.946817	0.960638	0.905291	0.786621	0.621395	0.417682	0.184539	-0.0567596	-0.280732	-0.460599	
0.310616	0.17363	0.0704953	-0.00247037	-0.0430691	-0.0510042	-0.0218937	0.0368318	0.128611	0.251858	0.407799	0.580844	0.745554	0.890305	0.993989	1.04505	1.02237	0.929484	0.76688	0.557331	0.313605	0.0421177	-0.228715	-0.474695	-0.666522	
0.488339	0.350108	0.240717	0.164385	0.122166	0.115508	0.142907	0.206225	0.302402	0.430375	0.580027	0.742638	0.899756	1.0353	1.12778	1.14705	1.07885	0.937877	0.733482	0.482671	0.206232	-0.0875938	-0.3764	-0.637845	-0.837934	
0.671417	0.519059	0.393117	0.311847	0.265859	0.258167	0.289241	0.355846	0.46366	0.609436	0.764301	0.917119	1.0656	1.18646	1.25516	1.23903	1.12878	0.945304	0.704599	0.41629	0.111266	-0.19202	-0.487245	-0.753323	-0.958106	
0.832568	0.66667	0.52037	0.422082	0.372057	0.363253	0.396878	0.474354	0.603806	0.766421	0.928741	1.0801	1.21847	1.31774	1.34914	1.2973	1.15697	0.946625	0.68226	0.373296	0.0511033	-0.261314	-0.548775	-0.801232	-0.996852	
0.941462	0.762057	0.599465	0.478624	0.413782	0.403506	0.445686	0.544462	0.693904	0.869439	1.04643	1.20112	1.32775	1.40716	1.4091	1.3236	1.16138	0.938479	0.662441	0.351966	0.0336954	-0.267671	-0.538994	-0.76737	-0.941965	
0.992375	0.797429	0.617277	0.479509	0.406649	0.396231	0.442222	0.555243	0.722128	0.914024	1.10669	1.2695	1.38717	1.44562	1.41793	1.30558	1.13319	0.916903	0.65411	0.358788	0.0635573	-0.209713	-0.45563	-0.659374	-0.804875	
1.00337	0.80018	0.607846	0.456184	0.368447	0.353423	0.412381	0.54125	0.720133	0.922468	1.11894	1.28356	1.39219	1.4259	1.37348	1.24786	1.07531	0.873528	0.643658	0.388823	0.133156	-0.101003	-0.31255	-0.487664	-0.60721	
0.992074	0.78699	0.582943	0.418848	0.317962	0.298643	0.370111	0.511074	0.70291	0.912143	1.10329	1.25702	1.35156	1.36527	1.29543	1.16924	1.0061	0.827127	0.632805	0.428243	0.223574	0.0347395	-0.129353	-0.26791	-0.359864	
0.966673	0.760207	0.5567	0.387483	0.276451	0.256689	0.334342	0.4844	0.675726	0.886714	1.07433	1.21065	1.28299	1.28553	1.21371	1.084	0.940051	0.785969	0.623339	0.468798	0.328022	0.194453	0.0777403	-0.0189428	-0.0797014	
0.933557	0.741793	0.541556	0.36656	0.259869	0.241657	0.31388	0.465618	0.661461	0.859783	1.03384	1.15562	1.21008	1.20348	1.13839	1.01961	0.889535	0.761337	0.634773	0.524427	0.43949	0.371315	0.308073	0.254909	0.226047	
0.905663	0.72466	0.532635	0.365377	0.265502	0.246836	0.316635	0.459984	0.648184	0.836173	0.996844	1.10421	1.14769	1.13614	1.07883	0.98411	0.873346	0.769971	0.679973	0.608407	0.567788	0.553939	0.546728	0.540024	0.537608	
0.880667	0.705321	0.527666	0.3808	0.286901	0.268164	0.336489	0.463055	0.632002	0.814105	0.966712	1.06067	1.10243	1.09608	1.04792	0.976079	0.888659	0.809517	0.748137	0.714482	0.712876	0.738421	0.771801	0.805714	0.828495	
0.851019	0.685736	0.518741	0.383429	0.300866	0.28454	0.343097	0.459849	0.616562	0.787785	0.933313	1.02956	1.07988	1.08577	1.05201	0.995831	0.929019	0.873312	0.837389	0.831748	0.860619	0.913045	0.972892	1.03149	1.07226	
0.812743	0.64542	0.483387	0.350056	0.271777	0.256323	0.311589	0.425593	0.578389	0.746994	0.903328	1.01678	1.07469	1.09141	1.07348	1.03397	0.984826	0.949353	0.936755	0.952038	0.999226	1.07395	1.15331	1.22217	1.26292	
0.7645	0.580908	0.402733	0.255328	0.169519	0.155669	0.212551	0.338066	0.50779	0.691923	0.866291	1.00017	1.07773	1.10961	1.10292	1.07385	1.04115	1.02385	1.03163	1.07208	1.13606	1.21622	1.30031	1.36581	1.39125	
0.689656	0.476666	0.269347	0.0924347	-0.0138892	-0.0319476	0.0401203	0.192181	0.392222	0.605819	0.807001	0.965379	1.06374	1.11223	1.11894	1.09742	1.07898	1.07592	1.09869	1.15537	1.23378	1.31443	1.39037	1.44002	1.43708	
0.559643	0.306465	0.0537171	-0.156634	-0.283359	-0.306707	-0.218449	-0.0382362	0.203149	0.4602	0.698322	0.888938	1.01689	1.0784	1.09514	1.08954	1.08468	1.09504	1.12894	1.18685	1.25959	1.33939	1.40087	1.4239	1.39396	
0.35366	0.0487403	-0.255614	-0.50418	-0.660005	-0.690618	-0.578857	-0.363902	-0.0767893	0.234949	0.517348	0.742827	0.903359	0.993181	1.0295	1.04416	1.05024	1.06963	1.10825	1.16134	1.22312	1.28297	1.32651	1.33398	1.28816	
0.0596553	-0.296425	-0.656732	-0.953807	-1.13815	-1.17017	-1.04357	-0.786636	-0.443752	-0.0781	0.252034	0.524208	0.724533	0.846629	0.909894	0.945825	0.967267	0.997904	1.03239	1.0725	1.11848	1.15788	1.18478	1.18744	1.14512	
-0.307278	-0.720802	-1.13163	-1.47048	-1.67323	-1.70617	-1.57123	-1.27936	-0.889099	-0.469557	-0.0795755	0.246506	0.488057	0.644786	0.73988	0.795145	0.836328	0.870251	0.895744	0.921391	0.953495	0.983298	1.00105	0.999872	0.968581	
-0.720802	-1.18532	-1.63361	-2.00145	-2.22123	-2.2584	-2.11032	-1.79462	-1.37006	-0.904943	-0.458239	-0.0786899	0.213616	0.41811	0.545856	0.621559	0.6734	0.698171	0.716691	0.735248	0.75171	0.776658	0.796691	0.801363	0.781627	
-1.13163	-1.63361	-2.11	-2.49532	-2.72497	-2.76291	-2.60902	-2.2792	-1.83019	-1.332	-0.839977	-0.405409	-0.0586094	0.193994	0.358286	0.455631	0.509828	0.525046	0.530267	0.537221	0.54974	0.572267	0.598807	0.616055	0.61191	
-1.47048	-2.00145	-2.49532	-2.88664	-3.11693	-3.15482	-3.00048	-2.6683	-2.20688	-1.68371	-1.15579	-0.672481	-0.282954	0.00341516	0.199304	0.31949	0.376225	0.384194	0.371598	0.362869	0.377381	0.405093	0.442013	0.472462	0.483769	
-1.67323	-2.22123	-2.72497	-3.11693	-3.3548	-3.39516	-3.23377	-2.89729	-2.43229	-1.89385	-1.34723	-0.841734	-0.420402	-0.110713	0.106696	0.239963	0.296703	0.295144	0.272669	0.260004	0.266352	0.298904	0.348891	0.394082	0.415141	
-1.70617	-2.2584	-2.76291	-3.15482	-3.39516	-3.43722	-3.27205	-2.93502	-2.47038	-1.92793	-1.37948	-0.873507	-0.44719	-0.130015	0.0916157	0.225335	0.281202	0.277156	0.253545	0.241618	0.247801	0.278459	0.331996	0.382534	0.404722	
-1.57123	-2.11032	-2.60902	-3.00048	-3.23377	-3.27205	-3.1154	-2.78211	-2.31833	-1.78797	-1.25016	-0.753897	-0.348846	-0.0527549	0.15305	0.28018	0.337064	0.341885	0.324144	0.312172	0.323342	0.354392	0.395962	0.432745	0.448693	
-1.27936	-1.79462	-2.2792	-2.6683	-2.89729	-2.93502	-2.78211	-2.45049	-1.99514	-1.4856	-0.977919	-0.521526	-0.156995	0.110696	0.288993	0.396429	0.451562	0.463227	0.461149	0.461381	0.475914	0.499761	0.530187	0.551642	0.554133	
-0.889099	-1.37006	-1.83019	-2.20688	-2.43229	-2.47038	-2.31833	-1.99514	-1.55949	-1.08023	-0.614243	-0.21297	0.101523	0.327331	0.469197	0.552963	0.606055	0.626413	0.641375	0.656667	0.668841	0.691842	0.714695	0.724056	0.71058	
-0.469557	-0.904943	-1.332	-1.68371	-1.89385	-1.92793	-1.78797	-1.4856	-1.08023	-0.641179	-0.226683	0.12037	0.380758	0.555608	0.663431	0.72628	0.773551	0.80493	0.827279	0.849887	0.875421	0.902954	0.9202	0.920031	0.89359	
-0.0795755	-0.458239	-0.839977	-1.15579	-1.34723	-1.37948	-1.25016	-0.977919	-0.614243	-0.226683	0.126123	0.420583	0.636112	0.770827	0.846329	0.890834	0.920709	0.953855	0.984546	1.01782	1.05889	1.09319	1.11555	1.116	1.07762	
0.246506	-0.0786899	-0.405409	-0.672481	-0.841734	-0.873507	-0.753897	-0.521526	-0.21297	0.12037	0.420583	0.662983	0.839617	0.942349	0.989097	1.01211	1.02246	1.04652	1.08512	1.1345	1.18882	1.24033	1.2766	1.28138	1.23516	
0.488057	0.213616	-0.0586094	-0.282954	-0.420402	-0.44719	-0.348846	-0.156995	0.101523	0.380758	0.636112	0.839617	0.979792	1.05168	1.07387	1.07636	1.07638	1.0906	1.12715	1.18344	1.25312	1.32588	1.38083	1.39589	1.3575	
0.644786	0.41811	0.193994	0.00341516	-0.110713	-0.130015	-0.0527549	0.110696	0.327331	0.555608	0.770827	0.942349	1.05168	1.10359	1.11471	1.09885	1.08622	1.08882	1.1165	1.17403	1.25149	1.33516	1.40546	1.44386	1.42933	
0.73988	0.545856	0.358286	0.199304	0.106696	0.0916157	0.15305	0.288993	0.469197	0.663431	0.846329	0.989097	1.07387	1.11471	1.11281	1.08555	1.05857	1.0468	1.06198	1.11152	1.18319	1.26157	1.34502	1.40551	1.4204	
0.795145	0.621559	0.455631	0.31949	0.239963	0.225335	0.28018	0.396429	0.552963	0.72628	0.890834	1.01211	1.07636	1.09885	1.08555	1.05092	1.00921	0.981711	0.977077	1.00238	1.05484	1.13463	1.2176	1.28665	1.32257	
0.836328	0.6734	0.509828	0.376225	0.296703	0.281202	0.337064	0.451562	0.606055	0.773551	0.920709	1.02246	1.07638	1.08622	1.05857	1.00921	0.949439	0.902273	0.87587	0.879018	0.916406	0.97957	1.04796	1.11214	1.15485	
0.870251	0.698171	0.525046	0.384194	0.295144	0.277156	0.341885	0.463227	0.626413	0.80493	0.953855	1.04652	1.0906	1.08882	1.0468	0.981711	0.902273	0.832435	0.782448	0.760768	0.772738	0.80969	0.854633	0.901094	0.932501	
0.895744	0.716691	0.530267	0.371598	0.272669	0.253545	0.324144	0.461149	0.641375	0.827279	0.984546	1.08512	1.12715	1.1165	1.06198	0.977077	0.87587	0.782448	0.704628	0.648905	0.624448	0.627815	0.639119	0.650436	0.658608	
0.921391	0.735248	0.537221	0.362869	0.260004	0.241618	0.312172	0.461381	0.656667	0.849887	1.01782	1.1345	1.18344	1.17403	1.11152	1.00238	0.879018	0.760768	0.648905	0.554162	0.488553	0.444058	0.404147	0.369042	0.350903	
0.953495	0.75171	0.54974	0.377381	0.266352	0.247801	0.323342	0.475914	0.668841	0.875421	1.05889	1.18882	1.25312	1.25149	1.18319	1.05484	0.916406	0.772738	0.624448	0.488553	0.371167	0.264387	0.166823	0.0878338	0.0406086	
0.983298	0.776658	0.572267	0.405093	0.298904	0.278459	0.354392	0.499761	0.691842	0.902954	1.09319	1.24033	1.32588	1.33516	1.26157	1.13463	0.97957	0.80969	0.627815	0.444058	0.264387	0.0952639	-0.0487163	-0.171047	-0.251276	
1.00105	0.796691	0.598807	0.442013	0.348891	0.331996	0.395962	0.530187	0.714695	0.9202	1.11555	1.2766	1.38083	1.40546	1.34502	1.2176	1.04796	0.854633	0.639119	0.404147	0.166823	-0.0487163	-0.242908	-0.404515	-0.513782	
0.999872	0.801363	0.616055	0.472462	0.394082	0.382534	0.432745	0.551642	0.724056	0.920031	1.116	1.28138	1.39589	1.44386	1.40551	1.28665	1.11214	0.901094	0.650436	0.369042	0.0878338	-0.171047	-0.404515	-0.597265	-0.732231	
0.968581	0.781627	0.61191	0.483769	0.415141	0.404722	0.448693	0.554133	0.71058	0.89359	1.07762	1.23516	1.3575	1.42933	1.4204	1.32257	1.15485	0.932501	0.658608	0.350903	0.0406086	-0.251276	-0.513782	-0.732231	-0.896005	
