1.04405	1.11833	1.16233	1.16124	1.11714	1.03228	0.917642	0.784094	0.642068	0.494592	0.344545	0.20715	0.100661	0.055747	0.0849952	0.171287	0.289338	0.41138	0.505396	0.562491	0.595835	0.602333	0.570947	0.514844	0.434325	
1.11833	1.19629	1.24953	1.25641	1.22412	1.15429	1.0494	0.922394	0.784698	0.642373	0.487068	0.334437	0.206403	0.129419	0.118787	0.168116	0.255327	0.353587	0.437208	0.491258	0.527954	0.535982	0.509541	0.462938	0.406444	
1.16233	1.24953	1.3097	1.32273	1.29345	1.23113	1.133	1.01345	0.888161	0.753696	0.594653	0.421423	0.27125	0.167734	0.123316	0.131568	0.181675	0.253151	0.327336	0.386745	0.430001	0.448074	0.438746	0.412501	0.376229	
1.16124	1.25641	1.32273	1.34593	1.31771	1.26049	1.17105	1.06432	0.953861	0.829595	0.674372	0.498195	0.334089	0.205474	0.118702	0.0804223	0.0883453	0.130678	0.183896	0.242197	0.296782	0.339965	0.365925	0.366883	0.352601	
1.11714	1.22412	1.29345	1.31771	1.29721	1.24398	1.16755	1.07861	0.983472	0.878544	0.742389	0.575285	0.405199	0.247268	0.114079	0.0250805	-0.0109649	-0.00685363	0.0190178	0.0712941	0.140297	0.214537	0.272925	0.308722	0.319822	
1.03228	1.15429	1.23113	1.26049	1.24398	1.20032	1.14522	1.07135	0.98648	0.900451	0.7939	0.645761	0.467662	0.284915	0.113954	-0.0173984	-0.103528	-0.146953	-0.148669	-0.107608	-0.03313	0.0624779	0.151675	0.226831	0.27479	
0.917642	1.0494	1.133	1.17105	1.16755	1.14522	1.10572	1.04517	0.976454	0.909737	0.828418	0.699751	0.518397	0.318243	0.118303	-0.0538438	-0.185286	-0.270277	-0.300344	-0.278998	-0.208957	-0.102235	0.0165608	0.125639	0.215735	
0.784094	0.922394	1.01345	1.06432	1.07861	1.07135	1.04517	0.998466	0.943586	0.892749	0.828614	0.718846	0.552376	0.344669	0.126424	-0.079153	-0.250755	-0.373215	-0.436062	-0.43551	-0.373813	-0.260643	-0.121439	0.0164677	0.15151	
0.642068	0.784698	0.888161	0.953861	0.983472	0.98648	0.976454	0.943586	0.895831	0.853321	0.803382	0.717484	0.568024	0.361743	0.137543	-0.0827204	-0.285089	-0.441938	-0.534939	-0.555881	-0.506976	-0.40144	-0.254724	-0.0927319	0.0789615	
0.494592	0.642373	0.753696	0.829595	0.878544	0.900451	0.909737	0.892749	0.853321	0.813811	0.773772	0.69824	0.558991	0.360828	0.141364	-0.0825205	-0.294904	-0.469154	-0.581254	-0.626642	-0.600919	-0.507389	-0.363086	-0.184282	0.0113079	
0.344545	0.487068	0.594653	0.674372	0.742389	0.7939	0.828418	0.828614	0.803382	0.773772	0.740388	0.661447	0.525617	0.346742	0.136343	-0.0855879	-0.292496	-0.464421	-0.581973	-0.645281	-0.63813	-0.55686	-0.419097	-0.237675	-0.031968	
0.20715	0.334437	0.421423	0.498195	0.575285	0.645761	0.699751	0.718846	0.717484	0.69824	0.661447	0.582218	0.462476	0.305657	0.115565	-0.0889438	-0.274178	-0.42643	-0.542324	-0.610943	-0.61007	-0.541466	-0.416491	-0.247149	-0.0577455	
0.100661	0.206403	0.27125	0.334089	0.405199	0.467662	0.518397	0.552376	0.568024	0.558991	0.525617	0.462476	0.368573	0.240953	0.0818775	-0.0840691	-0.235417	-0.361124	-0.464752	-0.529081	-0.531399	-0.473467	-0.36593	-0.229359	-0.0728701	
0.055747	0.129419	0.167734	0.205474	0.247268	0.284915	0.318243	0.344669	0.361743	0.360828	0.346742	0.305657	0.240953	0.149887	0.039938	-0.0791232	-0.195613	-0.293729	-0.372946	-0.427572	-0.431055	-0.382151	-0.299941	-0.193537	-0.0666649	
0.0849952	0.118787	0.123316	0.118702	0.114079	0.113954	0.118303	0.126424	0.137543	0.141364	0.136343	0.115565	0.0818775	0.039938	-0.0235426	-0.0956037	-0.17347	-0.239864	-0.290669	-0.329967	-0.330612	-0.296091	-0.240279	-0.159493	-0.0512363	
0.171287	0.168116	0.131568	0.0804223	0.0250805	-0.0173984	-0.0538438	-0.079153	-0.0827204	-0.0825205	-0.0855879	-0.0889438	-0.0840691	-0.0791232	-0.0956037	-0.126056	-0.165464	-0.207521	-0.241789	-0.264249	-0.261566	-0.237233	-0.198397	-0.135413	-0.0400646	
0.289338	0.255327	0.181675	0.0883453	-0.0109649	-0.103528	-0.185286	-0.250755	-0.285089	-0.294904	-0.292496	-0.274178	-0.235417	-0.195613	-0.17347	-0.165464	-0.176688	-0.202993	-0.224511	-0.232604	-0.222329	-0.204394	-0.176218	-0.123263	-0.0329361	
0.41138	0.353587	0.253151	0.130678	-0.00685363	-0.146953	-0.270277	-0.373215	-0.441938	-0.469154	-0.464421	-0.42643	-0.361124	-0.293729	-0.239864	-0.207521	-0.202993	-0.21338	-0.22109	-0.215194	-0.198303	-0.183944	-0.163573	-0.113738	-0.0264285	
0.505396	0.437208	0.327336	0.183896	0.0190178	-0.148669	-0.300344	-0.436062	-0.534939	-0.581254	-0.581973	-0.542324	-0.464752	-0.372946	-0.290669	-0.241789	-0.224511	-0.22109	-0.215715	-0.202471	-0.185105	-0.166796	-0.145516	-0.0984555	-0.0208377	
0.562491	0.491258	0.386745	0.242197	0.0712941	-0.107608	-0.278998	-0.43551	-0.555881	-0.626642	-0.645281	-0.610943	-0.529081	-0.427572	-0.329967	-0.264249	-0.232604	-0.215194	-0.202471	-0.191909	-0.175518	-0.153654	-0.131523	-0.0940371	-0.0371639	
0.595835	0.527954	0.430001	0.296782	0.140297	-0.03313	-0.208957	-0.373813	-0.506976	-0.600919	-0.63813	-0.61007	-0.531399	-0.431055	-0.330612	-0.261566	-0.222329	-0.198303	-0.185105	-0.175518	-0.169301	-0.157015	-0.145175	-0.126342	-0.0943224	
0.602333	0.535982	0.448074	0.339965	0.214537	0.0624779	-0.102235	-0.260643	-0.40144	-0.507389	-0.55686	-0.541466	-0.473467	-0.382151	-0.296091	-0.237233	-0.204394	-0.183944	-0.166796	-0.153654	-0.157015	-0.169059	-0.180623	-0.189748	-0.19269	
0.570947	0.509541	0.438746	0.365925	0.272925	0.151675	0.0165608	-0.121439	-0.254724	-0.363086	-0.419097	-0.416491	-0.36593	-0.299941	-0.240279	-0.198397	-0.176218	-0.163573	-0.145516	-0.131523	-0.145175	-0.180623	-0.219881	-0.262159	-0.303689	
0.514844	0.462938	0.412501	0.366883	0.308722	0.226831	0.125639	0.0164677	-0.0927319	-0.184282	-0.237675	-0.247149	-0.229359	-0.193537	-0.159493	-0.135413	-0.123263	-0.113738	-0.0984555	-0.0940371	-0.126342	-0.189748	-0.262159	-0.34028	-0.412601	
0.434325	0.406444	0.376229	0.352601	0.319822	0.27479	0.215735	0.15151	0.0789615	0.0113079	-0.031968	-0.0577455	-0.0728701	-0.0666649	-0.0512363	-0.0400646	-0.0329361	-0.0264285	-0.0208377	-0.0371639	-0.0943224	-0.19269	-0.303689	-0.412601	-0.507456	
0.335101	0.330253	0.321775	0.316381	0.312998	0.305497	0.290008	0.271629	0.239127	0.201477	0.16875	0.134052	0.0974188	0.0845493	0.0825195	0.0825326	0.0866211	0.0866963	0.0743626	0.0373254	-0.0431331	-0.175242	-0.320578	-0.459279	-0.590198	
0.227344	0.237382	0.245334	0.261258	0.287297	0.32043	0.346105	0.361136	0.365223	0.359261	0.339467	0.309647	0.275314	0.252307	0.235449	0.224445	0.219908	0.206432	0.177423	0.123409	0.0194923	-0.133126	-0.303332	-0.479375	-0.660389	
0.112532	0.130207	0.157273	0.195518	0.250519	0.319525	0.380003	0.427478	0.45895	0.471833	0.463865	0.452267	0.437894	0.415197	0.389149	0.369046	0.349824	0.321181	0.28089	0.209548	0.0878543	-0.077222	-0.266736	-0.481718	-0.716789	
0.00766315	0.0281607	0.0691531	0.130569	0.210457	0.304985	0.395083	0.467974	0.521802	0.549101	0.551826	0.55534	0.556617	0.542956	0.517923	0.487429	0.458665	0.42468	0.369963	0.282005	0.144783	-0.029582	-0.234825	-0.474835	-0.749391	
-0.0584357	-0.0370256	0.0114841	0.0867449	0.181	0.286191	0.392312	0.483534	0.54864	0.587286	0.603822	0.61632	0.624662	0.618647	0.592914	0.554317	0.528478	0.497428	0.429172	0.32599	0.180828	-0.00263267	-0.219592	-0.468495	-0.76286	
-0.069579	-0.0484668	0.00163394	0.0801823	0.175198	0.280385	0.389328	0.486255	0.552624	0.59234	0.612895	0.627032	0.637627	0.63279	0.60493	0.565726	0.54139	0.511312	0.440106	0.332999	0.187732	0.00186494	-0.217512	-0.467634	-0.764859	
-0.024638	-0.00333646	0.0412861	0.109382	0.196642	0.297286	0.395956	0.476426	0.536192	0.568862	0.577299	0.584616	0.58962	0.580068	0.555837	0.52079	0.492436	0.459153	0.397856	0.303536	0.162363	-0.015729	-0.226572	-0.471822	-0.756744	
0.0681042	0.0865522	0.120146	0.168332	0.234797	0.315245	0.388465	0.447097	0.488057	0.507004	0.502831	0.498722	0.491653	0.471906	0.445193	0.421457	0.396751	0.364351	0.318915	0.241022	0.112716	-0.0558534	-0.252249	-0.479765	-0.732851	
0.181392	0.196276	0.211342	0.235589	0.272882	0.321194	0.361544	0.390581	0.407224	0.408748	0.394795	0.371458	0.344632	0.31929	0.297513	0.28328	0.273625	0.253161	0.219451	0.158708	0.0470897	-0.111536	-0.289804	-0.482081	-0.685322	
0.293176	0.29493	0.293129	0.295887	0.305555	0.314552	0.315267	0.310417	0.293683	0.270389	0.241982	0.206636	0.167569	0.150806	0.142377	0.137613	0.139173	0.134851	0.114949	0.0706496	-0.0193068	-0.161404	-0.317506	-0.469832	-0.619587	
0.395889	0.378753	0.357526	0.34115	0.318746	0.287873	0.247221	0.202876	0.146221	0.0896642	0.0509049	0.0197721	-0.00611204	-0.00866499	-0.00051355	0.00569692	0.0123668	0.0172559	0.0159925	-0.00931501	-0.0762359	-0.18863	-0.31443	-0.434864	-0.542027	
0.485913	0.441832	0.399108	0.362967	0.315774	0.250109	0.163815	0.0707034	-0.0245067	-0.107629	-0.156907	-0.172839	-0.169168	-0.145398	-0.119255	-0.101169	-0.0920112	-0.0833588	-0.0703287	-0.0737338	-0.115542	-0.192712	-0.279724	-0.370966	-0.452261	
0.55092	0.491874	0.429462	0.369141	0.289976	0.183816	0.0624137	-0.0656492	-0.190882	-0.29379	-0.350865	-0.352759	-0.314254	-0.259893	-0.211053	-0.176483	-0.158908	-0.147967	-0.130503	-0.118564	-0.13925	-0.184806	-0.236215	-0.292989	-0.34815	
0.594008	0.528918	0.447613	0.353317	0.240215	0.100165	-0.0551652	-0.20624	-0.345781	-0.45553	-0.508137	-0.497977	-0.435628	-0.352461	-0.276951	-0.22445	-0.1948	-0.17765	-0.159678	-0.145595	-0.152045	-0.173926	-0.196396	-0.218153	-0.23696	
0.602744	0.535667	0.440209	0.315939	0.170655	0.00426274	-0.169181	-0.333813	-0.471072	-0.570847	-0.613375	-0.590257	-0.514701	-0.41614	-0.319471	-0.253087	-0.21566	-0.192079	-0.177754	-0.167161	-0.165049	-0.161774	-0.158292	-0.14944	-0.129627	
0.577402	0.507774	0.406844	0.264865	0.0972127	-0.0813226	-0.25634	-0.417834	-0.544084	-0.624823	-0.652092	-0.619146	-0.538243	-0.43627	-0.335518	-0.266418	-0.230508	-0.209259	-0.196257	-0.186151	-0.172587	-0.152705	-0.133128	-0.102295	-0.0547657	
0.531709	0.461301	0.35259	0.207338	0.0365424	-0.137162	-0.298079	-0.443413	-0.551618	-0.607963	-0.613991	-0.576786	-0.496513	-0.398895	-0.309307	-0.252918	-0.229567	-0.220501	-0.211415	-0.198662	-0.180968	-0.1601	-0.137573	-0.0936543	-0.0232188	
0.453976	0.390641	0.284057	0.150987	0.00117502	-0.152143	-0.288535	-0.406472	-0.488287	-0.522341	-0.517892	-0.47753	-0.405839	-0.327407	-0.261191	-0.222766	-0.213541	-0.217268	-0.219255	-0.209476	-0.191748	-0.177231	-0.157414	-0.107772	-0.0234824	
0.338955	0.294449	0.209	0.102867	-0.0128942	-0.126328	-0.225952	-0.305981	-0.3539	-0.370407	-0.366704	-0.339076	-0.288601	-0.236905	-0.202438	-0.182378	-0.186148	-0.20634	-0.222037	-0.224651	-0.211129	-0.195663	-0.171353	-0.119999	-0.0298678	
0.215673	0.200297	0.147495	0.0778044	0.00455739	-0.0567877	-0.111038	-0.153241	-0.167444	-0.170505	-0.171425	-0.167501	-0.147383	-0.127505	-0.126784	-0.141093	-0.167209	-0.202961	-0.232296	-0.248562	-0.243573	-0.221465	-0.187178	-0.128874	-0.0374056	
0.114677	0.13215	0.120906	0.0976283	0.0716962	0.0552554	0.0448063	0.0415761	0.0483869	0.0521461	0.0472106	0.0340628	0.0153136	-0.00648917	-0.0512547	-0.106801	-0.16879	-0.223617	-0.266298	-0.298869	-0.298471	-0.269198	-0.220536	-0.148764	-0.0461666	
0.0580398	0.116726	0.143112	0.165737	0.190668	0.213406	0.236454	0.257946	0.272714	0.273544	0.265192	0.232621	0.179714	0.107677	0.0168321	-0.0831389	-0.184554	-0.270278	-0.337408	-0.386006	-0.388971	-0.345662	-0.27492	-0.178964	-0.0600466	
0.0744333	0.168837	0.223057	0.27743	0.339974	0.394953	0.438855	0.471625	0.490532	0.484963	0.45942	0.404687	0.321538	0.207169	0.0670756	-0.0807097	-0.217705	-0.3333	-0.428332	-0.489612	-0.492501	-0.437946	-0.340268	-0.216283	-0.072835	
0.158862	0.278228	0.35681	0.42972	0.506389	0.575404	0.631788	0.659029	0.665826	0.651364	0.613035	0.538983	0.429138	0.282903	0.103035	-0.0878396	-0.260787	-0.401888	-0.514923	-0.583049	-0.583346	-0.519057	-0.400151	-0.242508	-0.066013	
0.287179	0.424769	0.525294	0.604622	0.677967	0.740785	0.784342	0.791078	0.775262	0.749651	0.71566	0.634993	0.503349	0.33371	0.130451	-0.0880952	-0.287604	-0.453772	-0.571241	-0.637299	-0.6349	-0.558241	-0.424728	-0.246203	-0.043324	
