-0.364616	-0.330145	-0.304415	-0.284632	-0.28109	-0.281142	-0.281245	-0.295456	-0.318481	-0.351672	-0.383302	-0.42356	-0.473614	-0.521322	-0.547279	-0.542482	-0.52123	-0.476751	-0.404778	-0.296468	-0.168673	-0.039066	0.0835979	0.188357	0.271033	
-0.390063	-0.339291	-0.290191	-0.255624	-0.241549	-0.239313	-0.24758	-0.274196	-0.318418	-0.371043	-0.417158	-0.4616	-0.505239	-0.536952	-0.544377	-0.524183	-0.488014	-0.438915	-0.364861	-0.256346	-0.120749	0.0192154	0.145401	0.24046	0.300538	
-0.416402	-0.352685	-0.290583	-0.246049	-0.224606	-0.221949	-0.234746	-0.269556	-0.32716	-0.391509	-0.449719	-0.495392	-0.526155	-0.538671	-0.525211	-0.490612	-0.44131	-0.380265	-0.301519	-0.191608	-0.0587957	0.078292	0.19895	0.277679	0.309228	
-0.449825	-0.377829	-0.306531	-0.251801	-0.22273	-0.218515	-0.237265	-0.281741	-0.348933	-0.421593	-0.488244	-0.532243	-0.548826	-0.537759	-0.499435	-0.444699	-0.376678	-0.299855	-0.211243	-0.104016	0.0174541	0.138685	0.243548	0.30975	0.317298	
-0.480956	-0.416119	-0.345744	-0.290112	-0.25573	-0.248882	-0.274138	-0.320855	-0.387423	-0.456246	-0.514488	-0.551389	-0.553208	-0.521105	-0.46402	-0.386442	-0.297518	-0.204332	-0.103386	-5.75744e-05	0.103868	0.201204	0.281563	0.330203	0.321906	
-0.507419	-0.459605	-0.407883	-0.355907	-0.322224	-0.316944	-0.33937	-0.386532	-0.438974	-0.489426	-0.527931	-0.5431	-0.532224	-0.485646	-0.413755	-0.318553	-0.207499	-0.0960394	0.0128421	0.113381	0.1983	0.268187	0.323473	0.346823	0.324254	
-0.52597	-0.50205	-0.469273	-0.427021	-0.398968	-0.394662	-0.413186	-0.452713	-0.490071	-0.518392	-0.530757	-0.522211	-0.495118	-0.439916	-0.35623	-0.24407	-0.111284	0.0200665	0.1352	0.227389	0.290188	0.330875	0.355446	0.355102	0.314266	
-0.527222	-0.529705	-0.517886	-0.494392	-0.480146	-0.477564	-0.486913	-0.509091	-0.52571	-0.531337	-0.513924	-0.480768	-0.436933	-0.373599	-0.287398	-0.164688	-0.0209917	0.120216	0.238396	0.314084	0.352356	0.363518	0.360013	0.338661	0.288044	
-0.508131	-0.53758	-0.549277	-0.553863	-0.56034	-0.562238	-0.556408	-0.551401	-0.543908	-0.52304	-0.479108	-0.419537	-0.357607	-0.288641	-0.200583	-0.0854004	0.0526302	0.187518	0.294477	0.357078	0.373599	0.364617	0.346322	0.315742	0.267298	
-0.480986	-0.533322	-0.566361	-0.600263	-0.629608	-0.636125	-0.613694	-0.578523	-0.548378	-0.504181	-0.43949	-0.359827	-0.279334	-0.202111	-0.110216	-0.00369732	0.117048	0.234414	0.325461	0.37417	0.37831	0.356257	0.32714	0.297364	0.257473	
-0.450968	-0.527063	-0.584255	-0.645375	-0.697872	-0.708056	-0.669562	-0.607674	-0.550974	-0.483834	-0.396795	-0.295529	-0.198102	-0.105389	-0.00851724	0.0893249	0.186954	0.272374	0.341359	0.372634	0.370527	0.345677	0.30916	0.28499	0.261683	
-0.425192	-0.529152	-0.609379	-0.695045	-0.76149	-0.774577	-0.726745	-0.642367	-0.563494	-0.469179	-0.353843	-0.227957	-0.106279	0.00505654	0.113074	0.204301	0.27616	0.324842	0.355698	0.366598	0.355532	0.330402	0.298999	0.279777	0.275074	
-0.395477	-0.527877	-0.633576	-0.731801	-0.806121	-0.820771	-0.766588	-0.673092	-0.572856	-0.450784	-0.307149	-0.152687	-0.0107554	0.116578	0.232073	0.316322	0.36671	0.38193	0.379426	0.365798	0.348005	0.3263	0.298455	0.288857	0.294248	
-0.358909	-0.508452	-0.627139	-0.725219	-0.795418	-0.808774	-0.758394	-0.668761	-0.559317	-0.422581	-0.257704	-0.0863308	0.0673547	0.203087	0.315427	0.392616	0.426944	0.421964	0.398958	0.371014	0.351462	0.335286	0.31739	0.314683	0.325148	
-0.310383	-0.463528	-0.581434	-0.669889	-0.726725	-0.737401	-0.697063	-0.620102	-0.514766	-0.3758	-0.205755	-0.0324064	0.123346	0.256174	0.359334	0.426057	0.449291	0.437284	0.407291	0.37801	0.359639	0.349236	0.341497	0.342785	0.357263	
-0.244921	-0.393801	-0.508992	-0.586128	-0.631071	-0.639125	-0.607759	-0.544245	-0.444036	-0.307963	-0.145425	0.0206782	0.169054	0.291921	0.383727	0.435698	0.449726	0.437251	0.408441	0.384469	0.37236	0.364164	0.358457	0.360939	0.370529	
-0.166841	-0.30301	-0.412477	-0.482641	-0.51759	-0.523276	-0.500139	-0.445667	-0.3503	-0.224293	-0.0770365	0.0679191	0.200912	0.312746	0.389819	0.433493	0.441932	0.431611	0.41309	0.399337	0.396063	0.39119	0.381101	0.36725	0.359944	
-0.0762396	-0.192534	-0.290416	-0.354285	-0.381368	-0.384778	-0.368755	-0.320574	-0.234483	-0.12369	-0.00625144	0.105435	0.214288	0.307597	0.378268	0.419489	0.433148	0.434772	0.42695	0.425191	0.427394	0.421033	0.397444	0.356605	0.316299	
0.0239072	-0.0627315	-0.143729	-0.198415	-0.217062	-0.218959	-0.209496	-0.169961	-0.0971801	-0.00969441	0.069954	0.14071	0.215002	0.28645	0.348128	0.391118	0.41669	0.432423	0.437603	0.443931	0.449461	0.438924	0.401819	0.33089	0.250257	
0.132029	0.0798846	0.0202966	-0.0186639	-0.0284316	-0.0282916	-0.0253006	0.000824044	0.0555871	0.113562	0.153076	0.180031	0.215829	0.260621	0.307625	0.352797	0.38968	0.418702	0.436726	0.443577	0.443803	0.427837	0.374622	0.279989	0.169933	
0.241024	0.225063	0.196849	0.178977	0.183443	0.186166	0.17881	0.187274	0.213751	0.238158	0.237715	0.225164	0.225638	0.24112	0.27197	0.310076	0.351882	0.389485	0.408978	0.412581	0.400542	0.370727	0.308812	0.201532	0.0767002	
0.35069	0.371989	0.375198	0.384775	0.403573	0.408339	0.392283	0.376981	0.374011	0.362405	0.327335	0.284097	0.252055	0.240786	0.245207	0.266069	0.298783	0.329408	0.347333	0.340732	0.315766	0.275077	0.204734	0.0971389	-0.023076	
0.455117	0.512397	0.551044	0.591919	0.625932	0.633183	0.607537	0.566606	0.529112	0.480349	0.414138	0.345985	0.291076	0.25505	0.234216	0.230482	0.23934	0.252019	0.254073	0.234423	0.197138	0.148534	0.077841	-0.019358	-0.121992	
0.561119	0.646917	0.718073	0.78147	0.827997	0.836863	0.803375	0.744039	0.676759	0.596852	0.507467	0.421537	0.347303	0.289796	0.240474	0.203113	0.178423	0.157965	0.134993	0.100212	0.0532999	0.000580494	-0.0620191	-0.144426	-0.226181	
0.670282	0.777122	0.867866	0.948598	0.998576	1.00753	0.973476	0.901672	0.815497	0.713573	0.607268	0.508854	0.419004	0.340201	0.26286	0.190878	0.124096	0.062458	0.00544018	-0.054215	-0.112851	-0.166692	-0.222039	-0.280799	-0.335919	
0.784626	0.902416	1.00599	1.08967	1.13815	1.14626	1.11398	1.04254	0.946116	0.832112	0.715513	0.604129	0.497173	0.392931	0.285112	0.175807	0.0666497	-0.0370699	-0.131976	-0.215028	-0.286119	-0.341709	-0.381794	-0.414606	-0.440706	
0.902416	1.02487	1.13148	1.20827	1.24848	1.25489	1.22884	1.16626	1.07042	0.952128	0.827314	0.699968	0.566584	0.428977	0.284462	0.137609	-0.00603343	-0.142734	-0.261385	-0.359899	-0.438357	-0.493892	-0.523126	-0.529893	-0.527491	
1.00599	1.13148	1.23548	1.3048	1.3345	1.33848	1.32082	1.26838	1.17644	1.0579	0.924764	0.779618	0.620018	0.445709	0.267839	0.0905708	-0.0803396	-0.234247	-0.367045	-0.47319	-0.555271	-0.612733	-0.635903	-0.62081	-0.592554	
1.08967	1.20827	1.3048	1.357	1.37567	1.37759	1.36734	1.33149	1.25063	1.13961	1.00769	0.851976	0.670272	0.468094	0.260767	0.0582644	-0.128457	-0.295606	-0.43489	-0.546778	-0.638762	-0.707833	-0.735522	-0.712625	-0.66534	
1.13815	1.24848	1.3345	1.37567	1.38489	1.38513	1.38156	1.35696	1.28666	1.18527	1.05793	0.900389	0.710539	0.492804	0.270866	0.054476	-0.1443	-0.318973	-0.466545	-0.587588	-0.690608	-0.772935	-0.81027	-0.783649	-0.72408	
1.14626	1.25489	1.33848	1.37759	1.38513	1.38473	1.38273	1.36013	1.292	1.19285	1.06679	0.909377	0.718698	0.498675	0.27413	0.0557674	-0.145576	-0.321849	-0.471197	-0.594673	-0.700259	-0.785502	-0.824614	-0.797789	-0.735654	
1.11398	1.22884	1.32082	1.36734	1.38156	1.38273	1.3756	1.34519	1.26955	1.16257	1.03253	0.875665	0.688583	0.479005	0.263759	0.0539738	-0.137726	-0.308902	-0.451132	-0.566773	-0.663641	-0.738716	-0.770472	-0.745865	-0.692924	
1.04254	1.16626	1.26838	1.33149	1.35696	1.36013	1.34519	1.29923	1.21041	1.09401	0.960231	0.809124	0.640292	0.452994	0.262517	0.074763	-0.10432	-0.26318	-0.399179	-0.507708	-0.592433	-0.653521	-0.676841	-0.656649	-0.619984	
0.946116	1.07042	1.17644	1.25063	1.28666	1.292	1.26955	1.21041	1.1161	0.996821	0.868224	0.733814	0.588794	0.437005	0.278017	0.118293	-0.0367806	-0.18222	-0.306659	-0.409308	-0.489283	-0.545261	-0.571187	-0.568519	-0.555401	
0.832112	0.952128	1.0579	1.13961	1.18527	1.19285	1.16257	1.09401	0.996821	0.88045	0.760528	0.643421	0.526946	0.41022	0.288428	0.1635	0.039154	-0.0793176	-0.185943	-0.276463	-0.350964	-0.406685	-0.441346	-0.463047	-0.477792	
0.715513	0.827314	0.924764	1.00769	1.05793	1.06679	1.03253	0.960231	0.868224	0.760528	0.650011	0.545953	0.450699	0.362248	0.273035	0.187028	0.102274	0.0236064	-0.0488101	-0.118892	-0.182723	-0.237607	-0.28737	-0.33592	-0.379726	
0.604129	0.699968	0.779618	0.851976	0.900389	0.909377	0.875665	0.809124	0.733814	0.643421	0.545953	0.45559	0.373731	0.308487	0.247968	0.196231	0.156084	0.119327	0.0840173	0.0404021	-0.0108252	-0.0640778	-0.123967	-0.197707	-0.26965	
0.497173	0.566584	0.620018	0.670272	0.710539	0.718698	0.688583	0.640292	0.588794	0.526946	0.450699	0.373731	0.311804	0.266017	0.23438	0.21811	0.214085	0.215669	0.208419	0.183758	0.142451	0.0917907	0.0238922	-0.0678235	-0.162389	
0.392931	0.428977	0.445709	0.468094	0.492804	0.498675	0.479005	0.452994	0.437005	0.41022	0.362248	0.308487	0.266017	0.244887	0.238811	0.250916	0.27591	0.300541	0.314142	0.30239	0.272004	0.227499	0.155323	0.0509074	-0.0632322	
0.285112	0.284462	0.267839	0.260767	0.270866	0.27413	0.263759	0.262517	0.278017	0.288428	0.273035	0.247968	0.23438	0.238811	0.260293	0.291917	0.332092	0.368563	0.387637	0.388364	0.370967	0.336455	0.271175	0.162757	0.0380524	
0.175807	0.137609	0.0905708	0.0582644	0.054476	0.0557674	0.0539738	0.074763	0.118293	0.1635	0.187028	0.196231	0.21811	0.250916	0.291917	0.33616	0.37623	0.409961	0.429871	0.436026	0.431494	0.410461	0.352695	0.25142	0.133651	
0.0666497	-0.00603343	-0.0803396	-0.128457	-0.1443	-0.145576	-0.137726	-0.10432	-0.0367806	0.039154	0.102274	0.156084	0.214085	0.27591	0.332092	0.37623	0.406829	0.427945	0.43904	0.446362	0.451363	0.43941	0.395722	0.314504	0.220531	
-0.0370699	-0.142734	-0.234247	-0.295606	-0.318973	-0.321849	-0.308902	-0.26318	-0.18222	-0.0793176	0.0236064	0.119327	0.215669	0.300541	0.368563	0.409961	0.427945	0.43522	0.43198	0.434552	0.438427	0.430267	0.401425	0.348138	0.291615	
-0.131976	-0.261385	-0.367045	-0.43489	-0.466545	-0.471197	-0.451132	-0.399179	-0.306659	-0.185943	-0.0488101	0.0840173	0.208419	0.314142	0.387637	0.429871	0.43904	0.43198	0.418282	0.408991	0.408283	0.403634	0.388425	0.364539	0.346223	
-0.215028	-0.359899	-0.47319	-0.546778	-0.587588	-0.594673	-0.566773	-0.507708	-0.409308	-0.276463	-0.118892	0.0404021	0.183758	0.30239	0.388364	0.436026	0.446362	0.434552	0.408991	0.388803	0.380808	0.373702	0.36741	0.365716	0.369838	
-0.286119	-0.438357	-0.555271	-0.638762	-0.690608	-0.700259	-0.663641	-0.592433	-0.489283	-0.350964	-0.182723	-0.0108252	0.142451	0.272004	0.370967	0.431494	0.451363	0.438427	0.408283	0.380808	0.36379	0.354396	0.34828	0.350791	0.364882	
-0.341709	-0.493892	-0.612733	-0.707833	-0.772935	-0.785502	-0.738716	-0.653521	-0.545261	-0.406685	-0.237607	-0.0640778	0.0917907	0.227499	0.336455	0.410461	0.43941	0.430267	0.403634	0.373702	0.354396	0.34116	0.327879	0.327082	0.339593	
-0.381794	-0.523126	-0.635903	-0.735522	-0.81027	-0.824614	-0.770472	-0.676841	-0.571187	-0.441346	-0.28737	-0.123967	0.0238922	0.155323	0.271175	0.352695	0.395722	0.401425	0.388425	0.36741	0.34828	0.327879	0.303219	0.297368	0.304335	
-0.414606	-0.529893	-0.62081	-0.712625	-0.783649	-0.797789	-0.745865	-0.656649	-0.568519	-0.463047	-0.33592	-0.197707	-0.0678235	0.0509074	0.162757	0.25142	0.314504	0.348138	0.364539	0.365716	0.350791	0.327082	0.297368	0.281048	0.282234	
-0.440706	-0.527491	-0.592554	-0.66534	-0.72408	-0.735654	-0.692924	-0.619984	-0.555401	-0.477792	-0.379726	-0.26965	-0.162389	-0.0632322	0.0380524	0.133651	0.220531	0.291615	0.346223	0.369838	0.364882	0.339593	0.304335	0.282234	0.26619	
