0.506354	0.361089	0.174511	-0.0313109	-0.220089	-0.376263	-0.493729	-0.540209	-0.521599	-0.465209	-0.384441	-0.292758	-0.197823	-0.108733	-0.0452134	-0.0264087	-0.0415671	-0.0778381	-0.147726	-0.250366	-0.363147	-0.476949	-0.572305	-0.65119	-0.720993	
0.361089	0.229276	0.0621056	-0.122091	-0.293006	-0.430754	-0.526469	-0.564964	-0.546699	-0.492833	-0.417388	-0.334018	-0.240801	-0.141336	-0.0665541	-0.0343231	-0.0280578	-0.0458891	-0.0993622	-0.192928	-0.305696	-0.423472	-0.527074	-0.611501	-0.682285	
0.174511	0.0621056	-0.0767134	-0.232566	-0.378915	-0.488389	-0.552717	-0.569865	-0.546766	-0.491227	-0.419972	-0.345976	-0.258929	-0.163519	-0.0870234	-0.0360581	-0.00988948	-0.0131486	-0.0584421	-0.146977	-0.2609	-0.374874	-0.474221	-0.554372	-0.620627	
-0.0313109	-0.122091	-0.232566	-0.355289	-0.467139	-0.541491	-0.572178	-0.562095	-0.524514	-0.462269	-0.392686	-0.326913	-0.250223	-0.164068	-0.0850115	-0.0252558	0.0106541	0.0154835	-0.0254683	-0.108401	-0.216923	-0.323196	-0.41631	-0.491714	-0.544527	
-0.220089	-0.293006	-0.378915	-0.467139	-0.544749	-0.592083	-0.591732	-0.544299	-0.479023	-0.40556	-0.339003	-0.274869	-0.2028	-0.121383	-0.0477103	0.00931327	0.0420843	0.033572	-0.0169929	-0.0972777	-0.193104	-0.282834	-0.369723	-0.435334	-0.479336	
-0.376263	-0.430754	-0.488389	-0.541491	-0.592083	-0.618195	-0.582832	-0.496741	-0.401657	-0.318154	-0.252174	-0.190062	-0.121394	-0.0521237	0.00869137	0.0469361	0.0586865	0.0316315	-0.0312296	-0.113747	-0.201552	-0.276904	-0.341267	-0.391358	-0.423853	
-0.493729	-0.526469	-0.552717	-0.572178	-0.591732	-0.582832	-0.519778	-0.409705	-0.296497	-0.207546	-0.14251	-0.0820769	-0.0272161	0.0167431	0.0504157	0.0683605	0.0585471	0.0164661	-0.0570444	-0.144699	-0.226466	-0.292065	-0.338149	-0.367767	-0.380708	
-0.540209	-0.564964	-0.569865	-0.562095	-0.544299	-0.496741	-0.409705	-0.29421	-0.177859	-0.088546	-0.0228317	0.027524	0.0631712	0.0826353	0.0883941	0.0786023	0.0466452	-0.0143857	-0.0917725	-0.18015	-0.251931	-0.307004	-0.339287	-0.352589	-0.349604	
-0.521599	-0.546699	-0.546766	-0.524514	-0.479023	-0.401657	-0.296497	-0.177859	-0.0609899	0.0232633	0.077434	0.113132	0.130769	0.130485	0.113448	0.0748512	0.0121553	-0.067348	-0.143453	-0.222352	-0.287	-0.332328	-0.349952	-0.349963	-0.336585	
-0.465209	-0.492833	-0.491227	-0.462269	-0.40556	-0.318154	-0.207546	-0.088546	0.0232633	0.105359	0.151113	0.172856	0.167964	0.144708	0.103454	0.0419798	-0.0410837	-0.134244	-0.212053	-0.285805	-0.341109	-0.373761	-0.377319	-0.361722	-0.336938	
-0.384441	-0.417388	-0.419972	-0.392686	-0.339003	-0.252174	-0.14251	-0.0228317	0.077434	0.151113	0.188957	0.190835	0.168361	0.129679	0.0718425	-0.00816164	-0.106346	-0.20625	-0.286595	-0.35379	-0.402477	-0.42418	-0.412663	-0.383074	-0.349734	
-0.292758	-0.334018	-0.345976	-0.326913	-0.274869	-0.190062	-0.0820769	0.027524	0.113132	0.172856	0.190835	0.174815	0.141891	0.089688	0.0182449	-0.072974	-0.17504	-0.278839	-0.354946	-0.406747	-0.442528	-0.449188	-0.423775	-0.385262	-0.349279	
-0.197823	-0.240801	-0.258929	-0.250223	-0.2028	-0.121394	-0.0272161	0.0631712	0.130769	0.167964	0.168361	0.141891	0.0947295	0.0289717	-0.057484	-0.155209	-0.253838	-0.344385	-0.402969	-0.436966	-0.452412	-0.437875	-0.397154	-0.352876	-0.321053	
-0.108733	-0.141336	-0.163519	-0.164068	-0.121383	-0.0521237	0.0167431	0.0826353	0.130485	0.144708	0.129679	0.089688	0.0289717	-0.0529623	-0.151886	-0.249857	-0.333449	-0.3967	-0.439235	-0.449342	-0.428375	-0.390699	-0.337906	-0.297333	-0.270699	
-0.0452134	-0.0665541	-0.0870234	-0.0850115	-0.0477103	0.00869137	0.0504157	0.0883941	0.113448	0.103454	0.0718425	0.0182449	-0.057484	-0.151886	-0.254366	-0.339032	-0.398333	-0.439406	-0.455019	-0.432379	-0.381162	-0.322124	-0.257708	-0.208266	-0.182945	
-0.0264087	-0.0343231	-0.0360581	-0.0252558	0.00931327	0.0469361	0.0683605	0.0786023	0.0748512	0.0419798	-0.00816164	-0.072974	-0.155209	-0.249857	-0.339032	-0.403159	-0.435856	-0.45404	-0.444244	-0.397061	-0.330393	-0.247186	-0.169487	-0.107823	-0.0704714	
-0.0415671	-0.0280578	-0.00988948	0.0106541	0.0420843	0.0586865	0.0585471	0.0466452	0.0121553	-0.0410837	-0.106346	-0.17504	-0.253838	-0.333449	-0.398333	-0.435856	-0.449075	-0.447233	-0.417767	-0.355553	-0.276601	-0.176063	-0.0860734	-0.0178261	0.0306662	
-0.0778381	-0.0458891	-0.0131486	0.0154835	0.033572	0.0316315	0.0164661	-0.0143857	-0.067348	-0.134244	-0.20625	-0.278839	-0.344385	-0.3967	-0.439406	-0.45404	-0.447233	-0.423331	-0.379233	-0.308779	-0.220845	-0.118485	-0.0216685	0.0535291	0.108189	
-0.147726	-0.0993622	-0.0584421	-0.0254683	-0.0169929	-0.0312296	-0.0570444	-0.0917725	-0.143453	-0.212053	-0.286595	-0.354946	-0.402969	-0.439235	-0.455019	-0.444244	-0.417767	-0.379233	-0.326153	-0.256082	-0.172423	-0.080098	0.0180162	0.102555	0.160717	
-0.250366	-0.192928	-0.146977	-0.108401	-0.0972777	-0.113747	-0.144699	-0.18015	-0.222352	-0.285805	-0.35379	-0.406747	-0.436966	-0.449342	-0.432379	-0.397061	-0.355553	-0.308779	-0.256082	-0.20417	-0.13955	-0.0550563	0.038964	0.121733	0.172579	
-0.363147	-0.305696	-0.2609	-0.216923	-0.193104	-0.201552	-0.226466	-0.251931	-0.287	-0.341109	-0.402477	-0.442528	-0.452412	-0.428375	-0.381162	-0.330393	-0.276601	-0.220845	-0.172423	-0.13955	-0.0961653	-0.0253653	0.0532445	0.119484	0.156217	
-0.476949	-0.423472	-0.374874	-0.323196	-0.282834	-0.276904	-0.292065	-0.307004	-0.332328	-0.373761	-0.42418	-0.449188	-0.437875	-0.390699	-0.322124	-0.247186	-0.176063	-0.118485	-0.080098	-0.0550563	-0.0253653	0.0169331	0.0659817	0.102149	0.116701	
-0.572305	-0.527074	-0.474221	-0.41631	-0.369723	-0.341267	-0.338149	-0.339287	-0.349952	-0.377319	-0.412663	-0.423775	-0.397154	-0.337906	-0.257708	-0.169487	-0.0860734	-0.0216685	0.0180162	0.038964	0.0532445	0.0659817	0.0771742	0.075555	0.0592294	
-0.65119	-0.611501	-0.554372	-0.491714	-0.435334	-0.391358	-0.367767	-0.352589	-0.349963	-0.361722	-0.383074	-0.385262	-0.352876	-0.297333	-0.208266	-0.107823	-0.0178261	0.0535291	0.102555	0.121733	0.119484	0.102149	0.075555	0.0423743	0.0071174	
-0.720993	-0.682285	-0.620627	-0.544527	-0.479336	-0.423853	-0.380708	-0.349604	-0.336585	-0.336938	-0.349734	-0.349279	-0.321053	-0.270699	-0.182945	-0.0704714	0.0306662	0.108189	0.160717	0.172579	0.156217	0.116701	0.0592294	0.0071174	-0.0300994	
-0.79221	-0.757338	-0.685107	-0.591054	-0.50953	-0.4411	-0.380569	-0.33644	-0.315119	-0.30966	-0.31625	-0.313964	-0.293253	-0.248094	-0.165387	-0.0498313	0.057872	0.134806	0.180074	0.188934	0.162862	0.108144	0.0370909	-0.0239261	-0.0608929	
-0.877258	-0.847057	-0.758042	-0.64063	-0.527102	-0.438812	-0.371519	-0.318944	-0.293106	-0.285689	-0.283861	-0.277448	-0.261285	-0.216474	-0.134428	-0.0325585	0.0624193	0.12991	0.171026	0.179157	0.143561	0.0792641	0.0142428	-0.0428572	-0.0877127	
-0.959061	-0.935039	-0.828979	-0.683956	-0.540761	-0.426134	-0.348007	-0.293049	-0.264341	-0.256709	-0.250388	-0.242501	-0.219295	-0.164536	-0.0913292	-0.0144038	0.0609405	0.116224	0.142395	0.146456	0.11346	0.054561	-0.00671888	-0.0598067	-0.104983	
-1.02131	-0.998747	-0.88083	-0.715999	-0.545322	-0.409834	-0.321056	-0.265846	-0.236923	-0.22734	-0.225403	-0.215372	-0.175553	-0.111996	-0.0444298	0.0175832	0.0720223	0.104955	0.117654	0.112093	0.0817157	0.0338081	-0.0207482	-0.0720486	-0.116349	
-1.05479	-1.03314	-0.91026	-0.735135	-0.552161	-0.398695	-0.296414	-0.243098	-0.21249	-0.201419	-0.207015	-0.199493	-0.149809	-0.0759533	-0.00954473	0.0471702	0.0829565	0.0999078	0.108502	0.0974997	0.0609741	0.0190389	-0.024215	-0.0713914	-0.119309	
-1.06083	-1.0384	-0.915302	-0.738564	-0.55338	-0.396348	-0.290894	-0.23711	-0.205799	-0.193876	-0.202643	-0.196757	-0.145015	-0.0680798	-0.00210166	0.0514643	0.0837935	0.0991183	0.108677	0.0967684	0.05796	0.016766	-0.0235749	-0.0679518	-0.117056	
-1.03837	-1.0163	-0.895436	-0.725648	-0.547441	-0.404285	-0.310249	-0.256595	-0.226892	-0.216841	-0.217905	-0.2076	-0.16231	-0.0953274	-0.02813	0.0313419	0.0775342	0.102748	0.111473	0.102967	0.0716146	0.0265136	-0.0241002	-0.073978	-0.119055	
-0.986624	-0.963271	-0.851921	-0.697756	-0.543605	-0.419475	-0.337272	-0.281602	-0.252179	-0.243883	-0.23891	-0.230473	-0.200809	-0.141637	-0.071611	-0.00284695	0.0635488	0.110509	0.131302	0.130989	0.100501	0.0472954	-0.0127721	-0.0658159	-0.11041	
-0.912043	-0.88487	-0.788319	-0.659286	-0.532901	-0.434435	-0.363216	-0.309995	-0.282541	-0.275251	-0.270299	-0.26291	-0.245471	-0.198545	-0.118956	-0.0259128	0.0620214	0.124544	0.160997	0.168525	0.132047	0.0674549	0.00554356	-0.0500762	-0.095629	
-0.825026	-0.79145	-0.71325	-0.610495	-0.517645	-0.442358	-0.378856	-0.329785	-0.305976	-0.29951	-0.30301	-0.299741	-0.28172	-0.235976	-0.15472	-0.0437085	0.0615327	0.135566	0.179787	0.187756	0.157634	0.0979056	0.0276962	-0.0320404	-0.0720528	
-0.748142	-0.711354	-0.646003	-0.562851	-0.492856	-0.433011	-0.38168	-0.345625	-0.329177	-0.326822	-0.33651	-0.335023	-0.310274	-0.262459	-0.17649	-0.0605103	0.0451394	0.123048	0.171728	0.182534	0.162189	0.115974	0.0503051	-0.00733702	-0.0437328	
-0.680217	-0.640911	-0.581741	-0.515069	-0.455069	-0.406064	-0.37453	-0.35277	-0.345623	-0.352039	-0.369691	-0.370318	-0.338632	-0.285629	-0.195328	-0.0901333	0.0030521	0.0771951	0.131108	0.147208	0.13814	0.110892	0.0710059	0.0290784	-0.0085213	
-0.604817	-0.563156	-0.508631	-0.448616	-0.399376	-0.36374	-0.352079	-0.346683	-0.351708	-0.373024	-0.401929	-0.408873	-0.378624	-0.319531	-0.235491	-0.141978	-0.0560398	0.0117372	0.0541364	0.0743961	0.0823788	0.0827511	0.0777933	0.0623602	0.0369006	
-0.518138	-0.466482	-0.416411	-0.362447	-0.318286	-0.303835	-0.312958	-0.322739	-0.342477	-0.377648	-0.423521	-0.442796	-0.423649	-0.370106	-0.295798	-0.214467	-0.137069	-0.0778791	-0.0408641	-0.0178671	0.00595277	0.0364679	0.0714673	0.0927653	0.0946605	
-0.409567	-0.353523	-0.307797	-0.26083	-0.230171	-0.233259	-0.25445	-0.275791	-0.307712	-0.357377	-0.414613	-0.448929	-0.451133	-0.415486	-0.358398	-0.297883	-0.237963	-0.181124	-0.137189	-0.107613	-0.0700075	-0.00918082	0.0583686	0.113827	0.143277	
-0.294983	-0.236653	-0.190968	-0.150087	-0.134577	-0.149061	-0.17949	-0.211494	-0.250969	-0.310823	-0.376268	-0.423577	-0.44563	-0.443157	-0.413887	-0.372683	-0.326559	-0.275029	-0.223512	-0.180494	-0.125577	-0.0447094	0.0448006	0.123156	0.168687	
-0.185846	-0.133111	-0.0896911	-0.0543616	-0.0464172	-0.0629335	-0.0917934	-0.127132	-0.174674	-0.242276	-0.314821	-0.377507	-0.418598	-0.448077	-0.451047	-0.42905	-0.395231	-0.353744	-0.300476	-0.235957	-0.157745	-0.0688341	0.0285145	0.113263	0.169867	
-0.101336	-0.0622474	-0.0259308	0.00485244	0.0180406	0.0103613	-0.00986499	-0.043021	-0.098167	-0.166376	-0.240272	-0.313597	-0.372131	-0.416612	-0.449452	-0.454278	-0.44022	-0.408798	-0.360009	-0.287461	-0.199663	-0.1012	-0.00333721	0.0766451	0.133253	
-0.0528596	-0.0316778	-0.00671199	0.0173905	0.0433979	0.0523987	0.0462616	0.0248163	-0.0193286	-0.0795243	-0.148402	-0.218122	-0.292174	-0.361524	-0.416937	-0.445128	-0.449888	-0.439387	-0.404081	-0.33749	-0.254898	-0.152114	-0.0576992	0.0127138	0.0643195	
-0.0299094	-0.0293324	-0.0224461	-0.00732027	0.0265265	0.0553677	0.0679919	0.0696461	0.0535289	0.0122004	-0.0450475	-0.112469	-0.195349	-0.285371	-0.364862	-0.419024	-0.44363	-0.45327	-0.434639	-0.381522	-0.308586	-0.216224	-0.134158	-0.0697092	-0.0268337	
-0.0321703	-0.04947	-0.0645395	-0.0588259	-0.0227706	0.0271044	0.0602079	0.0860765	0.100525	0.0803129	0.0417205	-0.0163602	-0.0959983	-0.192177	-0.291745	-0.368484	-0.416779	-0.448694	-0.45299	-0.419035	-0.361378	-0.293419	-0.223233	-0.167965	-0.139514	
-0.0790165	-0.106434	-0.128912	-0.130257	-0.0900569	-0.0255074	0.0311914	0.0863253	0.125856	0.131775	0.109918	0.0635048	-0.00360914	-0.0913052	-0.19289	-0.287238	-0.361864	-0.416575	-0.448952	-0.446028	-0.411113	-0.364705	-0.307202	-0.264818	-0.240207	
-0.160562	-0.200595	-0.220821	-0.216823	-0.170554	-0.0935392	-0.00817625	0.0727946	0.132604	0.159139	0.154027	0.123042	0.0710908	-0.00159404	-0.0939966	-0.192325	-0.285959	-0.365325	-0.419111	-0.445435	-0.447214	-0.422836	-0.37709	-0.33454	-0.304417	
-0.255031	-0.29827	-0.313021	-0.297683	-0.247468	-0.163124	-0.0582235	0.0436505	0.122695	0.174907	0.184496	0.163577	0.125331	0.068293	-0.00889297	-0.104029	-0.205729	-0.307268	-0.375977	-0.420578	-0.449782	-0.448714	-0.417139	-0.375286	-0.339797	
-0.348217	-0.384509	-0.391208	-0.36639	-0.313625	-0.227764	-0.118811	-0.00147726	0.0930458	0.161284	0.193235	0.187973	0.160124	0.116212	0.0526501	-0.0320256	-0.13274	-0.235914	-0.315685	-0.378018	-0.422083	-0.438512	-0.421833	-0.388531	-0.353579	
