-0.555614	-0.480936	-0.369294	-0.26042	-0.186636	-0.173326	-0.225277	-0.323714	-0.438528	-0.531864	-0.567965	-0.519257	-0.385328	-0.168907	0.12148	0.442786	0.747506	0.997913	1.18358	1.2865	1.30622	1.26062	1.16831	1.04479	0.921363	
-0.532075	-0.431837	-0.292049	-0.160521	-0.0777317	-0.064292	-0.119069	-0.236171	-0.378304	-0.498315	-0.56356	-0.551183	-0.454272	-0.277247	-0.0130111	0.294319	0.591151	0.839402	1.02935	1.149	1.19263	1.16998	1.10366	1.00977	0.908235	
-0.490895	-0.356545	-0.189071	-0.0371384	0.0547653	0.0705758	0.00815596	-0.124037	-0.291294	-0.443546	-0.540945	-0.564632	-0.518447	-0.388244	-0.167779	0.10544	0.378363	0.618764	0.809244	0.937466	1.00083	1.00633	0.970442	0.912281	0.843814	
-0.438353	-0.267434	-0.0675727	0.103123	0.203855	0.222704	0.152513	0.0077075	-0.188102	-0.376756	-0.51192	-0.580357	-0.58032	-0.499037	-0.331555	-0.108444	0.129762	0.351816	0.540258	0.675834	0.755254	0.791692	0.788255	0.7655	0.738736	
-0.39284	-0.18374	0.0473363	0.239235	0.351163	0.369868	0.295073	0.132543	-0.0907366	-0.314896	-0.491063	-0.601331	-0.641516	-0.604305	-0.490912	-0.318809	-0.122024	0.0733463	0.255012	0.397994	0.493987	0.555969	0.583907	0.597689	0.617594	
-0.357024	-0.11429	0.133521	0.334975	0.450662	0.469054	0.393521	0.22178	-0.0121367	-0.264721	-0.475619	-0.622098	-0.70259	-0.708297	-0.642747	-0.513438	-0.357762	-0.189713	-0.0200781	0.132774	0.250715	0.328613	0.387597	0.436691	0.495145	
-0.327749	-0.0706571	0.17724	0.371212	0.477857	0.494327	0.425621	0.262688	0.0331969	-0.228474	-0.461819	-0.639069	-0.756467	-0.805196	-0.780082	-0.690495	-0.563799	-0.416923	-0.258211	-0.0927887	0.0435812	0.134657	0.211492	0.295134	0.390531	
-0.323609	-0.0750785	0.158732	0.33753	0.430523	0.445983	0.385021	0.239148	0.0223311	-0.225546	-0.46088	-0.647862	-0.784604	-0.865823	-0.873697	-0.821143	-0.724282	-0.597363	-0.447334	-0.280558	-0.140147	-0.0357081	0.0571406	0.162085	0.281985	
-0.346041	-0.122083	0.0905405	0.257114	0.343178	0.357147	0.30121	0.16546	-0.0343882	-0.256652	-0.473913	-0.653039	-0.791623	-0.885858	-0.918059	-0.894971	-0.82438	-0.71389	-0.574619	-0.422913	-0.291011	-0.182646	-0.0760521	0.0440992	0.17205	
-0.381539	-0.186521	-0.00133966	0.144869	0.226088	0.239143	0.18612	0.0637358	-0.109406	-0.304273	-0.492654	-0.656974	-0.791867	-0.880905	-0.922107	-0.918073	-0.868431	-0.775149	-0.650036	-0.52295	-0.404907	-0.296621	-0.184926	-0.0644398	0.0578693	
-0.417884	-0.257373	-0.0966973	0.0254557	0.103971	0.117907	0.063583	-0.0432158	-0.190677	-0.354286	-0.510278	-0.656361	-0.777533	-0.862097	-0.906969	-0.913431	-0.871442	-0.789182	-0.674453	-0.559628	-0.455635	-0.357718	-0.259348	-0.156853	-0.0495152	
-0.455182	-0.322159	-0.192079	-0.0940327	-0.0306187	-0.0187662	-0.0644978	-0.147832	-0.268567	-0.402456	-0.533222	-0.658009	-0.762239	-0.8373	-0.879421	-0.882527	-0.84153	-0.761479	-0.651628	-0.547659	-0.456196	-0.374178	-0.307892	-0.233271	-0.149136	
-0.500325	-0.394307	-0.293817	-0.220371	-0.176824	-0.168356	-0.200158	-0.259894	-0.353015	-0.457915	-0.562911	-0.666285	-0.753317	-0.816587	-0.85011	-0.842923	-0.795288	-0.71201	-0.60999	-0.517535	-0.440422	-0.380905	-0.341063	-0.298958	-0.247228	
-0.549226	-0.469768	-0.398487	-0.3473	-0.317566	-0.31103	-0.333466	-0.37523	-0.438958	-0.518222	-0.596216	-0.678604	-0.753261	-0.809194	-0.833609	-0.821613	-0.771709	-0.687964	-0.591367	-0.506433	-0.437815	-0.395685	-0.371583	-0.353244	-0.332176	
-0.585533	-0.532321	-0.48837	-0.452833	-0.432066	-0.429522	-0.44226	-0.473022	-0.513359	-0.56328	-0.622169	-0.691825	-0.758757	-0.810922	-0.834715	-0.827294	-0.786567	-0.717805	-0.624921	-0.539344	-0.46802	-0.426195	-0.412259	-0.417953	-0.422846	
-0.601581	-0.565294	-0.538327	-0.514263	-0.49788	-0.495218	-0.50622	-0.528218	-0.554236	-0.584682	-0.632399	-0.691117	-0.750003	-0.805682	-0.842306	-0.85284	-0.83226	-0.78214	-0.700725	-0.609996	-0.531255	-0.484356	-0.478453	-0.500298	-0.517976	
-0.585212	-0.551612	-0.524996	-0.506887	-0.493981	-0.491759	-0.500748	-0.517351	-0.539937	-0.570306	-0.612938	-0.666378	-0.72306	-0.787077	-0.845597	-0.883148	-0.884048	-0.853935	-0.790818	-0.700833	-0.616072	-0.562935	-0.559175	-0.59243	-0.623988	
-0.515296	-0.472729	-0.441221	-0.422363	-0.413051	-0.411258	-0.417744	-0.43218	-0.458742	-0.497191	-0.544388	-0.598353	-0.666337	-0.749502	-0.834586	-0.893906	-0.918543	-0.90795	-0.860924	-0.784491	-0.707088	-0.65553	-0.657757	-0.701071	-0.739753	
-0.367878	-0.322584	-0.28735	-0.262799	-0.253927	-0.252295	-0.25833	-0.27527	-0.307823	-0.348289	-0.401505	-0.469535	-0.560733	-0.673182	-0.783968	-0.865145	-0.911741	-0.924577	-0.896476	-0.839954	-0.782279	-0.744886	-0.751955	-0.794384	-0.835784	
-0.154477	-0.107217	-0.0735597	-0.0498413	-0.0367317	-0.0349576	-0.0432524	-0.0628776	-0.0925783	-0.133412	-0.193609	-0.282663	-0.403344	-0.544022	-0.67816	-0.790698	-0.867084	-0.905346	-0.899729	-0.864948	-0.824938	-0.80519	-0.815109	-0.853903	-0.893287	
0.0918947	0.141955	0.165826	0.181734	0.191624	0.193041	0.186786	0.172056	0.153779	0.115664	0.046275	-0.0583808	-0.200243	-0.365144	-0.530582	-0.677413	-0.789316	-0.8514	-0.866972	-0.856824	-0.840324	-0.833553	-0.842143	-0.872163	-0.904865	
0.334748	0.386079	0.400944	0.403939	0.399857	0.397883	0.403083	0.40297	0.395058	0.360106	0.284983	0.17353	0.0212882	-0.160867	-0.356393	-0.537451	-0.678321	-0.765038	-0.804053	-0.820623	-0.824881	-0.821846	-0.827884	-0.847345	-0.874396	
0.546459	0.59216	0.600884	0.587791	0.568966	0.564554	0.579871	0.597641	0.599122	0.570132	0.498265	0.387696	0.23346	0.0375431	-0.179217	-0.386478	-0.552078	-0.665901	-0.732697	-0.764224	-0.78087	-0.78086	-0.779251	-0.788912	-0.807643	
0.712931	0.743902	0.734338	0.703637	0.673421	0.667043	0.690009	0.723597	0.744425	0.730402	0.67153	0.565232	0.407445	0.206093	-0.0194701	-0.243852	-0.438841	-0.581922	-0.668404	-0.707352	-0.719844	-0.713908	-0.70542	-0.702811	-0.704547	
0.824606	0.828648	0.791452	0.741748	0.702532	0.69547	0.723242	0.771787	0.817118	0.833026	0.793734	0.691921	0.534279	0.334063	0.104042	-0.134286	-0.352274	-0.517437	-0.614319	-0.650644	-0.654441	-0.637681	-0.613818	-0.591865	-0.575349	
0.868225	0.844041	0.776717	0.704693	0.653604	0.644381	0.680169	0.7472	0.819795	0.866007	0.850437	0.765328	0.618712	0.424503	0.191374	-0.0575832	-0.288829	-0.466153	-0.565522	-0.599526	-0.59498	-0.565807	-0.5208	-0.471671	-0.432671	
0.844041	0.7963	0.715858	0.626667	0.565561	0.553772	0.597593	0.678765	0.766805	0.830717	0.843853	0.785928	0.660814	0.473803	0.242858	-0.00993391	-0.242369	-0.421726	-0.527964	-0.567071	-0.549285	-0.498223	-0.424219	-0.350152	-0.283138	
0.776717	0.715858	0.628972	0.536657	0.471893	0.459735	0.505937	0.590806	0.683284	0.756531	0.792609	0.766802	0.66328	0.487159	0.261828	0.0210306	-0.207274	-0.388531	-0.50005	-0.541877	-0.513596	-0.437518	-0.335931	-0.231515	-0.135025	
0.704693	0.626667	0.536657	0.450272	0.390832	0.380346	0.42114	0.500781	0.590719	0.676523	0.734591	0.72861	0.643326	0.484065	0.272717	0.0423123	-0.182057	-0.366777	-0.482359	-0.520183	-0.484776	-0.392672	-0.272561	-0.143124	-0.0227064	
0.653604	0.565561	0.471893	0.390832	0.344402	0.336776	0.367141	0.43679	0.527533	0.620591	0.691135	0.694561	0.619651	0.473706	0.278108	0.0556338	-0.171545	-0.358626	-0.471244	-0.505286	-0.465583	-0.367705	-0.235299	-0.0887678	0.052415	
0.644381	0.553772	0.459735	0.380346	0.336776	0.330636	0.3579	0.424838	0.515421	0.61027	0.683266	0.688169	0.614231	0.470524	0.278297	0.0579968	-0.170588	-0.356922	-0.468973	-0.502998	-0.463357	-0.363133	-0.227304	-0.07807	0.0659997	
0.680169	0.597593	0.505937	0.42114	0.367141	0.3579	0.394411	0.470181	0.560644	0.649554	0.714059	0.712932	0.632896	0.47996	0.275952	0.0489853	-0.176452	-0.362874	-0.477217	-0.51297	-0.474744	-0.380433	-0.255598	-0.117913	0.0130294	
0.7472	0.678765	0.590806	0.500781	0.43679	0.424838	0.470181	0.553935	0.644794	0.723554	0.769357	0.752444	0.657134	0.487442	0.266003	0.0299903	-0.195348	-0.378	-0.492005	-0.532648	-0.501443	-0.417622	-0.306399	-0.191357	-0.0852108	
0.819795	0.766805	0.683284	0.590719	0.527533	0.515421	0.560644	0.644794	0.736648	0.80356	0.826095	0.782172	0.6658	0.48219	0.253338	0.0039519	-0.227767	-0.407438	-0.515325	-0.557063	-0.533928	-0.471771	-0.387266	-0.301429	-0.221987	
0.866007	0.830717	0.756531	0.676523	0.620591	0.61027	0.649554	0.723554	0.80356	0.859185	0.855149	0.779199	0.640827	0.449548	0.216182	-0.0358855	-0.268586	-0.447028	-0.549501	-0.58421	-0.575177	-0.539259	-0.482387	-0.423229	-0.373561	
0.850437	0.843853	0.792609	0.734591	0.691135	0.683266	0.714059	0.769357	0.826095	0.855149	0.824131	0.728169	0.572492	0.374789	0.143395	-0.099266	-0.32459	-0.496574	-0.59372	-0.628418	-0.629001	-0.607161	-0.577135	-0.543735	-0.518989	
0.765328	0.785928	0.766802	0.72861	0.694561	0.688169	0.712932	0.752444	0.782172	0.779199	0.728169	0.622202	0.464253	0.262308	0.0349555	-0.195654	-0.401083	-0.553604	-0.646233	-0.68458	-0.693663	-0.684511	-0.66999	-0.661263	-0.655442	
0.618712	0.660814	0.66328	0.643326	0.619651	0.614231	0.632896	0.657134	0.6658	0.640827	0.572492	0.464253	0.308492	0.109324	-0.112369	-0.326647	-0.504126	-0.629998	-0.705362	-0.741285	-0.757718	-0.755495	-0.75199	-0.757292	-0.770791	
0.424503	0.473803	0.487159	0.484065	0.473706	0.470524	0.47996	0.487442	0.48219	0.449548	0.374789	0.262308	0.109324	-0.0787432	-0.28471	-0.478059	-0.62813	-0.724614	-0.775397	-0.799673	-0.810864	-0.809349	-0.811954	-0.827725	-0.852003	
0.191374	0.242858	0.261828	0.272717	0.278108	0.278297	0.275952	0.266003	0.253338	0.216182	0.143395	0.0349555	-0.112369	-0.28471	-0.462748	-0.623317	-0.748054	-0.820625	-0.844092	-0.84465	-0.836944	-0.833035	-0.841311	-0.867169	-0.896946	
-0.0575832	-0.00993391	0.0210306	0.0423123	0.0556338	0.0579968	0.0489853	0.0299903	0.0039519	-0.0358855	-0.099266	-0.195654	-0.326647	-0.478059	-0.623317	-0.749689	-0.840695	-0.887954	-0.89125	-0.865708	-0.835339	-0.821414	-0.83087	-0.866341	-0.903871	
-0.288829	-0.242369	-0.207274	-0.182057	-0.171545	-0.170588	-0.176452	-0.195348	-0.227767	-0.268586	-0.32459	-0.401083	-0.504126	-0.62813	-0.748054	-0.840695	-0.89754	-0.921231	-0.901931	-0.853333	-0.802204	-0.772672	-0.781764	-0.822876	-0.863245	
-0.466153	-0.421726	-0.388531	-0.366777	-0.358626	-0.356922	-0.362874	-0.378	-0.407438	-0.447028	-0.496574	-0.553604	-0.629998	-0.724614	-0.820625	-0.887954	-0.921231	-0.918508	-0.879277	-0.811184	-0.741751	-0.693718	-0.696827	-0.741795	-0.783025	
-0.565522	-0.527964	-0.50005	-0.482359	-0.471244	-0.468973	-0.477217	-0.492005	-0.515325	-0.549501	-0.59372	-0.646233	-0.705362	-0.775397	-0.844092	-0.89125	-0.901931	-0.879277	-0.823405	-0.736677	-0.651751	-0.598249	-0.597648	-0.635159	-0.670026	
-0.599526	-0.567071	-0.541877	-0.520183	-0.505286	-0.502998	-0.51297	-0.532648	-0.557063	-0.58421	-0.628418	-0.68458	-0.741285	-0.799673	-0.84465	-0.865708	-0.853333	-0.811184	-0.736677	-0.644989	-0.563922	-0.514221	-0.509175	-0.535438	-0.558628	
-0.59498	-0.549285	-0.513596	-0.484776	-0.465583	-0.463357	-0.474744	-0.501443	-0.533928	-0.575177	-0.629001	-0.693663	-0.757718	-0.810864	-0.836944	-0.835339	-0.802204	-0.741751	-0.651751	-0.563922	-0.48903	-0.445686	-0.43647	-0.449794	-0.459851	
-0.565807	-0.498223	-0.437518	-0.392672	-0.367705	-0.363133	-0.380433	-0.417622	-0.471771	-0.539259	-0.607161	-0.684511	-0.755495	-0.809349	-0.833035	-0.821414	-0.772672	-0.693718	-0.598249	-0.514221	-0.445686	-0.406034	-0.384666	-0.37677	-0.367808	
-0.5208	-0.424219	-0.335931	-0.272561	-0.235299	-0.227304	-0.255598	-0.306399	-0.387266	-0.482387	-0.577135	-0.66999	-0.75199	-0.811954	-0.841311	-0.83087	-0.781764	-0.696827	-0.597648	-0.509175	-0.43647	-0.384666	-0.353916	-0.321407	-0.28216	
-0.471671	-0.350152	-0.231515	-0.143124	-0.0887678	-0.07807	-0.117913	-0.191357	-0.301429	-0.423229	-0.543735	-0.661263	-0.757292	-0.827725	-0.867169	-0.866341	-0.822876	-0.741795	-0.635159	-0.535438	-0.449794	-0.37677	-0.321407	-0.26082	-0.188987	
-0.432671	-0.283138	-0.135025	-0.0227064	0.052415	0.0659997	0.0130294	-0.0852108	-0.221987	-0.373561	-0.518989	-0.655442	-0.770791	-0.852003	-0.896946	-0.903871	-0.863245	-0.783025	-0.670026	-0.558628	-0.459851	-0.367808	-0.28216	-0.188987	-0.090096	
