-0.23413	-0.203021	-0.202551	-0.227379	-0.256873	-0.263592	-0.240329	-0.209842	-0.199029	-0.218769	-0.265153	-0.335527	-0.433872	-0.540335	-0.612203	-0.629546	-0.589489	-0.48521	-0.318762	-0.10142	0.134818	0.353634	0.552777	0.723603	0.832883	
-0.251483	-0.208668	-0.202792	-0.229689	-0.267255	-0.276035	-0.245547	-0.210029	-0.201817	-0.230358	-0.293023	-0.378331	-0.475236	-0.567843	-0.625745	-0.627951	-0.566355	-0.43642	-0.252152	-0.0317899	0.202818	0.41875	0.608721	0.763892	0.848641	
-0.273774	-0.220107	-0.207941	-0.233407	-0.274202	-0.28384	-0.250119	-0.214132	-0.210389	-0.247243	-0.324849	-0.424416	-0.518312	-0.592713	-0.6322	-0.617351	-0.534838	-0.380495	-0.178398	0.0430758	0.273477	0.486383	0.661554	0.795553	0.860839	
-0.302064	-0.239079	-0.219624	-0.239251	-0.276779	-0.285727	-0.25419	-0.223429	-0.226397	-0.27113	-0.360817	-0.471491	-0.560479	-0.614066	-0.631649	-0.596579	-0.492329	-0.31677	-0.0984485	0.123734	0.343375	0.551165	0.717983	0.826097	0.861495	
-0.337678	-0.267126	-0.238991	-0.247823	-0.274772	-0.281349	-0.258114	-0.238869	-0.251181	-0.303506	-0.400913	-0.517149	-0.599117	-0.630367	-0.622801	-0.564863	-0.437883	-0.244425	-0.0151789	0.208829	0.419495	0.61464	0.76716	0.855233	0.8627	
-0.381443	-0.305017	-0.266515	-0.25961	-0.26909	-0.271778	-0.262523	-0.260796	-0.285463	-0.345552	-0.445045	-0.55841	-0.63087	-0.640696	-0.604874	-0.520332	-0.371028	-0.162978	0.073326	0.295931	0.496341	0.681676	0.819244	0.881028	0.864126	
-0.43315	-0.352667	-0.301886	-0.274956	-0.262027	-0.259842	-0.2685	-0.288937	-0.328906	-0.397277	-0.493126	-0.593182	-0.65152	-0.642374	-0.577906	-0.46235	-0.28974	-0.073053	0.165115	0.390414	0.580888	0.747189	0.87071	0.913271	0.873128	
-0.491438	-0.408678	-0.343838	-0.294228	-0.257381	-0.250131	-0.277651	-0.322575	-0.38019	-0.456873	-0.543838	-0.620544	-0.658285	-0.63116	-0.539496	-0.391804	-0.194071	0.0302986	0.261898	0.486473	0.67728	0.827203	0.928023	0.951753	0.896716	
-0.552708	-0.469958	-0.390506	-0.318162	-0.260167	-0.248597	-0.292215	-0.360681	-0.43693	-0.520785	-0.594371	-0.639651	-0.649441	-0.603302	-0.485679	-0.306512	-0.0857355	0.147389	0.373649	0.592619	0.782175	0.920025	1.00202	1.01046	0.946662	
-0.611039	-0.532181	-0.439865	-0.348051	-0.275872	-0.261668	-0.31519	-0.402378	-0.495585	-0.583368	-0.640324	-0.650045	-0.623815	-0.553789	-0.412177	-0.203897	0.0384009	0.280287	0.503099	0.716704	0.908005	1.03474	1.09066	1.08437	1.02161	
-0.659268	-0.58999	-0.489851	-0.385859	-0.309525	-0.294968	-0.35004	-0.447314	-0.552001	-0.637389	-0.674715	-0.649969	-0.582039	-0.477778	-0.310909	-0.0798601	0.179832	0.434171	0.66083	0.863955	1.04868	1.17405	1.20959	1.17556	1.10387	
-0.689564	-0.636987	-0.538634	-0.434117	-0.364512	-0.351903	-0.400085	-0.495516	-0.601561	-0.675537	-0.689135	-0.633371	-0.522909	-0.373567	-0.174772	0.0751499	0.344983	0.608318	0.847531	1.04743	1.20822	1.31422	1.3376	1.28359	1.18847	
-0.693614	-0.666549	-0.584825	-0.494942	-0.441294	-0.432416	-0.467508	-0.54715	-0.639099	-0.690666	-0.67563	-0.590847	-0.439823	-0.23863	-0.000821164	0.26661	0.542788	0.80888	1.05324	1.25102	1.38519	1.44965	1.43886	1.36594	1.25238	
-0.663926	-0.673148	-0.626651	-0.568114	-0.536607	-0.532276	-0.551493	-0.601708	-0.659786	-0.675841	-0.626411	-0.51114	-0.322442	-0.0695575	0.211708	0.495757	0.771673	1.03252	1.26953	1.4501	1.54467	1.55635	1.49439	1.3839	1.25423	
-0.595494	-0.6525	-0.660272	-0.648966	-0.643181	-0.643115	-0.646048	-0.655878	-0.659815	-0.625615	-0.534216	-0.382482	-0.158226	0.135883	0.454822	0.755068	1.02484	1.26259	1.46665	1.61203	1.65566	1.60049	1.48024	1.32296	1.1669	
-0.48533	-0.601002	-0.678773	-0.726745	-0.749267	-0.752816	-0.738913	-0.701224	-0.635603	-0.536938	-0.394079	-0.19741	0.0615125	0.378804	0.713836	1.01801	1.27578	1.47969	1.61922	1.6924	1.67794	1.56397	1.38969	1.19408	1.00696	
-0.332441	-0.516133	-0.671958	-0.784022	-0.837989	-0.845508	-0.812074	-0.723488	-0.582367	-0.409419	-0.20555	0.0422504	0.332081	0.650533	0.971255	1.25447	1.47987	1.64014	1.71096	1.68737	1.59115	1.43005	1.22504	1.01409	0.815416	
-0.140708	-0.396558	-0.626656	-0.798555	-0.887545	-0.900878	-0.843517	-0.704531	-0.493577	-0.245558	0.0239338	0.321062	0.631544	0.928173	1.20136	1.43737	1.60935	1.70434	1.70863	1.60798	1.43032	1.21944	0.997636	0.786894	0.598474	
0.0788407	-0.241551	-0.529029	-0.748184	-0.872899	-0.893804	-0.810027	-0.626684	-0.362544	-0.0514617	0.277038	0.608588	0.920605	1.17979	1.38181	1.54339	1.65062	1.67344	1.60512	1.44905	1.22351	0.974727	0.738395	0.527703	0.348745	
0.30812	-0.0519821	-0.369448	-0.616722	-0.769216	-0.796744	-0.691377	-0.477987	-0.185561	0.161833	0.526976	0.867177	1.15384	1.36738	1.50169	1.57628	1.60251	1.55751	1.42567	1.2228	0.9734	0.709402	0.465316	0.255729	0.0823973	
0.525658	0.167366	-0.147493	-0.397947	-0.557644	-0.586948	-0.475551	-0.256436	0.0351119	0.379932	0.742016	1.06204	1.30277	1.46383	1.54804	1.55443	1.49293	1.36944	1.18157	0.943702	0.683606	0.424471	0.187933	-0.0112627	-0.171316	
0.715503	0.405944	0.126597	-0.0962472	-0.233414	-0.257587	-0.16308	0.0293184	0.28913	0.590133	0.899927	1.16999	1.3616	1.47252	1.51253	1.47182	1.34108	1.13674	0.887112	0.619533	0.360542	0.126651	-0.076257	-0.244057	-0.376091	
0.873456	0.648598	0.436882	0.274996	0.186559	0.17253	0.230994	0.364564	0.560169	0.783807	1.00258	1.19387	1.33531	1.40751	1.40195	1.31121	1.12844	0.869239	0.574682	0.287683	0.0380661	-0.161085	-0.31358	-0.429798	-0.517601	
1.00413	0.883832	0.769867	0.693926	0.662938	0.659316	0.677343	0.733905	0.835401	0.957167	1.06966	1.16489	1.23893	1.26666	1.21522	1.07135	0.845416	0.564471	0.267805	-0.00542477	-0.229597	-0.394889	-0.505389	-0.574494	-0.615869	
1.11759	1.11322	1.11545	1.1293	1.14515	1.14849	1.13615	1.11972	1.11277	1.11606	1.11925	1.11464	1.09731	1.04963	0.942191	0.759628	0.516643	0.24674	-0.0153873	-0.243396	-0.423307	-0.55165	-0.631025	-0.668757	-0.675167	
1.22829	1.34503	1.45775	1.54388	1.58985	1.59695	1.56679	1.49634	1.39202	1.27473	1.16176	1.05114	0.928731	0.782255	0.605067	0.397375	0.17047	-0.0553408	-0.259805	-0.428923	-0.556163	-0.641075	-0.686115	-0.695111	-0.67428	
1.34503	1.5731	1.76939	1.90486	1.97271	1.98314	1.93947	1.83183	1.65762	1.43816	1.20545	0.975602	0.743796	0.503551	0.261481	0.0327281	-0.169705	-0.338873	-0.472608	-0.57117	-0.63563	-0.668074	-0.671953	-0.651351	-0.610952	
1.45775	1.76939	2.02034	2.19257	2.28384	2.29884	2.23878	2.09934	1.87858	1.58783	1.25381	0.906866	0.567743	0.247466	-0.0427162	-0.287242	-0.472586	-0.594584	-0.659531	-0.680148	-0.670291	-0.641506	-0.60215	-0.557422	-0.509754	
1.54388	1.90486	2.19257	2.39797	2.51411	2.53401	2.45595	2.28523	2.02932	1.69586	1.29946	0.868043	0.438406	0.0450743	-0.28637	-0.539335	-0.705679	-0.787208	-0.796343	-0.753481	-0.681547	-0.60028	-0.523086	-0.456929	-0.403704	
1.58985	1.97271	2.28384	2.51411	2.64825	2.67141	2.5804	2.3864	2.106	1.75096	1.32934	0.858112	0.373355	-0.0750759	-0.441182	-0.698394	-0.843474	-0.890756	-0.863641	-0.787721	-0.686412	-0.578568	-0.477763	-0.392865	-0.328793	
1.59695	1.98314	2.29884	2.53401	2.67141	2.69499	2.60157	2.40321	2.11817	1.75953	1.33458	0.857718	0.363591	-0.0956566	-0.469292	-0.727412	-0.867339	-0.906962	-0.873202	-0.792763	-0.687887	-0.575995	-0.470564	-0.381479	-0.314721	
1.56679	1.93947	2.23878	2.45595	2.5804	2.60157	2.51728	2.33582	2.06852	1.72406	1.3138	0.861624	0.405181	-0.0139338	-0.361538	-0.616772	-0.77344	-0.838986	-0.830979	-0.771926	-0.684597	-0.58882	-0.499374	-0.424846	-0.367935	
1.49634	1.83183	2.09934	2.28523	2.3864	2.40321	2.33582	2.1838	1.94805	1.6371	1.27299	0.887256	0.508994	0.158438	-0.148831	-0.397498	-0.57579	-0.681252	-0.722108	-0.714197	-0.676011	-0.623824	-0.568626	-0.515658	-0.466193	
1.39202	1.65762	1.87858	2.02932	2.106	2.11817	2.06852	1.94805	1.75302	1.50121	1.22452	0.946001	0.670203	0.396458	0.133576	-0.102133	-0.297347	-0.446674	-0.551639	-0.618096	-0.65303	-0.662117	-0.649373	-0.618279	-0.573132	
1.27473	1.43816	1.58783	1.69586	1.75096	1.75953	1.72406	1.6371	1.50121	1.34009	1.17908	1.02194	0.855482	0.669696	0.465267	0.249031	0.032061	-0.17121	-0.347913	-0.49016	-0.594296	-0.659742	-0.68846	-0.684788	-0.655151	
1.16176	1.20545	1.25381	1.29946	1.32934	1.33458	1.3138	1.27299	1.22452	1.17908	1.13694	1.09087	1.03219	0.946443	0.8123	0.618549	0.378887	0.123554	-0.117774	-0.32391	-0.483694	-0.59487	-0.660677	-0.687549	-0.683278	
1.05114	0.975602	0.906866	0.868043	0.858112	0.857718	0.861624	0.887256	0.946001	1.02194	1.09087	1.14615	1.18645	1.18842	1.11609	0.954136	0.717358	0.437055	0.15062	-0.107387	-0.315386	-0.46636	-0.564264	-0.619983	-0.645447	
0.928731	0.743796	0.567743	0.438406	0.373355	0.363591	0.405181	0.508994	0.670203	0.855482	1.03219	1.18645	1.30427	1.36093	1.33677	1.22397	1.02263	0.751052	0.450367	0.16446	-0.0774161	-0.263333	-0.397645	-0.492836	-0.560399	
0.782255	0.503551	0.247466	0.0450743	-0.0750759	-0.0956566	-0.0139338	0.158438	0.396458	0.669696	0.946443	1.18842	1.36093	1.45501	1.47677	1.4174	1.26456	1.03406	0.762551	0.484791	0.228406	0.00819947	-0.174994	-0.323318	-0.439618	
0.605067	0.261481	-0.0427162	-0.28637	-0.441182	-0.469292	-0.361538	-0.148831	0.133576	0.465267	0.8123	1.11609	1.33677	1.47677	1.54373	1.53009	1.43775	1.28041	1.06795	0.817852	0.557386	0.306363	0.0798813	-0.109926	-0.261218	
0.397375	0.0327281	-0.287242	-0.539335	-0.698394	-0.727412	-0.616772	-0.397498	-0.102133	0.249031	0.618549	0.954136	1.22397	1.4174	1.53009	1.57403	1.56451	1.48965	1.33515	1.117	0.861881	0.597092	0.353746	0.147112	-0.0221847	
0.17047	-0.169705	-0.472586	-0.705679	-0.843474	-0.867339	-0.77344	-0.57579	-0.297347	0.032061	0.378887	0.717358	1.02263	1.26456	1.43775	1.56451	1.64142	1.6367	1.541	1.36535	1.12817	0.870774	0.630881	0.420022	0.242718	
-0.0553408	-0.338873	-0.594584	-0.787208	-0.890756	-0.906962	-0.838986	-0.681252	-0.446674	-0.17121	0.123554	0.437055	0.751052	1.03406	1.28041	1.48965	1.6367	1.7022	1.67825	1.55409	1.35279	1.12453	0.896375	0.685095	0.501651	
-0.259805	-0.472608	-0.659531	-0.796343	-0.863641	-0.873202	-0.830979	-0.722108	-0.551639	-0.347913	-0.117774	0.15062	0.450367	0.762551	1.06795	1.33515	1.541	1.67825	1.72342	1.66497	1.53336	1.35236	1.13943	0.928073	0.732853	
-0.428923	-0.57117	-0.680148	-0.753481	-0.787721	-0.792763	-0.771926	-0.714197	-0.618096	-0.49016	-0.32391	-0.107387	0.16446	0.484791	0.817852	1.117	1.36535	1.55409	1.66497	1.69931	1.65489	1.52182	1.3326	1.12842	0.932919	
-0.556163	-0.63563	-0.670291	-0.681547	-0.686412	-0.687887	-0.684597	-0.676011	-0.65303	-0.594296	-0.483694	-0.315386	-0.0774161	0.228406	0.557386	0.861881	1.12817	1.35279	1.53336	1.65489	1.67738	1.59688	1.45329	1.27833	1.10905	
-0.641075	-0.668074	-0.641506	-0.60028	-0.578568	-0.575995	-0.58882	-0.623824	-0.662117	-0.659742	-0.59487	-0.46636	-0.263333	0.00819947	0.306363	0.597092	0.870774	1.12453	1.35236	1.52182	1.59688	1.58276	1.49777	1.36886	1.23049	
-0.686115	-0.671953	-0.60215	-0.523086	-0.477763	-0.470564	-0.499374	-0.568626	-0.649373	-0.68846	-0.660677	-0.564264	-0.397645	-0.174994	0.0798813	0.353746	0.630881	0.896375	1.13943	1.3326	1.45329	1.49777	1.46752	1.38207	1.26236	
-0.695111	-0.651351	-0.557422	-0.456929	-0.392865	-0.381479	-0.424846	-0.515658	-0.618279	-0.684788	-0.687549	-0.619983	-0.492836	-0.323318	-0.109926	0.147112	0.420022	0.685095	0.928073	1.12842	1.27833	1.36886	1.38207	1.32212	1.21881	
-0.67428	-0.610952	-0.509754	-0.403704	-0.328793	-0.314721	-0.367935	-0.466193	-0.573132	-0.655151	-0.683278	-0.645447	-0.560399	-0.439618	-0.261218	-0.0221847	0.242718	0.501651	0.732853	0.932919	1.10905	1.23049	1.26236	1.21881	1.13808	
