-1.06543	-1.0392	-0.935033	-0.764251	-0.558222	-0.33232	-0.100896	0.112844	0.304087	0.445367	0.503089	0.490395	0.405987	0.286576	0.162153	0.0512972	-0.0327819	-0.0863274	-0.121918	-0.134566	-0.14305	-0.140961	-0.139401	-0.135467	-0.131904	
-1.0392	-1.05559	-0.992814	-0.862866	-0.67837	-0.464382	-0.246821	-0.0347425	0.165465	0.31718	0.403112	0.414212	0.345873	0.239188	0.113274	-0.00288389	-0.0912453	-0.154094	-0.190683	-0.206045	-0.214692	-0.208773	-0.208066	-0.19823	-0.195353	
-0.935033	-0.992814	-0.982215	-0.897739	-0.747855	-0.561535	-0.36006	-0.154318	0.044063	0.205737	0.315007	0.343031	0.294713	0.196278	0.0662707	-0.0545048	-0.15606	-0.229626	-0.272461	-0.297426	-0.305335	-0.304365	-0.301646	-0.292177	-0.288686	
-0.764251	-0.862866	-0.897739	-0.859791	-0.749989	-0.591039	-0.410749	-0.220107	-0.0323477	0.131376	0.249483	0.290217	0.258217	0.161499	0.0318074	-0.0989555	-0.214037	-0.29818	-0.352932	-0.385444	-0.396806	-0.40171	-0.396718	-0.391704	-0.38497	
-0.558222	-0.67837	-0.747855	-0.749989	-0.673976	-0.54653	-0.390584	-0.219621	-0.0475494	0.110293	0.229845	0.28189	0.258384	0.166584	0.0341786	-0.1087	-0.237448	-0.337988	-0.407427	-0.450778	-0.471918	-0.482941	-0.48206	-0.481805	-0.475213	
-0.33232	-0.464382	-0.561535	-0.591039	-0.54653	-0.445152	-0.307761	-0.152268	0.00721535	0.157836	0.279881	0.337076	0.322497	0.233265	0.0946761	-0.060366	-0.208625	-0.328386	-0.417177	-0.475906	-0.510639	-0.53019	-0.538223	-0.541736	-0.541019	
-0.100896	-0.246821	-0.36006	-0.410749	-0.390584	-0.307761	-0.182387	-0.0352477	0.113972	0.264067	0.385716	0.4512	0.447811	0.361316	0.223449	0.0560214	-0.107944	-0.247109	-0.355241	-0.43121	-0.479607	-0.512005	-0.527664	-0.540324	-0.543907	
0.112844	-0.0347425	-0.154318	-0.220107	-0.219621	-0.152268	-0.0352477	0.102259	0.249791	0.40005	0.524645	0.606614	0.614953	0.542668	0.409571	0.237078	0.0620635	-0.093346	-0.220295	-0.310746	-0.376237	-0.418258	-0.445729	-0.465287	-0.475745	
0.304087	0.165465	0.044063	-0.0323477	-0.0475494	0.00721535	0.113972	0.249791	0.398799	0.550061	0.685528	0.781154	0.806813	0.751928	0.627534	0.455889	0.275062	0.106149	-0.0332459	-0.137651	-0.215346	-0.265251	-0.302877	-0.325559	-0.343782	
0.445367	0.31718	0.205737	0.131376	0.110293	0.157836	0.264067	0.40005	0.550061	0.707268	0.849032	0.959526	1.00374	0.968216	0.857701	0.693338	0.510975	0.335059	0.187032	0.0710556	-0.0135355	-0.0728249	-0.114302	-0.142954	-0.163556	
0.503089	0.403112	0.315007	0.249483	0.229845	0.279881	0.385716	0.524645	0.685528	0.849032	1.00415	1.13362	1.19844	1.1869	1.094	0.940061	0.759666	0.579997	0.423115	0.300163	0.205815	0.142293	0.094112	0.063844	0.039174	
0.490395	0.414212	0.343031	0.290217	0.28189	0.337076	0.4512	0.606614	0.781154	0.959526	1.13362	1.28182	1.37117	1.38588	1.31341	1.17493	1.00201	0.82082	0.662701	0.531899	0.434722	0.365701	0.31555	0.28324	0.257384	
0.405987	0.345873	0.294713	0.258217	0.258384	0.322497	0.447811	0.614953	0.806813	1.00374	1.19844	1.37117	1.4911	1.53689	1.49257	1.37789	1.2164	1.04347	0.885106	0.75315	0.654316	0.582618	0.532567	0.499143	0.473844	
0.286576	0.239188	0.196278	0.161499	0.166584	0.233265	0.361316	0.542668	0.751928	0.968216	1.1869	1.38588	1.53689	1.61553	1.60346	1.51335	1.37088	1.20803	1.05532	0.926043	0.828604	0.758641	0.710784	0.679486	0.657123	
0.162153	0.113274	0.0662707	0.0318074	0.0341786	0.0946761	0.223449	0.409571	0.627534	0.857701	1.094	1.31341	1.49257	1.60346	1.62194	1.56167	1.43947	1.29185	1.14887	1.02502	0.933369	0.866999	0.824407	0.79724	0.779643	
0.0512972	-0.00288389	-0.0545048	-0.0989555	-0.1087	-0.060366	0.0560214	0.237078	0.455889	0.693338	0.940061	1.17493	1.37789	1.51335	1.56167	1.52598	1.42308	1.29018	1.15476	1.03731	0.950172	0.887503	0.850508	0.827068	0.815028	
-0.0327819	-0.0912453	-0.15606	-0.214037	-0.237448	-0.208625	-0.107944	0.0620635	0.275062	0.510975	0.759666	1.00201	1.2164	1.37088	1.43947	1.42308	1.33614	1.21346	1.08426	0.971281	0.88627	0.827409	0.793567	0.773999	0.766668	
-0.0863274	-0.154094	-0.229626	-0.29818	-0.337988	-0.328386	-0.247109	-0.093346	0.106149	0.335059	0.579997	0.82082	1.04347	1.20803	1.29185	1.29018	1.21346	1.09773	0.971116	0.85783	0.772928	0.71306	0.679997	0.661574	0.655548	
-0.121918	-0.190683	-0.272461	-0.352932	-0.407427	-0.417177	-0.355241	-0.220295	-0.0332459	0.187032	0.423115	0.662701	0.885106	1.05532	1.14887	1.15476	1.08426	0.971116	0.841727	0.726489	0.636438	0.573607	0.538569	0.517795	0.512909	
-0.134566	-0.206045	-0.297426	-0.385444	-0.450778	-0.475906	-0.43121	-0.310746	-0.137651	0.0710556	0.300163	0.531899	0.75315	0.926043	1.02502	1.03731	0.971281	0.85783	0.726489	0.605957	0.510036	0.443033	0.402221	0.380115	0.371308	
-0.14305	-0.214692	-0.305335	-0.396806	-0.471918	-0.510639	-0.479607	-0.376237	-0.215346	-0.0135355	0.205815	0.434722	0.654316	0.828604	0.933369	0.950172	0.88627	0.772928	0.636438	0.510036	0.407472	0.332693	0.28803	0.25952	0.249409	
-0.140961	-0.208773	-0.304365	-0.40171	-0.482941	-0.53019	-0.512005	-0.418258	-0.265251	-0.0728249	0.142293	0.365701	0.582618	0.758641	0.866999	0.887503	0.827409	0.71306	0.573607	0.443033	0.332693	0.254676	0.202311	0.172363	0.156991	
-0.139401	-0.208066	-0.301646	-0.396718	-0.48206	-0.538223	-0.527664	-0.445729	-0.302877	-0.114302	0.094112	0.31555	0.532567	0.710784	0.824407	0.850508	0.793567	0.679997	0.538569	0.402221	0.28803	0.202311	0.14712	0.111093	0.0942326	
-0.135467	-0.19823	-0.292177	-0.391704	-0.481805	-0.541736	-0.540324	-0.465287	-0.325559	-0.142954	0.063844	0.28324	0.499143	0.679486	0.79724	0.827068	0.773999	0.661574	0.517795	0.380115	0.25952	0.172363	0.111093	0.0744126	0.0535037	
-0.131904	-0.195353	-0.288686	-0.38497	-0.475213	-0.541019	-0.543907	-0.475745	-0.343782	-0.163556	0.039174	0.257384	0.473844	0.657123	0.779643	0.815028	0.766668	0.655548	0.512909	0.371308	0.249409	0.156991	0.0942326	0.0535037	0.0318417	
-0.129009	-0.188015	-0.27935	-0.37797	-0.472633	-0.540028	-0.548936	-0.486276	-0.355671	-0.178874	0.0234762	0.241181	0.458121	0.643388	0.769652	0.808957	0.763506	0.654831	0.510689	0.369077	0.243105	0.14997	0.0834077	0.0425107	0.0181662	
-0.126563	-0.1851	-0.276743	-0.373735	-0.466873	-0.537798	-0.549508	-0.490329	-0.364591	-0.189519	0.0102806	0.227525	0.444287	0.631927	0.761831	0.804835	0.764044	0.656474	0.514278	0.370784	0.244403	0.148533	0.0812689	0.0380381	0.0137194	
-0.124302	-0.18126	-0.270943	-0.3681	-0.464612	-0.536358	-0.55128	-0.495915	-0.371519	-0.198223	0.00175315	0.21847	0.436623	0.625723	0.757994	0.804471	0.76518	0.659755	0.51696	0.373262	0.245008	0.148386	0.0790603	0.0358818	0.00967468	
-0.123971	-0.179129	-0.268953	-0.366467	-0.461608	-0.53489	-0.551655	-0.497766	-0.374962	-0.202704	-0.00432606	0.212839	0.429913	0.620158	0.754583	0.802239	0.766057	0.661259	0.519465	0.375628	0.246841	0.149448	0.0798699	0.0354549	0.00989246	
-0.121849	-0.178374	-0.267614	-0.363771	-0.46042	-0.53417	-0.551654	-0.499229	-0.378238	-0.206515	-0.0076335	0.208415	0.427257	0.61823	0.753372	0.803371	0.767375	0.66345	0.521956	0.377155	0.248381	0.150064	0.0797445	0.0355176	0.00859928	
-0.123603	-0.177355	-0.26623	-0.364202	-0.460523	-0.534113	-0.552437	-0.500161	-0.377466	-0.206022	-0.00781566	0.209561	0.426648	0.617522	0.753097	0.801885	0.766704	0.66286	0.520796	0.377258	0.247528	0.150036	0.0797113	0.035156	0.0092248	
-0.121859	-0.179466	-0.269195	-0.364953	-0.460672	-0.534361	-0.551132	-0.497819	-0.377257	-0.205064	-0.00626764	0.209567	0.428501	0.619158	0.753922	0.803425	0.7672	0.662705	0.521642	0.376424	0.248384	0.14981	0.0800746	0.0356582	0.00909934	
-0.125045	-0.179536	-0.268888	-0.367407	-0.463819	-0.535774	-0.552262	-0.497604	-0.372371	-0.199906	-0.000567214	0.217028	0.43376	0.623265	0.75654	0.802787	0.765039	0.659988	0.517013	0.374183	0.244868	0.148682	0.0789627	0.0353798	0.00974069	
-0.124657	-0.184642	-0.275466	-0.371251	-0.465277	-0.536827	-0.549523	-0.491836	-0.368507	-0.193736	0.00595959	0.222264	0.440688	0.628904	0.760036	0.805128	0.765044	0.658125	0.516496	0.371714	0.245621	0.148277	0.0807554	0.0369961	0.0119378	
-0.128251	-0.185783	-0.277027	-0.37611	-0.471087	-0.539218	-0.55033	-0.488966	-0.358739	-0.183373	0.0184908	0.23623	0.452392	0.638536	0.766246	0.806483	0.76304	0.654893	0.510927	0.369409	0.242311	0.148972	0.081488	0.0401342	0.0156124	
-0.130491	-0.193716	-0.28596	-0.381956	-0.473392	-0.540241	-0.545251	-0.479606	-0.349882	-0.170491	0.0314938	0.249251	0.466634	0.65069	0.775098	0.812443	0.765457	0.655032	0.512479	0.36975	0.247206	0.153232	0.0897502	0.0480394	0.0257575	
-0.133403	-0.196194	-0.289937	-0.389008	-0.480303	-0.541745	-0.543253	-0.470533	-0.332771	-0.152011	0.0540617	0.272469	0.488447	0.669647	0.789284	0.820934	0.769755	0.657817	0.514031	0.375267	0.253356	0.164806	0.102167	0.0645397	0.0427096	
-0.138487	-0.205226	-0.298772	-0.394543	-0.481469	-0.539692	-0.53262	-0.454284	-0.313637	-0.127241	0.0798081	0.300665	0.517248	0.696557	0.811989	0.839747	0.78454	0.671129	0.529118	0.391515	0.275254	0.188127	0.131009	0.0939652	0.0759471	
-0.139454	-0.208505	-0.303308	-0.400277	-0.484242	-0.534338	-0.520275	-0.430789	-0.281536	-0.0912397	0.121875	0.343543	0.560989	0.737109	0.847847	0.870184	0.811257	0.697114	0.556535	0.423688	0.311446	0.230509	0.176625	0.144604	0.128128	
-0.143475	-0.213098	-0.306291	-0.399264	-0.476957	-0.51979	-0.493967	-0.395441	-0.237811	-0.0403132	0.1771	0.403998	0.621941	0.797636	0.903462	0.92206	0.859797	0.745836	0.608356	0.480099	0.37435	0.298359	0.25037	0.221434	0.20906	
-0.138455	-0.211164	-0.301874	-0.391688	-0.461833	-0.492117	-0.453607	-0.340115	-0.172071	0.0339745	0.259093	0.489354	0.710687	0.883205	0.985361	0.998937	0.933778	0.820451	0.686691	0.563878	0.465313	0.394972	0.352998	0.328064	0.319059	
-0.128551	-0.198203	-0.285316	-0.368175	-0.427316	-0.443986	-0.389036	-0.260189	-0.0786476	0.136126	0.370057	0.606084	0.827871	1.00023	1.09539	1.10487	1.03633	0.923213	0.79363	0.676384	0.584073	0.520312	0.482366	0.462205	0.454912	
-0.103927	-0.172065	-0.249301	-0.323195	-0.369496	-0.36761	-0.294464	-0.148893	0.0462812	0.272368	0.513502	0.755086	0.978084	1.14482	1.23388	1.23477	1.16104	1.04678	0.918653	0.805415	0.71832	0.657571	0.624375	0.604675	0.600166	
-0.0564115	-0.119608	-0.190039	-0.251398	-0.281095	-0.260448	-0.166748	-0.00246547	0.204716	0.438136	0.686335	0.92753	1.14656	1.30609	1.38098	1.37228	1.28969	1.17055	1.04345	0.930265	0.846315	0.787228	0.753877	0.73559	0.728215	
0.0128296	-0.041338	-0.0972345	-0.147776	-0.162959	-0.121854	-0.0120649	0.164989	0.383659	0.621068	0.869671	1.10955	1.31718	1.46138	1.51875	1.49052	1.39487	1.26624	1.13309	1.01861	0.931626	0.871678	0.835736	0.814287	0.804615	
0.115593	0.0635289	0.0152218	-0.0214393	-0.0228048	0.0332412	0.1591	0.343851	0.561779	0.796586	1.03723	1.26331	1.4539	1.57515	1.60653	1.55752	1.44287	1.30205	1.16239	1.04066	0.951865	0.88587	0.846515	0.820005	0.805025	
0.236162	0.190202	0.146696	0.111581	0.116495	0.18182	0.30984	0.495614	0.710068	0.932125	1.15986	1.36725	1.52959	1.62171	1.62157	1.54283	1.40882	1.25106	1.10241	0.975151	0.879454	0.811588	0.764936	0.736007	0.71491	
0.360047	0.30563	0.259959	0.226459	0.22902	0.29531	0.42286	0.594561	0.793874	0.998877	1.20259	1.38674	1.51944	1.57845	1.54723	1.44239	1.28749	1.11882	0.961432	0.830325	0.731493	0.659604	0.610529	0.57689	0.552969	
0.464292	0.395061	0.332098	0.285403	0.281063	0.339849	0.458493	0.620424	0.801111	0.986912	1.16924	1.32584	1.42712	1.4533	1.39122	1.26128	1.09264	0.913316	0.755543	0.622968	0.525566	0.454768	0.404675	0.371733	0.345863	
0.506442	0.416718	0.336309	0.276562	0.259775	0.312111	0.419612	0.56344	0.730247	0.89785	1.06098	1.1976	1.27196	1.27076	1.18538	1.03708	0.858658	0.678083	0.519453	0.393551	0.296827	0.231555	0.181482	0.150944	0.124803	
