-0.182079	0.0439016	0.270607	0.461186	0.591952	0.664453	0.686715	0.665461	0.622329	0.57043	0.520528	0.478324	0.453925	0.451478	0.466169	0.491154	0.526582	0.566396	0.600778	0.635015	0.66407	0.687594	0.708464	0.726842	0.74521	
0.0439016	0.263428	0.479045	0.660078	0.781429	0.850841	0.873716	0.846227	0.790876	0.722813	0.660576	0.611438	0.580035	0.568712	0.571982	0.579057	0.589922	0.603038	0.60745	0.608583	0.61071	0.610788	0.608624	0.610694	0.610451	
0.270607	0.479045	0.682201	0.853299	0.967406	1.02893	1.03364	0.985101	0.905234	0.818682	0.745655	0.685983	0.64519	0.622911	0.61284	0.603557	0.594107	0.582533	0.563289	0.542927	0.524379	0.50748	0.489349	0.473812	0.457092	
0.461186	0.660078	0.853299	1.01905	1.124	1.16196	1.13723	1.06022	0.958007	0.855929	0.768325	0.697341	0.646506	0.611482	0.587249	0.5615	0.531741	0.504744	0.478092	0.448963	0.425043	0.402113	0.368781	0.338937	0.31006	
0.591952	0.781429	0.967406	1.124	1.20538	1.21242	1.15651	1.06095	0.945967	0.832241	0.737492	0.661283	0.602328	0.552889	0.510276	0.46671	0.426306	0.396177	0.370479	0.343798	0.318395	0.288381	0.249986	0.218547	0.189713	
0.664453	0.850841	1.02893	1.16196	1.21242	1.18547	1.10523	0.995714	0.868292	0.750368	0.655467	0.578845	0.514137	0.453617	0.402488	0.360051	0.323233	0.293979	0.269338	0.234832	0.200535	0.172934	0.142542	0.122007	0.106058	
0.686715	0.873716	1.03364	1.13723	1.15651	1.10523	1.00732	0.885596	0.755338	0.640792	0.547272	0.466781	0.394923	0.332222	0.28887	0.257436	0.226923	0.199664	0.172107	0.136653	0.109081	0.0880334	0.0660663	0.0537605	0.0399813	
0.665461	0.846227	0.985101	1.06022	1.06095	0.995714	0.885596	0.763187	0.638917	0.528461	0.429466	0.342321	0.27249	0.221456	0.188682	0.164161	0.13785	0.109879	0.0876064	0.0640283	0.0454938	0.0337531	0.0184524	0.0026094	-0.0123168	
0.622329	0.790876	0.905234	0.958007	0.945967	0.868292	0.755338	0.638917	0.522076	0.411374	0.309731	0.232004	0.179869	0.141325	0.111511	0.0877626	0.0601484	0.0357693	0.0238936	0.0108981	0.00140861	-0.00651508	-0.01854	-0.0287303	-0.0388319	
0.57043	0.722813	0.818682	0.855929	0.832241	0.750368	0.640792	0.528461	0.411374	0.299464	0.207795	0.149241	0.109193	0.0747515	0.0466	0.0254255	0.00672906	-0.0077336	-0.0143184	-0.0209244	-0.0295735	-0.0389583	-0.0455697	-0.0525291	-0.0569017	
0.520528	0.660576	0.745655	0.768325	0.737492	0.655467	0.547272	0.429466	0.309731	0.207795	0.13476	0.0875945	0.0507706	0.0221793	-0.00109039	-0.0148794	-0.0241907	-0.0334277	-0.0372352	-0.04327	-0.0539571	-0.0605075	-0.0594991	-0.0614879	-0.0634568	
0.478324	0.611438	0.685983	0.697341	0.661283	0.578845	0.466781	0.342321	0.232004	0.149241	0.0875945	0.0418027	0.0082018	-0.0149607	-0.0340641	-0.043277	-0.0457131	-0.049383	-0.0547214	-0.0578016	-0.0622086	-0.0666863	-0.0646683	-0.0679988	-0.0700573	
0.453925	0.580035	0.64519	0.646506	0.602328	0.514137	0.394923	0.27249	0.179869	0.109193	0.0507706	0.0082018	-0.0204387	-0.0384393	-0.0535369	-0.0580204	-0.0548876	-0.0603508	-0.0690902	-0.0673455	-0.0679418	-0.0691493	-0.0642471	-0.0689283	-0.0730746	
0.451478	0.568712	0.622911	0.611482	0.552889	0.453617	0.332222	0.221456	0.141325	0.0747515	0.0221793	-0.0149607	-0.0384393	-0.0510068	-0.0584484	-0.0593974	-0.0631102	-0.0730245	-0.0774542	-0.0706324	-0.0690468	-0.0706323	-0.0686943	-0.0711822	-0.0708269	
0.466169	0.571982	0.61284	0.587249	0.510276	0.402488	0.28887	0.188682	0.111511	0.0466	-0.00109039	-0.0340641	-0.0535369	-0.0584484	-0.0589945	-0.0666365	-0.0738632	-0.0722252	-0.0701549	-0.0676609	-0.0697172	-0.0742841	-0.0766936	-0.0763083	-0.0708112	
0.491154	0.579057	0.603557	0.5615	0.46671	0.360051	0.257436	0.164161	0.0877626	0.0254255	-0.0148794	-0.043277	-0.0580204	-0.0593974	-0.0666365	-0.0805456	-0.0774789	-0.0660474	-0.0679765	-0.0710146	-0.072072	-0.0744103	-0.073015	-0.0678259	-0.0683778	
0.526582	0.589922	0.594107	0.531741	0.426306	0.323233	0.226923	0.13785	0.0601484	0.00672906	-0.0241907	-0.0457131	-0.0548876	-0.0631102	-0.0738632	-0.0774789	-0.0697246	-0.0685644	-0.0772054	-0.0783097	-0.0728448	-0.0676687	-0.0661819	-0.0671816	-0.0711365	
0.566396	0.603038	0.582533	0.504744	0.396177	0.293979	0.199664	0.109879	0.0357693	-0.0077336	-0.0334277	-0.049383	-0.0603508	-0.0730245	-0.0722252	-0.0660474	-0.0685644	-0.0738886	-0.0746772	-0.0742921	-0.0702011	-0.0678466	-0.0745523	-0.0735988	-0.0696511	
0.600778	0.60745	0.563289	0.478092	0.370479	0.269338	0.172107	0.0876064	0.0238936	-0.0143184	-0.0372352	-0.0547214	-0.0690902	-0.0774542	-0.0701549	-0.0679765	-0.0772054	-0.0746772	-0.0658648	-0.0677226	-0.068516	-0.0701276	-0.0767562	-0.0720427	-0.0663518	
0.635015	0.608583	0.542927	0.448963	0.343798	0.234832	0.136653	0.0640283	0.0108981	-0.0209244	-0.04327	-0.0578016	-0.0673455	-0.0706324	-0.0676609	-0.0710146	-0.0783097	-0.0742921	-0.0677226	-0.0730516	-0.0733355	-0.068711	-0.0660063	-0.0641222	-0.0689348	
0.66407	0.61071	0.524379	0.425043	0.318395	0.200535	0.109081	0.0454938	0.00140861	-0.0295735	-0.0539571	-0.0622086	-0.0679418	-0.0690468	-0.0697172	-0.072072	-0.0728448	-0.0702011	-0.068516	-0.0733355	-0.0715455	-0.0700124	-0.0680938	-0.0668592	-0.072192	
0.687594	0.610788	0.50748	0.402113	0.288381	0.172934	0.0880334	0.0337531	-0.00651508	-0.0389583	-0.0605075	-0.0666863	-0.0691493	-0.0706323	-0.0742841	-0.0744103	-0.0676687	-0.0678466	-0.0701276	-0.068711	-0.0700124	-0.0691173	-0.067543	-0.0737748	-0.0716328	
0.708464	0.608624	0.489349	0.368781	0.249986	0.142542	0.0660663	0.0184524	-0.01854	-0.0455697	-0.0594991	-0.0646683	-0.0642471	-0.0686943	-0.0766936	-0.073015	-0.0661819	-0.0745523	-0.0767562	-0.0660063	-0.0680938	-0.067543	-0.0654631	-0.0698549	-0.0641072	
0.726842	0.610694	0.473812	0.338937	0.218547	0.122007	0.0537605	0.0026094	-0.0287303	-0.0525291	-0.0614879	-0.0679988	-0.0689283	-0.0711822	-0.0763083	-0.0678259	-0.0671816	-0.0735988	-0.0720427	-0.0641222	-0.0668592	-0.0737748	-0.0698549	-0.0657353	-0.0643967	
0.74521	0.610451	0.457092	0.31006	0.189713	0.106058	0.0399813	-0.0123168	-0.0388319	-0.0569017	-0.0634568	-0.0700573	-0.0730746	-0.0708269	-0.0708112	-0.0683778	-0.0711365	-0.0696511	-0.0663518	-0.0689348	-0.072192	-0.0716328	-0.0641072	-0.0643967	-0.0711179	
0.759867	0.601691	0.436461	0.279274	0.163316	0.0888019	0.0237453	-0.021719	-0.0460597	-0.0550294	-0.0619297	-0.0678944	-0.0730258	-0.0710226	-0.068874	-0.0745198	-0.0730936	-0.0692836	-0.0683619	-0.0713312	-0.0672944	-0.0611771	-0.0683176	-0.0699489	-0.0675825	
0.773035	0.595835	0.420518	0.261043	0.148518	0.0742537	0.0114035	-0.0287999	-0.0525927	-0.0584798	-0.0654322	-0.0721825	-0.0745074	-0.0724623	-0.0662355	-0.0731896	-0.0722493	-0.0648466	-0.0688044	-0.0718727	-0.0652151	-0.0651387	-0.0735637	-0.0684282	-0.06241	
0.782036	0.588029	0.403929	0.248983	0.136744	0.0563379	0.000982071	-0.0353227	-0.0556923	-0.0619258	-0.0688574	-0.0724159	-0.0718122	-0.0714451	-0.0651101	-0.0714825	-0.0737421	-0.0636949	-0.0693151	-0.0727372	-0.067833	-0.0706566	-0.0665199	-0.0609556	-0.0666868	
0.786868	0.576123	0.389271	0.241624	0.127844	0.0423223	-0.00465105	-0.0356919	-0.052643	-0.0627266	-0.0702708	-0.0692494	-0.0709662	-0.0732618	-0.0728844	-0.0724632	-0.0701152	-0.0684767	-0.0701391	-0.0673116	-0.0633942	-0.0663596	-0.0679926	-0.0683461	-0.0707841	
0.793723	0.570264	0.384214	0.241392	0.122451	0.0360613	-0.0118288	-0.0361621	-0.0538777	-0.0689985	-0.0711621	-0.0704715	-0.0698937	-0.0708081	-0.0756211	-0.0667989	-0.0657364	-0.0751058	-0.0682956	-0.0644154	-0.0712695	-0.0678091	-0.0646306	-0.0689245	-0.0653223	
0.795162	0.569041	0.383617	0.241554	0.121297	0.0354178	-0.0140596	-0.0357653	-0.0546554	-0.070762	-0.0707109	-0.0717006	-0.0692015	-0.06986	-0.0756253	-0.0647515	-0.0662153	-0.0763005	-0.0659332	-0.0644461	-0.0755578	-0.0692885	-0.062588	-0.0670829	-0.0627293	
0.789622	0.572664	0.386221	0.241112	0.125551	0.039141	-0.00738643	-0.0352289	-0.0523689	-0.0649076	-0.0706924	-0.0693226	-0.0710048	-0.0731438	-0.0750128	-0.0706576	-0.068484	-0.071347	-0.0686458	-0.0655747	-0.0651778	-0.0655312	-0.0681909	-0.0704268	-0.0691911	
0.784389	0.583344	0.397089	0.2453	0.132591	0.049196	-0.00176082	-0.0366901	-0.054679	-0.062357	-0.0699592	-0.0700426	-0.0710759	-0.0717336	-0.06742	-0.0719352	-0.0721395	-0.0658383	-0.0710547	-0.0711876	-0.065842	-0.0692774	-0.0659002	-0.0624366	-0.0697073	
0.776925	0.593172	0.41393	0.255938	0.143636	0.0678325	0.00693445	-0.0314478	-0.0542873	-0.0602802	-0.0667607	-0.073915	-0.0736004	-0.0720207	-0.065948	-0.0719734	-0.0727146	-0.0631786	-0.068496	-0.072411	-0.0664114	-0.0690946	-0.071225	-0.0643612	-0.0635866	
0.765214	0.599188	0.429881	0.270529	0.156256	0.0831565	0.0186694	-0.024746	-0.0489212	-0.0555702	-0.0625603	-0.0697139	-0.0739293	-0.0712483	-0.0680548	-0.0751965	-0.0730381	-0.0675846	-0.0686304	-0.0715526	-0.0651453	-0.0612023	-0.0718387	-0.0705372	-0.0646831	
0.751267	0.607292	0.448897	0.296544	0.17794	0.0983464	0.0335389	-0.0172162	-0.0426189	-0.055794	-0.0629201	-0.0682016	-0.0732774	-0.070446	-0.0685866	-0.0713272	-0.0723488	-0.0697534	-0.067159	-0.0706703	-0.0716977	-0.0664433	-0.0639835	-0.0666072	-0.0708878	
0.734227	0.61134	0.468017	0.328033	0.207167	0.116356	0.0489924	-0.00295005	-0.0328692	-0.0552764	-0.0626527	-0.0699375	-0.0713446	-0.072268	-0.0748294	-0.0665718	-0.0682266	-0.0716641	-0.0687026	-0.0650536	-0.0691647	-0.0743647	-0.0684498	-0.0654915	-0.0669582	
0.715906	0.609121	0.48253	0.356255	0.236206	0.132969	0.0598639	0.0119788	-0.0225187	-0.0484702	-0.0599006	-0.0651813	-0.0644789	-0.0693924	-0.0770509	-0.0709721	-0.0666093	-0.075313	-0.0763977	-0.0646665	-0.0671778	-0.0702708	-0.066856	-0.067024	-0.0623554	
0.696169	0.609868	0.499727	0.38917	0.273466	0.160112	0.0786081	0.0277038	-0.0110477	-0.0414092	-0.0609822	-0.0657988	-0.0667959	-0.0698611	-0.0750073	-0.0747486	-0.0670031	-0.0699265	-0.0730235	-0.0677929	-0.0696	-0.0674807	-0.0658765	-0.0737298	-0.0693716	
0.674167	0.61113	0.517692	0.416879	0.308025	0.18997	0.100904	0.0407101	-0.000983873	-0.0338475	-0.0574294	-0.0649199	-0.0699467	-0.0699102	-0.0722493	-0.0724911	-0.0698533	-0.0689477	-0.0681039	-0.0711918	-0.0702218	-0.069959	-0.069949	-0.0706789	-0.0721203	
0.647807	0.60915	0.534959	0.43817	0.333169	0.219881	0.123913	0.0553823	0.00642129	-0.0242531	-0.0469521	-0.0586726	-0.0665604	-0.0687511	-0.0678367	-0.0714047	-0.0768202	-0.0731428	-0.068692	-0.0747582	-0.0735648	-0.0692856	-0.0646717	-0.0625905	-0.0708433	
0.614589	0.60789	0.555233	0.466449	0.360014	0.25666	0.158041	0.0788575	0.0183685	-0.0166703	-0.0391897	-0.0566587	-0.068633	-0.0757471	-0.0688447	-0.0696362	-0.0793593	-0.0735864	-0.0657089	-0.0695785	-0.0700655	-0.0696087	-0.0718828	-0.0692933	-0.0680715	
0.580256	0.605665	0.575459	0.494634	0.385885	0.284583	0.189674	0.100728	0.0306377	-0.0109654	-0.0354193	-0.051678	-0.0651834	-0.0760646	-0.0712795	-0.0657448	-0.0714593	-0.0749995	-0.070624	-0.069536	-0.0686119	-0.0702471	-0.0785602	-0.0739463	-0.0665665	
0.542841	0.595361	0.590021	0.520266	0.412792	0.309912	0.215229	0.125753	0.0487916	0.00039655	-0.028058	-0.0462699	-0.0557069	-0.066322	-0.0733662	-0.0725358	-0.06775	-0.0715325	-0.0785168	-0.0785396	-0.0723921	-0.0656671	-0.0676458	-0.0700512	-0.071588	
0.504011	0.582772	0.599809	0.550158	0.449644	0.345511	0.245447	0.154518	0.0771835	0.0173068	-0.0182538	-0.045288	-0.05707	-0.0604193	-0.0710453	-0.0811286	-0.0747203	-0.0653928	-0.0711169	-0.0753427	-0.072468	-0.0712151	-0.0695049	-0.0661496	-0.0694777	
0.474792	0.574677	0.608995	0.57735	0.492633	0.38426	0.276009	0.178236	0.102016	0.0373952	-0.0076295	-0.0384493	-0.0567962	-0.0591223	-0.0614643	-0.0729591	-0.0770711	-0.0694206	-0.0668711	-0.0674575	-0.0707015	-0.0764203	-0.0775535	-0.0726611	-0.0692277	
0.455963	0.568937	0.618421	0.600857	0.5354	0.431462	0.312328	0.206712	0.127956	0.0626293	0.0116264	-0.0232879	-0.0444541	-0.0542915	-0.0578784	-0.0608809	-0.0675398	-0.0748792	-0.0763314	-0.0695977	-0.0692706	-0.0714118	-0.071468	-0.0747377	-0.071295	
0.450065	0.573176	0.634097	0.631249	0.581654	0.489665	0.368439	0.250048	0.164204	0.0950179	0.0385096	-0.00228688	-0.0292116	-0.0445997	-0.0572724	-0.0594936	-0.0573713	-0.0657805	-0.0738677	-0.069164	-0.0684152	-0.069849	-0.0655604	-0.0692156	-0.0726397	
0.466123	0.596752	0.667291	0.674483	0.636285	0.551415	0.436745	0.311447	0.208224	0.132327	0.0718159	0.0272883	-0.00462387	-0.025794	-0.0432053	-0.0509383	-0.050491	-0.0540817	-0.0607798	-0.0624666	-0.06512	-0.067419	-0.0643897	-0.0683988	-0.071882	
0.502288	0.63872	0.719927	0.737488	0.704919	0.623459	0.513604	0.392959	0.275054	0.180733	0.113927	0.0675715	0.0318912	0.00544689	-0.0160978	-0.0273671	-0.0333611	-0.0407179	-0.0449737	-0.0497785	-0.0590625	-0.064851	-0.0625046	-0.0642997	-0.0652922	
