0.427372	0.348672	0.298991	0.27107	0.253818	0.251148	0.262718	0.286419	0.325136	0.393241	0.483262	0.584073	0.693456	0.799553	0.873002	0.903364	0.887891	0.814699	0.68745	0.529244	0.378381	0.252024	0.161187	0.114704	0.103468	
0.330842	0.247451	0.190879	0.156596	0.138438	0.136396	0.146718	0.175471	0.220759	0.295242	0.390462	0.502166	0.616238	0.730888	0.814077	0.859933	0.858682	0.808824	0.701178	0.561607	0.422777	0.304988	0.222703	0.194508	0.216069	
0.274955	0.192853	0.128795	0.0806307	0.0563612	0.0512391	0.0683109	0.106571	0.165664	0.239771	0.33117	0.436746	0.548908	0.65869	0.749368	0.807389	0.819869	0.782698	0.690574	0.569541	0.445424	0.340521	0.272496	0.265174	0.307932	
0.246082	0.167835	0.0988484	0.0450295	0.015694	0.0097123	0.030785	0.0742013	0.139646	0.213371	0.297467	0.39346	0.500333	0.602429	0.693282	0.752963	0.767426	0.732339	0.648492	0.538343	0.429498	0.343244	0.293097	0.306788	0.369229	
0.225735	0.147201	0.0816671	0.0369525	0.011518	0.00667645	0.025234	0.0610246	0.119227	0.192822	0.276942	0.371619	0.474456	0.564165	0.645649	0.695625	0.700067	0.65372	0.576385	0.471784	0.375875	0.303606	0.27707	0.303746	0.378375	
0.19611	0.116661	0.0601392	0.0300707	0.0113462	0.00774111	0.0216148	0.0458646	0.0905614	0.16287	0.248196	0.347161	0.447822	0.528419	0.588463	0.621971	0.608228	0.552234	0.46941	0.366331	0.273862	0.215523	0.206796	0.244119	0.325392	
0.152363	0.0770915	0.0275838	0.00369336	-0.0149409	-0.0186267	-0.00460475	0.0161511	0.0530636	0.12108	0.202958	0.297488	0.394347	0.471923	0.518547	0.530378	0.49396	0.424401	0.333715	0.22576	0.12962	0.0760663	0.0764707	0.125242	0.216425	
0.100221	0.0312953	-0.0157271	-0.0455028	-0.0675532	-0.073408	-0.054442	-0.0297833	0.00985962	0.0707498	0.147513	0.229718	0.318147	0.390573	0.435335	0.432899	0.379132	0.289588	0.182735	0.0651601	-0.032994	-0.0848525	-0.0872957	-0.0383474	0.0617057	
0.043607	-0.0219022	-0.0714852	-0.109199	-0.131732	-0.137562	-0.11912	-0.0886615	-0.0430601	0.0156445	0.0864067	0.160529	0.236197	0.300526	0.340235	0.33108	0.271269	0.170257	0.042074	-0.0962963	-0.199881	-0.252032	-0.254637	-0.209796	-0.105787	
-0.0220346	-0.08587	-0.139596	-0.180987	-0.200227	-0.204307	-0.190526	-0.158874	-0.107905	-0.0490697	0.0202625	0.0917179	0.157958	0.211382	0.244427	0.229419	0.164779	0.0594515	-0.0818624	-0.235673	-0.35392	-0.411251	-0.415489	-0.365792	-0.260579	
-0.0909017	-0.150424	-0.206291	-0.246601	-0.264572	-0.265856	-0.256723	-0.224747	-0.174002	-0.115479	-0.0482434	0.0284837	0.0931044	0.137317	0.158198	0.136619	0.0644442	-0.0488856	-0.196785	-0.352135	-0.475733	-0.544947	-0.556906	-0.508038	-0.403867	
-0.142934	-0.202351	-0.257307	-0.294519	-0.310242	-0.311832	-0.30321	-0.274873	-0.225277	-0.167973	-0.0999882	-0.019971	0.0520895	0.090821	0.0992722	0.0630623	-0.0165491	-0.136898	-0.282602	-0.434841	-0.55681	-0.636853	-0.658899	-0.619051	-0.523232	
-0.168527	-0.23608	-0.289434	-0.322458	-0.336783	-0.339794	-0.329718	-0.305442	-0.258988	-0.196722	-0.124546	-0.0444427	0.0259894	0.0644016	0.066846	0.0246132	-0.0674307	-0.192667	-0.332806	-0.476522	-0.601586	-0.688607	-0.713952	-0.67959	-0.590899	
-0.164408	-0.235775	-0.288838	-0.322794	-0.342728	-0.347281	-0.331861	-0.304813	-0.259279	-0.194201	-0.118324	-0.0420685	0.0228409	0.0590248	0.0638587	0.0261511	-0.0683383	-0.205295	-0.351909	-0.490018	-0.610571	-0.691808	-0.715046	-0.680154	-0.599837	
-0.117051	-0.183568	-0.237779	-0.279645	-0.308331	-0.314348	-0.292831	-0.256059	-0.207159	-0.14485	-0.0728663	-0.000928275	0.0631102	0.105275	0.111963	0.0714147	-0.0232643	-0.161226	-0.318129	-0.462523	-0.57606	-0.638268	-0.650475	-0.618089	-0.549535	
-0.0193481	-0.0829071	-0.139976	-0.185824	-0.215042	-0.219719	-0.200504	-0.159409	-0.106932	-0.0461503	0.024956	0.0972607	0.160687	0.206803	0.216694	0.164907	0.0638194	-0.0685686	-0.218201	-0.37003	-0.484274	-0.536366	-0.53758	-0.508888	-0.445518	
0.115776	0.0464591	-0.0131294	-0.0572879	-0.0746304	-0.0762466	-0.067043	-0.0335812	0.0216505	0.0863311	0.164165	0.244088	0.303476	0.339697	0.345138	0.295078	0.192195	0.0621662	-0.0810083	-0.227025	-0.346853	-0.405116	-0.401942	-0.366834	-0.298172	
0.278457	0.206477	0.1426	0.100715	0.0904691	0.0916939	0.093679	0.121911	0.179291	0.248933	0.328152	0.41176	0.471586	0.497779	0.491165	0.44414	0.350972	0.218313	0.0652483	-0.0777668	-0.190154	-0.254881	-0.260123	-0.219289	-0.144085	
0.446569	0.377725	0.315418	0.270513	0.252527	0.250197	0.260349	0.294226	0.351944	0.418461	0.4921	0.570677	0.635022	0.664616	0.651136	0.595957	0.500557	0.36565	0.204185	0.0605792	-0.0438097	-0.106618	-0.123301	-0.0858734	-0.0128585	
0.587504	0.523207	0.465655	0.41964	0.388156	0.382112	0.403588	0.446548	0.499318	0.560661	0.630358	0.705015	0.769712	0.803915	0.78992	0.724422	0.615562	0.474149	0.318699	0.176334	0.0701824	0.00773935	-0.0123098	0.0134614	0.0790189	
0.690748	0.622068	0.566055	0.522341	0.492206	0.486306	0.508021	0.547804	0.597897	0.661499	0.735545	0.806371	0.862588	0.893175	0.879973	0.812462	0.692401	0.54075	0.38909	0.253773	0.137686	0.0669991	0.0508108	0.0735719	0.127006	
0.744981	0.671328	0.612572	0.572314	0.55138	0.549367	0.561846	0.594445	0.64495	0.714225	0.793451	0.862	0.905127	0.926794	0.913506	0.847508	0.725146	0.565432	0.404785	0.266178	0.149222	0.0765004	0.0643392	0.0850378	0.124206	
0.745606	0.67688	0.617909	0.574184	0.557702	0.556955	0.564428	0.597366	0.652161	0.717131	0.793074	0.865269	0.907618	0.920647	0.900087	0.831342	0.710886	0.553994	0.383926	0.234019	0.117297	0.0505269	0.0388116	0.0608398	0.0940848	
0.709706	0.650248	0.588329	0.539865	0.522986	0.522411	0.528786	0.565866	0.625797	0.685896	0.750279	0.822863	0.87593	0.88977	0.856515	0.77632	0.656574	0.506866	0.33757	0.177503	0.0586214	-0.0032637	-0.0173452	-0.00102146	0.0358928	
0.654441	0.591965	0.529794	0.48363	0.46282	0.460434	0.472024	0.509096	0.56626	0.629445	0.692323	0.756707	0.810596	0.831156	0.794687	0.706573	0.581697	0.430097	0.262463	0.107353	-0.0112678	-0.0753597	-0.0944778	-0.0814844	-0.0409346	
0.58175	0.512301	0.459788	0.419714	0.388392	0.382369	0.405169	0.443522	0.488722	0.552159	0.626732	0.690372	0.733472	0.751038	0.719415	0.633939	0.506336	0.347025	0.178418	0.0307022	-0.0836449	-0.151641	-0.170832	-0.156454	-0.115365	
0.512301	0.444101	0.394706	0.353696	0.322576	0.31711	0.338707	0.378025	0.422406	0.482792	0.560807	0.631193	0.669426	0.678135	0.647756	0.569317	0.440388	0.275778	0.106805	-0.0338695	-0.147374	-0.221569	-0.241831	-0.218199	-0.173246	
0.459788	0.394706	0.329928	0.283361	0.270484	0.27106	0.274415	0.307668	0.368231	0.433674	0.501408	0.567912	0.610255	0.619189	0.589839	0.512434	0.380674	0.212045	0.0450445	-0.0926793	-0.202685	-0.275035	-0.294799	-0.272598	-0.228716	
0.419714	0.353696	0.283361	0.236353	0.227177	0.229014	0.228697	0.260468	0.324795	0.394203	0.45775	0.51953	0.564121	0.578678	0.547876	0.466894	0.334783	0.169661	0.00190478	-0.138417	-0.246987	-0.311256	-0.327252	-0.308025	-0.268443	
0.388392	0.322576	0.270484	0.227177	0.196066	0.190392	0.212067	0.252601	0.300284	0.360395	0.433456	0.501533	0.547149	0.560328	0.522602	0.433881	0.309589	0.157521	-0.00972655	-0.163204	-0.278218	-0.335714	-0.342086	-0.322362	-0.285978	
0.382369	0.31711	0.27106	0.229014	0.190392	0.18287	0.21122	0.254998	0.296617	0.354073	0.429768	0.500985	0.546162	0.559088	0.518243	0.42786	0.305298	0.157999	-0.00969659	-0.166388	-0.28421	-0.341017	-0.345946	-0.324282	-0.286906	
0.405169	0.338707	0.274415	0.228697	0.212067	0.21122	0.218899	0.253035	0.311748	0.378417	0.445691	0.508276	0.553448	0.568405	0.535859	0.450624	0.321305	0.161649	-0.00525564	-0.1516	-0.26216	-0.322426	-0.334263	-0.315949	-0.278233	
0.443522	0.378025	0.307668	0.260468	0.252601	0.254998	0.253035	0.284717	0.349348	0.418067	0.482222	0.545994	0.588667	0.60063	0.571768	0.49412	0.36027	0.191285	0.0239281	-0.112541	-0.220883	-0.29099	-0.310873	-0.289884	-0.246901	
0.488722	0.422406	0.368231	0.324795	0.300284	0.296617	0.311748	0.349348	0.399812	0.460457	0.535337	0.605654	0.645556	0.65225	0.622293	0.544974	0.415824	0.248901	0.0807926	-0.0585431	-0.171011	-0.245481	-0.265021	-0.241004	-0.196596	
0.552159	0.482792	0.433674	0.394203	0.360395	0.354073	0.378417	0.418067	0.460457	0.522489	0.599678	0.666924	0.707051	0.720907	0.688795	0.606679	0.479405	0.318167	0.14823	0.00345732	-0.110448	-0.181146	-0.200334	-0.182109	-0.139428	
0.626732	0.560807	0.501408	0.45775	0.433456	0.429768	0.445691	0.482222	0.535337	0.599678	0.666768	0.728614	0.779049	0.799908	0.76559	0.676992	0.550554	0.395631	0.228269	0.0764093	-0.040454	-0.105671	-0.125416	-0.113247	-0.0726936	
0.690372	0.631193	0.567912	0.51953	0.501533	0.500985	0.508276	0.545994	0.605654	0.666924	0.728614	0.798423	0.852637	0.869957	0.834461	0.750403	0.627597	0.478186	0.310288	0.151365	0.0317491	-0.0311643	-0.0475236	-0.0326467	0.00679218	
0.733472	0.669426	0.610255	0.564121	0.547149	0.546162	0.553448	0.588667	0.645556	0.707051	0.779049	0.852637	0.89896	0.910743	0.88531	0.812111	0.692847	0.539706	0.368962	0.213134	0.095641	0.0320627	0.020211	0.0407192	0.0743189	
0.751038	0.678135	0.619189	0.578678	0.560328	0.559088	0.568405	0.60063	0.65225	0.720907	0.799908	0.869957	0.910743	0.928544	0.91264	0.846414	0.725363	0.56567	0.399666	0.257085	0.141364	0.0697723	0.0579451	0.0790846	0.115121	
0.719415	0.647756	0.589839	0.547876	0.522602	0.518243	0.535859	0.571768	0.622293	0.688795	0.76559	0.834461	0.88531	0.91264	0.89984	0.832807	0.711101	0.555197	0.400923	0.266368	0.148541	0.0758222	0.061409	0.083359	0.130431	
0.633939	0.569317	0.512434	0.466894	0.433881	0.42786	0.450624	0.49412	0.544974	0.606679	0.676992	0.750403	0.812111	0.846414	0.832807	0.765908	0.651159	0.505876	0.353181	0.21363	0.103343	0.0385057	0.0201624	0.0430616	0.10394	
0.506336	0.440388	0.380674	0.334783	0.309589	0.305298	0.321305	0.36027	0.415824	0.479405	0.550554	0.627597	0.692847	0.725363	0.711101	0.651159	0.550581	0.41429	0.253948	0.110207	0.00627917	-0.0551262	-0.0743413	-0.0416717	0.0290217	
0.347025	0.275778	0.212045	0.169661	0.157521	0.157999	0.161649	0.191285	0.248901	0.318167	0.395631	0.478186	0.539706	0.56567	0.555197	0.505876	0.41429	0.280412	0.122974	-0.0203154	-0.128345	-0.194371	-0.204384	-0.16339	-0.0874738	
0.178418	0.106805	0.0450445	0.00190478	-0.00972655	-0.00969659	-0.00525564	0.0239281	0.0807926	0.14823	0.228269	0.310288	0.368962	0.399666	0.400923	0.353181	0.253948	0.122974	-0.0228678	-0.166394	-0.28487	-0.346552	-0.345198	-0.306342	-0.235265	
0.0307022	-0.0338695	-0.0926793	-0.138417	-0.163204	-0.166388	-0.1516	-0.112541	-0.0585431	0.00345732	0.0764093	0.151365	0.213134	0.257085	0.266368	0.21363	0.110207	-0.0203154	-0.166394	-0.316579	-0.433272	-0.486315	-0.48531	-0.454922	-0.390393	
-0.0836449	-0.147374	-0.202685	-0.246987	-0.278218	-0.28421	-0.26216	-0.220883	-0.171011	-0.110448	-0.040454	0.0317491	0.095641	0.141364	0.148541	0.103343	0.00627917	-0.128345	-0.28487	-0.433272	-0.546525	-0.602681	-0.609467	-0.578798	-0.513641	
-0.151641	-0.221569	-0.275035	-0.311256	-0.335714	-0.341017	-0.322426	-0.29099	-0.245481	-0.181146	-0.105671	-0.0311643	0.0320627	0.0697723	0.0758222	0.0385057	-0.0551262	-0.194371	-0.346552	-0.486315	-0.602681	-0.676728	-0.696509	-0.662829	-0.58704	
-0.170832	-0.241831	-0.294799	-0.327252	-0.342086	-0.345946	-0.334263	-0.310873	-0.265021	-0.200334	-0.125416	-0.0475236	0.020211	0.0579451	0.061409	0.0201624	-0.0743413	-0.204384	-0.345198	-0.48531	-0.609467	-0.696509	-0.721578	-0.687572	-0.602053	
-0.156454	-0.218199	-0.272598	-0.308025	-0.322362	-0.324282	-0.315949	-0.289884	-0.241004	-0.182109	-0.113247	-0.0326467	0.0407192	0.0790846	0.083359	0.0430616	-0.0416717	-0.16339	-0.306342	-0.454922	-0.578798	-0.662829	-0.687572	-0.649736	-0.557047	
-0.115365	-0.173246	-0.228716	-0.268443	-0.285978	-0.286906	-0.278233	-0.246901	-0.196596	-0.139428	-0.0726936	0.00679218	0.0743189	0.115121	0.130431	0.10394	0.0290217	-0.0874738	-0.235265	-0.390393	-0.513641	-0.58704	-0.602053	-0.557047	-0.456615	
