0.441927	0.386683	0.352032	0.33647	0.326677	0.324016	0.332166	0.344557	0.36994	0.417073	0.486875	0.580594	0.682203	0.782218	0.860684	0.914093	0.940471	0.915095	0.840244	0.724602	0.562615	0.374496	0.17431	-0.014236	-0.161088	
0.379547	0.323128	0.290898	0.280522	0.27709	0.275948	0.279259	0.284965	0.306985	0.354906	0.423404	0.519131	0.61696	0.711299	0.784417	0.82638	0.841109	0.805169	0.717054	0.588793	0.430606	0.252069	0.0636994	-0.113098	-0.236723	
0.300266	0.242858	0.210655	0.204376	0.206234	0.205328	0.20555	0.204893	0.226675	0.274238	0.345755	0.433762	0.516806	0.591308	0.651036	0.686088	0.687634	0.640718	0.537972	0.404586	0.250889	0.0937015	-0.0709332	-0.218421	-0.312095	
0.202572	0.140342	0.111509	0.112857	0.121984	0.122745	0.117655	0.108697	0.12496	0.174054	0.251725	0.332901	0.398884	0.447191	0.486026	0.510183	0.497382	0.435824	0.326881	0.19517	0.0536767	-0.0820855	-0.214867	-0.326029	-0.391414	
0.0991052	0.0341635	0.0035661	0.00155121	0.0133528	0.0153289	0.00630568	6.90746e-05	0.0178621	0.0687841	0.151732	0.225938	0.271836	0.297468	0.316976	0.32192	0.2942	0.224154	0.11644	-0.00654505	-0.12547	-0.239051	-0.344292	-0.422475	-0.464029	
0.0135746	-0.0565774	-0.0951228	-0.104189	-0.101102	-0.0995579	-0.103751	-0.100915	-0.0764839	-0.0167293	0.0602354	0.123761	0.156508	0.167607	0.169264	0.156259	0.113549	0.0372417	-0.0614702	-0.169127	-0.265814	-0.352752	-0.43165	-0.489626	-0.514662	
-0.0316315	-0.0961647	-0.142376	-0.165929	-0.170258	-0.170416	-0.169535	-0.153829	-0.118016	-0.0577867	0.00472158	0.0511011	0.0680573	0.0726917	0.0635059	0.0397633	-0.0142124	-0.0931394	-0.187411	-0.28023	-0.360068	-0.423254	-0.482042	-0.53144	-0.55317	
-0.0113807	-0.0626646	-0.111908	-0.142628	-0.15388	-0.15531	-0.149203	-0.127275	-0.0837062	-0.0309346	0.0124851	0.0341629	0.0329441	0.0215388	0.00324384	-0.0278224	-0.0817998	-0.159323	-0.247237	-0.321868	-0.386779	-0.441296	-0.497237	-0.549137	-0.587131	
0.0801691	0.0509872	0.00809531	-0.0236081	-0.0413551	-0.0452764	-0.031567	-0.00759051	0.0347046	0.0712657	0.0863076	0.0777532	0.0499015	0.0139414	-0.0150238	-0.0427136	-0.0878217	-0.155173	-0.232346	-0.292005	-0.345638	-0.403034	-0.466443	-0.532778	-0.59043	
0.213289	0.214222	0.198343	0.178903	0.162829	0.159799	0.171624	0.190631	0.209357	0.216542	0.200455	0.165651	0.115394	0.0617012	0.0218803	-0.00565259	-0.0408658	-0.0973839	-0.157848	-0.209926	-0.261276	-0.324005	-0.399279	-0.479456	-0.54783	
0.372699	0.407559	0.425182	0.425414	0.41635	0.413781	0.422202	0.427022	0.417314	0.388553	0.343286	0.285142	0.221072	0.158847	0.11206	0.0792993	0.0434228	-0.00228743	-0.0512078	-0.102429	-0.159111	-0.228257	-0.30533	-0.392679	-0.477591	
0.558449	0.622103	0.666078	0.682246	0.681806	0.681427	0.682915	0.675721	0.64289	0.58588	0.513584	0.433779	0.357375	0.28749	0.232008	0.18845	0.143939	0.103216	0.0664629	0.0141821	-0.051657	-0.124532	-0.203726	-0.296956	-0.392331	
0.746439	0.834289	0.900264	0.93133	0.943873	0.946892	0.937083	0.916747	0.864018	0.783588	0.689227	0.594067	0.509979	0.434533	0.36881	0.31187	0.256551	0.208874	0.174989	0.122256	0.053857	-0.0198273	-0.100348	-0.19779	-0.300025	
0.913726	1.02211	1.10878	1.15713	1.18112	1.18675	1.16822	1.1326	1.06056	0.95827	0.847398	0.74474	0.658552	0.575961	0.496756	0.426442	0.360186	0.304122	0.261238	0.209971	0.144508	0.0722809	-0.0125363	-0.111805	-0.217741	
1.04217	1.16389	1.26432	1.32442	1.35344	1.35875	1.3395	1.29268	1.20917	1.09079	0.972427	0.86691	0.777188	0.680221	0.587415	0.509452	0.439555	0.383795	0.336428	0.283901	0.219456	0.148639	0.0632404	-0.0366156	-0.145309	
1.10965	1.23288	1.34294	1.4115	1.44599	1.45163	1.42853	1.37547	1.28093	1.15761	1.04157	0.938436	0.842021	0.736815	0.635505	0.552368	0.485149	0.433974	0.392649	0.345655	0.286148	0.216153	0.133908	0.0334967	-0.0792746	
1.11099	1.22915	1.34069	1.42072	1.46184	1.46962	1.44103	1.37745	1.27628	1.15724	1.04306	0.938938	0.841684	0.738425	0.644994	0.569383	0.507639	0.462539	0.431388	0.393794	0.342394	0.273275	0.193122	0.0948567	-0.0245131	
1.05035	1.1634	1.27415	1.36019	1.41225	1.42131	1.38565	1.3119	1.20907	1.09573	0.981362	0.875483	0.781884	0.695185	0.618822	0.560536	0.510042	0.479483	0.458415	0.431569	0.388597	0.319412	0.233323	0.132291	0.0217174	
0.930921	1.03956	1.14621	1.23082	1.28846	1.29925	1.25772	1.18337	1.08299	0.974505	0.865788	0.76612	0.683291	0.620382	0.566862	0.528752	0.506695	0.497787	0.491598	0.474165	0.438848	0.370574	0.27778	0.170344	0.0653132	
0.773467	0.868134	0.962305	1.04239	1.09001	1.0989	1.06565	0.997738	0.905855	0.811864	0.714837	0.628216	0.563993	0.519266	0.493838	0.493219	0.509721	0.531236	0.544291	0.533742	0.501293	0.436694	0.336107	0.21813	0.105609	
0.579727	0.649525	0.725831	0.79171	0.833213	0.840485	0.812162	0.754577	0.680228	0.606765	0.54025	0.481885	0.435893	0.416455	0.427288	0.468047	0.526155	0.579381	0.608571	0.60917	0.577741	0.508054	0.396821	0.26538	0.142646	
0.371193	0.400004	0.435581	0.476076	0.505966	0.510516	0.490505	0.451471	0.413507	0.381235	0.357664	0.331053	0.314874	0.32972	0.385494	0.46952	0.563852	0.640401	0.688127	0.701442	0.667788	0.58855	0.464557	0.319627	0.184616	
0.159218	0.131061	0.109691	0.112197	0.121995	0.124912	0.116146	0.107924	0.120322	0.147958	0.17408	0.192884	0.222201	0.280975	0.378937	0.495174	0.613794	0.71344	0.784679	0.80787	0.770692	0.676951	0.539466	0.387033	0.244769	
-0.0543859	-0.138349	-0.215305	-0.261238	-0.276716	-0.278325	-0.269732	-0.238804	-0.171153	-0.0879638	-0.00468883	0.072959	0.160887	0.270614	0.404715	0.545249	0.680449	0.798684	0.881619	0.908667	0.865336	0.76229	0.62125	0.464995	0.313595	
-0.264933	-0.401793	-0.521973	-0.610567	-0.653269	-0.65976	-0.632713	-0.562029	-0.452902	-0.320842	-0.179145	-0.0327946	0.118479	0.280539	0.448152	0.614086	0.7681	0.896767	0.981654	1.0079	0.964027	0.858287	0.715024	0.549568	0.383263	
-0.465155	-0.648632	-0.805573	-0.922583	-0.988697	-0.999136	-0.955623	-0.857705	-0.715808	-0.540479	-0.347059	-0.138909	0.0744743	0.286365	0.497128	0.69951	0.872666	1.00828	1.09433	1.11734	1.07751	0.971192	0.817037	0.635108	0.443596	
-0.648632	-0.871961	-1.05563	-1.19063	-1.26412	-1.27575	-1.2281	-1.11602	-0.951311	-0.741297	-0.503601	-0.244709	0.0225133	0.29339	0.552485	0.785871	0.976528	1.12084	1.20985	1.23941	1.20043	1.086	0.913756	0.708153	0.492108	
-0.805573	-1.05563	-1.26165	-1.40959	-1.48724	-1.50037	-1.4489	-1.32852	-1.14445	-0.90998	-0.639135	-0.340388	-0.0224296	0.307856	0.615573	0.874394	1.07881	1.22996	1.32151	1.35114	1.30614	1.17854	0.988229	0.761234	0.521133	
-0.922583	-1.19063	-1.40959	-1.5614	-1.65	-1.66479	-1.60487	-1.47835	-1.28557	-1.0351	-0.740437	-0.404909	-0.0381292	0.333613	0.673757	0.949315	1.16285	1.31556	1.40516	1.42405	1.36898	1.23299	1.02582	0.783343	0.528613	
-0.988697	-1.26412	-1.48724	-1.65	-1.74869	-1.76634	-1.69742	-1.55996	-1.35964	-1.10614	-0.793687	-0.430757	-0.0382308	0.356642	0.711487	0.993992	1.21733	1.37178	1.45004	1.46057	1.40045	1.25974	1.04387	0.787531	0.522839	
-0.999136	-1.27575	-1.50037	-1.66479	-1.76634	-1.78528	-1.7132	-1.57347	-1.3716	-1.11724	-0.80146	-0.434764	-0.0364361	0.361087	0.71733	1.00231	1.22786	1.38161	1.45813	1.46725	1.40517	1.26553	1.04844	0.788287	0.520541	
-0.955623	-1.2281	-1.4489	-1.60487	-1.69742	-1.7132	-1.64998	-1.51912	-1.32333	-1.07051	-0.767921	-0.418799	-0.0391138	0.344483	0.692138	0.971205	1.1885	1.34245	1.42767	1.44187	1.38489	1.24606	1.03398	0.785917	0.527023	
-0.857705	-1.11602	-1.32852	-1.47835	-1.55996	-1.57347	-1.51912	-1.39695	-1.20766	-0.965828	-0.684304	-0.371265	-0.0322795	0.316899	0.640291	0.907509	1.11581	1.26751	1.3589	1.38557	1.33587	1.20452	1.00733	0.774008	0.526245	
-0.715808	-0.951311	-1.14445	-1.28557	-1.35964	-1.3716	-1.32333	-1.20766	-1.03497	-0.813853	-0.561064	-0.285137	0.00234831	0.298322	0.577512	0.821892	1.01796	1.16551	1.25625	1.28796	1.24749	1.1274	0.94707	0.732193	0.50689	
-0.540479	-0.741297	-0.90998	-1.0351	-1.10614	-1.11724	-1.07051	-0.965828	-0.813853	-0.622877	-0.411337	-0.18164	0.0538738	0.287969	0.517752	0.734375	0.914609	1.0534	1.1405	1.16472	1.12631	1.0175	0.857286	0.666556	0.464705	
-0.347059	-0.503601	-0.639135	-0.740437	-0.793687	-0.80146	-0.767921	-0.684304	-0.561064	-0.411337	-0.2473	-0.0746445	0.102191	0.284212	0.467841	0.64693	0.809077	0.940806	1.02547	1.0504	1.00761	0.902338	0.755965	0.584278	0.408815	
-0.138909	-0.244709	-0.340388	-0.404909	-0.430757	-0.434764	-0.418799	-0.371265	-0.285137	-0.18164	-0.0746445	0.0297689	0.142653	0.273926	0.420723	0.570854	0.712924	0.836067	0.920382	0.947157	0.903085	0.797907	0.656846	0.497639	0.341751	
0.0744743	0.0225133	-0.0224296	-0.0381292	-0.0382308	-0.0364361	-0.0391138	-0.0322795	0.00234831	0.0538738	0.102191	0.142653	0.194274	0.272752	0.385937	0.512765	0.637752	0.745581	0.824013	0.84976	0.810098	0.71158	0.570727	0.417451	0.272556	
0.286365	0.29339	0.307856	0.333613	0.356642	0.361087	0.344483	0.316899	0.298322	0.287969	0.284212	0.273926	0.272752	0.30515	0.378933	0.477233	0.582466	0.668567	0.72548	0.743718	0.709374	0.623598	0.493436	0.34508	0.206827	
0.497128	0.552485	0.615573	0.673757	0.711487	0.71733	0.692138	0.640291	0.577512	0.517752	0.467841	0.420723	0.385937	0.378933	0.406295	0.465364	0.538943	0.601563	0.638372	0.643836	0.610942	0.538822	0.422943	0.285807	0.157688	
0.69951	0.785871	0.874394	0.949315	0.993992	1.00231	0.971205	0.907509	0.821892	0.734375	0.64693	0.570854	0.512765	0.477233	0.465364	0.480894	0.513805	0.550206	0.569196	0.561787	0.530629	0.464933	0.360024	0.237403	0.120647	
0.872666	0.976528	1.07881	1.16285	1.21733	1.22786	1.1885	1.11581	1.01796	0.914609	0.809077	0.712924	0.637752	0.582466	0.538943	0.513805	0.506811	0.508391	0.510329	0.496287	0.462045	0.395183	0.300183	0.188751	0.0818642	
1.00828	1.12084	1.22996	1.31556	1.37178	1.38161	1.34245	1.26751	1.16551	1.0534	0.940806	0.836067	0.745581	0.668567	0.601563	0.550206	0.508391	0.485638	0.469819	0.447438	0.40776	0.338076	0.248634	0.145531	0.0397872	
1.09433	1.20985	1.32151	1.40516	1.45004	1.45813	1.42767	1.3589	1.25625	1.1405	1.02547	0.920382	0.824013	0.72548	0.638372	0.569196	0.510329	0.469819	0.442751	0.409943	0.362042	0.292234	0.211234	0.112793	-0.00516279	
1.11734	1.23941	1.35114	1.42405	1.46057	1.46725	1.44187	1.38557	1.28796	1.16472	1.0504	0.947157	0.84976	0.743718	0.643836	0.561787	0.496287	0.447438	0.409943	0.36696	0.309748	0.241036	0.159629	0.0598452	-0.0564563	
1.07751	1.20043	1.30614	1.36898	1.40045	1.40517	1.38489	1.33587	1.24749	1.12631	1.00761	0.903085	0.810098	0.709374	0.610942	0.530629	0.462045	0.40776	0.362042	0.309748	0.247169	0.17576	0.0922303	-0.00777154	-0.117258	
0.971192	1.086	1.17854	1.23299	1.25974	1.26553	1.24606	1.20452	1.1274	1.0175	0.902338	0.797907	0.71158	0.623598	0.538822	0.464933	0.395183	0.338076	0.292234	0.241036	0.17576	0.105184	0.0183778	-0.0812583	-0.187819	
0.817037	0.913756	0.988229	1.02582	1.04387	1.04844	1.03398	1.00733	0.94707	0.857286	0.755965	0.656846	0.570727	0.493436	0.422943	0.360024	0.300183	0.248634	0.211234	0.159629	0.0922303	0.0183778	-0.0637674	-0.161018	-0.265418	
0.635108	0.708153	0.761234	0.783343	0.787531	0.788287	0.785917	0.774008	0.732193	0.666556	0.584278	0.497639	0.417451	0.34508	0.285807	0.237403	0.188751	0.145531	0.112793	0.0598452	-0.00777154	-0.0812583	-0.161018	-0.257194	-0.355191	
0.443596	0.492108	0.521133	0.528613	0.522839	0.520541	0.527023	0.526245	0.50689	0.464705	0.408815	0.341751	0.272556	0.206827	0.157688	0.120647	0.0818642	0.0397872	-0.00516279	-0.0564563	-0.117258	-0.187819	-0.265418	-0.355191	-0.445049	
