0.404363	0.513456	0.606163	0.665508	0.684817	0.685921	0.677163	0.634787	0.553391	0.448463	0.340917	0.243071	0.159338	0.0890971	0.026607	-0.0106051	-0.0143001	0.0176367	0.0808636	0.16577	0.258069	0.347752	0.427497	0.484904	0.52302	
0.466976	0.588195	0.690035	0.758644	0.786483	0.790914	0.773761	0.72244	0.632266	0.51576	0.398072	0.296714	0.21037	0.141163	0.0912941	0.0682217	0.0718268	0.110314	0.171153	0.24516	0.329223	0.409141	0.476869	0.520672	0.542457	
0.551249	0.673869	0.78267	0.858928	0.901921	0.909531	0.880289	0.817052	0.721185	0.599357	0.483078	0.381585	0.295615	0.22397	0.182466	0.172135	0.18077	0.212444	0.258715	0.31059	0.377919	0.443563	0.496366	0.525654	0.530644	
0.638073	0.759232	0.867286	0.947088	0.995896	1.00582	0.970104	0.902872	0.805602	0.686019	0.571285	0.472522	0.386986	0.316148	0.279665	0.276352	0.286322	0.308294	0.333095	0.364825	0.411034	0.457712	0.490277	0.493613	0.471274	
0.719434	0.829728	0.92467	0.994219	1.03488	1.04158	1.01385	0.956177	0.870132	0.764012	0.655461	0.559096	0.474766	0.404254	0.368667	0.362181	0.368153	0.381052	0.387402	0.398175	0.416974	0.432242	0.43541	0.414039	0.362165	
0.786672	0.872141	0.945062	0.995797	1.02289	1.02799	1.00888	0.968608	0.903685	0.821132	0.732603	0.640316	0.551655	0.480357	0.436588	0.421293	0.421226	0.421172	0.411971	0.399256	0.386896	0.368868	0.341474	0.300346	0.235414	
0.827088	0.884649	0.931174	0.968476	0.988128	0.990807	0.978554	0.947619	0.904354	0.85121	0.784678	0.698907	0.602744	0.520787	0.468603	0.443668	0.433778	0.422835	0.394652	0.356579	0.321515	0.28217	0.234756	0.180913	0.111476	
0.822434	0.863108	0.894147	0.922654	0.940533	0.944288	0.931253	0.906241	0.876133	0.840922	0.788493	0.709632	0.61202	0.524403	0.465427	0.432447	0.409407	0.383958	0.339219	0.280075	0.226132	0.176452	0.122266	0.0573627	-0.00883941	
0.777696	0.813059	0.835113	0.855461	0.869145	0.872194	0.862266	0.842656	0.823183	0.794209	0.746876	0.678352	0.593535	0.511023	0.446389	0.402606	0.361194	0.315674	0.260587	0.186408	0.11484	0.0540925	-0.00736314	-0.0708012	-0.12291	
0.702507	0.730372	0.742777	0.753987	0.76229	0.764031	0.758526	0.746348	0.736506	0.716264	0.676674	0.622511	0.559398	0.4896	0.424903	0.369473	0.310647	0.246612	0.176763	0.092172	0.00598261	-0.0713965	-0.134998	-0.188011	-0.213465	
0.605626	0.612535	0.610067	0.613663	0.617807	0.619058	0.615868	0.610922	0.611201	0.611085	0.591176	0.553454	0.508415	0.454885	0.397943	0.341477	0.273307	0.19624	0.111752	0.0168268	-0.079057	-0.163385	-0.229268	-0.269051	-0.269368	
0.487991	0.46657	0.446451	0.439532	0.437039	0.436657	0.438078	0.442452	0.45715	0.480991	0.489673	0.473571	0.444406	0.408967	0.367209	0.317631	0.249087	0.166046	0.0732802	-0.0266906	-0.123521	-0.204719	-0.269907	-0.302786	-0.29109	
0.331777	0.287617	0.250503	0.227209	0.214154	0.210978	0.220461	0.240108	0.270827	0.315111	0.352528	0.371875	0.375499	0.365918	0.345063	0.301443	0.23348	0.150156	0.0523216	-0.0496285	-0.142017	-0.213073	-0.264984	-0.28949	-0.271123	
0.152996	0.0828186	0.0226925	-0.0254824	-0.0525835	-0.0557518	-0.0398218	0.00225595	0.0569085	0.125193	0.195862	0.262876	0.313688	0.339754	0.334564	0.296064	0.226072	0.145779	0.0513348	-0.0492108	-0.13876	-0.194071	-0.229087	-0.238103	-0.215095	
-0.0355195	-0.13403	-0.22087	-0.286151	-0.318095	-0.322814	-0.302613	-0.250405	-0.171339	-0.0758583	0.0305185	0.148788	0.252017	0.320755	0.344155	0.31765	0.254662	0.174649	0.0815374	-0.0158119	-0.103492	-0.154029	-0.173286	-0.165807	-0.137066	
-0.207658	-0.340612	-0.450127	-0.529469	-0.566504	-0.571071	-0.54972	-0.485872	-0.387733	-0.263452	-0.117026	0.0425493	0.189795	0.298282	0.349161	0.345086	0.296709	0.22231	0.132131	0.0446605	-0.0296845	-0.0781685	-0.0919611	-0.0772276	-0.043848	
-0.363293	-0.519488	-0.64438	-0.733297	-0.783827	-0.792591	-0.759249	-0.683982	-0.57329	-0.429553	-0.255312	-0.0637693	0.113285	0.252255	0.327706	0.344101	0.320911	0.270309	0.194633	0.121206	0.0618271	0.0204357	0.00665172	0.0229471	0.0548406	
-0.508209	-0.668628	-0.793751	-0.891464	-0.955088	-0.967387	-0.922365	-0.836121	-0.72191	-0.577854	-0.392644	-0.187525	0.00704957	0.16676	0.263363	0.302152	0.311378	0.301173	0.263491	0.208517	0.157085	0.117738	0.1092	0.122032	0.147557	
-0.637191	-0.787792	-0.909632	-1.01134	-1.08005	-1.09184	-1.0443	-0.952937	-0.838778	-0.702657	-0.526029	-0.323166	-0.123863	0.0447069	0.159948	0.227916	0.270278	0.30324	0.311242	0.285415	0.241995	0.201507	0.196863	0.210792	0.23095	
-0.734832	-0.868567	-0.986069	-1.0859	-1.14929	-1.16079	-1.11659	-1.02944	-0.916794	-0.791871	-0.63726	-0.449959	-0.255916	-0.087091	0.0421352	0.139127	0.217167	0.285927	0.330895	0.337309	0.310752	0.276578	0.271347	0.285876	0.305439	
-0.798387	-0.909886	-1.01273	-1.10222	-1.15949	-1.16901	-1.13041	-1.05121	-0.950949	-0.845068	-0.718486	-0.56006	-0.383248	-0.218161	-0.0805908	0.0391868	0.150174	0.250637	0.323524	0.35335	0.347787	0.327846	0.326064	0.340154	0.365365	
-0.829055	-0.913765	-0.990479	-1.06442	-1.11779	-1.12788	-1.08994	-1.02089	-0.944737	-0.864661	-0.768875	-0.647638	-0.502671	-0.3543	-0.214328	-0.0821039	0.0459202	0.170377	0.265197	0.315032	0.333016	0.337761	0.349922	0.378087	0.416459	
-0.826387	-0.878786	-0.929714	-0.986335	-1.03566	-1.04589	-1.00856	-0.951366	-0.898938	-0.848107	-0.788315	-0.705604	-0.606347	-0.492216	-0.36597	-0.236857	-0.104742	0.0282219	0.140335	0.217881	0.266665	0.311366	0.354256	0.407645	0.466351	
-0.796793	-0.815721	-0.842202	-0.884625	-0.920942	-0.927734	-0.901919	-0.857505	-0.82465	-0.803952	-0.783442	-0.746923	-0.693446	-0.624544	-0.533343	-0.419876	-0.294367	-0.160145	-0.0336068	0.0685978	0.156779	0.248418	0.338709	0.42826	0.508235	
-0.752297	-0.739722	-0.747161	-0.767753	-0.783507	-0.786685	-0.775642	-0.754696	-0.740686	-0.744453	-0.764428	-0.771982	-0.764883	-0.740382	-0.687804	-0.60584	-0.496656	-0.365962	-0.231202	-0.102569	0.0227553	0.165661	0.307996	0.440695	0.54388	
-0.703994	-0.66848	-0.652167	-0.646553	-0.641265	-0.640089	-0.64435	-0.648919	-0.660532	-0.686754	-0.732977	-0.779941	-0.817426	-0.831861	-0.814577	-0.764257	-0.680203	-0.562543	-0.422779	-0.270986	-0.107243	0.0777394	0.261721	0.429703	0.562203	
-0.66848	-0.606895	-0.555619	-0.517426	-0.493347	-0.488452	-0.506011	-0.538492	-0.585482	-0.642718	-0.710555	-0.785099	-0.856611	-0.903784	-0.916125	-0.889728	-0.824577	-0.720176	-0.582679	-0.41583	-0.219712	-0.00318595	0.20815	0.398711	0.557374	
-0.652167	-0.555619	-0.464849	-0.390888	-0.345097	-0.338188	-0.368436	-0.432369	-0.518167	-0.613182	-0.709544	-0.804296	-0.896613	-0.970387	-1.00902	-1.00314	-0.94589	-0.843814	-0.708924	-0.533087	-0.315818	-0.074009	0.16256	0.372583	0.547674	
-0.646553	-0.517426	-0.390888	-0.281651	-0.210824	-0.197306	-0.247937	-0.343847	-0.465278	-0.595433	-0.719959	-0.838646	-0.948698	-1.03645	-1.09327	-1.09966	-1.0476	-0.944124	-0.80164	-0.616353	-0.386832	-0.130463	0.129749	0.359564	0.548176	
-0.641265	-0.493347	-0.345097	-0.210824	-0.116882	-0.0994505	-0.166106	-0.288746	-0.433566	-0.583132	-0.726379	-0.867455	-0.993168	-1.08918	-1.14841	-1.16008	-1.11494	-1.01123	-0.858053	-0.658829	-0.419589	-0.160848	0.11046	0.353812	0.549938	
-0.640089	-0.488452	-0.338188	-0.197306	-0.0994505	-0.0809589	-0.150381	-0.279193	-0.427882	-0.579926	-0.728269	-0.872425	-1.00276	-1.09983	-1.15825	-1.17081	-1.12668	-1.0231	-0.868774	-0.664045	-0.424267	-0.164176	0.106967	0.35237	0.550788	
-0.64435	-0.506011	-0.368436	-0.247937	-0.166106	-0.150381	-0.209637	-0.317178	-0.449941	-0.590125	-0.723418	-0.852819	-0.968804	-1.0608	-1.12048	-1.12904	-1.07997	-0.976639	-0.829893	-0.639312	-0.403981	-0.146476	0.119927	0.35629	0.54926	
-0.648919	-0.538492	-0.432369	-0.343847	-0.288746	-0.279193	-0.317178	-0.394014	-0.494639	-0.604931	-0.713084	-0.816891	-0.916148	-0.996963	-1.04472	-1.04487	-0.989355	-0.886687	-0.749715	-0.570535	-0.347898	-0.0984454	0.14836	0.366493	0.546922	
-0.660532	-0.585482	-0.518167	-0.465278	-0.433566	-0.427882	-0.449941	-0.494639	-0.558012	-0.629587	-0.708231	-0.790986	-0.871828	-0.930609	-0.953305	-0.935534	-0.875223	-0.772305	-0.636949	-0.46638	-0.261107	-0.0336817	0.188354	0.386551	0.552605	
-0.686754	-0.642718	-0.613182	-0.595433	-0.583132	-0.579926	-0.590125	-0.604931	-0.629587	-0.667	-0.72073	-0.780735	-0.833663	-0.861765	-0.857192	-0.817403	-0.742646	-0.631387	-0.491111	-0.332114	-0.153919	0.0451081	0.241175	0.418681	0.562558	
-0.732977	-0.710555	-0.709544	-0.719959	-0.726379	-0.728269	-0.723418	-0.713084	-0.708231	-0.72073	-0.753239	-0.777688	-0.788425	-0.780499	-0.742099	-0.673286	-0.57385	-0.447399	-0.310416	-0.172192	-0.0308843	0.129654	0.290532	0.439282	0.553791	
-0.779941	-0.785099	-0.804296	-0.838646	-0.867455	-0.872425	-0.852819	-0.816891	-0.790986	-0.780735	-0.777688	-0.758701	-0.724238	-0.673453	-0.598413	-0.496112	-0.375333	-0.24176	-0.11147	0.00205218	0.104494	0.217432	0.328567	0.435126	0.523946	
-0.817426	-0.856611	-0.896613	-0.948698	-0.993168	-1.00276	-0.968804	-0.916148	-0.871828	-0.833663	-0.788425	-0.724238	-0.642773	-0.546605	-0.432328	-0.30785	-0.177299	-0.0437556	0.075081	0.161989	0.227367	0.28934	0.350302	0.417087	0.484044	
-0.831861	-0.903784	-0.970387	-1.03645	-1.08918	-1.09983	-1.0608	-0.996963	-0.930609	-0.861765	-0.780499	-0.673453	-0.546605	-0.409176	-0.272035	-0.139595	-0.00838838	0.121241	0.223314	0.284104	0.312304	0.332305	0.353468	0.390653	0.436977	
-0.814577	-0.916125	-1.00902	-1.09327	-1.14841	-1.15825	-1.12048	-1.04472	-0.953305	-0.857192	-0.742099	-0.598413	-0.432328	-0.272035	-0.132161	-0.00647944	0.113485	0.225226	0.307665	0.34484	0.348421	0.33623	0.33916	0.356679	0.385899	
-0.764257	-0.889728	-1.00314	-1.09966	-1.16008	-1.17081	-1.12904	-1.04487	-0.935534	-0.817403	-0.673286	-0.496112	-0.30785	-0.139595	-0.00647944	0.100963	0.193339	0.275177	0.332533	0.349142	0.330573	0.301481	0.29648	0.310819	0.331332	
-0.680203	-0.824577	-0.94589	-1.0476	-1.11494	-1.12668	-1.07997	-0.989355	-0.875223	-0.742646	-0.57385	-0.375333	-0.177299	-0.00838838	0.113485	0.193339	0.249661	0.297895	0.321543	0.309621	0.27211	0.23273	0.228177	0.242587	0.262261	
-0.562543	-0.720176	-0.843814	-0.944124	-1.01123	-1.0231	-0.976639	-0.886687	-0.772305	-0.631387	-0.447399	-0.24176	-0.0437556	0.121241	0.225226	0.275177	0.297895	0.305481	0.286217	0.242229	0.193059	0.15291	0.146104	0.158733	0.181841	
-0.422779	-0.582679	-0.708924	-0.80164	-0.858053	-0.868774	-0.829893	-0.749715	-0.636949	-0.491111	-0.310416	-0.11147	0.075081	0.223314	0.307665	0.332533	0.321543	0.286217	0.223009	0.15524	0.10025	0.059881	0.0482581	0.063742	0.0932963	
-0.270986	-0.41583	-0.533087	-0.616353	-0.658829	-0.664045	-0.639312	-0.570535	-0.46638	-0.332114	-0.172192	0.00205218	0.161989	0.284104	0.34484	0.349142	0.309621	0.242229	0.15524	0.0740196	0.00544366	-0.0395727	-0.0531236	-0.0377155	-0.00422486	
-0.107243	-0.219712	-0.315818	-0.386832	-0.419589	-0.424267	-0.403981	-0.347898	-0.261107	-0.153919	-0.0308843	0.104494	0.227367	0.312304	0.348421	0.330573	0.27211	0.193059	0.10025	0.00544366	-0.0776954	-0.128724	-0.144218	-0.132899	-0.101434	
0.0777394	-0.00318595	-0.074009	-0.130463	-0.160848	-0.164176	-0.146476	-0.0984454	-0.0336817	0.0451081	0.129654	0.217432	0.28934	0.332305	0.33623	0.301481	0.23273	0.15291	0.059881	-0.0395727	-0.128724	-0.180544	-0.209025	-0.210967	-0.185619	
0.261721	0.20815	0.16256	0.129749	0.11046	0.106967	0.119927	0.14836	0.188354	0.241175	0.290532	0.328567	0.350302	0.353468	0.33916	0.29648	0.228177	0.146104	0.0482581	-0.0531236	-0.144218	-0.209025	-0.253597	-0.272495	-0.252013	
0.429703	0.398711	0.372583	0.359564	0.353812	0.35237	0.35629	0.366493	0.386551	0.418681	0.439282	0.435126	0.417087	0.390653	0.356679	0.310819	0.242587	0.158733	0.063742	-0.0377155	-0.132899	-0.210967	-0.272495	-0.303087	-0.28857	
0.562203	0.557374	0.547674	0.548176	0.549938	0.550788	0.54926	0.546922	0.552605	0.562558	0.553791	0.523946	0.484044	0.436977	0.385899	0.331332	0.262261	0.181841	0.0932963	-0.00422486	-0.101434	-0.185619	-0.252013	-0.28857	-0.282355	
