1.18295	1.22385	1.23994	1.2303	1.21272	1.20943	1.22247	1.23849	1.23369	1.20179	1.14797	1.08166	1.00747	0.909191	0.793643	0.668755	0.557599	0.483102	0.429116	0.403508	0.402084	0.415093	0.425875	0.409418	0.35685	
1.1123	1.12985	1.12594	1.10151	1.07586	1.07226	1.08909	1.11807	1.13128	1.12162	1.0894	1.03648	0.971954	0.885544	0.779956	0.665329	0.553059	0.461403	0.393307	0.346018	0.331089	0.3392	0.347175	0.330928	0.267014	
0.946454	0.943211	0.920121	0.882313	0.850742	0.846561	0.866794	0.905656	0.937134	0.947192	0.937001	0.901717	0.852195	0.790151	0.709345	0.618377	0.520099	0.426704	0.350402	0.293668	0.269389	0.278001	0.299799	0.285794	0.219846	
0.700017	0.677782	0.633219	0.583526	0.546017	0.538607	0.56575	0.612831	0.662087	0.693895	0.702781	0.690327	0.661813	0.628888	0.586033	0.527268	0.457075	0.38385	0.312006	0.259836	0.238898	0.250603	0.288587	0.288658	0.224984	
0.400139	0.359465	0.297265	0.237511	0.192785	0.183035	0.217309	0.271961	0.336082	0.387839	0.412557	0.423516	0.420931	0.418091	0.416379	0.397002	0.36483	0.325468	0.280295	0.245641	0.237774	0.266369	0.316258	0.334346	0.282501	
0.0787729	0.0272819	-0.0448695	-0.112037	-0.161427	-0.172236	-0.135016	-0.0734488	-0.00062047	0.0607601	0.102091	0.131552	0.155256	0.185206	0.215177	0.236584	0.243346	0.243355	0.24031	0.235525	0.25659	0.309737	0.374083	0.407747	0.372619	
-0.223182	-0.281132	-0.350656	-0.421841	-0.473756	-0.48243	-0.446896	-0.379687	-0.307251	-0.245162	-0.193798	-0.152465	-0.105624	-0.0511756	0.00386086	0.0563928	0.10057	0.139861	0.178433	0.216271	0.266314	0.345858	0.430689	0.478484	0.466675	
-0.471092	-0.529942	-0.591451	-0.664157	-0.715782	-0.723315	-0.689972	-0.619749	-0.553323	-0.494052	-0.440352	-0.389223	-0.327592	-0.263446	-0.194947	-0.131277	-0.0648312	0.00648584	0.0806682	0.161184	0.248882	0.357145	0.46196	0.530612	0.547377	
-0.654187	-0.702304	-0.756973	-0.818898	-0.86761	-0.877964	-0.841642	-0.78133	-0.724023	-0.672438	-0.625094	-0.562458	-0.496364	-0.42836	-0.360942	-0.30355	-0.22941	-0.148095	-0.0482895	0.0684691	0.192401	0.331747	0.461862	0.556408	0.602506	
-0.759222	-0.796325	-0.840536	-0.889254	-0.934195	-0.945062	-0.908499	-0.859546	-0.81331	-0.773587	-0.733283	-0.669068	-0.604159	-0.544285	-0.490961	-0.444859	-0.382063	-0.298406	-0.184479	-0.0449415	0.109539	0.272754	0.426445	0.545162	0.621883	
-0.796909	-0.822485	-0.847024	-0.883367	-0.918647	-0.925744	-0.899054	-0.860547	-0.830828	-0.809246	-0.771868	-0.714461	-0.655308	-0.605448	-0.574412	-0.545994	-0.50125	-0.428026	-0.312002	-0.159396	0.0136681	0.18886	0.354012	0.494367	0.588629	
-0.777264	-0.791434	-0.799556	-0.817074	-0.840037	-0.845622	-0.8264	-0.805266	-0.794142	-0.78528	-0.756425	-0.703113	-0.648771	-0.612808	-0.597501	-0.589132	-0.569798	-0.518352	-0.417916	-0.273382	-0.103957	0.0711863	0.239037	0.39263	0.506685	
-0.706525	-0.716061	-0.714925	-0.71965	-0.730124	-0.734543	-0.723259	-0.715101	-0.716442	-0.712863	-0.685889	-0.635589	-0.587965	-0.565465	-0.567052	-0.582291	-0.593962	-0.575045	-0.506359	-0.388269	-0.238565	-0.0778095	0.0834293	0.245097	0.376458	
-0.602197	-0.613311	-0.600993	-0.594628	-0.593255	-0.592705	-0.594032	-0.597244	-0.609558	-0.610416	-0.582655	-0.540874	-0.503851	-0.496086	-0.519682	-0.55863	-0.59929	-0.618215	-0.580092	-0.488522	-0.367513	-0.223086	-0.0749313	0.0801469	0.215009	
-0.494952	-0.496259	-0.472721	-0.449517	-0.43199	-0.428912	-0.44151	-0.462326	-0.489001	-0.498478	-0.48199	-0.453152	-0.434079	-0.442895	-0.477479	-0.534237	-0.596131	-0.640705	-0.636222	-0.576517	-0.481707	-0.362474	-0.231211	-0.0882838	0.0414896	
-0.39814	-0.391181	-0.359188	-0.319383	-0.287855	-0.282422	-0.304488	-0.342645	-0.381057	-0.397545	-0.392807	-0.379346	-0.378757	-0.40207	-0.446208	-0.513069	-0.587199	-0.650517	-0.67241	-0.640484	-0.574843	-0.484241	-0.377353	-0.257744	-0.136984	
-0.329372	-0.323441	-0.291588	-0.24319	-0.203824	-0.196246	-0.224762	-0.273359	-0.313882	-0.32925	-0.327134	-0.321713	-0.329893	-0.358286	-0.404739	-0.470571	-0.552438	-0.630568	-0.675566	-0.676594	-0.640413	-0.578419	-0.499352	-0.40626	-0.299183	
-0.301067	-0.302326	-0.279648	-0.233428	-0.190269	-0.181007	-0.213867	-0.263402	-0.296055	-0.304592	-0.292511	-0.284787	-0.29214	-0.310406	-0.348763	-0.405368	-0.483964	-0.568924	-0.636469	-0.666353	-0.655775	-0.62766	-0.578733	-0.514731	-0.431152	
-0.295123	-0.310847	-0.304173	-0.265086	-0.225973	-0.217719	-0.24721	-0.291853	-0.31162	-0.303504	-0.282184	-0.269685	-0.269062	-0.281405	-0.30639	-0.344865	-0.413313	-0.488644	-0.562016	-0.608871	-0.617668	-0.616214	-0.600485	-0.573219	-0.513413	
-0.313387	-0.333295	-0.332267	-0.298948	-0.260914	-0.252668	-0.282146	-0.322597	-0.336477	-0.32314	-0.298255	-0.283792	-0.276994	-0.276046	-0.283021	-0.299345	-0.345338	-0.407289	-0.476751	-0.531247	-0.553207	-0.569201	-0.583948	-0.589056	-0.558991	
-0.325787	-0.34636	-0.348767	-0.322997	-0.289553	-0.280578	-0.308756	-0.341562	-0.349422	-0.336105	-0.311041	-0.301069	-0.295293	-0.286813	-0.283893	-0.282255	-0.303782	-0.347058	-0.405251	-0.456356	-0.486341	-0.518678	-0.557192	-0.590109	-0.584382	
-0.327806	-0.344978	-0.349641	-0.329455	-0.302323	-0.296424	-0.317876	-0.344267	-0.34999	-0.334683	-0.319795	-0.314302	-0.309693	-0.304586	-0.290935	-0.278172	-0.283116	-0.30658	-0.354121	-0.402693	-0.438618	-0.481806	-0.539642	-0.592901	-0.60352	
-0.321779	-0.33298	-0.335419	-0.322701	-0.302231	-0.296997	-0.314393	-0.331933	-0.336005	-0.325792	-0.318474	-0.318805	-0.319796	-0.313746	-0.298179	-0.281715	-0.270088	-0.28497	-0.321357	-0.365664	-0.414042	-0.467896	-0.544143	-0.614709	-0.640432	
-0.301693	-0.307249	-0.312369	-0.307947	-0.298564	-0.295759	-0.304321	-0.311644	-0.310087	-0.30308	-0.303413	-0.309947	-0.31838	-0.316916	-0.304931	-0.288422	-0.269767	-0.275745	-0.30619	-0.353465	-0.415707	-0.490133	-0.579565	-0.659663	-0.692927	
-0.281431	-0.278943	-0.281992	-0.283562	-0.282339	-0.282785	-0.283213	-0.282878	-0.281122	-0.278034	-0.289792	-0.301015	-0.313763	-0.320082	-0.309605	-0.298332	-0.279616	-0.279717	-0.307244	-0.358799	-0.435831	-0.526193	-0.628416	-0.714256	-0.751563	
-0.260142	-0.249615	-0.250407	-0.258454	-0.266548	-0.268083	-0.26199	-0.252706	-0.248706	-0.253886	-0.272887	-0.293436	-0.315138	-0.327083	-0.327351	-0.320498	-0.300377	-0.296392	-0.314286	-0.365333	-0.454696	-0.558029	-0.666661	-0.754819	-0.795463	
-0.249615	-0.228801	-0.226807	-0.238297	-0.253688	-0.257736	-0.244878	-0.23034	-0.226007	-0.239416	-0.267195	-0.295743	-0.323878	-0.341315	-0.347071	-0.340569	-0.319308	-0.302951	-0.30988	-0.358516	-0.451087	-0.567326	-0.678015	-0.765648	-0.815836	
-0.250407	-0.226807	-0.222448	-0.239637	-0.261016	-0.266143	-0.248734	-0.227234	-0.22235	-0.23869	-0.269802	-0.300721	-0.326738	-0.345879	-0.350251	-0.340888	-0.316364	-0.286702	-0.280769	-0.324956	-0.42393	-0.549907	-0.672427	-0.770063	-0.833827	
-0.258454	-0.238297	-0.239637	-0.264556	-0.293637	-0.29997	-0.277383	-0.247389	-0.235168	-0.24951	-0.272947	-0.299504	-0.31807	-0.327063	-0.328353	-0.309834	-0.279799	-0.243411	-0.231745	-0.281052	-0.392801	-0.538228	-0.672664	-0.781387	-0.862152	
-0.266548	-0.253688	-0.261016	-0.293637	-0.327996	-0.335375	-0.30908	-0.272176	-0.253074	-0.260751	-0.275871	-0.293352	-0.301568	-0.302723	-0.296941	-0.273434	-0.241777	-0.201338	-0.190114	-0.246005	-0.369024	-0.530407	-0.679116	-0.798512	-0.892433	
-0.268083	-0.257736	-0.266143	-0.29997	-0.335375	-0.342629	-0.315651	-0.277196	-0.257377	-0.262849	-0.276824	-0.292317	-0.296959	-0.297704	-0.289143	-0.264602	-0.233843	-0.192512	-0.181803	-0.2394	-0.365369	-0.528206	-0.681097	-0.80443	-0.899135	
-0.26199	-0.244878	-0.248734	-0.277383	-0.30908	-0.315651	-0.291776	-0.258052	-0.242735	-0.254773	-0.273755	-0.297215	-0.311407	-0.316214	-0.315251	-0.293798	-0.262498	-0.224294	-0.212508	-0.264795	-0.381661	-0.535378	-0.675166	-0.787725	-0.875262	
-0.252706	-0.23034	-0.227234	-0.247389	-0.272176	-0.277196	-0.258052	-0.233127	-0.225674	-0.24207	-0.270887	-0.300803	-0.324563	-0.340684	-0.344308	-0.331945	-0.305308	-0.272288	-0.262536	-0.307679	-0.410731	-0.543638	-0.671454	-0.772969	-0.844297	
-0.248706	-0.226007	-0.22235	-0.235168	-0.253074	-0.257377	-0.242735	-0.225674	-0.222315	-0.237619	-0.268202	-0.298998	-0.326389	-0.346017	-0.351073	-0.343469	-0.321762	-0.299444	-0.301235	-0.348035	-0.442664	-0.562053	-0.676515	-0.767429	-0.821907	
-0.253886	-0.239416	-0.23869	-0.24951	-0.260751	-0.262849	-0.254773	-0.24207	-0.237619	-0.24678	-0.268086	-0.292917	-0.31821	-0.332154	-0.33669	-0.33057	-0.309768	-0.301696	-0.315038	-0.364849	-0.455718	-0.565412	-0.674543	-0.761004	-0.805718	
-0.272887	-0.267195	-0.269802	-0.272947	-0.275871	-0.276824	-0.273755	-0.270887	-0.268202	-0.268086	-0.283849	-0.297523	-0.313268	-0.321949	-0.314479	-0.305068	-0.286441	-0.285708	-0.309861	-0.362559	-0.445184	-0.540093	-0.646362	-0.733991	-0.772185	
-0.293436	-0.295743	-0.300721	-0.299504	-0.293352	-0.292317	-0.297215	-0.300803	-0.298998	-0.292917	-0.297523	-0.305901	-0.316075	-0.317899	-0.306373	-0.291728	-0.272403	-0.275292	-0.305115	-0.353826	-0.422188	-0.504424	-0.598987	-0.681678	-0.716338	
-0.315138	-0.323878	-0.326738	-0.31807	-0.301568	-0.296959	-0.311407	-0.324563	-0.326389	-0.31821	-0.313268	-0.316075	-0.320467	-0.315001	-0.301314	-0.284365	-0.268543	-0.280502	-0.313554	-0.3582	-0.411632	-0.472797	-0.55501	-0.630037	-0.660056	
-0.327083	-0.341315	-0.345879	-0.327063	-0.302723	-0.297704	-0.316214	-0.340684	-0.346017	-0.332154	-0.321949	-0.317899	-0.315001	-0.310001	-0.293936	-0.278555	-0.276628	-0.295708	-0.338524	-0.385764	-0.425977	-0.472418	-0.537941	-0.599318	-0.615677	
-0.327351	-0.347071	-0.350251	-0.328353	-0.296941	-0.289143	-0.315251	-0.344308	-0.351073	-0.33669	-0.314479	-0.306373	-0.301314	-0.293936	-0.286797	-0.280825	-0.29446	-0.328852	-0.383233	-0.432008	-0.463912	-0.501604	-0.54816	-0.589838	-0.59127	
-0.320498	-0.340569	-0.340888	-0.309834	-0.273434	-0.264602	-0.293798	-0.331945	-0.343469	-0.33057	-0.305068	-0.291728	-0.284365	-0.278555	-0.280825	-0.288451	-0.324214	-0.380067	-0.445458	-0.500047	-0.526164	-0.548032	-0.572898	-0.59045	-0.571163	
-0.300377	-0.319308	-0.316364	-0.279799	-0.241777	-0.233843	-0.262498	-0.305308	-0.321762	-0.309768	-0.286441	-0.272403	-0.268543	-0.276628	-0.29446	-0.324214	-0.385216	-0.454728	-0.527611	-0.578694	-0.592911	-0.599663	-0.59708	-0.583692	-0.535082	
-0.296392	-0.302951	-0.286702	-0.243411	-0.201338	-0.192512	-0.224294	-0.272288	-0.299444	-0.301696	-0.285708	-0.275292	-0.280502	-0.295708	-0.328852	-0.380067	-0.454728	-0.537964	-0.610278	-0.647849	-0.646403	-0.629709	-0.593584	-0.543889	-0.469839	
-0.314286	-0.30988	-0.280769	-0.231745	-0.190114	-0.181803	-0.212508	-0.262536	-0.301235	-0.315038	-0.309861	-0.305115	-0.313554	-0.338524	-0.383233	-0.445458	-0.527611	-0.610278	-0.664618	-0.678715	-0.653612	-0.60484	-0.53749	-0.455638	-0.35717	
-0.365333	-0.358516	-0.324956	-0.281052	-0.246005	-0.2394	-0.264795	-0.307679	-0.348035	-0.364849	-0.362559	-0.353826	-0.3582	-0.385764	-0.432008	-0.500047	-0.578694	-0.647849	-0.678715	-0.659513	-0.605023	-0.525511	-0.429941	-0.320341	-0.204038	
-0.454696	-0.451087	-0.42393	-0.392801	-0.369024	-0.365369	-0.381661	-0.410731	-0.442664	-0.455718	-0.445184	-0.422188	-0.411632	-0.425977	-0.463912	-0.526164	-0.592911	-0.646403	-0.653612	-0.605023	-0.522245	-0.414806	-0.29166	-0.156487	-0.0308526	
-0.558029	-0.567326	-0.549907	-0.538228	-0.530407	-0.528206	-0.535378	-0.543638	-0.562053	-0.565412	-0.540093	-0.504424	-0.472797	-0.472418	-0.501604	-0.548032	-0.599663	-0.629709	-0.60484	-0.525511	-0.414806	-0.279234	-0.137747	0.0130599	0.147029	
-0.666661	-0.678015	-0.672427	-0.672664	-0.679116	-0.681097	-0.675166	-0.671454	-0.676515	-0.674543	-0.646362	-0.598987	-0.55501	-0.537941	-0.54816	-0.572898	-0.59708	-0.593584	-0.53749	-0.429941	-0.29166	-0.137747	0.0191706	0.179898	0.314236	
-0.754819	-0.765648	-0.770063	-0.781387	-0.798512	-0.80443	-0.787725	-0.772969	-0.767429	-0.761004	-0.733991	-0.681678	-0.630037	-0.599318	-0.589838	-0.59045	-0.583692	-0.543889	-0.455638	-0.320341	-0.156487	0.0130599	0.179898	0.338006	0.459525	
-0.795463	-0.815836	-0.833827	-0.862152	-0.892433	-0.899135	-0.875262	-0.844297	-0.821907	-0.805718	-0.772185	-0.716338	-0.660056	-0.615677	-0.59127	-0.571163	-0.535082	-0.469839	-0.35717	-0.204038	-0.0308526	0.147029	0.314236	0.459525	0.562634	
