0.617181	0.630149	0.648376	0.672889	0.693509	0.696932	0.683163	0.6574	0.636871	0.622171	0.608824	0.595036	0.582248	0.572893	0.567508	0.554131	0.544117	0.540364	0.533678	0.522426	0.487099	0.429507	0.34765	0.255579	0.171785	
0.53368	0.514622	0.50188	0.492117	0.485717	0.485988	0.488719	0.497691	0.50919	0.525761	0.543259	0.550698	0.542177	0.534222	0.53232	0.52995	0.530951	0.544249	0.562752	0.577819	0.570021	0.543312	0.497556	0.439211	0.377477	
0.425848	0.380714	0.334768	0.29619	0.267576	0.261486	0.282635	0.318794	0.361079	0.408818	0.450798	0.483126	0.488681	0.480192	0.482485	0.487368	0.496187	0.518195	0.548897	0.583298	0.601182	0.607722	0.60473	0.583194	0.551279	
0.296521	0.228752	0.154868	0.09032	0.051177	0.0444	0.0711403	0.126634	0.199263	0.270357	0.334899	0.387604	0.408345	0.403973	0.405219	0.413146	0.431275	0.456452	0.497309	0.541759	0.583234	0.621747	0.656067	0.674495	0.676844	
0.150758	0.0634973	-0.0317363	-0.110308	-0.147199	-0.152227	-0.129782	-0.0675101	0.0255577	0.116927	0.199587	0.267477	0.302356	0.304568	0.299624	0.307956	0.329525	0.360343	0.409842	0.465668	0.524234	0.588486	0.649978	0.704522	0.742659	
0.00335715	-0.100296	-0.211101	-0.293206	-0.324864	-0.327982	-0.311077	-0.249507	-0.1455	-0.0364291	0.0605364	0.141955	0.187537	0.192371	0.183781	0.186174	0.199646	0.233261	0.28933	0.356913	0.433598	0.517169	0.601661	0.682988	0.754448	
-0.112364	-0.231884	-0.356321	-0.44744	-0.484867	-0.489409	-0.468103	-0.398695	-0.282689	-0.158642	-0.0478582	0.0405321	0.0855498	0.0864901	0.0736538	0.067182	0.0721246	0.101521	0.161881	0.241625	0.328791	0.425671	0.528848	0.631208	0.730111	
-0.184302	-0.314559	-0.446315	-0.552183	-0.605131	-0.611866	-0.580344	-0.493776	-0.367808	-0.23523	-0.114805	-0.0234305	0.0161693	0.0132419	-0.00538272	-0.0178574	-0.0224825	0.00157644	0.0618144	0.149737	0.242617	0.346897	0.457085	0.57078	0.681326	
-0.198034	-0.333506	-0.474501	-0.59508	-0.667654	-0.678945	-0.631817	-0.526246	-0.390473	-0.25013	-0.127857	-0.0400763	-0.00534866	-0.0157509	-0.0397075	-0.0572365	-0.0660454	-0.0399948	0.017823	0.102357	0.196358	0.29707	0.40685	0.521102	0.627957	
-0.15612	-0.296792	-0.446748	-0.578469	-0.664124	-0.676863	-0.620891	-0.50247	-0.357363	-0.209238	-0.085531	-0.00189013	0.0270218	0.0132455	-0.0194769	-0.0476756	-0.0563367	-0.0271362	0.0290428	0.105037	0.192838	0.28966	0.393421	0.493768	0.585465	
-0.0735103	-0.223739	-0.380335	-0.517103	-0.603835	-0.618617	-0.559552	-0.439234	-0.287635	-0.130805	-0.000500128	0.0762299	0.101568	0.0821926	0.0414408	0.00409757	-0.00528297	0.0283639	0.0857539	0.149851	0.226223	0.310213	0.397146	0.475639	0.537248	
0.0241857	-0.131392	-0.285586	-0.415776	-0.496614	-0.508517	-0.455945	-0.342093	-0.194755	-0.036105	0.101162	0.17962	0.203386	0.18743	0.144984	0.103181	0.0848108	0.108025	0.156631	0.211686	0.277588	0.347849	0.412668	0.463848	0.491495	
0.127203	-0.0249609	-0.174335	-0.293399	-0.369958	-0.382679	-0.330802	-0.225774	-0.0874176	0.0686619	0.204104	0.287537	0.31396	0.297435	0.258239	0.214689	0.183235	0.189036	0.224186	0.277605	0.338428	0.389098	0.422366	0.436304	0.431728	
0.212934	0.0758741	-0.0547259	-0.166029	-0.235458	-0.247168	-0.199987	-0.102917	0.0225627	0.158815	0.285117	0.369362	0.403502	0.393241	0.355877	0.309301	0.266867	0.250764	0.272616	0.325331	0.380971	0.413885	0.413126	0.387762	0.355548	
0.271595	0.16113	0.0476376	-0.0523016	-0.114472	-0.123961	-0.0833569	0.00461401	0.115583	0.228346	0.330849	0.409285	0.448436	0.444259	0.408266	0.357821	0.309921	0.286364	0.299393	0.345315	0.388893	0.403076	0.378782	0.327799	0.275778	
0.28528	0.200468	0.101066	0.0148156	-0.0361249	-0.0441663	-0.0106948	0.0636501	0.160872	0.254	0.327886	0.392319	0.42901	0.425022	0.391713	0.3427	0.299712	0.285905	0.301151	0.3393	0.363756	0.359588	0.324784	0.262958	0.200761	
0.227493	0.163455	0.083909	0.0117581	-0.0238692	-0.0281398	-0.00741244	0.0517146	0.133012	0.204128	0.258334	0.304112	0.333565	0.33209	0.309874	0.278371	0.255336	0.253861	0.277243	0.307499	0.318291	0.302733	0.266481	0.205458	0.137435	
0.09226	0.0453537	-0.0164742	-0.0726189	-0.0971435	-0.0998427	-0.0864522	-0.0418006	0.0221696	0.0751755	0.115124	0.151152	0.175701	0.181674	0.183252	0.185996	0.194668	0.213822	0.247132	0.280335	0.291539	0.270559	0.224709	0.156401	0.0799044	
-0.115071	-0.150072	-0.19734	-0.240468	-0.261757	-0.263975	-0.252482	-0.216415	-0.168085	-0.127784	-0.0954504	-0.0579175	-0.0238884	0.0023424	0.0372108	0.0847911	0.130864	0.180171	0.231904	0.277833	0.300023	0.277216	0.214725	0.127684	0.0347993	
-0.37574	-0.405492	-0.437662	-0.472364	-0.489161	-0.49041	-0.48191	-0.452718	-0.417179	-0.388508	-0.353575	-0.305301	-0.244728	-0.178952	-0.103876	-0.014216	0.0706237	0.153877	0.237798	0.303699	0.337587	0.315995	0.23912	0.134371	0.028803	
-0.653883	-0.681818	-0.706812	-0.732164	-0.744021	-0.744443	-0.739203	-0.717548	-0.691485	-0.666839	-0.628103	-0.566082	-0.477904	-0.368562	-0.248585	-0.119284	0.00541094	0.133355	0.255614	0.348719	0.3911	0.365456	0.28351	0.174207	0.0609696	
-0.914696	-0.940405	-0.954878	-0.963503	-0.967466	-0.966709	-0.96615	-0.958877	-0.947168	-0.926969	-0.888479	-0.816639	-0.704516	-0.557529	-0.391771	-0.216837	-0.0526716	0.116536	0.273094	0.386482	0.434164	0.408681	0.324833	0.217543	0.104831	
-1.11683	-1.1332	-1.13117	-1.12775	-1.1242	-1.1217	-1.12697	-1.12962	-1.13338	-1.12667	-1.09254	-1.02133	-0.89987	-0.727666	-0.523468	-0.304681	-0.0949959	0.105046	0.279857	0.402426	0.452844	0.429701	0.351619	0.245926	0.136493	
-1.24092	-1.23813	-1.21798	-1.20163	-1.1938	-1.19261	-1.19763	-1.21036	-1.23079	-1.24344	-1.22672	-1.16453	-1.04384	-0.86357	-0.633544	-0.382273	-0.13635	0.0857655	0.263619	0.383043	0.431328	0.411854	0.342571	0.238929	0.131474	
-1.28691	-1.25824	-1.21688	-1.18551	-1.1733	-1.17049	-1.17893	-1.20236	-1.24178	-1.27851	-1.28847	-1.24478	-1.1332	-0.954156	-0.713864	-0.444068	-0.179596	0.0526101	0.226631	0.332236	0.368617	0.346438	0.280914	0.183076	0.0763194	
-1.26674	-1.21128	-1.14796	-1.10187	-1.07621	-1.07185	-1.08896	-1.12692	-1.18517	-1.24757	-1.28488	-1.2688	-1.17582	-1.00471	-0.762598	-0.487329	-0.214352	0.0172484	0.183217	0.270941	0.284052	0.239959	0.164615	0.0653834	-0.0350253	
-1.21128	-1.13214	-1.04938	-0.983426	-0.941969	-0.934373	-0.963509	-1.02084	-1.09803	-1.18193	-1.24538	-1.25593	-1.1858	-1.02769	-0.790193	-0.5159	-0.246508	-0.0244081	0.126	0.195303	0.184229	0.112787	0.0172375	-0.0896505	-0.188345	
-1.14796	-1.04938	-0.950578	-0.867941	-0.815183	-0.804921	-0.842674	-0.915187	-1.00856	-1.11005	-1.19571	-1.22759	-1.17685	-1.03589	-0.811769	-0.54376	-0.288003	-0.0801875	0.0540776	0.103277	0.076775	-0.00993525	-0.126709	-0.242759	-0.345696	
-1.10187	-0.983426	-0.867941	-0.778916	-0.719744	-0.708155	-0.751164	-0.828647	-0.934843	-1.05654	-1.15838	-1.2056	-1.16858	-1.03876	-0.831263	-0.57545	-0.327154	-0.130708	-0.0117683	0.0231396	-0.0180397	-0.117495	-0.242004	-0.368427	-0.480888	
-1.07621	-0.941969	-0.815183	-0.719744	-0.661143	-0.649893	-0.691446	-0.772778	-0.888157	-1.02455	-1.14199	-1.19615	-1.16266	-1.03913	-0.840426	-0.5903	-0.347235	-0.15314	-0.0416706	-0.0218493	-0.0763106	-0.183953	-0.316396	-0.447058	-0.565458	
-1.07185	-0.934373	-0.804921	-0.708155	-0.649893	-0.637981	-0.680136	-0.761654	-0.879489	-1.0189	-1.13901	-1.19441	-1.1608	-1.03745	-0.840537	-0.590608	-0.349213	-0.15515	-0.0454205	-0.028703	-0.0857967	-0.194782	-0.329032	-0.458547	-0.579931	
-1.08896	-0.963509	-0.842674	-0.751164	-0.691446	-0.680136	-0.723045	-0.802094	-0.912455	-1.04095	-1.14923	-1.20057	-1.16625	-1.03978	-0.836757	-0.58398	-0.338077	-0.143411	-0.0281349	-7.79014e-05	-0.0470903	-0.150311	-0.27819	-0.407378	-0.522227	
-1.12692	-1.02084	-0.915187	-0.828647	-0.772778	-0.761654	-0.802094	-0.877868	-0.976578	-1.08607	-1.17842	-1.21704	-1.17326	-1.03746	-0.819978	-0.557385	-0.305031	-0.102768	0.0243746	0.0682082	0.035683	-0.0562658	-0.176356	-0.297413	-0.403988	
-1.18517	-1.09803	-1.00856	-0.934843	-0.888157	-0.879489	-0.912455	-0.976578	-1.06108	-1.1522	-1.22518	-1.24525	-1.18312	-1.03205	-0.79897	-0.525765	-0.262324	-0.0452022	0.0991429	0.158976	0.1413	0.0631893	-0.0431768	-0.15305	-0.252762	
-1.24757	-1.18193	-1.11005	-1.05654	-1.02455	-1.0189	-1.04095	-1.08607	-1.1522	-1.22443	-1.27213	-1.26701	-1.18349	-1.01617	-0.775252	-0.500447	-0.226541	0.00209338	0.162076	0.243574	0.245587	0.189477	0.107721	0.00542486	-0.0936875	
-1.28488	-1.24538	-1.19571	-1.15838	-1.14199	-1.13901	-1.14923	-1.17842	-1.22518	-1.27213	-1.29379	-1.26013	-1.15481	-0.978673	-0.736254	-0.463277	-0.194673	0.0382865	0.210335	0.308158	0.336542	0.308367	0.240088	0.142767	0.039461	
-1.2688	-1.25593	-1.22759	-1.2056	-1.19615	-1.19441	-1.20057	-1.21704	-1.24525	-1.26701	-1.26013	-1.20433	-1.08643	-0.905421	-0.669824	-0.409168	-0.154119	0.0737826	0.25008	0.365601	0.410395	0.391192	0.324658	0.224073	0.115303	
-1.17582	-1.1858	-1.17685	-1.16858	-1.16266	-1.1608	-1.16625	-1.17326	-1.18312	-1.18349	-1.15481	-1.08643	-0.964367	-0.787327	-0.570591	-0.337063	-0.110314	0.0991923	0.277147	0.399329	0.449751	0.427913	0.35373	0.247662	0.140237	
-1.00471	-1.02769	-1.03589	-1.03876	-1.03913	-1.03745	-1.03978	-1.03746	-1.03205	-1.01617	-0.978673	-0.905421	-0.787327	-0.628342	-0.44589	-0.25277	-0.0707973	0.111915	0.277353	0.396074	0.445548	0.420877	0.338799	0.232547	0.120772	
-0.762598	-0.790193	-0.811769	-0.831263	-0.840426	-0.840537	-0.836757	-0.819978	-0.79897	-0.775252	-0.736254	-0.669824	-0.570591	-0.44589	-0.307858	-0.160268	-0.0203357	0.125813	0.263469	0.365543	0.410762	0.383846	0.300559	0.191704	0.0777743	
-0.487329	-0.5159	-0.54376	-0.57545	-0.5903	-0.590608	-0.58398	-0.557385	-0.525765	-0.500447	-0.463277	-0.409168	-0.337063	-0.25277	-0.160268	-0.0554921	0.0457973	0.145287	0.243846	0.321186	0.359081	0.335511	0.25668	0.148233	0.0386359	
-0.214352	-0.246508	-0.288003	-0.327154	-0.347235	-0.349213	-0.338077	-0.305031	-0.262324	-0.226541	-0.194673	-0.154119	-0.110314	-0.0707973	-0.0203357	0.0457973	0.106484	0.168757	0.232689	0.284578	0.311924	0.289917	0.21979	0.125021	0.0268546	
0.0172484	-0.0244081	-0.0801875	-0.130708	-0.15314	-0.15515	-0.143411	-0.102768	-0.0452022	0.00209338	0.0382865	0.0737826	0.0991923	0.111915	0.125813	0.145287	0.168757	0.19937	0.237418	0.276254	0.290789	0.26797	0.216825	0.141948	0.0583235	
0.183217	0.126	0.0540776	-0.0117683	-0.0416706	-0.0454205	-0.0281349	0.0243746	0.0991429	0.162076	0.210335	0.25008	0.277147	0.277353	0.263469	0.243846	0.232689	0.237418	0.265613	0.294001	0.303454	0.285786	0.246729	0.184318	0.114664	
0.270941	0.195303	0.103277	0.0231396	-0.0218493	-0.028703	-7.79014e-05	0.0682082	0.158976	0.243574	0.308158	0.365601	0.399329	0.396074	0.365543	0.321186	0.284578	0.276254	0.294001	0.329187	0.345882	0.336542	0.300141	0.238424	0.173801	
0.284052	0.184229	0.076775	-0.0180397	-0.0763106	-0.0857967	-0.0470903	0.035683	0.1413	0.245587	0.336542	0.410395	0.449751	0.445548	0.410762	0.359081	0.311924	0.290789	0.303454	0.345882	0.382586	0.388554	0.359266	0.301949	0.245172	
0.239959	0.112787	-0.00993525	-0.117495	-0.183953	-0.194782	-0.150311	-0.0562658	0.0631893	0.189477	0.308367	0.391192	0.427913	0.420877	0.383846	0.335511	0.289917	0.26797	0.285786	0.336542	0.388554	0.414749	0.402557	0.364638	0.323657	
0.164615	0.0172375	-0.126709	-0.242004	-0.316396	-0.329032	-0.27819	-0.176356	-0.0431768	0.107721	0.240088	0.324658	0.35373	0.338799	0.300559	0.25668	0.21979	0.216825	0.246729	0.300141	0.359266	0.402557	0.421397	0.418739	0.402049	
0.0653834	-0.0896505	-0.242759	-0.368427	-0.447058	-0.458547	-0.407378	-0.297413	-0.15305	0.00542486	0.142767	0.224073	0.247662	0.232547	0.191704	0.148233	0.125021	0.141948	0.184318	0.238424	0.301949	0.364638	0.418739	0.45598	0.470218	
-0.0350253	-0.188345	-0.345696	-0.480888	-0.565458	-0.579931	-0.522227	-0.403988	-0.252762	-0.0936875	0.039461	0.115303	0.140237	0.120772	0.0777743	0.0386359	0.0268546	0.0583235	0.114664	0.173801	0.245172	0.323657	0.402049	0.470218	0.518563	
