-0.17201	-0.194286	-0.1839	-0.119663	-0.00226333	0.142436	0.280975	0.395579	0.481636	0.54273	0.559257	0.520884	0.439851	0.347367	0.257103	0.181521	0.13571	0.121309	0.129348	0.158576	0.228572	0.323839	0.417489	0.500243	0.564173	
-0.194286	-0.181986	-0.14594	-0.0656032	0.0624157	0.222706	0.379374	0.511327	0.601806	0.66234	0.680117	0.638738	0.553034	0.453297	0.358351	0.275224	0.219782	0.194277	0.189975	0.213246	0.287988	0.389517	0.487673	0.571943	0.638459	
-0.1839	-0.14594	-0.0835509	0.015117	0.156314	0.325257	0.488873	0.625838	0.719753	0.779219	0.792004	0.744433	0.653994	0.552684	0.456931	0.366267	0.29541	0.256852	0.250464	0.287208	0.367177	0.471228	0.570837	0.655337	0.713839	
-0.119663	-0.0656032	0.015117	0.128404	0.275249	0.442942	0.602401	0.737138	0.831821	0.880331	0.878404	0.824948	0.736878	0.639393	0.54251	0.442465	0.352563	0.303079	0.306785	0.359706	0.449195	0.558911	0.659524	0.737615	0.777932	
-0.00226333	0.0624157	0.156314	0.275249	0.417815	0.572182	0.716756	0.840922	0.928401	0.960126	0.943694	0.88658	0.79785	0.702197	0.600964	0.485701	0.380423	0.32429	0.337243	0.406136	0.513024	0.634449	0.736409	0.801151	0.824542	
0.142436	0.222706	0.325257	0.442942	0.572182	0.703189	0.827048	0.930059	0.996673	1.0154	0.989096	0.930073	0.838522	0.737567	0.62509	0.49129	0.372862	0.314156	0.331647	0.416752	0.542876	0.675186	0.780637	0.838792	0.845986	
0.280975	0.379374	0.488873	0.602401	0.716756	0.827048	0.925076	0.995273	1.03727	1.04404	1.01255	0.942828	0.841863	0.72973	0.600699	0.459705	0.337111	0.272439	0.293447	0.389345	0.529786	0.674974	0.786854	0.843694	0.842099	
0.395579	0.511327	0.625838	0.737138	0.840922	0.930059	0.995273	1.03457	1.05712	1.0502	1.01049	0.935126	0.823099	0.688779	0.540212	0.393472	0.269776	0.206305	0.231091	0.328502	0.471902	0.62594	0.751415	0.815344	0.816497	
0.481636	0.601806	0.719753	0.831821	0.928401	0.996673	1.03727	1.05712	1.05881	1.04142	0.993185	0.904711	0.772653	0.617109	0.452977	0.294331	0.171033	0.123595	0.155112	0.249498	0.384561	0.535668	0.669736	0.749343	0.762883	
0.54273	0.66234	0.779219	0.880331	0.960126	1.0154	1.04404	1.0502	1.04142	1.00754	0.939734	0.834184	0.689775	0.519007	0.339291	0.173596	0.0578146	0.0231251	0.0591088	0.153879	0.283896	0.42863	0.559377	0.657214	0.677303	
0.559257	0.680117	0.792004	0.878404	0.943694	0.989096	1.01255	1.01049	0.993185	0.939734	0.842879	0.717204	0.561048	0.384716	0.201812	0.0339539	-0.0749377	-0.10133	-0.0571905	0.0392863	0.167725	0.310538	0.446149	0.552251	0.581721	
0.520884	0.638738	0.744433	0.824948	0.88658	0.930073	0.942828	0.935126	0.904711	0.834184	0.717204	0.571128	0.401399	0.215029	0.0334354	-0.125627	-0.223988	-0.245181	-0.19699	-0.101125	0.029089	0.175541	0.319988	0.435361	0.478146	
0.439851	0.553034	0.653994	0.736878	0.79785	0.838522	0.841863	0.823099	0.772653	0.689775	0.561048	0.401399	0.212868	0.0257903	-0.148436	-0.299141	-0.393498	-0.416851	-0.368707	-0.273752	-0.139734	0.0159491	0.175879	0.296119	0.3628	
0.347367	0.453297	0.552684	0.639393	0.702197	0.737567	0.72973	0.688779	0.617109	0.519007	0.384716	0.215029	0.0257903	-0.158161	-0.328248	-0.478791	-0.572122	-0.59313	-0.553198	-0.465543	-0.32741	-0.15711	0.0118637	0.148679	0.231758	
0.257103	0.358351	0.456931	0.54251	0.600964	0.62509	0.600699	0.540212	0.452977	0.339291	0.201812	0.0334354	-0.148436	-0.328248	-0.500793	-0.651396	-0.747438	-0.769318	-0.731714	-0.643823	-0.499265	-0.318688	-0.136506	0.0187221	0.120862	
0.181521	0.275224	0.366267	0.442465	0.485701	0.49129	0.459705	0.393472	0.294331	0.173596	0.0339539	-0.125627	-0.299141	-0.478791	-0.651396	-0.800052	-0.898942	-0.926647	-0.886569	-0.787869	-0.627282	-0.434245	-0.241454	-0.0762407	0.0515355	
0.13571	0.219782	0.29541	0.352563	0.380423	0.372862	0.337111	0.269776	0.171033	0.0578146	-0.0749377	-0.223988	-0.393498	-0.572122	-0.747438	-0.898942	-1.0012	-1.03878	-0.999465	-0.888423	-0.71236	-0.499742	-0.296699	-0.118134	0.0304989	
0.121309	0.194277	0.256852	0.303079	0.32429	0.314156	0.272439	0.206305	0.123595	0.0231251	-0.10133	-0.245181	-0.416851	-0.59313	-0.769318	-0.926647	-1.03878	-1.09241	-1.06047	-0.935853	-0.741006	-0.515942	-0.30349	-0.109403	0.0521851	
0.129348	0.189975	0.250464	0.306785	0.337243	0.331647	0.293447	0.231091	0.155112	0.0591088	-0.0571905	-0.19699	-0.368707	-0.553198	-0.731714	-0.886569	-0.999465	-1.06047	-1.03938	-0.911585	-0.704863	-0.475973	-0.258498	-0.0603647	0.0980733	
0.158576	0.213246	0.287208	0.359706	0.406136	0.416752	0.389345	0.328502	0.249498	0.153879	0.0392863	-0.101125	-0.273752	-0.465543	-0.643823	-0.787869	-0.888423	-0.935853	-0.911585	-0.793204	-0.603829	-0.385254	-0.173411	0.0107138	0.158109	
0.228572	0.287988	0.367177	0.449195	0.513024	0.542876	0.529786	0.471902	0.384561	0.283896	0.167725	0.029089	-0.139734	-0.32741	-0.499265	-0.627282	-0.71236	-0.741006	-0.704863	-0.603829	-0.446427	-0.254675	-0.0680198	0.090839	0.214854	
0.323839	0.389517	0.471228	0.558911	0.634449	0.675186	0.674974	0.62594	0.535668	0.42863	0.310538	0.175541	0.0159491	-0.15711	-0.318688	-0.434245	-0.499742	-0.515942	-0.475973	-0.385254	-0.254675	-0.0981957	0.0518348	0.168991	0.251959	
0.417489	0.487673	0.570837	0.659524	0.736409	0.780637	0.786854	0.751415	0.669736	0.559377	0.446149	0.319988	0.175879	0.0118637	-0.136506	-0.241454	-0.296699	-0.30349	-0.258498	-0.173411	-0.0680198	0.0518348	0.163187	0.239159	0.270716	
0.500243	0.571943	0.655337	0.737615	0.801151	0.838792	0.843694	0.815344	0.749343	0.657214	0.552251	0.435361	0.296119	0.148679	0.0187221	-0.0762407	-0.118134	-0.109403	-0.0603647	0.0107138	0.090839	0.168991	0.239159	0.265606	0.252439	
0.564173	0.638459	0.713839	0.777932	0.824542	0.845986	0.842099	0.816497	0.762883	0.677303	0.581721	0.478146	0.3628	0.231758	0.120862	0.0515355	0.0304989	0.0521851	0.0980733	0.158109	0.214854	0.251959	0.270716	0.252439	0.181656	
0.588074	0.662579	0.730012	0.777017	0.803205	0.807123	0.793528	0.764905	0.708146	0.623436	0.529964	0.438408	0.348254	0.246115	0.156217	0.117381	0.124446	0.164113	0.214164	0.268929	0.309522	0.311468	0.281999	0.203647	0.0686465	
0.57421	0.644596	0.700743	0.736352	0.747159	0.733789	0.707062	0.66291	0.595634	0.514294	0.427881	0.342216	0.269356	0.192465	0.131851	0.123405	0.157803	0.217455	0.284233	0.341125	0.367632	0.343826	0.268684	0.133347	-0.0654299	
0.536784	0.599995	0.648414	0.673913	0.673003	0.644476	0.600764	0.543741	0.474967	0.394238	0.308546	0.229758	0.166113	0.109894	0.0748821	0.0865916	0.145997	0.226849	0.312143	0.376943	0.390431	0.345236	0.227171	0.0415755	-0.202164	
0.491578	0.546245	0.586357	0.607855	0.597674	0.555169	0.501989	0.44167	0.372982	0.293688	0.209755	0.138671	0.0821531	0.0360005	0.0103492	0.0319556	0.104792	0.204334	0.303274	0.374289	0.390671	0.335965	0.192096	-0.0284775	-0.310894	
0.451874	0.500647	0.53678	0.552665	0.53745	0.491716	0.439443	0.379509	0.310101	0.232215	0.150712	0.0777891	0.0232667	-0.016817	-0.0350097	-0.0117268	0.0557258	0.165923	0.278985	0.36177	0.38749	0.33472	0.185088	-0.0568058	-0.369514	
0.443701	0.491672	0.527529	0.54055	0.52502	0.479499	0.427198	0.367765	0.298776	0.221266	0.139656	0.064871	0.0110897	-0.0281152	-0.0427942	-0.0192133	0.0443026	0.155749	0.272304	0.359802	0.387861	0.33516	0.184407	-0.0608575	-0.37832	
0.474006	0.525487	0.563311	0.582585	0.570349	0.525236	0.471815	0.411236	0.342444	0.263517	0.180686	0.110405	0.0550429	0.0110045	-0.011479	0.0108617	0.0837951	0.189144	0.293661	0.368465	0.388661	0.334221	0.186744	-0.0441607	-0.341173	
0.518766	0.578692	0.623878	0.647944	0.64239	0.607435	0.559586	0.49959	0.431173	0.350567	0.26543	0.190485	0.129525	0.0788262	0.0489919	0.0650077	0.132577	0.22153	0.312517	0.379692	0.39187	0.340944	0.210315	0.00858159	-0.251008	
0.561374	0.629574	0.681328	0.712795	0.718436	0.698808	0.664822	0.614439	0.545686	0.4644	0.379713	0.296186	0.227825	0.16013	0.111273	0.112917	0.157101	0.225137	0.30021	0.360309	0.380177	0.347883	0.253907	0.0981548	-0.121472	
0.58607	0.659494	0.722305	0.764929	0.784128	0.781034	0.763058	0.729001	0.667955	0.585159	0.493393	0.404634	0.322139	0.23116	0.152316	0.125916	0.1446	0.192352	0.247801	0.302273	0.337842	0.32789	0.280819	0.17819	0.0171111	
0.578964	0.654814	0.726922	0.782219	0.820916	0.835309	0.827504	0.802302	0.749482	0.663574	0.569158	0.471498	0.368199	0.246758	0.143179	0.0860362	0.0754274	0.103742	0.149822	0.206651	0.256189	0.277811	0.27653	0.236971	0.140659	
0.529415	0.601464	0.682891	0.75903	0.815775	0.847485	0.849906	0.822529	0.762839	0.675804	0.57531	0.463042	0.32982	0.188917	0.0670362	-0.0198209	-0.0533862	-0.0391366	0.00828261	0.0740099	0.144165	0.206033	0.25616	0.264147	0.229999	
0.451825	0.523291	0.606322	0.694249	0.767234	0.810065	0.816815	0.784988	0.709907	0.605008	0.494098	0.371915	0.229877	0.0723014	-0.0695922	-0.171215	-0.222155	-0.224238	-0.176212	-0.0951974	-0.000535441	0.103243	0.198955	0.256431	0.26969	
0.36272	0.429992	0.512731	0.601258	0.67878	0.722602	0.724736	0.68195	0.593335	0.483766	0.366624	0.234734	0.0817685	-0.0872003	-0.24474	-0.355405	-0.415696	-0.427904	-0.386677	-0.29809	-0.177435	-0.0350923	0.0993128	0.19886	0.261484	
0.265391	0.327749	0.407313	0.491957	0.561486	0.596867	0.589832	0.53497	0.444327	0.341109	0.224348	0.0862536	-0.0799169	-0.261484	-0.429277	-0.551648	-0.629212	-0.651784	-0.612915	-0.517523	-0.371887	-0.194368	-0.0210948	0.12258	0.23224	
0.181397	0.237404	0.315055	0.391921	0.445565	0.464136	0.44214	0.382014	0.300272	0.203492	0.0884041	-0.0520782	-0.22412	-0.415375	-0.592064	-0.729932	-0.824939	-0.864763	-0.835214	-0.723831	-0.546419	-0.336717	-0.133317	0.0415854	0.182364	
0.137154	0.194668	0.258987	0.321973	0.358781	0.358599	0.324459	0.262855	0.186348	0.0906083	-0.0244716	-0.163499	-0.335209	-0.524132	-0.703551	-0.854943	-0.963743	-1.02151	-1.00074	-0.87538	-0.673139	-0.445067	-0.227623	-0.0327401	0.121133	
0.122327	0.190326	0.250459	0.298508	0.321098	0.311928	0.270908	0.205563	0.127584	0.030023	-0.0907003	-0.232851	-0.405522	-0.583654	-0.760171	-0.918282	-1.03132	-1.09033	-1.06388	-0.936176	-0.734427	-0.506519	-0.291573	-0.094506	0.067785	
0.126721	0.206385	0.27619	0.326479	0.350041	0.340788	0.301997	0.234831	0.141808	0.0337619	-0.0951935	-0.242213	-0.411502	-0.588615	-0.764799	-0.918599	-1.02529	-1.06903	-1.03144	-0.914626	-0.730872	-0.512691	-0.305983	-0.119621	0.0358114	
0.158881	0.249314	0.334216	0.403484	0.440484	0.439253	0.406487	0.339877	0.238774	0.118675	-0.0192961	-0.173996	-0.345229	-0.524885	-0.69846	-0.84764	-0.946859	-0.977195	-0.936955	-0.833425	-0.667483	-0.465797	-0.268648	-0.099541	0.0365198	
0.224111	0.323494	0.41981	0.502763	0.555893	0.572555	0.544433	0.479644	0.387027	0.269328	0.130407	-0.0349454	-0.213207	-0.392659	-0.564826	-0.714955	-0.812048	-0.83634	-0.798361	-0.706054	-0.555718	-0.371681	-0.185012	-0.025147	0.0881412	
0.31033	0.41434	0.513502	0.600767	0.663129	0.695759	0.681153	0.631118	0.552492	0.447711	0.311753	0.141593	-0.0453052	-0.227028	-0.398289	-0.549799	-0.64384	-0.664083	-0.625205	-0.539789	-0.400547	-0.2257	-0.0514939	0.0940102	0.183266	
0.40374	0.512679	0.613106	0.698086	0.759812	0.798074	0.797762	0.770753	0.711806	0.623086	0.492401	0.32717	0.136374	-0.0499613	-0.221088	-0.371356	-0.464368	-0.487041	-0.442537	-0.350299	-0.214435	-0.05231	0.111781	0.236875	0.310449	
0.491657	0.608612	0.71161	0.792061	0.853226	0.896239	0.905179	0.893989	0.856319	0.781377	0.657959	0.505936	0.327826	0.140274	-0.0391964	-0.193456	-0.289784	-0.311502	-0.262247	-0.166519	-0.0346331	0.114174	0.265243	0.382707	0.434804	
0.550832	0.670732	0.780297	0.862762	0.925598	0.969959	0.988968	0.985468	0.96361	0.902443	0.796372	0.66227	0.500723	0.320916	0.138377	-0.0271397	-0.132499	-0.155513	-0.109294	-0.0133956	0.115031	0.259061	0.39784	0.507425	0.540963	
