-0.0376893	-0.139746	-0.242804	-0.335504	-0.397306	-0.408487	-0.364433	-0.282657	-0.181571	-0.0770551	0.0175036	0.0971458	0.160288	0.219517	0.282449	0.355052	0.427682	0.479263	0.488856	0.461344	0.40783	0.331138	0.232959	0.117709	0.0242793	
0.0506027	-0.0341223	-0.119298	-0.188426	-0.226632	-0.232274	-0.207463	-0.149744	-0.0687817	0.0175998	0.0970564	0.170098	0.232232	0.283918	0.339775	0.405585	0.47344	0.517042	0.516986	0.47648	0.40557	0.312132	0.200003	0.0739337	-0.0386149	
0.152655	0.0880334	0.0312512	-0.0105287	-0.0354407	-0.0389161	-0.0226678	0.0124946	0.0637197	0.127172	0.188745	0.242644	0.290441	0.339965	0.399766	0.461197	0.515839	0.546255	0.537506	0.477866	0.382241	0.266381	0.135947	0.001111	-0.122132	
0.27401	0.232095	0.187755	0.158578	0.146563	0.14562	0.152122	0.173375	0.213327	0.258685	0.292566	0.319914	0.360152	0.414487	0.47533	0.53153	0.571249	0.582646	0.554048	0.473512	0.353988	0.216593	0.0696117	-0.0813525	-0.220402	
0.396641	0.365586	0.328668	0.305242	0.299764	0.299795	0.301431	0.316551	0.35076	0.385419	0.410277	0.431796	0.468398	0.52339	0.580787	0.62502	0.642483	0.629025	0.578175	0.478766	0.339449	0.183794	0.0183914	-0.154753	-0.322635	
0.526908	0.493132	0.457423	0.433436	0.423878	0.425526	0.426759	0.445931	0.478371	0.514707	0.542697	0.567923	0.607675	0.659989	0.705323	0.725166	0.722333	0.684947	0.610476	0.492612	0.334468	0.158378	-0.0269069	-0.218731	-0.411137	
0.650894	0.610823	0.564894	0.528781	0.51286	0.510891	0.520431	0.548005	0.592864	0.635463	0.67386	0.710639	0.751248	0.798882	0.82852	0.832495	0.810391	0.755926	0.657299	0.516416	0.339376	0.141208	-0.0665513	-0.278614	-0.482775	
0.738623	0.683315	0.625903	0.577636	0.547564	0.543679	0.561707	0.605415	0.660233	0.716714	0.771548	0.829502	0.879744	0.915939	0.934822	0.930231	0.900239	0.829115	0.713629	0.556432	0.361879	0.14479	-0.0803656	-0.309423	-0.521808	
0.773761	0.695557	0.625203	0.566819	0.521259	0.513929	0.545006	0.601194	0.666008	0.741467	0.822046	0.903275	0.967565	1.00295	1.01634	1.00603	0.972213	0.891784	0.768281	0.605596	0.401977	0.17179	-0.0650632	-0.300366	-0.516551	
0.76705	0.667024	0.580324	0.504493	0.44944	0.440186	0.478786	0.548335	0.630796	0.725666	0.831228	0.933068	1.00492	1.04213	1.05431	1.04152	1.00455	0.917842	0.789611	0.630896	0.437314	0.208444	-0.0246588	-0.248911	-0.451846	
0.736744	0.620701	0.513816	0.416464	0.349836	0.338477	0.384262	0.472915	0.577536	0.688661	0.8114	0.925454	1.00195	1.03981	1.05475	1.04009	0.99227	0.899264	0.773617	0.628101	0.456927	0.25383	0.038431	-0.163864	-0.341044	
0.701859	0.56608	0.44006	0.333674	0.261595	0.249114	0.298931	0.395153	0.51385	0.646673	0.782936	0.89767	0.97167	1.00497	1.01811	1.00356	0.945154	0.845845	0.727506	0.592249	0.443695	0.282194	0.112477	-0.0485775	-0.190344	
0.66474	0.522282	0.389114	0.281605	0.209523	0.195426	0.247464	0.343041	0.466289	0.608468	0.74361	0.851228	0.923603	0.95554	0.960603	0.939528	0.870515	0.761385	0.645715	0.528355	0.409999	0.294406	0.182574	0.0841154	-0.010381	
0.629362	0.497344	0.368983	0.266153	0.206028	0.194806	0.236429	0.323343	0.444538	0.577636	0.702022	0.800531	0.865699	0.896114	0.893464	0.863427	0.783649	0.673431	0.561608	0.465214	0.38221	0.313176	0.263618	0.228416	0.188731	
0.607029	0.490785	0.384586	0.298273	0.250365	0.243564	0.273641	0.346987	0.446514	0.560398	0.673087	0.760122	0.809502	0.830716	0.818505	0.772018	0.695023	0.597816	0.501535	0.426961	0.37955	0.355037	0.35715	0.374488	0.383676	
0.606047	0.518241	0.434916	0.368522	0.337839	0.334734	0.351307	0.404711	0.48392	0.571137	0.657004	0.726949	0.763532	0.766914	0.741122	0.686288	0.609244	0.527449	0.460551	0.417559	0.402806	0.417547	0.45899	0.513917	0.556092	
0.623884	0.566423	0.509135	0.465837	0.443753	0.438575	0.45481	0.48954	0.543066	0.60141	0.654675	0.703217	0.730357	0.716	0.672111	0.614958	0.543118	0.47809	0.441829	0.434993	0.454426	0.496294	0.565682	0.647507	0.704929	
0.654061	0.616931	0.584218	0.563254	0.544467	0.538467	0.556382	0.574935	0.602197	0.639983	0.672644	0.696413	0.705533	0.677914	0.622565	0.565933	0.507931	0.467722	0.455373	0.479545	0.532366	0.597368	0.678956	0.769005	0.835438	
0.687349	0.672511	0.654634	0.638526	0.626003	0.62268	0.633075	0.648176	0.665391	0.681774	0.693718	0.69815	0.688389	0.651234	0.596874	0.544055	0.500832	0.486412	0.500036	0.54764	0.623978	0.707782	0.794424	0.879632	0.944016	
0.70845	0.708401	0.700061	0.680053	0.667486	0.664508	0.674092	0.692035	0.707254	0.708567	0.708024	0.703931	0.681618	0.641528	0.593904	0.556547	0.527774	0.530964	0.56614	0.626756	0.708633	0.80129	0.886975	0.96179	1.01392	
0.709243	0.702877	0.690497	0.672599	0.66162	0.66092	0.667204	0.682848	0.69899	0.707394	0.709202	0.699819	0.676986	0.642625	0.603111	0.582329	0.572999	0.587677	0.628669	0.692145	0.769983	0.853987	0.930034	0.993774	1.04269	
0.659658	0.634	0.609667	0.584317	0.56428	0.560332	0.575086	0.599543	0.623816	0.650273	0.66987	0.673003	0.66437	0.651038	0.631945	0.622154	0.625036	0.643668	0.680804	0.734274	0.802165	0.871632	0.93674	0.991919	1.03749	
0.550389	0.492912	0.435198	0.39145	0.366454	0.361956	0.378564	0.416327	0.468726	0.528083	0.580583	0.620965	0.647582	0.657571	0.662997	0.66618	0.672697	0.688554	0.717604	0.752038	0.797496	0.857595	0.918462	0.971106	1.01098	
0.386788	0.280993	0.185982	0.11911	0.0799479	0.0717539	0.100443	0.155909	0.24023	0.344037	0.449292	0.54248	0.613312	0.658185	0.685545	0.695985	0.697178	0.70015	0.71087	0.733069	0.767824	0.811029	0.862668	0.916294	0.95155	
0.181832	0.0193034	-0.121103	-0.220659	-0.276401	-0.285817	-0.247886	-0.167433	-0.0405454	0.115707	0.281823	0.435286	0.558015	0.647854	0.698219	0.710879	0.700578	0.688826	0.675472	0.680591	0.702146	0.730117	0.771842	0.817293	0.849963	
-0.0476022	-0.270648	-0.460426	-0.600318	-0.676598	-0.689599	-0.638648	-0.523421	-0.350978	-0.139853	0.0909196	0.30974	0.490841	0.62295	0.696465	0.71317	0.696467	0.66853	0.634386	0.611308	0.604275	0.617593	0.650373	0.686663	0.723624	
-0.270648	-0.555455	-0.797966	-0.977799	-1.07921	-1.09676	-1.02829	-0.878302	-0.659266	-0.387283	-0.094887	0.180944	0.415297	0.58656	0.683395	0.712516	0.691123	0.63888	0.586416	0.536581	0.497547	0.49174	0.510537	0.546519	0.599361	
-0.460426	-0.797966	-1.0922	-1.31191	-1.44041	-1.46058	-1.37606	-1.1893	-0.923342	-0.597618	-0.254325	0.068003	0.344326	0.549816	0.669158	0.703013	0.678294	0.612975	0.539933	0.46284	0.400327	0.371573	0.375941	0.416399	0.483488	
-0.600318	-0.977799	-1.31191	-1.56697	-1.71605	-1.74039	-1.6411	-1.42477	-1.11876	-0.75372	-0.370415	-0.00991474	0.291757	0.517936	0.649572	0.684406	0.659968	0.596569	0.50697	0.40507	0.322242	0.273516	0.269891	0.309203	0.380772	
-0.676598	-1.07921	-1.44041	-1.71605	-1.87595	-1.90439	-1.79483	-1.56295	-1.23101	-0.840161	-0.433068	-0.0551757	0.261362	0.496744	0.634911	0.673002	0.647126	0.581256	0.48474	0.379851	0.281418	0.217708	0.202586	0.235337	0.31143	
-0.689599	-1.09676	-1.46058	-1.74039	-1.90439	-1.93498	-1.82025	-1.58497	-1.24981	-0.854766	-0.443569	-0.0639067	0.254883	0.493319	0.632972	0.670824	0.644134	0.576334	0.478493	0.376196	0.277076	0.207753	0.189331	0.221943	0.299419	
-0.638648	-1.02829	-1.37606	-1.6411	-1.79483	-1.82025	-1.71723	-1.4939	-1.17454	-0.796957	-0.40161	-0.0316331	0.276846	0.507463	0.642719	0.678939	0.654079	0.591152	0.497143	0.391228	0.300202	0.245616	0.237496	0.274127	0.346945	
-0.523421	-0.878302	-1.1893	-1.42477	-1.56295	-1.58497	-1.4939	-1.29288	-1.0103	-0.667783	-0.307652	0.0325365	0.321314	0.536548	0.661282	0.695362	0.671143	0.605878	0.525169	0.436394	0.365815	0.328408	0.329909	0.370869	0.440213	
-0.350978	-0.659266	-0.923342	-1.11876	-1.23101	-1.24981	-1.17454	-1.0103	-0.772542	-0.476669	-0.162244	0.132655	0.385137	0.571515	0.677961	0.710785	0.687353	0.626823	0.566763	0.506438	0.457059	0.442286	0.454354	0.492242	0.552178	
-0.139853	-0.387283	-0.597618	-0.75372	-0.840161	-0.854766	-0.796957	-0.667783	-0.476669	-0.241974	0.0146741	0.257461	0.461196	0.609352	0.69216	0.713087	0.694428	0.65742	0.616053	0.5816	0.561191	0.568198	0.595291	0.630434	0.672854	
0.0909196	-0.094887	-0.254325	-0.370415	-0.433068	-0.443569	-0.40161	-0.307652	-0.162244	0.0146741	0.206392	0.386909	0.53257	0.639794	0.699097	0.712552	0.699343	0.682155	0.659592	0.653792	0.665661	0.687976	0.726818	0.768178	0.800545	
0.30974	0.180944	0.068003	-0.00991474	-0.0551757	-0.0639067	-0.0316331	0.0325365	0.132655	0.257461	0.386909	0.502517	0.592859	0.655518	0.692422	0.704242	0.700358	0.6971	0.698139	0.716012	0.746086	0.782791	0.82969	0.881242	0.915752	
0.490841	0.415297	0.344326	0.291757	0.261362	0.254883	0.276846	0.321314	0.385137	0.461196	0.53257	0.592859	0.636199	0.65899	0.672711	0.679756	0.685815	0.697038	0.720006	0.748968	0.789545	0.842388	0.90086	0.954641	0.992157	
0.62295	0.58656	0.549816	0.517936	0.496744	0.493319	0.507463	0.536548	0.571515	0.609352	0.639794	0.655518	0.65899	0.653994	0.645567	0.64074	0.645754	0.664656	0.699991	0.74493	0.803526	0.870797	0.932877	0.985847	1.02913	
0.696465	0.683395	0.669158	0.649572	0.634911	0.632972	0.642719	0.661282	0.677961	0.69216	0.699097	0.692422	0.672711	0.645567	0.612227	0.596374	0.593304	0.609527	0.649686	0.711638	0.787733	0.863918	0.935348	0.995891	1.04487	
0.71317	0.712516	0.703013	0.684406	0.673002	0.670824	0.678939	0.695362	0.710785	0.713087	0.712552	0.704242	0.679756	0.64074	0.596374	0.566536	0.545111	0.553854	0.592252	0.655596	0.736067	0.828232	0.910092	0.98045	1.02992	
0.696467	0.691123	0.678294	0.659968	0.647126	0.644134	0.654079	0.671143	0.687353	0.694428	0.699343	0.700358	0.685815	0.645754	0.593304	0.545111	0.507356	0.501829	0.525472	0.579229	0.659563	0.748608	0.836112	0.91793	0.97747	
0.66853	0.63888	0.612975	0.596569	0.581256	0.576334	0.591152	0.605878	0.626823	0.65742	0.682155	0.6971	0.697038	0.664656	0.609527	0.553854	0.501829	0.471595	0.46959	0.503856	0.568998	0.641703	0.725625	0.814862	0.882034	
0.634386	0.586416	0.539933	0.50697	0.48474	0.478493	0.497143	0.525169	0.566763	0.616053	0.659592	0.698139	0.720006	0.699991	0.649686	0.592252	0.525472	0.46959	0.443131	0.449874	0.482998	0.534372	0.610653	0.697647	0.759301	
0.611308	0.536581	0.46284	0.40507	0.379851	0.376196	0.391228	0.436394	0.506438	0.5816	0.653792	0.716012	0.748968	0.74493	0.711638	0.655596	0.579229	0.503856	0.449874	0.42128	0.419776	0.446277	0.501519	0.56848	0.617586	
0.604275	0.497547	0.400327	0.322242	0.281418	0.277076	0.300202	0.365815	0.457059	0.561191	0.665661	0.746086	0.789545	0.803526	0.787733	0.736067	0.659563	0.568998	0.482998	0.419776	0.385304	0.378344	0.396318	0.431384	0.456419	
0.617593	0.49174	0.371573	0.273516	0.217708	0.207753	0.245616	0.328408	0.442286	0.568198	0.687976	0.782791	0.842388	0.870797	0.863918	0.828232	0.748608	0.641703	0.534372	0.446277	0.378344	0.326557	0.30025	0.287307	0.268385	
0.650373	0.510537	0.375941	0.269891	0.202586	0.189331	0.237496	0.329909	0.454354	0.595291	0.726818	0.82969	0.90086	0.932877	0.935348	0.910092	0.836112	0.725625	0.610653	0.501519	0.396318	0.30025	0.212696	0.140667	0.067835	
0.686663	0.546519	0.416399	0.309203	0.235337	0.221943	0.274127	0.370869	0.492242	0.630434	0.768178	0.881242	0.954641	0.985847	0.995891	0.98045	0.91793	0.814862	0.697647	0.56848	0.431384	0.287307	0.140667	0.00327615	-0.12095	
0.723624	0.599361	0.483488	0.380772	0.31143	0.299419	0.346945	0.440213	0.552178	0.672854	0.800545	0.915752	0.992157	1.02913	1.04487	1.02992	0.97747	0.882034	0.759301	0.617586	0.456419	0.268385	0.067835	-0.12095	-0.285427	
