0.791222	0.604749	0.406435	0.23144	0.126476	0.109638	0.178879	0.331446	0.524977	0.720657	0.882185	0.990475	1.02147	0.975628	0.874937	0.730132	0.557649	0.385167	0.256427	0.172524	0.113802	0.0745377	0.0442444	0.0148698	-0.0329349	
0.925676	0.774919	0.603337	0.439871	0.334753	0.317308	0.388374	0.533831	0.708307	0.869182	0.995463	1.06893	1.0726	1.00937	0.899945	0.748548	0.572093	0.400871	0.275122	0.198698	0.151523	0.109053	0.069509	0.0278463	-0.0373091	
1.019	0.904674	0.761904	0.619063	0.521732	0.504121	0.572341	0.702133	0.849859	0.977763	1.06766	1.1068	1.08683	1.01509	0.9035	0.753608	0.584302	0.430766	0.319795	0.251715	0.20818	0.165817	0.117924	0.0578459	-0.0284531	
1.05573	0.970216	0.856488	0.745064	0.665629	0.650839	0.707952	0.810143	0.926405	1.026	1.08893	1.10282	1.07148	0.998946	0.888128	0.750129	0.600492	0.469572	0.375655	0.314718	0.271272	0.22479	0.167848	0.0924296	-0.00822813	
1.04056	0.974881	0.894978	0.820978	0.768662	0.758596	0.797003	0.86361	0.943284	1.01765	1.06503	1.06753	1.02943	0.949976	0.84318	0.722111	0.599542	0.491328	0.413175	0.357833	0.312305	0.265746	0.207214	0.128282	0.0198013	
0.994568	0.950442	0.903508	0.861695	0.833515	0.827609	0.848336	0.88578	0.931257	0.978211	1.01227	1.01129	0.963536	0.877456	0.770757	0.663865	0.561032	0.469709	0.399717	0.355759	0.320049	0.282373	0.230815	0.151392	0.0392794	
0.940881	0.921391	0.902488	0.885719	0.875431	0.874097	0.880738	0.894633	0.914623	0.932428	0.952022	0.944711	0.886963	0.796257	0.690604	0.59265	0.501041	0.416903	0.357361	0.329117	0.309221	0.278446	0.234126	0.161971	0.0543053	
0.890126	0.888506	0.890168	0.89323	0.90019	0.901138	0.896208	0.890669	0.88927	0.889206	0.889023	0.869477	0.81199	0.719348	0.618864	0.527513	0.445045	0.366133	0.312113	0.292141	0.281016	0.258716	0.219263	0.157295	0.0629734	
0.842759	0.858856	0.873788	0.897526	0.915577	0.919301	0.905478	0.883349	0.863647	0.850503	0.827016	0.789151	0.727442	0.643188	0.557312	0.476451	0.396414	0.326552	0.28103	0.262899	0.256799	0.242969	0.21011	0.159212	0.0812573	
0.802022	0.834094	0.861869	0.899092	0.93111	0.937275	0.914314	0.875697	0.844024	0.817023	0.775978	0.719933	0.646162	0.562984	0.487918	0.417548	0.351076	0.299319	0.263472	0.24439	0.243356	0.233476	0.209568	0.174255	0.115116	
0.775203	0.821401	0.866199	0.913254	0.946973	0.952449	0.929559	0.885032	0.839175	0.794234	0.741189	0.664642	0.574931	0.490469	0.421043	0.363944	0.314379	0.279042	0.253799	0.238111	0.234469	0.226336	0.215208	0.189837	0.1515	
0.753419	0.82141	0.885715	0.93402	0.962837	0.967582	0.948358	0.906905	0.84831	0.78007	0.709894	0.618765	0.522836	0.439651	0.376455	0.330903	0.291753	0.2633	0.248544	0.236552	0.229811	0.223043	0.216076	0.20032	0.183944	
0.734889	0.821642	0.903128	0.954552	0.977204	0.981198	0.96574	0.928752	0.856047	0.769839	0.679269	0.577791	0.485305	0.411668	0.356614	0.315014	0.284582	0.261147	0.246868	0.23584	0.22714	0.222795	0.215795	0.212301	0.208933	
0.715589	0.815379	0.898489	0.943219	0.962883	0.966911	0.952843	0.92143	0.851378	0.757226	0.650727	0.544625	0.459652	0.400481	0.360289	0.32157	0.290425	0.268259	0.257991	0.248757	0.237363	0.225714	0.218382	0.221699	0.221267	
0.687316	0.779628	0.846663	0.882549	0.900209	0.902922	0.891277	0.864387	0.809966	0.727413	0.622698	0.522889	0.451102	0.404533	0.374585	0.344885	0.318711	0.30061	0.291413	0.278849	0.260605	0.23879	0.226935	0.225353	0.229382	
0.622008	0.688944	0.731908	0.756536	0.764954	0.763594	0.76253	0.743569	0.708506	0.651617	0.571129	0.495907	0.44638	0.415127	0.394021	0.373123	0.353152	0.335861	0.32444	0.309764	0.287425	0.254175	0.234753	0.232729	0.235217	
0.504086	0.534778	0.550371	0.552268	0.546394	0.544534	0.550297	0.552284	0.543224	0.517874	0.478139	0.445622	0.429512	0.410303	0.396385	0.382329	0.372718	0.360399	0.344671	0.32717	0.300176	0.264873	0.245105	0.242792	0.244852	
0.339752	0.331979	0.314493	0.286512	0.262934	0.259236	0.275337	0.304108	0.326735	0.336752	0.34414	0.358835	0.376342	0.380027	0.376015	0.370505	0.372728	0.371481	0.360611	0.342689	0.312002	0.27487	0.255351	0.254349	0.263307	
0.135187	0.0836271	0.0290453	-0.0189526	-0.0555014	-0.062013	-0.036289	0.009186	0.0618526	0.114368	0.170068	0.225674	0.278944	0.320558	0.334322	0.347141	0.360945	0.371145	0.372499	0.356246	0.324976	0.289336	0.274314	0.275803	0.288063	
-0.102754	-0.194582	-0.27468	-0.334633	-0.36916	-0.375483	-0.351705	-0.301184	-0.228674	-0.140636	-0.045611	0.0446763	0.135536	0.215007	0.26924	0.312553	0.344054	0.364653	0.377196	0.373025	0.347465	0.316451	0.301974	0.307968	0.329872	
-0.357165	-0.474301	-0.563308	-0.624893	-0.653655	-0.659431	-0.639618	-0.592043	-0.513321	-0.406162	-0.282475	-0.162007	-0.0422834	0.0754215	0.179725	0.260541	0.320084	0.361017	0.386389	0.389864	0.372987	0.350564	0.338089	0.346503	0.378453	
-0.589055	-0.712114	-0.799797	-0.853607	-0.87821	-0.88195	-0.866597	-0.824723	-0.752762	-0.641067	-0.507399	-0.367121	-0.222504	-0.077444	0.0644951	0.195424	0.296427	0.363337	0.396634	0.407874	0.398072	0.385502	0.383925	0.398925	0.438681	
-0.767835	-0.874634	-0.946448	-0.979232	-0.99933	-1.004	-0.98837	-0.9622	-0.908664	-0.814364	-0.691709	-0.551365	-0.396902	-0.230134	-0.0629737	0.107448	0.252778	0.353024	0.408578	0.430939	0.430405	0.430247	0.442757	0.471727	0.514905	
-0.879358	-0.949274	-0.989245	-0.999774	-1.00062	-0.999793	-1.00054	-0.996254	-0.968764	-0.91126	-0.82102	-0.702195	-0.557855	-0.385322	-0.19374	0.00482003	0.185188	0.324772	0.415105	0.462653	0.484829	0.500112	0.52443	0.563466	0.608403	
-0.917055	-0.941624	-0.940323	-0.91976	-0.898096	-0.893501	-0.910137	-0.93346	-0.943669	-0.929779	-0.88947	-0.817209	-0.699296	-0.530682	-0.323281	-0.0981134	0.117081	0.291255	0.421694	0.511622	0.566798	0.595943	0.625741	0.660798	0.698712	
-0.908632	-0.873709	-0.819507	-0.758614	-0.715241	-0.708532	-0.737862	-0.794622	-0.854059	-0.897122	-0.917226	-0.902332	-0.822197	-0.667632	-0.45456	-0.204913	0.0436859	0.262141	0.443298	0.580696	0.667775	0.706154	0.727419	0.745935	0.765899	
-0.873709	-0.770227	-0.655982	-0.556091	-0.491372	-0.479627	-0.525012	-0.613237	-0.724067	-0.835606	-0.920247	-0.955284	-0.914723	-0.78716	-0.577303	-0.307942	-0.0259244	0.238147	0.458775	0.634229	0.750834	0.806424	0.820692	0.822192	0.820445	
-0.819507	-0.655982	-0.485769	-0.351402	-0.271478	-0.257981	-0.311649	-0.426583	-0.586428	-0.75778	-0.899314	-0.979791	-0.975003	-0.870753	-0.666358	-0.393695	-0.0920731	0.205531	0.462427	0.666337	0.808532	0.884699	0.905033	0.894307	0.872946	
-0.758614	-0.556091	-0.351402	-0.188379	-0.0955193	-0.0806137	-0.142221	-0.278792	-0.47231	-0.680465	-0.863046	-0.979303	-0.999811	-0.916716	-0.726387	-0.456126	-0.145367	0.167606	0.452598	0.683398	0.841438	0.925037	0.955771	0.943711	0.920554	
-0.715241	-0.491372	-0.271478	-0.0955193	0.00557877	0.0224131	-0.0451611	-0.194031	-0.400324	-0.628292	-0.832491	-0.971213	-1.01363	-0.941162	-0.75275	-0.488292	-0.182871	0.136673	0.440046	0.687079	0.856186	0.944768	0.976225	0.969473	0.953196	
-0.708532	-0.479627	-0.257981	-0.0806137	0.0224131	0.0392251	-0.0288984	-0.180768	-0.386543	-0.619662	-0.827256	-0.96893	-1.01647	-0.945167	-0.757119	-0.494781	-0.189487	0.131228	0.438167	0.684714	0.857477	0.948942	0.979596	0.974523	0.958376	
-0.737862	-0.525012	-0.311649	-0.142221	-0.0451611	-0.0288984	-0.0941701	-0.236251	-0.437481	-0.655372	-0.848885	-0.975998	-1.00618	-0.929008	-0.74036	-0.472089	-0.16336	0.152986	0.446826	0.687138	0.849453	0.934603	0.96594	0.956197	0.936602	
-0.794622	-0.613237	-0.426583	-0.278792	-0.194031	-0.180768	-0.236251	-0.360983	-0.536791	-0.725431	-0.885387	-0.981999	-0.98788	-0.892085	-0.694381	-0.422376	-0.114488	0.190455	0.459645	0.674741	0.824403	0.905252	0.93107	0.917561	0.89252	
-0.854059	-0.724067	-0.586428	-0.47231	-0.400324	-0.386543	-0.437481	-0.536791	-0.668102	-0.805624	-0.91448	-0.967961	-0.943567	-0.826257	-0.617412	-0.344464	-0.053702	0.226806	0.462087	0.649358	0.777049	0.841255	0.8561	0.852442	0.841952	
-0.897122	-0.835606	-0.75778	-0.680465	-0.628292	-0.619662	-0.655372	-0.725431	-0.805624	-0.87493	-0.921389	-0.927008	-0.863169	-0.718835	-0.506305	-0.247517	0.0153677	0.252241	0.450414	0.604786	0.703904	0.7489	0.765452	0.776313	0.787349	
-0.917226	-0.920247	-0.899314	-0.863046	-0.832491	-0.827256	-0.848885	-0.885387	-0.91448	-0.921389	-0.903697	-0.855226	-0.751134	-0.586818	-0.375424	-0.140226	0.0883094	0.279298	0.429476	0.538478	0.607517	0.639436	0.667919	0.697337	0.729003	
-0.902332	-0.955284	-0.979791	-0.979303	-0.971213	-0.96893	-0.975998	-0.981999	-0.967961	-0.927008	-0.855226	-0.751906	-0.616005	-0.444367	-0.245776	-0.0362848	0.158242	0.311008	0.416263	0.479219	0.514067	0.535527	0.563258	0.601756	0.645938	
-0.822197	-0.914723	-0.975003	-0.999811	-1.01363	-1.01647	-1.00618	-0.98788	-0.943567	-0.863169	-0.751134	-0.616005	-0.464281	-0.29276	-0.115418	0.0671121	0.226589	0.343649	0.413067	0.44244	0.449028	0.45561	0.472476	0.507075	0.551221	
-0.667632	-0.78716	-0.870753	-0.916716	-0.941162	-0.945167	-0.929008	-0.892085	-0.826257	-0.718835	-0.586818	-0.444367	-0.29276	-0.137442	0.0138422	0.162808	0.283309	0.361495	0.400544	0.416393	0.408794	0.400474	0.405361	0.42603	0.466852	
-0.45456	-0.577303	-0.666358	-0.726387	-0.75275	-0.757119	-0.74036	-0.694381	-0.617412	-0.506305	-0.375424	-0.245776	-0.115418	0.0138422	0.136278	0.23677	0.31082	0.362362	0.390969	0.397349	0.382988	0.365075	0.355871	0.364832	0.400731	
-0.204913	-0.307942	-0.393695	-0.456126	-0.488292	-0.494781	-0.472089	-0.422376	-0.344464	-0.247517	-0.140226	-0.0362848	0.0671121	0.162808	0.23677	0.293383	0.335312	0.361976	0.380128	0.378944	0.357561	0.329733	0.314543	0.322478	0.348323	
0.0436859	-0.0259244	-0.0920731	-0.145367	-0.182871	-0.189487	-0.16336	-0.114488	-0.053702	0.0153677	0.0883094	0.158242	0.226589	0.283309	0.31082	0.335312	0.354765	0.368937	0.374522	0.363468	0.333758	0.299156	0.284789	0.287534	0.30294	
0.262141	0.238147	0.205531	0.167606	0.136673	0.131228	0.152986	0.190455	0.226806	0.252241	0.279298	0.311008	0.343649	0.361495	0.362362	0.361976	0.368937	0.372597	0.3664	0.347126	0.315914	0.278719	0.261795	0.26133	0.271866	
0.443298	0.458775	0.462427	0.452598	0.440046	0.438167	0.446826	0.459645	0.462087	0.450414	0.429476	0.416263	0.413067	0.400544	0.390969	0.380128	0.374522	0.3664	0.351189	0.333986	0.305507	0.269488	0.248766	0.246948	0.252087	
0.580696	0.634229	0.666337	0.683398	0.687079	0.684714	0.687138	0.674741	0.649358	0.604786	0.538478	0.479219	0.44244	0.416393	0.397349	0.378944	0.363468	0.347126	0.333986	0.317593	0.292736	0.258912	0.238636	0.23619	0.237452	
0.667775	0.750834	0.808532	0.841438	0.856186	0.857477	0.849453	0.824403	0.777049	0.703904	0.607517	0.514067	0.449028	0.408794	0.382988	0.357561	0.333758	0.315914	0.305507	0.292736	0.273176	0.245216	0.229764	0.227821	0.232219	
0.706154	0.806424	0.884699	0.925037	0.944768	0.948942	0.934603	0.905252	0.841255	0.7489	0.639436	0.535527	0.45561	0.400474	0.365075	0.329733	0.299156	0.278719	0.269488	0.258912	0.245216	0.230774	0.222168	0.223312	0.224246	
0.727419	0.820692	0.905033	0.955771	0.976225	0.979596	0.96594	0.93107	0.8561	0.765452	0.667919	0.563258	0.472476	0.405361	0.355871	0.314543	0.284789	0.261795	0.248766	0.238636	0.229764	0.222168	0.214608	0.21702	0.215611	
0.745935	0.822192	0.894307	0.943711	0.969473	0.974523	0.956197	0.917561	0.852442	0.776313	0.697337	0.601756	0.507075	0.42603	0.364832	0.322478	0.287534	0.26133	0.246948	0.23619	0.227821	0.223312	0.21702	0.204888	0.19469	
0.765899	0.820445	0.872946	0.920554	0.953196	0.958376	0.936602	0.89252	0.841952	0.787349	0.729003	0.645938	0.551221	0.466852	0.400731	0.348323	0.30294	0.271866	0.252087	0.237452	0.232219	0.224246	0.215611	0.19469	0.165296	
