0.307337	0.444813	0.599699	0.737054	0.83475	0.87731	0.862185	0.790182	0.677659	0.53731	0.378324	0.209485	0.0462731	-0.103589	-0.239976	-0.360738	-0.471217	-0.574631	-0.661319	-0.728169	-0.781535	-0.814697	-0.812275	-0.78072	-0.737862	
0.444813	0.603148	0.771879	0.918864	1.02735	1.07161	1.0397	0.937221	0.787757	0.617614	0.433225	0.24462	0.0631138	-0.0924704	-0.229243	-0.343878	-0.44172	-0.533481	-0.604	-0.647314	-0.67515	-0.692698	-0.678409	-0.642689	-0.600737	
0.599699	0.771879	0.95118	1.10214	1.20525	1.24159	1.19235	1.06554	0.888368	0.696616	0.497114	0.295701	0.111299	-0.0433989	-0.176991	-0.286512	-0.371456	-0.445582	-0.493271	-0.506164	-0.506466	-0.498773	-0.474284	-0.440306	-0.410175	
0.737054	0.918864	1.10214	1.24635	1.33111	1.35373	1.29396	1.156	0.965626	0.760605	0.556564	0.362438	0.185647	0.0340416	-0.0960596	-0.192059	-0.259915	-0.310355	-0.330649	-0.317678	-0.2951	-0.265939	-0.230902	-0.203241	-0.181494	
0.83475	1.02735	1.20525	1.33111	1.40016	1.40822	1.33661	1.18923	0.998739	0.796703	0.605735	0.425502	0.256685	0.111963	-0.00294598	-0.0804904	-0.129985	-0.152843	-0.143892	-0.114641	-0.0805803	-0.0395466	0.00208891	0.023612	0.0421382	
0.87731	1.07161	1.24159	1.35373	1.40822	1.39177	1.30618	1.16232	0.982822	0.791578	0.610597	0.445587	0.295721	0.17187	0.0805681	0.0206078	-0.00564445	-0.00131033	0.0305233	0.0644703	0.10225	0.146591	0.189144	0.206691	0.221126	
0.862185	1.0397	1.19235	1.29396	1.33661	1.30618	1.21913	1.08529	0.917449	0.732247	0.560189	0.41425	0.289633	0.19422	0.131856	0.100892	0.0979904	0.123354	0.160813	0.197252	0.232272	0.275153	0.312077	0.328908	0.334144	
0.790182	0.937221	1.06554	1.156	1.18923	1.16232	1.08529	0.965128	0.80916	0.638193	0.479221	0.346542	0.241889	0.178754	0.154529	0.153959	0.171507	0.207226	0.245024	0.280456	0.31009	0.342038	0.37018	0.383862	0.379129	
0.677659	0.787757	0.888368	0.965626	0.998739	0.982822	0.917449	0.80916	0.679231	0.535375	0.389671	0.266948	0.184124	0.15393	0.15429	0.172489	0.204466	0.247437	0.283925	0.317109	0.33948	0.352983	0.365617	0.370108	0.360023	
0.53731	0.617614	0.696616	0.760605	0.796703	0.791578	0.732247	0.638193	0.535375	0.41511	0.291748	0.194612	0.140788	0.1246	0.133908	0.158905	0.19811	0.238327	0.274364	0.307421	0.323832	0.318878	0.312068	0.30521	0.295915	
0.378324	0.433225	0.497114	0.556564	0.605735	0.610597	0.560189	0.479221	0.389671	0.291748	0.204247	0.142758	0.105819	0.0972958	0.111715	0.136612	0.16364	0.194088	0.226375	0.254359	0.261991	0.249758	0.232352	0.218581	0.213194	
0.209485	0.24462	0.295701	0.362438	0.425502	0.445587	0.41425	0.346542	0.266948	0.194612	0.142758	0.101975	0.0765845	0.0760211	0.0946219	0.110578	0.12325	0.144234	0.161859	0.168481	0.166206	0.162212	0.14972	0.137671	0.138825	
0.0462731	0.0631138	0.111299	0.185647	0.256685	0.295721	0.289633	0.241889	0.184124	0.140788	0.105819	0.0765845	0.0578044	0.0579471	0.0706195	0.0808433	0.0882103	0.098915	0.0932044	0.0740762	0.066529	0.0734119	0.0730173	0.0710061	0.0815849	
-0.103589	-0.0924704	-0.0433989	0.0340416	0.111963	0.17187	0.19422	0.178754	0.15393	0.1246	0.0972958	0.0760211	0.0579471	0.0449326	0.0464928	0.0490192	0.0483957	0.0463603	0.0248964	-0.00407151	-0.0134181	-0.0043298	0.0029404	0.0129765	0.029641	
-0.239976	-0.229243	-0.176991	-0.0960596	-0.00294598	0.0805681	0.131856	0.154529	0.15429	0.133908	0.111715	0.0946219	0.0706195	0.0464928	0.0329769	0.0177215	0.00229789	-0.0110267	-0.0334922	-0.0553694	-0.0608484	-0.0557117	-0.0464158	-0.031729	-0.0178495	
-0.360738	-0.343878	-0.286512	-0.192059	-0.0804904	0.0206078	0.100892	0.153959	0.172489	0.158905	0.136612	0.110578	0.0808433	0.0490192	0.0177215	-0.0168936	-0.0481938	-0.0696087	-0.085684	-0.0909102	-0.0896582	-0.0857739	-0.0774456	-0.0639592	-0.0588212	
-0.471217	-0.44172	-0.371456	-0.259915	-0.129985	-0.00564445	0.0979904	0.171507	0.204466	0.19811	0.16364	0.12325	0.0882103	0.0483957	0.00229789	-0.0481938	-0.0911423	-0.113763	-0.117097	-0.112584	-0.107412	-0.101724	-0.0933388	-0.0849135	-0.0857516	
-0.574631	-0.533481	-0.445582	-0.310355	-0.152843	-0.00131033	0.123354	0.207226	0.247437	0.238327	0.194088	0.144234	0.098915	0.0463603	-0.0110267	-0.0696087	-0.113763	-0.125546	-0.123184	-0.121943	-0.115103	-0.102534	-0.0999613	-0.100154	-0.102334	
-0.661319	-0.604	-0.493271	-0.330649	-0.143892	0.0305233	0.160813	0.245024	0.283925	0.274364	0.226375	0.161859	0.0932044	0.0248964	-0.0334922	-0.085684	-0.117097	-0.123184	-0.127575	-0.132273	-0.117179	-0.102864	-0.111879	-0.121969	-0.119555	
-0.728169	-0.647314	-0.506164	-0.317678	-0.114641	0.0644703	0.197252	0.280456	0.317109	0.307421	0.254359	0.168481	0.0740762	-0.00407151	-0.0553694	-0.0909102	-0.112584	-0.121943	-0.132273	-0.133483	-0.119751	-0.115151	-0.132012	-0.140696	-0.135449	
-0.781535	-0.67515	-0.506466	-0.2951	-0.0805803	0.10225	0.232272	0.31009	0.33948	0.323832	0.261991	0.166206	0.066529	-0.0134181	-0.0608484	-0.0896582	-0.107412	-0.115103	-0.117179	-0.119751	-0.122547	-0.130743	-0.140028	-0.140858	-0.135337	
-0.814697	-0.692698	-0.498773	-0.265939	-0.0395466	0.146591	0.275153	0.342038	0.352983	0.318878	0.249758	0.162212	0.0734119	-0.0043298	-0.0557117	-0.0857739	-0.101724	-0.102534	-0.102864	-0.115151	-0.130743	-0.137177	-0.138283	-0.134075	-0.130458	
-0.812275	-0.678409	-0.474284	-0.230902	0.00208891	0.189144	0.312077	0.37018	0.365617	0.312068	0.232352	0.14972	0.0730173	0.0029404	-0.0464158	-0.0774456	-0.0933388	-0.0999613	-0.111879	-0.132012	-0.140028	-0.138283	-0.137691	-0.133917	-0.128906	
-0.78072	-0.642689	-0.440306	-0.203241	0.023612	0.206691	0.328908	0.383862	0.370108	0.30521	0.218581	0.137671	0.0710061	0.0129765	-0.031729	-0.0639592	-0.0849135	-0.100154	-0.121969	-0.140696	-0.140858	-0.134075	-0.133917	-0.126598	-0.122195	
-0.737862	-0.600737	-0.410175	-0.181494	0.0421382	0.221126	0.334144	0.379129	0.360023	0.295915	0.213194	0.138825	0.0815849	0.029641	-0.0178495	-0.0588212	-0.0857516	-0.102334	-0.119555	-0.135449	-0.135337	-0.130458	-0.128906	-0.122195	-0.117279	
-0.687865	-0.555905	-0.376221	-0.158881	0.0577253	0.231594	0.336123	0.370418	0.34738	0.290074	0.217816	0.149835	0.0948491	0.0429197	-0.00775563	-0.0564377	-0.0933585	-0.111552	-0.121635	-0.128657	-0.127033	-0.124097	-0.130494	-0.131685	-0.12633	
-0.630848	-0.503228	-0.339843	-0.140509	0.0613802	0.223858	0.321873	0.357631	0.343748	0.297417	0.229561	0.157366	0.0951091	0.0426306	-0.00265526	-0.051084	-0.096455	-0.123185	-0.12995	-0.127728	-0.118638	-0.118152	-0.131826	-0.141654	-0.138149	
-0.582677	-0.455071	-0.301796	-0.125133	0.050208	0.196276	0.293838	0.34164	0.343867	0.310124	0.246531	0.167771	0.0948511	0.0358323	-0.00748041	-0.0494454	-0.0910382	-0.117593	-0.126951	-0.12562	-0.11837	-0.116826	-0.127279	-0.134074	-0.137187	
-0.552006	-0.421619	-0.272573	-0.109665	0.0455023	0.174481	0.269798	0.329096	0.345924	0.322153	0.262434	0.184085	0.104445	0.0327275	-0.0212269	-0.0600092	-0.085995	-0.10135	-0.113233	-0.125161	-0.126798	-0.125551	-0.127346	-0.126277	-0.127178	
-0.534169	-0.401858	-0.253221	-0.0991007	0.0417172	0.162144	0.258448	0.324492	0.346599	0.32442	0.267749	0.193224	0.113791	0.0317292	-0.0343927	-0.0736819	-0.0872266	-0.0905864	-0.104057	-0.124892	-0.134107	-0.13372	-0.134794	-0.127102	-0.117385	
-0.530564	-0.39882	-0.250791	-0.097181	0.0429473	0.160785	0.256423	0.3237	0.347075	0.325624	0.268401	0.194974	0.114833	0.0313574	-0.0370712	-0.0764307	-0.0879458	-0.0899123	-0.102863	-0.125468	-0.135383	-0.136521	-0.137434	-0.128764	-0.11545	
-0.543402	-0.411369	-0.262306	-0.104116	0.0431732	0.168013	0.263502	0.325966	0.345915	0.323575	0.266195	0.188842	0.108519	0.0310982	-0.0276588	-0.0656467	-0.0857927	-0.0959122	-0.108748	-0.124426	-0.130485	-0.129685	-0.130328	-0.124806	-0.121931	
-0.568534	-0.440571	-0.289907	-0.119275	0.0482435	0.186618	0.283017	0.335677	0.344727	0.316391	0.254105	0.175013	0.0981904	0.0345894	-0.0123009	-0.0522838	-0.0880344	-0.111054	-0.121445	-0.125281	-0.121141	-0.119972	-0.126163	-0.129846	-0.133507	
-0.609647	-0.482178	-0.323701	-0.134119	0.0567995	0.213642	0.311377	0.351149	0.343154	0.301592	0.235704	0.159875	0.0940229	0.0399609	-0.00315033	-0.0497342	-0.095357	-0.123104	-0.130754	-0.127017	-0.117167	-0.115757	-0.130217	-0.140388	-0.139715	
-0.665063	-0.535578	-0.362227	-0.150646	0.0623418	0.231597	0.332737	0.365809	0.345005	0.292266	0.222186	0.153665	0.09576	0.0443427	-0.00469746	-0.054233	-0.095963	-0.117588	-0.125445	-0.128374	-0.123217	-0.121379	-0.131872	-0.138202	-0.132593	
-0.719115	-0.583062	-0.396667	-0.172453	0.0483806	0.226127	0.33555	0.375905	0.354442	0.291895	0.213709	0.142749	0.0883259	0.0359258	-0.0134143	-0.058067	-0.0884158	-0.104793	-0.118809	-0.131751	-0.132376	-0.127951	-0.128592	-0.124023	-0.1192	
-0.764223	-0.62638	-0.428378	-0.194907	0.0309157	0.212047	0.331983	0.38389	0.367913	0.301944	0.214616	0.136307	0.0741712	0.0200851	-0.0259282	-0.0608682	-0.0839867	-0.100261	-0.121667	-0.139706	-0.139395	-0.133088	-0.131439	-0.123063	-0.118906	
-0.802304	-0.665368	-0.460233	-0.218241	0.0123603	0.198634	0.321263	0.377922	0.368783	0.309349	0.225864	0.142887	0.0710619	0.00601212	-0.0407613	-0.0722457	-0.0895452	-0.100253	-0.117736	-0.137845	-0.141414	-0.136632	-0.13691	-0.131655	-0.126753	
-0.818009	-0.691204	-0.491476	-0.252118	-0.0210862	0.165396	0.292425	0.354693	0.357983	0.315811	0.243366	0.159091	0.0742396	-0.00105648	-0.0525459	-0.0826506	-0.0987096	-0.100189	-0.104486	-0.120828	-0.1349	-0.137993	-0.138309	-0.134303	-0.129975	
-0.798448	-0.684063	-0.504714	-0.284664	-0.065513	0.119083	0.248182	0.322334	0.345257	0.323234	0.258591	0.165018	0.0690196	-0.0112751	-0.0596454	-0.0885195	-0.105284	-0.10964	-0.108731	-0.114828	-0.125119	-0.13433	-0.139693	-0.137492	-0.132631	
-0.751189	-0.659655	-0.507016	-0.309172	-0.100918	0.0789487	0.211183	0.2925	0.327782	0.317332	0.260596	0.168272	0.0685763	-0.0108147	-0.0599107	-0.0905441	-0.110712	-0.120365	-0.128449	-0.128644	-0.12095	-0.122269	-0.137591	-0.143021	-0.137484	
-0.690307	-0.624298	-0.501529	-0.328314	-0.133618	0.0449546	0.175989	0.259327	0.297134	0.288788	0.239273	0.165377	0.0852814	0.0122133	-0.0433503	-0.0891712	-0.11555	-0.122801	-0.131071	-0.135137	-0.118044	-0.106084	-0.119771	-0.131091	-0.127412	
-0.61167	-0.565284	-0.469145	-0.32282	-0.152852	0.00843279	0.137943	0.223114	0.263258	0.252742	0.206866	0.152881	0.0995176	0.0407219	-0.018775	-0.0766455	-0.117044	-0.124445	-0.124112	-0.126044	-0.116274	-0.101112	-0.103069	-0.107783	-0.109096	
-0.513983	-0.479269	-0.402478	-0.282405	-0.142578	-0.00720728	0.105006	0.183781	0.221207	0.21511	0.175038	0.1305	0.0930039	0.0489265	-0.00261073	-0.0581859	-0.103644	-0.12214	-0.121047	-0.116778	-0.111646	-0.103673	-0.0964856	-0.090633	-0.0925599	
-0.405777	-0.384255	-0.322771	-0.221447	-0.10305	0.0059026	0.0967809	0.159061	0.183751	0.173403	0.147246	0.115384	0.0838355	0.0488479	0.0108811	-0.0304051	-0.0673688	-0.0904962	-0.101958	-0.101362	-0.0981387	-0.0940803	-0.0862834	-0.0737935	-0.0713703	
-0.289932	-0.277602	-0.223865	-0.139263	-0.0391286	0.0524716	0.116072	0.152273	0.159086	0.142039	0.121017	0.101883	0.0749922	0.0479347	0.0273636	0.00441003	-0.017465	-0.0344179	-0.0557207	-0.0713558	-0.0735957	-0.068977	-0.0604604	-0.0461196	-0.035314	
-0.160415	-0.14972	-0.0993035	-0.0207816	0.0627001	0.130914	0.164784	0.16566	0.152521	0.126131	0.100812	0.082721	0.0626442	0.0442943	0.0405674	0.0370048	0.0308695	0.0239634	0.000539796	-0.0277179	-0.0361098	-0.028104	-0.0193234	-0.00669522	0.00959429	
-0.0148984	-0.0017874	0.0466709	0.12184	0.194915	0.243511	0.248611	0.210641	0.165309	0.130167	0.0989344	0.0731714	0.0549226	0.0509986	0.0597568	0.068205	0.0724371	0.0784792	0.0648847	0.039956	0.0307349	0.0394662	0.0431725	0.0468523	0.0605749	
0.14236	0.169618	0.218121	0.289566	0.355924	0.382729	0.36145	0.30105	0.228513	0.168063	0.124986	0.0896518	0.0678721	0.0688898	0.0863615	0.099328	0.109273	0.126286	0.134998	0.130527	0.12573	0.126089	0.118381	0.109864	0.114857	
0.311446	0.357811	0.416336	0.477625	0.531991	0.542657	0.498752	0.422892	0.336055	0.248476	0.176832	0.125513	0.0928682	0.0878039	0.104826	0.126781	0.14696	0.174096	0.201591	0.222937	0.226046	0.216401	0.198815	0.18486	0.181134	
