0.643682	0.580095	0.473087	0.348284	0.223365	0.118541	0.0418665	-0.0251356	-0.0963406	-0.189923	-0.291844	-0.390101	-0.480391	-0.544699	-0.566702	-0.526345	-0.424205	-0.278202	-0.103521	0.0850524	0.280982	0.464927	0.613013	0.69849	0.710026	
0.580095	0.494474	0.374187	0.246653	0.128182	0.0396003	-0.0213948	-0.0627038	-0.107665	-0.182549	-0.269964	-0.368205	-0.460111	-0.53578	-0.576804	-0.557738	-0.476008	-0.34314	-0.175683	0.00829918	0.205849	0.396054	0.560423	0.667789	0.703327	
0.473087	0.374187	0.254737	0.13447	0.0341451	-0.0366016	-0.0795219	-0.09522	-0.11842	-0.167381	-0.241133	-0.332919	-0.422944	-0.507152	-0.562212	-0.564449	-0.504337	-0.386491	-0.230623	-0.0528817	0.141999	0.333928	0.511129	0.634724	0.694801	
0.348284	0.246653	0.13447	0.029649	-0.0528527	-0.10827	-0.13373	-0.133961	-0.135705	-0.162344	-0.221528	-0.302851	-0.390454	-0.477404	-0.542729	-0.562704	-0.521771	-0.418174	-0.274253	-0.0998956	0.0890722	0.286018	0.469777	0.612511	0.692699	
0.223365	0.128182	0.0341451	-0.0528527	-0.119522	-0.161021	-0.179999	-0.170989	-0.160533	-0.171486	-0.216508	-0.289452	-0.372325	-0.459737	-0.530982	-0.5655	-0.539539	-0.451456	-0.315104	-0.146968	0.0405015	0.23893	0.430603	0.589525	0.690251	
0.118541	0.0396003	-0.0366016	-0.10827	-0.161021	-0.199359	-0.21481	-0.203794	-0.188329	-0.184834	-0.219349	-0.282537	-0.361645	-0.448279	-0.525431	-0.571747	-0.563135	-0.489231	-0.364328	-0.201626	-0.0176358	0.181381	0.379524	0.551954	0.673126	
0.0418665	-0.0213948	-0.0795219	-0.13373	-0.179999	-0.21481	-0.229661	-0.224313	-0.205878	-0.196122	-0.222561	-0.278622	-0.355862	-0.443125	-0.524579	-0.583663	-0.589908	-0.532316	-0.419061	-0.262289	-0.0836067	0.117032	0.317573	0.504056	0.641788	
-0.0251356	-0.0627038	-0.09522	-0.133961	-0.170989	-0.203794	-0.224313	-0.225742	-0.21133	-0.200009	-0.220198	-0.270839	-0.347336	-0.433772	-0.52091	-0.590385	-0.611628	-0.572434	-0.470252	-0.324638	-0.149078	0.0474451	0.251584	0.446375	0.600735	
-0.0963406	-0.107665	-0.11842	-0.135705	-0.160533	-0.188329	-0.205878	-0.21133	-0.198295	-0.18437	-0.198257	-0.244636	-0.319718	-0.408191	-0.501782	-0.58163	-0.62127	-0.599338	-0.514396	-0.379136	-0.211776	-0.0192053	0.184416	0.385988	0.553415	
-0.189923	-0.182549	-0.167381	-0.162344	-0.171486	-0.184834	-0.196122	-0.200009	-0.18437	-0.166245	-0.171524	-0.209441	-0.28066	-0.367951	-0.46369	-0.553006	-0.605536	-0.602752	-0.532481	-0.410571	-0.250905	-0.064688	0.137362	0.342448	0.521299	
-0.291844	-0.269964	-0.241133	-0.221528	-0.216508	-0.219349	-0.222561	-0.220198	-0.198257	-0.171524	-0.161229	-0.185729	-0.246335	-0.325458	-0.420369	-0.510887	-0.574713	-0.585608	-0.529609	-0.419637	-0.267115	-0.0873883	0.112966	0.320272	0.50883	
-0.390101	-0.368205	-0.332919	-0.302851	-0.289452	-0.282537	-0.278622	-0.270839	-0.244636	-0.209441	-0.185729	-0.196286	-0.242619	-0.313351	-0.400567	-0.489705	-0.558163	-0.577934	-0.532738	-0.430391	-0.282889	-0.106414	0.0940822	0.30446	0.503609	
-0.480391	-0.460111	-0.422944	-0.390454	-0.372325	-0.361645	-0.355862	-0.347336	-0.319718	-0.28066	-0.246335	-0.242619	-0.276834	-0.33564	-0.415244	-0.499669	-0.569531	-0.595994	-0.558644	-0.462773	-0.318751	-0.143861	0.0573031	0.271601	0.480888	
-0.544699	-0.53578	-0.507152	-0.477404	-0.459737	-0.448279	-0.443125	-0.433772	-0.408191	-0.367951	-0.325458	-0.313351	-0.33564	-0.386939	-0.460128	-0.54064	-0.613086	-0.6453	-0.616557	-0.5275	-0.386883	-0.214186	-0.0119697	0.205664	0.424018	
-0.566702	-0.576804	-0.562212	-0.542729	-0.530982	-0.525431	-0.524579	-0.52091	-0.501782	-0.46369	-0.420369	-0.400567	-0.415244	-0.460128	-0.527249	-0.605227	-0.679007	-0.716612	-0.696963	-0.613915	-0.478554	-0.307531	-0.105441	0.114372	0.341156	
-0.526345	-0.557738	-0.564449	-0.562704	-0.5655	-0.571747	-0.583663	-0.590385	-0.58163	-0.553006	-0.510887	-0.489705	-0.499669	-0.54064	-0.605227	-0.682113	-0.758415	-0.803417	-0.79264	-0.71842	-0.588945	-0.421055	-0.221052	0.000931403	0.232577	
-0.424205	-0.476008	-0.504337	-0.521771	-0.539539	-0.563135	-0.589908	-0.611628	-0.62127	-0.605536	-0.574713	-0.558163	-0.569531	-0.613086	-0.679007	-0.758415	-0.840708	-0.893339	-0.894409	-0.829516	-0.707479	-0.544762	-0.34635	-0.125527	0.111732	
-0.278202	-0.34314	-0.386491	-0.418174	-0.451456	-0.489231	-0.532316	-0.572434	-0.599338	-0.602752	-0.585608	-0.577934	-0.595994	-0.6453	-0.716612	-0.803417	-0.893339	-0.958358	-0.973266	-0.920836	-0.810746	-0.653975	-0.462864	-0.242833	-0.00563766	
-0.103521	-0.175683	-0.230623	-0.274253	-0.315104	-0.364328	-0.419061	-0.470252	-0.514396	-0.532481	-0.529609	-0.532738	-0.558644	-0.616557	-0.696963	-0.79264	-0.894409	-0.973266	-1.00392	-0.967878	-0.869433	-0.724248	-0.538974	-0.325158	-0.087457	
0.0850524	0.00829918	-0.0528817	-0.0998956	-0.146968	-0.201626	-0.262289	-0.324638	-0.379136	-0.410571	-0.419637	-0.430391	-0.462773	-0.5275	-0.613915	-0.71842	-0.829516	-0.920836	-0.967878	-0.945252	-0.862496	-0.725684	-0.551163	-0.341436	-0.107601	
0.280982	0.205849	0.141999	0.0890722	0.0405015	-0.0176358	-0.0836067	-0.149078	-0.211776	-0.250905	-0.267115	-0.282889	-0.318751	-0.386883	-0.478554	-0.588945	-0.707479	-0.810746	-0.869433	-0.862496	-0.789912	-0.664791	-0.49649	-0.293527	-0.0611488	
0.464927	0.396054	0.333928	0.286018	0.23893	0.181381	0.117032	0.0474451	-0.0192053	-0.064688	-0.0873883	-0.106414	-0.143861	-0.214186	-0.307531	-0.421055	-0.544762	-0.653975	-0.724248	-0.725684	-0.664791	-0.545296	-0.384738	-0.184563	0.045031	
0.613013	0.560423	0.511129	0.469777	0.430603	0.379524	0.317573	0.251584	0.184416	0.137362	0.112966	0.0940822	0.0573031	-0.0119697	-0.105441	-0.221052	-0.34635	-0.462864	-0.538974	-0.551163	-0.49649	-0.384738	-0.227901	-0.0318154	0.197424	
0.69849	0.667789	0.634724	0.612511	0.589525	0.551954	0.504056	0.446375	0.385988	0.342448	0.320272	0.30446	0.271601	0.205664	0.114372	0.000931403	-0.125527	-0.242833	-0.325158	-0.341436	-0.293527	-0.184563	-0.0318154	0.163454	0.39167	
0.710026	0.703327	0.694801	0.692699	0.690251	0.673126	0.641788	0.600735	0.553415	0.521299	0.50883	0.503609	0.480888	0.424018	0.341156	0.232577	0.111732	-0.00563766	-0.087457	-0.107601	-0.0611488	0.045031	0.197424	0.39167	0.62145	
0.653533	0.667947	0.677747	0.698071	0.718544	0.723589	0.715887	0.695336	0.66778	0.652265	0.655599	0.665714	0.657905	0.615743	0.544675	0.448115	0.335453	0.225819	0.147316	0.130521	0.178124	0.287188	0.441021	0.638562	0.870488	
0.553428	0.581076	0.607834	0.64485	0.683874	0.709508	0.721758	0.722309	0.714207	0.718623	0.740422	0.770089	0.782159	0.758093	0.705404	0.623627	0.525802	0.426778	0.357845	0.347304	0.401503	0.515426	0.675241	0.876945	1.11465	
0.439567	0.474876	0.508836	0.556642	0.60899	0.649843	0.679473	0.697491	0.708568	0.730333	0.770746	0.819238	0.849627	0.845089	0.809201	0.744685	0.661695	0.576214	0.51842	0.517749	0.58011	0.702693	0.869086	1.07854	1.32167	
0.342414	0.378737	0.416723	0.470217	0.530238	0.580293	0.620752	0.651057	0.673681	0.709551	0.763183	0.826345	0.87303	0.883305	0.863589	0.813374	0.744279	0.6713	0.624295	0.632974	0.704332	0.834133	1.00872	1.22377	1.474	
0.282182	0.319116	0.357806	0.412585	0.475155	0.530122	0.575729	0.612168	0.643358	0.685982	0.748523	0.820874	0.875913	0.896427	0.885171	0.843759	0.783328	0.71735	0.677583	0.692183	0.768805	0.904484	1.08289	1.30341	1.55654	
0.272146	0.308204	0.346273	0.402056	0.466094	0.521089	0.568462	0.606249	0.636991	0.681748	0.744632	0.817841	0.875178	0.896391	0.887237	0.847811	0.788353	0.724889	0.685856	0.702043	0.78009	0.916133	1.09656	1.31678	1.57184	
0.312765	0.349811	0.388933	0.442633	0.503347	0.556438	0.598805	0.632119	0.65972	0.698524	0.757154	0.825215	0.875711	0.89144	0.87573	0.829494	0.765072	0.694747	0.651663	0.662784	0.736586	0.869386	1.04531	1.26346	1.51454	
0.397624	0.43338	0.468721	0.519931	0.576653	0.621442	0.656981	0.680678	0.696135	0.724712	0.770365	0.825029	0.862801	0.864248	0.835453	0.777531	0.700018	0.620758	0.567049	0.57078	0.637013	0.76242	0.932862	1.1441	1.39093	
0.507697	0.53944	0.570868	0.612074	0.656347	0.689501	0.70822	0.716473	0.71702	0.728362	0.758651	0.796456	0.815861	0.800133	0.754213	0.678954	0.587705	0.493027	0.429095	0.421584	0.479051	0.596148	0.758183	0.963104	1.20253	
0.617276	0.637531	0.654	0.682465	0.711467	0.724934	0.726653	0.714509	0.694145	0.686904	0.696851	0.714388	0.714336	0.678689	0.6146	0.52401	0.416337	0.311444	0.235659	0.221531	0.271174	0.381842	0.538072	0.736652	0.971171	
0.694625	0.697213	0.697573	0.70356	0.709765	0.702192	0.678843	0.646174	0.606347	0.580236	0.57417	0.574727	0.557312	0.505874	0.427157	0.322329	0.204846	0.0889184	0.00865318	-0.0117492	0.0351859	0.141482	0.294269	0.489257	0.719722	
0.712028	0.690735	0.666464	0.653013	0.637924	0.608055	0.567135	0.514782	0.458584	0.418768	0.39931	0.386807	0.35721	0.293889	0.205252	0.093507	-0.0316959	-0.148792	-0.23209	-0.249729	-0.203235	-0.0954042	0.0568383	0.251514	0.480273	
0.655963	0.61174	0.569019	0.533207	0.499366	0.453243	0.394961	0.332076	0.266344	0.220234	0.196385	0.178361	0.142606	0.0741558	-0.0187639	-0.134287	-0.259822	-0.377912	-0.456097	-0.471316	-0.418886	-0.309379	-0.153732	0.0411627	0.270457	
0.529926	0.466431	0.407752	0.362604	0.317486	0.26231	0.198702	0.129214	0.0618668	0.0147501	-0.00890358	-0.0285892	-0.0660984	-0.136587	-0.230295	-0.344681	-0.469455	-0.581414	-0.654684	-0.660236	-0.602424	-0.485788	-0.327182	-0.12838	0.100701	
0.357528	0.284185	0.22044	0.167745	0.119194	0.0608189	-0.00540175	-0.0726059	-0.137806	-0.179142	-0.198297	-0.215139	-0.252002	-0.321302	-0.41368	-0.525841	-0.646238	-0.752734	-0.815908	-0.813314	-0.745128	-0.623209	-0.45754	-0.256626	-0.0247125	
0.163277	0.0865507	0.0232848	-0.0257489	-0.0742084	-0.129683	-0.192966	-0.257182	-0.315204	-0.350682	-0.362214	-0.376019	-0.409841	-0.476689	-0.565523	-0.67259	-0.787009	-0.883383	-0.935424	-0.919406	-0.840923	-0.708892	-0.537113	-0.329896	-0.0970159	
-0.0292504	-0.103427	-0.161457	-0.207265	-0.250961	-0.302879	-0.360275	-0.416902	-0.46579	-0.489173	-0.491811	-0.497602	-0.526895	-0.587704	-0.67057	-0.770202	-0.875498	-0.959843	-0.997164	-0.966746	-0.874733	-0.73298	-0.551972	-0.339976	-0.103455	
-0.210812	-0.279068	-0.328191	-0.364992	-0.401878	-0.444204	-0.492959	-0.537703	-0.572312	-0.582082	-0.570111	-0.567897	-0.58858	-0.642061	-0.71684	-0.807002	-0.901658	-0.972079	-0.993039	-0.947329	-0.841198	-0.689272	-0.499782	-0.282235	-0.0443914	
-0.370235	-0.42778	-0.46292	-0.48664	-0.511354	-0.540799	-0.57432	-0.60464	-0.620595	-0.612554	-0.586893	-0.572775	-0.587089	-0.631986	-0.699526	-0.781534	-0.865974	-0.923565	-0.92979	-0.869445	-0.752354	-0.591114	-0.396065	-0.174636	0.0623178	
-0.491863	-0.531992	-0.548627	-0.55457	-0.562732	-0.575863	-0.593244	-0.605147	-0.603953	-0.57918	-0.540815	-0.52156	-0.530863	-0.573212	-0.63743	-0.714724	-0.793324	-0.840593	-0.834541	-0.763662	-0.636518	-0.470855	-0.270467	-0.0493476	0.18556	
-0.558663	-0.576726	-0.569851	-0.55724	-0.550858	-0.548775	-0.553139	-0.553474	-0.53695	-0.502495	-0.458064	-0.436752	-0.449426	-0.491463	-0.557385	-0.634445	-0.708615	-0.749686	-0.73305	-0.653835	-0.520808	-0.350644	-0.149982	0.0715859	0.299574	
-0.559542	-0.558058	-0.535103	-0.507729	-0.491086	-0.481485	-0.476359	-0.469062	-0.445807	-0.405067	-0.362488	-0.347057	-0.365917	-0.415235	-0.485208	-0.56467	-0.637785	-0.671401	-0.647017	-0.559368	-0.421201	-0.248682	-0.0462435	0.172176	0.394666	
-0.510207	-0.492745	-0.457634	-0.426557	-0.407533	-0.396053	-0.391418	-0.38159	-0.354316	-0.31442	-0.275311	-0.26815	-0.297299	-0.352256	-0.429677	-0.511907	-0.582986	-0.612274	-0.577869	-0.485672	-0.342273	-0.168952	0.0329989	0.248541	0.461476	
-0.427801	-0.407093	-0.370237	-0.337199	-0.321758	-0.312191	-0.306662	-0.299201	-0.271577	-0.234537	-0.206845	-0.211307	-0.25296	-0.319139	-0.402534	-0.490258	-0.558916	-0.581381	-0.539753	-0.439254	-0.293931	-0.117283	0.0828552	0.295287	0.498397	
-0.331548	-0.307952	-0.276426	-0.252707	-0.243053	-0.242538	-0.242682	-0.237048	-0.213303	-0.182067	-0.165785	-0.184961	-0.239828	-0.315677	-0.408429	-0.498202	-0.565302	-0.580037	-0.529038	-0.422928	-0.272222	-0.0949184	0.106027	0.313699	0.507028	
