-0.201927	-0.126779	-0.0293771	0.0683202	0.14389	0.179568	0.173104	0.126062	0.0504658	-0.0233304	-0.0715472	-0.0795641	-0.0465096	0.0251634	0.127642	0.229794	0.286619	0.289815	0.236065	0.13058	-0.0139118	-0.176005	-0.325308	-0.441444	-0.513532	
-0.126779	-0.109478	-0.059669	0.00185741	0.0607014	0.0850702	0.0655764	0.00828728	-0.0663509	-0.134003	-0.174118	-0.185707	-0.160081	-0.107985	-0.0267091	0.0614737	0.117076	0.128944	0.0888472	-0.00482282	-0.144879	-0.303747	-0.462508	-0.597429	-0.695781	
-0.0293771	-0.059669	-0.0557211	-0.0280822	0.00572875	0.0136845	-0.0206335	-0.087261	-0.163767	-0.227029	-0.26752	-0.282122	-0.267554	-0.236473	-0.175038	-0.10204	-0.0434906	-0.0265466	-0.0504367	-0.12629	-0.248553	-0.394263	-0.558155	-0.708269	-0.831327	
0.0683202	0.00185741	-0.0280822	-0.0359207	-0.0398615	-0.0590714	-0.112949	-0.186792	-0.261471	-0.317628	-0.35177	-0.370518	-0.36648	-0.346312	-0.295043	-0.229432	-0.174326	-0.151167	-0.162781	-0.218928	-0.318578	-0.446886	-0.59984	-0.754088	-0.891791	
0.14389	0.0607014	0.00572875	-0.0398615	-0.0830842	-0.140004	-0.212976	-0.296465	-0.366549	-0.405083	-0.430192	-0.444202	-0.441412	-0.417502	-0.374139	-0.321143	-0.27039	-0.23769	-0.237805	-0.278157	-0.35651	-0.46474	-0.596362	-0.738562	-0.87986	
0.179568	0.0850702	0.0136845	-0.0590714	-0.140004	-0.226941	-0.310671	-0.395557	-0.456946	-0.485163	-0.490673	-0.48515	-0.466949	-0.44058	-0.4106	-0.371306	-0.324754	-0.286596	-0.277099	-0.297717	-0.352804	-0.441696	-0.554376	-0.678775	-0.813603	
0.173104	0.0655764	-0.0206335	-0.112949	-0.212976	-0.310671	-0.396595	-0.477309	-0.53031	-0.542064	-0.524337	-0.493707	-0.460266	-0.429743	-0.400476	-0.369149	-0.329536	-0.294251	-0.271448	-0.270971	-0.306596	-0.382355	-0.481804	-0.588735	-0.71344	
0.126062	0.00828728	-0.087261	-0.186792	-0.296465	-0.395557	-0.477309	-0.541246	-0.57209	-0.559633	-0.520907	-0.471672	-0.424423	-0.385143	-0.352241	-0.326287	-0.293324	-0.254705	-0.221202	-0.210875	-0.240361	-0.30757	-0.391816	-0.482727	-0.590683	
0.0504658	-0.0663509	-0.163767	-0.261471	-0.366549	-0.456946	-0.53031	-0.57209	-0.569747	-0.533634	-0.479083	-0.412743	-0.35192	-0.309945	-0.285361	-0.263005	-0.228572	-0.182417	-0.144721	-0.137711	-0.168255	-0.230914	-0.301793	-0.375301	-0.463133	
-0.0233304	-0.134003	-0.227029	-0.317628	-0.405083	-0.485163	-0.542064	-0.559633	-0.533634	-0.481189	-0.411416	-0.327256	-0.256843	-0.218253	-0.200361	-0.178696	-0.146798	-0.0987665	-0.0618667	-0.0572032	-0.0888708	-0.151161	-0.215525	-0.277876	-0.349558	
-0.0715472	-0.174118	-0.26752	-0.35177	-0.430192	-0.490673	-0.524337	-0.520907	-0.479083	-0.411416	-0.327553	-0.237173	-0.16137	-0.116774	-0.0939047	-0.0779586	-0.0535324	-0.0117446	0.0222352	0.0243712	-0.00739978	-0.0680162	-0.13389	-0.192952	-0.259984	
-0.0795641	-0.185707	-0.282122	-0.370518	-0.444202	-0.48515	-0.493707	-0.471672	-0.412743	-0.327256	-0.237173	-0.149094	-0.0671985	-0.0116008	0.0147418	0.027453	0.0470001	0.0831817	0.107164	0.102595	0.0672926	0.00187355	-0.0661863	-0.126236	-0.192305	
-0.0465096	-0.160081	-0.267554	-0.36648	-0.441412	-0.466949	-0.460266	-0.424423	-0.35192	-0.256843	-0.16137	-0.0671985	0.0230692	0.0851051	0.118008	0.135911	0.157753	0.188452	0.204537	0.187954	0.133693	0.0508127	-0.0232818	-0.0825068	-0.154592	
0.0251634	-0.107985	-0.236473	-0.346312	-0.417502	-0.44058	-0.429743	-0.385143	-0.309945	-0.218253	-0.116774	-0.0116008	0.0851051	0.159046	0.20991	0.243103	0.272624	0.30666	0.319501	0.286143	0.202901	0.0985438	0.0117156	-0.0631763	-0.151829	
0.127642	-0.0267091	-0.175038	-0.295043	-0.374139	-0.4106	-0.400476	-0.352241	-0.285361	-0.200361	-0.0939047	0.0147418	0.118008	0.20991	0.284887	0.339378	0.382167	0.418376	0.419292	0.363999	0.261027	0.14117	0.0317799	-0.0717299	-0.179398	
0.229794	0.0614737	-0.10204	-0.229432	-0.321143	-0.371306	-0.369149	-0.326287	-0.263005	-0.178696	-0.0779586	0.027453	0.135911	0.243103	0.339378	0.416676	0.47583	0.505624	0.491333	0.423382	0.310991	0.17751	0.0415227	-0.0849988	-0.203648	
0.286619	0.117076	-0.0434906	-0.174326	-0.27039	-0.324754	-0.329536	-0.293324	-0.228572	-0.146798	-0.0535324	0.0470001	0.157753	0.272624	0.382167	0.47583	0.5393	0.565249	0.545954	0.477326	0.357979	0.210067	0.0608511	-0.0760277	-0.200549	
0.289815	0.128944	-0.0265466	-0.151167	-0.23769	-0.286596	-0.294251	-0.254705	-0.182417	-0.0987665	-0.0117446	0.0831817	0.188452	0.30666	0.418376	0.505624	0.565249	0.590229	0.57736	0.512014	0.394532	0.248871	0.1029	-0.0327334	-0.164757	
0.236065	0.0888472	-0.0504367	-0.162781	-0.237805	-0.277099	-0.271448	-0.221202	-0.144721	-0.0618667	0.0222352	0.107164	0.204537	0.319501	0.419292	0.491333	0.545954	0.57736	0.570899	0.521355	0.424394	0.302327	0.175741	0.0454884	-0.0830357	
0.13058	-0.00482282	-0.12629	-0.218928	-0.278157	-0.297717	-0.270971	-0.210875	-0.137711	-0.0572032	0.0243712	0.102595	0.187954	0.286143	0.363999	0.423382	0.477326	0.512014	0.521355	0.500149	0.444472	0.362989	0.267537	0.159196	0.0487832	
-0.0139118	-0.144879	-0.248553	-0.318578	-0.35651	-0.352804	-0.306596	-0.240361	-0.168255	-0.0888708	-0.00739978	0.0672926	0.133693	0.202901	0.261027	0.310991	0.357979	0.394532	0.424394	0.444472	0.440447	0.41177	0.360477	0.291245	0.22197	
-0.176005	-0.303747	-0.394263	-0.446886	-0.46474	-0.441696	-0.382355	-0.30757	-0.230914	-0.151161	-0.0680162	0.00187355	0.0508127	0.0985438	0.14117	0.17751	0.210067	0.248871	0.302327	0.362989	0.41177	0.43732	0.43894	0.424854	0.41096	
-0.325308	-0.462508	-0.558155	-0.59984	-0.596362	-0.554376	-0.481804	-0.391816	-0.301793	-0.215525	-0.13389	-0.0661863	-0.0232818	0.0117156	0.0317799	0.0415227	0.0608511	0.1029	0.175741	0.267537	0.360477	0.43894	0.499968	0.548328	0.591381	
-0.441444	-0.597429	-0.708269	-0.754088	-0.738562	-0.678775	-0.588735	-0.482727	-0.375301	-0.277876	-0.192952	-0.126236	-0.0825068	-0.0631763	-0.0717299	-0.0849988	-0.0760277	-0.0327334	0.0454884	0.159196	0.291245	0.424854	0.548328	0.653605	0.753392	
-0.513532	-0.695781	-0.831327	-0.891791	-0.87986	-0.813603	-0.71344	-0.590683	-0.463133	-0.349558	-0.259984	-0.192305	-0.154592	-0.151829	-0.179398	-0.203648	-0.200549	-0.164757	-0.0830357	0.0487832	0.22197	0.41096	0.591381	0.753392	0.910253	
-0.554636	-0.764186	-0.928885	-1.02036	-1.02552	-0.957658	-0.844162	-0.710635	-0.574309	-0.452654	-0.356346	-0.290996	-0.263725	-0.276995	-0.309252	-0.334746	-0.335713	-0.29559	-0.200589	-0.0417308	0.169593	0.407359	0.644129	0.868099	1.0841	
-0.567084	-0.812785	-1.01325	-1.13791	-1.16521	-1.10206	-0.982348	-0.841668	-0.703395	-0.578616	-0.477894	-0.416232	-0.402235	-0.425856	-0.458967	-0.481871	-0.478707	-0.425759	-0.306803	-0.119843	0.12902	0.41494	0.707813	0.993363	1.26399	
-0.574396	-0.849605	-1.08024	-1.2345	-1.28622	-1.23868	-1.12406	-0.98166	-0.838508	-0.71042	-0.613597	-0.562963	-0.559662	-0.588188	-0.612872	-0.62105	-0.601062	-0.530409	-0.390904	-0.174942	0.114944	0.450046	0.789806	1.11659	1.42727	
-0.580948	-0.878433	-1.1301	-1.30548	-1.37701	-1.35029	-1.24793	-1.10351	-0.951365	-0.823076	-0.737175	-0.697907	-0.696476	-0.723374	-0.739596	-0.729314	-0.68842	-0.598639	-0.441623	-0.201179	0.121587	0.494226	0.868294	1.22292	1.55896	
-0.57751	-0.894622	-1.16477	-1.3508	-1.43116	-1.41398	-1.32052	-1.17423	-1.01613	-0.890958	-0.815668	-0.778448	-0.771979	-0.796332	-0.813617	-0.79866	-0.743344	-0.637719	-0.464159	-0.211098	0.124645	0.514602	0.912414	1.29263	1.64261	
-0.57728	-0.8968	-1.17014	-1.36044	-1.44126	-1.42568	-1.33153	-1.18548	-1.02764	-0.903997	-0.830083	-0.793375	-0.784342	-0.809405	-0.827245	-0.811895	-0.754867	-0.643417	-0.466874	-0.21111	0.125482	0.517621	0.920852	1.30611	1.6584	
-0.579802	-0.886788	-1.14677	-1.32628	-1.40292	-1.38181	-1.28482	-1.13903	-0.983551	-0.856477	-0.775455	-0.737224	-0.73472	-0.760016	-0.775858	-0.762353	-0.714316	-0.617909	-0.453103	-0.206941	0.122959	0.505234	0.890319	1.25601	1.59916	
-0.578024	-0.862022	-1.10199	-1.26655	-1.32726	-1.28799	-1.17764	-1.03476	-0.888113	-0.759388	-0.66647	-0.621292	-0.620107	-0.64902	-0.669152	-0.668408	-0.639777	-0.561924	-0.415657	-0.188262	0.117278	0.469434	0.82402	1.16226	1.4844	
-0.569408	-0.828602	-1.04198	-1.1794	-1.21634	-1.15866	-1.03927	-0.897453	-0.757885	-0.631619	-0.531542	-0.473579	-0.464069	-0.490402	-0.521583	-0.539899	-0.531419	-0.471756	-0.34463	-0.145537	0.119606	0.425145	0.738567	1.04349	1.33236	
-0.56206	-0.785396	-0.964701	-1.06926	-1.08331	-1.01503	-0.898244	-0.761698	-0.624415	-0.501036	-0.402358	-0.338279	-0.316564	-0.333816	-0.367239	-0.393227	-0.393274	-0.348543	-0.24366	-0.0743006	0.151553	0.408274	0.667901	0.918223	1.15688	
-0.534098	-0.72619	-0.872125	-0.944402	-0.937525	-0.871255	-0.764939	-0.63719	-0.505048	-0.386777	-0.2942	-0.227392	-0.193779	-0.198387	-0.228367	-0.253315	-0.253017	-0.216486	-0.131869	0.0101516	0.199103	0.408596	0.61144	0.796551	0.97752	
-0.474225	-0.640629	-0.761221	-0.810985	-0.79539	-0.730469	-0.636844	-0.523869	-0.407816	-0.303913	-0.2171	-0.149581	-0.107892	-0.0952015	-0.113344	-0.131998	-0.12549	-0.0865093	-0.00726085	0.113161	0.262015	0.418469	0.564929	0.692262	0.814713	
-0.377579	-0.520387	-0.620609	-0.663333	-0.653165	-0.603515	-0.522841	-0.426754	-0.330712	-0.240547	-0.158581	-0.0915912	-0.0476436	-0.0188144	-0.0104859	-0.0108888	0.00401083	0.0480153	0.124356	0.226609	0.335002	0.434611	0.52116	0.593272	0.65846	
-0.238167	-0.369115	-0.459411	-0.505507	-0.514666	-0.484382	-0.420848	-0.340429	-0.259422	-0.177331	-0.0943516	-0.0256931	0.0191739	0.0617169	0.0961435	0.122588	0.149425	0.189414	0.251793	0.326048	0.393304	0.439829	0.464673	0.475806	0.485332	
-0.0782606	-0.206916	-0.304555	-0.367311	-0.39699	-0.38461	-0.332805	-0.263912	-0.190976	-0.111762	-0.0291568	0.0433297	0.101627	0.160413	0.212581	0.258659	0.300551	0.337806	0.377044	0.413973	0.432332	0.426089	0.394424	0.345104	0.296925	
0.0766493	-0.0568229	-0.170795	-0.254017	-0.304581	-0.315753	-0.280444	-0.217407	-0.145228	-0.0651062	0.0154371	0.0927246	0.171443	0.25834	0.32751	0.383129	0.435173	0.470554	0.487173	0.481774	0.44596	0.384949	0.305623	0.210113	0.113909	
0.199107	0.0578328	-0.0744091	-0.180034	-0.249915	-0.280723	-0.267464	-0.213445	-0.138077	-0.0558827	0.0279925	0.108719	0.202052	0.31236	0.403724	0.470325	0.524609	0.557766	0.557382	0.517523	0.435019	0.326971	0.21141	0.0881728	-0.0360224	
0.275422	0.119493	-0.0304846	-0.150787	-0.232554	-0.279472	-0.282928	-0.239476	-0.165192	-0.0811222	0.00468449	0.0966159	0.198557	0.316001	0.42479	0.505991	0.563096	0.59009	0.57915	0.518658	0.406434	0.267808	0.127988	-0.00620221	-0.138239	
0.294271	0.127808	-0.031173	-0.161212	-0.255086	-0.307251	-0.314654	-0.277968	-0.210608	-0.128996	-0.0381385	0.0603881	0.169849	0.28633	0.398301	0.492272	0.554719	0.579645	0.562449	0.494262	0.374356	0.224948	0.0748113	-0.0631183	-0.190785	
0.25863	0.0887021	-0.0750523	-0.204645	-0.299505	-0.353022	-0.353959	-0.314792	-0.250857	-0.167213	-0.0705986	0.0326404	0.143167	0.254374	0.357143	0.442493	0.505154	0.53301	0.515146	0.446065	0.33063	0.190994	0.0472772	-0.0851013	-0.206415	
0.172175	0.0101742	-0.146164	-0.268827	-0.353447	-0.396185	-0.388643	-0.341621	-0.277289	-0.192715	-0.0873214	0.0209134	0.12616	0.225097	0.308946	0.372222	0.42221	0.456012	0.450557	0.38837	0.281067	0.155963	0.0354837	-0.078363	-0.191227	
0.0632111	-0.0782482	-0.215191	-0.32986	-0.402412	-0.429144	-0.418032	-0.370958	-0.298604	-0.210266	-0.105665	0.00153567	0.100931	0.181509	0.241952	0.283495	0.317652	0.353702	0.363069	0.320865	0.228424	0.116879	0.0222016	-0.0635008	-0.160663	
-0.0222667	-0.142438	-0.257819	-0.36061	-0.433929	-0.457017	-0.44843	-0.407944	-0.332098	-0.237343	-0.140033	-0.0406392	0.0522744	0.117908	0.1569	0.179627	0.204365	0.234864	0.24986	0.227296	0.161207	0.0696183	-0.00851903	-0.0714613	-0.149223	
-0.0715858	-0.179514	-0.278307	-0.372008	-0.446159	-0.479262	-0.479033	-0.451057	-0.38695	-0.29604	-0.203449	-0.114332	-0.0293926	0.0285863	0.0567241	0.070277	0.0897745	0.123495	0.143597	0.135104	0.0940472	0.0227507	-0.046659	-0.105989	-0.173138	
-0.0796123	-0.182839	-0.277049	-0.361098	-0.437357	-0.490126	-0.51348	-0.501732	-0.452727	-0.378293	-0.291679	-0.201378	-0.123546	-0.0738965	-0.0494813	-0.0362687	-0.0141503	0.0249818	0.0558094	0.0556027	0.0233458	-0.0375464	-0.10458	-0.163971	-0.230409	
