0.196136	0.32784	0.496498	0.684124	0.865072	1.01732	1.13094	1.20692	1.24933	1.25972	1.2374	1.18223	1.09665	0.986004	0.857708	0.719636	0.578665	0.439836	0.306778	0.182342	0.0685026	-0.0335922	-0.123314	-0.200521	-0.265466	
0.32784	0.503308	0.699016	0.885717	1.0389	1.1495	1.22103	1.25774	1.25807	1.21865	1.13996	1.02748	0.889938	0.737043	0.5775	0.41801	0.263027	0.115651	-0.0211466	-0.14499	-0.25473	-0.349901	-0.430603	-0.497617	-0.552002	
0.496498	0.699016	0.892501	1.04919	1.15974	1.22962	1.26281	1.25398	1.19734	1.09603	0.960119	0.800962	0.628759	0.451566	0.275442	0.105058	-0.0558041	-0.203074	-0.333224	-0.445088	-0.538869	-0.615232	-0.675838	-0.722815	-0.758174	
0.684124	0.885717	1.04919	1.16301	1.23374	1.2655	1.24944	1.17758	1.05698	0.902877	0.727163	0.538301	0.343773	0.150365	-0.0351197	-0.206722	-0.359296	-0.488711	-0.594506	-0.678614	-0.742663	-0.789114	-0.821369	-0.842234	-0.854441	
0.865072	1.0389	1.15974	1.23374	1.26634	1.24651	1.16365	1.0283	0.860834	0.671714	0.466127	0.253216	0.0431771	-0.154252	-0.330929	-0.482164	-0.604897	-0.699607	-0.770038	-0.818545	-0.847576	-0.861647	-0.864564	-0.859261	-0.849317	
1.01732	1.1495	1.22962	1.2655	1.24651	1.15863	1.01328	0.835695	0.63489	0.412156	0.181108	-0.0420673	-0.246762	-0.424428	-0.571633	-0.68725	-0.771204	-0.827517	-0.85905	-0.868096	-0.860469	-0.841947	-0.815825	-0.786277	-0.756897	
1.13094	1.22103	1.26281	1.24944	1.16365	1.01328	0.827392	0.616461	0.378068	0.130735	-0.101628	-0.311082	-0.490997	-0.63632	-0.746953	-0.820782	-0.860734	-0.871575	-0.856988	-0.824825	-0.783259	-0.736482	-0.688302	-0.64355	-0.603321	
1.20692	1.25774	1.25398	1.17758	1.0283	0.835695	0.616461	0.366325	0.104934	-0.135539	-0.350539	-0.537453	-0.683863	-0.788984	-0.851131	-0.871784	-0.860195	-0.822465	-0.768604	-0.707771	-0.645251	-0.584228	-0.529903	-0.483699	-0.44497	
1.24933	1.25807	1.19734	1.05698	0.860834	0.63489	0.378068	0.104934	-0.146358	-0.369238	-0.566585	-0.715947	-0.813226	-0.864255	-0.867952	-0.837762	-0.782128	-0.711087	-0.635392	-0.560381	-0.491743	-0.433036	-0.386877	-0.350147	-0.322914	
1.25972	1.21865	1.09603	0.902877	0.671714	0.412156	0.130735	-0.135539	-0.369238	-0.57677	-0.73193	-0.822823	-0.867557	-0.86207	-0.817019	-0.747158	-0.658974	-0.569989	-0.484868	-0.413737	-0.357926	-0.318265	-0.290492	-0.272143	-0.260446	
1.2374	1.13996	0.960119	0.727163	0.466127	0.181108	-0.101628	-0.350539	-0.566585	-0.73193	-0.824777	-0.868085	-0.860624	-0.801023	-0.717119	-0.613459	-0.513001	-0.425769	-0.357356	-0.312844	-0.283102	-0.267941	-0.259249	-0.256228	-0.254614	
1.18223	1.02748	0.800962	0.538301	0.253216	-0.0420673	-0.311082	-0.537453	-0.715947	-0.822823	-0.868085	-0.861051	-0.790944	-0.693455	-0.582652	-0.472703	-0.389231	-0.324893	-0.291352	-0.271197	-0.265172	-0.263258	-0.264002	-0.262518	-0.263736	
1.09665	0.889938	0.628759	0.343773	0.0431771	-0.246762	-0.490997	-0.683863	-0.813226	-0.867557	-0.860624	-0.790944	-0.684013	-0.570177	-0.452137	-0.36593	-0.307089	-0.278058	-0.27079	-0.268647	-0.272612	-0.268602	-0.265274	-0.25812	-0.252449	
0.986004	0.737043	0.451566	0.150365	-0.154252	-0.424428	-0.63632	-0.788984	-0.864255	-0.86207	-0.801023	-0.693455	-0.570177	-0.446359	-0.350158	-0.297797	-0.273575	-0.277706	-0.278024	-0.278569	-0.265645	-0.254213	-0.239245	-0.228791	-0.214233	
0.857708	0.5775	0.275442	-0.0351197	-0.330929	-0.571633	-0.746953	-0.851131	-0.867952	-0.817019	-0.717119	-0.582652	-0.452137	-0.350158	-0.295172	-0.277933	-0.282739	-0.285025	-0.272731	-0.253711	-0.232137	-0.219104	-0.203877	-0.196038	-0.189052	
0.719636	0.41801	0.105058	-0.206722	-0.482164	-0.68725	-0.820782	-0.871784	-0.837762	-0.747158	-0.613459	-0.472703	-0.36593	-0.297797	-0.277933	-0.283153	-0.284335	-0.267692	-0.240557	-0.217876	-0.205568	-0.196109	-0.191523	-0.189502	-0.189599	
0.578665	0.263027	-0.0558041	-0.359296	-0.604897	-0.771204	-0.860734	-0.860195	-0.782128	-0.658974	-0.513001	-0.389231	-0.307089	-0.273575	-0.282739	-0.284335	-0.268341	-0.233177	-0.207004	-0.198784	-0.197523	-0.196291	-0.194115	-0.192913	-0.189428	
0.439836	0.115651	-0.203074	-0.488711	-0.699607	-0.827517	-0.871575	-0.822465	-0.711087	-0.569989	-0.425769	-0.324893	-0.278058	-0.277706	-0.285025	-0.267692	-0.233177	-0.199559	-0.200339	-0.205549	-0.206378	-0.192626	-0.189323	-0.181098	-0.175289	
0.306778	-0.0211466	-0.333224	-0.594506	-0.770038	-0.85905	-0.856988	-0.768604	-0.635392	-0.484868	-0.357356	-0.291352	-0.27079	-0.278024	-0.272731	-0.240557	-0.207004	-0.200339	-0.212809	-0.206078	-0.185758	-0.172758	-0.173421	-0.162702	-0.15802	
0.182342	-0.14499	-0.445088	-0.678614	-0.818545	-0.868096	-0.824825	-0.707771	-0.560381	-0.413737	-0.312844	-0.271197	-0.268647	-0.278569	-0.253711	-0.217876	-0.198784	-0.205549	-0.206078	-0.180902	-0.165105	-0.168781	-0.167504	-0.158922	-0.161861	
0.0685026	-0.25473	-0.538869	-0.742663	-0.847576	-0.860469	-0.783259	-0.645251	-0.491743	-0.357926	-0.283102	-0.265172	-0.272612	-0.265645	-0.232137	-0.205568	-0.197523	-0.206378	-0.185758	-0.165105	-0.165411	-0.177728	-0.164399	-0.160767	-0.161721	
-0.0335922	-0.349901	-0.615232	-0.789114	-0.861647	-0.841947	-0.736482	-0.584228	-0.433036	-0.318265	-0.267941	-0.263258	-0.268602	-0.254213	-0.219104	-0.196109	-0.196291	-0.192626	-0.172758	-0.168781	-0.177728	-0.171268	-0.148137	-0.15337	-0.150398	
-0.123314	-0.430603	-0.675838	-0.821369	-0.864564	-0.815825	-0.688302	-0.529903	-0.386877	-0.290492	-0.259249	-0.264002	-0.265274	-0.239245	-0.203877	-0.191523	-0.194115	-0.189323	-0.173421	-0.167504	-0.164399	-0.148137	-0.146073	-0.152656	-0.146466	
-0.200521	-0.497617	-0.722815	-0.842234	-0.859261	-0.786277	-0.64355	-0.483699	-0.350147	-0.272143	-0.256228	-0.262518	-0.25812	-0.228791	-0.196038	-0.189502	-0.192913	-0.181098	-0.162702	-0.158922	-0.160767	-0.15337	-0.152656	-0.151838	-0.14472	
-0.265466	-0.552002	-0.758174	-0.854441	-0.849317	-0.756897	-0.603321	-0.44497	-0.322914	-0.260446	-0.254614	-0.263736	-0.252449	-0.214233	-0.189052	-0.189599	-0.189428	-0.175289	-0.15802	-0.161861	-0.161721	-0.150398	-0.146466	-0.14472	-0.138049	
-0.31859	-0.594951	-0.784073	-0.860726	-0.837201	-0.729267	-0.569065	-0.414857	-0.302942	-0.253177	-0.255812	-0.261181	-0.242461	-0.208661	-0.187159	-0.187039	-0.186387	-0.167108	-0.159256	-0.163676	-0.156413	-0.139503	-0.141	-0.143125	-0.136272	
-0.360475	-0.627755	-0.802416	-0.863025	-0.824899	-0.705707	-0.541794	-0.391348	-0.288359	-0.24961	-0.256233	-0.258754	-0.237445	-0.200939	-0.183366	-0.188405	-0.183471	-0.166484	-0.15588	-0.155381	-0.148277	-0.144549	-0.150794	-0.14421	-0.135906	
-0.391721	-0.651532	-0.814763	-0.863187	-0.8143	-0.686973	-0.520769	-0.374428	-0.279213	-0.247338	-0.255898	-0.256903	-0.233091	-0.197117	-0.181831	-0.18658	-0.180009	-0.160383	-0.155869	-0.160778	-0.154943	-0.141079	-0.139369	-0.13623	-0.13191	
-0.41285	-0.667247	-0.822447	-0.862506	-0.806282	-0.673706	-0.506689	-0.363393	-0.272862	-0.246206	-0.257289	-0.255307	-0.227184	-0.193219	-0.183109	-0.187185	-0.178747	-0.161012	-0.154549	-0.156467	-0.145439	-0.139025	-0.144855	-0.140108	-0.133655	
-0.424274	-0.675607	-0.826318	-0.861794	-0.801725	-0.666554	-0.499039	-0.357198	-0.269871	-0.246134	-0.256386	-0.253581	-0.228049	-0.193125	-0.180002	-0.185897	-0.177013	-0.159256	-0.155645	-0.156542	-0.147341	-0.140308	-0.144501	-0.137652	-0.1323	
-0.42622	-0.676985	-0.826885	-0.861652	-0.801029	-0.665272	-0.49753	-0.356388	-0.269768	-0.245749	-0.256632	-0.254221	-0.225611	-0.191566	-0.182502	-0.186286	-0.177432	-0.158276	-0.153458	-0.158891	-0.150298	-0.140324	-0.139048	-0.13522	-0.131163	
-0.418726	-0.671488	-0.824259	-0.862003	-0.804049	-0.670363	-0.502976	-0.359989	-0.271026	-0.246423	-0.257186	-0.25433	-0.22755	-0.193136	-0.181643	-0.186479	-0.177875	-0.161381	-0.154808	-0.154963	-0.142855	-0.139548	-0.148445	-0.140978	-0.134006	
-0.401627	-0.658817	-0.81809	-0.862714	-0.810836	-0.681167	-0.514131	-0.369216	-0.276857	-0.246886	-0.255505	-0.256177	-0.231481	-0.195601	-0.181637	-0.186047	-0.179496	-0.159897	-0.155879	-0.161319	-0.15367	-0.139687	-0.138613	-0.135836	-0.131617	
-0.374571	-0.638439	-0.807707	-0.862873	-0.820415	-0.69801	-0.532746	-0.38328	-0.283728	-0.249146	-0.257074	-0.257727	-0.233865	-0.19896	-0.184838	-0.187715	-0.182169	-0.164491	-0.153104	-0.157166	-0.149014	-0.144012	-0.147474	-0.142089	-0.134624	
-0.337057	-0.60944	-0.791968	-0.861596	-0.832137	-0.719573	-0.557394	-0.404465	-0.2967	-0.251514	-0.255073	-0.260494	-0.242074	-0.204799	-0.183905	-0.187284	-0.184875	-0.168259	-0.15893	-0.160044	-0.153128	-0.141015	-0.146418	-0.142807	-0.136196	
-0.288505	-0.570763	-0.769386	-0.857126	-0.844446	-0.745736	-0.589044	-0.431674	-0.313793	-0.257636	-0.255552	-0.262084	-0.2477	-0.212281	-0.188951	-0.188829	-0.187561	-0.170745	-0.158462	-0.164099	-0.160625	-0.143329	-0.14165	-0.144249	-0.136694	
-0.228307	-0.521136	-0.73818	-0.847657	-0.855452	-0.774476	-0.627003	-0.467092	-0.337926	-0.267136	-0.255806	-0.262477	-0.25568	-0.223454	-0.192675	-0.189163	-0.192568	-0.178271	-0.159379	-0.158214	-0.161468	-0.157128	-0.151877	-0.149049	-0.14213	
-0.155968	-0.459281	-0.696225	-0.830783	-0.862963	-0.803928	-0.670027	-0.510977	-0.370682	-0.281135	-0.258381	-0.265006	-0.261701	-0.233506	-0.200516	-0.190716	-0.194085	-0.187354	-0.17014	-0.164725	-0.159643	-0.14628	-0.148155	-0.152755	-0.146095	
-0.071182	-0.384083	-0.641339	-0.803588	-0.864024	-0.831928	-0.716423	-0.561553	-0.414348	-0.306048	-0.262207	-0.263085	-0.268911	-0.249439	-0.212235	-0.192588	-0.194816	-0.189655	-0.173041	-0.170204	-0.174756	-0.16269	-0.146738	-0.152493	-0.14783	
0.0260694	-0.294653	-0.571503	-0.763265	-0.854876	-0.854188	-0.764648	-0.619747	-0.466761	-0.341024	-0.276245	-0.263812	-0.270696	-0.260383	-0.227422	-0.202626	-0.197764	-0.201121	-0.177476	-0.165744	-0.171191	-0.176351	-0.156414	-0.158148	-0.157047	
0.135324	-0.190602	-0.484716	-0.706704	-0.832555	-0.866742	-0.808639	-0.682281	-0.53197	-0.38995	-0.299218	-0.267149	-0.270649	-0.274884	-0.243606	-0.211358	-0.19873	-0.207771	-0.19869	-0.171327	-0.162641	-0.174541	-0.168645	-0.160382	-0.163961	
0.255656	-0.072278	-0.379988	-0.630706	-0.79232	-0.865474	-0.845731	-0.744095	-0.604131	-0.454458	-0.338094	-0.282745	-0.268806	-0.27817	-0.265932	-0.230023	-0.201903	-0.203154	-0.21308	-0.198565	-0.174768	-0.166816	-0.168376	-0.159244	-0.157436	
0.385499	0.0595014	-0.257046	-0.533676	-0.730787	-0.843326	-0.868585	-0.802332	-0.680818	-0.534227	-0.394687	-0.308449	-0.275161	-0.27973	-0.281147	-0.256451	-0.220028	-0.196202	-0.205227	-0.208326	-0.201824	-0.186895	-0.184231	-0.173023	-0.167168	
0.522376	0.20288	-0.116349	-0.413694	-0.64607	-0.79721	-0.868573	-0.84763	-0.754814	-0.623227	-0.476238	-0.359886	-0.290833	-0.273586	-0.286546	-0.280405	-0.255617	-0.217061	-0.200155	-0.200318	-0.200588	-0.195026	-0.193088	-0.190467	-0.185223	
0.663035	0.355108	0.039436	-0.270089	-0.534645	-0.72456	-0.840786	-0.870891	-0.818165	-0.712969	-0.571547	-0.436212	-0.339675	-0.28434	-0.27772	-0.285277	-0.280763	-0.255694	-0.225037	-0.206996	-0.200887	-0.196177	-0.192391	-0.190876	-0.19087	
0.803038	0.513241	0.206419	-0.105615	-0.394704	-0.621759	-0.780715	-0.863796	-0.859582	-0.792347	-0.677359	-0.536117	-0.412365	-0.324907	-0.285117	-0.278611	-0.285725	-0.281304	-0.262239	-0.238876	-0.217854	-0.205884	-0.196345	-0.190959	-0.187761	
0.936172	0.673439	0.380752	0.0750081	-0.227773	-0.487253	-0.684931	-0.818835	-0.870502	-0.847746	-0.770289	-0.651114	-0.521944	-0.402163	-0.321926	-0.284547	-0.274673	-0.282533	-0.27867	-0.273245	-0.25552	-0.241265	-0.223393	-0.213132	-0.200291	
1.05482	0.829906	0.558137	0.266062	-0.03779	-0.321501	-0.55346	-0.730944	-0.839223	-0.871193	-0.841392	-0.753238	-0.639357	-0.520421	-0.406907	-0.333057	-0.287138	-0.27413	-0.272452	-0.273258	-0.272026	-0.266271	-0.259187	-0.249387	-0.239779	
1.15123	0.974674	0.733127	0.46099	0.168359	-0.126859	-0.38706	-0.601058	-0.76056	-0.846188	-0.872352	-0.839452	-0.749685	-0.644283	-0.528534	-0.425483	-0.350886	-0.299855	-0.278592	-0.267781	-0.268178	-0.264805	-0.265835	-0.262614	-0.261396	
1.21909	1.09828	0.89849	0.652962	0.381465	0.0900709	-0.188707	-0.429398	-0.632717	-0.774785	-0.847237	-0.872739	-0.840192	-0.762222	-0.665174	-0.555014	-0.458771	-0.378924	-0.323349	-0.288473	-0.271429	-0.263746	-0.260132	-0.258817	-0.260188	
