-0.518453	-0.588544	-0.652311	-0.710388	-0.751455	-0.759173	-0.729652	-0.676518	-0.614481	-0.54748	-0.47641	-0.415068	-0.374925	-0.364427	-0.384265	-0.414348	-0.436393	-0.438818	-0.447656	-0.469706	-0.47856	-0.447046	-0.359478	-0.215808	-0.0351858	
-0.723959	-0.787401	-0.835086	-0.869515	-0.888699	-0.889932	-0.880042	-0.850011	-0.808091	-0.751491	-0.680695	-0.607001	-0.548505	-0.522136	-0.526225	-0.530183	-0.515539	-0.476203	-0.441592	-0.425472	-0.407135	-0.363023	-0.276488	-0.146684	0.0248783	
-0.887125	-0.939488	-0.96759	-0.977612	-0.97442	-0.97242	-0.97753	-0.973597	-0.952983	-0.911426	-0.844681	-0.761433	-0.68726	-0.649282	-0.631308	-0.605632	-0.553958	-0.480615	-0.413129	-0.366667	-0.335353	-0.291997	-0.212532	-0.101121	0.0507184	
-0.985208	-1.01658	-1.01915	-1.00419	-0.986446	-0.982213	-0.996437	-1.01478	-1.02021	-1.0019	-0.95035	-0.866632	-0.781664	-0.726061	-0.679001	-0.618851	-0.537852	-0.448642	-0.36289	-0.302812	-0.275092	-0.245077	-0.185111	-0.0970894	0.029628	
-1.00181	-1.00819	-0.982969	-0.948417	-0.922067	-0.915616	-0.936519	-0.969442	-1.00071	-1.0093	-0.977584	-0.903191	-0.814808	-0.739078	-0.665951	-0.578433	-0.48293	-0.387733	-0.299251	-0.237303	-0.22101	-0.216579	-0.189497	-0.132554	-0.040938	
-0.943612	-0.929355	-0.882446	-0.828772	-0.792651	-0.785734	-0.81097	-0.86029	-0.912633	-0.943298	-0.930274	-0.87085	-0.785368	-0.697934	-0.608338	-0.510469	-0.409066	-0.316231	-0.234219	-0.186629	-0.189129	-0.213759	-0.224996	-0.206858	-0.144527	
-0.825367	-0.796281	-0.734102	-0.661796	-0.61196	-0.603617	-0.63727	-0.704873	-0.774298	-0.818591	-0.822549	-0.780269	-0.707336	-0.624322	-0.533983	-0.437073	-0.337375	-0.241221	-0.170966	-0.147569	-0.173158	-0.225063	-0.276217	-0.297866	-0.26464	
-0.669089	-0.626312	-0.550827	-0.466566	-0.404218	-0.391421	-0.437472	-0.516445	-0.598969	-0.656851	-0.675029	-0.654132	-0.602936	-0.534709	-0.460936	-0.373256	-0.279688	-0.18837	-0.127511	-0.124828	-0.172125	-0.240374	-0.317538	-0.37428	-0.369582	
-0.494928	-0.435832	-0.353288	-0.268635	-0.206183	-0.193913	-0.238895	-0.318746	-0.404213	-0.475139	-0.513662	-0.517082	-0.493095	-0.454097	-0.40077	-0.332221	-0.254083	-0.177176	-0.127512	-0.13402	-0.188369	-0.267218	-0.352163	-0.423474	-0.439629	
-0.326637	-0.24614	-0.157329	-0.0792695	-0.0271646	-0.0183117	-0.0537116	-0.123935	-0.210747	-0.296673	-0.361756	-0.394885	-0.402325	-0.395448	-0.363331	-0.313124	-0.255068	-0.19708	-0.15909	-0.164129	-0.214816	-0.299867	-0.390348	-0.463424	-0.487068	
-0.169101	-0.0695744	0.0308236	0.101871	0.144801	0.152874	0.122715	0.0623558	-0.0267741	-0.131602	-0.22013	-0.289084	-0.332554	-0.351731	-0.339711	-0.304928	-0.263178	-0.228597	-0.204889	-0.214096	-0.261984	-0.341541	-0.429808	-0.496221	-0.513514	
-0.00738927	0.105518	0.203853	0.275411	0.313702	0.319436	0.294728	0.236352	0.147445	0.0383591	-0.073956	-0.176712	-0.261893	-0.317278	-0.329088	-0.317075	-0.294602	-0.271852	-0.260093	-0.273722	-0.314236	-0.378942	-0.44757	-0.502489	-0.515316	
0.154674	0.276985	0.379315	0.449946	0.492295	0.49932	0.470963	0.410267	0.321926	0.204981	0.0734036	-0.0680792	-0.195541	-0.290124	-0.336459	-0.348719	-0.341936	-0.32615	-0.315498	-0.329817	-0.3624	-0.405261	-0.440724	-0.467281	-0.469539	
0.29399	0.439334	0.55105	0.63024	0.677994	0.686844	0.653779	0.586257	0.488305	0.355442	0.194228	0.0181756	-0.145697	-0.276969	-0.360496	-0.394685	-0.398154	-0.385767	-0.37282	-0.378536	-0.398415	-0.419329	-0.423168	-0.413403	-0.391591	
0.422218	0.587448	0.707898	0.788194	0.832379	0.840721	0.81026	0.744429	0.641195	0.492772	0.306121	0.102466	-0.0925607	-0.259512	-0.380113	-0.437164	-0.450164	-0.440059	-0.427739	-0.419256	-0.414025	-0.412945	-0.392747	-0.354943	-0.310999	
0.531222	0.699879	0.821774	0.895478	0.930002	0.934803	0.913334	0.856274	0.755227	0.603367	0.409692	0.19062	-0.0236125	-0.216117	-0.362627	-0.440758	-0.471417	-0.476559	-0.472066	-0.45777	-0.427918	-0.399048	-0.360295	-0.308913	-0.252177	
0.620152	0.775304	0.884432	0.946859	0.969769	0.972498	0.958874	0.915126	0.824987	0.687636	0.505361	0.286986	0.0630241	-0.139724	-0.297795	-0.394338	-0.449373	-0.480719	-0.49292	-0.481264	-0.443144	-0.39412	-0.340548	-0.285124	-0.226668	
0.69044	0.819827	0.905852	0.954149	0.969563	0.970805	0.96292	0.929712	0.859241	0.748016	0.588483	0.385308	0.166248	-0.0364543	-0.198497	-0.312403	-0.392775	-0.4495	-0.483664	-0.484732	-0.452985	-0.402294	-0.343069	-0.285888	-0.234756	
0.741805	0.841146	0.901994	0.933646	0.946234	0.947513	0.940836	0.917537	0.869354	0.786956	0.657231	0.47927	0.281866	0.0867612	-0.0811176	-0.21205	-0.311486	-0.391908	-0.449429	-0.476471	-0.462841	-0.417118	-0.359482	-0.304107	-0.260492	
0.776022	0.846919	0.880664	0.897492	0.90482	0.90556	0.901733	0.889204	0.863036	0.810071	0.710656	0.567312	0.395999	0.21213	0.0409264	-0.103632	-0.215203	-0.311893	-0.394434	-0.446965	-0.456453	-0.41995	-0.366938	-0.322683	-0.292958	
0.779222	0.8233	0.841998	0.848033	0.849664	0.849813	0.848853	0.845084	0.833345	0.801027	0.734788	0.630224	0.49162	0.331041	0.171527	0.0297626	-0.0919375	-0.206104	-0.309049	-0.383979	-0.413464	-0.394041	-0.357787	-0.330223	-0.324638	
0.757634	0.775764	0.778837	0.773184	0.766674	0.76404	0.770286	0.777007	0.778815	0.767709	0.736128	0.674207	0.576074	0.447602	0.316307	0.190071	0.0660253	-0.0600579	-0.17189	-0.257495	-0.306028	-0.317763	-0.313911	-0.320095	-0.340196	
0.708442	0.69744	0.680545	0.661798	0.64839	0.645754	0.655118	0.672552	0.691246	0.705053	0.710917	0.696559	0.647453	0.565108	0.46884	0.367445	0.25226	0.128613	0.0170659	-0.0744637	-0.143199	-0.188875	-0.223283	-0.267928	-0.32217	
0.627444	0.583386	0.544185	0.515722	0.503868	0.502533	0.509714	0.53034	0.567203	0.609102	0.653296	0.685415	0.689696	0.659673	0.604212	0.53462	0.44297	0.338832	0.236843	0.139651	0.0540216	-0.0217456	-0.0905143	-0.174073	-0.272622	
0.523935	0.450483	0.39314	0.362226	0.356655	0.356808	0.358512	0.377273	0.424746	0.493092	0.571631	0.6435	0.697016	0.716476	0.706733	0.677334	0.619372	0.543325	0.458827	0.361896	0.264354	0.163586	0.0623957	-0.061328	-0.197565	
0.416293	0.322673	0.258708	0.228634	0.224026	0.224467	0.224965	0.241997	0.293553	0.375513	0.480777	0.587649	0.679709	0.741976	0.773243	0.781065	0.758367	0.712438	0.650704	0.56894	0.468765	0.346447	0.213329	0.0587648	-0.105303	
0.322673	0.223284	0.162557	0.133091	0.123151	0.121952	0.127198	0.147642	0.195035	0.278288	0.39743	0.530742	0.655352	0.749072	0.807112	0.841165	0.845925	0.830444	0.796524	0.73381	0.637636	0.501241	0.34303	0.174969	-6.70338e-05	
0.258708	0.162557	0.109176	0.0836687	0.0713034	0.0683917	0.0775735	0.0968192	0.136884	0.214767	0.336113	0.483272	0.630057	0.744263	0.820344	0.867162	0.895166	0.906536	0.897493	0.852414	0.759851	0.616968	0.448776	0.273135	0.101395	
0.228634	0.133091	0.0836687	0.0673217	0.0620254	0.0612707	0.0645277	0.074707	0.108036	0.184584	0.305241	0.453918	0.605906	0.733809	0.822172	0.879405	0.920597	0.94865	0.953833	0.922434	0.837829	0.698191	0.521811	0.345071	0.171686	
0.224026	0.123151	0.0713034	0.0620254	0.0674469	0.0688062	0.0639288	0.0643053	0.0958728	0.178445	0.301095	0.444455	0.592041	0.723391	0.820794	0.884641	0.931594	0.962707	0.973218	0.95222	0.878859	0.746152	0.566736	0.383635	0.212195	
0.224467	0.121952	0.0683917	0.0612707	0.0688062	0.0700377	0.0641101	0.0619342	0.0934003	0.178734	0.301493	0.443653	0.590395	0.720351	0.820078	0.885311	0.932594	0.963983	0.975129	0.955712	0.885924	0.755082	0.57491	0.389376	0.219472	
0.224965	0.127198	0.0775735	0.0645277	0.0639288	0.0641101	0.0639094	0.0694636	0.102056	0.180198	0.30174	0.448823	0.598854	0.728971	0.821483	0.881703	0.927089	0.956836	0.964355	0.938177	0.858422	0.721737	0.544256	0.364476	0.191243	
0.241997	0.147642	0.0968192	0.074707	0.0643053	0.0619342	0.0694636	0.0860807	0.122135	0.198805	0.319415	0.46852	0.61955	0.740455	0.821473	0.8738	0.907582	0.927387	0.925568	0.88572	0.795563	0.653296	0.480713	0.305658	0.133236	
0.293553	0.195035	0.136884	0.108036	0.0958728	0.0934003	0.102056	0.122135	0.167813	0.24906	0.369849	0.510437	0.645665	0.748195	0.815177	0.853725	0.869348	0.864978	0.842584	0.788097	0.692847	0.551798	0.389907	0.216776	0.043577	
0.375513	0.278288	0.214767	0.184584	0.178445	0.178734	0.180198	0.198805	0.24906	0.333101	0.445272	0.563865	0.670011	0.746957	0.790145	0.810705	0.798773	0.765599	0.714546	0.640059	0.540958	0.412126	0.266917	0.106505	-0.065021	
0.480777	0.39743	0.336113	0.305241	0.301095	0.301493	0.30174	0.319415	0.369849	0.445272	0.536055	0.622276	0.692325	0.729848	0.737561	0.723975	0.681395	0.616988	0.54104	0.448684	0.34894	0.239212	0.125229	-0.0136568	-0.162316	
0.587649	0.530742	0.483272	0.453918	0.444455	0.443653	0.448823	0.46852	0.510437	0.563865	0.622276	0.671355	0.696712	0.686388	0.649569	0.595698	0.516538	0.423432	0.326786	0.228114	0.137172	0.0507803	-0.0309325	-0.130911	-0.245618	
0.679709	0.655352	0.630057	0.605906	0.592041	0.590395	0.598854	0.61955	0.645665	0.670011	0.692325	0.696712	0.66832	0.607233	0.525902	0.43658	0.329001	0.211342	0.102536	0.00906352	-0.0671882	-0.125751	-0.174256	-0.233609	-0.30539	
0.741976	0.749072	0.744263	0.733809	0.723391	0.720351	0.728971	0.740455	0.748195	0.746957	0.729848	0.686388	0.607233	0.495408	0.377583	0.260648	0.137512	0.0109429	-0.101231	-0.189568	-0.246175	-0.271567	-0.283933	-0.305139	-0.337198	
0.773243	0.807112	0.820344	0.822172	0.820794	0.820078	0.821483	0.821473	0.815177	0.790145	0.737561	0.649569	0.525902	0.377583	0.228426	0.0907582	-0.032326	-0.1527	-0.261431	-0.341724	-0.378862	-0.370749	-0.345038	-0.329614	-0.333889	
0.781065	0.841165	0.867162	0.879405	0.884641	0.885311	0.881703	0.8738	0.853725	0.810705	0.723975	0.595698	0.43658	0.260648	0.0907582	-0.0536467	-0.170604	-0.273136	-0.364925	-0.427624	-0.445114	-0.413464	-0.366659	-0.327128	-0.306674	
0.758367	0.845925	0.895166	0.920597	0.931594	0.932594	0.927089	0.907582	0.869348	0.798773	0.681395	0.516538	0.329001	0.137512	-0.032326	-0.170604	-0.274369	-0.36278	-0.430076	-0.467626	-0.46346	-0.420864	-0.363966	-0.312176	-0.272238	
0.712438	0.830444	0.906536	0.94865	0.962707	0.963983	0.956836	0.927387	0.864978	0.765599	0.616988	0.423432	0.211342	0.0109429	-0.1527	-0.273136	-0.36278	-0.428674	-0.472513	-0.482727	-0.457368	-0.408854	-0.349835	-0.292017	-0.244118	
0.650704	0.796524	0.897493	0.953833	0.973218	0.975129	0.964355	0.925568	0.842584	0.714546	0.54104	0.326786	0.102536	-0.101231	-0.261431	-0.364925	-0.430076	-0.472513	-0.49247	-0.484509	-0.447277	-0.395397	-0.3382	-0.28259	-0.226577	
0.56894	0.73381	0.852414	0.922434	0.95222	0.955712	0.938177	0.88572	0.788097	0.640059	0.448684	0.228114	0.00906352	-0.189568	-0.341724	-0.427624	-0.467626	-0.482727	-0.484509	-0.470455	-0.434785	-0.395597	-0.35023	-0.296972	-0.23807	
0.468765	0.637636	0.759851	0.837829	0.878859	0.885924	0.858422	0.795563	0.692847	0.540958	0.34894	0.137172	-0.0671882	-0.246175	-0.378862	-0.445114	-0.46346	-0.457368	-0.447277	-0.434785	-0.418241	-0.407143	-0.378761	-0.334092	-0.28361	
0.346447	0.501241	0.616968	0.698191	0.746152	0.755082	0.721737	0.653296	0.551798	0.412126	0.239212	0.0507803	-0.125751	-0.271567	-0.370749	-0.413464	-0.420864	-0.408854	-0.395397	-0.395597	-0.407143	-0.41972	-0.4128	-0.390076	-0.357856	
0.213329	0.34303	0.448776	0.521811	0.566736	0.57491	0.544256	0.480713	0.389907	0.266917	0.125229	-0.0309325	-0.174256	-0.283933	-0.345038	-0.366659	-0.363966	-0.349835	-0.3382	-0.35023	-0.378761	-0.4128	-0.434732	-0.446293	-0.440694	
0.0587648	0.174969	0.273135	0.345071	0.383635	0.389376	0.364476	0.305658	0.216776	0.106505	-0.0136568	-0.130911	-0.233609	-0.305139	-0.329614	-0.327128	-0.312176	-0.292017	-0.28259	-0.296972	-0.334092	-0.390076	-0.446293	-0.493054	-0.503171	
-0.105303	-6.70338e-05	0.101395	0.171686	0.212195	0.219472	0.191243	0.133236	0.043577	-0.065021	-0.162316	-0.245618	-0.30539	-0.337198	-0.333889	-0.306674	-0.272238	-0.244118	-0.226577	-0.23807	-0.28361	-0.357856	-0.440694	-0.503171	-0.518709	
