0.148062	0.434918	0.686263	0.873258	0.976531	0.992616	0.925062	0.770276	0.541059	0.26441	-0.0230221	-0.283455	-0.50505	-0.675559	-0.781158	-0.804028	-0.727271	-0.567135	-0.351208	-0.118528	0.0969824	0.272953	0.389113	0.441238	0.437389	
0.104178	0.389656	0.649295	0.847073	0.957859	0.976538	0.90241	0.737265	0.49873	0.218966	-0.064854	-0.31651	-0.526163	-0.686761	-0.779936	-0.791274	-0.698899	-0.519847	-0.297373	-0.0620003	0.144835	0.30191	0.401949	0.433888	0.410459	
0.0581553	0.342247	0.607917	0.812722	0.929688	0.950399	0.870674	0.698695	0.453354	0.171906	-0.108907	-0.354121	-0.551895	-0.700429	-0.776625	-0.765174	-0.653183	-0.457434	-0.224834	0.00314997	0.196577	0.33844	0.418318	0.434572	0.390326	
0.0160932	0.298129	0.561664	0.76659	0.88685	0.907009	0.825993	0.652978	0.407702	0.128996	-0.145595	-0.383851	-0.573868	-0.706247	-0.765102	-0.733655	-0.598006	-0.38997	-0.152995	0.0680103	0.245732	0.371899	0.430842	0.431751	0.378719	
-0.0177467	0.253536	0.501809	0.70115	0.817474	0.834729	0.759714	0.58943	0.356309	0.0912612	-0.171457	-0.393832	-0.571251	-0.686779	-0.728771	-0.680134	-0.531896	-0.320922	-0.0864433	0.12395	0.285099	0.392788	0.437397	0.425096	0.371772	
-0.0428032	0.204828	0.430465	0.612472	0.718498	0.73431	0.666048	0.510134	0.298669	0.0563765	-0.183883	-0.384721	-0.543156	-0.639208	-0.659715	-0.599565	-0.448106	-0.238991	-0.0200105	0.175645	0.31908	0.411114	0.444296	0.41886	0.367463	
-0.0570359	0.155753	0.356909	0.512793	0.603126	0.619038	0.55752	0.425471	0.239463	0.0282071	-0.182521	-0.364061	-0.495557	-0.572415	-0.577481	-0.504092	-0.354068	-0.1538	0.0527501	0.236756	0.364501	0.440074	0.462606	0.435219	0.386883	
-0.0680103	0.11644	0.28836	0.416153	0.493512	0.508155	0.453428	0.346036	0.188934	0.00519649	-0.17447	-0.331302	-0.442862	-0.495869	-0.484723	-0.404836	-0.254138	-0.0630303	0.135807	0.307744	0.423937	0.489196	0.502864	0.481094	0.435368	
-0.0668073	0.0891489	0.226387	0.33283	0.393774	0.403208	0.363645	0.273486	0.146949	-0.00382549	-0.156688	-0.283675	-0.371763	-0.402987	-0.376553	-0.294038	-0.149774	0.0326312	0.220796	0.384288	0.499633	0.555243	0.563675	0.545313	0.508701	
-0.0507932	0.0729584	0.17732	0.261178	0.307593	0.312997	0.285729	0.213877	0.11673	0.00015473	-0.122313	-0.217756	-0.276672	-0.28925	-0.250175	-0.162442	-0.0310739	0.141474	0.324903	0.477627	0.583609	0.63516	0.640915	0.621665	0.588814	
-0.01419	0.0719277	0.146783	0.20156	0.234182	0.238484	0.218137	0.171528	0.103465	0.0203511	-0.0620605	-0.128695	-0.160008	-0.147883	-0.101823	-0.0127748	0.115066	0.273494	0.447273	0.592116	0.681671	0.725801	0.723968	0.69437	0.659033	
0.0367396	0.0844418	0.129703	0.163386	0.184853	0.188611	0.173589	0.14462	0.103509	0.0544355	0.0141425	-0.0136494	-0.0106785	0.026374	0.0809805	0.167553	0.284001	0.425449	0.582403	0.713336	0.785916	0.806486	0.793439	0.757132	0.706052	
0.116116	0.121486	0.135792	0.144386	0.153954	0.159141	0.147476	0.139334	0.12857	0.115014	0.120024	0.132848	0.166552	0.222743	0.286701	0.36499	0.462556	0.586746	0.713563	0.816158	0.870905	0.873665	0.850661	0.805275	0.741827	
0.221406	0.18587	0.167589	0.160959	0.159928	0.161193	0.159864	0.164112	0.176441	0.205768	0.246027	0.29689	0.362276	0.424	0.489328	0.554308	0.627121	0.725789	0.823579	0.900371	0.935219	0.922928	0.885376	0.831819	0.7626	
0.335929	0.274583	0.234664	0.219706	0.216491	0.215706	0.217661	0.226715	0.254755	0.30984	0.378371	0.458416	0.537522	0.602534	0.659338	0.707419	0.760358	0.830568	0.906783	0.959996	0.975834	0.952339	0.902447	0.833413	0.741769	
0.447058	0.370221	0.323101	0.305043	0.302935	0.303759	0.303162	0.312447	0.347891	0.413145	0.501982	0.595049	0.677693	0.745728	0.789138	0.82505	0.859109	0.900423	0.949269	0.975334	0.980382	0.94429	0.87743	0.791345	0.680535	
0.533841	0.44405	0.392277	0.373606	0.375155	0.377909	0.372519	0.381288	0.419066	0.493471	0.598013	0.699403	0.787055	0.848369	0.881164	0.908288	0.922621	0.943539	0.9676	0.968344	0.949873	0.891516	0.800075	0.689662	0.563374	
0.564801	0.4611	0.399892	0.379436	0.381847	0.384374	0.37835	0.387513	0.431249	0.518529	0.639105	0.756326	0.852833	0.918176	0.953498	0.973147	0.975438	0.970765	0.961235	0.936415	0.888689	0.809627	0.694748	0.548557	0.399036	
0.520287	0.396222	0.318038	0.291985	0.290408	0.290277	0.290288	0.302491	0.357963	0.467136	0.605871	0.747919	0.862995	0.942069	0.992762	1.01335	1.01315	0.989076	0.947641	0.899719	0.825372	0.717026	0.574499	0.407222	0.237705	
0.393247	0.244243	0.148635	0.104862	0.0963191	0.0972152	0.0984564	0.125363	0.199212	0.328854	0.49441	0.661228	0.798211	0.899933	0.974341	1.01152	1.0212	0.995597	0.939907	0.873256	0.775876	0.644633	0.476185	0.286062	0.103019	
0.178757	0.0107829	-0.103799	-0.156287	-0.173137	-0.175711	-0.165827	-0.131406	-0.0430691	0.107569	0.292125	0.489063	0.659944	0.797351	0.91155	0.9791	1.00626	0.984438	0.922559	0.84279	0.732834	0.586656	0.399237	0.191685	-0.00304119	
-0.0848417	-0.273505	-0.408914	-0.478415	-0.507462	-0.513622	-0.492804	-0.443342	-0.3364	-0.163505	0.0408527	0.26325	0.46768	0.642685	0.797443	0.90361	0.960166	0.95434	0.895268	0.809918	0.687151	0.524194	0.329177	0.125178	-0.0657515	
-0.379416	-0.583546	-0.731339	-0.822566	-0.862456	-0.867867	-0.844009	-0.774938	-0.649666	-0.466583	-0.23904	0.00387394	0.239168	0.459772	0.652382	0.800371	0.885799	0.89624	0.847114	0.75458	0.626387	0.462612	0.267915	0.0721571	-0.0990019	
-0.672421	-0.881165	-1.0421	-1.14414	-1.19528	-1.2045	-1.16997	-1.08982	-0.952179	-0.761353	-0.526459	-0.267636	-0.00490471	0.252056	0.481759	0.666491	0.776963	0.806414	0.769265	0.676137	0.55039	0.392959	0.213838	0.0439009	-0.0992531	
-0.933613	-1.1412	-1.30443	-1.4185	-1.48054	-1.49121	-1.44937	-1.35613	-1.21213	-1.02176	-0.789387	-0.532921	-0.255239	0.0237877	0.278497	0.495612	0.633636	0.687465	0.665911	0.584552	0.464818	0.322197	0.178282	0.0464342	-0.0564998	
-1.16873	-1.36087	-1.51482	-1.63325	-1.69896	-1.70923	-1.66686	-1.56761	-1.42613	-1.25164	-1.03064	-0.780845	-0.499293	-0.199794	0.0768864	0.31679	0.480023	0.556218	0.554561	0.485611	0.381526	0.266893	0.155993	0.0644097	0.00419136	
-1.36087	-1.53887	-1.68958	-1.80804	-1.8805	-1.89331	-1.84338	-1.74129	-1.60197	-1.43691	-1.23377	-0.990614	-0.706263	-0.396174	-0.0987904	0.159431	0.345343	0.445302	0.460117	0.404168	0.313159	0.219157	0.143513	0.0960914	0.0746508	
-1.51482	-1.68958	-1.8378	-1.9615	-2.042	-2.05592	-2.00045	-1.89117	-1.75154	-1.58821	-1.39404	-1.15414	-0.859043	-0.53783	-0.221697	0.0565422	0.260726	0.378556	0.403662	0.355788	0.269587	0.18952	0.144973	0.128908	0.138125	
-1.63325	-1.80804	-1.9615	-2.09383	-2.18004	-2.19536	-2.13576	-2.01786	-1.87143	-1.70689	-1.51089	-1.26046	-0.956128	-0.616009	-0.279379	0.00810426	0.228239	0.356378	0.386162	0.336955	0.252038	0.180224	0.145759	0.152794	0.183761	
-1.69896	-1.8805	-2.042	-2.18004	-2.27379	-2.29084	-2.22451	-2.10072	-1.94713	-1.77425	-1.57546	-1.31652	-1.00022	-0.649967	-0.300469	-0.00349248	0.224267	0.357957	0.388118	0.337054	0.249537	0.176836	0.150483	0.169843	0.211656	
-1.70923	-1.89331	-2.05592	-2.19536	-2.29084	-2.30856	-2.24073	-2.11532	-1.9611	-1.78477	-1.58579	-1.32674	-1.00602	-0.656228	-0.304732	-0.00316563	0.224609	0.359781	0.390237	0.338503	0.249105	0.176455	0.15491	0.174239	0.215735	
-1.66686	-1.84338	-2.00045	-2.13576	-2.22451	-2.24073	-2.17845	-2.05767	-1.90802	-1.74084	-1.54337	-1.28817	-0.979516	-0.633311	-0.290054	0.000231531	0.224757	0.355642	0.385498	0.335549	0.250195	0.178391	0.146633	0.160199	0.197425	
-1.56761	-1.74129	-1.89117	-2.01786	-2.10072	-2.11532	-2.05767	-1.94552	-1.80341	-1.64031	-1.44669	-1.20316	-0.904857	-0.575789	-0.251412	0.0312973	0.242726	0.364954	0.392815	0.344856	0.260093	0.184292	0.144847	0.139414	0.158857	
-1.42613	-1.60197	-1.75154	-1.87143	-1.94713	-1.9611	-1.90802	-1.80341	-1.66501	-1.50017	-1.30273	-1.06246	-0.773554	-0.461237	-0.156272	0.111303	0.304393	0.413053	0.43278	0.38087	0.291848	0.20413	0.144515	0.110593	0.101228	
-1.25164	-1.43691	-1.58821	-1.70689	-1.77425	-1.78477	-1.74084	-1.64031	-1.50017	-1.33196	-1.11739	-0.870038	-0.588218	-0.282281	0.00324364	0.249294	0.421882	0.507873	0.512369	0.449204	0.352409	0.246531	0.148398	0.0747401	0.0318682	
-1.03064	-1.23377	-1.39404	-1.51089	-1.57546	-1.58579	-1.54337	-1.44669	-1.30273	-1.11739	-0.888557	-0.635442	-0.355049	-0.068124	0.194676	0.423562	0.571888	0.63491	0.622155	0.54479	0.43015	0.298484	0.16885	0.0530964	-0.0335302	
-0.780845	-0.990614	-1.15414	-1.26046	-1.31652	-1.32674	-1.28817	-1.20316	-1.06246	-0.870038	-0.635442	-0.375424	-0.104384	0.162266	0.403797	0.60176	0.722674	0.762031	0.72975	0.640898	0.516866	0.363256	0.197498	0.0420118	-0.0866107	
-0.499293	-0.706263	-0.859043	-0.956128	-1.00022	-1.00602	-0.979516	-0.904857	-0.773554	-0.588218	-0.355049	-0.104384	0.142149	0.379878	0.588223	0.751055	0.846895	0.864544	0.819419	0.725348	0.597842	0.436216	0.244815	0.0566747	-0.103835	
-0.199794	-0.396174	-0.53783	-0.616009	-0.649967	-0.656228	-0.633311	-0.575789	-0.461237	-0.282281	-0.068124	0.162266	0.379878	0.572271	0.740958	0.865234	0.934173	0.93439	0.880403	0.791568	0.664274	0.499376	0.30389	0.103256	-0.0817116	
0.0768864	-0.0987904	-0.221697	-0.279379	-0.300469	-0.304732	-0.290054	-0.251412	-0.156272	0.00324364	0.194676	0.403797	0.588223	0.740958	0.873121	0.953858	0.991869	0.975129	0.912321	0.830104	0.715565	0.562671	0.369968	0.162028	-0.0332428	
0.31679	0.159431	0.0565422	0.00810426	-0.00349248	-0.00316563	0.000231531	0.0312973	0.111303	0.249294	0.423562	0.60176	0.751055	0.865234	0.953858	1.0018	1.01813	0.993568	0.934984	0.862653	0.757958	0.620797	0.443802	0.244941	0.056833	
0.480023	0.345343	0.260726	0.228239	0.224267	0.224609	0.224757	0.242726	0.304393	0.421882	0.571888	0.722674	0.846895	0.934173	0.991869	1.01813	1.01986	0.993039	0.944556	0.888001	0.803946	0.685011	0.531269	0.35571	0.180611	
0.556218	0.445302	0.378556	0.356378	0.357957	0.359781	0.355642	0.364954	0.413053	0.507873	0.63491	0.762031	0.864544	0.93439	0.975129	0.993568	0.993039	0.979413	0.955587	0.920296	0.862276	0.772164	0.646461	0.490385	0.331798	
0.554561	0.460117	0.403662	0.386162	0.388118	0.390237	0.385498	0.392815	0.43278	0.512369	0.622155	0.72975	0.819419	0.880403	0.912321	0.934984	0.944556	0.955587	0.967265	0.958999	0.928221	0.860907	0.760431	0.635737	0.500667	
0.485611	0.404168	0.355788	0.336955	0.337054	0.338503	0.335549	0.344856	0.38087	0.449204	0.54479	0.640898	0.725348	0.791568	0.830104	0.862653	0.888001	0.920296	0.958999	0.973902	0.971638	0.92795	0.852063	0.757125	0.640801	
0.381526	0.313159	0.269587	0.252038	0.249537	0.249105	0.250195	0.260093	0.291848	0.352409	0.43015	0.516866	0.597842	0.664274	0.715565	0.757958	0.803946	0.862276	0.928221	0.971638	0.982838	0.954896	0.898889	0.823181	0.722884	
0.266893	0.219157	0.18952	0.180224	0.176836	0.176455	0.178391	0.184292	0.20413	0.246531	0.298484	0.363256	0.436216	0.499376	0.562671	0.620797	0.685011	0.772164	0.860907	0.92795	0.954896	0.938082	0.895206	0.836008	0.758911	
0.155993	0.143513	0.144973	0.145759	0.150483	0.15491	0.146633	0.144847	0.144515	0.148398	0.16885	0.197498	0.244815	0.30389	0.369968	0.443802	0.531269	0.646461	0.760431	0.852063	0.898889	0.895206	0.867195	0.818446	0.753621	
0.0644097	0.0960914	0.128908	0.152794	0.169843	0.174239	0.160199	0.139414	0.110593	0.0747401	0.0530964	0.0420118	0.0566747	0.103256	0.162028	0.244941	0.35571	0.490385	0.635737	0.757125	0.823181	0.836008	0.818446	0.778662	0.720572	
0.00419136	0.0746508	0.138125	0.183761	0.211656	0.215735	0.197425	0.158857	0.101228	0.0318682	-0.0335302	-0.0866107	-0.103835	-0.0817116	-0.0332428	0.056833	0.180611	0.331798	0.500667	0.640801	0.722884	0.758911	0.753621	0.720572	0.680523	
