1.04802	1.11439	1.16582	1.20635	1.22999	1.23385	1.21854	1.18331	1.13685	1.07616	1.0027	0.920073	0.827235	0.732809	0.63319	0.534966	0.449743	0.369978	0.303585	0.256971	0.222224	0.208631	0.222784	0.256205	0.306977	
0.969642	1.01999	1.0628	1.09564	1.11159	1.1138	1.10435	1.07717	1.03846	0.990167	0.93892	0.885879	0.824768	0.763245	0.693826	0.617588	0.547899	0.479173	0.4217	0.386026	0.363058	0.358306	0.377927	0.412152	0.459738	
0.856591	0.880896	0.895832	0.909805	0.916311	0.917269	0.913813	0.901262	0.887676	0.867381	0.837701	0.806378	0.772153	0.73799	0.700605	0.659886	0.61834	0.571298	0.531992	0.508067	0.496785	0.50773	0.540046	0.582585	0.634719	
0.704874	0.705995	0.703587	0.702565	0.697115	0.695441	0.700623	0.702814	0.705402	0.706163	0.701271	0.692865	0.679779	0.667277	0.654726	0.644084	0.637674	0.624424	0.611445	0.606169	0.605863	0.625421	0.670156	0.725574	0.789221	
0.531767	0.519629	0.508562	0.505182	0.499943	0.498612	0.50355	0.506494	0.514433	0.527194	0.537715	0.550419	0.56295	0.571882	0.580806	0.59172	0.604	0.616439	0.631107	0.644892	0.660066	0.689071	0.738961	0.808056	0.89204	
0.369836	0.350482	0.33743	0.333765	0.331034	0.330811	0.332877	0.335148	0.344504	0.361604	0.380783	0.406448	0.436541	0.461662	0.483394	0.505688	0.52672	0.548341	0.579743	0.615655	0.651701	0.699007	0.759097	0.833236	0.929584	
0.24141	0.221884	0.207461	0.198325	0.187917	0.185241	0.193864	0.203852	0.214894	0.233481	0.253132	0.276124	0.306017	0.335682	0.368446	0.400237	0.425813	0.454662	0.490194	0.53197	0.585015	0.649606	0.724618	0.809725	0.908813	
0.142904	0.123686	0.106647	0.095196	0.0896679	0.0893936	0.0920687	0.101217	0.116416	0.135689	0.151971	0.17059	0.196551	0.218903	0.247359	0.285234	0.317986	0.351858	0.391761	0.431454	0.483482	0.553648	0.634193	0.729861	0.837305	
0.0623941	0.0468297	0.0381316	0.031313	0.0264009	0.0253315	0.0287041	0.0359795	0.0423165	0.0556228	0.0722334	0.088729	0.109943	0.12944	0.154485	0.184293	0.212122	0.246951	0.284546	0.321677	0.370524	0.435771	0.515619	0.61463	0.730757	
0.00952828	-0.000754884	-0.0064443	-0.0120454	-0.0135882	-0.0134225	-0.0133773	-0.00822528	-0.00388656	0.0047371	0.0158434	0.0277095	0.0470264	0.0624647	0.0799177	0.103279	0.123482	0.15335	0.188116	0.218774	0.262717	0.321036	0.391925	0.487475	0.60249	
-0.0262616	-0.0331422	-0.0345581	-0.0392131	-0.0359247	-0.0339784	-0.0391698	-0.0364878	-0.0333896	-0.0296301	-0.0194385	-0.00866962	0.00359798	0.0147573	0.0273682	0.0414771	0.053874	0.0743411	0.102883	0.134264	0.173435	0.223248	0.285337	0.371878	0.479068	
-0.041981	-0.043532	-0.0451864	-0.0527246	-0.0564476	-0.0574419	-0.0552027	-0.0472607	-0.0445586	-0.0427965	-0.0383494	-0.0371698	-0.0319941	-0.0217393	-0.00971	0.000322448	0.009005	0.0243305	0.0404293	0.0642497	0.103124	0.144484	0.194814	0.270976	0.368856	
-0.0530447	-0.0542512	-0.0567959	-0.0623497	-0.0605101	-0.0591205	-0.0623039	-0.0591677	-0.0546104	-0.0543179	-0.0507259	-0.0478541	-0.0485372	-0.0461373	-0.0391114	-0.0289609	-0.0177867	-0.00618527	0.00227105	0.0141985	0.0438596	0.0838669	0.126833	0.189865	0.27641	
-0.0645335	-0.0660698	-0.0650448	-0.0625096	-0.058423	-0.057939	-0.0609909	-0.064118	-0.0655879	-0.0659986	-0.0610649	-0.0556961	-0.0542658	-0.0503613	-0.0484568	-0.0486833	-0.0420309	-0.0316329	-0.0237978	-0.0152333	-0.00106712	0.0302241	0.0784277	0.135484	0.210628	
-0.0661643	-0.0638848	-0.0618234	-0.0636308	-0.0662613	-0.0667315	-0.0647348	-0.0627046	-0.0623774	-0.0653605	-0.0640885	-0.0620786	-0.0608376	-0.0543857	-0.0559163	-0.0606717	-0.0566599	-0.0522388	-0.0443234	-0.0274026	-0.016069	-0.00305458	0.0374974	0.094493	0.161065	
-0.061854	-0.0599035	-0.0635045	-0.0671491	-0.0678123	-0.0667337	-0.066848	-0.0664345	-0.060329	-0.0605413	-0.0623977	-0.063162	-0.0703586	-0.0671863	-0.0607174	-0.061033	-0.0565357	-0.0575806	-0.0589051	-0.0420994	-0.0254215	-0.0171596	0.00681787	0.0545438	0.119331	
-0.0647711	-0.0647765	-0.0687614	-0.0619648	-0.0629043	-0.0653551	-0.0609426	-0.0664433	-0.0673611	-0.0643732	-0.0666907	-0.0641555	-0.0647631	-0.066105	-0.0642856	-0.06376	-0.0580961	-0.056416	-0.0622903	-0.0590155	-0.0449187	-0.0279998	-0.00610924	0.0271211	0.0854168	
-0.0666648	-0.0680051	-0.0683878	-0.0605269	-0.0630539	-0.0653822	-0.0603416	-0.0651497	-0.068227	-0.0668648	-0.067758	-0.0628249	-0.0591353	-0.0618602	-0.0668751	-0.0680906	-0.0659823	-0.0648159	-0.060405	-0.0593981	-0.0557526	-0.0379215	-0.0116101	0.0158795	0.0594845	
-0.0588244	-0.0612216	-0.0637906	-0.0650535	-0.0668016	-0.0662446	-0.0655683	-0.0649047	-0.0624646	-0.0588648	-0.0623326	-0.0691534	-0.0667908	-0.0641567	-0.0665659	-0.0653738	-0.0669928	-0.0684516	-0.0587267	-0.0546311	-0.0571646	-0.046762	-0.0232821	0.00266917	0.0386466	
-0.0638996	-0.065693	-0.0608189	-0.063569	-0.0647053	-0.0637119	-0.0648029	-0.0611698	-0.064308	-0.0651084	-0.0628497	-0.067057	-0.0658743	-0.0655515	-0.0653265	-0.0605104	-0.0632736	-0.0679146	-0.0640268	-0.0597757	-0.0602624	-0.0536316	-0.0347445	-0.00893119	0.0268247	
-0.0665109	-0.0663823	-0.0645363	-0.063807	-0.0614542	-0.0608116	-0.0630224	-0.0638435	-0.0654847	-0.0663082	-0.0652212	-0.0600371	-0.0610067	-0.0688017	-0.0648747	-0.0618626	-0.065548	-0.0674681	-0.0668399	-0.0625411	-0.0589631	-0.0533144	-0.0429887	-0.0179049	0.0165523	
-0.061735	-0.0593295	-0.0654047	-0.0651112	-0.061957	-0.0625431	-0.063835	-0.0657371	-0.0623539	-0.0595215	-0.0659078	-0.0648959	-0.0593142	-0.0640705	-0.0683756	-0.0675098	-0.065391	-0.0637867	-0.0644237	-0.0658101	-0.0583005	-0.0485761	-0.0484014	-0.0297116	0.00415793	
-0.0639781	-0.0633947	-0.0585972	-0.0626938	-0.0643069	-0.064867	-0.0643734	-0.0585599	-0.0617548	-0.0649224	-0.0610573	-0.0676704	-0.0677442	-0.059373	-0.0629915	-0.0656359	-0.064931	-0.0617735	-0.0615998	-0.0701759	-0.0651322	-0.0532535	-0.0513954	-0.0394021	-0.0069092	
-0.0632792	-0.0660359	-0.0609917	-0.0637239	-0.062443	-0.0609086	-0.0642915	-0.0610126	-0.0636793	-0.0663535	-0.0574557	-0.0609904	-0.0693287	-0.0653005	-0.0589663	-0.0629659	-0.0712001	-0.0636566	-0.0611628	-0.0661785	-0.0635108	-0.0589065	-0.0507292	-0.0423782	-0.0180872	
-0.0654614	-0.0627725	-0.0641904	-0.0647303	-0.0596816	-0.0568029	-0.0633835	-0.065906	-0.061683	-0.0651437	-0.0658633	-0.0573699	-0.0590229	-0.0673644	-0.0644307	-0.0628225	-0.0660775	-0.0650231	-0.067761	-0.0643264	-0.0610809	-0.0617965	-0.0522062	-0.0428229	-0.0258248	
-0.0648804	-0.0578958	-0.0581802	-0.0622045	-0.0654734	-0.06522	-0.063267	-0.0608399	-0.0563077	-0.0614312	-0.0669793	-0.0637589	-0.0639336	-0.0623584	-0.0642606	-0.0663672	-0.0591339	-0.063304	-0.0676131	-0.0614058	-0.063875	-0.0670745	-0.0580023	-0.0466957	-0.034107	
-0.0578958	-0.0620257	-0.0664379	-0.0586556	-0.0621562	-0.0655909	-0.0577052	-0.0636024	-0.0660114	-0.0576709	-0.0601899	-0.0657915	-0.0649422	-0.0597014	-0.0634339	-0.0674565	-0.0615943	-0.0658919	-0.0674242	-0.060579	-0.0619095	-0.0669212	-0.0592429	-0.0469698	-0.0392554	
-0.0581802	-0.0664379	-0.0711189	-0.0566351	-0.0582004	-0.0619694	-0.0546272	-0.0656728	-0.0707103	-0.0599104	-0.0621714	-0.0626112	-0.0585711	-0.0626667	-0.0658764	-0.0624817	-0.0608879	-0.0673894	-0.0687447	-0.0656664	-0.0623225	-0.0635998	-0.0620106	-0.0487222	-0.0409297	
-0.0622045	-0.0586556	-0.0566351	-0.060471	-0.0668602	-0.0679741	-0.0630995	-0.0579876	-0.0569106	-0.0604157	-0.0644606	-0.0642046	-0.0632397	-0.0640026	-0.0642973	-0.0638726	-0.0640389	-0.063155	-0.0605319	-0.0651821	-0.06604	-0.0614083	-0.0643039	-0.0570309	-0.0451737	
-0.0654734	-0.0621562	-0.0582004	-0.0668602	-0.0604619	-0.0565915	-0.0665809	-0.0610554	-0.0598004	-0.0657023	-0.0609849	-0.061363	-0.0634475	-0.0632829	-0.0613788	-0.0621783	-0.0682507	-0.0638041	-0.0620471	-0.0667762	-0.0675616	-0.0614132	-0.0583689	-0.060734	-0.0443404	
-0.06522	-0.0655909	-0.0619694	-0.0679741	-0.0565915	-0.0516172	-0.0662643	-0.0635064	-0.063262	-0.0678116	-0.0588485	-0.0587396	-0.0633011	-0.0646522	-0.0613418	-0.0607165	-0.0675515	-0.0643983	-0.0648515	-0.0668802	-0.0668902	-0.0621101	-0.0565587	-0.0614885	-0.0438956	
-0.063267	-0.0577052	-0.0546272	-0.0630995	-0.0665809	-0.0662643	-0.0661947	-0.0572578	-0.0548361	-0.0618789	-0.0631808	-0.0638282	-0.0651835	-0.0636283	-0.0629423	-0.0643075	-0.0655273	-0.0627373	-0.0600318	-0.0646708	-0.06668	-0.0613242	-0.0625803	-0.0594415	-0.045633	
-0.0608399	-0.0636024	-0.0656728	-0.0579876	-0.0610554	-0.0635064	-0.0572578	-0.0628258	-0.0659106	-0.0608382	-0.0643374	-0.0634673	-0.0586491	-0.0623196	-0.0655724	-0.0624209	-0.0623164	-0.0660985	-0.0652233	-0.0671173	-0.0643765	-0.0623633	-0.063565	-0.0510948	-0.0423341	
-0.0563077	-0.0660114	-0.0707103	-0.0569106	-0.0598004	-0.063262	-0.0548361	-0.0659106	-0.0706568	-0.0580343	-0.0592782	-0.0637226	-0.0622217	-0.0618806	-0.0648059	-0.0651246	-0.0617846	-0.0665784	-0.0683449	-0.062506	-0.0607607	-0.065838	-0.0599385	-0.0472817	-0.0406238	
-0.0614312	-0.0576709	-0.0599104	-0.0604157	-0.0657023	-0.0678116	-0.0618789	-0.0608382	-0.0580343	-0.0584109	-0.0646094	-0.0662792	-0.0659779	-0.0608039	-0.0630781	-0.0673408	-0.0595781	-0.0638349	-0.0676512	-0.0602359	-0.0632242	-0.0678243	-0.0587424	-0.0474664	-0.0364951	
-0.0669793	-0.0601899	-0.0621714	-0.0644606	-0.0609849	-0.0588485	-0.0631808	-0.0643374	-0.0592782	-0.0646094	-0.0686508	-0.0591593	-0.058494	-0.0651349	-0.0652367	-0.0643115	-0.0623402	-0.0645188	-0.0686929	-0.0633627	-0.0627456	-0.0639408	-0.0547828	-0.0442153	-0.0283789	
-0.0637589	-0.0657915	-0.0626112	-0.0642046	-0.061363	-0.0587396	-0.0638282	-0.0634673	-0.0637226	-0.0662792	-0.0591593	-0.0578229	-0.0661296	-0.0674186	-0.0608451	-0.0630282	-0.0703301	-0.0647641	-0.0630641	-0.0641878	-0.0622349	-0.0598192	-0.050592	-0.0422756	-0.0219101	
-0.0639336	-0.0649422	-0.0585711	-0.0632397	-0.0634475	-0.0633011	-0.0651835	-0.0586491	-0.0622217	-0.0659779	-0.058494	-0.0661296	-0.0704267	-0.060953	-0.0600928	-0.0636248	-0.0675395	-0.0624065	-0.0608069	-0.0699516	-0.0656197	-0.0557781	-0.0512135	-0.0411116	-0.0119106	
-0.0623584	-0.0597014	-0.0626667	-0.0640026	-0.0632829	-0.0646522	-0.0636283	-0.0623196	-0.0618806	-0.0608039	-0.0651349	-0.0674186	-0.060953	-0.0610712	-0.0677025	-0.0678207	-0.0645775	-0.0618242	-0.0636211	-0.0684676	-0.0603288	-0.0495545	-0.0502487	-0.0347578	-4.84756e-05	
-0.0642606	-0.0634339	-0.0658764	-0.0642973	-0.0613788	-0.0613418	-0.0629423	-0.0655724	-0.0648059	-0.0630781	-0.0652367	-0.0608451	-0.0600928	-0.0677025	-0.0661497	-0.0646729	-0.0661957	-0.066797	-0.0660486	-0.0624189	-0.057901	-0.0510854	-0.0454946	-0.0223042	0.0120715	
-0.0663672	-0.0674565	-0.0624817	-0.0638726	-0.0621783	-0.0607165	-0.0643075	-0.0624209	-0.0651246	-0.0673408	-0.0643115	-0.0630282	-0.0636248	-0.0678207	-0.0646729	-0.0593362	-0.0636948	-0.0678611	-0.0656347	-0.0620709	-0.0607492	-0.0549008	-0.0384613	-0.0117382	0.0225632	
-0.0591339	-0.0615943	-0.0608879	-0.0640389	-0.0682507	-0.0675515	-0.0655273	-0.0623164	-0.0617846	-0.0595781	-0.0623402	-0.0703301	-0.0675395	-0.0645775	-0.0661957	-0.0636948	-0.065245	-0.0675924	-0.0606196	-0.056257	-0.0580932	-0.0496392	-0.027879	-0.00294204	0.0326592	
-0.063304	-0.0658919	-0.0673894	-0.063155	-0.0638041	-0.0643983	-0.0627373	-0.0660985	-0.0665784	-0.0638349	-0.0645188	-0.0647641	-0.0624065	-0.0618242	-0.066797	-0.0678611	-0.0675924	-0.0685697	-0.0589217	-0.0560076	-0.0568516	-0.0408996	-0.0160445	0.0106728	0.0507567	
-0.0676131	-0.0674242	-0.0687447	-0.0605319	-0.0620471	-0.0648515	-0.0600318	-0.0652233	-0.0683449	-0.0676512	-0.0686929	-0.0630641	-0.0608069	-0.0636211	-0.0660486	-0.0656347	-0.0606196	-0.0589217	-0.061631	-0.0615651	-0.0513808	-0.0329001	-0.00842455	0.0220716	0.0744434	
-0.0614058	-0.060579	-0.0656664	-0.0651821	-0.0667762	-0.0668802	-0.0646708	-0.0671173	-0.062506	-0.0602359	-0.0633627	-0.0641878	-0.0699516	-0.0684676	-0.0624189	-0.0620709	-0.056257	-0.0560076	-0.0615651	-0.0498077	-0.0324614	-0.0212743	0.000531092	0.0410856	0.104344	
-0.063875	-0.0619095	-0.0623225	-0.06604	-0.0675616	-0.0668902	-0.06668	-0.0643765	-0.0607607	-0.0632242	-0.0627456	-0.0622349	-0.0656197	-0.0603288	-0.057901	-0.0607492	-0.0580932	-0.0568516	-0.0513808	-0.0324614	-0.0183906	-0.00998235	0.0229342	0.0782071	0.143508	
-0.0670745	-0.0669212	-0.0635998	-0.0614083	-0.0614132	-0.0621101	-0.0613242	-0.0623633	-0.065838	-0.0678243	-0.0639408	-0.0598192	-0.0557781	-0.0495545	-0.0510854	-0.0549008	-0.0496392	-0.0408996	-0.0329001	-0.0212743	-0.00998235	0.0131181	0.0612954	0.118869	0.189487	
-0.0580023	-0.0592429	-0.0620106	-0.0643039	-0.0583689	-0.0565587	-0.0625803	-0.063565	-0.0599385	-0.0587424	-0.0547828	-0.050592	-0.0512135	-0.0502487	-0.0454946	-0.0384613	-0.027879	-0.0160445	-0.00842455	0.000531092	0.0229342	0.0612954	0.106307	0.164802	0.24684	
-0.0466957	-0.0469698	-0.0487222	-0.0570309	-0.060734	-0.0614885	-0.0594415	-0.0510948	-0.0472817	-0.0474664	-0.0442153	-0.0422756	-0.0411116	-0.0347578	-0.0223042	-0.0117382	-0.00294204	0.0106728	0.0220716	0.0410856	0.0782071	0.118869	0.164802	0.235675	0.329594	
-0.034107	-0.0392554	-0.0409297	-0.0451737	-0.0443404	-0.0438956	-0.045633	-0.0423341	-0.0406238	-0.0364951	-0.0283789	-0.0219101	-0.0119106	-4.84756e-05	0.0120715	0.0225632	0.0326592	0.0507567	0.0744434	0.104344	0.143508	0.189487	0.24684	0.329594	0.433397	
