0.622731	0.664966	0.662491	0.596886	0.474777	0.30698	0.117984	-0.0662281	-0.220195	-0.328642	-0.398358	-0.44035	-0.461727	-0.465817	-0.451264	-0.431306	-0.424973	-0.443103	-0.476853	-0.512762	-0.528596	-0.515876	-0.479002	-0.42779	-0.344477	
0.664966	0.706061	0.692528	0.610919	0.474611	0.301815	0.106345	-0.0824404	-0.243554	-0.356559	-0.426162	-0.469931	-0.501536	-0.518022	-0.518165	-0.508074	-0.511394	-0.543429	-0.580813	-0.616447	-0.627758	-0.606511	-0.552085	-0.466848	-0.339497	
0.662491	0.692528	0.668574	0.583906	0.444642	0.26718	0.0708428	-0.122023	-0.286701	-0.400956	-0.476809	-0.524041	-0.558824	-0.579722	-0.581509	-0.576879	-0.592145	-0.63114	-0.670776	-0.698288	-0.701588	-0.668267	-0.594216	-0.474279	-0.310839	
0.596886	0.610919	0.583906	0.50156	0.366643	0.185553	-0.0140657	-0.204837	-0.360718	-0.478565	-0.554453	-0.595289	-0.619148	-0.634956	-0.633936	-0.63407	-0.658489	-0.700725	-0.736489	-0.747197	-0.736918	-0.683311	-0.582499	-0.428708	-0.239951	
0.474777	0.474611	0.444642	0.366643	0.232663	0.0524898	-0.146913	-0.335445	-0.481719	-0.590002	-0.648522	-0.667931	-0.669482	-0.667057	-0.662785	-0.671298	-0.705053	-0.745647	-0.771334	-0.763782	-0.725365	-0.645846	-0.52053	-0.342556	-0.130882	
0.30698	0.301815	0.26718	0.185553	0.0524898	-0.118308	-0.308147	-0.480165	-0.606818	-0.689517	-0.727425	-0.721864	-0.694337	-0.669257	-0.657958	-0.67197	-0.713944	-0.755998	-0.775152	-0.752878	-0.6833	-0.571125	-0.413317	-0.216061	0.0144544	
0.117984	0.106345	0.0708428	-0.0140657	-0.146913	-0.308147	-0.474977	-0.610327	-0.702654	-0.757117	-0.776898	-0.751001	-0.704003	-0.65866	-0.632638	-0.643021	-0.685003	-0.726434	-0.73761	-0.701286	-0.611189	-0.469074	-0.278261	-0.0549081	0.191667	
-0.0662281	-0.0824404	-0.122023	-0.204837	-0.335445	-0.480165	-0.610327	-0.713843	-0.777636	-0.804212	-0.796547	-0.749829	-0.684549	-0.620527	-0.582791	-0.583442	-0.610652	-0.641574	-0.643012	-0.600615	-0.500621	-0.339608	-0.130589	0.117669	0.383677	
-0.220195	-0.243554	-0.286701	-0.360718	-0.481719	-0.606818	-0.702654	-0.777636	-0.81536	-0.815484	-0.779878	-0.713226	-0.628232	-0.55314	-0.507337	-0.491152	-0.497986	-0.508603	-0.490871	-0.439203	-0.337108	-0.18014	0.0360811	0.297883	0.576826	
-0.328642	-0.356559	-0.400956	-0.478565	-0.590002	-0.689517	-0.757117	-0.804212	-0.815484	-0.78497	-0.725494	-0.640325	-0.538908	-0.453088	-0.398029	-0.364761	-0.350875	-0.339391	-0.30302	-0.236461	-0.134734	0.0159437	0.232417	0.498283	0.781453	
-0.398358	-0.426162	-0.476809	-0.554453	-0.648522	-0.727425	-0.776898	-0.796547	-0.779878	-0.725494	-0.648682	-0.546805	-0.431563	-0.335721	-0.26821	-0.214613	-0.178087	-0.142022	-0.0900302	-0.0157721	0.0884042	0.235313	0.445163	0.707606	0.98273	
-0.44035	-0.469931	-0.524041	-0.595289	-0.667931	-0.721864	-0.751001	-0.749829	-0.713226	-0.640325	-0.546805	-0.431299	-0.310822	-0.204382	-0.11897	-0.0489121	0.0108775	0.0626202	0.123356	0.201463	0.303608	0.448405	0.647865	0.894014	1.14744	
-0.461727	-0.501536	-0.558824	-0.619148	-0.669482	-0.694337	-0.704003	-0.684549	-0.628232	-0.538908	-0.431563	-0.310822	-0.18491	-0.0711024	0.0289935	0.115171	0.186216	0.245252	0.309081	0.387085	0.487661	0.623335	0.803756	1.0262	1.25151	
-0.465817	-0.518022	-0.579722	-0.634956	-0.667057	-0.669257	-0.65866	-0.620527	-0.55314	-0.453088	-0.335721	-0.204382	-0.0711024	0.0534667	0.166681	0.262201	0.332901	0.39252	0.459221	0.529193	0.608762	0.72532	0.883513	1.07677	1.27924	
-0.451264	-0.518165	-0.581509	-0.633936	-0.662785	-0.657958	-0.632638	-0.582791	-0.507337	-0.398029	-0.26821	-0.11897	0.0289935	0.166681	0.291178	0.388821	0.453673	0.505417	0.555621	0.60154	0.651973	0.742454	0.875089	1.03686	1.21875	
-0.431306	-0.508074	-0.576879	-0.63407	-0.671298	-0.67197	-0.643021	-0.583442	-0.491152	-0.364761	-0.214613	-0.0489121	0.115171	0.262201	0.388821	0.484677	0.539786	0.571127	0.590788	0.603209	0.62233	0.680726	0.783275	0.92241	1.08431	
-0.424973	-0.511394	-0.592145	-0.658489	-0.705053	-0.713944	-0.685003	-0.610652	-0.497986	-0.350875	-0.178087	0.0108775	0.186216	0.332901	0.453673	0.539786	0.578887	0.583219	0.567324	0.545475	0.535733	0.557882	0.636685	0.755545	0.904125	
-0.443103	-0.543429	-0.63114	-0.700725	-0.745647	-0.755998	-0.726434	-0.641574	-0.508603	-0.339391	-0.142022	0.0626202	0.245252	0.39252	0.505417	0.571127	0.583219	0.548639	0.490346	0.43492	0.405563	0.41133	0.464589	0.557626	0.687025	
-0.476853	-0.580813	-0.670776	-0.736489	-0.771334	-0.775152	-0.73761	-0.643012	-0.490871	-0.30302	-0.0900302	0.123356	0.309081	0.459221	0.555621	0.590788	0.567324	0.490346	0.392162	0.307396	0.262191	0.260569	0.290087	0.352958	0.455441	
-0.512762	-0.616447	-0.698288	-0.747197	-0.763782	-0.752878	-0.701286	-0.600615	-0.439203	-0.236461	-0.0157721	0.201463	0.387085	0.529193	0.60154	0.603209	0.545475	0.43492	0.307396	0.20527	0.148205	0.12654	0.135185	0.173812	0.256722	
-0.528596	-0.627758	-0.701588	-0.736918	-0.725365	-0.6833	-0.611189	-0.500621	-0.337108	-0.134734	0.0884042	0.303608	0.487661	0.608762	0.651973	0.62233	0.535733	0.405563	0.262191	0.148205	0.0763648	0.0373016	0.0286253	0.053089	0.117255	
-0.515876	-0.606511	-0.668267	-0.683311	-0.645846	-0.571125	-0.469074	-0.339608	-0.18014	0.0159437	0.235313	0.448405	0.623335	0.72532	0.742454	0.680726	0.557882	0.41133	0.260569	0.12654	0.0373016	-0.01065	-0.0232207	-0.00467297	0.0516341	
-0.479002	-0.552085	-0.594216	-0.582499	-0.52053	-0.413317	-0.278261	-0.130589	0.0360811	0.232417	0.445163	0.647865	0.803756	0.883513	0.875089	0.783275	0.636685	0.464589	0.290087	0.135185	0.0286253	-0.0232207	-0.0423835	-0.0194886	0.0524289	
-0.42779	-0.466848	-0.474279	-0.428708	-0.342556	-0.216061	-0.0549081	0.117669	0.297883	0.498283	0.707606	0.894014	1.0262	1.07677	1.03686	0.92241	0.755545	0.557626	0.352958	0.173812	0.053089	-0.00467297	-0.0194886	0.0195346	0.108662	
-0.344477	-0.339497	-0.310839	-0.239951	-0.130882	0.0144544	0.191667	0.383677	0.576826	0.781453	0.98273	1.14744	1.25151	1.27924	1.21875	1.08431	0.904125	0.687025	0.455441	0.256722	0.117255	0.0516341	0.0524289	0.108662	0.215527	
-0.227251	-0.179862	-0.112798	-0.0188903	0.11162	0.271825	0.455219	0.653406	0.847444	1.04473	1.23067	1.37588	1.463	1.47608	1.40762	1.26772	1.07698	0.850149	0.601582	0.380831	0.227741	0.151778	0.15574	0.22943	0.358966	
-0.0980003	-0.00996967	0.0905027	0.20664	0.356957	0.533343	0.719036	0.910573	1.09928	1.27774	1.44214	1.57148	1.64874	1.64983	1.57338	1.43153	1.24151	1.01467	0.762862	0.529231	0.366021	0.292275	0.294804	0.379369	0.526109	
0.00377985	0.128051	0.261882	0.411961	0.583012	0.767543	0.956223	1.13686	1.3154	1.48318	1.62616	1.73709	1.79184	1.77776	1.69501	1.55508	1.36506	1.13912	0.898869	0.672379	0.507401	0.434924	0.449454	0.540934	0.694068	
0.0656645	0.219854	0.384977	0.566464	0.763702	0.954968	1.14177	1.31833	1.49113	1.64605	1.77765	1.86499	1.89645	1.8677	1.77823	1.63314	1.44246	1.22123	0.993093	0.777983	0.611676	0.54108	0.569409	0.672019	0.82155	
0.0908237	0.261264	0.450634	0.657889	0.878061	1.07508	1.25989	1.43735	1.60435	1.74962	1.87548	1.94984	1.96287	1.92486	1.8297	1.67804	1.48654	1.26773	1.03706	0.8252	0.666882	0.597238	0.628215	0.736922	0.892138	
0.0931918	0.266421	0.461285	0.674321	0.899343	1.09764	1.28129	1.45862	1.62442	1.76967	1.89455	1.96665	1.97469	1.93574	1.84008	1.68724	1.49516	1.27499	1.04256	0.83138	0.676276	0.606386	0.637126	0.745275	0.904669	
0.0792712	0.242094	0.418487	0.611144	0.818792	1.01261	1.19872	1.37564	1.54577	1.6955	1.82461	1.90544	1.92849	1.89472	1.80245	1.65486	1.46366	1.24365	1.01664	0.803594	0.638985	0.56991	0.600501	0.706328	0.856436	
0.0336929	0.170226	0.317091	0.481074	0.662036	0.848948	1.03741	1.2155	1.39102	1.55397	1.69135	1.79208	1.83776	1.8178	1.73213	1.59088	1.40056	1.17659	0.942517	0.720986	0.555067	0.483004	0.503831	0.599826	0.751311	
-0.0529449	0.0512413	0.164279	0.292911	0.451052	0.631613	0.819239	1.00582	1.19047	1.364	1.51874	1.64214	1.71151	1.70695	1.62762	1.48661	1.29763	1.07049	0.820934	0.588705	0.42476	0.351491	0.357233	0.443918	0.596146	
-0.174506	-0.110875	-0.0300818	0.0720817	0.210597	0.377751	0.562057	0.758907	0.951579	1.14076	1.31928	1.45768	1.54137	1.54962	1.47825	1.33745	1.1449	0.918525	0.668009	0.438344	0.280446	0.204938	0.207184	0.286848	0.423407	
-0.300986	-0.278328	-0.2346	-0.154709	-0.0366037	0.115306	0.295879	0.491661	0.68657	0.890336	1.08617	1.24287	1.33855	1.35964	1.29457	1.15635	0.9718	0.749245	0.509524	0.302518	0.156576	0.0861805	0.089328	0.152844	0.269478	
-0.399737	-0.421106	-0.413978	-0.35667	-0.261003	-0.127798	0.0412453	0.22319	0.40878	0.612141	0.818953	0.996651	1.11772	1.15823	1.1073	0.984234	0.811726	0.60471	0.388417	0.20078	0.0734158	0.0125033	0.00454709	0.0506057	0.146141	
-0.46051	-0.522072	-0.551351	-0.526892	-0.455409	-0.338637	-0.192394	-0.0350773	0.137585	0.334561	0.546029	0.741974	0.888761	0.957251	0.936711	0.835087	0.680639	0.498168	0.311003	0.146214	0.033728	-0.0197071	-0.0389818	-0.0106782	0.0674749	
-0.503222	-0.5884	-0.643448	-0.648749	-0.601701	-0.513515	-0.397438	-0.261212	-0.101099	0.0940962	0.31196	0.522234	0.68969	0.783651	0.791683	0.718068	0.58289	0.426328	0.268826	0.126587	0.0306536	-0.0197086	-0.0348887	-0.0158685	0.0451443	
-0.527231	-0.623342	-0.693064	-0.721643	-0.699448	-0.643733	-0.560714	-0.442765	-0.280202	-0.0814964	0.140008	0.354863	0.537084	0.650332	0.681451	0.638439	0.53821	0.403316	0.257543	0.135544	0.0567346	0.0141102	0.00326279	0.0243046	0.0816724	
-0.522093	-0.624934	-0.7036	-0.745921	-0.751764	-0.730243	-0.671285	-0.56821	-0.406169	-0.201124	0.0221452	0.239675	0.424658	0.558505	0.619899	0.609823	0.539982	0.419166	0.283177	0.176875	0.114859	0.0848285	0.0849157	0.117405	0.192121	
-0.492744	-0.595988	-0.683689	-0.744154	-0.772999	-0.772141	-0.729414	-0.631839	-0.47432	-0.27973	-0.0638023	0.151477	0.337556	0.487095	0.574549	0.595332	0.557772	0.465984	0.355055	0.262096	0.211617	0.202791	0.224604	0.275682	0.370311	
-0.455482	-0.558661	-0.647747	-0.716851	-0.758453	-0.767236	-0.735455	-0.646602	-0.50522	-0.32893	-0.123268	0.0859813	0.270054	0.418638	0.525644	0.580496	0.579042	0.527156	0.451447	0.38243	0.346907	0.351105	0.394002	0.475321	0.59329	
-0.429156	-0.521466	-0.606079	-0.674452	-0.721399	-0.732849	-0.704392	-0.625011	-0.504135	-0.348028	-0.16433	0.0312722	0.210022	0.356123	0.474221	0.553936	0.584004	0.574161	0.541503	0.506328	0.487863	0.501034	0.569038	0.678863	0.821182	
-0.426923	-0.50599	-0.579828	-0.640716	-0.682255	-0.686248	-0.656887	-0.591574	-0.491695	-0.356811	-0.1991	-0.0237155	0.145733	0.293463	0.418213	0.511416	0.560701	0.582426	0.588787	0.587529	0.593736	0.636333	0.730172	0.860671	1.01697	
-0.442424	-0.514342	-0.579063	-0.632069	-0.663876	-0.659587	-0.63168	-0.578786	-0.497842	-0.382562	-0.24483	-0.0889544	0.0654158	0.207566	0.334213	0.432034	0.493487	0.537629	0.576821	0.609549	0.647952	0.726995	0.847219	0.999124	1.17181	
-0.462472	-0.519844	-0.582064	-0.636134	-0.665346	-0.663416	-0.644686	-0.600709	-0.530713	-0.427661	-0.306294	-0.168374	-0.0295707	0.100233	0.218196	0.314628	0.384135	0.442562	0.505199	0.566971	0.635724	0.742438	0.890592	1.07069	1.26621	
-0.465035	-0.510088	-0.569675	-0.627135	-0.668792	-0.682933	-0.684134	-0.657428	-0.595304	-0.501557	-0.38903	-0.265347	-0.137392	-0.0195536	0.0862046	0.176604	0.247845	0.307819	0.374714	0.45079	0.544539	0.674154	0.845266	1.05734	1.27235	
-0.451485	-0.484208	-0.538745	-0.605987	-0.669474	-0.711748	-0.733843	-0.724503	-0.680313	-0.600266	-0.500556	-0.382459	-0.259642	-0.150513	-0.0590132	0.0183533	0.0842357	0.139814	0.201108	0.280013	0.383007	0.5251	0.718157	0.954779	1.19668	
-0.41824	-0.445526	-0.498388	-0.574111	-0.660103	-0.729989	-0.771025	-0.781856	-0.756665	-0.694704	-0.610736	-0.503033	-0.384474	-0.284668	-0.210681	-0.149528	-0.102773	-0.0588558	-0.00251099	0.0731418	0.177108	0.323303	0.529288	0.786929	1.0546	
