0.0737775	0.116717	0.161567	0.210296	0.261118	0.301049	0.324132	0.330968	0.327748	0.331065	0.359295	0.40213	0.473776	0.566923	0.663288	0.73933	0.764742	0.725267	0.629418	0.497138	0.348428	0.192936	0.0429964	-0.0780907	-0.155418	
0.116717	0.172702	0.233516	0.287181	0.326676	0.351221	0.356779	0.348316	0.326599	0.310042	0.317298	0.349747	0.420511	0.525413	0.649754	0.761621	0.823972	0.822108	0.75651	0.64248	0.498471	0.333047	0.167993	0.0338336	-0.0596897	
0.161567	0.233516	0.305214	0.357229	0.389845	0.404105	0.399148	0.374341	0.334403	0.297087	0.286975	0.306304	0.367353	0.476058	0.619831	0.762591	0.860039	0.896037	0.856373	0.760556	0.626907	0.462039	0.287475	0.138677	0.0300538	
0.210296	0.287181	0.357229	0.41012	0.443981	0.452841	0.432994	0.391373	0.330657	0.280137	0.252827	0.257588	0.305112	0.413493	0.572437	0.740486	0.871951	0.942176	0.931411	0.852811	0.729499	0.562633	0.379735	0.218148	0.0976904	
0.261118	0.326676	0.389845	0.443981	0.470832	0.467345	0.427815	0.366184	0.29834	0.23821	0.193097	0.181911	0.218089	0.322329	0.49456	0.687569	0.849399	0.947424	0.962826	0.905247	0.791251	0.6229	0.43106	0.256895	0.123103	
0.301049	0.351221	0.404105	0.452841	0.467345	0.443037	0.380117	0.304015	0.225723	0.15086	0.0955046	0.0739184	0.101484	0.205264	0.385353	0.58965	0.77185	0.893192	0.935769	0.897979	0.795207	0.632732	0.438884	0.250629	0.106421	
0.324132	0.356779	0.399148	0.432994	0.427815	0.380117	0.299063	0.202774	0.107832	0.0209139	-0.044953	-0.075056	-0.0496015	0.0552619	0.233366	0.441759	0.634559	0.770476	0.839073	0.830796	0.748824	0.59839	0.408426	0.218183	0.0682155	
0.330968	0.348316	0.374341	0.391373	0.366184	0.304015	0.202774	0.0818687	-0.0350323	-0.142979	-0.224314	-0.265934	-0.242341	-0.139706	0.0323262	0.237011	0.438741	0.592211	0.687221	0.708407	0.653093	0.529125	0.358056	0.17237	0.0111185	
0.327748	0.326599	0.334403	0.330657	0.29834	0.225723	0.107832	-0.0350323	-0.182042	-0.325912	-0.435255	-0.493081	-0.475338	-0.373609	-0.208303	-0.000623355	0.210019	0.380385	0.500709	0.557895	0.537628	0.447828	0.300837	0.120432	-0.0533956	
0.331065	0.310042	0.297087	0.280137	0.23821	0.15086	0.0209139	-0.142979	-0.325912	-0.504059	-0.641986	-0.721528	-0.718625	-0.626696	-0.465329	-0.251611	-0.0269894	0.164847	0.311261	0.40227	0.422286	0.365365	0.240316	0.0704358	-0.10937	
0.359295	0.317298	0.286975	0.252827	0.193097	0.0955046	-0.044953	-0.224314	-0.435255	-0.641986	-0.812133	-0.915555	-0.933804	-0.849926	-0.689946	-0.477903	-0.253726	-0.0460862	0.126537	0.25506	0.31298	0.289169	0.190714	0.0357338	-0.150578	
0.40213	0.349747	0.306304	0.257588	0.181911	0.0739184	-0.075056	-0.265934	-0.493081	-0.721528	-0.915555	-1.04144	-1.0739	-1.00193	-0.856976	-0.666634	-0.448539	-0.231022	-0.0411502	0.111064	0.207702	0.224776	0.163415	0.0296637	-0.149091	
0.473776	0.420511	0.367353	0.305112	0.218089	0.101484	-0.0496015	-0.242341	-0.475338	-0.718625	-0.933804	-1.0739	-1.12346	-1.08115	-0.966875	-0.80014	-0.593723	-0.38148	-0.190088	-0.0236215	0.106424	0.166458	0.14898	0.0505241	-0.108785	
0.566923	0.525413	0.476058	0.413493	0.322329	0.205264	0.0552619	-0.139706	-0.373609	-0.626696	-0.849926	-1.00193	-1.08115	-1.0811	-0.999687	-0.858759	-0.676085	-0.488229	-0.307394	-0.129678	0.0278056	0.126512	0.148112	0.0812803	-0.0545814	
0.663288	0.649754	0.619831	0.572437	0.49456	0.385353	0.233366	0.0323262	-0.208303	-0.465329	-0.689946	-0.856976	-0.966875	-0.999687	-0.950428	-0.846109	-0.705721	-0.547523	-0.371734	-0.189921	-0.0242308	0.100199	0.153058	0.11478	0.0110268	
0.73933	0.761621	0.762591	0.740486	0.687569	0.58965	0.441759	0.237011	-0.000623355	-0.251611	-0.477903	-0.666634	-0.80014	-0.858759	-0.846109	-0.779049	-0.666958	-0.530159	-0.375244	-0.21066	-0.0473432	0.0919284	0.16812	0.162099	0.0914204	
0.764742	0.823972	0.860039	0.871951	0.849399	0.77185	0.634559	0.438741	0.210019	-0.0269894	-0.253726	-0.448539	-0.593723	-0.676085	-0.705721	-0.666958	-0.576689	-0.463989	-0.335166	-0.184356	-0.0284014	0.114813	0.202175	0.210396	0.156167	
0.725267	0.822108	0.896037	0.942176	0.947424	0.893192	0.770476	0.592211	0.380385	0.164847	-0.0460862	-0.231022	-0.38148	-0.488229	-0.547523	-0.530159	-0.463989	-0.379989	-0.268148	-0.122876	0.0252373	0.15708	0.240282	0.252487	0.213132	
0.629418	0.75651	0.856373	0.931411	0.962826	0.935769	0.839073	0.687221	0.500709	0.311261	0.126537	-0.0411502	-0.190088	-0.307394	-0.371734	-0.375244	-0.335166	-0.268148	-0.167196	-0.039587	0.0949614	0.21097	0.285205	0.298462	0.269412	
0.497138	0.64248	0.760556	0.852811	0.905247	0.897979	0.830796	0.708407	0.557895	0.40227	0.25506	0.111064	-0.0236215	-0.129678	-0.189921	-0.21066	-0.184356	-0.122876	-0.039587	0.0672578	0.183743	0.278215	0.335367	0.343826	0.308992	
0.348428	0.498471	0.626907	0.729499	0.791251	0.795207	0.748824	0.653093	0.537628	0.422286	0.31298	0.207702	0.106424	0.0278056	-0.0242308	-0.0473432	-0.0284014	0.0252373	0.0949614	0.183743	0.275614	0.342613	0.373513	0.364505	0.330729	
0.192936	0.333047	0.462039	0.562633	0.6229	0.632732	0.59839	0.529125	0.447828	0.365365	0.289169	0.224776	0.166458	0.126512	0.100199	0.0919284	0.114813	0.15708	0.21097	0.278215	0.342613	0.38485	0.395029	0.374422	0.349296	
0.0429964	0.167993	0.287475	0.379735	0.43106	0.438884	0.408426	0.358056	0.300837	0.240316	0.190714	0.163415	0.14898	0.148112	0.153058	0.16812	0.202175	0.240282	0.285205	0.335367	0.373513	0.395029	0.393531	0.370945	0.359093	
-0.0780907	0.0338336	0.138677	0.218148	0.256895	0.250629	0.218183	0.17237	0.120432	0.0704358	0.0357338	0.0296637	0.0505241	0.0812803	0.11478	0.162099	0.210396	0.252487	0.298462	0.343826	0.364505	0.374422	0.370945	0.36324	0.370541	
-0.155418	-0.0596897	0.0300538	0.0976904	0.123103	0.106421	0.0682155	0.0111185	-0.0533956	-0.10937	-0.150578	-0.149091	-0.108785	-0.0545814	0.0110268	0.0914204	0.156167	0.213132	0.269412	0.308992	0.330729	0.349296	0.359093	0.370541	0.406796	
-0.173333	-0.0926821	-0.016411	0.0351797	0.0485804	0.024123	-0.0281918	-0.10437	-0.190926	-0.27032	-0.323669	-0.330938	-0.29219	-0.218923	-0.124542	-0.0236613	0.0720914	0.154314	0.217822	0.259318	0.295165	0.330094	0.3644	0.404899	0.472722	
-0.134164	-0.0668668	-0.00581427	0.0290868	0.0330248	-0.000687531	-0.0722686	-0.174715	-0.290953	-0.398852	-0.469193	-0.490668	-0.461074	-0.375976	-0.26348	-0.144968	-0.0161883	0.0879078	0.157019	0.215296	0.269656	0.31721	0.376442	0.452569	0.559919	
-0.0550199	-0.0014891	0.0358782	0.056016	0.0527537	0.00603719	-0.0803815	-0.209325	-0.357357	-0.489381	-0.581323	-0.619869	-0.595449	-0.507228	-0.383137	-0.241473	-0.0912293	0.0283852	0.104431	0.175368	0.238313	0.305903	0.396617	0.507405	0.639723	
0.0359153	0.0710251	0.0873848	0.0940547	0.0814813	0.026826	-0.0733845	-0.223418	-0.392725	-0.543191	-0.656162	-0.703189	-0.682308	-0.599572	-0.46745	-0.303992	-0.144764	-0.0167691	0.0710262	0.14117	0.208094	0.297209	0.412571	0.544697	0.699352	
0.103568	0.123158	0.127476	0.124187	0.10389	0.0457472	-0.0677032	-0.22906	-0.409255	-0.57573	-0.69545	-0.747146	-0.730127	-0.651089	-0.515095	-0.341561	-0.175788	-0.0468719	0.0485657	0.11672	0.187741	0.288712	0.411292	0.556902	0.738209	
0.116374	0.131517	0.135581	0.129584	0.107504	0.0495739	-0.0672654	-0.231189	-0.412159	-0.581775	-0.703538	-0.754076	-0.738372	-0.660438	-0.523269	-0.347091	-0.181408	-0.0537397	0.0444461	0.112715	0.185161	0.286913	0.409355	0.556668	0.747314	
0.0681277	0.0965204	0.10599	0.108326	0.0927224	0.0352483	-0.0702565	-0.225655	-0.400802	-0.558877	-0.675208	-0.725232	-0.706044	-0.625356	-0.490796	-0.322414	-0.160795	-0.0308329	0.0614902	0.129337	0.196531	0.292699	0.414187	0.552496	0.717171	
-0.018574	0.0281384	0.0563	0.070423	0.064062	0.0133886	-0.0784592	-0.216309	-0.37419	-0.513781	-0.616255	-0.658119	-0.634988	-0.549057	-0.420976	-0.268763	-0.114696	0.00867123	0.0886709	0.160637	0.227193	0.303597	0.404472	0.525043	0.666196	
-0.105908	-0.0429356	0.0083644	0.0376854	0.0385235	-0.000663216	-0.0788107	-0.191916	-0.321963	-0.440297	-0.51826	-0.547624	-0.5202	-0.432589	-0.315317	-0.188717	-0.0488331	0.0627839	0.133714	0.19835	0.257015	0.311764	0.382995	0.475187	0.593924	
-0.163693	-0.0895708	-0.0173666	0.0269272	0.03525	0.00860647	-0.0512961	-0.138096	-0.234812	-0.325422	-0.385759	-0.397927	-0.363078	-0.283429	-0.180796	-0.0727502	0.036679	0.127737	0.19396	0.241637	0.284591	0.324504	0.369007	0.422673	0.506885	
-0.170138	-0.0804777	0.00351727	0.0654135	0.0855323	0.0659212	0.0231962	-0.0402811	-0.11313	-0.177749	-0.222121	-0.223608	-0.182211	-0.118758	-0.0406283	0.0482641	0.124611	0.191137	0.250635	0.289032	0.314826	0.3408	0.360499	0.381689	0.428912	
-0.115472	-0.00983029	0.0897523	0.163981	0.197241	0.185873	0.151454	0.102687	0.0476706	-0.00222293	-0.0381455	-0.0384305	-0.00762518	0.0327887	0.0785182	0.140987	0.194856	0.240688	0.289992	0.33385	0.353756	0.364227	0.363152	0.362637	0.382143	
-0.00987231	0.110225	0.223012	0.311429	0.358227	0.36066	0.330329	0.283966	0.230796	0.176175	0.134461	0.117398	0.11925	0.131692	0.14832	0.174862	0.214314	0.253568	0.298301	0.344746	0.373254	0.388425	0.385919	0.368313	0.361961	
0.130989	0.264835	0.3911	0.488983	0.546286	0.556635	0.525155	0.464161	0.395067	0.323328	0.257651	0.209543	0.169265	0.145394	0.131743	0.132692	0.158999	0.19834	0.246951	0.30615	0.360438	0.394095	0.397978	0.374692	0.354616	
0.28653	0.434357	0.564112	0.667491	0.729683	0.737036	0.695441	0.611051	0.508918	0.407558	0.313492	0.224666	0.139481	0.0757831	0.0320203	0.0122613	0.0316889	0.0810602	0.144995	0.225372	0.305962	0.362657	0.383555	0.368736	0.338744	
0.439008	0.587039	0.711531	0.808414	0.865875	0.8643	0.806838	0.69518	0.559418	0.419713	0.287945	0.158282	0.0346123	-0.0619442	-0.120762	-0.143646	-0.120702	-0.0623532	0.0145113	0.11471	0.221835	0.305744	0.353224	0.355026	0.318589	
0.579759	0.716037	0.822999	0.906881	0.947672	0.929594	0.845135	0.705484	0.532057	0.354851	0.184366	0.0245945	-0.1202	-0.235733	-0.298534	-0.310598	-0.277519	-0.213019	-0.117704	0.000291288	0.127668	0.235972	0.305744	0.318735	0.287665	
0.692495	0.802999	0.889066	0.947838	0.963622	0.920183	0.806306	0.637219	0.434441	0.229374	0.0275068	-0.150993	-0.301531	-0.41537	-0.479661	-0.469911	-0.414928	-0.339854	-0.232082	-0.0923753	0.0520093	0.177732	0.256088	0.269035	0.23721	
0.757161	0.83114	0.882732	0.908369	0.89728	0.829717	0.696965	0.507977	0.284407	0.0549462	-0.167286	-0.359475	-0.508008	-0.59986	-0.644285	-0.614509	-0.533193	-0.432561	-0.311631	-0.162758	-0.010339	0.129822	0.217401	0.227579	0.178646	
0.756919	0.793765	0.808878	0.799435	0.758043	0.667142	0.523623	0.320104	0.0863994	-0.160463	-0.387272	-0.580828	-0.7207	-0.788674	-0.793292	-0.738981	-0.634622	-0.506131	-0.363355	-0.205906	-0.0450707	0.0976528	0.180502	0.182931	0.11981	
0.697711	0.69886	0.679502	0.641833	0.572461	0.467196	0.3159	0.112693	-0.128614	-0.384758	-0.60988	-0.785639	-0.905516	-0.94955	-0.913567	-0.825486	-0.699147	-0.550598	-0.379517	-0.203017	-0.037787	0.0934817	0.157005	0.131603	0.0428832	
0.606112	0.574065	0.530746	0.472858	0.384423	0.269912	0.119233	-0.0773401	-0.31397	-0.56895	-0.793167	-0.950831	-1.04275	-1.05751	-0.988996	-0.861148	-0.693823	-0.518949	-0.340153	-0.159164	0.00427605	0.114501	0.14988	0.0935919	-0.0298952	
0.509685	0.459089	0.405632	0.340809	0.250877	0.13294	-0.0177418	-0.210374	-0.444225	-0.691937	-0.912257	-1.05667	-1.11753	-1.09117	-0.990618	-0.832953	-0.634176	-0.429514	-0.242545	-0.0708998	0.0714865	0.147834	0.147208	0.0626207	-0.0887641	
0.426431	0.372773	0.325108	0.270355	0.189316	0.077388	-0.0729021	-0.266065	-0.49631	-0.731776	-0.934689	-1.06708	-1.1045	-1.04275	-0.90867	-0.72784	-0.513782	-0.29551	-0.102933	0.0547649	0.16568	0.200868	0.156396	0.0360118	-0.135937	
0.37437	0.326834	0.290964	0.250233	0.18346	0.0818968	-0.062161	-0.246115	-0.465301	-0.681623	-0.862163	-0.976286	-1.00026	-0.919692	-0.764079	-0.558315	-0.335948	-0.124296	0.0572613	0.197621	0.270601	0.261982	0.1772	0.0298611	-0.155635	
