0.669379	0.688229	0.678727	0.628123	0.529868	0.391014	0.228921	0.0663314	-0.0667248	-0.174288	-0.26944	-0.363744	-0.458389	-0.544717	-0.60122	-0.631769	-0.645593	-0.642199	-0.6233	-0.598114	-0.567701	-0.516932	-0.437136	-0.330158	-0.202764	
0.688229	0.680975	0.641311	0.552792	0.421935	0.254489	0.0680573	-0.108734	-0.2552	-0.369587	-0.465277	-0.555507	-0.64614	-0.714054	-0.749232	-0.755125	-0.743432	-0.710274	-0.666309	-0.619144	-0.570804	-0.501764	-0.39231	-0.247516	-0.0942512	
0.678727	0.641311	0.564265	0.44367	0.287171	0.102922	-0.0903357	-0.273839	-0.427788	-0.544371	-0.632996	-0.717543	-0.796071	-0.846288	-0.857126	-0.83602	-0.798344	-0.744073	-0.677528	-0.611291	-0.546002	-0.460192	-0.327275	-0.158895	0.0131332	
0.628123	0.552792	0.44367	0.29569	0.122017	-0.0675964	-0.257833	-0.432655	-0.580255	-0.690896	-0.772762	-0.843753	-0.899845	-0.919845	-0.905471	-0.860418	-0.806732	-0.740497	-0.664551	-0.583485	-0.499779	-0.393543	-0.24426	-0.0652301	0.104965	
0.529868	0.421935	0.287171	0.122017	-0.0614619	-0.24895	-0.427356	-0.582266	-0.709144	-0.80587	-0.876433	-0.922828	-0.943743	-0.931087	-0.889774	-0.829538	-0.771715	-0.699578	-0.610457	-0.517783	-0.421159	-0.306161	-0.156136	0.0148173	0.175103	
0.391014	0.254489	0.102922	-0.0675964	-0.24895	-0.425942	-0.589716	-0.718766	-0.819335	-0.895716	-0.939958	-0.952606	-0.93882	-0.894867	-0.828254	-0.759035	-0.694784	-0.614653	-0.51948	-0.418229	-0.309303	-0.193469	-0.0576199	0.0886806	0.219661	
0.228921	0.0680573	-0.0903357	-0.257833	-0.427356	-0.589716	-0.734544	-0.841757	-0.912555	-0.956374	-0.965545	-0.945636	-0.898514	-0.818685	-0.729957	-0.6546	-0.583723	-0.496339	-0.397933	-0.285788	-0.169191	-0.0589501	0.0575929	0.16802	0.252351	
0.0663314	-0.108734	-0.273839	-0.432655	-0.582266	-0.718766	-0.841757	-0.926149	-0.968587	-0.976256	-0.957405	-0.913182	-0.830855	-0.718151	-0.608956	-0.519756	-0.442558	-0.360184	-0.255084	-0.13372	-0.0184118	0.0801114	0.168708	0.233204	0.272328	
-0.0667248	-0.2552	-0.427788	-0.580255	-0.709144	-0.819335	-0.912555	-0.968587	-0.972459	-0.951231	-0.910676	-0.843161	-0.738709	-0.614006	-0.48892	-0.383142	-0.295636	-0.208216	-0.101577	0.0120176	0.114759	0.196004	0.245293	0.26733	0.269581	
-0.174288	-0.369587	-0.544371	-0.690896	-0.80587	-0.895716	-0.956374	-0.976256	-0.951231	-0.902506	-0.833745	-0.745218	-0.635585	-0.505001	-0.369192	-0.254726	-0.164657	-0.077136	0.0237717	0.125588	0.208935	0.263207	0.278031	0.263305	0.230412	
-0.26944	-0.465277	-0.632996	-0.772762	-0.876433	-0.939958	-0.965545	-0.957405	-0.910676	-0.833745	-0.736447	-0.631447	-0.516521	-0.38461	-0.250778	-0.137281	-0.0488132	0.0271867	0.104404	0.186044	0.251987	0.27819	0.262921	0.225737	0.173411	
-0.363744	-0.555507	-0.717543	-0.843753	-0.922828	-0.952606	-0.945636	-0.913182	-0.843161	-0.745218	-0.631447	-0.514731	-0.390659	-0.26209	-0.14259	-0.038532	0.0393429	0.0953238	0.145887	0.201915	0.244007	0.249323	0.220771	0.176806	0.114948	
-0.458389	-0.64614	-0.796071	-0.899845	-0.943743	-0.93882	-0.898514	-0.830855	-0.738709	-0.635585	-0.516521	-0.390659	-0.270264	-0.154271	-0.0530178	0.0424639	0.106773	0.137892	0.1659	0.198225	0.213509	0.20637	0.172986	0.127251	0.0703092	
-0.544717	-0.714054	-0.846288	-0.919845	-0.931087	-0.894867	-0.818685	-0.718151	-0.614006	-0.505001	-0.38461	-0.26209	-0.154271	-0.0607826	0.0242253	0.103945	0.154975	0.171898	0.183095	0.190871	0.188968	0.167903	0.125722	0.0766939	0.0264808	
-0.60122	-0.749232	-0.857126	-0.905471	-0.889774	-0.828254	-0.729957	-0.608956	-0.48892	-0.369192	-0.250778	-0.14259	-0.0530178	0.0242253	0.0920886	0.148845	0.184339	0.198584	0.192898	0.179691	0.160834	0.124599	0.077212	0.0309072	-0.0188216	
-0.631769	-0.755125	-0.83602	-0.860418	-0.829538	-0.759035	-0.6546	-0.519756	-0.383142	-0.254726	-0.137281	-0.038532	0.0424639	0.103945	0.148845	0.186023	0.202332	0.19897	0.183627	0.161399	0.130381	0.0808911	0.0318462	-0.00946093	-0.0567794	
-0.645593	-0.743432	-0.798344	-0.806732	-0.771715	-0.694784	-0.583723	-0.442558	-0.295636	-0.164657	-0.0488132	0.0393429	0.106773	0.154975	0.184339	0.202332	0.204404	0.188878	0.165125	0.131111	0.0880072	0.0390421	-0.00835547	-0.0449464	-0.0847485	
-0.642199	-0.710274	-0.744073	-0.740497	-0.699578	-0.614653	-0.496339	-0.360184	-0.208216	-0.077136	0.0271867	0.0953238	0.137892	0.171898	0.198584	0.19897	0.188878	0.164334	0.137854	0.102647	0.0501808	-0.00491388	-0.0449588	-0.0797582	-0.11436	
-0.6233	-0.666309	-0.677528	-0.664551	-0.610457	-0.51948	-0.397933	-0.255084	-0.101577	0.0237717	0.104404	0.145887	0.1659	0.183095	0.192898	0.183627	0.165125	0.137854	0.112719	0.0776475	0.0208976	-0.0368185	-0.0788685	-0.110979	-0.134097	
-0.598114	-0.619144	-0.611291	-0.583485	-0.517783	-0.418229	-0.285788	-0.13372	0.0120176	0.125588	0.186044	0.201915	0.198225	0.190871	0.179691	0.161399	0.131111	0.102647	0.0776475	0.0389836	-0.0140606	-0.0666934	-0.114073	-0.134639	-0.145196	
-0.567701	-0.570804	-0.546002	-0.499779	-0.421159	-0.309303	-0.169191	-0.0184118	0.114759	0.208935	0.251987	0.244007	0.213509	0.188968	0.160834	0.130381	0.0880072	0.0501808	0.0208976	-0.0140606	-0.0662754	-0.109088	-0.144888	-0.154607	-0.158235	
-0.516932	-0.501764	-0.460192	-0.393543	-0.306161	-0.193469	-0.0589501	0.0801114	0.196004	0.263207	0.27819	0.249323	0.20637	0.167903	0.124599	0.0808911	0.0390421	-0.00491388	-0.0368185	-0.0666934	-0.109088	-0.15358	-0.180473	-0.183065	-0.174427	
-0.437136	-0.39231	-0.327275	-0.24426	-0.156136	-0.0576199	0.0575929	0.168708	0.245293	0.278031	0.262921	0.220771	0.172986	0.125722	0.077212	0.0318462	-0.00835547	-0.0449588	-0.0788685	-0.114073	-0.144888	-0.180473	-0.20157	-0.198058	-0.184838	
-0.330158	-0.247516	-0.158895	-0.0652301	0.0148173	0.0886806	0.16802	0.233204	0.26733	0.263305	0.225737	0.176806	0.127251	0.0766939	0.0309072	-0.00946093	-0.0449464	-0.0797582	-0.110979	-0.134639	-0.154607	-0.183065	-0.198058	-0.192444	-0.182483	
-0.202764	-0.0942512	0.0131332	0.104965	0.175103	0.219661	0.252351	0.272328	0.269581	0.230412	0.173411	0.114948	0.0703092	0.0264808	-0.0188216	-0.0567794	-0.0847485	-0.11436	-0.134097	-0.145196	-0.158235	-0.174427	-0.184838	-0.182483	-0.170809	
-0.0601208	0.0599641	0.175257	0.25945	0.31224	0.329217	0.319062	0.29616	0.252485	0.18355	0.114758	0.0556185	0.0138513	-0.0250755	-0.0633423	-0.0974214	-0.119398	-0.142699	-0.157064	-0.164095	-0.164712	-0.165623	-0.173886	-0.173623	-0.164299	
0.100321	0.217316	0.323647	0.392563	0.42296	0.411533	0.363295	0.299861	0.222615	0.136342	0.05786	0.00233076	-0.0394971	-0.0682976	-0.0965077	-0.120442	-0.142951	-0.163597	-0.173827	-0.172332	-0.171723	-0.168707	-0.176585	-0.177594	-0.174353	
0.263752	0.369581	0.455855	0.501412	0.504842	0.460149	0.378025	0.279997	0.182397	0.0886021	0.0111723	-0.0419104	-0.0760021	-0.0919512	-0.110525	-0.130375	-0.152573	-0.175434	-0.1835	-0.175584	-0.174757	-0.176664	-0.185251	-0.188701	-0.188115	
0.396557	0.495151	0.562734	0.583341	0.557916	0.478878	0.369843	0.245382	0.129225	0.0374451	-0.0237996	-0.0667097	-0.0874637	-0.0956138	-0.10641	-0.127539	-0.157663	-0.184111	-0.19369	-0.192287	-0.185294	-0.178606	-0.179728	-0.183311	-0.188255	
0.477183	0.571435	0.618581	0.626718	0.575495	0.476334	0.348149	0.20977	0.087825	0.00493097	-0.0466709	-0.0790497	-0.0912072	-0.0954537	-0.102057	-0.126338	-0.16254	-0.197013	-0.208048	-0.201555	-0.187305	-0.182701	-0.178468	-0.176562	-0.184626	
0.492097	0.585014	0.627507	0.633935	0.577685	0.475057	0.342921	0.201321	0.079632	0.000479915	-0.0516521	-0.0818309	-0.0933599	-0.0951563	-0.101312	-0.126287	-0.166158	-0.201678	-0.210892	-0.201817	-0.188795	-0.185128	-0.179225	-0.175564	-0.183974	
0.435918	0.532651	0.591053	0.605681	0.568177	0.479629	0.361578	0.229849	0.109744	0.0214381	-0.0345241	-0.0721794	-0.0894956	-0.0949331	-0.10384	-0.126627	-0.158391	-0.188772	-0.200236	-0.196955	-0.186575	-0.179268	-0.177431	-0.179535	-0.186492	
0.322186	0.424455	0.503737	0.537701	0.530774	0.470565	0.377573	0.267893	0.162065	0.0674558	-0.00417289	-0.0545533	-0.0828829	-0.0952011	-0.110924	-0.130371	-0.155601	-0.178688	-0.186198	-0.181441	-0.179694	-0.177895	-0.184913	-0.189128	-0.18958	
0.166828	0.279999	0.37792	0.438952	0.458829	0.434822	0.372134	0.293779	0.207999	0.117832	0.0379434	-0.0175809	-0.0567353	-0.0802857	-0.10345	-0.125938	-0.147802	-0.169924	-0.178252	-0.172395	-0.171809	-0.172335	-0.180484	-0.182272	-0.180453	
0.00240874	0.122941	0.236785	0.315861	0.360046	0.366168	0.340362	0.299942	0.241049	0.164452	0.0911071	0.0337682	-0.00850948	-0.0440443	-0.0781776	-0.10853	-0.130971	-0.152324	-0.164895	-0.169489	-0.168657	-0.165781	-0.172725	-0.173333	-0.166799	
-0.147774	-0.0330865	0.07953	0.168703	0.232432	0.266133	0.280621	0.284488	0.265239	0.212257	0.150024	0.0902192	0.04732	0.00572673	-0.0383014	-0.0753245	-0.0993531	-0.126024	-0.143675	-0.152305	-0.159532	-0.170144	-0.180324	-0.178527	-0.16686	
-0.281074	-0.186318	-0.0887222	0.00538564	0.082125	0.143833	0.20492	0.251079	0.27036	0.252064	0.206294	0.15319	0.105481	0.0570782	0.0116885	-0.0265995	-0.0618592	-0.0944695	-0.119838	-0.138409	-0.156392	-0.179644	-0.193004	-0.18795	-0.178072	
-0.3973	-0.337342	-0.262903	-0.174312	-0.0891106	0.00147469	0.104069	0.198241	0.256962	0.275024	0.250314	0.205213	0.155759	0.105877	0.0584251	0.0153595	-0.022334	-0.0585856	-0.0935246	-0.12559	-0.150544	-0.184021	-0.202505	-0.197364	-0.185788	
-0.488515	-0.46338	-0.412301	-0.338998	-0.250204	-0.142098	-0.0130118	0.117243	0.219697	0.273054	0.275584	0.240707	0.195838	0.15313	0.10553	0.0593167	0.0183965	-0.0227065	-0.0557064	-0.087577	-0.12574	-0.167898	-0.192156	-0.192122	-0.180296	
-0.550966	-0.547249	-0.516513	-0.461561	-0.378571	-0.264962	-0.125201	0.0224903	0.150472	0.234777	0.268177	0.251355	0.213518	0.183273	0.149467	0.112791	0.0692508	0.0271264	-0.00344635	-0.0353269	-0.084462	-0.127011	-0.158586	-0.165114	-0.164014	
-0.586583	-0.599923	-0.585727	-0.550748	-0.479581	-0.375314	-0.238268	-0.0861901	0.0552587	0.162098	0.216061	0.221655	0.206898	0.191113	0.172618	0.150561	0.114657	0.0826042	0.0570436	0.0185315	-0.0347693	-0.0820722	-0.126852	-0.143183	-0.150113	
-0.613483	-0.647588	-0.650616	-0.632281	-0.574111	-0.479541	-0.354955	-0.206699	-0.055462	0.0654848	0.136962	0.168345	0.179777	0.187732	0.187768	0.175042	0.153898	0.126463	0.101359	0.0647803	0.00914263	-0.048356	-0.0928838	-0.120397	-0.138169	
-0.635996	-0.693289	-0.717988	-0.710521	-0.66446	-0.577939	-0.45816	-0.321162	-0.168374	-0.0381681	0.0577286	0.114766	0.147936	0.176521	0.198706	0.194606	0.179264	0.15356	0.127891	0.0927219	0.0373486	-0.018725	-0.0584746	-0.0932802	-0.124245	
-0.646224	-0.732649	-0.779007	-0.782839	-0.745361	-0.66541	-0.551414	-0.411453	-0.261924	-0.130571	-0.0177732	0.0633128	0.121189	0.163946	0.192141	0.202527	0.199682	0.180598	0.154463	0.118706	0.0715381	0.0201629	-0.0239889	-0.0587841	-0.096662	
-0.639523	-0.752601	-0.822168	-0.839317	-0.806628	-0.733278	-0.626965	-0.488571	-0.346556	-0.217074	-0.0996031	-0.00366359	0.0742395	0.129325	0.165751	0.195182	0.205426	0.19626	0.177724	0.150357	0.114191	0.0642251	0.0161493	-0.0234291	-0.0687217	
-0.615826	-0.754535	-0.851091	-0.890031	-0.866889	-0.799866	-0.6978	-0.570599	-0.443959	-0.319111	-0.201667	-0.0987873	-0.0142295	0.0576405	0.116959	0.165463	0.192356	0.201669	0.191249	0.173924	0.149622	0.107035	0.0579166	0.0139802	-0.0354782	
-0.571168	-0.731846	-0.855359	-0.917973	-0.917017	-0.870205	-0.782219	-0.672558	-0.562935	-0.450059	-0.329785	-0.213533	-0.112468	-0.0264136	0.0521505	0.122976	0.168203	0.184303	0.18869	0.187022	0.177798	0.150947	0.106137	0.0579464	0.00777011	
-0.495003	-0.677269	-0.821033	-0.912469	-0.943119	-0.924453	-0.869606	-0.787555	-0.689779	-0.585828	-0.4655	-0.338012	-0.222538	-0.115377	-0.0206947	0.0698173	0.12942	0.152521	0.173216	0.195485	0.202967	0.191026	0.154775	0.107055	0.0538221	
-0.401698	-0.592545	-0.750716	-0.869281	-0.934879	-0.950327	-0.930904	-0.885328	-0.805967	-0.703983	-0.587276	-0.467049	-0.34274	-0.216618	-0.104588	-0.00392298	0.0672108	0.112836	0.155096	0.201889	0.23252	0.232094	0.200943	0.156062	0.0952774	
-0.306935	-0.501973	-0.666143	-0.802444	-0.89789	-0.948747	-0.961136	-0.942927	-0.887047	-0.800469	-0.694319	-0.584899	-0.465568	-0.334542	-0.206221	-0.0952582	-0.00952566	0.0596447	0.125118	0.196495	0.253826	0.270753	0.248039	0.207443	0.149012	
