-0.152009	-0.245419	-0.337643	-0.415384	-0.457657	-0.464765	-0.436666	-0.372293	-0.282071	-0.189493	-0.0959535	-0.00646509	0.0800956	0.153617	0.203834	0.212169	0.170942	0.0999223	-0.00889759	-0.157525	-0.318239	-0.466803	-0.584085	-0.657857	-0.684066	
-0.186762	-0.311247	-0.432155	-0.536271	-0.597071	-0.608266	-0.566469	-0.477677	-0.360081	-0.237027	-0.110933	0.00229362	0.0929534	0.156584	0.187708	0.175041	0.122204	0.0402867	-0.0750395	-0.213727	-0.355133	-0.482623	-0.575554	-0.627624	-0.635216	
-0.173722	-0.324884	-0.468418	-0.58728	-0.662337	-0.677338	-0.622797	-0.520852	-0.383915	-0.234764	-0.0840294	0.0459791	0.137303	0.187065	0.196479	0.168145	0.10222	0.00661033	-0.115721	-0.247269	-0.369227	-0.472397	-0.544377	-0.577736	-0.565591	
-0.150845	-0.315506	-0.465508	-0.582722	-0.654403	-0.66905	-0.616473	-0.517849	-0.378379	-0.218047	-0.0503698	0.0939554	0.185579	0.226338	0.218961	0.177113	0.0996236	-0.00629256	-0.129972	-0.246951	-0.354323	-0.441217	-0.498091	-0.517442	-0.486905	
-0.115453	-0.278055	-0.420585	-0.521946	-0.582641	-0.593875	-0.550796	-0.466418	-0.338836	-0.18139	-0.0178123	0.123696	0.210669	0.23837	0.221758	0.173974	0.0923353	-0.0156517	-0.125884	-0.220242	-0.30877	-0.378954	-0.423403	-0.427893	-0.38401	
-0.0718189	-0.215431	-0.338247	-0.417029	-0.458083	-0.466162	-0.435826	-0.375973	-0.268118	-0.129597	0.0142053	0.13989	0.212835	0.229198	0.205681	0.154623	0.0760921	-0.0196928	-0.102409	-0.16646	-0.22457	-0.275679	-0.304348	-0.299696	-0.249298	
-0.0242113	-0.139421	-0.232326	-0.285285	-0.308633	-0.313126	-0.296466	-0.258512	-0.180841	-0.0704876	0.0421445	0.135457	0.192308	0.199548	0.174184	0.127536	0.0606527	-0.0111531	-0.0577863	-0.0846908	-0.110415	-0.127731	-0.136643	-0.124659	-0.0774263	
0.0227938	-0.0562111	-0.114583	-0.141378	-0.151486	-0.152477	-0.147202	-0.1285	-0.0836717	-0.00915613	0.066955	0.124944	0.161215	0.162666	0.139145	0.102014	0.0570539	0.0184838	0.00756036	0.0157204	0.0272253	0.0410353	0.0559555	0.0788159	0.109252	
0.0831536	0.0410707	0.0173562	0.0148989	0.0189246	0.0194534	0.0163776	0.0143451	0.0286746	0.0661057	0.104868	0.127334	0.139607	0.131897	0.110048	0.0866412	0.0679057	0.0624677	0.0831793	0.118058	0.165307	0.207835	0.242583	0.267546	0.277647	
0.160211	0.153722	0.160744	0.180407	0.201889	0.206827	0.189355	0.168087	0.154086	0.157452	0.161661	0.150612	0.131209	0.108201	0.0884217	0.0789181	0.0823438	0.105668	0.151045	0.210178	0.28386	0.351593	0.395544	0.414188	0.40309	
0.245944	0.272287	0.305274	0.346252	0.382999	0.391449	0.362433	0.321554	0.283769	0.256394	0.228616	0.188947	0.136654	0.0932591	0.0758654	0.0818226	0.104939	0.150932	0.218902	0.300347	0.389757	0.465645	0.508923	0.514497	0.48344	
0.327107	0.385909	0.448177	0.513691	0.563187	0.574135	0.536407	0.474521	0.409973	0.350684	0.290831	0.224885	0.147985	0.0847216	0.0669574	0.0876801	0.132892	0.202635	0.295441	0.396392	0.494806	0.566868	0.595939	0.58165	0.532486	
0.407809	0.499663	0.592324	0.681223	0.745392	0.757511	0.711454	0.62915	0.536303	0.44481	0.352713	0.255827	0.153816	0.0811237	0.0630694	0.0936931	0.16507	0.26258	0.376701	0.494604	0.596029	0.656359	0.662546	0.621658	0.550469	
0.494666	0.612628	0.729936	0.842734	0.914942	0.928023	0.878102	0.777492	0.659002	0.542719	0.41782	0.283247	0.161117	0.0837189	0.0722922	0.115883	0.205388	0.320988	0.449116	0.574041	0.667511	0.710314	0.68857	0.618999	0.526529	
0.572705	0.716081	0.85304	0.97822	1.05352	1.06674	1.01562	0.906864	0.771312	0.631459	0.47922	0.320121	0.185851	0.11	0.106802	0.16184	0.257301	0.37274	0.494909	0.608869	0.686573	0.704607	0.657772	0.569949	0.46568	
0.633907	0.796854	0.946573	1.07009	1.14615	1.15937	1.10713	1.0002	0.858529	0.700806	0.532423	0.367333	0.235372	0.164076	0.162545	0.220053	0.314467	0.412081	0.507944	0.593816	0.641859	0.635105	0.574089	0.478821	0.374847	
0.678815	0.848264	0.998292	1.11974	1.19835	1.21227	1.15778	1.05054	0.91119	0.748607	0.575045	0.414703	0.293558	0.230993	0.234847	0.292959	0.37305	0.44266	0.498962	0.536677	0.547625	0.522358	0.457398	0.371373	0.283783	
0.696202	0.85789	1.0037	1.12611	1.20859	1.22463	1.16518	1.05593	0.918511	0.762392	0.599299	0.454421	0.347727	0.303319	0.320837	0.373666	0.428779	0.46017	0.468011	0.458907	0.435288	0.393367	0.333999	0.265578	0.199465	
0.688957	0.836498	0.974489	1.08671	1.16439	1.17772	1.12329	1.02319	0.894016	0.746996	0.605684	0.481308	0.387534	0.360346	0.387184	0.42845	0.462191	0.45652	0.420739	0.373838	0.323534	0.270289	0.220472	0.173758	0.133973	
0.653943	0.782216	0.905116	1.00555	1.06858	1.07815	1.03653	0.948232	0.833277	0.703781	0.584157	0.484913	0.410668	0.389286	0.411729	0.438128	0.4505	0.421143	0.354637	0.281709	0.219449	0.164686	0.127758	0.107947	0.0948872	
0.589763	0.692981	0.788987	0.868833	0.923634	0.933158	0.895209	0.822667	0.733425	0.629468	0.537783	0.467848	0.41371	0.399678	0.414135	0.421977	0.415695	0.370055	0.286767	0.206201	0.143093	0.0959997	0.0734156	0.0701814	0.0745855	
0.500786	0.565572	0.6232	0.674598	0.717587	0.725658	0.694314	0.643873	0.590413	0.525853	0.469325	0.4297	0.399209	0.393655	0.40425	0.400415	0.383535	0.334268	0.256141	0.182301	0.120366	0.0794914	0.0667407	0.0691598	0.0783016	
0.378473	0.394838	0.407516	0.423087	0.438321	0.439771	0.430865	0.412434	0.401149	0.384445	0.373595	0.373289	0.373802	0.384888	0.400448	0.399674	0.381471	0.342286	0.284857	0.222141	0.165272	0.129091	0.119898	0.11873	0.117594	
0.231209	0.183169	0.142139	0.109824	0.086232	0.0813078	0.0990482	0.127842	0.165906	0.210963	0.26358	0.315176	0.357328	0.399364	0.435704	0.450097	0.445643	0.420942	0.379485	0.329825	0.278226	0.241106	0.220909	0.203416	0.179975	
0.06546	-0.0565873	-0.164874	-0.249577	-0.305478	-0.315673	-0.276307	-0.201271	-0.103013	0.0164907	0.137842	0.246512	0.338889	0.42228	0.488645	0.530214	0.55186	0.546823	0.521621	0.483717	0.434859	0.384901	0.334689	0.285483	0.235241	
-0.116334	-0.310301	-0.486518	-0.619086	-0.696503	-0.711106	-0.656595	-0.546309	-0.384511	-0.193597	-0.00524917	0.166722	0.322454	0.45523	0.557466	0.631017	0.678883	0.695599	0.689946	0.653895	0.599539	0.527469	0.442444	0.358256	0.279568	
-0.310301	-0.565939	-0.792195	-0.960441	-1.05626	-1.07143	-1.00848	-0.867312	-0.662343	-0.413165	-0.157279	0.0895784	0.314781	0.502622	0.646901	0.750611	0.819152	0.852757	0.856551	0.821893	0.751935	0.656483	0.544405	0.43143	0.318132	
-0.486518	-0.792195	-1.05066	-1.24407	-1.357	-1.37501	-1.29991	-1.13625	-0.903169	-0.612096	-0.29315	0.0225425	0.307279	0.543032	0.728871	0.864387	0.95233	0.995926	1.00563	0.973009	0.894211	0.782296	0.648243	0.506175	0.362544	
-0.619086	-0.960441	-1.24407	-1.45247	-1.57316	-1.59412	-1.51144	-1.33735	-1.08229	-0.761036	-0.398171	-0.0301961	0.304683	0.581489	0.79851	0.957436	1.05968	1.11535	1.1284	1.09433	1.02053	0.901556	0.747461	0.580915	0.412391	
-0.696503	-1.05626	-1.357	-1.57316	-1.69365	-1.71226	-1.63393	-1.45426	-1.1854	-0.845799	-0.463984	-0.0682635	0.305175	0.61501	0.849286	1.01668	1.13121	1.19806	1.20794	1.17185	1.09551	0.975898	0.815467	0.636373	0.454409	
-0.711106	-1.07143	-1.37501	-1.59412	-1.71226	-1.73035	-1.65445	-1.47324	-1.20159	-0.860737	-0.476255	-0.07543	0.303327	0.621175	0.858517	1.0258	1.14337	1.21341	1.22274	1.18518	1.10879	0.9892	0.827668	0.648199	0.463962	
-0.656595	-1.00848	-1.29991	-1.51144	-1.63393	-1.65445	-1.57139	-1.39508	-1.13395	-0.802496	-0.429729	-0.0481201	0.305898	0.596943	0.822357	0.986849	1.0938	1.1542	1.16676	1.13195	1.05763	0.938251	0.779894	0.606392	0.431396	
-0.546309	-0.867312	-1.13625	-1.33735	-1.45426	-1.47324	-1.39508	-1.22528	-0.982605	-0.679152	-0.339503	0.000336404	0.304603	0.558106	0.757976	0.904339	0.998771	1.04736	1.05803	1.02557	0.948984	0.832761	0.689605	0.536763	0.382275	
-0.384511	-0.662343	-0.903169	-1.08229	-1.1854	-1.20159	-1.13395	-0.982605	-0.76552	-0.497008	-0.214951	0.0608605	0.312567	0.520205	0.681493	0.798314	0.874607	0.912281	0.919132	0.885085	0.809413	0.706666	0.585302	0.460504	0.334687	
-0.193597	-0.413165	-0.612096	-0.761036	-0.845799	-0.860737	-0.802496	-0.679152	-0.497008	-0.281196	-0.0660456	0.135239	0.318581	0.473564	0.592082	0.677455	0.733679	0.758988	0.758683	0.722643	0.66201	0.580142	0.48345	0.387523	0.294893	
-0.00524917	-0.157279	-0.29315	-0.398171	-0.463984	-0.476255	-0.429729	-0.339503	-0.214951	-0.0660456	0.0825745	0.215257	0.331351	0.433509	0.513816	0.567665	0.60074	0.604205	0.587338	0.550959	0.501507	0.443009	0.378953	0.314987	0.254228	
0.166722	0.0895784	0.0225425	-0.0301961	-0.0682635	-0.07543	-0.0481201	0.000336404	0.0608605	0.135239	0.215257	0.289233	0.35069	0.40817	0.455809	0.480357	0.485324	0.467543	0.431284	0.387386	0.337153	0.297101	0.266531	0.237768	0.20382	
0.322454	0.314781	0.307279	0.304683	0.305175	0.303327	0.305898	0.304603	0.312567	0.318581	0.331351	0.35069	0.366753	0.388436	0.410657	0.413709	0.399307	0.365711	0.316175	0.258033	0.203683	0.167545	0.156264	0.150584	0.141654	
0.45523	0.502622	0.543032	0.581489	0.61501	0.621175	0.596943	0.558106	0.520205	0.473564	0.433509	0.40817	0.388436	0.38846	0.39949	0.394749	0.375651	0.329839	0.259238	0.190112	0.129058	0.0903475	0.08094	0.0829823	0.0894423	
0.557466	0.646901	0.728871	0.79851	0.849286	0.858517	0.822357	0.757976	0.681493	0.592082	0.513816	0.455809	0.410657	0.39949	0.411776	0.413921	0.401768	0.352423	0.268401	0.189761	0.126746	0.0828168	0.064444	0.0641269	0.072477	
0.631017	0.750611	0.864387	0.957436	1.01668	1.0258	0.986849	0.904339	0.798314	0.677455	0.567665	0.480357	0.413709	0.394749	0.413921	0.433265	0.437358	0.400695	0.32553	0.247143	0.184231	0.131557	0.100062	0.0893931	0.0843292	
0.678883	0.819152	0.95233	1.05968	1.13121	1.14337	1.0938	0.998771	0.874607	0.733679	0.60074	0.485324	0.399307	0.375651	0.401768	0.437358	0.462601	0.446109	0.396449	0.338017	0.280084	0.224712	0.180643	0.144709	0.11581	
0.695599	0.852757	0.995926	1.11535	1.19806	1.21341	1.1542	1.04736	0.912281	0.758988	0.604205	0.467543	0.365711	0.329839	0.352423	0.400695	0.446109	0.461871	0.451721	0.425187	0.389905	0.343046	0.286462	0.22629	0.170235	
0.689946	0.856551	1.00563	1.1284	1.20794	1.22274	1.16676	1.05803	0.919132	0.758683	0.587338	0.431284	0.316175	0.259238	0.268401	0.32553	0.396449	0.451721	0.488683	0.506969	0.503262	0.471238	0.407492	0.327939	0.248636	
0.653895	0.821893	0.973009	1.09433	1.17185	1.18518	1.13195	1.02557	0.885085	0.722643	0.550959	0.387386	0.258033	0.190112	0.189761	0.247143	0.338017	0.425187	0.506969	0.574708	0.608975	0.593916	0.530094	0.436644	0.33762	
0.599539	0.751935	0.894211	1.02053	1.09551	1.10879	1.05763	0.948984	0.809413	0.66201	0.501507	0.337153	0.203683	0.129058	0.126746	0.184231	0.280084	0.389905	0.503262	0.608975	0.675282	0.683157	0.629832	0.53725	0.43155	
0.527469	0.656483	0.782296	0.901556	0.975898	0.9892	0.938251	0.832761	0.706666	0.580142	0.443009	0.297101	0.167545	0.0903475	0.0828168	0.131557	0.224712	0.343046	0.471238	0.593916	0.683157	0.716789	0.683577	0.605324	0.506346	
0.442444	0.544405	0.648243	0.747461	0.815467	0.827668	0.779894	0.689605	0.585302	0.48345	0.378953	0.266531	0.156264	0.08094	0.064444	0.100062	0.180643	0.286462	0.407492	0.530094	0.629832	0.683577	0.679018	0.625502	0.545834	
0.358256	0.43143	0.506175	0.580915	0.636373	0.648199	0.606392	0.536763	0.460504	0.387523	0.314987	0.237768	0.150584	0.0829823	0.0641269	0.0893931	0.144709	0.22629	0.327939	0.436644	0.53725	0.605324	0.625502	0.602185	0.544403	
0.279568	0.318132	0.362544	0.412391	0.454409	0.463962	0.431396	0.382275	0.334687	0.294893	0.254228	0.20382	0.141654	0.0894423	0.072477	0.0843292	0.11581	0.170235	0.248636	0.33762	0.43155	0.506346	0.545834	0.544403	0.506143	
