-0.187459	-0.131004	-0.085633	-0.0631983	-0.0596358	-0.0591326	-0.0603621	-0.0737501	-0.11083	-0.164583	-0.218677	-0.259112	-0.286645	-0.295313	-0.265002	-0.206358	-0.146379	-0.0904475	-0.0446528	-0.00813489	0.0240458	0.0538179	0.0782208	0.107975	0.148879	
-0.189443	-0.118108	-0.0554361	-0.0192702	-0.00452484	-0.00253599	-0.0111366	-0.0379932	-0.0904045	-0.162394	-0.222622	-0.264624	-0.283787	-0.279773	-0.232898	-0.150225	-0.0679162	-0.002755	0.0393643	0.0601484	0.0601453	0.04801	0.020652	-0.000751738	-0.0127889	
-0.187555	-0.101199	-0.0165947	0.0372927	0.0625092	0.0664186	0.0505167	0.0091326	-0.0647804	-0.155594	-0.226504	-0.270563	-0.283241	-0.260706	-0.1953	-0.0917205	0.0152064	0.0983737	0.146335	0.155195	0.126344	0.0619466	-0.0212093	-0.0971492	-0.167612	
-0.174565	-0.082828	0.0171176	0.0948692	0.133213	0.139056	0.114658	0.0532321	-0.0425021	-0.141079	-0.216284	-0.261891	-0.271091	-0.235594	-0.151119	-0.0262298	0.107678	0.214487	0.272215	0.270844	0.212637	0.0973517	-0.040927	-0.173925	-0.302052	
-0.159676	-0.0651246	0.0544895	0.157237	0.218472	0.229115	0.186984	0.0997993	-0.0183863	-0.126305	-0.200524	-0.242627	-0.249345	-0.196249	-0.0903871	0.0568109	0.211932	0.334846	0.392657	0.381019	0.297032	0.149766	-0.0294501	-0.216603	-0.401701	
-0.130593	-0.0239978	0.111388	0.236036	0.313389	0.327109	0.273633	0.164917	0.0285096	-0.0923563	-0.176567	-0.220475	-0.218991	-0.156013	-0.032936	0.131587	0.298492	0.430217	0.494148	0.474191	0.375357	0.212297	0.00914028	-0.219169	-0.452287	
-0.0967809	0.031357	0.178084	0.307417	0.389373	0.40404	0.347068	0.233571	0.0896227	-0.0494696	-0.153622	-0.20635	-0.200205	-0.13056	0.00122791	0.17285	0.348325	0.493162	0.569596	0.559844	0.462316	0.297844	0.0918207	-0.15509	-0.421208	
-0.0793366	0.0664121	0.22201	0.355051	0.436992	0.452343	0.395032	0.279745	0.129264	-0.0240267	-0.148801	-0.213551	-0.203867	-0.128505	0.00825111	0.182691	0.364003	0.52011	0.618971	0.63363	0.558899	0.417079	0.223873	-0.0214555	-0.300943	
-0.073799	0.0808115	0.237894	0.367589	0.447966	0.461516	0.407132	0.294159	0.145603	-0.0151872	-0.150312	-0.233614	-0.235895	-0.161509	-0.021474	0.157665	0.349337	0.524411	0.651248	0.702484	0.667573	0.558701	0.384777	0.148181	-0.130218	
-0.0920755	0.0644283	0.218561	0.345787	0.418307	0.429496	0.381897	0.274759	0.127851	-0.0317133	-0.173785	-0.268536	-0.282547	-0.212486	-0.0680902	0.118674	0.324364	0.525906	0.689373	0.781733	0.793193	0.719798	0.564009	0.338944	0.0709855	
-0.133142	0.0284363	0.185761	0.307068	0.371576	0.381982	0.339697	0.240088	0.0941936	-0.0700813	-0.218882	-0.316076	-0.333781	-0.26067	-0.111475	0.0855459	0.310822	0.539905	0.739306	0.867651	0.911725	0.873331	0.745554	0.540888	0.300491	
-0.174391	-0.00779537	0.15191	0.270209	0.335279	0.345573	0.303278	0.205351	0.0588483	-0.109246	-0.262181	-0.357966	-0.372807	-0.295584	-0.143399	0.0660387	0.309591	0.564574	0.793127	0.950574	1.01781	1.00376	0.908639	0.740771	0.533702	
-0.196151	-0.0333722	0.125081	0.252063	0.324805	0.336988	0.28917	0.180444	0.0321131	-0.1322	-0.282953	-0.377743	-0.390559	-0.314344	-0.158924	0.0635789	0.321191	0.589518	0.834224	1.01697	1.10522	1.1104	1.04308	0.913359	0.744468	
-0.19749	-0.0454029	0.119384	0.261452	0.347965	0.36317	0.304031	0.180993	0.0201574	-0.138231	-0.280074	-0.370368	-0.385291	-0.311217	-0.157023	0.0686532	0.330903	0.597646	0.84232	1.03919	1.15194	1.17506	1.12672	1.02597	0.893041	
-0.181529	-0.036784	0.134589	0.287453	0.380609	0.39619	0.333582	0.200592	0.0311195	-0.127718	-0.25372	-0.340415	-0.357372	-0.292381	-0.148617	0.0668171	0.319533	0.578726	0.814669	1.01057	1.13418	1.17615	1.14416	1.06226	0.954613	
-0.152838	-0.0167939	0.154002	0.307414	0.39865	0.413598	0.353012	0.220472	0.049449	-0.102996	-0.218974	-0.295704	-0.314099	-0.263976	-0.139726	0.0519533	0.275997	0.514865	0.736815	0.919704	1.04109	1.0931	1.08343	1.02199	0.932808	
-0.118865	0.0136538	0.173995	0.315749	0.404001	0.420167	0.359017	0.234974	0.0763681	-0.0702363	-0.182556	-0.256337	-0.279061	-0.245311	-0.142912	0.0198285	0.20873	0.409639	0.604444	0.76512	0.873092	0.922203	0.926761	0.890196	0.827427	
-0.0990851	0.0390362	0.193405	0.327297	0.417464	0.434338	0.369964	0.250955	0.100718	-0.0474492	-0.166072	-0.245403	-0.270879	-0.245166	-0.162945	-0.0294408	0.123448	0.280323	0.432849	0.565122	0.655196	0.694926	0.698167	0.675892	0.63973	
-0.105563	0.0465754	0.208717	0.347782	0.437712	0.453599	0.39114	0.268321	0.112335	-0.0473596	-0.183612	-0.269117	-0.296978	-0.27199	-0.200858	-0.0947415	0.0210471	0.140745	0.249751	0.340932	0.408697	0.437091	0.434414	0.418118	0.406153	
-0.14577	0.0265218	0.207175	0.356279	0.445405	0.461072	0.399937	0.272645	0.100124	-0.0807281	-0.229995	-0.321167	-0.349271	-0.319321	-0.250331	-0.168016	-0.0829589	0.000269936	0.0705489	0.122408	0.156602	0.170965	0.167069	0.160235	0.166227	
-0.197774	-0.00992526	0.186348	0.344309	0.437138	0.452869	0.390214	0.256576	0.0703322	-0.12741	-0.285848	-0.378111	-0.404373	-0.372037	-0.308773	-0.242648	-0.182651	-0.130764	-0.0932838	-0.0722316	-0.0686037	-0.0718844	-0.0766845	-0.0715011	-0.0502904	
-0.227609	-0.0357376	0.15835	0.319041	0.414187	0.429975	0.366778	0.227967	0.0445036	-0.154256	-0.322068	-0.418536	-0.446085	-0.423281	-0.371757	-0.315525	-0.266616	-0.228372	-0.213503	-0.216787	-0.235738	-0.25379	-0.262433	-0.252529	-0.223345	
-0.228948	-0.0424406	0.143511	0.300096	0.399255	0.41701	0.34792	0.211542	0.033673	-0.156437	-0.323649	-0.42973	-0.467579	-0.454978	-0.416517	-0.366116	-0.310903	-0.273958	-0.266822	-0.288164	-0.326033	-0.358641	-0.372273	-0.362293	-0.331856	
-0.195287	-0.0191576	0.161436	0.317776	0.417259	0.435112	0.366432	0.228332	0.0544704	-0.127446	-0.284638	-0.397131	-0.447333	-0.446996	-0.414571	-0.363151	-0.305679	-0.267623	-0.264282	-0.292491	-0.33962	-0.376695	-0.393304	-0.385023	-0.352376	
-0.118143	0.0433039	0.220062	0.375948	0.471439	0.487689	0.423329	0.28753	0.113199	-0.0559394	-0.202591	-0.307375	-0.364604	-0.376587	-0.35056	-0.297613	-0.242442	-0.208281	-0.207833	-0.239653	-0.279494	-0.314721	-0.330605	-0.321004	-0.284842	
-0.00340951	0.152212	0.326536	0.478723	0.574423	0.59173	0.525015	0.39216	0.221769	0.0547461	-0.0770411	-0.169644	-0.21993	-0.23199	-0.212721	-0.167542	-0.117862	-0.0979181	-0.108151	-0.139291	-0.171446	-0.193309	-0.198489	-0.185676	-0.151688	
0.152212	0.304655	0.476081	0.631437	0.731733	0.749682	0.679435	0.542795	0.372215	0.209251	0.0811518	-4.27521e-05	-0.0370852	-0.0414267	-0.0221071	0.0119234	0.0422078	0.04449	0.025597	-0.00527446	-0.0302365	-0.0441708	-0.0407035	-0.0194647	0.0133131	
0.326536	0.476081	0.642026	0.793471	0.893603	0.911384	0.842257	0.706144	0.542402	0.382645	0.256292	0.180407	0.14576	0.149376	0.175544	0.200457	0.210857	0.20104	0.181516	0.161619	0.143049	0.123379	0.120048	0.139554	0.17267	
0.478723	0.631437	0.793471	0.937546	1.03013	1.04679	0.982036	0.855721	0.696372	0.535242	0.411262	0.336084	0.302388	0.308136	0.335691	0.352484	0.354483	0.334993	0.319109	0.311646	0.296876	0.271709	0.252191	0.26027	0.291071	
0.574423	0.731733	0.893603	1.03013	1.11273	1.12634	1.07077	0.953007	0.798201	0.632842	0.505376	0.434378	0.402054	0.405269	0.430171	0.442958	0.443196	0.426135	0.407757	0.401419	0.390026	0.361471	0.330526	0.326949	0.354747	
0.59173	0.749682	0.911384	1.04679	1.12634	1.13894	1.08656	0.970271	0.81634	0.650728	0.521617	0.451582	0.419844	0.421686	0.445792	0.458724	0.458588	0.442922	0.424318	0.41682	0.405187	0.377113	0.344135	0.337959	0.365159	
0.525015	0.679435	0.842257	0.982036	1.07077	1.08656	1.02488	0.903347	0.745146	0.582222	0.457811	0.384468	0.350299	0.356164	0.382685	0.39693	0.397664	0.377988	0.362035	0.356471	0.343244	0.315976	0.291652	0.294298	0.323081	
0.39216	0.542795	0.706144	0.855721	0.953007	0.970271	0.903347	0.769563	0.608359	0.448401	0.323335	0.247002	0.213775	0.217806	0.246223	0.268053	0.272771	0.258685	0.240565	0.226552	0.209474	0.187556	0.177651	0.193495	0.22583	
0.221769	0.372215	0.542402	0.696372	0.798201	0.81634	0.745146	0.608359	0.439494	0.27844	0.150209	0.0729158	0.0376356	0.0376204	0.0587872	0.0890634	0.110719	0.107435	0.0871029	0.0593803	0.0381381	0.0222926	0.024647	0.0468091	0.0801421	
0.0547461	0.209251	0.382645	0.535242	0.632842	0.650728	0.582222	0.448401	0.27844	0.112016	-0.0167304	-0.104676	-0.14922	-0.15874	-0.14112	-0.100095	-0.0566321	-0.0442048	-0.0589084	-0.0900429	-0.119502	-0.136309	-0.136581	-0.120673	-0.0876537	
-0.0770411	0.0811518	0.256292	0.411262	0.505376	0.521617	0.457811	0.323335	0.150209	-0.0167304	-0.157091	-0.25725	-0.312939	-0.327346	-0.303772	-0.252722	-0.199314	-0.168995	-0.17195	-0.204282	-0.240499	-0.271578	-0.284435	-0.273264	-0.238223	
-0.169644	-4.27521e-05	0.180407	0.336084	0.434378	0.451582	0.384468	0.247002	0.0729158	-0.104676	-0.25725	-0.367776	-0.423213	-0.426918	-0.397177	-0.34468	-0.287836	-0.250369	-0.247973	-0.277853	-0.323572	-0.361042	-0.377376	-0.369197	-0.334865	
-0.21993	-0.0370852	0.14576	0.302388	0.402054	0.419844	0.350299	0.213775	0.0376356	-0.14922	-0.312939	-0.423213	-0.465755	-0.45803	-0.423125	-0.372621	-0.315557	-0.277651	-0.271852	-0.29733	-0.341119	-0.376326	-0.39205	-0.38219	-0.351447	
-0.23199	-0.0414267	0.149376	0.308136	0.405269	0.421686	0.356164	0.217806	0.0376204	-0.15874	-0.327346	-0.426918	-0.45803	-0.439263	-0.393294	-0.340023	-0.289657	-0.252229	-0.243099	-0.254447	-0.280737	-0.305758	-0.315862	-0.305384	-0.27616	
-0.212721	-0.0221071	0.175544	0.335691	0.430171	0.445792	0.382685	0.246223	0.0587872	-0.14112	-0.303772	-0.397177	-0.423125	-0.393294	-0.33483	-0.272581	-0.219572	-0.175797	-0.148968	-0.138512	-0.144894	-0.153904	-0.160252	-0.151903	-0.126031	
-0.167542	0.0119234	0.200457	0.352484	0.442958	0.458724	0.39693	0.268053	0.0890634	-0.100095	-0.252722	-0.34468	-0.372621	-0.340023	-0.272581	-0.197807	-0.123732	-0.0534889	0.00237702	0.041251	0.0624488	0.0694949	0.0655789	0.0634898	0.0753622	
-0.117862	0.0422078	0.210857	0.354483	0.443196	0.458588	0.397664	0.272771	0.110719	-0.0566321	-0.199314	-0.287836	-0.315557	-0.289657	-0.219572	-0.123732	-0.0214778	0.0841211	0.177185	0.250937	0.306327	0.329668	0.326406	0.313115	0.308831	
-0.0979181	0.04449	0.20104	0.334993	0.426135	0.442922	0.377988	0.258685	0.107435	-0.0442048	-0.168995	-0.250369	-0.277651	-0.252229	-0.175797	-0.0534889	0.0841211	0.225234	0.359649	0.476638	0.55911	0.594488	0.595181	0.57552	0.549104	
-0.108151	0.025597	0.181516	0.319109	0.407757	0.424318	0.362035	0.240565	0.0871029	-0.0589084	-0.17195	-0.247973	-0.271852	-0.243099	-0.148968	0.00237702	0.177185	0.359649	0.538977	0.689719	0.790387	0.835991	0.841787	0.81258	0.760732	
-0.139291	-0.00527446	0.161619	0.311646	0.401419	0.41682	0.356471	0.226552	0.0593803	-0.0900429	-0.204282	-0.277853	-0.29733	-0.254447	-0.138512	0.041251	0.250937	0.476638	0.689719	0.864554	0.982354	1.03445	1.03171	0.980711	0.901385	
-0.171446	-0.0302365	0.143049	0.296876	0.390026	0.405187	0.343244	0.209474	0.0381381	-0.119502	-0.240499	-0.323572	-0.341119	-0.280737	-0.144894	0.0624488	0.306327	0.55911	0.790387	0.982354	1.10599	1.15327	1.13067	1.05594	0.955664	
-0.193309	-0.0441708	0.123379	0.271709	0.361471	0.377113	0.315976	0.187556	0.0222926	-0.136309	-0.271578	-0.361042	-0.376326	-0.305758	-0.153904	0.0694949	0.329668	0.594488	0.835991	1.03445	1.15327	1.18505	1.14191	1.04999	0.928218	
-0.198489	-0.0407035	0.120048	0.252191	0.330526	0.344135	0.291652	0.177651	0.024647	-0.136581	-0.284435	-0.377376	-0.39205	-0.315862	-0.160252	0.0655789	0.326406	0.595181	0.841787	1.03171	1.13067	1.14191	1.0839	0.96656	0.81362	
-0.185676	-0.0194647	0.139554	0.26027	0.326949	0.337959	0.294298	0.193495	0.0468091	-0.120673	-0.273264	-0.369197	-0.38219	-0.305384	-0.151903	0.0634898	0.313115	0.57552	0.81258	0.980711	1.05594	1.04999	0.96656	0.815013	0.622546	
-0.151688	0.0133131	0.17267	0.291071	0.354747	0.365159	0.323081	0.22583	0.0801421	-0.0876537	-0.238223	-0.334865	-0.351447	-0.27616	-0.126031	0.0753622	0.308831	0.549104	0.760732	0.901385	0.955664	0.928218	0.81362	0.622546	0.39496	
