-0.257198	-0.220119	-0.177815	-0.145206	-0.129896	-0.127354	-0.137211	-0.162325	-0.204165	-0.241851	-0.282641	-0.327505	-0.367398	-0.391395	-0.393296	-0.373579	-0.327569	-0.269692	-0.211764	-0.159726	-0.115093	-0.0983259	-0.120893	-0.171097	-0.230954	
-0.40505	-0.419162	-0.420557	-0.42129	-0.423232	-0.423228	-0.422768	-0.419886	-0.421903	-0.410264	-0.402428	-0.404457	-0.404914	-0.392856	-0.35824	-0.308585	-0.242044	-0.170784	-0.0993309	-0.0299987	0.0192435	0.0366966	0.0120489	-0.0438086	-0.109196	
-0.512881	-0.569507	-0.61544	-0.648454	-0.666828	-0.669941	-0.658266	-0.629577	-0.590474	-0.534818	-0.483156	-0.437033	-0.387494	-0.330216	-0.259614	-0.178809	-0.0906491	-0.00851986	0.0692799	0.138907	0.183827	0.187701	0.150002	0.0831014	0.0011166	
-0.558262	-0.643741	-0.722606	-0.778651	-0.809876	-0.814405	-0.794452	-0.748182	-0.676725	-0.592662	-0.506866	-0.416693	-0.314685	-0.209184	-0.107044	-0.000480014	0.105556	0.197726	0.272289	0.329513	0.356165	0.338801	0.281209	0.194436	0.0937478	
-0.523906	-0.629306	-0.723608	-0.794665	-0.831676	-0.83731	-0.813771	-0.755372	-0.669386	-0.566784	-0.45659	-0.329881	-0.181976	-0.0378227	0.0894464	0.208081	0.320076	0.4121	0.476918	0.512028	0.513167	0.474976	0.398763	0.295491	0.179411	
-0.415065	-0.529483	-0.628684	-0.69913	-0.739065	-0.745394	-0.718784	-0.660548	-0.57136	-0.463205	-0.336104	-0.183929	-0.0117016	0.156021	0.299792	0.42456	0.534395	0.621514	0.677647	0.695581	0.67275	0.611994	0.519487	0.400522	0.269243	
-0.244837	-0.367737	-0.464012	-0.530685	-0.570149	-0.577101	-0.549934	-0.494257	-0.409296	-0.297901	-0.157467	0.00737979	0.183385	0.355019	0.506344	0.635577	0.739874	0.81676	0.866745	0.874837	0.835188	0.753823	0.644273	0.514794	0.372764	
-0.0406479	-0.169595	-0.258938	-0.321965	-0.358701	-0.364846	-0.340663	-0.286255	-0.209925	-0.0959838	0.047846	0.207906	0.371059	0.527211	0.680467	0.81337	0.918017	0.990556	1.03498	1.04371	0.997393	0.901995	0.778782	0.642799	0.496466	
0.161647	0.0406947	-0.0441321	-0.100824	-0.135315	-0.141282	-0.117762	-0.0692662	0.00256795	0.110159	0.242398	0.380973	0.513427	0.648825	0.790814	0.925045	1.03785	1.11528	1.16505	1.18119	1.14639	1.05739	0.93471	0.800348	0.653796	
0.327325	0.224602	0.152054	0.100165	0.0685439	0.0633667	0.0843551	0.129662	0.191172	0.284704	0.390311	0.492291	0.593574	0.703855	0.831555	0.959066	1.07951	1.17567	1.2402	1.27485	1.26694	1.20899	1.1099	0.9884	0.842405	
0.423853	0.348868	0.295205	0.251905	0.222215	0.217068	0.237643	0.277312	0.324067	0.393376	0.466345	0.533541	0.608169	0.702696	0.81548	0.931835	1.05577	1.17161	1.26237	1.32511	1.35321	1.33927	1.28009	1.1796	1.03641	
0.44269	0.400185	0.37099	0.343315	0.316229	0.310604	0.331414	0.360508	0.386772	0.424951	0.468967	0.51142	0.568951	0.653254	0.753019	0.859063	0.980495	1.11117	1.23182	1.33263	1.40366	1.4327	1.41113	1.33465	1.19735	
0.399049	0.388301	0.389908	0.385441	0.367727	0.362604	0.379048	0.389733	0.388275	0.393006	0.41124	0.437191	0.481745	0.553484	0.641323	0.740148	0.860028	1.00063	1.14618	1.28879	1.40642	1.47402	1.48181	1.42758	1.30873	
0.317734	0.333915	0.3649	0.385979	0.386223	0.384205	0.38815	0.375792	0.34598	0.321676	0.318101	0.327283	0.357068	0.412741	0.486276	0.583063	0.706489	0.855396	1.01975	1.19313	1.35138	1.4555	1.48965	1.45811	1.37059	
0.224115	0.258939	0.30311	0.346384	0.365232	0.366901	0.357699	0.321251	0.276614	0.235018	0.214239	0.207003	0.218787	0.25907	0.320788	0.415229	0.542491	0.698191	0.869378	1.05417	1.23206	1.36547	1.43311	1.43453	1.38546	
0.134974	0.175797	0.222177	0.27178	0.304506	0.309263	0.288745	0.242154	0.193909	0.149613	0.116968	0.0940226	0.0912457	0.119724	0.175316	0.265846	0.390799	0.545044	0.71429	0.891082	1.06483	1.21294	1.31586	1.36151	1.35606	
0.0579717	0.100239	0.14144	0.184883	0.218266	0.224307	0.201007	0.158368	0.117038	0.0740733	0.0349583	0.000961948	-0.0118715	0.00721621	0.0556706	0.138848	0.2511	0.394757	0.555409	0.719553	0.880605	1.03216	1.16368	1.2524	1.29155	
-0.00504609	0.0398835	0.0723104	0.103603	0.126356	0.129997	0.114739	0.0842284	0.0546575	0.0132732	-0.0305865	-0.0649302	-0.0844163	-0.0767155	-0.040616	0.0258238	0.121368	0.246875	0.395135	0.550235	0.703138	0.857624	1.0063	1.12557	1.19789	
-0.0518615	-0.012971	0.0138754	0.0262449	0.0370207	0.0389848	0.0303627	0.0198455	4.98591e-06	-0.0352278	-0.0749177	-0.104098	-0.120648	-0.126407	-0.108478	-0.0614869	0.0118791	0.117838	0.249612	0.391737	0.540643	0.698972	0.857294	0.990189	1.08222	
-0.0808369	-0.0566417	-0.0489931	-0.0518266	-0.0524212	-0.0519908	-0.0529319	-0.0501102	-0.0507601	-0.0703225	-0.0955159	-0.110869	-0.125727	-0.139949	-0.139839	-0.115597	-0.0647717	0.0178984	0.13003	0.257403	0.39928	0.561483	0.726068	0.862218	0.955733	
-0.0971784	-0.0932676	-0.103173	-0.117496	-0.119743	-0.11902	-0.119989	-0.108956	-0.0957779	-0.0939151	-0.102932	-0.110218	-0.123848	-0.144139	-0.150788	-0.141918	-0.112147	-0.0516515	0.0416283	0.156358	0.29169	0.453852	0.61972	0.754612	0.839919	
-0.108124	-0.120799	-0.14304	-0.162987	-0.164543	-0.162822	-0.165526	-0.152061	-0.129032	-0.111756	-0.106976	-0.110162	-0.123925	-0.142618	-0.14954	-0.14569	-0.133453	-0.0936288	-0.0156357	0.0889822	0.220688	0.375588	0.532041	0.656943	0.730653	
-0.125468	-0.143437	-0.170859	-0.190663	-0.194785	-0.193757	-0.194037	-0.180279	-0.154131	-0.131446	-0.119392	-0.113829	-0.120394	-0.13081	-0.132022	-0.13259	-0.129483	-0.10572	-0.0431834	0.0536829	0.175598	0.318868	0.45857	0.568907	0.631508	
-0.150019	-0.166067	-0.184915	-0.20368	-0.210123	-0.210477	-0.208189	-0.192934	-0.173703	-0.155767	-0.140867	-0.125798	-0.116012	-0.114999	-0.114114	-0.115443	-0.116048	-0.0947832	-0.038445	0.0471002	0.159031	0.285521	0.408413	0.505627	0.555861	
-0.176616	-0.184685	-0.192564	-0.201079	-0.207453	-0.208197	-0.204645	-0.196421	-0.187464	-0.180481	-0.167008	-0.143782	-0.122258	-0.109478	-0.105681	-0.104864	-0.0960864	-0.0665184	-0.0087949	0.0700504	0.167035	0.276786	0.383283	0.465347	0.497376	
-0.195263	-0.201003	-0.199383	-0.196598	-0.195338	-0.195186	-0.196252	-0.198079	-0.201134	-0.198446	-0.185263	-0.161148	-0.134163	-0.114641	-0.101202	-0.0888095	-0.0655592	-0.0256795	0.0306986	0.102805	0.187262	0.280823	0.369413	0.431701	0.439915	
-0.201003	-0.20949	-0.205923	-0.195338	-0.187085	-0.185776	-0.191151	-0.202173	-0.209529	-0.205802	-0.191744	-0.173732	-0.153121	-0.12961	-0.105366	-0.0724477	-0.0310902	0.0174667	0.07513	0.143467	0.225806	0.305856	0.370223	0.402207	0.378152	
-0.199383	-0.205923	-0.202199	-0.189434	-0.181181	-0.179519	-0.184905	-0.197314	-0.205966	-0.202938	-0.194857	-0.188703	-0.177775	-0.155664	-0.120578	-0.0723812	-0.0116033	0.0494042	0.111713	0.189203	0.271921	0.343952	0.384994	0.384397	0.333419	
-0.196598	-0.195338	-0.189434	-0.18357	-0.182934	-0.18383	-0.182174	-0.186462	-0.193709	-0.196093	-0.198833	-0.203933	-0.198236	-0.175494	-0.138194	-0.0802882	-0.00569569	0.0729735	0.151826	0.236631	0.320004	0.374959	0.390337	0.365219	0.295454	
-0.195338	-0.187085	-0.181181	-0.182934	-0.193861	-0.196866	-0.186698	-0.180786	-0.184042	-0.191817	-0.20236	-0.211129	-0.20372	-0.1777	-0.140051	-0.0824418	-6.82942e-05	0.0911651	0.181455	0.271512	0.345203	0.382914	0.37928	0.340778	0.266664	
-0.195186	-0.185776	-0.179519	-0.18383	-0.196866	-0.200611	-0.188769	-0.179717	-0.182686	-0.190801	-0.202772	-0.212021	-0.202865	-0.176552	-0.138712	-0.0819641	0.000665426	0.0945396	0.18633	0.277287	0.348556	0.382296	0.375532	0.335025	0.261374	
-0.196252	-0.191151	-0.184905	-0.182174	-0.186698	-0.188769	-0.183122	-0.183238	-0.188698	-0.194155	-0.200946	-0.208277	-0.202609	-0.177961	-0.140843	-0.0822428	-0.00377624	0.0810183	0.166512	0.253832	0.334202	0.381191	0.387077	0.355089	0.281928	
-0.198079	-0.202173	-0.197314	-0.186462	-0.180786	-0.179717	-0.183238	-0.192895	-0.201527	-0.200307	-0.19631	-0.195307	-0.186778	-0.165061	-0.127889	-0.0755247	-0.00886023	0.0591759	0.12664	0.208292	0.291639	0.358145	0.389426	0.377367	0.317931	
-0.201134	-0.209529	-0.205966	-0.193709	-0.184042	-0.182686	-0.188698	-0.201527	-0.209837	-0.205763	-0.193108	-0.179425	-0.162903	-0.139384	-0.110529	-0.0700091	-0.0208321	0.0321411	0.0909698	0.161255	0.244203	0.320849	0.375592	0.393819	0.357718	
-0.198446	-0.205802	-0.202938	-0.196093	-0.191817	-0.190801	-0.194155	-0.200307	-0.205763	-0.202846	-0.188624	-0.165997	-0.1406	-0.119198	-0.101153	-0.0811693	-0.0507546	-0.00766562	0.048039	0.117778	0.199925	0.288	0.367802	0.418887	0.414846	
-0.185263	-0.191744	-0.194857	-0.198833	-0.20236	-0.202772	-0.200946	-0.19631	-0.193108	-0.188624	-0.175549	-0.151573	-0.126677	-0.111221	-0.104022	-0.099508	-0.0855145	-0.05107	0.00623818	0.0823966	0.173788	0.276697	0.376839	0.45179	0.475406	
-0.161148	-0.173732	-0.188703	-0.203933	-0.211129	-0.212021	-0.208277	-0.195307	-0.179425	-0.165997	-0.151573	-0.132344	-0.117625	-0.111065	-0.109646	-0.110981	-0.108688	-0.0853793	-0.0282368	0.053961	0.159906	0.27965	0.395531	0.487436	0.53124	
-0.134163	-0.153121	-0.177775	-0.198236	-0.20372	-0.202865	-0.202609	-0.186778	-0.162903	-0.1406	-0.126677	-0.117625	-0.117081	-0.123842	-0.123318	-0.125187	-0.125129	-0.103583	-0.04537	0.0474399	0.165253	0.301828	0.435055	0.539958	0.598229	
-0.114641	-0.12961	-0.155664	-0.175494	-0.1777	-0.176552	-0.177961	-0.165061	-0.139384	-0.119198	-0.111221	-0.111065	-0.123842	-0.139219	-0.144528	-0.142407	-0.134113	-0.101987	-0.0295948	0.0717435	0.200063	0.351031	0.500552	0.619927	0.688902	
-0.101202	-0.105366	-0.120578	-0.138194	-0.140051	-0.138712	-0.140843	-0.127889	-0.110529	-0.101153	-0.104022	-0.109646	-0.123318	-0.144528	-0.15177	-0.146142	-0.124095	-0.0723496	0.0141706	0.124714	0.258765	0.419182	0.582889	0.715129	0.795709	
-0.0888095	-0.0724477	-0.0723812	-0.0802882	-0.0824418	-0.0819641	-0.0822428	-0.0755247	-0.0700091	-0.0811693	-0.099508	-0.110981	-0.125187	-0.142407	-0.146142	-0.128667	-0.0866113	-0.0129166	0.0912869	0.213281	0.352458	0.515116	0.68098	0.817106	0.90774	
-0.0655592	-0.0310902	-0.0116033	-0.00569569	-6.82942e-05	0.000665426	-0.00377624	-0.00886023	-0.0208321	-0.0507546	-0.0855145	-0.108688	-0.125129	-0.134113	-0.124095	-0.0866113	-0.0223111	0.0733861	0.197698	0.333858	0.480133	0.640574	0.801533	0.937163	1.03162	
-0.0256795	0.0174667	0.0494042	0.0729735	0.0911651	0.0945396	0.0810183	0.0591759	0.0321411	-0.00766562	-0.05107	-0.0853793	-0.103583	-0.101987	-0.0723496	-0.0129166	0.0733861	0.192239	0.334429	0.485232	0.636879	0.792087	0.945772	1.07207	1.15401	
0.0306986	0.07513	0.111713	0.151826	0.181455	0.18633	0.166512	0.12664	0.0909698	0.048039	0.00623818	-0.0282368	-0.04537	-0.0295948	0.0141706	0.0912869	0.197698	0.334429	0.491044	0.651335	0.807925	0.960529	1.1002	1.20313	1.25706	
0.102805	0.143467	0.189203	0.236631	0.271512	0.277287	0.253832	0.208292	0.161255	0.117778	0.0823966	0.053961	0.0474399	0.0717435	0.124714	0.213281	0.333858	0.485232	0.651335	0.822367	0.991214	1.14127	1.25737	1.321	1.33415	
0.187262	0.225806	0.271921	0.320004	0.345203	0.348556	0.334202	0.291639	0.244203	0.199925	0.173788	0.159906	0.165253	0.200063	0.258765	0.352458	0.480133	0.636879	0.807925	0.991214	1.16986	1.31054	1.39276	1.4106	1.3784	
0.280823	0.305856	0.343952	0.374959	0.382914	0.382296	0.381191	0.358145	0.320849	0.288	0.276697	0.27965	0.301828	0.351031	0.419182	0.515116	0.640574	0.792087	0.960529	1.14127	1.31054	1.42789	1.47489	1.45518	1.38272	
0.369413	0.370223	0.384994	0.390337	0.37928	0.375532	0.387077	0.389426	0.375592	0.367802	0.376839	0.395531	0.435055	0.500552	0.582889	0.68098	0.801533	0.945772	1.1002	1.25737	1.39276	1.47489	1.49261	1.44659	1.33902	
0.431701	0.402207	0.384397	0.365219	0.340778	0.335025	0.355089	0.377367	0.393819	0.418887	0.45179	0.487436	0.539958	0.619927	0.715129	0.817106	0.937163	1.07207	1.20313	1.321	1.4106	1.45518	1.44659	1.37961	1.2478	
0.439915	0.378152	0.333419	0.295454	0.266664	0.261374	0.281928	0.317931	0.357718	0.414846	0.475406	0.53124	0.598229	0.688902	0.795709	0.90774	1.03162	1.15401	1.25706	1.33415	1.3784	1.38272	1.33902	1.2478	1.10638	
