-0.0265768	0.117443	0.214606	0.272626	0.301563	0.306048	0.296891	0.288434	0.303398	0.353116	0.432044	0.495489	0.528268	0.522824	0.485317	0.436711	0.381863	0.321367	0.256528	0.201911	0.166024	0.153005	0.145844	0.129973	0.110652	
0.117443	0.247417	0.323188	0.351843	0.334619	0.286962	0.241149	0.216285	0.220646	0.259603	0.332422	0.399237	0.444994	0.461005	0.448057	0.42762	0.404593	0.371113	0.329346	0.291156	0.26049	0.234775	0.202849	0.163192	0.11883	
0.214606	0.323188	0.375913	0.366114	0.304125	0.218915	0.153808	0.125779	0.124986	0.15799	0.224758	0.297106	0.355557	0.393016	0.404012	0.407024	0.415762	0.415153	0.400749	0.381343	0.361922	0.331863	0.28079	0.211702	0.136386	
0.272626	0.351843	0.366114	0.315099	0.223301	0.121159	0.048294	0.0188095	0.0204324	0.05418	0.111321	0.180165	0.243112	0.295553	0.330593	0.36015	0.393692	0.42244	0.444847	0.457175	0.452641	0.419602	0.357641	0.266279	0.166259	
0.301563	0.334619	0.304125	0.223301	0.116502	0.00596961	-0.0756035	-0.107382	-0.0998496	-0.0646192	-0.0176303	0.0421276	0.104717	0.171519	0.230509	0.28238	0.340753	0.403201	0.462251	0.507567	0.524224	0.492594	0.416001	0.311949	0.199846	
0.306048	0.286962	0.218915	0.121159	0.00596961	-0.11081	-0.195249	-0.229843	-0.225685	-0.202968	-0.170714	-0.118585	-0.0528061	0.0272189	0.110542	0.188497	0.272383	0.365251	0.461105	0.538898	0.567575	0.536532	0.456909	0.344128	0.218018	
0.296891	0.241149	0.153808	0.048294	-0.0756035	-0.195249	-0.278736	-0.324673	-0.339841	-0.33519	-0.315857	-0.279423	-0.223546	-0.141545	-0.0419651	0.0643919	0.18201	0.304994	0.42855	0.523489	0.559431	0.533967	0.459875	0.348681	0.215801	
0.288434	0.216285	0.125779	0.0188095	-0.107382	-0.229843	-0.324673	-0.397924	-0.438445	-0.453556	-0.450714	-0.436089	-0.397283	-0.320848	-0.211172	-0.0761408	0.070724	0.218881	0.359285	0.465738	0.509594	0.492952	0.427654	0.318759	0.185836	
0.303398	0.220646	0.124986	0.0204324	-0.0998496	-0.225685	-0.339841	-0.438445	-0.508595	-0.552551	-0.576381	-0.581521	-0.550985	-0.477171	-0.364561	-0.222617	-0.0607647	0.0967784	0.24843	0.361229	0.412917	0.41042	0.359595	0.26298	0.127977	
0.353116	0.259603	0.15799	0.05418	-0.0646192	-0.202968	-0.33519	-0.453556	-0.552551	-0.628087	-0.677085	-0.695656	-0.674504	-0.60704	-0.500554	-0.355761	-0.191975	-0.0328097	0.112611	0.217196	0.274455	0.28868	0.265351	0.187911	0.0629097	
0.432044	0.332422	0.224758	0.111321	-0.0176303	-0.170714	-0.315857	-0.450714	-0.576381	-0.677085	-0.745981	-0.775105	-0.763106	-0.70127	-0.596235	-0.456983	-0.301435	-0.151835	-0.0226023	0.0694618	0.130993	0.159947	0.154817	0.0973339	-0.0116651	
0.495489	0.399237	0.297106	0.180165	0.0421276	-0.118585	-0.279423	-0.436089	-0.581521	-0.695656	-0.775105	-0.815139	-0.807707	-0.748889	-0.650108	-0.523501	-0.38185	-0.24694	-0.132741	-0.0432954	0.0198664	0.0514988	0.054535	0.0154185	-0.0746643	
0.528268	0.444994	0.355557	0.243112	0.104717	-0.0528061	-0.223546	-0.397283	-0.550985	-0.674504	-0.763106	-0.807707	-0.804197	-0.754983	-0.665616	-0.553071	-0.432265	-0.308801	-0.19631	-0.105757	-0.0452339	-0.0119224	-0.000823604	-0.0258957	-0.0889065	
0.522824	0.461005	0.393016	0.295553	0.171519	0.0272189	-0.141545	-0.320848	-0.477171	-0.60704	-0.70127	-0.748889	-0.754983	-0.719079	-0.641616	-0.543385	-0.434481	-0.318368	-0.207789	-0.111215	-0.0388825	0.000733326	0.0133418	0.00463254	-0.0307396	
0.485317	0.448057	0.404012	0.330593	0.230509	0.110542	-0.0419651	-0.211172	-0.364561	-0.500554	-0.596235	-0.650108	-0.665616	-0.641616	-0.576959	-0.491696	-0.394457	-0.282472	-0.166711	-0.0535181	0.0329734	0.0810234	0.102068	0.114473	0.109942	
0.436711	0.42762	0.407024	0.36015	0.28238	0.188497	0.0643919	-0.0761408	-0.222617	-0.355761	-0.456983	-0.523501	-0.553071	-0.543385	-0.491696	-0.411044	-0.311834	-0.20303	-0.0749808	0.0546158	0.151282	0.210549	0.254923	0.29846	0.326222	
0.381863	0.404593	0.415762	0.393692	0.340753	0.272383	0.18201	0.070724	-0.0607647	-0.191975	-0.301435	-0.38185	-0.432265	-0.434481	-0.394457	-0.311834	-0.204666	-0.0791571	0.0673887	0.208394	0.316092	0.392161	0.457798	0.517877	0.571545	
0.321367	0.371113	0.415153	0.42244	0.403201	0.365251	0.304994	0.218881	0.0967784	-0.0328097	-0.151835	-0.24694	-0.308801	-0.318368	-0.282472	-0.20303	-0.0791571	0.0748727	0.240567	0.393445	0.510826	0.597689	0.674051	0.747151	0.814077	
0.256528	0.329346	0.400749	0.444847	0.462251	0.461105	0.42855	0.359285	0.24843	0.112611	-0.0226023	-0.132741	-0.19631	-0.207789	-0.166711	-0.0749808	0.0673887	0.240567	0.415522	0.5769	0.703605	0.798099	0.88489	0.973676	1.04414	
0.201911	0.291156	0.381343	0.457175	0.507567	0.538898	0.523489	0.465738	0.361229	0.217196	0.0694618	-0.0432954	-0.105757	-0.111215	-0.0535181	0.0546158	0.208394	0.393445	0.5769	0.737923	0.870571	0.981219	1.08371	1.18018	1.24832	
0.166024	0.26049	0.361922	0.452641	0.524224	0.567575	0.559431	0.509594	0.412917	0.274455	0.130993	0.0198664	-0.0452339	-0.0388825	0.0329734	0.151282	0.316092	0.510826	0.703605	0.870571	1.01057	1.13834	1.25726	1.35468	1.41559	
0.153005	0.234775	0.331863	0.419602	0.492594	0.536532	0.533967	0.492952	0.41042	0.28868	0.159947	0.0514988	-0.0119224	0.000733326	0.0810234	0.210549	0.392161	0.597689	0.798099	0.981219	1.13834	1.27926	1.39451	1.47571	1.5246	
0.145844	0.202849	0.28079	0.357641	0.416001	0.456909	0.459875	0.427654	0.359595	0.265351	0.154817	0.054535	-0.000823604	0.0133418	0.102068	0.254923	0.457798	0.674051	0.88489	1.08371	1.25726	1.39451	1.49255	1.54355	1.56252	
0.129973	0.163192	0.211702	0.266279	0.311949	0.344128	0.348681	0.318759	0.26298	0.187911	0.0973339	0.0154185	-0.0258957	0.00463254	0.114473	0.29846	0.517877	0.747151	0.973676	1.18018	1.35468	1.47571	1.54355	1.56467	1.55294	
0.110652	0.11883	0.136386	0.166259	0.199846	0.218018	0.215801	0.185836	0.127977	0.0629097	-0.0116651	-0.0746643	-0.0889065	-0.0307396	0.109942	0.326222	0.571545	0.814077	1.04414	1.24832	1.41559	1.5246	1.56252	1.55294	1.5169	
0.0835844	0.0676227	0.0583833	0.0657613	0.0838947	0.0873452	0.0728035	0.0327164	-0.0262842	-0.0944664	-0.156303	-0.192081	-0.17103	-0.0820284	0.0947466	0.342319	0.614809	0.873829	1.10567	1.30674	1.46224	1.55462	1.56154	1.52043	1.46059	
0.0497757	0.00863296	-0.0231772	-0.032849	-0.03166	-0.0392403	-0.0694492	-0.119155	-0.182245	-0.251355	-0.29921	-0.304123	-0.251181	-0.127339	0.0865316	0.357669	0.651149	0.932434	1.17493	1.37145	1.50659	1.56553	1.54876	1.4809	1.39075	
0.0165246	-0.0442271	-0.0959866	-0.121751	-0.131062	-0.151725	-0.191205	-0.248227	-0.316388	-0.385008	-0.421396	-0.401531	-0.318218	-0.153473	0.0844152	0.374159	0.687208	0.989636	1.24139	1.42776	1.5435	1.57134	1.53196	1.43704	1.32029	
-0.00456142	-0.0810824	-0.145102	-0.183568	-0.203452	-0.237491	-0.283367	-0.349587	-0.426128	-0.493807	-0.523365	-0.487254	-0.369839	-0.173719	0.0800573	0.386179	0.715606	1.03193	1.28895	1.46403	1.56192	1.57796	1.51821	1.40167	1.2688	
-0.00953483	-0.0998252	-0.167856	-0.211609	-0.245689	-0.285869	-0.336143	-0.413012	-0.497403	-0.561729	-0.589162	-0.547218	-0.404365	-0.19506	0.0719449	0.389488	0.722353	1.04284	1.30809	1.47889	1.55883	1.56933	1.50628	1.38952	1.25006	
-0.0111924	-0.102643	-0.17124	-0.216814	-0.252642	-0.29403	-0.345117	-0.425242	-0.509017	-0.574235	-0.602567	-0.55869	-0.411918	-0.200618	0.070823	0.390049	0.721702	1.0421	1.31065	1.48261	1.55837	1.56684	1.50139	1.38883	1.25025	
-0.00768923	-0.0909582	-0.157336	-0.197818	-0.224548	-0.261088	-0.309724	-0.379647	-0.461517	-0.525945	-0.554681	-0.515383	-0.385687	-0.182911	0.0766927	0.387008	0.720206	1.03992	1.29972	1.47045	1.56133	1.57545	1.51334	1.39466	1.25746	
0.00541912	-0.0612074	-0.118841	-0.150797	-0.16353	-0.190068	-0.231873	-0.292894	-0.363353	-0.432502	-0.465769	-0.437506	-0.340535	-0.161804	0.0832717	0.381448	0.701209	1.00955	1.26397	1.44609	1.5549	1.57619	1.52652	1.42022	1.29569	
0.0360582	-0.0141604	-0.0543453	-0.0703844	-0.0737129	-0.0865691	-0.120847	-0.174096	-0.238888	-0.307836	-0.349773	-0.344301	-0.27966	-0.139702	0.0847401	0.364374	0.665348	0.955681	1.20246	1.39576	1.52156	1.5664	1.54194	1.46361	1.36198	
0.0707521	0.0443	0.0255438	0.0256106	0.0368454	0.0357317	0.0144987	-0.0297365	-0.0900591	-0.159126	-0.215246	-0.238995	-0.204874	-0.101392	0.0903866	0.347804	0.629946	0.897764	1.1326	1.33234	1.48059	1.56051	1.55754	1.50537	1.43428	
0.100938	0.0994626	0.105591	0.12572	0.154075	0.166153	0.159352	0.125947	0.0679909	0.00204349	-0.0673012	-0.119766	-0.121311	-0.0509518	0.104315	0.333651	0.590505	0.838222	1.06829	1.27174	1.43523	1.53968	1.56406	1.54135	1.49599	
0.123389	0.145835	0.181368	0.226838	0.267386	0.29487	0.297288	0.2685	0.212173	0.143256	0.0600332	-0.0148188	-0.0467926	-0.00656705	0.11453	0.311486	0.53953	0.774258	1.00428	1.21052	1.38205	1.49715	1.55424	1.56337	1.54147	
0.139898	0.187853	0.254644	0.323331	0.376949	0.414563	0.418839	0.387526	0.326766	0.24115	0.137811	0.0445709	-0.00599967	0.0129512	0.108399	0.274214	0.482907	0.703995	0.921588	1.12564	1.30116	1.43203	1.51777	1.557	1.56375	
0.151083	0.223404	0.31378	0.398871	0.466495	0.509761	0.509868	0.47302	0.395019	0.284991	0.163315	0.056432	-0.00405153	0.0087618	0.0915792	0.227999	0.418848	0.628599	0.832172	1.02141	1.18638	1.32857	1.43933	1.50899	1.54707	
0.158063	0.249733	0.352243	0.442923	0.51745	0.561945	0.55625	0.508826	0.418499	0.284469	0.145891	0.0362789	-0.0298378	-0.0197671	0.0565124	0.179445	0.349582	0.54732	0.743715	0.917691	1.0636	1.19659	1.3158	1.40974	1.46819	
0.185883	0.278123	0.373559	0.458008	0.518766	0.557206	0.545982	0.491911	0.38945	0.245344	0.0978797	-0.01421	-0.0775435	-0.0783735	-0.0142633	0.0979558	0.255524	0.445564	0.63284	0.794092	0.927938	1.04635	1.15742	1.25541	1.32064	
0.232462	0.313482	0.393165	0.450939	0.482645	0.496389	0.471413	0.407794	0.300172	0.16068	0.0183834	-0.0944518	-0.15717	-0.167049	-0.120173	-0.0205325	0.127002	0.30475	0.482634	0.645067	0.775215	0.875136	0.966751	1.05875	1.12932	
0.295377	0.355108	0.410356	0.431965	0.427731	0.404425	0.356092	0.277058	0.159032	0.0284192	-0.0961352	-0.197863	-0.261555	-0.272818	-0.236572	-0.154359	-0.0226742	0.14018	0.311105	0.468691	0.589112	0.6783	0.758761	0.839426	0.908335	
0.35844	0.392949	0.417496	0.406338	0.365253	0.308292	0.230602	0.130052	0.00286332	-0.127222	-0.240152	-0.326535	-0.383198	-0.388832	-0.350626	-0.269715	-0.156639	-0.0192231	0.1351	0.280231	0.392416	0.473677	0.544654	0.609486	0.670182	
0.416109	0.419058	0.410257	0.373617	0.304875	0.221366	0.110428	-0.0182814	-0.158328	-0.290658	-0.395634	-0.467052	-0.505247	-0.500864	-0.454514	-0.372898	-0.271268	-0.15833	-0.0235554	0.110437	0.211624	0.278029	0.331771	0.383486	0.42306	
0.466449	0.44015	0.404148	0.342061	0.251571	0.142004	-0.000587188	-0.159442	-0.311439	-0.446882	-0.543488	-0.602371	-0.622137	-0.603987	-0.543844	-0.462678	-0.366051	-0.256642	-0.135864	-0.0149871	0.0748471	0.126342	0.156174	0.181245	0.188937	
0.510175	0.457894	0.40052	0.311274	0.196388	0.0611954	-0.103117	-0.281087	-0.436503	-0.568975	-0.664025	-0.713474	-0.723373	-0.692511	-0.620486	-0.527042	-0.422505	-0.30863	-0.197805	-0.0950452	-0.0158732	0.0265262	0.0403216	0.0392751	0.0152415	
0.530618	0.45544	0.37343	0.265945	0.131737	-0.0225093	-0.192914	-0.37082	-0.526408	-0.652868	-0.744461	-0.789788	-0.789397	-0.745945	-0.661265	-0.554673	-0.440342	-0.319115	-0.207255	-0.116054	-0.0529421	-0.0166665	-0.00412752	-0.0234767	-0.0747782	
0.512052	0.420093	0.322671	0.206939	0.06683	-0.0935265	-0.26003	-0.424809	-0.575161	-0.692431	-0.775935	-0.818745	-0.812233	-0.756142	-0.660881	-0.539483	-0.405762	-0.276766	-0.164355	-0.0746919	-0.0119415	0.019316	0.0250978	-0.0081078	-0.0877159	
0.46146	0.361918	0.254286	0.13791	0.00486111	-0.152092	-0.303425	-0.445982	-0.580804	-0.688971	-0.762004	-0.795983	-0.786562	-0.725823	-0.621808	-0.487506	-0.337255	-0.193526	-0.0711132	0.0189195	0.0815121	0.112375	0.111217	0.0623635	-0.0403722	
