-0.342058	-0.299183	-0.295767	-0.327628	-0.372314	-0.409457	-0.430262	-0.440372	-0.451271	-0.467205	-0.490752	-0.523901	-0.533447	-0.517475	-0.492667	-0.455273	-0.403557	-0.320789	-0.20211	-0.060397	0.0934957	0.25727	0.432089	0.59889	0.745015	
-0.299183	-0.242836	-0.224297	-0.24308	-0.284439	-0.322871	-0.344754	-0.358239	-0.368188	-0.378803	-0.402284	-0.434705	-0.447908	-0.441184	-0.418381	-0.381784	-0.331042	-0.252583	-0.149053	-0.0245799	0.108256	0.236623	0.367178	0.492298	0.596993	
-0.295767	-0.224297	-0.187698	-0.188973	-0.218876	-0.249623	-0.268566	-0.276063	-0.279516	-0.284874	-0.29957	-0.325719	-0.33809	-0.32618	-0.290037	-0.242159	-0.18911	-0.118283	-0.0304196	0.0672374	0.15931	0.236383	0.303987	0.362372	0.408644	
-0.327628	-0.24308	-0.188973	-0.17016	-0.184528	-0.207062	-0.218043	-0.216357	-0.210573	-0.198562	-0.194766	-0.201696	-0.197714	-0.173108	-0.121664	-0.0645696	-0.00772259	0.0600228	0.125607	0.184367	0.228839	0.244152	0.236791	0.226955	0.216204	
-0.372314	-0.284439	-0.218876	-0.184528	-0.187858	-0.200498	-0.202481	-0.190508	-0.165751	-0.130571	-0.100087	-0.0751	-0.0475803	-0.0030274	0.0684035	0.140143	0.202864	0.253521	0.28173	0.293774	0.283317	0.239763	0.172818	0.105047	0.0397159	
-0.409457	-0.322871	-0.249623	-0.207062	-0.200498	-0.207063	-0.207391	-0.187107	-0.147742	-0.0922612	-0.0298278	0.0343412	0.0951412	0.168539	0.263405	0.346045	0.401304	0.425596	0.414695	0.376639	0.314679	0.223705	0.107052	-0.00689718	-0.110939	
-0.430262	-0.344754	-0.268566	-0.218043	-0.202481	-0.207391	-0.206709	-0.182884	-0.134724	-0.0608701	0.0312283	0.129889	0.220335	0.317595	0.422275	0.503319	0.550787	0.55269	0.50509	0.424016	0.32093	0.194033	0.0452754	-0.101071	-0.241638	
-0.440372	-0.358239	-0.276063	-0.216357	-0.190508	-0.187107	-0.182884	-0.156381	-0.0982802	-0.00986908	0.101207	0.223049	0.331911	0.432694	0.525883	0.595266	0.625766	0.599676	0.525941	0.422561	0.300474	0.158603	-0.00952532	-0.186331	-0.358568	
-0.451271	-0.368188	-0.279516	-0.210573	-0.165751	-0.147742	-0.134724	-0.0982802	-0.0284882	0.068331	0.193125	0.326723	0.433945	0.519128	0.582306	0.616901	0.613444	0.562879	0.478937	0.369478	0.240704	0.0936257	-0.078701	-0.265728	-0.451343	
-0.467205	-0.378803	-0.284874	-0.198562	-0.130571	-0.0922612	-0.0608701	-0.00986908	0.068331	0.174179	0.305147	0.429642	0.523354	0.578802	0.590425	0.579071	0.543433	0.473909	0.380051	0.261283	0.126577	-0.0157821	-0.174397	-0.350538	-0.523485	
-0.490752	-0.402284	-0.29957	-0.194766	-0.100087	-0.0298278	0.0312283	0.101207	0.193125	0.305147	0.421643	0.523546	0.589651	0.596686	0.558087	0.508758	0.441895	0.351292	0.243212	0.11504	-0.0243906	-0.163439	-0.301262	-0.443286	-0.575216	
-0.523901	-0.434705	-0.325719	-0.201696	-0.0751	0.0343412	0.129889	0.223049	0.326723	0.429642	0.523546	0.593446	0.618563	0.585336	0.509101	0.419382	0.318035	0.206705	0.0862477	-0.0509438	-0.196675	-0.325588	-0.429078	-0.527649	-0.616116	
-0.533447	-0.447908	-0.33809	-0.197714	-0.0475803	0.0951412	0.220335	0.331911	0.433945	0.523354	0.589651	0.618563	0.611591	0.550196	0.442501	0.319698	0.190189	0.0596098	-0.0786336	-0.226406	-0.363686	-0.468326	-0.540264	-0.599359	-0.643703	
-0.517475	-0.441184	-0.32618	-0.173108	-0.0030274	0.168539	0.317595	0.432694	0.519128	0.578802	0.596686	0.585336	0.550196	0.469823	0.355557	0.217674	0.067513	-0.083092	-0.237181	-0.378274	-0.494063	-0.580644	-0.629722	-0.650055	-0.654083	
-0.492667	-0.418381	-0.290037	-0.121664	0.0684035	0.263405	0.422275	0.525883	0.582306	0.590425	0.558087	0.509101	0.442501	0.355557	0.241684	0.0896484	-0.0732985	-0.226937	-0.366212	-0.480029	-0.574317	-0.64697	-0.68207	-0.677545	-0.64733	
-0.455273	-0.381784	-0.242159	-0.0645696	0.140143	0.346045	0.503319	0.595266	0.616901	0.579071	0.508758	0.419382	0.319698	0.217674	0.0896484	-0.0725219	-0.22923	-0.360119	-0.467049	-0.549296	-0.61329	-0.663594	-0.685461	-0.659197	-0.6036	
-0.403557	-0.331042	-0.18911	-0.00772259	0.202864	0.401304	0.550787	0.625766	0.613444	0.543433	0.441895	0.318035	0.190189	0.067513	-0.0732985	-0.22923	-0.366755	-0.478537	-0.560924	-0.607301	-0.630216	-0.642779	-0.63299	-0.587237	-0.529351	
-0.320789	-0.252583	-0.118283	0.0600228	0.253521	0.425596	0.55269	0.599676	0.562879	0.473909	0.351292	0.206705	0.0596098	-0.083092	-0.226937	-0.360119	-0.478537	-0.576004	-0.629159	-0.642267	-0.630462	-0.598818	-0.554377	-0.500364	-0.443832	
-0.20211	-0.149053	-0.0304196	0.125607	0.28173	0.414695	0.50509	0.525941	0.478937	0.380051	0.243212	0.0862477	-0.0786336	-0.237181	-0.366212	-0.467049	-0.560924	-0.629159	-0.653934	-0.649263	-0.610594	-0.542541	-0.475743	-0.4198	-0.365442	
-0.060397	-0.0245799	0.0672374	0.184367	0.293774	0.376639	0.424016	0.422561	0.369478	0.261283	0.11504	-0.0509438	-0.226406	-0.378274	-0.480029	-0.549296	-0.607301	-0.642267	-0.649263	-0.626336	-0.562343	-0.475878	-0.403415	-0.355006	-0.310746	
0.0934957	0.108256	0.15931	0.228839	0.283317	0.314679	0.32093	0.300474	0.240704	0.126577	-0.0243906	-0.196675	-0.363686	-0.494063	-0.574317	-0.61329	-0.630216	-0.630462	-0.610594	-0.562343	-0.490347	-0.414874	-0.351673	-0.306972	-0.272574	
0.25727	0.236623	0.236383	0.244152	0.239763	0.223705	0.194033	0.158603	0.0936257	-0.0157821	-0.163439	-0.325588	-0.468326	-0.580644	-0.64697	-0.663594	-0.642779	-0.598818	-0.542541	-0.475878	-0.414874	-0.363301	-0.309187	-0.268863	-0.260243	
0.432089	0.367178	0.303987	0.236791	0.172818	0.107052	0.0452754	-0.00952532	-0.078701	-0.174397	-0.301262	-0.429078	-0.540264	-0.629722	-0.68207	-0.685461	-0.63299	-0.554377	-0.475743	-0.403415	-0.351673	-0.309187	-0.267211	-0.252706	-0.273666	
0.59889	0.492298	0.362372	0.226955	0.105047	-0.00689718	-0.101071	-0.186331	-0.265728	-0.350538	-0.443286	-0.527649	-0.599359	-0.650055	-0.677545	-0.659197	-0.587237	-0.500364	-0.4198	-0.355006	-0.306972	-0.268863	-0.252706	-0.25926	-0.275844	
0.745015	0.596993	0.408644	0.216204	0.0397159	-0.110939	-0.241638	-0.358568	-0.451343	-0.523485	-0.575216	-0.616116	-0.643703	-0.654083	-0.64733	-0.6036	-0.529351	-0.443832	-0.365442	-0.310746	-0.272574	-0.260243	-0.273666	-0.275844	-0.266577	
0.870476	0.676806	0.438633	0.192102	-0.0335358	-0.222641	-0.387423	-0.524029	-0.621122	-0.669374	-0.679419	-0.677691	-0.666814	-0.644895	-0.603461	-0.545068	-0.476726	-0.393364	-0.317914	-0.269604	-0.252063	-0.271138	-0.29517	-0.290675	-0.268594	
0.968223	0.736268	0.460162	0.170815	-0.0961273	-0.326718	-0.520604	-0.67161	-0.767462	-0.794675	-0.773321	-0.730657	-0.680099	-0.618117	-0.541882	-0.474627	-0.416337	-0.3533	-0.296094	-0.261201	-0.260715	-0.278144	-0.287583	-0.288527	-0.273516	
1.04225	0.785171	0.484923	0.167924	-0.136603	-0.409268	-0.632267	-0.796915	-0.889726	-0.905812	-0.861421	-0.779074	-0.681084	-0.573669	-0.472518	-0.400646	-0.356911	-0.32702	-0.299296	-0.283001	-0.281286	-0.273536	-0.267274	-0.273957	-0.269184	
1.09305	0.817108	0.502139	0.1667	-0.168827	-0.474533	-0.72038	-0.888542	-0.973591	-0.982686	-0.922784	-0.811056	-0.673042	-0.534849	-0.423677	-0.349143	-0.312199	-0.304745	-0.306058	-0.305914	-0.295745	-0.274545	-0.260168	-0.256018	-0.252417	
1.11364	0.82596	0.504745	0.160678	-0.190109	-0.512161	-0.767635	-0.932057	-1.01086	-1.01803	-0.955606	-0.831723	-0.67258	-0.520333	-0.402247	-0.320837	-0.279577	-0.280927	-0.306473	-0.321033	-0.310676	-0.289079	-0.2612	-0.234165	-0.229144	
1.11611	0.826793	0.50443	0.159223	-0.193567	-0.518686	-0.774727	-0.938526	-1.01645	-1.02284	-0.961577	-0.835663	-0.672811	-0.519472	-0.399211	-0.315512	-0.273248	-0.275456	-0.305506	-0.323811	-0.3153	-0.294078	-0.260974	-0.227833	-0.223385	
1.10465	0.823296	0.504445	0.164108	-0.178981	-0.494179	-0.744501	-0.911737	-0.994395	-1.00079	-0.939395	-0.820424	-0.670827	-0.526955	-0.412282	-0.334524	-0.297542	-0.294804	-0.306873	-0.313352	-0.302165	-0.279848	-0.259739	-0.246266	-0.242667	
1.06561	0.800179	0.493512	0.167791	-0.150005	-0.437167	-0.670992	-0.837946	-0.928841	-0.942009	-0.88964	-0.794238	-0.678365	-0.556244	-0.4497	-0.37615	-0.336291	-0.317838	-0.303505	-0.294304	-0.287145	-0.271253	-0.262834	-0.267651	-0.263802	
1.0007	0.756943	0.469991	0.168217	-0.114722	-0.361415	-0.567851	-0.724806	-0.819471	-0.842461	-0.809963	-0.750953	-0.682627	-0.601379	-0.513918	-0.444247	-0.391026	-0.341206	-0.295057	-0.267637	-0.269071	-0.277241	-0.279787	-0.28376	-0.272753	
0.913133	0.702619	0.446848	0.181715	-0.0615834	-0.266832	-0.442975	-0.586062	-0.682456	-0.721173	-0.717407	-0.698635	-0.672879	-0.636397	-0.580942	-0.518609	-0.453712	-0.376572	-0.305426	-0.260299	-0.252294	-0.275986	-0.29562	-0.292244	-0.271394	
0.797753	0.631854	0.422382	0.207642	0.011304	-0.15489	-0.299508	-0.425812	-0.522143	-0.585306	-0.620183	-0.643978	-0.655118	-0.652012	-0.63108	-0.580278	-0.507708	-0.422306	-0.345123	-0.293099	-0.261777	-0.263234	-0.284018	-0.283063	-0.26642	
0.659833	0.536927	0.382874	0.223804	0.0796074	-0.0481915	-0.157243	-0.256032	-0.341092	-0.42211	-0.498748	-0.56533	-0.619417	-0.652921	-0.66721	-0.639178	-0.564906	-0.477209	-0.397116	-0.337522	-0.292517	-0.261814	-0.25824	-0.265171	-0.27174	
0.500936	0.41877	0.328029	0.232333	0.14464	0.0594623	-0.0144304	-0.0807359	-0.152496	-0.242958	-0.357903	-0.46831	-0.564817	-0.640578	-0.684309	-0.680664	-0.618958	-0.534368	-0.45236	-0.380905	-0.331338	-0.290324	-0.256857	-0.252986	-0.277155	
0.326517	0.288697	0.264588	0.242624	0.215022	0.178507	0.13577	0.0940629	0.02708	-0.0763641	-0.218127	-0.369529	-0.500109	-0.605018	-0.666216	-0.677001	-0.642102	-0.581603	-0.514901	-0.444548	-0.387523	-0.341627	-0.290929	-0.25878	-0.264698	
0.157555	0.159602	0.192283	0.238982	0.270092	0.282637	0.272737	0.246586	0.184275	0.0703286	-0.0802307	-0.251605	-0.409976	-0.53252	-0.606524	-0.635146	-0.637125	-0.619817	-0.584864	-0.528625	-0.459704	-0.393814	-0.335137	-0.290542	-0.263215	
0.000115785	0.0285265	0.105032	0.204805	0.292365	0.354428	0.385048	0.375365	0.320515	0.209083	0.0602084	-0.109439	-0.284084	-0.427956	-0.520121	-0.576104	-0.617904	-0.640915	-0.638773	-0.605244	-0.534956	-0.449541	-0.380429	-0.334974	-0.29345	
-0.147602	-0.101093	0.00840262	0.149995	0.288644	0.401841	0.475434	0.487427	0.437957	0.335657	0.194622	0.0334404	-0.137487	-0.296182	-0.415331	-0.503357	-0.583065	-0.637497	-0.655419	-0.644955	-0.595173	-0.516371	-0.444668	-0.390849	-0.341027	
-0.277033	-0.214173	-0.0843832	0.0875044	0.267438	0.425764	0.538856	0.57489	0.532868	0.438406	0.309631	0.159786	0.00554898	-0.144415	-0.284481	-0.405598	-0.515972	-0.603372	-0.643317	-0.648069	-0.625677	-0.57784	-0.522513	-0.466569	-0.410077	
-0.374764	-0.302834	-0.163644	0.0184909	0.224624	0.41435	0.557792	0.621958	0.598843	0.519719	0.407941	0.274599	0.138185	0.00733087	-0.136584	-0.284931	-0.413939	-0.521174	-0.593142	-0.6245	-0.632342	-0.627146	-0.602639	-0.552989	-0.495959	
-0.437198	-0.363809	-0.222016	-0.0430645	0.16628	0.371046	0.526643	0.613601	0.620684	0.568584	0.48494	0.380681	0.268803	0.158352	0.0241111	-0.138631	-0.288139	-0.408686	-0.505009	-0.573958	-0.622183	-0.659204	-0.670374	-0.635122	-0.576386	
-0.479295	-0.40537	-0.27137	-0.0981913	0.0980969	0.300075	0.458979	0.55764	0.600163	0.587435	0.538518	0.473765	0.394191	0.302729	0.184845	0.0283232	-0.135211	-0.282818	-0.409009	-0.509964	-0.593824	-0.658877	-0.690174	-0.67736	-0.634133	
-0.508721	-0.433429	-0.314441	-0.155066	0.0233709	0.204834	0.360599	0.471606	0.547221	0.587869	0.584576	0.558548	0.510877	0.427447	0.313761	0.170193	0.0149266	-0.140404	-0.293696	-0.424776	-0.531952	-0.613433	-0.655641	-0.6649	-0.654652	
-0.528696	-0.4474	-0.335977	-0.191712	-0.0329816	0.121583	0.257216	0.372834	0.46991	0.550645	0.599754	0.612741	0.594321	0.523223	0.411158	0.279799	0.14019	0.00209115	-0.14438	-0.291905	-0.42052	-0.517496	-0.579541	-0.622139	-0.65002	
-0.531591	-0.443294	-0.333558	-0.201818	-0.065072	0.0593136	0.167288	0.268675	0.373111	0.471526	0.555677	0.609417	0.620848	0.574262	0.484225	0.381073	0.266965	0.147559	0.0205951	-0.121939	-0.266239	-0.386057	-0.47564	-0.55749	-0.628875	
-0.504817	-0.415584	-0.310149	-0.197628	-0.0895466	-0.0038525	0.0711486	0.150478	0.247401	0.357321	0.465643	0.555143	0.605483	0.595075	0.539899	0.47456	0.393834	0.29521	0.182836	0.0509002	-0.0920875	-0.229049	-0.354331	-0.478258	-0.591931	
