-0.0346978	-0.132277	-0.209004	-0.26709	-0.307529	-0.313736	-0.287021	-0.233373	-0.165711	-0.0758231	0.02811	0.126246	0.207309	0.280641	0.360267	0.418257	0.452128	0.464547	0.47361	0.481048	0.481613	0.467246	0.442746	0.417617	0.383286	
-0.0250596	-0.151966	-0.247546	-0.312247	-0.349023	-0.356291	-0.329827	-0.277252	-0.19397	-0.0791376	0.0620271	0.201708	0.313401	0.401899	0.470944	0.51178	0.516429	0.497936	0.469266	0.439078	0.40199	0.354986	0.313418	0.278103	0.239702	
-0.0135594	-0.163905	-0.271723	-0.34472	-0.39014	-0.397798	-0.367106	-0.304205	-0.212203	-0.0782437	0.0900153	0.259312	0.39694	0.4988	0.567973	0.594652	0.573457	0.517342	0.448862	0.382001	0.308182	0.228422	0.167082	0.120165	0.0774805	
-0.0107023	-0.173681	-0.291452	-0.375374	-0.430006	-0.439221	-0.402089	-0.328129	-0.226275	-0.0807896	0.102942	0.290707	0.446092	0.559135	0.628151	0.641402	0.600976	0.52106	0.421357	0.316132	0.209288	0.109143	0.028456	-0.0361341	-0.0893132	
-0.0170789	-0.182384	-0.31227	-0.408702	-0.466139	-0.477246	-0.436134	-0.354943	-0.238807	-0.0875564	0.0971207	0.292151	0.455777	0.569258	0.627381	0.635146	0.586149	0.489433	0.36648	0.23495	0.105438	-0.0120512	-0.104525	-0.181242	-0.244624	
-0.0351672	-0.197772	-0.330075	-0.433858	-0.503477	-0.516127	-0.467418	-0.374326	-0.254247	-0.103462	0.0731353	0.254362	0.408988	0.515751	0.570085	0.566444	0.51141	0.409907	0.276482	0.128365	-0.0163981	-0.139544	-0.237204	-0.315422	-0.378572	
-0.0793513	-0.225948	-0.360265	-0.471949	-0.545128	-0.557964	-0.506784	-0.408118	-0.281883	-0.13931	0.0152516	0.175045	0.316481	0.417767	0.467224	0.457813	0.398667	0.296246	0.161695	0.0130589	-0.130302	-0.25825	-0.364039	-0.445602	-0.508731	
-0.145153	-0.277065	-0.406812	-0.512563	-0.575243	-0.586836	-0.543207	-0.453074	-0.329829	-0.197748	-0.0649335	0.0703195	0.191032	0.279379	0.323798	0.314144	0.258435	0.164286	0.037967	-0.101263	-0.238609	-0.364506	-0.473899	-0.557736	-0.622217	
-0.214703	-0.333422	-0.452345	-0.543745	-0.595224	-0.604213	-0.568904	-0.493502	-0.382664	-0.261346	-0.146639	-0.0390864	0.0563252	0.134563	0.172551	0.163533	0.115622	0.0413756	-0.070793	-0.203058	-0.336839	-0.466602	-0.570731	-0.644707	-0.69754	
-0.259346	-0.356708	-0.461899	-0.539475	-0.578976	-0.584546	-0.560871	-0.497162	-0.399979	-0.296047	-0.208847	-0.130066	-0.0539045	0.0125043	0.0479168	0.0377811	-0.00670659	-0.0721141	-0.167978	-0.288576	-0.414949	-0.538182	-0.636417	-0.702489	-0.742152	
-0.254027	-0.33169	-0.414008	-0.466838	-0.486473	-0.487954	-0.478317	-0.439025	-0.366742	-0.282674	-0.217718	-0.16392	-0.109948	-0.0628266	-0.0387111	-0.0499082	-0.0925244	-0.157765	-0.243219	-0.352037	-0.469506	-0.576286	-0.658891	-0.717536	-0.752511	
-0.185386	-0.24056	-0.291785	-0.31084	-0.306377	-0.303656	-0.310914	-0.303623	-0.263583	-0.205108	-0.162076	-0.134061	-0.102	-0.0731513	-0.0676009	-0.0865835	-0.124333	-0.185928	-0.269851	-0.373646	-0.479895	-0.572212	-0.641448	-0.693503	-0.729445	
-0.0561126	-0.0710121	-0.0819745	-0.0768108	-0.0605536	-0.0556933	-0.0707973	-0.0824054	-0.0766987	-0.0609784	-0.0482309	-0.040352	-0.028879	-0.0184022	-0.0232415	-0.0489511	-0.0888283	-0.148193	-0.227691	-0.330803	-0.436358	-0.523939	-0.593432	-0.647225	-0.681146	
0.145896	0.16587	0.185638	0.215831	0.250007	0.258691	0.23018	0.196682	0.1732	0.153637	0.132608	0.112216	0.100859	0.0903714	0.0760677	0.0508486	0.0134848	-0.0488344	-0.133781	-0.238174	-0.348046	-0.443032	-0.525608	-0.587322	-0.613994	
0.387196	0.435195	0.485059	0.53586	0.576862	0.583037	0.555514	0.504987	0.455574	0.406168	0.359028	0.318282	0.28641	0.258622	0.228551	0.201801	0.162867	0.0955817	-0.000265383	-0.113913	-0.236903	-0.348146	-0.443278	-0.507212	-0.523103	
0.647288	0.715794	0.782196	0.837593	0.872923	0.879847	0.855278	0.805081	0.74304	0.674905	0.6075	0.552355	0.511056	0.476686	0.43418	0.39018	0.333798	0.253517	0.141057	0.0158538	-0.111164	-0.237276	-0.34141	-0.407338	-0.411906	
0.904873	0.979089	1.04324	1.09014	1.12334	1.13069	1.10601	1.06331	1.0068	0.934506	0.862493	0.802333	0.751387	0.704934	0.650472	0.582377	0.498853	0.397802	0.274321	0.144688	0.0112081	-0.125369	-0.233864	-0.301109	-0.30189	
1.13275	1.19367	1.24042	1.26974	1.2945	1.30076	1.28004	1.25365	1.2151	1.15757	1.09458	1.03465	0.978649	0.922288	0.852183	0.757556	0.652398	0.533588	0.402991	0.268706	0.121536	-0.028483	-0.145561	-0.208611	-0.207513	
1.29888	1.34085	1.36476	1.37344	1.38162	1.38305	1.37714	1.36864	1.35317	1.31756	1.2674	1.21174	1.16297	1.10796	1.0254	0.919329	0.799853	0.664475	0.519347	0.369929	0.205722	0.0474283	-0.0767395	-0.139928	-0.136427	
1.38581	1.40355	1.40743	1.40555	1.40532	1.40302	1.40703	1.40573	1.40683	1.39494	1.36516	1.3243	1.28935	1.24866	1.16828	1.06382	0.931112	0.780964	0.618882	0.443976	0.258543	0.0929043	-0.0277352	-0.0939978	-0.0848195	
1.39593	1.38852	1.37535	1.36527	1.36549	1.36506	1.36535	1.36925	1.38436	1.39439	1.39244	1.37832	1.36483	1.34457	1.2841	1.18237	1.04533	0.887792	0.703541	0.501209	0.293693	0.120283	0.00277863	-0.065939	-0.0604339	
1.3496	1.32351	1.29469	1.26649	1.25975	1.26037	1.26142	1.28087	1.31364	1.33904	1.36678	1.39282	1.40233	1.39421	1.35434	1.26743	1.1386	0.974372	0.771621	0.550485	0.327317	0.142173	0.0173944	-0.0552778	-0.0644501	
1.28427	1.22289	1.1692	1.12911	1.11238	1.11248	1.1191	1.15069	1.20042	1.25908	1.32111	1.37421	1.40194	1.40657	1.38249	1.31507	1.20356	1.03811	0.825027	0.59138	0.361315	0.162609	0.0178852	-0.0703606	-0.0979001	
1.18973	1.09859	1.02436	0.974941	0.944921	0.938422	0.960827	1.00191	1.06594	1.15246	1.24358	1.31992	1.37444	1.39895	1.38618	1.33936	1.24592	1.09078	0.876437	0.632972	0.392912	0.179473	0.0147338	-0.094828	-0.142291	
1.06424	0.956431	0.874224	0.818117	0.78024	0.770322	0.800999	0.849379	0.919858	1.01859	1.13376	1.2399	1.32023	1.36881	1.38742	1.37233	1.29511	1.14764	0.9344	0.684617	0.437033	0.206346	0.0150325	-0.115329	-0.184395	
0.929992	0.818162	0.734464	0.675118	0.6397	0.632788	0.658471	0.7083	0.781194	0.88171	1.01006	1.14244	1.25097	1.32569	1.38117	1.3991	1.34399	1.20764	1.00171	0.752343	0.489427	0.23923	0.0168715	-0.14179	-0.23375	
0.818162	0.70363	0.618208	0.557668	0.520896	0.515943	0.53907	0.591491	0.666005	0.769033	0.899353	1.04279	1.17638	1.28617	1.3679	1.40573	1.37645	1.26115	1.07235	0.825066	0.547574	0.271375	0.017197	-0.182283	-0.304185	
0.734464	0.618208	0.53161	0.466414	0.421997	0.415702	0.444677	0.503338	0.579962	0.684682	0.815894	0.964159	1.11328	1.24726	1.34944	1.40158	1.39174	1.29905	1.13037	0.892705	0.606336	0.303582	0.019479	-0.21682	-0.375482	
0.675118	0.557668	0.466414	0.397744	0.350725	0.34253	0.375114	0.437	0.517935	0.62469	0.758021	0.911494	1.06934	1.21388	1.33203	1.39733	1.39516	1.31958	1.17167	0.945868	0.660967	0.343244	0.0341643	-0.225143	-0.414365	
0.6397	0.520896	0.421997	0.350725	0.303258	0.293727	0.328038	0.391663	0.477681	0.59017	0.721675	0.876312	1.04714	1.20473	1.32998	1.39746	1.39896	1.33763	1.20318	0.980354	0.699725	0.382384	0.057055	-0.215803	-0.42391	
0.632788	0.515943	0.415702	0.34253	0.293727	0.283756	0.318846	0.384777	0.47236	0.584286	0.712668	0.867308	1.04503	1.20557	1.33007	1.39555	1.39839	1.34211	1.21047	0.987512	0.70574	0.390761	0.0636463	-0.212238	-0.423662	
0.658471	0.53907	0.444677	0.375114	0.328038	0.318846	0.352651	0.414986	0.497755	0.607716	0.74118	0.895932	1.05739	1.20739	1.32999	1.39879	1.39748	1.32712	1.18602	0.9625	0.680366	0.360549	0.0432222	-0.222618	-0.420837	
0.7083	0.591491	0.503338	0.437	0.391663	0.384777	0.414986	0.474581	0.552765	0.658477	0.790336	0.940289	1.09339	1.23143	1.34023	1.39831	1.39303	1.30827	1.14821	0.915401	0.627935	0.31822	0.0236903	-0.223468	-0.395378	
0.781194	0.666005	0.579962	0.517935	0.477681	0.47236	0.497755	0.552765	0.628047	0.731972	0.862339	1.0077	1.14922	1.27154	1.36198	1.40529	1.38515	1.27931	1.09797	0.853148	0.571701	0.28421	0.0171394	-0.198505	-0.335395	
0.88171	0.769033	0.684682	0.62469	0.59017	0.584286	0.607716	0.658477	0.731972	0.833078	0.962699	1.10165	1.22065	1.30938	1.37673	1.40379	1.35896	1.23032	1.03028	0.781256	0.512454	0.251843	0.0172186	-0.156078	-0.259337	
1.01006	0.899353	0.815894	0.758021	0.721675	0.712668	0.74118	0.790336	0.862339	0.962699	1.08466	1.20283	1.29391	1.35146	1.38545	1.38484	1.31559	1.17183	0.960326	0.709906	0.456907	0.219314	0.0162716	-0.124293	-0.20214	
1.14244	1.04279	0.964159	0.911494	0.876312	0.867308	0.895932	0.940289	1.0077	1.10165	1.20283	1.29029	1.35553	1.39048	1.38733	1.35197	1.26466	1.1131	0.899026	0.652089	0.409333	0.189125	0.0141299	-0.103811	-0.159841	
1.25097	1.17638	1.11328	1.06934	1.04714	1.04503	1.05739	1.09339	1.14922	1.22065	1.29391	1.35553	1.39458	1.40574	1.38484	1.32433	1.22059	1.05924	0.845171	0.606901	0.372727	0.168943	0.0165114	-0.0799664	-0.115059	
1.32569	1.28617	1.24726	1.21388	1.20473	1.20557	1.20739	1.23143	1.27154	1.30938	1.35146	1.39048	1.40574	1.40232	1.37052	1.29261	1.16906	1.00213	0.794125	0.567922	0.34219	0.150332	0.0181627	-0.0583016	-0.0750685	
1.38117	1.3679	1.34944	1.33203	1.32998	1.33007	1.32999	1.34023	1.36198	1.37673	1.38545	1.38733	1.38484	1.37052	1.31791	1.2193	1.08498	0.926065	0.733467	0.521554	0.306368	0.129671	0.0113989	-0.0588453	-0.0582948	
1.3991	1.40573	1.40158	1.39733	1.39746	1.39555	1.39879	1.39831	1.40529	1.40379	1.38484	1.35197	1.32433	1.29261	1.2193	1.11542	0.97898	0.824522	0.654008	0.468674	0.273894	0.104941	-0.014193	-0.0813771	-0.0720185	
1.34399	1.37645	1.39174	1.39516	1.39896	1.39839	1.39748	1.39303	1.38515	1.35896	1.31559	1.26466	1.22059	1.16906	1.08498	0.97898	0.854002	0.712748	0.560948	0.401995	0.229853	0.0689244	-0.0545808	-0.118752	-0.112664	
1.20764	1.26115	1.29905	1.31958	1.33763	1.34211	1.32712	1.30827	1.27931	1.23032	1.17183	1.1131	1.05924	1.00213	0.926065	0.824522	0.712748	0.587598	0.452302	0.313098	0.159642	0.00537968	-0.116142	-0.178423	-0.176993	
1.00171	1.07235	1.13037	1.17167	1.20318	1.21047	1.18602	1.14821	1.09797	1.03028	0.960326	0.899026	0.845171	0.794125	0.733467	0.654008	0.560948	0.452302	0.32622	0.195283	0.0566689	-0.0842254	-0.195114	-0.260851	-0.261586	
0.752343	0.825066	0.892705	0.945868	0.980354	0.987512	0.9625	0.915401	0.853148	0.781256	0.709906	0.652089	0.606901	0.567922	0.521554	0.468674	0.401995	0.313098	0.195283	0.067572	-0.0611626	-0.191774	-0.297621	-0.365212	-0.366887	
0.489427	0.547574	0.606336	0.660967	0.699725	0.70574	0.680366	0.627935	0.571701	0.512454	0.456907	0.409333	0.372727	0.34219	0.306368	0.273894	0.229853	0.159642	0.0566689	-0.0611626	-0.187806	-0.305704	-0.404969	-0.468789	-0.480277	
0.23923	0.271375	0.303582	0.343244	0.382384	0.390761	0.360549	0.31822	0.28421	0.251843	0.219314	0.189125	0.168943	0.150332	0.129671	0.104941	0.0689244	0.00537968	-0.0842254	-0.191774	-0.305704	-0.406311	-0.494106	-0.557763	-0.580651	
0.0168715	0.017197	0.019479	0.0341643	0.057055	0.0636463	0.0432222	0.0236903	0.0171394	0.0172186	0.0162716	0.0141299	0.0165114	0.0181627	0.0113989	-0.014193	-0.0545808	-0.116142	-0.195114	-0.297621	-0.404969	-0.494106	-0.568377	-0.625183	-0.656801	
-0.14179	-0.182283	-0.21682	-0.225143	-0.215803	-0.212238	-0.222618	-0.223468	-0.198505	-0.156078	-0.124293	-0.103811	-0.0799664	-0.0583016	-0.0588453	-0.0813771	-0.118752	-0.178423	-0.260851	-0.365212	-0.468789	-0.557763	-0.625183	-0.67692	-0.71172	
-0.23375	-0.304185	-0.375482	-0.414365	-0.42391	-0.423662	-0.420837	-0.395378	-0.335395	-0.259337	-0.20214	-0.159841	-0.115059	-0.0750685	-0.0582948	-0.0720185	-0.112664	-0.176993	-0.261586	-0.366887	-0.480277	-0.580651	-0.656801	-0.71172	-0.747268	
