-0.424233	-0.431834	-0.406734	-0.332172	-0.210385	-0.0684698	0.0776476	0.215314	0.34342	0.459291	0.544664	0.598773	0.622639	0.603818	0.539849	0.446292	0.333193	0.214938	0.104202	0.00509917	-0.094961	-0.186184	-0.259995	-0.325699	-0.385213	
-0.431834	-0.433698	-0.403664	-0.324947	-0.20699	-0.0754197	0.066237	0.204968	0.331558	0.441155	0.519737	0.555045	0.544826	0.490453	0.406282	0.294982	0.173785	0.0648303	-0.0253109	-0.0920916	-0.152273	-0.205918	-0.251321	-0.29474	-0.337716	
-0.406734	-0.403664	-0.360483	-0.274561	-0.161031	-0.0356274	0.0976341	0.225342	0.337709	0.431383	0.489829	0.495992	0.445543	0.358429	0.254519	0.132134	0.00642675	-0.0930117	-0.16179	-0.192178	-0.204746	-0.215556	-0.232124	-0.256585	-0.28122	
-0.332172	-0.324947	-0.274561	-0.180722	-0.0646829	0.0562388	0.172346	0.280668	0.374969	0.445149	0.476636	0.449799	0.357695	0.237454	0.11192	-0.0216081	-0.142929	-0.23348	-0.283747	-0.286788	-0.259763	-0.234547	-0.224159	-0.226507	-0.233452	
-0.210385	-0.20699	-0.161031	-0.0646829	0.0595898	0.183214	0.285483	0.369485	0.433229	0.470414	0.465929	0.408792	0.291009	0.148184	0.00175031	-0.137872	-0.254855	-0.336787	-0.375854	-0.3605	-0.310732	-0.266762	-0.23225	-0.218744	-0.217866	
-0.0684698	-0.0754197	-0.0356274	0.0562388	0.183214	0.307011	0.395167	0.451139	0.48414	0.486891	0.450403	0.369585	0.247236	0.0933595	-0.0594706	-0.197101	-0.30989	-0.388483	-0.420609	-0.404233	-0.353878	-0.300158	-0.258521	-0.233575	-0.234444	
0.0776476	0.066237	0.0976341	0.172346	0.285483	0.395167	0.4648	0.502776	0.515996	0.495732	0.43977	0.349214	0.227898	0.0829745	-0.0630827	-0.190753	-0.296413	-0.373432	-0.408373	-0.400168	-0.360476	-0.311714	-0.275894	-0.263642	-0.278118	
0.215314	0.204968	0.225342	0.280668	0.369485	0.451139	0.502776	0.529455	0.529851	0.502397	0.439331	0.348795	0.235518	0.105336	-0.0224834	-0.131048	-0.223813	-0.290941	-0.32736	-0.33306	-0.308213	-0.278224	-0.268778	-0.286127	-0.327429	
0.34342	0.331558	0.337709	0.374969	0.433229	0.48414	0.515996	0.529851	0.521638	0.490437	0.432388	0.350455	0.258339	0.154677	0.0484806	-0.0410807	-0.1134	-0.164857	-0.196862	-0.206545	-0.200055	-0.196786	-0.220989	-0.271724	-0.347336	
0.459291	0.441155	0.431383	0.445149	0.470414	0.486891	0.495732	0.502397	0.490437	0.458477	0.404474	0.342674	0.284089	0.218322	0.139302	0.0734935	0.026263	-0.00944416	-0.0321068	-0.0447526	-0.055414	-0.0801857	-0.134941	-0.215993	-0.323539	
0.544664	0.519737	0.489829	0.476636	0.465929	0.450403	0.43977	0.439331	0.432388	0.404474	0.364332	0.338042	0.319227	0.289295	0.241831	0.202918	0.177847	0.156171	0.140355	0.127777	0.107204	0.06295	-0.0147656	-0.127436	-0.266663	
0.598773	0.555045	0.495992	0.449799	0.408792	0.369585	0.349214	0.348795	0.350455	0.342674	0.338042	0.344394	0.354703	0.352233	0.335521	0.324951	0.321791	0.312418	0.3022	0.289656	0.264253	0.21499	0.125329	-0.00808996	-0.16586	
0.622639	0.544826	0.445543	0.357695	0.291009	0.247236	0.227898	0.235518	0.258339	0.284089	0.319227	0.354703	0.387894	0.40749	0.421002	0.430931	0.444515	0.451817	0.454669	0.444105	0.420986	0.374885	0.27729	0.140622	-0.0163052	
0.603818	0.490453	0.358429	0.237454	0.148184	0.0933595	0.0829745	0.105336	0.154677	0.218322	0.289295	0.352233	0.40749	0.449504	0.480087	0.505904	0.536882	0.569786	0.59383	0.599677	0.585719	0.538123	0.439322	0.310202	0.165124	
0.539849	0.406282	0.254519	0.11192	0.00175031	-0.0594706	-0.0630827	-0.0224834	0.0484806	0.139302	0.241831	0.335521	0.421002	0.480087	0.529534	0.575588	0.626749	0.680341	0.725974	0.751688	0.746296	0.697289	0.603005	0.486977	0.350972	
0.446292	0.294982	0.132134	-0.0216081	-0.137872	-0.197101	-0.190753	-0.131048	-0.0410807	0.0734935	0.202918	0.324951	0.430931	0.505904	0.575588	0.650609	0.721537	0.792214	0.855671	0.891845	0.890239	0.845473	0.758754	0.649946	0.521157	
0.333193	0.173785	0.00642675	-0.142929	-0.254855	-0.30989	-0.296413	-0.223813	-0.1134	0.026263	0.177847	0.321791	0.444515	0.536882	0.626749	0.721537	0.811487	0.897899	0.970331	1.01138	1.0136	0.974988	0.899879	0.794145	0.668836	
0.214938	0.0648303	-0.0930117	-0.23348	-0.336787	-0.388483	-0.373432	-0.290941	-0.164857	-0.00944416	0.156171	0.312418	0.451817	0.569786	0.680341	0.792214	0.897899	0.99053	1.06003	1.09909	1.10735	1.07731	1.01466	0.920138	0.806021	
0.104202	-0.0253109	-0.16179	-0.283747	-0.375854	-0.420609	-0.408373	-0.32736	-0.196862	-0.0321068	0.140355	0.3022	0.454669	0.59383	0.725974	0.855671	0.970331	1.06003	1.12441	1.16317	1.17392	1.15185	1.09899	1.01957	0.912878	
0.00509917	-0.0920916	-0.192178	-0.286788	-0.3605	-0.404233	-0.400168	-0.33306	-0.206545	-0.0447526	0.127777	0.289656	0.444105	0.599677	0.751688	0.891845	1.01138	1.09909	1.16317	1.20311	1.2136	1.19576	1.1534	1.07897	0.960637	
-0.094961	-0.152273	-0.204746	-0.259763	-0.310732	-0.353878	-0.360476	-0.308213	-0.200055	-0.055414	0.107204	0.264253	0.420986	0.585719	0.746296	0.890239	1.0136	1.10735	1.17392	1.2136	1.22361	1.21142	1.17098	1.08517	0.943523	
-0.186184	-0.205918	-0.215556	-0.234547	-0.266762	-0.300158	-0.311714	-0.278224	-0.196786	-0.0801857	0.06295	0.21499	0.374885	0.538123	0.697289	0.845473	0.974988	1.07731	1.15185	1.19576	1.21142	1.20338	1.14576	1.03421	0.8708	
-0.259995	-0.251321	-0.232124	-0.224159	-0.23225	-0.258521	-0.275894	-0.268778	-0.220989	-0.134941	-0.0147656	0.125329	0.27729	0.439322	0.603005	0.758754	0.899879	1.01466	1.09899	1.1534	1.17098	1.14576	1.06407	0.929765	0.748997	
-0.325699	-0.29474	-0.256585	-0.226507	-0.218744	-0.233575	-0.263642	-0.286127	-0.271724	-0.215993	-0.127436	-0.00808996	0.140622	0.310202	0.486977	0.649946	0.794145	0.920138	1.01957	1.07897	1.08517	1.03421	0.929765	0.776395	0.581011	
-0.385213	-0.337716	-0.28122	-0.233452	-0.217866	-0.234444	-0.278118	-0.327429	-0.347336	-0.323539	-0.266663	-0.16586	-0.0163052	0.165124	0.350972	0.521157	0.668836	0.806021	0.912878	0.960637	0.943523	0.8708	0.748997	0.581011	0.377628	
-0.430701	-0.365802	-0.295969	-0.246107	-0.239674	-0.264875	-0.32046	-0.39335	-0.446219	-0.459225	-0.42747	-0.332779	-0.184776	-0.00130951	0.192396	0.370054	0.531188	0.674043	0.772727	0.805474	0.772616	0.681452	0.547821	0.365124	0.153152	
-0.464844	-0.387233	-0.308521	-0.264986	-0.274237	-0.318004	-0.390262	-0.483611	-0.568042	-0.609176	-0.589728	-0.499097	-0.358519	-0.182908	0.0137472	0.209335	0.383842	0.526065	0.616215	0.637218	0.592588	0.487754	0.340144	0.152635	-0.0589942	
-0.476087	-0.39191	-0.313543	-0.282941	-0.315709	-0.381575	-0.474436	-0.586004	-0.688075	-0.745133	-0.733053	-0.649146	-0.51901	-0.348695	-0.148052	0.0608969	0.243012	0.381944	0.464877	0.479835	0.421582	0.303639	0.149498	-0.0348521	-0.246918	
-0.475497	-0.393649	-0.324287	-0.314145	-0.358373	-0.439649	-0.546939	-0.668704	-0.774911	-0.838501	-0.832489	-0.757333	-0.640002	-0.473604	-0.268465	-0.0552624	0.135226	0.274355	0.349679	0.351426	0.279183	0.150657	-0.00642781	-0.188582	-0.40607	
-0.467514	-0.389867	-0.33328	-0.336099	-0.386568	-0.472929	-0.589426	-0.717859	-0.825996	-0.8886	-0.882087	-0.814874	-0.705671	-0.544148	-0.342936	-0.126002	0.0717189	0.214286	0.282541	0.272256	0.189545	0.0597211	-0.101798	-0.289289	-0.511798	
-0.464673	-0.388259	-0.334543	-0.339931	-0.392109	-0.477833	-0.596177	-0.726841	-0.835208	-0.896987	-0.890929	-0.824229	-0.716306	-0.556751	-0.35665	-0.13803	0.0606214	0.203637	0.271012	0.257641	0.173199	0.0444036	-0.11848	-0.307575	-0.530234	
-0.472373	-0.393002	-0.329112	-0.325149	-0.371795	-0.456816	-0.568016	-0.692608	-0.799808	-0.863665	-0.857531	-0.7857	-0.673227	-0.508718	-0.304482	-0.0897258	0.104273	0.245	0.316138	0.313159	0.236069	0.105339	-0.0530893	-0.236632	-0.456786	
-0.477678	-0.392783	-0.316739	-0.294158	-0.3334	-0.406575	-0.506625	-0.62266	-0.727071	-0.788227	-0.778972	-0.69887	-0.573124	-0.405043	-0.201545	0.00955921	0.195017	0.332863	0.4135	0.423832	0.359854	0.237512	0.0810669	-0.101207	-0.314919	
-0.471467	-0.390798	-0.31068	-0.271054	-0.289621	-0.343043	-0.423419	-0.52486	-0.618603	-0.667177	-0.650823	-0.562508	-0.426476	-0.252773	-0.0550516	0.147346	0.325185	0.466547	0.553066	0.571926	0.522171	0.411942	0.26057	0.0734845	-0.137303	
-0.446457	-0.375586	-0.301932	-0.254491	-0.253525	-0.283847	-0.345041	-0.426807	-0.492892	-0.518774	-0.492911	-0.399395	-0.254209	-0.0737276	0.122364	0.306076	0.473139	0.616264	0.710961	0.738155	0.700958	0.603875	0.464443	0.27822	0.0653248	
-0.405013	-0.350376	-0.287503	-0.237363	-0.223366	-0.24288	-0.291743	-0.35043	-0.384534	-0.375466	-0.328981	-0.23246	-0.0826152	0.100945	0.289909	0.462833	0.615409	0.754999	0.860741	0.901944	0.876913	0.796745	0.669578	0.495859	0.289028	
-0.35046	-0.312667	-0.267066	-0.228542	-0.217043	-0.230682	-0.266096	-0.299709	-0.298299	-0.255512	-0.180729	-0.0692572	0.0795143	0.254607	0.435212	0.60091	0.745631	0.876583	0.980028	1.03723	1.03509	0.974084	0.862227	0.702606	0.503252	
-0.287256	-0.269092	-0.241183	-0.224457	-0.22455	-0.245908	-0.268433	-0.272676	-0.238362	-0.164	-0.0559185	0.0764877	0.226777	0.390039	0.558272	0.717425	0.861303	0.980356	1.07073	1.12793	1.14327	1.1078	1.01613	0.873653	0.687458	
-0.216407	-0.224003	-0.221103	-0.228189	-0.251121	-0.281389	-0.294694	-0.270988	-0.203229	-0.0994711	0.0360779	0.184094	0.3419	0.504445	0.663692	0.814243	0.949037	1.05596	1.13329	1.18175	1.19944	1.18734	1.12026	0.998606	0.827326	
-0.134599	-0.176077	-0.209219	-0.248668	-0.291903	-0.331454	-0.34063	-0.295113	-0.196391	-0.0619051	0.0927992	0.2487	0.407284	0.572	0.732849	0.878402	1.00323	1.10071	1.16993	1.20961	1.22102	1.21168	1.1666	1.0714	0.920591	
-0.034031	-0.115624	-0.19733	-0.277132	-0.341732	-0.386624	-0.387559	-0.325856	-0.20515	-0.0487188	0.121362	0.28108	0.436241	0.596905	0.75378	0.895612	1.0168	1.10639	1.17045	1.21093	1.22093	1.20479	1.16579	1.08867	0.961088	
0.0635015	-0.0544545	-0.178757	-0.291196	-0.376102	-0.419299	-0.409518	-0.333428	-0.202923	-0.0382468	0.135216	0.297778	0.452599	0.598426	0.739423	0.874234	0.992035	1.07956	1.1431	1.18192	1.19301	1.17367	1.12409	1.04912	0.940037	
0.169057	0.0260808	-0.123908	-0.258302	-0.358422	-0.407437	-0.39282	-0.309039	-0.180147	-0.0200108	0.148808	0.308403	0.453676	0.581399	0.69957	0.819118	0.92943	1.02212	1.08829	1.12704	1.13746	1.11055	1.05214	0.963321	0.854087	
0.285569	0.128062	-0.0374257	-0.183532	-0.291925	-0.346363	-0.331746	-0.254222	-0.136114	0.00999713	0.168704	0.318716	0.448717	0.550374	0.649136	0.749607	0.846681	0.9368	1.00974	1.0499	1.05474	1.01969	0.948922	0.847235	0.725179	
0.403174	0.246013	0.0802719	-0.0726862	-0.188443	-0.245909	-0.236075	-0.170048	-0.0721065	0.0530137	0.192085	0.323688	0.436035	0.518001	0.595228	0.679947	0.758781	0.83533	0.904295	0.943124	0.942198	0.900035	0.817918	0.709621	0.58245	
0.505268	0.365374	0.207747	0.0585931	-0.0558289	-0.116204	-0.116402	-0.0684159	0.0102217	0.109809	0.223537	0.330283	0.424947	0.489925	0.547705	0.605182	0.664008	0.72531	0.778158	0.80936	0.806478	0.758244	0.666554	0.554563	0.421639	
0.582995	0.459646	0.319522	0.187875	0.0889362	0.0305072	0.0232092	0.0531079	0.111176	0.187407	0.271508	0.345943	0.413848	0.46299	0.500182	0.533268	0.572569	0.614157	0.647656	0.661633	0.651435	0.602887	0.505026	0.380773	0.240491	
0.620873	0.527519	0.413067	0.311175	0.234957	0.187294	0.172019	0.184789	0.218176	0.25968	0.309548	0.355846	0.396976	0.426162	0.447575	0.463741	0.483658	0.501361	0.511226	0.506478	0.486367	0.439621	0.341111	0.206488	0.0541524	
0.611894	0.556443	0.482463	0.419292	0.368097	0.325789	0.303716	0.305914	0.314537	0.319135	0.330514	0.349171	0.368983	0.374922	0.371747	0.370971	0.374405	0.370835	0.364886	0.351488	0.326544	0.278098	0.184497	0.0479267	-0.11136	
0.570006	0.539107	0.498768	0.473775	0.45045	0.4232	0.407807	0.406252	0.401489	0.379547	0.352181	0.338908	0.333928	0.315506	0.280318	0.2529	0.237288	0.22045	0.206099	0.194252	0.171161	0.123242	0.0399129	-0.0831322	-0.233081	
