0.730227	0.830439	0.89027	0.926692	0.946067	0.936944	0.904097	0.848437	0.761976	0.621595	0.427413	0.21534	-0.00767292	-0.231573	-0.428054	-0.561218	-0.608362	-0.561078	-0.428785	-0.24567	-0.022542	0.205408	0.384992	0.491052	0.502452	
0.830439	0.939517	1.00747	1.04894	1.0734	1.06975	1.04266	1.00272	0.931403	0.804198	0.619075	0.405377	0.177973	-0.0510318	-0.253526	-0.397715	-0.460438	-0.434526	-0.329235	-0.171459	0.0186289	0.207754	0.347101	0.406383	0.37285	
0.89027	1.00747	1.08515	1.12902	1.15619	1.16683	1.15887	1.13774	1.08358	0.970998	0.801597	0.595138	0.371546	0.152772	-0.0459728	-0.198165	-0.278173	-0.272155	-0.190523	-0.0581129	0.0918578	0.226878	0.311077	0.310107	0.223962	
0.926692	1.04894	1.12902	1.17717	1.20934	1.2343	1.2469	1.24361	1.20654	1.11507	0.967762	0.781122	0.57248	0.363281	0.16923	0.00964431	-0.0824145	-0.0906025	-0.0326628	0.0668755	0.171084	0.251214	0.273534	0.21728	0.0866082	
0.946067	1.0734	1.15619	1.20934	1.25382	1.2897	1.31665	1.33385	1.31383	1.23901	1.11708	0.955103	0.769526	0.568717	0.375177	0.213148	0.113463	0.083393	0.110084	0.167359	0.228529	0.262098	0.237994	0.143331	-0.0182261	
0.936944	1.06975	1.16683	1.2343	1.2897	1.33918	1.3847	1.41614	1.40414	1.34411	1.24341	1.0991	0.931002	0.746291	0.557698	0.398484	0.291004	0.235352	0.22329	0.231651	0.250395	0.250755	0.198375	0.0792191	-0.0978984	
0.904097	1.04266	1.15887	1.2469	1.31665	1.3847	1.4399	1.47376	1.46889	1.41721	1.32869	1.19953	1.04667	0.875955	0.703167	0.55411	0.440391	0.364547	0.307167	0.269133	0.247118	0.217713	0.147253	0.015534	-0.165739	
0.848437	1.00272	1.13774	1.24361	1.33385	1.41614	1.47376	1.49643	1.49107	1.4494	1.36524	1.24212	1.09606	0.941528	0.788118	0.645546	0.52557	0.434206	0.350131	0.279419	0.22864	0.176729	0.0916818	-0.0451109	-0.228135	
0.761976	0.931403	1.08358	1.20654	1.31383	1.40414	1.46889	1.49107	1.48394	1.44282	1.35016	1.22392	1.08498	0.942621	0.797313	0.658935	0.535589	0.428064	0.326683	0.239525	0.173594	0.108649	0.0222734	-0.101918	-0.269832	
0.621595	0.804198	0.970998	1.11507	1.23901	1.34411	1.41721	1.4494	1.44282	1.38673	1.27957	1.14281	0.996256	0.854598	0.720419	0.593625	0.474162	0.355725	0.249154	0.156338	0.0836466	0.0172594	-0.0520101	-0.148661	-0.279382	
0.427413	0.619075	0.801597	0.967762	1.11708	1.24341	1.32869	1.36524	1.35016	1.27957	1.15524	1.00417	0.848804	0.704615	0.58218	0.472023	0.367494	0.253979	0.149664	0.0642623	-0.00724502	-0.0599045	-0.109613	-0.174627	-0.258563	
0.21534	0.405377	0.595138	0.781122	0.955103	1.0991	1.19953	1.24212	1.22392	1.14281	1.00417	0.840641	0.673369	0.529362	0.415644	0.32452	0.236328	0.142241	0.0527408	-0.0221945	-0.0839807	-0.117417	-0.146368	-0.176968	-0.213276	
-0.00767292	0.177973	0.371546	0.57248	0.769526	0.931002	1.04667	1.09606	1.08498	0.996256	0.848804	0.673369	0.501632	0.364211	0.258191	0.174133	0.0996509	0.0256273	-0.0387746	-0.0928611	-0.138401	-0.1543	-0.156704	-0.154709	-0.144391	
-0.231573	-0.0510318	0.152772	0.363281	0.568717	0.746291	0.875955	0.941528	0.942621	0.854598	0.704615	0.529362	0.364211	0.230382	0.124994	0.0385239	-0.0284878	-0.080355	-0.113007	-0.136798	-0.153708	-0.150708	-0.125437	-0.0912026	-0.0484526	
-0.428054	-0.253526	-0.0459728	0.16923	0.375177	0.557698	0.703167	0.788118	0.797313	0.720419	0.58218	0.415644	0.258191	0.124994	0.0184024	-0.0777062	-0.145158	-0.172901	-0.168386	-0.147717	-0.126441	-0.101665	-0.0646066	-0.0137009	0.0446132	
-0.561218	-0.397715	-0.198165	0.00964431	0.213148	0.398484	0.55411	0.645546	0.658935	0.593625	0.472023	0.32452	0.174133	0.0385239	-0.0777062	-0.174296	-0.230675	-0.233495	-0.199392	-0.145495	-0.0925157	-0.0472409	-0.00429315	0.0485856	0.106999	
-0.608362	-0.460438	-0.278173	-0.0824145	0.113463	0.291004	0.440391	0.52557	0.535589	0.474162	0.367494	0.236328	0.0996509	-0.0284878	-0.145158	-0.230675	-0.264373	-0.249913	-0.20096	-0.132572	-0.0679148	-0.0164517	0.0249338	0.0702343	0.121889	
-0.561078	-0.434526	-0.272155	-0.0906025	0.083393	0.235352	0.364547	0.434206	0.428064	0.355725	0.253979	0.142241	0.0256273	-0.080355	-0.172901	-0.233495	-0.249913	-0.22393	-0.172469	-0.115523	-0.0568148	-0.0135782	0.014836	0.0451807	0.0850618	
-0.428785	-0.329235	-0.190523	-0.0326628	0.110084	0.22329	0.307167	0.350131	0.326683	0.249154	0.149664	0.0527408	-0.0387746	-0.113007	-0.168386	-0.199392	-0.20096	-0.172469	-0.133973	-0.0962235	-0.0631938	-0.0422085	-0.0348881	-0.0252761	-0.00580037	
-0.24567	-0.171459	-0.0581129	0.0668755	0.167359	0.231651	0.269133	0.279419	0.239525	0.156338	0.0642623	-0.0221945	-0.0928611	-0.136798	-0.147717	-0.145495	-0.132572	-0.115523	-0.0962235	-0.0848637	-0.0888142	-0.0978545	-0.115627	-0.136208	-0.144183	
-0.022542	0.0186289	0.0918578	0.171084	0.228529	0.250395	0.247118	0.22864	0.173594	0.0836466	-0.00724502	-0.0839807	-0.138401	-0.153708	-0.126441	-0.0925157	-0.0679148	-0.0568148	-0.0631938	-0.0888142	-0.124496	-0.165978	-0.216711	-0.268216	-0.304586	
0.205408	0.207754	0.226878	0.251214	0.262098	0.250755	0.217713	0.176729	0.108649	0.0172594	-0.0599045	-0.117417	-0.1543	-0.150708	-0.101665	-0.0472409	-0.0164517	-0.0135782	-0.0422085	-0.0978545	-0.165978	-0.244516	-0.330832	-0.412016	-0.470676	
0.384992	0.347101	0.311077	0.273534	0.237994	0.198375	0.147253	0.0916818	0.0222734	-0.0520101	-0.109613	-0.146368	-0.156704	-0.125437	-0.0646066	-0.00429315	0.0249338	0.014836	-0.0348881	-0.115627	-0.216711	-0.330832	-0.448797	-0.553673	-0.626669	
0.491052	0.406383	0.310107	0.21728	0.143331	0.0792191	0.015534	-0.0451109	-0.101918	-0.148661	-0.174627	-0.176968	-0.154709	-0.0912026	-0.0137009	0.0485856	0.0702343	0.0451807	-0.0252761	-0.136208	-0.268216	-0.412016	-0.553673	-0.671902	-0.755462	
0.502452	0.37285	0.223962	0.0866082	-0.0182261	-0.0978984	-0.165739	-0.228135	-0.269832	-0.279382	-0.258563	-0.213276	-0.144391	-0.0484526	0.0446132	0.106999	0.121889	0.0850618	-0.00580037	-0.144183	-0.304586	-0.470676	-0.626669	-0.755462	-0.843068	
0.426764	0.263701	0.0780503	-0.098568	-0.234128	-0.322869	-0.389004	-0.440586	-0.457132	-0.425939	-0.356196	-0.25932	-0.136593	-0.00477543	0.102705	0.165785	0.17793	0.130291	0.0198897	-0.13636	-0.313831	-0.495334	-0.659876	-0.793905	-0.879644	
0.279568	0.0959336	-0.11315	-0.31227	-0.468783	-0.572102	-0.631429	-0.662275	-0.650499	-0.578232	-0.459294	-0.306827	-0.133058	0.0293612	0.157728	0.223361	0.23131	0.176286	0.0622807	-0.096755	-0.290613	-0.48496	-0.66176	-0.797456	-0.871891	
0.108152	-0.0882801	-0.310279	-0.524928	-0.69611	-0.808867	-0.864029	-0.874181	-0.825604	-0.717716	-0.556516	-0.355586	-0.139657	0.0569687	0.206938	0.284131	0.294399	0.243442	0.130285	-0.0373372	-0.243617	-0.455675	-0.642557	-0.777129	-0.83877	
-0.046346	-0.249131	-0.474626	-0.69632	-0.876485	-0.993911	-1.04435	-1.03794	-0.965162	-0.831613	-0.641034	-0.408867	-0.15868	0.0693253	0.240634	0.337976	0.35886	0.313193	0.202292	0.0301439	-0.190805	-0.417421	-0.610796	-0.752545	-0.815217	
-0.144358	-0.347519	-0.577942	-0.803388	-0.983474	-1.10266	-1.15015	-1.13669	-1.0519	-0.906199	-0.693771	-0.433355	-0.163571	0.077327	0.258808	0.368412	0.402493	0.365952	0.256985	0.0734091	-0.159065	-0.39033	-0.588664	-0.739263	-0.807708	
-0.160437	-0.364504	-0.597106	-0.823912	-1.00153	-1.12054	-1.16895	-1.15453	-1.0684	-0.918288	-0.702136	-0.435781	-0.164041	0.0793758	0.262673	0.374093	0.409538	0.375626	0.267145	0.0809661	-0.153369	-0.385714	-0.58537	-0.737694	-0.807885	
-0.0947843	-0.297526	-0.524687	-0.747872	-0.929511	-1.04835	-1.09582	-1.08521	-1.00692	-0.868153	-0.667826	-0.421946	-0.162196	0.071872	0.248945	0.35301	0.380836	0.338055	0.227717	0.0506279	-0.175358	-0.403667	-0.599559	-0.745637	-0.810738	
0.0419542	-0.157111	-0.3812	-0.600213	-0.775826	-0.8907	-0.944222	-0.947562	-0.887377	-0.766477	-0.591871	-0.37828	-0.147183	0.0638795	0.22257	0.307504	0.321509	0.272189	0.159784	-0.00939128	-0.221157	-0.440457	-0.629989	-0.766695	-0.827148	
0.211216	0.021234	-0.193994	-0.399136	-0.56224	-0.670628	-0.728592	-0.749815	-0.723333	-0.637103	-0.499553	-0.325113	-0.133501	0.0414764	0.178632	0.247617	0.254996	0.200883	0.0872401	-0.0749284	-0.273901	-0.474798	-0.656101	-0.791366	-0.859672	
0.37408	0.202048	0.00526094	-0.182506	-0.327874	-0.422283	-0.484477	-0.52902	-0.535068	-0.48619	-0.397356	-0.278686	-0.134981	0.0096913	0.125183	0.188386	0.198903	0.147488	0.0336168	-0.124284	-0.308818	-0.4946	-0.663763	-0.798591	-0.88099	
0.482575	0.337343	0.172418	0.0180064	-0.0999333	-0.18226	-0.251505	-0.31101	-0.34312	-0.337584	-0.296367	-0.230229	-0.139873	-0.0296417	0.0678517	0.131079	0.144617	0.103646	0.00346109	-0.143881	-0.311539	-0.485125	-0.644701	-0.776359	-0.86438	
0.50699	0.403302	0.284105	0.1732	0.0865746	0.0147887	-0.0507746	-0.11323	-0.1653	-0.198006	-0.205749	-0.191089	-0.151575	-0.0761309	0.00852691	0.071181	0.0905598	0.0601815	-0.0185809	-0.140933	-0.285521	-0.438684	-0.586861	-0.710253	-0.795947	
0.437792	0.381956	0.321733	0.260239	0.208139	0.158304	0.101011	0.0426415	-0.0215582	-0.086355	-0.133214	-0.157482	-0.15616	-0.112043	-0.0446752	0.0158315	0.0422417	0.0257944	-0.0320963	-0.125108	-0.237505	-0.365082	-0.494377	-0.605539	-0.68252	
0.285095	0.271434	0.268904	0.268537	0.260816	0.237467	0.196913	0.148502	0.0771006	-0.00848418	-0.0792873	-0.129035	-0.156083	-0.142929	-0.089276	-0.0308628	0.000496562	-0.00189827	-0.0382025	-0.102994	-0.1856	-0.278728	-0.378431	-0.469692	-0.535175	
0.0718337	0.0980837	0.14985	0.207847	0.246921	0.254953	0.238276	0.209777	0.149203	0.0563142	-0.0297867	-0.0994722	-0.148311	-0.154935	-0.116976	-0.0731027	-0.0449855	-0.0363566	-0.0527957	-0.0920922	-0.140091	-0.196163	-0.261206	-0.324856	-0.370721	
-0.161151	-0.0984335	0.00107326	0.109781	0.193176	0.238529	0.258574	0.257433	0.21102	0.125563	0.0334178	-0.04982	-0.113267	-0.14512	-0.139203	-0.123591	-0.106856	-0.0921124	-0.0823902	-0.0845583	-0.102398	-0.12425	-0.154176	-0.187643	-0.206877	
-0.360451	-0.270627	-0.142001	0.0043619	0.130351	0.224504	0.289628	0.318743	0.289717	0.210291	0.113791	0.0215897	-0.060724	-0.12312	-0.160902	-0.178514	-0.173493	-0.149622	-0.118527	-0.0907363	-0.0717767	-0.06183	-0.0643231	-0.0656801	-0.0566507	
-0.516176	-0.40117	-0.247154	-0.074275	0.0889373	0.226523	0.339701	0.40032	0.386977	0.311378	0.20987	0.103885	-0.00271013	-0.0954958	-0.173871	-0.223513	-0.234362	-0.205557	-0.157301	-0.107009	-0.0560526	-0.0212595	-0.000545626	0.0226102	0.0549198	
-0.600908	-0.460477	-0.285381	-0.0954296	0.0927574	0.262312	0.406307	0.486814	0.490809	0.425719	0.323085	0.200394	0.0711928	-0.0513275	-0.161377	-0.237411	-0.263055	-0.243259	-0.192455	-0.12685	-0.0621792	-0.0116199	0.0256065	0.0653375	0.113669	
-0.591101	-0.433006	-0.240457	-0.0372292	0.164867	0.349324	0.503997	0.593561	0.607355	0.545967	0.430437	0.289363	0.143331	0.00963725	-0.109521	-0.203168	-0.251107	-0.246082	-0.203927	-0.141308	-0.081109	-0.0315724	0.0121473	0.0634804	0.119075	
-0.49043	-0.320373	-0.113595	0.100015	0.30445	0.488553	0.639651	0.729922	0.740615	0.667751	0.536479	0.377559	0.223213	0.0882653	-0.0220574	-0.119347	-0.184324	-0.20166	-0.183762	-0.148069	-0.112185	-0.0779907	-0.0382296	0.0141808	0.0741022	
-0.315782	-0.136324	0.0692897	0.282509	0.489532	0.669897	0.805357	0.878702	0.884445	0.800829	0.653747	0.4799	0.317698	0.185803	0.0810292	-0.0104126	-0.076808	-0.119685	-0.137614	-0.143953	-0.146281	-0.135309	-0.103568	-0.0597214	-0.00911203	
-0.09879	0.0848497	0.282594	0.487863	0.690397	0.858832	0.979677	1.03535	1.02886	0.938532	0.788191	0.612456	0.442397	0.306101	0.200752	0.117685	0.0468111	-0.0182004	-0.0704273	-0.11475	-0.150038	-0.158091	-0.149052	-0.134477	-0.108376	
0.127913	0.316073	0.506174	0.698842	0.88311	1.03396	1.14124	1.18511	1.1683	1.08464	0.942573	0.772785	0.602498	0.460866	0.350505	0.263441	0.181707	0.0955563	0.0145888	-0.0525733	-0.109466	-0.135575	-0.154505	-0.1718	-0.189333	
0.343711	0.535091	0.722569	0.897397	1.05648	1.19084	1.28085	1.31979	1.30295	1.22635	1.09593	0.940547	0.78024	0.63527	0.516663	0.414813	0.316528	0.210621	0.11057	0.0278029	-0.0396676	-0.0849813	-0.126554	-0.178138	-0.242773	
