0.263188	0.233755	0.226846	0.232831	0.24917	0.25204	0.240045	0.227139	0.229081	0.247593	0.296731	0.374804	0.467533	0.564604	0.651315	0.743235	0.850976	0.964434	1.05434	1.11806	1.16636	1.19205	1.1839	1.13954	1.06837	
0.132957	0.087114	0.0612386	0.0525058	0.058238	0.0586762	0.0543433	0.0550755	0.0750038	0.111589	0.173241	0.254458	0.345269	0.445218	0.539257	0.644024	0.76754	0.900998	1.01148	1.102	1.18265	1.24294	1.26399	1.24197	1.18973	
0.0176887	-0.0354022	-0.0752476	-0.095995	-0.100727	-0.100085	-0.0998242	-0.0857864	-0.0533125	-0.00511362	0.0547992	0.123893	0.203151	0.293465	0.389594	0.500199	0.627118	0.76346	0.891342	1.00987	1.12441	1.21856	1.27407	1.2773	1.24975	
-0.0841523	-0.136428	-0.18125	-0.204841	-0.211625	-0.213206	-0.208176	-0.193379	-0.156483	-0.104977	-0.0539903	-0.000268541	0.0634966	0.139853	0.22438	0.328161	0.447389	0.576497	0.707763	0.845821	0.988361	1.11688	1.20651	1.2454	1.25473	
-0.165565	-0.210709	-0.251563	-0.27333	-0.285394	-0.287913	-0.278789	-0.262313	-0.228996	-0.182469	-0.142933	-0.105253	-0.0593604	-0.00554852	0.0607466	0.145729	0.245537	0.360183	0.489528	0.630879	0.78527	0.936857	1.06104	1.14362	1.19901	
-0.210905	-0.245505	-0.286504	-0.31205	-0.329356	-0.33234	-0.320349	-0.298419	-0.262855	-0.222314	-0.200004	-0.186524	-0.163681	-0.137311	-0.0923457	-0.0328273	0.0398027	0.134721	0.255681	0.391729	0.543745	0.705417	0.853756	0.980352	1.09031	
-0.228552	-0.254487	-0.295535	-0.328748	-0.351307	-0.357291	-0.338362	-0.310275	-0.270708	-0.235506	-0.226206	-0.232043	-0.237362	-0.241569	-0.224315	-0.188811	-0.142112	-0.0725117	0.0269364	0.150455	0.292755	0.452471	0.613454	0.782752	0.943357	
-0.229978	-0.250289	-0.28631	-0.320266	-0.344507	-0.350831	-0.330658	-0.300694	-0.264221	-0.234945	-0.231448	-0.248459	-0.27562	-0.305513	-0.316249	-0.309144	-0.290421	-0.24627	-0.177228	-0.082991	0.0428093	0.199585	0.367387	0.560766	0.762771	
-0.222522	-0.230778	-0.256123	-0.279738	-0.295558	-0.301278	-0.286292	-0.266644	-0.23988	-0.223031	-0.228422	-0.253352	-0.295016	-0.337352	-0.371797	-0.388148	-0.4009	-0.391101	-0.356632	-0.295911	-0.189402	-0.044493	0.131991	0.334805	0.557554	
-0.216455	-0.209832	-0.214597	-0.222725	-0.233084	-0.235985	-0.227177	-0.217097	-0.211077	-0.212324	-0.227398	-0.258916	-0.300266	-0.348834	-0.391726	-0.427958	-0.465125	-0.490325	-0.491857	-0.457914	-0.379197	-0.254583	-0.0849902	0.11331	0.33397	
-0.220752	-0.203907	-0.190714	-0.182959	-0.184084	-0.185199	-0.182711	-0.18643	-0.198639	-0.212766	-0.235209	-0.268715	-0.305584	-0.348967	-0.390859	-0.435356	-0.484322	-0.531807	-0.55818	-0.544077	-0.490811	-0.394227	-0.259294	-0.0873376	0.118174	
-0.23669	-0.220941	-0.202969	-0.183239	-0.171995	-0.171387	-0.176692	-0.19489	-0.21437	-0.229978	-0.24934	-0.275951	-0.304645	-0.33637	-0.368844	-0.404488	-0.453027	-0.512073	-0.556556	-0.563309	-0.531377	-0.46117	-0.366572	-0.24433	-0.0836211	
-0.258883	-0.243415	-0.221087	-0.197858	-0.184708	-0.185265	-0.189944	-0.21205	-0.234595	-0.253317	-0.266777	-0.279549	-0.292777	-0.306581	-0.327522	-0.35679	-0.409344	-0.469117	-0.519233	-0.542692	-0.532968	-0.489535	-0.425849	-0.356524	-0.25271	
-0.271952	-0.259361	-0.239106	-0.218094	-0.204493	-0.203933	-0.210539	-0.231272	-0.251174	-0.26802	-0.273996	-0.270912	-0.264364	-0.260987	-0.271912	-0.301302	-0.359545	-0.420559	-0.472337	-0.504269	-0.51346	-0.503682	-0.476857	-0.445049	-0.38387	
-0.269025	-0.272736	-0.263723	-0.243292	-0.22117	-0.215974	-0.233427	-0.256594	-0.271186	-0.271755	-0.262511	-0.24834	-0.23409	-0.221888	-0.218247	-0.243916	-0.299031	-0.360803	-0.415149	-0.456564	-0.487434	-0.506817	-0.517997	-0.515275	-0.484293	
-0.270776	-0.285093	-0.281265	-0.263804	-0.245613	-0.239449	-0.257247	-0.27423	-0.285835	-0.278711	-0.255721	-0.229911	-0.211705	-0.196147	-0.186508	-0.202854	-0.239665	-0.291922	-0.352026	-0.410723	-0.454755	-0.493803	-0.531851	-0.55378	-0.545539	
-0.279158	-0.29406	-0.29326	-0.282814	-0.269116	-0.266458	-0.277819	-0.289625	-0.294811	-0.287872	-0.261895	-0.231788	-0.208952	-0.185582	-0.171059	-0.179478	-0.202855	-0.236985	-0.287133	-0.350881	-0.411485	-0.466739	-0.515216	-0.553525	-0.567338	
-0.278988	-0.297486	-0.301077	-0.28871	-0.268851	-0.263999	-0.280475	-0.298254	-0.300907	-0.287853	-0.264518	-0.244212	-0.226513	-0.204156	-0.184758	-0.180185	-0.185291	-0.201544	-0.235564	-0.288946	-0.356814	-0.421067	-0.473071	-0.518706	-0.547622	
-0.271584	-0.287605	-0.287012	-0.270265	-0.253788	-0.249646	-0.262781	-0.281809	-0.290149	-0.278952	-0.261322	-0.253148	-0.251527	-0.245269	-0.227575	-0.205204	-0.1852	-0.185005	-0.203783	-0.239119	-0.29732	-0.36205	-0.414312	-0.458162	-0.498624	
-0.257111	-0.260348	-0.25588	-0.246582	-0.243379	-0.240839	-0.245688	-0.251644	-0.259902	-0.258071	-0.257358	-0.262953	-0.275684	-0.283814	-0.270833	-0.243789	-0.207188	-0.185067	-0.182282	-0.201614	-0.241612	-0.298693	-0.356494	-0.404002	-0.446417	
-0.236464	-0.228405	-0.231741	-0.23525	-0.235065	-0.232207	-0.236875	-0.232815	-0.228575	-0.231382	-0.247423	-0.268991	-0.293046	-0.310073	-0.302221	-0.278079	-0.236485	-0.19344	-0.170949	-0.181448	-0.208169	-0.254868	-0.315221	-0.365744	-0.400256	
-0.221968	-0.207795	-0.211167	-0.222044	-0.226539	-0.226897	-0.225024	-0.215028	-0.207368	-0.214483	-0.235808	-0.266771	-0.303467	-0.325926	-0.317557	-0.293294	-0.256651	-0.212459	-0.180453	-0.181753	-0.205335	-0.243695	-0.295177	-0.337978	-0.36178	
-0.220007	-0.200363	-0.196925	-0.211176	-0.230265	-0.233859	-0.220047	-0.200265	-0.197053	-0.210996	-0.235973	-0.268018	-0.298582	-0.315186	-0.309374	-0.291473	-0.262358	-0.230525	-0.205041	-0.200993	-0.218699	-0.247556	-0.283894	-0.310951	-0.322174	
-0.221739	-0.201956	-0.201273	-0.218915	-0.241057	-0.245591	-0.228548	-0.206561	-0.199376	-0.211939	-0.239699	-0.266454	-0.278867	-0.281472	-0.280255	-0.272933	-0.257798	-0.243743	-0.227865	-0.21868	-0.231529	-0.259226	-0.281083	-0.287612	-0.285807	
-0.220177	-0.208052	-0.213942	-0.23455	-0.255115	-0.257759	-0.243911	-0.221245	-0.208213	-0.213075	-0.233689	-0.249353	-0.250019	-0.246913	-0.251766	-0.258849	-0.257298	-0.255413	-0.251783	-0.246415	-0.250676	-0.267322	-0.274738	-0.265086	-0.251968	
-0.216922	-0.214232	-0.223094	-0.246735	-0.269117	-0.273681	-0.25677	-0.231405	-0.215863	-0.215489	-0.219134	-0.221043	-0.220806	-0.220472	-0.229015	-0.248603	-0.266937	-0.276431	-0.280197	-0.274546	-0.268317	-0.271439	-0.266419	-0.245786	-0.225351	
-0.214232	-0.218481	-0.228681	-0.248042	-0.264959	-0.269118	-0.255404	-0.235499	-0.221501	-0.216238	-0.210567	-0.203516	-0.200686	-0.203276	-0.218412	-0.246688	-0.278696	-0.29581	-0.296297	-0.289066	-0.278179	-0.264739	-0.250149	-0.230565	-0.208813	
-0.223094	-0.228681	-0.23358	-0.236802	-0.238328	-0.239322	-0.237177	-0.235311	-0.230729	-0.225645	-0.21844	-0.206609	-0.196461	-0.203181	-0.224334	-0.24512	-0.274988	-0.298577	-0.298172	-0.285581	-0.272097	-0.249165	-0.22682	-0.210754	-0.192794	
-0.246735	-0.248042	-0.236802	-0.219283	-0.204844	-0.202847	-0.211739	-0.230625	-0.244918	-0.248444	-0.240254	-0.224768	-0.212516	-0.216133	-0.231448	-0.240439	-0.259748	-0.28404	-0.288348	-0.271683	-0.251757	-0.228432	-0.204832	-0.188788	-0.179387	
-0.269117	-0.264959	-0.238328	-0.204844	-0.178713	-0.174231	-0.191961	-0.225345	-0.256251	-0.270581	-0.26139	-0.245636	-0.234694	-0.226552	-0.231024	-0.239478	-0.249666	-0.262433	-0.272331	-0.257182	-0.229293	-0.210669	-0.193121	-0.17548	-0.174	
-0.273681	-0.269118	-0.239322	-0.202847	-0.174231	-0.169705	-0.189071	-0.224978	-0.259089	-0.275552	-0.264936	-0.249268	-0.2389	-0.228224	-0.228875	-0.237125	-0.24638	-0.257281	-0.268774	-0.252687	-0.223048	-0.208359	-0.19379	-0.174979	-0.174437	
-0.25677	-0.255404	-0.237177	-0.211739	-0.191961	-0.189071	-0.202012	-0.227729	-0.249664	-0.25825	-0.249906	-0.23412	-0.222442	-0.221275	-0.232859	-0.241184	-0.255296	-0.274805	-0.282086	-0.266648	-0.24285	-0.219599	-0.197518	-0.1811	-0.175905	
-0.231405	-0.235499	-0.235311	-0.230625	-0.225345	-0.224978	-0.227729	-0.234222	-0.236225	-0.233712	-0.226007	-0.212502	-0.200426	-0.207401	-0.227078	-0.242367	-0.269215	-0.295133	-0.295818	-0.279776	-0.264531	-0.241928	-0.218241	-0.201929	-0.186772	
-0.215863	-0.221501	-0.230729	-0.244918	-0.256251	-0.259089	-0.249664	-0.236225	-0.224593	-0.218032	-0.211524	-0.20257	-0.196898	-0.201226	-0.219152	-0.246437	-0.279811	-0.299409	-0.297995	-0.289382	-0.278212	-0.259344	-0.240712	-0.222914	-0.20272	
-0.215489	-0.216238	-0.225645	-0.248444	-0.270581	-0.275552	-0.25825	-0.233712	-0.218032	-0.215595	-0.214268	-0.212094	-0.211177	-0.211934	-0.22291	-0.246931	-0.27247	-0.285051	-0.288642	-0.28307	-0.273885	-0.269732	-0.260875	-0.239855	-0.217576	
-0.219134	-0.210567	-0.21844	-0.240254	-0.26139	-0.264936	-0.249906	-0.226007	-0.211524	-0.214268	-0.228299	-0.238505	-0.237663	-0.235223	-0.241551	-0.253919	-0.260251	-0.26347	-0.263451	-0.258081	-0.257902	-0.270137	-0.272585	-0.256804	-0.239947	
-0.221043	-0.203516	-0.206609	-0.224768	-0.245636	-0.249268	-0.23412	-0.212502	-0.20257	-0.212094	-0.238505	-0.262044	-0.268366	-0.266873	-0.268152	-0.266971	-0.25683	-0.247674	-0.236712	-0.228458	-0.238868	-0.262867	-0.278704	-0.277868	-0.271873	
-0.220806	-0.200686	-0.196461	-0.212516	-0.234694	-0.2389	-0.222442	-0.200426	-0.196898	-0.211177	-0.237663	-0.268366	-0.292207	-0.303402	-0.298264	-0.284358	-0.261026	-0.236768	-0.214515	-0.207628	-0.223337	-0.252662	-0.282638	-0.301061	-0.307178	
-0.220472	-0.203276	-0.203181	-0.216133	-0.226552	-0.228224	-0.221275	-0.207401	-0.201226	-0.211934	-0.235223	-0.266873	-0.303402	-0.325196	-0.31824	-0.295812	-0.261303	-0.219891	-0.189229	-0.188761	-0.210469	-0.243374	-0.288717	-0.326864	-0.345928	
-0.229015	-0.218412	-0.224334	-0.231448	-0.231024	-0.228875	-0.232859	-0.227078	-0.219152	-0.22291	-0.241551	-0.268152	-0.298264	-0.31824	-0.31016	-0.285255	-0.245588	-0.200227	-0.171798	-0.178144	-0.203328	-0.248104	-0.306256	-0.354869	-0.384595	
-0.248603	-0.246688	-0.24512	-0.240439	-0.239478	-0.237125	-0.241184	-0.242367	-0.246437	-0.246931	-0.253919	-0.266971	-0.284358	-0.295812	-0.285255	-0.260066	-0.219763	-0.187899	-0.176183	-0.191524	-0.225312	-0.277184	-0.336353	-0.385921	-0.42674	
-0.266937	-0.278696	-0.274988	-0.259748	-0.249666	-0.24638	-0.255296	-0.269215	-0.279811	-0.27247	-0.260251	-0.25683	-0.261026	-0.261303	-0.245588	-0.219763	-0.191208	-0.182877	-0.194009	-0.222114	-0.273465	-0.336796	-0.390861	-0.434987	-0.476943	
-0.276431	-0.29581	-0.298577	-0.28404	-0.262433	-0.257281	-0.274805	-0.295133	-0.299409	-0.285051	-0.26347	-0.247674	-0.236768	-0.219891	-0.200227	-0.187899	-0.182877	-0.192843	-0.220435	-0.267703	-0.333091	-0.398875	-0.450194	-0.495574	-0.530175	
-0.280197	-0.296297	-0.298172	-0.288348	-0.272331	-0.268774	-0.282086	-0.295818	-0.297995	-0.288642	-0.263451	-0.236712	-0.214515	-0.189229	-0.171798	-0.176183	-0.194009	-0.220435	-0.264582	-0.324899	-0.390836	-0.450591	-0.501427	-0.544015	-0.564061	
-0.274546	-0.289066	-0.285581	-0.271683	-0.257182	-0.252687	-0.266648	-0.279776	-0.289382	-0.28307	-0.258081	-0.228458	-0.207628	-0.188761	-0.178144	-0.191524	-0.222114	-0.267703	-0.324899	-0.388085	-0.43872	-0.485837	-0.528613	-0.558085	-0.558898	
-0.268317	-0.278179	-0.272097	-0.251757	-0.229293	-0.223048	-0.24285	-0.264531	-0.278212	-0.273885	-0.257902	-0.238868	-0.223337	-0.210469	-0.203328	-0.225312	-0.273465	-0.333091	-0.390836	-0.43872	-0.475964	-0.503083	-0.526898	-0.535479	-0.514103	
-0.271439	-0.264739	-0.249165	-0.228432	-0.210669	-0.208359	-0.219599	-0.241928	-0.259344	-0.269732	-0.270137	-0.262867	-0.252662	-0.243374	-0.248104	-0.277184	-0.336796	-0.398875	-0.450591	-0.485837	-0.503083	-0.506855	-0.495936	-0.475842	-0.427704	
-0.266419	-0.250149	-0.22682	-0.204832	-0.193121	-0.19379	-0.197518	-0.218241	-0.240712	-0.260875	-0.272585	-0.278704	-0.282638	-0.288717	-0.306256	-0.336353	-0.390861	-0.450194	-0.501427	-0.528613	-0.526898	-0.495936	-0.446314	-0.393786	-0.309405	
-0.245786	-0.230565	-0.210754	-0.188788	-0.17548	-0.174979	-0.1811	-0.201929	-0.222914	-0.239855	-0.256804	-0.277868	-0.301061	-0.326864	-0.354869	-0.385921	-0.434987	-0.495574	-0.544015	-0.558085	-0.535479	-0.475842	-0.393786	-0.29354	-0.156286	
-0.225351	-0.208813	-0.192794	-0.179387	-0.174	-0.174437	-0.175905	-0.186772	-0.20272	-0.217576	-0.239947	-0.271873	-0.307178	-0.345928	-0.384595	-0.42674	-0.476943	-0.530175	-0.564061	-0.558898	-0.514103	-0.427704	-0.309405	-0.156286	0.0349317	
