-1.16819	-1.12986	-1.04337	-0.914977	-0.752773	-0.583149	-0.421959	-0.284261	-0.183742	-0.124141	-0.100191	-0.0917147	-0.0864596	-0.0640589	-0.00158012	0.112384	0.26031	0.43247	0.607978	0.764295	0.880353	0.945063	0.96829	0.957424	0.916096	
-1.12986	-1.07813	-0.978714	-0.8332	-0.652049	-0.46496	-0.29285	-0.151689	-0.051762	-0.000629409	0.0129968	0.0240445	0.0298777	0.044014	0.0904801	0.191316	0.323189	0.480734	0.644202	0.78677	0.881235	0.925918	0.930045	0.899372	0.839634	
-1.04337	-0.978714	-0.866728	-0.70242	-0.505651	-0.303889	-0.130665	0.00764186	0.10054	0.149508	0.162895	0.166521	0.156922	0.148818	0.172554	0.246569	0.357989	0.493558	0.639694	0.76453	0.848535	0.884986	0.875881	0.824316	0.744854	
-0.914977	-0.8332	-0.70242	-0.5206	-0.314234	-0.106081	0.0694347	0.202694	0.295614	0.337403	0.3349	0.311619	0.280474	0.24742	0.241685	0.283788	0.368258	0.477831	0.604384	0.71698	0.797789	0.830801	0.811793	0.744857	0.652277	
-0.752773	-0.652049	-0.505651	-0.314234	-0.095891	0.118574	0.293468	0.418611	0.501913	0.5204	0.493862	0.439297	0.377433	0.313627	0.279852	0.291388	0.34796	0.440932	0.556053	0.661537	0.737295	0.768891	0.742388	0.671628	0.576683	
-0.583149	-0.46496	-0.303889	-0.106081	0.118574	0.330924	0.504773	0.622457	0.679041	0.668141	0.610571	0.523146	0.421432	0.333998	0.275021	0.264989	0.302856	0.391596	0.499665	0.600998	0.674483	0.705324	0.676961	0.613037	0.52835	
-0.421959	-0.29285	-0.130665	0.0694347	0.293468	0.504773	0.673468	0.774819	0.798719	0.755784	0.662887	0.538348	0.407195	0.300405	0.227607	0.204653	0.236284	0.323306	0.432727	0.533202	0.6056	0.6371	0.620253	0.573462	0.50246	
-0.284261	-0.151689	0.00764186	0.202694	0.418611	0.622457	0.774819	0.849817	0.835314	0.75504	0.631733	0.486312	0.336513	0.210183	0.129575	0.104601	0.139704	0.228602	0.340952	0.441153	0.517323	0.561996	0.566131	0.535143	0.471712	
-0.183742	-0.051762	0.10054	0.295614	0.501913	0.679041	0.798719	0.835314	0.785673	0.671595	0.529686	0.369133	0.20645	0.0714334	-0.00541902	-0.0227787	0.0115329	0.0958175	0.207461	0.320827	0.413546	0.478821	0.498466	0.475754	0.417828	
-0.124141	-0.000629409	0.149508	0.337403	0.5204	0.668141	0.755784	0.75504	0.671595	0.531529	0.367733	0.199196	0.0404413	-0.0832756	-0.15049	-0.1649	-0.136237	-0.0585793	0.0623792	0.194033	0.306163	0.38654	0.420936	0.403796	0.353774	
-0.100191	0.0129968	0.162895	0.3349	0.493862	0.610571	0.662887	0.631733	0.529686	0.367733	0.188259	0.0227284	-0.122384	-0.236449	-0.300894	-0.315673	-0.283333	-0.199012	-0.0682185	0.071765	0.194648	0.287994	0.333871	0.324989	0.284765	
-0.0917147	0.0240445	0.166521	0.311619	0.439297	0.523146	0.538348	0.486312	0.369133	0.199196	0.0227284	-0.134758	-0.272237	-0.384895	-0.452036	-0.46634	-0.420598	-0.323822	-0.187582	-0.0414633	0.0896428	0.188827	0.236563	0.23849	0.210356	
-0.0864596	0.0298777	0.156922	0.280474	0.377433	0.421432	0.407195	0.336513	0.20645	0.0404413	-0.122384	-0.272237	-0.405819	-0.511451	-0.580227	-0.593679	-0.543655	-0.435589	-0.29308	-0.136861	-0.00133697	0.10038	0.149604	0.160341	0.137808	
-0.0640589	0.044014	0.148818	0.24742	0.313627	0.333998	0.300405	0.210183	0.0714334	-0.0832756	-0.236449	-0.384895	-0.511451	-0.607064	-0.670375	-0.683449	-0.628469	-0.516721	-0.37364	-0.219191	-0.0758451	0.034234	0.0936638	0.106265	0.0843788	
-0.00158012	0.0904801	0.172554	0.241685	0.279852	0.275021	0.227607	0.129575	-0.00541902	-0.15049	-0.300894	-0.452036	-0.580227	-0.670375	-0.721151	-0.724487	-0.667942	-0.562387	-0.425891	-0.274328	-0.126939	-0.0105572	0.0596399	0.0801198	0.059303	
0.112384	0.191316	0.246569	0.283788	0.291388	0.264989	0.204653	0.104601	-0.0227787	-0.1649	-0.315673	-0.46634	-0.593679	-0.683449	-0.724487	-0.725346	-0.675424	-0.575797	-0.435907	-0.284308	-0.143037	-0.0271037	0.0527607	0.080592	0.0599818	
0.26031	0.323189	0.357989	0.368258	0.34796	0.302856	0.236284	0.139704	0.0115329	-0.136237	-0.283333	-0.420598	-0.543655	-0.628469	-0.667942	-0.675424	-0.637321	-0.53729	-0.395012	-0.242804	-0.102953	0.0190635	0.0976457	0.119023	0.0974227	
0.43247	0.480734	0.493558	0.477831	0.440932	0.391596	0.323306	0.228602	0.0958175	-0.0585793	-0.199012	-0.323822	-0.435589	-0.516721	-0.562387	-0.575797	-0.53729	-0.444885	-0.312607	-0.15807	-0.00550601	0.118374	0.187515	0.202795	0.189115	
0.607978	0.644202	0.639694	0.604384	0.556053	0.499665	0.432727	0.340952	0.207461	0.0623792	-0.0682185	-0.187582	-0.29308	-0.37364	-0.425891	-0.435907	-0.395012	-0.312607	-0.186692	-0.0266461	0.126562	0.241932	0.311313	0.339531	0.332824	
0.764295	0.78677	0.76453	0.71698	0.661537	0.600998	0.533202	0.441153	0.320827	0.194033	0.071765	-0.0414633	-0.136861	-0.219191	-0.274328	-0.284308	-0.242804	-0.15807	-0.0266461	0.128731	0.272074	0.385349	0.467303	0.50645	0.498257	
0.880353	0.881235	0.848535	0.797789	0.737295	0.674483	0.6056	0.517323	0.413546	0.306163	0.194648	0.0896428	-0.00133697	-0.0758451	-0.126939	-0.143037	-0.102953	-0.00550601	0.126562	0.272074	0.415459	0.540916	0.629526	0.665883	0.653362	
0.945063	0.925918	0.884986	0.830801	0.768891	0.705324	0.6371	0.561996	0.478821	0.38654	0.287994	0.188827	0.10038	0.034234	-0.0105572	-0.0271037	0.0190635	0.118374	0.241932	0.385349	0.540916	0.676162	0.764627	0.796117	0.784733	
0.96829	0.930045	0.875881	0.811793	0.742388	0.676961	0.620253	0.566131	0.498466	0.420936	0.333871	0.236563	0.149604	0.0936638	0.0596399	0.0527607	0.0976457	0.187515	0.311313	0.467303	0.629526	0.764627	0.853146	0.888589	0.884593	
0.957424	0.899372	0.824316	0.744857	0.671628	0.613037	0.573462	0.535143	0.475754	0.403796	0.324989	0.23849	0.160341	0.106265	0.0801198	0.080592	0.119023	0.202795	0.339531	0.50645	0.665883	0.796117	0.888589	0.934686	0.939721	
0.916096	0.839634	0.744854	0.652277	0.576683	0.52835	0.50246	0.471712	0.417828	0.353774	0.284765	0.210356	0.137808	0.0843788	0.059303	0.0599818	0.0974227	0.189115	0.332824	0.498257	0.653362	0.784733	0.884593	0.939721	0.946667	
0.861551	0.76594	0.650632	0.542596	0.467797	0.431087	0.414674	0.391052	0.344203	0.284315	0.220736	0.155226	0.0906183	0.0383093	0.00896627	0.00782412	0.0556937	0.153537	0.290399	0.450809	0.612874	0.751872	0.854767	0.907524	0.911582	
0.810158	0.690881	0.557129	0.440669	0.368123	0.339228	0.329226	0.309973	0.267858	0.211233	0.146618	0.0815147	0.0247903	-0.0204801	-0.0550448	-0.0582642	-0.0046662	0.0935808	0.222548	0.383948	0.55513	0.700192	0.800811	0.847973	0.853153	
0.753664	0.615565	0.476258	0.360644	0.290392	0.261051	0.250099	0.233824	0.196954	0.146017	0.0850513	0.0218963	-0.0333108	-0.0813178	-0.11814	-0.120173	-0.063307	0.034913	0.16406	0.323548	0.493134	0.639073	0.742881	0.794806	0.801836	
0.705925	0.553276	0.416113	0.308408	0.23665	0.198849	0.184004	0.170175	0.141196	0.0994777	0.043764	-0.0223131	-0.0851778	-0.133692	-0.164239	-0.16349	-0.112385	-0.0139506	0.120219	0.279743	0.443346	0.587462	0.695883	0.754047	0.762118	
0.682651	0.518398	0.382257	0.277549	0.204397	0.164342	0.150898	0.141843	0.113721	0.0706855	0.0144742	-0.0541128	-0.120967	-0.165834	-0.185135	-0.184989	-0.145504	-0.0547296	0.0851117	0.252691	0.418706	0.559004	0.662864	0.718325	0.729146	
0.680412	0.513045	0.376202	0.273403	0.200469	0.159356	0.146462	0.137249	0.110159	0.0670301	0.00937421	-0.0615464	-0.12913	-0.170943	-0.188069	-0.188149	-0.152986	-0.0642862	0.0763202	0.247724	0.414951	0.553657	0.655196	0.709424	0.721554	
0.69269	0.535525	0.399814	0.293116	0.219672	0.18067	0.166445	0.154985	0.126124	0.0849001	0.0299998	-0.0365797	-0.101245	-0.149465	-0.175515	-0.174769	-0.127231	-0.0319127	0.104932	0.267298	0.431252	0.573167	0.680671	0.739201	0.747929	
0.732612	0.588349	0.449025	0.337134	0.267085	0.233954	0.22126	0.205172	0.172167	0.125614	0.0670999	0.00244649	-0.0557375	-0.103785	-0.13925	-0.140288	-0.085219	0.0146469	0.145504	0.303737	0.469751	0.61575	0.722686	0.777826	0.784848	
0.787257	0.660324	0.523333	0.404931	0.333216	0.306014	0.296766	0.279735	0.238569	0.182954	0.1193	0.0557194	0.000555875	-0.0454935	-0.0807822	-0.0840726	-0.0286774	0.0688169	0.197322	0.35794	0.530167	0.676487	0.777402	0.824594	0.830816	
0.841268	0.735949	0.611981	0.50011	0.426627	0.393379	0.379457	0.356922	0.313488	0.255193	0.191366	0.125981	0.0646897	0.0154215	-0.0162821	-0.0177574	0.0328702	0.131022	0.26341	0.42491	0.591716	0.733375	0.834625	0.884544	0.889089	
0.894463	0.810298	0.708072	0.609206	0.532931	0.489837	0.468541	0.440963	0.389019	0.327081	0.261086	0.191836	0.122663	0.0687347	0.0419042	0.0412759	0.0833683	0.178543	0.320731	0.483315	0.640038	0.773615	0.875922	0.932051	0.937491	
0.944747	0.87869	0.79428	0.710513	0.636992	0.581716	0.54818	0.512884	0.456562	0.387533	0.312316	0.230072	0.154508	0.101048	0.0763119	0.0773451	0.113438	0.199919	0.340933	0.50827	0.664742	0.794887	0.890618	0.941322	0.947812	
0.967334	0.921563	0.860154	0.789421	0.717427	0.653374	0.603781	0.558008	0.493828	0.419147	0.335318	0.24195	0.158062	0.103424	0.0735642	0.0706197	0.113175	0.198787	0.327426	0.488685	0.651041	0.784338	0.873832	0.912306	0.912547	
0.958777	0.93226	0.886398	0.829395	0.765634	0.701077	0.635967	0.567989	0.492564	0.406477	0.313303	0.21409	0.126258	0.0646364	0.0233914	0.00987445	0.056752	0.153028	0.274498	0.422565	0.582026	0.718067	0.805783	0.837778	0.828896	
0.911741	0.904162	0.869496	0.817672	0.755614	0.692648	0.623896	0.54045	0.444047	0.342813	0.236659	0.134821	0.0441869	-0.0265449	-0.0747173	-0.0928525	-0.0509646	0.049114	0.178313	0.321422	0.468984	0.598915	0.688133	0.722658	0.709293	
0.816841	0.831276	0.803376	0.753997	0.69619	0.634829	0.566119	0.473775	0.360687	0.242017	0.124056	0.0140328	-0.0793409	-0.160502	-0.213928	-0.22539	-0.184713	-0.0952717	0.0372857	0.188692	0.330154	0.447593	0.533523	0.573103	0.562649	
0.673703	0.704664	0.693754	0.652463	0.600676	0.54171	0.475435	0.383833	0.253793	0.115671	-0.0119729	-0.128446	-0.229941	-0.311492	-0.366107	-0.375309	-0.333679	-0.251894	-0.124405	0.0347988	0.184167	0.29718	0.371182	0.404696	0.398473	
0.503895	0.547458	0.552059	0.527827	0.486405	0.434914	0.367344	0.272948	0.139181	-0.0137008	-0.150402	-0.273335	-0.381375	-0.46139	-0.510337	-0.524009	-0.484172	-0.395985	-0.26781	-0.11089	0.0442692	0.165471	0.232609	0.250848	0.241105	
0.326842	0.383319	0.409456	0.40961	0.381366	0.332595	0.264667	0.169649	0.0397654	-0.111615	-0.25593	-0.387065	-0.506746	-0.589556	-0.630395	-0.640828	-0.604429	-0.505901	-0.366601	-0.213725	-0.06979	0.054592	0.129343	0.147041	0.127354	
0.168739	0.241471	0.287489	0.313169	0.308501	0.27462	0.210661	0.111387	-0.014899	-0.158501	-0.308974	-0.455423	-0.580701	-0.669338	-0.709243	-0.712215	-0.666741	-0.567341	-0.425495	-0.273416	-0.134496	-0.016992	0.0638951	0.09107	0.0695069	
0.0388212	0.124608	0.196694	0.252727	0.279302	0.264476	0.211958	0.112977	-0.0188922	-0.161831	-0.312198	-0.464463	-0.59407	-0.683119	-0.728566	-0.729189	-0.674993	-0.573023	-0.436616	-0.28428	-0.138647	-0.0224947	0.0517534	0.0765723	0.0560413	
-0.0450315	0.0570953	0.153132	0.240281	0.294823	0.305783	0.266431	0.171271	0.0329725	-0.117631	-0.268414	-0.417453	-0.544183	-0.63715	-0.695865	-0.705682	-0.648568	-0.538379	-0.398476	-0.246169	-0.099705	0.0140785	0.0784437	0.0926137	0.0710227	
-0.0810426	0.0330589	0.151789	0.266175	0.35062	0.383574	0.360306	0.281238	0.147095	-0.015441	-0.1731	-0.320467	-0.451371	-0.553712	-0.621288	-0.634849	-0.583397	-0.472144	-0.328012	-0.170986	-0.0336585	0.0711089	0.123718	0.135835	0.113274	
-0.0895265	0.0270967	0.164637	0.300982	0.414951	0.482614	0.485229	0.425689	0.30308	0.134334	-0.0382171	-0.193114	-0.328722	-0.438248	-0.507139	-0.521754	-0.473475	-0.371206	-0.232286	-0.0818391	0.0511033	0.151004	0.198336	0.204235	0.179901	
-0.0962462	0.0166627	0.1645	0.326323	0.474612	0.578405	0.615483	0.575138	0.466685	0.29925	0.119826	-0.0420044	-0.183775	-0.297577	-0.362326	-0.376299	-0.338838	-0.250093	-0.117131	0.02515	0.151445	0.248678	0.295922	0.291114	0.255644	
