-0.863694	-0.82533	-0.761874	-0.678367	-0.595676	-0.52637	-0.469935	-0.423787	-0.386542	-0.360685	-0.35082	-0.343233	-0.318518	-0.266515	-0.182098	-0.065025	0.0686938	0.193183	0.305583	0.396094	0.452322	0.485307	0.516738	0.555499	0.621826	
-0.82533	-0.820169	-0.791894	-0.741917	-0.685294	-0.635278	-0.592564	-0.553945	-0.521982	-0.495831	-0.48232	-0.460229	-0.412773	-0.338937	-0.231942	-0.0938106	0.0505934	0.184141	0.298532	0.3909	0.454972	0.495863	0.533795	0.585088	0.660492	
-0.761874	-0.791894	-0.800206	-0.783354	-0.757342	-0.729734	-0.701455	-0.669793	-0.636356	-0.606997	-0.577885	-0.5378	-0.465088	-0.362892	-0.234869	-0.0816998	0.0608867	0.190817	0.302722	0.390862	0.44925	0.487206	0.530978	0.596661	0.678842	
-0.678367	-0.741917	-0.783354	-0.797949	-0.805388	-0.800204	-0.791752	-0.763306	-0.716651	-0.668241	-0.615781	-0.549632	-0.455361	-0.327297	-0.182481	-0.0343883	0.0983561	0.217116	0.314363	0.386811	0.427199	0.452033	0.496303	0.56887	0.655334	
-0.595676	-0.685294	-0.757342	-0.805388	-0.835629	-0.850741	-0.849694	-0.817345	-0.75183	-0.669546	-0.58512	-0.491139	-0.376154	-0.233319	-0.0877149	0.047917	0.162348	0.260411	0.333778	0.379874	0.393453	0.400622	0.437431	0.499817	0.579537	
-0.52637	-0.635278	-0.729734	-0.800204	-0.850741	-0.878966	-0.867361	-0.811969	-0.719717	-0.606748	-0.489547	-0.369598	-0.239404	-0.105762	0.024458	0.14377	0.23206	0.301214	0.346235	0.357329	0.349977	0.341101	0.353815	0.392695	0.457339	
-0.469935	-0.592564	-0.701455	-0.791752	-0.849694	-0.867361	-0.833232	-0.751472	-0.630601	-0.487682	-0.3358	-0.195091	-0.063849	0.0544758	0.160996	0.252654	0.306668	0.337676	0.343089	0.32117	0.293636	0.268273	0.252147	0.262455	0.298374	
-0.423787	-0.553945	-0.669793	-0.763306	-0.817345	-0.811969	-0.751472	-0.640064	-0.491283	-0.31632	-0.134157	0.0210775	0.147838	0.243343	0.315504	0.365879	0.378342	0.360776	0.321029	0.270449	0.2161	0.168967	0.12701	0.10617	0.109794	
-0.386542	-0.521982	-0.636356	-0.716651	-0.75183	-0.719717	-0.630601	-0.491283	-0.30977	-0.104602	0.0954586	0.26141	0.37835	0.449123	0.48479	0.477336	0.433512	0.367872	0.285421	0.199908	0.119035	0.043226	-0.0209868	-0.0662899	-0.0930007	
-0.360685	-0.495831	-0.606997	-0.668241	-0.669546	-0.606748	-0.487682	-0.31632	-0.104602	0.125158	0.328544	0.493365	0.598994	0.645111	0.634079	0.566529	0.469388	0.35534	0.236013	0.11713	0.0122868	-0.089825	-0.1777	-0.24089	-0.284006	
-0.35082	-0.48232	-0.577885	-0.615781	-0.58512	-0.489547	-0.3358	-0.134157	0.0954586	0.328544	0.535946	0.685476	0.76724	0.783244	0.725903	0.609558	0.467352	0.315529	0.163394	0.022071	-0.100761	-0.212623	-0.309835	-0.383343	-0.427545	
-0.343233	-0.460229	-0.5378	-0.549632	-0.491139	-0.369598	-0.195091	0.0210775	0.26141	0.493365	0.685476	0.806798	0.855384	0.834232	0.742866	0.597009	0.424922	0.242627	0.066224	-0.0811347	-0.203359	-0.307119	-0.401283	-0.468747	-0.507117	
-0.318518	-0.412773	-0.465088	-0.455361	-0.376154	-0.239404	-0.063849	0.147838	0.37835	0.598994	0.76724	0.855384	0.859481	0.800617	0.685301	0.523291	0.334259	0.137506	-0.0456511	-0.191577	-0.299161	-0.376731	-0.446714	-0.498918	-0.525633	
-0.266515	-0.338937	-0.362892	-0.327297	-0.233319	-0.105762	0.0544758	0.243343	0.449123	0.645111	0.783244	0.834232	0.800617	0.707237	0.57225	0.398389	0.20176	0.0082807	-0.164141	-0.297436	-0.380911	-0.427774	-0.467344	-0.494121	-0.510707	
-0.182098	-0.231942	-0.234869	-0.182481	-0.0877149	0.024458	0.160996	0.315504	0.48479	0.634079	0.725903	0.742866	0.685301	0.57225	0.422246	0.24159	0.0471479	-0.131838	-0.28453	-0.397028	-0.453618	-0.470886	-0.471032	-0.475392	-0.482789	
-0.065025	-0.0938106	-0.0816998	-0.0343883	0.047917	0.14377	0.252654	0.365879	0.477336	0.566529	0.609558	0.597009	0.523291	0.398389	0.24159	0.0607104	-0.12093	-0.277849	-0.400634	-0.478202	-0.507535	-0.498314	-0.470274	-0.452487	-0.446634	
0.0686938	0.0505934	0.0608867	0.0983561	0.162348	0.23206	0.306668	0.378342	0.433512	0.469388	0.467352	0.424922	0.334259	0.20176	0.0471479	-0.12093	-0.28224	-0.408376	-0.49314	-0.535591	-0.535024	-0.501813	-0.459294	-0.42499	-0.39686	
0.193183	0.184141	0.190817	0.217116	0.260411	0.301214	0.337676	0.360776	0.367872	0.35534	0.315529	0.242627	0.137506	0.0082807	-0.131838	-0.277849	-0.408376	-0.507992	-0.558944	-0.563032	-0.533936	-0.484371	-0.431392	-0.383931	-0.34199	
0.305583	0.298532	0.302722	0.314363	0.333778	0.346235	0.343089	0.321029	0.285421	0.236013	0.163394	0.066224	-0.0456511	-0.164141	-0.28453	-0.400634	-0.49314	-0.558944	-0.5825	-0.561804	-0.519519	-0.459036	-0.39955	-0.34148	-0.286921	
0.396094	0.3909	0.390862	0.386811	0.379874	0.357329	0.32117	0.270449	0.199908	0.11713	0.022071	-0.0811347	-0.191577	-0.297436	-0.397028	-0.478202	-0.535591	-0.563032	-0.561804	-0.533987	-0.488929	-0.428549	-0.369025	-0.309357	-0.248466	
0.452322	0.454972	0.44925	0.427199	0.393453	0.349977	0.293636	0.2161	0.119035	0.0122868	-0.100761	-0.203359	-0.299161	-0.380911	-0.453618	-0.507535	-0.535024	-0.533936	-0.519519	-0.488929	-0.441612	-0.392969	-0.341169	-0.287671	-0.237863	
0.485307	0.495863	0.487206	0.452033	0.400622	0.341101	0.268273	0.168967	0.043226	-0.089825	-0.212623	-0.307119	-0.376731	-0.427774	-0.470886	-0.498314	-0.501813	-0.484371	-0.459036	-0.428549	-0.392969	-0.357691	-0.316742	-0.276112	-0.2428	
0.516738	0.533795	0.530978	0.496303	0.437431	0.353815	0.252147	0.12701	-0.0209868	-0.1777	-0.309835	-0.401283	-0.446714	-0.467344	-0.471032	-0.470274	-0.459294	-0.431392	-0.39955	-0.369025	-0.341169	-0.316742	-0.294089	-0.266929	-0.254566	
0.555499	0.585088	0.596661	0.56887	0.499817	0.392695	0.262455	0.10617	-0.0662899	-0.24089	-0.383343	-0.468747	-0.498918	-0.494121	-0.475392	-0.452487	-0.42499	-0.383931	-0.34148	-0.309357	-0.287671	-0.276112	-0.266929	-0.265143	-0.276692	
0.621826	0.660492	0.678842	0.655334	0.579537	0.457339	0.298374	0.109794	-0.0930007	-0.284006	-0.427545	-0.507117	-0.525633	-0.510707	-0.482789	-0.446634	-0.39686	-0.34199	-0.286921	-0.248466	-0.237863	-0.2428	-0.254566	-0.276692	-0.311036	
0.713983	0.757108	0.77492	0.755254	0.678878	0.543337	0.354205	0.131804	-0.106844	-0.322959	-0.475752	-0.549087	-0.557668	-0.533863	-0.495635	-0.44654	-0.389141	-0.326122	-0.263121	-0.225202	-0.220109	-0.228152	-0.250844	-0.290701	-0.335634	
0.816627	0.866681	0.884317	0.860147	0.77331	0.623945	0.411729	0.156463	-0.112876	-0.350169	-0.515791	-0.591833	-0.600044	-0.569337	-0.525709	-0.469657	-0.404675	-0.33719	-0.271257	-0.229116	-0.219874	-0.234901	-0.263472	-0.307994	-0.352973	
0.911574	0.970042	0.985448	0.950023	0.846099	0.682502	0.452325	0.177679	-0.106599	-0.354464	-0.530586	-0.618834	-0.636487	-0.607034	-0.561257	-0.501562	-0.430144	-0.355654	-0.286	-0.239929	-0.228392	-0.248459	-0.280378	-0.32467	-0.367498	
0.98121	1.05325	1.06859	1.02454	0.909727	0.727275	0.481499	0.200582	-0.09021	-0.351122	-0.540788	-0.644973	-0.670671	-0.647589	-0.595466	-0.529881	-0.457044	-0.384126	-0.315627	-0.270068	-0.25394	-0.262923	-0.291623	-0.326954	-0.368544	
1.02762	1.10675	1.12383	1.06965	0.944572	0.755735	0.507007	0.214146	-0.0842849	-0.356427	-0.555127	-0.670006	-0.701936	-0.676737	-0.61836	-0.549159	-0.473601	-0.400823	-0.340723	-0.299639	-0.279059	-0.283589	-0.300677	-0.320378	-0.356449	
1.03693	1.11724	1.13434	1.07811	0.95038	0.760455	0.512423	0.217701	-0.0838114	-0.357871	-0.560219	-0.675166	-0.707613	-0.681213	-0.624908	-0.554505	-0.476827	-0.403463	-0.345103	-0.306302	-0.286172	-0.289241	-0.301821	-0.319423	-0.351893	
1.00307	1.07905	1.09527	1.04644	0.927585	0.741465	0.492651	0.206797	-0.0864871	-0.352531	-0.54553	-0.655907	-0.68541	-0.661955	-0.605669	-0.538484	-0.465004	-0.392926	-0.328475	-0.283117	-0.264449	-0.270888	-0.295356	-0.32433	-0.364845	
0.942142	1.00647	1.02181	0.982186	0.873423	0.700944	0.464786	0.187747	-0.0996076	-0.352499	-0.534517	-0.628391	-0.649474	-0.623475	-0.576003	-0.514106	-0.441381	-0.366331	-0.295338	-0.24989	-0.237959	-0.253749	-0.285278	-0.327842	-0.36982	
0.856765	0.909984	0.926636	0.897913	0.804476	0.650159	0.430165	0.164379	-0.112504	-0.354193	-0.523994	-0.604566	-0.615868	-0.584204	-0.539172	-0.482005	-0.413807	-0.343798	-0.277007	-0.231815	-0.221224	-0.240398	-0.270859	-0.315344	-0.359636	
0.754737	0.800186	0.818089	0.798241	0.718328	0.577811	0.378218	0.142491	-0.110226	-0.336737	-0.49466	-0.567502	-0.574556	-0.547061	-0.505939	-0.453707	-0.393833	-0.328682	-0.264317	-0.225398	-0.219154	-0.229249	-0.253639	-0.297038	-0.34267	
0.656446	0.697097	0.715476	0.693433	0.617782	0.489894	0.318716	0.117223	-0.0996344	-0.299782	-0.445738	-0.522291	-0.535694	-0.518599	-0.486624	-0.445307	-0.390761	-0.331489	-0.2718	-0.233333	-0.226341	-0.233901	-0.252712	-0.282549	-0.323118	
0.578334	0.612558	0.627722	0.601925	0.529029	0.415968	0.274731	0.104587	-0.0791488	-0.260115	-0.403013	-0.486337	-0.51108	-0.501168	-0.477504	-0.448834	-0.412162	-0.365211	-0.318293	-0.283831	-0.26555	-0.261559	-0.25969	-0.267649	-0.290221	
0.530419	0.551856	0.554614	0.5233	0.460374	0.36589	0.252135	0.116266	-0.0412483	-0.205938	-0.343698	-0.432635	-0.470744	-0.47997	-0.472793	-0.462167	-0.444744	-0.412057	-0.37676	-0.346135	-0.320422	-0.300336	-0.282821	-0.265353	-0.261313	
0.497828	0.509735	0.502883	0.465685	0.411583	0.343373	0.259858	0.150133	0.0155328	-0.128082	-0.252969	-0.345974	-0.405734	-0.444343	-0.470723	-0.487025	-0.484361	-0.462086	-0.43439	-0.403485	-0.372061	-0.341914	-0.308056	-0.271935	-0.247028	
0.466406	0.473683	0.465348	0.437038	0.395051	0.344807	0.282847	0.196957	0.0883799	-0.0283708	-0.147603	-0.246697	-0.331754	-0.402328	-0.465049	-0.508511	-0.524467	-0.516235	-0.496709	-0.466246	-0.422852	-0.378889	-0.330865	-0.282451	-0.238409	
0.42309	0.419998	0.418021	0.406452	0.388052	0.355679	0.309919	0.248077	0.166654	0.0733223	-0.0286068	-0.132608	-0.239576	-0.336834	-0.424958	-0.495082	-0.540007	-0.553865	-0.546962	-0.516532	-0.470375	-0.414981	-0.357871	-0.299102	-0.241405	
0.345173	0.338287	0.341555	0.347299	0.356264	0.354278	0.33659	0.301974	0.251126	0.187205	0.104611	0.00391721	-0.108728	-0.223421	-0.336696	-0.438561	-0.515249	-0.56542	-0.578538	-0.554501	-0.510832	-0.447942	-0.386752	-0.327141	-0.268011	
0.239405	0.232506	0.23825	0.258211	0.293178	0.322882	0.343071	0.346397	0.336157	0.30818	0.254034	0.169695	0.0614274	-0.0639384	-0.196071	-0.330573	-0.447492	-0.534816	-0.573764	-0.565063	-0.528673	-0.474422	-0.418594	-0.366138	-0.319562	
0.120283	0.106225	0.114372	0.148549	0.203072	0.261696	0.321782	0.375075	0.409228	0.425146	0.407939	0.35272	0.255578	0.122325	-0.0279877	-0.188244	-0.337145	-0.452077	-0.522908	-0.550804	-0.537529	-0.497044	-0.449502	-0.409548	-0.37531	
-0.0119648	-0.0361314	-0.0227129	0.0205705	0.0965289	0.182979	0.278425	0.375138	0.463103	0.52982	0.553583	0.52991	0.44941	0.321455	0.164057	-0.0133197	-0.188728	-0.333675	-0.441384	-0.504277	-0.522032	-0.502902	-0.467906	-0.44275	-0.427896	
-0.13829	-0.178536	-0.17402	-0.122951	-0.031658	0.075062	0.201572	0.3395	0.487244	0.612129	0.684938	0.689852	0.62548	0.507026	0.352752	0.171427	-0.0192435	-0.190128	-0.332347	-0.432241	-0.478164	-0.484287	-0.470951	-0.466442	-0.469499	
-0.237683	-0.301107	-0.315324	-0.270247	-0.174131	-0.0535214	0.0975859	0.274387	0.467581	0.648286	0.769352	0.805563	0.761389	0.658132	0.516127	0.33857	0.142372	-0.0467887	-0.211597	-0.338236	-0.411169	-0.446034	-0.470731	-0.487616	-0.500588	
-0.300946	-0.38711	-0.427142	-0.407569	-0.321392	-0.18535	-0.014448	0.189287	0.411538	0.624057	0.781792	0.855278	0.84189	0.768357	0.645567	0.4785	0.28489	0.0883146	-0.0932651	-0.235186	-0.333837	-0.398871	-0.456762	-0.499449	-0.522029	
-0.335726	-0.443186	-0.513016	-0.516051	-0.448421	-0.318987	-0.141812	0.075502	0.314581	0.542898	0.725716	0.835038	0.866546	0.830211	0.727535	0.574431	0.394857	0.204083	0.0231848	-0.12498	-0.24295	-0.337452	-0.424133	-0.486965	-0.520472	
-0.349152	-0.476552	-0.56418	-0.592006	-0.549779	-0.44232	-0.278255	-0.0685799	0.166982	0.400427	0.604259	0.742993	0.812429	0.815047	0.742664	0.612345	0.455823	0.290601	0.127367	-0.0182253	-0.143466	-0.25361	-0.351716	-0.424544	-0.467107	
