0.214628	-0.00516185	-0.176988	-0.294112	-0.358137	-0.366787	-0.312083	-0.199943	-0.0452877	0.122126	0.255267	0.314411	0.291879	0.211213	0.0847254	-0.0819351	-0.258499	-0.414243	-0.54394	-0.658463	-0.757965	-0.834999	-0.880523	-0.88407	-0.855036	
-0.00516185	-0.216491	-0.375062	-0.486653	-0.547781	-0.551146	-0.492699	-0.372007	-0.205988	-0.0321192	0.106759	0.187447	0.20302	0.157027	0.0577939	-0.0899268	-0.254944	-0.407279	-0.533137	-0.648049	-0.759387	-0.864871	-0.942044	-0.970696	-0.951858	
-0.176988	-0.375062	-0.529668	-0.638343	-0.691778	-0.691108	-0.626793	-0.499091	-0.329418	-0.159363	-0.0179931	0.0882609	0.138177	0.125612	0.0555302	-0.06364	-0.209294	-0.350263	-0.468312	-0.583194	-0.708766	-0.839169	-0.942172	-0.992244	-0.988562	
-0.294112	-0.486653	-0.638343	-0.736667	-0.782659	-0.775541	-0.703705	-0.572947	-0.409799	-0.249853	-0.102934	0.021598	0.0962727	0.110877	0.0731879	-0.0111736	-0.12911	-0.250762	-0.359531	-0.478961	-0.61996	-0.768355	-0.886458	-0.954686	-0.969471	
-0.358137	-0.547781	-0.691778	-0.782659	-0.821708	-0.806029	-0.727583	-0.60175	-0.451347	-0.295341	-0.145075	-0.0132597	0.0748181	0.11463	0.111828	0.0671015	-0.0140695	-0.109126	-0.210237	-0.338053	-0.492548	-0.648359	-0.77243	-0.855047	-0.89053	
-0.366787	-0.551146	-0.691108	-0.775541	-0.806029	-0.781272	-0.703194	-0.588508	-0.443161	-0.288613	-0.143358	-0.0181138	0.0767185	0.139768	0.169742	0.166612	0.128092	0.061458	-0.0347288	-0.171454	-0.33256	-0.487343	-0.612446	-0.706221	-0.763291	
-0.312083	-0.492699	-0.626793	-0.703705	-0.727583	-0.703194	-0.635154	-0.52588	-0.38301	-0.238263	-0.112798	-0.00324875	0.0942361	0.17365	0.230626	0.26773	0.270672	0.230154	0.138466	0.000539648	-0.157777	-0.307176	-0.431365	-0.534637	-0.610568	
-0.199943	-0.372007	-0.499091	-0.572947	-0.60175	-0.588508	-0.52588	-0.419005	-0.287026	-0.167378	-0.0701925	0.0214415	0.114901	0.200864	0.277992	0.347425	0.383776	0.364282	0.283554	0.157018	0.00892424	-0.133481	-0.258997	-0.368773	-0.464624	
-0.0452877	-0.205988	-0.329418	-0.409799	-0.451347	-0.443161	-0.38301	-0.287026	-0.182436	-0.09701	-0.0281576	0.0418103	0.121622	0.205643	0.292624	0.380948	0.43748	0.438489	0.380601	0.277014	0.145871	0.00939343	-0.116098	-0.234224	-0.350042	
0.122126	-0.0321192	-0.159363	-0.249853	-0.295341	-0.288613	-0.238263	-0.167378	-0.09701	-0.0420085	0.000686717	0.0453513	0.108059	0.184181	0.270703	0.36199	0.431363	0.459234	0.434604	0.363641	0.252372	0.127005	0.000715851	-0.127138	-0.266844	
0.255267	0.106759	-0.0179931	-0.102934	-0.145075	-0.143358	-0.112798	-0.0701925	-0.0281576	0.000686717	0.0162168	0.0356902	0.0790278	0.140582	0.212339	0.295784	0.378561	0.437303	0.451738	0.413952	0.330049	0.219839	0.0953702	-0.0470353	-0.210109	
0.314411	0.187447	0.0882609	0.021598	-0.0132597	-0.0181138	-0.00324875	0.0214415	0.0418103	0.0453513	0.0356902	0.0305399	0.0507141	0.085543	0.132327	0.206919	0.302726	0.391556	0.437225	0.433516	0.379586	0.290721	0.166968	0.0102676	-0.171753	
0.291879	0.20302	0.138177	0.0962727	0.0748181	0.0767185	0.0942361	0.114901	0.121622	0.108059	0.0790278	0.0507141	0.0396588	0.0404546	0.0640706	0.130575	0.236776	0.340553	0.408683	0.432087	0.4094	0.339957	0.218696	0.052962	-0.137591	
0.211213	0.157027	0.125612	0.110877	0.11463	0.139768	0.17365	0.200864	0.205643	0.184181	0.140582	0.085543	0.0404546	0.0140756	0.021262	0.0828239	0.18624	0.293797	0.371997	0.417264	0.418461	0.3671	0.254621	0.0942821	-0.0900132	
0.0847254	0.0577939	0.0555302	0.0731879	0.111828	0.169742	0.230626	0.277992	0.292624	0.270703	0.212339	0.132327	0.0640706	0.021262	0.0197739	0.0671154	0.157969	0.254983	0.333532	0.385746	0.399947	0.36465	0.272032	0.134592	-0.0294098	
-0.0819351	-0.0899268	-0.06364	-0.0111736	0.0671015	0.166612	0.26773	0.347425	0.380948	0.36199	0.295784	0.206919	0.130575	0.0828239	0.0671154	0.0940189	0.159892	0.236495	0.297585	0.338418	0.352836	0.333161	0.270961	0.168905	0.0363199	
-0.258499	-0.254944	-0.209294	-0.12911	-0.0140695	0.128092	0.270672	0.383776	0.43748	0.431363	0.378561	0.302726	0.236776	0.18624	0.157969	0.159892	0.197537	0.240641	0.267427	0.281221	0.28778	0.284654	0.256202	0.195522	0.101748	
-0.414243	-0.407279	-0.350263	-0.250762	-0.109126	0.061458	0.230154	0.364282	0.438489	0.459234	0.437303	0.391556	0.340553	0.293797	0.254983	0.236495	0.240641	0.240457	0.222729	0.203522	0.201538	0.212155	0.215527	0.195578	0.148781	
-0.54394	-0.533137	-0.468312	-0.359531	-0.210237	-0.0347288	0.138466	0.283554	0.380601	0.434604	0.451738	0.437225	0.408683	0.371997	0.333532	0.297585	0.267427	0.222729	0.162574	0.115862	0.104469	0.124102	0.150625	0.170171	0.175598	
-0.658463	-0.648049	-0.583194	-0.478961	-0.338053	-0.171454	0.000539648	0.157018	0.277014	0.363641	0.413952	0.433516	0.432087	0.417264	0.385746	0.338418	0.281221	0.203522	0.115862	0.0489292	0.0284839	0.0481364	0.0913701	0.145917	0.204892	
-0.757965	-0.759387	-0.708766	-0.61996	-0.492548	-0.33256	-0.157777	0.00892424	0.145871	0.252372	0.330049	0.379586	0.4094	0.418461	0.399947	0.352836	0.28778	0.201538	0.104469	0.0284839	-0.00148874	0.0165693	0.071332	0.156958	0.260401	
-0.834999	-0.864871	-0.839169	-0.768355	-0.648359	-0.487343	-0.307176	-0.133481	0.00939343	0.127005	0.219839	0.290721	0.339957	0.3671	0.36465	0.333161	0.284654	0.212155	0.124102	0.0481364	0.0165693	0.0353555	0.101808	0.207972	0.340663	
-0.880523	-0.942044	-0.942172	-0.886458	-0.77243	-0.612446	-0.431365	-0.258997	-0.116098	0.000715851	0.0953702	0.166968	0.218696	0.254621	0.272032	0.270961	0.256202	0.215527	0.150625	0.0913701	0.071332	0.101808	0.177901	0.293822	0.434408	
-0.88407	-0.970696	-0.992244	-0.954686	-0.855047	-0.706221	-0.534637	-0.368773	-0.234224	-0.127138	-0.0470353	0.0102676	0.052962	0.0942821	0.134592	0.168905	0.195522	0.195578	0.170171	0.145917	0.156958	0.207972	0.293822	0.406426	0.539768	
-0.855036	-0.951858	-0.988562	-0.969471	-0.89053	-0.763291	-0.610568	-0.464624	-0.350042	-0.266844	-0.210109	-0.171753	-0.137591	-0.0900132	-0.0294098	0.0363199	0.101748	0.148781	0.175598	0.204892	0.260401	0.340663	0.434408	0.539768	0.655885	
-0.804893	-0.904935	-0.94936	-0.944839	-0.886948	-0.785738	-0.6655	-0.554391	-0.476485	-0.425116	-0.391637	-0.364788	-0.331323	-0.27537	-0.198399	-0.108065	-0.00679046	0.0891729	0.175638	0.264947	0.371425	0.48311	0.589321	0.688747	0.790253	
-0.743848	-0.841887	-0.889212	-0.893476	-0.853727	-0.784127	-0.705261	-0.643059	-0.610598	-0.594523	-0.580977	-0.5596	-0.522395	-0.456447	-0.363723	-0.249454	-0.112778	0.0307829	0.172492	0.317183	0.470073	0.61606	0.740603	0.845835	0.93836	
-0.671202	-0.765583	-0.813857	-0.827779	-0.809351	-0.771884	-0.736073	-0.719376	-0.729298	-0.745822	-0.752105	-0.739008	-0.699933	-0.623034	-0.510559	-0.367623	-0.19601	-0.0127237	0.169929	0.353984	0.544063	0.722137	0.873522	0.993334	1.08681	
-0.607502	-0.691894	-0.74177	-0.767255	-0.768086	-0.7567	-0.747901	-0.759629	-0.796831	-0.838857	-0.867597	-0.869355	-0.834635	-0.748739	-0.61453	-0.443638	-0.242822	-0.0347133	0.16926	0.373694	0.586379	0.791346	0.968181	1.1075	1.20422	
-0.56742	-0.643178	-0.693598	-0.72832	-0.743137	-0.74402	-0.746492	-0.767637	-0.816161	-0.8738	-0.919427	-0.935955	-0.907209	-0.815294	-0.665895	-0.47474	-0.257556	-0.0379024	0.172286	0.383002	0.606264	0.826251	1.02107	1.173	1.27391	
-0.561921	-0.634889	-0.68586	-0.722456	-0.738865	-0.74222	-0.745127	-0.766985	-0.817018	-0.87654	-0.925997	-0.945282	-0.917974	-0.825572	-0.672678	-0.478807	-0.258074	-0.0376446	0.173355	0.384337	0.608808	0.831664	1.02898	1.18391	1.28473	
-0.587298	-0.668107	-0.717839	-0.747629	-0.755776	-0.750728	-0.748645	-0.765939	-0.808955	-0.85894	-0.895248	-0.903978	-0.871993	-0.782977	-0.641833	-0.460509	-0.251833	-0.0370556	0.170338	0.378577	0.596754	0.809117	0.994896	1.1401	1.23917	
-0.644236	-0.734663	-0.783745	-0.802193	-0.791477	-0.766141	-0.743128	-0.740276	-0.763255	-0.790477	-0.805996	-0.798054	-0.760266	-0.679903	-0.558168	-0.404081	-0.219008	-0.0243771	0.169348	0.363355	0.564045	0.753981	0.915789	1.04381	1.13815	
-0.714837	-0.812464	-0.85985	-0.867648	-0.836342	-0.779479	-0.719036	-0.676702	-0.662286	-0.660375	-0.654032	-0.635357	-0.596742	-0.526216	-0.426571	-0.300663	-0.150249	0.0113514	0.17126	0.334305	0.503375	0.662678	0.797397	0.907377	0.999716	
-0.782458	-0.881921	-0.928382	-0.927838	-0.876726	-0.787545	-0.682484	-0.58987	-0.529896	-0.492251	-0.467344	-0.442468	-0.407568	-0.347966	-0.264637	-0.165787	-0.0500243	0.0648637	0.174968	0.287378	0.413413	0.538659	0.650929	0.751245	0.847859	
-0.836355	-0.935353	-0.975555	-0.963347	-0.893449	-0.775927	-0.634799	-0.50092	-0.398962	-0.328459	-0.281101	-0.248722	-0.215537	-0.164572	-0.0972918	-0.0206272	0.058632	0.125765	0.175615	0.229372	0.304961	0.397969	0.495791	0.597887	0.707505	
-0.875923	-0.967824	-0.996317	-0.966371	-0.874586	-0.733859	-0.568425	-0.408541	-0.280129	-0.180624	-0.109803	-0.0600989	-0.0217353	0.0217967	0.0711032	0.118442	0.161416	0.179099	0.173521	0.168575	0.196525	0.258627	0.347531	0.457247	0.583999	
-0.886606	-0.959742	-0.968548	-0.919738	-0.810346	-0.653595	-0.475569	-0.305246	-0.164155	-0.0501592	0.0409324	0.107696	0.156512	0.194566	0.220979	0.234673	0.235825	0.211213	0.159514	0.112352	0.10222	0.140549	0.220382	0.336345	0.475344	
-0.858046	-0.901075	-0.886131	-0.82138	-0.702884	-0.541251	-0.359738	-0.185781	-0.0423616	0.076743	0.172092	0.246345	0.298116	0.329528	0.334485	0.313736	0.277554	0.215898	0.135419	0.0633494	0.0345095	0.0566028	0.12717	0.238582	0.376812	
-0.791921	-0.803093	-0.761591	-0.680471	-0.556703	-0.396655	-0.219575	-0.0496764	0.090789	0.202245	0.28804	0.347775	0.387634	0.404741	0.392132	0.349509	0.288206	0.205641	0.109779	0.0326817	0.000297448	0.0184197	0.0774985	0.173082	0.290299	
-0.700391	-0.692939	-0.63178	-0.533206	-0.397882	-0.234833	-0.0622051	0.0989784	0.226687	0.322838	0.384573	0.417346	0.428437	0.423766	0.396657	0.347715	0.28449	0.20047	0.106842	0.0348965	0.0103643	0.0292911	0.0773701	0.145017	0.22346	
-0.591385	-0.579567	-0.513181	-0.404374	-0.257133	-0.0847101	0.0877211	0.237067	0.343989	0.411405	0.442781	0.441364	0.423141	0.394053	0.357833	0.316305	0.27365	0.213738	0.140288	0.0846141	0.0695841	0.0903908	0.123914	0.158093	0.185187	
-0.468659	-0.46086	-0.399956	-0.295557	-0.147871	0.0272349	0.199453	0.338734	0.421791	0.456031	0.449421	0.416471	0.373052	0.329482	0.289399	0.263839	0.253692	0.235428	0.199236	0.168303	0.16255	0.177994	0.19132	0.187381	0.160888	
-0.32409	-0.318355	-0.267907	-0.178765	-0.0513675	0.105039	0.260449	0.383288	0.445114	0.448074	0.406452	0.341433	0.280849	0.230764	0.197579	0.190829	0.2158	0.242417	0.25194	0.252319	0.25582	0.25882	0.243839	0.199374	0.123507	
-0.153593	-0.155807	-0.12012	-0.0562887	0.0378622	0.154877	0.273612	0.367602	0.408853	0.393749	0.330153	0.244514	0.170481	0.12136	0.0999801	0.117112	0.17192	0.237108	0.285621	0.317282	0.328712	0.31638	0.267165	0.181636	0.0631981	
0.0216776	0.00341557	0.0132008	0.0455425	0.099257	0.173168	0.248477	0.307788	0.329211	0.307331	0.244287	0.15822	0.0845748	0.0389465	0.0320379	0.0718814	0.153917	0.244228	0.318166	0.367607	0.383784	0.354473	0.273684	0.148821	-0.00328909	
0.165729	0.123299	0.103755	0.10116	0.11875	0.155402	0.198862	0.232504	0.239778	0.217874	0.168015	0.102473	0.0462735	0.0120396	0.0154685	0.0723649	0.172135	0.277174	0.356707	0.40698	0.414467	0.370254	0.263801	0.111258	-0.0670533	
0.266086	0.191575	0.14048	0.109248	0.096219	0.106427	0.128501	0.150686	0.15492	0.136904	0.102008	0.0632286	0.0381796	0.0270406	0.0427857	0.107797	0.21434	0.321444	0.394799	0.427792	0.416134	0.353772	0.235542	0.0694103	-0.119812	
0.313525	0.20169	0.115366	0.0580698	0.0278784	0.0232981	0.0376298	0.0590942	0.0729202	0.0687054	0.0502691	0.0362929	0.0445828	0.0659966	0.10283	0.173433	0.274746	0.371082	0.427144	0.434675	0.393489	0.31272	0.189307	0.0282367	-0.159185	
0.289446	0.14679	0.0305295	-0.0485574	-0.0885692	-0.0898753	-0.0679451	-0.0338705	-0.00181912	0.0165412	0.0217294	0.0308321	0.0658626	0.11817	0.180488	0.260549	0.348519	0.42091	0.448713	0.425199	0.352894	0.250892	0.127008	-0.0214994	-0.192629	
