-0.791456	-0.664682	-0.513287	-0.35371	-0.197609	-0.0611264	0.0440931	0.119573	0.163067	0.19412	0.231676	0.304769	0.401079	0.517875	0.643976	0.753835	0.818974	0.842289	0.826316	0.76791	0.6751	0.563163	0.453727	0.349188	0.252234	
-0.664682	-0.487404	-0.290292	-0.0963725	0.0694124	0.199892	0.284576	0.331474	0.338887	0.331986	0.339737	0.38014	0.442888	0.521599	0.623142	0.718936	0.78541	0.810773	0.802613	0.744204	0.648107	0.530048	0.41301	0.296982	0.195318	
-0.513287	-0.290292	-0.0501282	0.165121	0.32648	0.431363	0.479559	0.480223	0.453501	0.410877	0.380483	0.38154	0.417767	0.47832	0.569619	0.667522	0.73838	0.765192	0.756703	0.700914	0.609227	0.497391	0.381551	0.265391	0.16557	
-0.35371	-0.0963725	0.165121	0.374872	0.516853	0.587887	0.595426	0.556312	0.492039	0.405019	0.334419	0.307886	0.328839	0.387637	0.483307	0.592044	0.668826	0.703462	0.695534	0.642443	0.554375	0.452858	0.342005	0.237099	0.147491	
-0.197609	0.0694124	0.32648	0.516853	0.627617	0.654887	0.618177	0.541334	0.433453	0.314009	0.216203	0.174521	0.186587	0.255182	0.358433	0.476104	0.565283	0.615431	0.61394	0.563442	0.484333	0.389845	0.28489	0.192223	0.11988	
-0.0611264	0.199892	0.431363	0.587887	0.654887	0.638556	0.559204	0.440755	0.298227	0.161371	0.055311	0.00482821	0.0200254	0.0980642	0.212172	0.334482	0.434998	0.498406	0.510006	0.47092	0.403619	0.315817	0.217799	0.136771	0.0748119	
0.0440931	0.284576	0.479559	0.595426	0.618177	0.559204	0.440139	0.289853	0.126355	-0.0198589	-0.124881	-0.169306	-0.144018	-0.0579183	0.0617344	0.184212	0.291635	0.369598	0.396428	0.369253	0.312715	0.238569	0.153806	0.0787776	0.0130877	
0.119573	0.331474	0.480223	0.556312	0.541334	0.440755	0.289853	0.111849	-0.0632819	-0.20697	-0.294732	-0.326876	-0.299586	-0.213122	-0.0911045	0.0393621	0.153919	0.241681	0.277683	0.265167	0.222986	0.165199	0.0915605	0.013795	-0.0601538	
0.163067	0.338887	0.453501	0.492039	0.433453	0.298227	0.126355	-0.0632819	-0.236742	-0.366193	-0.442192	-0.468734	-0.442164	-0.355148	-0.224839	-0.0871813	0.0307073	0.119594	0.172951	0.178653	0.1495	0.0970999	0.0278441	-0.0564243	-0.133259	
0.19412	0.331986	0.410877	0.405019	0.314009	0.161371	-0.0198589	-0.20697	-0.366193	-0.488334	-0.562344	-0.584736	-0.555046	-0.466701	-0.333826	-0.192458	-0.0704249	0.02981	0.10042	0.11951	0.0922209	0.0412662	-0.030877	-0.116437	-0.190486	
0.231676	0.339737	0.380483	0.334419	0.216203	0.055311	-0.124881	-0.294732	-0.442192	-0.562344	-0.633744	-0.653745	-0.625369	-0.5443	-0.416336	-0.269136	-0.13135	-0.0168738	0.0594518	0.0825101	0.0543481	0.00067786	-0.0767053	-0.156769	-0.222756	
0.304769	0.38014	0.38154	0.307886	0.174521	0.00482821	-0.169306	-0.326876	-0.468734	-0.584736	-0.653745	-0.67641	-0.656655	-0.581627	-0.459528	-0.305236	-0.156143	-0.0324004	0.0451079	0.0704977	0.0416145	-0.0168585	-0.0946329	-0.167505	-0.229444	
0.401079	0.442888	0.417767	0.328839	0.186587	0.0200254	-0.144018	-0.299586	-0.442164	-0.555046	-0.625369	-0.656655	-0.635368	-0.557976	-0.437313	-0.288168	-0.132475	-0.00519687	0.0710339	0.092619	0.0708336	0.0164622	-0.056994	-0.132984	-0.200419	
0.517875	0.521599	0.47832	0.387637	0.255182	0.0980642	-0.0579183	-0.213122	-0.355148	-0.466701	-0.5443	-0.581627	-0.557976	-0.475285	-0.353446	-0.203936	-0.0471175	0.0742142	0.139969	0.162492	0.153077	0.108146	0.035155	-0.0460876	-0.122716	
0.643976	0.623142	0.569619	0.483307	0.358433	0.212172	0.0617344	-0.0911045	-0.224839	-0.333826	-0.416336	-0.459528	-0.437313	-0.353446	-0.22472	-0.0745535	0.0742162	0.189376	0.258084	0.287515	0.277969	0.233443	0.163576	0.0834745	0.00194199	
0.753835	0.718936	0.667522	0.592044	0.476104	0.334482	0.184212	0.0393621	-0.0871813	-0.192458	-0.269136	-0.305236	-0.288168	-0.203936	-0.0745535	0.0661454	0.203732	0.329246	0.41587	0.449166	0.430361	0.384681	0.317807	0.235848	0.153345	
0.818974	0.78541	0.73838	0.668826	0.565283	0.434998	0.291635	0.153919	0.0307073	-0.0704249	-0.13135	-0.156143	-0.132475	-0.0471175	0.0742162	0.203732	0.344926	0.481975	0.578615	0.616511	0.603293	0.559728	0.487851	0.398508	0.320032	
0.842289	0.810773	0.765192	0.703462	0.615431	0.498406	0.369598	0.241681	0.119594	0.02981	-0.0168738	-0.0324004	-0.00519687	0.0742142	0.189376	0.329246	0.481975	0.615423	0.710054	0.759142	0.757604	0.713873	0.639365	0.553639	0.47887	
0.826316	0.802613	0.756703	0.695534	0.61394	0.510006	0.396428	0.277683	0.172951	0.10042	0.0594518	0.0451079	0.0710339	0.139969	0.258084	0.41587	0.578615	0.710054	0.805701	0.860711	0.861244	0.81752	0.751567	0.679571	0.605561	
0.76791	0.744204	0.700914	0.642443	0.563442	0.47092	0.369253	0.265167	0.178653	0.11951	0.0825101	0.0704977	0.092619	0.162492	0.287515	0.449166	0.616511	0.759142	0.860711	0.916231	0.918615	0.879142	0.821041	0.756075	0.681896	
0.6751	0.648107	0.609227	0.554375	0.484333	0.403619	0.312715	0.222986	0.1495	0.0922209	0.0543481	0.0416145	0.0708336	0.153077	0.277969	0.430361	0.603293	0.757604	0.861244	0.918615	0.930377	0.900638	0.844521	0.773529	0.695151	
0.563163	0.530048	0.497391	0.452858	0.389845	0.315817	0.238569	0.165199	0.0970999	0.0412662	0.00067786	-0.0168585	0.0164622	0.108146	0.233443	0.384681	0.559728	0.713873	0.81752	0.879142	0.900638	0.881472	0.825924	0.743757	0.663002	
0.453727	0.41301	0.381551	0.342005	0.28489	0.217799	0.153806	0.0915605	0.0278441	-0.030877	-0.0767053	-0.0946329	-0.056994	0.035155	0.163576	0.317807	0.487851	0.639365	0.751567	0.821041	0.844521	0.825924	0.768051	0.688338	0.615671	
0.349188	0.296982	0.265391	0.237099	0.192223	0.136771	0.0787776	0.013795	-0.0564243	-0.116437	-0.156769	-0.167505	-0.132984	-0.0460876	0.0834745	0.235848	0.398508	0.553639	0.679571	0.756075	0.773529	0.743757	0.688338	0.624577	0.559534	
0.252234	0.195318	0.16557	0.147491	0.11988	0.0748119	0.0130877	-0.0601538	-0.133259	-0.190486	-0.222756	-0.229444	-0.200419	-0.122716	0.00194199	0.153345	0.320032	0.47887	0.605561	0.681896	0.695151	0.663002	0.615671	0.559534	0.485766	
0.174502	0.115579	0.0842011	0.0726415	0.0568997	0.0188724	-0.0461845	-0.125439	-0.197971	-0.247713	-0.276912	-0.288344	-0.265575	-0.19153	-0.0702752	0.085353	0.259172	0.414888	0.531891	0.606414	0.627736	0.604284	0.557894	0.48966	0.409545	
0.115584	0.0590109	0.0282332	0.0181785	0.00838423	-0.0255958	-0.0914216	-0.171125	-0.241887	-0.292999	-0.328105	-0.343004	-0.317452	-0.245042	-0.128688	0.0263691	0.203546	0.356865	0.467326	0.541738	0.572551	0.555821	0.500378	0.423089	0.348274	
0.0633759	0.0162426	-0.00603604	-0.0128483	-0.0254725	-0.0621911	-0.126722	-0.204114	-0.272755	-0.323204	-0.360648	-0.377436	-0.353724	-0.282772	-0.169656	-0.0169171	0.160442	0.317196	0.427586	0.498439	0.529009	0.512015	0.456318	0.383204	0.31172	
0.0233518	-0.0103113	-0.0201764	-0.0284362	-0.0525446	-0.0958664	-0.155079	-0.221604	-0.286749	-0.341441	-0.382389	-0.401094	-0.378416	-0.307513	-0.192388	-0.0426796	0.13093	0.289145	0.404447	0.475143	0.499187	0.479297	0.429022	0.362517	0.286449	
0.00701029	-0.021314	-0.0268213	-0.0379509	-0.0696837	-0.114745	-0.165258	-0.224714	-0.291834	-0.353435	-0.399848	-0.420776	-0.397468	-0.319236	-0.198941	-0.053531	0.107765	0.262115	0.387114	0.466791	0.487167	0.460274	0.410383	0.34309	0.267621	
0.00407672	-0.0228809	-0.0266234	-0.0388329	-0.073084	-0.117842	-0.166209	-0.222541	-0.29047	-0.355769	-0.404306	-0.425213	-0.399737	-0.320595	-0.198873	-0.0554474	0.102612	0.255107	0.383297	0.466258	0.485401	0.45631	0.405439	0.338154	0.262917	
0.014807	-0.015916	-0.023926	-0.0337141	-0.0611433	-0.105466	-0.161047	-0.225459	-0.290753	-0.347074	-0.389991	-0.409726	-0.387714	-0.313777	-0.19666	-0.0479721	0.12038	0.277347	0.397039	0.471338	0.492843	0.469652	0.421062	0.354986	0.278289	
0.0447058	0.0036031	-0.0128309	-0.0197585	-0.0373237	-0.0765056	-0.139257	-0.21212	-0.279464	-0.331466	-0.369985	-0.387493	-0.363818	-0.29405	-0.180942	-0.0299792	0.147642	0.306025	0.417363	0.486277	0.514218	0.497196	0.443978	0.37411	0.300212	
0.0947497	0.040958	0.0113771	0.00241621	-0.00637926	-0.0405799	-0.105887	-0.186277	-0.256513	-0.306915	-0.343075	-0.359211	-0.334709	-0.261827	-0.147033	0.00718112	0.184171	0.338917	0.448303	0.52149	0.55402	0.537985	0.480549	0.403313	0.331606	
0.148573	0.0902604	0.0593706	0.04868	0.0354243	-0.000812979	-0.0668093	-0.145469	-0.217069	-0.267293	-0.298639	-0.311718	-0.288047	-0.215271	-0.0951086	0.0607962	0.236298	0.38964	0.503626	0.578882	0.604864	0.58439	0.533842	0.4608	0.382359	
0.218758	0.160459	0.130024	0.115161	0.0939625	0.0521979	-0.0114605	-0.0890569	-0.161681	-0.215291	-0.245191	-0.252745	-0.226976	-0.151594	-0.029295	0.124559	0.294538	0.452836	0.575606	0.651436	0.666507	0.637052	0.59202	0.532627	0.454574	
0.308546	0.253066	0.223415	0.2005	0.161481	0.110396	0.0517619	-0.0154851	-0.0877139	-0.1477	-0.185093	-0.193323	-0.160185	-0.0771597	0.0506913	0.201168	0.364896	0.522422	0.650349	0.726731	0.741316	0.709267	0.657402	0.599022	0.531169	
0.411917	0.366579	0.333815	0.297868	0.245062	0.182063	0.122139	0.0594738	-0.00574205	-0.0651987	-0.109785	-0.125409	-0.0887379	0.00240092	0.132146	0.286472	0.452409	0.60526	0.723122	0.796136	0.817827	0.79551	0.73731	0.663251	0.595378	
0.51806	0.482225	0.451345	0.409483	0.348396	0.276535	0.204917	0.137982	0.071674	0.0148764	-0.028296	-0.0464752	-0.0109932	0.08139	0.207984	0.360328	0.534111	0.686323	0.792722	0.857356	0.880713	0.86313	0.806556	0.723165	0.644664	
0.631607	0.60305	0.566165	0.514105	0.447921	0.37108	0.285916	0.201483	0.130813	0.0741058	0.035648	0.0207786	0.0522514	0.139821	0.263828	0.414512	0.588907	0.744657	0.847593	0.906949	0.922759	0.897517	0.841986	0.766444	0.68578	
0.734208	0.708981	0.667857	0.610653	0.533905	0.446071	0.348384	0.250877	0.170389	0.113153	0.0766287	0.0645806	0.0875137	0.162028	0.288801	0.446983	0.616315	0.764338	0.867295	0.923338	0.928884	0.892648	0.835823	0.770143	0.694534	
0.808086	0.785719	0.739971	0.679056	0.598112	0.499541	0.391173	0.276918	0.180658	0.114276	0.0752311	0.0620528	0.0859802	0.152984	0.274017	0.435941	0.601076	0.73618	0.833371	0.888787	0.889359	0.847402	0.784875	0.71706	0.64328	
0.841101	0.811591	0.766424	0.706242	0.622005	0.510139	0.387602	0.263568	0.146444	0.0634276	0.0188528	0.00494468	0.032411	0.107436	0.222192	0.369447	0.526804	0.658298	0.752526	0.804703	0.804881	0.761106	0.689183	0.608241	0.533782	
0.832664	0.800249	0.754332	0.687667	0.590355	0.464921	0.327265	0.192581	0.0696402	-0.0275705	-0.0819179	-0.103059	-0.076796	0.0078833	0.125527	0.256249	0.402091	0.539609	0.635982	0.678033	0.66988	0.626619	0.552709	0.462981	0.386246	
0.785521	0.749533	0.69987	0.627883	0.51694	0.378431	0.229492	0.0881277	-0.0368506	-0.141336	-0.211657	-0.242316	-0.22469	-0.14014	-0.0132856	0.12227	0.259017	0.390387	0.482771	0.517825	0.498864	0.453546	0.385134	0.300555	0.219519	
0.691787	0.664121	0.610336	0.528024	0.405528	0.262294	0.112073	-0.0382364	-0.168276	-0.276045	-0.358479	-0.400887	-0.380249	-0.295887	-0.16583	-0.0187218	0.124831	0.242188	0.317506	0.349463	0.335764	0.290244	0.221891	0.142234	0.0599503	
0.568583	0.559712	0.511441	0.421796	0.293395	0.141037	-0.0123332	-0.166648	-0.306769	-0.417239	-0.497171	-0.537075	-0.514634	-0.430702	-0.306	-0.154697	-0.000343541	0.11695	0.18071	0.206429	0.198924	0.155839	0.0833426	0.00205714	-0.0778623	
0.445599	0.471645	0.439003	0.34783	0.207719	0.0445394	-0.115729	-0.271592	-0.414608	-0.526779	-0.599125	-0.633075	-0.610941	-0.530865	-0.410258	-0.262506	-0.105041	0.0214025	0.093756	0.113828	0.0973288	0.0473281	-0.0248126	-0.104086	-0.175527	
0.341489	0.403778	0.392763	0.310829	0.172535	0.00305251	-0.167213	-0.322768	-0.463933	-0.579651	-0.649008	-0.673931	-0.654587	-0.580101	-0.459426	-0.306066	-0.154148	-0.0277811	0.0501115	0.0747005	0.0468174	-0.0113045	-0.0876914	-0.160293	-0.223222	
0.256715	0.351597	0.376115	0.318458	0.191897	0.0272222	-0.150986	-0.315097	-0.459504	-0.576631	-0.647067	-0.668627	-0.644096	-0.565113	-0.439535	-0.289062	-0.145824	-0.0268737	0.0502793	0.0744083	0.0458354	-0.0103198	-0.0887593	-0.165795	-0.228164	
