-0.512032	-0.503298	-0.514228	-0.539584	-0.566091	-0.572015	-0.551129	-0.523191	-0.505131	-0.506402	-0.52643	-0.566612	-0.615217	-0.676702	-0.749831	-0.825037	-0.873482	-0.885382	-0.853335	-0.783004	-0.695711	-0.604833	-0.49161	-0.338841	-0.171044	
-0.440252	-0.422933	-0.430552	-0.459246	-0.490753	-0.498139	-0.472578	-0.440214	-0.422796	-0.430725	-0.462304	-0.516798	-0.579853	-0.647217	-0.716504	-0.778351	-0.810448	-0.801094	-0.747309	-0.659463	-0.55834	-0.457378	-0.34091	-0.199599	-0.0464328	
-0.373699	-0.345706	-0.34339	-0.36597	-0.399296	-0.406155	-0.380197	-0.34902	-0.341843	-0.360118	-0.399218	-0.457806	-0.529251	-0.602048	-0.664658	-0.70603	-0.713729	-0.679355	-0.602983	-0.499786	-0.391727	-0.280947	-0.159287	-0.0260615	0.102941	
-0.340379	-0.30241	-0.282794	-0.292871	-0.319344	-0.3259	-0.303455	-0.282875	-0.291485	-0.32424	-0.367568	-0.422637	-0.493236	-0.566778	-0.620153	-0.636309	-0.615094	-0.55371	-0.454746	-0.335218	-0.220303	-0.103592	0.0256169	0.153908	0.262113	
-0.350912	-0.302002	-0.265211	-0.255637	-0.268222	-0.271698	-0.260195	-0.257156	-0.284834	-0.331345	-0.378621	-0.425935	-0.485937	-0.549785	-0.588	-0.5781	-0.526816	-0.439961	-0.319075	-0.181944	-0.0563757	0.0636678	0.19343	0.317825	0.408271	
-0.397265	-0.339849	-0.287683	-0.256226	-0.248159	-0.247054	-0.251863	-0.271415	-0.317489	-0.374589	-0.427081	-0.467321	-0.510752	-0.551675	-0.567568	-0.5326	-0.457814	-0.349149	-0.21115	-0.0563916	0.0825365	0.206336	0.327021	0.43942	0.517046	
-0.460476	-0.397036	-0.333871	-0.282555	-0.251995	-0.246525	-0.267987	-0.311173	-0.371038	-0.435815	-0.492512	-0.529894	-0.553048	-0.562184	-0.545511	-0.488663	-0.39769	-0.276039	-0.124371	0.0425033	0.195347	0.322778	0.429353	0.517033	0.578649	
-0.525963	-0.459459	-0.390939	-0.325418	-0.279053	-0.269347	-0.304058	-0.363269	-0.43262	-0.499952	-0.559797	-0.593122	-0.597089	-0.568514	-0.514058	-0.432457	-0.332593	-0.203046	-0.0430951	0.133182	0.293714	0.425174	0.51741	0.575982	0.611817	
-0.578557	-0.513425	-0.44356	-0.374981	-0.322986	-0.312462	-0.350749	-0.415196	-0.486204	-0.553628	-0.611145	-0.637235	-0.620866	-0.558969	-0.465853	-0.358997	-0.248729	-0.117204	0.0480206	0.227279	0.389366	0.516742	0.597332	0.630442	0.638493	
-0.611078	-0.551541	-0.487686	-0.427152	-0.382215	-0.373207	-0.406035	-0.462466	-0.526361	-0.58902	-0.637802	-0.649121	-0.611294	-0.52297	-0.400205	-0.267327	-0.142476	-0.00593304	0.158587	0.33623	0.491537	0.60713	0.671305	0.686938	0.673652	
-0.615795	-0.570677	-0.521649	-0.479718	-0.449817	-0.44366	-0.465877	-0.503576	-0.551028	-0.599406	-0.632581	-0.621585	-0.561542	-0.45423	-0.314344	-0.161587	-0.0165743	0.130031	0.292428	0.458678	0.600989	0.697165	0.739266	0.736909	0.711719	
-0.591999	-0.573217	-0.551522	-0.535209	-0.521398	-0.519003	-0.528905	-0.544983	-0.563724	-0.586363	-0.591969	-0.555998	-0.471717	-0.351005	-0.201781	-0.0380449	0.12696	0.289839	0.451207	0.600311	0.719974	0.793045	0.808733	0.783231	0.74434	
-0.547768	-0.570072	-0.587767	-0.599409	-0.59949	-0.598587	-0.600689	-0.593798	-0.577508	-0.557359	-0.526502	-0.460232	-0.355681	-0.219928	-0.0646708	0.105896	0.283247	0.461223	0.624345	0.754878	0.846403	0.890154	0.878764	0.826703	0.765862	
-0.493822	-0.567446	-0.631341	-0.671365	-0.681291	-0.682132	-0.677676	-0.651753	-0.594509	-0.524192	-0.445262	-0.34908	-0.223565	-0.075501	0.0909902	0.264463	0.444992	0.623793	0.782635	0.895169	0.956263	0.965527	0.921549	0.841288	0.753984	
-0.447231	-0.573701	-0.68289	-0.750128	-0.770787	-0.772628	-0.762237	-0.716144	-0.620944	-0.498315	-0.371082	-0.239576	-0.0950634	0.0685329	0.245203	0.42372	0.595681	0.758111	0.894922	0.984127	1.018	0.992757	0.913514	0.802078	0.689394	
-0.398809	-0.569209	-0.716691	-0.810773	-0.846166	-0.850453	-0.830047	-0.762214	-0.632722	-0.46819	-0.296393	-0.12964	0.0414733	0.220299	0.407954	0.584508	0.741627	0.869384	0.964048	1.01412	1.01784	0.964245	0.851946	0.709251	0.571152	
-0.325225	-0.526534	-0.701836	-0.822309	-0.875973	-0.884173	-0.850087	-0.758456	-0.601164	-0.407252	-0.203087	-0.00132997	0.200332	0.400516	0.592308	0.759199	0.88807	0.971735	1.0072	1.0011	0.963383	0.881959	0.747172	0.579349	0.418951	
-0.224159	-0.442421	-0.636793	-0.77814	-0.849917	-0.86111	-0.814748	-0.701497	-0.524411	-0.312948	-0.0888284	0.13957	0.371578	0.591488	0.783454	0.925383	1.01443	1.04313	1.01598	0.945537	0.857432	0.746207	0.597626	0.424048	0.255022	
-0.106119	-0.334262	-0.538261	-0.69219	-0.773017	-0.786967	-0.73273	-0.608461	-0.419438	-0.199037	0.036158	0.279481	0.529569	0.761145	0.943998	1.05373	1.09097	1.06226	0.974806	0.849877	0.716487	0.577071	0.421804	0.255747	0.0997706	
0.0292939	-0.201857	-0.408143	-0.560088	-0.639918	-0.652656	-0.600741	-0.477465	-0.288901	-0.0646287	0.173556	0.417986	0.664709	0.88614	1.04698	1.11715	1.10339	1.01762	0.880676	0.715986	0.555598	0.3994	0.239935	0.0855144	-0.0516619	
0.190064	-0.036236	-0.232446	-0.37091	-0.438135	-0.449297	-0.405174	-0.297038	-0.119556	0.0975526	0.329596	0.557264	0.775043	0.957821	1.07515	1.1011	1.04125	0.912894	0.738592	0.551791	0.381034	0.222569	0.0644695	-0.0852837	-0.209172	
0.363969	0.160477	-0.0133723	-0.127939	-0.179531	-0.186857	-0.154973	-0.0674695	0.0854647	0.281174	0.487408	0.678134	0.841817	0.960293	1.01485	0.989818	0.896173	0.744759	0.557723	0.365124	0.198933	0.0491273	-0.100528	-0.243729	-0.3623	
0.547011	0.388743	0.252847	0.165602	0.130113	0.124885	0.147021	0.21084	0.330397	0.48303	0.638528	0.766297	0.856374	0.895758	0.877942	0.801625	0.682752	0.530602	0.353132	0.175735	0.0229125	-0.112898	-0.249528	-0.381778	-0.489253	
0.735346	0.647956	0.563485	0.507987	0.486108	0.48335	0.496308	0.536857	0.612376	0.70195	0.777825	0.818108	0.81934	0.776976	0.691992	0.570784	0.436214	0.292671	0.141269	-0.00817338	-0.13602	-0.254048	-0.374119	-0.488042	-0.576754	
0.91847	0.920818	0.901897	0.884629	0.879625	0.879023	0.881883	0.893428	0.914897	0.923345	0.899311	0.833785	0.738806	0.619921	0.481179	0.329948	0.185863	0.0535828	-0.0737219	-0.189262	-0.284822	-0.37318	-0.467428	-0.555657	-0.617514	
1.0687	1.17043	1.22854	1.26182	1.28196	1.28538	1.27175	1.24348	1.19824	1.1155	0.984171	0.810338	0.622141	0.436132	0.258757	0.0906399	-0.0543524	-0.178855	-0.28688	-0.373713	-0.429312	-0.474572	-0.525916	-0.576787	-0.609359	
1.17043	1.36949	1.51273	1.61016	1.66679	1.67651	1.63808	1.55626	1.43323	1.257	1.02579	0.75716	0.489388	0.247791	0.0387877	-0.140015	-0.285011	-0.40158	-0.496828	-0.557851	-0.575228	-0.569624	-0.568185	-0.573074	-0.573009	
1.22854	1.51273	1.74079	1.9095	2.01057	2.02784	1.95924	1.81512	1.61114	1.34839	1.03647	0.697316	0.372645	0.0874248	-0.149776	-0.343819	-0.490563	-0.600886	-0.680082	-0.71763	-0.699982	-0.651933	-0.603439	-0.565528	-0.533361	
1.26182	1.61016	1.9095	2.14339	2.28616	2.31132	2.21321	2.01189	1.73663	1.40598	1.03745	0.656081	0.297306	-0.0163448	-0.279699	-0.491458	-0.64578	-0.74846	-0.810315	-0.82234	-0.778461	-0.702753	-0.62674	-0.560259	-0.50093	
1.28196	1.66679	2.01057	2.28616	2.45709	2.48685	2.36985	2.13037	1.81082	1.43908	1.04133	0.639892	0.267438	-0.0615581	-0.340537	-0.567415	-0.727257	-0.825464	-0.871522	-0.865283	-0.804331	-0.717076	-0.630965	-0.552583	-0.477708	
1.28538	1.67651	2.02784	2.31132	2.48685	2.51802	2.39697	2.15131	1.82315	1.44508	1.04171	0.638114	0.262761	-0.0677767	-0.350626	-0.579459	-0.741432	-0.837835	-0.881538	-0.871051	-0.807543	-0.718275	-0.631121	-0.550916	-0.473127	
1.27175	1.63808	1.95924	2.21321	2.36985	2.39697	2.29005	2.0699	1.77344	1.42218	1.03938	0.64718	0.281592	-0.0403467	-0.310868	-0.530153	-0.686497	-0.787301	-0.841493	-0.845192	-0.793013	-0.711438	-0.629894	-0.557068	-0.489965	
1.24348	1.55626	1.81512	2.01189	2.13037	2.15131	2.0699	1.90188	1.66673	1.37453	1.03627	0.677598	0.335941	0.0380546	-0.210969	-0.411491	-0.561345	-0.668022	-0.740679	-0.767677	-0.738653	-0.677464	-0.615386	-0.563795	-0.519479	
1.19824	1.43323	1.61114	1.73663	1.81082	1.82315	1.77344	1.66673	1.5115	1.29871	1.03305	0.732391	0.439485	0.178279	-0.0417268	-0.226342	-0.371	-0.485255	-0.574406	-0.626313	-0.629014	-0.604817	-0.582958	-0.5697	-0.556704	
1.1155	1.257	1.34839	1.40598	1.43908	1.44508	1.42218	1.37453	1.29871	1.17883	1.00531	0.791706	0.568792	0.359683	0.16859	-0.00332348	-0.148562	-0.26957	-0.372545	-0.4487	-0.488509	-0.513288	-0.54374	-0.576829	-0.596732	
0.984171	1.02579	1.03647	1.03745	1.04133	1.04171	1.03938	1.03627	1.03305	1.00531	0.938859	0.828873	0.696102	0.54872	0.393528	0.234059	0.0891204	-0.0398942	-0.158867	-0.262182	-0.342255	-0.41458	-0.493869	-0.568813	-0.619429	
0.810338	0.75716	0.697316	0.656081	0.639892	0.638114	0.64718	0.677598	0.732391	0.791706	0.828873	0.828747	0.791325	0.717882	0.609124	0.474327	0.33481	0.195957	0.0547704	-0.0811676	-0.196732	-0.304567	-0.415869	-0.520633	-0.599084	
0.622141	0.489388	0.372645	0.297306	0.267438	0.262761	0.281592	0.335941	0.439485	0.568792	0.696102	0.791325	0.847693	0.853921	0.808156	0.712507	0.586357	0.437241	0.268975	0.101888	-0.0424854	-0.171797	-0.30267	-0.428473	-0.529256	
0.436132	0.247791	0.0874248	-0.0163448	-0.0615581	-0.0677767	-0.0403467	0.0380546	0.178279	0.359683	0.54872	0.717882	0.853921	0.941965	0.967617	0.921754	0.817022	0.663195	0.477648	0.288625	0.126789	-0.0178612	-0.162586	-0.301942	-0.417165	
0.258757	0.0387877	-0.149776	-0.279699	-0.340537	-0.350626	-0.310868	-0.210969	-0.0417268	0.16859	0.393528	0.609124	0.808156	0.967617	1.06158	1.06787	0.992938	0.853156	0.670229	0.47911	0.308391	0.152717	-0.00282349	-0.150737	-0.272221	
0.0906399	-0.140015	-0.343819	-0.491458	-0.567415	-0.579459	-0.530153	-0.411491	-0.226342	-0.00332348	0.234059	0.474327	0.712507	0.921754	1.06787	1.12093	1.08801	0.982875	0.829025	0.65322	0.487008	0.328584	0.168737	0.0168313	-0.114394	
-0.0543524	-0.285011	-0.490563	-0.64578	-0.727257	-0.741432	-0.686497	-0.561345	-0.371	-0.148562	0.0891204	0.33481	0.586357	0.817022	0.992938	1.08801	1.10415	1.05224	0.94314	0.800592	0.654127	0.506514	0.349206	0.187489	0.0394082	
-0.178855	-0.40158	-0.600886	-0.74846	-0.825464	-0.837835	-0.787301	-0.668022	-0.485255	-0.26957	-0.0398942	0.195957	0.437241	0.663195	0.853156	0.982875	1.05224	1.05779	1.0057	0.911838	0.804115	0.681312	0.528912	0.357526	0.191393	
-0.28688	-0.496828	-0.680082	-0.810315	-0.871522	-0.881538	-0.841493	-0.740679	-0.574406	-0.372545	-0.158867	0.0547704	0.268975	0.477648	0.670229	0.829025	0.94314	1.0057	1.01591	0.984011	0.926717	0.833204	0.692101	0.519207	0.353453	
-0.373713	-0.557851	-0.71763	-0.82234	-0.865283	-0.871051	-0.845192	-0.767677	-0.626313	-0.4487	-0.262182	-0.0811676	0.101888	0.288625	0.47911	0.65322	0.800592	0.911838	0.984011	1.01376	1.00193	0.938039	0.815067	0.661535	0.513372	
-0.429312	-0.575228	-0.699982	-0.778461	-0.804331	-0.807543	-0.793013	-0.738653	-0.629014	-0.488509	-0.342255	-0.196732	-0.0424854	0.126789	0.308391	0.487008	0.654127	0.804115	0.926717	1.00193	1.02493	0.987516	0.894908	0.770426	0.647531	
-0.474572	-0.569624	-0.651933	-0.702753	-0.717076	-0.718275	-0.711438	-0.677464	-0.604817	-0.513288	-0.41458	-0.304567	-0.171797	-0.0178612	0.152717	0.328584	0.506514	0.681312	0.833204	0.938039	0.987516	0.983414	0.925086	0.83265	0.734595	
-0.525916	-0.568185	-0.603439	-0.62674	-0.630965	-0.631121	-0.629894	-0.615386	-0.582958	-0.54374	-0.493869	-0.415869	-0.30267	-0.162586	-0.00282349	0.168737	0.349206	0.528912	0.692101	0.815067	0.894908	0.925086	0.901078	0.83739	0.76584	
-0.576787	-0.573074	-0.565528	-0.560259	-0.552583	-0.550916	-0.557068	-0.563795	-0.5697	-0.576829	-0.568813	-0.520633	-0.428473	-0.301942	-0.150737	0.0168313	0.187489	0.357526	0.519207	0.661535	0.770426	0.83265	0.83739	0.801419	0.755338	
-0.609359	-0.573009	-0.533361	-0.50093	-0.477708	-0.473127	-0.489965	-0.519479	-0.556704	-0.596732	-0.619429	-0.599084	-0.529256	-0.417165	-0.272221	-0.114394	0.0394082	0.191393	0.353453	0.513372	0.647531	0.734595	0.76584	0.755338	0.725233	
