-0.206236	-0.212104	-0.216163	-0.197009	-0.170945	-0.165067	-0.185448	-0.212093	-0.214444	-0.208705	-0.200234	-0.186175	-0.163086	-0.136796	-0.134902	-0.151865	-0.176323	-0.207412	-0.248759	-0.299782	-0.342179	-0.365299	-0.36529	-0.34106	-0.285604	
-0.215298	-0.228288	-0.238381	-0.220275	-0.18911	-0.182246	-0.207177	-0.234855	-0.234906	-0.219626	-0.209184	-0.198041	-0.177257	-0.154169	-0.148584	-0.171926	-0.209895	-0.253267	-0.299257	-0.340232	-0.367395	-0.367005	-0.341702	-0.296106	-0.22467	
-0.204373	-0.219897	-0.233325	-0.223519	-0.198685	-0.192187	-0.213532	-0.23231	-0.227436	-0.208878	-0.201293	-0.197769	-0.187809	-0.176211	-0.177206	-0.207024	-0.254704	-0.306133	-0.351052	-0.381881	-0.38424	-0.35595	-0.304847	-0.236839	-0.148412	
-0.18575	-0.198638	-0.211536	-0.216653	-0.205725	-0.201416	-0.213707	-0.215096	-0.205117	-0.189282	-0.186387	-0.192511	-0.195307	-0.1999	-0.217519	-0.255848	-0.307397	-0.36011	-0.398373	-0.417639	-0.395918	-0.331585	-0.248209	-0.153103	-0.0390052	
-0.174576	-0.179043	-0.195153	-0.211905	-0.218354	-0.219162	-0.215609	-0.20227	-0.185244	-0.173753	-0.179068	-0.190413	-0.20626	-0.228426	-0.261634	-0.308234	-0.353128	-0.389387	-0.412589	-0.413601	-0.372037	-0.279609	-0.163766	-0.0421059	0.0964476	
-0.173787	-0.17559	-0.194811	-0.221189	-0.241899	-0.245629	-0.230835	-0.205097	-0.181456	-0.172024	-0.178533	-0.192132	-0.216159	-0.250459	-0.296374	-0.343751	-0.374501	-0.386161	-0.380982	-0.362004	-0.30342	-0.194151	-0.058572	0.0906154	0.24595	
-0.182197	-0.186252	-0.207976	-0.237624	-0.263779	-0.268513	-0.249613	-0.220119	-0.192672	-0.182637	-0.183372	-0.195743	-0.223156	-0.263406	-0.315214	-0.354469	-0.369406	-0.354836	-0.319476	-0.274955	-0.198716	-0.0803416	0.0676786	0.233539	0.402813	
-0.196495	-0.200575	-0.217864	-0.240803	-0.261008	-0.265278	-0.249607	-0.226896	-0.205958	-0.196664	-0.197138	-0.208434	-0.239923	-0.285156	-0.330422	-0.356317	-0.346028	-0.30392	-0.239411	-0.159948	-0.0627305	0.0632001	0.213114	0.379243	0.54444	
-0.21296	-0.21015	-0.213523	-0.221618	-0.229804	-0.2314	-0.225266	-0.21622	-0.211145	-0.211195	-0.217145	-0.232991	-0.266087	-0.312606	-0.347786	-0.351993	-0.317229	-0.249527	-0.15712	-0.046337	0.0804253	0.218561	0.36628	0.522011	0.662076	
-0.236941	-0.219515	-0.203195	-0.193477	-0.188825	-0.187448	-0.191013	-0.198481	-0.212457	-0.230154	-0.248151	-0.266869	-0.295218	-0.329249	-0.345638	-0.324359	-0.263933	-0.177412	-0.0656893	0.0648764	0.210533	0.359204	0.502842	0.63883	0.744773	
-0.261539	-0.233706	-0.201191	-0.184591	-0.171495	-0.168518	-0.179276	-0.191705	-0.221084	-0.250179	-0.277874	-0.295075	-0.303779	-0.3154	-0.302812	-0.257893	-0.177831	-0.0768169	0.0426563	0.183427	0.330725	0.476914	0.61033	0.715841	0.77609	
-0.286553	-0.247141	-0.20751	-0.183198	-0.167959	-0.164749	-0.176402	-0.195679	-0.23086	-0.270956	-0.307391	-0.317073	-0.304091	-0.279815	-0.233363	-0.161435	-0.0639155	0.0466882	0.174567	0.312414	0.450423	0.577225	0.681814	0.750472	0.757578	
-0.302364	-0.257318	-0.212902	-0.184649	-0.165864	-0.161802	-0.176391	-0.199529	-0.238606	-0.285077	-0.323348	-0.327331	-0.292135	-0.232436	-0.150619	-0.0494357	0.0638751	0.182593	0.311718	0.440956	0.554068	0.644739	0.706185	0.724821	0.686289	
-0.296408	-0.260754	-0.222508	-0.195085	-0.174059	-0.169937	-0.185981	-0.210277	-0.245229	-0.283055	-0.309919	-0.30101	-0.247208	-0.162443	-0.0535428	0.0685015	0.190485	0.30901	0.428042	0.538105	0.618982	0.666984	0.679891	0.647755	0.571639	
-0.267187	-0.252894	-0.233745	-0.20918	-0.190296	-0.18665	-0.200246	-0.22482	-0.245298	-0.263398	-0.26598	-0.236164	-0.171754	-0.0743044	0.0454664	0.176038	0.299972	0.41135	0.512813	0.595124	0.642768	0.650009	0.618188	0.54389	0.436525	
-0.218612	-0.232627	-0.233115	-0.219475	-0.204585	-0.201743	-0.212476	-0.229232	-0.233825	-0.227042	-0.198225	-0.14951	-0.076633	0.0204954	0.135998	0.265626	0.383247	0.484909	0.564864	0.615831	0.626782	0.596592	0.528319	0.417994	0.291618	
-0.149911	-0.1958	-0.221081	-0.225687	-0.223616	-0.223162	-0.224719	-0.225296	-0.20803	-0.17147	-0.112517	-0.0419659	0.0363069	0.125252	0.227884	0.338239	0.438154	0.520149	0.572596	0.59225	0.569914	0.507852	0.412755	0.284451	0.147977	
-0.0694829	-0.144355	-0.198539	-0.229717	-0.248027	-0.251766	-0.238031	-0.213572	-0.168118	-0.102567	-0.0155228	0.0734258	0.155981	0.237737	0.321496	0.405607	0.474889	0.525271	0.545389	0.533961	0.484428	0.397478	0.28595	0.150818	0.017349	
0.0195069	-0.0792884	-0.158588	-0.218987	-0.260256	-0.268317	-0.238312	-0.18492	-0.112963	-0.0223193	0.0840605	0.182922	0.266782	0.338542	0.403511	0.4581	0.489988	0.501018	0.486751	0.448615	0.382119	0.284221	0.163237	0.0310098	-0.0939522	
0.109269	-0.00086431	-0.0943234	-0.175778	-0.2338	-0.245028	-0.203375	-0.128372	-0.04013	0.0638911	0.175899	0.274067	0.349988	0.408404	0.45611	0.48233	0.481122	0.45341	0.402852	0.342773	0.265288	0.162799	0.0450358	-0.0784372	-0.190476	
0.187697	0.0832056	-0.0104433	-0.0937696	-0.156547	-0.169182	-0.123027	-0.0449595	0.0445686	0.14531	0.250526	0.338843	0.400021	0.443474	0.471915	0.477208	0.448832	0.387218	0.306533	0.22141	0.13505	0.0365639	-0.07035	-0.170919	-0.25846	
0.254954	0.162714	0.0827706	0.0102122	-0.0455496	-0.0565262	-0.0161091	0.0531938	0.129123	0.21743	0.30909	0.38299	0.428424	0.451622	0.460031	0.443702	0.394654	0.310626	0.206402	0.103511	0.00838997	-0.0845275	-0.172414	-0.241194	-0.295995	
0.300289	0.232259	0.178048	0.130351	0.0929887	0.0852366	0.112995	0.158738	0.209009	0.272033	0.342938	0.4014	0.431448	0.440639	0.429833	0.395632	0.332573	0.233942	0.117494	0.0026073	-0.099237	-0.186958	-0.252048	-0.287911	-0.304515	
0.335885	0.299821	0.275761	0.260887	0.244869	0.241118	0.254107	0.269703	0.288726	0.319979	0.362328	0.400692	0.416775	0.411641	0.384293	0.333628	0.257274	0.153266	0.0359774	-0.0804442	-0.180519	-0.25939	-0.309989	-0.317719	-0.305442	
0.368869	0.37168	0.385742	0.401382	0.409314	0.410376	0.405535	0.392759	0.376233	0.368393	0.372738	0.379601	0.375401	0.355575	0.313132	0.248657	0.16523	0.0635031	-0.0434689	-0.144363	-0.230454	-0.294409	-0.327392	-0.32443	-0.298791	
0.405415	0.451242	0.49779	0.54104	0.567711	0.572242	0.55454	0.516278	0.470276	0.423222	0.382418	0.349256	0.314984	0.275038	0.216746	0.141657	0.0562044	-0.0347733	-0.119038	-0.193181	-0.25011	-0.287048	-0.302924	-0.294512	-0.271781	
0.451242	0.529027	0.595462	0.651701	0.688137	0.694899	0.669346	0.619574	0.556845	0.483205	0.403124	0.327158	0.259257	0.191261	0.116049	0.0328709	-0.0493192	-0.119905	-0.17699	-0.219795	-0.247048	-0.258463	-0.259826	-0.2516	-0.238974	
0.49779	0.595462	0.671113	0.727861	0.768426	0.776304	0.746975	0.695396	0.628354	0.539488	0.431112	0.318801	0.215721	0.121127	0.026513	-0.0628547	-0.135311	-0.185052	-0.21339	-0.229651	-0.235191	-0.228065	-0.215917	-0.209934	-0.203923	
0.54104	0.651701	0.727861	0.783215	0.822858	0.830869	0.801637	0.751562	0.685419	0.589794	0.459296	0.315732	0.181659	0.056793	-0.0541879	-0.146558	-0.206759	-0.227701	-0.227876	-0.222274	-0.214339	-0.200518	-0.188212	-0.183421	-0.183802	
0.567711	0.688137	0.768426	0.822858	0.863892	0.872415	0.841608	0.791833	0.724224	0.621294	0.47555	0.309604	0.152013	0.00781537	-0.115869	-0.208401	-0.255829	-0.255871	-0.233214	-0.211441	-0.196086	-0.180081	-0.167207	-0.16672	-0.169821	
0.572242	0.694899	0.776304	0.830869	0.872415	0.881072	0.849927	0.799832	0.731726	0.627096	0.478041	0.308036	0.145597	-0.00219849	-0.128071	-0.22089	-0.265382	-0.261433	-0.234328	-0.209307	-0.192491	-0.176103	-0.163085	-0.163105	-0.166696	
0.55454	0.669346	0.746975	0.801637	0.841608	0.849927	0.819926	0.770563	0.703797	0.60532	0.467662	0.313004	0.168493	0.0337025	-0.0830381	-0.175232	-0.230158	-0.240494	-0.230277	-0.217363	-0.205738	-0.19125	-0.179147	-0.175902	-0.177853	
0.516278	0.619574	0.695396	0.751562	0.791833	0.799832	0.770563	0.719221	0.653124	0.560888	0.443159	0.318108	0.2014	0.0953992	-0.00674671	-0.097855	-0.16549	-0.204875	-0.221581	-0.228791	-0.227929	-0.216925	-0.202664	-0.19718	-0.193424	
0.470276	0.556845	0.628354	0.685419	0.724224	0.731726	0.703797	0.653124	0.587099	0.506576	0.413885	0.322021	0.240614	0.161279	0.0788956	-0.00685805	-0.0860557	-0.147813	-0.193768	-0.225294	-0.242622	-0.246051	-0.241589	-0.23402	-0.224811	
0.423222	0.483205	0.539488	0.589794	0.621294	0.627096	0.60532	0.560888	0.506576	0.446961	0.389539	0.338736	0.291301	0.240981	0.175593	0.0972251	0.0119875	-0.0718336	-0.145257	-0.206987	-0.251008	-0.277069	-0.28627	-0.277613	-0.258627	
0.382418	0.403124	0.431112	0.459296	0.47555	0.478041	0.467662	0.443159	0.413885	0.389539	0.375579	0.367629	0.351874	0.325042	0.276723	0.207242	0.122833	0.0243536	-0.0746774	-0.165574	-0.241353	-0.295782	-0.321841	-0.316391	-0.290348	
0.349256	0.327158	0.318801	0.315732	0.309604	0.308036	0.313004	0.318108	0.322021	0.338736	0.367629	0.393971	0.404191	0.392755	0.359433	0.303112	0.222401	0.118707	0.00403464	-0.108109	-0.204256	-0.278341	-0.322441	-0.324045	-0.304506	
0.314984	0.259257	0.215721	0.181659	0.152013	0.145597	0.168493	0.2014	0.240614	0.291301	0.351874	0.404191	0.427908	0.432115	0.414157	0.372774	0.304383	0.202034	0.0840565	-0.0329794	-0.135504	-0.220131	-0.278497	-0.301692	-0.304771	
0.275038	0.191261	0.121127	0.056793	0.00781537	-0.00219849	0.0337025	0.0953992	0.161279	0.240981	0.325042	0.392755	0.432115	0.448462	0.449668	0.425824	0.370897	0.280456	0.169824	0.0615749	-0.0373014	-0.128271	-0.207257	-0.262626	-0.302268	
0.216746	0.116049	0.026513	-0.0541879	-0.115869	-0.128071	-0.0830381	-0.00674671	0.0788956	0.175593	0.276723	0.359433	0.414157	0.449668	0.469744	0.466678	0.428826	0.356471	0.265547	0.172188	0.0823794	-0.0133964	-0.113419	-0.20166	-0.276821	
0.141657	0.0328709	-0.0628547	-0.146558	-0.208401	-0.22089	-0.175232	-0.097855	-0.00685805	0.0972251	0.207242	0.303112	0.372774	0.425824	0.466678	0.484064	0.471692	0.429485	0.365859	0.29591	0.214513	0.112542	-0.0020592	-0.118181	-0.221964	
0.0562044	-0.0493192	-0.135311	-0.206759	-0.255829	-0.265382	-0.230158	-0.16549	-0.0860557	0.0119875	0.122833	0.222401	0.304383	0.370897	0.428826	0.471692	0.489307	0.483824	0.455032	0.408041	0.336746	0.236709	0.115691	-0.0139522	-0.134353	
-0.0347733	-0.119905	-0.185052	-0.227701	-0.255871	-0.261433	-0.240494	-0.204875	-0.147813	-0.0718336	0.0243536	0.118707	0.202034	0.280456	0.356471	0.429485	0.483824	0.518942	0.525726	0.502698	0.445635	0.352474	0.2358	0.100901	-0.0294573	
-0.119038	-0.17699	-0.21339	-0.227876	-0.233214	-0.234328	-0.230277	-0.221581	-0.193768	-0.145257	-0.0746774	0.00403464	0.0840565	0.169824	0.265547	0.365859	0.455032	0.525726	0.565537	0.572821	0.538698	0.464995	0.362285	0.229986	0.0931836	
-0.193181	-0.219795	-0.229651	-0.222274	-0.211441	-0.209307	-0.217363	-0.228791	-0.225294	-0.206987	-0.165574	-0.108109	-0.0329794	0.0615749	0.172188	0.29591	0.408041	0.502698	0.572821	0.611141	0.608358	0.565132	0.484722	0.365131	0.234046	
-0.25011	-0.247048	-0.235191	-0.214339	-0.196086	-0.192491	-0.205738	-0.227929	-0.242622	-0.251008	-0.241353	-0.204256	-0.135504	-0.0373014	0.0823794	0.214513	0.336746	0.445635	0.538698	0.608358	0.641935	0.632932	0.585282	0.495339	0.378461	
-0.287048	-0.258463	-0.228065	-0.200518	-0.180081	-0.176103	-0.19125	-0.216925	-0.246051	-0.277069	-0.295782	-0.278341	-0.220131	-0.128271	-0.0133964	0.112542	0.236709	0.352474	0.464995	0.565132	0.632932	0.664872	0.659173	0.609243	0.519764	
-0.302924	-0.259826	-0.215917	-0.188212	-0.167207	-0.163085	-0.179147	-0.202664	-0.241589	-0.28627	-0.321841	-0.322441	-0.278497	-0.207257	-0.113419	-0.0020592	0.115691	0.2358	0.362285	0.484722	0.585282	0.659173	0.700796	0.69789	0.643905	
-0.294512	-0.2516	-0.209934	-0.183421	-0.16672	-0.163105	-0.175902	-0.19718	-0.23402	-0.277613	-0.316391	-0.324045	-0.301692	-0.262626	-0.20166	-0.118181	-0.0139522	0.100901	0.229986	0.365131	0.495339	0.609243	0.69789	0.748193	0.735273	
-0.271781	-0.238974	-0.203923	-0.183802	-0.169821	-0.166696	-0.177853	-0.193424	-0.224811	-0.258627	-0.290348	-0.304506	-0.304771	-0.302268	-0.276821	-0.221964	-0.134353	-0.0294573	0.0931836	0.234046	0.378461	0.519764	0.643905	0.735273	0.775095	
