0.447767	0.541578	0.614719	0.643132	0.61177	0.533495	0.43095	0.313175	0.213692	0.128987	0.0486457	-0.0422353	-0.151239	-0.260205	-0.366943	-0.461077	-0.525854	-0.541896	-0.492666	-0.386565	-0.239512	-0.0646206	0.126207	0.329089	0.520675	
0.541578	0.596585	0.629449	0.617287	0.546551	0.440763	0.317334	0.19766	0.105339	0.0379655	-0.010929	-0.0731594	-0.154439	-0.247187	-0.34482	-0.436817	-0.509482	-0.541608	-0.509689	-0.421271	-0.28191	-0.115752	0.0752809	0.278796	0.483038	
0.614719	0.629449	0.618019	0.56565	0.46699	0.340617	0.2095	0.0933682	0.00777599	-0.0431176	-0.071088	-0.107599	-0.166111	-0.243867	-0.332407	-0.420471	-0.499002	-0.541865	-0.528371	-0.453696	-0.325164	-0.164824	0.0248209	0.229155	0.44464	
0.643132	0.617287	0.56565	0.487602	0.374631	0.247591	0.122878	0.0169837	-0.0563698	-0.0968647	-0.109383	-0.128462	-0.170232	-0.238056	-0.320836	-0.409094	-0.492927	-0.548642	-0.55347	-0.494553	-0.379734	-0.224736	-0.0400411	0.166901	0.38885	
0.61177	0.546551	0.46699	0.374631	0.268941	0.159029	0.0515091	-0.0325651	-0.0938015	-0.123393	-0.12569	-0.132127	-0.160386	-0.219931	-0.298898	-0.387541	-0.476644	-0.545181	-0.567055	-0.527711	-0.425954	-0.281687	-0.100552	0.103986	0.332326	
0.533495	0.440763	0.340617	0.247591	0.159029	0.0686875	-0.013895	-0.0782328	-0.126131	-0.144542	-0.139149	-0.132334	-0.146034	-0.194773	-0.266803	-0.352683	-0.445458	-0.521535	-0.561811	-0.538095	-0.45429	-0.318513	-0.145411	0.0578567	0.288377	
0.43095	0.317334	0.2095	0.122878	0.0515091	-0.013895	-0.0740195	-0.120643	-0.155492	-0.166858	-0.156448	-0.13914	-0.140456	-0.177858	-0.240574	-0.32402	-0.414301	-0.498119	-0.549663	-0.542413	-0.47306	-0.346503	-0.180043	0.0222343	0.254533	
0.313175	0.19766	0.0933682	0.0169837	-0.0325651	-0.0782328	-0.120643	-0.154479	-0.183126	-0.192247	-0.181399	-0.158274	-0.150193	-0.174886	-0.229956	-0.306152	-0.394397	-0.480577	-0.541257	-0.548015	-0.491233	-0.374436	-0.212742	-0.012199	0.222522	
0.213692	0.105339	0.00777599	-0.0563698	-0.0938015	-0.126131	-0.155492	-0.183126	-0.20753	-0.216446	-0.207572	-0.181809	-0.165292	-0.180812	-0.22635	-0.297731	-0.382608	-0.470458	-0.539716	-0.55837	-0.51585	-0.407654	-0.252646	-0.0529166	0.182608	
0.128987	0.0379655	-0.0431176	-0.0968647	-0.123393	-0.144542	-0.166858	-0.192247	-0.216446	-0.230542	-0.228518	-0.204309	-0.186441	-0.193575	-0.233224	-0.300085	-0.381082	-0.471371	-0.545341	-0.577011	-0.545796	-0.448224	-0.298257	-0.100786	0.136391	
0.0486457	-0.010929	-0.071088	-0.109383	-0.12569	-0.139149	-0.156448	-0.181399	-0.207572	-0.228518	-0.233222	-0.215683	-0.197091	-0.199551	-0.235237	-0.29766	-0.378303	-0.469255	-0.550201	-0.593415	-0.57538	-0.489028	-0.345963	-0.151357	0.0854188	
-0.0422353	-0.0731594	-0.107599	-0.128462	-0.132127	-0.132334	-0.13914	-0.158274	-0.181809	-0.204309	-0.215683	-0.203059	-0.186327	-0.186608	-0.218728	-0.280582	-0.360649	-0.455012	-0.542564	-0.598331	-0.594025	-0.520723	-0.385328	-0.196025	0.0404933	
-0.151239	-0.154439	-0.166111	-0.170232	-0.160386	-0.146034	-0.140456	-0.150193	-0.165292	-0.186441	-0.197091	-0.186327	-0.168373	-0.161888	-0.189333	-0.245753	-0.324134	-0.418855	-0.51089	-0.577163	-0.58556	-0.524604	-0.398063	-0.213368	0.0206447	
-0.260205	-0.247187	-0.243867	-0.238056	-0.219931	-0.194773	-0.177858	-0.174886	-0.180812	-0.193575	-0.199551	-0.186608	-0.161888	-0.147311	-0.164585	-0.212833	-0.285998	-0.377238	-0.470679	-0.543919	-0.561763	-0.512363	-0.391859	-0.212736	0.0211452	
-0.366943	-0.34482	-0.332407	-0.320836	-0.298898	-0.266803	-0.240574	-0.229956	-0.22635	-0.233224	-0.235237	-0.218728	-0.189333	-0.164585	-0.170837	-0.208567	-0.273097	-0.357631	-0.448734	-0.52351	-0.54855	-0.50523	-0.390428	-0.212665	0.0211663	
-0.461077	-0.436817	-0.420471	-0.409094	-0.387541	-0.352683	-0.32402	-0.306152	-0.297731	-0.300085	-0.29766	-0.280582	-0.245753	-0.212833	-0.208567	-0.235272	-0.291145	-0.368538	-0.454857	-0.531355	-0.559503	-0.523433	-0.411251	-0.235891	-0.000597186	
-0.525854	-0.509482	-0.499002	-0.492927	-0.476644	-0.445458	-0.414301	-0.394397	-0.382608	-0.381082	-0.378303	-0.360649	-0.324134	-0.285998	-0.273097	-0.291145	-0.340178	-0.409837	-0.493968	-0.568632	-0.602175	-0.56999	-0.462081	-0.287646	-0.0512307	
-0.541896	-0.541608	-0.541865	-0.548642	-0.545181	-0.521535	-0.498119	-0.480577	-0.470458	-0.471371	-0.469255	-0.455012	-0.418855	-0.377238	-0.357631	-0.368538	-0.409837	-0.474759	-0.553568	-0.629146	-0.664932	-0.638245	-0.533798	-0.360803	-0.124221	
-0.492666	-0.509689	-0.528371	-0.55347	-0.567055	-0.561811	-0.549663	-0.541257	-0.539716	-0.545341	-0.550201	-0.542564	-0.51089	-0.470679	-0.448734	-0.454857	-0.493968	-0.553568	-0.632191	-0.706918	-0.747487	-0.725705	-0.625302	-0.454866	-0.217698	
-0.386565	-0.421271	-0.453696	-0.494553	-0.527711	-0.538095	-0.542413	-0.548015	-0.55837	-0.577011	-0.593415	-0.598331	-0.577163	-0.543919	-0.52351	-0.531355	-0.568632	-0.629146	-0.706918	-0.784248	-0.829816	-0.813567	-0.719268	-0.550946	-0.315859	
-0.239512	-0.28191	-0.325164	-0.379734	-0.425954	-0.45429	-0.47306	-0.491233	-0.51585	-0.545796	-0.57538	-0.594025	-0.58556	-0.561763	-0.54855	-0.559503	-0.602175	-0.664932	-0.747487	-0.829816	-0.882655	-0.875495	-0.787722	-0.625563	-0.392681	
-0.0646206	-0.115752	-0.164824	-0.224736	-0.281687	-0.318513	-0.346503	-0.374436	-0.407654	-0.448224	-0.489028	-0.520723	-0.524604	-0.512363	-0.50523	-0.523433	-0.56999	-0.638245	-0.725705	-0.813567	-0.875495	-0.875968	-0.797766	-0.640391	-0.412765	
0.126207	0.0752809	0.0248209	-0.0400411	-0.100552	-0.145411	-0.180043	-0.212742	-0.252646	-0.298257	-0.345963	-0.385328	-0.398063	-0.391859	-0.390428	-0.411251	-0.462081	-0.533798	-0.625302	-0.719268	-0.787722	-0.797766	-0.726452	-0.576346	-0.352288	
0.329089	0.278796	0.229155	0.166901	0.103986	0.0578567	0.0222343	-0.012199	-0.0529166	-0.100786	-0.151357	-0.196025	-0.213368	-0.212736	-0.212665	-0.235891	-0.287646	-0.360803	-0.454866	-0.550946	-0.625563	-0.640391	-0.576346	-0.429666	-0.210009	
0.520675	0.483038	0.44464	0.38885	0.332326	0.288377	0.254533	0.222522	0.182608	0.136391	0.0854188	0.0404933	0.0206447	0.0211452	0.0211663	-0.000597186	-0.0512307	-0.124221	-0.217698	-0.315859	-0.392681	-0.412765	-0.352288	-0.210009	0.00801268	
0.683956	0.665652	0.644192	0.605935	0.561935	0.529382	0.50579	0.482621	0.45084	0.410542	0.364816	0.321536	0.30362	0.3043	0.306509	0.286568	0.237471	0.166087	0.0726302	-0.0252492	-0.10486	-0.127246	-0.0710495	0.0694945	0.284623	
0.795124	0.804486	0.810736	0.796567	0.775373	0.761662	0.755349	0.747558	0.728709	0.700582	0.663191	0.627962	0.614558	0.620132	0.626895	0.6108	0.565493	0.496045	0.404466	0.306443	0.225865	0.200502	0.254301	0.391682	0.605679	
0.855163	0.893254	0.927118	0.941219	0.945634	0.956346	0.972301	0.985806	0.986308	0.974312	0.952215	0.927477	0.923618	0.936334	0.949315	0.938885	0.897359	0.830971	0.741057	0.643574	0.561981	0.534791	0.585681	0.721431	0.932729	
0.874228	0.93593	0.995261	1.03468	1.06386	1.09735	1.13604	1.16959	1.18842	1.19395	1.18503	1.17331	1.179	1.2	1.22089	1.21614	1.17992	1.11713	1.02949	0.933619	0.851675	0.823556	0.872981	1.00675	1.21731	
0.874902	0.952	1.02679	1.08154	1.12608	1.17498	1.227	1.27508	1.30714	1.32376	1.32673	1.32331	1.33688	1.36466	1.39037	1.3906	1.35766	1.29709	1.21173	1.11596	1.03473	1.00555	1.05412	1.18714	1.39622	
0.874818	0.953403	1.03026	1.08874	1.13615	1.1875	1.24386	1.29378	1.3281	1.3476	1.35093	1.34956	1.36414	1.39229	1.41967	1.42012	1.38795	1.32847	1.24267	1.14835	1.06631	1.03795	1.08616	1.21912	1.42855	
0.87516	0.945003	1.0124	1.05872	1.09541	1.13647	1.18048	1.22145	1.24657	1.25706	1.25455	1.2466	1.25621	1.28095	1.30381	1.30174	1.2671	1.20496	1.11899	1.02234	0.941372	0.912063	0.961353	1.09452	1.30427	
0.867085	0.914628	0.958684	0.984532	0.999252	1.01958	1.04617	1.06762	1.07603	1.07161	1.05417	1.03483	1.03474	1.05024	1.06685	1.05826	1.01889	0.954312	0.86475	0.768749	0.686289	0.659326	0.709216	0.844329	1.05538	
0.824553	0.846336	0.864346	0.860694	0.849806	0.845529	0.846444	0.847398	0.835652	0.813386	0.782341	0.750786	0.741066	0.749826	0.758536	0.744884	0.701003	0.632216	0.541988	0.443114	0.362962	0.335821	0.38897	0.525102	0.738188	
0.735701	0.726864	0.714848	0.686623	0.650361	0.624751	0.608127	0.589825	0.563026	0.52692	0.483339	0.44259	0.42597	0.427619	0.431807	0.412593	0.364931	0.294419	0.201205	0.104	0.0232683	0.000374541	0.0550815	0.194768	0.409315	
0.590459	0.560407	0.528241	0.477685	0.425577	0.384745	0.352942	0.324211	0.28641	0.24197	0.192789	0.148002	0.128678	0.12953	0.1299	0.109024	0.0588224	-0.0139458	-0.106848	-0.20584	-0.282986	-0.305094	-0.245691	-0.104908	0.112375	
0.408691	0.361197	0.31422	0.254878	0.192882	0.147495	0.112379	0.0780187	0.0378323	-0.010171	-0.0615437	-0.107082	-0.125612	-0.125903	-0.125615	-0.149163	-0.200421	-0.273755	-0.367864	-0.464469	-0.540605	-0.557146	-0.495163	-0.349897	-0.131274	
0.206654	0.1562	0.105498	0.0406067	-0.0209034	-0.0676228	-0.103681	-0.137186	-0.178097	-0.224787	-0.274136	-0.315851	-0.330759	-0.326555	-0.326261	-0.348044	-0.399718	-0.472343	-0.564807	-0.660346	-0.731017	-0.743934	-0.675248	-0.527305	-0.304734	
0.0104323	-0.0422036	-0.0926705	-0.153904	-0.21343	-0.253081	-0.284249	-0.314435	-0.35024	-0.393803	-0.437796	-0.473676	-0.481124	-0.472285	-0.467297	-0.487589	-0.535781	-0.605982	-0.695025	-0.785517	-0.850287	-0.854642	-0.779504	-0.624913	-0.398937	
-0.172428	-0.21782	-0.264223	-0.321468	-0.372274	-0.405574	-0.428517	-0.451313	-0.479685	-0.514312	-0.54908	-0.572958	-0.569822	-0.550222	-0.539828	-0.553499	-0.597963	-0.662738	-0.747207	-0.831665	-0.888168	-0.884105	-0.800189	-0.639916	-0.409092	
-0.331554	-0.370764	-0.408186	-0.454529	-0.493819	-0.511378	-0.522242	-0.532574	-0.548782	-0.572293	-0.59393	-0.604955	-0.588034	-0.558953	-0.540662	-0.550075	-0.588906	-0.650289	-0.729282	-0.808603	-0.856515	-0.844046	-0.751832	-0.58603	-0.351359	
-0.456489	-0.480501	-0.505581	-0.536953	-0.55875	-0.560424	-0.554432	-0.551939	-0.554066	-0.565042	-0.57413	-0.570693	-0.542862	-0.504143	-0.482549	-0.488611	-0.526565	-0.585896	-0.66378	-0.738934	-0.781655	-0.761403	-0.663912	-0.49348	-0.257669	
-0.529812	-0.536856	-0.544332	-0.557907	-0.560689	-0.544084	-0.524477	-0.509131	-0.502095	-0.503831	-0.504158	-0.492235	-0.456559	-0.415566	-0.394079	-0.403164	-0.443192	-0.505643	-0.584101	-0.65922	-0.696623	-0.672227	-0.568808	-0.397319	-0.159761	
-0.539688	-0.52865	-0.521604	-0.519543	-0.507902	-0.478859	-0.450103	-0.430699	-0.418098	-0.418108	-0.414663	-0.397968	-0.361203	-0.320543	-0.305082	-0.319723	-0.365434	-0.433033	-0.514632	-0.589666	-0.624275	-0.593983	-0.488117	-0.313451	-0.0778806	
-0.491404	-0.469521	-0.454793	-0.444404	-0.424128	-0.390785	-0.359638	-0.340217	-0.330254	-0.330082	-0.328093	-0.310231	-0.274209	-0.239535	-0.231287	-0.254983	-0.308101	-0.382008	-0.467895	-0.543133	-0.573968	-0.539274	-0.428785	-0.253989	-0.01774	
-0.407423	-0.382908	-0.367488	-0.355657	-0.333275	-0.299509	-0.272655	-0.258357	-0.25252	-0.258347	-0.257602	-0.241037	-0.208778	-0.179919	-0.182331	-0.21494	-0.27612	-0.357692	-0.446467	-0.522584	-0.548542	-0.508735	-0.394952	-0.218203	0.0158358	
-0.303218	-0.286564	-0.27908	-0.269818	-0.250224	-0.22182	-0.199519	-0.193506	-0.194846	-0.204963	-0.210097	-0.194962	-0.168655	-0.150291	-0.16305	-0.208024	-0.277644	-0.366413	-0.459546	-0.53306	-0.554965	-0.50744	-0.390111	-0.211159	0.0223537	
-0.195568	-0.190091	-0.194575	-0.194563	-0.180239	-0.161843	-0.151941	-0.155772	-0.168096	-0.186147	-0.194682	-0.183609	-0.16241	-0.152801	-0.177011	-0.229844	-0.307254	-0.400477	-0.493681	-0.56362	-0.575792	-0.520722	-0.396172	-0.214732	0.0195635	
-0.084192	-0.104451	-0.12848	-0.141878	-0.140685	-0.133763	-0.135494	-0.151475	-0.171546	-0.194939	-0.207	-0.195352	-0.179312	-0.177336	-0.208179	-0.269013	-0.347992	-0.443499	-0.532553	-0.593012	-0.594089	-0.525438	-0.394088	-0.206006	0.029093	
0.0143361	-0.0323557	-0.0831419	-0.114497	-0.126106	-0.135986	-0.149125	-0.17253	-0.198797	-0.220493	-0.228247	-0.212781	-0.194352	-0.196295	-0.230664	-0.292589	-0.37369	-0.465208	-0.549696	-0.597549	-0.585434	-0.504315	-0.364076	-0.171852	0.0652984	
