-0.16897	-0.182939	-0.214572	-0.260193	-0.297495	-0.305554	-0.277768	-0.231674	-0.193864	-0.173091	-0.164242	-0.155184	-0.13283	-0.106667	-0.0832617	-0.0436994	0.0196114	0.0971814	0.175197	0.257745	0.355504	0.456363	0.553038	0.651033	0.730048	
-0.0767714	-0.0677098	-0.0821202	-0.110048	-0.137904	-0.144599	-0.122417	-0.0922072	-0.0705205	-0.0714313	-0.0877467	-0.106653	-0.114046	-0.110687	-0.104603	-0.0772286	-0.0305082	0.0252882	0.0815447	0.144823	0.228682	0.329127	0.440835	0.556889	0.657379	
0.0375915	0.0788815	0.102764	0.0956587	0.0711931	0.064268	0.0868157	0.102938	0.0915929	0.0552043	0.00889801	-0.0447657	-0.0864519	-0.112628	-0.134606	-0.14569	-0.127663	-0.0892656	-0.0519008	-0.00264136	0.0723713	0.169321	0.293482	0.42898	0.553033	
0.179445	0.25603	0.309272	0.324624	0.314005	0.310692	0.321899	0.31993	0.281556	0.211639	0.129471	0.0439165	-0.0353259	-0.098416	-0.157581	-0.207351	-0.227404	-0.215903	-0.199836	-0.166243	-0.100848	-0.00156694	0.134894	0.290889	0.433252	
0.336841	0.442839	0.527764	0.566818	0.563889	0.559914	0.568929	0.549994	0.48113	0.380465	0.269727	0.156497	0.0434805	-0.0616035	-0.156114	-0.239575	-0.294483	-0.311822	-0.314841	-0.306056	-0.256864	-0.154644	-0.0115596	0.149532	0.304597	
0.501804	0.62722	0.729109	0.784894	0.790211	0.787351	0.791798	0.758031	0.671614	0.554302	0.417787	0.274775	0.139204	0.00659126	-0.119279	-0.230293	-0.306902	-0.351807	-0.381389	-0.395225	-0.363948	-0.271129	-0.13343	0.0210233	0.174622	
0.647736	0.7864	0.893068	0.954579	0.971841	0.973638	0.965035	0.923838	0.833888	0.706481	0.555608	0.399928	0.248987	0.101886	-0.0418626	-0.166498	-0.261012	-0.333542	-0.394217	-0.431266	-0.419662	-0.347701	-0.229459	-0.0895241	0.0495011	
0.765972	0.903179	1.00554	1.06592	1.09486	1.1005	1.08047	1.03422	0.949315	0.823207	0.678414	0.53074	0.380919	0.232312	0.0804178	-0.0599498	-0.173618	-0.269986	-0.357392	-0.417891	-0.431452	-0.390288	-0.300983	-0.182203	-0.055399	
0.852814	0.972066	1.0618	1.12067	1.15652	1.16354	1.13761	1.08816	1.01217	0.902603	0.777176	0.650432	0.522723	0.3863	0.232792	0.0807364	-0.0563046	-0.177581	-0.282658	-0.35999	-0.398721	-0.390351	-0.337253	-0.24541	-0.138748	
0.896008	0.989495	1.06364	1.11944	1.1524	1.15872	1.13489	1.08868	1.02206	0.934478	0.839788	0.756036	0.668422	0.546939	0.393271	0.236483	0.0802222	-0.0618573	-0.178197	-0.267077	-0.334292	-0.362725	-0.345217	-0.287962	-0.208303	
0.897396	0.95634	1.01598	1.06775	1.09761	1.10173	1.08277	1.03905	0.979796	0.920499	0.866557	0.825548	0.773606	0.67718	0.538545	0.384407	0.226436	0.0805023	-0.0411853	-0.141458	-0.231071	-0.297664	-0.322753	-0.306226	-0.266458	
0.860466	0.891534	0.938133	0.977584	1.00022	1.00368	0.98846	0.955924	0.909337	0.870888	0.850657	0.843176	0.822229	0.758282	0.650697	0.516255	0.375659	0.244496	0.122303	0.0132393	-0.0924455	-0.188244	-0.255466	-0.289357	-0.298053	
0.788162	0.796295	0.824297	0.852558	0.871944	0.875429	0.862128	0.836152	0.806327	0.787846	0.796157	0.816137	0.817053	0.785445	0.721693	0.625392	0.515382	0.406937	0.299799	0.185437	0.0693054	-0.0469585	-0.155244	-0.244551	-0.305302	
0.701156	0.682483	0.686234	0.703782	0.71948	0.722645	0.711342	0.692074	0.681461	0.690938	0.721111	0.755999	0.779945	0.780719	0.755276	0.707299	0.634394	0.553851	0.467374	0.360997	0.241837	0.107692	-0.0357277	-0.17104	-0.280911	
0.610009	0.570262	0.550925	0.551946	0.55249	0.551764	0.553026	0.550027	0.558982	0.59249	0.638268	0.679718	0.720076	0.748921	0.756664	0.749271	0.716705	0.671351	0.608562	0.517174	0.401304	0.256167	0.0892962	-0.07359	-0.214186	
0.519153	0.466076	0.42339	0.403944	0.395083	0.391873	0.40011	0.413066	0.446735	0.496665	0.553223	0.602531	0.651949	0.694254	0.72221	0.744327	0.750771	0.741638	0.70432	0.630242	0.525256	0.3822	0.209828	0.0358286	-0.121141	
0.426391	0.370257	0.317578	0.280442	0.261057	0.256986	0.270581	0.300243	0.349	0.403115	0.463341	0.520034	0.575143	0.625696	0.667674	0.709704	0.737939	0.757241	0.75124	0.707058	0.623137	0.490348	0.325931	0.147399	-0.0215256	
0.335416	0.277401	0.225282	0.182529	0.155134	0.150016	0.169796	0.205975	0.256275	0.311678	0.370869	0.425821	0.481134	0.539902	0.590285	0.639996	0.694217	0.740447	0.759986	0.747472	0.68988	0.576067	0.42925	0.262496	0.0931686	
0.251031	0.193708	0.146438	0.105174	0.0777373	0.0725909	0.0919486	0.129203	0.173649	0.227749	0.282131	0.327368	0.372802	0.425917	0.485982	0.549165	0.625719	0.695094	0.737188	0.753261	0.725432	0.645965	0.526896	0.383654	0.228258	
0.17381	0.128852	0.0871455	0.0523889	0.0224482	0.0160839	0.0388169	0.0732357	0.110829	0.156207	0.195295	0.224072	0.255809	0.304656	0.37197	0.45015	0.542064	0.630058	0.701646	0.743405	0.747761	0.709804	0.625018	0.510433	0.377698	
0.112431	0.0734455	0.0387042	0.0106298	-0.0236784	-0.0310913	-0.00391446	0.0290527	0.0569415	0.098579	0.128251	0.143058	0.163524	0.208652	0.276072	0.362783	0.46628	0.572426	0.658	0.715859	0.750299	0.751618	0.710677	0.638561	0.53061	
0.0558971	0.0274761	-0.000680007	-0.0309015	-0.0663043	-0.0737451	-0.0460958	-0.0116022	0.0154317	0.0461281	0.0669311	0.0761439	0.0924096	0.135971	0.200068	0.288175	0.39987	0.520352	0.613146	0.682711	0.737626	0.769265	0.770117	0.743282	0.6678	
-0.000180363	-0.0181273	-0.0419296	-0.0772097	-0.116531	-0.124331	-0.0949133	-0.0539327	-0.0267337	-0.00659171	0.00664541	0.0128481	0.0305037	0.0802373	0.148168	0.232073	0.343482	0.463637	0.561665	0.64266	0.70912	0.767198	0.801221	0.810605	0.773353	
-0.0599034	-0.0784453	-0.0986953	-0.138083	-0.176847	-0.184669	-0.155993	-0.112408	-0.0851536	-0.066873	-0.0515591	-0.0366806	-0.00325735	0.0536496	0.121248	0.196557	0.300382	0.407471	0.505122	0.592108	0.666613	0.740225	0.80143	0.836549	0.827403	
-0.113206	-0.137365	-0.158654	-0.193153	-0.221075	-0.22494	-0.207109	-0.170565	-0.145976	-0.122706	-0.0989201	-0.0641798	-0.0150048	0.0454668	0.110151	0.175313	0.262977	0.357338	0.449421	0.539539	0.622554	0.704788	0.779123	0.834732	0.854327	
-0.151563	-0.173889	-0.193083	-0.214456	-0.234547	-0.237662	-0.224343	-0.200549	-0.182344	-0.160788	-0.132005	-0.0819132	-0.0248417	0.0343245	0.0896367	0.14801	0.21798	0.301078	0.389784	0.482618	0.573115	0.665282	0.754128	0.83487	0.886994	
-0.173889	-0.190656	-0.202939	-0.205851	-0.212544	-0.214859	-0.208176	-0.204116	-0.196377	-0.182562	-0.154937	-0.103335	-0.0412556	0.0113506	0.0531806	0.106474	0.165465	0.242027	0.332663	0.427523	0.527329	0.636703	0.751568	0.857284	0.932931	
-0.193083	-0.202939	-0.197438	-0.186966	-0.186203	-0.187403	-0.185194	-0.193179	-0.201586	-0.200003	-0.175261	-0.125037	-0.0619998	-0.015558	0.0219929	0.0668356	0.120561	0.191989	0.279405	0.378922	0.497729	0.631011	0.770149	0.89677	0.988857	
-0.214456	-0.205851	-0.186966	-0.177895	-0.171055	-0.170087	-0.17465	-0.182759	-0.197421	-0.213805	-0.206002	-0.163335	-0.0995562	-0.0489713	-0.00525253	0.0355087	0.0811915	0.148658	0.238601	0.351249	0.491211	0.64294	0.794922	0.930932	1.0365	
-0.234547	-0.212544	-0.186203	-0.171055	-0.166438	-0.166102	-0.168347	-0.178856	-0.200751	-0.228894	-0.231286	-0.197004	-0.141537	-0.084142	-0.0409081	0.0030867	0.0536031	0.120785	0.215117	0.338136	0.487608	0.652615	0.814055	0.951976	1.0635	
-0.237662	-0.214859	-0.187403	-0.170087	-0.166102	-0.165351	-0.167562	-0.178704	-0.202991	-0.231365	-0.234531	-0.203084	-0.149668	-0.0909949	-0.0490941	-0.0038429	0.0477612	0.116171	0.210304	0.334639	0.485873	0.654162	0.81773	0.955468	1.06728	
-0.224343	-0.208176	-0.185194	-0.17465	-0.168347	-0.167562	-0.171321	-0.180436	-0.197588	-0.220827	-0.218778	-0.179506	-0.118529	-0.0643475	-0.0202793	0.0213252	0.0685084	0.135039	0.22742	0.344617	0.490418	0.648003	0.803922	0.941278	1.04973	
-0.200549	-0.204116	-0.193179	-0.182759	-0.178856	-0.178704	-0.180436	-0.188015	-0.200333	-0.204995	-0.186132	-0.138016	-0.074686	-0.0276006	0.0125895	0.0549818	0.103854	0.173294	0.260595	0.365686	0.493172	0.634782	0.779942	0.911791	1.01047	
-0.182344	-0.196377	-0.201586	-0.197421	-0.200751	-0.202991	-0.197588	-0.200333	-0.199487	-0.190341	-0.163344	-0.111437	-0.0482989	0.000956577	0.0385173	0.0885208	0.146399	0.221395	0.311363	0.406819	0.51236	0.631236	0.757316	0.872266	0.954258	
-0.160788	-0.182562	-0.200003	-0.213805	-0.228894	-0.231365	-0.220827	-0.204995	-0.190341	-0.170676	-0.140999	-0.0902029	-0.0305258	0.0261647	0.076608	0.132574	0.196861	0.276913	0.365907	0.459652	0.553774	0.651733	0.749579	0.841052	0.904268	
-0.132005	-0.154937	-0.175261	-0.206002	-0.231286	-0.234531	-0.218778	-0.186132	-0.163344	-0.140999	-0.115011	-0.0715953	-0.0177611	0.0426031	0.104	0.166089	0.245833	0.335374	0.426597	0.518102	0.603739	0.688851	0.767676	0.832841	0.865653	
-0.0819132	-0.103335	-0.125037	-0.163335	-0.197004	-0.203084	-0.179506	-0.138016	-0.111437	-0.0902029	-0.0715953	-0.0493388	-0.00974707	0.049742	0.116035	0.187551	0.285966	0.387567	0.482695	0.570913	0.64859	0.726824	0.794802	0.837749	0.839093	
-0.0248417	-0.0412556	-0.0619998	-0.0995562	-0.141537	-0.149668	-0.118529	-0.074686	-0.0482989	-0.0305258	-0.0177611	-0.00974707	0.0125969	0.0661251	0.134201	0.214846	0.324899	0.440263	0.538568	0.623374	0.69305	0.758663	0.804819	0.825639	0.800216	
0.0343245	0.0113506	-0.015558	-0.0489713	-0.084142	-0.0909949	-0.0643475	-0.0276006	0.000956577	0.0261647	0.0426031	0.049742	0.0661251	0.111269	0.176844	0.263455	0.375345	0.497935	0.593886	0.66825	0.728931	0.771945	0.785824	0.775246	0.715696	
0.0896367	0.0531806	0.0219929	-0.00525253	-0.0409081	-0.0490941	-0.0202793	0.0125895	0.0385173	0.076608	0.104	0.116035	0.134201	0.176844	0.242764	0.330996	0.439488	0.552044	0.640076	0.702503	0.746142	0.760397	0.73849	0.684507	0.588154	
0.14801	0.106474	0.0668356	0.0355087	0.0030867	-0.0038429	0.0213252	0.0549818	0.0885208	0.132574	0.166089	0.187551	0.214846	0.263455	0.330996	0.413592	0.509477	0.605777	0.685398	0.734328	0.751716	0.730179	0.661858	0.562639	0.439959	
0.21798	0.165465	0.120561	0.0811915	0.0536031	0.0477612	0.0685084	0.103854	0.146399	0.196861	0.245833	0.285966	0.324899	0.375345	0.439488	0.509477	0.593655	0.669313	0.723909	0.75061	0.735909	0.672927	0.566186	0.433346	0.286731	
0.301078	0.242027	0.191989	0.148658	0.120785	0.116171	0.135039	0.173294	0.221395	0.276913	0.335374	0.387567	0.440263	0.497935	0.552044	0.605777	0.669313	0.726132	0.753638	0.753217	0.706634	0.605242	0.468591	0.310452	0.144401	
0.389784	0.332663	0.279405	0.238601	0.215117	0.210304	0.22742	0.260595	0.311363	0.365907	0.426597	0.482695	0.538568	0.593886	0.640076	0.685398	0.723909	0.753638	0.758674	0.72781	0.654403	0.527501	0.369517	0.192514	0.0214474	
0.482618	0.427523	0.378922	0.351249	0.338136	0.334639	0.344617	0.365686	0.406819	0.459652	0.518102	0.570913	0.623374	0.66825	0.702503	0.734328	0.75061	0.753217	0.72781	0.665226	0.567444	0.427197	0.256478	0.0800679	-0.081319	
0.573115	0.527329	0.497729	0.491211	0.487608	0.485873	0.490418	0.493172	0.51236	0.553774	0.603739	0.64859	0.69305	0.728931	0.746142	0.751716	0.735909	0.706634	0.654403	0.567444	0.454381	0.30944	0.138168	-0.0303418	-0.178903	
0.665282	0.636703	0.631011	0.64294	0.652615	0.654162	0.648003	0.634782	0.631236	0.651733	0.688851	0.726824	0.758663	0.771945	0.760397	0.730179	0.672927	0.605242	0.527501	0.427197	0.30944	0.169204	0.0141561	-0.134178	-0.258751	
0.754128	0.751568	0.770149	0.794922	0.814055	0.81773	0.803922	0.779942	0.757316	0.749579	0.767676	0.794802	0.804819	0.785824	0.73849	0.661858	0.566186	0.468591	0.369517	0.256478	0.138168	0.0141561	-0.109079	-0.218996	-0.300507	
0.83487	0.857284	0.89677	0.930932	0.951976	0.955468	0.941278	0.911791	0.872266	0.841052	0.832841	0.837749	0.825639	0.775246	0.684507	0.562639	0.433346	0.310452	0.192514	0.0800679	-0.0303418	-0.134178	-0.218996	-0.274506	-0.303515	
0.886994	0.932931	0.988857	1.0365	1.0635	1.06728	1.04973	1.01047	0.954258	0.904268	0.865653	0.839093	0.800216	0.715696	0.588154	0.439959	0.286731	0.144401	0.0214474	-0.081319	-0.178903	-0.258751	-0.300507	-0.303515	-0.282687	
