-0.579429	-0.502757	-0.406927	-0.312023	-0.246639	-0.23481	-0.281217	-0.366893	-0.466206	-0.551417	-0.60948	-0.614806	-0.563133	-0.464843	-0.337268	-0.199037	-0.0567673	0.0735338	0.170891	0.220238	0.212254	0.146255	0.0329159	-0.0941852	-0.213531	
-0.781315	-0.748505	-0.688168	-0.623548	-0.576643	-0.568398	-0.60165	-0.661134	-0.72702	-0.772113	-0.783306	-0.741677	-0.645735	-0.516998	-0.365883	-0.209257	-0.055017	0.0797523	0.178951	0.227445	0.210501	0.129998	-0.00350547	-0.153788	-0.289565	
-0.921044	-0.942043	-0.932881	-0.91099	-0.894434	-0.891396	-0.903242	-0.923888	-0.9416	-0.933845	-0.889555	-0.797188	-0.659796	-0.5017	-0.333625	-0.162424	-0.00445149	0.120969	0.200748	0.228113	0.192765	0.0937161	-0.0570884	-0.224353	-0.379091	
-0.975867	-1.05169	-1.10237	-1.13137	-1.15385	-1.15854	-1.14141	-1.11592	-1.07462	-1.01062	-0.9112	-0.769501	-0.600322	-0.41455	-0.23302	-0.0595615	0.0865879	0.188776	0.238145	0.226378	0.156464	0.037173	-0.127372	-0.309163	-0.481369	
-0.954041	-1.07771	-1.17697	-1.25935	-1.31295	-1.32296	-1.28544	-1.21216	-1.11982	-1.00684	-0.864752	-0.688165	-0.484198	-0.278662	-0.0897835	0.0707811	0.186936	0.257697	0.277535	0.235935	0.133031	-0.0225434	-0.209563	-0.406828	-0.592927	
-0.876245	-1.04129	-1.1815	-1.29434	-1.36417	-1.37578	-1.32854	-1.23052	-1.10039	-0.945378	-0.766273	-0.562481	-0.340772	-0.123609	0.0644829	0.204844	0.29274	0.330127	0.31651	0.243792	0.107343	-0.080705	-0.293791	-0.510856	-0.709112	
-0.76816	-0.965877	-1.13546	-1.26449	-1.3379	-1.34946	-1.30178	-1.19235	-1.03791	-0.849358	-0.641053	-0.419957	-0.19304	0.0265103	0.211201	0.335501	0.398642	0.404965	0.3527	0.240416	0.0670954	-0.146903	-0.376803	-0.601739	-0.801718	
-0.650749	-0.861641	-1.04562	-1.18737	-1.26561	-1.27773	-1.22777	-1.10864	-0.939403	-0.737076	-0.517032	-0.287509	-0.0572804	0.159699	0.333745	0.44266	0.482595	0.457541	0.375463	0.232443	0.0306521	-0.198262	-0.434216	-0.65887	-0.861204	
-0.532711	-0.749627	-0.937063	-1.07927	-1.15744	-1.16973	-1.1189	-1.00024	-0.828753	-0.621823	-0.397724	-0.170967	0.0511554	0.250823	0.404056	0.493366	0.512186	0.460641	0.354475	0.200796	-0.00367144	-0.225727	-0.453225	-0.669679	-0.865081	
-0.421896	-0.633584	-0.816404	-0.956045	-1.03419	-1.04734	-0.99472	-0.879018	-0.710548	-0.50884	-0.29088	-0.0782268	0.121273	0.288305	0.41033	0.474977	0.477246	0.409876	0.293522	0.138651	-0.0488834	-0.249739	-0.447984	-0.640409	-0.811131	
-0.331114	-0.519659	-0.693428	-0.840573	-0.932902	-0.949065	-0.885128	-0.757766	-0.590917	-0.407966	-0.213957	-0.0234395	0.145871	0.277329	0.36547	0.404754	0.391754	0.316832	0.199194	0.0477735	-0.115188	-0.276505	-0.433054	-0.585733	-0.722295	
-0.2593	-0.429244	-0.597598	-0.752598	-0.855492	-0.873196	-0.802823	-0.662455	-0.497499	-0.326891	-0.160694	-0.00314503	0.128301	0.223731	0.285908	0.303316	0.267847	0.183098	0.0676046	-0.0613543	-0.189293	-0.307273	-0.419679	-0.521745	-0.610641	
-0.22015	-0.37158	-0.530516	-0.682497	-0.784666	-0.802089	-0.732725	-0.592906	-0.436146	-0.27755	-0.140759	-0.0217329	0.073865	0.131684	0.162194	0.154157	0.104013	0.0246284	-0.0780909	-0.178887	-0.265963	-0.332633	-0.393692	-0.444994	-0.48287	
-0.213502	-0.33951	-0.48466	-0.623715	-0.724004	-0.742963	-0.670622	-0.542814	-0.396912	-0.260204	-0.15068	-0.0680463	-0.0146455	0.00772862	0.00625431	-0.0218933	-0.0775636	-0.150843	-0.223169	-0.287123	-0.329523	-0.34521	-0.35555	-0.355536	-0.344806	
-0.214197	-0.322541	-0.458005	-0.585089	-0.672677	-0.690191	-0.62618	-0.512075	-0.375188	-0.253241	-0.167566	-0.121925	-0.107015	-0.113057	-0.138875	-0.183972	-0.245378	-0.303753	-0.344282	-0.37212	-0.374043	-0.350912	-0.313696	-0.261455	-0.202946	
-0.223514	-0.315084	-0.434642	-0.545057	-0.614465	-0.626725	-0.579139	-0.481915	-0.361406	-0.255759	-0.188882	-0.166889	-0.177755	-0.205326	-0.246777	-0.301378	-0.36485	-0.409171	-0.423874	-0.421751	-0.396117	-0.338749	-0.2555	-0.154593	-0.0542221	
-0.243908	-0.314155	-0.405697	-0.490816	-0.544198	-0.553605	-0.517436	-0.441558	-0.349525	-0.267802	-0.218515	-0.206355	-0.22097	-0.25537	-0.303889	-0.35989	-0.424515	-0.466771	-0.472441	-0.44394	-0.388581	-0.29717	-0.1728	-0.0377929	0.095291	
-0.258275	-0.31033	-0.377601	-0.433576	-0.474939	-0.482237	-0.453056	-0.401204	-0.337166	-0.275932	-0.239622	-0.228284	-0.235414	-0.256756	-0.301597	-0.358848	-0.429506	-0.481811	-0.485978	-0.444191	-0.366078	-0.24193	-0.0815986	0.0795146	0.222686	
-0.241329	-0.281764	-0.330767	-0.376633	-0.408759	-0.414661	-0.391321	-0.350447	-0.300329	-0.25579	-0.225153	-0.208549	-0.202458	-0.214539	-0.251149	-0.310998	-0.384782	-0.443609	-0.455387	-0.416821	-0.323735	-0.176029	0.00384362	0.17822	0.321484	
-0.196126	-0.221311	-0.257703	-0.303197	-0.332576	-0.337175	-0.318476	-0.276192	-0.233984	-0.205303	-0.181859	-0.156282	-0.147057	-0.15896	-0.187374	-0.241741	-0.312414	-0.372833	-0.393547	-0.356735	-0.26165	-0.110815	0.0658895	0.237522	0.367062	
-0.12056	-0.139669	-0.166868	-0.207425	-0.23361	-0.237248	-0.221379	-0.182136	-0.148972	-0.128408	-0.107641	-0.0856912	-0.0795864	-0.0943318	-0.126004	-0.180435	-0.246798	-0.306476	-0.331603	-0.296513	-0.206013	-0.0662267	0.0997453	0.252021	0.356449	
-0.028743	-0.0401336	-0.0556065	-0.0765329	-0.0941051	-0.0967794	-0.0853591	-0.0630038	-0.0453867	-0.0333525	-0.0231253	-0.0162272	-0.0167984	-0.0340549	-0.0813727	-0.142939	-0.201908	-0.257739	-0.280493	-0.247565	-0.164805	-0.0449842	0.0932486	0.215607	0.295634	
0.0770959	0.0832642	0.0903096	0.0891291	0.0823329	0.0823268	0.085421	0.0916685	0.0858177	0.0801334	0.0707328	0.0580406	0.0384197	0.00158112	-0.0565203	-0.123609	-0.184616	-0.231114	-0.241807	-0.208541	-0.144083	-0.0465687	0.0630618	0.148769	0.194003	
0.200631	0.236732	0.271068	0.289226	0.302068	0.306159	0.294136	0.280325	0.251323	0.215516	0.175554	0.132665	0.0775186	0.0101852	-0.0541178	-0.123819	-0.184883	-0.225385	-0.222633	-0.185405	-0.137078	-0.0703622	-0.00277088	0.044102	0.0540432	
0.338302	0.418523	0.48727	0.534935	0.571855	0.580574	0.550702	0.508673	0.448142	0.372317	0.285071	0.196754	0.103096	0.012457	-0.0661928	-0.144667	-0.202651	-0.229935	-0.221919	-0.187912	-0.157518	-0.126133	-0.0988524	-0.0893168	-0.117209	
0.477999	0.613771	0.734889	0.828179	0.885257	0.897118	0.855636	0.776081	0.664803	0.533687	0.393682	0.255269	0.123649	0.0115157	-0.0851722	-0.168704	-0.226769	-0.255158	-0.251934	-0.231127	-0.216874	-0.212546	-0.216103	-0.238044	-0.299804	
0.613771	0.809277	0.994983	1.143	1.22887	1.24365	1.18537	1.06045	0.886302	0.692195	0.495918	0.306421	0.140686	0.00616597	-0.102422	-0.190585	-0.260429	-0.303108	-0.31406	-0.314225	-0.318427	-0.331895	-0.356196	-0.402061	-0.480065	
0.734889	0.994983	1.24054	1.43974	1.55729	1.57751	1.49718	1.32901	1.09588	0.838888	0.583798	0.353246	0.15812	-0.000837405	-0.125995	-0.223526	-0.304318	-0.361561	-0.395914	-0.422276	-0.449561	-0.472538	-0.509193	-0.56754	-0.65156	
0.828179	1.143	1.43974	1.67694	1.8211	1.84581	1.74757	1.54369	1.26574	0.953563	0.648323	0.381186	0.164226	-0.0138853	-0.15902	-0.268793	-0.349502	-0.411396	-0.467547	-0.524652	-0.570372	-0.60649	-0.656642	-0.723999	-0.80247	
0.885257	1.22887	1.55729	1.8211	1.9752	2.00168	1.89792	1.67256	1.36507	1.02151	0.691757	0.404496	0.164814	-0.0280894	-0.183095	-0.296364	-0.380274	-0.448696	-0.515621	-0.587502	-0.650935	-0.702576	-0.759231	-0.826469	-0.900079	
0.897118	1.24365	1.57751	1.84581	2.00168	2.02917	1.92384	1.69503	1.38192	1.03422	0.702235	0.410423	0.166102	-0.0299746	-0.186519	-0.300094	-0.386448	-0.455041	-0.523624	-0.598707	-0.66619	-0.721557	-0.776883	-0.843954	-0.917386	
0.855636	1.18537	1.49718	1.74757	1.89792	1.92384	1.82141	1.60661	1.31477	0.986453	0.667995	0.390223	0.163693	-0.0208497	-0.171404	-0.283651	-0.364125	-0.428409	-0.491425	-0.555981	-0.608581	-0.651447	-0.706056	-0.774518	-0.849488	
0.776081	1.06045	1.32901	1.54369	1.67256	1.69503	1.60661	1.42434	1.17086	0.889603	0.612459	0.366361	0.162485	-0.00515773	-0.138167	-0.241247	-0.323426	-0.382446	-0.426518	-0.465653	-0.501292	-0.528739	-0.569932	-0.632652	-0.716161	
0.664803	0.886302	1.09588	1.26574	1.36507	1.38192	1.31477	1.17086	0.973024	0.753283	0.533283	0.326772	0.147553	0.00373622	-0.110715	-0.201916	-0.276159	-0.326782	-0.345735	-0.35603	-0.369622	-0.386705	-0.417998	-0.468974	-0.550004	
0.533687	0.692195	0.838888	0.953563	1.02151	1.03422	0.986453	0.889603	0.753283	0.59836	0.436222	0.276588	0.130787	0.00968393	-0.0922472	-0.177126	-0.238982	-0.271665	-0.273116	-0.259564	-0.253124	-0.256696	-0.26869	-0.301966	-0.372897	
0.393682	0.495918	0.583798	0.648323	0.691757	0.702235	0.667995	0.612459	0.533283	0.436222	0.32825	0.219912	0.111266	0.0126373	-0.0741878	-0.15509	-0.211799	-0.237294	-0.230388	-0.200009	-0.175771	-0.156353	-0.143247	-0.147532	-0.189784	
0.255269	0.306421	0.353246	0.381186	0.404496	0.410423	0.390223	0.366361	0.326772	0.276588	0.219912	0.159809	0.0894188	0.0116976	-0.0565953	-0.129898	-0.190562	-0.225672	-0.219329	-0.182402	-0.141604	-0.0897392	-0.0380829	-0.00622599	-0.011021	
0.123649	0.140686	0.15812	0.164226	0.164814	0.166102	0.163693	0.162485	0.147553	0.130787	0.111266	0.0894188	0.0561276	0.00618983	-0.0534712	-0.120949	-0.181978	-0.227204	-0.232295	-0.197009	-0.139341	-0.0526407	0.0412062	0.111608	0.142203	
0.0115157	0.00616597	-0.000837405	-0.0138853	-0.0280894	-0.0299746	-0.0208497	-0.00515773	0.00373622	0.00968393	0.0126373	0.0116976	0.00618983	-0.015299	-0.0689024	-0.134193	-0.192902	-0.243821	-0.262303	-0.230706	-0.153969	-0.0429594	0.0841785	0.192356	0.259404	
-0.0851722	-0.102422	-0.125995	-0.15902	-0.183095	-0.186519	-0.171404	-0.138167	-0.110715	-0.0922472	-0.0741878	-0.0565953	-0.0534712	-0.0689024	-0.106255	-0.162056	-0.225563	-0.285213	-0.310852	-0.275764	-0.187518	-0.0551232	0.101084	0.242715	0.337877	
-0.168704	-0.190585	-0.223526	-0.268793	-0.296364	-0.300094	-0.283651	-0.241247	-0.201916	-0.177126	-0.15509	-0.129898	-0.120949	-0.134193	-0.162056	-0.214798	-0.28425	-0.343964	-0.366504	-0.331502	-0.237915	-0.0901414	0.0839816	0.249109	0.369356	
-0.226769	-0.260429	-0.304318	-0.349502	-0.380274	-0.386448	-0.364125	-0.323426	-0.276159	-0.238982	-0.211799	-0.190562	-0.181978	-0.192902	-0.225563	-0.28425	-0.356598	-0.417214	-0.433145	-0.395502	-0.30006	-0.148454	0.0317641	0.206836	0.34696	
-0.255158	-0.303108	-0.361561	-0.411396	-0.448696	-0.455041	-0.428409	-0.382446	-0.326782	-0.271665	-0.237294	-0.225672	-0.227204	-0.243821	-0.285213	-0.343964	-0.417214	-0.472049	-0.478704	-0.437376	-0.351945	-0.216967	-0.0452738	0.122835	0.266614	
-0.251934	-0.31406	-0.395914	-0.467547	-0.515621	-0.523624	-0.491425	-0.426518	-0.345735	-0.273116	-0.230388	-0.219329	-0.232295	-0.262303	-0.310852	-0.366504	-0.433145	-0.478704	-0.482776	-0.446508	-0.3809	-0.276399	-0.137251	0.0100935	0.149543	
-0.231127	-0.314225	-0.422276	-0.524652	-0.587502	-0.598707	-0.555981	-0.465653	-0.35603	-0.259564	-0.200009	-0.182402	-0.197009	-0.230706	-0.275764	-0.331502	-0.395502	-0.437376	-0.446508	-0.433488	-0.39618	-0.324544	-0.224104	-0.108663	0.00642501	
-0.216874	-0.318427	-0.449561	-0.570372	-0.650935	-0.66619	-0.608581	-0.501292	-0.369622	-0.253124	-0.175771	-0.141604	-0.139341	-0.153969	-0.187518	-0.237915	-0.30006	-0.351945	-0.3809	-0.39618	-0.386738	-0.349307	-0.293958	-0.220385	-0.143922	
-0.212546	-0.331895	-0.472538	-0.60649	-0.702576	-0.721557	-0.651447	-0.528739	-0.386705	-0.256696	-0.156353	-0.0897392	-0.0526407	-0.0429594	-0.0551232	-0.0901414	-0.148454	-0.216967	-0.276399	-0.324544	-0.349307	-0.348775	-0.338699	-0.318645	-0.288688	
-0.216103	-0.356196	-0.509193	-0.656642	-0.759231	-0.776883	-0.706056	-0.569932	-0.417998	-0.26869	-0.143247	-0.0380829	0.0412062	0.0841785	0.101084	0.0839816	0.0317641	-0.0452738	-0.137251	-0.224104	-0.293958	-0.338699	-0.379811	-0.41056	-0.428251	
-0.238044	-0.402061	-0.56754	-0.723999	-0.826469	-0.843954	-0.774518	-0.632652	-0.468974	-0.301966	-0.147532	-0.00622599	0.111608	0.192356	0.242715	0.249109	0.206836	0.122835	0.0100935	-0.108663	-0.220385	-0.318645	-0.41056	-0.492778	-0.561314	
-0.299804	-0.480065	-0.65156	-0.80247	-0.900079	-0.917386	-0.849488	-0.716161	-0.550004	-0.372897	-0.189784	-0.011021	0.142203	0.259404	0.337877	0.369356	0.34696	0.266614	0.149543	0.00642501	-0.143922	-0.288688	-0.428251	-0.561314	-0.680071	
