-0.764236	-0.821859	-0.865206	-0.876521	-0.853033	-0.788085	-0.694393	-0.587885	-0.474991	-0.360789	-0.26485	-0.19642	-0.15562	-0.140286	-0.14033	-0.132527	-0.0813711	0.0174284	0.169445	0.360285	0.568393	0.767537	0.937343	1.05756	1.13875	
-0.821859	-0.873609	-0.903731	-0.908137	-0.876609	-0.796122	-0.678441	-0.539995	-0.399576	-0.263302	-0.151027	-0.0820625	-0.0537983	-0.0479369	-0.0540111	-0.0549437	-0.0120397	0.0840441	0.232444	0.419158	0.626157	0.820905	0.975326	1.07253	1.12324	
-0.865206	-0.903731	-0.924139	-0.919401	-0.875823	-0.77465	-0.625257	-0.450588	-0.280807	-0.128251	-0.0121119	0.0423779	0.0603676	0.0583871	0.0464136	0.0338217	0.0670805	0.153548	0.292206	0.468208	0.661728	0.833544	0.961952	1.03716	1.06572	
-0.876521	-0.908137	-0.919401	-0.906793	-0.84083	-0.709964	-0.521351	-0.314445	-0.126164	0.0258868	0.133343	0.181419	0.187075	0.167733	0.138694	0.117139	0.137294	0.212107	0.335455	0.491682	0.656444	0.798108	0.90465	0.966317	0.9806	
-0.853033	-0.876609	-0.875823	-0.84083	-0.742171	-0.580903	-0.36218	-0.130563	0.0659629	0.213339	0.306976	0.337568	0.316755	0.274126	0.22575	0.192344	0.195659	0.252428	0.347871	0.47555	0.610582	0.731717	0.824512	0.878368	0.881205	
-0.788085	-0.796122	-0.77465	-0.709964	-0.580903	-0.387092	-0.14668	0.0960614	0.288111	0.42759	0.493437	0.495886	0.447007	0.379164	0.30621	0.254265	0.236757	0.26167	0.326884	0.429701	0.547689	0.654757	0.742006	0.789052	0.785372	
-0.694393	-0.678441	-0.625257	-0.521351	-0.36218	-0.14668	0.0974337	0.331217	0.514631	0.628631	0.660264	0.631936	0.562729	0.465556	0.366546	0.287988	0.243179	0.235941	0.278999	0.366494	0.476587	0.580936	0.666929	0.707848	0.701384	
-0.587885	-0.539995	-0.450588	-0.314445	-0.130563	0.0960614	0.331217	0.544681	0.705702	0.786772	0.785062	0.72475	0.62979	0.510028	0.390144	0.286268	0.215387	0.184927	0.212133	0.293542	0.405789	0.514587	0.599343	0.640282	0.640545	
-0.474991	-0.399576	-0.280807	-0.126164	0.0659629	0.288111	0.514631	0.705702	0.838586	0.885206	0.848165	0.755314	0.637093	0.5049	0.36348	0.239403	0.152481	0.117975	0.141415	0.221788	0.332603	0.443095	0.533081	0.587238	0.602519	
-0.360789	-0.263302	-0.128251	0.0258868	0.213339	0.42759	0.628631	0.786772	0.885206	0.904735	0.841804	0.726122	0.585946	0.431099	0.269349	0.133653	0.051499	0.0256826	0.0540311	0.128894	0.239487	0.353824	0.454822	0.523712	0.554362	
-0.26485	-0.151027	-0.0121119	0.133343	0.306976	0.493437	0.660264	0.785062	0.848165	0.841804	0.764908	0.631275	0.466606	0.295142	0.129391	-0.00234259	-0.0794351	-0.0993179	-0.0690713	0.011985	0.13143	0.255613	0.362564	0.44472	0.486472	
-0.19642	-0.0820625	0.0423779	0.181419	0.337568	0.495886	0.631936	0.72475	0.755314	0.726122	0.631275	0.476552	0.300484	0.13112	-0.0221008	-0.143811	-0.22121	-0.242316	-0.207127	-0.114727	0.0128122	0.146717	0.267501	0.364711	0.413195	
-0.15562	-0.0537983	0.0603676	0.187075	0.316755	0.447007	0.562729	0.62979	0.637093	0.585946	0.466606	0.300484	0.123845	-0.0372406	-0.178448	-0.286483	-0.359008	-0.375327	-0.33546	-0.243212	-0.113964	0.0327324	0.1739	0.282635	0.337105	
-0.140286	-0.0479369	0.0583871	0.167733	0.274126	0.379164	0.465556	0.510028	0.5049	0.431099	0.295142	0.13112	-0.0372406	-0.19863	-0.330659	-0.426357	-0.486812	-0.501133	-0.457433	-0.363754	-0.226999	-0.0740047	0.0738638	0.18661	0.253442	
-0.14033	-0.0540111	0.0464136	0.138694	0.22575	0.30621	0.366546	0.390144	0.36348	0.269349	0.129391	-0.0221008	-0.178448	-0.330659	-0.455953	-0.546625	-0.605412	-0.616949	-0.56571	-0.45986	-0.317428	-0.163025	-0.0194863	0.0955852	0.171253	
-0.132527	-0.0549437	0.0338217	0.117139	0.192344	0.254265	0.287988	0.286268	0.239403	0.133653	-0.00234259	-0.143811	-0.286483	-0.426357	-0.546625	-0.63518	-0.690353	-0.697093	-0.644316	-0.535371	-0.390075	-0.231178	-0.0882132	0.0288961	0.110292	
-0.0813711	-0.0120397	0.0670805	0.137294	0.195659	0.236757	0.243179	0.215387	0.152481	0.051499	-0.0794351	-0.22121	-0.359008	-0.486812	-0.605412	-0.690353	-0.736325	-0.737644	-0.690691	-0.587576	-0.443525	-0.284408	-0.13756	-0.0101696	0.0784785	
0.0174284	0.0840441	0.153548	0.212107	0.252428	0.26167	0.235941	0.184927	0.117975	0.0256826	-0.0993179	-0.242316	-0.375327	-0.501133	-0.616949	-0.697093	-0.737644	-0.73928	-0.692185	-0.59447	-0.458524	-0.304835	-0.149142	-0.0118528	0.0767267	
0.169445	0.232444	0.292206	0.335455	0.347871	0.326884	0.278999	0.212133	0.141415	0.0540311	-0.0690713	-0.207127	-0.33546	-0.457433	-0.56571	-0.644316	-0.690691	-0.692185	-0.64384	-0.55369	-0.423401	-0.264153	-0.103812	0.0270036	0.108573	
0.360285	0.419158	0.468208	0.491682	0.47555	0.429701	0.366494	0.293542	0.221788	0.128894	0.011985	-0.114727	-0.243212	-0.363754	-0.45986	-0.535371	-0.587576	-0.59447	-0.55369	-0.467254	-0.33145	-0.167236	-0.0152166	0.107095	0.192816	
0.568393	0.626157	0.661728	0.656444	0.610582	0.547689	0.476587	0.405789	0.332603	0.239487	0.13143	0.0128122	-0.113964	-0.226999	-0.317428	-0.390075	-0.443525	-0.458524	-0.423401	-0.33145	-0.194644	-0.0399122	0.105933	0.235304	0.33174	
0.767537	0.820905	0.833544	0.798108	0.731717	0.654757	0.580936	0.514587	0.443095	0.353824	0.255613	0.146717	0.0327324	-0.0740047	-0.163025	-0.231178	-0.284408	-0.304835	-0.264153	-0.167236	-0.0399122	0.106851	0.258475	0.397102	0.495964	
0.937343	0.975326	0.961952	0.90465	0.824512	0.742006	0.666929	0.599343	0.533081	0.454822	0.362564	0.267501	0.1739	0.0738638	-0.0194863	-0.0882132	-0.13756	-0.149142	-0.103812	-0.0152166	0.105933	0.258475	0.416691	0.554321	0.653072	
1.05756	1.07253	1.03716	0.966317	0.878368	0.789052	0.707848	0.640282	0.587238	0.523712	0.44472	0.364711	0.282635	0.18661	0.0955852	0.0288961	-0.0101696	-0.0118528	0.0270036	0.107095	0.235304	0.397102	0.554321	0.69013	0.78984	
1.13875	1.12324	1.06572	0.9806	0.881205	0.785372	0.701384	0.640545	0.602519	0.554362	0.486472	0.413195	0.337105	0.253442	0.171253	0.110292	0.0784785	0.0767267	0.108573	0.192816	0.33174	0.495964	0.653072	0.78984	0.890263	
1.18007	1.1358	1.0575	0.958877	0.849832	0.745744	0.660835	0.607129	0.577748	0.542786	0.49108	0.423259	0.348369	0.272835	0.20448	0.151403	0.117165	0.110803	0.150415	0.244769	0.381411	0.542548	0.704317	0.847771	0.951568	
1.18509	1.11975	1.02556	0.914628	0.793584	0.682257	0.598559	0.549599	0.527642	0.506319	0.468756	0.409815	0.337558	0.265985	0.205443	0.156889	0.118444	0.11628	0.169371	0.265536	0.393773	0.553164	0.720482	0.870601	0.982894	
1.18256	1.10227	0.987017	0.856315	0.72342	0.609912	0.531171	0.489249	0.472988	0.456712	0.425794	0.373077	0.305023	0.237475	0.18536	0.139829	0.100358	0.0999793	0.155364	0.251715	0.384158	0.54855	0.713932	0.863541	0.97947	
1.18159	1.09014	0.954604	0.803423	0.660463	0.548811	0.477586	0.442847	0.430939	0.4121	0.37689	0.32968	0.272593	0.21082	0.154972	0.110001	0.0771842	0.0778321	0.126023	0.222655	0.364091	0.532868	0.697081	0.84313	0.957396	
1.17154	1.07877	0.932963	0.770938	0.624826	0.514188	0.442102	0.408196	0.397976	0.380732	0.349406	0.309564	0.260393	0.194793	0.128637	0.0834948	0.0633071	0.0691738	0.114142	0.208235	0.346943	0.51504	0.684746	0.835775	0.947128	
1.16793	1.07461	0.928683	0.765582	0.61859	0.506979	0.434993	0.40147	0.392836	0.3757	0.344089	0.307241	0.260404	0.19408	0.123563	0.0786371	0.0611442	0.0695773	0.114706	0.207533	0.343682	0.510932	0.683523	0.836175	0.94727	
1.17911	1.08617	0.944341	0.786939	0.642518	0.532664	0.461046	0.426882	0.415645	0.396958	0.363014	0.318539	0.264801	0.201347	0.142806	0.098186	0.0701027	0.0715932	0.118291	0.214428	0.355571	0.524789	0.690844	0.838192	0.950823	
1.18262	1.09624	0.972721	0.833926	0.696163	0.582309	0.507353	0.468969	0.455448	0.438197	0.404883	0.354562	0.290941	0.226708	0.173589	0.128835	0.0911583	0.091032	0.143074	0.239894	0.3773	0.543986	0.707679	0.854835	0.9709	
1.18407	1.11262	1.00979	0.891728	0.766281	0.653874	0.571143	0.524355	0.503913	0.486497	0.453985	0.397532	0.326323	0.255828	0.199296	0.151456	0.112559	0.111917	0.167645	0.263501	0.391936	0.552697	0.719615	0.87109	0.985701	
1.18484	1.13102	1.04666	0.943574	0.830058	0.721747	0.637611	0.586677	0.560913	0.53099	0.484706	0.420467	0.346639	0.273747	0.208397	0.157648	0.120816	0.115901	0.161683	0.257609	0.389478	0.549228	0.714398	0.861266	0.968237	
1.16023	1.13321	1.06695	0.975098	0.871562	0.773777	0.688581	0.630605	0.59617	0.553795	0.49257	0.420831	0.344932	0.264748	0.188892	0.131594	0.0999866	0.0950455	0.128233	0.216986	0.356877	0.520543	0.678955	0.81742	0.918271	
1.09398	1.09662	1.05336	0.977606	0.884994	0.792558	0.710026	0.644535	0.598489	0.540932	0.466312	0.390254	0.311221	0.220126	0.131246	0.066461	0.0309847	0.0309671	0.0656332	0.146305	0.279577	0.443276	0.599423	0.734924	0.835021	
0.991922	1.0216	0.998613	0.934886	0.851335	0.767548	0.690226	0.621755	0.558866	0.486692	0.399505	0.31089	0.222591	0.123649	0.030894	-0.0379962	-0.0838264	-0.0907985	-0.0464024	0.0375469	0.160032	0.316398	0.47488	0.612051	0.711107	
0.840211	0.888469	0.890436	0.845507	0.773369	0.692299	0.618297	0.552177	0.483145	0.397313	0.300855	0.197198	0.0915637	-0.0125705	-0.103744	-0.17057	-0.223183	-0.241509	-0.198227	-0.103353	0.0197574	0.167757	0.323076	0.462297	0.560933	
0.650446	0.707705	0.734835	0.716262	0.661116	0.592787	0.519948	0.451108	0.377248	0.285628	0.181855	0.0665102	-0.0559694	-0.165998	-0.256207	-0.327245	-0.379823	-0.397945	-0.361792	-0.267221	-0.133174	0.0175207	0.164455	0.29779	0.396445	
0.443057	0.500913	0.545077	0.55861	0.530679	0.476827	0.409233	0.337048	0.265454	0.170707	0.0569212	-0.0665734	-0.194946	-0.312179	-0.405234	-0.480086	-0.533982	-0.543805	-0.50639	-0.417972	-0.280568	-0.118841	0.0286809	0.152273	0.24273	
0.242696	0.303737	0.359813	0.395165	0.395606	0.36459	0.309337	0.239241	0.167144	0.0787248	-0.0425244	-0.175983	-0.304733	-0.426317	-0.529349	-0.606602	-0.655821	-0.659055	-0.612685	-0.525049	-0.393419	-0.231012	-0.0727289	0.0539692	0.135188	
0.071822	0.136939	0.202899	0.255969	0.286527	0.282692	0.246531	0.187808	0.120172	0.0308112	-0.0932018	-0.234843	-0.365443	-0.490471	-0.604337	-0.682772	-0.724482	-0.726409	-0.678254	-0.58312	-0.450777	-0.296521	-0.137201	-0.000333062	0.0850255	
-0.0475879	0.0204778	0.0961535	0.161112	0.212183	0.241563	0.235853	0.198249	0.131675	0.0345114	-0.0937606	-0.236878	-0.373591	-0.498824	-0.616578	-0.69987	-0.743061	-0.743846	-0.697653	-0.596906	-0.455323	-0.298599	-0.148527	-0.0163192	0.0738778	
-0.118623	-0.0444357	0.0396089	0.118841	0.188211	0.243071	0.265478	0.253005	0.199223	0.0934293	-0.0402313	-0.180329	-0.320023	-0.455636	-0.574811	-0.661471	-0.713201	-0.717705	-0.667207	-0.560362	-0.414639	-0.254243	-0.110573	0.00933034	0.0939501	
-0.140327	-0.0571743	0.0393472	0.127394	0.208968	0.281566	0.331552	0.345828	0.30971	0.210113	0.0706502	-0.0757238	-0.225579	-0.372282	-0.496338	-0.586541	-0.644793	-0.653648	-0.600212	-0.491837	-0.348678	-0.192326	-0.0497949	0.0659963	0.143704	
-0.139276	-0.049399	0.0545593	0.156165	0.254705	0.349555	0.424746	0.461136	0.448541	0.366217	0.226843	0.0664981	-0.0968145	-0.255465	-0.384816	-0.477714	-0.536199	-0.550419	-0.50377	-0.405478	-0.265316	-0.112263	0.0340539	0.147675	0.219286	
-0.146769	-0.0492916	0.0615274	0.181491	0.301687	0.421115	0.525711	0.583973	0.585719	0.525405	0.398533	0.23115	0.0560482	-0.104251	-0.240726	-0.343063	-0.411272	-0.426409	-0.385382	-0.293712	-0.162077	-0.011486	0.134535	0.245659	0.304261	
-0.177274	-0.0672564	0.0523077	0.187047	0.333062	0.481375	0.608501	0.69009	0.710065	0.67205	0.567021	0.406966	0.230587	0.0641884	-0.0845042	-0.200747	-0.276425	-0.296608	-0.259324	-0.166086	-0.0372742	0.101034	0.230818	0.333673	0.384311	
-0.233712	-0.117459	0.0172751	0.160086	0.327225	0.501226	0.65457	0.76621	0.815398	0.800101	0.717548	0.57471	0.402669	0.230404	0.0694881	-0.0587269	-0.136599	-0.156782	-0.124662	-0.0382163	0.0852541	0.213085	0.323531	0.411929	0.457086	
