0.535185	0.606156	0.635613	0.60685	0.532989	0.425008	0.31109	0.206341	0.120407	0.0509702	-0.0339383	-0.130646	-0.238011	-0.343256	-0.437786	-0.512165	-0.541435	-0.509518	-0.417849	-0.277987	-0.112196	0.0750044	0.269183	0.45922	0.617864	
0.606156	0.636501	0.623013	0.556731	0.446824	0.317141	0.196	0.0912684	0.0233133	-0.0243934	-0.0775127	-0.146762	-0.236622	-0.329114	-0.42088	-0.499436	-0.541354	-0.528396	-0.452003	-0.324057	-0.164718	0.020107	0.213902	0.413587	0.586872	
0.635613	0.623013	0.575269	0.483305	0.356965	0.223964	0.10362	0.00855598	-0.0481712	-0.0801125	-0.110063	-0.161257	-0.236504	-0.32216	-0.412331	-0.494863	-0.548729	-0.553849	-0.49239	-0.379019	-0.223484	-0.0450132	0.15211	0.355837	0.545783	
0.60685	0.556731	0.483305	0.383118	0.261438	0.138051	0.0336148	-0.0476913	-0.0922215	-0.109983	-0.123305	-0.157527	-0.221382	-0.301554	-0.392001	-0.478739	-0.546648	-0.568722	-0.528444	-0.429456	-0.284858	-0.112293	0.0828528	0.289053	0.491395	
0.532989	0.446824	0.356965	0.261438	0.153135	0.0537641	-0.0297163	-0.0926239	-0.121616	-0.128595	-0.12499	-0.14424	-0.195129	-0.269565	-0.358054	-0.449137	-0.526909	-0.567012	-0.546051	-0.464427	-0.331802	-0.166587	0.0241195	0.231758	0.442244	
0.425008	0.317141	0.223964	0.138051	0.0537641	-0.021762	-0.0871591	-0.131846	-0.15331	-0.151711	-0.136361	-0.141645	-0.17817	-0.243197	-0.327129	-0.41642	-0.500625	-0.553067	-0.548779	-0.483798	-0.36115	-0.205118	-0.0163434	0.189402	0.408781	
0.31109	0.196	0.10362	0.0336148	-0.0297163	-0.0871591	-0.135576	-0.169712	-0.186	-0.179367	-0.15693	-0.150022	-0.172117	-0.228312	-0.305007	-0.391805	-0.479954	-0.540599	-0.553686	-0.501052	-0.392105	-0.240962	-0.0574481	0.149459	0.374306	
0.206341	0.0912684	0.00855598	-0.0476913	-0.0926239	-0.131846	-0.169712	-0.196184	-0.211221	-0.20521	-0.181389	-0.166222	-0.17834	-0.226025	-0.295977	-0.381231	-0.469068	-0.539146	-0.564001	-0.526342	-0.427892	-0.283679	-0.103517	0.103383	0.333772	
0.120407	0.0233133	-0.0481712	-0.0922215	-0.121616	-0.15331	-0.186	-0.211221	-0.230638	-0.228972	-0.207421	-0.188006	-0.191344	-0.230282	-0.295067	-0.375614	-0.46515	-0.54016	-0.578163	-0.553565	-0.467449	-0.330271	-0.154576	0.0519458	0.285931	
0.0509702	-0.0243934	-0.0801125	-0.109983	-0.128595	-0.151711	-0.179367	-0.20521	-0.228972	-0.233297	-0.21886	-0.199088	-0.197673	-0.232891	-0.292658	-0.373757	-0.463585	-0.545797	-0.595968	-0.585229	-0.512792	-0.383168	-0.213326	-0.00756121	0.228671	
-0.0339383	-0.0775127	-0.110063	-0.123305	-0.12499	-0.136361	-0.15693	-0.181389	-0.207421	-0.21886	-0.211929	-0.193334	-0.191176	-0.22098	-0.279475	-0.359837	-0.451219	-0.540707	-0.601831	-0.606801	-0.547883	-0.428416	-0.265091	-0.0617926	0.175105	
-0.130646	-0.146762	-0.161257	-0.157527	-0.14424	-0.141645	-0.150022	-0.166222	-0.188006	-0.199088	-0.193334	-0.174265	-0.166138	-0.19064	-0.244859	-0.323747	-0.416723	-0.51159	-0.584276	-0.604205	-0.560263	-0.45228	-0.296878	-0.097496	0.138206	
-0.238011	-0.236622	-0.236504	-0.221382	-0.195129	-0.17817	-0.172117	-0.17834	-0.191344	-0.197673	-0.191176	-0.166138	-0.151309	-0.165493	-0.21155	-0.285666	-0.374904	-0.472018	-0.551199	-0.582976	-0.551439	-0.453348	-0.304516	-0.108677	0.126982	
-0.343256	-0.329114	-0.32216	-0.301554	-0.269565	-0.243197	-0.228312	-0.226025	-0.230282	-0.232891	-0.22098	-0.19064	-0.165493	-0.166155	-0.201399	-0.265319	-0.347842	-0.442318	-0.523309	-0.563493	-0.540568	-0.450434	-0.306424	-0.111966	0.123402	
-0.437786	-0.42088	-0.412331	-0.392001	-0.358054	-0.327129	-0.305007	-0.295977	-0.295067	-0.292658	-0.279475	-0.244859	-0.21155	-0.201399	-0.22527	-0.279723	-0.354851	-0.444424	-0.525843	-0.571103	-0.554739	-0.471247	-0.329158	-0.136421	0.101953	
-0.512165	-0.499436	-0.494863	-0.478739	-0.449137	-0.41642	-0.391805	-0.381231	-0.375614	-0.373757	-0.359837	-0.323747	-0.285666	-0.265319	-0.279723	-0.325198	-0.392327	-0.477426	-0.55744	-0.606573	-0.596528	-0.51759	-0.379199	-0.185601	0.0534587	
-0.541435	-0.541354	-0.548729	-0.546648	-0.526909	-0.500625	-0.479954	-0.469068	-0.46515	-0.463585	-0.451219	-0.416723	-0.374904	-0.347842	-0.354851	-0.392327	-0.454309	-0.535113	-0.614405	-0.668537	-0.66312	-0.591912	-0.454768	-0.263839	-0.0220711	
-0.509518	-0.528396	-0.553849	-0.568722	-0.567012	-0.553067	-0.540599	-0.539146	-0.54016	-0.545797	-0.540707	-0.51159	-0.472018	-0.442318	-0.444424	-0.477426	-0.535113	-0.612396	-0.69245	-0.748731	-0.750849	-0.683626	-0.5513	-0.36021	-0.118366	
-0.417849	-0.452003	-0.49239	-0.528444	-0.546051	-0.548779	-0.553686	-0.564001	-0.578163	-0.595968	-0.601831	-0.584276	-0.551199	-0.523309	-0.525843	-0.55744	-0.614405	-0.69245	-0.773183	-0.836835	-0.84424	-0.786384	-0.657121	-0.470008	-0.22751	
-0.277987	-0.324057	-0.379019	-0.429456	-0.464427	-0.483798	-0.501052	-0.526342	-0.553565	-0.585229	-0.606801	-0.604205	-0.582976	-0.563493	-0.571103	-0.606573	-0.668537	-0.748731	-0.836835	-0.905973	-0.924728	-0.874242	-0.752738	-0.568957	-0.328735	
-0.112196	-0.164718	-0.223484	-0.284858	-0.331802	-0.36115	-0.392105	-0.427892	-0.467449	-0.512792	-0.547883	-0.560263	-0.551439	-0.540568	-0.554739	-0.596528	-0.66312	-0.750849	-0.84424	-0.924728	-0.952886	-0.914652	-0.800756	-0.623829	-0.386898	
0.0750044	0.020107	-0.0450132	-0.112293	-0.166587	-0.205118	-0.240962	-0.283679	-0.330271	-0.383168	-0.428416	-0.45228	-0.453348	-0.450434	-0.471247	-0.51759	-0.591912	-0.683626	-0.786384	-0.874242	-0.914652	-0.88618	-0.781605	-0.610826	-0.378301	
0.269183	0.213902	0.15211	0.0828528	0.0241195	-0.0163434	-0.0574481	-0.103517	-0.154576	-0.213326	-0.265091	-0.296878	-0.304516	-0.306424	-0.329158	-0.379199	-0.454768	-0.5513	-0.657121	-0.752738	-0.800756	-0.781605	-0.684074	-0.519003	-0.289968	
0.45922	0.413587	0.355837	0.289053	0.231758	0.189402	0.149459	0.103383	0.0519458	-0.00756121	-0.0617926	-0.097496	-0.108677	-0.111966	-0.136421	-0.185601	-0.263839	-0.36021	-0.470008	-0.568957	-0.623829	-0.610826	-0.519003	-0.357761	-0.131302	
0.617864	0.586872	0.545783	0.491395	0.442244	0.408781	0.374306	0.333772	0.285931	0.228671	0.175105	0.138206	0.126982	0.123402	0.101953	0.0534587	-0.0220711	-0.118366	-0.22751	-0.328735	-0.386898	-0.378301	-0.289968	-0.131302	0.0939238	
0.724484	0.719577	0.700333	0.665181	0.633874	0.614379	0.594477	0.566385	0.529973	0.482213	0.436044	0.404832	0.397513	0.399549	0.381945	0.33881	0.265737	0.172784	0.0643141	-0.0367922	-0.0974359	-0.0913559	-0.00575698	0.151532	0.375747	
0.769221	0.790088	0.798899	0.790529	0.783257	0.787745	0.789282	0.782104	0.763372	0.731753	0.699101	0.678044	0.681206	0.691185	0.683219	0.64711	0.58103	0.493156	0.388795	0.289595	0.229485	0.234539	0.319666	0.476244	0.700773	
0.762129	0.809564	0.844998	0.862827	0.881633	0.910867	0.93748	0.953323	0.957611	0.946424	0.932092	0.928035	0.944828	0.969144	0.972936	0.947997	0.890913	0.81068	0.711942	0.617001	0.558454	0.564981	0.650001	0.807665	1.03243	
0.729513	0.795455	0.851546	0.891264	0.932473	0.98437	1.03331	1.07248	1.09719	1.10627	1.11035	1.12137	1.15374	1.19059	1.20708	1.19312	1.14528	1.07332	0.981145	0.890838	0.836175	0.844188	0.931617	1.09003	1.3166	
0.699357	0.776288	0.845286	0.898523	0.952845	1.01887	1.08217	1.13404	1.17331	1.19492	1.21079	1.23405	1.2759	1.3231	1.34858	1.34226	1.30192	1.23552	1.1482	1.06206	1.00927	1.02015	1.10798	1.26849	1.49537	
0.693952	0.773139	0.843254	0.897913	0.955306	1.02313	1.08883	1.14492	1.18586	1.21067	1.22933	1.25361	1.29814	1.34642	1.37298	1.36852	1.3284	1.26343	1.1768	1.09081	1.03939	1.04947	1.13879	1.2985	1.52642	
0.715361	0.786337	0.849363	0.896402	0.94354	1.00284	1.05878	1.10323	1.13546	1.15	1.15944	1.17674	1.21333	1.25536	1.27655	1.26586	1.22229	1.15272	1.06305	0.975014	0.920775	0.930798	1.01771	1.17774	1.40394	
0.750858	0.807202	0.850917	0.877751	0.906801	0.94497	0.981253	1.00796	1.02052	1.01845	1.01211	1.01391	1.0376	1.0669	1.07549	1.05546	1.0014	0.924895	0.828595	0.735241	0.678633	0.684984	0.771591	0.928864	1.15482	
0.771051	0.80242	0.823043	0.826299	0.828902	0.844059	0.855353	0.856379	0.847178	0.822593	0.796707	0.78233	0.790393	0.805914	0.802896	0.770437	0.708617	0.623159	0.521269	0.423754	0.363711	0.369803	0.454016	0.611614	0.835548	
0.749968	0.756081	0.746642	0.721316	0.699568	0.687828	0.676246	0.656442	0.626142	0.584648	0.543249	0.515165	0.511715	0.516274	0.50151	0.461167	0.389621	0.298882	0.191321	0.090701	0.0301384	0.0351259	0.12078	0.277185	0.501784	
0.667241	0.645324	0.613138	0.566297	0.522689	0.494652	0.464534	0.427575	0.38377	0.328564	0.277076	0.241726	0.231467	0.229598	0.209784	0.162432	0.0885003	-0.00728163	-0.115753	-0.217259	-0.276684	-0.268966	-0.182333	-0.0238323	0.200443	
0.528056	0.488021	0.434509	0.371497	0.316759	0.275734	0.237988	0.193562	0.143038	0.0841412	0.029588	-0.00710916	-0.0185724	-0.0222904	-0.0463907	-0.0951791	-0.173467	-0.269382	-0.379801	-0.479523	-0.536278	-0.525222	-0.435043	-0.274991	-0.0491685	
0.346599	0.29374	0.233853	0.165165	0.105997	0.0647303	0.0228996	-0.0236178	-0.0753095	-0.135426	-0.188669	-0.222513	-0.231679	-0.234555	-0.257798	-0.308337	-0.384439	-0.481693	-0.588647	-0.686215	-0.736992	-0.72066	-0.625664	-0.462216	-0.234461	
0.152535	0.0974425	0.0318195	-0.0365047	-0.0930626	-0.133754	-0.171047	-0.215679	-0.263824	-0.319596	-0.367783	-0.395147	-0.399167	-0.398359	-0.420816	-0.468645	-0.544523	-0.63783	-0.742826	-0.833503	-0.87797	-0.852986	-0.752073	-0.583203	-0.352784	
-0.0396438	-0.0937025	-0.15429	-0.218507	-0.268677	-0.302153	-0.335894	-0.374572	-0.417904	-0.466892	-0.506901	-0.524272	-0.51954	-0.512351	-0.529136	-0.573419	-0.642803	-0.732561	-0.82936	-0.913235	-0.946115	-0.912214	-0.801808	-0.627671	-0.39218	
-0.214297	-0.263127	-0.32094	-0.376004	-0.416721	-0.44104	-0.463642	-0.493847	-0.525664	-0.563856	-0.59071	-0.594394	-0.578103	-0.561832	-0.572562	-0.610189	-0.674392	-0.757026	-0.847566	-0.920709	-0.943777	-0.897495	-0.779707	-0.597692	-0.359546	
-0.366777	-0.406406	-0.452501	-0.495139	-0.519858	-0.5302	-0.539982	-0.556269	-0.576267	-0.599265	-0.612084	-0.599769	-0.571093	-0.546264	-0.550208	-0.58321	-0.641486	-0.719843	-0.803098	-0.868462	-0.880173	-0.825031	-0.69841	-0.512662	-0.270393	
-0.479618	-0.504867	-0.536733	-0.560313	-0.56666	-0.559178	-0.553389	-0.555908	-0.561335	-0.572047	-0.569927	-0.545141	-0.507035	-0.477226	-0.479401	-0.510934	-0.568221	-0.645144	-0.725202	-0.78427	-0.788392	-0.72471	-0.593728	-0.403654	-0.161981	
-0.536547	-0.544094	-0.557865	-0.562032	-0.548845	-0.52718	-0.508087	-0.500613	-0.498023	-0.498516	-0.489407	-0.455531	-0.414494	-0.385721	-0.390268	-0.425848	-0.485488	-0.564393	-0.643987	-0.698299	-0.696376	-0.626096	-0.491168	-0.29981	-0.0579129	
-0.530503	-0.521524	-0.520731	-0.509898	-0.483273	-0.452511	-0.42902	-0.416728	-0.411717	-0.409581	-0.395105	-0.35966	-0.318891	-0.295683	-0.307284	-0.348957	-0.414434	-0.497407	-0.577202	-0.628769	-0.62023	-0.545096	-0.406658	-0.214603	0.0258692	
-0.471523	-0.455779	-0.4472	-0.427515	-0.395081	-0.362277	-0.338081	-0.328747	-0.325209	-0.323422	-0.310219	-0.273922	-0.239202	-0.224295	-0.244322	-0.295282	-0.366423	-0.45431	-0.534876	-0.58145	-0.568091	-0.485675	-0.345777	-0.151881	0.0862171	
-0.382513	-0.365773	-0.358077	-0.337426	-0.303918	-0.276095	-0.257482	-0.251442	-0.254141	-0.253696	-0.240861	-0.208571	-0.179129	-0.175862	-0.206583	-0.266493	-0.346789	-0.438791	-0.520776	-0.563161	-0.543032	-0.456278	-0.312509	-0.11967	0.117611	
-0.281432	-0.274296	-0.269452	-0.251629	-0.222662	-0.200228	-0.190766	-0.193496	-0.202699	-0.208559	-0.19958	-0.172103	-0.153681	-0.161932	-0.204207	-0.274428	-0.360506	-0.457517	-0.536868	-0.573079	-0.544916	-0.450375	-0.303904	-0.108411	0.126457	
-0.172311	-0.18037	-0.189496	-0.180068	-0.161501	-0.153331	-0.154489	-0.167017	-0.185507	-0.194286	-0.188883	-0.16745	-0.156815	-0.17852	-0.229786	-0.307732	-0.400048	-0.495911	-0.572676	-0.597138	-0.55935	-0.455147	-0.302842	-0.105006	0.130757	
-0.0720481	-0.102815	-0.126646	-0.13352	-0.128288	-0.134186	-0.151186	-0.172723	-0.198572	-0.211039	-0.204787	-0.186528	-0.182461	-0.210034	-0.267698	-0.347156	-0.439352	-0.531416	-0.59678	-0.608748	-0.555103	-0.440996	-0.280295	-0.0788696	0.15774	
