-0.511376	-0.411966	-0.292524	-0.160089	-0.0280497	0.0937467	0.205741	0.289548	0.343016	0.386673	0.417841	0.431044	0.410527	0.339327	0.213471	0.0770731	-0.0279135	-0.0931674	-0.128258	-0.147868	-0.151447	-0.141499	-0.101173	-0.0204873	0.0863982	
-0.411966	-0.326422	-0.226826	-0.123424	-0.0215848	0.0796438	0.172328	0.249214	0.303086	0.342837	0.361813	0.364786	0.334315	0.259703	0.139531	0.02234	-0.0608301	-0.108665	-0.137032	-0.16138	-0.182588	-0.188205	-0.163942	-0.0996208	-0.0110963	
-0.292524	-0.226826	-0.146503	-0.0652798	0.0147942	0.0911718	0.164169	0.235751	0.292323	0.322519	0.327186	0.311397	0.259769	0.169161	0.0509875	-0.0521652	-0.119903	-0.157378	-0.17782	-0.205508	-0.243163	-0.265583	-0.249509	-0.197808	-0.124522	
-0.160089	-0.123424	-0.0652798	0.000368701	0.0628237	0.124633	0.190237	0.261721	0.314554	0.328769	0.313633	0.27219	0.193247	0.0803431	-0.0422928	-0.139813	-0.20741	-0.24027	-0.249611	-0.274058	-0.320559	-0.353546	-0.346856	-0.306563	-0.243381	
-0.0280497	-0.0215848	0.0147942	0.0628237	0.112423	0.172882	0.244017	0.312749	0.354857	0.351493	0.317292	0.245422	0.138567	0.00567412	-0.129051	-0.237637	-0.316943	-0.353145	-0.356832	-0.373002	-0.407879	-0.43925	-0.4338	-0.394953	-0.340835	
0.0937467	0.0796438	0.0911718	0.124633	0.172882	0.241981	0.313624	0.366378	0.389364	0.36736	0.30332	0.197291	0.0641202	-0.086072	-0.237277	-0.359238	-0.443432	-0.482455	-0.483255	-0.485111	-0.499389	-0.512222	-0.500196	-0.461961	-0.408443	
0.205741	0.172328	0.164169	0.190237	0.244017	0.313624	0.372738	0.401326	0.399068	0.351337	0.249423	0.108743	-0.0460646	-0.214443	-0.378547	-0.500825	-0.574899	-0.605461	-0.599434	-0.58486	-0.572016	-0.559352	-0.531618	-0.486241	-0.429084	
0.289548	0.249214	0.235751	0.261721	0.312749	0.366378	0.401326	0.4014	0.367264	0.288075	0.154515	-0.00731807	-0.183039	-0.369154	-0.538537	-0.654082	-0.711711	-0.722542	-0.698001	-0.656635	-0.610848	-0.565712	-0.513366	-0.449539	-0.382775	
0.343016	0.303086	0.292323	0.314554	0.354857	0.389364	0.399068	0.367264	0.293778	0.183767	0.0301223	-0.149848	-0.345397	-0.541258	-0.707985	-0.816238	-0.85671	-0.840834	-0.78303	-0.699328	-0.616321	-0.534508	-0.45237	-0.365902	-0.280698	
0.386673	0.342837	0.322519	0.328769	0.351493	0.36736	0.351337	0.288075	0.183767	0.0518574	-0.120962	-0.320218	-0.524799	-0.715011	-0.86789	-0.962443	-0.983948	-0.940807	-0.845709	-0.720355	-0.597468	-0.479754	-0.364061	-0.24872	-0.134295	
0.417841	0.361813	0.327186	0.313633	0.317292	0.30332	0.249423	0.154515	0.0301223	-0.120962	-0.307882	-0.510908	-0.706304	-0.880606	-1.01343	-1.08556	-1.08343	-1.00688	-0.877444	-0.711464	-0.545524	-0.394815	-0.250443	-0.104675	0.0302493	
0.431044	0.364786	0.311397	0.27219	0.245422	0.197291	0.108743	-0.00731807	-0.149848	-0.320218	-0.510908	-0.70392	-0.881171	-1.03196	-1.13782	-1.17501	-1.13503	-1.02875	-0.866499	-0.662432	-0.460117	-0.274443	-0.100479	0.0646304	0.213468	
0.410527	0.334315	0.259769	0.193247	0.138567	0.0641202	-0.0460646	-0.183039	-0.345397	-0.524799	-0.706304	-0.881171	-1.0342	-1.15772	-1.22418	-1.2148	-1.13663	-0.993398	-0.794505	-0.561795	-0.326403	-0.116587	0.0717861	0.238169	0.377799	
0.339327	0.259703	0.169161	0.0803431	0.00567412	-0.086072	-0.214443	-0.369154	-0.541258	-0.715011	-0.880606	-1.03196	-1.15772	-1.23738	-1.25426	-1.19881	-1.08189	-0.901779	-0.671269	-0.417222	-0.166687	0.0531559	0.236156	0.381201	0.495261	
0.213471	0.139531	0.0509875	-0.0422928	-0.129051	-0.237277	-0.378547	-0.538537	-0.707985	-0.86789	-1.01343	-1.13782	-1.22418	-1.25426	-1.22342	-1.12968	-0.979658	-0.769416	-0.515818	-0.251039	8.70897e-05	0.212574	0.374929	0.487994	0.568164	
0.0770731	0.02234	-0.0521652	-0.139813	-0.237637	-0.359238	-0.500825	-0.654082	-0.816238	-0.962443	-1.08556	-1.17501	-1.2148	-1.19881	-1.12968	-1.00669	-0.834585	-0.609177	-0.344133	-0.0822834	0.153978	0.342138	0.474994	0.55518	0.603393	
-0.0279135	-0.0608301	-0.119903	-0.20741	-0.316943	-0.443432	-0.574899	-0.711711	-0.85671	-0.983948	-1.08343	-1.13503	-1.13663	-1.08189	-0.979658	-0.834585	-0.651184	-0.419735	-0.161584	0.0846665	0.287849	0.437428	0.532233	0.581089	0.597478	
-0.0931674	-0.108665	-0.157378	-0.24027	-0.353145	-0.482455	-0.605461	-0.722542	-0.840834	-0.940807	-1.00688	-1.02875	-0.993398	-0.901779	-0.769416	-0.609177	-0.419735	-0.200933	0.0327955	0.243224	0.402104	0.507318	0.561449	0.574295	0.563138	
-0.128258	-0.137032	-0.17782	-0.249611	-0.356832	-0.483255	-0.599434	-0.698001	-0.78303	-0.845709	-0.877444	-0.866499	-0.794505	-0.671269	-0.515818	-0.344133	-0.161584	0.0327955	0.222794	0.383306	0.494717	0.556961	0.568829	0.544008	0.504003	
-0.147868	-0.16138	-0.205508	-0.274058	-0.373002	-0.485111	-0.58486	-0.656635	-0.699328	-0.720355	-0.711464	-0.662432	-0.561795	-0.417222	-0.251039	-0.0822834	0.0846665	0.243224	0.383306	0.492368	0.555112	0.572302	0.545658	0.487979	0.420447	
-0.151447	-0.182588	-0.243163	-0.320559	-0.407879	-0.499389	-0.572016	-0.610848	-0.616321	-0.597468	-0.545524	-0.460117	-0.326403	-0.166687	8.70897e-05	0.153978	0.287849	0.402104	0.494717	0.555112	0.567081	0.538486	0.479089	0.399288	0.313278	
-0.141499	-0.188205	-0.265583	-0.353546	-0.43925	-0.512222	-0.559352	-0.565712	-0.534508	-0.479754	-0.394815	-0.274443	-0.116587	0.0531559	0.212574	0.342138	0.437428	0.507318	0.556961	0.572302	0.538486	0.468187	0.384221	0.294125	0.203346	
-0.101173	-0.163942	-0.249509	-0.346856	-0.4338	-0.500196	-0.531618	-0.513366	-0.45237	-0.364061	-0.250443	-0.100479	0.0717861	0.236156	0.374929	0.474994	0.532233	0.561449	0.568829	0.545658	0.479089	0.384221	0.287995	0.199473	0.116815	
-0.0204873	-0.0996208	-0.197808	-0.306563	-0.394953	-0.461961	-0.486241	-0.449539	-0.365902	-0.24872	-0.104675	0.0646304	0.238169	0.381201	0.487994	0.55518	0.581089	0.574295	0.544008	0.487979	0.399288	0.294125	0.199473	0.122859	0.059492	
0.0863982	-0.0110963	-0.124522	-0.243381	-0.340835	-0.408443	-0.429084	-0.382775	-0.280698	-0.134295	0.0302493	0.213468	0.377799	0.495261	0.568164	0.603393	0.597478	0.563138	0.504003	0.420447	0.313278	0.203346	0.116815	0.059492	0.0189572	
0.199092	0.0896682	-0.0399792	-0.174082	-0.281162	-0.356576	-0.378217	-0.32309	-0.201882	-0.0305548	0.156429	0.344103	0.497037	0.594781	0.640877	0.641792	0.603889	0.540515	0.456919	0.352574	0.232429	0.121732	0.0465269	0.00729873	-0.0132037	
0.308229	0.185269	0.0371999	-0.115527	-0.237705	-0.325888	-0.351074	-0.288598	-0.147729	0.0538247	0.266677	0.456995	0.59894	0.679058	0.704473	0.680544	0.613031	0.521782	0.413316	0.293495	0.1668	0.058742	-0.0119404	-0.0446337	-0.0521938	
0.40717	0.265765	0.0895786	-0.0833618	-0.228742	-0.325042	-0.351376	-0.283907	-0.123468	0.10524	0.346915	0.550477	0.68599	0.754818	0.766339	0.726257	0.641784	0.529125	0.400349	0.263378	0.131101	0.0196609	-0.0571357	-0.0928293	-0.0945212	
0.489301	0.331748	0.129931	-0.0736732	-0.23937	-0.345844	-0.366591	-0.289577	-0.119754	0.12314	0.390016	0.610398	0.756913	0.824449	0.825112	0.771932	0.67918	0.559334	0.418355	0.266881	0.11911	-0.00307228	-0.0872813	-0.126674	-0.126213	
0.5372	0.376199	0.157328	-0.067396	-0.254085	-0.365823	-0.379391	-0.293548	-0.11822	0.125965	0.404937	0.642449	0.804248	0.876344	0.867841	0.800053	0.702065	0.58472	0.443748	0.282215	0.120844	-0.0124104	-0.100238	-0.137953	-0.137977	
0.546056	0.383821	0.162827	-0.0642154	-0.257416	-0.369793	-0.381062	-0.294185	-0.118298	0.127473	0.406717	0.64849	0.814229	0.887856	0.876103	0.805542	0.705929	0.588998	0.449501	0.285733	0.120841	-0.0138325	-0.101684	-0.138453	-0.137541	
0.512551	0.353262	0.142351	-0.0719521	-0.245931	-0.355053	-0.372902	-0.291447	-0.118547	0.124652	0.398101	0.626095	0.779092	0.848513	0.845564	0.784867	0.69042	0.571376	0.429809	0.273537	0.119312	-0.00840316	-0.0943611	-0.133247	-0.132921	
0.443447	0.293794	0.107163	-0.0781565	-0.230995	-0.332211	-0.356751	-0.286458	-0.121446	0.115534	0.368415	0.578102	0.716797	0.783548	0.790787	0.745776	0.656978	0.540116	0.404536	0.261629	0.123662	0.00842791	-0.0716256	-0.109022	-0.109507	
0.348746	0.219749	0.0600357	-0.099118	-0.231059	-0.321926	-0.348273	-0.284204	-0.134181	0.0791624	0.30318	0.498367	0.635184	0.710066	0.729654	0.698001	0.623012	0.520657	0.403579	0.276953	0.149177	0.0412394	-0.0313651	-0.0649375	-0.0687931	
0.243779	0.129442	-0.0056513	-0.147933	-0.259356	-0.340672	-0.363777	-0.305118	-0.176732	0.00633643	0.203089	0.390713	0.539743	0.629719	0.666794	0.656686	0.60571	0.531136	0.43663	0.326225	0.203104	0.0935718	0.0215217	-0.0136981	-0.0284409	
0.131225	0.0287723	-0.0918351	-0.215821	-0.317292	-0.386766	-0.407205	-0.35719	-0.246946	-0.0910788	0.0821409	0.268414	0.428058	0.537259	0.598302	0.619117	0.600749	0.555245	0.48619	0.393295	0.280132	0.169499	0.0873964	0.0384505	0.00642947	
0.0208121	-0.0664993	-0.17	-0.282641	-0.374737	-0.44115	-0.463893	-0.42304	-0.332297	-0.202368	-0.0497062	0.126132	0.296777	0.429632	0.521844	0.577114	0.590243	0.571698	0.52909	0.461096	0.364016	0.256878	0.165002	0.0956623	0.0419042	
-0.0738412	-0.142348	-0.232636	-0.334642	-0.420993	-0.487067	-0.515533	-0.488456	-0.417799	-0.318401	-0.191187	-0.0328454	0.141248	0.298513	0.425882	0.512698	0.55648	0.570766	0.561968	0.525241	0.449629	0.348811	0.25202	0.167525	0.0906515	
-0.129672	-0.183658	-0.263815	-0.355276	-0.44247	-0.511641	-0.550572	-0.546599	-0.502187	-0.432996	-0.336884	-0.204014	-0.0386503	0.131174	0.283543	0.402732	0.481718	0.534403	0.567417	0.566453	0.517264	0.43549	0.344826	0.254035	0.165419	
-0.149635	-0.187365	-0.256479	-0.33808	-0.423166	-0.505737	-0.567866	-0.592714	-0.583465	-0.550766	-0.484563	-0.384153	-0.239682	-0.0742708	0.090869	0.235301	0.354089	0.450418	0.525658	0.567474	0.560212	0.513338	0.442986	0.357189	0.2672	
-0.150355	-0.170747	-0.219769	-0.291308	-0.384963	-0.489805	-0.579078	-0.638314	-0.66544	-0.669847	-0.642662	-0.579722	-0.465106	-0.314728	-0.147549	0.0170402	0.17212	0.313783	0.433987	0.522752	0.565279	0.564166	0.524027	0.456382	0.379702	
-0.138378	-0.14686	-0.187935	-0.256328	-0.360393	-0.482345	-0.592873	-0.682523	-0.750988	-0.797368	-0.81395	-0.787341	-0.704269	-0.571199	-0.409608	-0.2376	-0.0593155	0.121511	0.291668	0.431563	0.523809	0.56884	0.56453	0.524997	0.473757	
-0.109728	-0.121284	-0.165291	-0.244523	-0.355946	-0.485708	-0.60678	-0.716097	-0.822086	-0.908	-0.960203	-0.97007	-0.919564	-0.814527	-0.671556	-0.505201	-0.317496	-0.107035	0.110501	0.301962	0.441922	0.529522	0.566897	0.564836	0.542174	
-0.0583869	-0.0832374	-0.13905	-0.225117	-0.33711	-0.465141	-0.592103	-0.720669	-0.856087	-0.973772	-1.06085	-1.09971	-1.08673	-1.017	-0.902124	-0.750953	-0.563901	-0.335462	-0.0845772	0.150095	0.336188	0.467807	0.546656	0.582039	0.58697	
0.0301279	-0.015463	-0.0830384	-0.170585	-0.273156	-0.39716	-0.535659	-0.683869	-0.840397	-0.979987	-1.09476	-1.16828	-1.19145	-1.15925	-1.07671	-0.944183	-0.766735	-0.537525	-0.272682	-0.0150637	0.209511	0.383779	0.502034	0.570009	0.605705	
0.157324	0.0897951	0.00534445	-0.0854857	-0.17648	-0.290433	-0.434261	-0.592069	-0.759435	-0.913618	-1.04991	-1.16131	-1.2296	-1.2397	-1.19277	-1.08677	-0.925971	-0.707941	-0.448412	-0.182756	0.0645447	0.269049	0.420366	0.520083	0.586925	
0.293946	0.214874	0.123425	0.03088	-0.0499147	-0.148108	-0.282617	-0.441958	-0.613598	-0.781665	-0.940095	-1.08161	-1.19296	-1.25305	-1.24954	-1.17737	-1.04604	-0.853007	-0.612038	-0.352559	-0.100141	0.119639	0.295199	0.427624	0.528935	
0.389357	0.310633	0.227779	0.151163	0.087942	0.00575525	-0.111995	-0.256661	-0.424682	-0.603833	-0.779291	-0.944819	-1.08834	-1.19579	-1.24315	-1.21524	-1.12123	-0.962846	-0.75049	-0.507957	-0.264054	-0.0481919	0.140221	0.300118	0.430703	
0.428368	0.357727	0.296306	0.245733	0.205942	0.146348	0.0477854	-0.0761457	-0.22632	-0.402523	-0.590981	-0.777589	-0.945381	-1.08606	-1.17816	-1.19702	-1.1419	-1.02182	-0.845165	-0.628392	-0.412748	-0.215175	-0.0329212	0.135901	0.284046	
0.425272	0.364911	0.323419	0.300572	0.29368	0.265401	0.196473	0.0916412	-0.0400445	-0.198599	-0.389181	-0.589012	-0.777756	-0.943638	-1.06676	-1.1267	-1.11111	-1.02179	-0.879286	-0.696789	-0.515513	-0.351331	-0.194996	-0.039565	0.101889	
