-0.496884	-0.407831	-0.242883	-0.0391614	0.182785	0.402569	0.597437	0.743773	0.813556	0.794527	0.71042	0.589938	0.448064	0.300031	0.163461	0.0621313	0.00974792	0.0131324	0.0749256	0.176038	0.280403	0.371604	0.437146	0.458965	0.425009	
-0.407831	-0.339262	-0.192499	0.00995195	0.234918	0.460835	0.665378	0.830708	0.924826	0.931566	0.862639	0.743471	0.594475	0.423231	0.255792	0.127656	0.0541276	0.0387465	0.091056	0.185063	0.290773	0.383133	0.454468	0.47543	0.445088	
-0.242883	-0.192499	-0.0717125	0.109	0.320345	0.540309	0.74637	0.92055	1.03	1.05755	1.00547	0.893814	0.737932	0.542243	0.342324	0.186019	0.0910781	0.0563212	0.0870185	0.170226	0.274576	0.370101	0.446	0.473814	0.456266	
-0.0391614	0.00995195	0.109	0.260751	0.443839	0.645902	0.844492	1.01372	1.12685	1.16704	1.13027	1.02189	0.854943	0.637007	0.410954	0.232792	0.119281	0.0689451	0.0788025	0.140601	0.236591	0.336186	0.421051	0.467074	0.465258	
0.182785	0.234918	0.320345	0.443839	0.598434	0.777843	0.957525	1.10762	1.213	1.25672	1.22806	1.11785	0.936969	0.703641	0.463453	0.27154	0.146202	0.079726	0.0679968	0.110427	0.199329	0.304862	0.399048	0.459425	0.472963	
0.402569	0.460835	0.540309	0.645902	0.777843	0.929206	1.0811	1.20827	1.29739	1.33166	1.28873	1.1722	0.986769	0.751978	0.509802	0.30667	0.170642	0.095827	0.0715843	0.103357	0.180952	0.283944	0.384563	0.455942	0.475507	
0.597437	0.665378	0.74637	0.844492	0.957525	1.0811	1.20624	1.30839	1.37226	1.38201	1.32132	1.1968	1.01237	0.785754	0.547851	0.343566	0.201963	0.117803	0.090591	0.114963	0.179949	0.278805	0.379647	0.45587	0.47977	
0.743773	0.830708	0.92055	1.01372	1.10762	1.20827	1.30839	1.38876	1.42947	1.41056	1.33123	1.20282	1.02273	0.806119	0.58122	0.385284	0.241174	0.14509	0.111538	0.132202	0.195644	0.289757	0.382978	0.451315	0.475446	
0.813556	0.924826	1.03	1.12685	1.213	1.29739	1.37226	1.42947	1.43863	1.40133	1.31685	1.18756	1.01329	0.81686	0.614468	0.426605	0.275439	0.168226	0.121026	0.136932	0.20483	0.29445	0.380367	0.440237	0.46948	
0.794527	0.931566	1.05755	1.16704	1.25672	1.33166	1.38201	1.41056	1.40133	1.35895	1.27796	1.14992	0.989869	0.810931	0.621047	0.444436	0.294949	0.176236	0.110869	0.119706	0.184239	0.268854	0.348519	0.413429	0.450912	
0.71042	0.862639	1.00547	1.13027	1.22806	1.28873	1.32132	1.33123	1.31685	1.27796	1.21023	1.09798	0.950565	0.779699	0.597571	0.429093	0.277096	0.144558	0.066639	0.0649372	0.118066	0.202692	0.288475	0.356838	0.40827	
0.589938	0.743471	0.893814	1.02189	1.11785	1.1722	1.1968	1.20282	1.18756	1.14992	1.09798	1.00517	0.878056	0.716697	0.536717	0.3629	0.206162	0.0723325	-0.0108915	-0.0268205	0.0179372	0.102966	0.193167	0.270619	0.338173	
0.448064	0.594475	0.737932	0.854943	0.936969	0.986769	1.01237	1.02273	1.01329	0.989869	0.950565	0.878056	0.759263	0.606743	0.427628	0.247295	0.0877267	-0.0477282	-0.129712	-0.143115	-0.0953844	-0.0156718	0.0844527	0.173604	0.259987	
0.300031	0.423231	0.542243	0.637007	0.703641	0.751978	0.785754	0.806119	0.81686	0.810931	0.779699	0.716697	0.606743	0.448459	0.263645	0.0799725	-0.0789711	-0.209357	-0.282487	-0.280206	-0.219927	-0.131923	-0.0231036	0.0864052	0.181704	
0.163461	0.255792	0.342324	0.410954	0.463453	0.509802	0.547851	0.58122	0.614468	0.621047	0.597571	0.536717	0.427628	0.263645	0.0737634	-0.105634	-0.266602	-0.391072	-0.445097	-0.425356	-0.356626	-0.257229	-0.13427	-0.00878	0.0992741	
0.0621313	0.127656	0.186019	0.232792	0.27154	0.30667	0.343566	0.385284	0.426605	0.444436	0.429093	0.3629	0.247295	0.0799725	-0.105634	-0.281128	-0.440874	-0.556818	-0.598241	-0.570185	-0.49677	-0.388622	-0.250171	-0.117304	0.00014645	
0.00974792	0.0541276	0.0910781	0.119281	0.146202	0.170642	0.201963	0.241174	0.275439	0.294949	0.277096	0.206162	0.0877267	-0.0789711	-0.266602	-0.440874	-0.583308	-0.678169	-0.710101	-0.682956	-0.614432	-0.504319	-0.362342	-0.225001	-0.108895	
0.0131324	0.0387465	0.0563212	0.0689451	0.079726	0.095827	0.117803	0.14509	0.168226	0.176236	0.144558	0.0723325	-0.0477282	-0.209357	-0.391072	-0.556818	-0.678169	-0.747853	-0.765197	-0.743885	-0.689558	-0.591596	-0.459065	-0.319962	-0.206457	
0.0749256	0.091056	0.0870185	0.0788025	0.0679968	0.0715843	0.090591	0.111538	0.121026	0.110869	0.066639	-0.0108915	-0.129712	-0.282487	-0.445097	-0.598241	-0.710101	-0.765197	-0.774916	-0.764835	-0.725961	-0.644879	-0.528071	-0.392347	-0.278897	
0.176038	0.185063	0.170226	0.140601	0.110427	0.103357	0.114963	0.132202	0.136932	0.119706	0.0649372	-0.0268205	-0.143115	-0.280206	-0.425356	-0.570185	-0.682956	-0.743885	-0.764835	-0.762237	-0.728123	-0.654334	-0.5493	-0.4274	-0.31387	
0.280403	0.290773	0.274576	0.236591	0.199329	0.180952	0.179949	0.195644	0.20483	0.184239	0.118066	0.0179372	-0.0953844	-0.219927	-0.356626	-0.49677	-0.614432	-0.689558	-0.725961	-0.728123	-0.692644	-0.620493	-0.517862	-0.402308	-0.295056	
0.371604	0.383133	0.370101	0.336186	0.304862	0.283944	0.278805	0.289757	0.29445	0.268854	0.202692	0.102966	-0.0156718	-0.131923	-0.257229	-0.388622	-0.504319	-0.591596	-0.644879	-0.654334	-0.620493	-0.54885	-0.44424	-0.327106	-0.22249	
0.437146	0.454468	0.446	0.421051	0.399048	0.384563	0.379647	0.382978	0.380367	0.348519	0.288475	0.193167	0.0844527	-0.0231036	-0.13427	-0.250171	-0.362342	-0.459065	-0.528071	-0.5493	-0.517862	-0.44424	-0.345074	-0.224716	-0.119127	
0.458965	0.47543	0.473814	0.467074	0.459425	0.455942	0.45587	0.451315	0.440237	0.413429	0.356838	0.270619	0.173604	0.0864052	-0.00878	-0.117304	-0.225001	-0.319962	-0.392347	-0.4274	-0.402308	-0.327106	-0.224716	-0.108976	0.00763967	
0.425009	0.445088	0.456266	0.465258	0.472963	0.475507	0.47977	0.475446	0.46948	0.450912	0.40827	0.338173	0.259987	0.181704	0.0992741	0.00014645	-0.108895	-0.206457	-0.278897	-0.31387	-0.295056	-0.22249	-0.119127	0.00763967	0.136776	
0.352301	0.372817	0.396735	0.418772	0.436611	0.443637	0.4519	0.455609	0.460719	0.461673	0.442701	0.396101	0.327094	0.261797	0.191107	0.0958573	-0.0182173	-0.120151	-0.197582	-0.236549	-0.223688	-0.157266	-0.0490911	0.0874083	0.242337	
0.263914	0.286748	0.316895	0.344057	0.363811	0.373177	0.383351	0.398435	0.422935	0.446072	0.452984	0.428035	0.378028	0.326717	0.262644	0.16447	0.0474397	-0.0560874	-0.141829	-0.194831	-0.193009	-0.13158	-0.018358	0.135665	0.317454	
0.170508	0.197989	0.239321	0.263687	0.274449	0.28437	0.291941	0.318431	0.364727	0.407173	0.434591	0.431526	0.398628	0.356922	0.300496	0.20743	0.0907467	-0.0229966	-0.116832	-0.174564	-0.181936	-0.123621	-0.00458069	0.16657	0.372265	
0.0938238	0.128203	0.170536	0.195558	0.199525	0.204433	0.214027	0.24678	0.299141	0.355242	0.397504	0.416424	0.399494	0.362569	0.312305	0.232326	0.121679	0.00151389	-0.0991844	-0.163919	-0.17872	-0.130609	-0.0120902	0.173658	0.399289	
0.0478874	0.0871691	0.127036	0.155533	0.161186	0.158794	0.16851	0.199029	0.251613	0.319305	0.367942	0.395346	0.394019	0.367274	0.322307	0.247994	0.141949	0.0247285	-0.0807854	-0.157045	-0.185196	-0.149695	-0.0344796	0.161353	0.403514	
0.0394011	0.0794858	0.119937	0.149495	0.156416	0.152284	0.161017	0.190178	0.243543	0.314403	0.363078	0.390474	0.393646	0.368493	0.325294	0.252626	0.146268	0.0300814	-0.0766644	-0.155084	-0.186851	-0.154779	-0.041451	0.156206	0.402528	
0.0716078	0.107872	0.14915	0.175724	0.179382	0.180843	0.191313	0.223613	0.276594	0.337463	0.382788	0.407504	0.398101	0.364031	0.316039	0.239505	0.130612	0.0116289	-0.0907179	-0.160574	-0.180886	-0.138188	-0.0203839	0.170579	0.403183	
0.136788	0.166927	0.209877	0.233918	0.240638	0.249482	0.257561	0.287073	0.337746	0.386583	0.420847	0.427104	0.399715	0.360473	0.306598	0.218852	0.104387	-0.0136864	-0.110995	-0.17047	-0.178851	-0.123661	-0.00468245	0.172439	0.386906	
0.225919	0.251002	0.28527	0.31154	0.328653	0.339204	0.347468	0.368132	0.402273	0.43334	0.449331	0.432476	0.39005	0.343907	0.281829	0.184869	0.0671738	-0.0396438	-0.128208	-0.184617	-0.187293	-0.126949	-0.0120475	0.150098	0.34105	
0.318034	0.338797	0.365088	0.391286	0.411205	0.418843	0.428636	0.436829	0.447921	0.458256	0.449865	0.413076	0.349724	0.290554	0.222783	0.126226	0.0108122	-0.0914716	-0.17177	-0.2166	-0.207753	-0.14422	-0.0319936	0.1093	0.275627	
0.398699	0.420033	0.437127	0.451451	0.464257	0.468418	0.474222	0.472177	0.470447	0.458509	0.424649	0.363083	0.289624	0.215055	0.137852	0.0422211	-0.0694937	-0.169549	-0.24349	-0.277986	-0.260131	-0.19001	-0.0863423	0.0442394	0.181761	
0.451989	0.468348	0.471483	0.471965	0.470843	0.470721	0.472908	0.466811	0.455662	0.43149	0.379047	0.29836	0.208162	0.12655	0.0371646	-0.0689137	-0.176216	-0.270056	-0.342307	-0.379149	-0.35725	-0.282097	-0.179065	-0.0602507	0.061245	
0.452061	0.470053	0.463599	0.445702	0.428061	0.417667	0.414385	0.414416	0.408228	0.377121	0.317721	0.226157	0.122011	0.0222277	-0.0826877	-0.194656	-0.305313	-0.402713	-0.473861	-0.501201	-0.472297	-0.398094	-0.298586	-0.17918	-0.0699347	
0.402313	0.415035	0.404037	0.373027	0.344755	0.326676	0.320823	0.329265	0.330617	0.302534	0.238282	0.140262	0.0236831	-0.0907265	-0.210587	-0.334834	-0.449405	-0.541169	-0.601993	-0.615847	-0.582066	-0.509785	-0.406897	-0.289372	-0.185041	
0.318548	0.330184	0.314528	0.277549	0.241723	0.220267	0.216686	0.230639	0.239345	0.217293	0.149432	0.0488818	-0.0662652	-0.187153	-0.319791	-0.457715	-0.575649	-0.655872	-0.698989	-0.70332	-0.667963	-0.597071	-0.492475	-0.375953	-0.270089	
0.218604	0.226932	0.21108	0.176352	0.141692	0.129717	0.13654	0.153139	0.159818	0.141234	0.0808132	-0.0155554	-0.13045	-0.261516	-0.402719	-0.545614	-0.659729	-0.726078	-0.753536	-0.75319	-0.718479	-0.64557	-0.542546	-0.425236	-0.313863	
0.113138	0.125775	0.115511	0.0982516	0.078517	0.0775642	0.0943556	0.114108	0.120171	0.105465	0.0567069	-0.0252758	-0.143112	-0.290229	-0.444475	-0.593104	-0.704986	-0.761078	-0.773309	-0.766416	-0.731024	-0.654042	-0.543662	-0.412484	-0.298533	
0.0312138	0.0516722	0.0603517	0.0661439	0.0687487	0.0805155	0.100367	0.12375	0.141647	0.142178	0.104991	0.031655	-0.0890391	-0.247383	-0.422225	-0.583426	-0.699154	-0.760211	-0.772346	-0.755836	-0.708367	-0.617801	-0.49085	-0.352171	-0.238576	
0.00420035	0.0405131	0.0698299	0.0919448	0.112459	0.133883	0.161382	0.196039	0.226278	0.243118	0.220272	0.148304	0.0298068	-0.135242	-0.323004	-0.494061	-0.628292	-0.712609	-0.738953	-0.714021	-0.649111	-0.543266	-0.403986	-0.265031	-0.150606	
0.034537	0.0913757	0.140075	0.179675	0.213704	0.243709	0.279446	0.321774	0.36147	0.381339	0.366452	0.298501	0.180537	0.0130234	-0.17261	-0.347666	-0.502406	-0.611477	-0.649584	-0.620874	-0.548497	-0.437813	-0.295692	-0.160962	-0.043912	
0.117789	0.198425	0.272525	0.332325	0.379401	0.421932	0.460072	0.49727	0.536121	0.547861	0.528304	0.465812	0.353907	0.188098	8.27086e-05	-0.177382	-0.338705	-0.460835	-0.50901	-0.484746	-0.412906	-0.309876	-0.180644	-0.0520256	0.0617417	
0.242707	0.354039	0.460127	0.543818	0.604252	0.652842	0.688636	0.714616	0.735658	0.734864	0.705878	0.644943	0.536895	0.376166	0.187765	0.00570094	-0.154296	-0.282483	-0.347203	-0.337885	-0.273405	-0.18047	-0.0665983	0.0512496	0.150592	
0.388757	0.5275	0.663398	0.772602	0.848751	0.896971	0.926012	0.939955	0.936779	0.920088	0.885176	0.817538	0.702649	0.548386	0.368021	0.185974	0.0267091	-0.10769	-0.188373	-0.195946	-0.143559	-0.0620671	0.041347	0.13737	0.227251	
0.534831	0.687086	0.836441	0.962101	1.05313	1.10544	1.12988	1.13644	1.12169	1.08904	1.04184	0.958128	0.835499	0.679421	0.499768	0.322959	0.164158	0.0299196	-0.053495	-0.0701636	-0.0254813	0.0560526	0.149082	0.230928	0.307876	
0.666063	0.81931	0.966709	1.0944	1.19347	1.25112	1.2783	1.286	1.27066	1.2313	1.17042	1.0665	0.926763	0.758732	0.577985	0.408102	0.254057	0.121096	0.0404923	0.0315649	0.079896	0.166457	0.254604	0.325591	0.383078	
