0.187025	0.250092	0.3143	0.357482	0.371964	0.366952	0.357937	0.3284	0.268583	0.178131	0.0655097	-0.0643766	-0.20225	-0.326063	-0.421583	-0.481948	-0.509981	-0.524854	-0.525071	-0.504825	-0.455062	-0.390552	-0.332143	-0.273848	-0.226848	
0.250092	0.286807	0.321124	0.341352	0.349134	0.348457	0.346712	0.339231	0.304144	0.237207	0.135864	0.00499685	-0.137542	-0.268059	-0.364712	-0.432935	-0.476481	-0.514298	-0.539388	-0.531508	-0.491229	-0.427777	-0.362011	-0.297697	-0.242379	
0.3143	0.321124	0.319925	0.320245	0.324837	0.32966	0.344493	0.358492	0.352057	0.309511	0.216807	0.088238	-0.0499336	-0.177348	-0.279782	-0.359289	-0.422425	-0.481782	-0.525419	-0.535984	-0.512739	-0.461907	-0.402253	-0.339072	-0.282913	
0.357482	0.341352	0.320245	0.311591	0.314694	0.327118	0.351593	0.380232	0.396938	0.377855	0.29963	0.186715	0.0644133	-0.0586885	-0.171757	-0.271053	-0.35642	-0.433615	-0.491369	-0.519184	-0.511946	-0.478802	-0.433865	-0.381326	-0.334206	
0.371964	0.349134	0.324837	0.314694	0.316484	0.334167	0.364999	0.401157	0.433824	0.43485	0.378142	0.290291	0.186373	0.0694543	-0.0502355	-0.16829	-0.271076	-0.362458	-0.438028	-0.482424	-0.495046	-0.488648	-0.464799	-0.434794	-0.398677	
0.366952	0.348457	0.32966	0.327118	0.334167	0.35718	0.38967	0.42357	0.459971	0.473525	0.442809	0.374885	0.287985	0.183733	0.0617395	-0.0626255	-0.177339	-0.284765	-0.374763	-0.436423	-0.470759	-0.49048	-0.494659	-0.488061	-0.459971	
0.357937	0.346712	0.344493	0.351593	0.364999	0.38967	0.418118	0.443941	0.48056	0.508464	0.492667	0.44042	0.364801	0.270752	0.155429	0.0295748	-0.0961391	-0.215856	-0.315427	-0.390817	-0.440044	-0.481932	-0.5107	-0.52091	-0.499482	
0.3284	0.339231	0.358492	0.380232	0.401157	0.42357	0.443941	0.469936	0.509624	0.543359	0.537896	0.493639	0.428607	0.349173	0.247258	0.121011	-0.0118426	-0.142586	-0.254239	-0.342282	-0.411062	-0.471734	-0.518979	-0.538979	-0.521612	
0.268583	0.304144	0.352057	0.396938	0.433824	0.459971	0.48056	0.509624	0.544313	0.571035	0.566584	0.530188	0.484813	0.428291	0.343968	0.226699	0.0904527	-0.0481051	-0.174046	-0.280691	-0.372975	-0.450693	-0.50937	-0.53781	-0.525101	
0.178131	0.237207	0.309511	0.377855	0.43485	0.473525	0.508464	0.543359	0.571035	0.589632	0.582724	0.560103	0.53719	0.50137	0.435491	0.335942	0.20623	0.0689571	-0.0657173	-0.192152	-0.303259	-0.395692	-0.46516	-0.504806	-0.509173	
0.0655097	0.135864	0.216807	0.29963	0.378142	0.442809	0.492667	0.537896	0.566584	0.582724	0.585529	0.587826	0.587327	0.570741	0.527984	0.448071	0.335528	0.204457	0.0621116	-0.0783303	-0.204281	-0.309368	-0.390579	-0.447848	-0.478535	
-0.0643766	0.00499685	0.088238	0.186715	0.290291	0.374885	0.44042	0.493639	0.530188	0.560103	0.587826	0.616625	0.640871	0.64149	0.613218	0.55384	0.453818	0.326881	0.181037	0.0344453	-0.0994388	-0.212024	-0.30403	-0.382258	-0.435647	
-0.20225	-0.137542	-0.0499336	0.0644133	0.186373	0.287985	0.364801	0.428607	0.484813	0.53719	0.587327	0.640871	0.679945	0.691197	0.674805	0.630689	0.543906	0.427143	0.288878	0.144164	0.011467	-0.111278	-0.217564	-0.314723	-0.391038	
-0.326063	-0.268059	-0.177348	-0.0586885	0.0694543	0.183733	0.270752	0.349173	0.428291	0.50137	0.570741	0.64149	0.691197	0.709807	0.702877	0.671621	0.606071	0.510849	0.395573	0.268129	0.139699	0.010506	-0.113265	-0.231845	-0.332332	
-0.421583	-0.364712	-0.279782	-0.171757	-0.0502355	0.0617395	0.155429	0.247258	0.343968	0.435491	0.527984	0.613218	0.674805	0.702877	0.70443	0.690946	0.654487	0.592567	0.509575	0.406206	0.283956	0.149891	0.00946248	-0.131487	-0.260827	
-0.481948	-0.432935	-0.359289	-0.271053	-0.16829	-0.0626255	0.0295748	0.121011	0.226699	0.335942	0.448071	0.55384	0.630689	0.671621	0.690946	0.704789	0.701868	0.678388	0.626971	0.541213	0.425648	0.285448	0.131565	-0.03013	-0.18958	
-0.509981	-0.476481	-0.422425	-0.35642	-0.271076	-0.177339	-0.0961391	-0.0118426	0.0904527	0.20623	0.335528	0.453818	0.543906	0.606071	0.654487	0.701868	0.740865	0.75111	0.726364	0.659539	0.549036	0.41359	0.25202	0.0759576	-0.110199	
-0.524854	-0.514298	-0.481782	-0.433615	-0.362458	-0.284765	-0.215856	-0.142586	-0.0481051	0.0689571	0.204457	0.326881	0.427143	0.510849	0.592567	0.678388	0.75111	0.794451	0.79391	0.746073	0.651679	0.525434	0.366097	0.181809	-0.0242553	
-0.525071	-0.539388	-0.525419	-0.491369	-0.438028	-0.374763	-0.315427	-0.254239	-0.174046	-0.0657173	0.0621116	0.181037	0.288878	0.395573	0.509575	0.626971	0.726364	0.79391	0.816615	0.792227	0.719237	0.611186	0.464572	0.281963	0.0725635	
-0.504825	-0.531508	-0.535984	-0.519184	-0.482424	-0.436423	-0.390817	-0.342282	-0.280691	-0.192152	-0.0783303	0.0344453	0.144164	0.268129	0.406206	0.541213	0.659539	0.746073	0.792227	0.792209	0.744497	0.659132	0.531648	0.369341	0.17267	
-0.455062	-0.491229	-0.512739	-0.511946	-0.495046	-0.470759	-0.440044	-0.411062	-0.372975	-0.303259	-0.204281	-0.0994388	0.011467	0.139699	0.283956	0.425648	0.549036	0.651679	0.719237	0.744497	0.725291	0.667162	0.573284	0.442732	0.281705	
-0.390552	-0.427777	-0.461907	-0.478802	-0.488648	-0.49048	-0.481932	-0.471734	-0.450693	-0.395692	-0.309368	-0.212024	-0.111278	0.010506	0.149891	0.285448	0.41359	0.525434	0.611186	0.659132	0.667162	0.641613	0.588837	0.504934	0.391903	
-0.332143	-0.362011	-0.402253	-0.433865	-0.464799	-0.494659	-0.5107	-0.518979	-0.50937	-0.46516	-0.390579	-0.30403	-0.217564	-0.113265	0.00946248	0.131565	0.25202	0.366097	0.464572	0.531648	0.573284	0.588837	0.585423	0.560004	0.502543	
-0.273848	-0.297697	-0.339072	-0.381326	-0.434794	-0.488061	-0.52091	-0.538979	-0.53781	-0.504806	-0.447848	-0.382258	-0.314723	-0.231845	-0.131487	-0.03013	0.0759576	0.181809	0.281963	0.369341	0.442732	0.504934	0.560004	0.593252	0.602439	
-0.226848	-0.242379	-0.282913	-0.334206	-0.398677	-0.459971	-0.499482	-0.521612	-0.525101	-0.509173	-0.478535	-0.435647	-0.391038	-0.332332	-0.260827	-0.18958	-0.110199	-0.0242553	0.0725635	0.17267	0.281705	0.391903	0.502543	0.602439	0.677577	
-0.200967	-0.211899	-0.249017	-0.299003	-0.356309	-0.408724	-0.442325	-0.463933	-0.478624	-0.487762	-0.488561	-0.475535	-0.45127	-0.41765	-0.378506	-0.33977	-0.291818	-0.227642	-0.138567	-0.0246608	0.11414	0.268387	0.430019	0.588045	0.731321	
-0.208155	-0.21582	-0.241129	-0.277925	-0.319156	-0.351054	-0.371977	-0.390183	-0.416798	-0.453034	-0.490282	-0.511356	-0.513213	-0.50564	-0.495188	-0.481589	-0.450727	-0.396517	-0.308817	-0.181232	-0.0221961	0.16031	0.357791	0.559011	0.760458	
-0.237552	-0.237129	-0.246873	-0.267092	-0.283521	-0.293261	-0.302724	-0.320881	-0.357176	-0.418294	-0.489099	-0.542187	-0.570728	-0.589856	-0.606511	-0.607473	-0.586177	-0.531215	-0.43568	-0.299058	-0.122879	0.0780281	0.296213	0.533607	0.778952	
-0.257069	-0.246965	-0.24108	-0.249584	-0.257353	-0.258001	-0.261777	-0.272364	-0.308719	-0.37891	-0.468838	-0.550282	-0.605285	-0.651616	-0.691216	-0.705084	-0.684467	-0.625613	-0.528216	-0.384148	-0.206888	0.000578049	0.233052	0.492311	0.778898	
-0.261568	-0.241914	-0.22618	-0.230937	-0.237627	-0.237397	-0.239159	-0.246259	-0.277132	-0.346379	-0.444298	-0.539259	-0.611064	-0.676587	-0.735029	-0.75847	-0.744022	-0.686744	-0.589701	-0.448637	-0.270406	-0.0607221	0.179873	0.458594	0.771497	
-0.262167	-0.239271	-0.222046	-0.227435	-0.233031	-0.23294	-0.235392	-0.241752	-0.270716	-0.340333	-0.438771	-0.535483	-0.610603	-0.679466	-0.74159	-0.767345	-0.754662	-0.698223	-0.601629	-0.461574	-0.283315	-0.0727792	0.168927	0.451985	0.769893	
-0.260129	-0.246247	-0.235062	-0.24087	-0.248692	-0.248305	-0.251138	-0.259388	-0.293463	-0.363597	-0.457583	-0.546523	-0.610049	-0.665613	-0.713886	-0.732279	-0.713272	-0.654559	-0.557029	-0.413345	-0.236249	-0.0279387	0.208492	0.475977	0.775426	
-0.247374	-0.243796	-0.246774	-0.261138	-0.27149	-0.276233	-0.282319	-0.298913	-0.336512	-0.403368	-0.483711	-0.548924	-0.588384	-0.618173	-0.645109	-0.650666	-0.630628	-0.573895	-0.475993	-0.33637	-0.15737	0.0471568	0.27172	0.51946	0.781209	
-0.219108	-0.223696	-0.242904	-0.273612	-0.305006	-0.326968	-0.343631	-0.361176	-0.391448	-0.439371	-0.490457	-0.524708	-0.538024	-0.540689	-0.541273	-0.534827	-0.508073	-0.454516	-0.363936	-0.232059	-0.0657175	0.125362	0.332066	0.54869	0.768864	
-0.199084	-0.209819	-0.243105	-0.288224	-0.340718	-0.385755	-0.414089	-0.435003	-0.454942	-0.474824	-0.490153	-0.490699	-0.475722	-0.451959	-0.425107	-0.397276	-0.358459	-0.30034	-0.212549	-0.0935502	0.0546933	0.222112	0.400273	0.57748	0.745374	
-0.213228	-0.226199	-0.265873	-0.318785	-0.381627	-0.441879	-0.480093	-0.502403	-0.509058	-0.502768	-0.484152	-0.452161	-0.41629	-0.36706	-0.308562	-0.25074	-0.184533	-0.107755	-0.0142726	0.0911487	0.213135	0.341933	0.474224	0.598804	0.701626	
-0.253672	-0.273788	-0.315068	-0.361164	-0.421787	-0.479701	-0.517061	-0.537029	-0.537423	-0.510606	-0.463189	-0.406826	-0.348199	-0.274773	-0.184864	-0.0948351	0.00233817	0.101166	0.200591	0.293732	0.380954	0.462943	0.540385	0.600329	0.635867	
-0.30852	-0.3364	-0.377245	-0.412816	-0.452697	-0.494129	-0.517265	-0.531149	-0.525742	-0.484852	-0.416851	-0.337809	-0.257971	-0.162028	-0.0477699	0.0673188	0.182742	0.295427	0.395504	0.471103	0.525639	0.559246	0.579264	0.576558	0.545257	
-0.366794	-0.401034	-0.438428	-0.462412	-0.480789	-0.493688	-0.495829	-0.492831	-0.476566	-0.426361	-0.344334	-0.250336	-0.155227	-0.0395673	0.0945459	0.224804	0.351737	0.465716	0.557069	0.613057	0.633534	0.623349	0.589055	0.527866	0.436285	
-0.429635	-0.467158	-0.494726	-0.500244	-0.494308	-0.479925	-0.457188	-0.436254	-0.406621	-0.343107	-0.249525	-0.148078	-0.0387845	0.0877896	0.231298	0.371963	0.497367	0.604701	0.680158	0.714847	0.706426	0.66079	0.582356	0.469174	0.3262	
-0.487788	-0.519463	-0.530569	-0.520977	-0.491137	-0.453529	-0.413017	-0.371119	-0.318998	-0.237904	-0.130791	-0.0206525	0.0897935	0.217101	0.359435	0.498078	0.619593	0.71339	0.768182	0.778763	0.742226	0.666523	0.551591	0.399552	0.215227	
-0.520692	-0.539933	-0.533722	-0.506594	-0.459998	-0.402715	-0.349098	-0.291997	-0.21855	-0.118162	0.00466677	0.120933	0.230291	0.345185	0.470553	0.596533	0.704889	0.780319	0.812885	0.797941	0.735023	0.635941	0.495254	0.319872	0.112161	
-0.526753	-0.527627	-0.502117	-0.459155	-0.395553	-0.324058	-0.25843	-0.190162	-0.100615	0.0150428	0.14839	0.270006	0.373939	0.466932	0.561587	0.66189	0.745703	0.799745	0.808701	0.769622	0.683405	0.563276	0.408507	0.222569	0.0133929	
-0.517158	-0.492144	-0.446687	-0.388912	-0.308721	-0.220943	-0.145929	-0.0652324	0.0344609	0.15107	0.284585	0.406219	0.499924	0.571221	0.632986	0.695154	0.749406	0.772864	0.757947	0.698342	0.592813	0.46043	0.298626	0.118602	-0.0771219	
-0.495913	-0.451763	-0.385705	-0.30613	-0.210982	-0.109948	-0.0206077	0.067835	0.173456	0.286252	0.406185	0.51792	0.600817	0.649393	0.679046	0.706218	0.719321	0.710145	0.670137	0.59128	0.477538	0.338246	0.180327	0.0126216	-0.158663	
-0.450171	-0.396207	-0.314635	-0.213981	-0.099426	0.0112809	0.105463	0.198992	0.30063	0.399935	0.500591	0.594493	0.661563	0.694177	0.70122	0.697464	0.673891	0.627332	0.55775	0.461844	0.341966	0.204929	0.0587033	-0.0918249	-0.232779	
-0.367976	-0.309615	-0.221031	-0.10515	0.0224798	0.136614	0.227164	0.312256	0.398848	0.47859	0.557216	0.633104	0.687283	0.709237	0.705896	0.680211	0.625809	0.543071	0.439766	0.322526	0.196138	0.0655944	-0.0650588	-0.192364	-0.30403	
-0.254609	-0.193226	-0.102989	0.0148105	0.140136	0.247936	0.329569	0.398452	0.464329	0.525954	0.58346	0.644775	0.688574	0.702585	0.690062	0.651613	0.571407	0.462071	0.331487	0.191145	0.0603723	-0.0659673	-0.17926	-0.285	-0.370495	
-0.120002	-0.051259	0.0329849	0.138447	0.250881	0.342631	0.411744	0.469697	0.512578	0.550657	0.588989	0.627816	0.659076	0.664789	0.641673	0.58852	0.493718	0.369315	0.224672	0.0777513	-0.056591	-0.172309	-0.269958	-0.355947	-0.418179	
0.0159287	0.0857697	0.167897	0.256561	0.344917	0.418564	0.475729	0.52373	0.554363	0.574676	0.586154	0.599081	0.609061	0.599391	0.563737	0.492533	0.385606	0.256571	0.111327	-0.0321977	-0.162176	-0.270522	-0.355762	-0.422306	-0.462196	
