-1.0368	-1.02718	-0.982075	-0.900149	-0.782281	-0.622953	-0.435263	-0.236683	-0.0642804	0.0766879	0.204111	0.332285	0.462499	0.60096	0.733563	0.831773	0.874416	0.8587	0.80029	0.716331	0.624437	0.535569	0.466754	0.419459	0.385177	
-1.02718	-1.01027	-0.953618	-0.86759	-0.750412	-0.5878	-0.39051	-0.193339	-0.0299498	0.100966	0.21021	0.306717	0.399989	0.498358	0.595858	0.675658	0.702177	0.67367	0.608562	0.522518	0.433305	0.356359	0.303714	0.27918	0.279497	
-0.982075	-0.953618	-0.890165	-0.79899	-0.670792	-0.494249	-0.297984	-0.112976	0.0341789	0.151751	0.245083	0.314764	0.369496	0.426187	0.490267	0.545077	0.551701	0.505891	0.424751	0.327112	0.242369	0.178197	0.145132	0.143766	0.167931	
-0.900149	-0.86759	-0.79899	-0.689188	-0.539166	-0.355328	-0.164506	0.01031	0.143423	0.246894	0.321872	0.362139	0.38428	0.406165	0.437927	0.465121	0.448262	0.377128	0.275932	0.168793	0.084909	0.0274472	0.00535626	0.0128115	0.0463413	
-0.782281	-0.750412	-0.670792	-0.539166	-0.374594	-0.191451	0.000455555	0.170978	0.292327	0.375793	0.429952	0.443347	0.438678	0.428689	0.425853	0.420912	0.380644	0.294611	0.181734	0.0647592	-0.0301502	-0.0950313	-0.123987	-0.125014	-0.0967569	
-0.622953	-0.5878	-0.494249	-0.355328	-0.191451	-0.00993868	0.176046	0.333827	0.439773	0.511424	0.552872	0.554492	0.526585	0.484761	0.44219	0.400926	0.338008	0.241951	0.121815	-0.00335729	-0.113095	-0.197267	-0.246074	-0.266038	-0.254237	
-0.435263	-0.39051	-0.297984	-0.164506	0.000455555	0.176046	0.343902	0.479455	0.573316	0.637628	0.675288	0.667594	0.627948	0.564259	0.489151	0.409845	0.315341	0.19367	0.0582662	-0.0745542	-0.190947	-0.283084	-0.351135	-0.3994	-0.415017	
-0.236683	-0.193339	-0.112976	0.01031	0.170978	0.333827	0.479455	0.599372	0.690902	0.75013	0.777316	0.766429	0.716166	0.635634	0.53093	0.411148	0.273832	0.127911	-0.0194108	-0.157331	-0.279873	-0.379315	-0.463547	-0.527957	-0.561143	
-0.0642804	-0.0299498	0.0341789	0.143423	0.292327	0.439773	0.573316	0.690902	0.779955	0.831341	0.851895	0.835179	0.772315	0.674731	0.53676	0.375816	0.208657	0.0422551	-0.116052	-0.252608	-0.371128	-0.476819	-0.571345	-0.644696	-0.687359	
0.0766879	0.100966	0.151751	0.246894	0.375793	0.511424	0.637628	0.75013	0.831341	0.877614	0.890501	0.862499	0.785744	0.664888	0.496425	0.310357	0.121181	-0.0635722	-0.22619	-0.360465	-0.475187	-0.572694	-0.663826	-0.743514	-0.795006	
0.204111	0.21021	0.245083	0.321872	0.429952	0.552872	0.675288	0.777316	0.851895	0.890501	0.888494	0.846937	0.755199	0.61035	0.4223	0.222399	0.0132709	-0.182607	-0.342911	-0.47058	-0.571803	-0.657664	-0.744705	-0.817531	-0.86048	
0.332285	0.306717	0.314764	0.362139	0.443347	0.554492	0.667594	0.766429	0.835179	0.862499	0.846937	0.790395	0.679713	0.515907	0.312867	0.099754	-0.113159	-0.30418	-0.455215	-0.57304	-0.652604	-0.717524	-0.786591	-0.838353	-0.86089	
0.462499	0.399989	0.369496	0.38428	0.438678	0.526585	0.627948	0.716166	0.772315	0.785744	0.755199	0.679713	0.556654	0.375923	0.159131	-0.057512	-0.26047	-0.436408	-0.570513	-0.663627	-0.712905	-0.744143	-0.777269	-0.801303	-0.812748	
0.60096	0.498358	0.426187	0.406165	0.428689	0.484761	0.564259	0.635634	0.674731	0.664888	0.61035	0.515907	0.375923	0.178659	-0.0409804	-0.24345	-0.419994	-0.569742	-0.678482	-0.736098	-0.750004	-0.750072	-0.74296	-0.733887	-0.727481	
0.733563	0.595858	0.490267	0.437927	0.425853	0.44219	0.489151	0.53093	0.53676	0.496425	0.4223	0.312867	0.159131	-0.0409804	-0.250951	-0.432278	-0.580805	-0.695771	-0.765897	-0.787269	-0.770243	-0.732429	-0.690287	-0.657186	-0.633488	
0.831773	0.675658	0.545077	0.465121	0.420912	0.400926	0.409845	0.411148	0.375816	0.310357	0.222399	0.099754	-0.057512	-0.24345	-0.432278	-0.588835	-0.710072	-0.790634	-0.824198	-0.818616	-0.777213	-0.704741	-0.634769	-0.575318	-0.532551	
0.874416	0.702177	0.551701	0.448262	0.380644	0.338008	0.315341	0.273832	0.208657	0.121181	0.0132709	-0.113159	-0.26047	-0.419994	-0.580805	-0.710072	-0.796562	-0.846297	-0.863242	-0.836097	-0.771065	-0.679025	-0.591233	-0.508946	-0.449947	
0.8587	0.67367	0.505891	0.377128	0.294611	0.241951	0.19367	0.127911	0.0422551	-0.0635722	-0.182607	-0.30418	-0.436408	-0.569742	-0.695771	-0.790634	-0.846297	-0.877379	-0.875922	-0.829696	-0.751887	-0.653739	-0.552841	-0.464588	-0.400282	
0.80029	0.608562	0.424751	0.275932	0.181734	0.121815	0.0582662	-0.0194108	-0.116052	-0.22619	-0.342911	-0.455215	-0.570513	-0.678482	-0.765897	-0.824198	-0.863242	-0.875922	-0.850746	-0.790795	-0.706883	-0.605867	-0.507392	-0.426073	-0.371362	
0.716331	0.522518	0.327112	0.168793	0.0647592	-0.00335729	-0.0745542	-0.157331	-0.252608	-0.360465	-0.47058	-0.57304	-0.663627	-0.736098	-0.787269	-0.818616	-0.836097	-0.829696	-0.790795	-0.726886	-0.631013	-0.525933	-0.440917	-0.375966	-0.330791	
0.624437	0.433305	0.242369	0.084909	-0.0301502	-0.113095	-0.190947	-0.279873	-0.371128	-0.475187	-0.571803	-0.652604	-0.712905	-0.750004	-0.770243	-0.777213	-0.771065	-0.751887	-0.706883	-0.631013	-0.527922	-0.42538	-0.357359	-0.318117	-0.298055	
0.535569	0.356359	0.178197	0.0274472	-0.0950313	-0.197267	-0.283084	-0.379315	-0.476819	-0.572694	-0.657664	-0.717524	-0.744143	-0.750072	-0.732429	-0.704741	-0.679025	-0.653739	-0.605867	-0.525933	-0.42538	-0.338228	-0.290939	-0.275997	-0.280782	
0.466754	0.303714	0.145132	0.00535626	-0.123987	-0.246074	-0.351135	-0.463547	-0.571345	-0.663826	-0.744705	-0.786591	-0.777269	-0.74296	-0.690287	-0.634769	-0.591233	-0.552841	-0.507392	-0.440917	-0.357359	-0.290939	-0.267532	-0.277926	-0.300189	
0.419459	0.27918	0.143766	0.0128115	-0.125014	-0.266038	-0.3994	-0.527957	-0.644696	-0.743514	-0.817531	-0.838353	-0.801303	-0.733887	-0.657186	-0.575318	-0.508946	-0.464588	-0.426073	-0.375966	-0.318117	-0.275997	-0.277926	-0.314018	-0.341459	
0.385177	0.279497	0.167931	0.0463413	-0.0967569	-0.254237	-0.415017	-0.561143	-0.687359	-0.795006	-0.86048	-0.86089	-0.812748	-0.727481	-0.633488	-0.532551	-0.449947	-0.400282	-0.371362	-0.330791	-0.298055	-0.280782	-0.300189	-0.341459	-0.373777	
0.354057	0.298142	0.211458	0.10694	-0.0322681	-0.202847	-0.385376	-0.552508	-0.693775	-0.805995	-0.869476	-0.863354	-0.807511	-0.718252	-0.614284	-0.514262	-0.428079	-0.368893	-0.334793	-0.308684	-0.288529	-0.285878	-0.312878	-0.346577	-0.368612	
0.328975	0.321677	0.267209	0.180641	0.051441	-0.125225	-0.321061	-0.507771	-0.665896	-0.787827	-0.850237	-0.846879	-0.792506	-0.713225	-0.615729	-0.517425	-0.424899	-0.357722	-0.314601	-0.297589	-0.285151	-0.287856	-0.314838	-0.342096	-0.350958	
0.308036	0.337226	0.315337	0.243643	0.126506	-0.0468963	-0.248702	-0.453315	-0.630924	-0.764294	-0.829385	-0.832056	-0.787657	-0.719605	-0.631461	-0.528772	-0.429592	-0.3568	-0.309792	-0.293645	-0.291229	-0.30128	-0.326336	-0.344269	-0.340816	
0.291582	0.343398	0.344115	0.285446	0.175283	0.00923841	-0.195506	-0.417979	-0.611894	-0.750396	-0.821337	-0.830046	-0.794258	-0.726981	-0.643358	-0.543459	-0.443733	-0.360016	-0.31065	-0.292358	-0.306072	-0.331128	-0.35364	-0.357535	-0.349553	
0.28093	0.341244	0.348793	0.300622	0.188419	0.0304461	-0.173135	-0.404747	-0.608389	-0.747173	-0.82455	-0.835206	-0.799924	-0.740804	-0.656456	-0.552953	-0.447334	-0.359595	-0.308644	-0.298049	-0.319736	-0.3533	-0.37826	-0.380415	-0.364608	
0.279469	0.34051	0.348906	0.302568	0.18916	0.0329355	-0.169858	-0.403005	-0.607489	-0.747725	-0.825164	-0.835294	-0.800958	-0.744138	-0.660078	-0.554831	-0.446231	-0.358438	-0.309579	-0.300008	-0.322912	-0.35726	-0.382154	-0.385489	-0.370662	
0.286292	0.342912	0.347686	0.294504	0.183532	0.0215044	-0.183404	-0.411259	-0.609793	-0.748333	-0.822743	-0.831776	-0.79701	-0.73261	-0.648442	-0.548106	-0.446983	-0.360857	-0.31019	-0.294185	-0.312285	-0.341543	-0.364705	-0.367334	-0.355367	
0.301141	0.341092	0.329765	0.262838	0.150387	-0.020741	-0.223884	-0.436131	-0.620611	-0.756681	-0.823662	-0.830341	-0.790565	-0.721732	-0.636722	-0.534819	-0.435369	-0.358231	-0.31035	-0.291656	-0.296574	-0.313187	-0.336692	-0.347009	-0.342255	
0.320364	0.329126	0.28851	0.208474	0.0837283	-0.0920793	-0.29136	-0.485464	-0.651598	-0.778099	-0.840731	-0.839695	-0.788177	-0.715211	-0.621711	-0.520748	-0.425202	-0.356927	-0.310708	-0.296237	-0.285824	-0.289245	-0.317444	-0.343113	-0.344707	
0.343529	0.307991	0.233362	0.136537	0.000466125	-0.173327	-0.362231	-0.537587	-0.684969	-0.801172	-0.863538	-0.85792	-0.801764	-0.714966	-0.611686	-0.513485	-0.425318	-0.362551	-0.324651	-0.302981	-0.28646	-0.286796	-0.313705	-0.344463	-0.361996	
0.37215	0.285165	0.182733	0.0671985	-0.075129	-0.238661	-0.408911	-0.563006	-0.695352	-0.803559	-0.869141	-0.864816	-0.813078	-0.7246	-0.624691	-0.522164	-0.437859	-0.384368	-0.354736	-0.319132	-0.29304	-0.284417	-0.307735	-0.346256	-0.375697	
0.404667	0.27677	0.151359	0.0227735	-0.117175	-0.265866	-0.410146	-0.545548	-0.665631	-0.768605	-0.838093	-0.849947	-0.807442	-0.730724	-0.646719	-0.555567	-0.481104	-0.434397	-0.402355	-0.355648	-0.307926	-0.275969	-0.286867	-0.327345	-0.35882	
0.445401	0.290227	0.140952	0.00534496	-0.128106	-0.257458	-0.373338	-0.492388	-0.603916	-0.698712	-0.777212	-0.810589	-0.788148	-0.739747	-0.675731	-0.609519	-0.557281	-0.51545	-0.471384	-0.412998	-0.339357	-0.281553	-0.268702	-0.290587	-0.314807	
0.505193	0.332502	0.161213	0.0145513	-0.1106	-0.220765	-0.313034	-0.414378	-0.515469	-0.609797	-0.692323	-0.745331	-0.757528	-0.747936	-0.715164	-0.675745	-0.642881	-0.612924	-0.565111	-0.488634	-0.393508	-0.31539	-0.276227	-0.270456	-0.284612	
0.587696	0.399885	0.214106	0.0587476	-0.0600082	-0.150151	-0.23085	-0.322329	-0.415449	-0.515268	-0.607281	-0.678503	-0.725267	-0.75017	-0.757015	-0.749754	-0.73557	-0.71431	-0.667349	-0.588376	-0.483892	-0.385851	-0.326456	-0.298025	-0.287781	
0.680411	0.486114	0.290603	0.131884	0.0227127	-0.0502017	-0.123477	-0.208529	-0.301487	-0.408903	-0.513459	-0.609065	-0.68852	-0.745475	-0.784802	-0.806788	-0.814015	-0.801074	-0.759791	-0.692198	-0.593189	-0.48685	-0.408495	-0.352152	-0.315755	
0.768869	0.575223	0.38575	0.232273	0.134004	0.0708547	0.00354597	-0.0761081	-0.173827	-0.283331	-0.397806	-0.506552	-0.612935	-0.707504	-0.77984	-0.825989	-0.858151	-0.863066	-0.830148	-0.767733	-0.680351	-0.577613	-0.483956	-0.407871	-0.356835	
0.83934	0.651614	0.476844	0.338925	0.252358	0.196145	0.140205	0.0686246	-0.0223032	-0.131575	-0.251047	-0.369212	-0.494919	-0.618897	-0.728998	-0.809057	-0.857409	-0.881068	-0.870667	-0.818223	-0.737414	-0.638158	-0.536414	-0.449281	-0.388029	
0.874439	0.69639	0.538558	0.425007	0.350816	0.303146	0.269877	0.215267	0.140907	0.0460905	-0.0691121	-0.19403	-0.335347	-0.484284	-0.631939	-0.747612	-0.820581	-0.861664	-0.87237	-0.836982	-0.76546	-0.669945	-0.575696	-0.489034	-0.426128	
0.856039	0.693891	0.555299	0.465663	0.410087	0.379921	0.375023	0.358241	0.309765	0.234813	0.14001	0.0142197	-0.14116	-0.316923	-0.494634	-0.641821	-0.749713	-0.817012	-0.84211	-0.826965	-0.775665	-0.694214	-0.615877	-0.545512	-0.495895	
0.778648	0.631081	0.515551	0.451518	0.425625	0.426648	0.457939	0.484842	0.473777	0.422601	0.342958	0.227607	0.0712303	-0.124933	-0.327803	-0.499361	-0.637929	-0.738678	-0.792107	-0.802206	-0.774394	-0.721173	-0.667453	-0.624467	-0.592879	
0.656373	0.538405	0.450961	0.417089	0.426024	0.466993	0.534161	0.596221	0.623493	0.602319	0.538896	0.437561	0.291073	0.0902389	-0.127	-0.320242	-0.485883	-0.622342	-0.716606	-0.759554	-0.760065	-0.745712	-0.723981	-0.704012	-0.69042	
0.516917	0.438771	0.391711	0.392217	0.435093	0.511011	0.605549	0.687249	0.737055	0.742922	0.703469	0.620472	0.491239	0.303463	0.0838696	-0.1284	-0.323631	-0.490318	-0.615721	-0.694532	-0.730142	-0.748981	-0.765841	-0.775962	-0.782198	
0.383806	0.343823	0.33771	0.372429	0.4419	0.545851	0.654789	0.75053	0.81548	0.837435	0.816764	0.753208	0.636906	0.466229	0.257013	0.0401338	-0.169532	-0.355188	-0.500942	-0.611142	-0.679407	-0.731753	-0.788078	-0.829499	-0.846604	
0.254968	0.249493	0.275197	0.34178	0.43948	0.557914	0.677377	0.777887	0.850073	0.884857	0.877233	0.829626	0.730205	0.577543	0.383201	0.178252	-0.0346972	-0.231144	-0.388431	-0.51257	-0.605701	-0.684703	-0.767354	-0.833535	-0.868483	
