-0.80454	-0.846485	-0.842533	-0.786984	-0.677579	-0.546227	-0.407576	-0.267502	-0.14026	-0.0373407	0.0280781	0.0478522	0.031212	-0.0193297	-0.0984797	-0.179199	-0.237754	-0.272271	-0.281951	-0.262431	-0.239505	-0.223849	-0.215479	-0.220501	-0.23941	
-0.846485	-0.834384	-0.784072	-0.691439	-0.562738	-0.418174	-0.275218	-0.13514	-0.00888214	0.0825746	0.127397	0.12562	0.091955	0.0251689	-0.067932	-0.163598	-0.230872	-0.265161	-0.26648	-0.247271	-0.218307	-0.197191	-0.185182	-0.185169	-0.186708	
-0.842533	-0.784072	-0.690389	-0.570845	-0.433294	-0.284857	-0.142124	0.00310982	0.124988	0.204388	0.234864	0.214182	0.160683	0.0814443	-0.021687	-0.124685	-0.199145	-0.235412	-0.239124	-0.222436	-0.192623	-0.161708	-0.142747	-0.129211	-0.107967	
-0.786984	-0.691439	-0.570845	-0.439724	-0.298431	-0.149687	-0.00653942	0.13545	0.251828	0.325077	0.340492	0.302789	0.235871	0.142491	0.0311517	-0.0751539	-0.150203	-0.192255	-0.207519	-0.195211	-0.173495	-0.139441	-0.10695	-0.0694151	-0.0194911	
-0.677579	-0.562738	-0.433294	-0.298431	-0.156091	-0.0150058	0.124697	0.257952	0.36776	0.427038	0.425754	0.380081	0.300442	0.192999	0.0773496	-0.025135	-0.0984008	-0.142306	-0.162447	-0.162585	-0.150316	-0.120703	-0.0723957	-0.00793224	0.0619457	
-0.546227	-0.418174	-0.284857	-0.149687	-0.0150058	0.114445	0.246221	0.367219	0.460895	0.50285	0.491236	0.439645	0.350133	0.237927	0.120054	0.0189272	-0.0549269	-0.0991996	-0.119899	-0.130943	-0.12578	-0.0998307	-0.0440519	0.0348409	0.117244	
-0.407576	-0.275218	-0.142124	-0.00653942	0.124697	0.246221	0.357566	0.454726	0.521714	0.552516	0.543785	0.490236	0.393466	0.274758	0.153096	0.0456655	-0.0301722	-0.0738496	-0.0999203	-0.117232	-0.115696	-0.0908198	-0.0341763	0.0480823	0.139119	
-0.267502	-0.13514	0.00310982	0.13545	0.257952	0.367219	0.454726	0.519307	0.559284	0.583888	0.57726	0.517793	0.416373	0.294817	0.166881	0.0503693	-0.0281094	-0.0721904	-0.101964	-0.120026	-0.117335	-0.0920634	-0.0396349	0.0446864	0.144641	
-0.14026	-0.00888214	0.124988	0.251828	0.36776	0.460895	0.521714	0.559284	0.583217	0.598511	0.587372	0.530627	0.433545	0.306973	0.163585	0.0337591	-0.0532235	-0.101721	-0.123829	-0.130462	-0.122631	-0.0963315	-0.0453913	0.0449462	0.157231	
-0.0373407	0.0825746	0.204388	0.325077	0.427038	0.50285	0.552516	0.583888	0.598511	0.596089	0.571442	0.511429	0.416295	0.283271	0.130868	-0.00680222	-0.106235	-0.15398	-0.160994	-0.149684	-0.128895	-0.0968669	-0.0391926	0.0572466	0.176789	
0.0280781	0.127397	0.234864	0.340492	0.425754	0.491236	0.543785	0.57726	0.587372	0.571442	0.527096	0.454785	0.351952	0.218656	0.0654018	-0.0698891	-0.167326	-0.205959	-0.193922	-0.159714	-0.11871	-0.0709753	-0.0029192	0.0897687	0.200015	
0.0478522	0.12562	0.214182	0.302789	0.380081	0.439645	0.490236	0.517793	0.530627	0.511429	0.454785	0.365941	0.255465	0.119748	-0.0265073	-0.149008	-0.225471	-0.24129	-0.207711	-0.149779	-0.0812089	-0.00883792	0.06772	0.144719	0.237895	
0.031212	0.091955	0.160683	0.235871	0.300442	0.350133	0.393466	0.416373	0.433545	0.416295	0.351952	0.255465	0.138961	0.00632666	-0.127921	-0.225457	-0.267821	-0.251748	-0.189808	-0.108643	-0.0136741	0.0748963	0.150146	0.216134	0.293181	
-0.0193297	0.0251689	0.0814443	0.142491	0.192999	0.237927	0.274758	0.294817	0.306973	0.283271	0.218656	0.119748	0.00632666	-0.106634	-0.205152	-0.265081	-0.268135	-0.22389	-0.142734	-0.0387518	0.0682771	0.157138	0.232585	0.29422	0.353898	
-0.0984797	-0.067932	-0.021687	0.0311517	0.0773496	0.120054	0.153096	0.166881	0.163585	0.130868	0.0654018	-0.0265073	-0.127921	-0.205152	-0.25301	-0.260703	-0.228151	-0.159018	-0.0584948	0.0517727	0.14748	0.229327	0.298078	0.352492	0.395629	
-0.179199	-0.163598	-0.124685	-0.0751539	-0.025135	0.0189272	0.0456655	0.0503693	0.0337591	-0.00680222	-0.0698891	-0.149008	-0.225457	-0.265081	-0.260703	-0.225486	-0.158245	-0.065506	0.0385581	0.135265	0.214774	0.282528	0.337726	0.381227	0.406333	
-0.237754	-0.230872	-0.199145	-0.150203	-0.0984008	-0.0549269	-0.0301722	-0.0281094	-0.0532235	-0.106235	-0.167326	-0.225471	-0.267821	-0.268135	-0.228151	-0.158245	-0.0681986	0.0317435	0.123749	0.198199	0.26087	0.308799	0.346674	0.374026	0.383816	
-0.272271	-0.265161	-0.235412	-0.192255	-0.142306	-0.0991996	-0.0738496	-0.0721904	-0.101721	-0.15398	-0.205959	-0.24129	-0.251748	-0.22389	-0.159018	-0.065506	0.0317435	0.125753	0.201929	0.256235	0.292946	0.306678	0.313423	0.325574	0.326651	
-0.281951	-0.26648	-0.239124	-0.207519	-0.162447	-0.119899	-0.0999203	-0.101964	-0.123829	-0.160994	-0.193922	-0.207711	-0.189808	-0.142734	-0.0584948	0.0385581	0.123749	0.201929	0.266671	0.30274	0.308475	0.281342	0.251246	0.236278	0.21773	
-0.262431	-0.247271	-0.222436	-0.195211	-0.162585	-0.130943	-0.117232	-0.120026	-0.130462	-0.149684	-0.159714	-0.149779	-0.108643	-0.0387518	0.0517727	0.135265	0.198199	0.256235	0.30274	0.314286	0.288479	0.227092	0.162495	0.110527	0.0575886	
-0.239505	-0.218307	-0.192623	-0.173495	-0.150316	-0.12578	-0.115696	-0.117335	-0.122631	-0.128895	-0.11871	-0.0812089	-0.0136741	0.0682771	0.14748	0.214774	0.26087	0.292946	0.308475	0.288479	0.230415	0.146889	0.0552961	-0.0323498	-0.113793	
-0.223849	-0.197191	-0.161708	-0.139441	-0.120703	-0.0998307	-0.0908198	-0.0920634	-0.0963315	-0.0968669	-0.0709753	-0.00883792	0.0748963	0.157138	0.229327	0.282528	0.308799	0.306678	0.281342	0.227092	0.146889	0.0488914	-0.0650721	-0.177449	-0.278693	
-0.215479	-0.185182	-0.142747	-0.10695	-0.0723957	-0.0440519	-0.0341763	-0.0396349	-0.0453913	-0.0391926	-0.0029192	0.06772	0.150146	0.232585	0.298078	0.337726	0.346674	0.313423	0.251246	0.162495	0.0552961	-0.0650721	-0.196187	-0.321461	-0.436154	
-0.220501	-0.185169	-0.129211	-0.0694151	-0.00793224	0.0348409	0.0480823	0.0446864	0.0449462	0.0572466	0.0897687	0.144719	0.216134	0.29422	0.352492	0.381227	0.374026	0.325574	0.236278	0.110527	-0.0323498	-0.177449	-0.321461	-0.456558	-0.581573	
-0.23941	-0.186708	-0.107967	-0.0194911	0.0619457	0.117244	0.139119	0.144641	0.157231	0.176789	0.200015	0.237895	0.293181	0.353898	0.395629	0.406333	0.383816	0.326651	0.21773	0.0575886	-0.113793	-0.278693	-0.436154	-0.581573	-0.713798	
-0.261779	-0.191417	-0.0849343	0.0298575	0.131292	0.199977	0.232856	0.251129	0.268886	0.288193	0.30984	0.333913	0.369614	0.402739	0.41911	0.407317	0.373761	0.308052	0.183027	0.00776647	-0.176272	-0.358247	-0.529223	-0.684709	-0.81993	
-0.292981	-0.20152	-0.0708827	0.0717889	0.186836	0.265743	0.313263	0.339303	0.358942	0.374753	0.390664	0.407183	0.424984	0.432249	0.423153	0.397874	0.348012	0.268872	0.134828	-0.0432867	-0.23175	-0.4228	-0.605853	-0.7676	-0.894376	
-0.330283	-0.221116	-0.0675458	0.093335	0.22247	0.31204	0.368114	0.398636	0.415755	0.423715	0.428541	0.433822	0.440468	0.434156	0.40999	0.372216	0.310832	0.215693	0.0732648	-0.102273	-0.291122	-0.485526	-0.670034	-0.829466	-0.946008	
-0.354075	-0.241917	-0.0838088	0.0884123	0.231088	0.333434	0.399749	0.432843	0.446117	0.443479	0.43588	0.431469	0.428158	0.41709	0.388264	0.341013	0.274329	0.169237	0.0220088	-0.155967	-0.349374	-0.544198	-0.725099	-0.877136	-0.973803	
-0.366112	-0.254375	-0.100028	0.0736729	0.228289	0.342096	0.414071	0.444428	0.453581	0.447133	0.429388	0.416328	0.406707	0.39838	0.368008	0.321008	0.25165	0.138618	-0.0153495	-0.195428	-0.391164	-0.582664	-0.757973	-0.902556	-0.986374	
-0.369179	-0.255397	-0.102088	0.0702699	0.226352	0.342925	0.416771	0.446004	0.454032	0.446628	0.426956	0.411706	0.402688	0.394473	0.363794	0.31788	0.247067	0.131882	-0.0220771	-0.202927	-0.399731	-0.589419	-0.763046	-0.907558	-0.988326	
-0.359375	-0.248969	-0.0924126	0.0823989	0.230704	0.338102	0.40693	0.439405	0.45101	0.446268	0.434326	0.426078	0.419186	0.408489	0.379167	0.330978	0.263138	0.154749	0.00448812	-0.174604	-0.368699	-0.563326	-0.742016	-0.889595	-0.980438	
-0.342466	-0.22944	-0.0711932	0.0944056	0.228657	0.322768	0.383174	0.415929	0.430378	0.43432	0.433826	0.435353	0.43796	0.428895	0.401762	0.359825	0.295551	0.195448	0.0511947	-0.124726	-0.315222	-0.509513	-0.693279	-0.850408	-0.959464	
-0.307888	-0.208816	-0.0676297	0.0834392	0.204128	0.28682	0.338085	0.366619	0.385727	0.398612	0.410823	0.422797	0.4355	0.435519	0.419498	0.389565	0.333735	0.248258	0.110331	-0.0663651	-0.254524	-0.447862	-0.633245	-0.794983	-0.918186	
-0.272971	-0.193989	-0.0788571	0.0476387	0.154778	0.228926	0.268747	0.289125	0.308308	0.326948	0.347477	0.368719	0.396183	0.417879	0.42297	0.405197	0.365576	0.294668	0.16587	-0.0120164	-0.198881	-0.385424	-0.561461	-0.720324	-0.852834	
-0.247337	-0.187929	-0.0973974	0.000911308	0.0907968	0.150981	0.176626	0.188136	0.203406	0.222848	0.245554	0.276625	0.323947	0.374663	0.407858	0.40845	0.381516	0.321926	0.205452	0.0375683	-0.140765	-0.313064	-0.475985	-0.625593	-0.759997	
-0.22741	-0.185631	-0.122273	-0.0508958	0.0190175	0.0678254	0.0846523	0.0831165	0.0887012	0.104285	0.132052	0.181126	0.24602	0.318739	0.371039	0.394451	0.380979	0.328536	0.230946	0.0897215	-0.0670968	-0.220334	-0.369398	-0.508369	-0.636058	
-0.215523	-0.184424	-0.137184	-0.0924492	-0.0475373	-0.014185	-0.00380529	-0.00889391	-0.0133305	-0.00548384	0.0314309	0.0972615	0.176508	0.258266	0.321186	0.356121	0.358771	0.31752	0.243293	0.140726	0.0204609	-0.110734	-0.247479	-0.3768	-0.496315	
-0.219007	-0.190605	-0.153263	-0.126408	-0.104024	-0.0811666	-0.0720269	-0.0753149	-0.0804513	-0.0780746	-0.0467041	0.0219556	0.107065	0.188861	0.258889	0.306358	0.325234	0.309214	0.268092	0.199537	0.109868	0.00434174	-0.117313	-0.235865	-0.34231	
-0.232655	-0.209111	-0.179136	-0.161381	-0.140346	-0.118005	-0.109312	-0.109648	-0.11452	-0.117631	-0.101198	-0.0532415	0.0226165	0.106225	0.181405	0.242953	0.281421	0.300618	0.300875	0.267651	0.19956	0.109917	0.00895169	-0.0896747	-0.181	
-0.252702	-0.235498	-0.211481	-0.187057	-0.159434	-0.131539	-0.118949	-0.12175	-0.129514	-0.142491	-0.143345	-0.123155	-0.0708573	0.00534308	0.0926556	0.169613	0.224284	0.273126	0.309153	0.307861	0.268507	0.197145	0.121182	0.0538676	-0.0113495	
-0.276649	-0.26104	-0.234807	-0.204571	-0.163655	-0.124881	-0.108365	-0.111144	-0.127747	-0.157837	-0.181796	-0.186853	-0.15961	-0.103153	-0.01422	0.079061	0.155627	0.225929	0.284311	0.312387	0.306055	0.263235	0.218527	0.189676	0.157872	
-0.279646	-0.268632	-0.239933	-0.202555	-0.153455	-0.109674	-0.0854769	-0.0847839	-0.113079	-0.160755	-0.205782	-0.23197	-0.23071	-0.195032	-0.121551	-0.0239633	0.0709791	0.159442	0.231118	0.278186	0.302005	0.299661	0.291235	0.294051	0.290302	
-0.254048	-0.249248	-0.218253	-0.170039	-0.118881	-0.0757644	-0.0507546	-0.0492823	-0.0763867	-0.131148	-0.190484	-0.239429	-0.268366	-0.255563	-0.204828	-0.123614	-0.0287239	0.0698367	0.155079	0.221205	0.275356	0.310861	0.33812	0.360163	0.365553	
-0.205995	-0.194202	-0.15897	-0.109734	-0.059061	-0.0142927	0.0115587	0.0144795	-0.0067821	-0.0525848	-0.114039	-0.185587	-0.249152	-0.272574	-0.252178	-0.202656	-0.124426	-0.0264042	0.0749467	0.162594	0.235253	0.296122	0.3458	0.382719	0.401353	
-0.131797	-0.108255	-0.0649652	-0.0137411	0.0343119	0.077101	0.10701	0.116882	0.107968	0.0722909	0.00752083	-0.0800741	-0.173537	-0.236256	-0.26082	-0.250175	-0.202748	-0.123436	-0.0197457	0.0872802	0.176789	0.253393	0.317251	0.368334	0.404029	
-0.0487467	-0.0096453	0.0428584	0.0985094	0.145511	0.189907	0.226083	0.243992	0.250061	0.22269	0.157425	0.0606479	-0.0488337	-0.148547	-0.229044	-0.267722	-0.25632	-0.202657	-0.112446	-0.00376151	0.100553	0.187797	0.261707	0.320483	0.373792	
0.014676	0.0689072	0.131623	0.201649	0.260448	0.306757	0.346822	0.369343	0.386235	0.367718	0.302668	0.203946	0.0881218	-0.0393866	-0.162245	-0.247287	-0.27375	-0.244655	-0.175496	-0.0838232	0.0187706	0.108224	0.183225	0.247983	0.318265	
0.0451432	0.115915	0.196058	0.279684	0.352017	0.408246	0.45591	0.480746	0.496094	0.477858	0.416846	0.324261	0.210632	0.0751544	-0.0679848	-0.181275	-0.245694	-0.24917	-0.204347	-0.137217	-0.0576883	0.0237566	0.101056	0.171748	0.258283	
0.0414776	0.131157	0.231987	0.329727	0.411866	0.475089	0.528079	0.560125	0.570389	0.551904	0.501556	0.422279	0.316449	0.182254	0.0317823	-0.100615	-0.191044	-0.22261	-0.202709	-0.15847	-0.106854	-0.050087	0.0219559	0.109251	0.212352	
