0.544208	0.561012	0.528363	0.450649	0.337171	0.203292	0.0612038	-0.0614027	-0.145765	-0.200469	-0.225862	-0.226852	-0.200728	-0.158116	-0.104434	-0.0526756	-0.00536525	0.0398311	0.0826406	0.122783	0.153781	0.190433	0.234408	0.272313	0.300764	
0.561012	0.55348	0.496644	0.403876	0.28175	0.145697	0.0140287	-0.0933273	-0.164549	-0.196259	-0.204855	-0.199421	-0.172229	-0.119987	-0.0601768	-0.0109809	0.0281541	0.0665339	0.103939	0.138228	0.171493	0.208054	0.246314	0.277367	0.309318	
0.528363	0.496644	0.422903	0.322079	0.194387	0.0582005	-0.0640542	-0.154071	-0.204655	-0.204512	-0.184325	-0.164194	-0.127417	-0.0665961	-0.00202663	0.0437169	0.0726763	0.0976917	0.12369	0.151646	0.188819	0.222481	0.254706	0.282972	0.317363	
0.450649	0.403876	0.322079	0.214708	0.0921951	-0.0406185	-0.156547	-0.229597	-0.250186	-0.218954	-0.167305	-0.121883	-0.0664242	0.00258489	0.0712655	0.116549	0.136164	0.147665	0.161062	0.184686	0.21498	0.236607	0.254673	0.278035	0.307497	
0.337171	0.28175	0.194387	0.0921951	-0.0186522	-0.141235	-0.247467	-0.30123	-0.295791	-0.242798	-0.165706	-0.085687	-0.00224577	0.0830754	0.163781	0.212022	0.224638	0.22316	0.222917	0.230787	0.240799	0.241149	0.242882	0.263143	0.297112	
0.203292	0.145697	0.0582005	-0.0406185	-0.141235	-0.247826	-0.328978	-0.355768	-0.325123	-0.252232	-0.149512	-0.0366639	0.0768923	0.187337	0.282439	0.334522	0.339163	0.318994	0.295349	0.278184	0.2602	0.240817	0.233154	0.248737	0.289212	
0.0612038	0.0140287	-0.0640542	-0.156547	-0.247467	-0.328978	-0.382763	-0.385412	-0.328715	-0.226451	-0.0891313	0.0534672	0.190039	0.315026	0.419527	0.470698	0.466476	0.43082	0.380183	0.328248	0.27955	0.242442	0.217388	0.228233	0.270986	
-0.0614027	-0.0933273	-0.154071	-0.229597	-0.30123	-0.355768	-0.385412	-0.372604	-0.294236	-0.162836	0.00409004	0.169632	0.318398	0.452987	0.555298	0.603413	0.597327	0.5419	0.462491	0.375983	0.291394	0.227733	0.190241	0.192802	0.234122	
-0.145765	-0.164549	-0.204655	-0.250186	-0.295791	-0.325123	-0.328715	-0.294236	-0.204921	-0.0561662	0.125194	0.306557	0.46424	0.595783	0.687419	0.729631	0.710568	0.631448	0.522962	0.402451	0.281761	0.185842	0.13785	0.138145	0.181129	
-0.200469	-0.196259	-0.204512	-0.218954	-0.242798	-0.252232	-0.226451	-0.162836	-0.0561662	0.0993112	0.290545	0.478299	0.632458	0.746077	0.820047	0.844346	0.796839	0.685225	0.54793	0.395889	0.243541	0.122447	0.0632239	0.0636152	0.110065	
-0.225862	-0.204855	-0.184325	-0.167305	-0.165706	-0.149512	-0.0891313	0.00409004	0.125194	0.290545	0.484028	0.658273	0.792706	0.882907	0.932433	0.926258	0.847653	0.702438	0.531344	0.34932	0.172641	0.0390455	-0.0252368	-0.0205786	0.0375291	
-0.226852	-0.199421	-0.164194	-0.121883	-0.085687	-0.0366639	0.0534672	0.169632	0.306557	0.478299	0.658273	0.810419	0.919121	0.986918	1.00247	0.957763	0.844248	0.672255	0.46666	0.257482	0.0736032	-0.0584605	-0.114207	-0.094346	-0.00894017	
-0.200728	-0.172229	-0.127417	-0.0664242	-0.00224577	0.0768923	0.190039	0.318398	0.46424	0.632458	0.792706	0.919121	1.00766	1.04442	1.01628	0.928531	0.782717	0.58772	0.361555	0.138826	-0.0468407	-0.168828	-0.207999	-0.15454	-0.0321251	
-0.158116	-0.119987	-0.0665961	0.00258489	0.0830754	0.187337	0.315026	0.452987	0.595783	0.746077	0.882907	0.986918	1.04442	1.04824	0.978708	0.846334	0.66237	0.444756	0.214311	-0.00177315	-0.178249	-0.284542	-0.298031	-0.211995	-0.0564312	
-0.104434	-0.0601768	-0.00202663	0.0712655	0.163781	0.282439	0.419527	0.555298	0.687419	0.820047	0.932433	1.00247	1.01628	0.978708	0.868188	0.693637	0.474402	0.241753	0.0220816	-0.173689	-0.326765	-0.404317	-0.38711	-0.27424	-0.0976586	
-0.0526756	-0.0109809	0.0437169	0.116549	0.212022	0.334522	0.470698	0.603413	0.729631	0.844346	0.926258	0.957763	0.928531	0.846334	0.693637	0.486554	0.243869	0.00559799	-0.201933	-0.376679	-0.49503	-0.533065	-0.482223	-0.350789	-0.157146	
-0.00536525	0.0281541	0.0726763	0.136164	0.224638	0.339163	0.466476	0.597327	0.710568	0.796839	0.847653	0.844248	0.782717	0.66237	0.474402	0.243869	-0.00240396	-0.242118	-0.441155	-0.593516	-0.676998	-0.676721	-0.599925	-0.445295	-0.232232	
0.0398311	0.0665339	0.0976917	0.147665	0.22316	0.318994	0.43082	0.5419	0.631448	0.685225	0.702438	0.672255	0.58772	0.444756	0.241753	0.00559799	-0.242118	-0.479006	-0.670055	-0.800537	-0.856624	-0.833075	-0.731965	-0.553033	-0.31961	
0.0826406	0.103939	0.12369	0.161062	0.222917	0.295349	0.380183	0.462491	0.522962	0.54793	0.531344	0.46666	0.361555	0.214311	0.0220816	-0.201933	-0.441155	-0.670055	-0.850288	-0.969921	-1.01463	-0.976367	-0.854289	-0.657524	-0.414077	
0.122783	0.138228	0.151646	0.184686	0.230787	0.278184	0.328248	0.375983	0.402451	0.395889	0.34932	0.257482	0.138826	-0.00177315	-0.173689	-0.376679	-0.593516	-0.800537	-0.969921	-1.08122	-1.11873	-1.06606	-0.930968	-0.733859	-0.49645	
0.153781	0.171493	0.188819	0.21498	0.240799	0.2602	0.27955	0.291394	0.281761	0.243541	0.172641	0.0736032	-0.0468407	-0.178249	-0.326765	-0.49503	-0.676998	-0.856624	-1.01463	-1.11873	-1.14557	-1.08553	-0.950046	-0.761851	-0.531903	
0.190433	0.208054	0.222481	0.236607	0.241149	0.240817	0.242442	0.227733	0.185842	0.122447	0.0390455	-0.0584605	-0.168828	-0.284542	-0.404317	-0.533065	-0.676721	-0.833075	-0.976367	-1.06606	-1.08553	-1.03467	-0.911991	-0.733423	-0.506755	
0.234408	0.246314	0.254706	0.254673	0.242882	0.233154	0.217388	0.190241	0.13785	0.0632239	-0.0252368	-0.114207	-0.207999	-0.298031	-0.38711	-0.482223	-0.599925	-0.731965	-0.854289	-0.930968	-0.950046	-0.911991	-0.809351	-0.64223	-0.417375	
0.272313	0.277367	0.282972	0.278035	0.263143	0.248737	0.228233	0.192802	0.138145	0.0636152	-0.0205786	-0.094346	-0.15454	-0.211995	-0.27424	-0.350789	-0.445295	-0.553033	-0.657524	-0.733859	-0.761851	-0.733423	-0.64223	-0.483304	-0.271226	
0.300764	0.309318	0.317363	0.307497	0.297112	0.289212	0.270986	0.234122	0.181129	0.110065	0.0375291	-0.00894017	-0.0321251	-0.0564312	-0.0976586	-0.157146	-0.232232	-0.31961	-0.414077	-0.49645	-0.531903	-0.506755	-0.417375	-0.271226	-0.0758753	
0.323718	0.341287	0.35535	0.352152	0.351899	0.356644	0.340775	0.301029	0.245045	0.182399	0.136721	0.121321	0.132283	0.133179	0.116268	0.0777267	0.0196199	-0.0557491	-0.145876	-0.233368	-0.277831	-0.25712	-0.180474	-0.0405729	0.145964	
0.344042	0.375109	0.402661	0.411214	0.424288	0.434256	0.418742	0.373722	0.322141	0.27681	0.259648	0.277005	0.312443	0.338822	0.350463	0.336363	0.290963	0.217624	0.123339	0.0313363	-0.0240503	-0.0221581	0.0421252	0.17177	0.353406	
0.36418	0.403922	0.44048	0.464981	0.491175	0.504303	0.487999	0.445882	0.402273	0.376808	0.38553	0.428315	0.486242	0.534489	0.570773	0.573784	0.53895	0.46704	0.366669	0.263813	0.192308	0.175256	0.22506	0.343851	0.520628	
0.385055	0.425261	0.464285	0.5022	0.536395	0.552028	0.53297	0.497757	0.470741	0.464559	0.492817	0.554915	0.628412	0.694878	0.744847	0.759391	0.734225	0.669751	0.562237	0.442563	0.350585	0.319489	0.358926	0.464025	0.634793	
0.399121	0.435132	0.471231	0.51524	0.556949	0.573366	0.554917	0.526863	0.512579	0.52114	0.558157	0.629951	0.711436	0.787269	0.844525	0.862904	0.845422	0.789033	0.677829	0.545478	0.440808	0.400732	0.437194	0.531666	0.693478	
0.402357	0.436681	0.471384	0.516675	0.560087	0.575987	0.558827	0.531541	0.519267	0.530906	0.570418	0.642441	0.725465	0.803	0.86091	0.878512	0.864239	0.808473	0.697222	0.563339	0.456437	0.414296	0.451211	0.543768	0.702253	
0.391495	0.430423	0.468971	0.510257	0.547237	0.563852	0.543585	0.512126	0.491473	0.492121	0.524868	0.592529	0.669787	0.741093	0.794808	0.812305	0.789919	0.729203	0.619911	0.493283	0.394892	0.360092	0.397208	0.497553	0.665435	
0.372919	0.413762	0.452107	0.48259	0.512506	0.526425	0.509804	0.469979	0.431767	0.414122	0.431836	0.483255	0.548207	0.604912	0.647539	0.655702	0.625189	0.555711	0.451965	0.343107	0.263756	0.239767	0.284817	0.398424	0.572372	
0.351276	0.387242	0.419793	0.434398	0.45272	0.46408	0.447612	0.403411	0.354848	0.317445	0.310854	0.339423	0.383489	0.419346	0.441938	0.435807	0.39468	0.321176	0.224897	0.129217	0.0686381	0.0625298	0.120984	0.246207	0.426601	
0.332659	0.354451	0.373183	0.374778	0.379797	0.387873	0.372324	0.329518	0.274386	0.218297	0.184612	0.182119	0.204102	0.215575	0.209897	0.180998	0.128358	0.0544856	-0.0363678	-0.125293	-0.174567	-0.159534	-0.0885277	0.0482165	0.232451	
0.310684	0.322387	0.332133	0.322819	0.316346	0.313461	0.296519	0.258646	0.205089	0.136458	0.0726041	0.0388692	0.0289084	0.0161626	-0.0160581	-0.0680457	-0.136065	-0.216774	-0.309083	-0.393457	-0.432002	-0.408025	-0.321453	-0.178694	0.0117173	
0.284529	0.289655	0.296133	0.289106	0.274958	0.261986	0.242073	0.205472	0.150958	0.0774126	-0.00310913	-0.0668826	-0.111545	-0.155993	-0.209465	-0.279406	-0.365437	-0.46456	-0.563846	-0.642572	-0.674547	-0.647358	-0.557638	-0.403531	-0.198094	
0.2511	0.259689	0.266599	0.263466	0.248229	0.235625	0.217426	0.186036	0.132959	0.0569563	-0.0309972	-0.114333	-0.196878	-0.274186	-0.352075	-0.438339	-0.545905	-0.669052	-0.783741	-0.85794	-0.880006	-0.846471	-0.75009	-0.586541	-0.365823	
0.206938	0.223052	0.23502	0.243106	0.240628	0.235788	0.229614	0.209099	0.160231	0.0905124	0.00387935	-0.0902324	-0.195649	-0.302538	-0.409897	-0.523369	-0.655739	-0.802245	-0.937591	-1.0212	-1.03929	-0.993684	-0.87928	-0.704802	-0.477765	
0.167129	0.185829	0.203642	0.225332	0.241928	0.252218	0.26386	0.262736	0.238641	0.189059	0.11229	0.0127757	-0.104556	-0.230234	-0.368275	-0.521023	-0.686062	-0.856724	-1.00894	-1.10809	-1.13187	-1.07396	-0.941831	-0.757401	-0.530076	
0.135054	0.150948	0.165482	0.196631	0.23463	0.271433	0.307864	0.341305	0.353255	0.333548	0.275835	0.179812	0.0582104	-0.0789148	-0.241722	-0.432218	-0.636807	-0.832567	-0.997332	-1.10656	-1.14013	-1.08217	-0.945575	-0.751275	-0.517086	
0.0999779	0.118564	0.13512	0.169546	0.225772	0.28782	0.359081	0.428266	0.475388	0.48835	0.459882	0.382218	0.269808	0.125058	-0.0601589	-0.276245	-0.507954	-0.729886	-0.906461	-1.02209	-1.06411	-1.0205	-0.891564	-0.69285	-0.450766	
0.0570181	0.081261	0.107539	0.152032	0.221802	0.309401	0.411659	0.512157	0.590193	0.631712	0.635059	0.592462	0.499505	0.352287	0.151665	-0.0814773	-0.327337	-0.562476	-0.749353	-0.874554	-0.923791	-0.894016	-0.784428	-0.596723	-0.356844	
0.0128393	0.0434549	0.0832145	0.140911	0.224242	0.332222	0.455175	0.579759	0.68468	0.75809	0.795479	0.781388	0.709992	0.57839	0.38041	0.145593	-0.101333	-0.339761	-0.536179	-0.678416	-0.750204	-0.738825	-0.65183	-0.487348	-0.265665	
-0.0334432	0.00554378	0.056608	0.126881	0.220406	0.340635	0.474389	0.607972	0.73002	0.834188	0.903862	0.920564	0.876674	0.778579	0.610822	0.391906	0.146148	-0.092778	-0.296772	-0.463189	-0.566809	-0.588929	-0.526276	-0.386023	-0.185418	
-0.0830656	-0.0397853	0.0189411	0.0931205	0.188086	0.310097	0.447822	0.581012	0.71061	0.837101	0.937851	0.991873	0.98825	0.931799	0.80493	0.616473	0.385354	0.149416	-0.0642227	-0.251614	-0.392201	-0.453986	-0.423627	-0.302958	-0.119636	
-0.136994	-0.0944247	-0.0399372	0.03147	0.117411	0.228465	0.361404	0.499378	0.638195	0.780522	0.907681	1.00006	1.04051	1.02938	0.943738	0.793548	0.594642	0.369614	0.142064	-0.0665101	-0.235032	-0.331931	-0.33327	-0.235798	-0.0707932	
-0.185578	-0.154128	-0.105516	-0.040446	0.031347	0.122068	0.240988	0.374674	0.520456	0.682627	0.834114	0.951683	1.03032	1.05427	1.0084	0.903045	0.742686	0.538322	0.30882	0.0857308	-0.0984559	-0.214711	-0.24515	-0.177184	-0.0401169	
-0.219283	-0.191663	-0.151817	-0.101748	-0.0531506	0.00887888	0.10956	0.230644	0.373084	0.544594	0.716786	0.858158	0.959316	1.01563	1.01386	0.952039	0.825848	0.644465	0.428964	0.212377	0.0272179	-0.101318	-0.15108	-0.118852	-0.0199509	
-0.229989	-0.204977	-0.177102	-0.148286	-0.133247	-0.104879	-0.0321726	0.0722557	0.199013	0.36842	0.558125	0.724296	0.847638	0.929377	0.96689	0.94629	0.853501	0.697242	0.511331	0.317224	0.136198	0.00152982	-0.0607733	-0.0522296	0.0155273	
