-0.0204275	-0.0567602	-0.0855033	-0.0928299	-0.0896614	-0.0872621	-0.0932876	-0.0900765	-0.0703269	-0.035074	0.00216403	0.0339253	0.0647422	0.116203	0.190723	0.260839	0.31294	0.361328	0.407135	0.430434	0.429138	0.420244	0.41248	0.397812	0.349104	
0.0298027	-0.0106577	-0.0455148	-0.0646714	-0.0672458	-0.0663418	-0.0679458	-0.0550144	-0.0255911	0.0133607	0.0557886	0.10249	0.147338	0.206717	0.285223	0.35943	0.402587	0.430285	0.450279	0.45219	0.431745	0.401397	0.366092	0.317381	0.242041	
0.0788666	0.0384973	-0.00212961	-0.0337709	-0.0460009	-0.0467584	-0.0414813	-0.0164411	0.0222506	0.0623275	0.107423	0.167541	0.227793	0.289721	0.3592	0.422474	0.449287	0.448997	0.435973	0.412829	0.373837	0.324999	0.264617	0.187571	0.0908594	
0.146977	0.107023	0.0635207	0.0220211	-0.000833796	-0.00338407	0.00976262	0.0459394	0.0900612	0.130625	0.176813	0.244564	0.31216	0.369377	0.417433	0.453884	0.453542	0.422331	0.375458	0.327813	0.271602	0.207188	0.126943	0.0297423	-0.0827316	
0.24587	0.205692	0.163865	0.118562	0.0886649	0.0837598	0.104121	0.145212	0.189667	0.228914	0.276444	0.34071	0.401082	0.441539	0.461519	0.458406	0.423083	0.360395	0.288742	0.220734	0.151968	0.0723448	-0.0212879	-0.132012	-0.254626	
0.356051	0.317904	0.282553	0.243365	0.212399	0.20712	0.228872	0.267319	0.30373	0.339849	0.384279	0.434386	0.467865	0.480255	0.467372	0.425202	0.352009	0.26592	0.18115	0.106178	0.0294663	-0.0601887	-0.163308	-0.277349	-0.403177	
0.462216	0.431995	0.410655	0.385949	0.363964	0.359319	0.376032	0.401376	0.423105	0.448866	0.482392	0.50595	0.499422	0.471932	0.426818	0.352766	0.252739	0.151814	0.0669364	-0.00652876	-0.0842622	-0.181721	-0.291762	-0.406011	-0.524477	
0.545844	0.537485	0.537594	0.535783	0.530985	0.529222	0.533925	0.537351	0.537415	0.541593	0.55007	0.536104	0.483945	0.411462	0.334004	0.24003	0.129015	0.0250168	-0.0567651	-0.125913	-0.204157	-0.303558	-0.418315	-0.531791	-0.6367	
0.599421	0.627665	0.658202	0.684016	0.700464	0.703209	0.691834	0.66929	0.640028	0.61116	0.577774	0.520029	0.424708	0.31259	0.20494	0.10105	-0.0045481	-0.102377	-0.181759	-0.252559	-0.33174	-0.429304	-0.537549	-0.646088	-0.736353	
0.6248	0.700841	0.768542	0.822596	0.858571	0.864499	0.840362	0.79124	0.729542	0.656337	0.573408	0.46866	0.341731	0.201563	0.0731052	-0.0358565	-0.126542	-0.212692	-0.292778	-0.369275	-0.450049	-0.540758	-0.63357	-0.723393	-0.796514	
0.628	0.753002	0.859997	0.939665	0.986785	0.994968	0.963291	0.895139	0.798291	0.680204	0.546477	0.401835	0.250473	0.0988831	-0.0413967	-0.151982	-0.23246	-0.307318	-0.390025	-0.472439	-0.549663	-0.628548	-0.702334	-0.766028	-0.811019	
0.609153	0.772654	0.913013	1.01038	1.06021	1.06736	1.03662	0.957182	0.832984	0.676062	0.506164	0.330271	0.164051	0.00820074	-0.129708	-0.242234	-0.319694	-0.390923	-0.471119	-0.55266	-0.619226	-0.678932	-0.733903	-0.774753	-0.788982	
0.574047	0.756071	0.91381	1.01806	1.06402	1.06962	1.04301	0.962626	0.824063	0.648257	0.460264	0.27002	0.0926019	-0.061787	-0.192683	-0.299849	-0.382652	-0.455425	-0.529609	-0.597847	-0.649564	-0.690823	-0.727201	-0.751586	-0.742556	
0.525354	0.702748	0.855088	0.954127	0.994998	0.999634	0.976672	0.901914	0.768755	0.597715	0.413863	0.223634	0.0453899	-0.108234	-0.229522	-0.329181	-0.411818	-0.491212	-0.558902	-0.610412	-0.645391	-0.675729	-0.700172	-0.70814	-0.681172	
0.456175	0.607339	0.733735	0.817399	0.855474	0.85998	0.838253	0.772544	0.662214	0.518627	0.356913	0.182557	0.0161309	-0.12897	-0.245359	-0.336286	-0.413643	-0.49221	-0.5618	-0.604746	-0.628289	-0.650016	-0.66608	-0.658394	-0.610293	
0.368335	0.479374	0.567641	0.632102	0.666622	0.672348	0.65009	0.596569	0.516946	0.415374	0.290445	0.14795	0.0109986	-0.113509	-0.223146	-0.313637	-0.383994	-0.457854	-0.530968	-0.584261	-0.608922	-0.622482	-0.625531	-0.601977	-0.538676	
0.262126	0.325316	0.376934	0.420416	0.448528	0.452801	0.43505	0.395043	0.346819	0.289081	0.21431	0.120886	0.0307215	-0.059268	-0.15608	-0.249037	-0.323064	-0.393156	-0.46992	-0.536621	-0.575301	-0.584742	-0.570483	-0.529964	-0.458203	
0.137491	0.153317	0.173106	0.196582	0.210308	0.212582	0.203561	0.18271	0.160022	0.144028	0.125574	0.0974819	0.0648751	0.0166218	-0.0599108	-0.151937	-0.234821	-0.313455	-0.392914	-0.466183	-0.513084	-0.526055	-0.503158	-0.45019	-0.373892	
-0.000307903	-0.030178	-0.0397312	-0.0404443	-0.0443214	-0.0465187	-0.0415221	-0.0406455	-0.0357627	-0.0144494	0.0243249	0.0626464	0.0898332	0.0816401	0.0288966	-0.0523486	-0.138846	-0.229034	-0.318675	-0.390943	-0.435275	-0.447757	-0.428775	-0.37699	-0.297288	
-0.13055	-0.202801	-0.249278	-0.278899	-0.301883	-0.306691	-0.289583	-0.262253	-0.224355	-0.162007	-0.0773347	0.0127307	0.0859958	0.114009	0.0866616	0.0250526	-0.0513017	-0.145607	-0.245494	-0.323483	-0.361394	-0.367835	-0.349745	-0.304686	-0.226391	
-0.227931	-0.339679	-0.430283	-0.494498	-0.534187	-0.541687	-0.513268	-0.459045	-0.378991	-0.274414	-0.156695	-0.0430946	0.0560507	0.113966	0.11815	0.0841236	0.0279795	-0.0557527	-0.157612	-0.24081	-0.280788	-0.279469	-0.254263	-0.206353	-0.129148	
-0.299505	-0.440804	-0.572262	-0.669314	-0.725636	-0.735095	-0.6967	-0.615557	-0.496746	-0.355548	-0.220987	-0.104442	-0.00027334	0.0800632	0.117688	0.116827	0.086534	0.0226598	-0.0635399	-0.139788	-0.176442	-0.171948	-0.136725	-0.0788262	0.00259408	
-0.377937	-0.530749	-0.683185	-0.802025	-0.873014	-0.885154	-0.836518	-0.735629	-0.594127	-0.437119	-0.297925	-0.18582	-0.0830793	0.0077789	0.0700977	0.100273	0.100892	0.0692557	0.0159675	-0.0292238	-0.0471254	-0.0328629	0.00558298	0.0686457	0.152598	
-0.476972	-0.620854	-0.76628	-0.886666	-0.963601	-0.977478	-0.923869	-0.818457	-0.680631	-0.532547	-0.400215	-0.288233	-0.184252	-0.0917713	-0.0227299	0.0283822	0.0663452	0.0836464	0.0841919	0.0862773	0.103878	0.134535	0.176427	0.233595	0.309382	
-0.57843	-0.69813	-0.814322	-0.911462	-0.977253	-0.989231	-0.943174	-0.855898	-0.74604	-0.625597	-0.508491	-0.397316	-0.290213	-0.200572	-0.134766	-0.0704755	0.00746036	0.0872556	0.153786	0.212166	0.266735	0.319012	0.365033	0.413771	0.467874	
-0.674586	-0.763675	-0.838592	-0.89392	-0.929482	-0.936128	-0.911013	-0.862928	-0.795911	-0.711193	-0.617492	-0.518262	-0.416461	-0.328538	-0.257919	-0.174047	-0.0549625	0.0833332	0.214568	0.327669	0.423387	0.499872	0.556613	0.596566	0.62314	
-0.763675	-0.816189	-0.847776	-0.854715	-0.854197	-0.853241	-0.85478	-0.852144	-0.832226	-0.786421	-0.725722	-0.653569	-0.567827	-0.476599	-0.382987	-0.26243	-0.102161	0.0806901	0.2581	0.420155	0.55926	0.669403	0.739201	0.770475	0.764978	
-0.838592	-0.847776	-0.835827	-0.804475	-0.777208	-0.771782	-0.791473	-0.824202	-0.846175	-0.84447	-0.826229	-0.789535	-0.720575	-0.619565	-0.491245	-0.32628	-0.125347	0.0886688	0.29655	0.492906	0.671669	0.813424	0.89833	0.920154	0.886891	
-0.89392	-0.854715	-0.804475	-0.750281	-0.715018	-0.708127	-0.733285	-0.781645	-0.836359	-0.879907	-0.908298	-0.903028	-0.842808	-0.72698	-0.56949	-0.369326	-0.137173	0.103381	0.332128	0.549613	0.747768	0.907595	1.00136	1.02184	0.97447	
-0.929482	-0.854197	-0.777208	-0.715018	-0.681646	-0.676423	-0.698313	-0.749762	-0.823054	-0.900934	-0.963384	-0.97802	-0.917655	-0.790091	-0.616	-0.399669	-0.148753	0.110144	0.355746	0.582176	0.785002	0.946586	1.04514	1.07002	1.02387	
-0.936128	-0.853241	-0.771782	-0.708127	-0.676423	-0.671123	-0.692399	-0.743098	-0.820058	-0.904038	-0.973679	-0.991285	-0.931022	-0.800406	-0.624479	-0.405257	-0.152265	0.111012	0.359108	0.587745	0.789585	0.95113	1.04973	1.07661	1.03146	
-0.911013	-0.85478	-0.791473	-0.733285	-0.698313	-0.692399	-0.716133	-0.766579	-0.830032	-0.890131	-0.934616	-0.939514	-0.879269	-0.758055	-0.591675	-0.383541	-0.141782	0.107059	0.344301	0.566232	0.767823	0.92907	1.02562	1.04762	0.999865	
-0.862928	-0.852144	-0.824202	-0.781645	-0.749762	-0.743098	-0.766579	-0.807075	-0.843708	-0.860256	-0.861647	-0.8383	-0.774449	-0.667137	-0.526316	-0.34493	-0.130789	0.094764	0.311095	0.517844	0.706479	0.857855	0.946857	0.96711	0.925923	
-0.795911	-0.832226	-0.846175	-0.836359	-0.823054	-0.820058	-0.830032	-0.843708	-0.841132	-0.812673	-0.767632	-0.709704	-0.630893	-0.536996	-0.429412	-0.291264	-0.11359	0.0822809	0.273645	0.450873	0.607898	0.731757	0.808011	0.834875	0.817148	
-0.711193	-0.786421	-0.84447	-0.879907	-0.900934	-0.904038	-0.890131	-0.860256	-0.812673	-0.742536	-0.661064	-0.57049	-0.474964	-0.386193	-0.309067	-0.211609	-0.0765094	0.0817169	0.23303	0.367116	0.479927	0.569272	0.63088	0.667568	0.681731	
-0.617492	-0.725722	-0.826229	-0.908298	-0.963384	-0.973679	-0.934616	-0.861647	-0.767632	-0.661064	-0.551632	-0.443666	-0.33702	-0.248989	-0.182573	-0.112308	-0.0175408	0.0864809	0.180437	0.261018	0.331622	0.392624	0.442344	0.487917	0.531712	
-0.518262	-0.653569	-0.789535	-0.903028	-0.97802	-0.991285	-0.939514	-0.8383	-0.709704	-0.57049	-0.443666	-0.330713	-0.225709	-0.133553	-0.0661482	-0.00916694	0.043879	0.0857618	0.111816	0.136257	0.168326	0.206953	0.250228	0.304182	0.372688	
-0.416461	-0.567827	-0.720575	-0.842808	-0.917655	-0.931022	-0.879269	-0.774449	-0.630893	-0.474964	-0.33702	-0.225709	-0.122405	-0.0302222	0.0370778	0.0763696	0.0914117	0.0773249	0.0438233	0.01621	0.0112093	0.0312931	0.0708063	0.132592	0.21485	
-0.328538	-0.476599	-0.619565	-0.72698	-0.790091	-0.800406	-0.758055	-0.667137	-0.536996	-0.386193	-0.248989	-0.133553	-0.0302222	0.0562029	0.104743	0.117282	0.0983383	0.045964	-0.0294553	-0.0961009	-0.127455	-0.12041	-0.0833544	-0.0225887	0.0608544	
-0.257919	-0.382987	-0.491245	-0.56949	-0.616	-0.624479	-0.591675	-0.526316	-0.429412	-0.309067	-0.182573	-0.0661482	0.0370778	0.104743	0.122735	0.101817	0.0557868	-0.0210502	-0.119161	-0.201721	-0.241884	-0.239001	-0.20986	-0.157989	-0.0794087	
-0.174047	-0.26243	-0.32628	-0.369326	-0.399669	-0.405257	-0.383541	-0.34493	-0.291264	-0.211609	-0.112308	-0.00916694	0.0763696	0.117282	0.101817	0.0510214	-0.0182407	-0.110211	-0.212653	-0.293429	-0.331188	-0.334569	-0.314266	-0.269281	-0.191727	
-0.0549625	-0.102161	-0.125347	-0.137173	-0.148753	-0.152265	-0.141782	-0.130789	-0.11359	-0.0765094	-0.0175408	0.043879	0.0914117	0.0983383	0.0557868	-0.0182407	-0.102832	-0.196178	-0.290575	-0.363667	-0.405362	-0.415859	-0.398276	-0.349207	-0.269671	
0.0833332	0.0806901	0.0886688	0.103381	0.110144	0.111012	0.107059	0.094764	0.0822809	0.0817169	0.0864809	0.0857618	0.0773249	0.045964	-0.0210502	-0.110211	-0.196178	-0.279804	-0.362058	-0.435153	-0.482185	-0.49604	-0.473809	-0.419827	-0.342185	
0.214568	0.2581	0.29655	0.332128	0.355746	0.359108	0.344301	0.311095	0.273645	0.23303	0.180437	0.111816	0.0438233	-0.0294553	-0.119161	-0.212653	-0.290575	-0.362058	-0.439687	-0.509914	-0.553544	-0.563735	-0.544441	-0.498023	-0.423856	
0.327669	0.420155	0.492906	0.549613	0.582176	0.587745	0.566232	0.517844	0.450873	0.367116	0.261018	0.136257	0.01621	-0.0961009	-0.201721	-0.293429	-0.363667	-0.435153	-0.509914	-0.569191	-0.598748	-0.609646	-0.605936	-0.575046	-0.507727	
0.423387	0.55926	0.671669	0.747768	0.785002	0.789585	0.767823	0.706479	0.607898	0.479927	0.331622	0.168326	0.0112093	-0.127455	-0.241884	-0.331188	-0.405362	-0.482185	-0.553544	-0.598748	-0.620928	-0.639441	-0.650754	-0.636828	-0.5813	
0.499872	0.669403	0.813424	0.907595	0.946586	0.95113	0.92907	0.857855	0.731757	0.569272	0.392624	0.206953	0.0312931	-0.12041	-0.239001	-0.334569	-0.415859	-0.49604	-0.563735	-0.609646	-0.639441	-0.665894	-0.687206	-0.68811	-0.653508	
0.556613	0.739201	0.89833	1.00136	1.04514	1.04973	1.02562	0.946857	0.808011	0.63088	0.442344	0.250228	0.0708063	-0.0833544	-0.20986	-0.314266	-0.398276	-0.473809	-0.544441	-0.605936	-0.650754	-0.687206	-0.717512	-0.735911	-0.719349	
0.596566	0.770475	0.920154	1.02184	1.07002	1.07661	1.04762	0.96711	0.834875	0.667568	0.487917	0.304182	0.132592	-0.0225887	-0.157989	-0.269281	-0.349207	-0.419827	-0.498023	-0.575046	-0.636828	-0.68811	-0.735911	-0.769179	-0.77299	
0.62314	0.764978	0.886891	0.97447	1.02387	1.03146	0.999865	0.925923	0.817148	0.681731	0.531712	0.372688	0.21485	0.0608544	-0.0794087	-0.191727	-0.269671	-0.342185	-0.423856	-0.507727	-0.5813	-0.653508	-0.719349	-0.77299	-0.805284	
