-0.823392	-0.666124	-0.49304	-0.307116	-0.115163	0.0645697	0.220834	0.334746	0.414835	0.465466	0.500493	0.531378	0.562327	0.591939	0.619214	0.65069	0.687685	0.72585	0.757714	0.762087	0.737493	0.66958	0.548444	0.368002	0.150851	
-0.666124	-0.515333	-0.353035	-0.182004	-0.0102722	0.151927	0.28686	0.383786	0.447009	0.484522	0.508878	0.528337	0.548114	0.562604	0.585201	0.618467	0.65908	0.706711	0.747584	0.768417	0.751397	0.683675	0.556524	0.360421	0.128126	
-0.49304	-0.353035	-0.204696	-0.0561748	0.0871964	0.220719	0.332255	0.413586	0.466346	0.494927	0.50833	0.513246	0.515889	0.515904	0.528594	0.563053	0.609091	0.664945	0.71841	0.750319	0.736552	0.669685	0.539393	0.347676	0.109756	
-0.307116	-0.182004	-0.0561748	0.0687327	0.185607	0.293339	0.376717	0.439655	0.481817	0.505444	0.508212	0.502193	0.488391	0.478408	0.481188	0.507907	0.560574	0.62352	0.685695	0.720541	0.708539	0.644685	0.518369	0.334235	0.101511	
-0.115163	-0.0102722	0.0871964	0.185607	0.27637	0.359983	0.423831	0.469747	0.498819	0.512038	0.511655	0.496227	0.471	0.452834	0.452529	0.47451	0.524161	0.585307	0.644647	0.68435	0.680282	0.618374	0.49493	0.317854	0.0973238	
0.0645697	0.151927	0.220719	0.293339	0.359983	0.424245	0.477427	0.512861	0.528189	0.523835	0.508784	0.480036	0.453268	0.437282	0.438707	0.452692	0.491317	0.546576	0.601975	0.644502	0.644819	0.587411	0.471994	0.306814	0.100009	
0.220834	0.28686	0.332255	0.376717	0.423831	0.477427	0.524573	0.556035	0.559432	0.539002	0.502363	0.461496	0.431545	0.419075	0.417951	0.420635	0.449615	0.500869	0.552548	0.590639	0.591558	0.547164	0.445529	0.295246	0.103389	
0.334746	0.383786	0.413586	0.439655	0.469747	0.512861	0.556035	0.588538	0.582461	0.543395	0.489509	0.440128	0.407659	0.391179	0.381094	0.382837	0.403398	0.444922	0.485345	0.516512	0.525068	0.49273	0.406254	0.272248	0.108507	
0.414835	0.447009	0.466346	0.481817	0.498819	0.528189	0.559432	0.582461	0.575401	0.525988	0.464737	0.413114	0.378227	0.36214	0.348288	0.343623	0.35265	0.374166	0.404769	0.432656	0.443205	0.419933	0.352888	0.244721	0.118118	
0.465466	0.484522	0.494927	0.505444	0.512038	0.523835	0.539002	0.543395	0.525988	0.480042	0.427447	0.384173	0.355942	0.34227	0.328037	0.309287	0.299108	0.301359	0.320649	0.342059	0.351007	0.339337	0.297875	0.222259	0.132404	
0.500493	0.508878	0.50833	0.508212	0.511655	0.508784	0.502363	0.489509	0.464737	0.427447	0.387528	0.358132	0.345481	0.339765	0.322503	0.291	0.267225	0.252707	0.25043	0.262476	0.272262	0.272717	0.251843	0.205602	0.154215	
0.531378	0.528337	0.513246	0.502193	0.496227	0.480036	0.461496	0.440128	0.413114	0.384173	0.358132	0.341768	0.339451	0.338839	0.32444	0.29492	0.265088	0.231497	0.208574	0.205784	0.215095	0.218839	0.213156	0.200194	0.18751	
0.562327	0.548114	0.515889	0.488391	0.471	0.453268	0.431545	0.407659	0.378227	0.355942	0.345481	0.339451	0.334289	0.329294	0.320846	0.303549	0.271482	0.228836	0.191949	0.173033	0.171235	0.175963	0.188469	0.208977	0.239545	
0.591939	0.562604	0.515904	0.478408	0.452834	0.437282	0.419075	0.391179	0.36214	0.34227	0.339765	0.338839	0.329294	0.319842	0.314223	0.295488	0.261541	0.219539	0.179213	0.14705	0.134234	0.144664	0.175109	0.225892	0.303643	
0.619214	0.585201	0.528594	0.481188	0.452529	0.438707	0.417951	0.381094	0.348288	0.328037	0.322503	0.32444	0.320846	0.314223	0.301379	0.269836	0.224872	0.180978	0.138874	0.101684	0.0897353	0.113302	0.161324	0.241542	0.355833	
0.65069	0.618467	0.563053	0.507907	0.47451	0.452692	0.420635	0.382837	0.343623	0.309287	0.291	0.29492	0.303549	0.295488	0.269836	0.226887	0.174713	0.125825	0.0776292	0.0415838	0.0368801	0.0744667	0.142666	0.241622	0.381458	
0.687685	0.65908	0.609091	0.560574	0.524161	0.491317	0.449615	0.403398	0.35265	0.299108	0.267225	0.265088	0.271482	0.261541	0.224872	0.174713	0.114707	0.0607289	0.00940861	-0.0241662	-0.0229176	0.0208906	0.100755	0.217255	0.377563	
0.72585	0.706711	0.664945	0.62352	0.585307	0.546576	0.500869	0.444922	0.374166	0.301359	0.252707	0.231497	0.228836	0.219539	0.180978	0.125825	0.0607289	0.00133115	-0.0524514	-0.089882	-0.0955531	-0.0631324	0.0121091	0.138721	0.317023	
0.757714	0.747584	0.71841	0.685695	0.644647	0.601975	0.552548	0.485345	0.404769	0.320649	0.25043	0.208574	0.191949	0.179213	0.138874	0.0776292	0.00940861	-0.0524514	-0.116357	-0.163493	-0.183527	-0.165696	-0.102582	0.0144081	0.194247	
0.762087	0.768417	0.750319	0.720541	0.68435	0.644502	0.590639	0.516512	0.432656	0.342059	0.262476	0.205784	0.173033	0.14705	0.101684	0.0415838	-0.0241662	-0.089882	-0.163493	-0.227261	-0.259182	-0.256698	-0.218653	-0.125691	0.0417284	
0.737493	0.751397	0.736552	0.708539	0.680282	0.644819	0.591558	0.525068	0.443205	0.351007	0.272262	0.215095	0.171235	0.134234	0.0897353	0.0368801	-0.0229176	-0.0955531	-0.183527	-0.259182	-0.309125	-0.333392	-0.326047	-0.260191	-0.107435	
0.66958	0.683675	0.669685	0.644685	0.618374	0.587411	0.547164	0.49273	0.419933	0.339337	0.272717	0.218839	0.175963	0.144664	0.113302	0.0744667	0.0208906	-0.0631324	-0.165696	-0.256698	-0.333392	-0.388162	-0.401625	-0.356015	-0.228318	
0.548444	0.556524	0.539393	0.518369	0.49493	0.471994	0.445529	0.406254	0.352888	0.297875	0.251843	0.213156	0.188469	0.175109	0.161324	0.142666	0.100755	0.0121091	-0.102582	-0.218653	-0.326047	-0.401625	-0.428209	-0.402019	-0.302225	
0.368002	0.360421	0.347676	0.334235	0.317854	0.306814	0.295246	0.272248	0.244721	0.222259	0.205602	0.200194	0.208977	0.225892	0.241542	0.241622	0.217255	0.138721	0.0144081	-0.125691	-0.260191	-0.356015	-0.402019	-0.397227	-0.312936	
0.150851	0.128126	0.109756	0.101511	0.0973238	0.100009	0.103389	0.108507	0.118118	0.132404	0.154215	0.18751	0.239545	0.303643	0.355833	0.381458	0.377563	0.317023	0.194247	0.0417284	-0.107435	-0.228318	-0.302225	-0.312936	-0.240505	
-0.076796	-0.11559	-0.142611	-0.152204	-0.148072	-0.134431	-0.108477	-0.0654189	-0.0144825	0.0402716	0.106403	0.187178	0.288613	0.402163	0.497958	0.557581	0.581938	0.540448	0.427496	0.274226	0.111127	-0.0325233	-0.126122	-0.148349	-0.0885468	
-0.29199	-0.348839	-0.383066	-0.389122	-0.377353	-0.351616	-0.306733	-0.237615	-0.151636	-0.0548501	0.0577346	0.19411	0.35151	0.516146	0.659764	0.761761	0.808987	0.785289	0.683668	0.526932	0.343933	0.183088	0.0809874	0.0503013	0.108305	
-0.478695	-0.535919	-0.572286	-0.583933	-0.573028	-0.541252	-0.484222	-0.395635	-0.280294	-0.147807	0.0139118	0.208635	0.423208	0.635769	0.823823	0.962515	1.02332	1.00737	0.91782	0.757841	0.565783	0.396811	0.28459	0.251577	0.320201	
-0.627251	-0.67531	-0.701225	-0.713055	-0.707567	-0.677079	-0.615441	-0.519285	-0.386074	-0.219426	-0.0127094	0.233008	0.493618	0.748724	0.971164	1.12934	1.19637	1.18591	1.09848	0.946237	0.760351	0.588025	0.469002	0.438515	0.517743	
-0.722969	-0.758713	-0.775072	-0.785776	-0.780744	-0.750763	-0.69015	-0.593694	-0.452602	-0.262919	-0.0204953	0.257501	0.548645	0.830886	1.06606	1.23051	1.30603	1.29948	1.21008	1.06315	0.88641	0.709572	0.586533	0.562891	0.644211	
-0.739317	-0.773331	-0.788432	-0.797709	-0.792303	-0.762615	-0.7021	-0.605404	-0.463844	-0.270445	-0.0208996	0.262909	0.55974	0.846666	1.08252	1.24845	1.32637	1.32016	1.2301	1.0839	0.908849	0.730825	0.606775	0.585154	0.666509	
-0.673738	-0.716656	-0.736716	-0.748817	-0.744718	-0.714511	-0.652468	-0.556422	-0.418619	-0.240274	-0.0173883	0.243411	0.51874	0.787494	1.01767	1.17871	1.24958	1.24107	1.15259	1.00341	0.821479	0.647392	0.526679	0.498778	0.579495	
-0.542878	-0.59763	-0.631263	-0.643249	-0.634242	-0.602428	-0.543725	-0.449841	-0.325738	-0.179656	0.000875721	0.217196	0.452233	0.682932	0.885967	1.03508	1.09833	1.08507	0.997823	0.839507	0.648686	0.478209	0.362983	0.329954	0.403749	
-0.3711	-0.430486	-0.465705	-0.473695	-0.461027	-0.432243	-0.380753	-0.303295	-0.205126	-0.0942097	0.0386559	0.19939	0.379721	0.563257	0.726444	0.844355	0.898433	0.87828	0.782275	0.623726	0.434312	0.269231	0.163272	0.131088	0.192355	
-0.16494	-0.2122	-0.242725	-0.250487	-0.242577	-0.224089	-0.19094	-0.135395	-0.0688395	0.00327807	0.0874902	0.188803	0.312447	0.447152	0.560847	0.637321	0.671655	0.638211	0.529318	0.375428	0.204837	0.0530722	-0.0440071	-0.0701625	-0.0133836	
0.0589513	0.0308925	0.00947621	0.00040221	-0.000488888	0.00696949	0.0195343	0.0395963	0.065209	0.0951586	0.134769	0.186218	0.257146	0.340846	0.409938	0.447512	0.455433	0.40212	0.282375	0.128954	-0.0249146	-0.155298	-0.238923	-0.25467	-0.187731	
0.284851	0.26983	0.256047	0.245607	0.234499	0.22949	0.2234	0.209162	0.195184	0.187171	0.185188	0.194165	0.218815	0.253931	0.283469	0.292831	0.275363	0.204014	0.0791331	-0.0679055	-0.209834	-0.315313	-0.372517	-0.374745	-0.294712	
0.481781	0.485889	0.470281	0.451262	0.429205	0.410643	0.389918	0.357299	0.313761	0.271277	0.235193	0.208465	0.195741	0.192195	0.188883	0.177804	0.142469	0.0560385	-0.0632772	-0.189646	-0.308757	-0.392102	-0.424898	-0.407494	-0.315332	
0.628619	0.640748	0.624638	0.601981	0.576648	0.548194	0.514291	0.465252	0.39848	0.327022	0.267592	0.217869	0.179923	0.15448	0.129545	0.0991023	0.0493917	-0.0383529	-0.146212	-0.246343	-0.335142	-0.399101	-0.418154	-0.379946	-0.264394	
0.715812	0.730827	0.716474	0.689299	0.662524	0.628368	0.579286	0.517614	0.439091	0.349659	0.273859	0.217686	0.17278	0.136527	0.0957644	0.0463934	-0.0110107	-0.0876255	-0.181531	-0.262292	-0.322323	-0.359142	-0.36174	-0.304758	-0.160643	
0.756322	0.767535	0.750908	0.72244	0.689513	0.651557	0.596416	0.524327	0.43992	0.34743	0.266627	0.208956	0.170633	0.138746	0.0927809	0.0356808	-0.0283383	-0.0962086	-0.17501	-0.244003	-0.281991	-0.289002	-0.263719	-0.181912	-0.01929	
0.762892	0.758998	0.735702	0.703996	0.663676	0.621399	0.57057	0.49874	0.416686	0.330002	0.254625	0.205324	0.181999	0.164543	0.12258	0.0602608	-0.0071283	-0.0703535	-0.138383	-0.19207	-0.216881	-0.204099	-0.149529	-0.0409035	0.134652	
0.740527	0.724558	0.687051	0.649676	0.610264	0.569672	0.522795	0.462704	0.386325	0.307881	0.249725	0.219752	0.212772	0.203527	0.163786	0.106176	0.039384	-0.0202611	-0.0779938	-0.119066	-0.129946	-0.103911	-0.0325473	0.0928006	0.273832	
0.703091	0.678117	0.630727	0.584994	0.547368	0.51196	0.46859	0.418241	0.359174	0.297865	0.260207	0.252458	0.254981	0.244541	0.207462	0.154913	0.0925726	0.0358588	-0.0159279	-0.0493711	-0.0496751	-0.00888299	0.0707652	0.192892	0.361913	
0.665627	0.633418	0.580078	0.526232	0.492327	0.465759	0.42849	0.3877	0.346171	0.30426	0.280475	0.282688	0.292409	0.28355	0.251921	0.206551	0.151113	0.0996607	0.0502088	0.015004	0.0135599	0.0560083	0.130312	0.236821	0.384147	
0.630739	0.597581	0.540295	0.488459	0.457617	0.442597	0.417837	0.380402	0.344241	0.319943	0.309723	0.313636	0.315501	0.308662	0.291041	0.254639	0.20658	0.161097	0.115868	0.0793753	0.0693598	0.0987174	0.155363	0.243089	0.368899	
0.603443	0.570196	0.518111	0.477333	0.450701	0.435545	0.417848	0.386208	0.356432	0.337178	0.335774	0.335186	0.326075	0.317905	0.310471	0.287335	0.248937	0.206646	0.166975	0.131293	0.118019	0.132521	0.169321	0.233428	0.327062	
0.5735	0.553883	0.516071	0.483887	0.462555	0.445301	0.423904	0.399276	0.370661	0.34975	0.343438	0.340307	0.332403	0.325246	0.318833	0.302586	0.271011	0.228218	0.188579	0.163781	0.156512	0.162523	0.182639	0.215409	0.265389	
0.544265	0.536673	0.514577	0.497079	0.485752	0.468418	0.44834	0.425419	0.396444	0.370443	0.350821	0.339717	0.336989	0.335539	0.323419	0.29934	0.267745	0.229038	0.199223	0.190172	0.195915	0.199932	0.201158	0.202118	0.20562	
0.512691	0.516425	0.510847	0.506759	0.507638	0.498129	0.485072	0.467849	0.44227	0.408957	0.374198	0.349193	0.342572	0.340396	0.323874	0.290333	0.263203	0.240413	0.230146	0.237075	0.247176	0.250052	0.23535	0.202073	0.165864	
