0.326985	0.490859	0.623926	0.716373	0.77772	0.790156	0.744882	0.664761	0.549201	0.394991	0.223417	0.0560903	-0.104759	-0.252676	-0.375194	-0.454325	-0.47707	-0.433435	-0.304039	-0.100985	0.114834	0.308273	0.458784	0.55363	0.60234	
0.328258	0.496494	0.634289	0.733954	0.797254	0.808595	0.764917	0.677983	0.557115	0.396775	0.224124	0.05753	-0.0973631	-0.233702	-0.346403	-0.426822	-0.453204	-0.409225	-0.27759	-0.0809416	0.133455	0.317211	0.447025	0.516052	0.533267	
0.339555	0.497501	0.627441	0.72891	0.792652	0.803723	0.760472	0.671577	0.553084	0.405621	0.2374	0.0711962	-0.0778069	-0.209055	-0.314161	-0.388232	-0.412019	-0.36126	-0.237148	-0.0618463	0.131086	0.296841	0.403074	0.442874	0.432401	
0.347558	0.493586	0.610639	0.707111	0.762411	0.771532	0.735652	0.652266	0.542647	0.409333	0.249496	0.0805006	-0.0704671	-0.191213	-0.284646	-0.346313	-0.36606	-0.315258	-0.199331	-0.0454454	0.116403	0.249825	0.333456	0.352608	0.317928	
0.324714	0.461044	0.571091	0.658943	0.709286	0.717276	0.684451	0.60899	0.507922	0.381628	0.232219	0.0655778	-0.0871053	-0.201239	-0.281163	-0.327561	-0.332826	-0.282602	-0.179374	-0.046254	0.0862023	0.188176	0.24784	0.250457	0.197064	
0.253935	0.387317	0.501157	0.583373	0.631193	0.640486	0.606882	0.537723	0.435553	0.309364	0.165225	0.00623202	-0.141577	-0.250725	-0.316173	-0.34361	-0.332054	-0.27456	-0.182204	-0.0652453	0.0456483	0.120213	0.149539	0.135839	0.0766404	
0.143982	0.281706	0.397258	0.48453	0.53792	0.548819	0.509843	0.435875	0.331098	0.201375	0.0539166	-0.0974212	-0.234659	-0.33319	-0.386923	-0.390392	-0.35478	-0.286364	-0.196198	-0.0940203	-0.00366229	0.0488834	0.0565577	0.0332082	-0.0273012	
0.0148666	0.153711	0.275271	0.373839	0.44201	0.454473	0.405987	0.318153	0.204212	0.0728456	-0.0746644	-0.219327	-0.344674	-0.434509	-0.471062	-0.448772	-0.385397	-0.300717	-0.207389	-0.118054	-0.0494121	-0.00982963	-0.00755482	-0.0347056	-0.0942421	
-0.109435	0.0274514	0.149687	0.260897	0.341233	0.356891	0.298564	0.196577	0.0770438	-0.0525044	-0.198645	-0.340491	-0.454538	-0.526961	-0.543103	-0.496162	-0.408098	-0.307163	-0.208797	-0.127909	-0.0719799	-0.0393799	-0.0403231	-0.067911	-0.118946	
-0.20954	-0.0814112	0.0391311	0.150326	0.227683	0.242029	0.186596	0.0862516	-0.0329925	-0.156582	-0.292382	-0.424548	-0.529359	-0.582657	-0.572502	-0.5051	-0.400949	-0.292547	-0.194291	-0.117459	-0.0707814	-0.04707	-0.0518735	-0.0771648	-0.11786	
-0.270058	-0.150299	-0.0396296	0.055132	0.119771	0.132665	0.0858281	0.000307647	-0.104536	-0.221706	-0.340775	-0.450394	-0.538865	-0.572437	-0.542497	-0.464005	-0.358862	-0.251161	-0.156994	-0.0859041	-0.0473527	-0.0333391	-0.0444353	-0.0757456	-0.107411	
-0.26551	-0.164027	-0.0658909	0.0115573	0.0518945	0.0581161	0.0323717	-0.0318346	-0.122718	-0.225906	-0.321294	-0.409536	-0.472059	-0.481637	-0.446641	-0.37725	-0.284522	-0.187217	-0.105892	-0.0455363	-0.0136583	-0.010871	-0.0291772	-0.0639639	-0.0859314	
-0.192822	-0.110039	-0.0317024	0.0283203	0.0524176	0.054106	0.0428015	-0.00474212	-0.0775393	-0.160875	-0.235497	-0.298908	-0.335853	-0.334289	-0.305629	-0.248892	-0.178198	-0.0969134	-0.0277747	0.0161756	0.0304809	0.0202497	-0.00233606	-0.0335369	-0.0508776	
-0.0636888	-0.00354645	0.0522352	0.0951298	0.111314	0.111909	0.104943	0.0716937	0.0198743	-0.0402098	-0.0941715	-0.133056	-0.147073	-0.136938	-0.11461	-0.0782189	-0.0302491	0.0361926	0.0892916	0.107469	0.0948594	0.064135	0.026893	-0.00546096	-0.0278435	
0.0919333	0.126745	0.162756	0.187419	0.197077	0.19793	0.193257	0.174423	0.141331	0.105123	0.0756519	0.0598002	0.0661754	0.0868606	0.111186	0.136702	0.169326	0.20564	0.22504	0.215876	0.172074	0.110018	0.0478464	0.00371013	-0.0274541	
0.246979	0.2666	0.281804	0.285843	0.286959	0.286195	0.286554	0.284672	0.273651	0.253907	0.242221	0.251355	0.283716	0.323024	0.344048	0.360188	0.375013	0.375596	0.35948	0.318779	0.240498	0.142048	0.0542433	-0.0102656	-0.0528477	
0.40368	0.404845	0.398699	0.381207	0.366738	0.363206	0.374154	0.39259	0.404686	0.402449	0.413021	0.446389	0.498228	0.549146	0.56599	0.569517	0.556843	0.520839	0.465831	0.386835	0.276995	0.149299	0.0336036	-0.0537807	-0.107437	
0.569108	0.544523	0.510513	0.465174	0.431079	0.424211	0.449482	0.492235	0.533581	0.558117	0.590701	0.641658	0.708985	0.763073	0.773923	0.751006	0.706154	0.63624	0.543445	0.426404	0.280305	0.120727	-0.0203876	-0.122758	-0.190041	
0.730325	0.671669	0.608551	0.549041	0.505452	0.497631	0.528314	0.583726	0.647388	0.706737	0.766957	0.834898	0.905005	0.948562	0.943922	0.898254	0.826403	0.728863	0.603385	0.448932	0.263327	0.0678049	-0.0958131	-0.209113	-0.289646	
0.871603	0.782881	0.701138	0.64028	0.593727	0.585302	0.618283	0.675917	0.747224	0.8373	0.921262	0.997319	1.05799	1.08835	1.07435	1.01448	0.917184	0.795026	0.637916	0.450502	0.236121	0.01903	-0.164133	-0.298176	-0.395423	
0.996491	0.895025	0.80611	0.746802	0.704271	0.694855	0.728124	0.779473	0.855875	0.956641	1.0515	1.12862	1.17767	1.19344	1.16603	1.09575	0.984474	0.836945	0.651439	0.439223	0.213085	-0.0153811	-0.217851	-0.372946	-0.485085	
1.12356	1.02249	0.946458	0.89334	0.857075	0.850128	0.876368	0.92294	0.988442	1.08259	1.17612	1.2385	1.26624	1.25989	1.21695	1.13139	1.01164	0.851152	0.647175	0.425061	0.191339	-0.0422203	-0.252821	-0.42011	-0.536817	
1.26165	1.19237	1.13783	1.09335	1.06931	1.0653	1.08132	1.1184	1.1681	1.23413	1.29424	1.32328	1.32044	1.28798	1.22521	1.12357	0.992771	0.815463	0.608282	0.389906	0.16413	-0.0590042	-0.265628	-0.432206	-0.537646	
1.41257	1.39011	1.37085	1.3589	1.35209	1.35218	1.35415	1.36659	1.38076	1.40543	1.4149	1.39245	1.34762	1.28639	1.19607	1.07795	0.932817	0.748698	0.544987	0.342465	0.139796	-0.0618528	-0.253155	-0.398278	-0.479717	
1.56335	1.60568	1.63727	1.67367	1.69922	1.70549	1.68554	1.65199	1.61822	1.58273	1.52919	1.44861	1.34915	1.24809	1.13413	1.00846	0.860459	0.683737	0.496995	0.315545	0.138369	-0.0404884	-0.208799	-0.32617	-0.382808	
1.70387	1.8234	1.91975	2.00435	2.06345	2.07445	2.03215	1.95506	1.86457	1.75472	1.62132	1.47382	1.32121	1.17679	1.04645	0.922978	0.789361	0.635113	0.469314	0.308544	0.154704	-0.00262556	-0.146727	-0.244303	-0.276869	
1.8234	2.01804	2.19167	2.33425	2.42201	2.43675	2.37762	2.25412	2.08911	1.90431	1.69384	1.47508	1.26889	1.08574	0.942507	0.827114	0.717104	0.598034	0.460813	0.321938	0.182584	0.0465164	-0.072019	-0.151105	-0.162768	
1.91975	2.19167	2.43122	2.62104	2.73553	2.754	2.67778	2.51422	2.29197	2.03106	1.74951	1.47416	1.22654	1.01705	0.856291	0.740585	0.64522	0.551979	0.444096	0.32969	0.210044	0.0938265	-0.00287402	-0.0593883	-0.0569889	
2.00435	2.33425	2.62104	2.84017	2.96875	2.99129	2.90414	2.71757	2.4563	2.13777	1.80513	1.48103	1.19174	0.96633	0.798844	0.681096	0.583652	0.498953	0.415447	0.324559	0.226652	0.130543	0.0504757	0.0114013	0.0300472	
2.06345	2.42201	2.73553	2.96875	3.10523	3.12931	3.03562	2.84015	2.55481	2.20972	1.84477	1.48583	1.173	0.934633	0.759028	0.634735	0.538622	0.459013	0.392901	0.320823	0.233888	0.144137	0.0701888	0.0434338	0.0858087	
2.07445	2.43675	2.754	2.99129	3.12931	3.15268	3.05933	2.86049	2.57086	2.2224	1.85318	1.48839	1.17043	0.928909	0.749951	0.625278	0.531419	0.45069	0.388266	0.319	0.23436	0.144477	0.0715422	0.0478434	0.0960228	
2.03215	2.37762	2.67778	2.90414	3.03562	3.05933	2.96894	2.7787	2.50487	2.17255	1.82332	1.48232	1.18139	0.951456	0.780766	0.660237	0.561567	0.480708	0.404613	0.32289	0.230759	0.138906	0.0624386	0.029197	0.0572156	
1.95506	2.25412	2.51422	2.71757	2.84015	2.86049	2.7787	2.60291	2.36423	2.07642	1.77208	1.47729	1.21212	0.99452	0.83051	0.714986	0.619585	0.530035	0.433518	0.328396	0.218156	0.111167	0.0210585	-0.0276215	-0.0197699	
1.86457	2.08911	2.29197	2.4563	2.55481	2.57086	2.50487	2.36423	2.17248	1.95714	1.71761	1.47313	1.25005	1.05491	0.904175	0.788997	0.687622	0.582037	0.456401	0.327075	0.194067	0.0656302	-0.0429486	-0.112844	-0.11849	
1.75472	1.90431	2.03106	2.13777	2.20972	2.2224	2.17255	2.07642	1.95714	1.81789	1.65285	1.47648	1.30114	1.13986	1.00559	0.885597	0.761314	0.619368	0.46429	0.312321	0.165073	0.0165597	-0.117414	-0.208726	-0.2313	
1.62132	1.69384	1.74951	1.80513	1.84477	1.85318	1.82332	1.77208	1.71761	1.65285	1.56858	1.46291	1.34193	1.2237	1.10157	0.975747	0.831672	0.662323	0.483503	0.309797	0.142887	-0.0272403	-0.185342	-0.293962	-0.341723	
1.47382	1.47508	1.47416	1.48103	1.48583	1.48839	1.48232	1.47729	1.47313	1.47648	1.46291	1.41781	1.35125	1.27544	1.17507	1.0528	0.904234	0.721011	0.523491	0.329287	0.136308	-0.0558358	-0.238762	-0.372245	-0.442856	
1.32121	1.26889	1.22654	1.19174	1.173	1.17043	1.18139	1.21212	1.25005	1.30114	1.34193	1.35125	1.33439	1.29126	1.21747	1.10868	0.97207	0.790745	0.582696	0.370166	0.153101	-0.0628933	-0.264752	-0.424812	-0.52168	
1.17679	1.08574	1.01705	0.96633	0.934633	0.928909	0.951456	0.99452	1.05491	1.13986	1.2237	1.27544	1.29126	1.2745	1.22546	1.13384	1.00955	0.84223	0.636971	0.414626	0.181329	-0.0497126	-0.260171	-0.429469	-0.543998	
1.04645	0.942507	0.856291	0.798844	0.759028	0.749951	0.780766	0.83051	0.904175	1.00559	1.10157	1.17507	1.21747	1.22546	1.19181	1.11555	1.00074	0.847428	0.651888	0.434433	0.204774	-0.0270712	-0.235401	-0.3952	-0.511014	
0.922978	0.827114	0.740585	0.681096	0.634735	0.625278	0.660237	0.714986	0.788997	0.885597	0.975747	1.0528	1.10868	1.13384	1.11555	1.0519	0.948064	0.814399	0.645817	0.446661	0.226249	0.00400931	-0.186413	-0.330581	-0.43494	
0.789361	0.717104	0.64522	0.583652	0.538622	0.531419	0.561567	0.619585	0.687622	0.761314	0.831672	0.904234	0.97207	1.00955	1.00074	0.948064	0.864507	0.758719	0.619815	0.451965	0.252963	0.0456661	-0.12558	-0.246254	-0.332397	
0.635113	0.598034	0.551979	0.498953	0.459013	0.45069	0.480708	0.530035	0.582037	0.619368	0.662323	0.721011	0.790745	0.84223	0.847428	0.814399	0.758719	0.675923	0.570171	0.437112	0.275467	0.101717	-0.0490076	-0.154948	-0.228025	
0.469314	0.460813	0.444096	0.415447	0.392901	0.388266	0.404613	0.433518	0.456401	0.46429	0.483503	0.523491	0.582696	0.636971	0.651888	0.645817	0.619815	0.570171	0.499364	0.405667	0.281188	0.141914	0.0155887	-0.079342	-0.138351	
0.308544	0.321938	0.32969	0.324559	0.320823	0.319	0.32289	0.328396	0.327075	0.312321	0.309797	0.329287	0.370166	0.414626	0.434433	0.446661	0.451965	0.437112	0.405667	0.350075	0.259977	0.148784	0.0498251	-0.0246617	-0.0708168	
0.154704	0.182584	0.210044	0.226652	0.233888	0.23436	0.230759	0.218156	0.194067	0.165073	0.142887	0.136308	0.153101	0.181329	0.204774	0.226249	0.252963	0.275467	0.281188	0.259977	0.201941	0.124902	0.0535512	0.00193054	-0.0344933	
-0.00262556	0.0465164	0.0938265	0.130543	0.144137	0.144477	0.138906	0.111167	0.0656302	0.0165597	-0.0272403	-0.0558358	-0.0628933	-0.0497126	-0.0270712	0.00400931	0.0456661	0.101717	0.141914	0.148784	0.124902	0.0836877	0.0360602	0.00044849	-0.0249614	
-0.146727	-0.072019	-0.00287402	0.0504757	0.0701888	0.0715422	0.0624386	0.0210585	-0.0429486	-0.117414	-0.185342	-0.238762	-0.264752	-0.260171	-0.235401	-0.186413	-0.12558	-0.0490076	0.0155887	0.0498251	0.0535512	0.0360602	0.0098119	-0.019975	-0.0389403	
-0.244303	-0.151105	-0.0593883	0.0114013	0.0434338	0.0478434	0.029197	-0.0276215	-0.112844	-0.208726	-0.293962	-0.372245	-0.424812	-0.429469	-0.3952	-0.330581	-0.246254	-0.154948	-0.079342	-0.0246617	0.00193054	0.00044849	-0.019975	-0.0544046	-0.0723576	
-0.276869	-0.162768	-0.0569889	0.0300472	0.0858087	0.0960228	0.0572156	-0.0197699	-0.11849	-0.2313	-0.341723	-0.442856	-0.52168	-0.543998	-0.511014	-0.43494	-0.332397	-0.228025	-0.138351	-0.0708168	-0.0344933	-0.0249614	-0.0389403	-0.0723576	-0.100812	
