0.465393	0.480048	0.470526	0.447064	0.418232	0.390578	0.36525	0.352011	0.365437	0.410567	0.453903	0.461885	0.420714	0.314248	0.149615	-0.0595939	-0.287495	-0.506199	-0.686527	-0.795912	-0.814233	-0.739747	-0.586275	-0.375749	-0.123964	
0.480048	0.456624	0.420262	0.373146	0.33436	0.316474	0.303067	0.296307	0.317569	0.367445	0.416502	0.443481	0.420239	0.328745	0.180709	-0.0153835	-0.236786	-0.452864	-0.641302	-0.765482	-0.795118	-0.735134	-0.593319	-0.395305	-0.15723	
0.470526	0.420262	0.357203	0.295702	0.259831	0.252053	0.243666	0.24687	0.278858	0.333403	0.392429	0.43534	0.425008	0.350507	0.219069	0.0366118	-0.170932	-0.38765	-0.584199	-0.722161	-0.771947	-0.725902	-0.597016	-0.412357	-0.18384	
0.447064	0.373146	0.295702	0.236814	0.207265	0.201116	0.204382	0.227242	0.265652	0.319164	0.382883	0.432267	0.435771	0.381524	0.264973	0.096142	-0.101436	-0.317922	-0.520606	-0.676428	-0.744111	-0.713246	-0.603464	-0.426068	-0.207515	
0.418232	0.33436	0.259831	0.207265	0.179069	0.176196	0.194408	0.226748	0.268653	0.325224	0.385612	0.430953	0.445316	0.404765	0.303469	0.151471	-0.0377253	-0.247454	-0.451586	-0.614272	-0.695021	-0.68233	-0.58833	-0.42788	-0.224499	
0.390578	0.316474	0.252053	0.201116	0.176196	0.180641	0.205387	0.239874	0.285985	0.342252	0.392956	0.435384	0.453314	0.422181	0.332575	0.197589	0.0232625	-0.172887	-0.369148	-0.529639	-0.614942	-0.619901	-0.5424	-0.404226	-0.223062	
0.36525	0.303067	0.243666	0.204382	0.194408	0.205387	0.22722	0.265705	0.321007	0.379407	0.422197	0.458996	0.475481	0.451077	0.375456	0.255538	0.0920059	-0.0931688	-0.276001	-0.431587	-0.518269	-0.532651	-0.474377	-0.361511	-0.204259	
0.352011	0.296307	0.24687	0.227242	0.226748	0.239874	0.265705	0.314367	0.377504	0.436768	0.4779	0.511896	0.522345	0.499611	0.436843	0.327308	0.176233	-0.00175192	-0.176007	-0.324308	-0.41061	-0.432231	-0.396804	-0.305917	-0.179081	
0.365437	0.317569	0.278858	0.265652	0.268653	0.285985	0.321007	0.377504	0.449927	0.513087	0.560602	0.588688	0.593579	0.574131	0.515797	0.409872	0.264423	0.0959066	-0.0724192	-0.209948	-0.291329	-0.320276	-0.303547	-0.237607	-0.141138	
0.410567	0.367445	0.333403	0.319164	0.325224	0.342252	0.379407	0.436768	0.513087	0.589565	0.650739	0.679831	0.681713	0.663422	0.604105	0.506197	0.369236	0.202753	0.0420661	-0.0804199	-0.158897	-0.191332	-0.186099	-0.150856	-0.0851088	
0.453903	0.416502	0.392429	0.382883	0.385612	0.392956	0.422197	0.4779	0.560602	0.650739	0.720466	0.760141	0.774386	0.762863	0.707258	0.623711	0.494156	0.330436	0.180758	0.062477	-0.0102624	-0.0411986	-0.0521503	-0.0406405	-0.00374154	
0.461885	0.443481	0.43534	0.432267	0.430953	0.435384	0.458996	0.511896	0.588688	0.679831	0.760141	0.818309	0.850028	0.846794	0.814376	0.745608	0.62366	0.4772	0.339782	0.233203	0.170556	0.136791	0.110181	0.0926748	0.0913751	
0.420714	0.420239	0.425008	0.435771	0.445316	0.453314	0.475481	0.522345	0.593579	0.681713	0.774386	0.850028	0.896322	0.909192	0.89621	0.846327	0.750734	0.631459	0.508337	0.419669	0.36913	0.330801	0.295117	0.253704	0.214548	
0.314248	0.328745	0.350507	0.381524	0.404765	0.422181	0.451077	0.499611	0.574131	0.663422	0.762863	0.846794	0.909192	0.94602	0.95036	0.92148	0.852386	0.757949	0.661646	0.596901	0.562109	0.531176	0.490552	0.429618	0.357291	
0.149615	0.180709	0.219069	0.264973	0.303469	0.332575	0.375456	0.436843	0.515797	0.604105	0.707258	0.814376	0.89621	0.95036	0.975064	0.963636	0.919782	0.846491	0.780418	0.74291	0.721388	0.704962	0.663072	0.589807	0.495245	
-0.0595939	-0.0153835	0.0366118	0.096142	0.151471	0.197589	0.255538	0.327308	0.409872	0.506197	0.623711	0.745608	0.846327	0.92148	0.963636	0.963658	0.942082	0.89611	0.853084	0.836971	0.827318	0.822341	0.78623	0.711695	0.615257	
-0.287495	-0.236786	-0.170932	-0.101436	-0.0377253	0.0232625	0.0920059	0.176233	0.264423	0.369236	0.494156	0.62366	0.750734	0.852386	0.919782	0.942082	0.935952	0.910587	0.886442	0.886266	0.888843	0.888123	0.858854	0.78637	0.68317	
-0.506199	-0.452864	-0.38765	-0.317922	-0.247454	-0.172887	-0.0931688	-0.00175192	0.0959066	0.202753	0.330436	0.4772	0.631459	0.757949	0.846491	0.89611	0.910587	0.908522	0.909053	0.917553	0.922654	0.9152	0.879314	0.803493	0.691578	
-0.686527	-0.641302	-0.584199	-0.520606	-0.451586	-0.369148	-0.276001	-0.176007	-0.0724192	0.0420661	0.180758	0.339782	0.508337	0.661646	0.780418	0.853084	0.886442	0.909053	0.925436	0.93288	0.931089	0.905144	0.849328	0.756483	0.628169	
-0.795912	-0.765482	-0.722161	-0.676428	-0.614272	-0.529639	-0.431587	-0.324308	-0.209948	-0.0804199	0.062477	0.233203	0.419669	0.596901	0.74291	0.836971	0.886266	0.917553	0.93288	0.927326	0.903865	0.842256	0.755152	0.635658	0.477555	
-0.814233	-0.795118	-0.771947	-0.744111	-0.695021	-0.614942	-0.518269	-0.41061	-0.291329	-0.158897	-0.0102624	0.170556	0.36913	0.562109	0.721388	0.827318	0.888843	0.922654	0.931089	0.903865	0.84004	0.730227	0.596534	0.43731	0.248642	
-0.739747	-0.735134	-0.725902	-0.713246	-0.68233	-0.619901	-0.532651	-0.432231	-0.320276	-0.191332	-0.0411986	0.136791	0.330801	0.531176	0.704962	0.822341	0.888123	0.9152	0.905144	0.842256	0.730227	0.573579	0.389713	0.189667	-0.0248392	
-0.586275	-0.593319	-0.597016	-0.603464	-0.58833	-0.5424	-0.474377	-0.396804	-0.303547	-0.186099	-0.0521503	0.110181	0.295117	0.490552	0.663072	0.78623	0.858854	0.879314	0.849328	0.755152	0.596534	0.389713	0.157534	-0.0811579	-0.319541	
-0.375749	-0.395305	-0.412357	-0.426068	-0.42788	-0.404226	-0.361511	-0.305917	-0.237607	-0.150856	-0.0406405	0.0926748	0.253704	0.429618	0.589807	0.711695	0.78637	0.803493	0.756483	0.635658	0.43731	0.189667	-0.0811579	-0.350223	-0.603432	
-0.123964	-0.15723	-0.18384	-0.207515	-0.224499	-0.223062	-0.204259	-0.179081	-0.141138	-0.0851088	-0.00374154	0.0913751	0.214548	0.357291	0.495245	0.615257	0.68317	0.691578	0.628169	0.477555	0.248642	-0.0248392	-0.319541	-0.603432	-0.85462	
0.156288	0.114959	0.0775783	0.0410105	0.0109922	-0.00912495	-0.0196229	-0.0283781	-0.0234799	-0.000760902	0.0411083	0.0988019	0.182935	0.288012	0.395656	0.499065	0.562618	0.564261	0.48463	0.313794	0.0637424	-0.232858	-0.543039	-0.831544	-1.07593	
0.435264	0.388276	0.341437	0.299452	0.253778	0.205465	0.159365	0.121701	0.0958589	0.0824144	0.0888586	0.110749	0.156855	0.226217	0.310448	0.399249	0.457915	0.453734	0.358436	0.168522	-0.0992957	-0.410746	-0.728859	-1.01648	-1.2505	
0.679851	0.634225	0.582217	0.526993	0.464962	0.393346	0.317259	0.243173	0.182713	0.140228	0.120506	0.117278	0.136317	0.178038	0.246301	0.333733	0.393317	0.387352	0.284019	0.0781409	-0.205814	-0.53143	-0.858797	-1.15219	-1.38114	
0.85849	0.816875	0.760698	0.698497	0.626514	0.53145	0.423984	0.324704	0.241369	0.176507	0.130198	0.113666	0.116599	0.147567	0.213903	0.296556	0.367639	0.367041	0.258681	0.0451059	-0.249298	-0.589939	-0.931114	-1.23213	-1.46814	
0.955873	0.917757	0.860404	0.795637	0.714797	0.606263	0.481144	0.36644	0.267291	0.189182	0.133416	0.108585	0.105265	0.131392	0.199738	0.286937	0.366132	0.370405	0.261093	0.042884	-0.260076	-0.609068	-0.959336	-1.26973	-1.51144	
0.972633	0.935724	0.878453	0.810546	0.72757	0.618586	0.492181	0.372712	0.268683	0.187845	0.133207	0.108196	0.104975	0.127824	0.195815	0.288536	0.367846	0.372754	0.264143	0.044421	-0.26069	-0.612112	-0.9629	-1.2763	-1.5197	
0.907034	0.866845	0.809824	0.747087	0.671826	0.569224	0.451921	0.346075	0.256391	0.18518	0.132015	0.111121	0.110602	0.139778	0.207221	0.28985	0.364825	0.366707	0.257755	0.0418791	-0.255891	-0.600445	-0.946744	-1.2511	-1.4901	
0.760139	0.716218	0.662149	0.604383	0.53683	0.455276	0.366372	0.281216	0.2097	0.157344	0.126783	0.116157	0.127981	0.164241	0.230007	0.314866	0.379022	0.374693	0.268576	0.0591972	-0.229683	-0.561287	-0.894359	-1.19058	-1.42098	
0.53944	0.492235	0.442759	0.395304	0.342859	0.285359	0.226881	0.174469	0.13427	0.107772	0.1041	0.114851	0.148925	0.204133	0.280739	0.370389	0.426832	0.421117	0.322208	0.12446	-0.149984	-0.467432	-0.787939	-1.07714	-1.30864	
0.269462	0.225187	0.184067	0.146024	0.110121	0.0781753	0.0532543	0.0336777	0.0270802	0.0356517	0.0603517	0.10278	0.171275	0.262704	0.359968	0.454082	0.516131	0.515679	0.429514	0.251273	-0.00563558	-0.308487	-0.623263	-0.911154	-1.15107	
-0.0137903	-0.0508686	-0.0817085	-0.110764	-0.133909	-0.14055	-0.131719	-0.120806	-0.0968776	-0.0539427	0.0135379	0.0938103	0.201165	0.328472	0.454316	0.570304	0.636506	0.641562	0.570803	0.411311	0.172914	-0.111035	-0.411536	-0.698749	-0.947797	
-0.279373	-0.304842	-0.326004	-0.343014	-0.350751	-0.336222	-0.303293	-0.258936	-0.201396	-0.127513	-0.0282324	0.0907621	0.237348	0.401013	0.554057	0.675934	0.747144	0.76204	0.708928	0.57557	0.364475	0.104948	-0.176827	-0.4538	-0.708188	
-0.508054	-0.519677	-0.528294	-0.53907	-0.530958	-0.493537	-0.434866	-0.366093	-0.282445	-0.175097	-0.051407	0.101353	0.279348	0.468869	0.637397	0.759351	0.835148	0.854389	0.816712	0.712256	0.536593	0.311868	0.0622456	-0.189952	-0.435703	
-0.686466	-0.687032	-0.682972	-0.678275	-0.653995	-0.598298	-0.51712	-0.425076	-0.319752	-0.194061	-0.0468994	0.126146	0.316527	0.516514	0.691831	0.814138	0.881893	0.905089	0.886817	0.810252	0.678859	0.50205	0.299077	0.0828217	-0.142192	
-0.795227	-0.781124	-0.764745	-0.743034	-0.700435	-0.626116	-0.532626	-0.426242	-0.308018	-0.176811	-0.0265011	0.154897	0.35338	0.550567	0.71589	0.824897	0.889065	0.921946	0.924293	0.883881	0.800841	0.672942	0.518041	0.342366	0.143624	
-0.814716	-0.788932	-0.753049	-0.715847	-0.658335	-0.573641	-0.47572	-0.367082	-0.250259	-0.117544	0.0272561	0.20331	0.396161	0.580122	0.732856	0.833121	0.888968	0.920404	0.933678	0.920883	0.88256	0.803206	0.698682	0.564974	0.393727	
-0.740186	-0.701339	-0.648592	-0.590866	-0.523735	-0.440241	-0.3438	-0.240505	-0.132842	-0.0124099	0.129342	0.292523	0.466799	0.631842	0.761912	0.843631	0.883988	0.911336	0.929768	0.933046	0.924492	0.88656	0.819878	0.71737	0.578468	
-0.584627	-0.532752	-0.470977	-0.403175	-0.331292	-0.252517	-0.167634	-0.0737046	0.0270175	0.135377	0.267145	0.419941	0.580838	0.717397	0.817165	0.876145	0.898839	0.90859	0.916077	0.925809	0.929714	0.916118	0.874232	0.792698	0.676227	
-0.377784	-0.325271	-0.257666	-0.186621	-0.12109	-0.054098	0.0185812	0.106892	0.198806	0.304376	0.430092	0.565772	0.704864	0.816231	0.892999	0.926806	0.927277	0.910178	0.895909	0.899975	0.905071	0.903141	0.873263	0.80102	0.693592	
-0.149919	-0.103015	-0.0447398	0.0204243	0.0800369	0.132412	0.195006	0.271304	0.355608	0.457087	0.57839	0.702097	0.813267	0.898422	0.949076	0.956666	0.942091	0.9056	0.869985	0.860773	0.856389	0.853985	0.82124	0.747885	0.649867	
0.070628	0.107053	0.150636	0.201802	0.24842	0.28323	0.33223	0.398774	0.478813	0.569294	0.67749	0.792498	0.881458	0.943325	0.975688	0.968733	0.933599	0.871136	0.815178	0.786611	0.770449	0.759322	0.718599	0.643965	0.547014	
0.253895	0.275913	0.305113	0.342987	0.370868	0.392515	0.427068	0.480626	0.556683	0.644731	0.745049	0.837286	0.907321	0.9521	0.963936	0.942551	0.884529	0.797666	0.714633	0.661264	0.630821	0.606284	0.564431	0.496794	0.414266	
0.386245	0.391114	0.402351	0.421302	0.43737	0.448176	0.470888	0.516278	0.589711	0.678606	0.774	0.852312	0.905097	0.92737	0.920944	0.880175	0.795029	0.686927	0.572636	0.492737	0.449155	0.411057	0.373788	0.324117	0.270136	
0.452915	0.442058	0.439219	0.440464	0.441084	0.446206	0.469606	0.520622	0.592683	0.68203	0.768156	0.83476	0.872571	0.874962	0.85168	0.788451	0.675486	0.540073	0.40733	0.307409	0.249443	0.21302	0.181473	0.154012	0.136797	
0.461574	0.43195	0.413428	0.406299	0.406481	0.41165	0.438016	0.492926	0.575268	0.667276	0.740251	0.786338	0.807868	0.798556	0.750713	0.673602	0.545791	0.386373	0.242287	0.127603	0.0574451	0.0271775	0.00953332	0.0093131	0.0330676	
