0.191471	0.278103	0.340858	0.389295	0.430903	0.460477	0.461675	0.424567	0.358178	0.27533	0.188172	0.119615	0.0797503	0.0563223	0.0542822	0.0745384	0.108593	0.139803	0.163112	0.169126	0.145528	0.0929157	0.0233404	-0.0671021	-0.159181	
0.278103	0.398004	0.480571	0.538109	0.580777	0.607476	0.607889	0.567537	0.494361	0.412827	0.341192	0.284542	0.254856	0.23562	0.233098	0.235014	0.243868	0.247264	0.229927	0.18586	0.113058	0.0151075	-0.100857	-0.230208	-0.355352	
0.340858	0.480571	0.579075	0.645946	0.691004	0.710451	0.700466	0.651453	0.573336	0.49951	0.445474	0.408841	0.391175	0.386926	0.393328	0.391635	0.383325	0.3633	0.303225	0.209688	0.0953501	-0.0367501	-0.180414	-0.334121	-0.479898	
0.389295	0.538109	0.645946	0.72221	0.763007	0.770442	0.747276	0.685148	0.604147	0.538948	0.502342	0.484954	0.484557	0.493381	0.510653	0.512557	0.502421	0.466344	0.374723	0.242705	0.0922525	-0.0681851	-0.230795	-0.392619	-0.54967	
0.430903	0.580777	0.691004	0.763007	0.79712	0.79733	0.759946	0.690633	0.611984	0.550876	0.518545	0.512103	0.522534	0.540819	0.565334	0.581702	0.576395	0.531125	0.421389	0.266165	0.0879276	-0.0924388	-0.260452	-0.420255	-0.573507	
0.460477	0.607476	0.710451	0.770442	0.79733	0.789699	0.739071	0.666926	0.593696	0.53417	0.504157	0.506986	0.522272	0.543921	0.572388	0.593471	0.58541	0.529873	0.415859	0.254754	0.073146	-0.103753	-0.266907	-0.41566	-0.556319	
0.461675	0.607889	0.700466	0.747276	0.759946	0.739071	0.6817	0.609138	0.540147	0.490549	0.469829	0.477029	0.487616	0.508417	0.534145	0.554145	0.54115	0.48029	0.370734	0.220259	0.0534016	-0.106076	-0.248858	-0.386056	-0.506448	
0.424567	0.567537	0.651453	0.685148	0.690633	0.666926	0.609138	0.531784	0.453645	0.409953	0.400526	0.404751	0.413149	0.432761	0.456785	0.471939	0.455616	0.400781	0.309264	0.179776	0.0397433	-0.0932665	-0.217752	-0.331793	-0.425467	
0.358178	0.494361	0.573336	0.604147	0.611984	0.593696	0.540147	0.453645	0.366231	0.315736	0.304943	0.302838	0.31177	0.333957	0.356054	0.363545	0.345916	0.301627	0.233824	0.141307	0.0353403	-0.0675077	-0.166803	-0.248834	-0.312997	
0.27533	0.412827	0.49951	0.538948	0.550876	0.53417	0.490549	0.409953	0.315736	0.251992	0.223049	0.208497	0.212725	0.2336	0.252025	0.256868	0.240727	0.203263	0.160721	0.109906	0.0431836	-0.0285645	-0.0950296	-0.145322	-0.181191	
0.188172	0.341192	0.445474	0.502342	0.518545	0.504157	0.469829	0.400526	0.304943	0.223049	0.172917	0.139929	0.126952	0.135557	0.153295	0.161309	0.148097	0.123569	0.106783	0.0962603	0.0704975	0.0330637	-0.00236349	-0.0303324	-0.0483827	
0.119615	0.284542	0.408841	0.484954	0.512103	0.506986	0.477029	0.404751	0.302838	0.208497	0.139929	0.0851781	0.0557169	0.0559284	0.0709521	0.0799134	0.075178	0.069834	0.0819408	0.101874	0.106843	0.103766	0.0948827	0.0867827	0.0876926	
0.0797503	0.254856	0.391175	0.484557	0.522534	0.522272	0.487616	0.413149	0.31177	0.212725	0.126952	0.0557169	0.0175221	0.0198823	0.0332798	0.0372058	0.0474956	0.0677802	0.102291	0.137901	0.161669	0.17492	0.185726	0.195361	0.214265	
0.0563223	0.23562	0.386926	0.493381	0.540819	0.543921	0.508417	0.432761	0.333957	0.2336	0.135557	0.0559284	0.0198823	0.0220021	0.0278355	0.0380494	0.0656883	0.113	0.169453	0.216902	0.246877	0.260757	0.275067	0.290167	0.313935	
0.0542822	0.233098	0.393328	0.510653	0.565334	0.572388	0.534145	0.456785	0.356054	0.252025	0.153295	0.0709521	0.0332798	0.0278355	0.0426234	0.0756164	0.129925	0.200596	0.277254	0.33117	0.358427	0.369267	0.376741	0.386877	0.395029	
0.0745384	0.235014	0.391635	0.512557	0.581702	0.593471	0.554145	0.471939	0.363545	0.256868	0.161309	0.0799134	0.0372058	0.0380494	0.0756164	0.144099	0.232808	0.327896	0.415974	0.468242	0.485109	0.487252	0.488298	0.484594	0.471281	
0.108593	0.243868	0.383325	0.502421	0.576395	0.58541	0.54115	0.455616	0.345916	0.240727	0.148097	0.075178	0.0474956	0.0656883	0.129925	0.232808	0.350589	0.470902	0.565703	0.611323	0.618544	0.608153	0.589968	0.566933	0.534535	
0.139803	0.247264	0.3633	0.466344	0.531125	0.529873	0.48029	0.400781	0.301627	0.203263	0.123569	0.069834	0.0677802	0.113	0.200596	0.327896	0.470902	0.602029	0.695155	0.735987	0.732871	0.704361	0.660408	0.618097	0.573566	
0.163112	0.229927	0.303225	0.374723	0.421389	0.415859	0.370734	0.309264	0.233824	0.160721	0.106783	0.0819408	0.102291	0.169453	0.277254	0.415974	0.565703	0.695155	0.78207	0.821594	0.813253	0.76844	0.702117	0.637038	0.57314	
0.169126	0.18586	0.209688	0.242705	0.266165	0.254754	0.220259	0.179776	0.141307	0.109906	0.0962603	0.101874	0.137901	0.216902	0.33117	0.468242	0.611323	0.735987	0.821594	0.860621	0.850688	0.797224	0.71614	0.621641	0.529012	
0.145528	0.113058	0.0953501	0.0922525	0.0879276	0.073146	0.0534016	0.0397433	0.0353403	0.0431836	0.0704975	0.106843	0.161669	0.246877	0.358427	0.485109	0.618544	0.732871	0.813253	0.850688	0.839541	0.783419	0.687246	0.564667	0.447769	
0.0929157	0.0151075	-0.0367501	-0.0681851	-0.0924388	-0.103753	-0.106076	-0.0932665	-0.0675077	-0.0285645	0.0330637	0.103766	0.17492	0.260757	0.369267	0.487252	0.608153	0.704361	0.76844	0.797224	0.783419	0.715984	0.599207	0.458432	0.334394	
0.0233404	-0.100857	-0.180414	-0.230795	-0.260452	-0.266907	-0.248858	-0.217752	-0.166803	-0.0950296	-0.00236349	0.0948827	0.185726	0.275067	0.376741	0.488298	0.589968	0.660408	0.702117	0.71614	0.687246	0.599207	0.465036	0.316529	0.192057	
-0.0671021	-0.230208	-0.334121	-0.392619	-0.420255	-0.41566	-0.386056	-0.331793	-0.248834	-0.145322	-0.0303324	0.0867827	0.195361	0.290167	0.386877	0.484594	0.566933	0.618097	0.637038	0.621641	0.564667	0.458432	0.316529	0.169546	0.0475199	
-0.159181	-0.355352	-0.479898	-0.54967	-0.573507	-0.556319	-0.506448	-0.425467	-0.312997	-0.181191	-0.0483827	0.0876926	0.214265	0.313935	0.395029	0.471281	0.534535	0.573566	0.57314	0.529012	0.447769	0.334394	0.192057	0.0475199	-0.0717924	
-0.242238	-0.457858	-0.605705	-0.690583	-0.713534	-0.680686	-0.600957	-0.487483	-0.342771	-0.18519	-0.0364239	0.111154	0.240184	0.331506	0.3969	0.458133	0.507026	0.535189	0.518006	0.455368	0.361731	0.241873	0.10239	-0.0371986	-0.147903	
-0.316188	-0.545879	-0.711215	-0.808754	-0.828368	-0.774886	-0.664137	-0.513328	-0.338156	-0.158653	0.00482354	0.154858	0.27491	0.355986	0.410988	0.458214	0.489703	0.499785	0.473587	0.407626	0.310055	0.187022	0.046964	-0.0811085	-0.177044	
-0.381611	-0.616068	-0.790991	-0.890443	-0.907221	-0.839741	-0.706554	-0.521313	-0.312591	-0.11596	0.0517541	0.199371	0.310659	0.386884	0.435955	0.465277	0.475269	0.470656	0.439463	0.375665	0.27859	0.15634	0.0260578	-0.0855849	-0.167191	
-0.438884	-0.67373	-0.850861	-0.949221	-0.959969	-0.888608	-0.737045	-0.521593	-0.28392	-0.0789699	0.085506	0.227864	0.340416	0.421869	0.465607	0.476931	0.47283	0.458396	0.42124	0.352007	0.25626	0.142732	0.0298258	-0.066708	-0.138409	
-0.470702	-0.706061	-0.885428	-0.981162	-0.990518	-0.91537	-0.757216	-0.524248	-0.269179	-0.06192	0.0986509	0.23945	0.356437	0.441605	0.479601	0.478333	0.469726	0.453521	0.411322	0.3371	0.243646	0.143388	0.0423063	-0.0474624	-0.112831	
-0.475826	-0.710415	-0.890754	-0.985954	-0.995315	-0.91946	-0.762033	-0.525667	-0.267666	-0.0599928	0.0996657	0.241919	0.359132	0.44421	0.481905	0.478056	0.468294	0.452586	0.409756	0.333523	0.241815	0.144734	0.0450935	-0.0433981	-0.106891	
-0.454929	-0.690245	-0.868109	-0.965935	-0.975315	-0.902576	-0.7458	-0.521855	-0.276055	-0.0697325	0.0932159	0.234133	0.348741	0.432601	0.473377	0.479233	0.47237	0.456297	0.41626	0.34513	0.249847	0.141067	0.0348462	-0.0578764	-0.126879	
-0.406749	-0.641353	-0.817294	-0.916042	-0.93089	-0.861306	-0.720393	-0.521778	-0.299862	-0.0995014	0.0675358	0.213147	0.323912	0.400959	0.448516	0.469718	0.473219	0.463872	0.431076	0.365214	0.268758	0.149323	0.0248316	-0.0797012	-0.156906	
-0.342911	-0.575659	-0.745561	-0.845343	-0.863973	-0.80377	-0.682872	-0.517782	-0.329531	-0.142134	0.0237645	0.17314	0.289085	0.367924	0.41943	0.46002	0.482655	0.486668	0.458114	0.393355	0.295858	0.172658	0.0353159	-0.087002	-0.17678	
-0.27329	-0.495176	-0.65162	-0.742112	-0.763441	-0.722153	-0.629861	-0.501589	-0.344154	-0.177155	-0.0217433	0.127536	0.25334	0.340428	0.401323	0.45684	0.499678	0.521544	0.499617	0.433379	0.337382	0.215594	0.0760976	-0.059524	-0.165046	
-0.192658	-0.399052	-0.532266	-0.60812	-0.631699	-0.60822	-0.547522	-0.454707	-0.330091	-0.187668	-0.0482298	0.0937002	0.223681	0.32159	0.395501	0.464567	0.521723	0.556501	0.5498	0.496614	0.408396	0.29346	0.151995	0.00903848	-0.10785	
-0.105619	-0.282261	-0.394435	-0.456272	-0.482784	-0.473371	-0.437143	-0.372224	-0.276842	-0.161556	-0.039803	0.0854851	0.201246	0.299034	0.390458	0.480355	0.554934	0.601059	0.61107	0.583651	0.515173	0.404449	0.262607	0.11665	-0.00462519	
-0.0108851	-0.152238	-0.241401	-0.296225	-0.325132	-0.327622	-0.304987	-0.264827	-0.20215	-0.117233	-0.0143206	0.0918865	0.190155	0.281317	0.381159	0.488253	0.581962	0.643049	0.675673	0.679063	0.640019	0.544023	0.405069	0.256499	0.132954	
0.0676541	-0.0291229	-0.0922751	-0.13295	-0.161674	-0.170867	-0.164142	-0.144416	-0.108357	-0.0562974	0.018007	0.10018	0.178718	0.265432	0.37114	0.487018	0.601057	0.687243	0.742572	0.76747	0.748874	0.673985	0.549976	0.404697	0.280046	
0.126211	0.0763025	0.0441737	0.02834	0.0149339	0.000849354	-0.0124872	-0.0141991	-0.00643935	0.0146489	0.0561641	0.106771	0.167836	0.254001	0.364938	0.48714	0.615509	0.724181	0.799899	0.834067	0.822554	0.763094	0.659022	0.527852	0.406398	
0.163805	0.160169	0.166856	0.184285	0.196505	0.183022	0.153913	0.123484	0.0995888	0.0850359	0.0884804	0.105307	0.14857	0.230974	0.344354	0.477859	0.617026	0.738397	0.823265	0.862636	0.851734	0.796855	0.711088	0.604646	0.500384	
0.1683	0.215832	0.268737	0.325087	0.363108	0.355644	0.314449	0.260765	0.199637	0.142035	0.102943	0.0907014	0.117749	0.190569	0.303696	0.442932	0.590829	0.717932	0.803955	0.842713	0.834014	0.784853	0.711172	0.635457	0.560408	
0.149809	0.243412	0.344509	0.436092	0.494329	0.491694	0.442303	0.369184	0.277221	0.186566	0.115292	0.0723367	0.0796001	0.135333	0.230855	0.365053	0.513183	0.644894	0.735358	0.775837	0.769879	0.733469	0.680094	0.629058	0.579117	
0.121925	0.246721	0.378591	0.493558	0.564481	0.568943	0.522493	0.438227	0.331538	0.227203	0.138871	0.0716892	0.0541975	0.0829722	0.157525	0.27035	0.399381	0.526021	0.621637	0.664884	0.667985	0.650985	0.622066	0.592392	0.553866	
0.0874699	0.236866	0.38868	0.510043	0.58272	0.595241	0.554162	0.469808	0.360021	0.253969	0.158437	0.0795776	0.0399851	0.0466896	0.0950366	0.178326	0.27864	0.384835	0.476698	0.526243	0.538325	0.536181	0.531745	0.520264	0.499328	
0.0600821	0.234005	0.393434	0.514027	0.574372	0.582582	0.543716	0.464986	0.361207	0.255958	0.158965	0.076061	0.035159	0.0304435	0.0532662	0.0992546	0.167284	0.247503	0.329303	0.384125	0.407739	0.415705	0.421507	0.4265	0.425362	
0.0529828	0.232398	0.38966	0.499994	0.55033	0.555493	0.518666	0.442151	0.343765	0.242228	0.142449	0.0613928	0.0262221	0.0247479	0.0317692	0.0490006	0.0863076	0.143031	0.208669	0.259042	0.288778	0.302273	0.313591	0.328071	0.347425	
0.0677401	0.245818	0.3877	0.486816	0.528643	0.529311	0.494701	0.419615	0.319785	0.220752	0.128222	0.0522826	0.0149484	0.0181358	0.0283306	0.0328558	0.0492972	0.0811212	0.123671	0.164418	0.191713	0.20597	0.220946	0.234541	0.257687	
0.101091	0.270342	0.399512	0.483455	0.515544	0.512504	0.480645	0.407494	0.303989	0.207038	0.132055	0.0696099	0.0351216	0.0354995	0.0501289	0.0566352	0.0578708	0.0621512	0.0846345	0.111658	0.125988	0.131826	0.132124	0.13211	0.141009	
0.157131	0.315803	0.428838	0.492948	0.512593	0.502106	0.470846	0.401882	0.304513	0.216053	0.157961	0.115831	0.0958717	0.0994458	0.116154	0.126096	0.115393	0.097775	0.0924901	0.0958004	0.0835113	0.0611858	0.0369677	0.0169055	0.0052389	
