0.112815	0.13791	0.166191	0.172261	0.139292	0.0871339	0.0459709	0.0217176	0.00519432	0.00320892	0.0245072	0.0863032	0.179434	0.292544	0.386698	0.434513	0.419623	0.332323	0.188413	0.0156215	-0.157547	-0.306113	-0.392183	-0.373487	-0.25502	
0.13791	0.173603	0.210959	0.215297	0.163427	0.0872095	0.0315285	-0.00623374	-0.0360856	-0.0485489	-0.0317003	0.0314538	0.127898	0.240797	0.346172	0.414405	0.426584	0.37081	0.25297	0.0981633	-0.0620441	-0.207509	-0.304199	-0.304993	-0.204755	
0.166191	0.210959	0.250527	0.243019	0.173627	0.0822494	0.0119682	-0.0363634	-0.0759371	-0.0951334	-0.0771535	-0.0159125	0.0742659	0.182829	0.293193	0.374772	0.411376	0.386674	0.300378	0.171895	0.0313554	-0.100927	-0.195196	-0.209388	-0.12864	
0.172261	0.215297	0.243019	0.218834	0.146118	0.0566229	-0.0212862	-0.0708527	-0.106236	-0.125775	-0.104873	-0.0489826	0.0353628	0.140943	0.249507	0.339098	0.393403	0.392892	0.332308	0.232225	0.111572	-0.00386848	-0.0812334	-0.0942253	-0.0224406	
0.139292	0.163427	0.173627	0.146118	0.0832805	0.00902705	-0.0604067	-0.110618	-0.1393	-0.151147	-0.127568	-0.07183	0.0151416	0.120853	0.229854	0.326382	0.390432	0.407031	0.368103	0.292612	0.196442	0.102792	0.0414015	0.0355688	0.103775	
0.0871339	0.0872095	0.0822494	0.0566229	0.00902705	-0.0513171	-0.110436	-0.148901	-0.168855	-0.171739	-0.137725	-0.0665326	0.0315447	0.135859	0.243883	0.34537	0.416892	0.443667	0.426561	0.379129	0.31049	0.237387	0.183612	0.182081	0.23799	
0.0459709	0.0315285	0.0119682	-0.0212862	-0.0604067	-0.110436	-0.154222	-0.177978	-0.17981	-0.157678	-0.0970955	-0.00527323	0.107045	0.214935	0.315966	0.416596	0.493044	0.525122	0.521541	0.488349	0.438084	0.380118	0.337678	0.333375	0.372057	
0.0217176	-0.00623374	-0.0363634	-0.0708527	-0.110618	-0.148901	-0.177978	-0.182787	-0.159227	-0.103855	-0.0115464	0.107932	0.23233	0.343357	0.443177	0.544918	0.62454	0.659046	0.650922	0.617856	0.57537	0.525719	0.490015	0.477987	0.492239	
0.00519432	-0.0360856	-0.0759371	-0.106236	-0.1393	-0.168855	-0.17981	-0.159227	-0.101931	-0.0142274	0.105845	0.248779	0.38809	0.512124	0.62785	0.729113	0.805432	0.840541	0.823224	0.779553	0.727515	0.673512	0.627471	0.591977	0.569113	
0.00320892	-0.0485489	-0.0951334	-0.125775	-0.151147	-0.171739	-0.157678	-0.103855	-0.0142274	0.108063	0.245384	0.399102	0.550316	0.692664	0.822716	0.935441	1.01309	1.04158	1.0131	0.952387	0.878684	0.802656	0.727356	0.653608	0.583048	
0.0245072	-0.0317003	-0.0771535	-0.104873	-0.127568	-0.137725	-0.0970955	-0.0115464	0.105845	0.245384	0.397138	0.555068	0.712242	0.86853	1.01371	1.129	1.2028	1.21913	1.18266	1.10228	0.997051	0.885986	0.77013	0.650976	0.536898	
0.0863032	0.0314538	-0.0159125	-0.0489826	-0.07183	-0.0665326	-0.00527323	0.107932	0.248779	0.399102	0.555068	0.71324	0.87718	1.04024	1.19041	1.29808	1.35811	1.36013	1.30957	1.20731	1.07028	0.922059	0.763429	0.600776	0.453852	
0.179434	0.127898	0.0742659	0.0353628	0.0151416	0.0315447	0.107045	0.23233	0.38809	0.550316	0.712242	0.87718	1.04508	1.20495	1.34223	1.43518	1.47842	1.46488	1.3948	1.27437	1.11221	0.928816	0.724171	0.522803	0.341329	
0.292544	0.240797	0.182829	0.140943	0.120853	0.135859	0.214935	0.343357	0.512124	0.692664	0.86853	1.04024	1.20495	1.35199	1.46223	1.53105	1.55191	1.52365	1.43741	1.30246	1.11831	0.904269	0.664089	0.424392	0.204108	
0.386698	0.346172	0.293193	0.249507	0.229854	0.243883	0.315966	0.443177	0.62785	0.822716	1.01371	1.19041	1.34223	1.46223	1.5411	1.58076	1.57678	1.52585	1.4248	1.27635	1.07912	0.83923	0.577957	0.311191	0.0555785	
0.434513	0.414405	0.374772	0.339098	0.326382	0.34537	0.416596	0.544918	0.729113	0.935441	1.129	1.29808	1.43518	1.53105	1.58076	1.584	1.54695	1.47055	1.35501	1.19688	0.990948	0.739259	0.472538	0.200819	-0.0753473	
0.419623	0.426584	0.411376	0.393403	0.390432	0.416892	0.493044	0.62454	0.805432	1.01309	1.2028	1.35811	1.47842	1.55191	1.57678	1.54695	1.4733	1.36858	1.2348	1.07067	0.863984	0.616982	0.355083	0.0891036	-0.181291	
0.332323	0.37081	0.386674	0.392892	0.407031	0.443667	0.525122	0.659046	0.840541	1.04158	1.21913	1.36013	1.46488	1.52365	1.52585	1.47055	1.36858	1.23078	1.07663	0.908455	0.704105	0.470475	0.223401	-0.0253158	-0.27316	
0.188413	0.25297	0.300378	0.332308	0.368103	0.426561	0.521541	0.650922	0.823224	1.0131	1.18266	1.30957	1.3948	1.43741	1.4248	1.35501	1.2348	1.07663	0.903076	0.723202	0.524279	0.309899	0.088766	-0.12911	-0.343053	
0.0156215	0.0981633	0.171895	0.232225	0.292612	0.379129	0.488349	0.617856	0.779553	0.952387	1.10228	1.20731	1.27437	1.30246	1.27635	1.19688	1.07067	0.908455	0.723202	0.532113	0.345353	0.155364	-0.0298237	-0.208251	-0.382116	
-0.157547	-0.0620441	0.0313554	0.111572	0.196442	0.31049	0.438084	0.57537	0.727515	0.878684	0.997051	1.07028	1.11221	1.11831	1.07912	0.990948	0.863984	0.704105	0.524279	0.345353	0.173502	0.0197356	-0.119544	-0.257172	-0.396189	
-0.306113	-0.207509	-0.100927	-0.00386848	0.102792	0.237387	0.380118	0.525719	0.673512	0.802656	0.885986	0.922059	0.928816	0.904269	0.83923	0.739259	0.616982	0.470475	0.309899	0.155364	0.0197356	-0.0936697	-0.192467	-0.289691	-0.393471	
-0.392183	-0.304199	-0.195196	-0.0812334	0.0414015	0.183612	0.337678	0.490015	0.627471	0.727356	0.77013	0.763429	0.724171	0.664089	0.577957	0.472538	0.355083	0.223401	0.088766	-0.0298237	-0.119544	-0.192467	-0.255698	-0.31636	-0.392955	
-0.373487	-0.304993	-0.209388	-0.0942253	0.0355688	0.182081	0.333375	0.477987	0.591977	0.653608	0.650976	0.600776	0.522803	0.424392	0.311191	0.200819	0.0891036	-0.0253158	-0.12911	-0.208251	-0.257172	-0.289691	-0.31636	-0.355495	-0.417338	
-0.25502	-0.204755	-0.12864	-0.0224406	0.103775	0.23799	0.372057	0.492239	0.569113	0.583048	0.536898	0.453852	0.341329	0.204108	0.0555785	-0.0753473	-0.181291	-0.27316	-0.343053	-0.382116	-0.396189	-0.393471	-0.392955	-0.417338	-0.482236	
-0.0585695	-0.0226649	0.0381141	0.128947	0.233243	0.3375	0.444879	0.529679	0.560397	0.524935	0.433654	0.313626	0.164998	-0.0061784	-0.179735	-0.32797	-0.436493	-0.507521	-0.546577	-0.55359	-0.534566	-0.50153	-0.481851	-0.504117	-0.585045	
0.169162	0.200239	0.248941	0.321332	0.403382	0.4796	0.546014	0.581649	0.564767	0.477562	0.344417	0.181266	-0.00140766	-0.20541	-0.399376	-0.556135	-0.659816	-0.714263	-0.728577	-0.701852	-0.649566	-0.598632	-0.576271	-0.614563	-0.71702	
0.396246	0.421706	0.459653	0.515359	0.576665	0.627767	0.660335	0.6499	0.581679	0.45076	0.275168	0.0710647	-0.147481	-0.377322	-0.584464	-0.744619	-0.845786	-0.887963	-0.876926	-0.818876	-0.743097	-0.682857	-0.671199	-0.734119	-0.866504	
0.570765	0.600136	0.639229	0.68461	0.727159	0.754101	0.764647	0.725708	0.61772	0.443188	0.22374	-0.01837	-0.268334	-0.512472	-0.726245	-0.890832	-0.98532	-1.00956	-0.980488	-0.903172	-0.80916	-0.744472	-0.752339	-0.838778	-0.998731	
0.671954	0.7113	0.756314	0.794715	0.820967	0.834635	0.835085	0.781045	0.650916	0.445207	0.193184	-0.0732865	-0.335076	-0.584221	-0.808744	-0.975	-1.06353	-1.0722	-1.02479	-0.940568	-0.844436	-0.785164	-0.799891	-0.900449	-1.07861	
0.690006	0.731707	0.778276	0.813662	0.836982	0.848839	0.84862	0.791782	0.65674	0.444993	0.187851	-0.0817513	-0.344599	-0.596555	-0.823346	-0.988686	-1.07539	-1.08176	-1.03132	-0.944855	-0.849972	-0.791713	-0.807343	-0.911164	-1.09254	
0.620467	0.653784	0.695447	0.737848	0.773199	0.79333	0.797941	0.751537	0.633495	0.443831	0.208517	-0.0468056	-0.302575	-0.548412	-0.766678	-0.933065	-1.02492	-1.0418	-1.004	-0.923296	-0.826913	-0.764343	-0.775632	-0.869201	-1.0377	
0.4742	0.500067	0.536923	0.587548	0.641163	0.681025	0.704561	0.680804	0.593993	0.445897	0.252499	0.0336841	-0.200126	-0.437624	-0.646805	-0.809019	-0.907967	-0.943951	-0.925403	-0.857829	-0.773324	-0.710004	-0.707179	-0.779678	-0.923815	
0.263136	0.291866	0.335046	0.400088	0.474437	0.541257	0.59178	0.606451	0.568974	0.464901	0.314631	0.134046	-0.0624485	-0.278003	-0.478606	-0.636338	-0.738988	-0.788419	-0.792197	-0.752254	-0.689823	-0.634415	-0.614426	-0.66256	-0.776128	
0.0302089	0.0641872	0.11969	0.203707	0.297984	0.390801	0.482462	0.549329	0.561468	0.503253	0.395681	0.258827	0.0962826	-0.0885748	-0.270664	-0.422881	-0.529665	-0.593884	-0.623129	-0.616465	-0.583361	-0.541482	-0.518266	-0.545283	-0.634842	
-0.183822	-0.140053	-0.0702899	0.0301996	0.148766	0.272384	0.397623	0.504737	0.563002	0.55839	0.494681	0.397649	0.271413	0.119806	-0.0401348	-0.179722	-0.286997	-0.369152	-0.425929	-0.452184	-0.453126	-0.437491	-0.427818	-0.449721	-0.519427	
-0.337116	-0.27634	-0.189185	-0.0767424	0.0542855	0.198243	0.344018	0.480759	0.58204	0.624137	0.603566	0.539985	0.44775	0.333445	0.206191	0.0886937	-0.0191436	-0.124989	-0.215302	-0.277948	-0.312731	-0.330335	-0.345082	-0.376553	-0.437977	
-0.397446	-0.317629	-0.211223	-0.0950612	0.0309685	0.175755	0.330564	0.481646	0.611387	0.698009	0.722663	0.697695	0.642	0.567299	0.471377	0.365879	0.249412	0.123697	0.00172501	-0.10126	-0.174432	-0.231086	-0.278748	-0.329905	-0.398996	
-0.352067	-0.255271	-0.145749	-0.0409853	0.0736153	0.211938	0.359938	0.508974	0.654036	0.77185	0.840457	0.859544	0.848142	0.80986	0.736245	0.631852	0.512435	0.372616	0.220832	0.0804322	-0.0365769	-0.133766	-0.218595	-0.300252	-0.391151	
-0.220916	-0.122586	-0.0239582	0.0634426	0.156625	0.280199	0.414951	0.555816	0.705896	0.848494	0.952416	1.01196	1.04174	1.03615	0.987145	0.894908	0.769027	0.613174	0.44075	0.268956	0.108651	-0.0288822	-0.149899	-0.271702	-0.396433	
-0.0559358	0.0333261	0.116057	0.185087	0.255623	0.353094	0.470022	0.60163	0.759503	0.92368	1.0615	1.15502	1.21323	1.23356	1.20324	1.11978	0.993637	0.831199	0.645727	0.457652	0.275761	0.0995287	-0.0686874	-0.23072	-0.390561	
0.121698	0.193721	0.252641	0.296014	0.341015	0.41079	0.511082	0.639516	0.807196	0.990971	1.15515	1.27461	1.35272	1.39015	1.37147	1.29737	1.17342	1.01304	0.832761	0.646193	0.451637	0.245486	0.0385726	-0.163578	-0.362049	
0.280316	0.33019	0.358414	0.374728	0.397557	0.441501	0.52783	0.660237	0.838702	1.03632	1.21031	1.34621	1.44262	1.49474	1.49089	1.42932	1.3178	1.16944	1.00688	0.836196	0.633935	0.407744	0.168404	-0.0697029	-0.304572	
0.393017	0.412886	0.409914	0.401193	0.403444	0.432987	0.510743	0.644205	0.826315	1.03169	1.21678	1.36556	1.48052	1.54822	1.56276	1.52144	1.43483	1.31709	1.17557	1.00966	0.803141	0.560281	0.304018	0.043813	-0.219514	
0.437267	0.426628	0.39631	0.36642	0.356553	0.379	0.452146	0.581298	0.763194	0.970884	1.16429	1.32831	1.458	1.54411	1.58417	1.57393	1.52208	1.43433	1.31202	1.15121	0.945113	0.693841	0.427138	0.156689	-0.120415	
0.412348	0.379013	0.329728	0.288038	0.271891	0.28635	0.356648	0.484026	0.670554	0.871223	1.0643	1.23901	1.38582	1.49576	1.56221	1.58661	1.57109	1.51014	1.40364	1.25073	1.04902	0.801869	0.537401	0.266431	4.37806e-05	
0.334183	0.285463	0.228436	0.185188	0.164379	0.178623	0.255557	0.383931	0.559079	0.745663	0.929355	1.1048	1.26424	1.40034	1.49843	1.55746	1.56859	1.53126	1.43912	1.29824	1.10845	0.883801	0.632615	0.379228	0.144576	
0.224055	0.172093	0.116246	0.076228	0.0566358	0.0736878	0.151966	0.278304	0.438958	0.609265	0.774995	0.941931	1.1102	1.26686	1.3943	1.47846	1.51351	1.49493	1.41765	1.29159	1.11995	0.923173	0.702833	0.486397	0.289139	
0.12029	0.0673085	0.0174467	-0.0183238	-0.041171	-0.0297722	0.0386762	0.159046	0.306875	0.459584	0.618114	0.779308	0.944969	1.10729	1.25488	1.3573	1.41087	1.40683	1.34835	1.23811	1.09064	0.928101	0.750375	0.571902	0.41289	
0.044198	-0.0122057	-0.0575941	-0.0860797	-0.10867	-0.113539	-0.063753	0.0342275	0.160745	0.306291	0.460028	0.617342	0.777534	0.938324	1.08632	1.19988	1.26844	1.27902	1.23887	1.14998	1.03077	0.90477	0.772397	0.635158	0.50671	
