0.24605	0.204997	0.167636	0.139805	0.124277	0.122495	0.131902	0.154934	0.189424	0.229404	0.272275	0.320995	0.370964	0.400313	0.38843	0.335835	0.25526	0.159557	0.0498556	-0.0751038	-0.207972	-0.341966	-0.45324	-0.529111	-0.575764	
0.295364	0.284029	0.289273	0.2919	0.292228	0.292882	0.291832	0.290481	0.285721	0.287922	0.309963	0.338492	0.369971	0.388697	0.378348	0.339986	0.271951	0.191041	0.0903727	-0.0418168	-0.193296	-0.354432	-0.494822	-0.591633	-0.654238	
0.370937	0.385046	0.422041	0.453719	0.468555	0.472526	0.460655	0.436861	0.39867	0.372753	0.376653	0.397764	0.420746	0.438254	0.437852	0.413263	0.355237	0.280431	0.177377	0.0350217	-0.139319	-0.324752	-0.490243	-0.616852	-0.695325	
0.477029	0.505115	0.555749	0.602978	0.631377	0.636171	0.617134	0.57633	0.524095	0.484223	0.475732	0.4955	0.525127	0.548944	0.564778	0.551009	0.497414	0.421862	0.310298	0.153476	-0.0429795	-0.252925	-0.448473	-0.609305	-0.71682	
0.589224	0.624875	0.679391	0.729274	0.76799	0.778185	0.746427	0.700251	0.646213	0.599364	0.583859	0.603694	0.643804	0.689668	0.722386	0.723952	0.680936	0.601372	0.480309	0.307985	0.0851312	-0.152904	-0.380383	-0.575836	-0.714509	
0.684818	0.727511	0.779867	0.834796	0.880376	0.891178	0.855235	0.802305	0.747527	0.699607	0.67431	0.694297	0.746829	0.80843	0.865105	0.888318	0.862628	0.792144	0.665419	0.476864	0.233115	-0.0365866	-0.293195	-0.51415	-0.678198	
0.738061	0.784236	0.840653	0.89827	0.946148	0.955524	0.920458	0.863641	0.806652	0.753689	0.725925	0.743472	0.797539	0.866294	0.940854	0.988054	0.99353	0.943284	0.826232	0.633651	0.379117	0.0895277	-0.190375	-0.432547	-0.618911	
0.722013	0.772265	0.839677	0.900708	0.945886	0.954327	0.921663	0.864685	0.799475	0.737791	0.710186	0.724017	0.77371	0.847317	0.935669	1.01309	1.05408	1.03233	0.936037	0.749966	0.496836	0.206512	-0.0841393	-0.340253	-0.546266	
0.632605	0.688961	0.765233	0.833235	0.875554	0.881916	0.853844	0.794696	0.718925	0.650597	0.619429	0.633211	0.684782	0.768409	0.874547	0.978516	1.0469	1.05623	0.98328	0.82024	0.59004	0.318263	0.0359027	-0.226792	-0.452504	
0.480107	0.536668	0.615163	0.68374	0.724897	0.731289	0.704509	0.644689	0.567779	0.497966	0.466444	0.479478	0.538456	0.637508	0.759433	0.879273	0.971879	1.01125	0.977076	0.856478	0.670725	0.434184	0.170427	-0.0933336	-0.32809	
0.265129	0.319351	0.397542	0.471291	0.519139	0.526309	0.495451	0.428857	0.348998	0.282485	0.252104	0.268891	0.343299	0.464811	0.603566	0.736392	0.846546	0.91576	0.92237	0.855327	0.725093	0.540385	0.310259	0.063057	-0.161879	
0.0153	0.0615815	0.137109	0.213141	0.265407	0.275384	0.238479	0.16864	0.0896056	0.0289685	0.00677932	0.0299138	0.11258	0.247736	0.399771	0.546769	0.679668	0.784419	0.837139	0.825137	0.754517	0.625989	0.445984	0.23781	0.0407536	
-0.253587	-0.214538	-0.142916	-0.0646736	-0.0138412	-0.00552536	-0.0395265	-0.110352	-0.188856	-0.242731	-0.25637	-0.221428	-0.132383	0.00447125	0.167685	0.330299	0.483653	0.617036	0.71026	0.749326	0.739516	0.678962	0.571372	0.42605	0.273235	
-0.511802	-0.476344	-0.405823	-0.338569	-0.295896	-0.288954	-0.317597	-0.377274	-0.449714	-0.503373	-0.509443	-0.466635	-0.374385	-0.240418	-0.0745997	0.101615	0.271314	0.423717	0.549716	0.634362	0.681627	0.690601	0.663478	0.595408	0.497746	
-0.724255	-0.685259	-0.62182	-0.568044	-0.535541	-0.529692	-0.552199	-0.598422	-0.659996	-0.714223	-0.723556	-0.677893	-0.583702	-0.452974	-0.291847	-0.113494	0.0620056	0.227262	0.377701	0.501173	0.599054	0.669188	0.712796	0.720221	0.681538	
-0.866609	-0.824593	-0.771962	-0.727067	-0.696929	-0.690365	-0.713145	-0.752957	-0.803452	-0.853415	-0.870015	-0.826462	-0.732982	-0.608627	-0.461264	-0.297311	-0.132269	0.0359512	0.202514	0.354617	0.492997	0.613979	0.71754	0.788991	0.810767	
-0.924747	-0.890437	-0.847835	-0.809388	-0.772626	-0.765013	-0.792794	-0.832921	-0.872742	-0.914169	-0.928534	-0.893083	-0.81134	-0.707015	-0.58629	-0.449747	-0.307018	-0.148549	0.0253028	0.197752	0.364913	0.52593	0.677812	0.80256	0.881288	
-0.920274	-0.891629	-0.853975	-0.812991	-0.771872	-0.761667	-0.795516	-0.838841	-0.876475	-0.911591	-0.921794	-0.892461	-0.835333	-0.7618	-0.674151	-0.568839	-0.452355	-0.316272	-0.150823	0.0301472	0.214806	0.403114	0.589856	0.757522	0.885886	
-0.8654	-0.835339	-0.796019	-0.751862	-0.713258	-0.705989	-0.734286	-0.778829	-0.820222	-0.855603	-0.868911	-0.845957	-0.809903	-0.771575	-0.716713	-0.644702	-0.56039	-0.453472	-0.312316	-0.139558	0.0499592	0.251358	0.459288	0.654817	0.822432	
-0.765017	-0.731768	-0.691697	-0.661931	-0.637818	-0.633393	-0.650653	-0.679408	-0.714535	-0.754307	-0.772351	-0.762876	-0.745061	-0.733688	-0.716542	-0.686661	-0.637637	-0.564872	-0.449994	-0.299399	-0.121463	0.0840264	0.305649	0.520245	0.716762	
-0.648353	-0.611161	-0.581228	-0.565751	-0.557848	-0.557593	-0.561431	-0.57408	-0.597366	-0.634371	-0.662084	-0.666243	-0.663807	-0.670713	-0.684872	-0.704568	-0.699828	-0.66184	-0.5783	-0.455471	-0.297003	-0.0951883	0.138627	0.370838	0.584031	
-0.527342	-0.496488	-0.479017	-0.47534	-0.477004	-0.478599	-0.475352	-0.476689	-0.487578	-0.513701	-0.545245	-0.567653	-0.586082	-0.612992	-0.653603	-0.708837	-0.746905	-0.744055	-0.692093	-0.600693	-0.463022	-0.268169	-0.0305289	0.21414	0.441287	
-0.421085	-0.401588	-0.392373	-0.394504	-0.397392	-0.399259	-0.395422	-0.393096	-0.39608	-0.411972	-0.437174	-0.474508	-0.51962	-0.571976	-0.634973	-0.711601	-0.777117	-0.808966	-0.791284	-0.727594	-0.603701	-0.415348	-0.18169	0.0650758	0.301867	
-0.337168	-0.326154	-0.325664	-0.331464	-0.339027	-0.341327	-0.33463	-0.327631	-0.325078	-0.331259	-0.349823	-0.392493	-0.460436	-0.540688	-0.628052	-0.720252	-0.80401	-0.861368	-0.873793	-0.831321	-0.713314	-0.524401	-0.291443	-0.0430613	0.200075	
-0.278014	-0.272097	-0.279362	-0.297149	-0.315369	-0.319256	-0.304763	-0.285478	-0.273515	-0.273867	-0.290939	-0.335789	-0.413056	-0.511904	-0.622254	-0.729551	-0.829942	-0.898411	-0.924906	-0.894906	-0.780753	-0.589376	-0.351206	-0.0925243	0.157001	
-0.248424	-0.241738	-0.258122	-0.292981	-0.322454	-0.328032	-0.306506	-0.271006	-0.245452	-0.24342	-0.262731	-0.309933	-0.384439	-0.482033	-0.599903	-0.719482	-0.829552	-0.904092	-0.929074	-0.899497	-0.790999	-0.603703	-0.360259	-0.0907345	0.168391	
-0.241738	-0.239571	-0.272424	-0.323554	-0.36286	-0.37023	-0.342082	-0.292481	-0.248706	-0.236843	-0.256918	-0.302067	-0.369424	-0.45579	-0.563844	-0.683784	-0.798112	-0.87613	-0.898263	-0.859241	-0.749843	-0.567537	-0.323569	-0.0483127	0.219343	
-0.258122	-0.272424	-0.325248	-0.392861	-0.439811	-0.448211	-0.415859	-0.353292	-0.28946	-0.258368	-0.267565	-0.30475	-0.363409	-0.442454	-0.5387	-0.64615	-0.757942	-0.838319	-0.858721	-0.811165	-0.690368	-0.498952	-0.252405	0.0256733	0.297224	
-0.292981	-0.323554	-0.392861	-0.472566	-0.522406	-0.531508	-0.497168	-0.426488	-0.347126	-0.300183	-0.291786	-0.314432	-0.366287	-0.441888	-0.528308	-0.623759	-0.7169	-0.79553	-0.819946	-0.768804	-0.640937	-0.437606	-0.176419	0.102537	0.372371	
-0.322454	-0.36286	-0.439811	-0.522406	-0.573508	-0.582806	-0.546895	-0.474884	-0.390056	-0.333925	-0.315169	-0.325459	-0.369612	-0.445001	-0.525541	-0.606882	-0.683069	-0.753512	-0.780365	-0.736921	-0.611146	-0.399563	-0.128075	0.155685	0.423022	
-0.328032	-0.37023	-0.448211	-0.531508	-0.582806	-0.591735	-0.556303	-0.483644	-0.398402	-0.340356	-0.319975	-0.327683	-0.371286	-0.446406	-0.526308	-0.603932	-0.677044	-0.743674	-0.771783	-0.729937	-0.605433	-0.393185	-0.120286	0.1656	0.431474	
-0.306506	-0.342082	-0.415859	-0.497168	-0.546895	-0.556303	-0.521324	-0.450137	-0.367927	-0.315928	-0.301885	-0.318988	-0.367398	-0.442865	-0.526096	-0.615623	-0.701107	-0.777276	-0.802663	-0.75435	-0.626623	-0.41898	-0.152432	0.128335	0.397478	
-0.271006	-0.292481	-0.353292	-0.426488	-0.474884	-0.483644	-0.450137	-0.383812	-0.312368	-0.274083	-0.276267	-0.307763	-0.364681	-0.44177	-0.533236	-0.636754	-0.741577	-0.822291	-0.844179	-0.79357	-0.668881	-0.472547	-0.220718	0.0571246	0.328804	
-0.245452	-0.248706	-0.28946	-0.347126	-0.390056	-0.398402	-0.367927	-0.312368	-0.26117	-0.241671	-0.259338	-0.302217	-0.365428	-0.448447	-0.551734	-0.666826	-0.782726	-0.861122	-0.882015	-0.839751	-0.725899	-0.540959	-0.297887	-0.0210914	0.248622	
-0.24342	-0.236843	-0.258368	-0.300183	-0.333925	-0.340356	-0.315928	-0.274083	-0.241671	-0.238204	-0.258498	-0.30532	-0.377467	-0.470028	-0.58508	-0.707597	-0.818985	-0.89554	-0.91978	-0.886668	-0.779366	-0.595467	-0.350636	-0.078904	0.184184	
-0.262731	-0.256918	-0.267565	-0.291786	-0.315169	-0.319975	-0.301885	-0.276267	-0.259338	-0.258498	-0.276219	-0.322275	-0.398892	-0.500194	-0.615991	-0.728864	-0.834601	-0.905617	-0.931785	-0.904138	-0.792014	-0.601012	-0.360743	-0.0968464	0.15676	
-0.309933	-0.302067	-0.30475	-0.314432	-0.325459	-0.327683	-0.318988	-0.307763	-0.302217	-0.30532	-0.322275	-0.365902	-0.44	-0.529355	-0.626982	-0.724939	-0.81599	-0.878425	-0.899573	-0.862856	-0.746332	-0.556731	-0.32169	-0.0698867	0.175054	
-0.384439	-0.369424	-0.363409	-0.366287	-0.369612	-0.371286	-0.367398	-0.364681	-0.365428	-0.377467	-0.398892	-0.44	-0.494788	-0.558612	-0.630888	-0.713675	-0.78681	-0.831353	-0.826418	-0.772602	-0.651711	-0.463614	-0.230935	0.0154705	0.254951	
-0.482033	-0.45579	-0.442454	-0.441888	-0.445001	-0.446406	-0.442865	-0.44177	-0.448447	-0.470028	-0.500194	-0.529355	-0.558612	-0.595081	-0.645162	-0.709994	-0.760984	-0.771988	-0.73382	-0.653948	-0.522773	-0.330867	-0.0950204	0.151756	0.383416	
-0.599903	-0.563844	-0.5387	-0.528308	-0.525541	-0.526308	-0.526096	-0.533236	-0.551734	-0.58508	-0.615991	-0.626982	-0.630888	-0.645162	-0.670741	-0.706545	-0.720972	-0.697092	-0.626444	-0.515623	-0.365732	-0.166379	0.0705813	0.30891	0.527379	
-0.719482	-0.683784	-0.64615	-0.623759	-0.606882	-0.603932	-0.615623	-0.636754	-0.666826	-0.707597	-0.728864	-0.724939	-0.713675	-0.709994	-0.706545	-0.697051	-0.663747	-0.605308	-0.501881	-0.36165	-0.191489	0.0127755	0.239466	0.461833	0.666242	
-0.829552	-0.798112	-0.757942	-0.7169	-0.683069	-0.677044	-0.701107	-0.741577	-0.782726	-0.818985	-0.834601	-0.81599	-0.78681	-0.760984	-0.720972	-0.663747	-0.594093	-0.50022	-0.36951	-0.204618	-0.0183591	0.186278	0.399884	0.603901	0.78433	
-0.904092	-0.87613	-0.838319	-0.79553	-0.753512	-0.743674	-0.777276	-0.822291	-0.861122	-0.89554	-0.905617	-0.878425	-0.831353	-0.771988	-0.697092	-0.605308	-0.50022	-0.375085	-0.218788	-0.0385443	0.149936	0.344363	0.54204	0.721995	0.866997	
-0.929074	-0.898263	-0.858721	-0.819946	-0.780365	-0.771783	-0.802663	-0.844179	-0.882015	-0.91978	-0.931785	-0.899573	-0.826418	-0.73382	-0.626444	-0.501881	-0.36951	-0.218788	-0.0454468	0.131763	0.307549	0.481915	0.648744	0.791988	0.89163	
-0.899497	-0.859241	-0.811165	-0.768804	-0.736921	-0.729937	-0.75435	-0.79357	-0.839751	-0.886668	-0.904138	-0.862856	-0.772602	-0.653948	-0.515623	-0.36165	-0.204618	-0.0385443	0.131763	0.292951	0.444311	0.58239	0.706962	0.800838	0.846707	
-0.790999	-0.749843	-0.690368	-0.640937	-0.611146	-0.605433	-0.626623	-0.668881	-0.725899	-0.779366	-0.792014	-0.746332	-0.651711	-0.522773	-0.365732	-0.191489	-0.0183591	0.149936	0.307549	0.444311	0.559672	0.650967	0.720444	0.754968	0.740119	
-0.603703	-0.567537	-0.498952	-0.437606	-0.399563	-0.393185	-0.41898	-0.472547	-0.540959	-0.595467	-0.601012	-0.556731	-0.463614	-0.330867	-0.166379	0.0127755	0.186278	0.344363	0.481915	0.58239	0.650967	0.686134	0.688354	0.651697	0.577729	
-0.360259	-0.323569	-0.252405	-0.176419	-0.128075	-0.120286	-0.152432	-0.220718	-0.297887	-0.350636	-0.360743	-0.32169	-0.230935	-0.0950204	0.0705813	0.239466	0.399884	0.54204	0.648744	0.706962	0.720444	0.688354	0.613605	0.497948	0.366078	
-0.0907345	-0.0483127	0.0256733	0.102537	0.155685	0.1656	0.128335	0.0571246	-0.0210914	-0.078904	-0.0968464	-0.0698867	0.0154705	0.151756	0.30891	0.461833	0.603901	0.721995	0.791988	0.800838	0.754968	0.651697	0.497948	0.312331	0.131385	
0.168391	0.219343	0.297224	0.372371	0.423022	0.431474	0.397478	0.328804	0.248622	0.184184	0.15676	0.175054	0.254951	0.383416	0.527379	0.666242	0.78433	0.866997	0.89163	0.846707	0.740119	0.577729	0.366078	0.131385	-0.0845133	
