0.315713	0.196966	0.101165	0.038364	0.00364343	-0.00165091	0.020996	0.0721884	0.155531	0.26524	0.397665	0.528691	0.638533	0.69292	0.677491	0.584927	0.433904	0.249415	0.0559263	-0.131132	-0.303242	-0.446261	-0.539928	-0.571307	-0.542135	
0.364698	0.238753	0.136751	0.0660462	0.0280417	0.0214293	0.0471562	0.104234	0.194701	0.311782	0.446365	0.574392	0.670691	0.706015	0.666217	0.553378	0.387453	0.197018	0.00237177	-0.182218	-0.348029	-0.480229	-0.555785	-0.571164	-0.528694	
0.409993	0.282023	0.173236	0.0971976	0.0552555	0.047809	0.0766614	0.138233	0.235887	0.356607	0.49223	0.611769	0.692918	0.705194	0.64151	0.508061	0.32932	0.132943	-0.0614859	-0.24443	-0.401396	-0.521312	-0.577994	-0.574694	-0.523245	
0.446809	0.316568	0.203289	0.12216	0.0759838	0.068944	0.0988488	0.167019	0.267812	0.394194	0.524667	0.63749	0.697494	0.689872	0.600214	0.450637	0.260024	0.0604327	-0.13361	-0.312079	-0.461119	-0.563149	-0.604066	-0.579564	-0.519668	
0.469697	0.338282	0.222137	0.135789	0.0861595	0.079232	0.110321	0.184577	0.288132	0.418165	0.543283	0.645774	0.68695	0.656844	0.547424	0.381939	0.185554	-0.0154858	-0.206494	-0.37722	-0.515498	-0.59857	-0.619576	-0.579941	-0.50742	
0.483483	0.354175	0.235239	0.144384	0.0924007	0.083749	0.118483	0.19487	0.304099	0.432298	0.55423	0.641769	0.665961	0.613361	0.486449	0.309377	0.108682	-0.0900131	-0.275881	-0.43699	-0.559136	-0.622515	-0.621084	-0.564441	-0.482233	
0.499225	0.371384	0.251188	0.156102	0.10141	0.0923199	0.128681	0.209526	0.320629	0.449909	0.563839	0.640167	0.644669	0.574624	0.432067	0.24747	0.0465599	-0.148722	-0.326168	-0.475843	-0.581475	-0.622451	-0.602721	-0.530637	-0.440311	
0.526358	0.402646	0.280943	0.183026	0.12552	0.116053	0.154347	0.238119	0.352104	0.478942	0.587266	0.648261	0.638052	0.548711	0.39664	0.205462	0.00698883	-0.182547	-0.352504	-0.488586	-0.578453	-0.601036	-0.564154	-0.486904	-0.392821	
0.572975	0.454605	0.333997	0.233059	0.175015	0.163313	0.205218	0.288988	0.406039	0.527525	0.62845	0.673374	0.645719	0.539623	0.375021	0.179471	-0.0200143	-0.206247	-0.370425	-0.499128	-0.574471	-0.585985	-0.538644	-0.460066	-0.371289	
0.61734	0.507473	0.388554	0.287992	0.227815	0.216826	0.258727	0.344567	0.459683	0.57658	0.665475	0.694137	0.647413	0.52355	0.347687	0.144556	-0.0554264	-0.242581	-0.403384	-0.526441	-0.593503	-0.59565	-0.545461	-0.469821	-0.388587	
0.632505	0.532946	0.418263	0.318749	0.258293	0.24685	0.289668	0.374523	0.487776	0.595903	0.672561	0.681931	0.616264	0.474663	0.286613	0.0779033	-0.125779	-0.311442	-0.470941	-0.586943	-0.644341	-0.638967	-0.582995	-0.510844	-0.434939	
0.6129	0.524207	0.415136	0.317251	0.257323	0.24539	0.288733	0.372213	0.481948	0.581344	0.643952	0.635597	0.550901	0.394034	0.19569	-0.0182117	-0.222494	-0.408735	-0.562754	-0.67344	-0.719234	-0.706285	-0.646243	-0.574347	-0.503774	
0.55892	0.482228	0.378049	0.283975	0.223145	0.212642	0.254429	0.337614	0.441866	0.533071	0.581203	0.556381	0.454663	0.285051	0.079068	-0.136919	-0.340822	-0.523061	-0.671935	-0.771377	-0.806878	-0.782581	-0.718737	-0.645543	-0.577891	
0.483892	0.417513	0.320855	0.229006	0.169758	0.158853	0.200523	0.281573	0.380828	0.46283	0.497043	0.456671	0.339403	0.159413	-0.0526326	-0.269014	-0.471001	-0.648666	-0.789173	-0.877794	-0.89866	-0.864047	-0.791378	-0.714705	-0.643925	
0.394572	0.33965	0.248472	0.160624	0.101668	0.0914385	0.132159	0.211297	0.305482	0.378561	0.400445	0.346129	0.216903	0.0292736	-0.184641	-0.398752	-0.594973	-0.764825	-0.893368	-0.966806	-0.971396	-0.921246	-0.839452	-0.752453	-0.676899	
0.314967	0.268399	0.183991	0.0990242	0.040885	0.0315273	0.0705273	0.148973	0.236721	0.303446	0.312555	0.248548	0.108698	-0.0816133	-0.295184	-0.502566	-0.690502	-0.847705	-0.961219	-1.01437	-0.999489	-0.930222	-0.834042	-0.735179	-0.647606	
0.276864	0.238773	0.159455	0.0770643	0.0202737	0.0103749	0.0496911	0.125148	0.209975	0.268291	0.269902	0.19562	0.0513814	-0.140851	-0.348983	-0.548469	-0.724668	-0.868155	-0.963764	-0.997341	-0.961166	-0.875128	-0.764666	-0.654081	-0.55808	
0.299428	0.26783	0.193891	0.114364	0.0581008	0.0492572	0.0867135	0.161782	0.240685	0.294607	0.285976	0.206746	0.0562374	-0.133135	-0.337077	-0.526228	-0.691248	-0.820192	-0.898961	-0.91253	-0.859217	-0.756067	-0.63672	-0.516583	-0.414917	
0.386465	0.362382	0.293865	0.217199	0.162549	0.153502	0.190609	0.262739	0.338046	0.384186	0.369034	0.28112	0.128448	-0.0620922	-0.25988	-0.442409	-0.597512	-0.714696	-0.779833	-0.777586	-0.709626	-0.596471	-0.46813	-0.344641	-0.238761	
0.521687	0.504487	0.442038	0.36852	0.315713	0.30675	0.342915	0.412542	0.482697	0.52271	0.498618	0.405288	0.247098	0.0586183	-0.13682	-0.311763	-0.459371	-0.566734	-0.61943	-0.604817	-0.525658	-0.403821	-0.273284	-0.145866	-0.0416646	
0.693141	0.683774	0.627099	0.557731	0.506269	0.49822	0.532478	0.599782	0.664301	0.697383	0.665551	0.564512	0.403353	0.212882	0.0216584	-0.149836	-0.290649	-0.390035	-0.433981	-0.407732	-0.320952	-0.193429	-0.0597116	0.0658711	0.170314	
0.891801	0.889235	0.839097	0.772738	0.724231	0.715329	0.749584	0.812651	0.873125	0.898604	0.859514	0.752152	0.586296	0.396285	0.205526	0.0388259	-0.0984151	-0.19194	-0.228426	-0.196561	-0.104035	0.0237238	0.154464	0.276346	0.37189	
1.10381	1.10922	1.0648	1.00332	0.955992	0.948597	0.980132	1.04122	1.09501	1.11431	1.06671	0.952327	0.782095	0.588717	0.399143	0.231771	0.097124	0.00548063	-0.0284897	0.00722713	0.0981649	0.223642	0.347037	0.458272	0.543212	
1.30917	1.32213	1.28494	1.227	1.18315	1.17482	1.20627	1.26227	1.31174	1.32226	1.26712	1.14443	0.967714	0.77071	0.576798	0.408221	0.26967	0.176441	0.140208	0.171711	0.257997	0.372398	0.483772	0.580024	0.647059	
1.47361	1.49567	1.46509	1.41267	1.37064	1.36366	1.39234	1.44548	1.48764	1.49091	1.42593	1.29441	1.11007	0.905593	0.707219	0.53137	0.3885	0.288502	0.246718	0.272011	0.347794	0.451293	0.546845	0.626367	0.675839	
1.57627	1.60673	1.58379	1.53575	1.49707	1.48974	1.51753	1.56569	1.60245	1.59666	1.52288	1.38157	1.18818	0.976363	0.769195	0.587058	0.434671	0.327864	0.277398	0.29365	0.359562	0.449027	0.531171	0.594975	0.628859	
1.60673	1.64558	1.62893	1.58574	1.54928	1.54266	1.56847	1.61325	1.64386	1.63081	1.54836	1.39812	1.197	0.976631	0.763471	0.572481	0.414253	0.298955	0.242215	0.250887	0.307666	0.38782	0.458262	0.511147	0.533878	
1.58379	1.62893	1.61791	1.57836	1.54407	1.5377	1.56222	1.60379	1.62967	1.61039	1.52075	1.36356	1.15493	0.929013	0.708528	0.512807	0.347185	0.227483	0.164644	0.168469	0.219597	0.29298	0.357428	0.403706	0.421236	
1.53575	1.58574	1.57836	1.54138	1.50874	1.50231	1.52623	1.56524	1.58827	1.56422	1.47042	1.30761	1.0954	0.864251	0.641208	0.440472	0.27263	0.148663	0.0838619	0.0844811	0.132838	0.202901	0.26398	0.307464	0.32235	
1.49707	1.54928	1.54407	1.50874	1.47658	1.47076	1.49355	1.53199	1.55239	1.52673	1.42929	1.2647	1.04882	0.816468	0.590126	0.38852	0.217873	0.0933277	0.0267372	0.0270554	0.0741376	0.143722	0.203856	0.246898	0.26209	
1.48974	1.54266	1.5377	1.50231	1.47076	1.46427	1.48785	1.52513	1.5464	1.51924	1.42275	1.25654	1.0417	0.807867	0.582445	0.379659	0.209543	0.0841261	0.0177767	0.0172121	0.0645027	0.132934	0.193208	0.235707	0.250348	
1.51753	1.56847	1.56222	1.52623	1.49355	1.48785	1.51067	1.54997	1.57099	1.54679	1.4504	1.28734	1.07257	0.841302	0.61612	0.415184	0.245755	0.121623	0.0558637	0.0566688	0.104131	0.174543	0.234816	0.278309	0.293566	
1.56569	1.61325	1.60379	1.56524	1.53199	1.52513	1.54997	1.5897	1.61511	1.59287	1.50226	1.34174	1.13228	0.903412	0.682199	0.483922	0.317307	0.195498	0.131656	0.133533	0.183475	0.254433	0.317387	0.36191	0.377689	
1.60245	1.64386	1.62967	1.58827	1.55239	1.5464	1.57099	1.61511	1.64283	1.62788	1.54146	1.38886	1.18385	0.961374	0.744834	0.551665	0.390383	0.272981	0.213678	0.220508	0.274382	0.352192	0.419371	0.469385	0.489909	
1.59666	1.63081	1.61039	1.56422	1.52673	1.51924	1.54679	1.59287	1.62788	1.61829	1.54174	1.39608	1.20008	0.984447	0.774944	0.589218	0.434169	0.323906	0.270663	0.283282	0.345485	0.430016	0.507117	0.565822	0.59418	
1.52288	1.54836	1.52075	1.47042	1.42929	1.42275	1.4504	1.50226	1.54146	1.54174	1.47258	1.3375	1.14933	0.941871	0.740333	0.561576	0.415513	0.312573	0.267644	0.28978	0.361234	0.459757	0.549331	0.622388	0.66564	
1.38157	1.39812	1.36356	1.30761	1.2647	1.25654	1.28734	1.34174	1.38886	1.39608	1.3375	1.2112	1.0317	0.832124	0.636414	0.46565	0.325316	0.229901	0.191828	0.220768	0.303514	0.413037	0.518184	0.607778	0.667255	
1.18818	1.197	1.15493	1.0954	1.04882	1.0417	1.07257	1.13228	1.18385	1.20008	1.14933	1.0317	0.859334	0.664232	0.473921	0.305752	0.170608	0.0785843	0.0443873	0.0795599	0.168835	0.291107	0.40993	0.515689	0.594214	
0.976363	0.976631	0.929013	0.864251	0.816468	0.807867	0.841302	0.903412	0.961374	0.984447	0.941871	0.832124	0.664232	0.47366	0.28312	0.116948	-0.0190939	-0.111465	-0.14605	-0.112605	-0.0195827	0.107352	0.235658	0.354022	0.44569	
0.769195	0.763471	0.708528	0.641208	0.590126	0.582445	0.61612	0.682199	0.744834	0.774944	0.740333	0.636414	0.473921	0.28312	0.0928318	-0.0769944	-0.21586	-0.312451	-0.353217	-0.323583	-0.234351	-0.10573	0.0271611	0.151937	0.253466	
0.587058	0.572481	0.512807	0.440472	0.38852	0.379659	0.415184	0.483922	0.551665	0.589218	0.561576	0.46565	0.305752	0.116948	-0.0769944	-0.250445	-0.394937	-0.499461	-0.547724	-0.528805	-0.445767	-0.321673	-0.189645	-0.0626325	0.0421692	
0.434671	0.414253	0.347185	0.27263	0.217873	0.209543	0.245755	0.317307	0.390383	0.434169	0.415513	0.325316	0.170608	-0.0190939	-0.21586	-0.394937	-0.547198	-0.659644	-0.719928	-0.711802	-0.639195	-0.521998	-0.392739	-0.267184	-0.162133	
0.327864	0.298955	0.227483	0.148663	0.0933277	0.0841261	0.121623	0.195498	0.272981	0.323906	0.312573	0.229901	0.0785843	-0.111465	-0.312451	-0.499461	-0.659644	-0.784461	-0.856821	-0.864202	-0.804288	-0.69701	-0.573614	-0.452126	-0.348067	
0.277398	0.242215	0.164644	0.0838619	0.0267372	0.0177767	0.0558637	0.131656	0.213678	0.270663	0.267644	0.191828	0.0443873	-0.14605	-0.353217	-0.547724	-0.719928	-0.856821	-0.945603	-0.970489	-0.92694	-0.833385	-0.719303	-0.604134	-0.505926	
0.29365	0.250887	0.168469	0.0844811	0.0270554	0.0172121	0.0566688	0.133533	0.220508	0.283282	0.28978	0.220768	0.0795599	-0.112605	-0.323583	-0.528805	-0.711802	-0.864202	-0.970489	-1.01607	-0.992399	-0.916703	-0.814323	-0.711022	-0.619621	
0.359562	0.307666	0.219597	0.132838	0.0741376	0.0645027	0.104131	0.183475	0.274382	0.345485	0.361234	0.303514	0.168835	-0.0195827	-0.234351	-0.445767	-0.639195	-0.804288	-0.92694	-0.992399	-0.98929	-0.931271	-0.84425	-0.752616	-0.672342	
0.449027	0.38782	0.29298	0.202901	0.143722	0.132934	0.174543	0.254433	0.352192	0.430016	0.459757	0.413037	0.291107	0.107352	-0.10573	-0.321673	-0.521998	-0.69701	-0.833385	-0.916703	-0.931271	-0.891537	-0.815615	-0.735575	-0.664031	
0.531171	0.458262	0.357428	0.26398	0.203856	0.193208	0.234816	0.317387	0.419371	0.507117	0.549331	0.518184	0.40993	0.235658	0.0271611	-0.189645	-0.392739	-0.573614	-0.719303	-0.814323	-0.84425	-0.815615	-0.748408	-0.674753	-0.605643	
0.594975	0.511147	0.403706	0.307464	0.246898	0.235707	0.278309	0.36191	0.469385	0.565822	0.622388	0.607778	0.515689	0.354022	0.151937	-0.0626325	-0.267184	-0.452126	-0.604134	-0.711022	-0.752616	-0.735575	-0.674753	-0.602339	-0.534375	
0.628859	0.533878	0.421236	0.32235	0.26209	0.250348	0.293566	0.377689	0.489909	0.59418	0.66564	0.667255	0.594214	0.44569	0.253466	0.0421692	-0.162133	-0.348067	-0.505926	-0.619621	-0.672342	-0.664031	-0.605643	-0.534375	-0.460052	
