0.559909	0.404085	0.217156	0.0127548	-0.190386	-0.358375	-0.476024	-0.543562	-0.569991	-0.566372	-0.54943	-0.542732	-0.564602	-0.609769	-0.666084	-0.733045	-0.792985	-0.841853	-0.895276	-0.946567	-0.9741	-0.949243	-0.872645	-0.757235	-0.625666	
0.404085	0.229644	0.0340307	-0.159517	-0.333804	-0.463423	-0.545937	-0.581597	-0.578055	-0.553114	-0.523458	-0.509266	-0.521731	-0.553287	-0.600216	-0.667211	-0.732166	-0.785151	-0.839904	-0.892394	-0.91966	-0.895529	-0.813021	-0.688371	-0.552181	
0.217156	0.0340307	-0.15421	-0.320912	-0.447353	-0.526084	-0.567435	-0.567143	-0.530375	-0.483747	-0.446096	-0.425357	-0.428191	-0.446982	-0.482927	-0.542352	-0.609156	-0.665179	-0.713018	-0.756001	-0.774846	-0.743132	-0.65589	-0.534805	-0.406184	
0.0127548	-0.159517	-0.320912	-0.446221	-0.522407	-0.55189	-0.546225	-0.501628	-0.436521	-0.376257	-0.33558	-0.311096	-0.302081	-0.303202	-0.329593	-0.38727	-0.45066	-0.500491	-0.533576	-0.556769	-0.551694	-0.506184	-0.419445	-0.306251	-0.187224	
-0.190386	-0.333804	-0.447353	-0.522407	-0.547022	-0.532439	-0.483872	-0.405696	-0.324393	-0.253864	-0.200548	-0.163458	-0.146043	-0.144978	-0.171432	-0.21838	-0.270935	-0.309669	-0.322625	-0.313288	-0.279421	-0.219148	-0.128354	-0.0267848	0.0733814	
-0.358375	-0.463423	-0.526084	-0.55189	-0.532439	-0.478081	-0.393285	-0.294308	-0.200285	-0.114855	-0.0453792	-0.00185343	0.0228783	0.0271681	0.00308709	-0.038294	-0.0816507	-0.106809	-0.100941	-0.0583395	0.00724754	0.0868237	0.172106	0.250108	0.325285	
-0.476024	-0.545937	-0.567435	-0.546225	-0.483872	-0.393285	-0.285268	-0.16432	-0.0526992	0.0406545	0.11607	0.162695	0.193858	0.205171	0.191975	0.155187	0.117623	0.101574	0.124011	0.190816	0.278173	0.363937	0.435163	0.493994	0.54583	
-0.543562	-0.581597	-0.567143	-0.501628	-0.405696	-0.294308	-0.16432	-0.0204825	0.113575	0.211902	0.286162	0.330412	0.362049	0.375816	0.363854	0.338112	0.316372	0.314031	0.337845	0.408289	0.497498	0.575548	0.639029	0.685993	0.724288	
-0.569991	-0.578055	-0.530375	-0.436521	-0.324393	-0.200285	-0.0526992	0.113575	0.264934	0.371112	0.447517	0.491858	0.510973	0.5127	0.505645	0.494052	0.490092	0.497893	0.525961	0.588613	0.666153	0.735083	0.786872	0.820135	0.838611	
-0.566372	-0.553114	-0.483747	-0.376257	-0.253864	-0.114855	0.0406545	0.211902	0.371112	0.489536	0.575745	0.614608	0.616842	0.609777	0.606837	0.603983	0.608131	0.628685	0.664699	0.726326	0.79488	0.847211	0.876737	0.889875	0.895606	
-0.54943	-0.523458	-0.446096	-0.33558	-0.200548	-0.0453792	0.11607	0.286162	0.447517	0.575745	0.654393	0.680291	0.674472	0.667869	0.661725	0.662869	0.681349	0.714435	0.758846	0.814888	0.868559	0.90036	0.912011	0.910936	0.902139	
-0.542732	-0.509266	-0.425357	-0.311096	-0.163458	-0.00185343	0.162695	0.330412	0.491858	0.614608	0.680291	0.70026	0.697937	0.693254	0.691465	0.70993	0.742583	0.783878	0.826133	0.862189	0.88633	0.899776	0.898602	0.879665	0.852499	
-0.564602	-0.521731	-0.428191	-0.302081	-0.146043	0.0228783	0.193858	0.362049	0.510973	0.616842	0.674472	0.697937	0.710321	0.711061	0.720925	0.75136	0.791789	0.831049	0.858633	0.872107	0.867063	0.854592	0.826808	0.792795	0.759843	
-0.609769	-0.553287	-0.446982	-0.303202	-0.144978	0.0271681	0.205171	0.375816	0.5127	0.609777	0.667869	0.693254	0.711061	0.725149	0.747022	0.777192	0.813547	0.84535	0.854952	0.839429	0.808605	0.771378	0.723543	0.677169	0.637292	
-0.666084	-0.600216	-0.482927	-0.329593	-0.171432	0.00308709	0.191975	0.363854	0.505645	0.606837	0.661725	0.691465	0.720925	0.747022	0.762541	0.780584	0.805266	0.823877	0.814012	0.775705	0.724062	0.664511	0.603645	0.550502	0.503823	
-0.733045	-0.667211	-0.542352	-0.38727	-0.21838	-0.038294	0.155187	0.338112	0.494052	0.603983	0.662869	0.70993	0.75136	0.777192	0.780584	0.773625	0.775495	0.772711	0.740881	0.681847	0.61778	0.54791	0.47589	0.413888	0.370235	
-0.792985	-0.732166	-0.609156	-0.45066	-0.270935	-0.0816507	0.117623	0.316372	0.490092	0.608131	0.681349	0.742583	0.791789	0.813547	0.805266	0.775495	0.743238	0.704497	0.643193	0.567746	0.496855	0.422108	0.346718	0.285627	0.251314	
-0.841853	-0.785151	-0.665179	-0.500491	-0.309669	-0.106809	0.101574	0.314031	0.497893	0.628685	0.714435	0.783878	0.831049	0.84535	0.823877	0.772711	0.704497	0.629838	0.5438	0.452286	0.374969	0.299555	0.23093	0.177105	0.1515	
-0.895276	-0.839904	-0.713018	-0.533576	-0.322625	-0.100941	0.124011	0.337845	0.525961	0.664699	0.758846	0.826133	0.858633	0.854952	0.814012	0.740881	0.643193	0.5438	0.445958	0.347916	0.269027	0.19765	0.131708	0.087837	0.0684847	
-0.946567	-0.892394	-0.756001	-0.556769	-0.313288	-0.0583395	0.190816	0.408289	0.588613	0.726326	0.814888	0.862189	0.872107	0.839429	0.775705	0.681847	0.567746	0.452286	0.347916	0.25519	0.182794	0.121299	0.0605322	0.0205435	0.000751042	
-0.9741	-0.91966	-0.774846	-0.551694	-0.279421	0.00724754	0.278173	0.497498	0.666153	0.79488	0.868559	0.88633	0.867063	0.808605	0.724062	0.61778	0.496855	0.374969	0.269027	0.182794	0.120824	0.0687914	0.0196302	-0.0217209	-0.0449056	
-0.949243	-0.895529	-0.743132	-0.506184	-0.219148	0.0868237	0.363937	0.575548	0.735083	0.847211	0.90036	0.899776	0.854592	0.771378	0.664511	0.54791	0.422108	0.299555	0.19765	0.121299	0.0687914	0.021042	-0.0145647	-0.0451109	-0.0671642	
-0.872645	-0.813021	-0.65589	-0.419445	-0.128354	0.172106	0.435163	0.639029	0.786872	0.876737	0.912011	0.898602	0.826808	0.723543	0.603645	0.47589	0.346718	0.23093	0.131708	0.0605322	0.0196302	-0.0145647	-0.0367219	-0.0603741	-0.0864176	
-0.757235	-0.688371	-0.534805	-0.306251	-0.0267848	0.250108	0.493994	0.685993	0.820135	0.889875	0.910936	0.879665	0.792795	0.677169	0.550502	0.413888	0.285627	0.177105	0.087837	0.0205435	-0.0217209	-0.0451109	-0.0603741	-0.0757145	-0.107904	
-0.625666	-0.552181	-0.406184	-0.187224	0.0733814	0.325285	0.54583	0.724288	0.838611	0.895606	0.902139	0.852499	0.759843	0.637292	0.503823	0.370235	0.251314	0.1515	0.0684847	0.000751042	-0.0449056	-0.0671642	-0.0864176	-0.107904	-0.130512	
-0.482735	-0.413079	-0.276724	-0.0734909	0.163581	0.398453	0.602511	0.758512	0.856526	0.897033	0.882934	0.817011	0.718831	0.596192	0.461791	0.338299	0.229488	0.133493	0.0568439	-0.00835923	-0.0604048	-0.090212	-0.110629	-0.133231	-0.151131	
-0.334173	-0.273412	-0.15357	0.0220109	0.233967	0.453911	0.641891	0.780028	0.863946	0.890581	0.856894	0.778121	0.670127	0.545401	0.417079	0.304818	0.204226	0.113205	0.0393363	-0.0199102	-0.0744712	-0.111062	-0.124722	-0.138949	-0.15801	
-0.196492	-0.145461	-0.0512644	0.0939809	0.27885	0.480349	0.658962	0.786451	0.861661	0.881406	0.840208	0.75233	0.631293	0.498638	0.374248	0.266389	0.171047	0.0865838	0.0174407	-0.0346557	-0.0830508	-0.119833	-0.135317	-0.13884	-0.149239	
-0.0866726	-0.0455202	0.0224984	0.139236	0.301143	0.488718	0.663062	0.791019	0.863934	0.883725	0.845895	0.752204	0.618235	0.474164	0.347079	0.238604	0.144885	0.0628901	0.000705338	-0.0424491	-0.0838545	-0.117744	-0.140384	-0.142937	-0.143279	
-0.0214542	0.0133264	0.0636358	0.159035	0.306887	0.485623	0.655702	0.792612	0.867266	0.889953	0.862086	0.766229	0.619995	0.469705	0.339246	0.232047	0.138009	0.0556874	0.000445487	-0.0360387	-0.0777628	-0.11334	-0.134886	-0.144329	-0.147327	
-0.00917199	0.0241265	0.0716842	0.162411	0.305927	0.482611	0.653736	0.79051	0.867411	0.890494	0.864849	0.767728	0.6205	0.47131	0.34027	0.231583	0.136927	0.0543815	0.00237126	-0.0318028	-0.077008	-0.113929	-0.134196	-0.142904	-0.148926	
-0.0546692	-0.0172888	0.0424417	0.149499	0.305558	0.488975	0.66043	0.793349	0.865388	0.88637	0.853065	0.757901	0.618413	0.470624	0.341088	0.23396	0.140959	0.0595872	-0.00182042	-0.0418622	-0.0807678	-0.114719	-0.138347	-0.144941	-0.144048	
-0.147963	-0.100867	-0.0176269	0.115883	0.290268	0.48512	0.662311	0.788348	0.861891	0.881224	0.840106	0.748985	0.62249	0.48555	0.361245	0.252844	0.158012	0.0750707	0.00958707	-0.039316	-0.0853998	-0.120851	-0.139234	-0.139755	-0.144928	
-0.27731	-0.219838	-0.110183	0.0534438	0.254668	0.467326	0.650516	0.783403	0.862969	0.886297	0.847821	0.765377	0.652408	0.52464	0.398958	0.289641	0.192215	0.103067	0.0311806	-0.0255032	-0.0784246	-0.115711	-0.128874	-0.138564	-0.156171	
-0.423031	-0.356505	-0.225788	-0.0326139	0.194529	0.424126	0.621249	0.769247	0.861543	0.895504	0.8727	0.801326	0.700061	0.576964	0.443789	0.32534	0.220644	0.126154	0.0501847	-0.0128571	-0.06598	-0.0994035	-0.117017	-0.137835	-0.156807	
-0.569556	-0.496793	-0.353565	-0.14017	0.11097	0.355517	0.569099	0.73789	0.846291	0.897076	0.896199	0.839134	0.744623	0.621618	0.486838	0.356585	0.241911	0.1447	0.063714	-0.00335267	-0.0516829	-0.0762242	-0.0975061	-0.119877	-0.138681	
-0.706099	-0.634122	-0.483931	-0.259428	0.0137307	0.28054	0.513857	0.702508	0.827611	0.892309	0.908078	0.869951	0.779897	0.659977	0.530917	0.394855	0.269229	0.16462	0.0780884	0.0102586	-0.0325025	-0.0539196	-0.0701973	-0.0878232	-0.116618	
-0.829591	-0.766072	-0.609874	-0.3755	-0.088043	0.203784	0.460821	0.659632	0.802363	0.88371	0.912912	0.892004	0.81286	0.704557	0.581637	0.448952	0.319368	0.20557	0.110714	0.0413982	0.00083899	-0.027518	-0.0460218	-0.0653152	-0.0955729	
-0.924723	-0.869066	-0.715173	-0.4767	-0.185245	0.121817	0.393958	0.603724	0.758106	0.861638	0.907324	0.902001	0.846265	0.752876	0.638523	0.518244	0.392575	0.271763	0.169633	0.0955343	0.0493378	0.00609757	-0.0240933	-0.0521593	-0.0747166	
-0.970137	-0.917008	-0.768226	-0.538555	-0.259556	0.0371752	0.31333	0.529525	0.695336	0.818271	0.884046	0.892136	0.862254	0.795206	0.702078	0.59107	0.466837	0.34405	0.240446	0.15881	0.0996504	0.0484856	0.00479684	-0.032614	-0.0554623	
-0.96281	-0.908417	-0.76846	-0.559602	-0.302764	-0.0332736	0.225374	0.444323	0.619616	0.754555	0.83799	0.873994	0.872523	0.828165	0.755623	0.655919	0.539356	0.420188	0.313556	0.223188	0.156047	0.0996162	0.042094	0.000446083	-0.0210821	
-0.916703	-0.861755	-0.730867	-0.543839	-0.321591	-0.0882695	0.145898	0.360872	0.5468	0.686351	0.780193	0.841381	0.865776	0.85134	0.801335	0.719246	0.61306	0.506261	0.405755	0.308561	0.231469	0.16337	0.098701	0.057647	0.0398104	
-0.862208	-0.806583	-0.685365	-0.515765	-0.318121	-0.108932	0.105505	0.319249	0.505844	0.640405	0.730705	0.800862	0.84398	0.852647	0.823759	0.764489	0.683067	0.597002	0.50521	0.409663	0.330158	0.256016	0.188946	0.139224	0.116738	
-0.813242	-0.753802	-0.632747	-0.472944	-0.288835	-0.0939637	0.107527	0.313466	0.49152	0.614942	0.693095	0.758617	0.808775	0.827756	0.814895	0.776643	0.729654	0.674962	0.602545	0.520583	0.447001	0.371434	0.298719	0.239518	0.208655	
-0.758531	-0.6951	-0.569489	-0.413409	-0.240115	-0.0565722	0.139194	0.327397	0.490463	0.603528	0.668261	0.722054	0.766595	0.791326	0.789948	0.773088	0.762695	0.746898	0.703708	0.637485	0.571214	0.498933	0.422977	0.360588	0.320871	
-0.692823	-0.624809	-0.504357	-0.350122	-0.188566	-0.0121989	0.179309	0.354304	0.501094	0.605331	0.66023	0.69603	0.73133	0.757908	0.768435	0.777333	0.79508	0.806831	0.788508	0.74104	0.683547	0.618961	0.553444	0.496408	0.449656	
-0.630429	-0.570455	-0.458469	-0.309133	-0.151442	0.0207138	0.203309	0.373901	0.510681	0.608338	0.666004	0.691313	0.711938	0.732484	0.754185	0.781675	0.813253	0.840257	0.842799	0.817632	0.776799	0.729793	0.677233	0.62801	0.584239	
-0.580711	-0.532492	-0.434347	-0.301461	-0.143401	0.0278741	0.201241	0.37051	0.513447	0.613803	0.671041	0.695971	0.711887	0.717081	0.732192	0.763745	0.804945	0.841963	0.861675	0.863874	0.848504	0.825924	0.787626	0.748117	0.713584	
-0.547519	-0.511368	-0.423548	-0.305683	-0.154343	0.00957153	0.176317	0.343809	0.502064	0.618719	0.680214	0.70114	0.703648	0.700193	0.703226	0.728315	0.76453	0.805874	0.843547	0.870684	0.882349	0.886661	0.876205	0.85025	0.819431	
-0.544739	-0.515391	-0.435571	-0.324249	-0.183736	-0.0248728	0.138619	0.307168	0.469618	0.59728	0.670043	0.692142	0.686608	0.681292	0.674468	0.681129	0.705988	0.744094	0.789235	0.838629	0.881061	0.905883	0.913988	0.905887	0.888732	
