-0.0686145	0.048059	0.177702	0.292413	0.362887	0.375005	0.326922	0.227622	0.0989099	-0.0237197	-0.13131	-0.218799	-0.278858	-0.307166	-0.298595	-0.258251	-0.191433	-0.11343	-0.0324319	0.0459228	0.127455	0.205664	0.262691	0.311613	0.370524	
-0.116366	-0.0252566	0.0909356	0.194849	0.257261	0.267697	0.225621	0.136011	0.0193996	-0.0826228	-0.159746	-0.215461	-0.244864	-0.249191	-0.231685	-0.206233	-0.163478	-0.110485	-0.0604394	-0.0149665	0.0399798	0.0941314	0.131902	0.169379	0.228986	
-0.115931	-0.0533497	0.0296369	0.111949	0.162597	0.171995	0.137081	0.0645208	-0.0219223	-0.0939382	-0.14139	-0.168169	-0.175636	-0.159733	-0.135754	-0.117918	-0.0991407	-0.0795467	-0.0675816	-0.0567703	-0.0329985	-0.00662387	0.00479192	0.0276825	0.0874432	
-0.0774458	-0.0507951	-0.00159291	0.0556375	0.0933448	0.0998336	0.0739103	0.0220649	-0.0337023	-0.069242	-0.0847732	-0.0909164	-0.0855849	-0.0604823	-0.0290248	-0.0121846	-0.0158919	-0.02863	-0.0459636	-0.0588127	-0.0636474	-0.073094	-0.0913195	-0.0962832	-0.0517947	
-0.0232435	-0.0327851	-0.0126754	0.0213526	0.0443989	0.0478072	0.0333453	0.000210163	-0.0278204	-0.0301928	-0.0112448	0.00613462	0.0261444	0.0576257	0.0849415	0.0904679	0.0707626	0.0370658	-0.00124391	-0.0364989	-0.0673853	-0.108215	-0.159406	-0.192578	-0.169697	
0.0248407	-0.00953785	-0.0141602	-0.00119706	0.0117029	0.0141098	0.00518399	-0.0103837	-0.0148706	0.00779284	0.0534775	0.0975201	0.134921	0.169137	0.194837	0.19454	0.160905	0.103972	0.040471	-0.0175703	-0.078104	-0.149299	-0.218824	-0.270952	-0.267083	
0.0726321	0.0269155	0.00364409	-0.003333	-0.00218348	-0.0020418	-0.00306074	-0.00140949	0.0154415	0.0517561	0.108864	0.168965	0.222747	0.270546	0.297256	0.286035	0.236018	0.154396	0.0640492	-0.0208674	-0.103352	-0.192777	-0.276819	-0.341173	-0.350549	
0.113792	0.0641653	0.0318361	0.0104778	0.000404183	-0.00162763	0.00526782	0.021769	0.0497675	0.0914519	0.15244	0.220138	0.284463	0.33691	0.358774	0.338564	0.274381	0.1749	0.0596444	-0.0461785	-0.142044	-0.240864	-0.335541	-0.409435	-0.433881	
0.150296	0.0938984	0.0448475	0.0141829	0.000857165	-0.00222303	0.00794589	0.0294584	0.0736324	0.126023	0.189705	0.257765	0.320845	0.366496	0.380469	0.35586	0.282396	0.16474	0.0310433	-0.0896019	-0.195407	-0.298958	-0.396758	-0.481567	-0.517417	
0.173572	0.108853	0.0413588	-0.00539769	-0.0298697	-0.0350057	-0.0170896	0.0186313	0.0823411	0.147552	0.213056	0.277057	0.339553	0.383973	0.389667	0.358161	0.277041	0.147509	-0.003043	-0.138902	-0.254093	-0.365357	-0.463065	-0.544227	-0.585097	
0.184038	0.101983	0.015115	-0.0534535	-0.0919606	-0.099188	-0.0716256	-0.0170153	0.0680941	0.150858	0.231488	0.299819	0.355411	0.39531	0.396439	0.357959	0.266855	0.124926	-0.0440698	-0.198083	-0.316374	-0.421596	-0.50766	-0.575544	-0.614595	
0.18712	0.0845961	-0.0232721	-0.112825	-0.157987	-0.16559	-0.136051	-0.0636581	0.041886	0.146869	0.242963	0.318834	0.37238	0.399089	0.390931	0.335725	0.226443	0.0752268	-0.0963943	-0.254131	-0.376158	-0.465076	-0.524357	-0.571996	-0.595606	
0.18496	0.0656161	-0.0573905	-0.161633	-0.22166	-0.232936	-0.191666	-0.102997	0.0165596	0.138488	0.245828	0.324922	0.377987	0.389982	0.357812	0.278804	0.151405	-0.00933804	-0.165754	-0.307916	-0.422077	-0.492423	-0.522727	-0.54258	-0.543582	
0.168209	0.0358248	-0.0995974	-0.212852	-0.28774	-0.3012	-0.248916	-0.148495	-0.0197048	0.118156	0.232607	0.311126	0.353261	0.347865	0.288695	0.189621	0.0546756	-0.104883	-0.24734	-0.36385	-0.453169	-0.499807	-0.50899	-0.499774	-0.473154	
0.113202	-0.0242425	-0.16111	-0.279535	-0.353644	-0.365086	-0.315984	-0.211955	-0.0807106	0.0613735	0.181386	0.257814	0.283561	0.261564	0.19287	0.083236	-0.0536005	-0.196749	-0.320566	-0.41196	-0.466886	-0.479343	-0.467447	-0.434175	-0.384079	
0.000958732	-0.123855	-0.252708	-0.367065	-0.432037	-0.441664	-0.400658	-0.302349	-0.174937	-0.0474227	0.067132	0.147956	0.173205	0.147166	0.0793743	-0.0240056	-0.148423	-0.273293	-0.376105	-0.431665	-0.444919	-0.419996	-0.377196	-0.327485	-0.27335	
-0.149867	-0.268284	-0.387999	-0.485907	-0.544354	-0.553738	-0.514374	-0.43146	-0.31661	-0.196994	-0.0840022	-0.000360046	0.0339466	0.0237421	-0.0294008	-0.110609	-0.206919	-0.309499	-0.386233	-0.409262	-0.382285	-0.324103	-0.252885	-0.186224	-0.130995	
-0.311599	-0.433138	-0.543229	-0.631328	-0.68671	-0.697251	-0.657314	-0.582196	-0.479141	-0.359927	-0.246417	-0.161716	-0.106183	-0.093749	-0.119022	-0.162609	-0.219592	-0.288898	-0.339034	-0.337179	-0.27954	-0.201447	-0.109384	-0.0223497	0.0419233	
-0.479421	-0.594709	-0.699617	-0.781864	-0.836461	-0.846784	-0.808729	-0.734931	-0.639765	-0.524664	-0.416387	-0.323105	-0.246738	-0.197872	-0.180892	-0.187881	-0.211339	-0.238772	-0.253546	-0.224959	-0.150347	-0.0501447	0.0511282	0.140045	0.201072	
-0.653346	-0.760007	-0.851734	-0.92359	-0.967745	-0.975637	-0.945454	-0.88264	-0.799388	-0.696842	-0.585578	-0.475099	-0.373475	-0.287753	-0.229953	-0.206091	-0.199587	-0.189144	-0.165842	-0.106395	-0.0125042	0.0972522	0.198963	0.276866	0.321413	
-0.806688	-0.908767	-0.98639	-1.0361	-1.06319	-1.06785	-1.04878	-1.01064	-0.942123	-0.850892	-0.732877	-0.607938	-0.488085	-0.371433	-0.284438	-0.231757	-0.194752	-0.155686	-0.0934076	-0.00279033	0.108626	0.216265	0.303576	0.362039	0.384973	
-0.912516	-1.00628	-1.06286	-1.09107	-1.10564	-1.10891	-1.09746	-1.07806	-1.03248	-0.954165	-0.843426	-0.725646	-0.59894	-0.468533	-0.363016	-0.288455	-0.219194	-0.137606	-0.0376292	0.077146	0.195283	0.297217	0.366942	0.395492	0.402992	
-0.966335	-1.03734	-1.07068	-1.07895	-1.07969	-1.08154	-1.07837	-1.07629	-1.05475	-0.999612	-0.911793	-0.815604	-0.706464	-0.591384	-0.481593	-0.378857	-0.269803	-0.147553	-0.0172886	0.115847	0.240693	0.331853	0.382721	0.389315	0.379696	
-0.973117	-1.00495	-1.0141	-1.00137	-0.989711	-0.988653	-0.995235	-1.01051	-1.01138	-0.989128	-0.941914	-0.880987	-0.807962	-0.716425	-0.608565	-0.485347	-0.349954	-0.197325	-0.042093	0.108552	0.236393	0.31398	0.347213	0.347242	0.332703	
-0.940916	-0.923881	-0.900615	-0.871508	-0.853265	-0.850808	-0.861805	-0.889303	-0.915397	-0.935661	-0.941429	-0.929431	-0.896298	-0.831613	-0.732289	-0.599731	-0.444608	-0.276728	-0.109724	0.0468449	0.179951	0.254718	0.278583	0.278664	0.268079	
-0.882305	-0.81894	-0.761548	-0.718469	-0.69077	-0.686471	-0.704814	-0.742782	-0.794282	-0.857263	-0.91921	-0.964333	-0.973638	-0.940903	-0.85498	-0.719254	-0.549155	-0.378044	-0.21409	-0.0563508	0.0751553	0.152281	0.181051	0.186764	0.186387	
-0.81894	-0.712755	-0.622364	-0.561106	-0.525618	-0.519188	-0.54394	-0.594561	-0.673587	-0.775649	-0.883394	-0.976485	-1.03128	-1.02728	-0.954729	-0.823844	-0.660991	-0.497186	-0.334436	-0.176393	-0.0587116	0.0160584	0.056148	0.0771095	0.0956775	
-0.761548	-0.622364	-0.506457	-0.421961	-0.368432	-0.358659	-0.396103	-0.470088	-0.571384	-0.704646	-0.846487	-0.973733	-1.05601	-1.07372	-1.02563	-0.909914	-0.760454	-0.606461	-0.448854	-0.302572	-0.192419	-0.122278	-0.0721186	-0.0373185	-5.05662e-05	
-0.718469	-0.561106	-0.421961	-0.307954	-0.237554	-0.223813	-0.273659	-0.372708	-0.502132	-0.655284	-0.812296	-0.953507	-1.05605	-1.09359	-1.0668	-0.972968	-0.84072	-0.691725	-0.541816	-0.410448	-0.311627	-0.238019	-0.180152	-0.133394	-0.077929	
-0.69077	-0.525618	-0.368432	-0.237554	-0.149662	-0.133052	-0.195849	-0.311699	-0.460988	-0.624371	-0.790232	-0.93959	-1.05054	-1.10418	-1.08654	-1.01186	-0.892468	-0.746708	-0.599512	-0.472227	-0.381965	-0.313775	-0.247772	-0.183444	-0.11877	
-0.686471	-0.519188	-0.358659	-0.223813	-0.133052	-0.116338	-0.181023	-0.300401	-0.453362	-0.619187	-0.787619	-0.937644	-1.05109	-1.10714	-1.0902	-1.01847	-0.901448	-0.757727	-0.609309	-0.481131	-0.393234	-0.326439	-0.261102	-0.19173	-0.126232	
-0.704814	-0.54394	-0.396103	-0.273659	-0.195849	-0.181023	-0.235688	-0.343072	-0.482445	-0.639636	-0.801038	-0.946239	-1.05275	-1.09748	-1.07619	-0.99209	-0.866303	-0.717977	-0.569473	-0.441812	-0.347226	-0.274537	-0.213203	-0.158824	-0.0985225	
-0.742782	-0.594561	-0.470088	-0.372708	-0.311699	-0.300401	-0.343072	-0.428224	-0.540377	-0.682924	-0.832403	-0.966523	-1.05831	-1.08478	-1.04671	-0.9379	-0.794606	-0.643828	-0.489808	-0.35032	-0.243522	-0.172129	-0.119287	-0.0799545	-0.0362998	
-0.794282	-0.673587	-0.571384	-0.502132	-0.460988	-0.453362	-0.482445	-0.540377	-0.628473	-0.745173	-0.868202	-0.977697	-1.04472	-1.0501	-0.985699	-0.860576	-0.704027	-0.543368	-0.381507	-0.226441	-0.112769	-0.041376	0.0046755	0.0312363	0.0586091	
-0.857263	-0.775649	-0.704646	-0.655284	-0.624371	-0.619187	-0.639636	-0.682924	-0.745173	-0.824027	-0.906048	-0.972107	-1.00083	-0.980049	-0.898528	-0.763516	-0.593154	-0.424949	-0.261933	-0.103357	0.0238446	0.101125	0.132861	0.143864	0.150153	
-0.91921	-0.883394	-0.846487	-0.812296	-0.790232	-0.787619	-0.801038	-0.832403	-0.868202	-0.906048	-0.9347	-0.945019	-0.927984	-0.876112	-0.78221	-0.648006	-0.484935	-0.314381	-0.147706	0.00902923	0.142832	0.218698	0.243175	0.244895	0.237453	
-0.964333	-0.976485	-0.973733	-0.953507	-0.93959	-0.937644	-0.946239	-0.966523	-0.977697	-0.972107	-0.945019	-0.90221	-0.845484	-0.764016	-0.658323	-0.529519	-0.386711	-0.226093	-0.064134	0.0908927	0.220948	0.295455	0.322894	0.322869	0.308733	
-0.973638	-1.03128	-1.05601	-1.05605	-1.05054	-1.05109	-1.05275	-1.05831	-1.04472	-1.00083	-0.927984	-0.845484	-0.748568	-0.6421	-0.532843	-0.420598	-0.299163	-0.163175	-0.0219676	0.118335	0.245128	0.329829	0.373851	0.376587	0.363143	
-0.940903	-1.02728	-1.07372	-1.09359	-1.10418	-1.10714	-1.09748	-1.08478	-1.0501	-0.980049	-0.876112	-0.764016	-0.6421	-0.515578	-0.406955	-0.321135	-0.23551	-0.136942	-0.0245136	0.0977074	0.218007	0.317868	0.379627	0.396827	0.398085	
-0.85498	-0.954729	-1.02563	-1.0668	-1.08654	-1.0902	-1.07619	-1.04671	-0.985699	-0.898528	-0.78221	-0.658323	-0.532843	-0.406955	-0.311169	-0.250083	-0.20121	-0.146403	-0.0679816	0.0336212	0.148698	0.253538	0.334382	0.38137	0.396957	
-0.719254	-0.823844	-0.909914	-0.972968	-1.01186	-1.01847	-0.99209	-0.9379	-0.860576	-0.763516	-0.648006	-0.529519	-0.420598	-0.321135	-0.250083	-0.214087	-0.195639	-0.174136	-0.135453	-0.0625922	0.0389378	0.149122	0.245745	0.317218	0.353427	
-0.549155	-0.660991	-0.760454	-0.84072	-0.892468	-0.901448	-0.866303	-0.794606	-0.704027	-0.593154	-0.484935	-0.386711	-0.299163	-0.23551	-0.20121	-0.195639	-0.206672	-0.217007	-0.21721	-0.176945	-0.0946385	0.0115137	0.114933	0.199508	0.255142	
-0.378044	-0.497186	-0.606461	-0.691725	-0.746708	-0.757727	-0.717977	-0.643828	-0.543368	-0.424949	-0.314381	-0.226093	-0.163175	-0.136942	-0.146403	-0.174136	-0.217007	-0.271045	-0.307111	-0.294375	-0.230332	-0.14294	-0.0468654	0.0442798	0.109029	
-0.21409	-0.334436	-0.448854	-0.541816	-0.599512	-0.609309	-0.569473	-0.489808	-0.381507	-0.261933	-0.147706	-0.064134	-0.0219676	-0.0245136	-0.0679816	-0.135453	-0.21721	-0.307111	-0.374608	-0.387018	-0.345555	-0.278755	-0.19749	-0.12191	-0.0630546	
-0.0563508	-0.176393	-0.302572	-0.410448	-0.472227	-0.481131	-0.441812	-0.35032	-0.226441	-0.103357	0.00902923	0.0908927	0.118335	0.0977074	0.0336212	-0.0625922	-0.176945	-0.294375	-0.387018	-0.428232	-0.424456	-0.384857	-0.330811	-0.27471	-0.221605	
0.0751553	-0.0587116	-0.192419	-0.311627	-0.381965	-0.393234	-0.347226	-0.243522	-0.112769	0.0238446	0.142832	0.220948	0.245128	0.218007	0.148698	0.0389378	-0.0946385	-0.230332	-0.345555	-0.424456	-0.463796	-0.460895	-0.436359	-0.395992	-0.341797	
0.152281	0.0160584	-0.122278	-0.238019	-0.313775	-0.326439	-0.274537	-0.172129	-0.041376	0.101125	0.218698	0.295455	0.329829	0.317868	0.253538	0.149122	0.0115137	-0.14294	-0.278755	-0.384857	-0.460895	-0.495426	-0.497917	-0.478034	-0.440819	
0.181051	0.056148	-0.0721186	-0.180152	-0.247772	-0.261102	-0.213203	-0.119287	0.0046755	0.132861	0.243175	0.322894	0.373851	0.379627	0.334382	0.245745	0.114933	-0.0468654	-0.19749	-0.330811	-0.436359	-0.497917	-0.518389	-0.526062	-0.516844	
0.186764	0.0771095	-0.0373185	-0.133394	-0.183444	-0.19173	-0.158824	-0.0799545	0.0312363	0.143864	0.244895	0.322869	0.376587	0.396827	0.38137	0.317218	0.199508	0.0442798	-0.12191	-0.27471	-0.395992	-0.478034	-0.526062	-0.562941	-0.577766	
0.186387	0.0956775	-5.05662e-05	-0.077929	-0.11877	-0.126232	-0.0985225	-0.0362998	0.0586091	0.150153	0.237453	0.308733	0.363143	0.398085	0.396957	0.353427	0.255142	0.109029	-0.0630546	-0.221605	-0.341797	-0.440819	-0.516844	-0.577766	-0.612186	
