0.319552	0.26683	0.234567	0.219811	0.215083	0.215216	0.217267	0.226294	0.251756	0.296778	0.355071	0.417153	0.475795	0.5267	0.569582	0.598178	0.609279	0.605568	0.582826	0.542419	0.489909	0.427798	0.355165	0.271357	0.170199	
0.531611	0.493036	0.468018	0.447218	0.437842	0.437868	0.442125	0.45908	0.481962	0.514217	0.560585	0.608797	0.653435	0.690818	0.715848	0.731198	0.72761	0.704358	0.658351	0.593221	0.5215	0.442293	0.346787	0.23366	0.100604	
0.714524	0.687239	0.663845	0.635557	0.616839	0.613592	0.626476	0.652753	0.67804	0.702484	0.733975	0.767231	0.805061	0.834232	0.853429	0.864123	0.855602	0.827363	0.768738	0.679933	0.589776	0.487164	0.355561	0.200329	0.0372786	
0.848169	0.825231	0.79624	0.763576	0.73833	0.733371	0.752691	0.782385	0.814719	0.839377	0.861208	0.891781	0.930396	0.95826	0.97878	0.986308	0.980188	0.954339	0.889346	0.785507	0.664647	0.527266	0.363446	0.176763	-0.00755548	
0.919333	0.89253	0.853069	0.816648	0.790072	0.785493	0.804135	0.83757	0.877186	0.910091	0.934509	0.968761	1.01383	1.05559	1.08359	1.09399	1.09209	1.05678	0.978593	0.859103	0.70749	0.537659	0.349514	0.143159	-0.0442001	
0.927127	0.884709	0.839917	0.800472	0.786171	0.784475	0.792179	0.8217	0.86733	0.909842	0.955803	1.00701	1.06605	1.12306	1.15783	1.1673	1.15855	1.11037	1.01701	0.879096	0.704778	0.509812	0.300062	0.0941622	-0.0870392	
0.900699	0.836613	0.780526	0.742196	0.732246	0.73174	0.735889	0.761415	0.813612	0.874171	0.939715	1.00667	1.07876	1.1423	1.18415	1.19625	1.17819	1.11189	0.994433	0.832656	0.643382	0.429874	0.215481	0.0204651	-0.141411	
0.832074	0.753498	0.693225	0.662485	0.656755	0.656158	0.659147	0.676407	0.727131	0.799558	0.879636	0.963905	1.05102	1.11477	1.15925	1.17143	1.1337	1.04434	0.90213	0.712106	0.508132	0.294492	0.092056	-0.0809531	-0.210867	
0.730204	0.650941	0.597109	0.569084	0.563156	0.564374	0.564203	0.583251	0.62604	0.695738	0.784469	0.877443	0.969577	1.04039	1.0788	1.08035	1.02393	0.903246	0.729059	0.522626	0.311278	0.109945	-0.0633824	-0.197997	-0.285803	
0.626243	0.552978	0.505518	0.472038	0.459422	0.459061	0.46356	0.490936	0.530663	0.593696	0.681447	0.772181	0.859253	0.921425	0.94411	0.924732	0.84242	0.693117	0.497604	0.282935	0.0785106	-0.0944737	-0.228269	-0.317974	-0.361822	
0.539409	0.474951	0.429862	0.387246	0.36318	0.359443	0.374925	0.412435	0.455634	0.510921	0.586886	0.666434	0.734508	0.774697	0.773024	0.722702	0.610448	0.440155	0.233155	0.0230499	-0.162287	-0.305012	-0.402145	-0.44302	-0.429954	
0.476169	0.422192	0.38066	0.33952	0.307068	0.299958	0.324777	0.363434	0.405371	0.452754	0.512399	0.570075	0.612967	0.622671	0.589977	0.507786	0.371867	0.184672	-0.0266915	-0.228675	-0.391082	-0.500368	-0.557603	-0.548049	-0.479625	
0.449653	0.412212	0.375212	0.337761	0.305301	0.298818	0.323299	0.36015	0.397576	0.434565	0.472214	0.5019	0.509682	0.48402	0.418074	0.307422	0.154349	-0.0354598	-0.242688	-0.42664	-0.560479	-0.640921	-0.657623	-0.601679	-0.485885	
0.46445	0.442708	0.414405	0.388241	0.365761	0.361549	0.378022	0.403604	0.431539	0.457012	0.472811	0.473399	0.440952	0.374046	0.27188	0.133089	-0.0292437	-0.202696	-0.389441	-0.549519	-0.653599	-0.700928	-0.684961	-0.588796	-0.426101	
0.509546	0.50803	0.493903	0.485554	0.475766	0.473776	0.481867	0.489919	0.502264	0.511964	0.498816	0.46259	0.395869	0.294448	0.161496	0.00524763	-0.155107	-0.311665	-0.466041	-0.594835	-0.672992	-0.690461	-0.640302	-0.513505	-0.314818	
0.566063	0.595023	0.606277	0.617469	0.627678	0.629451	0.622262	0.610791	0.600477	0.580421	0.536858	0.462926	0.368629	0.249776	0.105179	-0.055536	-0.203945	-0.342604	-0.464913	-0.571222	-0.629202	-0.62156	-0.539844	-0.38438	-0.155933	
0.629662	0.69055	0.730224	0.762508	0.79083	0.795872	0.776016	0.743087	0.708577	0.656923	0.581384	0.480808	0.369991	0.250352	0.110791	-0.0473263	-0.186566	-0.305985	-0.408854	-0.489474	-0.524856	-0.493051	-0.385146	-0.202585	0.0407205	
0.69055	0.77501	0.833373	0.882269	0.918544	0.924743	0.899671	0.853377	0.800662	0.72841	0.626754	0.508505	0.391744	0.279	0.151271	0.00759219	-0.124326	-0.234816	-0.3227	-0.381057	-0.392343	-0.324413	-0.189167	0.00747997	0.254229	
0.722282	0.821151	0.892828	0.949971	0.990362	0.997983	0.96924	0.917248	0.852151	0.76549	0.651081	0.527883	0.412953	0.313742	0.203868	0.0812271	-0.0366926	-0.136942	-0.213609	-0.256389	-0.2454	-0.152835	0.00607593	0.20921	0.448037	
0.703319	0.807189	0.890223	0.959817	1.00384	1.01266	0.980302	0.919908	0.841834	0.747576	0.634551	0.522878	0.423883	0.343615	0.259535	0.162727	0.0667113	-0.0164099	-0.0866041	-0.120824	-0.0917279	0.0100894	0.17317	0.374275	0.595071	
0.6567	0.749871	0.83307	0.902258	0.944749	0.952303	0.923554	0.86255	0.78431	0.695375	0.59829	0.508391	0.436325	0.374045	0.314665	0.249543	0.181208	0.118247	0.0631161	0.0366822	0.0694221	0.166831	0.312392	0.487831	0.679774	
0.582794	0.648304	0.713136	0.765185	0.798871	0.805174	0.780736	0.736719	0.674607	0.608197	0.548415	0.495253	0.450778	0.409979	0.367043	0.326562	0.287357	0.247376	0.209327	0.191048	0.218008	0.296371	0.409198	0.550828	0.713947	
0.484	0.504775	0.533645	0.560375	0.572386	0.574428	0.566928	0.545775	0.515371	0.491549	0.476095	0.46886	0.463014	0.445168	0.419726	0.398394	0.379718	0.358057	0.330523	0.31948	0.342399	0.392636	0.465439	0.572074	0.700351	
0.367191	0.343096	0.327651	0.314008	0.303228	0.30029	0.309344	0.321743	0.336272	0.355556	0.388546	0.42738	0.459068	0.473445	0.477803	0.479262	0.482418	0.470601	0.445762	0.429127	0.432638	0.453098	0.486647	0.55371	0.65221	
0.236716	0.16718	0.10751	0.060064	0.0282028	0.0211232	0.0453046	0.0871071	0.141936	0.206977	0.285737	0.372256	0.447362	0.507438	0.548538	0.578309	0.600512	0.592104	0.557888	0.523497	0.494857	0.479326	0.4779	0.50967	0.58347	
0.109432	-0.00597388	-0.112983	-0.189813	-0.244594	-0.254459	-0.215418	-0.146495	-0.0512705	0.0632991	0.183578	0.317078	0.43795	0.545914	0.629922	0.687633	0.719878	0.709294	0.65493	0.591745	0.531191	0.479843	0.450556	0.460827	0.511049	
-0.00597388	-0.169643	-0.317663	-0.427234	-0.495262	-0.507967	-0.459006	-0.367157	-0.231546	-0.0724391	0.096334	0.273909	0.442033	0.594218	0.714983	0.788674	0.822359	0.799474	0.727185	0.633207	0.541035	0.465234	0.420127	0.41236	0.450512	
-0.112983	-0.317663	-0.497356	-0.627672	-0.698772	-0.711597	-0.663538	-0.556333	-0.394204	-0.19745	0.0188384	0.24078	0.452867	0.646999	0.793473	0.873802	0.899299	0.863793	0.775302	0.656358	0.535445	0.441406	0.386218	0.372092	0.406228	
-0.189813	-0.427234	-0.627672	-0.762467	-0.838132	-0.850014	-0.799998	-0.68957	-0.514832	-0.286355	-0.0415686	0.212699	0.464729	0.6907	0.856663	0.946082	0.960539	0.916755	0.81511	0.676024	0.534797	0.422354	0.351525	0.333236	0.362993	
-0.244594	-0.495262	-0.698772	-0.838132	-0.904682	-0.914665	-0.872907	-0.763002	-0.583628	-0.348739	-0.0817015	0.19282	0.467477	0.715924	0.89749	0.98975	1.00231	0.954343	0.848053	0.694269	0.532336	0.404748	0.322264	0.299384	0.334244	
-0.254459	-0.507967	-0.711597	-0.850014	-0.914665	-0.92506	-0.883707	-0.775071	-0.59671	-0.359853	-0.0893143	0.187431	0.467667	0.721004	0.904391	0.998143	1.01136	0.961378	0.853887	0.697649	0.531661	0.401618	0.317357	0.291497	0.328949	
-0.215418	-0.459006	-0.663538	-0.799998	-0.872907	-0.883707	-0.837246	-0.726114	-0.548554	-0.314907	-0.0607958	0.203952	0.466555	0.703022	0.876384	0.967522	0.979741	0.935151	0.830386	0.684666	0.533913	0.4143	0.337987	0.31876	0.349089	
-0.146495	-0.367157	-0.556333	-0.68957	-0.763002	-0.775071	-0.726114	-0.617325	-0.448231	-0.236954	-0.00757477	0.22872	0.458452	0.666968	0.821216	0.90459	0.925583	0.885947	0.791358	0.664011	0.534509	0.433783	0.372252	0.355638	0.388507	
-0.0512705	-0.231546	-0.394204	-0.514832	-0.583628	-0.59671	-0.548554	-0.448231	-0.29961	-0.125132	0.0641139	0.259613	0.445119	0.615156	0.747118	0.82387	0.855492	0.827804	0.748874	0.644131	0.538831	0.455329	0.406848	0.396298	0.431789	
0.0632991	-0.0724391	-0.19745	-0.286355	-0.348739	-0.359853	-0.314907	-0.236954	-0.125132	0.00924851	0.147112	0.297687	0.438654	0.564702	0.664199	0.730263	0.764082	0.749263	0.687206	0.610882	0.538381	0.476067	0.438821	0.440054	0.484461	
0.183578	0.096334	0.0188384	-0.0415686	-0.0817015	-0.0893143	-0.0607958	-0.00757477	0.0641139	0.147112	0.243365	0.349528	0.442189	0.522015	0.580564	0.621626	0.648979	0.640934	0.599883	0.554502	0.512417	0.481546	0.467708	0.491085	0.554171	
0.317078	0.273909	0.24078	0.212699	0.19282	0.187431	0.203952	0.22872	0.259613	0.297687	0.349528	0.406006	0.454993	0.486526	0.50407	0.516962	0.528987	0.518207	0.491061	0.468255	0.46071	0.467688	0.48694	0.537894	0.626294	
0.43795	0.442033	0.452867	0.464729	0.467477	0.467667	0.466555	0.458452	0.445119	0.438654	0.442189	0.454993	0.463705	0.456564	0.442124	0.428753	0.417494	0.401531	0.376589	0.365864	0.382658	0.420886	0.477608	0.56896	0.684592	
0.545914	0.594218	0.646999	0.6907	0.715924	0.721004	0.703022	0.666968	0.615156	0.564702	0.522015	0.486526	0.456564	0.424441	0.387763	0.355538	0.325701	0.293688	0.25984	0.245236	0.271484	0.339338	0.436482	0.563968	0.713381	
0.629922	0.714983	0.793473	0.856663	0.89749	0.904391	0.876384	0.821216	0.747118	0.664199	0.580564	0.50407	0.442124	0.387763	0.335848	0.281981	0.225234	0.171837	0.12402	0.1012	0.131598	0.22192	0.35587	0.519097	0.699461	
0.687633	0.788674	0.873802	0.946082	0.98975	0.998143	0.967522	0.90459	0.82387	0.730263	0.621626	0.516962	0.428753	0.355538	0.281981	0.198006	0.112616	0.0362321	-0.028942	-0.0601773	-0.0275941	0.0751798	0.233507	0.424971	0.63619	
0.719878	0.822359	0.899299	0.960539	1.00231	1.01136	0.979741	0.925583	0.855492	0.764082	0.648979	0.528987	0.417494	0.325701	0.225234	0.112616	0.00237835	-0.0911386	-0.165483	-0.203862	-0.184845	-0.0875284	0.0753625	0.28181	0.513561	
0.709294	0.799474	0.863793	0.916755	0.954343	0.961378	0.935151	0.885947	0.827804	0.749263	0.640934	0.518207	0.401531	0.293688	0.171837	0.0362321	-0.0911386	-0.198778	-0.280919	-0.333483	-0.334146	-0.253995	-0.108469	0.0906917	0.335997	
0.65493	0.727185	0.775302	0.81511	0.848053	0.853887	0.830386	0.791358	0.748874	0.687206	0.599883	0.491061	0.376589	0.25984	0.12402	-0.028942	-0.165483	-0.280919	-0.377222	-0.447408	-0.474638	-0.428486	-0.310187	-0.120159	0.125963	
0.591745	0.633207	0.656358	0.676024	0.694269	0.697649	0.684666	0.664011	0.644131	0.610882	0.554502	0.468255	0.365864	0.245236	0.1012	-0.0601773	-0.203862	-0.333483	-0.447408	-0.544549	-0.593375	-0.576746	-0.484379	-0.316945	-0.0805511	
0.531191	0.541035	0.535445	0.534797	0.532336	0.531661	0.533913	0.534509	0.538831	0.538381	0.512417	0.46071	0.382658	0.271484	0.131598	-0.0275941	-0.184845	-0.334146	-0.474638	-0.593375	-0.662237	-0.67049	-0.606282	-0.468267	-0.256985	
0.479843	0.465234	0.441406	0.422354	0.404748	0.401618	0.4143	0.433783	0.455329	0.476067	0.481546	0.467688	0.420886	0.339338	0.22192	0.0751798	-0.0875284	-0.253995	-0.428486	-0.576746	-0.67049	-0.703822	-0.67447	-0.565322	-0.387254	
0.450556	0.420127	0.386218	0.351525	0.322264	0.317357	0.337987	0.372252	0.406848	0.438821	0.467708	0.48694	0.477608	0.436482	0.35587	0.233507	0.0753625	-0.108469	-0.310187	-0.484379	-0.606282	-0.67447	-0.678654	-0.60458	-0.469389	
0.460827	0.41236	0.372092	0.333236	0.299384	0.291497	0.31876	0.355638	0.396298	0.440054	0.491085	0.537894	0.56896	0.563968	0.519097	0.424971	0.28181	0.0906917	-0.120159	-0.316945	-0.468267	-0.565322	-0.60458	-0.577	-0.48938	
0.511049	0.450512	0.406228	0.362993	0.334244	0.328949	0.349089	0.388507	0.431789	0.484461	0.554171	0.626294	0.684592	0.713381	0.699461	0.63619	0.513561	0.335997	0.125963	-0.0805511	-0.256985	-0.387254	-0.469389	-0.48938	-0.453193	
