-0.485894	-0.485716	-0.489705	-0.498552	-0.508547	-0.509229	-0.503474	-0.492205	-0.487045	-0.485449	-0.486541	-0.500143	-0.531963	-0.567711	-0.603427	-0.647409	-0.688452	-0.708986	-0.696741	-0.657783	-0.581432	-0.464103	-0.312139	-0.144308	0.0314973	
-0.4995	-0.510438	-0.528916	-0.551118	-0.568851	-0.570832	-0.559882	-0.537294	-0.517552	-0.502461	-0.496616	-0.503455	-0.53121	-0.560901	-0.59136	-0.630104	-0.674206	-0.695798	-0.696147	-0.679397	-0.627053	-0.527075	-0.394208	-0.246198	-0.0897118	
-0.511387	-0.526101	-0.548038	-0.568056	-0.581429	-0.583083	-0.574615	-0.556888	-0.534707	-0.516135	-0.505402	-0.504435	-0.517667	-0.539765	-0.561895	-0.589474	-0.624372	-0.642034	-0.644277	-0.637049	-0.604409	-0.527001	-0.422516	-0.296073	-0.160966	
-0.501087	-0.514399	-0.528327	-0.536071	-0.536968	-0.537268	-0.536627	-0.533309	-0.52022	-0.50574	-0.495834	-0.485808	-0.479676	-0.489039	-0.502609	-0.515029	-0.532199	-0.541999	-0.540296	-0.537062	-0.515015	-0.458955	-0.380891	-0.28448	-0.170172	
-0.444173	-0.448957	-0.451937	-0.447189	-0.438986	-0.437735	-0.443332	-0.451765	-0.450512	-0.445535	-0.442458	-0.428852	-0.406658	-0.399211	-0.398853	-0.392167	-0.392319	-0.394837	-0.389137	-0.381002	-0.366009	-0.324861	-0.263757	-0.185175	-0.0953138	
-0.332693	-0.325693	-0.321577	-0.310295	-0.302303	-0.29914	-0.307111	-0.316778	-0.324955	-0.328789	-0.335896	-0.322777	-0.295202	-0.272027	-0.255715	-0.228659	-0.215665	-0.213528	-0.207026	-0.187024	-0.164664	-0.126338	-0.076231	-0.0107362	0.0571021	
-0.177833	-0.165795	-0.158209	-0.147719	-0.142179	-0.139817	-0.145357	-0.152982	-0.162797	-0.172788	-0.181537	-0.172539	-0.147784	-0.122621	-0.0939004	-0.0588673	-0.0339113	-0.0240107	-0.00735054	0.0224452	0.0612685	0.106677	0.155924	0.204795	0.245682	
0.00167749	0.0081627	0.0151162	0.0210277	0.0249169	0.0259493	0.0227323	0.0181431	0.0109519	0.00394843	0.00104117	0.00935817	0.0194981	0.0346318	0.0614015	0.097251	0.126145	0.154897	0.191597	0.236164	0.28288	0.329899	0.380363	0.419779	0.437885	
0.175102	0.173705	0.174635	0.173238	0.173675	0.173614	0.173282	0.173844	0.173904	0.174181	0.177979	0.183934	0.178636	0.176607	0.194384	0.225859	0.25872	0.305615	0.361827	0.41868	0.471134	0.516611	0.55981	0.597209	0.608991	
0.314146	0.310969	0.303463	0.293592	0.287488	0.286395	0.290515	0.298926	0.308206	0.313503	0.315011	0.313916	0.301803	0.291934	0.300939	0.325205	0.355925	0.411633	0.47585	0.53686	0.591619	0.646959	0.690273	0.724931	0.730872	
0.391906	0.391843	0.379649	0.366897	0.357043	0.356106	0.361878	0.374441	0.387451	0.394074	0.387508	0.380142	0.373351	0.368367	0.373459	0.387971	0.41071	0.454991	0.519302	0.583691	0.646634	0.710934	0.77004	0.807543	0.803914	
0.404514	0.404641	0.395624	0.389846	0.387707	0.387249	0.388986	0.392715	0.401295	0.406355	0.398798	0.39275	0.397867	0.400386	0.398963	0.405176	0.42165	0.449236	0.498312	0.569282	0.648278	0.721532	0.78894	0.834398	0.829851	
0.366644	0.363751	0.361471	0.369638	0.379478	0.381383	0.373931	0.364433	0.361583	0.366202	0.36477	0.368002	0.379386	0.385378	0.376061	0.375715	0.391725	0.413739	0.446084	0.51019	0.599334	0.68383	0.75611	0.803543	0.805652	
0.301011	0.297767	0.303338	0.317152	0.330655	0.332059	0.323211	0.308483	0.299214	0.298274	0.303926	0.312742	0.32325	0.326257	0.320461	0.319897	0.335357	0.357484	0.384716	0.438965	0.519546	0.608495	0.687991	0.740572	0.747029	
0.229266	0.23345	0.242984	0.249078	0.251618	0.251616	0.250064	0.246144	0.237462	0.229727	0.231564	0.240783	0.244973	0.246901	0.251896	0.261038	0.275409	0.295514	0.325149	0.376242	0.445805	0.522438	0.605018	0.666978	0.680838	
0.157631	0.168047	0.174839	0.168863	0.160864	0.15911	0.165814	0.173178	0.172072	0.161299	0.156135	0.156611	0.155866	0.158306	0.174533	0.192014	0.209002	0.229697	0.263331	0.314348	0.377615	0.441612	0.514268	0.583419	0.612575	
0.0942212	0.0997908	0.0984202	0.0900073	0.0834121	0.0820379	0.0873579	0.0952521	0.0998586	0.0971541	0.0895175	0.0808044	0.0737418	0.0786051	0.0981297	0.121567	0.142663	0.168193	0.205662	0.257604	0.318769	0.377534	0.440816	0.504113	0.544058	
0.0427298	0.0386159	0.0314816	0.0300151	0.031791	0.0313491	0.0305095	0.0302045	0.0355964	0.0419584	0.0392163	0.0265352	0.020686	0.025917	0.0396169	0.0602662	0.0910749	0.123128	0.162031	0.216203	0.280402	0.342694	0.401986	0.45204	0.47951	
-0.00649139	-0.014427	-0.0184233	-0.0138249	-0.00777622	-0.00804646	-0.0111266	-0.0172747	-0.0167575	-0.00936437	-0.00749661	-0.0144848	-0.0121526	-0.00299132	-0.00242725	0.00480086	0.0407948	0.0870323	0.131397	0.188758	0.256606	0.31954	0.379787	0.422511	0.432508	
-0.0556078	-0.0596568	-0.0568092	-0.0506264	-0.0468183	-0.0466451	-0.0482513	-0.0541131	-0.0593929	-0.0583997	-0.0524576	-0.0492392	-0.0408056	-0.031608	-0.0345129	-0.0374609	-0.00501083	0.0497102	0.106564	0.170038	0.23991	0.301358	0.36001	0.404028	0.406722	
-0.0827234	-0.0826435	-0.0755749	-0.0731199	-0.0712131	-0.0715248	-0.0715607	-0.0742215	-0.0795828	-0.0846843	-0.0778274	-0.0670279	-0.061108	-0.0589495	-0.0556004	-0.0468527	-0.0190346	0.0254687	0.081441	0.151181	0.227288	0.293433	0.353302	0.394482	0.393861	
-0.0921465	-0.0878835	-0.084278	-0.0865089	-0.0878958	-0.0884684	-0.0876945	-0.0849446	-0.0851699	-0.0911016	-0.0900933	-0.0829021	-0.0785088	-0.0774124	-0.0657421	-0.0425969	-0.0125005	0.0162294	0.0596099	0.12989	0.216104	0.296308	0.362729	0.398182	0.386648	
-0.0978531	-0.094893	-0.0941178	-0.0995956	-0.104894	-0.107435	-0.102105	-0.0963399	-0.0934582	-0.0964949	-0.100459	-0.104855	-0.100184	-0.0862162	-0.0681421	-0.0471408	-0.0190931	0.00840834	0.0484645	0.119472	0.210417	0.295402	0.364305	0.39825	0.388034	
-0.101099	-0.104094	-0.104129	-0.105242	-0.11123	-0.113399	-0.106999	-0.103863	-0.104825	-0.102704	-0.101592	-0.11119	-0.110652	-0.0902004	-0.0685654	-0.0550587	-0.0289223	0.0067763	0.0534177	0.122969	0.209715	0.289444	0.353666	0.390505	0.389342	
-0.101397	-0.111437	-0.112416	-0.108591	-0.104638	-0.104764	-0.105683	-0.111105	-0.113083	-0.106642	-0.0978496	-0.102658	-0.105933	-0.0944519	-0.0784159	-0.0626752	-0.0287295	0.0159307	0.063577	0.125595	0.203501	0.278486	0.343818	0.387236	0.39524	
-0.105704	-0.113217	-0.118043	-0.113993	-0.102835	-0.100376	-0.109501	-0.117782	-0.115539	-0.108895	-0.102381	-0.101512	-0.0993577	-0.0944563	-0.0872275	-0.0700016	-0.0274291	0.0233202	0.0729441	0.130913	0.200688	0.271983	0.34216	0.39468	0.404245	
-0.113217	-0.112738	-0.11203	-0.11334	-0.110925	-0.111225	-0.112753	-0.113154	-0.111477	-0.113328	-0.112488	-0.10818	-0.0983893	-0.090079	-0.0854165	-0.0723781	-0.0340993	0.0168009	0.0739478	0.140323	0.208622	0.271341	0.338028	0.392926	0.40545	
-0.118043	-0.11203	-0.101031	-0.104277	-0.118146	-0.122533	-0.109659	-0.100217	-0.106592	-0.117514	-0.115266	-0.107754	-0.0980921	-0.0880193	-0.0790666	-0.0669945	-0.0353154	0.0101663	0.0697772	0.143964	0.217563	0.279324	0.339414	0.386863	0.393084	
-0.113993	-0.11334	-0.104277	-0.10566	-0.116143	-0.119966	-0.109194	-0.103113	-0.109423	-0.115738	-0.110457	-0.106519	-0.102688	-0.092387	-0.0784376	-0.0617858	-0.0297603	0.0112773	0.0633875	0.135439	0.218274	0.291329	0.351647	0.386286	0.381876	
-0.102835	-0.110925	-0.118146	-0.116143	-0.106837	-0.104992	-0.112257	-0.11888	-0.11438	-0.10572	-0.101995	-0.109346	-0.109428	-0.0954516	-0.0773881	-0.0584274	-0.0240049	0.0155634	0.0601752	0.127013	0.215829	0.301639	0.364737	0.38983	0.373743	
-0.100376	-0.111225	-0.122533	-0.119966	-0.104992	-0.101599	-0.113809	-0.123963	-0.116699	-0.103804	-0.100691	-0.110823	-0.112187	-0.0969761	-0.07801	-0.0585383	-0.0240067	0.0152424	0.0589382	0.124878	0.215014	0.30237	0.366394	0.389699	0.373177	
-0.109501	-0.112753	-0.109659	-0.109194	-0.112257	-0.113809	-0.109634	-0.10894	-0.111827	-0.112152	-0.106076	-0.106428	-0.105237	-0.0943363	-0.0779679	-0.0596056	-0.0267883	0.0132006	0.062074	0.132184	0.217054	0.29578	0.357463	0.38826	0.377719	
-0.117782	-0.113154	-0.100217	-0.103113	-0.11888	-0.123963	-0.10894	-0.0988746	-0.107164	-0.118189	-0.114294	-0.106863	-0.0995649	-0.0895476	-0.0784939	-0.0647153	-0.0335205	0.0097888	0.0670542	0.141016	0.218768	0.284291	0.344062	0.385812	0.388321	
-0.115539	-0.111477	-0.106592	-0.109423	-0.11438	-0.116699	-0.111827	-0.107164	-0.108041	-0.11475	-0.114804	-0.109259	-0.0977124	-0.087662	-0.0820041	-0.0706872	-0.0356641	0.0137459	0.0727731	0.143281	0.212837	0.274151	0.337334	0.390317	0.400851	
-0.108895	-0.113328	-0.117514	-0.115738	-0.10572	-0.103804	-0.112152	-0.118189	-0.11475	-0.110715	-0.107316	-0.104929	-0.0989876	-0.0931845	-0.0881602	-0.0725989	-0.0303635	0.0212549	0.0741449	0.134517	0.2029	0.269924	0.339864	0.395097	0.407309	
-0.102381	-0.112488	-0.115266	-0.110457	-0.101995	-0.100691	-0.106076	-0.114294	-0.114804	-0.107316	-0.0976536	-0.0997527	-0.102252	-0.095093	-0.0828006	-0.0652423	-0.026876	0.0208511	0.0682372	0.127724	0.201297	0.27539	0.34293	0.390492	0.398696	
-0.101512	-0.10818	-0.107754	-0.106519	-0.109346	-0.110823	-0.106428	-0.106863	-0.109259	-0.104929	-0.0997527	-0.108205	-0.110184	-0.0924918	-0.0719371	-0.0583273	-0.0296818	0.00933536	0.0568418	0.123577	0.20792	0.285508	0.349087	0.387133	0.390469	
-0.0993577	-0.0983893	-0.0980921	-0.102688	-0.109428	-0.112187	-0.105237	-0.0995649	-0.0977124	-0.0989876	-0.102252	-0.110184	-0.106427	-0.0875717	-0.0675354	-0.050151	-0.0239466	0.00660104	0.0487397	0.120277	0.210124	0.293914	0.360729	0.395472	0.388425	
-0.0944563	-0.090079	-0.0880193	-0.092387	-0.0954516	-0.0969761	-0.0943363	-0.0895476	-0.087662	-0.0931845	-0.095093	-0.0924918	-0.0875717	-0.0821673	-0.0673388	-0.0435811	-0.0135177	0.0126704	0.0535326	0.123537	0.212696	0.296345	0.3653	0.399697	0.387015	
-0.0872275	-0.0854165	-0.0790666	-0.0784376	-0.0773881	-0.07801	-0.0779679	-0.0784939	-0.0820041	-0.0881602	-0.0828006	-0.0719371	-0.0675354	-0.0673388	-0.060446	-0.0445165	-0.016499	0.0214738	0.0722121	0.142563	0.222294	0.294434	0.356647	0.395307	0.389699	
-0.0700016	-0.0723781	-0.0669945	-0.0617858	-0.0584274	-0.0585383	-0.0596056	-0.0647153	-0.0706872	-0.0725989	-0.0652423	-0.0583273	-0.050151	-0.0435811	-0.0445165	-0.0455374	-0.0151208	0.0374801	0.0963335	0.162708	0.234749	0.2964	0.354557	0.398653	0.400683	
-0.0274291	-0.0340993	-0.0353154	-0.0297603	-0.0240049	-0.0240067	-0.0267883	-0.0335205	-0.0356641	-0.0303635	-0.026876	-0.0296818	-0.0239466	-0.0135177	-0.016499	-0.0151208	0.0200373	0.0717508	0.121148	0.181372	0.249472	0.31097	0.3711	0.414634	0.420306	
0.0233202	0.0168009	0.0101663	0.0112773	0.0155634	0.0152424	0.0132006	0.0097888	0.0137459	0.0212549	0.0208511	0.00933536	0.00660104	0.0126704	0.0214738	0.0374801	0.0717508	0.108268	0.148547	0.203823	0.2698	0.33298	0.392549	0.43814	0.457546	
0.0729441	0.0739478	0.0697772	0.0633875	0.0601752	0.0589382	0.062074	0.0670542	0.0727731	0.0741449	0.0682372	0.0568418	0.0487397	0.0535326	0.0722121	0.0963335	0.121148	0.148547	0.186211	0.238639	0.301078	0.361101	0.421759	0.47925	0.517109	
0.130913	0.140323	0.143964	0.135439	0.127013	0.124878	0.132184	0.141016	0.143281	0.134517	0.127724	0.123577	0.120277	0.123537	0.142563	0.162708	0.181372	0.203823	0.238639	0.289819	0.351993	0.413222	0.480605	0.549613	0.585086	
0.200688	0.208622	0.217563	0.218274	0.215829	0.215014	0.217054	0.218768	0.212837	0.2029	0.201297	0.20792	0.210124	0.212696	0.222294	0.234749	0.249472	0.2698	0.301078	0.351993	0.418269	0.488654	0.568677	0.634669	0.653597	
0.271983	0.271341	0.279324	0.291329	0.301639	0.30237	0.29578	0.284291	0.274151	0.269924	0.27539	0.285508	0.293914	0.296345	0.294434	0.2964	0.31097	0.33298	0.361101	0.413222	0.488654	0.574113	0.656323	0.712394	0.720986	
0.34216	0.338028	0.339414	0.351647	0.364737	0.366394	0.357463	0.344062	0.337334	0.339864	0.34293	0.349087	0.360729	0.3653	0.356647	0.354557	0.3711	0.392549	0.421759	0.480605	0.568677	0.656323	0.732155	0.780954	0.784514	
0.39468	0.392926	0.386863	0.386286	0.38983	0.389699	0.38826	0.385812	0.390317	0.395097	0.390492	0.387133	0.395472	0.399697	0.395307	0.398653	0.414634	0.43814	0.47925	0.549613	0.634669	0.712394	0.780954	0.828223	0.825991	
0.404245	0.40545	0.393084	0.381876	0.373743	0.373177	0.377719	0.388321	0.400851	0.407309	0.398696	0.390469	0.388425	0.387015	0.389699	0.400683	0.420306	0.457546	0.517109	0.585086	0.653597	0.720986	0.784514	0.825991	0.820002	
