0.342652	0.496603	0.61791	0.697882	0.737332	0.743636	0.718561	0.654933	0.549704	0.407389	0.241454	0.0769101	-0.088056	-0.250059	-0.382372	-0.478402	-0.516891	-0.478947	-0.358185	-0.188811	0.00268149	0.201965	0.380115	0.508972	0.584972	
0.352331	0.512297	0.633321	0.712821	0.761463	0.771774	0.736163	0.669118	0.566273	0.419932	0.245898	0.0728297	-0.0909863	-0.243553	-0.373854	-0.474804	-0.513556	-0.469812	-0.348877	-0.176415	0.014492	0.198538	0.350032	0.440915	0.479876	
0.356131	0.511792	0.625638	0.706381	0.762088	0.774029	0.732689	0.660282	0.562802	0.422593	0.251458	0.0750375	-0.0929166	-0.242592	-0.368118	-0.4619	-0.497946	-0.45212	-0.33158	-0.163303	0.0175628	0.175657	0.292517	0.355814	0.368771	
0.333697	0.48237	0.586952	0.662592	0.717868	0.728468	0.688469	0.619176	0.529531	0.397241	0.232202	0.0616677	-0.100913	-0.248358	-0.363027	-0.440034	-0.470705	-0.424431	-0.305995	-0.15521	-0.000918992	0.130634	0.221782	0.262557	0.25469	
0.266535	0.401389	0.504708	0.580537	0.631021	0.639819	0.604309	0.537855	0.446276	0.323603	0.175452	0.016843	-0.13506	-0.271242	-0.369351	-0.423184	-0.437742	-0.388867	-0.281911	-0.151687	-0.0248108	0.0797521	0.148066	0.171106	0.151173	
0.151485	0.279191	0.381792	0.458104	0.507346	0.515707	0.481687	0.415413	0.323185	0.205053	0.068913	-0.075894	-0.213062	-0.325507	-0.402244	-0.432739	-0.42422	-0.371976	-0.273975	-0.159501	-0.0566742	0.0268617	0.0796161	0.0907005	0.0592425	
0.00809957	0.135387	0.242106	0.319082	0.372852	0.38301	0.34433	0.276006	0.181465	0.0601043	-0.0708526	-0.204656	-0.32683	-0.416357	-0.467446	-0.476301	-0.446323	-0.378054	-0.278065	-0.174215	-0.086589	-0.0173628	0.0242168	0.0279126	-0.00959608	
-0.131458	-0.00741056	0.104065	0.195515	0.258477	0.271195	0.225252	0.142858	0.0396544	-0.0813045	-0.207678	-0.336312	-0.447236	-0.516373	-0.542699	-0.531017	-0.477814	-0.388474	-0.279841	-0.177341	-0.0946035	-0.0345777	-0.00196903	-0.004231	-0.0383982	
-0.249593	-0.125174	-0.0103507	0.0926641	0.161834	0.173701	0.126693	0.0326616	-0.0782349	-0.199041	-0.324096	-0.442353	-0.536651	-0.589496	-0.598904	-0.561078	-0.485088	-0.381863	-0.267377	-0.16037	-0.0762023	-0.0225731	0.00799943	0.00642888	-0.0269634	
-0.323318	-0.209377	-0.0996213	0.00722627	0.0732057	0.0837831	0.0399221	-0.0548245	-0.165024	-0.277881	-0.390115	-0.492955	-0.571822	-0.612995	-0.608037	-0.550416	-0.457704	-0.341452	-0.227237	-0.124807	-0.0392927	0.0183524	0.0503452	0.0490107	0.0204396	
-0.333888	-0.237731	-0.140678	-0.0500135	-8.33507e-05	0.00625217	-0.0234904	-0.102336	-0.198715	-0.295805	-0.390445	-0.476147	-0.536671	-0.564157	-0.547059	-0.483241	-0.379265	-0.26022	-0.153859	-0.0625187	0.0204366	0.0826458	0.114927	0.111962	0.0807961	
-0.279238	-0.20328	-0.130318	-0.0747506	-0.0482922	-0.0439339	-0.0610642	-0.105289	-0.172916	-0.248485	-0.324984	-0.387713	-0.425528	-0.431691	-0.405275	-0.347354	-0.254623	-0.147082	-0.0589432	0.0181914	0.0857922	0.140637	0.170556	0.163089	0.124855	
-0.172098	-0.121156	-0.0726913	-0.0439291	-0.0340176	-0.0329609	-0.037811	-0.0588297	-0.10035	-0.152072	-0.200735	-0.239638	-0.25719	-0.240075	-0.206504	-0.1615	-0.0880885	-0.00301079	0.0677794	0.119537	0.156132	0.187465	0.205061	0.188033	0.141948	
-0.0310508	-0.0041753	0.021008	0.0281219	0.0241491	0.0214244	0.0274729	0.0254477	0.00730047	-0.0210697	-0.0447838	-0.0580237	-0.0479174	-0.0155157	0.022778	0.0626726	0.116913	0.171891	0.213603	0.233216	0.233654	0.227177	0.210762	0.174158	0.124689	
0.126069	0.124411	0.122708	0.112805	0.0969039	0.0924195	0.106874	0.119529	0.124555	0.124612	0.129347	0.145667	0.178578	0.221217	0.265748	0.306303	0.345496	0.373873	0.382803	0.360294	0.31288	0.2539	0.193439	0.132548	0.0739878	
0.276565	0.252164	0.224019	0.192375	0.168261	0.1637	0.181034	0.211039	0.242104	0.266262	0.296638	0.349958	0.408334	0.456477	0.50429	0.54337	0.572043	0.575422	0.547654	0.48368	0.387447	0.278354	0.174266	0.0804094	0.000133163	
0.419916	0.369867	0.313224	0.259199	0.222291	0.215291	0.24201	0.290349	0.347996	0.399447	0.456045	0.536228	0.620869	0.68526	0.729498	0.753667	0.757159	0.731017	0.671646	0.576539	0.43908	0.283568	0.142318	0.0168958	-0.0837153	
0.559768	0.486291	0.400391	0.323353	0.272167	0.262325	0.299114	0.3669	0.454196	0.52982	0.608952	0.707779	0.809467	0.883561	0.915594	0.920526	0.894744	0.840115	0.756125	0.631985	0.459408	0.263651	0.0914105	-0.0582653	-0.175415	
0.697945	0.60155	0.496175	0.396899	0.338794	0.328805	0.368308	0.452803	0.561405	0.659275	0.759904	0.871573	0.973176	1.03928	1.06257	1.04742	0.993077	0.915114	0.805642	0.652456	0.44916	0.223644	0.020204	-0.152972	-0.287984	
0.831528	0.714598	0.602524	0.503609	0.446916	0.437901	0.474965	0.559256	0.669654	0.784527	0.902812	1.01766	1.11079	1.16281	1.1712	1.13672	1.06607	0.965137	0.826262	0.642751	0.417807	0.178163	-0.0520256	-0.247893	-0.39898	
0.961136	0.837321	0.732766	0.653152	0.605951	0.598197	0.62942	0.698317	0.791928	0.910982	1.03613	1.14606	1.22326	1.25367	1.24141	1.19248	1.10663	0.981389	0.817965	0.613176	0.378318	0.135228	-0.103254	-0.312668	-0.479322	
1.10193	0.99423	0.903462	0.844335	0.813874	0.809138	0.829152	0.87606	0.954048	1.05796	1.16847	1.26005	1.30631	1.31003	1.27465	1.20881	1.10485	0.966427	0.789721	0.5688	0.333939	0.0954775	-0.139363	-0.351061	-0.51776	
1.2655	1.19423	1.13334	1.09375	1.07538	1.0732	1.08434	1.1144	1.16756	1.23688	1.30711	1.35457	1.36122	1.33337	1.27289	1.18242	1.06085	0.912563	0.73165	0.518911	0.288674	0.0547425	-0.1697	-0.366057	-0.512397	
1.43946	1.42999	1.41923	1.41479	1.41871	1.41969	1.41615	1.41604	1.42562	1.43622	1.44067	1.42552	1.38545	1.31795	1.22497	1.11069	0.975055	0.817975	0.643456	0.456255	0.245007	0.0272371	-0.176109	-0.350807	-0.472916	
1.6168	1.68966	1.74575	1.79486	1.83136	1.83903	1.81141	1.76597	1.71437	1.64776	1.56788	1.47667	1.37473	1.26017	1.13392	1.00561	0.863331	0.710295	0.549853	0.385875	0.207384	0.0208277	-0.154103	-0.304106	-0.405682	
1.79093	1.95363	2.08382	2.1876	2.25681	2.27071	2.22003	2.1284	2.0097	1.85932	1.68676	1.51096	1.33402	1.16527	1.01454	0.884514	0.751601	0.615773	0.475275	0.334911	0.187355	0.0317133	-0.11905	-0.241969	-0.319487	
1.95363	2.19341	2.39376	2.55398	2.65711	2.67501	2.60416	2.46295	2.27831	2.05386	1.79585	1.5326	1.28483	1.06904	0.895073	0.761027	0.647135	0.532588	0.416504	0.300181	0.17635	0.0465664	-0.0776996	-0.174879	-0.231197	
2.08382	2.39376	2.66043	2.86747	2.99332	3.01414	2.92984	2.75129	2.50622	2.2116	1.88157	1.5466	1.24187	0.987513	0.795431	0.650008	0.537597	0.437273	0.348636	0.260129	0.164564	0.0605747	-0.037525	-0.112921	-0.142289	
2.1876	2.55398	2.86747	3.10344	3.2404	3.26271	3.17246	2.97204	2.68709	2.33886	1.95308	1.56214	1.21363	0.935691	0.72435	0.558021	0.435256	0.350132	0.2848	0.219392	0.146771	0.0610043	-0.0175201	-0.0700137	-0.0644436	
2.25681	2.65711	2.99332	3.2404	3.37191	3.39282	3.30765	3.10401	2.80153	2.42187	2.00298	1.57841	1.20183	0.911122	0.683619	0.504424	0.376014	0.295732	0.240848	0.192185	0.127016	0.0525186	-0.0140729	-0.050941	-0.0244252	
2.27071	2.67501	3.01414	3.26271	3.39282	3.41406	3.32911	3.12624	2.82017	2.43769	2.0136	1.58211	1.20007	0.907308	0.676875	0.495968	0.365889	0.286506	0.231648	0.187761	0.122107	0.0492219	-0.0146145	-0.0475357	-0.019408	
2.22003	2.60416	2.92984	3.17246	3.30765	3.32911	3.24114	3.03764	2.74357	2.37836	1.9758	1.56896	1.20728	0.923514	0.704033	0.530876	0.405627	0.323494	0.264637	0.206343	0.138519	0.0585686	-0.0147388	-0.0597438	-0.0432594	
2.1284	2.46295	2.75129	2.97204	3.10401	3.12624	3.03764	2.84868	2.58463	2.2663	1.91197	1.55193	1.22825	0.9629	0.763783	0.610019	0.492787	0.399408	0.321098	0.243111	0.157963	0.0618105	-0.0268897	-0.0933203	-0.108097	
2.0097	2.27831	2.50622	2.68709	2.80153	2.82017	2.74357	2.58463	2.37434	2.12111	1.8328	1.53935	1.26615	1.033	0.851636	0.714463	0.604871	0.496718	0.391074	0.284955	0.172549	0.0533805	-0.0602175	-0.148503	-0.195322	
1.85932	2.05386	2.2116	2.33886	2.42187	2.43769	2.37836	2.2663	2.12111	1.94127	1.73241	1.5208	1.31436	1.1262	0.965601	0.835094	0.709806	0.582114	0.451171	0.320647	0.18217	0.0371114	-0.103433	-0.214528	-0.284597	
1.68676	1.79585	1.88157	1.95308	2.00298	2.0136	1.9758	1.91197	1.8328	1.73241	1.61626	1.49265	1.36093	1.22412	1.08808	0.958369	0.817146	0.670563	0.516749	0.361965	0.197419	0.0242945	-0.141307	-0.281125	-0.372283	
1.51096	1.5326	1.5466	1.56214	1.57841	1.58211	1.56896	1.55193	1.53935	1.5208	1.49265	1.44766	1.38557	1.30059	1.19318	1.07142	0.931867	0.774663	0.6049	0.427911	0.228514	0.0216754	-0.16957	-0.334453	-0.448794	
1.33402	1.28483	1.24187	1.21363	1.20183	1.20007	1.20728	1.22825	1.26615	1.31436	1.36093	1.38557	1.37432	1.33171	1.25952	1.159	1.03122	0.878123	0.699029	0.496284	0.271104	0.041506	-0.176598	-0.364596	-0.500313	
1.16527	1.06904	0.987513	0.935691	0.911122	0.907308	0.923514	0.9629	1.033	1.1262	1.22412	1.30059	1.33171	1.32448	1.27896	1.2036	1.09226	0.950201	0.770525	0.54926	0.315841	0.0787092	-0.152921	-0.360286	-0.520601	
1.01454	0.895073	0.795431	0.72435	0.683619	0.676875	0.704033	0.763783	0.851636	0.965601	1.08808	1.19318	1.25952	1.27896	1.25858	1.20421	1.11085	0.978708	0.809654	0.596913	0.361688	0.119711	-0.117631	-0.33048	-0.499409	
0.884514	0.761027	0.650008	0.558021	0.504424	0.495968	0.530876	0.610019	0.714463	0.835094	0.958369	1.07142	1.159	1.2036	1.20421	1.16361	1.08714	0.976379	0.825064	0.63239	0.402523	0.159774	-0.076216	-0.277897	-0.436601	
0.751601	0.647135	0.537597	0.435256	0.376014	0.365889	0.405627	0.492787	0.604871	0.709806	0.817146	0.931867	1.03122	1.09226	1.11085	1.08714	1.02474	0.937663	0.818069	0.652346	0.43858	0.206433	-0.0102647	-0.192998	-0.334546	
0.615773	0.532588	0.437273	0.350132	0.295732	0.286506	0.323494	0.399408	0.496718	0.582114	0.670563	0.774663	0.878123	0.950201	0.978708	0.976379	0.937663	0.873649	0.779168	0.643922	0.458009	0.248992	0.0648708	-0.0939439	-0.217985	
0.475275	0.416504	0.348636	0.2848	0.240848	0.231648	0.264637	0.321098	0.391074	0.451171	0.516749	0.6049	0.699029	0.770525	0.809654	0.825064	0.818069	0.779168	0.709651	0.603215	0.451944	0.278653	0.124415	-0.011908	-0.119026	
0.334911	0.300181	0.260129	0.219392	0.192185	0.187761	0.206343	0.243111	0.284955	0.320647	0.361965	0.427911	0.496284	0.54926	0.596913	0.63239	0.652346	0.643922	0.603215	0.525925	0.411011	0.282896	0.163819	0.0563203	-0.0324841	
0.187355	0.17635	0.164564	0.146771	0.127016	0.122107	0.138519	0.157963	0.172549	0.18217	0.197419	0.228514	0.271104	0.315841	0.361688	0.402523	0.43858	0.458009	0.451944	0.411011	0.344504	0.264846	0.186097	0.112857	0.0465815	
0.0317133	0.0465664	0.0605747	0.0610043	0.0525186	0.0492219	0.0585686	0.0618105	0.0533805	0.0371114	0.0242945	0.0216754	0.041506	0.0787092	0.119711	0.159774	0.206433	0.248992	0.278653	0.282896	0.264846	0.238662	0.204861	0.160013	0.10764	
-0.11905	-0.0776996	-0.037525	-0.0175201	-0.0140729	-0.0146145	-0.0147388	-0.0268897	-0.0602175	-0.103433	-0.141307	-0.16957	-0.176598	-0.152921	-0.117631	-0.076216	-0.0102647	0.0648708	0.124415	0.163819	0.186097	0.204861	0.21121	0.187204	0.139455	
-0.241969	-0.174879	-0.112921	-0.0700137	-0.050941	-0.0475357	-0.0597438	-0.0933203	-0.148503	-0.214528	-0.281125	-0.334453	-0.364596	-0.360286	-0.33048	-0.277897	-0.192998	-0.0939439	-0.011908	0.0563203	0.112857	0.160013	0.187204	0.176824	0.13504	
-0.319487	-0.231197	-0.142289	-0.0644436	-0.0244252	-0.019408	-0.0432594	-0.108097	-0.195322	-0.284597	-0.372283	-0.448794	-0.500313	-0.520601	-0.499409	-0.436601	-0.334546	-0.217985	-0.119026	-0.0324841	0.0465815	0.10764	0.139455	0.13504	0.100973	
