-0.843201	-0.983498	-1.08445	-1.13682	-1.15345	-1.15612	-1.14601	-1.11134	-1.02942	-0.902336	-0.749425	-0.598912	-0.482596	-0.411909	-0.371534	-0.362164	-0.383652	-0.438893	-0.49271	-0.522133	-0.527202	-0.506003	-0.458815	-0.384634	-0.270679	
-0.929256	-1.05444	-1.14293	-1.18513	-1.20054	-1.20403	-1.193	-1.16457	-1.09597	-0.981681	-0.84457	-0.711453	-0.61143	-0.54521	-0.50248	-0.479336	-0.477869	-0.497753	-0.516297	-0.513785	-0.495444	-0.459724	-0.405153	-0.321119	-0.20612	
-0.939664	-1.04722	-1.12041	-1.15979	-1.17692	-1.17949	-1.16864	-1.14	-1.08097	-0.985697	-0.868666	-0.763148	-0.680462	-0.6154	-0.574974	-0.547705	-0.531558	-0.527025	-0.517416	-0.493747	-0.453705	-0.407292	-0.356794	-0.278536	-0.167812	
-0.892744	-0.978553	-1.04126	-1.07155	-1.08611	-1.08994	-1.07875	-1.056	-1.00836	-0.928337	-0.837264	-0.75473	-0.688072	-0.632936	-0.597578	-0.576088	-0.55416	-0.524727	-0.496649	-0.456384	-0.399343	-0.352764	-0.316766	-0.259545	-0.163256	
-0.817999	-0.883153	-0.92263	-0.937262	-0.938115	-0.938919	-0.938099	-0.930898	-0.902115	-0.846442	-0.774526	-0.711391	-0.657762	-0.612042	-0.583284	-0.562093	-0.528653	-0.483501	-0.4395	-0.394398	-0.341278	-0.307021	-0.296356	-0.26789	-0.191722	
-0.733005	-0.772855	-0.78639	-0.776304	-0.762382	-0.75955	-0.770759	-0.783844	-0.782528	-0.751377	-0.700869	-0.648196	-0.603036	-0.565097	-0.535335	-0.503261	-0.45749	-0.398113	-0.343799	-0.298995	-0.264941	-0.261323	-0.284239	-0.291703	-0.249452	
-0.647061	-0.664116	-0.653067	-0.627977	-0.605891	-0.60156	-0.617885	-0.64349	-0.662618	-0.657556	-0.624218	-0.579937	-0.536474	-0.495943	-0.45602	-0.411798	-0.354681	-0.293319	-0.235545	-0.192357	-0.18214	-0.217456	-0.273252	-0.315087	-0.316478	
-0.565221	-0.56353	-0.539643	-0.509301	-0.489852	-0.487875	-0.49905	-0.527171	-0.555913	-0.567735	-0.554103	-0.519509	-0.473494	-0.423855	-0.368014	-0.311482	-0.249015	-0.187492	-0.130902	-0.093003	-0.102568	-0.170463	-0.259877	-0.331003	-0.369879	
-0.493193	-0.474778	-0.442418	-0.409163	-0.391363	-0.388257	-0.400442	-0.427479	-0.463244	-0.488053	-0.493553	-0.473693	-0.430217	-0.366718	-0.29879	-0.229621	-0.159427	-0.0930257	-0.0370078	-0.00519285	-0.0279041	-0.110884	-0.22452	-0.325372	-0.398782	
-0.416706	-0.387986	-0.351267	-0.314543	-0.292083	-0.288144	-0.303655	-0.335741	-0.373616	-0.406597	-0.427721	-0.42608	-0.393899	-0.331336	-0.260371	-0.184536	-0.105	-0.029673	0.0282664	0.0549392	0.0286964	-0.0499628	-0.16324	-0.281241	-0.384033	
-0.326623	-0.289616	-0.252702	-0.212034	-0.185095	-0.180832	-0.198841	-0.235833	-0.275668	-0.31145	-0.346356	-0.361799	-0.348926	-0.308337	-0.250323	-0.176066	-0.091668	-0.00731592	0.0592135	0.0915154	0.0742461	0.010122	-0.0871294	-0.201909	-0.31884	
-0.230457	-0.179737	-0.131412	-0.0880349	-0.0590047	-0.0527838	-0.0744887	-0.11284	-0.160517	-0.209934	-0.25916	-0.293166	-0.304187	-0.288807	-0.252435	-0.183149	-0.0968048	-0.0101008	0.0617267	0.107342	0.102723	0.0554598	-0.0203998	-0.109509	-0.211027	
-0.1271	-0.0566497	0.00568263	0.0558025	0.0834931	0.0883834	0.0695953	0.0284688	-0.0309265	-0.0984594	-0.168338	-0.224715	-0.262347	-0.2743	-0.257533	-0.202125	-0.120095	-0.0362305	0.0397806	0.0978321	0.113858	0.0877005	0.0324018	-0.0286672	-0.0994519	
-0.00233231	0.0843155	0.157999	0.211811	0.238526	0.241624	0.225593	0.182736	0.11514	0.033885	-0.0581191	-0.146588	-0.220099	-0.263595	-0.265753	-0.231726	-0.164983	-0.0829291	-0.00281068	0.0672779	0.107362	0.110653	0.0827197	0.0437543	-0.0017364	
0.122214	0.227908	0.315776	0.37932	0.414204	0.419936	0.396247	0.344724	0.265031	0.167014	0.0508698	-0.0769439	-0.192457	-0.264315	-0.288138	-0.276217	-0.229149	-0.157618	-0.0722346	0.00895902	0.0680314	0.10733	0.112284	0.0973597	0.0704387	
0.246567	0.375764	0.476976	0.554513	0.601603	0.609673	0.577741	0.51104	0.418784	0.302459	0.156047	-0.00883802	-0.166845	-0.277021	-0.329445	-0.343467	-0.314239	-0.250587	-0.164211	-0.0712736	0.00742006	0.0704179	0.104155	0.113727	0.102263	
0.371365	0.522624	0.639466	0.728507	0.785636	0.795765	0.756496	0.678475	0.572338	0.436609	0.265385	0.0720853	-0.118853	-0.270598	-0.363649	-0.405032	-0.393105	-0.3388	-0.259088	-0.164594	-0.0713669	0.00528489	0.0540941	0.0804115	0.0833872	
0.505862	0.666926	0.794494	0.888077	0.947514	0.958721	0.916897	0.835633	0.722205	0.574017	0.39367	0.185425	-0.0305143	-0.216652	-0.351243	-0.424167	-0.435399	-0.403222	-0.340982	-0.255845	-0.161359	-0.076512	-0.0204301	0.0128955	0.0242084	
0.643347	0.800341	0.922333	1.01546	1.06979	1.07907	1.04204	0.963868	0.852801	0.710787	0.533081	0.32237	0.0901709	-0.120142	-0.281568	-0.386238	-0.43629	-0.437335	-0.400374	-0.327901	-0.237206	-0.158038	-0.101862	-0.0683027	-0.0568117	
0.758056	0.897043	1.00925	1.09193	1.14218	1.15108	1.11619	1.04547	0.945842	0.817576	0.655966	0.449896	0.220049	0.00769931	-0.164952	-0.294494	-0.387964	-0.43281	-0.424248	-0.368505	-0.289622	-0.227296	-0.183839	-0.156531	-0.14431	
0.837879	0.953555	1.03877	1.1053	1.14742	1.15514	1.12555	1.0679	0.990215	0.88873	0.749146	0.564157	0.35497	0.156666	-0.0186464	-0.168605	-0.291691	-0.372056	-0.393877	-0.36143	-0.306017	-0.265985	-0.245268	-0.232882	-0.224276	
0.869447	0.950542	1.00617	1.05235	1.08432	1.09102	1.06754	1.02563	0.97431	0.906049	0.800896	0.655708	0.487023	0.316454	0.148919	-0.00831819	-0.145533	-0.247978	-0.306451	-0.312329	-0.288262	-0.271574	-0.269604	-0.274965	-0.282521	
0.857067	0.89602	0.922156	0.947433	0.967723	0.971747	0.956931	0.932683	0.906889	0.875426	0.817932	0.724614	0.606904	0.474466	0.331535	0.186487	0.0507756	-0.0689227	-0.160904	-0.209438	-0.223581	-0.234123	-0.258038	-0.287776	-0.320626	
0.818677	0.816476	0.813558	0.819947	0.825277	0.826072	0.822052	0.815899	0.814078	0.819388	0.810751	0.775238	0.710995	0.627605	0.527173	0.408774	0.282721	0.149509	0.0300657	-0.0512072	-0.107795	-0.156349	-0.217363	-0.278491	-0.335784	
0.765368	0.727828	0.699439	0.685963	0.677305	0.675566	0.681295	0.692976	0.714362	0.750839	0.783622	0.800829	0.792929	0.764725	0.711229	0.622463	0.505716	0.369681	0.23544	0.129217	0.0372807	-0.0541941	-0.154586	-0.243153	-0.323729	
0.703162	0.640467	0.591773	0.560762	0.544136	0.541188	0.552388	0.577765	0.618579	0.677705	0.740927	0.798821	0.843603	0.868474	0.856964	0.794813	0.692973	0.56208	0.42372	0.296293	0.17159	0.0483894	-0.0794138	-0.190961	-0.28825	
0.640467	0.562262	0.498552	0.460002	0.440889	0.437859	0.45036	0.480499	0.533509	0.608315	0.692093	0.781894	0.8659	0.93334	0.959748	0.925438	0.843724	0.722919	0.58045	0.435217	0.286255	0.141995	-0.00198173	-0.132479	-0.246843	
0.591773	0.498552	0.428874	0.385085	0.365601	0.363479	0.374832	0.407937	0.467457	0.552289	0.654852	0.768332	0.880136	0.977091	1.03305	1.02872	0.963048	0.850118	0.702708	0.54198	0.379889	0.220659	0.0655454	-0.0783356	-0.207085	
0.560762	0.460002	0.385085	0.336262	0.313655	0.309907	0.324461	0.362275	0.426885	0.517429	0.633941	0.765863	0.898413	1.01471	1.09131	1.10545	1.05333	0.94376	0.795298	0.624615	0.448874	0.277612	0.117389	-0.032984	-0.165339	
0.544136	0.440889	0.365601	0.313655	0.286233	0.282059	0.299615	0.341477	0.408116	0.499171	0.62096	0.765502	0.912855	1.04275	1.12986	1.1529	1.10561	1.00181	0.854236	0.676544	0.488555	0.30587	0.144284	-0.00375372	-0.136929	
0.541188	0.437859	0.363479	0.309907	0.282059	0.278051	0.295676	0.339007	0.405675	0.495836	0.618866	0.76494	0.915326	1.04839	1.13701	1.16161	1.11444	1.0123	0.865334	0.685535	0.495794	0.309527	0.147925	0.00245449	-0.131971	
0.552388	0.45036	0.374832	0.324461	0.299615	0.295676	0.311606	0.351367	0.416791	0.508191	0.62759	0.765295	0.905058	1.02795	1.10992	1.12868	1.07884	0.97165	0.823936	0.650197	0.468199	0.292046	0.130899	-0.0192394	-0.151293	
0.577765	0.480499	0.407937	0.362275	0.341477	0.339007	0.351367	0.386172	0.448575	0.536205	0.645314	0.766967	0.887289	0.992787	1.05828	1.06214	1.00297	0.891686	0.74313	0.578236	0.410955	0.247006	0.0890773	-0.0583175	-0.19001	
0.618579	0.533509	0.467457	0.426885	0.408116	0.405675	0.416791	0.448575	0.50384	0.58322	0.674887	0.77473	0.87144	0.952203	0.990975	0.970326	0.894983	0.778288	0.633049	0.480219	0.325784	0.175236	0.0260503	-0.110494	-0.231537	
0.677705	0.608315	0.552289	0.517429	0.499171	0.495836	0.508191	0.536205	0.58322	0.649158	0.721683	0.793367	0.855121	0.898363	0.90268	0.850898	0.757798	0.630271	0.490838	0.356383	0.22049	0.0881288	-0.0475536	-0.167229	-0.271289	
0.740927	0.692093	0.654852	0.633941	0.62096	0.618866	0.62759	0.645314	0.674887	0.721683	0.767536	0.802914	0.816967	0.810978	0.775386	0.697487	0.585055	0.450291	0.313555	0.198736	0.0929452	-0.013294	-0.126389	-0.224265	-0.311595	
0.798821	0.781894	0.768332	0.765863	0.765502	0.76494	0.765295	0.766967	0.77473	0.793367	0.802914	0.789113	0.747231	0.685693	0.603992	0.497499	0.375077	0.239308	0.113121	0.0208643	-0.0503621	-0.116874	-0.194197	-0.266676	-0.334065	
0.843603	0.8659	0.880136	0.898413	0.912855	0.915326	0.905058	0.887289	0.87144	0.855121	0.816967	0.747231	0.650733	0.536748	0.409126	0.27326	0.141688	0.0155532	-0.0885967	-0.151693	-0.183644	-0.20713	-0.244704	-0.287544	-0.330167	
0.868474	0.93334	0.977091	1.01471	1.04275	1.04839	1.02795	0.992787	0.952203	0.898363	0.810978	0.685693	0.536748	0.379894	0.220031	0.0651492	-0.072461	-0.181969	-0.255044	-0.278972	-0.268802	-0.26242	-0.268985	-0.282511	-0.300106	
0.856964	0.959748	1.03305	1.09131	1.12986	1.13701	1.10992	1.05828	0.990975	0.90268	0.775386	0.603992	0.409126	0.220031	0.0459115	-0.108793	-0.239549	-0.330343	-0.365609	-0.346504	-0.303014	-0.272506	-0.259466	-0.254732	-0.250226	
0.794813	0.925438	1.02872	1.10545	1.1529	1.16161	1.12868	1.06214	0.970326	0.850898	0.697487	0.497499	0.27326	0.0651492	-0.108793	-0.247602	-0.35497	-0.416248	-0.419228	-0.371182	-0.300703	-0.247055	-0.212524	-0.189484	-0.178158	
0.692973	0.843724	0.963048	1.05333	1.10561	1.11444	1.07884	1.00297	0.894983	0.757798	0.585055	0.375077	0.141688	-0.072461	-0.239549	-0.35497	-0.423225	-0.440891	-0.41512	-0.348889	-0.26137	-0.188327	-0.134961	-0.104123	-0.092038	
0.56208	0.722919	0.850118	0.94376	1.00181	1.0123	0.97165	0.891686	0.778288	0.630271	0.450291	0.239308	0.0155532	-0.181969	-0.330343	-0.416248	-0.440891	-0.420627	-0.367801	-0.287777	-0.194235	-0.109372	-0.0523014	-0.017939	-0.00657208	
0.42372	0.58045	0.702708	0.795298	0.854236	0.865334	0.823936	0.74313	0.633049	0.490838	0.313555	0.113121	-0.0885967	-0.255044	-0.365609	-0.419228	-0.41512	-0.367801	-0.294145	-0.202529	-0.107762	-0.026903	0.0252374	0.0558216	0.0637596	
0.296293	0.435217	0.54198	0.624615	0.676544	0.685535	0.650197	0.578236	0.480219	0.356383	0.198736	0.0208643	-0.151693	-0.278972	-0.346504	-0.371182	-0.348889	-0.287777	-0.202529	-0.107238	-0.0212565	0.0472589	0.0884603	0.106458	0.100829	
0.17159	0.286255	0.379889	0.448874	0.488555	0.495794	0.468199	0.410955	0.325784	0.22049	0.0929452	-0.0503621	-0.183644	-0.268802	-0.303014	-0.300703	-0.26137	-0.194235	-0.107762	-0.0212565	0.0449431	0.0962505	0.113955	0.108891	0.0884022	
0.0483894	0.141995	0.220659	0.277612	0.30587	0.309527	0.292046	0.247006	0.175236	0.0881288	-0.013294	-0.116874	-0.20713	-0.26242	-0.272506	-0.247055	-0.188327	-0.109372	-0.026903	0.0472589	0.0962505	0.114395	0.0982638	0.0689787	0.0307093	
-0.0794138	-0.00198173	0.0655454	0.117389	0.144284	0.147925	0.130899	0.0890773	0.0260503	-0.0475536	-0.126389	-0.194197	-0.244704	-0.268985	-0.259466	-0.212524	-0.134961	-0.0523014	0.0252374	0.0884603	0.113955	0.0982638	0.0536003	0.000751447	-0.0578753	
-0.190961	-0.132479	-0.0783356	-0.032984	-0.00375372	0.00245449	-0.0192394	-0.0583175	-0.110494	-0.167229	-0.224265	-0.266676	-0.287544	-0.282511	-0.254732	-0.189484	-0.104123	-0.017939	0.0558216	0.106458	0.108891	0.0689787	0.000751447	-0.0751368	-0.164965	
-0.28825	-0.246843	-0.207085	-0.165339	-0.136929	-0.131971	-0.151293	-0.19001	-0.231537	-0.271289	-0.311595	-0.334065	-0.330167	-0.300106	-0.250226	-0.178158	-0.092038	-0.00657208	0.0637596	0.100829	0.0884022	0.0307093	-0.0578753	-0.164965	-0.278776	
