0.79612	0.979298	1.13128	1.23899	1.29212	1.29928	1.2673	1.17953	1.04457	0.872719	0.669895	0.429726	0.161745	-0.121856	-0.4087	-0.672487	-0.899532	-1.07634	-1.17072	-1.19433	-1.15822	-1.0756	-0.945651	-0.77782	-0.594586	
0.779418	0.9513	1.09498	1.19807	1.24709	1.25452	1.22425	1.14192	1.01321	0.851359	0.661741	0.441834	0.19908	-0.060647	-0.323292	-0.571917	-0.801216	-0.992531	-1.11561	-1.17576	-1.17904	-1.13501	-1.04225	-0.914898	-0.770015	
0.703245	0.862467	0.994128	1.08105	1.1211	1.12692	1.10231	1.03476	0.919384	0.769636	0.596071	0.402811	0.194891	-0.0277799	-0.247316	-0.467482	-0.684849	-0.877752	-1.01649	-1.10107	-1.1451	-1.14747	-1.10075	-1.01625	-0.906381	
0.574895	0.716595	0.830545	0.903206	0.936479	0.939975	0.92143	0.864766	0.766105	0.633752	0.484085	0.326722	0.158566	-0.0190952	-0.194764	-0.378901	-0.570447	-0.749952	-0.888212	-0.985759	-1.05227	-1.09084	-1.09705	-1.0612	-0.98997	
0.418462	0.531584	0.627316	0.689935	0.719623	0.723047	0.705674	0.656741	0.57294	0.465027	0.347138	0.226366	0.0985831	-0.0349865	-0.17031	-0.315745	-0.47148	-0.619951	-0.743459	-0.842457	-0.9203	-0.979253	-1.02045	-1.02711	-0.996551	
0.258774	0.339091	0.413819	0.463306	0.486869	0.489379	0.475659	0.436877	0.37075	0.291432	0.206329	0.1161	0.0214292	-0.0784997	-0.178448	-0.284357	-0.395142	-0.503261	-0.599295	-0.685716	-0.765352	-0.833811	-0.888422	-0.916329	-0.922064	
0.116154	0.167717	0.218426	0.250076	0.264672	0.267186	0.257663	0.233896	0.188862	0.137292	0.0789867	0.0100586	-0.0601906	-0.13578	-0.206293	-0.27003	-0.326485	-0.386272	-0.451119	-0.521991	-0.596146	-0.666414	-0.725689	-0.765655	-0.790826	
0.0133779	0.043993	0.0697047	0.0845265	0.0947804	0.0960422	0.0893253	0.0774322	0.0540235	0.0275125	-0.0133355	-0.0664817	-0.12391	-0.182043	-0.227335	-0.256172	-0.263115	-0.270345	-0.300588	-0.350376	-0.417159	-0.478847	-0.534701	-0.58787	-0.634014	
-0.0401354	-0.016791	-0.000800863	0.0104841	0.0247689	0.0270488	0.0163503	0.00359778	-0.00955974	-0.0294028	-0.0616256	-0.107795	-0.159728	-0.204025	-0.226728	-0.223362	-0.192265	-0.160237	-0.148661	-0.176595	-0.229297	-0.280818	-0.334322	-0.399548	-0.473158	
-0.0347084	-0.00188837	0.019714	0.0419148	0.0654427	0.0704333	0.0519525	0.0273343	0.00818456	-0.0203858	-0.0590031	-0.105271	-0.155906	-0.190916	-0.197461	-0.169775	-0.114019	-0.0556131	-0.0176515	-0.0207496	-0.0501198	-0.0888216	-0.140972	-0.217005	-0.314729	
0.0389858	0.0877711	0.12593	0.161099	0.194037	0.201536	0.175364	0.139729	0.104063	0.0596932	0.00521022	-0.0554368	-0.106244	-0.13511	-0.133641	-0.0955368	-0.031122	0.04153	0.0926195	0.106626	0.100145	0.0792912	0.0312004	-0.0544392	-0.167382	
0.171411	0.240732	0.295407	0.344213	0.377159	0.38313	0.360184	0.315258	0.264425	0.200526	0.12332	0.0452075	-0.0118086	-0.0365125	-0.0319935	0.00196865	0.0628021	0.133584	0.191762	0.220068	0.228055	0.217634	0.171965	0.0800998	-0.0420314	
0.340367	0.427966	0.49584	0.548617	0.576207	0.580386	0.562703	0.519449	0.457345	0.377958	0.282082	0.189801	0.129424	0.102569	0.0960885	0.116817	0.161721	0.220452	0.277352	0.319836	0.340269	0.330891	0.281278	0.187448	0.0600825	
0.515194	0.611274	0.685458	0.737682	0.764418	0.768504	0.751746	0.708923	0.643864	0.556078	0.450676	0.352281	0.290901	0.259715	0.239432	0.238489	0.264257	0.307197	0.355449	0.39981	0.424129	0.411871	0.351826	0.252967	0.124553	
0.655012	0.755722	0.83271	0.887865	0.918501	0.923989	0.903243	0.857708	0.78922	0.697341	0.590451	0.496083	0.434096	0.399239	0.374294	0.357712	0.36097	0.386304	0.421865	0.453149	0.467651	0.446559	0.379161	0.275487	0.149207	
0.742572	0.844403	0.928051	0.982246	1.01578	1.02166	0.998294	0.952675	0.881061	0.7838	0.681774	0.598118	0.540092	0.499389	0.472027	0.448684	0.43791	0.445628	0.465417	0.478452	0.471054	0.436561	0.36685	0.269474	0.15464	
0.773273	0.876091	0.965163	1.02693	1.06672	1.07429	1.04577	0.993088	0.914299	0.814977	0.714414	0.637593	0.585031	0.544764	0.516883	0.495018	0.487586	0.491246	0.49382	0.482253	0.452752	0.4014	0.329284	0.244386	0.145548	
0.751611	0.845914	0.935663	1.01269	1.06503	1.07367	1.038	0.968284	0.882418	0.789578	0.69508	0.614121	0.556387	0.521905	0.503385	0.489731	0.496978	0.507233	0.502957	0.471617	0.422775	0.358213	0.277376	0.193779	0.104574	
0.692469	0.773154	0.863784	0.949607	1.00853	1.01816	0.977816	0.900361	0.808311	0.724183	0.641683	0.555781	0.490631	0.456995	0.452234	0.459095	0.478616	0.497606	0.498355	0.461099	0.398829	0.317798	0.222965	0.128311	0.0357101	
0.618874	0.697346	0.781026	0.863319	0.917059	0.925779	0.88971	0.815603	0.729889	0.650437	0.569663	0.488944	0.420577	0.383158	0.385079	0.412379	0.452337	0.482515	0.494845	0.466867	0.394169	0.292308	0.177911	0.065882	-0.0354924	
0.55413	0.636328	0.712343	0.784228	0.837103	0.846456	0.809633	0.741606	0.666804	0.588568	0.50073	0.414145	0.348451	0.311737	0.319505	0.367723	0.431421	0.481704	0.508911	0.486862	0.409973	0.290176	0.153898	0.0247218	-0.0859053	
0.514499	0.597466	0.667721	0.735512	0.786175	0.796169	0.759289	0.694903	0.626497	0.550436	0.455035	0.358211	0.289791	0.263745	0.287099	0.349883	0.424769	0.492179	0.531809	0.513397	0.433591	0.309007	0.157935	0.0126977	-0.102841	
0.496502	0.584224	0.657486	0.723437	0.762016	0.767817	0.74274	0.685938	0.614529	0.534317	0.435504	0.338289	0.273736	0.262526	0.302997	0.372421	0.444373	0.515283	0.563619	0.548481	0.464908	0.336886	0.179662	0.0264025	-0.0882527	
0.505473	0.599713	0.683218	0.744986	0.770281	0.772965	0.759216	0.711602	0.634618	0.543834	0.444644	0.355795	0.310356	0.31324	0.358374	0.429982	0.499745	0.565198	0.611226	0.597608	0.514414	0.384778	0.225414	0.0704515	-0.0446248	
0.561805	0.656645	0.734343	0.790156	0.811755	0.814414	0.802586	0.760663	0.689292	0.601679	0.501919	0.423433	0.39396	0.403934	0.441094	0.506927	0.578717	0.64202	0.677982	0.666725	0.593684	0.469531	0.309957	0.148076	0.0182838	
0.655206	0.743194	0.808794	0.857126	0.882074	0.885767	0.870092	0.830141	0.77176	0.69292	0.596567	0.52172	0.495979	0.50535	0.53516	0.590653	0.663624	0.731359	0.769991	0.761719	0.696181	0.576853	0.411874	0.236075	0.0859268	
0.743194	0.827097	0.893256	0.938817	0.965992	0.971003	0.952103	0.913905	0.856271	0.778387	0.689399	0.617029	0.586845	0.589061	0.617155	0.670659	0.742238	0.819447	0.870787	0.864648	0.798245	0.675216	0.503602	0.313517	0.142743	
0.808794	0.893256	0.967692	1.02407	1.05489	1.05998	1.03975	0.992927	0.924462	0.842765	0.761536	0.70104	0.663824	0.659093	0.691184	0.751013	0.830282	0.910049	0.960574	0.951147	0.876953	0.750473	0.575207	0.374492	0.187295	
0.857126	0.938817	1.02407	1.09514	1.14235	1.15015	1.11789	1.05489	0.973627	0.888328	0.815332	0.759823	0.728651	0.725692	0.761397	0.828737	0.916181	0.991786	1.02899	1.00645	0.931906	0.803869	0.628125	0.425505	0.22897	
0.882074	0.965992	1.05489	1.14235	1.20806	1.22048	1.17269	1.09069	1.00135	0.914525	0.837335	0.782874	0.761142	0.773108	0.813747	0.881487	0.974114	1.04825	1.07272	1.0416	0.963868	0.832187	0.653898	0.456398	0.262868	
0.885767	0.971003	1.05998	1.15015	1.22048	1.23348	1.18297	1.09642	1.00582	0.919297	0.840182	0.785063	0.765846	0.781377	0.823726	0.890191	0.98358	1.05765	1.08046	1.04809	0.969774	0.836256	0.657755	0.461781	0.270287	
0.870092	0.952103	1.03975	1.11789	1.17269	1.18297	1.14398	1.07249	0.987318	0.901502	0.827794	0.77305	0.745694	0.748442	0.785946	0.854519	0.944444	1.01875	1.04995	1.02333	0.947452	0.818516	0.64159	0.440835	0.244696	
0.830141	0.913905	0.992927	1.05489	1.09069	1.09642	1.07249	1.02057	0.946657	0.86329	0.78592	0.728845	0.692521	0.686437	0.719309	0.783509	0.86651	0.944871	0.990557	0.976343	0.901666	0.774526	0.599112	0.396437	0.203542	
0.77176	0.856271	0.924462	0.973627	1.00135	1.00582	0.987318	0.946657	0.885802	0.806547	0.719909	0.652609	0.618774	0.617883	0.647473	0.702156	0.776193	0.855582	0.908634	0.902324	0.832225	0.708311	0.534818	0.339589	0.162293	
0.69292	0.778387	0.842765	0.888328	0.914525	0.919297	0.901502	0.86329	0.806547	0.729422	0.63633	0.560869	0.533991	0.541762	0.569809	0.623333	0.694555	0.766766	0.81098	0.803286	0.738616	0.618729	0.450889	0.268949	0.109784	
0.596567	0.689399	0.761536	0.815332	0.837335	0.840182	0.827794	0.78592	0.719909	0.63633	0.536841	0.461481	0.434277	0.445093	0.479063	0.540538	0.613612	0.677346	0.711792	0.702034	0.632862	0.511782	0.35046	0.183488	0.046096	
0.52172	0.617029	0.70104	0.759823	0.782874	0.785063	0.77305	0.728845	0.652609	0.560869	0.461481	0.376875	0.339972	0.345712	0.388085	0.459051	0.529628	0.592941	0.635019	0.622348	0.54272	0.414217	0.25491	0.098199	-0.0208937	
0.495979	0.586845	0.663824	0.728651	0.761142	0.765846	0.745694	0.692521	0.618774	0.533991	0.434277	0.339972	0.281794	0.277306	0.321381	0.392313	0.462489	0.531974	0.581197	0.566795	0.481673	0.352059	0.193602	0.0399606	-0.0743576	
0.50535	0.589061	0.659093	0.725692	0.773108	0.781377	0.748442	0.686437	0.617883	0.541762	0.445093	0.345712	0.277306	0.25668	0.288195	0.353423	0.427934	0.498644	0.542882	0.525491	0.445013	0.319228	0.165064	0.01493	-0.100697	
0.53516	0.617155	0.691184	0.761397	0.813747	0.823726	0.785946	0.719309	0.647473	0.569809	0.479063	0.388085	0.321381	0.288195	0.30116	0.356637	0.427236	0.485524	0.517549	0.496974	0.418957	0.296276	0.152385	0.0163605	-0.0968221	
0.590653	0.670659	0.751013	0.828737	0.881487	0.890191	0.854519	0.783509	0.702156	0.623333	0.540538	0.459051	0.392313	0.353423	0.356637	0.392567	0.442036	0.479599	0.49811	0.473351	0.398801	0.287795	0.165258	0.0468678	-0.0592972	
0.663624	0.742238	0.830282	0.916181	0.974114	0.98358	0.944444	0.86651	0.776193	0.694555	0.613612	0.529628	0.462489	0.427934	0.427236	0.442036	0.468819	0.491173	0.49636	0.461872	0.393869	0.305153	0.202974	0.101346	0.00622081	
0.731359	0.819447	0.910049	0.991786	1.04825	1.05765	1.01875	0.944871	0.855582	0.766766	0.677346	0.592941	0.531974	0.498644	0.485524	0.479599	0.491173	0.505531	0.501841	0.46591	0.411445	0.341047	0.255402	0.168518	0.0787738	
0.769991	0.870787	0.960574	1.02899	1.07272	1.08046	1.04995	0.990557	0.908634	0.81098	0.711792	0.635019	0.581197	0.542882	0.517549	0.49811	0.49636	0.501841	0.49991	0.478838	0.441385	0.384227	0.309222	0.227329	0.133898	
0.761719	0.864648	0.951147	1.00645	1.0416	1.04809	1.02333	0.976343	0.902324	0.803286	0.702034	0.622348	0.566795	0.525491	0.496974	0.473351	0.461872	0.46591	0.478838	0.483099	0.465841	0.424797	0.354233	0.262002	0.153524	
0.696181	0.798245	0.876953	0.931906	0.963868	0.969774	0.947452	0.901666	0.832225	0.738616	0.632862	0.54272	0.481673	0.445013	0.418957	0.398801	0.393869	0.411445	0.441385	0.465841	0.472813	0.446931	0.378017	0.275887	0.152865	
0.576853	0.675216	0.750473	0.803869	0.832187	0.836256	0.818516	0.774526	0.708311	0.618729	0.511782	0.414217	0.352059	0.319228	0.296276	0.287795	0.305153	0.341047	0.384227	0.424797	0.446931	0.432162	0.368027	0.266146	0.138192	
0.411874	0.503602	0.575207	0.628125	0.653898	0.657755	0.64159	0.599112	0.534818	0.450889	0.35046	0.25491	0.193602	0.165064	0.152385	0.165258	0.202974	0.255402	0.309222	0.354233	0.378017	0.368027	0.314703	0.219399	0.0911665	
0.236075	0.313517	0.374492	0.425505	0.456398	0.461781	0.440835	0.396437	0.339589	0.268949	0.183488	0.098199	0.0399606	0.01493	0.0163605	0.0468678	0.101346	0.168518	0.227329	0.262002	0.275887	0.266146	0.219399	0.127269	0.00210503	
0.0859268	0.142743	0.187295	0.22897	0.262868	0.270287	0.244696	0.203542	0.162293	0.109784	0.046096	-0.0208937	-0.0743576	-0.100697	-0.0968221	-0.0592972	0.00622081	0.0787738	0.133898	0.153524	0.152865	0.138192	0.0911665	0.00210503	-0.114377	
