0.309198	0.313394	0.335513	0.371206	0.393878	0.398102	0.381916	0.350017	0.319717	0.310011	0.310245	0.321781	0.354697	0.418497	0.526922	0.667469	0.820853	0.968196	1.10087	1.19112	1.22948	1.22882	1.19558	1.12631	1.02817	
0.0770748	0.0656081	0.0763149	0.10401	0.124632	0.129579	0.113746	0.0870378	0.0665314	0.0706867	0.0890599	0.121495	0.179406	0.260484	0.382222	0.52943	0.691132	0.852057	1.00802	1.13555	1.21727	1.26802	1.28647	1.26247	1.18749	
-0.138037	-0.158866	-0.154585	-0.134098	-0.116938	-0.114109	-0.125782	-0.147571	-0.160042	-0.148918	-0.115225	-0.0604612	0.015667	0.115113	0.239538	0.380995	0.536621	0.702323	0.872993	1.02458	1.14935	1.25009	1.32014	1.3443	1.30222	
-0.303609	-0.325674	-0.326867	-0.31914	-0.310573	-0.307865	-0.316317	-0.324383	-0.327749	-0.315577	-0.27763	-0.216816	-0.133932	-0.0320971	0.09046	0.21866	0.360322	0.521873	0.69957	0.874842	1.03271	1.17402	1.28739	1.35579	1.35027	
-0.408061	-0.426351	-0.435048	-0.444464	-0.445266	-0.444872	-0.445802	-0.439264	-0.429947	-0.417793	-0.387188	-0.33718	-0.268834	-0.175271	-0.0675682	0.0443174	0.170461	0.322763	0.49956	0.691341	0.877697	1.0472	1.19108	1.29458	1.33102	
-0.46899	-0.480812	-0.492746	-0.515682	-0.529873	-0.532067	-0.522852	-0.501345	-0.48418	-0.47533	-0.454088	-0.418178	-0.371181	-0.297177	-0.215588	-0.125786	-0.0162565	0.121675	0.288339	0.481953	0.685577	0.871653	1.03854	1.17255	1.25224	
-0.494273	-0.498366	-0.511791	-0.540955	-0.563627	-0.566112	-0.55271	-0.522163	-0.501338	-0.496584	-0.487507	-0.47019	-0.440743	-0.389013	-0.333684	-0.275737	-0.195543	-0.082113	0.0684223	0.253424	0.455436	0.651079	0.840056	0.998971	1.12082	
-0.487195	-0.48415	-0.495516	-0.525639	-0.55231	-0.554806	-0.539261	-0.505739	-0.486009	-0.485561	-0.489625	-0.490736	-0.478523	-0.452579	-0.425748	-0.401274	-0.354669	-0.278315	-0.155446	0.014386	0.205363	0.39814	0.598872	0.790003	0.955583	
-0.451963	-0.44649	-0.456335	-0.486264	-0.513474	-0.517978	-0.498745	-0.466846	-0.448015	-0.448636	-0.459078	-0.472091	-0.481296	-0.486083	-0.491433	-0.498607	-0.484198	-0.441286	-0.351736	-0.209382	-0.0441473	0.138245	0.33602	0.551975	0.759469	
-0.392076	-0.390502	-0.40525	-0.431328	-0.45162	-0.454294	-0.440879	-0.415495	-0.394474	-0.389517	-0.401508	-0.426006	-0.461735	-0.498107	-0.536084	-0.568294	-0.581877	-0.566535	-0.50768	-0.404626	-0.265137	-0.102218	0.086026	0.305675	0.539768	
-0.33034	-0.329913	-0.345706	-0.366124	-0.378527	-0.380769	-0.372031	-0.354339	-0.334404	-0.328418	-0.338877	-0.369929	-0.426	-0.489491	-0.553002	-0.604732	-0.642497	-0.652026	-0.625734	-0.560919	-0.453351	-0.314839	-0.139309	0.0692734	0.301322	
-0.284047	-0.28074	-0.286459	-0.295602	-0.300773	-0.299451	-0.299342	-0.289639	-0.282412	-0.281188	-0.292789	-0.327356	-0.39139	-0.470157	-0.544188	-0.614199	-0.671022	-0.703164	-0.700511	-0.662987	-0.590058	-0.485839	-0.341785	-0.152783	0.0671475	
-0.261005	-0.259949	-0.259167	-0.250644	-0.237858	-0.231726	-0.246705	-0.255765	-0.261062	-0.259572	-0.268302	-0.302453	-0.365923	-0.443994	-0.51434	-0.583628	-0.64291	-0.693334	-0.715395	-0.702544	-0.659914	-0.595838	-0.501776	-0.347436	-0.147364	
-0.264565	-0.265789	-0.256759	-0.233274	-0.209667	-0.204182	-0.222984	-0.248089	-0.264555	-0.265507	-0.266982	-0.292809	-0.348649	-0.41161	-0.46643	-0.51655	-0.568846	-0.62952	-0.672346	-0.684353	-0.672175	-0.647845	-0.598611	-0.492887	-0.328862	
-0.280895	-0.278795	-0.262088	-0.237282	-0.21949	-0.216973	-0.228661	-0.252517	-0.273461	-0.281246	-0.280525	-0.292162	-0.320254	-0.356693	-0.394512	-0.432715	-0.482225	-0.545557	-0.60206	-0.634925	-0.652378	-0.663632	-0.652865	-0.594254	-0.469057	
-0.283367	-0.284863	-0.273935	-0.253726	-0.23709	-0.235794	-0.244644	-0.267369	-0.282089	-0.284563	-0.280441	-0.279006	-0.281916	-0.291231	-0.311108	-0.342731	-0.40231	-0.477213	-0.538217	-0.577386	-0.622298	-0.669141	-0.691303	-0.665767	-0.575447	
-0.273352	-0.28377	-0.279209	-0.264654	-0.255533	-0.252694	-0.259716	-0.273703	-0.284541	-0.278217	-0.265744	-0.252418	-0.240582	-0.238548	-0.24627	-0.273224	-0.334278	-0.419134	-0.488141	-0.535769	-0.590887	-0.657178	-0.707015	-0.707561	-0.645663	
-0.273914	-0.280691	-0.27892	-0.280403	-0.288374	-0.290633	-0.28333	-0.278415	-0.280365	-0.278184	-0.263677	-0.237869	-0.212977	-0.200088	-0.202559	-0.22457	-0.280247	-0.357069	-0.427186	-0.482767	-0.541595	-0.618507	-0.689107	-0.713981	-0.674915	
-0.283475	-0.283657	-0.288165	-0.303746	-0.316965	-0.32099	-0.309373	-0.293738	-0.283599	-0.284773	-0.276581	-0.251233	-0.217459	-0.187866	-0.178484	-0.19296	-0.235478	-0.28773	-0.343238	-0.404664	-0.474673	-0.558246	-0.641126	-0.688332	-0.670485	
-0.294569	-0.290453	-0.290835	-0.302523	-0.310112	-0.313622	-0.305413	-0.29517	-0.288991	-0.294228	-0.291455	-0.276722	-0.248931	-0.213265	-0.18833	-0.181031	-0.197627	-0.226542	-0.271044	-0.332241	-0.415258	-0.502938	-0.581756	-0.633017	-0.632605	
-0.301103	-0.285155	-0.267959	-0.265406	-0.272387	-0.276009	-0.26696	-0.265557	-0.277473	-0.296516	-0.304259	-0.302026	-0.286886	-0.255095	-0.221714	-0.189306	-0.177845	-0.194867	-0.234765	-0.290558	-0.372621	-0.459368	-0.523347	-0.564576	-0.578042	
-0.291683	-0.266374	-0.242471	-0.23118	-0.231693	-0.232538	-0.230109	-0.236744	-0.255874	-0.281507	-0.305995	-0.319323	-0.310724	-0.285262	-0.256319	-0.217785	-0.186394	-0.187256	-0.221675	-0.273544	-0.342091	-0.412374	-0.458887	-0.490023	-0.510788	
-0.269553	-0.248983	-0.234055	-0.221427	-0.211718	-0.210172	-0.216334	-0.229395	-0.241882	-0.260035	-0.285136	-0.308729	-0.317173	-0.308568	-0.28782	-0.250067	-0.213706	-0.200523	-0.223141	-0.264837	-0.31407	-0.360166	-0.389334	-0.412747	-0.43872	
-0.247045	-0.239397	-0.236201	-0.231655	-0.223877	-0.223199	-0.228106	-0.23484	-0.237435	-0.243093	-0.254647	-0.277725	-0.3071	-0.320366	-0.308699	-0.279648	-0.249448	-0.228063	-0.235214	-0.267429	-0.295701	-0.308722	-0.317615	-0.337557	-0.372493	
-0.230349	-0.233126	-0.241884	-0.247391	-0.245533	-0.24549	-0.247452	-0.244688	-0.236279	-0.230708	-0.233001	-0.251222	-0.283087	-0.30908	-0.310363	-0.294057	-0.275592	-0.258319	-0.256109	-0.271072	-0.283838	-0.277577	-0.274209	-0.290993	-0.327813	
-0.223124	-0.230725	-0.24484	-0.249598	-0.247022	-0.246082	-0.249085	-0.248403	-0.236631	-0.224315	-0.226016	-0.24013	-0.260159	-0.283217	-0.299796	-0.2987	-0.287845	-0.277536	-0.272013	-0.279233	-0.284216	-0.271876	-0.259069	-0.27139	-0.310013	
-0.230725	-0.238528	-0.244754	-0.243359	-0.241238	-0.240252	-0.242878	-0.245202	-0.24206	-0.232533	-0.231522	-0.237359	-0.243775	-0.258518	-0.278329	-0.29068	-0.286363	-0.280783	-0.282393	-0.285156	-0.282322	-0.271234	-0.260557	-0.26834	-0.307437	
-0.24484	-0.244754	-0.243523	-0.241189	-0.24121	-0.240698	-0.241455	-0.242307	-0.244508	-0.245162	-0.243039	-0.238098	-0.233919	-0.237585	-0.255305	-0.283812	-0.291798	-0.281592	-0.278315	-0.278068	-0.26666	-0.257673	-0.257338	-0.271229	-0.31975	
-0.249598	-0.243359	-0.241189	-0.243123	-0.245193	-0.245316	-0.244705	-0.241081	-0.241907	-0.247384	-0.25022	-0.238541	-0.223596	-0.224152	-0.248446	-0.291012	-0.308048	-0.290084	-0.268541	-0.259086	-0.243797	-0.232131	-0.241077	-0.273577	-0.336814	
-0.247022	-0.241238	-0.24121	-0.245193	-0.25391	-0.255068	-0.249439	-0.241618	-0.240575	-0.244364	-0.248532	-0.234637	-0.212493	-0.220379	-0.255234	-0.298311	-0.318404	-0.30311	-0.267164	-0.242614	-0.227305	-0.210578	-0.221193	-0.272017	-0.34802	
-0.246082	-0.240252	-0.240698	-0.245316	-0.255068	-0.256985	-0.249217	-0.241579	-0.24012	-0.242876	-0.24821	-0.233958	-0.21168	-0.219977	-0.258401	-0.301513	-0.322064	-0.307325	-0.265879	-0.240607	-0.225214	-0.2066	-0.214313	-0.268693	-0.349398	
-0.249085	-0.242878	-0.241455	-0.244705	-0.249439	-0.249217	-0.247279	-0.241627	-0.241763	-0.246539	-0.250112	-0.237186	-0.217878	-0.22164	-0.249614	-0.293264	-0.312449	-0.295131	-0.267374	-0.250169	-0.235205	-0.221916	-0.233782	-0.274686	-0.342317	
-0.248403	-0.245202	-0.242307	-0.241081	-0.241618	-0.241579	-0.241627	-0.241198	-0.243611	-0.247482	-0.247147	-0.23856	-0.230493	-0.231231	-0.251014	-0.286105	-0.298231	-0.283852	-0.273608	-0.272076	-0.258177	-0.24799	-0.251231	-0.271902	-0.326615	
-0.236631	-0.24206	-0.244508	-0.241907	-0.240575	-0.24012	-0.241763	-0.243611	-0.243915	-0.238456	-0.236126	-0.23695	-0.239005	-0.249252	-0.268349	-0.286773	-0.286403	-0.280481	-0.283042	-0.284482	-0.277262	-0.267663	-0.26131	-0.269863	-0.310867	
-0.224315	-0.232533	-0.245162	-0.247384	-0.244364	-0.242876	-0.246539	-0.247482	-0.238456	-0.226171	-0.226672	-0.238245	-0.25257	-0.272992	-0.292344	-0.296893	-0.28829	-0.280585	-0.277669	-0.281812	-0.284424	-0.272672	-0.25921	-0.268614	-0.307502	
-0.226016	-0.231522	-0.243039	-0.25022	-0.248532	-0.24821	-0.250112	-0.247147	-0.236126	-0.226672	-0.228664	-0.244661	-0.273539	-0.299408	-0.307619	-0.297542	-0.282414	-0.267903	-0.262626	-0.274457	-0.283139	-0.272857	-0.264373	-0.279995	-0.318324	
-0.24013	-0.237359	-0.238098	-0.238541	-0.234637	-0.233958	-0.237186	-0.23856	-0.23695	-0.238245	-0.244661	-0.265454	-0.29748	-0.318783	-0.311337	-0.286515	-0.261007	-0.240373	-0.243837	-0.268294	-0.289679	-0.292488	-0.29639	-0.315683	-0.350915	
-0.260159	-0.243775	-0.233919	-0.223596	-0.212493	-0.21168	-0.217878	-0.230493	-0.239005	-0.25257	-0.273539	-0.29748	-0.315675	-0.315075	-0.29905	-0.263544	-0.228231	-0.210415	-0.22591	-0.265522	-0.305659	-0.338556	-0.358785	-0.380605	-0.410722	
-0.283217	-0.258518	-0.237585	-0.224152	-0.220379	-0.219977	-0.22164	-0.231231	-0.249252	-0.272992	-0.299408	-0.318783	-0.315075	-0.295541	-0.268834	-0.229954	-0.194835	-0.190076	-0.22163	-0.268588	-0.330267	-0.392236	-0.433101	-0.460033	-0.482094	
-0.299796	-0.278329	-0.255305	-0.248446	-0.255234	-0.258401	-0.249614	-0.251014	-0.268349	-0.292344	-0.307619	-0.311337	-0.29905	-0.268834	-0.236538	-0.20011	-0.178833	-0.189336	-0.227139	-0.282565	-0.360071	-0.441152	-0.497525	-0.533951	-0.552258	
-0.2987	-0.29068	-0.283812	-0.291012	-0.298311	-0.301513	-0.293264	-0.286105	-0.286773	-0.296893	-0.297542	-0.286515	-0.263544	-0.229954	-0.20011	-0.181073	-0.185735	-0.20942	-0.252224	-0.311426	-0.395884	-0.484862	-0.559343	-0.607581	-0.612428	
-0.287845	-0.286363	-0.291798	-0.308048	-0.318404	-0.322064	-0.312449	-0.298231	-0.286403	-0.28829	-0.282414	-0.261007	-0.228231	-0.194835	-0.178833	-0.185735	-0.219653	-0.261274	-0.311075	-0.373185	-0.449329	-0.534129	-0.616765	-0.668033	-0.658414	
-0.277536	-0.280783	-0.281592	-0.290084	-0.30311	-0.307325	-0.295131	-0.283852	-0.280481	-0.280585	-0.267903	-0.240373	-0.210415	-0.190076	-0.189336	-0.20942	-0.261274	-0.329448	-0.395122	-0.45366	-0.51582	-0.595681	-0.67303	-0.707897	-0.677141	
-0.272013	-0.282393	-0.278315	-0.268541	-0.267164	-0.265879	-0.267374	-0.273608	-0.283042	-0.277669	-0.262626	-0.243837	-0.22591	-0.22163	-0.227139	-0.252224	-0.311075	-0.395122	-0.466713	-0.517594	-0.574419	-0.645216	-0.704227	-0.71395	-0.661919	
-0.279233	-0.285156	-0.278068	-0.259086	-0.242614	-0.240607	-0.250169	-0.272076	-0.284482	-0.281812	-0.274457	-0.268294	-0.265522	-0.268588	-0.282565	-0.311426	-0.373185	-0.45366	-0.517594	-0.560353	-0.610607	-0.66682	-0.701166	-0.686691	-0.60874	
-0.284216	-0.282322	-0.26666	-0.243797	-0.227305	-0.225214	-0.235205	-0.258177	-0.277262	-0.284424	-0.283139	-0.289679	-0.305659	-0.330267	-0.360071	-0.395884	-0.449329	-0.51582	-0.574419	-0.610607	-0.640202	-0.666903	-0.6705	-0.626161	-0.515229	
-0.271876	-0.271234	-0.257673	-0.232131	-0.210578	-0.2066	-0.221916	-0.24799	-0.267663	-0.272672	-0.272857	-0.292488	-0.338556	-0.392236	-0.441152	-0.484862	-0.534129	-0.595681	-0.645216	-0.66682	-0.666903	-0.656543	-0.623028	-0.537391	-0.389892	
-0.259069	-0.260557	-0.257338	-0.241077	-0.221193	-0.214313	-0.233782	-0.251231	-0.26131	-0.25921	-0.264373	-0.29639	-0.358785	-0.433101	-0.497525	-0.559343	-0.616765	-0.67303	-0.704227	-0.701166	-0.6705	-0.623028	-0.547712	-0.412272	-0.224547	
-0.27139	-0.26834	-0.271229	-0.273577	-0.272017	-0.268693	-0.274686	-0.271902	-0.269863	-0.268614	-0.279995	-0.315683	-0.380605	-0.460033	-0.533951	-0.607581	-0.668033	-0.707897	-0.71395	-0.686691	-0.626161	-0.537391	-0.412272	-0.235102	-0.0217847	
-0.310013	-0.307437	-0.31975	-0.336814	-0.34802	-0.349398	-0.342317	-0.326615	-0.310867	-0.307502	-0.318324	-0.350915	-0.410722	-0.482094	-0.552258	-0.612428	-0.658414	-0.677141	-0.661919	-0.60874	-0.515229	-0.389892	-0.224547	-0.0217847	0.20619	
