-0.0832242	-0.150366	-0.214001	-0.266378	-0.310525	-0.352826	-0.40896	-0.464663	-0.489673	-0.482146	-0.458742	-0.417127	-0.361806	-0.290407	-0.19675	-0.0873292	0.0255553	0.117243	0.182666	0.237574	0.269594	0.282794	0.267975	0.243693	0.228271	
-0.150366	-0.207946	-0.264684	-0.318874	-0.371118	-0.425375	-0.484987	-0.537901	-0.564545	-0.5586	-0.522938	-0.470564	-0.402025	-0.318252	-0.205	-0.0733102	0.0521028	0.151194	0.219979	0.269777	0.297598	0.307321	0.302513	0.296049	0.302423	
-0.214001	-0.264684	-0.322823	-0.380492	-0.444073	-0.502435	-0.554349	-0.600495	-0.627188	-0.616765	-0.567932	-0.498964	-0.414157	-0.308649	-0.172633	-0.0208908	0.117754	0.227651	0.304319	0.353606	0.372219	0.374966	0.374809	0.383934	0.410296	
-0.266378	-0.318874	-0.380492	-0.446865	-0.510463	-0.566595	-0.614172	-0.662685	-0.685963	-0.666405	-0.606388	-0.517503	-0.404051	-0.269921	-0.108641	0.0625664	0.218786	0.342577	0.432221	0.484242	0.493787	0.484578	0.483474	0.498912	0.539333	
-0.310525	-0.371118	-0.444073	-0.510463	-0.567212	-0.622867	-0.675544	-0.721937	-0.736804	-0.711663	-0.648546	-0.539338	-0.395684	-0.22883	-0.0338806	0.165509	0.345386	0.488025	0.585741	0.635193	0.635552	0.613127	0.605011	0.621514	0.667615	
-0.352826	-0.425375	-0.502435	-0.566595	-0.622867	-0.681396	-0.73658	-0.773527	-0.777923	-0.74829	-0.679506	-0.552609	-0.383873	-0.182889	0.0472926	0.281529	0.489111	0.643779	0.739884	0.77735	0.761253	0.726985	0.70887	0.721588	0.76898	
-0.40896	-0.484987	-0.554349	-0.614172	-0.675544	-0.73658	-0.791086	-0.824868	-0.823282	-0.779677	-0.691983	-0.542868	-0.351767	-0.123709	0.134051	0.390902	0.614097	0.771308	0.856876	0.876193	0.840558	0.792004	0.760161	0.762322	0.809407	
-0.464663	-0.537901	-0.600495	-0.662685	-0.721937	-0.773527	-0.824868	-0.85888	-0.852605	-0.793137	-0.681831	-0.511421	-0.295712	-0.0460606	0.222388	0.480507	0.693919	0.838331	0.903878	0.90147	0.849703	0.784154	0.73649	0.72919	0.770102	
-0.489673	-0.564545	-0.627188	-0.685963	-0.736804	-0.777923	-0.823282	-0.852605	-0.837243	-0.768531	-0.637991	-0.447972	-0.208507	0.054582	0.313582	0.548499	0.732761	0.84438	0.882825	0.857764	0.788826	0.703073	0.637414	0.61705	0.645977	
-0.482146	-0.5586	-0.616765	-0.666405	-0.711663	-0.74829	-0.779677	-0.793137	-0.768531	-0.694909	-0.552253	-0.345935	-0.0895984	0.171814	0.40524	0.602773	0.741925	0.810256	0.813871	0.764246	0.674772	0.567027	0.479138	0.438645	0.444912	
-0.458742	-0.522938	-0.567932	-0.606388	-0.648546	-0.679506	-0.691983	-0.681831	-0.637991	-0.552253	-0.397876	-0.184499	0.065923	0.30296	0.498668	0.648416	0.737739	0.756646	0.720795	0.636314	0.521766	0.393468	0.287809	0.225257	0.211429	
-0.417127	-0.470564	-0.498964	-0.517503	-0.539338	-0.552609	-0.542868	-0.511421	-0.447972	-0.345935	-0.184499	0.020209	0.242898	0.440108	0.585773	0.678639	0.71324	0.685622	0.605667	0.485188	0.345361	0.197508	0.0740917	-0.00558348	-0.042877	
-0.361806	-0.402025	-0.414157	-0.404051	-0.395684	-0.383873	-0.351767	-0.295712	-0.208507	-0.0895984	0.065923	0.242898	0.417672	0.559036	0.643603	0.674147	0.6565	0.581723	0.464849	0.316439	0.149313	-0.0128159	-0.152564	-0.250777	-0.297945	
-0.290407	-0.318252	-0.308649	-0.269921	-0.22883	-0.182889	-0.123709	-0.0460606	0.054582	0.171814	0.30296	0.440108	0.559036	0.637652	0.663737	0.634456	0.559915	0.442075	0.295038	0.127376	-0.0512727	-0.223237	-0.371159	-0.477639	-0.534689	
-0.19675	-0.205	-0.172633	-0.108641	-0.0338806	0.0472926	0.134051	0.222388	0.313582	0.40524	0.498668	0.585773	0.643603	0.663737	0.636283	0.555318	0.4324	0.278041	0.11045	-0.0628206	-0.241805	-0.406063	-0.546716	-0.653409	-0.718456	
-0.0873292	-0.0733102	-0.0208908	0.0625664	0.165509	0.281529	0.390902	0.480507	0.548499	0.602773	0.648416	0.678639	0.674147	0.634456	0.555318	0.433085	0.278594	0.107062	-0.0668094	-0.234685	-0.399334	-0.536039	-0.653529	-0.751251	-0.817572	
0.0255553	0.0521028	0.117754	0.218786	0.345386	0.489111	0.614097	0.693919	0.732761	0.741925	0.737739	0.71324	0.6565	0.559915	0.4324	0.278594	0.109732	-0.0624074	-0.226458	-0.382001	-0.514537	-0.615017	-0.699951	-0.777327	-0.833838	
0.117243	0.151194	0.227651	0.342577	0.488025	0.643779	0.771308	0.838331	0.84438	0.810256	0.756646	0.685622	0.581723	0.442075	0.278041	0.107062	-0.0624074	-0.21831	-0.362851	-0.48901	-0.585214	-0.651151	-0.70524	-0.755288	-0.792796	
0.182666	0.219979	0.304319	0.432221	0.585741	0.739884	0.856876	0.903878	0.882825	0.813871	0.720795	0.605667	0.464849	0.295038	0.11045	-0.0668094	-0.226458	-0.362851	-0.470039	-0.555888	-0.613753	-0.64752	-0.673412	-0.698024	-0.711695	
0.237574	0.269777	0.353606	0.484242	0.635193	0.77735	0.876193	0.90147	0.857764	0.764246	0.636314	0.485188	0.316439	0.127376	-0.0628206	-0.234685	-0.382001	-0.48901	-0.555888	-0.600883	-0.617689	-0.621895	-0.620121	-0.619819	-0.620118	
0.269594	0.297598	0.372219	0.493787	0.635552	0.761253	0.840558	0.849703	0.788826	0.674772	0.521766	0.345361	0.149313	-0.0512727	-0.241805	-0.399334	-0.514537	-0.585214	-0.613753	-0.617689	-0.603035	-0.580973	-0.55656	-0.542492	-0.535355	
0.282794	0.307321	0.374966	0.484578	0.613127	0.726985	0.792004	0.784154	0.703073	0.567027	0.393468	0.197508	-0.0128159	-0.223237	-0.406063	-0.536039	-0.615017	-0.651151	-0.64752	-0.621895	-0.580973	-0.536219	-0.495863	-0.468076	-0.451454	
0.267975	0.302513	0.374809	0.483474	0.605011	0.70887	0.760161	0.73649	0.637414	0.479138	0.287809	0.0740917	-0.152564	-0.371159	-0.546716	-0.653529	-0.699951	-0.70524	-0.673412	-0.620121	-0.55656	-0.495863	-0.44035	-0.397023	-0.371362	
0.243693	0.296049	0.383934	0.498912	0.621514	0.721588	0.762322	0.72919	0.61705	0.438645	0.225257	-0.00558348	-0.250777	-0.477639	-0.653409	-0.751251	-0.777327	-0.755288	-0.698024	-0.619819	-0.542492	-0.468076	-0.397023	-0.339437	-0.304569	
0.228271	0.302423	0.410296	0.539333	0.667615	0.76898	0.809407	0.770102	0.645977	0.444912	0.211429	-0.042877	-0.297945	-0.534689	-0.718456	-0.817572	-0.833838	-0.792796	-0.711695	-0.620118	-0.535355	-0.451454	-0.371362	-0.304569	-0.263263	
0.215016	0.324597	0.462324	0.612123	0.751896	0.857637	0.896026	0.850252	0.713999	0.495454	0.239166	-0.0324264	-0.301957	-0.547484	-0.738041	-0.843372	-0.860538	-0.808107	-0.715012	-0.613236	-0.522247	-0.437489	-0.358157	-0.29186	-0.24631	
0.198404	0.351504	0.527371	0.705776	0.857947	0.961795	0.993304	0.941285	0.801161	0.576475	0.306137	0.0146274	-0.273409	-0.525115	-0.71726	-0.827917	-0.850678	-0.802022	-0.704739	-0.59504	-0.50016	-0.420783	-0.353841	-0.295667	-0.2458	
0.178698	0.369454	0.583281	0.786728	0.945606	1.04104	1.06618	1.01158	0.874429	0.658183	0.382415	0.0722216	-0.228588	-0.489705	-0.682335	-0.790958	-0.819417	-0.773395	-0.674864	-0.568047	-0.477318	-0.410234	-0.36201	-0.315433	-0.26798	
0.151905	0.378089	0.616596	0.83625	0.998742	1.09178	1.1145	1.05945	0.924013	0.712762	0.438051	0.128852	-0.181559	-0.449409	-0.647029	-0.758183	-0.779551	-0.726177	-0.631505	-0.537627	-0.461205	-0.408145	-0.369098	-0.333587	-0.299086	
0.135064	0.382941	0.63601	0.861652	1.02817	1.12519	1.15164	1.09383	0.949419	0.737064	0.464763	0.163551	-0.14273	-0.417676	-0.625457	-0.737368	-0.750489	-0.68732	-0.59521	-0.519058	-0.458344	-0.409355	-0.370838	-0.340995	-0.318164	
0.131914	0.383474	0.638819	0.866572	1.03391	1.13112	1.15963	1.1011	0.953747	0.738938	0.46944	0.167632	-0.136022	-0.41243	-0.62291	-0.734715	-0.744979	-0.679712	-0.587898	-0.51605	-0.458269	-0.410076	-0.371188	-0.341477	-0.322537	
0.143934	0.380573	0.626441	0.848673	1.01289	1.10795	1.13142	1.07534	0.936777	0.726205	0.451911	0.146928	-0.162757	-0.434253	-0.63643	-0.747929	-0.766032	-0.707848	-0.614678	-0.528566	-0.459089	-0.40878	-0.370283	-0.337583	-0.308318	
0.167048	0.373659	0.598346	0.810332	0.970523	1.06367	1.08639	1.03247	0.897201	0.683807	0.408145	0.0960319	-0.210431	-0.473572	-0.667516	-0.777095	-0.803164	-0.755658	-0.658354	-0.555406	-0.469647	-0.408806	-0.365621	-0.323776	-0.280352	
0.192049	0.359784	0.552656	0.741721	0.897423	0.997934	1.02632	0.972658	0.832977	0.61112	0.337624	0.0360937	-0.256314	-0.511917	-0.704273	-0.813569	-0.840574	-0.793776	-0.695392	-0.585531	-0.490516	-0.415687	-0.356519	-0.302472	-0.252826	
0.20819	0.336272	0.487684	0.648749	0.793814	0.899944	0.9361	0.88762	0.749148	0.525836	0.262743	-0.015895	-0.293687	-0.541239	-0.732722	-0.84155	-0.85983	-0.807894	-0.712875	-0.606846	-0.513502	-0.430264	-0.354515	-0.2909	-0.243533	
0.224038	0.310144	0.428555	0.563878	0.696628	0.800209	0.840583	0.798813	0.668479	0.459793	0.216551	-0.0444909	-0.304027	-0.544891	-0.732507	-0.833281	-0.849224	-0.801951	-0.714661	-0.618923	-0.531717	-0.446047	-0.36507	-0.297737	-0.254284	
0.236252	0.296303	0.391263	0.511804	0.635808	0.7353	0.775791	0.739663	0.623325	0.435334	0.214754	-0.0260525	-0.275395	-0.506187	-0.684444	-0.782248	-0.802592	-0.772128	-0.70473	-0.620085	-0.539091	-0.46043	-0.38448	-0.321948	-0.284782	
0.257882	0.299469	0.37742	0.487101	0.609156	0.710581	0.756384	0.727704	0.623305	0.457649	0.256445	0.037311	-0.197691	-0.419715	-0.593618	-0.695326	-0.732695	-0.72606	-0.683824	-0.619581	-0.54973	-0.483082	-0.421159	-0.371957	-0.341723	
0.279713	0.306643	0.374019	0.482621	0.606772	0.715921	0.775894	0.761808	0.67254	0.527253	0.347011	0.142941	-0.0735034	-0.286517	-0.465652	-0.585146	-0.64963	-0.673537	-0.658181	-0.621301	-0.570972	-0.519147	-0.472543	-0.438767	-0.418611	
0.277559	0.303245	0.374999	0.490565	0.626751	0.747523	0.820494	0.822538	0.754469	0.632101	0.470629	0.286567	0.0841167	-0.121853	-0.309913	-0.457427	-0.558432	-0.614545	-0.628932	-0.620536	-0.594807	-0.562851	-0.531473	-0.512286	-0.501635	
0.252521	0.283637	0.363788	0.492786	0.640805	0.775723	0.866785	0.885645	0.834176	0.731858	0.592499	0.430524	0.249591	0.0559101	-0.134539	-0.302661	-0.438159	-0.531396	-0.582682	-0.610474	-0.613627	-0.60688	-0.594896	-0.58853	-0.58563	
0.206849	0.241502	0.327958	0.458572	0.611975	0.762636	0.872176	0.91024	0.879568	0.799964	0.692672	0.56147	0.409372	0.230422	0.0415852	-0.134113	-0.290453	-0.416647	-0.506949	-0.5765	-0.617729	-0.638927	-0.654051	-0.668105	-0.674668	
0.144945	0.182002	0.261543	0.382446	0.532053	0.688574	0.813694	0.873508	0.868314	0.818931	0.748224	0.65915	0.538821	0.385662	0.212236	0.0368263	-0.128847	-0.277804	-0.409174	-0.519641	-0.600453	-0.65375	-0.696167	-0.735765	-0.763606	
0.0665306	0.0957594	0.165977	0.272191	0.408018	0.558295	0.686122	0.761206	0.78625	0.777361	0.753063	0.709297	0.633119	0.517495	0.373051	0.21118	0.040071	-0.126698	-0.284546	-0.43035	-0.548631	-0.634697	-0.706799	-0.773412	-0.82331	
-0.0413726	-0.0212041	0.0370294	0.128493	0.240569	0.36947	0.486619	0.573409	0.630153	0.666914	0.692717	0.699905	0.673407	0.610258	0.510362	0.374548	0.212607	0.0388597	-0.132826	-0.296918	-0.450821	-0.573243	-0.677699	-0.768343	-0.832668	
-0.154429	-0.153254	-0.112541	-0.0406889	0.0473414	0.142448	0.238436	0.32847	0.411544	0.489291	0.564004	0.629262	0.661935	0.65775	0.609954	0.511133	0.372797	0.209899	0.0375461	-0.134731	-0.309548	-0.46529	-0.597928	-0.702236	-0.769241	
-0.25543	-0.276195	-0.257816	-0.207964	-0.153568	-0.0941506	-0.0230469	0.0605871	0.159862	0.269863	0.387269	0.504537	0.599929	0.655168	0.65884	0.608046	0.512669	0.378358	0.221796	0.0505178	-0.12948	-0.301182	-0.448241	-0.556098	-0.616767	
-0.33598	-0.37065	-0.374264	-0.353275	-0.331718	-0.306837	-0.265243	-0.199728	-0.104152	0.0167486	0.16478	0.327095	0.480118	0.595904	0.656533	0.662462	0.622167	0.529874	0.400087	0.242359	0.0688612	-0.0981888	-0.243053	-0.346077	-0.396279	
-0.396705	-0.445038	-0.467317	-0.475172	-0.485169	-0.489461	-0.470007	-0.429113	-0.357385	-0.247588	-0.0868719	0.10902	0.314791	0.491161	0.613553	0.680945	0.695129	0.648606	0.552739	0.419813	0.269082	0.114497	-0.0153383	-0.103154	-0.146084	
-0.44401	-0.503228	-0.541732	-0.573562	-0.610191	-0.636058	-0.639413	-0.621021	-0.568606	-0.477153	-0.317953	-0.105955	0.135795	0.358361	0.535304	0.663161	0.731437	0.730697	0.678239	0.577985	0.452782	0.316948	0.204386	0.134894	0.112054	
