0.597494	0.424938	0.235513	0.0662263	-0.0468449	-0.066459	0.0116502	0.163991	0.348773	0.533522	0.674271	0.746577	0.74698	0.677618	0.567574	0.442402	0.323436	0.226231	0.180186	0.191089	0.234716	0.296054	0.348986	0.371596	0.352366	
0.556115	0.39818	0.216989	0.0499611	-0.0655289	-0.0868987	-0.00507608	0.147105	0.325752	0.498872	0.620643	0.66369	0.638487	0.556931	0.443186	0.325302	0.222393	0.153347	0.135547	0.174791	0.253012	0.345026	0.431385	0.48674	0.494408	
0.516563	0.374527	0.200118	0.0428392	-0.0670656	-0.0875637	-0.00938652	0.133342	0.305719	0.465932	0.569992	0.59215	0.547389	0.45584	0.334546	0.214856	0.124069	0.0742342	0.0740815	0.126853	0.224106	0.340275	0.450729	0.540324	0.585647	
0.475896	0.351131	0.194523	0.0525219	-0.0404916	-0.0576226	0.00734054	0.134019	0.289508	0.432868	0.517594	0.525541	0.470325	0.369389	0.241764	0.120116	0.0363284	0.000483971	0.0100073	0.0649736	0.168486	0.297415	0.425013	0.538263	0.616605	
0.43762	0.336966	0.204629	0.0836101	0.00747263	-0.00554015	0.045768	0.152924	0.285293	0.403878	0.467863	0.465965	0.405415	0.299395	0.171461	0.0514135	-0.0315734	-0.0679016	-0.060087	-0.0117875	0.0853825	0.217387	0.356418	0.484291	0.582324	
0.408292	0.336177	0.231693	0.130842	0.0651616	0.0542631	0.09876	0.189005	0.296783	0.385038	0.426677	0.414493	0.347205	0.239951	0.116739	0.00240101	-0.0848429	-0.134825	-0.136637	-0.0961978	-0.0090895	0.120793	0.264002	0.397449	0.501077	
0.38906	0.344117	0.271672	0.187485	0.129434	0.119677	0.159145	0.238207	0.316954	0.376597	0.392589	0.364512	0.287339	0.174982	0.0612708	-0.0457635	-0.134038	-0.194694	-0.206812	-0.170228	-0.0918375	0.0267712	0.166303	0.295058	0.39482	
0.372114	0.349914	0.298881	0.231895	0.180846	0.172731	0.207332	0.272866	0.332269	0.367565	0.36486	0.3186	0.227457	0.111005	0.00124723	-0.0944315	-0.175506	-0.234763	-0.250368	-0.220022	-0.154525	-0.0534381	0.069187	0.191554	0.289899	
0.348127	0.339752	0.299988	0.245447	0.206711	0.200292	0.226422	0.27871	0.326481	0.350085	0.33137	0.270031	0.167286	0.0470297	-0.0570578	-0.140791	-0.20261	-0.245918	-0.257745	-0.236874	-0.188012	-0.106834	-0.00282627	0.109625	0.210706	
0.312183	0.31537	0.28181	0.235804	0.209398	0.206233	0.221641	0.262775	0.305142	0.319465	0.286202	0.210809	0.104002	-0.0141548	-0.110408	-0.178082	-0.219793	-0.24051	-0.2423	-0.227156	-0.193028	-0.124675	-0.0325241	0.0636538	0.156902	
0.265445	0.286647	0.261601	0.224219	0.206438	0.204879	0.21436	0.245131	0.280996	0.280171	0.231075	0.147705	0.045106	-0.06172	-0.14711	-0.198371	-0.227092	-0.235839	-0.225831	-0.208854	-0.182769	-0.124736	-0.0413144	0.038064	0.105838	
0.223067	0.261319	0.253311	0.228019	0.214958	0.213539	0.221331	0.242467	0.263043	0.244039	0.182976	0.101504	0.00951729	-0.085165	-0.159473	-0.201819	-0.225709	-0.235593	-0.222367	-0.195221	-0.168059	-0.121448	-0.0512215	0.0103095	0.0520561	
0.200933	0.252601	0.269508	0.264862	0.259447	0.257963	0.26281	0.268324	0.263953	0.224765	0.16024	0.0829381	-0.00154992	-0.0884455	-0.159479	-0.195624	-0.219158	-0.231601	-0.223516	-0.196102	-0.162391	-0.124714	-0.0758491	-0.0357288	-0.0129933	
0.209121	0.2705	0.311426	0.334143	0.341254	0.34139	0.338772	0.322009	0.29039	0.234741	0.168004	0.090835	0.00432283	-0.0803955	-0.147235	-0.182563	-0.202471	-0.215383	-0.218433	-0.206686	-0.181227	-0.146593	-0.114684	-0.0987428	-0.0929637	
0.241598	0.313638	0.372177	0.415095	0.43733	0.439269	0.42728	0.390853	0.339274	0.271276	0.195122	0.108234	0.0138983	-0.0672797	-0.12719	-0.159784	-0.179947	-0.193111	-0.204932	-0.21484	-0.206909	-0.180309	-0.152932	-0.149618	-0.159061	
0.278142	0.364636	0.434271	0.486113	0.517183	0.522433	0.501934	0.456757	0.3948	0.31419	0.220551	0.117102	0.0207281	-0.0524563	-0.101187	-0.12958	-0.152277	-0.16889	-0.187683	-0.208378	-0.216954	-0.206331	-0.187048	-0.182253	-0.193126	
0.295573	0.400387	0.478848	0.536251	0.570755	0.576393	0.553926	0.50362	0.43488	0.339881	0.226594	0.113974	0.020592	-0.0391372	-0.0768097	-0.101126	-0.119435	-0.13896	-0.161934	-0.186822	-0.205192	-0.213755	-0.214808	-0.21231	-0.214865	
0.289666	0.402965	0.496755	0.561966	0.599645	0.605547	0.580548	0.526236	0.443315	0.336819	0.217631	0.104947	0.0189015	-0.0337777	-0.0642774	-0.0834809	-0.0968786	-0.109919	-0.135369	-0.165807	-0.189152	-0.210994	-0.227618	-0.233395	-0.232425	
0.261264	0.379144	0.491155	0.575694	0.619741	0.626793	0.597675	0.529265	0.426375	0.307968	0.193299	0.0884781	0.00321184	-0.049153	-0.0748491	-0.0885862	-0.0923813	-0.0957225	-0.11473	-0.145919	-0.175516	-0.199116	-0.220066	-0.230351	-0.232377	
0.221738	0.340931	0.467455	0.56817	0.623435	0.63176	0.595892	0.512803	0.392057	0.26755	0.159279	0.0652905	-0.0158979	-0.0678551	-0.0890207	-0.0966003	-0.093447	-0.0881971	-0.0988826	-0.127191	-0.157731	-0.183373	-0.201462	-0.21066	-0.214013	
0.182933	0.304996	0.437782	0.548031	0.613617	0.625567	0.580485	0.486619	0.358305	0.22887	0.120634	0.0316958	-0.0369992	-0.078619	-0.0930886	-0.0949894	-0.0865861	-0.0737376	-0.0794543	-0.103034	-0.13161	-0.15671	-0.173375	-0.17993	-0.177006	
0.153951	0.284089	0.417459	0.53285	0.606898	0.620646	0.569019	0.467364	0.337672	0.203998	0.0864731	-0.00378803	-0.0615906	-0.0853453	-0.0878089	-0.0843027	-0.0691889	-0.0519144	-0.0505543	-0.0665807	-0.0870249	-0.104267	-0.117885	-0.120704	-0.110221	
0.142726	0.276353	0.413088	0.530559	0.607943	0.622095	0.567569	0.463696	0.331558	0.194764	0.0724435	-0.0204128	-0.0699433	-0.0789222	-0.0642962	-0.0475749	-0.0300724	-0.010798	-0.00505032	-0.00935491	-0.0162158	-0.027276	-0.0356601	-0.0344348	-0.0141517	
0.154729	0.290467	0.43242	0.554034	0.628602	0.641774	0.590025	0.484904	0.348322	0.206681	0.0869489	0.00144684	-0.0417133	-0.0408114	-0.0120087	0.0196632	0.0443167	0.0610221	0.0707987	0.0758007	0.0737652	0.0625972	0.0502552	0.0557997	0.0879994	
0.20463	0.342214	0.491967	0.617055	0.691134	0.703468	0.653345	0.547018	0.402602	0.256326	0.14012	0.0661378	0.0336916	0.0368805	0.0673812	0.106166	0.139647	0.163688	0.177327	0.181167	0.171017	0.147988	0.131435	0.13995	0.178466	
0.301973	0.441653	0.596095	0.729407	0.810378	0.824433	0.769536	0.65398	0.503716	0.353441	0.237578	0.169526	0.144033	0.147528	0.169305	0.205442	0.246048	0.280472	0.296661	0.287816	0.257105	0.21979	0.200557	0.211036	0.247201	
0.441653	0.578389	0.73231	0.874242	0.967459	0.984641	0.919516	0.792856	0.638981	0.492549	0.376433	0.305703	0.278879	0.278991	0.295088	0.325004	0.364516	0.396054	0.405588	0.382723	0.334064	0.285059	0.255889	0.255295	0.275606	
0.596095	0.73231	0.887559	1.0364	1.13794	1.15625	1.08528	0.949904	0.793152	0.64744	0.528828	0.450865	0.416806	0.413577	0.427862	0.455741	0.483096	0.496954	0.489234	0.454973	0.398303	0.334026	0.283383	0.256434	0.256238	
0.729407	0.874242	1.0364	1.1867	1.2845	1.30206	1.23377	1.10008	0.93854	0.784313	0.656785	0.573389	0.535859	0.529744	0.540809	0.560888	0.57537	0.569202	0.548587	0.509187	0.44539	0.36689	0.289609	0.2383	0.222539	
0.810378	0.967459	1.13794	1.2845	1.3737	1.38895	1.32814	1.20172	1.03603	0.870004	0.732502	0.646994	0.612916	0.605918	0.610172	0.620508	0.623255	0.609416	0.58409	0.542103	0.472079	0.379893	0.288935	0.227737	0.206762	
0.824433	0.984641	1.15625	1.30206	1.38895	1.40358	1.3453	1.2198	1.05406	0.88511	0.745195	0.660186	0.626402	0.620407	0.622699	0.630134	0.630871	0.615143	0.590213	0.547486	0.475468	0.380685	0.287711	0.226315	0.205559	
0.769536	0.919516	1.08528	1.23377	1.32814	1.3453	1.27962	1.14913	0.985314	0.826319	0.694413	0.60912	0.572979	0.566142	0.575004	0.590658	0.599298	0.589203	0.56623	0.526267	0.459425	0.374502	0.289999	0.233136	0.214062	
0.65398	0.792856	0.949904	1.10008	1.20172	1.2198	1.14913	1.0127	0.854598	0.706456	0.584921	0.504391	0.467963	0.463904	0.477251	0.503039	0.524755	0.529724	0.51555	0.478224	0.418857	0.348617	0.28691	0.248995	0.241495	
0.503716	0.638981	0.793152	0.93854	1.03603	1.05406	0.985314	0.854598	0.69969	0.554486	0.437762	0.364423	0.33492	0.333187	0.348405	0.37732	0.413703	0.439309	0.442208	0.414333	0.361718	0.307716	0.271132	0.260628	0.272525	
0.353441	0.492549	0.64744	0.784313	0.870004	0.88511	0.826319	0.706456	0.554486	0.404924	0.289316	0.221068	0.19645	0.19846	0.21689	0.250979	0.292117	0.327972	0.342411	0.327608	0.28886	0.246578	0.224935	0.233522	0.264806	
0.237578	0.376433	0.528828	0.656785	0.732502	0.745195	0.694413	0.584921	0.437762	0.289316	0.173359	0.103341	0.0740132	0.0777623	0.1055	0.143747	0.181028	0.209291	0.225125	0.224986	0.206815	0.1776	0.160022	0.170319	0.209673	
0.169526	0.305703	0.450865	0.573389	0.646994	0.660186	0.60912	0.504391	0.364423	0.221068	0.103341	0.0218577	-0.0167601	-0.0145208	0.0170885	0.0529775	0.0804516	0.0993563	0.110575	0.116907	0.113228	0.0980551	0.0836074	0.0903017	0.125985	
0.144033	0.278879	0.416806	0.535859	0.612916	0.626402	0.572979	0.467963	0.33492	0.19645	0.0740132	-0.0167601	-0.0645082	-0.0681219	-0.0469593	-0.0241132	-0.00399651	0.0135057	0.0208992	0.0206849	0.0176224	0.00836223	-0.000821025	0.00224002	0.0274372	
0.147528	0.278991	0.413577	0.529744	0.605918	0.620407	0.566142	0.463904	0.333187	0.19846	0.0777623	-0.0145208	-0.0681219	-0.0858386	-0.081437	-0.0735599	-0.0569333	-0.0380556	-0.0351014	-0.0466587	-0.0613114	-0.075453	-0.0865391	-0.0882793	-0.0742121	
0.169305	0.295088	0.427862	0.540809	0.610172	0.622699	0.575004	0.477251	0.348405	0.21689	0.1055	0.0170885	-0.0469593	-0.081437	-0.0921298	-0.0921979	-0.0809565	-0.0663959	-0.0692958	-0.0907898	-0.117354	-0.140059	-0.156293	-0.160372	-0.154296	
0.205442	0.325004	0.455741	0.560888	0.620508	0.630134	0.590658	0.503039	0.37732	0.250979	0.143747	0.0529775	-0.0241132	-0.0735599	-0.0921979	-0.0977199	-0.0922251	-0.0834753	-0.091296	-0.117705	-0.14805	-0.174669	-0.191535	-0.199851	-0.201357	
0.246048	0.364516	0.483096	0.57537	0.623255	0.630871	0.599298	0.524755	0.413703	0.292117	0.181028	0.0804516	-0.00399651	-0.0569333	-0.0809565	-0.0922251	-0.0931341	-0.092724	-0.108332	-0.139104	-0.1699	-0.193803	-0.213984	-0.223954	-0.227317	
0.280472	0.396054	0.496954	0.569202	0.609416	0.615143	0.589203	0.529724	0.439309	0.327972	0.209291	0.0993563	0.0135057	-0.0380556	-0.0663959	-0.0834753	-0.092724	-0.102234	-0.126118	-0.157761	-0.18327	-0.2065	-0.226498	-0.235333	-0.235164	
0.296661	0.405588	0.489234	0.548587	0.58409	0.590213	0.56623	0.51555	0.442208	0.342411	0.225125	0.110575	0.0208992	-0.0351014	-0.0692958	-0.091296	-0.108332	-0.126118	-0.151299	-0.178174	-0.198316	-0.213915	-0.222648	-0.223173	-0.22277	
0.287816	0.382723	0.454973	0.509187	0.542103	0.547486	0.526267	0.478224	0.414333	0.327608	0.224986	0.116907	0.0206849	-0.0466587	-0.0907898	-0.117705	-0.139104	-0.157761	-0.178174	-0.200503	-0.21421	-0.21142	-0.199473	-0.193982	-0.201597	
0.257105	0.334064	0.398303	0.44539	0.472079	0.475468	0.459425	0.418857	0.361718	0.28886	0.206815	0.113228	0.0176224	-0.0613114	-0.117354	-0.14805	-0.1699	-0.18327	-0.198316	-0.21421	-0.213558	-0.192827	-0.166725	-0.164165	-0.176245	
0.21979	0.285059	0.334026	0.36689	0.379893	0.380685	0.374502	0.348617	0.307716	0.246578	0.1776	0.0980551	0.00836223	-0.075453	-0.140059	-0.174669	-0.193803	-0.2065	-0.213915	-0.21142	-0.192827	-0.159936	-0.130637	-0.121976	-0.123166	
0.200557	0.255889	0.283383	0.289609	0.288935	0.287711	0.289999	0.28691	0.271132	0.224935	0.160022	0.0836074	-0.000821025	-0.0865391	-0.156293	-0.191535	-0.213984	-0.226498	-0.222648	-0.199473	-0.166725	-0.130637	-0.0895476	-0.0598172	-0.0437241	
0.211036	0.255295	0.256434	0.2383	0.227737	0.226315	0.233136	0.248995	0.260628	0.233522	0.170319	0.0903017	0.00224002	-0.0882793	-0.160372	-0.199851	-0.223954	-0.235333	-0.223173	-0.193982	-0.164165	-0.121976	-0.0598172	-0.00559276	0.0280652	
0.247201	0.275606	0.256238	0.222539	0.206762	0.205559	0.214062	0.241495	0.272525	0.264806	0.209673	0.125985	0.0274372	-0.0742121	-0.154296	-0.201357	-0.227317	-0.235164	-0.22277	-0.201597	-0.176245	-0.123166	-0.0437241	0.0280652	0.0848066	
