0.764819	0.895492	0.990666	1.03534	1.04991	1.05243	1.04314	1.01458	0.938952	0.820715	0.67028	0.485455	0.258709	-0.00987517	-0.295947	-0.580765	-0.837406	-1.03795	-1.169	-1.22947	-1.23089	-1.17168	-1.04233	-0.849512	-0.624152	
0.716044	0.841114	0.934585	0.982559	1.00055	1.00352	0.991912	0.959205	0.883324	0.769025	0.629343	0.463229	0.253044	0.00379651	-0.257962	-0.522341	-0.76981	-0.979909	-1.13447	-1.22572	-1.26453	-1.24019	-1.14576	-0.985927	-0.781518	
0.598424	0.714661	0.806392	0.859077	0.88051	0.882732	0.870731	0.832659	0.754762	0.647118	0.524636	0.385246	0.207375	-0.00601446	-0.233248	-0.459951	-0.682824	-0.887679	-1.05401	-1.16777	-1.22834	-1.23473	-1.18235	-1.06954	-0.90411	
0.434314	0.533894	0.621352	0.678703	0.70033	0.70213	0.691611	0.647715	0.571852	0.473904	0.374034	0.266568	0.132563	-0.0296993	-0.212277	-0.397192	-0.584184	-0.768019	-0.925301	-1.04599	-1.12148	-1.15442	-1.14376	-1.08445	-0.975736	
0.258553	0.337883	0.415981	0.473965	0.495307	0.498293	0.486478	0.442657	0.370715	0.289236	0.213523	0.134058	0.0418916	-0.068408	-0.1979	-0.329309	-0.473305	-0.623554	-0.759919	-0.871459	-0.95522	-1.01561	-1.04212	-1.03005	-0.976856	
0.107469	0.16228	0.221793	0.265403	0.283253	0.286465	0.275046	0.241982	0.186491	0.128335	0.0761154	0.0179088	-0.0457591	-0.119644	-0.199961	-0.278632	-0.370835	-0.479061	-0.591369	-0.683598	-0.764783	-0.839837	-0.893895	-0.920981	-0.90632	
-0.0021377	0.035014	0.0688354	0.0933905	0.106277	0.108464	0.0998614	0.0804095	0.0488919	0.0130196	-0.0235709	-0.0646967	-0.114791	-0.162956	-0.205426	-0.24382	-0.287986	-0.346798	-0.425385	-0.49778	-0.571466	-0.643911	-0.708263	-0.761342	-0.783444	
-0.057666	-0.0342328	-0.0189933	-0.0122537	-0.00221456	0.000643275	-0.00852622	-0.0160157	-0.0262851	-0.0485354	-0.0708774	-0.103029	-0.148412	-0.181786	-0.200231	-0.210841	-0.220258	-0.235822	-0.267843	-0.314204	-0.375256	-0.441084	-0.506737	-0.572363	-0.627928	
-0.0539664	-0.0358096	-0.027645	-0.0269504	-0.016418	-0.0119921	-0.0243319	-0.0274946	-0.0309708	-0.0467062	-0.0652146	-0.0932759	-0.136833	-0.164667	-0.168958	-0.161119	-0.146765	-0.127001	-0.125645	-0.141598	-0.182018	-0.241662	-0.306868	-0.37895	-0.460681	
0.0177268	0.0387555	0.0505191	0.053578	0.0673149	0.0720718	0.0576042	0.051579	0.0452594	0.0264166	0.00233386	-0.0345522	-0.0796541	-0.104576	-0.104179	-0.0899084	-0.0554227	-0.0114582	0.013343	0.015521	-0.00682449	-0.0525281	-0.11644	-0.199659	-0.299821	
0.148853	0.182498	0.204664	0.218983	0.235114	0.238849	0.225159	0.210615	0.193197	0.163401	0.122527	0.0658273	0.00902346	-0.0184442	-0.0183392	-0.0020833	0.0426396	0.101726	0.145337	0.161222	0.150908	0.115888	0.0583581	-0.0327645	-0.151917	
0.313819	0.370099	0.411616	0.439419	0.458864	0.462597	0.448058	0.424098	0.388324	0.338155	0.272628	0.192599	0.119378	0.0810107	0.0731376	0.0898429	0.137682	0.200062	0.255258	0.29076	0.294395	0.268019	0.214392	0.118074	-0.01714	
0.485646	0.566765	0.624908	0.662034	0.68382	0.687234	0.673522	0.641472	0.593595	0.52016	0.430185	0.332742	0.249033	0.196965	0.171901	0.175981	0.218304	0.276954	0.340239	0.388833	0.412379	0.396624	0.339722	0.235577	0.0909958	
0.632283	0.729486	0.799291	0.842559	0.866235	0.870676	0.854066	0.819029	0.761445	0.673184	0.56816	0.463973	0.379171	0.319364	0.279875	0.265593	0.286796	0.339238	0.403954	0.454001	0.482433	0.473792	0.417626	0.306578	0.160487	
0.73498	0.832486	0.906826	0.953522	0.979491	0.983316	0.96639	0.928218	0.866288	0.776101	0.671221	0.571161	0.487209	0.421351	0.374881	0.345838	0.34414	0.379245	0.437069	0.484155	0.504593	0.497535	0.447275	0.34116	0.20034	
0.780821	0.873266	0.950261	1.00351	1.03035	1.03455	1.01766	0.974219	0.906535	0.819118	0.721426	0.627841	0.548856	0.482078	0.431895	0.398496	0.385782	0.402372	0.445094	0.482402	0.497272	0.483336	0.433854	0.342286	0.217303	
0.765476	0.853279	0.936008	0.996859	1.02545	1.02899	1.01272	0.963843	0.886954	0.801346	0.710199	0.623645	0.552315	0.489901	0.437386	0.401224	0.388543	0.400737	0.428133	0.45528	0.462733	0.443618	0.391579	0.311784	0.205119	
0.700418	0.781827	0.870218	0.938948	0.973023	0.977302	0.956684	0.901906	0.817105	0.732546	0.650525	0.572091	0.507781	0.450305	0.402384	0.372168	0.366718	0.382464	0.404431	0.417859	0.410352	0.383031	0.329725	0.257307	0.16597	
0.616836	0.690522	0.772957	0.844641	0.88698	0.893238	0.86558	0.80424	0.723023	0.645524	0.572698	0.50256	0.436716	0.379942	0.345024	0.331954	0.339648	0.360257	0.384094	0.392736	0.37048	0.326274	0.267809	0.19557	0.10692	
0.538022	0.608801	0.686608	0.7507	0.796872	0.805774	0.772542	0.714294	0.639411	0.565803	0.497037	0.426559	0.355307	0.298363	0.280146	0.293922	0.321184	0.353468	0.384334	0.396968	0.365156	0.300194	0.22176	0.140039	0.0499655	
0.476531	0.556169	0.634399	0.691648	0.728657	0.735788	0.709693	0.659477	0.588775	0.507623	0.432468	0.359828	0.283118	0.22893	0.225806	0.262306	0.316204	0.368178	0.410074	0.424021	0.389022	0.309054	0.209301	0.112834	0.0215006	
0.445117	0.534782	0.615842	0.669123	0.697849	0.702282	0.683079	0.640948	0.569884	0.48039	0.395281	0.314028	0.237728	0.194351	0.204082	0.257171	0.33228	0.405068	0.456682	0.469086	0.431222	0.344359	0.231288	0.117385	0.0162033	
0.450463	0.543239	0.624846	0.678412	0.705908	0.709791	0.692178	0.650006	0.579092	0.486959	0.394183	0.301847	0.230319	0.208838	0.235925	0.297482	0.379684	0.45843	0.514629	0.529596	0.489702	0.398577	0.276246	0.147175	0.0336083	
0.490223	0.587631	0.667294	0.717855	0.738242	0.741066	0.729071	0.691636	0.622481	0.52913	0.43264	0.341425	0.278258	0.271126	0.307254	0.368397	0.444134	0.518814	0.577829	0.600017	0.566855	0.474079	0.350527	0.213891	0.085947	
0.559267	0.662448	0.742222	0.780606	0.792738	0.794183	0.788029	0.761597	0.699561	0.600438	0.501787	0.420061	0.366255	0.355507	0.383948	0.440551	0.514052	0.589259	0.655303	0.686198	0.658534	0.571254	0.447151	0.301997	0.155644	
0.65288	0.753199	0.821585	0.85224	0.867373	0.870857	0.859248	0.836644	0.785954	0.694202	0.594064	0.514126	0.462868	0.443434	0.459661	0.510646	0.584092	0.667713	0.743641	0.781926	0.761131	0.67861	0.548632	0.384172	0.212388	
0.753199	0.834637	0.88816	0.922191	0.943957	0.948003	0.932781	0.90331	0.859661	0.788135	0.698059	0.614627	0.556853	0.534069	0.544002	0.583592	0.655393	0.745628	0.829438	0.872163	0.856639	0.777925	0.638077	0.450236	0.253847	
0.821585	0.88816	0.952869	1.00127	1.0273	1.03067	1.01457	0.975093	0.914767	0.848692	0.775384	0.694735	0.637471	0.615322	0.624164	0.660975	0.735164	0.832611	0.915614	0.951776	0.931028	0.850869	0.701857	0.498496	0.283407	
0.85224	0.922191	1.00127	1.07177	1.11143	1.1171	1.09164	1.03205	0.953054	0.879907	0.808984	0.740928	0.690711	0.668839	0.679276	0.722124	0.804672	0.903549	0.980087	1.00739	0.98003	0.895287	0.741689	0.530836	0.303206	
0.867373	0.943957	1.0273	1.11143	1.18078	1.19385	1.14338	1.06107	0.976351	0.898637	0.820964	0.756663	0.716983	0.696541	0.711689	0.765151	0.850537	0.94086	1.00967	1.03484	1.00656	0.920301	0.763917	0.551368	0.321056	
0.870857	0.948003	1.03067	1.1171	1.19385	1.20968	1.15199	1.06415	0.980062	0.902379	0.823135	0.758876	0.720454	0.701027	0.717524	0.773722	0.858496	0.945513	1.01283	1.039	1.01058	0.924561	0.767445	0.554949	0.325131	
0.859248	0.932781	1.01457	1.09164	1.14338	1.15199	1.11673	1.04717	0.964113	0.888922	0.81569	0.750197	0.704073	0.682442	0.695098	0.742828	0.826618	0.922623	0.996331	1.02222	0.993701	0.90716	0.75298	0.541195	0.310105	
0.836644	0.90331	0.975093	1.03205	1.06107	1.06415	1.04717	1.00067	0.932361	0.863157	0.792521	0.717539	0.662454	0.64067	0.649277	0.686988	0.765505	0.864365	0.945404	0.977137	0.952723	0.871375	0.71997	0.513105	0.29215	
0.785954	0.859661	0.914767	0.953054	0.976351	0.980062	0.964113	0.932361	0.88414	0.817306	0.734308	0.65064	0.592091	0.569599	0.57771	0.614948	0.686414	0.780435	0.864251	0.905528	0.890016	0.811408	0.667288	0.472099	0.266924	
0.694202	0.788135	0.848692	0.879907	0.898637	0.902379	0.888922	0.863157	0.817306	0.733528	0.635891	0.554447	0.499866	0.478923	0.492785	0.539054	0.612241	0.698077	0.778267	0.818952	0.801222	0.720528	0.586078	0.412291	0.230539	
0.594064	0.698059	0.775384	0.808984	0.820964	0.823135	0.81569	0.792521	0.734308	0.635891	0.536558	0.456692	0.404998	0.390646	0.413911	0.46864	0.541905	0.620314	0.690029	0.724295	0.698927	0.613921	0.48853	0.336893	0.18036	
0.514126	0.614627	0.694735	0.740928	0.756663	0.758876	0.750197	0.717539	0.65064	0.554447	0.456692	0.369671	0.311079	0.304227	0.338276	0.397887	0.471992	0.545877	0.60704	0.632438	0.601868	0.510483	0.387399	0.248308	0.113318	
0.462868	0.556853	0.637471	0.690711	0.716983	0.720454	0.704073	0.662454	0.592091	0.499866	0.404998	0.311079	0.242913	0.228704	0.261666	0.324168	0.404776	0.48169	0.538921	0.556957	0.518851	0.426331	0.302437	0.169207	0.0504482	
0.443434	0.534069	0.615322	0.668839	0.696541	0.701027	0.682442	0.64067	0.569599	0.478923	0.390646	0.304227	0.228704	0.193246	0.210044	0.26787	0.347445	0.424645	0.478724	0.491517	0.452078	0.363744	0.246526	0.125223	0.0196945	
0.459661	0.544002	0.624164	0.679276	0.711689	0.717524	0.695098	0.649277	0.57771	0.492785	0.413911	0.338276	0.261666	0.210044	0.211979	0.255911	0.319178	0.381147	0.427165	0.439865	0.404046	0.320615	0.214894	0.111791	0.0175786	
0.510646	0.583592	0.660975	0.722124	0.765151	0.773722	0.742828	0.686988	0.614948	0.539054	0.46864	0.397887	0.324168	0.26787	0.255911	0.278932	0.317358	0.356237	0.391525	0.405656	0.371772	0.299688	0.211662	0.124493	0.0354732	
0.584092	0.655393	0.735164	0.804672	0.850537	0.858496	0.826618	0.765505	0.686414	0.612241	0.541905	0.471992	0.404776	0.347445	0.319178	0.317358	0.331116	0.355621	0.381214	0.391314	0.364347	0.311249	0.246785	0.171901	0.0817093	
0.667713	0.745628	0.832611	0.903549	0.94086	0.945513	0.922623	0.864365	0.780435	0.698077	0.620314	0.545877	0.48169	0.424645	0.381147	0.356237	0.355621	0.37223	0.395073	0.404602	0.390453	0.357925	0.30389	0.232733	0.144302	
0.743641	0.829438	0.915614	0.980087	1.00967	1.01283	0.996331	0.945404	0.864251	0.778267	0.690029	0.60704	0.538921	0.478724	0.427165	0.391525	0.381214	0.395073	0.4189	0.44088	0.442659	0.421103	0.368346	0.291661	0.192632	
0.781926	0.872163	0.951776	1.00739	1.03484	1.039	1.02222	0.977137	0.905528	0.818952	0.724295	0.632438	0.556957	0.491517	0.439865	0.405656	0.391314	0.404602	0.44088	0.473648	0.487035	0.470041	0.41921	0.333728	0.21601	
0.761131	0.856639	0.931028	0.98003	1.00656	1.01058	0.993701	0.952723	0.890016	0.801222	0.698927	0.601868	0.518851	0.452078	0.404046	0.371772	0.364347	0.390453	0.442659	0.487035	0.504925	0.496069	0.446954	0.346335	0.210151	
0.67861	0.777925	0.850869	0.895287	0.920301	0.924561	0.90716	0.871375	0.811408	0.720528	0.613921	0.510483	0.426331	0.363744	0.320615	0.299688	0.311249	0.357925	0.421103	0.470041	0.496069	0.488846	0.434798	0.323667	0.178696	
0.548632	0.638077	0.701857	0.741689	0.763917	0.767445	0.75298	0.71997	0.667288	0.586078	0.48853	0.387399	0.302437	0.246526	0.214894	0.211662	0.246785	0.30389	0.368346	0.41921	0.446954	0.434798	0.376961	0.269712	0.123499	
0.384172	0.450236	0.498496	0.530836	0.551368	0.554949	0.541195	0.513105	0.472099	0.412291	0.336893	0.248308	0.169207	0.125223	0.111791	0.124493	0.171901	0.232733	0.291661	0.333728	0.346335	0.323667	0.269712	0.170084	0.0305334	
0.212388	0.253847	0.283407	0.303206	0.321056	0.325131	0.310105	0.29215	0.266924	0.230539	0.18036	0.113318	0.0504482	0.0196945	0.0175786	0.0354732	0.0817093	0.144302	0.192632	0.21601	0.210151	0.178696	0.123499	0.0305334	-0.0961268	
