0.52892	0.603108	0.664037	0.709458	0.737462	0.7424	0.723005	0.684139	0.629265	0.560316	0.476607	0.387249	0.316027	0.284257	0.305647	0.377345	0.480413	0.587026	0.665628	0.718644	0.751888	0.769644	0.773107	0.759213	0.709439	
0.380565	0.444627	0.500103	0.542129	0.566123	0.569544	0.554307	0.518538	0.468025	0.407332	0.337359	0.265286	0.21974	0.216992	0.261526	0.354593	0.478318	0.598216	0.68101	0.733422	0.759018	0.762184	0.748527	0.713603	0.655833	
0.190231	0.253476	0.311343	0.35541	0.380323	0.384272	0.367848	0.330848	0.276953	0.216659	0.148091	0.0916652	0.0717179	0.0983254	0.167875	0.285381	0.425837	0.560119	0.6581	0.713065	0.732593	0.723067	0.690026	0.636	0.569227	
-0.0239506	0.0461766	0.109725	0.159615	0.190949	0.197178	0.174859	0.131765	0.0725704	0.00544481	-0.0677234	-0.116692	-0.120957	-0.0715881	0.0258602	0.170086	0.33096	0.479347	0.588662	0.652236	0.671207	0.655794	0.608179	0.536309	0.458585	
-0.239248	-0.158564	-0.084606	-0.0248239	0.0145885	0.0215215	-0.00553633	-0.0587641	-0.127672	-0.205819	-0.287645	-0.337225	-0.332836	-0.270129	-0.153335	0.013404	0.19274	0.35622	0.478301	0.548357	0.572	0.559234	0.5028	0.414295	0.327753	
-0.444396	-0.346277	-0.250963	-0.171554	-0.119973	-0.110634	-0.146607	-0.217091	-0.306568	-0.406355	-0.495714	-0.547181	-0.536289	-0.463602	-0.33976	-0.169909	0.0201208	0.195519	0.328849	0.40839	0.434671	0.423279	0.367321	0.276	0.185067	
-0.60888	-0.490857	-0.369698	-0.260699	-0.19362	-0.18225	-0.227682	-0.322697	-0.442212	-0.563366	-0.668343	-0.723973	-0.713422	-0.642616	-0.519236	-0.356848	-0.165648	0.0180615	0.159623	0.245728	0.277389	0.262142	0.208535	0.130929	0.0525251	
-0.723146	-0.580851	-0.429821	-0.293427	-0.204714	-0.189851	-0.249997	-0.371816	-0.520109	-0.669708	-0.790264	-0.858857	-0.857477	-0.791205	-0.671945	-0.513373	-0.322918	-0.140512	-5.9391e-05	0.0885741	0.12281	0.107349	0.0565504	-0.00623711	-0.0591672	
-0.769	-0.599125	-0.422119	-0.264786	-0.159948	-0.14113	-0.214344	-0.355321	-0.527472	-0.704677	-0.850078	-0.937314	-0.950328	-0.892261	-0.772479	-0.608943	-0.420102	-0.246104	-0.116347	-0.0396394	-0.0104725	-0.024641	-0.0693294	-0.11276	-0.140305	
-0.737529	-0.542419	-0.346646	-0.17678	-0.0647454	-0.0442235	-0.122917	-0.273849	-0.462878	-0.661832	-0.835474	-0.940226	-0.967786	-0.920358	-0.803578	-0.637566	-0.452901	-0.290895	-0.172621	-0.11004	-0.0896457	-0.108582	-0.146903	-0.180018	-0.193816	
-0.638703	-0.4284	-0.221909	-0.0469518	0.0655134	0.085322	0.00786347	-0.146944	-0.344021	-0.55687	-0.746343	-0.868184	-0.904249	-0.86507	-0.758065	-0.594937	-0.415496	-0.260594	-0.149627	-0.0950173	-0.0884323	-0.115591	-0.16368	-0.200389	-0.216384	
-0.487872	-0.274007	-0.0596064	0.12146	0.233799	0.253507	0.176895	0.0186505	-0.186741	-0.404142	-0.600506	-0.729852	-0.770655	-0.730529	-0.632606	-0.482235	-0.312542	-0.165771	-0.0617857	-0.016697	-0.0203955	-0.0597918	-0.123237	-0.177977	-0.206221	
-0.295694	-0.0872979	0.122718	0.30727	0.416835	0.434043	0.362111	0.202714	-0.00296784	-0.213664	-0.407653	-0.540332	-0.580789	-0.543358	-0.45265	-0.317591	-0.162981	-0.0245807	0.07014	0.104178	0.0888893	0.0361022	-0.0464799	-0.124082	-0.173564	
-0.0889921	0.102984	0.298597	0.473098	0.579422	0.597357	0.525999	0.372993	0.182153	-0.0135134	-0.19421	-0.319789	-0.358395	-0.32427	-0.243364	-0.127092	0.00776151	0.128053	0.208085	0.228832	0.201578	0.141926	0.0459274	-0.0526247	-0.120324	
0.102852	0.270824	0.438957	0.59274	0.695648	0.713004	0.643306	0.503507	0.338239	0.16987	0.00987122	-0.0996515	-0.132635	-0.103684	-0.0367084	0.059505	0.166614	0.263546	0.32477	0.330838	0.290097	0.220458	0.118334	0.00608308	-0.0760924	
0.247693	0.383003	0.517933	0.649309	0.742576	0.760189	0.69428	0.571475	0.436423	0.301775	0.173278	0.0911743	0.0700622	0.0935086	0.147217	0.215971	0.291629	0.360071	0.404607	0.399313	0.348128	0.26425	0.152345	0.0299129	-0.0648488	
0.337464	0.427479	0.525565	0.628583	0.705487	0.719054	0.665353	0.567091	0.465701	0.373034	0.289694	0.241778	0.237197	0.260589	0.297389	0.339631	0.382456	0.421927	0.445141	0.429673	0.36814	0.272023	0.144866	0.0107392	-0.092885	
0.391222	0.42984	0.486072	0.553044	0.606531	0.61552	0.577622	0.512924	0.450081	0.405398	0.373236	0.361565	0.371383	0.400135	0.422079	0.433874	0.44478	0.451742	0.444952	0.408241	0.334103	0.221007	0.0796719	-0.0668696	-0.179456	
0.417696	0.410841	0.423685	0.455227	0.479816	0.483415	0.467118	0.435226	0.412897	0.413144	0.427039	0.451118	0.481613	0.51398	0.528199	0.515229	0.490908	0.462307	0.42207	0.355449	0.256779	0.122346	-0.0387341	-0.195885	-0.316809	
0.41746	0.378989	0.358371	0.349716	0.346468	0.345838	0.348353	0.353676	0.368477	0.399511	0.45044	0.510615	0.562332	0.596909	0.602567	0.577622	0.530466	0.466959	0.392287	0.295224	0.163426	-0.00010629	-0.184409	-0.354784	-0.486196	
0.386989	0.323969	0.276343	0.23634	0.212169	0.207597	0.224745	0.258986	0.303805	0.358921	0.438369	0.533044	0.608124	0.645232	0.643354	0.614101	0.557138	0.468057	0.361047	0.233502	0.0728665	-0.119834	-0.324421	-0.513629	-0.658042	
0.329076	0.232719	0.152987	0.0911862	0.0486312	0.0406671	0.0711684	0.126171	0.199466	0.287819	0.399029	0.518174	0.613036	0.656696	0.657743	0.625334	0.560006	0.459112	0.331965	0.18126	9.53773e-05	-0.208108	-0.428665	-0.627856	-0.785475	
0.240612	0.100407	-0.0114094	-0.101411	-0.164171	-0.17584	-0.131024	-0.0499173	0.0526719	0.180757	0.333411	0.474141	0.574704	0.627678	0.636652	0.602829	0.532589	0.429928	0.302099	0.146584	-0.0426358	-0.260616	-0.487026	-0.69251	-0.851518	
0.0976561	-0.08268	-0.227675	-0.348774	-0.435317	-0.452392	-0.389645	-0.278488	-0.145206	0.0217194	0.212841	0.380459	0.491186	0.548823	0.568657	0.552317	0.49425	0.405439	0.2899	0.144378	-0.0383376	-0.255183	-0.481203	-0.687208	-0.846087	
-0.110863	-0.324103	-0.505233	-0.652708	-0.751335	-0.768123	-0.700165	-0.568941	-0.400131	-0.198941	0.0223022	0.221711	0.358098	0.429759	0.46842	0.479685	0.455165	0.397253	0.308711	0.190427	0.034044	-0.166909	-0.38526	-0.590329	-0.754895	
-0.356675	-0.60789	-0.829191	-1.00202	-1.09911	-1.11468	-1.0512	-0.905387	-0.701381	-0.458585	-0.206061	0.0207218	0.191224	0.299035	0.36602	0.409631	0.420809	0.404783	0.36216	0.289242	0.168147	-0.00857825	-0.213262	-0.414267	-0.583677	
-0.60789	-0.898709	-1.15062	-1.34112	-1.44632	-1.46242	-1.39444	-1.23542	-1.00555	-0.726222	-0.433939	-0.171842	0.0337336	0.185487	0.291783	0.36108	0.400177	0.424097	0.43199	0.40748	0.325211	0.174129	-0.00982119	-0.202128	-0.371218	
-0.829191	-1.15062	-1.42352	-1.63173	-1.76116	-1.7833	-1.69519	-1.51492	-1.26676	-0.96199	-0.631268	-0.331506	-0.0908089	0.0922883	0.232295	0.329472	0.397754	0.4622	0.513961	0.528123	0.479382	0.360443	0.195207	0.0129996	-0.161196	
-1.00202	-1.34112	-1.63173	-1.86252	-2.00373	-2.0279	-1.93252	-1.73225	-1.46372	-1.14262	-0.789346	-0.463831	-0.193884	0.0204814	0.182983	0.306284	0.413012	0.515007	0.603399	0.6493	0.624555	0.526607	0.377928	0.196027	0.0158839	
-1.09911	-1.44632	-1.76116	-2.00373	-2.14198	-2.16412	-2.07301	-1.8689	-1.57772	-1.24031	-0.88758	-0.557001	-0.265749	-0.0295367	0.151707	0.293815	0.426379	0.557532	0.671625	0.736888	0.724769	0.632405	0.486191	0.307646	0.128482	
-1.11468	-1.46242	-1.7833	-2.0279	-2.16412	-2.18517	-2.09661	-1.89282	-1.59599	-1.25588	-0.903868	-0.574781	-0.279645	-0.0393405	0.145691	0.291185	0.428342	0.564456	0.683084	0.753175	0.742342	0.650266	0.502829	0.326917	0.148074	
-1.0512	-1.39444	-1.69519	-1.93252	-2.07301	-2.09661	-2.00263	-1.79926	-1.52073	-1.19257	-0.837621	-0.507989	-0.22772	-0.00302749	0.167987	0.300439	0.41981	0.53457	0.63538	0.691495	0.67341	0.578809	0.432113	0.251233	0.0712462	
-0.905387	-1.23542	-1.51492	-1.73225	-1.8689	-1.89282	-1.79926	-1.60986	-1.35427	-1.04185	-0.700345	-0.387443	-0.134401	0.0613019	0.211124	0.319002	0.402564	0.483004	0.549738	0.577328	0.53938	0.430774	0.274043	0.0922626	-0.0850317	
-0.701381	-1.00555	-1.26676	-1.46372	-1.57772	-1.59599	-1.52073	-1.35427	-1.11647	-0.82588	-0.516918	-0.23986	-0.0197859	0.146076	0.267316	0.34641	0.396315	0.436737	0.463286	0.454872	0.386665	0.249469	0.0728815	-0.115019	-0.285603	
-0.458585	-0.726222	-0.96199	-1.14262	-1.24031	-1.25588	-1.19257	-1.04185	-0.82588	-0.56682	-0.299151	-0.0598633	0.124457	0.250719	0.333189	0.387513	0.410667	0.411332	0.389279	0.336861	0.230579	0.0639129	-0.133286	-0.331322	-0.500864	
-0.206061	-0.433939	-0.631268	-0.789346	-0.88758	-0.903868	-0.837621	-0.700345	-0.516918	-0.299151	-0.0673448	0.144475	0.293108	0.377141	0.425657	0.449727	0.440285	0.398366	0.326347	0.224528	0.0820239	-0.110299	-0.322902	-0.527433	-0.694063	
0.0207218	-0.171842	-0.331506	-0.463831	-0.557001	-0.574781	-0.507989	-0.387443	-0.23986	-0.0598633	0.144475	0.324247	0.444328	0.504928	0.530849	0.524789	0.478785	0.400804	0.293355	0.156211	-0.0188651	-0.229834	-0.454487	-0.658897	-0.820494	
0.191224	0.0337336	-0.0908089	-0.193884	-0.265749	-0.279645	-0.22772	-0.134401	-0.0197859	0.124457	0.293108	0.444328	0.546935	0.602985	0.615044	0.585281	0.51779	0.418585	0.294091	0.141225	-0.0475653	-0.26704	-0.493594	-0.700716	-0.858714	
0.299035	0.185487	0.0922883	0.0204814	-0.0295367	-0.0393405	-0.00302749	0.0613019	0.146076	0.250719	0.377141	0.504928	0.602985	0.650453	0.654552	0.620374	0.551408	0.449	0.319163	0.164096	-0.021297	-0.233905	-0.458562	-0.660291	-0.819399	
0.36602	0.291783	0.232295	0.182983	0.151707	0.145691	0.167987	0.211124	0.267316	0.333189	0.425657	0.530849	0.615044	0.654552	0.652582	0.622127	0.562486	0.467058	0.349422	0.211473	0.0408742	-0.15902	-0.371249	-0.565555	-0.716498	
0.409631	0.36108	0.329472	0.306284	0.293815	0.291185	0.300439	0.319002	0.34641	0.387513	0.449727	0.524789	0.585281	0.620374	0.622127	0.5951	0.542997	0.467711	0.379156	0.26955	0.125615	-0.0501296	-0.242983	-0.421315	-0.557113	
0.420809	0.400177	0.397754	0.413012	0.426379	0.428342	0.41981	0.402564	0.396315	0.410667	0.440285	0.478785	0.51779	0.551408	0.562486	0.542997	0.50775	0.464712	0.41014	0.332067	0.2206	0.0747921	-0.095886	-0.257154	-0.381739	
0.404783	0.424097	0.4622	0.515007	0.557532	0.564456	0.53457	0.483004	0.436737	0.411332	0.398366	0.400804	0.418585	0.449	0.467058	0.467711	0.464712	0.457109	0.437379	0.389148	0.306805	0.18612	0.0374007	-0.113627	-0.229292	
0.36216	0.43199	0.513961	0.603399	0.671625	0.683084	0.63538	0.549738	0.463286	0.389279	0.326347	0.293355	0.294091	0.319163	0.349422	0.379156	0.41014	0.437379	0.44882	0.426813	0.360723	0.259027	0.126658	-0.0129519	-0.12047	
0.289242	0.40748	0.528123	0.6493	0.736888	0.753175	0.691495	0.577328	0.454872	0.336861	0.224528	0.156211	0.141225	0.164096	0.211473	0.26955	0.332067	0.389148	0.426813	0.417113	0.362039	0.273612	0.155505	0.0280826	-0.0698087	
0.168147	0.325211	0.479382	0.624555	0.724769	0.742342	0.67341	0.53938	0.386665	0.230579	0.0820239	-0.0188651	-0.0475653	-0.021297	0.0408742	0.125615	0.2206	0.306805	0.360723	0.362039	0.316151	0.240813	0.135587	0.0201004	-0.0675768	
-0.00857825	0.174129	0.360443	0.526607	0.632405	0.650266	0.578809	0.430774	0.249469	0.0639129	-0.110299	-0.229834	-0.26704	-0.233905	-0.15902	-0.0501296	0.0747921	0.18612	0.259027	0.273612	0.240813	0.178147	0.0798229	-0.0255818	-0.0992969	
-0.213262	-0.00982119	0.195207	0.377928	0.486191	0.502829	0.432113	0.274043	0.0728815	-0.133286	-0.322902	-0.454487	-0.493594	-0.458562	-0.371249	-0.242983	-0.095886	0.0374007	0.126658	0.155505	0.135587	0.0798229	-0.00981599	-0.0958731	-0.15415	
-0.414267	-0.202128	0.0129996	0.196027	0.307646	0.326917	0.251233	0.0922626	-0.115019	-0.331322	-0.527433	-0.658897	-0.700716	-0.660291	-0.565555	-0.421315	-0.257154	-0.113627	-0.0129519	0.0280826	0.0201004	-0.0255818	-0.0958731	-0.160173	-0.196407	
-0.583677	-0.371218	-0.161196	0.0158839	0.128482	0.148074	0.0712462	-0.0850317	-0.285603	-0.500864	-0.694063	-0.820494	-0.858714	-0.819399	-0.716498	-0.557113	-0.381739	-0.229292	-0.12047	-0.0698087	-0.0675768	-0.0992969	-0.15415	-0.196407	-0.215496	
