0.174435	0.130478	0.0892954	0.0558209	0.0341361	0.0292845	0.0537875	0.100756	0.158416	0.213966	0.258677	0.281626	0.281203	0.246125	0.176472	0.072848	-0.0629912	-0.217028	-0.358032	-0.458632	-0.502153	-0.478124	-0.38554	-0.222834	-0.000978571	
0.130478	0.0815467	0.0435914	0.0219176	0.0186977	0.0391388	0.0845593	0.145178	0.216693	0.291826	0.345138	0.380029	0.380822	0.342067	0.267048	0.157237	0.0190146	-0.14359	-0.289711	-0.39378	-0.441614	-0.415675	-0.329961	-0.181876	0.0240197	
0.0892954	0.0435914	0.0105128	0.00174176	0.0194618	0.0625303	0.125454	0.203161	0.295928	0.39043	0.468191	0.522646	0.541737	0.510504	0.431205	0.312242	0.158605	-0.016059	-0.178737	-0.299986	-0.364432	-0.358812	-0.290374	-0.166221	0.0221704	
0.0558209	0.0219176	0.00174176	0.0100916	0.0415341	0.105546	0.192937	0.293645	0.403706	0.514703	0.623395	0.708676	0.752919	0.731311	0.648532	0.516593	0.344106	0.151834	-0.0339903	-0.180613	-0.272927	-0.301573	-0.262117	-0.163653	0.00223101	
0.0341361	0.0186977	0.0194618	0.0415341	0.0909035	0.178518	0.290083	0.415916	0.545223	0.674813	0.804382	0.912233	0.974079	0.964957	0.881277	0.740709	0.55481	0.346488	0.134908	-0.0427104	-0.169849	-0.234677	-0.238541	-0.170802	-0.0337392	
0.0292845	0.0391388	0.0625303	0.105546	0.178518	0.285839	0.415392	0.564092	0.716484	0.865681	1.00606	1.12068	1.1829	1.18235	1.10198	0.954722	0.754332	0.530886	0.302103	0.100586	-0.0589489	-0.164161	-0.210026	-0.171504	-0.056524	
0.0537875	0.0845593	0.125454	0.192937	0.290083	0.415392	0.565027	0.729557	0.899218	1.0539	1.19401	1.30952	1.36882	1.36421	1.27772	1.1195	0.911365	0.680901	0.447569	0.229147	0.044119	-0.0956698	-0.170518	-0.154809	-0.0636543	
0.100756	0.145178	0.203161	0.293645	0.415916	0.564092	0.729557	0.902438	1.07075	1.219	1.35122	1.45627	1.5106	1.49142	1.39413	1.22659	1.01124	0.779937	0.5458	0.324273	0.131356	-0.0201767	-0.110276	-0.123259	-0.0642428	
0.158416	0.216693	0.295928	0.403706	0.545223	0.716484	0.899218	1.07075	1.22445	1.3558	1.472	1.56014	1.59482	1.55912	1.45993	1.29313	1.07563	0.840613	0.60977	0.400411	0.214323	0.0621933	-0.0427842	-0.0845893	-0.0639375	
0.213966	0.291826	0.39043	0.514703	0.674813	0.865681	1.0539	1.219	1.3558	1.47002	1.56351	1.62413	1.63613	1.59071	1.48453	1.32033	1.11167	0.888346	0.675884	0.477057	0.296446	0.142196	0.0260876	-0.0383452	-0.0643981	
0.258677	0.345138	0.468191	0.623395	0.804382	1.00606	1.19401	1.35122	1.472	1.56351	1.62754	1.65949	1.6488	1.59137	1.47739	1.31677	1.13272	0.941552	0.751685	0.565839	0.387228	0.2297	0.10216	0.00159219	-0.0748732	
0.281626	0.380029	0.522646	0.708676	0.912233	1.12068	1.30952	1.45627	1.56014	1.62413	1.65949	1.66521	1.63621	1.56364	1.44585	1.29664	1.14141	0.978168	0.81071	0.643192	0.479222	0.319972	0.167559	0.0248858	-0.0995545	
0.281203	0.380822	0.541737	0.752919	0.974079	1.1829	1.36882	1.5106	1.59482	1.63613	1.6488	1.63621	1.59246	1.51065	1.39694	1.25973	1.12026	0.978308	0.836323	0.695697	0.547015	0.389075	0.217433	0.0443642	-0.121204	
0.246125	0.342067	0.510504	0.731311	0.964957	1.18235	1.36421	1.49142	1.55912	1.59071	1.59137	1.56364	1.51065	1.43042	1.32907	1.20256	1.06873	0.947125	0.834056	0.717838	0.586053	0.436336	0.262838	0.0711531	-0.125454	
0.176472	0.267048	0.431205	0.648532	0.881277	1.10198	1.27772	1.39413	1.45993	1.48453	1.47739	1.44585	1.39694	1.32907	1.23546	1.12423	1.00194	0.896658	0.804339	0.707991	0.60246	0.471676	0.299644	0.0986698	-0.113017	
0.072848	0.157237	0.312242	0.516593	0.740709	0.954722	1.1195	1.22659	1.29313	1.32033	1.31677	1.29664	1.25973	1.20256	1.12423	1.03378	0.932096	0.837847	0.760172	0.69023	0.610578	0.494369	0.32916	0.13196	-0.0806537	
-0.0629912	0.0190146	0.158605	0.344106	0.55481	0.754332	0.911365	1.01124	1.07563	1.11167	1.13272	1.14141	1.12026	1.06873	1.00194	0.932096	0.847147	0.768379	0.713968	0.678105	0.622805	0.520386	0.371948	0.189372	-0.024767	
-0.217028	-0.14359	-0.016059	0.151834	0.346488	0.530886	0.680901	0.779937	0.840613	0.888346	0.941552	0.978168	0.978308	0.947125	0.896658	0.837847	0.768379	0.713511	0.691523	0.683449	0.652582	0.572235	0.443337	0.27307	0.0593673	
-0.358032	-0.289711	-0.178737	-0.0339903	0.134908	0.302103	0.447569	0.5458	0.60977	0.675884	0.751685	0.81071	0.836323	0.834056	0.804339	0.760172	0.713968	0.691523	0.692216	0.706783	0.70429	0.65263	0.548906	0.3952	0.188682	
-0.458632	-0.39378	-0.299986	-0.180613	-0.0427104	0.100586	0.229147	0.324273	0.400411	0.477057	0.565839	0.643192	0.695697	0.717838	0.707991	0.69023	0.678105	0.683449	0.706783	0.742452	0.766803	0.746139	0.678007	0.55717	0.368006	
-0.502153	-0.441614	-0.364432	-0.272927	-0.169849	-0.0589489	0.044119	0.131356	0.214323	0.296446	0.387228	0.479222	0.547015	0.586053	0.60246	0.610578	0.622805	0.652582	0.70429	0.766803	0.811369	0.823004	0.795843	0.710709	0.547366	
-0.478124	-0.415675	-0.358812	-0.301573	-0.234677	-0.164161	-0.0956698	-0.0201767	0.0621933	0.142196	0.2297	0.319972	0.389075	0.436336	0.471676	0.494369	0.520386	0.572235	0.65263	0.746139	0.823004	0.873853	0.885295	0.827896	0.689047	
-0.38554	-0.329961	-0.290374	-0.262117	-0.238541	-0.210026	-0.170518	-0.110276	-0.0427842	0.0260876	0.10216	0.167559	0.217433	0.262838	0.299644	0.32916	0.371948	0.443337	0.548906	0.678007	0.795843	0.885295	0.927186	0.893513	0.77513	
-0.222834	-0.181876	-0.166221	-0.163653	-0.170802	-0.171504	-0.154809	-0.123259	-0.0845893	-0.0383452	0.00159219	0.0248858	0.0443642	0.0711531	0.0986698	0.13196	0.189372	0.27307	0.3952	0.55717	0.710709	0.827896	0.893513	0.883895	0.785799	
-0.000978571	0.0240197	0.0221704	0.00223101	-0.0337392	-0.056524	-0.0636543	-0.0642428	-0.0639375	-0.0643981	-0.0748732	-0.0995545	-0.121204	-0.125454	-0.113017	-0.0806537	-0.024767	0.0593673	0.188682	0.368006	0.547366	0.689047	0.77513	0.785799	0.709729	
0.253835	0.26962	0.257334	0.219743	0.164826	0.116231	0.0751569	0.0364079	-0.00485516	-0.0580024	-0.121155	-0.191362	-0.260469	-0.305096	-0.317231	-0.305743	-0.266169	-0.188292	-0.0590109	0.122601	0.319703	0.486015	0.589246	0.618148	0.558907	
0.507964	0.528748	0.510868	0.463131	0.396879	0.322058	0.245378	0.168093	0.0805481	-0.0207698	-0.125861	-0.232118	-0.344148	-0.439134	-0.499456	-0.525079	-0.513157	-0.445754	-0.320209	-0.137017	0.07086	0.25467	0.375162	0.415446	0.361179	
0.74305	0.768299	0.753205	0.699587	0.616644	0.515059	0.408882	0.298767	0.176219	0.0391521	-0.098341	-0.241728	-0.391102	-0.531196	-0.644933	-0.714768	-0.731781	-0.680281	-0.552882	-0.369212	-0.160533	0.0332166	0.16832	0.209722	0.145454	
0.934338	0.973272	0.9588	0.893056	0.791459	0.667889	0.540366	0.403494	0.25664	0.0987504	-0.068348	-0.240827	-0.41891	-0.595517	-0.753911	-0.861746	-0.903655	-0.86037	-0.737087	-0.557341	-0.349633	-0.14951	-0.00476449	0.0380961	-0.0373403	
1.05278	1.09412	1.08203	1.00926	0.896317	0.76342	0.622757	0.468986	0.308255	0.135135	-0.0485368	-0.239843	-0.437597	-0.635701	-0.818439	-0.951037	-1.00413	-0.960746	-0.843076	-0.674637	-0.4684	-0.270185	-0.126443	-0.0760495	-0.150032	
1.07268	1.11444	1.10402	1.02994	0.914296	0.780473	0.638144	0.481413	0.3179	0.141943	-0.0442999	-0.239807	-0.441491	-0.64206	-0.829534	-0.967394	-1.02193	-0.977497	-0.861626	-0.696331	-0.490177	-0.29214	-0.149837	-0.0977366	-0.1695	
0.992486	1.03399	1.01988	0.950116	0.843349	0.714219	0.580076	0.434605	0.281098	0.116661	-0.0590454	-0.240605	-0.427557	-0.615012	-0.785393	-0.905439	-0.953017	-0.910324	-0.790284	-0.614946	-0.406871	-0.206642	-0.0618857	-0.0165051	-0.0924529	
0.825818	0.856181	0.842428	0.784194	0.692634	0.582076	0.466359	0.344866	0.210542	0.0637171	-0.0850802	-0.241676	-0.403712	-0.559987	-0.693382	-0.77926	-0.807761	-0.76132	-0.63415	-0.450668	-0.242847	-0.0464102	0.0944889	0.135521	0.0660654	
0.605473	0.627662	0.610245	0.560216	0.489229	0.403232	0.313562	0.221889	0.119532	0.00206121	-0.117337	-0.238408	-0.365663	-0.479974	-0.561709	-0.605303	-0.604653	-0.543984	-0.41767	-0.233725	-0.0253292	0.163053	0.289909	0.331589	0.274606	
0.356881	0.37372	0.358751	0.315767	0.255466	0.196573	0.140491	0.0871888	0.0267029	-0.0475029	-0.127706	-0.213174	-0.300973	-0.365477	-0.394271	-0.395451	-0.366361	-0.291864	-0.164924	0.0171111	0.22026	0.394636	0.504851	0.538687	0.483857	
0.0994284	0.118414	0.111569	0.0842769	0.0400688	0.00700195	-0.0133014	-0.0287762	-0.0440568	-0.0655397	-0.0980405	-0.142279	-0.182199	-0.200768	-0.19591	-0.170561	-0.118818	-0.0362433	0.0939885	0.274556	0.462058	0.613917	0.706851	0.725624	0.657224	
-0.140533	-0.105593	-0.0977702	-0.105234	-0.12451	-0.133868	-0.125059	-0.106132	-0.0823869	-0.0525809	-0.0320023	-0.0272775	-0.0227111	-0.0071494	0.0139863	0.0486584	0.107295	0.192399	0.318127	0.490283	0.655054	0.781491	0.855951	0.85529	0.766035	
-0.327987	-0.278698	-0.248622	-0.230034	-0.22036	-0.205301	-0.175641	-0.125693	-0.0681667	-0.00551821	0.0590549	0.108857	0.14727	0.187347	0.222097	0.253412	0.303141	0.380131	0.493861	0.637004	0.770276	0.872082	0.924103	0.899992	0.789008	
-0.450209	-0.387756	-0.33764	-0.293254	-0.243741	-0.190919	-0.134743	-0.0642596	0.0139617	0.0898258	0.174233	0.258066	0.321856	0.370241	0.407167	0.433205	0.465542	0.526222	0.617276	0.724146	0.81688	0.885351	0.90995	0.861838	0.731313	
-0.500071	-0.43962	-0.371446	-0.293514	-0.203515	-0.107587	-0.0180406	0.0646771	0.148766	0.230969	0.320929	0.415352	0.485008	0.527892	0.554162	0.570139	0.587926	0.626619	0.690332	0.76522	0.820616	0.846116	0.834873	0.762572	0.609528	
-0.484371	-0.420236	-0.332816	-0.223771	-0.10025	0.0309394	0.150369	0.242929	0.3224	0.402617	0.493102	0.576863	0.637239	0.667704	0.667576	0.661062	0.660275	0.67555	0.709635	0.755296	0.788303	0.779992	0.728094	0.622565	0.442943	
-0.403793	-0.33725	-0.233849	-0.0991434	0.0581878	0.216573	0.357672	0.454236	0.522929	0.59449	0.676506	0.743989	0.780293	0.788505	0.766869	0.731762	0.699482	0.689093	0.69751	0.720397	0.729394	0.690669	0.599708	0.457109	0.25576	
-0.276714	-0.20645	-0.0846465	0.0752498	0.260457	0.438915	0.587378	0.686612	0.746685	0.801197	0.865353	0.911613	0.921138	0.901493	0.859421	0.805359	0.742498	0.700347	0.689255	0.690789	0.670694	0.601266	0.481423	0.316705	0.104927	
-0.123817	-0.0450069	0.0898146	0.268696	0.473513	0.666438	0.819982	0.918755	0.982287	1.02286	1.05578	1.07617	1.06397	1.01835	0.957348	0.892356	0.814	0.743447	0.701814	0.678225	0.632096	0.537187	0.396374	0.219181	0.00520844	
0.0218794	0.105073	0.254428	0.4512	0.670587	0.879199	1.04109	1.14434	1.21034	1.24036	1.24575	1.23535	1.20395	1.14843	1.07455	0.993994	0.89959	0.810178	0.740198	0.683528	0.613988	0.502701	0.343776	0.151763	-0.0615616	
0.139365	0.227353	0.387763	0.601507	0.831508	1.05074	1.22169	1.33531	1.40144	1.42605	1.41727	1.38826	1.3438	1.2814	1.1939	1.08933	0.974892	0.874775	0.78837	0.70139	0.606263	0.482019	0.312223	0.110232	-0.102844	
0.221751	0.315986	0.484975	0.704447	0.939233	1.15913	1.33907	1.46099	1.52715	1.5547	1.55231	1.52147	1.46846	1.39253	1.29372	1.17297	1.0427	0.927914	0.824432	0.716241	0.594429	0.45211	0.278237	0.0821491	-0.122661	
0.272376	0.370136	0.535615	0.752708	0.980257	1.1921	1.37597	1.51261	1.58856	1.62529	1.63236	1.61327	1.56425	1.48132	1.37292	1.23975	1.10289	0.969832	0.838965	0.708965	0.566113	0.410117	0.236281	0.0545949	-0.124637	
0.284176	0.384761	0.535175	0.733227	0.94391	1.15196	1.34059	1.48564	1.58196	1.63586	1.66047	1.65757	1.62277	1.54626	1.42833	1.28372	1.13639	0.982644	0.825057	0.667012	0.509682	0.350768	0.18863	0.0316111	-0.110299	
0.271009	0.362137	0.493091	0.660876	0.851468	1.05678	1.24529	1.39742	1.51174	1.59187	1.64475	1.66627	1.64693	1.58301	1.46702	1.31077	1.13959	0.959394	0.7786	0.599545	0.425756	0.267189	0.130654	0.0126724	-0.083848	
