0.445039	0.267187	0.0958183	-0.0514646	-0.149279	-0.166318	-0.0992571	0.033111	0.197291	0.373192	0.557586	0.754009	0.947388	1.09217	1.14514	1.09758	0.976539	0.805648	0.606945	0.414033	0.266076	0.183898	0.162248	0.188769	0.252428	
0.499428	0.335396	0.177251	0.0444962	-0.0383899	-0.0532104	0.00380075	0.119564	0.271063	0.433536	0.600739	0.776174	0.950576	1.08183	1.12483	1.07398	0.953203	0.791265	0.602038	0.416494	0.268436	0.1889	0.17966	0.218125	0.287347	
0.489828	0.348255	0.210517	0.100902	0.0356214	0.0254593	0.0677932	0.162619	0.291156	0.434003	0.574785	0.720971	0.862399	0.96982	1.00226	0.957625	0.852238	0.708307	0.539046	0.367888	0.22622	0.146259	0.141221	0.192128	0.272003	
0.423177	0.314202	0.20628	0.122521	0.0754784	0.0687231	0.0982439	0.169271	0.269405	0.380644	0.486172	0.592322	0.692658	0.766263	0.785582	0.752268	0.672797	0.557636	0.412661	0.262362	0.130235	0.0510311	0.0410479	0.0944647	0.186404	
0.31119	0.24675	0.176829	0.118812	0.0873616	0.0825689	0.102679	0.151291	0.218457	0.286909	0.344678	0.402014	0.455177	0.491008	0.49331	0.471117	0.42295	0.343572	0.229913	0.101373	-0.0155126	-0.0925498	-0.108432	-0.0634706	0.0330702	
0.186766	0.178299	0.150351	0.118417	0.0976755	0.0952691	0.107738	0.137678	0.168514	0.186076	0.184781	0.185391	0.188929	0.187006	0.171318	0.155608	0.136012	0.0946201	0.0156654	-0.0883873	-0.192074	-0.263384	-0.286971	-0.255016	-0.168316	
0.0832364	0.134103	0.152019	0.144196	0.134619	0.132628	0.139954	0.1507	0.145358	0.107095	0.0417241	-0.0199978	-0.0665763	-0.103358	-0.135397	-0.149213	-0.149116	-0.158016	-0.201504	-0.279797	-0.370001	-0.439084	-0.467747	-0.452299	-0.382775	
0.0119344	0.122229	0.184403	0.204293	0.207116	0.207072	0.206547	0.196128	0.153306	0.0607767	-0.0673078	-0.191601	-0.288133	-0.357918	-0.403583	-0.41951	-0.409904	-0.398732	-0.412058	-0.463459	-0.538393	-0.604996	-0.639607	-0.634835	-0.582964	
-0.0247026	0.135289	0.240082	0.290773	0.311179	0.314043	0.301716	0.265574	0.184421	0.0448539	-0.136607	-0.314751	-0.458564	-0.558398	-0.616626	-0.63399	-0.62255	-0.602057	-0.595827	-0.621308	-0.676801	-0.736838	-0.775838	-0.779534	-0.738352	
-0.0238043	0.173987	0.317149	0.401937	0.445194	0.451369	0.424354	0.356609	0.238922	0.0602588	-0.157556	-0.376929	-0.558757	-0.689219	-0.759774	-0.781978	-0.771344	-0.752225	-0.737796	-0.746995	-0.782102	-0.831202	-0.870478	-0.881773	-0.84841	
0.0180745	0.240702	0.416269	0.536166	0.603261	0.614389	0.569757	0.470454	0.317344	0.111436	-0.128319	-0.369928	-0.581063	-0.738192	-0.828274	-0.859574	-0.857197	-0.844701	-0.835555	-0.841039	-0.865652	-0.902768	-0.938638	-0.953614	-0.927944	
0.0886829	0.323327	0.523364	0.672057	0.760647	0.77529	0.716208	0.588964	0.408773	0.185118	-0.0605214	-0.309531	-0.534581	-0.714566	-0.825144	-0.87532	-0.885451	-0.885386	-0.885289	-0.898278	-0.922232	-0.953217	-0.980827	-0.992649	-0.96826	
0.191047	0.426139	0.637235	0.802961	0.903865	0.920846	0.853066	0.709574	0.514813	0.286214	0.0461666	-0.196046	-0.422674	-0.614033	-0.744729	-0.816749	-0.848655	-0.863432	-0.876406	-0.899899	-0.933552	-0.968033	-0.992345	-0.996492	-0.967953	
0.319251	0.541893	0.747975	0.913448	1.01437	1.03185	0.963335	0.820293	0.627474	0.408859	0.183851	-0.042403	-0.260315	-0.452562	-0.594988	-0.68948	-0.746427	-0.78371	-0.81116	-0.847819	-0.894469	-0.942373	-0.973832	-0.975368	-0.939599	
0.444972	0.643184	0.826757	0.973753	1.06304	1.07773	1.01846	0.890713	0.719925	0.524324	0.32475	0.11791	-0.0852158	-0.271025	-0.416285	-0.526349	-0.609182	-0.671975	-0.720465	-0.77046	-0.830634	-0.893759	-0.939183	-0.946235	-0.904774	
0.540102	0.701233	0.846379	0.960642	1.0276	1.03928	0.993992	0.896942	0.761703	0.605833	0.43826	0.257464	0.0694491	-0.104117	-0.24527	-0.36095	-0.461857	-0.549829	-0.621393	-0.689596	-0.762101	-0.83872	-0.898939	-0.916352	-0.877004	
0.592039	0.706277	0.802737	0.875214	0.916197	0.922508	0.896331	0.834725	0.747563	0.639196	0.515121	0.362525	0.194097	0.0316987	-0.100025	-0.214223	-0.323151	-0.428608	-0.523788	-0.612767	-0.702695	-0.792112	-0.865085	-0.894658	-0.862143	
0.606516	0.667823	0.712213	0.742536	0.757037	0.759432	0.75022	0.726307	0.687011	0.633747	0.556654	0.441389	0.293277	0.145661	0.0216562	-0.0861107	-0.19594	-0.310086	-0.422577	-0.535129	-0.647088	-0.756411	-0.844329	-0.886054	-0.865053	
0.585927	0.595043	0.591244	0.585075	0.578143	0.576688	0.582346	0.588914	0.594353	0.591988	0.566897	0.491867	0.373171	0.241331	0.128441	0.0262177	-0.0792624	-0.194018	-0.315423	-0.444711	-0.581502	-0.715014	-0.824793	-0.881997	-0.872575	
0.537588	0.500071	0.458607	0.42573	0.404358	0.400495	0.415605	0.444264	0.482641	0.524636	0.546259	0.516514	0.431042	0.324072	0.223427	0.129651	0.028185	-0.0827375	-0.204704	-0.343162	-0.497319	-0.657358	-0.792781	-0.871701	-0.877534	
0.461386	0.389567	0.322635	0.275533	0.246513	0.24196	0.261334	0.30164	0.360644	0.433573	0.494989	0.506615	0.460792	0.383895	0.30513	0.222322	0.128454	0.0228931	-0.0945459	-0.23146	-0.393666	-0.569493	-0.7297	-0.831851	-0.856928	
0.374687	0.2805	0.202686	0.150686	0.121398	0.116302	0.13636	0.178912	0.246113	0.336684	0.425118	0.472533	0.464289	0.424993	0.374546	0.312926	0.230725	0.134364	0.0246082	-0.105508	-0.263224	-0.444357	-0.616749	-0.739576	-0.785514	
0.297455	0.195135	0.115662	0.0680479	0.0413502	0.0377332	0.0545834	0.0938386	0.159161	0.255329	0.358742	0.431043	0.456867	0.454881	0.441701	0.409513	0.350301	0.269121	0.171288	0.0525722	-0.0958842	-0.269731	-0.445097	-0.578303	-0.645366	
0.233027	0.13125	0.0595815	0.0193585	-0.000777988	-0.00408438	0.00931786	0.0404438	0.0981093	0.190025	0.296655	0.382549	0.431983	0.464067	0.488062	0.494263	0.467064	0.412388	0.333983	0.231052	0.0979227	-0.0640641	-0.229893	-0.364901	-0.444262	
0.158654	0.0665338	0.00512599	-0.0238706	-0.0383616	-0.0396983	-0.0315046	-0.00878621	0.0371735	0.119313	0.22025	0.308438	0.371232	0.427444	0.486312	0.532064	0.54708	0.530317	0.484433	0.408146	0.296513	0.154633	0.00305143	-0.122324	-0.206454	
0.0685397	-0.0120968	-0.0600663	-0.0796159	-0.0872235	-0.0881648	-0.0836235	-0.0701242	-0.0357956	0.0334106	0.123276	0.205772	0.270933	0.341848	0.426363	0.510271	0.570059	0.602171	0.602185	0.566157	0.488269	0.371713	0.240688	0.125785	0.0430219	
-0.0120968	-0.0787645	-0.115895	-0.12577	-0.12895	-0.128401	-0.12781	-0.121344	-0.0979852	-0.0413224	0.0355684	0.107315	0.167978	0.242918	0.344294	0.457266	0.559615	0.641974	0.695497	0.709513	0.672503	0.586346	0.471418	0.362324	0.27111	
-0.0600663	-0.115895	-0.142666	-0.146239	-0.145034	-0.144257	-0.145998	-0.145463	-0.130693	-0.0849374	-0.020668	0.0393128	0.0905257	0.163266	0.271001	0.40392	0.538759	0.666074	0.770759	0.835732	0.842439	0.784996	0.68302	0.568001	0.458083	
-0.0796159	-0.12577	-0.146239	-0.144431	-0.141	-0.139472	-0.143143	-0.146474	-0.137763	-0.100293	-0.0456089	0.00353824	0.0457721	0.11228	0.221198	0.36394	0.520869	0.680797	0.826186	0.934008	0.977651	0.945544	0.850501	0.725905	0.590252	
-0.0872235	-0.12895	-0.145034	-0.141	-0.135919	-0.134272	-0.13892	-0.144247	-0.139155	-0.105957	-0.0574409	-0.0142658	0.0213096	0.0837981	0.191265	0.338905	0.50724	0.68628	0.856467	0.991078	1.05941	1.04333	0.953703	0.820765	0.667438	
-0.0881648	-0.128401	-0.144257	-0.139472	-0.134272	-0.13258	-0.137233	-0.143172	-0.138284	-0.106302	-0.0583148	-0.0167849	0.0181173	0.0792598	0.186706	0.334679	0.504904	0.687074	0.861218	1.00072	1.0729	1.06004	0.970808	0.836773	0.679705	
-0.0836235	-0.12781	-0.145998	-0.143143	-0.13892	-0.137233	-0.141579	-0.145693	-0.139041	-0.103393	-0.052035	-0.00550227	0.0332955	0.0981523	0.206411	0.351844	0.514658	0.684034	0.841823	0.962564	1.01842	0.993867	0.90155	0.77282	0.628842	
-0.0701242	-0.121344	-0.145463	-0.146474	-0.144247	-0.143172	-0.145693	-0.147108	-0.134865	-0.0930581	-0.0328134	0.0222381	0.0698347	0.140007	0.248677	0.386441	0.53128	0.673306	0.795522	0.879165	0.901448	0.854873	0.755865	0.637204	0.516941	
-0.0357956	-0.0979852	-0.130693	-0.137763	-0.139155	-0.138284	-0.139041	-0.134865	-0.115557	-0.0631665	0.0081537	0.0755106	0.132516	0.207391	0.312333	0.434556	0.551537	0.652842	0.727932	0.762517	0.743499	0.668984	0.559925	0.449507	0.352191	
0.0334106	-0.0413224	-0.0849374	-0.100293	-0.105957	-0.106302	-0.103393	-0.0930581	-0.0631665	0.000764036	0.0856058	0.164101	0.228185	0.301819	0.394069	0.491014	0.568317	0.621011	0.641583	0.624956	0.562552	0.457902	0.333881	0.222416	0.137876	
0.123276	0.0355684	-0.020668	-0.0456089	-0.0574409	-0.0583148	-0.052035	-0.0328134	0.0081537	0.0856058	0.182319	0.269225	0.33407	0.397411	0.467846	0.529356	0.562692	0.564322	0.535675	0.473671	0.3745	0.242096	0.0985687	-0.0222837	-0.105739	
0.205772	0.107315	0.0393128	0.00353824	-0.0142658	-0.0167849	-0.00550227	0.0222381	0.0755106	0.164101	0.269225	0.357376	0.413239	0.456476	0.494635	0.517067	0.505429	0.464735	0.397066	0.303238	0.177537	0.0225761	-0.13807	-0.270374	-0.352502	
0.270933	0.167978	0.0905257	0.0457721	0.0213096	0.0181173	0.0332955	0.0698347	0.132516	0.228185	0.33407	0.413239	0.449971	0.462267	0.464387	0.446615	0.399483	0.327185	0.236069	0.122746	-0.0200711	-0.189591	-0.362421	-0.4975	-0.570761	
0.341848	0.242918	0.163266	0.11228	0.0837981	0.0792598	0.0981523	0.140007	0.207391	0.301819	0.397411	0.456476	0.462267	0.43857	0.401785	0.351328	0.276598	0.185566	0.0796284	-0.0464243	-0.200647	-0.380179	-0.554732	-0.683294	-0.737899	
0.426363	0.344294	0.271001	0.221198	0.191265	0.186706	0.206411	0.248677	0.312333	0.394069	0.467846	0.494635	0.464387	0.401785	0.333583	0.257819	0.168023	0.0655563	-0.0492472	-0.183769	-0.345389	-0.52438	-0.691313	-0.802385	-0.835633	
0.510271	0.457266	0.40392	0.36394	0.338905	0.334679	0.351844	0.386441	0.434556	0.491014	0.529356	0.517067	0.446615	0.351328	0.257819	0.168014	0.0689551	-0.0399956	-0.160663	-0.29994	-0.458288	-0.626612	-0.772479	-0.86112	-0.874003	
0.570059	0.559615	0.538759	0.520869	0.50724	0.504904	0.514658	0.53128	0.551537	0.568317	0.562692	0.505429	0.399483	0.276598	0.168023	0.0689551	-0.0350084	-0.148173	-0.271106	-0.404814	-0.550087	-0.694186	-0.814337	-0.879548	-0.875532	
0.602171	0.641974	0.666074	0.680797	0.68628	0.687074	0.684034	0.673306	0.652842	0.621011	0.564322	0.464735	0.327185	0.185566	0.0655563	-0.0399956	-0.148173	-0.263558	-0.380464	-0.501275	-0.62285	-0.741687	-0.837199	-0.884538	-0.867877	
0.602185	0.695497	0.770759	0.826186	0.856467	0.861218	0.841823	0.795522	0.727932	0.641583	0.535675	0.397066	0.236069	0.0796284	-0.0492472	-0.160663	-0.271106	-0.380464	-0.484253	-0.582366	-0.680942	-0.776988	-0.85539	-0.889825	-0.861336	
0.566157	0.709513	0.835732	0.934008	0.991078	1.00072	0.962564	0.879165	0.762517	0.624956	0.473671	0.303238	0.122746	-0.0464243	-0.183769	-0.29994	-0.404814	-0.501275	-0.582366	-0.65901	-0.737446	-0.818747	-0.884147	-0.906291	-0.869359	
0.488269	0.672503	0.842439	0.977651	1.05941	1.0729	1.01842	0.901448	0.743499	0.562552	0.3745	0.177537	-0.0200711	-0.200647	-0.345389	-0.458288	-0.550087	-0.62285	-0.680942	-0.737446	-0.802418	-0.871067	-0.92241	-0.933821	-0.892038	
0.371713	0.586346	0.784996	0.945544	1.04333	1.06004	0.993867	0.854873	0.668984	0.457902	0.242096	0.0225761	-0.189591	-0.380179	-0.52438	-0.626612	-0.694186	-0.741687	-0.776988	-0.818747	-0.871067	-0.924682	-0.961694	-0.964327	-0.926031	
0.240688	0.471418	0.68302	0.850501	0.953703	0.970808	0.90155	0.755865	0.559925	0.333881	0.0985687	-0.13807	-0.362421	-0.554732	-0.691313	-0.772479	-0.814337	-0.837199	-0.85539	-0.884147	-0.92241	-0.961694	-0.987296	-0.990084	-0.958424	
0.125785	0.362324	0.568001	0.725905	0.820765	0.836773	0.77282	0.637204	0.449507	0.222416	-0.0222837	-0.270374	-0.4975	-0.683294	-0.802385	-0.86112	-0.879548	-0.884538	-0.889825	-0.906291	-0.933821	-0.964327	-0.990084	-0.998546	-0.973172	
0.0430219	0.27111	0.458083	0.590252	0.667438	0.679705	0.628842	0.516941	0.352191	0.137876	-0.105739	-0.352502	-0.570761	-0.737899	-0.835633	-0.874003	-0.875532	-0.867877	-0.861336	-0.869359	-0.892038	-0.926031	-0.958424	-0.973172	-0.948707	
