0.207208	0.16653	0.135283	0.110179	0.0938664	0.0919372	0.10215	0.124523	0.153012	0.190113	0.236048	0.300177	0.38154	0.450406	0.496861	0.524083	0.525839	0.492197	0.420559	0.322205	0.198344	0.0468861	-0.12624	-0.302016	-0.452834	
0.20447	0.126984	0.0639416	0.0144346	-0.0123271	-0.0152921	0.000185465	0.0426541	0.0998926	0.17206	0.254728	0.345166	0.45695	0.562871	0.636532	0.67969	0.685186	0.650055	0.57443	0.466747	0.332506	0.169035	-0.0198046	-0.20318	-0.360779	
0.172442	0.0520912	-0.0497315	-0.124041	-0.155619	-0.158693	-0.141844	-0.083892	0.00894351	0.122095	0.250727	0.37967	0.523093	0.660222	0.759552	0.818106	0.825688	0.793084	0.717855	0.598301	0.456295	0.282687	0.0850819	-0.106114	-0.266388	
0.144956	-0.0210371	-0.167927	-0.276816	-0.326197	-0.333303	-0.303341	-0.218029	-0.0831986	0.0774818	0.244102	0.405819	0.582303	0.74385	0.862717	0.933334	0.950343	0.917864	0.838302	0.70518	0.545884	0.360748	0.163525	-0.0235202	-0.181828	
0.12938	-0.0736419	-0.265878	-0.414004	-0.485472	-0.49586	-0.45125	-0.332939	-0.153758	0.0492718	0.245805	0.437116	0.634008	0.813039	0.940145	1.01677	1.04333	1.01258	0.922234	0.772656	0.590659	0.398307	0.211843	0.0408869	-0.108537	
0.126153	-0.104608	-0.329451	-0.501414	-0.587672	-0.60014	-0.545858	-0.407069	-0.197895	0.0359905	0.255058	0.464676	0.671044	0.854198	0.986128	1.06319	1.09066	1.06046	0.955345	0.791467	0.599464	0.407608	0.233208	0.0793901	-0.0571106	
0.14178	-0.105001	-0.343563	-0.518472	-0.612042	-0.627096	-0.566107	-0.423146	-0.204689	0.0454595	0.276166	0.486933	0.688829	0.863747	0.994526	1.07302	1.10127	1.06592	0.952346	0.78087	0.589409	0.408304	0.246126	0.101444	-0.0234428	
0.164389	-0.0709039	-0.302224	-0.47644	-0.573264	-0.588891	-0.525039	-0.381065	-0.166533	0.0723637	0.294485	0.49621	0.680289	0.842196	0.966693	1.04398	1.07042	1.03175	0.921875	0.753579	0.572462	0.406972	0.257573	0.117011	-0.000221431	
0.177086	-0.024714	-0.226343	-0.392222	-0.487023	-0.502685	-0.440124	-0.299491	-0.10703	0.0978873	0.291735	0.472022	0.638432	0.78435	0.898958	0.968689	0.993049	0.956947	0.856269	0.708498	0.548789	0.40294	0.271985	0.143423	0.0305934	
0.180316	0.0192317	-0.150455	-0.299746	-0.390581	-0.406006	-0.343924	-0.215094	-0.0486692	0.11755	0.271386	0.420523	0.566561	0.695208	0.797333	0.865458	0.887622	0.853237	0.767259	0.644768	0.509268	0.383839	0.268436	0.160059	0.0644531	
0.168759	0.0477391	-0.088197	-0.211755	-0.290705	-0.304761	-0.250109	-0.140517	-0.00627169	0.122204	0.238465	0.353265	0.468408	0.581365	0.674276	0.739098	0.762544	0.731045	0.655542	0.562309	0.46099	0.355228	0.255436	0.171139	0.104747	
0.126264	0.0378078	-0.0522894	-0.137001	-0.195839	-0.206125	-0.165537	-0.0870864	0.00149147	0.0913766	0.178259	0.26626	0.357184	0.45039	0.534825	0.587994	0.610499	0.585515	0.52608	0.466238	0.400817	0.324475	0.244356	0.185207	0.151813	
0.0548284	0.00205951	-0.045105	-0.0905649	-0.130903	-0.139353	-0.108497	-0.0627643	-0.0175608	0.0330513	0.0914829	0.161014	0.232901	0.307006	0.379636	0.425999	0.445391	0.432759	0.399049	0.367118	0.334473	0.293927	0.249128	0.221175	0.217465	
-0.0372365	-0.0584711	-0.0698387	-0.0810173	-0.0997861	-0.103632	-0.0885162	-0.0733745	-0.0639773	-0.0482057	-0.0145315	0.036835	0.0930297	0.147102	0.200999	0.241535	0.265973	0.270038	0.267696	0.272306	0.271386	0.26795	0.271799	0.284138	0.304496	
-0.140442	-0.133743	-0.120843	-0.105897	-0.0992729	-0.0977766	-0.102491	-0.114266	-0.129608	-0.139409	-0.13525	-0.10765	-0.0738662	-0.0385249	0.0011221	0.0379427	0.0706141	0.0959152	0.127035	0.16782	0.211633	0.253422	0.298246	0.351605	0.400275	
-0.244176	-0.217753	-0.184317	-0.148617	-0.12165	-0.116695	-0.135508	-0.170104	-0.204849	-0.23378	-0.257851	-0.264411	-0.25446	-0.235568	-0.205186	-0.166906	-0.121641	-0.0723273	-0.00796584	0.0675801	0.150953	0.237969	0.321831	0.406123	0.491587	
-0.353931	-0.306386	-0.255398	-0.202874	-0.164308	-0.157199	-0.185031	-0.233564	-0.286269	-0.335495	-0.378061	-0.406822	-0.419721	-0.410328	-0.385413	-0.347093	-0.29632	-0.222804	-0.128751	-0.0235998	0.0925997	0.219379	0.339784	0.454689	0.572928	
-0.448377	-0.385879	-0.318467	-0.255225	-0.216431	-0.208634	-0.236589	-0.29117	-0.359679	-0.423619	-0.48211	-0.525623	-0.547479	-0.546326	-0.524952	-0.488351	-0.436656	-0.354196	-0.239668	-0.105161	0.0422366	0.204774	0.360751	0.506704	0.649251	
-0.507696	-0.435618	-0.359968	-0.294185	-0.250866	-0.242903	-0.273306	-0.332155	-0.405044	-0.479784	-0.546879	-0.596591	-0.620406	-0.624858	-0.610069	-0.582938	-0.534826	-0.452694	-0.328501	-0.172222	0.00611	0.19502	0.376605	0.542742	0.69968	
-0.516226	-0.442068	-0.368325	-0.301112	-0.256289	-0.248008	-0.279681	-0.340155	-0.412026	-0.48672	-0.557986	-0.613525	-0.637735	-0.645367	-0.643999	-0.629257	-0.591835	-0.515288	-0.390249	-0.224778	-0.030033	0.174154	0.366342	0.53628	0.695489	
-0.477178	-0.405797	-0.331052	-0.264088	-0.222028	-0.213448	-0.244122	-0.301971	-0.375844	-0.448881	-0.519026	-0.578718	-0.610569	-0.630086	-0.643636	-0.645842	-0.621994	-0.553885	-0.433097	-0.266762	-0.0677768	0.139948	0.331528	0.499459	0.648337	
-0.413533	-0.348104	-0.269339	-0.20426	-0.166798	-0.159955	-0.185146	-0.240522	-0.317153	-0.388792	-0.450189	-0.504105	-0.546536	-0.587531	-0.624294	-0.645148	-0.636085	-0.580577	-0.46191	-0.300018	-0.104207	0.0953622	0.272839	0.429025	0.568517	
-0.343138	-0.281948	-0.206092	-0.145421	-0.110968	-0.105606	-0.127953	-0.178738	-0.252596	-0.320814	-0.373333	-0.419718	-0.472267	-0.53663	-0.600406	-0.637768	-0.637315	-0.587491	-0.475786	-0.320881	-0.13505	0.0472696	0.205977	0.343395	0.467536	
-0.282183	-0.225108	-0.154861	-0.094003	-0.0571114	-0.0496728	-0.0766991	-0.12763	-0.198141	-0.261266	-0.310989	-0.353988	-0.409454	-0.487892	-0.568918	-0.619109	-0.62291	-0.572918	-0.46822	-0.325184	-0.16167	0.00123063	0.139492	0.259259	0.361143	
-0.241539	-0.185175	-0.114882	-0.0464011	0.000275039	0.00926927	-0.0243114	-0.0863866	-0.158211	-0.220365	-0.269402	-0.309768	-0.363382	-0.440396	-0.519013	-0.573638	-0.581782	-0.535014	-0.438616	-0.315798	-0.181104	-0.046285	0.0743304	0.177936	0.259238	
-0.202707	-0.146087	-0.0774082	-0.00452737	0.0487603	0.0581361	0.0211839	-0.0476832	-0.119569	-0.1824	-0.226992	-0.263785	-0.316959	-0.385573	-0.453539	-0.505608	-0.517172	-0.477757	-0.394493	-0.287988	-0.180673	-0.0782399	0.0205676	0.0998923	0.156223	
-0.146087	-0.0951456	-0.034716	0.0342453	0.0818505	0.0911413	0.0572081	-0.00663427	-0.0723981	-0.127434	-0.169929	-0.207861	-0.257147	-0.322131	-0.384015	-0.431733	-0.443974	-0.409578	-0.341184	-0.252344	-0.166895	-0.086743	-0.0195267	0.025799	0.0481598	
-0.0774082	-0.034716	0.0130972	0.0703294	0.113215	0.122002	0.0906628	0.035173	-0.0165829	-0.0606151	-0.100689	-0.13792	-0.183714	-0.243314	-0.307287	-0.358097	-0.368678	-0.33762	-0.282634	-0.212243	-0.145698	-0.0877719	-0.0510588	-0.0459065	-0.070138	
-0.00452737	0.0342453	0.0703294	0.115713	0.15577	0.162743	0.134211	0.0875867	0.0480724	0.0118265	-0.029425	-0.0741968	-0.124699	-0.179005	-0.241018	-0.291354	-0.301793	-0.273356	-0.22435	-0.169829	-0.121275	-0.0881798	-0.0818158	-0.114599	-0.179489	
0.0487603	0.0818505	0.113215	0.15577	0.191649	0.199336	0.172296	0.129668	0.0927276	0.064182	0.0209884	-0.034014	-0.0898326	-0.143611	-0.201866	-0.246696	-0.257842	-0.23284	-0.185833	-0.135941	-0.10581	-0.0959335	-0.114364	-0.165379	-0.251292	
0.0581361	0.0911413	0.122002	0.162743	0.199336	0.207611	0.179104	0.137709	0.101986	0.0733789	0.030045	-0.0253551	-0.0841001	-0.13787	-0.193363	-0.238231	-0.249984	-0.224722	-0.178284	-0.130244	-0.102551	-0.0972479	-0.121699	-0.174484	-0.263906	
0.0211839	0.0572081	0.0906628	0.134211	0.172296	0.179104	0.151842	0.107008	0.0695362	0.0372673	-0.00554889	-0.0553725	-0.107525	-0.160706	-0.221775	-0.270365	-0.280441	-0.254145	-0.20615	-0.154172	-0.113565	-0.0911948	-0.0958815	-0.138748	-0.214265	
-0.0476832	-0.00663427	0.035173	0.0875867	0.129668	0.137709	0.107008	0.0555108	0.00934137	-0.0313569	-0.0711133	-0.11058	-0.157023	-0.214329	-0.278163	-0.329925	-0.340643	-0.310034	-0.258225	-0.195002	-0.135589	-0.0872865	-0.0625598	-0.0740799	-0.116091	
-0.119569	-0.0723981	-0.0165829	0.0480724	0.0927276	0.101986	0.0695362	0.00934137	-0.0511917	-0.10168	-0.143413	-0.181019	-0.228966	-0.291589	-0.353462	-0.401899	-0.413474	-0.38095	-0.318355	-0.236784	-0.159509	-0.0879097	-0.0332107	-0.00308018	0.00103376	
-0.1824	-0.127434	-0.0606151	0.0118265	0.064182	0.0733789	0.0372673	-0.0313569	-0.10168	-0.162833	-0.206	-0.242984	-0.295244	-0.361994	-0.426093	-0.47641	-0.488656	-0.451141	-0.373459	-0.27407	-0.175978	-0.0840941	0.00316725	0.070232	0.114534	
-0.226992	-0.169929	-0.100689	-0.029425	0.0209884	0.030045	-0.00554889	-0.0711133	-0.143413	-0.206	-0.253515	-0.292527	-0.345958	-0.418842	-0.493977	-0.547624	-0.557662	-0.514209	-0.422795	-0.306568	-0.184191	-0.0617522	0.0512032	0.145957	0.218182	
-0.263785	-0.207861	-0.13792	-0.0741968	-0.034014	-0.0253551	-0.0553725	-0.11058	-0.181019	-0.242984	-0.292527	-0.334768	-0.389442	-0.470027	-0.552201	-0.605051	-0.610402	-0.560279	-0.458776	-0.323688	-0.170647	-0.0180804	0.112625	0.226555	0.32049	
-0.316959	-0.257147	-0.183714	-0.124699	-0.0898326	-0.0841001	-0.107525	-0.157023	-0.228966	-0.295244	-0.345958	-0.389442	-0.444979	-0.516233	-0.58868	-0.631852	-0.633038	-0.584356	-0.475899	-0.324498	-0.145868	0.0292837	0.179635	0.309416	0.424405	
-0.385573	-0.322131	-0.243314	-0.179005	-0.143611	-0.13787	-0.160706	-0.214329	-0.291589	-0.361994	-0.418842	-0.470027	-0.516233	-0.567809	-0.615751	-0.643026	-0.638438	-0.586085	-0.469317	-0.310023	-0.117781	0.0755403	0.246129	0.394877	0.529981	
-0.453539	-0.384015	-0.307287	-0.241018	-0.201866	-0.193363	-0.221775	-0.278163	-0.353462	-0.426093	-0.493977	-0.552201	-0.58868	-0.615751	-0.637298	-0.646928	-0.629393	-0.566081	-0.446544	-0.281401	-0.0825724	0.123232	0.310505	0.475496	0.619896	
-0.505608	-0.431733	-0.358097	-0.291354	-0.246696	-0.238231	-0.270365	-0.329925	-0.401899	-0.47641	-0.547624	-0.605051	-0.631852	-0.643026	-0.646928	-0.638595	-0.606067	-0.532552	-0.408941	-0.242746	-0.0452317	0.161614	0.354854	0.524595	0.680874	
-0.517172	-0.443974	-0.368678	-0.301793	-0.257842	-0.249984	-0.280441	-0.340643	-0.413474	-0.488656	-0.557662	-0.610402	-0.633038	-0.638438	-0.629393	-0.606067	-0.561393	-0.481895	-0.357028	-0.194517	-0.0075957	0.188685	0.375953	0.545026	0.704863	
-0.477757	-0.409578	-0.33762	-0.273356	-0.23284	-0.224722	-0.254145	-0.310034	-0.38095	-0.451141	-0.514209	-0.560279	-0.584356	-0.586085	-0.566081	-0.532552	-0.481895	-0.397852	-0.278158	-0.13426	0.0265607	0.20145	0.369073	0.525149	0.674661	
-0.394493	-0.341184	-0.282634	-0.22435	-0.185833	-0.178284	-0.20615	-0.258225	-0.318355	-0.373459	-0.422795	-0.458776	-0.475899	-0.469317	-0.446544	-0.408941	-0.357028	-0.278158	-0.174578	-0.0572429	0.0710449	0.212511	0.347889	0.475212	0.604208	
-0.287988	-0.252344	-0.212243	-0.169829	-0.135941	-0.130244	-0.154172	-0.195002	-0.236784	-0.27407	-0.306568	-0.323688	-0.324498	-0.310023	-0.281401	-0.242746	-0.194517	-0.13426	-0.0572429	0.0296117	0.126569	0.231069	0.329809	0.426076	0.524839	
-0.180673	-0.166895	-0.145698	-0.121275	-0.10581	-0.102551	-0.113565	-0.135589	-0.159509	-0.175978	-0.184191	-0.170647	-0.145868	-0.117781	-0.0825724	-0.0452317	-0.0075957	0.0265607	0.0710449	0.126569	0.187507	0.247601	0.308103	0.374835	0.437952	
-0.0782399	-0.086743	-0.0877719	-0.0881798	-0.0959335	-0.0972479	-0.0911948	-0.0872865	-0.0879097	-0.0840941	-0.0617522	-0.0180804	0.0292837	0.0755403	0.123232	0.161614	0.188685	0.20145	0.212511	0.231069	0.247601	0.261098	0.282241	0.312552	0.342663	
0.0205676	-0.0195267	-0.0510588	-0.0818158	-0.114364	-0.121699	-0.0958815	-0.0625598	-0.0332107	0.00316725	0.0512032	0.112625	0.179635	0.246129	0.310505	0.354854	0.375953	0.369073	0.347889	0.329809	0.308103	0.282241	0.256768	0.243485	0.250295	
0.0998923	0.025799	-0.0459065	-0.114599	-0.165379	-0.174484	-0.138748	-0.0740799	-0.00308018	0.070232	0.145957	0.226555	0.309416	0.394877	0.475496	0.524595	0.545026	0.525149	0.475212	0.426076	0.374835	0.312552	0.243485	0.19615	0.175201	
0.156223	0.0481598	-0.070138	-0.179489	-0.251292	-0.263906	-0.214265	-0.116091	0.00103376	0.114534	0.218182	0.32049	0.424405	0.529981	0.619896	0.680874	0.704863	0.674661	0.604208	0.524839	0.437952	0.342663	0.250295	0.175201	0.122641	
