0.870476	0.968223	1.04225	1.09305	1.11364	1.11611	1.10465	1.06561	1.0007	0.913133	0.797753	0.659833	0.500936	0.326517	0.157555	0.000115785	-0.147602	-0.277033	-0.374764	-0.437198	-0.479295	-0.508721	-0.528696	-0.531591	-0.504817	
0.676806	0.736268	0.785171	0.817108	0.82596	0.826793	0.823296	0.800179	0.756943	0.702619	0.631854	0.536927	0.41877	0.288697	0.159602	0.0285265	-0.101093	-0.214173	-0.302834	-0.363809	-0.40537	-0.433429	-0.4474	-0.443294	-0.415584	
0.438633	0.460162	0.484923	0.502139	0.504745	0.50443	0.504445	0.493512	0.469991	0.446848	0.422382	0.382874	0.328029	0.264588	0.192283	0.105032	0.00840262	-0.0843832	-0.163644	-0.222016	-0.27137	-0.314441	-0.335977	-0.333558	-0.310149	
0.192102	0.170815	0.167924	0.1667	0.160678	0.159223	0.164108	0.167791	0.168217	0.181715	0.207642	0.223804	0.232333	0.242624	0.238982	0.204805	0.149995	0.0875044	0.0184909	-0.0430645	-0.0981913	-0.155066	-0.191712	-0.201818	-0.197628	
-0.0335358	-0.0961273	-0.136603	-0.168827	-0.190109	-0.193567	-0.178981	-0.150005	-0.114722	-0.0615834	0.011304	0.0796074	0.14464	0.215022	0.270092	0.292365	0.288644	0.267438	0.224624	0.16628	0.0980969	0.0233709	-0.0329816	-0.065072	-0.0895466	
-0.222641	-0.326718	-0.409268	-0.474533	-0.512161	-0.518686	-0.494179	-0.437167	-0.361415	-0.266832	-0.15489	-0.0481915	0.0594623	0.178507	0.282637	0.354428	0.401841	0.425764	0.41435	0.371046	0.300075	0.204834	0.121583	0.0593136	-0.0038525	
-0.387423	-0.520604	-0.632267	-0.72038	-0.767635	-0.774727	-0.744501	-0.670992	-0.567851	-0.442975	-0.299508	-0.157243	-0.0144304	0.13577	0.272737	0.385048	0.475434	0.538856	0.557792	0.526643	0.458979	0.360599	0.257216	0.167288	0.0711486	
-0.524029	-0.67161	-0.796915	-0.888542	-0.932057	-0.938526	-0.911737	-0.837946	-0.724806	-0.586062	-0.425812	-0.256032	-0.0807359	0.0940629	0.246586	0.375365	0.487427	0.57489	0.621958	0.613601	0.55764	0.471606	0.372834	0.268675	0.150478	
-0.621122	-0.767462	-0.889726	-0.973591	-1.01086	-1.01645	-0.994395	-0.928841	-0.819471	-0.682456	-0.522143	-0.341092	-0.152496	0.02708	0.184275	0.320515	0.437957	0.532868	0.598843	0.620684	0.600163	0.547221	0.46991	0.373111	0.247401	
-0.669374	-0.794675	-0.905812	-0.982686	-1.01803	-1.02284	-1.00079	-0.942009	-0.842461	-0.721173	-0.585306	-0.42211	-0.242958	-0.0763641	0.0703286	0.209083	0.335657	0.438406	0.519719	0.568584	0.587435	0.587869	0.550645	0.471526	0.357321	
-0.679419	-0.773321	-0.861421	-0.922784	-0.955606	-0.961577	-0.939395	-0.88964	-0.809963	-0.717407	-0.620183	-0.498748	-0.357903	-0.218127	-0.0802307	0.0602084	0.194622	0.309631	0.407941	0.48494	0.538518	0.584576	0.599754	0.555677	0.465643	
-0.677691	-0.730657	-0.779074	-0.811056	-0.831723	-0.835663	-0.820424	-0.794238	-0.750953	-0.698635	-0.643978	-0.56533	-0.46831	-0.369529	-0.251605	-0.109439	0.0334404	0.159786	0.274599	0.380681	0.473765	0.558548	0.612741	0.609417	0.555143	
-0.666814	-0.680099	-0.681084	-0.673042	-0.67258	-0.672811	-0.670827	-0.678365	-0.682627	-0.672879	-0.655118	-0.619417	-0.564817	-0.500109	-0.409976	-0.284084	-0.137487	0.00554898	0.138185	0.268803	0.394191	0.510877	0.594321	0.620848	0.605483	
-0.644895	-0.618117	-0.573669	-0.534849	-0.520333	-0.519472	-0.526955	-0.556244	-0.601379	-0.636397	-0.652012	-0.652921	-0.640578	-0.605018	-0.53252	-0.427956	-0.296182	-0.144415	0.00733087	0.158352	0.302729	0.427447	0.523223	0.574262	0.595075	
-0.603461	-0.541882	-0.472518	-0.423677	-0.402247	-0.399211	-0.412282	-0.4497	-0.513918	-0.580942	-0.63108	-0.66721	-0.684309	-0.666216	-0.606524	-0.520121	-0.415331	-0.284481	-0.136584	0.0241111	0.184845	0.313761	0.411158	0.484225	0.539899	
-0.545068	-0.474627	-0.400646	-0.349143	-0.320837	-0.315512	-0.334524	-0.37615	-0.444247	-0.518609	-0.580278	-0.639178	-0.680664	-0.677001	-0.635146	-0.576104	-0.503357	-0.405598	-0.284931	-0.138631	0.0283232	0.170193	0.279799	0.381073	0.47456	
-0.476726	-0.416337	-0.356911	-0.312199	-0.279577	-0.273248	-0.297542	-0.336291	-0.391026	-0.453712	-0.507708	-0.564906	-0.618958	-0.642102	-0.637125	-0.617904	-0.583065	-0.515972	-0.413939	-0.288139	-0.135211	0.0149266	0.14019	0.266965	0.393834	
-0.393364	-0.3533	-0.32702	-0.304745	-0.280927	-0.275456	-0.294804	-0.317838	-0.341206	-0.376572	-0.422306	-0.477209	-0.534368	-0.581603	-0.619817	-0.640915	-0.637497	-0.603372	-0.521174	-0.408686	-0.282818	-0.140404	0.00209115	0.147559	0.29521	
-0.317914	-0.296094	-0.299296	-0.306058	-0.306473	-0.305506	-0.306873	-0.303505	-0.295057	-0.305426	-0.345123	-0.397116	-0.45236	-0.514901	-0.584864	-0.638773	-0.655419	-0.643317	-0.593142	-0.505009	-0.409009	-0.293696	-0.14438	0.0205951	0.182836	
-0.269604	-0.261201	-0.283001	-0.305914	-0.321033	-0.323811	-0.313352	-0.294304	-0.267637	-0.260299	-0.293099	-0.337522	-0.380905	-0.444548	-0.528625	-0.605244	-0.644955	-0.648069	-0.6245	-0.573958	-0.509964	-0.424776	-0.291905	-0.121939	0.0509002	
-0.252063	-0.260715	-0.281286	-0.295745	-0.310676	-0.3153	-0.302165	-0.287145	-0.269071	-0.252294	-0.261777	-0.292517	-0.331338	-0.387523	-0.459704	-0.534956	-0.595173	-0.625677	-0.632342	-0.622183	-0.593824	-0.531952	-0.42052	-0.266239	-0.0920875	
-0.271138	-0.278144	-0.273536	-0.274545	-0.289079	-0.294078	-0.279848	-0.271253	-0.277241	-0.275986	-0.263234	-0.261814	-0.290324	-0.341627	-0.393814	-0.449541	-0.516371	-0.57784	-0.627146	-0.659204	-0.658877	-0.613433	-0.517496	-0.386057	-0.229049	
-0.29517	-0.287583	-0.267274	-0.260168	-0.2612	-0.260974	-0.259739	-0.262834	-0.279787	-0.29562	-0.284018	-0.25824	-0.256857	-0.290929	-0.335137	-0.380429	-0.444668	-0.522513	-0.602639	-0.670374	-0.690174	-0.655641	-0.579541	-0.47564	-0.354331	
-0.290675	-0.288527	-0.273957	-0.256018	-0.234165	-0.227833	-0.246266	-0.267651	-0.28376	-0.292244	-0.283063	-0.265171	-0.252986	-0.25878	-0.290542	-0.334974	-0.390849	-0.466569	-0.552989	-0.635122	-0.67736	-0.6649	-0.622139	-0.55749	-0.478258	
-0.268594	-0.273516	-0.269184	-0.252417	-0.229144	-0.223385	-0.242667	-0.263802	-0.272753	-0.271394	-0.26642	-0.27174	-0.277155	-0.264698	-0.263215	-0.29345	-0.341027	-0.410077	-0.495959	-0.576386	-0.634133	-0.654652	-0.65002	-0.628875	-0.591931	
-0.249273	-0.243522	-0.247195	-0.246896	-0.243302	-0.242769	-0.245683	-0.247825	-0.244544	-0.244913	-0.259491	-0.282842	-0.297712	-0.283253	-0.255092	-0.257457	-0.296263	-0.361034	-0.443943	-0.519391	-0.581151	-0.63041	-0.66004	-0.675205	-0.679394	
-0.243522	-0.227085	-0.229048	-0.238397	-0.253587	-0.258293	-0.245027	-0.232024	-0.226374	-0.233852	-0.261369	-0.285456	-0.289669	-0.283158	-0.266872	-0.256734	-0.278929	-0.329178	-0.390951	-0.451275	-0.513745	-0.58798	-0.6568	-0.711601	-0.758182	
-0.247195	-0.229048	-0.223449	-0.232917	-0.251587	-0.256913	-0.241288	-0.225266	-0.224556	-0.238613	-0.261705	-0.274688	-0.268781	-0.269223	-0.28028	-0.282263	-0.28966	-0.315246	-0.344653	-0.380407	-0.439943	-0.531027	-0.638342	-0.740902	-0.831917	
-0.246896	-0.238397	-0.232917	-0.235823	-0.239331	-0.23944	-0.237266	-0.233371	-0.235128	-0.24379	-0.251184	-0.254738	-0.256877	-0.267101	-0.288805	-0.303962	-0.305747	-0.304791	-0.307449	-0.329842	-0.388677	-0.486178	-0.616337	-0.757534	-0.88301	
-0.243302	-0.253587	-0.251587	-0.239331	-0.223276	-0.218617	-0.231362	-0.248005	-0.254985	-0.248731	-0.233621	-0.228904	-0.249117	-0.278788	-0.302385	-0.319057	-0.31589	-0.290425	-0.274947	-0.298856	-0.365128	-0.468827	-0.609145	-0.770135	-0.91224	
-0.242769	-0.258293	-0.256913	-0.23944	-0.218617	-0.213867	-0.230075	-0.251533	-0.260557	-0.250791	-0.229094	-0.221435	-0.246696	-0.28263	-0.307027	-0.322818	-0.317151	-0.286291	-0.268246	-0.293064	-0.361483	-0.467349	-0.608417	-0.772283	-0.917671	
-0.245683	-0.245027	-0.241288	-0.237266	-0.231362	-0.230075	-0.23534	-0.239535	-0.243459	-0.2466	-0.243508	-0.242983	-0.253567	-0.271366	-0.293913	-0.311364	-0.310676	-0.298688	-0.293633	-0.314962	-0.376259	-0.476751	-0.610929	-0.762298	-0.897402	
-0.247825	-0.232024	-0.225266	-0.233371	-0.248005	-0.251533	-0.239535	-0.226539	-0.227404	-0.240971	-0.258735	-0.268353	-0.263641	-0.265428	-0.282433	-0.292399	-0.297698	-0.311646	-0.328123	-0.356773	-0.415887	-0.5103	-0.629293	-0.749492	-0.855634	
-0.244544	-0.226374	-0.224556	-0.235128	-0.254985	-0.260557	-0.243459	-0.227404	-0.223639	-0.234422	-0.262515	-0.282988	-0.281224	-0.277854	-0.273223	-0.265482	-0.280813	-0.321782	-0.370567	-0.42205	-0.483846	-0.56575	-0.651392	-0.724525	-0.788941	
-0.244913	-0.233852	-0.238613	-0.24379	-0.248731	-0.250791	-0.2466	-0.240971	-0.234422	-0.237589	-0.260173	-0.285681	-0.297448	-0.286465	-0.258766	-0.251723	-0.284501	-0.346229	-0.42339	-0.493825	-0.5561	-0.616041	-0.659855	-0.689699	-0.711076	
-0.259491	-0.261369	-0.261705	-0.251184	-0.233621	-0.229094	-0.243508	-0.258735	-0.262515	-0.260173	-0.261824	-0.276088	-0.287818	-0.272524	-0.257176	-0.276886	-0.321714	-0.38931	-0.474697	-0.553067	-0.6138	-0.646735	-0.656015	-0.650718	-0.629823	
-0.282842	-0.285456	-0.274688	-0.254738	-0.228904	-0.221435	-0.242983	-0.268353	-0.282988	-0.285681	-0.276088	-0.267138	-0.260785	-0.25755	-0.277703	-0.318427	-0.370395	-0.443354	-0.530251	-0.61319	-0.662352	-0.662208	-0.635597	-0.588333	-0.525919	
-0.297712	-0.289669	-0.268781	-0.256877	-0.249117	-0.246696	-0.253567	-0.263641	-0.281224	-0.297448	-0.287818	-0.260785	-0.250641	-0.274117	-0.31527	-0.359839	-0.421313	-0.500347	-0.585694	-0.661885	-0.690023	-0.662637	-0.598258	-0.508155	-0.404101	
-0.283253	-0.283158	-0.269223	-0.267101	-0.278788	-0.28263	-0.271366	-0.265428	-0.277854	-0.286465	-0.272524	-0.25755	-0.274117	-0.320617	-0.369303	-0.419837	-0.486087	-0.555493	-0.619645	-0.667984	-0.676492	-0.635381	-0.545902	-0.42494	-0.280224	
-0.255092	-0.266872	-0.28028	-0.288805	-0.302385	-0.307027	-0.293913	-0.282433	-0.273223	-0.258766	-0.257176	-0.277703	-0.31527	-0.369303	-0.432609	-0.50062	-0.564981	-0.608877	-0.63228	-0.638703	-0.622412	-0.56797	-0.463757	-0.318368	-0.148336	
-0.257457	-0.256734	-0.282263	-0.303962	-0.319057	-0.322818	-0.311364	-0.292399	-0.265482	-0.251723	-0.276886	-0.318427	-0.359839	-0.419837	-0.50062	-0.580237	-0.630587	-0.643295	-0.629627	-0.594618	-0.545131	-0.470685	-0.346696	-0.180842	-0.00596284	
-0.296263	-0.278929	-0.28966	-0.305747	-0.31589	-0.317151	-0.310676	-0.297698	-0.280813	-0.284501	-0.321714	-0.370395	-0.421313	-0.486087	-0.564981	-0.630587	-0.655239	-0.647839	-0.609383	-0.536058	-0.45266	-0.349587	-0.204404	-0.0351271	0.132757	
-0.361034	-0.329178	-0.315246	-0.304791	-0.290425	-0.286291	-0.298688	-0.311646	-0.321782	-0.346229	-0.38931	-0.443354	-0.500347	-0.555493	-0.608877	-0.643295	-0.647839	-0.625121	-0.555681	-0.450176	-0.33553	-0.202498	-0.0555374	0.0980666	0.251813	
-0.443943	-0.390951	-0.344653	-0.307449	-0.274947	-0.268246	-0.293633	-0.328123	-0.370567	-0.42339	-0.474697	-0.530251	-0.585694	-0.619645	-0.63228	-0.629627	-0.609383	-0.555681	-0.459492	-0.339262	-0.197116	-0.0476189	0.0855756	0.219939	0.355855	
-0.519391	-0.451275	-0.380407	-0.329842	-0.298856	-0.293064	-0.314962	-0.356773	-0.42205	-0.493825	-0.553067	-0.61319	-0.661885	-0.667984	-0.638703	-0.594618	-0.536058	-0.450176	-0.339262	-0.202904	-0.0390625	0.108979	0.225093	0.336733	0.445182	
-0.581151	-0.513745	-0.439943	-0.388677	-0.365128	-0.361483	-0.376259	-0.415887	-0.483846	-0.5561	-0.6138	-0.662352	-0.690023	-0.676492	-0.622412	-0.545131	-0.45266	-0.33553	-0.197116	-0.0390625	0.126319	0.259612	0.359844	0.443848	0.514225	
-0.63041	-0.58798	-0.531027	-0.486178	-0.468827	-0.467349	-0.476751	-0.5103	-0.56575	-0.616041	-0.646735	-0.662208	-0.662637	-0.635381	-0.56797	-0.470685	-0.349587	-0.202498	-0.0476189	0.108979	0.259612	0.385242	0.481981	0.542059	0.576001	
-0.66004	-0.6568	-0.638342	-0.616337	-0.609145	-0.608417	-0.610929	-0.629293	-0.651392	-0.659855	-0.656015	-0.635597	-0.598258	-0.545902	-0.463757	-0.346696	-0.204404	-0.0555374	0.0855756	0.225093	0.359844	0.481981	0.572459	0.609659	0.608813	
-0.675205	-0.711601	-0.740902	-0.757534	-0.770135	-0.772283	-0.762298	-0.749492	-0.724525	-0.689699	-0.650718	-0.588333	-0.508155	-0.42494	-0.318368	-0.180842	-0.0351271	0.0980666	0.219939	0.336733	0.443848	0.542059	0.609659	0.620001	0.581089	
-0.679394	-0.758182	-0.831917	-0.88301	-0.91224	-0.917671	-0.897402	-0.855634	-0.788941	-0.711076	-0.629823	-0.525919	-0.404101	-0.280224	-0.148336	-0.00596284	0.132757	0.251813	0.355855	0.445182	0.514225	0.576001	0.608813	0.581089	0.50516	
