0.750702	0.754557	0.728826	0.701476	0.672743	0.626361	0.562174	0.479073	0.381791	0.279603	0.17126	0.0548391	-0.0760882	-0.194687	-0.277985	-0.330847	-0.350062	-0.332781	-0.281669	-0.21063	-0.129392	-0.0528869	0.0063797	0.0627912	0.109289	
0.754557	0.772297	0.767289	0.764014	0.759716	0.732515	0.680455	0.598584	0.491148	0.378012	0.264536	0.151593	0.0293457	-0.0792862	-0.156201	-0.204	-0.225835	-0.215367	-0.173335	-0.118911	-0.0554479	0.00206723	0.0443622	0.0763822	0.08703	
0.728826	0.767289	0.792389	0.817459	0.838073	0.838061	0.800034	0.720522	0.606878	0.485882	0.373918	0.258773	0.139894	0.0437639	-0.0213734	-0.066498	-0.0905405	-0.0831766	-0.0503923	-0.00828801	0.0324984	0.0690663	0.0971974	0.103484	0.0807309	
0.701476	0.764014	0.817459	0.86718	0.91214	0.934433	0.904097	0.825335	0.714288	0.594156	0.483899	0.368505	0.251101	0.163953	0.114143	0.0779599	0.0593914	0.0701422	0.0969126	0.123029	0.136825	0.148284	0.155448	0.13497	0.0796941	
0.672743	0.759716	0.838073	0.91214	0.980119	1.01261	0.984545	0.907045	0.800978	0.688433	0.577143	0.459901	0.352622	0.279642	0.242912	0.223854	0.218029	0.229757	0.249651	0.262878	0.257862	0.243466	0.21747	0.166491	0.0766849	
0.626361	0.732515	0.838061	0.934433	1.01261	1.04822	1.0281	0.960455	0.86345	0.754189	0.645577	0.531132	0.437048	0.378884	0.357913	0.357073	0.36101	0.375132	0.39834	0.407698	0.394872	0.35663	0.292505	0.199352	0.075396	
0.562174	0.680455	0.800034	0.904097	0.984545	1.0281	1.01858	0.97031	0.892175	0.79331	0.689465	0.585722	0.508784	0.468798	0.459039	0.468692	0.488231	0.512544	0.540447	0.552617	0.533067	0.470888	0.370768	0.240117	0.0865684	
0.479073	0.598584	0.720522	0.825335	0.907045	0.960455	0.97031	0.937313	0.876176	0.794585	0.703834	0.618244	0.561255	0.538286	0.54183	0.562895	0.592975	0.634266	0.671672	0.690128	0.661785	0.576602	0.450743	0.293837	0.116358	
0.381791	0.491148	0.606878	0.714288	0.800978	0.86345	0.892175	0.876176	0.831554	0.769609	0.69863	0.644373	0.615528	0.615782	0.632308	0.658046	0.69239	0.746892	0.79292	0.807027	0.76961	0.669823	0.525582	0.354569	0.163762	
0.279603	0.378012	0.485882	0.594156	0.688433	0.754189	0.79331	0.794585	0.769609	0.735485	0.704405	0.690178	0.690751	0.705502	0.731202	0.760972	0.801163	0.847282	0.89206	0.904554	0.854832	0.744966	0.596876	0.420108	0.21659	
0.17126	0.264536	0.373918	0.483899	0.577143	0.645577	0.689465	0.703834	0.69863	0.704405	0.729255	0.764466	0.79359	0.817753	0.844104	0.870862	0.899176	0.928639	0.963341	0.966257	0.911741	0.803744	0.655097	0.469042	0.260734	
0.0548391	0.151593	0.258773	0.368505	0.459901	0.531132	0.585722	0.618244	0.644373	0.690178	0.764466	0.845033	0.899917	0.930248	0.953844	0.967477	0.975203	0.981804	0.989901	0.977637	0.918932	0.818173	0.669959	0.485076	0.28234	
-0.0760882	0.0293457	0.139894	0.251101	0.352622	0.437048	0.508784	0.561255	0.615528	0.690751	0.79359	0.899917	0.975151	1.01517	1.03486	1.03674	1.02071	0.996324	0.969604	0.933682	0.863683	0.767649	0.62579	0.448656	0.260442	
-0.194687	-0.0792862	0.0437639	0.163953	0.279642	0.378884	0.468798	0.538286	0.615782	0.705502	0.817753	0.930248	1.01517	1.06423	1.07603	1.06253	1.02832	0.972509	0.905643	0.833166	0.748108	0.649881	0.524468	0.369746	0.201007	
-0.277985	-0.156201	-0.0213734	0.114143	0.242912	0.357913	0.459039	0.54183	0.632308	0.731202	0.844104	0.953844	1.03486	1.07603	1.08099	1.05205	0.990916	0.902159	0.794622	0.684999	0.583709	0.481978	0.375193	0.250047	0.110592	
-0.330847	-0.204	-0.066498	0.0779599	0.223854	0.357073	0.468692	0.562895	0.658046	0.760972	0.870862	0.967477	1.03674	1.06253	1.05205	1.00077	0.916474	0.797166	0.649563	0.50803	0.390137	0.29201	0.206577	0.117168	0.0140209	
-0.350062	-0.225835	-0.0905405	0.0593914	0.218029	0.36101	0.488231	0.592975	0.69239	0.801163	0.899176	0.975203	1.02071	1.02832	0.990916	0.916474	0.809499	0.662016	0.490937	0.335895	0.213023	0.123353	0.0533688	-0.0073206	-0.0780761	
-0.332781	-0.215367	-0.0831766	0.0701422	0.229757	0.375132	0.512544	0.634266	0.746892	0.847282	0.928639	0.981804	0.996324	0.972509	0.902159	0.797166	0.662016	0.500658	0.32882	0.180662	0.0723563	-0.00412276	-0.0613878	-0.106449	-0.151428	
-0.281669	-0.173335	-0.0503923	0.0969126	0.249651	0.39834	0.540447	0.671672	0.79292	0.89206	0.963341	0.989901	0.969604	0.905643	0.794622	0.649563	0.490937	0.32882	0.173976	0.0466006	-0.0366371	-0.0930182	-0.133633	-0.166317	-0.196847	
-0.21063	-0.118911	-0.00828801	0.123029	0.262878	0.407698	0.552617	0.690128	0.807027	0.904554	0.966257	0.977637	0.933682	0.833166	0.684999	0.50803	0.335895	0.180662	0.0466006	-0.0522829	-0.116236	-0.150191	-0.172089	-0.191565	-0.220619	
-0.129392	-0.0554479	0.0324984	0.136825	0.257862	0.394872	0.533067	0.661785	0.76961	0.854832	0.911741	0.918932	0.863683	0.748108	0.583709	0.390137	0.213023	0.0723563	-0.0366371	-0.116236	-0.163737	-0.181031	-0.189644	-0.205955	-0.238797	
-0.0528869	0.00206723	0.0690663	0.148284	0.243466	0.35663	0.470888	0.576602	0.669823	0.744966	0.803744	0.818173	0.767649	0.649881	0.481978	0.29201	0.123353	-0.00412276	-0.0930182	-0.150191	-0.181031	-0.19822	-0.209724	-0.229525	-0.271603	
0.0063797	0.0443622	0.0971974	0.155448	0.21747	0.292505	0.370768	0.450743	0.525582	0.596876	0.655097	0.669959	0.62579	0.524468	0.375193	0.206577	0.0533688	-0.0613878	-0.133633	-0.172089	-0.189644	-0.209724	-0.236366	-0.268441	-0.321104	
0.0627912	0.0763822	0.103484	0.13497	0.166491	0.199352	0.240117	0.293837	0.354569	0.420108	0.469042	0.485076	0.448656	0.369746	0.250047	0.117168	-0.0073206	-0.106449	-0.166317	-0.191565	-0.205955	-0.229525	-0.268441	-0.317981	-0.392241	
0.109289	0.08703	0.0807309	0.0796941	0.0766849	0.075396	0.0865684	0.116358	0.163762	0.21659	0.260734	0.28234	0.260442	0.201007	0.110592	0.0140209	-0.0780761	-0.151428	-0.196847	-0.220619	-0.238797	-0.271603	-0.321104	-0.392241	-0.491365	
0.14619	0.0852254	0.0391854	-0.000677141	-0.0423621	-0.0750181	-0.0817564	-0.0669264	-0.0334223	0.00905951	0.0500672	0.0693715	0.0636301	0.0283274	-0.0288311	-0.0951171	-0.153045	-0.203201	-0.242136	-0.269179	-0.298001	-0.343657	-0.406365	-0.493974	-0.613621	
0.178297	0.0710451	-0.0150751	-0.0899894	-0.159353	-0.216038	-0.243479	-0.24352	-0.221873	-0.184426	-0.148761	-0.123254	-0.11807	-0.13691	-0.161573	-0.193672	-0.231408	-0.270718	-0.304416	-0.332132	-0.374451	-0.436507	-0.516067	-0.616711	-0.744305	
0.219851	0.0612984	-0.0707587	-0.177092	-0.265681	-0.340682	-0.386792	-0.401927	-0.385706	-0.347804	-0.305379	-0.278003	-0.267894	-0.270589	-0.268908	-0.280533	-0.30856	-0.345128	-0.381764	-0.41487	-0.467878	-0.539217	-0.626524	-0.732366	-0.86001	
0.253542	0.049702	-0.117929	-0.246388	-0.353767	-0.444563	-0.501639	-0.527853	-0.51178	-0.470756	-0.421016	-0.390654	-0.377136	-0.367448	-0.354556	-0.354717	-0.38079	-0.420798	-0.462647	-0.504502	-0.556287	-0.626481	-0.710715	-0.816715	-0.950505	
0.270087	0.0409352	-0.149018	-0.294885	-0.411526	-0.512716	-0.578442	-0.606649	-0.591284	-0.545096	-0.488413	-0.445859	-0.426065	-0.414246	-0.405127	-0.406224	-0.431477	-0.469242	-0.514271	-0.565289	-0.621947	-0.68123	-0.75453	-0.859515	-1.00169	
0.272855	0.0400402	-0.155399	-0.304979	-0.422791	-0.524285	-0.591796	-0.62175	-0.606359	-0.558405	-0.498869	-0.453075	-0.433225	-0.421886	-0.41336	-0.414733	-0.440472	-0.478967	-0.523067	-0.575745	-0.633805	-0.69053	-0.761012	-0.867046	-1.01044	
0.261989	0.0449797	-0.132873	-0.269049	-0.380671	-0.477511	-0.538247	-0.565243	-0.54957	-0.506697	-0.455657	-0.420195	-0.403453	-0.391923	-0.379907	-0.379798	-0.404848	-0.444146	-0.488104	-0.533964	-0.587088	-0.653358	-0.732964	-0.838333	-0.975986	
0.2353	0.0572613	-0.0907944	-0.207135	-0.30395	-0.385197	-0.436193	-0.457401	-0.441679	-0.402076	-0.355545	-0.328882	-0.318104	-0.314701	-0.305645	-0.311664	-0.338886	-0.377143	-0.41513	-0.451903	-0.504618	-0.57706	-0.66523	-0.771463	-0.899697	
0.19431	0.0664812	-0.0387752	-0.125937	-0.202359	-0.267734	-0.303989	-0.31029	-0.290872	-0.25375	-0.21741	-0.190319	-0.18201	-0.194218	-0.207605	-0.230069	-0.262174	-0.2998	-0.333769	-0.362358	-0.410681	-0.478057	-0.562002	-0.665176	-0.793461	
0.158286	0.0797503	0.018894	-0.0362966	-0.0915065	-0.133837	-0.148375	-0.138472	-0.110578	-0.0710357	-0.0330339	-0.0117391	-0.0124946	-0.0405333	-0.0836994	-0.135534	-0.18508	-0.228395	-0.264848	-0.292526	-0.326767	-0.378527	-0.447696	-0.542008	-0.665799	
0.125017	0.0885395	0.0657838	0.0500175	0.0309935	0.0165548	0.0199233	0.0426305	0.0848532	0.132783	0.17628	0.196877	0.182512	0.133487	0.0547475	-0.0306511	-0.107272	-0.170394	-0.213218	-0.237573	-0.259499	-0.297601	-0.351974	-0.429396	-0.538376	
0.0832434	0.0824217	0.0976162	0.116955	0.135346	0.15408	0.181226	0.224925	0.280767	0.340776	0.387128	0.405463	0.373978	0.301785	0.194513	0.077857	-0.0346779	-0.124315	-0.177345	-0.201722	-0.216482	-0.242692	-0.285551	-0.344253	-0.427778	
0.029283	0.0591106	0.103075	0.151032	0.201385	0.25831	0.321296	0.39056	0.459658	0.530129	0.585296	0.599317	0.557818	0.466	0.328874	0.172292	0.0298191	-0.0805626	-0.148117	-0.179105	-0.194451	-0.215772	-0.248006	-0.286645	-0.346763	
-0.0283861	0.0196771	0.0816953	0.15273	0.234755	0.334626	0.435278	0.53	0.616139	0.689665	0.748388	0.764641	0.716069	0.603173	0.439937	0.257239	0.0931707	-0.0294267	-0.110706	-0.160036	-0.183943	-0.202705	-0.219846	-0.243456	-0.289	
-0.0962226	-0.0297812	0.0475803	0.140923	0.252978	0.38206	0.513304	0.634567	0.736392	0.816612	0.874484	0.883889	0.829295	0.711216	0.54347	0.34879	0.174331	0.0397396	-0.0614562	-0.132637	-0.174567	-0.189193	-0.196512	-0.213761	-0.250001	
-0.179738	-0.0944712	0.00788202	0.13009	0.262491	0.405625	0.549528	0.6852	0.799746	0.8926	0.951369	0.959717	0.909849	0.800467	0.643342	0.457675	0.281945	0.132039	0.00881245	-0.0816518	-0.13854	-0.164974	-0.179927	-0.197401	-0.227422	
-0.25462	-0.15257	-0.0335529	0.108329	0.257029	0.404559	0.548624	0.682659	0.803187	0.903296	0.970379	0.989774	0.95835	0.877749	0.750372	0.590393	0.425976	0.266346	0.118358	0.00190933	-0.072678	-0.119469	-0.152633	-0.179124	-0.208175	
-0.315487	-0.201882	-0.0728505	0.0799105	0.237848	0.384859	0.524233	0.650486	0.767871	0.86657	0.943487	0.984705	0.984451	0.946109	0.86044	0.740258	0.593681	0.430128	0.264541	0.124416	0.0259988	-0.0438907	-0.0955991	-0.135731	-0.17344	
-0.347754	-0.226105	-0.0911384	0.0603775	0.220487	0.36454	0.496687	0.608678	0.712878	0.81894	0.910216	0.978183	1.01248	1.00883	0.95851	0.873338	0.755479	0.601221	0.426553	0.271184	0.151773	0.0668787	0.00213656	-0.0508705	-0.110311	
-0.342683	-0.216102	-0.0793876	0.0672077	0.219467	0.358641	0.476178	0.573331	0.669345	0.775949	0.882427	0.970194	1.03146	1.05065	1.03122	0.971032	0.877651	0.746141	0.586958	0.437756	0.315786	0.220165	0.142196	0.0656084	-0.0236988	
-0.302352	-0.178667	-0.0420368	0.0990458	0.234373	0.356264	0.46093	0.549185	0.642614	0.742259	0.854033	0.960841	1.03832	1.07418	1.07321	1.0353	0.96525	0.86401	0.740146	0.615547	0.506954	0.406054	0.30781	0.197536	0.071466	
-0.232432	-0.113633	0.0150889	0.140069	0.26139	0.366683	0.461891	0.537096	0.620451	0.715423	0.828866	0.940337	1.0246	1.0726	1.08274	1.06342	1.01853	0.949222	0.866426	0.778883	0.687328	0.587319	0.469365	0.325524	0.167782	
-0.12729	-0.0170323	0.0975076	0.21165	0.318932	0.408891	0.487933	0.548143	0.613312	0.69491	0.802468	0.913138	0.994664	1.0392	1.05597	1.05162	1.0286	0.992047	0.949416	0.900059	0.824448	0.72822	0.591836	0.422071	0.241337	
0.00379002	0.103187	0.21071	0.320142	0.413053	0.489219	0.5512	0.591333	0.628572	0.68873	0.777398	0.871525	0.934854	0.968548	0.99101	1.00053	0.997142	0.992002	0.987213	0.966632	0.904424	0.806349	0.659397	0.476428	0.278729	
0.125791	0.220049	0.328667	0.439027	0.531307	0.599892	0.646684	0.667845	0.674575	0.695905	0.743416	0.797638	0.837432	0.864877	0.890273	0.911372	0.932857	0.954138	0.97942	0.977407	0.921316	0.816238	0.667597	0.480944	0.273005	
