0.977038	1.03704	1.10322	1.1609	1.19721	1.20299	1.17895	1.12783	1.06302	1.00029	0.942929	0.866419	0.772467	0.683802	0.597054	0.496988	0.390256	0.272921	0.145608	0.0208807	-0.0946029	-0.204516	-0.312996	-0.412534	-0.486841	
1.01111	1.03517	1.06701	1.10044	1.12376	1.12843	1.11176	1.08071	1.04693	1.02	0.995095	0.94674	0.877284	0.811812	0.740741	0.65572	0.564117	0.457124	0.342691	0.227285	0.115232	0.000652231	-0.121221	-0.237699	-0.329589	
1.01534	1.00009	0.996261	1.00803	1.01871	1.02092	1.01343	1.00029	0.996025	1.00947	1.01896	0.99985	0.955727	0.909779	0.862688	0.803955	0.732262	0.642144	0.536838	0.427192	0.319782	0.203713	0.0779519	-0.0479757	-0.1558	
0.97252	0.929782	0.899999	0.891193	0.888947	0.889299	0.890057	0.89449	0.915269	0.955963	0.99095	0.998452	0.986603	0.968922	0.948092	0.920597	0.873528	0.80243	0.702808	0.594856	0.487202	0.37059	0.244997	0.119299	0.012534	
0.874383	0.813983	0.767674	0.744159	0.733781	0.732389	0.738651	0.75551	0.79281	0.850769	0.901761	0.935403	0.959259	0.978998	0.987823	0.986317	0.953089	0.897478	0.81359	0.712367	0.605057	0.488001	0.367308	0.254578	0.15356	
0.73013	0.661993	0.604354	0.569523	0.549063	0.544282	0.560205	0.588176	0.636147	0.703544	0.765739	0.821629	0.874634	0.922354	0.958109	0.975246	0.957225	0.91638	0.849118	0.756254	0.654687	0.545404	0.43686	0.341314	0.250565	
0.559197	0.490625	0.423455	0.374801	0.341452	0.333621	0.359622	0.401571	0.461904	0.532666	0.597388	0.662222	0.730691	0.795015	0.850987	0.883544	0.883674	0.851854	0.790448	0.706279	0.61558	0.528261	0.441356	0.364544	0.286535	
0.380362	0.308964	0.22942	0.162856	0.118029	0.109682	0.141141	0.200968	0.276301	0.35406	0.41664	0.477313	0.546422	0.616238	0.677892	0.713528	0.716683	0.689302	0.638593	0.571933	0.503092	0.442558	0.385587	0.333228	0.274906	
0.200043	0.130049	0.0504845	-0.0201458	-0.0681219	-0.0773453	-0.0428446	0.0212875	0.0979406	0.173634	0.236118	0.294355	0.359315	0.415862	0.459306	0.477891	0.468681	0.44253	0.401702	0.356374	0.315672	0.28482	0.262716	0.242397	0.222245	
0.0353407	-0.0315443	-0.0975691	-0.158498	-0.198573	-0.205714	-0.1779	-0.122853	-0.0578949	0.00859046	0.0703755	0.125774	0.177454	0.210731	0.222263	0.218018	0.191407	0.157019	0.126458	0.103236	0.0877194	0.0830954	0.0933588	0.114657	0.137849	
-0.0912444	-0.145092	-0.205581	-0.252237	-0.283519	-0.289618	-0.266682	-0.226442	-0.169223	-0.111782	-0.0620943	-0.0194495	0.018469	0.0284405	0.0170194	-0.0167393	-0.0634777	-0.109064	-0.138977	-0.151073	-0.152608	-0.140329	-0.0969514	-0.0296712	0.0414522	
-0.159373	-0.203147	-0.255932	-0.302914	-0.336216	-0.342574	-0.318504	-0.27616	-0.223944	-0.175356	-0.136761	-0.104863	-0.083886	-0.0906589	-0.126763	-0.188011	-0.256283	-0.314392	-0.352112	-0.370231	-0.37325	-0.355633	-0.291072	-0.180418	-0.053523	
-0.167249	-0.208712	-0.258182	-0.30267	-0.335721	-0.342871	-0.31824	-0.276723	-0.228643	-0.18278	-0.146396	-0.118712	-0.11564	-0.136947	-0.188206	-0.264526	-0.355434	-0.432324	-0.487235	-0.522006	-0.538664	-0.529113	-0.462076	-0.321248	-0.141981	
-0.121563	-0.166771	-0.214794	-0.253991	-0.276116	-0.279471	-0.265273	-0.231623	-0.186384	-0.138583	-0.101908	-0.0812957	-0.083704	-0.108151	-0.165992	-0.249176	-0.354443	-0.450583	-0.5365	-0.603354	-0.636942	-0.63161	-0.561313	-0.413482	-0.212758	
-0.0414162	-0.0876754	-0.129772	-0.162877	-0.183433	-0.186345	-0.173012	-0.144588	-0.105503	-0.0594448	-0.0203084	-0.00227583	0.00233687	-0.0191206	-0.0763433	-0.160088	-0.271859	-0.388982	-0.511367	-0.610606	-0.661659	-0.659504	-0.588861	-0.444832	-0.242442	
0.0613199	0.0122292	-0.0238772	-0.0480452	-0.0678376	-0.071784	-0.0567316	-0.0342452	-0.00488994	0.0419325	0.0863557	0.114002	0.123385	0.110912	0.0631436	-0.0167786	-0.130521	-0.266726	-0.416583	-0.544911	-0.622998	-0.636625	-0.575566	-0.443998	-0.246443	
0.1766	0.123102	0.0838871	0.0686519	0.0613171	0.059171	0.0657922	0.075869	0.104227	0.154823	0.208703	0.250403	0.27245	0.267309	0.228827	0.152385	0.0397509	-0.104316	-0.269459	-0.422956	-0.530937	-0.570923	-0.537338	-0.427726	-0.239408	
0.291445	0.232401	0.194774	0.182526	0.181862	0.181835	0.181789	0.187503	0.214415	0.266366	0.330608	0.3913	0.42899	0.430765	0.394118	0.322562	0.212791	0.0660702	-0.102183	-0.268069	-0.400521	-0.474506	-0.479476	-0.393964	-0.215463	
0.401292	0.336187	0.301863	0.291488	0.288	0.287705	0.289527	0.295934	0.318898	0.372552	0.446164	0.515696	0.562223	0.571721	0.542034	0.475615	0.367728	0.223343	0.056331	-0.117693	-0.269571	-0.372325	-0.402539	-0.336566	-0.170978	
0.507398	0.439244	0.397115	0.383297	0.379121	0.37855	0.38096	0.388824	0.418668	0.477603	0.553164	0.614356	0.65819	0.666871	0.647805	0.589938	0.488515	0.347559	0.181731	0.00750763	-0.15055	-0.263812	-0.307654	-0.260994	-0.11768	
0.587965	0.528432	0.48219	0.459691	0.456106	0.456172	0.456572	0.470354	0.507268	0.563831	0.624448	0.678615	0.711353	0.719873	0.705698	0.660584	0.571042	0.432545	0.270054	0.100738	-0.0539279	-0.167446	-0.218009	-0.187285	-0.0647208	
0.630327	0.586122	0.542454	0.515935	0.507222	0.505469	0.51107	0.52953	0.56778	0.612376	0.659672	0.704132	0.730242	0.737516	0.72917	0.688928	0.609306	0.482226	0.322781	0.158659	0.011131	-0.0989076	-0.151878	-0.13195	-0.0335228	
0.643096	0.602044	0.566654	0.538392	0.525137	0.524251	0.531032	0.553928	0.587536	0.625964	0.667664	0.700302	0.721016	0.734538	0.72837	0.690869	0.614344	0.493143	0.339103	0.179994	0.043283	-0.0609804	-0.116966	-0.106211	-0.0259002	
0.631709	0.598483	0.566959	0.542544	0.528587	0.525892	0.535519	0.555837	0.585117	0.619149	0.649497	0.677976	0.702109	0.716472	0.707543	0.66392	0.580591	0.464994	0.321915	0.174824	0.0458073	-0.0515486	-0.105998	-0.109927	-0.047518	
0.600466	0.579023	0.559818	0.538381	0.524892	0.523201	0.531358	0.550779	0.57196	0.591645	0.615793	0.648523	0.675824	0.68357	0.663838	0.61185	0.520384	0.405366	0.280148	0.149875	0.0286282	-0.0645659	-0.121927	-0.13518	-0.0845178	
0.57114	0.55726	0.544275	0.528068	0.517327	0.514531	0.522949	0.538111	0.552473	0.56439	0.586904	0.620589	0.641675	0.638384	0.609649	0.544043	0.444936	0.335788	0.222369	0.106823	-0.00289714	-0.092638	-0.154321	-0.169571	-0.125741	
0.55726	0.541168	0.528402	0.51012	0.497296	0.494879	0.503641	0.521995	0.536528	0.549934	0.569257	0.592858	0.601602	0.596644	0.556668	0.477177	0.377964	0.274671	0.167123	0.0560404	-0.0497699	-0.138752	-0.19719	-0.211255	-0.174633	
0.544275	0.528402	0.510241	0.481874	0.45559	0.450329	0.469944	0.499459	0.522584	0.537587	0.554405	0.565054	0.568831	0.556249	0.511026	0.432367	0.341362	0.23916	0.128069	0.0194342	-0.0883984	-0.184789	-0.246601	-0.261968	-0.232638	
0.528068	0.51012	0.481874	0.438125	0.399023	0.391394	0.420454	0.465413	0.500452	0.522023	0.534708	0.541745	0.541663	0.528332	0.485577	0.415357	0.330702	0.227109	0.114709	-0.000668594	-0.118645	-0.221991	-0.289226	-0.30886	-0.278203	
0.517327	0.497296	0.45559	0.399023	0.354711	0.346257	0.378556	0.433403	0.48312	0.511581	0.522433	0.527637	0.527425	0.517374	0.481001	0.411484	0.326037	0.225653	0.111372	-0.0163168	-0.140003	-0.242264	-0.317485	-0.34376	-0.309018	
0.514531	0.494879	0.450329	0.391394	0.346257	0.337802	0.370391	0.427108	0.480366	0.50874	0.521068	0.524845	0.52622	0.51569	0.480861	0.411149	0.325619	0.225941	0.110439	-0.0199808	-0.143485	-0.244284	-0.323438	-0.350815	-0.315514	
0.522949	0.503641	0.469944	0.420454	0.378556	0.370391	0.400911	0.4511	0.492109	0.516925	0.528241	0.53498	0.534078	0.522427	0.481704	0.412666	0.328407	0.225974	0.113371	-0.00749273	-0.128648	-0.232547	-0.30298	-0.325063	-0.292076	
0.538111	0.521995	0.499459	0.465413	0.433403	0.427108	0.4511	0.48641	0.514564	0.532044	0.54651	0.554575	0.556641	0.54295	0.498307	0.422546	0.335098	0.23241	0.120292	0.0103415	-0.10154	-0.201368	-0.264329	-0.281808	-0.252725	
0.552473	0.536528	0.522584	0.500452	0.48312	0.480366	0.492109	0.514564	0.531748	0.545259	0.563998	0.581333	0.587942	0.580187	0.536744	0.455791	0.359696	0.25718	0.148362	0.0384648	-0.0667834	-0.157765	-0.216954	-0.231166	-0.198004	
0.56439	0.549934	0.537587	0.522023	0.511581	0.50874	0.516925	0.532044	0.545259	0.557279	0.578594	0.609757	0.625842	0.621157	0.588055	0.515594	0.415154	0.309393	0.19932	0.0864203	-0.0211234	-0.110241	-0.170158	-0.185099	-0.143959	
0.586904	0.569257	0.554405	0.534708	0.522433	0.521068	0.528241	0.54651	0.563998	0.578594	0.602619	0.637069	0.662929	0.666291	0.64246	0.586464	0.49159	0.377165	0.257776	0.135087	0.0192987	-0.0731548	-0.133546	-0.148494	-0.100304	
0.620589	0.592858	0.565054	0.541745	0.527637	0.524845	0.53498	0.554575	0.581333	0.609757	0.637069	0.666294	0.693367	0.705307	0.692493	0.645083	0.558379	0.443683	0.307599	0.167217	0.0403802	-0.0546014	-0.109386	-0.118022	-0.0621254	
0.641675	0.601602	0.568831	0.541663	0.527425	0.52622	0.534078	0.556641	0.587942	0.625842	0.662929	0.693367	0.713638	0.729331	0.722754	0.683849	0.605575	0.486443	0.335967	0.180547	0.0468002	-0.0548032	-0.109978	-0.104743	-0.0303735	
0.638384	0.596644	0.556249	0.528332	0.517374	0.51569	0.522427	0.54295	0.580187	0.621157	0.666291	0.705307	0.729331	0.737499	0.731146	0.692808	0.615387	0.491738	0.333198	0.171199	0.0291226	-0.0789098	-0.1339	-0.117989	-0.0275799	
0.609649	0.556668	0.511026	0.485577	0.481001	0.480861	0.481704	0.498307	0.536744	0.588055	0.64246	0.692493	0.722754	0.731146	0.718484	0.675993	0.590661	0.456567	0.296042	0.127923	-0.0253009	-0.137677	-0.188865	-0.161623	-0.0495159	
0.544043	0.477177	0.432367	0.415357	0.411484	0.411149	0.412666	0.422546	0.455791	0.515594	0.586464	0.645083	0.683849	0.692808	0.675993	0.623334	0.526896	0.38672	0.221545	0.0491355	-0.107867	-0.221736	-0.268443	-0.230388	-0.0952613	
0.444936	0.377964	0.341362	0.330702	0.326037	0.325619	0.328407	0.335098	0.359696	0.415154	0.49159	0.558379	0.605575	0.615387	0.590661	0.526896	0.421175	0.277515	0.110364	-0.0646281	-0.220844	-0.329905	-0.36631	-0.308115	-0.150475	
0.335788	0.274671	0.23916	0.227109	0.225653	0.225941	0.225974	0.23241	0.25718	0.309393	0.377165	0.443683	0.486443	0.491738	0.456567	0.38672	0.277515	0.13145	-0.0355168	-0.20523	-0.34656	-0.433684	-0.450884	-0.373607	-0.199576	
0.222369	0.167123	0.128069	0.114709	0.111372	0.110439	0.113371	0.120292	0.148362	0.19932	0.257776	0.307599	0.335967	0.333198	0.296042	0.221545	0.110364	-0.0355168	-0.203373	-0.362988	-0.481398	-0.534771	-0.516386	-0.417173	-0.232095	
0.106823	0.0560404	0.0194342	-0.000668594	-0.0163168	-0.0199808	-0.00749273	0.0103415	0.0384648	0.0864203	0.135087	0.167217	0.180547	0.171199	0.127923	0.0491355	-0.0646281	-0.20523	-0.362988	-0.501894	-0.592132	-0.615364	-0.563092	-0.439202	-0.245669	
-0.00289714	-0.0497699	-0.0883984	-0.118645	-0.140003	-0.143485	-0.128648	-0.10154	-0.0667834	-0.0211234	0.0192987	0.0403802	0.0468002	0.0291226	-0.0253009	-0.107867	-0.220844	-0.34656	-0.481398	-0.592132	-0.652736	-0.655531	-0.586843	-0.44712	-0.245514	
-0.092638	-0.138752	-0.184789	-0.221991	-0.242264	-0.244284	-0.232547	-0.201368	-0.157765	-0.110241	-0.0731548	-0.0546014	-0.0548032	-0.0789098	-0.137677	-0.221736	-0.329905	-0.433684	-0.534771	-0.615364	-0.655531	-0.650896	-0.579154	-0.431962	-0.22949	
-0.154321	-0.19719	-0.246601	-0.289226	-0.317485	-0.323438	-0.30298	-0.264329	-0.216954	-0.170158	-0.133546	-0.109386	-0.109978	-0.1339	-0.188865	-0.268443	-0.36631	-0.450884	-0.516386	-0.563092	-0.586843	-0.579154	-0.511416	-0.365871	-0.174402	
-0.169571	-0.211255	-0.261968	-0.30886	-0.34376	-0.350815	-0.325063	-0.281808	-0.231166	-0.185099	-0.148494	-0.118022	-0.104743	-0.117989	-0.161623	-0.230388	-0.308115	-0.373607	-0.417173	-0.439202	-0.44712	-0.431962	-0.365871	-0.240112	-0.0897381	
-0.125741	-0.174633	-0.232638	-0.278203	-0.309018	-0.315514	-0.292076	-0.252725	-0.198004	-0.143959	-0.100304	-0.0621254	-0.0303735	-0.0275799	-0.0495159	-0.0952613	-0.150475	-0.199576	-0.232095	-0.245669	-0.245514	-0.22949	-0.174402	-0.0897381	0.00303627	
