0.362281	0.309163	0.265044	0.244444	0.242726	0.24195	0.242955	0.253733	0.289465	0.341084	0.394455	0.455902	0.526994	0.598198	0.632919	0.617985	0.574036	0.528384	0.495109	0.48726	0.502349	0.533078	0.564007	0.599822	0.645616	
0.417918	0.394038	0.376814	0.378181	0.390684	0.393913	0.383026	0.374749	0.385886	0.40862	0.433672	0.473246	0.526061	0.578556	0.598382	0.570689	0.522269	0.476652	0.447682	0.444778	0.469638	0.515864	0.566807	0.619631	0.680784	
0.478495	0.487243	0.497939	0.519745	0.545135	0.549676	0.531065	0.504872	0.490337	0.482386	0.475757	0.488748	0.517525	0.538563	0.52764	0.479891	0.423719	0.38131	0.359907	0.364382	0.393266	0.447288	0.516327	0.588099	0.669723	
0.53187	0.565824	0.597449	0.634208	0.667449	0.673883	0.649934	0.610722	0.578858	0.545498	0.513327	0.491805	0.484489	0.46697	0.423459	0.359352	0.300899	0.258157	0.237664	0.241466	0.2701	0.334694	0.420644	0.512935	0.615484	
0.555191	0.604907	0.650706	0.697634	0.733539	0.739669	0.714784	0.669812	0.622983	0.576581	0.520621	0.465257	0.41551	0.362084	0.292193	0.222065	0.166569	0.121025	0.0922824	0.0858121	0.113644	0.184262	0.286377	0.394544	0.51335	
0.527879	0.595028	0.652111	0.705243	0.737946	0.743099	0.721184	0.674848	0.617978	0.556715	0.480465	0.396731	0.313757	0.230332	0.143024	0.0669667	0.0148577	-0.0298152	-0.0673918	-0.0841886	-0.0586225	0.0121059	0.116038	0.234072	0.363278	
0.443675	0.527975	0.598529	0.652745	0.684552	0.689446	0.668573	0.622294	0.557871	0.479032	0.386874	0.286548	0.185312	0.0860573	-0.0157302	-0.0991406	-0.155148	-0.197151	-0.232281	-0.246765	-0.221774	-0.150689	-0.0553258	0.057628	0.188446	
0.323424	0.421967	0.497247	0.548951	0.580983	0.58727	0.564136	0.520579	0.454852	0.364713	0.259358	0.148946	0.0360855	-0.0740211	-0.179555	-0.26735	-0.329352	-0.370122	-0.393935	-0.398848	-0.36899	-0.307141	-0.22515	-0.123084	0.000152551	
0.184965	0.289455	0.361961	0.410984	0.441231	0.447421	0.425377	0.383616	0.322391	0.229328	0.116487	0.000274242	-0.114383	-0.230005	-0.330488	-0.416848	-0.488792	-0.537299	-0.558466	-0.549882	-0.513447	-0.458612	-0.390567	-0.299627	-0.185868	
0.053032	0.149754	0.213179	0.24692	0.26718	0.271995	0.256183	0.229061	0.179762	0.0949473	-0.014273	-0.131437	-0.246343	-0.36043	-0.463517	-0.551939	-0.630275	-0.688378	-0.711228	-0.696215	-0.656215	-0.606374	-0.549483	-0.468242	-0.357072	
-0.068533	0.00934564	0.0542608	0.0717221	0.0764152	0.0771781	0.0745212	0.0639095	0.0313468	-0.0342678	-0.127287	-0.236912	-0.343031	-0.45176	-0.558934	-0.657302	-0.742738	-0.803946	-0.832032	-0.823599	-0.7886	-0.748355	-0.695674	-0.618148	-0.508829	
-0.172797	-0.122205	-0.0930401	-0.0806807	-0.0833615	-0.0839724	-0.0809809	-0.0853237	-0.108753	-0.149125	-0.218604	-0.307325	-0.39392	-0.489231	-0.596437	-0.702909	-0.798996	-0.869617	-0.908192	-0.919806	-0.904403	-0.875161	-0.825764	-0.744824	-0.63155	
-0.232478	-0.21014	-0.198324	-0.192217	-0.192655	-0.192379	-0.191962	-0.195185	-0.204792	-0.220803	-0.260144	-0.321366	-0.386465	-0.466252	-0.569408	-0.677994	-0.78122	-0.867496	-0.929054	-0.968876	-0.98246	-0.96897	-0.923278	-0.841226	-0.723052	
-0.226685	-0.231725	-0.242337	-0.243856	-0.240638	-0.239372	-0.242807	-0.244355	-0.237238	-0.225233	-0.237286	-0.269069	-0.309098	-0.373968	-0.469558	-0.571191	-0.678771	-0.785967	-0.878617	-0.96143	-1.01339	-1.02057	-0.981945	-0.902799	-0.783625	
-0.14635	-0.173277	-0.207388	-0.217377	-0.215327	-0.213095	-0.216871	-0.215279	-0.1883	-0.153949	-0.14247	-0.1506	-0.168704	-0.218088	-0.297431	-0.391315	-0.500493	-0.627751	-0.759233	-0.888775	-0.987646	-1.02459	-1.00244	-0.933176	-0.82465	
0.00255404	-0.0424973	-0.0925762	-0.114964	-0.119504	-0.119231	-0.118013	-0.104935	-0.0644423	-0.01235	0.0155245	0.0194425	0.0122744	-0.0206217	-0.0830905	-0.166329	-0.272079	-0.412426	-0.572823	-0.746056	-0.893151	-0.973761	-0.987998	-0.946561	-0.856669	
0.175083	0.124879	0.0691852	0.0377718	0.0237941	0.0210551	0.0304797	0.0533995	0.101807	0.156822	0.195424	0.204706	0.205482	0.191894	0.152012	0.0794853	-0.022123	-0.167227	-0.351755	-0.560485	-0.751421	-0.881827	-0.941499	-0.936448	-0.871741	
0.335411	0.289072	0.235089	0.200641	0.178877	0.175163	0.19019	0.218942	0.267073	0.318946	0.355015	0.371337	0.383772	0.38778	0.374032	0.315231	0.212197	0.0594626	-0.143352	-0.380789	-0.604372	-0.774846	-0.876734	-0.89967	-0.853894	
0.442938	0.404765	0.355501	0.310973	0.288652	0.285641	0.298998	0.335964	0.385585	0.428784	0.462453	0.487487	0.513519	0.538081	0.543566	0.50245	0.403088	0.238616	0.0226593	-0.225119	-0.464804	-0.662181	-0.789892	-0.835765	-0.802207	
0.467519	0.436278	0.392211	0.346706	0.322322	0.318901	0.333863	0.372704	0.420157	0.455303	0.487222	0.527502	0.577365	0.62186	0.645159	0.622031	0.528777	0.363158	0.140704	-0.10715	-0.345016	-0.548544	-0.687676	-0.743484	-0.721668	
0.414122	0.380057	0.345287	0.302558	0.271111	0.265983	0.287254	0.328857	0.367134	0.400066	0.438869	0.498892	0.568056	0.63309	0.67243	0.66523	0.586559	0.434726	0.2222	-0.0194087	-0.249669	-0.447097	-0.581784	-0.637635	-0.623188	
0.301086	0.252272	0.22077	0.180503	0.144446	0.137081	0.164188	0.206611	0.239097	0.278303	0.34296	0.424279	0.508858	0.589349	0.64354	0.650848	0.588519	0.456158	0.265968	0.0463895	-0.16877	-0.351859	-0.47555	-0.527919	-0.517108	
0.166042	0.0941275	0.0511541	0.0111651	-0.02477	-0.0320874	-0.00477634	0.0357057	0.0744325	0.133348	0.220969	0.325061	0.423011	0.511885	0.578512	0.604876	0.561784	0.448847	0.280873	0.0831965	-0.112429	-0.279066	-0.390181	-0.432337	-0.409563	
0.0176261	-0.0669928	-0.123188	-0.160968	-0.187465	-0.192885	-0.172996	-0.140228	-0.0922521	-0.0201369	0.0816283	0.203726	0.322728	0.423489	0.502972	0.546453	0.526462	0.43269	0.276529	0.0927958	-0.090171	-0.239403	-0.330464	-0.352383	-0.310958	
-0.132245	-0.222061	-0.277888	-0.311116	-0.329354	-0.332389	-0.320283	-0.293507	-0.247958	-0.172235	-0.0614982	0.0733597	0.21093	0.331636	0.429336	0.492176	0.495361	0.414962	0.271137	0.0928127	-0.0840276	-0.214709	-0.277586	-0.273591	-0.208198	
-0.265556	-0.356381	-0.405053	-0.426023	-0.440169	-0.443736	-0.431309	-0.415989	-0.379992	-0.307483	-0.188833	-0.0431575	0.10744	0.248108	0.374237	0.454849	0.462694	0.387006	0.242596	0.0712729	-0.0929324	-0.204083	-0.238557	-0.203589	-0.113538	
-0.356381	-0.447998	-0.493768	-0.512177	-0.522607	-0.524576	-0.516748	-0.503081	-0.471096	-0.398927	-0.279309	-0.129853	0.0292681	0.190184	0.336062	0.423934	0.428439	0.343421	0.193371	0.0224996	-0.128308	-0.218309	-0.227761	-0.16379	-0.045903	
-0.405053	-0.493768	-0.547941	-0.577142	-0.58513	-0.586381	-0.582446	-0.56214	-0.518718	-0.445864	-0.332837	-0.188367	-0.0198876	0.155734	0.303058	0.383704	0.380804	0.291746	0.137394	-0.0311863	-0.169648	-0.239075	-0.224903	-0.141686	-0.00783631	
-0.426023	-0.512177	-0.577142	-0.622934	-0.641178	-0.643351	-0.633606	-0.598235	-0.539761	-0.463696	-0.36191	-0.224347	-0.059693	0.116231	0.261671	0.339103	0.334372	0.253999	0.104517	-0.0583463	-0.184113	-0.243553	-0.22178	-0.130857	0.00662732	
-0.440169	-0.522607	-0.58513	-0.641178	-0.669244	-0.673209	-0.656275	-0.608852	-0.548983	-0.476421	-0.377387	-0.246702	-0.0928513	0.0800217	0.227632	0.312381	0.311113	0.23143	0.0873261	-0.06641	-0.184199	-0.239938	-0.21982	-0.13274	0.00687035	
-0.443736	-0.524576	-0.586381	-0.643351	-0.673209	-0.677183	-0.659006	-0.609956	-0.550302	-0.479612	-0.379995	-0.251252	-0.0993743	0.0721461	0.221868	0.308627	0.308166	0.22796	0.0843039	-0.0671383	-0.182636	-0.238003	-0.219259	-0.133146	0.0062998	
-0.431309	-0.516748	-0.582446	-0.633606	-0.656275	-0.659006	-0.646365	-0.605386	-0.544592	-0.468297	-0.369492	-0.23479	-0.0748364	0.100022	0.245543	0.325545	0.321667	0.242567	0.0961539	-0.062969	-0.184519	-0.242658	-0.220759	-0.131077	0.0077272	
-0.415989	-0.503081	-0.56214	-0.598235	-0.608852	-0.609956	-0.605386	-0.57951	-0.528985	-0.455406	-0.346755	-0.205102	-0.0360464	0.141969	0.287943	0.365538	0.360691	0.274464	0.121247	-0.0452762	-0.179339	-0.243024	-0.223928	-0.135203	0.00075883	
-0.379992	-0.471096	-0.518718	-0.539761	-0.548983	-0.550302	-0.544592	-0.528985	-0.494334	-0.421914	-0.304764	-0.156469	0.00694255	0.175098	0.323184	0.409143	0.410802	0.322604	0.170715	-0.000545047	-0.146382	-0.227957	-0.226613	-0.154102	-0.0274124	
-0.307483	-0.398927	-0.445864	-0.463696	-0.476421	-0.479612	-0.468297	-0.455406	-0.421914	-0.349879	-0.229756	-0.0817661	0.0723228	0.221075	0.357541	0.442487	0.449531	0.371637	0.224715	0.0542907	-0.103626	-0.206333	-0.231087	-0.184418	-0.0830771	
-0.188833	-0.279309	-0.332837	-0.36191	-0.377387	-0.379995	-0.369492	-0.346755	-0.304764	-0.229756	-0.115306	0.0236316	0.166867	0.29646	0.404879	0.475149	0.483049	0.405581	0.263504	0.0879106	-0.0854396	-0.207875	-0.259326	-0.242868	-0.167731	
-0.0431575	-0.129853	-0.188367	-0.224347	-0.246702	-0.251252	-0.23479	-0.205102	-0.156469	-0.0817661	0.0236316	0.151205	0.279225	0.386712	0.472939	0.523219	0.513078	0.425876	0.2749	0.093577	-0.0869217	-0.229461	-0.308708	-0.320668	-0.270467	
0.10744	0.0292681	-0.0198876	-0.059693	-0.0928513	-0.0993743	-0.0748364	-0.0360464	0.00694255	0.0723228	0.166867	0.279225	0.384493	0.476874	0.548419	0.581465	0.548039	0.443016	0.280463	0.0895979	-0.0995877	-0.259628	-0.36402	-0.398848	-0.369805	
0.248108	0.190184	0.155734	0.116231	0.0800217	0.0721461	0.100022	0.141969	0.175098	0.221075	0.29646	0.386712	0.476874	0.561393	0.620434	0.635182	0.58025	0.455023	0.27408	0.0644163	-0.142583	-0.318314	-0.437725	-0.487681	-0.473485	
0.374237	0.336062	0.303058	0.261671	0.227632	0.221868	0.245543	0.287943	0.323184	0.357541	0.404879	0.472939	0.548419	0.620434	0.666684	0.664599	0.593011	0.449517	0.244731	0.00988391	-0.214838	-0.408294	-0.538831	-0.593274	-0.581241	
0.454849	0.423934	0.383704	0.339103	0.312381	0.308627	0.325545	0.365538	0.409143	0.442487	0.475149	0.523219	0.581465	0.635182	0.664599	0.647943	0.559342	0.397564	0.177275	-0.0694337	-0.304788	-0.507156	-0.645488	-0.702136	-0.683597	
0.462694	0.428439	0.380804	0.334372	0.311113	0.308166	0.321667	0.360691	0.410802	0.449531	0.483049	0.513078	0.548039	0.58025	0.593011	0.559342	0.462229	0.29526	0.0755009	-0.172848	-0.413647	-0.615383	-0.750381	-0.801815	-0.77329	
0.387006	0.343421	0.291746	0.253999	0.23143	0.22796	0.242567	0.274464	0.322604	0.371637	0.405581	0.425876	0.443016	0.455023	0.449517	0.397564	0.29526	0.137282	-0.0718414	-0.315529	-0.546976	-0.730894	-0.84465	-0.877985	-0.837324	
0.242596	0.193371	0.137394	0.104517	0.0873261	0.0843039	0.0961539	0.121247	0.170715	0.224715	0.263504	0.2749	0.280463	0.27408	0.244731	0.177275	0.0755009	-0.0718414	-0.264234	-0.486041	-0.691584	-0.839138	-0.917343	-0.924398	-0.868438	
0.0712729	0.0224996	-0.0311863	-0.0583463	-0.06641	-0.0671383	-0.062969	-0.0452762	-0.000545047	0.0542907	0.0879106	0.093577	0.0895979	0.0644163	0.00988391	-0.0694337	-0.172848	-0.315529	-0.486041	-0.67408	-0.840426	-0.940602	-0.972723	-0.945831	-0.866522	
-0.0929324	-0.128308	-0.169648	-0.184113	-0.184199	-0.182636	-0.184519	-0.179339	-0.146382	-0.103626	-0.0854396	-0.0869217	-0.0995877	-0.142583	-0.214838	-0.304788	-0.413647	-0.546976	-0.691584	-0.840426	-0.958178	-1.0109	-1.00069	-0.941014	-0.838152	
-0.204083	-0.218309	-0.239075	-0.243553	-0.239938	-0.238003	-0.242658	-0.243024	-0.227957	-0.206333	-0.207875	-0.229461	-0.259628	-0.318314	-0.408294	-0.507156	-0.615383	-0.730894	-0.839138	-0.940602	-1.0109	-1.02823	-0.994786	-0.917653	-0.802015	
-0.238557	-0.227761	-0.224903	-0.22178	-0.21982	-0.219259	-0.220759	-0.223928	-0.226613	-0.231087	-0.259326	-0.308708	-0.36402	-0.437725	-0.538831	-0.645488	-0.750381	-0.84465	-0.917343	-0.972723	-1.00069	-0.994786	-0.950755	-0.869881	-0.750168	
-0.203589	-0.16379	-0.141686	-0.130857	-0.13274	-0.133146	-0.131077	-0.135203	-0.154102	-0.184418	-0.242868	-0.320668	-0.398848	-0.487681	-0.593274	-0.702136	-0.801815	-0.877985	-0.924398	-0.945831	-0.941014	-0.917653	-0.869881	-0.78745	-0.672288	
-0.113538	-0.045903	-0.00783631	0.00662732	0.00687035	0.0062998	0.0077272	0.00075883	-0.0274124	-0.0830771	-0.167731	-0.270467	-0.369805	-0.473485	-0.581241	-0.683597	-0.77329	-0.837324	-0.868438	-0.866522	-0.838152	-0.802015	-0.750168	-0.672288	-0.561932	
