-0.755571	-0.564374	-0.365777	-0.16376	0.0298963	0.201756	0.318313	0.374326	0.377117	0.360463	0.345355	0.340672	0.355743	0.396813	0.471414	0.572571	0.682675	0.796081	0.897792	0.966868	0.960262	0.872461	0.711408	0.486838	0.209501	
-0.564374	-0.371931	-0.181564	-0.00113566	0.165127	0.304192	0.393087	0.419118	0.393003	0.34843	0.306566	0.279745	0.276874	0.312495	0.380844	0.483045	0.606306	0.739019	0.870257	0.959156	0.965104	0.882169	0.721484	0.496093	0.205647	
-0.365777	-0.181564	-0.00765407	0.148731	0.285137	0.391074	0.44899	0.447038	0.398237	0.335059	0.276416	0.234924	0.220414	0.248654	0.312459	0.408195	0.538341	0.685484	0.831625	0.9292	0.942726	0.865792	0.715947	0.492165	0.201844	
-0.16376	-0.00113566	0.148731	0.277902	0.383735	0.452916	0.483549	0.461368	0.400128	0.325061	0.259906	0.211252	0.194664	0.214975	0.272955	0.363146	0.486119	0.632945	0.776323	0.87572	0.895486	0.827299	0.68916	0.476279	0.195007	
0.0298963	0.165127	0.285137	0.383735	0.459055	0.495747	0.498504	0.462493	0.397477	0.322465	0.250821	0.200606	0.186142	0.204739	0.256278	0.332283	0.437471	0.569633	0.704973	0.798685	0.822405	0.771462	0.652228	0.458315	0.191848	
0.201756	0.304192	0.391074	0.452916	0.495747	0.505748	0.48518	0.440775	0.37817	0.311548	0.244269	0.199252	0.181047	0.192636	0.235081	0.301369	0.389846	0.501589	0.619971	0.702191	0.73187	0.700676	0.599392	0.424677	0.182722	
0.318313	0.393087	0.44899	0.483549	0.498504	0.48518	0.447204	0.397868	0.345938	0.291329	0.236679	0.194898	0.171499	0.169035	0.198481	0.257477	0.331524	0.421424	0.520144	0.593521	0.631739	0.612658	0.526504	0.375862	0.175623	
0.374326	0.419118	0.447038	0.461368	0.462493	0.440775	0.397868	0.346244	0.305895	0.266203	0.223166	0.184562	0.153042	0.136852	0.15185	0.190856	0.251194	0.326078	0.41492	0.486813	0.52657	0.516482	0.444787	0.325022	0.169145	
0.377117	0.393003	0.398237	0.400128	0.397477	0.37817	0.345938	0.305895	0.266434	0.234975	0.201677	0.16951	0.137673	0.105483	0.098952	0.11741	0.162263	0.228893	0.305856	0.376496	0.426755	0.431135	0.374017	0.280066	0.164423	
0.360463	0.34843	0.335059	0.325061	0.322465	0.311548	0.291329	0.266203	0.234975	0.208805	0.181981	0.153197	0.118872	0.0793659	0.056044	0.0614731	0.0927164	0.145531	0.20774	0.278695	0.343139	0.36107	0.317945	0.250841	0.179641	
0.345355	0.306566	0.276416	0.259906	0.250821	0.244269	0.236679	0.223166	0.201677	0.181981	0.162728	0.134935	0.0967958	0.0564977	0.0299913	0.0287758	0.0442654	0.0832656	0.140866	0.205826	0.269625	0.293138	0.274475	0.249902	0.228719	
0.340672	0.279745	0.234924	0.211252	0.200606	0.199252	0.194898	0.184562	0.16951	0.153197	0.134935	0.109926	0.077566	0.0459809	0.0205411	0.0106013	0.0162977	0.0532907	0.10489	0.155107	0.202549	0.235375	0.250222	0.267437	0.29949	
0.355743	0.276874	0.220414	0.194664	0.186142	0.181047	0.171499	0.153042	0.137673	0.118872	0.0967958	0.077566	0.0605387	0.0420821	0.0196033	0.00269767	0.00695357	0.0374931	0.0766742	0.11152	0.151725	0.197499	0.239285	0.291866	0.370323	
0.396813	0.312495	0.248654	0.214975	0.204739	0.192636	0.169035	0.136852	0.105483	0.0793659	0.0564977	0.0459809	0.0420821	0.0299484	0.00782146	-0.00759271	-0.00771933	0.00948122	0.0373178	0.0705105	0.113257	0.168433	0.234615	0.320398	0.431278	
0.471414	0.380844	0.312459	0.272955	0.256278	0.235081	0.198481	0.15185	0.098952	0.056044	0.0299913	0.0205411	0.0196033	0.00782146	-0.0145196	-0.0340399	-0.0403481	-0.0315821	-0.00616909	0.0292616	0.071893	0.134581	0.226747	0.338052	0.471422	
0.572571	0.483045	0.408195	0.363146	0.332283	0.301369	0.257477	0.190856	0.11741	0.0614731	0.0287758	0.0106013	0.00269767	-0.00759271	-0.0340399	-0.0664111	-0.0842352	-0.083441	-0.0636122	-0.033448	0.0132041	0.0898359	0.199391	0.330362	0.480307	
0.682675	0.606306	0.538341	0.486119	0.437471	0.389846	0.331524	0.251194	0.162263	0.0927164	0.0442654	0.0162977	0.00695357	-0.00771933	-0.0403481	-0.0842352	-0.109903	-0.124966	-0.12483	-0.104991	-0.0547157	0.0317022	0.147801	0.288186	0.452741	
0.796081	0.739019	0.685484	0.632945	0.569633	0.501589	0.421424	0.326078	0.228893	0.145531	0.0832656	0.0532907	0.0374931	0.00948122	-0.0315821	-0.083441	-0.124966	-0.159458	-0.176191	-0.162502	-0.115748	-0.0327622	0.0800368	0.219731	0.3861	
0.897792	0.870257	0.831625	0.776323	0.704973	0.619971	0.520144	0.41492	0.305856	0.20774	0.140866	0.10489	0.0766742	0.0373178	-0.00616909	-0.0636122	-0.12483	-0.176191	-0.195603	-0.190276	-0.158007	-0.095417	-0.00485459	0.118993	0.273225	
0.966868	0.959156	0.9292	0.87572	0.798685	0.702191	0.593521	0.486813	0.376496	0.278695	0.205826	0.155107	0.11152	0.0705105	0.0292616	-0.033448	-0.104991	-0.162502	-0.190276	-0.198096	-0.192078	-0.16179	-0.103038	-0.00881922	0.124959	
0.960262	0.965104	0.942726	0.895486	0.822405	0.73187	0.631739	0.52657	0.426755	0.343139	0.269625	0.202549	0.151725	0.113257	0.071893	0.0132041	-0.0547157	-0.115748	-0.158007	-0.192078	-0.217572	-0.22397	-0.197505	-0.125728	-0.0129902	
0.872461	0.882169	0.865792	0.827299	0.771462	0.700676	0.612658	0.516482	0.431135	0.36107	0.293138	0.235375	0.197499	0.168433	0.134581	0.0898359	0.0317022	-0.0327622	-0.095417	-0.16179	-0.22397	-0.267498	-0.269146	-0.210633	-0.105748	
0.711408	0.721484	0.715947	0.68916	0.652228	0.599392	0.526504	0.444787	0.374017	0.317945	0.274475	0.250222	0.239285	0.234615	0.226747	0.199391	0.147801	0.0800368	-0.00485459	-0.103038	-0.197505	-0.269146	-0.288666	-0.238254	-0.137225	
0.486838	0.496093	0.492165	0.476279	0.458315	0.424677	0.375862	0.325022	0.280066	0.250841	0.249902	0.267437	0.291866	0.320398	0.338052	0.330362	0.288186	0.219731	0.118993	-0.00881922	-0.125728	-0.210633	-0.238254	-0.194021	-0.100398	
0.209501	0.205647	0.201844	0.195007	0.191848	0.182722	0.175623	0.169145	0.164423	0.179641	0.228719	0.29949	0.370323	0.431278	0.471422	0.480307	0.452741	0.3861	0.273225	0.124959	-0.0129902	-0.105748	-0.137225	-0.100398	-0.00589893	
-0.0957841	-0.113466	-0.121154	-0.119574	-0.108386	-0.0864454	-0.0513452	-0.0107692	0.0385964	0.110868	0.212374	0.33647	0.459991	0.559167	0.624929	0.655593	0.639199	0.572594	0.451865	0.291428	0.140142	0.0381708	-0.000316023	0.0303293	0.133618	
-0.396097	-0.417726	-0.423804	-0.416609	-0.391235	-0.343528	-0.272344	-0.182145	-0.0737162	0.0536282	0.204325	0.375247	0.546854	0.687832	0.787537	0.842023	0.840287	0.771766	0.64637	0.484278	0.332165	0.223027	0.174089	0.202888	0.312447	
-0.655891	-0.683153	-0.685391	-0.66306	-0.619601	-0.549604	-0.452964	-0.327962	-0.17585	0.00174232	0.197886	0.412006	0.627073	0.81423	0.951273	1.02291	1.02819	0.958664	0.826296	0.669918	0.52109	0.406555	0.354163	0.38603	0.504237	
-0.859191	-0.890101	-0.892772	-0.859205	-0.797682	-0.708346	-0.592108	-0.440897	-0.256538	-0.0426826	0.193248	0.442785	0.697326	0.925296	1.09337	1.17707	1.17915	1.09976	0.964724	0.807084	0.658606	0.543741	0.489704	0.526027	0.657975	
-0.984942	-1.02179	-1.02377	-0.979431	-0.907288	-0.806168	-0.674444	-0.50398	-0.296787	-0.0565656	0.202247	0.472937	0.746563	0.995421	1.18531	1.27525	1.26465	1.17273	1.03548	0.87791	0.729696	0.624284	0.574687	0.609305	0.752706	
-1.0084	-1.04586	-1.04667	-1.0011	-0.927211	-0.823444	-0.688575	-0.514931	-0.302674	-0.0567742	0.205933	0.48	0.755793	1.00787	1.20259	1.29294	1.27856	1.18442	1.04714	0.889673	0.741288	0.638652	0.591013	0.624468	0.769258	
-0.920256	-0.953217	-0.956809	-0.91801	-0.850853	-0.755793	-0.632888	-0.471994	-0.277535	-0.0523145	0.195237	0.455927	0.720739	0.959429	1.13747	1.22499	1.22159	1.13679	1.00162	0.843214	0.694344	0.582809	0.530202	0.566316	0.703639	
-0.745519	-0.773863	-0.775067	-0.747944	-0.69729	-0.61947	-0.513471	-0.378096	-0.21239	-0.0186037	0.194781	0.425003	0.65657	0.861648	1.01235	1.0892	1.09519	1.02262	0.888335	0.732478	0.584122	0.468504	0.414371	0.448918	0.572084	
-0.505753	-0.52921	-0.53471	-0.521663	-0.489286	-0.431743	-0.350254	-0.243942	-0.115682	0.0336048	0.202401	0.390141	0.579796	0.739824	0.853213	0.915786	0.918196	0.850238	0.721572	0.561336	0.411533	0.299828	0.248741	0.278284	0.390592	
-0.219223	-0.238651	-0.246196	-0.243026	-0.226514	-0.193706	-0.142017	-0.0814956	-0.00840014	0.0859391	0.20764	0.35235	0.495812	0.610874	0.689854	0.730038	0.719494	0.651554	0.529351	0.366805	0.213361	0.108572	0.0654029	0.0951391	0.201132	
0.0894611	0.0786298	0.0726179	0.0699287	0.0733261	0.0766541	0.0861105	0.0979777	0.113814	0.151627	0.221545	0.313727	0.405366	0.481339	0.53093	0.548276	0.5241	0.458063	0.341937	0.187743	0.0427158	-0.0537328	-0.0870933	-0.0532521	0.0445863	
0.380355	0.386491	0.383107	0.371208	0.359323	0.334039	0.300397	0.266942	0.236401	0.222643	0.24105	0.279036	0.320888	0.36178	0.388717	0.387428	0.351732	0.283799	0.177515	0.040213	-0.0848243	-0.172806	-0.202152	-0.160942	-0.0683344	
0.629956	0.639077	0.634964	0.613204	0.58456	0.538895	0.474046	0.402163	0.339491	0.29185	0.264272	0.255495	0.257476	0.266089	0.269275	0.249646	0.201041	0.132761	0.0405796	-0.0700655	-0.17438	-0.25275	-0.2767	-0.228636	-0.130434	
0.815658	0.826079	0.814795	0.779696	0.731366	0.66844	0.585148	0.49408	0.415256	0.350073	0.288894	0.241969	0.214191	0.19324	0.16841	0.129879	0.074739	0.00900885	-0.0627182	-0.141782	-0.218215	-0.275347	-0.28529	-0.230438	-0.126624	
0.934608	0.942215	0.92227	0.878336	0.810797	0.727847	0.632657	0.530329	0.435635	0.357925	0.28565	0.218612	0.170718	0.133591	0.0933389	0.0401225	-0.0238639	-0.0867531	-0.136907	-0.183483	-0.223007	-0.244578	-0.229712	-0.164323	-0.0560272	
0.974597	0.972268	0.94607	0.893765	0.816646	0.720068	0.613782	0.506796	0.400021	0.306884	0.233305	0.174488	0.126374	0.0863592	0.0453891	-0.0177946	-0.088833	-0.147712	-0.18081	-0.197852	-0.204178	-0.188025	-0.14236	-0.0589418	0.0652621	
0.931717	0.913693	0.878737	0.824283	0.750225	0.659427	0.553488	0.447837	0.336055	0.235127	0.1656	0.125054	0.0908655	0.0499603	0.00710092	-0.0525107	-0.120036	-0.174847	-0.196361	-0.195064	-0.172111	-0.121635	-0.0429949	0.0694159	0.216513	
0.839098	0.793187	0.746524	0.692689	0.625426	0.550081	0.46143	0.361014	0.259243	0.169339	0.105327	0.0743673	0.0534327	0.0192523	-0.0231769	-0.0774308	-0.126586	-0.169356	-0.187786	-0.176453	-0.134525	-0.0577704	0.0481898	0.183767	0.346938	
0.728472	0.658304	0.595473	0.542736	0.488096	0.432231	0.365047	0.278845	0.186794	0.112069	0.0572139	0.0269071	0.016486	-0.00189963	-0.0391183	-0.0862837	-0.117367	-0.1397	-0.147928	-0.131669	-0.0813816	0.00543267	0.121976	0.263775	0.430486	
0.615497	0.531223	0.457194	0.409192	0.370203	0.33356	0.28576	0.213576	0.132002	0.0708161	0.0323035	0.0105703	0.00130948	-0.00984787	-0.037645	-0.0756937	-0.0965042	-0.101058	-0.0884509	-0.0616857	-0.0129403	0.0682397	0.181751	0.317172	0.4741	
0.509953	0.417701	0.346014	0.304803	0.284137	0.259235	0.219562	0.164277	0.103461	0.0547452	0.0271553	0.0145436	0.0109958	0.000111721	-0.0236945	-0.0475513	-0.0585999	-0.0529079	-0.0273559	0.00653173	0.0505356	0.118453	0.218416	0.33941	0.479396	
0.421892	0.335908	0.270921	0.234329	0.22176	0.206765	0.176942	0.139256	0.0990312	0.0669334	0.0423623	0.0342792	0.0337042	0.0218393	-0.000209922	-0.0163486	-0.018016	-0.00463732	0.0208302	0.0555753	0.0974363	0.155612	0.232933	0.329259	0.450799	
0.368851	0.286624	0.226031	0.197727	0.189019	0.181225	0.167654	0.144197	0.123184	0.102279	0.0803829	0.0644482	0.0534126	0.0382213	0.0164683	0.000332905	0.00249565	0.0276491	0.0618223	0.0942985	0.135281	0.185419	0.23674	0.303096	0.395952	
0.343754	0.274915	0.224887	0.200053	0.191245	0.188983	0.182995	0.170609	0.157489	0.140843	0.121646	0.097824	0.0708516	0.0443149	0.0204869	0.00651642	0.0116052	0.0470069	0.0944098	0.137445	0.180528	0.218373	0.245031	0.276854	0.328811	
0.341942	0.294092	0.257838	0.237897	0.226518	0.222909	0.218112	0.207276	0.188358	0.169944	0.152013	0.126217	0.0889068	0.0504754	0.0237103	0.019738	0.0303972	0.0683355	0.123473	0.183306	0.241535	0.267759	0.262349	0.255364	0.255925	
