0.986035	0.760435	0.521773	0.313277	0.163732	0.074623	0.0298146	0.0105115	0.00329277	0.000922553	0.000232611	5.30803e-05	1.10187e-05	2.09047e-06	3.64011e-07	5.83997e-08	8.66271e-09	1.19188e-09	1.52554e-10	1.82136e-11	2.03343e-12	2.12774e-13	2.09117e-14	1.93419e-15	1.68675e-16	
0.760435	0.532481	0.329054	0.178094	0.0843768	0.0351161	0.0129074	0.00421557	0.00123089	0.000323202	7.6735e-05	1.65565e-05	3.26142e-06	5.89031e-07	9.79125e-08	1.50328e-08	2.13867e-09	2.82777e-10	3.48437e-11	4.01128e-12	4.32446e-13	4.37535e-14	4.16295e-15	3.73173e-16	3.1572e-17	
0.521773	0.329054	0.183124	0.08969	0.0387202	0.014792	0.00502573	0.00152689	0.000417055	0.000102945	2.30757e-05	4.71839e-06	8.83755e-07	1.52206e-07	2.41892e-08	3.55886e-09	4.86182e-10	6.1842e-11	7.343e-12	8.15825e-13	8.49979e-14	8.32139e-15	7.66988e-16	6.66747e-17	5.47569e-18	
0.313277	0.178094	0.08969	0.0399986	0.0158322	0.00558322	0.00176213	0.000500122	0.000128252	2.9853e-05	6.3347e-06	1.23037e-06	2.19558e-07	3.61231e-08	5.49721e-09	7.76111e-10	1.01937e-10	1.24878e-11	1.43027e-12	1.53498e-13	1.5468e-14	1.46641e-15	1.31025e-16	1.10527e-17	8.81628e-19	
0.163732	0.0843768	0.0387202	0.0158322	0.0057822	0.0018928	0.000557602	0.00014845	3.58676e-05	7.89687e-06	1.59046e-06	2.94099e-07	5.01017e-08	7.88836e-09	1.1513e-09	1.56194e-10	1.97484e-11	2.33259e-12	2.57963e-13	2.6767e-14	2.61106e-15	2.39887e-16	2.0793e-17	1.70314e-18	1.32029e-19	
0.074623	0.0351161	0.014792	0.00558322	0.0018928	0.000578176	0.0001597	4.00373e-05	9.14473e-06	1.90989e-06	3.66014e-07	6.45778e-08	1.05227e-08	1.58819e-09	2.22645e-10	2.90652e-11	3.54187e-12	4.03806e-13	4.3163e-14	4.33421e-15	4.09614e-16	3.64977e-17	3.0711e-18	2.44418e-19	1.84253e-20	
0.0298146	0.0129074	0.00502573	0.00176213	0.000557602	0.0001597	4.15313e-05	9.84006e-06	2.13127e-06	4.23387e-07	7.73889e-08	1.30553e-08	2.03852e-09	2.95426e-10	3.98384e-11	5.01095e-12	5.89235e-13	6.49129e-14	6.71299e-15	6.52919e-16	5.98314e-17	5.17426e-18	4.22958e-19	3.27281e-20	2.40062e-21	
0.0105115	0.00421557	0.00152689	0.000500122	0.00014845	4.00373e-05	9.84006e-06	2.21058e-06	4.55332e-07	8.6254e-08	1.50708e-08	2.43566e-09	3.65082e-10	5.08812e-11	6.6094e-12	8.02024e-13	9.1109e-14	9.70864e-15	9.72304e-16	9.16787e-17	8.15248e-18	6.84789e-19	5.44154e-20	4.09641e-21	2.92539e-22	
0.00329277	0.00123089	0.000417055	0.000128252	3.58676e-05	9.14473e-06	2.13127e-06	4.55332e-07	8.94273e-08	1.61913e-08	2.70985e-09	4.20336e-10	6.05794e-11	8.13139e-12	1.01882e-12	1.19413e-13	1.31192e-14	1.3536e-15	1.31398e-16	1.20211e-17	1.03813e-18	8.47572e-20	6.55156e-21	4.8012e-22	3.34006e-23	
0.000922553	0.000323202	0.000102945	2.9853e-05	7.89687e-06	1.90989e-06	4.23387e-07	8.6254e-08	1.61913e-08	2.80788e-09	4.50996e-10	6.72563e-11	9.3343e-12	1.20836e-12	1.46218e-13	1.65721e-14	1.76264e-15	1.76258e-16	1.6599e-17	1.47459e-18	1.23762e-19	9.8281e-21	7.39465e-22	5.27842e-23	3.57908e-24	
0.000232611	7.6735e-05	2.30757e-05	6.3347e-06	1.59046e-06	3.66014e-07	7.73889e-08	1.50708e-08	2.70985e-09	4.50996e-10	6.96403e-11	1.00004e-11	1.33845e-12	1.67321e-13	1.95767e-14	2.14786e-15	2.21386e-16	2.14748e-17	1.96361e-18	1.69518e-19	1.38372e-20	1.06948e-21	7.8373e-23	5.45233e-24	3.60532e-25	
5.30803e-05	1.65565e-05	4.71839e-06	1.23037e-06	2.94099e-07	6.45778e-08	1.30553e-08	2.43566e-09	4.20336e-10	6.72563e-11	1.00004e-11	1.38484e-12	1.78979e-13	2.16326e-14	2.44995e-15	2.60468e-16	2.60412e-17	2.45246e-18	2.17905e-19	1.82941e-20	1.45331e-21	1.09395e-22	7.81253e-24	5.29998e-25	3.41943e-26	
1.10187e-05	3.26142e-06	8.83755e-07	2.19558e-07	5.01017e-08	1.05227e-08	2.03852e-09	3.65082e-10	6.05794e-11	9.3343e-12	1.33845e-12	1.78979e-13	2.23644e-14	2.61644e-15	2.87126e-16	2.9608e-17	2.8738e-18	2.62973e-19	2.27216e-20	1.8564e-21	1.43619e-22	1.05348e-23	7.33609e-25	4.85558e-26	3.05809e-27	
2.09047e-06	5.89031e-07	1.52206e-07	3.61231e-08	7.88836e-09	1.58819e-09	2.95426e-10	5.08812e-11	8.13139e-12	1.20836e-12	1.67321e-13	2.16326e-14	2.61644e-15	2.96599e-16	3.15691e-17	3.16029e-18	2.98039e-19	2.652e-20	2.22983e-21	1.7741e-22	1.33744e-23	9.56568e-25	6.49874e-26	4.19873e-27	2.58263e-28	
3.64011e-07	9.79125e-08	2.41892e-08	5.49721e-09	1.1513e-09	2.22645e-10	3.98384e-11	6.6094e-12	1.01882e-12	1.46218e-13	1.95767e-14	2.44995e-15	2.87126e-16	3.15691e-17	3.26195e-18	3.17273e-19	2.90947e-20	2.51926e-21	2.06268e-22	1.59913e-23	1.17541e-24	8.20149e-26	5.43881e-27	3.43173e-28	2.06246e-29	
5.83997e-08	1.50328e-08	3.55886e-09	7.76111e-10	1.56194e-10	2.90652e-11	5.01095e-12	8.02024e-13	1.19413e-13	1.65721e-14	2.14786e-15	2.60468e-16	2.9608e-17	3.16029e-18	3.17273e-19	3.00069e-20	2.67766e-21	2.2577e-22	1.80119e-23	1.36148e-24	9.76271e-26	6.64905e-27	4.30605e-28	2.65464e-29	1.55953e-30	
8.66271e-09	2.13867e-09	4.86182e-10	1.01937e-10	1.97484e-11	3.54187e-12	5.89235e-13	9.1109e-14	1.31192e-14	1.76264e-15	2.21386e-16	2.60412e-17	2.8738e-18	2.98039e-19	2.90947e-20	2.67766e-21	2.32669e-22	1.91153e-23	1.48686e-24	1.09639e-25	7.67365e-27	5.10376e-28	3.22938e-29	1.94604e-30	1.11798e-31	
1.19188e-09	2.82777e-10	6.1842e-11	1.24878e-11	2.33259e-12	4.03806e-13	6.49129e-14	9.70864e-15	1.3536e-15	1.76258e-16	2.14748e-17	2.45246e-18	2.62973e-19	2.652e-20	2.51926e-21	2.2577e-22	1.91153e-23	1.53115e-24	1.16184e-25	8.36208e-27	5.71538e-28	3.71395e-29	2.29701e-30	1.35357e-31	7.60722e-33	
1.52554e-10	3.48437e-11	7.343e-12	1.43027e-12	2.57963e-13	4.3163e-14	6.71299e-15	9.72304e-16	1.31398e-16	1.6599e-17	1.96361e-18	2.17905e-19	2.27216e-20	2.22983e-21	2.06268e-22	1.80119e-23	1.48686e-24	1.16184e-25	8.60491e-27	6.04792e-28	4.03865e-29	2.5652e-30	1.55142e-31	8.94346e-33	4.91896e-34	
1.82136e-11	4.01128e-12	8.15825e-13	1.53498e-13	2.6767e-14	4.33421e-15	6.52919e-16	9.16787e-17	1.20211e-17	1.47459e-18	1.69518e-19	1.82941e-20	1.8564e-21	1.7741e-22	1.59913e-23	1.36148e-24	1.09639e-25	8.36208e-27	6.04792e-28	4.15302e-29	2.71073e-30	1.68364e-31	9.9612e-33	5.61962e-34	3.02588e-35	
2.03343e-12	4.32446e-13	8.49979e-14	1.5468e-14	2.61106e-15	4.09614e-16	5.98314e-17	8.15248e-18	1.03813e-18	1.23762e-19	1.38372e-20	1.45331e-21	1.43619e-22	1.33744e-23	1.17541e-24	9.76271e-26	7.67365e-27	5.71538e-28	4.03865e-29	2.71073e-30	1.73016e-31	1.05124e-32	6.08667e-34	3.36163e-35	1.77263e-36	
2.12774e-13	4.37535e-14	8.32139e-15	1.46641e-15	2.39887e-16	3.64977e-17	5.17426e-18	6.84789e-19	8.47572e-20	9.8281e-21	1.06948e-21	1.09395e-22	1.05348e-23	9.56568e-25	8.20149e-26	6.64905e-27	5.10376e-28	3.71395e-29	2.5652e-30	1.68364e-31	1.05124e-32	6.25076e-34	3.54311e-35	1.91636e-36	9.89944e-38	
2.09117e-14	4.16295e-15	7.66988e-16	1.31025e-16	2.0793e-17	3.0711e-18	4.22958e-19	5.44154e-20	6.55156e-21	7.39465e-22	7.8373e-23	7.81253e-24	7.33609e-25	6.49874e-26	5.43881e-27	4.30605e-28	3.22938e-29	2.29701e-30	1.55142e-31	9.9612e-33	6.08667e-34	3.54311e-35	1.96679e-36	1.04211e-37	5.27527e-39	
1.93419e-15	3.73173e-16	6.66747e-17	1.10527e-17	1.70314e-18	2.44418e-19	3.27281e-20	4.09641e-21	4.8012e-22	5.27842e-23	5.45233e-24	5.29998e-25	4.85558e-26	4.19873e-27	3.43173e-28	2.65464e-29	1.94604e-30	1.35357e-31	8.94346e-33	5.61962e-34	3.36163e-35	1.91636e-36	1.04211e-37	5.41085e-39	2.68485e-40	
1.68675e-16	3.1572e-17	5.47569e-18	8.81628e-19	1.32029e-19	1.84253e-20	2.40062e-21	2.92539e-22	3.34006e-23	3.57908e-24	3.60532e-25	3.41943e-26	3.05809e-27	2.58263e-28	2.06246e-29	1.55953e-30	1.11798e-31	7.60722e-33	4.91896e-34	3.02588e-35	1.77263e-36	9.89944e-38	5.27527e-39	2.68485e-40	1.30623e-41	
1.38927e-17	2.52516e-18	4.25501e-19	6.65977e-20	9.70057e-21	1.31746e-21	1.67141e-22	1.98434e-23	2.20846e-24	2.308e-25	2.26857e-26	2.10045e-27	1.83469e-28	1.51397e-29	1.18187e-30	8.73933e-32	6.12896e-33	4.0814e-34	2.58368e-35	1.55649e-36	8.93262e-38	4.88843e-39	2.55346e-40	1.27423e-41	6.08008e-43	
1.08245e-18	1.91222e-19	3.13319e-20	4.77091e-21	6.76424e-22	8.94675e-23	1.10596e-23	1.28004e-24	1.38952e-25	1.41705e-26	1.35981e-27	1.22974e-28	1.0496e-29	8.46682e-31	6.46375e-32	4.67599e-33	3.20937e-34	2.09233e-35	1.29716e-36	7.65541e-38	4.3053e-39	2.30952e-40	1.18284e-41	5.78908e-43	2.70982e-44	
7.99044e-20	1.37303e-20	2.18927e-21	3.24555e-22	4.4822e-23	5.7774e-24	6.96325e-25	7.8615e-26	8.32833e-27	8.29252e-28	7.77284e-29	6.86903e-30	5.73144e-31	4.52155e-32	3.37709e-33	2.39099e-34	1.60664e-35	1.02581e-36	6.23024e-38	3.60319e-39	1.98633e-40	1.04476e-41	5.24792e-43	2.51965e-44	1.1573e-45	
5.59658e-21	9.36119e-22	1.45356e-22	2.0994e-23	2.82595e-24	3.55196e-25	4.17645e-26	4.60206e-27	4.76043e-28	4.63021e-29	4.24129e-30	3.66429e-31	2.99021e-32	2.30796e-33	1.68709e-34	1.16944e-35	7.696e-37	4.81388e-38	2.86511e-39	1.62426e-40	8.77956e-42	4.52902e-43	2.23175e-44	1.05142e-45	4.73976e-47	
3.80245e-22	6.19071e-23	9.3603e-24	1.317e-24	1.72776e-25	2.11744e-26	2.42867e-27	2.6117e-28	2.63764e-29	2.50584e-30	2.2429e-31	1.89425e-32	1.51164e-33	1.1414e-34	8.16513e-36	5.54072e-37	3.57075e-38	2.18792e-39	1.276e-40	7.09025e-42	3.75746e-43	1.90089e-44	9.18834e-46	4.24728e-47	1.87903e-48	
1.50877e-22	2.42206e-23	3.60915e-24	5.00253e-25	6.4628e-26	7.79743e-27	8.80249e-28	9.31481e-29	9.25585e-30	8.65083e-31	7.61713e-32	6.32819e-33	4.96767e-34	3.68988e-35	2.59676e-36	1.73363e-37	1.09928e-38	6.62802e-40	3.80412e-41	2.08052e-42	1.08534e-43	5.4057e-45	2.57286e-46	1.17122e-47	5.10358e-49	
1.95202e-21	3.22298e-22	4.93696e-23	7.0306e-24	9.32691e-25	1.15492e-25	1.33741e-26	1.45102e-27	1.47755e-28	1.41451e-29	1.27518e-30	1.08418e-31	8.70643e-33	6.61297e-34	4.75721e-35	3.24534e-36	2.10208e-37	1.29427e-38	7.58338e-40	4.23277e-41	2.25292e-42	1.14457e-43	5.55537e-45	2.57833e-46	1.14521e-47	
2.84072e-20	4.81826e-21	7.57903e-22	1.10787e-22	1.50796e-23	1.91502e-24	2.27335e-25	2.52737e-26	2.63602e-27	2.58373e-28	2.38379e-29	2.07343e-30	1.70277e-31	1.32215e-32	9.71978e-34	6.7739e-35	4.48089e-36	2.8167e-37	1.68443e-38	9.59327e-40	5.20862e-41	2.69862e-42	1.33546e-43	6.31784e-45	2.85975e-46	
3.92718e-19	6.84746e-20	1.10678e-20	1.66169e-21	2.32205e-22	3.02604e-23	3.68457e-24	4.19962e-25	4.48867e-26	4.50663e-27	4.25722e-28	3.78985e-29	3.18412e-30	2.52844e-31	1.90022e-32	1.35336e-33	9.14566e-35	5.87123e-36	3.58464e-37	2.08369e-38	1.15436e-39	6.1009e-41	3.07894e-42	1.4851e-43	6.85211e-45	
5.14671e-18	9.23217e-19	1.5345e-19	2.36802e-20	3.39957e-21	4.54912e-22	5.68495e-23	6.64699e-24	7.28451e-25	7.4955e-26	7.25343e-27	6.61177e-28	5.68568e-29	4.61919e-30	3.55033e-31	2.58503e-32	1.78527e-33	1.17086e-34	7.30069e-36	4.33272e-37	2.44989e-38	1.32116e-39	6.8014e-41	3.3456e-42	1.57383e-43	
6.38462e-17	1.17924e-17	2.01719e-18	3.20205e-19	4.72607e-20	6.49842e-21	8.34028e-22	1.00098e-22	1.12545e-23	1.1875e-24	1.17781e-25	1.09988e-26	9.68525e-28	8.05395e-29	6.33356e-30	4.71638e-31	3.33001e-32	2.23197e-33	1.42181e-34	8.61762e-36	4.97492e-37	2.73827e-38	1.43839e-39	7.21757e-41	3.46258e-42	
7.48539e-16	1.42485e-16	2.51059e-17	4.10279e-18	6.23057e-19	8.80974e-20	1.16203e-20	1.43251e-21	1.65346e-22	1.79006e-23	1.82076e-24	1.74281e-25	1.5723e-26	1.33892e-27	1.07776e-28	8.21166e-30	5.92983e-31	4.06343e-32	2.64542e-33	1.63809e-34	9.65807e-36	5.42745e-37	2.90992e-38	1.48989e-39	7.29122e-41	
8.28022e-15	1.62596e-15	2.95385e-16	4.97396e-17	7.77849e-18	1.1319e-18	1.53557e-19	1.94579e-20	2.30719e-21	2.56449e-22	2.67662e-23	2.62758e-24	2.42992e-25	2.12006e-26	1.74765e-27	1.36303e-28	1.0071e-29	7.0584e-31	4.69811e-32	2.97317e-33	1.79091e-34	1.02786e-35	5.62647e-37	2.94031e-38	1.46824e-39	
8.62657e-14	1.74939e-14	3.28002e-15	5.69668e-16	9.1824e-17	1.37632e-17	1.92195e-18	2.50525e-19	3.05381e-20	3.48734e-21	3.73732e-22	3.76498e-23	3.57103e-24	3.1939e-25	2.69762e-26	2.15467e-27	1.62968e-28	1.16869e-29	7.95617e-31	5.14777e-32	3.16905e-33	1.8582e-34	1.03885e-35	5.54275e-37	2.82498e-38	
8.44827e-13	1.77133e-13	3.4315e-14	6.15342e-15	1.02335e-15	1.5814e-16	2.27514e-17	3.05319e-18	3.82899e-19	4.49561e-20	4.95029e-21	5.12086e-22	4.98463e-23	4.57273e-24	3.95933e-25	3.24032e-26	2.50996e-27	1.84257e-28	1.28351e-29	8.49385e-31	5.34607e-32	3.20373e-33	1.82986e-34	9.97121e-36	5.18865e-37	
7.76127e-12	1.68462e-12	3.37602e-13	6.25776e-14	1.07489e-14	1.71426e-15	2.5433e-16	3.51693e-17	4.54146e-18	5.48643e-19	6.21189e-20	6.60304e-21	6.60039e-22	6.21428e-23	5.51909e-24	4.63053e-25	3.67524e-26	2.76317e-27	1.97036e-28	1.33421e-29	8.58909e-31	5.26247e-32	3.07191e-33	1.71017e-34	9.08868e-36	
6.67366e-11	1.50168e-11	3.11725e-12	5.9801e-13	1.06218e-13	1.75017e-14	2.68041e-15	3.823e-16	5.08773e-17	6.32953e-18	7.37458e-19	8.06088e-20	8.2802e-21	8.00604e-22	7.29771e-23	6.28048e-24	5.11038e-25	3.93691e-26	2.87515e-27	1.993e-28	1.31281e-29	8.22691e-31	4.90993e-32	2.79358e-33	1.51678e-34	
5.35816e-10	1.25182e-10	2.6956e-11	5.35926e-12	9.85585e-13	1.67982e-13	2.65867e-14	3.91521e-15	5.37504e-16	6.89244e-17	8.27054e-18	9.30344e-19	9.82772e-20	9.76521e-21	9.14156e-22	8.07475e-23	6.73967e-24	5.32293e-25	3.98327e-26	2.82783e-27	1.90684e-28	1.2227e-29	7.46358e-31	4.3416e-32	2.40913e-33	
4.00639e-09	9.73475e-10	2.17798e-10	4.49435e-11	8.56962e-12	1.5128e-12	2.47735e-13	3.77098e-14	5.34614e-15	7.07286e-16	8.74868e-17	1.01363e-17	1.10199e-18	1.1261e-19	1.08338e-20	9.82808e-22	8.41949e-23	6.82103e-24	5.23299e-25	3.80667e-26	2.62889e-27	1.7256e-28	1.07779e-29	6.41241e-31	3.63783e-32	
2.78191e-08	7.04335e-09	1.64017e-09	3.51869e-10	6.96703e-11	1.27566e-11	2.16432e-12	3.4095e-13	4.99721e-14	6.8281e-15	8.71475e-16	1.04091e-16	1.16564e-17	1.22594e-18	1.21297e-19	1.13087e-20	9.94973e-22	8.27341e-23	6.51081e-24	4.85554e-25	3.43591e-26	2.30978e-27	1.4768e-28	8.99019e-30	5.21636e-31	
1.78831e-07	4.72774e-08	1.14815e-08	2.56544e-09	5.28363e-10	1.005e-10	1.76911e-11	2.88806e-12	4.38153e-13	6.19024e-14	8.16064e-15	1.00582e-15	1.16122e-16	1.25801e-17	1.2811e-18	1.22837e-19	1.11071e-20	9.48542e-22	7.66147e-23	5.86085e-24	4.25173e-25	2.92863e-26	1.91764e-27	1.19498e-28	7.09435e-30	
1.06067e-06	2.93487e-07	7.44932e-08	1.73713e-08	3.72838e-09	7.37985e-10	1.34997e-10	2.28711e-11	3.59641e-12	5.26009e-13	7.1707e-14	9.12956e-15	1.08768e-15	1.21486e-16	1.27438e-17	1.25765e-18	1.16955e-19	1.02646e-20	8.51471e-22	6.68521e-23	4.97458e-24	3.51274e-25	2.35672e-26	1.50399e-27	9.13965e-29	
5.78294e-06	1.6792e-06	4.4656e-07	1.08925e-07	2.44138e-08	5.03827e-09	9.5941e-10	1.68954e-10	2.75767e-11	4.18106e-12	5.90115e-13	7.76969e-14	9.56232e-15	1.10219e-15	1.19202e-16	1.21176e-17	1.1598e-18	1.04684e-19	8.92417e-21	7.19574e-22	5.49542e-23	3.98027e-24	2.73748e-25	1.78991e-26	1.11389e-27	
2.88652e-05	8.82211e-06	2.46491e-06	6.30501e-07	1.47916e-07	3.1893e-08	6.33426e-09	1.1615e-09	1.97095e-10	3.10219e-11	4.53916e-12	6.18795e-13	7.87582e-14	9.37774e-15	1.04662e-15	1.09691e-16	1.08143e-17	1.00459e-18	8.80718e-20	7.29769e-21	5.72342e-22	4.25435e-23	3.00107e-24	2.01148e-25	1.28249e-26	
0.000131314	4.2387e-05	1.24816e-05	3.35759e-06	8.26621e-07	1.86655e-07	3.87469e-08	7.41229e-09	1.30993e-09	2.14375e-10	3.25656e-11	4.60259e-12	6.0654e-13	7.46873e-14	8.6107e-15	9.31252e-16	9.46505e-17	9.0564e-18	8.17103e-19	6.96244e-20	5.61112e-21	4.283e-22	3.10052e-23	2.13135e-24	1.39293e-25	
