-0.0195146	-0.14757	-0.246524	-0.329491	-0.378329	-0.387101	-0.35409	-0.28157	-0.189899	-0.0740906	0.0682294	0.216345	0.350125	0.45952	0.548604	0.6019	0.614496	0.59644	0.547758	0.473303	0.373854	0.247378	0.113575	-0.0146945	-0.128935	
0.0059395	-0.0799031	-0.13881	-0.188946	-0.221994	-0.228422	-0.204861	-0.160039	-0.105259	-0.0327553	0.0691195	0.181218	0.282172	0.369994	0.447687	0.500476	0.522828	0.51129	0.467143	0.399132	0.307238	0.192234	0.0746129	-0.034304	-0.133154	
0.0431083	0.00209496	-0.016785	-0.0309136	-0.0478288	-0.0507221	-0.0381974	-0.0215263	-0.00701108	0.0230879	0.082043	0.153865	0.216884	0.27488	0.333879	0.387078	0.414342	0.402756	0.359002	0.297944	0.217168	0.114043	0.0101688	-0.0798436	-0.160411	
0.0972724	0.0915909	0.105228	0.118529	0.118606	0.117755	0.11967	0.111935	0.0953965	0.091989	0.114123	0.148904	0.1767	0.20026	0.231441	0.270779	0.294268	0.281045	0.234089	0.175311	0.101484	0.0135799	-0.0761621	-0.158336	-0.21954	
0.171783	0.192992	0.224177	0.255383	0.267009	0.267531	0.262506	0.237915	0.204612	0.178013	0.17128	0.173342	0.165779	0.159106	0.162646	0.183586	0.190456	0.168824	0.121016	0.0554359	-0.0212618	-0.107785	-0.190254	-0.259239	-0.301985	
0.275539	0.313222	0.350181	0.381496	0.392619	0.39401	0.388643	0.363762	0.329238	0.288769	0.258999	0.229466	0.18885	0.152483	0.132182	0.135368	0.12245	0.0863725	0.0297447	-0.0480261	-0.13687	-0.232577	-0.317066	-0.374789	-0.398867	
0.395889	0.448518	0.485528	0.507967	0.51261	0.513618	0.510992	0.496981	0.465016	0.417958	0.360987	0.299943	0.235308	0.175606	0.13438	0.112299	0.0768009	0.0295626	-0.043496	-0.136646	-0.242351	-0.348253	-0.438424	-0.494823	-0.502472	
0.514591	0.576335	0.612647	0.63028	0.630303	0.629191	0.631292	0.622164	0.593483	0.542433	0.465211	0.376377	0.292471	0.215903	0.153238	0.0954359	0.0294755	-0.0356523	-0.112782	-0.214264	-0.335713	-0.452879	-0.550154	-0.605639	-0.605343	
0.611871	0.675947	0.710667	0.731126	0.73009	0.7279	0.732605	0.721367	0.691449	0.642653	0.557088	0.455344	0.355483	0.260122	0.168842	0.0770927	-0.0227643	-0.112253	-0.196997	-0.295929	-0.420019	-0.545044	-0.646089	-0.70223	-0.704228	
0.677851	0.734543	0.76457	0.781682	0.780457	0.778412	0.783392	0.773184	0.747913	0.705743	0.623765	0.517032	0.410162	0.295435	0.169781	0.0461409	-0.0775687	-0.188608	-0.284836	-0.387329	-0.504943	-0.626641	-0.730969	-0.787906	-0.791845	
0.704468	0.746974	0.760403	0.767213	0.760635	0.758002	0.766052	0.763968	0.754483	0.726908	0.655362	0.552186	0.44037	0.310807	0.16131	0.00828937	-0.134332	-0.255656	-0.359209	-0.47136	-0.589279	-0.704431	-0.798535	-0.852622	-0.856986	
0.686099	0.704842	0.698637	0.687263	0.676815	0.674337	0.682222	0.694776	0.703678	0.698922	0.652017	0.563584	0.44948	0.305928	0.144564	-0.0217197	-0.180294	-0.311753	-0.42427	-0.540783	-0.66012	-0.763976	-0.839788	-0.881491	-0.876427	
0.622049	0.613891	0.584684	0.560318	0.550219	0.54831	0.55526	0.573469	0.603111	0.623114	0.608394	0.548759	0.441182	0.293658	0.129587	-0.0398639	-0.201446	-0.347735	-0.476644	-0.59762	-0.704889	-0.789292	-0.84421	-0.865207	-0.844138	
0.526117	0.491305	0.441843	0.407428	0.394388	0.392479	0.400209	0.425066	0.47134	0.514858	0.533469	0.507055	0.422531	0.291619	0.132809	-0.036734	-0.200474	-0.355325	-0.501549	-0.631726	-0.722983	-0.780805	-0.8111	-0.809416	-0.770132	
0.4334	0.36834	0.30001	0.246824	0.218448	0.213477	0.23201	0.276093	0.340768	0.40883	0.460732	0.466255	0.41115	0.303567	0.155678	-0.011617	-0.179371	-0.337537	-0.491495	-0.625441	-0.709491	-0.744899	-0.748158	-0.722729	-0.666527	
0.374053	0.283936	0.192601	0.117514	0.070098	0.0615563	0.0941994	0.159704	0.24673	0.33955	0.415189	0.442809	0.410604	0.322553	0.191923	0.037396	-0.123644	-0.281853	-0.434735	-0.563925	-0.64663	-0.676538	-0.658735	-0.613476	-0.548061	
0.365737	0.259807	0.145739	0.0466959	-0.0171133	-0.0288196	0.0162865	0.103025	0.213344	0.326243	0.413807	0.451154	0.430565	0.357103	0.242457	0.104139	-0.0458655	-0.198808	-0.343276	-0.45653	-0.531568	-0.559627	-0.541584	-0.494023	-0.430926	
0.408601	0.300693	0.180838	0.0631467	-0.0171235	-0.0318359	0.0247152	0.132208	0.253463	0.368069	0.458458	0.503186	0.493878	0.430886	0.329627	0.203813	0.0596927	-0.084236	-0.214343	-0.313568	-0.381519	-0.412958	-0.409747	-0.377631	-0.323046	
0.503723	0.404128	0.286361	0.16387	0.074012	0.0565891	0.1214	0.236376	0.359294	0.465995	0.552467	0.6072	0.605945	0.5494	0.455157	0.33181	0.189989	0.0509539	-0.0673482	-0.157965	-0.224446	-0.259436	-0.265403	-0.249817	-0.207755	
0.658186	0.560812	0.449754	0.332455	0.248562	0.232853	0.292575	0.402036	0.517961	0.621323	0.705181	0.753316	0.750976	0.694551	0.601115	0.478446	0.333378	0.196054	0.082648	-0.00125102	-0.0615876	-0.0971219	-0.107704	-0.0974367	-0.0676044	
0.852543	0.756414	0.65139	0.545423	0.464192	0.44845	0.508053	0.608062	0.714924	0.816159	0.897183	0.934776	0.915382	0.846824	0.74493	0.614298	0.466773	0.329097	0.221811	0.151708	0.105089	0.072521	0.0605998	0.0699289	0.0916446	
1.0535	0.959652	0.858067	0.755317	0.670346	0.652433	0.716784	0.817061	0.919001	1.01784	1.09825	1.13024	1.09345	0.996614	0.8665	0.721518	0.571895	0.437845	0.341257	0.287335	0.258551	0.236122	0.227137	0.236211	0.250925	
1.23207	1.13227	1.02365	0.920125	0.841214	0.82517	0.883835	0.980902	1.08928	1.1944	1.27637	1.30168	1.25038	1.12423	0.959455	0.796171	0.644603	0.515168	0.428537	0.387835	0.375839	0.373288	0.380398	0.392003	0.395518	
1.35091	1.24504	1.12516	1.02534	0.958268	0.945875	0.9935	1.08194	1.19634	1.31263	1.39478	1.4112	1.34199	1.19629	1.00925	0.826518	0.668035	0.543846	0.466559	0.437995	0.443968	0.466982	0.500794	0.520283	0.516215	
1.38122	1.28011	1.16793	1.07267	1.01087	0.999254	1.04335	1.1262	1.23525	1.34393	1.42329	1.43269	1.35069	1.19359	0.998625	0.802355	0.633959	0.514311	0.448879	0.428896	0.451361	0.503384	0.567932	0.612855	0.621445	
1.33308	1.24514	1.14467	1.05445	0.995852	0.985545	1.02585	1.10611	1.20542	1.30077	1.36954	1.37396	1.28918	1.12958	0.933188	0.733476	0.558453	0.439562	0.377265	0.364235	0.404399	0.486575	0.586161	0.66587	0.702756	
1.24514	1.16098	1.05571	0.967095	0.913016	0.903077	0.940777	1.01675	1.11932	1.21603	1.27362	1.26851	1.18578	1.03419	0.839087	0.635691	0.460903	0.33504	0.268458	0.266047	0.328505	0.439605	0.56734	0.67349	0.73705	
1.14467	1.05571	0.944471	0.847396	0.789422	0.778843	0.818895	0.902292	1.01146	1.11483	1.1679	1.14891	1.07195	0.931294	0.736391	0.527134	0.345578	0.215605	0.15036	0.164476	0.251366	0.383352	0.529664	0.658012	0.742667	
1.05445	0.967095	0.847396	0.737202	0.666827	0.654159	0.703188	0.800256	0.920676	1.02638	1.07395	1.05156	0.969192	0.828117	0.632679	0.414307	0.224153	0.0939483	0.0425254	0.0800648	0.189683	0.341772	0.501707	0.640908	0.742382	
0.995852	0.913016	0.789422	0.666827	0.594848	0.582462	0.630848	0.737204	0.866443	0.970025	1.01307	0.987097	0.895841	0.743503	0.549931	0.332855	0.135613	0.00815793	-0.0280948	0.0261978	0.153651	0.323814	0.491336	0.630349	0.733946	
0.985545	0.903077	0.778843	0.654159	0.582462	0.570836	0.617942	0.725242	0.856887	0.959596	1.00224	0.975198	0.881056	0.726288	0.53326	0.317409	0.118779	-0.00838794	-0.0407998	0.0162739	0.147009	0.321124	0.489854	0.628338	0.731122	
1.02585	0.940777	0.818895	0.703188	0.630848	0.617942	0.667838	0.769764	0.893712	0.999268	1.04471	1.02101	0.934748	0.789851	0.595028	0.375927	0.181922	0.0532949	0.00856854	0.0540775	0.171741	0.332032	0.496072	0.635761	0.739212	
1.10611	1.01675	0.902292	0.800256	0.737204	0.725242	0.769764	0.858055	0.971763	1.07639	1.12734	1.10615	1.02876	0.889831	0.694585	0.480832	0.296327	0.165519	0.104941	0.127741	0.223831	0.36381	0.516126	0.650985	0.743637	
1.20542	1.11932	1.01146	0.920676	0.866443	0.856887	0.893712	0.971763	1.07648	1.17623	1.23127	1.22017	1.14012	0.993417	0.797884	0.593861	0.416696	0.288776	0.221036	0.22465	0.297268	0.417003	0.552531	0.668638	0.740764	
1.30077	1.21603	1.11483	1.02638	0.970025	0.959596	0.999268	1.07639	1.17623	1.27041	1.33391	1.33567	1.2508	1.09301	0.897719	0.696371	0.521629	0.399897	0.336671	0.327054	0.375443	0.469863	0.582155	0.673763	0.722255	
1.36954	1.27362	1.1679	1.07395	1.01307	1.00224	1.04471	1.12734	1.23127	1.33391	1.41017	1.41717	1.33343	1.17426	0.977704	0.779445	0.606927	0.489213	0.426502	0.409078	0.438079	0.502251	0.580772	0.639843	0.658315	
1.37396	1.26851	1.14891	1.05156	0.987097	0.975198	1.02101	1.10615	1.22017	1.33567	1.41717	1.43073	1.35502	1.20405	1.01253	0.822965	0.661208	0.538655	0.465995	0.441317	0.454617	0.488885	0.534251	0.561128	0.559399	
1.28918	1.18578	1.07195	0.969192	0.895841	0.881056	0.934748	1.02876	1.14012	1.2508	1.33343	1.35502	1.29702	1.1612	0.985978	0.814933	0.661071	0.533318	0.449818	0.41471	0.409718	0.417114	0.434215	0.447554	0.446819	
1.12958	1.03419	0.931294	0.828117	0.743503	0.726288	0.789851	0.889831	0.993417	1.09301	1.17426	1.20405	1.1612	1.05192	0.907491	0.755619	0.605475	0.473362	0.381398	0.332778	0.310571	0.294916	0.290873	0.300447	0.311683	
0.933188	0.839087	0.736391	0.632679	0.549931	0.53326	0.595028	0.694585	0.797884	0.897719	0.977704	1.01253	0.985978	0.907491	0.796705	0.66068	0.512215	0.376182	0.27239	0.20889	0.169272	0.139768	0.128168	0.13704	0.155813	
0.733476	0.635691	0.527134	0.414307	0.332855	0.317409	0.375927	0.480832	0.593861	0.696371	0.779445	0.822965	0.814933	0.755619	0.66068	0.535508	0.389879	0.25138	0.14017	0.0612828	0.00548907	-0.0294993	-0.041199	-0.0312979	-0.00461928	
0.558453	0.460903	0.345578	0.224153	0.135613	0.118779	0.181922	0.296327	0.416696	0.521629	0.606927	0.661208	0.661071	0.605475	0.512215	0.389879	0.246725	0.109099	-0.00727018	-0.0949732	-0.160003	-0.195998	-0.203677	-0.191503	-0.155063	
0.439562	0.33504	0.215605	0.0939483	0.00815793	-0.00838794	0.0532949	0.165519	0.288776	0.399897	0.489213	0.538655	0.533318	0.473362	0.376182	0.25138	0.109099	-0.032413	-0.15642	-0.251922	-0.319333	-0.352415	-0.353583	-0.329195	-0.279428	
0.377265	0.268458	0.15036	0.0425254	-0.0280948	-0.0407998	0.00856854	0.104941	0.221036	0.336671	0.426502	0.465995	0.449818	0.381398	0.27239	0.14017	-0.00727018	-0.15642	-0.295916	-0.402395	-0.473689	-0.50275	-0.490308	-0.44733	-0.386478	
0.364235	0.266047	0.164476	0.0800648	0.0261978	0.0162739	0.0540775	0.127741	0.22465	0.327054	0.409078	0.441317	0.41471	0.332778	0.20889	0.0612828	-0.0949732	-0.251922	-0.402395	-0.526735	-0.606557	-0.635628	-0.614846	-0.565489	-0.500538	
0.404399	0.328505	0.251366	0.189683	0.153651	0.147009	0.171741	0.223831	0.297268	0.375443	0.438079	0.454617	0.409718	0.310571	0.169272	0.00548907	-0.160003	-0.319333	-0.473689	-0.606557	-0.691149	-0.722018	-0.715524	-0.681425	-0.619938	
0.486575	0.439605	0.383352	0.341772	0.323814	0.321124	0.332032	0.36381	0.417003	0.469863	0.502251	0.488885	0.417114	0.294916	0.139768	-0.0294993	-0.195998	-0.352415	-0.50275	-0.635628	-0.722018	-0.770156	-0.78939	-0.778486	-0.731478	
0.586161	0.56734	0.529664	0.501707	0.491336	0.489854	0.496072	0.516126	0.552531	0.582155	0.580772	0.534251	0.434215	0.290873	0.128168	-0.041199	-0.203677	-0.353583	-0.490308	-0.614846	-0.715524	-0.78939	-0.834469	-0.846401	-0.819031	
0.66587	0.67349	0.658012	0.640908	0.630349	0.628338	0.635761	0.650985	0.668638	0.673763	0.639843	0.561128	0.447554	0.300447	0.13704	-0.0312979	-0.191503	-0.329195	-0.44733	-0.565489	-0.681425	-0.778486	-0.846401	-0.880404	-0.868914	
0.702756	0.73705	0.742667	0.742382	0.733946	0.731122	0.739212	0.743637	0.740764	0.722255	0.658315	0.559399	0.446819	0.311683	0.155813	-0.00461928	-0.155063	-0.279428	-0.386478	-0.500538	-0.619938	-0.731478	-0.819031	-0.868914	-0.8707	
