-0.205643	-0.185018	-0.164761	-0.146022	-0.12948	-0.108263	-0.0617176	0.0128496	0.103574	0.197507	0.29614	0.402103	0.506443	0.584255	0.629046	0.635113	0.59983	0.539438	0.443413	0.317569	0.184632	0.0392411	-0.119843	-0.28161	-0.438047	
-0.185018	-0.160517	-0.135455	-0.108821	-0.0818045	-0.0503763	0.00440246	0.0907739	0.195548	0.297602	0.397287	0.491003	0.570157	0.61923	0.631202	0.601715	0.541397	0.469764	0.371517	0.244417	0.107069	-0.0387416	-0.198235	-0.364691	-0.521359	
-0.164761	-0.135455	-0.102103	-0.059651	-0.0155959	0.034219	0.104797	0.203358	0.315476	0.418599	0.499557	0.559122	0.598515	0.601391	0.573685	0.514649	0.432443	0.347183	0.243058	0.11843	-0.0117413	-0.148232	-0.293059	-0.437007	-0.569809	
-0.146022	-0.108821	-0.059651	0.00257941	0.0684727	0.140841	0.225037	0.328074	0.43986	0.529134	0.580682	0.602548	0.593962	0.552968	0.491336	0.400629	0.294361	0.191516	0.0808684	-0.0407253	-0.168072	-0.288962	-0.399485	-0.503461	-0.595155	
-0.12948	-0.0818045	-0.0155959	0.0684727	0.159468	0.254477	0.349085	0.452037	0.550105	0.615053	0.632039	0.607968	0.554263	0.477519	0.386735	0.275069	0.152775	0.0327349	-0.0894766	-0.214981	-0.334576	-0.429973	-0.502964	-0.560832	-0.603691	
-0.108263	-0.0503763	0.034219	0.140841	0.254477	0.365912	0.463771	0.551076	0.621404	0.654546	0.632811	0.572246	0.487094	0.386139	0.277319	0.149222	0.010013	-0.129754	-0.259505	-0.372021	-0.470156	-0.539716	-0.578283	-0.599146	-0.608589	
-0.0617176	0.00440246	0.104797	0.225037	0.349085	0.463771	0.547074	0.604107	0.638196	0.635027	0.585005	0.502104	0.396339	0.280793	0.156287	0.015148	-0.133367	-0.278579	-0.396009	-0.486533	-0.563378	-0.608231	-0.620779	-0.615646	-0.595004	
0.0128496	0.0907739	0.203358	0.328074	0.452037	0.551076	0.604107	0.61916	0.605068	0.564748	0.492253	0.391612	0.272652	0.148724	0.0160286	-0.124204	-0.262226	-0.392197	-0.489871	-0.557587	-0.609013	-0.632833	-0.626762	-0.598681	-0.555433	
0.103574	0.195548	0.315476	0.43986	0.550105	0.621404	0.638196	0.605068	0.544192	0.470589	0.376033	0.258271	0.126292	-0.00845539	-0.145661	-0.269867	-0.379708	-0.480094	-0.545232	-0.580327	-0.6053	-0.611972	-0.591218	-0.547743	-0.49065	
0.197507	0.297602	0.418599	0.529134	0.615053	0.654546	0.635027	0.564748	0.470589	0.369985	0.257262	0.123891	-0.0250683	-0.171818	-0.304313	-0.405716	-0.484113	-0.545512	-0.574493	-0.580339	-0.573722	-0.551782	-0.511349	-0.45823	-0.404631	
0.29614	0.397287	0.499557	0.580682	0.632039	0.632811	0.585005	0.492253	0.376033	0.257262	0.133373	-0.0120937	-0.167268	-0.308461	-0.427013	-0.505817	-0.554781	-0.586653	-0.593814	-0.571773	-0.524089	-0.468178	-0.412423	-0.360711	-0.320026	
0.402103	0.491003	0.559122	0.602548	0.607968	0.572246	0.502104	0.391612	0.258271	0.123891	-0.0120937	-0.156901	-0.293508	-0.413963	-0.50635	-0.557471	-0.58631	-0.596321	-0.580895	-0.533839	-0.461081	-0.39313	-0.337075	-0.287627	-0.251163	
0.506443	0.570157	0.598515	0.593962	0.554263	0.487094	0.396339	0.272652	0.126292	-0.0250683	-0.167268	-0.293508	-0.403706	-0.494448	-0.552222	-0.582478	-0.587755	-0.56167	-0.521619	-0.465502	-0.394101	-0.333132	-0.284905	-0.245028	-0.218225	
0.584255	0.61923	0.601391	0.552968	0.477519	0.386139	0.280793	0.148724	-0.00845539	-0.171818	-0.308461	-0.413963	-0.494448	-0.549528	-0.579958	-0.585557	-0.554383	-0.496197	-0.442511	-0.388343	-0.327326	-0.277546	-0.24618	-0.226681	-0.214584	
0.629046	0.631202	0.573685	0.491336	0.386735	0.277319	0.156287	0.0160286	-0.145661	-0.304313	-0.427013	-0.50635	-0.552222	-0.579958	-0.582746	-0.55761	-0.501526	-0.427218	-0.365493	-0.314357	-0.26696	-0.234277	-0.220874	-0.219938	-0.227282	
0.635113	0.601715	0.514649	0.400629	0.275069	0.149222	0.015148	-0.124204	-0.269867	-0.405716	-0.505817	-0.557471	-0.582478	-0.585557	-0.55761	-0.511168	-0.441235	-0.361563	-0.298111	-0.253537	-0.226213	-0.210222	-0.209076	-0.225278	-0.243856	
0.59983	0.541397	0.432443	0.294361	0.152775	0.010013	-0.133367	-0.262226	-0.379708	-0.484113	-0.554781	-0.58631	-0.587755	-0.554383	-0.501526	-0.441235	-0.372796	-0.30978	-0.255131	-0.220591	-0.209316	-0.204361	-0.211705	-0.229299	-0.239313	
0.539438	0.469764	0.347183	0.191516	0.0327349	-0.129754	-0.278579	-0.392197	-0.480094	-0.545512	-0.586653	-0.596321	-0.56167	-0.496197	-0.427218	-0.361563	-0.30978	-0.269041	-0.226664	-0.206122	-0.213082	-0.221879	-0.224215	-0.221844	-0.217697	
0.443413	0.371517	0.243058	0.0808684	-0.0894766	-0.259505	-0.396009	-0.489871	-0.545232	-0.574493	-0.593814	-0.580895	-0.521619	-0.442511	-0.365493	-0.298111	-0.255131	-0.226664	-0.201596	-0.203996	-0.229657	-0.241709	-0.230984	-0.214202	-0.19872	
0.317569	0.244417	0.11843	-0.0407253	-0.214981	-0.372021	-0.486533	-0.557587	-0.580327	-0.580339	-0.571773	-0.533839	-0.465502	-0.388343	-0.314357	-0.253537	-0.220591	-0.206122	-0.203996	-0.217099	-0.228338	-0.228586	-0.222155	-0.20934	-0.191026	
0.184632	0.107069	-0.0117413	-0.168072	-0.334576	-0.470156	-0.563378	-0.609013	-0.6053	-0.573722	-0.524089	-0.461081	-0.394101	-0.327326	-0.26696	-0.226213	-0.209316	-0.213082	-0.229657	-0.228338	-0.20943	-0.205998	-0.207238	-0.194612	-0.18196	
0.0392411	-0.0387416	-0.148232	-0.288962	-0.429973	-0.539716	-0.608231	-0.632833	-0.611972	-0.551782	-0.468178	-0.39313	-0.333132	-0.277546	-0.234277	-0.210222	-0.204361	-0.221879	-0.241709	-0.228586	-0.205998	-0.200478	-0.1891	-0.171977	-0.172198	
-0.119843	-0.198235	-0.293059	-0.399485	-0.502964	-0.578283	-0.620779	-0.626762	-0.591218	-0.511349	-0.412423	-0.337075	-0.284905	-0.24618	-0.220874	-0.209076	-0.211705	-0.224215	-0.230984	-0.222155	-0.207238	-0.1891	-0.171948	-0.171222	-0.183657	
-0.28161	-0.364691	-0.437007	-0.503461	-0.560832	-0.599146	-0.615646	-0.598681	-0.547743	-0.45823	-0.360711	-0.287627	-0.245028	-0.226681	-0.219938	-0.225278	-0.229299	-0.221844	-0.214202	-0.20934	-0.194612	-0.171977	-0.171222	-0.191314	-0.195812	
-0.438047	-0.521359	-0.569809	-0.595155	-0.603691	-0.608589	-0.595004	-0.555433	-0.49065	-0.404631	-0.320026	-0.251163	-0.218225	-0.214584	-0.227282	-0.243856	-0.239313	-0.217697	-0.19872	-0.191026	-0.18196	-0.172198	-0.183657	-0.195812	-0.183542	
-0.586235	-0.662365	-0.688671	-0.671006	-0.636419	-0.603688	-0.557606	-0.498149	-0.425105	-0.356266	-0.291991	-0.235838	-0.20961	-0.214592	-0.23768	-0.247358	-0.236074	-0.211924	-0.185508	-0.178018	-0.181323	-0.186372	-0.189312	-0.177166	-0.167904	
-0.718529	-0.783227	-0.784405	-0.730159	-0.657599	-0.58208	-0.507313	-0.43089	-0.362735	-0.317549	-0.278657	-0.243005	-0.220616	-0.225238	-0.238014	-0.232904	-0.221622	-0.203189	-0.182739	-0.177938	-0.188106	-0.197458	-0.182449	-0.160366	-0.163626	
-0.824727	-0.878355	-0.858382	-0.782791	-0.67708	-0.562803	-0.459491	-0.369344	-0.310603	-0.281259	-0.266271	-0.253144	-0.240402	-0.238781	-0.233529	-0.221447	-0.209043	-0.197011	-0.186321	-0.177927	-0.186952	-0.194772	-0.178272	-0.166568	-0.165132	
-0.902178	-0.945515	-0.914378	-0.826889	-0.696843	-0.55171	-0.420423	-0.323724	-0.270045	-0.249374	-0.252802	-0.260956	-0.262085	-0.249988	-0.228954	-0.21347	-0.200601	-0.194946	-0.191761	-0.182407	-0.179991	-0.179161	-0.177347	-0.17949	-0.170129	
-0.945487	-0.977832	-0.939512	-0.842834	-0.699824	-0.536049	-0.390488	-0.297481	-0.250772	-0.239995	-0.254953	-0.277378	-0.281887	-0.253076	-0.216015	-0.193385	-0.187525	-0.194083	-0.203454	-0.202988	-0.18221	-0.163947	-0.168128	-0.173847	-0.174624	
-0.952275	-0.982389	-0.941974	-0.843931	-0.698589	-0.531515	-0.384984	-0.292616	-0.248629	-0.240164	-0.256491	-0.282666	-0.285849	-0.252628	-0.212652	-0.187427	-0.184203	-0.194324	-0.206483	-0.2084	-0.183303	-0.16161	-0.165821	-0.170184	-0.175192	
-0.923849	-0.963203	-0.928267	-0.837284	-0.700246	-0.545391	-0.407406	-0.309976	-0.259507	-0.242617	-0.251007	-0.26796	-0.27081	-0.251887	-0.224842	-0.205928	-0.196174	-0.19512	-0.195765	-0.189293	-0.178882	-0.171992	-0.17522	-0.179537	-0.172556	
-0.859279	-0.908897	-0.883915	-0.802614	-0.685885	-0.558126	-0.442641	-0.349164	-0.292272	-0.266497	-0.260474	-0.25629	-0.249414	-0.24412	-0.231321	-0.218269	-0.206003	-0.195722	-0.187992	-0.179184	-0.184353	-0.188514	-0.177702	-0.173309	-0.167261	
-0.764031	-0.823948	-0.816229	-0.751438	-0.664732	-0.57333	-0.486981	-0.405364	-0.340796	-0.302834	-0.274607	-0.247471	-0.228262	-0.230646	-0.235723	-0.227373	-0.215842	-0.199957	-0.183747	-0.178041	-0.189572	-0.199155	-0.179749	-0.159304	-0.163082	
-0.64203	-0.714298	-0.730603	-0.696798	-0.646209	-0.59577	-0.538182	-0.471273	-0.398678	-0.339889	-0.284744	-0.236776	-0.212582	-0.217767	-0.239674	-0.243364	-0.230646	-0.208626	-0.183222	-0.1764	-0.183701	-0.192278	-0.187501	-0.168277	-0.16509	
-0.498404	-0.579837	-0.619721	-0.627457	-0.618161	-0.608465	-0.581828	-0.534413	-0.464769	-0.384631	-0.307051	-0.241696	-0.212511	-0.213133	-0.232136	-0.247721	-0.239248	-0.215602	-0.192555	-0.184863	-0.180884	-0.176384	-0.186766	-0.190833	-0.176989	
-0.344804	-0.428581	-0.49137	-0.541751	-0.578999	-0.604728	-0.609261	-0.583401	-0.527067	-0.436329	-0.343346	-0.270495	-0.231529	-0.220996	-0.222122	-0.233654	-0.235116	-0.220477	-0.207714	-0.201467	-0.188271	-0.170161	-0.1765	-0.196818	-0.192577	
-0.185474	-0.265814	-0.351692	-0.442491	-0.527835	-0.587982	-0.620467	-0.616894	-0.575851	-0.490819	-0.390818	-0.316597	-0.267702	-0.237561	-0.21931	-0.214016	-0.218412	-0.223448	-0.225035	-0.218021	-0.202401	-0.181603	-0.170158	-0.178392	-0.190098	
-0.0232794	-0.10095	-0.2054	-0.333644	-0.461564	-0.558221	-0.616468	-0.633758	-0.606501	-0.53782	-0.445805	-0.369551	-0.312629	-0.262992	-0.226797	-0.2076	-0.205647	-0.22332	-0.239303	-0.22736	-0.207965	-0.197126	-0.180209	-0.167384	-0.175064	
0.128349	0.0506786	-0.0647359	-0.217213	-0.375605	-0.502572	-0.586133	-0.622616	-0.611339	-0.567056	-0.50218	-0.432417	-0.367044	-0.30463	-0.251458	-0.218536	-0.207178	-0.21793	-0.237432	-0.229246	-0.20571	-0.202397	-0.200097	-0.185325	-0.177244	
0.264586	0.189518	0.0668525	-0.0918558	-0.264787	-0.413392	-0.519776	-0.57965	-0.590956	-0.579145	-0.554689	-0.506933	-0.43806	-0.364058	-0.294677	-0.240632	-0.213813	-0.2062	-0.21315	-0.223427	-0.221293	-0.218199	-0.216745	-0.205396	-0.188069	
0.395212	0.32331	0.194866	0.0338439	-0.139925	-0.306435	-0.434322	-0.519873	-0.561125	-0.578825	-0.58852	-0.5657	-0.501796	-0.421804	-0.344503	-0.278027	-0.238226	-0.214742	-0.197822	-0.207694	-0.233026	-0.241	-0.229181	-0.211951	-0.194135	
0.505774	0.435008	0.308962	0.148784	-0.0154067	-0.183879	-0.329563	-0.436018	-0.511718	-0.561174	-0.592964	-0.593333	-0.546569	-0.4734	-0.399974	-0.333353	-0.286369	-0.25231	-0.216499	-0.203243	-0.218578	-0.231942	-0.228996	-0.218095	-0.208713	
0.57879	0.514119	0.398953	0.252748	0.104091	-0.0458834	-0.192985	-0.315959	-0.42187	-0.511593	-0.569248	-0.592825	-0.580858	-0.533253	-0.472708	-0.408754	-0.346397	-0.292545	-0.242583	-0.213774	-0.208528	-0.20856	-0.216581	-0.227531	-0.231534	
0.624893	0.580314	0.482684	0.358575	0.226229	0.0941044	-0.0432128	-0.180235	-0.314854	-0.439071	-0.527943	-0.570612	-0.588191	-0.577665	-0.539159	-0.485876	-0.414076	-0.339646	-0.277438	-0.236075	-0.217051	-0.205274	-0.208229	-0.228646	-0.245409	
0.636993	0.624702	0.554385	0.458022	0.344944	0.2282	0.10146	-0.0399691	-0.198332	-0.348941	-0.463581	-0.530975	-0.567237	-0.585253	-0.575505	-0.541528	-0.477732	-0.399763	-0.33753	-0.287877	-0.248128	-0.222331	-0.213403	-0.220836	-0.235531	
0.606446	0.628114	0.593427	0.530674	0.44275	0.344566	0.232732	0.0971041	-0.0633152	-0.227188	-0.359584	-0.455215	-0.521576	-0.564934	-0.584119	-0.578168	-0.535568	-0.467675	-0.409949	-0.357589	-0.302104	-0.258948	-0.234555	-0.222459	-0.217955	
0.5415	0.594162	0.603537	0.580547	0.525663	0.447648	0.351005	0.223658	0.0726283	-0.0841017	-0.225979	-0.344548	-0.442887	-0.519525	-0.565457	-0.586736	-0.578471	-0.538027	-0.491122	-0.434635	-0.366458	-0.309995	-0.268097	-0.235685	-0.214154	
0.445763	0.525574	0.578791	0.603491	0.590191	0.541215	0.461328	0.345228	0.206066	0.0646316	-0.0745142	-0.213724	-0.339618	-0.448661	-0.527483	-0.569645	-0.590538	-0.587156	-0.56167	-0.509955	-0.434959	-0.367726	-0.314002	-0.266685	-0.232742	
0.337452	0.435542	0.524685	0.592554	0.626161	0.611938	0.555344	0.454678	0.33206	0.206846	0.0776318	-0.0694662	-0.219809	-0.353918	-0.463661	-0.531577	-0.571706	-0.595819	-0.594241	-0.560073	-0.499294	-0.435847	-0.378901	-0.328677	-0.289694	
