-0.633422	-0.712811	-0.769495	-0.803085	-0.823518	-0.827293	-0.812533	-0.785081	-0.738352	-0.667865	-0.574348	-0.452707	-0.303123	-0.128958	0.0672701	0.272778	0.467607	0.634735	0.75282	0.803244	0.78425	0.700336	0.570764	0.427146	0.296666	
-0.51782	-0.590271	-0.645994	-0.681313	-0.699805	-0.702785	-0.690842	-0.66261	-0.614878	-0.549195	-0.464331	-0.352233	-0.212712	-0.0480209	0.141117	0.33966	0.528452	0.691531	0.801703	0.8392	0.80761	0.709172	0.561739	0.398089	0.238511	
-0.338672	-0.406331	-0.454744	-0.487017	-0.507342	-0.510841	-0.496998	-0.469177	-0.427875	-0.36794	-0.289608	-0.190574	-0.0671749	0.0772035	0.243496	0.421903	0.591393	0.734162	0.823656	0.839043	0.781294	0.65442	0.480316	0.292857	0.112738	
-0.110161	-0.16682	-0.208537	-0.236617	-0.248856	-0.249988	-0.243278	-0.221086	-0.185477	-0.135083	-0.0684146	0.0146701	0.117128	0.236977	0.373545	0.515483	0.64839	0.759205	0.818367	0.806587	0.723749	0.568055	0.366538	0.156514	-0.0439546	
0.151388	0.112149	0.0862328	0.0667412	0.0561443	0.0548916	0.0605943	0.0778365	0.100707	0.133953	0.180163	0.238895	0.314858	0.401263	0.49919	0.603446	0.696713	0.767958	0.794726	0.756953	0.652941	0.479623	0.259119	0.0310904	-0.183449	
0.424441	0.408346	0.401499	0.393247	0.391769	0.392773	0.391527	0.398374	0.40479	0.416622	0.438625	0.463302	0.498611	0.5472	0.605586	0.667069	0.723995	0.763969	0.763713	0.710152	0.595985	0.41492	0.1892	-0.0495327	-0.277614	
0.681391	0.695093	0.707286	0.711601	0.717507	0.719501	0.713241	0.710045	0.70077	0.686818	0.673122	0.660982	0.659299	0.665771	0.684929	0.715332	0.744061	0.761179	0.744847	0.680586	0.563724	0.385018	0.163173	-0.0733818	-0.308802	
0.88799	0.923543	0.959606	0.980097	0.993024	0.996385	0.985852	0.969725	0.938838	0.901812	0.866445	0.824963	0.788626	0.764835	0.753297	0.755636	0.767108	0.77344	0.754263	0.692181	0.574985	0.400309	0.184584	-0.0469643	-0.278491	
1.02278	1.07454	1.12102	1.15376	1.17749	1.18203	1.16416	1.13609	1.09405	1.04371	0.991188	0.936378	0.889415	0.851182	0.82304	0.809127	0.80695	0.806466	0.78925	0.73933	0.636809	0.473227	0.264668	0.035418	-0.189981	
1.0862	1.13918	1.18607	1.21293	1.22876	1.23245	1.2202	1.19874	1.16011	1.10769	1.05279	0.993907	0.941071	0.902398	0.876366	0.867359	0.869915	0.870713	0.863225	0.829603	0.744375	0.602782	0.408732	0.178168	-0.0527134	
1.06398	1.10413	1.13835	1.16232	1.17746	1.18007	1.17004	1.14908	1.11863	1.08064	1.03874	0.993267	0.950009	0.92207	0.908547	0.91083	0.93467	0.957988	0.964246	0.948068	0.882055	0.760944	0.590499	0.372586	0.138002	
0.964468	0.991009	1.01145	1.03044	1.04086	1.04183	1.03597	1.01887	0.999693	0.975963	0.948422	0.928386	0.913802	0.906803	0.914649	0.939033	0.977582	1.02294	1.05935	1.06682	1.02473	0.925105	0.773967	0.580781	0.364563	
0.824396	0.830897	0.837719	0.846122	0.847172	0.84644	0.847887	0.841322	0.833625	0.826539	0.821209	0.821107	0.827238	0.84641	0.876968	0.921666	0.980531	1.04609	1.11255	1.15439	1.14578	1.08275	0.955252	0.777335	0.586349	
0.664328	0.656306	0.647229	0.644862	0.642355	0.640672	0.643966	0.645946	0.652228	0.661222	0.669043	0.681864	0.704635	0.739722	0.789996	0.861346	0.946699	1.03276	1.11769	1.18844	1.21395	1.18645	1.0956	0.93954	0.767473	
0.493862	0.479658	0.467048	0.46114	0.455728	0.454988	0.459495	0.462692	0.474634	0.488301	0.505287	0.535321	0.569902	0.617344	0.681242	0.759807	0.859424	0.968976	1.0756	1.16518	1.21795	1.22347	1.16878	1.0501	0.899829	
0.345123	0.32626	0.308375	0.307086	0.300494	0.297242	0.306393	0.306407	0.317817	0.338135	0.358646	0.396061	0.436489	0.487446	0.558264	0.638007	0.738329	0.858756	0.981412	1.08959	1.17003	1.20645	1.18366	1.10245	0.981711	
0.229141	0.211953	0.192214	0.182423	0.175772	0.173455	0.179325	0.187548	0.203378	0.222232	0.240558	0.269383	0.308745	0.357011	0.425849	0.515893	0.612549	0.729249	0.86372	0.985391	1.08527	1.14156	1.14638	1.09957	1.00665	
0.13297	0.114412	0.106065	0.095449	0.0921102	0.0929458	0.092177	0.102597	0.110693	0.123609	0.146783	0.1695	0.207597	0.253674	0.308588	0.392283	0.49091	0.604064	0.731978	0.85874	0.975687	1.05209	1.07553	1.05843	0.997632	
0.0662439	0.0484461	0.0440183	0.0375133	0.0356425	0.0363567	0.0354836	0.0424186	0.045187	0.0580039	0.0790305	0.0963278	0.126784	0.167128	0.217784	0.28518	0.376109	0.487985	0.605889	0.732215	0.859213	0.956488	1.00068	1.00391	0.969741	
0.0198576	0.0134652	0.00743686	-0.00242236	-0.0031455	-0.00166394	-0.00382722	0.00298039	0.0116771	0.0166268	0.0276871	0.04603	0.0650574	0.0983917	0.148144	0.200858	0.277434	0.383874	0.503994	0.626553	0.750033	0.860527	0.930339	0.956109	0.934943	
-0.0103997	-0.01415	-0.0171	-0.0239079	-0.0238708	-0.023575	-0.0250169	-0.0198982	-0.0143954	-0.0127501	-0.00361228	0.0116584	0.0254733	0.0496462	0.0884829	0.141566	0.210796	0.297106	0.410683	0.537571	0.662648	0.776818	0.86558	0.917016	0.916436	
-0.0258362	-0.0323593	-0.0335336	-0.036462	-0.0348871	-0.0342894	-0.0360152	-0.0345762	-0.0339752	-0.028567	-0.019819	-0.0144101	0.000377364	0.0204868	0.0464219	0.0947334	0.157793	0.234433	0.334814	0.460308	0.591388	0.713012	0.821636	0.89317	0.917191	
-0.0344902	-0.0392725	-0.0428433	-0.0404446	-0.0432815	-0.0444081	-0.0407674	-0.0419319	-0.0412429	-0.0360107	-0.0351705	-0.03107	-0.014507	0.00204346	0.0212526	0.0562511	0.112691	0.190564	0.282858	0.401538	0.533877	0.664959	0.791774	0.88539	0.93076	
-0.0385591	-0.0445965	-0.046172	-0.0426129	-0.0488268	-0.0510754	-0.0448057	-0.0446879	-0.0453815	-0.041366	-0.0382909	-0.0365788	-0.0301774	-0.0168903	0.00507942	0.0361652	0.0826506	0.150565	0.239862	0.359788	0.49392	0.632105	0.771619	0.886997	0.960233	
-0.0486441	-0.0483541	-0.0467204	-0.0504685	-0.0463703	-0.0436665	-0.0491034	-0.0485673	-0.0474167	-0.0494454	-0.0429711	-0.0383459	-0.0379585	-0.0258896	-0.0053112	0.0202002	0.0629033	0.125243	0.20755	0.320326	0.456324	0.610107	0.764807	0.894718	0.996852	
-0.0503957	-0.044255	-0.048472	-0.0504982	-0.0483511	-0.0486046	-0.0496994	-0.0499992	-0.0449115	-0.0470764	-0.0516856	-0.0421121	-0.035674	-0.0309145	-0.0171	0.00549128	0.0451521	0.103486	0.187787	0.295575	0.430386	0.596353	0.76267	0.910774	1.03178	
-0.044255	-0.0475752	-0.0517374	-0.0455366	-0.0509044	-0.0542396	-0.0462915	-0.0499235	-0.0499612	-0.0446841	-0.0472473	-0.0459227	-0.0420137	-0.0354573	-0.0228853	0.00163939	0.0329589	0.0822468	0.171689	0.276434	0.413653	0.585179	0.760801	0.931358	1.06597	
-0.048472	-0.0517374	-0.0514416	-0.0479367	-0.0480285	-0.0475515	-0.0465148	-0.050336	-0.0522131	-0.0499423	-0.0469906	-0.0465631	-0.0452985	-0.0373083	-0.0255419	-0.00316318	0.0275598	0.0770581	0.156037	0.256325	0.399708	0.57358	0.761663	0.946737	1.09453	
-0.0504982	-0.0455366	-0.0479367	-0.05125	-0.0501599	-0.0501797	-0.0518751	-0.0495535	-0.0454593	-0.0479653	-0.0519808	-0.0459872	-0.0400303	-0.0395199	-0.0297505	-0.012214	0.0182349	0.0704863	0.142934	0.2528	0.396774	0.56767	0.765855	0.960349	1.11797	
-0.0483511	-0.0509044	-0.0480285	-0.0501599	-0.0492433	-0.0486256	-0.0506723	-0.0479754	-0.0504365	-0.0500458	-0.0460457	-0.048471	-0.0460076	-0.0386501	-0.0285456	-0.0134293	0.0179907	0.0675132	0.136875	0.247178	0.389364	0.564042	0.764675	0.96781	1.13229	
-0.0486046	-0.0542396	-0.0475515	-0.0501797	-0.0486256	-0.0469133	-0.0502011	-0.0468009	-0.0525872	-0.052243	-0.0432324	-0.0491884	-0.048685	-0.0379035	-0.028643	-0.0129678	0.0197404	0.0680788	0.135956	0.243997	0.387659	0.563865	0.763067	0.96858	1.13423	
-0.0496994	-0.0462915	-0.0465148	-0.0518751	-0.0506723	-0.0502011	-0.053456	-0.0484774	-0.0453484	-0.0484359	-0.0498672	-0.047133	-0.041521	-0.0386379	-0.0304225	-0.0135753	0.0169001	0.0674923	0.139409	0.251411	0.395414	0.566129	0.765856	0.964899	1.12508	
-0.0499992	-0.0499235	-0.050336	-0.0495535	-0.0479754	-0.0468009	-0.0484774	-0.0503492	-0.0500533	-0.0504628	-0.049162	-0.0462544	-0.0433768	-0.0379204	-0.0273265	-0.00693994	0.024046	0.0753654	0.150869	0.253588	0.396739	0.56951	0.764039	0.952273	1.10414	
-0.0449115	-0.0499612	-0.0522131	-0.0454593	-0.0504365	-0.0525872	-0.0453484	-0.0500533	-0.0516483	-0.0462093	-0.0464819	-0.0461166	-0.0441083	-0.0372482	-0.023811	0.000322222	0.0303317	0.0792187	0.164877	0.267387	0.407628	0.580766	0.760985	0.937649	1.0782	
-0.0470764	-0.0446841	-0.0499423	-0.0479653	-0.0500458	-0.052243	-0.0484359	-0.0504628	-0.0462093	-0.0446386	-0.050798	-0.0442259	-0.0377125	-0.0326453	-0.0198504	0.00322825	0.0394963	0.0930375	0.180632	0.288296	0.423641	0.592268	0.761107	0.919371	1.04647	
-0.0516856	-0.0472473	-0.0469906	-0.0519808	-0.0460457	-0.0432324	-0.0498672	-0.049162	-0.0464819	-0.050798	-0.0472974	-0.0393436	-0.0369234	-0.0275199	-0.0105961	0.0129825	0.0556132	0.117671	0.199862	0.308325	0.443449	0.603411	0.763702	0.90019	1.01035	
-0.0421121	-0.0459227	-0.0465631	-0.0459872	-0.048471	-0.0491884	-0.047133	-0.0462544	-0.0461166	-0.0442259	-0.0393436	-0.0369978	-0.0348616	-0.0225937	0.00101868	0.0303235	0.0736655	0.138405	0.224627	0.343429	0.478845	0.622466	0.768288	0.889398	0.974903	
-0.035674	-0.0420137	-0.0452985	-0.0400303	-0.0460076	-0.048685	-0.041521	-0.0433768	-0.0441083	-0.0377125	-0.0369234	-0.0348616	-0.0212195	-0.00531464	0.0138818	0.0465226	0.0996487	0.1733	0.264366	0.383938	0.516532	0.65047	0.781683	0.884758	0.941177	
-0.0309145	-0.0354573	-0.0373083	-0.0395199	-0.0386501	-0.0379035	-0.0386379	-0.0379204	-0.0372482	-0.0326453	-0.0275199	-0.0225937	-0.00531464	0.0129874	0.0344892	0.0771193	0.137593	0.216588	0.313049	0.434065	0.566041	0.691522	0.808551	0.888473	0.920564	
-0.0171	-0.0228853	-0.0255419	-0.0297505	-0.0285456	-0.028643	-0.0304225	-0.0273265	-0.023811	-0.0198504	-0.0105961	0.00101868	0.0138818	0.0344892	0.0697182	0.122752	0.188654	0.26864	0.37605	0.505266	0.633172	0.748769	0.846219	0.905866	0.91532	
0.00549128	0.00163939	-0.00316318	-0.012214	-0.0134293	-0.0129678	-0.0135753	-0.00693994	0.000322222	0.00322825	0.0129825	0.0303235	0.0465226	0.0771193	0.122752	0.17423	0.24812	0.346896	0.465988	0.589365	0.712107	0.825174	0.902341	0.938675	0.924447	
0.0451521	0.0329589	0.0275598	0.0182349	0.0179907	0.0197404	0.0169001	0.024046	0.0303317	0.0394963	0.0556132	0.0736655	0.0996487	0.137593	0.188654	0.24812	0.332601	0.444713	0.563534	0.687104	0.813657	0.917611	0.972243	0.983943	0.955191	
0.103486	0.0822468	0.0770581	0.0704863	0.0675132	0.0680788	0.0674923	0.0753654	0.0792187	0.0930375	0.117671	0.138405	0.1733	0.216588	0.26864	0.346896	0.444713	0.556103	0.678347	0.806788	0.929535	1.01428	1.04492	1.03712	0.988908	
0.187787	0.171689	0.156037	0.142934	0.136875	0.135956	0.139409	0.150869	0.164877	0.180632	0.199862	0.224627	0.264366	0.313049	0.37605	0.465988	0.563534	0.678347	0.812923	0.936271	1.04292	1.10749	1.11977	1.08648	1.00556	
0.295575	0.276434	0.256325	0.2528	0.247178	0.243997	0.251411	0.253588	0.267387	0.288296	0.308325	0.343429	0.383938	0.434065	0.505266	0.589365	0.687104	0.806788	0.936271	1.05094	1.14003	1.18559	1.17514	1.10735	0.997676	
0.430386	0.413653	0.399708	0.396774	0.389364	0.387659	0.395414	0.396739	0.407628	0.423641	0.443449	0.478845	0.516532	0.566041	0.633172	0.712107	0.813657	0.929535	1.04292	1.14003	1.20437	1.22267	1.18092	1.07743	0.939625	
0.596353	0.585179	0.57358	0.56767	0.564042	0.563865	0.566129	0.56951	0.580766	0.592268	0.603411	0.622466	0.65047	0.691522	0.748769	0.825174	0.917611	1.01428	1.10749	1.18559	1.22267	1.20822	1.13292	0.991002	0.826117	
0.76267	0.760801	0.761663	0.765855	0.764675	0.763067	0.765856	0.764039	0.760985	0.761107	0.763702	0.768288	0.781683	0.808551	0.846219	0.902341	0.972243	1.04492	1.11977	1.17514	1.18092	1.13292	1.01918	0.847676	0.664335	
0.910774	0.931358	0.946737	0.960349	0.96781	0.96858	0.964899	0.952273	0.937649	0.919371	0.90019	0.889398	0.884758	0.888473	0.905866	0.938675	0.983943	1.03712	1.08648	1.10735	1.07743	0.991002	0.847676	0.661071	0.456457	
1.03178	1.06597	1.09453	1.11797	1.13229	1.13423	1.12508	1.10414	1.0782	1.04647	1.01035	0.974903	0.941177	0.920564	0.91532	0.924447	0.955191	0.988908	1.00556	0.997676	0.939625	0.826117	0.664335	0.456457	0.226874	
