0.384662	0.302215	0.180482	0.0277735	-0.119244	-0.236295	-0.325133	-0.399907	-0.466698	-0.540597	-0.616456	-0.685448	-0.745384	-0.774087	-0.77135	-0.758053	-0.744325	-0.721118	-0.682754	-0.626169	-0.539424	-0.424182	-0.298829	-0.18179	-0.077161	
0.302215	0.23648	0.138071	0.0205292	-0.0938007	-0.181646	-0.246175	-0.30672	-0.378491	-0.46156	-0.552358	-0.640455	-0.723535	-0.775365	-0.788097	-0.776661	-0.754118	-0.720099	-0.677169	-0.622052	-0.546938	-0.460528	-0.364142	-0.273953	-0.192834	
0.180482	0.138071	0.0731564	-0.00180271	-0.0697168	-0.11004	-0.136612	-0.175338	-0.241431	-0.327635	-0.428464	-0.535089	-0.63381	-0.706201	-0.736386	-0.728073	-0.696237	-0.652032	-0.59812	-0.539367	-0.483978	-0.424729	-0.359483	-0.300923	-0.251409	
0.0277735	0.0205292	-0.00180271	-0.025644	-0.0371055	-0.0241467	-0.0127297	-0.026163	-0.0747234	-0.157817	-0.262888	-0.376764	-0.485346	-0.568518	-0.610202	-0.607295	-0.575767	-0.527808	-0.465184	-0.40392	-0.36073	-0.323887	-0.287661	-0.261489	-0.243645	
-0.119244	-0.0938007	-0.0697168	-0.0371055	0.0140879	0.0746753	0.1221	0.136353	0.103183	0.0282318	-0.0726425	-0.182888	-0.292873	-0.38766	-0.439969	-0.445414	-0.416476	-0.36234	-0.294402	-0.233434	-0.197423	-0.175224	-0.162113	-0.160931	-0.175464	
-0.236295	-0.181646	-0.11004	-0.0241467	0.0746753	0.172667	0.252508	0.289095	0.27453	0.211483	0.119169	0.0116838	-0.0986302	-0.197647	-0.256735	-0.269879	-0.242619	-0.182611	-0.112226	-0.0475151	-0.008895	0.00756935	0.00424501	-0.0154837	-0.0589762	
-0.325133	-0.246175	-0.136612	-0.0127297	0.1221	0.252508	0.354033	0.401115	0.398244	0.351004	0.273309	0.170782	0.063931	-0.0318252	-0.0953152	-0.106754	-0.0750965	-0.0101878	0.067627	0.140531	0.192648	0.207159	0.18784	0.144608	0.0749596	
-0.399907	-0.30672	-0.175338	-0.026163	0.136353	0.289095	0.401115	0.456964	0.469467	0.435908	0.370375	0.278223	0.180643	0.0945518	0.0411282	0.0322198	0.0645447	0.132758	0.224965	0.3181	0.375927	0.387809	0.36448	0.299022	0.212764	
-0.466698	-0.378491	-0.241431	-0.0747234	0.103183	0.27453	0.398244	0.469467	0.496116	0.476015	0.415318	0.326802	0.238635	0.173419	0.139631	0.140361	0.175749	0.253038	0.354105	0.452276	0.515152	0.526633	0.499196	0.424418	0.330763	
-0.540597	-0.46156	-0.327635	-0.157817	0.0282318	0.211483	0.351004	0.435908	0.476015	0.458576	0.401807	0.319721	0.241216	0.199023	0.192142	0.209875	0.25725	0.341936	0.444695	0.539582	0.597154	0.606276	0.56974	0.495443	0.401115	
-0.616456	-0.552358	-0.428464	-0.262888	-0.0726425	0.119169	0.273309	0.370375	0.415318	0.401807	0.348357	0.27275	0.209582	0.184169	0.196122	0.235461	0.304222	0.398215	0.495959	0.581986	0.624342	0.622216	0.573295	0.494613	0.392945	
-0.685448	-0.640455	-0.535089	-0.376764	-0.182888	0.0116838	0.170782	0.278223	0.326802	0.319721	0.27275	0.211434	0.157034	0.139375	0.163081	0.222458	0.306216	0.40139	0.499332	0.575471	0.596806	0.573601	0.514308	0.422391	0.315267	
-0.745384	-0.723535	-0.63381	-0.485346	-0.292873	-0.0986302	0.063931	0.180643	0.238635	0.241216	0.209582	0.157034	0.101828	0.0837844	0.114077	0.177031	0.260926	0.354131	0.447201	0.507368	0.508009	0.467339	0.386951	0.283587	0.170966	
-0.774087	-0.775365	-0.706201	-0.568518	-0.38766	-0.197647	-0.0318252	0.0945518	0.173419	0.199023	0.184169	0.139375	0.0837844	0.0593689	0.0755557	0.118365	0.184324	0.264698	0.338324	0.376064	0.356217	0.293015	0.203703	0.0948894	-0.0219677	
-0.77135	-0.788097	-0.736386	-0.610202	-0.439969	-0.256735	-0.0953152	0.0411282	0.139631	0.192142	0.196122	0.163081	0.114077	0.0755557	0.0645425	0.075072	0.102015	0.150694	0.195098	0.200129	0.163089	0.0863146	-0.00900127	-0.122996	-0.238535	
-0.758053	-0.776661	-0.728073	-0.607295	-0.445414	-0.269879	-0.106754	0.0322198	0.140361	0.209875	0.235461	0.222458	0.177031	0.118365	0.075072	0.0473549	0.0350463	0.0469267	0.0518422	0.0239544	-0.0334389	-0.115663	-0.218496	-0.331451	-0.434466	
-0.744325	-0.754118	-0.696237	-0.575767	-0.416476	-0.242619	-0.0750965	0.0645447	0.175749	0.25725	0.304222	0.306216	0.260926	0.184324	0.102015	0.0350463	-0.0115689	-0.0378275	-0.0770021	-0.139456	-0.218717	-0.304928	-0.404923	-0.498078	-0.577142	
-0.721118	-0.720099	-0.652032	-0.527808	-0.36234	-0.182611	-0.0101878	0.132758	0.253038	0.341936	0.398215	0.40139	0.354131	0.264698	0.150694	0.0469267	-0.0378275	-0.112589	-0.19722	-0.289667	-0.386383	-0.478666	-0.568829	-0.638094	-0.685271	
-0.682754	-0.677169	-0.59812	-0.465184	-0.294402	-0.112226	0.067627	0.224965	0.354105	0.444695	0.495959	0.499332	0.447201	0.338324	0.195098	0.0518422	-0.0770021	-0.19722	-0.320012	-0.433513	-0.537152	-0.628595	-0.698446	-0.744631	-0.759083	
-0.626169	-0.622052	-0.539367	-0.40392	-0.233434	-0.0475151	0.140531	0.3181	0.452276	0.539582	0.581986	0.575471	0.507368	0.376064	0.200129	0.0239544	-0.139456	-0.289667	-0.433513	-0.563595	-0.663283	-0.742	-0.794893	-0.814974	-0.799447	
-0.539424	-0.546938	-0.483978	-0.36073	-0.197423	-0.008895	0.192648	0.375927	0.515152	0.597154	0.624342	0.596806	0.508009	0.356217	0.163089	-0.0334389	-0.218717	-0.386383	-0.537152	-0.663283	-0.759387	-0.827441	-0.862357	-0.855587	-0.807833	
-0.424182	-0.460528	-0.424729	-0.323887	-0.175224	0.00756935	0.207159	0.387809	0.526633	0.606276	0.622216	0.573601	0.467339	0.293015	0.0863146	-0.115663	-0.304928	-0.478666	-0.628595	-0.742	-0.827441	-0.879947	-0.894769	-0.860579	-0.782029	
-0.298829	-0.364142	-0.359483	-0.287661	-0.162113	0.00424501	0.18784	0.36448	0.499196	0.56974	0.573295	0.514308	0.386951	0.203703	-0.00900127	-0.218496	-0.404923	-0.568829	-0.698446	-0.794893	-0.862357	-0.894769	-0.879307	-0.816872	-0.708496	
-0.18179	-0.273953	-0.300923	-0.261489	-0.160931	-0.0154837	0.144608	0.299022	0.424418	0.495443	0.494613	0.422391	0.283587	0.0948894	-0.122996	-0.331451	-0.498078	-0.638094	-0.744631	-0.814974	-0.855587	-0.860579	-0.816872	-0.723315	-0.599839	
-0.077161	-0.192834	-0.251409	-0.243645	-0.175464	-0.0589762	0.0749596	0.212764	0.330763	0.401115	0.392945	0.315267	0.170966	-0.0219677	-0.238535	-0.434466	-0.577142	-0.685271	-0.759083	-0.799447	-0.807833	-0.782029	-0.708496	-0.599839	-0.471409	
0.0187514	-0.112398	-0.19712	-0.221439	-0.189536	-0.111633	-0.00351751	0.12443	0.241247	0.309972	0.297046	0.207217	0.0603332	-0.134183	-0.341159	-0.520505	-0.637867	-0.712592	-0.752274	-0.75609	-0.724705	-0.66627	-0.578322	-0.465808	-0.347645	
0.102471	-0.0404711	-0.144147	-0.191711	-0.187436	-0.141718	-0.0588623	0.050795	0.162041	0.23296	0.216857	0.113643	-0.0451175	-0.234442	-0.425152	-0.585643	-0.682908	-0.727656	-0.731358	-0.696163	-0.628627	-0.546223	-0.4532	-0.351558	-0.256885	
0.167669	0.0134777	-0.0997684	-0.159856	-0.173343	-0.148184	-0.0875242	0.00604958	0.106006	0.169372	0.148185	0.034576	-0.132112	-0.314594	-0.492283	-0.627058	-0.705399	-0.723042	-0.690672	-0.6297	-0.54188	-0.450736	-0.367101	-0.281886	-0.215227	
0.208302	0.0502897	-0.0647445	-0.131627	-0.15995	-0.148925	-0.0950623	-0.0160398	0.068665	0.114435	0.0828991	-0.0291376	-0.193271	-0.375761	-0.54338	-0.659087	-0.713139	-0.702183	-0.646735	-0.571081	-0.480383	-0.388158	-0.305049	-0.236526	-0.198954	
0.231548	0.0795949	-0.0374509	-0.1184	-0.15616	-0.146758	-0.093338	-0.0224145	0.0438246	0.0752969	0.0406055	-0.0696907	-0.234165	-0.415848	-0.572731	-0.680772	-0.716375	-0.684349	-0.616277	-0.532581	-0.439967	-0.34585	-0.262745	-0.210119	-0.195221	
0.236145	0.0864969	-0.0323377	-0.116706	-0.156367	-0.145285	-0.0924732	-0.0227387	0.0389162	0.067738	0.0333819	-0.0761707	-0.24279	-0.423454	-0.577803	-0.684251	-0.716906	-0.682298	-0.611016	-0.525584	-0.431736	-0.337063	-0.254604	-0.205298	-0.194785	
0.219652	0.0633998	-0.0525948	-0.124394	-0.157617	-0.1481	-0.0945944	-0.0196812	0.0571244	0.0960575	0.0618976	-0.0483589	-0.212014	-0.394915	-0.558117	-0.669791	-0.714522	-0.693776	-0.632349	-0.552098	-0.462062	-0.368876	-0.285021	-0.223495	-0.196427	
0.186753	0.0292374	-0.0842653	-0.147916	-0.167778	-0.149185	-0.0930074	-0.00470697	0.089751	0.146097	0.121261	0.00657176	-0.159018	-0.340875	-0.514656	-0.640959	-0.709836	-0.715121	-0.672175	-0.604625	-0.514685	-0.422424	-0.340384	-0.261637	-0.206879	
0.130744	-0.016286	-0.124926	-0.179215	-0.181759	-0.14614	-0.0734011	0.0295323	0.136686	0.205833	0.189134	0.0802493	-0.0830231	-0.269304	-0.453216	-0.603767	-0.694721	-0.729022	-0.717469	-0.669952	-0.590939	-0.503837	-0.413738	-0.318796	-0.234694	
0.054896	-0.0819895	-0.174998	-0.210304	-0.190769	-0.127617	-0.0291515	0.0918579	0.207104	0.277496	0.263311	0.16707	0.0172871	-0.176559	-0.377407	-0.549441	-0.657473	-0.720029	-0.745884	-0.733203	-0.686568	-0.616459	-0.52524	-0.415312	-0.306618	
-0.0383449	-0.160505	-0.230688	-0.235656	-0.182456	-0.0811149	0.0427768	0.177257	0.294617	0.363808	0.352127	0.2712	0.126206	-0.0678327	-0.280941	-0.471176	-0.60401	-0.698354	-0.757986	-0.78504	-0.77811	-0.739024	-0.657946	-0.546383	-0.41888	
-0.138508	-0.241171	-0.280811	-0.253883	-0.165527	-0.0297926	0.119804	0.265387	0.386692	0.458433	0.456222	0.380596	0.238996	0.0486242	-0.170142	-0.374785	-0.531343	-0.658846	-0.754444	-0.813118	-0.84096	-0.834162	-0.778722	-0.676521	-0.550131	
-0.250225	-0.326887	-0.334448	-0.275962	-0.159655	-0.00141958	0.173126	0.342872	0.474857	0.543945	0.544983	0.480199	0.347029	0.161671	-0.0526938	-0.263315	-0.444413	-0.59998	-0.720503	-0.806529	-0.865054	-0.887369	-0.859353	-0.784188	-0.668757	
-0.374409	-0.422486	-0.399321	-0.308727	-0.168443	0.00824758	0.202649	0.382904	0.520435	0.596705	0.607506	0.554367	0.439826	0.260545	0.0496722	-0.15511	-0.344146	-0.515661	-0.658238	-0.766965	-0.846054	-0.891427	-0.89503	-0.848925	-0.757345	
-0.495929	-0.513689	-0.461378	-0.345831	-0.187895	-0.000256671	0.203781	0.385273	0.5249	0.606849	0.628391	0.591761	0.495963	0.334256	0.136678	-0.0633638	-0.251931	-0.423608	-0.575962	-0.697162	-0.789927	-0.852306	-0.880085	-0.863311	-0.802938	
-0.595012	-0.59387	-0.51687	-0.384464	-0.215878	-0.0287047	0.164921	0.346471	0.483207	0.567866	0.605339	0.591222	0.514545	0.374688	0.190652	0.00449343	-0.170332	-0.328781	-0.476166	-0.607275	-0.705349	-0.779766	-0.825547	-0.833782	-0.806439	
-0.662718	-0.657432	-0.574799	-0.439063	-0.267864	-0.0845247	0.0985232	0.264835	0.396235	0.485196	0.533129	0.534485	0.47753	0.359647	0.202386	0.0447348	-0.0995967	-0.233273	-0.366803	-0.488433	-0.591086	-0.678158	-0.740582	-0.776788	-0.779163	
-0.707678	-0.70426	-0.631405	-0.504088	-0.335921	-0.154965	0.0203338	0.167415	0.291393	0.382489	0.437951	0.440773	0.392783	0.296389	0.171425	0.0520069	-0.0505085	-0.144751	-0.246836	-0.347664	-0.449076	-0.542161	-0.624957	-0.685364	-0.719393	
-0.736929	-0.741753	-0.68027	-0.558394	-0.39709	-0.221538	-0.0519394	0.0877661	0.202141	0.287184	0.339985	0.343638	0.297362	0.215622	0.119843	0.0377002	-0.0230064	-0.0677934	-0.125078	-0.200592	-0.287877	-0.376969	-0.473634	-0.556412	-0.623173	
-0.752391	-0.768536	-0.716756	-0.597201	-0.437532	-0.263974	-0.099145	0.0409033	0.14988	0.223951	0.259096	0.253269	0.209198	0.14236	0.0834869	0.0392049	0.0135341	0.011511	-0.00126705	-0.0434582	-0.109537	-0.19268	-0.295696	-0.402498	-0.497886	
-0.766929	-0.785791	-0.73675	-0.614245	-0.447244	-0.266995	-0.105833	0.032639	0.135784	0.196764	0.208727	0.18306	0.136463	0.08968	0.0668708	0.0629823	0.0724755	0.106085	0.136099	0.127892	0.0834635	0.00417599	-0.0943543	-0.210119	-0.32216	
-0.775686	-0.78468	-0.723804	-0.590817	-0.414364	-0.227211	-0.0623871	0.0680443	0.155767	0.193034	0.185472	0.144074	0.0906462	0.0614632	0.0679021	0.0986734	0.150627	0.220208	0.283368	0.309108	0.28201	0.211063	0.119626	0.00854397	-0.108063	
-0.761207	-0.749632	-0.667104	-0.522099	-0.334143	-0.141416	0.0230752	0.14392	0.209279	0.219017	0.194543	0.144542	0.0880097	0.0692526	0.0960827	0.153128	0.23268	0.322832	0.409596	0.461555	0.453905	0.405068	0.319777	0.214223	0.0984385	
-0.7117	-0.674994	-0.576138	-0.422244	-0.227657	-0.0325566	0.127504	0.238409	0.290253	0.285628	0.243951	0.186991	0.133148	0.115542	0.144343	0.207946	0.292855	0.387446	0.485241	0.556551	0.569428	0.53902	0.470831	0.373991	0.264796	
-0.644636	-0.58761	-0.471427	-0.308098	-0.116295	0.0771179	0.23442	0.336256	0.381309	0.370971	0.31934	0.248856	0.1902	0.169808	0.186403	0.23432	0.311034	0.40674	0.504384	0.585758	0.620036	0.608923	0.557586	0.474015	0.370171	
