0.321625	0.0639374	-0.187881	-0.391967	-0.513108	-0.534753	-0.452369	-0.276894	-0.0407145	0.221327	0.455927	0.616122	0.679408	0.640774	0.51551	0.337378	0.158333	0.00150351	-0.114109	-0.148754	-0.119834	-0.0670243	0.00368688	0.0813902	0.138668	
0.395163	0.173165	-0.0476609	-0.2292	-0.340972	-0.360123	-0.284488	-0.126391	0.0825068	0.308241	0.5119	0.645668	0.688171	0.643001	0.520965	0.345661	0.164978	0.00799289	-0.107247	-0.155306	-0.144905	-0.1085	-0.0550256	0.012653	0.0656651	
0.468262	0.28584	0.104887	-0.0445411	-0.136398	-0.152641	-0.0893301	0.0398049	0.211564	0.396776	0.564825	0.673019	0.695106	0.641553	0.519389	0.346784	0.166041	0.0128761	-0.0949108	-0.149829	-0.153748	-0.134358	-0.100029	-0.0565509	-0.0169256	
0.539945	0.390174	0.249606	0.139293	0.0747886	0.0644234	0.107519	0.200951	0.331423	0.480956	0.619926	0.706864	0.715425	0.649002	0.520365	0.3499	0.176513	0.0352339	-0.0626698	-0.118438	-0.137048	-0.134343	-0.120517	-0.107073	-0.0853454	
0.601491	0.476336	0.364768	0.287884	0.247487	0.241206	0.267775	0.329153	0.42868	0.551709	0.670178	0.743972	0.747265	0.676363	0.542531	0.381646	0.226017	0.101439	0.0144096	-0.0419525	-0.074988	-0.0923666	-0.100059	-0.109856	-0.110927	
0.649357	0.539039	0.444365	0.382824	0.353238	0.348613	0.367456	0.415614	0.497465	0.606084	0.707734	0.77652	0.785321	0.723853	0.603143	0.46023	0.332299	0.223696	0.145008	0.0897465	0.0434688	0.00185474	-0.0340635	-0.0659561	-0.0886494	
0.682238	0.580646	0.49292	0.433016	0.403017	0.398393	0.417163	0.465612	0.542508	0.641889	0.736146	0.804863	0.827965	0.788436	0.696008	0.585756	0.483771	0.394702	0.322519	0.2657	0.208347	0.140483	0.0700706	0.0101618	-0.0360607	
0.705106	0.605181	0.518937	0.459981	0.429305	0.424591	0.443932	0.492189	0.567926	0.664791	0.761317	0.840088	0.876882	0.860071	0.803649	0.730487	0.658697	0.59125	0.534632	0.476872	0.405152	0.316148	0.21538	0.12326	0.0454918	
0.720759	0.615862	0.533329	0.480921	0.457469	0.453942	0.46834	0.508795	0.579307	0.677507	0.784933	0.880056	0.932287	0.934973	0.913713	0.88247	0.84488	0.808372	0.774018	0.719468	0.630225	0.517384	0.390596	0.264068	0.14894	
0.729616	0.620595	0.542492	0.500239	0.486146	0.484651	0.492167	0.521378	0.584829	0.683574	0.802407	0.914319	0.987648	1.01348	1.02316	1.03206	1.03394	1.03627	1.02982	0.984278	0.884459	0.7488	0.594766	0.43224	0.275243	
0.730703	0.627648	0.556572	0.525504	0.518417	0.517815	0.521395	0.539512	0.594506	0.686045	0.803408	0.923187	1.01693	1.07274	1.11067	1.15299	1.19963	1.2461	1.27492	1.24981	1.15507	1.00967	0.832143	0.6381	0.442179	
0.718451	0.628251	0.569451	0.547521	0.546981	0.545977	0.546718	0.556808	0.600127	0.678931	0.783735	0.89864	1.00707	1.09256	1.1608	1.2376	1.32709	1.42078	1.48293	1.48697	1.41732	1.27434	1.0861	0.869222	0.644948	
0.6834	0.607477	0.560949	0.550088	0.553335	0.553535	0.55087	0.552912	0.585475	0.64871	0.741004	0.846265	0.958806	1.06743	1.16895	1.28406	1.41562	1.54711	1.63831	1.67147	1.63607	1.51674	1.32669	1.09808	0.853853	
0.614439	0.557843	0.530252	0.530836	0.541144	0.541185	0.535546	0.527306	0.543614	0.587972	0.663995	0.759869	0.865849	0.984687	1.11565	1.26924	1.43646	1.60042	1.72338	1.78745	1.78823	1.70278	1.53381	1.3037	1.04688	
0.503378	0.47202	0.470568	0.48709	0.504516	0.50726	0.495507	0.475143	0.468777	0.485967	0.541807	0.624764	0.722433	0.839756	0.989307	1.1745	1.37137	1.56761	1.73056	1.83452	1.86457	1.80995	1.67491	1.46549	1.21045	
0.345697	0.336012	0.354643	0.38681	0.413015	0.417443	0.400065	0.366442	0.341171	0.336659	0.37333	0.445606	0.538064	0.656071	0.813297	1.01748	1.24155	1.46512	1.66366	1.80171	1.85755	1.82873	1.72653	1.55496	1.32391	
0.146525	0.151722	0.186445	0.233979	0.271794	0.278207	0.252286	0.205039	0.16287	0.144403	0.161039	0.214477	0.301344	0.424821	0.590482	0.804294	1.05079	1.30322	1.5244	1.68521	1.76969	1.77442	1.70707	1.56616	1.36702	
-0.0895123	-0.0666504	-0.0167935	0.0449163	0.0900177	0.0986227	0.0662124	0.00751462	-0.0490491	-0.0839795	-0.0890886	-0.061239	0.0146681	0.146736	0.325393	0.54632	0.803756	1.07543	1.31764	1.49665	1.61031	1.65905	1.62627	1.51383	1.34237	
-0.359668	-0.312661	-0.243501	-0.175531	-0.129935	-0.121507	-0.153737	-0.215119	-0.286954	-0.343423	-0.372955	-0.361059	-0.292783	-0.158766	0.0339152	0.265551	0.527835	0.804801	1.06396	1.26813	1.41018	1.49279	1.49488	1.414	1.28136	
-0.647154	-0.575723	-0.488986	-0.41668	-0.373576	-0.365082	-0.395444	-0.457496	-0.541153	-0.62209	-0.670781	-0.663524	-0.59539	-0.466023	-0.269967	-0.0207754	0.254787	0.5349	0.803062	1.0305	1.20036	1.31133	1.34462	1.30292	1.21553	
-0.919349	-0.834369	-0.735216	-0.65412	-0.604389	-0.594057	-0.630241	-0.699317	-0.794663	-0.888875	-0.95106	-0.950553	-0.883352	-0.757132	-0.557077	-0.29255	0.0042234	0.296013	0.570288	0.808694	0.998123	1.13805	1.20611	1.20478	1.15603	
-1.1457	-1.05693	-0.952554	-0.858487	-0.797378	-0.78561	-0.829226	-0.912297	-1.01582	-1.11303	-1.18287	-1.19707	-1.1393	-1.00491	-0.790249	-0.515482	-0.21013	0.0948396	0.381281	0.627634	0.826514	0.985436	1.08669	1.12076	1.10522	
-1.30464	-1.20987	-1.09816	-0.997268	-0.933606	-0.92113	-0.966732	-1.05482	-1.16598	-1.26934	-1.34681	-1.37526	-1.32401	-1.17944	-0.94872	-0.669794	-0.369491	-0.0618968	0.237179	0.49407	0.697115	0.860391	0.973558	1.03449	1.04897	
-1.37929	-1.2638	-1.13825	-1.03654	-0.977738	-0.966911	-1.00763	-1.09319	-1.21329	-1.33569	-1.43115	-1.46573	-1.41305	-1.26704	-1.03735	-0.761122	-0.462984	-0.158343	0.136586	0.393033	0.594649	0.750536	0.860028	0.926145	0.960702	
-1.35693	-1.21725	-1.07908	-0.974395	-0.916317	-0.906317	-0.945242	-1.03227	-1.15961	-1.30391	-1.42053	-1.46318	-1.41184	-1.2728	-1.06057	-0.792482	-0.494456	-0.196712	0.0792318	0.316192	0.508688	0.655611	0.754479	0.814064	0.845786	
-1.24822	-1.09783	-0.949859	-0.836557	-0.770121	-0.757943	-0.804325	-0.899115	-1.03624	-1.19043	-1.32181	-1.38241	-1.34504	-1.21875	-1.01675	-0.760185	-0.47395	-0.193626	0.0560454	0.270662	0.445449	0.57595	0.660477	0.707569	0.727809	
-1.09783	-0.940319	-0.785042	-0.658891	-0.584235	-0.572326	-0.621868	-0.729793	-0.875965	-1.03717	-1.17663	-1.25576	-1.24439	-1.12825	-0.930073	-0.681426	-0.416448	-0.161857	0.0679175	0.266467	0.424183	0.528645	0.591386	0.622839	0.629167	
-0.949859	-0.785042	-0.617856	-0.485488	-0.410388	-0.397982	-0.44828	-0.558893	-0.716257	-0.886872	-1.03356	-1.12528	-1.12758	-1.02188	-0.82787	-0.58869	-0.340429	-0.104419	0.108304	0.292762	0.431376	0.511331	0.551144	0.569266	0.563409	
-0.836557	-0.658891	-0.485488	-0.352291	-0.278538	-0.267242	-0.314958	-0.425854	-0.586721	-0.768127	-0.926193	-1.02258	-1.02655	-0.92379	-0.741324	-0.513541	-0.271194	-0.0394995	0.162131	0.331272	0.454603	0.51748	0.544704	0.551384	0.536372	
-0.770121	-0.584235	-0.410388	-0.278538	-0.203929	-0.192285	-0.241077	-0.351538	-0.510897	-0.697855	-0.865387	-0.965035	-0.964538	-0.860039	-0.687083	-0.468834	-0.226618	0.00676592	0.203787	0.361502	0.475478	0.531055	0.550189	0.552499	0.531468	
-0.757943	-0.572326	-0.397982	-0.267242	-0.192285	-0.180056	-0.230397	-0.339253	-0.498765	-0.685667	-0.854681	-0.955232	-0.951994	-0.848054	-0.676062	-0.459982	-0.218348	0.0162863	0.210561	0.366988	0.478602	0.532306	0.55079	0.551458	0.531302	
-0.804325	-0.621868	-0.44828	-0.314958	-0.241077	-0.230397	-0.277551	-0.388804	-0.548773	-0.733848	-0.896508	-0.993759	-0.996598	-0.892941	-0.715714	-0.491908	-0.249365	-0.0175648	0.182299	0.345883	0.465132	0.523969	0.546819	0.551518	0.533287	
-0.899115	-0.729793	-0.558893	-0.425854	-0.351538	-0.339253	-0.388804	-0.499165	-0.659357	-0.834343	-0.985069	-1.0796	-1.08346	-0.980159	-0.789815	-0.555434	-0.310985	-0.0781396	0.129121	0.307665	0.439027	0.511183	0.544921	0.558196	0.548253	
-1.03624	-0.875965	-0.716257	-0.586721	-0.510897	-0.498765	-0.548773	-0.659357	-0.810324	-0.974743	-1.11659	-1.20223	-1.19864	-1.08663	-0.889231	-0.644007	-0.387424	-0.141306	0.0813391	0.274683	0.424829	0.518611	0.572072	0.597191	0.598221	
-1.19043	-1.03717	-0.886872	-0.768127	-0.697855	-0.685667	-0.733848	-0.834343	-0.974743	-1.13156	-1.26646	-1.33457	-1.30752	-1.18517	-0.985344	-0.73248	-0.453771	-0.184142	0.0569907	0.263944	0.431777	0.5529	0.628576	0.670303	0.684922	
-1.32181	-1.17663	-1.03356	-0.926193	-0.865387	-0.854681	-0.896508	-0.985069	-1.11659	-1.26646	-1.39007	-1.43906	-1.39057	-1.2574	-1.05098	-0.78734	-0.492166	-0.199015	0.0652462	0.293378	0.479477	0.62073	0.715132	0.769785	0.798095	
-1.38241	-1.25576	-1.12528	-1.02258	-0.965035	-0.955232	-0.993759	-1.0796	-1.20223	-1.33457	-1.43906	-1.47544	-1.42282	-1.27805	-1.0551	-0.781616	-0.482382	-0.180449	0.109316	0.359339	0.558637	0.711331	0.816439	0.881517	0.916514	
-1.34504	-1.24439	-1.12758	-1.02655	-0.964538	-0.951994	-0.996598	-1.08346	-1.19864	-1.30752	-1.39057	-1.42282	-1.37114	-1.22471	-0.9908	-0.712708	-0.415105	-0.108118	0.191309	0.4508	0.653612	0.814206	0.92741	0.992525	1.01776	
-1.21875	-1.12825	-1.02188	-0.92379	-0.860039	-0.848054	-0.892941	-0.980159	-1.08663	-1.18517	-1.2574	-1.27805	-1.22471	-1.08508	-0.863066	-0.585904	-0.281691	0.0255754	0.318888	0.569518	0.77093	0.933257	1.04171	1.08851	1.08536	
-1.01675	-0.930073	-0.82787	-0.741324	-0.687083	-0.676062	-0.715714	-0.789815	-0.889231	-0.985344	-1.05098	-1.0551	-0.9908	-0.863066	-0.658571	-0.389566	-0.0864846	0.21104	0.488958	0.729724	0.923883	1.07329	1.15613	1.16997	1.13494	
-0.760185	-0.681426	-0.58869	-0.513541	-0.468834	-0.459982	-0.491908	-0.555434	-0.644007	-0.73248	-0.78734	-0.781616	-0.712708	-0.585904	-0.389566	-0.133302	0.151099	0.435455	0.70558	0.938758	1.118	1.24071	1.28747	1.26205	1.19064	
-0.47395	-0.416448	-0.340429	-0.271194	-0.226618	-0.218348	-0.249365	-0.310985	-0.387424	-0.453771	-0.492166	-0.482382	-0.415105	-0.281691	-0.0864846	0.151099	0.417237	0.693966	0.958309	1.17256	1.32616	1.41985	1.43421	1.36862	1.2544	
-0.193626	-0.161857	-0.104419	-0.0394995	0.00676592	0.0162863	-0.0175648	-0.0781396	-0.141306	-0.184142	-0.199015	-0.180449	-0.108118	0.0255754	0.21104	0.435455	0.693966	0.969765	1.21945	1.40859	1.5338	1.59729	1.57866	1.47801	1.32071	
0.0560454	0.0679175	0.108304	0.162131	0.203787	0.210561	0.182299	0.129121	0.0813391	0.0569907	0.0652462	0.109316	0.191309	0.318888	0.488958	0.70558	0.958309	1.21945	1.44935	1.61663	1.71301	1.7353	1.68149	1.55202	1.36374	
0.270662	0.266467	0.292762	0.331272	0.361502	0.366988	0.345883	0.307665	0.274683	0.263944	0.293378	0.359339	0.4508	0.569518	0.729724	0.938758	1.17256	1.40859	1.61663	1.76516	1.83187	1.81478	1.72667	1.56796	1.35033	
0.445449	0.424183	0.431376	0.454603	0.475478	0.478602	0.465132	0.439027	0.424829	0.431777	0.479477	0.558637	0.653612	0.77093	0.923883	1.118	1.32616	1.5338	1.71301	1.83187	1.87192	1.82806	1.70594	1.51116	1.26336	
0.57595	0.528645	0.511331	0.51748	0.531055	0.532306	0.523969	0.511183	0.518611	0.5529	0.62073	0.711331	0.814206	0.933257	1.07329	1.24071	1.41985	1.59729	1.7353	1.81478	1.82806	1.75555	1.60021	1.37502	1.11702	
0.660477	0.591386	0.551144	0.544704	0.550189	0.55079	0.546819	0.544921	0.572072	0.628576	0.715132	0.816439	0.92741	1.04171	1.15613	1.28747	1.43421	1.57866	1.68149	1.72667	1.70594	1.60021	1.41566	1.18463	0.933741	
0.707569	0.622839	0.569266	0.551384	0.552499	0.551458	0.551518	0.558196	0.597191	0.670303	0.769785	0.881517	0.992525	1.08851	1.16997	1.26205	1.36862	1.47801	1.55202	1.56796	1.51116	1.37502	1.18463	0.961723	0.729152	
0.727809	0.629167	0.563409	0.536372	0.531468	0.531302	0.533287	0.548253	0.598221	0.684922	0.798095	0.916514	1.01776	1.08536	1.13494	1.19064	1.2544	1.32071	1.36374	1.35033	1.26336	1.11702	0.933741	0.729152	0.521053	
