-0.41663	-0.466336	-0.497504	-0.522479	-0.537748	-0.540757	-0.529691	-0.508374	-0.480213	-0.43947	-0.376639	-0.296877	-0.205278	-0.111907	-0.020169	0.0536366	0.102911	0.147775	0.191856	0.237969	0.288117	0.336974	0.377318	0.403233	0.431013	
-0.334508	-0.39681	-0.443797	-0.479941	-0.502902	-0.506614	-0.491603	-0.459108	-0.417643	-0.361295	-0.28938	-0.210607	-0.135385	-0.0661145	-0.00379252	0.0357465	0.0431381	0.0420143	0.0506098	0.0772306	0.121723	0.1746	0.222688	0.267922	0.321593	
-0.235804	-0.310635	-0.378748	-0.43631	-0.46868	-0.473116	-0.452986	-0.403943	-0.338351	-0.266225	-0.188828	-0.115429	-0.0573608	-0.0126068	0.0149483	0.0176999	-0.0110645	-0.0489444	-0.0705839	-0.0618152	-0.0222183	0.0354279	0.0868076	0.150423	0.225352	
-0.116733	-0.203487	-0.300593	-0.384795	-0.431451	-0.437845	-0.409242	-0.336942	-0.242395	-0.149185	-0.0712934	-0.00783091	0.0365271	0.0527513	0.0378077	0.00243223	-0.0622134	-0.126564	-0.165361	-0.172543	-0.135804	-0.0732821	-0.0100979	0.0648696	0.152407	
0.00221113	-0.094923	-0.218088	-0.329169	-0.389098	-0.397578	-0.360524	-0.26659	-0.142635	-0.0329332	0.0484452	0.107716	0.139689	0.12946	0.0758797	-0.00597338	-0.101686	-0.188709	-0.239363	-0.25004	-0.214211	-0.144145	-0.0579114	0.0255604	0.11767	
0.104073	-0.00463868	-0.146003	-0.275207	-0.346022	-0.357383	-0.311101	-0.203115	-0.0582636	0.0646886	0.152948	0.214224	0.23769	0.202529	0.118479	0.00104352	-0.121679	-0.225998	-0.280209	-0.284028	-0.242779	-0.16428	-0.0648397	0.0237978	0.105657	
0.180623	0.0601154	-0.0899352	-0.226352	-0.303125	-0.316146	-0.264987	-0.149956	0.00282518	0.136337	0.235487	0.301968	0.317356	0.261411	0.157478	0.0260049	-0.10949	-0.218373	-0.269283	-0.262634	-0.214603	-0.138877	-0.0489292	0.0307696	0.0955617	
0.238235	0.108403	-0.0442907	-0.179901	-0.257442	-0.271017	-0.218698	-0.103582	0.048742	0.190482	0.299409	0.373059	0.380701	0.315584	0.205773	0.0750056	-0.0608525	-0.169425	-0.220905	-0.203575	-0.14974	-0.0743926	-0.00030184	0.0547567	0.0976419	
0.29605	0.160515	0.00332271	-0.130377	-0.209662	-0.224582	-0.169248	-0.0549031	0.0975582	0.246568	0.360041	0.429829	0.427696	0.356542	0.250483	0.126599	0.00340428	-0.0957829	-0.141577	-0.124455	-0.0676179	0.00221443	0.062265	0.0981294	0.121621	
0.346827	0.217088	0.0679437	-0.0646946	-0.143807	-0.157368	-0.103572	0.00993408	0.15802	0.298885	0.406212	0.459206	0.443925	0.378175	0.278488	0.164668	0.0552169	-0.0330294	-0.0676878	-0.0519601	0.00338238	0.0766508	0.130235	0.157449	0.164401	
0.390538	0.284222	0.151272	0.0314119	-0.046833	-0.0627036	-0.00577878	0.0998413	0.231229	0.353061	0.434403	0.462344	0.434458	0.369664	0.278612	0.173206	0.0747324	0.00549408	-0.0159492	0.00485518	0.0612616	0.132288	0.185613	0.211738	0.208493	
0.425414	0.350347	0.243985	0.137884	0.0615233	0.0463883	0.102554	0.199608	0.309865	0.400701	0.450694	0.450867	0.403291	0.331163	0.237374	0.133971	0.0500829	0.000562194	-0.00114052	0.0364221	0.0985919	0.166724	0.215955	0.236126	0.22755	
0.442578	0.397485	0.322062	0.236822	0.171028	0.157493	0.206528	0.287134	0.370383	0.429096	0.452127	0.429439	0.36386	0.274191	0.165575	0.0582221	-0.0154085	-0.046756	-0.0281742	0.0283676	0.104429	0.175678	0.21677	0.228618	0.215076	
0.438065	0.413436	0.36081	0.296956	0.24785	0.236712	0.274814	0.334715	0.395224	0.432317	0.434249	0.39203	0.305602	0.188435	0.0590809	-0.0550191	-0.121651	-0.131937	-0.0953994	-0.018568	0.0726349	0.150562	0.190217	0.195713	0.172536	
0.398239	0.387872	0.346683	0.301966	0.268115	0.261967	0.286058	0.328544	0.373156	0.399577	0.382475	0.318118	0.204635	0.0594953	-0.0878374	-0.202925	-0.259148	-0.248895	-0.190591	-0.0984603	0.0019809	0.0838747	0.128956	0.134095	0.106879	
0.307418	0.313191	0.288338	0.255269	0.238918	0.2367	0.246885	0.274278	0.306021	0.314814	0.280162	0.19121	0.0553067	-0.104263	-0.254842	-0.365288	-0.410491	-0.388092	-0.310639	-0.205496	-0.0973536	-0.00819656	0.0468773	0.0626442	0.0418777	
0.183064	0.212228	0.200495	0.175703	0.163442	0.160925	0.169278	0.190496	0.211211	0.200565	0.139942	0.0251047	-0.126852	-0.294024	-0.436354	-0.532632	-0.565311	-0.529235	-0.435206	-0.31915	-0.199159	-0.101009	-0.0292645	0.00800998	0.00120689	
0.0337659	0.0918179	0.102177	0.0882302	0.0755577	0.0728874	0.0822798	0.097075	0.101177	0.0632783	-0.0252121	-0.154707	-0.31158	-0.473563	-0.604215	-0.686868	-0.706785	-0.65898	-0.548882	-0.416342	-0.281135	-0.162441	-0.0707688	-0.0166532	-0.0024391	
-0.116488	-0.0285406	0.0104827	0.0124336	0.00721378	0.00490183	0.00998196	0.0136225	-0.00684815	-0.0761526	-0.185465	-0.32231	-0.475799	-0.622898	-0.737608	-0.804394	-0.804873	-0.740063	-0.616819	-0.469818	-0.319744	-0.181565	-0.0686073	0.00583656	0.0412663	
-0.243016	-0.133888	-0.0638964	-0.0294306	-0.0157406	-0.0157726	-0.0212199	-0.0474726	-0.100149	-0.195762	-0.319761	-0.455983	-0.597332	-0.726222	-0.817686	-0.861868	-0.83932	-0.753993	-0.616402	-0.456644	-0.296155	-0.143599	-0.0155517	0.0725913	0.123679	
-0.324662	-0.201479	-0.10372	-0.0291833	0.0114998	0.017115	-0.00788257	-0.071284	-0.159245	-0.272853	-0.404306	-0.533407	-0.662499	-0.769852	-0.835493	-0.853154	-0.807445	-0.700499	-0.54957	-0.37528	-0.205045	-0.0466568	0.0809262	0.168696	0.225364	
-0.34793	-0.215045	-0.0931485	0.00945445	0.0752001	0.0859992	0.0420189	-0.0486993	-0.165053	-0.294164	-0.427101	-0.55251	-0.670172	-0.754755	-0.797157	-0.788711	-0.717687	-0.592406	-0.429107	-0.240225	-0.0652142	0.0868863	0.199664	0.27363	0.324699	
-0.311084	-0.164006	-0.0223128	0.0999159	0.176348	0.188642	0.138115	0.0300215	-0.106095	-0.252513	-0.396658	-0.523844	-0.628426	-0.69599	-0.715396	-0.683135	-0.589338	-0.445666	-0.269955	-0.0801337	0.0908899	0.221625	0.306768	0.35962	0.399921	
-0.215115	-0.0437656	0.120092	0.2549	0.334341	0.34705	0.294735	0.178632	0.023692	-0.146758	-0.312448	-0.447611	-0.5428	-0.594511	-0.598139	-0.548711	-0.440496	-0.285696	-0.105749	0.0747417	0.228835	0.335117	0.392681	0.425177	0.4503	
-0.0564266	0.141736	0.326238	0.465297	0.547274	0.561088	0.505164	0.388724	0.218972	0.0223015	-0.165977	-0.322546	-0.425446	-0.472347	-0.471715	-0.414109	-0.296473	-0.140744	0.031806	0.194495	0.324811	0.404255	0.441315	0.455937	0.455508	
0.14945	0.369015	0.571899	0.727824	0.817412	0.831622	0.772693	0.640377	0.454377	0.237081	0.0224141	-0.159168	-0.279515	-0.340965	-0.340735	-0.28232	-0.170836	-0.0284057	0.126186	0.260277	0.367956	0.427539	0.444179	0.434864	0.406099	
0.369015	0.611379	0.838051	1.0174	1.12567	1.14397	1.07076	0.916501	0.706019	0.465386	0.229385	0.0234729	-0.123935	-0.203146	-0.213917	-0.166917	-0.073369	0.0425335	0.166178	0.274889	0.363413	0.408585	0.407946	0.372309	0.311477	
0.571899	0.838051	1.09244	1.29954	1.42735	1.44955	1.36198	1.18317	0.942872	0.677369	0.420767	0.196038	0.0263618	-0.0726092	-0.106337	-0.0849223	-0.0220252	0.0637599	0.161649	0.255827	0.327743	0.361478	0.343434	0.278703	0.188495	
0.727824	1.0174	1.29954	1.53366	1.67516	1.6984	1.60427	1.40062	1.13394	0.842068	0.56483	0.332831	0.154824	0.0377655	-0.0180762	-0.0350056	-0.00868182	0.0549704	0.140575	0.22632	0.288761	0.305777	0.267339	0.179666	0.074182	
0.817412	1.12567	1.42735	1.67516	1.82298	1.84738	1.74856	1.53553	1.24977	0.938744	0.648344	0.413035	0.232526	0.109848	0.0334493	-0.0102509	-0.00791571	0.0441777	0.127564	0.213429	0.261997	0.263123	0.207593	0.106282	-0.00381568	
0.831622	1.14397	1.44955	1.6984	1.84738	1.87201	1.77179	1.55851	1.26949	0.954328	0.662258	0.42624	0.244789	0.12186	0.0415108	-0.00828342	-0.00947254	0.0416509	0.12391	0.211676	0.257359	0.253668	0.195543	0.092105	-0.0197744	
0.772693	1.07076	1.36198	1.60427	1.74856	1.77179	1.67664	1.46678	1.19069	0.890458	0.605605	0.372539	0.194111	0.0730179	0.00841226	-0.0212629	-0.0080414	0.0498822	0.134365	0.21937	0.27603	0.286512	0.239785	0.145237	0.0375776	
0.640377	0.916501	1.18317	1.40062	1.53553	1.55851	1.46678	1.27823	1.02664	0.749324	0.485321	0.256229	0.0812301	-0.0251107	-0.0680286	-0.0626318	-0.0138871	0.0615134	0.15326	0.243463	0.311859	0.338634	0.312421	0.237619	0.139718	
0.454377	0.706019	0.942872	1.13394	1.24977	1.26949	1.19069	1.02664	0.803737	0.554686	0.309567	0.0952158	-0.0622663	-0.149728	-0.168863	-0.129048	-0.0471811	0.0568984	0.168587	0.270633	0.35078	0.392348	0.385163	0.3375	0.263186	
0.237081	0.465386	0.677369	0.842068	0.938744	0.954328	0.890458	0.749324	0.554686	0.32795	0.10475	-0.0864117	-0.217575	-0.286232	-0.287899	-0.233237	-0.127242	0.00623704	0.148544	0.271117	0.371681	0.424227	0.433737	0.414662	0.373308	
0.0224141	0.229385	0.420767	0.56483	0.648344	0.662258	0.605605	0.485321	0.309567	0.10475	-0.0937827	-0.261052	-0.370193	-0.421061	-0.420835	-0.360502	-0.2433	-0.0918619	0.0759788	0.227377	0.347518	0.419058	0.447955	0.453664	0.442157	
-0.159168	0.0234729	0.196038	0.332831	0.413035	0.42624	0.372539	0.256229	0.0952158	-0.0864117	-0.261052	-0.402984	-0.499552	-0.547039	-0.54733	-0.494434	-0.381431	-0.224265	-0.0468687	0.128475	0.273459	0.368317	0.417265	0.443078	0.458529	
-0.279515	-0.123935	0.0263618	0.154824	0.232526	0.244789	0.194111	0.0812301	-0.0622663	-0.217575	-0.370193	-0.499552	-0.598518	-0.659555	-0.671317	-0.630785	-0.530556	-0.381437	-0.201735	-0.0154095	0.150143	0.271254	0.344166	0.388256	0.424207	
-0.340965	-0.203146	-0.0726092	0.0377655	0.109848	0.12186	0.0730179	-0.0251107	-0.149728	-0.286232	-0.421061	-0.547039	-0.659555	-0.73621	-0.769653	-0.751948	-0.67025	-0.537944	-0.369207	-0.177964	-0.0028872	0.141776	0.244813	0.310671	0.35765	
-0.340735	-0.213917	-0.106337	-0.0180762	0.0334493	0.0415108	0.00841226	-0.0680286	-0.168863	-0.287899	-0.420835	-0.54733	-0.671317	-0.769653	-0.82603	-0.832423	-0.777236	-0.662458	-0.506977	-0.325914	-0.153446	0.00483376	0.127978	0.211434	0.267231	
-0.28232	-0.166917	-0.0849223	-0.0350056	-0.0102509	-0.00828342	-0.0212629	-0.0626318	-0.129048	-0.233237	-0.360502	-0.494434	-0.630785	-0.751948	-0.832423	-0.866858	-0.83447	-0.740218	-0.597291	-0.432396	-0.266803	-0.111165	0.0183377	0.107875	0.163165	
-0.170836	-0.073369	-0.0220252	-0.00868182	-0.00791571	-0.00947254	-0.0080414	-0.0138871	-0.0471811	-0.127242	-0.2433	-0.381431	-0.530556	-0.67025	-0.777236	-0.83447	-0.82595	-0.753644	-0.624827	-0.472529	-0.318639	-0.173797	-0.0533162	0.0282812	0.0704268	
-0.0284057	0.0425335	0.0637599	0.0549704	0.0441777	0.0416509	0.0498822	0.0615134	0.0568984	0.00623704	-0.0918619	-0.224265	-0.381437	-0.537944	-0.662458	-0.740218	-0.753644	-0.699043	-0.584172	-0.444604	-0.302984	-0.175465	-0.0762918	-0.0139888	0.0093774	
0.126186	0.166178	0.161649	0.140575	0.127564	0.12391	0.134365	0.15326	0.168587	0.148544	0.0759788	-0.0468687	-0.201735	-0.369207	-0.506977	-0.597291	-0.624827	-0.584172	-0.482692	-0.361327	-0.235816	-0.130705	-0.0507633	-0.00618816	-0.00509203	
0.260277	0.274889	0.255827	0.22632	0.213429	0.211676	0.21937	0.243463	0.270633	0.271117	0.227377	0.128475	-0.0154095	-0.177964	-0.325914	-0.432396	-0.472529	-0.444604	-0.361327	-0.251138	-0.139188	-0.0469199	0.0141561	0.0381562	0.0211954	
0.367956	0.363413	0.327743	0.288761	0.261997	0.257359	0.27603	0.311859	0.35078	0.371681	0.347518	0.273459	0.150143	-0.0028872	-0.153446	-0.266803	-0.318639	-0.302984	-0.235816	-0.139188	-0.0362489	0.0489414	0.0970795	0.104836	0.0797306	
0.427539	0.408585	0.361478	0.305777	0.263123	0.253668	0.286512	0.338634	0.392348	0.424227	0.419058	0.368317	0.271254	0.141776	0.00483376	-0.111165	-0.173797	-0.175465	-0.130705	-0.0469199	0.0489414	0.128418	0.170189	0.174099	0.148239	
0.444179	0.407946	0.343434	0.267339	0.207593	0.195543	0.239785	0.312421	0.385163	0.433737	0.447955	0.417265	0.344166	0.244813	0.127978	0.0183377	-0.0533162	-0.0762918	-0.0507633	0.0141561	0.0970795	0.170189	0.210098	0.219075	0.201417	
0.434864	0.372309	0.278703	0.179666	0.106282	0.092105	0.145237	0.237619	0.3375	0.414662	0.453664	0.443078	0.388256	0.310671	0.211434	0.107875	0.0282812	-0.0139888	-0.00618816	0.0381562	0.104836	0.174099	0.219075	0.235958	0.226377	
0.406099	0.311477	0.188495	0.074182	-0.00381568	-0.0197744	0.0375776	0.139718	0.263186	0.373308	0.442157	0.458529	0.424207	0.35765	0.267231	0.163165	0.0704268	0.0093774	-0.00509203	0.0211954	0.0797306	0.148239	0.201417	0.226377	0.219851	
