0.147092	0.128918	0.0885831	0.028442	-0.0514042	-0.166346	-0.302371	-0.425503	-0.506035	-0.548247	-0.55804	-0.534286	-0.495316	-0.461115	-0.444559	-0.443619	-0.458183	-0.483223	-0.519078	-0.562026	-0.599539	-0.612176	-0.580184	-0.485119	-0.33812	
0.128918	0.150575	0.152217	0.132969	0.0796182	-0.0138274	-0.133611	-0.251368	-0.336888	-0.385534	-0.40397	-0.393537	-0.368386	-0.340872	-0.330762	-0.341261	-0.365102	-0.402117	-0.45069	-0.498928	-0.538781	-0.5544	-0.517134	-0.423225	-0.280207	
0.0885831	0.152217	0.204261	0.231399	0.212902	0.15119	0.0516904	-0.055622	-0.141569	-0.189033	-0.212738	-0.212633	-0.190635	-0.166309	-0.163176	-0.178319	-0.209314	-0.258523	-0.316993	-0.377918	-0.432294	-0.454833	-0.411552	-0.325793	-0.204787	
0.028442	0.132969	0.231399	0.298357	0.318785	0.291718	0.217695	0.129883	0.0624878	0.0201996	-0.00306058	-0.00666288	0.0153916	0.040226	0.0447311	0.0269948	-0.00984452	-0.0699288	-0.141622	-0.216596	-0.285352	-0.317148	-0.299455	-0.239078	-0.140995	
-0.0514042	0.0796182	0.212902	0.318785	0.377138	0.387451	0.354662	0.303362	0.25937	0.227207	0.206754	0.206066	0.226431	0.250376	0.258269	0.240889	0.202341	0.14205	0.0585048	-0.032708	-0.119543	-0.18266	-0.207632	-0.183731	-0.1143	
-0.166346	-0.0138274	0.15119	0.291718	0.387451	0.441227	0.461979	0.459611	0.44668	0.430048	0.411018	0.399826	0.412212	0.433325	0.444026	0.436711	0.406679	0.345274	0.247282	0.135072	0.0260512	-0.0748386	-0.149006	-0.166589	-0.133042	
-0.302371	-0.133611	0.0516904	0.217695	0.354662	0.461979	0.540493	0.577055	0.593401	0.590448	0.572381	0.550054	0.547735	0.560425	0.574325	0.57902	0.56185	0.503011	0.392196	0.258872	0.117139	-0.0219498	-0.137185	-0.195356	-0.198504	
-0.425503	-0.251368	-0.055622	0.129883	0.303362	0.459611	0.577055	0.64642	0.685141	0.692808	0.678472	0.649573	0.632451	0.631561	0.637297	0.643126	0.626323	0.567209	0.452745	0.301172	0.129862	-0.0388874	-0.177716	-0.270903	-0.315001	
-0.506035	-0.336888	-0.141569	0.0624878	0.25937	0.44668	0.593401	0.685141	0.738306	0.74874	0.732089	0.695477	0.657097	0.636144	0.624014	0.60917	0.582768	0.525024	0.409774	0.246198	0.0619327	-0.119775	-0.269618	-0.393995	-0.473302	
-0.548247	-0.385534	-0.189033	0.0201996	0.227207	0.430048	0.590448	0.692808	0.74874	0.756951	0.727699	0.673322	0.613998	0.56166	0.519622	0.481024	0.439373	0.376476	0.262168	0.107812	-0.0672457	-0.245112	-0.406301	-0.541885	-0.639815	
-0.55804	-0.40397	-0.212738	-0.00306058	0.206754	0.411018	0.572381	0.678472	0.732089	0.727699	0.680681	0.607128	0.518909	0.433752	0.354018	0.288253	0.230735	0.157055	0.047182	-0.0919185	-0.247409	-0.404344	-0.558752	-0.694293	-0.791371	
-0.534286	-0.393537	-0.212633	-0.00666288	0.206066	0.399826	0.550054	0.649573	0.695477	0.673322	0.607128	0.513284	0.40484	0.289007	0.176515	0.0817854	0.00200505	-0.091597	-0.202254	-0.319425	-0.452886	-0.585228	-0.716668	-0.826472	-0.899623	
-0.495316	-0.368386	-0.190635	0.0153916	0.226431	0.412212	0.547735	0.632451	0.657097	0.613998	0.518909	0.40484	0.274867	0.139062	0.00668611	-0.109959	-0.211111	-0.318426	-0.430873	-0.538519	-0.650592	-0.75558	-0.847907	-0.922345	-0.959312	
-0.461115	-0.340872	-0.166309	0.040226	0.250376	0.433325	0.560425	0.631561	0.636144	0.56166	0.433752	0.289007	0.139062	-0.0106862	-0.155667	-0.283308	-0.390719	-0.499347	-0.61222	-0.716266	-0.807438	-0.880984	-0.932757	-0.958351	-0.95801	
-0.444559	-0.330762	-0.163176	0.0447311	0.258269	0.444026	0.574325	0.637297	0.624014	0.519622	0.354018	0.176515	0.00668611	-0.155667	-0.301823	-0.425492	-0.536579	-0.644474	-0.750046	-0.83952	-0.903679	-0.945402	-0.955406	-0.940584	-0.904683	
-0.443619	-0.341261	-0.178319	0.0269948	0.240889	0.436711	0.57902	0.643126	0.60917	0.481024	0.288253	0.0817854	-0.109959	-0.283308	-0.425492	-0.545246	-0.659239	-0.761262	-0.84889	-0.911906	-0.94103	-0.944722	-0.922157	-0.880772	-0.811625	
-0.458183	-0.365102	-0.209314	-0.00984452	0.202341	0.406679	0.56185	0.626323	0.582768	0.439373	0.230735	0.00200505	-0.211111	-0.390719	-0.536579	-0.659239	-0.770047	-0.856562	-0.914151	-0.93759	-0.928675	-0.895283	-0.841991	-0.766131	-0.667756	
-0.483223	-0.402117	-0.258523	-0.0699288	0.14205	0.345274	0.503011	0.567209	0.525024	0.376476	0.157055	-0.091597	-0.318426	-0.499347	-0.644474	-0.761262	-0.856562	-0.913937	-0.930455	-0.907512	-0.865216	-0.798547	-0.713316	-0.60785	-0.495972	
-0.519078	-0.45069	-0.316993	-0.141622	0.0585048	0.247282	0.392196	0.452745	0.409774	0.262168	0.047182	-0.202254	-0.430873	-0.61222	-0.750046	-0.84889	-0.914151	-0.930455	-0.900216	-0.831613	-0.749325	-0.649998	-0.534348	-0.41006	-0.292385	
-0.562026	-0.498928	-0.377918	-0.216596	-0.032708	0.135072	0.258872	0.301172	0.246198	0.107812	-0.0919185	-0.319425	-0.538519	-0.716266	-0.83952	-0.911906	-0.93759	-0.907512	-0.831613	-0.72439	-0.59384	-0.457641	-0.317528	-0.188812	-0.0771938	
-0.599539	-0.538781	-0.432294	-0.285352	-0.119543	0.0260512	0.117139	0.129862	0.0619327	-0.0672457	-0.247409	-0.452886	-0.650592	-0.807438	-0.903679	-0.94103	-0.928675	-0.865216	-0.749325	-0.59384	-0.419476	-0.249681	-0.099146	0.0283035	0.120171	
-0.612176	-0.5544	-0.454833	-0.317148	-0.18266	-0.0748386	-0.0219498	-0.0388874	-0.119775	-0.245112	-0.404344	-0.585228	-0.75558	-0.880984	-0.945402	-0.944722	-0.895283	-0.798547	-0.649998	-0.457641	-0.249681	-0.0613014	0.0894117	0.202101	0.270125	
-0.580184	-0.517134	-0.411552	-0.299455	-0.207632	-0.149006	-0.137185	-0.177716	-0.269618	-0.406301	-0.558752	-0.716668	-0.847907	-0.932757	-0.955406	-0.922157	-0.841991	-0.713316	-0.534348	-0.317528	-0.099146	0.0894117	0.228163	0.314365	0.348296	
-0.485119	-0.423225	-0.325793	-0.239078	-0.183731	-0.166589	-0.195356	-0.270903	-0.393995	-0.541885	-0.694293	-0.826472	-0.922345	-0.958351	-0.940584	-0.880772	-0.766131	-0.60785	-0.41006	-0.188812	0.0283035	0.202101	0.314365	0.359052	0.352708	
-0.33812	-0.280207	-0.204787	-0.140995	-0.1143	-0.133042	-0.198504	-0.315001	-0.473302	-0.639815	-0.791371	-0.899623	-0.959312	-0.95801	-0.904683	-0.811625	-0.667756	-0.495972	-0.292385	-0.0771938	0.120171	0.270125	0.348296	0.352708	0.305072	
-0.142484	-0.0942956	-0.0427079	-0.00463382	-0.0104951	-0.0642817	-0.166815	-0.317628	-0.505914	-0.686776	-0.831841	-0.919028	-0.949272	-0.919573	-0.835985	-0.714311	-0.554782	-0.376081	-0.183558	0.00598233	0.175338	0.296863	0.341764	0.310864	0.235261	
0.0689439	0.10651	0.135439	0.144326	0.112521	0.028182	-0.113472	-0.29635	-0.504752	-0.692387	-0.824073	-0.896152	-0.899322	-0.842611	-0.736204	-0.599092	-0.441248	-0.270326	-0.0971008	0.0673324	0.211299	0.302904	0.31842	0.268013	0.176912	
0.260248	0.284569	0.291221	0.277559	0.226433	0.11334	-0.0519124	-0.256795	-0.478843	-0.670313	-0.798223	-0.850776	-0.827746	-0.747646	-0.628914	-0.485557	-0.339617	-0.186017	-0.0266755	0.116177	0.239175	0.307346	0.305042	0.240908	0.137365	
0.411524	0.421301	0.41279	0.382949	0.311845	0.177689	0.00120131	-0.212258	-0.441328	-0.639059	-0.763334	-0.79567	-0.750708	-0.658721	-0.53823	-0.398208	-0.258472	-0.118216	0.0251613	0.153643	0.255726	0.308799	0.29895	0.234569	0.12522	
0.512576	0.516066	0.494629	0.446579	0.360184	0.219729	0.0346381	-0.183852	-0.413277	-0.609501	-0.727032	-0.748315	-0.696482	-0.601931	-0.478772	-0.343015	-0.206661	-0.0711464	0.0586468	0.175972	0.264913	0.307793	0.293108	0.226645	0.115923	
0.531883	0.534983	0.510161	0.45742	0.368801	0.228305	0.0409249	-0.179503	-0.408349	-0.603319	-0.718977	-0.738386	-0.686833	-0.592505	-0.467194	-0.332203	-0.196933	-0.0630571	0.0647348	0.180143	0.266316	0.30739	0.292132	0.224297	0.11321	
0.459886	0.465335	0.451198	0.414491	0.336019	0.19845	0.0172706	-0.197966	-0.428275	-0.626333	-0.747612	-0.774081	-0.724767	-0.630842	-0.509566	-0.371564	-0.233114	-0.0962513	0.0410539	0.164892	0.260312	0.308359	0.296255	0.231528	0.122072	
0.325847	0.343867	0.343962	0.323619	0.264267	0.14123	-0.0293102	-0.238229	-0.463896	-0.658307	-0.785264	-0.829529	-0.796159	-0.709667	-0.589999	-0.447422	-0.304593	-0.156436	-0.00336137	0.132646	0.24714	0.308414	0.302383	0.236978	0.130313	
0.14851	0.181721	0.202356	0.200049	0.161425	0.0647422	-0.0886995	-0.282951	-0.496714	-0.685979	-0.814342	-0.880169	-0.872317	-0.806175	-0.69241	-0.551504	-0.398629	-0.234391	-0.0676742	0.0884218	0.223434	0.304629	0.310975	0.254901	0.158006	
-0.0563383	-0.0130853	0.0285003	0.0549954	0.0383	-0.029142	-0.147369	-0.310879	-0.509659	-0.693183	-0.832491	-0.91352	-0.932858	-0.89267	-0.798775	-0.669693	-0.508248	-0.330508	-0.145803	0.0321829	0.190897	0.300571	0.333005	0.291836	0.209166	
-0.265	-0.210468	-0.144251	-0.0902655	-0.0766957	-0.109123	-0.188726	-0.320257	-0.490876	-0.664286	-0.814879	-0.914123	-0.960276	-0.947741	-0.881686	-0.775954	-0.623597	-0.448715	-0.247397	-0.0404145	0.145425	0.284934	0.349738	0.339338	0.278291	
-0.431649	-0.371374	-0.282417	-0.204624	-0.161188	-0.158134	-0.202177	-0.294942	-0.432954	-0.587493	-0.738922	-0.861061	-0.943134	-0.961974	-0.929417	-0.85696	-0.729324	-0.563254	-0.361811	-0.141685	0.0704548	0.234945	0.333484	0.361357	0.338377	
-0.549625	-0.485529	-0.380591	-0.279547	-0.204144	-0.16346	-0.168719	-0.220555	-0.322299	-0.463708	-0.615876	-0.764517	-0.881083	-0.945802	-0.951688	-0.907265	-0.814489	-0.673171	-0.485132	-0.263963	-0.0449235	0.138982	0.26927	0.340243	0.357576	
-0.606288	-0.546546	-0.445174	-0.316106	-0.19756	-0.11024	-0.0725933	-0.0989222	-0.183356	-0.312227	-0.467606	-0.638489	-0.793248	-0.90443	-0.952822	-0.939103	-0.876748	-0.766777	-0.605024	-0.401119	-0.187467	0.00347746	0.151398	0.254728	0.311342	
-0.608618	-0.549705	-0.447884	-0.303911	-0.14891	-0.0159869	0.0604965	0.0601134	-0.0131266	-0.139341	-0.310338	-0.506913	-0.694872	-0.839639	-0.923855	-0.945314	-0.917308	-0.841937	-0.712091	-0.540161	-0.349368	-0.169756	-0.0188992	0.10425	0.187042	
-0.577878	-0.516064	-0.401579	-0.246053	-0.0687939	0.0909573	0.202885	0.233561	0.173709	0.0397201	-0.152528	-0.370408	-0.582611	-0.754525	-0.867856	-0.927076	-0.937606	-0.892322	-0.799556	-0.674143	-0.525415	-0.374506	-0.228296	-0.0989558	0.00532063	
-0.536095	-0.470417	-0.341368	-0.171533	0.0221945	0.202518	0.340208	0.395727	0.34896	0.203573	-0.00607256	-0.248176	-0.474063	-0.655421	-0.788802	-0.87768	-0.927781	-0.924416	-0.875913	-0.791857	-0.690658	-0.577256	-0.450834	-0.323205	-0.205681	
-0.496358	-0.420571	-0.281626	-0.0979971	0.110737	0.309651	0.463658	0.527107	0.485505	0.337241	0.117612	-0.135158	-0.364026	-0.544695	-0.687684	-0.798406	-0.883153	-0.92584	-0.924086	-0.881439	-0.824341	-0.745101	-0.647245	-0.533612	-0.418374	
-0.467148	-0.378598	-0.227046	-0.0315669	0.181501	0.387116	0.545007	0.608647	0.565651	0.419167	0.20564	-0.0326474	-0.252414	-0.433267	-0.579157	-0.702052	-0.808058	-0.884969	-0.926945	-0.931268	-0.910064	-0.863071	-0.797146	-0.707036	-0.601726	
-0.447148	-0.348648	-0.188256	0.0146628	0.227927	0.427486	0.575325	0.640702	0.600532	0.464928	0.265122	0.049365	-0.151362	-0.327867	-0.470854	-0.59146	-0.705288	-0.802072	-0.879001	-0.929015	-0.941648	-0.930014	-0.895893	-0.841975	-0.759662	
-0.442693	-0.33292	-0.167631	0.039529	0.254275	0.44363	0.578271	0.640598	0.618415	0.504518	0.325779	0.135658	-0.0422617	-0.209935	-0.35365	-0.47457	-0.587492	-0.694246	-0.79431	-0.874081	-0.925193	-0.95225	-0.947014	-0.922004	-0.872538	
-0.452061	-0.334347	-0.162134	0.0448495	0.25609	0.439457	0.566545	0.632812	0.630947	0.543626	0.401187	0.242662	0.0849944	-0.0698911	-0.216986	-0.344025	-0.452742	-0.560975	-0.671943	-0.771565	-0.853644	-0.914875	-0.949969	-0.956543	-0.941906	
-0.480194	-0.356521	-0.179463	0.0272619	0.237405	0.420775	0.55162	0.630965	0.646797	0.591272	0.484187	0.359115	0.220903	0.0792341	-0.0594798	-0.182346	-0.286999	-0.395598	-0.508983	-0.616761	-0.720095	-0.811991	-0.888222	-0.943888	-0.966027	
-0.519056	-0.384775	-0.205765	-0.00013073	0.211807	0.402485	0.546421	0.640271	0.678713	0.649948	0.572558	0.471206	0.354356	0.22924	0.107518	0.00298847	-0.0865766	-0.18778	-0.299026	-0.409606	-0.534136	-0.657047	-0.774	-0.870662	-0.929795	
-0.552108	-0.402458	-0.216493	-0.00844726	0.203942	0.404313	0.562382	0.667224	0.719315	0.707758	0.653721	0.572311	0.474859	0.376345	0.282598	0.20452	0.139004	0.0585524	-0.0511544	-0.181566	-0.328508	-0.475522	-0.62227	-0.750964	-0.840639	
