-0.163123	-0.203591	-0.278967	-0.378058	-0.47816	-0.564034	-0.622299	-0.640297	-0.592157	-0.482522	-0.323789	-0.135938	0.0570346	0.256975	0.439135	0.585352	0.66949	0.673929	0.608475	0.492584	0.354232	0.225109	0.111791	0.0329655	-0.0262138	
-0.203591	-0.212901	-0.258301	-0.336826	-0.431367	-0.518969	-0.588414	-0.625351	-0.604087	-0.519882	-0.377804	-0.203848	-0.0136958	0.182933	0.370887	0.532281	0.63692	0.666632	0.621683	0.516556	0.383477	0.247141	0.128476	0.0381145	-0.0274542	
-0.278967	-0.258301	-0.269419	-0.32561	-0.406084	-0.488016	-0.560158	-0.60785	-0.604796	-0.540439	-0.415214	-0.249457	-0.0648017	0.13	0.321794	0.492831	0.616291	0.667626	0.642176	0.549592	0.420187	0.278889	0.152874	0.0502463	-0.0223424	
-0.378058	-0.336826	-0.32561	-0.358768	-0.421887	-0.49249	-0.560026	-0.60852	-0.61382	-0.565442	-0.449164	-0.291683	-0.108855	0.0868068	0.280549	0.462596	0.602074	0.675628	0.671154	0.593769	0.470611	0.32823	0.194256	0.0831443	0.000214295	
-0.47816	-0.431367	-0.406084	-0.421887	-0.470188	-0.532117	-0.596649	-0.641933	-0.657638	-0.618384	-0.511388	-0.359954	-0.172364	0.025141	0.228289	0.422642	0.581543	0.6804	0.701069	0.642937	0.532646	0.390786	0.254995	0.134092	0.0446681	
-0.564034	-0.518969	-0.488016	-0.49249	-0.532117	-0.593611	-0.655771	-0.705621	-0.730676	-0.700606	-0.607808	-0.458765	-0.270925	-0.068415	0.143846	0.350362	0.528519	0.65399	0.699826	0.667554	0.57102	0.437682	0.301104	0.175458	0.0807775	
-0.622299	-0.588414	-0.560158	-0.560026	-0.596649	-0.655771	-0.720917	-0.776675	-0.810413	-0.796929	-0.719344	-0.581161	-0.398248	-0.194855	0.0221941	0.237013	0.4327	0.580667	0.653741	0.647509	0.568273	0.447873	0.311725	0.18682	0.0855221	
-0.640297	-0.625351	-0.60785	-0.60852	-0.641933	-0.705621	-0.776675	-0.840219	-0.889955	-0.892714	-0.836051	-0.712795	-0.538488	-0.337816	-0.119577	0.100878	0.308993	0.47558	0.573721	0.589769	0.530723	0.419795	0.288616	0.160855	0.0561055	
-0.592157	-0.604087	-0.604796	-0.61382	-0.657638	-0.730676	-0.810413	-0.889955	-0.952653	-0.974612	-0.940958	-0.834572	-0.674394	-0.480432	-0.265338	-0.0443251	0.170214	0.351802	0.468012	0.507241	0.46335	0.365591	0.236101	0.108504	-0.00227632	
-0.482522	-0.519882	-0.540439	-0.565442	-0.618384	-0.700606	-0.796929	-0.892714	-0.974612	-1.02296	-1.01591	-0.934884	-0.79527	-0.612858	-0.405871	-0.188969	0.0300942	0.219323	0.354405	0.410732	0.38468	0.297442	0.171765	0.0433433	-0.0729341	
-0.323789	-0.377804	-0.415214	-0.449164	-0.511388	-0.607808	-0.719344	-0.836051	-0.940958	-1.01591	-1.03872	-0.9871	-0.871509	-0.705812	-0.513158	-0.30297	-0.0889135	0.105166	0.250643	0.320893	0.30919	0.22987	0.107798	-0.0236047	-0.14554	
-0.135938	-0.203848	-0.249457	-0.291683	-0.359954	-0.458765	-0.581161	-0.712795	-0.834572	-0.934884	-0.9871	-0.966787	-0.879424	-0.737019	-0.561511	-0.366335	-0.160528	0.0311312	0.181744	0.262178	0.260378	0.188347	0.0673808	-0.0671924	-0.196204	
0.0570346	-0.0136958	-0.0648017	-0.108855	-0.172364	-0.270925	-0.398248	-0.538488	-0.674394	-0.79527	-0.871509	-0.879424	-0.818716	-0.695993	-0.539453	-0.357112	-0.1618	0.0248043	0.17874	0.264625	0.272159	0.204139	0.0843046	-0.055434	-0.191831	
0.256975	0.182933	0.13	0.0868068	0.025141	-0.068415	-0.194855	-0.337816	-0.480432	-0.612858	-0.705812	-0.737019	-0.695993	-0.592949	-0.451181	-0.280872	-0.0965287	0.0863728	0.240479	0.332528	0.347749	0.284411	0.166043	0.0218854	-0.121719	
0.439135	0.370887	0.321794	0.280549	0.228289	0.143846	0.0221941	-0.119577	-0.265338	-0.405871	-0.513158	-0.561511	-0.539453	-0.451181	-0.320928	-0.160306	0.0179345	0.197988	0.355015	0.454681	0.479117	0.423076	0.308395	0.16173	0.0138626	
0.585352	0.532281	0.492831	0.462596	0.422642	0.350362	0.237013	0.100878	-0.0443251	-0.188969	-0.30297	-0.366335	-0.357112	-0.280872	-0.160306	-0.0054083	0.167101	0.346138	0.506574	0.61372	0.648461	0.600764	0.490751	0.344491	0.192211	
0.66949	0.63692	0.616291	0.602074	0.581543	0.528519	0.4327	0.308993	0.170214	0.0300942	-0.0889135	-0.160528	-0.1618	-0.0965287	0.0179345	0.167101	0.335884	0.515288	0.678721	0.794843	0.840325	0.801784	0.699606	0.553616	0.401258	
0.673929	0.666632	0.667626	0.675628	0.6804	0.65399	0.580667	0.47558	0.351802	0.219323	0.105166	0.0311312	0.0248043	0.0863728	0.197988	0.346138	0.515288	0.696496	0.865448	0.991531	1.04738	1.02119	0.924955	0.783832	0.629467	
0.608475	0.621683	0.642176	0.671154	0.701069	0.699826	0.653741	0.573721	0.468012	0.354405	0.250643	0.181744	0.17874	0.240479	0.355015	0.506574	0.678721	0.865448	1.04208	1.1785	1.24875	1.23326	1.14864	1.01096	0.859659	
0.492584	0.516556	0.549592	0.593769	0.642937	0.667554	0.647509	0.589769	0.507241	0.410732	0.320893	0.262178	0.264625	0.332528	0.454681	0.61372	0.794843	0.991531	1.1785	1.33138	1.41507	1.41749	1.34294	1.21515	1.0665	
0.354232	0.383477	0.420187	0.470611	0.532646	0.57102	0.568273	0.530723	0.46335	0.38468	0.30919	0.260378	0.272159	0.347749	0.479117	0.648461	0.840325	1.04738	1.24875	1.41507	1.51774	1.5347	1.47565	1.35646	1.21455	
0.225109	0.247141	0.278889	0.32823	0.390786	0.437682	0.447873	0.419795	0.365591	0.297442	0.22987	0.188347	0.204139	0.284411	0.423076	0.600764	0.801784	1.02119	1.23326	1.41749	1.5347	1.57078	1.52466	1.41766	1.28206	
0.111791	0.128476	0.152874	0.194256	0.254995	0.301104	0.311725	0.288616	0.236101	0.171765	0.107798	0.0673808	0.0843046	0.166043	0.308395	0.490751	0.699606	0.924955	1.14864	1.34294	1.47565	1.52466	1.49183	1.39385	1.26478	
0.0329655	0.0381145	0.0502463	0.0831443	0.134092	0.175458	0.18682	0.160855	0.108504	0.0433433	-0.0236047	-0.0671924	-0.055434	0.0218854	0.16173	0.344491	0.553616	0.783832	1.01096	1.21515	1.35646	1.41766	1.39385	1.3041	1.17943	
-0.0262138	-0.0274542	-0.0223424	0.000214295	0.0446681	0.0807775	0.0855221	0.0561055	-0.00227632	-0.0729341	-0.14554	-0.196204	-0.191831	-0.121719	0.0138626	0.192211	0.401258	0.629467	0.859659	1.0665	1.21455	1.28206	1.26478	1.17943	1.05747	
-0.0583869	-0.066532	-0.0714342	-0.0556704	-0.0199528	0.00916081	0.011275	-0.0236911	-0.0861763	-0.161943	-0.241046	-0.299193	-0.304158	-0.242519	-0.115501	0.0576374	0.260672	0.486499	0.713958	0.922228	1.07214	1.14398	1.12973	1.0473	0.925763	
-0.0805171	-0.0928125	-0.100626	-0.0912807	-0.0603367	-0.0343792	-0.0371108	-0.0756153	-0.143691	-0.224984	-0.31094	-0.376752	-0.389775	-0.337253	-0.216299	-0.0503282	0.148924	0.36993	0.595416	0.802299	0.953256	1.02637	1.01402	0.931965	0.810494	
-0.0900432	-0.104273	-0.117599	-0.111521	-0.0847355	-0.0629264	-0.0676126	-0.109423	-0.180089	-0.265484	-0.355416	-0.426554	-0.446728	-0.40004	-0.286518	-0.125404	0.0683433	0.285282	0.507354	0.712537	0.86258	0.936529	0.923881	0.842473	0.719425	
-0.0956712	-0.112418	-0.126179	-0.122617	-0.0983051	-0.0775232	-0.0834551	-0.126633	-0.200103	-0.287428	-0.381626	-0.45711	-0.481523	-0.441006	-0.330927	-0.174415	0.0162241	0.230367	0.45012	0.653962	0.803866	0.877306	0.865569	0.783056	0.660081	
-0.0981986	-0.114291	-0.130009	-0.127497	-0.103791	-0.084071	-0.0915565	-0.135843	-0.2098	-0.299595	-0.39429	-0.471464	-0.498846	-0.45947	-0.352568	-0.197915	-0.00899187	0.202701	0.421403	0.624016	0.772967	0.846909	0.833889	0.75215	0.6275	
-0.0974373	-0.115133	-0.130641	-0.128138	-0.105519	-0.0862156	-0.0923147	-0.136542	-0.211111	-0.299496	-0.395742	-0.473564	-0.500927	-0.46357	-0.356618	-0.202537	-0.0146345	0.197713	0.415563	0.618399	0.767827	0.840996	0.829364	0.746384	0.622989	
-0.0977197	-0.113529	-0.128165	-0.125243	-0.100683	-0.079998	-0.0878344	-0.131554	-0.205192	-0.294702	-0.388435	-0.464744	-0.490766	-0.450107	-0.341679	-0.186112	0.00425206	0.216546	0.436289	0.63921	0.788484	0.862488	0.849455	0.7679	0.643433	
-0.0916904	-0.10801	-0.121931	-0.116764	-0.0919087	-0.0709645	-0.0750895	-0.117659	-0.1896	-0.274847	-0.367438	-0.440569	-0.462586	-0.419485	-0.307487	-0.148447	0.0432706	0.259622	0.480123	0.685038	0.835257	0.908629	0.897202	0.814637	0.692442	
-0.086125	-0.0988547	-0.108652	-0.100907	-0.0710864	-0.0463008	-0.0515788	-0.0912838	-0.160756	-0.244853	-0.331686	-0.400022	-0.416037	-0.365475	-0.247568	-0.0838185	0.11394	0.33238	0.557283	0.762906	0.913674	0.987296	0.974415	0.893119	0.770446	
-0.0673533	-0.0783416	-0.0853554	-0.071978	-0.039367	-0.0118774	-0.0105687	-0.0474649	-0.111881	-0.189155	-0.271743	-0.332988	-0.341438	-0.284187	-0.159748	0.0105308	0.211406	0.436053	0.662143	0.870498	1.02096	1.09341	1.0806	0.998027	0.877209	
-0.0421781	-0.0460987	-0.0445904	-0.0250181	0.0165686	0.050266	0.0521939	0.0210334	-0.0396051	-0.112868	-0.187286	-0.241242	-0.240204	-0.17318	-0.0405813	0.135588	0.343289	0.569866	0.800195	1.00707	1.1567	1.22592	1.21014	1.12619	1.00439	
0.00769534	0.00916637	0.0173223	0.046612	0.0938568	0.133402	0.143308	0.115546	0.0619056	-0.00499411	-0.0741451	-0.120273	-0.111454	-0.037051	0.101211	0.282683	0.491599	0.722033	0.950144	1.15647	1.30056	1.36506	1.34418	1.25663	1.1333	
0.0761104	0.0884469	0.108625	0.14676	0.204583	0.24919	0.259249	0.235933	0.183199	0.119122	0.0548098	0.0134858	0.0292469	0.109674	0.252042	0.434747	0.645011	0.872076	1.09853	1.29649	1.43385	1.48755	1.45919	1.36433	1.23758	
0.177714	0.19706	0.225198	0.272703	0.334207	0.382102	0.393728	0.367946	0.316252	0.249976	0.185012	0.144216	0.161003	0.242275	0.382686	0.562965	0.767168	0.989829	1.20652	1.39571	1.51907	1.56123	1.5202	1.41765	1.2842	
0.300289	0.327726	0.363622	0.414541	0.478277	0.520712	0.523619	0.490761	0.429073	0.355813	0.283882	0.238871	0.252717	0.33054	0.465678	0.63829	0.834718	1.0465	1.25287	1.42619	1.53526	1.55959	1.50624	1.39137	1.25251	
0.438845	0.465276	0.500026	0.548714	0.603561	0.635163	0.622876	0.573982	0.498728	0.409412	0.326544	0.271118	0.277856	0.348528	0.474124	0.63746	0.822318	1.02326	1.21565	1.37389	1.46496	1.47329	1.40442	1.28045	1.13358	
0.566095	0.585222	0.611832	0.647863	0.686628	0.6962	0.661055	0.589639	0.493684	0.386882	0.287987	0.22351	0.221593	0.285723	0.403081	0.556914	0.732797	0.922899	1.10348	1.24642	1.32152	1.31327	1.23215	1.09818	0.947725	
0.655881	0.657014	0.665988	0.683622	0.698486	0.681875	0.619256	0.524173	0.406976	0.281866	0.171721	0.0981206	0.0932633	0.15343	0.265594	0.414644	0.583806	0.767054	0.938405	1.06816	1.12977	1.10718	1.01565	0.875431	0.722011	
0.680031	0.658186	0.64608	0.640359	0.630007	0.587352	0.499491	0.381934	0.249043	0.110195	-0.00772281	-0.0808267	-0.0858226	-0.0218311	0.0906929	0.239018	0.40812	0.587631	0.753354	0.873565	0.922537	0.889604	0.788669	0.645263	0.491135	
0.628259	0.582139	0.54941	0.52535	0.491823	0.425532	0.318975	0.186881	0.043304	-0.0990825	-0.216259	-0.283728	-0.278729	-0.208341	-0.090285	0.0618262	0.231889	0.411507	0.572294	0.683295	0.722323	0.677769	0.571465	0.424378	0.272704	
0.502643	0.439999	0.394031	0.356155	0.309172	0.229037	0.108877	-0.0308708	-0.177147	-0.320911	-0.430698	-0.485984	-0.469651	-0.385551	-0.259862	-0.101207	0.0749722	0.254032	0.413181	0.515223	0.543952	0.49116	0.37762	0.231481	0.0807916	
0.333528	0.259939	0.208007	0.165212	0.105539	0.0152715	-0.108824	-0.252299	-0.395593	-0.531123	-0.631065	-0.669178	-0.636541	-0.540488	-0.403363	-0.237853	-0.056502	0.125556	0.279781	0.375727	0.393781	0.333655	0.216519	0.070931	-0.0740808	
0.136471	0.0646087	0.0126263	-0.0310844	-0.0929465	-0.190939	-0.31924	-0.460483	-0.600898	-0.726914	-0.810102	-0.828457	-0.775569	-0.660674	-0.510738	-0.332778	-0.142281	0.0425034	0.197104	0.284327	0.295831	0.22843	0.109622	-0.0326552	-0.171976	
-0.0586513	-0.129395	-0.177268	-0.220982	-0.289018	-0.386744	-0.512023	-0.647771	-0.774619	-0.884783	-0.947315	-0.939096	-0.863438	-0.729505	-0.561591	-0.372364	-0.170171	0.0193866	0.171599	0.255022	0.256586	0.18715	0.0660551	-0.0698573	-0.202144	
-0.251267	-0.310635	-0.352279	-0.389109	-0.45478	-0.554565	-0.670738	-0.79479	-0.907267	-0.992178	-1.02725	-0.987887	-0.883181	-0.726285	-0.540382	-0.33524	-0.124682	0.0694281	0.217154	0.291847	0.284635	0.207956	0.0868659	-0.0461476	-0.170555	
