-0.537167	-0.63722	-0.708413	-0.744259	-0.742456	-0.690861	-0.573214	-0.409358	-0.243183	-0.0993967	0.0372903	0.148725	0.218301	0.244358	0.245744	0.237655	0.240152	0.272654	0.324764	0.396857	0.48812	0.575418	0.63517	0.659303	0.652893	
-0.63722	-0.767362	-0.870741	-0.937559	-0.951897	-0.900874	-0.77119	-0.584103	-0.38834	-0.208554	-0.0358591	0.10991	0.211724	0.259436	0.268113	0.264264	0.26158	0.277076	0.317112	0.388558	0.489096	0.597036	0.688892	0.748374	0.77698	
-0.708413	-0.870741	-1.00361	-1.09203	-1.12047	-1.07024	-0.931795	-0.727279	-0.504576	-0.288767	-0.0804158	0.099122	0.227509	0.298448	0.322579	0.32276	0.31498	0.316195	0.344775	0.406969	0.503536	0.621962	0.738994	0.831317	0.887919	
-0.744259	-0.937559	-1.09203	-1.19076	-1.22457	-1.17617	-1.03296	-0.819543	-0.586155	-0.350292	-0.116808	0.0942908	0.246241	0.336647	0.378351	0.388654	0.380693	0.375245	0.391536	0.43976	0.524954	0.642321	0.77139	0.886012	0.96393	
-0.742456	-0.951897	-1.12047	-1.22457	-1.25899	-1.20856	-1.06304	-0.859999	-0.634334	-0.393373	-0.154872	0.0692541	0.244328	0.357335	0.419075	0.442988	0.440512	0.432276	0.438193	0.472395	0.545901	0.651062	0.772578	0.891456	0.986876	
-0.690861	-0.900874	-1.07024	-1.17617	-1.20856	-1.15751	-1.02506	-0.843623	-0.641559	-0.417932	-0.186133	0.0402962	0.224863	0.356816	0.441307	0.478586	0.487798	0.479368	0.475562	0.495919	0.553769	0.64128	0.743209	0.854526	0.960195	
-0.573214	-0.77119	-0.931795	-1.03296	-1.06304	-1.02506	-0.925926	-0.780128	-0.605555	-0.406925	-0.190173	0.02779	0.214471	0.354151	0.442917	0.48708	0.507315	0.504986	0.494798	0.506973	0.55197	0.619811	0.70148	0.794119	0.89951	
-0.409358	-0.584103	-0.727279	-0.819543	-0.859999	-0.843623	-0.780128	-0.672353	-0.522676	-0.342443	-0.142017	0.0620982	0.239267	0.368349	0.44738	0.490318	0.509305	0.507111	0.49643	0.504473	0.537474	0.586031	0.648542	0.72776	0.825268	
-0.243183	-0.38834	-0.504576	-0.586155	-0.634334	-0.641559	-0.605555	-0.522676	-0.394348	-0.233207	-0.0507382	0.130475	0.284119	0.390114	0.454351	0.488953	0.50274	0.500365	0.487674	0.485235	0.502713	0.543057	0.591988	0.659764	0.743931	
-0.0993967	-0.208554	-0.288767	-0.350292	-0.393373	-0.417932	-0.406925	-0.342443	-0.233207	-0.0934763	0.0623339	0.213874	0.338789	0.421796	0.46562	0.494627	0.501384	0.487235	0.47536	0.468625	0.4756	0.499847	0.536194	0.586967	0.651961	
0.0372903	-0.0358591	-0.0804158	-0.116808	-0.154872	-0.186133	-0.190173	-0.142017	-0.0507382	0.0623339	0.188638	0.308771	0.403193	0.465229	0.497874	0.513718	0.508662	0.485921	0.468072	0.456995	0.459532	0.470226	0.488632	0.517842	0.565596	
0.148725	0.10991	0.099122	0.0942908	0.0692541	0.0402962	0.02779	0.0620982	0.130475	0.213874	0.308771	0.403422	0.477933	0.523181	0.547516	0.55284	0.53631	0.509713	0.482764	0.463525	0.457316	0.450357	0.450297	0.461938	0.499145	
0.218301	0.211724	0.227509	0.246241	0.244328	0.224863	0.214471	0.239267	0.284119	0.338789	0.403193	0.477933	0.542722	0.589219	0.616208	0.621072	0.600717	0.569897	0.537447	0.508734	0.478469	0.448027	0.429559	0.4297	0.452916	
0.244358	0.259436	0.298448	0.336647	0.357335	0.356816	0.354151	0.368349	0.390114	0.421796	0.465229	0.523181	0.589219	0.649296	0.6849	0.698456	0.691714	0.671764	0.639399	0.591493	0.531009	0.472996	0.435895	0.417953	0.420021	
0.245744	0.268113	0.322579	0.378351	0.419075	0.441307	0.442917	0.44738	0.454351	0.46562	0.497874	0.547516	0.616208	0.6849	0.7381	0.765077	0.777637	0.774039	0.749199	0.68891	0.60756	0.522357	0.455874	0.410984	0.386787	
0.237655	0.264264	0.32276	0.388654	0.442988	0.478586	0.48708	0.490318	0.488953	0.494627	0.513718	0.55284	0.621072	0.698456	0.765077	0.813648	0.852221	0.864264	0.841388	0.774228	0.677355	0.572159	0.474678	0.401714	0.350494	
0.240152	0.26158	0.31498	0.380693	0.440512	0.487798	0.507315	0.509305	0.50274	0.501384	0.508662	0.53631	0.600717	0.691714	0.777637	0.852221	0.90885	0.931903	0.909666	0.84313	0.736052	0.609699	0.481006	0.377591	0.301243	
0.272654	0.277076	0.316195	0.375245	0.432276	0.479368	0.504986	0.507111	0.500365	0.487235	0.485921	0.509713	0.569897	0.671764	0.774039	0.864264	0.931903	0.965477	0.951032	0.883078	0.768326	0.618075	0.462069	0.327688	0.21402	
0.324764	0.317112	0.344775	0.391536	0.438193	0.475562	0.494798	0.49643	0.487674	0.47536	0.468072	0.482764	0.537447	0.639399	0.749199	0.841388	0.909666	0.951032	0.942641	0.871773	0.747998	0.579467	0.400639	0.233632	0.0743785	
0.396857	0.388558	0.406969	0.43976	0.472395	0.495919	0.506973	0.504473	0.485235	0.468625	0.456995	0.463525	0.508734	0.591493	0.68891	0.774228	0.84313	0.883078	0.871773	0.796066	0.666017	0.488392	0.29262	0.0938031	-0.10559	
0.48812	0.489096	0.503536	0.524954	0.545901	0.553769	0.55197	0.537474	0.502713	0.4756	0.459532	0.457316	0.478469	0.531009	0.60756	0.677355	0.736052	0.768326	0.747998	0.666017	0.526172	0.346388	0.135724	-0.0916666	-0.317056	
0.575418	0.597036	0.621962	0.642321	0.651062	0.64128	0.619811	0.586031	0.543057	0.499847	0.470226	0.450357	0.448027	0.472996	0.522357	0.572159	0.609699	0.618075	0.579467	0.488392	0.346388	0.156384	-0.0744976	-0.32046	-0.554216	
0.63517	0.688892	0.738994	0.77139	0.772578	0.743209	0.70148	0.648542	0.591988	0.536194	0.488632	0.450297	0.429559	0.435895	0.455874	0.474678	0.481006	0.462069	0.400639	0.29262	0.135724	-0.0744976	-0.322965	-0.574458	-0.799345	
0.659303	0.748374	0.831317	0.886012	0.891456	0.854526	0.794119	0.72776	0.659764	0.586967	0.517842	0.461938	0.4297	0.417953	0.410984	0.401714	0.377591	0.327688	0.233632	0.0938031	-0.0916666	-0.32046	-0.574458	-0.82025	-1.01397	
0.652893	0.77698	0.887919	0.96393	0.986876	0.960195	0.89951	0.825268	0.743931	0.651961	0.565596	0.499145	0.452916	0.420021	0.386787	0.350494	0.301243	0.21402	0.0743785	-0.10559	-0.317056	-0.554216	-0.799345	-1.01397	-1.16328	
0.599906	0.759879	0.897656	0.996676	1.04654	1.04745	1.00447	0.926668	0.830273	0.732747	0.642906	0.571205	0.510508	0.447061	0.373688	0.301981	0.222502	0.102304	-0.0731949	-0.288112	-0.515985	-0.751097	-0.971059	-1.13711	-1.22696	
0.506301	0.699645	0.865763	0.991344	1.07182	1.10126	1.07805	1.01759	0.926131	0.827141	0.737821	0.660718	0.584269	0.488721	0.381399	0.273648	0.156331	-0.00313675	-0.209278	-0.443745	-0.6808	-0.904003	-1.08695	-1.19598	-1.21459	
0.397279	0.619911	0.81627	0.971426	1.07496	1.12617	1.1278	1.09216	1.01823	0.925133	0.830261	0.740917	0.644116	0.528165	0.398441	0.26308	0.111605	-0.0797143	-0.308884	-0.563574	-0.810781	-1.01705	-1.15643	-1.20658	-1.16028	
0.307634	0.550996	0.770333	0.945956	1.06645	1.13719	1.16095	1.14591	1.08646	0.999208	0.904214	0.810491	0.70027	0.570438	0.423669	0.266086	0.0912679	-0.122189	-0.373786	-0.643475	-0.895918	-1.09001	-1.19974	-1.20172	-1.10483	
0.2494	0.502887	0.73559	0.927213	1.06005	1.1422	1.17696	1.173	1.12423	1.04027	0.949889	0.8562	0.738935	0.597704	0.439531	0.273289	0.0856688	-0.14249	-0.406614	-0.690023	-0.945587	-1.12735	-1.213	-1.19544	-1.07454	
0.23776	0.492591	0.728478	0.923062	1.05937	1.14335	1.17891	1.17743	1.12979	1.04784	0.958709	0.864904	0.74484	0.601016	0.443122	0.276736	0.0848112	-0.146711	-0.412917	-0.697438	-0.953854	-1.13311	-1.21394	-1.1949	-1.06992	
0.280195	0.528638	0.75409	0.936782	1.06238	1.13953	1.16884	1.15935	1.10577	1.01918	0.926491	0.832502	0.719719	0.584374	0.431439	0.268647	0.0883272	-0.132028	-0.390219	-0.666697	-0.920137	-1.1092	-1.20796	-1.19908	-1.08946	
0.357936	0.590966	0.797442	0.961336	1.07258	1.13199	1.14371	1.11662	1.04827	0.958747	0.862919	0.770638	0.665893	0.544605	0.408531	0.26337	0.101152	-0.100389	-0.33895	-0.600046	-0.849565	-1.05077	-1.17748	-1.20485	-1.13612	
0.462659	0.66758	0.846789	0.984807	1.07547	1.11387	1.09943	1.04935	0.965112	0.867891	0.77582	0.693742	0.610061	0.50524	0.386965	0.26753	0.135169	-0.0382314	-0.254063	-0.496443	-0.737827	-0.953602	-1.11851	-1.20416	-1.19595	
0.566063	0.740369	0.888907	0.997691	1.05997	1.07339	1.03828	0.964958	0.867683	0.768451	0.680282	0.607881	0.540028	0.462764	0.374544	0.288	0.193813	0.0586783	-0.130044	-0.353977	-0.586493	-0.817653	-1.02398	-1.16774	-1.22959	
0.638298	0.776532	0.897554	0.981857	1.01472	0.998762	0.944096	0.866315	0.777686	0.682829	0.592684	0.522717	0.471769	0.427811	0.378978	0.329953	0.270046	0.169777	0.0139421	-0.181693	-0.40067	-0.638249	-0.874428	-1.07159	-1.19891	
0.660897	0.764178	0.858899	0.922852	0.934024	0.897604	0.83445	0.764908	0.692226	0.610605	0.534283	0.474216	0.436124	0.416223	0.400214	0.380076	0.346247	0.280703	0.168991	0.0134218	-0.183482	-0.416725	-0.669942	-0.90589	-1.08327	
0.648615	0.715872	0.779421	0.820135	0.821149	0.787255	0.73732	0.677766	0.616527	0.555189	0.498513	0.452412	0.426993	0.426275	0.434684	0.44176	0.434684	0.404229	0.332822	0.213201	0.045944	-0.172618	-0.4245	-0.676072	-0.891419	
0.603872	0.637825	0.671257	0.693795	0.698949	0.680789	0.650744	0.609718	0.561769	0.513378	0.476303	0.449165	0.438652	0.455825	0.493788	0.53143	0.557362	0.55526	0.506533	0.410983	0.265388	0.0674678	-0.171866	-0.420261	-0.652943	
0.524881	0.532449	0.548996	0.569659	0.584795	0.586379	0.577348	0.55563	0.516584	0.483123	0.463219	0.454511	0.465488	0.506189	0.571539	0.635086	0.68608	0.710749	0.685238	0.59916	0.458284	0.276386	0.0586887	-0.178504	-0.409626	
0.432277	0.426363	0.441814	0.468654	0.497038	0.514603	0.521231	0.515268	0.489138	0.468899	0.456421	0.460471	0.497695	0.56862	0.658399	0.73801	0.804472	0.84288	0.828334	0.750284	0.615511	0.437002	0.235459	0.0251787	-0.186715	
0.350281	0.341333	0.365574	0.406503	0.447044	0.479613	0.495792	0.496314	0.485087	0.471514	0.462516	0.473143	0.525706	0.621684	0.728334	0.818724	0.888122	0.929927	0.921724	0.848675	0.723028	0.549723	0.363465	0.183049	0.00613713	
0.291756	0.289909	0.324168	0.378694	0.432685	0.475734	0.500379	0.502878	0.495433	0.482334	0.477691	0.498582	0.556566	0.661016	0.76876	0.8608	0.929011	0.965676	0.955012	0.886569	0.767384	0.608354	0.442448	0.295408	0.164745	
0.250121	0.265358	0.312958	0.376572	0.436763	0.485947	0.509011	0.510963	0.5036	0.496449	0.500371	0.52571	0.588723	0.684356	0.777233	0.860107	0.922892	0.950338	0.930105	0.86361	0.753694	0.617983	0.477899	0.361455	0.271793	
0.235792	0.262397	0.319655	0.386513	0.443683	0.485244	0.497959	0.50006	0.496711	0.501147	0.515011	0.549169	0.615363	0.697639	0.772371	0.831871	0.877668	0.894285	0.871707	0.804408	0.703021	0.589502	0.478833	0.3944	0.333932	
0.242737	0.266941	0.324258	0.385881	0.432788	0.460715	0.464654	0.468091	0.470949	0.478534	0.505399	0.551817	0.621407	0.693013	0.750964	0.785504	0.809397	0.812578	0.788311	0.724607	0.636634	0.543024	0.46467	0.408335	0.372281	
0.24683	0.266193	0.312439	0.35801	0.387471	0.396874	0.395951	0.405526	0.419752	0.442266	0.481616	0.53544	0.601121	0.666163	0.709159	0.727804	0.727624	0.713791	0.684742	0.630539	0.56015	0.490997	0.442553	0.414893	0.407521	
0.233422	0.236907	0.262585	0.288961	0.296753	0.283144	0.275816	0.297439	0.332764	0.37786	0.431496	0.498956	0.564946	0.616243	0.644653	0.652349	0.635711	0.607773	0.574021	0.538172	0.495959	0.454256	0.429152	0.423475	0.438746	
0.181712	0.156736	0.157858	0.163488	0.146689	0.120877	0.108186	0.137448	0.196547	0.267491	0.350697	0.437055	0.505063	0.547696	0.573536	0.577184	0.557212	0.528326	0.498265	0.47645	0.462541	0.447224	0.43869	0.445512	0.47886	
0.0869221	0.0270101	-0.00376716	-0.0273451	-0.0622832	-0.093113	-0.10118	-0.0584726	0.0232289	0.125104	0.238487	0.347467	0.432505	0.487535	0.515138	0.526131	0.516503	0.492008	0.470179	0.45629	0.456434	0.460593	0.472531	0.493385	0.535504	
