0.316891	0.398092	0.480396	0.553055	0.597925	0.61627	0.607421	0.558557	0.468513	0.346349	0.17656	-0.0185462	-0.198098	-0.320647	-0.389463	-0.408975	-0.405442	-0.405786	-0.414649	-0.412826	-0.382869	-0.344563	-0.323101	-0.314912	-0.31679	
0.398092	0.4722	0.548391	0.618818	0.670166	0.695027	0.679461	0.615135	0.512485	0.378759	0.20643	0.023248	-0.138842	-0.251205	-0.322484	-0.357649	-0.381313	-0.41979	-0.465472	-0.495783	-0.501889	-0.50006	-0.507997	-0.524688	-0.547246	
0.480396	0.548391	0.616392	0.682227	0.732461	0.750548	0.717097	0.635898	0.521347	0.378385	0.212788	0.048726	-0.0929572	-0.193535	-0.257012	-0.290871	-0.3304	-0.399294	-0.475239	-0.537258	-0.585418	-0.622944	-0.65979	-0.703379	-0.74654	
0.553055	0.618818	0.682227	0.739386	0.773077	0.765922	0.705733	0.602804	0.475145	0.325429	0.174765	0.0350169	-0.0841039	-0.168453	-0.211514	-0.229774	-0.27038	-0.347126	-0.441351	-0.535987	-0.620521	-0.70118	-0.772065	-0.837502	-0.900647	
0.597925	0.670166	0.732461	0.773077	0.773054	0.734866	0.645507	0.517415	0.374718	0.226307	0.0954173	-0.0189495	-0.110731	-0.166302	-0.187709	-0.189947	-0.217447	-0.290662	-0.390828	-0.50314	-0.614307	-0.721062	-0.816943	-0.900075	-0.965303	
0.61627	0.695027	0.750548	0.765922	0.734866	0.666687	0.552874	0.401465	0.248784	0.107536	-0.011724	-0.106907	-0.166792	-0.192723	-0.193359	-0.180539	-0.190415	-0.246333	-0.339164	-0.453935	-0.569561	-0.688281	-0.797099	-0.887356	-0.945807	
0.607421	0.679461	0.717097	0.705733	0.645507	0.552874	0.422743	0.265839	0.118454	-0.0134315	-0.128459	-0.206723	-0.239603	-0.240854	-0.223943	-0.194944	-0.187291	-0.224009	-0.301686	-0.407028	-0.516596	-0.627364	-0.73027	-0.809145	-0.85087	
0.558557	0.615135	0.635898	0.602804	0.517415	0.401465	0.265839	0.119017	-0.0195651	-0.14192	-0.244313	-0.302966	-0.31812	-0.302039	-0.267198	-0.227596	-0.208397	-0.229672	-0.292806	-0.381318	-0.476537	-0.563053	-0.633318	-0.67888	-0.695516	
0.468513	0.512485	0.521347	0.475145	0.374718	0.248784	0.118454	-0.0195651	-0.15423	-0.264248	-0.349425	-0.398614	-0.407592	-0.380571	-0.331695	-0.284824	-0.256161	-0.262008	-0.303389	-0.370135	-0.441832	-0.49486	-0.522711	-0.528596	-0.512416	
0.346349	0.378759	0.378385	0.325429	0.226307	0.107536	-0.0134315	-0.14192	-0.264248	-0.359066	-0.438487	-0.491077	-0.501025	-0.466543	-0.409651	-0.357098	-0.320201	-0.306663	-0.329243	-0.369144	-0.407922	-0.423925	-0.414328	-0.377901	-0.327015	
0.17656	0.20643	0.212788	0.174765	0.0954173	-0.011724	-0.128459	-0.244313	-0.349425	-0.438487	-0.517089	-0.57377	-0.582589	-0.54689	-0.493658	-0.442637	-0.393649	-0.366161	-0.370057	-0.378829	-0.378252	-0.362512	-0.323692	-0.254626	-0.167664	
-0.0185462	0.023248	0.048726	0.0350169	-0.0189495	-0.106907	-0.206723	-0.302966	-0.398614	-0.491077	-0.57377	-0.631456	-0.640261	-0.613141	-0.570624	-0.518391	-0.465207	-0.430744	-0.41918	-0.403254	-0.371268	-0.324728	-0.255602	-0.152916	-0.0249909	
-0.198098	-0.138842	-0.0929572	-0.0841039	-0.110731	-0.166792	-0.239603	-0.31812	-0.407592	-0.501025	-0.582589	-0.640261	-0.661615	-0.651575	-0.625005	-0.582072	-0.53501	-0.495925	-0.468043	-0.434806	-0.379653	-0.304581	-0.198568	-0.0568519	0.105246	
-0.320647	-0.251205	-0.193535	-0.168453	-0.166302	-0.192723	-0.240854	-0.302039	-0.380571	-0.466543	-0.54689	-0.613141	-0.651575	-0.661628	-0.6545	-0.62993	-0.595594	-0.554822	-0.515213	-0.470223	-0.39897	-0.293009	-0.145471	0.0337365	0.222731	
-0.389463	-0.322484	-0.257012	-0.211514	-0.187709	-0.193359	-0.223943	-0.267198	-0.331695	-0.409651	-0.493658	-0.570624	-0.625005	-0.6545	-0.667468	-0.654465	-0.624911	-0.585045	-0.536676	-0.480923	-0.393472	-0.260254	-0.0805727	0.122755	0.327916	
-0.408975	-0.357649	-0.290871	-0.229774	-0.189947	-0.180539	-0.194944	-0.227596	-0.284824	-0.357098	-0.442637	-0.518391	-0.582072	-0.62993	-0.654465	-0.640977	-0.611326	-0.569895	-0.514248	-0.441703	-0.334258	-0.183008	0.00965936	0.221592	0.425809	
-0.405442	-0.381313	-0.3304	-0.27038	-0.217447	-0.190415	-0.187291	-0.208397	-0.256161	-0.320201	-0.393649	-0.465207	-0.53501	-0.595594	-0.624911	-0.611326	-0.575614	-0.526627	-0.453869	-0.355042	-0.229159	-0.0695683	0.120328	0.32057	0.511548	
-0.405786	-0.41979	-0.399294	-0.347126	-0.290662	-0.246333	-0.224009	-0.229672	-0.262008	-0.306663	-0.366161	-0.430744	-0.495925	-0.554822	-0.585045	-0.569895	-0.526627	-0.461161	-0.365632	-0.245666	-0.109379	0.0517681	0.2282	0.404341	0.57382	
-0.414649	-0.465472	-0.475239	-0.441351	-0.390828	-0.339164	-0.301686	-0.292806	-0.303389	-0.329243	-0.370057	-0.41918	-0.468043	-0.515213	-0.536676	-0.514248	-0.453869	-0.365632	-0.254538	-0.128972	0.0102123	0.1638	0.322073	0.470972	0.606601	
-0.412826	-0.495783	-0.537258	-0.535987	-0.50314	-0.453935	-0.407028	-0.381318	-0.370135	-0.369144	-0.378829	-0.403254	-0.434806	-0.470223	-0.480923	-0.441703	-0.355042	-0.245666	-0.128972	-0.00270669	0.127417	0.271562	0.413086	0.531961	0.629694	
-0.382869	-0.501889	-0.585418	-0.620521	-0.614307	-0.569561	-0.516596	-0.476537	-0.441832	-0.407922	-0.378252	-0.371268	-0.379653	-0.39897	-0.393472	-0.334258	-0.229159	-0.109379	0.0102123	0.127417	0.248896	0.375258	0.495479	0.587682	0.645818	
-0.344563	-0.50006	-0.622944	-0.70118	-0.721062	-0.688281	-0.627364	-0.563053	-0.49486	-0.423925	-0.362512	-0.324728	-0.304581	-0.293009	-0.260254	-0.183008	-0.0695683	0.0517681	0.1638	0.271562	0.375258	0.472684	0.558605	0.617724	0.642023	
-0.323101	-0.507997	-0.65979	-0.772065	-0.816943	-0.797099	-0.73027	-0.633318	-0.522711	-0.414328	-0.323692	-0.255602	-0.198568	-0.145471	-0.0805727	0.00965936	0.120328	0.2282	0.322073	0.413086	0.495479	0.558605	0.600138	0.619182	0.612888	
-0.314912	-0.524688	-0.703379	-0.837502	-0.900075	-0.887356	-0.809145	-0.67888	-0.528596	-0.377901	-0.254626	-0.152916	-0.0568519	0.0337365	0.122755	0.221592	0.32057	0.404341	0.470972	0.531961	0.587682	0.617724	0.619182	0.598633	0.558021	
-0.31679	-0.547246	-0.74654	-0.900647	-0.965303	-0.945807	-0.85087	-0.695516	-0.512416	-0.327015	-0.167664	-0.0249909	0.105246	0.222731	0.327916	0.425809	0.511548	0.57382	0.606601	0.629694	0.645818	0.642023	0.612888	0.558021	0.477829	
-0.325145	-0.565032	-0.778515	-0.938025	-0.996817	-0.960884	-0.845187	-0.669443	-0.470392	-0.261081	-0.0700289	0.108535	0.271986	0.412579	0.526139	0.619969	0.688979	0.725312	0.725813	0.708609	0.680923	0.644545	0.590592	0.508564	0.398808	
-0.349768	-0.580737	-0.788735	-0.935488	-0.984097	-0.93265	-0.799953	-0.610355	-0.397467	-0.175029	0.0369291	0.236386	0.421751	0.577877	0.699746	0.788206	0.833744	0.837255	0.80811	0.758665	0.702307	0.63702	0.558037	0.456833	0.331977	
-0.394249	-0.608833	-0.791977	-0.914347	-0.944619	-0.884418	-0.74013	-0.537985	-0.309656	-0.0753081	0.144972	0.351876	0.541719	0.706063	0.833537	0.912178	0.931595	0.901229	0.841911	0.777396	0.703436	0.620904	0.523832	0.407225	0.279728	
-0.444027	-0.640689	-0.799425	-0.888716	-0.903885	-0.834294	-0.682079	-0.468047	-0.227038	0.0104519	0.232148	0.433649	0.626528	0.793481	0.918794	0.986401	0.983153	0.926023	0.84881	0.765998	0.681633	0.592865	0.490271	0.368475	0.239311	
-0.483257	-0.665592	-0.804709	-0.871673	-0.873533	-0.798158	-0.638131	-0.416536	-0.171142	0.063175	0.279532	0.478616	0.673876	0.842828	0.9623	1.01702	1.00197	0.9351	0.847497	0.752387	0.657294	0.567992	0.47148	0.348523	0.214728	
-0.491639	-0.670704	-0.803768	-0.868443	-0.867514	-0.790588	-0.629233	-0.407511	-0.159941	0.072772	0.286824	0.487259	0.68289	0.851521	0.970518	1.02186	1.00441	0.937258	0.847003	0.749476	0.65166	0.563242	0.468474	0.346251	0.211657	
-0.461983	-0.65209	-0.802521	-0.880547	-0.889405	-0.817575	-0.66144	-0.443091	-0.200566	0.0363946	0.256168	0.455712	0.649675	0.817879	0.940448	1.00244	0.993637	0.930649	0.848437	0.760055	0.670937	0.581495	0.480773	0.357819	0.227235	
-0.414528	-0.621142	-0.794551	-0.903231	-0.927747	-0.863415	-0.716184	-0.509735	-0.274754	-0.0382302	0.184041	0.389132	0.580013	0.745456	0.873633	0.947671	0.957227	0.913866	0.846466	0.774478	0.696793	0.610292	0.508991	0.389539	0.261919	
-0.365877	-0.59106	-0.789928	-0.929444	-0.969869	-0.915115	-0.776297	-0.58163	-0.363271	-0.134727	0.0809974	0.28565	0.473583	0.634034	0.759351	0.843829	0.878913	0.868964	0.826306	0.771112	0.705933	0.632375	0.544954	0.436353	0.310017	
-0.33252	-0.570004	-0.784502	-0.9399	-0.996366	-0.953018	-0.830309	-0.648632	-0.444203	-0.229948	-0.0284981	0.1601	0.334745	0.482765	0.599248	0.691273	0.752015	0.775688	0.764899	0.73194	0.690854	0.642241	0.577925	0.487867	0.369856	
-0.319351	-0.556113	-0.762466	-0.920868	-0.983469	-0.958332	-0.854725	-0.690171	-0.49957	-0.302583	-0.129701	0.0290467	0.17324	0.300289	0.408711	0.504651	0.584815	0.638226	0.657347	0.664181	0.661908	0.644893	0.606209	0.539232	0.445174	
-0.314556	-0.533477	-0.720561	-0.863943	-0.928931	-0.914748	-0.831178	-0.690332	-0.524728	-0.359185	-0.221664	-0.103766	0.00609484	0.108415	0.205044	0.304752	0.398012	0.47324	0.526411	0.572838	0.614006	0.631027	0.618509	0.583844	0.527577	
-0.318065	-0.513822	-0.67716	-0.798005	-0.851891	-0.835909	-0.765218	-0.653928	-0.527631	-0.40222	-0.298636	-0.218691	-0.145936	-0.075803	-0.000602274	0.0944965	0.200817	0.298795	0.383378	0.464529	0.537524	0.586815	0.610789	0.613285	0.594104	
-0.334053	-0.50158	-0.636343	-0.730648	-0.761547	-0.733791	-0.670801	-0.594101	-0.508312	-0.423067	-0.350393	-0.300258	-0.266217	-0.239255	-0.192644	-0.109593	0.00334317	0.121169	0.227247	0.329402	0.425258	0.508866	0.577462	0.62153	0.633692	
-0.366104	-0.501365	-0.601684	-0.65388	-0.657315	-0.617282	-0.560938	-0.512484	-0.466408	-0.417924	-0.374174	-0.354679	-0.352216	-0.360908	-0.346754	-0.279641	-0.169863	-0.0478685	0.0700728	0.184114	0.298943	0.415214	0.523683	0.603381	0.646534	
-0.403864	-0.499984	-0.558109	-0.570187	-0.548327	-0.499912	-0.451095	-0.420118	-0.399142	-0.385719	-0.37966	-0.391906	-0.415084	-0.445518	-0.450961	-0.403669	-0.307621	-0.193001	-0.0742723	0.0480079	0.174913	0.313446	0.447958	0.556362	0.638016	
-0.416975	-0.481084	-0.502057	-0.480831	-0.434641	-0.384053	-0.341605	-0.32615	-0.328408	-0.344199	-0.374565	-0.415102	-0.456534	-0.499353	-0.516247	-0.488331	-0.418	-0.319819	-0.206162	-0.079125	0.0576629	0.207296	0.35892	0.495405	0.615874	
-0.409102	-0.437763	-0.430133	-0.383165	-0.328564	-0.280406	-0.251327	-0.250988	-0.274342	-0.311969	-0.364705	-0.424361	-0.484259	-0.538424	-0.566276	-0.549428	-0.500635	-0.427247	-0.323842	-0.199857	-0.0615198	0.0976974	0.266373	0.431946	0.589879	
-0.40415	-0.395353	-0.355571	-0.297777	-0.241938	-0.207407	-0.196144	-0.211125	-0.25414	-0.310671	-0.378913	-0.448107	-0.517378	-0.579509	-0.610083	-0.596254	-0.558162	-0.503396	-0.421595	-0.312278	-0.181102	-0.0204672	0.165139	0.35653	0.53992	
-0.408736	-0.365751	-0.303547	-0.241296	-0.19516	-0.178986	-0.187237	-0.215823	-0.270149	-0.340457	-0.422487	-0.496192	-0.563075	-0.617298	-0.643989	-0.63039	-0.598469	-0.554951	-0.494221	-0.41184	-0.296455	-0.140823	0.052411	0.26227	0.46197	
-0.402336	-0.340391	-0.272859	-0.219488	-0.189517	-0.188961	-0.212489	-0.250903	-0.311758	-0.386515	-0.472058	-0.550327	-0.60926	-0.645906	-0.665501	-0.653082	-0.623508	-0.584081	-0.533033	-0.471324	-0.37693	-0.234394	-0.0472474	0.161524	0.368593	
-0.354657	-0.283983	-0.222719	-0.1901	-0.178965	-0.195323	-0.23645	-0.289887	-0.36253	-0.444853	-0.526762	-0.597536	-0.643405	-0.66119	-0.66174	-0.643775	-0.612645	-0.571732	-0.528751	-0.479937	-0.402278	-0.284587	-0.122333	0.0686315	0.265728	
-0.254339	-0.190416	-0.138899	-0.122774	-0.13734	-0.180714	-0.242258	-0.314227	-0.400718	-0.491932	-0.572078	-0.632261	-0.660176	-0.658008	-0.639313	-0.603483	-0.561194	-0.521056	-0.48741	-0.448837	-0.387316	-0.299592	-0.177248	-0.0199855	0.154019	
-0.0950106	-0.0456987	-0.0120198	-0.0160814	-0.0595728	-0.135661	-0.224964	-0.313788	-0.406656	-0.50107	-0.584237	-0.640643	-0.653249	-0.632145	-0.595416	-0.545319	-0.493168	-0.456738	-0.43864	-0.415189	-0.373612	-0.315088	-0.231951	-0.113911	0.0291349	
0.0992045	0.131758	0.145865	0.117226	0.0479733	-0.052825	-0.165499	-0.273915	-0.374041	-0.463861	-0.543884	-0.601298	-0.608907	-0.575867	-0.526743	-0.474924	-0.423394	-0.391712	-0.389328	-0.386653	-0.372123	-0.344446	-0.29423	-0.212212	-0.110033	
