0.234888	0.230936	0.220703	0.195671	0.156905	0.121968	0.0978448	0.0943248	0.11007	0.152259	0.225748	0.319742	0.438716	0.562977	0.664626	0.724203	0.72543	0.657287	0.528751	0.355902	0.15685	-0.0444299	-0.232373	-0.397579	-0.537705	
0.230936	0.189021	0.146511	0.102642	0.0530723	0.00655584	-0.0236626	-0.0213574	0.0136593	0.0845231	0.18796	0.312415	0.453868	0.597289	0.716858	0.787182	0.794891	0.726423	0.591818	0.414703	0.21532	0.0143646	-0.169806	-0.326111	-0.458135	
0.220703	0.146511	0.0784297	0.0101374	-0.0696687	-0.141807	-0.184962	-0.179023	-0.132624	-0.0479868	0.0743213	0.219953	0.386381	0.559351	0.707289	0.801127	0.82641	0.771909	0.650526	0.48686	0.30148	0.116391	-0.0509742	-0.19627	-0.319486	
0.195671	0.102642	0.0101374	-0.0955906	-0.211002	-0.306615	-0.358466	-0.354793	-0.308906	-0.217785	-0.0856374	0.0805614	0.273705	0.475712	0.654095	0.773294	0.822777	0.795459	0.702645	0.568797	0.414687	0.256232	0.109751	-0.0154051	-0.12197	
0.156905	0.0530723	-0.0696687	-0.211002	-0.351402	-0.458895	-0.518946	-0.522109	-0.475617	-0.382531	-0.242186	-0.0581723	0.155578	0.380462	0.580201	0.720992	0.796724	0.801255	0.743548	0.647143	0.530649	0.407433	0.294117	0.193842	0.107513	
0.121968	0.00655584	-0.141807	-0.306615	-0.458895	-0.576899	-0.6464	-0.651501	-0.606282	-0.511413	-0.363401	-0.163263	0.0664209	0.302099	0.514237	0.670557	0.764924	0.794439	0.767655	0.705892	0.627541	0.543596	0.467738	0.406152	0.357086	
0.0978448	-0.0236626	-0.184962	-0.358466	-0.518946	-0.6464	-0.717101	-0.725215	-0.680937	-0.582168	-0.42391	-0.212432	0.0189703	0.255934	0.472345	0.634895	0.739754	0.786411	0.780436	0.745275	0.70135	0.655844	0.622819	0.601779	0.588612	
0.0943248	-0.0213574	-0.179023	-0.354793	-0.522109	-0.651501	-0.725215	-0.738298	-0.692659	-0.584724	-0.420375	-0.212544	0.0163048	0.253642	0.469994	0.633757	0.738222	0.786753	0.793089	0.779879	0.762474	0.751069	0.753993	0.765364	0.786193	
0.11007	0.0136593	-0.132624	-0.308906	-0.475617	-0.606282	-0.680937	-0.692659	-0.634725	-0.518289	-0.359764	-0.153384	0.0801964	0.315185	0.520414	0.670467	0.760905	0.806306	0.820736	0.819783	0.82385	0.836616	0.857937	0.890457	0.934831	
0.152259	0.0845231	-0.0479868	-0.217785	-0.382531	-0.511413	-0.582168	-0.584724	-0.518289	-0.407077	-0.24782	-0.0302321	0.207565	0.431333	0.619013	0.752725	0.82949	0.867979	0.879093	0.876741	0.878347	0.891744	0.922209	0.966343	1.02257	
0.225748	0.18796	0.0743213	-0.0856374	-0.242186	-0.363401	-0.42391	-0.420375	-0.359764	-0.24782	-0.0744298	0.149613	0.378111	0.584976	0.756207	0.875425	0.937725	0.958354	0.949308	0.930131	0.922121	0.930799	0.954512	0.992941	1.04199	
0.319742	0.312415	0.219953	0.0805614	-0.0581723	-0.163263	-0.212432	-0.212544	-0.153384	-0.0302321	0.149613	0.358964	0.57095	0.764426	0.916242	1.0109	1.04475	1.03761	1.00765	0.975479	0.951653	0.941339	0.947363	0.96126	0.984321	
0.438716	0.453868	0.386381	0.273705	0.155578	0.0664209	0.0189703	0.0163048	0.0801964	0.207565	0.378111	0.57095	0.775141	0.950984	1.06961	1.13117	1.13155	1.0915	1.03931	0.985604	0.934673	0.901734	0.88333	0.875258	0.883797	
0.562977	0.597289	0.559351	0.475712	0.380462	0.302099	0.255934	0.253642	0.315185	0.431333	0.584976	0.764426	0.950984	1.09418	1.17545	1.2035	1.17304	1.1103	1.03554	0.948533	0.872597	0.82061	0.779812	0.755771	0.745404	
0.664626	0.716858	0.707289	0.654095	0.580201	0.514237	0.472345	0.469994	0.520414	0.619013	0.756207	0.916242	1.06961	1.17545	1.22477	1.21839	1.1618	1.07338	0.969011	0.867076	0.782318	0.711718	0.655292	0.617203	0.584244	
0.724203	0.787182	0.801127	0.773294	0.720992	0.670557	0.634895	0.633757	0.670467	0.752725	0.875425	1.0109	1.13117	1.2035	1.21839	1.17834	1.09787	0.983698	0.861074	0.755055	0.661064	0.581399	0.52084	0.475098	0.434588	
0.72543	0.794891	0.82641	0.822777	0.796724	0.764924	0.739754	0.738222	0.760905	0.82949	0.937725	1.04475	1.13155	1.17304	1.1618	1.09787	0.992751	0.866118	0.742842	0.633074	0.529172	0.445675	0.386468	0.338949	0.303015	
0.657287	0.726423	0.771909	0.795459	0.801255	0.794439	0.786411	0.786753	0.806306	0.867979	0.958354	1.03761	1.0915	1.1103	1.07338	0.983698	0.866118	0.739725	0.615012	0.499997	0.404604	0.331563	0.274851	0.228339	0.194476	
0.528751	0.591818	0.650526	0.702645	0.743548	0.767655	0.780436	0.793089	0.820736	0.879093	0.949308	1.00765	1.03931	1.03554	0.969011	0.861074	0.742842	0.615012	0.490603	0.37998	0.29785	0.232287	0.179499	0.144407	0.114521	
0.355902	0.414703	0.48686	0.568797	0.647143	0.705892	0.745275	0.779879	0.819783	0.876741	0.930131	0.975479	0.985604	0.948533	0.867076	0.755055	0.633074	0.499997	0.37998	0.285438	0.213482	0.152543	0.104016	0.0781986	0.0561077	
0.15685	0.21532	0.30148	0.414687	0.530649	0.627541	0.70135	0.762474	0.82385	0.878347	0.922121	0.951653	0.934673	0.872597	0.782318	0.661064	0.529172	0.404604	0.29785	0.213482	0.142008	0.0906167	0.0581901	0.0333865	0.0159284	
-0.0444299	0.0143646	0.116391	0.256232	0.407433	0.543596	0.655844	0.751069	0.836616	0.891744	0.930799	0.941339	0.901734	0.82061	0.711718	0.581399	0.445675	0.331563	0.232287	0.152543	0.0906167	0.0489257	0.0267704	0.00260912	-0.00854125	
-0.232373	-0.169806	-0.0509742	0.109751	0.294117	0.467738	0.622819	0.753993	0.857937	0.922209	0.954512	0.947363	0.88333	0.779812	0.655292	0.52084	0.386468	0.274851	0.179499	0.104016	0.0581901	0.0267704	0.00133578	-0.0195795	-0.0260657	
-0.397579	-0.326111	-0.19627	-0.0154051	0.193842	0.406152	0.601779	0.765364	0.890457	0.966343	0.992941	0.96126	0.875258	0.755771	0.617203	0.475098	0.338949	0.228339	0.144407	0.0781986	0.0333865	0.00260912	-0.0195795	-0.0285961	-0.0319419	
-0.537705	-0.458135	-0.319486	-0.12197	0.107513	0.357086	0.588612	0.786193	0.934831	1.02257	1.04199	0.984321	0.883797	0.745404	0.584244	0.434588	0.303015	0.194476	0.114521	0.0561077	0.0159284	-0.00854125	-0.0260657	-0.0319419	-0.0367935	
-0.646636	-0.561164	-0.412772	-0.206297	0.0441027	0.318163	0.584626	0.810811	0.979041	1.07883	1.086	1.01434	0.894891	0.735913	0.563597	0.409316	0.279724	0.170323	0.0927418	0.0387257	0.0021409	-0.016065	-0.0295283	-0.0394983	-0.0476881	
-0.730265	-0.640262	-0.485307	-0.271063	-0.00467741	0.288138	0.582997	0.835411	1.0227	1.1309	1.12876	1.04504	0.907156	0.730798	0.552769	0.390992	0.258168	0.151439	0.0759822	0.031352	-0.00318809	-0.0285385	-0.0362083	-0.0406976	-0.048357	
-0.792388	-0.702257	-0.540431	-0.318036	-0.0419066	0.269196	0.581751	0.862349	1.06525	1.17511	1.17005	1.07254	0.92028	0.728821	0.540192	0.372553	0.239171	0.139847	0.0654082	0.0211494	-0.00694396	-0.0285891	-0.0363636	-0.0394513	-0.0467174	
-0.828309	-0.74009	-0.573251	-0.346265	-0.0648242	0.254558	0.580325	0.878136	1.09308	1.19963	1.19609	1.09465	0.925135	0.729335	0.537872	0.369026	0.23108	0.129804	0.0623139	0.0128	-0.0162606	-0.0287991	-0.0395104	-0.0462781	-0.0482409	
-0.852126	-0.761037	-0.594611	-0.362012	-0.0770731	0.245293	0.583066	0.887466	1.11369	1.21653	1.21267	1.10992	0.927651	0.729799	0.534323	0.36071	0.224658	0.125468	0.0570212	0.0115443	-0.0152566	-0.0301163	-0.0406781	-0.0464878	-0.044002	
-0.857491	-0.764884	-0.599091	-0.364541	-0.0792133	0.244346	0.584238	0.890056	1.11837	1.22068	1.2165	1.11206	0.928732	0.729368	0.532833	0.357338	0.221867	0.126142	0.055603	0.0113571	-0.0137251	-0.0303535	-0.0400133	-0.0451361	-0.0423364	
-0.839023	-0.750032	-0.583174	-0.353622	-0.071443	0.249908	0.580792	0.881868	1.10197	1.20671	1.20399	1.10153	0.926155	0.729887	0.537631	0.367452	0.227891	0.127047	0.060769	0.0115247	-0.017306	-0.0296796	-0.04098	-0.0479876	-0.0465098	
-0.809405	-0.720438	-0.555723	-0.331178	-0.0526585	0.262976	0.581617	0.870143	1.07855	1.18697	1.18206	1.08247	0.923014	0.728657	0.536983	0.369817	0.235665	0.135454	0.0638245	0.0168323	-0.010449	-0.0275031	-0.0369068	-0.0416217	-0.0478312	
-0.757951	-0.667724	-0.509537	-0.292343	-0.0210879	0.279523	0.582356	0.846853	1.04038	1.1507	1.14617	1.05621	0.913378	0.729605	0.547419	0.382962	0.249254	0.146399	0.0708506	0.0274653	-0.00400916	-0.0304949	-0.0367254	-0.0389516	-0.047918	
-0.682443	-0.595088	-0.443823	-0.2346	0.0230031	0.304781	0.583633	0.82009	0.996117	1.10025	1.103	1.02683	0.89894	0.733661	0.560143	0.401934	0.270652	0.161709	0.0857098	0.0356007	-0.000954479	-0.0216418	-0.0329819	-0.0413991	-0.0484053	
-0.585232	-0.502607	-0.360273	-0.158192	0.0798692	0.340941	0.586785	0.796451	0.953573	1.04548	1.06014	0.996298	0.888147	0.740629	0.573124	0.422115	0.293606	0.184588	0.104373	0.0476499	0.00988401	-0.0100132	-0.0261556	-0.0351053	-0.0419976	
-0.457108	-0.381769	-0.248844	-0.0608078	0.156657	0.38499	0.594744	0.77248	0.90726	0.987733	1.01228	0.96902	0.878201	0.750996	0.603502	0.458872	0.322375	0.212651	0.132204	0.0696724	0.0252711	-0.00440132	-0.0238746	-0.0295179	-0.0329906	
-0.30146	-0.235561	-0.111606	0.0571744	0.252705	0.441572	0.613742	0.757517	0.869481	0.938879	0.968004	0.95168	0.877693	0.76849	0.63889	0.500455	0.366416	0.254916	0.164139	0.0923548	0.0473365	0.0170815	-0.00862404	-0.0246865	-0.0286145	
-0.122012	-0.0622764	0.046677	0.195632	0.360521	0.511694	0.64145	0.751195	0.843958	0.901986	0.938912	0.942615	0.892608	0.802414	0.686468	0.55454	0.420664	0.307817	0.208253	0.130101	0.0767104	0.0401245	0.0164342	-0.00795269	-0.0176294	
0.0758234	0.133956	0.225948	0.350847	0.480954	0.59318	0.682015	0.756476	0.827924	0.880912	0.923982	0.945839	0.919312	0.85005	0.753069	0.628094	0.491577	0.372361	0.271372	0.187941	0.118064	0.0701265	0.0442791	0.0208489	0.00543704	
0.278168	0.336157	0.414013	0.508631	0.603112	0.676217	0.728614	0.773492	0.821019	0.877049	0.924222	0.964626	0.963844	0.914981	0.83083	0.715064	0.590403	0.459709	0.343926	0.254968	0.183555	0.125901	0.082656	0.0577023	0.0375655	
0.46433	0.524994	0.588817	0.652417	0.708158	0.746228	0.768045	0.788786	0.820671	0.878985	0.941718	0.994134	1.0182	1.00109	0.926946	0.817094	0.698189	0.566934	0.442564	0.338956	0.262545	0.198279	0.146237	0.115113	0.088531	
0.612137	0.679273	0.730202	0.764816	0.7841	0.789489	0.789621	0.792816	0.814969	0.874757	0.957727	1.02708	1.07089	1.08232	1.03263	0.933983	0.814937	0.689385	0.565161	0.449082	0.35828	0.28927	0.235252	0.193073	0.159954	
0.705942	0.776128	0.814213	0.820914	0.807179	0.784442	0.765811	0.76482	0.783637	0.849309	0.9501	1.04565	1.11908	1.14932	1.12889	1.0545	0.943191	0.816457	0.691814	0.580674	0.478575	0.397897	0.339065	0.289928	0.255906	
0.732822	0.798873	0.820142	0.802327	0.759133	0.715729	0.68314	0.682157	0.712982	0.789086	0.906573	1.03062	1.13807	1.19808	1.20146	1.15107	1.06001	0.93803	0.814368	0.707749	0.607593	0.525734	0.46613	0.418629	0.380339	
0.694266	0.751689	0.751977	0.709864	0.644544	0.584328	0.545105	0.542486	0.588183	0.679824	0.810997	0.96179	1.10064	1.19337	1.22835	1.208	1.1423	1.04245	0.929212	0.824504	0.73671	0.661672	0.60229	0.560858	0.521581	
0.607807	0.649521	0.623625	0.55203	0.465569	0.392099	0.347032	0.345145	0.402392	0.511668	0.659118	0.831143	1.00607	1.13345	1.20114	1.21681	1.17478	1.10268	1.01612	0.920242	0.840789	0.780238	0.731329	0.701599	0.681772	
0.489572	0.512664	0.456464	0.355265	0.245718	0.161198	0.11398	0.11122	0.175746	0.299747	0.463853	0.65171	0.851261	1.016	1.11918	1.16663	1.15437	1.10498	1.04361	0.976307	0.913685	0.872472	0.845715	0.830663	0.832532	
0.364449	0.367299	0.284321	0.155252	0.0249876	-0.073654	-0.120903	-0.122472	-0.0614392	0.0655929	0.242572	0.444734	0.652751	0.840257	0.981149	1.06258	1.08234	1.06203	1.02416	0.985353	0.95152	0.932192	0.928211	0.932269	0.948139	
0.261177	0.23559	0.130107	-0.0228896	-0.173233	-0.288524	-0.344272	-0.341677	-0.282484	-0.166659	0.0115277	0.231758	0.452852	0.654272	0.818503	0.93024	0.983046	0.992271	0.97501	0.949747	0.936811	0.940612	0.957087	0.987519	1.02771	
