-0.116795	-0.115848	-0.104651	-0.102883	-0.11584	-0.119582	-0.107224	-0.102125	-0.111409	-0.118026	-0.110344	-0.0900607	-0.0761627	-0.0830109	-0.0867662	-0.0678343	-0.0349811	0.01361	0.0700484	0.104128	0.100664	0.0677525	0.0257688	-0.00728092	-0.0108603	
-0.104687	-0.108839	-0.103149	-0.104024	-0.112621	-0.11473	-0.107162	-0.102435	-0.106644	-0.108208	-0.0941456	-0.0671968	-0.0485919	-0.0495978	-0.0406615	-0.000171882	0.0529537	0.112774	0.177122	0.217118	0.215045	0.182837	0.147063	0.121432	0.12038	
-0.0799279	-0.0932186	-0.0970334	-0.101903	-0.105168	-0.105449	-0.103769	-0.0989446	-0.0946936	-0.0871523	-0.0644972	-0.0298866	-0.00272237	0.00957695	0.035221	0.0960685	0.170055	0.243055	0.31171	0.346765	0.334913	0.297321	0.260494	0.235519	0.231672	
-0.0372447	-0.0635905	-0.0810634	-0.0920766	-0.0906317	-0.089144	-0.0929241	-0.0868477	-0.0709245	-0.0492856	-0.0141616	0.0292737	0.066557	0.0978197	0.145085	0.224507	0.313367	0.389568	0.450108	0.472933	0.444318	0.387327	0.334472	0.297628	0.284034	
0.0307181	-0.013007	-0.0482874	-0.0676788	-0.0638438	-0.0612839	-0.0683914	-0.0586385	-0.0280701	0.0116497	0.0621241	0.115963	0.164707	0.216187	0.283017	0.372145	0.465278	0.535346	0.571782	0.560955	0.503473	0.424487	0.349096	0.293003	0.263448	
0.128257	0.0650712	0.0106764	-0.0189115	-0.0169534	-0.0144988	-0.0212106	-0.00496501	0.0419532	0.102136	0.168086	0.23019	0.288054	0.356161	0.434944	0.519868	0.598766	0.64386	0.64294	0.59135	0.494492	0.38417	0.28705	0.216877	0.181393	
0.255407	0.176584	0.105583	0.0652142	0.0604596	0.0616141	0.0599856	0.0848642	0.145956	0.223893	0.30137	0.365691	0.424128	0.497486	0.574359	0.637014	0.684654	0.692797	0.639661	0.538206	0.410098	0.276687	0.159198	0.0806577	0.052062	
0.405373	0.321107	0.242649	0.19513	0.180436	0.179067	0.186083	0.219441	0.287416	0.372191	0.449364	0.505504	0.552191	0.612694	0.671877	0.699259	0.697715	0.659569	0.561251	0.414378	0.25648	0.114778	-0.00562541	-0.0859633	-0.103248	
0.56051	0.490462	0.422044	0.376064	0.352073	0.347992	0.364028	0.40054	0.46151	0.534446	0.592151	0.624807	0.647546	0.678131	0.702303	0.689702	0.63979	0.551171	0.410701	0.237192	0.0647592	-0.0810188	-0.191826	-0.258587	-0.258931	
0.700232	0.669127	0.632838	0.602311	0.575958	0.570462	0.59115	0.619769	0.653831	0.690372	0.707652	0.701988	0.690138	0.681825	0.664231	0.609705	0.515488	0.38805	0.217924	0.0263443	-0.148181	-0.289158	-0.389729	-0.437809	-0.41126	
0.806367	0.835654	0.853021	0.854663	0.838357	0.833678	0.849635	0.856055	0.843732	0.820144	0.77934	0.728059	0.678516	0.626872	0.567264	0.480637	0.348772	0.182596	-0.00636723	-0.201051	-0.371328	-0.499941	-0.578804	-0.604179	-0.555332	
0.871634	0.972284	1.05489	1.10052	1.10767	1.10687	1.10697	1.0782	1.00856	0.913637	0.807626	0.709501	0.625975	0.535183	0.430417	0.311136	0.153116	-0.0435419	-0.249958	-0.440858	-0.596484	-0.705665	-0.7492	-0.725086	-0.644707	
0.9049	1.07002	1.21115	1.30099	1.33975	1.34524	1.32209	1.2539	1.13081	0.97173	0.809114	0.668369	0.549408	0.422203	0.274273	0.115049	-0.0721149	-0.289312	-0.497388	-0.669849	-0.796818	-0.872667	-0.878587	-0.79682	-0.659998	
0.920255	1.12627	1.30216	1.42345	1.49143	1.50299	1.45701	1.3581	1.20204	1.00261	0.801268	0.624409	0.464802	0.295278	0.102503	-0.0979383	-0.30758	-0.532082	-0.730694	-0.868865	-0.947144	-0.968002	-0.924919	-0.801196	-0.616623	
0.921945	1.13775	1.3189	1.45129	1.5353	1.55054	1.49086	1.37814	1.21642	1.00936	0.790784	0.581515	0.375154	0.161824	-0.0698509	-0.310584	-0.53548	-0.738149	-0.904164	-1.00698	-1.03765	-0.996765	-0.891709	-0.727379	-0.517584	
0.895092	1.09472	1.25951	1.38506	1.4685	1.48443	1.42432	1.31396	1.16598	0.978243	0.76508	0.534473	0.28448	0.0307421	-0.222072	-0.480737	-0.716596	-0.893912	-1.00708	-1.06176	-1.05347	-0.965201	-0.803961	-0.597818	-0.367262	
0.818379	0.985772	1.12435	1.23563	1.30844	1.32236	1.27096	1.17169	1.04417	0.889858	0.701608	0.472892	0.206307	-0.0706573	-0.335124	-0.589863	-0.816081	-0.974073	-1.04935	-1.05161	-0.994366	-0.867315	-0.665389	-0.427328	-0.181834	
0.684868	0.809439	0.919444	1.01633	1.07578	1.0858	1.04579	0.960675	0.853941	0.738335	0.59188	0.392823	0.145378	-0.124798	-0.389156	-0.634824	-0.839852	-0.970377	-1.01816	-0.983672	-0.872005	-0.700845	-0.475724	-0.224955	0.0157953	
0.50617	0.58615	0.664763	0.739362	0.780904	0.786382	0.759948	0.69692	0.617019	0.540149	0.442862	0.295796	0.0963998	-0.143384	-0.392323	-0.614586	-0.78746	-0.886225	-0.903482	-0.843861	-0.698254	-0.488912	-0.254229	-0.0135856	0.206108	
0.306734	0.350221	0.387616	0.418535	0.43147	0.43238	0.425353	0.401646	0.365427	0.326084	0.268429	0.173987	0.0395304	-0.14224	-0.354019	-0.537519	-0.659561	-0.719234	-0.709467	-0.631065	-0.482139	-0.270987	-0.0438278	0.171467	0.365948	
0.104548	0.118507	0.105535	0.075484	0.0508293	0.0466744	0.0643906	0.094437	0.116043	0.11339	0.0839563	0.0300578	-0.0434249	-0.142226	-0.272428	-0.397259	-0.471538	-0.494613	-0.466498	-0.376666	-0.235271	-0.0551488	0.138927	0.318362	0.479514	
-0.100977	-0.118455	-0.179388	-0.262821	-0.319186	-0.328133	-0.289839	-0.212786	-0.137585	-0.103721	-0.102423	-0.112776	-0.131858	-0.153542	-0.178064	-0.212439	-0.240323	-0.241849	-0.206373	-0.118171	0.0135263	0.160205	0.308433	0.445844	0.563994	
-0.309021	-0.371363	-0.468953	-0.57313	-0.638535	-0.649412	-0.605485	-0.512599	-0.406379	-0.330011	-0.282303	-0.239381	-0.20025	-0.160644	-0.103933	-0.0448644	-0.00713264	0.0222719	0.0679823	0.143802	0.247739	0.357553	0.460684	0.556919	0.635612	
-0.51168	-0.630792	-0.747154	-0.837925	-0.892064	-0.901819	-0.864661	-0.787284	-0.679138	-0.55829	-0.447565	-0.351429	-0.259706	-0.162365	-0.0480024	0.0776117	0.186391	0.269652	0.342163	0.409988	0.474025	0.535887	0.595517	0.653735	0.698611	
-0.709669	-0.865856	-0.978388	-1.04683	-1.08844	-1.0966	-1.06663	-1.00963	-0.917362	-0.775776	-0.611684	-0.462528	-0.323119	-0.171072	-0.00458551	0.167142	0.331047	0.471847	0.581678	0.655637	0.695359	0.718243	0.740361	0.761596	0.766699	
-0.896802	-1.04627	-1.14305	-1.20188	-1.23669	-1.2431	-1.21862	-1.16988	-1.09085	-0.962646	-0.787097	-0.591293	-0.391139	-0.184861	0.0228464	0.226128	0.427485	0.617704	0.771907	0.871189	0.91543	0.922763	0.912988	0.888451	0.837163	
-1.04627	-1.17065	-1.25702	-1.31222	-1.33653	-1.33961	-1.32516	-1.28312	-1.2089	-1.10127	-0.945297	-0.730513	-0.476595	-0.218003	0.0256643	0.257966	0.49198	0.723488	0.922542	1.0597	1.12774	1.13624	1.09738	1.01652	0.894823	
-1.14305	-1.25702	-1.33813	-1.38302	-1.39469	-1.39499	-1.39057	-1.36096	-1.29339	-1.19313	-1.05193	-0.847638	-0.583896	-0.29489	-0.00733363	0.275526	0.555424	0.821495	1.04934	1.21443	1.30477	1.31816	1.2558	1.12385	0.937537	
-1.20188	-1.31222	-1.38302	-1.41852	-1.43026	-1.43173	-1.42554	-1.40108	-1.34514	-1.2512	-1.11511	-0.92838	-0.685012	-0.391037	-0.0617267	0.282362	0.615164	0.911667	1.15526	1.33429	1.43586	1.44666	1.36072	1.18795	0.95574	
-1.23669	-1.33653	-1.39469	-1.43026	-1.45365	-1.45848	-1.44166	-1.41075	-1.36381	-1.28264	-1.15365	-0.976472	-0.747147	-0.454339	-0.101409	0.280276	0.64666	0.965453	1.22379	1.41442	1.52087	1.52239	1.4121	1.20771	0.947657	
-1.2431	-1.33961	-1.39499	-1.43173	-1.45848	-1.46381	-1.44392	-1.41101	-1.36596	-1.28799	-1.16085	-0.985255	-0.757889	-0.464764	-0.107861	0.27917	0.650345	0.973758	1.23663	1.43022	1.53671	1.53538	1.41996	1.20932	0.94424	
-1.21862	-1.32516	-1.39057	-1.42554	-1.44166	-1.44392	-1.43331	-1.40756	-1.35644	-1.26689	-1.13284	-0.951521	-0.716058	-0.422166	-0.0802996	0.282259	0.630958	0.938199	1.18893	1.37268	1.47573	1.48303	1.38725	1.20021	0.954723	
-1.16988	-1.28312	-1.36096	-1.40108	-1.41075	-1.41101	-1.40756	-1.38166	-1.3184	-1.21959	-1.0807	-0.88401	-0.627333	-0.334284	-0.0284378	0.279981	0.581634	0.859926	1.09412	1.26567	1.36263	1.37704	1.30522	1.15523	0.9482	
-1.09085	-1.2089	-1.29339	-1.34514	-1.36381	-1.36596	-1.35644	-1.3184	-1.24546	-1.14264	-0.994954	-0.781614	-0.517549	-0.243494	0.0164901	0.266248	0.516977	0.762653	0.974956	1.12569	1.20475	1.21531	1.16567	1.06324	0.913922	
-0.962646	-1.10127	-1.19313	-1.2512	-1.28264	-1.28799	-1.26689	-1.21959	-1.14264	-1.02408	-0.855348	-0.647731	-0.422213	-0.193567	0.0278927	0.241055	0.454945	0.663112	0.836461	0.950582	1.00253	1.00827	0.987052	0.941378	0.862198	
-0.787097	-0.945297	-1.05193	-1.11511	-1.15365	-1.16085	-1.13284	-1.0807	-0.994954	-0.855348	-0.681157	-0.511848	-0.349593	-0.175434	0.00918711	0.194656	0.375017	0.536528	0.663328	0.745175	0.78316	0.797408	0.806948	0.810634	0.794962	
-0.591293	-0.730513	-0.847638	-0.92838	-0.976472	-0.985255	-0.951521	-0.88401	-0.781614	-0.647731	-0.511848	-0.394634	-0.284443	-0.164815	-0.0289221	0.117289	0.250259	0.356402	0.443109	0.511972	0.563437	0.607603	0.650723	0.693783	0.724985	
-0.391139	-0.476595	-0.583896	-0.685012	-0.747147	-0.757889	-0.716058	-0.627333	-0.517549	-0.422213	-0.349593	-0.284443	-0.223378	-0.161635	-0.080618	0.00901878	0.0761004	0.125258	0.180269	0.251142	0.338533	0.429833	0.515314	0.596765	0.661925	
-0.184861	-0.218003	-0.29489	-0.391037	-0.454339	-0.464764	-0.422166	-0.334284	-0.243494	-0.193567	-0.175434	-0.164815	-0.161635	-0.158238	-0.145884	-0.140558	-0.144233	-0.135465	-0.0977153	-0.0148996	0.108451	0.24207	0.372121	0.492686	0.593444	
0.0228464	0.0256643	-0.00733363	-0.0617267	-0.101409	-0.107861	-0.0802996	-0.0284378	0.0164901	0.0278927	0.00918711	-0.0289221	-0.080618	-0.145884	-0.233279	-0.325285	-0.382345	-0.395905	-0.364423	-0.273002	-0.133798	0.0319588	0.207538	0.37036	0.515421	
0.226128	0.257966	0.275526	0.282362	0.280276	0.27917	0.282259	0.279981	0.266248	0.241055	0.194656	0.117289	0.00901878	-0.140558	-0.325285	-0.48893	-0.590712	-0.634494	-0.61599	-0.5315	-0.385833	-0.185253	0.031994	0.234624	0.417101	
0.427485	0.49198	0.555424	0.615164	0.64666	0.650345	0.630958	0.581634	0.516977	0.454945	0.375017	0.250259	0.0761004	-0.144233	-0.382345	-0.590712	-0.744397	-0.828216	-0.834033	-0.766693	-0.616888	-0.401019	-0.166323	0.06521	0.274523	
0.617704	0.723488	0.821495	0.911667	0.965453	0.973758	0.938199	0.859926	0.762653	0.663112	0.536528	0.356402	0.125258	-0.135465	-0.395905	-0.634494	-0.828216	-0.946188	-0.982214	-0.936805	-0.807895	-0.61946	-0.389337	-0.140043	0.0941084	
0.771907	0.922542	1.04934	1.15526	1.22379	1.23663	1.18893	1.09412	0.974956	0.836461	0.663328	0.443109	0.180269	-0.0977153	-0.364423	-0.61599	-0.834033	-0.982214	-1.04641	-1.03185	-0.952611	-0.808654	-0.594955	-0.348928	-0.102843	
0.871189	1.0597	1.21443	1.33429	1.41442	1.43022	1.37268	1.26567	1.12569	0.950582	0.745175	0.511972	0.251142	-0.0148996	-0.273002	-0.5315	-0.766693	-0.936805	-1.03185	-1.06438	-1.0379	-0.933689	-0.754528	-0.53451	-0.296489	
0.91543	1.12774	1.30477	1.43586	1.52087	1.53671	1.47573	1.36263	1.20475	1.00253	0.78316	0.563437	0.338533	0.108451	-0.133798	-0.385833	-0.616888	-0.807895	-0.952611	-1.0379	-1.05328	-0.992101	-0.863049	-0.680848	-0.462292	
0.922763	1.13624	1.31816	1.44666	1.52239	1.53538	1.48303	1.37704	1.21531	1.00827	0.797408	0.607603	0.429833	0.24207	0.0319588	-0.185253	-0.401019	-0.61946	-0.808654	-0.933689	-0.992101	-0.986995	-0.919013	-0.779904	-0.583939	
0.912988	1.09738	1.2558	1.36072	1.4121	1.41996	1.38725	1.30522	1.16567	0.987052	0.806948	0.650723	0.515314	0.372121	0.207538	0.031994	-0.166323	-0.389337	-0.594955	-0.754528	-0.863049	-0.919013	-0.908523	-0.808901	-0.649211	
0.888451	1.01652	1.12385	1.18795	1.20771	1.20932	1.20021	1.15523	1.06324	0.941378	0.810634	0.693783	0.596765	0.492686	0.37036	0.234624	0.06521	-0.140043	-0.348928	-0.53451	-0.680848	-0.779904	-0.808901	-0.759672	-0.658552	
0.837163	0.894823	0.937537	0.95574	0.947657	0.94424	0.954723	0.9482	0.913922	0.862198	0.794962	0.724985	0.661925	0.593444	0.515421	0.417101	0.274523	0.0941084	-0.102843	-0.296489	-0.462292	-0.583939	-0.649211	-0.658552	-0.600612	
