0.240971	0.205815	0.177919	0.153057	0.131684	0.131786	0.146798	0.17426	0.194982	0.215711	0.246856	0.2705	0.282099	0.305735	0.345404	0.379963	0.407922	0.439446	0.472065	0.505361	0.534141	0.554952	0.560908	0.559979	0.556752	
0.205815	0.157024	0.120108	0.0907141	0.0657463	0.0547542	0.060511	0.0814057	0.106931	0.139397	0.187024	0.227593	0.256795	0.298559	0.356965	0.409935	0.459609	0.497727	0.524973	0.540069	0.543757	0.520049	0.474359	0.414922	0.357992	
0.177919	0.120108	0.0880138	0.0566601	0.023027	-7.2768e-05	-0.00110545	0.0121326	0.0313603	0.0658167	0.125235	0.185833	0.235743	0.293871	0.364923	0.434853	0.499808	0.53955	0.555727	0.552697	0.529039	0.46665	0.376604	0.271253	0.167888	
0.153057	0.0907141	0.0566601	0.0222663	-0.00668883	-0.022385	-0.0284009	-0.0288566	-0.0183069	0.0201131	0.0856425	0.158508	0.22793	0.301916	0.383245	0.463414	0.532761	0.567968	0.567694	0.543314	0.489293	0.398154	0.277757	0.147183	0.0128976	
0.131684	0.0657463	0.023027	-0.00668883	-0.0195556	-0.0224346	-0.0297953	-0.0321525	-0.0172753	0.0220729	0.0813128	0.160501	0.242828	0.325217	0.406517	0.485866	0.547377	0.570883	0.552854	0.502086	0.421105	0.308255	0.176075	0.0366843	-0.106732	
0.131786	0.0547542	-7.2768e-05	-0.022385	-0.0224346	-0.0167497	-0.0113554	0.000873786	0.02487	0.0619702	0.120555	0.201826	0.282696	0.356373	0.428164	0.489847	0.527143	0.531924	0.497247	0.423981	0.322298	0.198867	0.0664514	-0.0686258	-0.207298	
0.146798	0.060511	-0.00110545	-0.0284009	-0.0297953	-0.0113554	0.017691	0.0438822	0.075895	0.125188	0.192163	0.268679	0.334337	0.393742	0.445615	0.468809	0.466557	0.446051	0.397555	0.309165	0.200595	0.0785516	-0.045153	-0.170265	-0.296989	
0.17426	0.0814057	0.0121326	-0.0288566	-0.0321525	0.000873786	0.0438822	0.0785945	0.127512	0.193914	0.265999	0.332447	0.385071	0.429446	0.448711	0.425851	0.378481	0.329418	0.261775	0.169777	0.0672098	-0.0405656	-0.150668	-0.260772	-0.37094	
0.194982	0.106931	0.0313603	-0.0183069	-0.0172753	0.02487	0.075895	0.127512	0.192606	0.268366	0.338579	0.395415	0.433659	0.45386	0.439026	0.377902	0.29363	0.207596	0.118217	0.025916	-0.0641873	-0.157447	-0.250284	-0.340492	-0.427014	
0.215711	0.139397	0.0658167	0.0201131	0.0220729	0.0619702	0.125188	0.193914	0.268366	0.343984	0.405288	0.443959	0.457099	0.44782	0.402913	0.321481	0.210698	0.0946433	-0.0135313	-0.105491	-0.190404	-0.274481	-0.349396	-0.413362	-0.468168	
0.246856	0.187024	0.125235	0.0856425	0.0813128	0.120555	0.192163	0.265999	0.338579	0.405288	0.446626	0.457056	0.440297	0.394412	0.325946	0.234317	0.115175	-0.0143508	-0.128893	-0.223974	-0.310492	-0.389209	-0.446617	-0.482159	-0.501453	
0.2705	0.227593	0.185833	0.158508	0.160501	0.201826	0.268679	0.332447	0.395415	0.443959	0.457056	0.437764	0.383918	0.304597	0.217414	0.12376	0.00589473	-0.117251	-0.22811	-0.325161	-0.411895	-0.480839	-0.520836	-0.531823	-0.521006	
0.282099	0.256795	0.235743	0.22793	0.242828	0.282696	0.334337	0.385071	0.433659	0.457099	0.440297	0.383918	0.298876	0.200532	0.105756	0.00686873	-0.101781	-0.205828	-0.305535	-0.399599	-0.476096	-0.524622	-0.544324	-0.536629	-0.508342	
0.305735	0.298559	0.293871	0.301916	0.325217	0.356373	0.393742	0.429446	0.45386	0.44782	0.394412	0.304597	0.200532	0.096182	-0.0111997	-0.11518	-0.207917	-0.289452	-0.376102	-0.457742	-0.511613	-0.532516	-0.528288	-0.506202	-0.472001	
0.345404	0.356965	0.364923	0.383245	0.406517	0.428164	0.445615	0.448711	0.439026	0.402913	0.325946	0.217414	0.105756	-0.0111997	-0.130397	-0.231013	-0.308564	-0.375493	-0.442573	-0.495083	-0.520937	-0.516501	-0.490963	-0.456458	-0.421155	
0.379963	0.409935	0.434853	0.463414	0.485866	0.489847	0.468809	0.425851	0.377902	0.321481	0.234317	0.12376	0.00686873	-0.11518	-0.231013	-0.324878	-0.401783	-0.458925	-0.490515	-0.502138	-0.500939	-0.479912	-0.439522	-0.396425	-0.359117	
0.407922	0.459609	0.499808	0.532761	0.547377	0.527143	0.466557	0.378481	0.29363	0.210698	0.115175	0.00589473	-0.101781	-0.207917	-0.308564	-0.401783	-0.482134	-0.520885	-0.514651	-0.489528	-0.465329	-0.42988	-0.382799	-0.335528	-0.297127	
0.439446	0.497727	0.53955	0.567968	0.570883	0.531924	0.446051	0.329418	0.207596	0.0946433	-0.0143508	-0.117251	-0.205828	-0.289452	-0.375493	-0.458925	-0.520885	-0.537651	-0.512058	-0.468878	-0.423715	-0.37602	-0.326437	-0.280372	-0.244862	
0.472065	0.524973	0.555727	0.567694	0.552854	0.497247	0.397555	0.261775	0.118217	-0.0135313	-0.128893	-0.22811	-0.305535	-0.376102	-0.442573	-0.490515	-0.514651	-0.512058	-0.484491	-0.435072	-0.379257	-0.324329	-0.275235	-0.232528	-0.207494	
0.505361	0.540069	0.552697	0.543314	0.502086	0.423981	0.309165	0.169777	0.025916	-0.105491	-0.223974	-0.325161	-0.399599	-0.457742	-0.495083	-0.502138	-0.489528	-0.468878	-0.435072	-0.386738	-0.333256	-0.280897	-0.234738	-0.203828	-0.193042	
0.534141	0.543757	0.529039	0.489293	0.421105	0.322298	0.200595	0.0672098	-0.0641873	-0.190404	-0.310492	-0.411895	-0.476096	-0.511613	-0.520937	-0.500939	-0.465329	-0.423715	-0.379257	-0.333256	-0.289287	-0.243382	-0.210139	-0.198874	-0.203695	
0.554952	0.520049	0.46665	0.398154	0.308255	0.198867	0.0785516	-0.0405656	-0.157447	-0.274481	-0.389209	-0.480839	-0.524622	-0.532516	-0.516501	-0.479912	-0.42988	-0.37602	-0.324329	-0.280897	-0.243382	-0.210117	-0.194392	-0.202346	-0.216527	
0.560908	0.474359	0.376604	0.277757	0.176075	0.0664514	-0.045153	-0.150668	-0.250284	-0.349396	-0.446617	-0.520836	-0.544324	-0.528288	-0.490963	-0.439522	-0.382799	-0.326437	-0.275235	-0.234738	-0.210139	-0.194392	-0.192116	-0.202606	-0.22096	
0.559979	0.414922	0.271253	0.147183	0.0366843	-0.0686258	-0.170265	-0.260772	-0.340492	-0.413362	-0.482159	-0.531823	-0.536629	-0.506202	-0.456458	-0.396425	-0.335528	-0.280372	-0.232528	-0.203828	-0.198874	-0.202346	-0.202606	-0.205888	-0.219563	
0.556752	0.357992	0.167888	0.0128976	-0.106732	-0.207298	-0.296989	-0.37094	-0.427014	-0.468168	-0.501453	-0.521006	-0.508342	-0.472001	-0.421155	-0.359117	-0.297127	-0.244862	-0.207494	-0.193042	-0.203695	-0.216527	-0.22096	-0.219563	-0.222908	
0.544766	0.30073	0.0705021	-0.113666	-0.250247	-0.351935	-0.429022	-0.479741	-0.505467	-0.5105	-0.505287	-0.492316	-0.461829	-0.422447	-0.376132	-0.319382	-0.262887	-0.221655	-0.197646	-0.192985	-0.204269	-0.219159	-0.230103	-0.233162	-0.223204	
0.519268	0.243503	-0.0156472	-0.22475	-0.375819	-0.480277	-0.547656	-0.576845	-0.572207	-0.540428	-0.495907	-0.449172	-0.398442	-0.356562	-0.321026	-0.280364	-0.239621	-0.211758	-0.198654	-0.197291	-0.206574	-0.217043	-0.228688	-0.231806	-0.218249	
0.493336	0.193264	-0.0826787	-0.3046	-0.467704	-0.578999	-0.643029	-0.657636	-0.628712	-0.56627	-0.488636	-0.411268	-0.34074	-0.294933	-0.272884	-0.254931	-0.235119	-0.220778	-0.213459	-0.215152	-0.221692	-0.223264	-0.220408	-0.217245	-0.209215	
0.476814	0.162929	-0.125097	-0.361279	-0.538051	-0.657434	-0.718424	-0.715911	-0.662431	-0.576524	-0.480756	-0.38978	-0.305972	-0.251333	-0.230548	-0.228233	-0.231909	-0.237448	-0.240038	-0.239967	-0.237999	-0.224022	-0.206426	-0.196333	-0.198212	
0.466597	0.148786	-0.146721	-0.396462	-0.589679	-0.718399	-0.772127	-0.748385	-0.67001	-0.568508	-0.470567	-0.381473	-0.294094	-0.226035	-0.194274	-0.194967	-0.21814	-0.247147	-0.260766	-0.255681	-0.238422	-0.212163	-0.187643	-0.17775	-0.18436	
0.464614	0.146506	-0.150971	-0.404419	-0.601049	-0.730583	-0.782769	-0.753688	-0.669781	-0.565148	-0.466903	-0.379998	-0.291843	-0.221213	-0.185213	-0.185835	-0.213201	-0.247821	-0.264458	-0.257147	-0.236733	-0.207453	-0.183222	-0.173278	-0.181159	
0.471585	0.155224	-0.135948	-0.37749	-0.561109	-0.685212	-0.743398	-0.732419	-0.668142	-0.574689	-0.476993	-0.385352	-0.29996	-0.239326	-0.2147	-0.214152	-0.227077	-0.243209	-0.250478	-0.248372	-0.239512	-0.220143	-0.198469	-0.188246	-0.192294	
0.48599	0.178991	-0.102468	-0.330053	-0.498046	-0.611725	-0.67513	-0.683538	-0.645548	-0.573113	-0.48566	-0.400542	-0.323005	-0.275128	-0.255515	-0.245496	-0.234655	-0.227196	-0.22365	-0.225346	-0.229953	-0.225129	-0.215858	-0.209059	-0.205553	
0.508005	0.221883	-0.0448405	-0.259945	-0.416058	-0.523565	-0.588796	-0.611758	-0.596533	-0.551441	-0.492853	-0.432487	-0.373832	-0.330174	-0.30116	-0.269186	-0.236208	-0.213042	-0.202558	-0.203156	-0.211559	-0.219087	-0.22566	-0.22709	-0.21468	
0.535444	0.277294	0.0340244	-0.161325	-0.304363	-0.406585	-0.479482	-0.52052	-0.533553	-0.52308	-0.501459	-0.475774	-0.437369	-0.397217	-0.353617	-0.302167	-0.250969	-0.21537	-0.196416	-0.193301	-0.203944	-0.217408	-0.230559	-0.234442	-0.221806	
0.553586	0.335438	0.12824	-0.0386917	-0.164164	-0.264965	-0.349266	-0.41502	-0.459844	-0.487111	-0.505309	-0.511695	-0.492783	-0.454537	-0.405143	-0.343677	-0.283635	-0.235023	-0.202678	-0.192453	-0.204718	-0.219529	-0.226612	-0.22659	-0.223965	
0.559165	0.39169	0.229153	0.0929696	-0.02086	-0.123519	-0.220516	-0.304097	-0.375489	-0.436795	-0.49197	-0.529801	-0.526594	-0.493482	-0.442185	-0.381151	-0.319244	-0.264817	-0.219883	-0.196739	-0.199883	-0.208569	-0.210043	-0.210077	-0.220535	
0.560612	0.451401	0.335507	0.226208	0.121071	0.0124068	-0.0952624	-0.195348	-0.28677	-0.376001	-0.463362	-0.528502	-0.544436	-0.520768	-0.478071	-0.421981	-0.363555	-0.3069	-0.25668	-0.219808	-0.202991	-0.195353	-0.194683	-0.202616	-0.220222	
0.55882	0.50366	0.433115	0.35244	0.256727	0.146555	0.0289238	-0.0844195	-0.19527	-0.305591	-0.414336	-0.500222	-0.535733	-0.533571	-0.508105	-0.465541	-0.411567	-0.355863	-0.303777	-0.261415	-0.227888	-0.200776	-0.191684	-0.202953	-0.219687	
0.544096	0.53824	0.508994	0.457109	0.379334	0.27487	0.153591	0.0250108	-0.101182	-0.224831	-0.343601	-0.442107	-0.499555	-0.523877	-0.523043	-0.495176	-0.45339	-0.405015	-0.357158	-0.312176	-0.271058	-0.228863	-0.202787	-0.20065	-0.209971	
0.51745	0.543188	0.546161	0.525599	0.473164	0.38566	0.26672	0.130056	-0.0098044	-0.139608	-0.259513	-0.361248	-0.432827	-0.483354	-0.508582	-0.502767	-0.479487	-0.450902	-0.412568	-0.365224	-0.315487	-0.265252	-0.222915	-0.199457	-0.195182	
0.485152	0.532607	0.55684	0.560487	0.536378	0.472536	0.36655	0.226677	0.0810941	-0.0518941	-0.168677	-0.268537	-0.344791	-0.41107	-0.466773	-0.496604	-0.505183	-0.495836	-0.467177	-0.417095	-0.361136	-0.306114	-0.25737	-0.217731	-0.198371	
0.452566	0.509636	0.54834	0.571608	0.568318	0.523226	0.431157	0.305695	0.171945	0.0500234	-0.0624691	-0.163141	-0.245895	-0.323219	-0.402804	-0.474497	-0.522347	-0.531255	-0.504029	-0.457365	-0.406214	-0.354928	-0.305055	-0.259623	-0.227397	
0.419455	0.476643	0.519849	0.551955	0.561625	0.532813	0.461151	0.359867	0.259184	0.163637	0.0631057	-0.0442484	-0.144492	-0.24076	-0.335474	-0.427579	-0.504271	-0.533818	-0.516833	-0.482062	-0.449117	-0.408373	-0.360264	-0.312786	-0.274667	
0.391846	0.429888	0.461212	0.493382	0.514143	0.507875	0.469172	0.408022	0.345479	0.279745	0.189203	0.0791787	-0.0362166	-0.153719	-0.263825	-0.357016	-0.43711	-0.487939	-0.502745	-0.497907	-0.487274	-0.460543	-0.416878	-0.371891	-0.333505	
0.35978	0.379679	0.394163	0.415948	0.438901	0.455216	0.459515	0.444449	0.419224	0.374365	0.292389	0.181929	0.0675146	-0.0542009	-0.174221	-0.271483	-0.346867	-0.410296	-0.464508	-0.5016	-0.516332	-0.504317	-0.471707	-0.433653	-0.397757	
0.320909	0.320906	0.321168	0.334084	0.358012	0.385534	0.41646	0.441731	0.453107	0.434589	0.369299	0.270217	0.162724	0.0539439	-0.0600453	-0.163453	-0.248929	-0.32296	-0.403524	-0.475871	-0.519315	-0.528887	-0.515122	-0.487792	-0.453372	
0.288169	0.270711	0.257536	0.257522	0.275811	0.312048	0.358375	0.404458	0.444357	0.456278	0.425022	0.354036	0.259823	0.158707	0.0599623	-0.0417289	-0.144451	-0.23947	-0.333738	-0.424806	-0.493221	-0.531477	-0.541198	-0.527396	-0.495462	
0.276438	0.240068	0.205744	0.18535	0.193401	0.235461	0.295946	0.354609	0.412694	0.452251	0.453925	0.420624	0.35279	0.263477	0.173029	0.0784326	-0.0370712	-0.154084	-0.26152	-0.3575	-0.441526	-0.503469	-0.536609	-0.539046	-0.51955	
0.257603	0.205133	0.151936	0.116374	0.111279	0.151005	0.223232	0.294273	0.363284	0.423469	0.453736	0.453168	0.421832	0.360954	0.283758	0.191288	0.0721835	-0.0575364	-0.171661	-0.268318	-0.354484	-0.430749	-0.48119	-0.506932	-0.512114	
