0.0560856	0.0999417	0.140853	0.171899	0.195208	0.200563	0.181831	0.154833	0.116752	0.073858	0.0265016	-0.0262812	-0.0745582	-0.132634	-0.212888	-0.286441	-0.321873	-0.3057	-0.235857	-0.124592	-0.00244355	0.102172	0.18794	0.243671	0.265443	
-0.0252917	0.00423334	0.023741	0.0326518	0.0399426	0.0421001	0.0350277	0.0288637	0.0133362	-0.0130993	-0.0455661	-0.088506	-0.137319	-0.200583	-0.285757	-0.366278	-0.414505	-0.411294	-0.34507	-0.231553	-0.104627	0.0133012	0.123089	0.214135	0.275306	
-0.0836709	-0.0654705	-0.0626638	-0.0715958	-0.087182	-0.089885	-0.0787296	-0.0642693	-0.062528	-0.0747617	-0.102415	-0.145523	-0.20081	-0.276029	-0.361601	-0.44569	-0.499102	-0.498397	-0.439321	-0.336352	-0.208152	-0.0776372	0.0497802	0.173778	0.270236	
-0.10457	-0.0854235	-0.0903237	-0.108054	-0.138928	-0.147305	-0.120085	-0.0958573	-0.0849603	-0.0939037	-0.128814	-0.187599	-0.255782	-0.340388	-0.431579	-0.5164	-0.572223	-0.57626	-0.528891	-0.440448	-0.321395	-0.185649	-0.0423299	0.102563	0.228519	
-0.0805578	-0.0523715	-0.050791	-0.0709843	-0.099635	-0.105843	-0.0825921	-0.0567183	-0.0487857	-0.0658716	-0.11222	-0.18826	-0.281444	-0.375282	-0.474838	-0.57002	-0.62947	-0.638772	-0.607963	-0.541246	-0.443342	-0.315448	-0.162741	-0.00963458	0.138949	
-0.00300752	0.0396124	0.0506896	0.0388439	0.0174328	0.0135105	0.0293623	0.0487	0.0466149	0.017643	-0.0438044	-0.142349	-0.258701	-0.369301	-0.481473	-0.592781	-0.669399	-0.702441	-0.697934	-0.658841	-0.584641	-0.470932	-0.324863	-0.164304	0.00219965	
0.112653	0.166513	0.187011	0.187216	0.170648	0.167672	0.180803	0.189826	0.177184	0.139269	0.0615069	-0.0515116	-0.181338	-0.314288	-0.446049	-0.576107	-0.6859	-0.760412	-0.794378	-0.788241	-0.743513	-0.651937	-0.518641	-0.357246	-0.179063	
0.239052	0.307578	0.335061	0.334639	0.322357	0.319148	0.330028	0.337732	0.323349	0.271118	0.180433	0.0617342	-0.0763028	-0.223551	-0.371534	-0.525819	-0.671447	-0.796088	-0.886732	-0.921443	-0.907589	-0.845676	-0.729774	-0.570195	-0.384748	
0.351001	0.42814	0.460999	0.458045	0.44918	0.446253	0.454753	0.462116	0.4474	0.386832	0.28749	0.170667	0.0368866	-0.114359	-0.278482	-0.450803	-0.627952	-0.795264	-0.934114	-1.02225	-1.0529	-1.02615	-0.933833	-0.787307	-0.600711	
0.432188	0.512912	0.542581	0.537148	0.529995	0.529519	0.533269	0.542993	0.53095	0.46983	0.368286	0.255458	0.134507	-0.00923252	-0.174198	-0.351343	-0.543777	-0.740254	-0.918181	-1.06428	-1.15101	-1.16829	-1.10755	-0.978745	-0.80718	
0.478345	0.549881	0.573828	0.567253	0.564156	0.565262	0.564165	0.572963	0.564849	0.511528	0.421968	0.3217	0.21668	0.0882856	-0.0628455	-0.229307	-0.421298	-0.629296	-0.834295	-1.03278	-1.18496	-1.25437	-1.22864	-1.12951	-0.984903	
0.49485	0.545538	0.562929	0.555147	0.552863	0.555127	0.551972	0.561622	0.556526	0.518302	0.453656	0.376641	0.292679	0.189487	0.0661238	-0.0804108	-0.258868	-0.472837	-0.700511	-0.93684	-1.13798	-1.26104	-1.28882	-1.23258	-1.12877	
0.484783	0.516377	0.526564	0.515741	0.512618	0.51295	0.51324	0.52265	0.524324	0.49867	0.464227	0.421416	0.367052	0.295314	0.203331	0.084458	-0.0822973	-0.292795	-0.534359	-0.789043	-1.027	-1.19838	-1.28432	-1.29017	-1.23412	
0.447286	0.456355	0.458509	0.450098	0.44261	0.439543	0.44759	0.455138	0.459149	0.450934	0.442413	0.438559	0.424526	0.390982	0.334328	0.24292	0.0933571	-0.101387	-0.340533	-0.600613	-0.854412	-1.06383	-1.20592	-1.27646	-1.27471	
0.373353	0.366024	0.35994	0.352818	0.343677	0.340719	0.349927	0.356533	0.364457	0.369207	0.384623	0.414396	0.443294	0.451088	0.429393	0.363406	0.244343	0.0810619	-0.128315	-0.369622	-0.627596	-0.864019	-1.04873	-1.16842	-1.2233	
0.274611	0.251132	0.242524	0.236277	0.233173	0.233629	0.234657	0.239464	0.246532	0.263361	0.296616	0.353534	0.412865	0.458249	0.469078	0.434725	0.356699	0.238999	0.0773844	-0.132481	-0.373306	-0.616405	-0.821513	-0.977221	-1.07893	
0.165452	0.133392	0.124226	0.121868	0.128208	0.130135	0.123744	0.122735	0.127453	0.150147	0.194475	0.266122	0.346358	0.418329	0.459378	0.469063	0.434401	0.364761	0.249519	0.0787199	-0.131701	-0.356777	-0.562884	-0.735744	-0.872585	
0.0639283	0.0256144	0.0187035	0.0209924	0.0322419	0.0357452	0.0246103	0.0191756	0.0199516	0.0449879	0.0989567	0.175282	0.269075	0.357193	0.420103	0.467175	0.475828	0.444825	0.369408	0.244354	0.0766986	-0.113408	-0.311023	-0.495238	-0.655763	
-0.0167943	-0.0524003	-0.061757	-0.0658755	-0.0547959	-0.0520545	-0.0624629	-0.0649933	-0.0575147	-0.0356952	0.0214678	0.0963045	0.190907	0.286446	0.366362	0.438122	0.478448	0.479712	0.438893	0.357475	0.240168	0.0896149	-0.0881261	-0.270439	-0.443379	
-0.0802296	-0.116103	-0.130123	-0.136175	-0.127787	-0.125368	-0.133557	-0.133867	-0.122893	-0.0986205	-0.0438151	0.029488	0.12334	0.219272	0.308341	0.387824	0.443129	0.472985	0.470899	0.432858	0.361593	0.247729	0.0923822	-0.0793889	-0.243525	
-0.128216	-0.165652	-0.181017	-0.180578	-0.173303	-0.171625	-0.177783	-0.182334	-0.174484	-0.145509	-0.0967039	-0.0286484	0.0598331	0.152668	0.239353	0.316162	0.376656	0.424838	0.460228	0.468111	0.436911	0.351807	0.220614	0.0694151	-0.0748437	
-0.16141	-0.194346	-0.209057	-0.204515	-0.193047	-0.190298	-0.19952	-0.209747	-0.20232	-0.177086	-0.132128	-0.0712129	-0.00089178	0.0780133	0.158225	0.229489	0.29358	0.359595	0.418694	0.461372	0.461276	0.405924	0.30743	0.190084	0.0734813	
-0.169895	-0.200369	-0.211492	-0.201987	-0.190757	-0.189048	-0.196307	-0.209501	-0.207481	-0.183255	-0.148135	-0.100465	-0.0519167	0.00489838	0.0708	0.136911	0.202118	0.2757	0.350002	0.414658	0.450079	0.434424	0.372334	0.288704	0.203081	
-0.167026	-0.188643	-0.194369	-0.182902	-0.172256	-0.169344	-0.178212	-0.19105	-0.193607	-0.176517	-0.150631	-0.118681	-0.0912588	-0.0603345	-0.0163835	0.0393462	0.103237	0.178371	0.263384	0.349857	0.41183	0.437405	0.418357	0.368434	0.306613	
-0.162908	-0.178275	-0.183194	-0.177844	-0.171301	-0.169757	-0.175007	-0.181158	-0.182105	-0.169789	-0.153655	-0.141657	-0.134469	-0.11927	-0.0887961	-0.0402282	0.0226242	0.0944555	0.181395	0.279621	0.366815	0.42707	0.450136	0.436369	0.400894	
-0.174174	-0.187137	-0.196809	-0.197667	-0.191293	-0.19085	-0.194524	-0.198909	-0.191389	-0.179663	-0.165498	-0.164121	-0.169365	-0.16712	-0.144222	-0.100758	-0.043809	0.0295131	0.122946	0.230772	0.336149	0.421346	0.474236	0.493823	0.487921	
-0.187137	-0.208349	-0.226964	-0.231771	-0.229528	-0.227958	-0.232108	-0.230068	-0.217668	-0.195015	-0.178896	-0.183712	-0.196337	-0.200822	-0.179181	-0.138982	-0.0786896	-0.00917424	0.0879086	0.203251	0.321777	0.423765	0.496469	0.536845	0.552066	
-0.196809	-0.226964	-0.254735	-0.263876	-0.263954	-0.263754	-0.264549	-0.260113	-0.23991	-0.207474	-0.185351	-0.188209	-0.205653	-0.21362	-0.19466	-0.153385	-0.0897864	-0.0165672	0.0792863	0.194178	0.314468	0.421972	0.50396	0.551132	0.573071	
-0.197667	-0.231771	-0.263876	-0.273774	-0.275129	-0.276102	-0.274166	-0.27071	-0.246152	-0.210212	-0.183301	-0.177887	-0.194929	-0.207068	-0.192344	-0.157192	-0.0965721	-0.0151005	0.079424	0.189289	0.307568	0.414805	0.492892	0.542182	0.566622	
-0.191293	-0.229528	-0.263954	-0.275129	-0.282375	-0.284032	-0.277879	-0.270687	-0.245639	-0.2048	-0.177149	-0.168572	-0.183435	-0.195153	-0.183534	-0.150063	-0.0860712	-0.00326944	0.088376	0.190621	0.299413	0.405918	0.488309	0.54015	0.564169	
-0.19085	-0.227958	-0.263754	-0.276102	-0.284032	-0.284666	-0.279694	-0.270236	-0.244519	-0.204227	-0.176068	-0.166424	-0.180994	-0.19292	-0.180979	-0.148291	-0.083141	-7.83364e-05	0.0908018	0.191965	0.297519	0.402975	0.487147	0.542287	0.565744	
-0.194524	-0.232108	-0.264549	-0.274166	-0.277879	-0.279694	-0.275501	-0.271084	-0.247347	-0.207997	-0.180283	-0.17351	-0.18988	-0.201416	-0.189093	-0.154791	-0.0932866	-0.011449	0.0825855	0.188562	0.304841	0.411925	0.490722	0.539142	0.563838	
-0.198909	-0.230068	-0.260113	-0.27071	-0.270687	-0.270236	-0.271084	-0.26704	-0.243059	-0.210484	-0.185148	-0.184887	-0.203021	-0.213434	-0.195708	-0.156029	-0.0938637	-0.0167658	0.07864	0.191786	0.31075	0.418959	0.499605	0.548984	0.572169	
-0.191389	-0.217668	-0.23991	-0.246152	-0.245639	-0.244519	-0.247347	-0.243059	-0.228625	-0.20081	-0.18227	-0.188037	-0.202985	-0.208096	-0.187461	-0.146666	-0.0840063	-0.0147484	0.0820105	0.197934	0.318788	0.424775	0.502303	0.546439	0.56544	
-0.179663	-0.195015	-0.207474	-0.210212	-0.2048	-0.204227	-0.207997	-0.210484	-0.20081	-0.185866	-0.171599	-0.172698	-0.181377	-0.182379	-0.161116	-0.119361	-0.0624095	0.00980662	0.106004	0.21757	0.329034	0.421754	0.483874	0.513524	0.517719	
-0.165498	-0.178896	-0.185351	-0.183301	-0.177149	-0.176068	-0.180283	-0.185148	-0.18227	-0.171599	-0.157567	-0.150767	-0.15015	-0.140606	-0.112789	-0.066375	-0.00605533	0.0663826	0.154659	0.256522	0.352002	0.423796	0.459965	0.461021	0.437167	
-0.164121	-0.183712	-0.188209	-0.177887	-0.168572	-0.166424	-0.17351	-0.184887	-0.188037	-0.172698	-0.150767	-0.127246	-0.108158	-0.0842563	-0.0478217	0.00506869	0.0686286	0.142446	0.2285	0.321374	0.393688	0.434272	0.432607	0.396492	0.344344	
-0.169365	-0.196337	-0.205653	-0.194929	-0.183435	-0.180994	-0.18988	-0.203021	-0.202985	-0.181377	-0.15015	-0.108158	-0.0688004	-0.0229076	0.0351162	0.0975041	0.162316	0.237033	0.31605	0.389401	0.436951	0.438122	0.39271	0.323349	0.247682	
-0.16712	-0.200822	-0.21362	-0.207068	-0.195153	-0.19292	-0.201416	-0.213434	-0.208096	-0.182379	-0.140606	-0.0842563	-0.0229076	0.0486131	0.123328	0.193534	0.258899	0.32891	0.395394	0.44648	0.460798	0.420354	0.336335	0.231401	0.127733	
-0.144222	-0.179181	-0.19466	-0.192344	-0.183534	-0.180979	-0.189093	-0.195708	-0.187461	-0.161116	-0.112789	-0.0478217	0.0351162	0.123328	0.207972	0.282142	0.34388	0.399632	0.446011	0.470209	0.451808	0.378351	0.257753	0.121042	-0.0134374	
-0.100758	-0.138982	-0.153385	-0.157192	-0.150063	-0.148291	-0.154791	-0.156029	-0.146666	-0.119361	-0.066375	0.00506869	0.0975041	0.193534	0.282142	0.362107	0.420372	0.458546	0.472468	0.452153	0.397556	0.296867	0.150634	-0.0155292	-0.172392	
-0.043809	-0.0786896	-0.0897864	-0.0965721	-0.0860712	-0.083141	-0.0932866	-0.0938637	-0.0840063	-0.0624095	-0.00605533	0.0686286	0.162316	0.258899	0.34388	0.420372	0.468567	0.481346	0.455816	0.391895	0.294004	0.158202	-0.0105245	-0.188961	-0.360329	
0.0295131	-0.00917424	-0.0165672	-0.0151005	-0.00326944	-7.83364e-05	-0.011449	-0.0167658	-0.0147484	0.00980662	0.0663826	0.142446	0.237033	0.32891	0.399632	0.458546	0.481346	0.464474	0.402601	0.294406	0.147475	-0.0261414	-0.217057	-0.40275	-0.570588	
0.122946	0.0879086	0.0792863	0.079424	0.088376	0.0908018	0.0825855	0.07864	0.0820105	0.106004	0.154659	0.2285	0.31605	0.395394	0.446011	0.472468	0.455816	0.402601	0.304145	0.151719	-0.0436643	-0.256635	-0.460137	-0.637824	-0.785094	
0.230772	0.203251	0.194178	0.189289	0.190621	0.191965	0.188562	0.191786	0.197934	0.21757	0.256522	0.321374	0.389401	0.44648	0.470209	0.452153	0.391895	0.294406	0.151719	-0.0435311	-0.273736	-0.51179	-0.718864	-0.883417	-1.00121	
0.336149	0.321777	0.314468	0.307568	0.299413	0.297519	0.304841	0.31075	0.318788	0.329034	0.352002	0.393688	0.436951	0.460798	0.451808	0.397556	0.294004	0.147475	-0.0436643	-0.273736	-0.526778	-0.768948	-0.965049	-1.1008	-1.17559	
0.421346	0.423765	0.421972	0.414805	0.405918	0.402975	0.411925	0.418959	0.424775	0.421754	0.423796	0.434272	0.438122	0.420354	0.378351	0.296867	0.158202	-0.0261414	-0.256635	-0.51179	-0.768948	-0.991241	-1.15276	-1.24447	-1.26639	
0.474236	0.496469	0.50396	0.492892	0.488309	0.487147	0.490722	0.499605	0.502303	0.483874	0.459965	0.432607	0.39271	0.336335	0.257753	0.150634	-0.0105245	-0.217057	-0.460137	-0.718864	-0.965049	-1.15276	-1.26127	-1.29571	-1.25998	
0.493823	0.536845	0.551132	0.542182	0.54015	0.542287	0.539142	0.548984	0.546439	0.513524	0.461021	0.396492	0.323349	0.231401	0.121042	-0.0155292	-0.188961	-0.40275	-0.637824	-0.883417	-1.1008	-1.24447	-1.29571	-1.2613	-1.17636	
0.487921	0.552066	0.573071	0.566622	0.564169	0.565744	0.563838	0.572169	0.56544	0.517719	0.437167	0.344344	0.247682	0.127733	-0.0134374	-0.172392	-0.360329	-0.570588	-0.785094	-1.00121	-1.17559	-1.26639	-1.25998	-1.17636	-1.04766	
