-0.154953	-0.179204	-0.206551	-0.217525	-0.213902	-0.210472	-0.227858	-0.292543	-0.394498	-0.51169	-0.6273	-0.706656	-0.727568	-0.687272	-0.573824	-0.387892	-0.155933	0.10339	0.380129	0.644251	0.857436	1.00509	1.09018	1.10601	1.03698	
-0.179204	-0.204075	-0.221829	-0.216793	-0.20899	-0.221645	-0.272435	-0.365819	-0.477721	-0.591962	-0.686706	-0.728413	-0.709021	-0.626997	-0.47218	-0.257875	-0.0118391	0.253938	0.524602	0.764021	0.942198	1.05576	1.10713	1.08458	0.976537	
-0.206551	-0.221829	-0.218155	-0.205825	-0.219673	-0.263105	-0.343569	-0.45227	-0.563795	-0.663814	-0.723886	-0.721963	-0.661401	-0.536749	-0.344944	-0.110514	0.143872	0.410019	0.664709	0.871095	1.01178	1.09071	1.10565	1.04224	0.897668	
-0.217525	-0.216793	-0.205825	-0.219194	-0.261063	-0.329172	-0.433166	-0.545481	-0.643787	-0.714493	-0.729805	-0.684024	-0.582188	-0.415804	-0.195174	0.0505145	0.307707	0.565989	0.793892	0.961242	1.06396	1.10723	1.08251	0.977661	0.802304	
-0.213902	-0.20899	-0.219673	-0.261063	-0.324227	-0.422033	-0.535777	-0.630877	-0.703048	-0.733053	-0.700352	-0.612652	-0.469037	-0.266142	-0.0281804	0.22098	0.474883	0.714605	0.905768	1.03136	1.09664	1.10212	1.03499	0.891276	0.694284	
-0.210472	-0.221645	-0.263105	-0.329172	-0.422033	-0.532778	-0.625247	-0.693912	-0.73261	-0.712397	-0.633186	-0.505549	-0.322072	-0.0937939	0.149706	0.396468	0.638725	0.847585	0.995177	1.07943	1.10732	1.07188	0.961719	0.785899	0.579192	
-0.227858	-0.272435	-0.343569	-0.433166	-0.535777	-0.625247	-0.690476	-0.731133	-0.719967	-0.646781	-0.528344	-0.362098	-0.146215	0.0924937	0.332904	0.571525	0.790211	0.957015	1.05901	1.10391	1.09275	1.01359	0.863805	0.666934	0.46376	
-0.292543	-0.365819	-0.45227	-0.545481	-0.630877	-0.693912	-0.731133	-0.722546	-0.653867	-0.540656	-0.387024	-0.184379	0.048592	0.2842	0.51661	0.737851	0.918916	1.03735	1.09613	1.10262	1.0492	0.926323	0.745626	0.541979	0.354888	
-0.394498	-0.477721	-0.563795	-0.643787	-0.703048	-0.73261	-0.719967	-0.653867	-0.544544	-0.398741	-0.20743	0.0184134	0.249677	0.475565	0.694264	0.883627	1.01593	1.08668	1.10584	1.07207	0.973847	0.812679	0.614933	0.419726	0.258503	
-0.51169	-0.591962	-0.663814	-0.714493	-0.733053	-0.712397	-0.646781	-0.540656	-0.398741	-0.215114	0.00295135	0.228943	0.448561	0.662008	0.85413	0.996377	1.07722	1.10561	1.08591	1.00822	0.867096	0.679753	0.481867	0.308393	0.17858	
-0.6273	-0.686706	-0.723886	-0.729805	-0.700352	-0.633186	-0.528344	-0.387024	-0.20743	0.00295135	0.222008	0.435219	0.642372	0.833	0.980559	1.06887	1.10399	1.09386	1.03198	0.909209	0.734629	0.538589	0.357	0.214145	0.116634	
-0.706656	-0.728413	-0.721963	-0.684024	-0.612652	-0.505549	-0.362098	-0.184379	0.0184134	0.228943	0.435219	0.635799	0.822003	0.970228	1.06262	1.10217	1.09823	1.04765	0.940214	0.778777	0.587779	0.401992	0.249027	0.140085	0.0718337	
-0.727568	-0.709021	-0.661401	-0.582188	-0.469037	-0.322072	-0.146215	0.048592	0.249677	0.448561	0.642372	0.822003	0.966634	1.05927	1.10085	1.10047	1.05736	0.961662	0.812215	0.628011	0.44133	0.281384	0.163028	0.0861148	0.041638	
-0.687272	-0.626997	-0.536749	-0.415804	-0.266142	-0.0937939	0.0924937	0.2842	0.475565	0.662008	0.833	0.970228	1.05927	1.10037	1.10142	1.0626	0.975027	0.835425	0.658484	0.473398	0.309496	0.184122	0.0999338	0.0496617	0.022684	
-0.573824	-0.47218	-0.344944	-0.195174	-0.0281804	0.149706	0.332904	0.51661	0.694264	0.85413	0.980559	1.06262	1.10085	1.10142	1.06425	0.981417	0.849026	0.678855	0.497032	0.3319	0.202078	0.112393	0.0572773	0.0268392	0.0116057	
-0.387892	-0.257875	-0.110514	0.0505145	0.22098	0.396468	0.571525	0.737851	0.883627	0.996377	1.06887	1.10217	1.10047	1.0626	0.981417	0.8535	0.689038	0.511482	0.347467	0.215775	0.12263	0.0639366	0.030675	0.0135871	0.00557458	
-0.155933	-0.0118391	0.143872	0.307707	0.474883	0.638725	0.790211	0.918916	1.01593	1.07722	1.10399	1.09823	1.05736	0.975027	0.849026	0.689038	0.516341	0.355439	0.224354	0.129907	0.0691248	0.0338876	0.0153499	0.00644357	0.00251415	
0.10339	0.253938	0.410019	0.565989	0.714605	0.847585	0.957015	1.03735	1.08668	1.10561	1.09386	1.04765	0.961662	0.835425	0.678855	0.511482	0.355439	0.227275	0.133686	0.0724217	0.0362039	0.0167418	0.00718043	0.00286397	0.00106513	
0.380129	0.524602	0.664709	0.793892	0.905768	0.995177	1.05901	1.09613	1.10584	1.08591	1.03198	0.940214	0.812215	0.658484	0.497032	0.347467	0.224354	0.133686	0.0735524	0.0374175	0.0176344	0.00771652	0.00314258	0.00119397	0.000424192	
0.644251	0.764021	0.871095	0.961242	1.03136	1.07943	1.10391	1.10262	1.07207	1.00822	0.909209	0.778777	0.628011	0.473398	0.3319	0.215775	0.129907	0.0724217	0.0374175	0.0179419	0.00799896	0.0033223	0.00128825	0.000467345	0.000158953	
0.857436	0.942198	1.01178	1.06396	1.09664	1.10732	1.09275	1.0492	0.973847	0.867096	0.734629	0.587779	0.44133	0.309496	0.202078	0.12263	0.0691248	0.0362039	0.0176344	0.00799896	0.00338441	0.00133809	0.000495287	0.000171956	5.61026e-05	
1.00509	1.05576	1.09071	1.10723	1.10212	1.07188	1.01359	0.926323	0.812679	0.679753	0.538589	0.401992	0.281384	0.184122	0.112393	0.0639366	0.0338876	0.0167418	0.00771652	0.0033223	0.00133809	0.000504962	0.000178846	5.95507e-05	1.86731e-05	
1.09018	1.10713	1.10565	1.08251	1.03499	0.961719	0.863805	0.745626	0.614933	0.481867	0.357	0.249027	0.163028	0.0999338	0.0572773	0.030675	0.0153499	0.00718043	0.00314258	0.00128825	0.000495287	0.000178846	6.07461e-05	1.94374e-05	5.86816e-06	
1.10601	1.08458	1.04224	0.977661	0.891276	0.785899	0.666934	0.541979	0.419726	0.308393	0.214145	0.140085	0.0861148	0.0496617	0.0268392	0.0135871	0.00644357	0.00286397	0.00119397	0.000467345	0.000171956	5.95507e-05	1.94374e-05	5.98784e-06	1.74338e-06	
1.03698	0.976537	0.897668	0.802304	0.694284	0.579192	0.46376	0.354888	0.258503	0.17858	0.116634	0.0718337	0.041638	0.022684	0.0116057	0.00557458	0.00251415	0.00106513	0.000424192	0.000158953	5.61026e-05	1.86731e-05	5.86816e-06	1.74338e-06	4.90278e-07	
0.884722	0.796656	0.698069	0.593023	0.486539	0.384012	0.290455	0.209756	0.14413	0.093944	0.0579312	0.0337257	0.0185061	0.00956088	0.00464764	0.00212533	0.00091441	0.00037031	0.00014125	5.07899e-05	1.72328e-05	5.5232e-06	1.67406e-06	4.80403e-07	1.3068e-07	
0.681707	0.585729	0.488674	0.394506	0.307087	0.229673	0.164476	0.112414	0.0731072	0.0451197	0.0263671	0.0145634	0.0075924	0.00373262	0.0017296	0.000755283	0.000310869	0.00012065	4.41808e-05	1.52768e-05	4.99251e-06	1.54355e-06	4.51953e-07	1.25461e-07	3.30554e-08	
0.477588	0.391053	0.310473	0.238237	0.176104	0.124997	0.0849251	0.0550688	0.0339895	0.019922	0.0110666	0.005817	0.00288991	0.00135591	0.000600557	0.000251078	9.90994e-05	3.69413e-05	1.30133e-05	4.33524e-06	1.36695e-06	4.08325e-07	1.15664e-07	3.11004e-08	7.94619e-09	
0.31596	0.246114	0.185666	0.135251	0.0948589	0.0638663	0.0411625	0.0253291	0.0148454	0.00826995	0.00437113	0.00218905	0.00103763	0.000465209	0.000197205	7.90333e-05	2.99501e-05	1.07359e-05	3.64225e-06	1.17025e-06	3.56372e-07	1.02947e-07	2.82359e-08	7.36001e-09	1.82499e-09	
0.222297	0.165465	0.119041	0.0825591	0.0550519	0.0352054	0.0215388	0.0125785	0.00699765	0.00370191	0.00185959	0.000885978	0.000400017	0.00017106	6.92643e-05	2.65554e-05	9.64178e-06	3.3165e-06	1.08129e-06	3.34366e-07	9.81359e-08	2.73594e-08	7.25144e-09	1.82878e-09	4.39247e-10	
0.206412	0.152018	0.10813	0.0740904	0.0487792	0.0307815	0.0185742	0.0106944	0.00586407	0.00305711	0.00151322	0.000710402	0.000316074	0.000133212	5.31703e-05	2.00989e-05	7.19693e-06	2.44207e-06	7.85653e-07	2.39797e-07	6.9488e-08	1.91326e-08	5.00953e-09	1.24842e-09	2.96381e-10	
0.269555	0.205838	0.152125	0.108509	0.0744925	0.0490851	0.0309621	0.0186501	0.0107034	0.00584118	0.00302616	0.00148634	0.000691435	0.000304439	0.000126825	4.99839e-05	1.86395e-05	6.57912e-06	2.19912e-06	6.96559e-07	2.09225e-07	5.96446e-08	1.61514e-08	4.15841e-09	1.01889e-09	
0.406055	0.325953	0.253587	0.190611	0.137993	0.0959193	0.0638263	0.0405432	0.0245217	0.0140903	0.00767724	0.00396047	0.00193222	0.000890845	0.000387976	0.000159594	6.20163e-05	2.27738e-05	7.9076e-06	2.598e-06	8.08294e-07	2.38353e-07	6.66812e-08	1.77151e-08	4.47382e-09	
0.597513	0.503672	0.41198	0.325888	0.248451	0.18194	0.127557	0.0853532	0.0543555	0.032861	0.0188194	0.0101923	0.00521345	0.00251641	0.00114559	0.000491821	0.00019915	7.60887e-05	2.74465e-05	9.35416e-06	3.01475e-06	9.19692e-07	2.65838e-07	7.28839e-08	1.89737e-08	
0.807016	0.713331	0.612949	0.51016	0.409756	0.316423	0.234074	0.165299	0.111076	0.0708197	0.042737	0.0243616	0.0130979	0.00663497	0.00316492	0.00142129	0.000600974	0.000239366	8.98623e-05	3.18238e-05	1.06412e-05	3.36313e-06	1.00574e-06	2.84905e-07	7.65407e-08	
0.984842	0.911391	0.822159	0.720157	0.610031	0.497655	0.389372	0.291025	0.207016	0.139676	0.0891295	0.0536632	0.0304296	0.0162306	0.00813712	0.00383335	0.00169709	0.000706377	0.000276611	0.000101996	3.54507e-05	1.16272e-05	3.60289e-06	1.05604e-06	2.9316e-07	
1.08896	1.05147	0.993336	0.914469	0.81678	0.704515	0.584074	0.463244	0.349938	0.250755	0.169847	0.10843	0.0650962	0.0366938	0.0194021	0.00961941	0.00447223	0.00195059	0.000798728	0.000307353	0.000111267	3.79422e-05	1.2203e-05	3.70659e-06	1.06471e-06	
1.10558	1.10774	1.09024	1.05029	0.986096	0.897879	0.788651	0.664563	0.534364	0.407954	0.294398	0.200079	0.127693	0.0763734	0.0427544	0.0223889	0.0109672	0.00502765	0.00215869	0.000869026	0.000328419	0.000116673	3.90189e-05	1.23021e-05	3.66205e-06	
1.04671	1.08403	1.10488	1.10621	1.08463	1.03699	0.961568	0.859496	0.735831	0.599591	0.462363	0.335768	0.228742	0.145779	0.0867585	0.0481747	0.0249547	0.0120643	0.005448	0.00230076	0.000909917	0.000337511	0.000117603	3.85563e-05	1.19131e-05	
0.924535	0.995214	1.05049	1.08833	1.10636	1.10148	1.06997	1.00853	0.9161	0.795942	0.656582	0.51084	0.372833	0.254234	0.161545	0.0955168	0.0525298	0.0268793	0.0128088	0.00569161	0.00236193	0.000916943	0.000333604	0.000113951	3.66082e-05	
0.737187	0.8436	0.935495	1.0097	1.06411	1.09711	1.1066	1.08932	1.04118	0.95916	0.844272	0.703895	0.551603	0.403858	0.275117	0.173958	0.101996	0.0554584	0.0279883	0.0131284	0.0057334	0.00233565	0.000889326	0.000317141	0.000106133	
0.489322	0.626237	0.754923	0.869209	0.963928	1.03574	1.08305	1.10493	1.09942	1.06272	0.990425	0.881216	0.7409	0.583443	0.427493	0.290226	0.182185	0.105696	0.056709	0.0281781	0.0129911	0.005569	0.00222474	0.000830108	0.000289948	
0.212885	0.362887	0.51515	0.663095	0.798872	0.914811	1.00513	1.067	1.1	1.10395	1.07631	1.01205	0.907766	0.767552	0.60564	0.442791	0.29873	0.18567	0.106326	0.0561723	0.0274307	0.0124108	0.00521551	0.00204097	0.000745609	
-0.0547341	0.092418	0.249208	0.411893	0.574501	0.728678	0.864749	0.973898	1.05065	1.09403	1.10551	1.08451	1.02609	0.925087	0.784104	0.617832	0.449185	0.300171	0.184177	0.103838	0.0538954	0.0258166	0.0114446	0.0047086	0.00180302	
-0.298827	-0.161749	-0.0105616	0.151831	0.322064	0.495191	0.663647	0.817118	0.944059	1.03539	1.08837	1.10573	1.08915	1.03415	0.934178	0.790852	0.619869	0.446446	0.29447	0.177805	0.0984272	0.0500758	0.0234841	0.0101842	0.00409681	
-0.507421	-0.391782	-0.254059	-0.0985067	0.0702502	0.247706	0.42907	0.608146	0.775575	0.91809	1.02265	1.08391	1.10554	1.09136	1.03728	0.935647	0.787951	0.611732	0.434672	0.281934	0.166989	0.0905141	0.0450354	0.0206386	0.00874189	
-0.651669	-0.574349	-0.467178	-0.33193	-0.173188	0.00261	0.188375	0.377585	0.564929	0.743191	0.898461	1.01383	1.0813	1.1054	1.09168	1.0359	0.929602	0.775333	0.593511	0.41429	0.263248	0.152456	0.080698	0.0391796	0.0175135	
-0.718668	-0.684545	-0.620429	-0.523565	-0.393763	-0.234308	-0.0520025	0.143065	0.340611	0.535135	0.72201	0.887132	1.01005	1.0809	1.10547	1.09021	1.02983	0.915634	0.752747	0.565468	0.38609	0.239448	0.135169	0.0696899	0.0329468	
-0.721956	-0.727217	-0.704709	-0.650763	-0.562505	-0.438744	-0.280644	-0.09308	0.111445	0.317577	0.518904	0.713102	0.885239	1.01181	1.08276	1.10568	1.08659	1.0183	0.892884	0.719895	0.528164	0.351261	0.211873	0.11624	0.0582352	
-0.665871	-0.710814	-0.730239	-0.718315	-0.671581	-0.588068	-0.468243	-0.311682	-0.119503	0.0939273	0.308089	0.516088	0.716848	0.892972	1.01887	1.08662	1.1057	1.07994	0.999896	0.86022	0.676668	0.482598	0.311388	0.182074	0.0968242	
