1.22391	1.16396	1.04345	0.873259	0.681303	0.498633	0.337364	0.218755	0.153118	0.148118	0.208173	0.318706	0.468903	0.634827	0.78432	0.881653	0.908719	0.862555	0.741267	0.574518	0.39606	0.238192	0.104787	-0.00677038	-0.115544	
1.16396	1.07582	0.928473	0.738782	0.535194	0.337114	0.164848	0.0477553	-0.0165708	-0.0296459	0.0141831	0.116665	0.259305	0.41799	0.569985	0.679834	0.723868	0.692456	0.592797	0.451076	0.296126	0.151121	0.0194775	-0.100595	-0.227869	
1.04345	0.928473	0.759738	0.555139	0.336353	0.127102	-0.0427652	-0.153477	-0.217665	-0.241255	-0.205289	-0.106354	0.0311091	0.183833	0.334537	0.450352	0.504151	0.492974	0.426857	0.324141	0.200922	0.0751072	-0.0524475	-0.181504	-0.329871	
0.873259	0.738782	0.555139	0.33407	0.105381	-0.098651	-0.255759	-0.359589	-0.426948	-0.451095	-0.413855	-0.314364	-0.179071	-0.0330192	0.111086	0.221296	0.282288	0.29579	0.272066	0.213662	0.128466	0.0262264	-0.0944672	-0.236826	-0.406781	
0.681303	0.535194	0.336353	0.105381	-0.116078	-0.303254	-0.446907	-0.550723	-0.614642	-0.629508	-0.586307	-0.483877	-0.351065	-0.213337	-0.0867336	0.0115493	0.0795442	0.121589	0.140047	0.126255	0.081702	0.00797309	-0.10613	-0.262558	-0.453729	
0.498633	0.337114	0.127102	-0.098651	-0.303254	-0.474537	-0.61345	-0.712647	-0.762885	-0.762835	-0.709961	-0.603873	-0.472573	-0.34999	-0.24657	-0.160195	-0.082347	-0.0142695	0.039553	0.0654183	0.0623236	0.0168174	-0.0895921	-0.259046	-0.463387	
0.337364	0.164848	-0.0427652	-0.255759	-0.446907	-0.61345	-0.745288	-0.830971	-0.86367	-0.847274	-0.784632	-0.673682	-0.549873	-0.447579	-0.365767	-0.285534	-0.198022	-0.111906	-0.0336861	0.0262431	0.0594355	0.0404242	-0.0573512	-0.229773	-0.435652	
0.218755	0.0477553	-0.153477	-0.359589	-0.550723	-0.712647	-0.830971	-0.901425	-0.918069	-0.887851	-0.814148	-0.703817	-0.593816	-0.509641	-0.440072	-0.360433	-0.267728	-0.174381	-0.0803903	0.00404108	0.0656672	0.0677429	-0.0148561	-0.175494	-0.367782	
0.153118	-0.0165708	-0.217665	-0.426948	-0.614642	-0.762885	-0.86367	-0.918069	-0.920093	-0.874167	-0.793315	-0.690897	-0.594809	-0.519762	-0.454094	-0.376305	-0.2888	-0.197113	-0.0994335	-0.00307825	0.0722136	0.0909047	0.0310491	-0.102713	-0.267462	
0.148118	-0.0296459	-0.241255	-0.451095	-0.629508	-0.762835	-0.847274	-0.887851	-0.874167	-0.817013	-0.736308	-0.642616	-0.551675	-0.475464	-0.41061	-0.341572	-0.264882	-0.183262	-0.0921728	-0.000313647	0.0765906	0.11001	0.0799948	-0.0144539	-0.142387	
0.208173	0.0141831	-0.205289	-0.413855	-0.586307	-0.709961	-0.784632	-0.814148	-0.793315	-0.736308	-0.659769	-0.568778	-0.474555	-0.394709	-0.337126	-0.281015	-0.220947	-0.155396	-0.0843797	-0.00978403	0.0620784	0.109674	0.114176	0.0629688	-0.0190666	
0.318706	0.116665	-0.106354	-0.314364	-0.483877	-0.603873	-0.673682	-0.703817	-0.690897	-0.642616	-0.568778	-0.476478	-0.380769	-0.308325	-0.264738	-0.228239	-0.189435	-0.150722	-0.110565	-0.0587017	0.00577431	0.0682729	0.103286	0.0968174	0.0655279	
0.468903	0.259305	0.0311091	-0.179071	-0.351065	-0.472573	-0.549873	-0.593816	-0.594809	-0.551675	-0.474555	-0.380769	-0.293387	-0.234416	-0.20957	-0.194415	-0.184005	-0.17957	-0.171514	-0.140996	-0.0803248	-0.00856178	0.0522004	0.086131	0.11125	
0.634827	0.41799	0.183833	-0.0330192	-0.213337	-0.34999	-0.447579	-0.509641	-0.519762	-0.475464	-0.394709	-0.308325	-0.234416	-0.19279	-0.18599	-0.196139	-0.218293	-0.24501	-0.261923	-0.241524	-0.184347	-0.10513	-0.0257438	0.0487237	0.130762	
0.78432	0.569985	0.334537	0.111086	-0.0867336	-0.24657	-0.365767	-0.440072	-0.454094	-0.41061	-0.337126	-0.264738	-0.20957	-0.18599	-0.201409	-0.240995	-0.291544	-0.340333	-0.365957	-0.34958	-0.291693	-0.208946	-0.11038	0.00184746	0.13777	
0.881653	0.679834	0.450352	0.221296	0.0115493	-0.160195	-0.285534	-0.360433	-0.376305	-0.341572	-0.281015	-0.228239	-0.194415	-0.196139	-0.240995	-0.308911	-0.38147	-0.43726	-0.465026	-0.446383	-0.389404	-0.299894	-0.183763	-0.0376976	0.139075	
0.908719	0.723868	0.504151	0.282288	0.0795442	-0.082347	-0.198022	-0.267728	-0.2888	-0.264882	-0.220947	-0.189435	-0.184005	-0.218293	-0.291544	-0.38147	-0.460538	-0.516121	-0.537701	-0.515982	-0.452686	-0.35328	-0.218425	-0.0490026	0.15256	
0.862555	0.692456	0.492974	0.29579	0.121589	-0.0142695	-0.111906	-0.174381	-0.197113	-0.183262	-0.155396	-0.150722	-0.17957	-0.24501	-0.340333	-0.43726	-0.516121	-0.563543	-0.577869	-0.544544	-0.468842	-0.353481	-0.20474	-0.0234768	0.185253	
0.741267	0.592797	0.426857	0.272066	0.140047	0.039553	-0.0336861	-0.0803903	-0.0994335	-0.0921728	-0.0843797	-0.110565	-0.171514	-0.261923	-0.365957	-0.465026	-0.537701	-0.577869	-0.577631	-0.52699	-0.431337	-0.301595	-0.145844	0.0342294	0.237916	
0.574518	0.451076	0.324141	0.213662	0.126255	0.0654183	0.0262431	0.00404108	-0.00307825	-0.000313647	-0.00978403	-0.0587017	-0.140996	-0.241524	-0.34958	-0.446383	-0.515982	-0.544544	-0.52699	-0.454075	-0.341401	-0.204028	-0.0523607	0.117226	0.306684	
0.39606	0.296126	0.200922	0.128466	0.081702	0.0623236	0.0594355	0.0656672	0.0722136	0.0765906	0.0620784	0.00577431	-0.0803248	-0.184347	-0.291693	-0.389404	-0.452686	-0.468842	-0.431337	-0.341401	-0.220047	-0.0864432	0.0531421	0.206251	0.377122	
0.238192	0.151121	0.0751072	0.0262264	0.00797309	0.0168174	0.0404242	0.0677429	0.0909047	0.11001	0.109674	0.0682729	-0.00856178	-0.10513	-0.208946	-0.299894	-0.35328	-0.353481	-0.301595	-0.204028	-0.0864432	0.0349114	0.157455	0.292045	0.439709	
0.104787	0.0194775	-0.0524475	-0.0944672	-0.10613	-0.0895921	-0.0573512	-0.0148561	0.0310491	0.0799948	0.114176	0.103286	0.0522004	-0.0257438	-0.11038	-0.183763	-0.218425	-0.20474	-0.145844	-0.0523607	0.0531421	0.157455	0.261702	0.37518	0.494579	
-0.00677038	-0.100595	-0.181504	-0.236826	-0.262558	-0.259046	-0.229773	-0.175494	-0.102713	-0.0144539	0.0629688	0.0968174	0.086131	0.0487237	0.00184746	-0.0376976	-0.0490026	-0.0234768	0.0342294	0.117226	0.206251	0.292045	0.37518	0.462521	0.545922	
-0.115544	-0.227869	-0.329871	-0.406781	-0.453729	-0.463387	-0.435652	-0.367782	-0.267462	-0.142387	-0.0190666	0.0655279	0.11125	0.130762	0.13777	0.139075	0.15256	0.185253	0.237916	0.306684	0.377122	0.439709	0.494579	0.545922	0.584536	
-0.228396	-0.372149	-0.501126	-0.600404	-0.65954	-0.672834	-0.6387	-0.555298	-0.432464	-0.274615	-0.108601	0.0317785	0.14069	0.225892	0.290816	0.335327	0.37318	0.414754	0.46343	0.519422	0.567925	0.600325	0.615799	0.620447	0.60739	
-0.331273	-0.517696	-0.680877	-0.799785	-0.866761	-0.876513	-0.831931	-0.733164	-0.58792	-0.399981	-0.191256	0.00228206	0.171337	0.316395	0.434845	0.520843	0.587651	0.644898	0.697943	0.743934	0.768953	0.763381	0.730911	0.682139	0.616096	
-0.400499	-0.629401	-0.825724	-0.968739	-1.04719	-1.05961	-1.00914	-0.895377	-0.728168	-0.509087	-0.26317	-0.0273823	0.185372	0.37371	0.533928	0.65887	0.759055	0.842156	0.907067	0.948628	0.949343	0.904218	0.821786	0.721436	0.608614	
-0.431587	-0.688893	-0.913691	-1.08059	-1.17878	-1.2013	-1.14903	-1.0221	-0.830891	-0.584033	-0.309982	-0.0490558	0.185631	0.396817	0.583405	0.738945	0.871474	0.980937	1.06123	1.09921	1.07925	0.997988	0.873065	0.730494	0.582084	
-0.441051	-0.710341	-0.949077	-1.13406	-1.24761	-1.28014	-1.22849	-1.09075	-0.882994	-0.617367	-0.328345	-0.0582175	0.182905	0.400684	0.599334	0.772731	0.925511	1.05386	1.14336	1.18005	1.14506	1.04107	0.888701	0.720672	0.551682	
-0.441499	-0.712145	-0.954401	-1.14194	-1.25944	-1.29422	-1.24226	-1.10315	-0.891438	-0.622357	-0.330883	-0.05877	0.182339	0.401445	0.601694	0.778063	0.935021	1.06599	1.15815	1.19352	1.15668	1.04777	0.890971	0.718147	0.545601	
-0.437718	-0.701569	-0.932766	-1.10855	-1.21344	-1.24047	-1.18876	-1.05648	-0.857683	-0.60168	-0.319833	-0.0541683	0.184705	0.399332	0.592276	0.756631	0.89873	1.01774	1.10209	1.14006	1.11247	1.02062	0.882047	0.72715	0.568527	
-0.416383	-0.658767	-0.868207	-1.02068	-1.10702	-1.12305	-1.0714	-0.952682	-0.775424	-0.544449	-0.285926	-0.0372665	0.186335	0.386689	0.559091	0.697598	0.811677	0.905466	0.977306	1.01687	1.00937	0.948409	0.847898	0.728799	0.600221	
-0.36415	-0.56847	-0.744707	-0.87311	-0.943145	-0.952631	-0.905203	-0.799997	-0.646535	-0.446274	-0.221706	-0.00993179	0.179502	0.343765	0.480762	0.582718	0.66213	0.729226	0.78575	0.830152	0.844839	0.823923	0.770769	0.700888	0.614952	
-0.271582	-0.431657	-0.574297	-0.681268	-0.743998	-0.755875	-0.717221	-0.627773	-0.495764	-0.325901	-0.142944	0.020048	0.153708	0.265011	0.352091	0.413631	0.462298	0.508675	0.558342	0.609331	0.649125	0.666618	0.663934	0.647209	0.61284	
-0.161156	-0.284101	-0.395767	-0.482247	-0.534945	-0.547233	-0.517903	-0.443418	-0.333784	-0.195247	-0.0546783	0.0513527	0.122372	0.167447	0.198131	0.21656	0.239402	0.275241	0.32524	0.389003	0.450585	0.502613	0.542677	0.576747	0.595193	
-0.0493587	-0.149421	-0.237708	-0.301201	-0.336116	-0.338938	-0.31115	-0.251897	-0.167478	-0.0637718	0.0318377	0.0858187	0.095466	0.0799444	0.0530392	0.0299233	0.0284687	0.0572164	0.113256	0.190373	0.272637	0.349625	0.422909	0.496899	0.563728	
0.0577526	-0.0295472	-0.103297	-0.148527	-0.163507	-0.150554	-0.119158	-0.0716675	-0.0154814	0.0488506	0.099911	0.105261	0.0686227	0.00369598	-0.0676912	-0.129396	-0.154915	-0.135998	-0.0769412	0.0130236	0.111991	0.209439	0.305507	0.409547	0.515686	
0.182231	0.0966683	0.0239935	-0.0198783	-0.0324922	-0.0176542	0.0114538	0.0452134	0.0767348	0.1062	0.117698	0.0873813	0.0183629	-0.0721432	-0.171114	-0.256309	-0.303493	-0.297493	-0.241847	-0.144836	-0.0312777	0.0833655	0.198695	0.324972	0.462375	
0.329443	0.236445	0.150359	0.0892699	0.0560838	0.0506985	0.060236	0.0762625	0.088592	0.0968364	0.0854392	0.032516	-0.0512423	-0.153985	-0.260576	-0.357383	-0.41733	-0.427463	-0.383101	-0.288863	-0.167512	-0.0381145	0.0948351	0.240482	0.40296	
0.502973	0.389694	0.276792	0.182169	0.111677	0.0675951	0.0434831	0.0329673	0.0312642	0.0334216	0.0196415	-0.0342025	-0.120245	-0.222284	-0.330682	-0.427516	-0.495566	-0.519039	-0.493559	-0.412536	-0.294986	-0.157662	-0.0103724	0.152921	0.335515	
0.677785	0.539425	0.389216	0.252823	0.138391	0.0534448	-0.00758527	-0.0448045	-0.0597177	-0.0545318	-0.0546289	-0.0917119	-0.162944	-0.25894	-0.364533	-0.463109	-0.534265	-0.570674	-0.563592	-0.504452	-0.400595	-0.266938	-0.111389	0.0647384	0.264096	
0.821928	0.6597	0.472241	0.290622	0.132667	0.00965447	-0.0792676	-0.136878	-0.158775	-0.147706	-0.127618	-0.135269	-0.178187	-0.254554	-0.354586	-0.452474	-0.529273	-0.573749	-0.583389	-0.543645	-0.460357	-0.338294	-0.186093	-0.0038536	0.203956	
0.89932	0.720012	0.506725	0.29269	0.0991671	-0.0530755	-0.162829	-0.22977	-0.25251	-0.232704	-0.194863	-0.17345	-0.181531	-0.22901	-0.312192	-0.406453	-0.485957	-0.539048	-0.558108	-0.533292	-0.465288	-0.360299	-0.2187	-0.0438094	0.163287	
0.901293	0.706936	0.479994	0.251688	0.0421296	-0.128475	-0.250983	-0.324539	-0.342359	-0.312168	-0.258034	-0.213126	-0.189861	-0.203974	-0.260583	-0.338652	-0.415049	-0.471599	-0.497521	-0.478229	-0.41954	-0.326424	-0.20301	-0.0459895	0.142672	
0.830689	0.620223	0.386976	0.160355	-0.043955	-0.210416	-0.334579	-0.409442	-0.424543	-0.383787	-0.315103	-0.250324	-0.203061	-0.188642	-0.215275	-0.266739	-0.327428	-0.380385	-0.40778	-0.391041	-0.333421	-0.248695	-0.142847	-0.0167546	0.138189	
0.698752	0.481924	0.245706	0.0267787	-0.160403	-0.306809	-0.413646	-0.482081	-0.49374	-0.449312	-0.370226	-0.288752	-0.221951	-0.186832	-0.187893	-0.209712	-0.243444	-0.280868	-0.30239	-0.284672	-0.226831	-0.146358	-0.0594383	0.0304513	0.135125	
0.534906	0.321576	0.0912153	-0.12155	-0.295195	-0.421048	-0.505647	-0.556258	-0.562065	-0.518461	-0.439388	-0.347928	-0.265376	-0.213455	-0.195578	-0.190183	-0.192874	-0.201616	-0.205544	-0.179916	-0.120972	-0.0456975	0.022553	0.0726963	0.120972	
0.375614	0.170964	-0.0546512	-0.262526	-0.433032	-0.552399	-0.623477	-0.658314	-0.65044	-0.605318	-0.530358	-0.437073	-0.34383	-0.275945	-0.239683	-0.211375	-0.182828	-0.157894	-0.130572	-0.0885613	-0.0249916	0.0411713	0.0875475	0.0970003	0.0882405	
0.246211	0.0487508	-0.172066	-0.380616	-0.550783	-0.672801	-0.744419	-0.772296	-0.753567	-0.699248	-0.624559	-0.533598	-0.43787	-0.360185	-0.307065	-0.258611	-0.206051	-0.150066	-0.0909301	-0.0246591	0.0439591	0.0984694	0.115114	0.0824792	0.0197089	
