-0.637022	-0.503445	-0.371734	-0.238992	-0.109677	0.0102884	0.119422	0.195127	0.231663	0.234422	0.227062	0.232422	0.250919	0.289349	0.330138	0.366613	0.400496	0.438193	0.478119	0.506638	0.513863	0.522852	0.552773	0.597491	0.642617	
-0.503445	-0.414974	-0.323139	-0.219934	-0.106165	0.000711335	0.0898295	0.149559	0.176951	0.174433	0.153227	0.141904	0.148838	0.178168	0.220358	0.266111	0.315423	0.380965	0.443251	0.481624	0.501026	0.513412	0.540941	0.574273	0.597512	
-0.371734	-0.323139	-0.252915	-0.162983	-0.056759	0.0404146	0.113214	0.157764	0.177732	0.165039	0.131389	0.109849	0.102056	0.117397	0.144708	0.184648	0.239873	0.318796	0.392749	0.443712	0.477327	0.503964	0.532602	0.56122	0.566347	
-0.238992	-0.219934	-0.162983	-0.0803083	0.0186505	0.109071	0.17863	0.215772	0.223658	0.197795	0.153549	0.117207	0.0914194	0.0912302	0.108552	0.141285	0.195367	0.26997	0.346975	0.409272	0.457023	0.494106	0.522641	0.543219	0.536588	
-0.109677	-0.106165	-0.056759	0.0186505	0.106299	0.193994	0.265792	0.29667	0.295452	0.270295	0.215532	0.159224	0.115856	0.0985068	0.108841	0.134112	0.177134	0.24473	0.321728	0.393783	0.454392	0.498178	0.524858	0.536548	0.518565	
0.0102884	0.000711335	0.0404146	0.109071	0.193994	0.28216	0.355188	0.39057	0.396883	0.373301	0.314715	0.246047	0.188093	0.153991	0.146722	0.159257	0.194102	0.256422	0.334417	0.413726	0.477583	0.520876	0.543794	0.541638	0.513985	
0.119422	0.0898295	0.113214	0.17863	0.265792	0.355188	0.435109	0.4856	0.50208	0.484718	0.434171	0.372199	0.313442	0.262872	0.236504	0.235215	0.256763	0.312432	0.388905	0.465029	0.522788	0.552932	0.554963	0.533313	0.489015	
0.195127	0.149559	0.157764	0.215772	0.29667	0.39057	0.4856	0.553462	0.58368	0.582381	0.554267	0.5105	0.459112	0.40554	0.368004	0.347393	0.349684	0.386913	0.449941	0.517517	0.565727	0.577486	0.551414	0.495556	0.431129	
0.231663	0.176951	0.177732	0.223658	0.295452	0.396883	0.50208	0.58368	0.637588	0.661391	0.656406	0.633143	0.595735	0.554191	0.51284	0.47919	0.461592	0.475401	0.512485	0.563819	0.600823	0.589871	0.530314	0.44106	0.347639	
0.234422	0.174433	0.165039	0.197795	0.270295	0.373301	0.484718	0.582381	0.661391	0.710466	0.727927	0.726949	0.71419	0.690965	0.655303	0.616292	0.586001	0.572521	0.580336	0.606241	0.615962	0.573753	0.484563	0.372215	0.255173	
0.227062	0.153227	0.131389	0.153549	0.215532	0.314715	0.434171	0.554267	0.656406	0.727927	0.771777	0.803425	0.820612	0.819651	0.793577	0.750036	0.703867	0.665189	0.641739	0.63017	0.597863	0.520047	0.413734	0.292032	0.159091	
0.232422	0.141904	0.109849	0.117207	0.159224	0.246047	0.372199	0.5105	0.633143	0.726949	0.803425	0.870341	0.916377	0.934526	0.915231	0.86709	0.807249	0.744836	0.685175	0.625033	0.546504	0.44159	0.321873	0.1939	0.0509409	
0.250919	0.148838	0.102056	0.0914194	0.115856	0.188093	0.313442	0.459112	0.595735	0.71419	0.820612	0.916377	0.982014	1.00727	0.992146	0.945748	0.878458	0.78946	0.687565	0.575085	0.456001	0.331478	0.197318	0.0639717	-0.0770578	
0.289349	0.178168	0.117397	0.0912302	0.0985068	0.153991	0.262872	0.40554	0.554191	0.690965	0.819651	0.934526	1.00727	1.02918	1.01863	0.974886	0.901828	0.791816	0.650754	0.493789	0.337432	0.185689	0.0377806	-0.0969296	-0.224756	
0.330138	0.220358	0.144708	0.108552	0.108841	0.146722	0.236504	0.368004	0.51284	0.655303	0.793577	0.915231	0.992146	1.01863	1.00776	0.965814	0.88387	0.754735	0.584912	0.388945	0.195169	0.0197687	-0.136101	-0.257751	-0.366456	
0.366613	0.266111	0.184648	0.141285	0.134112	0.159257	0.235215	0.347393	0.47919	0.616292	0.750036	0.86709	0.945748	0.974886	0.965814	0.920352	0.833587	0.688987	0.494134	0.267767	0.0423786	-0.150344	-0.300744	-0.409739	-0.494877	
0.400496	0.315423	0.239873	0.195367	0.177134	0.194102	0.256763	0.349684	0.461592	0.586001	0.703867	0.807249	0.878458	0.901828	0.88387	0.833587	0.73402	0.575154	0.363764	0.119632	-0.116165	-0.306462	-0.441918	-0.533296	-0.594026	
0.438193	0.380965	0.318796	0.26997	0.24473	0.256422	0.312432	0.386913	0.475401	0.572521	0.665189	0.744836	0.78946	0.791816	0.754735	0.688987	0.575154	0.406415	0.193206	-0.0455793	-0.268224	-0.437022	-0.552776	-0.624505	-0.656233	
0.478119	0.443251	0.392749	0.346975	0.321728	0.334417	0.388905	0.449941	0.512485	0.580336	0.641739	0.685175	0.687565	0.650754	0.584912	0.494134	0.363764	0.193206	-0.00672709	-0.216585	-0.400643	-0.539148	-0.631577	-0.680188	-0.683589	
0.506638	0.481624	0.443712	0.409272	0.393783	0.413726	0.465029	0.517517	0.563819	0.606241	0.63017	0.625033	0.575085	0.493789	0.388945	0.267767	0.119632	-0.0455793	-0.216585	-0.377369	-0.511417	-0.61181	-0.676048	-0.697672	-0.682379	
0.513863	0.501026	0.477327	0.457023	0.454392	0.477583	0.522788	0.565727	0.600823	0.615962	0.597863	0.546504	0.456001	0.337432	0.195169	0.0423786	-0.116165	-0.268224	-0.400643	-0.511417	-0.59681	-0.654996	-0.683012	-0.682053	-0.658343	
0.522852	0.513412	0.503964	0.494106	0.498178	0.520876	0.552932	0.577486	0.589871	0.573753	0.520047	0.44159	0.331478	0.185689	0.0197687	-0.150344	-0.306462	-0.437022	-0.539148	-0.61181	-0.654996	-0.670044	-0.666023	-0.65001	-0.621984	
0.552773	0.540941	0.532602	0.522641	0.524858	0.543794	0.554963	0.551414	0.530314	0.484563	0.413734	0.321873	0.197318	0.0377806	-0.136101	-0.300744	-0.441918	-0.552776	-0.631577	-0.676048	-0.683012	-0.666023	-0.641859	-0.611802	-0.576543	
0.597491	0.574273	0.56122	0.543219	0.536548	0.541638	0.533313	0.495556	0.44106	0.372215	0.292032	0.1939	0.0639717	-0.0969296	-0.257751	-0.409739	-0.533296	-0.624505	-0.680188	-0.697672	-0.682053	-0.65001	-0.611802	-0.564276	-0.520173	
0.642617	0.597512	0.566347	0.536588	0.518565	0.513985	0.489015	0.431129	0.347639	0.255173	0.159091	0.0509409	-0.0770578	-0.224756	-0.366456	-0.494877	-0.594026	-0.656233	-0.683589	-0.682379	-0.658343	-0.621984	-0.576543	-0.520173	-0.473421	
0.678996	0.601067	0.543631	0.503047	0.479407	0.464844	0.4293	0.359165	0.261603	0.147413	0.0296492	-0.0897656	-0.216334	-0.351925	-0.473441	-0.570666	-0.631666	-0.658278	-0.658618	-0.641619	-0.607875	-0.563602	-0.517731	-0.469925	-0.428688	
0.70317	0.592142	0.509915	0.463016	0.436241	0.40826	0.364484	0.292239	0.188902	0.05689	-0.0845031	-0.218289	-0.345299	-0.47067	-0.572174	-0.635795	-0.656984	-0.649267	-0.62145	-0.58206	-0.53099	-0.477162	-0.431919	-0.394049	-0.363449	
0.727019	0.589575	0.484794	0.423613	0.383271	0.344869	0.300697	0.236186	0.131389	-0.0150999	-0.18011	-0.328677	-0.455381	-0.565306	-0.647871	-0.684148	-0.677863	-0.639463	-0.579815	-0.513473	-0.449283	-0.391642	-0.345493	-0.307471	-0.286687	
0.746019	0.592043	0.4682	0.388644	0.331601	0.284388	0.247532	0.18962	0.0853196	-0.0693642	-0.246041	-0.404076	-0.531444	-0.628129	-0.694972	-0.716779	-0.695474	-0.639212	-0.55543	-0.468543	-0.390607	-0.326228	-0.273942	-0.234469	-0.219137	
0.760282	0.596584	0.463856	0.37069	0.302153	0.249291	0.215782	0.159221	0.054403	-0.0965921	-0.272689	-0.434942	-0.567685	-0.66148	-0.719859	-0.731962	-0.703906	-0.641292	-0.550283	-0.45134	-0.359653	-0.280342	-0.224632	-0.189696	-0.176671	
0.762779	0.598034	0.462595	0.368152	0.296664	0.244724	0.209423	0.15349	0.0485024	-0.100997	-0.275541	-0.439006	-0.573939	-0.667525	-0.725311	-0.734121	-0.705193	-0.64224	-0.550537	-0.450545	-0.354268	-0.272303	-0.215708	-0.182207	-0.169848	
0.752745	0.593421	0.465328	0.378975	0.317009	0.26631	0.232183	0.17459	0.0705007	-0.0832049	-0.261177	-0.421149	-0.550017	-0.644966	-0.706835	-0.724656	-0.699505	-0.639916	-0.552303	-0.458707	-0.375344	-0.30481	-0.250864	-0.212604	-0.198168	
0.735064	0.590883	0.477724	0.408287	0.361221	0.319015	0.277242	0.216777	0.111974	-0.0392793	-0.21102	-0.364437	-0.490952	-0.594032	-0.67015	-0.699976	-0.686091	-0.638084	-0.567062	-0.491084	-0.42228	-0.363131	-0.315146	-0.275744	-0.257849	
0.713002	0.589405	0.49802	0.447075	0.415769	0.383446	0.338658	0.268368	0.163908	0.0260366	-0.125633	-0.265248	-0.391906	-0.511752	-0.604997	-0.656831	-0.665764	-0.644596	-0.604378	-0.554281	-0.497315	-0.440994	-0.395806	-0.358904	-0.332136	
0.688906	0.597998	0.530664	0.487261	0.463302	0.442896	0.403501	0.331665	0.230794	0.108685	-0.0177253	-0.142505	-0.270136	-0.402273	-0.515126	-0.598451	-0.641989	-0.654892	-0.644728	-0.619182	-0.579363	-0.53105	-0.485733	-0.443431	-0.406263	
0.658916	0.600848	0.559875	0.525033	0.50393	0.495647	0.466334	0.402539	0.31179	0.210338	0.10555	-0.00653409	-0.13303	-0.275597	-0.409338	-0.525759	-0.611584	-0.659995	-0.6765	-0.668891	-0.642066	-0.603012	-0.556588	-0.501073	-0.456004	
0.616096	0.586022	0.567104	0.545333	0.533232	0.534183	0.517964	0.470626	0.403607	0.325115	0.239466	0.137444	0.00807635	-0.147956	-0.301896	-0.446335	-0.561182	-0.641884	-0.685953	-0.695325	-0.674876	-0.641624	-0.599201	-0.546271	-0.499839	
0.569786	0.554051	0.545041	0.531975	0.532107	0.54563	0.549408	0.531237	0.496355	0.441352	0.367183	0.272171	0.144288	-0.0176722	-0.187831	-0.348416	-0.482493	-0.586036	-0.656582	-0.689874	-0.685894	-0.660218	-0.63043	-0.593792	-0.554135	
0.532059	0.522528	0.514262	0.506494	0.510299	0.533103	0.556806	0.571375	0.571145	0.54219	0.480143	0.395102	0.277993	0.125196	-0.046715	-0.215648	-0.367281	-0.489628	-0.581446	-0.643226	-0.669601	-0.670075	-0.656762	-0.635532	-0.605722	
0.515683	0.505842	0.488928	0.473293	0.474091	0.496971	0.538322	0.575393	0.603347	0.606025	0.571736	0.507302	0.407819	0.276442	0.123357	-0.0392487	-0.198529	-0.34283	-0.461167	-0.554627	-0.62321	-0.663826	-0.677194	-0.669925	-0.644177	
0.511047	0.491127	0.45843	0.429357	0.419352	0.441591	0.491095	0.54013	0.582305	0.614232	0.621492	0.596127	0.527489	0.430641	0.309321	0.175343	0.0213394	-0.139848	-0.2952	-0.435037	-0.549152	-0.633481	-0.683773	-0.694545	-0.675386	
0.492557	0.461502	0.41613	0.374533	0.351713	0.367211	0.420869	0.477716	0.532081	0.589995	0.637141	0.662205	0.643965	0.588823	0.508358	0.406194	0.268374	0.0992763	-0.0913255	-0.283279	-0.4474	-0.571209	-0.653775	-0.692014	-0.686187	
0.453942	0.408153	0.350676	0.301694	0.275702	0.286227	0.341117	0.410555	0.487868	0.57276	0.653686	0.720397	0.74965	0.738276	0.690972	0.61587	0.496286	0.325878	0.115866	-0.11387	-0.32397	-0.480978	-0.587785	-0.651616	-0.670971	
0.415494	0.33999	0.269467	0.222736	0.20163	0.216246	0.275399	0.360011	0.463347	0.578527	0.686608	0.782026	0.845571	0.86249	0.838341	0.783197	0.677004	0.51377	0.299783	0.0549567	-0.178956	-0.36225	-0.490319	-0.573074	-0.623373	
0.379923	0.284918	0.204362	0.15985	0.148314	0.170385	0.240503	0.345183	0.469022	0.602779	0.731466	0.844021	0.92091	0.949216	0.937894	0.891284	0.800764	0.650301	0.447595	0.21258	-0.0205647	-0.215528	-0.360653	-0.463647	-0.539079	
0.344782	0.238002	0.159213	0.119296	0.117294	0.149262	0.233525	0.357744	0.497517	0.63915	0.777565	0.898591	0.977379	1.00503	0.995252	0.951921	0.868024	0.732344	0.551595	0.342497	0.134545	-0.0485526	-0.203546	-0.319973	-0.419488	
0.306944	0.194595	0.127522	0.0968584	0.100474	0.147994	0.248808	0.387995	0.537881	0.678139	0.812152	0.931159	1.00522	1.02843	1.01771	0.974946	0.898696	0.781179	0.627815	0.454399	0.282779	0.120677	-0.0318945	-0.162669	-0.283796	
0.264221	0.157763	0.105147	0.0876683	0.105178	0.171377	0.29099	0.43715	0.578859	0.706212	0.822689	0.927069	0.997568	1.02166	1.00865	0.963478	0.893681	0.795569	0.676703	0.545252	0.41125	0.276519	0.136869	0.00194377	-0.134614	
0.237926	0.142254	0.104741	0.10507	0.139736	0.220612	0.348768	0.490459	0.619828	0.723235	0.812416	0.892058	0.946925	0.96956	0.951891	0.90353	0.840985	0.767856	0.691551	0.610302	0.514725	0.402314	0.276859	0.14656	0.00267611	
0.227892	0.146353	0.120768	0.138142	0.19226	0.287339	0.409683	0.538218	0.649027	0.728995	0.785674	0.831724	0.861411	0.868829	0.846047	0.800432	0.747798	0.700256	0.663011	0.63238	0.581565	0.491565	0.380019	0.255998	0.117699	
