-0.409092	-0.320196	-0.183225	-0.0128137	0.1728	0.357684	0.522548	0.658108	0.743957	0.777294	0.761644	0.692262	0.592108	0.479346	0.360614	0.244683	0.14207	0.0591657	-0.0109925	-0.0644911	-0.0945094	-0.104257	-0.107112	-0.105555	-0.102999	
-0.320196	-0.238891	-0.110235	0.050871	0.225222	0.406213	0.566435	0.685642	0.752669	0.770233	0.730728	0.635328	0.507572	0.370937	0.238918	0.130868	0.0495495	-0.0126498	-0.064932	-0.100622	-0.115666	-0.110529	-0.0988719	-0.0800829	-0.0543335	
-0.183225	-0.110235	-0.000375544	0.144329	0.306505	0.474345	0.61503	0.70533	0.742314	0.731432	0.664031	0.54206	0.3859	0.226984	0.0901486	-0.0109299	-0.0803397	-0.125587	-0.15858	-0.170904	-0.154047	-0.118438	-0.0795181	-0.0339565	0.0202948	
-0.0128137	0.050871	0.144329	0.274247	0.416228	0.549869	0.651468	0.702814	0.702991	0.656209	0.563803	0.42146	0.241761	0.0646628	-0.075948	-0.17007	-0.225442	-0.248305	-0.256236	-0.238262	-0.184191	-0.112965	-0.0373962	0.0414973	0.125767	
0.1728	0.225222	0.306505	0.416228	0.526598	0.615645	0.672721	0.680915	0.638908	0.556111	0.435187	0.273622	0.0875665	-0.0906765	-0.232588	-0.319237	-0.348763	-0.346279	-0.325519	-0.271244	-0.183599	-0.081073	0.0299754	0.144206	0.254571	
0.357684	0.406213	0.474345	0.549869	0.615645	0.653424	0.661184	0.626327	0.549747	0.435742	0.292568	0.123939	-0.0567323	-0.222088	-0.351284	-0.418817	-0.420277	-0.390507	-0.341116	-0.259968	-0.14909	-0.018626	0.118644	0.252502	0.384227	
0.522548	0.566435	0.61503	0.651468	0.672721	0.661184	0.622498	0.549809	0.444402	0.306568	0.149142	-0.0147293	-0.177281	-0.326895	-0.429574	-0.466012	-0.438189	-0.377604	-0.296071	-0.190839	-0.0667943	0.0742986	0.226631	0.370994	0.518294	
0.658108	0.685642	0.70533	0.702814	0.680915	0.626327	0.549809	0.45004	0.322634	0.17263	0.0174189	-0.135987	-0.279179	-0.397459	-0.45939	-0.46111	-0.408852	-0.31873	-0.209477	-0.0854558	0.0561274	0.210777	0.356629	0.497547	0.642984	
0.743957	0.752669	0.742314	0.702991	0.638908	0.549747	0.444402	0.322634	0.182743	0.0429854	-0.0951892	-0.228866	-0.345992	-0.423646	-0.441916	-0.409527	-0.334537	-0.222447	-0.0931914	0.0481711	0.206479	0.366055	0.502528	0.623864	0.745697	
0.777294	0.770233	0.731432	0.656209	0.556111	0.435742	0.306568	0.17263	0.0429854	-0.0806102	-0.198755	-0.305052	-0.384477	-0.417112	-0.392897	-0.324175	-0.225106	-0.100927	0.0434252	0.201573	0.366263	0.521524	0.649686	0.741268	0.817068	
0.761644	0.730728	0.664031	0.563803	0.435187	0.292568	0.149142	0.0174189	-0.0951892	-0.198755	-0.289608	-0.354119	-0.385047	-0.367799	-0.299889	-0.19836	-0.0797555	0.0516637	0.196765	0.35247	0.509751	0.649564	0.756356	0.813519	0.848314	
0.692262	0.635328	0.54206	0.42146	0.273622	0.123939	-0.0147293	-0.135987	-0.228866	-0.305052	-0.354119	-0.360624	-0.334012	-0.267405	-0.160582	-0.0358624	0.0905946	0.222687	0.356197	0.489605	0.619574	0.728631	0.803251	0.832487	0.834409	
0.592108	0.507572	0.3859	0.241761	0.0875665	-0.0567323	-0.177281	-0.279179	-0.345992	-0.384477	-0.385047	-0.334012	-0.244268	-0.12453	0.0106834	0.144331	0.273884	0.391024	0.500998	0.60523	0.69758	0.762165	0.796366	0.801413	0.779528	
0.479346	0.370937	0.226984	0.0646628	-0.0906765	-0.222088	-0.326895	-0.397459	-0.423646	-0.417112	-0.367799	-0.267405	-0.12453	0.0353329	0.19105	0.329788	0.448731	0.545772	0.625197	0.695217	0.742128	0.762853	0.758852	0.736845	0.699454	
0.360614	0.238918	0.0901486	-0.075948	-0.232588	-0.351284	-0.429574	-0.45939	-0.441916	-0.392897	-0.299889	-0.160582	0.0106834	0.19105	0.356663	0.492366	0.596644	0.671357	0.718157	0.745827	0.746519	0.73175	0.698761	0.655357	0.60783	
0.244683	0.130868	-0.0109299	-0.17007	-0.319237	-0.418817	-0.466012	-0.46111	-0.409527	-0.324175	-0.19836	-0.0358624	0.144331	0.329788	0.492366	0.613641	0.698952	0.748807	0.759157	0.745287	0.710802	0.671974	0.624484	0.571315	0.515117	
0.14207	0.0495495	-0.0803397	-0.225442	-0.348763	-0.420277	-0.438189	-0.408852	-0.334537	-0.225106	-0.0797555	0.0905946	0.273884	0.448731	0.596644	0.698952	0.755578	0.776368	0.755346	0.710473	0.653618	0.597881	0.544161	0.483007	0.423182	
0.0591657	-0.0126498	-0.125587	-0.248305	-0.346279	-0.390507	-0.377604	-0.31873	-0.222447	-0.100927	0.0516637	0.222687	0.391024	0.545772	0.671357	0.748807	0.776368	0.77038	0.722453	0.646357	0.570477	0.505765	0.447066	0.389647	0.334918	
-0.0109925	-0.064932	-0.15858	-0.256236	-0.325519	-0.341116	-0.296071	-0.209477	-0.0931914	0.0434252	0.196765	0.356197	0.500998	0.625197	0.718157	0.759157	0.755346	0.722453	0.653926	0.558041	0.465563	0.389939	0.331096	0.287443	0.247957	
-0.0644911	-0.100622	-0.170904	-0.238262	-0.271244	-0.259968	-0.190839	-0.0854558	0.0481711	0.201573	0.35247	0.489605	0.60523	0.695217	0.745827	0.745287	0.710473	0.646357	0.558041	0.452782	0.353854	0.274403	0.214424	0.179827	0.157187	
-0.0945094	-0.115666	-0.154047	-0.184191	-0.183599	-0.14909	-0.0667943	0.0561274	0.206479	0.366263	0.509751	0.619574	0.69758	0.742128	0.746519	0.710802	0.653618	0.570477	0.465563	0.353854	0.258466	0.178726	0.123939	0.0969668	0.0896542	
-0.104257	-0.110529	-0.118438	-0.112965	-0.081073	-0.018626	0.0742986	0.210777	0.366055	0.521524	0.649564	0.728631	0.762165	0.762853	0.73175	0.671974	0.597881	0.505765	0.389939	0.274403	0.178726	0.102973	0.0500992	0.0289726	0.0290087	
-0.107112	-0.0988719	-0.0795181	-0.0373962	0.0299754	0.118644	0.226631	0.356629	0.502528	0.649686	0.756356	0.803251	0.796366	0.758852	0.698761	0.624484	0.544161	0.447066	0.331096	0.214424	0.123939	0.0500992	-0.00721146	-0.0304756	-0.0276199	
-0.105555	-0.0800829	-0.0339565	0.0414973	0.144206	0.252502	0.370994	0.497547	0.623864	0.741268	0.813519	0.832487	0.801413	0.736845	0.655357	0.571315	0.483007	0.389647	0.287443	0.179827	0.0969668	0.0289726	-0.0304756	-0.0661657	-0.0776947	
-0.102999	-0.0543335	0.0202948	0.125767	0.254571	0.384227	0.518294	0.642984	0.745697	0.817068	0.848314	0.834409	0.779528	0.699454	0.60783	0.515117	0.423182	0.334918	0.247957	0.157187	0.0896542	0.0290087	-0.0276199	-0.0776947	-0.111429	
-0.101442	-0.0263428	0.0757134	0.209791	0.359581	0.514827	0.661321	0.78093	0.861255	0.895606	0.887036	0.836394	0.747828	0.646532	0.550713	0.453432	0.363431	0.275675	0.195088	0.122165	0.0672921	0.0212449	-0.0269774	-0.082546	-0.129968	
-0.106888	-0.0170252	0.114308	0.280429	0.45736	0.634704	0.789705	0.904629	0.968174	0.975391	0.930551	0.850225	0.740139	0.615934	0.503657	0.397293	0.301355	0.211781	0.133804	0.0751852	0.0307085	0.00339194	-0.0349063	-0.0958219	-0.150137	
-0.13297	-0.0324426	0.127817	0.322446	0.530633	0.726709	0.88486	0.992008	1.04428	1.03481	0.978265	0.888155	0.761693	0.621607	0.483485	0.358642	0.24907	0.156814	0.0804929	0.032427	0.00296877	-0.0190979	-0.0533717	-0.112873	-0.172797	
-0.172144	-0.060295	0.114819	0.326191	0.55915	0.776474	0.942413	1.04499	1.08878	1.07573	1.02167	0.930058	0.798568	0.645692	0.487826	0.344025	0.219421	0.122037	0.0455157	0.00292838	-0.0225638	-0.0495479	-0.087692	-0.147982	-0.205467	
-0.199486	-0.0825675	0.0923811	0.315118	0.557373	0.785474	0.961601	1.06711	1.11434	1.10123	1.04344	0.952568	0.826695	0.66713	0.498531	0.340091	0.21007	0.106083	0.0293049	-0.0199355	-0.0550781	-0.086498	-0.131587	-0.186432	-0.229742	
-0.204986	-0.086966	0.0871807	0.312402	0.555177	0.784115	0.963109	1.06978	1.11898	1.10563	1.04535	0.954193	0.831916	0.671025	0.500481	0.338146	0.207077	0.102916	0.0267681	-0.024664	-0.0617914	-0.095303	-0.141415	-0.19527	-0.233089	
-0.185627	-0.0708408	0.105563	0.322145	0.560513	0.784076	0.953801	1.05763	1.10144	1.08781	1.03352	0.942309	0.811905	0.656083	0.492835	0.34195	0.214042	0.113819	0.037522	-0.00745945	-0.0365202	-0.0648252	-0.106353	-0.16471	-0.217921	
-0.148152	-0.0429276	0.125134	0.327691	0.547316	0.751969	0.91313	1.01612	1.06444	1.05274	0.997674	0.906075	0.776498	0.630072	0.482742	0.350391	0.234714	0.140053	0.0635851	0.0193559	-0.0051975	-0.030123	-0.064909	-0.124873	-0.184465	
-0.115151	-0.02081	0.122807	0.301636	0.491566	0.676119	0.832314	0.944949	1.00343	1.00278	0.948565	0.862633	0.745366	0.614033	0.492156	0.378943	0.278354	0.18804	0.110884	0.0569728	0.0172665	-0.00524098	-0.0402206	-0.101433	-0.158875	
-0.101994	-0.0198096	0.0942407	0.240871	0.400249	0.564623	0.715404	0.832759	0.90597	0.928327	0.904406	0.83987	0.740457	0.629994	0.52914	0.429111	0.33851	0.25028	0.17044	0.103336	0.0534021	0.0157125	-0.0294093	-0.0872608	-0.137139	
-0.101964	-0.041913	0.0434079	0.159385	0.296818	0.437348	0.576195	0.699718	0.793003	0.847605	0.863013	0.834825	0.76596	0.678304	0.585884	0.491845	0.400622	0.311641	0.228107	0.145532	0.0831125	0.0276575	-0.0255926	-0.0787664	-0.12079	
-0.10444	-0.0709474	-0.0132505	0.0750733	0.188902	0.30478	0.429679	0.555886	0.672908	0.772517	0.828303	0.833711	0.795919	0.724158	0.636637	0.548546	0.458286	0.367729	0.272649	0.171068	0.0936933	0.0282506	-0.03052	-0.0732825	-0.0926131	
-0.106887	-0.0920278	-0.0620483	-0.006506	0.0757891	0.172387	0.284916	0.4125	0.551792	0.689454	0.78431	0.820184	0.801859	0.751583	0.682325	0.603877	0.520133	0.423738	0.312578	0.197075	0.109355	0.0375164	-0.0216833	-0.0488228	-0.0488211	
-0.105855	-0.106161	-0.103637	-0.0831571	-0.0377605	0.0362224	0.135919	0.271066	0.423521	0.577676	0.697734	0.764078	0.779103	0.76398	0.720677	0.654288	0.576957	0.482017	0.363604	0.247903	0.153938	0.0789521	0.0248921	0.0035847	0.00501309	
-0.0997961	-0.115496	-0.14056	-0.156593	-0.143731	-0.0980795	-0.0130602	0.117061	0.271927	0.429707	0.56824	0.666866	0.726751	0.753722	0.741739	0.695071	0.630597	0.543226	0.433397	0.319906	0.224013	0.145641	0.0924187	0.0698287	0.0652466	
-0.0796064	-0.109145	-0.167226	-0.22015	-0.239478	-0.218843	-0.142801	-0.0304423	0.109956	0.267995	0.41654	0.542399	0.645047	0.717455	0.749412	0.733295	0.688593	0.615256	0.518989	0.411317	0.314039	0.234157	0.175971	0.142372	0.127077	
-0.0349921	-0.0815924	-0.16668	-0.25331	-0.308179	-0.3126	-0.25708	-0.161862	-0.0391581	0.104724	0.258335	0.409763	0.543237	0.654229	0.731666	0.756264	0.739531	0.693708	0.617136	0.516839	0.419699	0.341693	0.281756	0.243557	0.211007	
0.0291579	-0.0348328	-0.140525	-0.253368	-0.340866	-0.3738	-0.347389	-0.276574	-0.171143	-0.0451186	0.107558	0.275723	0.435797	0.579315	0.692841	0.756935	0.771705	0.755839	0.69976	0.613599	0.531526	0.461683	0.403034	0.350571	0.300924	
0.107489	0.0229449	-0.100551	-0.237223	-0.350172	-0.410442	-0.416756	-0.375985	-0.293544	-0.17795	-0.0290646	0.143139	0.322611	0.491017	0.630136	0.723897	0.768854	0.778284	0.745841	0.68823	0.622657	0.563911	0.507395	0.44626	0.386662	
0.201339	0.0954832	-0.0418876	-0.196548	-0.336631	-0.426401	-0.460988	-0.446179	-0.384639	-0.287629	-0.151966	0.0141058	0.196301	0.378758	0.537452	0.651603	0.726099	0.764292	0.761663	0.734699	0.691012	0.643662	0.593156	0.536165	0.478817	
0.312991	0.192198	0.0453606	-0.11872	-0.274041	-0.386833	-0.45264	-0.466985	-0.433823	-0.36958	-0.262394	-0.111121	0.064787	0.249122	0.415251	0.545342	0.644153	0.70958	0.741506	0.750792	0.73505	0.709879	0.670525	0.622332	0.569838	
0.432576	0.316194	0.168454	0.00320492	-0.153673	-0.279705	-0.375406	-0.430077	-0.438017	-0.414101	-0.346339	-0.228595	-0.070996	0.0994637	0.260869	0.39936	0.512064	0.600392	0.667284	0.721185	0.749899	0.755009	0.736973	0.704573	0.66392	
0.547542	0.452671	0.321497	0.167979	0.0135581	-0.125278	-0.240026	-0.33117	-0.383063	-0.403862	-0.384178	-0.312937	-0.199342	-0.0617692	0.0827525	0.219517	0.346245	0.455196	0.553687	0.64471	0.719343	0.765273	0.784619	0.778971	0.749128	
0.654866	0.586934	0.481434	0.352436	0.200748	0.0509241	-0.080393	-0.195048	-0.279422	-0.341458	-0.371228	-0.353982	-0.302215	-0.213594	-0.094529	0.0336919	0.16302	0.291436	0.416149	0.539066	0.654325	0.746864	0.805207	0.825242	0.817305	
0.739163	0.69811	0.621531	0.512586	0.37522	0.228282	0.0838739	-0.0444168	-0.14896	-0.243031	-0.319008	-0.361316	-0.369798	-0.333824	-0.248977	-0.135643	-0.0137966	0.11878	0.26135	0.409539	0.558153	0.687406	0.782533	0.827751	0.848682	
