-0.197757	-0.149407	-0.117934	-0.110089	-0.11218	-0.121178	-0.126501	-0.130479	-0.131448	-0.11948	-0.101665	-0.0809395	-0.0651089	-0.0698689	-0.0772363	-0.0548168	-0.000516748	0.064771	0.158534	0.278783	0.389396	0.479189	0.540024	0.54877	0.496216	
-0.149407	-0.109759	-0.0926073	-0.106559	-0.13084	-0.153844	-0.174585	-0.188354	-0.193534	-0.184362	-0.167551	-0.147635	-0.124889	-0.109874	-0.0976573	-0.0577594	0.00449567	0.0743456	0.165978	0.275767	0.382974	0.480287	0.554205	0.57708	0.545288	
-0.117934	-0.0926073	-0.0976033	-0.127818	-0.164726	-0.203193	-0.233643	-0.249255	-0.250247	-0.241333	-0.221042	-0.191877	-0.155783	-0.116886	-0.0795394	-0.0256625	0.040093	0.113801	0.200889	0.296996	0.397103	0.494817	0.573967	0.604713	0.589887	
-0.110089	-0.106559	-0.127818	-0.169417	-0.216107	-0.261492	-0.288905	-0.299002	-0.300958	-0.287312	-0.248304	-0.195922	-0.135926	-0.0681522	-0.00381481	0.057139	0.118215	0.189643	0.269235	0.355929	0.445876	0.535524	0.605123	0.632191	0.622516	
-0.11218	-0.13084	-0.164726	-0.216107	-0.268664	-0.305136	-0.327621	-0.337798	-0.340311	-0.312959	-0.24802	-0.164333	-0.0708932	0.0342811	0.12236	0.187126	0.241286	0.301088	0.369177	0.444222	0.52494	0.598045	0.649724	0.663625	0.639601	
-0.121178	-0.153844	-0.203193	-0.261492	-0.305136	-0.330638	-0.350408	-0.360725	-0.354947	-0.30889	-0.217981	-0.101866	0.0342902	0.170618	0.277558	0.351113	0.401781	0.448523	0.494328	0.556275	0.623379	0.675381	0.706487	0.697552	0.646409	
-0.126501	-0.174585	-0.233643	-0.288905	-0.327621	-0.350408	-0.367863	-0.371055	-0.347535	-0.275494	-0.154626	0.00256131	0.174964	0.335445	0.456743	0.540525	0.591553	0.618065	0.640895	0.682676	0.72897	0.757593	0.760308	0.724747	0.641654	
-0.130479	-0.188354	-0.249255	-0.299002	-0.337798	-0.360725	-0.371055	-0.361316	-0.313928	-0.208904	-0.052205	0.138895	0.344184	0.525217	0.660922	0.751291	0.793836	0.803595	0.803071	0.81788	0.835666	0.833445	0.801779	0.731006	0.623001	
-0.131448	-0.193534	-0.250247	-0.300958	-0.340311	-0.354947	-0.347535	-0.313928	-0.23139	-0.0860413	0.103847	0.323929	0.554104	0.752275	0.894787	0.975872	1.0024	0.99321	0.968684	0.948767	0.93226	0.89788	0.826838	0.721901	0.594911	
-0.11948	-0.184362	-0.241333	-0.287312	-0.312959	-0.30889	-0.275494	-0.208904	-0.0860413	0.0972566	0.317509	0.559936	0.80317	1.00927	1.14635	1.20843	1.21249	1.17863	1.12306	1.06337	1.00788	0.939978	0.835198	0.704817	0.565375	
-0.101665	-0.167551	-0.221042	-0.248304	-0.24802	-0.217981	-0.154626	-0.052205	0.103847	0.317509	0.563201	0.816306	1.06522	1.26905	1.39391	1.43675	1.41545	1.3506	1.25929	1.15994	1.06541	0.962333	0.835399	0.691824	0.539426	
-0.0809395	-0.147635	-0.191877	-0.195922	-0.164333	-0.101866	0.00256131	0.138895	0.323929	0.559936	0.816306	1.07456	1.31702	1.50759	1.61336	1.63775	1.59102	1.48699	1.35961	1.22891	1.10065	0.970266	0.830476	0.681272	0.51787	
-0.0651089	-0.124889	-0.155783	-0.135926	-0.0708932	0.0342902	0.174964	0.344184	0.554104	0.80317	1.06522	1.31702	1.54128	1.70331	1.78713	1.7951	1.71815	1.57397	1.41407	1.25976	1.10891	0.960911	0.813236	0.659735	0.494338	
-0.0698689	-0.109874	-0.116886	-0.0681522	0.0342811	0.170618	0.335445	0.525217	0.752275	1.00927	1.26905	1.50759	1.70331	1.83881	1.90362	1.89222	1.78894	1.62091	1.44172	1.26836	1.10299	0.943269	0.785109	0.626244	0.469719	
-0.0772363	-0.0976573	-0.0795394	-0.00381481	0.12236	0.277558	0.456743	0.660922	0.894787	1.14635	1.39391	1.61336	1.78713	1.90362	1.94715	1.91027	1.79617	1.63046	1.44563	1.25974	1.08441	0.916001	0.74523	0.583408	0.44375	
-0.0548168	-0.0577594	-0.0256625	0.057139	0.187126	0.351113	0.540525	0.751291	0.975872	1.20843	1.43675	1.63775	1.7951	1.89222	1.91027	1.85531	1.74128	1.58373	1.39717	1.2028	1.02153	0.845564	0.669811	0.515478	0.396702	
-0.000516748	0.00449567	0.040093	0.118215	0.241286	0.401781	0.591553	0.793836	1.0024	1.21249	1.41545	1.59102	1.71815	1.78894	1.79617	1.74128	1.63163	1.47877	1.29388	1.09887	0.910444	0.729734	0.561154	0.418331	0.312827	
0.064771	0.0743456	0.113801	0.189643	0.301088	0.448523	0.618065	0.803595	0.99321	1.17863	1.3506	1.48699	1.57397	1.62091	1.63046	1.58373	1.47877	1.33181	1.15419	0.954347	0.752937	0.568661	0.408387	0.274791	0.173841	
0.158534	0.165978	0.200889	0.269235	0.369177	0.494328	0.640895	0.803071	0.968684	1.12306	1.25929	1.35961	1.41407	1.44172	1.44563	1.39717	1.29388	1.15419	0.975322	0.763921	0.548147	0.354697	0.190752	0.0584688	-0.0316574	
0.278783	0.275767	0.296996	0.355929	0.444222	0.556275	0.682676	0.81788	0.948767	1.06337	1.15994	1.22891	1.25976	1.26836	1.25974	1.2028	1.09887	0.954347	0.763921	0.54058	0.314549	0.100028	-0.0887236	-0.226941	-0.304284	
0.389396	0.382974	0.397103	0.445876	0.52494	0.623379	0.72897	0.835666	0.93226	1.00788	1.06541	1.10065	1.10891	1.10299	1.08441	1.02153	0.910444	0.752937	0.548147	0.314549	0.0724071	-0.169277	-0.388967	-0.54225	-0.616695	
0.479189	0.480287	0.494817	0.535524	0.598045	0.675381	0.757593	0.833445	0.89788	0.939978	0.962333	0.970266	0.960911	0.943269	0.916001	0.845564	0.729734	0.568661	0.354697	0.100028	-0.169277	-0.435746	-0.671867	-0.841057	-0.926677	
0.540024	0.554205	0.573967	0.605123	0.649724	0.706487	0.760308	0.801779	0.826838	0.835198	0.835399	0.830476	0.813236	0.785109	0.74523	0.669811	0.561154	0.408387	0.190752	-0.0887236	-0.388967	-0.671867	-0.915048	-1.09012	-1.18143	
0.54877	0.57708	0.604713	0.632191	0.663625	0.697552	0.724747	0.731006	0.721901	0.704817	0.691824	0.681272	0.659735	0.626244	0.583408	0.515478	0.418331	0.274791	0.0584688	-0.226941	-0.54225	-0.841057	-1.09012	-1.26198	-1.34385	
0.496216	0.545288	0.589887	0.622516	0.639601	0.646409	0.641654	0.623001	0.594911	0.565375	0.539426	0.51787	0.494338	0.469719	0.44375	0.396702	0.312827	0.173841	-0.0316574	-0.304284	-0.616695	-0.926677	-1.18143	-1.34385	-1.41217	
0.399236	0.473	0.540573	0.579776	0.583539	0.5582	0.521143	0.484983	0.453042	0.420182	0.387588	0.360566	0.345763	0.341723	0.338362	0.315067	0.24853	0.120485	-0.0735788	-0.330687	-0.636265	-0.942548	-1.19344	-1.34874	-1.40422	
0.281862	0.376956	0.458576	0.505191	0.501703	0.456862	0.399418	0.350931	0.314269	0.280943	0.247134	0.227422	0.230577	0.246975	0.26008	0.259289	0.218491	0.112756	-0.0668486	-0.316132	-0.611259	-0.907424	-1.14761	-1.29823	-1.34478	
0.163158	0.276533	0.368773	0.415216	0.408401	0.357867	0.290466	0.234939	0.192211	0.158136	0.13338	0.129055	0.153819	0.188801	0.215487	0.233519	0.217041	0.132416	-0.0325338	-0.271592	-0.560965	-0.84848	-1.08196	-1.22505	-1.25906	
0.0684505	0.198614	0.294226	0.336594	0.326162	0.274726	0.208135	0.14686	0.0981792	0.0653972	0.0503776	0.0619859	0.10264	0.153173	0.193965	0.228956	0.227853	0.158297	0.00822468	-0.219071	-0.505065	-0.793705	-1.02065	-1.15375	-1.17838	
0.0129043	0.154496	0.251657	0.288481	0.274289	0.225442	0.159252	0.0961786	0.0417073	0.0104607	0.00482302	0.0263984	0.0766766	0.135483	0.185771	0.231495	0.238399	0.17619	0.0365868	-0.183647	-0.469826	-0.760612	-0.981814	-1.10552	-1.12802	
0.00376753	0.146472	0.244419	0.279581	0.265166	0.216478	0.151413	0.0868595	0.0324219	0.00099687	-0.00242843	0.0222594	0.0740762	0.134454	0.186054	0.232734	0.241182	0.17987	0.0407048	-0.177907	-0.465716	-0.75577	-0.975893	-1.09804	-1.11959	
0.0415508	0.177232	0.272813	0.31276	0.300553	0.250386	0.184224	0.122389	0.0705697	0.0384061	0.0269975	0.0433333	0.0891	0.143687	0.188504	0.228836	0.232111	0.166913	0.0220953	-0.202339	-0.487174	-0.776817	-1.00104	-1.13027	-1.15392	
0.120626	0.240992	0.336052	0.381312	0.373166	0.32177	0.253305	0.195194	0.150275	0.116583	0.096114	0.0981582	0.130601	0.172587	0.205376	0.230196	0.220936	0.143366	-0.0156606	-0.249934	-0.538031	-0.824816	-1.05593	-1.19512	-1.2246	
0.233551	0.33571	0.422001	0.469476	0.46474	0.416133	0.353933	0.301554	0.262853	0.229275	0.197933	0.184044	0.19511	0.219468	0.23821	0.245282	0.214922	0.11834	-0.055066	-0.300467	-0.592975	-0.884981	-1.12189	-1.26978	-1.31144	
0.35347	0.437073	0.51137	0.553443	0.55287	0.518175	0.471069	0.430393	0.396278	0.363	0.329506	0.303555	0.295999	0.299723	0.303838	0.289998	0.232593	0.112326	-0.0763653	-0.329844	-0.630819	-0.933848	-1.18067	-1.33364	-1.38556	
0.461398	0.520165	0.574531	0.609265	0.620521	0.614021	0.596447	0.56941	0.539572	0.507404	0.477469	0.452867	0.431015	0.414504	0.397871	0.360296	0.282913	0.146504	-0.054833	-0.319827	-0.62979	-0.939608	-1.19493	-1.35423	-1.41667	
0.534027	0.570631	0.603765	0.632743	0.658408	0.682422	0.697044	0.692379	0.673046	0.650003	0.631845	0.616366	0.593637	0.56176	0.523798	0.46331	0.371023	0.229773	0.0170762	-0.265063	-0.579846	-0.884722	-1.13649	-1.30507	-1.38185	
0.550779	0.570263	0.592821	0.621185	0.660056	0.708305	0.751832	0.77813	0.788305	0.784759	0.78001	0.773053	0.753917	0.7225	0.679304	0.6044	0.500201	0.351894	0.133522	-0.151527	-0.461267	-0.749884	-0.994935	-1.1695	-1.25855	
0.508636	0.514861	0.530437	0.567242	0.622187	0.69104	0.762397	0.825321	0.874501	0.902332	0.913684	0.915145	0.901463	0.879763	0.846924	0.773741	0.659724	0.501303	0.286084	0.0203679	-0.261916	-0.535653	-0.774701	-0.947716	-1.03767	
0.427031	0.423135	0.436824	0.482694	0.556145	0.646521	0.742811	0.837732	0.922175	0.983878	1.02628	1.04855	1.04994	1.03902	1.01769	0.952045	0.837558	0.676648	0.466846	0.226982	-0.0246768	-0.277581	-0.505992	-0.666433	-0.744285	
0.326155	0.319934	0.336722	0.391173	0.476133	0.583979	0.702389	0.825753	0.942851	1.04135	1.12183	1.17745	1.19832	1.2014	1.18769	1.12828	1.02248	0.871962	0.675934	0.449451	0.218771	-0.00635147	-0.208942	-0.352215	-0.426366	
0.204651	0.209004	0.238659	0.303622	0.398258	0.516715	0.655605	0.807641	0.959364	1.0986	1.21958	1.30719	1.35223	1.3717	1.37089	1.31904	1.21578	1.07625	0.893221	0.676433	0.456485	0.255568	0.0843905	-0.0493621	-0.133818	
0.0980024	0.107834	0.147264	0.220396	0.32708	0.465516	0.625702	0.802855	0.98425	1.15755	1.31575	1.43701	1.50911	1.54839	1.55715	1.51132	1.40762	1.26423	1.08798	0.884117	0.676049	0.48997	0.330588	0.198471	0.100435	
0.0240058	0.0315899	0.0681055	0.145315	0.264302	0.420826	0.603904	0.800556	1.00193	1.20309	1.39381	1.55474	1.66588	1.72631	1.73413	1.68316	1.57535	1.42383	1.24205	1.04572	0.853122	0.670939	0.506662	0.367974	0.264201	
-0.0357144	-0.0345095	0.000359326	0.0806763	0.208805	0.373057	0.565006	0.773283	0.991939	1.21576	1.43466	1.62711	1.77483	1.86163	1.87297	1.81581	1.70323	1.54803	1.36076	1.16652	0.982442	0.804449	0.630408	0.480221	0.368593	
-0.0725888	-0.0856636	-0.0602849	0.0209197	0.150456	0.310897	0.494467	0.703136	0.934493	1.17961	1.41999	1.63184	1.79963	1.90954	1.94188	1.89578	1.7809	1.61904	1.4342	1.24379	1.06608	0.893927	0.719546	0.559996	0.428428	
-0.07417	-0.107028	-0.102851	-0.0414029	0.0732847	0.217469	0.388697	0.584669	0.816536	1.07351	1.32928	1.56076	1.74631	1.87364	1.93132	1.90948	1.7996	1.63033	1.44725	1.26875	1.0984	0.934899	0.771559	0.610643	0.460522	
-0.0641552	-0.117195	-0.139694	-0.109735	-0.0291578	0.091158	0.242408	0.4216	0.639658	0.892492	1.15507	1.40187	1.61484	1.76486	1.84085	1.84261	1.75355	1.59683	1.42683	1.26447	1.10768	0.954792	0.80327	0.64737	0.484337	
-0.0731188	-0.138882	-0.178246	-0.172585	-0.128579	-0.0491991	0.0710366	0.221287	0.417042	0.658918	0.917778	1.17535	1.4124	1.5925	1.68944	1.70709	1.64888	1.5278	1.38607	1.2447	1.10647	0.968285	0.825192	0.674111	0.508134	
-0.0934795	-0.16068	-0.209908	-0.228233	-0.215987	-0.174273	-0.0951234	0.0211605	0.18913	0.412359	0.663707	0.919672	1.16737	1.36785	1.48573	1.52087	1.48957	1.41071	1.30498	1.19254	1.08278	0.967672	0.834991	0.688318	0.531168	
