-0.0508488	-0.0291455	0.0177798	0.0775775	0.153719	0.258167	0.366565	0.461076	0.538962	0.594624	0.60434	0.543146	0.41745	0.245995	0.0540039	-0.141521	-0.338374	-0.509114	-0.625297	-0.658683	-0.617107	-0.499364	-0.309556	-0.0581287	0.223026	
-0.0291455	0.00284078	0.0563575	0.123227	0.205245	0.308993	0.415253	0.512238	0.594157	0.653206	0.65447	0.57818	0.436921	0.24967	0.0442516	-0.164049	-0.359213	-0.521394	-0.621066	-0.635986	-0.570728	-0.429174	-0.219525	0.0460387	0.336861	
0.0177798	0.0563575	0.116553	0.190249	0.274183	0.37251	0.480437	0.586603	0.675033	0.727679	0.712929	0.619822	0.46058	0.257403	0.0357783	-0.175981	-0.360355	-0.501819	-0.580414	-0.572211	-0.478691	-0.308318	-0.0797289	0.192049	0.479124	
0.0775775	0.123227	0.190249	0.268836	0.354311	0.45485	0.575151	0.696547	0.785176	0.822954	0.788769	0.674972	0.495879	0.271205	0.0387454	-0.169979	-0.334873	-0.452478	-0.507549	-0.473286	-0.348051	-0.148435	0.0938434	0.361439	0.633901	
0.153719	0.205245	0.274183	0.354311	0.447084	0.560198	0.698519	0.827516	0.907338	0.92647	0.868983	0.733485	0.529043	0.287922	0.0529047	-0.143114	-0.284364	-0.377185	-0.404782	-0.341232	-0.182292	0.0415313	0.289655	0.543448	0.793867	
0.258167	0.308993	0.37251	0.45485	0.560198	0.688287	0.832932	0.955126	1.01968	1.01461	0.931683	0.767824	0.541001	0.292747	0.0661101	-0.110225	-0.227919	-0.292627	-0.288657	-0.191624	-0.00248063	0.237689	0.482574	0.717017	0.941039	
0.366565	0.415253	0.480437	0.575151	0.698519	0.832932	0.969145	1.07487	1.11566	1.08045	0.960637	0.76471	0.520024	0.272209	0.0593248	-0.0995081	-0.194479	-0.229774	-0.190503	-0.0619322	0.149321	0.394743	0.630064	0.841641	1.03888	
0.461076	0.512238	0.586603	0.696547	0.827516	0.955126	1.07487	1.15701	1.1706	1.09647	0.937549	0.715501	0.46247	0.223234	0.0236557	-0.118079	-0.19022	-0.193208	-0.119641	0.0334141	0.254296	0.4954	0.715285	0.903924	1.07051	
0.538962	0.594157	0.675033	0.785176	0.907338	1.01968	1.11566	1.1706	1.14889	1.03479	0.844827	0.608393	0.358678	0.130947	-0.0534722	-0.175207	-0.220257	-0.189282	-0.0861672	0.0814563	0.302355	0.53196	0.735884	0.899232	1.03326	
0.594624	0.653206	0.727679	0.822954	0.92647	1.01461	1.08045	1.09647	1.03479	0.886558	0.676391	0.437078	0.194814	-0.0187571	-0.183204	-0.278044	-0.291159	-0.227775	-0.102464	0.0732582	0.288063	0.506631	0.693143	0.831591	0.928055	
0.60434	0.65447	0.712929	0.788769	0.868983	0.931683	0.960637	0.937549	0.844827	0.676391	0.460327	0.224008	-0.00722296	-0.201623	-0.339117	-0.401426	-0.383798	-0.296123	-0.156265	0.0205827	0.228771	0.433533	0.601676	0.709832	0.765291	
0.543146	0.57818	0.619822	0.674972	0.733485	0.767824	0.76471	0.715501	0.608393	0.437078	0.224008	-0.00354286	-0.21651	-0.383285	-0.486203	-0.515055	-0.47362	-0.368894	-0.222273	-0.044041	0.154787	0.344802	0.488083	0.561586	0.57336	
0.41745	0.436921	0.46058	0.495879	0.529043	0.541001	0.520024	0.46247	0.358678	0.194814	-0.00722296	-0.21651	-0.400341	-0.529819	-0.594934	-0.595745	-0.536283	-0.422562	-0.268961	-0.0917405	0.0971678	0.265531	0.37773	0.41233	0.381416	
0.245995	0.24967	0.257403	0.271205	0.287922	0.292747	0.272209	0.223234	0.130947	-0.0187571	-0.201623	-0.383285	-0.529819	-0.62055	-0.655015	-0.63511	-0.567174	-0.445621	-0.288777	-0.113449	0.0584135	0.197884	0.273009	0.267854	0.200832	
0.0540039	0.0442516	0.0357783	0.0387454	0.0529047	0.0661101	0.0593248	0.0236557	-0.0534722	-0.183204	-0.339117	-0.486203	-0.594934	-0.655015	-0.666736	-0.636448	-0.561011	-0.435694	-0.276709	-0.110427	0.0367287	0.140607	0.175781	0.136213	0.0418353	
-0.141521	-0.164049	-0.175981	-0.169979	-0.143114	-0.110225	-0.0995081	-0.118079	-0.175207	-0.278044	-0.401426	-0.515055	-0.595745	-0.63511	-0.636448	-0.598643	-0.520903	-0.394228	-0.241442	-0.0934301	0.0214796	0.0852143	0.0845533	0.0178472	-0.0908367	
-0.338374	-0.359213	-0.360355	-0.334873	-0.284364	-0.227919	-0.194479	-0.19022	-0.220257	-0.291159	-0.383798	-0.47362	-0.536283	-0.567174	-0.561011	-0.520903	-0.442656	-0.322713	-0.185733	-0.0640145	0.0133017	0.0407032	0.010325	-0.0706468	-0.183242	
-0.509114	-0.521394	-0.501819	-0.452478	-0.377185	-0.292627	-0.229774	-0.193208	-0.189282	-0.227775	-0.296123	-0.368894	-0.422562	-0.445621	-0.435694	-0.394228	-0.322713	-0.21913	-0.106483	-0.0179698	0.0248608	0.0206888	-0.0270711	-0.11322	-0.219237	
-0.625297	-0.621066	-0.580414	-0.507549	-0.404782	-0.288657	-0.190503	-0.119641	-0.0861672	-0.102464	-0.156265	-0.222273	-0.268961	-0.288777	-0.276709	-0.241442	-0.185733	-0.106483	-0.0248647	0.0337218	0.0470915	0.0246557	-0.0310951	-0.111039	-0.205505	
-0.658683	-0.635986	-0.572211	-0.473286	-0.341232	-0.191624	-0.0619322	0.0334141	0.0814563	0.0732582	0.0205827	-0.044041	-0.0917405	-0.113449	-0.110427	-0.0934301	-0.0640145	-0.0179698	0.0337218	0.0650029	0.0609287	0.0283391	-0.0243817	-0.0942754	-0.173187	
-0.617107	-0.570728	-0.478691	-0.348051	-0.182292	-0.00248063	0.149321	0.254296	0.302355	0.288063	0.228771	0.154787	0.0971678	0.0584135	0.0367287	0.0214796	0.0133017	0.0248608	0.0470915	0.0609287	0.0459624	0.0134865	-0.0332368	-0.0894761	-0.155193	
-0.499364	-0.429174	-0.308318	-0.148435	0.0415313	0.237689	0.394743	0.4954	0.53196	0.506631	0.433533	0.344802	0.265531	0.197884	0.140607	0.0852143	0.0407032	0.0206888	0.0246557	0.0283391	0.0134865	-0.0153586	-0.0517637	-0.0968557	-0.150123	
-0.309556	-0.219525	-0.0797289	0.0938434	0.289655	0.482574	0.630064	0.715285	0.735884	0.693143	0.601676	0.488083	0.37773	0.273009	0.175781	0.0845533	0.010325	-0.0270711	-0.0310951	-0.0243817	-0.0332368	-0.0517637	-0.0782975	-0.111219	-0.155717	
-0.0581287	0.0460387	0.192049	0.361439	0.543448	0.717017	0.841641	0.903924	0.899232	0.831591	0.709832	0.561586	0.41233	0.267854	0.136213	0.0178472	-0.0706468	-0.11322	-0.111039	-0.0942754	-0.0894761	-0.0968557	-0.111219	-0.134834	-0.170191	
0.223026	0.336861	0.479124	0.633901	0.793867	0.941039	1.03888	1.07051	1.03326	0.928055	0.765291	0.57336	0.381416	0.200832	0.0418353	-0.0908367	-0.183242	-0.219237	-0.205505	-0.173187	-0.155193	-0.150123	-0.155717	-0.170191	-0.200174	
0.499161	0.623157	0.763065	0.904229	1.04261	1.16319	1.22786	1.22157	1.13867	0.985139	0.772496	0.533834	0.303238	0.094291	-0.0795324	-0.215851	-0.301199	-0.325061	-0.295091	-0.247914	-0.216084	-0.201985	-0.199068	-0.208332	-0.232667	
0.737152	0.878452	1.02315	1.15893	1.28135	1.37455	1.40321	1.34958	1.2143	1.00659	0.743782	0.464211	0.20391	-0.0206478	-0.198345	-0.328055	-0.400634	-0.408421	-0.362707	-0.300764	-0.258484	-0.235756	-0.228026	-0.231838	-0.253725	
0.905897	1.07411	1.23817	1.38033	1.49446	1.56485	1.55498	1.45389	1.26518	1.00693	0.701871	0.39123	0.113917	-0.115723	-0.288144	-0.405796	-0.462927	-0.454921	-0.394511	-0.321126	-0.269475	-0.241681	-0.228981	-0.230608	-0.249164	
0.994723	1.19557	1.38467	1.5416	1.65536	1.70845	1.66972	1.52935	1.30006	1.00534	0.67183	0.344546	0.0605141	-0.166364	-0.329637	-0.435112	-0.47855	-0.458403	-0.387773	-0.306312	-0.250003	-0.218413	-0.204808	-0.204299	-0.222982	
1.0232	1.24727	1.45864	1.62908	1.74606	1.79258	1.73656	1.57515	1.32303	1.00854	0.661845	0.327037	0.0424172	-0.180372	-0.337108	-0.433839	-0.469793	-0.44242	-0.366583	-0.281655	-0.222713	-0.19092	-0.176228	-0.176648	-0.194617	
1.02635	1.25594	1.47021	1.64365	1.76143	1.80572	1.74775	1.58207	1.32629	1.00927	0.660059	0.325085	0.0406709	-0.181255	-0.335849	-0.431743	-0.465413	-0.437392	-0.360408	-0.274845	-0.216026	-0.18354	-0.169723	-0.16942	-0.18834	
1.01105	1.22223	1.42235	1.58529	1.70037	1.75056	1.70287	1.5523	1.31158	1.00656	0.666481	0.334805	0.050117	-0.174846	-0.33557	-0.436356	-0.476662	-0.452515	-0.379537	-0.296238	-0.238411	-0.206859	-0.192292	-0.192524	-0.210389	
0.950844	1.13271	1.30579	1.45359	1.56667	1.62854	1.60609	1.48721	1.28018	1.00567	0.686971	0.368518	0.0874669	-0.141716	-0.310065	-0.423108	-0.473584	-0.46056	-0.395173	-0.318144	-0.264264	-0.234363	-0.221416	-0.221613	-0.240401	
0.814107	0.964382	1.11608	1.25277	1.37108	1.4551	1.46777	1.39508	1.23775	1.00842	0.727549	0.433547	0.164842	-0.0627717	-0.239876	-0.364565	-0.431751	-0.432399	-0.381013	-0.313909	-0.267553	-0.242607	-0.232438	-0.235477	-0.255505	
0.601283	0.731401	0.871125	1.00912	1.13993	1.24901	1.29993	1.27521	1.17184	0.997267	0.763725	0.508089	0.264219	0.0475258	-0.128659	-0.26382	-0.343791	-0.361928	-0.325134	-0.272156	-0.235698	-0.217875	-0.212993	-0.219774	-0.243132	
0.335658	0.45264	0.59396	0.742282	0.8934	1.03026	1.11539	1.13328	1.07927	0.955747	0.773987	0.562872	0.354631	0.1616	-0.0054634	-0.140304	-0.231629	-0.262615	-0.243346	-0.204634	-0.18115	-0.172076	-0.174069	-0.18632	-0.213664	
0.0530973	0.161581	0.306338	0.470829	0.643886	0.807006	0.921349	0.972094	0.955445	0.874781	0.737555	0.573092	0.406731	0.247207	0.103725	-0.0222369	-0.112797	-0.154288	-0.147524	-0.12528	-0.114699	-0.117163	-0.127642	-0.14748	-0.180264	
-0.215348	-0.119058	0.0252123	0.198906	0.391356	0.578083	0.717466	0.794396	0.80597	0.75437	0.652519	0.525951	0.400869	0.280263	0.167885	0.0648437	-0.0173566	-0.0576924	-0.061258	-0.0508315	-0.0550327	-0.068896	-0.0907882	-0.119657	-0.160262	
-0.431251	-0.352758	-0.222827	-0.0548794	0.139566	0.336847	0.491546	0.587041	0.61751	0.5864	0.506458	0.409464	0.318726	0.237143	0.163854	0.0929866	0.0357551	0.00659258	0.00624313	0.00926349	-0.00342314	-0.0290976	-0.0613251	-0.101865	-0.150906	
-0.579372	-0.52323	-0.41924	-0.275695	-0.0982185	0.0905132	0.246718	0.35138	0.39588	0.377448	0.313431	0.234076	0.169327	0.120265	0.0850093	0.054136	0.0306069	0.0288025	0.0417257	0.0505656	0.0342954	0.00297413	-0.0402299	-0.0916133	-0.152096	
-0.650248	-0.61903	-0.544433	-0.433474	-0.288161	-0.125343	0.0146075	0.115855	0.165049	0.15601	0.100942	0.0339465	-0.0165565	-0.042941	-0.0480524	-0.0423924	-0.0268479	0.00513281	0.0446097	0.0674818	0.0585823	0.0247349	-0.0255758	-0.0904884	-0.163152	
-0.648843	-0.637341	-0.588305	-0.505367	-0.391766	-0.262026	-0.150177	-0.0679305	-0.0262164	-0.0376938	-0.08952	-0.154458	-0.200276	-0.219736	-0.209586	-0.179869	-0.133077	-0.0664394	0.00290923	0.0498057	0.0550547	0.027415	-0.0281926	-0.104368	-0.192575	
-0.563898	-0.570233	-0.541729	-0.483352	-0.397416	-0.300903	-0.224386	-0.173407	-0.156749	-0.184143	-0.245816	-0.314643	-0.365277	-0.386372	-0.375034	-0.334616	-0.267925	-0.172995	-0.0724811	0.00360425	0.0337536	0.0206028	-0.031548	-0.116386	-0.217737	
-0.411784	-0.429964	-0.42346	-0.387724	-0.327914	-0.2602	-0.216135	-0.199951	-0.216232	-0.273845	-0.355417	-0.437862	-0.496179	-0.524205	-0.516487	-0.475563	-0.398679	-0.284544	-0.156148	-0.0478851	0.0155299	0.0285702	-0.00997139	-0.0944761	-0.204906	
-0.221085	-0.244336	-0.253481	-0.241267	-0.205185	-0.163787	-0.144739	-0.155522	-0.203215	-0.293196	-0.404246	-0.506802	-0.579182	-0.614415	-0.612548	-0.573419	-0.494674	-0.36946	-0.221929	-0.0831009	0.0167949	0.0655404	0.0514631	-0.0220061	-0.133377	
-0.0236481	-0.0399316	-0.0517178	-0.0492693	-0.0321586	-0.0108978	-0.0115141	-0.0406674	-0.110431	-0.230542	-0.373251	-0.506509	-0.602262	-0.652939	-0.659732	-0.626061	-0.549155	-0.422997	-0.265008	-0.10529	0.0304789	0.117451	0.138175	0.0859538	-0.0147283	
0.170399	0.169341	0.169372	0.177069	0.190997	0.196967	0.181571	0.137099	0.0504511	-0.0919401	-0.265391	-0.433066	-0.563785	-0.641008	-0.66489	-0.64017	-0.568516	-0.445375	-0.286995	-0.113894	0.0488795	0.175054	0.233487	0.214481	0.134846	
0.352462	0.365318	0.383311	0.409274	0.434222	0.442027	0.418714	0.364059	0.264209	0.105064	-0.0901642	-0.290036	-0.459123	-0.573052	-0.625027	-0.616303	-0.553157	-0.43613	-0.28113	-0.104128	0.0791857	0.236245	0.334637	0.352628	0.30721	
0.499722	0.529106	0.563102	0.611052	0.65884	0.682379	0.67031	0.614831	0.507986	0.338509	0.128572	-0.0925473	-0.295373	-0.447839	-0.535147	-0.552029	-0.501899	-0.393698	-0.243651	-0.0658152	0.129653	0.311771	0.443105	0.502	0.495927	
0.588162	0.632505	0.684831	0.751986	0.824445	0.875812	0.890313	0.855323	0.754291	0.58312	0.367308	0.133018	-0.0917864	-0.27706	-0.401289	-0.449768	-0.422164	-0.326424	-0.184008	-0.00590375	0.198198	0.397623	0.556528	0.651608	0.690109	
