0.697833	0.662832	0.618825	0.573266	0.540285	0.537827	0.556734	0.600694	0.645628	0.686221	0.708591	0.71453	0.715053	0.719505	0.712966	0.694168	0.655009	0.608357	0.544533	0.474651	0.393486	0.299082	0.194534	0.0935806	0.00341999	
0.600984	0.531904	0.442632	0.36032	0.3057	0.296702	0.333468	0.408154	0.496084	0.577443	0.626778	0.650166	0.664907	0.672754	0.676706	0.667763	0.640431	0.60788	0.564622	0.516183	0.463895	0.396863	0.328075	0.261954	0.196086	
0.456589	0.3621	0.247439	0.138184	0.0683542	0.0581266	0.103062	0.201008	0.317738	0.421828	0.49941	0.548819	0.579488	0.600659	0.614107	0.616241	0.60114	0.572615	0.543812	0.514869	0.485273	0.451956	0.422885	0.398114	0.363483	
0.297403	0.179794	0.0451132	-0.081659	-0.160885	-0.174419	-0.121043	-0.0089414	0.127762	0.252756	0.355573	0.432225	0.48375	0.509184	0.525376	0.537473	0.530112	0.512622	0.498444	0.488468	0.482259	0.479586	0.48559	0.497486	0.487304	
0.139699	0.002933	-0.149603	-0.289844	-0.373163	-0.385605	-0.332115	-0.209772	-0.0563285	0.0872461	0.211271	0.31213	0.378374	0.407312	0.419709	0.431153	0.430955	0.42525	0.42377	0.434497	0.453816	0.48167	0.521554	0.558756	0.571435	
0.00515958	-0.146048	-0.317224	-0.465437	-0.550257	-0.563932	-0.508068	-0.382022	-0.213988	-0.0518223	0.082807	0.194475	0.26954	0.300007	0.311105	0.316775	0.319152	0.31981	0.326341	0.353704	0.396682	0.457673	0.530721	0.590367	0.624662	
-0.0834647	-0.248376	-0.434471	-0.597168	-0.687536	-0.701388	-0.642404	-0.505976	-0.321739	-0.14538	-0.0031565	0.10399	0.171774	0.200294	0.207238	0.205787	0.205215	0.210308	0.227758	0.271295	0.337214	0.424617	0.518036	0.59556	0.645773	
-0.121762	-0.2943	-0.491784	-0.665552	-0.768318	-0.784362	-0.716917	-0.567079	-0.372702	-0.185675	-0.0400042	0.0581001	0.111073	0.130947	0.133201	0.125698	0.116876	0.120721	0.14829	0.204718	0.289039	0.391433	0.498986	0.588589	0.65079	
-0.104191	-0.280026	-0.480569	-0.659433	-0.773443	-0.794193	-0.714669	-0.557211	-0.359774	-0.169034	-0.0212662	0.0725889	0.111895	0.116027	0.109594	0.0940988	0.0778512	0.0796033	0.11398	0.179462	0.270287	0.374486	0.485953	0.583518	0.655817	
-0.0347252	-0.211686	-0.406673	-0.589281	-0.707722	-0.729425	-0.646564	-0.484695	-0.288125	-0.101929	0.051225	0.141699	0.171957	0.160386	0.134417	0.108626	0.0889105	0.0887612	0.129569	0.195755	0.28699	0.388826	0.497521	0.598718	0.668194	
0.0599732	-0.110783	-0.297431	-0.469414	-0.580691	-0.600348	-0.523667	-0.37081	-0.184856	-0.00503416	0.145184	0.238751	0.269117	0.251429	0.205943	0.164866	0.135896	0.135524	0.173197	0.237891	0.325219	0.425676	0.526996	0.616695	0.668685	
0.164787	0.00239712	-0.177247	-0.334904	-0.434554	-0.452025	-0.383297	-0.244922	-0.0698032	0.103803	0.244194	0.335502	0.369527	0.349714	0.295152	0.239598	0.198683	0.196021	0.228925	0.289053	0.372627	0.466875	0.556244	0.620523	0.642783	
0.247311	0.095835	-0.0662127	-0.207979	-0.292101	-0.305784	-0.249559	-0.127866	0.0311359	0.189485	0.321526	0.407453	0.444521	0.431916	0.37718	0.31286	0.261277	0.245802	0.274178	0.334239	0.412119	0.49415	0.557632	0.585693	0.576447	
0.297969	0.162378	0.0192774	-0.103091	-0.176537	-0.188219	-0.139806	-0.0335038	0.104557	0.246161	0.365464	0.44644	0.482419	0.472845	0.424902	0.362527	0.304963	0.279741	0.297956	0.356833	0.428606	0.48815	0.519929	0.515735	0.482555	
0.311949	0.192696	0.0685046	-0.0359458	-0.103207	-0.115173	-0.0687774	0.0235192	0.142143	0.266497	0.370619	0.442569	0.472795	0.457474	0.414206	0.359602	0.309568	0.286204	0.299416	0.351132	0.413275	0.449664	0.452721	0.426126	0.382536	
0.266652	0.168091	0.0682013	-0.0210022	-0.0786009	-0.0882372	-0.0493902	0.0298457	0.127998	0.228448	0.316052	0.371984	0.394439	0.379618	0.338703	0.292235	0.261397	0.250247	0.269533	0.313317	0.363674	0.386582	0.376561	0.339216	0.290506	
0.158521	0.0851793	0.00700959	-0.0636534	-0.110315	-0.120085	-0.0856271	-0.0231058	0.0540017	0.130749	0.192747	0.228159	0.24483	0.236467	0.207324	0.173933	0.165442	0.183733	0.221057	0.26646	0.307392	0.320498	0.306784	0.270113	0.217167	
-0.0185002	-0.06679	-0.121104	-0.170637	-0.208078	-0.215069	-0.187985	-0.142297	-0.0884266	-0.0362222	0.0021269	0.0236365	0.0407256	0.0501764	0.0427351	0.0321484	0.0491701	0.100247	0.16998	0.233191	0.278065	0.287296	0.266853	0.227133	0.169966	
-0.253429	-0.285159	-0.31726	-0.350128	-0.376667	-0.383549	-0.361869	-0.330951	-0.298102	-0.265824	-0.237084	-0.216311	-0.189617	-0.158508	-0.136913	-0.113595	-0.0603411	0.024719	0.129698	0.224279	0.285529	0.297671	0.268257	0.215988	0.155823	
-0.524801	-0.549365	-0.565849	-0.583322	-0.600044	-0.604912	-0.590053	-0.572782	-0.556174	-0.535752	-0.506322	-0.472919	-0.429516	-0.37384	-0.315505	-0.24396	-0.142994	-0.0194691	0.114774	0.23792	0.320592	0.344336	0.313301	0.249053	0.178402	
-0.800515	-0.819432	-0.826436	-0.827023	-0.832235	-0.834595	-0.828325	-0.827017	-0.823563	-0.809655	-0.781359	-0.733914	-0.669707	-0.58472	-0.479766	-0.350244	-0.195667	-0.0294587	0.1328	0.273726	0.370823	0.40589	0.37589	0.304509	0.220846	
-1.03402	-1.04346	-1.04119	-1.03623	-1.02989	-1.02947	-1.03307	-1.03942	-1.04366	-1.0399	-1.01798	-0.969717	-0.887701	-0.766987	-0.613988	-0.43076	-0.228312	-0.0284009	0.159391	0.31653	0.418633	0.458426	0.437977	0.366241	0.27381	
-1.19344	-1.1848	-1.1759	-1.16964	-1.16305	-1.16268	-1.16631	-1.17368	-1.18067	-1.19123	-1.19046	-1.15259	-1.06171	-0.91662	-0.724122	-0.50211	-0.268981	-0.0414429	0.169739	0.341373	0.44842	0.485742	0.466523	0.402227	0.308539	
-1.27307	-1.23248	-1.2031	-1.18972	-1.18431	-1.18312	-1.18713	-1.1965	-1.21822	-1.25726	-1.28804	-1.26876	-1.17876	-1.02114	-0.807073	-0.559286	-0.305756	-0.0625997	0.160251	0.334117	0.439351	0.470638	0.447728	0.389122	0.299103	
-1.26849	-1.19316	-1.13229	-1.10285	-1.08919	-1.08777	-1.09631	-1.11722	-1.1652	-1.23925	-1.30165	-1.30863	-1.23352	-1.08203	-0.865486	-0.603135	-0.332151	-0.0803703	0.137295	0.297594	0.387813	0.408813	0.381951	0.320289	0.229813	
-1.19632	-1.09703	-1.01023	-0.954929	-0.927423	-0.92295	-0.941146	-0.984878	-1.05868	-1.15788	-1.24565	-1.28096	-1.23522	-1.10742	-0.900998	-0.637013	-0.358825	-0.106723	0.095882	0.230755	0.301447	0.309101	0.27158	0.202279	0.101995	
-1.09703	-0.981402	-0.875864	-0.796075	-0.751035	-0.74345	-0.773564	-0.840154	-0.936699	-1.05162	-1.1593	-1.2259	-1.2153	-1.1112	-0.917489	-0.659944	-0.38728	-0.146856	0.0334708	0.142159	0.190062	0.179733	0.125408	0.0434083	-0.0656937	
-1.01023	-0.875864	-0.750134	-0.654148	-0.598753	-0.590091	-0.626176	-0.707042	-0.823491	-0.957059	-1.0869	-1.1847	-1.19976	-1.10659	-0.920196	-0.671986	-0.412017	-0.191944	-0.035593	0.051242	0.0747916	0.0438978	-0.0281774	-0.130725	-0.249063	
-0.954929	-0.796075	-0.654148	-0.550873	-0.502017	-0.495804	-0.524417	-0.607397	-0.735759	-0.891104	-1.04795	-1.16545	-1.19208	-1.10144	-0.916577	-0.682982	-0.438672	-0.234124	-0.0978563	-0.0308543	-0.023183	-0.070675	-0.162746	-0.282648	-0.41505	
-0.927423	-0.751035	-0.598753	-0.502017	-0.465506	-0.462888	-0.480805	-0.552425	-0.685106	-0.855974	-1.02918	-1.1585	-1.18658	-1.09405	-0.916259	-0.694822	-0.461018	-0.267401	-0.140977	-0.0841128	-0.0870953	-0.141206	-0.241274	-0.376631	-0.522091	
-0.92295	-0.74345	-0.590091	-0.495804	-0.462888	-0.461426	-0.476369	-0.544394	-0.676933	-0.849838	-1.02668	-1.15723	-1.18607	-1.09323	-0.917272	-0.698709	-0.467103	-0.274085	-0.150103	-0.0934854	-0.098586	-0.153234	-0.253697	-0.392871	-0.540473	
-0.941146	-0.773564	-0.626176	-0.524417	-0.480805	-0.476369	-0.499861	-0.579261	-0.710171	-0.873236	-1.03892	-1.16216	-1.18928	-1.0981	-0.915187	-0.687465	-0.448329	-0.249221	-0.118107	-0.0566981	-0.0542408	-0.105714	-0.202015	-0.328641	-0.467331	
-0.984878	-0.840154	-0.707042	-0.607397	-0.552425	-0.544394	-0.579261	-0.661979	-0.784387	-0.927142	-1.06769	-1.17494	-1.1965	-1.10462	-0.919148	-0.676533	-0.422666	-0.209782	-0.0620759	0.0162701	0.0324871	-0.0055864	-0.0868073	-0.196204	-0.31992	
-1.05868	-0.936699	-0.823491	-0.735759	-0.685106	-0.676933	-0.710171	-0.784387	-0.889606	-1.01043	-1.12679	-1.20616	-1.20737	-1.10984	-0.919813	-0.665403	-0.397195	-0.164538	0.00564665	0.105904	0.143084	0.124426	0.0642257	-0.0264138	-0.13867	
-1.15788	-1.05162	-0.957059	-0.891104	-0.855974	-0.849838	-0.873236	-0.927142	-1.01043	-1.11658	-1.2124	-1.25935	-1.22839	-1.11114	-0.909574	-0.647849	-0.370495	-0.121287	0.0726049	0.196456	0.25892	0.259622	0.215136	0.142322	0.0382312	
-1.24565	-1.1593	-1.0869	-1.04795	-1.02918	-1.02668	-1.03892	-1.06769	-1.12679	-1.2124	-1.28525	-1.30417	-1.2391	-1.09543	-0.882605	-0.617439	-0.341916	-0.0894601	0.123871	0.274682	0.356953	0.373324	0.343485	0.279259	0.185088	
-1.28096	-1.2259	-1.1847	-1.16545	-1.1585	-1.15723	-1.16216	-1.17494	-1.20616	-1.25935	-1.30417	-1.29398	-1.20847	-1.0505	-0.83284	-0.578249	-0.317711	-0.0696092	0.15234	0.323021	0.423731	0.451196	0.427059	0.367699	0.278916	
-1.23522	-1.2153	-1.19976	-1.19208	-1.18658	-1.18607	-1.18928	-1.1965	-1.20737	-1.22839	-1.2391	-1.20847	-1.11577	-0.963873	-0.76032	-0.526612	-0.284737	-0.0498138	0.168395	0.342223	0.450353	0.485292	0.464667	0.403834	0.310861	
-1.10742	-1.1112	-1.10659	-1.10144	-1.09405	-1.09323	-1.0981	-1.10462	-1.10984	-1.11114	-1.09543	-1.0505	-0.963873	-0.831452	-0.661626	-0.460514	-0.24377	-0.0319033	0.166149	0.329408	0.433655	0.473766	0.454817	0.385443	0.292185	
-0.900998	-0.917489	-0.920196	-0.916577	-0.916259	-0.917272	-0.915187	-0.919148	-0.919813	-0.909574	-0.882605	-0.83284	-0.76032	-0.661626	-0.536525	-0.384402	-0.209	-0.0279361	0.144211	0.291592	0.39137	0.428564	0.402561	0.329596	0.241682	
-0.637013	-0.659944	-0.671986	-0.682982	-0.694822	-0.698709	-0.687465	-0.676533	-0.665403	-0.647849	-0.617439	-0.578249	-0.526612	-0.460514	-0.384402	-0.28992	-0.167876	-0.0269525	0.118878	0.249409	0.339855	0.368948	0.337212	0.270096	0.194037	
-0.358825	-0.38728	-0.412017	-0.438672	-0.461018	-0.467103	-0.448329	-0.422666	-0.397195	-0.370495	-0.341916	-0.317711	-0.284737	-0.24377	-0.209	-0.167876	-0.0967302	0.00266183	0.11993	0.227681	0.296786	0.312541	0.282244	0.22402	0.160387	
-0.106723	-0.146856	-0.191944	-0.234124	-0.267401	-0.274085	-0.249221	-0.209782	-0.164538	-0.121287	-0.0894601	-0.0696092	-0.0498138	-0.0319033	-0.0279361	-0.0269525	0.00266183	0.0675152	0.151622	0.226285	0.277168	0.286685	0.261548	0.21771	0.160174	
0.095882	0.0334708	-0.035593	-0.0978563	-0.140977	-0.150103	-0.118107	-0.0620759	0.00564665	0.0726049	0.123871	0.15234	0.168395	0.166149	0.144211	0.118878	0.11993	0.151622	0.200154	0.251254	0.29123	0.301896	0.286302	0.249962	0.194661	
0.230755	0.142159	0.051242	-0.0308543	-0.0841128	-0.0934854	-0.0566981	0.0162701	0.105904	0.196456	0.274682	0.323021	0.342223	0.329408	0.291592	0.249409	0.227681	0.226285	0.251254	0.293832	0.339501	0.358312	0.346289	0.30833	0.258461	
0.301447	0.190062	0.0747916	-0.023183	-0.0870953	-0.098586	-0.0542408	0.0324871	0.143084	0.25892	0.356953	0.423731	0.450353	0.433655	0.39137	0.339855	0.296786	0.277168	0.29123	0.339501	0.396634	0.426739	0.422315	0.390503	0.34444	
0.309101	0.179733	0.0438978	-0.070675	-0.141206	-0.153234	-0.105714	-0.0055864	0.124426	0.259622	0.373324	0.451196	0.485292	0.473766	0.428564	0.368948	0.312541	0.286685	0.301896	0.358312	0.426739	0.476302	0.495909	0.480984	0.442096	
0.27158	0.125408	-0.0281774	-0.162746	-0.241274	-0.253697	-0.202015	-0.0868073	0.0642257	0.215136	0.343485	0.427059	0.464667	0.454817	0.402561	0.337212	0.282244	0.261548	0.286302	0.346289	0.422315	0.495909	0.547516	0.561018	0.540881	
0.202279	0.0434083	-0.130725	-0.282648	-0.376631	-0.392871	-0.328641	-0.196204	-0.0264138	0.142322	0.279259	0.367699	0.403834	0.385443	0.329596	0.270096	0.22402	0.21771	0.249962	0.30833	0.390503	0.480984	0.561018	0.611667	0.621391	
0.101995	-0.0656937	-0.249063	-0.41505	-0.522091	-0.540473	-0.467331	-0.31992	-0.13867	0.0382312	0.185088	0.278916	0.310861	0.292185	0.241682	0.194037	0.160387	0.160174	0.194661	0.258461	0.34444	0.442096	0.540881	0.621391	0.66187	
