-0.385959	-0.263583	-0.123158	0.00819113	0.116469	0.198212	0.26288	0.326131	0.389841	0.435354	0.447351	0.423619	0.375888	0.32037	0.265866	0.225306	0.205809	0.191606	0.181807	0.174734	0.176579	0.191129	0.216823	0.271291	0.34769	
-0.263583	-0.186772	-0.0824836	0.0178279	0.0942702	0.156893	0.213444	0.264011	0.307021	0.343029	0.360922	0.356075	0.334109	0.301499	0.269726	0.243636	0.22688	0.21116	0.205686	0.211656	0.226935	0.248483	0.274834	0.314838	0.372217	
-0.123158	-0.0824836	-0.0172392	0.0446291	0.0967441	0.141735	0.186255	0.223877	0.251601	0.274748	0.287598	0.285049	0.280596	0.274131	0.270933	0.267832	0.262134	0.25236	0.256442	0.277118	0.304446	0.336438	0.361267	0.387505	0.428172	
0.00819113	0.0178279	0.0446291	0.0823128	0.124564	0.157468	0.187467	0.218116	0.236611	0.244332	0.2443	0.235615	0.239349	0.247131	0.260784	0.276959	0.288522	0.292216	0.3127	0.348161	0.39265	0.439428	0.470747	0.491895	0.520168	
0.116469	0.0942702	0.0967441	0.124564	0.15872	0.189566	0.216587	0.244388	0.256058	0.248123	0.233841	0.219824	0.217677	0.225852	0.245938	0.272746	0.299683	0.32419	0.361245	0.414023	0.474965	0.532142	0.570271	0.591378	0.607698	
0.198212	0.156893	0.141735	0.157468	0.189566	0.223188	0.255148	0.279486	0.284686	0.268015	0.24432	0.218451	0.20616	0.21685	0.236332	0.265697	0.301457	0.336554	0.387052	0.455473	0.530676	0.599016	0.642412	0.661664	0.669097	
0.26288	0.213444	0.186255	0.187467	0.216587	0.255148	0.287888	0.309524	0.314977	0.297431	0.261242	0.221104	0.198614	0.204192	0.222587	0.252616	0.290996	0.331842	0.388495	0.467886	0.558679	0.637246	0.68844	0.709194	0.707919	
0.326131	0.264011	0.223877	0.218116	0.244388	0.279486	0.309524	0.333473	0.341316	0.323948	0.283806	0.23783	0.205178	0.200922	0.216438	0.249823	0.2899	0.333616	0.394834	0.475538	0.565531	0.646776	0.705466	0.730945	0.727598	
0.389841	0.307021	0.251601	0.236611	0.256058	0.284686	0.314977	0.341316	0.35224	0.339137	0.310045	0.272218	0.234522	0.223943	0.234935	0.264774	0.301786	0.348082	0.410426	0.478415	0.549056	0.62249	0.680489	0.710349	0.704271	
0.435354	0.343029	0.274748	0.244332	0.248123	0.268015	0.297431	0.323948	0.339137	0.344167	0.336531	0.315794	0.289558	0.274101	0.280594	0.300568	0.330472	0.374021	0.426405	0.471398	0.5207	0.578465	0.622241	0.639041	0.622915	
0.447351	0.360922	0.287598	0.2443	0.233841	0.24432	0.261242	0.283806	0.310045	0.336531	0.35338	0.354771	0.341846	0.329855	0.335409	0.3547	0.381166	0.414746	0.446511	0.470402	0.49855	0.529952	0.539515	0.521845	0.48099	
0.423619	0.356075	0.285049	0.235615	0.219824	0.218451	0.221104	0.23783	0.272218	0.315794	0.354771	0.370986	0.372488	0.371736	0.387632	0.413919	0.440367	0.462503	0.477495	0.483159	0.483232	0.472142	0.436072	0.375291	0.299012	
0.375888	0.334109	0.280596	0.239349	0.217677	0.20616	0.198614	0.205178	0.234522	0.289558	0.341846	0.372488	0.397919	0.421088	0.453644	0.485309	0.507358	0.521134	0.524683	0.510456	0.472534	0.412181	0.330466	0.228561	0.115158	
0.32037	0.301499	0.274131	0.247131	0.225852	0.21685	0.204192	0.200922	0.223943	0.274101	0.329855	0.371736	0.421088	0.475236	0.526543	0.561367	0.578369	0.580937	0.567394	0.527101	0.449369	0.343811	0.22539	0.0853588	-0.0571938	
0.265866	0.269726	0.270933	0.260784	0.245938	0.236332	0.222587	0.216438	0.234935	0.280594	0.335409	0.387632	0.453644	0.526543	0.587217	0.621594	0.625271	0.609699	0.572391	0.501742	0.393992	0.258843	0.106693	-0.0582412	-0.221255	
0.225306	0.243636	0.267832	0.276959	0.272746	0.265697	0.252616	0.249823	0.264774	0.300568	0.3547	0.413919	0.485309	0.561367	0.621594	0.643451	0.632613	0.594283	0.528901	0.434112	0.305596	0.14731	-0.0256452	-0.205416	-0.370306	
0.205809	0.22688	0.262134	0.288522	0.299683	0.301457	0.290996	0.2899	0.301786	0.330472	0.381166	0.440367	0.507358	0.578369	0.625271	0.632613	0.603852	0.545527	0.459903	0.348143	0.202109	0.0205365	-0.169348	-0.346145	-0.505868	
0.191606	0.21116	0.25236	0.292216	0.32419	0.336554	0.331842	0.333616	0.348082	0.374021	0.414746	0.462503	0.521134	0.580937	0.609699	0.594283	0.545527	0.468768	0.37257	0.249383	0.0829372	-0.114195	-0.305682	-0.469894	-0.616117	
0.181807	0.205686	0.256442	0.3127	0.361245	0.387052	0.388495	0.394834	0.410426	0.426405	0.446511	0.477495	0.524683	0.567394	0.572391	0.528901	0.459903	0.37257	0.267065	0.127013	-0.0558813	-0.253935	-0.429829	-0.575997	-0.698924	
0.174734	0.211656	0.277118	0.348161	0.414023	0.455473	0.467886	0.475538	0.478415	0.471398	0.470402	0.483159	0.510456	0.527101	0.501742	0.434112	0.348143	0.249383	0.127013	-0.0321412	-0.218022	-0.399694	-0.55402	-0.66959	-0.753549	
0.176579	0.226935	0.304446	0.39265	0.474965	0.530676	0.558679	0.565531	0.549056	0.5207	0.49855	0.483232	0.472534	0.449369	0.393992	0.305596	0.202109	0.0829372	-0.0558813	-0.218022	-0.390154	-0.548469	-0.672918	-0.746608	-0.778346	
0.191129	0.248483	0.336438	0.439428	0.532142	0.599016	0.637246	0.646776	0.62249	0.578465	0.529952	0.472142	0.412181	0.343811	0.258843	0.14731	0.0205365	-0.114195	-0.253935	-0.399694	-0.548469	-0.678396	-0.760482	-0.787936	-0.775003	
0.216823	0.274834	0.361267	0.470747	0.570271	0.642412	0.68844	0.705466	0.680489	0.622241	0.539515	0.436072	0.330466	0.22539	0.106693	-0.0256452	-0.169348	-0.305682	-0.429829	-0.55402	-0.672918	-0.760482	-0.797735	-0.788177	-0.747436	
0.271291	0.314838	0.387505	0.491895	0.591378	0.661664	0.709194	0.730945	0.710349	0.639041	0.521845	0.375291	0.228561	0.0853588	-0.0582412	-0.205416	-0.346145	-0.469894	-0.575997	-0.66959	-0.746608	-0.787936	-0.788177	-0.763492	-0.703831	
0.34769	0.372217	0.428172	0.520168	0.607698	0.669097	0.707919	0.727598	0.704271	0.622915	0.48099	0.299012	0.115158	-0.0571938	-0.221255	-0.370306	-0.505868	-0.616117	-0.698924	-0.753549	-0.778346	-0.775003	-0.747436	-0.703831	-0.635132	
0.439675	0.448002	0.487454	0.553661	0.619837	0.670084	0.702123	0.709908	0.672224	0.574724	0.414928	0.20983	-0.000973928	-0.193107	-0.366245	-0.517755	-0.646776	-0.741282	-0.794824	-0.807561	-0.790733	-0.752603	-0.695617	-0.63053	-0.559056	
0.541867	0.532136	0.548239	0.582509	0.623688	0.664235	0.688991	0.678956	0.61736	0.502584	0.333536	0.117618	-0.108514	-0.314211	-0.491285	-0.643906	-0.765063	-0.841587	-0.866063	-0.843765	-0.79318	-0.724674	-0.641865	-0.564302	-0.494277	
0.639841	0.611344	0.607971	0.614029	0.634536	0.664672	0.671328	0.637204	0.552068	0.4223	0.249033	0.0289653	-0.206163	-0.418441	-0.595382	-0.740176	-0.850747	-0.910436	-0.912169	-0.860616	-0.775403	-0.677096	-0.582397	-0.502311	-0.437558	
0.726795	0.685111	0.662294	0.648963	0.654839	0.667617	0.651445	0.593784	0.491601	0.348749	0.168586	-0.0520087	-0.286295	-0.498166	-0.670836	-0.808589	-0.901605	-0.943175	-0.92381	-0.847099	-0.736865	-0.621483	-0.519906	-0.442802	-0.386497	
0.788017	0.733802	0.6964	0.668234	0.66519	0.668223	0.637932	0.567606	0.453728	0.296617	0.106562	-0.11306	-0.337322	-0.544501	-0.716026	-0.850447	-0.929769	-0.951286	-0.914091	-0.823578	-0.706033	-0.586403	-0.47965	-0.398679	-0.354674	
0.799144	0.743445	0.70214	0.671209	0.66534	0.668051	0.63535	0.56363	0.447203	0.28634	0.0941967	-0.124215	-0.346537	-0.550558	-0.724381	-0.857468	-0.934403	-0.951682	-0.909877	-0.81854	-0.699922	-0.580004	-0.472403	-0.38901	-0.348615	
0.756089	0.708619	0.679522	0.659455	0.660993	0.668303	0.645367	0.580588	0.473119	0.323904	0.139715	-0.080402	-0.310449	-0.521546	-0.692764	-0.829379	-0.915426	-0.947997	-0.920806	-0.836991	-0.721969	-0.603865	-0.499845	-0.422529	-0.370799	
0.676212	0.641741	0.629941	0.628211	0.6424	0.665548	0.66316	0.619042	0.526358	0.39128	0.216489	-0.00470518	-0.241285	-0.454009	-0.629308	-0.770023	-0.874281	-0.928122	-0.920962	-0.858775	-0.761305	-0.65416	-0.556517	-0.477691	-0.415632	
0.582172	0.564694	0.572904	0.594796	0.626336	0.663958	0.682544	0.662644	0.591984	0.470609	0.299677	0.0819566	-0.149014	-0.358481	-0.53592	-0.685936	-0.803888	-0.87357	-0.887792	-0.853644	-0.788867	-0.70834	-0.619293	-0.539503	-0.471665	
0.48009	0.481694	0.511012	0.565024	0.621611	0.667624	0.697771	0.699356	0.652583	0.547848	0.383264	0.17219	-0.0450696	-0.243092	-0.418868	-0.571957	-0.697571	-0.785085	-0.82619	-0.824307	-0.79385	-0.743197	-0.673931	-0.602628	-0.53081	
0.382878	0.400634	0.451332	0.534121	0.613777	0.670964	0.706424	0.721474	0.694281	0.60741	0.457515	0.264513	0.0684824	-0.112822	-0.281507	-0.431267	-0.564425	-0.668257	-0.740172	-0.778023	-0.784144	-0.765745	-0.72753	-0.675011	-0.604731	
0.29942	0.335589	0.400662	0.5016	0.597613	0.665178	0.70977	0.732298	0.711662	0.636844	0.508707	0.346894	0.183293	0.0276068	-0.125003	-0.273305	-0.411888	-0.530714	-0.628331	-0.70708	-0.763026	-0.785609	-0.774293	-0.743364	-0.678737	
0.235021	0.28882	0.371505	0.479875	0.580852	0.652598	0.700345	0.720343	0.696442	0.632271	0.534992	0.413857	0.292353	0.170834	0.0419206	-0.0978289	-0.242331	-0.374367	-0.491541	-0.604163	-0.708722	-0.777931	-0.798576	-0.781455	-0.732496	
0.198993	0.258231	0.347197	0.453724	0.549465	0.619352	0.660867	0.673335	0.648575	0.598787	0.536737	0.461339	0.382005	0.299266	0.199753	0.0793792	-0.0559941	-0.193348	-0.327863	-0.465414	-0.603702	-0.718155	-0.781819	-0.791504	-0.766205	
0.181166	0.234491	0.31697	0.411938	0.499702	0.560695	0.592736	0.600186	0.578621	0.544329	0.51225	0.480287	0.450671	0.408787	0.342302	0.244637	0.132315	0.00596692	-0.136283	-0.293194	-0.456386	-0.604694	-0.713603	-0.769235	-0.780759	
0.174119	0.217039	0.287518	0.36522	0.438031	0.484881	0.504063	0.51117	0.505922	0.489687	0.481108	0.484251	0.498145	0.500812	0.463176	0.386897	0.29489	0.18837	0.0582668	-0.104657	-0.286507	-0.458654	-0.602721	-0.703017	-0.76662	
0.178489	0.206934	0.263575	0.325335	0.380645	0.412918	0.417791	0.42527	0.437849	0.444791	0.45606	0.480635	0.521418	0.555025	0.548529	0.494417	0.418103	0.327669	0.216476	0.0678485	-0.118383	-0.31183	-0.479374	-0.614562	-0.724615	
0.187353	0.207415	0.250863	0.297667	0.337052	0.354184	0.351828	0.355726	0.371509	0.395076	0.428398	0.469447	0.524349	0.578197	0.597998	0.571656	0.514498	0.432211	0.333288	0.204356	0.0298875	-0.169879	-0.356219	-0.514029	-0.651991	
0.199334	0.219995	0.258722	0.290281	0.30903	0.315048	0.306863	0.3055	0.318834	0.34595	0.394176	0.450084	0.513847	0.580557	0.621212	0.620209	0.584169	0.517742	0.42676	0.310421	0.156889	-0.0325247	-0.225813	-0.398358	-0.553582	
0.215886	0.236037	0.265495	0.28285	0.284038	0.279395	0.267436	0.266016	0.279199	0.311202	0.364232	0.424618	0.494967	0.570518	0.626056	0.642601	0.625035	0.578242	0.503233	0.400266	0.26512	0.0980381	-0.082374	-0.263054	-0.426248	
0.247446	0.258538	0.270015	0.267947	0.25656	0.247022	0.232757	0.22798	0.245372	0.287419	0.341954	0.397445	0.467452	0.542717	0.605033	0.635059	0.632848	0.608753	0.560452	0.478747	0.361888	0.216962	0.0553266	-0.117208	-0.28314	
0.297539	0.288308	0.27205	0.250965	0.232223	0.223766	0.210984	0.20477	0.226308	0.27419	0.32967	0.37619	0.432668	0.496576	0.553353	0.588725	0.601695	0.597059	0.574907	0.52293	0.431517	0.312532	0.180123	0.0286827	-0.123007	
0.353983	0.322239	0.279034	0.243267	0.21992	0.208656	0.19795	0.200574	0.226277	0.281123	0.336019	0.37144	0.407293	0.442433	0.482413	0.51647	0.536188	0.546692	0.544491	0.520343	0.466951	0.386533	0.28887	0.171116	0.0445464	
0.406482	0.348883	0.283087	0.235195	0.216757	0.210029	0.208827	0.222008	0.255922	0.305023	0.350509	0.372775	0.382819	0.390361	0.412631	0.4406	0.466373	0.484267	0.494704	0.493128	0.478204	0.448079	0.393456	0.315067	0.224534	
0.441462	0.361784	0.287878	0.24057	0.22769	0.234109	0.244403	0.265112	0.295967	0.329588	0.356056	0.363721	0.356016	0.347352	0.355718	0.377489	0.403627	0.432609	0.457038	0.473336	0.491808	0.50727	0.49951	0.464984	0.410138	
