0.226216	0.175667	0.137126	0.110635	0.0961907	0.0937762	0.10339	0.125055	0.158788	0.20457	0.262272	0.331577	0.411894	0.502218	0.601016	0.706123	0.814541	0.922431	1.02516	1.11731	1.1933	1.2484	1.2794	1.28456	1.26276	
-0.127115	-0.175978	-0.212775	-0.237846	-0.251453	-0.253772	-0.244807	-0.224449	-0.192434	-0.148454	-0.0921515	-0.0232851	0.0582225	0.152172	0.257897	0.374256	0.499462	0.630761	0.764617	0.896324	1.01948	1.12656	1.21027	1.26502	1.28782	
-0.447863	-0.490445	-0.521892	-0.54297	-0.554295	-0.556225	-0.548787	-0.531789	-0.504663	-0.466709	-0.416999	-0.354591	-0.27868	-0.188663	-0.0843687	0.0336518	0.164458	0.306087	0.455635	0.610009	0.765053	0.914516	1.05013	1.16253	1.24295	
-0.702512	-0.732449	-0.753649	-0.76735	-0.774541	-0.775681	-0.77092	-0.759884	-0.741871	-0.715661	-0.679858	-0.632623	-0.572128	-0.496686	-0.404643	-0.295306	-0.168738	-0.0255467	0.131414	0.29821	0.471093	0.645658	0.816097	0.974733	1.11193	
-0.851062	-0.864304	-0.872425	-0.877071	-0.879266	-0.87948	-0.878024	-0.874255	-0.867668	-0.856652	-0.839681	-0.814495	-0.778423	-0.728828	-0.66294	-0.577754	-0.472099	-0.344413	-0.19434	-0.0251443	0.158272	0.35025	0.544256	0.733406	0.910218	
-0.890263	-0.8866	-0.881906	-0.877898	-0.875315	-0.874867	-0.876558	-0.880025	-0.884462	-0.888712	-0.890758	-0.888645	-0.879443	-0.859513	-0.826031	-0.7745	-0.701565	-0.60581	-0.483807	-0.334193	-0.159156	0.0369013	0.246771	0.461032	0.669528	
-0.831493	-0.812112	-0.796257	-0.784658	-0.778052	-0.777222	-0.781403	-0.791445	-0.805427	-0.823681	-0.843655	-0.863734	-0.881443	-0.892799	-0.893517	-0.880061	-0.845253	-0.786378	-0.701188	-0.586096	-0.439924	-0.263666	-0.060215	0.163117	0.396177	
-0.692093	-0.663268	-0.64111	-0.625426	-0.617049	-0.6157	-0.621279	-0.634247	-0.6539	-0.68013	-0.712527	-0.749207	-0.788296	-0.828149	-0.862485	-0.888438	-0.899171	-0.88588	-0.844355	-0.77033	-0.660807	-0.516095	-0.337526	-0.128338	0.103862	
-0.52527	-0.496539	-0.474528	-0.460007	-0.452295	-0.450484	-0.456292	-0.467204	-0.486998	-0.512423	-0.54683	-0.588811	-0.637265	-0.691575	-0.749465	-0.804323	-0.853941	-0.888462	-0.89933	-0.878232	-0.818534	-0.715481	-0.570843	-0.385456	-0.168042	
-0.380398	-0.358082	-0.342127	-0.332351	-0.326763	-0.325842	-0.329665	-0.337171	-0.350849	-0.37021	-0.396781	-0.432147	-0.478422	-0.532315	-0.59781	-0.668719	-0.741885	-0.809766	-0.864413	-0.894749	-0.892041	-0.845967	-0.750859	-0.607242	-0.411393	
-0.289508	-0.278563	-0.272559	-0.268049	-0.266421	-0.266513	-0.266928	-0.271487	-0.275242	-0.28553	-0.298434	-0.318124	-0.347844	-0.389324	-0.442816	-0.511767	-0.593481	-0.682735	-0.768494	-0.841698	-0.886519	-0.897225	-0.856902	-0.767881	-0.62317	
-0.265734	-0.264956	-0.264585	-0.263672	-0.264839	-0.264039	-0.264026	-0.264723	-0.264276	-0.265741	-0.268124	-0.274389	-0.282301	-0.302676	-0.332333	-0.379015	-0.442024	-0.529503	-0.627523	-0.732352	-0.820983	-0.881932	-0.901218	-0.85942	-0.770518	
-0.274523	-0.273045	-0.271733	-0.272529	-0.270703	-0.27124	-0.271866	-0.271114	-0.273722	-0.27236	-0.273152	-0.273882	-0.273951	-0.275897	-0.284299	-0.305222	-0.340001	-0.39881	-0.484511	-0.588313	-0.705747	-0.803661	-0.880601	-0.902166	-0.858527	
-0.270648	-0.265113	-0.26054	-0.25923	-0.254607	-0.256819	-0.256944	-0.259144	-0.264384	-0.267908	-0.273821	-0.27655	-0.282276	-0.281225	-0.282418	-0.280764	-0.292524	-0.314889	-0.373452	-0.456532	-0.572192	-0.694056	-0.79993	-0.88113	-0.898906	
-0.23762	-0.232695	-0.226093	-0.220986	-0.220565	-0.218645	-0.220708	-0.224328	-0.227962	-0.237067	-0.245341	-0.255992	-0.268682	-0.27806	-0.288558	-0.291711	-0.29079	-0.288899	-0.304174	-0.35631	-0.443817	-0.570342	-0.698871	-0.812876	-0.884091	
-0.206919	-0.200638	-0.198563	-0.194661	-0.196196	-0.194227	-0.195413	-0.198241	-0.198624	-0.205017	-0.209567	-0.219709	-0.231432	-0.248566	-0.262284	-0.28363	-0.295545	-0.298791	-0.29142	-0.30421	-0.353107	-0.449661	-0.579649	-0.719869	-0.833164	
-0.198487	-0.196499	-0.196952	-0.196302	-0.195994	-0.19614	-0.196032	-0.196275	-0.197024	-0.197504	-0.19958	-0.201174	-0.206	-0.216979	-0.229109	-0.248785	-0.275945	-0.29659	-0.297881	-0.291735	-0.304014	-0.365715	-0.471946	-0.609411	-0.752877	
-0.202255	-0.198781	-0.198468	-0.195202	-0.195428	-0.194897	-0.194768	-0.197387	-0.19784	-0.199887	-0.203709	-0.204094	-0.204381	-0.208837	-0.209464	-0.215604	-0.236976	-0.275153	-0.297634	-0.298233	-0.289205	-0.30927	-0.387218	-0.509898	-0.659222	
-0.190131	-0.183901	-0.181904	-0.178853	-0.176723	-0.179073	-0.177414	-0.180748	-0.185378	-0.186118	-0.19379	-0.201648	-0.202242	-0.212583	-0.219751	-0.213144	-0.209219	-0.233573	-0.274827	-0.296417	-0.293958	-0.290776	-0.328247	-0.422537	-0.566842	
-0.168936	-0.172821	-0.165369	-0.167447	-0.165549	-0.164488	-0.167649	-0.16355	-0.170526	-0.170419	-0.172323	-0.183896	-0.187229	-0.191706	-0.212257	-0.224726	-0.214482	-0.213936	-0.243238	-0.280752	-0.292449	-0.283451	-0.298694	-0.360134	-0.482914	
-0.170125	-0.173698	-0.164873	-0.170695	-0.168658	-0.165577	-0.172598	-0.165479	-0.171042	-0.172101	-0.167697	-0.174451	-0.180527	-0.17626	-0.186442	-0.213552	-0.220572	-0.209981	-0.22329	-0.257143	-0.289141	-0.285332	-0.282576	-0.316475	-0.414008	
-0.174214	-0.16891	-0.163318	-0.167139	-0.163123	-0.161005	-0.16725	-0.163377	-0.166964	-0.172532	-0.174591	-0.168973	-0.187869	-0.179012	-0.173071	-0.187158	-0.215101	-0.211349	-0.214797	-0.237523	-0.274121	-0.283641	-0.279237	-0.293759	-0.360485	
-0.165392	-0.148782	-0.159132	-0.151003	-0.150841	-0.15527	-0.14716	-0.159123	-0.15082	-0.156899	-0.168131	-0.159351	-0.174639	-0.187704	-0.185235	-0.180403	-0.20032	-0.204722	-0.207491	-0.223291	-0.26128	-0.282275	-0.275059	-0.279582	-0.324471	
-0.156891	-0.151141	-0.158857	-0.15146	-0.1526	-0.157059	-0.148907	-0.158145	-0.153818	-0.154021	-0.160302	-0.158664	-0.159443	-0.169526	-0.177416	-0.180617	-0.197987	-0.205258	-0.202205	-0.213339	-0.245046	-0.275522	-0.276103	-0.27325	-0.29991	
-0.157248	-0.154128	-0.15656	-0.150349	-0.152233	-0.153171	-0.149622	-0.155521	-0.153948	-0.156533	-0.159619	-0.16282	-0.161204	-0.16972	-0.170252	-0.171779	-0.188728	-0.202389	-0.200546	-0.204345	-0.234647	-0.270365	-0.274578	-0.268734	-0.283152	
-0.150751	-0.146824	-0.147631	-0.144022	-0.14401	-0.145159	-0.142807	-0.146875	-0.146582	-0.148653	-0.155362	-0.156607	-0.161	-0.171305	-0.173526	-0.166412	-0.180879	-0.199688	-0.200109	-0.201442	-0.222311	-0.26141	-0.274366	-0.269669	-0.273017	
-0.146824	-0.146731	-0.150844	-0.144509	-0.146494	-0.149689	-0.14299	-0.150242	-0.148046	-0.146781	-0.149561	-0.155936	-0.146157	-0.161422	-0.173102	-0.173578	-0.176847	-0.195562	-0.197205	-0.197649	-0.216141	-0.255387	-0.272105	-0.268147	-0.267422	
-0.147631	-0.150844	-0.145425	-0.144175	-0.145212	-0.142327	-0.145698	-0.143902	-0.148011	-0.150729	-0.15068	-0.159814	-0.15726	-0.162424	-0.163991	-0.164425	-0.173058	-0.194055	-0.198298	-0.196206	-0.21155	-0.249483	-0.269308	-0.268912	-0.264338	
-0.144022	-0.144509	-0.144175	-0.140769	-0.1423	-0.142382	-0.141119	-0.143159	-0.144724	-0.14363	-0.146685	-0.153808	-0.148932	-0.160807	-0.171166	-0.168649	-0.17186	-0.190801	-0.1965	-0.194829	-0.205655	-0.246334	-0.269876	-0.268257	-0.261673	
-0.14401	-0.146494	-0.145212	-0.1423	-0.14395	-0.143041	-0.142856	-0.144015	-0.145233	-0.146781	-0.146345	-0.15504	-0.148615	-0.158665	-0.166654	-0.167512	-0.168513	-0.190348	-0.196029	-0.195444	-0.206853	-0.242895	-0.266832	-0.268723	-0.262123	
-0.145159	-0.149689	-0.142327	-0.142382	-0.143041	-0.140059	-0.144359	-0.141187	-0.147027	-0.147581	-0.14782	-0.15835	-0.154902	-0.158933	-0.164155	-0.165078	-0.171134	-0.190615	-0.19682	-0.194067	-0.204736	-0.243361	-0.26791	-0.268666	-0.260786	
-0.142807	-0.14299	-0.145698	-0.141119	-0.142856	-0.144359	-0.140259	-0.14481	-0.143691	-0.14319	-0.145415	-0.151566	-0.144452	-0.159249	-0.171946	-0.170123	-0.169731	-0.1902	-0.195279	-0.195607	-0.205734	-0.244487	-0.269179	-0.268152	-0.261955	
-0.146875	-0.150242	-0.143902	-0.143159	-0.144015	-0.141187	-0.14481	-0.143117	-0.146912	-0.14989	-0.149902	-0.15932	-0.157594	-0.162601	-0.164609	-0.164178	-0.171605	-0.193097	-0.197992	-0.195846	-0.210641	-0.247606	-0.26812	-0.26895	-0.263404	
-0.146582	-0.148046	-0.148011	-0.144724	-0.145233	-0.147027	-0.143691	-0.146912	-0.148681	-0.146595	-0.149654	-0.156303	-0.149589	-0.160191	-0.170653	-0.170439	-0.176929	-0.195506	-0.196743	-0.197209	-0.211611	-0.252298	-0.273344	-0.26841	-0.265299	
-0.148653	-0.146781	-0.150729	-0.14363	-0.146781	-0.147581	-0.14319	-0.14989	-0.146595	-0.148591	-0.153131	-0.156403	-0.153159	-0.167169	-0.173754	-0.169956	-0.178029	-0.19664	-0.198852	-0.200172	-0.221204	-0.259652	-0.272193	-0.268449	-0.271022	
-0.155362	-0.149561	-0.15068	-0.146685	-0.146345	-0.14782	-0.145415	-0.149902	-0.149654	-0.153131	-0.157574	-0.15984	-0.164838	-0.172989	-0.171289	-0.167464	-0.185308	-0.201762	-0.201496	-0.202484	-0.228517	-0.266628	-0.274539	-0.269372	-0.278598	
-0.156607	-0.155936	-0.159814	-0.153808	-0.15504	-0.15835	-0.151566	-0.15932	-0.156303	-0.156403	-0.15984	-0.162357	-0.156657	-0.165165	-0.172274	-0.179265	-0.194459	-0.205494	-0.200774	-0.209157	-0.241387	-0.271964	-0.275983	-0.272369	-0.291713	
-0.161	-0.146157	-0.15726	-0.148932	-0.148615	-0.154902	-0.144452	-0.157594	-0.149589	-0.153159	-0.164838	-0.156657	-0.168734	-0.183469	-0.185996	-0.180182	-0.198783	-0.20382	-0.204144	-0.218566	-0.254001	-0.281968	-0.276439	-0.274854	-0.312616	
-0.171305	-0.161422	-0.162424	-0.160807	-0.158665	-0.158933	-0.159249	-0.162601	-0.160191	-0.167169	-0.172989	-0.165165	-0.183469	-0.183161	-0.176081	-0.182027	-0.208243	-0.209421	-0.212599	-0.232115	-0.270419	-0.281925	-0.275602	-0.287515	-0.344755	
-0.173526	-0.173102	-0.163991	-0.171166	-0.166654	-0.164155	-0.171946	-0.164609	-0.170653	-0.173754	-0.171289	-0.172274	-0.185996	-0.176081	-0.178096	-0.202356	-0.220992	-0.210993	-0.218789	-0.247708	-0.282713	-0.285477	-0.281193	-0.305434	-0.391017	
-0.166412	-0.173578	-0.164425	-0.168649	-0.167512	-0.165078	-0.170123	-0.164178	-0.170439	-0.169956	-0.167464	-0.179265	-0.180182	-0.182027	-0.202356	-0.224999	-0.217545	-0.210962	-0.233546	-0.271658	-0.29304	-0.282815	-0.290314	-0.341498	-0.453508	
-0.180879	-0.176847	-0.173058	-0.17186	-0.168513	-0.171134	-0.169731	-0.171605	-0.176929	-0.178029	-0.185308	-0.194459	-0.198783	-0.208243	-0.220992	-0.217545	-0.208051	-0.222424	-0.261279	-0.29149	-0.293451	-0.287848	-0.314903	-0.393852	-0.53087	
-0.199688	-0.195562	-0.194055	-0.190801	-0.190348	-0.190615	-0.1902	-0.193097	-0.195506	-0.19664	-0.201762	-0.205494	-0.20382	-0.209421	-0.210993	-0.210962	-0.222424	-0.258793	-0.292014	-0.299724	-0.291765	-0.297922	-0.358543	-0.47302	-0.622051	
-0.200109	-0.197205	-0.198298	-0.1965	-0.196029	-0.19682	-0.195279	-0.197992	-0.196743	-0.198852	-0.201496	-0.200774	-0.204144	-0.212599	-0.218789	-0.233546	-0.261279	-0.292014	-0.299383	-0.293312	-0.293466	-0.338556	-0.43624	-0.567787	-0.71533	
-0.201442	-0.197649	-0.196206	-0.194829	-0.195444	-0.194067	-0.195607	-0.195846	-0.197209	-0.200172	-0.202484	-0.209157	-0.218566	-0.232115	-0.247708	-0.271658	-0.29149	-0.299724	-0.293312	-0.295283	-0.329244	-0.412104	-0.533032	-0.676056	-0.804947	
-0.222311	-0.216141	-0.21155	-0.205655	-0.206853	-0.204736	-0.205734	-0.210641	-0.211611	-0.221204	-0.228517	-0.241387	-0.254001	-0.270419	-0.282713	-0.29304	-0.293451	-0.291765	-0.293466	-0.329244	-0.402006	-0.518627	-0.653101	-0.779406	-0.867011	
-0.26141	-0.255387	-0.249483	-0.246334	-0.242895	-0.243361	-0.244487	-0.247606	-0.252298	-0.259652	-0.266628	-0.271964	-0.281968	-0.281925	-0.285477	-0.282815	-0.287848	-0.297922	-0.338556	-0.412104	-0.518627	-0.646569	-0.761806	-0.856897	-0.899044	
-0.274366	-0.272105	-0.269308	-0.269876	-0.266832	-0.26791	-0.269179	-0.26812	-0.273344	-0.272193	-0.274539	-0.275983	-0.276439	-0.275602	-0.281193	-0.290314	-0.314903	-0.358543	-0.43624	-0.533032	-0.653101	-0.761806	-0.85283	-0.902049	-0.881476	
-0.269669	-0.268147	-0.268912	-0.268257	-0.268723	-0.268666	-0.268152	-0.26895	-0.26841	-0.268449	-0.269372	-0.272369	-0.274854	-0.287515	-0.305434	-0.341498	-0.393852	-0.47302	-0.567787	-0.676056	-0.779406	-0.856897	-0.902049	-0.882805	-0.810905	
-0.273017	-0.267422	-0.264338	-0.261673	-0.262123	-0.260786	-0.261955	-0.263404	-0.265299	-0.271022	-0.278598	-0.291713	-0.312616	-0.344755	-0.391017	-0.453508	-0.53087	-0.622051	-0.71533	-0.804947	-0.867011	-0.899044	-0.881476	-0.810905	-0.69109	
