-0.807479	-0.814476	-0.826435	-0.833852	-0.831361	-0.827519	-0.835215	-0.829374	-0.819586	-0.809116	-0.80995	-0.823849	-0.829045	-0.828458	-0.817372	-0.782794	-0.722737	-0.631993	-0.500917	-0.341592	-0.162336	0.0113097	0.178267	0.328755	0.437681	
-0.730393	-0.715599	-0.704476	-0.695802	-0.68355	-0.6791	-0.691705	-0.700823	-0.710623	-0.724102	-0.741838	-0.764118	-0.7659	-0.75912	-0.739762	-0.698053	-0.631159	-0.523214	-0.377012	-0.20409	-0.0179023	0.148517	0.289239	0.412907	0.49489	
-0.601132	-0.572003	-0.533425	-0.50147	-0.479127	-0.474859	-0.4908	-0.519149	-0.556831	-0.590384	-0.617599	-0.639424	-0.639456	-0.625642	-0.602095	-0.555228	-0.482403	-0.367106	-0.211513	-0.0310967	0.154602	0.310525	0.43327	0.528771	0.588764	
-0.433195	-0.394216	-0.341839	-0.300339	-0.276956	-0.273198	-0.289134	-0.322832	-0.373962	-0.420211	-0.449315	-0.470063	-0.470934	-0.451817	-0.4206	-0.370038	-0.292484	-0.172885	-0.0110521	0.169217	0.344499	0.488265	0.590881	0.656708	0.689415	
-0.2419	-0.199777	-0.152764	-0.118502	-0.105634	-0.102815	-0.111778	-0.136058	-0.180472	-0.226972	-0.259742	-0.281559	-0.283079	-0.257487	-0.212928	-0.161075	-0.0786393	0.0457004	0.207414	0.378635	0.539704	0.663395	0.74414	0.780485	0.776795	
-0.0617222	-0.0218527	0.0112051	0.032366	0.0350909	0.0355927	0.0346518	0.0221726	-0.00792822	-0.0453476	-0.0849889	-0.104531	-0.0957503	-0.0569121	0.000890387	0.0605346	0.144137	0.267354	0.4251	0.581976	0.719996	0.819009	0.875394	0.879819	0.842892	
0.0781092	0.111256	0.130617	0.139428	0.138915	0.139498	0.1395	0.135525	0.120334	0.092457	0.0574567	0.0453175	0.0694672	0.124008	0.195471	0.268661	0.361454	0.482093	0.625724	0.761369	0.870472	0.942459	0.97067	0.950624	0.8897	
0.173856	0.196668	0.20546	0.20533	0.206677	0.206929	0.2059	0.205352	0.20265	0.18282	0.163746	0.162524	0.196775	0.260113	0.341144	0.434618	0.542472	0.665662	0.78859	0.901459	0.981091	1.02107	1.02217	0.986756	0.913898	
0.22574	0.236702	0.24524	0.251445	0.256703	0.257607	0.253842	0.247507	0.240822	0.229116	0.224546	0.23704	0.283039	0.348059	0.438419	0.551022	0.671252	0.790159	0.901084	0.987515	1.04168	1.06157	1.04452	1.00036	0.93147	
0.243607	0.25428	0.271799	0.285066	0.297951	0.300672	0.290182	0.277789	0.261286	0.24576	0.246965	0.269028	0.319038	0.395409	0.497288	0.619545	0.743111	0.852422	0.949178	1.0183	1.05476	1.05991	1.04134	0.997638	0.940619	
0.248394	0.259948	0.281998	0.302908	0.320339	0.325096	0.310299	0.291532	0.267634	0.251965	0.247717	0.269875	0.322154	0.407492	0.515257	0.63817	0.752427	0.851287	0.93763	0.99675	1.02107	1.02239	1.01062	0.983188	0.950708	
0.234486	0.242433	0.25653	0.275121	0.296048	0.300704	0.284587	0.262602	0.24724	0.237833	0.233953	0.25572	0.308869	0.398638	0.508992	0.62276	0.720736	0.809261	0.885488	0.943305	0.972702	0.985318	0.988232	0.979584	0.970416	
0.205675	0.198583	0.194798	0.206116	0.226188	0.230931	0.214813	0.197043	0.195999	0.203102	0.213291	0.242287	0.295724	0.381726	0.488387	0.589702	0.673893	0.74908	0.816936	0.874179	0.915794	0.951648	0.975126	0.983248	0.993417	
0.171228	0.139284	0.117168	0.118599	0.129028	0.131527	0.123344	0.114324	0.128664	0.158063	0.192512	0.238591	0.29757	0.375986	0.473545	0.565574	0.635503	0.693456	0.748126	0.800638	0.850914	0.903509	0.949134	0.977895	1.00463	
0.136686	0.0789459	0.0383167	0.0198166	0.0193611	0.019664	0.0186039	0.0274893	0.060467	0.111713	0.177874	0.253197	0.322636	0.396656	0.483216	0.560674	0.611534	0.650869	0.690657	0.733736	0.78452	0.846222	0.9091	0.959783	1.00625	
0.12242	0.0374442	-0.0332834	-0.0775189	-0.0968703	-0.100011	-0.0874467	-0.0547178	0.00707511	0.0860566	0.181139	0.27716	0.362365	0.438341	0.515005	0.575498	0.609572	0.628565	0.653246	0.686159	0.730855	0.791992	0.863913	0.932568	0.991474	
0.12351	0.0101943	-0.0889961	-0.156059	-0.18691	-0.191289	-0.172301	-0.120161	-0.0325805	0.0776154	0.193631	0.307211	0.407984	0.492797	0.559761	0.602824	0.616582	0.618083	0.630826	0.653274	0.688524	0.742614	0.8127	0.883723	0.947453	
0.131082	-0.00249031	-0.123386	-0.208733	-0.24869	-0.253556	-0.23014	-0.1627	-0.0538866	0.078183	0.209691	0.333617	0.44401	0.538315	0.603848	0.634575	0.636173	0.624291	0.620202	0.629713	0.652308	0.694316	0.752043	0.816956	0.873671	
0.144158	-0.00091907	-0.134319	-0.231838	-0.284164	-0.292905	-0.258296	-0.178649	-0.057035	0.0858934	0.230286	0.36205	0.476844	0.568752	0.627627	0.653982	0.653296	0.638895	0.62045	0.616533	0.621607	0.644548	0.684166	0.736679	0.782196	
0.170746	0.0186798	-0.117017	-0.222968	-0.289854	-0.302338	-0.254985	-0.163689	-0.0382566	0.109073	0.261976	0.402684	0.517977	0.595376	0.636131	0.65783	0.660331	0.646693	0.62198	0.599143	0.584538	0.588902	0.611603	0.648665	0.680947	
0.226477	0.0760249	-0.0582006	-0.170098	-0.245322	-0.25864	-0.205943	-0.105989	0.0202354	0.165031	0.317883	0.457208	0.563553	0.621612	0.641631	0.646273	0.645131	0.631103	0.596972	0.556543	0.52543	0.511953	0.52113	0.546581	0.56283	
0.306846	0.165023	0.0348817	-0.0744821	-0.144368	-0.15668	-0.108348	-0.011937	0.110993	0.249879	0.390752	0.513973	0.600853	0.63972	0.638708	0.622321	0.604017	0.581866	0.542725	0.489078	0.443537	0.416423	0.417488	0.434804	0.44834	
0.395457	0.274499	0.158244	0.0619436	0.00204658	-0.00921659	0.0330255	0.116024	0.226758	0.348166	0.462552	0.552926	0.612192	0.628128	0.60642	0.570404	0.530987	0.497379	0.462216	0.41356	0.366695	0.332625	0.324116	0.334262	0.349204	
0.471977	0.396445	0.318294	0.245094	0.198983	0.191816	0.221748	0.287794	0.365016	0.443201	0.511967	0.564405	0.583401	0.567828	0.526194	0.47242	0.42558	0.390212	0.362336	0.327166	0.293221	0.266508	0.258407	0.266241	0.282444	
0.5286	0.520732	0.502601	0.473242	0.445761	0.440244	0.460705	0.491718	0.515213	0.52545	0.534181	0.539379	0.519592	0.468676	0.403262	0.340678	0.297471	0.269775	0.247959	0.228433	0.212174	0.207356	0.215623	0.231928	0.248043	
0.586472	0.652676	0.70432	0.727765	0.73077	0.729386	0.730943	0.716794	0.676512	0.612578	0.550349	0.496263	0.428446	0.342789	0.255808	0.18952	0.152262	0.135875	0.125887	0.122011	0.127196	0.156312	0.193071	0.223836	0.24522	
0.652676	0.789731	0.905194	0.98503	1.02456	1.03031	1.00561	0.941641	0.840153	0.707869	0.572364	0.446061	0.32267	0.206842	0.109161	0.0365345	0.00326572	-0.00302718	0.0031034	0.025286	0.0596355	0.114335	0.175397	0.228184	0.256067	
0.70432	0.905194	1.08235	1.21853	1.29421	1.30687	1.25618	1.14307	0.980212	0.786301	0.582384	0.388956	0.218411	0.0799694	-0.0240014	-0.0983638	-0.131671	-0.130684	-0.105913	-0.0569491	0.00760116	0.0854684	0.164303	0.235385	0.277021	
0.727765	0.98503	1.21853	1.39313	1.49152	1.50633	1.44266	1.29642	1.0836	0.831844	0.573045	0.332012	0.12883	-0.0244939	-0.136961	-0.206729	-0.233564	-0.221258	-0.180393	-0.111851	-0.0198102	0.0794774	0.172879	0.25075	0.298376	
0.73077	1.02456	1.29421	1.49152	1.59424	1.61028	1.54375	1.38422	1.13761	0.848767	0.55662	0.291851	0.0748149	-0.0913539	-0.211027	-0.278894	-0.291262	-0.265403	-0.215073	-0.137154	-0.0279423	0.0865854	0.189664	0.272704	0.316735	
0.729386	1.03031	1.30687	1.50633	1.61028	1.62712	1.55883	1.39841	1.1462	0.850177	0.552058	0.285518	0.0650246	-0.103727	-0.224366	-0.292276	-0.301344	-0.271629	-0.219021	-0.141186	-0.0290453	0.0881489	0.194199	0.277691	0.321645	
0.730943	1.00561	1.25618	1.44266	1.54375	1.55883	1.49416	1.33998	1.11108	0.84166	0.566512	0.311947	0.102259	-0.056719	-0.172611	-0.241056	-0.262058	-0.244542	-0.198826	-0.124919	-0.0244424	0.0823046	0.180224	0.260481	0.306349	
0.716794	0.941641	1.14307	1.29642	1.38422	1.39841	1.33998	1.21122	1.02669	0.808263	0.580413	0.365933	0.179702	0.034858	-0.0720646	-0.145416	-0.177371	-0.172116	-0.140553	-0.0826204	-0.00690273	0.0795827	0.164974	0.239848	0.285661	
0.676512	0.840153	0.980212	1.0836	1.13761	1.1462	1.11108	1.02669	0.900418	0.742834	0.578901	0.423524	0.28014	0.154166	0.0538775	-0.020219	-0.0532372	-0.057078	-0.0436981	-0.010074	0.0367154	0.10089	0.169292	0.230577	0.263183	
0.612578	0.707869	0.786301	0.831844	0.848767	0.850177	0.84166	0.808263	0.742834	0.650504	0.558657	0.477136	0.387371	0.288691	0.195772	0.127243	0.0921364	0.0801953	0.0769072	0.081635	0.0977639	0.138662	0.186376	0.225536	0.249129	
0.550349	0.572364	0.582384	0.573045	0.55662	0.552058	0.566512	0.580413	0.578901	0.558657	0.539908	0.523473	0.485439	0.420942	0.345876	0.281142	0.240623	0.217815	0.199473	0.185465	0.177285	0.185093	0.204621	0.226453	0.243382	
0.496263	0.446061	0.388956	0.332012	0.291851	0.285518	0.311947	0.365933	0.423524	0.477136	0.523473	0.557607	0.562009	0.531901	0.48113	0.422935	0.3769	0.343698	0.318518	0.28948	0.261344	0.242863	0.238992	0.249355	0.265029	
0.428446	0.32267	0.218411	0.12883	0.0748149	0.0650246	0.102259	0.179702	0.28014	0.387371	0.485439	0.562009	0.605174	0.609738	0.580665	0.536349	0.491822	0.45639	0.424334	0.38009	0.338557	0.3046	0.294379	0.302307	0.318053	
0.342789	0.206842	0.0799694	-0.0244939	-0.0913539	-0.103727	-0.056719	0.034858	0.154166	0.288691	0.420942	0.531901	0.609738	0.639827	0.630769	0.606196	0.579441	0.551954	0.512958	0.45947	0.411455	0.380637	0.377346	0.392012	0.405742	
0.255808	0.109161	-0.0240014	-0.136961	-0.211027	-0.224366	-0.172611	-0.0720646	0.0538775	0.195772	0.345876	0.48113	0.580665	0.630769	0.642355	0.638465	0.63166	0.615979	0.578722	0.531944	0.493544	0.474421	0.480083	0.501679	0.515159	
0.18952	0.0365345	-0.0983638	-0.206729	-0.278894	-0.292276	-0.241056	-0.145416	-0.020219	0.127243	0.281142	0.422935	0.536349	0.606196	0.638465	0.654421	0.657337	0.644175	0.616111	0.584925	0.564328	0.561141	0.577915	0.610587	0.635271	
0.152262	0.00326572	-0.131671	-0.233564	-0.291262	-0.301344	-0.262058	-0.177371	-0.0532372	0.0921364	0.240623	0.3769	0.491822	0.579441	0.63166	0.657337	0.657917	0.644204	0.623093	0.611701	0.60837	0.623659	0.65688	0.702528	0.743327	
0.135875	-0.00302718	-0.130684	-0.221258	-0.265403	-0.271629	-0.244542	-0.172116	-0.057078	0.0801953	0.217815	0.343698	0.45639	0.551954	0.615979	0.644175	0.644204	0.62959	0.618518	0.623089	0.63964	0.675252	0.725295	0.785772	0.838168	
0.125887	0.0031034	-0.105913	-0.180393	-0.215073	-0.219021	-0.198826	-0.140553	-0.0436981	0.0769072	0.199473	0.318518	0.424334	0.512958	0.578722	0.616111	0.623093	0.618518	0.625387	0.642803	0.673474	0.723281	0.789032	0.858634	0.920789	
0.122011	0.025286	-0.0569491	-0.111851	-0.137154	-0.141186	-0.124919	-0.0826204	-0.010074	0.081635	0.185465	0.28948	0.38009	0.45947	0.531944	0.584925	0.611701	0.623089	0.642803	0.670987	0.713091	0.771423	0.845092	0.916407	0.978022	
0.127196	0.0596355	0.00760116	-0.0198102	-0.0279423	-0.0290453	-0.0244424	-0.00690273	0.0367154	0.0977639	0.177285	0.261344	0.338557	0.411455	0.493544	0.564328	0.60837	0.63964	0.673474	0.713091	0.760321	0.8237	0.891153	0.950548	1.00267	
0.156312	0.114335	0.0854684	0.0794774	0.0865854	0.0881489	0.0823046	0.0795827	0.10089	0.138662	0.185093	0.242863	0.3046	0.380637	0.474421	0.561141	0.623659	0.675252	0.723281	0.771423	0.8237	0.880584	0.934541	0.97218	1.00642	
0.193071	0.175397	0.164303	0.172879	0.189664	0.194199	0.180224	0.164974	0.169292	0.186376	0.204621	0.238992	0.294379	0.377346	0.480083	0.577915	0.65688	0.725295	0.789032	0.845092	0.891153	0.934541	0.967226	0.98295	0.999655	
0.223836	0.228184	0.235385	0.25075	0.272704	0.277691	0.260481	0.239848	0.230577	0.225536	0.226453	0.249355	0.302307	0.392012	0.501679	0.610587	0.702528	0.785772	0.858634	0.916407	0.950548	0.97218	0.98295	0.980816	0.980103	
0.24522	0.256067	0.277021	0.298376	0.316735	0.321645	0.306349	0.285661	0.263183	0.249129	0.243382	0.265029	0.318053	0.405742	0.515159	0.635271	0.743327	0.838168	0.920789	0.978022	1.00267	1.00642	0.999655	0.980103	0.958084	
