0.444625	0.734074	0.964942	1.12767	1.21813	1.23313	1.17289	1.0381	0.834232	0.565889	0.25242	-0.0816728	-0.390487	-0.631584	-0.761382	-0.78477	-0.72306	-0.605616	-0.425428	-0.18946	0.0700857	0.302922	0.473998	0.56958	0.588519	
0.552355	0.837415	1.0709	1.23578	1.32695	1.34096	1.28209	1.14476	0.938709	0.670464	0.366781	0.043233	-0.264688	-0.521791	-0.683525	-0.743018	-0.717112	-0.625047	-0.466997	-0.247022	0.00615779	0.250688	0.450325	0.574836	0.619338	
0.672855	0.944569	1.16672	1.32198	1.4028	1.41623	1.36285	1.23771	1.04033	0.78575	0.497479	0.193816	-0.105441	-0.368939	-0.558409	-0.657772	-0.671857	-0.610992	-0.475283	-0.27753	-0.0398676	0.20631	0.427864	0.586061	0.658572	
0.817123	1.06452	1.26195	1.39266	1.45508	1.46494	1.42498	1.32286	1.15077	0.92005	0.656742	0.375824	0.0931643	-0.169452	-0.378312	-0.515007	-0.572678	-0.546613	-0.439338	-0.265567	-0.0521313	0.184357	0.415241	0.599507	0.70289	
0.97683	1.18916	1.34926	1.44352	1.48091	1.48592	1.46389	1.39507	1.26057	1.0665	0.834255	0.580783	0.31615	0.0616629	-0.159617	-0.326013	-0.425246	-0.438325	-0.363741	-0.220066	-0.0317424	0.185494	0.414029	0.612738	0.742645	
1.12493	1.29378	1.40565	1.45778	1.46573	1.46667	1.46338	1.43419	1.34552	1.19852	1.00496	0.782423	0.538426	0.294399	0.0687284	-0.11875	-0.250962	-0.30159	-0.264241	-0.153224	0.00718774	0.206825	0.424297	0.628951	0.778099	
1.23755	1.35311	1.41314	1.41953	1.40074	1.39588	1.41242	1.42145	1.38406	1.29023	1.14459	0.959094	0.740438	0.510932	0.286968	0.0900877	-0.0626203	-0.141144	-0.138957	-0.063466	0.0692822	0.250007	0.457336	0.657258	0.816178	
1.29173	1.35197	1.35922	1.32565	1.28316	1.27474	1.30655	1.34995	1.36067	1.32262	1.23021	1.0889	0.901645	0.690094	0.472525	0.27263	0.111935	0.0158249	-0.00991502	0.0295979	0.13131	0.29188	0.486831	0.681366	0.839137	
1.26327	1.26888	1.23097	1.1655	1.10699	1.09588	1.13823	1.20711	1.25809	1.27196	1.23391	1.14251	0.993064	0.805336	0.596797	0.398952	0.236531	0.134423	0.0892751	0.0990256	0.167903	0.304418	0.48508	0.673155	0.830077	
1.1306	1.0891	1.01661	0.930388	0.864251	0.851253	0.899361	0.982248	1.06318	1.11888	1.13287	1.09234	0.988772	0.830915	0.638812	0.44572	0.288232	0.18673	0.135575	0.125612	0.169555	0.280404	0.444788	0.625775	0.783679	
0.914169	0.836905	0.742049	0.647543	0.580235	0.567877	0.615274	0.703217	0.800023	0.886849	0.942896	0.952239	0.896439	0.777365	0.607358	0.425755	0.273892	0.177596	0.125474	0.10785	0.134149	0.222942	0.364852	0.533534	0.688265	
0.646054	0.545608	0.442076	0.348459	0.287141	0.275398	0.31903	0.402239	0.504061	0.607452	0.694734	0.744756	0.736664	0.658977	0.520295	0.354907	0.213305	0.120452	0.0704408	0.0496284	0.0683073	0.139242	0.258679	0.405384	0.549425	
0.36296	0.253795	0.151709	0.0676694	0.0158593	0.0059923	0.0426795	0.115028	0.211859	0.319309	0.423762	0.502888	0.534374	0.498104	0.394144	0.253334	0.124814	0.0373522	-0.0134824	-0.035263	-0.0201277	0.0409632	0.141138	0.264615	0.387811	
0.0992625	-0.00858674	-0.100878	-0.171087	-0.211303	-0.218613	-0.190928	-0.132072	-0.0477279	0.0551365	0.163382	0.259332	0.319118	0.318808	0.251199	0.140405	0.0331788	-0.0459885	-0.0957051	-0.120115	-0.106555	-0.0508839	0.0369293	0.140178	0.240198	
-0.128092	-0.226096	-0.304547	-0.359136	-0.386702	-0.392415	-0.372517	-0.330065	-0.259446	-0.169606	-0.065133	0.0335592	0.110741	0.135837	0.101545	0.0238135	-0.0556202	-0.117669	-0.161802	-0.185356	-0.172899	-0.119547	-0.0368525	0.0547067	0.137282	
-0.303487	-0.38831	-0.451653	-0.490575	-0.507312	-0.510087	-0.499336	-0.470179	-0.416412	-0.339404	-0.247617	-0.152497	-0.0720921	-0.0305693	-0.0407033	-0.0863743	-0.134107	-0.171508	-0.200153	-0.217197	-0.202293	-0.150061	-0.0698607	0.0181185	0.0912669	
-0.418554	-0.488478	-0.537495	-0.56286	-0.5692	-0.570739	-0.566194	-0.550947	-0.510076	-0.449156	-0.369649	-0.287496	-0.21025	-0.166436	-0.160852	-0.183129	-0.200424	-0.208922	-0.214501	-0.214873	-0.192275	-0.138488	-0.0596414	0.0259603	0.097331	
-0.465973	-0.521916	-0.55801	-0.571498	-0.569677	-0.569162	-0.571337	-0.566182	-0.538852	-0.490358	-0.427195	-0.358496	-0.295219	-0.256625	-0.2506	-0.259549	-0.256724	-0.239721	-0.219124	-0.197246	-0.158522	-0.0992902	-0.0204558	0.0641581	0.134494	
-0.461151	-0.504097	-0.529905	-0.533505	-0.524869	-0.523016	-0.530001	-0.534114	-0.516435	-0.480376	-0.429881	-0.378107	-0.329209	-0.305668	-0.306084	-0.315559	-0.302198	-0.267822	-0.223095	-0.173164	-0.111086	-0.0354275	0.0501584	0.137256	0.210641	
-0.415913	-0.450024	-0.467583	-0.46436	-0.450066	-0.447394	-0.458156	-0.468987	-0.459103	-0.431126	-0.392074	-0.352577	-0.32008	-0.310541	-0.325139	-0.340538	-0.328144	-0.284378	-0.22048	-0.142942	-0.049018	0.0523487	0.157936	0.256923	0.3379	
-0.344108	-0.371903	-0.385548	-0.376838	-0.359479	-0.355363	-0.369478	-0.384458	-0.379485	-0.356505	-0.323756	-0.293815	-0.271985	-0.276721	-0.30321	-0.330544	-0.323921	-0.280423	-0.205276	-0.104051	0.0201672	0.155396	0.28901	0.411218	0.507758	
-0.268938	-0.294556	-0.30482	-0.293802	-0.273016	-0.269076	-0.284592	-0.303272	-0.300759	-0.280613	-0.251677	-0.227008	-0.214145	-0.228533	-0.268331	-0.307019	-0.3133	-0.27685	-0.200694	-0.0859819	0.0640518	0.230289	0.399974	0.554271	0.67876	
-0.220091	-0.243239	-0.252902	-0.238727	-0.216896	-0.21155	-0.229524	-0.249676	-0.249635	-0.230433	-0.203695	-0.182593	-0.175094	-0.19833	-0.247702	-0.30002	-0.319882	-0.297806	-0.228896	-0.110974	0.0531265	0.246022	0.448476	0.642887	0.805728	
-0.208131	-0.2313	-0.239038	-0.22405	-0.199764	-0.194882	-0.213336	-0.235946	-0.236684	-0.218651	-0.192839	-0.173672	-0.170396	-0.198757	-0.257163	-0.319382	-0.354642	-0.347536	-0.291957	-0.179355	-0.010041	0.197889	0.429532	0.661093	0.869776	
-0.220862	-0.242845	-0.250881	-0.233749	-0.209112	-0.203076	-0.223272	-0.24647	-0.248675	-0.230484	-0.205234	-0.186952	-0.185573	-0.218081	-0.281388	-0.353061	-0.400102	-0.409542	-0.369025	-0.26811	-0.104232	0.108802	0.355341	0.617215	0.865525	
-0.244579	-0.267427	-0.274346	-0.257039	-0.230821	-0.22518	-0.245595	-0.270245	-0.272727	-0.254787	-0.229431	-0.211169	-0.211164	-0.245002	-0.312531	-0.389252	-0.447203	-0.46945	-0.44469	-0.35773	-0.204613	0.00259133	0.254404	0.53177	0.811098	
-0.267427	-0.289437	-0.296727	-0.277992	-0.251612	-0.245286	-0.266741	-0.291873	-0.295174	-0.277235	-0.251867	-0.233933	-0.234244	-0.26991	-0.339091	-0.421014	-0.486032	-0.520456	-0.508981	-0.436827	-0.298024	-0.101666	0.144034	0.426989	0.722563	
-0.274346	-0.296727	-0.302945	-0.283941	-0.256584	-0.250371	-0.272194	-0.298126	-0.302114	-0.284373	-0.259597	-0.24168	-0.243364	-0.279595	-0.351549	-0.436236	-0.508446	-0.551652	-0.552645	-0.494008	-0.370056	-0.188821	0.0457849	0.322573	0.623333	
-0.257039	-0.277992	-0.283941	-0.263783	-0.236064	-0.229603	-0.251849	-0.278597	-0.283155	-0.266452	-0.242138	-0.225838	-0.2285	-0.267424	-0.341412	-0.430879	-0.508714	-0.561266	-0.572933	-0.527476	-0.418462	-0.252748	-0.0336047	0.232361	0.527556	
-0.230821	-0.251612	-0.256584	-0.236064	-0.207924	-0.201271	-0.224041	-0.250923	-0.256531	-0.239907	-0.217015	-0.201042	-0.205827	-0.245738	-0.322749	-0.414709	-0.497736	-0.556087	-0.575841	-0.53963	-0.441416	-0.287975	-0.0807094	0.174034	0.462194	
-0.22518	-0.245286	-0.250371	-0.229603	-0.201271	-0.194841	-0.217284	-0.244807	-0.249948	-0.23421	-0.210803	-0.195945	-0.200358	-0.241514	-0.31846	-0.411761	-0.495419	-0.555344	-0.576564	-0.542145	-0.446104	-0.29473	-0.089855	0.163127	0.449648	
-0.245595	-0.266741	-0.272194	-0.251849	-0.224041	-0.217284	-0.2401	-0.266565	-0.272006	-0.254823	-0.231593	-0.214933	-0.218994	-0.257888	-0.333514	-0.42382	-0.504197	-0.559389	-0.574816	-0.533791	-0.429837	-0.270008	-0.0564206	0.20429	0.496388	
-0.270245	-0.291873	-0.298126	-0.278597	-0.250923	-0.244807	-0.266565	-0.293245	-0.297042	-0.280109	-0.255035	-0.238227	-0.239947	-0.277556	-0.350052	-0.4368	-0.511375	-0.558422	-0.563981	-0.510655	-0.392942	-0.217879	0.0108295	0.283826	0.583334	
-0.272727	-0.295174	-0.302114	-0.283155	-0.256531	-0.249948	-0.272006	-0.297042	-0.301063	-0.282516	-0.257788	-0.239289	-0.240529	-0.275923	-0.346279	-0.429108	-0.497058	-0.535186	-0.528621	-0.462085	-0.329122	-0.138609	0.103193	0.384688	0.683595	
-0.254787	-0.277235	-0.284373	-0.266452	-0.239907	-0.23421	-0.254823	-0.280109	-0.282516	-0.26487	-0.239123	-0.221383	-0.221443	-0.256185	-0.324478	-0.403322	-0.464699	-0.491842	-0.472897	-0.391675	-0.244209	-0.0407712	0.209889	0.490807	0.778479	
-0.229431	-0.251867	-0.259597	-0.242138	-0.217015	-0.210803	-0.231593	-0.255035	-0.257788	-0.239123	-0.214202	-0.195677	-0.195272	-0.228265	-0.293348	-0.367361	-0.41892	-0.434029	-0.399653	-0.304329	-0.144291	0.0673581	0.317118	0.586823	0.84876	
-0.211169	-0.233933	-0.24168	-0.225838	-0.201042	-0.195945	-0.214933	-0.238227	-0.239289	-0.221383	-0.195677	-0.177179	-0.175074	-0.205171	-0.266102	-0.332006	-0.372877	-0.372131	-0.322759	-0.214024	-0.0459349	0.165258	0.404884	0.649837	0.875639	
-0.211164	-0.234244	-0.243364	-0.2285	-0.205827	-0.200358	-0.218994	-0.239947	-0.240529	-0.221443	-0.195272	-0.175074	-0.169575	-0.195215	-0.248099	-0.30485	-0.330732	-0.314818	-0.250483	-0.133758	0.0334226	0.233865	0.448796	0.658886	0.839639	
-0.245002	-0.26991	-0.279595	-0.267424	-0.245738	-0.241514	-0.257888	-0.277556	-0.275923	-0.256185	-0.228265	-0.205171	-0.195215	-0.213004	-0.257292	-0.300922	-0.313147	-0.281578	-0.207613	-0.0903018	0.0667807	0.244326	0.428108	0.597809	0.736646	
-0.312531	-0.339091	-0.351549	-0.341412	-0.322749	-0.31846	-0.333514	-0.350052	-0.346279	-0.324478	-0.293348	-0.266102	-0.248099	-0.257292	-0.288728	-0.320692	-0.318575	-0.277147	-0.200386	-0.0921286	0.0429298	0.191369	0.338602	0.47277	0.578711	
-0.389252	-0.421014	-0.436236	-0.430879	-0.414709	-0.411761	-0.42382	-0.4368	-0.429108	-0.403322	-0.367361	-0.332006	-0.30485	-0.300922	-0.320692	-0.340051	-0.329687	-0.284933	-0.215269	-0.127499	-0.0207183	0.0932987	0.209658	0.316472	0.4026	
-0.447203	-0.486032	-0.508446	-0.508714	-0.497736	-0.495419	-0.504197	-0.511375	-0.497058	-0.464699	-0.41892	-0.372877	-0.330732	-0.313147	-0.318575	-0.329687	-0.315906	-0.27653	-0.223752	-0.161887	-0.0883548	-0.00316429	0.0885414	0.179297	0.254945	
-0.46945	-0.520456	-0.551652	-0.561266	-0.556087	-0.555344	-0.559389	-0.558422	-0.535186	-0.491842	-0.434029	-0.372131	-0.314818	-0.281578	-0.277147	-0.284933	-0.27653	-0.251943	-0.220812	-0.188466	-0.141004	-0.0770877	0.00354674	0.0884382	0.159532	
-0.44469	-0.508981	-0.552645	-0.572933	-0.575841	-0.576564	-0.574816	-0.563981	-0.528621	-0.472897	-0.399653	-0.322759	-0.250483	-0.207613	-0.200386	-0.215269	-0.223752	-0.220812	-0.216658	-0.208056	-0.180728	-0.125404	-0.0472536	0.03781	0.108714	
-0.35773	-0.436827	-0.494008	-0.527476	-0.53963	-0.542145	-0.533791	-0.510655	-0.462085	-0.391675	-0.304329	-0.214024	-0.133758	-0.0903018	-0.0921286	-0.127499	-0.161887	-0.188466	-0.208056	-0.219703	-0.202238	-0.149879	-0.0701768	0.01727	0.089112	
-0.204613	-0.298024	-0.370056	-0.418462	-0.441416	-0.446104	-0.429837	-0.392942	-0.329122	-0.244209	-0.144291	-0.0459349	0.0334226	0.0667807	0.0429298	-0.0207183	-0.0883548	-0.141004	-0.180728	-0.202238	-0.189649	-0.137054	-0.0554909	0.0338945	0.111907	
0.00259133	-0.101666	-0.188821	-0.252748	-0.287975	-0.29473	-0.270008	-0.217879	-0.138609	-0.0407712	0.0673581	0.165258	0.233865	0.244326	0.191369	0.0932987	-0.00316429	-0.0770877	-0.125404	-0.149879	-0.137054	-0.0822721	0.00253436	0.100571	0.192435	
0.254404	0.144034	0.0457849	-0.0336047	-0.0807094	-0.089855	-0.0564206	0.0108295	0.103193	0.209889	0.317118	0.404884	0.448796	0.428108	0.338602	0.209658	0.0885414	0.00354674	-0.0472536	-0.0701768	-0.0554909	0.00253436	0.0969591	0.211283	0.325097	
0.53177	0.426989	0.322573	0.232361	0.174034	0.163127	0.20429	0.283826	0.384688	0.490807	0.586823	0.649837	0.658886	0.597809	0.47277	0.316472	0.179297	0.0884382	0.03781	0.01727	0.0338945	0.100571	0.211283	0.349089	0.485641	
0.811098	0.722563	0.623333	0.527556	0.462194	0.449648	0.496388	0.583334	0.683595	0.778479	0.84876	0.875639	0.839639	0.736646	0.578711	0.4026	0.254945	0.159532	0.108714	0.089112	0.111907	0.192435	0.325097	0.485641	0.637323	
