-0.108445	-0.0693605	-0.00782316	0.0616989	0.121397	0.133993	0.0890405	0.0192669	-0.0466692	-0.0963711	-0.117395	-0.109072	-0.0849386	-0.05195	-0.00843678	0.0556461	0.124729	0.179477	0.219822	0.252717	0.274641	0.288376	0.305123	0.325355	0.349951	
-0.272539	-0.216248	-0.141055	-0.0569163	0.00713223	0.0191049	-0.0269044	-0.107484	-0.188149	-0.252624	-0.295756	-0.310016	-0.312181	-0.307129	-0.276297	-0.217858	-0.147558	-0.0756269	-0.0114796	0.041694	0.0820596	0.114426	0.150553	0.187965	0.217694	
-0.452639	-0.373651	-0.283982	-0.190554	-0.123278	-0.112514	-0.158152	-0.245919	-0.338669	-0.423163	-0.490528	-0.523169	-0.539132	-0.548123	-0.52962	-0.478469	-0.410498	-0.334216	-0.255464	-0.189634	-0.144629	-0.097469	-0.0373457	0.014354	0.054087	
-0.613294	-0.515551	-0.406287	-0.301709	-0.233243	-0.221104	-0.268816	-0.362501	-0.472068	-0.576193	-0.661867	-0.714397	-0.744587	-0.759621	-0.749818	-0.712949	-0.649109	-0.575492	-0.497955	-0.429458	-0.380265	-0.321017	-0.243359	-0.176675	-0.122886	
-0.736565	-0.623274	-0.500753	-0.38699	-0.307866	-0.294293	-0.34838	-0.45423	-0.573169	-0.693633	-0.792816	-0.858362	-0.901157	-0.924554	-0.927093	-0.904149	-0.857026	-0.789821	-0.717013	-0.643026	-0.582466	-0.516833	-0.430058	-0.348735	-0.279938	
-0.805625	-0.687921	-0.556918	-0.430185	-0.344993	-0.329531	-0.388767	-0.504122	-0.636045	-0.760759	-0.867452	-0.944281	-0.999773	-1.03772	-1.05175	-1.04562	-1.01082	-0.949182	-0.877795	-0.798584	-0.720389	-0.64322	-0.560513	-0.477583	-0.398882	
-0.814911	-0.697068	-0.564598	-0.428969	-0.335644	-0.319637	-0.383176	-0.509316	-0.645702	-0.770016	-0.876272	-0.961147	-1.03096	-1.08619	-1.11589	-1.11617	-1.08521	-1.02025	-0.949435	-0.867221	-0.781006	-0.703276	-0.634869	-0.55958	-0.471785	
-0.757938	-0.641239	-0.506997	-0.375363	-0.284675	-0.270106	-0.330825	-0.452038	-0.589282	-0.713587	-0.819675	-0.908933	-0.987826	-1.05481	-1.09958	-1.09978	-1.06588	-1.00582	-0.935548	-0.856259	-0.782266	-0.717622	-0.661658	-0.600739	-0.514648	
-0.641111	-0.533114	-0.402939	-0.280946	-0.201077	-0.187305	-0.241943	-0.350979	-0.482753	-0.600764	-0.697246	-0.786373	-0.870032	-0.94216	-0.998242	-1.00857	-0.971791	-0.910119	-0.845641	-0.784278	-0.733121	-0.68812	-0.654287	-0.61035	-0.541305	
-0.487852	-0.389444	-0.275314	-0.178204	-0.118044	-0.106824	-0.148984	-0.233322	-0.344043	-0.450931	-0.537919	-0.618291	-0.700563	-0.772711	-0.829673	-0.847189	-0.81666	-0.757566	-0.698322	-0.650054	-0.617713	-0.604283	-0.598404	-0.580737	-0.54695	
-0.326941	-0.246698	-0.157409	-0.0845854	-0.0426464	-0.0358864	-0.0636376	-0.125546	-0.210459	-0.296461	-0.36985	-0.443235	-0.521772	-0.588238	-0.637152	-0.655125	-0.62912	-0.570931	-0.512182	-0.473781	-0.461286	-0.470959	-0.493277	-0.51758	-0.532828	
-0.20203	-0.137014	-0.0661667	-0.00598378	0.0262163	0.0314922	0.0107222	-0.039708	-0.109075	-0.176984	-0.2378	-0.301841	-0.366517	-0.419091	-0.448501	-0.457277	-0.43306	-0.380633	-0.324471	-0.28908	-0.286888	-0.313315	-0.36432	-0.431731	-0.500245	
-0.124189	-0.0711766	-0.00658405	0.0600621	0.0951035	0.0986673	0.0791516	0.0217291	-0.047495	-0.103376	-0.155924	-0.209943	-0.254845	-0.28544	-0.294952	-0.286498	-0.257626	-0.212199	-0.162631	-0.130264	-0.124999	-0.162808	-0.24126	-0.344547	-0.459203	
-0.0844238	-0.0299539	0.0356455	0.103404	0.144333	0.150917	0.124721	0.0640724	-0.00481406	-0.0640946	-0.114135	-0.157164	-0.187679	-0.202117	-0.193926	-0.168672	-0.131822	-0.0788908	-0.0278028	0.0061932	0.00798448	-0.042996	-0.141569	-0.272524	-0.420876	
-0.0611067	-0.006728	0.0612993	0.12501	0.166932	0.176398	0.14424	0.0887173	0.0195691	-0.0416092	-0.0865517	-0.125274	-0.149868	-0.153187	-0.137377	-0.102955	-0.0437491	0.0208624	0.074076	0.109212	0.104529	0.0374129	-0.0793509	-0.227293	-0.397061	
-0.0377805	0.0238471	0.0926599	0.148759	0.18631	0.194947	0.165681	0.117373	0.0514169	-0.0149659	-0.0673364	-0.108918	-0.124397	-0.120274	-0.103466	-0.0609425	0.00346364	0.0668843	0.118534	0.1501	0.137172	0.0598983	-0.0674115	-0.215956	-0.392036	
-0.00840197	0.0542733	0.121678	0.172161	0.203986	0.207752	0.187243	0.144725	0.0817282	0.0153098	-0.0414435	-0.0856238	-0.0987964	-0.0902685	-0.0687333	-0.0228292	0.032998	0.0853346	0.123497	0.137596	0.11563	0.0351713	-0.0904353	-0.238931	-0.416949	
0.0344253	0.0908955	0.145442	0.182174	0.203119	0.206128	0.192681	0.16235	0.113481	0.057404	0.00119275	-0.0437796	-0.0630835	-0.0580616	-0.0365312	0.00335352	0.0491706	0.0871185	0.102622	0.0960871	0.069132	-0.0111233	-0.134652	-0.287612	-0.469248	
0.0945573	0.1371	0.167375	0.182352	0.182709	0.184099	0.182216	0.17644	0.149897	0.113252	0.0637709	0.013751	-0.0184276	-0.0261949	-0.00919669	0.0163702	0.0480187	0.064504	0.0634398	0.0416961	0.00590407	-0.0689454	-0.185497	-0.340178	-0.52965	
0.147728	0.170367	0.177738	0.173823	0.161045	0.157751	0.168818	0.177964	0.174556	0.158916	0.12444	0.0757796	0.0360293	0.0143266	0.0117812	0.0189918	0.0289438	0.0260674	0.00994101	-0.0221082	-0.0614983	-0.120235	-0.222747	-0.377629	-0.571184	
0.175385	0.180426	0.168947	0.144655	0.11912	0.113592	0.133884	0.160129	0.177729	0.179286	0.162204	0.123026	0.0841862	0.0568327	0.0404973	0.0219936	0.00473981	-0.0116	-0.0395787	-0.0753644	-0.112285	-0.156801	-0.243059	-0.384124	-0.569533	
0.182735	0.16812	0.13392	0.0853326	0.0474069	0.0391529	0.0680802	0.11449	0.157314	0.179434	0.179952	0.154832	0.120246	0.0914398	0.0621582	0.0266217	-0.00866032	-0.0380222	-0.0717619	-0.103064	-0.133734	-0.177024	-0.250189	-0.371689	-0.537013	
0.169588	0.134588	0.0715804	-0.00292672	-0.0560275	-0.0661034	-0.0278839	0.0411942	0.112514	0.159381	0.176937	0.170289	0.148819	0.121389	0.0875606	0.0455464	-0.00660271	-0.049052	-0.0833322	-0.114031	-0.14196	-0.176001	-0.234283	-0.336067	-0.482713	
0.132792	0.0677498	-0.0225544	-0.114241	-0.179812	-0.192319	-0.146081	-0.0599921	0.032997	0.111185	0.154627	0.170214	0.168155	0.150889	0.122245	0.0791124	0.0229292	-0.0348272	-0.080855	-0.111111	-0.128617	-0.155079	-0.202046	-0.281874	-0.411497	
0.0635653	-0.0275372	-0.145164	-0.26	-0.336437	-0.348218	-0.298017	-0.192866	-0.0734909	0.0320849	0.101459	0.149706	0.174757	0.175714	0.160487	0.124904	0.0694789	0.00338731	-0.0474212	-0.0778045	-0.0949456	-0.11944	-0.15632	-0.222642	-0.337725	
-0.032763	-0.157294	-0.304212	-0.440822	-0.525138	-0.539298	-0.483194	-0.362296	-0.214552	-0.0791447	0.0277549	0.109408	0.158364	0.179381	0.18099	0.16138	0.118297	0.0570981	0.00662804	-0.0269046	-0.0524487	-0.074401	-0.104501	-0.165511	-0.271215	
-0.157294	-0.312502	-0.488652	-0.648046	-0.747269	-0.766488	-0.695343	-0.55799	-0.381137	-0.216959	-0.0757936	0.0333727	0.111247	0.158763	0.176648	0.178144	0.152518	0.109224	0.0671173	0.0367444	0.00436955	-0.020434	-0.0517936	-0.106449	-0.197594	
-0.304212	-0.488652	-0.690901	-0.870341	-0.985143	-1.00662	-0.925985	-0.768354	-0.568374	-0.375601	-0.20428	-0.0679055	0.0373901	0.112246	0.158048	0.176984	0.174099	0.154496	0.130973	0.105655	0.0725533	0.0465725	0.012254	-0.0391596	-0.117422	
-0.440822	-0.648046	-0.870341	-1.07008	-1.19707	-1.21834	-1.13218	-0.955884	-0.736666	-0.520679	-0.329229	-0.167835	-0.0441644	0.0522661	0.125376	0.164679	0.180866	0.182713	0.178105	0.158685	0.13353	0.112831	0.0811774	0.0225355	-0.0516461	
-0.525138	-0.747269	-0.985143	-1.19707	-1.33621	-1.36053	-1.26446	-1.07539	-0.842829	-0.609624	-0.408612	-0.238057	-0.103076	0.00863598	0.0946704	0.147548	0.174879	0.196478	0.206425	0.19423	0.174517	0.155159	0.118764	0.0542874	-0.014693	
-0.539298	-0.766488	-1.00662	-1.21834	-1.36053	-1.38676	-1.28642	-1.09639	-0.863298	-0.625767	-0.420219	-0.250305	-0.114202	0.000299446	0.0877722	0.143419	0.174617	0.199378	0.209088	0.2013	0.184351	0.162701	0.123023	0.0583653	-0.00909665	
-0.483194	-0.695343	-0.925985	-1.13218	-1.26446	-1.28642	-1.19654	-1.01438	-0.78723	-0.564615	-0.369025	-0.202481	-0.0716151	0.0320146	0.112193	0.157779	0.177988	0.189576	0.191903	0.175429	0.151656	0.13399	0.101457	0.0396561	-0.0330532	
-0.362296	-0.55799	-0.768354	-0.955884	-1.07539	-1.09639	-1.01438	-0.848886	-0.641407	-0.437973	-0.256864	-0.108761	0.00426246	0.0876937	0.146057	0.17312	0.179597	0.168243	0.152486	0.129013	0.0994191	0.0748475	0.0411644	-0.0124693	-0.0884913	
-0.214552	-0.381137	-0.568374	-0.736666	-0.842829	-0.863298	-0.78723	-0.641407	-0.454423	-0.278548	-0.12565	-0.0059747	0.0840848	0.144038	0.170968	0.179409	0.162252	0.127971	0.0932132	0.0645851	0.0313016	0.00493185	-0.028005	-0.0808399	-0.165085	
-0.0791447	-0.216959	-0.375601	-0.520679	-0.609624	-0.625767	-0.564615	-0.437973	-0.278548	-0.131518	-0.00915723	0.0837953	0.143381	0.174396	0.181122	0.170203	0.134177	0.0788463	0.0301526	-0.00311621	-0.0322088	-0.0545099	-0.0838525	-0.142552	-0.242986	
0.0277549	-0.0757936	-0.20428	-0.329229	-0.408612	-0.420219	-0.369025	-0.256864	-0.12565	-0.00915723	0.0742424	0.136785	0.171481	0.180201	0.171913	0.142334	0.0902838	0.0241396	-0.0270218	-0.0584367	-0.0785753	-0.102493	-0.13588	-0.19913	-0.310518	
0.109408	0.0333727	-0.0679055	-0.167835	-0.238057	-0.250305	-0.202481	-0.108761	-0.0059747	0.0837953	0.136785	0.164214	0.172749	0.162413	0.13792	0.0964086	0.0399071	-0.0225674	-0.0711096	-0.101632	-0.117706	-0.142285	-0.185463	-0.258594	-0.381166	
0.158364	0.111247	0.0373901	-0.0441644	-0.103076	-0.114202	-0.0716151	0.00426246	0.0840848	0.143381	0.171481	0.172749	0.1577	0.132915	0.0998427	0.0570665	0.00272443	-0.0463034	-0.0852949	-0.115041	-0.138764	-0.170289	-0.223141	-0.315512	-0.455787	
0.179381	0.158763	0.112246	0.0522661	0.00863598	0.000299446	0.0320146	0.0876937	0.144038	0.174396	0.180201	0.162413	0.132915	0.103597	0.0719132	0.0326166	-0.0113653	-0.0448695	-0.077743	-0.108575	-0.138911	-0.179195	-0.246534	-0.3601	-0.517757	
0.18099	0.176648	0.158048	0.125376	0.0946704	0.0877722	0.112193	0.146057	0.170968	0.181122	0.171913	0.13792	0.0998427	0.0719132	0.0496309	0.0229818	-0.00147118	-0.0241029	-0.0557793	-0.0898838	-0.122651	-0.166956	-0.247844	-0.381655	-0.558974	
0.16138	0.178144	0.176984	0.164679	0.147548	0.143419	0.157779	0.17312	0.179409	0.170203	0.142334	0.0964086	0.0570665	0.0326166	0.0229818	0.0198625	0.018114	0.00997382	-0.0102267	-0.0451479	-0.0857695	-0.136789	-0.232923	-0.383461	-0.574968	
0.118297	0.152518	0.174099	0.180866	0.174879	0.174617	0.177988	0.179597	0.162252	0.134177	0.0902838	0.0399071	0.00272443	-0.0113653	-0.00147118	0.018114	0.0431236	0.0502234	0.0419491	0.0162	-0.0215677	-0.0911255	-0.202487	-0.358532	-0.550666	
0.0570981	0.109224	0.154496	0.182713	0.196478	0.199378	0.189576	0.168243	0.127971	0.0788463	0.0241396	-0.0225674	-0.0463034	-0.0448695	-0.0241029	0.00997382	0.0502234	0.0807427	0.0890173	0.0757331	0.0455189	-0.033627	-0.155309	-0.309162	-0.493696	
0.00662804	0.0671173	0.130973	0.178105	0.206425	0.209088	0.191903	0.152486	0.0932132	0.0301526	-0.0270218	-0.0711096	-0.0852949	-0.077743	-0.0557793	-0.0102267	0.0419491	0.0890173	0.118186	0.123058	0.0990811	0.0186778	-0.106015	-0.255855	-0.435023	
-0.0269046	0.0367444	0.105655	0.158685	0.19423	0.2013	0.175429	0.129013	0.0645851	-0.00311621	-0.0584367	-0.101632	-0.115041	-0.108575	-0.0898838	-0.0451479	0.0162	0.0757331	0.123058	0.149974	0.133876	0.0538432	-0.0739939	-0.221509	-0.398842	
-0.0524487	0.00436955	0.0725533	0.13353	0.174517	0.184351	0.151656	0.0994191	0.0313016	-0.0322088	-0.0785753	-0.117706	-0.138764	-0.138911	-0.122651	-0.0857695	-0.0215677	0.0455189	0.0990811	0.133876	0.125242	0.0534234	-0.0690833	-0.218809	-0.392243	
-0.074401	-0.020434	0.0465725	0.112831	0.155159	0.162701	0.13399	0.0748475	0.00493185	-0.0545099	-0.102493	-0.142285	-0.170289	-0.179195	-0.166956	-0.136789	-0.0911255	-0.033627	0.0186778	0.0538432	0.0534234	-0.00537649	-0.110738	-0.250604	-0.408715	
-0.104501	-0.0517936	0.012254	0.0811774	0.118764	0.123023	0.101457	0.0411644	-0.028005	-0.0838525	-0.13588	-0.185463	-0.223141	-0.246534	-0.247844	-0.232923	-0.202487	-0.155309	-0.106015	-0.0739939	-0.0690833	-0.110738	-0.19797	-0.312856	-0.44314	
-0.165511	-0.106449	-0.0391596	0.0225355	0.0542874	0.0583653	0.0396561	-0.0124693	-0.0808399	-0.142552	-0.19913	-0.258594	-0.315512	-0.3601	-0.381655	-0.383461	-0.358532	-0.309162	-0.255855	-0.221509	-0.218809	-0.250604	-0.312856	-0.396545	-0.484571	
-0.271215	-0.197594	-0.117422	-0.0516461	-0.014693	-0.00909665	-0.0330532	-0.0884913	-0.165085	-0.242986	-0.310518	-0.381166	-0.455787	-0.517757	-0.558974	-0.574968	-0.550666	-0.493696	-0.435023	-0.398842	-0.392243	-0.408715	-0.44314	-0.484571	-0.521681	
