0.157292	0.0901169	-0.0142627	-0.118239	-0.194735	-0.210474	-0.154063	-0.0579707	0.0510261	0.136799	0.167769	0.138206	0.0619687	-0.0545435	-0.181246	-0.303165	-0.401177	-0.454489	-0.443604	-0.37682	-0.265052	-0.127442	0.0176748	0.141372	0.231783	
0.112736	-0.00524268	-0.153891	-0.288646	-0.379853	-0.396159	-0.332684	-0.211236	-0.0640864	0.0722627	0.155282	0.179963	0.141002	0.0456314	-0.0777744	-0.196089	-0.292643	-0.340627	-0.327665	-0.25697	-0.147044	-0.019228	0.110882	0.217533	0.288285	
0.0665689	-0.0965774	-0.28445	-0.448725	-0.554693	-0.572719	-0.50022	-0.354416	-0.172241	0.00706459	0.13852	0.209224	0.206601	0.140819	0.0353048	-0.0760338	-0.168311	-0.208369	-0.193885	-0.130759	-0.0351758	0.072559	0.176673	0.261172	0.311987	
0.0404318	-0.155668	-0.372995	-0.566759	-0.68946	-0.711851	-0.626825	-0.455833	-0.242206	-0.033123	0.134527	0.242299	0.27437	0.241097	0.16322	0.0678271	-0.0217335	-0.0629084	-0.0550224	-0.00558451	0.0661312	0.150676	0.227707	0.290442	0.321238	
0.0440513	-0.181605	-0.424718	-0.635392	-0.766289	-0.789236	-0.699669	-0.515463	-0.27969	-0.0416413	0.15762	0.29678	0.360926	0.353769	0.293571	0.207216	0.120075	0.0650288	0.055686	0.0882717	0.143521	0.205273	0.25599	0.294223	0.309315	
0.0886655	-0.169155	-0.430492	-0.644801	-0.778163	-0.801295	-0.710083	-0.523424	-0.276916	-0.0106954	0.224561	0.394626	0.480474	0.484303	0.420964	0.32401	0.227353	0.161446	0.131935	0.137898	0.166311	0.207135	0.238461	0.262664	0.269749	
0.177013	-0.103249	-0.37848	-0.600498	-0.740281	-0.766005	-0.66843	-0.475216	-0.216971	0.0680867	0.326024	0.51779	0.619497	0.62092	0.541573	0.420402	0.297292	0.20304	0.15156	0.130303	0.127513	0.13962	0.157504	0.175457	0.193925	
0.296905	0.00700737	-0.280501	-0.51338	-0.661706	-0.68955	-0.583824	-0.382454	-0.111936	0.184437	0.447436	0.640783	0.74923	0.746788	0.649802	0.497495	0.335695	0.195102	0.105051	0.0577759	0.0333807	0.0234638	0.03171	0.0555719	0.0891901	
0.430296	0.140546	-0.146861	-0.377344	-0.52849	-0.555564	-0.44987	-0.246952	0.020602	0.319398	0.579444	0.770713	0.869058	0.855192	0.735837	0.552687	0.34738	0.162205	0.0279842	-0.0524971	-0.0929368	-0.113363	-0.111108	-0.0882545	-0.0394193	
0.577114	0.297396	0.0229608	-0.195068	-0.331897	-0.357104	-0.261501	-0.0727546	0.183325	0.469444	0.72138	0.905286	0.987945	0.949291	0.802921	0.591202	0.349582	0.129047	-0.0414396	-0.153916	-0.219979	-0.251794	-0.254899	-0.230118	-0.174124	
0.733632	0.475449	0.222648	0.0212501	-0.0987162	-0.120649	-0.0369989	0.1337	0.370759	0.633467	0.867775	1.03469	1.09754	1.03665	0.867565	0.631964	0.365102	0.119148	-0.0819925	-0.224628	-0.317644	-0.362918	-0.369396	-0.339251	-0.283499	
0.884332	0.657873	0.43289	0.246623	0.135879	0.115452	0.192753	0.350989	0.566096	0.795327	1.00599	1.15188	1.19974	1.12407	0.943827	0.684703	0.399694	0.132971	-0.0867857	-0.257179	-0.371427	-0.43554	-0.452893	-0.417529	-0.352719	
1.02291	0.819559	0.614588	0.443687	0.344464	0.326891	0.394231	0.539848	0.736036	0.943352	1.13202	1.26143	1.29637	1.21844	1.03533	0.767683	0.465766	0.179094	-0.0564055	-0.242887	-0.373688	-0.455073	-0.48654	-0.466622	-0.398329	
1.13822	0.940832	0.747165	0.591926	0.500626	0.485351	0.546123	0.679532	0.860656	1.06112	1.24346	1.3674	1.39887	1.32535	1.14468	0.882156	0.581591	0.283517	0.0248307	-0.179635	-0.325798	-0.421423	-0.468906	-0.465962	-0.406195	
1.21601	1.01446	0.826001	0.677176	0.584986	0.568857	0.632175	0.760818	0.935629	1.1369	1.32578	1.45944	1.50499	1.44645	1.27748	1.02805	0.738488	0.443273	0.169957	-0.0553624	-0.22644	-0.339242	-0.400972	-0.413288	-0.371679	
1.25237	1.03731	0.839756	0.688012	0.595955	0.579207	0.643894	0.771954	0.954164	1.1673	1.37031	1.52082	1.59519	1.5648	1.42459	1.19735	0.926753	0.638889	0.365692	0.125125	-0.0681068	-0.206354	-0.284502	-0.313079	-0.289293	
1.24326	1.00955	0.801394	0.639988	0.544408	0.525579	0.594739	0.728897	0.922123	1.14925	1.37402	1.55333	1.66054	1.66431	1.56384	1.37791	1.13615	0.863447	0.594378	0.352078	0.145068	-0.0173578	-0.114327	-0.156305	-0.157016	
1.19172	0.946557	0.724934	0.55182	0.449838	0.431845	0.50163	0.64794	0.853899	1.09317	1.33607	1.54943	1.69627	1.74282	1.68507	1.54087	1.33762	1.10081	0.851928	0.613354	0.40443	0.23025	0.107714	0.0502632	0.0324854	
1.12336	0.860764	0.622717	0.442874	0.346644	0.331322	0.39368	0.541976	0.761002	1.01702	1.28214	1.52106	1.69788	1.78604	1.77932	1.68346	1.52315	1.3284	1.11709	0.897168	0.693204	0.5202	0.384765	0.306181	0.270115	
1.03974	0.761965	0.519452	0.338441	0.241546	0.22622	0.288747	0.438737	0.65913	0.925007	1.21366	1.47497	1.66986	1.78919	1.83065	1.78825	1.68115	1.5312	1.36123	1.16993	0.982847	0.820116	0.691339	0.596294	0.5416	
0.943353	0.665983	0.429901	0.243395	0.1375	0.11885	0.19085	0.347172	0.566858	0.827647	1.12068	1.3992	1.61966	1.7656	1.8359	1.83789	1.78623	1.68568	1.55447	1.40512	1.24655	1.09812	0.978601	0.879933	0.803798	
0.834372	0.556216	0.316647	0.134236	0.0315579	0.0143842	0.0835974	0.234357	0.455123	0.720678	1.00626	1.28103	1.52176	1.69793	1.78831	1.81391	1.80685	1.76241	1.67836	1.56995	1.44422	1.31391	1.19834	1.10003	1.01287	
0.685278	0.39933	0.162471	-0.00591332	-0.101237	-0.118006	-0.0526554	0.0859788	0.297508	0.567891	0.858535	1.1254	1.35957	1.54526	1.6608	1.71442	1.74023	1.73838	1.69921	1.63028	1.53784	1.42746	1.31775	1.22118	1.12606	
0.477319	0.20535	-0.0194431	-0.18501	-0.281378	-0.298288	-0.232718	-0.0931369	0.108853	0.363967	0.651198	0.92161	1.14627	1.32356	1.45729	1.53987	1.58806	1.61419	1.61621	1.58231	1.52183	1.43295	1.32991	1.22647	1.12071	
0.229663	-0.017952	-0.237369	-0.408913	-0.498938	-0.512971	-0.454934	-0.314253	-0.109441	0.127107	0.391951	0.663267	0.895136	1.06478	1.19251	1.29224	1.36281	1.41106	1.44545	1.44835	1.41301	1.34029	1.23855	1.12174	0.997586	
-0.027779	-0.273142	-0.490392	-0.653342	-0.73474	-0.746746	-0.695231	-0.56488	-0.364229	-0.128039	0.126378	0.380602	0.609025	0.78183	0.902336	1.00164	1.09211	1.16559	1.2259	1.25501	1.23576	1.17346	1.0736	0.94174	0.794717	
-0.273142	-0.524989	-0.730268	-0.879463	-0.9639	-0.978464	-0.921398	-0.797531	-0.613023	-0.377501	-0.117559	0.120251	0.325864	0.498695	0.625941	0.72324	0.821928	0.914418	0.987366	1.03201	1.03009	0.975619	0.873482	0.726825	0.548762	
-0.490392	-0.730268	-0.925911	-1.07481	-1.16172	-1.17689	-1.11773	-0.991775	-0.813743	-0.591382	-0.335934	-0.100525	0.0926105	0.257818	0.390757	0.48392	0.579109	0.686036	0.775705	0.828848	0.839275	0.786588	0.673907	0.5103	0.307761	
-0.653342	-0.879463	-1.07481	-1.22626	-1.30788	-1.32097	-1.26798	-1.14217	-0.961235	-0.747746	-0.506606	-0.269653	-0.0724742	0.0822614	0.203546	0.299775	0.398671	0.50951	0.609209	0.67411	0.689762	0.634836	0.509737	0.329924	0.112568	
-0.73474	-0.9639	-1.16172	-1.30788	-1.38539	-1.39802	-1.3471	-1.22819	-1.04757	-0.828555	-0.592231	-0.365515	-0.167143	-0.0162594	0.096022	0.198921	0.305798	0.40859	0.50904	0.582553	0.598378	0.542879	0.414971	0.223828	-0.00341084	
-0.746746	-0.978464	-1.17689	-1.32097	-1.39802	-1.41011	-1.3594	-1.24287	-1.06321	-0.840826	-0.605092	-0.381568	-0.183937	-0.0330327	0.076863	0.182617	0.291579	0.391377	0.489433	0.565439	0.582124	0.527085	0.398263	0.204651	-0.0249564	
-0.695231	-0.921398	-1.11773	-1.26798	-1.3471	-1.3594	-1.30771	-1.18576	-1.00402	-0.788801	-0.550359	-0.317719	-0.119106	0.033142	0.150998	0.249195	0.350392	0.458684	0.561696	0.630318	0.645357	0.589532	0.462216	0.277866	0.0564523	
-0.56488	-0.797531	-0.991775	-1.14217	-1.22819	-1.24287	-1.18576	-1.05788	-0.879282	-0.662757	-0.413705	-0.175536	0.018319	0.17847	0.307162	0.401959	0.497656	0.607666	0.701621	0.759463	0.772857	0.720327	0.602162	0.431175	0.221433	
-0.364229	-0.613023	-0.813743	-0.961235	-1.04757	-1.06321	-1.00402	-0.879282	-0.699138	-0.468434	-0.208233	0.0268213	0.224998	0.396159	0.527522	0.622102	0.719732	0.819102	0.898564	0.946468	0.950119	0.897108	0.791932	0.638549	0.449459	
-0.128039	-0.377501	-0.591382	-0.747746	-0.828555	-0.840826	-0.788801	-0.662757	-0.468434	-0.230218	0.0260274	0.272153	0.491882	0.666285	0.787617	0.885924	0.982251	1.06444	1.12947	1.16625	1.15505	1.09575	0.995376	0.857294	0.698763	
0.126378	-0.117559	-0.335934	-0.506606	-0.592231	-0.605092	-0.550359	-0.413705	-0.208233	0.0260274	0.284912	0.550382	0.783642	0.953222	1.07796	1.17844	1.25776	1.3156	1.36247	1.3773	1.34856	1.28015	1.17952	1.05769	0.924597	
0.380602	0.120251	-0.100525	-0.269653	-0.365515	-0.381568	-0.317719	-0.175536	0.0268213	0.272153	0.550382	0.823814	1.05076	1.22375	1.3566	1.44898	1.50557	1.54015	1.55579	1.53768	1.48787	1.40673	1.30461	1.1958	1.08311	
0.609025	0.325864	0.0926105	-0.0724742	-0.167143	-0.183937	-0.119106	0.018319	0.224998	0.491882	0.783642	1.05076	1.27948	1.46337	1.588	1.65382	1.68927	1.70066	1.67877	1.62411	1.54374	1.44251	1.33602	1.23833	1.13942	
0.78183	0.498695	0.257818	0.0822614	-0.0162594	-0.0330327	0.033142	0.17847	0.396159	0.666285	0.953222	1.22375	1.46337	1.64692	1.74691	1.78297	1.7908	1.7654	1.69916	1.60668	1.49537	1.37277	1.25907	1.16065	1.07111	
0.902336	0.625941	0.390757	0.203546	0.096022	0.076863	0.150998	0.307162	0.527522	0.787617	1.07796	1.3566	1.588	1.74691	1.82601	1.8376	1.80525	1.72735	1.61468	1.48189	1.3364	1.19469	1.07681	0.978536	0.896485	
1.00164	0.72324	0.48392	0.299775	0.198921	0.182617	0.249195	0.401959	0.622102	0.885924	1.17844	1.44898	1.65382	1.78297	1.8376	1.81547	1.73164	1.60047	1.4455	1.27016	1.09343	0.935823	0.811163	0.713415	0.650361	
1.09211	0.821928	0.579109	0.398671	0.305798	0.291579	0.350392	0.497656	0.719732	0.982251	1.25776	1.50557	1.68927	1.7908	1.80525	1.73164	1.59115	1.41365	1.21884	1.00967	0.809964	0.64062	0.506734	0.420639	0.376083	
1.16559	0.914418	0.686036	0.50951	0.40859	0.391377	0.458684	0.607666	0.819102	1.06444	1.3156	1.54015	1.70066	1.7654	1.72735	1.60047	1.41365	1.19368	0.958644	0.725594	0.517803	0.342545	0.212591	0.146278	0.121869	
1.2259	0.987366	0.775705	0.609209	0.50904	0.489433	0.561696	0.701621	0.898564	1.12947	1.36247	1.55579	1.67877	1.69916	1.61468	1.4455	1.21884	0.958644	0.694312	0.453177	0.243929	0.0754452	-0.0317748	-0.078825	-0.0879169	
1.25501	1.03201	0.828848	0.67411	0.582553	0.565439	0.630318	0.759463	0.946468	1.16625	1.3773	1.53768	1.62411	1.60668	1.48189	1.27016	1.00967	0.725594	0.453177	0.210834	0.0109632	-0.138003	-0.223163	-0.257598	-0.242794	
1.23576	1.03009	0.839275	0.689762	0.598378	0.582124	0.645357	0.772857	0.950119	1.15505	1.34856	1.48787	1.54374	1.49537	1.3364	1.09343	0.809964	0.517803	0.243929	0.0109632	-0.170081	-0.292684	-0.360191	-0.379274	-0.344641	
1.17346	0.975619	0.786588	0.634836	0.542879	0.527085	0.589532	0.720327	0.897108	1.09575	1.28015	1.40673	1.44251	1.37277	1.19469	0.935823	0.64062	0.342545	0.0754452	-0.138003	-0.292684	-0.394311	-0.447526	-0.450291	-0.397411	
1.0736	0.873482	0.673907	0.509737	0.414971	0.398263	0.462216	0.602162	0.791932	0.995376	1.17952	1.30461	1.33602	1.25907	1.07681	0.811163	0.506734	0.212591	-0.0317748	-0.223163	-0.360191	-0.447526	-0.485092	-0.473137	-0.407412	
0.94174	0.726825	0.5103	0.329924	0.223828	0.204651	0.277866	0.431175	0.638549	0.857294	1.05769	1.1958	1.23833	1.16065	0.978536	0.713415	0.420639	0.146278	-0.078825	-0.257598	-0.379274	-0.450291	-0.473137	-0.441778	-0.373704	
0.794717	0.548762	0.307761	0.112568	-0.00341084	-0.0249564	0.0564523	0.221433	0.449459	0.698763	0.924597	1.08311	1.13942	1.07111	0.896485	0.650361	0.376083	0.121869	-0.0879169	-0.242794	-0.344641	-0.397411	-0.407412	-0.373704	-0.315351	
