0.248268	0.373064	0.488809	0.585467	0.651469	0.663612	0.616509	0.530575	0.42132	0.299006	0.172661	0.0506125	-0.0647555	-0.171476	-0.265626	-0.340317	-0.386092	-0.38721	-0.339978	-0.274922	-0.216348	-0.167644	-0.12579	-0.100486	-0.0846496	
0.289805	0.455423	0.614628	0.741722	0.820679	0.835502	0.779611	0.670239	0.520963	0.3561	0.193497	0.0342153	-0.120062	-0.263699	-0.388428	-0.484758	-0.531716	-0.521671	-0.452864	-0.360424	-0.273279	-0.198446	-0.136682	-0.0862563	-0.0417016	
0.315906	0.523378	0.712461	0.860899	0.955981	0.972499	0.9067	0.777264	0.602531	0.398744	0.195191	0.000164543	-0.191667	-0.370964	-0.516626	-0.606876	-0.636378	-0.607198	-0.517376	-0.39625	-0.277746	-0.176676	-0.0938468	-0.0231769	0.0431598	
0.319219	0.556364	0.774666	0.943035	1.04059	1.05631	0.991503	0.849605	0.647526	0.414155	0.179209	-0.0507387	-0.275238	-0.476683	-0.62612	-0.703103	-0.706604	-0.64016	-0.516793	-0.365351	-0.218154	-0.0871371	0.0195735	0.103437	0.185265	
0.296456	0.561348	0.796412	0.973542	1.07424	1.09053	1.02445	0.875141	0.660342	0.403646	0.1378	-0.116139	-0.351213	-0.553638	-0.696221	-0.75113	-0.721318	-0.621365	-0.46481	-0.276812	-0.0962711	0.064677	0.192617	0.2893	0.37747	
0.258598	0.536725	0.781407	0.961035	1.06393	1.08111	1.01196	0.862092	0.641281	0.371197	0.0908941	-0.17348	-0.410824	-0.598369	-0.718515	-0.748504	-0.689356	-0.555688	-0.369119	-0.147111	0.0645406	0.246073	0.397507	0.514428	0.613473	
0.211203	0.481757	0.718823	0.892632	0.994214	1.01056	0.943793	0.79569	0.582767	0.321388	0.0474221	-0.21143	-0.434468	-0.595042	-0.685715	-0.689164	-0.60459	-0.433321	-0.212129	0.0353912	0.27008	0.466188	0.625674	0.758331	0.870909	
0.163873	0.405157	0.615875	0.777743	0.873191	0.889227	0.824126	0.687874	0.49379	0.263199	0.0132514	-0.219428	-0.408032	-0.536271	-0.591064	-0.562449	-0.450352	-0.253507	-0.00350429	0.261419	0.511598	0.71798	0.87776	1.01239	1.1236	
0.129291	0.329045	0.509762	0.65784	0.748725	0.763045	0.702348	0.574501	0.40395	0.210847	0.0062436	-0.183226	-0.328318	-0.417434	-0.439895	-0.385278	-0.25895	-0.0533071	0.211764	0.489619	0.744558	0.95549	1.11849	1.24276	1.32879	
0.12646	0.276506	0.427357	0.556761	0.641	0.654832	0.597774	0.482875	0.337519	0.185966	0.0391172	-0.0990045	-0.203357	-0.255218	-0.256018	-0.189893	-0.0524055	0.155961	0.416005	0.69109	0.944533	1.15123	1.30929	1.41586	1.46877	
0.156913	0.262485	0.373057	0.467158	0.532146	0.545798	0.497393	0.413531	0.307407	0.197375	0.0998951	0.00953446	-0.0565523	-0.0820002	-0.0657605	0.00258984	0.145963	0.352661	0.60131	0.8612	1.10182	1.30167	1.4433	1.528	1.54705	
0.20293	0.268317	0.336838	0.395558	0.436821	0.444017	0.415134	0.361524	0.296437	0.226961	0.170353	0.120476	0.0799781	0.0672146	0.0928267	0.168495	0.30447	0.503291	0.739511	0.979268	1.20389	1.39567	1.52647	1.58352	1.56775	
0.243633	0.282139	0.317824	0.348962	0.364413	0.36571	0.357713	0.331157	0.296478	0.259151	0.221339	0.192908	0.179338	0.182352	0.211321	0.282142	0.407311	0.591517	0.808537	1.03198	1.24189	1.42227	1.5403	1.56975	1.52037	
0.264089	0.289822	0.306997	0.321898	0.322883	0.321739	0.323748	0.313873	0.297005	0.27556	0.246107	0.225233	0.222795	0.233449	0.263884	0.334122	0.454931	0.619598	0.810004	1.01606	1.20535	1.36228	1.46332	1.47523	1.40931	
0.255536	0.280749	0.292865	0.296685	0.295703	0.295757	0.296023	0.295505	0.287019	0.26688	0.236455	0.216544	0.210393	0.222104	0.257486	0.32387	0.439518	0.590283	0.760683	0.939124	1.10404	1.23483	1.31061	1.30782	1.23393	
0.218675	0.246341	0.260813	0.265435	0.268561	0.268843	0.267184	0.262344	0.254646	0.231275	0.197409	0.168685	0.155766	0.166371	0.20111	0.266488	0.372739	0.509694	0.661236	0.818779	0.960263	1.06612	1.11756	1.09867	1.01246	
0.155059	0.190026	0.216755	0.235077	0.249529	0.253169	0.241572	0.224393	0.202729	0.170059	0.129845	0.0960373	0.0754155	0.0743325	0.101992	0.163865	0.264861	0.389603	0.530545	0.673211	0.794666	0.873444	0.903385	0.869331	0.765925	
0.0655445	0.115885	0.160331	0.200102	0.228331	0.233676	0.21305	0.177222	0.134358	0.0860037	0.0345617	-0.010579	-0.0385453	-0.0457008	-0.0204012	0.0401917	0.1361	0.251549	0.387408	0.522382	0.626197	0.685311	0.690462	0.636061	0.514139	
-0.0509792	0.0158545	0.0832669	0.143127	0.175832	0.179482	0.160267	0.109598	0.0429442	-0.0248472	-0.0899343	-0.148656	-0.182288	-0.183435	-0.149067	-0.0799431	0.0154285	0.129578	0.259805	0.385081	0.473394	0.515459	0.49873	0.423444	0.290915	
-0.18208	-0.0924671	-0.00674051	0.0610636	0.101548	0.107037	0.081791	0.0225024	-0.0561283	-0.147182	-0.232091	-0.298405	-0.336702	-0.33226	-0.28377	-0.199001	-0.0925242	0.0267938	0.14956	0.267284	0.346317	0.378143	0.352724	0.266094	0.122288	
-0.302091	-0.198517	-0.100593	-0.0309759	0.00880683	0.0161448	-0.0111507	-0.0697558	-0.156521	-0.261561	-0.358606	-0.435289	-0.482536	-0.470811	-0.401965	-0.299662	-0.17681	-0.0491714	0.0732838	0.187973	0.262155	0.289213	0.26359	0.169392	0.0237379	
-0.388025	-0.274036	-0.172665	-0.1061	-0.0734985	-0.0686176	-0.0893069	-0.141604	-0.230655	-0.341968	-0.45482	-0.544136	-0.591157	-0.569764	-0.49128	-0.374069	-0.231327	-0.0922267	0.035381	0.143056	0.21612	0.245187	0.219443	0.124711	-0.0145414	
-0.430224	-0.315275	-0.214957	-0.14038	-0.105088	-0.0990506	-0.122435	-0.180977	-0.273259	-0.383566	-0.499811	-0.594578	-0.638497	-0.618106	-0.533691	-0.401458	-0.247273	-0.0991935	0.0288711	0.127829	0.194985	0.226604	0.204609	0.120214	-0.0116116	
-0.426538	-0.304778	-0.201533	-0.126761	-0.0851209	-0.0771859	-0.106046	-0.16811	-0.260495	-0.376673	-0.497455	-0.585219	-0.619691	-0.597983	-0.509084	-0.376895	-0.226917	-0.077595	0.0467213	0.132993	0.195331	0.224606	0.205977	0.140536	0.0304498	
-0.36463	-0.248299	-0.146707	-0.0692882	-0.0229581	-0.016832	-0.0455313	-0.113044	-0.204924	-0.317455	-0.431601	-0.519006	-0.548149	-0.520091	-0.43848	-0.31576	-0.17363	-0.0337696	0.0788368	0.160163	0.212846	0.236046	0.22271	0.177487	0.0989083	
-0.267347	-0.160682	-0.0642933	0.00976014	0.0552792	0.0614194	0.0328192	-0.0317685	-0.119768	-0.22509	-0.328587	-0.407928	-0.435572	-0.409081	-0.342177	-0.232737	-0.102991	0.0222508	0.122453	0.196079	0.24401	0.263995	0.255206	0.220995	0.17446	
-0.160682	-0.0600271	0.0267177	0.0892633	0.130041	0.139119	0.107944	0.0546437	-0.0227046	-0.120398	-0.216171	-0.286971	-0.317771	-0.295463	-0.232919	-0.136547	-0.0268051	0.0779467	0.163	0.22555	0.26985	0.288994	0.286236	0.273841	0.263378	
-0.0642933	0.0267177	0.105362	0.157895	0.186076	0.195191	0.169963	0.13081	0.0600615	-0.0274303	-0.115818	-0.184838	-0.215411	-0.19551	-0.131327	-0.0464647	0.0492794	0.131174	0.196692	0.244249	0.281648	0.303637	0.312835	0.327331	0.356914	
0.00976014	0.0892633	0.157895	0.202503	0.220438	0.22358	0.211638	0.180027	0.118059	0.0424389	-0.0383659	-0.108014	-0.140632	-0.125642	-0.0641782	0.0228247	0.113873	0.179929	0.223356	0.252639	0.28483	0.312677	0.33617	0.374287	0.435273	
0.0552792	0.130041	0.186076	0.220438	0.229045	0.228623	0.226899	0.202488	0.154761	0.086817	0.00823065	-0.0645497	-0.102537	-0.0928914	-0.0283178	0.0663289	0.148091	0.210955	0.243809	0.259484	0.284597	0.311811	0.344039	0.404599	0.491365	
0.0614194	0.139119	0.195191	0.22358	0.228623	0.226525	0.228709	0.209016	0.164544	0.0942801	0.0132274	-0.0570663	-0.0962197	-0.0876062	-0.0223492	0.0735099	0.151336	0.215784	0.248963	0.26008	0.285039	0.31085	0.34428	0.408737	0.503504	
0.0328192	0.107944	0.169963	0.211638	0.226899	0.228709	0.22042	0.190072	0.134161	0.0640034	-0.0141319	-0.0861548	-0.121416	-0.10876	-0.0459737	0.044506	0.131929	0.195263	0.232228	0.256203	0.284709	0.313017	0.341544	0.389389	0.461041	
-0.0317685	0.0546437	0.13081	0.180027	0.202488	0.209016	0.190072	0.155399	0.0866993	0.00360964	-0.0824108	-0.15086	-0.181329	-0.163243	-0.100494	-0.0164694	0.0776086	0.151968	0.208032	0.247309	0.283649	0.308007	0.323228	0.347258	0.390369	
-0.119768	-0.0227046	0.0600615	0.118059	0.154761	0.164544	0.134161	0.0866993	0.0124865	-0.0806269	-0.17354	-0.243279	-0.274902	-0.253158	-0.189157	-0.0979241	0.00440344	0.099395	0.178063	0.235499	0.276536	0.295665	0.29682	0.295871	0.301848	
-0.22509	-0.120398	-0.0274303	0.0424389	0.086817	0.0942801	0.0640034	0.00360964	-0.0806269	-0.183769	-0.283424	-0.358431	-0.387279	-0.362797	-0.299111	-0.195282	-0.0735261	0.0447787	0.13941	0.209369	0.255388	0.275158	0.268528	0.240473	0.208189	
-0.328587	-0.216171	-0.115818	-0.0383659	0.00823065	0.0132274	-0.0141319	-0.0824108	-0.17354	-0.283424	-0.392932	-0.478138	-0.506487	-0.478026	-0.40276	-0.284925	-0.146559	-0.0117179	0.0949543	0.173534	0.224543	0.245915	0.235061	0.194168	0.127938	
-0.407928	-0.286971	-0.184838	-0.108014	-0.0645497	-0.0570663	-0.0861548	-0.15086	-0.243279	-0.358431	-0.478138	-0.565996	-0.596645	-0.572485	-0.483972	-0.355218	-0.209154	-0.0627763	0.0582723	0.142804	0.20116	0.227176	0.2106	0.154577	0.0557104	
-0.435572	-0.317771	-0.215411	-0.140632	-0.102537	-0.0962197	-0.121416	-0.181329	-0.274902	-0.387279	-0.506487	-0.596645	-0.637918	-0.618523	-0.532171	-0.397534	-0.24421	-0.0932624	0.0346299	0.126077	0.192852	0.224179	0.203783	0.125089	0.00100835	
-0.409081	-0.295463	-0.19551	-0.125642	-0.0928914	-0.0876062	-0.10876	-0.163243	-0.253158	-0.362797	-0.478026	-0.572485	-0.618523	-0.596437	-0.515264	-0.391231	-0.241972	-0.0989628	0.0285507	0.134037	0.204244	0.235629	0.211141	0.119222	-0.0187842	
-0.342177	-0.232919	-0.131327	-0.0641782	-0.0283178	-0.0223492	-0.0459737	-0.100494	-0.189157	-0.299111	-0.40276	-0.483972	-0.532171	-0.515264	-0.441531	-0.333957	-0.203238	-0.0706622	0.0540145	0.166362	0.240624	0.267233	0.241346	0.14562	0.00279331	
-0.232737	-0.136547	-0.0464647	0.0228247	0.0663289	0.0735099	0.044506	-0.0164694	-0.0979241	-0.195282	-0.284925	-0.355218	-0.397534	-0.391231	-0.333957	-0.241739	-0.128885	-0.00734555	0.114304	0.230779	0.306307	0.336439	0.311102	0.220572	0.0740738	
-0.102991	-0.0268051	0.0492794	0.113873	0.148091	0.151336	0.131929	0.0776086	0.00440344	-0.0735261	-0.146559	-0.209154	-0.24421	-0.241972	-0.203238	-0.128885	-0.0302716	0.0864904	0.213037	0.33429	0.418425	0.45556	0.4341	0.352625	0.215559	
0.0222508	0.0779467	0.131174	0.179929	0.210955	0.215784	0.195263	0.151968	0.099395	0.0447787	-0.0117179	-0.0627763	-0.0932624	-0.0989628	-0.0706622	-0.00734555	0.0864904	0.199559	0.33409	0.466128	0.56315	0.614648	0.609409	0.546506	0.419754	
0.122453	0.163	0.196692	0.223356	0.243809	0.248963	0.232228	0.208032	0.178063	0.13941	0.0949543	0.0582723	0.0346299	0.0285507	0.0540145	0.114304	0.213037	0.33409	0.47345	0.611905	0.725677	0.796092	0.816503	0.77547	0.664312	
0.196079	0.22555	0.244249	0.252639	0.259484	0.26008	0.256203	0.247309	0.235499	0.209369	0.173534	0.142804	0.126077	0.134037	0.166362	0.230779	0.33429	0.466128	0.611905	0.762343	0.896452	0.991015	1.03387	1.00872	0.915464	
0.24401	0.26985	0.281648	0.28483	0.284597	0.285039	0.284709	0.283649	0.276536	0.255388	0.224543	0.20116	0.192852	0.204244	0.240624	0.306307	0.418425	0.56315	0.725677	0.896452	1.05034	1.17105	1.23616	1.22763	1.14945	
0.263995	0.288994	0.303637	0.312677	0.311811	0.31085	0.313017	0.308007	0.295665	0.275158	0.245915	0.227176	0.224179	0.235629	0.267233	0.336439	0.45556	0.614648	0.796092	0.991015	1.17105	1.31783	1.40933	1.4153	1.34672	
0.255206	0.286236	0.312835	0.33617	0.344039	0.34428	0.341544	0.323228	0.29682	0.268528	0.235061	0.2106	0.203783	0.211141	0.241346	0.311102	0.4341	0.609409	0.816503	1.03387	1.23616	1.40933	1.52099	1.54154	1.48315	
0.220995	0.273841	0.327331	0.374287	0.404599	0.408737	0.389389	0.347258	0.295871	0.240473	0.194168	0.154577	0.125089	0.119222	0.14562	0.220572	0.352625	0.546506	0.77547	1.00872	1.22763	1.4153	1.54154	1.58705	1.55718	
0.17446	0.263378	0.356914	0.435273	0.491365	0.503504	0.461041	0.390369	0.301848	0.208189	0.127938	0.0557104	0.00100835	-0.0187842	0.00279331	0.0740738	0.215559	0.419754	0.664312	0.915464	1.14945	1.34672	1.48315	1.55718	1.56286	
