-0.0966068	-0.0989188	-0.0931604	-0.0932247	-0.10924	-0.114346	-0.0984593	-0.0911688	-0.0973677	-0.0987985	-0.0909096	-0.0725121	-0.0477568	-0.0271563	-0.0142145	-0.00162903	0.0323495	0.0931026	0.16005	0.222577	0.26661	0.270774	0.237951	0.196715	0.168384	
-0.0776586	-0.0866623	-0.0831697	-0.0856157	-0.104952	-0.110677	-0.0922084	-0.0822312	-0.0862095	-0.0828192	-0.0652342	-0.0333632	0.00259743	0.0298567	0.0555043	0.0891401	0.14079	0.216514	0.29861	0.366068	0.401106	0.39311	0.351747	0.301234	0.268568	
-0.0409319	-0.0604809	-0.064298	-0.0718247	-0.0928058	-0.0984647	-0.0794019	-0.0657592	-0.0632256	-0.0510719	-0.0201955	0.0287776	0.0788895	0.114203	0.153016	0.210103	0.280753	0.364481	0.447167	0.505655	0.522892	0.493388	0.433787	0.36559	0.311554	
0.0209844	-0.0138103	-0.0303362	-0.0458789	-0.0669791	-0.0719892	-0.0544357	-0.0359698	-0.0215459	0.00461074	0.0514905	0.117632	0.182685	0.228639	0.279099	0.352358	0.432021	0.512753	0.58562	0.620664	0.600734	0.535644	0.449924	0.360886	0.287838	
0.113763	0.0614914	0.0272904	0.000686727	-0.0193215	-0.0230605	-0.00851693	0.0157732	0.0462951	0.090601	0.155192	0.235507	0.310129	0.363144	0.419226	0.497806	0.574259	0.634443	0.675526	0.674144	0.613592	0.507079	0.389034	0.277179	0.186971	
0.240248	0.17098	0.117095	0.078863	0.0610735	0.0587261	0.0692157	0.0996145	0.147914	0.210351	0.288691	0.374934	0.449225	0.500702	0.550767	0.616674	0.672712	0.701364	0.700689	0.648882	0.540784	0.400827	0.260176	0.134756	0.0343373	
0.393037	0.314806	0.246514	0.199974	0.185447	0.184532	0.190431	0.224315	0.286302	0.360969	0.442265	0.518611	0.576864	0.614784	0.645773	0.683692	0.707076	0.692411	0.643163	0.548154	0.400947	0.231884	0.0784963	-0.0461341	-0.139769	
0.557046	0.486229	0.416658	0.370788	0.361833	0.36245	0.363367	0.394197	0.457216	0.529177	0.596322	0.643471	0.667345	0.679893	0.683299	0.680543	0.665674	0.614791	0.518573	0.380383	0.21071	0.0313347	-0.12939	-0.249139	-0.325674	
0.710237	0.668157	0.619024	0.589273	0.58967	0.59164	0.586436	0.603861	0.648267	0.69483	0.725698	0.726527	0.703208	0.68067	0.655809	0.615327	0.559248	0.474488	0.346555	0.176938	-0.0115412	-0.18893	-0.342786	-0.455049	-0.513378	
0.830167	0.839849	0.835886	0.839105	0.853077	0.856696	0.843955	0.835559	0.839005	0.836972	0.811661	0.754952	0.68289	0.624595	0.570966	0.499084	0.411916	0.297453	0.138659	-0.0520324	-0.248365	-0.421986	-0.560748	-0.650727	-0.677434	
0.907486	0.983015	1.04126	1.08919	1.11958	1.12503	1.10421	1.06173	1.00751	0.940632	0.850234	0.73606	0.620114	0.530092	0.452384	0.351571	0.230918	0.0909014	-0.0896805	-0.295875	-0.490122	-0.648382	-0.766158	-0.827603	-0.806174	
0.945518	1.08638	1.20856	1.30061	1.34558	1.35216	1.32458	1.25014	1.13781	1.00416	0.85145	0.690585	0.541164	0.416993	0.309741	0.18556	0.0326834	-0.140172	-0.337027	-0.541589	-0.719235	-0.846232	-0.919762	-0.941313	-0.878267	
0.955774	1.14813	1.31705	1.43658	1.48883	1.49583	1.46531	1.37205	1.21977	1.03541	0.833781	0.637031	0.462324	0.303259	0.15375	-0.000939497	-0.178567	-0.373272	-0.574596	-0.761627	-0.906674	-0.995584	-1.01429	-0.97012	-0.863304	
0.94541	1.1663	1.35205	1.47418	1.52526	1.53211	1.50276	1.40954	1.2459	1.03681	0.807244	0.585747	0.386391	0.191748	-0.000806755	-0.185756	-0.382735	-0.589004	-0.775698	-0.923993	-1.02206	-1.06777	-1.0447	-0.940217	-0.778175	
0.906518	1.12966	1.30353	1.41018	1.45717	1.46375	1.43534	1.35499	1.2062	0.999064	0.763828	0.532413	0.31564	0.0934724	-0.135379	-0.344655	-0.543983	-0.746953	-0.91858	-1.02721	-1.07229	-1.0647	-0.998659	-0.854217	-0.648497	
0.822519	1.02068	1.167	1.25653	1.30429	1.31207	1.27961	1.2096	1.08678	0.905271	0.691303	0.471008	0.251891	0.0247735	-0.216619	-0.448964	-0.653849	-0.836214	-0.981384	-1.06271	-1.06979	-1.00946	-0.890389	-0.707003	-0.475381	
0.683767	0.833892	0.94927	1.03034	1.0856	1.09652	1.0557	0.984858	0.885085	0.746557	0.583886	0.405178	0.205162	-0.010426	-0.239994	-0.478296	-0.697471	-0.869287	-0.97766	-1.02215	-1.00116	-0.901644	-0.734031	-0.516413	-0.269814	
0.50445	0.591517	0.672304	0.747877	0.808503	0.821432	0.775838	0.702329	0.624179	0.540411	0.448213	0.332825	0.17532	-0.0145881	-0.224268	-0.451318	-0.666777	-0.828627	-0.911099	-0.915412	-0.860875	-0.738363	-0.544062	-0.313153	-0.0708232	
0.311871	0.332137	0.370542	0.427012	0.474382	0.483759	0.448967	0.39159	0.344383	0.319503	0.29821	0.246415	0.140737	-0.00828181	-0.182559	-0.379436	-0.569261	-0.705149	-0.769469	-0.756082	-0.673788	-0.536685	-0.342643	-0.121235	0.0944054	
0.120948	0.0876199	0.0769221	0.0883233	0.0964552	0.0966765	0.0920897	0.0804646	0.0802101	0.106974	0.137887	0.138917	0.0907899	-0.00597743	-0.130934	-0.270905	-0.411158	-0.514825	-0.565321	-0.558102	-0.475887	-0.331549	-0.149138	0.051021	0.237202	
-0.063366	-0.133668	-0.196975	-0.247755	-0.288471	-0.297502	-0.266385	-0.217891	-0.160377	-0.0906771	-0.0284069	0.0108787	0.0257756	-0.00107124	-0.0714529	-0.153539	-0.230654	-0.295318	-0.331317	-0.329062	-0.266687	-0.137074	0.0254883	0.195943	0.35761	
-0.238979	-0.343133	-0.455672	-0.560637	-0.633826	-0.647205	-0.594892	-0.499465	-0.388337	-0.278865	-0.186206	-0.114632	-0.0526734	-0.0110062	-0.0140422	-0.0429477	-0.0672217	-0.0889766	-0.101954	-0.0868728	-0.0332741	0.0654619	0.191577	0.321139	0.449607	
-0.4072	-0.543778	-0.693699	-0.829296	-0.910111	-0.923084	-0.869293	-0.752454	-0.603305	-0.459868	-0.332781	-0.223706	-0.134651	-0.0583235	0.00319974	0.0442305	0.0741251	0.0952699	0.111054	0.14366	0.200699	0.274507	0.360827	0.451728	0.544237	
-0.567225	-0.724162	-0.891934	-1.03404	-1.11099	-1.12285	-1.07369	-0.955201	-0.791122	-0.627786	-0.478491	-0.339777	-0.2249	-0.128865	-0.0247062	0.0856032	0.179804	0.25143	0.306676	0.36007	0.42044	0.480268	0.538989	0.60239	0.666187	
-0.72234	-0.882347	-1.03702	-1.16221	-1.23687	-1.2498	-1.19892	-1.09178	-0.94593	-0.785957	-0.629035	-0.478677	-0.339056	-0.209323	-0.0709543	0.0822989	0.229866	0.359475	0.473556	0.569752	0.644898	0.699285	0.739057	0.774304	0.801708	
-0.878104	-1.02093	-1.13315	-1.22126	-1.28578	-1.29859	-1.25052	-1.16963	-1.06939	-0.938892	-0.78544	-0.629406	-0.472227	-0.307253	-0.13468	0.0461362	0.235257	0.428493	0.615428	0.772659	0.878733	0.934398	0.954685	0.952231	0.92658	
-1.02093	-1.12758	-1.19472	-1.2372	-1.26584	-1.2715	-1.25036	-1.21322	-1.15847	-1.06857	-0.941015	-0.790068	-0.619022	-0.425036	-0.217861	-0.00280492	0.231474	0.487631	0.74166	0.954371	1.09499	1.15902	1.16139	1.11636	1.02925	
-1.13315	-1.19472	-1.22747	-1.22762	-1.20881	-1.20377	-1.22117	-1.23206	-1.21161	-1.16067	-1.08019	-0.956742	-0.779262	-0.554388	-0.301791	-0.0344283	0.250675	0.551859	0.843756	1.08918	1.2596	1.34279	1.3402	1.25998	1.11424	
-1.22126	-1.2372	-1.22762	-1.19496	-1.15673	-1.14829	-1.17883	-1.21769	-1.23658	-1.23105	-1.19233	-1.09448	-0.919953	-0.674599	-0.376841	-0.0475865	0.292269	0.622545	0.922981	1.17432	1.35921	1.46043	1.4636	1.36541	1.18068	
-1.28578	-1.26584	-1.20881	-1.15673	-1.13088	-1.12713	-1.1429	-1.18537	-1.24531	-1.2853	-1.26582	-1.1702	-0.999041	-0.75317	-0.433808	-0.059718	0.326857	0.681574	0.981738	1.22398	1.40504	1.50986	1.51674	1.41459	1.21719	
-1.29859	-1.2715	-1.20377	-1.14829	-1.12713	-1.12495	-1.13584	-1.17755	-1.24636	-1.29618	-1.2794	-1.18233	-1.01136	-0.766837	-0.44542	-0.0635765	0.333177	0.694279	0.994201	1.23267	1.41128	1.5163	1.52393	1.42159	1.22318	
-1.25052	-1.25036	-1.22117	-1.17883	-1.1429	-1.13584	-1.16273	-1.20529	-1.24127	-1.25508	-1.22724	-1.13321	-0.960072	-0.712328	-0.4032	-0.0530587	0.308425	0.650188	0.950252	1.19743	1.3824	1.48769	1.4931	1.39204	1.19963	
-1.16963	-1.21322	-1.23206	-1.21769	-1.18537	-1.17755	-1.20529	-1.23083	-1.2241	-1.18964	-1.12834	-1.01793	-0.841138	-0.605436	-0.332673	-0.0403267	0.265961	0.579256	0.877029	1.1285	1.30782	1.39892	1.3974	1.30803	1.14366	
-1.06939	-1.15847	-1.21161	-1.23658	-1.24531	-1.24636	-1.24127	-1.2241	-1.18369	-1.10937	-0.999137	-0.857239	-0.682896	-0.476682	-0.252091	-0.0178347	0.235883	0.51201	0.78543	1.01522	1.16864	1.23855	1.23748	1.17712	1.0648	
-0.938892	-1.06857	-1.16067	-1.23105	-1.2853	-1.29618	-1.25508	-1.18964	-1.10937	-0.995143	-0.848685	-0.692212	-0.528993	-0.352206	-0.166532	0.0264366	0.233203	0.45251	0.667981	0.84881	0.968534	1.02726	1.04054	1.02039	0.970062	
-0.78544	-0.941015	-1.08019	-1.19233	-1.26582	-1.2794	-1.22724	-1.12834	-0.999137	-0.848685	-0.691585	-0.538276	-0.390133	-0.245256	-0.0935256	0.0709815	0.23544	0.389739	0.532389	0.652125	0.738446	0.793065	0.824679	0.845523	0.854388	
-0.629406	-0.790068	-0.956742	-1.09448	-1.1702	-1.18233	-1.13321	-1.01793	-0.857239	-0.692212	-0.538276	-0.392615	-0.266956	-0.159391	-0.0415282	0.0889655	0.205943	0.300313	0.37763	0.44512	0.509077	0.565311	0.615491	0.669289	0.720699	
-0.472227	-0.619022	-0.779262	-0.919953	-0.999041	-1.01136	-0.960072	-0.841138	-0.682896	-0.528993	-0.390133	-0.266956	-0.16886	-0.0856639	-0.00423683	0.0668242	0.122344	0.16297	0.192124	0.230937	0.28939	0.356776	0.430818	0.509738	0.589234	
-0.307253	-0.425036	-0.554388	-0.674599	-0.75317	-0.766837	-0.712328	-0.605436	-0.476682	-0.352206	-0.245256	-0.159391	-0.0856639	-0.0258608	-0.000981834	-0.0037724	-0.00714786	-0.0122381	-0.0153231	0.00712205	0.0621586	0.149322	0.258525	0.371118	0.484977	
-0.13468	-0.217861	-0.301791	-0.376841	-0.433808	-0.44542	-0.4032	-0.332673	-0.252091	-0.166532	-0.0935256	-0.0415282	-0.00423683	-0.000981834	-0.046375	-0.108217	-0.162576	-0.210087	-0.237484	-0.231466	-0.175578	-0.0583645	0.0916141	0.247322	0.397531	
0.0461362	-0.00280492	-0.0344283	-0.0475865	-0.059718	-0.0635765	-0.0530587	-0.0403267	-0.0178347	0.0264366	0.0709815	0.0889655	0.0668242	-0.0037724	-0.108217	-0.223992	-0.338988	-0.427678	-0.472739	-0.469554	-0.395002	-0.253084	-0.0766801	0.112496	0.288126	
0.235257	0.231474	0.250675	0.292269	0.326857	0.333177	0.308425	0.265961	0.235883	0.233203	0.23544	0.205943	0.122344	-0.00714786	-0.162576	-0.338988	-0.511703	-0.635199	-0.693822	-0.681101	-0.594733	-0.453143	-0.263584	-0.0501635	0.153368	
0.428493	0.487631	0.551859	0.622545	0.681574	0.694279	0.650188	0.579256	0.51201	0.45251	0.389739	0.300313	0.16297	-0.0122381	-0.210087	-0.427678	-0.635199	-0.788512	-0.863214	-0.857025	-0.789824	-0.661089	-0.463823	-0.233923	-3.06014e-05	
0.615428	0.74166	0.843756	0.922981	0.981738	0.994201	0.950252	0.877029	0.78543	0.667981	0.532389	0.37763	0.192124	-0.0153231	-0.237484	-0.472739	-0.693822	-0.863214	-0.959279	-0.986676	-0.952908	-0.842124	-0.660642	-0.435129	-0.187547	
0.772659	0.954371	1.08918	1.17432	1.22398	1.23267	1.19743	1.1285	1.01522	0.84881	0.652125	0.44512	0.230937	0.00712205	-0.231466	-0.469554	-0.681101	-0.857025	-0.986676	-1.05465	-1.05042	-0.973121	-0.833669	-0.634761	-0.395155	
0.878733	1.09499	1.2596	1.35921	1.40504	1.41128	1.3824	1.30782	1.16864	0.968534	0.738446	0.509077	0.28939	0.0621586	-0.175578	-0.395002	-0.594733	-0.789824	-0.952908	-1.05042	-1.07847	-1.04857	-0.961301	-0.801571	-0.584396	
0.934398	1.15902	1.34279	1.46043	1.50986	1.5163	1.48769	1.39892	1.23855	1.02726	0.793065	0.565311	0.356776	0.149322	-0.0583645	-0.253084	-0.453143	-0.661089	-0.842124	-0.973121	-1.04857	-1.07329	-1.03502	-0.913659	-0.731422	
0.954685	1.16139	1.3402	1.4636	1.51674	1.52393	1.4931	1.3974	1.23748	1.04054	0.824679	0.615491	0.430818	0.258525	0.0916141	-0.0766801	-0.263584	-0.463823	-0.660642	-0.833669	-0.961301	-1.03502	-1.03594	-0.963994	-0.835075	
0.952231	1.11636	1.25998	1.36541	1.41459	1.42159	1.39204	1.30803	1.17712	1.02039	0.845523	0.669289	0.509738	0.371118	0.247322	0.112496	-0.0501635	-0.233923	-0.435129	-0.634761	-0.801571	-0.913659	-0.963994	-0.961711	-0.883683	
0.92658	1.02925	1.11424	1.18068	1.21719	1.22318	1.19963	1.14366	1.0648	0.970062	0.854388	0.720699	0.589234	0.484977	0.397531	0.288126	0.153368	-3.06014e-05	-0.187547	-0.395155	-0.584396	-0.731422	-0.835075	-0.883683	-0.843991	
