-0.762421	-0.74557	-0.694906	-0.606834	-0.487504	-0.35704	-0.202945	-0.029996	0.138998	0.297471	0.420336	0.498414	0.528285	0.533695	0.519115	0.463633	0.356849	0.222716	0.102294	0.0287185	0.00757688	0.0298712	0.0816446	0.149328	0.227302	
-0.74557	-0.746025	-0.712406	-0.643917	-0.532197	-0.39199	-0.235145	-0.0653298	0.0989939	0.253494	0.371147	0.440354	0.462664	0.461482	0.434436	0.366972	0.257558	0.13645	0.0441099	0.0136445	0.0508109	0.132748	0.226866	0.316245	0.399997	
-0.694906	-0.712406	-0.700211	-0.649144	-0.541175	-0.39804	-0.247253	-0.0891593	0.0628809	0.201744	0.304761	0.361357	0.372528	0.35478	0.301859	0.212108	0.0938631	-0.0147916	-0.0775484	-0.0615916	0.0345828	0.173823	0.307847	0.417327	0.507214	
-0.606834	-0.643917	-0.649144	-0.607799	-0.504584	-0.367394	-0.225135	-0.0813411	0.0474329	0.152249	0.225949	0.256024	0.246571	0.20352	0.124989	0.0184756	-0.103907	-0.201306	-0.231339	-0.174229	-0.0313181	0.155974	0.326092	0.450016	0.548328	
-0.487504	-0.532197	-0.541175	-0.504584	-0.418262	-0.303639	-0.174942	-0.049724	0.0477894	0.115315	0.155827	0.150306	0.105967	0.0317232	-0.0664843	-0.182491	-0.305317	-0.384955	-0.38951	-0.306216	-0.130005	0.0855042	0.283755	0.429666	0.529478	
-0.35704	-0.39199	-0.39804	-0.367394	-0.303639	-0.213491	-0.107372	-0.00943747	0.0579475	0.0962158	0.104114	0.0577722	-0.0283625	-0.133452	-0.253867	-0.379078	-0.493478	-0.557828	-0.541313	-0.43885	-0.249525	-0.0181654	0.197041	0.359664	0.467121	
-0.202945	-0.235145	-0.247253	-0.225135	-0.174942	-0.107372	-0.0273938	0.0418122	0.0829373	0.0948781	0.0632172	-0.0211447	-0.138942	-0.271605	-0.412762	-0.547726	-0.65567	-0.708631	-0.680733	-0.565269	-0.369213	-0.134726	0.0874633	0.260894	0.377692	
-0.029996	-0.0653298	-0.0891593	-0.0813411	-0.049724	-0.00943747	0.0418122	0.0891425	0.10935	0.088224	0.017373	-0.0934782	-0.23153	-0.385884	-0.541473	-0.680201	-0.783334	-0.82847	-0.791717	-0.666305	-0.466575	-0.235946	-0.0198469	0.152938	0.272643	
0.138998	0.0989939	0.0628809	0.0474329	0.0477894	0.0579475	0.0829373	0.10935	0.100709	0.0441635	-0.0545063	-0.178894	-0.331115	-0.495474	-0.650941	-0.782851	-0.875137	-0.907506	-0.859285	-0.720978	-0.522635	-0.296695	-0.0916091	0.0678916	0.177457	
0.297471	0.253494	0.201744	0.152249	0.115315	0.0962158	0.0948781	0.088224	0.0441635	-0.0425913	-0.156744	-0.292177	-0.446046	-0.603141	-0.737753	-0.845899	-0.913943	-0.924793	-0.858449	-0.715628	-0.522451	-0.302993	-0.10415	0.0402509	0.132569	
0.420336	0.371147	0.304761	0.225949	0.155827	0.104114	0.0632172	0.017373	-0.0545063	-0.156744	-0.280434	-0.416762	-0.562966	-0.703294	-0.810716	-0.882909	-0.912812	-0.879581	-0.784097	-0.632745	-0.446886	-0.241057	-0.0572336	0.0687548	0.134658	
0.498414	0.440354	0.361357	0.256024	0.150306	0.0577722	-0.0211447	-0.0934782	-0.178894	-0.292177	-0.416762	-0.54518	-0.670773	-0.783434	-0.858063	-0.889214	-0.870522	-0.79468	-0.669475	-0.507997	-0.328564	-0.141917	0.0234116	0.132645	0.177321	
0.528285	0.462664	0.372528	0.246571	0.105967	-0.0283625	-0.138942	-0.23153	-0.331115	-0.446046	-0.562966	-0.670773	-0.764325	-0.841641	-0.875126	-0.858103	-0.794534	-0.681922	-0.532017	-0.362298	-0.191002	-0.0274553	0.109124	0.195574	0.2291	
0.533695	0.461482	0.35478	0.20352	0.0317232	-0.133452	-0.271605	-0.385884	-0.495474	-0.603141	-0.703294	-0.783434	-0.841641	-0.87132	-0.852771	-0.786497	-0.681749	-0.539768	-0.376918	-0.210375	-0.0510707	0.08517	0.188741	0.251375	0.276034	
0.519115	0.434436	0.301859	0.124989	-0.0664843	-0.253867	-0.412762	-0.541473	-0.650941	-0.737753	-0.810716	-0.858063	-0.875126	-0.852771	-0.784904	-0.678045	-0.538391	-0.375457	-0.213355	-0.0603065	0.0789169	0.190547	0.265461	0.306722	0.320927	
0.463633	0.366972	0.212108	0.0184756	-0.182491	-0.379078	-0.547726	-0.680201	-0.782851	-0.845899	-0.882909	-0.889214	-0.858103	-0.786497	-0.678045	-0.538603	-0.372806	-0.20136	-0.0514347	0.0767746	0.186699	0.270826	0.319684	0.340171	0.338973	
0.356849	0.257558	0.0938631	-0.103907	-0.305317	-0.493478	-0.65567	-0.783334	-0.875137	-0.913943	-0.912812	-0.870522	-0.794534	-0.681749	-0.538391	-0.372806	-0.194147	-0.0283028	0.0983023	0.192781	0.267473	0.318104	0.340528	0.339687	0.318166	
0.222716	0.13645	-0.0147916	-0.201306	-0.384955	-0.557828	-0.708631	-0.82847	-0.907506	-0.924793	-0.879581	-0.79468	-0.681922	-0.539768	-0.375457	-0.20136	-0.0283028	0.116642	0.211534	0.27285	0.313113	0.332424	0.328266	0.305664	0.263901	
0.102294	0.0441099	-0.0775484	-0.231339	-0.38951	-0.541313	-0.680733	-0.791717	-0.859285	-0.858449	-0.784097	-0.669475	-0.532017	-0.376918	-0.213355	-0.0514347	0.0983023	0.211534	0.276136	0.308588	0.319984	0.314141	0.284032	0.237192	0.18733	
0.0287185	0.0136445	-0.0615916	-0.174229	-0.306216	-0.43885	-0.565269	-0.666305	-0.720978	-0.715628	-0.632745	-0.507997	-0.362298	-0.210375	-0.0603065	0.0767746	0.192781	0.27285	0.308588	0.311407	0.299985	0.267054	0.213699	0.155185	0.104029	
0.00757688	0.0508109	0.0345828	-0.0313181	-0.130005	-0.249525	-0.369213	-0.466575	-0.522635	-0.522451	-0.446886	-0.328564	-0.191002	-0.0510707	0.0789169	0.186699	0.267473	0.313113	0.319984	0.299985	0.260356	0.20667	0.140195	0.0745826	0.0250559	
0.0298712	0.132748	0.173823	0.155974	0.0855042	-0.0181654	-0.134726	-0.235946	-0.296695	-0.302993	-0.241057	-0.141917	-0.0274553	0.08517	0.190547	0.270826	0.318104	0.332424	0.314141	0.267054	0.20667	0.143451	0.0769306	0.0109698	-0.0446161	
0.0816446	0.226866	0.307847	0.326092	0.283755	0.197041	0.0874633	-0.0198469	-0.0916091	-0.10415	-0.0572336	0.0234116	0.109124	0.188741	0.265461	0.319684	0.340528	0.328266	0.284032	0.213699	0.140195	0.0769306	0.0153979	-0.0546211	-0.120872	
0.149328	0.316245	0.417327	0.450016	0.429666	0.359664	0.260894	0.152938	0.0678916	0.0402509	0.0687548	0.132645	0.195574	0.251375	0.306722	0.340171	0.339687	0.305664	0.237192	0.155185	0.0745826	0.0109698	-0.0546211	-0.131561	-0.202327	
0.227302	0.399997	0.507214	0.548328	0.529478	0.467121	0.377692	0.272643	0.177457	0.132569	0.134658	0.177321	0.2291	0.276034	0.320927	0.338973	0.318166	0.263901	0.18733	0.104029	0.0250559	-0.0446161	-0.120872	-0.202327	-0.266237	
0.322823	0.487679	0.594087	0.629579	0.604645	0.53541	0.445963	0.344911	0.24711	0.182847	0.157452	0.178981	0.222862	0.270616	0.309985	0.311353	0.272242	0.21003	0.133817	0.0589003	-0.0150366	-0.0884621	-0.168461	-0.245543	-0.304386	
0.435481	0.580039	0.673261	0.698178	0.664859	0.586721	0.492138	0.390343	0.285127	0.202476	0.153544	0.156021	0.19102	0.236197	0.26502	0.25364	0.21144	0.15313	0.082225	0.0138928	-0.0566104	-0.122888	-0.192671	-0.263164	-0.319385	
0.551468	0.672137	0.747905	0.766752	0.727336	0.648674	0.546014	0.431159	0.311865	0.206927	0.141829	0.125786	0.151106	0.185061	0.202666	0.189236	0.152773	0.101982	0.0371484	-0.0329678	-0.0931398	-0.146136	-0.202074	-0.261255	-0.315391	
0.64372	0.750252	0.8158	0.828934	0.791694	0.709048	0.595766	0.467337	0.334193	0.213221	0.133525	0.0996215	0.105529	0.130277	0.143592	0.131022	0.0999429	0.0501301	-0.0154356	-0.0757505	-0.122497	-0.163745	-0.208587	-0.258625	-0.302487	
0.696571	0.796724	0.859464	0.870788	0.830017	0.742073	0.619098	0.484223	0.350723	0.22467	0.136486	0.084048	0.0737504	0.0902432	0.10351	0.0929048	0.0577584	0.00269077	-0.0598662	-0.108392	-0.139265	-0.173659	-0.217595	-0.259622	-0.290854	
0.70643	0.805315	0.866799	0.880882	0.836734	0.74671	0.621984	0.486229	0.352873	0.227655	0.138559	0.0809709	0.0682339	0.0836555	0.0965298	0.0861044	0.0502425	-0.00836529	-0.0690252	-0.115761	-0.143157	-0.176655	-0.219969	-0.260519	-0.288164	
0.669499	0.77278	0.83702	0.848113	0.810558	0.726142	0.608316	0.476363	0.342915	0.217894	0.133587	0.0918834	0.0900731	0.110901	0.124598	0.11248	0.0801196	0.0290232	-0.0355922	-0.0906532	-0.130572	-0.168223	-0.212107	-0.258452	-0.297382	
0.592617	0.706319	0.777087	0.793533	0.755165	0.674662	0.568177	0.447376	0.320719	0.20872	0.13698	0.114676	0.132575	0.162525	0.177613	0.164223	0.131442	0.0820998	0.0167543	-0.050471	-0.106557	-0.154039	-0.204211	-0.260047	-0.310622	
0.483183	0.617466	0.703113	0.725675	0.687979	0.610167	0.512686	0.406424	0.297085	0.204671	0.149506	0.144467	0.176676	0.217194	0.240958	0.228006	0.187709	0.13209	0.0648141	-0.00518774	-0.0719021	-0.132805	-0.197493	-0.263298	-0.319152	
0.365809	0.523709	0.626399	0.657398	0.629963	0.555679	0.464545	0.364617	0.264396	0.193574	0.157278	0.171484	0.211411	0.25922	0.295375	0.290181	0.248162	0.186598	0.111663	0.0413344	-0.0316884	-0.104018	-0.181035	-0.256175	-0.313222	
0.263793	0.43455	0.542502	0.582531	0.561805	0.498465	0.409797	0.306633	0.210634	0.157457	0.148394	0.182035	0.230827	0.278082	0.32086	0.332744	0.302599	0.243643	0.166845	0.0863365	0.00924801	-0.0628678	-0.143032	-0.222896	-0.284107	
0.179261	0.350041	0.45423	0.492024	0.473545	0.408623	0.314418	0.207326	0.116682	0.0826317	0.101351	0.156763	0.214293	0.265193	0.314784	0.342054	0.333786	0.290586	0.217385	0.13336	0.0525405	-0.0134087	-0.0826172	-0.162316	-0.231338	
0.107135	0.263559	0.355055	0.379639	0.348885	0.269378	0.163568	0.0554938	-0.0213536	-0.0396051	0.00112313	0.0756789	0.150916	0.218573	0.285335	0.330491	0.341979	0.321811	0.266159	0.189473	0.112826	0.0501295	-0.0116005	-0.0840779	-0.154466	
0.0483003	0.170237	0.230221	0.230103	0.170101	0.0723089	-0.0418982	-0.145616	-0.210516	-0.218107	-0.161893	-0.0713424	0.0317351	0.131529	0.22445	0.294762	0.331102	0.333663	0.304948	0.247105	0.180238	0.116662	0.0528702	-0.0140208	-0.0736195	
0.0111884	0.0798589	0.0876783	0.0414229	-0.0453249	-0.158043	-0.27693	-0.375367	-0.432179	-0.435665	-0.365279	-0.253949	-0.124032	0.00654908	0.127827	0.223909	0.290667	0.323496	0.320657	0.290011	0.241677	0.182101	0.113667	0.0474755	-0.00351129	
0.0145777	0.0217291	-0.0302379	-0.125765	-0.24447	-0.372995	-0.495041	-0.593451	-0.647676	-0.642846	-0.56159	-0.437977	-0.293418	-0.144806	-0.00187165	0.123355	0.224981	0.291297	0.314719	0.308366	0.285765	0.242809	0.183105	0.121425	0.0717881	
0.065823	0.0229488	-0.0823951	-0.219794	-0.368388	-0.510903	-0.64467	-0.752294	-0.813607	-0.810125	-0.729256	-0.607957	-0.465327	-0.3099	-0.150944	0.00186787	0.138935	0.238556	0.292499	0.312814	0.314949	0.298964	0.258145	0.204932	0.153998	
0.170549	0.0938041	-0.0469146	-0.222623	-0.395982	-0.561345	-0.707885	-0.824341	-0.899436	-0.90798	-0.84905	-0.749924	-0.625726	-0.476674	-0.309559	-0.138103	0.0276361	0.161108	0.24279	0.292056	0.319876	0.32831	0.31445	0.281494	0.23461	
0.304657	0.208496	0.0465361	-0.148937	-0.34484	-0.527501	-0.68513	-0.809677	-0.895869	-0.926383	-0.907138	-0.8467	-0.754876	-0.628482	-0.474364	-0.302925	-0.124224	0.0349237	0.149331	0.229932	0.290286	0.328182	0.339761	0.330744	0.30027	
0.426249	0.326915	0.166981	-0.0299121	-0.233422	-0.428057	-0.595863	-0.727209	-0.825816	-0.878676	-0.901498	-0.888585	-0.838795	-0.749206	-0.626252	-0.474929	-0.302178	-0.131353	0.010673	0.126169	0.222087	0.293654	0.331834	0.343734	0.335292	
0.503422	0.413472	0.270562	0.0853982	-0.11085	-0.303322	-0.468618	-0.599193	-0.706691	-0.784653	-0.843605	-0.875395	-0.873954	-0.83121	-0.745818	-0.625541	-0.47422	-0.305775	-0.147715	-0.00348569	0.125449	0.226366	0.29064	0.324023	0.332722	
0.531218	0.453768	0.33803	0.17655	-0.00503784	-0.180358	-0.327246	-0.448968	-0.560064	-0.660585	-0.751047	-0.819094	-0.861502	-0.870423	-0.831689	-0.747226	-0.627301	-0.476224	-0.311726	-0.149586	0.00234105	0.129007	0.220274	0.27402	0.295126	
0.532372	0.464624	0.368564	0.233223	0.0793316	-0.0683333	-0.191157	-0.292289	-0.396264	-0.510473	-0.621304	-0.717983	-0.798278	-0.857986	-0.871571	-0.834724	-0.754149	-0.628746	-0.471849	-0.301688	-0.134354	0.0183694	0.141543	0.218499	0.248028	
0.515873	0.454008	0.371394	0.256643	0.136364	0.0263076	-0.0658452	-0.146075	-0.236857	-0.351817	-0.474621	-0.596693	-0.709988	-0.809345	-0.868891	-0.88078	-0.843802	-0.752587	-0.617057	-0.451465	-0.275131	-0.0974556	0.0579511	0.159405	0.198427	
0.456873	0.404703	0.332277	0.243166	0.159527	0.0925303	0.0359322	-0.0232671	-0.10147	-0.20845	-0.333521	-0.467697	-0.607469	-0.737903	-0.83343	-0.8899	-0.900729	-0.849301	-0.741148	-0.585513	-0.402268	-0.203507	-0.0271674	0.0919498	0.148004	
