0.204945	0.0421558	-0.122543	-0.271422	-0.397425	-0.489126	-0.536927	-0.52863	-0.464645	-0.359647	-0.227809	-0.07866	0.0672385	0.183803	0.254965	0.283529	0.282456	0.255142	0.217263	0.164834	0.111046	0.0725763	0.0491254	0.0485624	0.0790348	
0.0421558	-0.102795	-0.243688	-0.367154	-0.469165	-0.538981	-0.564922	-0.541384	-0.47232	-0.374596	-0.249212	-0.104912	0.0400306	0.146097	0.198328	0.204127	0.188669	0.156147	0.120127	0.0783328	0.0380452	0.0117148	0.00109121	0.0144015	0.068587	
-0.122543	-0.243688	-0.365335	-0.468738	-0.545335	-0.590201	-0.594858	-0.557543	-0.492823	-0.402598	-0.28978	-0.154005	-0.0162457	0.0810844	0.123122	0.123586	0.10366	0.0688819	0.0254545	-0.00509309	-0.0265422	-0.0350833	-0.0320293	-0.00382494	0.0727177	
-0.271422	-0.367154	-0.468738	-0.55682	-0.611295	-0.635229	-0.621697	-0.580023	-0.518147	-0.433301	-0.330975	-0.213818	-0.0994444	-0.0111343	0.0338529	0.0432624	0.0271808	-0.00930054	-0.0495566	-0.0723743	-0.0748206	-0.0669751	-0.0457907	0.00808801	0.107553	
-0.397425	-0.469165	-0.545335	-0.611295	-0.647948	-0.65701	-0.636677	-0.593776	-0.539001	-0.46771	-0.383274	-0.289546	-0.198347	-0.119664	-0.070871	-0.0486519	-0.0524732	-0.0758672	-0.104734	-0.120089	-0.104475	-0.0734287	-0.022146	0.0595721	0.184753	
-0.489126	-0.538981	-0.590201	-0.635229	-0.65701	-0.66068	-0.645271	-0.617662	-0.57631	-0.52399	-0.458168	-0.385317	-0.312348	-0.243478	-0.189095	-0.152212	-0.134944	-0.138162	-0.147702	-0.143125	-0.103392	-0.0393952	0.0422077	0.149295	0.293431	
-0.536927	-0.564922	-0.594858	-0.621697	-0.636677	-0.645271	-0.644285	-0.646419	-0.633708	-0.605396	-0.560618	-0.502619	-0.444939	-0.382298	-0.313641	-0.258716	-0.221691	-0.201782	-0.178994	-0.140449	-0.0711033	0.0254854	0.136683	0.2673	0.413764	
-0.52863	-0.541384	-0.557543	-0.580023	-0.593776	-0.617662	-0.646419	-0.675611	-0.698605	-0.696564	-0.676295	-0.638578	-0.58816	-0.523074	-0.442838	-0.371678	-0.312131	-0.257428	-0.195466	-0.123435	-0.0274667	0.0973533	0.234782	0.378053	0.514675	
-0.464645	-0.47232	-0.492823	-0.518147	-0.539001	-0.57631	-0.633708	-0.698605	-0.753465	-0.780829	-0.786537	-0.771851	-0.730157	-0.660992	-0.5723	-0.480503	-0.391606	-0.301145	-0.209226	-0.110465	0.0100411	0.150175	0.300483	0.446894	0.571421	
-0.359647	-0.374596	-0.402598	-0.433301	-0.46771	-0.52399	-0.605396	-0.696564	-0.780829	-0.840545	-0.8694	-0.873861	-0.842291	-0.774225	-0.679284	-0.566533	-0.452375	-0.340552	-0.223198	-0.101229	0.0332327	0.175066	0.323101	0.469141	0.581387	
-0.227809	-0.249212	-0.28978	-0.330975	-0.383274	-0.458168	-0.560618	-0.676295	-0.786537	-0.8694	-0.917847	-0.929962	-0.90238	-0.833445	-0.732741	-0.618376	-0.496707	-0.368513	-0.232245	-0.0938149	0.040077	0.177049	0.318856	0.450403	0.543665	
-0.07866	-0.104912	-0.154005	-0.213818	-0.289546	-0.385317	-0.502619	-0.638578	-0.771851	-0.873861	-0.929962	-0.939765	-0.905407	-0.83203	-0.735153	-0.626325	-0.508909	-0.373723	-0.230293	-0.0897976	0.0441826	0.175486	0.297601	0.399439	0.461965	
0.0672385	0.0400306	-0.0162457	-0.0994444	-0.198347	-0.312348	-0.444939	-0.58816	-0.730157	-0.842291	-0.90238	-0.905407	-0.862896	-0.791467	-0.700708	-0.59578	-0.481762	-0.354284	-0.214861	-0.074385	0.0599462	0.179685	0.274962	0.339073	0.369165	
0.183803	0.146097	0.0810844	-0.0111343	-0.119664	-0.243478	-0.382298	-0.523074	-0.660992	-0.774225	-0.833445	-0.83203	-0.791467	-0.725305	-0.637062	-0.531996	-0.426302	-0.308626	-0.174369	-0.0346183	0.0903005	0.191662	0.264528	0.30024	0.298695	
0.254965	0.198328	0.123122	0.0338529	-0.070871	-0.189095	-0.313641	-0.442838	-0.5723	-0.679284	-0.732741	-0.735153	-0.700708	-0.637062	-0.548523	-0.447781	-0.347354	-0.2362	-0.103061	0.0294178	0.140323	0.2222	0.274896	0.289945	0.264866	
0.283529	0.204127	0.123586	0.0432624	-0.0486519	-0.152212	-0.258716	-0.371678	-0.480503	-0.566533	-0.618376	-0.626325	-0.59578	-0.531996	-0.447781	-0.358462	-0.260492	-0.151686	-0.0226402	0.109437	0.217432	0.292049	0.330867	0.330623	0.284961	
0.282456	0.188669	0.10366	0.0271808	-0.0524732	-0.134944	-0.221691	-0.312131	-0.391606	-0.452375	-0.496707	-0.508909	-0.481762	-0.426302	-0.347354	-0.260492	-0.160721	-0.0481968	0.0823646	0.218636	0.334894	0.410624	0.444335	0.431007	0.368398	
0.255142	0.156147	0.0688819	-0.00930054	-0.0758672	-0.138162	-0.201782	-0.257428	-0.301145	-0.340552	-0.368513	-0.373723	-0.354284	-0.308626	-0.2362	-0.151686	-0.0481968	0.0708356	0.211154	0.354357	0.47967	0.565588	0.599022	0.582687	0.515736	
0.217263	0.120127	0.0254545	-0.0495566	-0.104734	-0.147702	-0.178994	-0.195466	-0.209226	-0.223198	-0.232245	-0.230293	-0.214861	-0.174369	-0.103061	-0.0226402	0.0823646	0.211154	0.361181	0.512501	0.6454	0.739968	0.780901	0.7697	0.71116	
0.164834	0.0783328	-0.00509309	-0.0723743	-0.120089	-0.143125	-0.140449	-0.123435	-0.110465	-0.101229	-0.0938149	-0.0897976	-0.074385	-0.0346183	0.0294178	0.109437	0.218636	0.354357	0.512501	0.670098	0.809469	0.917235	0.974239	0.973518	0.920985	
0.111046	0.0380452	-0.0265422	-0.0748206	-0.104475	-0.103392	-0.0711033	-0.0274667	0.0100411	0.0332327	0.040077	0.0441826	0.0599462	0.0903005	0.140323	0.217432	0.334894	0.47967	0.6454	0.809469	0.956738	1.07929	1.15289	1.16129	1.11421	
0.0725763	0.0117148	-0.0350833	-0.0669751	-0.0734287	-0.0393952	0.0254854	0.0973533	0.150175	0.175066	0.177049	0.175486	0.179685	0.191662	0.2222	0.292049	0.410624	0.565588	0.739968	0.917235	1.07929	1.21071	1.29306	1.31254	1.27816	
0.0491254	0.00109121	-0.0320293	-0.0457907	-0.022146	0.0422077	0.136683	0.234782	0.300483	0.323101	0.318856	0.297601	0.274962	0.264528	0.274896	0.330867	0.444335	0.599022	0.780901	0.974239	1.15289	1.29306	1.38496	1.42037	1.39832	
0.0485624	0.0144015	-0.00382494	0.00808801	0.0595721	0.149295	0.2673	0.378053	0.446894	0.469141	0.450403	0.399439	0.339073	0.30024	0.289945	0.330623	0.431007	0.582687	0.7697	0.973518	1.16129	1.31254	1.42037	1.46904	1.45005	
0.0790348	0.068587	0.0727177	0.107553	0.184753	0.293431	0.413764	0.514675	0.571421	0.581387	0.543665	0.461965	0.369165	0.298695	0.264866	0.284961	0.368398	0.515736	0.71116	0.920985	1.11421	1.27816	1.39832	1.45005	1.4357	
0.121161	0.146251	0.184556	0.249862	0.347147	0.459123	0.563341	0.639086	0.674798	0.660646	0.595712	0.488902	0.366156	0.265436	0.206317	0.20597	0.27211	0.412539	0.611792	0.830175	1.03544	1.20892	1.32848	1.37946	1.36459	
0.157425	0.223026	0.298688	0.395234	0.50855	0.618091	0.703402	0.754908	0.765857	0.7286	0.636719	0.501086	0.347923	0.21423	0.131701	0.112907	0.167426	0.29706	0.492639	0.722334	0.941008	1.11569	1.2319	1.27914	1.25432	
0.187894	0.28864	0.402706	0.52817	0.654042	0.759873	0.828266	0.857619	0.842446	0.774352	0.655892	0.496856	0.322846	0.165977	0.0592823	0.0244948	0.0708366	0.190318	0.38167	0.616118	0.838938	1.01275	1.12927	1.17571	1.13889	
0.226688	0.355308	0.493858	0.639175	0.768507	0.867779	0.924809	0.933406	0.888694	0.791716	0.648233	0.474204	0.287839	0.116776	0.000435927	-0.0444743	-0.00419516	0.112299	0.300709	0.53019	0.750235	0.926097	1.04159	1.08336	1.04284	
0.256342	0.402185	0.560091	0.716114	0.845417	0.93971	0.986103	0.98114	0.918535	0.800307	0.639205	0.451278	0.253379	0.0763069	-0.0381424	-0.0838437	-0.0473482	0.068857	0.253896	0.473668	0.6943	0.878112	0.990037	1.02318	0.984108	
0.262146	0.410772	0.571962	0.730547	0.860582	0.95211	0.996129	0.989906	0.924797	0.801846	0.637724	0.447211	0.246547	0.0684921	-0.0448603	-0.0906687	-0.05431	0.0614756	0.245822	0.463326	0.684163	0.871053	0.981719	1.01217	0.973865	
0.240905	0.378127	0.524968	0.675862	0.804675	0.901929	0.954899	0.956685	0.902175	0.795317	0.643739	0.464124	0.272048	0.0981801	-0.0178943	-0.0637158	-0.0263624	0.0905213	0.277896	0.503022	0.722968	0.901755	1.01576	1.05416	1.01373	
0.202324	0.315414	0.440439	0.575136	0.704422	0.807844	0.870301	0.89085	0.863894	0.7838	0.655034	0.489058	0.310047	0.146496	0.0340956	-0.00630035	0.0379146	0.154678	0.34513	0.579092	0.800787	0.974461	1.09119	1.13641	1.09756	
0.16918	0.249837	0.341409	0.451105	0.569399	0.677174	0.756096	0.798603	0.799732	0.750955	0.647796	0.502187	0.33896	0.194846	0.100604	0.0761656	0.127192	0.252096	0.445523	0.678385	0.900447	1.07461	1.19007	1.23743	1.20663	
0.137103	0.178921	0.231146	0.308556	0.413239	0.52529	0.621029	0.686154	0.711644	0.688943	0.613203	0.49467	0.359638	0.245818	0.178037	0.169104	0.230276	0.366657	0.565022	0.788219	0.999135	1.17402	1.29236	1.34102	1.32383	
0.0954826	0.0979475	0.115025	0.161679	0.247294	0.358034	0.473905	0.566147	0.615409	0.615413	0.567585	0.475889	0.370918	0.28854	0.244266	0.25643	0.332046	0.477222	0.675965	0.888114	1.08537	1.25384	1.37455	1.42708	1.41333	
0.0574649	0.0316026	0.0207354	0.0416049	0.103688	0.202607	0.324713	0.434368	0.499335	0.519119	0.493924	0.430428	0.355702	0.303624	0.284571	0.317424	0.411485	0.561533	0.751264	0.95832	1.14761	1.3041	1.41857	1.46909	1.45218	
0.0455306	0.00199885	-0.0249217	-0.0289381	0.00630443	0.0815812	0.186679	0.291815	0.360673	0.383319	0.374158	0.341158	0.304593	0.283731	0.285863	0.335902	0.445193	0.598859	0.782455	0.980251	1.16414	1.30833	1.40623	1.4479	1.42714	
0.0615205	0.00557017	-0.0356158	-0.0611674	-0.0561617	-0.0100148	0.0676251	0.151355	0.209595	0.233183	0.233432	0.225923	0.221244	0.22462	0.247308	0.311715	0.429204	0.585167	0.762909	0.947232	1.11595	1.25074	1.33607	1.36149	1.33313	
0.0939408	0.0253009	-0.0310824	-0.0725107	-0.0931062	-0.07818	-0.034053	0.0197834	0.0646526	0.0900504	0.0947392	0.0973206	0.109687	0.133435	0.176446	0.251885	0.370297	0.520094	0.689046	0.857764	1.01005	1.13636	1.21453	1.22703	1.18419	
0.142631	0.0612672	-0.0148665	-0.0758888	-0.117683	-0.132421	-0.118009	-0.0893108	-0.0653543	-0.0491035	-0.0399959	-0.0359745	-0.0189634	0.0176725	0.0769231	0.156036	0.269331	0.407706	0.568748	0.728211	0.870395	0.984574	1.04904	1.05173	1.00088	
0.197841	0.103769	0.0116726	-0.0608915	-0.113916	-0.149098	-0.165368	-0.167646	-0.170822	-0.174947	-0.176472	-0.173291	-0.158912	-0.117805	-0.0483133	0.031922	0.137189	0.269484	0.422724	0.576842	0.71242	0.811758	0.858229	0.850963	0.795098	
0.241384	0.142073	0.0509602	-0.0265724	-0.0876213	-0.141858	-0.194581	-0.234051	-0.264748	-0.293966	-0.314167	-0.31638	-0.299325	-0.256567	-0.184322	-0.102491	0.00179316	0.1247	0.269572	0.416326	0.544637	0.633886	0.669675	0.653871	0.59024	
0.273745	0.17716	0.0918336	0.0149297	-0.0601814	-0.134769	-0.212174	-0.290286	-0.355378	-0.40841	-0.447261	-0.457057	-0.432501	-0.381551	-0.30587	-0.219198	-0.11737	-0.00284171	0.131286	0.269594	0.389908	0.469135	0.501699	0.486523	0.419804	
0.28639	0.200277	0.117918	0.0393635	-0.0474493	-0.141933	-0.241436	-0.346728	-0.445117	-0.520237	-0.570164	-0.581135	-0.551555	-0.489376	-0.407451	-0.320293	-0.222029	-0.112247	0.0157757	0.149914	0.260148	0.334251	0.370379	0.363573	0.310797	
0.270173	0.204464	0.126385	0.0409615	-0.059139	-0.172913	-0.289611	-0.41252	-0.53475	-0.634949	-0.687878	-0.692628	-0.659549	-0.596322	-0.509058	-0.413224	-0.313902	-0.204246	-0.0723177	0.0583608	0.167053	0.244021	0.290116	0.298829	0.265307	
0.218179	0.174083	0.104332	0.0122957	-0.096078	-0.219564	-0.354493	-0.491503	-0.627359	-0.739678	-0.796327	-0.794896	-0.756589	-0.692498	-0.60418	-0.499689	-0.396431	-0.281859	-0.148076	-0.0110058	0.107252	0.200526	0.265312	0.291707	0.280479	
0.119117	0.088398	0.0292079	-0.0599515	-0.164419	-0.283531	-0.420839	-0.56474	-0.705494	-0.818688	-0.879566	-0.880478	-0.837659	-0.767794	-0.678474	-0.573782	-0.462866	-0.339609	-0.20257	-0.0617633	0.0699842	0.18341	0.269119	0.320329	0.336923	
-0.0188744	-0.0455383	-0.0971848	-0.165762	-0.251973	-0.356376	-0.479847	-0.618836	-0.758545	-0.865986	-0.923736	-0.93109	-0.892505	-0.819686	-0.725125	-0.618416	-0.501919	-0.368986	-0.226638	-0.0859547	0.0491656	0.176886	0.288095	0.374267	0.424195	
-0.168926	-0.193147	-0.237828	-0.286112	-0.346102	-0.428973	-0.537716	-0.663215	-0.783617	-0.875265	-0.92704	-0.939122	-0.910195	-0.839206	-0.739529	-0.626788	-0.506336	-0.373159	-0.232897	-0.0924443	0.0412895	0.176042	0.311218	0.433278	0.514824	
