-0.321639	-0.264119	-0.174687	-0.0500958	0.104165	0.273954	0.434025	0.563681	0.665606	0.719879	0.720415	0.669057	0.58536	0.502619	0.422552	0.340666	0.264908	0.189324	0.10414	0.0191819	-0.0485728	-0.0948805	-0.139213	-0.187389	-0.217054	
-0.264119	-0.223493	-0.146647	-0.0324344	0.117185	0.278216	0.428006	0.550259	0.633512	0.657312	0.628858	0.555768	0.462015	0.370852	0.293219	0.219048	0.155964	0.102441	0.041298	-0.0242037	-0.0778937	-0.106114	-0.126453	-0.139032	-0.133986	
-0.174687	-0.146647	-0.0810334	0.0227412	0.156225	0.295665	0.425314	0.530637	0.582218	0.569923	0.509962	0.415585	0.307785	0.207111	0.128238	0.061618	0.0102448	-0.0239748	-0.0679173	-0.10824	-0.126312	-0.121205	-0.112373	-0.0867778	-0.0414032	
-0.0500958	-0.0324344	0.0227412	0.109064	0.216965	0.326884	0.429873	0.498079	0.508739	0.468345	0.387391	0.276293	0.153902	0.0411043	-0.046946	-0.110036	-0.145617	-0.164901	-0.185572	-0.191444	-0.168369	-0.127314	-0.0805212	-0.0143594	0.0686374	
0.104165	0.117185	0.156225	0.216965	0.289965	0.365122	0.42729	0.452914	0.43044	0.370666	0.275649	0.152384	0.0209184	-0.101435	-0.19655	-0.250612	-0.268281	-0.270676	-0.271169	-0.247782	-0.190308	-0.1136	-0.023713	0.0795971	0.195844	
0.273954	0.278216	0.295665	0.326884	0.365122	0.399004	0.413875	0.398703	0.350878	0.274931	0.167704	0.0444095	-0.0834216	-0.206893	-0.29965	-0.343399	-0.3468	-0.328416	-0.301186	-0.256185	-0.172808	-0.065198	0.0573645	0.190353	0.33559	
0.434025	0.428006	0.425314	0.429873	0.42729	0.413875	0.389435	0.340572	0.264879	0.171627	0.0619346	-0.0493784	-0.166568	-0.271754	-0.349905	-0.385432	-0.374148	-0.332205	-0.276796	-0.214224	-0.111343	0.0191761	0.158196	0.30913	0.467568	
0.563681	0.550259	0.530637	0.498079	0.452914	0.398703	0.340572	0.268251	0.176768	0.0783196	-0.0223409	-0.123079	-0.22272	-0.309222	-0.367624	-0.383257	-0.350336	-0.288455	-0.20979	-0.123458	-0.00423973	0.136233	0.289602	0.442234	0.592986	
0.665606	0.633512	0.582218	0.508739	0.43044	0.350878	0.264879	0.176768	0.0848204	-0.00435768	-0.0905822	-0.174233	-0.252886	-0.313736	-0.347811	-0.340114	-0.289837	-0.215434	-0.113546	0.00464189	0.137685	0.286001	0.436494	0.573542	0.701989	
0.719879	0.657312	0.569923	0.468345	0.370666	0.274931	0.171627	0.0783196	-0.00435768	-0.0783767	-0.146417	-0.204662	-0.258612	-0.293381	-0.295163	-0.26141	-0.198395	-0.114266	0.00500831	0.145002	0.293299	0.446719	0.587951	0.696457	0.788398	
0.720415	0.628858	0.509962	0.387391	0.275649	0.167704	0.0619346	-0.0223409	-0.0905822	-0.146417	-0.192199	-0.222686	-0.243618	-0.244946	-0.211483	-0.152244	-0.0795512	0.0144179	0.139748	0.287182	0.440666	0.588487	0.710577	0.790393	0.843403	
0.669057	0.555768	0.415585	0.276293	0.152384	0.0444095	-0.0493784	-0.123079	-0.174233	-0.204662	-0.222686	-0.222802	-0.201185	-0.160558	-0.0987382	-0.018944	0.0686873	0.168383	0.288702	0.426776	0.570728	0.695686	0.785971	0.832788	0.854156	
0.58536	0.462015	0.307785	0.153902	0.0209184	-0.0834216	-0.166568	-0.22272	-0.252886	-0.258612	-0.243618	-0.201185	-0.136004	-0.0549145	0.0365287	0.135149	0.234271	0.33472	0.439808	0.553847	0.665129	0.755092	0.81067	0.828433	0.825336	
0.502619	0.370852	0.207111	0.0411043	-0.101435	-0.206893	-0.271754	-0.309222	-0.313736	-0.293381	-0.244946	-0.160558	-0.0549145	0.0650679	0.185101	0.295136	0.398942	0.488797	0.573193	0.656075	0.726668	0.775068	0.800473	0.792338	0.770122	
0.422552	0.293219	0.128238	-0.046946	-0.19655	-0.29965	-0.349905	-0.367624	-0.347811	-0.295163	-0.211483	-0.0987382	0.0365287	0.185101	0.327977	0.444136	0.542789	0.616287	0.670964	0.721021	0.756692	0.768743	0.764186	0.735998	0.702426	
0.340666	0.219048	0.061618	-0.110036	-0.250612	-0.343399	-0.385432	-0.383257	-0.340114	-0.26141	-0.152244	-0.018944	0.135149	0.295136	0.444136	0.560363	0.645726	0.699613	0.727301	0.745123	0.748242	0.737388	0.712497	0.672573	0.630188	
0.264908	0.155964	0.0102448	-0.145617	-0.268281	-0.3468	-0.374148	-0.350336	-0.289837	-0.198395	-0.0795512	0.0686873	0.234271	0.398942	0.542789	0.645726	0.708564	0.731395	0.732035	0.727228	0.71096	0.684581	0.645118	0.598643	0.548222	
0.189324	0.102441	-0.0239748	-0.164901	-0.270676	-0.328416	-0.332205	-0.288455	-0.215434	-0.114266	0.0144179	0.168383	0.33472	0.488797	0.616287	0.699613	0.731395	0.724459	0.700792	0.673183	0.644917	0.610477	0.559982	0.504147	0.451873	
0.10414	0.041298	-0.0679173	-0.185572	-0.271169	-0.301186	-0.276796	-0.20979	-0.113546	0.00500831	0.139748	0.288702	0.439808	0.573193	0.670964	0.727301	0.732035	0.700792	0.652519	0.59928	0.55471	0.508494	0.455354	0.401323	0.353414	
0.0191819	-0.0242037	-0.10824	-0.191444	-0.247782	-0.256185	-0.214224	-0.123458	0.00464189	0.145002	0.287182	0.426776	0.553847	0.656075	0.721021	0.745123	0.727228	0.673183	0.59928	0.520961	0.454334	0.391019	0.33884	0.296306	0.259715	
-0.0485728	-0.0778937	-0.126312	-0.168369	-0.190308	-0.172808	-0.111343	-0.00423973	0.137685	0.293299	0.440666	0.570728	0.665129	0.726668	0.756692	0.748242	0.71096	0.644917	0.55471	0.454334	0.365254	0.293992	0.24065	0.206198	0.181342	
-0.0948805	-0.106114	-0.121205	-0.127314	-0.1136	-0.065198	0.0191761	0.136233	0.286001	0.446719	0.588487	0.695686	0.755092	0.775068	0.768743	0.737388	0.684581	0.610477	0.508494	0.391019	0.293992	0.221789	0.169052	0.135215	0.113351	
-0.139213	-0.126453	-0.112373	-0.0805212	-0.023713	0.0573645	0.158196	0.289602	0.436494	0.587951	0.710577	0.785971	0.81067	0.800473	0.764186	0.712497	0.645118	0.559982	0.455354	0.33884	0.24065	0.169052	0.110113	0.0712196	0.0462116	
-0.187389	-0.139032	-0.0867778	-0.0143594	0.0795971	0.190353	0.30913	0.442234	0.573542	0.696457	0.790393	0.832788	0.828433	0.792338	0.735998	0.672573	0.598643	0.504147	0.401323	0.296306	0.206198	0.135215	0.0712196	0.0220247	-0.0123784	
-0.217054	-0.133986	-0.0414032	0.0686374	0.195844	0.33559	0.467568	0.592986	0.701989	0.788398	0.843403	0.854156	0.825336	0.770122	0.702426	0.630188	0.548222	0.451873	0.353414	0.259715	0.181342	0.113351	0.0462116	-0.0123784	-0.0576094	
-0.23428	-0.125228	0.00243506	0.150412	0.314256	0.483192	0.627275	0.744494	0.836214	0.890052	0.90327	0.881723	0.829938	0.757659	0.670318	0.584804	0.490236	0.396241	0.307063	0.226119	0.155918	0.0886299	0.0246424	-0.0370853	-0.0936284	
-0.257032	-0.117045	0.0454639	0.229494	0.4245	0.611896	0.771244	0.888564	0.963071	0.99253	0.977122	0.930397	0.852637	0.7528	0.641345	0.537867	0.44027	0.345439	0.258112	0.184577	0.1183	0.0516109	-0.00455472	-0.0611483	-0.120647	
-0.291658	-0.125715	0.0763495	0.291964	0.514917	0.718204	0.88587	1.00345	1.0657	1.08163	1.0475	0.981295	0.88314	0.753425	0.622827	0.495196	0.390737	0.29743	0.216483	0.14471	0.0768743	0.0170995	-0.0347213	-0.0879315	-0.142508	
-0.337357	-0.150976	0.0775627	0.320978	0.564039	0.777675	0.950435	1.07274	1.13986	1.15143	1.10419	1.01688	0.901347	0.761048	0.616707	0.469437	0.348339	0.248791	0.170914	0.104423	0.0430119	-0.0137851	-0.0695752	-0.127115	-0.174496	
-0.379111	-0.181927	0.0581128	0.315141	0.566437	0.786449	0.970203	1.10905	1.18363	1.19118	1.14089	1.03984	0.910797	0.767578	0.60775	0.454734	0.318982	0.212264	0.133253	0.070066	0.0125151	-0.0428776	-0.0980648	-0.159835	-0.203699	
-0.388244	-0.189937	0.0518766	0.311756	0.563129	0.785007	0.972977	1.11693	1.19208	1.19867	1.14782	1.04532	0.912345	0.769172	0.605048	0.451373	0.314181	0.205754	0.125677	0.0629518	0.00575969	-0.0478846	-0.102864	-0.16517	-0.208875	
-0.356351	-0.164126	0.0712633	0.321391	0.569084	0.785622	0.961836	1.08975	1.16042	1.17046	1.12138	1.02671	0.906438	0.76413	0.613475	0.462795	0.334234	0.232098	0.153123	0.0886545	0.0297738	-0.0272878	-0.0835351	-0.143311	-0.188032	
-0.308726	-0.134091	0.0799772	0.308422	0.54131	0.749024	0.917981	1.03714	1.09906	1.11334	1.07254	0.997763	0.89135	0.755694	0.620083	0.482788	0.371759	0.276944	0.199313	0.12952	0.063142	0.00547411	-0.0476048	-0.102379	-0.15404	
-0.269668	-0.117618	0.0608229	0.258018	0.464163	0.657604	0.822015	0.938782	1.00713	1.02975	1.00638	0.952122	0.865655	0.752415	0.631266	0.519403	0.421403	0.326986	0.241039	0.167381	0.100614	0.0365291	-0.0168963	-0.0706335	-0.12946	
-0.242293	-0.121469	0.0192501	0.182445	0.359761	0.537489	0.6882	0.804656	0.889136	0.932195	0.931736	0.899458	0.837172	0.754888	0.658216	0.565656	0.46902	0.374866	0.287066	0.210301	0.142751	0.0749415	0.013953	-0.0462537	-0.10535	
-0.223931	-0.130776	-0.0229098	0.10214	0.243445	0.395599	0.531824	0.652764	0.755392	0.827868	0.865294	0.862336	0.824869	0.763402	0.689655	0.612745	0.525095	0.430008	0.335086	0.246534	0.172023	0.104573	0.0381514	-0.0226462	-0.0730461	
-0.202545	-0.138384	-0.0701649	0.0175614	0.125137	0.246981	0.371773	0.503534	0.625478	0.733129	0.812787	0.843331	0.828107	0.783516	0.72238	0.65564	0.579686	0.483265	0.381407	0.281047	0.195572	0.1258	0.0602618	0.00630083	-0.0319031	
-0.15916	-0.132958	-0.104676	-0.0572402	0.0151661	0.108804	0.217163	0.351079	0.492747	0.635664	0.746891	0.808916	0.821933	0.800995	0.754607	0.697471	0.626713	0.536754	0.432928	0.321128	0.224948	0.153159	0.0921561	0.0495101	0.0209512	
-0.1111	-0.114425	-0.118349	-0.109365	-0.0788042	-0.0175906	0.0739902	0.196801	0.347418	0.506299	0.64212	0.737012	0.781486	0.788941	0.770175	0.729703	0.670293	0.592096	0.488181	0.368288	0.270631	0.199041	0.143114	0.108372	0.0861469	
-0.0690125	-0.0918028	-0.125724	-0.153126	-0.16104	-0.131587	-0.0605223	0.05041	0.195194	0.353834	0.501065	0.623699	0.705544	0.748034	0.763447	0.745115	0.701031	0.632985	0.537577	0.428642	0.334392	0.262129	0.210476	0.176452	0.153752	
-0.0106289	-0.047698	-0.118534	-0.185153	-0.228451	-0.227649	-0.178565	-0.0798251	0.0562849	0.203892	0.349109	0.485466	0.59915	0.686858	0.737726	0.748049	0.723133	0.662004	0.580089	0.492977	0.416254	0.34888	0.29578	0.257442	0.226111	
0.0684985	0.0146524	-0.0858438	-0.191328	-0.266178	-0.286885	-0.25476	-0.177802	-0.067853	0.0595385	0.196923	0.341493	0.484417	0.607458	0.69198	0.735322	0.729893	0.689477	0.630765	0.567901	0.514763	0.460995	0.408668	0.358689	0.314856	
0.156581	0.0787186	-0.0399844	-0.172733	-0.271576	-0.318057	-0.310513	-0.257235	-0.177647	-0.0702955	0.0606677	0.214512	0.375787	0.522675	0.639527	0.713203	0.733499	0.716255	0.683037	0.64496	0.610927	0.57401	0.520888	0.463793	0.41246	
0.235838	0.134957	-0.00361704	-0.15448	-0.26979	-0.341167	-0.359961	-0.328427	-0.26256	-0.168898	-0.0456813	0.105712	0.274316	0.436378	0.575206	0.671131	0.721453	0.73152	0.722229	0.709031	0.688723	0.657634	0.612405	0.562399	0.511237	
0.30911	0.191907	0.0381548	-0.127084	-0.261007	-0.348373	-0.385902	-0.375027	-0.323586	-0.23776	-0.124547	0.0157487	0.17478	0.338067	0.486145	0.598088	0.675838	0.717964	0.73533	0.743358	0.735987	0.71824	0.688197	0.645749	0.598465	
0.389988	0.263045	0.100272	-0.074777	-0.223522	-0.323121	-0.370053	-0.380103	-0.350997	-0.286662	-0.190395	-0.0684519	0.0754987	0.230085	0.377102	0.494903	0.589395	0.656345	0.69899	0.734816	0.757808	0.759142	0.744082	0.710395	0.674292	
0.470557	0.338646	0.172718	0.00237323	-0.143274	-0.249038	-0.307144	-0.336083	-0.331039	-0.298063	-0.235359	-0.138292	-0.0194894	0.113498	0.244494	0.357529	0.460009	0.543896	0.617294	0.687523	0.742789	0.775425	0.78968	0.772482	0.743755	
0.550957	0.424081	0.265473	0.106787	-0.0298866	-0.134727	-0.211461	-0.260475	-0.280765	-0.275339	-0.247627	-0.187446	-0.105011	-0.00747368	0.0957583	0.199108	0.301381	0.399219	0.496264	0.598569	0.69284	0.765948	0.8089	0.816161	0.805702	
0.637236	0.518964	0.372997	0.22671	0.0993764	-0.00616713	-0.0958402	-0.163376	-0.205667	-0.226998	-0.231881	-0.21618	-0.177764	-0.1206	-0.0471852	0.0410225	0.133845	0.234121	0.350128	0.479014	0.613379	0.726059	0.801979	0.836402	0.846701	
0.706288	0.604515	0.475641	0.346345	0.228926	0.119102	0.0180451	-0.0626615	-0.125436	-0.17013	-0.206108	-0.225761	-0.229837	-0.214527	-0.169632	-0.101821	-0.0231126	0.0733628	0.19814	0.344395	0.495762	0.635979	0.746817	0.813977	0.853419	
