-0.254464	-0.200533	-0.139395	-0.0889925	-0.0677336	-0.0648345	-0.077357	-0.116058	-0.176847	-0.233034	-0.288384	-0.351039	-0.412024	-0.448052	-0.451414	-0.433011	-0.391672	-0.336887	-0.270039	-0.196878	-0.130827	-0.094471	-0.0950725	-0.123157	-0.170047	
-0.375551	-0.369444	-0.348425	-0.332862	-0.329693	-0.32945	-0.330989	-0.340177	-0.362839	-0.373083	-0.384408	-0.407648	-0.429709	-0.431881	-0.407812	-0.366137	-0.305489	-0.235309	-0.154134	-0.0654134	0.0112067	0.0518923	0.048334	0.0123477	-0.042904	
-0.447941	-0.484435	-0.506796	-0.527391	-0.543123	-0.545819	-0.535519	-0.514098	-0.496339	-0.461572	-0.432819	-0.411401	-0.383175	-0.345889	-0.293171	-0.232008	-0.149977	-0.0637885	0.0214868	0.110228	0.180549	0.210926	0.19235	0.139077	0.0649317	
-0.458266	-0.525103	-0.583874	-0.630564	-0.661948	-0.667218	-0.645568	-0.603892	-0.550439	-0.484697	-0.420887	-0.355692	-0.278113	-0.194271	-0.116813	-0.0356741	0.0623936	0.158953	0.240916	0.309627	0.356555	0.361837	0.320297	0.243252	0.14798	
-0.393327	-0.486045	-0.565816	-0.630104	-0.669995	-0.676567	-0.649656	-0.593315	-0.520318	-0.430923	-0.336537	-0.233647	-0.111886	0.00720632	0.10886	0.201919	0.301668	0.395763	0.463772	0.505447	0.51881	0.495722	0.431734	0.335421	0.22083	
-0.267678	-0.374038	-0.461239	-0.525909	-0.56624	-0.573352	-0.545352	-0.48967	-0.411452	-0.312563	-0.19658	-0.0655941	0.0799747	0.22212	0.343322	0.447479	0.543365	0.624513	0.677887	0.697939	0.67969	0.627641	0.544981	0.432787	0.303914	
-0.0994781	-0.215667	-0.305478	-0.364547	-0.400683	-0.407632	-0.3818	-0.33252	-0.254444	-0.149805	-0.0168085	0.131676	0.285343	0.435457	0.568223	0.682936	0.772043	0.835959	0.875881	0.880865	0.843325	0.766305	0.66582	0.545037	0.403902	
0.0847818	-0.0397253	-0.129933	-0.186147	-0.216999	-0.222495	-0.20151	-0.156225	-0.0794979	0.0307659	0.171637	0.324039	0.47501	0.62052	0.759239	0.880465	0.968872	1.0239	1.05213	1.05146	1.00394	0.913453	0.800456	0.672622	0.527657	
0.254201	0.132695	0.0439461	-0.0124993	-0.0401636	-0.0448705	-0.0267151	0.0178599	0.0931504	0.2027	0.335611	0.474522	0.610076	0.744963	0.880152	1.00343	1.09944	1.16096	1.19406	1.19535	1.15371	1.06899	0.956916	0.827844	0.679375	
0.380775	0.276849	0.194435	0.139279	0.108691	0.103698	0.124203	0.168906	0.240911	0.337305	0.44725	0.558538	0.669999	0.790215	0.916799	1.0361	1.14099	1.22414	1.27725	1.29625	1.27533	1.21709	1.12807	1.00967	0.859204	
0.442177	0.362449	0.298564	0.244688	0.210254	0.203895	0.227982	0.275749	0.334559	0.409635	0.490055	0.570914	0.658964	0.763561	0.881145	0.993843	1.10479	1.20984	1.29436	1.34624	1.36078	1.34296	1.29076	1.19577	1.05096	
0.431102	0.379137	0.339484	0.296548	0.260593	0.253472	0.279851	0.323069	0.362289	0.409465	0.464293	0.522131	0.591758	0.682429	0.790451	0.899419	1.01312	1.13536	1.25154	1.34772	1.411	1.4354	1.41703	1.34569	1.21299	
0.363476	0.339448	0.325343	0.305922	0.278964	0.272244	0.294906	0.318514	0.333699	0.35181	0.385413	0.428885	0.481847	0.559019	0.6544	0.759498	0.877794	1.01173	1.15442	1.29533	1.41146	1.47887	1.48612	1.43326	1.31965	
0.265733	0.264064	0.280328	0.289134	0.286127	0.284136	0.28897	0.285979	0.269502	0.262782	0.276224	0.300246	0.338588	0.396971	0.478116	0.580145	0.704451	0.854642	1.01969	1.19413	1.35454	1.46128	1.49523	1.46185	1.3747	
0.161144	0.180352	0.212562	0.250751	0.271437	0.274225	0.262417	0.22773	0.192458	0.165738	0.16043	0.165285	0.182479	0.226752	0.292287	0.389162	0.519022	0.681775	0.86301	1.0526	1.23312	1.36917	1.43816	1.43934	1.3896	
0.0659824	0.098309	0.138741	0.18852	0.223982	0.229638	0.206515	0.158088	0.113345	0.0769111	0.0547548	0.0400998	0.0419239	0.0731158	0.130651	0.22237	0.350755	0.516251	0.699447	0.885827	1.06334	1.21359	1.31961	1.37112	1.37063	
-0.0120647	0.0313102	0.0738426	0.118703	0.151887	0.157488	0.134981	0.0913433	0.0487052	0.00437329	-0.033225	-0.0629182	-0.0721485	-0.0503806	0.000163937	0.087774	0.20734	0.361737	0.533572	0.705821	0.874463	1.03048	1.16741	1.2664	1.3163	
-0.0709446	-0.0153772	0.0236591	0.0558133	0.0755	0.0784407	0.0656827	0.036458	0.00295452	-0.0486207	-0.100104	-0.137385	-0.15407	-0.141505	-0.10102	-0.0241397	0.0826789	0.215596	0.366815	0.524775	0.686523	0.853169	1.01213	1.14176	1.22848	
-0.108143	-0.0540184	-0.0213331	-0.00697725	0.00179094	0.00288818	-0.00316856	-0.0143465	-0.037588	-0.0849589	-0.139442	-0.176821	-0.192807	-0.192275	-0.166316	-0.108028	-0.0243135	0.0838845	0.210885	0.351866	0.511834	0.689148	0.866093	1.01398	1.11965	
-0.126718	-0.0893575	-0.0745386	-0.0724943	-0.0681621	-0.0665266	-0.0714342	-0.0735351	-0.0802365	-0.110293	-0.151272	-0.179109	-0.195713	-0.204844	-0.197406	-0.163696	-0.10635	-0.0253762	0.0828289	0.211107	0.366003	0.550065	0.737299	0.8932	1.00532	
-0.133898	-0.121764	-0.124989	-0.129484	-0.120742	-0.11713	-0.127273	-0.127259	-0.121785	-0.127081	-0.146903	-0.163725	-0.18031	-0.201295	-0.207658	-0.196674	-0.165665	-0.107641	-0.01493	0.107144	0.256747	0.439395	0.627452	0.784849	0.896031	
-0.137893	-0.146903	-0.163104	-0.171565	-0.16059	-0.156107	-0.168745	-0.167829	-0.153541	-0.13961	-0.140244	-0.144785	-0.160165	-0.186811	-0.202992	-0.206976	-0.19581	-0.157285	-0.0757764	0.0385514	0.183702	0.355284	0.530598	0.679385	0.780889	
-0.145272	-0.164042	-0.185931	-0.200973	-0.197286	-0.193733	-0.201897	-0.193158	-0.173141	-0.151623	-0.140003	-0.132522	-0.13822	-0.161613	-0.182108	-0.197428	-0.199539	-0.175048	-0.106193	0.000971099	0.134915	0.294447	0.452549	0.584096	0.675128	
-0.157795	-0.173353	-0.192853	-0.213624	-0.220629	-0.220668	-0.218876	-0.201392	-0.181208	-0.162635	-0.151145	-0.135556	-0.128523	-0.142011	-0.160786	-0.181419	-0.189056	-0.168084	-0.105445	-0.0088314	0.114346	0.256031	0.396607	0.514033	0.586965	
-0.172533	-0.180742	-0.192575	-0.21103	-0.223224	-0.224514	-0.218085	-0.199717	-0.184932	-0.175348	-0.167689	-0.152268	-0.138296	-0.138512	-0.148683	-0.162127	-0.16267	-0.137638	-0.0775958	0.0084748	0.114388	0.236209	0.357449	0.458493	0.514454	
-0.183538	-0.193035	-0.200816	-0.21146	-0.219187	-0.220271	-0.215622	-0.204741	-0.196381	-0.187171	-0.177189	-0.163821	-0.149374	-0.140727	-0.135212	-0.130913	-0.117537	-0.0880243	-0.0383417	0.0330843	0.121318	0.223655	0.32652	0.409368	0.445699	
-0.193035	-0.205459	-0.210398	-0.20816	-0.20697	-0.207175	-0.207139	-0.209958	-0.208889	-0.198462	-0.185167	-0.175873	-0.168548	-0.154613	-0.1328	-0.103324	-0.0682386	-0.0316556	0.0112137	0.0686765	0.146518	0.231309	0.311349	0.369752	0.376941	
-0.200816	-0.210398	-0.207477	-0.196179	-0.190531	-0.189764	-0.192523	-0.203257	-0.210713	-0.205975	-0.194418	-0.192792	-0.190652	-0.173745	-0.142297	-0.0955628	-0.0424608	0.00679318	0.0520744	0.111104	0.183041	0.254986	0.31109	0.338293	0.323242	
-0.21146	-0.20816	-0.196179	-0.182065	-0.180422	-0.182123	-0.179169	-0.189931	-0.204329	-0.211057	-0.210713	-0.213402	-0.208763	-0.184576	-0.147997	-0.0967556	-0.0336585	0.0316517	0.093002	0.159774	0.228461	0.276535	0.301771	0.304008	0.271641	
-0.219187	-0.20697	-0.190531	-0.180422	-0.18837	-0.191952	-0.181575	-0.185248	-0.199919	-0.215782	-0.221585	-0.223751	-0.209854	-0.175077	-0.137991	-0.0908009	-0.0279521	0.0463578	0.121244	0.196207	0.256687	0.283606	0.28366	0.269505	0.236535	
-0.220271	-0.207175	-0.189764	-0.182123	-0.191952	-0.196255	-0.184166	-0.185043	-0.199729	-0.216214	-0.223078	-0.224538	-0.207626	-0.17106	-0.133706	-0.0886059	-0.0271803	0.0487166	0.125541	0.202529	0.261251	0.283447	0.279157	0.261835	0.229974	
-0.215622	-0.207139	-0.192523	-0.179169	-0.181575	-0.184166	-0.177994	-0.186397	-0.201749	-0.213467	-0.216894	-0.219928	-0.211645	-0.182586	-0.145377	-0.0952946	-0.0315016	0.0385742	0.107099	0.177679	0.243595	0.281635	0.294575	0.288948	0.254535	
-0.204741	-0.209958	-0.203257	-0.189931	-0.185248	-0.185043	-0.186397	-0.198004	-0.20849	-0.208193	-0.200332	-0.200941	-0.198631	-0.179298	-0.1455	-0.0960478	-0.0382445	0.0173728	0.0678311	0.130279	0.200838	0.264826	0.30923	0.324775	0.30235	
-0.196381	-0.208889	-0.210713	-0.204329	-0.199919	-0.199729	-0.201749	-0.20849	-0.211558	-0.202	-0.188699	-0.18231	-0.17742	-0.162742	-0.135785	-0.0978292	-0.0545875	-0.0132347	0.0289756	0.0848307	0.160259	0.23966	0.310644	0.356725	0.353578	
-0.187171	-0.198462	-0.205975	-0.211057	-0.215782	-0.216214	-0.213467	-0.208193	-0.202	-0.192117	-0.179824	-0.167622	-0.155823	-0.144585	-0.132445	-0.118158	-0.0963035	-0.0647785	-0.0190454	0.0457851	0.12847	0.224131	0.318382	0.392228	0.417854	
-0.177189	-0.185167	-0.194418	-0.210713	-0.221585	-0.223078	-0.216894	-0.200332	-0.188699	-0.179824	-0.172292	-0.15781	-0.142883	-0.139567	-0.143523	-0.150992	-0.146576	-0.119331	-0.0631048	0.0175328	0.116004	0.229663	0.343903	0.437941	0.487068	
-0.163821	-0.175873	-0.192792	-0.213402	-0.223751	-0.224538	-0.219928	-0.200941	-0.18231	-0.167622	-0.15781	-0.14171	-0.131256	-0.139144	-0.155311	-0.174476	-0.180448	-0.15863	-0.0963834	-0.00408528	0.11277	0.246717	0.379139	0.490781	0.556715	
-0.149374	-0.168548	-0.190652	-0.208763	-0.209854	-0.207626	-0.211645	-0.198631	-0.17742	-0.155823	-0.142883	-0.131256	-0.13154	-0.151654	-0.172029	-0.191174	-0.19706	-0.175216	-0.110025	-0.00630091	0.123123	0.276283	0.427562	0.552971	0.637623	
-0.140727	-0.154613	-0.173745	-0.184576	-0.175077	-0.17106	-0.182586	-0.179298	-0.162742	-0.144585	-0.139567	-0.139144	-0.151654	-0.17778	-0.196393	-0.205246	-0.199987	-0.167883	-0.0908144	0.0203021	0.161653	0.328495	0.496676	0.639344	0.736535	
-0.135212	-0.1328	-0.142297	-0.147997	-0.137991	-0.133706	-0.145377	-0.1455	-0.135785	-0.132445	-0.143523	-0.155311	-0.172029	-0.196393	-0.207513	-0.203754	-0.181658	-0.13195	-0.0440513	0.0752796	0.223164	0.402652	0.586987	0.742413	0.850164	
-0.130913	-0.103324	-0.0955628	-0.0967556	-0.0908009	-0.0886059	-0.0952946	-0.0960478	-0.0978292	-0.118158	-0.150992	-0.174476	-0.191174	-0.205246	-0.203754	-0.179394	-0.132913	-0.0613337	0.0401454	0.16538	0.318201	0.502569	0.691738	0.849001	0.961588	
-0.117537	-0.0682386	-0.0424608	-0.0336585	-0.0279521	-0.0271803	-0.0315016	-0.0382445	-0.0545875	-0.0963035	-0.146576	-0.180448	-0.19706	-0.199987	-0.181658	-0.132913	-0.0597561	0.0365905	0.155652	0.290555	0.448974	0.630126	0.811882	0.964385	1.07357	
-0.0880243	-0.0316556	0.00679318	0.0316517	0.0463578	0.0487166	0.0385742	0.0173728	-0.0132347	-0.0647785	-0.119331	-0.15863	-0.175216	-0.167883	-0.13195	-0.0613337	0.0365905	0.1607	0.301846	0.45365	0.614815	0.785265	0.952666	1.09034	1.1866	
-0.0383417	0.0112137	0.0520744	0.093002	0.121244	0.125541	0.107099	0.0678311	0.0289756	-0.0190454	-0.0631048	-0.0963834	-0.110025	-0.0908144	-0.0440513	0.0401454	0.155652	0.301846	0.467008	0.633358	0.798338	0.958092	1.10452	1.2178	1.2845	
0.0330843	0.0686765	0.111104	0.159774	0.196207	0.202529	0.177679	0.130279	0.0848307	0.0457851	0.0175328	-0.00408528	-0.00630091	0.0203021	0.0752796	0.16538	0.290555	0.45365	0.633358	0.814429	0.98847	1.14104	1.26113	1.33293	1.35326	
0.121318	0.146518	0.183041	0.228461	0.256687	0.261251	0.243595	0.200838	0.160259	0.12847	0.116004	0.11277	0.123123	0.161653	0.223164	0.318201	0.448974	0.614815	0.798338	0.98847	1.16968	1.31274	1.39733	1.41704	1.3862	
0.223655	0.231309	0.254986	0.276535	0.283606	0.283447	0.281635	0.264826	0.23966	0.224131	0.229663	0.246717	0.276283	0.328495	0.402652	0.502569	0.630126	0.785265	0.958092	1.14104	1.31274	1.43343	1.48016	1.45886	1.38522	
0.32652	0.311349	0.31109	0.301771	0.28366	0.279157	0.294575	0.30923	0.310644	0.318382	0.343903	0.379139	0.427562	0.496676	0.586987	0.691738	0.811882	0.952666	1.10452	1.26113	1.39733	1.48016	1.49758	1.45117	1.34732	
0.409368	0.369752	0.338293	0.304008	0.269505	0.261835	0.288948	0.324775	0.356725	0.392228	0.437941	0.490781	0.552971	0.639344	0.742413	0.849001	0.964385	1.09034	1.2178	1.33293	1.41704	1.45886	1.45117	1.38834	1.26228	
0.445699	0.376941	0.323242	0.271641	0.236535	0.229974	0.254535	0.30235	0.353578	0.417854	0.487068	0.556715	0.637623	0.736535	0.850164	0.961588	1.07357	1.1866	1.2845	1.35326	1.3862	1.38522	1.34732	1.26228	1.12183	
