0.93855	0.861995	0.752525	0.630788	0.517817	0.419454	0.336023	0.261139	0.204417	0.158755	0.128717	0.120077	0.129469	0.152948	0.178738	0.191616	0.195554	0.183718	0.149052	0.121945	0.100647	0.0819649	0.0633053	0.0334329	0.000562876	
0.861995	0.846822	0.797782	0.731302	0.659973	0.589888	0.522739	0.457326	0.399377	0.341886	0.294713	0.269533	0.263722	0.266787	0.280382	0.29676	0.305099	0.302473	0.282474	0.268302	0.253624	0.232744	0.195799	0.141173	0.0897646	
0.752525	0.797782	0.817545	0.805209	0.777219	0.748063	0.705588	0.658942	0.599271	0.530204	0.467718	0.421636	0.39189	0.372417	0.367473	0.367214	0.37011	0.36679	0.357317	0.356368	0.348419	0.322373	0.265243	0.18817	0.117284	
0.630788	0.731302	0.805209	0.847297	0.873567	0.889694	0.88004	0.845835	0.785079	0.706725	0.630735	0.563161	0.506778	0.464534	0.435142	0.412068	0.397004	0.382417	0.379629	0.38725	0.385497	0.354863	0.289747	0.191674	0.100554	
0.517817	0.659973	0.777219	0.873567	0.948074	0.998085	1.01352	0.992935	0.939172	0.861655	0.773915	0.682744	0.602238	0.53081	0.473494	0.42973	0.395307	0.368752	0.367311	0.375426	0.373603	0.340051	0.272034	0.169922	0.0645502	
0.419454	0.589888	0.748063	0.889694	0.998085	1.06782	1.09498	1.08566	1.04364	0.973375	0.883639	0.77755	0.669238	0.566395	0.483721	0.422731	0.368587	0.337109	0.329609	0.333099	0.32968	0.299696	0.233976	0.134198	0.0238802	
0.336023	0.522739	0.705588	0.88004	1.01352	1.09498	1.1267	1.12491	1.09214	1.03312	0.951915	0.843081	0.716246	0.587214	0.482028	0.399751	0.337301	0.302438	0.290646	0.28959	0.28325	0.249083	0.181723	0.0846503	-0.0259433	
0.261139	0.457326	0.658942	0.845835	0.992935	1.08566	1.12491	1.12621	1.0985	1.05249	0.977847	0.862663	0.72491	0.587639	0.47004	0.379001	0.31538	0.278011	0.259888	0.252534	0.24065	0.202439	0.128409	0.0282184	-0.0737194	
0.204417	0.399377	0.599271	0.785079	0.939172	1.04364	1.09214	1.0985	1.08272	1.04064	0.963934	0.847394	0.707033	0.568293	0.451861	0.36323	0.303055	0.269151	0.248054	0.232617	0.212329	0.166261	0.0799887	-0.0222199	-0.116424	
0.158755	0.341886	0.530204	0.706725	0.861655	0.973375	1.03312	1.05249	1.04064	1.00015	0.927041	0.814252	0.679754	0.555077	0.448084	0.369905	0.319588	0.287169	0.261441	0.234758	0.197222	0.137893	0.0471079	-0.0586074	-0.152341	
0.128717	0.294713	0.467718	0.630735	0.773915	0.883639	0.951915	0.977847	0.963934	0.927041	0.863113	0.772551	0.661448	0.558926	0.473518	0.411065	0.370155	0.338527	0.303932	0.255903	0.192501	0.115868	0.0239068	-0.0792845	-0.180645	
0.120077	0.269533	0.421636	0.563161	0.682744	0.77755	0.843081	0.862663	0.847394	0.814252	0.772551	0.714972	0.648077	0.581752	0.529219	0.484808	0.449563	0.416328	0.369983	0.299367	0.209151	0.115538	0.0143448	-0.0933016	-0.208062	
0.129469	0.263722	0.39189	0.506778	0.602238	0.669238	0.716246	0.72491	0.707033	0.679754	0.661448	0.648077	0.629418	0.604618	0.586676	0.562085	0.533204	0.500189	0.446748	0.360605	0.249297	0.136089	0.016552	-0.104273	-0.230256	
0.152948	0.266787	0.372417	0.464534	0.53081	0.566395	0.587214	0.587639	0.568293	0.555077	0.558926	0.581752	0.604618	0.624535	0.640817	0.634993	0.610353	0.576114	0.51535	0.421854	0.304182	0.173043	0.0362468	-0.099024	-0.232675	
0.178738	0.280382	0.367473	0.435142	0.473494	0.483721	0.482028	0.47004	0.451861	0.448084	0.473518	0.529219	0.586676	0.640817	0.679192	0.68562	0.658935	0.619019	0.55803	0.465478	0.343609	0.208163	0.0719528	-0.0708507	-0.206196	
0.191616	0.29676	0.367214	0.412068	0.42973	0.422731	0.399751	0.379001	0.36323	0.369905	0.411065	0.484808	0.562085	0.634993	0.68562	0.693501	0.668458	0.627521	0.567376	0.473294	0.35236	0.224344	0.100075	-0.0283474	-0.154509	
0.195554	0.305099	0.37011	0.397004	0.395307	0.368587	0.337301	0.31538	0.303055	0.319588	0.370155	0.449563	0.533204	0.610353	0.658935	0.668458	0.643806	0.603032	0.53693	0.440167	0.326128	0.216009	0.113319	0.00782294	-0.0964541	
0.183718	0.302473	0.36679	0.382417	0.368752	0.337109	0.302438	0.278011	0.269151	0.287169	0.338527	0.416328	0.500189	0.576114	0.619019	0.627521	0.603032	0.550575	0.46979	0.373531	0.27261	0.183858	0.105655	0.0276463	-0.0390839	
0.149052	0.282474	0.357317	0.379629	0.367311	0.329609	0.290646	0.259888	0.248054	0.261441	0.303932	0.369983	0.446748	0.51535	0.55803	0.567376	0.53693	0.46979	0.377985	0.286153	0.207509	0.146147	0.0910473	0.050005	0.0300994	
0.121945	0.268302	0.356368	0.38725	0.375426	0.333099	0.28959	0.252534	0.232617	0.234758	0.255903	0.299367	0.360605	0.421854	0.465478	0.473294	0.440167	0.373531	0.286153	0.214228	0.161091	0.125715	0.098083	0.0945607	0.11606	
0.100647	0.253624	0.348419	0.385497	0.373603	0.32968	0.28325	0.24065	0.212329	0.197222	0.192501	0.209151	0.249297	0.304182	0.343609	0.35236	0.326128	0.27261	0.207509	0.161091	0.137504	0.131034	0.142923	0.173656	0.231889	
0.0819649	0.232744	0.322373	0.354863	0.340051	0.299696	0.249083	0.202439	0.166261	0.137893	0.115868	0.115538	0.136089	0.173043	0.208163	0.224344	0.216009	0.183858	0.146147	0.125715	0.131034	0.162988	0.2169	0.283301	0.373136	
0.0633053	0.195799	0.265243	0.289747	0.272034	0.233976	0.181723	0.128409	0.0799887	0.0471079	0.0239068	0.0143448	0.016552	0.0362468	0.0719528	0.100075	0.113319	0.105655	0.0910473	0.098083	0.142923	0.2169	0.309818	0.411505	0.526728	
0.0334329	0.141173	0.18817	0.191674	0.169922	0.134198	0.0846503	0.0282184	-0.0222199	-0.0586074	-0.0792845	-0.0933016	-0.104273	-0.099024	-0.0708507	-0.0283474	0.00782294	0.0276463	0.050005	0.0945607	0.173656	0.283301	0.411505	0.540431	0.679388	
0.000562876	0.0897646	0.117284	0.100554	0.0645502	0.0238802	-0.0259433	-0.0737194	-0.116424	-0.152341	-0.180645	-0.208062	-0.230256	-0.232675	-0.206196	-0.154509	-0.0964541	-0.0390839	0.0300994	0.11606	0.231889	0.373136	0.526728	0.679388	0.830858	
-0.0252004	0.0509535	0.0691892	0.0422489	-0.00820749	-0.0653033	-0.116177	-0.160777	-0.204154	-0.251076	-0.297047	-0.337071	-0.359647	-0.364522	-0.338344	-0.280755	-0.20207	-0.0993795	0.0232539	0.159625	0.312841	0.483365	0.657116	0.829637	0.982881	
-0.0376677	0.0317744	0.0495272	0.0160795	-0.0440124	-0.11668	-0.185851	-0.245911	-0.298973	-0.357878	-0.416877	-0.469598	-0.497984	-0.500208	-0.472346	-0.399578	-0.289152	-0.143238	0.0308137	0.217278	0.41076	0.608152	0.800114	0.979274	1.12859	
-0.0289254	0.0322277	0.0420664	0.00187902	-0.0699705	-0.161726	-0.256346	-0.337867	-0.399765	-0.460677	-0.524109	-0.580695	-0.615543	-0.624038	-0.592635	-0.498036	-0.349261	-0.15936	0.0616982	0.289779	0.515955	0.730593	0.929184	1.10731	1.24755	
-0.0234198	0.0313471	0.0306387	-0.0160675	-0.102549	-0.208288	-0.321342	-0.421074	-0.497956	-0.561668	-0.621978	-0.673331	-0.703326	-0.711453	-0.673225	-0.565183	-0.385146	-0.158053	0.0954068	0.354072	0.599665	0.823654	1.02586	1.20354	1.33498	
-0.0265131	0.0276607	0.0243747	-0.0297235	-0.126467	-0.244357	-0.371375	-0.483511	-0.567463	-0.635435	-0.695055	-0.737954	-0.759097	-0.759421	-0.71787	-0.601831	-0.401391	-0.15391	0.119732	0.390925	0.644909	0.871345	1.07972	1.2603	1.38968	
-0.0271961	0.0283718	0.0265054	-0.0311964	-0.131308	-0.250812	-0.379977	-0.494334	-0.580008	-0.650792	-0.710018	-0.750876	-0.768736	-0.767666	-0.72697	-0.608107	-0.404495	-0.153952	0.124589	0.398133	0.650962	0.878571	1.08965	1.26937	1.39936	
-0.0244795	0.0291644	0.0258306	-0.022837	-0.114012	-0.225429	-0.345262	-0.450334	-0.531354	-0.596063	-0.655998	-0.704156	-0.730139	-0.735327	-0.694726	-0.583737	-0.393789	-0.15599	0.106843	0.371688	0.623019	0.848187	1.05256	1.23219	1.36159	
-0.025349	0.0327286	0.0386948	-0.00515206	-0.0822546	-0.180636	-0.282972	-0.372364	-0.440216	-0.502322	-0.564096	-0.619417	-0.653721	-0.664094	-0.630397	-0.528942	-0.366125	-0.159641	0.0762747	0.318712	0.553284	0.772569	0.97278	1.14988	1.28592	
-0.035597	0.0303617	0.045825	0.0103768	-0.0535391	-0.133432	-0.213934	-0.282836	-0.339308	-0.399348	-0.461047	-0.517113	-0.549018	-0.552988	-0.523195	-0.441648	-0.316069	-0.153093	0.0405064	0.244662	0.453664	0.659102	0.854828	1.03395	1.18017	
-0.0324599	0.040673	0.0584474	0.0286231	-0.0260257	-0.0895841	-0.145137	-0.194104	-0.241477	-0.293581	-0.346065	-0.390981	-0.414659	-0.418977	-0.392521	-0.329897	-0.240464	-0.120033	0.0236748	0.1811	0.350275	0.532023	0.71355	0.890371	1.04309	
-0.0109748	0.0725583	0.0954982	0.0727943	0.0303416	-0.0165296	-0.065433	-0.110053	-0.151041	-0.190062	-0.224957	-0.258038	-0.281718	-0.285262	-0.258511	-0.204957	-0.139138	-0.0637835	0.0256579	0.131445	0.262099	0.415274	0.577054	0.73859	0.891437	
0.0202295	0.119192	0.156833	0.15154	0.125544	0.089565	0.0401457	-0.0141222	-0.0615645	-0.0972327	-0.120146	-0.137273	-0.153398	-0.152384	-0.125681	-0.0791468	-0.0339889	-0.000160656	0.0402962	0.100375	0.194042	0.316225	0.455435	0.594284	0.740086	
0.0522434	0.174907	0.236168	0.253186	0.234214	0.197858	0.146745	0.0905284	0.0387376	0.00465921	-0.0166287	-0.0287336	-0.0320495	-0.0187759	0.0142842	0.0491649	0.0711687	0.0736677	0.0716794	0.0928055	0.151639	0.241598	0.349977	0.463096	0.588426	
0.0755228	0.220972	0.303133	0.332787	0.317569	0.277571	0.225691	0.176671	0.135969	0.105695	0.0812123	0.0767017	0.0891078	0.118471	0.154246	0.174277	0.174954	0.152955	0.123837	0.113131	0.134484	0.182583	0.251778	0.333856	0.433819	
0.0922027	0.246265	0.341561	0.377196	0.363915	0.321946	0.274511	0.23038	0.198336	0.176098	0.163307	0.171962	0.204434	0.252894	0.290097	0.301092	0.280737	0.235033	0.181463	0.145912	0.132588	0.14092	0.170185	0.213858	0.286137	
0.112977	0.262957	0.354718	0.388885	0.376928	0.333163	0.288136	0.24899	0.225895	0.222254	0.232226	0.263742	0.317788	0.3769	0.419493	0.426779	0.395524	0.332662	0.252657	0.190623	0.149936	0.12454	0.11087	0.122214	0.158959	
0.136865	0.276335	0.356762	0.381555	0.370758	0.330769	0.290568	0.25708	0.241034	0.250394	0.286288	0.345261	0.416038	0.481616	0.524943	0.534296	0.501091	0.432736	0.339746	0.254844	0.185531	0.134874	0.090248	0.0638543	0.0620659	
0.171058	0.294726	0.361704	0.37921	0.364762	0.331398	0.295133	0.268011	0.26012	0.277293	0.326178	0.400417	0.482474	0.555551	0.598472	0.606442	0.580724	0.52142	0.434686	0.339315	0.246847	0.168102	0.0987998	0.0353841	-0.0135005	
0.194058	0.306999	0.371232	0.391075	0.382797	0.353079	0.320803	0.298279	0.286663	0.305017	0.357055	0.437196	0.521368	0.598068	0.643688	0.653732	0.629307	0.585497	0.514454	0.417204	0.306967	0.205356	0.112999	0.0171866	-0.0737311	
0.194062	0.300391	0.36814	0.405641	0.415465	0.399527	0.371436	0.350136	0.335796	0.346513	0.392276	0.469281	0.550471	0.627146	0.677921	0.6863	0.661106	0.621482	0.559703	0.464597	0.345809	0.223625	0.107168	-0.0117516	-0.130737	
0.186027	0.28796	0.366607	0.425214	0.454779	0.457954	0.447219	0.430252	0.412651	0.413059	0.445495	0.511226	0.578105	0.641013	0.686261	0.693791	0.667684	0.626728	0.566598	0.473464	0.351587	0.217648	0.0848757	-0.0541147	-0.187626	
0.163654	0.270672	0.369391	0.451223	0.505187	0.530554	0.541529	0.537427	0.518657	0.509612	0.522772	0.55859	0.597187	0.632576	0.659007	0.659687	0.634296	0.597268	0.536003	0.443139	0.322908	0.18894	0.0495734	-0.0911828	-0.225937	
0.137593	0.26333	0.381862	0.488107	0.573298	0.626865	0.663223	0.668314	0.649003	0.627288	0.618682	0.621348	0.619193	0.612913	0.608877	0.592434	0.565786	0.533082	0.476031	0.38548	0.271237	0.149389	0.0220504	-0.104786	-0.233852	
0.121839	0.266494	0.40925	0.539619	0.648699	0.73397	0.794456	0.809512	0.792994	0.761593	0.728885	0.688482	0.641378	0.591578	0.553247	0.516352	0.48312	0.449736	0.400108	0.322593	0.22211	0.121044	0.0141698	-0.0989112	-0.218312	
0.122994	0.281116	0.445875	0.601733	0.736668	0.842394	0.911167	0.935385	0.922135	0.886531	0.830009	0.751693	0.656798	0.566727	0.493725	0.438267	0.39999	0.36759	0.328562	0.270998	0.196176	0.112631	0.0182877	-0.0847165	-0.191713	
