-0.138816	-0.197806	-0.241077	-0.27865	-0.304248	-0.309796	-0.290171	-0.257253	-0.215827	-0.165065	-0.0962692	-0.0171575	0.0787007	0.172661	0.243902	0.287435	0.288156	0.232815	0.134074	0.0170661	-0.0939017	-0.187637	-0.245018	-0.274586	-0.290166	
-0.0364217	-0.13138	-0.210503	-0.269031	-0.302019	-0.308926	-0.284497	-0.237068	-0.164989	-0.0759032	0.0251218	0.132761	0.238459	0.332171	0.400557	0.429927	0.411327	0.349657	0.251455	0.1303	0.0152273	-0.0835128	-0.149561	-0.182515	-0.198658	
0.0463381	-0.0752506	-0.172495	-0.234889	-0.263773	-0.267766	-0.250024	-0.202117	-0.118184	-0.00355711	0.120723	0.243333	0.35751	0.449926	0.509887	0.526799	0.496855	0.428888	0.336557	0.231143	0.124494	0.0367961	-0.0224121	-0.0508709	-0.0649431	
0.09384	-0.0314966	-0.133666	-0.196841	-0.218029	-0.218503	-0.210182	-0.164407	-0.0764232	0.0425571	0.174746	0.306957	0.425836	0.52064	0.572489	0.576656	0.537325	0.472886	0.393056	0.308194	0.224988	0.158936	0.115385	0.101617	0.0994766	
0.116913	0.00171491	-0.0944654	-0.153934	-0.176444	-0.178757	-0.166504	-0.12328	-0.0399922	0.069704	0.190223	0.313417	0.436769	0.532873	0.577811	0.573279	0.530501	0.47344	0.412725	0.35307	0.304235	0.269964	0.25647	0.264207	0.280309	
0.11529	0.0137809	-0.070241	-0.12041	-0.141622	-0.145359	-0.131169	-0.0946531	-0.0223233	0.0728574	0.180715	0.292416	0.407689	0.500043	0.534305	0.520885	0.479628	0.433101	0.393725	0.362803	0.348068	0.348289	0.369607	0.402491	0.437097	
0.110108	0.0189449	-0.0549645	-0.101941	-0.1207	-0.123421	-0.112074	-0.0774955	-0.0133308	0.0723528	0.168842	0.270062	0.367143	0.4442	0.471794	0.452069	0.408749	0.369472	0.344227	0.339284	0.354562	0.391055	0.442785	0.494253	0.543833	
0.11174	0.0244846	-0.0431384	-0.0839178	-0.100714	-0.103684	-0.0930958	-0.0631269	-0.00557519	0.0755741	0.16776	0.261821	0.346212	0.398393	0.406422	0.374972	0.324231	0.286968	0.272961	0.290153	0.329322	0.393025	0.471086	0.54186	0.604359	
0.125745	0.0486256	-0.0141983	-0.0524614	-0.0708699	-0.0730194	-0.0618203	-0.0326161	0.0213841	0.0934931	0.178531	0.26747	0.341012	0.369177	0.347269	0.296887	0.233521	0.190934	0.184167	0.210985	0.264846	0.346967	0.447212	0.540811	0.618779	
0.173052	0.101486	0.0448014	0.00383911	-0.0146282	-0.0160568	-0.00675618	0.0265464	0.0769076	0.142705	0.22251	0.30116	0.356097	0.357575	0.305495	0.224411	0.148878	0.0973958	0.084089	0.109416	0.171995	0.263559	0.378268	0.497113	0.594366	
0.258114	0.187335	0.134219	0.0928535	0.0746229	0.0727425	0.0824879	0.116087	0.164235	0.227935	0.300461	0.355193	0.376659	0.344371	0.266007	0.160464	0.0677423	0.00227944	-0.0211511	-0.00528296	0.0602137	0.159802	0.281109	0.415058	0.531494	
0.353105	0.287382	0.234956	0.195985	0.175768	0.172149	0.185293	0.217775	0.264199	0.326524	0.386719	0.413172	0.391612	0.324649	0.223091	0.102785	-0.00834327	-0.0903803	-0.124665	-0.115505	-0.0544162	0.0433126	0.164249	0.300155	0.424113	
0.4336	0.380023	0.329064	0.286526	0.260375	0.256366	0.273148	0.311224	0.358626	0.413094	0.456397	0.459625	0.403355	0.30452	0.182434	0.0471742	-0.0731463	-0.165637	-0.209695	-0.2022	-0.153327	-0.0749013	0.0354411	0.166792	0.288993	
0.491312	0.451048	0.398781	0.345775	0.308818	0.301998	0.328212	0.37684	0.430742	0.478662	0.498486	0.480544	0.40683	0.285908	0.149469	0.00312117	-0.121604	-0.221456	-0.277089	-0.281522	-0.24524	-0.178876	-0.0816735	0.0397941	0.161205	
0.515519	0.485808	0.426399	0.366926	0.322609	0.314383	0.34656	0.40135	0.464118	0.508601	0.512943	0.479128	0.397712	0.272829	0.124908	-0.0289239	-0.161122	-0.264574	-0.327951	-0.341783	-0.315074	-0.255231	-0.165494	-0.0626664	0.0499835	
0.498602	0.467843	0.403046	0.336813	0.287781	0.279262	0.313158	0.375483	0.444548	0.491291	0.493886	0.449882	0.36726	0.247449	0.106836	-0.0465788	-0.183138	-0.2858	-0.349743	-0.371288	-0.353402	-0.299309	-0.221536	-0.135004	-0.0312188	
0.422692	0.386269	0.320993	0.248844	0.195682	0.186333	0.223993	0.291093	0.362827	0.413202	0.421796	0.383513	0.311509	0.206261	0.081714	-0.0524782	-0.178793	-0.279228	-0.33652	-0.362647	-0.353611	-0.309532	-0.242655	-0.162955	-0.0638072	
0.282503	0.24254	0.180236	0.107127	0.0579777	0.0489961	0.0833104	0.150472	0.220077	0.269741	0.291169	0.274037	0.22461	0.139851	0.0320476	-0.0747558	-0.173844	-0.251811	-0.294579	-0.31653	-0.306802	-0.270405	-0.215835	-0.144296	-0.0520454	
0.109723	0.060321	-0.00516991	-0.0774082	-0.123162	-0.130354	-0.1007	-0.0344586	0.0352778	0.0930918	0.124233	0.121554	0.0966188	0.0368437	-0.0455046	-0.113854	-0.165962	-0.200349	-0.218314	-0.22929	-0.219248	-0.18296	-0.136811	-0.0756193	0.0024629	
-0.0886415	-0.151806	-0.226019	-0.297047	-0.337389	-0.343252	-0.318075	-0.256325	-0.181113	-0.110471	-0.0669777	-0.0568259	-0.0649035	-0.090798	-0.127604	-0.146557	-0.143392	-0.124045	-0.106825	-0.10537	-0.0954255	-0.065213	-0.0242193	0.0318915	0.0941071	
-0.312874	-0.382026	-0.454566	-0.517133	-0.552738	-0.558776	-0.535022	-0.48214	-0.411804	-0.337823	-0.284098	-0.259907	-0.246883	-0.229984	-0.204077	-0.159957	-0.101678	-0.0365854	0.0156706	0.0391539	0.0549087	0.0777929	0.111881	0.155413	0.204334	
-0.53107	-0.592535	-0.653356	-0.702944	-0.737151	-0.74328	-0.719035	-0.675082	-0.617827	-0.554688	-0.499853	-0.459898	-0.417409	-0.355599	-0.265321	-0.151632	-0.0380644	0.0645939	0.13811	0.182445	0.207975	0.225622	0.247836	0.276002	0.307002	
-0.699262	-0.741409	-0.78401	-0.822461	-0.85268	-0.858036	-0.835923	-0.80034	-0.757942	-0.716535	-0.674122	-0.625555	-0.553377	-0.448396	-0.305656	-0.138644	0.0201644	0.152739	0.245289	0.304844	0.341923	0.359045	0.365599	0.368334	0.369452	
-0.79135	-0.807111	-0.827291	-0.852456	-0.873518	-0.878048	-0.861897	-0.838029	-0.813648	-0.797673	-0.778866	-0.737375	-0.649546	-0.51173	-0.333843	-0.135803	0.0487919	0.205011	0.32419	0.400273	0.444127	0.458746	0.453469	0.426293	0.387369	
-0.808704	-0.796536	-0.79688	-0.812439	-0.828398	-0.831881	-0.819884	-0.801275	-0.794417	-0.804144	-0.811567	-0.790335	-0.70923	-0.558138	-0.358487	-0.141244	0.0553234	0.227212	0.368542	0.458845	0.499009	0.501768	0.47937	0.430009	0.356081	
-0.778199	-0.741289	-0.713335	-0.717133	-0.731145	-0.733393	-0.72335	-0.711321	-0.727543	-0.76333	-0.799038	-0.807079	-0.744914	-0.607293	-0.403335	-0.176021	0.0332662	0.216241	0.373084	0.47652	0.514384	0.505804	0.459619	0.387899	0.297032	
-0.741289	-0.670135	-0.617363	-0.602923	-0.605456	-0.606452	-0.603448	-0.607062	-0.645847	-0.712391	-0.778721	-0.809917	-0.778135	-0.661319	-0.471272	-0.2435	-0.0211809	0.172748	0.335983	0.442788	0.485745	0.470511	0.411251	0.32707	0.226486	
-0.713335	-0.617363	-0.537044	-0.493944	-0.478051	-0.476108	-0.48592	-0.514659	-0.582175	-0.674818	-0.767452	-0.823806	-0.81109	-0.715719	-0.539339	-0.319148	-0.089731	0.110755	0.271002	0.377142	0.423563	0.415508	0.360982	0.274196	0.174223	
-0.717133	-0.602923	-0.493944	-0.412768	-0.372118	-0.365332	-0.392226	-0.457332	-0.556946	-0.672117	-0.779025	-0.844787	-0.843517	-0.761468	-0.596724	-0.38769	-0.162227	0.0383977	0.197636	0.308566	0.361365	0.359663	0.314199	0.23507	0.133755	
-0.731145	-0.605456	-0.478051	-0.372118	-0.314879	-0.305832	-0.34281	-0.431543	-0.553073	-0.682783	-0.794506	-0.862271	-0.871283	-0.79481	-0.631262	-0.426161	-0.205563	-0.00944236	0.145944	0.257141	0.315792	0.318831	0.284079	0.213423	0.115039	
-0.733393	-0.606452	-0.476108	-0.365332	-0.305832	-0.296578	-0.334241	-0.427398	-0.553522	-0.684715	-0.797183	-0.866718	-0.876365	-0.800536	-0.637397	-0.431673	-0.211497	-0.0182394	0.136375	0.248705	0.307271	0.310854	0.279468	0.209603	0.11265	
-0.72335	-0.603448	-0.48592	-0.392226	-0.34281	-0.334241	-0.367269	-0.444394	-0.554735	-0.676808	-0.785761	-0.852653	-0.85608	-0.776729	-0.613701	-0.40723	-0.184874	0.0149222	0.173097	0.284418	0.339959	0.340706	0.298904	0.223806	0.12352	
-0.711321	-0.607062	-0.514659	-0.457332	-0.431543	-0.427398	-0.444394	-0.486905	-0.566983	-0.669505	-0.769899	-0.831674	-0.825019	-0.735383	-0.56463	-0.348896	-0.119572	0.0815903	0.240952	0.348411	0.397419	0.392488	0.341022	0.257509	0.156379	
-0.727543	-0.645847	-0.582175	-0.556946	-0.553073	-0.553522	-0.554735	-0.566983	-0.616968	-0.694489	-0.771964	-0.813753	-0.790372	-0.683066	-0.499737	-0.274052	-0.047451	0.150021	0.312776	0.419171	0.463342	0.449829	0.390999	0.303636	0.203473	
-0.76333	-0.712391	-0.674818	-0.672117	-0.682783	-0.684715	-0.676808	-0.669505	-0.694489	-0.742938	-0.790872	-0.808446	-0.758619	-0.628538	-0.428466	-0.199878	0.0147308	0.202001	0.362488	0.468392	0.507871	0.495902	0.442179	0.36409	0.267528	
-0.799038	-0.778721	-0.767452	-0.779025	-0.794506	-0.797183	-0.785761	-0.769899	-0.771964	-0.790872	-0.809478	-0.800254	-0.724858	-0.577343	-0.372498	-0.151008	0.0504964	0.227274	0.375887	0.472149	0.510588	0.507607	0.47614	0.417313	0.336044	
-0.807079	-0.809917	-0.823806	-0.844787	-0.862271	-0.866718	-0.852653	-0.831674	-0.813753	-0.808446	-0.800254	-0.764596	-0.678161	-0.531016	-0.34273	-0.136092	0.0539132	0.216599	0.345399	0.427644	0.471453	0.482443	0.471057	0.434195	0.378329	
-0.744914	-0.778135	-0.81109	-0.843517	-0.871283	-0.876365	-0.85608	-0.825019	-0.790372	-0.758619	-0.724858	-0.678161	-0.59565	-0.477047	-0.318522	-0.136374	0.0356088	0.17885	0.281142	0.347757	0.388189	0.405066	0.40667	0.396245	0.3837	
-0.607293	-0.661319	-0.715719	-0.761468	-0.79481	-0.800536	-0.776729	-0.735383	-0.683066	-0.628538	-0.577343	-0.531016	-0.477047	-0.396407	-0.283466	-0.145554	-0.0122271	0.103145	0.18332	0.233331	0.264189	0.281223	0.296528	0.317094	0.336113	
-0.403335	-0.471272	-0.539339	-0.596724	-0.631262	-0.637397	-0.613701	-0.56463	-0.499737	-0.428466	-0.372498	-0.34273	-0.318522	-0.283466	-0.231498	-0.159101	-0.0786352	0.00274689	0.0659879	0.0990116	0.117442	0.138331	0.168684	0.205965	0.249087	
-0.176021	-0.2435	-0.319148	-0.38769	-0.426161	-0.431673	-0.40723	-0.348896	-0.274052	-0.199878	-0.151008	-0.136092	-0.136374	-0.145554	-0.159101	-0.153802	-0.128901	-0.0902719	-0.0582223	-0.0490541	-0.0379205	-0.0109942	0.0277227	0.080023	0.136816	
0.0332662	-0.0211809	-0.089731	-0.162227	-0.205563	-0.211497	-0.184874	-0.119572	-0.047451	0.0147308	0.0504964	0.0539132	0.0356088	-0.0122271	-0.0786352	-0.128901	-0.159251	-0.171561	-0.176378	-0.183654	-0.173211	-0.1381	-0.0948625	-0.0355164	0.0359744	
0.216241	0.172748	0.110755	0.0383977	-0.00944236	-0.0182394	0.0149222	0.0815903	0.150021	0.202001	0.227274	0.216599	0.17885	0.103145	0.00274689	-0.0902719	-0.171561	-0.235283	-0.269694	-0.286677	-0.27635	-0.240656	-0.189802	-0.123221	-0.0358383	
0.373084	0.335983	0.271002	0.197636	0.145944	0.136375	0.173097	0.240952	0.312776	0.362488	0.375887	0.345399	0.281142	0.18332	0.0659879	-0.0582223	-0.176378	-0.269694	-0.322227	-0.34893	-0.340735	-0.300212	-0.238212	-0.161117	-0.0638076	
0.47652	0.442788	0.377142	0.308566	0.257141	0.248705	0.284418	0.348411	0.419171	0.468392	0.472149	0.427644	0.347757	0.233331	0.0990116	-0.0490541	-0.183654	-0.286677	-0.34893	-0.372506	-0.35834	-0.308186	-0.234962	-0.152244	-0.0514588	
0.514384	0.485745	0.423563	0.361365	0.315792	0.307271	0.339959	0.397419	0.463342	0.507871	0.510588	0.471453	0.388189	0.264189	0.117442	-0.0379205	-0.173211	-0.27635	-0.340735	-0.35834	-0.334691	-0.276528	-0.1908	-0.0958747	0.0132476	
0.505804	0.470511	0.415508	0.359663	0.318831	0.310854	0.340706	0.392488	0.449829	0.495902	0.507607	0.482443	0.405066	0.281223	0.138331	-0.0109942	-0.1381	-0.240656	-0.300212	-0.308186	-0.276528	-0.212823	-0.119348	-0.0043717	0.114179	
0.459619	0.411251	0.360982	0.314199	0.284079	0.279468	0.298904	0.341022	0.390999	0.442179	0.47614	0.471057	0.40667	0.296528	0.168684	0.0277227	-0.0948625	-0.189802	-0.238212	-0.234962	-0.1908	-0.119348	-0.0146024	0.113435	0.236331	
0.387899	0.32707	0.274196	0.23507	0.213423	0.209603	0.223806	0.257509	0.303636	0.36409	0.417313	0.434195	0.396245	0.317094	0.205965	0.080023	-0.0355164	-0.123221	-0.161117	-0.152244	-0.0958747	-0.0043717	0.113435	0.248765	0.3715	
0.297032	0.226486	0.174223	0.133755	0.115039	0.11265	0.12352	0.156379	0.203473	0.267528	0.336044	0.378329	0.3837	0.336113	0.249087	0.136816	0.0359744	-0.0358383	-0.0638076	-0.0514588	0.0132476	0.114179	0.236331	0.3715	0.493677	
