0.21001	-0.00999748	-0.194546	-0.332196	-0.411613	-0.424912	-0.371756	-0.255806	-0.0890475	0.119978	0.342913	0.533738	0.667271	0.747849	0.783279	0.792509	0.804464	0.827495	0.852044	0.854721	0.82415	0.763777	0.672887	0.558928	0.435657	
0.232609	-0.0171197	-0.235371	-0.401809	-0.499077	-0.515389	-0.449868	-0.309641	-0.109411	0.131326	0.3831	0.603722	0.763592	0.865651	0.91822	0.934712	0.944841	0.954004	0.950426	0.919984	0.860679	0.776505	0.66811	0.542102	0.416354	
0.236093	-0.0433079	-0.289214	-0.475492	-0.590952	-0.612653	-0.530249	-0.372192	-0.147787	0.122946	0.402195	0.649736	0.835684	0.96202	1.03497	1.05977	1.06203	1.05165	1.01284	0.94358	0.860217	0.760194	0.63085	0.488728	0.365735	
0.212335	-0.0862692	-0.351925	-0.548361	-0.665899	-0.68679	-0.605211	-0.440121	-0.199304	0.0916727	0.389447	0.66048	0.871331	1.01242	1.09926	1.1351	1.13319	1.0962	1.02378	0.926703	0.815832	0.697514	0.555372	0.403729	0.287103	
0.151795	-0.155599	-0.423842	-0.621851	-0.738742	-0.759968	-0.678065	-0.512806	-0.269223	0.0261949	0.337772	0.622454	0.845997	1.00316	1.09546	1.13239	1.12894	1.0793	0.984047	0.863527	0.724961	0.585195	0.439758	0.293577	0.18372	
0.0553856	-0.246444	-0.508149	-0.70407	-0.814257	-0.832696	-0.757908	-0.597035	-0.356852	-0.0677162	0.239992	0.527043	0.753323	0.912217	1.00298	1.03831	1.03018	0.977567	0.870319	0.735768	0.583742	0.429572	0.285631	0.159838	0.0697824	
-0.0707615	-0.35674	-0.606345	-0.789963	-0.891972	-0.910226	-0.840633	-0.689502	-0.462181	-0.187709	0.104082	0.380198	0.597946	0.741391	0.818733	0.843679	0.823734	0.77003	0.672927	0.542352	0.386481	0.231079	0.0973158	-0.000788373	-0.0658903	
-0.20997	-0.475686	-0.709882	-0.881379	-0.978165	-0.995643	-0.929331	-0.786994	-0.575287	-0.317232	-0.0513546	0.193673	0.382385	0.501953	0.560189	0.571586	0.541797	0.490759	0.410128	0.289468	0.137699	-0.00776996	-0.119736	-0.191637	-0.225535	
-0.353269	-0.589623	-0.803319	-0.963981	-1.05169	-1.0679	-1.00786	-0.875579	-0.679774	-0.448204	-0.215405	-0.0135826	0.13503	0.223484	0.257444	0.260226	0.229582	0.171987	0.0926793	-0.0149421	-0.156325	-0.288349	-0.375311	-0.413036	-0.404997	
-0.490201	-0.691405	-0.875073	-1.01807	-1.09401	-1.10669	-1.05692	-0.938979	-0.768134	-0.570818	-0.376101	-0.218981	-0.112292	-0.049309	-0.0312236	-0.0419786	-0.083474	-0.159553	-0.255147	-0.369017	-0.49744	-0.601536	-0.653526	-0.651373	-0.598278	
-0.607043	-0.767033	-0.9179	-1.03722	-1.10003	-1.10858	-1.06969	-0.970884	-0.829174	-0.671032	-0.516396	-0.393907	-0.318681	-0.283492	-0.281881	-0.314127	-0.376775	-0.475947	-0.597989	-0.728189	-0.842706	-0.915822	-0.933308	-0.886336	-0.783973	
-0.682067	-0.80702	-0.929436	-1.02394	-1.07538	-1.0846	-1.04912	-0.972401	-0.857022	-0.7316	-0.613109	-0.519743	-0.46591	-0.4545	-0.479684	-0.534016	-0.620473	-0.738367	-0.883657	-1.02709	-1.13468	-1.18454	-1.16518	-1.07943	-0.928767	
-0.711847	-0.802945	-0.895931	-0.965584	-1.00584	-1.01245	-0.985775	-0.927164	-0.841426	-0.747174	-0.661778	-0.5891	-0.54649	-0.55462	-0.599685	-0.680512	-0.796793	-0.941149	-1.09822	-1.24462	-1.35037	-1.38096	-1.3304	-1.20722	-1.0158	
-0.698018	-0.759553	-0.815197	-0.85025	-0.871912	-0.876878	-0.860288	-0.831263	-0.783492	-0.722865	-0.661269	-0.603927	-0.566209	-0.579015	-0.64357	-0.753764	-0.900584	-1.0659	-1.2379	-1.38997	-1.48774	-1.50003	-1.4236	-1.26748	-1.0397	
-0.645114	-0.684959	-0.708333	-0.714896	-0.711252	-0.710355	-0.713686	-0.713274	-0.696188	-0.662233	-0.617193	-0.564626	-0.532388	-0.549366	-0.622509	-0.747398	-0.916937	-1.09999	-1.27796	-1.43135	-1.52405	-1.52963	-1.43516	-1.25547	-0.99997	
-0.553044	-0.578639	-0.587149	-0.585321	-0.572797	-0.567818	-0.581571	-0.587438	-0.58301	-0.566006	-0.528684	-0.486144	-0.466996	-0.488721	-0.560346	-0.688226	-0.861256	-1.04756	-1.22342	-1.37171	-1.4643	-1.46667	-1.36185	-1.17167	-0.906622	
-0.434036	-0.459537	-0.468924	-0.467988	-0.457638	-0.451836	-0.465629	-0.468983	-0.465495	-0.445625	-0.413461	-0.384564	-0.376105	-0.404336	-0.474165	-0.592233	-0.749975	-0.929349	-1.09607	-1.242	-1.33205	-1.33168	-1.22771	-1.03881	-0.776557	
-0.318878	-0.340236	-0.351016	-0.351175	-0.34674	-0.346732	-0.34954	-0.351528	-0.346271	-0.328726	-0.30394	-0.284852	-0.278817	-0.30603	-0.364712	-0.463269	-0.609065	-0.779724	-0.939226	-1.07743	-1.16143	-1.16062	-1.06656	-0.884995	-0.639862	
-0.223948	-0.231522	-0.237964	-0.241479	-0.24031	-0.241263	-0.240603	-0.240503	-0.233724	-0.227267	-0.217609	-0.202843	-0.194336	-0.21092	-0.249472	-0.327467	-0.457412	-0.612756	-0.765629	-0.896067	-0.976908	-0.986313	-0.907133	-0.746791	-0.519784	
-0.146473	-0.139322	-0.133962	-0.130962	-0.130339	-0.130001	-0.130413	-0.132624	-0.136678	-0.143732	-0.147728	-0.139606	-0.131677	-0.135536	-0.156309	-0.217362	-0.322641	-0.460116	-0.599822	-0.716734	-0.794393	-0.819375	-0.767736	-0.63729	-0.43455	
-0.0799901	-0.0533453	-0.0271191	-0.00348404	0.00675702	0.00913571	0.00141261	-0.0163171	-0.0425531	-0.0700805	-0.0918512	-0.0963715	-0.0880088	-0.0860755	-0.102358	-0.147574	-0.228363	-0.346816	-0.472063	-0.572437	-0.646145	-0.682692	-0.658735	-0.5585	-0.382164	
-0.0198593	0.0387548	0.103796	0.160172	0.195625	0.202345	0.177226	0.12807	0.0650739	0.00188947	-0.0465106	-0.0662965	-0.06676	-0.0661992	-0.078055	-0.115483	-0.187418	-0.284571	-0.388049	-0.478706	-0.551112	-0.594398	-0.589869	-0.513143	-0.359144	
0.0528262	0.15176	0.265974	0.366365	0.43215	0.444445	0.398058	0.308755	0.197449	0.0890961	0.00832237	-0.0370072	-0.0547544	-0.0618404	-0.0752607	-0.11027	-0.169153	-0.247076	-0.34529	-0.438355	-0.510261	-0.556176	-0.560033	-0.499753	-0.370005	
0.176021	0.322983	0.484281	0.625108	0.715588	0.731093	0.669582	0.544923	0.387048	0.232126	0.101259	0.011949	-0.0356274	-0.0591942	-0.0816836	-0.115858	-0.169923	-0.245195	-0.336755	-0.437722	-0.52125	-0.575424	-0.579805	-0.530126	-0.419487	
0.360252	0.563111	0.767291	0.939146	1.04182	1.05827	0.990004	0.842399	0.646441	0.439255	0.251642	0.104258	0.0105055	-0.042455	-0.0802113	-0.124134	-0.183705	-0.259926	-0.355755	-0.468865	-0.566434	-0.626533	-0.640366	-0.6011	-0.512994	
0.5924	0.846931	1.08811	1.27975	1.39112	1.41151	1.33467	1.17272	0.946392	0.693806	0.44898	0.242101	0.095568	0.00533773	-0.0554544	-0.119424	-0.19087	-0.278609	-0.385659	-0.507248	-0.612975	-0.681207	-0.711257	-0.699672	-0.642837	
0.846931	1.14367	1.41453	1.62033	1.73771	1.75782	1.6782	1.50644	1.25733	0.966067	0.673269	0.411862	0.211375	0.0795965	-0.0173782	-0.105698	-0.1927	-0.29469	-0.411426	-0.531604	-0.646015	-0.73306	-0.789484	-0.811042	-0.78789	
1.08811	1.41453	1.70528	1.92279	2.04658	2.06712	1.98444	1.80229	1.53773	1.22009	0.893251	0.590955	0.344486	0.164131	0.021542	-0.0924723	-0.19609	-0.303964	-0.422263	-0.538602	-0.661077	-0.774857	-0.868079	-0.922791	-0.92632	
1.27975	1.62033	1.92279	2.15186	2.28365	2.30475	2.21811	2.0245	1.74835	1.41809	1.07366	0.745661	0.462413	0.237981	0.0562934	-0.0824891	-0.1986	-0.30563	-0.420934	-0.537891	-0.661455	-0.796385	-0.924757	-1.00758	-1.03605	
1.39112	1.73771	2.04658	2.28365	2.41856	2.44236	2.35032	2.15254	1.8674	1.5321	1.18013	0.841243	0.540513	0.283983	0.0768669	-0.0810238	-0.197088	-0.303985	-0.412699	-0.52552	-0.651515	-0.807542	-0.959272	-1.05401	-1.09405	
1.41151	1.75782	2.06712	2.30475	2.44236	2.46691	2.37225	2.17336	1.8871	1.55328	1.19756	0.857557	0.554101	0.292661	0.0810757	-0.0802564	-0.197459	-0.305828	-0.408464	-0.520246	-0.648273	-0.81113	-0.96511	-1.06244	-1.10287	
1.33467	1.6782	1.98444	2.21811	2.35032	2.37225	2.28418	2.08873	1.80715	1.47405	1.12617	0.792921	0.500341	0.260102	0.0661901	-0.0816553	-0.197869	-0.304586	-0.418809	-0.53478	-0.657826	-0.801213	-0.941647	-1.03013	-1.06584	
1.17272	1.50644	1.80229	2.0245	2.15254	2.17336	2.08873	1.9009	1.63169	1.30807	0.972473	0.657883	0.394826	0.196033	0.0366601	-0.0873446	-0.1981	-0.305558	-0.422321	-0.538848	-0.662839	-0.785736	-0.893294	-0.961416	-0.975145	
0.946392	1.25733	1.53773	1.74835	1.8674	1.8871	1.80715	1.63169	1.37581	1.07111	0.763543	0.483838	0.264241	0.113477	-0.00138469	-0.0999716	-0.193781	-0.299268	-0.418067	-0.535643	-0.653814	-0.751641	-0.822433	-0.856741	-0.844877	
0.693806	0.966067	1.22009	1.41809	1.5321	1.55328	1.47405	1.30807	1.07111	0.80246	0.537263	0.307305	0.13879	0.0324128	-0.0411665	-0.11463	-0.191627	-0.286079	-0.397186	-0.519303	-0.628252	-0.702606	-0.741592	-0.74338	-0.700399	
0.44898	0.673269	0.893251	1.07366	1.18013	1.19756	1.12617	0.972473	0.763543	0.537263	0.326053	0.154519	0.0391254	-0.0271301	-0.0730464	-0.123827	-0.187791	-0.267241	-0.366433	-0.485059	-0.586551	-0.648785	-0.667556	-0.63866	-0.561716	
0.242101	0.411862	0.590955	0.745661	0.841243	0.857557	0.792921	0.657883	0.483838	0.307305	0.154519	0.0429682	-0.0212312	-0.0555821	-0.0831667	-0.120038	-0.175091	-0.249827	-0.342779	-0.447416	-0.536672	-0.594133	-0.601663	-0.554142	-0.451397	
0.095568	0.211375	0.344486	0.462413	0.540513	0.554101	0.500341	0.394826	0.264241	0.13879	0.0391254	-0.0212312	-0.0492613	-0.06138	-0.077561	-0.111294	-0.167419	-0.242211	-0.336838	-0.433735	-0.509028	-0.558219	-0.560799	-0.506142	-0.385181	
0.00533773	0.0795965	0.164131	0.237981	0.283983	0.292661	0.260102	0.196033	0.113477	0.0324128	-0.0271301	-0.0555821	-0.06138	-0.0638079	-0.0750881	-0.111704	-0.178225	-0.266014	-0.366672	-0.45737	-0.52843	-0.571987	-0.57334	-0.503327	-0.359543	
-0.0554544	-0.0173782	0.021542	0.0562934	0.0768669	0.0810757	0.0661901	0.0366601	-0.00138469	-0.0411665	-0.0730464	-0.0831667	-0.077561	-0.0750881	-0.0896212	-0.130219	-0.207685	-0.317842	-0.433028	-0.528013	-0.601548	-0.641685	-0.62652	-0.537276	-0.368859	
-0.119424	-0.105698	-0.0924723	-0.0824891	-0.0810238	-0.0802564	-0.0816553	-0.0873446	-0.0999716	-0.11463	-0.123827	-0.120038	-0.111294	-0.111704	-0.130219	-0.185538	-0.27811	-0.408158	-0.543705	-0.65331	-0.729442	-0.759594	-0.719378	-0.601361	-0.410398	
-0.19087	-0.1927	-0.19609	-0.1986	-0.197088	-0.197459	-0.197869	-0.1981	-0.193781	-0.191627	-0.187791	-0.175091	-0.167419	-0.178225	-0.207685	-0.27811	-0.400314	-0.548913	-0.696015	-0.822162	-0.902033	-0.917807	-0.847754	-0.699899	-0.481063	
-0.278609	-0.29469	-0.303964	-0.30563	-0.303985	-0.305828	-0.304586	-0.305558	-0.299268	-0.286079	-0.267241	-0.249827	-0.242211	-0.266014	-0.317842	-0.408158	-0.548913	-0.71406	-0.871267	-1.00647	-1.08829	-1.09037	-1.00182	-0.82673	-0.588521	
-0.385659	-0.411426	-0.422263	-0.420934	-0.412699	-0.408464	-0.418809	-0.422321	-0.418067	-0.397186	-0.366433	-0.342779	-0.336838	-0.366672	-0.433028	-0.543705	-0.696015	-0.871267	-1.0353	-1.17855	-1.26712	-1.26595	-1.16502	-0.977113	-0.721257	
-0.507248	-0.531604	-0.538602	-0.537891	-0.52552	-0.520246	-0.53478	-0.538848	-0.535643	-0.519303	-0.485059	-0.447416	-0.433735	-0.45737	-0.528013	-0.65331	-0.822162	-1.00647	-1.17855	-1.32613	-1.41829	-1.41941	-1.31297	-1.12288	-0.857512	
-0.612975	-0.646015	-0.661077	-0.661455	-0.651515	-0.648273	-0.657826	-0.662839	-0.653814	-0.628252	-0.586551	-0.536672	-0.509028	-0.52843	-0.601548	-0.729442	-0.902033	-1.08829	-1.26712	-1.41829	-1.51038	-1.51498	-1.41573	-1.22949	-0.968223	
-0.681207	-0.73306	-0.774857	-0.796385	-0.807542	-0.81113	-0.801213	-0.785736	-0.751641	-0.702606	-0.648785	-0.594133	-0.558219	-0.571987	-0.641685	-0.759594	-0.917807	-1.09037	-1.26595	-1.41941	-1.51498	-1.52371	-1.4383	-1.27181	-1.0314	
-0.711257	-0.789484	-0.868079	-0.924757	-0.959272	-0.96511	-0.941647	-0.893294	-0.822433	-0.741592	-0.667556	-0.601663	-0.560799	-0.57334	-0.62652	-0.719378	-0.847754	-1.00182	-1.16502	-1.31297	-1.41573	-1.4383	-1.37705	-1.24018	-1.03353	
-0.699672	-0.811042	-0.922791	-1.00758	-1.05401	-1.06244	-1.03013	-0.961416	-0.856741	-0.74338	-0.63866	-0.554142	-0.506142	-0.503327	-0.537276	-0.601361	-0.699899	-0.82673	-0.977113	-1.12288	-1.22949	-1.27181	-1.24018	-1.13914	-0.970194	
-0.642837	-0.78789	-0.92632	-1.03605	-1.09405	-1.10287	-1.06584	-0.975145	-0.844877	-0.700399	-0.561716	-0.451397	-0.385181	-0.359543	-0.368859	-0.410398	-0.481063	-0.588521	-0.721257	-0.857512	-0.968223	-1.0314	-1.03353	-0.970194	-0.848083	
