-0.202282	-0.238065	-0.258698	-0.270241	-0.282159	-0.282084	-0.256854	-0.20394	-0.128963	-0.0322863	0.0722592	0.18577	0.319801	0.455785	0.572326	0.654132	0.691492	0.691934	0.668042	0.637443	0.61198	0.597161	0.595065	0.599267	0.609083	
-0.238065	-0.222152	-0.199017	-0.180766	-0.171031	-0.151757	-0.119454	-0.0709276	1.02757e-05	0.0834769	0.171313	0.278099	0.410651	0.545168	0.655234	0.729353	0.768844	0.77402	0.746535	0.705515	0.667935	0.633952	0.611033	0.60084	0.598213	
-0.258698	-0.199017	-0.139481	-0.0904221	-0.0516682	-0.0125837	0.0255404	0.0677081	0.122663	0.189095	0.266207	0.370968	0.496402	0.61979	0.716366	0.777885	0.811135	0.81313	0.783279	0.736931	0.688882	0.639766	0.594039	0.562419	0.545611	
-0.270241	-0.180766	-0.0904221	-0.0148957	0.0547159	0.115463	0.163451	0.193467	0.225175	0.274594	0.346613	0.441766	0.554242	0.656385	0.730312	0.777489	0.811139	0.816256	0.783673	0.735577	0.680234	0.617898	0.552849	0.499112	0.466112	
-0.282159	-0.171031	-0.0516682	0.0547159	0.145349	0.218453	0.263214	0.27827	0.289655	0.324988	0.388393	0.468773	0.559913	0.639306	0.69426	0.735029	0.767332	0.774112	0.742422	0.697656	0.641237	0.564883	0.478093	0.402171	0.35063	
-0.282084	-0.151757	-0.0125837	0.115463	0.218453	0.285553	0.310965	0.303038	0.296989	0.31928	0.377602	0.4442	0.52213	0.584839	0.626961	0.665879	0.695293	0.695442	0.669492	0.619423	0.557259	0.474035	0.372742	0.277076	0.21491	
-0.256854	-0.119454	0.0255404	0.163451	0.263214	0.310965	0.314618	0.28549	0.263571	0.270633	0.312461	0.378636	0.452869	0.514544	0.556425	0.594225	0.615304	0.605806	0.569168	0.511802	0.443388	0.358823	0.253008	0.157695	0.0933175	
-0.20394	-0.0709276	0.0677081	0.193467	0.27827	0.303038	0.28549	0.245152	0.212216	0.204249	0.230146	0.290082	0.358523	0.423915	0.475127	0.51158	0.526624	0.514048	0.465996	0.400494	0.326264	0.247719	0.155183	0.0664338	-0.000362403	
-0.128963	1.02757e-05	0.122663	0.225175	0.289655	0.296989	0.263571	0.212216	0.165702	0.138745	0.147222	0.193384	0.258647	0.324649	0.382456	0.422966	0.444563	0.432886	0.37669	0.312597	0.240588	0.166997	0.0952184	0.0150616	-0.0622666	
-0.0322863	0.0834769	0.189095	0.274594	0.324988	0.31928	0.270633	0.204249	0.138745	0.0919342	0.0840205	0.114626	0.176623	0.24624	0.308987	0.356335	0.382375	0.375429	0.328878	0.26691	0.201619	0.141863	0.0840278	0.0102759	-0.0694602	
0.0722592	0.171313	0.266207	0.346613	0.388393	0.377602	0.312461	0.230146	0.147222	0.0840205	0.0595946	0.0749565	0.126634	0.200153	0.271463	0.329797	0.3647	0.361138	0.326102	0.270247	0.216847	0.173274	0.126311	0.0578926	-0.0169239	
0.18577	0.278099	0.370968	0.441766	0.468773	0.4442	0.378636	0.290082	0.193384	0.114626	0.0749565	0.074549	0.116014	0.190181	0.266704	0.330401	0.370823	0.381921	0.364147	0.325718	0.283745	0.246114	0.199123	0.13808	0.0680312	
0.319801	0.410651	0.496402	0.554242	0.559913	0.52213	0.452869	0.358523	0.258647	0.176623	0.126634	0.116014	0.148446	0.216891	0.290441	0.351531	0.397706	0.424402	0.424777	0.40685	0.378062	0.339584	0.289181	0.23274	0.171539	
0.455785	0.545168	0.61979	0.656385	0.639306	0.584839	0.514544	0.423915	0.324649	0.24624	0.200153	0.190181	0.216891	0.26684	0.332524	0.388644	0.434097	0.471671	0.493801	0.489505	0.469686	0.43107	0.381509	0.333866	0.290762	
0.572326	0.655234	0.716366	0.730312	0.69426	0.626961	0.556425	0.475127	0.382456	0.308987	0.271463	0.266704	0.290441	0.332524	0.38532	0.430493	0.472407	0.514243	0.542208	0.549072	0.543413	0.511574	0.468918	0.437163	0.412952	
0.654132	0.729353	0.777885	0.777489	0.735029	0.665879	0.594225	0.51158	0.422966	0.356335	0.329797	0.330401	0.351531	0.388644	0.430493	0.471789	0.511054	0.548382	0.57358	0.585476	0.582353	0.559229	0.531786	0.518608	0.515619	
0.691492	0.768844	0.811135	0.811139	0.767332	0.695293	0.615304	0.526624	0.444563	0.382375	0.3647	0.370823	0.397706	0.434097	0.472407	0.511054	0.546618	0.563438	0.576167	0.58215	0.579411	0.570479	0.562626	0.565004	0.583408	
0.691934	0.77402	0.81313	0.816256	0.774112	0.695442	0.605806	0.514048	0.432886	0.375429	0.361138	0.381921	0.424402	0.471671	0.514243	0.548382	0.563438	0.5584	0.549164	0.541269	0.538855	0.540917	0.545494	0.569109	0.607834	
0.668042	0.746535	0.783279	0.783673	0.742422	0.669492	0.569168	0.465996	0.37669	0.328878	0.326102	0.364147	0.424777	0.493801	0.542208	0.57358	0.576167	0.549164	0.512227	0.485249	0.473978	0.477107	0.494365	0.534747	0.591752	
0.637443	0.705515	0.736931	0.735577	0.697656	0.619423	0.511802	0.400494	0.312597	0.26691	0.270247	0.325718	0.40685	0.489505	0.549072	0.585476	0.58215	0.541269	0.485249	0.439982	0.410277	0.405252	0.424365	0.47274	0.541414	
0.61198	0.667935	0.688882	0.680234	0.641237	0.557259	0.443388	0.326264	0.240588	0.201619	0.216847	0.283745	0.378062	0.469686	0.543413	0.582353	0.579411	0.538855	0.473978	0.410277	0.36997	0.351803	0.362741	0.409145	0.480895	
0.597161	0.633952	0.639766	0.617898	0.564883	0.474035	0.358823	0.247719	0.166997	0.141863	0.173274	0.246114	0.339584	0.43107	0.511574	0.559229	0.570479	0.540917	0.477107	0.405252	0.351803	0.317242	0.317086	0.351019	0.412529	
0.595065	0.611033	0.594039	0.552849	0.478093	0.372742	0.253008	0.155183	0.0952184	0.0840278	0.126311	0.199123	0.289181	0.381509	0.468918	0.531786	0.562626	0.545494	0.494365	0.424365	0.362741	0.317086	0.296091	0.302755	0.339185	
0.599267	0.60084	0.562419	0.499112	0.402171	0.277076	0.157695	0.0664338	0.0150616	0.0102759	0.0578926	0.13808	0.23274	0.333866	0.437163	0.518608	0.565004	0.569109	0.534747	0.47274	0.409145	0.351019	0.302755	0.27437	0.275295	
0.609083	0.598213	0.545611	0.466112	0.35063	0.21491	0.0933175	-0.000362403	-0.0622666	-0.0694602	-0.0169239	0.0680312	0.171539	0.290762	0.412952	0.515619	0.583408	0.607834	0.591752	0.541414	0.480895	0.412529	0.339185	0.275295	0.233321	
0.625158	0.605525	0.537473	0.444767	0.321169	0.177201	0.0463312	-0.0565164	-0.126003	-0.145923	-0.102147	-0.00828482	0.11479	0.256609	0.39486	0.518569	0.601681	0.642051	0.648028	0.618355	0.563237	0.492293	0.396499	0.300403	0.215062	
0.645727	0.619957	0.539688	0.428001	0.291559	0.140609	0.00544375	-0.109792	-0.192626	-0.219943	-0.177582	-0.0756415	0.0616163	0.220662	0.378173	0.518023	0.618119	0.680312	0.70648	0.692776	0.647231	0.568681	0.457149	0.335347	0.213238	
0.66157	0.638357	0.552935	0.425462	0.27351	0.111656	-0.0314406	-0.155039	-0.246083	-0.27755	-0.237292	-0.132155	0.0150092	0.187094	0.361865	0.520369	0.64432	0.729296	0.770137	0.766221	0.719817	0.629941	0.507257	0.368203	0.219837	
0.664581	0.658226	0.574555	0.437924	0.273561	0.105219	-0.056977	-0.192558	-0.287021	-0.324945	-0.289945	-0.184737	-0.0254635	0.16173	0.353822	0.531295	0.674913	0.770322	0.821923	0.822957	0.773655	0.676878	0.545265	0.398038	0.233581	
0.658358	0.665784	0.59368	0.458404	0.288633	0.112851	-0.0570558	-0.203027	-0.307515	-0.352124	-0.322187	-0.217636	-0.0541128	0.141592	0.348682	0.538739	0.69708	0.803563	0.856654	0.855387	0.801284	0.696591	0.566031	0.415849	0.245871	
0.656933	0.666645	0.598086	0.463119	0.292104	0.11571	-0.0548789	-0.202448	-0.310834	-0.356177	-0.325864	-0.223023	-0.0605156	0.135897	0.347207	0.539748	0.701258	0.810087	0.862648	0.860085	0.806425	0.699176	0.568467	0.418832	0.247894	
0.662566	0.663204	0.583753	0.446199	0.279915	0.107487	-0.0597549	-0.20023	-0.297181	-0.338796	-0.306567	-0.201157	-0.0383336	0.15362	0.351652	0.535193	0.684865	0.785158	0.838437	0.839794	0.787208	0.688369	0.556055	0.406721	0.239303	
0.664635	0.646228	0.560565	0.428825	0.270274	0.106186	-0.0442105	-0.172192	-0.265137	-0.298157	-0.258201	-0.153815	-0.00265259	0.174949	0.357401	0.524172	0.657148	0.746895	0.7929	0.791507	0.744548	0.650561	0.523934	0.380938	0.224579	
0.653116	0.626854	0.543802	0.424705	0.283007	0.127168	-0.0101527	-0.128324	-0.215421	-0.244557	-0.203107	-0.0993031	0.0428685	0.20741	0.371671	0.518202	0.627025	0.699577	0.732136	0.723198	0.677921	0.59497	0.478977	0.34857	0.215097	
0.633626	0.61097	0.536767	0.436542	0.308622	0.16299	0.0297065	-0.0788529	-0.153526	-0.177288	-0.134545	-0.0364829	0.0921401	0.241556	0.388298	0.518914	0.607651	0.65564	0.670225	0.648282	0.597516	0.524463	0.420948	0.313895	0.212702	
0.614583	0.599551	0.54112	0.457796	0.338387	0.198553	0.07393	-0.0229127	-0.0876046	-0.0993971	-0.0504246	0.037624	0.148453	0.276957	0.405304	0.516651	0.5918	0.622744	0.615055	0.572302	0.512937	0.442892	0.360982	0.28305	0.22342	
0.602813	0.599548	0.554244	0.483031	0.376926	0.247823	0.127882	0.0370549	-0.0182093	-0.0220045	0.0286146	0.110769	0.20839	0.315422	0.426778	0.516491	0.570868	0.582906	0.556112	0.497666	0.436594	0.372592	0.313723	0.271302	0.255488	
0.595819	0.60549	0.579117	0.529017	0.446272	0.331647	0.212129	0.11729	0.0647185	0.056129	0.100848	0.176592	0.267615	0.362181	0.455152	0.524849	0.56192	0.553137	0.508034	0.440378	0.376501	0.327203	0.295564	0.28865	0.312144	
0.595177	0.622578	0.620592	0.592269	0.530314	0.434754	0.318097	0.211862	0.138783	0.120029	0.156539	0.228465	0.320165	0.411386	0.493674	0.547513	0.567016	0.541375	0.48156	0.409923	0.352315	0.312268	0.304785	0.329982	0.382527	
0.604768	0.65415	0.669774	0.655565	0.612987	0.527383	0.411802	0.296391	0.210383	0.176265	0.198236	0.268539	0.364843	0.457313	0.533212	0.574821	0.575983	0.539736	0.47412	0.405176	0.35965	0.335334	0.342568	0.385117	0.454806	
0.626255	0.689674	0.717164	0.714203	0.676818	0.595816	0.485594	0.371544	0.285018	0.241306	0.248172	0.308916	0.395723	0.482529	0.549511	0.586415	0.58197	0.539974	0.478943	0.425937	0.391522	0.381202	0.397852	0.446488	0.517888	
0.655309	0.730686	0.766093	0.765708	0.725512	0.650964	0.548127	0.440664	0.35174	0.30461	0.304411	0.349762	0.420446	0.495533	0.547188	0.579068	0.579773	0.545397	0.499308	0.46521	0.446205	0.447153	0.467881	0.511772	0.574444	
0.68505	0.766357	0.804438	0.80629	0.764271	0.688793	0.594073	0.498491	0.413355	0.360592	0.350646	0.378124	0.426991	0.483018	0.52772	0.560586	0.568309	0.554264	0.534668	0.519176	0.515014	0.518757	0.528201	0.559563	0.605919	
0.694814	0.774566	0.816171	0.818852	0.775607	0.698591	0.615366	0.526115	0.446242	0.385026	0.367832	0.378681	0.410922	0.450284	0.490379	0.526643	0.555029	0.564424	0.567919	0.568886	0.567143	0.563653	0.561412	0.57202	0.598133	
0.674436	0.749317	0.794229	0.792354	0.748854	0.679624	0.6053	0.519608	0.433535	0.369578	0.347051	0.349778	0.372474	0.407178	0.446824	0.487711	0.526394	0.556263	0.57852	0.589796	0.586201	0.567761	0.549189	0.541554	0.547272	
0.61062	0.688984	0.744589	0.751292	0.71189	0.643827	0.572365	0.491789	0.400955	0.330126	0.297584	0.294578	0.31654	0.357288	0.404924	0.447507	0.488398	0.529697	0.557221	0.566413	0.563537	0.535671	0.498043	0.473434	0.458138	
0.505497	0.592874	0.662781	0.690014	0.664073	0.601786	0.532651	0.446516	0.349432	0.272518	0.229629	0.221358	0.246907	0.292158	0.353106	0.404906	0.448574	0.489349	0.515877	0.516858	0.502563	0.465339	0.417299	0.375763	0.340113	
0.37537	0.466475	0.547297	0.597453	0.594617	0.551297	0.480193	0.385353	0.285497	0.204121	0.155006	0.143698	0.173661	0.233956	0.305523	0.365348	0.412317	0.443578	0.452871	0.441125	0.41613	0.376814	0.327149	0.272921	0.217383	
0.238042	0.32859	0.419722	0.485468	0.504391	0.474835	0.408508	0.31758	0.218798	0.137453	0.0918727	0.0858497	0.123114	0.197164	0.273377	0.336578	0.37877	0.3972	0.386936	0.356864	0.320216	0.282435	0.233135	0.17423	0.10753	
0.114735	0.210668	0.304952	0.382273	0.418848	0.402561	0.336743	0.251179	0.161249	0.0913107	0.0606703	0.0696126	0.11787	0.191726	0.265865	0.32752	0.365554	0.366082	0.336639	0.286885	0.238169	0.198492	0.153009	0.087742	0.0144843	
