0.42881	0.419857	0.384309	0.345603	0.316514	0.310334	0.332357	0.368109	0.407173	0.430283	0.411222	0.33632	0.199527	0.0105667	-0.206941	-0.424009	-0.613597	-0.761315	-0.856039	-0.898813	-0.894678	-0.836149	-0.734694	-0.599371	-0.443656	
0.387344	0.380962	0.345205	0.305257	0.277878	0.2723	0.292432	0.328366	0.368756	0.389922	0.369986	0.297133	0.162138	-0.0252644	-0.243175	-0.463333	-0.654716	-0.799987	-0.890112	-0.924339	-0.906209	-0.828906	-0.702766	-0.542325	-0.359455	
0.319224	0.306436	0.266807	0.227471	0.197929	0.191297	0.214314	0.250231	0.292348	0.318954	0.305607	0.241356	0.113967	-0.0656638	-0.272476	-0.479647	-0.658177	-0.790717	-0.867562	-0.888375	-0.855195	-0.762789	-0.620537	-0.437125	-0.230447	
0.218879	0.194637	0.147271	0.104323	0.0742504	0.0678959	0.0908781	0.128384	0.176687	0.213686	0.215057	0.17054	0.067401	-0.086207	-0.270563	-0.45995	-0.621283	-0.735339	-0.794701	-0.799906	-0.754884	-0.652914	-0.49831	-0.298324	-0.0683516	
0.100787	0.0559693	-0.00653498	-0.0577245	-0.0919514	-0.0996177	-0.0737235	-0.029171	0.0313983	0.0862268	0.113622	0.104386	0.0381226	-0.0822715	-0.235696	-0.399515	-0.544094	-0.645348	-0.693302	-0.685685	-0.62308	-0.506761	-0.341038	-0.127492	0.117551	
-0.00528097	-0.082005	-0.168122	-0.236281	-0.281509	-0.290425	-0.25695	-0.198265	-0.117194	-0.0332004	0.0275302	0.0496859	0.0185577	-0.0630445	-0.183196	-0.319977	-0.444008	-0.531645	-0.567859	-0.549825	-0.475746	-0.341655	-0.156876	0.0710577	0.326151	
-0.0970091	-0.196215	-0.3035	-0.388801	-0.439895	-0.449757	-0.413761	-0.3413	-0.239549	-0.134561	-0.0462403	0.0110567	0.0132588	-0.0378786	-0.129479	-0.241285	-0.340097	-0.405375	-0.42646	-0.394031	-0.308659	-0.169248	0.0265462	0.265189	0.522376	
-0.157293	-0.275208	-0.388765	-0.472937	-0.52592	-0.535714	-0.497792	-0.426787	-0.322878	-0.203476	-0.0930417	-0.00905124	0.0246802	0.00384659	-0.0600501	-0.150407	-0.238021	-0.290949	-0.296938	-0.251374	-0.152188	-0.008151	0.18565	0.423251	0.673039	
-0.152984	-0.276474	-0.395605	-0.488111	-0.542502	-0.55179	-0.514931	-0.436673	-0.325723	-0.201713	-0.0834813	0.0105788	0.0625114	0.0647587	0.019959	-0.0542417	-0.129213	-0.17672	-0.182663	-0.135898	-0.0311526	0.115951	0.302585	0.523819	0.751376	
-0.0836702	-0.213079	-0.3322	-0.424643	-0.478052	-0.487256	-0.451581	-0.372286	-0.263324	-0.135938	-0.00873497	0.0933053	0.155324	0.163736	0.126332	0.0625294	-0.0112834	-0.0623018	-0.0726987	-0.0389936	0.0472121	0.179428	0.350956	0.54825	0.744282	
0.0460295	-0.0848779	-0.198405	-0.288636	-0.338282	-0.345344	-0.314369	-0.23817	-0.132692	-0.00779943	0.124007	0.23043	0.298842	0.32045	0.284633	0.211153	0.127875	0.0560795	0.0214066	0.0325311	0.0876537	0.185793	0.325658	0.490716	0.652165	
0.237376	0.112339	-0.00118286	-0.0888405	-0.137572	-0.145458	-0.113332	-0.0402168	0.0649236	0.187031	0.312276	0.422903	0.492894	0.509058	0.468379	0.379149	0.271433	0.169272	0.0963801	0.0764211	0.104722	0.165225	0.266393	0.394258	0.51456	
0.476889	0.355845	0.251886	0.170804	0.123885	0.117441	0.147478	0.215661	0.311952	0.427717	0.547037	0.643743	0.701923	0.705542	0.650763	0.546439	0.409875	0.279359	0.173782	0.107408	0.101351	0.134498	0.197835	0.282457	0.362865	
0.731149	0.628587	0.543226	0.469969	0.432915	0.428469	0.449032	0.512256	0.592584	0.688456	0.791103	0.865865	0.91052	0.899518	0.821742	0.697378	0.536741	0.37342	0.240189	0.146236	0.100737	0.104274	0.138379	0.183298	0.224514	
0.976257	0.897092	0.832646	0.778616	0.752021	0.748804	0.763879	0.810389	0.869113	0.943566	1.02217	1.07817	1.10455	1.07181	0.976601	0.832785	0.650799	0.461323	0.303387	0.192357	0.120215	0.0949909	0.104435	0.121223	0.125544	
1.19257	1.13605	1.08644	1.04971	1.02611	1.02212	1.03862	1.0693	1.11529	1.17081	1.2219	1.25657	1.25726	1.21461	1.11325	0.955131	0.770469	0.570506	0.391809	0.264455	0.182103	0.134492	0.105709	0.0905231	0.065654	
1.33687	1.30008	1.26231	1.23803	1.22345	1.21953	1.23205	1.25047	1.2843	1.32302	1.35802	1.38666	1.38084	1.33499	1.23739	1.08266	0.898894	0.703509	0.522102	0.380049	0.281963	0.218659	0.163868	0.105279	0.0468161	
1.40254	1.36861	1.33949	1.31815	1.30908	1.30784	1.31347	1.32947	1.35669	1.38815	1.42478	1.45489	1.4576	1.4224	1.34339	1.21454	1.04296	0.863185	0.691999	0.542293	0.428206	0.345701	0.269194	0.173912	0.0768394	
1.38881	1.34642	1.31089	1.29221	1.27729	1.27382	1.28595	1.30145	1.33079	1.37244	1.41189	1.45188	1.48033	1.47191	1.42488	1.33209	1.1918	1.03281	0.878424	0.741269	0.61892	0.511515	0.402615	0.280659	0.151274	
1.29484	1.24086	1.19473	1.1735	1.15592	1.15118	1.16683	1.18419	1.21948	1.27344	1.32724	1.38962	1.44771	1.47372	1.46714	1.41979	1.3272	1.20346	1.06584	0.935285	0.81064	0.687518	0.553419	0.399447	0.240223	
1.14333	1.07556	1.02537	0.993391	0.976198	0.972784	0.984461	1.01101	1.05344	1.11347	1.19233	1.27777	1.35937	1.43088	1.4696	1.46558	1.42341	1.34126	1.22821	1.10532	0.978541	0.837989	0.682276	0.509335	0.327754	
0.962336	0.887938	0.831414	0.789435	0.771948	0.769202	0.779852	0.81239	0.863318	0.930056	1.02188	1.12964	1.23794	1.34832	1.43225	1.46988	1.46943	1.4251	1.34386	1.23324	1.09985	0.944094	0.764476	0.577414	0.38677	
0.782626	0.701996	0.637917	0.592213	0.573328	0.570972	0.581855	0.61648	0.674605	0.747048	0.846535	0.969948	1.09829	1.23153	1.35036	1.43897	1.48117	1.46738	1.40679	1.29824	1.162	0.992685	0.792764	0.586619	0.386877	
0.617104	0.52561	0.462682	0.426624	0.404243	0.40054	0.415721	0.445971	0.497792	0.576418	0.68189	0.808861	0.9577	1.1141	1.25721	1.38005	1.45306	1.46924	1.42544	1.31595	1.1666	0.972982	0.759402	0.542723	0.334656	
0.475446	0.386232	0.326707	0.288034	0.265523	0.262538	0.276968	0.308835	0.358891	0.437137	0.539799	0.667616	0.827077	0.997014	1.16462	1.30697	1.40235	1.44383	1.40789	1.29963	1.13002	0.915504	0.683965	0.44895	0.240297	
0.361483	0.278899	0.222873	0.181635	0.1658	0.164266	0.172086	0.204541	0.253619	0.324969	0.425805	0.557158	0.715149	0.888304	1.07329	1.23958	1.35981	1.40749	1.37182	1.26075	1.06776	0.831527	0.578253	0.328414	0.115838	
0.278899	0.195283	0.14533	0.113613	0.0975737	0.0949463	0.105093	0.131809	0.171628	0.241968	0.34037	0.465058	0.628519	0.812926	1.00168	1.17893	1.314	1.37005	1.33869	1.21334	0.997964	0.738412	0.462937	0.205843	-0.0137691	
0.222873	0.14533	0.0979564	0.0652837	0.0481777	0.0461494	0.056302	0.0829068	0.123101	0.188823	0.282184	0.403142	0.564166	0.753294	0.949257	1.13165	1.27351	1.33978	1.30606	1.16781	0.940643	0.661405	0.365271	0.0943408	-0.127488	
0.181635	0.113613	0.0652837	0.0356486	0.0249885	0.0233266	0.0296047	0.0513958	0.0925209	0.150304	0.2404	0.36845	0.522453	0.707394	0.913098	1.10676	1.25415	1.32065	1.28304	1.13689	0.894556	0.594383	0.287377	0.00825431	-0.215687	
0.1658	0.0975737	0.0481777	0.0249885	0.00989429	0.00621502	0.0187013	0.0361701	0.0754955	0.135672	0.221184	0.344672	0.501398	0.690555	0.89541	1.08928	1.23752	1.3094	1.27223	1.11616	0.869582	0.561948	0.244325	-0.0405013	-0.264866	
0.164266	0.0949463	0.0461494	0.0233266	0.00621502	0.0029548	0.0164125	0.0333981	0.0731713	0.133537	0.218839	0.341314	0.498147	0.688794	0.892251	1.08504	1.23372	1.30721	1.27017	1.11135	0.866211	0.55842	0.237465	-0.0478063	-0.272342	
0.172086	0.105093	0.056302	0.0296047	0.0187013	0.0164125	0.0240955	0.0434944	0.0840579	0.141171	0.22978	0.357636	0.511452	0.697764	0.903496	1.09914	1.24791	1.31497	1.27837	1.12768	0.881479	0.5761	0.264604	-0.0154079	-0.240906	
0.204541	0.131809	0.0829068	0.0513958	0.0361701	0.0333981	0.0434944	0.0681667	0.109208	0.172874	0.263277	0.386577	0.544708	0.731949	0.933464	1.11981	1.26342	1.33078	1.29476	1.15317	0.920627	0.633607	0.331605	0.0554389	-0.166448	
0.253619	0.171628	0.123101	0.0925209	0.0754955	0.0731713	0.0840579	0.109208	0.148419	0.217574	0.313384	0.43747	0.60095	0.787165	0.979119	1.15716	1.2957	1.35754	1.32503	1.19427	0.973323	0.705581	0.421254	0.159233	-0.0613129	
0.324969	0.241968	0.188823	0.150304	0.135672	0.133537	0.141171	0.172874	0.217574	0.288035	0.388993	0.516607	0.676965	0.855204	1.04139	1.21449	1.34226	1.39197	1.3586	1.24292	1.03969	0.792651	0.531221	0.279546	0.0626723	
0.425805	0.34037	0.282184	0.2404	0.221184	0.218839	0.22978	0.263277	0.313384	0.388993	0.49131	0.620609	0.779716	0.950671	1.12702	1.27953	1.38454	1.42978	1.39327	1.28493	1.10734	0.885681	0.645614	0.401666	0.19285	
0.557158	0.465058	0.403142	0.36845	0.344672	0.341314	0.357636	0.386577	0.43747	0.516607	0.620609	0.749303	0.904063	1.06737	1.22066	1.35061	1.43328	1.46157	1.42291	1.31419	1.15555	0.95292	0.732966	0.510023	0.301706	
0.715149	0.628519	0.564166	0.522453	0.501398	0.498147	0.511452	0.544708	0.60095	0.676965	0.779716	0.904063	1.04076	1.18414	1.31278	1.4185	1.47474	1.47231	1.41911	1.30966	1.17051	0.99167	0.785753	0.576329	0.371659	
0.888304	0.812926	0.753294	0.707394	0.690555	0.688794	0.697764	0.731949	0.787165	0.855204	0.950671	1.06737	1.18414	1.30374	1.40335	1.46171	1.47826	1.44702	1.3746	1.26539	1.13207	0.972295	0.783732	0.587532	0.393685	
1.07329	1.00168	0.949257	0.913098	0.89541	0.892251	0.903496	0.933464	0.979119	1.04139	1.12702	1.22066	1.31278	1.40335	1.4604	1.4718	1.4469	1.38038	1.28187	1.16459	1.03371	0.885726	0.72042	0.543	0.356877	
1.23958	1.17893	1.13165	1.10676	1.08928	1.08504	1.09914	1.11981	1.15716	1.21449	1.27953	1.35061	1.4185	1.46171	1.4718	1.44345	1.3719	1.26452	1.13483	1.0057	0.882048	0.752654	0.609707	0.446946	0.276919	
1.35981	1.314	1.27351	1.25415	1.23752	1.23372	1.24791	1.26342	1.2957	1.34226	1.38454	1.43328	1.47474	1.47826	1.4469	1.3719	1.24892	1.10253	0.954582	0.821224	0.697069	0.583099	0.463093	0.32699	0.185752	
1.40749	1.37005	1.33978	1.32065	1.3094	1.30721	1.31497	1.33078	1.35754	1.39197	1.42978	1.46157	1.47231	1.44702	1.38038	1.26452	1.10253	0.929965	0.765681	0.620595	0.501447	0.408041	0.319122	0.213453	0.103103	
1.37182	1.33869	1.30606	1.28304	1.27223	1.27017	1.27837	1.29476	1.32503	1.3586	1.39327	1.42291	1.41911	1.3746	1.28187	1.13483	0.954582	0.765681	0.586043	0.438526	0.334105	0.2646	0.202201	0.126902	0.0528101	
1.26075	1.21334	1.16781	1.13689	1.11616	1.11135	1.12768	1.15317	1.19427	1.24292	1.28493	1.31419	1.30966	1.26539	1.16459	1.0057	0.821224	0.620595	0.438526	0.305624	0.217284	0.162943	0.12192	0.0892639	0.0523131	
1.06776	0.997964	0.940643	0.894556	0.869582	0.866211	0.881479	0.920627	0.973323	1.03969	1.10734	1.15555	1.17051	1.13207	1.03371	0.882048	0.697069	0.501447	0.334105	0.217284	0.140145	0.104505	0.0993744	0.105211	0.0972617	
0.831527	0.738412	0.661405	0.594383	0.561948	0.55842	0.5761	0.633607	0.705581	0.792651	0.885681	0.95292	0.99167	0.972295	0.885726	0.752654	0.583099	0.408041	0.2646	0.162943	0.104505	0.0963879	0.121372	0.154176	0.179064	
0.578253	0.462937	0.365271	0.287377	0.244325	0.237465	0.264604	0.331605	0.421254	0.531221	0.645614	0.732966	0.785753	0.783732	0.72042	0.609707	0.463093	0.319122	0.202201	0.12192	0.0993744	0.121372	0.171564	0.239117	0.30402	
0.328414	0.205843	0.0943408	0.00825431	-0.0405013	-0.0478063	-0.0154079	0.0554389	0.159233	0.279546	0.401666	0.510023	0.576329	0.587532	0.543	0.446946	0.32699	0.213453	0.126902	0.0892639	0.105211	0.154176	0.239117	0.350299	0.454646	
0.115838	-0.0137691	-0.127488	-0.215687	-0.264866	-0.272342	-0.240906	-0.166448	-0.0613129	0.0626723	0.19285	0.301706	0.371659	0.393685	0.356877	0.276919	0.185752	0.103103	0.0528101	0.0523131	0.0972617	0.179064	0.30402	0.454646	0.599628	
