-0.216006	-0.328402	-0.41222	-0.440331	-0.38428	-0.257237	-0.0844937	0.112092	0.310631	0.471491	0.566257	0.590387	0.555386	0.453651	0.300275	0.130214	-0.0166102	-0.115473	-0.160756	-0.166262	-0.142271	-0.0967118	-0.047369	-0.0220809	-0.0314626	
-0.328402	-0.425672	-0.49506	-0.513384	-0.451787	-0.330816	-0.168995	0.024561	0.224834	0.382242	0.47779	0.507231	0.467737	0.362207	0.204343	0.0315073	-0.12154	-0.221914	-0.258932	-0.248732	-0.203748	-0.140609	-0.0730813	-0.0283523	-0.0112	
-0.41222	-0.49506	-0.543625	-0.543073	-0.481	-0.369299	-0.218798	-0.0369183	0.140574	0.279156	0.365383	0.387514	0.340303	0.230768	0.0852073	-0.0738586	-0.215175	-0.30522	-0.330608	-0.300285	-0.236595	-0.16021	-0.0811986	-0.0209023	0.0178551	
-0.440331	-0.513384	-0.543073	-0.537488	-0.485807	-0.38441	-0.244032	-0.0889709	0.0552401	0.168789	0.23889	0.247129	0.188957	0.0832309	-0.0450074	-0.177249	-0.29124	-0.362212	-0.372614	-0.327743	-0.253624	-0.169265	-0.0860546	-0.0121708	0.04005	
-0.38428	-0.451787	-0.481	-0.485807	-0.453723	-0.366834	-0.253976	-0.137989	-0.0277687	0.0613953	0.109231	0.10119	0.0361466	-0.0682153	-0.183589	-0.290834	-0.374091	-0.418004	-0.412701	-0.356856	-0.275011	-0.186189	-0.0951802	-0.0140738	0.0456274	
-0.257237	-0.330816	-0.369299	-0.38441	-0.366834	-0.309787	-0.242102	-0.169716	-0.0990426	-0.0458576	-0.0270517	-0.0491331	-0.116549	-0.219256	-0.327646	-0.416249	-0.469664	-0.486916	-0.460324	-0.3946	-0.30468	-0.207304	-0.111574	-0.0291611	0.0278237	
-0.0844937	-0.168995	-0.218798	-0.244032	-0.253976	-0.242102	-0.219732	-0.195297	-0.171949	-0.16337	-0.16987	-0.198704	-0.263891	-0.360974	-0.460488	-0.53572	-0.568393	-0.560211	-0.510909	-0.428413	-0.325846	-0.215955	-0.119865	-0.047127	-0.00378413	
0.112092	0.024561	-0.0369183	-0.0889709	-0.137989	-0.169716	-0.195297	-0.223649	-0.25757	-0.286697	-0.30855	-0.340366	-0.398366	-0.477665	-0.560945	-0.624171	-0.646895	-0.623727	-0.55532	-0.458672	-0.340166	-0.225034	-0.132586	-0.0739217	-0.0510709	
0.310631	0.224834	0.140574	0.0552401	-0.0277687	-0.0990426	-0.171949	-0.25757	-0.336096	-0.390907	-0.424868	-0.462134	-0.510189	-0.565641	-0.625523	-0.675971	-0.691157	-0.660866	-0.582258	-0.473582	-0.350299	-0.239858	-0.158781	-0.113799	-0.109368	
0.471491	0.382242	0.279156	0.168789	0.0613953	-0.0458576	-0.16337	-0.286697	-0.390907	-0.461267	-0.506419	-0.54634	-0.583248	-0.617362	-0.655043	-0.686564	-0.690761	-0.654827	-0.569869	-0.457355	-0.341746	-0.24932	-0.186884	-0.156273	-0.170618	
0.566257	0.47779	0.365383	0.23889	0.109231	-0.0270517	-0.16987	-0.30855	-0.424868	-0.506419	-0.555471	-0.589544	-0.615216	-0.633011	-0.648216	-0.653128	-0.638921	-0.591297	-0.502974	-0.396762	-0.300221	-0.235713	-0.196937	-0.189613	-0.223892	
0.590387	0.507231	0.387514	0.247129	0.10119	-0.0491331	-0.198704	-0.340366	-0.462134	-0.54634	-0.589544	-0.610882	-0.621206	-0.619092	-0.603737	-0.576678	-0.53301	-0.467662	-0.380192	-0.288324	-0.217933	-0.179002	-0.168821	-0.192676	-0.247538	
0.555386	0.467737	0.340303	0.188957	0.0361466	-0.116549	-0.263891	-0.398366	-0.510189	-0.583248	-0.615216	-0.621206	-0.611749	-0.580952	-0.533479	-0.468575	-0.389896	-0.302988	-0.216289	-0.141031	-0.0891988	-0.0677316	-0.0836323	-0.136332	-0.210108	
0.453651	0.362207	0.230768	0.0832309	-0.0682153	-0.219256	-0.360974	-0.477665	-0.565641	-0.617362	-0.633011	-0.619092	-0.580952	-0.519979	-0.437347	-0.335926	-0.223516	-0.115325	-0.0287419	0.0389114	0.0800142	0.0888041	0.0589775	-0.0113155	-0.0944451	
0.300275	0.204343	0.0852073	-0.0450074	-0.183589	-0.327646	-0.460488	-0.560945	-0.625523	-0.655043	-0.648216	-0.603737	-0.533479	-0.437347	-0.320459	-0.187318	-0.0479804	0.0777948	0.176883	0.248513	0.284189	0.285689	0.250621	0.182514	0.0980438	
0.130214	0.0315073	-0.0738586	-0.177249	-0.290834	-0.416249	-0.53572	-0.624171	-0.675971	-0.686564	-0.653128	-0.576678	-0.468575	-0.335926	-0.187318	-0.0307585	0.124903	0.270447	0.391624	0.476618	0.513067	0.511778	0.480064	0.42133	0.343073	
-0.0166102	-0.12154	-0.215175	-0.29124	-0.374091	-0.469664	-0.568393	-0.646895	-0.691157	-0.690761	-0.638921	-0.53301	-0.389896	-0.223516	-0.0479804	0.124903	0.295067	0.459485	0.599512	0.698656	0.744891	0.74859	0.722943	0.670459	0.602388	
-0.115473	-0.221914	-0.30522	-0.362212	-0.418004	-0.486916	-0.560211	-0.623727	-0.660866	-0.654827	-0.591297	-0.467662	-0.302988	-0.115325	0.0777948	0.270447	0.459485	0.635009	0.784439	0.893307	0.956552	0.976085	0.951528	0.903005	0.845366	
-0.160756	-0.258932	-0.330608	-0.372614	-0.412701	-0.460324	-0.510909	-0.55532	-0.582258	-0.569869	-0.502974	-0.380192	-0.216289	-0.0287419	0.176883	0.391624	0.599512	0.784439	0.934214	1.04969	1.129	1.15927	1.13917	1.09194	1.04314	
-0.166262	-0.248732	-0.300285	-0.327743	-0.356856	-0.3946	-0.428413	-0.458672	-0.473582	-0.457355	-0.396762	-0.288324	-0.141031	0.0389114	0.248513	0.476618	0.698656	0.893307	1.04969	1.16835	1.25131	1.28577	1.26927	1.22768	1.17832	
-0.142271	-0.203748	-0.236595	-0.253624	-0.275011	-0.30468	-0.325846	-0.340166	-0.350299	-0.341746	-0.300221	-0.217933	-0.0891988	0.0800142	0.284189	0.513067	0.744891	0.956552	1.129	1.25131	1.3292	1.36062	1.34487	1.30196	1.2401	
-0.0967118	-0.140609	-0.16021	-0.169265	-0.186189	-0.207304	-0.215955	-0.225034	-0.239858	-0.24932	-0.235713	-0.179002	-0.0677316	0.0888041	0.285689	0.511778	0.74859	0.976085	1.15927	1.28577	1.36062	1.38522	1.36356	1.30717	1.22729	
-0.047369	-0.0730813	-0.0811986	-0.0860546	-0.0951802	-0.111574	-0.119865	-0.132586	-0.158781	-0.186884	-0.196937	-0.168821	-0.0836323	0.0589775	0.250621	0.480064	0.722943	0.951528	1.13917	1.26927	1.34487	1.36356	1.32451	1.25016	1.15502	
-0.0220809	-0.0283523	-0.0209023	-0.0121708	-0.0140738	-0.0291611	-0.047127	-0.0739217	-0.113799	-0.156273	-0.189613	-0.192676	-0.136332	-0.0113155	0.182514	0.42133	0.670459	0.903005	1.09194	1.22768	1.30196	1.30717	1.25016	1.15738	1.05348	
-0.0314626	-0.0112	0.0178551	0.04005	0.0456274	0.0278237	-0.00378413	-0.0510709	-0.109368	-0.170618	-0.223892	-0.247538	-0.210108	-0.0944451	0.0980438	0.343073	0.602388	0.845366	1.04314	1.17832	1.2401	1.22729	1.15502	1.05348	0.943804	
-0.0485847	0.0039018	0.0520464	0.0807177	0.0877705	0.0666311	0.017067	-0.0538932	-0.139214	-0.223826	-0.29124	-0.320976	-0.288149	-0.177983	0.007632	0.251422	0.522092	0.779487	0.98676	1.11612	1.16019	1.13147	1.05286	0.948843	0.836908	
-0.080933	0.00122157	0.0695453	0.111629	0.121398	0.0943469	0.0252069	-0.0781018	-0.192678	-0.297872	-0.374527	-0.402285	-0.364434	-0.254575	-0.0687649	0.177087	0.452599	0.71635	0.92067	1.04152	1.07334	1.03665	0.957432	0.852226	0.739105	
-0.130098	-0.0203422	0.0721457	0.125775	0.139931	0.106127	0.0154643	-0.109401	-0.242045	-0.362319	-0.448165	-0.480846	-0.445301	-0.326664	-0.131842	0.122177	0.400996	0.656895	0.857223	0.974879	1.00846	0.974884	0.896672	0.788229	0.666821	
-0.17575	-0.0394634	0.0720438	0.136132	0.14559	0.102128	-0.000693556	-0.137464	-0.278968	-0.410348	-0.511324	-0.553345	-0.513312	-0.380791	-0.165948	0.0963564	0.369039	0.613446	0.803078	0.921494	0.959797	0.932173	0.859354	0.749124	0.620749	
-0.191014	-0.033201	0.089682	0.149213	0.148139	0.0944572	-0.0146813	-0.153606	-0.298643	-0.44082	-0.554061	-0.60181	-0.55608	-0.406764	-0.179479	0.0860412	0.350977	0.582826	0.766196	0.882149	0.923041	0.90026	0.833267	0.727374	0.595507	
-0.191123	-0.0281874	0.0958575	0.153346	0.148673	0.0932055	-0.0174053	-0.155864	-0.301676	-0.446283	-0.562409	-0.610766	-0.563937	-0.411489	-0.181858	0.0829462	0.346877	0.57633	0.758647	0.874581	0.915861	0.894117	0.829274	0.723984	0.591864	
-0.185684	-0.039759	0.0771848	0.141081	0.146493	0.098571	-0.0065526	-0.145197	-0.288637	-0.425084	-0.531967	-0.576913	-0.53368	-0.39386	-0.172712	0.0917404	0.360767	0.599842	0.785705	0.902981	0.942308	0.917128	0.846836	0.738145	0.60779	
-0.150299	-0.0302104	0.0712068	0.129542	0.143109	0.105789	0.00862753	-0.12179	-0.25851	-0.383227	-0.474705	-0.511137	-0.475539	-0.351472	-0.149713	0.108456	0.386095	0.637227	0.834327	0.951927	0.988329	0.957178	0.880773	0.771113	0.645737	
-0.099837	-0.00607223	0.0712092	0.119595	0.131347	0.101624	0.0234969	-0.0908527	-0.21406	-0.32565	-0.405652	-0.434413	-0.396864	-0.284802	-0.0957261	0.152838	0.430291	0.692012	0.894022	1.01332	1.04395	1.00744	0.928357	0.821729	0.706651	
-0.0583453	0.00586232	0.0621518	0.0946115	0.102442	0.0789693	0.0219239	-0.061549	-0.159083	-0.252679	-0.324118	-0.353127	-0.318753	-0.209107	-0.0255249	0.218935	0.491986	0.753262	0.961266	1.0866	1.12498	1.0915	1.01187	0.908238	0.795874	
-0.0380769	-0.00480529	0.0318574	0.0573417	0.0636404	0.0449172	0.00687652	-0.0489446	-0.117221	-0.187861	-0.248147	-0.275211	-0.241103	-0.128075	0.0617887	0.306045	0.570586	0.819562	1.02197	1.15568	1.21014	1.19005	1.11448	1.01129	0.900624	
-0.0229045	-0.0199931	-0.00421692	0.0106173	0.0125483	-0.00376742	-0.0263819	-0.0611169	-0.107296	-0.15671	-0.198639	-0.211773	-0.164245	-0.0438212	0.150156	0.392407	0.644972	0.881103	1.07268	1.20914	1.27938	1.27784	1.21369	1.11636	1.00971	
-0.0325256	-0.051273	-0.0533819	-0.0540816	-0.0601125	-0.0754196	-0.0876331	-0.10481	-0.136596	-0.170072	-0.189732	-0.174062	-0.101352	0.0341548	0.226117	0.459111	0.704343	0.933409	1.1217	1.25383	1.33061	1.34462	1.29848	1.21611	1.11616	
-0.0766563	-0.112975	-0.128464	-0.135778	-0.14955	-0.168445	-0.174589	-0.184535	-0.203228	-0.220798	-0.216856	-0.170921	-0.0689726	0.0819982	0.27665	0.502932	0.742171	0.971187	1.15611	1.28447	1.35841	1.38146	1.35344	1.28988	1.2038	
-0.12558	-0.180131	-0.206265	-0.220596	-0.240274	-0.26645	-0.282269	-0.292154	-0.303456	-0.301168	-0.270591	-0.198568	-0.0765225	0.0873984	0.288285	0.516114	0.749962	0.969543	1.14773	1.27159	1.34846	1.37679	1.36016	1.31325	1.24392	
-0.160186	-0.234197	-0.277807	-0.300047	-0.325564	-0.36021	-0.388994	-0.412562	-0.424348	-0.409959	-0.355658	-0.256766	-0.117141	0.0589047	0.267701	0.497057	0.723919	0.924336	1.08641	1.20638	1.28709	1.32102	1.3052	1.26464	1.21211	
-0.166338	-0.259458	-0.323756	-0.360204	-0.395205	-0.438193	-0.481347	-0.519893	-0.54157	-0.526856	-0.460849	-0.342823	-0.184443	0.000381781	0.208983	0.431091	0.644827	0.833437	0.984202	1.10147	1.18389	1.21696	1.19855	1.15344	1.10604	
-0.140344	-0.244093	-0.323287	-0.373891	-0.422792	-0.48122	-0.545272	-0.600426	-0.634302	-0.625608	-0.559741	-0.434378	-0.26757	-0.0780385	0.12132	0.322846	0.519812	0.69882	0.848716	0.960213	1.03122	1.05561	1.0329	0.984606	0.930472	
-0.0626122	-0.169382	-0.258757	-0.325996	-0.397015	-0.481742	-0.569631	-0.643247	-0.684765	-0.682598	-0.624932	-0.510046	-0.356017	-0.178401	0.00476673	0.185115	0.362188	0.531773	0.677309	0.781015	0.832992	0.843071	0.817684	0.767322	0.703435	
0.0671169	-0.0337544	-0.134251	-0.225734	-0.327896	-0.441658	-0.554161	-0.638454	-0.687251	-0.692631	-0.65083	-0.561476	-0.438103	-0.291525	-0.131119	0.0317721	0.192728	0.346732	0.476634	0.567692	0.607092	0.605561	0.577171	0.521255	0.446649	
0.231733	0.13483	0.0208207	-0.0987636	-0.228511	-0.366609	-0.494614	-0.58997	-0.648306	-0.669722	-0.652011	-0.594363	-0.509318	-0.398278	-0.26867	-0.124924	0.0222972	0.155042	0.263119	0.338944	0.37376	0.373514	0.338148	0.274342	0.191478	
0.397012	0.303701	0.17582	0.0335311	-0.114387	-0.263652	-0.401958	-0.512073	-0.589495	-0.631831	-0.639432	-0.614201	-0.564203	-0.489897	-0.393803	-0.278447	-0.153915	-0.0382626	0.0515374	0.11948	0.15838	0.163812	0.131031	0.0591844	-0.0252364	
0.521597	0.432828	0.302239	0.151206	-0.00248329	-0.154356	-0.299851	-0.428291	-0.53177	-0.596824	-0.622917	-0.622019	-0.601883	-0.559334	-0.497369	-0.417693	-0.324362	-0.229153	-0.143672	-0.073473	-0.0269286	-0.0106899	-0.0336747	-0.095608	-0.174456	
0.584832	0.499921	0.377367	0.231466	0.081639	-0.0710644	-0.22002	-0.360412	-0.480702	-0.561599	-0.60102	-0.616515	-0.619914	-0.606716	-0.579029	-0.53667	-0.479927	-0.406028	-0.318341	-0.233944	-0.171699	-0.140275	-0.141353	-0.177513	-0.240916	
0.582958	0.497432	0.381995	0.249794	0.112782	-0.0307756	-0.177957	-0.318977	-0.437976	-0.522561	-0.570219	-0.59972	-0.619917	-0.630344	-0.633501	-0.626811	-0.602026	-0.548152	-0.459827	-0.358064	-0.272793	-0.219393	-0.19161	-0.196626	-0.238701	
