0.148232	0.294855	0.450886	0.594981	0.710786	0.769363	0.774443	0.761604	0.748053	0.714652	0.680741	0.659762	0.662675	0.672845	0.68135	0.681181	0.665163	0.618166	0.528761	0.413942	0.280689	0.135766	-0.00943464	-0.13857	-0.222982	
0.294855	0.416273	0.557993	0.702937	0.820663	0.871553	0.865518	0.843315	0.820433	0.775938	0.726246	0.698725	0.694554	0.695467	0.688359	0.665399	0.616498	0.537342	0.424626	0.298099	0.167947	0.0320512	-0.100458	-0.210415	-0.270147	
0.450886	0.557993	0.683501	0.821644	0.935056	0.981773	0.976408	0.94943	0.909099	0.845943	0.782154	0.740717	0.72028	0.704256	0.680731	0.632275	0.550442	0.438087	0.304046	0.161179	0.0285224	-0.0986072	-0.214244	-0.29483	-0.31973	
0.594981	0.702937	0.821644	0.942081	1.04298	1.09049	1.08986	1.06304	1.00674	0.930586	0.857362	0.800201	0.755342	0.713981	0.6606	0.580975	0.468216	0.327178	0.175259	0.01694	-0.127032	-0.250068	-0.345989	-0.393196	-0.378536	
0.710786	0.820663	0.935056	1.04298	1.13302	1.18647	1.19255	1.16463	1.10226	1.02237	0.941039	0.866671	0.794858	0.720073	0.623386	0.505181	0.365048	0.204917	0.0319162	-0.138921	-0.290915	-0.407428	-0.48319	-0.498569	-0.446022	
0.769363	0.871553	0.981773	1.09049	1.18647	1.25078	1.26682	1.24187	1.18385	1.0971	1.0018	0.915713	0.816354	0.695468	0.553352	0.399758	0.238802	0.0642298	-0.126072	-0.3065	-0.455211	-0.560141	-0.616395	-0.604991	-0.527074	
0.774443	0.865518	0.976408	1.08986	1.19255	1.26682	1.2928	1.27466	1.21953	1.14016	1.04375	0.937869	0.804133	0.639532	0.454043	0.266355	0.0925447	-0.0886837	-0.281216	-0.461537	-0.601105	-0.692006	-0.733971	-0.707894	-0.618212	
0.761604	0.843315	0.94943	1.06304	1.16463	1.24187	1.27466	1.26174	1.21401	1.14379	1.05129	0.926838	0.766986	0.567029	0.341473	0.123247	-0.065191	-0.249134	-0.429785	-0.593145	-0.71602	-0.79313	-0.817444	-0.784036	-0.690988	
0.748053	0.820433	0.909099	1.00674	1.10226	1.18385	1.21953	1.21401	1.17928	1.12075	1.02863	0.89126	0.710114	0.486984	0.235383	-0.0100402	-0.223634	-0.405598	-0.568205	-0.704251	-0.804929	-0.857783	-0.861728	-0.817871	-0.719873	
0.714652	0.775938	0.845943	0.930586	1.02237	1.0971	1.14016	1.14379	1.12075	1.06566	0.965324	0.817344	0.628637	0.393644	0.125771	-0.136141	-0.361562	-0.541946	-0.684677	-0.788146	-0.858372	-0.885033	-0.869331	-0.808767	-0.702905	
0.680741	0.726246	0.782154	0.857362	0.941039	1.0018	1.04375	1.05129	1.02863	0.965324	0.856092	0.704669	0.509807	0.269132	0.000918978	-0.253609	-0.477691	-0.648616	-0.766193	-0.839251	-0.871813	-0.868803	-0.82944	-0.758844	-0.654926	
0.659762	0.698725	0.740717	0.800201	0.866671	0.915713	0.937869	0.926838	0.89126	0.817344	0.704669	0.55544	0.361456	0.122309	-0.13613	-0.380403	-0.587608	-0.737122	-0.823436	-0.8591	-0.853908	-0.824272	-0.764045	-0.689615	-0.590117	
0.662675	0.694554	0.72028	0.755342	0.794858	0.816354	0.804133	0.766986	0.710114	0.628637	0.509807	0.361456	0.180897	-0.0423382	-0.273821	-0.496876	-0.681474	-0.800575	-0.858968	-0.865126	-0.834997	-0.777605	-0.698493	-0.614303	-0.511658	
0.672845	0.695467	0.704256	0.713981	0.720073	0.695468	0.639532	0.567029	0.486984	0.393644	0.269132	0.122309	-0.0423382	-0.222448	-0.407812	-0.590431	-0.740406	-0.827288	-0.858523	-0.842266	-0.793258	-0.718937	-0.630825	-0.537291	-0.431283	
0.68135	0.688359	0.680731	0.6606	0.623386	0.553352	0.454043	0.341473	0.235383	0.125771	0.000918978	-0.13613	-0.273821	-0.407812	-0.541133	-0.664334	-0.760206	-0.810603	-0.815757	-0.781781	-0.72671	-0.651519	-0.56162	-0.466927	-0.357518	
0.681181	0.665399	0.632275	0.580975	0.505181	0.399758	0.266355	0.123247	-0.0100402	-0.136141	-0.253609	-0.380403	-0.496876	-0.590431	-0.664334	-0.718292	-0.753192	-0.765568	-0.750966	-0.709883	-0.652113	-0.583753	-0.498081	-0.403733	-0.290016	
0.665163	0.616498	0.550442	0.468216	0.365048	0.238802	0.0925447	-0.065191	-0.223634	-0.361562	-0.477691	-0.587608	-0.681474	-0.740406	-0.760206	-0.753192	-0.734157	-0.707118	-0.677287	-0.635896	-0.579814	-0.513314	-0.434585	-0.336247	-0.219425	
0.618166	0.537342	0.438087	0.327178	0.204917	0.0642298	-0.0886837	-0.249134	-0.405598	-0.541946	-0.648616	-0.737122	-0.800575	-0.827288	-0.810603	-0.765568	-0.707118	-0.650061	-0.605389	-0.558353	-0.505272	-0.447296	-0.373667	-0.276639	-0.161644	
0.528761	0.424626	0.304046	0.175259	0.0319162	-0.126072	-0.281216	-0.429785	-0.568205	-0.684677	-0.766193	-0.823436	-0.858968	-0.858523	-0.815757	-0.750966	-0.677287	-0.605389	-0.545616	-0.494274	-0.441056	-0.388442	-0.322005	-0.237189	-0.138536	
0.413942	0.298099	0.161179	0.01694	-0.138921	-0.3065	-0.461537	-0.593145	-0.704251	-0.788146	-0.839251	-0.8591	-0.865126	-0.842266	-0.781781	-0.709883	-0.635896	-0.558353	-0.494274	-0.444372	-0.396259	-0.350353	-0.296955	-0.225519	-0.146581	
0.280689	0.167947	0.0285224	-0.127032	-0.290915	-0.455211	-0.601105	-0.71602	-0.804929	-0.858372	-0.871813	-0.853908	-0.834997	-0.793258	-0.72671	-0.652113	-0.579814	-0.505272	-0.441056	-0.396259	-0.364455	-0.331702	-0.290743	-0.23554	-0.169553	
0.135766	0.0320512	-0.0986072	-0.250068	-0.407428	-0.560141	-0.692006	-0.79313	-0.857783	-0.885033	-0.868803	-0.824272	-0.777605	-0.718937	-0.651519	-0.583753	-0.513314	-0.447296	-0.388442	-0.350353	-0.331702	-0.310726	-0.283927	-0.242772	-0.182119	
-0.00943464	-0.100458	-0.214244	-0.345989	-0.48319	-0.616395	-0.733971	-0.817444	-0.861728	-0.869331	-0.82944	-0.764045	-0.698493	-0.630825	-0.56162	-0.498081	-0.434585	-0.373667	-0.322005	-0.296955	-0.290743	-0.283927	-0.27191	-0.238405	-0.175025	
-0.13857	-0.210415	-0.29483	-0.393196	-0.498569	-0.604991	-0.707894	-0.784036	-0.817871	-0.808767	-0.758844	-0.689615	-0.614303	-0.537291	-0.466927	-0.403733	-0.336247	-0.276639	-0.237189	-0.225519	-0.23554	-0.242772	-0.238405	-0.207835	-0.146087	
-0.222982	-0.270147	-0.31973	-0.378536	-0.446022	-0.527074	-0.618212	-0.690988	-0.719873	-0.702905	-0.654926	-0.590117	-0.511658	-0.431283	-0.357518	-0.290016	-0.219425	-0.161644	-0.138536	-0.146581	-0.169553	-0.182119	-0.175025	-0.146087	-0.0939645	
-0.260529	-0.270578	-0.28792	-0.311608	-0.350908	-0.416908	-0.49388	-0.558957	-0.585454	-0.570629	-0.527283	-0.467878	-0.396117	-0.32061	-0.248998	-0.18317	-0.115767	-0.0607277	-0.0452297	-0.0660474	-0.0947016	-0.112436	-0.104562	-0.0740957	-0.0244239	
-0.265609	-0.246038	-0.228406	-0.22919	-0.253787	-0.305022	-0.367378	-0.418308	-0.436372	-0.418785	-0.388688	-0.340067	-0.278237	-0.208715	-0.143028	-0.0797641	-0.0241376	0.0183344	0.0216548	-0.00194228	-0.0255428	-0.0426501	-0.0322506	0.0065871	0.0628595	
-0.251405	-0.210033	-0.170317	-0.153904	-0.168047	-0.207718	-0.251398	-0.281236	-0.287943	-0.273092	-0.252952	-0.223879	-0.176696	-0.11632	-0.0533528	0.00521117	0.0468678	0.0680096	0.0628095	0.0461016	0.0307109	0.0226687	0.0420797	0.0867027	0.152484	
-0.220431	-0.166965	-0.118337	-0.0951325	-0.101228	-0.125448	-0.148342	-0.157271	-0.155499	-0.151535	-0.147646	-0.131556	-0.0952387	-0.0474503	0.00779857	0.0576255	0.0884863	0.100077	0.092077	0.0729898	0.0622385	0.0699818	0.101988	0.152969	0.223825	
-0.199817	-0.140782	-0.0836733	-0.0559437	-0.05689	-0.0686226	-0.0775216	-0.0735279	-0.0683667	-0.0721746	-0.0792133	-0.0751606	-0.045174	-0.00524732	0.0407261	0.0822802	0.108391	0.11603	0.103884	0.0834412	0.0739055	0.0974488	0.145629	0.199299	0.264075	
-0.19781	-0.137491	-0.0768424	-0.047434	-0.0500489	-0.0589255	-0.0641659	-0.056813	-0.0522116	-0.0588298	-0.0672756	-0.0648078	-0.0354093	0.00283491	0.044404	0.0857416	0.111974	0.118979	0.105548	0.0838756	0.0748314	0.101934	0.155154	0.208621	0.271115	
-0.209578	-0.152868	-0.101821	-0.0775873	-0.0805157	-0.0982211	-0.114422	-0.117512	-0.113846	-0.11323	-0.114535	-0.104414	-0.0707705	-0.0269281	0.0246009	0.0705419	0.098498	0.108577	0.098231	0.0788818	0.0689022	0.0832598	0.121525	0.174151	0.243415	
-0.239895	-0.1927	-0.14822	-0.127627	-0.138796	-0.173165	-0.207839	-0.228204	-0.231649	-0.221446	-0.207334	-0.182815	-0.14076	-0.0865205	-0.0256439	0.030766	0.0665997	0.0830136	0.0764847	0.0589931	0.0463467	0.0447021	0.0682278	0.115397	0.184259	
-0.262387	-0.232529	-0.204157	-0.197617	-0.217965	-0.264076	-0.31918	-0.363173	-0.376504	-0.357863	-0.332197	-0.29214	-0.23599	-0.168434	-0.104024	-0.0426845	0.00773017	0.0410607	0.0400538	0.0197123	-0.000527498	-0.0156665	-0.00253198	0.0398597	0.0995192	
-0.265727	-0.263256	-0.265105	-0.278852	-0.310811	-0.370972	-0.442691	-0.501887	-0.526204	-0.511564	-0.472861	-0.416224	-0.347392	-0.275044	-0.205914	-0.141005	-0.0780995	-0.0260593	-0.0145049	-0.038104	-0.0660439	-0.0846609	-0.0758773	-0.0433157	0.00889096	
-0.24304	-0.275484	-0.313003	-0.356103	-0.410757	-0.485164	-0.570144	-0.640834	-0.6692	-0.653043	-0.606122	-0.543295	-0.46696	-0.387098	-0.313482	-0.246781	-0.175179	-0.11862	-0.0994161	-0.113935	-0.140426	-0.154631	-0.146364	-0.117198	-0.067774	
-0.178385	-0.24223	-0.311587	-0.394763	-0.484785	-0.580148	-0.678875	-0.75386	-0.78473	-0.770504	-0.721365	-0.652487	-0.575067	-0.49616	-0.424421	-0.358901	-0.289911	-0.230737	-0.198221	-0.194535	-0.21044	-0.22022	-0.216168	-0.186477	-0.12808	
-0.0649606	-0.148482	-0.252708	-0.372083	-0.497828	-0.620971	-0.732127	-0.811325	-0.850819	-0.851364	-0.804604	-0.736575	-0.666356	-0.594428	-0.525399	-0.46283	-0.398259	-0.338462	-0.291216	-0.26974	-0.270411	-0.270053	-0.261717	-0.229845	-0.166117	
0.076878	-0.0222764	-0.147219	-0.29237	-0.443484	-0.588805	-0.715519	-0.8092	-0.864673	-0.88345	-0.857262	-0.802517	-0.74704	-0.684167	-0.615699	-0.549762	-0.483653	-0.419652	-0.363849	-0.331323	-0.316585	-0.300883	-0.280431	-0.243086	-0.181542	
0.223668	0.114962	-0.0225505	-0.178291	-0.341508	-0.503129	-0.642972	-0.752792	-0.832052	-0.874595	-0.875375	-0.846337	-0.815454	-0.767078	-0.699626	-0.62771	-0.55517	-0.483556	-0.420019	-0.377114	-0.352077	-0.324252	-0.288533	-0.239444	-0.176812	
0.362543	0.245376	0.10643	-0.0435656	-0.203587	-0.370609	-0.523006	-0.647821	-0.749495	-0.820491	-0.856651	-0.860278	-0.85578	-0.825026	-0.761502	-0.687561	-0.614101	-0.537117	-0.472965	-0.425933	-0.382913	-0.342064	-0.292981	-0.227784	-0.155679	
0.485243	0.374541	0.246731	0.111755	-0.0369007	-0.201315	-0.357481	-0.498829	-0.626162	-0.7303	-0.80058	-0.843927	-0.867929	-0.857467	-0.805219	-0.737621	-0.66348	-0.58814	-0.525296	-0.472907	-0.420434	-0.369735	-0.30857	-0.229835	-0.13906	
0.586734	0.496007	0.386605	0.267754	0.136116	-0.0106206	-0.164472	-0.321962	-0.473155	-0.603842	-0.701761	-0.778274	-0.830355	-0.846045	-0.818745	-0.76254	-0.694754	-0.630466	-0.579638	-0.530623	-0.477599	-0.422271	-0.350938	-0.258045	-0.14749	
0.651326	0.588703	0.508351	0.414205	0.302934	0.171364	0.0220102	-0.138759	-0.299142	-0.438507	-0.552745	-0.655081	-0.737486	-0.782646	-0.785428	-0.761205	-0.723942	-0.68369	-0.647823	-0.604284	-0.549529	-0.486058	-0.409763	-0.310472	-0.193453	
0.676872	0.64913	0.604189	0.540213	0.451608	0.335729	0.196002	0.0458325	-0.0999545	-0.232637	-0.34832	-0.468465	-0.576665	-0.656951	-0.70789	-0.73531	-0.746294	-0.742774	-0.722155	-0.681125	-0.623536	-0.555746	-0.472375	-0.377123	-0.261792	
0.682863	0.681866	0.664476	0.631861	0.578985	0.493824	0.377552	0.250296	0.134277	0.0188217	-0.103879	-0.23706	-0.365728	-0.481629	-0.592042	-0.68781	-0.759843	-0.795212	-0.791304	-0.753013	-0.696638	-0.624388	-0.536312	-0.441072	-0.330383	
0.676402	0.693457	0.696783	0.695308	0.684319	0.639731	0.566784	0.478724	0.388194	0.288592	0.162649	0.0192123	-0.134756	-0.296583	-0.461848	-0.621652	-0.75251	-0.825154	-0.845711	-0.821692	-0.769006	-0.691826	-0.60265	-0.508391	-0.400571	
0.667052	0.695924	0.714024	0.738827	0.765917	0.771264	0.741601	0.691241	0.625736	0.540156	0.419391	0.269983	0.0948255	-0.112937	-0.327609	-0.537371	-0.709988	-0.816274	-0.864291	-0.860735	-0.821373	-0.756417	-0.672201	-0.583325	-0.479157	
0.658551	0.694661	0.730615	0.78116	0.838421	0.878544	0.888603	0.868163	0.824066	0.746691	0.631259	0.484401	0.295084	0.0582643	-0.19189	-0.429397	-0.628438	-0.766124	-0.840267	-0.863731	-0.84715	-0.805164	-0.737527	-0.660011	-0.559849	
0.670071	0.712605	0.762061	0.831983	0.910393	0.966776	1.0032	1.00576	0.979193	0.9112	0.800771	0.649139	0.453102	0.212511	-0.0530203	-0.303609	-0.521613	-0.686005	-0.791488	-0.849971	-0.866887	-0.853341	-0.804407	-0.731827	-0.63066	
