-0.378223	-0.233417	-0.103237	-0.014887	0.0360926	0.0451035	0.00967479	-0.0629221	-0.177192	-0.321409	-0.459358	-0.579366	-0.672937	-0.725661	-0.732933	-0.681006	-0.571131	-0.415404	-0.232605	-0.0358711	0.15787	0.333075	0.498949	0.633746	0.720731	
-0.26053	-0.109881	0.0209816	0.110325	0.156267	0.164038	0.133284	0.0622192	-0.0530924	-0.200969	-0.341531	-0.455448	-0.535655	-0.579007	-0.576758	-0.525403	-0.422365	-0.290971	-0.141466	0.0187113	0.174692	0.324746	0.473142	0.599789	0.681634	
-0.117734	0.01538	0.136716	0.221311	0.266035	0.273614	0.243756	0.176085	0.0666216	-0.0645367	-0.192496	-0.288257	-0.351895	-0.375974	-0.36264	-0.311445	-0.228898	-0.12587	-0.0105005	0.106263	0.216357	0.334647	0.46367	0.577294	0.659617	
0.038573	0.1447	0.246084	0.321409	0.361453	0.367449	0.34206	0.280163	0.186773	0.0801724	-0.0182271	-0.0857215	-0.123864	-0.129466	-0.102283	-0.0520028	0.00651136	0.0702426	0.134671	0.199139	0.264456	0.354912	0.460988	0.55289	0.628323	
0.206759	0.283138	0.35831	0.414817	0.445757	0.450767	0.430234	0.383697	0.314592	0.236344	0.168046	0.127137	0.122199	0.138634	0.176084	0.216697	0.244751	0.265514	0.282745	0.294258	0.318211	0.375642	0.450158	0.523278	0.581558	
0.361892	0.406789	0.454016	0.495838	0.521044	0.525526	0.507788	0.471832	0.425951	0.378526	0.341741	0.326523	0.347457	0.384419	0.426531	0.450551	0.449243	0.434654	0.417054	0.389356	0.376932	0.39639	0.430367	0.471821	0.515647	
0.488726	0.499794	0.518864	0.549564	0.566559	0.567928	0.55887	0.53123	0.505588	0.492159	0.488505	0.502119	0.532204	0.566646	0.604513	0.619915	0.606289	0.569824	0.518944	0.4627	0.421272	0.401773	0.391732	0.394173	0.42033	
0.590603	0.570792	0.562957	0.569635	0.57175	0.570637	0.571685	0.565123	0.564941	0.582544	0.605315	0.636543	0.6669	0.692604	0.713579	0.72456	0.707773	0.654149	0.575216	0.486385	0.414142	0.361973	0.316671	0.285277	0.291701	
0.662353	0.619939	0.583296	0.560129	0.540948	0.535577	0.552409	0.572558	0.603568	0.646201	0.685615	0.720735	0.750835	0.769942	0.7785	0.778715	0.752101	0.685404	0.579742	0.457149	0.350541	0.271648	0.203129	0.151187	0.1463	
0.687027	0.622174	0.565951	0.515967	0.477138	0.470129	0.49803	0.54515	0.598307	0.661166	0.719637	0.762378	0.790349	0.802236	0.80229	0.792753	0.747141	0.66147	0.53287	0.383491	0.253453	0.149426	0.0681894	0.0179855	0.0165394	
0.66628	0.583608	0.504909	0.435247	0.386383	0.378142	0.41212	0.475916	0.55112	0.633769	0.70942	0.76309	0.791869	0.796403	0.787279	0.760274	0.695105	0.592303	0.449588	0.289096	0.149184	0.0400711	-0.0403501	-0.0835602	-0.0722557	
0.604935	0.510946	0.412637	0.328506	0.277027	0.267483	0.303237	0.376488	0.470532	0.569574	0.652394	0.714224	0.744814	0.753807	0.738822	0.690868	0.610242	0.500533	0.356632	0.199015	0.0609888	-0.0410412	-0.109138	-0.140892	-0.113848	
0.498948	0.394995	0.288032	0.198494	0.143484	0.133004	0.171405	0.24905	0.351404	0.458981	0.553024	0.621961	0.656926	0.671423	0.658912	0.604609	0.517372	0.408114	0.278122	0.138454	0.00828753	-0.0845352	-0.136691	-0.141193	-0.0937967	
0.359558	0.243779	0.135723	0.0502525	-0.000231346	-0.00813384	0.0248283	0.0979525	0.198814	0.313297	0.423317	0.503681	0.549728	0.566004	0.554395	0.503724	0.422358	0.322268	0.215967	0.104433	-0.000922337	-0.0793777	-0.11117	-0.0915848	-0.0306851	
0.194226	0.0725017	-0.0317352	-0.103745	-0.141894	-0.147286	-0.122851	-0.0648471	0.0283723	0.144676	0.264387	0.360209	0.42572	0.448786	0.437248	0.392255	0.325375	0.246678	0.167668	0.0944702	0.0261769	-0.0254521	-0.0408204	-0.00909691	0.0633502	
0.0111929	-0.10749	-0.201089	-0.262715	-0.2984	-0.304076	-0.280374	-0.229135	-0.148261	-0.0381738	0.085283	0.198749	0.279939	0.313275	0.30728	0.272474	0.225898	0.17854	0.14082	0.106752	0.0770377	0.0601186	0.0702582	0.112918	0.190377	
-0.161174	-0.275098	-0.3678	-0.433781	-0.477363	-0.486359	-0.453914	-0.396985	-0.315403	-0.208861	-0.0847253	0.0358119	0.123476	0.160295	0.165335	0.149986	0.12879	0.115436	0.119577	0.125747	0.131393	0.155863	0.200967	0.262159	0.346888	
-0.309675	-0.425732	-0.528078	-0.60935	-0.660871	-0.66988	-0.633777	-0.563897	-0.469195	-0.357052	-0.236562	-0.118768	-0.0290141	0.0181991	0.0340476	0.0404798	0.0456892	0.0604427	0.0964217	0.143385	0.191705	0.251854	0.325439	0.409397	0.503722	
-0.445402	-0.565732	-0.675094	-0.767931	-0.827043	-0.837219	-0.796634	-0.714679	-0.611258	-0.494016	-0.373233	-0.255976	-0.15754	-0.0925142	-0.0635633	-0.044219	-0.0200598	0.0249442	0.0914821	0.171837	0.259878	0.348124	0.438681	0.532294	0.625366	
-0.575735	-0.699318	-0.80866	-0.899107	-0.958107	-0.969655	-0.927647	-0.84684	-0.745004	-0.626611	-0.498183	-0.369952	-0.256014	-0.171295	-0.121006	-0.0927371	-0.058809	0.00838194	0.0998057	0.208119	0.321942	0.432308	0.534281	0.627843	0.711204	
-0.68377	-0.812068	-0.919755	-1.0021	-1.04738	-1.0548	-1.0252	-0.956515	-0.858271	-0.73635	-0.604259	-0.466138	-0.340159	-0.23412	-0.16718	-0.124508	-0.081234	-0.00458344	0.108853	0.242281	0.373596	0.494073	0.602978	0.693433	0.761315	
-0.772696	-0.888709	-0.985263	-1.0479	-1.0772	-1.08224	-1.0628	-1.01493	-0.931212	-0.819717	-0.698556	-0.565895	-0.428755	-0.310394	-0.227611	-0.168947	-0.108924	-0.0191188	0.10738	0.256534	0.396638	0.519677	0.63077	0.723733	0.781373	
-0.836845	-0.92166	-0.982117	-1.0182	-1.03539	-1.03785	-1.02718	-0.999416	-0.948485	-0.873374	-0.777116	-0.663334	-0.536595	-0.418243	-0.325767	-0.24947	-0.165879	-0.058195	0.0813363	0.237387	0.385901	0.513272	0.623959	0.719635	0.782696	
-0.868158	-0.902969	-0.92024	-0.923807	-0.920248	-0.919624	-0.922822	-0.922446	-0.911287	-0.885258	-0.834924	-0.754747	-0.655545	-0.551087	-0.451169	-0.358959	-0.259116	-0.134967	0.0131336	0.171864	0.331069	0.475626	0.597011	0.698877	0.765658	
-0.854154	-0.829423	-0.803451	-0.778263	-0.755111	-0.749726	-0.768238	-0.793545	-0.81837	-0.847021	-0.854773	-0.827214	-0.765174	-0.6832	-0.587945	-0.489676	-0.376314	-0.245853	-0.0972244	0.063932	0.238186	0.401346	0.538024	0.646128	0.717307	
-0.800747	-0.723906	-0.655599	-0.604936	-0.577691	-0.573347	-0.591065	-0.633286	-0.694591	-0.771073	-0.836506	-0.867987	-0.853471	-0.802215	-0.721392	-0.622298	-0.498708	-0.364975	-0.222709	-0.0601682	0.121735	0.296252	0.446168	0.567683	0.646539	
-0.723906	-0.60875	-0.508217	-0.441541	-0.41274	-0.40839	-0.42625	-0.477228	-0.565461	-0.677497	-0.79002	-0.878691	-0.920855	-0.907588	-0.848015	-0.748479	-0.619289	-0.483274	-0.337147	-0.176515	0.000952403	0.176518	0.338067	0.469784	0.55905	
-0.655599	-0.508217	-0.396139	-0.318918	-0.277151	-0.270688	-0.297529	-0.360925	-0.458887	-0.593996	-0.746125	-0.879694	-0.96392	-0.992774	-0.952563	-0.856745	-0.729887	-0.588701	-0.43271	-0.268257	-0.0999948	0.0698065	0.229782	0.36678	0.471546	
-0.604936	-0.441541	-0.318918	-0.234412	-0.18057	-0.170596	-0.208802	-0.281103	-0.387367	-0.536085	-0.710877	-0.870238	-0.98816	-1.04467	-1.02847	-0.945331	-0.823261	-0.675998	-0.504596	-0.329804	-0.166941	-0.0105332	0.140794	0.27871	0.395965	
-0.577691	-0.41274	-0.277151	-0.18057	-0.124428	-0.115457	-0.153141	-0.23327	-0.354321	-0.508505	-0.684843	-0.857654	-0.997473	-1.06963	-1.06753	-0.999776	-0.883885	-0.730397	-0.551441	-0.367637	-0.201957	-0.0562617	0.0859344	0.225797	0.345677	
-0.573347	-0.40839	-0.270688	-0.170596	-0.115457	-0.107129	-0.142896	-0.225639	-0.349589	-0.504456	-0.678874	-0.855133	-0.998433	-1.07399	-1.07321	-1.00981	-0.894894	-0.73987	-0.560922	-0.374116	-0.207227	-0.0631305	0.0760893	0.216175	0.33648	
-0.591065	-0.42625	-0.297529	-0.208802	-0.153141	-0.142896	-0.181915	-0.25764	-0.370038	-0.521462	-0.69887	-0.865124	-0.993861	-1.05702	-1.0486	-0.97216	-0.852477	-0.702381	-0.52656	-0.347785	-0.184729	-0.0335574	0.113888	0.252638	0.371847	
-0.633286	-0.477228	-0.360925	-0.281103	-0.23327	-0.225639	-0.25764	-0.324744	-0.425808	-0.567711	-0.731593	-0.876585	-0.975349	-1.01754	-0.987374	-0.894804	-0.769681	-0.626491	-0.464585	-0.296019	-0.131131	0.0339303	0.190902	0.328859	0.439611	
-0.694591	-0.565461	-0.458887	-0.387367	-0.354321	-0.349589	-0.370038	-0.425808	-0.518861	-0.642027	-0.771108	-0.879315	-0.940456	-0.945336	-0.893127	-0.794258	-0.665181	-0.527632	-0.378629	-0.216363	-0.0421201	0.131745	0.293534	0.427625	0.523035	
-0.771073	-0.677497	-0.593996	-0.536085	-0.508505	-0.504456	-0.521462	-0.567711	-0.642027	-0.734142	-0.819957	-0.875572	-0.883623	-0.845677	-0.773073	-0.674114	-0.548055	-0.412812	-0.270347	-0.108792	0.0719433	0.24825	0.403778	0.53083	0.612707	
-0.836506	-0.79002	-0.746125	-0.710877	-0.684843	-0.678874	-0.69887	-0.731593	-0.771108	-0.819957	-0.851651	-0.847639	-0.803541	-0.732354	-0.642633	-0.543225	-0.424984	-0.293013	-0.14693	0.0147108	0.194058	0.362746	0.504807	0.617153	0.691895	
-0.867987	-0.878691	-0.879694	-0.870238	-0.857654	-0.855133	-0.865124	-0.876585	-0.879315	-0.875572	-0.847639	-0.787176	-0.701106	-0.605985	-0.505245	-0.409473	-0.303981	-0.176378	-0.0277922	0.132658	0.297002	0.449789	0.57733	0.681542	0.749514	
-0.853471	-0.920855	-0.96392	-0.98816	-0.997473	-0.998433	-0.993861	-0.975349	-0.940456	-0.883623	-0.803541	-0.701106	-0.584476	-0.469077	-0.373918	-0.290307	-0.199583	-0.0844194	0.0604583	0.21784	0.370015	0.50204	0.616148	0.71363	0.779134	
-0.802215	-0.907588	-0.992774	-1.04467	-1.06963	-1.07399	-1.05702	-1.01754	-0.945336	-0.845677	-0.732354	-0.605985	-0.469077	-0.349637	-0.261807	-0.196621	-0.127464	-0.0300625	0.100676	0.253503	0.397084	0.520495	0.630887	0.725323	0.783958	
-0.721392	-0.848015	-0.952563	-1.02847	-1.06753	-1.07321	-1.0486	-0.987374	-0.893127	-0.773073	-0.642633	-0.505245	-0.373918	-0.261807	-0.188624	-0.139279	-0.0904601	-0.00958739	0.109819	0.251252	0.386895	0.508934	0.619652	0.710183	0.77176	
-0.622298	-0.748479	-0.856745	-0.945331	-0.999776	-1.00981	-0.97216	-0.894804	-0.794258	-0.674114	-0.543225	-0.409473	-0.290307	-0.196621	-0.139279	-0.104743	-0.0684796	0.00300276	0.104099	0.223086	0.344834	0.46053	0.56545	0.658084	0.736148	
-0.498708	-0.619289	-0.729887	-0.823261	-0.883885	-0.894894	-0.852477	-0.769681	-0.665181	-0.548055	-0.424984	-0.303981	-0.199583	-0.127464	-0.0904601	-0.0684796	-0.0391993	0.0168153	0.0934989	0.186449	0.28568	0.383952	0.479712	0.573331	0.663872	
-0.364975	-0.483274	-0.588701	-0.675998	-0.730397	-0.73987	-0.702381	-0.626491	-0.527632	-0.412812	-0.293013	-0.176378	-0.0844194	-0.0300625	-0.00958739	0.00300276	0.0168153	0.0440151	0.0916009	0.152946	0.218559	0.290805	0.37292	0.462521	0.556923	
-0.222709	-0.337147	-0.43271	-0.504596	-0.551441	-0.560922	-0.52656	-0.464585	-0.378629	-0.270347	-0.14693	-0.0277922	0.0604583	0.100676	0.109819	0.104099	0.0934989	0.0916009	0.109276	0.132616	0.155024	0.194594	0.251637	0.322885	0.412047	
-0.0601682	-0.176515	-0.268257	-0.329804	-0.367637	-0.374116	-0.347785	-0.296019	-0.216363	-0.108792	0.0147108	0.132658	0.21784	0.253503	0.251252	0.223086	0.186449	0.152946	0.132616	0.114224	0.098091	0.097374	0.121937	0.171009	0.250767	
0.121735	0.000952403	-0.0999948	-0.166941	-0.201957	-0.207227	-0.184729	-0.131131	-0.0421201	0.0719433	0.194058	0.297002	0.370015	0.397084	0.386895	0.344834	0.28568	0.218559	0.155024	0.098091	0.0447244	0.0065603	-0.000495786	0.0353331	0.110219	
0.296252	0.176518	0.0698065	-0.0105332	-0.0562617	-0.0631305	-0.0335574	0.0339303	0.131745	0.24825	0.362746	0.449789	0.50204	0.520495	0.508934	0.46053	0.383952	0.290805	0.194594	0.097374	0.0065603	-0.0632092	-0.0887584	-0.0634758	0.00347113	
0.446168	0.338067	0.229782	0.140794	0.0859344	0.0760893	0.113888	0.190902	0.293534	0.403778	0.504807	0.57733	0.616148	0.630887	0.619652	0.56545	0.479712	0.37292	0.251637	0.121937	-0.000495786	-0.0887584	-0.13267	-0.125875	-0.0727114	
0.567683	0.469784	0.36678	0.27871	0.225797	0.216175	0.252638	0.328859	0.427625	0.53083	0.617153	0.681542	0.71363	0.725323	0.710183	0.658084	0.573331	0.462521	0.322885	0.171009	0.0353331	-0.0634758	-0.125875	-0.147821	-0.112818	
0.646539	0.55905	0.471546	0.395965	0.345677	0.33648	0.371847	0.439611	0.523035	0.612707	0.691895	0.749514	0.779134	0.783958	0.77176	0.736148	0.663872	0.556923	0.412047	0.250767	0.110219	0.00347113	-0.0727114	-0.112818	-0.0954981	
