0.342062	0.0829557	-0.179532	-0.412487	-0.585798	-0.688205	-0.714568	-0.673433	-0.581517	-0.450957	-0.304483	-0.164099	-0.0495171	0.0275177	0.0578286	0.0442123	-0.00944264	-0.0899161	-0.188266	-0.266014	-0.301929	-0.292254	-0.226913	-0.105454	0.0546212	
0.0829557	-0.170778	-0.416345	-0.620845	-0.758105	-0.820815	-0.810727	-0.738839	-0.624231	-0.478452	-0.327524	-0.191027	-0.0884266	-0.0216558	0.00233937	-0.0159236	-0.0779572	-0.164846	-0.256113	-0.314869	-0.324379	-0.292332	-0.208459	-0.0686729	0.109134	
-0.179532	-0.416345	-0.627712	-0.793489	-0.897227	-0.928081	-0.889971	-0.799322	-0.665347	-0.513369	-0.359274	-0.22987	-0.136282	-0.075345	-0.053542	-0.0742842	-0.138856	-0.220928	-0.2908	-0.330869	-0.323034	-0.274123	-0.174867	-0.0186584	0.175007	
-0.412487	-0.620845	-0.793489	-0.917623	-0.988942	-0.994057	-0.942119	-0.842603	-0.708579	-0.561369	-0.412609	-0.282882	-0.18542	-0.129332	-0.110711	-0.133924	-0.18881	-0.254732	-0.303811	-0.320571	-0.296292	-0.22754	-0.114871	0.0472329	0.25372	
-0.585798	-0.758105	-0.897227	-0.988942	-1.03051	-1.01845	-0.965826	-0.878272	-0.759215	-0.620638	-0.477701	-0.346683	-0.247273	-0.19298	-0.17586	-0.194344	-0.239909	-0.288167	-0.314387	-0.299287	-0.250493	-0.161449	-0.0392295	0.126429	0.331049	
-0.688205	-0.820815	-0.928081	-0.994057	-1.01845	-1.00294	-0.96154	-0.893703	-0.800068	-0.680012	-0.548801	-0.426342	-0.329865	-0.276326	-0.260153	-0.273688	-0.308606	-0.334668	-0.32986	-0.285264	-0.206591	-0.0971426	0.0410501	0.20853	0.400987	
-0.714568	-0.810727	-0.889971	-0.942119	-0.965826	-0.96154	-0.943463	-0.896761	-0.826637	-0.732913	-0.624914	-0.520877	-0.433737	-0.38301	-0.373014	-0.379299	-0.387396	-0.377911	-0.343983	-0.274552	-0.170906	-0.0402335	0.111669	0.275488	0.452881	
-0.673433	-0.738839	-0.799322	-0.842603	-0.878272	-0.893703	-0.896761	-0.881687	-0.839658	-0.779126	-0.700869	-0.620255	-0.55074	-0.511054	-0.4992	-0.484481	-0.456608	-0.408721	-0.345974	-0.255388	-0.134362	0.00626464	0.161749	0.320276	0.480296	
-0.581517	-0.624231	-0.665347	-0.708579	-0.759215	-0.800068	-0.826637	-0.839658	-0.833128	-0.810352	-0.765418	-0.705961	-0.656279	-0.624308	-0.601841	-0.566711	-0.505149	-0.421521	-0.326059	-0.218578	-0.0966561	0.0442664	0.192636	0.336456	0.470044	
-0.450957	-0.478452	-0.513369	-0.561369	-0.620638	-0.680012	-0.732913	-0.779126	-0.810352	-0.820387	-0.807311	-0.769313	-0.728354	-0.695315	-0.659425	-0.608162	-0.523519	-0.407382	-0.289745	-0.177406	-0.0585206	0.0724915	0.201304	0.311593	0.4084	
-0.304483	-0.327524	-0.359274	-0.412609	-0.477701	-0.548801	-0.624914	-0.700869	-0.765418	-0.807311	-0.816969	-0.796972	-0.762337	-0.723709	-0.675031	-0.601453	-0.498459	-0.370449	-0.245657	-0.13237	-0.0185343	0.0909673	0.182657	0.251467	0.309796	
-0.164099	-0.191027	-0.22987	-0.282882	-0.346683	-0.426342	-0.520877	-0.620255	-0.705961	-0.769313	-0.796972	-0.789716	-0.759848	-0.712866	-0.64291	-0.550716	-0.436818	-0.312385	-0.186834	-0.0750976	0.0219967	0.0987754	0.151735	0.185675	0.209578	
-0.0495171	-0.0884266	-0.136282	-0.18542	-0.247273	-0.329865	-0.433737	-0.55074	-0.656279	-0.728354	-0.762337	-0.759848	-0.723575	-0.654522	-0.560107	-0.456482	-0.344771	-0.225726	-0.109716	-0.0109626	0.0611618	0.106737	0.129452	0.135071	0.131708	
0.0275177	-0.0216558	-0.075345	-0.129332	-0.19298	-0.276326	-0.38301	-0.511054	-0.624308	-0.695315	-0.723709	-0.712866	-0.654522	-0.556851	-0.44346	-0.334695	-0.225185	-0.119858	-0.0240552	0.0548403	0.110665	0.137621	0.134835	0.115772	0.0929982	
0.0578286	0.00233937	-0.053542	-0.110711	-0.17586	-0.260153	-0.373014	-0.4992	-0.601841	-0.659425	-0.675031	-0.64291	-0.560107	-0.44346	-0.320361	-0.206345	-0.102796	-0.0113222	0.0664522	0.135557	0.188684	0.2097	0.194393	0.158143	0.119073	
0.0442123	-0.0159236	-0.0742842	-0.133924	-0.194344	-0.273688	-0.379299	-0.484481	-0.566711	-0.608162	-0.601453	-0.550716	-0.456482	-0.334695	-0.206345	-0.0859542	0.0156641	0.10646	0.186091	0.255206	0.30685	0.327419	0.309158	0.262029	0.213058	
-0.00944264	-0.0779572	-0.138856	-0.18881	-0.239909	-0.308606	-0.387396	-0.456608	-0.505149	-0.523519	-0.498459	-0.436818	-0.344771	-0.225185	-0.102796	0.0156641	0.122231	0.225954	0.31998	0.397919	0.454693	0.483082	0.46977	0.422407	0.368399	
-0.0899161	-0.164846	-0.220928	-0.254732	-0.288167	-0.334668	-0.377911	-0.408721	-0.421521	-0.407382	-0.370449	-0.312385	-0.225726	-0.119858	-0.0113222	0.10646	0.225954	0.348102	0.458003	0.550285	0.621877	0.663895	0.664849	0.625192	0.569388	
-0.188266	-0.256113	-0.2908	-0.303811	-0.314387	-0.32986	-0.343983	-0.345974	-0.326059	-0.289745	-0.245657	-0.186834	-0.109716	-0.0240552	0.0664522	0.186091	0.31998	0.458003	0.581852	0.692753	0.783575	0.843851	0.863255	0.837148	0.785674	
-0.266014	-0.314869	-0.330869	-0.320571	-0.299287	-0.285264	-0.274552	-0.255388	-0.218578	-0.177406	-0.13237	-0.0750976	-0.0109626	0.0548403	0.135557	0.255206	0.397919	0.550285	0.692753	0.823002	0.935989	1.00974	1.03738	1.02698	0.987115	
-0.301929	-0.324379	-0.323034	-0.296292	-0.250493	-0.206591	-0.170906	-0.134362	-0.0966561	-0.0585206	-0.0185343	0.0219967	0.0611618	0.110665	0.188684	0.30685	0.454693	0.621877	0.783575	0.935989	1.06758	1.14979	1.18002	1.17673	1.14814	
-0.292254	-0.292332	-0.274123	-0.22754	-0.161449	-0.0971426	-0.0402335	0.00626464	0.0442664	0.0724915	0.0909673	0.0987754	0.106737	0.137621	0.2097	0.327419	0.483082	0.663895	0.843851	1.00974	1.14979	1.23813	1.26712	1.26179	1.2338	
-0.226913	-0.208459	-0.174867	-0.114871	-0.0392295	0.0410501	0.111669	0.161749	0.192636	0.201304	0.182657	0.151735	0.129452	0.134835	0.194393	0.309158	0.46977	0.664849	0.863255	1.03738	1.18002	1.26712	1.28735	1.27122	1.24332	
-0.105454	-0.0686729	-0.0186584	0.0472329	0.126429	0.20853	0.275488	0.320276	0.336456	0.311593	0.251467	0.185675	0.135071	0.115772	0.158143	0.262029	0.422407	0.625192	0.837148	1.02698	1.17673	1.26179	1.27122	1.24559	1.21667	
0.0546212	0.109134	0.175007	0.25372	0.331049	0.400987	0.452881	0.480296	0.470044	0.4084	0.309796	0.209578	0.131708	0.0929982	0.119073	0.213058	0.368399	0.569388	0.785674	0.987115	1.14814	1.2338	1.24332	1.21667	1.1749	
0.245731	0.310692	0.387072	0.471385	0.549521	0.608404	0.641062	0.639162	0.590451	0.492266	0.360187	0.227754	0.127454	0.0754611	0.0886967	0.16988	0.317332	0.511503	0.724776	0.927369	1.08887	1.18148	1.20431	1.18122	1.12719	
0.447414	0.518221	0.599291	0.686683	0.763551	0.815288	0.828215	0.791101	0.697632	0.557212	0.391872	0.235371	0.118114	0.0571584	0.058895	0.128682	0.264786	0.454647	0.662445	0.855977	1.01248	1.11537	1.15356	1.13446	1.07994	
0.632351	0.707639	0.787592	0.871661	0.949499	0.997048	0.994534	0.923388	0.789656	0.614226	0.421563	0.239125	0.0986132	0.0231271	0.0194475	0.0886407	0.223223	0.412627	0.61666	0.797922	0.949999	1.05779	1.09903	1.07933	1.02302	
0.771448	0.848753	0.930258	1.01261	1.0931	1.14117	1.12629	1.03191	0.869384	0.667746	0.45259	0.247365	0.0816115	-0.0117073	-0.0219655	0.0541793	0.198389	0.39278	0.595332	0.776181	0.922464	1.02428	1.06459	1.03884	0.970769	
0.856279	0.935075	1.01319	1.09169	1.17303	1.22186	1.20486	1.09824	0.918155	0.700358	0.472987	0.255666	0.0770755	-0.0291759	-0.0488181	0.0325048	0.187483	0.388455	0.598913	0.787359	0.927942	1.01657	1.05457	1.02682	0.943082	
0.871402	0.951032	1.02783	1.10478	1.18575	1.23645	1.21944	1.1099	0.926206	0.706452	0.476569	0.256572	0.0769239	-0.0319059	-0.0535746	0.0286991	0.185763	0.388159	0.601237	0.791866	0.931403	1.01611	1.05381	1.02631	0.939601	
0.812522	0.889716	0.971096	1.05196	1.13371	1.18152	1.16453	1.064	0.893896	0.684083	0.462262	0.251023	0.0789432	-0.0206963	-0.0351079	0.0435847	0.19333	0.390041	0.59451	0.778797	0.922357	1.01885	1.05815	1.03141	0.956533	
0.694462	0.770916	0.851342	0.934714	1.01248	1.06024	1.05253	0.971174	0.823731	0.636714	0.434336	0.241652	0.0906093	0.00778513	0.00202107	0.0739425	0.210847	0.402227	0.604748	0.783613	0.934081	1.04084	1.0821	1.05973	0.999899	
0.525426	0.59766	0.679006	0.764648	0.842763	0.892241	0.898263	0.846215	0.735891	0.579941	0.403076	0.236488	0.110872	0.0450681	0.0454452	0.112191	0.245906	0.435235	0.64163	0.82987	0.984054	1.09062	1.13121	1.11268	1.05853	
0.326038	0.393563	0.473146	0.559671	0.636543	0.692106	0.717025	0.702285	0.635421	0.520153	0.374728	0.232227	0.125086	0.069031	0.0767731	0.15366	0.295811	0.488106	0.699253	0.899176	1.05919	1.15537	1.18506	1.16388	1.10857	
0.12857	0.188131	0.258547	0.339751	0.41786	0.483447	0.527697	0.543549	0.519407	0.444224	0.3317	0.21783	0.13028	0.085289	0.106194	0.194906	0.348378	0.546506	0.761629	0.965239	1.12791	1.2158	1.22954	1.2038	1.15587	
-0.0451192	-0.00113759	0.0555958	0.126383	0.204972	0.283045	0.344627	0.384217	0.391624	0.351499	0.275001	0.195301	0.133925	0.106534	0.141683	0.241821	0.400423	0.603721	0.818683	1.01381	1.16865	1.25342	1.26092	1.23407	1.20093	
-0.184516	-0.158253	-0.118967	-0.0566261	0.0212145	0.104366	0.175854	0.225095	0.25096	0.247537	0.21258	0.167768	0.133122	0.128099	0.181289	0.292417	0.453372	0.652492	0.857565	1.03752	1.18173	1.26773	1.28315	1.26262	1.23556	
-0.27343	-0.265756	-0.241403	-0.187772	-0.116442	-0.0442113	0.0190737	0.0673029	0.103587	0.125939	0.130544	0.122633	0.11826	0.139484	0.207152	0.324752	0.483108	0.669797	0.857226	1.02577	1.16719	1.25584	1.28231	1.27325	1.24505	
-0.304411	-0.316676	-0.308408	-0.274189	-0.219902	-0.168121	-0.122263	-0.0803142	-0.0423884	-0.00771394	0.0263352	0.0555686	0.0825745	0.125692	0.201462	0.319204	0.470461	0.642884	0.811965	0.970891	1.10728	1.19296	1.22289	1.21993	1.19216	
-0.285923	-0.324044	-0.333653	-0.315413	-0.283612	-0.25656	-0.235953	-0.209346	-0.171663	-0.130542	-0.0867615	-0.0342722	0.0207358	0.0802388	0.159611	0.27873	0.423003	0.58176	0.73222	0.871664	0.992957	1.07002	1.09919	1.09276	1.05872	
-0.223375	-0.285065	-0.311692	-0.315717	-0.313028	-0.317157	-0.321729	-0.314647	-0.284588	-0.244876	-0.199624	-0.140033	-0.0670368	0.00972177	0.0948234	0.214539	0.353626	0.496927	0.628003	0.746563	0.845762	0.912253	0.935913	0.916861	0.869363	
-0.128798	-0.202326	-0.250976	-0.277145	-0.303018	-0.337422	-0.367441	-0.385202	-0.384391	-0.359466	-0.319215	-0.261665	-0.178144	-0.0799565	0.0205049	0.140144	0.265425	0.394361	0.509474	0.608659	0.687927	0.737207	0.745737	0.711132	0.65572	
-0.0384803	-0.110769	-0.17171	-0.215723	-0.259945	-0.321051	-0.386412	-0.439819	-0.473861	-0.478692	-0.448401	-0.387605	-0.297638	-0.181949	-0.063589	0.053263	0.164229	0.275301	0.375428	0.459148	0.520708	0.554095	0.545662	0.499795	0.444945	
0.0269888	-0.0365886	-0.0961446	-0.152988	-0.210225	-0.2872	-0.383345	-0.475062	-0.545225	-0.579613	-0.564168	-0.507419	-0.412807	-0.291349	-0.164274	-0.0432829	0.0588913	0.153642	0.238891	0.309709	0.362758	0.385453	0.367614	0.320022	0.267914	
0.0579232	0.000709784	-0.0559537	-0.114792	-0.178905	-0.261384	-0.374346	-0.494804	-0.590889	-0.64193	-0.649285	-0.608447	-0.519754	-0.399186	-0.272871	-0.156282	-0.0542713	0.0350784	0.110632	0.179538	0.231186	0.251695	0.2347	0.192771	0.149317	
0.0453579	-0.0075402	-0.0618452	-0.117441	-0.182288	-0.266115	-0.375578	-0.504686	-0.614842	-0.681336	-0.705879	-0.688215	-0.619374	-0.511943	-0.393921	-0.283044	-0.175974	-0.0770843	0.0101426	0.0833073	0.137789	0.160859	0.150941	0.124716	0.0941701	
-0.014104	-0.0570568	-0.107749	-0.158049	-0.220136	-0.303525	-0.408056	-0.530078	-0.641334	-0.714923	-0.74736	-0.742984	-0.69934	-0.61913	-0.51604	-0.409847	-0.298813	-0.184448	-0.075656	0.0152071	0.0791048	0.115236	0.12672	0.122065	0.110303	
-0.11397	-0.145188	-0.188414	-0.239705	-0.302215	-0.382767	-0.482759	-0.590608	-0.6839	-0.751921	-0.784616	-0.780263	-0.749725	-0.695009	-0.615562	-0.517811	-0.404472	-0.280934	-0.157455	-0.0495699	0.0373814	0.100451	0.141007	0.163186	0.175033	
-0.24736	-0.270196	-0.303233	-0.356919	-0.42284	-0.4985	-0.582354	-0.668205	-0.741785	-0.793862	-0.812073	-0.797946	-0.765445	-0.724507	-0.667786	-0.586577	-0.477537	-0.350745	-0.224104	-0.11104	-0.00265521	0.0948599	0.170567	0.224205	0.268019	
