-0.703532	-0.798013	-0.852679	-0.876502	-0.885743	-0.887118	-0.8815	-0.864734	-0.825278	-0.744592	-0.638504	-0.5205	-0.3776	-0.200016	0.0211869	0.266026	0.49905	0.692833	0.844829	0.943159	0.973517	0.933966	0.830358	0.681477	0.514626	
-0.639991	-0.726936	-0.784127	-0.812981	-0.828798	-0.833357	-0.81974	-0.797899	-0.754358	-0.677074	-0.578111	-0.461208	-0.322253	-0.144586	0.0736213	0.308293	0.533028	0.722273	0.875009	0.982711	1.02461	0.995762	0.911528	0.793362	0.654013	
-0.508995	-0.586613	-0.638971	-0.668308	-0.682119	-0.685555	-0.674513	-0.653325	-0.610496	-0.543393	-0.450596	-0.340505	-0.213917	-0.0515472	0.147059	0.360121	0.563586	0.735216	0.880026	0.986091	1.04002	1.02219	0.952105	0.86316	0.757144	
-0.342094	-0.404271	-0.443527	-0.46584	-0.471605	-0.472514	-0.469171	-0.455189	-0.421462	-0.371263	-0.291014	-0.19238	-0.0828908	0.0519509	0.219839	0.399568	0.572334	0.723115	0.85353	0.950451	1.01097	1.01245	0.968371	0.906543	0.827598	
-0.181447	-0.218629	-0.237537	-0.249663	-0.250864	-0.250077	-0.251691	-0.242894	-0.227473	-0.19945	-0.144193	-0.0617033	0.0334357	0.142515	0.277238	0.416987	0.548697	0.675796	0.786811	0.874451	0.930909	0.948161	0.940441	0.915592	0.866529	
-0.0408431	-0.057372	-0.0607856	-0.0679609	-0.0704432	-0.0721789	-0.0691109	-0.0635874	-0.0592709	-0.0500326	-0.0182559	0.0439539	0.124489	0.211435	0.310584	0.404062	0.495285	0.587392	0.676806	0.751824	0.80123	0.8305	0.851312	0.868195	0.860561	
0.0708549	0.0625088	0.064111	0.0626047	0.0566072	0.0545462	0.0605887	0.0646795	0.0621983	0.0661778	0.0827822	0.122936	0.184226	0.250851	0.313124	0.367164	0.418275	0.473864	0.533653	0.586372	0.628337	0.670768	0.716493	0.76988	0.801675	
0.151937	0.141336	0.140582	0.138912	0.13058	0.127174	0.136062	0.141024	0.139459	0.147931	0.157184	0.175836	0.212175	0.248746	0.275018	0.289837	0.304175	0.326017	0.356186	0.393187	0.432355	0.490501	0.56478	0.644991	0.703602	
0.190885	0.181384	0.176218	0.169814	0.158008	0.15459	0.165303	0.174487	0.178571	0.188511	0.190153	0.190174	0.202064	0.207454	0.197551	0.180196	0.163854	0.15705	0.166676	0.188454	0.228441	0.297314	0.388123	0.491491	0.577242	
0.188615	0.182228	0.166318	0.150857	0.135698	0.132067	0.144731	0.159705	0.175811	0.188718	0.183134	0.172242	0.163966	0.143305	0.106128	0.0604939	0.0194216	-0.00714167	-0.0159846	-0.0105412	0.0215201	0.0923414	0.192166	0.309962	0.426067	
0.162313	0.149323	0.120156	0.0937109	0.0775754	0.0742098	0.0863505	0.108395	0.138215	0.160453	0.158244	0.142502	0.121696	0.0846003	0.0329051	-0.0276767	-0.0900968	-0.134947	-0.159202	-0.174154	-0.159314	-0.0975349	0.00194631	0.127314	0.268484	
0.124863	0.103343	0.0662905	0.0398094	0.0238699	0.021021	0.0323347	0.0532143	0.0896075	0.119161	0.125689	0.115097	0.091628	0.053768	0.00302603	-0.0572162	-0.125433	-0.186911	-0.23013	-0.266326	-0.274204	-0.236942	-0.155374	-0.035309	0.116505	
0.0910069	0.0629089	0.0277735	0.00648907	-0.0049136	-0.00775772	0.00123182	0.0171221	0.0487126	0.0816858	0.0997442	0.0986234	0.0870808	0.060801	0.0176181	-0.0373243	-0.101106	-0.167107	-0.230584	-0.28881	-0.31731	-0.309837	-0.258958	-0.163193	-0.0197645	
0.0766634	0.041235	0.0102145	-0.00471385	-0.0118759	-0.0129866	-0.00820998	0.00256505	0.027438	0.0624877	0.0931406	0.107086	0.112487	0.105964	0.0754587	0.0244157	-0.0342032	-0.0986165	-0.175401	-0.254741	-0.309419	-0.330538	-0.313806	-0.251397	-0.12734	
0.0896961	0.0485555	0.0153309	-3.16687e-05	-0.00517009	-0.0065091	-0.002595	0.00761472	0.033817	0.0724904	0.114643	0.148233	0.169395	0.177486	0.161241	0.116819	0.0607395	-0.00444436	-0.0862891	-0.17845	-0.25775	-0.310223	-0.32516	-0.293303	-0.198292	
0.126459	0.0793675	0.0413472	0.0149604	0.00902395	0.00909125	0.0103509	0.0283671	0.0633297	0.106319	0.158236	0.207522	0.243956	0.260572	0.255141	0.222055	0.172048	0.104151	0.018293	-0.0801787	-0.177954	-0.257976	-0.301216	-0.294782	-0.222696	
0.179698	0.12593	0.077799	0.0431561	0.0354947	0.0360351	0.0374321	0.0611701	0.105765	0.158072	0.215008	0.274883	0.321716	0.348576	0.355316	0.33326	0.287982	0.218971	0.127109	0.0230675	-0.0829361	-0.177198	-0.242867	-0.257042	-0.207584	
0.22799	0.167244	0.115963	0.0806267	0.0705744	0.0694838	0.0742807	0.0990275	0.145279	0.202905	0.266084	0.329259	0.382581	0.424881	0.450376	0.439133	0.398057	0.323721	0.227289	0.117511	0.00593184	-0.093138	-0.171726	-0.208083	-0.179261	
0.252931	0.194017	0.154836	0.127813	0.115615	0.112886	0.121056	0.142949	0.176254	0.227336	0.290974	0.35379	0.416205	0.476368	0.521507	0.525415	0.48793	0.410276	0.308547	0.193354	0.0790168	-0.0229686	-0.103912	-0.14874	-0.136657	
0.263335	0.216865	0.189416	0.174759	0.164436	0.161558	0.170042	0.182919	0.20341	0.243208	0.295614	0.355557	0.420568	0.492384	0.550797	0.567197	0.539836	0.465939	0.362915	0.249962	0.137002	0.0366129	-0.0413326	-0.0811215	-0.0735605	
0.270845	0.237725	0.218353	0.21188	0.213721	0.213572	0.212822	0.213842	0.228105	0.256495	0.294062	0.338277	0.395872	0.465083	0.530206	0.561613	0.548218	0.484803	0.392197	0.286228	0.18458	0.0899669	0.015759	-0.0190005	-0.00790599	
0.269633	0.247455	0.23071	0.229132	0.238284	0.241533	0.232346	0.2278	0.239665	0.260921	0.283497	0.312571	0.353929	0.4093	0.471634	0.514522	0.512504	0.466201	0.389765	0.298416	0.20874	0.126376	0.061657	0.0337501	0.0487948	
0.257459	0.23975	0.222713	0.218686	0.221488	0.221727	0.219909	0.219336	0.232493	0.25101	0.268673	0.291463	0.318011	0.35475	0.403277	0.442168	0.448209	0.419774	0.363089	0.285903	0.204542	0.134817	0.0879267	0.0741443	0.0932093	
0.239583	0.215832	0.199843	0.191741	0.184255	0.182997	0.188454	0.196022	0.208373	0.229241	0.255097	0.274857	0.293103	0.31618	0.34713	0.375292	0.381983	0.365835	0.322274	0.253598	0.182684	0.125908	0.0981839	0.100141	0.122973	
0.218344	0.186462	0.162791	0.153162	0.145491	0.143714	0.150116	0.158232	0.175241	0.205467	0.236798	0.258132	0.27155	0.2873	0.304595	0.317325	0.318316	0.305292	0.263091	0.202985	0.146662	0.108529	0.0975471	0.113302	0.140229	
0.190741	0.157224	0.125916	0.112058	0.109824	0.109914	0.110047	0.118121	0.143588	0.177709	0.207937	0.231639	0.251156	0.265952	0.27132	0.267072	0.25795	0.24078	0.200672	0.146612	0.101444	0.0786092	0.082116	0.109789	0.147936	
0.157224	0.126298	0.0947492	0.0734143	0.0691485	0.0697963	0.0698636	0.0840792	0.113748	0.145125	0.174867	0.20377	0.232093	0.246749	0.242939	0.225814	0.203718	0.179409	0.143955	0.0968503	0.0585698	0.0407601	0.0511039	0.0855158	0.131524	
0.125916	0.0947492	0.0643868	0.0395831	0.0258579	0.023625	0.0328208	0.0530608	0.0818703	0.113284	0.147412	0.18606	0.215376	0.229748	0.22618	0.202029	0.169007	0.132062	0.0927715	0.0552774	0.0233531	0.00970925	0.0178887	0.0490036	0.097767	
0.112058	0.0734143	0.0395831	0.00826875	-0.0101273	-0.0134587	-0.000675907	0.0261584	0.0595729	0.0957095	0.137337	0.176953	0.209547	0.22736	0.222734	0.190737	0.14713	0.0983167	0.0575966	0.0245721	0.00456043	-0.00446847	0.000225456	0.0234144	0.0705805	
0.109824	0.0691485	0.0258579	-0.0101273	-0.026812	-0.0294778	-0.0193378	0.0098281	0.0520411	0.0939741	0.131238	0.168441	0.207888	0.235414	0.228545	0.184838	0.135038	0.087446	0.0485362	0.01843	-0.000396572	-0.010209	-0.0102017	0.00908419	0.0536576	
0.109914	0.0697963	0.023625	-0.0134587	-0.0294778	-0.0325585	-0.0221198	0.00671492	0.0515777	0.0949608	0.129763	0.166737	0.207649	0.237697	0.23023	0.182569	0.132121	0.0857534	0.0481078	0.0187507	-0.00111867	-0.0114582	-0.0124388	0.00613948	0.050893	
0.110047	0.0698636	0.0328208	-0.000675907	-0.0193378	-0.0221198	-0.00999191	0.0185409	0.0549792	0.0936432	0.134603	0.173259	0.208774	0.230476	0.224606	0.188013	0.141033	0.0917887	0.0514209	0.019727	0.00146936	-0.00705103	-0.00450206	0.0166203	0.0628908	
0.118121	0.0840792	0.0530608	0.0261584	0.0098281	0.00671492	0.0185409	0.0413639	0.0711782	0.104062	0.14174	0.182048	0.211665	0.226615	0.222622	0.19647	0.159436	0.116503	0.0757682	0.0404946	0.013942	0.00261096	0.00877318	0.0365066	0.0847509	
0.143588	0.113748	0.0818703	0.0595729	0.0520411	0.0515777	0.0549792	0.0711782	0.100597	0.131891	0.161944	0.195576	0.224705	0.239143	0.234827	0.214153	0.187338	0.158724	0.122277	0.079719	0.0428714	0.0269545	0.037206	0.0714001	0.119077	
0.177709	0.145125	0.113284	0.0957095	0.0939741	0.0949608	0.0936432	0.104062	0.131891	0.164988	0.195016	0.21979	0.243455	0.258805	0.259219	0.249119	0.234246	0.214791	0.178017	0.125821	0.083202	0.0630818	0.0709932	0.102938	0.144575	
0.207937	0.174867	0.147412	0.137337	0.131238	0.129763	0.134603	0.14174	0.161944	0.195016	0.225885	0.248947	0.263312	0.27799	0.290594	0.296296	0.293777	0.279808	0.237355	0.180328	0.129183	0.0986663	0.093746	0.114311	0.144895	
0.231639	0.20377	0.18606	0.176953	0.168441	0.166737	0.173259	0.182048	0.195576	0.21979	0.248947	0.268586	0.284333	0.303261	0.327929	0.350899	0.356683	0.342325	0.300079	0.234775	0.170072	0.120238	0.0990136	0.106221	0.131003	
0.251156	0.232093	0.215376	0.209547	0.207888	0.207649	0.208774	0.211665	0.224705	0.243455	0.263312	0.284333	0.307155	0.337956	0.379372	0.414375	0.42125	0.399189	0.349035	0.275689	0.197671	0.13224	0.0932293	0.08683	0.107226	
0.265952	0.246749	0.229748	0.22736	0.235414	0.237697	0.230476	0.226615	0.239143	0.258805	0.27799	0.303261	0.337956	0.385923	0.444274	0.486248	0.487845	0.449158	0.381473	0.295904	0.209826	0.132452	0.0748184	0.0515207	0.0682833	
0.27132	0.242939	0.22618	0.222734	0.228545	0.23023	0.224606	0.222622	0.234827	0.259219	0.290594	0.327929	0.379372	0.444274	0.510159	0.547828	0.53958	0.482601	0.395173	0.294602	0.197872	0.107779	0.0359772	0.00298244	0.015517	
0.267072	0.225814	0.202029	0.190737	0.184838	0.182569	0.188013	0.19647	0.214153	0.249119	0.296296	0.350899	0.414375	0.486248	0.547828	0.570221	0.548262	0.477267	0.37715	0.266171	0.158094	0.05874	-0.0173641	-0.0545482	-0.046524	
0.25795	0.203718	0.169007	0.14713	0.135038	0.132121	0.141033	0.159436	0.187338	0.234246	0.293777	0.356683	0.42125	0.487845	0.53958	0.548262	0.51413	0.437042	0.333677	0.219056	0.103335	0.00140377	-0.0784001	-0.121836	-0.112811	
0.24078	0.179409	0.132062	0.0983167	0.087446	0.0857534	0.0917887	0.116503	0.158724	0.214791	0.279808	0.342325	0.399189	0.449158	0.482601	0.477267	0.437042	0.361012	0.262896	0.150191	0.0372877	-0.0633113	-0.144066	-0.186227	-0.165338	
0.200672	0.143955	0.0927715	0.0575966	0.0485362	0.0481078	0.0514209	0.0757682	0.122277	0.178017	0.237355	0.300079	0.349035	0.381473	0.395173	0.37715	0.333677	0.262896	0.168464	0.0619591	-0.0458084	-0.142194	-0.214666	-0.237658	-0.196868	
0.146612	0.0968503	0.0552774	0.0245721	0.01843	0.0187507	0.019727	0.0404946	0.079719	0.125821	0.180328	0.234775	0.275689	0.295904	0.294602	0.266171	0.219056	0.150191	0.0619591	-0.0383002	-0.140725	-0.228246	-0.281294	-0.283185	-0.219839	
0.101444	0.0585698	0.0233531	0.00456043	-0.000396572	-0.00111867	0.00146936	0.013942	0.0428714	0.083202	0.129183	0.170072	0.197671	0.209826	0.197872	0.158094	0.103335	0.0372877	-0.0458084	-0.140725	-0.228434	-0.293143	-0.320224	-0.298514	-0.214406	
0.0786092	0.0407601	0.00970925	-0.00446847	-0.010209	-0.0114582	-0.00705103	0.00261096	0.0269545	0.0630818	0.0986663	0.120238	0.13224	0.132452	0.107779	0.05874	0.00140377	-0.0633113	-0.142194	-0.228246	-0.293143	-0.326606	-0.323014	-0.273979	-0.160776	
0.082116	0.0511039	0.0178887	0.000225456	-0.0102017	-0.0124388	-0.00450206	0.00877318	0.037206	0.0709932	0.093746	0.0990136	0.0932293	0.0748184	0.0359772	-0.0173641	-0.0784001	-0.144066	-0.214666	-0.281294	-0.320224	-0.323014	-0.286488	-0.203548	-0.066468	
0.109789	0.0855158	0.0490036	0.0234144	0.00908419	0.00613948	0.0166203	0.0365066	0.0714001	0.102938	0.114311	0.106221	0.08683	0.0515207	0.00298244	-0.0545482	-0.121836	-0.186227	-0.237658	-0.283185	-0.298514	-0.273979	-0.203548	-0.0912808	0.0588807	
0.147936	0.131524	0.097767	0.0705805	0.0536576	0.050893	0.0628908	0.0847509	0.119077	0.144575	0.144895	0.131003	0.107226	0.0682833	0.015517	-0.046524	-0.112811	-0.165338	-0.196868	-0.219839	-0.214406	-0.160776	-0.066468	0.0588807	0.206501	
