-0.732549	-0.769667	-0.790623	-0.797783	-0.796938	-0.797034	-0.797695	-0.795147	-0.779526	-0.749144	-0.709278	-0.675191	-0.63817	-0.593941	-0.523872	-0.425353	-0.307606	-0.208613	-0.161646	-0.161459	-0.183601	-0.228323	-0.279811	-0.328724	-0.360043	
-0.609692	-0.664451	-0.706624	-0.732659	-0.745189	-0.747384	-0.739453	-0.718916	-0.683178	-0.632818	-0.576385	-0.527266	-0.487045	-0.452163	-0.403696	-0.340641	-0.26654	-0.206428	-0.187452	-0.204653	-0.236829	-0.285578	-0.341974	-0.391265	-0.416062	
-0.519969	-0.591785	-0.646572	-0.68866	-0.710017	-0.711947	-0.700018	-0.665857	-0.61437	-0.550876	-0.475299	-0.411397	-0.366233	-0.335225	-0.303715	-0.267224	-0.232219	-0.210549	-0.209952	-0.235312	-0.273947	-0.319043	-0.36773	-0.411762	-0.43207	
-0.47309	-0.556066	-0.620757	-0.662812	-0.684025	-0.687762	-0.672947	-0.640922	-0.583936	-0.507986	-0.41943	-0.338582	-0.285716	-0.259506	-0.235674	-0.217295	-0.20791	-0.209743	-0.221688	-0.250591	-0.290989	-0.331766	-0.360734	-0.388007	-0.398875	
-0.463682	-0.554575	-0.618069	-0.654755	-0.669345	-0.670493	-0.662427	-0.636655	-0.583066	-0.502701	-0.402451	-0.308278	-0.244498	-0.212021	-0.197403	-0.190131	-0.195821	-0.208169	-0.22477	-0.248764	-0.282186	-0.308047	-0.315107	-0.318155	-0.316845	
-0.461626	-0.557822	-0.626009	-0.663157	-0.678361	-0.679129	-0.671204	-0.644227	-0.58856	-0.502673	-0.397236	-0.295435	-0.218768	-0.177592	-0.169573	-0.174916	-0.189388	-0.204467	-0.215868	-0.229367	-0.24228	-0.244016	-0.227597	-0.204029	-0.176566	
-0.457799	-0.557124	-0.63278	-0.680653	-0.702864	-0.705841	-0.692129	-0.655423	-0.590271	-0.499889	-0.39319	-0.287807	-0.200899	-0.149942	-0.140239	-0.155489	-0.174853	-0.186002	-0.190258	-0.184132	-0.166371	-0.139215	-0.0964965	-0.0469823	0.00591158	
-0.459473	-0.563513	-0.649218	-0.710474	-0.743126	-0.748511	-0.727007	-0.676872	-0.600239	-0.502643	-0.393607	-0.286119	-0.193058	-0.134802	-0.116359	-0.127816	-0.146556	-0.154134	-0.14589	-0.118657	-0.0695812	-0.00618179	0.0627428	0.134368	0.204244	
-0.46217	-0.579098	-0.680574	-0.76066	-0.806423	-0.813391	-0.78379	-0.715856	-0.621725	-0.50994	-0.389934	-0.27727	-0.185192	-0.125187	-0.0975672	-0.0977174	-0.107296	-0.107661	-0.0841922	-0.0338018	0.0396961	0.130853	0.225305	0.314654	0.384662	
-0.474222	-0.604568	-0.721163	-0.81409	-0.869422	-0.879	-0.841413	-0.762076	-0.653861	-0.52743	-0.39422	-0.271168	-0.174413	-0.108455	-0.0681865	-0.0540924	-0.0484189	-0.0351914	0.00122692	0.0676741	0.154038	0.254827	0.364868	0.467553	0.52859	
-0.493739	-0.635475	-0.760189	-0.860613	-0.920498	-0.931499	-0.889432	-0.804294	-0.687609	-0.551992	-0.408138	-0.277301	-0.168627	-0.0872687	-0.0310057	-4.93876e-05	0.0270975	0.0617123	0.109788	0.174685	0.257292	0.350696	0.452907	0.555211	0.60784	
-0.511548	-0.656542	-0.786435	-0.885551	-0.945353	-0.955446	-0.914938	-0.829634	-0.711664	-0.570484	-0.423398	-0.285716	-0.164524	-0.0583851	0.020224	0.0718595	0.120062	0.17644	0.227273	0.277479	0.339752	0.412999	0.490293	0.56327	0.594135	
-0.502832	-0.649172	-0.777316	-0.875344	-0.930319	-0.939671	-0.902681	-0.821652	-0.702675	-0.563113	-0.414202	-0.276037	-0.144608	-0.0171232	0.0882662	0.167186	0.233804	0.298058	0.347364	0.377447	0.412008	0.452454	0.492843	0.519733	0.511917	
-0.475307	-0.612228	-0.7343	-0.824116	-0.873297	-0.88203	-0.848371	-0.775081	-0.663602	-0.530778	-0.389853	-0.250402	-0.110615	0.027831	0.159217	0.267759	0.34564	0.404253	0.441281	0.456884	0.467919	0.469625	0.471652	0.456946	0.415243	
-0.427092	-0.551334	-0.658889	-0.740698	-0.784002	-0.789962	-0.762944	-0.695903	-0.596296	-0.478661	-0.346453	-0.210806	-0.0708508	0.0706318	0.210442	0.342318	0.434455	0.486919	0.515315	0.52391	0.515742	0.485239	0.446573	0.394129	0.325751	
-0.366032	-0.476776	-0.56836	-0.632315	-0.664393	-0.669626	-0.648276	-0.598091	-0.51546	-0.412753	-0.293575	-0.165735	-0.02946	0.10996	0.257779	0.401682	0.506096	0.560767	0.580273	0.571638	0.542479	0.487524	0.421083	0.3373	0.244569	
-0.283592	-0.387352	-0.467184	-0.513947	-0.531862	-0.534291	-0.523818	-0.490049	-0.422927	-0.327053	-0.217004	-0.103293	0.0219298	0.158092	0.310616	0.45662	0.559345	0.61254	0.624917	0.597906	0.546574	0.478875	0.39926	0.293028	0.178366	
-0.184091	-0.277477	-0.345859	-0.377631	-0.38264	-0.381471	-0.381854	-0.363264	-0.30863	-0.222868	-0.12592	-0.0292671	0.0788424	0.210475	0.361562	0.501938	0.592546	0.630241	0.631754	0.596452	0.530214	0.455586	0.364819	0.247803	0.125112	
-0.0691214	-0.132433	-0.17784	-0.19124	-0.185267	-0.183002	-0.189871	-0.187263	-0.154121	-0.0949288	-0.0284769	0.0455998	0.135962	0.251432	0.39048	0.519152	0.596555	0.616321	0.600121	0.557109	0.490113	0.40897	0.306402	0.188945	0.0777503	
0.074249	0.0550187	0.0481554	0.0584339	0.0752587	0.0797463	0.0652837	0.0502356	0.050149	0.0658871	0.0897005	0.129134	0.187973	0.270265	0.376903	0.482881	0.547486	0.555248	0.522419	0.472965	0.412074	0.338775	0.23934	0.129362	0.038881	
0.246227	0.274445	0.311691	0.355592	0.389933	0.397114	0.371317	0.329255	0.288231	0.256574	0.233581	0.222826	0.227204	0.261887	0.325642	0.399267	0.442443	0.435853	0.393333	0.33952	0.285909	0.233687	0.156663	0.0736696	0.00443287	
0.44463	0.516211	0.59434	0.675124	0.732594	0.743304	0.702541	0.627503	0.546499	0.47316	0.402021	0.330723	0.268834	0.246811	0.269346	0.303098	0.311752	0.287044	0.238671	0.187044	0.142749	0.101247	0.0505851	-0.00398364	-0.0485135	
0.661723	0.771894	0.88249	0.986977	1.06178	1.07602	1.02217	0.925737	0.815798	0.706537	0.592109	0.463956	0.344907	0.269803	0.241488	0.228103	0.196574	0.149581	0.095989	0.0436888	0.00138308	-0.0383395	-0.0784045	-0.110559	-0.128835	
0.877747	1.01991	1.14932	1.26165	1.33856	1.35273	1.29864	1.19659	1.07337	0.93627	0.786872	0.623864	0.466853	0.342636	0.252267	0.178502	0.107725	0.0381535	-0.0286695	-0.0903505	-0.139265	-0.179356	-0.213042	-0.233105	-0.233805	
1.08204	1.24122	1.37882	1.48648	1.55495	1.56724	1.51969	1.42576	1.29911	1.14796	0.979959	0.797624	0.613795	0.43888	0.283741	0.15084	0.038513	-0.053628	-0.138671	-0.217708	-0.274261	-0.31939	-0.349746	-0.365292	-0.359574	
1.26229	1.42227	1.55944	1.66179	1.72441	1.73521	1.69259	1.60456	1.481	1.32838	1.15716	0.961634	0.749518	0.530159	0.322588	0.13938	-0.0148264	-0.140969	-0.245417	-0.335966	-0.404503	-0.457532	-0.493512	-0.511702	-0.502503	
1.42227	1.57252	1.6957	1.79221	1.85182	1.86215	1.82118	1.73808	1.62477	1.48595	1.31806	1.11278	0.873479	0.617967	0.368456	0.13969	-0.0617907	-0.224492	-0.346647	-0.44319	-0.523331	-0.589635	-0.637733	-0.657592	-0.64668	
1.55944	1.6957	1.80263	1.88669	1.94111	1.95138	1.91295	1.8389	1.74161	1.61862	1.45682	1.24662	0.992875	0.710236	0.423386	0.150264	-0.0938386	-0.285563	-0.422452	-0.529213	-0.62374	-0.70751	-0.764159	-0.787569	-0.773552	
1.66179	1.79221	1.88669	1.95784	2.00217	2.01024	1.97936	1.91802	1.83307	1.71917	1.56241	1.35786	1.10225	0.80303	0.482111	0.173376	-0.0987433	-0.310961	-0.462979	-0.585407	-0.699803	-0.793843	-0.860137	-0.885799	-0.874038	
1.72441	1.85182	1.94111	2.00217	2.03453	2.04058	2.01853	1.96886	1.89145	1.78041	1.62743	1.4323	1.17941	0.868632	0.525413	0.196021	-0.0886431	-0.310785	-0.475876	-0.612011	-0.739103	-0.840796	-0.912414	-0.944447	-0.934951	
1.73521	1.86215	1.95138	2.01024	2.04058	2.04591	2.02533	1.97861	1.90178	1.79104	1.63901	1.44558	1.19466	0.881115	0.533793	0.201662	-0.085891	-0.308669	-0.476664	-0.616929	-0.744338	-0.848585	-0.921267	-0.953956	-0.945844	
1.69259	1.82118	1.91295	1.97936	2.01853	2.02533	1.99861	1.94244	1.86181	1.74907	1.59404	1.39342	1.13891	0.834269	0.502329	0.18283	-0.0949634	-0.312685	-0.470526	-0.598996	-0.720245	-0.817402	-0.885949	-0.915072	-0.903638	
1.60456	1.73808	1.8389	1.91802	1.96886	1.97861	1.94244	1.87325	1.78127	1.66312	1.50311	1.29429	1.03837	0.748453	0.447142	0.158565	-0.0995218	-0.300126	-0.443337	-0.555758	-0.658181	-0.746791	-0.807778	-0.830694	-0.817687	
1.481	1.62477	1.74161	1.83307	1.89145	1.90178	1.86181	1.78127	1.67443	1.54219	1.37737	1.16834	0.921631	0.653475	0.389598	0.142322	-0.0774083	-0.253125	-0.380715	-0.480339	-0.565026	-0.63955	-0.690298	-0.712826	-0.699785	
1.32838	1.48595	1.61862	1.71917	1.78041	1.79104	1.74907	1.66312	1.54219	1.39395	1.22362	1.02398	0.800013	0.56562	0.339945	0.138935	-0.0342484	-0.175162	-0.287672	-0.380958	-0.454595	-0.511493	-0.552794	-0.570894	-0.561753	
1.15716	1.31806	1.45682	1.56241	1.62743	1.63901	1.59404	1.50311	1.37737	1.22362	1.0526	0.864933	0.670265	0.476195	0.29815	0.143634	0.0158644	-0.0881691	-0.181325	-0.26598	-0.326889	-0.374516	-0.405535	-0.422766	-0.415309	
0.961634	1.11278	1.24662	1.35786	1.4323	1.44558	1.39342	1.29429	1.16834	1.02398	0.864933	0.692653	0.525258	0.380625	0.263556	0.165538	0.0777118	7.26175e-05	-0.0740137	-0.142876	-0.194069	-0.23596	-0.267523	-0.284173	-0.28153	
0.749518	0.873479	0.992875	1.10225	1.17941	1.19466	1.13891	1.03837	0.921631	0.800013	0.670265	0.525258	0.387924	0.293789	0.241738	0.205331	0.158162	0.101422	0.0441273	-0.00963022	-0.0551788	-0.0946683	-0.132617	-0.158711	-0.167947	
0.530159	0.617967	0.710236	0.80303	0.868632	0.881115	0.834269	0.748453	0.653475	0.56562	0.476195	0.380625	0.293789	0.249508	0.25398	0.270306	0.261968	0.22911	0.178964	0.127717	0.0861241	0.0455666	0.000743312	-0.0430176	-0.0773451	
0.322588	0.368456	0.423386	0.482111	0.525413	0.533793	0.502329	0.447142	0.389598	0.339945	0.29815	0.263556	0.241738	0.25398	0.300865	0.359214	0.391025	0.377205	0.332124	0.278325	0.228102	0.182501	0.117881	0.045872	-0.0133329	
0.13938	0.13969	0.150264	0.173376	0.196021	0.201662	0.18283	0.158565	0.142322	0.138935	0.143634	0.165538	0.205331	0.270306	0.359214	0.453914	0.511226	0.514507	0.476434	0.424239	0.366327	0.30175	0.208439	0.108472	0.0253691	
-0.0148264	-0.0617907	-0.0938386	-0.0987433	-0.0886431	-0.085891	-0.0949634	-0.0995218	-0.0774083	-0.0342484	0.0158644	0.0777118	0.158162	0.261968	0.391025	0.511226	0.584538	0.598354	0.575342	0.529737	0.464814	0.383799	0.280574	0.163738	0.0615195	
-0.140969	-0.224492	-0.285563	-0.310961	-0.310785	-0.308669	-0.312685	-0.300126	-0.253125	-0.175162	-0.0881691	7.26175e-05	0.101422	0.22911	0.377205	0.514507	0.598354	0.628444	0.623531	0.585752	0.517537	0.439584	0.343375	0.225799	0.105384	
-0.245417	-0.346647	-0.422452	-0.462979	-0.475876	-0.476664	-0.470526	-0.443337	-0.380715	-0.287672	-0.181325	-0.0740137	0.0441273	0.178964	0.332124	0.476434	0.575342	0.623531	0.632767	0.601427	0.542471	0.472222	0.388413	0.276196	0.155994	
-0.335966	-0.44319	-0.529213	-0.585407	-0.612011	-0.616929	-0.598996	-0.555758	-0.480339	-0.380958	-0.26598	-0.142876	-0.00963022	0.127717	0.278325	0.424239	0.529737	0.585752	0.601427	0.584245	0.546174	0.484712	0.412414	0.318244	0.216169	
-0.404503	-0.523331	-0.62374	-0.699803	-0.739103	-0.744338	-0.720245	-0.658181	-0.565026	-0.454595	-0.326889	-0.194069	-0.0551788	0.0861241	0.228102	0.366327	0.464814	0.517537	0.542471	0.546174	0.52975	0.488367	0.436481	0.370087	0.292016	
-0.457532	-0.589635	-0.70751	-0.793843	-0.840796	-0.848585	-0.817402	-0.746791	-0.63955	-0.511493	-0.374516	-0.23596	-0.0946683	0.0455666	0.182501	0.30175	0.383799	0.439584	0.472222	0.484712	0.488367	0.47597	0.461109	0.43175	0.378864	
-0.493512	-0.637733	-0.764159	-0.860137	-0.912414	-0.921267	-0.885949	-0.807778	-0.690298	-0.552794	-0.405535	-0.267523	-0.132617	0.000743312	0.117881	0.208439	0.280574	0.343375	0.388413	0.412414	0.436481	0.461109	0.486671	0.494884	0.472183	
-0.511702	-0.657592	-0.787569	-0.885799	-0.944447	-0.953956	-0.915072	-0.830694	-0.712826	-0.570894	-0.422766	-0.284173	-0.158711	-0.0430176	0.045872	0.108472	0.163738	0.225799	0.276196	0.318244	0.370087	0.43175	0.494884	0.55022	0.566814	
-0.502503	-0.64668	-0.773552	-0.874038	-0.934951	-0.945844	-0.903638	-0.817687	-0.699785	-0.561753	-0.415309	-0.28153	-0.167947	-0.0773451	-0.0133329	0.0253691	0.0615195	0.105384	0.155994	0.216169	0.292016	0.378864	0.472183	0.566814	0.61317	
