-0.745148	-0.817499	-0.820025	-0.751135	-0.632263	-0.486111	-0.33359	-0.183112	-0.0604677	0.0235954	0.0860236	0.14373	0.219128	0.303665	0.39329	0.487451	0.561376	0.609544	0.653363	0.702656	0.735773	0.745904	0.742504	0.716913	0.682215	
-0.817499	-0.918289	-0.953909	-0.913882	-0.816367	-0.687954	-0.54275	-0.392583	-0.266397	-0.17032	-0.103695	-0.047845	0.02437	0.10621	0.204589	0.312452	0.40247	0.472576	0.537814	0.608759	0.67475	0.729575	0.769385	0.783436	0.791099	
-0.820025	-0.953909	-1.02536	-1.01865	-0.951964	-0.844846	-0.714818	-0.577677	-0.453963	-0.356149	-0.292893	-0.239542	-0.170087	-0.0887641	0.00964958	0.118608	0.220672	0.30536	0.383261	0.473177	0.565974	0.654961	0.73598	0.798688	0.858577	
-0.751135	-0.913882	-1.01865	-1.05107	-1.01838	-0.939728	-0.835993	-0.718551	-0.605344	-0.512872	-0.45561	-0.408167	-0.349867	-0.282449	-0.191889	-0.081732	0.029337	0.126959	0.217304	0.315834	0.424973	0.546352	0.666119	0.772921	0.883647	
-0.632263	-0.816367	-0.951964	-1.01838	-1.01771	-0.96915	-0.889591	-0.793544	-0.696672	-0.616507	-0.570892	-0.53923	-0.505378	-0.455194	-0.374395	-0.273849	-0.16268	-0.0557262	0.0434344	0.152102	0.281884	0.429829	0.578677	0.726552	0.88309	
-0.486111	-0.687954	-0.844846	-0.939728	-0.96915	-0.944289	-0.884805	-0.810831	-0.729155	-0.659785	-0.626922	-0.613446	-0.602415	-0.574442	-0.521089	-0.444515	-0.341116	-0.229005	-0.119678	-0.001129	0.143942	0.315815	0.49563	0.680294	0.867906	
-0.33359	-0.54275	-0.714818	-0.835993	-0.889591	-0.884805	-0.846097	-0.788138	-0.714464	-0.655648	-0.627659	-0.621865	-0.633893	-0.634873	-0.611777	-0.560245	-0.472124	-0.365872	-0.256711	-0.133566	0.0267808	0.219063	0.421195	0.632684	0.839257	
-0.183112	-0.392583	-0.577677	-0.718551	-0.793544	-0.810831	-0.788138	-0.737858	-0.674971	-0.620274	-0.585232	-0.58719	-0.615698	-0.631861	-0.63062	-0.604163	-0.53917	-0.44526	-0.336712	-0.211541	-0.0501302	0.1436	0.354817	0.57819	0.783096	
-0.0604677	-0.266397	-0.453963	-0.605344	-0.696672	-0.729155	-0.714464	-0.674971	-0.620182	-0.563243	-0.526314	-0.5275	-0.55248	-0.57571	-0.592544	-0.584975	-0.534174	-0.44485	-0.338533	-0.219554	-0.0692525	0.108063	0.302166	0.504387	0.681631	
0.0235954	-0.17032	-0.356149	-0.512872	-0.616507	-0.659785	-0.655648	-0.620274	-0.563243	-0.504529	-0.454815	-0.439385	-0.45742	-0.485735	-0.510016	-0.505038	-0.458316	-0.375119	-0.269335	-0.151	-0.0220187	0.114363	0.263412	0.414658	0.539073	
0.0860236	-0.103695	-0.292893	-0.45561	-0.570892	-0.626922	-0.627659	-0.585232	-0.526314	-0.454815	-0.383634	-0.351322	-0.350086	-0.365141	-0.378173	-0.36645	-0.326512	-0.247832	-0.138604	-0.0294558	0.064532	0.151501	0.240472	0.316594	0.37084	
0.14373	-0.047845	-0.239542	-0.408167	-0.53923	-0.613446	-0.621865	-0.58719	-0.5275	-0.439385	-0.351322	-0.283654	-0.237963	-0.221533	-0.210446	-0.187402	-0.144975	-0.0680315	0.0291293	0.114722	0.168486	0.197399	0.213786	0.212495	0.203588	
0.219128	0.02437	-0.170087	-0.349867	-0.505378	-0.602415	-0.633893	-0.615698	-0.55248	-0.45742	-0.350086	-0.237963	-0.147407	-0.0912501	-0.0416009	0.0132423	0.0721164	0.140054	0.212821	0.263197	0.263681	0.229518	0.179208	0.112604	0.0499407	
0.303665	0.10621	-0.0887641	-0.282449	-0.455194	-0.574442	-0.634873	-0.631861	-0.57571	-0.485735	-0.365141	-0.221533	-0.0912501	0.0161018	0.119354	0.209633	0.277933	0.334114	0.377805	0.384924	0.339862	0.256638	0.145223	0.0201345	-0.0893316	
0.39329	0.204589	0.00964958	-0.191889	-0.374395	-0.521089	-0.611777	-0.63062	-0.592544	-0.510016	-0.378173	-0.210446	-0.0416009	0.119354	0.26007	0.362061	0.434202	0.47814	0.486896	0.458714	0.387321	0.268641	0.112735	-0.0521326	-0.206883	
0.487451	0.312452	0.118608	-0.081732	-0.273849	-0.444515	-0.560245	-0.604163	-0.584975	-0.505038	-0.36645	-0.187402	0.0132423	0.209633	0.362061	0.469927	0.541271	0.556437	0.523176	0.465122	0.379451	0.2502	0.0798008	-0.109766	-0.307481	
0.561376	0.40247	0.220672	0.029337	-0.16268	-0.341116	-0.472124	-0.53917	-0.534174	-0.458316	-0.326512	-0.144975	0.0721164	0.277933	0.434202	0.541271	0.587038	0.560823	0.492263	0.412917	0.321155	0.190069	0.0150591	-0.182462	-0.396012	
0.609544	0.472576	0.30536	0.126959	-0.0557262	-0.229005	-0.365872	-0.44526	-0.44485	-0.375119	-0.247832	-0.0680315	0.140054	0.334114	0.47814	0.556437	0.560823	0.506376	0.422153	0.3251	0.213785	0.0736646	-0.0924714	-0.276006	-0.478263	
0.653363	0.537814	0.383261	0.217304	0.0434344	-0.119678	-0.256711	-0.336712	-0.338533	-0.269335	-0.138604	0.0291293	0.212821	0.377805	0.486896	0.523176	0.492263	0.422153	0.322044	0.193683	0.0565994	-0.0797638	-0.224108	-0.386879	-0.557089	
0.702656	0.608759	0.473177	0.315834	0.152102	-0.001129	-0.133566	-0.211541	-0.219554	-0.151	-0.0294558	0.114722	0.263197	0.384924	0.458714	0.465122	0.412917	0.3251	0.193683	0.0317083	-0.122021	-0.253983	-0.378185	-0.504618	-0.620075	
0.735773	0.67475	0.565974	0.424973	0.281884	0.143942	0.0267808	-0.0501302	-0.0692525	-0.0220187	0.064532	0.168486	0.263681	0.339862	0.387321	0.379451	0.321155	0.213785	0.0565994	-0.122021	-0.293893	-0.43424	-0.536826	-0.615756	-0.675495	
0.745904	0.729575	0.654961	0.546352	0.429829	0.315815	0.219063	0.1436	0.108063	0.114363	0.151501	0.197399	0.229518	0.256638	0.268641	0.2502	0.190069	0.0736646	-0.0797638	-0.253983	-0.43424	-0.577899	-0.668546	-0.717543	-0.733234	
0.742504	0.769385	0.73598	0.666119	0.578677	0.49563	0.421195	0.354817	0.302166	0.263412	0.240472	0.213786	0.179208	0.145223	0.112735	0.0798008	0.0150591	-0.0924714	-0.224108	-0.378185	-0.536826	-0.668546	-0.754783	-0.784128	-0.769768	
0.716913	0.783436	0.798688	0.772921	0.726552	0.680294	0.632684	0.57819	0.504387	0.414658	0.316594	0.212495	0.112604	0.0201345	-0.0521326	-0.109766	-0.182462	-0.276006	-0.386879	-0.504618	-0.615756	-0.717543	-0.784128	-0.795255	-0.769401	
0.682215	0.791099	0.858577	0.883647	0.88309	0.867906	0.839257	0.783096	0.681631	0.539073	0.37084	0.203588	0.0499407	-0.0893316	-0.206883	-0.307481	-0.396012	-0.478263	-0.557089	-0.620075	-0.675495	-0.733234	-0.769768	-0.769401	-0.732017	
0.654372	0.804952	0.923532	1.00177	1.04219	1.04939	1.02472	0.952808	0.821625	0.633371	0.412699	0.195577	-0.00435969	-0.18726	-0.356009	-0.501626	-0.606418	-0.672638	-0.708067	-0.721326	-0.728771	-0.733992	-0.731975	-0.711292	-0.656546	
0.614411	0.802014	0.972828	1.10808	1.19375	1.22578	1.19938	1.10649	0.942453	0.712281	0.445563	0.177399	-0.0711938	-0.296529	-0.501756	-0.669679	-0.777549	-0.824693	-0.830907	-0.818025	-0.785836	-0.73265	-0.676661	-0.622364	-0.562812	
0.56538	0.782517	1.00069	1.18987	1.32204	1.37871	1.3496	1.23546	1.04107	0.779681	0.477007	0.162384	-0.136531	-0.405048	-0.634381	-0.807874	-0.910018	-0.943027	-0.93164	-0.893268	-0.82145	-0.721286	-0.62018	-0.539188	-0.481564	
0.534213	0.771264	1.02212	1.24964	1.41431	1.48458	1.44866	1.31445	1.0999	0.825698	0.507856	0.165479	-0.174077	-0.482057	-0.732975	-0.912397	-1.01611	-1.04668	-1.01506	-0.934604	-0.821061	-0.694669	-0.575707	-0.483688	-0.42606	
0.523143	0.772533	1.04191	1.29047	1.47081	1.54449	1.49914	1.34844	1.12156	0.843402	0.523735	0.171761	-0.188476	-0.517929	-0.781405	-0.967627	-1.08126	-1.11969	-1.07386	-0.956856	-0.809414	-0.666606	-0.542927	-0.44911	-0.397152	
0.522131	0.773877	1.04676	1.29885	1.48136	1.55528	1.50725	1.35311	1.12404	0.844938	0.525892	0.173094	-0.190648	-0.523054	-0.788474	-0.976777	-1.09266	-1.13242	-1.08442	-0.961614	-0.807652	-0.660579	-0.535833	-0.442375	-0.392598	
0.52822	0.770948	1.03095	1.26901	1.44133	1.51421	1.47406	1.33225	1.11246	0.83553	0.5163	0.168891	-0.182182	-0.501002	-0.758053	-0.94144	-1.04871	-1.08049	-1.04157	-0.945312	-0.816923	-0.682561	-0.560815	-0.467673	-0.411309	
0.549612	0.77587	1.0087	1.21586	1.36322	1.42699	1.39643	1.27364	1.07009	0.801598	0.48948	0.161477	-0.155302	-0.440946	-0.678778	-0.854028	-0.955996	-0.986942	-0.967372	-0.91279	-0.824517	-0.712696	-0.601466	-0.513793	-0.455703	
0.594313	0.795268	0.986062	1.14379	1.24925	1.29096	1.26411	1.16269	0.984878	0.74119	0.457853	0.169387	-0.098507	-0.341406	-0.55769	-0.728441	-0.834094	-0.874783	-0.873755	-0.852095	-0.804407	-0.730352	-0.652874	-0.585269	-0.527299	
0.640837	0.806711	0.946665	1.04655	1.10464	1.12116	1.09524	1.01607	0.871388	0.665743	0.427106	0.189375	-0.0291797	-0.228735	-0.41508	-0.573222	-0.681106	-0.73885	-0.75977	-0.761233	-0.752549	-0.733677	-0.710805	-0.677378	-0.619294	
0.670914	0.796213	0.88463	0.930941	0.946567	0.942045	0.915897	0.854711	0.74217	0.579237	0.388537	0.200676	0.0275445	-0.128743	-0.266684	-0.386318	-0.482373	-0.559795	-0.621122	-0.661562	-0.696241	-0.733482	-0.756955	-0.751453	-0.706212	
0.702656	0.786116	0.821584	0.816493	0.788102	0.755519	0.71775	0.663593	0.579859	0.46861	0.340236	0.20932	0.0861326	-0.026448	-0.115821	-0.188602	-0.265672	-0.355115	-0.456216	-0.552817	-0.641001	-0.726695	-0.782401	-0.789177	-0.759618	
0.734911	0.77819	0.763004	0.709664	0.637665	0.568223	0.504832	0.443702	0.382909	0.325226	0.273415	0.21554	0.154204	0.0955293	0.0467026	0.00471516	-0.062642	-0.163456	-0.286982	-0.42893	-0.570528	-0.692731	-0.773313	-0.794438	-0.774159	
0.746446	0.747741	0.68925	0.595279	0.489892	0.387665	0.29901	0.226522	0.184153	0.172561	0.187315	0.205495	0.210879	0.214217	0.209576	0.186866	0.124398	0.00929197	-0.13598	-0.303919	-0.479249	-0.619899	-0.70927	-0.750154	-0.751626	
0.741656	0.697813	0.601851	0.47286	0.339949	0.210758	0.101705	0.0243363	-0.000894327	0.0316481	0.0993144	0.18216	0.252987	0.310021	0.344442	0.333117	0.274986	0.161869	0.00225331	-0.176956	-0.354975	-0.498226	-0.594022	-0.658384	-0.698964	
0.719016	0.636816	0.510772	0.357842	0.201591	0.0527424	-0.0746117	-0.15167	-0.16405	-0.100374	0.0101508	0.140071	0.269456	0.373181	0.436046	0.434506	0.378058	0.282951	0.139373	-0.0317875	-0.192711	-0.327798	-0.443392	-0.549792	-0.641657	
0.673683	0.565635	0.418379	0.255252	0.0846659	-0.0742072	-0.211244	-0.289598	-0.293152	-0.223205	-0.0929736	0.0663586	0.237212	0.385545	0.479931	0.503302	0.461441	0.384295	0.273276	0.130278	-0.0142058	-0.147154	-0.283196	-0.433816	-0.584136	
0.626054	0.49787	0.33554	0.163525	-0.0159486	-0.184649	-0.322097	-0.403255	-0.403176	-0.334862	-0.206371	-0.03027	0.169461	0.354277	0.48532	0.547157	0.537017	0.475397	0.386059	0.277929	0.155254	0.015094	-0.142353	-0.318272	-0.510831	
0.582748	0.432693	0.256482	0.070046	-0.118526	-0.296559	-0.430525	-0.504048	-0.501841	-0.42876	-0.299972	-0.118626	0.0972648	0.301764	0.456668	0.554604	0.583799	0.544101	0.46764	0.382371	0.285139	0.150034	-0.0242717	-0.21824	-0.429363	
0.521008	0.351478	0.161821	-0.0361867	-0.230132	-0.405834	-0.529533	-0.583281	-0.570041	-0.491281	-0.354168	-0.173107	0.0363597	0.238905	0.393839	0.504028	0.568204	0.566507	0.517261	0.449501	0.361676	0.232852	0.0596176	-0.136746	-0.34479	
0.431212	0.247912	0.0522016	-0.14898	-0.336073	-0.493537	-0.594516	-0.623923	-0.593517	-0.512524	-0.377364	-0.203456	-0.0202127	0.158651	0.305713	0.409041	0.482914	0.51817	0.510647	0.469991	0.390712	0.264665	0.101165	-0.0745932	-0.248668	
0.33823	0.143545	-0.0515132	-0.249782	-0.425977	-0.556332	-0.628524	-0.632927	-0.583504	-0.496804	-0.372205	-0.218115	-0.0725002	0.0571946	0.179994	0.277356	0.346726	0.398906	0.4294	0.421347	0.364043	0.264055	0.131315	-0.0114962	-0.138346	
0.253027	0.0560219	-0.138338	-0.324189	-0.48837	-0.593893	-0.637253	-0.625012	-0.562934	-0.468784	-0.355254	-0.228511	-0.120713	-0.0458737	0.023551	0.0942788	0.158628	0.22171	0.283303	0.316206	0.296296	0.241293	0.165867	0.0737957	-0.00838738	
0.171477	-0.0206296	-0.214144	-0.385956	-0.526517	-0.610021	-0.625452	-0.597441	-0.53627	-0.444008	-0.348324	-0.26244	-0.198032	-0.165557	-0.141057	-0.109096	-0.0606768	0.0139937	0.101892	0.175052	0.208572	0.211544	0.200765	0.172127	0.13994	
0.10794	-0.0823161	-0.27218	-0.438	-0.557793	-0.620495	-0.622932	-0.580948	-0.52207	-0.44331	-0.365503	-0.320839	-0.30424	-0.31011	-0.314121	-0.298562	-0.259711	-0.180648	-0.0743749	0.0261319	0.105437	0.170322	0.23059	0.275215	0.302873	
