0.332601	0.498679	0.660235	0.791964	0.870383	0.883702	0.831037	0.717757	0.564852	0.398112	0.239453	0.100955	0.0014801	-0.0566864	-0.0730049	-0.0583243	-0.00200563	0.0848526	0.187685	0.296423	0.408121	0.514361	0.609945	0.680113	0.732985	
0.293142	0.470358	0.646598	0.792178	0.880713	0.896045	0.836135	0.70929	0.54282	0.362591	0.194135	0.0565669	-0.0375805	-0.079184	-0.0733268	-0.0376529	0.0346665	0.136165	0.251895	0.381184	0.501016	0.614283	0.712456	0.791046	0.85252	
0.239582	0.428603	0.620601	0.781866	0.881311	0.898825	0.830182	0.690402	0.50694	0.313172	0.138452	0.00807482	-0.0737932	-0.107765	-0.0925674	-0.0429195	0.0349343	0.144958	0.277398	0.422552	0.557159	0.673525	0.77399	0.860201	0.930423	
0.182985	0.379785	0.576173	0.74175	0.846802	0.865865	0.792191	0.648366	0.460269	0.259731	0.0824485	-0.0375296	-0.109985	-0.14106	-0.127287	-0.0750576	0.0102819	0.125446	0.267275	0.42529	0.567899	0.688753	0.794433	0.884019	0.963371	
0.129068	0.322663	0.509124	0.665881	0.76958	0.78812	0.715567	0.576395	0.399921	0.204664	0.0306877	-0.0824754	-0.144446	-0.174951	-0.164833	-0.113007	-0.0227566	0.0947098	0.239806	0.392825	0.537158	0.662406	0.772484	0.869044	0.956213	
0.06084	0.243428	0.417026	0.558889	0.659093	0.678767	0.605867	0.477199	0.316396	0.131355	-0.032528	-0.140179	-0.193065	-0.210667	-0.19681	-0.141788	-0.0521193	0.0611139	0.196164	0.334558	0.471396	0.600471	0.714348	0.818073	0.912149	
-0.0286777	0.138801	0.294744	0.425072	0.515993	0.534155	0.467521	0.350382	0.203531	0.0371387	-0.115862	-0.21594	-0.261587	-0.264937	-0.233455	-0.166925	-0.0805119	0.0260098	0.143618	0.263794	0.38407	0.505792	0.620407	0.725609	0.829634	
-0.151636	-0.00390439	0.142223	0.266942	0.35067	0.366099	0.306826	0.195393	0.0560883	-0.0945225	-0.226796	-0.310512	-0.342311	-0.328937	-0.273511	-0.194921	-0.110944	-0.0170133	0.0831234	0.187382	0.287486	0.386447	0.485503	0.584502	0.694991	
-0.291325	-0.165186	-0.0241738	0.0944256	0.171317	0.187673	0.130219	0.0269239	-0.107929	-0.244694	-0.348808	-0.406971	-0.419992	-0.384322	-0.312195	-0.220895	-0.137675	-0.0576717	0.0231185	0.106359	0.179038	0.248417	0.321454	0.41369	0.531299	
-0.413557	-0.308707	-0.180605	-0.0651245	0.0060358	0.019355	-0.0310191	-0.130163	-0.258945	-0.375806	-0.455673	-0.483777	-0.466228	-0.412409	-0.328101	-0.233618	-0.156172	-0.0844516	-0.0257177	0.0302892	0.0760907	0.113748	0.163433	0.245591	0.361936	
-0.487388	-0.402385	-0.291629	-0.190357	-0.127886	-0.114209	-0.160823	-0.24773	-0.359763	-0.457914	-0.516968	-0.524397	-0.484593	-0.412929	-0.324539	-0.233292	-0.156013	-0.0909302	-0.0465101	-0.0218322	-0.00874087	-3.36572e-05	0.0293305	0.0959132	0.204297	
-0.499033	-0.430527	-0.338519	-0.255282	-0.200531	-0.189439	-0.229131	-0.302548	-0.394759	-0.476287	-0.520808	-0.519261	-0.46437	-0.379589	-0.286389	-0.197616	-0.123718	-0.0689052	-0.0405453	-0.0441888	-0.0609153	-0.0749211	-0.06143	-0.0074783	0.0846305	
-0.443799	-0.392244	-0.323765	-0.262389	-0.221831	-0.213248	-0.243145	-0.297182	-0.365239	-0.426737	-0.460312	-0.456067	-0.403131	-0.319424	-0.224477	-0.13135	-0.05848	-0.0113165	0.000349109	-0.0239556	-0.0644776	-0.101939	-0.108286	-0.0697936	0.00611388	
-0.34424	-0.31136	-0.266319	-0.221543	-0.194518	-0.18872	-0.208807	-0.247041	-0.294204	-0.333435	-0.353357	-0.341958	-0.294151	-0.218497	-0.123674	-0.0247991	0.0503974	0.0864597	0.07749	0.0342662	-0.025079	-0.0822287	-0.110598	-0.0938472	-0.0304631	
-0.218496	-0.210581	-0.18679	-0.162369	-0.143756	-0.140082	-0.15403	-0.176974	-0.201904	-0.217938	-0.214515	-0.191251	-0.143939	-0.0725992	0.018645	0.11815	0.196068	0.22111	0.189418	0.125212	0.0451319	-0.0275148	-0.073629	-0.0798817	-0.0352761	
-0.0924797	-0.112087	-0.11539	-0.106676	-0.0977737	-0.095791	-0.10277	-0.112652	-0.115209	-0.102218	-0.0749225	-0.0329552	0.0254111	0.0997099	0.189013	0.280403	0.350407	0.369718	0.322686	0.236431	0.134423	0.0414779	-0.0232983	-0.0514195	-0.034408	
0.00604497	-0.0359992	-0.0593387	-0.0633014	-0.0628173	-0.0615807	-0.0634823	-0.062356	-0.0481304	-0.0119731	0.0369374	0.102565	0.182702	0.27633	0.369607	0.447142	0.498142	0.503527	0.443945	0.339749	0.214641	0.100801	0.0179596	-0.0307715	-0.0391083	
0.0739852	0.0126856	-0.024048	-0.0429282	-0.0508912	-0.0522129	-0.0471683	-0.0329076	-0.0051481	0.0469568	0.119122	0.206023	0.310704	0.422929	0.518801	0.582075	0.612006	0.599186	0.529383	0.413153	0.271806	0.134113	0.0291745	-0.0381385	-0.0675841	
0.102895	0.0233454	-0.0256329	-0.0565094	-0.0754545	-0.0783467	-0.0657187	-0.0397781	0.000925141	0.067542	0.161323	0.269711	0.390204	0.508519	0.600888	0.655003	0.669438	0.639368	0.555825	0.425019	0.2748	0.124743	0.0016075	-0.0781839	-0.119947	
0.0850797	-0.0102343	-0.0716221	-0.107399	-0.130215	-0.133547	-0.118643	-0.0873975	-0.0389386	0.0433797	0.155682	0.282143	0.409735	0.525577	0.612409	0.666296	0.67505	0.632757	0.527836	0.376971	0.216876	0.0638045	-0.0620605	-0.143749	-0.192009	
0.0231966	-0.0899893	-0.162854	-0.206708	-0.226556	-0.228705	-0.217302	-0.183095	-0.123591	-0.0265794	0.103599	0.237189	0.365777	0.47898	0.564118	0.625968	0.639231	0.588181	0.467779	0.298013	0.123456	-0.0301989	-0.149452	-0.226873	-0.276679	
-0.0925502	-0.220698	-0.311593	-0.362578	-0.382893	-0.38418	-0.374045	-0.336497	-0.261944	-0.147841	-0.00580833	0.138339	0.273384	0.391468	0.485281	0.551582	0.563298	0.507522	0.381142	0.206903	0.0284656	-0.129543	-0.248382	-0.321009	-0.369155	
-0.266596	-0.409369	-0.519576	-0.587077	-0.616297	-0.619371	-0.603107	-0.551443	-0.458373	-0.326707	-0.172344	-0.0108015	0.144032	0.278204	0.381173	0.448349	0.454255	0.396493	0.278855	0.121527	-0.0511107	-0.211474	-0.335688	-0.412158	-0.452312	
-0.499768	-0.654691	-0.775843	-0.858699	-0.898575	-0.903504	-0.880244	-0.813769	-0.707298	-0.565335	-0.393958	-0.204301	-0.0158856	0.142767	0.256662	0.32342	0.330461	0.280238	0.181996	0.0497935	-0.109056	-0.269956	-0.400535	-0.484121	-0.515558	
-0.760301	-0.930702	-1.05917	-1.14526	-1.18893	-1.19587	-1.1678	-1.0993	-0.986534	-0.833531	-0.639877	-0.413405	-0.18758	-0.00562448	0.122951	0.192888	0.210413	0.177436	0.101629	-0.00847662	-0.147017	-0.297612	-0.424715	-0.509365	-0.532811	
-1.00153	-1.19811	-1.33904	-1.42496	-1.46519	-1.47087	-1.44625	-1.37926	-1.26142	-1.08638	-0.861102	-0.603443	-0.353882	-0.1547	-0.0160654	0.06613	0.101296	0.0907811	0.0371221	-0.049128	-0.166132	-0.296054	-0.407944	-0.48451	-0.500246	
-1.19811	-1.42332	-1.57645	-1.6599	-1.69277	-1.6971	-1.67755	-1.61725	-1.49367	-1.29567	-1.04062	-0.763604	-0.501091	-0.289139	-0.135454	-0.0366593	0.0152921	0.021793	-0.0123882	-0.0788298	-0.169479	-0.272442	-0.363236	-0.422395	-0.421396	
-1.33904	-1.57645	-1.73532	-1.81734	-1.84901	-1.85306	-1.83413	-1.77606	-1.64996	-1.44225	-1.17344	-0.887271	-0.617057	-0.387905	-0.21484	-0.102729	-0.0386336	-0.0196363	-0.0416285	-0.0910152	-0.156163	-0.23585	-0.30501	-0.33948	-0.318202	
-1.42496	-1.6599	-1.81734	-1.90573	-1.94879	-1.95537	-1.92776	-1.85919	-1.73289	-1.52671	-1.25956	-0.97292	-0.691878	-0.444401	-0.261978	-0.140217	-0.0724631	-0.0438651	-0.051473	-0.0878023	-0.139026	-0.198394	-0.250654	-0.264409	-0.22416	
-1.46519	-1.69277	-1.84901	-1.94879	-2.00761	-2.01746	-1.97807	-1.8945	-1.76372	-1.56383	-1.3024	-1.01504	-0.726312	-0.467346	-0.281078	-0.162294	-0.0939691	-0.0561607	-0.0546078	-0.0821401	-0.124072	-0.174974	-0.216059	-0.214693	-0.164811	
-1.47087	-1.6971	-1.85306	-1.95537	-2.01746	-2.02861	-1.98566	-1.89949	-1.76723	-1.56922	-1.30898	-1.02154	-0.730181	-0.469368	-0.28225	-0.165227	-0.096903	-0.058782	-0.0540363	-0.0812726	-0.120892	-0.17003	-0.208735	-0.204887	-0.151736	
-1.44625	-1.67755	-1.83413	-1.92776	-1.97807	-1.98566	-1.95345	-1.87746	-1.74959	-1.54647	-1.28181	-0.995227	-0.710874	-0.456901	-0.272824	-0.15138	-0.0830608	-0.0501282	-0.0535348	-0.0849298	-0.132464	-0.187451	-0.234404	-0.240803	-0.196155	
-1.37926	-1.61725	-1.77606	-1.85919	-1.8945	-1.89949	-1.87746	-1.81691	-1.69103	-1.48254	-1.21373	-0.926742	-0.651589	-0.415303	-0.237038	-0.119577	-0.0542035	-0.0308076	-0.0469712	-0.0909607	-0.149255	-0.219848	-0.281509	-0.306896	-0.277308	
-1.26142	-1.49367	-1.64996	-1.73289	-1.76372	-1.76723	-1.74959	-1.69103	-1.56556	-1.36263	-1.09889	-0.816968	-0.552245	-0.333465	-0.171829	-0.0679772	-0.00915506	0.00233184	-0.0269434	-0.08572	-0.165296	-0.258868	-0.340542	-0.389996	-0.381415	
-1.08638	-1.29567	-1.44225	-1.52671	-1.56383	-1.56922	-1.54647	-1.48254	-1.36263	-1.17665	-0.93829	-0.671636	-0.415527	-0.21207	-0.068649	0.0212258	0.0632124	0.0601407	0.0158068	-0.0626809	-0.170163	-0.288697	-0.392939	-0.463831	-0.473081	
-0.861102	-1.04062	-1.17344	-1.25956	-1.3024	-1.30898	-1.28181	-1.21373	-1.09889	-0.93829	-0.732814	-0.49197	-0.255654	-0.0657908	0.0676896	0.140766	0.164931	0.141624	0.0733001	-0.0262705	-0.156281	-0.300287	-0.422109	-0.504235	-0.526235	
-0.603443	-0.763604	-0.887271	-0.97292	-1.01504	-1.02154	-0.995227	-0.926742	-0.816968	-0.671636	-0.49197	-0.288634	-0.083993	0.0844206	0.204129	0.271167	0.281576	0.236083	0.148523	0.0245259	-0.126491	-0.284574	-0.415595	-0.501282	-0.528384	
-0.353882	-0.501091	-0.617057	-0.691878	-0.726312	-0.730181	-0.710874	-0.651589	-0.552245	-0.415527	-0.255654	-0.083993	0.0825916	0.226438	0.333228	0.400058	0.404863	0.349627	0.238159	0.0915079	-0.0769705	-0.238139	-0.365627	-0.445062	-0.482034	
-0.1547	-0.289139	-0.387905	-0.444401	-0.467346	-0.469368	-0.456901	-0.415303	-0.333465	-0.21207	-0.0657908	0.0844206	0.226438	0.349165	0.447242	0.513989	0.522946	0.465785	0.341106	0.170826	-0.00542671	-0.165158	-0.284894	-0.358356	-0.403732	
-0.0160654	-0.135454	-0.21484	-0.261978	-0.281078	-0.28225	-0.272824	-0.237038	-0.171829	-0.068649	0.0676896	0.204129	0.333228	0.447242	0.534314	0.598958	0.613611	0.560358	0.436242	0.261896	0.0841306	-0.0711772	-0.189423	-0.264274	-0.313738	
0.06613	-0.0366593	-0.102729	-0.140217	-0.162294	-0.165227	-0.15138	-0.119577	-0.0679772	0.0212258	0.140766	0.271167	0.400058	0.513989	0.598958	0.656526	0.665685	0.619485	0.507171	0.34767	0.181812	0.028987	-0.094035	-0.174634	-0.223933	
0.101296	0.0152921	-0.0386336	-0.0724631	-0.0939691	-0.096903	-0.0830608	-0.0542035	-0.00915506	0.0632124	0.164931	0.281576	0.404863	0.522946	0.613611	0.665685	0.676946	0.642024	0.549438	0.41151	0.258397	0.105418	-0.0206302	-0.102015	-0.147286	
0.0907811	0.021793	-0.0196363	-0.0438651	-0.0561607	-0.058782	-0.0501282	-0.0308076	0.00233184	0.0601407	0.141624	0.236083	0.349627	0.465785	0.560358	0.619485	0.642024	0.620855	0.548111	0.426119	0.280749	0.136817	0.0230971	-0.0508024	-0.0857325	
0.0371221	-0.0123882	-0.0416285	-0.051473	-0.0546078	-0.0540363	-0.0535348	-0.0469712	-0.0269434	0.0158068	0.0733001	0.148523	0.238159	0.341106	0.436242	0.507171	0.549438	0.548111	0.483072	0.374598	0.241743	0.118617	0.0270755	-0.0292706	-0.0470606	
-0.049128	-0.0788298	-0.0910152	-0.0878023	-0.0821401	-0.0812726	-0.0849298	-0.0909607	-0.08572	-0.0626809	-0.0262705	0.0245259	0.0915079	0.170826	0.261896	0.34767	0.41151	0.426119	0.374598	0.279613	0.16875	0.0670027	-0.00479383	-0.041706	-0.0348506	
-0.166132	-0.169479	-0.156163	-0.139026	-0.124072	-0.120892	-0.132464	-0.149255	-0.165296	-0.170163	-0.156281	-0.126491	-0.0769705	-0.00542671	0.0841306	0.181812	0.258397	0.280749	0.241743	0.16875	0.0795034	-8.81838e-05	-0.0534347	-0.068607	-0.0344494	
-0.296054	-0.272442	-0.23585	-0.198394	-0.174974	-0.17003	-0.187451	-0.219848	-0.258868	-0.288697	-0.300287	-0.284574	-0.238139	-0.165158	-0.0711772	0.028987	0.105418	0.136817	0.118617	0.0670027	-8.81838e-05	-0.0636452	-0.0994471	-0.0918267	-0.0349134	
-0.407944	-0.363236	-0.30501	-0.250654	-0.216059	-0.208735	-0.234404	-0.281509	-0.340542	-0.392939	-0.422109	-0.415595	-0.365627	-0.284894	-0.189423	-0.094035	-0.0206302	0.0230971	0.0270755	-0.00479383	-0.0534347	-0.0994471	-0.114954	-0.0846141	-0.0134497	
-0.48451	-0.422395	-0.33948	-0.264409	-0.214693	-0.204887	-0.240803	-0.306896	-0.389996	-0.463831	-0.504235	-0.501282	-0.445062	-0.358356	-0.264274	-0.174634	-0.102015	-0.0508024	-0.0292706	-0.041706	-0.068607	-0.0918267	-0.0846141	-0.0364222	0.0479838	
-0.500246	-0.421396	-0.318202	-0.22416	-0.164811	-0.151736	-0.196155	-0.277308	-0.381415	-0.473081	-0.526235	-0.528384	-0.482034	-0.403732	-0.313738	-0.223933	-0.147286	-0.0857325	-0.0470606	-0.0348506	-0.0344494	-0.0349134	-0.0134497	0.0479838	0.151149	
