-0.205565	-0.200996	-0.197977	-0.196159	-0.195306	-0.195115	-0.195801	-0.197135	-0.199705	-0.203476	-0.209354	-0.217758	-0.229755	-0.246459	-0.268951	-0.298479	-0.336244	-0.382121	-0.436517	-0.497735	-0.562564	-0.627562	-0.685954	-0.729591	-0.752225	
-0.193687	-0.193688	-0.193795	-0.194118	-0.194249	-0.194334	-0.194284	-0.194107	-0.193953	-0.193941	-0.19425	-0.195532	-0.198102	-0.203129	-0.211928	-0.225563	-0.246585	-0.276299	-0.315727	-0.366765	-0.42768	-0.496845	-0.571457	-0.643872	-0.704625	
-0.20386	-0.204545	-0.205095	-0.205419	-0.205402	-0.205604	-0.20526	-0.205352	-0.204626	-0.204339	-0.203091	-0.202029	-0.200564	-0.199179	-0.198879	-0.200631	-0.205637	-0.217878	-0.238035	-0.26971	-0.31505	-0.372881	-0.442753	-0.522008	-0.602881	
-0.207967	-0.205888	-0.204396	-0.202855	-0.202191	-0.202032	-0.20239	-0.203648	-0.204976	-0.206924	-0.208784	-0.210223	-0.211322	-0.211366	-0.209827	-0.208296	-0.205226	-0.203725	-0.206805	-0.216333	-0.238339	-0.275892	-0.329928	-0.400304	-0.483442	
-0.183713	-0.179431	-0.175792	-0.173312	-0.172254	-0.171657	-0.173073	-0.174417	-0.178249	-0.181541	-0.187389	-0.192689	-0.199112	-0.205586	-0.210895	-0.214807	-0.217692	-0.215924	-0.213575	-0.210689	-0.211555	-0.221849	-0.248812	-0.295926	-0.365936	
-0.15162	-0.148571	-0.145682	-0.144771	-0.143588	-0.143581	-0.144355	-0.145035	-0.147753	-0.150106	-0.15459	-0.159988	-0.166833	-0.174902	-0.185431	-0.194283	-0.205427	-0.214102	-0.219421	-0.220832	-0.219474	-0.21686	-0.218845	-0.235535	-0.273264	
-0.139266	-0.138025	-0.137936	-0.137633	-0.13729	-0.137732	-0.137139	-0.138135	-0.137411	-0.139279	-0.139105	-0.141908	-0.144661	-0.14886	-0.156005	-0.165253	-0.175185	-0.189279	-0.202615	-0.214359	-0.220311	-0.224378	-0.220926	-0.22113	-0.230269	
-0.141663	-0.141253	-0.142366	-0.14074	-0.142126	-0.141205	-0.141384	-0.142126	-0.140922	-0.142406	-0.141101	-0.141674	-0.141109	-0.142207	-0.141657	-0.146922	-0.150869	-0.160501	-0.172502	-0.191022	-0.205698	-0.219324	-0.226341	-0.223063	-0.222299	
-0.142185	-0.14088	-0.139125	-0.138303	-0.137892	-0.137427	-0.138197	-0.138522	-0.140411	-0.140904	-0.143824	-0.144434	-0.146029	-0.147461	-0.14659	-0.146214	-0.146407	-0.147004	-0.150442	-0.158654	-0.176745	-0.19416	-0.218486	-0.22745	-0.228413	
-0.126652	-0.124587	-0.120707	-0.122311	-0.118633	-0.120929	-0.120213	-0.121023	-0.124208	-0.124203	-0.129531	-0.1314	-0.13693	-0.140326	-0.146934	-0.148278	-0.15317	-0.151565	-0.153987	-0.150146	-0.154795	-0.162599	-0.18372	-0.212565	-0.227255	
-0.113566	-0.113482	-0.112653	-0.112743	-0.112172	-0.112506	-0.112546	-0.11255	-0.113233	-0.114042	-0.114688	-0.117152	-0.119526	-0.12269	-0.128953	-0.133968	-0.142466	-0.148665	-0.153396	-0.158485	-0.157295	-0.157067	-0.157244	-0.179631	-0.206733	
-0.117025	-0.116506	-0.117877	-0.115421	-0.117846	-0.115642	-0.116828	-0.116924	-0.115721	-0.117967	-0.115597	-0.117918	-0.116554	-0.118245	-0.118616	-0.122054	-0.124514	-0.134787	-0.139808	-0.149705	-0.1581	-0.161969	-0.156194	-0.157959	-0.179508	
-0.116059	-0.113908	-0.113237	-0.111942	-0.112076	-0.11155	-0.112287	-0.11293	-0.113821	-0.115479	-0.116456	-0.118268	-0.119526	-0.120168	-0.121361	-0.122075	-0.120456	-0.123494	-0.128199	-0.132896	-0.145222	-0.161165	-0.162789	-0.155198	-0.157421	
-0.106039	-0.10329	-0.103387	-0.101578	-0.102139	-0.101325	-0.101874	-0.102675	-0.102849	-0.10542	-0.106619	-0.108895	-0.113423	-0.114988	-0.118831	-0.124334	-0.123752	-0.125792	-0.127647	-0.125426	-0.124181	-0.142212	-0.162478	-0.162775	-0.156266	
-0.102584	-0.0990586	-0.10149	-0.0998171	-0.0998884	-0.101132	-0.0986284	-0.101724	-0.0991208	-0.10045	-0.101743	-0.100016	-0.103323	-0.106164	-0.105066	-0.114102	-0.118028	-0.11984	-0.130613	-0.13618	-0.127093	-0.122474	-0.142771	-0.159458	-0.158933	
-0.102564	-0.103802	-0.10216	-0.102956	-0.101254	-0.103033	-0.10205	-0.102316	-0.104986	-0.1018	-0.106394	-0.104743	-0.103426	-0.108266	-0.104305	-0.104546	-0.112644	-0.109226	-0.111784	-0.129746	-0.136991	-0.127278	-0.129949	-0.148102	-0.159157	
-0.0947552	-0.0998642	-0.0939807	-0.0954942	-0.0952091	-0.092739	-0.0969567	-0.092292	-0.0985577	-0.0958855	-0.0986872	-0.103469	-0.100624	-0.107085	-0.109667	-0.105155	-0.111846	-0.11539	-0.106901	-0.111325	-0.130151	-0.128951	-0.127122	-0.13599	-0.153992	
-0.0904491	-0.0954682	-0.0886253	-0.09335	-0.0917632	-0.0895993	-0.0949594	-0.0883995	-0.0946989	-0.0915355	-0.0922997	-0.0950651	-0.0963135	-0.0939768	-0.106942	-0.101276	-0.106613	-0.115147	-0.116418	-0.105926	-0.119211	-0.127316	-0.125648	-0.130857	-0.144263	
-0.0981676	-0.0933205	-0.0945428	-0.0947385	-0.0934237	-0.0943584	-0.0935281	-0.095496	-0.0926874	-0.0974479	-0.0943763	-0.0943569	-0.100554	-0.0907898	-0.0991034	-0.100192	-0.0970427	-0.104179	-0.116244	-0.113037	-0.114346	-0.122449	-0.121613	-0.125303	-0.138459	
-0.0957413	-0.08684	-0.0921596	-0.0882204	-0.0874803	-0.0912083	-0.0849899	-0.0932389	-0.0866756	-0.0927719	-0.0930645	-0.0924121	-0.0981073	-0.0987403	-0.0975383	-0.103241	-0.101317	-0.0987639	-0.10344	-0.10691	-0.112652	-0.124091	-0.121739	-0.121413	-0.129072	
-0.0879537	-0.0858253	-0.0880168	-0.0859594	-0.0867121	-0.0872698	-0.085737	-0.0880065	-0.0861337	-0.0880726	-0.0875027	-0.0888671	-0.0895702	-0.091866	-0.0936657	-0.0988274	-0.0999301	-0.105541	-0.10901	-0.105552	-0.102556	-0.117079	-0.122052	-0.120157	-0.12495	
-0.0914489	-0.0876443	-0.0902889	-0.0877579	-0.0881219	-0.0892284	-0.086616	-0.0906411	-0.0872374	-0.0905835	-0.0903403	-0.0897129	-0.0923441	-0.0922513	-0.0898134	-0.0960628	-0.0940691	-0.0941147	-0.104637	-0.110379	-0.104454	-0.11338	-0.119438	-0.120053	-0.119376	
-0.0871362	-0.0841768	-0.0862243	-0.0838262	-0.0837293	-0.0855039	-0.0824352	-0.0865109	-0.08416	-0.0864363	-0.0878225	-0.0885361	-0.0893024	-0.0952374	-0.0902372	-0.0976432	-0.0976269	-0.0962965	-0.0972231	-0.107218	-0.102146	-0.109815	-0.117956	-0.118291	-0.11917	
-0.0829834	-0.0840295	-0.0847543	-0.0824051	-0.084407	-0.083184	-0.0835939	-0.0836279	-0.0842936	-0.083627	-0.0846102	-0.0866675	-0.0831051	-0.091644	-0.0871289	-0.092773	-0.0967458	-0.0978505	-0.098415	-0.103797	-0.102018	-0.106745	-0.116797	-0.118767	-0.114867	
-0.0855209	-0.0868297	-0.0853802	-0.0845951	-0.0858816	-0.0835114	-0.0864006	-0.0840279	-0.0868091	-0.0861269	-0.0870662	-0.088657	-0.087671	-0.0899251	-0.0882251	-0.0904004	-0.0915065	-0.0925749	-0.097846	-0.107448	-0.101305	-0.103468	-0.113115	-0.118112	-0.116425	
-0.0812623	-0.0814338	-0.081741	-0.0797143	-0.0809324	-0.0803426	-0.080301	-0.080784	-0.0816542	-0.0809566	-0.0833491	-0.0850312	-0.0829907	-0.0925495	-0.0879045	-0.0926127	-0.0975253	-0.0947299	-0.0902144	-0.10093	-0.102536	-0.103461	-0.112718	-0.117062	-0.115033	
-0.0814338	-0.0860172	-0.0828215	-0.0830023	-0.0850231	-0.0809273	-0.0863314	-0.0808781	-0.086015	-0.0835575	-0.0836708	-0.0870442	-0.0828757	-0.0862973	-0.0865575	-0.0863703	-0.0903627	-0.0952656	-0.0974089	-0.1034	-0.10118	-0.100016	-0.110225	-0.116508	-0.114545	
-0.081741	-0.0828215	-0.0813054	-0.080538	-0.0813756	-0.0798513	-0.0816054	-0.0801711	-0.0826554	-0.0813162	-0.0839888	-0.085001	-0.0846939	-0.090167	-0.088592	-0.0897249	-0.0941777	-0.0915729	-0.0895447	-0.100106	-0.102046	-0.101378	-0.109337	-0.116599	-0.115631	
-0.0797143	-0.0830023	-0.080538	-0.0805999	-0.0819728	-0.0791796	-0.0829296	-0.0792306	-0.0829757	-0.0814969	-0.0816465	-0.0852397	-0.0815938	-0.0865814	-0.0864772	-0.0874927	-0.09175	-0.0952113	-0.09313	-0.100794	-0.102172	-0.0990495	-0.108529	-0.114616	-0.114221	
-0.0809324	-0.0850231	-0.0813756	-0.0819728	-0.0830464	-0.0799736	-0.0842325	-0.0797565	-0.0846325	-0.0815746	-0.083776	-0.0852171	-0.0834879	-0.0869359	-0.0877941	-0.0859039	-0.0912949	-0.0929518	-0.0927554	-0.0991772	-0.100998	-0.0997366	-0.107968	-0.116386	-0.115182	
-0.0803426	-0.0809273	-0.0798513	-0.0791796	-0.0799736	-0.0786128	-0.0802848	-0.0791073	-0.0809279	-0.0809149	-0.0817828	-0.0844636	-0.083199	-0.0884927	-0.0874404	-0.0899854	-0.0931651	-0.0925675	-0.08921	-0.100038	-0.103121	-0.0996972	-0.108025	-0.114405	-0.114737	
-0.080301	-0.0863314	-0.0816054	-0.0829296	-0.0842325	-0.0802848	-0.0859681	-0.0797314	-0.0858585	-0.0820332	-0.0832439	-0.0857963	-0.082019	-0.0852816	-0.0867722	-0.084235	-0.0897938	-0.0951939	-0.0957411	-0.100019	-0.100729	-0.0986686	-0.108193	-0.11598	-0.114346	
-0.080784	-0.0808781	-0.0801711	-0.0792306	-0.0797565	-0.0791073	-0.0797314	-0.0795514	-0.0809786	-0.0805785	-0.0828666	-0.0843158	-0.0839509	-0.0903201	-0.0881084	-0.0912327	-0.0950649	-0.0921215	-0.0880994	-0.0996301	-0.102736	-0.10113	-0.109341	-0.115735	-0.115558	
-0.0816542	-0.086015	-0.0826554	-0.0829757	-0.0846325	-0.0809279	-0.0858585	-0.0809786	-0.0855045	-0.0836105	-0.0834665	-0.086899	-0.0831378	-0.0865746	-0.0865402	-0.0863912	-0.0897685	-0.0945167	-0.0964443	-0.103087	-0.102096	-0.0993782	-0.109627	-0.116047	-0.113602	
-0.0809566	-0.0835575	-0.0813162	-0.0814969	-0.0815746	-0.0809149	-0.0820332	-0.0805785	-0.0836105	-0.0810416	-0.0843265	-0.0853445	-0.0832943	-0.0907449	-0.0881768	-0.0906283	-0.0956888	-0.0949771	-0.0918409	-0.100884	-0.100768	-0.102386	-0.112275	-0.117445	-0.116399	
-0.0833491	-0.0836708	-0.0839888	-0.0816465	-0.083776	-0.0817828	-0.0832439	-0.0828666	-0.0834665	-0.0843265	-0.0845195	-0.0868705	-0.085343	-0.0909451	-0.0869897	-0.0917456	-0.0939294	-0.0935545	-0.0945031	-0.105065	-0.103574	-0.103512	-0.112817	-0.116882	-0.11408	
-0.0850312	-0.0870442	-0.085001	-0.0852397	-0.0852171	-0.0844636	-0.0857963	-0.0843158	-0.086899	-0.0853445	-0.0868705	-0.0884202	-0.0860865	-0.0904761	-0.0886041	-0.0913193	-0.0928616	-0.0949912	-0.0990523	-0.106268	-0.10041	-0.104533	-0.115164	-0.118993	-0.116802	
-0.0829907	-0.0828757	-0.0846939	-0.0815938	-0.0834879	-0.083199	-0.082019	-0.0839509	-0.0831378	-0.0832943	-0.085343	-0.0860865	-0.0848036	-0.0939583	-0.0880619	-0.0955027	-0.0998117	-0.0991934	-0.0969234	-0.104035	-0.102106	-0.109324	-0.118101	-0.1181	-0.116821	
-0.0925495	-0.0862973	-0.090167	-0.0865814	-0.0869359	-0.0884927	-0.0852816	-0.0903201	-0.0865746	-0.0907449	-0.0909451	-0.0904761	-0.0939583	-0.0939474	-0.0908008	-0.0976082	-0.0937863	-0.091151	-0.101222	-0.110659	-0.104428	-0.112331	-0.117691	-0.119916	-0.119256	
-0.0879045	-0.0865575	-0.088592	-0.0864772	-0.0877941	-0.0874404	-0.0867722	-0.0881084	-0.0865402	-0.0881768	-0.0869897	-0.0886041	-0.0880619	-0.0908008	-0.0910642	-0.0964845	-0.0975927	-0.104008	-0.109682	-0.10661	-0.10286	-0.113736	-0.121243	-0.120282	-0.121733	
-0.0926127	-0.0863703	-0.0897249	-0.0874927	-0.0859039	-0.0899854	-0.084235	-0.0912327	-0.0863912	-0.0906283	-0.0917456	-0.0913193	-0.0955027	-0.0976082	-0.0964845	-0.102733	-0.101436	-0.100743	-0.103065	-0.105582	-0.108134	-0.122432	-0.123202	-0.121066	-0.127787	
-0.0975253	-0.0903627	-0.0941777	-0.09175	-0.0912949	-0.0931651	-0.0897938	-0.0950649	-0.0897685	-0.0956888	-0.0939294	-0.0928616	-0.0998117	-0.0937863	-0.0975927	-0.101436	-0.0984402	-0.101008	-0.11149	-0.111804	-0.114871	-0.123205	-0.120559	-0.122525	-0.13337	
-0.0947299	-0.0952656	-0.0915729	-0.0952113	-0.0929518	-0.0925675	-0.0951939	-0.0921215	-0.0945167	-0.0949771	-0.0935545	-0.0949912	-0.0991934	-0.091151	-0.104008	-0.100743	-0.101008	-0.110366	-0.118413	-0.10912	-0.115613	-0.124621	-0.12393	-0.129338	-0.143104	
-0.0902144	-0.0974089	-0.0895447	-0.09313	-0.0927554	-0.08921	-0.0957411	-0.0880994	-0.0964443	-0.0918409	-0.0945031	-0.0990523	-0.0969234	-0.101222	-0.109682	-0.103065	-0.11149	-0.118413	-0.110913	-0.105617	-0.125933	-0.129206	-0.126984	-0.133611	-0.149025	
-0.10093	-0.1034	-0.100106	-0.100794	-0.0991772	-0.100038	-0.100019	-0.0996301	-0.103087	-0.100884	-0.105065	-0.106268	-0.104035	-0.110659	-0.10661	-0.105582	-0.111804	-0.10912	-0.105617	-0.122954	-0.136764	-0.128426	-0.12817	-0.142483	-0.1583	
-0.102536	-0.10118	-0.102046	-0.102172	-0.100998	-0.103121	-0.100729	-0.102736	-0.102096	-0.100768	-0.103574	-0.10041	-0.102106	-0.104428	-0.10286	-0.108134	-0.114871	-0.115613	-0.125933	-0.136764	-0.131703	-0.12249	-0.135688	-0.155498	-0.158907	
-0.103461	-0.100016	-0.101378	-0.0990495	-0.0997366	-0.0996972	-0.0986686	-0.10113	-0.0993782	-0.102386	-0.103512	-0.104533	-0.109324	-0.112331	-0.113736	-0.122432	-0.123205	-0.124621	-0.129206	-0.128426	-0.12249	-0.131563	-0.156104	-0.163347	-0.157993	
-0.112718	-0.110225	-0.109337	-0.108529	-0.107968	-0.108025	-0.108193	-0.109341	-0.109627	-0.112275	-0.112817	-0.115164	-0.118101	-0.117691	-0.121243	-0.123202	-0.120559	-0.12393	-0.126984	-0.12817	-0.135688	-0.156104	-0.165494	-0.158203	-0.154701	
-0.117062	-0.116508	-0.116599	-0.114616	-0.116386	-0.114405	-0.11598	-0.115735	-0.116047	-0.117445	-0.116882	-0.118993	-0.1181	-0.119916	-0.120282	-0.121066	-0.122525	-0.129338	-0.133611	-0.142483	-0.155498	-0.163347	-0.158203	-0.154201	-0.168509	
-0.115033	-0.114545	-0.115631	-0.114221	-0.115182	-0.114737	-0.114346	-0.115558	-0.113602	-0.116399	-0.11408	-0.116802	-0.116821	-0.119256	-0.121733	-0.127787	-0.13337	-0.143104	-0.149025	-0.1583	-0.158907	-0.157993	-0.154701	-0.168509	-0.196383	
