-0.441246	-0.552466	-0.635604	-0.679657	-0.677087	-0.621595	-0.52018	-0.37585	-0.195111	0.0188204	0.24369	0.444808	0.592256	0.675426	0.68861	0.647318	0.582202	0.504805	0.427482	0.360612	0.30014	0.241061	0.191098	0.14596	0.104069	
-0.552466	-0.668964	-0.752353	-0.7931	-0.784207	-0.728998	-0.632832	-0.491008	-0.307519	-0.0852393	0.142844	0.340341	0.479992	0.557797	0.578785	0.558138	0.522598	0.481276	0.440387	0.409164	0.38712	0.371491	0.36616	0.36264	0.358923	
-0.635604	-0.752353	-0.830564	-0.860912	-0.847035	-0.795249	-0.698193	-0.549223	-0.35269	-0.127753	0.0920103	0.277901	0.405175	0.481432	0.511109	0.503702	0.48416	0.461811	0.442796	0.441651	0.45826	0.482183	0.517616	0.555363	0.587955	
-0.679657	-0.7931	-0.860912	-0.88361	-0.867725	-0.810825	-0.699786	-0.532489	-0.328975	-0.110557	0.0974324	0.271044	0.390493	0.461542	0.487959	0.47969	0.462293	0.451351	0.454308	0.481005	0.52665	0.582415	0.647872	0.710427	0.770656	
-0.677087	-0.784207	-0.847035	-0.867725	-0.84342	-0.769784	-0.636297	-0.45986	-0.256315	-0.0423151	0.159224	0.328206	0.438764	0.49776	0.513463	0.497924	0.479518	0.477495	0.49302	0.532242	0.593571	0.664002	0.743522	0.827141	0.909203	
-0.621595	-0.728998	-0.795249	-0.810825	-0.769784	-0.673644	-0.52928	-0.349642	-0.140315	0.077041	0.279542	0.441967	0.541332	0.586235	0.588849	0.566659	0.545983	0.543828	0.559132	0.597808	0.657228	0.72996	0.814461	0.898913	0.983353	
-0.52018	-0.632832	-0.698193	-0.699786	-0.636297	-0.52928	-0.380579	-0.193224	0.0256518	0.246877	0.443275	0.595345	0.681669	0.710178	0.702231	0.676049	0.64869	0.637995	0.644375	0.669565	0.715882	0.776061	0.843316	0.916579	0.992263	
-0.37585	-0.491008	-0.549223	-0.532489	-0.45986	-0.349642	-0.193224	0.0046539	0.231396	0.449272	0.638101	0.776037	0.843552	0.855269	0.835686	0.79829	0.756553	0.730512	0.718531	0.724628	0.751213	0.790152	0.836224	0.884474	0.932475	
-0.195111	-0.307519	-0.35269	-0.328975	-0.256315	-0.140315	0.0256518	0.231396	0.456618	0.668731	0.842489	0.953471	0.998557	0.992615	0.955071	0.899187	0.837198	0.789357	0.760954	0.749598	0.75163	0.765551	0.782017	0.799421	0.820452	
0.0188204	-0.0852393	-0.127753	-0.110557	-0.0423151	0.077041	0.246877	0.449272	0.668731	0.867114	1.01346	1.09751	1.12623	1.09981	1.03511	0.954877	0.87146	0.805347	0.758303	0.723281	0.70246	0.692556	0.683279	0.679822	0.681742	
0.24369	0.142844	0.0920103	0.0974324	0.159224	0.279542	0.443275	0.638101	0.842489	1.01346	1.13148	1.19354	1.19896	1.13991	1.04663	0.949247	0.854194	0.773713	0.711092	0.657702	0.613128	0.583468	0.560101	0.542626	0.529962	
0.444808	0.340341	0.277901	0.271044	0.328206	0.441967	0.595345	0.776037	0.953471	1.09751	1.19354	1.22779	1.19595	1.10624	0.998295	0.893742	0.789237	0.694636	0.618381	0.553087	0.503632	0.468547	0.433388	0.406348	0.382514	
0.592256	0.479992	0.405175	0.390493	0.438764	0.541332	0.681669	0.843552	0.998557	1.12623	1.19896	1.19595	1.13284	1.03186	0.916593	0.795343	0.678341	0.577459	0.497632	0.436546	0.389014	0.349157	0.314894	0.285032	0.253805	
0.675426	0.557797	0.481432	0.461542	0.49776	0.586235	0.710178	0.855269	0.992615	1.09981	1.13991	1.10624	1.03186	0.927847	0.799558	0.669416	0.55728	0.459319	0.384517	0.328842	0.276551	0.232815	0.201109	0.175874	0.154408	
0.68861	0.578785	0.511109	0.487959	0.513463	0.588849	0.702231	0.835686	0.955071	1.03511	1.04663	0.998295	0.916593	0.799558	0.662112	0.539624	0.438037	0.34972	0.281674	0.224398	0.176824	0.145397	0.121645	0.0996664	0.0808204	
0.647318	0.558138	0.503702	0.47969	0.497924	0.566659	0.676049	0.79829	0.899187	0.954877	0.949247	0.893742	0.795343	0.669416	0.539624	0.42459	0.328278	0.247493	0.184826	0.13808	0.107303	0.0827651	0.0612253	0.0441709	0.0278623	
0.582202	0.522598	0.48416	0.462293	0.479518	0.545983	0.64869	0.756553	0.837198	0.87146	0.854194	0.789237	0.678341	0.55728	0.438037	0.328278	0.241419	0.168823	0.112022	0.0765301	0.0539007	0.0293011	0.0124402	0.00305452	-0.00756262	
0.504805	0.481276	0.461811	0.451351	0.477495	0.543828	0.637995	0.730512	0.789357	0.805347	0.773713	0.694636	0.577459	0.459319	0.34972	0.247493	0.168823	0.109169	0.0652732	0.0384585	0.0137818	-0.00775746	-0.0143929	-0.0196317	-0.0274212	
0.427482	0.440387	0.442796	0.454308	0.49302	0.559132	0.644375	0.718531	0.760954	0.758303	0.711092	0.618381	0.497632	0.384517	0.281674	0.184826	0.112022	0.0652732	0.0290596	0.00467265	-0.0136357	-0.0223312	-0.027057	-0.037785	-0.0394523	
0.360612	0.409164	0.441651	0.481005	0.532242	0.597808	0.669565	0.724628	0.749598	0.723281	0.657702	0.553087	0.436546	0.328842	0.224398	0.13808	0.0765301	0.0384585	0.00467265	-0.0204031	-0.0305145	-0.033833	-0.0393589	-0.0481162	-0.0451945	
0.30014	0.38712	0.45826	0.52665	0.593571	0.657228	0.715882	0.751213	0.75163	0.70246	0.613128	0.503632	0.389014	0.276551	0.176824	0.107303	0.0539007	0.0137818	-0.0136357	-0.0305145	-0.0340441	-0.0428987	-0.0535111	-0.050052	-0.0472187	
0.241061	0.371491	0.482183	0.582415	0.664002	0.72996	0.776061	0.790152	0.765551	0.692556	0.583468	0.468547	0.349157	0.232815	0.145397	0.0827651	0.0293011	-0.00775746	-0.0223312	-0.033833	-0.0428987	-0.0478686	-0.0522008	-0.0494628	-0.0543011	
0.191098	0.36616	0.517616	0.647872	0.743522	0.814461	0.843316	0.836224	0.782017	0.683279	0.560101	0.433388	0.314894	0.201109	0.121645	0.0612253	0.0124402	-0.0143929	-0.027057	-0.0393589	-0.0535111	-0.0522008	-0.0487896	-0.052035	-0.0550902	
0.14596	0.36264	0.555363	0.710427	0.827141	0.898913	0.916579	0.884474	0.799421	0.679822	0.542626	0.406348	0.285032	0.175874	0.0996664	0.0441709	0.00305452	-0.0196317	-0.037785	-0.0481162	-0.050052	-0.0494628	-0.052035	-0.0568317	-0.0550962	
0.104069	0.358923	0.587955	0.770656	0.909203	0.983353	0.992263	0.932475	0.820452	0.681742	0.529962	0.382514	0.253805	0.154408	0.0808204	0.0278623	-0.00756262	-0.0274212	-0.0394523	-0.0451945	-0.0472187	-0.0543011	-0.0550902	-0.0550962	-0.057596	
0.0732784	0.356674	0.616368	0.827685	0.982375	1.06148	1.05501	0.973772	0.836953	0.681049	0.516867	0.359074	0.233112	0.142388	0.0665204	0.014629	-0.0107845	-0.0314391	-0.0441004	-0.0484451	-0.0526882	-0.0561664	-0.0542364	-0.0498878	-0.0513379	
0.0459984	0.349834	0.636738	0.875548	1.04693	1.12779	1.11102	1.01068	0.855417	0.681405	0.505661	0.343478	0.216631	0.128366	0.0518882	0.00573598	-0.0137485	-0.0363094	-0.0477552	-0.0518162	-0.0531494	-0.0505257	-0.0538246	-0.0550324	-0.0527282	
0.0238521	0.343638	0.651528	0.91695	1.1024	1.18176	1.15961	1.04098	0.873472	0.680717	0.493954	0.331781	0.199638	0.11099	0.0427023	0.00113575	-0.0206485	-0.039649	-0.0449128	-0.0458523	-0.0514735	-0.0553111	-0.0558116	-0.0579597	-0.0565455	
0.0110425	0.336615	0.6602	0.944525	1.13753	1.21671	1.18617	1.06101	0.882645	0.679387	0.48581	0.325732	0.196763	0.102279	0.0411569	-0.00176396	-0.0262729	-0.0392714	-0.0506582	-0.0527613	-0.054086	-0.0556416	-0.0515402	-0.0501364	-0.0520967	
0.00470424	0.329315	0.667056	0.961026	1.15916	1.24063	1.20194	1.07762	0.889161	0.678142	0.482472	0.319407	0.192314	0.0925377	0.0366416	-0.000966195	-0.0317072	-0.0393392	-0.0456397	-0.0538407	-0.0533413	-0.0524592	-0.0548404	-0.054827	-0.0548323	
0.0040185	0.327882	0.669013	0.964472	1.16355	1.24566	1.20535	1.08113	0.890741	0.677236	0.482212	0.317642	0.189943	0.0899865	0.0347451	0.000546397	-0.0328184	-0.0408276	-0.0425334	-0.0521252	-0.0524761	-0.051927	-0.0573185	-0.0577764	-0.0558909	
0.00784483	0.332823	0.663107	0.952027	1.14749	1.22716	1.19332	1.06836	0.885182	0.679148	0.48419	0.323669	0.196066	0.0986206	0.0395611	-0.00174591	-0.0281705	-0.0396597	-0.0508721	-0.0548052	-0.0544086	-0.0537511	-0.0511647	-0.0502874	-0.0523514	
0.0178675	0.341025	0.655926	0.930097	1.11919	1.19791	1.17278	1.05028	0.877495	0.680503	0.489556	0.328168	0.197292	0.106363	0.0422349	-0.000963465	-0.0232776	-0.0384807	-0.0464443	-0.0468497	-0.052785	-0.0572362	-0.0543005	-0.0553759	-0.055036	
0.0361065	0.347225	0.643089	0.893482	1.07051	1.15138	1.13226	1.0236	0.863635	0.680895	0.501502	0.338276	0.208803	0.121457	0.0471046	0.00378745	-0.01664	-0.0385714	-0.0464944	-0.0493717	-0.0521132	-0.0511604	-0.0550066	-0.0579629	-0.0538219	
0.0616596	0.354289	0.625243	0.847549	1.00897	1.08932	1.07789	0.988858	0.844121	0.681094	0.512262	0.352513	0.227127	0.137021	0.0602053	0.0112156	-0.0112912	-0.0336778	-0.0470285	-0.0512352	-0.0533155	-0.0531945	-0.0532275	-0.0510466	-0.0516707	
0.0908771	0.358686	0.600854	0.79441	0.940353	1.01625	1.01902	0.949751	0.827046	0.681879	0.523654	0.371927	0.24429	0.148689	0.074903	0.0219319	-0.00970373	-0.02874	-0.0394985	-0.0448628	-0.0497665	-0.0573814	-0.0554006	-0.0518064	-0.0554019	
0.127987	0.360558	0.568715	0.73427	0.860057	0.932813	0.947507	0.90367	0.808208	0.680825	0.537849	0.397219	0.271878	0.167598	0.0913383	0.0366852	-0.00106437	-0.0234197	-0.0398937	-0.0481441	-0.0474727	-0.0496837	-0.0538802	-0.0570933	-0.0561262	
0.172826	0.365114	0.533277	0.673898	0.776873	0.848585	0.871948	0.855592	0.788098	0.680516	0.552614	0.421517	0.302481	0.189987	0.113046	0.0547449	0.00840181	-0.0159294	-0.0318207	-0.0435914	-0.0526054	-0.0513258	-0.0497227	-0.0544971	-0.0556742	
0.220151	0.368658	0.495358	0.608548	0.695274	0.763048	0.802065	0.808537	0.772099	0.688003	0.573395	0.454088	0.3348	0.218499	0.135541	0.0738077	0.0205521	-0.0110649	-0.0225062	-0.0355144	-0.0491815	-0.0509205	-0.0497146	-0.049132	-0.0550851	
0.275914	0.379367	0.466106	0.547336	0.620772	0.684283	0.738432	0.76544	0.756944	0.698118	0.599655	0.489675	0.372679	0.258123	0.162322	0.0964698	0.0445448	0.00327879	-0.01931	-0.0321293	-0.0358678	-0.0440719	-0.0548789	-0.0503269	-0.049831	
0.3366	0.400204	0.447253	0.498124	0.555481	0.620294	0.685791	0.733031	0.748489	0.712998	0.638094	0.530108	0.415958	0.307166	0.204036	0.125151	0.0668204	0.0288498	-0.00312054	-0.0255672	-0.0324552	-0.0387412	-0.0463418	-0.0496345	-0.0457005	
0.399062	0.426642	0.439641	0.461855	0.505404	0.571626	0.652234	0.718336	0.754594	0.742893	0.689363	0.591028	0.471219	0.361025	0.257591	0.163864	0.0951743	0.0535853	0.0185332	-0.00762234	-0.0226519	-0.026459	-0.030744	-0.0426973	-0.0426366	
0.472986	0.464131	0.453198	0.45005	0.481356	0.547009	0.638805	0.723989	0.775378	0.784999	0.746377	0.663059	0.543168	0.426414	0.320605	0.21972	0.144575	0.0889853	0.0486253	0.0250859	0.00189922	-0.0147459	-0.0208449	-0.0278559	-0.0324944	
0.552417	0.506658	0.475815	0.457496	0.476842	0.543365	0.642195	0.744349	0.815822	0.842021	0.819579	0.748483	0.635049	0.516302	0.400684	0.294184	0.210788	0.143192	0.0923887	0.0599882	0.0353393	0.010939	-0.00102472	-0.00736449	-0.0170039	
0.623049	0.544509	0.496069	0.472265	0.48912	0.556507	0.663924	0.780464	0.874159	0.920947	0.910994	0.85208	0.747404	0.62275	0.496967	0.384057	0.290704	0.212699	0.151436	0.109746	0.0853667	0.0607572	0.0401737	0.0260865	0.0106706	
0.677134	0.574016	0.511762	0.487438	0.509961	0.581868	0.69309	0.822718	0.933615	1.00423	1.00733	0.955817	0.868656	0.745379	0.610511	0.491617	0.392435	0.307698	0.24061	0.187308	0.146063	0.117835	0.0961249	0.0755056	0.0581597	
0.688719	0.572623	0.498672	0.47752	0.508574	0.59181	0.710416	0.850425	0.980798	1.07681	1.10452	1.06326	0.98671	0.878675	0.744775	0.615878	0.509144	0.415437	0.343285	0.286569	0.233071	0.193657	0.165801	0.140741	0.121741	
0.633507	0.518236	0.44116	0.424208	0.467818	0.564478	0.69873	0.853229	1.00129	1.12195	1.18194	1.16541	1.09574	0.994102	0.874425	0.747241	0.62922	0.528144	0.450475	0.392426	0.343556	0.301362	0.267155	0.23932	0.211228	
0.511362	0.403649	0.336107	0.325738	0.38001	0.489947	0.637843	0.81154	0.978965	1.11547	1.20331	1.22223	1.17623	1.07971	0.968711	0.859802	0.749177	0.650317	0.5717	0.506297	0.458089	0.42147	0.384933	0.355589	0.328151	
0.329017	0.227439	0.171703	0.172268	0.232213	0.350941	0.510883	0.70039	0.895052	1.05433	1.16301	1.21553	1.20682	1.13372	1.03256	0.932227	0.834273	0.748068	0.678698	0.619278	0.570658	0.537255	0.509602	0.487249	0.468651	
