-0.22525	-0.163204	-0.115828	-0.079719	-0.0455851	0.00340858	0.071653	0.159066	0.239321	0.285981	0.303672	0.318244	0.346216	0.387661	0.436306	0.479557	0.511365	0.540175	0.556356	0.546765	0.49407	0.408757	0.297384	0.168681	0.0373815	
-0.163204	-0.124419	-0.100997	-0.0836567	-0.0732863	-0.0485841	-0.00512343	0.0509101	0.104865	0.138583	0.15544	0.171898	0.209767	0.266645	0.334961	0.403688	0.46573	0.52639	0.580271	0.603061	0.572796	0.501504	0.392103	0.254691	0.0983739	
-0.115828	-0.100997	-0.107931	-0.12046	-0.129519	-0.124273	-0.110028	-0.0927614	-0.0693967	-0.043313	-0.0201117	0.0028023	0.0474492	0.118149	0.208328	0.308458	0.409036	0.504748	0.586779	0.629824	0.619669	0.564837	0.46338	0.32062	0.148131	
-0.079719	-0.0836567	-0.12046	-0.159369	-0.188192	-0.213554	-0.237203	-0.255134	-0.253444	-0.229392	-0.200712	-0.167553	-0.111277	-0.0264458	0.0855563	0.218567	0.349817	0.468206	0.57132	0.631459	0.635255	0.587045	0.489974	0.340763	0.158172	
-0.0455851	-0.0732863	-0.129519	-0.188192	-0.244777	-0.307959	-0.364529	-0.405521	-0.422105	-0.403409	-0.366373	-0.315467	-0.245696	-0.151484	-0.0290808	0.118306	0.26976	0.40928	0.520339	0.579784	0.590711	0.549855	0.455175	0.311442	0.134454	
0.00340858	-0.0485841	-0.124273	-0.213554	-0.307959	-0.403234	-0.479283	-0.53569	-0.564316	-0.54984	-0.505428	-0.438938	-0.359436	-0.265803	-0.141627	0.0121998	0.170197	0.310585	0.411461	0.464971	0.479373	0.447931	0.367478	0.239105	0.0748867	
0.071653	-0.00512343	-0.110028	-0.237203	-0.364529	-0.479283	-0.570394	-0.641556	-0.676325	-0.660697	-0.611787	-0.538305	-0.451763	-0.356222	-0.235458	-0.0913935	0.0544987	0.181318	0.268264	0.314024	0.331713	0.309068	0.238358	0.124156	-0.01848	
0.159066	0.0509101	-0.0927614	-0.255134	-0.405521	-0.53569	-0.641556	-0.721793	-0.750073	-0.736883	-0.691145	-0.615213	-0.519772	-0.421826	-0.307794	-0.179537	-0.0604776	0.0469699	0.117397	0.155803	0.16937	0.147634	0.0840496	-0.0116686	-0.119852	
0.239321	0.104865	-0.0693967	-0.253444	-0.422105	-0.564316	-0.676325	-0.750073	-0.774327	-0.769324	-0.732837	-0.66308	-0.568269	-0.471992	-0.363839	-0.253781	-0.152853	-0.0678561	-0.0134275	0.0137723	0.0200043	-0.00169787	-0.0591504	-0.131333	-0.211831	
0.285981	0.138583	-0.043313	-0.229392	-0.403409	-0.54984	-0.660697	-0.736883	-0.769324	-0.770021	-0.733596	-0.671072	-0.587771	-0.499707	-0.40589	-0.307219	-0.220077	-0.147254	-0.0990827	-0.0760035	-0.0759677	-0.102813	-0.153564	-0.212355	-0.264349	
0.303672	0.15544	-0.0201117	-0.200712	-0.366373	-0.505428	-0.611787	-0.691145	-0.732837	-0.733596	-0.701417	-0.649523	-0.579276	-0.498369	-0.412976	-0.325833	-0.251089	-0.187626	-0.135641	-0.106499	-0.104792	-0.131371	-0.177091	-0.22191	-0.246506	
0.318244	0.171898	0.0028023	-0.167553	-0.315467	-0.438938	-0.538305	-0.615213	-0.66308	-0.671072	-0.649523	-0.609711	-0.545012	-0.464792	-0.384846	-0.303297	-0.227677	-0.164167	-0.11358	-0.0813615	-0.0730163	-0.0884592	-0.117423	-0.139899	-0.14247	
0.346216	0.209767	0.0474492	-0.111277	-0.245696	-0.359436	-0.451763	-0.519772	-0.568269	-0.587771	-0.579276	-0.545012	-0.48424	-0.405755	-0.320834	-0.231257	-0.148791	-0.0783248	-0.0257763	0.00361525	0.0133149	0.0135927	0.0119845	0.0142636	0.034313	
0.387661	0.266645	0.118149	-0.0264458	-0.151484	-0.265803	-0.356222	-0.421826	-0.471992	-0.499707	-0.498369	-0.464792	-0.405755	-0.321613	-0.222962	-0.118858	-0.0183587	0.0652031	0.116277	0.142781	0.161565	0.175622	0.190128	0.215367	0.258579	
0.436306	0.334961	0.208328	0.0855563	-0.0290808	-0.141627	-0.235458	-0.307794	-0.363839	-0.40589	-0.412976	-0.384846	-0.320834	-0.222962	-0.104982	0.0144338	0.131794	0.230615	0.287514	0.320921	0.348732	0.378811	0.40753	0.443432	0.494051	
0.479557	0.403688	0.308458	0.218567	0.118306	0.0121998	-0.0913935	-0.179537	-0.253781	-0.307219	-0.325833	-0.303297	-0.231257	-0.118858	0.0144338	0.150238	0.288451	0.398998	0.470973	0.516626	0.552205	0.594668	0.639161	0.680731	0.733109	
0.511365	0.46573	0.409036	0.349817	0.26976	0.170197	0.0544987	-0.0604776	-0.152853	-0.220077	-0.251089	-0.227677	-0.148791	-0.0183587	0.131794	0.288451	0.439075	0.557074	0.640826	0.697956	0.752834	0.814499	0.866651	0.903831	0.957763	
0.540175	0.52639	0.504748	0.468206	0.40928	0.310585	0.181318	0.0469699	-0.0678561	-0.147254	-0.187626	-0.164167	-0.0783248	0.0652031	0.230615	0.398998	0.557074	0.679814	0.772759	0.849031	0.928792	1.0057	1.06254	1.10124	1.15168	
0.556356	0.580271	0.586779	0.57132	0.520339	0.411461	0.268264	0.117397	-0.0134275	-0.0990827	-0.135641	-0.11358	-0.0257763	0.116277	0.287514	0.470973	0.640826	0.772759	0.884511	0.987224	1.08138	1.15851	1.21339	1.25121	1.28734	
0.546765	0.603061	0.629824	0.631459	0.579784	0.464971	0.314024	0.155803	0.0137723	-0.0760035	-0.106499	-0.0813615	0.00361525	0.142781	0.320921	0.516626	0.697956	0.849031	0.987224	1.10798	1.20649	1.27694	1.31311	1.32364	1.33611	
0.49407	0.572796	0.619669	0.635255	0.590711	0.479373	0.331713	0.16937	0.0200043	-0.0759677	-0.104792	-0.0730163	0.0133149	0.161565	0.348732	0.552205	0.752834	0.928792	1.08138	1.20649	1.29833	1.34743	1.35418	1.33443	1.31617	
0.408757	0.501504	0.564837	0.587045	0.549855	0.447931	0.309068	0.147634	-0.00169787	-0.102813	-0.131371	-0.0884592	0.0135927	0.175622	0.378811	0.594668	0.814499	1.0057	1.15851	1.27694	1.34743	1.36415	1.34168	1.30568	1.2615	
0.297384	0.392103	0.46338	0.489974	0.455175	0.367478	0.238358	0.0840496	-0.0591504	-0.153564	-0.177091	-0.117423	0.0119845	0.190128	0.40753	0.639161	0.866651	1.06254	1.21339	1.31311	1.35418	1.34168	1.30603	1.25456	1.18666	
0.168681	0.254691	0.32062	0.340763	0.311442	0.239105	0.124156	-0.0116686	-0.131333	-0.212355	-0.22191	-0.139899	0.0142636	0.215367	0.443432	0.680731	0.903831	1.10124	1.25121	1.32364	1.33443	1.30568	1.25456	1.1792	1.08974	
0.0373815	0.0983739	0.148131	0.158172	0.134454	0.0748867	-0.01848	-0.119852	-0.211831	-0.264349	-0.246506	-0.14247	0.034313	0.258579	0.494051	0.733109	0.957763	1.15168	1.28734	1.33611	1.31617	1.2615	1.18666	1.08974	0.979711	
-0.0868732	-0.0580414	-0.0325563	-0.03205	-0.0552314	-0.104545	-0.168373	-0.238369	-0.296271	-0.314184	-0.264353	-0.136901	0.0654014	0.309862	0.562168	0.806662	1.02997	1.20681	1.31636	1.34587	1.29891	1.21485	1.10947	0.99314	0.860094	
-0.196422	-0.197491	-0.194135	-0.201394	-0.231099	-0.26905	-0.310886	-0.355335	-0.384165	-0.36721	-0.28722	-0.134228	0.0928227	0.358476	0.633745	0.88228	1.09295	1.25158	1.3342	1.33671	1.26676	1.15878	1.03794	0.907508	0.756276	
-0.294575	-0.309119	-0.319216	-0.338441	-0.373326	-0.405869	-0.438001	-0.464483	-0.466446	-0.421895	-0.312162	-0.13085	0.11452	0.401438	0.694106	0.950565	1.1491	1.28415	1.33654	1.31491	1.23588	1.11	0.974243	0.835261	0.684742	
-0.371525	-0.392819	-0.408901	-0.440393	-0.476917	-0.507737	-0.537547	-0.551159	-0.532356	-0.465833	-0.327976	-0.120251	0.141342	0.44167	0.746739	1.01318	1.20182	1.30806	1.33385	1.3007	1.21631	1.08122	0.92615	0.775809	0.630239	
-0.416352	-0.44452	-0.4617	-0.496598	-0.534969	-0.562963	-0.590654	-0.598057	-0.568204	-0.484012	-0.329028	-0.107116	0.168418	0.474916	0.787372	1.05775	1.23684	1.32593	1.34307	1.30336	1.20407	1.0652	0.905079	0.744143	0.588622	
-0.424664	-0.451983	-0.469919	-0.506254	-0.54376	-0.572279	-0.599643	-0.607107	-0.57299	-0.486646	-0.329779	-0.104393	0.173861	0.480669	0.7962	1.06672	1.24421	1.32931	1.34572	1.30531	1.20281	1.0642	0.900412	0.738343	0.58037	
-0.393532	-0.418088	-0.435393	-0.468327	-0.5059	-0.535154	-0.564526	-0.573564	-0.550976	-0.47543	-0.329396	-0.114345	0.153923	0.457396	0.765641	1.03319	1.21856	1.31678	1.33746	1.29963	1.21029	1.07282	0.914478	0.760469	0.611618	
-0.328798	-0.345452	-0.359029	-0.384507	-0.419866	-0.452178	-0.482972	-0.503891	-0.495681	-0.442356	-0.320679	-0.128055	0.123783	0.417223	0.716076	0.977589	1.17136	1.29375	1.33427	1.30731	1.22699	1.09682	0.952	0.808357	0.661643	
-0.23727	-0.246034	-0.24881	-0.260173	-0.292188	-0.326969	-0.363215	-0.399731	-0.417715	-0.389355	-0.297171	-0.133313	0.101964	0.376678	0.659102	0.910106	1.11488	1.26611	1.33711	1.32911	1.25282	1.13682	1.01189	0.877318	0.724242	
-0.132234	-0.116749	-0.100771	-0.102988	-0.129153	-0.173373	-0.226902	-0.285848	-0.331336	-0.334898	-0.2733	-0.135555	0.0774371	0.330463	0.591256	0.8371	1.0569	1.22695	1.32477	1.34429	1.28808	1.19308	1.07985	0.956898	0.815221	
-0.0140627	0.0349405	0.0754356	0.0814935	0.058282	0.00297722	-0.0783846	-0.167227	-0.245189	-0.284086	-0.253988	-0.140182	0.0463549	0.278489	0.520131	0.760899	0.986729	1.1742	1.29984	1.34134	1.31048	1.2441	1.15562	1.05092	0.931675	
0.115954	0.193327	0.254103	0.270958	0.243326	0.177237	0.0700826	-0.0522819	-0.163019	-0.233646	-0.233408	-0.143199	0.0201961	0.231118	0.461799	0.699011	0.92151	1.11958	1.26656	1.32777	1.32568	1.28787	1.22978	1.14488	1.04714	
0.246611	0.340612	0.41123	0.435183	0.403032	0.320834	0.196427	0.0475158	-0.0868976	-0.177783	-0.19728	-0.128411	0.0116048	0.197633	0.419778	0.655989	0.882633	1.07897	1.22898	1.31819	1.34781	1.32943	1.28712	1.22607	1.15012	
0.366852	0.46204	0.529342	0.554335	0.518261	0.42191	0.286713	0.128185	-0.0211052	-0.120233	-0.147737	-0.0993328	0.0133921	0.181302	0.390438	0.61209	0.837153	1.03168	1.18375	1.29545	1.35453	1.35773	1.32966	1.28853	1.23383	
0.462987	0.54893	0.603552	0.622219	0.581023	0.472925	0.328459	0.164032	0.0154956	-0.0833375	-0.112565	-0.0767429	0.0137992	0.167445	0.360568	0.568673	0.777661	0.960964	1.11424	1.23852	1.3243	1.3609	1.35399	1.32611	1.2966	
0.530799	0.596617	0.631535	0.640038	0.589615	0.475156	0.324801	0.165116	0.0188599	-0.073144	-0.102036	-0.0745902	0.00973406	0.151068	0.332366	0.530264	0.718167	0.880753	1.02675	1.14989	1.24696	1.31141	1.33708	1.33427	1.33461	
0.556352	0.594656	0.610532	0.602354	0.550923	0.438295	0.28959	0.135617	-0.000155143	-0.087164	-0.121188	-0.0982414	-0.0113768	0.12842	0.301958	0.491779	0.666589	0.804419	0.92594	1.03738	1.13511	1.21067	1.25976	1.28884	1.31751	
0.548621	0.549904	0.540144	0.5123	0.45884	0.356862	0.222126	0.0808438	-0.0415327	-0.124519	-0.16499	-0.142322	-0.0545948	0.0901663	0.258636	0.431817	0.594229	0.719329	0.819163	0.906451	0.992617	1.07058	1.12869	1.16963	1.21443	
0.523121	0.490276	0.448337	0.398972	0.327455	0.22926	0.108396	-0.0154533	-0.116929	-0.188997	-0.224467	-0.200854	-0.1188	0.0178564	0.175211	0.33731	0.490997	0.611122	0.69774	0.760902	0.826837	0.895738	0.949968	0.986297	1.04	
0.492915	0.428683	0.349182	0.272351	0.179237	0.0762133	-0.0314068	-0.130511	-0.211772	-0.270653	-0.294545	-0.271545	-0.196558	-0.0775808	0.0616942	0.206542	0.351219	0.465226	0.542325	0.592279	0.634579	0.684261	0.731775	0.772188	0.825893	
0.454892	0.363342	0.247758	0.137561	0.0281373	-0.0825015	-0.179737	-0.255931	-0.319014	-0.366317	-0.377534	-0.352699	-0.285335	-0.181663	-0.0561191	0.0681294	0.193386	0.29759	0.360753	0.398965	0.428816	0.463561	0.499513	0.539219	0.589701	
0.407275	0.29308	0.152973	0.0148626	-0.105936	-0.220273	-0.311888	-0.379656	-0.430449	-0.463305	-0.464792	-0.432558	-0.372508	-0.283222	-0.1774	-0.0664728	0.0409992	0.13082	0.182057	0.20993	0.233392	0.25399	0.273258	0.304008	0.352142	
0.361365	0.231107	0.0725439	-0.0810006	-0.210979	-0.324709	-0.414861	-0.480472	-0.529353	-0.552565	-0.547719	-0.513707	-0.453997	-0.374645	-0.285	-0.189425	-0.101619	-0.0265509	0.0263059	0.0542354	0.0657855	0.0717032	0.0781075	0.0900246	0.120887	
0.327627	0.1838	0.0173624	-0.148295	-0.290392	-0.408139	-0.504946	-0.578472	-0.627396	-0.63963	-0.623693	-0.587308	-0.523653	-0.443728	-0.36415	-0.28109	-0.202394	-0.137029	-0.0862414	-0.0552326	-0.045556	-0.0544396	-0.0723365	-0.0852523	-0.0797138	
0.308391	0.160334	-0.0120072	-0.188849	-0.347823	-0.481093	-0.585158	-0.663843	-0.708095	-0.711581	-0.682391	-0.63608	-0.569179	-0.488643	-0.405205	-0.322648	-0.24946	-0.186777	-0.13413	-0.102621	-0.0987722	-0.122344	-0.163254	-0.199066	-0.215185	
