-0.54567	-0.55085	-0.522084	-0.471954	-0.412899	-0.361289	-0.330172	-0.318958	-0.32417	-0.344492	-0.360671	-0.363151	-0.357673	-0.343055	-0.317971	-0.268328	-0.181194	-0.0660175	0.0576627	0.178677	0.303185	0.423049	0.544399	0.66013	0.768177	
-0.55085	-0.527927	-0.479837	-0.414045	-0.343693	-0.292271	-0.262922	-0.248868	-0.252658	-0.264715	-0.274084	-0.266061	-0.245539	-0.211399	-0.161167	-0.0972044	-0.00566668	0.11019	0.234433	0.359959	0.481394	0.590611	0.687502	0.776994	0.851882	
-0.522084	-0.479837	-0.416069	-0.345244	-0.271965	-0.217137	-0.183625	-0.16654	-0.167135	-0.172478	-0.17039	-0.152867	-0.120198	-0.0682867	-0.000233892	0.0780287	0.178856	0.300082	0.429222	0.555673	0.663483	0.75746	0.830477	0.890321	0.930847	
-0.471954	-0.414045	-0.345244	-0.268283	-0.199143	-0.14576	-0.107846	-0.0905245	-0.0879203	-0.0862727	-0.0664242	-0.0333403	0.0121276	0.0719265	0.151845	0.244919	0.350428	0.47631	0.613559	0.736338	0.827802	0.899929	0.947969	0.977402	0.97969	
-0.412899	-0.343693	-0.271965	-0.199143	-0.139389	-0.0929753	-0.0585836	-0.0328648	-0.0170386	0.00468461	0.0360044	0.0764115	0.128818	0.193628	0.277027	0.380963	0.492409	0.621511	0.755621	0.868604	0.945561	0.992609	1.01473	1.00666	0.97921	
-0.361289	-0.292271	-0.217137	-0.14576	-0.0929753	-0.058674	-0.0304578	0.00484723	0.0328964	0.0679554	0.106931	0.152324	0.208206	0.271143	0.353041	0.461942	0.580283	0.706621	0.826309	0.919802	0.978038	1.01002	1.01448	0.982383	0.931947	
-0.330172	-0.262922	-0.183625	-0.107846	-0.0585836	-0.0304578	-0.0052217	0.0253719	0.0550261	0.0931613	0.136563	0.18324	0.232893	0.287702	0.363821	0.469684	0.587469	0.700319	0.800491	0.874244	0.92172	0.949111	0.945325	0.902965	0.838972	
-0.318958	-0.248868	-0.16654	-0.0905245	-0.0328648	0.00484723	0.0253719	0.0404174	0.0602216	0.091213	0.127983	0.164163	0.199775	0.240751	0.301471	0.39094	0.494864	0.585702	0.66617	0.73275	0.787815	0.818651	0.812324	0.767302	0.706642	
-0.32417	-0.252658	-0.167135	-0.0879203	-0.0170386	0.0328964	0.0550261	0.0602216	0.0653352	0.0729405	0.0865724	0.0968822	0.110746	0.130698	0.166872	0.228281	0.304925	0.377298	0.450306	0.523481	0.587041	0.629073	0.63238	0.601706	0.551454	
-0.344492	-0.264715	-0.172478	-0.0862727	0.00468461	0.0679554	0.0931613	0.091213	0.0729405	0.0464038	0.0169773	-0.00520584	-0.0230505	-0.0348502	-0.0274286	0.0129882	0.0665094	0.124465	0.192623	0.273335	0.352303	0.409953	0.435854	0.425558	0.388582	
-0.360671	-0.274084	-0.17039	-0.0664242	0.0360044	0.106931	0.136563	0.127983	0.0865724	0.0169773	-0.0574484	-0.128715	-0.191669	-0.239059	-0.247343	-0.218315	-0.170285	-0.119552	-0.0528862	0.0370594	0.126133	0.201463	0.247572	0.255259	0.232728	
-0.363151	-0.266061	-0.152867	-0.0333403	0.0764115	0.152324	0.18324	0.164163	0.0968822	-0.00520584	-0.128715	-0.257466	-0.367493	-0.441856	-0.459517	-0.426018	-0.371822	-0.307909	-0.229681	-0.13714	-0.0447386	0.032362	0.0908525	0.112672	0.104357	
-0.357673	-0.245539	-0.120198	0.0121276	0.128818	0.208206	0.232893	0.199775	0.110746	-0.0230505	-0.191669	-0.367493	-0.510822	-0.602736	-0.624074	-0.58189	-0.506786	-0.421555	-0.3262	-0.225824	-0.135266	-0.0586499	0.00122171	0.0229929	0.0195861	
-0.343055	-0.211399	-0.0682867	0.0719265	0.193628	0.271143	0.287702	0.240751	0.130698	-0.0348502	-0.239059	-0.441856	-0.602736	-0.69407	-0.7101	-0.66193	-0.573237	-0.465614	-0.349441	-0.239537	-0.146505	-0.0686626	-0.0149073	-0.00210222	-0.01267	
-0.317971	-0.161167	-0.000233892	0.151845	0.277027	0.353041	0.363821	0.301471	0.166872	-0.0274286	-0.247343	-0.459517	-0.624074	-0.7101	-0.718899	-0.663232	-0.56176	-0.435202	-0.301506	-0.185598	-0.0949715	-0.0260272	0.0130276	0.0149641	0.000348768	
-0.268328	-0.0972044	0.0780287	0.244919	0.380963	0.461942	0.469684	0.39094	0.228281	0.0129882	-0.218315	-0.426018	-0.58189	-0.66193	-0.663232	-0.599857	-0.48564	-0.33924	-0.195239	-0.0815099	-0.00089564	0.0480128	0.0759781	0.0702963	0.0545012	
-0.181194	-0.00566668	0.178856	0.350428	0.492409	0.580283	0.587469	0.494864	0.304925	0.0665094	-0.170285	-0.371822	-0.506786	-0.573237	-0.56176	-0.48564	-0.36397	-0.210152	-0.0591489	0.0533914	0.125187	0.163106	0.178348	0.169657	0.147757	
-0.0660175	0.11019	0.300082	0.47631	0.621511	0.706621	0.700319	0.585702	0.377298	0.124465	-0.119552	-0.307909	-0.421555	-0.465614	-0.435202	-0.33924	-0.210152	-0.0616106	0.089053	0.203921	0.27564	0.311468	0.312098	0.293762	0.265027	
0.0576627	0.234433	0.429222	0.613559	0.755621	0.826309	0.800491	0.66617	0.450306	0.192623	-0.0528862	-0.229681	-0.3262	-0.349441	-0.301506	-0.195239	-0.0591489	0.089053	0.238144	0.354573	0.424847	0.458986	0.45306	0.427518	0.390444	
0.178677	0.359959	0.555673	0.736338	0.868604	0.919802	0.874244	0.73275	0.523481	0.273335	0.0370594	-0.13714	-0.225824	-0.239537	-0.185598	-0.0815099	0.0533914	0.203921	0.354573	0.479548	0.554019	0.582513	0.575264	0.554878	0.513286	
0.303185	0.481394	0.663483	0.827802	0.945561	0.978038	0.92172	0.787815	0.587041	0.352303	0.126133	-0.0447386	-0.135266	-0.146505	-0.0949715	-0.00089564	0.125187	0.27564	0.424847	0.554019	0.636643	0.666107	0.66634	0.651149	0.614553	
0.423049	0.590611	0.75746	0.899929	0.992609	1.01002	0.949111	0.818651	0.629073	0.409953	0.201463	0.032362	-0.0586499	-0.0686626	-0.0260272	0.0480128	0.163106	0.311468	0.458986	0.582513	0.666107	0.708683	0.718033	0.706397	0.673496	
0.544399	0.687502	0.830477	0.947969	1.01473	1.01448	0.945325	0.812324	0.63238	0.435854	0.247572	0.0908525	0.00122171	-0.0149073	0.0130276	0.0759781	0.178348	0.312098	0.45306	0.575264	0.66634	0.718033	0.735607	0.733561	0.709949	
0.66013	0.776994	0.890321	0.977402	1.00666	0.982383	0.902965	0.767302	0.601706	0.425558	0.255259	0.112672	0.0229929	-0.00210222	0.0149641	0.0702963	0.169657	0.293762	0.427518	0.554878	0.651149	0.706397	0.733561	0.738217	0.72458	
0.768177	0.851882	0.930847	0.97969	0.97921	0.931947	0.838972	0.706642	0.551454	0.388582	0.232728	0.104357	0.0195861	-0.01267	0.000348768	0.0545012	0.147757	0.265027	0.390444	0.513286	0.614553	0.673496	0.709949	0.72458	0.720505	
0.855985	0.907576	0.948535	0.961041	0.935247	0.873396	0.772559	0.646241	0.499429	0.339183	0.194515	0.0784407	-0.00285629	-0.0356349	-0.0215427	0.0284904	0.113227	0.221685	0.338185	0.457462	0.563	0.628077	0.667338	0.692477	0.705119	
0.932692	0.950516	0.949831	0.931433	0.884296	0.80728	0.7076	0.590219	0.445167	0.287929	0.145981	0.0373281	-0.0386826	-0.0669052	-0.0537343	-0.00566756	0.0759742	0.178937	0.290077	0.406356	0.5138	0.582753	0.62367	0.657661	0.685173	
0.995863	0.983729	0.950197	0.905848	0.840599	0.751775	0.645595	0.522778	0.377451	0.227219	0.0939038	-0.0181358	-0.0922647	-0.117834	-0.101773	-0.048148	0.0395661	0.145908	0.262633	0.381833	0.484142	0.556959	0.607196	0.648949	0.675113	
1.048	1.01014	0.955605	0.892585	0.812025	0.710544	0.591341	0.457817	0.311786	0.168651	0.0357363	-0.0742984	-0.147949	-0.170844	-0.147125	-0.0852403	0.0120843	0.134541	0.261098	0.377421	0.474032	0.55461	0.617442	0.661994	0.681865	
1.0788	1.0258	0.965518	0.88814	0.798081	0.692431	0.558422	0.413859	0.269047	0.126941	-0.00568157	-0.112905	-0.188065	-0.209307	-0.171339	-0.098415	0.00469695	0.139539	0.271007	0.382088	0.479046	0.563945	0.62438	0.670104	0.691468	
1.0842	1.02776	0.967533	0.887363	0.796575	0.691298	0.552719	0.405045	0.261949	0.118949	-0.0123289	-0.120314	-0.195419	-0.217568	-0.17504	-0.098839	0.0046061	0.141218	0.274091	0.384077	0.481639	0.566671	0.623728	0.67107	0.692985	
1.06329	1.01806	0.959952	0.889925	0.80454	0.700626	0.575041	0.436864	0.290911	0.148685	0.0157589	-0.0924605	-0.167079	-0.18864	-0.159427	-0.0935913	0.00639382	0.13588	0.265428	0.378627	0.47461	0.558024	0.621982	0.666623	0.686381	
1.01786	0.994947	0.951569	0.89952	0.827441	0.732872	0.622002	0.494983	0.3498	0.203131	0.0707572	-0.0416041	-0.115569	-0.139705	-0.121614	-0.0651907	0.0272149	0.138875	0.258741	0.377695	0.477687	0.553664	0.609816	0.653025	0.676167	
0.959899	0.964734	0.949572	0.919718	0.864948	0.78345	0.682502	0.564716	0.419565	0.264455	0.126311	0.0162184	-0.0585095	-0.0862651	-0.0720288	-0.0215513	0.061473	0.16422	0.275875	0.393469	0.500087	0.568804	0.612142	0.650388	0.678859	
0.887918	0.926192	0.950204	0.950047	0.914831	0.846757	0.746206	0.62391	0.479084	0.319446	0.175362	0.0636532	-0.0153649	-0.0451688	-0.0318449	0.0150194	0.0976978	0.204151	0.317773	0.434927	0.540947	0.608724	0.648881	0.676874	0.69732	
0.806037	0.876168	0.940435	0.973846	0.963217	0.909655	0.812093	0.682246	0.530132	0.369419	0.218973	0.0959297	0.0122598	-0.0213495	-0.00799558	0.0459322	0.135195	0.248235	0.370205	0.491647	0.595637	0.656778	0.694731	0.713703	0.715619	
0.704757	0.809055	0.909562	0.981798	0.997854	0.963694	0.878485	0.743291	0.582833	0.41317	0.248957	0.112076	0.0241755	-0.00438425	0.0106078	0.0644343	0.162451	0.283992	0.414176	0.541656	0.639313	0.69546	0.726391	0.734942	0.724326	
0.591259	0.724174	0.85546	0.961934	1.01509	1.00518	0.932075	0.798694	0.623144	0.436418	0.254219	0.104602	0.014699	-0.0048284	0.0177398	0.0767637	0.176939	0.306488	0.444375	0.568321	0.661858	0.715181	0.737595	0.737732	0.719517	
0.471119	0.630417	0.789819	0.921828	1.00421	1.01677	0.952327	0.820151	0.635124	0.425061	0.225078	0.0591255	-0.0324735	-0.0442721	-0.00574489	0.0624892	0.171404	0.315117	0.460522	0.582893	0.668627	0.716028	0.728244	0.720147	0.690092	
0.352316	0.527212	0.703026	0.859137	0.967415	0.992597	0.934976	0.804818	0.607649	0.378649	0.15802	-0.0121534	-0.102178	-0.112256	-0.0643494	0.0217834	0.143997	0.294909	0.443241	0.569756	0.653334	0.687879	0.691464	0.677289	0.642783	
0.227873	0.409484	0.600591	0.776064	0.903726	0.947452	0.896655	0.756783	0.5495	0.306066	0.0737053	-0.0987035	-0.18877	-0.200656	-0.146787	-0.0458183	0.0860354	0.236758	0.387648	0.516575	0.594151	0.62121	0.616091	0.597667	0.558337	
0.106467	0.284519	0.481302	0.666079	0.804602	0.867429	0.832564	0.694428	0.481035	0.224344	-0.0191615	-0.194205	-0.285076	-0.303448	-0.251297	-0.144908	-0.00837603	0.140753	0.290199	0.409276	0.479628	0.512062	0.505271	0.480912	0.440026	
-0.0167499	0.159531	0.351845	0.531107	0.675709	0.756644	0.742439	0.619006	0.405994	0.149983	-0.0959332	-0.278688	-0.385338	-0.419991	-0.381635	-0.279585	-0.147117	0.000700896	0.150177	0.265343	0.337185	0.372366	0.369832	0.346424	0.315217	
-0.137166	0.0379695	0.225415	0.39848	0.541688	0.630187	0.633925	0.533108	0.334928	0.0887718	-0.150288	-0.347157	-0.473522	-0.531608	-0.513072	-0.429099	-0.304848	-0.152761	-0.00120882	0.112364	0.184145	0.220102	0.228152	0.21748	0.193306	
-0.23817	-0.0644234	0.115214	0.285562	0.424896	0.508495	0.516084	0.432388	0.258484	0.0333274	-0.20014	-0.406053	-0.553942	-0.629625	-0.626645	-0.55974	-0.442619	-0.290334	-0.142623	-0.0305774	0.0452806	0.0886292	0.112513	0.106065	0.0868504	
-0.3019	-0.137581	0.0289177	0.18773	0.317258	0.394516	0.403675	0.334116	0.188279	-0.0137861	-0.239348	-0.450169	-0.613742	-0.697673	-0.703446	-0.645014	-0.537752	-0.402819	-0.264504	-0.148267	-0.0615456	-0.000489123	0.0343146	0.0314424	0.0169438	
-0.334743	-0.193199	-0.0418523	0.101908	0.223707	0.300914	0.314335	0.261893	0.142645	-0.0356986	-0.247928	-0.456519	-0.62026	-0.708964	-0.72237	-0.671407	-0.57763	-0.463091	-0.338881	-0.225585	-0.131499	-0.0561856	-0.00820064	0.000686775	-0.0114748	
-0.353104	-0.233717	-0.101542	0.0336812	0.153356	0.231988	0.253296	0.214339	0.117619	-0.0286616	-0.213482	-0.403296	-0.555298	-0.648257	-0.668093	-0.624352	-0.54229	-0.44691	-0.343624	-0.239804	-0.149129	-0.0709459	-0.0125193	0.00602839	-9.18871e-05	
-0.362047	-0.259713	-0.142093	-0.0164865	0.0961155	0.173309	0.202871	0.17878	0.101764	-0.0127598	-0.154792	-0.304535	-0.4297	-0.513486	-0.533545	-0.49568	-0.433809	-0.361784	-0.277368	-0.182781	-0.090829	-0.0146842	0.0455419	0.0689482	0.0642678	
-0.363231	-0.273267	-0.165283	-0.0546458	0.050869	0.124527	0.154799	0.142001	0.0905383	0.00744756	-0.0867536	-0.180844	-0.263931	-0.322748	-0.334641	-0.306031	-0.257563	-0.203697	-0.134535	-0.0418953	0.0489659	0.126733	0.179006	0.193786	0.177718	
