-0.567574	-0.554542	-0.537545	-0.526992	-0.522098	-0.521733	-0.524234	-0.532428	-0.547568	-0.562818	-0.575729	-0.59974	-0.635674	-0.666968	-0.703739	-0.750505	-0.781726	-0.779844	-0.757366	-0.70863	-0.61744	-0.488776	-0.333013	-0.15904	0.03329	
-0.539952	-0.543095	-0.550158	-0.560532	-0.568097	-0.570228	-0.563463	-0.554657	-0.545013	-0.54067	-0.543047	-0.561667	-0.588801	-0.620981	-0.661164	-0.709946	-0.749357	-0.767103	-0.76422	-0.734209	-0.664038	-0.548168	-0.404053	-0.23956	-0.0603189	
-0.496027	-0.511032	-0.533025	-0.557166	-0.57117	-0.575322	-0.562995	-0.54423	-0.518279	-0.501087	-0.495994	-0.508872	-0.524738	-0.553772	-0.590661	-0.631531	-0.663226	-0.691663	-0.700408	-0.686232	-0.631752	-0.535061	-0.406533	-0.259936	-0.0931068	
-0.434743	-0.45347	-0.477388	-0.498298	-0.510246	-0.512637	-0.504123	-0.487098	-0.462661	-0.440955	-0.430358	-0.430998	-0.435612	-0.453943	-0.484474	-0.511252	-0.533252	-0.557091	-0.568627	-0.55969	-0.525813	-0.451872	-0.34475	-0.217088	-0.0704839	
-0.34247	-0.356784	-0.370793	-0.377887	-0.38211	-0.381478	-0.38089	-0.374117	-0.363413	-0.347821	-0.333434	-0.321217	-0.314764	-0.320031	-0.335586	-0.34721	-0.357764	-0.373802	-0.380439	-0.372166	-0.352045	-0.305598	-0.226987	-0.119412	0.0128696	
-0.20996	-0.214443	-0.213154	-0.209007	-0.206251	-0.205101	-0.208113	-0.211583	-0.214437	-0.213328	-0.200209	-0.18305	-0.167796	-0.15901	-0.151159	-0.147872	-0.148954	-0.157241	-0.158648	-0.154308	-0.14069	-0.108293	-0.0506126	0.0327077	0.144334	
-0.0510154	-0.0459353	-0.0324215	-0.0244497	-0.0198208	-0.0190087	-0.0219185	-0.0285052	-0.0402639	-0.0508035	-0.0463261	-0.0303779	-0.0141308	0.00875649	0.0380667	0.0563905	0.0568632	0.0557661	0.0614891	0.0658397	0.0779953	0.108765	0.161299	0.225782	0.308443	
0.110705	0.120407	0.136215	0.144341	0.149119	0.149693	0.147614	0.139952	0.127499	0.112905	0.111552	0.12127	0.134799	0.158438	0.196122	0.22261	0.225968	0.232339	0.247878	0.262045	0.280013	0.316095	0.360021	0.411978	0.465389	
0.254001	0.260568	0.267875	0.275717	0.280455	0.2826	0.278117	0.271202	0.263131	0.256652	0.252972	0.257403	0.263363	0.275748	0.300426	0.327132	0.340003	0.362418	0.392211	0.415676	0.439407	0.482042	0.519389	0.553115	0.580939	
0.356134	0.35639	0.351679	0.354362	0.357629	0.359495	0.355407	0.35177	0.353988	0.357724	0.353879	0.349597	0.348496	0.34381	0.349749	0.369879	0.39634	0.4318	0.478565	0.510303	0.535639	0.575238	0.616614	0.644481	0.654181	
0.403434	0.402408	0.389881	0.382504	0.379641	0.379722	0.380408	0.385801	0.397325	0.40584	0.39679	0.385993	0.379519	0.36834	0.359597	0.3763	0.406784	0.445441	0.492669	0.537521	0.572872	0.611003	0.654338	0.688712	0.697924	
0.390231	0.393601	0.3814	0.368591	0.36037	0.35927	0.36411	0.376194	0.38956	0.394037	0.381174	0.369861	0.364939	0.356103	0.345611	0.354584	0.377694	0.408344	0.447784	0.498516	0.554262	0.608421	0.65421	0.689982	0.703078	
0.32562	0.330147	0.326639	0.320126	0.316061	0.315338	0.317952	0.324419	0.329874	0.327842	0.320848	0.319234	0.317089	0.310423	0.305224	0.308428	0.313038	0.332295	0.368116	0.423141	0.489911	0.564872	0.623761	0.661562	0.673135	
0.236795	0.239114	0.244905	0.252008	0.257131	0.259413	0.253951	0.248137	0.241095	0.237001	0.240842	0.253574	0.252848	0.242274	0.241775	0.245994	0.240243	0.246949	0.282746	0.339002	0.409843	0.491048	0.566468	0.617405	0.631571	
0.157026	0.158488	0.168195	0.180492	0.190843	0.193723	0.185602	0.172575	0.161325	0.156641	0.163818	0.180272	0.18266	0.171868	0.172189	0.179602	0.174444	0.179163	0.210083	0.261678	0.328235	0.408516	0.489653	0.558464	0.589279	
0.0903084	0.0953063	0.0993696	0.106312	0.111203	0.113265	0.108638	0.102239	0.0958883	0.092968	0.0896379	0.0965074	0.102079	0.102309	0.105107	0.113391	0.11372	0.124249	0.155378	0.199521	0.257733	0.332745	0.41559	0.494842	0.546745	
0.0376909	0.0435482	0.0392777	0.0368997	0.0356586	0.034983	0.0361554	0.0382538	0.0423246	0.0416342	0.0280936	0.019167	0.0257815	0.0360926	0.043187	0.0532026	0.0630237	0.0809037	0.111123	0.152816	0.203271	0.271977	0.353409	0.43791	0.500065	
-0.00236514	0.00065175	-0.00892952	-0.0142582	-0.0167928	-0.0172544	-0.0163119	-0.0112267	-0.00274086	0.00158841	-0.0134574	-0.028909	-0.0282647	-0.0166879	-0.00836976	0.0050201	0.0255292	0.0511034	0.0787475	0.115958	0.16536	0.228509	0.309812	0.394592	0.452565	
-0.0409649	-0.0403907	-0.0463923	-0.0500804	-0.050507	-0.0503478	-0.0507209	-0.0485309	-0.0427014	-0.0393261	-0.045315	-0.0534798	-0.0580038	-0.0565119	-0.0472809	-0.0300673	-0.00659371	0.023219	0.0545553	0.0949348	0.148317	0.212043	0.286222	0.364119	0.412948	
-0.0792602	-0.0759216	-0.0731023	-0.0738153	-0.0743598	-0.0738501	-0.0741289	-0.0730893	-0.0747553	-0.0783177	-0.076699	-0.065817	-0.0674727	-0.0787827	-0.0757746	-0.0538812	-0.0311254	-0.00234496	0.0380139	0.0901256	0.152363	0.217731	0.284073	0.344435	0.381735	
-0.104458	-0.0994417	-0.0932332	-0.0905418	-0.0893138	-0.0888282	-0.0899029	-0.0914817	-0.0966029	-0.103753	-0.100536	-0.0809964	-0.0728379	-0.0877629	-0.0955946	-0.078163	-0.0521211	-0.0205934	0.0242568	0.0832028	0.148982	0.217944	0.282329	0.333202	0.359835	
-0.105862	-0.108162	-0.108556	-0.102705	-0.0961649	-0.0951148	-0.0996543	-0.10641	-0.109021	-0.106718	-0.105328	-0.098803	-0.0909083	-0.0906538	-0.0947805	-0.0874265	-0.0660086	-0.0309638	0.0164592	0.0758479	0.142544	0.211837	0.282109	0.336836	0.361745	
-0.0999239	-0.107912	-0.114976	-0.110063	-0.104236	-0.103262	-0.107446	-0.113854	-0.11237	-0.101806	-0.101978	-0.113225	-0.114589	-0.0978699	-0.0807977	-0.0743132	-0.0664246	-0.0402942	0.00639549	0.0727719	0.14845	0.221294	0.289196	0.347128	0.375107	
-0.105999	-0.105966	-0.109201	-0.11222	-0.115011	-0.116214	-0.113512	-0.11062	-0.107285	-0.104726	-0.109995	-0.119336	-0.120471	-0.104488	-0.0812697	-0.0666325	-0.0602876	-0.0439623	-0.00349525	0.0660912	0.151484	0.228027	0.294425	0.350892	0.382138	
-0.119436	-0.107386	-0.10598	-0.113963	-0.121593	-0.123016	-0.117885	-0.108519	-0.105216	-0.114037	-0.124432	-0.119566	-0.108908	-0.104909	-0.0992135	-0.0817717	-0.0585503	-0.0332232	0.00215121	0.0612277	0.138428	0.21688	0.291215	0.357043	0.391146	
-0.11825	-0.111681	-0.111717	-0.115258	-0.11471	-0.114703	-0.115154	-0.113126	-0.11066	-0.115686	-0.121003	-0.111963	-0.0998826	-0.102704	-0.108079	-0.0923609	-0.0563658	-0.0170226	0.0205468	0.0669115	0.128922	0.203241	0.290702	0.369364	0.405698	
-0.111681	-0.118944	-0.122143	-0.116123	-0.108728	-0.107248	-0.112749	-0.120087	-0.121451	-0.114904	-0.108861	-0.105856	-0.10654	-0.108516	-0.104932	-0.0874932	-0.0555316	-0.0154251	0.0258896	0.0731876	0.131354	0.205077	0.294411	0.374074	0.405686	
-0.111717	-0.122143	-0.122127	-0.115095	-0.110705	-0.110984	-0.11264	-0.119535	-0.123547	-0.116399	-0.106733	-0.107131	-0.113722	-0.112679	-0.0996146	-0.0816655	-0.0586	-0.0255939	0.0189319	0.0743533	0.139912	0.212469	0.294737	0.3645	0.392799	
-0.115258	-0.116123	-0.115095	-0.113869	-0.115617	-0.116452	-0.114529	-0.114362	-0.116183	-0.115478	-0.114117	-0.113168	-0.112044	-0.106433	-0.0954106	-0.0807565	-0.0611909	-0.0306934	0.0141746	0.077431	0.150927	0.223595	0.29389	0.353301	0.381517	
-0.11471	-0.108728	-0.110705	-0.115617	-0.116542	-0.116969	-0.116079	-0.112895	-0.108671	-0.111641	-0.119532	-0.119047	-0.108323	-0.0990088	-0.0924668	-0.0814586	-0.060663	-0.0319009	0.0116019	0.0787474	0.160438	0.232195	0.293619	0.344856	0.375888	
-0.114703	-0.107248	-0.110984	-0.116452	-0.116969	-0.116898	-0.117273	-0.113268	-0.10766	-0.110869	-0.121225	-0.120524	-0.107894	-0.0974795	-0.0924468	-0.0813857	-0.0604328	-0.0315796	0.0105681	0.079506	0.162866	0.235547	0.29405	0.343631	0.374694	
-0.115154	-0.112749	-0.11264	-0.114529	-0.116079	-0.117273	-0.115365	-0.113251	-0.112062	-0.114063	-0.117273	-0.116173	-0.109839	-0.102925	-0.0941492	-0.0815165	-0.0610835	-0.0319489	0.0126389	0.0778523	0.155768	0.22718	0.293138	0.34863	0.37858	
-0.113126	-0.120087	-0.119535	-0.114362	-0.112895	-0.113268	-0.113251	-0.117357	-0.12124	-0.116179	-0.109098	-0.109128	-0.113979	-0.110754	-0.0975897	-0.0805015	-0.0599866	-0.0278692	0.0168491	0.0757695	0.143798	0.217076	0.29497	0.360561	0.387431	
-0.11066	-0.121451	-0.123547	-0.116183	-0.108671	-0.10766	-0.112062	-0.12124	-0.124128	-0.115456	-0.105692	-0.105611	-0.110821	-0.11178	-0.102358	-0.0847673	-0.0565731	-0.0195794	0.0237654	0.0732049	0.133793	0.207027	0.295124	0.371287	0.40101	
-0.115686	-0.114904	-0.116399	-0.115478	-0.111641	-0.110869	-0.114063	-0.116179	-0.115456	-0.115482	-0.116054	-0.108538	-0.101304	-0.104269	-0.107897	-0.0914223	-0.05569	-0.0138992	0.0248554	0.0705469	0.12919	0.20313	0.292142	0.372929	0.408226	
-0.121003	-0.108861	-0.106733	-0.114117	-0.119532	-0.121225	-0.117273	-0.109098	-0.105692	-0.116054	-0.12565	-0.116914	-0.102766	-0.103492	-0.104764	-0.0884696	-0.0575986	-0.0263117	0.00959977	0.0623946	0.133421	0.209473	0.289418	0.361585	0.397556	
-0.111963	-0.105856	-0.107131	-0.113168	-0.119047	-0.120524	-0.116173	-0.109128	-0.105611	-0.108538	-0.116914	-0.120365	-0.11714	-0.10528	-0.0879372	-0.0709081	-0.0592681	-0.0410002	-0.00370081	0.0632687	0.147287	0.225528	0.294077	0.353055	0.384864	
-0.0998826	-0.10654	-0.113722	-0.112044	-0.108323	-0.107894	-0.109839	-0.113979	-0.110821	-0.101304	-0.102766	-0.11714	-0.12029	-0.101455	-0.0775781	-0.0686235	-0.0637356	-0.0437048	0.0011476	0.070154	0.151665	0.225819	0.292009	0.34888	0.378354	
-0.102704	-0.108516	-0.112679	-0.106433	-0.0990088	-0.0974795	-0.102925	-0.110754	-0.11178	-0.104269	-0.103492	-0.10528	-0.101455	-0.0928618	-0.0891283	-0.0833463	-0.0676243	-0.0345743	0.0129121	0.0748694	0.144201	0.214399	0.284448	0.341097	0.367373	
-0.108079	-0.104932	-0.0996146	-0.0954106	-0.0924668	-0.0924468	-0.0941492	-0.0975897	-0.102358	-0.107897	-0.104764	-0.0879372	-0.0775781	-0.0891283	-0.0982191	-0.0855452	-0.0590648	-0.0252968	0.0210645	0.0793472	0.144905	0.214249	0.281375	0.333001	0.357302	
-0.0923609	-0.0874932	-0.0816655	-0.0807565	-0.0814586	-0.0813857	-0.0815165	-0.0805015	-0.0847673	-0.0914223	-0.0884696	-0.0709081	-0.0686235	-0.0833463	-0.0855452	-0.0642613	-0.0402086	-0.0102094	0.0325265	0.0878623	0.152461	0.219772	0.28455	0.338818	0.370943	
-0.0563658	-0.0555316	-0.0586	-0.0611909	-0.060663	-0.0604328	-0.0610835	-0.0599866	-0.0565731	-0.05569	-0.0575986	-0.0592681	-0.0637356	-0.0676243	-0.0590648	-0.0402086	-0.0172326	0.0121975	0.0471669	0.0920196	0.149212	0.213176	0.283176	0.35524	0.39982	
-0.0170226	-0.0154251	-0.0255939	-0.0306934	-0.0319009	-0.0315796	-0.0319489	-0.0278692	-0.0195794	-0.0138992	-0.0263117	-0.0410002	-0.0437048	-0.0345743	-0.0252968	-0.0102094	0.0121975	0.0397641	0.0678075	0.105303	0.155882	0.217823	0.297506	0.381229	0.435659	
0.0205468	0.0258896	0.0189319	0.0141746	0.0116019	0.0105681	0.0126389	0.0168491	0.0237654	0.0248554	0.00959977	-0.00370081	0.0011476	0.0129121	0.0210645	0.0325265	0.0471669	0.0678075	0.0968085	0.136905	0.185945	0.251751	0.333431	0.418819	0.480548	
0.0669115	0.0731876	0.0743533	0.077431	0.0787474	0.079506	0.0778523	0.0757695	0.0732049	0.0705469	0.0623946	0.0632687	0.070154	0.0748694	0.0793472	0.0878623	0.0920196	0.105303	0.136905	0.179194	0.234415	0.306707	0.389147	0.470557	0.52898	
0.128922	0.131354	0.139912	0.150927	0.160438	0.162866	0.155768	0.143798	0.133793	0.12919	0.133421	0.147287	0.151665	0.144201	0.144905	0.152461	0.149212	0.155882	0.185945	0.234415	0.298141	0.376863	0.458172	0.532571	0.572656	
0.203241	0.205077	0.212469	0.223595	0.232195	0.235547	0.22718	0.217076	0.207027	0.20313	0.209473	0.225528	0.225819	0.214399	0.214249	0.219772	0.213176	0.217823	0.251751	0.306707	0.376863	0.458436	0.537449	0.595799	0.614258	
0.290702	0.294411	0.294737	0.29389	0.293619	0.29405	0.293138	0.29497	0.295124	0.292142	0.289418	0.294077	0.292009	0.284448	0.281375	0.28455	0.283176	0.297506	0.333431	0.389147	0.458172	0.537449	0.604247	0.64581	0.657617	
0.369364	0.374074	0.3645	0.353301	0.344856	0.343631	0.34863	0.360561	0.371287	0.372929	0.361585	0.353055	0.34888	0.341097	0.333001	0.338818	0.35524	0.381229	0.418819	0.470557	0.532571	0.595799	0.64581	0.681148	0.693514	
0.405698	0.405686	0.392799	0.381517	0.375888	0.374694	0.37858	0.387431	0.40101	0.408226	0.397556	0.384864	0.378354	0.367373	0.357302	0.370943	0.39982	0.435659	0.480548	0.52898	0.572656	0.614258	0.657617	0.693514	0.705097	
