1.30123	1.3428	1.33765	1.32703	1.32552	1.32469	1.326	1.33248	1.34385	1.32576	1.24379	1.08479	0.868054	0.644363	0.438158	0.269761	0.132927	0.0134566	-0.0729146	-0.120167	-0.119409	-0.0692551	0.0244594	0.140104	0.243064	
1.10752	1.10257	1.05523	1.01303	0.992828	0.987854	1.00322	1.03573	1.08533	1.11401	1.07725	0.968538	0.798484	0.607247	0.424417	0.255734	0.1107	-0.0183536	-0.126298	-0.189545	-0.206003	-0.167691	-0.0834974	0.0252528	0.126472	
0.826987	0.78172	0.704728	0.637673	0.602187	0.595564	0.619765	0.674907	0.751632	0.8158	0.823981	0.767288	0.658223	0.517761	0.370087	0.222522	0.0833139	-0.0435946	-0.153168	-0.227226	-0.247374	-0.212601	-0.141485	-0.0365767	0.0643137	
0.494713	0.419446	0.323313	0.239764	0.193029	0.185726	0.216112	0.286875	0.381579	0.46932	0.517666	0.513942	0.470325	0.392965	0.289132	0.17456	0.0555551	-0.0633648	-0.165074	-0.23915	-0.260363	-0.222585	-0.153572	-0.0541149	0.0514168	
0.15461	0.0592791	-0.0418692	-0.134723	-0.186608	-0.193232	-0.162028	-0.0816518	0.0189136	0.118146	0.197854	0.240862	0.260653	0.245224	0.191748	0.114605	0.021458	-0.0776128	-0.171469	-0.237334	-0.254169	-0.216107	-0.141263	-0.0425132	0.0710696	
-0.152868	-0.25309	-0.353181	-0.442923	-0.495317	-0.503685	-0.469053	-0.391464	-0.293526	-0.191728	-0.0991788	-0.0174848	0.0494998	0.0855394	0.080809	0.0383936	-0.0213328	-0.0963995	-0.175553	-0.230674	-0.244632	-0.208956	-0.131393	-0.0230876	0.0994543	
-0.398289	-0.490577	-0.583296	-0.659377	-0.707969	-0.718337	-0.681916	-0.616889	-0.528678	-0.434887	-0.341412	-0.236679	-0.139362	-0.0672847	-0.0372157	-0.0479854	-0.0819544	-0.130565	-0.187234	-0.231373	-0.237252	-0.202484	-0.125672	-0.0114664	0.120861	
-0.571988	-0.648232	-0.721505	-0.778876	-0.817412	-0.825819	-0.79646	-0.747087	-0.678001	-0.604466	-0.515888	-0.408646	-0.295324	-0.198437	-0.147011	-0.129222	-0.141167	-0.165974	-0.201075	-0.233777	-0.23584	-0.207048	-0.132757	-0.0167116	0.116351	
-0.663132	-0.727843	-0.776655	-0.819091	-0.846483	-0.849641	-0.832565	-0.794761	-0.747288	-0.692445	-0.613502	-0.516208	-0.398046	-0.295078	-0.230329	-0.19495	-0.19149	-0.195604	-0.212912	-0.235081	-0.240428	-0.217763	-0.152949	-0.0443807	0.0835508	
-0.687745	-0.73739	-0.769044	-0.796049	-0.810249	-0.81212	-0.803984	-0.780335	-0.751505	-0.710959	-0.644826	-0.556051	-0.444044	-0.341371	-0.270723	-0.233081	-0.22167	-0.217323	-0.225229	-0.240703	-0.246297	-0.229166	-0.173922	-0.0788183	0.0306401	
-0.65297	-0.690295	-0.710713	-0.721219	-0.726541	-0.727766	-0.723939	-0.715549	-0.70037	-0.670151	-0.620269	-0.543123	-0.443911	-0.349548	-0.280195	-0.245423	-0.233377	-0.229355	-0.233848	-0.24682	-0.256751	-0.239587	-0.189012	-0.116066	-0.0306637	
-0.575689	-0.599985	-0.606068	-0.606242	-0.602938	-0.601025	-0.605612	-0.606451	-0.603547	-0.587815	-0.552876	-0.496829	-0.418689	-0.339242	-0.280903	-0.253387	-0.246423	-0.243901	-0.248256	-0.260382	-0.266855	-0.249443	-0.204469	-0.153102	-0.101835	
-0.482342	-0.485579	-0.476925	-0.462096	-0.450341	-0.447024	-0.457001	-0.471539	-0.482514	-0.485628	-0.472697	-0.440145	-0.388469	-0.326158	-0.281726	-0.264951	-0.26343	-0.268587	-0.277394	-0.288962	-0.292226	-0.271512	-0.226559	-0.192269	-0.171432	
-0.388692	-0.373749	-0.357188	-0.331005	-0.315554	-0.313996	-0.322589	-0.347103	-0.367625	-0.382911	-0.392593	-0.37993	-0.349285	-0.307926	-0.273463	-0.266048	-0.278827	-0.293332	-0.317772	-0.34183	-0.343954	-0.319845	-0.270963	-0.240026	-0.226678	
-0.312948	-0.292325	-0.271069	-0.248757	-0.235396	-0.23252	-0.242273	-0.26226	-0.283116	-0.305879	-0.320443	-0.32305	-0.307752	-0.278634	-0.261476	-0.263991	-0.288035	-0.320133	-0.356246	-0.387662	-0.389882	-0.35845	-0.306025	-0.270287	-0.258328	
-0.274053	-0.250637	-0.230515	-0.213499	-0.206401	-0.204804	-0.209844	-0.223616	-0.241552	-0.265613	-0.284592	-0.292978	-0.283938	-0.262373	-0.249268	-0.253435	-0.281494	-0.321736	-0.366522	-0.402495	-0.40399	-0.367719	-0.311784	-0.272176	-0.256181	
-0.271185	-0.246193	-0.227219	-0.218175	-0.21662	-0.217597	-0.21692	-0.221848	-0.237908	-0.260766	-0.282701	-0.29079	-0.281201	-0.261514	-0.240946	-0.239515	-0.260301	-0.296332	-0.34344	-0.377875	-0.379533	-0.347461	-0.299954	-0.26189	-0.243311	
-0.284038	-0.264695	-0.248169	-0.249576	-0.257841	-0.259416	-0.253343	-0.246611	-0.256978	-0.276362	-0.29439	-0.298978	-0.285237	-0.261267	-0.235716	-0.223234	-0.230039	-0.263456	-0.301648	-0.331368	-0.341361	-0.315104	-0.283363	-0.254076	-0.233526	
-0.307877	-0.289939	-0.278529	-0.286882	-0.302073	-0.306212	-0.293387	-0.279419	-0.28428	-0.300509	-0.315209	-0.310044	-0.290752	-0.259715	-0.223662	-0.20253	-0.198294	-0.225517	-0.261129	-0.288734	-0.302444	-0.291509	-0.273435	-0.252238	-0.235779	
-0.316001	-0.303532	-0.296778	-0.31397	-0.336271	-0.34155	-0.323771	-0.300554	-0.299415	-0.310592	-0.320746	-0.312369	-0.292401	-0.264814	-0.229193	-0.205214	-0.19437	-0.211711	-0.237696	-0.255114	-0.269855	-0.271016	-0.267221	-0.255573	-0.242309	
-0.315015	-0.300245	-0.293674	-0.309196	-0.334007	-0.340459	-0.319504	-0.297405	-0.29619	-0.30862	-0.321648	-0.315265	-0.300584	-0.279844	-0.250332	-0.225336	-0.211729	-0.222229	-0.234396	-0.243756	-0.256564	-0.264105	-0.271258	-0.269067	-0.262636	
-0.302033	-0.282191	-0.273207	-0.285805	-0.307502	-0.313074	-0.294412	-0.275657	-0.276041	-0.29425	-0.308537	-0.30862	-0.305292	-0.293822	-0.276547	-0.257661	-0.244885	-0.248116	-0.251873	-0.252525	-0.261878	-0.28269	-0.300644	-0.309836	-0.317218	
-0.275792	-0.258184	-0.247874	-0.257656	-0.276015	-0.280152	-0.265232	-0.249728	-0.251907	-0.269312	-0.283515	-0.292227	-0.29688	-0.301277	-0.298339	-0.285861	-0.280928	-0.277383	-0.275128	-0.274249	-0.285919	-0.319162	-0.352918	-0.37776	-0.397261	
-0.25766	-0.239998	-0.230218	-0.232177	-0.242572	-0.246108	-0.235744	-0.22983	-0.23475	-0.250871	-0.265122	-0.276676	-0.28906	-0.302678	-0.31083	-0.306575	-0.304962	-0.299273	-0.290414	-0.288668	-0.303965	-0.347903	-0.401109	-0.449508	-0.492683	
-0.243606	-0.233718	-0.225946	-0.226013	-0.229029	-0.228913	-0.227242	-0.225315	-0.228952	-0.240936	-0.246949	-0.262047	-0.280224	-0.300536	-0.319288	-0.320304	-0.318538	-0.305279	-0.290942	-0.286321	-0.305052	-0.362085	-0.433499	-0.506055	-0.572634	
-0.241354	-0.243221	-0.241699	-0.238318	-0.233788	-0.232526	-0.236644	-0.240882	-0.243048	-0.242713	-0.240965	-0.25137	-0.267079	-0.29155	-0.311998	-0.315734	-0.31374	-0.293396	-0.274183	-0.270351	-0.291837	-0.355375	-0.444193	-0.539253	-0.625565	
-0.243221	-0.259152	-0.269354	-0.264915	-0.254532	-0.25218	-0.260326	-0.268952	-0.264507	-0.249421	-0.235801	-0.236002	-0.249841	-0.27268	-0.294818	-0.30412	-0.297417	-0.275512	-0.25154	-0.245203	-0.270568	-0.336417	-0.438585	-0.555236	-0.65932	
-0.241699	-0.269354	-0.284763	-0.280366	-0.264319	-0.259014	-0.274555	-0.285447	-0.277451	-0.253361	-0.229385	-0.226535	-0.239801	-0.26271	-0.287241	-0.2983	-0.288345	-0.260257	-0.233768	-0.225385	-0.249524	-0.317717	-0.426145	-0.555712	-0.672893	
-0.238318	-0.264915	-0.280366	-0.267067	-0.242993	-0.237816	-0.256821	-0.278018	-0.274558	-0.247802	-0.229142	-0.227052	-0.24592	-0.275119	-0.300908	-0.31585	-0.300266	-0.265176	-0.22826	-0.211388	-0.229525	-0.291289	-0.405902	-0.549804	-0.680288	
-0.233788	-0.254532	-0.264319	-0.242993	-0.212641	-0.205765	-0.229788	-0.25882	-0.261647	-0.240898	-0.228916	-0.234257	-0.261853	-0.29557	-0.324485	-0.340253	-0.317851	-0.276039	-0.231164	-0.205458	-0.218836	-0.276181	-0.39139	-0.543468	-0.681959	
-0.232526	-0.25218	-0.259014	-0.237816	-0.205765	-0.197923	-0.22467	-0.253824	-0.258228	-0.239925	-0.227886	-0.236262	-0.265713	-0.30016	-0.330719	-0.345846	-0.322852	-0.278221	-0.232196	-0.205373	-0.21592	-0.274416	-0.389364	-0.540645	-0.681318	
-0.236644	-0.260326	-0.274555	-0.256821	-0.229788	-0.22467	-0.24464	-0.270474	-0.269548	-0.244359	-0.229604	-0.229541	-0.252235	-0.283676	-0.310508	-0.3264	-0.307818	-0.270292	-0.229114	-0.208186	-0.224445	-0.283124	-0.398655	-0.547769	-0.682054	
-0.240882	-0.268952	-0.285447	-0.278018	-0.25882	-0.253824	-0.270474	-0.285296	-0.278171	-0.251982	-0.229193	-0.225597	-0.240675	-0.265347	-0.289884	-0.302759	-0.290266	-0.25953	-0.230171	-0.218662	-0.241728	-0.30781	-0.41836	-0.554143	-0.675882	
-0.243048	-0.264507	-0.277451	-0.274558	-0.261647	-0.258228	-0.269548	-0.278171	-0.271272	-0.25178	-0.232352	-0.230625	-0.243966	-0.266115	-0.289917	-0.30022	-0.292674	-0.268336	-0.243366	-0.236621	-0.261134	-0.328941	-0.434266	-0.556243	-0.666453	
-0.242713	-0.249421	-0.253361	-0.247802	-0.240898	-0.239925	-0.244359	-0.251982	-0.25178	-0.245084	-0.240201	-0.2459	-0.26063	-0.284562	-0.304828	-0.31062	-0.306724	-0.286268	-0.264946	-0.260422	-0.284758	-0.348382	-0.442763	-0.54827	-0.641488	
-0.240965	-0.235801	-0.229385	-0.229142	-0.228916	-0.227886	-0.229604	-0.229193	-0.232352	-0.240201	-0.242805	-0.257293	-0.275576	-0.29831	-0.318394	-0.321316	-0.319416	-0.302134	-0.286227	-0.281101	-0.300704	-0.361858	-0.440555	-0.521647	-0.596424	
-0.25137	-0.236002	-0.226535	-0.227052	-0.234257	-0.236262	-0.229541	-0.225597	-0.230625	-0.2459	-0.257293	-0.271126	-0.285909	-0.302143	-0.315187	-0.312721	-0.311941	-0.304169	-0.292629	-0.29021	-0.306728	-0.355767	-0.416158	-0.474609	-0.528245	
-0.267079	-0.249841	-0.239801	-0.24592	-0.261853	-0.265713	-0.252235	-0.240675	-0.243966	-0.26063	-0.275576	-0.285909	-0.293706	-0.302799	-0.304028	-0.294883	-0.291837	-0.287286	-0.282513	-0.281247	-0.294986	-0.332451	-0.373829	-0.407462	-0.434885	
-0.29155	-0.27268	-0.26271	-0.275119	-0.29557	-0.30016	-0.283676	-0.265347	-0.266115	-0.284562	-0.29831	-0.302143	-0.302799	-0.297667	-0.286056	-0.270373	-0.260555	-0.260539	-0.261987	-0.260894	-0.269889	-0.296318	-0.320079	-0.333992	-0.346338	
-0.311998	-0.294818	-0.287241	-0.300908	-0.324485	-0.330719	-0.310508	-0.289884	-0.289917	-0.304828	-0.318394	-0.315187	-0.304028	-0.286056	-0.261025	-0.236321	-0.222935	-0.231224	-0.239071	-0.245217	-0.256786	-0.268819	-0.279512	-0.281658	-0.280542	
-0.315734	-0.30412	-0.2983	-0.31585	-0.340253	-0.345846	-0.3264	-0.302759	-0.30022	-0.31062	-0.321316	-0.312721	-0.294883	-0.270373	-0.236321	-0.212215	-0.199893	-0.21379	-0.234053	-0.247655	-0.26141	-0.265402	-0.267243	-0.258851	-0.247154	
-0.31374	-0.297417	-0.288345	-0.300266	-0.317851	-0.322852	-0.307818	-0.290266	-0.292674	-0.306724	-0.319416	-0.311941	-0.291837	-0.260555	-0.222935	-0.199893	-0.192199	-0.216188	-0.249391	-0.273751	-0.28822	-0.283277	-0.270325	-0.252566	-0.238202	
-0.293396	-0.275512	-0.260257	-0.265176	-0.276039	-0.278221	-0.270292	-0.25953	-0.268336	-0.286268	-0.302134	-0.304169	-0.287286	-0.260539	-0.231224	-0.21379	-0.216188	-0.247514	-0.284007	-0.313108	-0.325278	-0.304274	-0.27879	-0.253153	-0.233336	
-0.274183	-0.25154	-0.233768	-0.22826	-0.231164	-0.232196	-0.229114	-0.230171	-0.243366	-0.264946	-0.286227	-0.292629	-0.282513	-0.261987	-0.239071	-0.234053	-0.249391	-0.284007	-0.328185	-0.360809	-0.364726	-0.334381	-0.292817	-0.257474	-0.2378	
-0.270351	-0.245203	-0.225385	-0.211388	-0.205458	-0.205373	-0.208186	-0.218662	-0.236621	-0.260422	-0.281101	-0.29021	-0.281247	-0.260894	-0.245217	-0.247655	-0.273751	-0.313108	-0.360809	-0.396871	-0.398079	-0.363216	-0.30833	-0.268527	-0.251786	
-0.291837	-0.270568	-0.249524	-0.229525	-0.218836	-0.21592	-0.224445	-0.241728	-0.261134	-0.284758	-0.300704	-0.306728	-0.294986	-0.269889	-0.256786	-0.26141	-0.28822	-0.325278	-0.364726	-0.398079	-0.400591	-0.364941	-0.311102	-0.274348	-0.26012	
-0.355375	-0.336417	-0.317717	-0.291289	-0.276181	-0.274416	-0.283124	-0.30781	-0.328941	-0.348382	-0.361858	-0.355767	-0.332451	-0.296318	-0.268819	-0.265402	-0.283277	-0.304274	-0.334381	-0.363216	-0.364941	-0.339127	-0.288324	-0.255189	-0.243578	
-0.444193	-0.438585	-0.426145	-0.405902	-0.39139	-0.389364	-0.398655	-0.41836	-0.434266	-0.442763	-0.440555	-0.416158	-0.373829	-0.320079	-0.279512	-0.267243	-0.270325	-0.27879	-0.292817	-0.30833	-0.311102	-0.288324	-0.24203	-0.21123	-0.195714	
-0.539253	-0.555236	-0.555712	-0.549804	-0.543468	-0.540645	-0.547769	-0.554143	-0.556243	-0.54827	-0.521647	-0.474609	-0.407462	-0.333992	-0.281658	-0.258851	-0.252566	-0.253153	-0.257474	-0.268527	-0.274348	-0.255189	-0.21123	-0.167808	-0.130536	
-0.625565	-0.65932	-0.672893	-0.680288	-0.681959	-0.681318	-0.682054	-0.675882	-0.666453	-0.641488	-0.596424	-0.528245	-0.434885	-0.346338	-0.280542	-0.247154	-0.238202	-0.233336	-0.2378	-0.251786	-0.26012	-0.243578	-0.195714	-0.130536	-0.0586307	
