0.0564235	0.0295602	0.00385602	-0.0277936	-0.04999	-0.054276	-0.0386668	-0.00877638	0.0202226	0.0440388	0.0813806	0.152371	0.25454	0.362069	0.46188	0.554211	0.653354	0.757841	0.84392	0.883309	0.886398	0.862261	0.803352	0.706337	0.579389	
0.11093	0.0911596	0.0696536	0.0483957	0.0317663	0.0274146	0.0410106	0.0608827	0.0832198	0.101964	0.132327	0.195518	0.289176	0.403384	0.516202	0.622949	0.741863	0.861523	0.958457	1.00826	1.01142	0.978681	0.912691	0.804025	0.66089	
0.124279	0.0977804	0.0755346	0.058209	0.0483273	0.0451395	0.0536566	0.0675194	0.0888692	0.112022	0.149132	0.209604	0.300838	0.421897	0.551395	0.682786	0.824966	0.955181	1.05201	1.09949	1.10663	1.07341	1.00482	0.891245	0.734538	
0.0926933	0.0579815	0.0307834	0.00878371	-0.00105156	-0.00216682	0.00353179	0.0203114	0.0478316	0.0764653	0.120959	0.184356	0.279438	0.409166	0.555323	0.7068	0.867841	1.00947	1.11025	1.15869	1.17068	1.14295	1.07367	0.951208	0.782058	
0.0149705	-0.0220837	-0.0535316	-0.0794075	-0.087191	-0.0880822	-0.084466	-0.0653093	-0.0350016	-0.00132409	0.0450584	0.114079	0.214968	0.349263	0.509519	0.674323	0.844005	0.999624	1.11363	1.18022	1.20198	1.17906	1.11147	0.984348	0.808552	
-0.0868033	-0.128594	-0.15932	-0.180854	-0.180961	-0.179623	-0.182779	-0.169876	-0.141997	-0.104838	-0.0547138	0.0163931	0.113622	0.242321	0.404978	0.578794	0.756843	0.920233	1.0529	1.14705	1.19259	1.1859	1.11941	0.993982	0.827735	
-0.208247	-0.25028	-0.274739	-0.280926	-0.271179	-0.268955	-0.277373	-0.279705	-0.262236	-0.226376	-0.176518	-0.108269	-0.0209119	0.0974268	0.255564	0.435184	0.622058	0.791946	0.93537	1.04816	1.12112	1.14142	1.08639	0.972596	0.823971	
-0.331739	-0.367298	-0.376687	-0.369891	-0.355975	-0.353006	-0.364531	-0.375501	-0.374365	-0.348267	-0.302749	-0.242323	-0.161452	-0.0516819	0.0948199	0.268073	0.45364	0.625674	0.775596	0.901194	0.995073	1.04169	1.01616	0.926839	0.806203	
-0.424639	-0.446983	-0.441894	-0.42422	-0.410496	-0.408327	-0.417546	-0.434905	-0.448074	-0.436111	-0.401807	-0.346573	-0.270641	-0.169676	-0.0399154	0.113455	0.28325	0.44979	0.600234	0.736115	0.84683	0.912077	0.915905	0.871451	0.793335	
-0.460209	-0.466783	-0.449833	-0.424821	-0.406543	-0.403656	-0.415636	-0.44001	-0.46247	-0.466398	-0.442856	-0.395425	-0.330017	-0.244106	-0.137209	-0.0120399	0.133709	0.28311	0.428521	0.56898	0.695933	0.780239	0.811889	0.809326	0.784477	
-0.429932	-0.423786	-0.401615	-0.37429	-0.351496	-0.346997	-0.363529	-0.390878	-0.416102	-0.430724	-0.419023	-0.383304	-0.33743	-0.27866	-0.200222	-0.105125	0.00648773	0.132419	0.265633	0.404382	0.5432	0.64839	0.709753	0.744059	0.764879	
-0.340782	-0.32753	-0.310018	-0.292414	-0.276627	-0.272654	-0.28562	-0.303242	-0.320002	-0.33755	-0.336832	-0.31565	-0.295374	-0.271144	-0.228179	-0.165807	-0.0890492	0.00757008	0.122012	0.253246	0.391415	0.509202	0.599093	0.670423	0.731584	
-0.212278	-0.197983	-0.19108	-0.191867	-0.191616	-0.191448	-0.191731	-0.191734	-0.193293	-0.207639	-0.214633	-0.213887	-0.21844	-0.22581	-0.218789	-0.190243	-0.141481	-0.0732045	0.0183182	0.131227	0.258176	0.375752	0.485382	0.589435	0.688064	
-0.0758443	-0.0665892	-0.0707223	-0.0860493	-0.102239	-0.10438	-0.093614	-0.075619	-0.0667619	-0.0715825	-0.083475	-0.103649	-0.129678	-0.155573	-0.172468	-0.168742	-0.144621	-0.0982396	-0.035675	0.049505	0.151395	0.25612	0.370774	0.496107	0.625901	
0.0411445	0.0442556	0.033097	0.0115113	-0.0123143	-0.0181797	0.00135267	0.0258286	0.0415449	0.0439334	0.0315923	0.00234627	-0.0346129	-0.0662177	-0.0885359	-0.09921	-0.0916279	-0.0717942	-0.0414361	0.00959661	0.0750941	0.155519	0.258517	0.386112	0.531037	
0.121462	0.121016	0.108592	0.0852579	0.0621655	0.0578054	0.0743225	0.100219	0.11784	0.122646	0.113945	0.0881445	0.0586525	0.0328534	0.01266	0.00313217	0.000699296	-0.00512127	-0.00882653	-0.00223606	0.0201986	0.0633045	0.139809	0.25339	0.398482	
0.168437	0.165999	0.150338	0.127733	0.111539	0.109053	0.120295	0.141129	0.161197	0.169679	0.164079	0.153733	0.142271	0.12874	0.117005	0.108689	0.0999386	0.0761931	0.0395545	0.00456737	-0.020468	-0.0168111	0.0291852	0.123017	0.257754	
0.196168	0.185376	0.163568	0.13738	0.122704	0.120874	0.130423	0.152131	0.177753	0.193255	0.199372	0.205579	0.21143	0.20892	0.200202	0.189301	0.173957	0.137976	0.0863618	0.0200597	-0.0439412	-0.0759249	-0.0602945	0.00900413	0.127995	
0.198068	0.175977	0.149709	0.122463	0.103269	0.0998344	0.113393	0.138287	0.166477	0.18938	0.210829	0.235119	0.256874	0.265039	0.257434	0.241849	0.222503	0.183418	0.12385	0.0376981	-0.0539026	-0.117202	-0.127989	-0.0842626	0.00813948	
0.177053	0.138064	0.1043	0.0741663	0.0523457	0.047144	0.0637227	0.0918029	0.124256	0.160691	0.202154	0.245359	0.284077	0.305851	0.299846	0.274081	0.248058	0.208171	0.141121	0.0451922	-0.0607479	-0.142607	-0.174912	-0.156824	-0.0965395	
0.138734	0.0856287	0.0430376	0.0120961	-0.00691577	-0.0102365	0.00300043	0.0292764	0.0676341	0.115697	0.175469	0.2381	0.294333	0.334563	0.336617	0.304516	0.267472	0.220675	0.149802	0.0502891	-0.0559978	-0.146513	-0.200179	-0.211447	-0.184184	
0.0769575	0.0295251	-0.00596893	-0.0320886	-0.0416427	-0.042147	-0.0377683	-0.0181388	0.0141365	0.0551802	0.117548	0.196492	0.273141	0.329422	0.346491	0.323184	0.282469	0.232596	0.159827	0.0645289	-0.0364012	-0.131854	-0.204238	-0.247973	-0.257585	
0.00816021	-0.0191373	-0.0373559	-0.0522034	-0.0521844	-0.0504548	-0.053923	-0.0448212	-0.026355	-0.00592805	0.0426084	0.127291	0.215431	0.28218	0.312552	0.304983	0.277012	0.234736	0.168064	0.0852469	-0.00951597	-0.104619	-0.191414	-0.264258	-0.310232	
-0.0457971	-0.0573683	-0.0595197	-0.0590763	-0.049409	-0.0454915	-0.0566079	-0.0599075	-0.0585372	-0.0538045	-0.0204738	0.0486842	0.131891	0.2067	0.25258	0.265149	0.253232	0.226311	0.175193	0.107063	0.0252237	-0.0731914	-0.175114	-0.271617	-0.347746	
-0.0821733	-0.0881853	-0.07984	-0.0679367	-0.0546086	-0.0512179	-0.0625304	-0.0749091	-0.0857975	-0.0878797	-0.06514	-0.0187292	0.0436177	0.119337	0.183667	0.214744	0.221231	0.212174	0.177897	0.13039	0.058863	-0.0430843	-0.165012	-0.285921	-0.3824	
-0.106397	-0.107934	-0.0950935	-0.0840346	-0.0779279	-0.0764909	-0.0817193	-0.089388	-0.103651	-0.110114	-0.0940273	-0.0615267	-0.0158997	0.048907	0.116244	0.164517	0.191328	0.200506	0.181423	0.143348	0.0780195	-0.0251392	-0.157127	-0.29226	-0.400999	
-0.107934	-0.109767	-0.107023	-0.108558	-0.111722	-0.111588	-0.110289	-0.106845	-0.107925	-0.110126	-0.0980844	-0.0706307	-0.0359033	0.00910651	0.0625934	0.118162	0.163324	0.18543	0.176966	0.142612	0.0795788	-0.0185082	-0.144231	-0.277716	-0.391184	
-0.0950935	-0.107023	-0.122102	-0.136985	-0.141546	-0.141553	-0.139499	-0.129223	-0.112617	-0.0996668	-0.0863995	-0.0683567	-0.0465424	-0.0204952	0.021553	0.0797543	0.134795	0.16189	0.158389	0.129241	0.06725	-0.0266984	-0.141822	-0.26425	-0.36984	
-0.0840346	-0.108558	-0.136985	-0.156999	-0.168415	-0.169362	-0.162259	-0.146356	-0.120162	-0.0930357	-0.0731646	-0.061888	-0.0557811	-0.0425816	-0.00896508	0.0493383	0.106672	0.134787	0.135284	0.105907	0.04462	-0.045315	-0.149373	-0.253856	-0.344465	
-0.0779279	-0.111722	-0.141546	-0.168415	-0.193334	-0.199338	-0.179129	-0.152594	-0.123877	-0.0916013	-0.0616924	-0.0498322	-0.0509578	-0.0488585	-0.0241574	0.0276465	0.0861568	0.118408	0.120713	0.0855582	0.0202414	-0.0660151	-0.156012	-0.243796	-0.322773	
-0.0764909	-0.111588	-0.141553	-0.169362	-0.199338	-0.206317	-0.182185	-0.152651	-0.123755	-0.0906725	-0.0593425	-0.0455381	-0.0485329	-0.0481948	-0.0262837	0.0228577	0.081735	0.116419	0.118198	0.0822411	0.0140467	-0.0697591	-0.156718	-0.241111	-0.317981	
-0.0817193	-0.110289	-0.139499	-0.162259	-0.179129	-0.182185	-0.170023	-0.149603	-0.122672	-0.0926746	-0.0683425	-0.0581026	-0.055357	-0.0466882	-0.0167865	0.0392318	0.0968213	0.12717	0.128682	0.0958724	0.0338295	-0.0545789	-0.152367	-0.249607	-0.334687	
-0.089388	-0.106845	-0.129223	-0.146356	-0.152594	-0.152651	-0.149603	-0.137763	-0.115445	-0.0957249	-0.0805397	-0.06579	-0.0516438	-0.0310255	0.00783952	0.0665533	0.123382	0.150368	0.148282	0.120829	0.0592832	-0.0326273	-0.144612	-0.26068	-0.359895	
-0.103651	-0.107925	-0.112617	-0.120162	-0.123877	-0.123755	-0.122672	-0.115445	-0.109502	-0.106042	-0.0944491	-0.070253	-0.0400582	-0.0034878	0.0449373	0.102663	0.152167	0.177309	0.170535	0.13903	0.076552	-0.0204802	-0.141609	-0.271087	-0.383068	
-0.110114	-0.110126	-0.0996668	-0.0930357	-0.0916013	-0.0906725	-0.0926746	-0.0957249	-0.106042	-0.112575	-0.0987887	-0.0683803	-0.0276506	0.0300504	0.0924452	0.144803	0.180032	0.195327	0.181757	0.145046	0.0801383	-0.021392	-0.152367	-0.287953	-0.399776	
-0.0940273	-0.0980844	-0.0863995	-0.0731646	-0.0616924	-0.0593425	-0.0683425	-0.0805397	-0.0944491	-0.0987887	-0.0792223	-0.0398544	0.0149765	0.0877379	0.156103	0.194258	0.20894	0.207691	0.179306	0.137163	0.068884	-0.0342243	-0.161894	-0.290812	-0.393171	
-0.0615267	-0.0706307	-0.0683567	-0.061888	-0.0498322	-0.0455381	-0.0581026	-0.06579	-0.070253	-0.0683803	-0.0398544	0.0199806	0.0952311	0.171816	0.225269	0.245877	0.240683	0.220646	0.176119	0.116528	0.0397486	-0.0596587	-0.17046	-0.277194	-0.362206	
-0.0158997	-0.0359033	-0.0465424	-0.0557811	-0.0509578	-0.0485329	-0.055357	-0.0516438	-0.0400582	-0.0276506	0.0149765	0.0952311	0.184136	0.254284	0.290817	0.290818	0.26956	0.232466	0.171698	0.0934529	0.00370879	-0.092669	-0.184392	-0.266942	-0.32623	
0.048907	0.00910651	-0.0204952	-0.0425816	-0.0488585	-0.0481948	-0.0466882	-0.0310255	-0.0034878	0.0300504	0.0877379	0.171816	0.254284	0.315449	0.337739	0.319663	0.282441	0.234674	0.163152	0.07253	-0.0269547	-0.121877	-0.20032	-0.256323	-0.281071	
0.116244	0.0625934	0.021553	-0.00896508	-0.0241574	-0.0262837	-0.0167865	0.00783952	0.0449373	0.0924452	0.156103	0.225269	0.290817	0.337739	0.345384	0.315601	0.275255	0.225865	0.154002	0.0546696	-0.0490336	-0.14282	-0.204518	-0.228863	-0.21589	
0.164517	0.118162	0.0797543	0.0493383	0.0276465	0.0228577	0.0392318	0.0665533	0.102663	0.144803	0.194258	0.245877	0.290818	0.319663	0.315601	0.285959	0.256181	0.213349	0.144485	0.0467616	-0.0606445	-0.146405	-0.187436	-0.180512	-0.13352	
0.191328	0.163324	0.134795	0.106672	0.0861568	0.081735	0.0968213	0.123382	0.152167	0.180032	0.20894	0.240683	0.26956	0.282441	0.275255	0.256181	0.234529	0.196105	0.133047	0.0417238	-0.0577095	-0.130086	-0.1492	-0.115787	-0.0360951	
0.200506	0.18543	0.16189	0.134787	0.118408	0.116419	0.12717	0.150368	0.177309	0.195327	0.207691	0.220646	0.232466	0.234674	0.225865	0.213349	0.196105	0.157996	0.103734	0.0277456	-0.0487366	-0.0936478	-0.0899272	-0.0310381	0.0787481	
0.181423	0.176966	0.158389	0.135284	0.120713	0.118198	0.128682	0.148282	0.170535	0.181757	0.179306	0.176119	0.171698	0.163152	0.154002	0.144485	0.133047	0.103734	0.0583996	0.00984803	-0.0318566	-0.0432564	-0.00957617	0.0751852	0.204501	
0.143348	0.142612	0.129241	0.105907	0.0855582	0.0822411	0.0958724	0.120829	0.13903	0.145046	0.137163	0.116528	0.0934529	0.07253	0.0546696	0.0467616	0.0417238	0.0277456	0.00984803	-0.000834188	0.00194128	0.029327	0.0935875	0.199912	0.341598	
0.0780195	0.0795788	0.06725	0.04462	0.0202414	0.0140467	0.0338295	0.0592832	0.076552	0.0801383	0.068884	0.0397486	0.00370879	-0.0269547	-0.0490336	-0.0606445	-0.0577095	-0.0487366	-0.0318566	0.00194128	0.0509495	0.117441	0.211684	0.335435	0.481065	
-0.0251392	-0.0185082	-0.0266984	-0.045315	-0.0660151	-0.0697591	-0.0545789	-0.0326273	-0.0204802	-0.021392	-0.0342243	-0.0596587	-0.092669	-0.121877	-0.14282	-0.146405	-0.130086	-0.0936478	-0.0432564	0.029327	0.117441	0.214174	0.325805	0.454279	0.59281	
-0.157127	-0.144231	-0.141822	-0.149373	-0.156012	-0.156718	-0.152367	-0.144612	-0.141609	-0.152367	-0.161894	-0.17046	-0.184392	-0.20032	-0.204518	-0.187436	-0.1492	-0.0899272	-0.00957617	0.0935875	0.211684	0.325805	0.439091	0.553931	0.666419	
-0.29226	-0.277716	-0.26425	-0.253856	-0.243796	-0.241111	-0.249607	-0.26068	-0.271087	-0.287953	-0.290812	-0.277194	-0.266942	-0.256323	-0.228863	-0.180512	-0.115787	-0.0310381	0.0751852	0.199912	0.335435	0.454279	0.553931	0.639619	0.71559	
-0.400999	-0.391184	-0.36984	-0.344465	-0.322773	-0.317981	-0.334687	-0.359895	-0.383068	-0.399776	-0.393171	-0.362206	-0.32623	-0.281071	-0.21589	-0.13352	-0.0360951	0.0787481	0.204501	0.341598	0.481065	0.59281	0.666419	0.71559	0.752897	
