-0.333316	-0.402554	-0.455813	-0.484741	-0.486431	-0.464331	-0.427042	-0.385629	-0.342079	-0.287656	-0.214001	-0.151149	-0.0997069	-0.0601905	-0.0252239	0.024507	0.0806084	0.130641	0.164063	0.165627	0.154177	0.13639	0.138151	0.158805	0.183508	
-0.402554	-0.441557	-0.484395	-0.503433	-0.497256	-0.476882	-0.452904	-0.427965	-0.392249	-0.339727	-0.269658	-0.201973	-0.147287	-0.100445	-0.0553439	0.00791616	0.0859077	0.159933	0.213984	0.230376	0.226209	0.220379	0.232223	0.270286	0.332172	
-0.455813	-0.484395	-0.515445	-0.525065	-0.510671	-0.492905	-0.477774	-0.463852	-0.436743	-0.390679	-0.319627	-0.241195	-0.174674	-0.118011	-0.0580328	0.0196536	0.115805	0.209197	0.280691	0.308049	0.31248	0.318062	0.343428	0.401054	0.500974	
-0.484741	-0.503433	-0.525065	-0.533444	-0.534432	-0.528177	-0.519277	-0.506413	-0.486592	-0.445704	-0.37259	-0.286688	-0.213332	-0.140514	-0.0562536	0.0451126	0.160948	0.273465	0.353965	0.384086	0.389991	0.404121	0.442752	0.526272	0.660126	
-0.486431	-0.497256	-0.510671	-0.534432	-0.564034	-0.577146	-0.578731	-0.574251	-0.559079	-0.515807	-0.437107	-0.348356	-0.263117	-0.166418	-0.0559722	0.0718485	0.210507	0.336422	0.422833	0.45399	0.457466	0.47767	0.5304	0.635811	0.794162	
-0.464331	-0.476882	-0.492905	-0.528177	-0.577146	-0.616111	-0.643859	-0.659583	-0.65124	-0.606785	-0.526838	-0.429863	-0.320229	-0.196091	-0.0586585	0.0926077	0.248275	0.385969	0.47674	0.510674	0.516229	0.536466	0.594963	0.709245	0.87465	
-0.427042	-0.452904	-0.477774	-0.519277	-0.578731	-0.643859	-0.699535	-0.730943	-0.72988	-0.693907	-0.615684	-0.506343	-0.36747	-0.215241	-0.0553837	0.114659	0.278933	0.420709	0.514866	0.553169	0.562125	0.575091	0.623433	0.728018	0.879536	
-0.385629	-0.427965	-0.463852	-0.506413	-0.574251	-0.659583	-0.730943	-0.774203	-0.78494	-0.755983	-0.672194	-0.541812	-0.376629	-0.20026	-0.0241832	0.149023	0.306036	0.434385	0.522886	0.562292	0.569596	0.571775	0.599871	0.676438	0.801654	
-0.342079	-0.392249	-0.436743	-0.486592	-0.559079	-0.65124	-0.72988	-0.78494	-0.806739	-0.773058	-0.677843	-0.528731	-0.345865	-0.15433	0.0306932	0.195745	0.328043	0.429024	0.494642	0.518892	0.51311	0.499621	0.504596	0.549225	0.641206	
-0.287656	-0.339727	-0.390679	-0.445704	-0.515807	-0.606785	-0.693907	-0.755983	-0.773058	-0.723193	-0.613946	-0.45242	-0.266886	-0.0758735	0.103461	0.249505	0.353674	0.42066	0.452192	0.44369	0.408633	0.369169	0.350907	0.36637	0.423723	
-0.214001	-0.269658	-0.319627	-0.37259	-0.437107	-0.526838	-0.615684	-0.672194	-0.677843	-0.613946	-0.492398	-0.321889	-0.137886	0.0421409	0.200111	0.317682	0.386526	0.41427	0.401975	0.353624	0.279367	0.208315	0.165937	0.158003	0.177587	
-0.151149	-0.201973	-0.241195	-0.286688	-0.348356	-0.429863	-0.506343	-0.541812	-0.528731	-0.45242	-0.321889	-0.147535	0.0275919	0.183679	0.307673	0.38709	0.415124	0.398942	0.347936	0.261843	0.149226	0.048021	-0.0208063	-0.05904	-0.0681852	
-0.0997069	-0.147287	-0.174674	-0.213332	-0.263117	-0.320229	-0.36747	-0.376629	-0.345865	-0.266886	-0.137886	0.0275919	0.190205	0.325221	0.417852	0.45559	0.433501	0.373049	0.280615	0.158299	0.0237358	-0.10214	-0.195787	-0.258141	-0.294843	
-0.0601905	-0.100445	-0.118011	-0.140514	-0.166418	-0.196091	-0.215241	-0.20026	-0.15433	-0.0758735	0.0421409	0.183679	0.325221	0.439805	0.497454	0.49158	0.425166	0.321562	0.19274	0.0462014	-0.100469	-0.232696	-0.341026	-0.421836	-0.471835	
-0.0252239	-0.0553439	-0.0580328	-0.0562536	-0.0559722	-0.0586585	-0.0553837	-0.0241832	0.0306932	0.103461	0.200111	0.307673	0.417852	0.497454	0.514266	0.46703	0.364193	0.231016	0.0805864	-0.0773403	-0.218444	-0.342159	-0.446405	-0.526415	-0.57923	
0.024507	0.00791616	0.0196536	0.0451126	0.0718485	0.0926077	0.114659	0.149023	0.195745	0.249505	0.317682	0.38709	0.45559	0.49158	0.46703	0.384575	0.25799	0.110681	-0.0439548	-0.198658	-0.323222	-0.428173	-0.509958	-0.570355	-0.61769	
0.0806084	0.0859077	0.115805	0.160948	0.210507	0.248275	0.278933	0.306036	0.328043	0.353674	0.386526	0.415124	0.433501	0.425166	0.364193	0.25799	0.124866	-0.0151046	-0.158081	-0.290809	-0.395885	-0.474428	-0.529813	-0.568036	-0.604125	
0.130641	0.159933	0.209197	0.273465	0.336422	0.385969	0.420709	0.434385	0.429024	0.42066	0.41427	0.398942	0.373049	0.321562	0.231016	0.110681	-0.0151046	-0.138598	-0.254074	-0.357079	-0.430033	-0.475718	-0.505135	-0.525581	-0.54331	
0.164063	0.213984	0.280691	0.353965	0.422833	0.47674	0.514866	0.522886	0.494642	0.452192	0.401975	0.347936	0.280615	0.19274	0.0805864	-0.0439548	-0.158081	-0.254074	-0.34163	-0.408195	-0.444183	-0.458797	-0.46542	-0.465636	-0.464813	
0.165627	0.230376	0.308049	0.384086	0.45399	0.510674	0.553169	0.562292	0.518892	0.44369	0.353624	0.261843	0.158299	0.0462014	-0.0773403	-0.198658	-0.290809	-0.357079	-0.408195	-0.435949	-0.448092	-0.441869	-0.431129	-0.415774	-0.396483	
0.154177	0.226209	0.31248	0.389991	0.457466	0.516229	0.562125	0.569596	0.51311	0.408633	0.279367	0.149226	0.0237358	-0.100469	-0.218444	-0.323222	-0.395885	-0.430033	-0.444183	-0.448092	-0.446311	-0.429423	-0.40288	-0.369581	-0.342133	
0.13639	0.220379	0.318062	0.404121	0.47767	0.536466	0.575091	0.571775	0.499621	0.369169	0.208315	0.048021	-0.10214	-0.232696	-0.342159	-0.428173	-0.474428	-0.475718	-0.458797	-0.441869	-0.429423	-0.404047	-0.364746	-0.327558	-0.307454	
0.138151	0.232223	0.343428	0.442752	0.5304	0.594963	0.623433	0.599871	0.504596	0.350907	0.165937	-0.0208063	-0.195787	-0.341026	-0.446405	-0.509958	-0.529813	-0.505135	-0.46542	-0.431129	-0.40288	-0.364746	-0.322336	-0.293135	-0.282923	
0.158805	0.270286	0.401054	0.526272	0.635811	0.709245	0.728018	0.676438	0.549225	0.36637	0.158003	-0.05904	-0.258141	-0.421836	-0.526415	-0.570355	-0.568036	-0.525581	-0.465636	-0.415774	-0.369581	-0.327558	-0.293135	-0.27378	-0.266298	
0.183508	0.332172	0.500974	0.660126	0.794162	0.87465	0.879536	0.801654	0.641206	0.423723	0.177587	-0.0681852	-0.294843	-0.471835	-0.57923	-0.61769	-0.604125	-0.54331	-0.464813	-0.396483	-0.342133	-0.307454	-0.282923	-0.266298	-0.2522	
0.207996	0.404521	0.619888	0.816374	0.967903	1.04657	1.03956	0.942634	0.75635	0.505278	0.223966	-0.0564211	-0.303963	-0.495309	-0.616291	-0.663078	-0.643669	-0.568509	-0.469775	-0.390708	-0.337676	-0.309187	-0.287744	-0.265232	-0.242291	
0.227889	0.466375	0.722486	0.950551	1.11732	1.19429	1.17549	1.06079	0.852807	0.57872	0.270965	-0.034402	-0.30075	-0.511589	-0.64948	-0.70295	-0.67687	-0.58571	-0.477918	-0.398826	-0.350298	-0.325114	-0.303408	-0.277623	-0.255295	
0.231849	0.502343	0.784317	1.03815	1.22246	1.30372	1.27316	1.14037	0.915194	0.625015	0.301955	-0.0168297	-0.30416	-0.526483	-0.668878	-0.719684	-0.677988	-0.577964	-0.474128	-0.397785	-0.354299	-0.333239	-0.317221	-0.299902	-0.284458	
0.225947	0.517141	0.81887	1.08764	1.28117	1.36057	1.32202	1.17869	0.944907	0.650183	0.318998	-0.016246	-0.31218	-0.537498	-0.672703	-0.710812	-0.662618	-0.564093	-0.464173	-0.387576	-0.34471	-0.328604	-0.328617	-0.324344	-0.314012	
0.211619	0.520635	0.833723	1.10879	1.29956	1.37141	1.32679	1.18349	0.955102	0.661471	0.325671	-0.0194649	-0.322401	-0.542751	-0.668042	-0.70272	-0.655777	-0.562496	-0.46456	-0.379908	-0.332325	-0.322818	-0.335474	-0.340564	-0.334125	
0.207597	0.520385	0.836071	1.11023	1.29967	1.37089	1.32492	1.18269	0.956843	0.665213	0.326031	-0.0183371	-0.323538	-0.542689	-0.666159	-0.701092	-0.656184	-0.563545	-0.46572	-0.37824	-0.329574	-0.320693	-0.335718	-0.343206	-0.336588	
0.21995	0.519635	0.826588	1.09952	1.29265	1.36814	1.32705	1.18334	0.950768	0.655305	0.322342	-0.0187145	-0.317506	-0.54057	-0.671256	-0.707146	-0.658331	-0.56222	-0.463319	-0.384032	-0.339704	-0.326431	-0.33229	-0.332453	-0.324326	
0.231417	0.510255	0.801366	1.06176	1.25163	1.3332	1.29954	1.16076	0.930501	0.637355	0.310309	-0.0149727	-0.306136	-0.531583	-0.672017	-0.717181	-0.672264	-0.571247	-0.469542	-0.394233	-0.351429	-0.332185	-0.321892	-0.309667	-0.297352	
0.230279	0.484226	0.751277	0.991076	1.1651	1.24341	1.21944	1.09725	0.881989	0.600375	0.285314	-0.024815	-0.301706	-0.518209	-0.659388	-0.713856	-0.680844	-0.585265	-0.478443	-0.400068	-0.353868	-0.329952	-0.309164	-0.285731	-0.265406	
0.218231	0.431783	0.665644	0.87511	1.03258	1.10975	1.09806	0.994343	0.798537	0.537227	0.243951	-0.0485766	-0.302543	-0.502062	-0.63062	-0.68028	-0.659905	-0.578235	-0.473828	-0.393848	-0.342354	-0.315403	-0.293975	-0.268747	-0.24453	
0.192758	0.360533	0.547429	0.722716	0.86432	0.944674	0.944644	0.85842	0.687492	0.455103	0.194169	-0.0656162	-0.301522	-0.483306	-0.594423	-0.636125	-0.619283	-0.552649	-0.465322	-0.391126	-0.336467	-0.305448	-0.283073	-0.264375	-0.246451	
0.169332	0.293024	0.437048	0.574267	0.694365	0.772003	0.784877	0.722057	0.580767	0.38499	0.161818	-0.0656047	-0.276021	-0.445401	-0.550386	-0.589989	-0.582397	-0.532467	-0.465027	-0.407589	-0.357118	-0.316703	-0.286907	-0.270223	-0.260391	
0.144987	0.243758	0.360929	0.470261	0.565184	0.63323	0.658054	0.623848	0.516323	0.351625	0.15959	-0.0400893	-0.224409	-0.376972	-0.482038	-0.536662	-0.545931	-0.514259	-0.466469	-0.426261	-0.390178	-0.348667	-0.308084	-0.283137	-0.276034	
0.133645	0.221683	0.325359	0.415066	0.493498	0.554383	0.588801	0.578004	0.498276	0.35888	0.187165	0.0170639	-0.14311	-0.279212	-0.386486	-0.463585	-0.499392	-0.488652	-0.461838	-0.437657	-0.419393	-0.388516	-0.346914	-0.312259	-0.296686	
0.146775	0.223727	0.313689	0.394285	0.462471	0.520485	0.56467	0.569964	0.50724	0.39168	0.248277	0.104627	-0.0305782	-0.155689	-0.269966	-0.367289	-0.429635	-0.450479	-0.451894	-0.44706	-0.441813	-0.421919	-0.389446	-0.352427	-0.326148	
0.162486	0.229584	0.311203	0.386849	0.455445	0.514126	0.55849	0.56752	0.519298	0.432207	0.326467	0.218542	0.10586	-0.0128635	-0.136556	-0.25209	-0.337594	-0.390677	-0.425963	-0.442483	-0.44792	-0.436527	-0.419916	-0.396753	-0.372513	
0.167456	0.225603	0.296588	0.371501	0.441525	0.496157	0.536163	0.54409	0.508658	0.453039	0.386237	0.317563	0.233763	0.134803	0.0171309	-0.10784	-0.213579	-0.297614	-0.372161	-0.422379	-0.446834	-0.452006	-0.450729	-0.444413	-0.435804	
0.147654	0.18487	0.242288	0.311155	0.377728	0.429887	0.465497	0.475736	0.459844	0.437784	0.41469	0.383078	0.340321	0.273117	0.172189	0.0499042	-0.0724905	-0.18563	-0.289968	-0.379268	-0.437226	-0.469236	-0.489353	-0.501971	-0.512419	
0.101019	0.116475	0.154078	0.20825	0.263646	0.306795	0.33935	0.361206	0.372336	0.384804	0.402308	0.413234	0.412805	0.386707	0.313482	0.200004	0.0693193	-0.0651382	-0.198078	-0.319669	-0.413341	-0.479415	-0.523864	-0.554764	-0.584481	
0.0475545	0.038731	0.0570279	0.0898963	0.127564	0.155312	0.181887	0.214451	0.252865	0.29582	0.35033	0.404299	0.453226	0.471188	0.43176	0.337696	0.206179	0.059654	-0.0922119	-0.240068	-0.357216	-0.452532	-0.523702	-0.574569	-0.617881	
-0.00748023	-0.0330373	-0.0298755	-0.0173848	-0.00724151	-5.99521e-05	0.0119742	0.0460159	0.100029	0.16684	0.25303	0.345304	0.439901	0.503196	0.502658	0.440304	0.32697	0.185288	0.0313545	-0.126916	-0.26267	-0.379598	-0.476808	-0.550555	-0.601707	
-0.0468867	-0.0832627	-0.0950833	-0.10884	-0.123996	-0.142194	-0.152225	-0.129825	-0.0786079	-0.00178514	0.108463	0.238202	0.368173	0.470068	0.51258	0.489354	0.40727	0.290311	0.150417	-0.00232403	-0.148732	-0.278947	-0.3885	-0.47168	-0.523702	
-0.0823686	-0.127811	-0.151785	-0.184717	-0.226474	-0.273039	-0.307345	-0.305887	-0.269413	-0.190017	-0.0646263	0.0929306	0.248272	0.376289	0.455603	0.47585	0.435202	0.356428	0.247994	0.114642	-0.0263289	-0.157044	-0.257966	-0.329036	-0.373115	
-0.129327	-0.178305	-0.212452	-0.255406	-0.31448	-0.387452	-0.4543	-0.479174	-0.457757	-0.379573	-0.247897	-0.0750781	0.0953124	0.242093	0.352526	0.415705	0.423816	0.390059	0.323345	0.222516	0.0985208	-0.0134585	-0.0933805	-0.142002	-0.16239	
-0.186614	-0.24106	-0.287594	-0.338139	-0.401431	-0.48892	-0.575327	-0.624308	-0.623911	-0.554238	-0.429535	-0.256278	-0.074804	0.0968843	0.242673	0.345893	0.398873	0.409882	0.380775	0.317458	0.226852	0.142637	0.0901411	0.0708099	0.0777635	
