-0.301769	-0.45271	-0.586493	-0.688988	-0.743049	-0.75084	-0.717468	-0.632143	-0.508582	-0.363733	-0.205699	-0.0495352	0.0965495	0.231124	0.346126	0.425406	0.470395	0.480958	0.454169	0.395204	0.321059	0.24722	0.204258	0.199686	0.220687	
-0.12678	-0.264026	-0.379483	-0.472275	-0.52699	-0.535472	-0.500299	-0.41914	-0.312636	-0.184225	-0.0387762	0.108157	0.238784	0.343486	0.419863	0.453642	0.459112	0.440453	0.393557	0.326336	0.249543	0.174968	0.126917	0.12013	0.143464	
0.042941	-0.0716006	-0.167901	-0.251926	-0.305723	-0.313769	-0.279061	-0.20312	-0.111708	-0.006149	0.120097	0.248975	0.354405	0.426037	0.460294	0.451529	0.414588	0.363324	0.298479	0.226696	0.156141	0.0861838	0.0402684	0.0353002	0.0572915	
0.189513	0.0974861	0.016968	-0.058784	-0.108029	-0.1154	-0.0833712	-0.0135932	0.0646222	0.150368	0.251034	0.349752	0.419086	0.452328	0.450786	0.414081	0.348306	0.274592	0.204734	0.139767	0.0829674	0.0206918	-0.0249142	-0.0340501	-0.0159683	
0.285189	0.212728	0.15412	0.0977469	0.0604824	0.055097	0.0788482	0.131389	0.187992	0.255527	0.330541	0.397072	0.434943	0.431724	0.402564	0.352699	0.274391	0.192573	0.131561	0.082495	0.0367494	-0.0122553	-0.0541996	-0.0657114	-0.0496393	
0.327675	0.277274	0.244433	0.215122	0.196104	0.193293	0.204956	0.232969	0.262371	0.305615	0.362565	0.405514	0.419204	0.396899	0.348351	0.288648	0.211725	0.136857	0.0894272	0.0614623	0.0279804	-0.0127003	-0.0436301	-0.052167	-0.038383	
0.33417	0.301742	0.293084	0.295107	0.289772	0.288538	0.293266	0.29397	0.295493	0.318873	0.357261	0.381114	0.382736	0.350974	0.295417	0.234919	0.167413	0.110785	0.0796677	0.0650932	0.0421566	0.0123998	-0.00342593	0.000970746	0.0174837	
0.299193	0.288187	0.30636	0.337517	0.351755	0.353011	0.345675	0.319393	0.292017	0.29189	0.313019	0.330207	0.330058	0.303575	0.253687	0.195005	0.140361	0.103311	0.0916235	0.0930458	0.0838044	0.0714057	0.0702613	0.0802417	0.0935255	
0.235514	0.247815	0.288177	0.341147	0.373205	0.376537	0.358168	0.30948	0.261482	0.236926	0.241378	0.259233	0.265447	0.252302	0.216805	0.172378	0.137761	0.125252	0.133452	0.150204	0.154273	0.153794	0.16039	0.16597	0.166222	
0.160856	0.190949	0.244518	0.309699	0.352605	0.360061	0.331289	0.270191	0.210586	0.169486	0.159035	0.179938	0.196135	0.190202	0.168137	0.144676	0.137418	0.160716	0.197438	0.233122	0.248591	0.25408	0.255398	0.247936	0.227018	
0.0892081	0.130436	0.187361	0.249718	0.297792	0.306383	0.27256	0.212129	0.15164	0.102701	0.0828959	0.101835	0.119253	0.119663	0.10905	0.103538	0.128608	0.186957	0.256942	0.313778	0.344489	0.35836	0.356307	0.332972	0.290797	
0.0313622	0.0734355	0.126577	0.179556	0.221063	0.227245	0.199899	0.147759	0.0944009	0.0450022	0.0192094	0.0224935	0.0337127	0.0389811	0.0411744	0.0557048	0.109437	0.198232	0.2954	0.372068	0.420449	0.442674	0.441466	0.410317	0.349731	
-0.0146438	0.0300418	0.0788658	0.123868	0.154885	0.159716	0.138747	0.0978355	0.0496234	0.0016436	-0.0342396	-0.0520463	-0.0555677	-0.0481392	-0.0328811	0.00267931	0.0778251	0.190403	0.30455	0.397085	0.459966	0.492113	0.491262	0.455542	0.385786	
-0.0346931	0.0170247	0.0671423	0.108232	0.135889	0.140146	0.121365	0.084844	0.0380783	-0.0147409	-0.0636643	-0.106175	-0.128277	-0.124851	-0.101257	-0.0516293	0.0399356	0.163499	0.286606	0.388325	0.460983	0.501703	0.505559	0.469896	0.398495	
-0.0223356	0.0416028	0.0960123	0.139857	0.170095	0.174249	0.155245	0.114079	0.0649421	0.00409879	-0.0611206	-0.122109	-0.163151	-0.173483	-0.155771	-0.0990231	-0.00378433	0.120567	0.250143	0.356803	0.430823	0.472235	0.484483	0.453663	0.387015	
0.0250022	0.0984874	0.157578	0.202079	0.229103	0.233581	0.215972	0.17635	0.12414	0.0559902	-0.0212509	-0.0939965	-0.151921	-0.184737	-0.182628	-0.130299	-0.0394992	0.0784679	0.200111	0.305346	0.373445	0.411038	0.427875	0.411775	0.35943	
0.0917278	0.173169	0.237445	0.27818	0.296028	0.29876	0.287482	0.256298	0.201547	0.125879	0.0399035	-0.0440985	-0.119387	-0.173098	-0.188296	-0.14947	-0.0683128	0.0326503	0.131318	0.218776	0.278338	0.318599	0.342189	0.339428	0.305144	
0.168551	0.255773	0.323628	0.360706	0.371476	0.371166	0.36734	0.342486	0.286315	0.204334	0.113155	0.017501	-0.0748552	-0.140824	-0.169131	-0.152801	-0.0942701	-0.018887	0.0485654	0.106392	0.15674	0.198686	0.231015	0.240907	0.226653	
0.246685	0.335288	0.403504	0.438179	0.444362	0.443698	0.443203	0.421547	0.366019	0.28347	0.188868	0.0866782	-0.013205	-0.0898189	-0.131839	-0.140423	-0.119468	-0.0799433	-0.0420345	-0.00868112	0.0268942	0.0699618	0.108671	0.134741	0.147617	
0.313387	0.404154	0.46905	0.494081	0.50195	0.504253	0.497686	0.483632	0.434585	0.350465	0.258277	0.162332	0.0630692	-0.0217926	-0.0802575	-0.121225	-0.136123	-0.134409	-0.128818	-0.107943	-0.0793527	-0.0387266	0.00805732	0.0550914	0.0946096	
0.377615	0.460572	0.510758	0.528949	0.536979	0.538059	0.532694	0.520858	0.485493	0.412625	0.326436	0.240003	0.150399	0.0650822	-0.0138881	-0.0778074	-0.123913	-0.157639	-0.17724	-0.174739	-0.151903	-0.109908	-0.0490174	0.0179194	0.0824292	
0.443235	0.505848	0.537354	0.545905	0.551791	0.553445	0.548206	0.54217	0.522598	0.471113	0.397219	0.314286	0.228224	0.14762	0.0654365	-0.0172477	-0.0883608	-0.140434	-0.176996	-0.190299	-0.181039	-0.142436	-0.0750412	0.00682366	0.0868532	
0.498925	0.539056	0.551554	0.548645	0.546853	0.547393	0.546954	0.551785	0.546865	0.517934	0.463005	0.383777	0.296097	0.223798	0.149332	0.0617025	-0.0205363	-0.0829343	-0.131425	-0.159929	-0.174311	-0.151971	-0.087012	0.000549518	0.0890638	
0.529482	0.548573	0.546777	0.537052	0.526736	0.523913	0.532919	0.543352	0.549824	0.5402	0.506197	0.447723	0.375198	0.307661	0.234843	0.155816	0.074186	0.00349676	-0.0549336	-0.103695	-0.137	-0.133303	-0.0833896	-0.00662616	0.0776478	
0.53959	0.538562	0.522135	0.503261	0.491195	0.489014	0.497392	0.513889	0.533388	0.541856	0.531119	0.502574	0.456525	0.393959	0.321368	0.248988	0.177156	0.105361	0.0328685	-0.0302537	-0.0763905	-0.0887828	-0.0617558	-0.00839095	0.058786	
0.534911	0.515994	0.4891	0.470463	0.464944	0.464374	0.467281	0.479397	0.505173	0.528995	0.539534	0.535346	0.514619	0.468093	0.403934	0.338984	0.274202	0.200765	0.121256	0.0503379	-0.00688501	-0.034194	-0.0261712	0.0106985	0.0647025	
0.515994	0.490017	0.469649	0.461746	0.462198	0.462204	0.461913	0.46483	0.480499	0.505384	0.53063	0.546441	0.546071	0.52096	0.479945	0.428296	0.364679	0.288487	0.205649	0.126526	0.0611013	0.0223429	0.0207281	0.0531198	0.106858	
0.4891	0.469649	0.468256	0.474377	0.475253	0.473841	0.476218	0.470546	0.467764	0.478854	0.508306	0.539103	0.552347	0.54455	0.522901	0.488256	0.432181	0.35681	0.272128	0.187814	0.117925	0.0738608	0.0694483	0.104223	0.16303	
0.470463	0.461746	0.474377	0.488693	0.496758	0.49731	0.492957	0.480689	0.465799	0.463301	0.48838	0.525181	0.546563	0.548395	0.537897	0.510274	0.463052	0.393517	0.310641	0.231765	0.161985	0.115841	0.112169	0.153722	0.222174	
0.464944	0.462198	0.475253	0.496758	0.517607	0.520888	0.506492	0.482819	0.465961	0.460803	0.478346	0.513521	0.540774	0.552367	0.545336	0.518397	0.47006	0.401438	0.325565	0.255048	0.192388	0.143884	0.140591	0.190399	0.26884	
0.464374	0.462204	0.473841	0.49731	0.520888	0.525041	0.508571	0.481447	0.465461	0.460996	0.476241	0.511104	0.539838	0.553663	0.546478	0.520719	0.470333	0.400413	0.327178	0.258671	0.197079	0.148354	0.144897	0.195985	0.276598	
0.467281	0.461913	0.476218	0.492957	0.506492	0.508571	0.499339	0.483132	0.466651	0.461398	0.483442	0.520028	0.543757	0.549153	0.541336	0.513705	0.467775	0.399414	0.318376	0.244124	0.177614	0.129479	0.125638	0.171684	0.244684	
0.479397	0.46483	0.470546	0.480689	0.482819	0.481447	0.483132	0.474802	0.465719	0.470539	0.498858	0.533628	0.551045	0.547513	0.53075	0.501204	0.448996	0.375098	0.291231	0.206986	0.136224	0.091878	0.0879995	0.124279	0.186413	
0.505173	0.480499	0.467764	0.465799	0.465961	0.465461	0.466651	0.465719	0.473929	0.494242	0.52247	0.545459	0.551027	0.533869	0.502039	0.456985	0.395328	0.319325	0.235309	0.153007	0.0857138	0.0442698	0.0406562	0.0735278	0.128214	
0.528995	0.505384	0.478854	0.463301	0.460803	0.460996	0.461398	0.470539	0.494242	0.520387	0.538657	0.542545	0.530438	0.492079	0.436621	0.375795	0.311511	0.237202	0.155868	0.0826914	0.0212183	-0.01171	-0.00862392	0.0248237	0.078334	
0.539534	0.53063	0.508306	0.48838	0.478346	0.476241	0.483442	0.498858	0.52247	0.538657	0.536185	0.518404	0.483036	0.425622	0.35419	0.285403	0.216805	0.143648	0.0685069	0.00159354	-0.048669	-0.067144	-0.0493647	-0.00391931	0.0562115	
0.535346	0.546441	0.539103	0.525181	0.513521	0.511104	0.520028	0.533628	0.545459	0.542545	0.518404	0.471718	0.40948	0.342908	0.270228	0.193665	0.115632	0.0445463	-0.020652	-0.0756318	-0.114793	-0.11836	-0.0767269	-0.00855349	0.0700256	
0.514619	0.546071	0.552347	0.546563	0.540774	0.539838	0.543757	0.551045	0.551027	0.530438	0.483036	0.40948	0.325366	0.256113	0.182809	0.0980925	0.0150165	-0.0517191	-0.103601	-0.140359	-0.163329	-0.148009	-0.0876953	-0.00250743	0.0857109	
0.468093	0.52096	0.54455	0.548395	0.552367	0.553663	0.549153	0.547513	0.533869	0.492079	0.425622	0.342908	0.256113	0.178702	0.0992778	0.0118841	-0.0653841	-0.121926	-0.16324	-0.182552	-0.181924	-0.148539	-0.0811881	0.00409108	0.0890124	
0.403934	0.479945	0.522901	0.537897	0.545336	0.546478	0.541336	0.53075	0.502039	0.436621	0.35419	0.270228	0.182809	0.0992778	0.0167245	-0.055619	-0.112826	-0.155632	-0.183273	-0.188019	-0.168725	-0.126593	-0.0616763	0.0119161	0.0832705	
0.338984	0.428296	0.488256	0.510274	0.518397	0.520719	0.513705	0.501204	0.456985	0.375795	0.285403	0.193665	0.0980925	0.0118841	-0.055619	-0.106888	-0.134639	-0.148145	-0.153538	-0.139007	-0.113149	-0.0720374	-0.0194429	0.0353913	0.085011	
0.274202	0.364679	0.432181	0.463052	0.47006	0.470333	0.467775	0.448996	0.395328	0.311511	0.216805	0.115632	0.0150165	-0.0653841	-0.112826	-0.134639	-0.128742	-0.104174	-0.0792438	-0.051546	-0.0191566	0.0226132	0.0636367	0.0978417	0.122177	
0.200765	0.288487	0.35681	0.393517	0.401438	0.400413	0.399414	0.375098	0.319325	0.237202	0.143648	0.0445463	-0.0517191	-0.121926	-0.155632	-0.148145	-0.104174	-0.042446	0.0131061	0.0598691	0.104188	0.146658	0.182037	0.197727	0.193334	
0.121256	0.205649	0.272128	0.310641	0.325565	0.327178	0.318376	0.291231	0.235309	0.155868	0.0685069	-0.020652	-0.103601	-0.16324	-0.183273	-0.153538	-0.0792438	0.0131061	0.0987433	0.175473	0.232181	0.273287	0.300408	0.302337	0.275868	
0.0503379	0.126526	0.187814	0.231765	0.255048	0.258671	0.244124	0.206986	0.153007	0.0826914	0.00159354	-0.0756318	-0.140359	-0.182552	-0.188019	-0.139007	-0.051546	0.0598691	0.175473	0.27515	0.339499	0.377764	0.396953	0.38642	0.34088	
-0.00688501	0.0611013	0.117925	0.161985	0.192388	0.197079	0.177614	0.136224	0.0857138	0.0212183	-0.048669	-0.114793	-0.163329	-0.181924	-0.168725	-0.113149	-0.0191566	0.104188	0.232181	0.339499	0.412391	0.451261	0.46537	0.440571	0.378784	
-0.034194	0.0223429	0.0738608	0.115841	0.143884	0.148354	0.129479	0.091878	0.0442698	-0.01171	-0.067144	-0.11836	-0.148009	-0.148539	-0.126593	-0.0720374	0.0226132	0.146658	0.273287	0.377764	0.451261	0.493839	0.501446	0.466692	0.395843	
-0.0261712	0.0207281	0.0694483	0.112169	0.140591	0.144897	0.125638	0.0879995	0.0406562	-0.00862392	-0.0493647	-0.0767269	-0.0876953	-0.0811881	-0.0616763	-0.0194429	0.0636367	0.182037	0.300408	0.396953	0.46537	0.501446	0.501571	0.465584	0.394072	
0.0106985	0.0531198	0.104223	0.153722	0.190399	0.195985	0.171684	0.124279	0.0735278	0.0248237	-0.00391931	-0.00855349	-0.00250743	0.00409108	0.0119161	0.0353913	0.0978417	0.197727	0.302337	0.38642	0.440571	0.466692	0.465584	0.432268	0.366696	
0.0647025	0.106858	0.16303	0.222174	0.26884	0.276598	0.244684	0.186413	0.128214	0.078334	0.0562115	0.0700256	0.0857109	0.0890124	0.0832705	0.085011	0.122177	0.193334	0.275868	0.34088	0.378784	0.395843	0.394072	0.366696	0.316752	
