-0.353731	-0.296661	-0.251006	-0.20703	-0.186125	-0.184356	-0.194767	-0.23221	-0.278684	-0.32846	-0.394183	-0.462263	-0.5121	-0.528887	-0.492128	-0.410079	-0.297011	-0.174826	-0.0448501	0.082089	0.220588	0.375035	0.521914	0.654643	0.75979	
-0.342618	-0.322156	-0.304434	-0.274177	-0.254213	-0.251102	-0.263759	-0.293019	-0.316403	-0.332453	-0.360647	-0.396805	-0.423148	-0.424264	-0.385642	-0.315181	-0.221346	-0.120227	-0.0218055	0.07249	0.175259	0.293237	0.409627	0.522403	0.626824	
-0.259939	-0.273717	-0.277064	-0.268048	-0.25617	-0.253638	-0.263153	-0.274643	-0.276892	-0.264947	-0.2562	-0.257328	-0.258494	-0.241644	-0.201843	-0.139621	-0.0732997	-0.00785166	0.0496628	0.106889	0.178074	0.254772	0.335307	0.424	0.515361	
-0.118219	-0.160368	-0.189442	-0.203195	-0.201542	-0.20075	-0.203512	-0.197248	-0.173598	-0.135944	-0.0937828	-0.0646171	-0.0412725	-0.0117389	0.0232724	0.0678692	0.109175	0.143915	0.16545	0.190368	0.226003	0.260146	0.298242	0.353283	0.419086	
0.05682	-0.017238	-0.0743288	-0.105234	-0.112093	-0.111615	-0.110243	-0.0898073	-0.0431002	0.0260729	0.100509	0.158078	0.196619	0.228391	0.255211	0.281211	0.302953	0.309463	0.299039	0.292965	0.296401	0.288565	0.282736	0.300599	0.333207	
0.246393	0.146954	0.065174	0.0107038	-0.0146889	-0.0183676	-0.00259989	0.0402828	0.110909	0.205907	0.304815	0.3843	0.42779	0.451755	0.463672	0.471319	0.47253	0.455019	0.420535	0.389541	0.358141	0.315923	0.278894	0.257979	0.252012	
0.415866	0.309347	0.212695	0.137357	0.0963005	0.0892503	0.116935	0.179028	0.268494	0.373731	0.476998	0.565252	0.616042	0.640058	0.637103	0.620376	0.596262	0.559622	0.510844	0.462763	0.401583	0.332833	0.273109	0.226186	0.192322	
0.536877	0.431362	0.333674	0.257839	0.220184	0.215212	0.238058	0.29921	0.390841	0.494713	0.596459	0.680213	0.735517	0.761318	0.751284	0.716291	0.668686	0.617073	0.567774	0.513786	0.442095	0.353587	0.26931	0.206584	0.162073	
0.590115	0.491939	0.40623	0.347553	0.322083	0.319181	0.333553	0.378786	0.456112	0.548974	0.649545	0.73051	0.787913	0.809348	0.802049	0.760442	0.701544	0.646022	0.602203	0.553539	0.482069	0.386908	0.289867	0.212782	0.154296	
0.587312	0.505044	0.436308	0.392065	0.376393	0.375875	0.38242	0.414973	0.476221	0.552861	0.640571	0.720713	0.780021	0.808906	0.805635	0.76985	0.719482	0.667463	0.62945	0.586046	0.517464	0.420014	0.318126	0.229141	0.161609	
0.534373	0.465247	0.401854	0.368782	0.359763	0.357879	0.36339	0.384736	0.437428	0.506686	0.58031	0.656264	0.722228	0.766898	0.785034	0.76973	0.738285	0.69464	0.655151	0.613037	0.543848	0.442992	0.339899	0.254804	0.190506	
0.434339	0.363278	0.305703	0.273611	0.261713	0.259618	0.267234	0.289713	0.337798	0.404312	0.482459	0.561101	0.633546	0.695712	0.738156	0.754463	0.747143	0.709646	0.667439	0.622348	0.557264	0.467879	0.374122	0.298599	0.244445	
0.294876	0.222305	0.168067	0.130646	0.109666	0.106068	0.120444	0.151368	0.198535	0.26379	0.344617	0.434594	0.524459	0.602755	0.66391	0.707669	0.719308	0.69342	0.650789	0.606555	0.558426	0.496009	0.423889	0.360941	0.316179	
0.134007	0.0632784	0.00247978	-0.0457973	-0.0746048	-0.0787981	-0.0599801	-0.0187254	0.0377106	0.104597	0.182679	0.275058	0.382494	0.481067	0.563232	0.624937	0.654923	0.647255	0.617737	0.584282	0.553782	0.518546	0.480981	0.443682	0.410506	
-0.027459	-0.102432	-0.173937	-0.234045	-0.271454	-0.278922	-0.25199	-0.200053	-0.132849	-0.0571706	0.0209589	0.112984	0.221603	0.335021	0.439502	0.520938	0.570847	0.584638	0.57121	0.552974	0.542981	0.541501	0.537631	0.529757	0.514455	
-0.180345	-0.262084	-0.343134	-0.41243	-0.456595	-0.465719	-0.433649	-0.372672	-0.295645	-0.212594	-0.128742	-0.0336149	0.07057	0.190875	0.309868	0.408369	0.478575	0.512051	0.519046	0.521172	0.536642	0.563425	0.583086	0.595692	0.597168	
-0.334415	-0.419944	-0.503323	-0.568351	-0.603601	-0.610263	-0.586275	-0.53225	-0.454068	-0.368989	-0.279827	-0.180481	-0.0639209	0.0646476	0.192965	0.299885	0.383858	0.443103	0.478093	0.5055	0.544096	0.588607	0.62193	0.646633	0.64753	
-0.482944	-0.572261	-0.645014	-0.693198	-0.714106	-0.716496	-0.70474	-0.667498	-0.603163	-0.520319	-0.424524	-0.316649	-0.190231	-0.0529078	0.0782554	0.192015	0.290318	0.372523	0.437545	0.493144	0.555828	0.617246	0.664033	0.690384	0.685725	
-0.60622	-0.691401	-0.749006	-0.778966	-0.794138	-0.79681	-0.786378	-0.763935	-0.717844	-0.642969	-0.545993	-0.434406	-0.310001	-0.176988	-0.0427554	0.0817608	0.192237	0.288786	0.376533	0.460875	0.547583	0.626655	0.693147	0.730995	0.729641	
-0.686518	-0.752132	-0.795218	-0.816056	-0.828476	-0.831084	-0.821658	-0.806086	-0.772401	-0.715396	-0.635783	-0.536999	-0.421535	-0.300919	-0.171272	-0.0401191	0.0824247	0.191441	0.294847	0.398592	0.504269	0.604514	0.690009	0.745283	0.760058	
-0.719877	-0.757806	-0.782267	-0.798045	-0.807183	-0.808358	-0.802446	-0.789637	-0.768345	-0.7373	-0.687061	-0.611666	-0.519233	-0.415617	-0.301502	-0.17213	-0.040223	0.0801231	0.194223	0.305487	0.425573	0.546878	0.650791	0.724533	0.771729	
-0.721144	-0.730806	-0.730664	-0.733897	-0.739849	-0.741408	-0.736495	-0.731002	-0.730941	-0.727737	-0.703382	-0.655713	-0.594094	-0.517346	-0.417099	-0.298967	-0.174034	-0.0476708	0.0705421	0.18859	0.322354	0.462576	0.587093	0.68428	0.756073	
-0.700005	-0.68565	-0.661941	-0.651845	-0.652133	-0.651841	-0.651622	-0.656123	-0.675645	-0.697486	-0.696661	-0.679716	-0.647656	-0.594191	-0.51608	-0.417746	-0.305022	-0.184282	-0.0622141	0.0640579	0.205828	0.362609	0.50871	0.622685	0.712383	
-0.657732	-0.623106	-0.584527	-0.560789	-0.552057	-0.551191	-0.555898	-0.573046	-0.607673	-0.644419	-0.67319	-0.684129	-0.677269	-0.649127	-0.601947	-0.529155	-0.431029	-0.316325	-0.190614	-0.05132	0.0933315	0.250592	0.41192	0.545823	0.649256	
-0.604125	-0.553171	-0.50135	-0.466056	-0.449427	-0.446501	-0.457286	-0.485199	-0.531141	-0.584232	-0.630798	-0.668627	-0.689132	-0.690962	-0.67437	-0.627536	-0.544273	-0.43349	-0.300347	-0.150835	-0.00423826	0.151512	0.317151	0.465297	0.57763	
-0.544865	-0.480375	-0.417003	-0.372015	-0.347503	-0.34361	-0.359651	-0.395717	-0.453884	-0.519735	-0.581283	-0.637583	-0.685566	-0.715597	-0.723359	-0.704411	-0.64472	-0.536141	-0.395973	-0.24188	-0.0894997	0.06929	0.231389	0.382626	0.499949	
-0.480375	-0.406159	-0.337805	-0.291714	-0.265716	-0.261117	-0.279052	-0.316033	-0.376601	-0.451008	-0.524435	-0.595146	-0.662828	-0.71393	-0.749446	-0.759695	-0.723526	-0.625186	-0.482713	-0.32528	-0.167249	-0.00313217	0.160619	0.309746	0.431664	
-0.417003	-0.337805	-0.27177	-0.231451	-0.214728	-0.212268	-0.222541	-0.252548	-0.308666	-0.384511	-0.467309	-0.552075	-0.631311	-0.704287	-0.765244	-0.79623	-0.775734	-0.691944	-0.563525	-0.408006	-0.242467	-0.0684374	0.104314	0.255648	0.368931	
-0.372015	-0.291714	-0.231451	-0.204118	-0.201454	-0.201645	-0.201166	-0.216846	-0.264225	-0.337823	-0.427426	-0.52315	-0.6162	-0.70162	-0.777301	-0.814847	-0.800293	-0.732481	-0.62248	-0.477674	-0.306969	-0.121485	0.0632041	0.220946	0.337976	
-0.347503	-0.265716	-0.214728	-0.201454	-0.209763	-0.211934	-0.203622	-0.205547	-0.240982	-0.312246	-0.407273	-0.511059	-0.613373	-0.70602	-0.784668	-0.825914	-0.815368	-0.750092	-0.651647	-0.520793	-0.348219	-0.153312	0.0388621	0.205916	0.329342	
-0.34361	-0.261117	-0.212268	-0.201645	-0.211934	-0.214553	-0.204917	-0.203804	-0.236511	-0.308226	-0.403849	-0.509851	-0.612771	-0.707266	-0.785978	-0.828156	-0.818417	-0.751821	-0.656284	-0.529585	-0.356739	-0.158584	0.0346434	0.203611	0.327049	
-0.359651	-0.279052	-0.222541	-0.201166	-0.203622	-0.204917	-0.200997	-0.210054	-0.252598	-0.325307	-0.41709	-0.516507	-0.614346	-0.703003	-0.780985	-0.820158	-0.807195	-0.741875	-0.637712	-0.498869	-0.326501	-0.136998	0.0513782	0.213018	0.333128	
-0.395717	-0.316033	-0.252548	-0.216846	-0.205547	-0.203804	-0.210054	-0.23492	-0.287895	-0.362422	-0.448774	-0.538564	-0.623345	-0.702009	-0.770289	-0.805281	-0.788343	-0.711374	-0.590293	-0.437914	-0.269912	-0.0918894	0.0860449	0.23943	0.352632	
-0.453884	-0.376601	-0.308666	-0.264225	-0.240982	-0.236511	-0.252598	-0.287895	-0.346833	-0.423071	-0.500433	-0.577846	-0.649866	-0.709993	-0.756395	-0.776547	-0.747733	-0.654628	-0.516031	-0.359303	-0.199057	-0.0307145	0.136591	0.285682	0.404148	
-0.519735	-0.451008	-0.384511	-0.337823	-0.312246	-0.308226	-0.325307	-0.362422	-0.423071	-0.49255	-0.559528	-0.621058	-0.678448	-0.717776	-0.736101	-0.728937	-0.679145	-0.573792	-0.431233	-0.275256	-0.120465	0.0399282	0.201389	0.351716	0.472333	
-0.581283	-0.524435	-0.467309	-0.427426	-0.407273	-0.403849	-0.41709	-0.448774	-0.500433	-0.559528	-0.611976	-0.657879	-0.689928	-0.703293	-0.697048	-0.661205	-0.586256	-0.476351	-0.340051	-0.188729	-0.0395933	0.116589	0.281215	0.431372	0.546043	
-0.637583	-0.595146	-0.552075	-0.52315	-0.511059	-0.509851	-0.516507	-0.538564	-0.577846	-0.621058	-0.657879	-0.680261	-0.683355	-0.667394	-0.632553	-0.570912	-0.478274	-0.365312	-0.236825	-0.0922667	0.0528272	0.208964	0.372897	0.515133	0.62139	
-0.685566	-0.662828	-0.631311	-0.6162	-0.613373	-0.612771	-0.614346	-0.623345	-0.649866	-0.678448	-0.689928	-0.683355	-0.662771	-0.617918	-0.552108	-0.463305	-0.355801	-0.238966	-0.114892	0.0156595	0.159205	0.31818	0.471781	0.592672	0.689427	
-0.715597	-0.71393	-0.704287	-0.70162	-0.70602	-0.707266	-0.703003	-0.702009	-0.709993	-0.717776	-0.703293	-0.667394	-0.617918	-0.551811	-0.458145	-0.347958	-0.227126	-0.101815	0.0174037	0.138252	0.275967	0.424551	0.557695	0.661675	0.740806	
-0.723359	-0.749446	-0.765244	-0.777301	-0.784668	-0.785978	-0.780985	-0.770289	-0.756395	-0.736101	-0.697048	-0.632553	-0.552108	-0.458145	-0.349796	-0.224041	-0.0929972	0.0305739	0.147785	0.261494	0.386978	0.515669	0.627463	0.710921	0.770067	
-0.704411	-0.759695	-0.79623	-0.814847	-0.825914	-0.828156	-0.820158	-0.805281	-0.776547	-0.728937	-0.661205	-0.570912	-0.463305	-0.347958	-0.224041	-0.0927511	0.0347388	0.148405	0.257049	0.364073	0.476403	0.585013	0.678037	0.740299	0.766373	
-0.64472	-0.723526	-0.775734	-0.800293	-0.815368	-0.818417	-0.807195	-0.788343	-0.747733	-0.679145	-0.586256	-0.478274	-0.355801	-0.227126	-0.0929972	0.0347388	0.150276	0.251864	0.346607	0.439944	0.534942	0.622624	0.69687	0.741443	0.744599	
-0.536141	-0.625186	-0.691944	-0.732481	-0.750092	-0.751821	-0.741875	-0.711374	-0.654628	-0.573792	-0.476351	-0.365312	-0.238966	-0.101815	0.0305739	0.148405	0.251864	0.340258	0.416113	0.483554	0.555953	0.6239	0.677939	0.707623	0.703552	
-0.395973	-0.482713	-0.563525	-0.62248	-0.651647	-0.656284	-0.637712	-0.590293	-0.516031	-0.431233	-0.340051	-0.236825	-0.114892	0.0174037	0.147785	0.257049	0.346607	0.416113	0.463346	0.501555	0.549555	0.600734	0.639187	0.664403	0.662716	
-0.24188	-0.32528	-0.408006	-0.477674	-0.520793	-0.529585	-0.498869	-0.437914	-0.359303	-0.275256	-0.188729	-0.0922667	0.0156595	0.138252	0.261494	0.364073	0.439944	0.483554	0.501555	0.513275	0.538734	0.572822	0.598922	0.617641	0.620148	
-0.0894997	-0.167249	-0.242467	-0.306969	-0.348219	-0.356739	-0.326501	-0.269912	-0.199057	-0.120465	-0.0395933	0.0528272	0.159205	0.275967	0.386978	0.476403	0.534942	0.555953	0.549555	0.538734	0.538499	0.550351	0.556748	0.558785	0.551081	
0.06929	-0.00313217	-0.0684374	-0.121485	-0.153312	-0.158584	-0.136998	-0.0918894	-0.0307145	0.0399282	0.116589	0.208964	0.31818	0.424551	0.515669	0.585013	0.622624	0.6239	0.600734	0.572822	0.550351	0.52802	0.505199	0.479137	0.452632	
0.231389	0.160619	0.104314	0.0632041	0.0388621	0.0346434	0.0513782	0.0860449	0.136591	0.201389	0.281215	0.372897	0.471781	0.557695	0.627463	0.678037	0.69687	0.677939	0.639187	0.598922	0.556748	0.505199	0.44579	0.392337	0.351699	
0.382626	0.309746	0.255648	0.220946	0.205916	0.203611	0.213018	0.23943	0.285682	0.351716	0.431372	0.515133	0.592672	0.661675	0.710921	0.740299	0.741443	0.707623	0.664403	0.617641	0.558785	0.479137	0.392337	0.320726	0.270541	
0.499949	0.431664	0.368931	0.337976	0.329342	0.327049	0.333128	0.352632	0.404148	0.472333	0.546043	0.62139	0.689427	0.740806	0.770067	0.766373	0.744599	0.703552	0.662716	0.620148	0.551081	0.452632	0.351699	0.270541	0.209662	
