0.182551	0.14675	0.105904	0.0678397	0.0289429	0.00898819	0.0174346	0.0568109	0.120734	0.209697	0.325721	0.466407	0.604421	0.711968	0.77358	0.776632	0.726914	0.621204	0.463034	0.275955	0.0673992	-0.150977	-0.360849	-0.542531	-0.70109	
0.14675	0.14081	0.123767	0.103294	0.0877273	0.0948492	0.1328	0.204359	0.295429	0.396016	0.502634	0.614342	0.71906	0.785199	0.80544	0.776886	0.704001	0.58736	0.431016	0.250513	0.0564943	-0.147893	-0.342747	-0.518526	-0.674214	
0.105904	0.123767	0.134574	0.139313	0.150276	0.187813	0.253779	0.347662	0.44497	0.536827	0.627546	0.709357	0.77246	0.791796	0.774547	0.731337	0.651574	0.538044	0.396902	0.234273	0.0653894	-0.107975	-0.275052	-0.427731	-0.564111	
0.0678397	0.103294	0.139313	0.181118	0.224667	0.292973	0.378737	0.472461	0.561358	0.63673	0.700776	0.745033	0.760851	0.744252	0.709421	0.659444	0.580163	0.477261	0.358862	0.227739	0.0962018	-0.0343295	-0.165881	-0.290643	-0.400087	
0.0289429	0.0877273	0.150276	0.224667	0.303233	0.390369	0.482349	0.565633	0.639752	0.694345	0.720772	0.720352	0.696705	0.660512	0.617345	0.564908	0.495294	0.408153	0.31881	0.227706	0.141819	0.0605454	-0.0330663	-0.122901	-0.203203	
0.00898819	0.0948492	0.187813	0.292973	0.390369	0.479166	0.565583	0.640819	0.695372	0.717945	0.700065	0.656598	0.601951	0.542967	0.492363	0.443811	0.393296	0.33707	0.286515	0.242367	0.205144	0.162113	0.109624	0.0563722	0.00635988	
0.0174346	0.1328	0.253779	0.378737	0.482349	0.565583	0.641289	0.702649	0.728288	0.709785	0.647834	0.560935	0.474189	0.396213	0.336242	0.29459	0.266406	0.250076	0.247475	0.251703	0.256897	0.252253	0.237386	0.222182	0.198863	
0.0568109	0.204359	0.347662	0.472461	0.565633	0.640819	0.702649	0.737649	0.732675	0.670577	0.564608	0.43759	0.32089	0.228716	0.165552	0.129262	0.129784	0.152175	0.191916	0.236621	0.280359	0.311567	0.326263	0.336199	0.33669	
0.120734	0.295429	0.44497	0.561358	0.639752	0.695372	0.728288	0.732675	0.691973	0.595328	0.450957	0.295272	0.162344	0.0603984	-0.000711351	-0.0243659	-0.00514168	0.044295	0.112159	0.188466	0.267295	0.328894	0.364529	0.392889	0.413843	
0.209697	0.396016	0.536827	0.63673	0.694345	0.717945	0.709785	0.670577	0.595328	0.468255	0.302373	0.134958	-0.00343725	-0.0965667	-0.139745	-0.148015	-0.117747	-0.0506315	0.0372982	0.133993	0.229944	0.306692	0.356789	0.397194	0.429488	
0.325721	0.502634	0.627546	0.700776	0.720772	0.700065	0.647834	0.564608	0.450957	0.302373	0.126542	-0.0433369	-0.168888	-0.235163	-0.251359	-0.237535	-0.190502	-0.102229	0.000650646	0.098621	0.1937	0.26939	0.321752	0.362836	0.389859	
0.466407	0.614342	0.709357	0.745033	0.720352	0.656598	0.560935	0.43759	0.295272	0.134958	-0.0433369	-0.202322	-0.303201	-0.342345	-0.334216	-0.292969	-0.217861	-0.109922	-0.00320664	0.0907814	0.175983	0.241129	0.286272	0.315075	0.326951	
0.604421	0.71906	0.77246	0.760851	0.696705	0.601951	0.474189	0.32089	0.162344	-0.00343725	-0.168888	-0.303201	-0.384071	-0.40358	-0.375547	-0.303184	-0.202224	-0.0823828	0.0267639	0.115711	0.184458	0.228637	0.257271	0.269199	0.258779	
0.711968	0.785199	0.791796	0.744252	0.660512	0.542967	0.396213	0.228716	0.0603984	-0.0965667	-0.235163	-0.342345	-0.40358	-0.410991	-0.367617	-0.281712	-0.169985	-0.0441124	0.0696705	0.151977	0.203871	0.231532	0.243674	0.234824	0.202516	
0.77358	0.80544	0.774547	0.709421	0.617345	0.492363	0.336242	0.165552	-0.000711351	-0.139745	-0.251359	-0.334216	-0.375547	-0.367617	-0.321742	-0.238312	-0.124077	0.00748896	0.122095	0.199936	0.242839	0.263069	0.259676	0.225388	0.17453	
0.776632	0.776886	0.731337	0.659444	0.564908	0.443811	0.29459	0.129262	-0.0243659	-0.148015	-0.237535	-0.292969	-0.303184	-0.281712	-0.238312	-0.160795	-0.049261	0.0784444	0.190384	0.264925	0.308202	0.324797	0.306296	0.255247	0.189461	
0.726914	0.704001	0.651574	0.580163	0.495294	0.393296	0.266406	0.129784	-0.00514168	-0.117747	-0.190502	-0.217861	-0.202224	-0.169985	-0.124077	-0.049261	0.0552985	0.168438	0.270162	0.340835	0.378974	0.390981	0.364743	0.304251	0.230741	
0.621204	0.58736	0.538044	0.477261	0.408153	0.33707	0.250076	0.152175	0.044295	-0.0506315	-0.102229	-0.109922	-0.0823828	-0.0441124	0.00748896	0.0784444	0.168438	0.261214	0.342252	0.400412	0.431452	0.439151	0.41294	0.350371	0.276342	
0.463034	0.431016	0.396902	0.358862	0.31881	0.286515	0.247475	0.191916	0.112159	0.0372982	0.000650646	-0.00320664	0.0267639	0.0696705	0.122095	0.190384	0.270162	0.342252	0.399182	0.436435	0.456561	0.456715	0.425846	0.368088	0.305103	
0.275955	0.250513	0.234273	0.227739	0.227706	0.242367	0.251703	0.236621	0.188466	0.133993	0.098621	0.0907814	0.115711	0.151977	0.199936	0.264925	0.340835	0.400412	0.436435	0.458423	0.466348	0.454654	0.415919	0.36302	0.320719	
0.0673992	0.0564943	0.0653894	0.0962018	0.141819	0.205144	0.256897	0.280359	0.267295	0.229944	0.1937	0.175983	0.184458	0.203871	0.242839	0.308202	0.378974	0.431452	0.456561	0.466348	0.4703	0.451884	0.409163	0.364664	0.338769	
-0.150977	-0.147893	-0.107975	-0.0343295	0.0605454	0.162113	0.252253	0.311567	0.328894	0.306692	0.26939	0.241129	0.228637	0.231532	0.263069	0.324797	0.390981	0.439151	0.456715	0.454654	0.451884	0.437136	0.402605	0.373742	0.358325	
-0.360849	-0.342747	-0.275052	-0.165881	-0.0330663	0.109624	0.237386	0.326263	0.364529	0.356789	0.321752	0.286272	0.257271	0.243674	0.259676	0.306296	0.364743	0.41294	0.425846	0.415919	0.409163	0.402605	0.393389	0.384552	0.378189	
-0.542531	-0.518526	-0.427731	-0.290643	-0.122901	0.0563722	0.222182	0.336199	0.392889	0.397194	0.362836	0.315075	0.269199	0.234824	0.225388	0.255247	0.304251	0.350371	0.368088	0.36302	0.364664	0.373742	0.384552	0.396259	0.396115	
-0.70109	-0.674214	-0.564111	-0.400087	-0.203203	0.00635988	0.198863	0.33669	0.413843	0.429488	0.389859	0.326951	0.258779	0.202516	0.17453	0.189461	0.230741	0.276342	0.305103	0.320719	0.338769	0.358325	0.378189	0.396115	0.397721	
-0.830663	-0.807249	-0.687573	-0.501613	-0.277022	-0.0426384	0.172316	0.332411	0.425268	0.445419	0.399384	0.320219	0.234967	0.161563	0.118332	0.118085	0.151906	0.205963	0.256204	0.294101	0.325138	0.349439	0.370017	0.384487	0.375058	
-0.926058	-0.909154	-0.785699	-0.58332	-0.338153	-0.0846976	0.146868	0.324877	0.426462	0.443878	0.392566	0.302966	0.208512	0.127897	0.0713216	0.0555712	0.0829477	0.148205	0.221324	0.276505	0.316849	0.34531	0.360522	0.359658	0.331992	
-1.00177	-0.976471	-0.844236	-0.630369	-0.374812	-0.11385	0.120377	0.299585	0.399563	0.416545	0.363139	0.270281	0.1772	0.102085	0.0493823	0.024873	0.0432231	0.104255	0.182531	0.252803	0.303158	0.335688	0.340836	0.314871	0.278116	
-1.04706	-1.00828	-0.862991	-0.642956	-0.386577	-0.125339	0.0998653	0.268859	0.359729	0.372634	0.321822	0.229569	0.147076	0.0879618	0.048214	0.0275376	0.0345819	0.0804498	0.155474	0.232021	0.289304	0.317926	0.311222	0.273175	0.232717	
-1.06397	-1.01247	-0.860114	-0.641011	-0.386203	-0.125211	0.0950878	0.251536	0.330441	0.33911	0.291709	0.208432	0.137032	0.0897294	0.0566173	0.0334984	0.0318564	0.0677388	0.140591	0.222278	0.278278	0.303407	0.29748	0.264414	0.22112	
-1.06585	-1.01033	-0.857888	-0.639807	-0.386004	-0.122858	0.0953213	0.249394	0.325075	0.333062	0.286883	0.205844	0.137598	0.091717	0.0597189	0.0346443	0.0311934	0.0667111	0.139348	0.221355	0.27704	0.300458	0.297295	0.265247	0.22143	
-1.05654	-1.01285	-0.863786	-0.643185	-0.38675	-0.126757	0.0961236	0.259834	0.346003	0.356666	0.307133	0.217931	0.140181	0.087302	0.0509325	0.0301647	0.0332915	0.0742346	0.148236	0.226246	0.283299	0.311059	0.302791	0.265762	0.223857	
-1.02431	-0.993588	-0.855595	-0.637984	-0.382606	-0.120316	0.110273	0.286272	0.383857	0.399949	0.346849	0.25405	0.163837	0.0947865	0.0468842	0.0238453	0.0369611	0.0920578	0.169148	0.243097	0.298213	0.329468	0.32895	0.295921	0.257132	
-0.958329	-0.93945	-0.814264	-0.607233	-0.35597	-0.0979745	0.136642	0.317248	0.419153	0.436391	0.383667	0.291328	0.196368	0.116306	0.0591508	0.0385416	0.0631073	0.128537	0.206068	0.268452	0.312647	0.342568	0.354416	0.343749	0.311115	
-0.87262	-0.853183	-0.730807	-0.536608	-0.303986	-0.0607256	0.162175	0.330233	0.427653	0.446749	0.398511	0.31495	0.224699	0.147773	0.0977036	0.0909174	0.121577	0.181445	0.242114	0.286351	0.321535	0.347282	0.366625	0.377619	0.359756	
-0.756853	-0.729883	-0.615452	-0.44227	-0.233378	-0.0134975	0.188337	0.335413	0.419315	0.438131	0.395998	0.3261	0.249487	0.185671	0.152	0.160886	0.199191	0.247238	0.28324	0.308345	0.331976	0.354514	0.375334	0.392112	0.391296	
-0.608488	-0.583315	-0.484268	-0.335849	-0.155935	0.0363156	0.213451	0.337373	0.402766	0.411509	0.375678	0.322173	0.268251	0.224381	0.206575	0.230434	0.275882	0.320667	0.341882	0.343641	0.352523	0.36633	0.381912	0.397881	0.399699	
-0.437277	-0.415735	-0.3379	-0.217501	-0.0699992	0.087702	0.232129	0.330836	0.376368	0.373601	0.33877	0.299492	0.264431	0.24318	0.248809	0.288275	0.343437	0.390968	0.404646	0.39542	0.38938	0.388885	0.388819	0.389747	0.386329	
-0.23718	-0.227393	-0.176247	-0.0872924	0.0241764	0.142507	0.246657	0.318823	0.345001	0.329417	0.293204	0.26119	0.241812	0.238319	0.265254	0.322011	0.385603	0.434093	0.449095	0.442789	0.43744	0.424693	0.399665	0.37785	0.36622	
-0.0199784	-0.0253775	-0.00386302	0.0442286	0.110356	0.188298	0.256807	0.295122	0.295305	0.263941	0.227234	0.20498	0.204672	0.216677	0.253447	0.317864	0.387225	0.437025	0.458899	0.464182	0.465836	0.449221	0.407364	0.367633	0.34673	
0.194517	0.174896	0.167795	0.174833	0.19209	0.227465	0.253989	0.255065	0.220806	0.17346	0.137314	0.126357	0.145986	0.176541	0.220615	0.286102	0.359748	0.4165	0.447106	0.46388	0.469401	0.453615	0.412097	0.36168	0.326832	
0.390594	0.360401	0.332592	0.306754	0.282579	0.267776	0.248393	0.209568	0.141894	0.0755396	0.0402515	0.0349714	0.0648221	0.106408	0.157643	0.224014	0.302436	0.367983	0.415852	0.446407	0.460555	0.455968	0.422636	0.367143	0.312813	
0.563001	0.528657	0.485273	0.432668	0.37255	0.315982	0.247938	0.166618	0.0702103	-0.0169626	-0.0609516	-0.0649591	-0.0361895	0.00443658	0.0569392	0.1272	0.212154	0.295926	0.367294	0.417312	0.445195	0.450239	0.422676	0.361973	0.290454	
0.691768	0.663372	0.609516	0.54051	0.461566	0.370901	0.258183	0.137031	0.0116455	-0.0948357	-0.159471	-0.177581	-0.155532	-0.120177	-0.0721782	0.00193948	0.101072	0.206309	0.300649	0.367475	0.402917	0.413697	0.386907	0.323765	0.249128	
0.762497	0.7525	0.703867	0.63209	0.539324	0.424335	0.281916	0.125024	-0.0212832	-0.141003	-0.223961	-0.267158	-0.265412	-0.239135	-0.195481	-0.12007	-0.0103945	0.112663	0.22219	0.295143	0.337336	0.351842	0.329769	0.27399	0.203865	
0.781755	0.799824	0.760947	0.691625	0.597377	0.473088	0.318546	0.147628	-0.0149771	-0.146937	-0.248574	-0.321292	-0.351569	-0.337598	-0.293109	-0.211959	-0.0981405	0.0334862	0.147918	0.224397	0.266632	0.28526	0.275258	0.233788	0.176109	
0.743004	0.799039	0.788163	0.731951	0.643966	0.521615	0.369282	0.199814	0.0306993	-0.119523	-0.246416	-0.343586	-0.397742	-0.399155	-0.353716	-0.267117	-0.154074	-0.0259273	0.0882976	0.168417	0.216199	0.239683	0.245432	0.226738	0.186753	
0.651956	0.751036	0.785496	0.757732	0.683391	0.577918	0.441444	0.281044	0.11781	-0.0465044	-0.202858	-0.325909	-0.398713	-0.413575	-0.377626	-0.297581	-0.189788	-0.0675333	0.0430006	0.129761	0.191151	0.227684	0.249437	0.252811	0.233833	
0.523984	0.65926	0.738522	0.754844	0.713508	0.636385	0.526082	0.388333	0.238309	0.0749077	-0.0999986	-0.250204	-0.342521	-0.372382	-0.356655	-0.301809	-0.21583	-0.101619	0.00601513	0.0978577	0.177298	0.234801	0.27405	0.297161	0.299211	
0.38003	0.546495	0.661355	0.721474	0.723232	0.68427	0.614152	0.514639	0.387302	0.233334	0.0552144	-0.112029	-0.22814	-0.283174	-0.288529	-0.26518	-0.207518	-0.110904	-0.005441	0.0914616	0.182746	0.255858	0.307013	0.343849	0.366459	
