0.0334383	-0.198576	-0.40693	-0.5696	-0.668362	-0.685604	-0.618443	-0.478023	-0.286727	-0.0597925	0.169986	0.37473	0.522713	0.594756	0.590717	0.521539	0.391906	0.227819	0.064692	-0.0638783	-0.143688	-0.155262	-0.094615	0.0335381	0.2024	
0.127467	-0.109865	-0.324479	-0.490465	-0.593831	-0.612517	-0.540244	-0.397828	-0.200057	0.0318379	0.265329	0.4688	0.616133	0.681071	0.668328	0.589052	0.450823	0.27903	0.11518	-0.00976735	-0.087282	-0.10789	-0.0642682	0.0497443	0.218751	
0.231691	0.00143682	-0.211831	-0.37749	-0.479659	-0.498988	-0.426282	-0.285534	-0.0872153	0.139493	0.363573	0.552478	0.685971	0.739904	0.717463	0.630783	0.48509	0.311797	0.152251	0.029182	-0.0510071	-0.0826386	-0.0515608	0.0464247	0.214687	
0.335994	0.120379	-0.0901112	-0.254411	-0.354786	-0.373629	-0.30244	-0.163526	0.0339469	0.250639	0.456941	0.626722	0.739612	0.783545	0.751841	0.656102	0.504782	0.328657	0.169243	0.0431299	-0.0391083	-0.0766519	-0.0568118	0.0283451	0.186563	
0.431744	0.236832	0.0405847	-0.124509	-0.228242	-0.246243	-0.174865	-0.0311533	0.157569	0.355011	0.539778	0.689246	0.781236	0.812275	0.772193	0.668725	0.512297	0.332649	0.169846	0.0437306	-0.0425508	-0.0867014	-0.0790483	-0.000731598	0.142788	
0.519201	0.343431	0.162993	-0.00386219	-0.105953	-0.122507	-0.0549346	0.0928737	0.271047	0.450953	0.613776	0.737181	0.80917	0.819842	0.767903	0.654739	0.496153	0.323241	0.155662	0.0269377	-0.0612478	-0.109165	-0.102077	-0.0359474	0.0891059	
0.588007	0.426768	0.255495	0.0940046	-0.00292576	-0.0197605	0.0457388	0.186269	0.359224	0.525028	0.671549	0.771583	0.816981	0.805331	0.740128	0.621843	0.475037	0.306417	0.136498	0.00220211	-0.0861395	-0.130524	-0.124488	-0.0768834	0.0208119	
0.620867	0.476035	0.315649	0.163987	0.0668685	0.0491714	0.116907	0.250663	0.414046	0.564704	0.696964	0.785103	0.812337	0.788278	0.712542	0.596315	0.461009	0.299999	0.134781	-0.00187546	-0.0950988	-0.140439	-0.136027	-0.103369	-0.0430216	
0.619956	0.490589	0.346882	0.210214	0.123339	0.10884	0.167726	0.288578	0.434558	0.570452	0.687165	0.766185	0.795718	0.777398	0.706282	0.601144	0.47754	0.332518	0.178287	0.0455927	-0.0521161	-0.106814	-0.119314	-0.107143	-0.0786074	
0.583765	0.468198	0.343137	0.236979	0.175727	0.166692	0.206477	0.296332	0.4181	0.539442	0.644113	0.716915	0.753061	0.755325	0.712779	0.635386	0.531347	0.403835	0.265997	0.143707	0.048906	-0.0190959	-0.0563944	-0.079039	-0.0821081	
0.525743	0.428035	0.328755	0.252766	0.212348	0.206544	0.232195	0.293985	0.387938	0.487002	0.580827	0.653946	0.7026	0.733105	0.727081	0.686845	0.60721	0.505537	0.391582	0.282217	0.192356	0.115641	0.0505538	-0.0117795	-0.0584897	
0.47709	0.40181	0.3254	0.26834	0.241327	0.2381	0.253951	0.298174	0.371402	0.446945	0.521755	0.591719	0.658191	0.719721	0.749803	0.739053	0.689204	0.620919	0.542808	0.456558	0.369244	0.280016	0.187627	0.0856979	-0.00537633	
0.455555	0.396921	0.336576	0.293489	0.279461	0.278493	0.285073	0.315747	0.372341	0.432782	0.488912	0.545115	0.616394	0.699406	0.762546	0.784011	0.769504	0.736932	0.694206	0.637919	0.556675	0.453095	0.330466	0.198288	0.0721648	
0.445315	0.404831	0.363416	0.332723	0.318898	0.316922	0.325324	0.349531	0.387761	0.429272	0.469697	0.514731	0.578716	0.667034	0.751251	0.806794	0.832265	0.833496	0.813511	0.775947	0.706956	0.60575	0.469533	0.3093	0.14893	
0.41987	0.406757	0.392115	0.371377	0.355812	0.352483	0.364025	0.383932	0.402144	0.414028	0.431736	0.465444	0.528419	0.616953	0.709488	0.790952	0.850654	0.879198	0.881137	0.858579	0.808081	0.718935	0.584196	0.40729	0.226795	
0.367584	0.380101	0.388837	0.386363	0.379324	0.378127	0.383655	0.388069	0.385269	0.371954	0.365186	0.386429	0.447479	0.536437	0.634294	0.734136	0.822484	0.878822	0.906007	0.903262	0.867765	0.793933	0.672677	0.499122	0.310842	
0.275047	0.300645	0.334679	0.349615	0.353515	0.353992	0.352329	0.342665	0.314451	0.283701	0.26691	0.279985	0.335403	0.415753	0.524675	0.648722	0.76644	0.847723	0.891848	0.909786	0.893518	0.836317	0.731342	0.577065	0.40863	
0.134027	0.173478	0.220911	0.247044	0.258145	0.259529	0.253044	0.234243	0.192821	0.14778	0.122068	0.13419	0.18546	0.267226	0.389524	0.535889	0.682975	0.787921	0.851384	0.886663	0.891356	0.856353	0.76804	0.642869	0.512524	
-0.0608138	-0.00871689	0.0446414	0.0819945	0.110055	0.11483	0.0950214	0.0610613	0.0140522	-0.0422545	-0.0794844	-0.0718743	-0.0139593	0.084857	0.224122	0.387188	0.555482	0.690269	0.779544	0.834331	0.86366	0.854158	0.792668	0.700663	0.606177	
-0.30148	-0.244744	-0.181234	-0.124508	-0.0788513	-0.0694265	-0.103812	-0.157678	-0.218708	-0.281752	-0.320608	-0.31325	-0.248439	-0.128214	0.0300933	0.207952	0.389102	0.544985	0.662053	0.745246	0.804577	0.82513	0.801883	0.748193	0.684964	
-0.560088	-0.497996	-0.417829	-0.339754	-0.281631	-0.27039	-0.312554	-0.385983	-0.466657	-0.539181	-0.580018	-0.571299	-0.494468	-0.353773	-0.173772	0.0212754	0.214778	0.386725	0.525665	0.637221	0.72128	0.767146	0.780584	0.763262	0.728824	
-0.794809	-0.721066	-0.632268	-0.542474	-0.475983	-0.463192	-0.510754	-0.596419	-0.686164	-0.76826	-0.822039	-0.815011	-0.72426	-0.565081	-0.368841	-0.155416	0.0567097	0.24567	0.401555	0.531566	0.62745	0.685685	0.7214	0.735558	0.735763	
-0.978641	-0.889542	-0.790598	-0.694768	-0.623797	-0.609968	-0.661239	-0.751524	-0.849629	-0.945612	-1.0131	-1.01086	-0.916679	-0.747542	-0.537122	-0.301752	-0.0672995	0.142621	0.309466	0.437784	0.53356	0.595006	0.635365	0.669217	0.704175	
-1.09016	-0.983312	-0.866144	-0.760144	-0.689252	-0.676818	-0.72572	-0.821871	-0.935099	-1.05263	-1.12842	-1.12884	-1.04301	-0.873891	-0.648119	-0.395716	-0.147498	0.074859	0.245455	0.366396	0.458151	0.519484	0.558243	0.59787	0.651804	
-1.11253	-0.989299	-0.850656	-0.733476	-0.65916	-0.645844	-0.697396	-0.799637	-0.932826	-1.06933	-1.15588	-1.16184	-1.07975	-0.913641	-0.686189	-0.427642	-0.177046	0.0463548	0.215132	0.33187	0.417294	0.472316	0.501844	0.530594	0.585867	
-1.04426	-0.909843	-0.757106	-0.62768	-0.549543	-0.535764	-0.589009	-0.701422	-0.847948	-0.996438	-1.09538	-1.11054	-1.03301	-0.875024	-0.658982	-0.405372	-0.15244	0.0626834	0.224627	0.336205	0.403157	0.436951	0.452071	0.46517	0.503389	
-0.909843	-0.769608	-0.606942	-0.470867	-0.389834	-0.376122	-0.430225	-0.547853	-0.704213	-0.859185	-0.966565	-0.997092	-0.936426	-0.79663	-0.592859	-0.346725	-0.097976	0.107768	0.255278	0.3545	0.402009	0.406849	0.399552	0.39723	0.414744	
-0.757106	-0.606942	-0.437447	-0.294447	-0.205725	-0.189597	-0.251102	-0.375196	-0.538845	-0.702294	-0.821687	-0.869983	-0.832231	-0.704416	-0.507717	-0.276651	-0.0413697	0.157616	0.296659	0.373558	0.395951	0.377158	0.345176	0.327864	0.326875	
-0.62768	-0.470867	-0.294447	-0.142595	-0.0408725	-0.0224966	-0.0939739	-0.228998	-0.39982	-0.570022	-0.699031	-0.760501	-0.73204	-0.612372	-0.423269	-0.211332	0.00235249	0.188303	0.317232	0.378365	0.381943	0.34949	0.308169	0.2766	0.258622	
-0.549543	-0.389834	-0.205725	-0.0408725	0.069633	0.0898277	0.0118206	-0.135486	-0.316673	-0.490225	-0.623412	-0.688607	-0.660912	-0.542993	-0.361837	-0.16005	0.0388445	0.20429	0.323296	0.377182	0.368265	0.333831	0.295606	0.25583	0.223223	
-0.535764	-0.376122	-0.189597	-0.0224966	0.0898277	0.110762	0.0309754	-0.118437	-0.302647	-0.476218	-0.609779	-0.676031	-0.647404	-0.529538	-0.350161	-0.149569	0.0457451	0.206781	0.323683	0.376825	0.365521	0.331253	0.294934	0.253483	0.218366	
-0.589009	-0.430225	-0.251102	-0.0939739	0.0118206	0.0309754	-0.0430516	-0.184205	-0.35841	-0.530216	-0.661852	-0.725525	-0.698123	-0.579689	-0.39398	-0.187666	0.0189144	0.195891	0.321166	0.37867	0.376046	0.341606	0.300554	0.265041	0.240599	
-0.701422	-0.547853	-0.375196	-0.228998	-0.135486	-0.118437	-0.184205	-0.311427	-0.47827	-0.644813	-0.768906	-0.823239	-0.791182	-0.667011	-0.473747	-0.24997	-0.0229082	0.172649	0.307719	0.376216	0.39031	0.365657	0.327344	0.303195	0.295305	
-0.847948	-0.704213	-0.538845	-0.39982	-0.316673	-0.302647	-0.35841	-0.47827	-0.637406	-0.796087	-0.907527	-0.944974	-0.894138	-0.760175	-0.55944	-0.318605	-0.073849	0.128644	0.271822	0.363206	0.401468	0.394827	0.377069	0.36931	0.379679	
-0.996438	-0.859185	-0.702294	-0.570022	-0.490225	-0.476218	-0.530216	-0.644813	-0.796087	-0.947209	-1.04985	-1.07071	-0.998298	-0.846508	-0.63631	-0.38497	-0.133109	0.0785483	0.235005	0.342643	0.402274	0.424558	0.431512	0.438391	0.467438	
-1.09538	-0.966565	-0.821687	-0.699031	-0.623412	-0.609779	-0.661852	-0.768906	-0.907527	-1.04985	-1.14174	-1.15021	-1.06982	-0.905481	-0.681315	-0.424321	-0.172283	0.0478221	0.215519	0.33043	0.408639	0.457226	0.482039	0.50519	0.55494	
-1.11054	-0.997092	-0.869983	-0.760501	-0.688607	-0.676031	-0.725525	-0.823239	-0.944974	-1.07071	-1.15021	-1.15262	-1.06858	-0.90127	-0.672726	-0.415635	-0.166068	0.0582597	0.227977	0.346996	0.437805	0.498129	0.533858	0.569931	0.627461	
-1.03301	-0.936426	-0.832231	-0.73204	-0.660912	-0.647404	-0.698123	-0.791182	-0.894138	-0.998298	-1.06982	-1.06858	-0.97747	-0.806725	-0.589715	-0.346793	-0.104799	0.111475	0.281088	0.406191	0.499535	0.561299	0.60171	0.640247	0.684822	
-0.875024	-0.79663	-0.704416	-0.612372	-0.542993	-0.529538	-0.579689	-0.667011	-0.760175	-0.846508	-0.905481	-0.90127	-0.806725	-0.642794	-0.440833	-0.218671	0.00182187	0.199451	0.359729	0.491968	0.589526	0.649004	0.688627	0.712474	0.727707	
-0.658982	-0.592859	-0.507717	-0.423269	-0.361837	-0.350161	-0.39398	-0.473747	-0.55944	-0.63631	-0.681315	-0.672726	-0.589715	-0.440833	-0.253403	-0.0515257	0.149164	0.327447	0.473888	0.593755	0.684264	0.737329	0.761586	0.757823	0.735579	
-0.405372	-0.346725	-0.276651	-0.211332	-0.16005	-0.149569	-0.187666	-0.24997	-0.318605	-0.38497	-0.424321	-0.415635	-0.346793	-0.218671	-0.0515257	0.132488	0.318565	0.480779	0.607484	0.702792	0.772995	0.805497	0.797251	0.758521	0.707661	
-0.15244	-0.097976	-0.0413697	0.00235249	0.0388445	0.0457451	0.0189144	-0.0229082	-0.073849	-0.133109	-0.172283	-0.166068	-0.104799	0.00182187	0.149164	0.318565	0.492409	0.637236	0.737597	0.803001	0.843966	0.845536	0.798784	0.721616	0.640027	
0.0626834	0.107768	0.157616	0.188303	0.20429	0.206781	0.195891	0.172649	0.128644	0.0785483	0.0478221	0.0582597	0.111475	0.199451	0.327447	0.480779	0.637236	0.754611	0.827561	0.869561	0.883254	0.858811	0.780065	0.667122	0.551684	
0.224627	0.255278	0.296659	0.317232	0.323296	0.323683	0.321166	0.307719	0.271822	0.235005	0.215519	0.227977	0.281088	0.359729	0.473888	0.607484	0.737597	0.827561	0.8786	0.904452	0.896225	0.846511	0.747321	0.604656	0.450804	
0.336205	0.3545	0.373558	0.378365	0.377182	0.376825	0.37867	0.376216	0.363206	0.342643	0.33043	0.346996	0.406191	0.491968	0.593755	0.702792	0.803001	0.869561	0.904452	0.909271	0.881437	0.814682	0.699882	0.531734	0.348013	
0.403157	0.402009	0.395951	0.381943	0.368265	0.365521	0.376046	0.39031	0.401468	0.402274	0.408639	0.437805	0.499535	0.589526	0.684264	0.772995	0.843966	0.883254	0.896225	0.881437	0.836623	0.753115	0.622494	0.44581	0.259796	
0.436951	0.406849	0.377158	0.34949	0.333831	0.331253	0.341606	0.365657	0.394827	0.424558	0.457226	0.498129	0.561299	0.649004	0.737329	0.805497	0.845536	0.858811	0.846511	0.814682	0.753115	0.655862	0.518622	0.349319	0.179019	
0.452071	0.399552	0.345176	0.308169	0.295606	0.294934	0.300554	0.327344	0.377069	0.431512	0.482039	0.533858	0.60171	0.688627	0.761586	0.797251	0.798784	0.780065	0.747321	0.699882	0.622494	0.518622	0.3884	0.244353	0.103491	
0.46517	0.39723	0.327864	0.2766	0.25583	0.253483	0.265041	0.303195	0.36931	0.438391	0.50519	0.569931	0.640247	0.712474	0.757823	0.758521	0.721616	0.667122	0.604656	0.531734	0.44581	0.349319	0.244353	0.129375	0.02448	
0.503389	0.414744	0.326875	0.258622	0.223223	0.218366	0.240599	0.295305	0.379679	0.467438	0.55494	0.627461	0.684822	0.727707	0.735579	0.707661	0.640027	0.551684	0.450804	0.348013	0.259796	0.179019	0.103491	0.02448	-0.0416595	
