0.709973	0.862848	0.990656	1.07909	1.12664	1.1352	1.10305	1.03081	0.917988	0.773666	0.611816	0.450699	0.292143	0.136468	-0.0073714	-0.130702	-0.21419	-0.254553	-0.255802	-0.219386	-0.151804	-0.0478348	0.0868702	0.226781	0.361781	
0.654397	0.789466	0.897445	0.970756	1.01364	1.0222	0.991543	0.930352	0.837073	0.710167	0.570723	0.4387	0.305812	0.169718	0.0354783	-0.0875161	-0.178464	-0.224616	-0.223581	-0.184582	-0.1129	-0.00863578	0.117754	0.255688	0.396499	
0.593089	0.688958	0.767093	0.819526	0.850479	0.856212	0.834909	0.791002	0.723165	0.632169	0.534998	0.440797	0.341218	0.22505	0.100632	-0.0198226	-0.106579	-0.146902	-0.140868	-0.104177	-0.0355815	0.0603459	0.171274	0.295352	0.434121	
0.531611	0.582385	0.620919	0.64396	0.654016	0.656045	0.648752	0.63219	0.599634	0.552284	0.502576	0.456741	0.396254	0.303137	0.186402	0.079078	-0.00105788	-0.0385635	-0.0315247	0.00348639	0.0625952	0.146141	0.237961	0.344677	0.471224	
0.474977	0.48074	0.4793	0.467458	0.455582	0.453211	0.461523	0.475646	0.481623	0.477121	0.474894	0.47581	0.452967	0.385081	0.285533	0.191327	0.117634	0.077972	0.0757384	0.0991119	0.146034	0.216664	0.297504	0.387574	0.494966	
0.432596	0.39561	0.361485	0.32495	0.301974	0.297789	0.313858	0.34643	0.382795	0.416914	0.456513	0.487979	0.486523	0.440834	0.366551	0.28951	0.228906	0.18576	0.164076	0.167725	0.196548	0.250148	0.321336	0.399513	0.48676	
0.401761	0.342174	0.285737	0.231478	0.198832	0.19408	0.214537	0.262982	0.319044	0.377901	0.436694	0.480682	0.490398	0.464731	0.415176	0.354769	0.302152	0.261411	0.225436	0.204401	0.2104	0.244311	0.296123	0.3598	0.436097	
0.373185	0.309983	0.244768	0.187274	0.15185	0.144941	0.169719	0.220282	0.283331	0.34883	0.405556	0.449651	0.468422	0.456516	0.425873	0.38297	0.337764	0.293314	0.250692	0.212146	0.196735	0.210701	0.243015	0.286471	0.348161	
0.338402	0.278825	0.222415	0.175209	0.140476	0.132486	0.159241	0.202739	0.254566	0.316084	0.36636	0.405237	0.435282	0.43637	0.414151	0.377337	0.336378	0.290858	0.2441	0.19946	0.170293	0.16164	0.171939	0.198281	0.244148	
0.296262	0.25107	0.206834	0.164778	0.127421	0.119713	0.148423	0.189334	0.233053	0.278553	0.321266	0.358446	0.391713	0.405955	0.388175	0.351419	0.316765	0.277651	0.227056	0.175821	0.138515	0.110527	0.102063	0.119449	0.159644	
0.26098	0.230646	0.190723	0.141164	0.101587	0.0942229	0.122525	0.171076	0.21664	0.249123	0.281689	0.314743	0.341394	0.359494	0.351873	0.323935	0.294785	0.260569	0.208317	0.15007	0.103818	0.0665667	0.0493894	0.0622459	0.0994017	
0.22771	0.201462	0.165177	0.114574	0.0729033	0.0647302	0.0955055	0.145752	0.189335	0.217098	0.242724	0.263923	0.282622	0.299173	0.302132	0.292005	0.270361	0.237864	0.189587	0.13253	0.0782264	0.0381356	0.0194261	0.0234134	0.0541902	
0.185598	0.162185	0.129265	0.084455	0.0374379	0.0270164	0.0644691	0.112853	0.150132	0.177483	0.195533	0.204888	0.218628	0.240354	0.25755	0.26186	0.250653	0.218287	0.173254	0.121816	0.0672047	0.0264053	0.00785244	0.0103179	0.0361432	
0.133533	0.116163	0.0837579	0.0383485	-0.00278937	-0.011867	0.0198336	0.0673527	0.104666	0.128585	0.136153	0.139592	0.155047	0.184364	0.218509	0.238623	0.239263	0.211501	0.167033	0.117806	0.0680273	0.0301106	0.015995	0.0216228	0.0429144	
0.0639355	0.0555275	0.0343554	-0.00869935	-0.0493859	-0.0573812	-0.0279447	0.0198732	0.0483859	0.0617865	0.0653775	0.0734901	0.0932257	0.133814	0.183331	0.209011	0.216554	0.201496	0.166281	0.125668	0.0840342	0.0555992	0.0470749	0.0536691	0.0738933	
-0.0143434	-0.0126107	-0.0268343	-0.0597122	-0.0876206	-0.0921998	-0.0734084	-0.0386384	-0.016018	-0.0118982	-0.0165276	-0.00226479	0.0368074	0.0953133	0.147623	0.169982	0.182314	0.17734	0.158719	0.140086	0.117783	0.101199	0.0968749	0.106006	0.120977	
-0.0968709	-0.089981	-0.0912744	-0.106146	-0.122592	-0.125157	-0.113998	-0.096039	-0.0884073	-0.094226	-0.0955932	-0.0662571	-0.00647513	0.061592	0.110295	0.134029	0.147026	0.15164	0.152217	0.151901	0.150706	0.147997	0.149192	0.161493	0.176474	
-0.162311	-0.159609	-0.155719	-0.151104	-0.152542	-0.152859	-0.151261	-0.152898	-0.158487	-0.162016	-0.15718	-0.121836	-0.0517352	0.0260791	0.0764565	0.104701	0.121609	0.132794	0.145413	0.162579	0.181368	0.193731	0.196877	0.21202	0.233412	
-0.225849	-0.226273	-0.210751	-0.195277	-0.187124	-0.186999	-0.191378	-0.202881	-0.221784	-0.228003	-0.216968	-0.177049	-0.100629	-0.0202412	0.0401132	0.075292	0.0970531	0.11799	0.139701	0.170327	0.202847	0.226327	0.235818	0.250097	0.273669	
-0.280139	-0.286179	-0.267471	-0.243714	-0.227829	-0.225774	-0.234868	-0.25791	-0.280227	-0.286949	-0.260982	-0.206648	-0.132588	-0.0547357	0.00804008	0.0477744	0.0750748	0.100762	0.128826	0.159874	0.199255	0.231773	0.25266	0.274114	0.302658	
-0.308678	-0.320259	-0.300942	-0.277134	-0.263423	-0.261533	-0.269786	-0.291378	-0.314571	-0.318366	-0.283432	-0.225105	-0.155194	-0.0804733	-0.0210428	0.01464	0.0440273	0.076569	0.10947	0.142659	0.183637	0.215989	0.248061	0.281866	0.325329	
-0.307613	-0.321815	-0.302765	-0.284989	-0.28158	-0.282933	-0.281742	-0.294692	-0.316117	-0.318361	-0.28276	-0.23209	-0.175898	-0.114437	-0.0660166	-0.0378895	-0.00754776	0.0327846	0.0723741	0.10496	0.140653	0.179202	0.228497	0.280407	0.337784	
-0.296002	-0.3053	-0.290811	-0.271918	-0.267784	-0.268237	-0.268817	-0.282386	-0.301895	-0.302984	-0.278106	-0.241359	-0.202505	-0.164467	-0.134127	-0.111622	-0.083336	-0.0384596	0.00573975	0.0440265	0.0855012	0.141341	0.201149	0.263636	0.327814	
-0.285526	-0.283675	-0.268033	-0.242846	-0.230748	-0.231091	-0.235012	-0.258615	-0.278638	-0.287131	-0.276844	-0.257207	-0.233649	-0.215968	-0.204142	-0.187289	-0.16336	-0.119725	-0.0650647	-0.0138939	0.0510017	0.118771	0.183848	0.247146	0.305616	
-0.271779	-0.263348	-0.244456	-0.217304	-0.201487	-0.200872	-0.20793	-0.23416	-0.256439	-0.270414	-0.271979	-0.27226	-0.265601	-0.262489	-0.263688	-0.251693	-0.223365	-0.172745	-0.11179	-0.0463043	0.036994	0.108895	0.176349	0.23164	0.279138	
-0.256799	-0.245411	-0.230311	-0.211025	-0.192834	-0.190222	-0.202457	-0.223056	-0.239552	-0.252619	-0.26534	-0.280581	-0.291158	-0.303297	-0.311238	-0.295559	-0.249807	-0.187762	-0.124173	-0.049082	0.0348177	0.106135	0.167355	0.211656	0.249002	
-0.245411	-0.232264	-0.224158	-0.22197	-0.214302	-0.212544	-0.219194	-0.223535	-0.227947	-0.239471	-0.256062	-0.275192	-0.296344	-0.316931	-0.323726	-0.304318	-0.25146	-0.187037	-0.118547	-0.043277	0.0293215	0.0932938	0.144734	0.18653	0.220761	
-0.230311	-0.224158	-0.23168	-0.244038	-0.252755	-0.252875	-0.248994	-0.236065	-0.226085	-0.225812	-0.23831	-0.257653	-0.283215	-0.299211	-0.303994	-0.285197	-0.234257	-0.177924	-0.118336	-0.0520273	0.0102306	0.0662334	0.110627	0.152949	0.181381	
-0.211025	-0.22197	-0.244038	-0.273914	-0.300045	-0.30533	-0.286455	-0.254727	-0.230076	-0.213572	-0.212546	-0.23095	-0.261222	-0.282576	-0.28276	-0.259971	-0.214907	-0.168072	-0.124286	-0.0790455	-0.0292207	0.0199819	0.0664639	0.104977	0.129982	
-0.192834	-0.214302	-0.252755	-0.300045	-0.341794	-0.350667	-0.318822	-0.270732	-0.228885	-0.198124	-0.194086	-0.217681	-0.25385	-0.279883	-0.274272	-0.24302	-0.203204	-0.165587	-0.134031	-0.102296	-0.0655354	-0.02125	0.0220883	0.0593504	0.0905449	
-0.190222	-0.212544	-0.252875	-0.30533	-0.350667	-0.360865	-0.326196	-0.272624	-0.227714	-0.195435	-0.192698	-0.218249	-0.254096	-0.281424	-0.273306	-0.240434	-0.202714	-0.165584	-0.135558	-0.106011	-0.0724537	-0.0302361	0.0121122	0.0495447	0.0835826	
-0.202457	-0.219194	-0.248994	-0.286455	-0.318822	-0.326196	-0.300587	-0.263124	-0.230243	-0.207079	-0.202666	-0.222216	-0.256267	-0.279885	-0.277335	-0.251349	-0.208474	-0.166936	-0.128125	-0.0909779	-0.0464853	0.00107372	0.0471725	0.0852404	0.111225	
-0.223056	-0.223535	-0.236065	-0.254727	-0.270732	-0.272624	-0.263124	-0.242527	-0.227681	-0.221274	-0.228675	-0.247796	-0.274091	-0.291527	-0.295088	-0.274945	-0.22559	-0.172554	-0.120078	-0.0615069	-0.00327165	0.0496234	0.0947065	0.134765	0.161519	
-0.239552	-0.227947	-0.226085	-0.230076	-0.228885	-0.227714	-0.230243	-0.227681	-0.225975	-0.233543	-0.249469	-0.269114	-0.293204	-0.311939	-0.317872	-0.298519	-0.24629	-0.184703	-0.117319	-0.0441191	0.0233694	0.0840688	0.132242	0.174935	0.207302	
-0.252619	-0.239471	-0.225812	-0.213572	-0.198124	-0.195435	-0.207079	-0.221274	-0.233543	-0.247604	-0.262791	-0.280681	-0.296103	-0.313206	-0.321232	-0.304065	-0.253274	-0.188289	-0.122372	-0.0458588	0.0339081	0.102652	0.159756	0.201921	0.237818	
-0.26534	-0.256062	-0.23831	-0.212546	-0.194086	-0.192698	-0.202666	-0.228675	-0.249469	-0.262791	-0.268903	-0.275946	-0.277149	-0.280524	-0.285397	-0.272502	-0.237153	-0.182029	-0.120879	-0.0509387	0.0350084	0.108039	0.174311	0.224913	0.26698	
-0.280581	-0.275192	-0.257653	-0.23095	-0.217681	-0.218249	-0.222216	-0.247796	-0.269114	-0.280681	-0.275946	-0.264934	-0.246626	-0.234797	-0.228978	-0.214894	-0.191411	-0.146023	-0.0877515	-0.0306366	0.0440483	0.113313	0.180049	0.240641	0.295897	
-0.291158	-0.296344	-0.283215	-0.261222	-0.25385	-0.254096	-0.256267	-0.274091	-0.293204	-0.296103	-0.277149	-0.246626	-0.214399	-0.185908	-0.163362	-0.14214	-0.115632	-0.0717696	-0.0237161	0.0188697	0.0684279	0.130612	0.193086	0.256523	0.319541	
-0.303297	-0.316931	-0.299211	-0.282576	-0.279883	-0.281424	-0.279885	-0.291527	-0.311939	-0.313206	-0.280524	-0.234797	-0.185908	-0.133579	-0.0914445	-0.0658524	-0.0357435	0.00760556	0.0488116	0.0813351	0.117527	0.16308	0.21726	0.27502	0.335644	
-0.311238	-0.323726	-0.303994	-0.28276	-0.274272	-0.273306	-0.277335	-0.295088	-0.317872	-0.321232	-0.285397	-0.228978	-0.163362	-0.0914445	-0.0356978	-0.00332621	0.0266021	0.0617666	0.0970217	0.131729	0.170514	0.203192	0.241885	0.283156	0.332778	
-0.295559	-0.304318	-0.285197	-0.259971	-0.24302	-0.240434	-0.251349	-0.274945	-0.298519	-0.304065	-0.272502	-0.214894	-0.14214	-0.0658524	-0.00332621	0.0361534	0.0638899	0.0930258	0.122577	0.154093	0.194457	0.227121	0.252948	0.278632	0.312518	
-0.249807	-0.25146	-0.234257	-0.214907	-0.203204	-0.202714	-0.208474	-0.22559	-0.24629	-0.253274	-0.237153	-0.191411	-0.115632	-0.0357435	0.0266021	0.0638899	0.0888248	0.111251	0.136085	0.167619	0.203667	0.232364	0.245675	0.261518	0.285437	
-0.187762	-0.187037	-0.177924	-0.168072	-0.165587	-0.165584	-0.166936	-0.172554	-0.184703	-0.188289	-0.182029	-0.146023	-0.0717696	0.00760556	0.0617666	0.0930258	0.111251	0.12669	0.142861	0.167191	0.192667	0.20941	0.213963	0.229337	0.251907	
-0.124173	-0.118547	-0.118336	-0.124286	-0.134031	-0.135558	-0.128125	-0.120078	-0.117319	-0.122372	-0.120879	-0.0877515	-0.0237161	0.0488116	0.0970217	0.122577	0.136085	0.142861	0.149741	0.155728	0.163551	0.167569	0.16918	0.182804	0.200172	
-0.049082	-0.043277	-0.0520273	-0.0790455	-0.102296	-0.106011	-0.0909779	-0.0615069	-0.0441191	-0.0458588	-0.0509387	-0.0306366	0.0188697	0.0813351	0.131729	0.154093	0.167619	0.167191	0.155728	0.145004	0.13142	0.120113	0.118593	0.128036	0.141703	
0.0348177	0.0293215	0.0102306	-0.0292207	-0.0655354	-0.0724537	-0.0464853	-0.00327165	0.0233694	0.0339081	0.0350084	0.0440483	0.0684279	0.117527	0.170514	0.194457	0.203667	0.192667	0.163551	0.13142	0.0964954	0.0723101	0.0651584	0.0729221	0.0917885	
0.106135	0.0932938	0.0662334	0.0199819	-0.02125	-0.0302361	0.00107372	0.0496234	0.0840688	0.102652	0.108039	0.113313	0.130612	0.16308	0.203192	0.227121	0.232364	0.20941	0.167569	0.120113	0.0723101	0.0371164	0.0256138	0.0316024	0.0529196	
0.167355	0.144734	0.110627	0.0664639	0.0220883	0.0121122	0.0471725	0.0947065	0.132242	0.159756	0.174311	0.180049	0.193086	0.21726	0.241885	0.252948	0.245675	0.213963	0.16918	0.118593	0.0651584	0.0256138	0.00910071	0.0119002	0.0354426	
0.211656	0.18653	0.152949	0.104977	0.0593504	0.0495447	0.0852404	0.134765	0.174935	0.201921	0.224913	0.240641	0.256523	0.27502	0.283156	0.278632	0.261518	0.229337	0.182804	0.128036	0.0729221	0.0316024	0.0119002	0.0152394	0.0440392	
0.249002	0.220761	0.181381	0.129982	0.0905449	0.0835826	0.111225	0.161519	0.207302	0.237818	0.26698	0.295897	0.319541	0.335644	0.332778	0.312518	0.285437	0.251907	0.200172	0.141703	0.0917885	0.0529196	0.0354426	0.0440392	0.0792895	
