0.990227	0.965026	0.945548	0.923269	0.906437	0.902488	0.915434	0.937235	0.956227	0.980306	1.00539	1.02991	1.04702	1.04516	1.01833	0.967297	0.902487	0.821101	0.72624	0.632103	0.541156	0.450355	0.356847	0.275247	0.221906	
1.19153	1.17284	1.1552	1.14639	1.14155	1.14052	1.14434	1.15077	1.16453	1.18494	1.19814	1.19697	1.18341	1.15324	1.09417	1.01029	0.918763	0.822119	0.712216	0.604511	0.509749	0.417021	0.326952	0.258923	0.225821	
1.30937	1.30341	1.29532	1.29954	1.30683	1.30849	1.30334	1.29528	1.2994	1.30838	1.30494	1.27341	1.22667	1.16916	1.07892	0.971327	0.86525	0.764871	0.655805	0.543906	0.452793	0.37374	0.302975	0.259089	0.252491	
1.34174	1.35768	1.36556	1.38241	1.39558	1.39779	1.3893	1.37134	1.36025	1.35027	1.32259	1.26281	1.18716	1.10168	0.991609	0.868785	0.758904	0.664017	0.561329	0.458903	0.374874	0.3142	0.274155	0.263341	0.284218	
1.29523	1.34592	1.37937	1.41126	1.426	1.4274	1.42004	1.39218	1.36071	1.31734	1.25709	1.17086	1.06817	0.963894	0.84247	0.721601	0.619528	0.53211	0.445492	0.359543	0.293144	0.249888	0.239797	0.266295	0.3152	
1.19447	1.28067	1.34626	1.39065	1.40752	1.40929	1.40026	1.36675	1.30992	1.23086	1.136	1.02299	0.903005	0.783616	0.662368	0.553293	0.46208	0.383557	0.310772	0.249927	0.209237	0.187509	0.200703	0.257959	0.336616	
1.05913	1.17782	1.27332	1.33305	1.35818	1.36116	1.34632	1.30185	1.21951	1.10903	0.980687	0.846668	0.714099	0.589723	0.478514	0.383053	0.304782	0.230256	0.167467	0.132013	0.119858	0.125506	0.161286	0.239862	0.345733	
0.90941	1.04958	1.16608	1.24317	1.28176	1.28799	1.26258	1.20266	1.09983	0.968241	0.818404	0.668916	0.529344	0.406224	0.306721	0.224891	0.153839	0.0841064	0.0340273	0.0196152	0.0376987	0.071996	0.128269	0.220991	0.336101	
0.75918	0.904028	1.03009	1.12081	1.17256	1.18206	1.14612	1.07138	0.957226	0.818978	0.665615	0.514014	0.373454	0.253785	0.162821	0.0876654	0.0183794	-0.0453057	-0.0806698	-0.0736033	-0.0315457	0.0294187	0.107042	0.208322	0.322487	
0.611943	0.745262	0.871043	0.96419	1.02266	1.03377	0.991895	0.913723	0.796489	0.666576	0.52714	0.388789	0.257214	0.140051	0.0533964	-0.0194396	-0.0847273	-0.13725	-0.152712	-0.125037	-0.0668666	0.00960025	0.097533	0.199744	0.302327	
0.47209	0.58355	0.690267	0.774591	0.823462	0.832519	0.798687	0.727798	0.62756	0.516368	0.406692	0.299123	0.184733	0.0754703	-0.0127716	-0.08283	-0.140224	-0.175525	-0.171755	-0.13182	-0.0663966	0.00806373	0.0879474	0.177059	0.259824	
0.347687	0.425283	0.502408	0.559006	0.588013	0.592816	0.573497	0.528123	0.457097	0.377773	0.305812	0.234885	0.147941	0.0510927	-0.0349133	-0.101351	-0.145948	-0.162739	-0.146623	-0.105348	-0.0469916	0.0154299	0.072728	0.133945	0.19208	
0.237443	0.277821	0.317872	0.339369	0.345344	0.346006	0.342683	0.329061	0.29499	0.253236	0.216819	0.17671	0.118195	0.041999	-0.0305592	-0.0851102	-0.114024	-0.112373	-0.0899911	-0.0569134	-0.0140648	0.0283917	0.0594698	0.0859382	0.113322	
0.134918	0.13895	0.133946	0.123625	0.108488	0.105164	0.117523	0.129669	0.138525	0.136619	0.13285	0.120148	0.0862987	0.0433915	-0.000756213	-0.0343358	-0.047243	-0.038085	-0.0185589	-0.0012475	0.0188719	0.0372591	0.042699	0.0397802	0.0375453	
0.0310613	-0.00799234	-0.050421	-0.0924645	-0.119694	-0.12436	-0.105701	-0.0678683	-0.0251358	0.0165293	0.0485949	0.0625946	0.0647392	0.0618482	0.0618278	0.0586389	0.0558578	0.0604347	0.0613731	0.0542547	0.044613	0.033978	0.0141899	-0.0117571	-0.0320407	
-0.0799243	-0.156666	-0.231982	-0.293691	-0.329944	-0.335623	-0.311366	-0.25909	-0.187675	-0.109797	-0.0411739	0.011325	0.0537499	0.0982072	0.142156	0.168907	0.176243	0.167773	0.144925	0.10876	0.0672124	0.0241728	-0.0220323	-0.0678766	-0.101145	
-0.195351	-0.294313	-0.383066	-0.451495	-0.489516	-0.495484	-0.470552	-0.413276	-0.331842	-0.23509	-0.138766	-0.0485334	0.0382206	0.123072	0.201141	0.251257	0.268998	0.256561	0.217491	0.159488	0.0882898	0.0165656	-0.0520007	-0.113376	-0.153311	
-0.30249	-0.411603	-0.498594	-0.565522	-0.600461	-0.605886	-0.5837	-0.527767	-0.449127	-0.34732	-0.234141	-0.112033	0.0142704	0.129356	0.226836	0.290105	0.316332	0.308838	0.268519	0.196204	0.101413	0.0048417	-0.0774969	-0.140671	-0.176607	
-0.390787	-0.504041	-0.591382	-0.653517	-0.685571	-0.690417	-0.67051	-0.619493	-0.54189	-0.438752	-0.313775	-0.167529	-0.0151475	0.12145	0.229027	0.297676	0.329771	0.327595	0.292271	0.216983	0.10449	-0.00818325	-0.091876	-0.144935	-0.163389	
-0.451187	-0.567615	-0.657256	-0.717211	-0.744918	-0.749406	-0.732172	-0.684896	-0.606813	-0.500573	-0.37009	-0.216886	-0.0562857	0.0863265	0.199828	0.275571	0.309828	0.311761	0.283392	0.213998	0.104062	-0.00732722	-0.0816608	-0.116658	-0.117957	
-0.486638	-0.596563	-0.683296	-0.737619	-0.760163	-0.763397	-0.750045	-0.709218	-0.634216	-0.533357	-0.411204	-0.271238	-0.126118	0.0092344	0.125198	0.212323	0.255768	0.261836	0.242602	0.188756	0.0998859	0.0105148	-0.0439083	-0.0639551	-0.0562574	
-0.50061	-0.594827	-0.675083	-0.724045	-0.744079	-0.747188	-0.734793	-0.698988	-0.629	-0.540638	-0.436207	-0.321584	-0.204414	-0.0892042	0.0184002	0.110055	0.15985	0.172568	0.164114	0.135574	0.0835856	0.0359195	0.0154958	0.0109757	0.024888	
-0.50371	-0.57554	-0.643332	-0.686638	-0.707097	-0.711082	-0.696822	-0.664223	-0.603549	-0.533718	-0.454818	-0.36883	-0.281765	-0.193463	-0.105162	-0.0217443	0.0304287	0.0555592	0.0696146	0.0725565	0.066272	0.0645644	0.0800907	0.101233	0.123846	
-0.501907	-0.546352	-0.593398	-0.628016	-0.647572	-0.651291	-0.637604	-0.609763	-0.564673	-0.520796	-0.470572	-0.415567	-0.358433	-0.298652	-0.239007	-0.17475	-0.12331	-0.079341	-0.0325207	0.0131864	0.0502807	0.0895712	0.13845	0.183398	0.231987	
-0.496509	-0.511922	-0.535449	-0.554336	-0.567813	-0.571241	-0.560222	-0.544259	-0.52019	-0.502809	-0.483338	-0.458848	-0.432134	-0.402908	-0.371945	-0.329861	-0.280715	-0.216772	-0.136655	-0.0514114	0.0273265	0.0995298	0.173125	0.247201	0.327865	
-0.489584	-0.48004	-0.476919	-0.475455	-0.477139	-0.477905	-0.475804	-0.476433	-0.477837	-0.485718	-0.493725	-0.50003	-0.503594	-0.502449	-0.49447	-0.468004	-0.41823	-0.341014	-0.239829	-0.126587	-0.0125707	0.0940058	0.196016	0.302234	0.420546	
-0.48004	-0.45058	-0.424378	-0.404351	-0.393424	-0.391552	-0.398599	-0.415529	-0.439476	-0.468017	-0.498662	-0.532778	-0.565102	-0.588566	-0.598895	-0.583423	-0.533601	-0.451471	-0.344265	-0.213792	-0.067645	0.0809117	0.223143	0.364392	0.519717	
-0.476919	-0.424378	-0.374319	-0.334659	-0.312678	-0.308821	-0.323477	-0.356322	-0.404403	-0.454996	-0.511604	-0.570956	-0.624763	-0.665031	-0.682884	-0.673008	-0.62179	-0.538471	-0.432705	-0.297064	-0.125173	0.061438	0.243573	0.428596	0.614719	
-0.475455	-0.404351	-0.334659	-0.284306	-0.257112	-0.251755	-0.270754	-0.31135	-0.376029	-0.446249	-0.522309	-0.600042	-0.66559	-0.711453	-0.735103	-0.730965	-0.683002	-0.603172	-0.501291	-0.362672	-0.176751	0.037237	0.252711	0.470218	0.690062	
-0.477139	-0.393424	-0.312678	-0.257112	-0.228589	-0.223524	-0.242738	-0.286281	-0.360675	-0.442123	-0.53173	-0.617958	-0.685966	-0.732241	-0.755849	-0.75703	-0.713437	-0.636846	-0.538339	-0.400465	-0.208334	0.0169433	0.249026	0.490957	0.731878	
-0.477905	-0.391552	-0.308821	-0.251755	-0.223524	-0.218255	-0.237648	-0.281864	-0.357883	-0.442043	-0.533934	-0.621856	-0.689932	-0.735553	-0.759179	-0.760873	-0.718189	-0.642275	-0.544006	-0.406591	-0.213679	0.0132653	0.247727	0.494485	0.739421	
-0.475804	-0.398599	-0.323477	-0.270754	-0.242738	-0.237648	-0.256755	-0.298971	-0.367973	-0.443781	-0.52626	-0.608359	-0.676024	-0.722264	-0.746695	-0.745093	-0.699024	-0.620602	-0.520131	-0.38123	-0.192191	0.0278967	0.25214	0.480413	0.710992	
-0.476433	-0.415529	-0.356322	-0.31135	-0.286281	-0.281864	-0.298971	-0.335774	-0.392034	-0.451041	-0.516657	-0.584672	-0.644065	-0.687909	-0.70796	-0.699973	-0.64958	-0.56697	-0.462703	-0.326278	-0.147359	0.0515174	0.248274	0.44868	0.648077	
-0.477837	-0.439476	-0.404403	-0.376029	-0.360675	-0.357883	-0.367973	-0.392034	-0.424758	-0.462299	-0.502634	-0.547106	-0.589618	-0.620431	-0.635497	-0.622402	-0.571989	-0.489123	-0.381882	-0.248364	-0.0910445	0.0739738	0.232948	0.390795	0.558957	
-0.485718	-0.468017	-0.454996	-0.446249	-0.442123	-0.442043	-0.443781	-0.451041	-0.462299	-0.478448	-0.496147	-0.513897	-0.529303	-0.538931	-0.538689	-0.517126	-0.46728	-0.387023	-0.2821	-0.160913	-0.0333089	0.0893655	0.206633	0.326419	0.459493	
-0.493725	-0.498662	-0.511604	-0.522309	-0.53173	-0.533934	-0.52626	-0.516657	-0.502634	-0.496147	-0.487871	-0.476118	-0.46154	-0.44377	-0.423097	-0.387757	-0.338864	-0.268515	-0.177788	-0.079909	0.0138649	0.0991683	0.182902	0.269167	0.364268	
-0.50003	-0.532778	-0.570956	-0.600042	-0.617958	-0.621856	-0.608359	-0.584672	-0.547106	-0.513897	-0.476118	-0.432883	-0.388078	-0.340307	-0.292478	-0.237708	-0.187351	-0.135064	-0.0743343	-0.0114556	0.0426425	0.0954371	0.15502	0.21054	0.271773	
-0.503594	-0.565102	-0.624763	-0.66559	-0.685966	-0.689932	-0.676024	-0.644065	-0.589618	-0.529303	-0.46154	-0.388078	-0.312416	-0.235549	-0.157768	-0.0810705	-0.0291492	0.00291926	0.0295872	0.0485121	0.0601812	0.0756757	0.105197	0.136435	0.167631	
-0.502449	-0.588566	-0.665031	-0.711453	-0.732241	-0.735553	-0.722264	-0.687909	-0.620431	-0.538931	-0.44377	-0.340307	-0.235549	-0.13057	-0.0294801	0.0602561	0.111426	0.128424	0.127364	0.110776	0.0764172	0.0473202	0.0416767	0.0461824	0.0625219	
-0.49447	-0.598895	-0.682884	-0.735103	-0.755849	-0.759179	-0.746695	-0.70796	-0.635497	-0.538689	-0.423097	-0.292478	-0.157768	-0.0294801	0.0852196	0.175433	0.222245	0.230437	0.214752	0.169833	0.0940886	0.0198839	-0.0218601	-0.0360231	-0.0257843	
-0.468004	-0.583423	-0.673008	-0.730965	-0.75703	-0.760873	-0.745093	-0.699973	-0.622402	-0.517126	-0.387757	-0.237708	-0.0810705	0.0602561	0.175433	0.255782	0.293167	0.296262	0.271477	0.206996	0.103256	-0.00148399	-0.0696934	-0.0982797	-0.0953206	
-0.41823	-0.533601	-0.62179	-0.683002	-0.713437	-0.718189	-0.699024	-0.64958	-0.571989	-0.46728	-0.338864	-0.187351	-0.0291492	0.111426	0.222245	0.293167	0.325759	0.325556	0.292335	0.218603	0.104541	-0.0102156	-0.0910273	-0.137097	-0.147837	
-0.341014	-0.451471	-0.538471	-0.603172	-0.636846	-0.642275	-0.620602	-0.56697	-0.489123	-0.387023	-0.268515	-0.135064	0.00291926	0.128424	0.230437	0.296262	0.325556	0.319794	0.281881	0.207134	0.103542	-0.000762663	-0.0858374	-0.145895	-0.175774	
-0.239829	-0.344265	-0.432705	-0.501291	-0.538339	-0.544006	-0.520131	-0.462703	-0.381882	-0.2821	-0.177788	-0.0743343	0.0295872	0.127364	0.214752	0.271477	0.292335	0.281881	0.240911	0.176348	0.0950716	0.0122421	-0.0631094	-0.126692	-0.166605	
-0.126587	-0.213792	-0.297064	-0.362672	-0.400465	-0.406591	-0.38123	-0.326278	-0.248364	-0.160913	-0.079909	-0.0114556	0.0485121	0.110776	0.169833	0.206996	0.218603	0.207134	0.176348	0.130294	0.0760602	0.0206512	-0.034945	-0.0877581	-0.124707	
-0.0125707	-0.067645	-0.125173	-0.176751	-0.208334	-0.213679	-0.192191	-0.147359	-0.0910445	-0.0333089	0.0138649	0.0426425	0.0601812	0.0764172	0.0940886	0.103256	0.104541	0.103542	0.0950716	0.0760602	0.0534999	0.0304211	-0.000356241	-0.0344302	-0.060604	
0.0940058	0.0809117	0.061438	0.037237	0.0169433	0.0132653	0.0278967	0.0515174	0.0739738	0.0893655	0.0991683	0.0954371	0.0756757	0.0473202	0.0198839	-0.00148399	-0.0102156	-0.000762663	0.0122421	0.0206512	0.0304211	0.0372822	0.033434	0.0204766	0.00956679	
0.196016	0.223143	0.243573	0.252711	0.249026	0.247727	0.25214	0.248274	0.232948	0.206633	0.182902	0.15502	0.105197	0.0416767	-0.0218601	-0.0696934	-0.0910273	-0.0858374	-0.0631094	-0.034945	-0.000356241	0.033434	0.0533621	0.0671106	0.0815988	
0.302234	0.364392	0.428596	0.470218	0.490957	0.494485	0.480413	0.44868	0.390795	0.326419	0.269167	0.21054	0.136435	0.0461824	-0.0360231	-0.0982797	-0.137097	-0.145895	-0.126692	-0.0877581	-0.0344302	0.0204766	0.0671106	0.114624	0.161605	
0.420546	0.519717	0.614719	0.690062	0.731878	0.739421	0.710992	0.648077	0.558957	0.459493	0.364268	0.271773	0.167631	0.0625219	-0.0257843	-0.0953206	-0.147837	-0.175774	-0.166605	-0.124707	-0.060604	0.00956679	0.0815988	0.161605	0.234916	
