-0.372337	-0.265112	-0.142485	-0.0145814	0.110609	0.213552	0.29853	0.369874	0.405196	0.411677	0.393269	0.355533	0.285292	0.185532	0.0673066	-0.0521333	-0.146973	-0.198004	-0.215202	-0.214572	-0.215918	-0.205688	-0.160946	-0.0738365	0.0282333	
-0.265112	-0.174739	-0.0629879	0.0434655	0.140737	0.219308	0.286916	0.346686	0.377578	0.38215	0.360957	0.311306	0.231403	0.130716	0.0202526	-0.0821934	-0.154639	-0.188911	-0.208869	-0.232675	-0.268266	-0.293846	-0.283679	-0.226402	-0.138536	
-0.142485	-0.0629879	0.0373329	0.121268	0.193793	0.251507	0.298212	0.340071	0.362525	0.360226	0.328359	0.263817	0.178912	0.0773293	-0.0293949	-0.11791	-0.174308	-0.199127	-0.220084	-0.264127	-0.329925	-0.387211	-0.407669	-0.381291	-0.308432	
-0.0145814	0.0434655	0.121268	0.191166	0.25537	0.300749	0.333004	0.362436	0.373817	0.35445	0.304297	0.226422	0.133203	0.0257099	-0.0799312	-0.162344	-0.217528	-0.237912	-0.256726	-0.309978	-0.38876	-0.46861	-0.512511	-0.506432	-0.456403	
0.110609	0.140737	0.193793	0.25537	0.310289	0.345524	0.371931	0.396172	0.393175	0.356415	0.291372	0.200067	0.0908711	-0.024845	-0.134487	-0.219693	-0.278669	-0.306219	-0.323209	-0.373774	-0.457357	-0.540099	-0.590385	-0.596412	-0.559787	
0.213552	0.219308	0.251507	0.300749	0.345524	0.372005	0.397335	0.411301	0.391497	0.346152	0.269892	0.160965	0.030442	-0.101361	-0.218431	-0.309007	-0.370587	-0.398361	-0.414022	-0.457229	-0.528057	-0.599533	-0.639793	-0.64072	-0.608764	
0.29853	0.286916	0.298212	0.333004	0.371931	0.397335	0.409077	0.398841	0.361134	0.304363	0.211036	0.0819032	-0.0672527	-0.213205	-0.340326	-0.431315	-0.48332	-0.50234	-0.511061	-0.537514	-0.583129	-0.627457	-0.647604	-0.63078	-0.58927	
0.369874	0.346686	0.340071	0.362436	0.396172	0.411301	0.398841	0.364309	0.307864	0.227591	0.109067	-0.0388702	-0.201689	-0.360644	-0.495017	-0.57964	-0.610059	-0.608547	-0.597745	-0.58991	-0.598122	-0.607969	-0.601988	-0.565092	-0.505501	
0.405196	0.377578	0.362525	0.373817	0.393175	0.391497	0.361134	0.307864	0.228273	0.114908	-0.0275778	-0.190846	-0.363026	-0.533211	-0.666894	-0.737203	-0.745707	-0.719577	-0.67244	-0.620787	-0.582409	-0.550885	-0.510549	-0.450297	-0.36513	
0.411677	0.38215	0.360226	0.35445	0.356415	0.346152	0.304363	0.227591	0.114908	-0.0324536	-0.195146	-0.3662	-0.541787	-0.706898	-0.823227	-0.873926	-0.868488	-0.816919	-0.735252	-0.641971	-0.559545	-0.480605	-0.395688	-0.299043	-0.187848	
0.393269	0.360957	0.328359	0.304297	0.291372	0.269892	0.211036	0.109067	-0.0275778	-0.195146	-0.366821	-0.545246	-0.718266	-0.868872	-0.963804	-0.996937	-0.969753	-0.890716	-0.773248	-0.643508	-0.521	-0.398633	-0.26655	-0.13252	0.00228056	
0.355533	0.311306	0.263817	0.226422	0.200067	0.160965	0.0819032	-0.0388702	-0.190846	-0.3662	-0.545246	-0.718856	-0.874145	-1.00448	-1.07978	-1.09139	-1.04372	-0.940217	-0.793996	-0.629951	-0.467178	-0.300452	-0.128062	0.0365492	0.190034	
0.285292	0.231403	0.178912	0.133203	0.0908711	0.030442	-0.0672527	-0.201689	-0.363026	-0.541787	-0.718266	-0.874145	-1.00843	-1.11564	-1.16436	-1.14781	-1.07385	-0.946568	-0.775075	-0.577836	-0.375717	-0.178898	0.0116786	0.187317	0.342758	
0.185532	0.130716	0.0773293	0.0257099	-0.024845	-0.101361	-0.213205	-0.360644	-0.533211	-0.706898	-0.868872	-1.00448	-1.11564	-1.19132	-1.20172	-1.15114	-1.04804	-0.89438	-0.697856	-0.470288	-0.242546	-0.0314559	0.152707	0.312109	0.454846	
0.0673066	0.0202526	-0.0293949	-0.0799312	-0.134487	-0.218431	-0.340326	-0.495017	-0.666894	-0.823227	-0.963804	-1.07978	-1.16436	-1.20172	-1.17625	-1.09955	-0.971912	-0.792566	-0.571908	-0.326228	-0.0863536	0.126574	0.294582	0.426843	0.547305	
-0.0521333	-0.0821934	-0.11791	-0.162344	-0.219693	-0.309007	-0.431315	-0.57964	-0.737203	-0.873926	-0.996937	-1.09139	-1.14781	-1.15114	-1.09955	-1.00522	-0.858385	-0.654667	-0.419245	-0.170102	0.0657164	0.264829	0.40989	0.515223	0.603738	
-0.146973	-0.154639	-0.174308	-0.217528	-0.278669	-0.370587	-0.48332	-0.610059	-0.745707	-0.868488	-0.969753	-1.04372	-1.07385	-1.04804	-0.971912	-0.858385	-0.693189	-0.480466	-0.248387	-0.0125984	0.199666	0.37027	0.487667	0.564903	0.61939	
-0.198004	-0.188911	-0.199127	-0.237912	-0.306219	-0.398361	-0.50234	-0.608547	-0.719577	-0.816919	-0.890716	-0.940217	-0.946568	-0.89438	-0.792566	-0.654667	-0.480466	-0.277272	-0.064434	0.141699	0.319781	0.45406	0.536982	0.579807	0.600517	
-0.215202	-0.208869	-0.220084	-0.256726	-0.323209	-0.414022	-0.511061	-0.597745	-0.67244	-0.735252	-0.773248	-0.793996	-0.775075	-0.697856	-0.571908	-0.419245	-0.248387	-0.064434	0.119068	0.288018	0.431723	0.523858	0.563968	0.567504	0.550665	
-0.214572	-0.232675	-0.264127	-0.309978	-0.373774	-0.457229	-0.537514	-0.58991	-0.620787	-0.641971	-0.643508	-0.629951	-0.577836	-0.470288	-0.326228	-0.170102	-0.0125984	0.141699	0.288018	0.418976	0.517235	0.565288	0.560633	0.523026	0.480182	
-0.215918	-0.268266	-0.329925	-0.38876	-0.457357	-0.528057	-0.583129	-0.598122	-0.582409	-0.559545	-0.521	-0.467178	-0.375717	-0.242546	-0.0863536	0.0657164	0.199666	0.319781	0.431723	0.517235	0.568375	0.565969	0.518545	0.450698	0.386948	
-0.205688	-0.293846	-0.387211	-0.46861	-0.540099	-0.599533	-0.627457	-0.607969	-0.550885	-0.480605	-0.398633	-0.300452	-0.178898	-0.0314559	0.126574	0.264829	0.37027	0.45406	0.523858	0.565288	0.565969	0.525354	0.456403	0.37453	0.297885	
-0.160946	-0.283679	-0.407669	-0.512511	-0.590385	-0.639793	-0.647604	-0.601988	-0.510549	-0.395688	-0.26655	-0.128062	0.0116786	0.152707	0.294582	0.40989	0.487667	0.536982	0.563968	0.560633	0.518545	0.456403	0.38249	0.300115	0.220685	
-0.0738365	-0.226402	-0.381291	-0.506432	-0.596412	-0.64072	-0.63078	-0.565092	-0.450297	-0.299043	-0.13252	0.0365492	0.187317	0.312109	0.426843	0.515223	0.564903	0.579807	0.567504	0.523026	0.450698	0.37453	0.300115	0.225518	0.159102	
0.0282333	-0.138536	-0.308432	-0.456403	-0.559787	-0.608764	-0.58927	-0.505501	-0.36513	-0.187848	0.00228056	0.190034	0.342758	0.454846	0.547305	0.603738	0.61939	0.600517	0.550665	0.480182	0.386948	0.297885	0.220685	0.159102	0.115206	
0.126413	-0.0437401	-0.221286	-0.38168	-0.503195	-0.565794	-0.546475	-0.44511	-0.278577	-0.0719932	0.138253	0.332523	0.48527	0.590173	0.661112	0.683934	0.661375	0.605447	0.526962	0.436579	0.328993	0.231234	0.152943	0.101769	0.078218	
0.208477	0.0336758	-0.155131	-0.328892	-0.466366	-0.538845	-0.520774	-0.406422	-0.212856	0.0227615	0.259287	0.463195	0.617105	0.712803	0.76129	0.75375	0.699631	0.61573	0.511678	0.394769	0.275614	0.172824	0.0967554	0.0522111	0.0321541	
0.275661	0.0934794	-0.112158	-0.307962	-0.454323	-0.529619	-0.508951	-0.386671	-0.17838	0.0819592	0.348453	0.576468	0.734221	0.823198	0.850386	0.819194	0.749386	0.648897	0.516451	0.372737	0.234447	0.125252	0.0503785	0.00475083	-0.017607	
0.325162	0.137627	-0.0871497	-0.301886	-0.461477	-0.534527	-0.50954	-0.381782	-0.166046	0.109794	0.406253	0.655951	0.826429	0.911874	0.923184	0.878798	0.797702	0.683454	0.535131	0.367288	0.21528	0.0934662	0.00968796	-0.0353456	-0.0555929	
0.352824	0.164759	-0.0711869	-0.301907	-0.472968	-0.5492	-0.520346	-0.385842	-0.162847	0.125152	0.439192	0.704261	0.881306	0.967756	0.970971	0.915432	0.824789	0.700923	0.544522	0.37047	0.210939	0.0757204	-0.0168072	-0.0604697	-0.0738585	
0.357233	0.169821	-0.0657808	-0.301959	-0.475149	-0.55226	-0.523541	-0.388362	-0.161875	0.127999	0.443871	0.712954	0.890594	0.977244	0.980336	0.922193	0.828321	0.703546	0.545044	0.370953	0.209647	0.0721472	-0.0226004	-0.0650026	-0.0764816	
0.339238	0.150323	-0.0809528	-0.301898	-0.466505	-0.5405	-0.513641	-0.382477	-0.164472	0.117404	0.422615	0.679363	0.853522	0.939632	0.946189	0.896471	0.811375	0.69244	0.540702	0.36886	0.212516	0.0847394	-0.00260319	-0.0472417	-0.0646974	
0.297662	0.113155	-0.100506	-0.303915	-0.456025	-0.529449	-0.507673	-0.383664	-0.171282	0.0950843	0.374619	0.611946	0.774794	0.861393	0.881633	0.844565	0.770459	0.664202	0.524378	0.368697	0.224183	0.110579	0.0328818	-0.012435	-0.0352103	
0.2375	0.0595352	-0.134871	-0.317714	-0.458192	-0.533249	-0.51452	-0.396283	-0.195839	0.0513323	0.298895	0.512637	0.666622	0.759138	0.7987	0.780351	0.718657	0.627222	0.510145	0.38331	0.256508	0.152321	0.0777146	0.0327379	0.0122934	
0.160769	-0.0106645	-0.192079	-0.356178	-0.48566	-0.552442	-0.534526	-0.427246	-0.248394	-0.0306318	0.189837	0.385752	0.538941	0.640205	0.702043	0.71263	0.675586	0.606382	0.518586	0.418026	0.306983	0.207186	0.128609	0.0810845	0.060675	
0.0695897	-0.0991788	-0.272536	-0.426619	-0.536666	-0.591048	-0.570573	-0.47949	-0.329165	-0.140151	0.057443	0.248546	0.401341	0.510684	0.594995	0.637632	0.637817	0.603784	0.54124	0.463319	0.363685	0.269808	0.192131	0.135127	0.10092	
-0.0339635	-0.193798	-0.35603	-0.491927	-0.58642	-0.630989	-0.615983	-0.543312	-0.418356	-0.256723	-0.0794095	0.0989797	0.251373	0.370124	0.475475	0.551947	0.58826	0.590545	0.562457	0.505735	0.423961	0.342661	0.267146	0.197989	0.139632	
-0.129828	-0.266172	-0.403787	-0.51561	-0.598239	-0.64512	-0.645103	-0.590712	-0.490054	-0.358785	-0.212035	-0.0604088	0.0847803	0.219709	0.349787	0.455011	0.522381	0.55765	0.568838	0.5476	0.492087	0.423978	0.350758	0.270461	0.19374	
-0.19343	-0.29508	-0.40021	-0.491996	-0.565112	-0.620156	-0.639657	-0.609025	-0.536229	-0.44796	-0.347303	-0.23195	-0.101509	0.0451952	0.199797	0.329656	0.423592	0.493705	0.545677	0.568365	0.551092	0.500019	0.42805	0.344953	0.265412	
-0.214496	-0.282028	-0.356403	-0.423237	-0.492288	-0.558997	-0.602339	-0.602576	-0.570216	-0.528016	-0.472475	-0.401479	-0.296383	-0.154918	0.00313005	0.150748	0.273568	0.379316	0.475496	0.543984	0.574683	0.554552	0.495387	0.419353	0.349607	
-0.214658	-0.245136	-0.288694	-0.338961	-0.405607	-0.483167	-0.554008	-0.59151	-0.603211	-0.607919	-0.593852	-0.564953	-0.496961	-0.377855	-0.227601	-0.0724176	0.0765916	0.216575	0.34968	0.462348	0.542353	0.570322	0.547172	0.495856	0.444748	
-0.216248	-0.217934	-0.234342	-0.274012	-0.337829	-0.427274	-0.518511	-0.593066	-0.651519	-0.697549	-0.720843	-0.728144	-0.697251	-0.609227	-0.474937	-0.320253	-0.15357	0.0199748	0.188587	0.343173	0.470182	0.544878	0.567627	0.553819	0.524904	
-0.207776	-0.196783	-0.206211	-0.242754	-0.311787	-0.403569	-0.505212	-0.60457	-0.701968	-0.787449	-0.847189	-0.885827	-0.883205	-0.820888	-0.708836	-0.563022	-0.388153	-0.192238	0.0101912	0.201404	0.365508	0.484138	0.550449	0.578128	0.583618	
-0.172101	-0.17202	-0.186758	-0.228913	-0.293226	-0.385221	-0.493989	-0.611846	-0.738424	-0.852133	-0.943781	-1.00828	-1.02857	-0.992028	-0.905691	-0.782503	-0.612537	-0.401565	-0.175816	0.0497875	0.248794	0.405359	0.510457	0.574967	0.616083	
-0.09521	-0.115572	-0.144778	-0.188882	-0.247122	-0.337711	-0.45736	-0.597753	-0.746562	-0.878278	-0.99323	-1.07952	-1.12514	-1.11625	-1.05489	-0.954073	-0.799835	-0.58953	-0.353038	-0.106922	0.121878	0.310753	0.444876	0.539739	0.614471	
0.0192263	-0.0232481	-0.0679489	-0.115568	-0.171521	-0.25786	-0.381164	-0.535686	-0.7034	-0.851174	-0.983996	-1.09177	-1.16493	-1.18726	-1.15125	-1.0664	-0.930841	-0.741289	-0.512951	-0.263912	-0.0239773	0.185857	0.344898	0.466081	0.575169	
0.139295	0.0864204	0.0335316	-0.0185171	-0.0707247	-0.150149	-0.267851	-0.418903	-0.592936	-0.761341	-0.91481	-1.04208	-1.14343	-1.20428	-1.19886	-1.13627	-1.02285	-0.858259	-0.652023	-0.415632	-0.180646	0.0323532	0.210529	0.359433	0.493726	
0.248872	0.192996	0.140251	0.0917722	0.0451135	-0.0234794	-0.127285	-0.266893	-0.432889	-0.610765	-0.782262	-0.93053	-1.0556	-1.15158	-1.18657	-1.15606	-1.0704	-0.9333	-0.751611	-0.541324	-0.326957	-0.122676	0.0677803	0.2397	0.391201	
0.331632	0.283262	0.232155	0.190782	0.157736	0.110479	0.0236086	-0.103303	-0.258473	-0.436498	-0.616328	-0.783923	-0.930695	-1.0518	-1.11756	-1.11894	-1.06156	-0.949443	-0.792733	-0.615386	-0.436027	-0.255122	-0.0722833	0.100075	0.256779	
0.380742	0.343798	0.306204	0.275575	0.257679	0.230076	0.162981	0.0522688	-0.0912032	-0.262484	-0.436927	-0.615995	-0.783416	-0.926777	-1.01395	-1.0391	-1.00374	-0.913849	-0.783947	-0.640302	-0.501476	-0.361816	-0.211948	-0.0641582	0.0789726	
