-0.724626	-0.772983	-0.796596	-0.782355	-0.747613	-0.68718	-0.591125	-0.471247	-0.356299	-0.261252	-0.18472	-0.115752	-0.0492572	0.021077	0.0893149	0.127308	0.126026	0.0868657	0.00645109	-0.103424	-0.222299	-0.326726	-0.394486	-0.442209	-0.484054	
-0.772983	-0.793846	-0.794281	-0.761163	-0.705992	-0.625474	-0.528114	-0.42323	-0.326731	-0.244775	-0.16965	-0.0958494	-0.0196002	0.0669467	0.151519	0.21024	0.227048	0.197786	0.123824	0.01757	-0.103738	-0.217321	-0.297429	-0.370884	-0.444615	
-0.796596	-0.794281	-0.76829	-0.714509	-0.635066	-0.541281	-0.446796	-0.361093	-0.28032	-0.206056	-0.134558	-0.0640452	0.0110152	0.101455	0.19258	0.265291	0.294903	0.276713	0.219282	0.123576	0.00864832	-0.110593	-0.214555	-0.310715	-0.416442	
-0.782355	-0.761163	-0.714509	-0.645885	-0.549489	-0.452123	-0.366174	-0.292004	-0.22935	-0.164989	-0.104992	-0.0475058	0.0173803	0.100234	0.191525	0.267562	0.309366	0.309996	0.274954	0.20604	0.10919	-0.00702827	-0.124483	-0.241836	-0.373024	
-0.747613	-0.705992	-0.635066	-0.549489	-0.455856	-0.371589	-0.297441	-0.240098	-0.194952	-0.140462	-0.0910162	-0.0470525	0.00467479	0.070905	0.150154	0.223213	0.275328	0.299408	0.291933	0.257666	0.187773	0.0860843	-0.0325575	-0.165798	-0.314105	
-0.68718	-0.625474	-0.541281	-0.452123	-0.371589	-0.30086	-0.238969	-0.200084	-0.176302	-0.140852	-0.106145	-0.0762602	-0.0387996	0.0123241	0.0806905	0.157743	0.224051	0.270458	0.289266	0.281083	0.23857	0.157674	0.0433537	-0.0951341	-0.254111	
-0.591125	-0.528114	-0.446796	-0.366174	-0.297441	-0.238969	-0.19294	-0.177572	-0.177856	-0.165498	-0.149248	-0.129744	-0.108671	-0.0711798	-0.00542489	0.0782125	0.160261	0.228657	0.267036	0.282876	0.271027	0.214087	0.114658	-0.0242662	-0.189653	
-0.471247	-0.42323	-0.361093	-0.292004	-0.240098	-0.200084	-0.177572	-0.18265	-0.202067	-0.206096	-0.196533	-0.188859	-0.179775	-0.149162	-0.0862246	0.00270803	0.0970167	0.176218	0.229297	0.267936	0.282754	0.25305	0.172732	0.0375272	-0.126771	
-0.356299	-0.326731	-0.28032	-0.22935	-0.194952	-0.176302	-0.177856	-0.202067	-0.230176	-0.243335	-0.239714	-0.236435	-0.228042	-0.195512	-0.132044	-0.040363	0.0492942	0.125328	0.182158	0.228809	0.261455	0.25263	0.190557	0.0700918	-0.0790041	
-0.261252	-0.244775	-0.206056	-0.164989	-0.140462	-0.140852	-0.165498	-0.206096	-0.243335	-0.263915	-0.265203	-0.259055	-0.243465	-0.20504	-0.143631	-0.0637867	0.00961177	0.0707218	0.122751	0.169312	0.208945	0.214091	0.170135	0.0773031	-0.0441663	
-0.18472	-0.16965	-0.134558	-0.104992	-0.0910162	-0.106145	-0.149248	-0.196533	-0.239714	-0.265203	-0.265896	-0.25554	-0.231707	-0.191271	-0.138896	-0.0802589	-0.0254236	0.0207175	0.0641539	0.107657	0.1419	0.152457	0.126662	0.0655503	-0.0174281	
-0.115752	-0.0958494	-0.0640452	-0.0475058	-0.0470525	-0.0762602	-0.129744	-0.188859	-0.236435	-0.259055	-0.25554	-0.239347	-0.203687	-0.16777	-0.132443	-0.092959	-0.0605053	-0.0283266	0.00598169	0.0398917	0.0636937	0.0794233	0.074101	0.0514104	0.0150658	
-0.0492572	-0.0196002	0.0110152	0.0173803	0.00467479	-0.0387996	-0.108671	-0.179775	-0.228042	-0.243465	-0.231707	-0.203687	-0.168557	-0.143819	-0.129427	-0.117205	-0.106925	-0.0897352	-0.0699565	-0.0495793	-0.032249	-0.0129285	0.00943162	0.0322507	0.0437682	
0.021077	0.0669467	0.101455	0.100234	0.070905	0.0123241	-0.0711798	-0.149162	-0.195512	-0.20504	-0.191271	-0.16777	-0.143819	-0.138576	-0.14765	-0.160366	-0.168831	-0.169631	-0.16563	-0.156535	-0.146211	-0.114982	-0.0622378	0.00512554	0.0699775	
0.0893149	0.151519	0.19258	0.191525	0.150154	0.0806905	-0.00542489	-0.0862246	-0.132044	-0.143631	-0.138896	-0.132443	-0.129427	-0.14765	-0.183551	-0.21926	-0.247011	-0.263017	-0.269338	-0.265336	-0.249777	-0.202575	-0.119934	-0.013756	0.0952016	
0.127308	0.21024	0.265291	0.267562	0.223213	0.157743	0.0782125	0.00270803	-0.040363	-0.0637867	-0.0802589	-0.092959	-0.117205	-0.160366	-0.21926	-0.276916	-0.320935	-0.3451	-0.354272	-0.348657	-0.318939	-0.256937	-0.151711	-0.0195659	0.119469	
0.126026	0.227048	0.294903	0.309366	0.275328	0.224051	0.160261	0.0970167	0.0492942	0.00961177	-0.0254236	-0.0605053	-0.106925	-0.168831	-0.247011	-0.320935	-0.366421	-0.393884	-0.396245	-0.381273	-0.343697	-0.268683	-0.156594	-0.0138814	0.141745	
0.0868657	0.197786	0.276713	0.309996	0.299408	0.270458	0.228657	0.176218	0.125328	0.0707218	0.0207175	-0.0283266	-0.0897352	-0.169631	-0.263017	-0.3451	-0.393884	-0.413169	-0.406644	-0.383247	-0.333065	-0.251762	-0.136534	0.00918685	0.171892	
0.00645109	0.123824	0.219282	0.274954	0.291933	0.289266	0.267036	0.229297	0.182158	0.122751	0.0641539	0.00598169	-0.0699565	-0.16563	-0.269338	-0.354272	-0.396245	-0.406644	-0.391144	-0.361272	-0.306994	-0.221363	-0.10687	0.0377484	0.206412	
-0.103424	0.01757	0.123576	0.20604	0.257666	0.281083	0.282876	0.267936	0.228809	0.169312	0.107657	0.0398917	-0.0495793	-0.156535	-0.265336	-0.348657	-0.381273	-0.383247	-0.361272	-0.326563	-0.26722	-0.175885	-0.0611599	0.0848066	0.252208	
-0.222299	-0.103738	0.00864832	0.10919	0.187773	0.23857	0.271027	0.282754	0.261455	0.208945	0.1419	0.0636937	-0.032249	-0.146211	-0.249777	-0.318939	-0.343697	-0.333065	-0.306994	-0.26722	-0.201449	-0.10474	0.0128306	0.151931	0.312733	
-0.326726	-0.217321	-0.110593	-0.00702827	0.0860843	0.157674	0.214087	0.25305	0.25263	0.214091	0.152457	0.0794233	-0.0129285	-0.114982	-0.202575	-0.256937	-0.268683	-0.251762	-0.221363	-0.175885	-0.10474	-0.00572999	0.108578	0.233523	0.372024	
-0.394486	-0.297429	-0.214555	-0.124483	-0.0325575	0.0433537	0.114658	0.172732	0.190557	0.170135	0.126662	0.074101	0.00943162	-0.0622378	-0.119934	-0.151711	-0.156594	-0.136534	-0.10687	-0.0611599	0.0128306	0.108578	0.212607	0.318163	0.425349	
-0.442209	-0.370884	-0.310715	-0.241836	-0.165798	-0.0951341	-0.0242662	0.0375272	0.0700918	0.0773031	0.0655503	0.0514104	0.0322507	0.00512554	-0.013756	-0.0195659	-0.0138814	0.00918685	0.0377484	0.0848066	0.151931	0.233523	0.318163	0.389102	0.460381	
-0.484054	-0.444615	-0.416442	-0.373024	-0.314105	-0.254111	-0.189653	-0.126771	-0.0790041	-0.0441663	-0.0174281	0.0150658	0.0437682	0.0699775	0.0952016	0.119469	0.141745	0.171892	0.206412	0.252208	0.312733	0.372024	0.425349	0.460381	0.483365	
-0.520668	-0.521564	-0.527467	-0.511471	-0.473822	-0.425582	-0.364722	-0.297309	-0.231339	-0.16403	-0.0972324	-0.0251607	0.051451	0.126419	0.196601	0.255493	0.299268	0.341707	0.38314	0.428643	0.473021	0.504733	0.520691	0.514028	0.493135	
-0.545616	-0.590481	-0.62464	-0.636231	-0.620808	-0.579999	-0.52192	-0.450741	-0.365869	-0.267631	-0.165598	-0.0568365	0.0596671	0.179697	0.291354	0.381468	0.447454	0.499851	0.545325	0.58596	0.609198	0.607883	0.586834	0.541544	0.483422	
-0.550922	-0.628596	-0.697467	-0.737914	-0.740818	-0.70775	-0.647824	-0.568487	-0.468258	-0.353269	-0.228981	-0.0980906	0.0486252	0.210914	0.365502	0.492997	0.583369	0.646405	0.694125	0.720387	0.719363	0.683872	0.623977	0.551427	0.46245	
-0.555748	-0.669308	-0.760794	-0.820817	-0.836378	-0.801823	-0.7378	-0.653973	-0.548167	-0.423491	-0.288037	-0.145399	0.0252448	0.220718	0.41364	0.574237	0.692269	0.768819	0.819682	0.840926	0.815731	0.751783	0.66088	0.557999	0.446054	
-0.56252	-0.697205	-0.806652	-0.880389	-0.901071	-0.862705	-0.791986	-0.704011	-0.594095	-0.469062	-0.333128	-0.186583	-0.00457909	0.213182	0.433115	0.621519	0.760855	0.851182	0.909068	0.925478	0.888937	0.805662	0.692615	0.571703	0.439436	
-0.56346	-0.701043	-0.81639	-0.892307	-0.912614	-0.874478	-0.802404	-0.712131	-0.601591	-0.477961	-0.341286	-0.194807	-0.0116321	0.210756	0.43598	0.629365	0.773567	0.866504	0.925819	0.941614	0.902755	0.816585	0.698712	0.575254	0.438915	
-0.558918	-0.683504	-0.782129	-0.848246	-0.867316	-0.830491	-0.764079	-0.679068	-0.571374	-0.445412	-0.30901	-0.163677	0.0130742	0.218926	0.424516	0.597327	0.725351	0.807703	0.861336	0.88105	0.849547	0.77656	0.675514	0.563138	0.442455	
-0.55164	-0.643602	-0.723532	-0.773099	-0.782387	-0.750024	-0.687877	-0.606878	-0.502701	-0.38314	-0.25365	-0.11691	0.0400433	0.216914	0.387877	0.530016	0.631253	0.699422	0.748109	0.770807	0.759379	0.711324	0.637726	0.553224	0.454491	
-0.549682	-0.608341	-0.656819	-0.679201	-0.671304	-0.634082	-0.576398	-0.501874	-0.410153	-0.304153	-0.190667	-0.0710839	0.0578814	0.195531	0.324304	0.427724	0.503685	0.559539	0.60583	0.642106	0.655351	0.640931	0.604063	0.547096	0.476054	
-0.533389	-0.552024	-0.568969	-0.563934	-0.536303	-0.490605	-0.430827	-0.362634	-0.28835	-0.207295	-0.126116	-0.0384361	0.0554685	0.148353	0.235651	0.307817	0.360238	0.407095	0.450905	0.495049	0.531384	0.550148	0.551042	0.527796	0.491129	
-0.499154	-0.475479	-0.461806	-0.428555	-0.376897	-0.322714	-0.259577	-0.19541	-0.140886	-0.0938331	-0.0505072	-0.00114408	0.0467754	0.0934979	0.137005	0.174501	0.204989	0.239705	0.276796	0.323175	0.378225	0.427379	0.466392	0.484961	0.489711	
-0.460083	-0.399765	-0.35126	-0.292095	-0.223148	-0.155835	-0.0885566	-0.0260653	0.0120066	0.0302071	0.033744	0.0379582	0.0381209	0.0318354	0.0304917	0.0359023	0.0476189	0.0726228	0.103072	0.149673	0.214387	0.287987	0.360958	0.418028	0.470565	
-0.414162	-0.326952	-0.253003	-0.171044	-0.0844456	-0.00973146	0.063788	0.124298	0.148177	0.138435	0.105696	0.0665312	0.0191939	-0.0362054	-0.0789657	-0.100112	-0.102215	-0.08098	-0.0523296	-0.006613	0.0655876	0.156653	0.254465	0.347231	0.441246	
-0.358449	-0.253079	-0.154133	-0.0544328	0.0409441	0.115518	0.179022	0.227957	0.234975	0.202831	0.147487	0.0803757	-0.00446222	-0.0959277	-0.173254	-0.220041	-0.228324	-0.21006	-0.179532	-0.133161	-0.059888	0.0388622	0.150279	0.268499	0.395027	
-0.267761	-0.151712	-0.0399356	0.0636442	0.149176	0.210448	0.253271	0.276525	0.263757	0.216388	0.149788	0.0708029	-0.0251417	-0.13703	-0.2355	-0.298048	-0.318032	-0.30385	-0.275312	-0.234083	-0.165568	-0.0677522	0.0485671	0.18323	0.336279	
-0.150569	-0.0311324	0.0797718	0.170812	0.235015	0.26892	0.283119	0.277943	0.244997	0.187669	0.123466	0.0511147	-0.0424704	-0.1531	-0.261568	-0.340567	-0.370432	-0.367402	-0.344039	-0.306862	-0.244857	-0.151112	-0.0343246	0.109155	0.276101	
-0.035209	0.0851616	0.184777	0.251154	0.281844	0.289271	0.275207	0.246268	0.201638	0.141428	0.0819548	0.0199078	-0.0620551	-0.162291	-0.268902	-0.354142	-0.391812	-0.399223	-0.38058	-0.349097	-0.293104	-0.205635	-0.0922777	0.053673	0.222089	
0.0592621	0.172294	0.257963	0.300068	0.299777	0.281566	0.248175	0.199633	0.149976	0.0924677	0.0378866	-0.014885	-0.0813924	-0.168372	-0.266617	-0.349972	-0.397975	-0.413216	-0.403055	-0.376676	-0.323808	-0.240749	-0.125621	0.0193914	0.185326	
0.115193	0.221077	0.293291	0.313976	0.288627	0.24529	0.189959	0.131883	0.0821897	0.0356428	-0.00612736	-0.0475543	-0.101194	-0.169864	-0.254548	-0.333301	-0.379513	-0.405136	-0.404161	-0.384613	-0.342466	-0.264112	-0.150315	-0.00628631	0.153345	
0.131469	0.222934	0.282404	0.289301	0.247105	0.185895	0.112105	0.0407617	-0.00331638	-0.0330752	-0.0577282	-0.0798876	-0.113255	-0.164985	-0.231622	-0.296274	-0.342263	-0.368514	-0.375714	-0.366994	-0.333588	-0.266206	-0.157389	-0.0188229	0.127515	
0.108721	0.179124	0.226219	0.22512	0.181275	0.112024	0.027057	-0.0524197	-0.0965709	-0.11218	-0.115535	-0.116198	-0.124142	-0.152611	-0.198443	-0.243113	-0.279228	-0.299558	-0.308121	-0.304316	-0.282963	-0.229622	-0.135681	-0.0174421	0.105867	
0.0506558	0.102778	0.138497	0.137174	0.101953	0.0373259	-0.0490228	-0.127876	-0.174669	-0.183754	-0.171726	-0.154563	-0.137978	-0.141557	-0.160723	-0.182849	-0.197912	-0.206047	-0.20679	-0.200392	-0.190588	-0.153047	-0.0883144	-0.00388424	0.0797689	
-0.0224789	0.0131217	0.0459001	0.0485179	0.0291927	-0.0201147	-0.0962075	-0.171535	-0.21825	-0.23058	-0.217261	-0.188142	-0.156492	-0.139175	-0.134079	-0.131855	-0.130365	-0.119805	-0.106219	-0.0913896	-0.076631	-0.0540832	-0.0188566	0.0224665	0.0547043	
-0.0882976	-0.0655496	-0.0357936	-0.0238594	-0.0280723	-0.0625984	-0.12249	-0.18557	-0.234671	-0.255227	-0.247833	-0.226868	-0.190186	-0.157061	-0.130184	-0.100832	-0.0770351	-0.0508725	-0.0210703	0.00722633	0.0277081	0.0446813	0.0496423	0.0452002	0.0272256	
-0.156848	-0.14056	-0.105722	-0.0813667	-0.0736122	-0.0941919	-0.141187	-0.193315	-0.238037	-0.263014	-0.262906	-0.25087	-0.221692	-0.182943	-0.136306	-0.0855678	-0.0391945	0.00183663	0.0417285	0.0828662	0.111687	0.124675	0.106828	0.0596714	-0.0046475	
