0.69912	0.658368	0.593729	0.505022	0.394588	0.274153	0.16625	0.0810093	0.0105889	-0.0313641	-0.0313981	0.019368	0.113306	0.234252	0.366898	0.492775	0.592853	0.652215	0.665905	0.642081	0.590516	0.535905	0.501063	0.499782	0.525494	
0.658368	0.587755	0.487826	0.368797	0.24079	0.112853	0.00645001	-0.0746295	-0.139956	-0.178425	-0.172808	-0.117451	-0.0078879	0.134714	0.290675	0.437068	0.55073	0.61816	0.648842	0.643568	0.604815	0.559023	0.536659	0.548711	0.595865	
0.593729	0.487826	0.351622	0.203074	0.058914	-0.0747983	-0.184419	-0.261905	-0.314301	-0.343743	-0.329166	-0.257603	-0.130051	0.0334604	0.207954	0.3666	0.485787	0.563503	0.614258	0.627015	0.6057	0.574274	0.561451	0.573802	0.625647	
0.505022	0.368797	0.203074	0.0347678	-0.12698	-0.273851	-0.393143	-0.466097	-0.507728	-0.522749	-0.492961	-0.402739	-0.259175	-0.0802374	0.109408	0.277924	0.407203	0.50139	0.566197	0.593598	0.592854	0.570408	0.558959	0.569107	0.618022	
0.394588	0.24079	0.058914	-0.12698	-0.31008	-0.470544	-0.595703	-0.671141	-0.706329	-0.707495	-0.657443	-0.546217	-0.388582	-0.201426	-0.00735571	0.170557	0.31735	0.424257	0.493691	0.533905	0.54846	0.536201	0.528705	0.539525	0.579746	
0.274153	0.112853	-0.0747983	-0.273851	-0.470544	-0.642482	-0.772773	-0.856056	-0.888424	-0.874019	-0.805947	-0.675609	-0.504137	-0.316129	-0.125283	0.059299	0.21704	0.328092	0.399176	0.447654	0.468477	0.465706	0.457269	0.469357	0.50479	
0.16625	0.00645001	-0.184419	-0.393143	-0.595703	-0.772773	-0.911897	-1.00165	-1.03288	-1.01382	-0.935018	-0.78911	-0.605828	-0.411523	-0.221394	-0.0396288	0.117581	0.226692	0.298042	0.345496	0.361534	0.359382	0.349942	0.36379	0.408463	
0.0810093	-0.0746295	-0.261905	-0.466097	-0.671141	-0.856056	-1.00165	-1.09439	-1.13168	-1.11136	-1.02887	-0.876813	-0.690852	-0.48757	-0.288005	-0.109561	0.0398505	0.146963	0.21499	0.250163	0.258919	0.250576	0.23942	0.251995	0.299354	
0.0105889	-0.139956	-0.314301	-0.507728	-0.706329	-0.888424	-1.03288	-1.13168	-1.1765	-1.15868	-1.0813	-0.933389	-0.74169	-0.532184	-0.330095	-0.152656	-0.000896105	0.107524	0.167254	0.187058	0.18349	0.168223	0.15401	0.16696	0.21467	
-0.0313641	-0.178425	-0.343743	-0.522749	-0.707495	-0.874019	-1.01382	-1.11136	-1.15868	-1.1493	-1.07666	-0.935731	-0.748506	-0.542989	-0.338631	-0.151867	0.00136581	0.107983	0.16211	0.164513	0.143287	0.115351	0.0990238	0.114573	0.164405	
-0.0313981	-0.172808	-0.329166	-0.492961	-0.657443	-0.805947	-0.935018	-1.02887	-1.0813	-1.07666	-1.00374	-0.864222	-0.688989	-0.500582	-0.303573	-0.11186	0.0441145	0.142225	0.181297	0.167718	0.13227	0.0921306	0.0752854	0.0836074	0.139794	
0.019368	-0.117451	-0.257603	-0.402739	-0.546217	-0.675609	-0.78911	-0.876813	-0.933389	-0.935731	-0.864222	-0.732893	-0.576029	-0.411213	-0.225854	-0.0423732	0.105039	0.198594	0.232224	0.213206	0.160027	0.103317	0.0718534	0.0790405	0.136149	
0.113306	-0.0078879	-0.130051	-0.259175	-0.388582	-0.504137	-0.605828	-0.690852	-0.74169	-0.748506	-0.688989	-0.576029	-0.444466	-0.292843	-0.120153	0.0477168	0.185825	0.278119	0.311306	0.289635	0.23103	0.159963	0.11063	0.11199	0.167742	
0.234252	0.134714	0.0334604	-0.0802374	-0.201426	-0.316129	-0.411523	-0.48757	-0.532184	-0.542989	-0.500582	-0.411213	-0.292843	-0.152715	0.00916782	0.165281	0.293596	0.37887	0.412557	0.391902	0.332936	0.25272	0.190492	0.180547	0.219528	
0.366898	0.290675	0.207954	0.109408	-0.00735571	-0.125283	-0.221394	-0.288005	-0.330095	-0.338631	-0.303573	-0.225854	-0.120153	0.00916782	0.156122	0.29691	0.414111	0.492588	0.526263	0.504945	0.443798	0.364057	0.29768	0.261059	0.277523	
0.492775	0.437068	0.3666	0.277924	0.170557	0.059299	-0.0396288	-0.109561	-0.152656	-0.151867	-0.11186	-0.0423732	0.0477168	0.165281	0.29691	0.423489	0.529574	0.601824	0.633377	0.610742	0.552709	0.47624	0.401118	0.342773	0.325854	
0.592853	0.55073	0.485787	0.407203	0.31735	0.21704	0.117581	0.0398505	-0.000896105	0.00136581	0.0441145	0.105039	0.185825	0.293596	0.414111	0.529574	0.630779	0.700822	0.727536	0.708552	0.650068	0.56668	0.470453	0.388518	0.332039	
0.652215	0.61816	0.563503	0.50139	0.424257	0.328092	0.226692	0.146963	0.107524	0.107983	0.142225	0.198594	0.278119	0.37887	0.492588	0.601824	0.700822	0.77365	0.799307	0.778192	0.712879	0.613368	0.495551	0.379564	0.278066	
0.665905	0.648842	0.614258	0.566197	0.493691	0.399176	0.298042	0.21499	0.167254	0.16211	0.181297	0.232224	0.311306	0.412557	0.526263	0.633377	0.727536	0.799307	0.832794	0.80698	0.728814	0.607439	0.45807	0.302578	0.155305	
0.642081	0.643568	0.627015	0.593598	0.533905	0.447654	0.345496	0.250163	0.187058	0.164513	0.167718	0.213206	0.289635	0.391902	0.504945	0.610742	0.708552	0.778192	0.80698	0.775776	0.680614	0.535787	0.353178	0.159118	-0.0288289	
0.590516	0.604815	0.6057	0.592854	0.54846	0.468477	0.361534	0.258919	0.18349	0.143287	0.13227	0.160027	0.23103	0.332936	0.443798	0.552709	0.650068	0.712879	0.728814	0.680614	0.561077	0.386882	0.180919	-0.037256	-0.259785	
0.535905	0.559023	0.574274	0.570408	0.536201	0.465706	0.359382	0.250576	0.168223	0.115351	0.0921306	0.103317	0.159963	0.25272	0.364057	0.47624	0.56668	0.613368	0.607439	0.535787	0.386882	0.183228	-0.0367322	-0.272963	-0.510251	
0.501063	0.536659	0.561451	0.558959	0.528705	0.457269	0.349942	0.23942	0.15401	0.0990238	0.0752854	0.0718534	0.11063	0.190492	0.29768	0.401118	0.470453	0.495551	0.45807	0.353178	0.180919	-0.0367322	-0.272681	-0.517519	-0.762163	
0.499782	0.548711	0.573802	0.569107	0.539525	0.469357	0.36379	0.251995	0.16696	0.114573	0.0836074	0.0790405	0.11199	0.180547	0.261059	0.342773	0.388518	0.379564	0.302578	0.159118	-0.037256	-0.272963	-0.517519	-0.760305	-0.999231	
0.525494	0.595865	0.625647	0.618022	0.579746	0.50479	0.408463	0.299354	0.21467	0.164405	0.139794	0.136149	0.167742	0.219528	0.277523	0.325854	0.332039	0.278066	0.155305	-0.0288289	-0.259785	-0.510251	-0.762163	-0.999231	-1.22588	
0.565127	0.664588	0.71102	0.701233	0.653597	0.580193	0.487786	0.383224	0.302071	0.258928	0.243049	0.246639	0.268673	0.300249	0.330123	0.339647	0.303831	0.199916	0.0262227	-0.198467	-0.460691	-0.732163	-0.989547	-1.2228	-1.42528	
0.605081	0.733498	0.804461	0.804457	0.759375	0.687068	0.592577	0.495593	0.423453	0.386856	0.377514	0.381124	0.397963	0.41362	0.408362	0.373377	0.291748	0.145696	-0.0688813	-0.334803	-0.630612	-0.928209	-1.19527	-1.41772	-1.59757	
0.631296	0.78132	0.879653	0.904956	0.875196	0.807348	0.716841	0.622833	0.550891	0.517595	0.515423	0.520075	0.52808	0.525685	0.492096	0.421706	0.298764	0.114624	-0.138965	-0.440873	-0.770342	-1.09166	-1.367	-1.58533	-1.74857	
0.654331	0.825218	0.943941	0.99041	0.97377	0.91464	0.833295	0.740279	0.659746	0.63065	0.63756	0.645407	0.64222	0.616823	0.561251	0.470005	0.317408	0.100924	-0.180803	-0.516062	-0.873769	-1.21323	-1.49951	-1.7186	-1.87352	
0.676679	0.865283	0.99303	1.05095	1.04056	0.982312	0.902769	0.809385	0.730799	0.707305	0.717034	0.725998	0.711862	0.670715	0.602682	0.493528	0.331249	0.0991814	-0.20308	-0.561259	-0.935871	-1.28041	-1.57477	-1.79652	-1.94445	
0.682073	0.874108	1.00254	1.06303	1.05362	0.993908	0.913731	0.820798	0.743375	0.721107	0.731147	0.739631	0.723156	0.67945	0.609951	0.49665	0.333661	0.100414	-0.206391	-0.569106	-0.947752	-1.29166	-1.58679	-1.80918	-1.95685	
0.664549	0.842979	0.966018	1.01957	1.00482	0.947581	0.868223	0.775125	0.693786	0.667051	0.675625	0.68464	0.676294	0.643788	0.581384	0.483123	0.324024	0.0988442	-0.191307	-0.537791	-0.903656	-1.24673	-1.53742	-1.75703	-1.9089	
0.639677	0.798418	0.90608	0.941349	0.917535	0.853856	0.767193	0.672896	0.597679	0.566081	0.567556	0.574207	0.577578	0.565442	0.522224	0.442775	0.306013	0.107549	-0.159267	-0.475418	-0.816041	-1.14598	-1.42499	-1.64392	-1.80324	
0.617251	0.754873	0.837269	0.846098	0.806743	0.734156	0.640038	0.545469	0.475279	0.440024	0.433822	0.436489	0.450526	0.459981	0.44274	0.391244	0.291894	0.131061	-0.0998009	-0.380557	-0.69024	-0.998316	-1.26897	-1.48783	-1.66059	
0.581619	0.693621	0.749146	0.741486	0.692764	0.620144	0.527872	0.425666	0.348416	0.308023	0.29402	0.299359	0.318441	0.343858	0.359047	0.350562	0.29744	0.174777	-0.0158676	-0.257011	-0.532503	-0.814496	-1.07475	-1.3042	-1.49656	
0.540553	0.622441	0.656481	0.64791	0.605081	0.53	0.436006	0.328671	0.24431	0.196625	0.176623	0.175778	0.203125	0.246951	0.295036	0.329079	0.318384	0.243712	0.100179	-0.10018	-0.34378	-0.600417	-0.85559	-1.09172	-1.31019	
0.507823	0.563765	0.589452	0.583298	0.550811	0.480388	0.377858	0.266284	0.181352	0.12989	0.0986514	0.0943799	0.12792	0.190707	0.260929	0.330517	0.362356	0.336997	0.242175	0.0829791	-0.126428	-0.369654	-0.616801	-0.856663	-1.09056	
0.496229	0.537319	0.563268	0.560524	0.530851	0.459137	0.351465	0.240629	0.155219	0.101019	0.0753671	0.0700011	0.104458	0.180011	0.278223	0.374783	0.434807	0.448102	0.395792	0.274665	0.0943878	-0.12929	-0.369241	-0.614956	-0.859297	
0.518934	0.54615	0.565935	0.562721	0.53114	0.461439	0.355565	0.245983	0.160959	0.105842	0.0820847	0.0867718	0.135341	0.222778	0.334432	0.445058	0.528763	0.567265	0.549336	0.46629	0.306897	0.0966367	-0.130001	-0.371355	-0.6119	
0.567063	0.585576	0.592247	0.585124	0.545632	0.46921	0.362152	0.256501	0.177745	0.132134	0.114975	0.135874	0.2021	0.301841	0.412297	0.522989	0.619526	0.676007	0.684868	0.627958	0.495925	0.309455	0.0974159	-0.128847	-0.358384	
0.624084	0.630961	0.621559	0.596473	0.543073	0.459865	0.35564	0.257188	0.188047	0.157472	0.155211	0.195048	0.2695	0.372451	0.484166	0.590493	0.689332	0.757237	0.781839	0.745165	0.641069	0.484867	0.291817	0.0863269	-0.117013	
0.660718	0.651454	0.624595	0.581447	0.512797	0.420921	0.319649	0.232875	0.178579	0.167199	0.180945	0.229907	0.308155	0.410211	0.524012	0.631013	0.725045	0.795884	0.82892	0.801936	0.718637	0.588629	0.424085	0.25212	0.0884824	
0.662519	0.634216	0.586483	0.531036	0.45612	0.360628	0.259229	0.178498	0.137444	0.1367	0.164236	0.219083	0.298541	0.399056	0.511766	0.620259	0.717305	0.789927	0.819075	0.795946	0.725597	0.617323	0.488387	0.356923	0.237489	
0.622126	0.583486	0.520964	0.448849	0.36516	0.267167	0.16679	0.0882134	0.0485823	0.050202	0.0906719	0.149797	0.229689	0.334213	0.451052	0.562934	0.663479	0.734226	0.759564	0.740428	0.679842	0.591064	0.486879	0.392445	0.317948	
0.536975	0.487196	0.419358	0.334988	0.233643	0.127095	0.0284284	-0.0457779	-0.0881866	-0.0860315	-0.043483	0.0224905	0.106963	0.220617	0.347384	0.468831	0.573066	0.643065	0.672307	0.651384	0.594714	0.51695	0.433426	0.366763	0.335195	
0.419551	0.352077	0.274851	0.180551	0.0667735	-0.0498795	-0.147277	-0.213919	-0.256061	-0.261272	-0.224767	-0.150284	-0.050856	0.0736241	0.214195	0.349253	0.461506	0.537735	0.571317	0.548327	0.487561	0.40958	0.341858	0.295744	0.299107	
0.286628	0.196877	0.103073	-0.00398955	-0.123296	-0.239868	-0.334719	-0.405307	-0.448895	-0.459756	-0.422543	-0.339015	-0.225577	-0.0890692	0.0669368	0.217652	0.341253	0.423508	0.457072	0.437092	0.377408	0.296153	0.231451	0.211677	0.243074	
0.159497	0.0461655	-0.0671111	-0.189984	-0.316374	-0.430112	-0.527805	-0.611363	-0.659065	-0.667624	-0.614718	-0.511671	-0.386877	-0.240174	-0.071359	0.0914972	0.22649	0.316423	0.34889	0.328239	0.269354	0.193662	0.137701	0.135779	0.186388	
0.0523315	-0.0791544	-0.212705	-0.350965	-0.487519	-0.610364	-0.719023	-0.804983	-0.860281	-0.864671	-0.796527	-0.671285	-0.525192	-0.366803	-0.186722	-0.00876828	0.134139	0.227063	0.261134	0.240025	0.183581	0.120695	0.0814999	0.0877113	0.145265	
-0.0167875	-0.157699	-0.307569	-0.464085	-0.620301	-0.760753	-0.883082	-0.97411	-1.02981	-1.02723	-0.954471	-0.817118	-0.647368	-0.469143	-0.27674	-0.087314	0.0667696	0.162482	0.197066	0.180853	0.138169	0.091691	0.0706239	0.0779369	0.135365	
