-0.0195654	-0.0318254	-0.0378388	-0.0391587	-0.0406732	-0.0408392	-0.0398624	-0.0384557	-0.0352924	-0.0244821	-0.0142172	-0.00215573	0.0241505	0.0530941	0.0831171	0.11731	0.145004	0.164336	0.179984	0.197355	0.218409	0.246237	0.285091	0.3288	0.367565	
-0.0507807	-0.0621036	-0.0672484	-0.0709152	-0.0774703	-0.0790208	-0.07352	-0.0681628	-0.0651614	-0.0553867	-0.0465871	-0.0392361	-0.0241113	-0.0120617	0.00529025	0.0333673	0.0572002	0.0804721	0.10179	0.114795	0.126492	0.142318	0.167727	0.206452	0.248225	
-0.0665795	-0.0760994	-0.0852214	-0.092212	-0.0964197	-0.0971653	-0.0943418	-0.0880173	-0.080432	-0.0696393	-0.0653816	-0.064157	-0.0544364	-0.0508851	-0.0463483	-0.0295568	-0.0136936	0.00552189	0.0299656	0.0493069	0.0613071	0.0701628	0.0828166	0.103725	0.133175	
-0.0809287	-0.0891389	-0.0938512	-0.0970307	-0.101615	-0.103387	-0.0991252	-0.0943733	-0.0919638	-0.0837775	-0.0786277	-0.0792163	-0.0758416	-0.0777289	-0.0764503	-0.0655923	-0.0579831	-0.0427044	-0.0210705	-0.00464181	0.0103045	0.0184877	0.0210888	0.026892	0.0364017	
-0.0989954	-0.100071	-0.0984399	-0.096545	-0.0937761	-0.0932655	-0.095509	-0.0976494	-0.0999666	-0.0992195	-0.0979744	-0.0945861	-0.0856193	-0.0842659	-0.0842683	-0.0776331	-0.077661	-0.0739387	-0.0606194	-0.050234	-0.0395893	-0.0274023	-0.0218665	-0.0220601	-0.0233939	
-0.106575	-0.104965	-0.100962	-0.0953972	-0.0892614	-0.0887922	-0.092859	-0.0982091	-0.104177	-0.106525	-0.10518	-0.10045	-0.0913831	-0.0862646	-0.0835619	-0.081638	-0.0878733	-0.0909598	-0.0886895	-0.0864124	-0.0783266	-0.0674972	-0.0564344	-0.0493737	-0.0500427	
-0.0983377	-0.0964948	-0.0958192	-0.0975991	-0.0985934	-0.0990242	-0.0979426	-0.0960399	-0.0961083	-0.0978795	-0.098071	-0.0976503	-0.0966982	-0.0946632	-0.0918508	-0.0901782	-0.0961775	-0.100682	-0.0996416	-0.101016	-0.0956123	-0.0837476	-0.0758271	-0.0692443	-0.0657107	
-0.0883852	-0.0834889	-0.0902607	-0.101338	-0.104094	-0.104359	-0.103526	-0.0951979	-0.0847451	-0.0856136	-0.0910307	-0.0957796	-0.104167	-0.107434	-0.103345	-0.0975118	-0.0930396	-0.0919103	-0.0951063	-0.101358	-0.104356	-0.0995146	-0.0922898	-0.0895714	-0.0846271	
-0.0948238	-0.095512	-0.0962523	-0.0944869	-0.0919372	-0.0921167	-0.0935267	-0.0956858	-0.0958468	-0.0955128	-0.0911683	-0.0897358	-0.09854	-0.102658	-0.102552	-0.102796	-0.0969677	-0.0887598	-0.087673	-0.0963431	-0.10588	-0.111231	-0.110759	-0.106658	-0.100444	
-0.103961	-0.0983288	-0.0942081	-0.0914784	-0.0857504	-0.0835468	-0.0888534	-0.0941121	-0.0957184	-0.10268	-0.101322	-0.0905905	-0.0892674	-0.087336	-0.0893883	-0.100809	-0.103719	-0.101364	-0.0983897	-0.0959474	-0.100467	-0.107619	-0.113137	-0.113079	-0.103096	
-0.0940384	-0.0896962	-0.0905297	-0.091039	-0.0907011	-0.0908441	-0.0907731	-0.0908966	-0.0893794	-0.0928046	-0.0943256	-0.0912585	-0.0937182	-0.0901501	-0.0872585	-0.096396	-0.101089	-0.103301	-0.105816	-0.099001	-0.0920818	-0.0956603	-0.105217	-0.114735	-0.111002	
-0.0859645	-0.0859118	-0.0881904	-0.0897099	-0.0928142	-0.0932161	-0.090728	-0.0892036	-0.0860434	-0.0856373	-0.0872231	-0.0906889	-0.0979903	-0.0951483	-0.0906333	-0.094245	-0.0925686	-0.0947441	-0.102803	-0.102961	-0.0961906	-0.0911359	-0.0957923	-0.108288	-0.11544	
-0.0876944	-0.0861745	-0.0858855	-0.0870072	-0.0901618	-0.0904109	-0.0883758	-0.0871425	-0.0853571	-0.0864896	-0.0890708	-0.0890043	-0.0927569	-0.0950057	-0.0926706	-0.0921644	-0.0876404	-0.0877979	-0.0963176	-0.101271	-0.104029	-0.101656	-0.0955802	-0.0980684	-0.106786	
-0.0859781	-0.0911261	-0.0910906	-0.0854115	-0.0832481	-0.0830529	-0.0836752	-0.0886223	-0.0926016	-0.0880327	-0.0855543	-0.0879485	-0.0869709	-0.087727	-0.0921464	-0.0933134	-0.0896366	-0.0896711	-0.0934924	-0.0951101	-0.0999773	-0.106468	-0.102398	-0.0930262	-0.0950789	
-0.0877229	-0.090174	-0.0860236	-0.0833149	-0.0843466	-0.0840645	-0.0831986	-0.0844467	-0.0891481	-0.0890688	-0.0876272	-0.0871812	-0.0823198	-0.0828507	-0.0896115	-0.0936512	-0.0928984	-0.0920081	-0.0930131	-0.0920134	-0.0929129	-0.100072	-0.105494	-0.0970496	-0.0905466	
-0.0821841	-0.0836547	-0.0830167	-0.0831467	-0.0863635	-0.088055	-0.0850385	-0.082153	-0.083825	-0.0820421	-0.0850987	-0.0898786	-0.08416	-0.0852345	-0.0883399	-0.0871021	-0.0935007	-0.0949071	-0.0891885	-0.0885307	-0.0903597	-0.0932871	-0.101251	-0.10289	-0.0967911	
-0.077428	-0.0800542	-0.0830128	-0.0845787	-0.0850223	-0.0856677	-0.0851349	-0.0830348	-0.0820126	-0.0774351	-0.0808311	-0.0912908	-0.089128	-0.0882915	-0.0883465	-0.0796042	-0.0843429	-0.0942687	-0.09042	-0.0875016	-0.0916626	-0.0934923	-0.0968432	-0.102771	-0.104969	
-0.086095	-0.0873486	-0.0825484	-0.0812193	-0.0807268	-0.0798795	-0.0806293	-0.0820284	-0.0862037	-0.087083	-0.0830637	-0.0812974	-0.0812739	-0.0868449	-0.0897058	-0.0813817	-0.0807192	-0.0895737	-0.0943615	-0.0936784	-0.0923591	-0.091387	-0.0905859	-0.09445	-0.103232	
-0.0861782	-0.0842999	-0.08321	-0.0842648	-0.0780909	-0.07592	-0.0822859	-0.083572	-0.0834487	-0.0862127	-0.0834502	-0.079683	-0.0780771	-0.0805502	-0.0879966	-0.0901603	-0.0878345	-0.0841803	-0.086107	-0.0939361	-0.0944342	-0.0895434	-0.0862529	-0.0889951	-0.0973829	
-0.081912	-0.0739224	-0.0770882	-0.084154	-0.0835096	-0.083541	-0.0855521	-0.079862	-0.0730942	-0.0792501	-0.0834068	-0.0822658	-0.0865179	-0.083645	-0.0802212	-0.088828	-0.0922707	-0.0822787	-0.0772143	-0.0848716	-0.0929044	-0.0940411	-0.0906826	-0.0926841	-0.0968814	
-0.0818789	-0.0785066	-0.080607	-0.077428	-0.0810794	-0.0833235	-0.0780428	-0.0799397	-0.0790648	-0.0803643	-0.0836491	-0.0800782	-0.0867466	-0.0871226	-0.0735364	-0.0768329	-0.0888902	-0.0891721	-0.0856349	-0.0862681	-0.0894166	-0.0937655	-0.0932635	-0.0917234	-0.0908275	
-0.0803757	-0.0824875	-0.0852151	-0.0798591	-0.0762692	-0.0751054	-0.0766451	-0.0842617	-0.0839068	-0.0807902	-0.0801045	-0.0769959	-0.0804374	-0.0835112	-0.0826907	-0.0816013	-0.0810296	-0.0875244	-0.09028	-0.0876355	-0.0853907	-0.0871916	-0.0927038	-0.0937929	-0.0902515	
-0.0811948	-0.0815155	-0.0769702	-0.0796886	-0.0801774	-0.0790262	-0.0807253	-0.0781799	-0.0789707	-0.0821193	-0.0776457	-0.0767022	-0.0800473	-0.0801272	-0.0874087	-0.0902801	-0.0793611	-0.0798044	-0.0874564	-0.0854483	-0.081165	-0.0836331	-0.0912611	-0.0973538	-0.0970397	
-0.078999	-0.0781875	-0.0740271	-0.0764184	-0.0820236	-0.0830276	-0.0792006	-0.0740751	-0.0766202	-0.0785536	-0.0812219	-0.0861296	-0.081459	-0.0765382	-0.0788637	-0.0835914	-0.0810353	-0.0782042	-0.0881727	-0.0914214	-0.0859203	-0.0866623	-0.0899601	-0.0919147	-0.0933207	
-0.0733761	-0.0777371	-0.0826661	-0.0785022	-0.0769367	-0.0773758	-0.0765768	-0.0809722	-0.0814216	-0.0733133	-0.0787713	-0.0851292	-0.0781155	-0.0778522	-0.0805928	-0.0832898	-0.0835001	-0.0804035	-0.0838333	-0.0866016	-0.0885489	-0.0865303	-0.0878184	-0.0889775	-0.0895702	
-0.0752231	-0.0832667	-0.0841263	-0.0762045	-0.0746776	-0.076808	-0.0748652	-0.0804372	-0.085965	-0.0779021	-0.0727917	-0.077267	-0.0796408	-0.0810011	-0.0820723	-0.0811234	-0.084119	-0.0875314	-0.0808915	-0.0779869	-0.0874427	-0.0870086	-0.0854968	-0.087739	-0.088815	
-0.0832667	-0.0782881	-0.0714492	-0.0761707	-0.0808113	-0.0817866	-0.079152	-0.0717782	-0.0746022	-0.0830228	-0.0795247	-0.0779705	-0.0801394	-0.0816735	-0.0822274	-0.0731603	-0.0791534	-0.089411	-0.0815176	-0.0812101	-0.0876982	-0.0922061	-0.0884634	-0.084731	-0.0879169	
-0.0841263	-0.0714492	-0.0714506	-0.0841048	-0.0789956	-0.0735845	-0.0840037	-0.0780057	-0.0674011	-0.0803482	-0.0855511	-0.0756701	-0.0752012	-0.0826539	-0.0836481	-0.0769748	-0.0808924	-0.0841161	-0.0814553	-0.0840259	-0.0833749	-0.08983	-0.0892695	-0.0848792	-0.0901313	
-0.0762045	-0.0761707	-0.0841048	-0.0835318	-0.0713478	-0.0668515	-0.0791568	-0.0867928	-0.0781418	-0.0753432	-0.0788493	-0.0760373	-0.0786267	-0.0805953	-0.0767931	-0.0822385	-0.0850278	-0.0810698	-0.083774	-0.0845208	-0.0824668	-0.0843358	-0.0865335	-0.0886737	-0.0911317	
-0.0746776	-0.0808113	-0.0789956	-0.0713478	-0.0789337	-0.0838625	-0.0728883	-0.0740814	-0.0826759	-0.0766342	-0.0743432	-0.0812525	-0.0817291	-0.0769322	-0.078256	-0.0841679	-0.0800392	-0.0781924	-0.0841025	-0.0858441	-0.0857869	-0.0827593	-0.0868541	-0.0931953	-0.0919557	
-0.076808	-0.0817866	-0.0735845	-0.0668515	-0.0838625	-0.0913973	-0.071465	-0.067619	-0.0816391	-0.0787014	-0.075274	-0.0822167	-0.0809524	-0.0757116	-0.0797273	-0.0850241	-0.0785556	-0.0770573	-0.0842789	-0.087001	-0.0865078	-0.0823921	-0.0866623	-0.0934694	-0.0918997	
-0.0748652	-0.079152	-0.0840037	-0.0791568	-0.0728883	-0.071465	-0.0759011	-0.0837325	-0.0817968	-0.0752519	-0.076122	-0.0781375	-0.0804695	-0.0784645	-0.0757247	-0.0838797	-0.0841981	-0.0796562	-0.0842204	-0.0852282	-0.0839241	-0.0829129	-0.0860458	-0.0909593	-0.091199	
-0.0804372	-0.0717782	-0.0780057	-0.0867928	-0.0740814	-0.067619	-0.0837325	-0.0842208	-0.0708281	-0.0771343	-0.0829524	-0.0752299	-0.0761125	-0.0827403	-0.0819267	-0.0791828	-0.0824341	-0.0828254	-0.081791	-0.0836209	-0.0824649	-0.0871536	-0.0887721	-0.0870496	-0.0907379	
-0.085965	-0.0746022	-0.0674011	-0.0781418	-0.0826759	-0.0816391	-0.0817968	-0.0708281	-0.0687173	-0.0836799	-0.0844027	-0.0771555	-0.0775536	-0.082505	-0.082969	-0.0726893	-0.0787955	-0.0879022	-0.0823543	-0.0832179	-0.0859115	-0.0926708	-0.0892407	-0.0833703	-0.0881154	
-0.0779021	-0.0830228	-0.0803482	-0.0753432	-0.0766342	-0.0787014	-0.0752519	-0.0771343	-0.0836799	-0.0805277	-0.0737029	-0.0767952	-0.0807367	-0.0810088	-0.0814638	-0.0785566	-0.0828752	-0.0889626	-0.0807835	-0.0776566	-0.087621	-0.0896882	-0.0859612	-0.0864662	-0.0886568	
-0.0727917	-0.0795247	-0.0855511	-0.0788493	-0.0743432	-0.075274	-0.076122	-0.0829524	-0.0844027	-0.0737029	-0.075021	-0.0819909	-0.078625	-0.0789142	-0.0822284	-0.0836974	-0.0838493	-0.0830912	-0.081358	-0.0823634	-0.0889389	-0.0855412	-0.0865375	-0.089075	-0.0893579	
-0.077267	-0.0779705	-0.0756701	-0.0760373	-0.0812525	-0.0822167	-0.0781375	-0.0752299	-0.0771555	-0.0767952	-0.0819909	-0.0872558	-0.080147	-0.0765803	-0.0781422	-0.0816564	-0.0816455	-0.0788846	-0.0877	-0.0922105	-0.0873779	-0.086665	-0.0895348	-0.0895877	-0.0911831	
-0.0796408	-0.0801394	-0.0752012	-0.0786267	-0.0817291	-0.0809524	-0.0804695	-0.0761125	-0.0775536	-0.0807367	-0.078625	-0.080147	-0.080672	-0.0789437	-0.0846286	-0.0886026	-0.0804898	-0.0782398	-0.0872494	-0.0870791	-0.0813379	-0.0850059	-0.0912405	-0.0959365	-0.0971679	
-0.0810011	-0.0816735	-0.0826539	-0.0805953	-0.0769322	-0.0757116	-0.0784645	-0.0827403	-0.082505	-0.0810088	-0.0789142	-0.0765803	-0.0789437	-0.0817146	-0.0862845	-0.0861977	-0.0800104	-0.0843331	-0.0889404	-0.0863015	-0.08354	-0.0852232	-0.0918082	-0.0957596	-0.0928173	
-0.0820723	-0.0822274	-0.0836481	-0.0767931	-0.078256	-0.0797273	-0.0757247	-0.0819267	-0.082969	-0.0814638	-0.0822284	-0.0781422	-0.0846286	-0.0862845	-0.0755674	-0.0767164	-0.0849122	-0.0897782	-0.0896442	-0.0875538	-0.0886246	-0.0915829	-0.0925816	-0.0920122	-0.0888731	
-0.0811234	-0.0731603	-0.0769748	-0.0822385	-0.0841679	-0.0850241	-0.0838797	-0.0791828	-0.0726893	-0.0785566	-0.0836974	-0.0816564	-0.0886026	-0.0861977	-0.0767164	-0.0839623	-0.0913635	-0.0848909	-0.079003	-0.0835598	-0.0913884	-0.0945042	-0.0924827	-0.0932303	-0.0954599	
-0.084119	-0.0791534	-0.0808924	-0.0850278	-0.0800392	-0.0785556	-0.0841981	-0.0824341	-0.0787955	-0.0828752	-0.0838493	-0.0816455	-0.0804898	-0.0800104	-0.0849122	-0.0913635	-0.0916881	-0.0826254	-0.080842	-0.0910833	-0.0938699	-0.09088	-0.0876743	-0.0895856	-0.0972182	
-0.0875314	-0.089411	-0.0841161	-0.0810698	-0.0781924	-0.0770573	-0.0796562	-0.0828254	-0.0879022	-0.0889626	-0.0830912	-0.0788846	-0.0782398	-0.0843331	-0.0897782	-0.0848909	-0.0826254	-0.0868253	-0.0927627	-0.0954497	-0.0933979	-0.0905077	-0.0881	-0.0913313	-0.0999461	
-0.0808915	-0.0815176	-0.0814553	-0.083774	-0.0841025	-0.0842789	-0.0842204	-0.081791	-0.0823543	-0.0807835	-0.081358	-0.0877	-0.0872494	-0.0889404	-0.0896442	-0.079003	-0.080842	-0.0927627	-0.0923459	-0.0890817	-0.0918626	-0.0927562	-0.0948969	-0.10013	-0.105507	
-0.0779869	-0.0812101	-0.0840259	-0.0845208	-0.0858441	-0.087001	-0.0852282	-0.0836209	-0.0832179	-0.0776566	-0.0823634	-0.0922105	-0.0870791	-0.0863015	-0.0875538	-0.0835598	-0.0910833	-0.0954497	-0.0890817	-0.0875274	-0.0905823	-0.0932136	-0.0989456	-0.103304	-0.100931	
-0.0874427	-0.0876982	-0.0833749	-0.0824668	-0.0857869	-0.0865078	-0.0839241	-0.0824649	-0.0859115	-0.087621	-0.0889389	-0.0873779	-0.0813379	-0.08354	-0.0886246	-0.0913884	-0.0938699	-0.0933979	-0.0918626	-0.0905823	-0.0919161	-0.0966941	-0.10381	-0.100314	-0.0918331	
-0.0870086	-0.0922061	-0.08983	-0.0843358	-0.0827593	-0.0823921	-0.0829129	-0.0871536	-0.0926708	-0.0896882	-0.0855412	-0.086665	-0.0850059	-0.0852232	-0.0915829	-0.0945042	-0.09088	-0.0905077	-0.0927562	-0.0932136	-0.0966941	-0.104218	-0.105367	-0.0942997	-0.0922752	
-0.0854968	-0.0884634	-0.0892695	-0.0865335	-0.0868541	-0.0866623	-0.0860458	-0.0887721	-0.0892407	-0.0859612	-0.0865375	-0.0895348	-0.0912405	-0.0918082	-0.0925816	-0.0924827	-0.0876743	-0.0881	-0.0948969	-0.0989456	-0.10381	-0.105367	-0.0978742	-0.0943573	-0.101336	
-0.087739	-0.084731	-0.0848792	-0.0886737	-0.0931953	-0.0934694	-0.0909593	-0.0870496	-0.0833703	-0.0864662	-0.089075	-0.0895877	-0.0959365	-0.0957596	-0.0920122	-0.0932303	-0.0895856	-0.0913313	-0.10013	-0.103304	-0.100314	-0.0942997	-0.0943573	-0.103993	-0.11315	
-0.088815	-0.0879169	-0.0901313	-0.0911317	-0.0919557	-0.0918997	-0.091199	-0.0907379	-0.0881154	-0.0886568	-0.0893579	-0.0911831	-0.0971679	-0.0928173	-0.0888731	-0.0954599	-0.0972182	-0.0999461	-0.105507	-0.100931	-0.0918331	-0.0922752	-0.101336	-0.11315	-0.114819	
