0.0442082	-0.0104876	-0.0642718	-0.105357	-0.12798	-0.131915	-0.116533	-0.0829262	-0.032541	0.0223305	0.0741696	0.10945	0.127089	0.124651	0.112417	0.101611	0.110598	0.128798	0.152919	0.173725	0.178466	0.155512	0.112831	0.069809	0.0510512	
0.151359	0.0617332	-0.0286471	-0.106842	-0.156964	-0.165903	-0.130797	-0.0631257	0.0254721	0.116049	0.200797	0.267366	0.305272	0.315298	0.310182	0.295999	0.28997	0.289326	0.291688	0.29076	0.274503	0.232419	0.169507	0.102948	0.0659768	
0.24848	0.129535	0.0100204	-0.0866552	-0.146123	-0.156413	-0.11527	-0.0322134	0.0809145	0.201582	0.313394	0.406878	0.472524	0.502985	0.500453	0.475526	0.452904	0.428679	0.404747	0.379046	0.334315	0.266444	0.18677	0.101131	0.0459682	
0.323032	0.18835	0.0601411	-0.0465159	-0.115063	-0.127268	-0.0790272	0.0133113	0.136311	0.269086	0.401759	0.522127	0.611812	0.655368	0.655489	0.620242	0.577564	0.530709	0.480965	0.427462	0.353234	0.256333	0.151458	0.0477258	-0.0235003	
0.395791	0.249353	0.11083	-0.00189648	-0.0736523	-0.0860824	-0.0365247	0.0613298	0.192027	0.337657	0.479686	0.608141	0.70594	0.758127	0.759435	0.717332	0.653768	0.580986	0.505272	0.424885	0.327298	0.208637	0.0819988	-0.0443683	-0.134343	
0.45339	0.302073	0.158764	0.045309	-0.0226622	-0.0339765	0.0120099	0.108847	0.242271	0.393036	0.539881	0.671446	0.768921	0.814706	0.803576	0.7515	0.67286	0.581756	0.481636	0.376686	0.25505	0.124588	-0.0142782	-0.152758	-0.265631	
0.479074	0.33017	0.195148	0.0901677	0.0258927	0.0150066	0.0584077	0.148944	0.273232	0.419447	0.565616	0.691974	0.778785	0.813191	0.791411	0.727714	0.634767	0.528557	0.41177	0.286123	0.149433	0.00663583	-0.14319	-0.287934	-0.411908	
0.463394	0.330929	0.208065	0.112143	0.0571142	0.0481597	0.0848044	0.165528	0.279544	0.41079	0.538852	0.645284	0.717685	0.744594	0.72154	0.658744	0.560907	0.440935	0.311544	0.172784	0.0228993	-0.127838	-0.286502	-0.438713	-0.56647	
0.411279	0.302884	0.198805	0.118706	0.0747558	0.0689712	0.0958876	0.163761	0.259218	0.368539	0.473548	0.557976	0.610122	0.634297	0.618863	0.56932	0.483237	0.363041	0.220157	0.0742695	-0.0784176	-0.232331	-0.396399	-0.556224	-0.692769	
0.325734	0.241121	0.162238	0.100193	0.0664759	0.0611774	0.0829984	0.13418	0.208747	0.291711	0.37666	0.443748	0.485374	0.507275	0.508089	0.477039	0.414009	0.308997	0.175128	0.0290805	-0.123388	-0.283062	-0.452269	-0.613714	-0.750249	
0.216212	0.151659	0.0873008	0.0384485	0.010655	0.00614745	0.0244274	0.065484	0.12473	0.190605	0.252913	0.303839	0.341168	0.37815	0.406869	0.408402	0.373861	0.291401	0.172585	0.0349199	-0.117404	-0.279359	-0.447762	-0.606409	-0.725421	
0.0651761	0.0183146	-0.0349399	-0.077508	-0.104355	-0.108384	-0.0913698	-0.0536007	-0.00308526	0.0471379	0.0927449	0.143107	0.194368	0.255499	0.317809	0.358986	0.359686	0.300066	0.197182	0.0786414	-0.0623569	-0.220588	-0.38131	-0.531323	-0.636152	
-0.127356	-0.175721	-0.216288	-0.252742	-0.281185	-0.286475	-0.265379	-0.232093	-0.192048	-0.1472	-0.0954177	-0.0350847	0.0347265	0.127485	0.227117	0.304962	0.343158	0.319259	0.242783	0.146675	0.0243633	-0.118608	-0.263536	-0.399491	-0.494114	
-0.342039	-0.3867	-0.428216	-0.467543	-0.492517	-0.495685	-0.479683	-0.444946	-0.403079	-0.360521	-0.307449	-0.229929	-0.130616	-0.00612513	0.123494	0.236159	0.315324	0.338078	0.303628	0.23565	0.133069	0.00529692	-0.126115	-0.246082	-0.328371	
-0.562266	-0.601931	-0.635159	-0.669037	-0.696916	-0.702156	-0.682713	-0.648013	-0.615597	-0.580001	-0.525944	-0.432731	-0.309045	-0.15679	0.00678588	0.160769	0.273537	0.339426	0.350015	0.316901	0.237903	0.130684	0.0128094	-0.0904459	-0.163861	
-0.772473	-0.803672	-0.818875	-0.832618	-0.852609	-0.858056	-0.840842	-0.823167	-0.811207	-0.787815	-0.738287	-0.63927	-0.489428	-0.313098	-0.126732	0.0583599	0.210197	0.316385	0.370731	0.370907	0.320462	0.237853	0.138194	0.0527897	-0.00828864	
-0.952085	-0.965993	-0.953839	-0.945303	-0.944931	-0.945637	-0.944226	-0.949495	-0.962554	-0.962906	-0.919289	-0.817297	-0.658678	-0.46887	-0.271555	-0.0714024	0.114994	0.258351	0.347383	0.379544	0.359745	0.30724	0.234701	0.170923	0.129104	
-1.07344	-1.06053	-1.02287	-0.998473	-0.985216	-0.980847	-0.993482	-1.0108	-1.04577	-1.07471	-1.04593	-0.945788	-0.791795	-0.5985	-0.400293	-0.205618	-0.0149239	0.148322	0.267701	0.332649	0.351358	0.340733	0.308136	0.272688	0.250381	
-1.11646	-1.09598	-1.04282	-1.00078	-0.975833	-0.970982	-0.988562	-1.02353	-1.07533	-1.11592	-1.09462	-1.00383	-0.865675	-0.694905	-0.51694	-0.342208	-0.167502	-0.00335366	0.134437	0.231295	0.29032	0.323735	0.33896	0.343942	0.344426	
-1.09524	-1.06877	-1.01428	-0.958605	-0.924935	-0.919828	-0.941741	-0.990696	-1.04862	-1.09004	-1.08316	-1.00634	-0.885234	-0.752505	-0.617389	-0.478228	-0.331359	-0.18492	-0.0459514	0.0800716	0.180997	0.25055	0.306177	0.350807	0.384573	
-1.02939	-0.995168	-0.935466	-0.872825	-0.84113	-0.837234	-0.856209	-0.907989	-0.974042	-1.0199	-1.02705	-0.974968	-0.886193	-0.786795	-0.693806	-0.602169	-0.49499	-0.372578	-0.246383	-0.106529	0.0252653	0.132902	0.227372	0.308822	0.38061	
-0.939255	-0.893957	-0.823872	-0.757754	-0.724024	-0.718678	-0.740347	-0.79424	-0.868391	-0.925207	-0.946061	-0.923464	-0.876333	-0.815889	-0.766257	-0.720631	-0.657351	-0.562619	-0.444786	-0.299701	-0.150599	-0.00709511	0.121366	0.236538	0.346735	
-0.839226	-0.778483	-0.702352	-0.640265	-0.5957	-0.587497	-0.619282	-0.676266	-0.747128	-0.81896	-0.860393	-0.869924	-0.865587	-0.857076	-0.848721	-0.839211	-0.817861	-0.75621	-0.643268	-0.488484	-0.318828	-0.147901	0.0083619	0.159917	0.300945	
-0.736824	-0.658842	-0.580872	-0.525929	-0.49073	-0.484204	-0.508924	-0.557114	-0.625244	-0.707137	-0.77455	-0.822242	-0.854796	-0.891935	-0.928318	-0.955311	-0.96139	-0.924793	-0.817844	-0.658901	-0.466267	-0.269079	-0.0816587	0.0955167	0.258294	
-0.635806	-0.557003	-0.486026	-0.436594	-0.414916	-0.411499	-0.425037	-0.462057	-0.527779	-0.603986	-0.682948	-0.764403	-0.838824	-0.91091	-0.986564	-1.04606	-1.06912	-1.04292	-0.943593	-0.782971	-0.579738	-0.365293	-0.152326	0.0414645	0.213443	
-0.546129	-0.467705	-0.413472	-0.383084	-0.377105	-0.376475	-0.380055	-0.39664	-0.44404	-0.511666	-0.598984	-0.695237	-0.799097	-0.898819	-0.996122	-1.07256	-1.11546	-1.09973	-1.00917	-0.849534	-0.648737	-0.430064	-0.211834	-0.00775263	0.161488	
-0.467705	-0.39902	-0.370371	-0.371004	-0.381418	-0.384157	-0.37541	-0.367451	-0.382986	-0.436009	-0.520332	-0.615451	-0.729736	-0.848769	-0.957447	-1.0433	-1.09261	-1.08127	-1.01248	-0.87491	-0.685779	-0.47213	-0.260299	-0.0527629	0.105448	
-0.413472	-0.370371	-0.3665	-0.399375	-0.433133	-0.441675	-0.413273	-0.378089	-0.362791	-0.392494	-0.45357	-0.539997	-0.652053	-0.776333	-0.892267	-0.989455	-1.0373	-1.03587	-0.988809	-0.879822	-0.712931	-0.513033	-0.299734	-0.101446	0.0459297	
-0.383084	-0.371004	-0.399375	-0.461086	-0.513314	-0.52487	-0.484992	-0.422571	-0.376356	-0.374132	-0.410253	-0.486191	-0.592969	-0.711266	-0.827916	-0.92967	-0.98852	-1.0051	-0.973746	-0.884478	-0.73957	-0.552091	-0.335692	-0.141252	-0.000421513	
-0.377105	-0.381418	-0.433133	-0.513314	-0.584166	-0.59749	-0.546571	-0.462783	-0.397754	-0.37231	-0.395474	-0.456876	-0.549998	-0.671599	-0.798314	-0.894676	-0.960295	-0.987291	-0.966085	-0.89712	-0.766709	-0.577579	-0.364155	-0.168325	-0.0279607	
-0.376475	-0.384157	-0.441675	-0.52487	-0.59749	-0.610422	-0.559089	-0.472187	-0.403763	-0.372735	-0.393225	-0.451403	-0.542205	-0.664951	-0.795058	-0.889686	-0.955226	-0.982193	-0.964812	-0.901445	-0.772698	-0.580887	-0.369238	-0.172478	-0.0323628	
-0.380055	-0.37541	-0.413273	-0.484992	-0.546571	-0.559089	-0.513538	-0.440359	-0.384972	-0.373022	-0.40216	-0.471697	-0.572711	-0.691739	-0.811774	-0.911807	-0.974599	-0.997578	-0.9699	-0.889077	-0.752288	-0.564517	-0.348561	-0.154739	-0.0143568	
-0.39664	-0.367451	-0.378089	-0.422571	-0.462783	-0.472187	-0.440359	-0.394241	-0.365716	-0.381088	-0.432043	-0.515241	-0.627318	-0.748046	-0.86375	-0.963511	-1.01585	-1.02078	-0.981643	-0.880707	-0.722464	-0.52913	-0.315263	-0.118578	0.0257075	
-0.44404	-0.382986	-0.362791	-0.376356	-0.397754	-0.403763	-0.384972	-0.365716	-0.369619	-0.415469	-0.492281	-0.583842	-0.696886	-0.821062	-0.934164	-1.02436	-1.07149	-1.06315	-1.00405	-0.878643	-0.697483	-0.488517	-0.276358	-0.0723443	0.0806989	
-0.511666	-0.436009	-0.392494	-0.374132	-0.37231	-0.372735	-0.373022	-0.381088	-0.415469	-0.478002	-0.565896	-0.664016	-0.7747	-0.883234	-0.984535	-1.0657	-1.11297	-1.09956	-1.01682	-0.863427	-0.665594	-0.448006	-0.231564	-0.0252849	0.139464	
-0.598984	-0.520332	-0.45357	-0.410253	-0.395474	-0.393225	-0.40216	-0.432043	-0.492281	-0.565896	-0.648535	-0.738306	-0.826632	-0.911332	-0.997095	-1.065	-1.09645	-1.07521	-0.977337	-0.816015	-0.612917	-0.395453	-0.177915	0.0203289	0.193622	
-0.695237	-0.615451	-0.539997	-0.486191	-0.456876	-0.451403	-0.471697	-0.515241	-0.583842	-0.664016	-0.738306	-0.801114	-0.850365	-0.901565	-0.956106	-0.997031	-1.00976	-0.978097	-0.875356	-0.716038	-0.515922	-0.310276	-0.111294	0.0736338	0.242089	
-0.799097	-0.729736	-0.652053	-0.592969	-0.549998	-0.542205	-0.572711	-0.627318	-0.696886	-0.7747	-0.826632	-0.850365	-0.860482	-0.87264	-0.881954	-0.886716	-0.878763	-0.828649	-0.717109	-0.559867	-0.381685	-0.199668	-0.0313419	0.132351	0.28269	
-0.898819	-0.848769	-0.776333	-0.711266	-0.671599	-0.664951	-0.691739	-0.748046	-0.821062	-0.883234	-0.911332	-0.901565	-0.87264	-0.831796	-0.797514	-0.767529	-0.722771	-0.640592	-0.525357	-0.37635	-0.219317	-0.0647114	0.0748328	0.205543	0.328571	
-0.996122	-0.957447	-0.892267	-0.827916	-0.798314	-0.795058	-0.811774	-0.86375	-0.934164	-0.984535	-0.997095	-0.956106	-0.881954	-0.797514	-0.722229	-0.65022	-0.559871	-0.447893	-0.32572	-0.184307	-0.0445823	0.0783154	0.187555	0.281975	0.370206	
-1.07256	-1.0433	-0.989455	-0.92967	-0.894676	-0.889686	-0.911807	-0.963511	-1.02436	-1.0657	-1.065	-0.997031	-0.886716	-0.767529	-0.65022	-0.529601	-0.39717	-0.260196	-0.125424	0.00860328	0.123863	0.20743	0.27928	0.338373	0.387682	
-1.11546	-1.09261	-1.0373	-0.98852	-0.960295	-0.955226	-0.974599	-1.01585	-1.07149	-1.11297	-1.09645	-1.00976	-0.878763	-0.722771	-0.559871	-0.39717	-0.232957	-0.0736329	0.066646	0.176405	0.251526	0.300408	0.333015	0.354886	0.366992	
-1.09973	-1.08127	-1.03587	-1.0051	-0.987291	-0.982193	-0.997578	-1.02078	-1.06315	-1.09956	-1.07521	-0.978097	-0.828649	-0.640592	-0.447893	-0.260196	-0.0736329	0.0921192	0.22049	0.298324	0.334245	0.341299	0.328044	0.307209	0.292918	
-1.00917	-1.01248	-0.988809	-0.973746	-0.966085	-0.964812	-0.9699	-0.981643	-1.00405	-1.01682	-0.977337	-0.875356	-0.717109	-0.525357	-0.32572	-0.125424	0.066646	0.22049	0.323264	0.36733	0.361858	0.325261	0.266595	0.212968	0.179727	
-0.849534	-0.87491	-0.879822	-0.884478	-0.89712	-0.901445	-0.889077	-0.880707	-0.878643	-0.863427	-0.816015	-0.716038	-0.559867	-0.37635	-0.184307	0.00860328	0.176405	0.298324	0.36733	0.380511	0.342489	0.270384	0.180579	0.103306	0.0488413	
-0.648737	-0.685779	-0.712931	-0.73957	-0.766709	-0.772698	-0.752288	-0.722464	-0.697483	-0.665594	-0.612917	-0.515922	-0.381685	-0.219317	-0.0445823	0.123863	0.251526	0.334245	0.361858	0.342489	0.274798	0.176872	0.0660632	-0.0304957	-0.100583	
-0.430064	-0.47213	-0.513033	-0.552091	-0.577579	-0.580887	-0.564517	-0.52913	-0.488517	-0.448006	-0.395453	-0.310276	-0.199668	-0.0647114	0.0783154	0.20743	0.300408	0.341299	0.325261	0.270384	0.176872	0.0563227	-0.0703397	-0.184073	-0.262151	
-0.211834	-0.260299	-0.299734	-0.335692	-0.364155	-0.369238	-0.348561	-0.315263	-0.276358	-0.231564	-0.177915	-0.111294	-0.0313419	0.0748328	0.187555	0.27928	0.333015	0.328044	0.266595	0.180579	0.0660632	-0.0703397	-0.209457	-0.338465	-0.428362	
-0.00775263	-0.0527629	-0.101446	-0.141252	-0.168325	-0.172478	-0.154739	-0.118578	-0.0723443	-0.0252849	0.0203289	0.0736338	0.132351	0.205543	0.281975	0.338373	0.354886	0.307209	0.212968	0.103306	-0.0304957	-0.184073	-0.338465	-0.484122	-0.584847	
0.161488	0.105448	0.0459297	-0.000421513	-0.0279607	-0.0323628	-0.0143568	0.0257075	0.0806989	0.139464	0.193622	0.242089	0.28269	0.328571	0.370206	0.387682	0.366992	0.292918	0.179727	0.0488413	-0.100583	-0.262151	-0.428362	-0.584847	-0.697003	
