-0.659936	-0.7146	-0.739065	-0.741255	-0.726599	-0.722421	-0.73641	-0.742628	-0.726715	-0.6877	-0.597243	-0.422682	-0.178957	0.0877648	0.336151	0.540343	0.701572	0.820752	0.864792	0.810407	0.675529	0.501351	0.337165	0.200888	0.0893937	
-0.612274	-0.699104	-0.762173	-0.800583	-0.811312	-0.812035	-0.807881	-0.780865	-0.726226	-0.651656	-0.536464	-0.348994	-0.10181	0.161233	0.405465	0.604458	0.747026	0.835306	0.850311	0.773691	0.625387	0.446693	0.284476	0.160184	0.0653527	
-0.55505	-0.679596	-0.783266	-0.859024	-0.897701	-0.903935	-0.879295	-0.817473	-0.723045	-0.608407	-0.463139	-0.263104	-0.0178686	0.235274	0.470372	0.663287	0.78866	0.843094	0.824463	0.726627	0.569571	0.390514	0.233762	0.12348	0.0419064	
-0.490132	-0.656598	-0.801256	-0.913888	-0.981337	-0.993264	-0.947199	-0.850761	-0.717082	-0.559371	-0.379128	-0.16629	0.072356	0.310279	0.530558	0.713427	0.822374	0.843633	0.788726	0.668821	0.508277	0.336348	0.184022	0.0842831	0.0234639	
-0.419991	-0.630168	-0.814626	-0.962046	-1.05672	-1.07396	-1.00754	-0.878629	-0.707654	-0.506148	-0.287704	-0.0612178	0.167699	0.386352	0.586257	0.752744	0.843896	0.834371	0.744661	0.60316	0.439644	0.282169	0.143822	0.0481463	-0.00100998	
-0.347387	-0.59977	-0.821349	-0.99989	-1.11753	-1.1391	-1.05577	-0.898509	-0.693318	-0.450182	-0.193454	0.0477114	0.266177	0.463529	0.637925	0.779373	0.849338	0.8131	0.692444	0.532879	0.368459	0.224839	0.106064	0.0206124	-0.0204534	
-0.275074	-0.564266	-0.818768	-1.02325	-1.15707	-1.18145	-1.08686	-0.90725	-0.671935	-0.39248	-0.101618	0.154572	0.364315	0.540818	0.686578	0.793177	0.834516	0.776787	0.633848	0.459888	0.296783	0.168742	0.0721407	-0.0038889	-0.0417937	
-0.205335	-0.522054	-0.803549	-1.02731	-1.16892	-1.19428	-1.09541	-0.900979	-0.640912	-0.333558	-0.0173305	0.25271	0.457464	0.615136	0.73145	0.796374	0.799039	0.720883	0.568016	0.389266	0.228638	0.111114	0.0390503	-0.0161208	-0.0574331	
-0.1396	-0.471477	-0.771745	-1.00668	-1.14756	-1.1721	-1.0758	-0.875076	-0.597562	-0.273415	0.0553157	0.335364	0.540057	0.682149	0.768948	0.789865	0.746982	0.645719	0.491705	0.319983	0.170231	0.0607821	0.000239716	-0.0307146	-0.057927	
-0.0784598	-0.41123	-0.719004	-0.955626	-1.08893	-1.11132	-1.02258	-0.824372	-0.539577	-0.211716	0.114484	0.396964	0.605104	0.736093	0.79429	0.772676	0.682913	0.555604	0.405982	0.250714	0.118072	0.0219458	-0.0316112	-0.0511493	-0.0620939	
-0.0217466	-0.340419	-0.641066	-0.868899	-0.990714	-1.01037	-0.931143	-0.743689	-0.465247	-0.148235	0.161007	0.435104	0.645243	0.768788	0.801118	0.742813	0.612448	0.457563	0.311763	0.181303	0.0735516	-0.00759769	-0.0566197	-0.0687732	-0.0673753	
0.0316727	-0.25834	-0.53466	-0.742839	-0.852171	-0.869387	-0.798704	-0.628927	-0.373222	-0.0828079	0.197545	0.45122	0.655125	0.77107	0.781547	0.695665	0.539144	0.363304	0.216289	0.107358	0.0308406	-0.0234241	-0.0668471	-0.0842841	-0.073902	
0.0840112	-0.164164	-0.398536	-0.576677	-0.67388	-0.689483	-0.625289	-0.478627	-0.26224	-0.0144661	0.227508	0.44943	0.632981	0.735391	0.728398	0.625978	0.461268	0.279828	0.133258	0.0380366	-0.0171902	-0.0413216	-0.0576163	-0.0758776	-0.0729154	
0.138369	-0.0565486	-0.234165	-0.373491	-0.457633	-0.472151	-0.414161	-0.295309	-0.131392	0.0595129	0.254494	0.43459	0.581005	0.658441	0.636994	0.530019	0.375562	0.207879	0.0685558	-0.0146503	-0.0546412	-0.0646772	-0.0522995	-0.0432662	-0.0379885	
0.198696	0.0664822	-0.0459038	-0.140288	-0.206845	-0.219572	-0.171473	-0.0855849	0.0190825	0.143528	0.282231	0.410722	0.504549	0.54323	0.507912	0.406899	0.277297	0.145019	0.0269557	-0.047616	-0.0724312	-0.0694305	-0.0448347	-0.00650779	0.0262419	
0.269584	0.206506	0.159542	0.113271	0.0726079	0.0638845	0.0945984	0.14145	0.187017	0.242056	0.314454	0.380661	0.41104	0.399284	0.348243	0.262323	0.165093	0.0807413	0.00799759	-0.0484078	-0.0664632	-0.0480274	-0.00926108	0.0472127	0.110931	
0.3547	0.362561	0.374609	0.377225	0.371448	0.369459	0.374751	0.376926	0.368104	0.35708	0.354433	0.346814	0.309109	0.24252	0.171135	0.105962	0.0484939	0.0110325	-0.00483879	-0.0150883	-0.0161701	0.0101048	0.0628727	0.134792	0.221348	
0.453851	0.529499	0.59288	0.643297	0.676546	0.682689	0.659023	0.614437	0.556415	0.485717	0.404279	0.313247	0.207501	0.0927966	-0.00122269	-0.0503754	-0.0620447	-0.0501163	-0.0155996	0.0319887	0.0769516	0.123875	0.185588	0.263887	0.357089	
0.560866	0.698777	0.810078	0.904742	0.971781	0.984748	0.936702	0.850011	0.74552	0.61971	0.463615	0.288358	0.116994	-0.0326267	-0.140608	-0.183059	-0.158185	-0.0922086	-0.00724149	0.0895826	0.187424	0.275462	0.35614	0.435593	0.516852	
0.665714	0.861762	1.02226	1.15375	1.24071	1.25692	1.19597	1.079	0.929405	0.748692	0.528567	0.283637	0.0554869	-0.11908	-0.226231	-0.260047	-0.216589	-0.111071	0.0245798	0.166805	0.30472	0.428336	0.530849	0.612449	0.675757	
0.761739	1.01252	1.22158	1.3787	1.47031	1.48611	1.42419	1.29169	1.10169	0.866319	0.595101	0.307895	0.045748	-0.14575	-0.246297	-0.262966	-0.20708	-0.0879256	0.0740255	0.249063	0.413821	0.554588	0.66326	0.737688	0.780144	
0.852092	1.14689	1.3937	1.56479	1.65333	1.66736	1.6096	1.47208	1.25342	0.973614	0.666756	0.366116	0.10322	-0.0883775	-0.185159	-0.189662	-0.123477	-0.00666972	0.146112	0.315911	0.479397	0.617058	0.716959	0.775195	0.79475	
0.947429	1.25992	1.52194	1.69874	1.78717	1.80082	1.74359	1.60339	1.37338	1.07547	0.757435	0.466572	0.230449	0.0621845	-0.0282321	-0.0382114	0.0181028	0.116015	0.234802	0.361087	0.483007	0.587967	0.664851	0.706636	0.712168	
1.05666	1.34762	1.59735	1.77447	1.86969	1.88519	1.82202	1.67747	1.45454	1.17518	0.882291	0.622937	0.425283	0.291971	0.214244	0.185985	0.201739	0.249075	0.310938	0.374169	0.432264	0.481899	0.519297	0.539167	0.536303	
1.18168	1.41361	1.62653	1.79514	1.89659	1.91424	1.84487	1.70047	1.50231	1.27485	1.04507	0.841271	0.684203	0.576403	0.503757	0.449925	0.407825	0.377598	0.358686	0.34733	0.339339	0.33205	0.323525	0.310766	0.289117	
1.32085	1.47242	1.62935	1.77083	1.86422	1.8812	1.81605	1.6896	1.53528	1.37994	1.23554	1.10479	0.98923	0.889022	0.798075	0.70535	0.603761	0.496347	0.39286	0.301719	0.225464	0.161563	0.105449	0.0527928	0.000137302	
1.47242	1.5417	1.62744	1.71538	1.77739	1.78897	1.74521	1.66404	1.57448	1.49803	1.43669	1.37582	1.29799	1.19495	1.06847	0.923781	0.765227	0.597657	0.428701	0.267389	0.120545	-0.00924844	-0.122818	-0.222188	-0.308999	
1.62935	1.62744	1.63291	1.6452	1.65626	1.6585	1.65044	1.6376	1.62872	1.62826	1.62942	1.61346	1.55827	1.45095	1.29463	1.10419	0.895908	0.680223	0.462062	0.245106	0.034888	-0.161233	-0.335945	-0.483809	-0.602176	
1.77083	1.71538	1.6452	1.579	1.5354	1.52755	1.55794	1.61723	1.68822	1.75169	1.79019	1.78887	1.73591	1.62505	1.45861	1.24745	1.00646	0.74888	0.483858	0.218177	-0.0406732	-0.283254	-0.49948	-0.681055	-0.82328	
1.86422	1.77739	1.65626	1.5354	1.45357	1.43869	1.49594	1.60559	1.7314	1.8354	1.89093	1.88755	1.82658	1.71287	1.54934	1.33786	1.08339	0.796742	0.493464	0.190276	-0.098258	-0.361317	-0.591793	-0.785439	-0.939914	
1.8812	1.78897	1.6585	1.52755	1.43869	1.42251	1.48472	1.60363	1.73949	1.8507	1.90878	1.90411	1.84092	1.72663	1.56449	1.35419	1.09801	0.80579	0.494613	0.183941	-0.109669	-0.37524	-0.606926	-0.80192	-0.958543	
1.81605	1.74521	1.65044	1.55794	1.49594	1.48472	1.52803	1.61148	1.70878	1.79191	1.83922	1.83787	1.78194	1.66988	1.50413	1.2916	1.04314	0.771348	0.488456	0.205535	-0.0672522	-0.320347	-0.545019	-0.734137	-0.883157	
1.6896	1.66404	1.6376	1.61723	1.60559	1.60363	1.61148	1.62853	1.65304	1.68018	1.69906	1.69204	1.63992	1.53124	1.36869	1.16675	0.94277	0.709159	0.472096	0.23525	0.00384192	-0.214048	-0.409014	-0.573125	-0.702149	
1.53528	1.57448	1.62872	1.68822	1.7314	1.73949	1.70878	1.65304	1.59457	1.54934	1.51595	1.47673	1.41036	1.30564	1.16542	1.00025	0.82026	0.63258	0.443138	0.25827	0.0843087	-0.0736126	-0.212421	-0.331221	-0.430662	
1.37994	1.49803	1.62826	1.75169	1.8354	1.8507	1.79191	1.68018	1.54934	1.42535	1.31569	1.21466	1.1153	1.01466	0.910312	0.797424	0.672635	0.539394	0.407248	0.285986	0.180832	0.0915562	0.0142857	-0.0557938	-0.122232	
1.23554	1.43669	1.62942	1.79019	1.89093	1.90878	1.83922	1.69906	1.51595	1.31569	1.11873	0.943082	0.802735	0.699897	0.622687	0.555053	0.489099	0.426832	0.372945	0.329243	0.294419	0.265487	0.238709	0.210279	0.176622	
1.10479	1.37582	1.61346	1.78887	1.88755	1.90411	1.83787	1.69204	1.47673	1.21466	0.943082	0.703358	0.52195	0.400653	0.326683	0.28923	0.28311	0.301407	0.332926	0.367523	0.399569	0.426213	0.444919	0.452271	0.443766	
0.98923	1.29799	1.55827	1.73591	1.82658	1.84092	1.78194	1.63992	1.41036	1.1153	0.802735	0.52195	0.300518	0.145728	0.0599513	0.0439519	0.0875517	0.169175	0.267998	0.370932	0.468843	0.552938	0.615292	0.649744	0.652788	
0.889022	1.19495	1.45095	1.62505	1.71287	1.72663	1.66988	1.53124	1.30564	1.01466	0.699897	0.400653	0.145728	-0.0392674	-0.134007	-0.138196	-0.0726652	0.0389519	0.180689	0.336985	0.488159	0.61622	0.709177	0.76142	0.773884	
0.798075	1.06847	1.29463	1.45861	1.54934	1.56449	1.50413	1.36869	1.16542	0.910312	0.622687	0.326683	0.0599513	-0.134007	-0.23229	-0.242515	-0.18204	-0.062501	0.0999814	0.278324	0.446824	0.589292	0.696308	0.764667	0.797186	
0.70535	0.923781	1.10419	1.24745	1.33786	1.35419	1.2916	1.16675	1.00025	0.797424	0.555053	0.28923	0.0439519	-0.138196	-0.242515	-0.270478	-0.222229	-0.108078	0.0424957	0.200488	0.350898	0.483699	0.590853	0.670968	0.726598	
0.603761	0.765227	0.895908	1.00646	1.08339	1.09801	1.04314	0.94277	0.82026	0.672635	0.489099	0.28311	0.0875517	-0.0726652	-0.18204	-0.222229	-0.187814	-0.102818	0.00318112	0.118114	0.233693	0.337981	0.428296	0.508995	0.583369	
0.496347	0.597657	0.680223	0.74888	0.796742	0.80579	0.771348	0.709159	0.63258	0.539394	0.426832	0.301407	0.169175	0.0389519	-0.062501	-0.108078	-0.102818	-0.0692919	-0.0155033	0.0529867	0.120093	0.182124	0.249985	0.32855	0.41837	
0.39286	0.428701	0.462062	0.483858	0.493464	0.494613	0.488456	0.472096	0.443138	0.407248	0.372945	0.332926	0.267998	0.180689	0.0999814	0.0424957	0.00318112	-0.0155033	-0.0101952	0.003041	0.0173096	0.0491058	0.105291	0.180744	0.272648	
0.301719	0.267389	0.245106	0.218177	0.190276	0.183941	0.205535	0.23525	0.25827	0.285986	0.329243	0.367523	0.370932	0.336985	0.278324	0.200488	0.118114	0.0529867	0.003041	-0.03828	-0.0523366	-0.0301254	0.0147276	0.0777856	0.152284	
0.225464	0.120545	0.034888	-0.0406732	-0.098258	-0.109669	-0.0672522	0.00384192	0.0843087	0.180832	0.294419	0.399569	0.468843	0.488159	0.446824	0.350898	0.233693	0.120093	0.0173096	-0.0523366	-0.0732969	-0.0638417	-0.0349376	0.0116543	0.0572294	
0.161563	-0.00924844	-0.161233	-0.283254	-0.361317	-0.37524	-0.320347	-0.214048	-0.0736126	0.0915562	0.265487	0.426213	0.552938	0.61622	0.589292	0.483699	0.337981	0.182124	0.0491058	-0.0301254	-0.0638417	-0.0702266	-0.0516109	-0.0290237	-0.0149794	
0.105449	-0.122818	-0.335945	-0.49948	-0.591793	-0.606926	-0.545019	-0.409014	-0.212421	0.0142857	0.238709	0.444919	0.615292	0.709177	0.696308	0.590853	0.428296	0.249985	0.105291	0.0147276	-0.0349376	-0.0516109	-0.054056	-0.0639509	-0.0631955	
0.0527928	-0.222188	-0.483809	-0.681055	-0.785439	-0.80192	-0.734137	-0.573125	-0.331221	-0.0557938	0.210279	0.452271	0.649744	0.76142	0.764667	0.670968	0.508995	0.32855	0.180744	0.0777856	0.0116543	-0.0290237	-0.0639509	-0.0845926	-0.0761325	
0.000137302	-0.308999	-0.602176	-0.82328	-0.939914	-0.958543	-0.883157	-0.702149	-0.430662	-0.122232	0.176622	0.443766	0.652788	0.773884	0.797186	0.726598	0.583369	0.41837	0.272648	0.152284	0.0572294	-0.0149794	-0.0631955	-0.0761325	-0.0699821	
