-0.340534	-0.288247	-0.250576	-0.223807	-0.206927	-0.203905	-0.215819	-0.23877	-0.271209	-0.318919	-0.373627	-0.424783	-0.476259	-0.520219	-0.549592	-0.563572	-0.558332	-0.543591	-0.509899	-0.443188	-0.359389	-0.260378	-0.138556	-0.00735304	0.115652	
-0.277909	-0.248368	-0.232	-0.223134	-0.21586	-0.213922	-0.220095	-0.228096	-0.240003	-0.26538	-0.299317	-0.338055	-0.386386	-0.434439	-0.476931	-0.513672	-0.534134	-0.543748	-0.538383	-0.507064	-0.460482	-0.391947	-0.291447	-0.169652	-0.042283	
-0.235345	-0.227099	-0.227665	-0.234462	-0.23418	-0.232661	-0.235482	-0.230982	-0.22556	-0.231573	-0.240664	-0.255761	-0.291991	-0.339732	-0.388977	-0.442804	-0.490898	-0.529977	-0.552345	-0.54747	-0.530474	-0.490985	-0.410624	-0.306565	-0.188219	
-0.20328	-0.210915	-0.22623	-0.243498	-0.247457	-0.246702	-0.247162	-0.233936	-0.215656	-0.206425	-0.199947	-0.200272	-0.221308	-0.260472	-0.311714	-0.375088	-0.438573	-0.494334	-0.535426	-0.552257	-0.555339	-0.538586	-0.486336	-0.408287	-0.311571	
-0.188066	-0.198979	-0.214045	-0.236469	-0.247164	-0.247169	-0.242692	-0.223795	-0.203787	-0.192596	-0.181796	-0.179369	-0.19512	-0.221031	-0.254567	-0.306666	-0.369996	-0.430673	-0.482635	-0.517691	-0.541049	-0.543793	-0.516894	-0.475942	-0.414018	
-0.193842	-0.198421	-0.205673	-0.216736	-0.216418	-0.214721	-0.218189	-0.210476	-0.200391	-0.196154	-0.190223	-0.186772	-0.192577	-0.205995	-0.221006	-0.246527	-0.289848	-0.341068	-0.397806	-0.454816	-0.503745	-0.533218	-0.534028	-0.520701	-0.491833	
-0.213485	-0.210042	-0.196249	-0.186143	-0.177902	-0.175449	-0.182316	-0.191151	-0.204731	-0.213947	-0.210815	-0.204569	-0.196544	-0.190049	-0.190003	-0.201699	-0.229353	-0.26577	-0.315364	-0.381132	-0.448405	-0.499793	-0.529709	-0.543953	-0.537197	
-0.215094	-0.20526	-0.185233	-0.168885	-0.156777	-0.153871	-0.163335	-0.178413	-0.197703	-0.21169	-0.21528	-0.212739	-0.201104	-0.186482	-0.174571	-0.173482	-0.192394	-0.217527	-0.254534	-0.315057	-0.382358	-0.443983	-0.495177	-0.533552	-0.547763	
-0.190947	-0.183637	-0.172232	-0.163267	-0.16167	-0.162606	-0.162253	-0.167331	-0.179808	-0.188359	-0.19549	-0.203968	-0.200206	-0.190942	-0.183092	-0.173788	-0.177574	-0.190614	-0.212476	-0.257729	-0.311834	-0.368897	-0.434923	-0.494864	-0.531026	
-0.161968	-0.161731	-0.161762	-0.164141	-0.173221	-0.175833	-0.167232	-0.162501	-0.162567	-0.1605	-0.167082	-0.184447	-0.19411	-0.195407	-0.19528	-0.188309	-0.181179	-0.178427	-0.187065	-0.216286	-0.251128	-0.293491	-0.358311	-0.430843	-0.486939	
-0.145066	-0.152735	-0.161398	-0.164155	-0.171304	-0.174145	-0.166388	-0.162415	-0.157243	-0.146658	-0.147688	-0.162377	-0.176938	-0.191351	-0.204295	-0.202476	-0.191702	-0.178791	-0.171187	-0.184604	-0.205261	-0.234228	-0.290215	-0.360143	-0.42636	
-0.146742	-0.150756	-0.155731	-0.156143	-0.163926	-0.167044	-0.158047	-0.154934	-0.153416	-0.148127	-0.148666	-0.154941	-0.162228	-0.1735	-0.192605	-0.202434	-0.195182	-0.184591	-0.172957	-0.168293	-0.175986	-0.198136	-0.24297	-0.299799	-0.360676	
-0.154275	-0.154111	-0.155228	-0.149144	-0.146502	-0.146336	-0.147189	-0.154185	-0.154966	-0.152935	-0.156316	-0.156499	-0.154999	-0.155733	-0.164705	-0.179955	-0.18744	-0.190662	-0.189773	-0.178894	-0.169258	-0.179618	-0.211274	-0.248919	-0.294222	
-0.162062	-0.160387	-0.154697	-0.141966	-0.132864	-0.131822	-0.137735	-0.149886	-0.15837	-0.162363	-0.160221	-0.149296	-0.143314	-0.143855	-0.14889	-0.160702	-0.173739	-0.192274	-0.204848	-0.195978	-0.17857	-0.171398	-0.182372	-0.203172	-0.234968	
-0.154491	-0.145988	-0.144092	-0.14325	-0.136571	-0.134343	-0.141104	-0.144488	-0.143943	-0.151471	-0.155538	-0.146069	-0.141508	-0.143131	-0.146558	-0.157391	-0.164913	-0.178167	-0.196598	-0.194452	-0.183663	-0.17674	-0.170259	-0.174791	-0.200129	
-0.136095	-0.126471	-0.130645	-0.143442	-0.147294	-0.146566	-0.146261	-0.136265	-0.125979	-0.131214	-0.143125	-0.149473	-0.154929	-0.155113	-0.145726	-0.145663	-0.153177	-0.160619	-0.174299	-0.183017	-0.187651	-0.190899	-0.180243	-0.168043	-0.181353	
-0.132719	-0.12755	-0.128355	-0.139255	-0.142856	-0.142616	-0.141809	-0.131559	-0.126688	-0.13149	-0.134818	-0.141496	-0.154694	-0.16143	-0.149489	-0.135589	-0.137907	-0.14841	-0.159234	-0.171715	-0.191653	-0.204932	-0.194743	-0.174618	-0.16921	
-0.138143	-0.13939	-0.13774	-0.136015	-0.126089	-0.123218	-0.13311	-0.137615	-0.139144	-0.139151	-0.133634	-0.130592	-0.134599	-0.146215	-0.152135	-0.146408	-0.143573	-0.145446	-0.150074	-0.158852	-0.177506	-0.196937	-0.196142	-0.184356	-0.175033	
-0.135742	-0.142783	-0.135682	-0.127057	-0.125434	-0.125825	-0.126067	-0.131464	-0.141115	-0.13921	-0.131322	-0.131241	-0.128309	-0.130275	-0.144168	-0.153144	-0.155248	-0.147936	-0.14112	-0.150166	-0.163696	-0.175911	-0.185863	-0.1912	-0.188467	
-0.12978	-0.134186	-0.128121	-0.124174	-0.130191	-0.132245	-0.125516	-0.124975	-0.13281	-0.132364	-0.12749	-0.133144	-0.134764	-0.129609	-0.135571	-0.14673	-0.155136	-0.149576	-0.135053	-0.14172	-0.157146	-0.163062	-0.175281	-0.196597	-0.202329	
-0.12711	-0.123729	-0.123282	-0.123905	-0.130786	-0.13277	-0.125858	-0.123526	-0.124161	-0.125011	-0.130205	-0.136205	-0.134824	-0.128953	-0.13042	-0.136252	-0.145898	-0.152734	-0.144558	-0.142134	-0.148471	-0.150886	-0.16172	-0.188091	-0.20687	
-0.121593	-0.119729	-0.123508	-0.122829	-0.128825	-0.130456	-0.123956	-0.12411	-0.121253	-0.119036	-0.129511	-0.137899	-0.135713	-0.128937	-0.127944	-0.129696	-0.130567	-0.14439	-0.157457	-0.155483	-0.147289	-0.142921	-0.152259	-0.170694	-0.192267	
-0.121237	-0.125357	-0.132089	-0.126873	-0.117237	-0.1148	-0.122459	-0.132113	-0.127866	-0.121542	-0.123551	-0.123863	-0.129392	-0.133823	-0.131453	-0.134067	-0.129234	-0.131213	-0.153358	-0.159795	-0.146221	-0.139749	-0.14999	-0.161561	-0.175035	
-0.129689	-0.126763	-0.126381	-0.125325	-0.115915	-0.114273	-0.122845	-0.125813	-0.125876	-0.129807	-0.125429	-0.112863	-0.118449	-0.13587	-0.137427	-0.135516	-0.133266	-0.128242	-0.140666	-0.152221	-0.145872	-0.142907	-0.151663	-0.157625	-0.162248	
-0.129339	-0.115765	-0.112188	-0.123192	-0.125006	-0.125048	-0.126186	-0.114727	-0.112465	-0.125548	-0.12975	-0.123384	-0.120594	-0.129705	-0.135735	-0.12998	-0.12853	-0.130534	-0.133883	-0.142768	-0.151205	-0.156215	-0.15723	-0.15343	-0.149904	
-0.121959	-0.116618	-0.115665	-0.120808	-0.122995	-0.122287	-0.122187	-0.117891	-0.115692	-0.118971	-0.12601	-0.131586	-0.124697	-0.119586	-0.125295	-0.128668	-0.13372	-0.138568	-0.134358	-0.132293	-0.146523	-0.162322	-0.157946	-0.148575	-0.144551	
-0.116618	-0.130166	-0.125156	-0.112666	-0.118414	-0.120702	-0.11237	-0.119947	-0.130803	-0.121646	-0.1142	-0.122979	-0.127194	-0.121564	-0.12092	-0.128941	-0.140416	-0.143299	-0.132185	-0.1237	-0.136518	-0.157797	-0.157999	-0.150636	-0.15178	
-0.115665	-0.125156	-0.122741	-0.116675	-0.118294	-0.119165	-0.116093	-0.119931	-0.125678	-0.120462	-0.111435	-0.119149	-0.13268	-0.127631	-0.121622	-0.125741	-0.132348	-0.138641	-0.131925	-0.128013	-0.138908	-0.150353	-0.156558	-0.155134	-0.158637	
-0.120808	-0.112666	-0.116675	-0.125092	-0.11753	-0.114306	-0.123952	-0.12114	-0.112292	-0.117633	-0.12271	-0.123633	-0.127303	-0.124314	-0.122719	-0.125009	-0.125349	-0.132176	-0.137621	-0.142414	-0.144903	-0.140094	-0.146116	-0.154036	-0.160451	
-0.122995	-0.118414	-0.118294	-0.11753	-0.118177	-0.119037	-0.117949	-0.117782	-0.117737	-0.120433	-0.12617	-0.120515	-0.113668	-0.124118	-0.131823	-0.130517	-0.127353	-0.123715	-0.136159	-0.148097	-0.140828	-0.133062	-0.138861	-0.157551	-0.170334	
-0.122287	-0.120702	-0.119165	-0.114306	-0.119037	-0.121535	-0.115129	-0.116589	-0.120887	-0.120812	-0.125179	-0.119693	-0.111341	-0.124492	-0.133965	-0.132173	-0.128354	-0.121808	-0.135494	-0.147556	-0.138425	-0.132386	-0.137745	-0.159174	-0.173967	
-0.122187	-0.11237	-0.116093	-0.123952	-0.117949	-0.115129	-0.122792	-0.12023	-0.112452	-0.117978	-0.125273	-0.123918	-0.12269	-0.123196	-0.124828	-0.126493	-0.125448	-0.129352	-0.138526	-0.145458	-0.144185	-0.137362	-0.142425	-0.154538	-0.162945	
-0.117891	-0.119947	-0.119931	-0.12114	-0.117782	-0.116589	-0.12023	-0.12045	-0.11957	-0.119576	-0.11513	-0.120043	-0.131854	-0.127583	-0.122274	-0.124638	-0.128521	-0.13613	-0.133442	-0.133623	-0.142103	-0.146309	-0.153895	-0.154816	-0.158315	
-0.115692	-0.130803	-0.125678	-0.112292	-0.117737	-0.120887	-0.112452	-0.11957	-0.131281	-0.122093	-0.111441	-0.12013	-0.129094	-0.124036	-0.121538	-0.128465	-0.138353	-0.142186	-0.131679	-0.123674	-0.135429	-0.154503	-0.157894	-0.1528	-0.155659	
-0.118971	-0.121646	-0.120462	-0.117633	-0.120433	-0.120812	-0.117978	-0.119576	-0.122093	-0.119323	-0.121641	-0.129585	-0.125698	-0.118478	-0.122207	-0.129226	-0.136989	-0.141105	-0.134397	-0.128244	-0.142451	-0.161711	-0.157422	-0.148688	-0.1466	
-0.12601	-0.1142	-0.111435	-0.12271	-0.12617	-0.125179	-0.125273	-0.11513	-0.111441	-0.121641	-0.128972	-0.12836	-0.123319	-0.126007	-0.131415	-0.128241	-0.129539	-0.133069	-0.133189	-0.139147	-0.150981	-0.160029	-0.158396	-0.151087	-0.146636	
-0.131586	-0.122979	-0.119149	-0.123633	-0.120515	-0.119693	-0.123918	-0.120043	-0.12013	-0.129585	-0.12836	-0.115429	-0.116967	-0.134188	-0.138187	-0.133451	-0.132502	-0.12937	-0.136668	-0.14803	-0.147305	-0.147312	-0.153559	-0.155981	-0.157797	
-0.124697	-0.127194	-0.13268	-0.127303	-0.113668	-0.111341	-0.12269	-0.131854	-0.129094	-0.125698	-0.123319	-0.116967	-0.123963	-0.13561	-0.134689	-0.135484	-0.130927	-0.128953	-0.148063	-0.157343	-0.146573	-0.140452	-0.150069	-0.160138	-0.168923	
-0.119586	-0.121564	-0.127631	-0.124314	-0.124118	-0.124492	-0.123196	-0.127583	-0.124036	-0.118478	-0.126007	-0.134188	-0.13561	-0.13043	-0.128022	-0.130757	-0.128039	-0.138022	-0.157925	-0.159698	-0.147202	-0.140902	-0.151049	-0.16573	-0.184489	
-0.125295	-0.12092	-0.121622	-0.122719	-0.131823	-0.133965	-0.124828	-0.122274	-0.121538	-0.122207	-0.131415	-0.138187	-0.134689	-0.128022	-0.129064	-0.133309	-0.139663	-0.150661	-0.151431	-0.146739	-0.14572	-0.146882	-0.156948	-0.180912	-0.20345	
-0.128668	-0.128941	-0.125741	-0.125009	-0.130517	-0.132173	-0.126493	-0.124638	-0.128465	-0.129226	-0.128241	-0.133451	-0.135484	-0.130757	-0.133309	-0.141801	-0.151888	-0.151447	-0.137399	-0.139996	-0.154301	-0.158746	-0.169771	-0.195413	-0.205495	
-0.13372	-0.140416	-0.132348	-0.125349	-0.127353	-0.128354	-0.125448	-0.128521	-0.138353	-0.136989	-0.129539	-0.132502	-0.130927	-0.128039	-0.139663	-0.151888	-0.157083	-0.14898	-0.137353	-0.146419	-0.161099	-0.169369	-0.181705	-0.194341	-0.194187	
-0.138568	-0.143299	-0.138641	-0.132176	-0.123715	-0.121808	-0.129352	-0.13613	-0.142186	-0.141105	-0.133069	-0.12937	-0.128953	-0.138022	-0.150661	-0.151447	-0.14898	-0.146369	-0.14606	-0.154413	-0.170805	-0.188423	-0.192761	-0.187368	-0.180707	
-0.134358	-0.132185	-0.131925	-0.137621	-0.136159	-0.135494	-0.138526	-0.133442	-0.131679	-0.134397	-0.133189	-0.136668	-0.148063	-0.157925	-0.151431	-0.137399	-0.137353	-0.14606	-0.155027	-0.167212	-0.188318	-0.204773	-0.19737	-0.178157	-0.169409	
-0.132293	-0.1237	-0.128013	-0.142414	-0.148097	-0.147556	-0.145458	-0.133623	-0.123674	-0.128244	-0.139147	-0.14803	-0.157343	-0.159698	-0.146739	-0.139996	-0.146419	-0.154413	-0.167212	-0.17867	-0.189758	-0.198173	-0.186723	-0.169424	-0.175607	
-0.146523	-0.136518	-0.138908	-0.144903	-0.140828	-0.138425	-0.144185	-0.142103	-0.135429	-0.142451	-0.150981	-0.147305	-0.146573	-0.147202	-0.14572	-0.154301	-0.161099	-0.170805	-0.188318	-0.189758	-0.18497	-0.181734	-0.171842	-0.17021	-0.191357	
-0.162322	-0.157797	-0.150353	-0.140094	-0.133062	-0.132386	-0.137362	-0.146309	-0.154503	-0.161711	-0.160029	-0.147312	-0.140452	-0.140902	-0.146882	-0.158746	-0.169369	-0.188423	-0.204773	-0.198173	-0.181734	-0.171569	-0.175097	-0.188781	-0.217355	
-0.157946	-0.157999	-0.156558	-0.146116	-0.138861	-0.137745	-0.142425	-0.153895	-0.157894	-0.157422	-0.158396	-0.153559	-0.150069	-0.151049	-0.156948	-0.169771	-0.181705	-0.192761	-0.19737	-0.186723	-0.171842	-0.175097	-0.199202	-0.229396	-0.268962	
-0.148575	-0.150636	-0.155134	-0.154036	-0.157551	-0.159174	-0.154538	-0.154816	-0.1528	-0.148688	-0.151087	-0.155981	-0.160138	-0.16573	-0.180912	-0.195413	-0.194341	-0.187368	-0.178157	-0.169424	-0.17021	-0.188781	-0.229396	-0.279175	-0.333769	
-0.144551	-0.15178	-0.158637	-0.160451	-0.170334	-0.173967	-0.162945	-0.158315	-0.155659	-0.1466	-0.146636	-0.157797	-0.168923	-0.184489	-0.20345	-0.205495	-0.194187	-0.180707	-0.169409	-0.175607	-0.191357	-0.217355	-0.268962	-0.333769	-0.400113	
