0.399864	0.426063	0.425625	0.388195	0.290912	0.153586	-0.00375302	-0.151595	-0.283533	-0.388095	-0.444923	-0.467746	-0.47458	-0.477396	-0.475719	-0.451944	-0.411979	-0.359778	-0.298667	-0.233402	-0.167143	-0.0925633	0.00172275	0.0956679	0.189161	
0.426063	0.473713	0.490627	0.466549	0.381135	0.248693	0.100445	-0.0448694	-0.166642	-0.262397	-0.323823	-0.363743	-0.397133	-0.420916	-0.436342	-0.429841	-0.407801	-0.376924	-0.330786	-0.273171	-0.209567	-0.145163	-0.064723	0.0241839	0.121827	
0.425625	0.490627	0.526273	0.515639	0.446867	0.321274	0.178725	0.0459534	-0.0623069	-0.151526	-0.216754	-0.266773	-0.307606	-0.34372	-0.373563	-0.39048	-0.392303	-0.377892	-0.345086	-0.291263	-0.230902	-0.173587	-0.106885	-0.0267564	0.0743577	
0.388195	0.466549	0.515639	0.519874	0.462928	0.350047	0.218754	0.10344	0.00350424	-0.0740009	-0.134189	-0.184979	-0.228206	-0.272283	-0.308955	-0.341003	-0.358978	-0.358891	-0.33946	-0.293888	-0.238166	-0.183888	-0.123322	-0.0413225	0.0658882	
0.290912	0.381135	0.446867	0.462928	0.413552	0.319006	0.20832	0.105524	0.0214448	-0.0445836	-0.0925736	-0.136711	-0.174117	-0.215719	-0.256807	-0.290388	-0.313762	-0.316399	-0.302853	-0.267718	-0.220635	-0.169991	-0.109071	-0.0234817	0.0898077	
0.153586	0.248693	0.321274	0.350047	0.319006	0.246436	0.154281	0.0606504	-0.0103425	-0.0584639	-0.0875782	-0.113615	-0.142664	-0.179334	-0.213854	-0.242051	-0.25861	-0.259671	-0.243114	-0.215031	-0.174214	-0.12568	-0.0729301	0.00655076	0.118049	
-0.00375302	0.100445	0.178725	0.218754	0.20832	0.154281	0.0727235	-0.00944026	-0.0677147	-0.0977136	-0.114001	-0.1265	-0.144285	-0.167527	-0.185346	-0.19869	-0.203058	-0.195782	-0.171514	-0.138234	-0.098077	-0.0589988	-0.0221228	0.0400286	0.146689	
-0.151595	-0.0448694	0.0459534	0.10344	0.105524	0.0606504	-0.00944026	-0.0779043	-0.127775	-0.152934	-0.164403	-0.170096	-0.176149	-0.178408	-0.179695	-0.175547	-0.166864	-0.140835	-0.100293	-0.0590092	-0.0227459	0.00362277	0.0327579	0.0848856	0.180568	
-0.283533	-0.166642	-0.0623069	0.00350424	0.0214448	-0.0103425	-0.0677147	-0.127775	-0.177408	-0.208537	-0.224225	-0.223707	-0.217955	-0.20771	-0.202466	-0.184308	-0.152817	-0.104514	-0.0518425	-0.00932338	0.0274861	0.0559839	0.0882964	0.140934	0.222468	
-0.388095	-0.262397	-0.151526	-0.0740009	-0.0445836	-0.0584639	-0.0977136	-0.152934	-0.208537	-0.251143	-0.26909	-0.272058	-0.268538	-0.261451	-0.24806	-0.2129	-0.158162	-0.0976519	-0.039976	0.0120838	0.0621241	0.105751	0.146817	0.206822	0.281712	
-0.444923	-0.323823	-0.216754	-0.134189	-0.0925736	-0.0875782	-0.114001	-0.164403	-0.224225	-0.26909	-0.299303	-0.319838	-0.334604	-0.335742	-0.314605	-0.266635	-0.198105	-0.127957	-0.0555313	0.0128662	0.0814967	0.144762	0.2076	0.280941	0.355636	
-0.467746	-0.363743	-0.266773	-0.184979	-0.136711	-0.113615	-0.1265	-0.170096	-0.223707	-0.272058	-0.319838	-0.368413	-0.410369	-0.428294	-0.412149	-0.356758	-0.277087	-0.184889	-0.0924316	-0.00618204	0.0847964	0.176963	0.268783	0.352404	0.431329	
-0.47458	-0.397133	-0.307606	-0.228206	-0.174117	-0.142664	-0.144285	-0.176149	-0.217955	-0.268538	-0.334604	-0.410369	-0.484924	-0.526013	-0.521739	-0.462543	-0.37027	-0.260753	-0.150656	-0.0438247	0.073555	0.193912	0.307302	0.403597	0.492546	
-0.477396	-0.420916	-0.34372	-0.272283	-0.215719	-0.179334	-0.167527	-0.178408	-0.20771	-0.261451	-0.335742	-0.428294	-0.526013	-0.592855	-0.601903	-0.545471	-0.450878	-0.337004	-0.213728	-0.0872751	0.0460397	0.182358	0.313503	0.428486	0.524458	
-0.475719	-0.436342	-0.373563	-0.308955	-0.256807	-0.213854	-0.185346	-0.179695	-0.202466	-0.24806	-0.314605	-0.412149	-0.521739	-0.601903	-0.619875	-0.578571	-0.494717	-0.386108	-0.259912	-0.128424	0.00684259	0.152128	0.295308	0.419191	0.513061	
-0.451944	-0.429841	-0.39048	-0.341003	-0.290388	-0.242051	-0.19869	-0.175547	-0.184308	-0.2129	-0.266635	-0.356758	-0.462543	-0.545471	-0.578571	-0.557028	-0.49298	-0.401682	-0.292631	-0.168344	-0.0307973	0.113555	0.253403	0.370024	0.457928	
-0.411979	-0.407801	-0.392303	-0.358978	-0.313762	-0.25861	-0.203058	-0.166864	-0.152817	-0.158162	-0.198105	-0.277087	-0.37027	-0.450878	-0.494717	-0.49298	-0.453461	-0.387757	-0.297222	-0.180561	-0.0497552	0.0780843	0.196674	0.299111	0.368774	
-0.359778	-0.376924	-0.377892	-0.358891	-0.316399	-0.259671	-0.195782	-0.140835	-0.104514	-0.0976519	-0.127957	-0.184889	-0.260753	-0.337004	-0.386108	-0.401682	-0.387757	-0.338525	-0.25698	-0.150741	-0.041263	0.0591286	0.146919	0.215662	0.250234	
-0.298667	-0.330786	-0.345086	-0.33946	-0.302853	-0.243114	-0.171514	-0.100293	-0.0518425	-0.039976	-0.0555313	-0.0924316	-0.150656	-0.213728	-0.259912	-0.292631	-0.297222	-0.25698	-0.181431	-0.0937482	-0.0073957	0.0656389	0.109081	0.124867	0.104732	
-0.233402	-0.273171	-0.291263	-0.293888	-0.267718	-0.215031	-0.138234	-0.0590092	-0.00932338	0.0120838	0.0128662	-0.00618204	-0.0438247	-0.0872751	-0.128424	-0.168344	-0.180561	-0.150741	-0.0937482	-0.0254251	0.0387143	0.0813849	0.0771435	0.0314515	-0.0483681	
-0.167143	-0.209567	-0.230902	-0.238166	-0.220635	-0.174214	-0.098077	-0.0227459	0.0274861	0.0621241	0.0814967	0.0847964	0.073555	0.0460397	0.00684259	-0.0307973	-0.0497552	-0.041263	-0.0073957	0.0387143	0.0750505	0.0795576	0.0321897	-0.0633807	-0.19955	
-0.0925633	-0.145163	-0.173587	-0.183888	-0.169991	-0.12568	-0.0589988	0.00362277	0.0559839	0.105751	0.144762	0.176963	0.193912	0.182358	0.152128	0.113555	0.0780843	0.0591286	0.0656389	0.0813849	0.0795576	0.0430165	-0.0433408	-0.175833	-0.353111	
0.00172275	-0.064723	-0.106885	-0.123322	-0.109071	-0.0729301	-0.0221228	0.0327579	0.0882964	0.146817	0.2076	0.268783	0.307302	0.313503	0.295308	0.253403	0.196674	0.146919	0.109081	0.0771435	0.0321897	-0.0433408	-0.161157	-0.321253	-0.521238	
0.0956679	0.0241839	-0.0267564	-0.0413225	-0.0234817	0.00655076	0.0400286	0.0848856	0.140934	0.206822	0.280941	0.352404	0.403597	0.428486	0.419191	0.370024	0.299111	0.215662	0.124867	0.0314515	-0.0633807	-0.175833	-0.321253	-0.497011	-0.701904	
0.189161	0.121827	0.0743577	0.0658882	0.0898077	0.118049	0.146689	0.180568	0.222468	0.281712	0.355636	0.431329	0.492546	0.524458	0.513061	0.457928	0.368774	0.250234	0.104732	-0.0483681	-0.19955	-0.353111	-0.521238	-0.701904	-0.878148	
0.259998	0.213174	0.180768	0.18479	0.218076	0.258252	0.287134	0.308295	0.337132	0.381455	0.438916	0.503057	0.561186	0.591234	0.575978	0.512672	0.400842	0.242627	0.0533722	-0.152606	-0.354193	-0.544432	-0.728646	-0.897578	-1.03399	
0.298293	0.285624	0.284698	0.306575	0.35225	0.407046	0.446146	0.465982	0.483226	0.50612	0.536073	0.573222	0.60896	0.623619	0.600848	0.52637	0.389993	0.198501	-0.0295335	-0.272395	-0.510765	-0.725665	-0.907442	-1.05372	-1.15312	
0.325382	0.342886	0.366386	0.407975	0.472348	0.544682	0.595287	0.619197	0.627395	0.624177	0.621253	0.625062	0.633955	0.63035	0.588239	0.49301	0.337347	0.125234	-0.123768	-0.386963	-0.646103	-0.874835	-1.0445	-1.16078	-1.22469	
0.355246	0.387924	0.425075	0.484137	0.562945	0.647113	0.707563	0.736386	0.73634	0.709046	0.67454	0.647889	0.63517	0.613697	0.550548	0.434119	0.265448	0.04478	-0.211234	-0.481162	-0.745645	-0.974321	-1.13439	-1.22707	-1.25425	
0.375683	0.418217	0.464054	0.53213	0.618381	0.704858	0.772188	0.808816	0.806882	0.764851	0.70645	0.656413	0.625075	0.587943	0.51204	0.386976	0.210434	-0.0135885	-0.274353	-0.546996	-0.805004	-1.02217	-1.17607	-1.26028	-1.26269	
0.378752	0.422284	0.468071	0.54024	0.627978	0.716068	0.782629	0.820177	0.821045	0.777172	0.713962	0.657549	0.621467	0.582329	0.504956	0.377414	0.200272	-0.0249527	-0.284845	-0.559287	-0.81521	-1.02787	-1.18135	-1.26438	-1.26402	
0.365535	0.403336	0.445208	0.507441	0.59004	0.675295	0.740029	0.77241	0.76915	0.733922	0.68892	0.65253	0.631524	0.602642	0.533448	0.412282	0.238787	0.0174258	-0.240965	-0.512374	-0.775392	-0.999782	-1.15641	-1.24483	-1.25931	
0.336887	0.361758	0.39143	0.441018	0.512443	0.590867	0.644977	0.670367	0.675826	0.662778	0.64647	0.637002	0.636657	0.626219	0.575031	0.470553	0.30941	0.0924089	-0.16014	-0.426889	-0.689907	-0.920979	-1.08663	-1.19143	-1.24005	
0.309398	0.310105	0.32095	0.351028	0.403044	0.464878	0.509288	0.530232	0.543452	0.556219	0.573741	0.597674	0.622276	0.629187	0.599523	0.518166	0.373892	0.171857	-0.0675982	-0.320284	-0.568739	-0.790835	-0.968229	-1.10223	-1.1877	
0.27843	0.244453	0.22378	0.233766	0.272025	0.317408	0.349681	0.369204	0.392794	0.429268	0.476341	0.531792	0.583011	0.608129	0.590671	0.523932	0.401703	0.229457	0.0234681	-0.199414	-0.417807	-0.619397	-0.804282	-0.965907	-1.0869	
0.221728	0.160012	0.116204	0.112701	0.139557	0.171995	0.19953	0.227107	0.263904	0.317774	0.387798	0.460455	0.522182	0.554926	0.542482	0.484216	0.386103	0.251436	0.0884085	-0.0872805	-0.260361	-0.429538	-0.605929	-0.783306	-0.943587	
0.133194	0.0630586	0.0133185	-0.000690721	0.0193677	0.0468968	0.0779833	0.118976	0.16945	0.234962	0.310736	0.385105	0.440704	0.469425	0.459848	0.408652	0.33131	0.234628	0.120227	0.00268976	-0.114319	-0.243182	-0.397918	-0.577423	-0.773355	
0.0400644	-0.0306895	-0.0783601	-0.0943631	-0.0787575	-0.0445376	-0.00188072	0.0485463	0.106077	0.168181	0.23648	0.302943	0.346988	0.362034	0.348198	0.303255	0.240868	0.177725	0.119409	0.0636403	4.45801e-05	-0.089953	-0.21963	-0.387218	-0.592781	
-0.0568596	-0.114483	-0.147014	-0.16039	-0.147572	-0.106482	-0.0446415	0.0147906	0.0675977	0.12083	0.168593	0.214458	0.241028	0.236018	0.210776	0.171399	0.12663	0.0955823	0.0862256	0.0855633	0.0667868	0.0139009	-0.0856626	-0.230414	-0.41863	
-0.139228	-0.185406	-0.209365	-0.217058	-0.200718	-0.154532	-0.0821195	-0.0120119	0.0401838	0.0814423	0.10816	0.122111	0.122335	0.100569	0.0635838	0.026688	0.00239372	9.20894e-05	0.0245368	0.060421	0.0822722	0.0700149	0.00674146	-0.104849	-0.259602	
-0.206813	-0.247603	-0.26608	-0.270975	-0.249799	-0.200402	-0.122265	-0.0434137	0.00549384	0.0311987	0.0402236	0.0290897	0.00160929	-0.0349188	-0.0753823	-0.11458	-0.128879	-0.106268	-0.0586532	0.00149836	0.0553307	0.0836191	0.0615677	-0.00587186	-0.109201	
-0.273079	-0.308821	-0.325767	-0.324521	-0.291149	-0.233627	-0.159434	-0.0834107	-0.0337835	-0.0181593	-0.0280528	-0.0578005	-0.108704	-0.163538	-0.207157	-0.244806	-0.253561	-0.216524	-0.147172	-0.0668512	0.0109544	0.0729114	0.0968863	0.087154	0.043628	
-0.336127	-0.360303	-0.366905	-0.353519	-0.313061	-0.254309	-0.187389	-0.125615	-0.0829214	-0.0744928	-0.0982167	-0.146484	-0.216004	-0.288438	-0.337296	-0.35976	-0.354598	-0.309839	-0.229865	-0.130626	-0.0306543	0.0587051	0.129983	0.179729	0.194124	
-0.393286	-0.397142	-0.388635	-0.360764	-0.317695	-0.26152	-0.20216	-0.159109	-0.135526	-0.133827	-0.170567	-0.241191	-0.327315	-0.406395	-0.453643	-0.459572	-0.429726	-0.371768	-0.285917	-0.172915	-0.0497193	0.0674492	0.175401	0.26739	0.325128	
-0.436751	-0.422074	-0.393294	-0.350741	-0.301473	-0.249794	-0.201621	-0.173181	-0.173064	-0.192767	-0.23991	-0.32717	-0.428626	-0.510963	-0.548958	-0.535197	-0.481055	-0.400077	-0.29947	-0.177924	-0.0410575	0.0980904	0.231148	0.343412	0.425846	
-0.469555	-0.437172	-0.38208	-0.322029	-0.270631	-0.226115	-0.191296	-0.178278	-0.19691	-0.236638	-0.29843	-0.393478	-0.503519	-0.586669	-0.609863	-0.575932	-0.499371	-0.396226	-0.275535	-0.145648	-0.00956513	0.137148	0.281072	0.403175	0.495689	
-0.477756	-0.428355	-0.357368	-0.288972	-0.233161	-0.193422	-0.175526	-0.179859	-0.206296	-0.257661	-0.331459	-0.426668	-0.530229	-0.604445	-0.617822	-0.56624	-0.473426	-0.360348	-0.233367	-0.103504	0.0312923	0.172228	0.309284	0.429764	0.525656	
-0.475807	-0.407671	-0.32208	-0.244727	-0.189969	-0.157195	-0.153583	-0.176744	-0.21412	-0.266192	-0.336997	-0.421097	-0.506649	-0.558335	-0.55932	-0.500138	-0.40561	-0.29306	-0.176547	-0.0617303	0.0638538	0.191958	0.313143	0.416937	0.509448	
-0.472468	-0.378068	-0.284955	-0.203062	-0.152372	-0.124272	-0.132621	-0.172473	-0.221514	-0.270742	-0.326177	-0.386846	-0.442108	-0.468637	-0.456392	-0.399412	-0.314152	-0.213579	-0.113473	-0.0195845	0.0823189	0.186888	0.288433	0.376325	0.458372	
-0.456952	-0.341143	-0.237178	-0.155483	-0.110314	-0.0979027	-0.119063	-0.166724	-0.225775	-0.272498	-0.309268	-0.339254	-0.363376	-0.37095	-0.350226	-0.298499	-0.225886	-0.147795	-0.0680991	0.00763885	0.0846981	0.158074	0.23232	0.310599	0.386849	
