-0.00545896	-0.093603	-0.159574	-0.207551	-0.241225	-0.246738	-0.223683	-0.179912	-0.122939	-0.0425312	0.049862	0.129772	0.18864	0.241822	0.305207	0.356638	0.395193	0.421913	0.447261	0.468963	0.483744	0.485638	0.474636	0.452346	0.413033	
-0.00382427	-0.119971	-0.206369	-0.262316	-0.292974	-0.299372	-0.277504	-0.232397	-0.158061	-0.0531822	0.0740372	0.195505	0.288619	0.360395	0.420742	0.456527	0.468578	0.466154	0.454848	0.439103	0.415178	0.383541	0.351706	0.321105	0.27581	
-0.00148204	-0.138621	-0.239032	-0.306103	-0.345571	-0.353286	-0.325082	-0.269648	-0.183314	-0.0603454	0.0930394	0.247557	0.372176	0.466283	0.531077	0.556576	0.538955	0.498795	0.447643	0.395428	0.33676	0.272013	0.220188	0.173842	0.122071	
0.00372285	-0.15021	-0.260827	-0.335892	-0.385105	-0.393781	-0.359751	-0.293807	-0.199934	-0.0626574	0.109871	0.285218	0.431051	0.538127	0.603237	0.615931	0.580061	0.51271	0.424459	0.333419	0.246094	0.161736	0.0897387	0.0266517	-0.0344934	
0.00475603	-0.151178	-0.272661	-0.36294	-0.420227	-0.431461	-0.390289	-0.31205	-0.204269	-0.0616109	0.113595	0.299935	0.456939	0.566218	0.62424	0.629493	0.577282	0.486142	0.375593	0.257666	0.14337	0.040015	-0.0465186	-0.119859	-0.185259	
-0.00164987	-0.157515	-0.287575	-0.39092	-0.461458	-0.474509	-0.424623	-0.331216	-0.213041	-0.0666005	0.101127	0.276129	0.430885	0.539837	0.594558	0.590959	0.527822	0.419927	0.29015	0.152886	0.0242018	-0.0898802	-0.186583	-0.264195	-0.323602	
-0.036755	-0.185275	-0.318946	-0.429333	-0.505274	-0.519151	-0.464949	-0.365529	-0.241556	-0.0974467	0.0584735	0.217305	0.359296	0.461809	0.513863	0.505832	0.437643	0.320943	0.182484	0.0365593	-0.0997882	-0.222231	-0.328839	-0.407321	-0.463438	
-0.0982212	-0.237805	-0.371119	-0.479739	-0.54871	-0.559793	-0.51404	-0.417377	-0.293205	-0.15392	-0.0132935	0.127584	0.254429	0.343263	0.390668	0.377193	0.311409	0.200385	0.0655114	-0.0834646	-0.225153	-0.351175	-0.462355	-0.53707	-0.586586	
-0.168873	-0.299273	-0.430029	-0.531338	-0.589492	-0.600512	-0.559569	-0.475339	-0.353595	-0.220209	-0.0935862	0.02541	0.130812	0.20977	0.247631	0.234582	0.173625	0.0771955	-0.0490521	-0.195334	-0.340677	-0.472082	-0.578172	-0.641032	-0.679116	
-0.222338	-0.341072	-0.46183	-0.550863	-0.600897	-0.608859	-0.576793	-0.501812	-0.391342	-0.26796	-0.159399	-0.0641781	0.0199619	0.0840655	0.113748	0.0956299	0.0379	-0.0460235	-0.157357	-0.293477	-0.432464	-0.562305	-0.662079	-0.718329	-0.74399	
-0.237283	-0.338865	-0.440875	-0.509403	-0.541384	-0.544428	-0.526706	-0.472592	-0.382348	-0.275553	-0.18541	-0.111975	-0.0505217	-0.00948948	0.00431261	-0.0190661	-0.0707004	-0.144538	-0.245475	-0.372874	-0.503308	-0.617139	-0.700245	-0.750429	-0.773776	
-0.198582	-0.274016	-0.345201	-0.383621	-0.391567	-0.391085	-0.389845	-0.36485	-0.305004	-0.226711	-0.161569	-0.112103	-0.0728411	-0.0494558	-0.0520465	-0.0801775	-0.126866	-0.19695	-0.292671	-0.410534	-0.528019	-0.627656	-0.694497	-0.736706	-0.76274	
-0.101401	-0.137483	-0.163501	-0.170221	-0.16402	-0.161098	-0.169235	-0.168266	-0.150055	-0.115356	-0.0809454	-0.0554596	-0.0358842	-0.0244745	-0.0323888	-0.067094	-0.116879	-0.18509	-0.274784	-0.387154	-0.497708	-0.588011	-0.654879	-0.700712	-0.724506	
0.0712562	0.0761944	0.0863706	0.109231	0.134834	0.14139	0.120072	0.0945553	0.0788584	0.0724763	0.0692967	0.0666188	0.0661187	0.0579364	0.0401842	0.010018	-0.0388216	-0.114429	-0.205716	-0.312806	-0.422592	-0.516721	-0.592672	-0.647283	-0.662125	
0.303961	0.336827	0.378438	0.422852	0.455359	0.460711	0.438248	0.396322	0.352914	0.31658	0.284736	0.254799	0.229557	0.20253	0.174666	0.142176	0.0922764	0.00939226	-0.0910744	-0.202421	-0.322403	-0.426291	-0.510789	-0.563407	-0.566517	
0.567299	0.626897	0.68603	0.731912	0.760448	0.76522	0.747135	0.704722	0.65152	0.590985	0.534728	0.485186	0.442574	0.409666	0.369147	0.317984	0.247253	0.153332	0.03685	-0.0800735	-0.201059	-0.317755	-0.407787	-0.454846	-0.445365	
0.835239	0.908078	0.97155	1.01286	1.04074	1.04613	1.0263	0.989759	0.93649	0.863437	0.796812	0.741537	0.682425	0.633103	0.580174	0.507365	0.406577	0.290492	0.160959	0.03762	-0.0834465	-0.2063	-0.294406	-0.338295	-0.318035	
1.07972	1.1448	1.19667	1.231	1.2548	1.26013	1.24164	1.21253	1.16791	1.10566	1.04095	0.980581	0.917714	0.855696	0.78546	0.690982	0.571575	0.435486	0.292745	0.160875	0.0259249	-0.107186	-0.19698	-0.234506	-0.207489	
1.26824	1.31968	1.35614	1.37726	1.38439	1.3851	1.38108	1.36648	1.33625	1.29093	1.23122	1.16885	1.1144	1.05299	0.968396	0.857992	0.729894	0.581272	0.42348	0.273002	0.122278	-0.0192379	-0.11931	-0.156123	-0.127219	
1.3825	1.41499	1.43572	1.44266	1.44058	1.43858	1.44389	1.43938	1.42468	1.39705	1.35727	1.30985	1.26068	1.20462	1.12033	1.00788	0.869799	0.713512	0.541688	0.362861	0.188544	0.0412251	-0.0605096	-0.100043	-0.0684536	
1.42778	1.43698	1.43455	1.42811	1.43177	1.43204	1.42937	1.43046	1.4385	1.43201	1.41865	1.39605	1.36187	1.31828	1.24252	1.13374	0.990054	0.824732	0.634049	0.431734	0.233448	0.0747586	-0.0200306	-0.0631124	-0.0334429	
1.41262	1.39803	1.37873	1.3554	1.34998	1.34906	1.3516	1.3673	1.39249	1.40665	1.4227	1.43459	1.42623	1.39655	1.32905	1.22582	1.08727	0.911736	0.700721	0.481066	0.267461	0.0990211	0.000251442	-0.0462965	-0.0261477	
1.36553	1.31212	1.26604	1.23348	1.21594	1.21534	1.22457	1.25104	1.29207	1.34412	1.39505	1.43205	1.44806	1.43439	1.38063	1.28672	1.15712	0.978477	0.755484	0.521166	0.298329	0.119227	0.000278204	-0.0565833	-0.0504172	
1.28054	1.19337	1.12271	1.0793	1.05177	1.0467	1.06566	1.10332	1.16183	1.24537	1.32983	1.39707	1.43588	1.44039	1.40794	1.33261	1.21049	1.03783	0.816833	0.565808	0.327852	0.130658	-0.00884071	-0.0831245	-0.0956712	
1.16654	1.06461	0.977281	0.919019	0.888698	0.882448	0.903637	0.950601	1.02671	1.12447	1.22974	1.32669	1.39471	1.42664	1.42391	1.37531	1.26586	1.09877	0.875246	0.617853	0.366673	0.143109	-0.0238526	-0.118983	-0.15458	
1.04108	0.931065	0.841741	0.777449	0.746171	0.740041	0.762251	0.812002	0.892875	0.994669	1.11598	1.23788	1.3359	1.39792	1.42679	1.40951	1.3227	1.16335	0.938029	0.675001	0.407008	0.158492	-0.0414391	-0.167726	-0.228102	
0.931065	0.809787	0.718151	0.655344	0.620502	0.61493	0.638413	0.689272	0.769268	0.880147	1.01091	1.14278	1.26726	1.36856	1.42783	1.43245	1.36752	1.22264	1.00963	0.743026	0.451016	0.175871	-0.0601345	-0.22865	-0.321124	
0.841741	0.718151	0.621176	0.553823	0.511838	0.50632	0.532086	0.59154	0.675659	0.789885	0.922199	1.06327	1.21115	1.33862	1.41929	1.44284	1.39859	1.26859	1.06913	0.806087	0.501171	0.199635	-0.0697025	-0.28241	-0.413066	
0.777449	0.655344	0.553823	0.476989	0.430983	0.424057	0.453941	0.520549	0.611533	0.726088	0.859855	1.01399	1.1746	1.31154	1.40573	1.44455	1.41385	1.29833	1.10861	0.849715	0.548555	0.23297	-0.0648342	-0.307822	-0.469637	
0.746171	0.620502	0.511838	0.430983	0.383856	0.375478	0.408061	0.475894	0.574109	0.694455	0.829447	0.984269	1.15286	1.30135	1.4069	1.44592	1.41492	1.31621	1.1365	0.877411	0.579404	0.263763	-0.0515508	-0.309986	-0.491672	
0.740041	0.61493	0.50632	0.424057	0.375478	0.364861	0.400444	0.469984	0.568992	0.68846	0.822595	0.978821	1.1502	1.30087	1.40675	1.44494	1.41378	1.31991	1.14302	0.881698	0.584621	0.270211	-0.0467931	-0.308508	-0.493426	
0.762251	0.638413	0.532086	0.453941	0.408061	0.400444	0.431239	0.497973	0.592799	0.710406	0.844872	0.9993	1.1636	1.30572	1.40533	1.44624	1.41572	1.30682	1.12113	0.863971	0.564328	0.246628	-0.0605425	-0.31071	-0.48241	
0.812002	0.689272	0.59154	0.520549	0.475894	0.469984	0.497973	0.560621	0.64653	0.760621	0.893537	1.04082	1.1949	1.32575	1.41186	1.44333	1.40655	1.28245	1.08674	0.824571	0.520258	0.212065	-0.069033	-0.296107	-0.440255	
0.892875	0.769268	0.675659	0.611533	0.574109	0.568992	0.592799	0.64653	0.727665	0.841372	0.97267	1.10754	1.24238	1.35741	1.42707	1.43845	1.38173	1.24309	1.03648	0.770371	0.470833	0.18438	-0.0658697	-0.252685	-0.360703	
0.994669	0.880147	0.789885	0.726088	0.694455	0.68846	0.710406	0.760621	0.841372	0.946134	1.07216	1.19964	1.30861	1.38599	1.42749	1.42003	1.34243	1.18829	0.965925	0.701339	0.423943	0.164846	-0.049107	-0.190633	-0.263071	
1.11598	1.01091	0.922199	0.859855	0.829447	0.822595	0.844872	0.893537	0.97267	1.07216	1.18458	1.29337	1.37294	1.41588	1.42526	1.39009	1.28929	1.1246	0.899017	0.639015	0.382771	0.14905	-0.0304742	-0.136566	-0.181465	
1.23788	1.14278	1.06327	1.01399	0.984269	0.978821	0.9993	1.04082	1.10754	1.19964	1.29337	1.37163	1.42241	1.4377	1.41674	1.3505	1.23151	1.06198	0.841289	0.58712	0.342172	0.135179	-0.0146559	-0.0965654	-0.118463	
1.3359	1.26726	1.21115	1.1746	1.15286	1.1502	1.1636	1.1949	1.24238	1.30861	1.37294	1.42241	1.44723	1.43945	1.39266	1.3055	1.17909	1.00211	0.779215	0.536875	0.309812	0.12436	-0.00237024	-0.0657604	-0.0660879	
1.39792	1.36856	1.33862	1.31154	1.30135	1.30087	1.30572	1.32575	1.35741	1.38599	1.41588	1.4377	1.43945	1.4165	1.35459	1.25408	1.11857	0.9402	0.722557	0.498445	0.28051	0.107592	0.00130134	-0.0470496	-0.0327701	
1.42679	1.42783	1.41929	1.40573	1.4069	1.40675	1.40533	1.41186	1.42707	1.42749	1.42526	1.41674	1.39266	1.35459	1.28101	1.17391	1.03193	0.862913	0.66373	0.452922	0.247799	0.0851811	-0.00866817	-0.0531319	-0.0262467	
1.40951	1.43245	1.44284	1.44455	1.44592	1.44494	1.44624	1.44333	1.43845	1.42003	1.39009	1.3505	1.3055	1.25408	1.17391	1.06238	0.919868	0.759815	0.582139	0.393856	0.207906	0.056627	-0.0426498	-0.0837716	-0.0518221	
1.3227	1.36752	1.39859	1.41385	1.41492	1.41378	1.41572	1.40655	1.38173	1.34243	1.28929	1.23151	1.17909	1.11857	1.03193	0.919868	0.788443	0.636597	0.472276	0.310886	0.152661	0.00916195	-0.0933086	-0.131271	-0.100945	
1.16335	1.22264	1.26859	1.29833	1.31621	1.31991	1.30682	1.28245	1.24309	1.18829	1.1246	1.06198	1.00211	0.9402	0.862913	0.759815	0.636597	0.495016	0.34693	0.20869	0.0675462	-0.0703866	-0.164159	-0.19988	-0.172237	
0.938029	1.00963	1.06913	1.10861	1.1365	1.14302	1.12113	1.08674	1.03648	0.965925	0.899017	0.841289	0.779215	0.722557	0.66373	0.582139	0.472276	0.34693	0.212217	0.0864631	-0.0396373	-0.164678	-0.25201	-0.29365	-0.270737	
0.675001	0.743026	0.806087	0.849715	0.877411	0.881698	0.863971	0.824571	0.770371	0.701339	0.639015	0.58712	0.536875	0.498445	0.452922	0.393856	0.310886	0.20869	0.0864631	-0.0331206	-0.152587	-0.272583	-0.36233	-0.408937	-0.393806	
0.407008	0.451016	0.501171	0.548555	0.579404	0.584621	0.564328	0.520258	0.470833	0.423943	0.382771	0.342172	0.309812	0.28051	0.247799	0.207906	0.152661	0.0675462	-0.0396373	-0.152587	-0.276014	-0.384779	-0.472158	-0.521917	-0.520395	
0.158492	0.175871	0.199635	0.23297	0.263763	0.270211	0.246628	0.212065	0.18438	0.164846	0.14905	0.135179	0.12436	0.107592	0.0851811	0.056627	0.00916195	-0.0703866	-0.164678	-0.272583	-0.384779	-0.482877	-0.561922	-0.61709	-0.627855	
-0.0414391	-0.0601345	-0.0697025	-0.0648342	-0.0515508	-0.0467931	-0.0605425	-0.069033	-0.0658697	-0.049107	-0.0304742	-0.0146559	-0.00237024	0.00130134	-0.00866817	-0.0426498	-0.0933086	-0.164159	-0.25201	-0.36233	-0.472158	-0.561922	-0.632217	-0.682424	-0.702919	
-0.167726	-0.22865	-0.28241	-0.307822	-0.309986	-0.308508	-0.31071	-0.296107	-0.252685	-0.190633	-0.136566	-0.0965654	-0.0657604	-0.0470496	-0.0531319	-0.0837716	-0.131271	-0.19988	-0.29365	-0.408937	-0.521917	-0.61709	-0.682424	-0.723968	-0.749231	
-0.228102	-0.321124	-0.413066	-0.469637	-0.491672	-0.493426	-0.48241	-0.440255	-0.360703	-0.263071	-0.181465	-0.118463	-0.0660879	-0.0327701	-0.0262467	-0.0518221	-0.100945	-0.172237	-0.270737	-0.393806	-0.520395	-0.627855	-0.702919	-0.749231	-0.77405	
