1.04834	1.10797	1.12206	1.12159	1.10619	1.07147	1.00777	0.912678	0.792815	0.664414	0.531635	0.408755	0.310243	0.241018	0.19445	0.188528	0.210259	0.243731	0.269546	0.271809	0.243531	0.192734	0.115318	0.0064333	-0.131699	
1.10797	1.14662	1.14949	1.13724	1.10977	1.0627	0.982678	0.875826	0.757328	0.633965	0.508884	0.395539	0.310033	0.250089	0.212737	0.21416	0.233045	0.254019	0.264373	0.253468	0.218085	0.166117	0.0968121	0.00381407	-0.106238	
1.12206	1.14949	1.14041	1.11024	1.06264	0.990615	0.894365	0.785272	0.67833	0.563825	0.446649	0.346935	0.275999	0.232038	0.211244	0.224964	0.246542	0.258588	0.258139	0.233443	0.194545	0.144262	0.0809633	0.00561411	-0.0738399	
1.12159	1.13724	1.11024	1.05422	0.97412	0.870596	0.756794	0.6482	0.54902	0.447898	0.350537	0.267717	0.210152	0.182774	0.179106	0.207557	0.240171	0.257092	0.252353	0.221474	0.183904	0.135999	0.0733725	0.00794497	-0.0476322	
1.10619	1.10977	1.06264	0.97412	0.854883	0.72411	0.590936	0.47326	0.375186	0.290109	0.214922	0.154	0.120832	0.117135	0.132884	0.176977	0.221205	0.244021	0.236572	0.204789	0.172077	0.128216	0.0665754	0.00854247	-0.0303252	
1.07147	1.0627	0.990615	0.870596	0.72411	0.566554	0.411036	0.281265	0.180788	0.108362	0.0558605	0.0220678	0.0217361	0.0449187	0.0814921	0.13734	0.191434	0.219986	0.212724	0.182636	0.148942	0.10269	0.0425715	-0.00395827	-0.0249766	
1.00777	0.982678	0.894365	0.756794	0.590936	0.411036	0.239395	0.101551	0.00203175	-0.0628759	-0.10045	-0.10374	-0.0682246	-0.0100407	0.0528562	0.11502	0.168881	0.19623	0.187351	0.159941	0.125397	0.076899	0.0215456	-0.015212	-0.028755	
0.912678	0.875826	0.785272	0.6482	0.47326	0.281265	0.101551	-0.0369884	-0.131734	-0.189011	-0.214105	-0.195514	-0.128861	-0.0387288	0.0472813	0.118818	0.172363	0.194532	0.181782	0.151642	0.109921	0.0618405	0.0164476	-0.0157592	-0.0230845	
0.792815	0.757328	0.67833	0.54902	0.375186	0.180788	0.00203175	-0.131734	-0.210638	-0.252359	-0.26116	-0.22396	-0.144585	-0.0400297	0.0615022	0.137575	0.187965	0.204415	0.184166	0.145796	0.102837	0.0609929	0.022835	-0.00355864	-0.00522983	
0.664414	0.633965	0.563825	0.447898	0.290109	0.108362	-0.0628759	-0.189011	-0.252359	-0.268731	-0.255148	-0.20589	-0.125721	-0.0245962	0.0796873	0.152566	0.196666	0.205901	0.181574	0.142846	0.101181	0.0657626	0.0329284	0.0137421	0.0195595	
0.531635	0.508884	0.446649	0.350537	0.214922	0.0558605	-0.10045	-0.214105	-0.26116	-0.255148	-0.224003	-0.17732	-0.105343	-0.012194	0.0832449	0.150902	0.185007	0.183572	0.155772	0.119202	0.0782117	0.0484705	0.0315233	0.0275286	0.0481509	
0.408755	0.395539	0.346935	0.267717	0.154	0.0220678	-0.10374	-0.195514	-0.22396	-0.20589	-0.17732	-0.139225	-0.0806063	-0.00438259	0.074785	0.127128	0.13929	0.118952	0.0839676	0.0453973	0.013028	0.00198425	0.0111514	0.038897	0.0769072	
0.310243	0.310033	0.275999	0.210152	0.120832	0.0217361	-0.0682246	-0.128861	-0.144585	-0.125721	-0.105343	-0.0806063	-0.0360347	0.0138297	0.0652421	0.0865227	0.0650729	0.0168143	-0.0322738	-0.0675674	-0.0838554	-0.0656739	-0.0182608	0.0427212	0.105807	
0.241018	0.250089	0.232038	0.182774	0.117135	0.0449187	-0.0100407	-0.0387288	-0.0400297	-0.0245962	-0.012194	-0.00438259	0.0138297	0.0365348	0.0505319	0.0313533	-0.026106	-0.102423	-0.16509	-0.199747	-0.193524	-0.144651	-0.0617409	0.0369419	0.129268	
0.19445	0.212737	0.211244	0.179106	0.132884	0.0814921	0.0528562	0.0472813	0.0615022	0.0796873	0.0832449	0.074785	0.0652421	0.0505319	0.0189005	-0.0461084	-0.135382	-0.227789	-0.297309	-0.325708	-0.298547	-0.223665	-0.113877	0.0177924	0.14792	
0.188528	0.21416	0.224964	0.207557	0.176977	0.13734	0.11502	0.118818	0.137575	0.152566	0.150902	0.127128	0.0865227	0.0313533	-0.0461084	-0.150889	-0.258342	-0.354373	-0.417946	-0.427643	-0.378432	-0.284933	-0.154977	0.00412987	0.169274	
0.210259	0.233045	0.246542	0.240171	0.221205	0.191434	0.168881	0.172363	0.187965	0.196666	0.185007	0.13929	0.0650729	-0.026106	-0.135382	-0.258342	-0.373008	-0.46856	-0.516072	-0.501134	-0.432628	-0.318687	-0.165815	0.0164799	0.213072	
0.243731	0.254019	0.258588	0.257092	0.244021	0.219986	0.19623	0.194532	0.204415	0.205901	0.183572	0.118952	0.0168143	-0.102423	-0.227789	-0.354373	-0.46856	-0.551167	-0.58	-0.543572	-0.456532	-0.319718	-0.144805	0.057054	0.275857	
0.269546	0.264373	0.258139	0.252353	0.236572	0.212724	0.187351	0.181782	0.184166	0.181574	0.155772	0.0839676	-0.0322738	-0.16509	-0.297309	-0.417946	-0.516072	-0.58	-0.592767	-0.542676	-0.443507	-0.289103	-0.0981466	0.113847	0.343636	
0.271809	0.253468	0.233443	0.221474	0.204789	0.182636	0.159941	0.151642	0.145796	0.142846	0.119202	0.0453973	-0.0675674	-0.199747	-0.325708	-0.427643	-0.501134	-0.543572	-0.542676	-0.491126	-0.389209	-0.23657	-0.0462096	0.173699	0.408835	
0.243531	0.218085	0.194545	0.183904	0.172077	0.148942	0.125397	0.109921	0.102837	0.101181	0.0782117	0.013028	-0.0838554	-0.193524	-0.298547	-0.378432	-0.432628	-0.456532	-0.443507	-0.389209	-0.296909	-0.157887	0.0217626	0.230858	0.450662	
0.192734	0.166117	0.144262	0.135999	0.128216	0.10269	0.076899	0.0618405	0.0609929	0.0657626	0.0484705	0.00198425	-0.0656739	-0.144651	-0.223665	-0.284933	-0.318687	-0.319718	-0.289103	-0.23657	-0.157887	-0.0396511	0.11586	0.290973	0.465973	
0.115318	0.0968121	0.0809633	0.0733725	0.0665754	0.0425715	0.0215456	0.0164476	0.022835	0.0329284	0.0315233	0.0111514	-0.0182608	-0.0617409	-0.113877	-0.154977	-0.165815	-0.144805	-0.0981466	-0.0462096	0.0217626	0.11586	0.232932	0.353028	0.464262	
0.0064333	0.00381407	0.00561411	0.00794497	0.00854247	-0.00395827	-0.015212	-0.0157592	-0.00355864	0.0137421	0.0275286	0.038897	0.0427212	0.0369419	0.0177924	0.00412987	0.0164799	0.057054	0.113847	0.173699	0.230858	0.290973	0.353028	0.411174	0.45551	
-0.131699	-0.106238	-0.0738399	-0.0476322	-0.0303252	-0.0249766	-0.028755	-0.0230845	-0.00522983	0.0195595	0.0481509	0.0769072	0.105807	0.129268	0.14792	0.169274	0.213072	0.275857	0.343636	0.408835	0.450662	0.465973	0.464262	0.45551	0.438894	
-0.279825	-0.229739	-0.164926	-0.103501	-0.0516054	-0.0153876	-0.00193429	0.00904238	0.0218285	0.0426277	0.0763893	0.119486	0.167993	0.219007	0.26943	0.327566	0.406156	0.490709	0.567838	0.627244	0.650554	0.628816	0.568529	0.494109	0.414401	
-0.426875	-0.357072	-0.261581	-0.158057	-0.0620812	0.0145614	0.0530183	0.0687221	0.0732285	0.0832125	0.112264	0.161936	0.226013	0.29351	0.370834	0.461516	0.56823	0.672592	0.751918	0.802106	0.803151	0.750626	0.648558	0.520298	0.388975	
-0.562969	-0.477098	-0.347868	-0.198149	-0.0576903	0.0493119	0.109264	0.132167	0.136047	0.139864	0.162692	0.210529	0.275703	0.353851	0.449255	0.5618	0.68669	0.802315	0.886928	0.931786	0.914364	0.833218	0.698157	0.533479	0.363535	
-0.670474	-0.565034	-0.398271	-0.205818	-0.030421	0.0945685	0.166978	0.191246	0.190275	0.190064	0.205365	0.246837	0.314399	0.394648	0.497186	0.623036	0.761485	0.886009	0.982042	1.02221	0.993993	0.890325	0.726886	0.533794	0.335846	
-0.739292	-0.61648	-0.4225	-0.202043	-0.00567852	0.132052	0.214845	0.238474	0.231771	0.222851	0.230337	0.268426	0.334007	0.412909	0.515694	0.649421	0.801885	0.938737	1.0329	1.06541	1.02782	0.912028	0.73462	0.525629	0.312673	
-0.753247	-0.6263	-0.427249	-0.202944	-0.00186186	0.13886	0.224335	0.24746	0.24017	0.229744	0.23461	0.273162	0.338371	0.416321	0.517501	0.653536	0.809603	0.947404	1.04056	1.07163	1.02963	0.913455	0.735002	0.521662	0.307489	
-0.702097	-0.589175	-0.409718	-0.203964	-0.0182377	0.112739	0.189649	0.213148	0.209116	0.205258	0.217364	0.257102	0.32437	0.404093	0.507362	0.636588	0.781529	0.911697	1.00831	1.04505	1.01427	0.904109	0.731982	0.531871	0.325553	
-0.610709	-0.51736	-0.372659	-0.204959	-0.0490287	0.0664005	0.131727	0.156361	0.159069	0.162402	0.182285	0.22688	0.292831	0.373166	0.47253	0.591549	0.721834	0.840235	0.928913	0.973322	0.94977	0.858689	0.712185	0.534394	0.352431	
-0.483325	-0.407334	-0.299002	-0.177495	-0.0631742	0.0278133	0.0764333	0.0944119	0.0979937	0.104941	0.131278	0.181997	0.2467	0.319276	0.405351	0.50597	0.620767	0.73101	0.811749	0.85878	0.851653	0.787716	0.671256	0.527165	0.378912	
-0.339516	-0.280096	-0.202659	-0.125403	-0.0571463	-0.00496151	0.0184071	0.0313652	0.0396497	0.0556146	0.0891502	0.135502	0.192236	0.250389	0.312359	0.384314	0.476065	0.568738	0.647795	0.70319	0.717677	0.683426	0.604923	0.505986	0.403693	
-0.190726	-0.154908	-0.109299	-0.0698328	-0.0407603	-0.0245653	-0.0228662	-0.0151618	0.00235327	0.0275404	0.0592574	0.0948013	0.131117	0.166197	0.197793	0.234205	0.292301	0.364389	0.436232	0.500101	0.534684	0.533377	0.506911	0.471985	0.42974	
-0.0463368	-0.037839	-0.0251292	-0.0147688	-0.00945866	-0.0158565	-0.0244081	-0.0224212	-0.00749169	0.0129798	0.0331592	0.0518076	0.0676489	0.0746698	0.0712862	0.0704978	0.0937707	0.142876	0.203832	0.266977	0.319435	0.361735	0.398449	0.430191	0.450308	
0.0758277	0.0619215	0.0511375	0.0456677	0.0413812	0.0212153	0.00439633	0.00101475	0.0101138	0.0227399	0.0280407	0.021409	0.00561573	-0.0222611	-0.0625187	-0.0936961	-0.0950904	-0.0664693	-0.0148181	0.0387432	0.102659	0.185134	0.281625	0.377644	0.4616	
0.165698	0.141551	0.121019	0.112569	0.104919	0.0789492	0.054228	0.0436532	0.0451008	0.0518352	0.0401971	0.00280396	-0.0494985	-0.115408	-0.183584	-0.237265	-0.262114	-0.253609	-0.216101	-0.164379	-0.0906127	0.0185709	0.160975	0.315641	0.466068	
0.225873	0.198464	0.175407	0.166449	0.15746	0.133332	0.10812	0.0908957	0.0856881	0.0865387	0.0648945	0.0064788	-0.0810285	-0.17838	-0.273106	-0.34506	-0.392014	-0.407173	-0.387932	-0.333393	-0.246984	-0.115897	0.0561411	0.255152	0.459956	
0.263751	0.24236	0.219773	0.206691	0.191265	0.169096	0.146817	0.135468	0.128626	0.126414	0.10252	0.0303711	-0.0778057	-0.203473	-0.32215	-0.414874	-0.479699	-0.515289	-0.50868	-0.456016	-0.357531	-0.209156	-0.0220493	0.196131	0.429117	
0.274382	0.262671	0.250436	0.242108	0.224889	0.201779	0.17782	0.171533	0.169482	0.166697	0.142564	0.0689128	-0.0476796	-0.182386	-0.314105	-0.429469	-0.517224	-0.57191	-0.580029	-0.528515	-0.42605	-0.270404	-0.0774826	0.138687	0.371296	
0.255935	0.260698	0.261158	0.258472	0.24545	0.221232	0.196427	0.19279	0.200325	0.199556	0.173794	0.105789	-0.00406339	-0.130845	-0.260361	-0.385162	-0.494941	-0.570363	-0.591968	-0.549126	-0.457097	-0.31093	-0.12774	0.0778299	0.302642	
0.22315	0.241437	0.252258	0.24919	0.233247	0.206856	0.184135	0.185362	0.199539	0.20507	0.189058	0.134032	0.0475326	-0.0561204	-0.173015	-0.298966	-0.4146	-0.506335	-0.546149	-0.522655	-0.445642	-0.32332	-0.161377	0.0304655	0.236855	
0.194448	0.221326	0.234484	0.221779	0.196707	0.161127	0.138314	0.142787	0.160679	0.173355	0.168736	0.136767	0.0831757	0.012522	-0.0802269	-0.194656	-0.305918	-0.402883	-0.460194	-0.459647	-0.403298	-0.301947	-0.162642	0.00508027	0.18355	
0.187549	0.20873	0.213625	0.18748	0.147688	0.101964	0.0785396	0.0782892	0.0952134	0.113106	0.114337	0.100305	0.0785909	0.0477177	-0.00313968	-0.0858224	-0.184541	-0.278443	-0.347761	-0.371176	-0.334108	-0.251092	-0.133872	0.0108245	0.154999	
0.218397	0.231257	0.219915	0.177757	0.120677	0.0578896	0.0143569	-0.00314442	0.00272332	0.0187827	0.0276738	0.0287672	0.0355087	0.0448492	0.0411829	0.00414273	-0.0669971	-0.152188	-0.218965	-0.251958	-0.237736	-0.176984	-0.0819131	0.0297088	0.137098	
0.280486	0.284171	0.255756	0.196725	0.116951	0.0295531	-0.0463826	-0.0939074	-0.104406	-0.0875844	-0.0701549	-0.0521075	-0.0173015	0.0222258	0.0601181	0.0662654	0.0304222	-0.029532	-0.0844993	-0.119318	-0.126245	-0.0955407	-0.0340956	0.0422212	0.115886	
0.364885	0.357336	0.315023	0.240044	0.135932	0.017052	-0.0940521	-0.173224	-0.196236	-0.176355	-0.151664	-0.118148	-0.0641239	0.00189058	0.0713385	0.1129	0.112546	0.0812965	0.0408877	0.003483	-0.0240801	-0.0239179	0.000271728	0.0408832	0.0887007	
0.481083	0.460899	0.403917	0.315747	0.188382	0.0397884	-0.10614	-0.213159	-0.251715	-0.240564	-0.208215	-0.16371	-0.0977152	-0.0094677	0.0804817	0.143719	0.170632	0.163307	0.133696	0.0961667	0.0575424	0.0333842	0.0256765	0.0332258	0.0599299	
