-0.33004	-0.339978	-0.338932	-0.341252	-0.339022	-0.337825	-0.341183	-0.339508	-0.339851	-0.336653	-0.312247	-0.25747	-0.168959	-0.0448995	0.106294	0.281241	0.474058	0.664848	0.836794	0.972981	1.06355	1.09388	1.06746	0.996636	0.877659	
-0.313804	-0.302543	-0.283959	-0.271554	-0.262962	-0.262594	-0.266731	-0.277884	-0.29533	-0.310621	-0.314141	-0.289446	-0.220064	-0.11805	0.00464205	0.15036	0.318461	0.493536	0.659095	0.799691	0.903342	0.950166	0.948127	0.908203	0.817811	
-0.288974	-0.256075	-0.223184	-0.197052	-0.177779	-0.173207	-0.188602	-0.212043	-0.242139	-0.276089	-0.303541	-0.304203	-0.261061	-0.182431	-0.0835584	0.0320288	0.169951	0.323459	0.4678	0.594859	0.698937	0.759782	0.774827	0.752354	0.687206	
-0.246985	-0.199909	-0.158296	-0.122392	-0.0958648	-0.089178	-0.110717	-0.142967	-0.182537	-0.227589	-0.272898	-0.297568	-0.281125	-0.229219	-0.160878	-0.0768787	0.0297224	0.150893	0.268423	0.371958	0.462391	0.529181	0.553566	0.541788	0.493529	
-0.187597	-0.134594	-0.0902278	-0.051161	-0.0212221	-0.0151393	-0.0374588	-0.0741636	-0.11642	-0.165092	-0.22095	-0.266092	-0.27998	-0.267637	-0.238991	-0.187064	-0.113126	-0.0240051	0.0641765	0.138557	0.203724	0.260717	0.290971	0.287965	0.259681	
-0.123503	-0.0672413	-0.0240438	0.015205	0.0472703	0.0527545	0.0307893	-0.00950882	-0.048133	-0.100447	-0.159192	-0.218014	-0.261123	-0.286202	-0.294915	-0.276117	-0.237233	-0.185996	-0.136191	-0.0947705	-0.0565462	-0.020281	0.0123162	0.0157314	-0.00405524	
-0.0747059	-0.0159869	0.0304914	0.0762454	0.112769	0.119164	0.093475	0.0481892	0.00426561	-0.0503511	-0.112577	-0.180154	-0.245382	-0.295504	-0.330119	-0.342564	-0.333763	-0.314917	-0.305054	-0.296775	-0.286949	-0.273687	-0.257654	-0.256576	-0.270518	
-0.0557519	0.00787278	0.0584589	0.106684	0.141623	0.149585	0.122538	0.0785554	0.0291108	-0.0277458	-0.101852	-0.182738	-0.260576	-0.327384	-0.370921	-0.398887	-0.40775	-0.40958	-0.424582	-0.444144	-0.465867	-0.476328	-0.484302	-0.501615	-0.516398	
-0.0800922	-0.0093642	0.0426436	0.0889263	0.117353	0.122288	0.10266	0.0626808	0.012397	-0.0479651	-0.134811	-0.228255	-0.314458	-0.386267	-0.431899	-0.4582	-0.462991	-0.465038	-0.487023	-0.525144	-0.571193	-0.615459	-0.653639	-0.688172	-0.708982	
-0.158514	-0.0818989	-0.0329096	0.00153581	0.0203014	0.0230622	0.0113561	-0.0176211	-0.0597651	-0.124886	-0.214803	-0.308337	-0.395051	-0.458367	-0.494895	-0.505601	-0.49684	-0.493792	-0.515655	-0.564402	-0.625399	-0.695732	-0.761575	-0.80962	-0.831423	
-0.285079	-0.217254	-0.169248	-0.145482	-0.132039	-0.130124	-0.13861	-0.158074	-0.195321	-0.255743	-0.335415	-0.421852	-0.496312	-0.546811	-0.565201	-0.553672	-0.522449	-0.515477	-0.536643	-0.585602	-0.652357	-0.735383	-0.818913	-0.872798	-0.88627	
-0.444414	-0.389893	-0.349251	-0.331591	-0.322677	-0.32144	-0.327686	-0.339116	-0.371632	-0.420781	-0.48574	-0.555966	-0.613405	-0.645002	-0.639599	-0.606397	-0.561851	-0.546395	-0.560614	-0.604124	-0.670838	-0.75269	-0.84317	-0.893965	-0.893358	
-0.611795	-0.569468	-0.537249	-0.517688	-0.512398	-0.511552	-0.515111	-0.526922	-0.55538	-0.593422	-0.639606	-0.686862	-0.720824	-0.725751	-0.702591	-0.658781	-0.614333	-0.591369	-0.593193	-0.624983	-0.680992	-0.752358	-0.82697	-0.867767	-0.860946	
-0.753627	-0.719852	-0.688912	-0.667884	-0.658794	-0.656041	-0.66317	-0.679083	-0.706093	-0.741001	-0.771869	-0.796153	-0.805888	-0.795337	-0.760281	-0.721257	-0.676465	-0.641586	-0.627546	-0.64095	-0.678895	-0.730365	-0.77364	-0.790771	-0.780179	
-0.840544	-0.813211	-0.788484	-0.76542	-0.753973	-0.752864	-0.758644	-0.778973	-0.803381	-0.82989	-0.855641	-0.866925	-0.866785	-0.854632	-0.821589	-0.78374	-0.733295	-0.687645	-0.653203	-0.648927	-0.665954	-0.690782	-0.705529	-0.706194	-0.692588	
-0.858287	-0.839686	-0.821371	-0.800918	-0.787573	-0.785546	-0.793978	-0.813516	-0.833255	-0.850043	-0.872646	-0.883914	-0.888389	-0.889123	-0.866069	-0.82956	-0.773568	-0.718612	-0.674557	-0.653446	-0.651736	-0.655362	-0.650237	-0.636799	-0.617846	
-0.803668	-0.784856	-0.766741	-0.749927	-0.735945	-0.733446	-0.743359	-0.760221	-0.777221	-0.795262	-0.819345	-0.841556	-0.863922	-0.879866	-0.873339	-0.84955	-0.803661	-0.753501	-0.707358	-0.672192	-0.654404	-0.637337	-0.612801	-0.584375	-0.561632	
-0.670633	-0.642844	-0.620784	-0.60704	-0.596517	-0.593794	-0.602791	-0.614719	-0.632951	-0.658362	-0.691221	-0.729001	-0.771858	-0.811684	-0.837241	-0.84539	-0.832325	-0.800111	-0.752622	-0.71051	-0.68293	-0.648791	-0.606901	-0.564315	-0.530666	
-0.4566	-0.418667	-0.394633	-0.384833	-0.380705	-0.379394	-0.383249	-0.388922	-0.407779	-0.439347	-0.486515	-0.546855	-0.614713	-0.686215	-0.755036	-0.808274	-0.836178	-0.832838	-0.798891	-0.763206	-0.731273	-0.683748	-0.625687	-0.569935	-0.527829	
-0.189	-0.142035	-0.119026	-0.112289	-0.109153	-0.107513	-0.110589	-0.115066	-0.13026	-0.167665	-0.22636	-0.30836	-0.405242	-0.509929	-0.621455	-0.725902	-0.803327	-0.839924	-0.839285	-0.820607	-0.784339	-0.728327	-0.663047	-0.607011	-0.558945	
0.108548	0.154461	0.17413	0.182865	0.189018	0.190474	0.18617	0.177361	0.16539	0.130245	0.066843	-0.030578	-0.155496	-0.300804	-0.455386	-0.609034	-0.739266	-0.822455	-0.861099	-0.862998	-0.828904	-0.772249	-0.709587	-0.653882	-0.59067	
0.41081	0.453392	0.463294	0.467171	0.464936	0.463321	0.467212	0.464889	0.460107	0.432946	0.366116	0.258021	0.100367	-0.0855373	-0.282148	-0.478384	-0.655508	-0.786369	-0.863153	-0.887287	-0.862145	-0.806609	-0.744718	-0.678077	-0.594027	
0.678739	0.708579	0.709099	0.69993	0.685785	0.682194	0.694529	0.705736	0.711222	0.696481	0.638049	0.527962	0.351088	0.124686	-0.116322	-0.355889	-0.570297	-0.737959	-0.848118	-0.889438	-0.879717	-0.832212	-0.760086	-0.671882	-0.56438	
0.878379	0.894971	0.882425	0.86146	0.843145	0.839577	0.853299	0.873838	0.892517	0.889715	0.84537	0.74305	0.559589	0.309132	0.0340631	-0.241475	-0.489142	-0.683754	-0.817325	-0.878005	-0.881176	-0.83202	-0.745325	-0.632248	-0.502636	
0.996407	0.999755	0.976175	0.95269	0.937694	0.935485	0.945684	0.965613	0.991507	1.00317	0.970779	0.874124	0.6948	0.443374	0.151051	-0.143614	-0.413417	-0.635394	-0.788713	-0.86716	-0.87824	-0.82153	-0.712182	-0.573454	-0.426791	
1.04176	1.03789	1.01455	0.995139	0.988899	0.989263	0.990756	1.00583	1.02897	1.04474	1.0221	0.935213	0.768014	0.524296	0.231026	-0.0721794	-0.354402	-0.594195	-0.760234	-0.844807	-0.856278	-0.79617	-0.673431	-0.511894	-0.346101	
1.03789	1.03735	1.02471	1.00937	1.00366	1.00257	1.00596	1.01764	1.03356	1.04022	1.02248	0.945516	0.793372	0.56195	0.276497	-0.025528	-0.311675	-0.562189	-0.737683	-0.828419	-0.832511	-0.765407	-0.634498	-0.463228	-0.283606	
1.01455	1.02471	1.02191	1.00878	0.997881	0.996008	1.00367	1.01761	1.02537	1.02039	0.996528	0.927909	0.788664	0.568567	0.292665	-0.00313921	-0.28793	-0.538793	-0.718861	-0.81134	-0.810394	-0.735923	-0.603393	-0.42612	-0.237965	
0.995139	1.00937	1.00878	0.99803	0.984613	0.981667	0.991949	1.00589	1.01009	1.00362	0.974162	0.90572	0.773613	0.567702	0.300848	0.00371463	-0.279788	-0.526455	-0.703163	-0.791802	-0.789011	-0.713083	-0.58383	-0.407747	-0.217782	
0.988899	1.00366	0.997881	0.984613	0.973037	0.97092	0.979204	0.993002	1.00285	0.998406	0.96316	0.887278	0.756795	0.560155	0.30545	0.00872477	-0.277178	-0.518481	-0.690593	-0.777618	-0.776043	-0.702842	-0.577535	-0.401716	-0.204776	
0.989263	1.00257	0.996008	0.981667	0.97092	0.969483	0.976631	0.990569	1.0017	0.998185	0.962008	0.883884	0.753102	0.55723	0.306197	0.0105103	-0.276304	-0.516151	-0.687766	-0.775311	-0.774738	-0.700759	-0.575357	-0.400764	-0.202892	
0.990756	1.00596	1.00367	0.991949	0.979204	0.976631	0.98609	1.00001	1.00612	0.999939	0.968184	0.897744	0.766443	0.565565	0.303432	0.00620939	-0.27813	-0.523374	-0.697708	-0.784964	-0.781764	-0.70709	-0.580989	-0.405041	-0.211967	
1.00583	1.01764	1.01761	1.00589	0.993002	0.990569	1.00001	1.01437	1.01898	1.01247	0.986849	0.918258	0.783194	0.568442	0.295529	1.81505e-05	-0.28288	-0.532809	-0.712444	-0.803887	-0.802088	-0.726093	-0.593086	-0.416163	-0.227174	
1.02897	1.03356	1.02537	1.01009	1.00285	1.0017	1.00612	1.01898	1.03214	1.03266	1.01275	0.94059	0.793881	0.567188	0.286122	-0.0136861	-0.300485	-0.551698	-0.729478	-0.822248	-0.823872	-0.752607	-0.620881	-0.446599	-0.26296	
1.04474	1.04022	1.02039	1.00362	0.998406	0.998185	0.999939	1.01247	1.03266	1.04699	1.02754	0.944239	0.783564	0.545018	0.253081	-0.0508622	-0.334909	-0.579824	-0.750153	-0.837223	-0.846708	-0.784902	-0.657425	-0.490474	-0.319287	
1.0221	1.02248	0.996528	0.974162	0.96316	0.962008	0.968184	0.986849	1.01275	1.02754	0.99846	0.905997	0.729801	0.480668	0.187423	-0.111392	-0.387862	-0.617828	-0.777807	-0.859527	-0.871236	-0.812059	-0.696853	-0.547835	-0.393486	
0.935213	0.945516	0.927909	0.90572	0.887278	0.883884	0.897744	0.918258	0.94059	0.944239	0.905997	0.805591	0.623136	0.36971	0.0849762	-0.20016	-0.457809	-0.663595	-0.805728	-0.874306	-0.881159	-0.83006	-0.733665	-0.610569	-0.474009	
0.768014	0.793372	0.788664	0.773613	0.756795	0.753102	0.766443	0.783194	0.793881	0.783564	0.729801	0.623136	0.441641	0.202819	-0.0530454	-0.308203	-0.537126	-0.715679	-0.836211	-0.884622	-0.880914	-0.833784	-0.757526	-0.658969	-0.542323	
0.524296	0.56195	0.568567	0.567702	0.560155	0.55723	0.565565	0.568442	0.567188	0.545018	0.480668	0.36971	0.202819	0.000295226	-0.214595	-0.428813	-0.621103	-0.768391	-0.859505	-0.891642	-0.872732	-0.820423	-0.754377	-0.679989	-0.586213	
0.231026	0.276497	0.292665	0.300848	0.30545	0.306197	0.303432	0.295529	0.286122	0.253081	0.187423	0.0849762	-0.0530454	-0.214595	-0.386072	-0.5572	-0.707384	-0.810314	-0.864078	-0.874187	-0.842263	-0.785477	-0.724929	-0.667001	-0.595359	
-0.0721794	-0.025528	-0.00313921	0.00371463	0.00872477	0.0105103	0.00620939	1.81505e-05	-0.0136861	-0.0508622	-0.111392	-0.20016	-0.308203	-0.428813	-0.5572	-0.681965	-0.780667	-0.835467	-0.850846	-0.84068	-0.804965	-0.747608	-0.681987	-0.627054	-0.574757	
-0.354402	-0.311675	-0.28793	-0.279788	-0.277178	-0.276304	-0.27813	-0.28288	-0.300485	-0.334909	-0.387862	-0.457809	-0.537126	-0.621103	-0.707384	-0.780667	-0.827231	-0.838819	-0.816167	-0.785794	-0.751496	-0.700397	-0.638968	-0.581173	-0.536319	
-0.594195	-0.562189	-0.538793	-0.526455	-0.518481	-0.516151	-0.523374	-0.532809	-0.551698	-0.579824	-0.617828	-0.663595	-0.715679	-0.768391	-0.810314	-0.835467	-0.838819	-0.816111	-0.771565	-0.730593	-0.701683	-0.661572	-0.610921	-0.563309	-0.526178	
-0.760234	-0.737683	-0.718861	-0.703163	-0.690593	-0.687766	-0.697708	-0.712444	-0.729478	-0.750153	-0.777807	-0.805728	-0.836211	-0.859505	-0.864078	-0.850846	-0.816167	-0.771565	-0.724813	-0.68522	-0.662026	-0.638028	-0.607485	-0.572745	-0.546109	
-0.844807	-0.828419	-0.81134	-0.791802	-0.777618	-0.775311	-0.784964	-0.803887	-0.822248	-0.837223	-0.859527	-0.874306	-0.884622	-0.891642	-0.874187	-0.84068	-0.785794	-0.730593	-0.68522	-0.658663	-0.650662	-0.645087	-0.632138	-0.612802	-0.59285	
-0.856278	-0.832511	-0.810394	-0.789011	-0.776043	-0.774738	-0.781764	-0.802088	-0.823872	-0.846708	-0.871236	-0.881159	-0.880914	-0.872732	-0.842263	-0.804965	-0.751496	-0.701683	-0.662026	-0.650662	-0.659371	-0.675328	-0.681339	-0.67673	-0.660388	
-0.79617	-0.765407	-0.735923	-0.713083	-0.702842	-0.700759	-0.70709	-0.726093	-0.752607	-0.784902	-0.812059	-0.83006	-0.833784	-0.820423	-0.785477	-0.747608	-0.700397	-0.661572	-0.638028	-0.645087	-0.675328	-0.716093	-0.745849	-0.754942	-0.744095	
-0.673431	-0.634498	-0.603393	-0.58383	-0.577535	-0.575357	-0.580989	-0.593086	-0.620881	-0.657425	-0.696853	-0.733665	-0.757526	-0.754377	-0.724929	-0.681987	-0.638968	-0.610921	-0.607485	-0.632138	-0.681339	-0.745849	-0.809683	-0.841813	-0.832783	
-0.511894	-0.463228	-0.42612	-0.407747	-0.401716	-0.400764	-0.405041	-0.416163	-0.446599	-0.490474	-0.547835	-0.610569	-0.658969	-0.679989	-0.667001	-0.627054	-0.581173	-0.563309	-0.572745	-0.612802	-0.67673	-0.754942	-0.841813	-0.890037	-0.886152	
-0.346101	-0.283606	-0.237965	-0.217782	-0.204776	-0.202892	-0.211967	-0.227174	-0.26296	-0.319287	-0.393486	-0.474009	-0.542323	-0.586213	-0.595359	-0.574757	-0.536319	-0.526178	-0.546109	-0.59285	-0.660388	-0.744095	-0.832783	-0.886152	-0.893582	
