-0.397839	-0.62191	-0.814155	-0.968826	-1.07243	-1.09182	-1.01805	-0.880702	-0.70313	-0.490108	-0.256929	-0.0229973	0.207768	0.431194	0.633519	0.791234	0.862711	0.82566	0.710717	0.556774	0.388793	0.233424	0.108062	0.0264616	-0.0140332	
-0.331205	-0.591462	-0.818734	-1.00274	-1.12554	-1.14826	-1.06097	-0.897984	-0.68743	-0.437322	-0.172847	0.0715865	0.291046	0.494666	0.67527	0.810328	0.861027	0.800655	0.660229	0.493702	0.331109	0.190054	0.0783909	0.00506847	-0.0278654	
-0.263847	-0.556675	-0.816766	-1.02683	-1.16379	-1.18866	-1.0921	-0.907667	-0.666349	-0.382386	-0.089531	0.16615	0.37604	0.558819	0.713523	0.818968	0.84437	0.764759	0.605933	0.428985	0.271533	0.147295	0.0526373	-0.0155227	-0.0435694	
-0.197703	-0.516981	-0.805886	-1.03719	-1.18231	-1.208	-1.10712	-0.906721	-0.638437	-0.326196	-0.0106557	0.256199	0.459931	0.622303	0.747575	0.817133	0.811991	0.715864	0.547131	0.36547	0.21311	0.1027	0.0290478	-0.0270464	-0.0585966	
-0.134508	-0.471799	-0.783197	-1.02932	-1.17642	-1.20173	-1.10138	-0.891474	-0.602103	-0.269491	0.0604673	0.336817	0.538637	0.682734	0.776334	0.805062	0.764058	0.653188	0.483567	0.303913	0.159347	0.0604185	0.00220079	-0.037432	-0.0653634	
-0.0755922	-0.420549	-0.745345	-0.998371	-1.14205	-1.16605	-1.0701	-0.857727	-0.555743	-0.212839	0.121457	0.403476	0.606922	0.735906	0.797567	0.783917	0.702988	0.576237	0.414525	0.24585	0.110659	0.0223536	-0.0229347	-0.0475603	-0.0722457	
-0.0216428	-0.36264	-0.688787	-0.939539	-1.07599	-1.09822	-1.00879	-0.801097	-0.497794	-0.156572	0.17121	0.4527	0.659034	0.776182	0.807105	0.753674	0.63401	0.488389	0.337639	0.190327	0.0702527	-0.0100742	-0.0497383	-0.0585425	-0.0701786	
0.0274082	-0.297352	-0.610233	-0.848808	-0.976017	-0.996489	-0.913848	-0.717636	-0.42676	-0.100597	0.210152	0.482631	0.689032	0.797006	0.800248	0.712355	0.561134	0.397131	0.254985	0.133221	0.0352611	-0.0319891	-0.0709388	-0.0785016	-0.0730387	
0.0725097	-0.22359	-0.507272	-0.723765	-0.840933	-0.859947	-0.78322	-0.604651	-0.341183	-0.0442109	0.240089	0.49365	0.691847	0.790747	0.772066	0.658046	0.486396	0.309121	0.171929	0.0748951	0.00168266	-0.04949	-0.082179	-0.0936793	-0.0862347	
0.115751	-0.139672	-0.379069	-0.564383	-0.670513	-0.688322	-0.616979	-0.461589	-0.2396	0.0142394	0.263501	0.488093	0.665178	0.750388	0.716747	0.588359	0.410758	0.23051	0.0946544	0.0153079	-0.0316921	-0.0637041	-0.088965	-0.103842	-0.0981742	
0.160416	-0.0434641	-0.226865	-0.373399	-0.465642	-0.482002	-0.417631	-0.290673	-0.120756	0.0777667	0.283041	0.468885	0.61022	0.672534	0.629434	0.500061	0.331922	0.163943	0.0324905	-0.0405106	-0.0705713	-0.0807148	-0.0885381	-0.105135	-0.110804	
0.210497	0.0671204	-0.0539478	-0.156105	-0.228765	-0.24258	-0.189889	-0.0968444	0.0157391	0.15053	0.301627	0.438494	0.530925	0.559162	0.508696	0.390984	0.246056	0.10508	-0.0116644	-0.0815406	-0.10728	-0.10897	-0.0974105	-0.0948619	-0.107497	
0.269852	0.193321	0.13494	0.0805186	0.0353514	0.0260256	0.0599252	0.113318	0.168645	0.236483	0.322579	0.399034	0.432949	0.417857	0.358255	0.260919	0.149845	0.0473279	-0.0426791	-0.106611	-0.1315	-0.133131	-0.121157	-0.0994584	-0.0922558	
0.341115	0.334416	0.334526	0.329038	0.318919	0.316231	0.324493	0.333316	0.334794	0.337284	0.34913	0.353257	0.32304	0.260522	0.187827	0.113363	0.0410907	-0.0178071	-0.06817	-0.116905	-0.145125	-0.146222	-0.136751	-0.116341	-0.0900694	
0.424179	0.486708	0.539933	0.582611	0.610945	0.616075	0.595727	0.558075	0.50948	0.450629	0.383321	0.305619	0.209174	0.101333	0.0117466	-0.043967	-0.0776166	-0.0963958	-0.103617	-0.118133	-0.141852	-0.150455	-0.14033	-0.121288	-0.0905627	
0.514906	0.643558	0.74702	0.834987	0.897958	0.910097	0.864591	0.783799	0.687195	0.570118	0.424957	0.262641	0.100887	-0.045387	-0.152612	-0.200437	-0.201474	-0.184083	-0.158016	-0.132169	-0.125392	-0.131563	-0.127088	-0.107433	-0.0740688	
0.605668	0.796948	0.951413	1.07912	1.16577	1.18213	1.1208	1.00596	0.862042	0.687093	0.471346	0.232269	0.00976775	-0.16769	-0.288077	-0.339807	-0.32541	-0.276319	-0.221642	-0.167002	-0.120484	-0.0945137	-0.0797344	-0.0581593	-0.0227552	
0.688715	0.939551	1.14614	1.3052	1.40184	1.419	1.35289	1.21639	1.02737	0.793924	0.518434	0.221528	-0.0502973	-0.255421	-0.384225	-0.442893	-0.433636	-0.370862	-0.287674	-0.206094	-0.128663	-0.060823	-0.00837375	0.0361972	0.0835826	
0.760828	1.06539	1.31935	1.50004	1.59721	1.6131	1.54908	1.40159	1.17461	0.886954	0.564017	0.233537	-0.0668406	-0.296012	-0.43622	-0.499832	-0.502085	-0.4481	-0.352085	-0.240531	-0.130009	-0.0243848	0.072068	0.157037	0.233916	
0.82502	1.1684	1.45507	1.64924	1.74642	1.76146	1.69876	1.54473	1.29262	0.966298	0.611431	0.268467	-0.0357992	-0.276873	-0.434209	-0.508341	-0.518184	-0.477041	-0.387968	-0.261524	-0.117883	0.0271495	0.164701	0.288688	0.396759	
0.88635	1.24129	1.53844	1.74134	1.84524	1.86161	1.79379	1.63147	1.36981	1.03212	0.668688	0.329035	0.0384456	-0.195617	-0.364063	-0.456849	-0.477919	-0.442795	-0.361756	-0.238469	-0.0823865	0.0892457	0.258859	0.412457	0.54128	
0.945618	1.27826	1.56325	1.7711	1.88751	1.90699	1.8288	1.65638	1.39981	1.08189	0.741291	0.422069	0.153034	-0.0606036	-0.222262	-0.326947	-0.365812	-0.340909	-0.264889	-0.149527	-0.00324059	0.162955	0.333642	0.492074	0.624071	
0.998854	1.28068	1.53551	1.73954	1.86451	1.8865	1.80064	1.62464	1.38688	1.11325	0.826258	0.550897	0.312078	0.123024	-0.0179808	-0.115221	-0.164566	-0.159303	-0.10219	-0.00610883	0.114185	0.246601	0.380677	0.50595	0.611924	
1.04417	1.25956	1.46961	1.65157	1.76899	1.79016	1.70865	1.54782	1.34504	1.13	0.915834	0.708185	0.517678	0.35947	0.242213	0.163325	0.117088	0.102858	0.122191	0.17126	0.239738	0.315787	0.390334	0.45773	0.514053	
1.08749	1.23035	1.37994	1.51444	1.60219	1.61805	1.55714	1.43755	1.29038	1.14306	1.00734	0.880759	0.75938	0.647969	0.556964	0.491342	0.445923	0.411901	0.384952	0.365808	0.355649	0.353164	0.355181	0.358504	0.360686	
1.13912	1.20397	1.27563	1.33923	1.37943	1.38657	1.35897	1.30318	1.23274	1.16364	1.10652	1.06091	1.01755	0.967759	0.910439	0.84969	0.787134	0.718888	0.640284	0.551855	0.460032	0.373092	0.296836	0.232904	0.179552	
1.20397	1.1824	1.16258	1.14373	1.13018	1.12761	1.1373	1.15481	1.17452	1.19504	1.21922	1.24797	1.27401	1.28277	1.26042	1.20153	1.10966	0.992153	0.855634	0.705863	0.54952	0.394531	0.24834	0.115922	-0.000885208	
1.27563	1.16258	1.04984	0.953186	0.89201	0.881105	0.923313	1.00804	1.11666	1.23115	1.33976	1.43606	1.51283	1.55765	1.55519	1.49521	1.379	1.21878	1.03095	0.82941	0.622884	0.416427	0.214041	0.0202774	-0.159657	
1.33923	1.14373	0.953186	0.796974	0.701917	0.685302	0.750223	0.884748	1.06514	1.26214	1.44817	1.60226	1.7109	1.76566	1.76074	1.6933	1.5659	1.3877	1.17242	0.93415	0.684109	0.430259	0.178946	-0.0632975	-0.289191	
1.37943	1.13018	0.89201	0.701917	0.588799	0.569254	0.646093	0.808173	1.03122	1.28076	1.51839	1.71038	1.83534	1.88678	1.86948	1.79232	1.66271	1.48532	1.2647	1.00822	0.727155	0.435335	0.146822	-0.126225	-0.374709	
1.38657	1.12761	0.881105	0.685302	0.569254	0.549261	0.628045	0.79472	1.02511	1.28399	1.53098	1.72984	1.85743	1.90751	1.88708	1.80775	1.6782	1.50213	1.2817	1.02235	0.735198	0.435654	0.139896	-0.138501	-0.390224	
1.35897	1.1373	0.923313	0.750223	0.646093	0.628045	0.699052	0.847411	1.04887	1.27144	1.4823	1.6546	1.77139	1.82532	1.81541	1.74391	1.61522	1.43636	1.21712	0.969066	0.703956	0.432579	0.164404	-0.0921809	-0.32956	
1.30318	1.15481	1.00804	0.884748	0.808173	0.79472	0.847411	0.95463	1.09487	1.24482	1.38618	1.50712	1.59859	1.64993	1.64883	1.58678	1.46481	1.29434	1.09209	0.873386	0.648491	0.423004	0.200642	-0.0141719	-0.215385	
1.23274	1.17452	1.11666	1.06514	1.03122	1.02511	1.04887	1.09487	1.15129	1.20964	1.2675	1.32402	1.37265	1.39909	1.38734	1.32873	1.22582	1.08892	0.929791	0.758002	0.580769	0.404169	0.233901	0.0751391	-0.0682087	
1.16364	1.19504	1.23115	1.26214	1.28076	1.28399	1.27144	1.24482	1.20964	1.17523	1.1501	1.13502	1.12117	1.09643	1.05388	0.99409	0.920173	0.832902	0.731535	0.617914	0.498303	0.381423	0.274983	0.183082	0.105492	
1.10652	1.21922	1.33976	1.44817	1.51839	1.53098	1.4823	1.38618	1.2675	1.1501	1.04574	0.952043	0.861785	0.774054	0.695734	0.632699	0.582458	0.536904	0.490336	0.443088	0.399006	0.361636	0.332244	0.309541	0.290514	
1.06091	1.24797	1.43606	1.60226	1.71038	1.72984	1.6546	1.50712	1.32402	1.13502	0.952043	0.775984	0.611087	0.469526	0.362165	0.289479	0.244773	0.223438	0.225069	0.248206	0.287156	0.333978	0.38135	0.423857	0.458093	
1.01755	1.27401	1.51283	1.7109	1.83534	1.85743	1.77139	1.59859	1.37265	1.12117	0.861785	0.611087	0.389183	0.211313	0.0795873	-0.0109539	-0.0602172	-0.0629058	-0.0190514	0.0614551	0.164548	0.277586	0.39017	0.493683	0.581002	
0.967759	1.28277	1.55765	1.76566	1.88678	1.90751	1.82532	1.64993	1.39909	1.09643	0.774054	0.469526	0.211313	0.00714674	-0.147596	-0.251751	-0.296195	-0.278165	-0.20751	-0.0977259	0.0405419	0.196348	0.356016	0.505117	0.630721	
0.910439	1.26042	1.55519	1.76074	1.86948	1.88708	1.81541	1.64883	1.38734	1.05388	0.695734	0.362165	0.0795873	-0.147596	-0.315865	-0.415012	-0.442555	-0.41043	-0.331415	-0.210958	-0.0563764	0.11704	0.29145	0.451248	0.584701	
0.84969	1.20153	1.49521	1.6933	1.79232	1.80775	1.74391	1.58678	1.32873	0.99409	0.632699	0.289479	-0.0109539	-0.251751	-0.415012	-0.495708	-0.509031	-0.471265	-0.386287	-0.25933	-0.107459	0.0508657	0.203354	0.341125	0.458931	
0.787134	1.10966	1.379	1.5659	1.66271	1.6782	1.61522	1.46481	1.22582	0.920173	0.582458	0.244773	-0.0602172	-0.296195	-0.442555	-0.509031	-0.515034	-0.467071	-0.371915	-0.251498	-0.126842	-0.00563981	0.107705	0.208972	0.298893	
0.718888	0.992153	1.21878	1.3877	1.48532	1.50213	1.43636	1.29434	1.08892	0.832902	0.536904	0.223438	-0.0629058	-0.278165	-0.41043	-0.471265	-0.467071	-0.405564	-0.314193	-0.220441	-0.130905	-0.0476957	0.0226517	0.0824765	0.140245	
0.640284	0.855634	1.03095	1.17242	1.2647	1.2817	1.21712	1.09209	0.929791	0.731535	0.490336	0.225069	-0.0190514	-0.20751	-0.331415	-0.386287	-0.371915	-0.314193	-0.247698	-0.183194	-0.123367	-0.0802612	-0.0527913	-0.0249369	0.0130156	
0.551855	0.705863	0.82941	0.93415	1.00822	1.02235	0.969066	0.873386	0.758002	0.617914	0.443088	0.248206	0.0614551	-0.0977259	-0.210958	-0.25933	-0.251498	-0.220441	-0.183194	-0.144322	-0.121062	-0.117612	-0.11225	-0.0929744	-0.0592913	
0.460032	0.54952	0.622884	0.684109	0.727155	0.735198	0.703956	0.648491	0.580769	0.498303	0.399006	0.287156	0.164548	0.0405419	-0.0563764	-0.107459	-0.126842	-0.130905	-0.123367	-0.121062	-0.135753	-0.146151	-0.137775	-0.118471	-0.086744	
0.373092	0.394531	0.416427	0.430259	0.435335	0.435654	0.432579	0.423004	0.404169	0.381423	0.361636	0.333978	0.277586	0.196348	0.11704	0.0508657	-0.00563981	-0.0476957	-0.0802612	-0.117612	-0.146151	-0.148998	-0.139084	-0.120586	-0.091248	
0.296836	0.24834	0.214041	0.178946	0.146822	0.139896	0.164404	0.200642	0.233901	0.274983	0.332244	0.38135	0.39017	0.356016	0.29145	0.203354	0.107705	0.0226517	-0.0527913	-0.11225	-0.137775	-0.139084	-0.129659	-0.10672	-0.0896493	
0.232904	0.115922	0.0202774	-0.0632975	-0.126225	-0.138501	-0.0921809	-0.0141719	0.0751391	0.183082	0.309541	0.423857	0.493683	0.505117	0.451248	0.341125	0.208972	0.0824765	-0.0249369	-0.0929744	-0.118471	-0.120586	-0.10672	-0.0938523	-0.100841	
0.179552	-0.000885208	-0.159657	-0.289191	-0.374709	-0.390224	-0.32956	-0.215385	-0.0682087	0.105492	0.290514	0.458093	0.581002	0.630721	0.584701	0.458931	0.298893	0.140245	0.0130156	-0.0592913	-0.086744	-0.091248	-0.0896493	-0.100841	-0.111897	
