-0.537052	-0.564754	-0.578365	-0.584236	-0.579065	-0.566273	-0.565199	-0.561632	-0.552205	-0.53543	-0.506546	-0.452071	-0.35537	-0.20989	-0.0303562	0.166557	0.341875	0.465637	0.536946	0.552296	0.517556	0.434544	0.330734	0.231098	0.130147	
-0.564754	-0.599749	-0.60735	-0.599902	-0.569061	-0.532328	-0.510751	-0.485332	-0.461836	-0.436229	-0.39355	-0.328124	-0.221625	-0.0723211	0.11545	0.322956	0.51233	0.65665	0.74119	0.762795	0.721905	0.633967	0.513335	0.377555	0.226752	
-0.578365	-0.60735	-0.599146	-0.566912	-0.511133	-0.454521	-0.410611	-0.376446	-0.346724	-0.310273	-0.262199	-0.192009	-0.0852783	0.0608549	0.244517	0.451889	0.644394	0.7967	0.890226	0.913687	0.871254	0.777966	0.642694	0.476356	0.28312	
-0.584236	-0.599902	-0.566912	-0.501612	-0.421616	-0.342129	-0.276385	-0.234448	-0.202652	-0.165526	-0.114766	-0.0447724	0.0549824	0.188418	0.35606	0.542743	0.718401	0.866246	0.962957	0.98617	0.950861	0.855128	0.713275	0.530573	0.308133	
-0.579065	-0.569061	-0.511133	-0.421616	-0.31739	-0.209193	-0.121215	-0.0659043	-0.030414	-0.000456732	0.0393151	0.0942199	0.181023	0.300342	0.441324	0.595839	0.74263	0.870734	0.962233	0.994731	0.967878	0.878832	0.74204	0.554307	0.313717	
-0.566273	-0.532328	-0.454521	-0.342129	-0.209193	-0.076562	0.0317097	0.106543	0.14946	0.172516	0.195408	0.231587	0.294724	0.385168	0.49508	0.610388	0.724513	0.82917	0.913287	0.957431	0.940417	0.86537	0.740123	0.557917	0.311668	
-0.565199	-0.510751	-0.410611	-0.276385	-0.121215	0.0317097	0.163494	0.257937	0.312935	0.332007	0.338995	0.3445	0.368236	0.423243	0.50242	0.585391	0.669235	0.7486	0.824928	0.875231	0.877536	0.827778	0.722417	0.548539	0.307184	
-0.561632	-0.485332	-0.376446	-0.234448	-0.0659043	0.106543	0.257937	0.365867	0.427759	0.443665	0.433022	0.407886	0.38842	0.409237	0.45937	0.51958	0.581535	0.648243	0.720244	0.775228	0.79558	0.771096	0.685895	0.530628	0.311855	
-0.552205	-0.461836	-0.346724	-0.202652	-0.030414	0.14946	0.312935	0.427759	0.486611	0.495665	0.460966	0.401951	0.354039	0.352816	0.385985	0.431637	0.484172	0.548121	0.615545	0.674652	0.711652	0.706838	0.646078	0.522416	0.338153	
-0.53543	-0.436229	-0.310273	-0.165526	-0.000456732	0.172516	0.332007	0.443665	0.495665	0.486515	0.424713	0.347674	0.292614	0.278954	0.298121	0.336733	0.386703	0.444562	0.50813	0.572292	0.621293	0.63295	0.600699	0.513024	0.365341	
-0.506546	-0.39355	-0.262199	-0.114766	0.0393151	0.195408	0.338995	0.433022	0.460966	0.424713	0.346308	0.270698	0.21959	0.196903	0.207155	0.244919	0.290788	0.33985	0.397038	0.462134	0.522619	0.556906	0.55488	0.497545	0.383456	
-0.452071	-0.328124	-0.192009	-0.0447724	0.0942199	0.231587	0.3445	0.407886	0.401951	0.347674	0.270698	0.201377	0.151564	0.120803	0.121439	0.151751	0.190593	0.232317	0.279542	0.343088	0.412223	0.471194	0.498994	0.471108	0.393111	
-0.35537	-0.221625	-0.0852783	0.0549824	0.181023	0.294724	0.368236	0.38842	0.354039	0.292614	0.21959	0.151564	0.0970249	0.0575196	0.0386376	0.0448266	0.0706682	0.103159	0.141932	0.207882	0.28739	0.368829	0.424936	0.428839	0.39332	
-0.20989	-0.0723211	0.0608549	0.188418	0.300342	0.385168	0.423243	0.409237	0.352816	0.278954	0.196903	0.120803	0.0575196	0.00629544	-0.0375928	-0.0590337	-0.0578758	-0.0424478	-0.00800945	0.0608362	0.151645	0.253263	0.331985	0.369505	0.375978	
-0.0303562	0.11545	0.244517	0.35606	0.441324	0.49508	0.50242	0.45937	0.385985	0.298121	0.207155	0.121439	0.0386376	-0.0375928	-0.10481	-0.155513	-0.180175	-0.18133	-0.154308	-0.0849932	0.0150845	0.126181	0.225695	0.293521	0.328155	
0.166557	0.322956	0.451889	0.542743	0.595839	0.610388	0.585391	0.51958	0.431637	0.336733	0.244919	0.151751	0.0448266	-0.0590337	-0.155513	-0.234917	-0.289746	-0.309656	-0.287511	-0.222156	-0.120348	-0.000882554	0.115558	0.197836	0.238221	
0.341875	0.51233	0.644394	0.718401	0.74263	0.724513	0.669235	0.581535	0.484172	0.386703	0.290788	0.190593	0.0706682	-0.0578758	-0.180175	-0.289746	-0.37299	-0.410236	-0.39896	-0.345125	-0.248651	-0.12683	-0.00902379	0.0764998	0.119009	
0.465637	0.65665	0.7967	0.866246	0.870734	0.82917	0.7486	0.648243	0.548121	0.444562	0.33985	0.232317	0.103159	-0.0424478	-0.18133	-0.309656	-0.410236	-0.461352	-0.467177	-0.431034	-0.348856	-0.244796	-0.142497	-0.0619592	-0.0196285	
0.536946	0.74119	0.890226	0.962957	0.962233	0.913287	0.824928	0.720244	0.615545	0.50813	0.397038	0.279542	0.141932	-0.00800945	-0.154308	-0.287511	-0.39896	-0.467177	-0.490819	-0.473021	-0.416949	-0.345366	-0.270628	-0.205276	-0.175045	
0.552296	0.762795	0.913687	0.98617	0.994731	0.957431	0.875231	0.775228	0.674652	0.572292	0.462134	0.343088	0.207882	0.0608362	-0.0849932	-0.222156	-0.345125	-0.431034	-0.473021	-0.479938	-0.462106	-0.427399	-0.384463	-0.344492	-0.331292	
0.517556	0.721905	0.871254	0.950861	0.967878	0.940417	0.877536	0.79558	0.711652	0.621293	0.522619	0.412223	0.28739	0.151645	0.0150845	-0.120348	-0.248651	-0.348856	-0.416949	-0.462106	-0.481613	-0.481743	-0.469862	-0.458555	-0.462274	
0.434544	0.633967	0.777966	0.855128	0.878832	0.86537	0.827778	0.771096	0.706838	0.63295	0.556906	0.471194	0.368829	0.253263	0.126181	-0.000882554	-0.12683	-0.244796	-0.345366	-0.427399	-0.481743	-0.515928	-0.535084	-0.547284	-0.556723	
0.330734	0.513335	0.642694	0.713275	0.74204	0.740123	0.722417	0.685895	0.646078	0.600699	0.55488	0.498994	0.424936	0.331985	0.225695	0.115558	-0.00902379	-0.142497	-0.270628	-0.384463	-0.469862	-0.535084	-0.580206	-0.60382	-0.608485	
0.231098	0.377555	0.476356	0.530573	0.554307	0.557917	0.548539	0.530628	0.522416	0.513024	0.497545	0.471108	0.428839	0.369505	0.293521	0.197836	0.0764998	-0.0619592	-0.205276	-0.344492	-0.458555	-0.547284	-0.60382	-0.625443	-0.623141	
0.130147	0.226752	0.28312	0.308133	0.313717	0.311668	0.307184	0.311855	0.338153	0.365341	0.383456	0.393111	0.39332	0.375978	0.328155	0.238221	0.119009	-0.0196285	-0.175045	-0.331292	-0.462274	-0.556723	-0.608485	-0.623141	-0.612591	
0.0438886	0.0858937	0.0984411	0.0853962	0.0589992	0.042658	0.0425009	0.0658222	0.116488	0.176886	0.22891	0.281648	0.323754	0.341193	0.312347	0.238898	0.125726	-0.0107376	-0.170479	-0.336313	-0.472	-0.559268	-0.60491	-0.61177	-0.588653	
-0.0144795	-0.0219079	-0.0522048	-0.10348	-0.160065	-0.188614	-0.189353	-0.155642	-0.0930593	-0.0120717	0.0735862	0.163408	0.239736	0.281956	0.280104	0.221034	0.119574	-0.016784	-0.180485	-0.340698	-0.472179	-0.55722	-0.596842	-0.594602	-0.55458	
-0.0420711	-0.0931083	-0.164847	-0.245269	-0.321686	-0.363669	-0.364505	-0.324753	-0.254878	-0.158627	-0.0507973	0.0610739	0.158066	0.226821	0.24842	0.207452	0.109384	-0.0307669	-0.192585	-0.34691	-0.475595	-0.559332	-0.591227	-0.575566	-0.517499	
-0.0460551	-0.130119	-0.238414	-0.346904	-0.435083	-0.486383	-0.491231	-0.44836	-0.365153	-0.248741	-0.124812	-0.00350519	0.107097	0.191962	0.225282	0.195266	0.102371	-0.0370643	-0.197677	-0.349338	-0.478542	-0.559229	-0.581253	-0.552989	-0.479793	
-0.038341	-0.146107	-0.28615	-0.414396	-0.509397	-0.563472	-0.567249	-0.518724	-0.425489	-0.298105	-0.16245	-0.0335715	0.0877482	0.182069	0.220683	0.190683	0.0997907	-0.0393741	-0.201974	-0.355668	-0.481366	-0.554575	-0.56761	-0.536187	-0.454748	
-0.0344919	-0.149213	-0.296422	-0.427839	-0.523219	-0.577004	-0.580126	-0.531004	-0.436332	-0.307134	-0.169149	-0.0378885	0.0849353	0.180793	0.220258	0.189637	0.0993223	-0.0397582	-0.20386	-0.358016	-0.482095	-0.553745	-0.565349	-0.532271	-0.450642	
-0.0444767	-0.138399	-0.260041	-0.378655	-0.470496	-0.523907	-0.528519	-0.482733	-0.395054	-0.272889	-0.143391	-0.0185284	0.0965194	0.186029	0.221623	0.192681	0.100955	-0.0382077	-0.19887	-0.350861	-0.479936	-0.557644	-0.575866	-0.545176	-0.467427	
-0.0454237	-0.111539	-0.198545	-0.289292	-0.371668	-0.418382	-0.420253	-0.379645	-0.304571	-0.200833	-0.0865256	0.0298008	0.132903	0.209491	0.237527	0.202524	0.105898	-0.0343271	-0.195506	-0.348297	-0.476512	-0.559932	-0.587922	-0.566177	-0.502114	
-0.0293059	-0.0549098	-0.101688	-0.165636	-0.231775	-0.265412	-0.266143	-0.229515	-0.164442	-0.0774421	0.0187167	0.119483	0.205492	0.258906	0.266802	0.214612	0.11528	-0.0224861	-0.185443	-0.343165	-0.473375	-0.557651	-0.594571	-0.587677	-0.540275	
0.0166398	0.038342	0.0336651	0.00434322	-0.0345414	-0.0566988	-0.056723	-0.0281241	0.028375	0.0988688	0.165259	0.234148	0.290844	0.318493	0.300695	0.232186	0.124059	-0.011678	-0.173801	-0.338631	-0.472894	-0.558102	-0.601527	-0.605122	-0.575576	
0.0929494	0.167465	0.206315	0.216314	0.209742	0.203549	0.201311	0.213587	0.250956	0.292211	0.323839	0.350871	0.36895	0.367001	0.325953	0.242725	0.124561	-0.0136965	-0.170493	-0.332423	-0.467093	-0.559166	-0.607518	-0.619487	-0.604527	
0.189847	0.317934	0.400767	0.445686	0.463756	0.465379	0.457748	0.449522	0.456019	0.461081	0.459159	0.44542	0.419053	0.375705	0.313395	0.219089	0.099436	-0.0392643	-0.188978	-0.335288	-0.457482	-0.551332	-0.607174	-0.626369	-0.620556	
0.290516	0.460725	0.580041	0.645203	0.673921	0.675519	0.662222	0.632514	0.60408	0.572594	0.538323	0.494976	0.432457	0.351503	0.255673	0.15342	0.0299406	-0.106984	-0.24209	-0.367196	-0.465017	-0.540248	-0.592574	-0.616651	-0.618481	
0.393553	0.588263	0.728278	0.803012	0.829148	0.820932	0.792452	0.744868	0.689959	0.626287	0.56196	0.488206	0.396928	0.28984	0.169696	0.0484037	-0.0769276	-0.202151	-0.315806	-0.410682	-0.477575	-0.524776	-0.555673	-0.574151	-0.582751	
0.489325	0.692031	0.838982	0.919726	0.938775	0.916504	0.864338	0.792311	0.715406	0.630768	0.539827	0.437445	0.319866	0.191868	0.058546	-0.0738812	-0.202019	-0.308209	-0.388528	-0.449664	-0.483369	-0.497175	-0.497938	-0.497028	-0.504696	
0.544251	0.752615	0.903691	0.978727	0.991762	0.958623	0.881809	0.787835	0.693492	0.595506	0.488408	0.371556	0.239447	0.0957286	-0.0467307	-0.184578	-0.310944	-0.403445	-0.454801	-0.475434	-0.473019	-0.452543	-0.422359	-0.393304	-0.388152	
0.54968	0.757991	0.908588	0.980688	0.982792	0.937024	0.85012	0.74608	0.640568	0.53404	0.422199	0.302741	0.164663	0.0151347	-0.132319	-0.266833	-0.382625	-0.458345	-0.488608	-0.479733	-0.437761	-0.38097	-0.319157	-0.262908	-0.238763	
0.501115	0.69796	0.841681	0.913013	0.912889	0.866051	0.779888	0.676549	0.575179	0.469648	0.361927	0.249946	0.11721	-0.032116	-0.175097	-0.305485	-0.410788	-0.468311	-0.481611	-0.452606	-0.378859	-0.287112	-0.194686	-0.118915	-0.0799228	
0.397088	0.57663	0.711282	0.78154	0.796356	0.767617	0.701085	0.607716	0.508443	0.408206	0.30998	0.207059	0.0830791	-0.0529073	-0.18276	-0.302973	-0.394634	-0.4374	-0.432524	-0.384949	-0.293384	-0.17595	-0.0623977	0.0220491	0.0656613	
0.242196	0.402472	0.532283	0.616041	0.657156	0.657164	0.619176	0.543295	0.451433	0.356422	0.263411	0.167686	0.0536323	-0.0612442	-0.168726	-0.260022	-0.327226	-0.354867	-0.335651	-0.274101	-0.173857	-0.0514267	0.0681138	0.152982	0.193396	
0.0479084	0.198576	0.327305	0.429934	0.501934	0.541184	0.535852	0.483657	0.403356	0.311247	0.219954	0.130586	0.0381782	-0.0489966	-0.127705	-0.189474	-0.225947	-0.234165	-0.209306	-0.140903	-0.0394275	0.0750041	0.182755	0.257935	0.296567	
-0.141678	-0.000979552	0.129471	0.251985	0.354825	0.427743	0.453237	0.426647	0.363261	0.28351	0.196396	0.116934	0.0469394	-0.0128623	-0.0657509	-0.0991779	-0.107933	-0.0990791	-0.0680783	0.00157118	0.0971098	0.203215	0.290086	0.341512	0.361371	
-0.302666	-0.167629	-0.0302391	0.104451	0.225076	0.327552	0.385962	0.391293	0.347813	0.282275	0.207252	0.136439	0.0797361	0.0364654	0.007077	0.0024833	0.0192898	0.045221	0.0831506	0.150009	0.233652	0.323806	0.389774	0.407061	0.389263	
-0.418754	-0.291048	-0.154422	-0.00876833	0.12483	0.252842	0.350846	0.397413	0.378928	0.321289	0.246593	0.178395	0.127633	0.093368	0.0879443	0.109885	0.144828	0.183445	0.226622	0.290859	0.364252	0.431808	0.471367	0.456382	0.394916	
-0.488299	-0.370913	-0.237972	-0.0898437	0.0588904	0.207563	0.340408	0.424234	0.438748	0.393245	0.313955	0.241498	0.191428	0.16547	0.171861	0.209433	0.252192	0.298458	0.351923	0.416075	0.479932	0.524718	0.535054	0.488775	0.388168	
