0.965151	0.971279	0.940977	0.889011	0.826962	0.776977	0.741491	0.723907	0.729696	0.758635	0.788806	0.807483	0.828365	0.840131	0.831654	0.800233	0.745442	0.667859	0.576158	0.48043	0.369481	0.249194	0.131969	0.0279024	-0.0831693	
0.971279	0.998203	0.987925	0.953472	0.909675	0.879538	0.8614	0.856453	0.879342	0.921805	0.95529	0.965476	0.966683	0.947375	0.901334	0.837606	0.751326	0.650547	0.553674	0.463242	0.36647	0.265728	0.172065	0.0854748	0.00118887	
0.940977	0.987925	0.997494	0.974433	0.948994	0.936396	0.934632	0.938508	0.961384	1.00115	1.03391	1.03742	1.01677	0.964902	0.893521	0.805709	0.697158	0.579595	0.481145	0.392883	0.308279	0.230666	0.162131	0.0989109	0.0452296	
0.889011	0.953472	0.974433	0.967063	0.965375	0.969947	0.973597	0.975817	0.988595	1.0174	1.03531	1.01963	0.972643	0.899692	0.814163	0.71454	0.597519	0.478961	0.379955	0.290061	0.210883	0.152987	0.108109	0.0734089	0.0545744	
0.826962	0.909675	0.948994	0.965375	0.975738	0.985841	0.990235	0.99107	0.987567	0.985155	0.970958	0.928993	0.860312	0.7703	0.672937	0.57171	0.462049	0.355371	0.2575	0.168868	0.0926028	0.0482947	0.0230371	0.0169776	0.0307586	
0.776977	0.879538	0.936396	0.969947	0.985841	0.995899	0.996193	0.982415	0.946313	0.90335	0.853073	0.78389	0.692384	0.588971	0.485712	0.387518	0.293165	0.199981	0.114061	0.0351076	-0.0280941	-0.0625919	-0.0668551	-0.0511977	-0.0146925	
0.741491	0.8614	0.934632	0.973597	0.990235	0.996193	0.981344	0.935768	0.866258	0.786965	0.699746	0.597657	0.492084	0.38804	0.283801	0.188152	0.107157	0.0300835	-0.0372486	-0.0925426	-0.132819	-0.149153	-0.132804	-0.10133	-0.0587379	
0.723907	0.856453	0.938508	0.975817	0.99107	0.982415	0.935768	0.862301	0.769749	0.658592	0.53171	0.406069	0.299366	0.197752	0.0935597	0.00206334	-0.0653896	-0.128443	-0.17256	-0.196863	-0.207131	-0.199589	-0.164862	-0.123649	-0.0854807	
0.729696	0.879342	0.961384	0.988595	0.987567	0.946313	0.866258	0.769749	0.654649	0.517002	0.371055	0.239147	0.127749	0.0266732	-0.0721941	-0.151533	-0.211681	-0.257326	-0.273846	-0.264693	-0.248673	-0.218858	-0.171947	-0.126876	-0.0931954	
0.758635	0.921805	1.00115	1.0174	0.985155	0.90335	0.786965	0.658592	0.517002	0.371019	0.226752	0.0907339	-0.0257321	-0.122175	-0.206647	-0.279317	-0.331191	-0.354041	-0.339149	-0.306765	-0.270989	-0.225681	-0.174208	-0.132385	-0.0992371	
0.788806	0.95529	1.03391	1.03531	0.970958	0.853073	0.699746	0.53171	0.371055	0.226752	0.0858537	-0.0472376	-0.159572	-0.241975	-0.311797	-0.371344	-0.405919	-0.402778	-0.368529	-0.324425	-0.274435	-0.21964	-0.170911	-0.136749	-0.104396	
0.807483	0.965476	1.03742	1.01963	0.928993	0.78389	0.597657	0.406069	0.239147	0.0907339	-0.0472376	-0.171969	-0.272672	-0.341225	-0.386439	-0.418134	-0.423942	-0.402662	-0.363548	-0.316293	-0.259981	-0.20383	-0.160429	-0.13293	-0.107345	
0.828365	0.966683	1.01677	0.972643	0.860312	0.692384	0.492084	0.299366	0.127749	-0.0257321	-0.159572	-0.272672	-0.365588	-0.417411	-0.436411	-0.432239	-0.406824	-0.371585	-0.333668	-0.289453	-0.238775	-0.191494	-0.153406	-0.131972	-0.1201	
0.840131	0.947375	0.964902	0.899692	0.7703	0.588971	0.38804	0.197752	0.0266732	-0.122175	-0.241975	-0.341225	-0.417411	-0.454975	-0.455215	-0.422613	-0.371174	-0.324937	-0.28612	-0.245449	-0.208732	-0.177903	-0.151323	-0.140949	-0.144905	
0.831654	0.901334	0.893521	0.814163	0.672937	0.485712	0.283801	0.0935597	-0.0721941	-0.206647	-0.311797	-0.386439	-0.436411	-0.455215	-0.441286	-0.395481	-0.337493	-0.286061	-0.239255	-0.199851	-0.175857	-0.162912	-0.154041	-0.160576	-0.174826	
0.800233	0.837606	0.805709	0.71454	0.57171	0.387518	0.188152	0.00206334	-0.151533	-0.279317	-0.371344	-0.418134	-0.432239	-0.422613	-0.395481	-0.356578	-0.309634	-0.25444	-0.204124	-0.171892	-0.158282	-0.155083	-0.163216	-0.182965	-0.198633	
0.745442	0.751326	0.697158	0.597519	0.462049	0.293165	0.107157	-0.0653896	-0.211681	-0.331191	-0.405919	-0.423942	-0.406824	-0.371174	-0.337493	-0.309634	-0.268423	-0.215277	-0.178754	-0.165199	-0.157813	-0.158995	-0.174382	-0.194446	-0.20069	
0.667859	0.650547	0.579595	0.478961	0.355371	0.199981	0.0300835	-0.128443	-0.257326	-0.354041	-0.402778	-0.402662	-0.371585	-0.324937	-0.286061	-0.25444	-0.215277	-0.177228	-0.164324	-0.16443	-0.165035	-0.171978	-0.185414	-0.190492	-0.182804	
0.576158	0.553674	0.481145	0.379955	0.2575	0.114061	-0.0372486	-0.17256	-0.273846	-0.339149	-0.368529	-0.363548	-0.333668	-0.28612	-0.239255	-0.204124	-0.178754	-0.164324	-0.162957	-0.169109	-0.180124	-0.193789	-0.197181	-0.188498	-0.171382	
0.48043	0.463242	0.392883	0.290061	0.168868	0.0351076	-0.0925426	-0.196863	-0.264693	-0.306765	-0.324425	-0.316293	-0.289453	-0.245449	-0.199851	-0.171892	-0.165199	-0.16443	-0.169109	-0.180085	-0.194951	-0.200951	-0.195857	-0.185593	-0.170775	
0.369481	0.36647	0.308279	0.210883	0.0926028	-0.0280941	-0.132819	-0.207131	-0.248673	-0.270989	-0.274435	-0.259981	-0.238775	-0.208732	-0.175857	-0.158282	-0.157813	-0.165035	-0.180124	-0.194951	-0.195651	-0.186427	-0.178634	-0.175548	-0.165493	
0.249194	0.265728	0.230666	0.152987	0.0482947	-0.0625919	-0.149153	-0.199589	-0.218858	-0.225681	-0.21964	-0.20383	-0.191494	-0.177903	-0.162912	-0.155083	-0.158995	-0.171978	-0.193789	-0.200951	-0.186427	-0.169188	-0.16416	-0.161159	-0.155563	
0.131969	0.172065	0.162131	0.108109	0.0230371	-0.0668551	-0.132804	-0.164862	-0.171947	-0.174208	-0.170911	-0.160429	-0.153406	-0.151323	-0.154041	-0.163216	-0.174382	-0.185414	-0.197181	-0.195857	-0.178634	-0.16416	-0.157205	-0.152429	-0.150375	
0.0279024	0.0854748	0.0989109	0.0734089	0.0169776	-0.0511977	-0.10133	-0.123649	-0.126876	-0.132385	-0.136749	-0.13293	-0.131972	-0.140949	-0.160576	-0.182965	-0.194446	-0.190492	-0.188498	-0.185593	-0.175548	-0.161159	-0.152429	-0.149494	-0.152541	
-0.0831693	0.00118887	0.0452296	0.0545744	0.0307586	-0.0146925	-0.0587379	-0.0854807	-0.0931954	-0.0992371	-0.104396	-0.107345	-0.1201	-0.144905	-0.174826	-0.198633	-0.20069	-0.182804	-0.171382	-0.170775	-0.165493	-0.155563	-0.150375	-0.152541	-0.153711	
-0.194086	-0.081654	0.00206274	0.0563509	0.0707203	0.044564	-0.000134901	-0.0397687	-0.0607839	-0.0731484	-0.0810943	-0.0919628	-0.117736	-0.152458	-0.183334	-0.202442	-0.200565	-0.178174	-0.16129	-0.154615	-0.15266	-0.154178	-0.160917	-0.16254	-0.157139	
-0.289364	-0.14622	-0.027643	0.0628233	0.109838	0.106211	0.066812	0.0154882	-0.025274	-0.0567285	-0.0804867	-0.102629	-0.132629	-0.161508	-0.180996	-0.193726	-0.195792	-0.181703	-0.163896	-0.149559	-0.143836	-0.154596	-0.170802	-0.174228	-0.162456	
-0.363399	-0.193705	-0.0450009	0.0714309	0.137473	0.148203	0.118633	0.0678954	0.0130419	-0.0442179	-0.0941021	-0.131503	-0.15916	-0.172952	-0.1735	-0.174807	-0.17964	-0.177579	-0.171259	-0.157433	-0.145652	-0.149688	-0.166787	-0.173235	-0.163172	
-0.424459	-0.226239	-0.0519113	0.0812619	0.157576	0.176929	0.15572	0.106838	0.0417942	-0.0361462	-0.10711	-0.153152	-0.17678	-0.179395	-0.168787	-0.160188	-0.15875	-0.160138	-0.166965	-0.168441	-0.158344	-0.151277	-0.154032	-0.156732	-0.151379	
-0.462968	-0.248455	-0.0530117	0.0969546	0.181102	0.20343	0.182755	0.131177	0.0563373	-0.0357759	-0.115688	-0.162	-0.179863	-0.18101	-0.172494	-0.162763	-0.152589	-0.14585	-0.158906	-0.177456	-0.180355	-0.166666	-0.151746	-0.141201	-0.140487	
-0.469586	-0.250591	-0.052185	0.0994233	0.18566	0.208944	0.188676	0.135393	0.0578819	-0.0364571	-0.118084	-0.163077	-0.180192	-0.18077	-0.174032	-0.164775	-0.15251	-0.143234	-0.156243	-0.179405	-0.18538	-0.171475	-0.151488	-0.137898	-0.137523	
-0.44301	-0.237374	-0.0528197	0.0885136	0.1678	0.188542	0.16795	0.119015	0.0502375	-0.0345996	-0.110574	-0.158496	-0.179521	-0.180752	-0.169365	-0.159713	-0.154731	-0.153233	-0.16383	-0.172913	-0.168303	-0.1572	-0.152291	-0.149337	-0.14648	
-0.389885	-0.207771	-0.0489972	0.0738496	0.144943	0.159833	0.134515	0.0845603	0.0254612	-0.040264	-0.0998737	-0.141532	-0.168735	-0.176694	-0.170735	-0.166401	-0.169737	-0.171237	-0.170694	-0.161702	-0.148383	-0.148104	-0.160717	-0.167336	-0.158616	
-0.321203	-0.168017	-0.0363069	0.0668817	0.123067	0.126393	0.0900989	0.0378673	-0.00942175	-0.0513724	-0.0848832	-0.113434	-0.142583	-0.166521	-0.178324	-0.186919	-0.19087	-0.182252	-0.168129	-0.151741	-0.143325	-0.153101	-0.171931	-0.17656	-0.16465	
-0.234681	-0.109062	-0.0109479	0.0584887	0.0872781	0.0701603	0.0271617	-0.0182466	-0.0470188	-0.0655145	-0.0788172	-0.0931314	-0.121633	-0.155074	-0.183579	-0.200755	-0.199942	-0.179169	-0.160525	-0.150609	-0.147824	-0.154816	-0.165849	-0.167864	-0.159125	
-0.128516	-0.0336011	0.0262752	0.0538824	0.0445962	0.00709619	-0.0374083	-0.0685182	-0.0803338	-0.0873491	-0.0924725	-0.0991924	-0.117545	-0.147847	-0.179059	-0.202081	-0.201195	-0.179482	-0.165514	-0.163966	-0.160768	-0.154336	-0.153327	-0.155684	-0.154935	
-0.0154214	0.0521991	0.076043	0.0629314	0.0192902	-0.0397922	-0.0857589	-0.108555	-0.112965	-0.11894	-0.124141	-0.122013	-0.126533	-0.141491	-0.16653	-0.190302	-0.198612	-0.187885	-0.181549	-0.180319	-0.172407	-0.158599	-0.149923	-0.149707	-0.152869	
0.0896525	0.136693	0.136158	0.0932679	0.0185543	-0.0619446	-0.120862	-0.147366	-0.152326	-0.156136	-0.156206	-0.14812	-0.142193	-0.144906	-0.154654	-0.170761	-0.183361	-0.189798	-0.195487	-0.192392	-0.177585	-0.163663	-0.155808	-0.151091	-0.151194	
0.20086	0.227586	0.20257	0.133673	0.0360955	-0.0678124	-0.146204	-0.18889	-0.20141	-0.204766	-0.199096	-0.184569	-0.174716	-0.165677	-0.158389	-0.156451	-0.163595	-0.177247	-0.196837	-0.199446	-0.181853	-0.16574	-0.160671	-0.156509	-0.15192	
0.322026	0.325724	0.276112	0.185504	0.0708834	-0.0453284	-0.142785	-0.207267	-0.239736	-0.253871	-0.251716	-0.236559	-0.219375	-0.196534	-0.169909	-0.156119	-0.156382	-0.166635	-0.186136	-0.199434	-0.192526	-0.178716	-0.171927	-0.169772	-0.161559	
0.438285	0.425961	0.358457	0.256454	0.135881	0.006714	-0.110877	-0.202573	-0.258907	-0.293168	-0.305173	-0.294239	-0.269889	-0.2302	-0.188465	-0.164437	-0.161811	-0.163983	-0.172769	-0.18649	-0.197354	-0.196879	-0.189719	-0.182358	-0.169568	
0.538518	0.517337	0.445466	0.343614	0.220937	0.0817065	-0.0608985	-0.183801	-0.271635	-0.326574	-0.35148	-0.34569	-0.316999	-0.270065	-0.221365	-0.188517	-0.171599	-0.16441	-0.16461	-0.172832	-0.18706	-0.19987	-0.19899	-0.18839	-0.170785	
0.632146	0.610917	0.537346	0.43666	0.315161	0.164748	0.00127358	-0.14996	-0.267934	-0.351902	-0.392048	-0.389135	-0.357132	-0.309015	-0.266757	-0.232629	-0.197703	-0.169158	-0.162459	-0.165136	-0.169995	-0.180503	-0.190496	-0.189008	-0.176358	
0.716706	0.711517	0.650078	0.549259	0.417662	0.255505	0.0765617	-0.0906203	-0.232708	-0.344663	-0.409005	-0.417804	-0.392929	-0.351198	-0.316012	-0.288654	-0.247066	-0.198088	-0.171231	-0.164927	-0.160043	-0.163256	-0.178431	-0.19394	-0.194739	
0.78128	0.805918	0.764445	0.669506	0.529094	0.349578	0.154102	-0.0270474	-0.176911	-0.303057	-0.389244	-0.424028	-0.423961	-0.402707	-0.372305	-0.339429	-0.295665	-0.239489	-0.192412	-0.167443	-0.156736	-0.155524	-0.167547	-0.189282	-0.202634	
0.821602	0.877515	0.860727	0.776515	0.632664	0.445719	0.244031	0.0545314	-0.106792	-0.237628	-0.337613	-0.400934	-0.437551	-0.445855	-0.42593	-0.380851	-0.32662	-0.273711	-0.223882	-0.185795	-0.166007	-0.158533	-0.157261	-0.170332	-0.185932	
0.839651	0.932401	0.937818	0.865877	0.731193	0.547446	0.346442	0.155263	-0.014229	-0.157421	-0.270817	-0.361613	-0.428273	-0.459652	-0.453643	-0.413419	-0.356124	-0.30791	-0.26653	-0.226291	-0.194201	-0.17118	-0.15157	-0.148123	-0.156595	
0.834426	0.961412	0.999971	0.947425	0.826468	0.651452	0.450746	0.260245	0.087306	-0.0663874	-0.195102	-0.303298	-0.391194	-0.437249	-0.447875	-0.431017	-0.393772	-0.353365	-0.316231	-0.273828	-0.228514	-0.18675	-0.152282	-0.134564	-0.129429	
0.815739	0.967766	1.03193	1.00321	0.90465	0.750355	0.554892	0.360277	0.191777	0.0412055	-0.0954901	-0.215956	-0.313775	-0.375635	-0.409111	-0.427101	-0.420223	-0.393371	-0.35359	-0.307519	-0.252154	-0.198809	-0.156168	-0.130854	-0.110293	
0.796835	0.96066	1.03935	1.03348	0.957263	0.827522	0.660262	0.480384	0.316284	0.170746	0.0311322	-0.0989321	-0.206898	-0.283885	-0.344757	-0.394696	-0.419127	-0.407957	-0.370398	-0.323486	-0.270198	-0.213819	-0.167144	-0.135355	-0.105245	
