0.744517	0.509231	0.304978	0.158956	0.0721767	0.0286879	0.0100445	0.00311898	0.000864591	0.000215283	4.84267e-05	9.8923e-06	1.84376e-06	3.14902e-07	4.94784e-08	7.17756e-09	9.6445e-10	1.204e-10	1.40027e-11	1.52105e-12	1.54681e-13	1.47584e-14	1.32383e-15	1.11848e-16	8.91643e-18	
0.509231	0.312941	0.168539	0.0794418	0.0328657	0.0119932	0.00388283	0.00112198	0.000291052	6.81521e-05	1.44782e-05	2.80351e-06	4.96938e-07	8.09499e-08	1.2162e-08	1.69083e-09	2.1818e-10	2.62038e-11	2.93675e-12	3.07865e-13	3.02556e-14	2.79317e-15	2.42699e-16	1.98836e-17	1.53854e-18	
0.304978	0.168539	0.0820126	0.0351687	0.0133346	0.00449128	0.00135076	0.000364667	8.88264e-05	1.96165e-05	3.94552e-06	7.25787e-07	1.22581e-07	1.90766e-08	2.74458e-09	3.66158e-10	4.54258e-11	5.25424e-12	5.67989e-13	5.75135e-14	5.46645e-15	4.88647e-16	4.11557e-17	3.27153e-18	2.45841e-19	
0.158956	0.0794418	0.0351687	0.0138134	0.00482969	0.00150951	0.00042368	0.000107285	2.46211e-05	5.14298e-06	9.81809e-07	1.71947e-07	2.77235e-08	4.12873e-09	5.69667e-10	7.30276e-11	8.72078e-12	9.72491e-13	1.015e-13	9.93599e-15	9.14085e-16	7.91762e-17	6.46827e-18	4.99199e-19	3.64517e-20	
0.0721767	0.0328657	0.0133346	0.00482969	0.00156641	0.000456633	0.000120133	2.86405e-05	6.21256e-06	1.23088e-06	2.23569e-07	3.73558e-08	5.76053e-09	8.22314e-10	1.08971e-10	1.34406e-11	1.54681e-12	1.66476e-13	1.67919e-14	1.59055e-15	1.41747e-16	1.19059e-17	9.44084e-19	7.0784e-20	5.02543e-21	
0.0286879	0.0119932	0.00449128	0.00150951	0.000456633	0.000124746	3.08875e-05	6.95725e-06	1.43076e-06	2.69585e-07	4.66956e-08	7.45907e-09	1.10209e-09	1.51041e-10	1.9251e-11	2.28752e-12	2.53998e-13	2.64112e-14	2.57703e-15	2.36401e-16	2.04246e-17	1.66479e-18	1.28221e-19	9.3453e-21	6.45473e-22	
0.0100445	0.00388283	0.00135076	0.00042368	0.000120133	3.08875e-05	7.22463e-06	1.54245e-06	3.01581e-07	5.41735e-08	8.96798e-09	1.37214e-09	1.94582e-10	2.56414e-11	3.14762e-12	3.60771e-13	3.86932e-14	3.89114e-15	3.67617e-16	3.2687e-17	2.74003e-18	2.16888e-19	1.62357e-20	1.15103e-21	7.73866e-23	
0.00311898	0.00112198	0.000364667	0.000107285	2.86405e-05	6.95725e-06	1.54245e-06	3.13062e-07	5.83462e-08	1.00148e-08	1.58765e-09	2.33098e-10	3.17769e-11	4.03219e-12	4.77344e-13	5.28362e-14	5.47944e-15	5.33444e-16	4.88409e-17	4.2128e-18	3.42893e-19	2.63764e-20	1.92031e-21	1.32503e-22	8.67651e-24	
0.000864591	0.000291052	8.88264e-05	2.46211e-05	6.21256e-06	1.43076e-06	3.01581e-07	5.83462e-08	1.039e-08	1.70768e-09	2.59742e-10	3.66549e-11	4.81096e-12	5.88632e-13	6.72852e-14	7.20042e-15	7.22786e-16	6.81834e-17	6.05513e-18	5.07064e-19	4.01028e-20	2.99986e-21	2.12545e-22	1.42824e-23	9.11368e-25	
0.000215283	6.81521e-05	1.96165e-05	5.14298e-06	1.23088e-06	2.69585e-07	5.41735e-08	1.00148e-08	1.70768e-09	2.69278e-10	3.93654e-11	5.34801e-12	6.76753e-13	7.99431e-14	8.83379e-15	9.14923e-16	8.89827e-17	8.14101e-18	7.01827e-19	5.71018e-20	4.39128e-21	3.19647e-22	2.20534e-23	1.44399e-24	8.98379e-26	
4.84267e-05	1.44782e-05	3.94552e-06	9.81809e-07	2.23569e-07	4.66956e-08	8.96798e-09	1.58765e-09	2.59742e-10	3.93654e-11	5.53991e-12	7.256e-13	8.86434e-14	1.01218e-14	1.0824e-15	1.08607e-16	1.02435e-17	9.09685e-19	7.61884e-20	6.02703e-21	4.50987e-22	3.19645e-23	2.14872e-24	1.37164e-25	8.32454e-27	
9.8923e-06	2.80351e-06	7.25787e-07	1.71947e-07	3.73558e-08	7.45907e-09	1.37214e-09	2.33098e-10	3.66549e-11	5.34801e-12	7.256e-13	9.17472e-14	1.08339e-14	1.19712e-15	1.24017e-16	1.20669e-17	1.10466e-18	9.52998e-20	7.75993e-21	5.97263e-22	4.35135e-23	3.00475e-24	1.96911e-25	1.22611e-26	7.26244e-28	
1.84376e-06	4.96938e-07	1.22581e-07	2.77235e-08	5.76053e-09	1.10209e-09	1.94582e-10	3.17769e-11	4.81096e-12	6.76753e-13	8.86434e-14	1.08339e-14	1.23798e-15	1.32516e-16	1.33118e-17	1.25713e-18	1.11793e-19	9.37615e-21	7.42785e-22	5.56606e-23	3.95064e-24	2.65938e-25	1.69989e-26	1.03298e-27	5.97424e-29	
3.14902e-07	8.09499e-08	1.90766e-08	4.12873e-09	8.22314e-10	1.51041e-10	2.56414e-11	4.03219e-12	5.88632e-13	7.99431e-14	1.01218e-14	1.19712e-15	1.32516e-16	1.37545e-17	1.34101e-18	1.23016e-19	1.06349e-20	8.67764e-22	6.6927e-23	4.88576e-24	3.38036e-25	2.21942e-26	1.38445e-27	8.21431e-29	4.64075e-30	
4.94784e-08	1.2162e-08	2.74458e-09	5.69667e-10	1.08971e-10	1.9251e-11	3.14762e-12	4.77344e-13	6.72852e-14	8.83379e-15	1.0824e-15	1.24017e-16	1.33118e-17	1.34101e-18	1.27001e-19	1.13257e-20	9.52541e-22	7.56667e-23	5.68511e-24	4.04548e-25	2.72993e-26	1.7491e-27	1.06527e-28	6.17402e-30	3.40878e-31	
7.17756e-09	1.69083e-09	3.66158e-10	7.30276e-11	1.34406e-11	2.28752e-12	3.60771e-13	5.28362e-14	7.20042e-15	9.14923e-16	1.08607e-16	1.20669e-17	1.25713e-18	1.23016e-19	1.13257e-20	9.82587e-22	8.04519e-23	6.22565e-24	4.55944e-25	3.16435e-26	2.08374e-27	1.30347e-28	7.7545e-30	4.39204e-31	2.37075e-32	
9.6445e-10	2.1818e-10	4.54258e-11	8.72078e-12	1.54681e-12	2.53998e-13	3.86932e-14	5.47944e-15	7.22786e-16	8.89827e-17	1.02435e-17	1.10466e-18	1.11793e-19	1.06349e-20	9.52541e-22	8.04519e-23	6.41693e-24	4.84021e-25	3.45723e-26	2.34137e-27	1.50529e-28	9.19768e-30	5.34719e-31	2.96087e-32	1.56314e-33	
1.204e-10	2.62038e-11	5.25424e-12	9.72491e-13	1.66476e-13	2.64112e-14	3.89114e-15	5.33444e-16	6.81834e-17	8.14101e-18	9.09685e-19	9.52998e-20	9.37615e-21	8.67764e-22	7.56667e-23	6.22565e-24	4.84021e-25	3.56071e-26	2.4818e-27	1.64096e-28	1.03048e-29	6.15302e-31	3.49712e-32	1.89389e-33	9.78251e-35	
1.40027e-11	2.93675e-12	5.67989e-13	1.015e-13	1.67919e-14	2.57703e-15	3.67617e-16	4.88409e-17	6.05513e-18	7.01827e-19	7.61884e-20	7.75993e-21	7.42785e-22	6.6927e-23	5.68511e-24	4.55944e-25	3.45723e-26	2.4818e-27	1.68882e-28	1.0907e-29	6.69321e-31	3.9071e-32	2.17182e-33	1.15075e-34	5.81762e-36	
1.52105e-12	3.07865e-13	5.75135e-14	9.93599e-15	1.59055e-15	2.36401e-16	3.2687e-17	4.2128e-18	5.07064e-19	5.71018e-20	6.02703e-21	5.97263e-22	5.56606e-23	4.88576e-24	4.04548e-25	3.16435e-26	2.34137e-27	1.64096e-28	1.0907e-29	6.88353e-31	4.12963e-32	2.35763e-33	1.28219e-34	6.64931e-36	3.29121e-37	
1.54681e-13	3.02556e-14	5.46645e-15	9.14085e-16	1.41747e-16	2.04246e-17	2.74003e-18	3.42893e-19	4.01028e-20	4.39128e-21	4.50987e-22	4.35135e-23	3.95064e-24	3.38036e-25	2.72993e-26	2.08374e-27	1.50529e-28	1.03048e-29	6.69321e-31	4.12963e-32	2.423e-33	1.3534e-34	7.2039e-36	3.65766e-37	1.77311e-38	
1.47584e-14	2.79317e-15	4.88647e-16	7.91762e-17	1.19059e-17	1.66479e-18	2.16888e-19	2.63764e-20	2.99986e-21	3.19647e-22	3.19645e-23	3.00475e-24	2.65938e-25	2.21942e-26	1.7491e-27	1.30347e-28	9.19768e-30	6.15302e-31	3.9071e-32	2.35763e-33	1.3534e-34	7.39878e-36	3.85579e-37	1.91735e-38	9.1058e-40	
1.32383e-15	2.42699e-16	4.11557e-17	6.46827e-18	9.44084e-19	1.28221e-19	1.62357e-20	1.92031e-21	2.12545e-22	2.20534e-23	2.14872e-24	1.96911e-25	1.69989e-26	1.38445e-27	1.06527e-28	7.7545e-30	5.34719e-31	3.49712e-32	2.17182e-33	1.28219e-34	7.2039e-36	3.85579e-37	1.96797e-38	9.58714e-40	4.46187e-41	
1.11848e-16	1.98836e-17	3.27153e-18	4.99199e-19	7.0784e-20	9.3453e-21	1.15103e-21	1.32503e-22	1.42824e-23	1.44399e-24	1.37164e-25	1.22611e-26	1.03298e-27	8.21431e-29	6.17402e-30	4.39204e-31	2.96087e-32	1.89389e-33	1.15075e-34	6.64931e-36	3.65766e-37	1.91735e-38	9.58714e-40	4.57689e-41	2.08799e-42	
8.91643e-18	1.53854e-18	2.45841e-19	3.64517e-20	5.02543e-21	6.45473e-22	7.73866e-23	8.67651e-24	9.11368e-25	8.98379e-26	8.32454e-27	7.26244e-28	5.97424e-29	4.64075e-30	3.40878e-31	2.37075e-32	1.56314e-33	9.78251e-35	5.81762e-36	3.29121e-37	1.77311e-38	9.1058e-40	4.46187e-41	2.08799e-42	9.33962e-44	
6.71797e-19	1.12613e-19	1.74901e-20	2.522e-21	3.38318e-22	4.23047e-23	4.94046e-24	5.39839e-25	5.52905e-26	5.31702e-27	4.80868e-28	4.0964e-29	3.2919e-30	2.49907e-31	1.79469e-32	1.22079e-33	7.87544e-35	4.82395e-36	2.80877e-37	1.55626e-38	8.21391e-40	4.13375e-41	1.98552e-42	9.11023e-44	3.99653e-45	
4.79112e-20	7.80866e-21	1.17972e-21	1.65556e-22	2.16251e-23	2.63434e-24	2.99859e-25	3.19516e-26	3.19274e-27	2.99685e-28	2.64667e-29	2.20262e-30	1.72991e-31	1.28401e-32	9.01889e-34	6.00257e-35	3.79011e-36	2.27303e-37	1.29622e-38	7.03615e-40	3.63929e-41	1.79533e-42	8.45509e-44	3.80476e-45	1.63733e-46	
3.23904e-21	5.13661e-22	7.55429e-23	1.03247e-23	1.31404e-24	1.56043e-25	1.73227e-26	1.801e-27	1.75671e-28	1.61029e-29	1.38939e-30	1.13011e-31	8.67827e-33	6.30034e-34	4.33003e-35	2.82075e-36	1.74385e-37	1.0243e-38	5.72263e-40	3.04418e-41	1.54343e-42	7.46555e-44	3.44819e-45	1.52215e-46	6.42718e-48	
2.0787e-22	3.20982e-23	4.59839e-24	6.12468e-25	7.59977e-26	8.80267e-27	9.53566e-28	9.67831e-29	9.21974e-30	8.25718e-31	6.96352e-32	5.53821e-33	4.15989e-34	2.95506e-35	1.98788e-36	1.26795e-37	7.6775e-39	4.41811e-40	2.41895e-41	1.26136e-42	6.27056e-44	2.97466e-45	1.3478e-46	5.83775e-48	2.41912e-49	
1.29163e-23	1.94195e-24	2.7099e-25	3.51726e-26	4.25484e-27	4.80671e-28	5.08068e-29	5.03376e-30	4.6829e-31	4.09737e-32	3.37715e-33	2.62605e-34	1.92924e-35	1.34089e-36	8.82848e-38	5.51323e-39	3.26939e-40	1.84313e-41	9.88869e-43	5.05433e-44	2.4635e-45	1.14608e-46	5.09373e-48	2.16465e-49	8.80283e-51	
4.92334e-24	7.29377e-25	1.00238e-25	1.28071e-26	1.52452e-27	1.69421e-28	1.76117e-29	1.71573e-30	1.56923e-31	1.34973e-32	1.09355e-33	8.35851e-35	6.03605e-36	4.12398e-37	2.66929e-38	1.63884e-39	9.55565e-41	5.2974e-42	2.79521e-43	1.40529e-44	6.73824e-46	3.08435e-47	1.34898e-48	5.64219e-50	2.25862e-51	
7.00222e-23	1.06646e-23	1.50596e-24	1.97604e-25	2.41442e-26	2.75269e-27	2.93417e-28	2.92966e-29	2.74496e-30	2.41762e-31	2.00487e-32	1.56786e-33	1.15797e-34	8.08844e-36	5.35054e-37	3.35621e-38	1.9987e-39	1.13135e-40	6.0936e-42	3.12632e-43	1.52937e-44	7.14041e-46	3.18465e-47	1.35801e-48	5.54128e-50	
1.11214e-21	1.73959e-22	2.52188e-23	3.39576e-24	4.25604e-25	4.9753e-26	5.43545e-27	5.56e-28	5.33489e-29	4.80993e-30	4.08161e-31	3.26502e-32	2.46577e-33	1.76056e-34	1.19007e-35	7.62558e-37	4.63756e-38	2.67997e-39	1.47325e-40	7.71243e-42	3.8487e-43	1.83258e-44	8.33371e-46	3.62261e-47	1.50653e-48	
1.67855e-20	2.69827e-21	4.01834e-22	5.55591e-23	7.14703e-24	8.57131e-25	9.60234e-26	1.00679e-26	9.89756e-28	9.13896e-29	7.93905e-30	6.49879e-31	5.02049e-32	3.6655e-33	2.53273e-34	1.65837e-35	1.03027e-36	6.08011e-38	3.41233e-39	1.82321e-40	9.28355e-42	4.50928e-43	2.09132e-44	9.26912e-46	3.92946e-47	
2.40291e-19	3.97259e-20	6.08172e-21	8.6402e-22	1.1415e-22	1.40531e-23	1.61536e-24	1.73698e-25	1.75044e-26	1.6561e-27	1.47347e-28	1.23483e-29	9.76225e-31	7.29119e-32	5.15177e-33	3.44824e-34	2.18911e-35	1.31974e-36	7.56401e-38	4.12606e-39	2.14431e-40	1.06277e-41	5.02801e-43	2.27276e-44	9.82394e-46	
3.25802e-18	5.54397e-19	8.73164e-20	1.27555e-20	1.73194e-21	2.19022e-22	2.58476e-23	2.85211e-24	2.94797e-25	2.85932e-26	2.60685e-27	2.23764e-28	1.81115e-29	1.38436e-30	1.00065e-31	6.84909e-33	4.44488e-34	2.73834e-35	1.60331e-36	8.93167e-38	4.73899e-39	2.39725e-40	1.15726e-41	5.33625e-43	2.35238e-44	
4.17763e-17	7.32319e-18	1.18756e-18	1.78526e-19	2.4931e-20	3.24083e-21	3.9293e-22	4.45197e-23	4.72251e-24	4.69844e-25	4.39176e-26	3.8631e-27	3.20278e-28	2.50645e-29	1.85417e-30	1.29834e-31	8.61662e-33	5.4266e-34	3.24693e-35	1.84781e-36	1.00125e-37	5.17101e-39	2.54784e-40	1.19878e-41	5.39085e-43	
5.05789e-16	9.14212e-17	1.52779e-17	2.36548e-18	3.40023e-19	4.5469e-20	5.66772e-21	6.59823e-22	7.18765e-23	7.33955e-24	7.03765e-25	6.34718e-26	5.39283e-27	4.32308e-28	3.27444e-29	2.34663e-30	1.59326e-31	1.02614e-32	6.27653e-34	3.65024e-35	2.0206e-36	1.06573e-37	5.36106e-39	2.57452e-40	1.18134e-41	
5.77203e-15	1.07684e-15	1.85629e-16	2.96281e-17	4.38748e-18	6.04039e-19	7.7468e-20	9.27334e-21	1.03807e-21	1.08865e-22	1.07147e-23	9.91367e-25	8.63668e-26	7.09554e-27	5.50537e-28	4.03978e-29	2.80723e-30	1.84969e-31	1.15703e-32	6.8789e-34	3.89134e-35	2.09672e-36	1.07716e-37	5.28118e-39	2.47338e-40	
6.19742e-14	1.19468e-14	2.12656e-15	3.50238e-16	5.3481e-17	7.58699e-18	1.00196e-18	1.23422e-19	1.42079e-20	1.53132e-21	1.54799e-22	1.47023e-23	1.31407e-24	1.10701e-25	8.80293e-27	6.61709e-28	4.70823e-29	3.17514e-30	2.03196e-31	1.23545e-32	7.14463e-34	3.93408e-35	2.0647e-36	1.03382e-37	4.9432e-39	
6.24831e-13	1.24606e-13	2.29289e-14	3.90087e-15	6.14833e-16	8.99616e-17	1.22445e-17	1.55337e-18	1.84033e-19	2.03996e-20	2.1195e-21	2.0677e-22	1.89717e-23	1.63975e-24	1.33709e-25	1.03012e-26	7.5085e-28	5.18483e-29	3.39605e-30	2.11248e-31	1.24935e-32	7.03271e-34	3.77188e-35	1.92939e-36	9.42145e-38	
5.90287e-12	1.21938e-12	2.32241e-13	4.08613e-14	6.65488e-15	1.00534e-15	1.41162e-16	1.84597e-17	2.25265e-18	2.57009e-19	2.74655e-20	2.75409e-21	2.59571e-22	2.30318e-23	1.92692e-24	1.52232e-25	1.13728e-26	8.04504e-28	5.3957e-29	3.43523e-30	2.07853e-31	1.19655e-32	6.56054e-34	3.42941e-35	1.71076e-36	
5.21342e-11	1.11717e-11	2.20525e-12	4.01769e-13	6.7694e-14	1.057e-14	1.53266e-15	2.068e-16	2.60169e-17	3.05776e-18	3.36363e-19	3.46939e-20	3.36117e-21	3.06366e-22	2.63141e-23	2.133e-24	1.63408e-25	1.18477e-26	8.1402e-28	5.30669e-29	3.28634e-30	1.9355e-31	1.08527e-32	5.79946e-34	2.95647e-35	
4.29408e-10	9.56031e-11	1.95881e-11	3.70045e-12	6.45857e-13	1.04361e-13	1.56445e-14	2.18029e-15	2.83059e-16	3.43011e-17	3.88726e-18	4.12746e-19	4.11335e-20	3.85407e-21	3.40061e-22	2.82995e-23	2.22447e-24	1.65391e-25	1.16469e-26	7.77824e-28	4.93229e-29	2.97315e-30	1.70554e-31	9.32057e-33	4.85729e-34	
3.28961e-09	7.62267e-10	1.62374e-10	3.18555e-11	5.76751e-12	9.65683e-13	1.49845e-13	2.1594e-14	2.89605e-15	3.62197e-16	4.23255e-17	4.6302e-18	4.75037e-19	4.57869e-20	4.15301e-21	3.55043e-22	2.86518e-23	2.18576e-24	1.57843e-25	1.08042e-26	7.01838e-28	4.33189e-29	2.54334e-30	1.42194e-31	7.57804e-33	
2.33714e-08	5.64738e-09	1.25294e-09	2.55701e-10	4.80987e-11	8.35697e-12	1.34406e-12	2.00529e-13	2.78135e-14	3.59381e-15	4.33467e-16	4.88993e-17	5.16901e-18	5.12919e-19	4.78595e-20	4.20605e-21	3.48692e-22	2.73095e-23	2.02349e-24	1.42032e-25	9.45627e-27	5.97906e-28	3.59439e-29	2.05673e-30	1.12135e-31	
1.53504e-07	3.87629e-08	8.97516e-09	1.90891e-09	3.73704e-10	6.74836e-11	1.12657e-11	1.74248e-12	2.50255e-13	3.34455e-14	4.16808e-15	4.85347e-16	5.29082e-17	5.40943e-18	5.19642e-19	4.69796e-20	4.00372e-21	3.22128e-22	2.45036e-23	1.7647e-24	1.2048e-25	7.80745e-27	4.808e-28	2.8169e-29	1.57181e-30	
9.28844e-07	2.45712e-07	5.9507e-08	1.32175e-08	2.69807e-09	5.07264e-10	8.80388e-11	1.41374e-11	2.10525e-12	2.91371e-13	3.75606e-14	4.51928e-15	5.08537e-16	5.36197e-17	5.3072e-18	4.93971e-19	4.33062e-20	3.58173e-21	2.79884e-22	2.0693e-23	1.44949e-24	9.63177e-26	6.07896e-27	3.64827e-28	2.08429e-29	
5.15838e-06	1.43339e-06	3.64011e-07	8.46314e-08	1.80515e-08	3.54028e-09	6.3991e-10	1.06854e-10	1.65226e-11	2.3713e-12	3.16585e-13	3.94034e-14	4.5816e-15	4.98659e-16	5.08997e-17	4.88128e-18	4.40557e-19	3.74824e-20	3.01078e-21	2.28661e-22	1.64427e-23	1.12097e-24	7.25437e-26	4.46179e-27	2.61104e-28	
2.61835e-05	7.66631e-06	2.04725e-06	4.99511e-07	1.11589e-07	2.28777e-08	4.31493e-09	7.50555e-10	1.20701e-10	1.79893e-11	2.49064e-12	3.21059e-13	3.8617e-14	4.34301e-15	4.57591e-16	4.52536e-17	4.20813e-18	3.68567e-19	3.04531e-20	2.37734e-21	1.75599e-22	1.22889e-23	8.15881e-25	5.14517e-26	3.08558e-27	
