-0.813611	-0.912253	-0.956487	-0.942606	-0.882809	-0.794655	-0.693243	-0.586068	-0.473124	-0.376085	-0.296704	-0.243715	-0.19891	-0.15405	-0.0981588	-0.0462555	0.00860458	0.0644925	0.131483	0.224204	0.341891	0.490528	0.66469	0.86169	1.0607	
-0.912253	-1.00897	-1.04926	-1.02292	-0.954169	-0.866392	-0.765926	-0.648128	-0.526547	-0.425102	-0.347815	-0.289866	-0.242256	-0.1941	-0.135995	-0.0759147	-0.011724	0.0605272	0.156582	0.285865	0.433439	0.593058	0.76876	0.952793	1.1449	
-0.956487	-1.04926	-1.07532	-1.02652	-0.938086	-0.842951	-0.740824	-0.627456	-0.518875	-0.426542	-0.362147	-0.309715	-0.264701	-0.221426	-0.169736	-0.111365	-0.0438495	0.0495111	0.178129	0.3388	0.513936	0.685052	0.855832	1.02083	1.19919	
-0.942606	-1.02292	-1.02652	-0.957407	-0.854726	-0.746148	-0.645481	-0.550758	-0.459443	-0.381096	-0.332488	-0.297565	-0.26313	-0.230154	-0.18535	-0.135112	-0.0667476	0.0398671	0.188127	0.370368	0.569664	0.756328	0.92542	1.07803	1.23833	
-0.882809	-0.954169	-0.938086	-0.854726	-0.735245	-0.612714	-0.512159	-0.431131	-0.348947	-0.281403	-0.248477	-0.238324	-0.228129	-0.212775	-0.182005	-0.137384	-0.0683601	0.0410975	0.196328	0.393173	0.602212	0.801179	0.974964	1.12295	1.26779	
-0.794655	-0.866392	-0.842951	-0.746148	-0.612714	-0.479521	-0.37335	-0.292841	-0.218778	-0.162098	-0.143868	-0.154265	-0.170321	-0.177254	-0.163236	-0.126305	-0.0639143	0.0411322	0.200294	0.405944	0.622173	0.829653	1.00953	1.16014	1.29175	
-0.693243	-0.765926	-0.740824	-0.645481	-0.512159	-0.37335	-0.25549	-0.169372	-0.102321	-0.0602301	-0.0526887	-0.0747548	-0.111261	-0.13658	-0.135325	-0.107636	-0.0564812	0.039665	0.198391	0.401796	0.617389	0.829197	1.02018	1.17946	1.30621	
-0.586068	-0.648128	-0.627456	-0.550758	-0.431131	-0.292841	-0.169372	-0.0751627	-0.0131326	0.025249	0.0322264	-0.00165907	-0.0521787	-0.0872226	-0.0985655	-0.08599	-0.0466905	0.0405085	0.188318	0.379687	0.590845	0.804538	0.9965	1.1593	1.27868	
-0.473124	-0.526547	-0.518875	-0.459443	-0.348947	-0.218778	-0.102321	-0.0131326	0.0537103	0.0987569	0.106482	0.0641691	0.000499123	-0.0468758	-0.0752534	-0.0788213	-0.0436164	0.0396335	0.172475	0.345055	0.546595	0.749685	0.930643	1.08073	1.18373	
-0.376085	-0.425102	-0.426542	-0.381096	-0.281403	-0.162098	-0.0602301	0.025249	0.0987569	0.150503	0.149811	0.097172	0.0229073	-0.0426963	-0.0830816	-0.0890811	-0.0528648	0.0267257	0.144305	0.292021	0.471757	0.653509	0.817385	0.950068	1.03432	
-0.296704	-0.347815	-0.362147	-0.332488	-0.248477	-0.143868	-0.0526887	0.0322264	0.106482	0.149811	0.147195	0.0894567	0.00220967	-0.0748564	-0.115771	-0.12036	-0.0842338	-0.0068396	0.100239	0.228479	0.374412	0.523019	0.664161	0.776424	0.837206	
-0.243715	-0.289866	-0.309715	-0.297565	-0.238324	-0.154265	-0.0747548	-0.00165907	0.0641691	0.097172	0.0894567	0.0301341	-0.0571844	-0.132359	-0.162159	-0.165272	-0.136104	-0.0647767	0.0385678	0.151692	0.261509	0.375307	0.482995	0.564972	0.594337	
-0.19891	-0.242256	-0.264701	-0.26313	-0.228129	-0.170321	-0.111261	-0.0521787	0.000499123	0.0229073	0.00220967	-0.0571844	-0.140662	-0.203232	-0.225896	-0.225686	-0.198474	-0.130169	-0.0364857	0.0585168	0.139341	0.214813	0.286082	0.324603	0.322829	
-0.15405	-0.1941	-0.221426	-0.230154	-0.212775	-0.177254	-0.13658	-0.0872226	-0.0468758	-0.0426963	-0.0748564	-0.132359	-0.203232	-0.263713	-0.295737	-0.299188	-0.273476	-0.211722	-0.129982	-0.0490163	0.0133163	0.0618106	0.091393	0.0860574	0.0483857	
-0.0981588	-0.135995	-0.169736	-0.18535	-0.182005	-0.163236	-0.135325	-0.0985655	-0.0752534	-0.0830816	-0.115771	-0.162159	-0.225896	-0.295737	-0.347775	-0.367599	-0.351609	-0.29725	-0.223837	-0.153589	-0.103683	-0.0797664	-0.084574	-0.123711	-0.192397	
-0.0462555	-0.0759147	-0.111365	-0.135112	-0.137384	-0.126305	-0.107636	-0.08599	-0.0788213	-0.0890811	-0.12036	-0.165272	-0.225686	-0.299188	-0.367599	-0.412194	-0.417911	-0.380014	-0.313161	-0.24965	-0.21185	-0.204711	-0.224898	-0.282446	-0.370792	
0.00860458	-0.011724	-0.0438495	-0.0667476	-0.0683601	-0.0639143	-0.0564812	-0.0466905	-0.0436164	-0.0528648	-0.0842338	-0.136104	-0.198474	-0.273476	-0.351609	-0.417911	-0.454104	-0.433274	-0.380827	-0.332658	-0.301377	-0.298607	-0.325379	-0.385983	-0.475223	
0.0644925	0.0605272	0.0495111	0.0398671	0.0410975	0.0411322	0.039665	0.0405085	0.0396335	0.0267257	-0.0068396	-0.0647767	-0.130169	-0.211722	-0.29725	-0.380014	-0.433274	-0.442479	-0.420694	-0.392834	-0.368767	-0.361586	-0.384827	-0.434331	-0.509133	
0.131483	0.156582	0.178129	0.188127	0.196328	0.200294	0.198391	0.188318	0.172475	0.144305	0.100239	0.0385678	-0.0364857	-0.129982	-0.223837	-0.313161	-0.380827	-0.420694	-0.436128	-0.426019	-0.4045	-0.391751	-0.398958	-0.424415	-0.465251	
0.224204	0.285865	0.3388	0.370368	0.393173	0.405944	0.401796	0.379687	0.345055	0.292021	0.228479	0.151692	0.0585168	-0.0490163	-0.153589	-0.24965	-0.332658	-0.392834	-0.426019	-0.425751	-0.402781	-0.380581	-0.368673	-0.358478	-0.349434	
0.341891	0.433439	0.513936	0.569664	0.602212	0.622173	0.617389	0.590845	0.546595	0.471757	0.374412	0.261509	0.139341	0.0133163	-0.103683	-0.21185	-0.301377	-0.368767	-0.4045	-0.402781	-0.375567	-0.336313	-0.294126	-0.245033	-0.186932	
0.490528	0.593058	0.685052	0.756328	0.801179	0.829653	0.829197	0.804538	0.749685	0.653509	0.523019	0.375307	0.214813	0.0618106	-0.0797664	-0.204711	-0.298607	-0.361586	-0.391751	-0.380581	-0.336313	-0.269585	-0.187448	-0.100628	0.00174771	
0.66469	0.76876	0.855832	0.92542	0.974964	1.00953	1.02018	0.9965	0.930643	0.817385	0.664161	0.482995	0.286082	0.091393	-0.084574	-0.224898	-0.325379	-0.384827	-0.398958	-0.368673	-0.294126	-0.187448	-0.0640448	0.0631846	0.200594	
0.86169	0.952793	1.02083	1.07803	1.12295	1.16014	1.17946	1.1593	1.08073	0.950068	0.776424	0.564972	0.324603	0.0860574	-0.123711	-0.282446	-0.385983	-0.434331	-0.424415	-0.358478	-0.245033	-0.100628	0.0631846	0.231692	0.401758	
1.0607	1.1449	1.19919	1.23833	1.26779	1.29175	1.30621	1.27868	1.18373	1.03432	0.837206	0.594337	0.322829	0.0483857	-0.192397	-0.370792	-0.475223	-0.509133	-0.465251	-0.349434	-0.186932	0.00174771	0.200594	0.401758	0.589638	
1.24685	1.33201	1.37983	1.4053	1.41979	1.41791	1.41077	1.359	1.24095	1.06516	0.84061	0.572445	0.276262	-0.0246766	-0.291913	-0.478837	-0.577141	-0.582434	-0.500078	-0.342953	-0.130707	0.103118	0.335157	0.558285	0.754055	
1.40835	1.50085	1.54859	1.56389	1.55704	1.52989	1.48882	1.40571	1.25942	1.05737	0.806559	0.513944	0.200609	-0.117913	-0.400771	-0.592636	-0.669501	-0.642825	-0.525171	-0.331014	-0.0815131	0.194542	0.456604	0.689401	0.871181	
1.54921	1.64558	1.69233	1.69853	1.67165	1.61783	1.54	1.42142	1.25046	1.02652	0.753571	0.445288	0.116105	-0.211939	-0.502964	-0.691582	-0.747053	-0.687864	-0.538336	-0.313926	-0.0371902	0.264431	0.547511	0.777962	0.942114	
1.64715	1.74585	1.79382	1.79271	1.74838	1.66959	1.56104	1.4159	1.22924	0.993426	0.706765	0.384145	0.0438001	-0.289948	-0.579796	-0.754871	-0.793942	-0.716094	-0.543427	-0.299749	-0.00282226	0.311976	0.597967	0.824827	0.982262	
1.70676	1.80382	1.85107	1.84583	1.78722	1.69509	1.56636	1.40444	1.2093	0.967216	0.674624	0.346634	-0.00211617	-0.338597	-0.623786	-0.790416	-0.817322	-0.733382	-0.551386	-0.289492	0.0212259	0.338516	0.621399	0.841835	0.998283	
1.71923	1.81482	1.86115	1.85549	1.79423	1.69971	1.56614	1.40202	1.20396	0.961336	0.668416	0.340903	-0.0103164	-0.346807	-0.631028	-0.796184	-0.821929	-0.736152	-0.553118	-0.287535	0.0264672	0.343779	0.624634	0.843349	1.00107	
1.67481	1.77423	1.82235	1.81897	1.76826	1.68219	1.56454	1.41107	1.22079	0.982159	0.691699	0.364763	0.0211273	-0.314025	-0.602013	-0.77199	-0.805425	-0.725004	-0.546486	-0.29506	0.00797377	0.324539	0.609977	0.834314	0.990826	
1.59434	1.69094	1.73765	1.74126	1.70724	1.64298	1.55107	1.42088	1.24277	1.01289	0.733423	0.41979	0.0853331	-0.245301	-0.536563	-0.721245	-0.769879	-0.700578	-0.540218	-0.307738	-0.0217692	0.286134	0.572248	0.801491	0.961223	
1.46757	1.56313	1.61079	1.62206	1.60657	1.5684	1.51239	1.41524	1.25834	1.04706	0.786026	0.485798	0.166537	-0.15658	-0.444197	-0.635427	-0.703185	-0.663037	-0.531928	-0.324722	-0.0636299	0.225611	0.498336	0.730736	0.904339	
1.31418	1.40131	1.44847	1.4699	1.477	1.46496	1.44557	1.38208	1.25222	1.06543	0.830265	0.55231	0.248187	-0.0607581	-0.336007	-0.524799	-0.615727	-0.608091	-0.511158	-0.339266	-0.110247	0.141292	0.386129	0.614425	0.807386	
1.13787	1.22195	1.27344	1.30553	1.32824	1.3429	1.35036	1.31517	1.21192	1.05247	0.844872	0.591246	0.309525	0.0230017	-0.228714	-0.412048	-0.515861	-0.539919	-0.480941	-0.346729	-0.163436	0.0438838	0.255467	0.466906	0.659049	
0.942063	1.02884	1.09005	1.14042	1.18044	1.21391	1.23368	1.21257	1.12794	0.990692	0.807719	0.583598	0.328704	0.075159	-0.147799	-0.31457	-0.41887	-0.461881	-0.439567	-0.354237	-0.222891	-0.062124	0.117126	0.299749	0.479381	
0.742009	0.841259	0.92184	0.987264	1.03636	1.07317	1.08783	1.06612	0.99459	0.87493	0.714013	0.51995	0.306328	0.093948	-0.0960165	-0.243625	-0.346097	-0.401394	-0.406734	-0.364712	-0.275812	-0.153122	-0.0136291	0.130529	0.28162	
0.557115	0.662129	0.753974	0.825915	0.874257	0.905751	0.909472	0.884212	0.825373	0.721942	0.581104	0.419977	0.244799	0.0761335	-0.0780921	-0.209671	-0.305695	-0.367045	-0.392195	-0.374922	-0.319882	-0.238226	-0.138733	-0.0363779	0.0801845	
0.397371	0.495503	0.582559	0.646421	0.683389	0.706579	0.703037	0.677965	0.628506	0.546176	0.434734	0.307289	0.169791	0.0346461	-0.0905104	-0.204616	-0.296419	-0.362453	-0.397189	-0.392993	-0.360212	-0.311329	-0.254508	-0.190549	-0.112857	
0.268296	0.343878	0.409142	0.450023	0.477243	0.493136	0.488416	0.462825	0.423371	0.360656	0.284917	0.195155	0.0921781	-0.0222617	-0.131585	-0.231295	-0.317861	-0.383226	-0.418001	-0.418102	-0.394449	-0.366548	-0.34384	-0.31803	-0.288846	
0.165278	0.205027	0.239244	0.257519	0.271073	0.27866	0.275841	0.261141	0.236975	0.199545	0.149224	0.0844198	0.00299904	-0.0959541	-0.193437	-0.285385	-0.359761	-0.408535	-0.43402	-0.429925	-0.407706	-0.392368	-0.392473	-0.40404	-0.426333	
0.0888123	0.0955603	0.0969245	0.0939302	0.097168	0.0981231	0.0960572	0.0929357	0.0873865	0.0701901	0.0330462	-0.0264217	-0.0945	-0.179966	-0.269604	-0.354973	-0.414515	-0.436409	-0.429818	-0.409688	-0.388093	-0.378416	-0.395468	-0.43742	-0.500634	
0.0310869	0.0151969	-0.0103151	-0.0285795	-0.0299024	-0.0280433	-0.0252211	-0.0193668	-0.0168823	-0.0260982	-0.0572132	-0.11254	-0.176113	-0.252552	-0.333348	-0.407894	-0.45212	-0.442309	-0.399876	-0.359643	-0.331141	-0.327071	-0.354026	-0.4119	-0.497688	
-0.0250496	-0.050891	-0.0862637	-0.112155	-0.11357	-0.104738	-0.0906907	-0.0739711	-0.0693431	-0.0801719	-0.11159	-0.158737	-0.219449	-0.2936	-0.365756	-0.419676	-0.438419	-0.406242	-0.343889	-0.285089	-0.250391	-0.246211	-0.270062	-0.3304	-0.421169	
-0.0763383	-0.111972	-0.147741	-0.165513	-0.165879	-0.151397	-0.126615	-0.0964117	-0.0809735	-0.0898534	-0.121823	-0.16568	-0.227271	-0.299881	-0.360245	-0.389693	-0.380025	-0.331615	-0.260534	-0.192864	-0.148362	-0.133055	-0.145014	-0.194185	-0.272458	
-0.132109	-0.170957	-0.20117	-0.213819	-0.20288	-0.174388	-0.139456	-0.0941177	-0.0598857	-0.0628546	-0.0964504	-0.149665	-0.216022	-0.279876	-0.319251	-0.328519	-0.304984	-0.245751	-0.167869	-0.0919227	-0.0353091	0.00402897	0.0175006	-0.0021346	-0.0539669	
-0.182642	-0.224355	-0.248375	-0.250344	-0.222538	-0.175363	-0.124009	-0.0692981	-0.0211372	-0.00557589	-0.0317466	-0.0916438	-0.170658	-0.230487	-0.254664	-0.254731	-0.227542	-0.161032	-0.0724057	0.0162	0.0884548	0.151452	0.206864	0.227579	0.211215	
-0.225239	-0.269702	-0.290444	-0.28315	-0.235328	-0.1612	-0.0891803	-0.021476	0.0382183	0.0683522	0.0560217	-0.00354821	-0.0894378	-0.159564	-0.185234	-0.187144	-0.160187	-0.0902731	0.0106692	0.116607	0.214187	0.312432	0.405548	0.470582	0.487868	
-0.272952	-0.322918	-0.340705	-0.318501	-0.24322	-0.146192	-0.0585294	0.022944	0.0957783	0.133656	0.129946	0.0715996	-0.0176806	-0.0957695	-0.133031	-0.136872	-0.103156	-0.0277841	0.0774345	0.199468	0.330162	0.465353	0.594541	0.69607	0.744741	
