0.758183	0.725795	0.684754	0.642728	0.595563	0.543329	0.5024	0.462299	0.423021	0.391279	0.365096	0.334109	0.299609	0.258187	0.203409	0.148792	0.0723748	-0.0220173	-0.106131	-0.171712	-0.205846	-0.197926	-0.137706	-0.033654	0.102973	
0.725795	0.711754	0.705268	0.693398	0.671086	0.634171	0.595516	0.553055	0.502886	0.45097	0.399662	0.341656	0.280756	0.213193	0.145618	0.0784026	-0.00396077	-0.0908407	-0.160134	-0.209988	-0.225912	-0.203979	-0.140227	-0.0415243	0.0676508	
0.684754	0.705268	0.738609	0.765882	0.774497	0.757581	0.725611	0.679004	0.613202	0.53483	0.455555	0.369214	0.277035	0.180476	0.0864815	-0.00398244	-0.0962511	-0.177365	-0.229721	-0.262799	-0.263899	-0.230784	-0.163382	-0.0746017	0.00780007	
0.642728	0.693398	0.765882	0.827602	0.862766	0.87342	0.861152	0.818392	0.739288	0.634905	0.520423	0.394565	0.264249	0.137768	0.0159449	-0.0944213	-0.198016	-0.277688	-0.32191	-0.338185	-0.319275	-0.269269	-0.200049	-0.124997	-0.0732144	
0.595563	0.671086	0.774497	0.862766	0.929502	0.972788	0.978045	0.938112	0.852077	0.729056	0.583003	0.417962	0.243734	0.0786993	-0.0700454	-0.197037	-0.308385	-0.390775	-0.42922	-0.425917	-0.385908	-0.321127	-0.248159	-0.186753	-0.163577	
0.543329	0.634171	0.757581	0.87342	0.972788	1.03972	1.06164	1.02925	0.94299	0.812247	0.648175	0.445214	0.22765	0.0246201	-0.155041	-0.303502	-0.42515	-0.51248	-0.537624	-0.508873	-0.450371	-0.376942	-0.297795	-0.245785	-0.24159	
0.5024	0.595516	0.725611	0.861152	0.978045	1.06164	1.09778	1.07524	0.998333	0.870254	0.69339	0.467769	0.217383	-0.0198762	-0.229752	-0.401763	-0.534985	-0.612556	-0.615999	-0.564318	-0.491725	-0.415337	-0.336614	-0.28425	-0.283787	
0.462299	0.553055	0.679004	0.818392	0.938112	1.02925	1.07524	1.06769	0.996438	0.865154	0.680195	0.446434	0.185979	-0.0679036	-0.292533	-0.476862	-0.612758	-0.676328	-0.662559	-0.594231	-0.507348	-0.420171	-0.336898	-0.282345	-0.274289	
0.423021	0.502886	0.613202	0.739288	0.852077	0.94299	0.998333	0.996438	0.921015	0.780815	0.592214	0.360634	0.103603	-0.148431	-0.370587	-0.550296	-0.670128	-0.713849	-0.689052	-0.608639	-0.502821	-0.398439	-0.30574	-0.238782	-0.212421	
0.391279	0.45097	0.53483	0.634905	0.729056	0.812247	0.870254	0.865154	0.780815	0.631507	0.431983	0.207458	-0.0324167	-0.265588	-0.467058	-0.623624	-0.718525	-0.742097	-0.702365	-0.605147	-0.475698	-0.345714	-0.236541	-0.152444	-0.106156	
0.365096	0.399662	0.455555	0.520423	0.583003	0.648175	0.69339	0.680195	0.592214	0.431983	0.226503	0.0107758	-0.201991	-0.404416	-0.572815	-0.691695	-0.751763	-0.748758	-0.684511	-0.566839	-0.420119	-0.270934	-0.139918	-0.0411188	0.0273605	
0.334109	0.341656	0.369214	0.394565	0.417962	0.445214	0.467769	0.446434	0.360634	0.207458	0.0107758	-0.182774	-0.368851	-0.534798	-0.66307	-0.738147	-0.757564	-0.720288	-0.628409	-0.498489	-0.345205	-0.185993	-0.0456128	0.0684754	0.153274	
0.299609	0.280756	0.277035	0.264249	0.243734	0.22765	0.217383	0.185979	0.103603	-0.0324167	-0.201991	-0.368851	-0.513765	-0.635432	-0.712216	-0.740572	-0.717673	-0.647449	-0.536314	-0.399298	-0.247249	-0.0884457	0.0506145	0.161824	0.254077	
0.258187	0.213193	0.180476	0.137768	0.0786993	0.0246201	-0.0198762	-0.0679036	-0.148431	-0.265588	-0.404416	-0.534798	-0.635432	-0.69687	-0.716849	-0.690535	-0.621426	-0.521856	-0.402544	-0.267543	-0.122754	0.0215905	0.1453	0.249319	0.33573	
0.203409	0.145618	0.0864815	0.0159449	-0.0700454	-0.155041	-0.229752	-0.292533	-0.370587	-0.467058	-0.572815	-0.66307	-0.712216	-0.716849	-0.67577	-0.593804	-0.485054	-0.364231	-0.241274	-0.11104	0.0193435	0.140778	0.24328	0.332243	0.400568	
0.148792	0.0784026	-0.00398244	-0.0944213	-0.197037	-0.303502	-0.401763	-0.476862	-0.550296	-0.623624	-0.691695	-0.738147	-0.740572	-0.690535	-0.593804	-0.467487	-0.325628	-0.182205	-0.049136	0.0787047	0.187915	0.279043	0.355276	0.415934	0.44695	
0.0723748	-0.00396077	-0.0962511	-0.198016	-0.308385	-0.42515	-0.534985	-0.612758	-0.670128	-0.718525	-0.751763	-0.757564	-0.717673	-0.621426	-0.485054	-0.325628	-0.152661	0.016443	0.164622	0.280841	0.357183	0.412284	0.457516	0.478995	0.473083	
-0.0220173	-0.0908407	-0.177365	-0.277688	-0.390775	-0.51248	-0.612556	-0.676328	-0.713849	-0.742097	-0.748758	-0.720288	-0.647449	-0.521856	-0.364231	-0.182205	0.016443	0.20863	0.362436	0.459962	0.508651	0.527199	0.530981	0.515199	0.478486	
-0.106131	-0.160134	-0.229721	-0.32191	-0.42922	-0.537624	-0.615999	-0.662559	-0.689052	-0.702365	-0.684511	-0.628409	-0.536314	-0.402544	-0.241274	-0.049136	0.164622	0.362436	0.51278	0.597764	0.622	0.604624	0.569243	0.520653	0.461441	
-0.171712	-0.209988	-0.262799	-0.338185	-0.425917	-0.508873	-0.564318	-0.594231	-0.608639	-0.605147	-0.566839	-0.498489	-0.399298	-0.267543	-0.11104	0.0787047	0.280841	0.459962	0.597764	0.666178	0.669038	0.625344	0.566476	0.500416	0.427189	
-0.205846	-0.225912	-0.263899	-0.319275	-0.385908	-0.450371	-0.491725	-0.507348	-0.502821	-0.475698	-0.420119	-0.345205	-0.247249	-0.122754	0.0193435	0.187915	0.357183	0.508651	0.622	0.669038	0.653723	0.599565	0.529638	0.454813	0.37642	
-0.197926	-0.203979	-0.230784	-0.269269	-0.321127	-0.376942	-0.415337	-0.420171	-0.398439	-0.345714	-0.270934	-0.185993	-0.0884457	0.0215905	0.140778	0.279043	0.412284	0.527199	0.604624	0.625344	0.599565	0.541701	0.465823	0.38777	0.311773	
-0.137706	-0.140227	-0.163382	-0.200049	-0.248159	-0.297795	-0.336614	-0.336898	-0.30574	-0.236541	-0.139918	-0.0456128	0.0506145	0.1453	0.24328	0.355276	0.457516	0.530981	0.569243	0.566476	0.529638	0.465823	0.389239	0.315996	0.250838	
-0.033654	-0.0415243	-0.0746017	-0.124997	-0.186753	-0.245785	-0.28425	-0.282345	-0.238782	-0.152444	-0.0411188	0.0684754	0.161824	0.249319	0.332243	0.415934	0.478995	0.515199	0.520653	0.500416	0.454813	0.38777	0.315996	0.256745	0.201951	
0.102973	0.0676508	0.00780007	-0.0732144	-0.163577	-0.24159	-0.283787	-0.274289	-0.212421	-0.106156	0.0273605	0.153274	0.254077	0.33573	0.400568	0.44695	0.473083	0.478486	0.461441	0.427189	0.37642	0.311773	0.250838	0.201951	0.159545	
0.246315	0.171064	0.0717222	-0.0515819	-0.176129	-0.273668	-0.319891	-0.300825	-0.219159	-0.0918798	0.0642956	0.211473	0.319971	0.397378	0.440626	0.453782	0.453012	0.432186	0.394519	0.346917	0.292374	0.234996	0.183341	0.140786	0.116015	
0.374837	0.253036	0.10804	-0.048177	-0.191401	-0.298611	-0.344154	-0.321179	-0.228571	-0.0879927	0.0797219	0.240415	0.357929	0.429597	0.459448	0.453084	0.426525	0.384801	0.329098	0.26603	0.201058	0.142202	0.097272	0.0712973	0.0704251	
0.472579	0.307148	0.127824	-0.0450345	-0.194701	-0.302959	-0.347849	-0.323934	-0.229244	-0.0813637	0.092686	0.259089	0.38184	0.454211	0.475663	0.44892	0.396966	0.335919	0.26821	0.194184	0.110042	0.0382067	-0.000647746	-0.00320166	0.0215041	
0.539777	0.340007	0.138039	-0.0479954	-0.198416	-0.297899	-0.339784	-0.315484	-0.224912	-0.0724389	0.107029	0.275765	0.407262	0.480064	0.495111	0.452885	0.376382	0.292414	0.216598	0.133263	0.0385518	-0.036862	-0.0705183	-0.0603388	-0.0175736	
0.573605	0.348065	0.126387	-0.0654538	-0.210931	-0.296863	-0.328898	-0.307992	-0.225833	-0.0699638	0.117383	0.29403	0.430563	0.502244	0.512288	0.460911	0.366802	0.267242	0.174332	0.0821393	-0.0121303	-0.0824321	-0.114061	-0.0965434	-0.0395423	
0.578634	0.349071	0.122024	-0.0712914	-0.214514	-0.297237	-0.326762	-0.306857	-0.226906	-0.0709246	0.118303	0.297896	0.43492	0.505743	0.514728	0.462189	0.365066	0.261773	0.165087	0.0714091	-0.023818	-0.091747	-0.122175	-0.104972	-0.043951	
0.557435	0.345535	0.134677	-0.0540514	-0.203379	-0.296993	-0.335068	-0.312265	-0.224418	-0.0703407	0.112514	0.284037	0.417825	0.49039	0.503474	0.456276	0.371983	0.280503	0.198162	0.110826	0.0164214	-0.0582066	-0.0908275	-0.0764184	-0.0281596	
0.503198	0.322869	0.134032	-0.0441397	-0.194995	-0.300638	-0.345325	-0.320953	-0.227489	-0.0774842	0.098077	0.264892	0.391859	0.464286	0.48269	0.449091	0.386898	0.316822	0.2468	0.169441	0.0778585	0.00317082	-0.0326889	-0.029488	0.00419646	
0.417539	0.277778	0.116946	-0.0467875	-0.193972	-0.303113	-0.347754	-0.324258	-0.229383	-0.0853334	0.0843803	0.24877	0.367647	0.439787	0.46623	0.451398	0.414365	0.365332	0.303622	0.235332	0.163453	0.0998284	0.0572811	0.0412354	0.0507528	
0.301502	0.206901	0.0891222	-0.0494255	-0.183539	-0.285668	-0.332293	-0.311403	-0.224403	-0.091148	0.0726459	0.225722	0.338198	0.412336	0.449234	0.453592	0.443249	0.413206	0.3685	0.314798	0.257067	0.200739	0.152438	0.114451	0.0979999	
0.160183	0.110002	0.0358502	-0.0617578	-0.166035	-0.252872	-0.29699	-0.282977	-0.212837	-0.0971958	0.0449816	0.180335	0.283716	0.364159	0.420329	0.452316	0.465749	0.460029	0.434691	0.395305	0.342873	0.281618	0.224466	0.178379	0.142325	
0.0190114	0.00171625	-0.0398355	-0.100302	-0.171344	-0.237576	-0.277678	-0.273058	-0.222908	-0.128765	-0.00938022	0.105135	0.201079	0.28613	0.362275	0.431987	0.479513	0.502909	0.498317	0.472052	0.424195	0.357083	0.289353	0.235721	0.184904	
-0.101027	-0.103057	-0.128726	-0.169282	-0.220608	-0.271925	-0.310857	-0.3105	-0.274501	-0.199246	-0.096755	0.00381721	0.097778	0.189409	0.280958	0.381807	0.469924	0.527512	0.550985	0.540443	0.500233	0.434519	0.358502	0.289911	0.229659	
-0.179419	-0.183898	-0.208064	-0.243551	-0.291981	-0.344175	-0.382685	-0.385274	-0.36007	-0.299257	-0.214923	-0.126582	-0.0286947	0.073379	0.183283	0.311166	0.432365	0.530718	0.592274	0.602176	0.572207	0.512991	0.436132	0.3584	0.286317	
-0.208972	-0.221861	-0.254439	-0.30202	-0.36259	-0.423584	-0.462113	-0.472077	-0.459722	-0.422248	-0.359647	-0.280755	-0.183487	-0.063472	0.0700573	0.22633	0.380691	0.51859	0.61808	0.65527	0.635058	0.578869	0.506624	0.429942	0.351259	
-0.189348	-0.220755	-0.26821	-0.335009	-0.413356	-0.48737	-0.535914	-0.56017	-0.566959	-0.555669	-0.510572	-0.439102	-0.340099	-0.210828	-0.0585892	0.12503	0.315728	0.484306	0.61446	0.674658	0.669253	0.61986	0.555807	0.48528	0.409224	
-0.135132	-0.183049	-0.245167	-0.331515	-0.433306	-0.53148	-0.599974	-0.64037	-0.66258	-0.66916	-0.64239	-0.580418	-0.483321	-0.349964	-0.190351	0.00287841	0.215974	0.40844	0.5544	0.633748	0.64953	0.619807	0.572289	0.515144	0.449389	
-0.0575133	-0.120843	-0.201548	-0.300024	-0.411122	-0.530312	-0.622514	-0.678823	-0.711784	-0.733627	-0.73051	-0.689225	-0.607462	-0.476242	-0.315776	-0.127674	0.0790849	0.276546	0.429782	0.521521	0.559774	0.564583	0.551189	0.520839	0.474269	
0.0347454	-0.0403918	-0.13146	-0.233409	-0.346186	-0.466212	-0.574924	-0.648737	-0.696961	-0.736174	-0.757807	-0.749332	-0.695124	-0.584174	-0.437039	-0.267371	-0.0836804	0.0959631	0.247775	0.356261	0.420944	0.460536	0.490075	0.497549	0.47762	
0.121898	0.0481531	-0.0407014	-0.137353	-0.243574	-0.354898	-0.460398	-0.537677	-0.606279	-0.669972	-0.722941	-0.752734	-0.737376	-0.667904	-0.55247	-0.411304	-0.257281	-0.104409	0.035864	0.161186	0.256892	0.334408	0.399697	0.444381	0.460209	
0.181967	0.119221	0.0506372	-0.0295681	-0.122925	-0.217987	-0.302747	-0.371195	-0.448569	-0.535502	-0.626845	-0.699506	-0.729672	-0.711932	-0.647291	-0.545702	-0.423199	-0.293981	-0.168545	-0.0394513	0.0844049	0.194093	0.286187	0.366742	0.421292	
0.236917	0.185764	0.142196	0.0879615	0.0166882	-0.0505175	-0.107982	-0.16212	-0.241543	-0.351554	-0.477074	-0.591928	-0.672152	-0.710302	-0.705787	-0.656931	-0.570591	-0.461658	-0.341384	-0.208259	-0.0687273	0.0670664	0.183821	0.282012	0.363558	
0.28476	0.254323	0.238078	0.213718	0.175667	0.143655	0.119749	0.0816424	0.000884634	-0.127718	-0.285328	-0.438451	-0.566252	-0.66437	-0.719045	-0.726582	-0.685784	-0.602456	-0.486869	-0.349799	-0.199345	-0.0447803	0.0891603	0.198136	0.289358	
0.320462	0.317752	0.332816	0.341887	0.348777	0.358398	0.368223	0.343882	0.258983	0.112303	-0.0748051	-0.258673	-0.42938	-0.579979	-0.68884	-0.745612	-0.748128	-0.697787	-0.596727	-0.463144	-0.310517	-0.14993	-0.00815113	0.107026	0.196492	
0.353975	0.377704	0.422005	0.471226	0.518674	0.570954	0.608516	0.592217	0.504986	0.344367	0.139883	-0.0674202	-0.270771	-0.458574	-0.611881	-0.7137	-0.757984	-0.741464	-0.666366	-0.542778	-0.391302	-0.237538	-0.101385	0.00489617	0.0805402	
