-0.124379	-0.133203	-0.144301	-0.138661	-0.131487	-0.13044	-0.134936	-0.143612	-0.139414	-0.125226	-0.132381	-0.16076	-0.177978	-0.168919	-0.148474	-0.138199	-0.141396	-0.168412	-0.240421	-0.33535	-0.413402	-0.461176	-0.468206	-0.413498	-0.279258	
-0.13023	-0.134836	-0.141735	-0.138113	-0.137872	-0.138447	-0.136908	-0.141066	-0.139098	-0.129645	-0.139239	-0.165158	-0.176202	-0.162172	-0.137109	-0.123707	-0.132911	-0.168675	-0.240516	-0.325568	-0.384888	-0.409189	-0.389629	-0.303818	-0.138142	
-0.137164	-0.13618	-0.137645	-0.137254	-0.144486	-0.146707	-0.139092	-0.137264	-0.137431	-0.134958	-0.146606	-0.165956	-0.166933	-0.147061	-0.118967	-0.102287	-0.114449	-0.154413	-0.219134	-0.289908	-0.3304	-0.325669	-0.270299	-0.150456	0.0438818	
-0.143579	-0.136216	-0.132113	-0.136216	-0.150349	-0.153895	-0.141115	-0.132606	-0.134297	-0.139534	-0.151229	-0.159687	-0.1478	-0.120445	-0.0880334	-0.066249	-0.0785378	-0.120936	-0.174409	-0.220734	-0.235296	-0.205563	-0.119633	0.0339299	0.252528	
-0.145032	-0.13304	-0.125352	-0.134719	-0.153814	-0.158165	-0.142147	-0.127052	-0.128714	-0.140572	-0.149117	-0.141338	-0.112941	-0.0765519	-0.0393029	-0.0111234	-0.019261	-0.0586033	-0.0976288	-0.121449	-0.111854	-0.053641	0.0589514	0.232634	0.460287	
-0.135899	-0.12403	-0.116446	-0.131242	-0.152492	-0.156984	-0.140392	-0.119935	-0.118754	-0.132684	-0.133569	-0.105568	-0.0571351	-0.00833669	0.0342163	0.0677138	0.0658765	0.0300329	0.00463542	0.00579676	0.0322105	0.102689	0.234054	0.420681	0.641143	
-0.10845	-0.104026	-0.102568	-0.122758	-0.14305	-0.146884	-0.132305	-0.108587	-0.101135	-0.109229	-0.0956643	-0.0447636	0.0241866	0.0876961	0.135839	0.168422	0.170845	0.141093	0.11932	0.130473	0.170133	0.245161	0.374173	0.55896	0.765866	
-0.0532509	-0.0666579	-0.0786539	-0.103591	-0.12041	-0.123148	-0.112416	-0.0875291	-0.069781	-0.0622695	-0.0274572	0.0471876	0.134008	0.209103	0.260149	0.283819	0.277897	0.247559	0.225803	0.232951	0.266762	0.3392	0.460446	0.626991	0.811241	
0.0360145	-0.00455889	-0.0360196	-0.0650162	-0.0776549	-0.0792374	-0.072643	-0.0483558	-0.0167965	0.0162655	0.0767305	0.170424	0.267914	0.346016	0.388793	0.39166	0.367112	0.324466	0.287618	0.282219	0.306559	0.368965	0.480936	0.631225	0.78998	
0.161332	0.0895941	0.0360292	0.00371112	-0.00589746	-0.00662575	-0.00255553	0.0202197	0.0660897	0.129921	0.215971	0.317648	0.410169	0.476469	0.497594	0.463709	0.405415	0.347417	0.293912	0.265798	0.278779	0.337971	0.44269	0.579963	0.727165	
0.315794	0.218317	0.147213	0.113777	0.10507	0.104373	0.108348	0.129503	0.185646	0.275016	0.37712	0.470715	0.538039	0.570025	0.554245	0.479627	0.379953	0.297866	0.234333	0.19609	0.204375	0.26666	0.371456	0.492542	0.623166	
0.480938	0.377069	0.302743	0.272607	0.26348	0.26224	0.267594	0.285852	0.342179	0.439436	0.53688	0.601102	0.624181	0.603527	0.536369	0.422742	0.293322	0.193217	0.12432	0.0849466	0.0998243	0.173171	0.284844	0.39873	0.501884	
0.632214	0.553577	0.497954	0.478319	0.470814	0.469431	0.474947	0.486277	0.526453	0.602459	0.667617	0.682274	0.646252	0.564381	0.445046	0.302435	0.15752	0.0487406	-0.0116742	-0.0375427	-0.0156391	0.0624972	0.176045	0.292046	0.385434	
0.748145	0.729016	0.715417	0.716256	0.716783	0.716415	0.717149	0.714743	0.721044	0.742593	0.746147	0.698691	0.60098	0.460095	0.294742	0.137955	-0.000705897	-0.112113	-0.169986	-0.171349	-0.126945	-0.0456635	0.0590993	0.172323	0.272011	
0.819328	0.882899	0.928328	0.959355	0.975584	0.977782	0.967323	0.9431	0.902928	0.847019	0.767822	0.652181	0.49886	0.313153	0.114627	-0.0541853	-0.178123	-0.273181	-0.327336	-0.316097	-0.243539	-0.140316	-0.0340036	0.0767213	0.184937	
0.849594	1.00002	1.10846	1.17313	1.20832	1.21436	1.18993	1.13919	1.04969	0.913126	0.747156	0.563548	0.359226	0.139395	-0.0756674	-0.251727	-0.36984	-0.442524	-0.469766	-0.436357	-0.343419	-0.212641	-0.0827796	0.0361319	0.152063	
0.850397	1.0728	1.23201	1.32469	1.37494	1.38442	1.34955	1.27551	1.14541	0.944768	0.703614	0.454901	0.201846	-0.0472635	-0.270405	-0.444809	-0.553054	-0.598784	-0.585227	-0.508291	-0.387365	-0.240376	-0.0844355	0.0540151	0.174428	
0.82722	1.09285	1.28149	1.39257	1.44942	1.4597	1.42182	1.33377	1.17815	0.940871	0.647437	0.338827	0.0372395	-0.233734	-0.451322	-0.61205	-0.703022	-0.709819	-0.644121	-0.520147	-0.364338	-0.206684	-0.0447777	0.109304	0.231729	
0.765858	1.04494	1.24627	1.36963	1.42713	1.43576	1.39981	1.3048	1.1353	0.885877	0.569345	0.221219	-0.116002	-0.399192	-0.597197	-0.719692	-0.77907	-0.752078	-0.639023	-0.475974	-0.291924	-0.115769	0.0451846	0.196855	0.313023	
0.644092	0.914521	1.12087	1.25711	1.31916	1.32728	1.28957	1.18486	1.00537	0.759936	0.451115	0.102696	-0.23053	-0.50107	-0.67953	-0.760689	-0.767211	-0.70454	-0.566698	-0.38377	-0.187304	0.00770974	0.180954	0.323903	0.42089	
0.456503	0.700705	0.906953	1.05893	1.13724	1.149	1.09891	0.975919	0.788129	0.558619	0.289488	-0.0107978	-0.293373	-0.515587	-0.665692	-0.726324	-0.689818	-0.580625	-0.421155	-0.231732	-0.036697	0.156456	0.33194	0.460572	0.525212	
0.222702	0.427019	0.621258	0.781713	0.880947	0.898641	0.830342	0.690861	0.506453	0.304488	0.0985845	-0.110438	-0.306243	-0.460247	-0.561305	-0.595947	-0.537964	-0.397225	-0.216732	-0.0250269	0.161763	0.332638	0.476591	0.566847	0.583709	
-0.0198735	0.134402	0.293788	0.438133	0.541617	0.561694	0.486732	0.353753	0.198608	0.0396847	-0.0982254	-0.20163	-0.285202	-0.354415	-0.390034	-0.372979	-0.290349	-0.145579	0.0295816	0.205392	0.369208	0.505812	0.597763	0.628903	0.589623	
-0.237312	-0.14807	-0.0477108	0.0489848	0.121928	0.136124	0.082552	-0.00840672	-0.108027	-0.204107	-0.271866	-0.283986	-0.253138	-0.211202	-0.15797	-0.0762866	0.0333231	0.161597	0.29906	0.433564	0.55432	0.64389	0.678593	0.646488	0.552532	
-0.418938	-0.415562	-0.38948	-0.362812	-0.349206	-0.347471	-0.355771	-0.377655	-0.406455	-0.42177	-0.401418	-0.328685	-0.203638	-0.0491906	0.109635	0.259587	0.388375	0.489397	0.572821	0.648553	0.709902	0.737473	0.709662	0.618984	0.479774	
-0.563944	-0.665041	-0.728505	-0.779872	-0.823561	-0.832839	-0.799253	-0.748905	-0.693631	-0.610672	-0.482376	-0.31405	-0.110398	0.124715	0.366519	0.576043	0.725019	0.808713	0.84441	0.85253	0.835711	0.782516	0.684095	0.544312	0.381411	
-0.665041	-0.881928	-1.05477	-1.18157	-1.25702	-1.27024	-1.21849	-1.11118	-0.956812	-0.757015	-0.518468	-0.256572	0.020125	0.310366	0.596007	0.837756	1.00275	1.0828	1.08823	1.0349	0.934398	0.794065	0.625397	0.446842	0.278727	
-0.728505	-1.05477	-1.33523	-1.52917	-1.62471	-1.63928	-1.57881	-1.42537	-1.17534	-0.861609	-0.525035	-0.184369	0.157683	0.493219	0.799379	1.04502	1.20688	1.27805	1.26188	1.16632	1.00579	0.802308	0.583345	0.376961	0.204491	
-0.779872	-1.18157	-1.52917	-1.77832	-1.90983	-1.93093	-1.84504	-1.64274	-1.32994	-0.943906	-0.529494	-0.114059	0.286188	0.650774	0.95682	1.18793	1.33534	1.39438	1.36261	1.24299	1.05064	0.814641	0.57054	0.3496	0.171459	
-0.823561	-1.25702	-1.62471	-1.90983	-2.08401	-2.11464	-1.99442	-1.74937	-1.41257	-1.00383	-0.541846	-0.0633744	0.381993	0.755491	1.04454	1.25558	1.3938	1.4516	1.41597	1.2843	1.07415	0.821027	0.565875	0.340774	0.162287	
-0.832839	-1.27024	-1.63928	-1.93093	-2.11464	-2.14753	-2.01955	-1.76573	-1.426	-1.01543	-0.54529	-0.0539112	0.40081	0.7751	1.05883	1.26468	1.40185	1.46139	1.42615	1.29171	1.07746	0.821389	0.564967	0.339625	0.161408	
-0.799253	-1.21849	-1.57881	-1.84504	-1.99442	-2.01955	-1.91971	-1.69834	-1.37158	-0.971366	-0.534072	-0.090523	0.330843	0.701396	1.00088	1.2228	1.36583	1.42417	1.3897	1.26297	1.06165	0.818085	0.568915	0.34524	0.166125	
-0.748905	-1.11118	-1.42537	-1.64274	-1.74937	-1.76573	-1.69834	-1.52621	-1.24569	-0.896219	-0.525757	-0.155328	0.210895	0.560703	0.86957	1.11106	1.26739	1.33288	1.30923	1.20262	1.02734	0.807711	0.575257	0.361216	0.186639	
-0.693631	-0.956812	-1.17534	-1.32994	-1.41257	-1.426	-1.37158	-1.24569	-1.05113	-0.803197	-0.523032	-0.22779	0.0757266	0.384678	0.680894	0.927642	1.09369	1.17082	1.16709	1.09513	0.966946	0.796355	0.603923	0.413384	0.244242	
-0.610672	-0.757015	-0.861609	-0.943906	-1.00383	-1.01543	-0.971366	-0.896219	-0.803197	-0.67528	-0.501423	-0.293776	-0.0607022	0.197734	0.461007	0.687457	0.844685	0.926457	0.948168	0.929643	0.877696	0.788836	0.662313	0.506066	0.338998	
-0.482376	-0.518468	-0.525035	-0.529494	-0.541846	-0.54529	-0.534072	-0.525757	-0.523032	-0.501423	-0.439385	-0.32963	-0.172053	0.0189843	0.215336	0.391094	0.527798	0.620079	0.682635	0.731471	0.763512	0.76143	0.706308	0.593778	0.442183	
-0.31405	-0.256572	-0.184369	-0.114059	-0.0633744	-0.0539112	-0.090523	-0.155328	-0.22779	-0.293776	-0.32963	-0.308584	-0.237031	-0.147694	-0.0524378	0.0564105	0.174076	0.291651	0.408701	0.521674	0.620679	0.687189	0.69682	0.640284	0.527522	
-0.110398	0.020125	0.157683	0.286188	0.381993	0.40081	0.330843	0.210895	0.0757266	-0.0607022	-0.172053	-0.237031	-0.273521	-0.30084	-0.303632	-0.261277	-0.167581	-0.0274133	0.135976	0.297606	0.446384	0.565976	0.63546	0.641694	0.579629	
0.124715	0.310366	0.493219	0.650774	0.755491	0.7751	0.701396	0.560703	0.384678	0.197734	0.0189843	-0.147694	-0.30084	-0.423282	-0.499707	-0.516547	-0.450018	-0.304655	-0.122831	0.0652472	0.24601	0.404904	0.529354	0.597292	0.591302	
0.366519	0.596007	0.799379	0.95682	1.04454	1.05883	1.00088	0.86957	0.680894	0.461007	0.215336	-0.0524378	-0.303632	-0.499707	-0.633047	-0.686578	-0.639906	-0.51478	-0.345599	-0.153682	0.0391385	0.224394	0.391026	0.507856	0.555547	
0.576043	0.837756	1.04502	1.18793	1.25558	1.26468	1.2228	1.11106	0.927642	0.687457	0.391094	0.0564105	-0.261277	-0.516547	-0.686578	-0.757762	-0.743769	-0.6627	-0.516476	-0.329996	-0.133789	0.0633051	0.241307	0.380296	0.465768	
0.725019	1.00275	1.20688	1.33534	1.3938	1.40185	1.36583	1.26739	1.09369	0.844685	0.527798	0.174076	-0.167581	-0.450018	-0.639906	-0.743769	-0.783578	-0.743997	-0.618876	-0.445614	-0.254346	-0.0686435	0.095944	0.2434	0.353126	
0.808713	1.0828	1.27805	1.39438	1.4516	1.46139	1.42417	1.33288	1.17082	0.926457	0.620079	0.291651	-0.0274133	-0.304655	-0.51478	-0.6627	-0.743997	-0.736688	-0.650099	-0.508696	-0.339746	-0.175909	-0.0154994	0.139852	0.261766	
0.84441	1.08823	1.26188	1.36261	1.41597	1.42615	1.3897	1.30923	1.16709	0.948168	0.682635	0.408701	0.135976	-0.122831	-0.345599	-0.516476	-0.618876	-0.650099	-0.616658	-0.520445	-0.385919	-0.234795	-0.07344	0.0730888	0.194448	
0.85253	1.0349	1.16632	1.24299	1.2843	1.29171	1.26297	1.20262	1.09513	0.929643	0.731471	0.521674	0.297606	0.0652472	-0.153682	-0.329996	-0.445614	-0.508696	-0.520445	-0.471562	-0.368992	-0.230101	-0.0889139	0.0365712	0.154924	
0.835711	0.934398	1.00579	1.05064	1.07415	1.07746	1.06165	1.02734	0.966946	0.877696	0.763512	0.620679	0.446384	0.24601	0.0391385	-0.133789	-0.254346	-0.339746	-0.385919	-0.368992	-0.288001	-0.173326	-0.0597163	0.0533327	0.165083	
0.782516	0.794065	0.802308	0.814641	0.821027	0.821389	0.818085	0.807711	0.796355	0.788836	0.76143	0.687189	0.565976	0.404904	0.224394	0.0633051	-0.0686435	-0.175909	-0.234795	-0.230101	-0.173326	-0.0849387	0.0182744	0.129269	0.231674	
0.684095	0.625397	0.583345	0.57054	0.565875	0.564967	0.568915	0.575257	0.603923	0.662313	0.706308	0.69682	0.63546	0.529354	0.391026	0.241307	0.095944	-0.0154994	-0.07344	-0.0889139	-0.0597163	0.0182744	0.127996	0.243641	0.339411	
0.544312	0.446842	0.376961	0.3496	0.340774	0.339625	0.34524	0.361216	0.413384	0.506066	0.593778	0.640284	0.641694	0.597292	0.507856	0.380296	0.2434	0.139852	0.0730888	0.0365712	0.0533327	0.129269	0.243641	0.359264	0.455252	
0.381411	0.278727	0.204491	0.171459	0.162287	0.161408	0.166125	0.186639	0.244242	0.338998	0.442183	0.527522	0.579629	0.591302	0.555547	0.465768	0.353126	0.261766	0.194448	0.154924	0.165083	0.231674	0.339411	0.455252	0.574049	
