0.249661	0.43611	0.610739	0.748979	0.832296	0.847444	0.788768	0.671782	0.508866	0.32416	0.139566	-0.0400281	-0.200794	-0.311265	-0.367153	-0.375495	-0.343691	-0.267938	-0.168423	-0.0714498	-0.00169027	0.044631	0.0814251	0.117487	0.138577	
0.313169	0.508817	0.704505	0.852113	0.941372	0.956782	0.89515	0.77092	0.58982	0.389521	0.202261	0.0241636	-0.132099	-0.246048	-0.300824	-0.315359	-0.289228	-0.223846	-0.135524	-0.0369047	0.0405345	0.093	0.13639	0.172842	0.199652	
0.342634	0.54933	0.756191	0.912801	0.999513	1.01268	0.95654	0.826495	0.635406	0.421931	0.232197	0.0664536	-0.0757812	-0.176483	-0.223543	-0.232468	-0.202153	-0.140616	-0.0511586	0.0511088	0.137605	0.196566	0.243395	0.277963	0.293618	
0.340065	0.549518	0.760784	0.923081	1.00861	1.02157	0.96714	0.833996	0.637138	0.420597	0.230095	0.0787494	-0.0390442	-0.110092	-0.134545	-0.124557	-0.0815735	-0.0136942	0.0860835	0.200957	0.298892	0.36816	0.410664	0.436001	0.440234	
0.315629	0.509908	0.717159	0.877363	0.962317	0.975931	0.920476	0.790208	0.593408	0.389929	0.214781	0.0822904	-0.00647046	-0.0523086	-0.0437143	0.00155133	0.0667249	0.151176	0.266216	0.398973	0.516037	0.593676	0.632344	0.647965	0.641594	
0.274546	0.443492	0.628685	0.776395	0.855898	0.868217	0.817028	0.694691	0.517816	0.338565	0.188326	0.083289	0.025233	0.00499005	0.0417225	0.11954	0.21849	0.333433	0.471113	0.615259	0.745631	0.838847	0.886231	0.89599	0.876492	
0.231727	0.366408	0.513102	0.634266	0.70406	0.714245	0.669473	0.56646	0.425376	0.283388	0.162319	0.0832501	0.0548758	0.0618348	0.121109	0.221137	0.348247	0.500987	0.669024	0.828187	0.969914	1.07513	1.13393	1.14562	1.12052	
0.181443	0.27797	0.384479	0.480586	0.538912	0.547465	0.510004	0.42562	0.320531	0.217893	0.131737	0.0809154	0.0739639	0.104132	0.184104	0.303678	0.456402	0.638205	0.836612	1.01451	1.16378	1.27829	1.34297	1.3651	1.33838	
0.113448	0.172771	0.242695	0.31862	0.369256	0.377193	0.343641	0.274018	0.198825	0.135596	0.086538	0.0695521	0.0897837	0.140134	0.232457	0.367277	0.54085	0.744907	0.954532	1.14179	1.30129	1.42611	1.49848	1.52017	1.49289	
0.0285693	0.0509656	0.0908741	0.149071	0.195061	0.202706	0.170795	0.113396	0.063968	0.0362623	0.0241883	0.0424941	0.10126	0.183855	0.28781	0.428818	0.605556	0.815714	1.02709	1.21552	1.37923	1.50805	1.58457	1.60678	1.58201	
-0.0691502	-0.0820013	-0.0703561	-0.0290149	0.00398164	0.00899003	-0.0128322	-0.0567338	-0.0805621	-0.0773195	-0.050611	0.00892729	0.106701	0.22306	0.344774	0.486032	0.654072	0.852861	1.06267	1.25105	1.41259	1.53582	1.61634	1.6441	1.62848	
-0.164993	-0.218246	-0.238275	-0.226145	-0.209102	-0.205644	-0.217895	-0.236447	-0.230633	-0.189632	-0.120982	-0.0199327	0.114381	0.254437	0.391912	0.53871	0.695808	0.87511	1.06848	1.25513	1.41308	1.53103	1.60837	1.64694	1.64878	
-0.244005	-0.343559	-0.408985	-0.436416	-0.438694	-0.437771	-0.438815	-0.424134	-0.375202	-0.286578	-0.173555	-0.0315788	0.135842	0.297832	0.449829	0.593393	0.736243	0.88975	1.05586	1.23157	1.38839	1.5054	1.57588	1.61675	1.63591	
-0.310459	-0.454284	-0.564261	-0.633823	-0.664177	-0.669554	-0.649847	-0.596857	-0.502946	-0.371697	-0.209876	-0.0208089	0.177912	0.36276	0.523246	0.652553	0.771602	0.897403	1.03959	1.19328	1.34043	1.4569	1.52316	1.55703	1.57512	
-0.359528	-0.543752	-0.690362	-0.79595	-0.852286	-0.861426	-0.824899	-0.737614	-0.607007	-0.438092	-0.229271	0.00633506	0.234607	0.435063	0.594586	0.712413	0.805634	0.903396	1.01857	1.14482	1.26856	1.36571	1.42416	1.45773	1.46856	
-0.366021	-0.593999	-0.779626	-0.916251	-0.988697	-0.999611	-0.953071	-0.841175	-0.673535	-0.462001	-0.21328	0.0506114	0.298095	0.502047	0.654473	0.758921	0.835839	0.903353	0.981281	1.07284	1.16453	1.23274	1.28211	1.31725	1.32498	
-0.32676	-0.587713	-0.805431	-0.967686	-1.06163	-1.07726	-1.01436	-0.877191	-0.681322	-0.434765	-0.158753	0.120705	0.37134	0.569254	0.709643	0.800811	0.865718	0.908864	0.944717	0.994154	1.04947	1.08891	1.11574	1.13957	1.14496	
-0.23819	-0.524217	-0.765069	-0.953224	-1.07052	-1.09185	-1.01061	-0.846557	-0.626695	-0.356103	-0.058416	0.231691	0.47776	0.656675	0.775594	0.846562	0.889121	0.910698	0.918791	0.927734	0.941695	0.952312	0.953374	0.95414	0.945547	
-0.101376	-0.406658	-0.675017	-0.878836	-1.00237	-1.02428	-0.93918	-0.765261	-0.520372	-0.225651	0.0865256	0.381211	0.614217	0.769585	0.861134	0.905155	0.915998	0.905422	0.892436	0.8722	0.850119	0.830124	0.806309	0.778063	0.744946	
0.0640959	-0.254202	-0.535615	-0.746399	-0.869426	-0.89062	-0.806807	-0.629636	-0.373897	-0.0645206	0.255169	0.541364	0.755702	0.883504	0.945325	0.960198	0.931484	0.883563	0.843355	0.807351	0.768092	0.721673	0.669306	0.62022	0.569215	
0.228604	-0.0843427	-0.359659	-0.571443	-0.703393	-0.727269	-0.635644	-0.45247	-0.20109	0.101675	0.413896	0.68377	0.872028	0.969559	0.999989	0.978909	0.915556	0.836771	0.771765	0.721337	0.670305	0.606636	0.534749	0.471623	0.419266	
0.36736	0.0726043	-0.193299	-0.402823	-0.534656	-0.559454	-0.466747	-0.284345	-0.0393674	0.248874	0.537792	0.779744	0.938302	1.00559	1.00486	0.949176	0.855136	0.749552	0.660998	0.593551	0.530738	0.460472	0.385695	0.327133	0.287268	
0.451121	0.178258	-0.0765816	-0.278726	-0.402513	-0.425039	-0.338872	-0.165296	0.0717092	0.343089	0.602455	0.810024	0.939428	0.97988	0.94972	0.863163	0.738908	0.606282	0.494286	0.412366	0.345344	0.280576	0.220253	0.180945	0.159389	
0.441711	0.198296	-0.0316207	-0.221007	-0.343807	-0.366636	-0.279762	-0.113326	0.102518	0.345913	0.575155	0.75382	0.856806	0.870495	0.810818	0.695353	0.546002	0.391544	0.265697	0.179664	0.120165	0.0737475	0.0411942	0.0305255	0.0389289	
0.346961	0.134638	-0.0708563	-0.246738	-0.36668	-0.389998	-0.30352	-0.145842	0.0498559	0.263802	0.461539	0.612591	0.689692	0.672111	0.580365	0.440626	0.276289	0.115753	-0.00851397	-0.0875877	-0.128958	-0.139169	-0.129783	-0.102052	-0.0551595	
0.198298	0.00845521	-0.189381	-0.36011	-0.468036	-0.487593	-0.412577	-0.26274	-0.0719714	0.126256	0.293459	0.411688	0.459759	0.410127	0.288081	0.13138	-0.0366928	-0.188725	-0.297262	-0.356024	-0.368007	-0.333307	-0.272094	-0.198656	-0.108842	
0.00845521	-0.167071	-0.364969	-0.535083	-0.637873	-0.655549	-0.585642	-0.438865	-0.246554	-0.0564487	0.090794	0.182094	0.197119	0.123342	-0.0175879	-0.187194	-0.348945	-0.4829	-0.569031	-0.59875	-0.570226	-0.492697	-0.389598	-0.270471	-0.137185	
-0.189381	-0.364969	-0.559061	-0.729444	-0.834566	-0.853	-0.781182	-0.632154	-0.442861	-0.254898	-0.109554	-0.0369748	-0.0488568	-0.139403	-0.288977	-0.467231	-0.625639	-0.734426	-0.796193	-0.798831	-0.732224	-0.617666	-0.474606	-0.306905	-0.136864	
-0.36011	-0.535083	-0.729444	-0.892158	-0.99194	-1.00882	-0.941394	-0.800175	-0.613569	-0.424492	-0.282628	-0.220061	-0.247037	-0.346085	-0.500694	-0.679367	-0.832659	-0.930566	-0.969375	-0.945471	-0.851014	-0.702802	-0.518669	-0.309244	-0.105753	
-0.468036	-0.637873	-0.834566	-0.99194	-1.07829	-1.09197	-1.03548	-0.904796	-0.717808	-0.528427	-0.397805	-0.343582	-0.369357	-0.474794	-0.634406	-0.805515	-0.955538	-1.05242	-1.07416	-1.02493	-0.914141	-0.745127	-0.531496	-0.299262	-0.07922	
-0.487593	-0.655549	-0.853	-1.00882	-1.09197	-1.10464	-1.0511	-0.923354	-0.735508	-0.547275	-0.419881	-0.36694	-0.391607	-0.498291	-0.659215	-0.827624	-0.976834	-1.07456	-1.09193	-1.03762	-0.924277	-0.751943	-0.532896	-0.296651	-0.0751389	
-0.412577	-0.585642	-0.781182	-0.941394	-1.03548	-1.0511	-0.988404	-0.851513	-0.664876	-0.475347	-0.337887	-0.27835	-0.30615	-0.408901	-0.565495	-0.741044	-0.893086	-0.990346	-1.02106	-0.985523	-0.883113	-0.724613	-0.52637	-0.305069	-0.0921926	
-0.26274	-0.438865	-0.632154	-0.800175	-0.904796	-0.923354	-0.851513	-0.704812	-0.516565	-0.328251	-0.183332	-0.115845	-0.135258	-0.229729	-0.38084	-0.561371	-0.717962	-0.819862	-0.871731	-0.864721	-0.785714	-0.656373	-0.496476	-0.311251	-0.127385	
-0.0719714	-0.246554	-0.442861	-0.613569	-0.717808	-0.735508	-0.664876	-0.516565	-0.325376	-0.136591	0.00854098	0.0908408	0.0941748	0.0132921	-0.132482	-0.306263	-0.466363	-0.589703	-0.666246	-0.684726	-0.639791	-0.547405	-0.42886	-0.290054	-0.140617	
0.126256	-0.0564487	-0.254898	-0.424492	-0.528427	-0.547275	-0.475347	-0.328251	-0.136591	0.0576553	0.214769	0.321378	0.356234	0.295274	0.164482	0.00227512	-0.162993	-0.309537	-0.409802	-0.457232	-0.453771	-0.401333	-0.321895	-0.230507	-0.123288	
0.293459	0.090794	-0.109554	-0.282628	-0.397805	-0.419881	-0.337887	-0.183332	0.00854098	0.214769	0.399952	0.537739	0.603914	0.572935	0.468338	0.321554	0.153415	-0.00540989	-0.124238	-0.196351	-0.227453	-0.220427	-0.190282	-0.143949	-0.0801385	
0.411688	0.182094	-0.0369748	-0.220061	-0.343582	-0.36694	-0.27835	-0.115845	0.0908408	0.321378	0.537739	0.706462	0.798934	0.801145	0.728797	0.602315	0.446117	0.28708	0.160111	0.0750854	0.0217796	-0.0115544	-0.0298815	-0.0269611	-0.00366672	
0.459759	0.197119	-0.0488568	-0.247037	-0.369357	-0.391607	-0.30615	-0.135258	0.0941748	0.356234	0.603914	0.798934	0.91786	0.947181	0.90536	0.807159	0.671617	0.529618	0.409806	0.324692	0.259142	0.20016	0.149968	0.120748	0.109597	
0.410127	0.123342	-0.139403	-0.346085	-0.474794	-0.498291	-0.408901	-0.229729	0.0132921	0.295274	0.572935	0.801145	0.947181	1.00357	0.990762	0.923314	0.81661	0.69944	0.60119	0.52752	0.462388	0.392383	0.32126	0.269457	0.236165	
0.288081	-0.0175879	-0.288977	-0.500694	-0.634406	-0.659215	-0.565495	-0.38084	-0.132482	0.164482	0.468338	0.728797	0.90536	0.990762	1.0084	0.972373	0.896676	0.807867	0.733625	0.676698	0.620056	0.552538	0.477464	0.413546	0.364274	
0.13138	-0.187194	-0.467231	-0.679367	-0.805515	-0.827624	-0.741044	-0.561371	-0.306263	0.00227512	0.321554	0.602315	0.807159	0.923314	0.972373	0.972844	0.929757	0.868525	0.817983	0.775954	0.732031	0.677969	0.61622	0.560716	0.506902	
-0.0366928	-0.348945	-0.625639	-0.832659	-0.955538	-0.976834	-0.893086	-0.717962	-0.466363	-0.162993	0.153415	0.446117	0.671617	0.81661	0.896676	0.929757	0.925016	0.899059	0.875131	0.848566	0.817754	0.785781	0.750638	0.712504	0.67072	
-0.188725	-0.4829	-0.734426	-0.930566	-1.05242	-1.07456	-0.990346	-0.819862	-0.589703	-0.309537	-0.00540989	0.28708	0.529618	0.69944	0.807867	0.868525	0.899059	0.909902	0.909865	0.905357	0.9027	0.901111	0.892973	0.881798	0.863241	
-0.297262	-0.569031	-0.796193	-0.969375	-1.07416	-1.09193	-1.02106	-0.871731	-0.666246	-0.409802	-0.124238	0.160111	0.409806	0.60119	0.733625	0.817983	0.875131	0.909865	0.932976	0.965636	1.00489	1.03259	1.04905	1.06547	1.06799	
-0.356024	-0.59875	-0.798831	-0.945471	-1.02493	-1.03762	-0.985523	-0.864721	-0.684726	-0.457232	-0.196351	0.0750854	0.324692	0.52752	0.676698	0.775954	0.848566	0.905357	0.965636	1.04045	1.11853	1.17599	1.21712	1.24892	1.2555	
-0.368007	-0.570226	-0.732224	-0.851014	-0.914141	-0.924277	-0.883113	-0.785714	-0.639791	-0.453771	-0.227453	0.0217796	0.259142	0.462388	0.620056	0.732031	0.817754	0.9027	1.00489	1.11853	1.23009	1.31571	1.37105	1.40623	1.41617	
-0.333307	-0.492697	-0.617666	-0.702802	-0.745127	-0.751943	-0.724613	-0.656373	-0.547405	-0.401333	-0.220427	-0.0115544	0.20016	0.392383	0.552538	0.677969	0.785781	0.901111	1.03259	1.17599	1.31571	1.42611	1.48996	1.52279	1.53691	
-0.272094	-0.389598	-0.474606	-0.518669	-0.531496	-0.532896	-0.52637	-0.496476	-0.42886	-0.321895	-0.190282	-0.0298815	0.149968	0.32126	0.477464	0.61622	0.750638	0.892973	1.04905	1.21712	1.37105	1.48996	1.55902	1.59691	1.61745	
-0.198656	-0.270471	-0.306905	-0.309244	-0.299262	-0.296651	-0.305069	-0.311251	-0.290054	-0.230507	-0.143949	-0.0269611	0.120748	0.269457	0.413546	0.560716	0.712504	0.881798	1.06547	1.24892	1.40623	1.52279	1.59691	1.6384	1.64915	
-0.108842	-0.137185	-0.136864	-0.105753	-0.07922	-0.0751389	-0.0921926	-0.127385	-0.140617	-0.123288	-0.0801385	-0.00366672	0.109597	0.236165	0.364274	0.506902	0.67072	0.863241	1.06799	1.2555	1.41617	1.53691	1.61745	1.64915	1.63909	
