-0.250562	-0.258864	-0.255471	-0.250465	-0.24775	-0.247203	-0.24926	-0.253467	-0.258222	-0.256348	-0.23803	-0.222832	-0.205726	-0.179761	-0.150323	-0.132225	-0.0978708	-0.0516785	-0.00217487	0.0451032	0.100488	0.152903	0.189242	0.20805	0.211572	
-0.333212	-0.328232	-0.316733	-0.303939	-0.296588	-0.293909	-0.300928	-0.310758	-0.324353	-0.332239	-0.329592	-0.317926	-0.297902	-0.263356	-0.225397	-0.193625	-0.153319	-0.103156	-0.0557581	-0.0155214	0.033473	0.0750838	0.0903437	0.0780352	0.0493065	
-0.398363	-0.386945	-0.375267	-0.363287	-0.356747	-0.353863	-0.360504	-0.369316	-0.382815	-0.39328	-0.403143	-0.397451	-0.379292	-0.343736	-0.303467	-0.256843	-0.212246	-0.159416	-0.109808	-0.063217	-0.0155548	0.0243075	0.0298548	-0.00275225	-0.062567	
-0.44821	-0.439907	-0.434031	-0.426114	-0.421446	-0.420278	-0.423491	-0.430852	-0.437341	-0.44439	-0.453788	-0.453311	-0.437105	-0.41442	-0.381104	-0.329924	-0.275114	-0.21726	-0.155847	-0.0939663	-0.0380297	0.00389594	0.00102635	-0.0459487	-0.132436	
-0.477093	-0.478827	-0.48006	-0.47777	-0.476491	-0.476865	-0.476715	-0.479933	-0.479504	-0.476898	-0.479524	-0.479245	-0.470349	-0.462078	-0.44263	-0.394461	-0.332603	-0.261655	-0.17922	-0.100685	-0.0399498	-0.000197813	-0.00376049	-0.0595149	-0.163433	
-0.480591	-0.488938	-0.496036	-0.501501	-0.507163	-0.509037	-0.503786	-0.499001	-0.492304	-0.483182	-0.479442	-0.479078	-0.477645	-0.477126	-0.462225	-0.417269	-0.354323	-0.275649	-0.177391	-0.0835503	-0.0175055	0.0192498	0.0149554	-0.0383905	-0.142393	
-0.457783	-0.46417	-0.474112	-0.484489	-0.497677	-0.49919	-0.490928	-0.477407	-0.468801	-0.459265	-0.455348	-0.452437	-0.452979	-0.445718	-0.424339	-0.37958	-0.323641	-0.244317	-0.146692	-0.0471945	0.028189	0.0787478	0.0814357	0.0327421	-0.0700503	
-0.399389	-0.403096	-0.409752	-0.41766	-0.428139	-0.428624	-0.422812	-0.411719	-0.405982	-0.400615	-0.394591	-0.385702	-0.378035	-0.359236	-0.323762	-0.283124	-0.236636	-0.164532	-0.0681428	0.0258218	0.110584	0.1774	0.199787	0.156881	0.0528058	
-0.299475	-0.305692	-0.306126	-0.305225	-0.30237	-0.301421	-0.303604	-0.305992	-0.306227	-0.302941	-0.290891	-0.270529	-0.251795	-0.225811	-0.184714	-0.142997	-0.101697	-0.0332492	0.0582511	0.149764	0.238368	0.312071	0.343638	0.309392	0.211321	
-0.155518	-0.164013	-0.163409	-0.15559	-0.14353	-0.140767	-0.150106	-0.161473	-0.164907	-0.1597	-0.146488	-0.118735	-0.0912215	-0.0633948	-0.0261132	0.0197959	0.0686283	0.141385	0.226541	0.308437	0.392324	0.465543	0.493734	0.460079	0.369527	
0.0176886	0.0119102	0.00798892	0.0115703	0.0194229	0.0208369	0.0149818	0.0078073	0.0100749	0.0156116	0.022091	0.0430876	0.0750633	0.104313	0.1412	0.193202	0.252409	0.329139	0.412115	0.48669	0.553114	0.614444	0.634798	0.600945	0.509424	
0.190102	0.189502	0.179919	0.173657	0.168866	0.168459	0.170989	0.177023	0.185777	0.191795	0.188075	0.198062	0.22616	0.257181	0.297254	0.358322	0.426386	0.497451	0.577502	0.653148	0.711328	0.745346	0.749086	0.710089	0.619189	
0.323714	0.322091	0.311434	0.30026	0.291123	0.288743	0.296303	0.306938	0.31845	0.324238	0.321418	0.324897	0.345234	0.372377	0.414682	0.479358	0.554258	0.623961	0.697298	0.771383	0.829402	0.848031	0.828004	0.772028	0.677862	
0.398429	0.391292	0.384483	0.37859	0.374237	0.372804	0.376468	0.382398	0.38836	0.395398	0.401552	0.410459	0.420065	0.440821	0.48242	0.544877	0.614372	0.689294	0.765092	0.834296	0.885051	0.899711	0.8697	0.791618	0.680857	
0.420675	0.413159	0.413126	0.413255	0.414992	0.414876	0.414067	0.412788	0.413137	0.416092	0.430373	0.448496	0.457987	0.471026	0.511131	0.56577	0.624648	0.698315	0.783461	0.855205	0.896062	0.9038	0.870371	0.78044	0.641185	
0.397168	0.395015	0.397384	0.398448	0.403173	0.404616	0.400907	0.397005	0.395877	0.395292	0.405805	0.428928	0.44728	0.463143	0.495915	0.540599	0.592345	0.665486	0.754337	0.830459	0.87132	0.869251	0.827802	0.733968	0.5834	
0.34564	0.344988	0.341633	0.342006	0.348797	0.350839	0.345204	0.340613	0.343561	0.345382	0.348885	0.364295	0.389472	0.414002	0.445755	0.483513	0.535653	0.60877	0.694655	0.766005	0.809317	0.807963	0.75977	0.6629	0.513523	
0.284108	0.279709	0.271247	0.270171	0.275937	0.276178	0.272272	0.269623	0.276558	0.283229	0.282438	0.28695	0.308591	0.339297	0.375571	0.421055	0.477984	0.545178	0.616369	0.679709	0.724238	0.73134	0.687004	0.584101	0.434082	
0.211816	0.209195	0.202419	0.198596	0.195815	0.194007	0.196723	0.200649	0.20701	0.211596	0.209959	0.211193	0.230335	0.261419	0.301596	0.354724	0.420258	0.481049	0.538821	0.596799	0.642332	0.652828	0.614955	0.512156	0.352642	
0.131444	0.131779	0.132564	0.125853	0.117642	0.114652	0.122841	0.130284	0.132749	0.130725	0.133617	0.143226	0.1622	0.189928	0.230195	0.285024	0.353132	0.418741	0.478246	0.538132	0.581996	0.584174	0.541487	0.441706	0.286625	
0.0635831	0.0622185	0.0643206	0.0614769	0.059476	0.0594159	0.0611363	0.0635571	0.0632112	0.061067	0.0722469	0.0931377	0.109464	0.126475	0.166056	0.223598	0.29239	0.363591	0.434145	0.494747	0.530285	0.520849	0.470363	0.373871	0.22751	
0.01855	0.010294	0.0063793	0.00734436	0.0181494	0.0203299	0.0118563	0.00525756	0.00894996	0.0139689	0.027888	0.0488966	0.0646408	0.0786768	0.116822	0.177425	0.247533	0.321922	0.397959	0.458548	0.485672	0.470831	0.418688	0.322532	0.183157	
-0.0121233	-0.0216431	-0.0315332	-0.0306526	-0.0210964	-0.0191607	-0.0272777	-0.0329629	-0.0259511	-0.0154146	-0.00733717	0.00250173	0.0230148	0.0530087	0.0949583	0.147114	0.212684	0.287565	0.368818	0.435359	0.463401	0.444161	0.388221	0.290289	0.150555	
-0.038331	-0.0441852	-0.04837	-0.052171	-0.0560085	-0.0582781	-0.0533824	-0.0501356	-0.0460105	-0.0407349	-0.0361432	-0.0311755	-0.00649609	0.0375371	0.0843058	0.128584	0.187911	0.262348	0.343515	0.416959	0.454567	0.43573	0.369963	0.261658	0.118956	
-0.0625735	-0.0625458	-0.0614382	-0.0676145	-0.0778844	-0.0809305	-0.0716001	-0.0628175	-0.0616085	-0.0637695	-0.0585638	-0.0451283	-0.0184822	0.0189218	0.0623037	0.111143	0.178366	0.252897	0.325544	0.392108	0.434569	0.423946	0.360289	0.247377	0.0943789	
-0.0730381	-0.0742607	-0.0777382	-0.0840674	-0.0833851	-0.083541	-0.0841925	-0.0808288	-0.0744152	-0.0744	-0.0685677	-0.049279	-0.0219966	0.00511887	0.0428849	0.101393	0.180114	0.256976	0.321893	0.378167	0.416252	0.413352	0.360986	0.250055	0.0889287	
-0.0742607	-0.0822055	-0.0914096	-0.0936114	-0.0849561	-0.0828348	-0.0905685	-0.093949	-0.0856819	-0.0777182	-0.0679024	-0.0524188	-0.0307398	-0.00450192	0.0387822	0.101759	0.179104	0.252446	0.319647	0.3775	0.411208	0.404886	0.356371	0.249871	0.0858523	
-0.0777382	-0.0914096	-0.094762	-0.0933803	-0.0909918	-0.0913437	-0.0918511	-0.0946378	-0.0937683	-0.0846248	-0.0671208	-0.0534223	-0.0398877	-0.0118117	0.0396115	0.104367	0.174756	0.243751	0.314087	0.378447	0.412609	0.400783	0.347039	0.239153	0.079373	
-0.0840674	-0.0936114	-0.0933803	-0.0936992	-0.0977639	-0.0997926	-0.0948332	-0.0930555	-0.0940873	-0.0896717	-0.0738132	-0.0586953	-0.041008	-0.0104041	0.0389702	0.0986563	0.168954	0.241167	0.314046	0.379312	0.413534	0.397383	0.337004	0.230011	0.078905	
-0.0833851	-0.0849561	-0.0909918	-0.0977639	-0.0975662	-0.0977965	-0.0982854	-0.094378	-0.0863801	-0.0839942	-0.0811981	-0.0670828	-0.0360217	0.00236557	0.0423937	0.0916003	0.163247	0.244437	0.321157	0.385087	0.416999	0.396308	0.329483	0.221846	0.0815367	
-0.083541	-0.0828348	-0.0913437	-0.0997926	-0.0977965	-0.0973349	-0.0996881	-0.0959109	-0.0848893	-0.0829745	-0.0833734	-0.0703223	-0.0354125	0.00478852	0.0431233	0.0890984	0.16077	0.243723	0.322431	0.386866	0.417678	0.395021	0.326451	0.220361	0.0824788	
-0.0841925	-0.0905685	-0.0918511	-0.0948332	-0.0982854	-0.0996881	-0.0959514	-0.0928007	-0.0912728	-0.0879665	-0.0769294	-0.0615519	-0.0390703	-0.0053028	0.0404034	0.0960903	0.166424	0.242316	0.317127	0.382078	0.415165	0.396801	0.333867	0.22606	0.0797512	
-0.0808288	-0.093949	-0.0946378	-0.0930555	-0.094378	-0.0959109	-0.0928007	-0.0939549	-0.095187	-0.0878921	-0.0690171	-0.0551253	-0.0416369	-0.0132011	0.0391075	0.10275	0.172654	0.241736	0.312602	0.377787	0.412455	0.39958	0.34315	0.235478	0.0779501	
-0.0744152	-0.0856819	-0.0937683	-0.0940873	-0.0863801	-0.0848893	-0.0912728	-0.095187	-0.0892426	-0.0794051	-0.0667489	-0.0526359	-0.0348934	-0.00745442	0.0394043	0.103526	0.177944	0.249307	0.317533	0.377726	0.411721	0.40334	0.353307	0.245748	0.0829644	
-0.0744	-0.0777182	-0.0846248	-0.0896717	-0.0839942	-0.0829745	-0.0879665	-0.0878921	-0.0794051	-0.0765247	-0.0694873	-0.0510598	-0.0249793	0.000535172	0.0393223	0.100002	0.179708	0.256082	0.321381	0.377359	0.412595	0.408837	0.359211	0.251913	0.0889877	
-0.0685677	-0.0679024	-0.0671208	-0.0738132	-0.0811981	-0.0833734	-0.0769294	-0.0690171	-0.0667489	-0.0694873	-0.0639344	-0.046389	-0.0193772	0.0129708	0.0532405	0.106293	0.179006	0.254663	0.323341	0.384834	0.426245	0.419342	0.360615	0.247471	0.0902594	
-0.049279	-0.0524188	-0.0534223	-0.0586953	-0.0670828	-0.0703223	-0.0615519	-0.0551253	-0.0526359	-0.0510598	-0.046389	-0.0392942	-0.0135365	0.0299074	0.0763925	0.121193	0.182075	0.256041	0.333864	0.406693	0.447591	0.431717	0.36449	0.25344	0.106819	
-0.0219966	-0.0307398	-0.0398877	-0.041008	-0.0360217	-0.0354125	-0.0390703	-0.0416369	-0.0348934	-0.0249793	-0.0193772	-0.0135365	0.00903177	0.0470046	0.0916079	0.139353	0.201463	0.275861	0.358429	0.428736	0.460574	0.440012	0.379884	0.27804	0.138407	
0.00511887	-0.00450192	-0.0118117	-0.0104041	0.00236557	0.00478852	-0.0053028	-0.0132011	-0.00745442	0.000535172	0.0129708	0.0299074	0.0470046	0.0657779	0.10499	0.163333	0.23209	0.307378	0.3856	0.448004	0.473492	0.457067	0.404084	0.308518	0.169498	
0.0428849	0.0387822	0.0396115	0.0389702	0.0423937	0.0431233	0.0404034	0.0391075	0.0394043	0.0393223	0.0532405	0.0763925	0.0916079	0.10499	0.143746	0.202946	0.273001	0.346159	0.419276	0.478576	0.510657	0.498912	0.447176	0.350314	0.206843	
0.101393	0.101759	0.104367	0.0986563	0.0916003	0.0890984	0.0960903	0.10275	0.103526	0.100002	0.106293	0.121193	0.139353	0.163333	0.202946	0.258421	0.326828	0.39565	0.458692	0.519614	0.560825	0.558079	0.511587	0.413877	0.262252	
0.180114	0.179104	0.174756	0.168954	0.163247	0.16077	0.166424	0.172654	0.177944	0.179708	0.179006	0.182075	0.201463	0.23209	0.273001	0.326828	0.394348	0.455511	0.512501	0.570749	0.616159	0.62383	0.586183	0.484928	0.324682	
0.256976	0.252446	0.243751	0.241167	0.244437	0.243723	0.242316	0.241736	0.249307	0.256082	0.254663	0.256041	0.275861	0.307378	0.346159	0.39565	0.455511	0.519031	0.583782	0.644704	0.689365	0.699	0.657988	0.554215	0.400257	
0.321893	0.319647	0.314087	0.314046	0.321157	0.322431	0.317127	0.312602	0.317533	0.321381	0.323341	0.333864	0.358429	0.3856	0.419276	0.458692	0.512501	0.583782	0.664761	0.732857	0.776965	0.778934	0.73036	0.631371	0.482761	
0.378167	0.3775	0.378447	0.379312	0.385087	0.386866	0.382078	0.377787	0.377726	0.377359	0.384834	0.406693	0.428736	0.448004	0.478576	0.519614	0.570749	0.644704	0.732857	0.808572	0.850858	0.84729	0.801868	0.707724	0.557634	
0.416252	0.411208	0.412609	0.413534	0.416999	0.417678	0.415165	0.412455	0.411721	0.412595	0.426245	0.447591	0.460574	0.473492	0.510657	0.560825	0.616159	0.689365	0.776965	0.850858	0.890754	0.894083	0.857974	0.765745	0.618633	
0.413352	0.404886	0.400783	0.397383	0.396308	0.395021	0.396801	0.39958	0.40334	0.408837	0.419342	0.431717	0.440012	0.457067	0.498912	0.558079	0.62383	0.699	0.778934	0.84729	0.894083	0.906344	0.875465	0.790982	0.669227	
0.360986	0.356371	0.347039	0.337004	0.329483	0.326451	0.333867	0.34315	0.353307	0.359211	0.360615	0.36449	0.379884	0.404084	0.447176	0.511587	0.586183	0.657988	0.73036	0.801868	0.857974	0.875465	0.849454	0.784558	0.684393	
0.250055	0.249871	0.239153	0.230011	0.221846	0.220361	0.22606	0.235478	0.245748	0.251913	0.247471	0.25344	0.27804	0.308518	0.350314	0.413877	0.484928	0.554215	0.631371	0.707724	0.765745	0.790982	0.784558	0.740643	0.649506	
0.0889287	0.0858523	0.079373	0.078905	0.0815367	0.0824788	0.0797512	0.0779501	0.0829644	0.0889877	0.0902594	0.106819	0.138407	0.169498	0.206843	0.262252	0.324682	0.400257	0.482761	0.557634	0.618633	0.669227	0.684393	0.649506	0.558263	
