1.00462	1.17617	1.31555	1.4194	1.47558	1.48531	1.44742	1.36246	1.23567	1.07673	0.894765	0.712597	0.541925	0.391742	0.27185	0.17774	0.106266	0.0396284	-0.0139845	-0.0582799	-0.100013	-0.153977	-0.216562	-0.298582	-0.385032	
1.14617	1.307	1.43345	1.52699	1.5769	1.58507	1.55195	1.47584	1.36106	1.21463	1.03765	0.848922	0.657495	0.481399	0.33234	0.210602	0.112263	0.0207439	-0.0655109	-0.139625	-0.200867	-0.262743	-0.331967	-0.406288	-0.475927	
1.25477	1.39807	1.50697	1.58472	1.62532	1.63155	1.60525	1.54262	1.44516	1.31659	1.15275	0.964581	0.757859	0.560009	0.385947	0.239285	0.115887	0.00404986	-0.0988562	-0.187184	-0.261562	-0.323995	-0.391725	-0.452526	-0.503102	
1.30928	1.43747	1.53056	1.59752	1.6342	1.63926	1.61619	1.56033	1.47871	1.36386	1.21998	1.0399	0.832363	0.627387	0.445198	0.280094	0.135537	0.00223174	-0.114149	-0.206734	-0.280412	-0.336517	-0.387754	-0.428834	-0.465748	
1.31577	1.42569	1.50687	1.56981	1.60476	1.61002	1.58775	1.53381	1.46106	1.36374	1.23475	1.07158	0.876707	0.679003	0.498482	0.325292	0.162918	0.0141626	-0.107811	-0.194642	-0.253384	-0.294588	-0.326624	-0.355932	-0.383783	
1.27611	1.36893	1.43662	1.48957	1.52278	1.52882	1.5056	1.45997	1.39827	1.31684	1.20618	1.06051	0.884227	0.705132	0.532025	0.35851	0.196123	0.0494192	-0.0665547	-0.140707	-0.177715	-0.199728	-0.214693	-0.22894	-0.245739	
1.19045	1.26111	1.31522	1.36061	1.39014	1.39528	1.37498	1.33469	1.28416	1.22182	1.13242	1.00998	0.865384	0.711338	0.551807	0.390227	0.236508	0.103987	0.00469056	-0.0527163	-0.0652986	-0.0585734	-0.0481672	-0.0442953	-0.0460921	
1.08376	1.13126	1.166	1.19667	1.21992	1.22506	1.207	1.17927	1.1456	1.10534	1.04159	0.945674	0.827794	0.696548	0.557913	0.415891	0.28135	0.170491	0.0930226	0.0547092	0.0652952	0.0998241	0.138247	0.162712	0.170388	
0.976174	0.997788	1.01066	1.02025	1.03274	1.03661	1.0244	1.01486	1.00299	0.987523	0.949627	0.878062	0.780746	0.667277	0.546845	0.430159	0.319192	0.230393	0.183913	0.175867	0.206205	0.262195	0.318061	0.351257	0.3569	
0.845667	0.850267	0.844889	0.840471	0.841619	0.842523	0.840236	0.842076	0.848729	0.849792	0.8324	0.785831	0.717186	0.624778	0.526107	0.433647	0.344172	0.279752	0.264159	0.28951	0.341617	0.413743	0.477832	0.512056	0.503106	
0.679014	0.675681	0.660792	0.64705	0.640871	0.639501	0.644199	0.653997	0.671195	0.678723	0.676507	0.654665	0.616469	0.554393	0.479602	0.405018	0.341545	0.309887	0.321675	0.372386	0.443071	0.527233	0.593695	0.622524	0.6011	
0.481857	0.467916	0.448298	0.431807	0.421309	0.419635	0.427083	0.440852	0.460568	0.477609	0.485175	0.485313	0.469375	0.434967	0.381789	0.323737	0.291131	0.296786	0.339928	0.404644	0.487217	0.58263	0.656818	0.676987	0.647465	
0.263155	0.245602	0.223457	0.208092	0.196563	0.193812	0.203294	0.215839	0.236685	0.256981	0.269745	0.275388	0.267901	0.248282	0.215545	0.182468	0.178486	0.222453	0.29651	0.381444	0.475061	0.583209	0.661526	0.679323	0.641727	
0.0345712	0.0291567	0.0188498	0.00705635	-0.00185903	-0.00431722	0.00351812	0.0134851	0.0254127	0.0342111	0.0328575	0.0306372	0.0141585	-0.00199712	-0.0177943	-0.0208733	0.0102404	0.0908371	0.199895	0.316175	0.426826	0.531226	0.60679	0.625163	0.588887	
-0.185469	-0.156159	-0.14103	-0.141384	-0.148096	-0.150435	-0.143754	-0.139946	-0.148214	-0.171584	-0.206253	-0.236543	-0.269351	-0.292902	-0.302827	-0.280471	-0.212567	-0.0966909	0.0510416	0.20401	0.334677	0.437945	0.504712	0.52756	0.502965	
-0.382549	-0.315045	-0.270674	-0.255976	-0.257278	-0.258017	-0.25585	-0.261492	-0.293918	-0.353238	-0.427355	-0.493555	-0.549625	-0.586916	-0.59695	-0.559632	-0.463534	-0.312121	-0.127383	0.054487	0.207104	0.326288	0.399511	0.433184	0.4209	
-0.527823	-0.429949	-0.361201	-0.325643	-0.312873	-0.312974	-0.317784	-0.34356	-0.398135	-0.486258	-0.592691	-0.70007	-0.78894	-0.844152	-0.85923	-0.816922	-0.70993	-0.538911	-0.331896	-0.126041	0.0504994	0.19869	0.302634	0.356539	0.355587	
-0.595798	-0.472376	-0.379814	-0.317753	-0.285047	-0.279613	-0.301046	-0.351686	-0.431331	-0.543609	-0.678362	-0.823063	-0.948785	-1.03074	-1.05605	-1.02281	-0.923156	-0.762006	-0.549831	-0.325958	-0.117941	0.0681544	0.209813	0.293328	0.315676	
-0.57517	-0.423183	-0.306907	-0.221945	-0.174021	-0.166094	-0.198006	-0.269222	-0.372597	-0.510956	-0.67665	-0.855051	-1.01533	-1.13196	-1.18304	-1.16462	-1.08172	-0.939688	-0.739	-0.505475	-0.264869	-0.0401567	0.136332	0.256134	0.317124	
-0.476093	-0.292737	-0.146754	-0.0412253	0.0184411	0.0280957	-0.0112311	-0.099705	-0.229054	-0.399294	-0.59609	-0.799652	-0.990494	-1.14385	-1.23333	-1.24511	-1.1822	-1.05697	-0.873347	-0.633617	-0.366097	-0.106867	0.107053	0.260829	0.355793	
-0.302441	-0.0960569	0.074312	0.200347	0.270036	0.281345	0.235605	0.130631	-0.0229238	-0.215937	-0.438329	-0.665969	-0.887173	-1.07764	-1.20562	-1.25175	-1.21791	-1.11181	-0.937707	-0.69942	-0.415579	-0.128117	0.120263	0.302755	0.42023	
-0.0747225	0.141701	0.325921	0.468519	0.553151	0.568208	0.509924	0.389193	0.219406	0.0150262	-0.216587	-0.466148	-0.71772	-0.936646	-1.09501	-1.17768	-1.18172	-1.10236	-0.942399	-0.705004	-0.418635	-0.120282	0.145597	0.352431	0.488813	
0.182096	0.396882	0.58602	0.739434	0.835082	0.851804	0.786238	0.652307	0.474987	0.27196	0.0361643	-0.223088	-0.491334	-0.730718	-0.914222	-1.03005	-1.0746	-1.03071	-0.895503	-0.674225	-0.397692	-0.106172	0.165427	0.386246	0.546288	
0.433016	0.647242	0.83557	0.987504	1.08225	1.09917	1.03404	0.901376	0.725749	0.521689	0.292023	0.0372168	-0.227769	-0.477831	-0.688514	-0.838233	-0.915868	-0.906996	-0.805995	-0.613823	-0.359549	-0.0824273	0.179287	0.403487	0.582233	
0.667719	0.87797	1.06079	1.1982	1.27969	1.29498	1.2379	1.12244	0.95522	0.754207	0.533918	0.293432	0.0381238	-0.218071	-0.450204	-0.627967	-0.728846	-0.751143	-0.686051	-0.536193	-0.316848	-0.0674879	0.179565	0.405424	0.600788	
0.881889	1.07516	1.24032	1.35915	1.42275	1.43281	1.39163	1.29404	1.14612	0.961428	0.756511	0.529154	0.284467	0.0268585	-0.217222	-0.414637	-0.544518	-0.597697	-0.565473	-0.448665	-0.26814	-0.0548586	0.172018	0.396062	0.603402	
1.07516	1.23998	1.37055	1.45714	1.5019	1.51004	1.47944	1.41059	1.29713	1.14452	0.961359	0.742748	0.498987	0.242784	-0.00431234	-0.220804	-0.379473	-0.464094	-0.456625	-0.36872	-0.222442	-0.0482453	0.156272	0.379933	0.595356	
1.24032	1.37055	1.45726	1.50463	1.52685	1.53082	1.51552	1.48059	1.41019	1.2971	1.13955	0.929253	0.687334	0.430077	0.172642	-0.0639821	-0.251803	-0.362317	-0.378609	-0.313527	-0.196127	-0.0502576	0.136436	0.358483	0.578904	
1.35915	1.45714	1.50463	1.51197	1.50408	1.50229	1.50914	1.51112	1.48154	1.40488	1.26989	1.07689	0.841971	0.577821	0.306032	0.0502601	-0.159451	-0.289959	-0.332938	-0.291145	-0.190642	-0.0581143	0.121895	0.342607	0.563183	
1.42275	1.5019	1.52685	1.50408	1.47272	1.46635	1.48995	1.52226	1.51833	1.46146	1.34454	1.16797	0.939169	0.668619	0.381301	0.113916	-0.106141	-0.250121	-0.312209	-0.288369	-0.195933	-0.0658814	0.111475	0.330956	0.55504	
1.43281	1.51004	1.53082	1.50229	1.46635	1.45925	1.48551	1.52445	1.52542	1.47033	1.35781	1.18389	0.956036	0.684413	0.39393	0.123398	-0.0972652	-0.243096	-0.310564	-0.288951	-0.197923	-0.0680942	0.108712	0.329205	0.552978	
1.39163	1.47944	1.51552	1.50914	1.48995	1.48551	1.50088	1.51679	1.49979	1.43414	1.30634	1.12116	0.889869	0.622234	0.34331	0.0822512	-0.133117	-0.269931	-0.321321	-0.288624	-0.19253	-0.0613698	0.117956	0.337308	0.559436	
1.29404	1.41059	1.48059	1.51112	1.52226	1.52445	1.51679	1.49673	1.4438	1.34607	1.19833	0.994025	0.753899	0.495073	0.232327	-0.012866	-0.210805	-0.330064	-0.357073	-0.301029	-0.191751	-0.0534365	0.129155	0.350931	0.571838	
1.14612	1.29713	1.41019	1.48154	1.51833	1.52542	1.49979	1.4438	1.34671	1.2107	1.03734	0.821086	0.576846	0.320654	0.071132	-0.15283	-0.323571	-0.419928	-0.421003	-0.342577	-0.209161	-0.048545	0.148387	0.371555	0.589712	
0.961428	1.14452	1.2971	1.40488	1.46146	1.47033	1.43414	1.34607	1.2107	1.03702	0.840915	0.617037	0.374023	0.116734	-0.128399	-0.333374	-0.475242	-0.541009	-0.519723	-0.414047	-0.247918	-0.0500285	0.167071	0.390699	0.601408	
0.756511	0.961359	1.13955	1.26989	1.34454	1.35781	1.30634	1.19833	1.03734	0.840915	0.625276	0.39088	0.139807	-0.117429	-0.355941	-0.542561	-0.65348	-0.687992	-0.63678	-0.502538	-0.298735	-0.0632477	0.176652	0.402391	0.603253	
0.529154	0.742748	0.929253	1.07689	1.16797	1.18389	1.12116	0.994025	0.821086	0.617037	0.39088	0.141072	-0.119802	-0.37241	-0.59286	-0.755392	-0.843035	-0.846815	-0.760545	-0.584174	-0.342965	-0.0750194	0.181194	0.406127	0.591595	
0.284467	0.498987	0.687334	0.841971	0.939169	0.956036	0.889869	0.753899	0.576846	0.374023	0.139807	-0.119802	-0.389126	-0.633845	-0.827009	-0.95712	-1.01631	-0.98655	-0.86439	-0.652421	-0.383795	-0.0974641	0.171556	0.395413	0.563665	
0.0268585	0.242784	0.430077	0.577821	0.668619	0.684413	0.622234	0.495073	0.320654	0.116734	-0.117429	-0.37241	-0.633845	-0.861475	-1.02988	-1.12594	-1.14694	-1.08123	-0.929207	-0.696135	-0.41227	-0.115196	0.154737	0.367991	0.514225	
-0.217222	-0.00431234	0.172642	0.306032	0.381301	0.39393	0.34331	0.232327	0.071132	-0.128399	-0.355941	-0.59286	-0.827009	-1.02988	-1.17057	-1.23225	-1.21203	-1.11495	-0.946727	-0.70816	-0.421563	-0.127367	0.13037	0.323532	0.447711	
-0.414637	-0.220804	-0.0639821	0.0502601	0.113916	0.123398	0.0822512	-0.012866	-0.15283	-0.333374	-0.542561	-0.755392	-0.95712	-1.12594	-1.23225	-1.25748	-1.2049	-1.08667	-0.906811	-0.6675	-0.392199	-0.119773	0.109294	0.27391	0.380141	
-0.544518	-0.379473	-0.251803	-0.159451	-0.106141	-0.0972652	-0.133117	-0.210805	-0.323571	-0.475242	-0.65348	-0.843035	-1.01631	-1.14694	-1.21203	-1.2049	-1.1294	-0.993877	-0.800783	-0.564306	-0.311579	-0.0731932	0.117742	0.253279	0.328715	
-0.597697	-0.464094	-0.362317	-0.289959	-0.250121	-0.243096	-0.269931	-0.330064	-0.419928	-0.541009	-0.687992	-0.846815	-0.98655	-1.08123	-1.11495	-1.08667	-0.993877	-0.840899	-0.630566	-0.401623	-0.180948	0.0208198	0.177057	0.274455	0.310941	
-0.565473	-0.456625	-0.378609	-0.332938	-0.312209	-0.310564	-0.321321	-0.357073	-0.421003	-0.519723	-0.63678	-0.760545	-0.86439	-0.929207	-0.946727	-0.906811	-0.800783	-0.630566	-0.419182	-0.205819	-0.0177333	0.145557	0.264528	0.329581	0.335803	
-0.448665	-0.36872	-0.313527	-0.291145	-0.288369	-0.288951	-0.288624	-0.301029	-0.342577	-0.414047	-0.502538	-0.584174	-0.652421	-0.696135	-0.70816	-0.6675	-0.564306	-0.401623	-0.205819	-0.0136792	0.147987	0.277052	0.360561	0.401308	0.392292	
-0.26814	-0.222442	-0.196127	-0.190642	-0.195933	-0.197923	-0.19253	-0.191751	-0.209161	-0.247918	-0.298735	-0.342965	-0.383795	-0.41227	-0.421563	-0.392199	-0.311579	-0.180948	-0.0177333	0.147987	0.287138	0.394946	0.460923	0.487104	0.468496	
-0.0548586	-0.0482453	-0.0502576	-0.0581143	-0.0658814	-0.0680942	-0.0613698	-0.0534365	-0.048545	-0.0500285	-0.0632477	-0.0750194	-0.0974641	-0.115196	-0.127367	-0.119773	-0.0731932	0.0208198	0.145557	0.277052	0.394946	0.496569	0.56911	0.588683	0.557015	
0.172018	0.156272	0.136436	0.121895	0.111475	0.108712	0.117956	0.129155	0.148387	0.167071	0.176652	0.181194	0.171556	0.154737	0.13037	0.109294	0.117742	0.177057	0.264528	0.360561	0.460923	0.56911	0.64769	0.665126	0.626308	
0.396062	0.379933	0.358483	0.342607	0.330956	0.329205	0.337308	0.350931	0.371555	0.390699	0.402391	0.406127	0.395413	0.367991	0.323532	0.27391	0.253279	0.274455	0.329581	0.401308	0.487104	0.588683	0.665126	0.684308	0.65085	
0.603402	0.595356	0.578904	0.563183	0.55504	0.552978	0.559436	0.571838	0.589712	0.601408	0.603253	0.591595	0.563665	0.514225	0.447711	0.380141	0.328715	0.310941	0.335803	0.392292	0.468496	0.557015	0.626308	0.65085	0.626748	
