-0.830663	-0.926058	-1.00177	-1.04706	-1.06397	-1.06585	-1.05654	-1.02431	-0.958329	-0.87262	-0.756853	-0.608488	-0.437277	-0.23718	-0.0199784	0.194517	0.390594	0.563001	0.691768	0.762497	0.781755	0.743004	0.651956	0.523984	0.38003	
-0.807249	-0.909154	-0.976471	-1.00828	-1.01247	-1.01033	-1.01285	-0.993588	-0.93945	-0.853183	-0.729883	-0.583315	-0.415735	-0.227393	-0.0253775	0.174896	0.360401	0.528657	0.663372	0.7525	0.799824	0.799039	0.751036	0.65926	0.546495	
-0.687573	-0.785699	-0.844236	-0.862991	-0.860114	-0.857888	-0.863786	-0.855595	-0.814264	-0.730807	-0.615452	-0.484268	-0.3379	-0.176247	-0.00386302	0.167795	0.332592	0.485273	0.609516	0.703867	0.760947	0.788163	0.785496	0.738522	0.661355	
-0.501613	-0.58332	-0.630369	-0.642956	-0.641011	-0.639807	-0.643185	-0.637984	-0.607233	-0.536608	-0.44227	-0.335849	-0.217501	-0.0872924	0.0442286	0.174833	0.306754	0.432668	0.54051	0.63209	0.691625	0.731951	0.757732	0.754844	0.721474	
-0.277022	-0.338153	-0.374812	-0.386577	-0.386203	-0.386004	-0.38675	-0.382606	-0.35597	-0.303986	-0.233378	-0.155935	-0.0699992	0.0241764	0.110356	0.19209	0.282579	0.37255	0.461566	0.539324	0.597377	0.643966	0.683391	0.713508	0.723232	
-0.0426384	-0.0846976	-0.11385	-0.125339	-0.125211	-0.122858	-0.126757	-0.120316	-0.0979745	-0.0607256	-0.0134975	0.0363156	0.087702	0.142507	0.188298	0.227465	0.267776	0.315982	0.370901	0.424335	0.473088	0.521615	0.577918	0.636385	0.68427	
0.172316	0.146868	0.120377	0.0998653	0.0950878	0.0953213	0.0961236	0.110273	0.136642	0.162175	0.188337	0.213451	0.232129	0.246657	0.256807	0.253989	0.248393	0.247938	0.258183	0.281916	0.318546	0.369282	0.441444	0.526082	0.614152	
0.332411	0.324877	0.299585	0.268859	0.251536	0.249394	0.259834	0.286272	0.317248	0.330233	0.335413	0.337373	0.330836	0.318823	0.295122	0.255065	0.209568	0.166618	0.137031	0.125024	0.147628	0.199814	0.281044	0.388333	0.514639	
0.425268	0.426462	0.399563	0.359729	0.330441	0.325075	0.346003	0.383857	0.419153	0.427653	0.419315	0.402766	0.376368	0.345001	0.295305	0.220806	0.141894	0.0702103	0.0116455	-0.0212832	-0.0149771	0.0306993	0.11781	0.238309	0.387302	
0.445419	0.443878	0.416545	0.372634	0.33911	0.333062	0.356666	0.399949	0.436391	0.446749	0.438131	0.411509	0.373601	0.329417	0.263941	0.17346	0.0755396	-0.0169626	-0.0948357	-0.141003	-0.146937	-0.119523	-0.0465044	0.0749077	0.233334	
0.399384	0.392566	0.363139	0.321822	0.291709	0.286883	0.307133	0.346849	0.383667	0.398511	0.395998	0.375678	0.33877	0.293204	0.227234	0.137314	0.0402515	-0.0609516	-0.159471	-0.223961	-0.248574	-0.246416	-0.202858	-0.0999986	0.0552144	
0.320219	0.302966	0.270281	0.229569	0.208432	0.205844	0.217931	0.25405	0.291328	0.31495	0.3261	0.322173	0.299492	0.26119	0.20498	0.126357	0.0349714	-0.0649591	-0.177581	-0.267158	-0.321292	-0.343586	-0.325909	-0.250204	-0.112029	
0.234967	0.208512	0.1772	0.147076	0.137032	0.137598	0.140181	0.163837	0.196368	0.224699	0.249487	0.268251	0.264431	0.241812	0.204672	0.145986	0.0648221	-0.0361895	-0.155532	-0.265412	-0.351569	-0.397742	-0.398713	-0.342521	-0.22814	
0.161563	0.127897	0.102085	0.0879618	0.0897294	0.091717	0.087302	0.0947865	0.116306	0.147773	0.185671	0.224381	0.24318	0.238319	0.216677	0.176541	0.106408	0.00443658	-0.120177	-0.239135	-0.337598	-0.399155	-0.413575	-0.372382	-0.283174	
0.118332	0.0713216	0.0493823	0.048214	0.0566173	0.0597189	0.0509325	0.0468842	0.0591508	0.0977036	0.152	0.206575	0.248809	0.265254	0.253447	0.220615	0.157643	0.0569392	-0.0721782	-0.195481	-0.293109	-0.353716	-0.377626	-0.356655	-0.288529	
0.118085	0.0555712	0.024873	0.0275376	0.0334984	0.0346443	0.0301647	0.0238453	0.0385416	0.0909174	0.160886	0.230434	0.288275	0.322011	0.317864	0.286102	0.224014	0.1272	0.00193948	-0.12007	-0.211959	-0.267117	-0.297581	-0.301809	-0.26518	
0.151906	0.0829477	0.0432231	0.0345819	0.0318564	0.0311934	0.0332915	0.0369611	0.0631073	0.121577	0.199191	0.275882	0.343437	0.385603	0.387225	0.359748	0.302436	0.212154	0.101072	-0.0103945	-0.0981405	-0.154074	-0.189788	-0.21583	-0.207518	
0.205963	0.148205	0.104255	0.0804498	0.0677388	0.0667111	0.0742346	0.0920578	0.128537	0.181445	0.247238	0.320667	0.390968	0.434093	0.437025	0.4165	0.367983	0.295926	0.206309	0.112663	0.0334862	-0.0259273	-0.0675333	-0.101619	-0.110904	
0.256204	0.221324	0.182531	0.155474	0.140591	0.139348	0.148236	0.169148	0.206068	0.242114	0.28324	0.341882	0.404646	0.449095	0.458899	0.447106	0.415852	0.367294	0.300649	0.22219	0.147918	0.0882976	0.0430006	0.00601513	-0.005441	
0.294101	0.276505	0.252803	0.232021	0.222278	0.221355	0.226246	0.243097	0.268452	0.286351	0.308345	0.343641	0.39542	0.442789	0.464182	0.46388	0.446407	0.417312	0.367475	0.295143	0.224397	0.168417	0.129761	0.0978577	0.0914616	
0.325138	0.316849	0.303158	0.289304	0.278278	0.27704	0.283299	0.298213	0.312647	0.321535	0.331976	0.352523	0.38938	0.43744	0.465836	0.469401	0.460555	0.445195	0.402917	0.337336	0.266632	0.216199	0.191151	0.177298	0.182746	
0.349439	0.34531	0.335688	0.317926	0.303407	0.300458	0.311059	0.329468	0.342568	0.347282	0.354514	0.36633	0.388885	0.424693	0.449221	0.453615	0.455968	0.450239	0.413697	0.351842	0.28526	0.239683	0.227684	0.234801	0.255858	
0.370017	0.360522	0.340836	0.311222	0.29748	0.297295	0.302791	0.32895	0.354416	0.366625	0.375334	0.381912	0.388819	0.399665	0.407364	0.412097	0.422636	0.422676	0.386907	0.329769	0.275258	0.245432	0.249437	0.27405	0.307013	
0.384487	0.359658	0.314871	0.273175	0.264414	0.265247	0.265762	0.295921	0.343749	0.377619	0.392112	0.397881	0.389747	0.37785	0.367633	0.36168	0.367143	0.361973	0.323765	0.27399	0.233788	0.226738	0.252811	0.297161	0.343849	
0.375058	0.331992	0.278116	0.232717	0.22112	0.22143	0.223857	0.257132	0.311115	0.359756	0.391296	0.399699	0.386329	0.36622	0.34673	0.326832	0.312813	0.290454	0.249128	0.203865	0.176109	0.186753	0.233833	0.299211	0.366459	
0.333614	0.282476	0.239619	0.202282	0.180824	0.177509	0.191171	0.224086	0.264074	0.312791	0.361662	0.385117	0.376701	0.357787	0.336071	0.307185	0.272438	0.22786	0.172523	0.127994	0.112981	0.139655	0.203179	0.285974	0.3692	
0.282476	0.235586	0.201774	0.17647	0.15751	0.153686	0.167499	0.191048	0.220086	0.262573	0.313382	0.352632	0.362039	0.353104	0.330319	0.294292	0.245139	0.178748	0.105894	0.0614348	0.0591163	0.101391	0.174257	0.264819	0.358721	
0.239619	0.201774	0.168333	0.149304	0.147258	0.148501	0.146826	0.158214	0.187684	0.224152	0.262793	0.300523	0.333372	0.341899	0.318205	0.27547	0.212728	0.134921	0.0635211	0.0261973	0.0356357	0.077831	0.144997	0.231446	0.328605	
0.202282	0.17647	0.149304	0.139133	0.139951	0.141756	0.138811	0.14274	0.164693	0.192302	0.218839	0.256466	0.298353	0.320302	0.303441	0.258636	0.187252	0.108839	0.0476183	0.0262939	0.037765	0.0700289	0.120255	0.194072	0.286658	
0.180824	0.15751	0.147258	0.139951	0.123359	0.119541	0.134065	0.144838	0.152236	0.169242	0.203916	0.247575	0.28668	0.30513	0.291425	0.24918	0.173681	0.0936346	0.0413908	0.0291515	0.0461197	0.0749578	0.116025	0.17661	0.259909	
0.177509	0.153686	0.148501	0.141756	0.119541	0.114774	0.133469	0.147604	0.150693	0.164836	0.203138	0.248476	0.286586	0.303153	0.289166	0.248458	0.172264	0.0923931	0.0410552	0.0296767	0.0483975	0.0777406	0.117514	0.175335	0.255421	
0.191171	0.167499	0.146826	0.138811	0.134065	0.133469	0.136735	0.142198	0.158265	0.181023	0.209069	0.248703	0.290315	0.312421	0.2977	0.253096	0.180018	0.10164	0.0445338	0.0274263	0.0408959	0.0709679	0.116464	0.183866	0.272767	
0.224086	0.191048	0.158214	0.14274	0.144838	0.147604	0.142198	0.14939	0.177285	0.21101	0.243467	0.279932	0.318459	0.333865	0.312971	0.268003	0.200378	0.121843	0.0543525	0.0239615	0.034694	0.0729274	0.133788	0.215666	0.312373	
0.264074	0.220086	0.187684	0.164693	0.152236	0.150693	0.158265	0.177285	0.205739	0.245373	0.29333	0.333078	0.352669	0.350102	0.326511	0.28815	0.233101	0.160061	0.0854791	0.0425116	0.0460876	0.0895247	0.162272	0.252793	0.34887	
0.312791	0.262573	0.224152	0.192302	0.169242	0.164836	0.181023	0.21101	0.245373	0.291914	0.343162	0.375011	0.372471	0.355735	0.333616	0.301525	0.261205	0.207501	0.143167	0.0990507	0.0893704	0.123309	0.191777	0.278607	0.366884	
0.361662	0.313382	0.262793	0.218839	0.203916	0.203138	0.209069	0.243467	0.29333	0.343162	0.382935	0.395097	0.382926	0.362651	0.341468	0.317305	0.294459	0.263626	0.218537	0.173535	0.150919	0.167381	0.221751	0.294973	0.369922	
0.385117	0.352632	0.300523	0.256466	0.247575	0.248476	0.248703	0.279932	0.333078	0.375011	0.395097	0.401107	0.388795	0.372431	0.35785	0.345541	0.343545	0.333194	0.294528	0.247339	0.211998	0.212929	0.247902	0.301006	0.354976	
0.376701	0.362039	0.333372	0.298353	0.28668	0.286586	0.290315	0.318459	0.352669	0.372471	0.382926	0.388795	0.388821	0.389089	0.389354	0.391132	0.402064	0.401201	0.364799	0.309998	0.261374	0.24099	0.253572	0.284955	0.323017	
0.357787	0.353104	0.341899	0.320302	0.30513	0.303153	0.312421	0.333865	0.350102	0.355735	0.362651	0.372431	0.389089	0.416009	0.434286	0.44022	0.447123	0.444441	0.408215	0.348102	0.28524	0.244628	0.237742	0.252667	0.278621	
0.336071	0.330319	0.318205	0.303441	0.291425	0.289166	0.2977	0.312971	0.326511	0.333616	0.341468	0.35785	0.389354	0.434286	0.462302	0.46588	0.461059	0.449377	0.410501	0.346597	0.276934	0.227401	0.208009	0.203262	0.215078	
0.307185	0.294292	0.27547	0.258636	0.24918	0.248458	0.253096	0.268003	0.28815	0.301525	0.317305	0.345541	0.391132	0.44022	0.46588	0.46813	0.454463	0.431614	0.385674	0.31619	0.244396	0.191578	0.157661	0.131365	0.128959	
0.272438	0.245139	0.212728	0.187252	0.173681	0.172264	0.180018	0.200378	0.233101	0.261205	0.294459	0.343545	0.402064	0.447123	0.461059	0.454463	0.429434	0.389701	0.330948	0.254662	0.182944	0.124683	0.080752	0.0440308	0.0336123	
0.22786	0.178748	0.134921	0.108839	0.0936346	0.0923931	0.10164	0.121843	0.160061	0.207501	0.263626	0.333194	0.401201	0.444441	0.449377	0.431614	0.389701	0.326974	0.246416	0.1601	0.0832392	0.0233162	-0.0207426	-0.0562194	-0.0673927	
0.172523	0.105894	0.0635211	0.0476183	0.0413908	0.0410552	0.0445338	0.0543525	0.0854791	0.143167	0.218537	0.294528	0.364799	0.408215	0.410501	0.385674	0.330948	0.246416	0.143532	0.0392147	-0.0459242	-0.103944	-0.141635	-0.172424	-0.172656	
0.127994	0.0614348	0.0261973	0.0262939	0.0291515	0.0296767	0.0274263	0.0239615	0.0425116	0.0990507	0.173535	0.247339	0.309998	0.348102	0.346597	0.31619	0.254662	0.1601	0.0392147	-0.0799136	-0.169849	-0.224244	-0.256653	-0.270876	-0.247359	
0.112981	0.0591163	0.0356357	0.037765	0.0461197	0.0483975	0.0408959	0.034694	0.0460876	0.0893704	0.150919	0.211998	0.261374	0.28524	0.276934	0.244396	0.182944	0.0832392	-0.0459242	-0.169849	-0.265544	-0.323413	-0.349866	-0.339449	-0.281925	
0.139655	0.101391	0.077831	0.0700289	0.0749578	0.0777406	0.0709679	0.0729274	0.0895247	0.123309	0.167381	0.212929	0.24099	0.244628	0.227401	0.191578	0.124683	0.0233162	-0.103944	-0.224244	-0.323413	-0.386216	-0.405163	-0.370775	-0.289724	
0.203179	0.174257	0.144997	0.120255	0.116025	0.117514	0.116464	0.133788	0.162272	0.191777	0.221751	0.247902	0.253572	0.237742	0.208009	0.157661	0.080752	-0.0207426	-0.141635	-0.256653	-0.349866	-0.405163	-0.411503	-0.361326	-0.257492	
0.285974	0.264819	0.231446	0.194072	0.17661	0.175335	0.183866	0.215666	0.252793	0.278607	0.294973	0.301006	0.284955	0.252667	0.203262	0.131365	0.0440308	-0.0562194	-0.172424	-0.270876	-0.339449	-0.370775	-0.361326	-0.29454	-0.165501	
0.3692	0.358721	0.328605	0.286658	0.259909	0.255421	0.272767	0.312373	0.34887	0.366884	0.369922	0.354976	0.323017	0.278621	0.215078	0.128959	0.0336123	-0.0673927	-0.172656	-0.247359	-0.281925	-0.289724	-0.257492	-0.165501	-0.0158859	
