-0.396762	-0.292828	-0.242886	-0.230432	-0.2309	-0.230792	-0.230058	-0.234951	-0.266646	-0.348866	-0.481241	-0.651485	-0.844885	-1.03416	-1.1856	-1.2836	-1.32548	-1.31307	-1.23383	-1.09388	-0.899066	-0.651694	-0.382449	-0.126065	0.109173	
-0.441049	-0.339682	-0.287881	-0.273486	-0.271874	-0.270832	-0.272769	-0.279079	-0.313265	-0.394878	-0.525539	-0.705054	-0.908859	-1.10002	-1.25178	-1.35577	-1.40466	-1.38883	-1.30451	-1.1681	-0.983144	-0.747613	-0.486014	-0.237398	-0.0171903	
-0.421167	-0.311125	-0.254285	-0.237257	-0.233933	-0.232994	-0.235477	-0.244347	-0.282285	-0.370844	-0.50934	-0.692737	-0.896489	-1.08786	-1.23969	-1.3461	-1.3978	-1.38001	-1.29462	-1.1647	-0.990688	-0.773834	-0.533111	-0.30042	-0.103338	
-0.346603	-0.224471	-0.157948	-0.13427	-0.130957	-0.129821	-0.132544	-0.143941	-0.191718	-0.291227	-0.440791	-0.626566	-0.82351	-1.01033	-1.16036	-1.26527	-1.31507	-1.29549	-1.21179	-1.08911	-0.927337	-0.731715	-0.524663	-0.32186	-0.148001	
-0.248	-0.114042	-0.0374795	-0.0101805	-0.00191644	-0.00150259	-0.00597693	-0.0216937	-0.0761839	-0.188624	-0.345778	-0.529112	-0.7156	-0.891456	-1.03911	-1.13227	-1.17115	-1.14776	-1.06081	-0.940052	-0.792654	-0.618968	-0.445084	-0.288549	-0.155813	
-0.155942	-0.0225322	0.0651865	0.105414	0.122524	0.126705	0.112768	0.0863509	0.0180922	-0.0976584	-0.251792	-0.42623	-0.597128	-0.754589	-0.886662	-0.963527	-0.981417	-0.953457	-0.866241	-0.743524	-0.602751	-0.452418	-0.315965	-0.206257	-0.125928	
-0.0890139	0.0480484	0.147484	0.208696	0.243671	0.251829	0.225036	0.175842	0.0931337	-0.030934	-0.181286	-0.338781	-0.487475	-0.619636	-0.721941	-0.77702	-0.780433	-0.743709	-0.660875	-0.542527	-0.407083	-0.282455	-0.18168	-0.108685	-0.0778695	
-0.0443109	0.0922992	0.205731	0.289541	0.341476	0.351173	0.314464	0.242978	0.141021	0.0119438	-0.131497	-0.271331	-0.400619	-0.505464	-0.571555	-0.596396	-0.581295	-0.535379	-0.457289	-0.354065	-0.241428	-0.144282	-0.0666023	-0.0246692	-0.021281	
-0.0205215	0.118746	0.241061	0.336931	0.391811	0.401379	0.364072	0.28347	0.169852	0.0365814	-0.105585	-0.236726	-0.342587	-0.417559	-0.449385	-0.446896	-0.40922	-0.35415	-0.281972	-0.195596	-0.103071	-0.0220683	0.0347022	0.0579334	0.0461976	
-0.0171335	0.126259	0.254802	0.354171	0.40445	0.411423	0.38048	0.299517	0.179716	0.0412816	-0.102683	-0.227008	-0.315105	-0.365016	-0.371251	-0.342576	-0.289994	-0.222731	-0.146614	-0.0711012	0.00893436	0.0820102	0.136776	0.154784	0.129378	
-0.0333019	0.112848	0.245605	0.344039	0.389476	0.395924	0.367737	0.290554	0.168464	0.0257609	-0.118973	-0.239611	-0.311733	-0.336248	-0.321858	-0.278343	-0.211078	-0.130785	-0.0492572	0.0281995	0.109822	0.186432	0.237479	0.246344	0.209304	
-0.0545616	0.0930101	0.225866	0.316062	0.362298	0.37115	0.338959	0.267165	0.14998	0.00396592	-0.135733	-0.251347	-0.31661	-0.322491	-0.28937	-0.234253	-0.156	-0.0670859	0.0172751	0.103835	0.189301	0.265154	0.312498	0.314948	0.266194	
-0.0584933	0.0749259	0.197317	0.284363	0.335232	0.34416	0.309312	0.237077	0.126771	-0.00567265	-0.133665	-0.239279	-0.295932	-0.294431	-0.256486	-0.191881	-0.110088	-0.0260101	0.0612647	0.154124	0.239895	0.308731	0.34429	0.336248	0.280467	
-0.0451567	0.0630619	0.16651	0.250739	0.303875	0.311073	0.277785	0.202764	0.105686	-0.00196209	-0.106121	-0.187769	-0.232152	-0.23433	-0.202103	-0.136438	-0.0638553	0.014978	0.0978818	0.185666	0.263478	0.317574	0.33395	0.308303	0.246742	
-0.0124079	0.0657246	0.142533	0.213558	0.256878	0.264259	0.235068	0.173324	0.0959137	0.0192585	-0.0584271	-0.112395	-0.145147	-0.150525	-0.123813	-0.0699432	-0.00264489	0.0649052	0.134462	0.207738	0.265681	0.287562	0.281227	0.244302	0.178035	
0.0189793	0.0732033	0.12056	0.166392	0.193756	0.200072	0.179634	0.139618	0.0928139	0.040997	-0.00954538	-0.0350872	-0.0505328	-0.0553905	-0.0311152	0.0165703	0.0764633	0.129713	0.179182	0.221223	0.236027	0.227128	0.203947	0.162502	0.0947221	
0.0460888	0.0775779	0.103456	0.126665	0.138861	0.139895	0.133097	0.11299	0.0889212	0.0582722	0.0307197	0.0226541	0.0256212	0.0365904	0.0643905	0.106715	0.152687	0.183911	0.202614	0.205152	0.177933	0.144944	0.113998	0.0715281	0.0134371	
0.0596841	0.0764614	0.084845	0.088918	0.0884774	0.0862768	0.0901426	0.0858024	0.0815513	0.0665725	0.0521837	0.0550822	0.0764069	0.107588	0.14584	0.188116	0.21867	0.222491	0.202811	0.170395	0.115715	0.0627131	0.0235878	-0.0153014	-0.0682276	
0.0532972	0.0529781	0.046966	0.0418289	0.0395017	0.0390196	0.0406568	0.0442243	0.0516874	0.052834	0.0566021	0.0741132	0.104253	0.147223	0.194984	0.233057	0.25113	0.239041	0.192537	0.127333	0.0526944	-0.012956	-0.0587664	-0.101965	-0.154237	
0.0205762	0.00270102	-0.0142731	-0.022774	-0.0239109	-0.0236978	-0.0234998	-0.0192766	-0.00458585	0.013151	0.0342247	0.0662258	0.108053	0.159997	0.208425	0.242491	0.250485	0.223418	0.158902	0.0750322	-0.0107014	-0.0841874	-0.14033	-0.187359	-0.232375	
-0.054497	-0.0933531	-0.118673	-0.122287	-0.122479	-0.121446	-0.122729	-0.121044	-0.10649	-0.0706995	-0.0277921	0.0255764	0.088879	0.148143	0.194077	0.219776	0.220849	0.18798	0.116443	0.0234927	-0.0712963	-0.150834	-0.213822	-0.25666	-0.291453	
-0.181352	-0.243123	-0.278618	-0.288456	-0.288745	-0.288032	-0.289216	-0.28392	-0.261163	-0.208036	-0.137678	-0.0514491	0.0358577	0.110828	0.158673	0.178625	0.175863	0.143252	0.0783629	-0.0102006	-0.106354	-0.196008	-0.263221	-0.302681	-0.324572	
-0.345559	-0.430487	-0.487451	-0.521131	-0.533375	-0.53502	-0.527447	-0.504685	-0.455822	-0.38317	-0.28101	-0.164179	-0.0533238	0.0400468	0.0986613	0.125805	0.125694	0.105019	0.0563789	-0.0192428	-0.113434	-0.204487	-0.279618	-0.320839	-0.325646	
-0.527125	-0.643131	-0.730375	-0.790951	-0.825056	-0.832119	-0.807376	-0.757869	-0.681075	-0.577472	-0.445554	-0.306466	-0.169652	-0.0517776	0.0283592	0.0727754	0.0866121	0.0723993	0.0410577	-0.012352	-0.0918068	-0.179366	-0.250203	-0.283305	-0.280173	
-0.724457	-0.869806	-0.984985	-1.06794	-1.11824	-1.12667	-1.09272	-1.02193	-0.919795	-0.786194	-0.625247	-0.456716	-0.293655	-0.15341	-0.0418221	0.0287468	0.0599825	0.056222	0.0381173	-0.0014801	-0.0585417	-0.120709	-0.168589	-0.185957	-0.18004	
-0.919345	-1.0918	-1.22836	-1.33135	-1.39167	-1.40069	-1.36157	-1.27359	-1.15087	-0.992034	-0.804343	-0.604517	-0.416012	-0.244637	-0.0987236	-0.00398308	0.0441169	0.0596758	0.0540914	0.0301503	0.00115073	-0.0332054	-0.0559409	-0.058601	-0.0425581	
-1.0918	-1.28935	-1.44338	-1.55391	-1.61856	-1.63067	-1.58498	-1.49325	-1.35639	-1.17478	-0.96021	-0.732631	-0.513224	-0.313603	-0.148447	-0.0280387	0.0358625	0.0710946	0.078263	0.0758542	0.0686093	0.0624554	0.0687978	0.0852387	0.105363	
-1.22836	-1.44338	-1.60673	-1.71658	-1.78039	-1.79194	-1.74791	-1.65606	-1.51573	-1.31989	-1.08414	-0.832414	-0.581448	-0.356718	-0.176196	-0.0495249	0.0251016	0.0729593	0.0965098	0.114125	0.132902	0.156533	0.184342	0.215488	0.238818	
-1.33135	-1.55391	-1.71658	-1.82862	-1.88744	-1.89667	-1.85852	-1.7677	-1.62589	-1.42648	-1.17639	-0.902129	-0.626263	-0.375106	-0.179995	-0.0563573	0.0187327	0.0714134	0.112433	0.148665	0.195323	0.237498	0.27058	0.303863	0.333971	
-1.39167	-1.61856	-1.78039	-1.88744	-1.94137	-1.94982	-1.91509	-1.82942	-1.69072	-1.48983	-1.23093	-0.94414	-0.646858	-0.377874	-0.179943	-0.057033	0.0168617	0.0688173	0.118712	0.16986	0.232201	0.287677	0.323321	0.351549	0.379456	
-1.40069	-1.63067	-1.79194	-1.89667	-1.94982	-1.95973	-1.92362	-1.83968	-1.70342	-1.50063	-1.23937	-0.952249	-0.651622	-0.376977	-0.179414	-0.0564686	0.0168575	0.0669161	0.117761	0.174541	0.239782	0.294288	0.332219	0.360808	0.386711	
-1.36157	-1.58498	-1.74791	-1.85852	-1.91509	-1.92362	-1.88751	-1.79862	-1.65704	-1.45772	-1.20352	-0.922663	-0.636064	-0.377177	-0.18039	-0.0570112	0.0174867	0.0711471	0.116444	0.15923	0.213177	0.263554	0.296388	0.327289	0.356772	
-1.27359	-1.49325	-1.65606	-1.7677	-1.82942	-1.83968	-1.79862	-1.70628	-1.56563	-1.36708	-1.1253	-0.863335	-0.602792	-0.366588	-0.178486	-0.0538478	0.0213283	0.0715246	0.103173	0.128209	0.160092	0.191429	0.222546	0.256069	0.282577	
-1.15087	-1.35639	-1.51573	-1.62589	-1.69072	-1.70342	-1.65704	-1.56563	-1.42635	-1.23757	-1.01383	-0.776239	-0.543265	-0.333975	-0.163518	-0.0379913	0.0319912	0.0735503	0.0866994	0.0923182	0.0942542	0.100279	0.117731	0.141136	0.161572	
-0.992034	-1.17478	-1.31989	-1.42648	-1.48983	-1.50063	-1.45772	-1.36708	-1.23757	-1.06889	-0.869949	-0.659433	-0.458514	-0.275269	-0.119444	-0.0139062	0.0405766	0.0646894	0.0632817	0.0486015	0.0284815	0.00527942	-0.00629401	-0.00206285	0.0166511	
-0.804343	-0.96021	-1.08414	-1.17639	-1.23093	-1.23937	-1.20352	-1.1253	-1.01383	-0.869949	-0.698313	-0.516282	-0.343903	-0.192795	-0.0657855	0.0143009	0.0516519	0.0556958	0.042547	0.00783183	-0.0379677	-0.0885025	-0.126097	-0.137008	-0.127373	
-0.604517	-0.732631	-0.832414	-0.902129	-0.94414	-0.952249	-0.922663	-0.863335	-0.776239	-0.659433	-0.516282	-0.366517	-0.218544	-0.0923946	-0.00076178	0.0536933	0.0753256	0.0639183	0.0382263	-0.00887729	-0.0803359	-0.159494	-0.222974	-0.250471	-0.246379	
-0.416012	-0.513224	-0.581448	-0.626263	-0.646858	-0.651622	-0.636064	-0.602792	-0.543265	-0.458514	-0.343903	-0.218544	-0.0985233	0.00554877	0.0713432	0.104445	0.108408	0.0902551	0.0488459	-0.0173645	-0.106693	-0.199413	-0.274359	-0.313902	-0.314382	
-0.244637	-0.313603	-0.356718	-0.375106	-0.377874	-0.376977	-0.377177	-0.366588	-0.333975	-0.275269	-0.192795	-0.0923946	0.00554877	0.085965	0.13719	0.158275	0.154796	0.127226	0.0682816	-0.0169482	-0.11348	-0.202529	-0.27448	-0.314578	-0.329559	
-0.0987236	-0.148447	-0.176196	-0.179995	-0.179943	-0.179414	-0.18039	-0.178486	-0.163518	-0.119444	-0.0657855	-0.00076178	0.0713432	0.13719	0.183099	0.205242	0.204668	0.170048	0.0994536	0.00794055	-0.0877745	-0.173411	-0.237549	-0.277737	-0.307219	
-0.00398308	-0.0280387	-0.0495249	-0.0563573	-0.057033	-0.0564686	-0.0570112	-0.0538478	-0.0379913	-0.0139062	0.0143009	0.0536933	0.104445	0.158275	0.205242	0.235843	0.241215	0.211028	0.141894	0.0529065	-0.0371449	-0.111583	-0.171251	-0.218009	-0.259904	
0.0441169	0.0358625	0.0251016	0.0187327	0.0168617	0.0168575	0.0174867	0.0213283	0.0319912	0.0405766	0.0516519	0.0753256	0.108408	0.154796	0.204668	0.241215	0.254356	0.236537	0.181719	0.107595	0.0282896	-0.0424049	-0.0919833	-0.137184	-0.186832	
0.0596758	0.0710946	0.0729593	0.0714134	0.0688173	0.0669161	0.0711471	0.0715246	0.0735503	0.0646894	0.0556958	0.0639183	0.0902551	0.127226	0.170048	0.211028	0.236537	0.233119	0.200619	0.153403	0.0906447	0.0321592	-0.00963281	-0.0492912	-0.102479	
0.0540914	0.078263	0.0965098	0.112433	0.118712	0.117761	0.116444	0.103173	0.0866994	0.0632817	0.042547	0.0382263	0.0488459	0.0682816	0.0994536	0.141894	0.181719	0.200619	0.204118	0.192636	0.152597	0.111651	0.0773023	0.0354737	-0.0189005	
0.0301503	0.0758542	0.114125	0.148665	0.16986	0.174541	0.15923	0.128209	0.0923182	0.0486015	0.00783183	-0.00887729	-0.0173645	-0.0169482	0.00794055	0.0529065	0.107595	0.153403	0.192636	0.219065	0.215066	0.195261	0.168483	0.126396	0.061784	
0.00115073	0.0686093	0.132902	0.195323	0.232201	0.239782	0.213177	0.160092	0.0942542	0.0284815	-0.0379677	-0.0803359	-0.106693	-0.11348	-0.0877745	-0.0371449	0.0282896	0.0906447	0.152597	0.215066	0.257702	0.267299	0.252276	0.212869	0.145175	
-0.0332054	0.0624554	0.156533	0.237498	0.287677	0.294288	0.263554	0.191429	0.100279	0.00527942	-0.0885025	-0.159494	-0.199413	-0.202529	-0.173411	-0.111583	-0.0424049	0.0321592	0.111651	0.195261	0.267299	0.309081	0.317299	0.286349	0.22277	
-0.0559409	0.0687978	0.184342	0.27058	0.323321	0.332219	0.296388	0.222546	0.117731	-0.00629401	-0.126097	-0.222974	-0.274359	-0.27448	-0.237549	-0.171251	-0.0919833	-0.00963281	0.0773023	0.168483	0.252276	0.317299	0.34497	0.330536	0.272321	
-0.058601	0.0852387	0.215488	0.303863	0.351549	0.360808	0.327289	0.256069	0.141136	-0.00206285	-0.137008	-0.250471	-0.313902	-0.314578	-0.277737	-0.218009	-0.137184	-0.0492912	0.0354737	0.126396	0.212869	0.286349	0.330536	0.329383	0.277582	
-0.0425581	0.105363	0.238818	0.333971	0.379456	0.386711	0.356772	0.282577	0.161572	0.0166511	-0.127373	-0.246379	-0.314382	-0.329559	-0.307219	-0.259904	-0.186832	-0.102479	-0.0189005	0.061784	0.145175	0.22277	0.272321	0.277582	0.235714	
