0.0464401	0.043512	0.0623526	0.0813011	0.0807692	0.0497712	-0.0162041	-0.109922	-0.22719	-0.364074	-0.513344	-0.669007	-0.820091	-0.959681	-1.06802	-1.1389	-1.15463	-1.10721	-0.982433	-0.795559	-0.567352	-0.300131	-0.0173307	0.268965	0.545615	
0.043512	0.002236	-0.0338773	-0.073435	-0.120499	-0.179292	-0.257013	-0.35499	-0.469741	-0.586658	-0.706026	-0.820274	-0.929233	-1.02684	-1.09288	-1.12476	-1.1051	-1.02534	-0.878971	-0.678966	-0.453039	-0.202859	0.0540701	0.31061	0.561443	
0.0623526	-0.0338773	-0.133647	-0.231303	-0.31824	-0.399798	-0.484499	-0.577752	-0.679296	-0.775211	-0.861471	-0.938988	-1.01033	-1.06269	-1.08139	-1.0633	-1.01026	-0.911276	-0.756489	-0.558928	-0.344714	-0.130341	0.087302	0.309965	0.529423	
0.0813011	-0.073435	-0.231303	-0.374172	-0.489386	-0.586189	-0.674648	-0.754952	-0.831123	-0.898306	-0.954331	-1.00521	-1.04028	-1.0451	-1.01779	-0.966788	-0.892539	-0.7859	-0.634125	-0.452131	-0.264555	-0.0900147	0.0891779	0.27398	0.459556	
0.0807692	-0.120499	-0.31824	-0.489386	-0.622872	-0.720715	-0.79222	-0.85106	-0.897135	-0.937866	-0.971403	-0.993443	-0.996973	-0.966773	-0.9162	-0.851443	-0.768083	-0.663648	-0.534292	-0.380611	-0.225826	-0.0818223	0.0622215	0.210542	0.356321	
0.0497712	-0.179292	-0.399798	-0.586189	-0.720715	-0.808713	-0.851653	-0.877178	-0.89092	-0.902593	-0.911438	-0.904274	-0.884206	-0.844019	-0.786353	-0.716549	-0.633416	-0.548932	-0.453737	-0.340462	-0.220224	-0.105193	0.00739754	0.121707	0.231295	
-0.0162041	-0.257013	-0.484499	-0.674648	-0.79222	-0.851653	-0.863362	-0.852103	-0.834814	-0.81352	-0.794331	-0.767813	-0.738721	-0.69428	-0.632828	-0.562432	-0.490649	-0.430757	-0.374279	-0.30966	-0.235877	-0.1527	-0.0639082	0.0218468	0.103955	
-0.109922	-0.35499	-0.577752	-0.754952	-0.85106	-0.877178	-0.852103	-0.804958	-0.752748	-0.700502	-0.65198	-0.608478	-0.564944	-0.516287	-0.460352	-0.396646	-0.339596	-0.302732	-0.286416	-0.277327	-0.250209	-0.19849	-0.130854	-0.0655064	-0.00210021	
-0.22719	-0.469741	-0.679296	-0.831123	-0.897135	-0.89092	-0.834814	-0.752748	-0.664879	-0.584804	-0.509432	-0.439317	-0.376169	-0.321122	-0.274922	-0.225241	-0.180517	-0.174937	-0.199145	-0.233002	-0.248385	-0.225594	-0.179888	-0.127743	-0.0719813	
-0.364074	-0.586658	-0.775211	-0.898306	-0.937866	-0.902593	-0.81352	-0.700502	-0.584804	-0.472738	-0.36702	-0.270019	-0.18948	-0.133014	-0.0940953	-0.0624192	-0.0429071	-0.0651971	-0.117755	-0.176708	-0.22171	-0.226759	-0.196699	-0.151204	-0.0985454	
-0.513344	-0.706026	-0.861471	-0.954331	-0.971403	-0.911438	-0.794331	-0.65198	-0.509432	-0.36702	-0.232718	-0.117979	-0.0266748	0.0334957	0.0609696	0.0704206	0.0651333	0.0281938	-0.0356325	-0.104815	-0.162342	-0.181574	-0.161978	-0.122987	-0.068869	
-0.669007	-0.820274	-0.938988	-1.00521	-0.993443	-0.904274	-0.767813	-0.608478	-0.439317	-0.270019	-0.117979	0.00442533	0.101912	0.165533	0.18622	0.180876	0.16278	0.119808	0.0558262	-0.00961263	-0.0599378	-0.0800678	-0.0697631	-0.0356395	0.0249485	
-0.820091	-0.929233	-1.01033	-1.04028	-0.996973	-0.884206	-0.738721	-0.564944	-0.376169	-0.18948	-0.0266748	0.101912	0.200971	0.265237	0.288844	0.282799	0.255704	0.212698	0.158274	0.110059	0.076835	0.0629967	0.0723205	0.1049	0.174471	
-0.959681	-1.02684	-1.06269	-1.0451	-0.966773	-0.844019	-0.69428	-0.516287	-0.321122	-0.133014	0.0334957	0.165533	0.265237	0.338592	0.373771	0.370352	0.341243	0.304563	0.269105	0.239902	0.223434	0.224374	0.238427	0.275239	0.348794	
-1.06802	-1.09288	-1.08139	-1.01779	-0.9162	-0.786353	-0.632828	-0.460352	-0.274922	-0.0940953	0.0609696	0.18622	0.288844	0.373771	0.424697	0.431355	0.415037	0.395627	0.377387	0.363797	0.363951	0.374594	0.39316	0.430768	0.503024	
-1.1389	-1.12476	-1.0633	-0.966788	-0.851443	-0.716549	-0.562432	-0.396646	-0.225241	-0.0624192	0.0704206	0.180876	0.282799	0.370352	0.431355	0.460085	0.469647	0.469083	0.463356	0.462679	0.474104	0.490779	0.512206	0.550994	0.61705	
-1.15463	-1.1051	-1.01026	-0.892539	-0.768083	-0.633416	-0.490649	-0.339596	-0.180517	-0.0429071	0.0651333	0.16278	0.255704	0.341243	0.415037	0.469647	0.509781	0.528103	0.531283	0.531733	0.540482	0.552973	0.573334	0.613783	0.676231	
-1.10721	-1.02534	-0.911276	-0.7859	-0.663648	-0.548932	-0.430757	-0.302732	-0.174937	-0.0651971	0.0281938	0.119808	0.212698	0.304563	0.395627	0.469083	0.528103	0.557565	0.561002	0.551164	0.546989	0.548513	0.562551	0.60745	0.67821	
-0.982433	-0.878971	-0.756489	-0.634125	-0.534292	-0.453737	-0.374279	-0.286416	-0.199145	-0.117755	-0.0356325	0.0558262	0.158274	0.269105	0.377387	0.463356	0.531283	0.561002	0.55541	0.532751	0.511224	0.50018	0.509307	0.555931	0.63551	
-0.795559	-0.678966	-0.558928	-0.452131	-0.380611	-0.340462	-0.30966	-0.277327	-0.233002	-0.176708	-0.104815	-0.00961263	0.110059	0.239902	0.363797	0.462679	0.531733	0.551164	0.532751	0.492083	0.454304	0.436489	0.445746	0.493107	0.570665	
-0.567352	-0.453039	-0.344714	-0.264555	-0.225826	-0.220224	-0.235877	-0.250209	-0.248385	-0.22171	-0.162342	-0.0599378	0.076835	0.223434	0.363951	0.474104	0.540482	0.546989	0.511224	0.454304	0.399245	0.371662	0.379033	0.421594	0.502616	
-0.300131	-0.202859	-0.130341	-0.0900147	-0.0818223	-0.105193	-0.1527	-0.19849	-0.225594	-0.226759	-0.181574	-0.0800678	0.0629967	0.224374	0.374594	0.490779	0.552973	0.548513	0.50018	0.436489	0.371662	0.328763	0.324625	0.365365	0.450317	
-0.0173307	0.0540701	0.087302	0.0891779	0.0622215	0.00739754	-0.0639082	-0.130854	-0.179888	-0.196699	-0.161978	-0.0697631	0.0723205	0.238427	0.39316	0.512206	0.573334	0.562551	0.509307	0.445746	0.379033	0.324625	0.312515	0.346998	0.425108	
0.268965	0.31061	0.309965	0.27398	0.210542	0.121707	0.0218468	-0.0655064	-0.127743	-0.151204	-0.122987	-0.0356395	0.1049	0.275239	0.430768	0.550994	0.613783	0.60745	0.555931	0.493107	0.421594	0.365365	0.346998	0.364991	0.427707	
0.545615	0.561443	0.529423	0.459556	0.356321	0.231295	0.103955	-0.00210021	-0.0719813	-0.0985454	-0.068869	0.0249485	0.174471	0.348794	0.503024	0.61705	0.676231	0.67821	0.63551	0.570665	0.502616	0.450317	0.425108	0.427707	0.481196	
0.790275	0.789221	0.738378	0.636941	0.4979	0.337883	0.182892	0.0579366	-0.0216416	-0.0468765	-0.00530626	0.104806	0.265482	0.445221	0.601003	0.7102	0.766434	0.769387	0.726455	0.661017	0.598102	0.552008	0.523369	0.522627	0.571901	
1.00036	0.984381	0.916217	0.793457	0.624299	0.433041	0.245664	0.0970551	0.00905639	-0.00708829	0.0522906	0.179816	0.351407	0.536349	0.697888	0.81188	0.870025	0.86817	0.816861	0.747283	0.680803	0.63217	0.60861	0.612479	0.655965	
1.17542	1.14936	1.06243	0.916889	0.724007	0.509328	0.301005	0.130308	0.0330632	0.0242602	0.100491	0.24208	0.423681	0.611755	0.777228	0.896098	0.957861	0.955182	0.90622	0.831675	0.75573	0.699929	0.679813	0.692148	0.728975	
1.31139	1.27564	1.16693	0.998063	0.78675	0.560144	0.336669	0.154336	0.0553634	0.0579804	0.147029	0.297401	0.481413	0.66869	0.835741	0.954282	1.02235	1.03183	0.99083	0.916242	0.83357	0.772934	0.747394	0.755528	0.791637	
1.38478	1.34244	1.21958	1.04044	0.822288	0.587431	0.354272	0.165023	0.0688408	0.0813786	0.181084	0.333429	0.51305	0.69857	0.86816	0.99059	1.06751	1.08871	1.05072	0.969804	0.888742	0.828188	0.789921	0.788672	0.82382	
1.39549	1.35239	1.22805	1.04739	0.826941	0.590688	0.35676	0.166	0.0695579	0.0848582	0.187769	0.339935	0.518507	0.702906	0.874204	0.997259	1.0765	1.09974	1.06172	0.978321	0.898515	0.838809	0.797413	0.793268	0.828561	
1.34935	1.31055	1.19438	1.01922	0.804368	0.573942	0.345883	0.160264	0.0625621	0.0694263	0.163257	0.315072	0.496761	0.684352	0.85212	0.971372	1.043	1.05843	1.01938	0.942653	0.85982	0.799276	0.768364	0.772658	0.808307	
1.23486	1.20542	1.10946	0.955307	0.753378	0.532811	0.317737	0.141759	0.0422715	0.0373787	0.119111	0.26508	0.449495	0.637516	0.803634	0.922624	0.986078	0.98678	0.941699	0.866909	0.787494	0.728481	0.708133	0.720211	0.756968	
1.07431	1.05448	0.97953	0.846754	0.667784	0.466218	0.269389	0.110068	0.0188152	0.00566857	0.0720787	0.206303	0.381803	0.568316	0.731499	0.848196	0.908448	0.904358	0.852497	0.781073	0.71045	0.659219	0.637434	0.645355	0.685218	
0.878559	0.871006	0.812604	0.703249	0.551306	0.377947	0.209063	0.075813	-0.00719453	-0.0290804	0.0190797	0.136033	0.301816	0.483871	0.640872	0.751312	0.807808	0.809149	0.762738	0.695938	0.633461	0.587556	0.560772	0.560293	0.607675	
0.647695	0.65674	0.616063	0.53201	0.4135	0.274254	0.137149	0.0234156	-0.0503015	-0.0772199	-0.0434884	0.0562669	0.209549	0.386189	0.541019	0.651505	0.709163	0.712702	0.671867	0.606887	0.541053	0.491483	0.463688	0.463643	0.515462	
0.382555	0.412147	0.397981	0.348065	0.269344	0.166384	0.0545304	-0.040731	-0.106267	-0.130849	-0.102876	-0.0146611	0.128514	0.300136	0.455267	0.573962	0.635542	0.632853	0.584796	0.5212	0.449787	0.394629	0.373499	0.384527	0.442753	
0.0974062	0.157185	0.17654	0.163108	0.121779	0.0533106	-0.0288541	-0.103809	-0.159146	-0.179611	-0.148443	-0.0591129	0.0817898	0.249272	0.404418	0.524984	0.587371	0.577127	0.522996	0.459893	0.391478	0.335614	0.321226	0.349652	0.421412	
-0.187819	-0.100423	-0.0438033	-0.0197683	-0.0256632	-0.0606022	-0.117695	-0.172675	-0.209503	-0.217745	-0.177221	-0.0793267	0.0644199	0.228345	0.381391	0.49837	0.5594	0.551496	0.500006	0.4361	0.370394	0.321956	0.314116	0.353372	0.437349	
-0.463888	-0.355689	-0.259212	-0.193653	-0.165792	-0.172854	-0.20338	-0.23192	-0.242787	-0.228994	-0.17564	-0.0721826	0.0683745	0.221918	0.367239	0.48081	0.545159	0.547066	0.505438	0.444644	0.384091	0.35033	0.353188	0.395714	0.478772	
-0.708972	-0.591157	-0.473886	-0.37607	-0.318853	-0.292929	-0.28208	-0.269791	-0.243702	-0.198336	-0.130941	-0.0321038	0.095323	0.230998	0.361961	0.465948	0.534116	0.548428	0.522944	0.475167	0.430679	0.409596	0.419534	0.464703	0.543213	
-0.913384	-0.803393	-0.680256	-0.563736	-0.474285	-0.409853	-0.348809	-0.283074	-0.212209	-0.141235	-0.0635249	0.0283031	0.13694	0.256171	0.370968	0.461726	0.531294	0.557835	0.547346	0.517719	0.489775	0.476015	0.484234	0.531592	0.610518	
-1.0666	-0.975294	-0.856761	-0.729959	-0.61527	-0.51353	-0.409205	-0.294188	-0.182507	-0.0842222	0.00473863	0.0955309	0.191569	0.290249	0.388259	0.467259	0.530229	0.561559	0.562375	0.547265	0.536712	0.532413	0.54389	0.589813	0.665467	
-1.14423	-1.08031	-0.976876	-0.855256	-0.729507	-0.599612	-0.464646	-0.321868	-0.173095	-0.0466926	0.0544121	0.149495	0.24016	0.326173	0.407329	0.469862	0.519869	0.543761	0.548206	0.546036	0.549953	0.558302	0.576984	0.618884	0.684098	
-1.1522	-1.12398	-1.04677	-0.939717	-0.819427	-0.683808	-0.533273	-0.372574	-0.204394	-0.0512908	0.0709169	0.175191	0.274701	0.361203	0.426232	0.466102	0.48802	0.494725	0.493605	0.494552	0.507276	0.523612	0.545069	0.584877	0.647782	
-1.10177	-1.11036	-1.07832	-1.00008	-0.892672	-0.760396	-0.605624	-0.435411	-0.256032	-0.0811119	0.0659305	0.186008	0.288867	0.376034	0.431924	0.445938	0.439131	0.426926	0.413768	0.406834	0.412121	0.425958	0.446045	0.482901	0.553737	
-1.00719	-1.05734	-1.07464	-1.03759	-0.947951	-0.821981	-0.670846	-0.494612	-0.30248	-0.116092	0.0480912	0.178556	0.279733	0.357867	0.399553	0.398711	0.372289	0.342062	0.314608	0.291518	0.281952	0.287428	0.303702	0.341361	0.415121	
-0.878474	-0.97061	-1.03444	-1.04614	-0.988209	-0.871603	-0.723828	-0.546474	-0.35242	-0.163647	0.00162391	0.13214	0.231608	0.298282	0.32568	0.319883	0.290879	0.249496	0.202492	0.161992	0.134984	0.126817	0.137877	0.171936	0.243755	
-0.730692	-0.864844	-0.968164	-1.02174	-0.999044	-0.897795	-0.756881	-0.591523	-0.413887	-0.235195	-0.0780896	0.0466783	0.14464	0.208885	0.22973	0.223133	0.200656	0.156978	0.095193	0.0359767	-0.00824426	-0.0270292	-0.0178297	0.014785	0.0792188	
-0.575074	-0.752735	-0.893358	-0.975455	-0.980919	-0.910007	-0.783878	-0.633601	-0.48021	-0.326862	-0.184238	-0.065984	0.0286088	0.0905198	0.114339	0.115731	0.104777	0.0642775	-0.000474675	-0.0696535	-0.126257	-0.147069	-0.1319	-0.0946371	-0.0388887	
