-0.886031	-0.967041	-1.05239	-1.13508	-1.19576	-1.2072	-1.16385	-1.08629	-1.00127	-0.918405	-0.831169	-0.722323	-0.611841	-0.512415	-0.432806	-0.362894	-0.305013	-0.265031	-0.250316	-0.270749	-0.326981	-0.379366	-0.415116	-0.431676	-0.445219	
-0.755563	-0.844843	-0.932907	-1.01831	-1.07971	-1.0907	-1.04722	-0.968243	-0.879857	-0.791625	-0.697903	-0.59594	-0.501491	-0.42551	-0.376947	-0.339406	-0.3121	-0.299846	-0.306448	-0.342752	-0.403184	-0.450817	-0.471879	-0.472585	-0.475447	
-0.626966	-0.711234	-0.801867	-0.886595	-0.950229	-0.963583	-0.916118	-0.836343	-0.748454	-0.659378	-0.575408	-0.487156	-0.407352	-0.347312	-0.317042	-0.307653	-0.307059	-0.316848	-0.350552	-0.400009	-0.454249	-0.489787	-0.494684	-0.479168	-0.469414	
-0.521227	-0.601657	-0.690287	-0.78116	-0.848108	-0.861081	-0.812802	-0.726975	-0.636401	-0.552267	-0.476584	-0.406185	-0.338145	-0.283912	-0.266843	-0.27755	-0.297379	-0.33015	-0.383463	-0.440148	-0.477707	-0.485893	-0.474342	-0.443413	-0.419886	
-0.444814	-0.524909	-0.621431	-0.717709	-0.789053	-0.802794	-0.751701	-0.659672	-0.562829	-0.474051	-0.404124	-0.344201	-0.290167	-0.248787	-0.238727	-0.259225	-0.28923	-0.331337	-0.393653	-0.447894	-0.464048	-0.445542	-0.41174	-0.365582	-0.328307	
-0.404205	-0.491396	-0.591318	-0.690966	-0.759656	-0.773404	-0.723884	-0.632668	-0.530216	-0.437326	-0.360324	-0.302917	-0.260996	-0.234355	-0.229035	-0.248589	-0.275154	-0.317347	-0.372582	-0.412145	-0.409782	-0.368497	-0.310346	-0.24905	-0.208504	
-0.386472	-0.48487	-0.594198	-0.694877	-0.763931	-0.777718	-0.727486	-0.636367	-0.528523	-0.423484	-0.33624	-0.271839	-0.23625	-0.223982	-0.224265	-0.238532	-0.260958	-0.293612	-0.328342	-0.342642	-0.319701	-0.25894	-0.177137	-0.097619	-0.0570604	
-0.381643	-0.491623	-0.609699	-0.717423	-0.7898	-0.802402	-0.752297	-0.654936	-0.538978	-0.423945	-0.32413	-0.252439	-0.216266	-0.204646	-0.210093	-0.220294	-0.234828	-0.252697	-0.258634	-0.238515	-0.192155	-0.116576	-0.0168354	0.0769821	0.116874	
-0.401081	-0.513636	-0.632697	-0.73702	-0.806334	-0.8197	-0.769885	-0.677499	-0.56152	-0.444863	-0.342864	-0.264966	-0.214096	-0.185924	-0.17666	-0.174805	-0.174724	-0.171311	-0.151761	-0.105015	-0.0348083	0.051327	0.155141	0.248237	0.285961	
-0.434113	-0.546966	-0.663732	-0.76022	-0.821965	-0.833604	-0.790054	-0.70536	-0.59461	-0.477591	-0.374878	-0.29032	-0.220314	-0.166337	-0.131182	-0.104973	-0.0825739	-0.0546097	-0.0141037	0.0479448	0.132987	0.225765	0.318461	0.389171	0.413525	
-0.473771	-0.588718	-0.698865	-0.785495	-0.836673	-0.844548	-0.811499	-0.737103	-0.634438	-0.519326	-0.409105	-0.309228	-0.217052	-0.13428	-0.0704436	-0.014008	0.0330749	0.079113	0.134179	0.206379	0.291761	0.381123	0.455392	0.492369	0.487898	
-0.510423	-0.622691	-0.721257	-0.793238	-0.833628	-0.840779	-0.813191	-0.753749	-0.664524	-0.556316	-0.440625	-0.321219	-0.204388	-0.101246	-0.00865839	0.0764866	0.149467	0.21042	0.277639	0.354748	0.430953	0.495879	0.542511	0.552777	0.520623	
-0.530485	-0.631233	-0.707943	-0.760201	-0.789274	-0.794027	-0.774447	-0.73108	-0.665152	-0.57322	-0.460209	-0.328042	-0.194006	-0.0747244	0.0364729	0.14171	0.234367	0.310894	0.384757	0.46568	0.530123	0.567581	0.580929	0.56696	0.512654	
-0.502907	-0.587689	-0.64122	-0.673234	-0.690971	-0.693363	-0.682426	-0.655527	-0.612547	-0.540779	-0.438247	-0.312058	-0.179203	-0.051613	0.0647023	0.173552	0.276917	0.365597	0.449253	0.530255	0.586046	0.61047	0.59175	0.545163	0.462403	
-0.43057	-0.492024	-0.522395	-0.530632	-0.534266	-0.535558	-0.532285	-0.526957	-0.507763	-0.458376	-0.379922	-0.273699	-0.154429	-0.0281798	0.0923239	0.192082	0.288175	0.380648	0.462882	0.53671	0.587128	0.605381	0.573845	0.498819	0.384652	
-0.32353	-0.355192	-0.358519	-0.348031	-0.338905	-0.337045	-0.34413	-0.354882	-0.359782	-0.339302	-0.289685	-0.212287	-0.114041	0.00087606	0.110267	0.198315	0.279478	0.362234	0.438715	0.504822	0.54953	0.56457	0.525387	0.435172	0.301024	
-0.199903	-0.194601	-0.167527	-0.137418	-0.117495	-0.113457	-0.127616	-0.155029	-0.185446	-0.201366	-0.18623	-0.135565	-0.0611665	0.0306593	0.11828	0.193868	0.26778	0.336779	0.396243	0.449687	0.486106	0.493874	0.449531	0.356872	0.221758	
-0.0615185	-0.0190818	0.0391843	0.091893	0.122905	0.127994	0.10742	0.0622561	0.0030474	-0.0481886	-0.0686148	-0.0480811	-0.00297468	0.0545519	0.115498	0.17992	0.250087	0.310956	0.349126	0.380936	0.409309	0.409794	0.368632	0.282161	0.155603	
0.086576	0.159778	0.251446	0.326539	0.371789	0.379386	0.348794	0.284283	0.196853	0.111527	0.0585966	0.0367911	0.0409389	0.0629	0.0986394	0.150494	0.212318	0.263294	0.290417	0.306138	0.323181	0.322734	0.291341	0.216187	0.10267	
0.236637	0.34551	0.463186	0.562516	0.620101	0.629126	0.590898	0.506942	0.393078	0.277765	0.184446	0.11578	0.073566	0.0622775	0.0786334	0.113332	0.15837	0.196748	0.21881	0.228122	0.231942	0.223565	0.198995	0.141436	0.0489349	
0.401268	0.541718	0.682163	0.792349	0.856291	0.866866	0.824071	0.730619	0.599933	0.455926	0.323676	0.210722	0.129982	0.0842968	0.0715974	0.0816935	0.106366	0.132628	0.147452	0.149339	0.141918	0.118967	0.0937351	0.0500088	-0.0164187	
0.578257	0.742422	0.891989	1.00333	1.06655	1.0768	1.03489	0.94193	0.805285	0.643794	0.482641	0.33866	0.227713	0.144531	0.089658	0.0664824	0.0713672	0.0791657	0.0740323	0.0553036	0.0325181	0.00601724	-0.0188968	-0.0483081	-0.0881633	
0.760301	0.928896	1.07483	1.18266	1.24123	1.25096	1.21224	1.12369	0.991068	0.828963	0.656655	0.495893	0.35516	0.233481	0.136774	0.077062	0.054036	0.0328475	-0.00683849	-0.0524274	-0.0920527	-0.119528	-0.13779	-0.154387	-0.173473	
0.940715	1.09491	1.22699	1.32338	1.37445	1.38282	1.34875	1.27078	1.15135	1.00432	0.840035	0.66966	0.502044	0.346491	0.216296	0.12326	0.0591322	-0.00283341	-0.0779848	-0.150596	-0.208142	-0.248632	-0.270078	-0.273542	-0.272665	
1.10032	1.23185	1.33968	1.41657	1.4549	1.46053	1.43598	1.37501	1.2784	1.15572	1.00923	0.842132	0.661964	0.486378	0.330635	0.200108	0.0895341	-0.0196976	-0.129123	-0.22663	-0.311186	-0.37298	-0.405943	-0.402313	-0.378597	
1.23471	1.33831	1.41213	1.4598	1.47899	1.482	1.46996	1.43488	1.371	1.27995	1.15737	1.00778	0.833256	0.651158	0.470904	0.300889	0.145275	-0.00231966	-0.146294	-0.275508	-0.390805	-0.479143	-0.526129	-0.52191	-0.489549	
1.33831	1.40739	1.44698	1.46176	1.46415	1.46465	1.46373	1.45517	1.42676	1.36975	1.27885	1.15341	0.998086	0.819285	0.622692	0.422818	0.232504	0.0522397	-0.125413	-0.293091	-0.440747	-0.555645	-0.620624	-0.63058	-0.604198	
1.41213	1.44698	1.45088	1.43993	1.42836	1.42576	1.43486	1.4475	1.45107	1.43027	1.37368	1.27668	1.14029	0.968648	0.768362	0.550706	0.335787	0.123819	-0.085924	-0.284764	-0.461239	-0.59955	-0.687863	-0.721634	-0.710511	
1.4598	1.46176	1.43993	1.40742	1.38362	1.37964	1.39613	1.42677	1.45569	1.46433	1.43945	1.36661	1.24428	1.07915	0.879939	0.655541	0.421174	0.18575	-0.0473386	-0.266752	-0.461195	-0.622511	-0.7316	-0.786429	-0.792446	
1.47899	1.46415	1.42836	1.38362	1.35302	1.34707	1.36898	1.41025	1.45199	1.47645	1.47079	1.41285	1.30099	1.14084	0.944252	0.716507	0.47175	0.221747	-0.0225571	-0.253303	-0.459605	-0.634822	-0.756354	-0.821924	-0.838546	
1.482	1.46465	1.42576	1.37964	1.34707	1.34067	1.36451	1.40689	1.45107	1.4785	1.47519	1.42031	1.31005	1.15063	0.955173	0.726089	0.480141	0.22755	-0.0182462	-0.250038	-0.460103	-0.636947	-0.760273	-0.828685	-0.845614	
1.46996	1.46373	1.43486	1.39613	1.36898	1.36451	1.38315	1.41915	1.45445	1.47107	1.45569	1.39012	1.27241	1.11019	0.91212	0.685875	0.445833	0.203585	-0.0352648	-0.260352	-0.460306	-0.628852	-0.744216	-0.803548	-0.815709	
1.43488	1.45517	1.4475	1.42677	1.41025	1.40689	1.41915	1.43996	1.4547	1.44717	1.40428	1.31743	1.18741	1.01834	0.817806	0.596757	0.373284	0.150792	-0.0692161	-0.277966	-0.462415	-0.610087	-0.707477	-0.751111	-0.746741	
1.371	1.42676	1.45107	1.45569	1.45199	1.45107	1.45445	1.4547	1.43986	1.39741	1.31975	1.20644	1.05872	0.882711	0.683436	0.474614	0.274318	0.0806154	-0.111183	-0.292419	-0.452939	-0.576505	-0.65109	-0.669594	-0.648752	
1.27995	1.36975	1.43027	1.46433	1.47645	1.4785	1.47107	1.44717	1.39741	1.31966	1.20901	1.0684	0.900677	0.718827	0.530678	0.34749	0.176418	0.015588	-0.141617	-0.286065	-0.413732	-0.513536	-0.566957	-0.566983	-0.535263	
1.15737	1.27885	1.37368	1.43945	1.47079	1.47519	1.45569	1.40428	1.31975	1.20901	1.0717	0.909908	0.729892	0.550664	0.384972	0.23819	0.10837	-0.0181023	-0.140713	-0.249856	-0.346649	-0.41883	-0.457427	-0.451371	-0.422148	
1.00778	1.15341	1.27668	1.36661	1.41285	1.42031	1.39012	1.31743	1.20644	1.0684	0.909908	0.739362	0.564112	0.3986	0.258042	0.15014	0.0679908	-0.0127706	-0.101491	-0.183382	-0.25127	-0.299388	-0.324683	-0.325326	-0.314477	
0.833256	0.998086	1.14029	1.24428	1.30099	1.31005	1.27241	1.18741	1.05872	0.900677	0.729892	0.564112	0.412397	0.276004	0.164389	0.091443	0.053354	0.0173407	-0.0372656	-0.0948829	-0.140045	-0.171289	-0.188874	-0.199775	-0.21216	
0.651158	0.819285	0.968648	1.07915	1.14084	1.15063	1.11019	1.01834	0.882711	0.718827	0.550664	0.3986	0.276004	0.176954	0.10427	0.0665461	0.0623873	0.0597039	0.0419832	0.0128141	-0.0172017	-0.0429421	-0.0651488	-0.0900909	-0.120118	
0.470904	0.622692	0.768362	0.879939	0.944252	0.955173	0.91212	0.817806	0.683436	0.530678	0.384972	0.258042	0.164389	0.10427	0.0761914	0.0735634	0.0899552	0.110059	0.11861	0.114514	0.101597	0.0751751	0.0490508	0.0117765	-0.0445071	
0.300889	0.422818	0.550706	0.655541	0.716507	0.726089	0.685875	0.596757	0.474614	0.34749	0.23819	0.15014	0.091443	0.0665461	0.0735634	0.0995152	0.135975	0.169324	0.190023	0.197341	0.196591	0.181569	0.158103	0.105687	0.0243415	
0.145275	0.232504	0.335787	0.421174	0.47175	0.480141	0.445833	0.373284	0.274318	0.176418	0.10837	0.0679908	0.053354	0.0623873	0.0899552	0.135975	0.191822	0.237915	0.262345	0.274771	0.286261	0.284878	0.256343	0.188558	0.0814573	
-0.00231966	0.0522397	0.123819	0.18575	0.221747	0.22755	0.203585	0.150792	0.0806154	0.015588	-0.0181023	-0.0127706	0.0173407	0.0597039	0.110059	0.169324	0.237915	0.295534	0.327475	0.351357	0.376029	0.375775	0.338664	0.255267	0.133807	
-0.146294	-0.125413	-0.085924	-0.0473386	-0.0225571	-0.0182462	-0.0352648	-0.0692161	-0.111183	-0.141617	-0.140713	-0.101491	-0.0372656	0.0419832	0.11861	0.190023	0.262345	0.327475	0.378049	0.423051	0.456414	0.460625	0.416322	0.326131	0.193641	
-0.275508	-0.293091	-0.284764	-0.266752	-0.253303	-0.250038	-0.260352	-0.277966	-0.292419	-0.286065	-0.249856	-0.183382	-0.0948829	0.0128141	0.114514	0.197341	0.274771	0.351357	0.423051	0.485557	0.526693	0.539575	0.497366	0.404779	0.268338	
-0.390805	-0.440747	-0.461239	-0.461195	-0.459605	-0.460103	-0.460306	-0.462415	-0.452939	-0.413732	-0.346649	-0.25127	-0.140045	-0.0172017	0.101597	0.196591	0.286261	0.376029	0.456414	0.526693	0.575763	0.592769	0.558088	0.475652	0.350992	
-0.479143	-0.555645	-0.59955	-0.622511	-0.634822	-0.636947	-0.628852	-0.610087	-0.576505	-0.513536	-0.41883	-0.299388	-0.171289	-0.0429421	0.0751751	0.181569	0.284878	0.375775	0.460625	0.539575	0.592769	0.614801	0.588816	0.528271	0.432913	
-0.526129	-0.620624	-0.687863	-0.7316	-0.756354	-0.760273	-0.744216	-0.707477	-0.65109	-0.566957	-0.457427	-0.324683	-0.188874	-0.0651488	0.0490508	0.158103	0.256343	0.338664	0.416322	0.497366	0.558088	0.588816	0.587517	0.56273	0.497491	
-0.52191	-0.63058	-0.721634	-0.786429	-0.821924	-0.828685	-0.803548	-0.751111	-0.669594	-0.566983	-0.451371	-0.325326	-0.199775	-0.0900909	0.0117765	0.105687	0.188558	0.255267	0.326131	0.404779	0.475652	0.528271	0.56273	0.563135	0.522551	
-0.489549	-0.604198	-0.710511	-0.792446	-0.838546	-0.845614	-0.815709	-0.746741	-0.648752	-0.535263	-0.422148	-0.314477	-0.21216	-0.120118	-0.0445071	0.0243415	0.0814573	0.133807	0.193641	0.268338	0.350992	0.432913	0.497491	0.522551	0.50543	
