0.279255	0.091856	-0.0591259	-0.163728	-0.218342	-0.22712	-0.19156	-0.107154	0.0261793	0.20098	0.401335	0.595607	0.74183	0.810406	0.78873	0.690444	0.538379	0.354359	0.173781	0.0300916	-0.0555086	-0.0823187	-0.0592922	-0.000959917	0.0811437	
0.145411	-0.0469897	-0.201087	-0.307884	-0.367067	-0.375686	-0.337997	-0.249525	-0.114226	0.065615	0.266105	0.457485	0.600573	0.658558	0.625111	0.517285	0.359521	0.173784	0.00119903	-0.132844	-0.211282	-0.229025	-0.196531	-0.125045	-0.0188852	
-0.0529095	-0.239235	-0.388368	-0.488026	-0.545647	-0.556008	-0.515775	-0.434333	-0.303915	-0.130474	0.064858	0.24637	0.382409	0.437148	0.3978	0.293035	0.139509	-0.0304565	-0.181628	-0.294856	-0.358314	-0.365761	-0.316358	-0.229643	-0.100466	
-0.289886	-0.460434	-0.593248	-0.678593	-0.728571	-0.738477	-0.701908	-0.633071	-0.518523	-0.361238	-0.18095	-0.0155878	0.107991	0.161502	0.128758	0.0377168	-0.0958215	-0.24244	-0.367978	-0.453984	-0.493097	-0.478154	-0.407569	-0.294442	-0.13716	
-0.533139	-0.67691	-0.78491	-0.85612	-0.895238	-0.903666	-0.874659	-0.817626	-0.725223	-0.593019	-0.440132	-0.294359	-0.184297	-0.12997	-0.147135	-0.218858	-0.324527	-0.440041	-0.540803	-0.599806	-0.60719	-0.557742	-0.45808	-0.320292	-0.134397	
-0.7467	-0.861064	-0.947233	-1.00589	-1.03754	-1.04156	-1.02235	-0.97369	-0.89901	-0.795459	-0.669696	-0.542091	-0.441091	-0.38477	-0.386312	-0.440526	-0.519919	-0.602683	-0.66786	-0.700053	-0.678697	-0.598808	-0.472019	-0.305851	-0.107354	
-0.897533	-0.987098	-1.05522	-1.10205	-1.12065	-1.12276	-1.11249	-1.07694	-1.01671	-0.93625	-0.832711	-0.718007	-0.628549	-0.57686	-0.571669	-0.608896	-0.663274	-0.711519	-0.73884	-0.737849	-0.693685	-0.603256	-0.461715	-0.276425	-0.0649494	
-0.965738	-1.03935	-1.0926	-1.12472	-1.13035	-1.12935	-1.12948	-1.10848	-1.06265	-0.998559	-0.909389	-0.809846	-0.733348	-0.695133	-0.69089	-0.712689	-0.739539	-0.752791	-0.749095	-0.718394	-0.657512	-0.560953	-0.418073	-0.23145	-0.0209631	
-0.963281	-1.02298	-1.06245	-1.08261	-1.08259	-1.08171	-1.08429	-1.07307	-1.04063	-0.990549	-0.915192	-0.829971	-0.762955	-0.727936	-0.721547	-0.729568	-0.731299	-0.715822	-0.683973	-0.632862	-0.565958	-0.470268	-0.334504	-0.167255	0.00963736	
-0.915654	-0.957946	-0.979521	-0.990537	-0.991979	-0.992959	-0.991977	-0.984966	-0.968407	-0.935854	-0.87738	-0.802493	-0.734084	-0.685319	-0.664681	-0.657517	-0.636828	-0.597392	-0.539807	-0.470053	-0.406757	-0.334312	-0.226723	-0.100808	0.0204925	
-0.840758	-0.864914	-0.866462	-0.863039	-0.860459	-0.860391	-0.861795	-0.86509	-0.867094	-0.855349	-0.809501	-0.742415	-0.665317	-0.596189	-0.553627	-0.52386	-0.478264	-0.409707	-0.332744	-0.255416	-0.202822	-0.167504	-0.114659	-0.0492184	0.00710797	
-0.746079	-0.755889	-0.739012	-0.714996	-0.695014	-0.6922	-0.70511	-0.729474	-0.751088	-0.755352	-0.71986	-0.65521	-0.575812	-0.490658	-0.422292	-0.363784	-0.287889	-0.191117	-0.0989446	-0.0292325	0.00262197	0.00252539	-0.000978604	-0.00887822	-0.0193032	
-0.638729	-0.630834	-0.594944	-0.551395	-0.514497	-0.508203	-0.533926	-0.578153	-0.617695	-0.641205	-0.619323	-0.559941	-0.479278	-0.386584	-0.295467	-0.203622	-0.101104	0.0177168	0.120196	0.184076	0.193876	0.160496	0.106637	0.0303533	-0.0540482	
-0.525157	-0.494545	-0.441243	-0.388503	-0.34753	-0.340099	-0.369067	-0.420203	-0.473554	-0.517706	-0.517423	-0.464509	-0.377197	-0.276935	-0.174124	-0.0621437	0.0603461	0.190877	0.300397	0.362559	0.358404	0.292879	0.190665	0.0588684	-0.0883311	
-0.405939	-0.355132	-0.288549	-0.22864	-0.189293	-0.183103	-0.208713	-0.263638	-0.328615	-0.390043	-0.411993	-0.373762	-0.287382	-0.181506	-0.0775355	0.0374901	0.168228	0.307805	0.425651	0.488728	0.476701	0.388813	0.249702	0.0781961	-0.109743	
-0.278448	-0.220968	-0.144226	-0.0739941	-0.033009	-0.0272626	-0.0529176	-0.11372	-0.191182	-0.259945	-0.294212	-0.278972	-0.211349	-0.114743	-0.0121108	0.100334	0.225987	0.36403	0.481695	0.542922	0.524051	0.425774	0.269408	0.073371	-0.141684	
-0.144553	-0.0785655	0.00863923	0.0897741	0.133642	0.139928	0.112062	0.0441356	-0.0448761	-0.122104	-0.169867	-0.179402	-0.144917	-0.0732553	0.0196879	0.125795	0.241765	0.362221	0.46588	0.515595	0.490397	0.390626	0.229451	0.0230061	-0.207251	
-0.00211742	0.0901898	0.192854	0.279002	0.326342	0.33334	0.303217	0.230591	0.13118	0.032644	-0.0444592	-0.0851164	-0.0858933	-0.0502821	0.0158993	0.103192	0.201623	0.305278	0.388192	0.419972	0.389638	0.294518	0.138549	-0.063828	-0.290662	
0.154118	0.281132	0.401058	0.492067	0.544022	0.554712	0.517689	0.441565	0.33083	0.204607	0.0859535	0.00598686	-0.0316877	-0.0381562	-0.00740662	0.0490597	0.125628	0.212088	0.278392	0.291351	0.252404	0.164832	0.0178602	-0.169446	-0.373459	
0.321569	0.476809	0.608476	0.707036	0.766375	0.777514	0.736076	0.652175	0.532775	0.385274	0.230551	0.109439	0.0286887	-0.0191577	-0.026269	0.00111131	0.0528708	0.117015	0.165656	0.162848	0.116124	0.0320813	-0.101167	-0.26638	-0.441754	
0.503071	0.669501	0.810878	0.916527	0.976554	0.987829	0.945438	0.858672	0.729337	0.572251	0.396555	0.235715	0.110331	0.0200938	-0.0213432	-0.0254239	-0.00122277	0.0353447	0.0605429	0.048168	-0.00353578	-0.0865188	-0.205238	-0.341915	-0.485527	
0.696576	0.866917	1.01222	1.11927	1.17267	1.18167	1.14621	1.06141	0.928023	0.767559	0.583932	0.394696	0.224709	0.0945235	0.0177111	-0.0205075	-0.0300273	-0.0284599	-0.0302405	-0.0560745	-0.110369	-0.194615	-0.305086	-0.416618	-0.530734	
0.899841	1.06523	1.20085	1.29429	1.33941	1.34673	1.31745	1.24462	1.12309	0.969624	0.787461	0.587122	0.388619	0.219176	0.10334	0.0271611	-0.0227463	-0.0610628	-0.10058	-0.150769	-0.214725	-0.298066	-0.400699	-0.501572	-0.598551	
1.10058	1.2508	1.35802	1.42625	1.46307	1.47078	1.44383	1.38984	1.2989	1.16594	0.991725	0.794395	0.588498	0.391842	0.233833	0.112784	0.020556	-0.0593188	-0.13767	-0.223035	-0.30993	-0.395773	-0.490988	-0.587612	-0.679539	
1.27374	1.39387	1.46297	1.50201	1.52714	1.53227	1.51369	1.48084	1.42668	1.32881	1.17863	0.993995	0.791697	0.58591	0.396857	0.234194	0.0976502	-0.0208027	-0.132648	-0.248567	-0.361507	-0.463233	-0.559608	-0.657145	-0.751712	
1.39874	1.46784	1.49835	1.5087	1.51177	1.51286	1.51045	1.504	1.48315	1.43239	1.33102	1.1744	0.981372	0.777007	0.579544	0.392689	0.219426	0.0588784	-0.0887947	-0.225471	-0.356059	-0.478311	-0.593839	-0.704098	-0.804617	
1.46784	1.48646	1.47695	1.45713	1.43797	1.43352	1.44887	1.46974	1.48468	1.48004	1.43183	1.31554	1.14192	0.946402	0.747891	0.55391	0.359367	0.164733	-0.0144679	-0.166487	-0.301303	-0.438576	-0.577117	-0.707774	-0.823238	
1.49835	1.47695	1.42727	1.3753	1.341	1.33404	1.3585	1.40537	1.45944	1.49469	1.48483	1.40772	1.26859	1.09022	0.891261	0.689773	0.484784	0.275168	0.0776596	-0.0858733	-0.230003	-0.379104	-0.533753	-0.683728	-0.817185	
1.5087	1.45713	1.3753	1.29957	1.25524	1.2471	1.27753	1.34206	1.42669	1.49361	1.51257	1.46442	1.35276	1.19422	0.998667	0.791506	0.578651	0.363063	0.161495	-0.010936	-0.166206	-0.324023	-0.485701	-0.650891	-0.80563	
1.51177	1.43797	1.341	1.25524	1.20375	1.19423	1.23064	1.3033	1.4	1.48736	1.53049	1.4976	1.39416	1.24419	1.05741	0.85229	0.63304	0.411938	0.207086	0.0316506	-0.127041	-0.284128	-0.445344	-0.622499	-0.797408	
1.51286	1.43352	1.33404	1.2471	1.19423	1.18444	1.22204	1.29581	1.39414	1.48597	1.53438	1.50481	1.40121	1.25236	1.06807	0.864007	0.644015	0.420172	0.213651	0.0376964	-0.121144	-0.276986	-0.438141	-0.618489	-0.796268	
1.51045	1.44887	1.3585	1.27753	1.23064	1.22204	1.25447	1.3229	1.41448	1.49115	1.52107	1.4801	1.37354	1.21951	1.02749	0.821221	0.60541	0.387578	0.184625	0.0108737	-0.145906	-0.304558	-0.466879	-0.637253	-0.8016	
1.504	1.46974	1.40537	1.34206	1.3033	1.29581	1.3229	1.37819	1.44651	1.49549	1.49781	1.43408	1.30813	1.13835	0.940037	0.735145	0.526588	0.314091	0.114133	-0.0532238	-0.202974	-0.356761	-0.515263	-0.671025	-0.812184	
1.48315	1.48468	1.45944	1.42669	1.4	1.39414	1.41448	1.44651	1.47688	1.48855	1.45745	1.35766	1.19691	1.00734	0.808226	0.611419	0.412022	0.209743	0.0215069	-0.135589	-0.27316	-0.415042	-0.560683	-0.699913	-0.822531	
1.43239	1.48004	1.49469	1.49361	1.48736	1.48597	1.49115	1.49549	1.48855	1.45698	1.37818	1.23663	1.04981	0.847908	0.64982	0.459216	0.275863	0.0998824	-0.0624426	-0.206205	-0.338684	-0.466923	-0.592577	-0.711037	-0.817575	
1.33102	1.43183	1.48483	1.51257	1.53049	1.53438	1.52107	1.49781	1.45745	1.37818	1.24519	1.06967	0.869812	0.663903	0.46939	0.294396	0.141696	0.00631233	-0.119771	-0.244791	-0.366362	-0.476496	-0.578824	-0.68029	-0.775428	
1.1744	1.31554	1.40772	1.46442	1.4976	1.50481	1.4801	1.43408	1.35766	1.23663	1.06967	0.875575	0.670252	0.467867	0.295341	0.156419	0.0458015	-0.0492803	-0.140646	-0.239197	-0.336823	-0.427944	-0.521823	-0.616759	-0.710038	
0.981372	1.14192	1.26859	1.35276	1.39416	1.40121	1.37354	1.30813	1.19691	1.04981	0.869812	0.670252	0.466559	0.284172	0.151317	0.057731	-0.00865077	-0.064259	-0.120213	-0.183893	-0.25588	-0.338958	-0.438356	-0.537899	-0.631152	
0.777007	0.946402	1.09022	1.19422	1.24419	1.25236	1.21951	1.13835	1.00734	0.847908	0.663903	0.467867	0.284172	0.137408	0.0451496	-0.00701401	-0.0316804	-0.0456594	-0.0616884	-0.0957459	-0.151594	-0.235504	-0.342988	-0.44895	-0.555096	
0.579544	0.747891	0.891261	0.998667	1.05741	1.06807	1.02749	0.940037	0.808226	0.64982	0.46939	0.295341	0.151317	0.0451496	-0.0101824	-0.0278673	-0.0161251	0.00677488	0.0221242	0.00506678	-0.04791	-0.131246	-0.245843	-0.37087	-0.501809	
0.392689	0.55391	0.689773	0.791506	0.85229	0.864007	0.821221	0.735145	0.611419	0.459216	0.294396	0.156419	0.057731	-0.00701401	-0.0278673	-0.0125741	0.0283071	0.0825332	0.122753	0.115777	0.0665214	-0.0167707	-0.143421	-0.298584	-0.461334	
0.219426	0.359367	0.484784	0.578651	0.63304	0.644015	0.60541	0.526588	0.412022	0.275863	0.141696	0.0458015	-0.00865077	-0.0316804	-0.0161251	0.0283071	0.0953129	0.172816	0.232698	0.237957	0.19617	0.110728	-0.0321168	-0.211189	-0.404266	
0.0588784	0.164733	0.275168	0.363063	0.411938	0.420172	0.387578	0.314091	0.209743	0.0998824	0.00631233	-0.0492803	-0.064259	-0.0456594	0.00677488	0.0825332	0.172816	0.270199	0.345419	0.370334	0.337148	0.245084	0.0927169	-0.104995	-0.323451	
-0.0887947	-0.0144679	0.0776596	0.161495	0.207086	0.213651	0.184625	0.114133	0.0215069	-0.0624426	-0.119771	-0.140646	-0.120213	-0.0616884	0.0221242	0.122753	0.232698	0.345419	0.441388	0.483791	0.456667	0.357785	0.19794	-0.0078909	-0.240319	
-0.225471	-0.166487	-0.0858733	-0.010936	0.0316506	0.0376964	0.0108737	-0.0532238	-0.135589	-0.206205	-0.244791	-0.239197	-0.183893	-0.0957459	0.00506678	0.115777	0.237957	0.370334	0.483791	0.541852	0.51969	0.420402	0.261121	0.0582268	-0.164281	
-0.356059	-0.301303	-0.230003	-0.166206	-0.127041	-0.121144	-0.145906	-0.202974	-0.27316	-0.338684	-0.366362	-0.336823	-0.25588	-0.151594	-0.04791	0.0665214	0.19617	0.337148	0.456667	0.51969	0.505334	0.41253	0.264138	0.0810637	-0.119086	
-0.478311	-0.438576	-0.379104	-0.324023	-0.284128	-0.276986	-0.304558	-0.356761	-0.415042	-0.466923	-0.476496	-0.427944	-0.338958	-0.235504	-0.131246	-0.0167707	0.110728	0.245084	0.357785	0.420402	0.41253	0.336404	0.217158	0.0676147	-0.0978195	
-0.593839	-0.577117	-0.533753	-0.485701	-0.445344	-0.438141	-0.466879	-0.515263	-0.560683	-0.592577	-0.578824	-0.521823	-0.438356	-0.342988	-0.245843	-0.143421	-0.0321168	0.0927169	0.19794	0.261121	0.264138	0.217158	0.143459	0.0433943	-0.068757	
-0.704098	-0.707774	-0.683728	-0.650891	-0.622499	-0.618489	-0.637253	-0.671025	-0.699913	-0.711037	-0.68029	-0.616759	-0.537899	-0.44895	-0.37087	-0.298584	-0.211189	-0.104995	-0.0078909	0.0582268	0.0810637	0.0676147	0.0433943	0.00711692	-0.0322949	
-0.804617	-0.823238	-0.817185	-0.80563	-0.797408	-0.796268	-0.8016	-0.812184	-0.822531	-0.817575	-0.775428	-0.710038	-0.631152	-0.555096	-0.501809	-0.461334	-0.404266	-0.323451	-0.240319	-0.164281	-0.119086	-0.0978195	-0.068757	-0.0322949	-0.00208207	
