-0.232937	-0.228161	-0.22507	-0.222435	-0.225536	-0.227156	-0.223119	-0.223437	-0.227611	-0.229504	-0.243207	-0.273285	-0.306645	-0.349354	-0.401566	-0.450141	-0.493124	-0.520623	-0.535508	-0.541212	-0.517269	-0.468671	-0.403852	-0.30744	-0.182991	
-0.202937	-0.214933	-0.225111	-0.231901	-0.241516	-0.244568	-0.235572	-0.227813	-0.220145	-0.206353	-0.200936	-0.210143	-0.228061	-0.264082	-0.317385	-0.374093	-0.434424	-0.48795	-0.527027	-0.552249	-0.550675	-0.527162	-0.486442	-0.413913	-0.307942	
-0.182836	-0.200734	-0.220385	-0.231942	-0.243584	-0.247484	-0.236658	-0.225126	-0.209935	-0.188696	-0.178978	-0.181165	-0.187053	-0.210786	-0.256908	-0.309993	-0.369397	-0.429899	-0.482677	-0.523641	-0.53835	-0.537204	-0.525228	-0.479812	-0.404557	
-0.182424	-0.194845	-0.206795	-0.21371	-0.224961	-0.228575	-0.217605	-0.209637	-0.200836	-0.186384	-0.179782	-0.181673	-0.184991	-0.195465	-0.219077	-0.250473	-0.293616	-0.349445	-0.406938	-0.460044	-0.49714	-0.519223	-0.531097	-0.516925	-0.47525	
-0.19948	-0.198615	-0.197963	-0.188993	-0.183787	-0.184142	-0.185804	-0.194346	-0.199165	-0.198832	-0.20062	-0.197606	-0.190583	-0.189488	-0.196506	-0.205654	-0.224812	-0.265175	-0.319605	-0.380019	-0.438014	-0.490471	-0.527557	-0.534774	-0.521586	
-0.211836	-0.201367	-0.185797	-0.164963	-0.154771	-0.154117	-0.158983	-0.176843	-0.195831	-0.208374	-0.214658	-0.209566	-0.196347	-0.181495	-0.175074	-0.176657	-0.185208	-0.213065	-0.255045	-0.306616	-0.369682	-0.436796	-0.494891	-0.525538	-0.534363	
-0.197023	-0.182489	-0.17188	-0.160726	-0.152001	-0.150432	-0.156722	-0.168132	-0.177631	-0.190798	-0.20232	-0.20161	-0.197461	-0.188125	-0.174955	-0.167835	-0.168159	-0.185285	-0.214445	-0.249134	-0.302139	-0.36976	-0.43308	-0.482603	-0.516848	
-0.167432	-0.157742	-0.159784	-0.163553	-0.164557	-0.164953	-0.164617	-0.161336	-0.157315	-0.163471	-0.17416	-0.180325	-0.18912	-0.193499	-0.188965	-0.181355	-0.171991	-0.175036	-0.188092	-0.204856	-0.241388	-0.296541	-0.356311	-0.416296	-0.475505	
-0.147752	-0.14545	-0.152944	-0.165095	-0.169721	-0.169134	-0.167921	-0.158837	-0.146899	-0.146263	-0.150399	-0.156987	-0.176135	-0.191521	-0.194294	-0.194838	-0.185603	-0.17592	-0.174518	-0.176578	-0.198874	-0.237538	-0.280978	-0.340199	-0.412554	
-0.144803	-0.145138	-0.152011	-0.16123	-0.159842	-0.158052	-0.161778	-0.156105	-0.146413	-0.145204	-0.144133	-0.143425	-0.157859	-0.178104	-0.188658	-0.196069	-0.195496	-0.183457	-0.169452	-0.160321	-0.171478	-0.1983	-0.228089	-0.27672	-0.348277	
-0.152161	-0.148875	-0.1457	-0.149002	-0.148043	-0.14674	-0.149374	-0.146463	-0.146656	-0.152005	-0.150721	-0.147167	-0.150396	-0.157158	-0.164642	-0.178129	-0.189072	-0.188655	-0.179364	-0.165812	-0.165302	-0.177401	-0.194841	-0.231116	-0.288578	
-0.15631	-0.154837	-0.146629	-0.141007	-0.131945	-0.128747	-0.137909	-0.145227	-0.151621	-0.156006	-0.153466	-0.14947	-0.146138	-0.143495	-0.142096	-0.152952	-0.173844	-0.185652	-0.190377	-0.18811	-0.178691	-0.170891	-0.172274	-0.194895	-0.234581	
-0.152342	-0.152689	-0.142284	-0.134282	-0.129869	-0.129402	-0.132445	-0.137702	-0.149402	-0.154056	-0.148709	-0.144864	-0.138768	-0.136426	-0.139407	-0.144999	-0.161503	-0.176569	-0.186179	-0.196081	-0.191596	-0.171178	-0.158323	-0.168911	-0.19443	
-0.133127	-0.132148	-0.130851	-0.134639	-0.140946	-0.142334	-0.137117	-0.131618	-0.132066	-0.132137	-0.135913	-0.146472	-0.146431	-0.141467	-0.143435	-0.146013	-0.151667	-0.157414	-0.165933	-0.182333	-0.189501	-0.179027	-0.165955	-0.165828	-0.176546	
-0.119829	-0.122865	-0.12672	-0.131719	-0.142842	-0.145871	-0.135447	-0.128023	-0.125105	-0.11955	-0.12553	-0.144646	-0.152746	-0.150653	-0.146938	-0.138336	-0.137262	-0.14085	-0.148178	-0.169059	-0.183664	-0.186384	-0.186428	-0.179383	-0.169389	
-0.127476	-0.132661	-0.132486	-0.126439	-0.128159	-0.130079	-0.126139	-0.129427	-0.133987	-0.129658	-0.126862	-0.132187	-0.136762	-0.141929	-0.149142	-0.14184	-0.131412	-0.134813	-0.143433	-0.158576	-0.173034	-0.182901	-0.194659	-0.192569	-0.170333	
-0.133031	-0.136076	-0.136498	-0.125462	-0.11665	-0.115448	-0.121337	-0.133771	-0.136994	-0.133559	-0.131514	-0.125544	-0.120277	-0.124301	-0.140835	-0.152164	-0.144948	-0.138887	-0.142718	-0.147466	-0.151395	-0.164325	-0.184672	-0.193275	-0.181343	
-0.128804	-0.126923	-0.125775	-0.122046	-0.123384	-0.124097	-0.121685	-0.124287	-0.125895	-0.128131	-0.130597	-0.126347	-0.124039	-0.124254	-0.129795	-0.143317	-0.14845	-0.144527	-0.140619	-0.138736	-0.139554	-0.151221	-0.173208	-0.186305	-0.187938	
-0.125543	-0.115072	-0.117508	-0.124798	-0.125416	-0.124706	-0.125489	-0.120752	-0.114524	-0.12137	-0.129043	-0.125567	-0.128588	-0.131687	-0.126021	-0.128746	-0.13787	-0.14626	-0.144676	-0.133167	-0.133953	-0.147755	-0.163211	-0.175485	-0.187498	
-0.122387	-0.111903	-0.116468	-0.124505	-0.121891	-0.120305	-0.12469	-0.120798	-0.112207	-0.117222	-0.127764	-0.126785	-0.127311	-0.130965	-0.123975	-0.120057	-0.126597	-0.141579	-0.15279	-0.141988	-0.134422	-0.14399	-0.150032	-0.154547	-0.174388	
-0.118176	-0.120841	-0.119955	-0.11965	-0.11707	-0.116306	-0.119193	-0.119467	-0.120202	-0.119626	-0.117845	-0.120887	-0.12699	-0.129974	-0.125071	-0.121384	-0.122831	-0.129476	-0.144236	-0.149156	-0.144939	-0.144481	-0.142457	-0.141027	-0.15713	
-0.121388	-0.127763	-0.121995	-0.117987	-0.110987	-0.109344	-0.115997	-0.119508	-0.126173	-0.125836	-0.112876	-0.110381	-0.118844	-0.126234	-0.1282	-0.128976	-0.131535	-0.126433	-0.126465	-0.139468	-0.14891	-0.145148	-0.136801	-0.139688	-0.151481	
-0.120689	-0.119556	-0.112202	-0.112609	-0.118343	-0.120147	-0.114985	-0.110391	-0.117365	-0.121569	-0.117349	-0.117829	-0.116142	-0.118702	-0.128026	-0.128206	-0.130435	-0.127716	-0.118405	-0.130563	-0.14993	-0.149529	-0.137592	-0.140756	-0.150364	
-0.111121	-0.111131	-0.110454	-0.11058	-0.12157	-0.124072	-0.11352	-0.110476	-0.111631	-0.109492	-0.117278	-0.129966	-0.122875	-0.11147	-0.120283	-0.126267	-0.124907	-0.126168	-0.121582	-0.128115	-0.14573	-0.150661	-0.144528	-0.144883	-0.149012	
-0.110975	-0.115941	-0.119267	-0.112473	-0.111758	-0.111405	-0.110377	-0.118763	-0.117992	-0.110748	-0.115046	-0.121768	-0.120772	-0.111566	-0.112215	-0.125966	-0.129993	-0.129533	-0.130141	-0.128037	-0.12988	-0.136316	-0.144869	-0.150098	-0.150447	
-0.114905	-0.115768	-0.118457	-0.115454	-0.108558	-0.107422	-0.112646	-0.117653	-0.116527	-0.115846	-0.113506	-0.108933	-0.116869	-0.123252	-0.118429	-0.120005	-0.124014	-0.127187	-0.132708	-0.130852	-0.121343	-0.124753	-0.146378	-0.15712	-0.153857	
-0.115768	-0.106401	-0.110968	-0.119536	-0.111005	-0.108567	-0.118612	-0.114329	-0.106344	-0.112931	-0.11676	-0.111618	-0.115233	-0.125999	-0.12505	-0.114917	-0.112125	-0.121065	-0.133709	-0.136323	-0.125746	-0.125082	-0.14559	-0.156474	-0.150959	
-0.118457	-0.110968	-0.108033	-0.110889	-0.113693	-0.114593	-0.112864	-0.108565	-0.108926	-0.115364	-0.120316	-0.114436	-0.109048	-0.118437	-0.122376	-0.117366	-0.116754	-0.121297	-0.133598	-0.135275	-0.127571	-0.129073	-0.136863	-0.14596	-0.146269	
-0.115454	-0.119536	-0.110889	-0.10288	-0.114764	-0.119116	-0.105559	-0.10591	-0.117628	-0.117375	-0.113702	-0.111784	-0.110672	-0.116174	-0.119255	-0.121816	-0.125306	-0.122915	-0.12451	-0.125251	-0.12874	-0.135879	-0.133044	-0.137295	-0.146366	
-0.108558	-0.111005	-0.113693	-0.114764	-0.11006	-0.107875	-0.112848	-0.115053	-0.112529	-0.109369	-0.108644	-0.117769	-0.1223	-0.112671	-0.113091	-0.120845	-0.124394	-0.125419	-0.117623	-0.121756	-0.138965	-0.142933	-0.134506	-0.128725	-0.14046	
-0.107422	-0.108567	-0.114593	-0.119116	-0.107875	-0.103222	-0.115797	-0.118381	-0.11026	-0.107372	-0.108407	-0.119262	-0.124602	-0.11182	-0.111859	-0.120065	-0.123425	-0.125719	-0.116311	-0.122829	-0.142312	-0.144093	-0.135528	-0.126469	-0.13792	
-0.112646	-0.118612	-0.112864	-0.105559	-0.112848	-0.115797	-0.107126	-0.108873	-0.117313	-0.115223	-0.111084	-0.112503	-0.11411	-0.115607	-0.117888	-0.122096	-0.125782	-0.123392	-0.12088	-0.123507	-0.131756	-0.13815	-0.133503	-0.134109	-0.14516	
-0.117653	-0.114329	-0.108565	-0.10591	-0.115053	-0.118381	-0.108873	-0.106095	-0.112504	-0.116536	-0.118975	-0.114141	-0.108464	-0.116377	-0.120616	-0.119424	-0.120675	-0.122222	-0.13135	-0.131392	-0.127227	-0.131308	-0.13374	-0.142665	-0.146731	
-0.116527	-0.106344	-0.108926	-0.117628	-0.112529	-0.11026	-0.117313	-0.112504	-0.105811	-0.112792	-0.118495	-0.113678	-0.113526	-0.123539	-0.124182	-0.11489	-0.112441	-0.120238	-0.133661	-0.137092	-0.127674	-0.127077	-0.142993	-0.152878	-0.148372	
-0.115846	-0.112931	-0.115364	-0.117375	-0.109369	-0.107372	-0.115223	-0.116536	-0.112792	-0.115224	-0.113976	-0.108093	-0.116069	-0.126428	-0.122166	-0.117257	-0.119084	-0.12466	-0.132663	-0.133141	-0.121956	-0.123628	-0.146882	-0.157624	-0.153434	
-0.113506	-0.11676	-0.120316	-0.113702	-0.108644	-0.108407	-0.111084	-0.118975	-0.118495	-0.113976	-0.114817	-0.115578	-0.118121	-0.115215	-0.113798	-0.12432	-0.128913	-0.130094	-0.13243	-0.128265	-0.124912	-0.130387	-0.144665	-0.15317	-0.151787	
-0.108933	-0.111618	-0.114436	-0.111784	-0.117769	-0.119262	-0.112503	-0.114141	-0.113678	-0.108093	-0.115578	-0.129088	-0.124303	-0.110304	-0.115965	-0.126454	-0.125708	-0.126524	-0.125054	-0.128106	-0.140539	-0.146618	-0.145923	-0.147048	-0.148749	
-0.116869	-0.115233	-0.109048	-0.110672	-0.1223	-0.124602	-0.11411	-0.108464	-0.113526	-0.116069	-0.118121	-0.124303	-0.118973	-0.115099	-0.125079	-0.12745	-0.128076	-0.12699	-0.119187	-0.129134	-0.148245	-0.150992	-0.140212	-0.141567	-0.150398	
-0.123252	-0.125999	-0.118437	-0.116174	-0.112671	-0.11182	-0.115607	-0.116377	-0.123539	-0.126428	-0.115215	-0.110304	-0.115099	-0.123781	-0.129408	-0.129482	-0.132888	-0.127774	-0.121481	-0.134387	-0.14977	-0.14662	-0.135706	-0.140335	-0.151053	
-0.118429	-0.12505	-0.122376	-0.119255	-0.113091	-0.111859	-0.117888	-0.120616	-0.124182	-0.122166	-0.113798	-0.115965	-0.125079	-0.129408	-0.126313	-0.123951	-0.125537	-0.126821	-0.136029	-0.147134	-0.148905	-0.144635	-0.140425	-0.139838	-0.152931	
-0.120005	-0.114917	-0.117366	-0.121816	-0.120845	-0.120065	-0.122096	-0.119424	-0.11489	-0.117257	-0.12432	-0.126454	-0.12745	-0.129482	-0.123951	-0.11999	-0.123956	-0.1367	-0.151709	-0.146667	-0.137419	-0.143184	-0.146177	-0.146952	-0.167552	
-0.124014	-0.112125	-0.116754	-0.125306	-0.124394	-0.123425	-0.125782	-0.120675	-0.112441	-0.119084	-0.128913	-0.125708	-0.128076	-0.132888	-0.125537	-0.123956	-0.132666	-0.145259	-0.14888	-0.135438	-0.132659	-0.146521	-0.157825	-0.167527	-0.183795	
-0.127187	-0.121065	-0.121297	-0.122915	-0.125419	-0.125719	-0.123392	-0.122222	-0.120238	-0.12466	-0.130094	-0.126524	-0.12699	-0.127774	-0.126821	-0.1367	-0.145259	-0.145646	-0.141628	-0.135786	-0.136799	-0.149744	-0.169622	-0.182874	-0.188573	
-0.132708	-0.133709	-0.133598	-0.12451	-0.117623	-0.116311	-0.12088	-0.13135	-0.133661	-0.132663	-0.13243	-0.125054	-0.119187	-0.121481	-0.136029	-0.151709	-0.14888	-0.141628	-0.141879	-0.142766	-0.144768	-0.157502	-0.179391	-0.191375	-0.184898	
-0.130852	-0.136323	-0.135275	-0.125251	-0.121756	-0.122829	-0.123507	-0.131392	-0.137092	-0.133141	-0.128265	-0.128106	-0.129134	-0.134387	-0.147134	-0.146667	-0.135438	-0.135786	-0.142766	-0.154162	-0.165366	-0.176024	-0.192404	-0.194387	-0.17373	
-0.121343	-0.125746	-0.127571	-0.12874	-0.138965	-0.142312	-0.131756	-0.127227	-0.127674	-0.121956	-0.124912	-0.140539	-0.148245	-0.14977	-0.148905	-0.137419	-0.132659	-0.136799	-0.144768	-0.165366	-0.180546	-0.187184	-0.192458	-0.185296	-0.168811	
-0.124753	-0.125082	-0.129073	-0.135879	-0.142933	-0.144093	-0.13815	-0.131308	-0.127077	-0.123628	-0.130387	-0.146618	-0.150992	-0.14662	-0.144635	-0.143184	-0.146521	-0.149744	-0.157502	-0.176024	-0.187184	-0.182691	-0.173418	-0.170618	-0.172988	
-0.146378	-0.14559	-0.136863	-0.133044	-0.134506	-0.135528	-0.133503	-0.13374	-0.142993	-0.146882	-0.144665	-0.145923	-0.140212	-0.135706	-0.140425	-0.146177	-0.157825	-0.169622	-0.179391	-0.192404	-0.192458	-0.173418	-0.158661	-0.164705	-0.184717	
-0.15712	-0.156474	-0.14596	-0.137295	-0.128725	-0.126469	-0.134109	-0.142665	-0.152878	-0.157624	-0.15317	-0.147048	-0.141567	-0.140335	-0.139838	-0.146952	-0.167527	-0.182874	-0.191375	-0.194387	-0.185296	-0.170618	-0.164705	-0.182425	-0.216415	
-0.153857	-0.150959	-0.146269	-0.146366	-0.14046	-0.13792	-0.14516	-0.146731	-0.148372	-0.153434	-0.151787	-0.148749	-0.150398	-0.151053	-0.152931	-0.167552	-0.183795	-0.188573	-0.184898	-0.17373	-0.168811	-0.172988	-0.184717	-0.216415	-0.265935	
