0.856601	0.831662	0.792038	0.745514	0.708437	0.701635	0.728093	0.773432	0.817781	0.84792	0.868768	0.883183	0.880062	0.850207	0.793431	0.725492	0.670281	0.630503	0.580726	0.512565	0.432723	0.352071	0.286596	0.230206	0.188124	
0.752298	0.717364	0.660763	0.596101	0.547211	0.537527	0.573454	0.634039	0.697855	0.740226	0.768359	0.786	0.789455	0.767639	0.717294	0.654758	0.592672	0.534491	0.473042	0.391555	0.30498	0.233638	0.189012	0.157967	0.142334	
0.615117	0.573134	0.508257	0.439003	0.383667	0.373281	0.413476	0.479689	0.549603	0.600856	0.632325	0.653612	0.667299	0.659252	0.623561	0.570966	0.504161	0.432511	0.359725	0.276686	0.195258	0.139516	0.121517	0.123341	0.138036	
0.478415	0.419162	0.350889	0.287292	0.238177	0.228995	0.264751	0.324598	0.392442	0.4568	0.503045	0.531027	0.55378	0.555527	0.53333	0.493413	0.430159	0.354213	0.275776	0.199664	0.140464	0.11572	0.127346	0.154657	0.186637	
0.351867	0.277221	0.20914	0.157435	0.121315	0.114477	0.140534	0.186458	0.248578	0.322735	0.386798	0.425755	0.454635	0.467069	0.461687	0.44	0.395799	0.328291	0.255575	0.192395	0.159275	0.170316	0.210278	0.249166	0.281011	
0.228053	0.149555	0.0830233	0.0402753	0.0131892	0.00798491	0.0272024	0.06383	0.120143	0.197371	0.269943	0.325514	0.36821	0.398393	0.416556	0.420003	0.400273	0.357938	0.302789	0.260716	0.252326	0.286075	0.337848	0.38029	0.401077	
0.112427	0.0294362	-0.0403693	-0.0872993	-0.111529	-0.115405	-0.0995835	-0.0622463	-0.000866061	0.0787405	0.162217	0.239315	0.305079	0.359175	0.402169	0.429215	0.437688	0.423933	0.398977	0.38136	0.39291	0.436779	0.486609	0.522094	0.536912	
0.00509477	-0.0872437	-0.162535	-0.208627	-0.226651	-0.228374	-0.218445	-0.185312	-0.119847	-0.0338851	0.065113	0.166969	0.260351	0.343927	0.416411	0.476422	0.514626	0.529702	0.535288	0.538747	0.563582	0.610385	0.65347	0.678584	0.681232	
-0.0972141	-0.19969	-0.274771	-0.311567	-0.320119	-0.320145	-0.317258	-0.294152	-0.233574	-0.141	-0.0263016	0.098138	0.218298	0.330756	0.437547	0.533794	0.606979	0.650533	0.67887	0.707748	0.746143	0.790832	0.830304	0.839027	0.820746	
-0.188868	-0.295975	-0.364264	-0.39313	-0.400049	-0.400643	-0.39767	-0.379976	-0.328157	-0.235878	-0.111067	0.0292002	0.174792	0.316998	0.449103	0.574755	0.681186	0.754107	0.807579	0.859619	0.914592	0.961828	0.989868	0.982537	0.942629	
-0.264386	-0.367071	-0.428982	-0.456363	-0.470317	-0.472715	-0.463109	-0.442848	-0.396673	-0.310458	-0.186712	-0.040242	0.122543	0.288804	0.439409	0.5813	0.715258	0.824058	0.908479	0.98261	1.04856	1.09595	1.11484	1.09215	1.03699	
-0.321151	-0.416667	-0.476668	-0.510734	-0.530332	-0.534294	-0.520088	-0.492136	-0.445296	-0.363633	-0.24964	-0.113002	0.0474674	0.216612	0.378075	0.53405	0.689007	0.834618	0.957374	1.0608	1.13964	1.18857	1.20225	1.17081	1.10573	
-0.367846	-0.449051	-0.506109	-0.542803	-0.563136	-0.564989	-0.553454	-0.52267	-0.475045	-0.402697	-0.309528	-0.194552	-0.0564366	0.0987294	0.262284	0.437448	0.614747	0.789449	0.948249	1.08617	1.18743	1.24789	1.25675	1.22009	1.14848	
-0.410662	-0.466753	-0.513886	-0.548606	-0.565252	-0.567659	-0.557098	-0.529833	-0.487052	-0.433369	-0.370365	-0.285068	-0.174389	-0.0439354	0.113318	0.298971	0.498077	0.698384	0.886036	1.05367	1.18216	1.25854	1.26936	1.22679	1.14766	
-0.454966	-0.479707	-0.502308	-0.523532	-0.535483	-0.535825	-0.530323	-0.511042	-0.489454	-0.465021	-0.435118	-0.381149	-0.294635	-0.181883	-0.0375934	0.147323	0.355055	0.573243	0.779148	0.962441	1.10689	1.20079	1.2254	1.18962	1.11197	
-0.481924	-0.477039	-0.473907	-0.473271	-0.478338	-0.479974	-0.47506	-0.472316	-0.475523	-0.480278	-0.480986	-0.456123	-0.39727	-0.303542	-0.17592	-0.00809698	0.193552	0.417187	0.632387	0.822337	0.975894	1.08453	1.13026	1.11749	1.04982	
-0.487706	-0.454796	-0.422754	-0.400658	-0.394576	-0.394416	-0.397023	-0.411782	-0.441036	-0.475717	-0.502822	-0.510507	-0.482358	-0.413134	-0.307933	-0.163745	0.0213363	0.238817	0.455583	0.644726	0.803178	0.921637	0.993239	1.00979	0.970177	
-0.472663	-0.413158	-0.361666	-0.324334	-0.307739	-0.304873	-0.315704	-0.344751	-0.391098	-0.449211	-0.50375	-0.539073	-0.543356	-0.509234	-0.437585	-0.323928	-0.166108	0.0372913	0.24892	0.437271	0.601152	0.73277	0.828728	0.880483	0.877059	
-0.443536	-0.367054	-0.310258	-0.269749	-0.246702	-0.242427	-0.25786	-0.292589	-0.341173	-0.412098	-0.48638	-0.540371	-0.569629	-0.573356	-0.544476	-0.469445	-0.343207	-0.166851	0.0300773	0.213527	0.380899	0.526818	0.647567	0.729514	0.764393	
-0.406656	-0.327994	-0.272577	-0.23538	-0.21306	-0.208486	-0.224769	-0.256493	-0.302268	-0.37427	-0.454225	-0.518798	-0.558998	-0.587816	-0.599214	-0.56595	-0.476999	-0.334096	-0.163121	0.00320762	0.165687	0.318735	0.460553	0.56603	0.627238	
-0.371101	-0.301133	-0.248495	-0.212767	-0.198391	-0.196273	-0.205028	-0.231737	-0.277572	-0.341692	-0.41584	-0.480843	-0.525118	-0.56175	-0.596405	-0.602489	-0.556533	-0.450001	-0.312066	-0.169952	-0.0264216	0.123494	0.276162	0.402812	0.480592	
-0.339868	-0.282275	-0.231881	-0.198377	-0.191913	-0.192592	-0.193174	-0.215592	-0.261103	-0.31618	-0.376735	-0.435704	-0.48107	-0.518852	-0.560815	-0.592596	-0.585472	-0.52332	-0.420863	-0.304725	-0.182811	-0.0448503	0.105067	0.239581	0.330678	
-0.315322	-0.267009	-0.222577	-0.194594	-0.187609	-0.186515	-0.190242	-0.208428	-0.24857	-0.295173	-0.347883	-0.400843	-0.440008	-0.477982	-0.522947	-0.560984	-0.578669	-0.555617	-0.492061	-0.403238	-0.29891	-0.176853	-0.0457537	0.0746907	0.165631	
-0.30235	-0.259376	-0.230583	-0.209774	-0.198651	-0.197002	-0.204201	-0.221184	-0.246955	-0.282125	-0.335529	-0.379663	-0.407444	-0.43911	-0.483346	-0.524286	-0.550183	-0.551796	-0.524706	-0.466191	-0.388786	-0.286108	-0.18241	-0.0864677	-0.0055004	
-0.289472	-0.263314	-0.248787	-0.241487	-0.237354	-0.236043	-0.239836	-0.24516	-0.256899	-0.27623	-0.313034	-0.346431	-0.363076	-0.386155	-0.42699	-0.468467	-0.501655	-0.51976	-0.516873	-0.491366	-0.443887	-0.370124	-0.29407	-0.224969	-0.157734	
-0.279864	-0.278171	-0.276318	-0.280338	-0.291411	-0.293834	-0.284435	-0.276444	-0.278115	-0.277859	-0.284902	-0.297007	-0.309867	-0.328684	-0.357873	-0.391755	-0.429695	-0.462514	-0.483739	-0.486291	-0.469177	-0.428367	-0.384922	-0.340251	-0.28922	
-0.278171	-0.296963	-0.310283	-0.321898	-0.336741	-0.340751	-0.327764	-0.3143	-0.303835	-0.285531	-0.268499	-0.259148	-0.262988	-0.275767	-0.292791	-0.315444	-0.350553	-0.39457	-0.439739	-0.470112	-0.481448	-0.472484	-0.457397	-0.431233	-0.389446	
-0.276318	-0.310283	-0.343202	-0.363945	-0.371962	-0.372282	-0.368943	-0.353015	-0.323974	-0.289697	-0.259017	-0.236592	-0.224058	-0.226255	-0.24197	-0.261375	-0.293088	-0.339686	-0.398469	-0.455866	-0.492943	-0.511212	-0.511831	-0.491512	-0.449764	
-0.280338	-0.321898	-0.363945	-0.387492	-0.392408	-0.392715	-0.391039	-0.376061	-0.33929	-0.296644	-0.256679	-0.221133	-0.198107	-0.194927	-0.206781	-0.224952	-0.253884	-0.299049	-0.369169	-0.446618	-0.505672	-0.54191	-0.549065	-0.526506	-0.480036	
-0.291411	-0.336741	-0.371962	-0.392408	-0.404356	-0.405958	-0.398223	-0.381971	-0.352482	-0.311472	-0.258228	-0.210871	-0.189641	-0.188743	-0.195633	-0.205102	-0.230795	-0.279462	-0.358146	-0.447625	-0.515958	-0.557459	-0.567387	-0.547088	-0.496533	
-0.293834	-0.340751	-0.372282	-0.392715	-0.405958	-0.40759	-0.398825	-0.381474	-0.35488	-0.315322	-0.257518	-0.209479	-0.188455	-0.189394	-0.194937	-0.201134	-0.226263	-0.276091	-0.356049	-0.4488	-0.516386	-0.559392	-0.569069	-0.550362	-0.499986	
-0.284435	-0.327764	-0.368943	-0.391039	-0.398223	-0.398825	-0.395311	-0.380583	-0.345509	-0.302177	-0.257283	-0.216123	-0.193435	-0.190245	-0.199767	-0.214962	-0.242673	-0.288909	-0.363438	-0.446208	-0.51117	-0.550157	-0.558905	-0.536521	-0.487978	
-0.276444	-0.3143	-0.353015	-0.376061	-0.381971	-0.381474	-0.380583	-0.364283	-0.33018	-0.291051	-0.256905	-0.229808	-0.211277	-0.210776	-0.225457	-0.245007	-0.276133	-0.321565	-0.384673	-0.450527	-0.497514	-0.525127	-0.52848	-0.50762	-0.463807	
-0.278115	-0.303835	-0.323974	-0.33929	-0.352482	-0.35488	-0.345509	-0.33018	-0.312689	-0.288328	-0.264504	-0.249356	-0.246496	-0.25504	-0.270941	-0.290591	-0.324116	-0.370354	-0.422179	-0.464205	-0.486284	-0.489081	-0.48177	-0.45949	-0.418575	
-0.277859	-0.285531	-0.289697	-0.296644	-0.311472	-0.315322	-0.302177	-0.291051	-0.288328	-0.279773	-0.276076	-0.278829	-0.289295	-0.307177	-0.330655	-0.360019	-0.397357	-0.434942	-0.467215	-0.480438	-0.474242	-0.446069	-0.415321	-0.380495	-0.334283	
-0.284902	-0.268499	-0.259017	-0.256679	-0.258228	-0.257518	-0.257283	-0.256905	-0.264504	-0.276076	-0.301387	-0.327959	-0.342812	-0.362929	-0.399971	-0.439167	-0.474989	-0.499264	-0.505604	-0.491969	-0.457211	-0.396277	-0.333005	-0.274168	-0.212853	
-0.297007	-0.259148	-0.236592	-0.221133	-0.210871	-0.209479	-0.216123	-0.229808	-0.249356	-0.278829	-0.327959	-0.368903	-0.391358	-0.419817	-0.462885	-0.505101	-0.534225	-0.542676	-0.525506	-0.480413	-0.414691	-0.323545	-0.230137	-0.144183	-0.0689026	
-0.309867	-0.262988	-0.224058	-0.198107	-0.189641	-0.188455	-0.193435	-0.211277	-0.246496	-0.289295	-0.342812	-0.391358	-0.426912	-0.463018	-0.508381	-0.547465	-0.569386	-0.558339	-0.510475	-0.432914	-0.338867	-0.222978	-0.10265	0.00843152	0.0961901	
-0.328684	-0.275767	-0.226255	-0.194927	-0.188743	-0.189394	-0.190245	-0.210776	-0.25504	-0.307177	-0.362929	-0.419817	-0.463018	-0.501666	-0.545114	-0.58088	-0.585239	-0.540422	-0.453564	-0.348597	-0.232664	-0.100954	0.0430401	0.173834	0.266133	
-0.357873	-0.292791	-0.24197	-0.206781	-0.195633	-0.194937	-0.199767	-0.225457	-0.270941	-0.330655	-0.399971	-0.462885	-0.508381	-0.545114	-0.584446	-0.603373	-0.574105	-0.484904	-0.360521	-0.228938	-0.0943597	0.0518544	0.204816	0.337733	0.421787	
-0.391755	-0.315444	-0.261375	-0.224952	-0.205102	-0.201134	-0.214962	-0.245007	-0.290591	-0.360019	-0.439167	-0.505101	-0.547465	-0.58088	-0.603373	-0.587382	-0.515213	-0.385847	-0.227351	-0.0699954	0.0855094	0.238439	0.386301	0.500655	0.569207	
-0.429695	-0.350553	-0.293088	-0.253884	-0.230795	-0.226263	-0.242673	-0.276133	-0.324116	-0.397357	-0.474989	-0.534225	-0.569386	-0.585239	-0.574105	-0.515213	-0.403481	-0.240118	-0.0521227	0.125377	0.29253	0.442815	0.57276	0.664753	0.711343	
-0.462514	-0.39457	-0.339686	-0.299049	-0.279462	-0.276091	-0.288909	-0.321565	-0.370354	-0.434942	-0.499264	-0.542676	-0.558339	-0.540422	-0.484904	-0.385847	-0.240118	-0.0459527	0.160691	0.348257	0.514395	0.652076	0.757978	0.822745	0.835392	
-0.483739	-0.439739	-0.398469	-0.369169	-0.358146	-0.356049	-0.363438	-0.384673	-0.422179	-0.467215	-0.505604	-0.525506	-0.510475	-0.453564	-0.360521	-0.227351	-0.0521227	0.160691	0.375904	0.565214	0.724814	0.847947	0.9298	0.960325	0.934983	
-0.486291	-0.470112	-0.455866	-0.446618	-0.447625	-0.4488	-0.446208	-0.450527	-0.464205	-0.480438	-0.491969	-0.480413	-0.432914	-0.348597	-0.228938	-0.0699954	0.125377	0.348257	0.565214	0.755317	0.911553	1.024	1.08016	1.07846	1.01955	
-0.469177	-0.481448	-0.492943	-0.505672	-0.515958	-0.516386	-0.51117	-0.497514	-0.486284	-0.474242	-0.457211	-0.414691	-0.338867	-0.232664	-0.0943597	0.0855094	0.29253	0.514395	0.724814	0.911553	1.05964	1.16034	1.19295	1.1643	1.09014	
-0.428367	-0.472484	-0.511212	-0.54191	-0.557459	-0.559392	-0.550157	-0.525127	-0.489081	-0.446069	-0.396277	-0.323545	-0.222978	-0.100954	0.0518544	0.238439	0.442815	0.652076	0.847947	1.024	1.16034	1.24389	1.25871	1.21691	1.13717	
-0.384922	-0.457397	-0.511831	-0.549065	-0.567387	-0.569069	-0.558905	-0.52848	-0.48177	-0.415321	-0.333005	-0.230137	-0.10265	0.0430401	0.204816	0.386301	0.57276	0.757978	0.9298	1.08016	1.19295	1.25871	1.26738	1.2283	1.15395	
-0.340251	-0.431233	-0.491512	-0.526506	-0.547088	-0.550362	-0.536521	-0.50762	-0.45949	-0.380495	-0.274168	-0.144183	0.00843152	0.173834	0.337733	0.500655	0.664753	0.822745	0.960325	1.07846	1.1643	1.21691	1.2283	1.19456	1.12668	
-0.28922	-0.389446	-0.449764	-0.480036	-0.496533	-0.499986	-0.487978	-0.463807	-0.418575	-0.334283	-0.212853	-0.0689026	0.0961901	0.266133	0.421787	0.569207	0.711343	0.835392	0.934983	1.01955	1.09014	1.13717	1.15395	1.12668	1.06709	
