-0.403567	-0.481271	-0.515633	-0.524375	-0.52141	-0.520775	-0.523438	-0.521531	-0.49938	-0.441089	-0.330528	-0.179288	-0.016928	0.127531	0.23609	0.310564	0.352662	0.364157	0.349726	0.32738	0.312723	0.305993	0.30159	0.3097	0.340547	
-0.415016	-0.54223	-0.619178	-0.658459	-0.677444	-0.680077	-0.667964	-0.638131	-0.578562	-0.472612	-0.313658	-0.12115	0.0772133	0.25437	0.389194	0.470726	0.509036	0.510506	0.48444	0.449486	0.41531	0.38999	0.36233	0.338785	0.329128	
-0.373734	-0.536235	-0.654519	-0.727253	-0.761566	-0.767096	-0.744105	-0.689435	-0.588945	-0.443694	-0.255656	-0.0375037	0.186355	0.392248	0.543483	0.627175	0.65454	0.63944	0.592034	0.530398	0.462903	0.402808	0.347535	0.290206	0.248299	
-0.280401	-0.469739	-0.618237	-0.715796	-0.76301	-0.770131	-0.740115	-0.663982	-0.534667	-0.360256	-0.152575	0.0751672	0.304912	0.517831	0.67701	0.758042	0.77515	0.741589	0.664735	0.56781	0.457621	0.351392	0.258688	0.172435	0.109602	
-0.15454	-0.360429	-0.530849	-0.644262	-0.69792	-0.706334	-0.672066	-0.584395	-0.434278	-0.239261	-0.0222084	0.205994	0.431091	0.635287	0.785252	0.855416	0.85718	0.805587	0.705603	0.569408	0.413679	0.262556	0.130287	0.0202313	-0.056088	
-0.00636869	-0.22022	-0.398451	-0.516474	-0.574709	-0.583926	-0.54647	-0.453097	-0.298077	-0.0939045	0.125743	0.347586	0.561401	0.743196	0.866851	0.912116	0.8926	0.81624	0.691024	0.521985	0.331663	0.146866	-0.0171201	-0.146398	-0.227293	
0.156893	-0.0481215	-0.220247	-0.338674	-0.396086	-0.406954	-0.367727	-0.275395	-0.121661	0.0726369	0.286666	0.50042	0.69287	0.83725	0.917287	0.934227	0.886461	0.781365	0.6274	0.43272	0.214327	0.0026237	-0.176789	-0.310162	-0.38723	
0.335815	0.142988	-0.0137312	-0.12763	-0.187943	-0.197344	-0.15813	-0.0646099	0.0756733	0.255414	0.459554	0.65712	0.820841	0.926849	0.966261	0.943472	0.87001	0.737759	0.555122	0.333665	0.0899187	-0.146053	-0.340345	-0.46679	-0.531526	
0.517287	0.351128	0.21522	0.10711	0.0450938	0.0341578	0.0767391	0.16742	0.293573	0.447135	0.62974	0.806056	0.940332	1.01397	1.01963	0.966442	0.858543	0.693963	0.479707	0.23514	-0.0228966	-0.268659	-0.472845	-0.59735	-0.648421	
0.695037	0.557348	0.438687	0.34009	0.281209	0.268649	0.311465	0.396258	0.508321	0.636453	0.788515	0.943671	1.05853	1.10853	1.09151	1.01774	0.873439	0.673067	0.434013	0.175179	-0.0908974	-0.341813	-0.549771	-0.683997	-0.735969	
0.867302	0.742161	0.641523	0.56116	0.502	0.489709	0.53412	0.607742	0.69852	0.814839	0.948509	1.07547	1.16387	1.19414	1.16482	1.07589	0.913855	0.692102	0.437702	0.172361	-0.101237	-0.357162	-0.567397	-0.709696	-0.771558	
1.01286	0.905347	0.809702	0.729701	0.676503	0.66702	0.704112	0.775164	0.865376	0.969281	1.07897	1.18078	1.24911	1.26916	1.23286	1.13534	0.97032	0.742855	0.483189	0.222266	-0.0450211	-0.30591	-0.519736	-0.667622	-0.737394	
1.10427	0.99836	0.902949	0.822471	0.776121	0.767983	0.79934	0.867465	0.959436	1.06105	1.16844	1.25996	1.30921	1.32263	1.29297	1.19839	1.03623	0.819695	0.573136	0.319688	0.0623449	-0.188452	-0.398985	-0.547813	-0.623614	
1.13732	1.02149	0.916665	0.8392	0.796056	0.790016	0.817515	0.881628	0.977478	1.0909	1.20362	1.29512	1.34852	1.35841	1.32962	1.24554	1.09816	0.906111	0.691789	0.460639	0.218615	-0.0141231	-0.212896	-0.359493	-0.436928	
1.12279	0.991615	0.871167	0.787711	0.739989	0.73176	0.763878	0.833151	0.9401	1.07141	1.1936	1.29195	1.35706	1.37315	1.35131	1.28324	1.16159	1.00006	0.826449	0.631424	0.416417	0.202182	0.0187865	-0.113379	-0.193585	
1.07006	0.924234	0.787579	0.687084	0.629039	0.618656	0.658753	0.74245	0.86691	1.01232	1.15225	1.26834	1.34816	1.37702	1.3639	1.31606	1.22553	1.10204	0.964663	0.808259	0.6239	0.434171	0.270725	0.151485	0.0769483	
0.999948	0.835268	0.681895	0.56108	0.490558	0.479313	0.525718	0.628626	0.771434	0.933279	1.09675	1.23354	1.32738	1.37736	1.38256	1.34957	1.28526	1.19401	1.08551	0.961291	0.814154	0.659776	0.520432	0.410995	0.345497	
0.918082	0.736136	0.561358	0.413109	0.324637	0.312824	0.368248	0.497029	0.665294	0.84499	1.02629	1.18914	1.30633	1.37616	1.40171	1.38678	1.34376	1.27254	1.18823	1.09229	0.97916	0.864691	0.760902	0.67027	0.607571	
0.825331	0.616144	0.412113	0.238286	0.131332	0.115206	0.185047	0.336992	0.53331	0.741915	0.947781	1.13772	1.28156	1.36844	1.41221	1.41719	1.39583	1.34265	1.27851	1.20861	1.1306	1.05382	0.983225	0.912747	0.85046	
0.715784	0.471866	0.238319	0.0477823	-0.0750515	-0.0974615	-0.0111084	0.155418	0.374689	0.619098	0.85548	1.06617	1.23248	1.3436	1.40449	1.42647	1.42294	1.39049	1.34633	1.30199	1.25898	1.2128	1.1644	1.10339	1.04084	
0.565476	0.297546	0.040767	-0.164406	-0.298504	-0.321788	-0.229689	-0.0479442	0.190589	0.459036	0.719817	0.957021	1.153	1.28623	1.36948	1.40911	1.42109	1.40722	1.3831	1.35863	1.33826	1.31543	1.28263	1.22759	1.16206	
0.365511	0.0735882	-0.200155	-0.414467	-0.54225	-0.563729	-0.477534	-0.294935	-0.0403048	0.248587	0.537433	0.804387	1.02455	1.18298	1.2944	1.35743	1.38658	1.39304	1.38865	1.37844	1.37148	1.36061	1.33289	1.28707	1.21924	
0.11747	-0.194176	-0.476972	-0.700478	-0.832038	-0.854046	-0.76502	-0.576254	-0.311875	-0.00861443	0.304723	0.593603	0.838798	1.03316	1.17191	1.26007	1.31026	1.33462	1.3471	1.36113	1.36933	1.36525	1.33705	1.28837	1.21675	
-0.166736	-0.497732	-0.79313	-1.02472	-1.1564	-1.179	-1.09024	-0.895895	-0.621162	-0.301238	0.0320441	0.337177	0.600616	0.825752	0.991695	1.10578	1.17962	1.22763	1.26301	1.2949	1.31816	1.32565	1.30427	1.24473	1.15939	
-0.488216	-0.828786	-1.13356	-1.36992	-1.50633	-1.52817	-1.43852	-1.2375	-0.957088	-0.626255	-0.283138	0.0402739	0.324292	0.565163	0.755236	0.898259	0.997547	1.06866	1.13364	1.18525	1.22431	1.24486	1.22927	1.16118	1.05466	
-0.832031	-1.17933	-1.49169	-1.73048	-1.87269	-1.89562	-1.80141	-1.59684	-1.31184	-0.971895	-0.623264	-0.292371	0.00868319	0.270119	0.492656	0.660826	0.785434	0.881104	0.969097	1.04366	1.1045	1.13783	1.12352	1.05725	0.930573	
-1.17933	-1.53049	-1.84683	-2.08933	-2.2348	-2.26136	-2.16	-1.95415	-1.66339	-1.3213	-0.967284	-0.627294	-0.311638	-0.0282111	0.213809	0.406882	0.561199	0.691305	0.797037	0.890294	0.968576	1.01456	1.01494	0.952884	0.811533	
-1.49169	-1.84683	-2.1663	-2.41378	-2.55978	-2.58886	-2.48414	-2.27665	-1.98051	-1.63622	-1.27569	-0.926225	-0.600329	-0.305711	-0.051976	0.164858	0.343826	0.50607	0.63589	0.747434	0.841303	0.903417	0.917802	0.856738	0.715646	
-1.73048	-2.08933	-2.41378	-2.66906	-2.81766	-2.84621	-2.74125	-2.52719	-2.22502	-1.87567	-1.51296	-1.16029	-0.827158	-0.522718	-0.261311	-0.0320441	0.162982	0.346119	0.504731	0.638898	0.752271	0.825658	0.838578	0.775188	0.637589	
-1.87269	-2.2348	-2.55978	-2.81766	-2.97182	-2.99701	-2.89454	-2.6726	-2.37134	-2.0198	-1.6515	-1.29406	-0.957539	-0.652912	-0.391933	-0.162669	0.0501253	0.249556	0.427901	0.576333	0.700103	0.782979	0.792894	0.726245	0.579755	
-1.89562	-2.26136	-2.58886	-2.84621	-2.99701	-3.02065	-2.92245	-2.70148	-2.39933	-2.04431	-1.67366	-1.31602	-0.979815	-0.675229	-0.414307	-0.186289	0.0315083	0.236054	0.417257	0.565062	0.690963	0.776386	0.785401	0.717864	0.56823	
-1.80141	-2.16	-2.48414	-2.74125	-2.89454	-2.92245	-2.81616	-2.59724	-2.29567	-1.94669	-1.58258	-1.22745	-0.891499	-0.586587	-0.32573	-0.0944035	0.107931	0.297265	0.465908	0.607949	0.726653	0.80416	0.815685	0.751041	0.610934	
-1.59684	-1.95415	-2.27665	-2.52719	-2.6726	-2.70148	-2.59724	-2.38827	-2.08919	-1.74183	-1.37975	-1.02969	-0.701302	-0.402037	-0.143118	0.0797281	0.265262	0.43709	0.57852	0.698849	0.800931	0.867933	0.882508	0.82096	0.682907	
-1.31184	-1.66339	-1.98051	-2.22502	-2.37134	-2.39933	-2.29567	-2.08919	-1.7961	-1.45466	-1.09782	-0.752586	-0.431678	-0.14367	0.102813	0.305986	0.471836	0.616808	0.730435	0.830473	0.914597	0.967201	0.975109	0.913567	0.769897	
-0.971895	-1.3213	-1.63622	-1.87567	-2.0198	-2.04431	-1.94669	-1.74183	-1.45466	-1.11263	-0.761968	-0.428419	-0.121041	0.149601	0.382016	0.560396	0.696335	0.804736	0.899458	0.982465	1.05129	1.08922	1.0795	1.0151	0.880799	
-0.623264	-0.967284	-1.27569	-1.51296	-1.6515	-1.67366	-1.58258	-1.37975	-1.09782	-0.761968	-0.417029	-0.090043	0.201281	0.449847	0.653012	0.806096	0.914915	0.994836	1.07089	1.13137	1.17954	1.20448	1.18857	1.12034	1.00596	
-0.292371	-0.627294	-0.926225	-1.16029	-1.29406	-1.31602	-1.22745	-1.02969	-0.752586	-0.428419	-0.090043	0.223845	0.49552	0.726762	0.90212	1.02787	1.11233	1.16983	1.21708	1.2557	1.2841	1.29773	1.27989	1.2158	1.1219	
0.00868319	-0.311638	-0.600329	-0.827158	-0.957539	-0.979815	-0.891499	-0.701302	-0.431678	-0.121041	0.201281	0.49552	0.748537	0.957805	1.10817	1.20568	1.2646	1.29845	1.31833	1.34051	1.3558	1.35503	1.32813	1.27601	1.20057	
0.270119	-0.0282111	-0.305711	-0.522718	-0.652912	-0.675229	-0.586587	-0.402037	-0.14367	0.149601	0.449847	0.726762	0.957805	1.12866	1.25092	1.32485	1.36125	1.37452	1.37697	1.37756	1.37543	1.367	1.33874	1.29403	1.22532	
0.492656	0.213809	-0.051976	-0.261311	-0.391933	-0.414307	-0.32573	-0.143118	0.102813	0.382016	0.653012	0.90212	1.10817	1.25092	1.34572	1.39345	1.41227	1.40699	1.39097	1.37027	1.35686	1.33949	1.31044	1.2588	1.19204	
0.660826	0.406882	0.164858	-0.0320441	-0.162669	-0.186289	-0.0944035	0.0797281	0.305986	0.560396	0.806096	1.02787	1.20568	1.32485	1.39345	1.42245	1.42502	1.39981	1.36435	1.32911	1.2968	1.2609	1.21962	1.16114	1.09815	
0.785434	0.561199	0.343826	0.162982	0.0501253	0.0315083	0.107931	0.265262	0.471836	0.696335	0.914915	1.11233	1.2646	1.36125	1.41227	1.42502	1.41122	1.36582	1.30889	1.2501	1.18694	1.12284	1.06173	0.996151	0.9346	
0.881104	0.691305	0.50607	0.346119	0.249556	0.236054	0.297265	0.43709	0.616808	0.804736	0.994836	1.16983	1.29845	1.37452	1.40699	1.39981	1.36582	1.30223	1.22641	1.14073	1.04054	0.942595	0.853508	0.771451	0.708712	
0.969097	0.797037	0.63589	0.504731	0.427901	0.417257	0.465908	0.57852	0.730435	0.899458	1.07089	1.21708	1.31833	1.37697	1.39097	1.36435	1.30889	1.22641	1.12779	1.01563	0.882844	0.744214	0.618	0.51455	0.450605	
1.04366	0.890294	0.747434	0.638898	0.576333	0.565062	0.607949	0.698849	0.830473	0.982465	1.13137	1.2557	1.34051	1.37756	1.37027	1.32911	1.2501	1.14073	1.01563	0.872791	0.703615	0.526082	0.371512	0.25607	0.185957	
1.1045	0.968576	0.841303	0.752271	0.700103	0.690963	0.726653	0.800931	0.914597	1.05129	1.17954	1.2841	1.3558	1.37543	1.35686	1.2968	1.18694	1.04054	0.882844	0.703615	0.499299	0.295103	0.119012	-0.00770992	-0.08706	
1.13783	1.01456	0.903417	0.825658	0.782979	0.776386	0.80416	0.867933	0.967201	1.08922	1.20448	1.29773	1.35503	1.367	1.33949	1.2609	1.12284	0.942595	0.744214	0.526082	0.295103	0.0679931	-0.124326	-0.266412	-0.345062	
1.12352	1.01494	0.917802	0.838578	0.792894	0.785401	0.815685	0.882508	0.975109	1.0795	1.18857	1.27989	1.32813	1.33874	1.31044	1.21962	1.06173	0.853508	0.618	0.371512	0.119012	-0.124326	-0.331504	-0.480112	-0.556894	
1.05725	0.952884	0.856738	0.775188	0.726245	0.717864	0.751041	0.82096	0.913567	1.0151	1.12034	1.2158	1.27601	1.29403	1.2588	1.16114	0.996151	0.771451	0.51455	0.25607	-0.00770992	-0.266412	-0.480112	-0.629339	-0.701325	
0.930573	0.811533	0.715646	0.637589	0.579755	0.56823	0.610934	0.682907	0.769897	0.880799	1.00596	1.1219	1.20057	1.22532	1.19204	1.09815	0.9346	0.708712	0.450605	0.185957	-0.08706	-0.345062	-0.556894	-0.701325	-0.766305	
