-0.804077	-0.798015	-0.792301	-0.787857	-0.785253	-0.784783	-0.786529	-0.790227	-0.795466	-0.801433	-0.807109	-0.811079	-0.811558	-0.806436	-0.793188	-0.768946	-0.730889	-0.675942	-0.601587	-0.506194	-0.388636	-0.249702	-0.0926226	0.0782404	0.258209	
-0.727687	-0.711511	-0.698443	-0.689167	-0.68399	-0.683181	-0.686697	-0.694455	-0.706073	-0.721096	-0.73862	-0.757646	-0.776594	-0.793537	-0.806205	-0.811531	-0.806315	-0.787157	-0.749947	-0.691751	-0.609798	-0.501181	-0.365409	-0.205082	-0.0250986	
-0.593034	-0.570711	-0.553593	-0.541749	-0.535257	-0.534262	-0.538549	-0.548404	-0.563423	-0.583808	-0.608933	-0.638374	-0.671152	-0.705671	-0.739967	-0.771514	-0.79633	-0.811099	-0.811054	-0.79129	-0.749075	-0.681058	-0.583528	-0.454921	-0.296081	
-0.435753	-0.414126	-0.398185	-0.387337	-0.381587	-0.380558	-0.384357	-0.393059	-0.406951	-0.426252	-0.451544	-0.482711	-0.520041	-0.563069	-0.610254	-0.660494	-0.71041	-0.755701	-0.792515	-0.813452	-0.812417	-0.785832	-0.729779	-0.6412	-0.518962	
-0.30963	-0.29487	-0.284197	-0.277309	-0.273797	-0.272972	-0.275573	-0.280692	-0.290003	-0.302721	-0.320877	-0.344539	-0.374871	-0.412944	-0.458819	-0.511649	-0.571729	-0.63451	-0.697195	-0.754624	-0.797386	-0.817463	-0.80847	-0.764398	-0.682799	
-0.239375	-0.232781	-0.228284	-0.225922	-0.224547	-0.224401	-0.225366	-0.227281	-0.230922	-0.236536	-0.244793	-0.257346	-0.274996	-0.299191	-0.333002	-0.375462	-0.428684	-0.492236	-0.562071	-0.636296	-0.708582	-0.769299	-0.80897	-0.818011	-0.787033	
-0.222089	-0.221493	-0.22195	-0.222202	-0.222231	-0.222704	-0.221998	-0.222587	-0.221494	-0.222468	-0.222565	-0.224939	-0.229794	-0.238252	-0.253055	-0.278085	-0.312799	-0.362588	-0.425851	-0.501051	-0.583841	-0.667487	-0.740928	-0.79527	-0.81766	
-0.234566	-0.234968	-0.235446	-0.234873	-0.235136	-0.234974	-0.234773	-0.235294	-0.234774	-0.234772	-0.234176	-0.232962	-0.231466	-0.231596	-0.230902	-0.23651	-0.248815	-0.272658	-0.312213	-0.371314	-0.448699	-0.53969	-0.634678	-0.719524	-0.785524	
-0.232013	-0.22902	-0.225399	-0.223618	-0.22229	-0.221727	-0.223324	-0.223991	-0.228125	-0.229796	-0.234468	-0.237277	-0.239387	-0.241102	-0.2416	-0.239048	-0.239088	-0.242715	-0.255762	-0.282267	-0.333527	-0.40693	-0.504282	-0.607614	-0.705567	
-0.204481	-0.198614	-0.193702	-0.192081	-0.189151	-0.189828	-0.190741	-0.192504	-0.197304	-0.201513	-0.20849	-0.215711	-0.224768	-0.230799	-0.240116	-0.243898	-0.246097	-0.2437	-0.246032	-0.249636	-0.269514	-0.31188	-0.382058	-0.482353	-0.588808	
-0.172837	-0.168986	-0.167168	-0.164422	-0.164309	-0.1639	-0.164195	-0.166354	-0.167188	-0.17237	-0.175813	-0.183114	-0.19258	-0.202951	-0.215112	-0.228951	-0.241355	-0.248451	-0.249765	-0.249915	-0.246222	-0.262784	-0.297888	-0.372986	-0.474428	
-0.161259	-0.160723	-0.161624	-0.15892	-0.16195	-0.15945	-0.160693	-0.161242	-0.159894	-0.162317	-0.161675	-0.16461	-0.166458	-0.174527	-0.18088	-0.19566	-0.209585	-0.231543	-0.2452	-0.258189	-0.254376	-0.249231	-0.257304	-0.290403	-0.372176	
-0.16855	-0.166509	-0.165881	-0.166052	-0.164827	-0.165449	-0.165129	-0.165621	-0.166844	-0.166291	-0.168295	-0.16796	-0.167746	-0.169013	-0.168944	-0.173942	-0.180976	-0.193202	-0.213991	-0.237787	-0.259155	-0.258001	-0.254138	-0.25601	-0.293931	
-0.160225	-0.157725	-0.153912	-0.154435	-0.15085	-0.152881	-0.152596	-0.153403	-0.157404	-0.15772	-0.163231	-0.165191	-0.16982	-0.171821	-0.174827	-0.172669	-0.177681	-0.17806	-0.185812	-0.202834	-0.233404	-0.25529	-0.258475	-0.251547	-0.2601	
-0.142098	-0.14034	-0.137843	-0.136984	-0.136291	-0.136335	-0.136743	-0.137773	-0.139457	-0.141878	-0.14512	-0.149836	-0.154583	-0.161479	-0.169526	-0.17335	-0.178002	-0.181501	-0.178704	-0.179912	-0.201139	-0.233369	-0.257262	-0.255711	-0.246532	
-0.135532	-0.136529	-0.134645	-0.135854	-0.134573	-0.134977	-0.135112	-0.134249	-0.13577	-0.135284	-0.135935	-0.139099	-0.13996	-0.14348	-0.152446	-0.158214	-0.168347	-0.181696	-0.188805	-0.178504	-0.177832	-0.201535	-0.236165	-0.258919	-0.251489	
-0.138252	-0.139664	-0.136474	-0.136838	-0.137034	-0.135036	-0.1383	-0.136363	-0.138179	-0.140458	-0.138348	-0.141231	-0.143331	-0.139096	-0.144773	-0.147654	-0.146118	-0.158335	-0.181837	-0.191012	-0.179493	-0.182782	-0.209446	-0.242272	-0.253052	
-0.134952	-0.127813	-0.129289	-0.12604	-0.126659	-0.12603	-0.125545	-0.129386	-0.126557	-0.133426	-0.134095	-0.135225	-0.143806	-0.143025	-0.143302	-0.153762	-0.151053	-0.142749	-0.156601	-0.180215	-0.184175	-0.177668	-0.189811	-0.225958	-0.247306	
-0.125634	-0.117576	-0.123392	-0.118831	-0.118952	-0.12183	-0.116495	-0.123297	-0.118354	-0.121745	-0.125465	-0.122784	-0.130494	-0.137021	-0.134603	-0.144579	-0.157415	-0.150713	-0.14507	-0.165824	-0.179161	-0.179488	-0.176725	-0.203077	-0.237127	
-0.124014	-0.121102	-0.126414	-0.120587	-0.122899	-0.124879	-0.119697	-0.126464	-0.122459	-0.123583	-0.125818	-0.126147	-0.120036	-0.134258	-0.127032	-0.130102	-0.144674	-0.157758	-0.145944	-0.154523	-0.170305	-0.176946	-0.174645	-0.188987	-0.221939	
-0.11698	-0.125112	-0.116664	-0.118385	-0.118082	-0.1153	-0.120169	-0.114406	-0.123567	-0.119042	-0.122331	-0.13158	-0.122461	-0.131772	-0.135493	-0.128094	-0.12824	-0.145019	-0.147017	-0.151155	-0.16518	-0.173802	-0.170949	-0.175481	-0.20934	
-0.111636	-0.116978	-0.109016	-0.113147	-0.112822	-0.108654	-0.116056	-0.108456	-0.115114	-0.114021	-0.113143	-0.119241	-0.120931	-0.121926	-0.131631	-0.136106	-0.135432	-0.140838	-0.140449	-0.141367	-0.158541	-0.170449	-0.172421	-0.169984	-0.194025	
-0.115471	-0.116944	-0.112763	-0.115829	-0.113651	-0.113256	-0.115687	-0.112663	-0.116476	-0.114819	-0.116531	-0.11703	-0.118439	-0.117612	-0.123442	-0.12303	-0.128832	-0.141158	-0.145097	-0.139469	-0.150756	-0.166558	-0.170538	-0.164608	-0.184144	
-0.114106	-0.114117	-0.110591	-0.111509	-0.110787	-0.109391	-0.11228	-0.110051	-0.11319	-0.114324	-0.114379	-0.118823	-0.120051	-0.119274	-0.125967	-0.126	-0.122354	-0.132975	-0.142831	-0.137671	-0.14596	-0.160121	-0.171746	-0.165074	-0.174575	
-0.108979	-0.110124	-0.104824	-0.108498	-0.106744	-0.104838	-0.109436	-0.104416	-0.109086	-0.108499	-0.109297	-0.110987	-0.118353	-0.112642	-0.124793	-0.127639	-0.125669	-0.126454	-0.140737	-0.137165	-0.142821	-0.156987	-0.167763	-0.16298	-0.17008	
-0.115316	-0.108862	-0.111024	-0.110736	-0.108794	-0.111143	-0.108585	-0.112438	-0.109084	-0.112753	-0.113366	-0.109332	-0.117292	-0.111893	-0.115037	-0.120897	-0.12563	-0.130132	-0.139012	-0.135815	-0.138265	-0.152345	-0.167958	-0.163649	-0.164961	
-0.108862	-0.107839	-0.104758	-0.106465	-0.103669	-0.105058	-0.104851	-0.104855	-0.106808	-0.107533	-0.109793	-0.111898	-0.117372	-0.115006	-0.122616	-0.12336	-0.11848	-0.121026	-0.137543	-0.137144	-0.138107	-0.149169	-0.165808	-0.163301	-0.161984	
-0.111024	-0.104758	-0.107161	-0.106583	-0.105443	-0.107159	-0.105061	-0.108655	-0.10493	-0.108938	-0.109073	-0.105037	-0.114604	-0.109376	-0.113473	-0.122439	-0.126561	-0.124371	-0.135911	-0.135011	-0.135687	-0.146554	-0.162834	-0.164368	-0.161683	
-0.110736	-0.106465	-0.106583	-0.107233	-0.10389	-0.107274	-0.104051	-0.107236	-0.106201	-0.107789	-0.110556	-0.108948	-0.115797	-0.112614	-0.116417	-0.119718	-0.119883	-0.120856	-0.133996	-0.136506	-0.135262	-0.145926	-0.163827	-0.162745	-0.158689	
-0.108794	-0.103669	-0.105443	-0.10389	-0.103132	-0.104902	-0.102541	-0.106351	-0.103839	-0.107144	-0.108522	-0.10722	-0.114015	-0.1128	-0.116045	-0.121212	-0.121632	-0.120975	-0.135352	-0.135531	-0.13505	-0.143568	-0.160906	-0.16466	-0.160098	
-0.111143	-0.105058	-0.107159	-0.107274	-0.104902	-0.107483	-0.10468	-0.107929	-0.105124	-0.107867	-0.109019	-0.105075	-0.114313	-0.108566	-0.112324	-0.120706	-0.124882	-0.121627	-0.132619	-0.135271	-0.134292	-0.145202	-0.162019	-0.163227	-0.159031	
-0.108585	-0.104851	-0.105061	-0.104051	-0.102541	-0.10468	-0.102506	-0.105462	-0.105148	-0.106802	-0.109815	-0.110106	-0.115225	-0.11546	-0.119164	-0.120164	-0.117868	-0.119669	-0.135515	-0.136681	-0.135539	-0.144521	-0.162544	-0.163678	-0.159188	
-0.112438	-0.104855	-0.108655	-0.107236	-0.106351	-0.107929	-0.105462	-0.109276	-0.105134	-0.109108	-0.109437	-0.104742	-0.11448	-0.108404	-0.111734	-0.121008	-0.126819	-0.124143	-0.135375	-0.134828	-0.134773	-0.146465	-0.161879	-0.164104	-0.161654	
-0.109084	-0.106808	-0.10493	-0.106201	-0.103839	-0.105124	-0.105148	-0.105134	-0.106733	-0.107715	-0.109419	-0.110587	-0.116833	-0.113983	-0.120953	-0.123457	-0.120037	-0.120877	-0.135775	-0.136542	-0.137579	-0.148606	-0.16616	-0.163423	-0.160186	
-0.112753	-0.107533	-0.108938	-0.107789	-0.107144	-0.107867	-0.106802	-0.109108	-0.107715	-0.110023	-0.111982	-0.10973	-0.11649	-0.112942	-0.11783	-0.1212	-0.123323	-0.126497	-0.140361	-0.136596	-0.137805	-0.150722	-0.164725	-0.163583	-0.165628	
-0.113366	-0.109793	-0.109073	-0.110556	-0.108522	-0.109019	-0.109815	-0.109437	-0.109419	-0.111982	-0.111164	-0.110581	-0.118394	-0.112385	-0.118804	-0.124446	-0.126153	-0.128893	-0.138859	-0.135469	-0.140827	-0.155353	-0.169317	-0.163851	-0.16664	
-0.109332	-0.111898	-0.105037	-0.108948	-0.10722	-0.105075	-0.110106	-0.104742	-0.110587	-0.10973	-0.110581	-0.115486	-0.118704	-0.116074	-0.128408	-0.12928	-0.123246	-0.128392	-0.141831	-0.13817	-0.145449	-0.158313	-0.169599	-0.164117	-0.172531	
-0.117292	-0.117372	-0.114604	-0.115797	-0.114015	-0.114313	-0.115225	-0.11448	-0.116833	-0.11649	-0.118394	-0.118704	-0.119701	-0.11962	-0.122398	-0.120085	-0.124777	-0.139685	-0.144815	-0.139758	-0.147501	-0.16413	-0.171744	-0.163175	-0.180449	
-0.111893	-0.115006	-0.109376	-0.112614	-0.1128	-0.108566	-0.11546	-0.108404	-0.113983	-0.112942	-0.112385	-0.116074	-0.11962	-0.117901	-0.128715	-0.133531	-0.136138	-0.140281	-0.142072	-0.138923	-0.154613	-0.169227	-0.171033	-0.169309	-0.190603	
-0.115037	-0.122616	-0.113473	-0.116417	-0.116045	-0.112324	-0.119164	-0.111734	-0.120953	-0.11783	-0.118804	-0.128408	-0.122398	-0.128715	-0.134998	-0.131106	-0.128601	-0.14193	-0.143828	-0.147762	-0.163698	-0.173361	-0.172447	-0.171194	-0.201267	
-0.120897	-0.12336	-0.122439	-0.119718	-0.121212	-0.120706	-0.120164	-0.121008	-0.123457	-0.1212	-0.124446	-0.12928	-0.120085	-0.133531	-0.131106	-0.127937	-0.136943	-0.153811	-0.147982	-0.153241	-0.167483	-0.174867	-0.171607	-0.18338	-0.218464	
-0.12563	-0.11848	-0.126561	-0.119883	-0.121632	-0.124882	-0.117868	-0.126819	-0.120037	-0.123323	-0.126153	-0.123246	-0.124777	-0.136138	-0.128601	-0.136943	-0.154294	-0.156281	-0.143707	-0.160141	-0.175378	-0.179337	-0.176476	-0.196509	-0.230873	
-0.130132	-0.121026	-0.124371	-0.120856	-0.120975	-0.121627	-0.119669	-0.124143	-0.120877	-0.126497	-0.128893	-0.128392	-0.139685	-0.140281	-0.14193	-0.153811	-0.156281	-0.142725	-0.149542	-0.174636	-0.18305	-0.178568	-0.182554	-0.217126	-0.244766	
-0.139012	-0.137543	-0.135911	-0.133996	-0.135352	-0.132619	-0.135515	-0.135375	-0.135775	-0.140361	-0.138859	-0.141831	-0.144815	-0.142072	-0.143828	-0.147982	-0.143707	-0.149542	-0.172678	-0.189218	-0.182574	-0.179476	-0.201378	-0.235617	-0.250072	
-0.135815	-0.137144	-0.135011	-0.136506	-0.135531	-0.135271	-0.136681	-0.134828	-0.136542	-0.136596	-0.135469	-0.13817	-0.139758	-0.138923	-0.147762	-0.153241	-0.160141	-0.174636	-0.189218	-0.184769	-0.175466	-0.19174	-0.224197	-0.253205	-0.254614	
-0.138265	-0.138107	-0.135687	-0.135262	-0.13505	-0.134292	-0.135539	-0.134773	-0.137579	-0.137805	-0.140827	-0.145449	-0.147501	-0.154613	-0.163698	-0.167483	-0.175378	-0.18305	-0.182574	-0.175466	-0.189073	-0.220797	-0.25143	-0.259599	-0.246865	
-0.152345	-0.149169	-0.146554	-0.145926	-0.143568	-0.145202	-0.144521	-0.146465	-0.148606	-0.150722	-0.155353	-0.158313	-0.16413	-0.169227	-0.173361	-0.174867	-0.179337	-0.178568	-0.179476	-0.19174	-0.220797	-0.249075	-0.259647	-0.251874	-0.252746	
-0.167958	-0.165808	-0.162834	-0.163827	-0.160906	-0.162019	-0.162544	-0.161879	-0.16616	-0.164725	-0.169317	-0.169599	-0.171744	-0.171033	-0.172447	-0.171607	-0.176476	-0.182554	-0.201378	-0.224197	-0.25143	-0.259647	-0.255621	-0.252654	-0.276094	
-0.163649	-0.163301	-0.164368	-0.162745	-0.16466	-0.163227	-0.163678	-0.164104	-0.163423	-0.163583	-0.163851	-0.164117	-0.163175	-0.169309	-0.171194	-0.18338	-0.196509	-0.217126	-0.235617	-0.253205	-0.259599	-0.251874	-0.252654	-0.270703	-0.335445	
-0.164961	-0.161984	-0.161683	-0.158689	-0.160098	-0.159031	-0.159188	-0.161654	-0.160186	-0.165628	-0.16664	-0.172531	-0.180449	-0.190603	-0.201267	-0.218464	-0.230873	-0.244766	-0.250072	-0.254614	-0.246865	-0.252746	-0.276094	-0.335445	-0.432605	
