-0.41375	-0.446775	-0.478694	-0.515302	-0.538453	-0.541636	-0.527288	-0.493365	-0.458297	-0.428416	-0.389522	-0.344198	-0.287665	-0.251079	-0.225242	-0.193159	-0.156508	-0.111134	-0.0708581	-0.0382343	0.00124979	0.0433913	0.0803073	0.100321	0.0849782	
-0.51224	-0.55234	-0.595769	-0.650027	-0.687665	-0.694203	-0.668773	-0.617094	-0.568485	-0.528106	-0.488892	-0.447243	-0.396339	-0.361044	-0.337653	-0.300846	-0.260477	-0.219119	-0.179918	-0.141746	-0.0894344	-0.0326055	0.0180829	0.0446286	0.0350331	
-0.583125	-0.631128	-0.679921	-0.738849	-0.781856	-0.789213	-0.760194	-0.702606	-0.649454	-0.603364	-0.550814	-0.503333	-0.454178	-0.417496	-0.389677	-0.349164	-0.302877	-0.260125	-0.221759	-0.180183	-0.124174	-0.0633966	-0.0113911	0.019554	0.0118801	
-0.591258	-0.649805	-0.698825	-0.750092	-0.792664	-0.799739	-0.770787	-0.71875	-0.670263	-0.61582	-0.554375	-0.498539	-0.452126	-0.414512	-0.378422	-0.33303	-0.276712	-0.22612	-0.187096	-0.152366	-0.103597	-0.0535447	-0.00730902	0.0197516	0.0109871	
-0.527057	-0.587839	-0.633517	-0.672803	-0.70614	-0.712462	-0.688402	-0.648899	-0.608002	-0.552005	-0.490266	-0.43049	-0.386388	-0.349517	-0.310217	-0.263222	-0.20324	-0.14086	-0.0941156	-0.0660592	-0.0314368	0.00996633	0.0475111	0.064159	0.0529898	
-0.404696	-0.453969	-0.489322	-0.516236	-0.5386	-0.543034	-0.526265	-0.500586	-0.469435	-0.42565	-0.373197	-0.317484	-0.268997	-0.22529	-0.184484	-0.142492	-0.0867649	-0.0226695	0.0272371	0.0589885	0.0885762	0.127381	0.16266	0.175254	0.157041	
-0.235177	-0.2632	-0.284401	-0.300947	-0.311911	-0.31491	-0.3055	-0.292257	-0.271661	-0.248359	-0.210736	-0.161435	-0.107139	-0.059685	-0.0211801	0.0141601	0.0578146	0.113302	0.161615	0.200749	0.23398	0.271933	0.308832	0.32577	0.305276	
-0.0210642	-0.0341207	-0.0446923	-0.0555996	-0.0636256	-0.0652843	-0.0593118	-0.0492864	-0.0379856	-0.0274023	-0.00518692	0.0342482	0.083214	0.120474	0.151847	0.180214	0.214709	0.252866	0.296787	0.335429	0.375159	0.414593	0.451395	0.474289	0.464159	
0.198947	0.18979	0.185315	0.177337	0.172197	0.171504	0.17395	0.18259	0.188059	0.193636	0.213129	0.248207	0.282295	0.304749	0.319614	0.337759	0.36287	0.388515	0.426121	0.468514	0.512071	0.552846	0.594465	0.618858	0.61208	
0.398899	0.386012	0.380227	0.372385	0.365602	0.365176	0.368498	0.377979	0.383367	0.393016	0.411432	0.439867	0.460541	0.466811	0.468379	0.479785	0.496653	0.519075	0.55633	0.59825	0.637327	0.682427	0.727368	0.751951	0.739001	
0.559407	0.550262	0.542249	0.531662	0.526737	0.526242	0.529255	0.537744	0.547796	0.554842	0.569552	0.588751	0.597243	0.593138	0.586509	0.58642	0.59878	0.627968	0.668176	0.709045	0.740521	0.777224	0.820295	0.844437	0.82389	
0.678643	0.67941	0.673098	0.665222	0.660433	0.660338	0.662849	0.669346	0.677535	0.6791	0.679615	0.682817	0.683284	0.672975	0.661729	0.658162	0.670157	0.704453	0.749335	0.788068	0.814689	0.84766	0.881303	0.894597	0.865472	
0.756965	0.773877	0.781166	0.780219	0.778749	0.779031	0.779663	0.780538	0.77817	0.764811	0.74471	0.727667	0.712746	0.694592	0.681999	0.684174	0.702596	0.744057	0.79215	0.830637	0.86182	0.891582	0.911178	0.903432	0.860372	
0.79139	0.834491	0.867844	0.88295	0.891623	0.893312	0.886871	0.875333	0.850245	0.808967	0.767118	0.728376	0.689614	0.658667	0.648286	0.65967	0.688265	0.73846	0.788984	0.829992	0.869661	0.901084	0.90842	0.881471	0.824468	
0.786044	0.855028	0.917346	0.958538	0.977011	0.979944	0.967926	0.936568	0.882018	0.813778	0.747457	0.685608	0.626226	0.579325	0.566871	0.588037	0.628221	0.68513	0.747511	0.796699	0.842764	0.876963	0.883591	0.849763	0.785517	
0.754151	0.847201	0.93237	0.990226	1.02184	1.02801	1.00563	0.96	0.883192	0.791941	0.699439	0.614761	0.531562	0.471093	0.452472	0.477097	0.52871	0.600352	0.680061	0.743318	0.796971	0.837106	0.85036	0.820831	0.758063	
0.709007	0.823706	0.922568	0.997238	1.04178	1.05105	1.01872	0.955799	0.865549	0.755778	0.639955	0.531207	0.431872	0.359583	0.331476	0.346461	0.404118	0.490316	0.588329	0.676477	0.74637	0.794505	0.812419	0.788167	0.721276	
0.659399	0.792377	0.901737	0.989579	1.04357	1.05302	1.01642	0.939242	0.839297	0.714211	0.57789	0.448068	0.339755	0.261349	0.225347	0.234008	0.28706	0.377024	0.485616	0.59457	0.682679	0.744726	0.768269	0.744544	0.679223	
0.600251	0.744964	0.865349	0.957833	1.01157	1.02129	0.984023	0.905709	0.796762	0.659504	0.512299	0.374208	0.263442	0.184312	0.14629	0.149683	0.196993	0.277509	0.387895	0.508871	0.614432	0.688672	0.71819	0.700044	0.64133	
0.519427	0.663335	0.788889	0.881769	0.929684	0.938005	0.905868	0.830571	0.717177	0.577354	0.435288	0.307249	0.20833	0.134451	0.0973138	0.0984286	0.138473	0.211451	0.316294	0.444106	0.564374	0.647581	0.686041	0.67825	0.621696	
0.427136	0.559688	0.679255	0.76321	0.807222	0.814538	0.785747	0.717742	0.61065	0.480078	0.350857	0.237788	0.15513	0.0980553	0.0706472	0.0813314	0.119425	0.187679	0.286318	0.406966	0.530093	0.62498	0.675577	0.67418	0.619991	
0.320834	0.430892	0.535982	0.614539	0.662913	0.671872	0.638032	0.571498	0.47408	0.364469	0.256638	0.163795	0.106085	0.0798339	0.0760482	0.0997716	0.141114	0.20664	0.300478	0.410717	0.527266	0.623007	0.679768	0.683041	0.627252	
0.21246	0.293014	0.373211	0.438956	0.484607	0.494688	0.459569	0.402182	0.324732	0.245295	0.163688	0.0990377	0.069711	0.0805238	0.113501	0.156729	0.204913	0.271078	0.359477	0.460186	0.566261	0.651522	0.699524	0.697556	0.636408	
0.111387	0.156606	0.203765	0.244672	0.273354	0.278434	0.258531	0.221017	0.175604	0.129269	0.0867807	0.0618292	0.0687737	0.112046	0.173931	0.239376	0.299656	0.369436	0.452874	0.544584	0.631673	0.696426	0.723516	0.704824	0.636446	
0.0118998	0.0107253	0.0162447	0.0201168	0.0225136	0.0219787	0.0214949	0.0181736	0.0127329	0.00968992	0.0214474	0.055432	0.107044	0.182505	0.268964	0.351249	0.426653	0.497109	0.566527	0.638527	0.702118	0.745623	0.749295	0.707651	0.626045	
-0.0751992	-0.143537	-0.199728	-0.235528	-0.26125	-0.266261	-0.246751	-0.216289	-0.167642	-0.104745	-0.025042	0.0714461	0.17185	0.276152	0.386738	0.482935	0.570868	0.638476	0.689415	0.736892	0.775531	0.793774	0.775873	0.715788	0.611817	
-0.143537	-0.292936	-0.421948	-0.505329	-0.549408	-0.557769	-0.526206	-0.461491	-0.348274	-0.205136	-0.0504612	0.0999702	0.238708	0.375704	0.510759	0.624473	0.715902	0.776823	0.811534	0.839586	0.853994	0.847561	0.803256	0.720418	0.60655	
-0.199728	-0.421948	-0.612212	-0.734966	-0.791329	-0.801752	-0.763668	-0.670835	-0.504319	-0.290266	-0.0671309	0.13216	0.305424	0.472098	0.62523	0.748864	0.83915	0.890841	0.914627	0.930678	0.92726	0.892042	0.819153	0.718411	0.598584	
-0.235528	-0.505329	-0.734966	-0.887985	-0.968203	-0.981432	-0.928348	-0.805449	-0.605241	-0.344234	-0.0786265	0.158617	0.363908	0.546572	0.70751	0.838798	0.932789	0.98127	0.9954	0.995611	0.975752	0.918115	0.822596	0.712729	0.587908	
-0.26125	-0.549408	-0.791329	-0.968203	-1.06451	-1.08145	-1.01639	-0.87065	-0.653808	-0.378608	-0.0882868	0.178473	0.404047	0.596293	0.751985	0.885089	0.984169	1.03693	1.04485	1.03187	0.999468	0.930491	0.82554	0.708242	0.583365	
-0.266261	-0.557769	-0.801752	-0.981432	-1.08145	-1.10008	-1.03092	-0.881691	-0.663162	-0.385291	-0.0902965	0.181005	0.412538	0.606536	0.759288	0.892803	0.993557	1.04686	1.05424	1.03973	1.00353	0.932413	0.826416	0.708382	0.583283	
-0.246751	-0.526206	-0.763668	-0.928348	-1.01639	-1.03092	-0.972752	-0.838495	-0.6293	-0.359587	-0.0828172	0.168205	0.382202	0.569571	0.730081	0.86214	0.958075	1.00839	1.01942	1.01311	0.987549	0.924063	0.823916	0.710688	0.585507	
-0.216289	-0.461491	-0.670835	-0.805449	-0.87065	-0.881691	-0.838495	-0.734542	-0.552241	-0.315531	-0.0721046	0.143449	0.330842	0.505405	0.663235	0.7895	0.880746	0.929469	0.949923	0.960602	0.950514	0.904324	0.820809	0.715583	0.593816	
-0.167642	-0.348274	-0.504319	-0.605241	-0.653808	-0.663162	-0.6293	-0.552241	-0.415278	-0.241534	-0.0575003	0.11306	0.264941	0.414954	0.558772	0.677852	0.769052	0.8259	0.855409	0.8782	0.885061	0.867554	0.811707	0.720252	0.604254	
-0.104745	-0.205136	-0.290266	-0.344234	-0.378608	-0.385291	-0.359587	-0.315531	-0.241534	-0.14703	-0.0372619	0.0819088	0.199114	0.31594	0.436366	0.539422	0.629927	0.695308	0.739375	0.778464	0.807444	0.815555	0.787423	0.719048	0.60874	
-0.025042	-0.0504612	-0.0671309	-0.0786265	-0.0882868	-0.0902965	-0.0828172	-0.0721046	-0.0575003	-0.0372619	0.000571981	0.0595085	0.131241	0.218237	0.314472	0.402316	0.483181	0.552726	0.61525	0.676789	0.73004	0.764404	0.759044	0.71033	0.619751	
0.0714461	0.0999702	0.13216	0.158617	0.178473	0.181005	0.168205	0.143449	0.11306	0.0819088	0.0595085	0.0562362	0.0794125	0.136335	0.208102	0.280539	0.346678	0.417559	0.496967	0.581705	0.660301	0.7154	0.733185	0.70599	0.633108	
0.17185	0.238708	0.305424	0.363908	0.404047	0.412538	0.382202	0.330842	0.264941	0.199114	0.131241	0.0794125	0.06452	0.0885461	0.134761	0.187356	0.239373	0.306349	0.393328	0.491422	0.590609	0.66912	0.708766	0.701577	0.637906	
0.276152	0.375704	0.472098	0.546572	0.596293	0.606536	0.569571	0.505405	0.414954	0.31594	0.218237	0.136335	0.0885461	0.0771224	0.0882696	0.11841	0.161877	0.227417	0.318858	0.424768	0.538631	0.631121	0.686234	0.689005	0.631632	
0.386738	0.510759	0.62523	0.70751	0.751985	0.759288	0.730081	0.663235	0.558772	0.436366	0.314472	0.208102	0.134761	0.0882696	0.0683948	0.084051	0.12376	0.189918	0.286924	0.402994	0.524446	0.620465	0.675241	0.6765	0.622061	
0.482935	0.624473	0.748864	0.838798	0.885089	0.892803	0.86214	0.7895	0.677852	0.539422	0.402316	0.280539	0.187356	0.11841	0.084051	0.0873104	0.125202	0.196693	0.298644	0.425188	0.547571	0.636584	0.680236	0.675303	0.619463	
0.570868	0.715902	0.83915	0.932789	0.984169	0.993557	0.958075	0.880746	0.769052	0.629927	0.483181	0.346678	0.239373	0.161877	0.12376	0.125202	0.17006	0.246713	0.355531	0.479971	0.592491	0.669776	0.70195	0.688598	0.630932	
0.638476	0.776823	0.890841	0.98127	1.03693	1.04686	1.00839	0.929469	0.8259	0.695308	0.552726	0.417559	0.306349	0.227417	0.189918	0.196693	0.246713	0.333679	0.444353	0.558558	0.654406	0.721952	0.747709	0.725011	0.662252	
0.689415	0.811534	0.914627	0.9954	1.04485	1.05424	1.01942	0.949923	0.855409	0.739375	0.61525	0.496967	0.393328	0.318858	0.286924	0.298644	0.355531	0.444353	0.547944	0.645967	0.723444	0.776153	0.795698	0.77183	0.704915	
0.736892	0.839586	0.930678	0.995611	1.03187	1.03973	1.01311	0.960602	0.8782	0.778464	0.676789	0.581705	0.491422	0.424768	0.402994	0.425188	0.479971	0.558558	0.645967	0.718505	0.77669	0.82022	0.835543	0.809813	0.745403	
0.775531	0.853994	0.92726	0.975752	0.999468	1.00353	0.987549	0.950514	0.885061	0.807444	0.73004	0.660301	0.590609	0.538631	0.524446	0.547571	0.592491	0.654406	0.723444	0.77669	0.826591	0.861477	0.870977	0.837591	0.773464	
0.793774	0.847561	0.892042	0.918115	0.930491	0.932413	0.924063	0.904324	0.867554	0.815555	0.764404	0.7154	0.66912	0.631121	0.620465	0.636584	0.669776	0.721952	0.776153	0.82022	0.861477	0.89467	0.900435	0.868471	0.807837	
0.775873	0.803256	0.819153	0.822596	0.82554	0.826416	0.823916	0.820809	0.811707	0.787423	0.759044	0.733185	0.708766	0.686234	0.675241	0.680236	0.70195	0.747709	0.795698	0.835543	0.870977	0.900435	0.913522	0.897157	0.847977	
0.715788	0.720418	0.718411	0.712729	0.708242	0.708382	0.710688	0.715583	0.720252	0.719048	0.71033	0.70599	0.701577	0.689005	0.6765	0.675303	0.688598	0.725011	0.77183	0.809813	0.837591	0.868471	0.897157	0.902834	0.869003	
0.611817	0.60655	0.598584	0.587908	0.583365	0.583283	0.585507	0.593816	0.604254	0.60874	0.619751	0.633108	0.637906	0.631632	0.622061	0.619463	0.630932	0.662252	0.704915	0.745403	0.773464	0.807837	0.847977	0.869003	0.845695	
