0.439994	0.377696	0.339129	0.309441	0.286687	0.279715	0.30036	0.326002	0.360251	0.412548	0.480378	0.540029	0.593545	0.642284	0.67955	0.694235	0.687862	0.659699	0.621087	0.582736	0.539847	0.482909	0.431104	0.38896	0.353335	
0.219075	0.132807	0.0680284	0.0260084	0.00374168	-0.000287614	0.0148825	0.0487615	0.10414	0.182081	0.278509	0.380053	0.481773	0.578035	0.654427	0.700163	0.714669	0.699059	0.659659	0.617662	0.559434	0.480359	0.403256	0.349508	0.297424	
0.0234646	-0.0807476	-0.169989	-0.227686	-0.252978	-0.255145	-0.24221	-0.196523	-0.119172	-0.0200404	0.0955242	0.224985	0.358005	0.484269	0.589068	0.659517	0.697285	0.701793	0.674475	0.630227	0.563353	0.470261	0.377147	0.308801	0.242815	
-0.133812	-0.249851	-0.356089	-0.431481	-0.464529	-0.468204	-0.450007	-0.390805	-0.294128	-0.181805	-0.0557039	0.0849494	0.230027	0.367122	0.489359	0.579858	0.641655	0.671157	0.666641	0.626604	0.559187	0.464128	0.370314	0.293903	0.222803	
-0.257725	-0.376639	-0.486577	-0.57214	-0.615173	-0.620974	-0.594966	-0.524888	-0.422197	-0.306217	-0.180197	-0.039294	0.0999814	0.235613	0.361189	0.468628	0.547645	0.602792	0.621053	0.598508	0.541768	0.465979	0.385873	0.310618	0.242144	
-0.360823	-0.471024	-0.568476	-0.64896	-0.695708	-0.703246	-0.672223	-0.603836	-0.511461	-0.406524	-0.287097	-0.155983	-0.0289	0.0935935	0.213636	0.325362	0.416405	0.48783	0.530142	0.536136	0.508153	0.469482	0.419623	0.35422	0.284097	
-0.440255	-0.530239	-0.602946	-0.662219	-0.70155	-0.70773	-0.681297	-0.628346	-0.561458	-0.478574	-0.37522	-0.259644	-0.150138	-0.0456636	0.0586965	0.164896	0.260075	0.341818	0.40595	0.451824	0.467858	0.471086	0.455351	0.409665	0.339012	
-0.480514	-0.542159	-0.585276	-0.617115	-0.638014	-0.640622	-0.627551	-0.598842	-0.561798	-0.507753	-0.431605	-0.34055	-0.253513	-0.170339	-0.084779	0.0103046	0.108406	0.197351	0.281021	0.363399	0.430525	0.470121	0.479648	0.451745	0.394934	
-0.492678	-0.51978	-0.536769	-0.545093	-0.543938	-0.542418	-0.545581	-0.5411	-0.527692	-0.505376	-0.467589	-0.412912	-0.353937	-0.291428	-0.220849	-0.132636	-0.0329109	0.066596	0.164116	0.272399	0.375448	0.448713	0.478691	0.470429	0.438102	
-0.487089	-0.477645	-0.473877	-0.466056	-0.448269	-0.442498	-0.459806	-0.471709	-0.475763	-0.48292	-0.490512	-0.4779	-0.450543	-0.405249	-0.342286	-0.255655	-0.156927	-0.0519157	0.0560008	0.174901	0.293233	0.387615	0.441625	0.461145	0.461269	
-0.468846	-0.427409	-0.404067	-0.384736	-0.357328	-0.350176	-0.373669	-0.397617	-0.415614	-0.450588	-0.494893	-0.520693	-0.519561	-0.491998	-0.434312	-0.352644	-0.261344	-0.161443	-0.0505041	0.0684903	0.184379	0.288581	0.363161	0.413747	0.450041	
-0.443127	-0.381928	-0.33946	-0.307526	-0.277684	-0.270038	-0.294868	-0.326672	-0.362836	-0.416461	-0.480843	-0.524958	-0.543869	-0.533629	-0.492754	-0.425001	-0.350341	-0.262342	-0.154697	-0.0423401	0.0614739	0.164429	0.259017	0.335981	0.405213	
-0.410805	-0.346429	-0.290112	-0.247963	-0.219477	-0.213818	-0.234557	-0.272091	-0.322276	-0.384869	-0.446238	-0.491207	-0.518441	-0.529712	-0.515165	-0.474087	-0.417765	-0.345881	-0.248022	-0.144547	-0.0538789	0.0409692	0.147769	0.251924	0.348971	
-0.368437	-0.313612	-0.256912	-0.214584	-0.192117	-0.188567	-0.20341	-0.237584	-0.290035	-0.347393	-0.396861	-0.43272	-0.464686	-0.49373	-0.512298	-0.502236	-0.467442	-0.412391	-0.338431	-0.251652	-0.16566	-0.073422	0.0355679	0.155085	0.276912	
-0.31824	-0.277833	-0.238206	-0.210886	-0.198104	-0.19625	-0.204205	-0.225236	-0.260685	-0.302652	-0.340215	-0.372097	-0.40537	-0.446916	-0.488388	-0.510737	-0.500226	-0.466972	-0.420965	-0.362131	-0.278778	-0.17437	-0.0634128	0.0531216	0.178819	
-0.262535	-0.239063	-0.227435	-0.224789	-0.220931	-0.219994	-0.222694	-0.226166	-0.23269	-0.251879	-0.281353	-0.313164	-0.349354	-0.395342	-0.447374	-0.489564	-0.510116	-0.504069	-0.481252	-0.443649	-0.372648	-0.263998	-0.149214	-0.043682	0.0690591	
-0.210546	-0.204971	-0.220965	-0.236991	-0.238378	-0.236881	-0.238406	-0.22895	-0.209969	-0.20527	-0.224247	-0.255046	-0.293409	-0.344256	-0.397478	-0.445391	-0.486759	-0.514452	-0.512371	-0.486337	-0.431529	-0.344556	-0.244135	-0.14792	-0.0469599	
-0.181241	-0.193845	-0.222718	-0.244536	-0.246568	-0.246292	-0.246593	-0.234372	-0.204479	-0.183252	-0.187135	-0.211664	-0.249648	-0.302064	-0.354623	-0.397205	-0.442527	-0.490876	-0.516589	-0.507504	-0.470896	-0.413034	-0.340922	-0.258556	-0.16036	
-0.178704	-0.19863	-0.223604	-0.239415	-0.245267	-0.246339	-0.243294	-0.231734	-0.208762	-0.184662	-0.176589	-0.190414	-0.220592	-0.263386	-0.307361	-0.346584	-0.388558	-0.442002	-0.487803	-0.510417	-0.500481	-0.466309	-0.416069	-0.350033	-0.26266	
-0.196122	-0.208155	-0.215599	-0.22479	-0.2354	-0.239292	-0.229244	-0.21942	-0.210836	-0.201101	-0.19184	-0.193781	-0.20476	-0.22494	-0.253281	-0.292346	-0.340636	-0.393157	-0.443881	-0.488378	-0.510718	-0.501183	-0.469264	-0.421042	-0.350555	
-0.219781	-0.213518	-0.205253	-0.207049	-0.21738	-0.220385	-0.210682	-0.204443	-0.209633	-0.218354	-0.219472	-0.210298	-0.195338	-0.190559	-0.206235	-0.246731	-0.300964	-0.354504	-0.399363	-0.448231	-0.490173	-0.510676	-0.507633	-0.4846	-0.433377	
-0.231094	-0.217313	-0.203235	-0.1958	-0.19178	-0.191815	-0.192782	-0.199887	-0.210882	-0.226715	-0.234713	-0.22172	-0.189486	-0.170347	-0.181034	-0.216935	-0.262897	-0.307799	-0.348263	-0.39483	-0.445452	-0.488886	-0.519864	-0.528451	-0.496938	
-0.225832	-0.221283	-0.211984	-0.192469	-0.171361	-0.167157	-0.182697	-0.205494	-0.218434	-0.224288	-0.227274	-0.219036	-0.194888	-0.179065	-0.184148	-0.203524	-0.226311	-0.256189	-0.293378	-0.343902	-0.398838	-0.455359	-0.508336	-0.541967	-0.530866	
-0.211452	-0.220312	-0.21516	-0.192699	-0.169153	-0.165316	-0.181709	-0.208049	-0.220173	-0.215592	-0.208114	-0.208825	-0.209593	-0.210342	-0.206791	-0.199496	-0.19693	-0.212756	-0.249149	-0.302584	-0.361354	-0.421288	-0.482338	-0.527705	-0.533186	
-0.195352	-0.202022	-0.197904	-0.187793	-0.183025	-0.183426	-0.184683	-0.193912	-0.201569	-0.198953	-0.193325	-0.201471	-0.218908	-0.233291	-0.226158	-0.201903	-0.180888	-0.185903	-0.2169	-0.270644	-0.329906	-0.389338	-0.446033	-0.490888	-0.508789	
-0.181662	-0.175198	-0.17379	-0.183928	-0.200533	-0.205389	-0.190203	-0.176432	-0.173412	-0.178918	-0.188987	-0.205028	-0.220043	-0.230786	-0.226425	-0.206294	-0.183552	-0.176936	-0.195177	-0.240155	-0.296558	-0.349194	-0.394508	-0.431243	-0.459121	
-0.175198	-0.162487	-0.168649	-0.188762	-0.209235	-0.214551	-0.197581	-0.176117	-0.162503	-0.167911	-0.190405	-0.215526	-0.222318	-0.219276	-0.214592	-0.210979	-0.202428	-0.195177	-0.197508	-0.223699	-0.262115	-0.300212	-0.333232	-0.367164	-0.407757	
-0.17379	-0.168649	-0.178473	-0.190418	-0.198133	-0.200468	-0.194312	-0.184179	-0.171225	-0.168802	-0.186611	-0.211037	-0.215586	-0.206495	-0.202411	-0.210698	-0.221194	-0.224426	-0.221259	-0.22381	-0.232928	-0.247919	-0.274957	-0.318073	-0.376478	
-0.183928	-0.188762	-0.190418	-0.185112	-0.179355	-0.179487	-0.182204	-0.189387	-0.189843	-0.185506	-0.184907	-0.191834	-0.192677	-0.194002	-0.201103	-0.217627	-0.234091	-0.244638	-0.24105	-0.230521	-0.215203	-0.210125	-0.230819	-0.281397	-0.352156	
-0.200533	-0.209235	-0.198133	-0.179355	-0.16894	-0.168083	-0.173132	-0.190143	-0.206754	-0.206748	-0.190427	-0.173376	-0.167298	-0.181722	-0.207505	-0.229737	-0.242248	-0.246992	-0.242474	-0.229008	-0.206739	-0.191089	-0.203987	-0.251231	-0.323355	
-0.205389	-0.214551	-0.200468	-0.179487	-0.168083	-0.167443	-0.172183	-0.191592	-0.211091	-0.212898	-0.192692	-0.171061	-0.16239	-0.180313	-0.209667	-0.234216	-0.244509	-0.247432	-0.241147	-0.228203	-0.205455	-0.188729	-0.199161	-0.244173	-0.315591	
-0.190203	-0.197581	-0.194312	-0.182204	-0.173132	-0.172183	-0.177332	-0.189969	-0.197867	-0.193957	-0.186079	-0.182554	-0.181324	-0.187751	-0.203015	-0.222137	-0.238395	-0.246704	-0.242688	-0.229799	-0.210774	-0.200433	-0.217875	-0.267918	-0.34031	
-0.176432	-0.176117	-0.184179	-0.189387	-0.190143	-0.191592	-0.189969	-0.187752	-0.178478	-0.1742	-0.184923	-0.204873	-0.208172	-0.202101	-0.200458	-0.21289	-0.227333	-0.235247	-0.231407	-0.227198	-0.224405	-0.230461	-0.255691	-0.303157	-0.367713	
-0.173412	-0.162503	-0.171225	-0.189843	-0.206754	-0.211091	-0.197867	-0.178478	-0.163584	-0.165964	-0.189475	-0.21565	-0.221263	-0.213599	-0.208914	-0.210208	-0.210028	-0.206223	-0.205849	-0.221958	-0.248813	-0.278013	-0.308627	-0.345747	-0.393018	
-0.178918	-0.167911	-0.168802	-0.185506	-0.206748	-0.212898	-0.193957	-0.1742	-0.165964	-0.173844	-0.190189	-0.210397	-0.221224	-0.227188	-0.222748	-0.209006	-0.189987	-0.18172	-0.192988	-0.231571	-0.28273	-0.330648	-0.370547	-0.404115	-0.43644	
-0.188987	-0.190405	-0.186611	-0.184907	-0.190427	-0.192692	-0.186079	-0.184923	-0.189475	-0.190189	-0.190191	-0.200814	-0.219675	-0.234329	-0.228309	-0.203076	-0.179662	-0.179221	-0.205859	-0.257502	-0.31721	-0.375063	-0.427407	-0.469275	-0.491386	
-0.205028	-0.215526	-0.211037	-0.191834	-0.173376	-0.171061	-0.182554	-0.204873	-0.21565	-0.210397	-0.200814	-0.205235	-0.214688	-0.222681	-0.216313	-0.200436	-0.188799	-0.200028	-0.234989	-0.28938	-0.348869	-0.408646	-0.469451	-0.515843	-0.526814	
-0.220043	-0.222318	-0.215586	-0.192677	-0.167298	-0.16239	-0.181324	-0.208172	-0.221263	-0.221224	-0.219675	-0.214688	-0.200253	-0.190075	-0.19206	-0.200734	-0.212782	-0.236468	-0.273898	-0.326329	-0.382454	-0.440901	-0.498788	-0.539168	-0.535074	
-0.230786	-0.219276	-0.206495	-0.194002	-0.181722	-0.180313	-0.187751	-0.202101	-0.213599	-0.227188	-0.234329	-0.222681	-0.190075	-0.170458	-0.179256	-0.21017	-0.247802	-0.287214	-0.326708	-0.374058	-0.426418	-0.475822	-0.51778	-0.537321	-0.514291	
-0.226425	-0.214592	-0.202411	-0.201103	-0.207505	-0.209667	-0.203015	-0.200458	-0.208914	-0.222748	-0.228309	-0.216313	-0.19206	-0.179256	-0.192315	-0.232381	-0.285805	-0.337419	-0.3797	-0.427413	-0.473705	-0.505184	-0.516155	-0.505615	-0.462162	
-0.206294	-0.210979	-0.210698	-0.217627	-0.229737	-0.234216	-0.222137	-0.21289	-0.210208	-0.209006	-0.203076	-0.200436	-0.200734	-0.21017	-0.232381	-0.272701	-0.324864	-0.377539	-0.426056	-0.473652	-0.506296	-0.508695	-0.487276	-0.447618	-0.384281	
-0.183552	-0.202428	-0.221194	-0.234091	-0.242248	-0.244509	-0.238395	-0.227333	-0.210028	-0.189987	-0.179662	-0.188799	-0.212782	-0.247802	-0.285805	-0.324864	-0.367973	-0.421104	-0.47053	-0.504542	-0.50759	-0.482703	-0.439469	-0.380178	-0.299151	
-0.176936	-0.195177	-0.224426	-0.244638	-0.246992	-0.247432	-0.246704	-0.235247	-0.206223	-0.18172	-0.179221	-0.200028	-0.236468	-0.287214	-0.337419	-0.377539	-0.421104	-0.473077	-0.509154	-0.511691	-0.484275	-0.436073	-0.374222	-0.298453	-0.203198	
-0.195177	-0.197508	-0.221259	-0.24105	-0.242474	-0.241147	-0.242688	-0.231407	-0.205849	-0.192988	-0.205859	-0.234989	-0.273898	-0.326708	-0.3797	-0.426056	-0.47053	-0.509154	-0.517656	-0.496788	-0.44851	-0.373464	-0.284255	-0.192749	-0.0932045	
-0.240155	-0.223699	-0.22381	-0.230521	-0.229008	-0.228203	-0.229799	-0.227198	-0.221958	-0.231571	-0.257502	-0.28938	-0.326329	-0.374058	-0.427413	-0.473652	-0.504542	-0.511691	-0.496788	-0.464542	-0.400023	-0.297402	-0.185594	-0.0837038	0.0239424	
-0.296558	-0.262115	-0.232928	-0.215203	-0.206739	-0.205455	-0.210774	-0.224405	-0.248813	-0.28273	-0.31721	-0.348869	-0.382454	-0.426418	-0.473705	-0.506296	-0.50759	-0.484275	-0.44851	-0.400023	-0.320406	-0.211347	-0.0983267	0.0143588	0.13541	
-0.349194	-0.300212	-0.247919	-0.210125	-0.191089	-0.188729	-0.200433	-0.230461	-0.278013	-0.330648	-0.375063	-0.408646	-0.440901	-0.475822	-0.505184	-0.508695	-0.482703	-0.436073	-0.373464	-0.297402	-0.211347	-0.115572	-0.00592556	0.11397	0.240335	
-0.394508	-0.333232	-0.274957	-0.230819	-0.203987	-0.199161	-0.217875	-0.255691	-0.308627	-0.370547	-0.427407	-0.469451	-0.498788	-0.51778	-0.516155	-0.487276	-0.439469	-0.374222	-0.284255	-0.185594	-0.0983267	-0.00592556	0.102209	0.215011	0.32282	
-0.431243	-0.367164	-0.318073	-0.281397	-0.251231	-0.244173	-0.267918	-0.303157	-0.345747	-0.404115	-0.469275	-0.515843	-0.539168	-0.537321	-0.505615	-0.447618	-0.380178	-0.298453	-0.192749	-0.0837038	0.0143588	0.11397	0.215011	0.303076	0.384245	
-0.459121	-0.407757	-0.376478	-0.352156	-0.323355	-0.315591	-0.34031	-0.367713	-0.393018	-0.43644	-0.491386	-0.526814	-0.535074	-0.514291	-0.462162	-0.384281	-0.299151	-0.203198	-0.0932045	0.0239424	0.13541	0.240335	0.32282	0.384245	0.434611	
