0.0239087	0.0587466	0.105254	0.152802	0.184685	0.190419	0.168449	0.124751	0.0770021	0.0351466	0.0154767	0.00314356	-0.0120285	-0.0448563	-0.080994	-0.115555	-0.146134	-0.169981	-0.182426	-0.193657	-0.198831	-0.201963	-0.222472	-0.247665	-0.26651	
0.0615972	0.0877438	0.122663	0.160889	0.188794	0.194623	0.173897	0.137938	0.101249	0.069815	0.0591618	0.0637948	0.0655564	0.0550396	0.043861	0.0284577	0.00327166	-0.036137	-0.0767743	-0.119657	-0.151317	-0.182262	-0.226912	-0.278618	-0.323775	
0.115657	0.13178	0.153249	0.175943	0.189762	0.192305	0.182568	0.163181	0.139628	0.12062	0.116801	0.132196	0.149812	0.160957	0.166437	0.161279	0.136978	0.0871451	0.030397	-0.0268104	-0.0796344	-0.137796	-0.205196	-0.276533	-0.340452	
0.175216	0.178663	0.191469	0.201513	0.205112	0.20578	0.203461	0.196251	0.183514	0.174192	0.18214	0.202958	0.226326	0.253077	0.268005	0.266906	0.244028	0.193544	0.133572	0.0805738	0.0205664	-0.0575385	-0.150073	-0.240137	-0.319958	
0.230296	0.225853	0.234632	0.245208	0.24534	0.2445	0.245939	0.240125	0.227862	0.226625	0.239021	0.258775	0.283949	0.317318	0.346197	0.357129	0.340414	0.29335	0.236096	0.184344	0.127408	0.0401973	-0.0692515	-0.178447	-0.272771	
0.286822	0.287065	0.299341	0.309279	0.309412	0.308808	0.309969	0.304688	0.291197	0.28496	0.293276	0.307948	0.329969	0.364712	0.403466	0.42565	0.418127	0.382347	0.330863	0.283111	0.223342	0.131058	0.0115923	-0.114446	-0.223854	
0.352355	0.364566	0.382605	0.389504	0.387111	0.386681	0.388986	0.386906	0.372082	0.35571	0.35023	0.356648	0.375481	0.403918	0.441996	0.472662	0.476989	0.458409	0.42688	0.381465	0.309371	0.206253	0.0785737	-0.0543145	-0.168541	
0.417288	0.448671	0.481574	0.497619	0.504956	0.505869	0.50173	0.489749	0.46319	0.427932	0.407029	0.402797	0.415578	0.437955	0.471817	0.506972	0.521674	0.519528	0.503474	0.460672	0.378817	0.261956	0.1331	0.00364797	-0.11058	
0.49115	0.540558	0.59519	0.638895	0.662355	0.666674	0.650581	0.615115	0.562463	0.509566	0.467555	0.444069	0.438261	0.445995	0.475651	0.515332	0.541108	0.552688	0.547508	0.506292	0.420941	0.299451	0.170123	0.0470421	-0.0653127	
0.545924	0.614993	0.698777	0.76946	0.810858	0.817877	0.789514	0.729992	0.648279	0.571429	0.510795	0.464852	0.432642	0.427264	0.449782	0.489569	0.523371	0.542735	0.543508	0.509611	0.434151	0.327593	0.212719	0.0980369	-0.00807083	
0.557137	0.649251	0.756085	0.846429	0.896083	0.903112	0.871238	0.796295	0.691923	0.591378	0.510948	0.445317	0.395233	0.375011	0.387609	0.421021	0.453024	0.476786	0.480067	0.455517	0.401258	0.327802	0.247641	0.162237	0.0710781	
0.510888	0.619453	0.73699	0.834264	0.883494	0.891432	0.859887	0.779982	0.666992	0.552315	0.453331	0.374495	0.313848	0.279114	0.279183	0.302519	0.329473	0.353302	0.365748	0.358887	0.331805	0.300633	0.26665	0.217928	0.154449	
0.39549	0.513258	0.634066	0.72885	0.780046	0.788765	0.755077	0.676163	0.562492	0.441534	0.331566	0.240945	0.171965	0.127959	0.118264	0.137507	0.163494	0.188288	0.214123	0.238473	0.246748	0.253814	0.263429	0.257832	0.230409	
0.211675	0.335697	0.457873	0.552124	0.601078	0.608799	0.577749	0.499704	0.386566	0.260072	0.143209	0.040307	-0.0329419	-0.0813315	-0.0924282	-0.0652943	-0.0296529	0.00444588	0.049036	0.108876	0.158727	0.201392	0.243152	0.278064	0.296022	
-0.019627	0.10993	0.239316	0.33362	0.374681	0.38004	0.355948	0.28306	0.163603	0.031677	-0.0953195	-0.205127	-0.282381	-0.329204	-0.335979	-0.296522	-0.241242	-0.181518	-0.112921	-0.0243192	0.0663241	0.145487	0.219291	0.291426	0.354402	
-0.26389	-0.126185	0.0091568	0.0976601	0.130654	0.134874	0.116025	0.0519802	-0.0694964	-0.210116	-0.343106	-0.461203	-0.544012	-0.587997	-0.588576	-0.538369	-0.460898	-0.370019	-0.268339	-0.155602	-0.0347489	0.0845761	0.199505	0.308818	0.405767	
-0.482367	-0.336145	-0.199769	-0.116346	-0.0832004	-0.0789873	-0.0980859	-0.159119	-0.278505	-0.424781	-0.568621	-0.697043	-0.790416	-0.838055	-0.834653	-0.770683	-0.676669	-0.556732	-0.422799	-0.282007	-0.138574	0.0106779	0.164844	0.311901	0.434846	
-0.653835	-0.497516	-0.362108	-0.275631	-0.23401	-0.226668	-0.254165	-0.321273	-0.439144	-0.589785	-0.75055	-0.889968	-0.996607	-1.05678	-1.05445	-0.981923	-0.872935	-0.732301	-0.571598	-0.401454	-0.225515	-0.0511558	0.127264	0.299114	0.439161	
-0.748775	-0.584616	-0.450498	-0.361681	-0.30962	-0.299604	-0.336816	-0.409226	-0.525754	-0.68093	-0.852019	-1.01152	-1.13885	-1.2182	-1.23163	-1.16735	-1.04697	-0.889872	-0.709128	-0.508884	-0.299847	-0.0951531	0.0996496	0.27724	0.420665	
-0.741589	-0.575669	-0.444174	-0.352472	-0.298118	-0.288539	-0.326261	-0.402811	-0.518085	-0.672145	-0.852038	-1.03572	-1.1952	-1.30271	-1.33906	-1.29782	-1.18663	-1.01787	-0.821049	-0.602584	-0.369141	-0.138542	0.0716175	0.251681	0.391913	
-0.629236	-0.458878	-0.326622	-0.230283	-0.176349	-0.167235	-0.203281	-0.283879	-0.401162	-0.557028	-0.746997	-0.955667	-1.15097	-1.29486	-1.36067	-1.3546	-1.27042	-1.11035	-0.904949	-0.672521	-0.424274	-0.17783	0.0459237	0.227602	0.360673	
-0.422137	-0.240001	-0.106196	-0.011514	0.0446136	0.0546163	0.0153353	-0.0638819	-0.181318	-0.344157	-0.550113	-0.78831	-1.01854	-1.2022	-1.30979	-1.33983	-1.28035	-1.13996	-0.936845	-0.695765	-0.440553	-0.187262	0.0409645	0.220029	0.341455	
-0.157552	0.0394838	0.17799	0.279897	0.345038	0.356748	0.311388	0.221646	0.101643	-0.0713951	-0.300999	-0.564019	-0.816389	-1.03074	-1.17902	-1.2459	-1.21591	-1.09573	-0.905909	-0.668311	-0.409507	-0.151555	0.075378	0.245368	0.354633	
0.148143	0.358616	0.507609	0.619574	0.69285	0.705998	0.654656	0.556219	0.424006	0.241626	-0.00973908	-0.295048	-0.568666	-0.803481	-0.985187	-1.08965	-1.09339	-0.998156	-0.824294	-0.599231	-0.344475	-0.0879374	0.136831	0.301259	0.399541	
0.462522	0.685973	0.849929	0.967446	1.03857	1.05153	1.00223	0.902047	0.757933	0.559518	0.300194	-0.00103676	-0.295835	-0.552675	-0.763498	-0.900751	-0.934412	-0.865104	-0.705069	-0.488891	-0.244395	0.00691067	0.223418	0.376597	0.463893	
0.754831	0.991082	1.16805	1.28732	1.35013	1.35955	1.31918	1.22264	1.06821	0.857423	0.583746	0.274773	-0.0388388	-0.321462	-0.556039	-0.708889	-0.759274	-0.702463	-0.557788	-0.355552	-0.118889	0.123258	0.329673	0.473368	0.546143	
0.991082	1.24272	1.42626	1.54532	1.6103	1.62092	1.57779	1.4807	1.32431	1.09988	0.811587	0.490674	0.163245	-0.13372	-0.38128	-0.542554	-0.593812	-0.542556	-0.407832	-0.214623	0.0144162	0.248743	0.45011	0.586542	0.646134	
1.16805	1.42626	1.60292	1.71905	1.78844	1.80082	1.75255	1.65609	1.50585	1.28083	0.982587	0.644916	0.30628	0.000908474	-0.248367	-0.411289	-0.459814	-0.407714	-0.271981	-0.0780483	0.146592	0.374652	0.570456	0.706133	0.758621	
1.28732	1.54532	1.71905	1.83075	1.89704	1.90815	1.86335	1.76945	1.62452	1.39993	1.1003	0.760719	0.411727	0.0970613	-0.15232	-0.317718	-0.370474	-0.319432	-0.188519	0.00720118	0.239963	0.468703	0.665254	0.80218	0.853426	
1.35013	1.6103	1.78844	1.89704	1.95311	1.96169	1.92513	1.83913	1.69134	1.462	1.16817	0.83354	0.481104	0.156034	-0.0973771	-0.263876	-0.316343	-0.273729	-0.152472	0.0391363	0.276343	0.514978	0.71605	0.852395	0.902864	
1.35955	1.62092	1.80082	1.90815	1.96169	1.96996	1.93512	1.85149	1.70279	1.47145	1.18016	0.846756	0.493566	0.166359	-0.0878274	-0.25475	-0.306276	-0.265147	-0.14676	0.0433199	0.280961	0.521665	0.724425	0.860928	0.910027	
1.31918	1.57779	1.75255	1.86335	1.92513	1.93512	1.8946	1.80284	1.65741	1.43147	1.13407	0.795797	0.445047	0.125006	-0.125079	-0.291088	-0.345044	-0.296663	-0.169129	0.0250287	0.260095	0.493163	0.691598	0.828274	0.878499	
1.22264	1.4807	1.65609	1.76945	1.83913	1.85149	1.80284	1.70776	1.55987	1.3355	1.03555	0.69571	0.351562	0.0434778	-0.205914	-0.369349	-0.418615	-0.366437	-0.231625	-0.0364541	0.190445	0.417051	0.612323	0.74885	0.800835	
1.06821	1.32431	1.50585	1.62452	1.69134	1.70279	1.65741	1.55987	1.40583	1.17901	0.886312	0.558125	0.227556	-0.0741972	-0.323381	-0.485191	-0.534864	-0.484076	-0.349998	-0.157304	0.0694216	0.301034	0.499497	0.635018	0.691021	
0.857423	1.09988	1.28083	1.39993	1.462	1.47145	1.43147	1.3355	1.17901	0.962328	0.682358	0.369788	0.0499782	-0.240593	-0.482188	-0.638684	-0.690907	-0.636643	-0.497851	-0.300647	-0.0661838	0.172436	0.37629	0.517179	0.583692	
0.583746	0.811587	0.982587	1.1003	1.16817	1.18016	1.13407	1.03555	0.886312	0.682358	0.419055	0.114579	-0.189128	-0.45525	-0.677133	-0.822259	-0.86467	-0.802408	-0.648084	-0.436984	-0.195981	0.0517525	0.264475	0.412471	0.494587	
0.274773	0.490674	0.644916	0.760719	0.83354	0.846756	0.795797	0.69571	0.558125	0.369788	0.114579	-0.178965	-0.460605	-0.704344	-0.897468	-1.01605	-1.03361	-0.948845	-0.780423	-0.559389	-0.308356	-0.053737	0.167967	0.329499	0.423334	
-0.0388388	0.163245	0.30628	0.411727	0.481104	0.493566	0.445047	0.351562	0.227556	0.0499782	-0.189128	-0.460605	-0.7221	-0.944584	-1.10756	-1.18973	-1.17301	-1.06224	-0.879279	-0.645763	-0.386653	-0.129648	0.0973466	0.264725	0.369325	
-0.321462	-0.13372	0.000908474	0.0970613	0.156034	0.166359	0.125006	0.0434778	-0.0741972	-0.240593	-0.45525	-0.704344	-0.944584	-1.14228	-1.26735	-1.31092	-1.2621	-1.1301	-0.931048	-0.689717	-0.432991	-0.177182	0.0501786	0.226118	0.342526	
-0.556039	-0.38128	-0.248367	-0.15232	-0.0973771	-0.0878274	-0.125079	-0.205914	-0.323381	-0.482188	-0.677133	-0.897468	-1.10756	-1.26735	-1.34831	-1.35764	-1.28445	-1.13176	-0.926737	-0.689252	-0.43679	-0.18764	0.0395041	0.221488	0.34983	
-0.708889	-0.542554	-0.411289	-0.317718	-0.263876	-0.25475	-0.291088	-0.369349	-0.485191	-0.638684	-0.822259	-1.01605	-1.18973	-1.31092	-1.35764	-1.32934	-1.22791	-1.0598	-0.857616	-0.633482	-0.393178	-0.15525	0.0607218	0.24169	0.379564	
-0.759274	-0.593812	-0.459814	-0.370474	-0.316343	-0.306276	-0.345044	-0.418615	-0.534864	-0.690907	-0.86467	-1.03361	-1.17301	-1.2621	-1.28445	-1.22791	-1.1086	-0.945314	-0.757912	-0.548654	-0.328828	-0.112343	0.0887084	0.267667	0.409689	
-0.702463	-0.542556	-0.407714	-0.319432	-0.273729	-0.265147	-0.296663	-0.366437	-0.484076	-0.636643	-0.802408	-0.948845	-1.06224	-1.1301	-1.13176	-1.0598	-0.945314	-0.798141	-0.628567	-0.446258	-0.255937	-0.0703853	0.115677	0.291356	0.433701	
-0.557788	-0.407832	-0.271981	-0.188519	-0.152472	-0.14676	-0.169129	-0.231625	-0.349998	-0.497851	-0.648084	-0.780423	-0.879279	-0.931048	-0.926737	-0.857616	-0.757912	-0.628567	-0.483137	-0.330615	-0.175244	-0.0168768	0.148238	0.308249	0.43992	
-0.355552	-0.214623	-0.0780483	0.00720118	0.0391363	0.0433199	0.0250287	-0.0364541	-0.157304	-0.300647	-0.436984	-0.559389	-0.645763	-0.689717	-0.689252	-0.633482	-0.548654	-0.446258	-0.330615	-0.206915	-0.0770986	0.0555079	0.187713	0.312369	0.420647	
-0.118889	0.0144162	0.146592	0.239963	0.276343	0.280961	0.260095	0.190445	0.0694216	-0.0661838	-0.195981	-0.308356	-0.386653	-0.432991	-0.43679	-0.393178	-0.328828	-0.255937	-0.175244	-0.0770986	0.0274133	0.122805	0.211491	0.298787	0.376689	
0.123258	0.248743	0.374652	0.468703	0.514978	0.521665	0.493163	0.417051	0.301034	0.172436	0.0517525	-0.053737	-0.129648	-0.177182	-0.18764	-0.15525	-0.112343	-0.0703853	-0.0168768	0.0555079	0.122805	0.179255	0.233836	0.282972	0.320033	
0.329673	0.45011	0.570456	0.665254	0.71605	0.724425	0.691598	0.612323	0.499497	0.37629	0.264475	0.167967	0.0973466	0.0501786	0.0395041	0.0607218	0.0887084	0.115677	0.148238	0.187713	0.211491	0.233836	0.256286	0.268003	0.257862	
0.473368	0.586542	0.706133	0.80218	0.852395	0.860928	0.828274	0.74885	0.635018	0.517179	0.412471	0.329499	0.264725	0.226118	0.221488	0.24169	0.267667	0.291356	0.308249	0.312369	0.298787	0.282972	0.268003	0.236055	0.186405	
0.546143	0.646134	0.758621	0.853426	0.902864	0.910027	0.878499	0.800835	0.691021	0.583692	0.494587	0.423334	0.369325	0.342526	0.34983	0.379564	0.409689	0.433701	0.43992	0.420647	0.376689	0.320033	0.257862	0.186405	0.10511	
