0.647031	0.836171	0.995741	1.11185	1.18599	1.22397	1.22575	1.18691	1.10634	0.989387	0.845433	0.684917	0.517113	0.349055	0.185596	0.0300659	-0.114496	-0.245101	-0.359961	-0.458568	-0.541063	-0.608369	-0.662027	-0.703743	-0.735355	
0.836171	1.00086	1.11859	1.19197	1.22772	1.22326	1.17093	1.07083	0.933076	0.770351	0.593326	0.410342	0.227722	0.0506831	-0.116153	-0.268392	-0.401795	-0.514187	-0.605953	-0.67823	-0.732788	-0.772311	-0.799488	-0.816864	-0.827011	
0.995741	1.11859	1.19389	1.22947	1.22102	1.15776	1.04133	0.887341	0.710582	0.519533	0.321279	0.123245	-0.0670832	-0.242418	-0.39703	-0.526632	-0.629619	-0.708126	-0.764854	-0.802119	-0.823479	-0.832612	-0.832455	-0.826098	-0.816201	
1.11185	1.19197	1.22947	1.22013	1.15031	1.022	0.855879	0.668222	0.463663	0.24896	0.0358782	-0.164781	-0.34385	-0.495495	-0.61725	-0.708547	-0.772537	-0.813052	-0.832236	-0.833976	-0.823316	-0.803774	-0.778782	-0.751879	-0.725147	
1.18599	1.22772	1.22102	1.15031	1.01529	0.840048	0.643192	0.425555	0.194306	-0.0315309	-0.23836	-0.41835	-0.566116	-0.680953	-0.762551	-0.812829	-0.836257	-0.835357	-0.814769	-0.781804	-0.741452	-0.697227	-0.653567	-0.612878	-0.576434	
1.22397	1.22326	1.15776	1.022	0.840048	0.63493	0.406014	0.159894	-0.0764462	-0.287098	-0.469341	-0.616815	-0.727141	-0.800129	-0.835308	-0.838529	-0.815086	-0.771371	-0.717137	-0.65898	-0.600176	-0.545071	-0.496749	-0.454991	-0.420855	
1.22575	1.17093	1.04133	0.855879	0.643192	0.406014	0.148118	-0.0985206	-0.313908	-0.501811	-0.653532	-0.75963	-0.822526	-0.841572	-0.82405	-0.78035	-0.717876	-0.647935	-0.577554	-0.510449	-0.450163	-0.400484	-0.360113	-0.328329	-0.304728	
1.18691	1.07083	0.887341	0.668222	0.425555	0.159894	-0.0985206	-0.32235	-0.518075	-0.676933	-0.778796	-0.831017	-0.838032	-0.804269	-0.745609	-0.66907	-0.586653	-0.506885	-0.434421	-0.373982	-0.327602	-0.294265	-0.269936	-0.254213	-0.243614	
1.10634	0.933076	0.710582	0.463663	0.194306	-0.0764462	-0.313908	-0.518075	-0.685085	-0.786789	-0.831465	-0.833809	-0.789556	-0.717369	-0.628238	-0.532673	-0.44634	-0.372235	-0.318306	-0.281332	-0.259614	-0.246627	-0.240528	-0.238019	-0.23772	
0.989387	0.770351	0.519533	0.24896	-0.0315309	-0.287098	-0.501811	-0.676933	-0.786789	-0.830674	-0.832471	-0.782146	-0.694446	-0.594649	-0.488328	-0.399915	-0.33111	-0.286745	-0.263152	-0.250934	-0.248	-0.246905	-0.247958	-0.248144	-0.248792	
0.845433	0.593326	0.321279	0.0358782	-0.23836	-0.469341	-0.653532	-0.778796	-0.831465	-0.832471	-0.780032	-0.679671	-0.572031	-0.461799	-0.370529	-0.310151	-0.27133	-0.258938	-0.252177	-0.254307	-0.253648	-0.252573	-0.248021	-0.244602	-0.2368	
0.684917	0.410342	0.123245	-0.164781	-0.41835	-0.616815	-0.75963	-0.831017	-0.833809	-0.782146	-0.679671	-0.564202	-0.452619	-0.35385	-0.296683	-0.263448	-0.257173	-0.25888	-0.259425	-0.258074	-0.247665	-0.238389	-0.226432	-0.215886	-0.20439	
0.517113	0.227722	-0.0670832	-0.34385	-0.566116	-0.727141	-0.822526	-0.838032	-0.789556	-0.694446	-0.572031	-0.452619	-0.347895	-0.286531	-0.263145	-0.25987	-0.268968	-0.262872	-0.254088	-0.233035	-0.218706	-0.202426	-0.192455	-0.180735	-0.178717	
0.349055	0.0506831	-0.242418	-0.495495	-0.680953	-0.800129	-0.841572	-0.804269	-0.717369	-0.594649	-0.461799	-0.35385	-0.286531	-0.265101	-0.265404	-0.271798	-0.261672	-0.239667	-0.216629	-0.198696	-0.189519	-0.179605	-0.177261	-0.174853	-0.175419	
0.185596	-0.116153	-0.39703	-0.61725	-0.762551	-0.835308	-0.82405	-0.745609	-0.628238	-0.488328	-0.370529	-0.296683	-0.263145	-0.265404	-0.270042	-0.258684	-0.230804	-0.205352	-0.190714	-0.186477	-0.1814	-0.181306	-0.18021	-0.179734	-0.175842	
0.0300659	-0.268392	-0.526632	-0.708547	-0.812829	-0.838529	-0.78035	-0.66907	-0.532673	-0.399915	-0.310151	-0.263448	-0.25987	-0.271798	-0.258684	-0.230321	-0.197635	-0.186514	-0.18755	-0.188009	-0.184655	-0.181145	-0.175994	-0.169756	-0.164602	
-0.114496	-0.401795	-0.629619	-0.772537	-0.836257	-0.815086	-0.717876	-0.586653	-0.44634	-0.33111	-0.27133	-0.257173	-0.268968	-0.261672	-0.230804	-0.197635	-0.183157	-0.195218	-0.194935	-0.186661	-0.17122	-0.167573	-0.157288	-0.152505	-0.147023	
-0.245101	-0.514187	-0.708126	-0.813052	-0.835357	-0.771371	-0.647935	-0.506885	-0.372235	-0.286745	-0.258938	-0.25888	-0.262872	-0.239667	-0.205352	-0.186514	-0.195218	-0.198561	-0.178756	-0.159385	-0.15545	-0.155905	-0.146686	-0.148032	-0.14923	
-0.359961	-0.605953	-0.764854	-0.832236	-0.814769	-0.717137	-0.577554	-0.434421	-0.318306	-0.263152	-0.252177	-0.259425	-0.254088	-0.216629	-0.190714	-0.18755	-0.194935	-0.178756	-0.155445	-0.15388	-0.161862	-0.153989	-0.150105	-0.153131	-0.149069	
-0.458568	-0.67823	-0.802119	-0.833976	-0.781804	-0.65898	-0.510449	-0.373982	-0.281332	-0.250934	-0.254307	-0.258074	-0.233035	-0.198696	-0.186477	-0.188009	-0.186661	-0.159385	-0.15388	-0.162423	-0.162686	-0.145213	-0.147328	-0.143117	-0.134799	
-0.541063	-0.732788	-0.823479	-0.823316	-0.741452	-0.600176	-0.450163	-0.327602	-0.259614	-0.248	-0.253648	-0.247665	-0.218706	-0.189519	-0.1814	-0.184655	-0.17122	-0.15545	-0.161862	-0.162686	-0.144949	-0.132052	-0.141977	-0.132267	-0.128852	
-0.608369	-0.772311	-0.832612	-0.803774	-0.697227	-0.545071	-0.400484	-0.294265	-0.246627	-0.246905	-0.252573	-0.238389	-0.202426	-0.179605	-0.181306	-0.181145	-0.167573	-0.155905	-0.153989	-0.145213	-0.132052	-0.141773	-0.142213	-0.133293	-0.134263	
-0.662027	-0.799488	-0.832455	-0.778782	-0.653567	-0.496749	-0.360113	-0.269936	-0.240528	-0.247958	-0.248021	-0.226432	-0.192455	-0.177261	-0.18021	-0.175994	-0.157288	-0.146686	-0.150105	-0.147328	-0.141977	-0.142213	-0.134645	-0.128442	-0.130016	
-0.703743	-0.816864	-0.826098	-0.751879	-0.612878	-0.454991	-0.328329	-0.254213	-0.238019	-0.248144	-0.244602	-0.215886	-0.180735	-0.174853	-0.179734	-0.169756	-0.152505	-0.148032	-0.153131	-0.143117	-0.132267	-0.133293	-0.128442	-0.124786	-0.125532	
-0.735355	-0.827011	-0.816201	-0.725147	-0.576434	-0.420855	-0.304728	-0.243614	-0.23772	-0.248792	-0.2368	-0.20439	-0.178717	-0.175419	-0.175842	-0.164602	-0.147023	-0.14923	-0.149069	-0.134799	-0.128852	-0.134263	-0.130016	-0.125532	-0.128717	
-0.75868	-0.832049	-0.804736	-0.700592	-0.545829	-0.39373	-0.286678	-0.237071	-0.238696	-0.247168	-0.231162	-0.198832	-0.172546	-0.173107	-0.175988	-0.159804	-0.146832	-0.146116	-0.141882	-0.133175	-0.135221	-0.138232	-0.124823	-0.123353	-0.124893	
-0.775298	-0.833811	-0.793597	-0.679632	-0.520915	-0.372632	-0.274157	-0.23362	-0.239171	-0.245583	-0.226036	-0.192228	-0.171051	-0.173969	-0.171986	-0.155485	-0.142786	-0.147209	-0.146478	-0.134931	-0.128425	-0.125314	-0.121267	-0.12182	-0.122251	
-0.786608	-0.833812	-0.783981	-0.662932	-0.502097	-0.357613	-0.26545	-0.231081	-0.240026	-0.244804	-0.221398	-0.186957	-0.169054	-0.174558	-0.171317	-0.153253	-0.144239	-0.145491	-0.138627	-0.126597	-0.130448	-0.134987	-0.124392	-0.123715	-0.123979	
-0.79368	-0.833104	-0.776832	-0.651272	-0.489318	-0.347419	-0.25982	-0.230336	-0.240624	-0.242424	-0.21819	-0.186562	-0.169072	-0.172035	-0.168635	-0.151162	-0.141964	-0.146278	-0.140799	-0.131296	-0.130931	-0.127126	-0.119428	-0.120576	-0.120579	
-0.797268	-0.832476	-0.772806	-0.64483	-0.482245	-0.342004	-0.257227	-0.229829	-0.240512	-0.242466	-0.217117	-0.1825	-0.167426	-0.174942	-0.168847	-0.150456	-0.14222	-0.144222	-0.139647	-0.128757	-0.12958	-0.127147	-0.120644	-0.122013	-0.12085	
-0.797811	-0.832309	-0.772099	-0.64377	-0.481202	-0.341213	-0.256513	-0.229523	-0.24094	-0.242097	-0.216134	-0.184138	-0.168575	-0.172297	-0.167945	-0.150295	-0.142713	-0.14626	-0.137382	-0.125965	-0.130136	-0.132152	-0.122324	-0.122127	-0.122292	
-0.795362	-0.832669	-0.774898	-0.648228	-0.485698	-0.344422	-0.258663	-0.230539	-0.240344	-0.242001	-0.217855	-0.184504	-0.168305	-0.173631	-0.1685	-0.151197	-0.140999	-0.145229	-0.142288	-0.132233	-0.130351	-0.122893	-0.118516	-0.120395	-0.119478	
-0.789689	-0.83331	-0.78081	-0.657877	-0.496362	-0.35282	-0.262658	-0.230537	-0.240463	-0.244383	-0.219954	-0.185797	-0.168914	-0.174219	-0.170332	-0.152579	-0.143641	-0.14489	-0.137841	-0.125884	-0.131722	-0.135238	-0.123763	-0.123315	-0.123795	
-0.780142	-0.833612	-0.789543	-0.672713	-0.512636	-0.365539	-0.270375	-0.233199	-0.239242	-0.244096	-0.224321	-0.191419	-0.17041	-0.172462	-0.171004	-0.155168	-0.142784	-0.148402	-0.144709	-0.132133	-0.128607	-0.126803	-0.121668	-0.121691	-0.12239	
-0.765818	-0.832644	-0.800092	-0.692041	-0.535347	-0.384315	-0.28075	-0.235474	-0.239376	-0.247153	-0.228584	-0.194362	-0.172241	-0.17544	-0.174131	-0.15813	-0.144216	-0.144488	-0.144557	-0.13326	-0.133297	-0.132684	-0.123956	-0.123113	-0.124068	
-0.74542	-0.829115	-0.811538	-0.715209	-0.563656	-0.408983	-0.296704	-0.240971	-0.237995	-0.247508	-0.234986	-0.203041	-0.175344	-0.173356	-0.175775	-0.163126	-0.148184	-0.148063	-0.145015	-0.133368	-0.132799	-0.137984	-0.126962	-0.124502	-0.127189	
-0.717426	-0.821308	-0.82222	-0.741138	-0.597863	-0.440392	-0.317823	-0.249481	-0.238031	-0.248417	-0.241318	-0.211137	-0.179624	-0.175247	-0.178516	-0.16674	-0.149781	-0.14969	-0.152846	-0.139613	-0.126675	-0.132011	-0.130055	-0.125312	-0.12754	
-0.680079	-0.807225	-0.830247	-0.768077	-0.636983	-0.479196	-0.346053	-0.262819	-0.239984	-0.248025	-0.245524	-0.222416	-0.188722	-0.175719	-0.179835	-0.173862	-0.153825	-0.146197	-0.150691	-0.14789	-0.142505	-0.138276	-0.131294	-0.125635	-0.126595	
-0.631479	-0.784461	-0.833332	-0.79396	-0.679359	-0.525262	-0.383582	-0.282668	-0.242966	-0.248722	-0.251882	-0.232122	-0.19688	-0.178778	-0.181817	-0.179932	-0.164322	-0.152322	-0.150943	-0.142906	-0.13439	-0.143024	-0.140165	-0.132702	-0.134413	
-0.569817	-0.750304	-0.828483	-0.816274	-0.72349	-0.577068	-0.429622	-0.313761	-0.252846	-0.246182	-0.253861	-0.245372	-0.212591	-0.184093	-0.179851	-0.183018	-0.168924	-0.157493	-0.160553	-0.155949	-0.138962	-0.135487	-0.141743	-0.131585	-0.130626	
-0.493493	-0.702154	-0.812514	-0.831004	-0.766093	-0.634827	-0.485049	-0.354125	-0.271585	-0.249041	-0.254161	-0.253986	-0.226509	-0.195601	-0.185274	-0.186649	-0.179215	-0.155364	-0.15826	-0.164472	-0.155204	-0.137571	-0.145439	-0.137797	-0.13115	
-0.401271	-0.637215	-0.782223	-0.834918	-0.802489	-0.693577	-0.549873	-0.409063	-0.301999	-0.25667	-0.251994	-0.260102	-0.246614	-0.207569	-0.188518	-0.189105	-0.192586	-0.169649	-0.151331	-0.157575	-0.166271	-0.152166	-0.149615	-0.15039	-0.14319	
-0.292794	-0.553268	-0.733602	-0.823476	-0.829174	-0.750118	-0.618877	-0.476313	-0.348752	-0.276438	-0.255956	-0.258243	-0.259336	-0.230382	-0.198051	-0.186664	-0.19742	-0.192807	-0.168588	-0.152663	-0.154958	-0.154227	-0.148151	-0.150953	-0.152018	
-0.168334	-0.4491	-0.663981	-0.791796	-0.838795	-0.799467	-0.690154	-0.553741	-0.41405	-0.309957	-0.265007	-0.259379	-0.268435	-0.252375	-0.218718	-0.190183	-0.186598	-0.199475	-0.19135	-0.17759	-0.164877	-0.161815	-0.150332	-0.148124	-0.144896	
-0.0291209	-0.323916	-0.570946	-0.7375	-0.825551	-0.832056	-0.756849	-0.636165	-0.496708	-0.369515	-0.291022	-0.257923	-0.264593	-0.271363	-0.248769	-0.216027	-0.18769	-0.187762	-0.191649	-0.188286	-0.18027	-0.176967	-0.170285	-0.162995	-0.158015	
0.122286	-0.178848	-0.451915	-0.657385	-0.78636	-0.840325	-0.809454	-0.716526	-0.589492	-0.44987	-0.343252	-0.280992	-0.259213	-0.268085	-0.268326	-0.249145	-0.216681	-0.194365	-0.18718	-0.187452	-0.183944	-0.181723	-0.17939	-0.177029	-0.171408	
0.282899	-0.0173917	-0.306983	-0.547932	-0.717503	-0.818387	-0.838439	-0.783725	-0.683742	-0.551396	-0.42078	-0.325917	-0.274405	-0.263968	-0.268257	-0.269984	-0.251075	-0.225753	-0.203125	-0.189473	-0.183835	-0.179755	-0.178548	-0.178235	-0.177936	
0.449589	0.15611	-0.139334	-0.408143	-0.616137	-0.760768	-0.834905	-0.828506	-0.763454	-0.656147	-0.52793	-0.40938	-0.316586	-0.273087	-0.261394	-0.265789	-0.269821	-0.256576	-0.242085	-0.219064	-0.204684	-0.18895	-0.182481	-0.174157	-0.17395	
0.618179	0.337102	0.045854	-0.239528	-0.481578	-0.665437	-0.789898	-0.839085	-0.821003	-0.749637	-0.636477	-0.519671	-0.408204	-0.321001	-0.2778	-0.257486	-0.261312	-0.2618	-0.259996	-0.250964	-0.239338	-0.226229	-0.212964	-0.201253	-0.192395	
0.782536	0.520621	0.241782	-0.0465463	-0.314119	-0.532734	-0.701318	-0.805108	-0.837907	-0.818895	-0.743129	-0.632606	-0.523096	-0.41499	-0.335898	-0.286293	-0.261115	-0.257041	-0.255489	-0.257297	-0.252084	-0.249532	-0.241507	-0.235074	-0.225336	
