0.898212	0.927554	0.949679	0.961812	0.966717	0.967499	0.964048	0.955813	0.937003	0.911133	0.875574	0.832169	0.786339	0.731874	0.680745	0.63235	0.57631	0.52577	0.478114	0.428523	0.391701	0.370189	0.363961	0.383632	0.426653	
0.750131	0.754303	0.756183	0.756435	0.758386	0.758995	0.756756	0.756687	0.754934	0.752624	0.742895	0.725383	0.7083	0.683008	0.658374	0.639198	0.615272	0.595415	0.57612	0.55005	0.529226	0.51781	0.51682	0.537222	0.580723	
0.567617	0.560221	0.559621	0.557492	0.556943	0.55678	0.556714	0.559452	0.559212	0.563781	0.575147	0.587188	0.599413	0.604997	0.608773	0.609566	0.60412	0.60609	0.608023	0.605091	0.608637	0.61429	0.625152	0.656242	0.706712	
0.406882	0.391549	0.380688	0.372141	0.372383	0.373237	0.371413	0.376995	0.386578	0.399918	0.418044	0.440529	0.469559	0.495828	0.519407	0.539151	0.548523	0.560417	0.57571	0.590759	0.615887	0.646734	0.678204	0.723986	0.787255	
0.27459	0.255231	0.239518	0.222485	0.21416	0.212595	0.217573	0.232813	0.248755	0.26616	0.289549	0.312266	0.335992	0.364899	0.397544	0.428316	0.455378	0.482715	0.505948	0.531957	0.570441	0.616024	0.668371	0.731175	0.803508	
0.164226	0.146616	0.129355	0.112438	0.105548	0.104634	0.108314	0.121964	0.139599	0.156969	0.177609	0.198084	0.218753	0.244461	0.275614	0.310694	0.347424	0.385809	0.418255	0.446219	0.483407	0.529841	0.58822	0.66682	0.755942	
0.0710663	0.0568365	0.0471064	0.0397039	0.0410893	0.0420069	0.0395937	0.0434677	0.052997	0.0641659	0.0847267	0.108921	0.129855	0.154732	0.178838	0.203092	0.2364	0.273	0.308028	0.344899	0.381734	0.422374	0.477321	0.554802	0.655222	
0.0114351	0.00355082	-0.0015055	-0.00578436	-0.00871139	-0.00979283	-0.00693117	-0.00314109	0.00121008	0.00713394	0.0214015	0.0395957	0.0570242	0.0821505	0.104731	0.120111	0.141143	0.167453	0.19557	0.23251	0.275346	0.317334	0.368724	0.438075	0.530929	
-0.019524	-0.024203	-0.0323346	-0.0395057	-0.040735	-0.0401708	-0.0404063	-0.0366013	-0.0263657	-0.0213247	-0.0148166	-0.0041276	0.00400596	0.0199577	0.0363134	0.05135	0.072727	0.0898948	0.10954	0.140822	0.176216	0.21725	0.267354	0.327499	0.406037	
-0.0425627	-0.0466443	-0.0515515	-0.0532142	-0.0566275	-0.0581386	-0.0542212	-0.0526055	-0.0485833	-0.0440684	-0.0380865	-0.031746	-0.0300895	-0.0197764	-0.00736288	0.00194865	0.019899	0.0344013	0.0456201	0.068923	0.0957659	0.127242	0.175383	0.232249	0.301453	
-0.055821	-0.0572659	-0.06138	-0.0614044	-0.0646778	-0.0655775	-0.0618705	-0.0620605	-0.0589626	-0.0563679	-0.0557155	-0.0515743	-0.0482953	-0.0422077	-0.0367089	-0.0296822	-0.0151515	-0.00474208	0.00366206	0.0170169	0.0338274	0.0579862	0.096436	0.148388	0.214619	
-0.0656732	-0.0693508	-0.0710495	-0.0655133	-0.0633226	-0.062991	-0.0637399	-0.0696575	-0.0699989	-0.0671433	-0.0648997	-0.0584297	-0.0548149	-0.0529387	-0.0516993	-0.0503022	-0.0430499	-0.0370151	-0.0275586	-0.0145804	-0.00676019	0.0110199	0.044494	0.0854602	0.14427	
-0.0668722	-0.0684381	-0.068647	-0.0655593	-0.0702054	-0.0722544	-0.0668141	-0.0672171	-0.0692523	-0.0666556	-0.0679567	-0.0687766	-0.0633887	-0.0590797	-0.0588443	-0.0591665	-0.0589177	-0.0580031	-0.0494888	-0.0360052	-0.0284256	-0.0190538	0.00704543	0.0425933	0.0902924	
-0.0644108	-0.0646545	-0.0665829	-0.0701167	-0.0736085	-0.0733469	-0.0714787	-0.0684182	-0.0651758	-0.0637148	-0.0669359	-0.0698713	-0.0700016	-0.0714072	-0.0688605	-0.062207	-0.060452	-0.0638723	-0.0614961	-0.0522478	-0.0415674	-0.0322238	-0.0195597	0.00780817	0.049086	
-0.066779	-0.0706581	-0.0725202	-0.0689358	-0.0663147	-0.0664646	-0.0675842	-0.0705183	-0.0728135	-0.0682602	-0.0679307	-0.0697584	-0.0679237	-0.0720697	-0.0710012	-0.0646991	-0.0640521	-0.0627781	-0.063876	-0.0684304	-0.0613172	-0.0438766	-0.0313265	-0.0135521	0.0224214	
-0.0719752	-0.0735294	-0.0695865	-0.0663152	-0.0664156	-0.0674152	-0.0668711	-0.066993	-0.0726367	-0.0730776	-0.0714253	-0.0693245	-0.0617568	-0.0650552	-0.0711652	-0.0704091	-0.0738971	-0.0697726	-0.0615132	-0.0687028	-0.0715483	-0.0557814	-0.0382709	-0.0204115	0.00669515	
-0.066609	-0.0664904	-0.0650832	-0.0709768	-0.070514	-0.0687863	-0.0718778	-0.0672774	-0.0651225	-0.0663325	-0.0669879	-0.07067	-0.0696935	-0.0695583	-0.06949	-0.0678846	-0.0749518	-0.0761323	-0.0647891	-0.0610301	-0.0655115	-0.0624859	-0.0511188	-0.0306346	-0.00463462	
-0.066562	-0.065463	-0.0640137	-0.0710786	-0.0687291	-0.066724	-0.0713381	-0.0665483	-0.0651364	-0.0666582	-0.0649892	-0.0711448	-0.0739964	-0.0712966	-0.0689802	-0.0654941	-0.0664145	-0.0698323	-0.0724453	-0.0684761	-0.0628293	-0.0636848	-0.0618217	-0.0449485	-0.0149202	
-0.0745587	-0.0718073	-0.0671626	-0.0671571	-0.0640663	-0.0632689	-0.0664023	-0.0666899	-0.0692953	-0.0748613	-0.0694327	-0.0619023	-0.0663286	-0.0692167	-0.067266	-0.0702157	-0.0687708	-0.0654783	-0.0747008	-0.0774556	-0.0665442	-0.0612518	-0.0612519	-0.049699	-0.0229949	
-0.0664558	-0.0634348	-0.0700167	-0.0675027	-0.0659511	-0.067179	-0.0662306	-0.0697904	-0.0654654	-0.0644386	-0.0694254	-0.0654139	-0.0661803	-0.0684216	-0.0676402	-0.0738136	-0.0738021	-0.0657138	-0.067302	-0.0723287	-0.067634	-0.0611636	-0.0598795	-0.0538402	-0.0347885	
-0.0648226	-0.0633969	-0.0652025	-0.0651062	-0.0684757	-0.0699703	-0.0660835	-0.0655169	-0.064201	-0.0642753	-0.0663865	-0.0704748	-0.0713043	-0.0644229	-0.0670256	-0.0708211	-0.0680827	-0.0679306	-0.0675468	-0.0692504	-0.0703919	-0.0677759	-0.0610754	-0.0560582	-0.0432093	
-0.0681081	-0.0707718	-0.0645747	-0.0641215	-0.0664302	-0.0654184	-0.0647309	-0.0641885	-0.0678323	-0.0704618	-0.0633778	-0.0650855	-0.0724455	-0.0667729	-0.0634659	-0.0662356	-0.0677622	-0.070339	-0.0708503	-0.0680561	-0.0703682	-0.074811	-0.0632394	-0.0541052	-0.046724	
-0.0648109	-0.0659721	-0.069093	-0.0665701	-0.0640431	-0.062709	-0.0652186	-0.0694186	-0.0667731	-0.0645407	-0.0674918	-0.0629758	-0.0618896	-0.0706185	-0.0704373	-0.0671241	-0.0682123	-0.0713716	-0.0720232	-0.0640146	-0.0641734	-0.0718677	-0.0654908	-0.0555156	-0.0508075	
-0.0655064	-0.0625898	-0.0658946	-0.0635869	-0.0661394	-0.0679139	-0.0637158	-0.0657092	-0.0642115	-0.0624506	-0.0712394	-0.0684905	-0.0610906	-0.0657157	-0.0713779	-0.068668	-0.060885	-0.0687325	-0.0741111	-0.0669046	-0.0677477	-0.0695454	-0.0692009	-0.0610152	-0.0532725	
-0.0620695	-0.0646437	-0.0649734	-0.0622947	-0.0671861	-0.0703226	-0.0628777	-0.0627642	-0.0668365	-0.0618106	-0.0630512	-0.0717058	-0.0700247	-0.0620514	-0.0653413	-0.0701	-0.0657597	-0.0664959	-0.0670373	-0.069414	-0.0717387	-0.067749	-0.0698158	-0.0659228	-0.0581662	
-0.0631295	-0.0694777	-0.0688381	-0.0656827	-0.061094	-0.060859	-0.0644567	-0.066613	-0.0705593	-0.0664728	-0.0608474	-0.0643945	-0.0648068	-0.0669447	-0.0668996	-0.064059	-0.0727579	-0.0708765	-0.0637798	-0.071362	-0.0704281	-0.0633526	-0.0660958	-0.0669023	-0.06053	
-0.0694777	-0.0652871	-0.0601309	-0.0671093	-0.0649955	-0.0625814	-0.0684177	-0.0622879	-0.0613288	-0.0695653	-0.0671283	-0.062492	-0.0639071	-0.070268	-0.0667361	-0.061295	-0.0698445	-0.0681257	-0.0645826	-0.0713772	-0.0727866	-0.0662732	-0.0664146	-0.0709338	-0.0620651	
-0.0688381	-0.0601309	-0.0566801	-0.0688991	-0.0681617	-0.0648468	-0.0705536	-0.0615093	-0.0565359	-0.0666648	-0.0662884	-0.0651823	-0.0686912	-0.0663055	-0.0641337	-0.0679376	-0.0699997	-0.0642826	-0.0645977	-0.0679308	-0.07113	-0.0701765	-0.0660432	-0.071589	-0.0654272	
-0.0656827	-0.0671093	-0.0688991	-0.0681044	-0.0591337	-0.0558735	-0.0652791	-0.0694995	-0.0673419	-0.0671513	-0.0633817	-0.0622329	-0.0656563	-0.065212	-0.0647009	-0.0661805	-0.067739	-0.0690959	-0.0711702	-0.0688634	-0.0667356	-0.0709025	-0.0667926	-0.065307	-0.0644837	
-0.061094	-0.0649955	-0.0681617	-0.0591337	-0.0655932	-0.0699421	-0.0594501	-0.0646924	-0.0675741	-0.0609652	-0.0654731	-0.0668189	-0.0648473	-0.065253	-0.067552	-0.0683961	-0.0627978	-0.067026	-0.0711523	-0.0671184	-0.0658785	-0.0706618	-0.0734796	-0.064922	-0.0643942	
-0.060859	-0.0625814	-0.0648468	-0.0558735	-0.0699421	-0.0771026	-0.0579992	-0.0609804	-0.065968	-0.058718	-0.0669873	-0.0703468	-0.0645303	-0.0629207	-0.068203	-0.0708022	-0.0622777	-0.0657706	-0.0696226	-0.0667695	-0.0669466	-0.0699281	-0.0750373	-0.0652515	-0.0640513	
-0.0644567	-0.0684177	-0.0705536	-0.0652791	-0.0594501	-0.0579992	-0.0621454	-0.0695493	-0.0698822	-0.0657006	-0.0637922	-0.0630514	-0.0641753	-0.0651834	-0.0658959	-0.0658936	-0.0659997	-0.0694714	-0.0718112	-0.0691821	-0.0663699	-0.0705253	-0.0691788	-0.0642098	-0.0639587	
-0.066613	-0.0622879	-0.0615093	-0.0694995	-0.0646924	-0.0609804	-0.0695493	-0.0653076	-0.0597245	-0.0660163	-0.0644933	-0.063451	-0.0687632	-0.0671189	-0.0639053	-0.0676428	-0.0694845	-0.0654237	-0.0672081	-0.0672459	-0.0684152	-0.071033	-0.0659868	-0.0697221	-0.0659174	
-0.0705593	-0.0613288	-0.0565359	-0.0673419	-0.0675741	-0.065968	-0.0698822	-0.0597245	-0.0573643	-0.0687359	-0.068367	-0.0647274	-0.0658708	-0.0676299	-0.0653783	-0.0643719	-0.0689836	-0.0662953	-0.0648904	-0.0697633	-0.0735189	-0.0681214	-0.0662382	-0.0719376	-0.062718	
-0.0664728	-0.0695653	-0.0666648	-0.0671513	-0.0609652	-0.058718	-0.0657006	-0.0660163	-0.0687359	-0.0693601	-0.0626946	-0.0618003	-0.063157	-0.0688191	-0.0677418	-0.0620813	-0.0721692	-0.0709963	-0.0635001	-0.0717152	-0.0715839	-0.0635786	-0.065928	-0.0681287	-0.0611107	
-0.0608474	-0.0671283	-0.0662884	-0.0633817	-0.0654731	-0.0669873	-0.0637922	-0.0644933	-0.068367	-0.0626946	-0.0602621	-0.0693111	-0.0700925	-0.064071	-0.0650277	-0.0680319	-0.0697792	-0.0676609	-0.0644318	-0.0705196	-0.0707427	-0.0656759	-0.0683308	-0.0663404	-0.0603634	
-0.0643945	-0.062492	-0.0651823	-0.0622329	-0.0668189	-0.0703468	-0.0630514	-0.063451	-0.0647274	-0.0618003	-0.0693111	-0.0716909	-0.0641553	-0.0628581	-0.0690763	-0.0690882	-0.0611925	-0.0673325	-0.0725391	-0.0690831	-0.069707	-0.0692099	-0.0702441	-0.0633846	-0.0546954	
-0.0648068	-0.0639071	-0.0686912	-0.0656563	-0.0648473	-0.0645303	-0.0641753	-0.0687632	-0.0658708	-0.063157	-0.0700925	-0.0641553	-0.0591602	-0.0697706	-0.0724744	-0.0681901	-0.0654004	-0.0705042	-0.0732869	-0.0636894	-0.0641746	-0.0709154	-0.0670132	-0.057708	-0.0515523	
-0.0669447	-0.070268	-0.0663055	-0.065212	-0.065253	-0.0629207	-0.0651834	-0.0671189	-0.0676299	-0.0688191	-0.064071	-0.0628581	-0.0697706	-0.069097	-0.0645436	-0.0662256	-0.0689151	-0.071315	-0.0710631	-0.0657917	-0.0684845	-0.0744534	-0.0636543	-0.0536838	-0.048474	
-0.0668996	-0.0667361	-0.0641337	-0.0647009	-0.067552	-0.068203	-0.0658959	-0.0639053	-0.0653783	-0.0677418	-0.0650277	-0.0690763	-0.0724744	-0.0645436	-0.0657584	-0.0680949	-0.0665298	-0.0688955	-0.0690003	-0.0700698	-0.0714648	-0.0709735	-0.0621025	-0.0553104	-0.0451701	
-0.064059	-0.061295	-0.0679376	-0.0661805	-0.0683961	-0.0708022	-0.0658936	-0.0676428	-0.0643719	-0.0620813	-0.0680319	-0.0690882	-0.0681901	-0.0662256	-0.0680949	-0.0739372	-0.0722155	-0.0663489	-0.0666034	-0.06982	-0.0677793	-0.0630281	-0.0599603	-0.055979	-0.0388757	
-0.0727579	-0.0698445	-0.0699997	-0.067739	-0.0627978	-0.0622777	-0.0659997	-0.0694845	-0.0689836	-0.0721692	-0.0697792	-0.0611925	-0.0654004	-0.0689151	-0.0665298	-0.0722155	-0.0718462	-0.0657468	-0.0719332	-0.0759768	-0.0676673	-0.0609095	-0.0604895	-0.0510589	-0.0268655	
-0.0708765	-0.0681257	-0.0642826	-0.0690959	-0.067026	-0.0657706	-0.0694714	-0.0654237	-0.0662953	-0.0709963	-0.0676609	-0.0673325	-0.0705042	-0.071315	-0.0688955	-0.0663489	-0.0657468	-0.0663597	-0.0744662	-0.0743652	-0.0639646	-0.0632372	-0.0627462	-0.0470775	-0.0184591	
-0.0637798	-0.0645826	-0.0645977	-0.0711702	-0.0711523	-0.0696226	-0.0718112	-0.0672081	-0.0648904	-0.0635001	-0.0644318	-0.0725391	-0.0732869	-0.0710631	-0.0690003	-0.0666034	-0.0719332	-0.0744662	-0.0682244	-0.0618813	-0.0626536	-0.0631775	-0.056007	-0.037174	-0.00931067	
-0.071362	-0.0713772	-0.0679308	-0.0688634	-0.0671184	-0.0667695	-0.0691821	-0.0672459	-0.0697633	-0.0717152	-0.0705196	-0.0690831	-0.0636894	-0.0657917	-0.0700698	-0.06982	-0.0759768	-0.0743652	-0.0618813	-0.064685	-0.0708662	-0.0591978	-0.0433113	-0.0235615	0.00257397	
-0.0704281	-0.0727866	-0.07113	-0.0667356	-0.0658785	-0.0669466	-0.0663699	-0.0684152	-0.0735189	-0.0715839	-0.0707427	-0.069707	-0.0641746	-0.0684845	-0.0714648	-0.0677793	-0.0676673	-0.0639646	-0.0626536	-0.0708662	-0.0678231	-0.0490921	-0.0337182	-0.0171333	0.0149756	
-0.0633526	-0.0662732	-0.0701765	-0.0709025	-0.0706618	-0.0699281	-0.0705253	-0.071033	-0.0681214	-0.0635786	-0.0656759	-0.0692099	-0.0709154	-0.0744534	-0.0709735	-0.0630281	-0.0609095	-0.0632372	-0.0631775	-0.0591978	-0.0490921	-0.0359541	-0.0255869	-0.00329274	0.0367333	
-0.0660958	-0.0664146	-0.0660432	-0.0667926	-0.0734796	-0.0750373	-0.0691788	-0.0659868	-0.0662382	-0.065928	-0.0683308	-0.0702441	-0.0670132	-0.0636543	-0.0621025	-0.0599603	-0.0604895	-0.0627462	-0.056007	-0.0433113	-0.0337182	-0.0255869	-0.00567005	0.0282963	0.0727305	
-0.0669023	-0.0709338	-0.071589	-0.065307	-0.064922	-0.0652515	-0.0642098	-0.0697221	-0.0719376	-0.0681287	-0.0663404	-0.0633846	-0.057708	-0.0536838	-0.0553104	-0.055979	-0.0510589	-0.0470775	-0.037174	-0.0235615	-0.0171333	-0.00329274	0.0282963	0.0665369	0.120241	
-0.06053	-0.0620651	-0.0654272	-0.0644837	-0.0643942	-0.0640513	-0.0639587	-0.0659174	-0.062718	-0.0611107	-0.0603634	-0.0546954	-0.0515523	-0.048474	-0.0451701	-0.0388757	-0.0268655	-0.0184591	-0.00931067	0.00257397	0.0149756	0.0367333	0.0727305	0.120241	0.184209	
