-0.0365992	-0.0721349	-0.0810162	-0.0792491	-0.085605	-0.0881276	-0.0813484	-0.0797163	-0.0782547	-0.0546044	0.00260241	0.104676	0.259731	0.454344	0.654984	0.816524	0.918373	0.952744	0.910373	0.80195	0.664934	0.530863	0.417419	0.342496	0.296146	
-0.122831	-0.144221	-0.142008	-0.139196	-0.144708	-0.146405	-0.14075	-0.139596	-0.14509	-0.135463	-0.0903609	-0.00193368	0.138626	0.31737	0.493403	0.636854	0.728546	0.759077	0.719022	0.624086	0.506328	0.390478	0.287633	0.216076	0.184567	
-0.229832	-0.242944	-0.233778	-0.228759	-0.22757	-0.227709	-0.228063	-0.230958	-0.240613	-0.23887	-0.204572	-0.13689	-0.0247895	0.125603	0.268646	0.388678	0.470466	0.497803	0.468506	0.400091	0.315337	0.227096	0.141661	0.0833465	0.0670428	
-0.37334	-0.37644	-0.3571	-0.34136	-0.332083	-0.328457	-0.337376	-0.349087	-0.370358	-0.378326	-0.356239	-0.307368	-0.224449	-0.110498	0.00159196	0.0949286	0.165091	0.196511	0.186734	0.149231	0.102318	0.0468001	-0.0132572	-0.0461942	-0.0452637	
-0.539148	-0.527327	-0.497438	-0.466544	-0.446742	-0.443394	-0.456552	-0.484228	-0.517166	-0.537429	-0.531794	-0.500677	-0.443139	-0.361587	-0.276365	-0.198591	-0.137296	-0.0995701	-0.0927804	-0.108229	-0.123569	-0.149429	-0.181028	-0.184362	-0.155672	
-0.696405	-0.671836	-0.631053	-0.58973	-0.565596	-0.56138	-0.578072	-0.612605	-0.657245	-0.688937	-0.699186	-0.680456	-0.636374	-0.579093	-0.515607	-0.454813	-0.405396	-0.372364	-0.351619	-0.352515	-0.360069	-0.362609	-0.356755	-0.330055	-0.275572	
-0.813525	-0.783819	-0.739007	-0.697831	-0.675292	-0.671108	-0.687002	-0.720214	-0.766771	-0.804887	-0.816106	-0.802413	-0.766188	-0.719486	-0.675604	-0.642946	-0.61495	-0.597757	-0.579484	-0.574304	-0.578497	-0.565061	-0.526992	-0.473619	-0.410392	
-0.862145	-0.840863	-0.806541	-0.776051	-0.756825	-0.75215	-0.767255	-0.793762	-0.827221	-0.856033	-0.861836	-0.842198	-0.805646	-0.76756	-0.745054	-0.741754	-0.746069	-0.75207	-0.747761	-0.743806	-0.739166	-0.721467	-0.674236	-0.608906	-0.540667	
-0.832651	-0.828045	-0.816968	-0.804218	-0.795417	-0.792883	-0.800721	-0.811727	-0.82349	-0.832898	-0.825606	-0.799989	-0.76604	-0.738598	-0.725357	-0.74473	-0.78467	-0.818144	-0.834526	-0.841126	-0.838581	-0.820684	-0.777242	-0.71554	-0.654157	
-0.734277	-0.750424	-0.765422	-0.770675	-0.768588	-0.766811	-0.7707	-0.768578	-0.756941	-0.741104	-0.720376	-0.688894	-0.657228	-0.642935	-0.64795	-0.683934	-0.745479	-0.807278	-0.85142	-0.873813	-0.876675	-0.864676	-0.834939	-0.794052	-0.744739	
-0.583942	-0.621173	-0.657493	-0.679868	-0.688878	-0.690404	-0.684768	-0.667714	-0.637067	-0.598469	-0.562546	-0.528157	-0.50181	-0.502186	-0.52961	-0.581501	-0.659861	-0.744562	-0.809283	-0.846261	-0.859332	-0.856577	-0.846413	-0.828715	-0.799673	
-0.397456	-0.448658	-0.504679	-0.550093	-0.570567	-0.574703	-0.560993	-0.524971	-0.471172	-0.416936	-0.372063	-0.337534	-0.324202	-0.347458	-0.405156	-0.475477	-0.56444	-0.655346	-0.725631	-0.768862	-0.792371	-0.805617	-0.817899	-0.830056	-0.826299	
-0.203384	-0.264051	-0.333365	-0.399147	-0.437229	-0.44175	-0.419338	-0.360941	-0.291199	-0.225766	-0.175579	-0.146342	-0.153872	-0.20159	-0.284134	-0.381379	-0.472187	-0.554075	-0.616325	-0.664386	-0.699866	-0.73043	-0.767018	-0.809182	-0.837857	
-0.0369411	-0.0959808	-0.172651	-0.248985	-0.292632	-0.298787	-0.271719	-0.205744	-0.124444	-0.0584877	-0.00970967	0.0114903	-0.0118443	-0.0763791	-0.174564	-0.285045	-0.382591	-0.461403	-0.519921	-0.565901	-0.613236	-0.662507	-0.717945	-0.783967	-0.840275	
0.0874471	0.0329296	-0.0392861	-0.109456	-0.154558	-0.163743	-0.130959	-0.0693282	0.00568754	0.0685485	0.107761	0.117293	0.0847731	0.0117976	-0.089173	-0.202518	-0.307023	-0.386261	-0.440376	-0.491524	-0.55218	-0.609088	-0.67687	-0.765663	-0.839233	
0.164357	0.112807	0.0425326	-0.0171879	-0.0599414	-0.0701974	-0.035888	0.0160166	0.0854668	0.147616	0.178948	0.175514	0.130771	0.0515092	-0.040028	-0.142464	-0.239483	-0.307933	-0.363302	-0.422363	-0.489403	-0.555	-0.63899	-0.742332	-0.829719	
0.199201	0.158752	0.0937183	0.0350874	-0.00736829	-0.0168303	0.0165476	0.0678067	0.134112	0.187679	0.203489	0.186383	0.126818	0.0454482	-0.03358	-0.113603	-0.189973	-0.24599	-0.29803	-0.35765	-0.429206	-0.506351	-0.593883	-0.703841	-0.799779	
0.190445	0.168801	0.118577	0.0654604	0.028596	0.0217479	0.0482151	0.0954317	0.151318	0.185789	0.186657	0.154822	0.0866714	0.0125747	-0.0510215	-0.107161	-0.159383	-0.199646	-0.24468	-0.301786	-0.379252	-0.455749	-0.540399	-0.645813	-0.741497	
0.147343	0.146298	0.117638	0.0772545	0.0472345	0.0429602	0.0623922	0.101917	0.137509	0.150474	0.13363	0.0897593	0.0279954	-0.0314642	-0.0769847	-0.10703	-0.133035	-0.163166	-0.199547	-0.244616	-0.312849	-0.385429	-0.468912	-0.564342	-0.657777	
0.0928751	0.107177	0.0944987	0.0623209	0.0391674	0.0335909	0.0514283	0.0822097	0.105598	0.101849	0.0710254	0.0219593	-0.0329556	-0.0777775	-0.107591	-0.113832	-0.114846	-0.122964	-0.137751	-0.165513	-0.2196	-0.293636	-0.380674	-0.472154	-0.568819	
0.0448523	0.0672774	0.0601148	0.0314135	0.016181	0.0126473	0.0238156	0.0481458	0.0691106	0.0566365	0.02336	-0.0209485	-0.0732259	-0.113467	-0.130237	-0.118549	-0.0996517	-0.0797254	-0.0668932	-0.0690546	-0.106394	-0.182784	-0.280599	-0.388181	-0.499166	
0.0200256	0.0357758	0.028874	0.0122132	-0.00240606	-0.00549425	0.00554433	0.0228117	0.0350435	0.0294714	0.000293461	-0.0402045	-0.0836427	-0.117573	-0.128406	-0.107617	-0.067348	-0.02871	0.00410654	0.0181848	-0.00409936	-0.073308	-0.179655	-0.312003	-0.452878	
0.0180084	0.025586	0.0154941	0.00832497	-0.00271712	-0.00445109	0.00348085	0.0129719	0.0220715	0.0235775	0.00287024	-0.0297947	-0.0639448	-0.0946938	-0.0978723	-0.0712873	-0.0193134	0.0347793	0.0819708	0.105011	0.0831596	0.0101863	-0.111024	-0.261289	-0.431166	
0.0440295	0.0470977	0.0363609	0.0226489	0.0109291	0.00813417	0.017944	0.0304235	0.0443173	0.0475442	0.0327982	0.00436309	-0.0311405	-0.0550883	-0.0517617	-0.0208719	0.0381172	0.107591	0.156993	0.170471	0.136452	0.0543867	-0.0782285	-0.253367	-0.442476	
0.0934907	0.0994924	0.0862923	0.0633664	0.045994	0.0423718	0.0561777	0.0764576	0.0966909	0.0981136	0.0795222	0.0404105	2.36324e-05	-0.0155958	-0.0056362	0.0325554	0.0902289	0.158667	0.195882	0.195141	0.1472	0.0550647	-0.089234	-0.277749	-0.473601	
0.135986	0.150555	0.145117	0.124982	0.102077	0.0971209	0.114435	0.138918	0.150031	0.144625	0.113989	0.0620543	0.0244683	0.0167561	0.0320418	0.0715038	0.125662	0.176452	0.200556	0.18369	0.123421	0.0184807	-0.132172	-0.318865	-0.512259	
0.150555	0.183803	0.195001	0.183479	0.170273	0.168024	0.177018	0.19203	0.190801	0.166699	0.121696	0.0658133	0.0301555	0.0281139	0.0532753	0.090226	0.131948	0.16243	0.168548	0.133696	0.0708241	-0.0383381	-0.19432	-0.373315	-0.556922	
0.145117	0.195001	0.227383	0.236642	0.23754	0.239464	0.236412	0.234058	0.209928	0.166959	0.110033	0.0531322	0.0202514	0.0196491	0.0471456	0.0806493	0.110957	0.120812	0.107995	0.0644898	-0.000563645	-0.113845	-0.267255	-0.436104	-0.600666	
0.124982	0.183479	0.236642	0.276642	0.296528	0.300006	0.286244	0.255711	0.205023	0.149281	0.0872925	0.0352181	0.011396	0.00898702	0.0215921	0.0502759	0.0747913	0.0726304	0.0496592	0.00740954	-0.0660171	-0.190134	-0.338948	-0.491022	-0.631294	
0.102077	0.170273	0.23754	0.296528	0.333855	0.340319	0.31488	0.262857	0.198075	0.128134	0.0668152	0.0218011	0.00123786	-0.00455083	0.00719673	0.0310069	0.0467717	0.0390117	0.00812212	-0.0350162	-0.111416	-0.233835	-0.381146	-0.518002	-0.645087	
0.0971209	0.168024	0.239464	0.300006	0.340319	0.346804	0.320212	0.264838	0.197732	0.123728	0.0615745	0.018708	-0.00111861	-0.00692346	0.00356586	0.0261261	0.0418594	0.0332101	-6.52147e-05	-0.0457663	-0.120992	-0.240921	-0.385868	-0.522371	-0.647695	
0.114435	0.177018	0.236412	0.286244	0.31488	0.320212	0.300095	0.258727	0.201409	0.139335	0.0787144	0.0297645	0.00716453	0.00282681	0.0146273	0.0411761	0.0612327	0.0562988	0.0309505	-0.010677	-0.086805	-0.212315	-0.361392	-0.505619	-0.63828	
0.138918	0.19203	0.234058	0.255711	0.262857	0.264838	0.258727	0.246411	0.209835	0.161959	0.101429	0.0455174	0.016454	0.0163174	0.0368099	0.0685165	0.0974005	0.100633	0.0823514	0.0392088	-0.0289936	-0.147276	-0.297022	-0.460238	-0.614747	
0.150031	0.190801	0.209928	0.205023	0.198075	0.197732	0.201409	0.209835	0.201046	0.168747	0.118869	0.0627917	0.0270356	0.0256225	0.0546905	0.0906994	0.126132	0.148523	0.146407	0.106772	0.0435486	-0.0659435	-0.222731	-0.397939	-0.57564	
0.144625	0.166699	0.166959	0.149281	0.128134	0.123728	0.139335	0.161959	0.168747	0.156597	0.119811	0.0656447	0.0294631	0.0238762	0.0437801	0.0819133	0.131381	0.174685	0.192458	0.167988	0.105647	-0.00195203	-0.15562	-0.339158	-0.529628	
0.113989	0.121696	0.110033	0.0872925	0.0668152	0.0615745	0.0787144	0.101429	0.118869	0.119811	0.0962027	0.0509269	0.0110739	-0.000901092	0.010058	0.0498675	0.107331	0.16966	0.200986	0.194417	0.141799	0.0430911	-0.103272	-0.29271	-0.488869	
0.0620543	0.0658133	0.0531322	0.0352181	0.0218011	0.018708	0.0297645	0.0455174	0.0627917	0.0656447	0.0509269	0.0197764	-0.0182363	-0.0394126	-0.0317044	0.0019671	0.0600035	0.132413	0.178138	0.185651	0.145546	0.0606082	-0.0774906	-0.25994	-0.45359	
0.0244683	0.0301555	0.0202514	0.011396	0.00123786	-0.00111861	0.00716453	0.016454	0.0270356	0.0294631	0.0110739	-0.0182363	-0.0510925	-0.0793399	-0.0809019	-0.0526717	0.00311611	0.0641137	0.11399	0.13483	0.10919	0.0331084	-0.0928866	-0.253574	-0.431639	
0.0167561	0.0281139	0.0196491	0.00898702	-0.00455083	-0.00692346	0.00282681	0.0163174	0.0256225	0.0238762	-0.000901092	-0.0394126	-0.0793399	-0.111569	-0.118509	-0.0955985	-0.0493059	-0.00484626	0.0342181	0.0539241	0.033369	-0.0357801	-0.147847	-0.286943	-0.440626	
0.0320418	0.0532753	0.0471456	0.0215921	0.00719673	0.00356586	0.0146273	0.0368099	0.0546905	0.0437801	0.010058	-0.0317044	-0.0809019	-0.118509	-0.133932	-0.117441	-0.0894254	-0.0605049	-0.0383944	-0.0334314	-0.0636504	-0.137811	-0.237408	-0.35685	-0.478959	
0.0715038	0.090226	0.0806493	0.0502759	0.0310069	0.0261261	0.0411761	0.0685165	0.0906994	0.0819133	0.0498675	0.0019671	-0.0526717	-0.0955985	-0.117441	-0.115598	-0.109796	-0.106138	-0.10972	-0.127257	-0.174509	-0.250133	-0.343023	-0.437047	-0.537845	
0.125662	0.131948	0.110957	0.0747913	0.0467717	0.0418594	0.0612327	0.0974005	0.126132	0.131381	0.107331	0.0600035	0.00311611	-0.0493059	-0.0894254	-0.109796	-0.124964	-0.147886	-0.177313	-0.216057	-0.278988	-0.35124	-0.434709	-0.52726	-0.621232	
0.176452	0.16243	0.120812	0.0726304	0.0390117	0.0332101	0.0562988	0.100633	0.148523	0.174685	0.16966	0.132413	0.0641137	-0.00484626	-0.0605049	-0.106138	-0.147886	-0.184565	-0.22659	-0.279764	-0.355541	-0.430702	-0.514422	-0.616053	-0.71108	
0.200556	0.168548	0.107995	0.0496592	0.00812212	-6.52147e-05	0.0309505	0.0823514	0.146407	0.192458	0.200986	0.178138	0.11399	0.0342181	-0.0383944	-0.10972	-0.177313	-0.22659	-0.275696	-0.33487	-0.409363	-0.487498	-0.574456	-0.683764	-0.779854	
0.18369	0.133696	0.0644898	0.00740954	-0.0350162	-0.0457663	-0.010677	0.0392088	0.106772	0.167988	0.194417	0.185651	0.13483	0.0539241	-0.0334314	-0.127257	-0.216057	-0.279764	-0.33487	-0.39541	-0.463951	-0.534811	-0.621275	-0.728817	-0.82049	
0.123421	0.0708241	-0.000563645	-0.0660171	-0.111416	-0.120992	-0.086805	-0.0289936	0.0435486	0.105647	0.141799	0.145546	0.10919	0.033369	-0.0636504	-0.174509	-0.278988	-0.355541	-0.409363	-0.463951	-0.528098	-0.587097	-0.661966	-0.757239	-0.83706	
0.0184807	-0.0383381	-0.113845	-0.190134	-0.233835	-0.240921	-0.212315	-0.147276	-0.0659435	-0.00195203	0.0430911	0.0606082	0.0331084	-0.0357801	-0.137811	-0.250133	-0.35124	-0.430702	-0.487498	-0.534811	-0.587097	-0.640067	-0.700832	-0.776798	-0.840447	
-0.132172	-0.19432	-0.267255	-0.338948	-0.381146	-0.385868	-0.361392	-0.297022	-0.222731	-0.15562	-0.103272	-0.0774906	-0.0928866	-0.147847	-0.237408	-0.343023	-0.434709	-0.514422	-0.574456	-0.621275	-0.661966	-0.700832	-0.746738	-0.798327	-0.839402	
-0.318865	-0.373315	-0.436104	-0.491022	-0.518002	-0.522371	-0.505619	-0.460238	-0.397939	-0.339158	-0.29271	-0.25994	-0.253574	-0.286943	-0.35685	-0.437047	-0.52726	-0.616053	-0.683764	-0.728817	-0.757239	-0.776798	-0.798327	-0.823565	-0.832336	
-0.512259	-0.556922	-0.600666	-0.631294	-0.645087	-0.647695	-0.63828	-0.614747	-0.57564	-0.529628	-0.488869	-0.45359	-0.431639	-0.440626	-0.478959	-0.537845	-0.621232	-0.71108	-0.779854	-0.82049	-0.83706	-0.840447	-0.839402	-0.832336	-0.812704	
