0.409699	0.340539	0.267329	0.206083	0.169941	0.163785	0.189047	0.239894	0.311189	0.383354	0.445164	0.482088	0.48507	0.450487	0.388963	0.314784	0.22396	0.142445	0.0763596	0.0129934	-0.0401688	-0.068705	-0.0848882	-0.122028	-0.157496	
0.478977	0.425104	0.363366	0.315975	0.288668	0.284185	0.302895	0.341438	0.400393	0.45946	0.503548	0.524528	0.514814	0.46845	0.394656	0.31646	0.234002	0.152744	0.0834271	0.0168463	-0.0451716	-0.0878915	-0.123633	-0.17141	-0.215287	
0.536585	0.486393	0.427659	0.377894	0.350277	0.345617	0.363776	0.405782	0.462685	0.519782	0.553873	0.565137	0.547726	0.494704	0.419725	0.344775	0.274655	0.201071	0.131261	0.062446	-0.00825607	-0.0710756	-0.130261	-0.19045	-0.244946	
0.564589	0.510519	0.443156	0.379606	0.339963	0.333693	0.359295	0.416491	0.484024	0.546298	0.582875	0.59587	0.582267	0.537677	0.477356	0.414187	0.353575	0.288279	0.223235	0.156002	0.0820029	0.0012602	-0.0859855	-0.167691	-0.242629	
0.557805	0.490319	0.408633	0.33003	0.277534	0.269027	0.304047	0.375686	0.45862	0.532976	0.587122	0.61816	0.621664	0.598902	0.562434	0.515292	0.461492	0.405569	0.352051	0.290995	0.215684	0.122381	0.00462165	-0.113116	-0.221457	
0.525593	0.433032	0.338325	0.25059	0.194588	0.185213	0.222953	0.301652	0.394339	0.490306	0.573237	0.635912	0.667199	0.669281	0.658025	0.625573	0.582778	0.542187	0.504718	0.45433	0.377237	0.272006	0.133109	-0.0245769	-0.173158	
0.480136	0.362566	0.25461	0.166805	0.112273	0.104039	0.139843	0.216393	0.317478	0.432819	0.548752	0.642796	0.705963	0.737202	0.746339	0.733788	0.711561	0.69487	0.676887	0.639233	0.564204	0.449407	0.290729	0.104202	-0.0852481	
0.432395	0.296724	0.177202	0.0861018	0.0320025	0.0227187	0.0595308	0.136855	0.245752	0.377738	0.514414	0.635644	0.731429	0.799004	0.834637	0.844473	0.853374	0.863113	0.862281	0.836926	0.771082	0.650341	0.475334	0.264178	0.0441903	
0.387291	0.244968	0.11912	0.0210635	-0.0384492	-0.0485114	-0.00840688	0.0761212	0.191888	0.32925	0.473754	0.609091	0.734496	0.839913	0.908554	0.948023	0.988777	1.03006	1.04973	1.04463	0.998627	0.88415	0.701265	0.472771	0.230428	
0.344246	0.2047	0.0790458	-0.0218726	-0.0847994	-0.0958328	-0.0529104	0.0350508	0.152488	0.286701	0.431588	0.575699	0.719508	0.855053	0.95851	1.03374	1.10688	1.1786	1.22804	1.25047	1.23134	1.13359	0.954637	0.722928	0.469185	
0.306837	0.168574	0.0496774	-0.0455489	-0.104384	-0.114341	-0.0746664	0.00801191	0.118769	0.249493	0.396831	0.552113	0.705869	0.857425	0.992452	1.10415	1.21045	1.30991	1.39221	1.4451	1.44874	1.37313	1.21022	0.98413	0.730444	
0.281927	0.146932	0.0408113	-0.0411307	-0.0890897	-0.0965922	-0.0650828	0.00437902	0.101101	0.224839	0.375037	0.537986	0.698213	0.856088	1.00991	1.15318	1.28614	1.41418	1.53075	1.61361	1.63717	1.58237	1.44667	1.23825	0.98843	
0.275438	0.152937	0.0640044	0.000901016	-0.0356524	-0.040242	-0.0174102	0.0357089	0.113358	0.22268	0.363079	0.524335	0.68785	0.850211	1.01253	1.16965	1.32612	1.47867	1.62816	1.74185	1.78341	1.74807	1.63878	1.45992	1.2263	
0.284283	0.179158	0.107329	0.0596607	0.033872	0.0299736	0.0466867	0.0860047	0.146305	0.238771	0.360409	0.510214	0.676241	0.847695	1.01318	1.17418	1.34415	1.51691	1.68346	1.81406	1.87492	1.85565	1.76603	1.61458	1.40953	
0.300035	0.210519	0.152657	0.117427	0.0993099	0.0976758	0.107377	0.136919	0.183787	0.261134	0.364102	0.496416	0.660501	0.83864	1.0108	1.17295	1.34739	1.52769	1.69335	1.82261	1.89461	1.89723	1.82492	1.69248	1.51172	
0.301769	0.235559	0.195227	0.174607	0.165898	0.165083	0.169358	0.185111	0.2163	0.272691	0.353316	0.467844	0.61761	0.793057	0.972348	1.14273	1.3172	1.48936	1.64798	1.77049	1.84426	1.86144	1.80745	1.69209	1.52821	
0.265675	0.223742	0.206559	0.199491	0.198939	0.199412	0.198299	0.202977	0.214203	0.24577	0.306264	0.407354	0.54543	0.706947	0.88681	1.06974	1.24311	1.40223	1.54686	1.66643	1.73813	1.75219	1.71155	1.62001	1.48201	
0.166747	0.144672	0.14597	0.154588	0.160451	0.161984	0.157263	0.149435	0.143564	0.15326	0.19959	0.29442	0.427269	0.58103	0.755631	0.945678	1.12826	1.28233	1.41412	1.52329	1.58697	1.59546	1.56081	1.49863	1.39724	
-0.00543677	-0.0172999	-0.00252844	0.0217236	0.039356	0.0411437	0.0305461	0.00746433	-0.0137835	-0.0148856	0.0217958	0.107032	0.236834	0.396992	0.577004	0.773028	0.967438	1.13661	1.26647	1.36018	1.41315	1.41932	1.39948	1.36153	1.29078	
-0.247327	-0.255968	-0.234529	-0.197118	-0.169821	-0.165735	-0.1838	-0.22008	-0.25014	-0.255806	-0.223719	-0.150662	-0.0223904	0.157052	0.361725	0.572198	0.775109	0.959628	1.09904	1.1891	1.23419	1.24259	1.23673	1.22056	1.17548	
-0.543196	-0.543139	-0.517149	-0.476632	-0.44645	-0.442695	-0.461635	-0.501702	-0.535211	-0.547511	-0.522459	-0.450755	-0.315189	-0.113276	0.120725	0.356743	0.573875	0.765432	0.914648	1.01429	1.06685	1.07766	1.07605	1.07352	1.05431	
-0.848616	-0.835261	-0.800725	-0.762336	-0.736025	-0.733082	-0.749005	-0.785293	-0.822401	-0.848178	-0.831667	-0.752004	-0.5978	-0.380141	-0.128264	0.135942	0.378773	0.582802	0.731089	0.835413	0.898426	0.914793	0.915965	0.917832	0.918303	
-1.10783	-1.0845	-1.04067	-0.997617	-0.971428	-0.968341	-0.984068	-1.02264	-1.06721	-1.10451	-1.09346	-1.00819	-0.843961	-0.616921	-0.353821	-0.0676143	0.203176	0.420536	0.56568	0.65824	0.71708	0.740934	0.748854	0.757284	0.764942	
-1.28062	-1.25617	-1.20376	-1.14863	-1.11256	-1.10789	-1.13039	-1.18065	-1.2368	-1.27685	-1.26804	-1.19112	-1.03591	-0.806421	-0.526581	-0.223717	0.0564687	0.278571	0.420558	0.502129	0.548598	0.569388	0.585085	0.598022	0.60945	
-1.36059	-1.33341	-1.27456	-1.2072	-1.16148	-1.15416	-1.18457	-1.24721	-1.31208	-1.35554	-1.35259	-1.2909	-1.15117	-0.92054	-0.626478	-0.316019	-0.0425741	0.167948	0.305119	0.378171	0.408169	0.415281	0.421539	0.433412	0.450693	
-1.36749	-1.32344	-1.25232	-1.17973	-1.13026	-1.12142	-1.15591	-1.22207	-1.297	-1.35452	-1.37077	-1.32319	-1.18873	-0.960888	-0.666879	-0.360997	-0.0946138	0.106495	0.234476	0.293899	0.303438	0.290099	0.277144	0.277049	0.295167	
-1.32344	-1.25719	-1.17283	-1.09829	-1.05102	-1.04249	-1.07512	-1.14094	-1.22384	-1.30133	-1.33869	-1.2988	-1.16432	-0.942351	-0.662122	-0.366986	-0.105025	0.0894253	0.201777	0.237425	0.2229	0.191231	0.161745	0.146041	0.157385	
-1.25232	-1.17283	-1.07635	-0.997094	-0.94945	-0.939829	-0.974048	-1.04115	-1.13421	-1.22485	-1.27557	-1.24403	-1.1157	-0.904597	-0.63307	-0.344414	-0.0860023	0.0971442	0.192433	0.205903	0.170547	0.125907	0.0797604	0.0463547	0.0420645	
-1.17973	-1.09829	-0.997094	-0.910757	-0.857227	-0.846661	-0.885093	-0.959147	-1.0583	-1.15133	-1.20569	-1.18347	-1.06809	-0.865591	-0.593598	-0.304611	-0.0555331	0.112416	0.191512	0.190628	0.140975	0.0831967	0.0239535	-0.0281252	-0.0487753	
-1.13026	-1.05102	-0.94945	-0.857227	-0.797534	-0.785284	-0.828918	-0.909742	-1.01143	-1.1023	-1.15749	-1.14315	-1.03912	-0.840209	-0.564344	-0.27511	-0.0335015	0.121708	0.193931	0.185809	0.126508	0.0604826	-0.00851139	-0.0707641	-0.103486	
-1.12142	-1.04249	-0.939829	-0.846661	-0.785284	-0.772043	-0.817741	-0.899489	-1.00298	-1.09338	-1.14886	-1.13767	-1.03528	-0.83793	-0.560286	-0.270622	-0.0311009	0.123403	0.194396	0.186217	0.12517	0.0571987	-0.0128083	-0.077209	-0.112492	
-1.15591	-1.07512	-0.974048	-0.885093	-0.828918	-0.817741	-0.857715	-0.935534	-1.03558	-1.12755	-1.18196	-1.16284	-1.05362	-0.852494	-0.578884	-0.289744	-0.044503	0.116628	0.1923	0.187302	0.133023	0.0713255	0.00764642	-0.0494414	-0.0760313	
-1.22207	-1.14094	-1.04115	-0.959147	-0.909742	-0.899489	-0.935534	-1.00459	-1.10115	-1.19387	-1.24702	-1.21926	-1.09539	-0.888682	-0.617646	-0.329304	-0.0737645	0.103601	0.19174	0.198437	0.156757	0.106927	0.0547861	0.013245	0.00220373	
-1.297	-1.22384	-1.13421	-1.0583	-1.01143	-1.00298	-1.03558	-1.10115	-1.18762	-1.27196	-1.31615	-1.27896	-1.14523	-0.927414	-0.652587	-0.360838	-0.0999898	0.090984	0.19599	0.221743	0.198509	0.161178	0.125065	0.102523	0.108607	
-1.35452	-1.30133	-1.22485	-1.15133	-1.1023	-1.09338	-1.12755	-1.19387	-1.27196	-1.33759	-1.36347	-1.3193	-1.18506	-0.958784	-0.669478	-0.368079	-0.103306	0.0946412	0.217776	0.268459	0.268425	0.247278	0.227085	0.22104	0.237403	
-1.37077	-1.33869	-1.27557	-1.20569	-1.15749	-1.14886	-1.18196	-1.24702	-1.31615	-1.36347	-1.36635	-1.31168	-1.17521	-0.945313	-0.648315	-0.337983	-0.0691436	0.137181	0.271223	0.340489	0.362768	0.361689	0.360912	0.368829	0.387062	
-1.32319	-1.2988	-1.24403	-1.18347	-1.14315	-1.13767	-1.16284	-1.21926	-1.27896	-1.3193	-1.31168	-1.23985	-1.09204	-0.861379	-0.574699	-0.267588	0.0111798	0.229023	0.369942	0.447723	0.487977	0.504857	0.518831	0.53222	0.546187	
-1.18873	-1.16432	-1.1157	-1.06809	-1.03912	-1.03528	-1.05362	-1.09539	-1.14523	-1.18506	-1.17521	-1.09204	-0.928506	-0.700903	-0.432021	-0.138065	0.139484	0.361576	0.504838	0.592386	0.646934	0.671377	0.68358	0.693957	0.703033	
-0.960888	-0.942351	-0.904597	-0.865591	-0.840209	-0.83793	-0.852494	-0.888682	-0.927414	-0.958784	-0.945313	-0.861379	-0.700903	-0.478363	-0.222769	0.0510761	0.306232	0.515504	0.662226	0.762875	0.825997	0.846018	0.849216	0.853608	0.858115	
-0.666879	-0.662122	-0.63307	-0.593598	-0.564344	-0.560286	-0.578884	-0.617646	-0.652587	-0.669478	-0.648315	-0.574699	-0.432021	-0.222769	0.0206857	0.268398	0.494136	0.689694	0.839818	0.943871	1.00148	1.01362	1.01276	1.01184	1.00227	
-0.360997	-0.366986	-0.344414	-0.304611	-0.27511	-0.270622	-0.289744	-0.329304	-0.360838	-0.368079	-0.337983	-0.267588	-0.138065	0.0510761	0.268398	0.488136	0.694518	0.881949	1.02615	1.11952	1.16581	1.17528	1.17176	1.16256	1.12791	
-0.0946138	-0.105025	-0.0860023	-0.0555331	-0.0335015	-0.0311009	-0.044503	-0.0737645	-0.0999898	-0.103306	-0.0691436	0.0111798	0.139484	0.306232	0.494136	0.694518	0.893093	1.06952	1.20234	1.29236	1.34093	1.34787	1.33495	1.30551	1.24545	
0.106495	0.0894253	0.0971442	0.112416	0.121708	0.123403	0.116628	0.103601	0.090984	0.0946412	0.137181	0.229023	0.361576	0.515504	0.689694	0.881949	1.06952	1.22819	1.35699	1.45939	1.51873	1.52602	1.49636	1.44473	1.35623	
0.234476	0.201777	0.192433	0.191512	0.193931	0.194396	0.1923	0.19174	0.19599	0.217776	0.271223	0.369942	0.504838	0.662226	0.839818	1.02615	1.20234	1.35699	1.49617	1.61292	1.68208	1.69355	1.65529	1.57538	1.45157	
0.293899	0.237425	0.205903	0.190628	0.185809	0.186217	0.187302	0.198437	0.221743	0.268459	0.340489	0.447723	0.592386	0.762875	0.943871	1.11952	1.29236	1.45939	1.61292	1.73457	1.80826	1.82547	1.77794	1.67106	1.51569	
0.303438	0.2229	0.170547	0.140975	0.126508	0.12517	0.133023	0.156757	0.198509	0.268425	0.362768	0.487977	0.646934	0.825997	1.00148	1.16581	1.34093	1.51873	1.68208	1.80826	1.88189	1.89247	1.82729	1.70192	1.52769	
0.290099	0.191231	0.125907	0.0831967	0.0604826	0.0571987	0.0713255	0.106927	0.161178	0.247278	0.361689	0.504857	0.671377	0.846018	1.01362	1.17528	1.34787	1.52602	1.69355	1.82547	1.89247	1.88107	1.79835	1.65517	1.46094	
0.277144	0.161745	0.0797604	0.0239535	-0.00851139	-0.0128083	0.00764642	0.0547861	0.125065	0.227085	0.360912	0.518831	0.68358	0.849216	1.01276	1.17176	1.33495	1.49636	1.65529	1.77794	1.82729	1.79835	1.69726	1.53075	1.30795	
0.277049	0.146041	0.0463547	-0.0281252	-0.0707641	-0.077209	-0.0494414	0.013245	0.102523	0.22104	0.368829	0.53222	0.693957	0.853608	1.01184	1.16256	1.30551	1.44473	1.57538	1.67106	1.70192	1.65517	1.53075	1.33294	1.08778	
0.295167	0.157385	0.0420645	-0.0487753	-0.103486	-0.112492	-0.0760313	0.00220373	0.108607	0.237403	0.387062	0.546187	0.703033	0.858115	1.00227	1.12791	1.24545	1.35623	1.45157	1.51569	1.52769	1.46094	1.30795	1.08778	0.834448	
