-0.639217	-0.592621	-0.496699	-0.361277	-0.188695	0.0123596	0.233642	0.459564	0.658071	0.804992	0.883998	0.88796	0.829614	0.720427	0.589039	0.466987	0.361678	0.279563	0.207945	0.144421	0.0833416	0.0210253	-0.0435924	-0.106294	-0.1822	
-0.592621	-0.576026	-0.508711	-0.405169	-0.261554	-0.0840613	0.13062	0.360101	0.564478	0.72265	0.823657	0.860514	0.83489	0.755383	0.642279	0.529994	0.434174	0.367235	0.30526	0.246609	0.189	0.125839	0.0571272	-0.0161469	-0.106304	
-0.496699	-0.508711	-0.479391	-0.412381	-0.304489	-0.148685	0.0503181	0.267167	0.458499	0.621042	0.744651	0.819702	0.832588	0.782056	0.692168	0.591976	0.509946	0.454978	0.404861	0.353513	0.305505	0.245459	0.17537	0.0958257	-0.00687895	
-0.361277	-0.405169	-0.412381	-0.377026	-0.296526	-0.160989	0.0109851	0.191597	0.362918	0.521264	0.659999	0.762634	0.804568	0.780056	0.717155	0.641788	0.581178	0.541464	0.502081	0.463237	0.429435	0.383589	0.321031	0.236617	0.113863	
-0.188695	-0.261554	-0.304489	-0.296526	-0.235987	-0.127814	0.00719045	0.154035	0.299373	0.437178	0.57023	0.676077	0.732156	0.735164	0.707858	0.663722	0.631767	0.615425	0.602255	0.584724	0.569744	0.539739	0.482706	0.384946	0.242305	
0.0123596	-0.0840613	-0.148685	-0.160989	-0.127814	-0.0535811	0.0461812	0.156205	0.267102	0.37282	0.47842	0.571573	0.634216	0.657948	0.657912	0.650995	0.657997	0.676128	0.697359	0.712425	0.719282	0.700082	0.637769	0.526789	0.365284	
0.233642	0.13062	0.0503181	0.0109851	0.00719045	0.0461812	0.108898	0.179566	0.250142	0.312483	0.388019	0.460892	0.518549	0.551044	0.572269	0.598065	0.644656	0.704639	0.768796	0.818504	0.842259	0.831614	0.770016	0.648486	0.467335	
0.459564	0.360101	0.267167	0.191597	0.154035	0.156205	0.179566	0.209761	0.238546	0.266447	0.309399	0.352997	0.390989	0.422908	0.452827	0.506087	0.585176	0.679509	0.778368	0.86066	0.907654	0.913231	0.857365	0.727659	0.534046	
0.658071	0.564478	0.458499	0.362918	0.299373	0.267102	0.250142	0.238546	0.228801	0.227348	0.235948	0.245169	0.2593	0.278052	0.302886	0.362889	0.46154	0.584598	0.713215	0.825422	0.899717	0.922663	0.876336	0.754106	0.562299	
0.804992	0.72265	0.621042	0.521264	0.437178	0.37282	0.312483	0.266447	0.227348	0.196307	0.16487	0.135209	0.110627	0.0994701	0.109648	0.170599	0.280542	0.420061	0.569904	0.710498	0.810166	0.849323	0.821105	0.714793	0.530761	
0.883998	0.823657	0.744651	0.659999	0.57023	0.47842	0.388019	0.309399	0.235948	0.16487	0.09237	0.0157189	-0.0529495	-0.0981337	-0.105511	-0.0593354	0.0490567	0.20102	0.372802	0.534367	0.656286	0.710624	0.696374	0.601842	0.436607	
0.88796	0.860514	0.819702	0.762634	0.676077	0.571573	0.460892	0.352997	0.245169	0.135209	0.0157189	-0.108192	-0.220904	-0.299268	-0.329092	-0.303373	-0.200986	-0.0371273	0.153231	0.332184	0.468212	0.53067	0.526151	0.45249	0.310383	
0.829614	0.83489	0.832588	0.804568	0.732156	0.634216	0.518549	0.390989	0.2593	0.110627	-0.0529495	-0.220904	-0.373506	-0.487359	-0.548271	-0.542077	-0.437087	-0.26098	-0.0624859	0.122946	0.265773	0.340743	0.351695	0.295826	0.170708	
0.720427	0.755383	0.782056	0.780056	0.735164	0.657948	0.551044	0.422908	0.278052	0.0994701	-0.0981337	-0.299268	-0.487359	-0.639782	-0.730585	-0.736061	-0.637578	-0.466126	-0.259068	-0.0614003	0.0907736	0.178196	0.198554	0.147703	0.0375874	
0.589039	0.642279	0.692168	0.717155	0.707858	0.657912	0.572269	0.452827	0.302886	0.109648	-0.105511	-0.329092	-0.548271	-0.730585	-0.847707	-0.870782	-0.791278	-0.626774	-0.413137	-0.203282	-0.0452283	0.0474187	0.0697186	0.0302516	-0.0626446	
0.466987	0.529994	0.591976	0.641788	0.663722	0.650995	0.598065	0.506087	0.362889	0.170599	-0.0593354	-0.303373	-0.542077	-0.736061	-0.870782	-0.91361	-0.855618	-0.703392	-0.493653	-0.290408	-0.141206	-0.0447337	-0.00689944	-0.0352437	-0.125687	
0.361678	0.434174	0.509946	0.581178	0.631767	0.657997	0.644656	0.585176	0.46154	0.280542	0.0490567	-0.200986	-0.437087	-0.637578	-0.791278	-0.855618	-0.810364	-0.674684	-0.488285	-0.310278	-0.17294	-0.079352	-0.0383181	-0.0634765	-0.148949	
0.279563	0.367235	0.454978	0.541464	0.615425	0.676128	0.704639	0.679509	0.584598	0.420061	0.20102	-0.0371273	-0.26098	-0.466126	-0.626774	-0.703392	-0.674684	-0.570806	-0.422004	-0.271585	-0.148096	-0.0710234	-0.0389337	-0.0602093	-0.131795	
0.207945	0.30526	0.404861	0.502081	0.602255	0.697359	0.768796	0.778368	0.713215	0.569904	0.372802	0.153231	-0.0624859	-0.259068	-0.413137	-0.493653	-0.488285	-0.422004	-0.317397	-0.195906	-0.0989144	-0.0401071	-0.0068625	-0.0125384	-0.0716906	
0.144421	0.246609	0.353513	0.463237	0.584724	0.712425	0.818504	0.86066	0.825422	0.710498	0.534367	0.332184	0.122946	-0.0614003	-0.203282	-0.290408	-0.310278	-0.271585	-0.195906	-0.111911	-0.0444126	0.00679835	0.0504769	0.0578375	0.0206817	
0.0833416	0.189	0.305505	0.429435	0.569744	0.719282	0.842259	0.907654	0.899717	0.810166	0.656286	0.468212	0.265773	0.0907736	-0.0452283	-0.141206	-0.17294	-0.148096	-0.0989144	-0.0444126	0.0131183	0.0689936	0.117294	0.145245	0.142287	
0.0210253	0.125839	0.245459	0.383589	0.539739	0.700082	0.831614	0.913231	0.922663	0.849323	0.710624	0.53067	0.340743	0.178196	0.0474187	-0.0447337	-0.079352	-0.0710234	-0.0401071	0.00679835	0.0689936	0.141137	0.20885	0.264317	0.295983	
-0.0435924	0.0571272	0.17537	0.321031	0.482706	0.637769	0.770016	0.857365	0.876336	0.821105	0.696374	0.526151	0.351695	0.198554	0.0697186	-0.00689944	-0.0383181	-0.0389337	-0.0068625	0.0504769	0.117294	0.20885	0.311339	0.407649	0.486368	
-0.106294	-0.0161469	0.0958257	0.236617	0.384946	0.526789	0.648486	0.727659	0.754106	0.714793	0.601842	0.45249	0.295826	0.147703	0.0302516	-0.0352437	-0.0634765	-0.0602093	-0.0125384	0.0578375	0.145245	0.264317	0.407649	0.547392	0.688463	
-0.1822	-0.106304	-0.00687895	0.113863	0.242305	0.365284	0.467335	0.534046	0.562299	0.530761	0.436607	0.310383	0.170708	0.0375874	-0.0626446	-0.125687	-0.148949	-0.131795	-0.0716906	0.0206817	0.142287	0.295983	0.486368	0.688463	0.890086	
-0.270865	-0.208128	-0.129237	-0.0378997	0.0658387	0.164503	0.245363	0.301516	0.325152	0.300696	0.225839	0.117265	-0.00536285	-0.119158	-0.209173	-0.271068	-0.286702	-0.253029	-0.175548	-0.0559357	0.102244	0.297503	0.538588	0.808562	1.0821	
-0.374314	-0.320009	-0.262448	-0.197257	-0.121497	-0.0523632	0.00767426	0.0503543	0.0648193	0.0465805	-0.0112574	-0.104531	-0.210691	-0.307458	-0.397502	-0.459106	-0.465508	-0.413019	-0.311328	-0.158933	0.0355111	0.277806	0.567426	0.900537	1.25806	
-0.485594	-0.442142	-0.397379	-0.350701	-0.303503	-0.255022	-0.21345	-0.18643	-0.178208	-0.198431	-0.251246	-0.327083	-0.418855	-0.505692	-0.591913	-0.65277	-0.651081	-0.584827	-0.456021	-0.270166	-0.0359009	0.251091	0.591375	0.97811	1.40931	
-0.588912	-0.552465	-0.513862	-0.47986	-0.452055	-0.420728	-0.390817	-0.372902	-0.36998	-0.39546	-0.446155	-0.511824	-0.59193	-0.674878	-0.757711	-0.81421	-0.807149	-0.727509	-0.573076	-0.356532	-0.0937663	0.225744	0.611482	1.04988	1.52968	
-0.657037	-0.622586	-0.583681	-0.557744	-0.539013	-0.520357	-0.498801	-0.4853	-0.489046	-0.515988	-0.567566	-0.627464	-0.696496	-0.782856	-0.866405	-0.915234	-0.906786	-0.818674	-0.645589	-0.411806	-0.128093	0.214185	0.621901	1.08745	1.59725	
-0.669561	-0.634027	-0.59622	-0.571385	-0.55329	-0.539022	-0.518642	-0.505343	-0.511603	-0.538962	-0.589082	-0.64898	-0.715742	-0.802438	-0.88631	-0.933947	-0.926267	-0.835218	-0.657924	-0.420866	-0.134918	0.211538	0.622827	1.09482	1.60961	
-0.621613	-0.586981	-0.548137	-0.518164	-0.495037	-0.469064	-0.443748	-0.427722	-0.427226	-0.453526	-0.505669	-0.567251	-0.642852	-0.728155	-0.809993	-0.86248	-0.854775	-0.771974	-0.608372	-0.383503	-0.110465	0.219385	0.61694	1.06903	1.56357	
-0.529272	-0.489143	-0.448851	-0.406785	-0.368512	-0.328089	-0.291044	-0.268791	-0.262436	-0.285261	-0.336579	-0.407526	-0.494172	-0.578305	-0.662785	-0.72314	-0.719119	-0.646649	-0.506869	-0.307391	-0.0611641	0.240191	0.600965	1.00936	1.46188	
-0.418246	-0.368536	-0.316345	-0.259504	-0.196148	-0.135772	-0.0843545	-0.0488314	-0.0366583	-0.0543387	-0.109708	-0.195339	-0.295566	-0.387921	-0.477389	-0.53868	-0.540778	-0.48236	-0.370844	-0.205656	0.00644283	0.267885	0.576768	0.931169	1.32165	
-0.311142	-0.251365	-0.181762	-0.102012	-0.00878804	0.0777977	0.150185	0.202144	0.221621	0.199935	0.134241	0.0303775	-0.0857279	-0.191039	-0.280478	-0.342777	-0.355324	-0.313329	-0.226033	-0.0936305	0.0776183	0.29097	0.551308	0.849397	1.15653	
-0.21625	-0.146733	-0.0534399	0.0554494	0.174599	0.28934	0.382419	0.444946	0.47166	0.443504	0.35671	0.238444	0.105768	-0.0199302	-0.115418	-0.177024	-0.197298	-0.175132	-0.108839	-0.00597245	0.130763	0.300601	0.51132	0.739235	0.967068	
-0.134592	-0.0494621	0.0572253	0.192392	0.332982	0.467018	0.58202	0.656175	0.684245	0.648392	0.542955	0.402718	0.253197	0.10984	-0.000835317	-0.0651069	-0.0913804	-0.0829978	-0.029728	0.048575	0.147897	0.2799	0.441836	0.604523	0.76945	
-0.0682159	0.028366	0.145302	0.291032	0.448867	0.600229	0.729179	0.813958	0.837222	0.789243	0.667843	0.505918	0.338204	0.186358	0.0607609	-0.0101941	-0.0399077	-0.0404422	-0.00346031	0.0582918	0.13187	0.233012	0.350781	0.463743	0.567595	
-0.00467741	0.099058	0.217716	0.360239	0.520454	0.680516	0.813569	0.899356	0.913283	0.846224	0.713636	0.536298	0.352227	0.194736	0.0656335	-0.0217324	-0.0563324	-0.0529986	-0.0232111	0.0270047	0.0900816	0.16917	0.24982	0.320856	0.368698	
0.0589485	0.164608	0.283958	0.41346	0.560853	0.715993	0.84311	0.915594	0.915537	0.83391	0.686659	0.502429	0.304351	0.133717	-0.00107769	-0.0966677	-0.129681	-0.111467	-0.0717985	-0.0236897	0.0356847	0.0975759	0.15103	0.187728	0.198752	
0.119581	0.224253	0.333991	0.449441	0.578793	0.716433	0.831344	0.884972	0.860897	0.756439	0.590021	0.393318	0.186918	0.00655034	-0.131848	-0.223109	-0.250027	-0.217953	-0.151796	-0.0817504	-0.021715	0.0300077	0.0756668	0.0901737	0.0665647	
0.182054	0.280697	0.384502	0.486207	0.595308	0.704771	0.791546	0.814562	0.761735	0.629406	0.440021	0.22806	0.0150675	-0.176188	-0.325909	-0.408052	-0.413235	-0.359913	-0.268996	-0.161929	-0.0776657	-0.0232553	0.0144338	0.0144112	-0.038397	
0.25034	0.343042	0.435224	0.526433	0.610289	0.684562	0.730257	0.719106	0.636605	0.479466	0.268974	0.0377338	-0.182283	-0.385493	-0.54407	-0.623346	-0.60348	-0.514924	-0.383863	-0.243981	-0.129078	-0.0608881	-0.0305278	-0.0457352	-0.112272	
0.326039	0.404425	0.485529	0.563564	0.624076	0.664757	0.668165	0.621871	0.508963	0.334143	0.106056	-0.14117	-0.372085	-0.575427	-0.734229	-0.804691	-0.764815	-0.640026	-0.467417	-0.301595	-0.168132	-0.0792094	-0.0422373	-0.0674254	-0.146881	
0.422457	0.48895	0.556007	0.614844	0.648156	0.651636	0.613405	0.535549	0.398279	0.209494	-0.0229091	-0.272198	-0.512201	-0.708473	-0.85095	-0.902174	-0.84995	-0.704457	-0.500713	-0.306101	-0.162732	-0.0658538	-0.0229197	-0.0495797	-0.139938	
0.538461	0.595184	0.65205	0.68746	0.69137	0.65495	0.58118	0.470119	0.321635	0.126679	-0.0945839	-0.326497	-0.555871	-0.74397	-0.869526	-0.901068	-0.830433	-0.669317	-0.455876	-0.245527	-0.0894976	0.00442231	0.0314088	-0.00228305	-0.0921863	
0.668374	0.712287	0.748457	0.757848	0.726788	0.659269	0.559796	0.433663	0.286414	0.0996988	-0.106426	-0.317725	-0.518771	-0.685483	-0.786389	-0.79794	-0.706348	-0.538179	-0.32747	-0.12386	0.0322652	0.122512	0.14312	0.0951184	-0.00746367	
0.790727	0.808723	0.81897	0.802108	0.739167	0.648353	0.534537	0.404573	0.266342	0.104369	-0.0742552	-0.257566	-0.424073	-0.554117	-0.627459	-0.626634	-0.5218	-0.346263	-0.144132	0.0445702	0.190703	0.270951	0.287995	0.234653	0.11505	
0.871584	0.857604	0.833155	0.787767	0.705306	0.601132	0.485851	0.369	0.24941	0.124319	-0.0137076	-0.155745	-0.285198	-0.376849	-0.419087	-0.401662	-0.298499	-0.129093	0.0651527	0.2479	0.387343	0.453138	0.454992	0.390299	0.255498	
0.894154	0.8457	0.781385	0.706448	0.617242	0.518286	0.41895	0.327583	0.240278	0.15298	0.0617418	-0.0338943	-0.119984	-0.178754	-0.19408	-0.155936	-0.0512906	0.106258	0.286544	0.455103	0.584176	0.642899	0.631125	0.543764	0.388795	
