0.657288	0.868655	1.01292	1.09193	1.10939	1.06527	0.954413	0.799303	0.631073	0.471402	0.321064	0.196918	0.0949978	-0.00136662	-0.0863252	-0.163032	-0.242102	-0.319741	-0.391194	-0.447254	-0.480738	-0.478506	-0.429216	-0.331044	-0.194443	
0.868655	1.08055	1.21306	1.27311	1.26022	1.17801	1.02955	0.838947	0.630354	0.423141	0.234421	0.0865908	-0.0257343	-0.121707	-0.197967	-0.256291	-0.310043	-0.358233	-0.399119	-0.436774	-0.472792	-0.479462	-0.43902	-0.353117	-0.230045	
1.01292	1.21306	1.32866	1.35804	1.31562	1.20614	1.0357	0.828412	0.591419	0.348285	0.134852	-0.026153	-0.137587	-0.225447	-0.287795	-0.322137	-0.347334	-0.364215	-0.380373	-0.404829	-0.435237	-0.441538	-0.407243	-0.338282	-0.241467	
1.09193	1.27311	1.35804	1.35242	1.27926	1.1491	0.967823	0.752551	0.509243	0.259633	0.0452119	-0.115991	-0.228517	-0.30717	-0.353324	-0.36161	-0.349896	-0.337509	-0.335277	-0.348505	-0.364052	-0.361259	-0.330746	-0.284572	-0.220545	
1.10939	1.26022	1.31562	1.27926	1.18423	1.03576	0.847626	0.628146	0.39254	0.158872	-0.0365121	-0.183174	-0.29036	-0.357833	-0.380801	-0.362278	-0.322747	-0.289284	-0.269713	-0.270517	-0.277154	-0.268442	-0.242818	-0.210371	-0.168914	
1.06527	1.17801	1.20614	1.1491	1.03576	0.88617	0.703968	0.493244	0.268897	0.0585521	-0.112265	-0.236945	-0.320797	-0.363323	-0.363513	-0.327725	-0.272192	-0.225526	-0.199716	-0.187322	-0.17766	-0.162444	-0.140785	-0.116597	-0.0837038	
0.954413	1.02955	1.0357	0.967823	0.847626	0.703968	0.533821	0.337153	0.128868	-0.0573388	-0.197551	-0.287031	-0.338584	-0.351643	-0.328927	-0.278571	-0.214127	-0.159911	-0.122776	-0.0956522	-0.0751425	-0.0538649	-0.029347	-0.00736147	0.0130512	
0.799303	0.838947	0.828412	0.752551	0.628146	0.493244	0.337153	0.156776	-0.0274968	-0.184124	-0.292842	-0.34538	-0.361662	-0.346207	-0.303405	-0.240432	-0.16485	-0.101806	-0.0447131	0.00174635	0.0373831	0.063622	0.0829827	0.0960618	0.10147	
0.631073	0.630354	0.591419	0.509243	0.39254	0.268897	0.128868	-0.0274968	-0.182095	-0.311062	-0.390529	-0.416835	-0.404499	-0.362225	-0.300275	-0.224407	-0.137133	-0.0546524	0.0184962	0.0832674	0.141645	0.173978	0.187117	0.183438	0.167293	
0.471402	0.423141	0.348285	0.259633	0.158872	0.0585521	-0.0573388	-0.184124	-0.311062	-0.415866	-0.478898	-0.491859	-0.459171	-0.393783	-0.320256	-0.233772	-0.133929	-0.0389945	0.0502655	0.132729	0.210389	0.256996	0.277928	0.268486	0.225145	
0.321064	0.234421	0.134852	0.0452119	-0.0365121	-0.112265	-0.197551	-0.292842	-0.390529	-0.478898	-0.538797	-0.554826	-0.515668	-0.437402	-0.349077	-0.249924	-0.145704	-0.0546067	0.040068	0.13912	0.241734	0.316816	0.351266	0.332507	0.268062	
0.196918	0.0865908	-0.026153	-0.115991	-0.183174	-0.236945	-0.287031	-0.34538	-0.416835	-0.491859	-0.554826	-0.579486	-0.552181	-0.476241	-0.377002	-0.279145	-0.182707	-0.0901779	0.00984926	0.121343	0.243965	0.34751	0.396711	0.375453	0.300425	
0.0949978	-0.0257343	-0.137587	-0.228517	-0.29036	-0.320797	-0.338584	-0.361662	-0.404499	-0.459171	-0.515668	-0.552181	-0.54808	-0.488661	-0.401939	-0.318804	-0.232652	-0.134638	-0.031556	0.0859019	0.221348	0.338659	0.399087	0.390997	0.319419	
-0.00136662	-0.121707	-0.225447	-0.30717	-0.357833	-0.363323	-0.351643	-0.346207	-0.362225	-0.393783	-0.437402	-0.476241	-0.488661	-0.463015	-0.406303	-0.346087	-0.276718	-0.18968	-0.0938796	0.0288083	0.170647	0.291786	0.362952	0.370834	0.311626	
-0.0863252	-0.197967	-0.287795	-0.353324	-0.380801	-0.363513	-0.328927	-0.303405	-0.300275	-0.320256	-0.349077	-0.377002	-0.401939	-0.406303	-0.385086	-0.356027	-0.316459	-0.254765	-0.167773	-0.0484135	0.0927463	0.223187	0.304319	0.321995	0.274609	
-0.163032	-0.256291	-0.322137	-0.36161	-0.362278	-0.327725	-0.278571	-0.240432	-0.224407	-0.233772	-0.249924	-0.279145	-0.318804	-0.346087	-0.356027	-0.356685	-0.346814	-0.315017	-0.243715	-0.127371	0.0152248	0.145719	0.234526	0.259138	0.224162	
-0.242102	-0.310043	-0.347334	-0.349896	-0.322747	-0.272192	-0.214127	-0.16485	-0.137133	-0.133929	-0.145704	-0.182707	-0.232652	-0.276718	-0.316459	-0.346814	-0.36487	-0.35636	-0.305809	-0.197453	-0.0535964	0.0765471	0.162434	0.182247	0.145175	
-0.319741	-0.358233	-0.364215	-0.337509	-0.289284	-0.225526	-0.159911	-0.101806	-0.0546524	-0.0389945	-0.0546067	-0.0901779	-0.134638	-0.18968	-0.254765	-0.315017	-0.35636	-0.376185	-0.343386	-0.245177	-0.109361	0.00898487	0.0753939	0.0842237	0.0335726	
-0.391194	-0.399119	-0.380373	-0.335277	-0.269713	-0.199716	-0.122776	-0.0447131	0.0184962	0.0502655	0.040068	0.00984926	-0.031556	-0.0938796	-0.167773	-0.243715	-0.305809	-0.343386	-0.32933	-0.254115	-0.150948	-0.0606193	-0.0211434	-0.0347625	-0.108948	
-0.447254	-0.436774	-0.404829	-0.348505	-0.270517	-0.187322	-0.0956522	0.00174635	0.0832674	0.132729	0.13912	0.121343	0.0859019	0.0288083	-0.0484135	-0.127371	-0.197453	-0.245177	-0.254115	-0.223935	-0.174975	-0.134834	-0.132029	-0.180759	-0.277434	
-0.480738	-0.472792	-0.435237	-0.364052	-0.277154	-0.17766	-0.0751425	0.0373831	0.141645	0.210389	0.241734	0.243965	0.221348	0.170647	0.0927463	0.0152248	-0.0535964	-0.109361	-0.150948	-0.174975	-0.191784	-0.219102	-0.263677	-0.347203	-0.460174	
-0.478506	-0.479462	-0.441538	-0.361259	-0.268442	-0.162444	-0.0538649	0.063622	0.173978	0.256996	0.316816	0.34751	0.338659	0.291786	0.223187	0.145719	0.0765471	0.00898487	-0.0606193	-0.134834	-0.219102	-0.313679	-0.406881	-0.514317	-0.636502	
-0.429216	-0.43902	-0.407243	-0.330746	-0.242818	-0.140785	-0.029347	0.0829827	0.187117	0.277928	0.351266	0.396711	0.399087	0.362952	0.304319	0.234526	0.162434	0.0753939	-0.0211434	-0.132029	-0.263677	-0.406881	-0.545133	-0.669954	-0.789066	
-0.331044	-0.353117	-0.338282	-0.284572	-0.210371	-0.116597	-0.00736147	0.0960618	0.183438	0.268486	0.332507	0.375453	0.390997	0.370834	0.321995	0.259138	0.182247	0.0842237	-0.0347625	-0.180759	-0.347203	-0.514317	-0.669954	-0.80033	-0.901104	
-0.194443	-0.230045	-0.241467	-0.220545	-0.168914	-0.0837038	0.0130512	0.10147	0.167293	0.225145	0.268062	0.300425	0.319419	0.311626	0.274609	0.224162	0.145175	0.0335726	-0.108948	-0.277434	-0.460174	-0.636502	-0.789066	-0.901104	-0.971081	
-0.0317468	-0.0805997	-0.118036	-0.128468	-0.101877	-0.0348373	0.0396967	0.101784	0.140433	0.164991	0.18662	0.203974	0.21756	0.214801	0.190871	0.144141	0.0649537	-0.0599146	-0.221332	-0.399151	-0.584015	-0.757835	-0.892425	-0.975112	-1.01294	
0.13787	0.0763323	0.0179762	-0.0179559	-0.0164865	0.0201356	0.0632663	0.0973241	0.109389	0.109221	0.111436	0.115941	0.120901	0.119462	0.0968539	0.0389358	-0.0429707	-0.163977	-0.334053	-0.525819	-0.710291	-0.867814	-0.978562	-1.03333	-1.03957	
0.282022	0.211814	0.144997	0.0888196	0.059326	0.0641907	0.0813618	0.0938311	0.097693	0.081241	0.0651501	0.05905	0.0494539	0.0387033	0.00645967	-0.0579592	-0.14472	-0.267381	-0.437833	-0.632951	-0.816516	-0.965819	-1.0536	-1.07482	-1.04814	
0.390918	0.316959	0.2459	0.174352	0.120398	0.0957603	0.0946176	0.100174	0.091981	0.0654674	0.041254	0.0265598	0.0056928	-0.0182878	-0.0586275	-0.127895	-0.222273	-0.34891	-0.519785	-0.714987	-0.898829	-1.04103	-1.11429	-1.11296	-1.05327	
0.457207	0.383328	0.309359	0.230626	0.159652	0.114985	0.103099	0.104517	0.0898539	0.0580228	0.0288289	0.00150783	-0.0207957	-0.0461875	-0.0950052	-0.172766	-0.27138	-0.398466	-0.564636	-0.76166	-0.950787	-1.08714	-1.14967	-1.13555	-1.05585	
0.469176	0.395125	0.320101	0.241355	0.167224	0.118426	0.104596	0.106049	0.0904615	0.0584328	0.027609	-0.00294	-0.0246777	-0.0512746	-0.102592	-0.18164	-0.280941	-0.407154	-0.57203	-0.769209	-0.959826	-1.09438	-1.15442	-1.1382	-1.05498	
0.423011	0.349086	0.276691	0.201218	0.138564	0.104407	0.0983663	0.102034	0.0904076	0.060939	0.0341145	0.0150032	-0.00685443	-0.0326404	-0.0763165	-0.148853	-0.246088	-0.373448	-0.541466	-0.738514	-0.924812	-1.06448	-1.13276	-1.12493	-1.05497	
0.329891	0.257913	0.189003	0.126201	0.0859211	0.0783055	0.0874664	0.0961753	0.095779	0.0751502	0.054975	0.0449987	0.0291704	0.0126119	-0.0232414	-0.0882828	-0.178166	-0.30333	-0.475159	-0.669651	-0.851536	-0.997712	-1.08012	-1.09054	-1.05002	
0.199764	0.134201	0.0710447	0.0260402	0.0156763	0.0392582	0.0712675	0.0949368	0.101848	0.0935907	0.0880017	0.088197	0.0881297	0.085079	0.0598177	-0.00330095	-0.0865821	-0.206497	-0.376256	-0.571322	-0.756895	-0.910086	-1.00978	-1.05153	-1.04443	
0.0373654	-0.0175082	-0.064046	-0.0853146	-0.0682149	-0.0120093	0.0496433	0.100938	0.128009	0.140904	0.155016	0.166802	0.177423	0.175437	0.15262	0.103639	0.024296	-0.101158	-0.267763	-0.451065	-0.635041	-0.802782	-0.92805	-0.999619	-1.02547	
-0.131646	-0.172678	-0.194971	-0.187113	-0.145935	-0.0659675	0.0235057	0.101815	0.157467	0.201585	0.235948	0.262223	0.279987	0.275416	0.244324	0.196827	0.117736	-0.000753734	-0.151404	-0.32416	-0.509028	-0.686732	-0.833103	-0.933902	-0.990437	
-0.280454	-0.30708	-0.302871	-0.262147	-0.195529	-0.105148	-2.55128e-05	0.0992104	0.177928	0.254719	0.310759	0.350247	0.368492	0.353951	0.309264	0.250797	0.173039	0.0709531	-0.0579375	-0.215166	-0.389833	-0.561188	-0.718393	-0.844181	-0.932918	
-0.39564	-0.409691	-0.382942	-0.313598	-0.230459	-0.131851	-0.0195648	0.0891865	0.18791	0.278058	0.349818	0.396017	0.40431	0.374939	0.319738	0.252767	0.178558	0.0859764	-0.0192756	-0.144558	-0.292473	-0.447861	-0.596137	-0.724842	-0.8393	
-0.464796	-0.469044	-0.433009	-0.352419	-0.259591	-0.154189	-0.0443435	0.0724348	0.181259	0.268492	0.335926	0.375552	0.371168	0.32661	0.262907	0.188551	0.118013	0.042217	-0.0387085	-0.12834	-0.233469	-0.350204	-0.463697	-0.579679	-0.701963	
-0.484908	-0.481225	-0.442131	-0.365989	-0.276695	-0.172427	-0.0669742	0.0484178	0.157723	0.233281	0.276951	0.289632	0.272276	0.223794	0.148172	0.0700427	0.00160828	-0.0574128	-0.11017	-0.156107	-0.201235	-0.257185	-0.320853	-0.413563	-0.532145	
-0.46362	-0.452242	-0.417332	-0.355323	-0.273333	-0.183553	-0.086811	0.0177884	0.108245	0.165328	0.181185	0.170509	0.139985	0.0850266	0.00698256	-0.0711911	-0.141377	-0.191455	-0.214145	-0.204942	-0.181889	-0.167278	-0.182267	-0.2465	-0.350044	
-0.416434	-0.41411	-0.388549	-0.338876	-0.267984	-0.193596	-0.11122	-0.0247162	0.0451215	0.0835685	0.0785464	0.0528078	0.0121905	-0.0489677	-0.1236	-0.202183	-0.269035	-0.311786	-0.305391	-0.24574	-0.162588	-0.0893695	-0.0628065	-0.0897953	-0.173449	
-0.349311	-0.375218	-0.370884	-0.335535	-0.279264	-0.212781	-0.143014	-0.0781816	-0.0241227	-0.00238767	-0.0174509	-0.0515343	-0.0938241	-0.152673	-0.223843	-0.29228	-0.342947	-0.370621	-0.345593	-0.254226	-0.127892	-0.0188008	0.0374994	0.0396564	-0.0198592	
-0.274133	-0.330248	-0.354701	-0.343707	-0.308597	-0.251306	-0.190781	-0.138248	-0.102873	-0.0946612	-0.108706	-0.145693	-0.194882	-0.243156	-0.294194	-0.337341	-0.364993	-0.368133	-0.324704	-0.220223	-0.0782528	0.0495319	0.128947	0.145172	0.103984	
-0.193907	-0.278419	-0.332778	-0.357649	-0.346947	-0.306298	-0.253185	-0.209765	-0.189893	-0.194261	-0.206894	-0.240227	-0.284917	-0.320544	-0.342983	-0.354639	-0.35593	-0.333329	-0.271632	-0.157342	-0.012916	0.117634	0.207213	0.231264	0.196852	
-0.117338	-0.222693	-0.304193	-0.360586	-0.377622	-0.353267	-0.311762	-0.281103	-0.27153	-0.288498	-0.311625	-0.338085	-0.368623	-0.382249	-0.372939	-0.356989	-0.330469	-0.281346	-0.198486	-0.0801935	0.060918	0.19177	0.276295	0.296982	0.256235	
-0.0374656	-0.154767	-0.254444	-0.330357	-0.372484	-0.367624	-0.346015	-0.331621	-0.338862	-0.364104	-0.402108	-0.436084	-0.454008	-0.442293	-0.400665	-0.352235	-0.292802	-0.214645	-0.122116	-0.000947157	0.141049	0.266713	0.342355	0.354385	0.299659	
0.0559647	-0.0659127	-0.174833	-0.263447	-0.322776	-0.343806	-0.348608	-0.359285	-0.391416	-0.436408	-0.487468	-0.52765	-0.531237	-0.48299	-0.407195	-0.331607	-0.251233	-0.156155	-0.0541388	0.066258	0.205129	0.322646	0.387249	0.38686	0.319637	
0.154534	0.0386143	-0.074735	-0.165985	-0.230322	-0.274371	-0.311733	-0.355109	-0.415571	-0.483001	-0.545358	-0.574964	-0.556351	-0.485176	-0.388239	-0.295323	-0.202569	-0.106535	-0.00479763	0.109635	0.238029	0.349857	0.403623	0.385965	0.310884	
0.26791	0.170121	0.0638176	-0.0256942	-0.100418	-0.167933	-0.239165	-0.32009	-0.407076	-0.490514	-0.551228	-0.570915	-0.534667	-0.454853	-0.359298	-0.259266	-0.157599	-0.0669754	0.0298833	0.133743	0.24523	0.332858	0.373175	0.352019	0.282142	
