1.19247	1.16251	1.1376	1.10266	1.07375	1.06869	1.0887	1.12452	1.15313	1.17861	1.22109	1.28076	1.35217	1.42816	1.47784	1.49073	1.4764	1.41298	1.28109	1.07757	0.819464	0.535338	0.242819	-0.0506814	-0.336168	
1.06007	1.05481	1.05265	1.03755	1.01976	1.01616	1.02946	1.04832	1.0545	1.0563	1.07374	1.11756	1.19132	1.28039	1.35454	1.39823	1.42102	1.40545	1.32473	1.17213	0.953104	0.688944	0.407512	0.125618	-0.146283	
0.857017	0.859975	0.868958	0.866323	0.854892	0.852797	0.861696	0.869427	0.864604	0.855682	0.866036	0.903208	0.976577	1.07109	1.16608	1.24755	1.31014	1.33646	1.30647	1.21414	1.04671	0.816514	0.556929	0.292802	0.0395514	
0.590762	0.59135	0.600434	0.605749	0.604163	0.603624	0.60573	0.603035	0.594917	0.589233	0.597477	0.634442	0.711529	0.815971	0.931204	1.04783	1.14615	1.21262	1.23	1.18618	1.07627	0.896552	0.673269	0.437077	0.202486	
0.274826	0.271005	0.27521	0.283486	0.28433	0.282903	0.285274	0.27846	0.271969	0.271525	0.286949	0.336267	0.423538	0.533166	0.660145	0.797966	0.92782	1.03212	1.09788	1.10646	1.05308	0.927968	0.748166	0.550249	0.346326	
-0.0521948	-0.0646415	-0.0644693	-0.0564737	-0.0579792	-0.0598808	-0.0554522	-0.0607717	-0.0657066	-0.0596519	-0.0310223	0.0381823	0.13669	0.247653	0.377548	0.525483	0.680165	0.822157	0.933437	0.988662	0.977883	0.901644	0.771558	0.620831	0.458124	
-0.346682	-0.369308	-0.374583	-0.368642	-0.366155	-0.365964	-0.36711	-0.372116	-0.374067	-0.357878	-0.320356	-0.240848	-0.132005	-0.0141171	0.118055	0.275437	0.448411	0.621163	0.761198	0.841979	0.86235	0.828051	0.748644	0.641537	0.519851	
-0.590569	-0.620626	-0.62892	-0.627506	-0.625667	-0.626217	-0.62671	-0.628675	-0.6264	-0.605344	-0.55899	-0.471709	-0.351185	-0.222747	-0.0834022	0.0832688	0.264839	0.450071	0.600847	0.698795	0.743205	0.744613	0.708325	0.639767	0.553307	
-0.759418	-0.795755	-0.802672	-0.802059	-0.802092	-0.802487	-0.802438	-0.802363	-0.800794	-0.778271	-0.721397	-0.622878	-0.491462	-0.3525	-0.206842	-0.0412376	0.133706	0.312853	0.468388	0.575196	0.633528	0.659312	0.657485	0.626261	0.568543	
-0.83159	-0.873666	-0.890611	-0.885338	-0.879092	-0.878635	-0.882028	-0.890013	-0.883568	-0.852422	-0.788294	-0.685852	-0.551689	-0.41602	-0.264962	-0.103823	0.0640297	0.228917	0.372215	0.479297	0.547436	0.590166	0.612347	0.60675	0.575202	
-0.802961	-0.847816	-0.867184	-0.865756	-0.858873	-0.857595	-0.862919	-0.868397	-0.858666	-0.823836	-0.762015	-0.665923	-0.548604	-0.421181	-0.276393	-0.11619	0.0433429	0.186359	0.308943	0.405997	0.477005	0.535267	0.578713	0.594586	0.583876	
-0.69209	-0.72582	-0.743102	-0.748638	-0.753346	-0.755203	-0.750379	-0.746008	-0.73457	-0.707966	-0.658662	-0.57743	-0.480627	-0.370998	-0.243106	-0.0999069	0.0369806	0.159299	0.263355	0.348394	0.417344	0.482672	0.542617	0.583394	0.594595	
-0.518018	-0.543217	-0.555978	-0.56557	-0.569613	-0.569385	-0.567968	-0.560334	-0.548976	-0.530776	-0.49302	-0.430967	-0.353399	-0.268886	-0.174513	-0.0655393	0.0376558	0.134788	0.218572	0.294698	0.368921	0.433006	0.492467	0.545579	0.579568	
-0.30708	-0.327632	-0.338946	-0.344711	-0.342758	-0.340986	-0.34472	-0.341857	-0.332143	-0.317487	-0.288568	-0.243122	-0.186459	-0.132134	-0.0784926	-0.0145254	0.0468677	0.112599	0.173281	0.240439	0.315357	0.379443	0.435049	0.488899	0.536622	
-0.0827804	-0.098632	-0.11231	-0.123433	-0.131402	-0.13287	-0.127583	-0.116708	-0.104502	-0.0895305	-0.0709553	-0.0394497	-0.0078975	0.0153727	0.0264662	0.0429044	0.0652041	0.0974441	0.133335	0.185658	0.253846	0.318344	0.37598	0.424363	0.476451	
0.134281	0.116789	0.0895499	0.0655208	0.0468055	0.0422831	0.0572903	0.0790891	0.105817	0.129292	0.139433	0.148194	0.154859	0.149269	0.127779	0.109752	0.0980636	0.0965336	0.106324	0.139376	0.189316	0.246679	0.304024	0.355871	0.411236	
0.319489	0.292644	0.251216	0.214569	0.191775	0.188187	0.203794	0.234993	0.276408	0.312658	0.319178	0.308866	0.291035	0.26471	0.22125	0.181631	0.142339	0.111011	0.0979259	0.10784	0.135466	0.178599	0.229052	0.279634	0.330191	
0.441212	0.414013	0.369784	0.325026	0.293831	0.288538	0.309953	0.351252	0.397783	0.433299	0.442194	0.42663	0.400238	0.359894	0.310878	0.257703	0.19717	0.146332	0.111429	0.0966555	0.103868	0.126231	0.156178	0.189453	0.223112	
0.4988	0.473404	0.428823	0.380318	0.345128	0.338239	0.363111	0.409408	0.457494	0.490904	0.502974	0.491368	0.470165	0.436381	0.399386	0.343352	0.269202	0.199442	0.145926	0.107496	0.0831926	0.0742398	0.0747499	0.0840145	0.0964912	
0.511986	0.477461	0.423224	0.370945	0.336322	0.329496	0.354378	0.401245	0.456176	0.501884	0.520196	0.518564	0.507287	0.492746	0.468183	0.419069	0.347482	0.264151	0.191929	0.128831	0.0705605	0.0245967	-0.0112601	-0.0376018	-0.0493938	
0.475537	0.429897	0.37329	0.324647	0.289009	0.281362	0.308758	0.35228	0.407057	0.459449	0.496848	0.513477	0.522997	0.5231	0.512514	0.474431	0.412679	0.326981	0.237874	0.153796	0.0665698	-0.0198364	-0.101819	-0.1673	-0.206971	
0.408692	0.34865	0.296922	0.253436	0.224615	0.220111	0.23956	0.278582	0.327248	0.384058	0.442936	0.486346	0.512377	0.527734	0.527598	0.502529	0.450653	0.374151	0.287059	0.186806	0.071549	-0.0584268	-0.18771	-0.291061	-0.353949	
0.336025	0.266658	0.208373	0.172365	0.159286	0.157863	0.165286	0.191088	0.241029	0.30726	0.378967	0.442229	0.48528	0.512622	0.525992	0.513965	0.47743	0.418458	0.326865	0.206886	0.065842	-0.096914	-0.261798	-0.397775	-0.482269	
0.280916	0.201292	0.140297	0.104749	0.092881	0.0926573	0.0977639	0.122362	0.173912	0.247991	0.32938	0.396493	0.44497	0.485484	0.512374	0.518177	0.499691	0.449553	0.354183	0.215766	0.0486962	-0.141515	-0.331533	-0.490455	-0.596464	
0.224938	0.144582	0.0862498	0.0527576	0.0333344	0.0288712	0.0438893	0.0707805	0.117548	0.192133	0.272895	0.338396	0.386533	0.440373	0.491139	0.519605	0.513391	0.469356	0.371431	0.217551	0.0231406	-0.189159	-0.396177	-0.572938	-0.696295	
0.156211	0.0839088	0.0299011	-0.00311169	-0.0175235	-0.019352	-0.011005	0.0144244	0.0596874	0.126276	0.198532	0.260703	0.311724	0.379411	0.451332	0.502772	0.510005	0.470895	0.37611	0.214356	0.00604894	-0.21794	-0.435797	-0.628806	-0.767653	
0.0839088	0.0264363	-0.0181163	-0.0397929	-0.0397039	-0.0383554	-0.041391	-0.0300977	0.00668369	0.059821	0.12077	0.178176	0.238016	0.313952	0.400006	0.463442	0.480989	0.445532	0.348302	0.192408	-0.00939732	-0.235832	-0.460379	-0.658054	-0.808837	
0.0299011	-0.0181163	-0.0372016	-0.0348642	-0.0250223	-0.0224334	-0.0310471	-0.0384312	-0.0296566	0.00873081	0.0638705	0.119063	0.177995	0.260725	0.345526	0.407136	0.433778	0.401107	0.30462	0.158959	-0.027087	-0.247304	-0.47213	-0.673823	-0.827663	
-0.00311169	-0.0397929	-0.0348642	-0.00298212	0.0227668	0.0271574	0.00951968	-0.0237831	-0.0427323	-0.0218575	0.0302249	0.0834791	0.143483	0.219899	0.29904	0.354981	0.383769	0.354599	0.26384	0.129851	-0.0431212	-0.254222	-0.480012	-0.681552	-0.82916	
-0.0175235	-0.0397039	-0.0250223	0.0227668	0.0715772	0.0815858	0.0448984	-0.0085116	-0.0385906	-0.0306087	0.0112986	0.0678896	0.132694	0.197897	0.265549	0.319923	0.34909	0.320581	0.23834	0.109263	-0.0565839	-0.253903	-0.480518	-0.688202	-0.826704	
-0.019352	-0.0383554	-0.0224334	0.0271574	0.0815858	0.0931392	0.051429	-0.0053781	-0.0368459	-0.0307263	0.00682953	0.0665438	0.132001	0.194994	0.258614	0.313001	0.342464	0.3143	0.234209	0.104789	-0.0593478	-0.252875	-0.478731	-0.690219	-0.826444	
-0.011005	-0.041391	-0.0310471	0.00951968	0.0448984	0.051429	0.0261136	-0.0169567	-0.042089	-0.0277564	0.021191	0.0752391	0.137536	0.208539	0.283785	0.338511	0.366918	0.338136	0.251394	0.120575	-0.0491004	-0.255049	-0.481454	-0.684449	-0.828183	
0.0144244	-0.0300977	-0.0384312	-0.0237831	-0.0085116	-0.0053781	-0.0169567	-0.0343282	-0.0379483	-0.00618616	0.0484545	0.101711	0.160436	0.242857	0.325774	0.384756	0.413394	0.382079	0.287391	0.146125	-0.0337191	-0.250558	-0.475838	-0.677346	-0.829712	
0.0596874	0.00668369	-0.0296566	-0.0427323	-0.0385906	-0.0368459	-0.042089	-0.0379483	-0.0104517	0.037459	0.0945882	0.151272	0.211489	0.291346	0.378136	0.441084	0.46372	0.42979	0.331379	0.179048	-0.0167169	-0.240576	-0.465177	-0.665927	-0.818834	
0.126276	0.059821	0.00873081	-0.0218575	-0.0306087	-0.0307263	-0.0277564	-0.00618616	0.037459	0.0984534	0.166662	0.226791	0.280925	0.352161	0.431677	0.490055	0.501451	0.463252	0.36855	0.208618	0.000346733	-0.226983	-0.448001	-0.643121	-0.786927	
0.198532	0.12077	0.0638705	0.0302249	0.0112986	0.00682953	0.021191	0.0484545	0.0945882	0.166662	0.245094	0.309199	0.358092	0.417084	0.477712	0.516189	0.514828	0.473276	0.375831	0.217363	0.0152418	-0.20221	-0.414025	-0.598607	-0.729457	
0.260703	0.178176	0.119063	0.0834791	0.0678896	0.0665438	0.0752391	0.101711	0.151272	0.226791	0.309199	0.375891	0.423609	0.470332	0.504818	0.519634	0.506279	0.458672	0.362045	0.216724	0.038514	-0.161685	-0.359159	-0.525784	-0.638753	
0.311724	0.238016	0.177995	0.143483	0.132694	0.132001	0.137536	0.160436	0.211489	0.280925	0.358092	0.423609	0.471085	0.502756	0.521822	0.516689	0.487421	0.433219	0.338663	0.211548	0.0600357	-0.114007	-0.290641	-0.436233	-0.52893	
0.379411	0.313952	0.260725	0.219899	0.197897	0.194994	0.208539	0.242857	0.291346	0.352161	0.417084	0.470332	0.502756	0.523571	0.527909	0.508324	0.461897	0.392428	0.304867	0.197331	0.0712398	-0.0725514	-0.217372	-0.335625	-0.407252	
0.451332	0.400006	0.345526	0.29904	0.265549	0.258614	0.283785	0.325774	0.378136	0.431677	0.477712	0.504818	0.521822	0.527909	0.522174	0.488875	0.430095	0.347259	0.256742	0.166394	0.0680546	-0.0370621	-0.138462	-0.219276	-0.268157	
0.502772	0.463442	0.407136	0.354981	0.319923	0.313001	0.338511	0.384756	0.441084	0.490055	0.516189	0.519634	0.516689	0.508324	0.488875	0.443886	0.376144	0.291151	0.210917	0.13848	0.0686339	0.00761187	-0.0462338	-0.0883789	-0.112607	
0.510005	0.480989	0.433778	0.383769	0.34909	0.342464	0.366918	0.413394	0.46372	0.501451	0.514828	0.506279	0.487421	0.461897	0.430095	0.376144	0.300831	0.224051	0.163125	0.114773	0.076483	0.0530338	0.0399665	0.0360692	0.0402445	
0.470895	0.445532	0.401107	0.354599	0.320581	0.3143	0.338136	0.382079	0.42979	0.463252	0.473276	0.458672	0.433219	0.392428	0.347259	0.291151	0.224051	0.165324	0.123121	0.0999693	0.0951197	0.105611	0.125179	0.149135	0.175005	
0.37611	0.348302	0.30462	0.26384	0.23834	0.234209	0.251394	0.287391	0.331379	0.36855	0.375831	0.362045	0.338663	0.304867	0.256742	0.210917	0.163125	0.123121	0.100833	0.10016	0.120005	0.156357	0.200315	0.245383	0.289887	
0.214356	0.192408	0.158959	0.129851	0.109263	0.104789	0.120575	0.146125	0.179048	0.208618	0.217363	0.216724	0.211548	0.197331	0.166394	0.13848	0.114773	0.0999693	0.10016	0.124608	0.165778	0.217902	0.273393	0.326578	0.381983	
0.00604894	-0.00939732	-0.027087	-0.0431212	-0.0565839	-0.0593478	-0.0491004	-0.0337191	-0.0167169	0.000346733	0.0152418	0.038514	0.0600357	0.0712398	0.0680546	0.0686339	0.076483	0.0951197	0.120005	0.165778	0.22821	0.290657	0.348991	0.397727	0.450963	
-0.21794	-0.235832	-0.247304	-0.254222	-0.253903	-0.252875	-0.255049	-0.250558	-0.240576	-0.226983	-0.20221	-0.161685	-0.114007	-0.0725514	-0.0370621	0.00761187	0.0530338	0.105611	0.156357	0.217902	0.290657	0.355898	0.41222	0.463217	0.513734	
-0.435797	-0.460379	-0.47213	-0.480012	-0.480518	-0.478731	-0.481454	-0.475838	-0.465177	-0.448001	-0.414025	-0.359159	-0.290641	-0.217372	-0.138462	-0.0462338	0.0399665	0.125179	0.200315	0.273393	0.348991	0.41222	0.469728	0.524231	0.565188	
-0.628806	-0.658054	-0.673823	-0.681552	-0.688202	-0.690219	-0.684449	-0.677346	-0.665927	-0.643121	-0.598607	-0.525784	-0.436233	-0.335625	-0.219276	-0.0883789	0.0360692	0.149135	0.245383	0.326578	0.397727	0.463217	0.524231	0.571206	0.592644	
-0.767653	-0.808837	-0.827663	-0.82916	-0.826704	-0.826444	-0.828183	-0.829712	-0.818834	-0.786927	-0.729457	-0.638753	-0.52893	-0.407252	-0.268157	-0.112607	0.0402445	0.175005	0.289887	0.381983	0.450963	0.513734	0.565188	0.592644	0.589541	
