0.455488	0.492117	0.506729	0.498116	0.479028	0.46351	0.447799	0.429581	0.429801	0.454945	0.47856	0.471368	0.415065	0.292667	0.118787	-0.0930409	-0.316029	-0.520289	-0.688015	-0.788913	-0.808297	-0.73684	-0.579614	-0.365356	-0.110239	
0.492117	0.490345	0.470344	0.431517	0.401379	0.394399	0.385802	0.376995	0.385478	0.41161	0.441577	0.451159	0.407598	0.299904	0.1408	-0.0594856	-0.268339	-0.465151	-0.635051	-0.747064	-0.779797	-0.722853	-0.58002	-0.378223	-0.137034	
0.506729	0.470344	0.41606	0.360279	0.329641	0.323027	0.319339	0.327733	0.350216	0.383135	0.422199	0.440286	0.407814	0.315705	0.171088	-0.0155758	-0.211659	-0.405013	-0.575856	-0.697001	-0.744418	-0.697091	-0.5676	-0.378137	-0.148973	
0.498116	0.431517	0.360279	0.301801	0.26788	0.260852	0.272936	0.300052	0.330999	0.37164	0.417684	0.441409	0.424048	0.349155	0.216933	0.042098	-0.145888	-0.337121	-0.512341	-0.644857	-0.704823	-0.671889	-0.557918	-0.377777	-0.162794	
0.479028	0.401379	0.329641	0.26788	0.232607	0.231813	0.256019	0.290942	0.333009	0.383167	0.426442	0.449792	0.443319	0.380668	0.262288	0.101637	-0.0821209	-0.26604	-0.441711	-0.580293	-0.648555	-0.63432	-0.534982	-0.374014	-0.175882	
0.46351	0.394399	0.323027	0.260852	0.231813	0.239858	0.264958	0.302656	0.35328	0.408254	0.446051	0.468962	0.461557	0.404526	0.297816	0.15093	-0.0188009	-0.194426	-0.361986	-0.496022	-0.567843	-0.565674	-0.481741	-0.344626	-0.169181	
0.447799	0.385802	0.319339	0.272936	0.256019	0.264958	0.285106	0.328181	0.388806	0.446606	0.482004	0.502058	0.492271	0.440966	0.346308	0.211069	0.0517171	-0.11435	-0.268806	-0.398123	-0.465775	-0.467129	-0.405507	-0.28992	-0.142868	
0.429581	0.376995	0.327733	0.300052	0.290942	0.302656	0.328181	0.376629	0.441323	0.50229	0.542694	0.560129	0.545364	0.496215	0.413946	0.288404	0.139272	-0.0191877	-0.167625	-0.285084	-0.348056	-0.35391	-0.310798	-0.221925	-0.110846	
0.429801	0.385478	0.350216	0.330999	0.333009	0.35328	0.388806	0.441323	0.511761	0.579049	0.627804	0.644024	0.626453	0.581749	0.497402	0.377975	0.237178	0.0844326	-0.0585771	-0.165407	-0.221404	-0.231776	-0.203699	-0.14286	-0.0648472	
0.454945	0.41161	0.383135	0.37164	0.383167	0.408254	0.446606	0.50229	0.579049	0.663961	0.724083	0.742408	0.726003	0.679987	0.593361	0.483659	0.346154	0.193511	0.0602231	-0.0371985	-0.0864052	-0.0941703	-0.0770575	-0.0461622	0.000323302	
0.47856	0.441577	0.422199	0.417684	0.426442	0.446051	0.482004	0.542694	0.627804	0.724083	0.793	0.830527	0.828903	0.785194	0.706161	0.606549	0.472742	0.322524	0.195311	0.101844	0.062869	0.0591368	0.0634675	0.073448	0.0866715	
0.471368	0.451159	0.440286	0.441409	0.449792	0.468962	0.502058	0.560129	0.644024	0.742408	0.830527	0.890199	0.908555	0.880181	0.820309	0.729385	0.601987	0.469198	0.348347	0.265035	0.237757	0.231338	0.22461	0.209546	0.187451	
0.415065	0.407598	0.407814	0.424048	0.443319	0.461557	0.492271	0.545364	0.626453	0.726003	0.828903	0.908555	0.946687	0.943672	0.905114	0.836132	0.735196	0.619363	0.509765	0.442558	0.422876	0.415834	0.403698	0.366967	0.31028	
0.292667	0.299904	0.315705	0.349155	0.380668	0.404526	0.440966	0.496215	0.581749	0.679987	0.785194	0.880181	0.943672	0.972627	0.955525	0.91099	0.838031	0.741886	0.659236	0.612471	0.603575	0.60704	0.586714	0.532663	0.449836	
0.118787	0.1408	0.171088	0.216933	0.262288	0.297816	0.346308	0.413946	0.497402	0.593361	0.706161	0.820309	0.905114	0.955525	0.968168	0.944193	0.895268	0.826198	0.771961	0.752701	0.755971	0.77073	0.748257	0.678771	0.57746	
-0.0930409	-0.0594856	-0.0155758	0.042098	0.101637	0.15093	0.211069	0.288404	0.377975	0.483659	0.606549	0.729385	0.836132	0.91099	0.944193	0.939803	0.912622	0.866924	0.830036	0.828923	0.844364	0.86582	0.850891	0.782999	0.679674	
-0.316029	-0.268339	-0.211659	-0.145888	-0.0821209	-0.0188009	0.0517171	0.139272	0.237178	0.346154	0.472742	0.601987	0.735196	0.838031	0.895268	0.912622	0.894407	0.864533	0.845258	0.855346	0.880563	0.90154	0.887584	0.821562	0.714104	
-0.520289	-0.465151	-0.405013	-0.337121	-0.26604	-0.194426	-0.11435	-0.0191877	0.0844326	0.193511	0.322524	0.469198	0.619363	0.741886	0.826198	0.866924	0.864533	0.850213	0.844673	0.856102	0.875703	0.884793	0.861681	0.792335	0.682222	
-0.688015	-0.635051	-0.575856	-0.512341	-0.441711	-0.361986	-0.268806	-0.167625	-0.0585771	0.0602231	0.195311	0.348347	0.509765	0.659236	0.771961	0.830036	0.845258	0.844673	0.841162	0.845116	0.8487	0.830967	0.784092	0.697305	0.575669	
-0.788913	-0.747064	-0.697001	-0.644857	-0.580293	-0.496022	-0.398123	-0.285084	-0.165407	-0.0371985	0.101844	0.265035	0.442558	0.612471	0.752701	0.828923	0.855346	0.856102	0.845116	0.830613	0.801726	0.739833	0.651959	0.532114	0.378908	
-0.808297	-0.779797	-0.744418	-0.704823	-0.648555	-0.567843	-0.465775	-0.348056	-0.221404	-0.0864052	0.062869	0.237757	0.422876	0.603575	0.755971	0.844364	0.880563	0.875703	0.8487	0.801726	0.719617	0.603499	0.463169	0.299852	0.12015	
-0.73684	-0.722853	-0.697091	-0.671889	-0.63432	-0.565674	-0.467129	-0.35391	-0.231776	-0.0941703	0.0591368	0.231338	0.415834	0.60704	0.77073	0.86582	0.90154	0.884793	0.830967	0.739833	0.603499	0.430496	0.232144	0.0248887	-0.181968	
-0.579614	-0.58002	-0.5676	-0.557918	-0.534982	-0.481741	-0.405507	-0.310798	-0.203699	-0.0770575	0.0634675	0.22461	0.403698	0.586714	0.748257	0.850891	0.887584	0.861681	0.784092	0.651959	0.463169	0.232144	-0.017026	-0.261084	-0.49286	
-0.365356	-0.378223	-0.378137	-0.377777	-0.374014	-0.344626	-0.28992	-0.221925	-0.14286	-0.0461622	0.073448	0.209546	0.366967	0.532663	0.678771	0.782999	0.821562	0.792335	0.697305	0.532114	0.299852	0.0248887	-0.261084	-0.533058	-0.773348	
-0.110239	-0.137034	-0.148973	-0.162794	-0.175882	-0.169181	-0.142868	-0.110846	-0.0648472	0.000323302	0.0866715	0.187451	0.31028	0.449836	0.57746	0.679674	0.714104	0.682222	0.575669	0.378908	0.12015	-0.181968	-0.49286	-0.773348	-1.01139	
0.164689	0.126547	0.0975723	0.0684773	0.0424313	0.0261924	0.017283	0.0133063	0.0229134	0.0521567	0.0993934	0.165772	0.253972	0.35627	0.456905	0.547295	0.584019	0.553411	0.437205	0.224698	-0.0551705	-0.378218	-0.697208	-0.976778	-1.20389	
0.428912	0.38251	0.337611	0.295319	0.248611	0.202196	0.160866	0.124318	0.0994874	0.0910353	0.105742	0.140056	0.196796	0.271111	0.350394	0.428871	0.468094	0.438866	0.313745	0.0890813	-0.207367	-0.539952	-0.860433	-1.13538	-1.34407	
0.660276	0.60802	0.546087	0.482284	0.41862	0.347563	0.269863	0.193787	0.137368	0.103272	0.0934692	0.106806	0.140657	0.195518	0.26589	0.344526	0.390068	0.366593	0.241488	0.00428571	-0.304501	-0.644357	-0.97163	-1.24319	-1.44074	
0.82679	0.771309	0.695114	0.616929	0.536587	0.43838	0.328517	0.229427	0.147654	0.0911039	0.06245	0.0668761	0.0946122	0.142064	0.21364	0.290484	0.354118	0.341283	0.213011	-0.0226381	-0.344418	-0.695266	-1.02625	-1.30296	-1.49918	
0.91764	0.861323	0.776816	0.688741	0.595695	0.481421	0.353366	0.23618	0.140245	0.0721245	0.0370037	0.0365216	0.0630299	0.111551	0.187671	0.271349	0.345734	0.340771	0.214536	-0.0234293	-0.352707	-0.708257	-1.04589	-1.32826	-1.52465	
0.934675	0.877793	0.790966	0.699117	0.605279	0.490244	0.358248	0.234461	0.135581	0.0665546	0.0324935	0.0318148	0.056004	0.104032	0.18222	0.271189	0.345228	0.341781	0.218866	-0.0225816	-0.352155	-0.708155	-1.04873	-1.33188	-1.52974	
0.87168	0.815528	0.735366	0.653511	0.567057	0.459782	0.34079	0.235178	0.146657	0.0836203	0.0502798	0.0522916	0.0802958	0.127758	0.201124	0.278915	0.348248	0.339687	0.210906	-0.0245992	-0.349946	-0.70393	-1.03705	-1.31611	-1.51262	
0.735167	0.681854	0.613577	0.54364	0.472558	0.390312	0.299334	0.211895	0.144335	0.100794	0.0824898	0.0902735	0.121134	0.17153	0.240697	0.318821	0.371196	0.351769	0.225013	-0.0120189	-0.326288	-0.670762	-0.999287	-1.27247	-1.4683	
0.52811	0.478473	0.426159	0.375712	0.322422	0.265956	0.2098	0.156535	0.118779	0.0988067	0.103784	0.128224	0.172927	0.238161	0.313227	0.392181	0.431226	0.40377	0.27923	0.0472066	-0.253517	-0.588653	-0.911925	-1.18452	-1.38838	
0.272196	0.230447	0.195569	0.162184	0.127844	0.0992612	0.0773539	0.0620504	0.0577791	0.0710495	0.102661	0.15574	0.232352	0.321795	0.412014	0.494924	0.533724	0.504129	0.382589	0.166465	-0.120686	-0.449177	-0.76821	-1.04591	-1.26554	
-0.00057854	-0.0324061	-0.0507728	-0.0710909	-0.0894772	-0.0911364	-0.0783388	-0.062483	-0.0310059	0.0208089	0.092098	0.178724	0.286478	0.411763	0.529404	0.629149	0.66372	0.631048	0.521117	0.31631	0.0484535	-0.262623	-0.578208	-0.859801	-1.09468	
-0.26725	-0.28622	-0.290554	-0.294845	-0.298253	-0.278651	-0.234354	-0.179491	-0.112664	-0.029131	0.0783861	0.201708	0.345447	0.502688	0.64213	0.745218	0.782211	0.752402	0.652332	0.473178	0.229074	-0.0583102	-0.356051	-0.633346	-0.873716	
-0.499861	-0.505043	-0.497294	-0.492216	-0.476886	-0.43209	-0.364612	-0.279256	-0.182438	-0.0662242	0.066152	0.219632	0.393224	0.568953	0.725304	0.828956	0.867697	0.840216	0.753732	0.608858	0.400677	0.149406	-0.115504	-0.372555	-0.609877	
-0.682675	-0.674854	-0.653705	-0.63527	-0.603986	-0.5411	-0.449391	-0.342912	-0.225456	-0.0896675	0.0608331	0.229408	0.411712	0.60291	0.767901	0.866981	0.902008	0.879911	0.817083	0.707844	0.549805	0.354095	0.133384	-0.0899021	-0.307784	
-0.791078	-0.768059	-0.737108	-0.702954	-0.652939	-0.576595	-0.474134	-0.35621	-0.229959	-0.0936771	0.0590563	0.234695	0.420819	0.606065	0.762388	0.852972	0.890688	0.882535	0.844537	0.780801	0.676606	0.537638	0.374223	0.193411	0.00358334	
-0.807039	-0.769767	-0.725825	-0.679288	-0.61753	-0.532662	-0.433704	-0.31728	-0.194499	-0.06328	0.0798602	0.248193	0.430388	0.604442	0.751882	0.834514	0.864994	0.863516	0.847677	0.822135	0.773187	0.691209	0.582839	0.446419	0.281154	
-0.737882	-0.688698	-0.631518	-0.572159	-0.503727	-0.421677	-0.325332	-0.21969	-0.10711	0.016409	0.152781	0.308889	0.476344	0.636349	0.759937	0.82506	0.846292	0.846757	0.842435	0.839819	0.832194	0.799783	0.737592	0.639707	0.507497	
-0.592745	-0.537792	-0.477852	-0.411125	-0.337683	-0.26328	-0.178378	-0.0811066	0.0246141	0.136331	0.268064	0.418613	0.572734	0.705257	0.80044	0.848924	0.854156	0.84671	0.842365	0.852118	0.867407	0.866553	0.837051	0.762683	0.64953	
-0.401222	-0.348486	-0.289943	-0.222538	-0.156967	-0.0891527	-0.0147479	0.0760554	0.176603	0.284471	0.412193	0.548056	0.689299	0.800691	0.869284	0.895808	0.882007	0.858523	0.846046	0.858022	0.882543	0.900726	0.884518	0.817391	0.70914	
-0.18306	-0.144205	-0.0943738	-0.0321278	0.0298016	0.0851099	0.149232	0.230292	0.324261	0.433246	0.557331	0.68159	0.799823	0.885049	0.926626	0.931451	0.908628	0.870207	0.839746	0.843531	0.864256	0.885965	0.873372	0.807501	0.70257	
0.0384653	0.0638612	0.099355	0.150683	0.202614	0.242928	0.29595	0.368503	0.452487	0.551864	0.669185	0.787776	0.880945	0.940886	0.963195	0.94647	0.906575	0.848346	0.802024	0.791216	0.800274	0.817581	0.797211	0.727087	0.622573	
0.227766	0.242482	0.263994	0.302562	0.339019	0.367393	0.408971	0.468254	0.552923	0.649605	0.756882	0.85973	0.932372	0.970691	0.96518	0.929194	0.866557	0.780312	0.710327	0.674681	0.669213	0.678951	0.656388	0.594206	0.504416	
0.373922	0.371056	0.377927	0.401838	0.42659	0.444814	0.475594	0.529055	0.613401	0.712422	0.815805	0.901905	0.949819	0.96032	0.929697	0.871194	0.781492	0.672513	0.572456	0.512308	0.497183	0.492501	0.477438	0.434131	0.364879	
0.456545	0.441788	0.434604	0.440625	0.451627	0.471227	0.503527	0.558491	0.639462	0.738897	0.83524	0.902887	0.92914	0.910053	0.858617	0.774009	0.656036	0.530939	0.412671	0.336279	0.311897	0.303633	0.294673	0.269765	0.23324	
0.480086	0.44981	0.43348	0.430624	0.438599	0.456975	0.492123	0.55303	0.639626	0.737115	0.81225	0.858818	0.865165	0.825532	0.753934	0.657468	0.523457	0.378977	0.254452	0.163452	0.129434	0.12606	0.125091	0.125758	0.12596	
