-0.0224258	-0.0510057	-0.07358	-0.0904571	-0.102046	-0.104675	-0.0959867	-0.0810487	-0.0600986	-0.0349348	-0.00257249	0.0228604	0.0396207	0.0544977	0.0755174	0.111411	0.153385	0.204266	0.261394	0.313215	0.356195	0.390965	0.432513	0.472858	0.497926	
-0.0815904	-0.131944	-0.166217	-0.187306	-0.19882	-0.200983	-0.193193	-0.175449	-0.14753	-0.103347	-0.0479277	0.00528677	0.0494636	0.0892569	0.134883	0.189917	0.252467	0.316214	0.381894	0.436829	0.468495	0.48684	0.509832	0.524502	0.529775	
-0.128155	-0.196655	-0.240409	-0.269502	-0.286861	-0.289559	-0.27839	-0.252818	-0.21745	-0.157511	-0.0826504	-0.00632237	0.0596974	0.118831	0.183429	0.259547	0.33855	0.404009	0.458648	0.502632	0.521485	0.527417	0.52435	0.514775	0.491111	
-0.158344	-0.234149	-0.280483	-0.317098	-0.341345	-0.345333	-0.329407	-0.295641	-0.255677	-0.190955	-0.1068	-0.0150234	0.0742572	0.154117	0.240265	0.324729	0.400629	0.45333	0.489981	0.51603	0.512548	0.49277	0.464287	0.431947	0.389873	
-0.151559	-0.226078	-0.270298	-0.304651	-0.322181	-0.325912	-0.313257	-0.285151	-0.246372	-0.184824	-0.0983266	5.18353e-05	0.107252	0.206158	0.307784	0.389456	0.447292	0.475495	0.486373	0.481933	0.452802	0.401866	0.346564	0.290849	0.23905	
-0.106135	-0.163559	-0.194636	-0.207681	-0.214538	-0.216283	-0.210085	-0.201967	-0.178048	-0.133972	-0.0548793	0.0492171	0.154608	0.261116	0.362509	0.441253	0.486511	0.485373	0.45887	0.410566	0.346833	0.266584	0.183945	0.113851	0.0542404	
-0.00391167	-0.0430816	-0.053019	-0.0535464	-0.0497725	-0.048711	-0.0525455	-0.0540864	-0.0492861	-0.0242892	0.0385869	0.13079	0.229688	0.325937	0.411293	0.470873	0.491877	0.468745	0.403597	0.308519	0.202002	0.0898402	-0.0102356	-0.086941	-0.147888	
0.159888	0.137146	0.138186	0.145643	0.157815	0.162021	0.14958	0.140996	0.135345	0.147203	0.189482	0.258662	0.338125	0.410996	0.464168	0.486615	0.474385	0.423875	0.323334	0.189798	0.0439594	-0.100052	-0.22097	-0.306151	-0.359573	
0.373394	0.360288	0.367558	0.383929	0.402103	0.405674	0.392227	0.373327	0.361861	0.364454	0.393253	0.437406	0.481545	0.510495	0.518167	0.496758	0.447667	0.361882	0.227741	0.0637692	-0.112106	-0.283163	-0.420046	-0.513226	-0.553292	
0.60842	0.605115	0.616395	0.639476	0.663385	0.667803	0.65084	0.624057	0.608793	0.60492	0.615736	0.629215	0.632863	0.615311	0.570218	0.502042	0.413405	0.289622	0.12354	-0.0725598	-0.273822	-0.456728	-0.601035	-0.694173	-0.71937	
0.829903	0.838971	0.851272	0.877169	0.905158	0.910829	0.89025	0.858889	0.843403	0.833949	0.82055	0.79704	0.761592	0.702079	0.610917	0.49341	0.358983	0.197001	0.00336571	-0.215274	-0.434667	-0.620251	-0.755899	-0.833846	-0.83952	
0.99359	1.01869	1.04047	1.07014	1.09927	1.10569	1.08337	1.05122	1.02699	1.00581	0.969734	0.912353	0.836482	0.737033	0.609221	0.456253	0.284145	0.0968117	-0.111756	-0.33722	-0.562529	-0.749393	-0.869425	-0.91366	-0.87832	
1.07087	1.113	1.14534	1.17859	1.2101	1.21727	1.19251	1.15797	1.12622	1.08985	1.03414	0.948814	0.838447	0.705979	0.552443	0.380875	0.196303	0.00551492	-0.201801	-0.425261	-0.638481	-0.809528	-0.905133	-0.915898	-0.843033	
1.04524	1.10291	1.14249	1.17683	1.20866	1.21569	1.19113	1.15576	1.12111	1.07071	0.997874	0.895	0.764862	0.616101	0.450861	0.27294	0.0967411	-0.0825534	-0.270266	-0.468607	-0.651671	-0.788054	-0.854275	-0.837216	-0.737399	
0.907237	0.981911	1.04276	1.08183	1.10937	1.11526	1.0939	1.06121	1.00812	0.939253	0.853733	0.745806	0.614531	0.462483	0.297839	0.129202	-0.0244508	-0.167471	-0.313661	-0.461624	-0.601133	-0.694818	-0.722207	-0.679907	-0.57329	
0.683772	0.776183	0.85981	0.914588	0.944147	0.949722	0.929138	0.885543	0.811275	0.721353	0.626538	0.51927	0.389008	0.23938	0.0847333	-0.0569001	-0.166638	-0.264311	-0.351842	-0.427234	-0.498847	-0.541011	-0.532755	-0.468353	-0.358184	
0.424147	0.534717	0.633482	0.705581	0.746141	0.753769	0.725805	0.665911	0.576309	0.468951	0.358993	0.244879	0.114381	-0.0259356	-0.161756	-0.262045	-0.319531	-0.358487	-0.382067	-0.384553	-0.377227	-0.361535	-0.318441	-0.239964	-0.132164	
0.16332	0.29249	0.408359	0.4919	0.536515	0.545348	0.5139	0.446613	0.342079	0.214922	0.0878188	-0.0363905	-0.168519	-0.298526	-0.406791	-0.461181	-0.465174	-0.438906	-0.394239	-0.330844	-0.255408	-0.183743	-0.109898	-0.021515	0.0782458	
-0.0661346	0.075323	0.202992	0.296499	0.348302	0.357583	0.322125	0.245377	0.129364	-0.00955205	-0.150663	-0.287774	-0.424488	-0.546239	-0.619609	-0.63011	-0.584293	-0.498736	-0.386552	-0.25877	-0.129911	-0.0155777	0.0838997	0.175842	0.263512	
-0.239594	-0.096373	0.0285697	0.130326	0.196905	0.209385	0.162351	0.0728983	-0.0447376	-0.179535	-0.331525	-0.483239	-0.62301	-0.732616	-0.779253	-0.753476	-0.666796	-0.532484	-0.363435	-0.176203	0.000612749	0.15232	0.268045	0.359968	0.424811	
-0.349761	-0.210748	-0.0934435	0.00518594	0.0710265	0.0830014	0.0366762	-0.0514634	-0.161943	-0.290962	-0.442965	-0.5994	-0.737616	-0.836538	-0.866884	-0.817509	-0.69641	-0.519577	-0.301205	-0.0659272	0.152842	0.326913	0.448392	0.530368	0.565744	
-0.40278	-0.277772	-0.177065	-0.0969648	-0.0467598	-0.0388542	-0.0728223	-0.142221	-0.234426	-0.350285	-0.488518	-0.635152	-0.768118	-0.858098	-0.874984	-0.809941	-0.661927	-0.446329	-0.188975	0.0753658	0.316382	0.498321	0.614352	0.678945	0.684815	
-0.409611	-0.316101	-0.249258	-0.200422	-0.168031	-0.161888	-0.185405	-0.227587	-0.286934	-0.368698	-0.480481	-0.605613	-0.719697	-0.798075	-0.804233	-0.726712	-0.564676	-0.327958	-0.0533386	0.225534	0.473382	0.655353	0.763613	0.805135	0.77216	
-0.416366	-0.359428	-0.323897	-0.303912	-0.294423	-0.293289	-0.298333	-0.314827	-0.343211	-0.389699	-0.465229	-0.551512	-0.62659	-0.682962	-0.680384	-0.598475	-0.429857	-0.1958	0.0800292	0.362769	0.613442	0.797092	0.893844	0.902405	0.832894	
-0.442842	-0.424158	-0.414498	-0.419972	-0.437016	-0.442032	-0.426335	-0.414796	-0.419738	-0.433206	-0.460565	-0.489592	-0.517633	-0.54568	-0.531631	-0.447238	-0.288086	-0.0652816	0.203007	0.481682	0.729727	0.913138	0.998539	0.982299	0.875544	
-0.469736	-0.498295	-0.533045	-0.575097	-0.608829	-0.615692	-0.590653	-0.549286	-0.511453	-0.480973	-0.453456	-0.425251	-0.410104	-0.409009	-0.377932	-0.291004	-0.14257	0.0654977	0.318557	0.582167	0.825212	1.0036	1.07345	1.03564	0.904676	
-0.498295	-0.578207	-0.668604	-0.752553	-0.801732	-0.809686	-0.777397	-0.704456	-0.613925	-0.52951	-0.452956	-0.382685	-0.331731	-0.294713	-0.241672	-0.149217	-2.59629e-05	0.201708	0.436468	0.680928	0.907398	1.06751	1.12203	1.06791	0.9198	
-0.533045	-0.668604	-0.802523	-0.91928	-0.993156	-1.0054	-0.955572	-0.852289	-0.723373	-0.586218	-0.458944	-0.357141	-0.27837	-0.206234	-0.129871	-0.0265362	0.127787	0.324024	0.541055	0.771649	0.977848	1.11434	1.15649	1.09514	0.9343	
-0.575097	-0.752553	-0.91928	-1.05326	-1.13703	-1.15098	-1.0942	-0.97774	-0.822006	-0.644927	-0.477789	-0.34678	-0.24183	-0.137825	-0.0370296	0.0757673	0.225805	0.41083	0.618594	0.834413	1.02227	1.14861	1.19087	1.12665	0.961289	
-0.608829	-0.801732	-0.993156	-1.13703	-1.2086	-1.21866	-1.17449	-1.05864	-0.881122	-0.683616	-0.502458	-0.348587	-0.217988	-0.0944223	0.0237193	0.144083	0.283112	0.457649	0.661806	0.868033	1.04846	1.17955	1.22292	1.15581	0.989882	
-0.615692	-0.809686	-1.0054	-1.15098	-1.21866	-1.22688	-1.1877	-1.07226	-0.890668	-0.691042	-0.508642	-0.349936	-0.213594	-0.0869536	0.0340055	0.157543	0.293374	0.466345	0.670115	0.874375	1.05399	1.18633	1.22991	1.16256	0.995552	
-0.590653	-0.777397	-0.955572	-1.0942	-1.17449	-1.1877	-1.13439	-1.01719	-0.851244	-0.663923	-0.488136	-0.346129	-0.230079	-0.11732	-0.00787555	0.107961	0.253858	0.433915	0.640015	0.850891	1.03464	1.16227	1.20533	1.13946	0.974679	
-0.549286	-0.704456	-0.852289	-0.97774	-1.05864	-1.07226	-1.01719	-0.90611	-0.765926	-0.610197	-0.464733	-0.351585	-0.262181	-0.176381	-0.0897906	0.0177546	0.171184	0.363824	0.57589	0.800793	0.998975	1.12873	1.16918	1.10724	0.943007	
-0.511453	-0.613925	-0.723373	-0.822006	-0.881122	-0.890668	-0.851244	-0.765926	-0.657483	-0.551572	-0.454688	-0.371312	-0.308059	-0.256285	-0.194488	-0.0989201	0.0537164	0.253573	0.481289	0.718545	0.937254	1.08853	1.13702	1.07821	0.925119	
-0.480973	-0.52951	-0.586218	-0.644927	-0.683616	-0.691042	-0.663923	-0.610197	-0.551572	-0.499915	-0.452417	-0.404847	-0.374533	-0.360406	-0.320444	-0.231317	-0.0843357	0.119922	0.365739	0.622448	0.859473	1.03154	1.095	1.05062	0.912161	
-0.453456	-0.452956	-0.458944	-0.477789	-0.502458	-0.508642	-0.488136	-0.464733	-0.454688	-0.452417	-0.457416	-0.462835	-0.472603	-0.489659	-0.46938	-0.384122	-0.23029	-0.0141292	0.248933	0.522842	0.770253	0.952771	1.03248	1.00656	0.888898	
-0.425251	-0.382685	-0.357141	-0.34678	-0.348587	-0.349936	-0.346129	-0.351585	-0.371312	-0.404847	-0.462835	-0.528102	-0.584367	-0.629028	-0.622726	-0.539934	-0.373953	-0.142645	0.131348	0.413278	0.662834	0.846225	0.939049	0.937159	0.851387	
-0.410104	-0.331731	-0.27837	-0.24183	-0.217988	-0.213594	-0.230079	-0.262181	-0.308059	-0.374533	-0.472603	-0.584367	-0.685397	-0.757043	-0.75959	-0.679354	-0.512756	-0.275664	0.000704021	0.282183	0.53222	0.714998	0.817701	0.84636	0.79925	
-0.409009	-0.294713	-0.206234	-0.137825	-0.0944223	-0.0869536	-0.11732	-0.176381	-0.256285	-0.360406	-0.489659	-0.629028	-0.757043	-0.842661	-0.854993	-0.784056	-0.629738	-0.40278	-0.13541	0.135879	0.38049	0.563058	0.676392	0.732814	0.723479	
-0.377932	-0.241672	-0.129871	-0.0370296	0.0237193	0.0340055	-0.00787555	-0.0897906	-0.194488	-0.320444	-0.46938	-0.622726	-0.75959	-0.854993	-0.879903	-0.82408	-0.690826	-0.497236	-0.26176	-0.0114964	0.218747	0.396934	0.516938	0.592405	0.616854	
-0.291004	-0.149217	-0.0265362	0.0757673	0.144083	0.157543	0.107961	0.0177546	-0.0989201	-0.231317	-0.384122	-0.539934	-0.679354	-0.784056	-0.82408	-0.786926	-0.686048	-0.533179	-0.344561	-0.136889	0.0581815	0.221094	0.34142	0.430603	0.482802	
-0.14257	-2.59629e-05	0.127787	0.225805	0.283112	0.293374	0.253858	0.171184	0.0537164	-0.0843357	-0.23029	-0.373953	-0.512756	-0.629738	-0.690826	-0.686048	-0.622465	-0.516605	-0.380355	-0.227601	-0.0788906	0.0512994	0.158351	0.250305	0.330688	
0.0654977	0.201708	0.324024	0.41083	0.457649	0.466345	0.433915	0.363824	0.253573	0.119922	-0.0141292	-0.142645	-0.275664	-0.40278	-0.497236	-0.533179	-0.516605	-0.465865	-0.392768	-0.302886	-0.205346	-0.115493	-0.0311772	0.060209	0.155779	
0.318557	0.436468	0.541055	0.618594	0.661806	0.670115	0.640015	0.57589	0.481289	0.365739	0.248933	0.131348	0.000704021	-0.13541	-0.26176	-0.344561	-0.380355	-0.392768	-0.389188	-0.365872	-0.329209	-0.289102	-0.23245	-0.150256	-0.0453561	
0.582167	0.680928	0.771649	0.834413	0.868033	0.874375	0.850891	0.800793	0.718545	0.622448	0.522842	0.413278	0.282183	0.135879	-0.0114964	-0.136889	-0.227601	-0.302886	-0.365872	-0.410196	-0.45	-0.470481	-0.448998	-0.377262	-0.267344	
0.825212	0.907398	0.977848	1.02227	1.04846	1.05399	1.03464	0.998975	0.937254	0.859473	0.770253	0.662834	0.53222	0.38049	0.218747	0.0581815	-0.0788906	-0.205346	-0.329209	-0.45	-0.565099	-0.638657	-0.65159	-0.600058	-0.491093	
1.0036	1.06751	1.11434	1.14861	1.17955	1.18633	1.16227	1.12873	1.08853	1.03154	0.952771	0.846225	0.714998	0.563058	0.396934	0.221094	0.0512994	-0.115493	-0.289102	-0.470481	-0.638657	-0.759536	-0.809974	-0.782791	-0.678588	
1.07345	1.12203	1.15649	1.19087	1.22292	1.22991	1.20533	1.16918	1.13702	1.095	1.03248	0.939049	0.817701	0.676392	0.516938	0.34142	0.158351	-0.0311772	-0.23245	-0.448998	-0.65159	-0.809974	-0.895187	-0.894133	-0.808465	
1.03564	1.06791	1.09514	1.12665	1.15581	1.16256	1.13946	1.10724	1.07821	1.05062	1.00656	0.937159	0.84636	0.732814	0.592405	0.430603	0.250305	0.060209	-0.150256	-0.377262	-0.600058	-0.782791	-0.894133	-0.92436	-0.873526	
0.904676	0.9198	0.9343	0.961289	0.989882	0.995552	0.974679	0.943007	0.925119	0.912161	0.888898	0.851387	0.79925	0.723479	0.616854	0.482802	0.330688	0.155779	-0.0453561	-0.267344	-0.491093	-0.678588	-0.808465	-0.873526	-0.864518	
