0.426211	0.515729	0.592288	0.645016	0.667192	0.669722	0.657501	0.616416	0.548914	0.462562	0.370689	0.274816	0.181269	0.101801	0.0378528	0.000950061	-0.00514678	0.0164964	0.0709037	0.151702	0.248394	0.341825	0.413479	0.465313	0.505553	
0.490691	0.599543	0.689063	0.752339	0.781667	0.78686	0.767939	0.71782	0.638553	0.53507	0.42521	0.321673	0.226832	0.149224	0.0975579	0.0773145	0.0805033	0.111284	0.167576	0.243557	0.334892	0.419534	0.483761	0.520017	0.542108	
0.572187	0.69122	0.793877	0.870935	0.914544	0.922349	0.892893	0.827875	0.735388	0.619931	0.501978	0.393139	0.298328	0.2193	0.175835	0.170629	0.183043	0.212287	0.259478	0.317285	0.392087	0.462234	0.514031	0.536224	0.542336	
0.660798	0.779115	0.884338	0.966311	1.0147	1.02364	0.990262	0.920069	0.824433	0.708043	0.590033	0.477578	0.378469	0.297298	0.256095	0.258435	0.277042	0.300996	0.332585	0.369915	0.422084	0.473561	0.507265	0.507733	0.486691	
0.735212	0.84809	0.94421	1.01727	1.05686	1.06197	1.0374	0.976845	0.888884	0.78132	0.665592	0.552763	0.45324	0.372791	0.336143	0.335797	0.352634	0.370635	0.383524	0.398568	0.422449	0.44083	0.447181	0.423479	0.373358	
0.790345	0.888368	0.970811	1.02564	1.05084	1.05526	1.03824	0.996708	0.924015	0.830391	0.72618	0.617153	0.519008	0.444115	0.403981	0.396344	0.40278	0.410562	0.409535	0.401096	0.393669	0.379739	0.348026	0.301428	0.234978	
0.817201	0.896877	0.960227	1.00338	1.02442	1.02693	1.01478	0.979941	0.9246	0.850458	0.761688	0.662699	0.565666	0.487384	0.444245	0.423031	0.415696	0.409102	0.390889	0.359651	0.328013	0.290679	0.236473	0.171899	0.0976864	
0.803579	0.869049	0.922223	0.963467	0.989851	0.995308	0.976027	0.940267	0.891515	0.831821	0.75662	0.667751	0.574468	0.496065	0.447755	0.421211	0.397837	0.370928	0.332267	0.280729	0.22779	0.176068	0.111112	0.036172	-0.0385216	
0.754537	0.812457	0.858523	0.89975	0.926574	0.93209	0.912878	0.875452	0.831966	0.780352	0.711999	0.635379	0.554523	0.482094	0.430161	0.394335	0.354456	0.303571	0.244182	0.175801	0.104853	0.0369458	-0.0388669	-0.112886	-0.175433	
0.68751	0.734079	0.770645	0.801916	0.820525	0.823333	0.811607	0.783198	0.749563	0.707945	0.652452	0.588604	0.526529	0.466319	0.408055	0.355688	0.297197	0.224843	0.148964	0.0662301	-0.0198497	-0.104656	-0.184531	-0.249678	-0.285216	
0.609705	0.63424	0.653592	0.674611	0.682939	0.684481	0.679579	0.662816	0.641676	0.621287	0.586585	0.538239	0.48971	0.440502	0.382552	0.319915	0.245534	0.162255	0.0737775	-0.0203488	-0.118548	-0.21354	-0.291573	-0.341415	-0.349228	
0.511622	0.506264	0.504703	0.51343	0.517054	0.516776	0.51579	0.507781	0.504116	0.510536	0.505365	0.476493	0.438046	0.39641	0.347468	0.286818	0.206438	0.115366	0.0185643	-0.0831655	-0.184512	-0.275588	-0.346305	-0.382038	-0.369371	
0.377647	0.344553	0.319892	0.310853	0.307614	0.307592	0.308826	0.314713	0.332964	0.365108	0.392195	0.396609	0.382187	0.355603	0.318055	0.262672	0.18006	0.0820022	-0.0225593	-0.128693	-0.223999	-0.297043	-0.346762	-0.369524	-0.342344	
0.215277	0.154595	0.102481	0.0664393	0.0502895	0.0487301	0.0576151	0.0858931	0.131897	0.191547	0.251631	0.301727	0.331746	0.330694	0.304539	0.25302	0.168401	0.0714751	-0.0361316	-0.144987	-0.236032	-0.291672	-0.317239	-0.316525	-0.278663	
0.0361765	-0.0529907	-0.131802	-0.189276	-0.216992	-0.220353	-0.204027	-0.157921	-0.0868295	-0.000343635	0.0947678	0.194638	0.275066	0.314159	0.310355	0.267653	0.19217	0.0988641	-0.00865059	-0.116002	-0.207017	-0.255584	-0.262497	-0.238714	-0.187951	
-0.131098	-0.256956	-0.361566	-0.437715	-0.476995	-0.482768	-0.45853	-0.395397	-0.301603	-0.184113	-0.0478294	0.0923504	0.213525	0.291933	0.315457	0.292485	0.232384	0.150373	0.049822	-0.0515365	-0.132239	-0.178366	-0.180474	-0.144027	-0.0882783	
-0.286057	-0.440207	-0.564909	-0.656237	-0.710609	-0.720407	-0.683676	-0.605074	-0.493665	-0.351191	-0.182667	-0.00926133	0.140097	0.249395	0.305236	0.304715	0.267559	0.209286	0.125235	0.0384032	-0.0311941	-0.0741492	-0.0763681	-0.041284	0.0107514	
-0.435492	-0.598064	-0.730535	-0.836425	-0.904892	-0.917348	-0.870014	-0.776362	-0.65413	-0.505195	-0.321577	-0.126596	0.0447001	0.177448	0.257543	0.28553	0.278356	0.252596	0.203782	0.137619	0.0767744	0.0361115	0.0323858	0.0612801	0.105285	
-0.574915	-0.731387	-0.866718	-0.981568	-1.05668	-1.06944	-1.01775	-0.915999	-0.786683	-0.641871	-0.462762	-0.259152	-0.0699082	0.078103	0.175696	0.232149	0.260489	0.272106	0.260409	0.221034	0.173924	0.135998	0.134459	0.158414	0.194724	
-0.686305	-0.832699	-0.96676	-1.08174	-1.15434	-1.16759	-1.11706	-1.01668	-0.887243	-0.747924	-0.583221	-0.387653	-0.190877	-0.031779	0.0807623	0.160764	0.223815	0.272911	0.293924	0.2819	0.25333	0.225474	0.225799	0.245764	0.276219	
-0.767186	-0.901143	-1.02205	-1.12506	-1.19541	-1.20738	-1.15894	-1.06608	-0.950163	-0.823106	-0.674878	-0.500491	-0.316205	-0.15038	-0.0231117	0.0792578	0.169022	0.248955	0.301794	0.31483	0.304523	0.290187	0.29262	0.312911	0.345494	
-0.817525	-0.931372	-1.02773	-1.11524	-1.18263	-1.19637	-1.14628	-1.06394	-0.971414	-0.865653	-0.738033	-0.591076	-0.433305	-0.282043	-0.145393	-0.0250639	0.0813337	0.180893	0.258266	0.298811	0.314293	0.318745	0.331821	0.361929	0.40326	
-0.829949	-0.913233	-0.985365	-1.05688	-1.11687	-1.12834	-1.08434	-1.01363	-0.94285	-0.864823	-0.771508	-0.658689	-0.537906	-0.41929	-0.296921	-0.170875	-0.0513925	0.0618089	0.157986	0.229987	0.279057	0.320751	0.357619	0.401323	0.452983	
-0.816885	-0.860927	-0.908239	-0.959077	-0.998494	-1.00566	-0.978008	-0.928336	-0.879455	-0.833908	-0.788142	-0.7236	-0.64375	-0.561878	-0.470518	-0.35498	-0.230274	-0.102384	0.0139743	0.109987	0.194767	0.283738	0.362584	0.434681	0.496515	
-0.786662	-0.794068	-0.811922	-0.834725	-0.850973	-0.853769	-0.842801	-0.821044	-0.800524	-0.787304	-0.786022	-0.77405	-0.743475	-0.70201	-0.640452	-0.550979	-0.435482	-0.298974	-0.163257	-0.0383883	0.0822545	0.219066	0.350456	0.460409	0.542023	
-0.754482	-0.728168	-0.708494	-0.697086	-0.693633	-0.692782	-0.69511	-0.702219	-0.720451	-0.742132	-0.773761	-0.805724	-0.827781	-0.826482	-0.79167	-0.721578	-0.623728	-0.493482	-0.346484	-0.193455	-0.0337536	0.144553	0.315039	0.462654	0.573619	
-0.728168	-0.664082	-0.603109	-0.554883	-0.528502	-0.523876	-0.541612	-0.58134	-0.639476	-0.702318	-0.767677	-0.834272	-0.895772	-0.929218	-0.918805	-0.863829	-0.775829	-0.654711	-0.506165	-0.332926	-0.136946	0.0732117	0.271283	0.445752	0.586548	
-0.708494	-0.603109	-0.505323	-0.42305	-0.368176	-0.358555	-0.397053	-0.469777	-0.562468	-0.665996	-0.771417	-0.871154	-0.957458	-1.01608	-1.03047	-0.994914	-0.91163	-0.788254	-0.635617	-0.447371	-0.225187	0.00986255	0.236328	0.43507	0.597737	
-0.697086	-0.554883	-0.42305	-0.306868	-0.227393	-0.212204	-0.269511	-0.373631	-0.499834	-0.640003	-0.78075	-0.911601	-1.02231	-1.09658	-1.12811	-1.10586	-1.02791	-0.898873	-0.732729	-0.529982	-0.290352	-0.0353349	0.216518	0.43786	0.614509	
-0.693633	-0.528502	-0.368176	-0.227393	-0.13279	-0.115501	-0.182072	-0.308579	-0.462978	-0.628784	-0.788252	-0.941515	-1.07496	-1.16252	-1.19651	-1.17726	-1.10289	-0.971421	-0.793014	-0.57535	-0.322236	-0.0576741	0.208791	0.439552	0.620446	
-0.692782	-0.523876	-0.358555	-0.212204	-0.115501	-0.0973775	-0.165282	-0.296326	-0.45629	-0.626417	-0.789374	-0.94672	-1.08529	-1.1763	-1.2091	-1.18994	-1.1161	-0.983943	-0.804125	-0.582044	-0.326289	-0.0599654	0.208533	0.439473	0.621184	
-0.69511	-0.541612	-0.397053	-0.269511	-0.182072	-0.165282	-0.228474	-0.343076	-0.482276	-0.634169	-0.784382	-0.926273	-1.04684	-1.12655	-1.16086	-1.14002	-1.06441	-0.934312	-0.762758	-0.553594	-0.307279	-0.0472116	0.211848	0.438884	0.618331	
-0.702219	-0.58134	-0.469777	-0.373631	-0.308579	-0.296326	-0.343076	-0.428918	-0.534612	-0.653607	-0.774719	-0.887405	-0.982928	-1.04894	-1.07166	-1.04294	-0.961497	-0.835608	-0.678205	-0.483872	-0.254388	-0.0108018	0.226891	0.43526	0.605071	
-0.720451	-0.639476	-0.562468	-0.499834	-0.462978	-0.45629	-0.482276	-0.534612	-0.608174	-0.687768	-0.768995	-0.848639	-0.92048	-0.965091	-0.964893	-0.916686	-0.831487	-0.71002	-0.561586	-0.382059	-0.174847	0.0458405	0.255614	0.439865	0.589977	
-0.742132	-0.702318	-0.665996	-0.640003	-0.628784	-0.626417	-0.634169	-0.653607	-0.687768	-0.725035	-0.768932	-0.815842	-0.855904	-0.869771	-0.84509	-0.781205	-0.688609	-0.562837	-0.414163	-0.252139	-0.0767274	0.116184	0.298397	0.456709	0.580338	
-0.773761	-0.767677	-0.771417	-0.78075	-0.788252	-0.789374	-0.784382	-0.774719	-0.768995	-0.768932	-0.782016	-0.789322	-0.780242	-0.754646	-0.703461	-0.622868	-0.514539	-0.378905	-0.237743	-0.101005	0.0350707	0.189244	0.338464	0.464328	0.556781	
-0.805724	-0.834272	-0.871154	-0.911601	-0.941515	-0.94672	-0.926273	-0.887405	-0.848639	-0.815842	-0.789322	-0.746131	-0.68507	-0.61929	-0.540415	-0.43445	-0.311755	-0.17891	-0.0540481	0.0533554	0.151893	0.260215	0.359932	0.446884	0.515632	
-0.827781	-0.895772	-0.957458	-1.02231	-1.07496	-1.08529	-1.04684	-0.982928	-0.92048	-0.855904	-0.780242	-0.68507	-0.579759	-0.475772	-0.365205	-0.241121	-0.117833	0.00040015	0.104913	0.186566	0.250678	0.310252	0.362068	0.415584	0.470597	
-0.826482	-0.929218	-1.01608	-1.09658	-1.16252	-1.1763	-1.12655	-1.04894	-0.965091	-0.869771	-0.754646	-0.61929	-0.475772	-0.336209	-0.20174	-0.0779123	0.0346113	0.139994	0.224637	0.278258	0.306237	0.323962	0.344002	0.378576	0.424097	
-0.79167	-0.918805	-1.03047	-1.12811	-1.19651	-1.2091	-1.16086	-1.07166	-0.964893	-0.84509	-0.703461	-0.540415	-0.365205	-0.20174	-0.069311	0.0411332	0.138251	0.227331	0.29152	0.314276	0.313498	0.304958	0.310481	0.333817	0.3693	
-0.721578	-0.863829	-0.994914	-1.10586	-1.17726	-1.18994	-1.14002	-1.04294	-0.916686	-0.781205	-0.622868	-0.43445	-0.241121	-0.0779123	0.0411332	0.129576	0.204893	0.267423	0.301841	0.299934	0.278265	0.255728	0.256343	0.276084	0.306131	
-0.623728	-0.775829	-0.91163	-1.02791	-1.10289	-1.1161	-1.06441	-0.961497	-0.831487	-0.688609	-0.514539	-0.311755	-0.117833	0.0346113	0.138251	0.204893	0.247257	0.274507	0.275654	0.247931	0.208086	0.173143	0.172653	0.194907	0.22823	
-0.493482	-0.654711	-0.788254	-0.898873	-0.971421	-0.983943	-0.934312	-0.835608	-0.71002	-0.562837	-0.378905	-0.17891	0.00040015	0.139994	0.227331	0.267423	0.274507	0.26323	0.229983	0.174144	0.117989	0.0778687	0.0742237	0.100564	0.141842	
-0.346484	-0.506165	-0.635617	-0.732729	-0.793014	-0.804125	-0.762758	-0.678205	-0.561586	-0.414163	-0.237743	-0.0540481	0.104913	0.224637	0.29152	0.301841	0.275654	0.229983	0.157557	0.0781016	0.0121649	-0.0302054	-0.0326842	0.00069973	0.0493725	
-0.193455	-0.332926	-0.447371	-0.529982	-0.57535	-0.582044	-0.553594	-0.483872	-0.382059	-0.252139	-0.101005	0.0533554	0.186566	0.278258	0.314276	0.299934	0.247931	0.174144	0.0781016	-0.0176101	-0.0942595	-0.138388	-0.140096	-0.103385	-0.0480379	
-0.0337536	-0.136946	-0.225187	-0.290352	-0.322236	-0.326289	-0.307279	-0.254388	-0.174847	-0.0767274	0.0350707	0.151893	0.250678	0.306237	0.313498	0.278265	0.208086	0.117989	0.0121649	-0.0942595	-0.181851	-0.229985	-0.232991	-0.202914	-0.148851	
0.144553	0.0732117	0.00986255	-0.0353349	-0.0576741	-0.0599654	-0.0472116	-0.0108018	0.0458405	0.116184	0.189244	0.260215	0.310252	0.323962	0.304958	0.255728	0.173143	0.0778687	-0.0302054	-0.138388	-0.229985	-0.280945	-0.298539	-0.287751	-0.244441	
0.315039	0.271283	0.236328	0.216518	0.208791	0.208533	0.211848	0.226891	0.255614	0.298397	0.338464	0.359932	0.362068	0.344002	0.310481	0.256343	0.172653	0.0742237	-0.0326842	-0.140096	-0.232991	-0.298539	-0.337496	-0.352202	-0.32015	
0.462654	0.445752	0.43507	0.43786	0.439552	0.439473	0.438884	0.43526	0.439865	0.456709	0.464328	0.446884	0.415584	0.378576	0.333817	0.276084	0.194907	0.100564	0.00069973	-0.103385	-0.202914	-0.287751	-0.352202	-0.383041	-0.364368	
0.573619	0.586548	0.597737	0.614509	0.620446	0.621184	0.618331	0.605071	0.589977	0.580338	0.556781	0.515632	0.470597	0.424097	0.3693	0.306131	0.22823	0.141842	0.0493725	-0.0480379	-0.148851	-0.244441	-0.32015	-0.364368	-0.362954	
