0.566499	0.801034	0.955784	1.02074	1.01994	0.960254	0.869393	0.775623	0.69545	0.636302	0.601547	0.591508	0.591658	0.589751	0.579321	0.565115	0.546862	0.523798	0.5026	0.485837	0.462206	0.436876	0.416924	0.3873	0.36015	
0.801034	1.00689	1.12218	1.15073	1.11738	1.03233	0.920697	0.808911	0.723814	0.66216	0.62096	0.596398	0.573723	0.548503	0.519791	0.492627	0.467291	0.441271	0.413374	0.388315	0.357772	0.322698	0.292257	0.25687	0.225364	
0.955784	1.12218	1.20067	1.1946	1.13142	1.02535	0.900109	0.786606	0.703884	0.640198	0.587776	0.542245	0.49966	0.460113	0.42104	0.387306	0.361085	0.33354	0.304196	0.282168	0.251064	0.214549	0.185192	0.149639	0.118981	
1.02074	1.15073	1.1946	1.15796	1.06904	0.949666	0.827199	0.718084	0.636596	0.565979	0.500461	0.44376	0.395444	0.353409	0.31471	0.282408	0.256185	0.229853	0.200516	0.174461	0.143817	0.113322	0.0906623	0.0684406	0.0523008	
1.01994	1.11738	1.13142	1.06904	0.960999	0.842404	0.724923	0.616327	0.527971	0.448265	0.380336	0.324603	0.280125	0.245265	0.215519	0.18867	0.167809	0.143278	0.109635	0.0838836	0.0581339	0.034025	0.0222321	0.012951	0.00357638	
0.960254	1.03233	1.02535	0.949666	0.842404	0.731578	0.618937	0.506307	0.409828	0.329147	0.263261	0.208801	0.169491	0.143677	0.123565	0.105248	0.088527	0.0662282	0.0402876	0.0216047	0.00508443	-0.00691195	-0.0165381	-0.0280968	-0.038665	
0.869393	0.920697	0.900109	0.827199	0.724923	0.618937	0.505239	0.390348	0.296782	0.222524	0.163535	0.117409	0.0893304	0.0725773	0.0577131	0.0364378	0.0157138	-0.000470887	-0.0159471	-0.0221873	-0.0234214	-0.0298273	-0.041267	-0.050484	-0.0614875	
0.775623	0.808911	0.786606	0.718084	0.616327	0.506307	0.390348	0.282943	0.196523	0.131332	0.0852171	0.0542464	0.0375429	0.0240208	0.00524959	-0.018481	-0.0329882	-0.0397416	-0.0440528	-0.0453489	-0.0484132	-0.0551309	-0.0659072	-0.070427	-0.0719236	
0.69545	0.723814	0.703884	0.636596	0.527971	0.409828	0.296782	0.196523	0.114192	0.0588202	0.0276835	0.00854156	-0.00547325	-0.0226889	-0.0380512	-0.0485851	-0.0528149	-0.0515266	-0.0533898	-0.0642094	-0.0718107	-0.0765034	-0.0822794	-0.0754661	-0.0709184	
0.636302	0.66216	0.640198	0.565979	0.448265	0.329147	0.222524	0.131332	0.0588202	0.0185813	-0.00178284	-0.0209143	-0.0425044	-0.0598561	-0.0638824	-0.0649303	-0.0650076	-0.0636812	-0.0678243	-0.0771038	-0.0778405	-0.076298	-0.0798938	-0.0769579	-0.0778064	
0.601547	0.62096	0.587776	0.500461	0.380336	0.263261	0.163535	0.0852171	0.0276835	-0.00178284	-0.0233863	-0.0488806	-0.0688012	-0.0749852	-0.0723002	-0.0712667	-0.074328	-0.0770136	-0.0774261	-0.0825724	-0.0798575	-0.0746396	-0.0780175	-0.078359	-0.0817627	
0.591508	0.596398	0.542245	0.44376	0.324603	0.208801	0.117409	0.0542464	0.00854156	-0.0209143	-0.0488806	-0.0688063	-0.0748514	-0.0752751	-0.0737924	-0.074671	-0.0818378	-0.0851723	-0.082724	-0.0840973	-0.0794453	-0.0762464	-0.0795252	-0.0791922	-0.0794604	
0.591658	0.573723	0.49966	0.395444	0.280125	0.169491	0.0893304	0.0375429	-0.00547325	-0.0425044	-0.0688012	-0.0748514	-0.075692	-0.0782491	-0.0787799	-0.0790971	-0.0840221	-0.0856244	-0.0803491	-0.0796487	-0.079552	-0.0798615	-0.0816559	-0.0823462	-0.0808626	
0.589751	0.548503	0.460113	0.353409	0.245265	0.143677	0.0725773	0.0240208	-0.0226889	-0.0598561	-0.0749852	-0.0752751	-0.0782491	-0.0818186	-0.0830459	-0.0820789	-0.0847023	-0.082873	-0.0751656	-0.0760882	-0.0821422	-0.0844355	-0.0813752	-0.0800265	-0.0778919	
0.579321	0.519791	0.42104	0.31471	0.215519	0.123565	0.0577131	0.00524959	-0.0380512	-0.0638824	-0.0723002	-0.0737924	-0.0787799	-0.0830459	-0.0871056	-0.0871477	-0.0835782	-0.0788005	-0.0773313	-0.0795742	-0.0819046	-0.0791797	-0.0736541	-0.0772678	-0.0786293	
0.565115	0.492627	0.387306	0.282408	0.18867	0.105248	0.0364378	-0.018481	-0.0485851	-0.0649303	-0.0712667	-0.074671	-0.0790971	-0.0820789	-0.0871477	-0.0832307	-0.0747718	-0.0789274	-0.0874332	-0.0828936	-0.0791592	-0.0771757	-0.0707392	-0.0747632	-0.0789329	
0.546862	0.467291	0.361085	0.256185	0.167809	0.088527	0.0157138	-0.0329882	-0.0528149	-0.0650076	-0.074328	-0.0818378	-0.0840221	-0.0847023	-0.0835782	-0.0747718	-0.0726676	-0.0840934	-0.0856897	-0.0733849	-0.0756976	-0.0802973	-0.0776703	-0.0815413	-0.0773702	
0.523798	0.441271	0.33354	0.229853	0.143278	0.0662282	-0.000470887	-0.0397416	-0.0515266	-0.0636812	-0.0770136	-0.0851723	-0.0856244	-0.082873	-0.0788005	-0.0789274	-0.0840934	-0.0830373	-0.0744449	-0.0700837	-0.075923	-0.0786	-0.0792016	-0.0780234	-0.073061	
0.5026	0.413374	0.304196	0.200516	0.109635	0.0402876	-0.0159471	-0.0440528	-0.0533898	-0.0678243	-0.0774261	-0.082724	-0.0803491	-0.0751656	-0.0773313	-0.0874332	-0.0856897	-0.0744449	-0.0760015	-0.0800503	-0.0775551	-0.0754107	-0.0734602	-0.0683614	-0.0713085	
0.485837	0.388315	0.282168	0.174461	0.0838836	0.0216047	-0.0221873	-0.0453489	-0.0642094	-0.0771038	-0.0825724	-0.0840973	-0.0796487	-0.0760882	-0.0795742	-0.0828936	-0.0733849	-0.0700837	-0.0800503	-0.0829298	-0.0768292	-0.0746219	-0.07468	-0.0731876	-0.0763963	
0.462206	0.357772	0.251064	0.143817	0.0581339	0.00508443	-0.0234214	-0.0484132	-0.0718107	-0.0778405	-0.0798575	-0.0794453	-0.079552	-0.0821422	-0.0819046	-0.0791592	-0.0756976	-0.075923	-0.0775551	-0.0768292	-0.0695548	-0.0716588	-0.0798622	-0.0759076	-0.0750333	
0.436876	0.322698	0.214549	0.113322	0.034025	-0.00691195	-0.0298273	-0.0551309	-0.0765034	-0.076298	-0.0746396	-0.0762464	-0.0798615	-0.0844355	-0.0791797	-0.0771757	-0.0802973	-0.0786	-0.0754107	-0.0746219	-0.0716588	-0.0721807	-0.0765394	-0.0732108	-0.0697131	
0.416924	0.292257	0.185192	0.0906623	0.0222321	-0.0165381	-0.041267	-0.0659072	-0.0822794	-0.0798938	-0.0780175	-0.0795252	-0.0816559	-0.0813752	-0.0736541	-0.0707392	-0.0776703	-0.0792016	-0.0734602	-0.07468	-0.0798622	-0.0765394	-0.0709035	-0.0701928	-0.0699357	
0.3873	0.25687	0.149639	0.0684406	0.012951	-0.0280968	-0.050484	-0.070427	-0.0754661	-0.0769579	-0.078359	-0.0791922	-0.0823462	-0.0800265	-0.0772678	-0.0747632	-0.0815413	-0.0780234	-0.0683614	-0.0731876	-0.0759076	-0.0732108	-0.0701928	-0.0737288	-0.0771141	
0.36015	0.225364	0.118981	0.0523008	0.00357638	-0.038665	-0.0614875	-0.0719236	-0.0709184	-0.0778064	-0.0817627	-0.0794604	-0.0808626	-0.0778919	-0.0786293	-0.0789329	-0.0773702	-0.073061	-0.0713085	-0.0763963	-0.0750333	-0.0697131	-0.0699357	-0.0771141	-0.0760536	
0.340144	0.200983	0.0985974	0.0388742	-0.00780843	-0.0486556	-0.0738775	-0.0738862	-0.0737698	-0.0823468	-0.0843918	-0.0793975	-0.0765302	-0.0741878	-0.0771204	-0.0784012	-0.0696655	-0.076019	-0.0810519	-0.0728573	-0.0733677	-0.0729754	-0.0726057	-0.0718756	-0.0660726	
0.315796	0.178501	0.0816037	0.0236566	-0.019258	-0.0533374	-0.0757128	-0.0705704	-0.0730276	-0.0818223	-0.0811936	-0.0816664	-0.0757347	-0.0766638	-0.0817712	-0.0789043	-0.0707383	-0.0754271	-0.0790643	-0.0673792	-0.0698323	-0.0766611	-0.0736259	-0.0699495	-0.0700276	
0.29742	0.166066	0.0721315	0.00955119	-0.0293053	-0.0577068	-0.0727945	-0.0730571	-0.0778643	-0.0814032	-0.0809958	-0.0828272	-0.0758243	-0.0784268	-0.080518	-0.0752737	-0.0738657	-0.0716618	-0.0745352	-0.0737335	-0.0716985	-0.0748899	-0.0718136	-0.0693981	-0.0746111	
0.285971	0.159549	0.0659108	-0.00289485	-0.0406344	-0.0618059	-0.0695915	-0.0799283	-0.0834612	-0.0794163	-0.080028	-0.0776362	-0.076935	-0.0777907	-0.0751284	-0.0740891	-0.0772295	-0.0759634	-0.0751201	-0.0758993	-0.0699905	-0.0706086	-0.0742535	-0.0688949	-0.0684634	
0.278527	0.155597	0.0624008	-0.00776899	-0.0480805	-0.0577185	-0.0654722	-0.0815152	-0.084112	-0.0792466	-0.0781085	-0.078125	-0.0829257	-0.0786316	-0.0731401	-0.0758423	-0.0777014	-0.0744134	-0.0699954	-0.0736623	-0.0749881	-0.0709318	-0.070992	-0.0738319	-0.0719104	
0.277229	0.154717	0.061794	-0.00858146	-0.0499442	-0.0562468	-0.065266	-0.0811929	-0.0842765	-0.0794765	-0.0769606	-0.0793	-0.0839217	-0.0785168	-0.0733453	-0.0765716	-0.0780391	-0.0726592	-0.0678034	-0.0744005	-0.0775171	-0.0700841	-0.0684443	-0.0757542	-0.0746869	
0.282234	0.15747	0.0640971	-0.00592132	-0.0446108	-0.0609029	-0.0678216	-0.0810417	-0.0843334	-0.0788203	-0.0787813	-0.0769651	-0.0791408	-0.0776845	-0.0737801	-0.0753073	-0.0780236	-0.0760593	-0.0735996	-0.0756294	-0.0711774	-0.0692589	-0.0740171	-0.0705877	-0.0676127	
0.292324	0.163579	0.0697424	0.00459833	-0.0334507	-0.0599394	-0.070858	-0.0762621	-0.0807298	-0.0809608	-0.0816651	-0.0806549	-0.0768355	-0.0784656	-0.0774318	-0.0740866	-0.0747056	-0.0731442	-0.0746492	-0.0748162	-0.0715385	-0.0738024	-0.0733472	-0.0689699	-0.0718919	
0.30718	0.172091	0.0765978	0.0175358	-0.0236546	-0.055046	-0.0750588	-0.0704302	-0.073931	-0.0815878	-0.0802639	-0.0825493	-0.075263	-0.0779318	-0.0830024	-0.0774067	-0.0723282	-0.074228	-0.0764662	-0.0687964	-0.0703854	-0.07614	-0.0719027	-0.0701307	-0.0742507	
0.33065	0.191316	0.0911373	0.0328369	-0.0122866	-0.0508463	-0.0760581	-0.0727016	-0.0732245	-0.0825668	-0.0835877	-0.0802004	-0.0752814	-0.0744524	-0.0793121	-0.078603	-0.0689208	-0.0766002	-0.081703	-0.0703546	-0.071758	-0.0747897	-0.0736153	-0.069877	-0.0653751	
0.352627	0.21547	0.110283	0.0470385	-9.78406e-05	-0.0430263	-0.0669887	-0.0734473	-0.0721661	-0.0795779	-0.0844236	-0.079517	-0.0792875	-0.0761489	-0.0769517	-0.0791837	-0.073435	-0.0730352	-0.0756736	-0.0759575	-0.0749591	-0.0705753	-0.0713095	-0.0759045	-0.0712979	
0.37526	0.242772	0.135648	0.0608244	0.00882394	-0.0321314	-0.0547772	-0.0705437	-0.0723334	-0.0762215	-0.078184	-0.0792882	-0.0820051	-0.0796574	-0.0788079	-0.0771021	-0.08199	-0.0762063	-0.0682015	-0.0737646	-0.0743449	-0.0711429	-0.0695285	-0.0762276	-0.0788382	
0.405935	0.278816	0.171621	0.0820034	0.0183919	-0.0209076	-0.0451262	-0.0685792	-0.0808213	-0.0799368	-0.0781721	-0.0798986	-0.0822135	-0.0806477	-0.0741347	-0.0707338	-0.0789359	-0.0786012	-0.0716206	-0.0744739	-0.0792441	-0.0769121	-0.0698845	-0.0701832	-0.0729994	
0.428835	0.310622	0.202953	0.103797	0.0285276	-0.011277	-0.0338428	-0.0594288	-0.079947	-0.0776637	-0.0761315	-0.0770963	-0.0805136	-0.0837626	-0.0760883	-0.07468	-0.0792316	-0.078214	-0.0751676	-0.0752885	-0.0752508	-0.0736106	-0.0739754	-0.0719314	-0.0690504	
0.450982	0.342762	0.23587	0.130686	0.047176	-0.00049111	-0.0250001	-0.0502442	-0.0729781	-0.0764446	-0.076628	-0.0770529	-0.0799011	-0.0832816	-0.0820407	-0.0793745	-0.0783851	-0.0786429	-0.0758762	-0.0742363	-0.0690531	-0.0712796	-0.0799578	-0.0749026	-0.0719491	
0.477784	0.37722	0.271599	0.163346	0.0739207	0.0149128	-0.0227123	-0.0467625	-0.0682522	-0.0789525	-0.0828112	-0.0831418	-0.080099	-0.0779579	-0.0804969	-0.0802668	-0.0720535	-0.0719862	-0.0794251	-0.081227	-0.0743392	-0.0735255	-0.0773879	-0.0752487	-0.077133	
0.49576	0.403146	0.295084	0.18983	0.0984064	0.032403	-0.0196482	-0.0442536	-0.0574996	-0.0713645	-0.0790785	-0.0836756	-0.0789638	-0.0749563	-0.0783041	-0.0862882	-0.0811467	-0.0711238	-0.0785335	-0.0836504	-0.0771914	-0.0741319	-0.0727386	-0.0694025	-0.0734857	
0.514448	0.430002	0.320897	0.217767	0.129581	0.055537	-0.00706869	-0.0418414	-0.0509535	-0.0643557	-0.0766884	-0.0838198	-0.0835465	-0.0796078	-0.0780953	-0.0836264	-0.0870127	-0.0801228	-0.0732437	-0.072539	-0.0769755	-0.0782621	-0.0766263	-0.0723661	-0.071604	
0.538379	0.457857	0.351073	0.246323	0.159647	0.0803934	0.00914891	-0.0365811	-0.052875	-0.0645697	-0.0769334	-0.0841852	-0.0856371	-0.0846986	-0.0809032	-0.0748911	-0.0760175	-0.0846936	-0.0811179	-0.0700682	-0.0760152	-0.0803273	-0.0793109	-0.0826664	-0.0759383	
0.557906	0.482054	0.375772	0.27114	0.179551	0.0988396	0.0273174	-0.0253262	-0.0503976	-0.0647652	-0.0715542	-0.0774312	-0.0806982	-0.0828432	-0.0865308	-0.0792868	-0.0724841	-0.0814001	-0.0888696	-0.0800323	-0.0767395	-0.0779026	-0.0738341	-0.0773792	-0.0779434	
0.573852	0.508904	0.40657	0.301041	0.204487	0.115853	0.0498568	-0.00510927	-0.0428146	-0.0642882	-0.0713891	-0.0731821	-0.0789159	-0.0824067	-0.0875284	-0.0868445	-0.080557	-0.0782797	-0.0811624	-0.0821881	-0.0812401	-0.0770651	-0.0708332	-0.0747886	-0.0797339	
0.586616	0.537057	0.444706	0.337312	0.233654	0.135574	0.0671325	0.0176076	-0.0300895	-0.0626444	-0.0747497	-0.074961	-0.0787818	-0.0833371	-0.0846211	-0.0839983	-0.0843299	-0.0805661	-0.0748123	-0.0768515	-0.0832837	-0.083418	-0.0784792	-0.0795328	-0.0770741	
0.591447	0.563539	0.482909	0.377665	0.264412	0.157864	0.0816702	0.0324651	-0.0117869	-0.0506793	-0.0722075	-0.0746826	-0.0761993	-0.0796976	-0.0809818	-0.0809331	-0.0848326	-0.0849335	-0.0781209	-0.0769954	-0.0798913	-0.082592	-0.0827262	-0.0821381	-0.0798511	
0.591287	0.587842	0.525226	0.423738	0.305976	0.191051	0.104712	0.0465705	0.00261616	-0.0297018	-0.0589798	-0.0728252	-0.075095	-0.0758741	-0.0749478	-0.0763172	-0.0834141	-0.0861378	-0.0824656	-0.0831514	-0.0797488	-0.0765722	-0.0796604	-0.0808849	-0.0802683	
0.595552	0.60965	0.56927	0.476656	0.356408	0.239994	0.142808	0.0715893	0.0192006	-0.0091695	-0.0332562	-0.0589093	-0.0733585	-0.0760084	-0.0729265	-0.0722485	-0.0775699	-0.0811726	-0.0801917	-0.0831458	-0.0800119	-0.0758992	-0.0784997	-0.078446	-0.0806763	
