0.352768	0.127365	-0.0557763	-0.19547	-0.286131	-0.320381	-0.294227	-0.205565	-0.0639304	0.10624	0.253584	0.338377	0.352081	0.304842	0.196761	0.0348021	-0.144977	-0.310758	-0.451725	-0.568933	-0.672277	-0.765722	-0.839599	-0.868937	-0.855665	
0.127365	-0.0903958	-0.267085	-0.404477	-0.491443	-0.520584	-0.489843	-0.391831	-0.24083	-0.0711124	0.0813768	0.188166	0.236139	0.220103	0.141119	0.00279681	-0.162357	-0.319119	-0.450771	-0.56612	-0.683382	-0.804809	-0.907704	-0.95922	-0.959201	
-0.0557763	-0.267085	-0.441482	-0.57333	-0.650933	-0.675544	-0.637787	-0.531534	-0.382439	-0.218318	-0.0621475	0.0669729	0.141027	0.152485	0.106047	-0.000373562	-0.140703	-0.279988	-0.398353	-0.515012	-0.647749	-0.79126	-0.912988	-0.982844	-0.999124	
-0.19547	-0.404477	-0.57333	-0.692693	-0.761398	-0.777851	-0.728846	-0.62198	-0.479476	-0.321255	-0.159447	-0.0183836	0.0701065	0.105492	0.092439	0.0241161	-0.0832844	-0.197	-0.30327	-0.42607	-0.574185	-0.730262	-0.86113	-0.944855	-0.980661	
-0.286131	-0.491443	-0.650933	-0.761398	-0.820725	-0.824673	-0.770931	-0.669155	-0.532954	-0.374333	-0.212942	-0.0738613	0.0219931	0.0789092	0.0998703	0.073107	0.00734636	-0.0758896	-0.172031	-0.302376	-0.459539	-0.618694	-0.750152	-0.845124	-0.898961	
-0.320381	-0.520584	-0.675544	-0.777851	-0.824673	-0.822354	-0.770111	-0.673001	-0.53357	-0.375409	-0.226402	-0.0975896	0.00225176	0.0785999	0.129879	0.146214	0.12542	0.072529	-0.0147884	-0.14694	-0.30468	-0.459172	-0.589509	-0.691387	-0.763283	
-0.294227	-0.489843	-0.637787	-0.728846	-0.770931	-0.770111	-0.720979	-0.619646	-0.477377	-0.332676	-0.205576	-0.0913481	0.0093476	0.0974152	0.172489	0.227989	0.246888	0.220112	0.145696	0.0221702	-0.125906	-0.274572	-0.402507	-0.510653	-0.5982	
-0.205565	-0.391831	-0.531534	-0.62198	-0.669155	-0.673001	-0.619646	-0.515039	-0.384506	-0.264215	-0.161818	-0.0632101	0.0314275	0.122297	0.213411	0.296732	0.343381	0.340462	0.286898	0.18575	0.0519841	-0.0892892	-0.21733	-0.33076	-0.436447	
-0.0639304	-0.24083	-0.382439	-0.479476	-0.532954	-0.53357	-0.477377	-0.384506	-0.278113	-0.18509	-0.105957	-0.0277136	0.0524957	0.1387	0.233532	0.326709	0.389731	0.410729	0.389208	0.316964	0.202434	0.0683781	-0.0592329	-0.181809	-0.308961	
0.10624	-0.0711124	-0.218318	-0.321255	-0.374333	-0.375409	-0.332676	-0.264215	-0.18509	-0.116419	-0.0615798	-0.00817999	0.055094	0.130095	0.214303	0.304138	0.37837	0.430563	0.445348	0.407433	0.315216	0.194487	0.0673757	-0.0683133	-0.219056	
0.253584	0.0813768	-0.0621475	-0.159447	-0.212942	-0.226402	-0.205576	-0.161818	-0.105957	-0.0615798	-0.0336517	-0.00483457	0.0388819	0.0919971	0.154465	0.233624	0.322852	0.405252	0.45567	0.450214	0.386476	0.28437	0.158276	0.00765131	-0.16485	
0.338377	0.188166	0.0669729	-0.0183836	-0.0738613	-0.0975896	-0.0913481	-0.0632101	-0.0277136	-0.00817999	-0.00483457	-0.000615613	0.0153292	0.0375944	0.0726307	0.145352	0.246693	0.352949	0.428368	0.453208	0.420292	0.338994	0.215455	0.052716	-0.131993	
0.352081	0.236139	0.141027	0.0701065	0.0219931	0.00225176	0.0093476	0.0314275	0.0524957	0.055094	0.0388819	0.0153292	-0.0011527	-0.0114956	0.00547101	0.072714	0.180501	0.295588	0.385825	0.434828	0.428414	0.366797	0.248623	0.0858825	-0.0990531	
0.304842	0.220103	0.152485	0.105492	0.0789092	0.0785999	0.0974152	0.122297	0.1387	0.130095	0.0919971	0.0375944	-0.0114956	-0.0423953	-0.0379607	0.022469	0.123763	0.236018	0.331364	0.393664	0.405899	0.36089	0.259604	0.112831	-0.0560316	
0.196761	0.141119	0.106047	0.092439	0.0998703	0.129879	0.172489	0.213411	0.233532	0.214303	0.154465	0.0726307	0.00547101	-0.0379607	-0.0440071	-0.000313416	0.0843404	0.18392	0.270564	0.331754	0.34936	0.323023	0.249066	0.135872	-0.00503158	
0.0348021	0.00279681	-0.000373562	0.0241161	0.073107	0.146214	0.227989	0.296732	0.326709	0.304138	0.233624	0.145352	0.072714	0.022469	-0.000313416	0.0197618	0.0806198	0.154727	0.217246	0.257991	0.273818	0.265347	0.228182	0.156218	0.0536919	
-0.144977	-0.162357	-0.140703	-0.0832844	0.00734636	0.12542	0.246888	0.343381	0.389731	0.37837	0.322852	0.246693	0.180501	0.123763	0.0843404	0.0806198	0.111165	0.14965	0.171575	0.184304	0.192803	0.204179	0.202244	0.175	0.117313	
-0.310758	-0.319119	-0.279988	-0.197	-0.0758896	0.072529	0.220112	0.340462	0.410729	0.430563	0.405252	0.352949	0.295588	0.236018	0.18392	0.154727	0.14965	0.140493	0.118399	0.0995324	0.102038	0.126303	0.154676	0.168667	0.163507	
-0.451725	-0.450771	-0.398353	-0.30327	-0.172031	-0.0147884	0.145696	0.286898	0.389208	0.445348	0.45567	0.428368	0.385825	0.331364	0.270564	0.217246	0.171575	0.118399	0.0556067	0.0124392	0.00483349	0.0354879	0.0838385	0.137365	0.186679	
-0.568933	-0.56612	-0.515012	-0.42607	-0.302376	-0.14694	0.0221702	0.18575	0.316964	0.407433	0.450214	0.453208	0.434828	0.393664	0.331754	0.257991	0.184304	0.0995324	0.0124392	-0.0509836	-0.069281	-0.0410558	0.0225592	0.109946	0.211097	
-0.672277	-0.683382	-0.647749	-0.574185	-0.459539	-0.30468	-0.125906	0.0519841	0.202434	0.315216	0.386476	0.420292	0.428414	0.405899	0.34936	0.273818	0.192803	0.102038	0.00483349	-0.069281	-0.0984514	-0.0715391	0.00329829	0.11887	0.257938	
-0.765722	-0.804809	-0.79126	-0.730262	-0.618694	-0.459172	-0.274572	-0.0892892	0.0683781	0.194487	0.28437	0.338994	0.366797	0.36089	0.323023	0.265347	0.204179	0.126303	0.0354879	-0.0410558	-0.0715391	-0.0429171	0.0419029	0.171761	0.33037	
-0.839599	-0.907704	-0.912988	-0.86113	-0.750152	-0.589509	-0.402507	-0.21733	-0.0592329	0.0673757	0.158276	0.215455	0.248623	0.259604	0.249066	0.228182	0.202244	0.154676	0.0838385	0.0225592	0.00329829	0.0419029	0.130818	0.261216	0.417227	
-0.868937	-0.95922	-0.982844	-0.944855	-0.845124	-0.691387	-0.510653	-0.33076	-0.181809	-0.0683133	0.00765131	0.052716	0.0858825	0.112831	0.135872	0.156218	0.175	0.168667	0.137365	0.109946	0.11887	0.171761	0.261216	0.378349	0.517791	
-0.855665	-0.959201	-0.999124	-0.980661	-0.898961	-0.763283	-0.5982	-0.436447	-0.308961	-0.219056	-0.16485	-0.131993	-0.0990531	-0.0560316	-0.00503158	0.0536919	0.117313	0.163507	0.186679	0.211097	0.257938	0.33037	0.417227	0.517791	0.632621	
-0.809571	-0.919849	-0.972706	-0.972209	-0.915267	-0.807825	-0.676281	-0.549713	-0.455858	-0.393196	-0.354589	-0.326494	-0.287876	-0.231407	-0.157742	-0.0666951	0.0428528	0.145966	0.232625	0.314213	0.404934	0.499375	0.5897	0.676922	0.769697	
-0.742438	-0.854093	-0.913523	-0.929637	-0.899028	-0.831191	-0.746266	-0.667535	-0.614276	-0.577654	-0.550782	-0.521991	-0.476317	-0.406653	-0.312446	-0.189722	-0.0365444	0.121052	0.264624	0.399717	0.531809	0.654943	0.75758	0.843697	0.919378	
-0.661494	-0.771	-0.836769	-0.868863	-0.868201	-0.839926	-0.801463	-0.768418	-0.752876	-0.743195	-0.730028	-0.704482	-0.652663	-0.567485	-0.448586	-0.293075	-0.101192	0.0971757	0.282438	0.456208	0.62573	0.779828	0.906103	1.0004	1.06689	
-0.59253	-0.70026	-0.77389	-0.824073	-0.845869	-0.84455	-0.833369	-0.827182	-0.838323	-0.851833	-0.856866	-0.839647	-0.783416	-0.681166	-0.535227	-0.349977	-0.130891	0.0908063	0.296231	0.493129	0.688422	0.872061	1.02227	1.12985	1.19016	
-0.552943	-0.660336	-0.742447	-0.80431	-0.839509	-0.847953	-0.844886	-0.848108	-0.871114	-0.90053	-0.920061	-0.910725	-0.852162	-0.735667	-0.569993	-0.364726	-0.131204	0.0988119	0.311176	0.516407	0.72699	0.92816	1.09613	1.21232	1.26999	
-0.546844	-0.654485	-0.737988	-0.803249	-0.839801	-0.849638	-0.847069	-0.850282	-0.875305	-0.906836	-0.929081	-0.921602	-0.86187	-0.743316	-0.573132	-0.364646	-0.12876	0.102461	0.314767	0.521769	0.733767	0.938922	1.10911	1.22757	1.2841	
-0.572467	-0.679683	-0.757168	-0.812524	-0.84161	-0.845867	-0.839647	-0.839213	-0.856251	-0.877718	-0.8897	-0.87607	-0.819325	-0.710034	-0.555112	-0.359735	-0.13333	0.0929961	0.302584	0.503639	0.706975	0.898845	1.05806	1.16955	1.22889	
-0.631361	-0.739914	-0.808289	-0.848293	-0.857386	-0.842224	-0.817544	-0.797357	-0.794324	-0.794159	-0.787973	-0.765648	-0.71155	-0.620157	-0.489773	-0.32185	-0.117315	0.092592	0.287796	0.472948	0.653559	0.82074	0.956445	1.05646	1.11985	
-0.710552	-0.82168	-0.883422	-0.905152	-0.886721	-0.835284	-0.770218	-0.71168	-0.674203	-0.648721	-0.626751	-0.598226	-0.550483	-0.474513	-0.37166	-0.235372	-0.065917	0.110239	0.272972	0.425213	0.573498	0.708561	0.820138	0.908318	0.979946	
-0.785247	-0.896877	-0.953019	-0.959784	-0.91248	-0.819807	-0.705856	-0.597243	-0.519621	-0.467154	-0.433107	-0.404725	-0.362625	-0.3015	-0.219329	-0.116278	0.0113095	0.13719	0.247881	0.352244	0.459495	0.565116	0.658423	0.743975	0.828748	
-0.84021	-0.947276	-0.992985	-0.98195	-0.909832	-0.783863	-0.629851	-0.48044	-0.364975	-0.286412	-0.239451	-0.209165	-0.174928	-0.125608	-0.0657134	0.00685792	0.0882797	0.157392	0.205624	0.252892	0.317327	0.397975	0.485336	0.579295	0.684885	
-0.868237	-0.964452	-0.994873	-0.964836	-0.871574	-0.724008	-0.548048	-0.373007	-0.231175	-0.125998	-0.058857	-0.019477	0.0135402	0.046694	0.0823871	0.118238	0.155196	0.168519	0.157364	0.149176	0.172281	0.232914	0.320857	0.431412	0.561039	
-0.857134	-0.935175	-0.947314	-0.9	-0.792283	-0.633472	-0.448114	-0.264428	-0.108242	0.0145244	0.100979	0.154352	0.187128	0.205035	0.207298	0.203687	0.194538	0.162615	0.104807	0.0548996	0.0452021	0.0893295	0.178918	0.305118	0.455756	
-0.799301	-0.850581	-0.845138	-0.787773	-0.67567	-0.51485	-0.328995	-0.142858	0.015662	0.144183	0.236982	0.295045	0.326478	0.32688	0.299446	0.254658	0.206698	0.138996	0.0541938	-0.0189517	-0.0467336	-0.0148082	0.0722977	0.204079	0.363889	
-0.711039	-0.732401	-0.705368	-0.637632	-0.52458	-0.367969	-0.186228	-0.00497876	0.149477	0.268433	0.349052	0.393333	0.410368	0.39496	0.343716	0.273438	0.197217	0.110256	0.0132193	-0.0631211	-0.0945959	-0.0672493	0.0117736	0.13516	0.284424	
-0.611305	-0.611897	-0.565752	-0.482884	-0.363473	-0.208597	-0.0356631	0.13516	0.274993	0.375781	0.430489	0.446609	0.439226	0.40523	0.344391	0.267009	0.187734	0.0976168	0.00491027	-0.0642805	-0.0872344	-0.0600956	0.00847343	0.108062	0.22673	
-0.501319	-0.497749	-0.443525	-0.348989	-0.219323	-0.0626579	0.10155	0.251861	0.366832	0.437107	0.460725	0.444907	0.410932	0.361225	0.298751	0.236203	0.176782	0.109168	0.034252	-0.0173768	-0.0295141	0.00114842	0.0556221	0.123747	0.19449	
-0.370139	-0.375147	-0.32963	-0.239665	-0.111867	0.0424111	0.195706	0.324962	0.407414	0.442161	0.430879	0.388457	0.335828	0.277448	0.221312	0.182248	0.160771	0.132975	0.0934685	0.0638806	0.063088	0.0906322	0.128207	0.157941	0.174955	
-0.214192	-0.227406	-0.198616	-0.129589	-0.0243513	0.108242	0.242188	0.348262	0.403323	0.402577	0.358196	0.290825	0.227524	0.168953	0.123826	0.110132	0.127224	0.147528	0.151607	0.151567	0.157792	0.175579	0.186488	0.176323	0.138626	
-0.036675	-0.0620325	-0.0541368	-0.0162462	0.0500304	0.142134	0.24032	0.321012	0.356031	0.336104	0.268814	0.183872	0.11276	0.0598374	0.0298566	0.0405622	0.0900523	0.151579	0.198919	0.229026	0.242266	0.241976	0.219569	0.165207	0.0799331	
0.136365	0.0920178	0.070001	0.0721887	0.095352	0.141319	0.198543	0.249444	0.272802	0.250419	0.184088	0.0970201	0.0260085	-0.0205357	-0.033013	0.001415	0.0776432	0.168353	0.24757	0.301963	0.319983	0.300593	0.241136	0.143792	0.0171528	
0.269018	0.195732	0.141115	0.106154	0.0922741	0.102394	0.128659	0.158831	0.175315	0.162629	0.115219	0.0487344	-0.00926715	-0.045894	-0.0454375	0.00945514	0.105129	0.214003	0.307286	0.371481	0.38689	0.349483	0.257792	0.12305	-0.0361105	
0.340349	0.23738	0.152218	0.0905073	0.0490375	0.035891	0.0463763	0.0680986	0.0862822	0.0836495	0.0592226	0.0234512	-0.00693289	-0.0267541	-0.0155611	0.0495454	0.156522	0.27153	0.365552	0.420777	0.423736	0.368206	0.256132	0.0972955	-0.0825709	
0.35183	0.214958	0.103945	0.0231168	-0.0303602	-0.0547923	-0.0496728	-0.024672	0.00370602	0.0159413	0.0109679	0.00474855	0.00834726	0.0168105	0.0436122	0.113743	0.219085	0.330657	0.412961	0.448602	0.426508	0.353695	0.231115	0.0672399	-0.119799	
0.296368	0.130906	-0.0052098	-0.0976641	-0.152997	-0.171216	-0.158304	-0.122159	-0.0748716	-0.0412668	-0.0235765	-0.0048728	0.0286888	0.0704638	0.121379	0.197632	0.292193	0.385715	0.447756	0.454615	0.403663	0.309169	0.184752	0.0280187	-0.150036	
