0.0985087	-0.0156733	-0.134281	-0.242872	-0.313767	-0.336949	-0.310424	-0.230382	-0.109186	0.0469216	0.220327	0.376738	0.492833	0.547863	0.535629	0.465154	0.364865	0.257837	0.165499	0.0973924	0.0472278	0.0263599	0.0450715	0.114155	0.2261	
-0.0156733	-0.139049	-0.258884	-0.362552	-0.432561	-0.454714	-0.422384	-0.324846	-0.177612	0.00448655	0.197304	0.364134	0.480702	0.53156	0.516876	0.455375	0.36247	0.258381	0.160636	0.0729918	-0.00321029	-0.0641985	-0.0843874	-0.0504052	0.0253783	
-0.134281	-0.258884	-0.372371	-0.465896	-0.527824	-0.536691	-0.484115	-0.373588	-0.214407	-0.0229232	0.178936	0.344016	0.449101	0.48675	0.469697	0.411666	0.325223	0.22073	0.115133	0.012028	-0.0897464	-0.179496	-0.229385	-0.225181	-0.183313	
-0.242872	-0.362552	-0.465896	-0.547351	-0.589885	-0.571949	-0.501372	-0.385488	-0.220758	-0.0288927	0.163825	0.312163	0.398395	0.423077	0.40734	0.355085	0.270874	0.165794	0.0516631	-0.0654112	-0.183761	-0.288063	-0.361429	-0.38579	-0.377087	
-0.313767	-0.432561	-0.527824	-0.589885	-0.603876	-0.565681	-0.483523	-0.363295	-0.198905	-0.0162731	0.155285	0.280972	0.346433	0.360955	0.346336	0.298314	0.219615	0.115258	-0.00198058	-0.128105	-0.257128	-0.373977	-0.466224	-0.516075	-0.537571	
-0.336949	-0.454714	-0.536691	-0.571949	-0.565681	-0.51623	-0.427244	-0.305887	-0.151578	0.0115221	0.156859	0.260737	0.309063	0.318307	0.302499	0.260421	0.186039	0.0882159	-0.024951	-0.156289	-0.298559	-0.428774	-0.536659	-0.60574	-0.644814	
-0.310424	-0.422384	-0.484115	-0.501372	-0.483523	-0.427244	-0.337865	-0.22135	-0.0846808	0.0567797	0.180864	0.267195	0.307958	0.31243	0.294333	0.24963	0.182103	0.0956132	-0.0124663	-0.145047	-0.29411	-0.438524	-0.558244	-0.638071	-0.695226	
-0.230382	-0.324846	-0.373588	-0.385488	-0.363295	-0.305887	-0.22135	-0.117235	-0.00639803	0.109404	0.21178	0.288163	0.32985	0.337889	0.314154	0.272261	0.211486	0.126259	0.0192165	-0.110183	-0.254663	-0.400395	-0.520065	-0.606507	-0.667739	
-0.109186	-0.177612	-0.214407	-0.220758	-0.198905	-0.151578	-0.0846808	-0.00639803	0.0743923	0.162169	0.248357	0.327003	0.376658	0.3907	0.370593	0.330918	0.26759	0.175734	0.0657842	-0.0534	-0.183523	-0.319754	-0.431754	-0.516343	-0.574819	
0.0469216	0.00448655	-0.0229232	-0.0288927	-0.0162731	0.0115221	0.0567797	0.109404	0.162169	0.226895	0.303184	0.380091	0.439716	0.462841	0.454377	0.414439	0.341481	0.242929	0.131196	0.0195171	-0.0949243	-0.214312	-0.313644	-0.386269	-0.437306	
0.220327	0.197304	0.178936	0.163825	0.155285	0.156859	0.180864	0.21178	0.248357	0.303184	0.368776	0.440775	0.501184	0.533907	0.532291	0.49437	0.420457	0.322271	0.211639	0.103064	-0.000769079	-0.102892	-0.185121	-0.24224	-0.273721	
0.376738	0.364134	0.344016	0.312163	0.280972	0.260737	0.267195	0.288163	0.327003	0.380091	0.440775	0.504911	0.561509	0.592308	0.593787	0.559918	0.489908	0.395385	0.289891	0.18823	0.0925375	0.0068382	-0.0611202	-0.0982014	-0.109856	
0.492833	0.480702	0.449101	0.398395	0.346433	0.309063	0.307958	0.32985	0.376658	0.439716	0.501184	0.561509	0.61216	0.63911	0.644425	0.616256	0.544767	0.45051	0.349056	0.254377	0.166397	0.0931803	0.0486584	0.0357357	0.0395172	
0.547863	0.53156	0.48675	0.423077	0.360955	0.318307	0.31243	0.337889	0.3907	0.462841	0.533907	0.592308	0.63911	0.668224	0.676075	0.647332	0.574602	0.476083	0.380194	0.292632	0.211129	0.15552	0.135392	0.140246	0.153563	
0.535629	0.516876	0.469697	0.40734	0.346336	0.302499	0.294333	0.314154	0.370593	0.454377	0.532291	0.593787	0.644425	0.676075	0.680368	0.649291	0.571712	0.472376	0.380945	0.297494	0.227082	0.189364	0.189122	0.208394	0.231681	
0.465154	0.455375	0.411666	0.355085	0.298314	0.260421	0.24963	0.272261	0.330918	0.414439	0.49437	0.559918	0.616256	0.647332	0.649291	0.611539	0.532702	0.436652	0.348689	0.270667	0.21404	0.192866	0.209846	0.244895	0.282775	
0.364865	0.36247	0.325223	0.270874	0.219615	0.186039	0.182103	0.211486	0.26759	0.341481	0.420457	0.489908	0.544767	0.574602	0.571712	0.532702	0.46225	0.37727	0.297499	0.226739	0.18256	0.174132	0.203162	0.24818	0.296103	
0.257837	0.258381	0.22073	0.165794	0.115258	0.0882159	0.0956132	0.126259	0.175734	0.242929	0.322271	0.395385	0.45051	0.476083	0.472376	0.436652	0.37727	0.30598	0.235588	0.173012	0.138954	0.14082	0.173844	0.221785	0.270591	
0.165499	0.160636	0.115133	0.0516631	-0.00198058	-0.024951	-0.0124663	0.0192165	0.0657842	0.131196	0.211639	0.289891	0.349056	0.380194	0.380945	0.348689	0.297499	0.235588	0.17116	0.121535	0.0970793	0.100639	0.135879	0.180681	0.22178	
0.0973924	0.0729918	0.012028	-0.0654112	-0.128105	-0.156289	-0.145047	-0.110183	-0.0534	0.0195171	0.103064	0.18823	0.254377	0.292632	0.297494	0.270667	0.226739	0.173012	0.121535	0.0896074	0.0766822	0.0843022	0.111081	0.144466	0.173045	
0.0472278	-0.00321029	-0.0897464	-0.183761	-0.257128	-0.298559	-0.29411	-0.254663	-0.183523	-0.0949243	-0.000769079	0.0925375	0.166397	0.211129	0.227082	0.21404	0.18256	0.138954	0.0970793	0.0766822	0.0774991	0.0919322	0.109302	0.129462	0.142054	
0.0263599	-0.0641985	-0.179496	-0.288063	-0.373977	-0.428774	-0.438524	-0.400395	-0.319754	-0.214312	-0.102892	0.0068382	0.0931803	0.15552	0.189364	0.192866	0.174132	0.14082	0.100639	0.0843022	0.0919322	0.107717	0.118871	0.12347	0.11453	
0.0450715	-0.0843874	-0.229385	-0.361429	-0.466224	-0.536659	-0.558244	-0.520065	-0.431754	-0.313644	-0.185121	-0.0611202	0.0486584	0.135392	0.189122	0.209846	0.203162	0.173844	0.135879	0.111081	0.109302	0.118871	0.115234	0.0969364	0.0623242	
0.114155	-0.0504052	-0.225181	-0.38579	-0.516075	-0.60574	-0.638071	-0.606507	-0.516343	-0.386269	-0.24224	-0.0982014	0.0357357	0.140246	0.208394	0.244895	0.24818	0.221785	0.180681	0.144466	0.129462	0.12347	0.0969364	0.0433693	-0.0261989	
0.2261	0.0253783	-0.183313	-0.377087	-0.537571	-0.644814	-0.695226	-0.667739	-0.574819	-0.437306	-0.273721	-0.109856	0.0395172	0.153563	0.231681	0.282775	0.296103	0.270591	0.22178	0.173045	0.142054	0.11453	0.0623242	-0.0261989	-0.131923	
0.367993	0.132478	-0.108649	-0.338973	-0.535552	-0.675364	-0.740795	-0.718632	-0.622803	-0.474542	-0.294111	-0.11192	0.0525799	0.175989	0.260354	0.317139	0.335755	0.31151	0.25945	0.194257	0.137255	0.0793505	-0.00102984	-0.113553	-0.250726	
0.504308	0.251572	-0.015438	-0.279075	-0.516116	-0.689688	-0.775346	-0.758793	-0.659797	-0.502307	-0.306213	-0.105489	0.0779383	0.217207	0.310525	0.366811	0.384437	0.360343	0.296896	0.204753	0.110423	0.0148875	-0.0967409	-0.232589	-0.391291	
0.616382	0.348781	0.0650937	-0.22121	-0.485455	-0.687536	-0.800205	-0.799305	-0.699585	-0.527654	-0.309487	-0.0822405	0.116958	0.272278	0.37362	0.425945	0.436864	0.404987	0.319064	0.199753	0.0752728	-0.0536472	-0.194844	-0.356776	-0.533313	
0.68857	0.414236	0.118059	-0.182332	-0.461069	-0.684427	-0.819863	-0.839678	-0.743118	-0.555439	-0.315539	-0.0671566	0.148475	0.315942	0.423889	0.473625	0.473093	0.425073	0.326196	0.191109	0.0451464	-0.104412	-0.266343	-0.441265	-0.629688	
0.719106	0.448622	0.148878	-0.160956	-0.449947	-0.686092	-0.83826	-0.869518	-0.773406	-0.577315	-0.325174	-0.0612301	0.164493	0.340287	0.452357	0.49235	0.478703	0.425202	0.326424	0.19366	0.0369206	-0.13191	-0.299774	-0.473073	-0.674494	
0.722938	0.452866	0.153391	-0.157486	-0.449593	-0.687241	-0.842088	-0.874932	-0.77801	-0.580487	-0.327007	-0.05937	0.167615	0.346321	0.457225	0.495479	0.477744	0.42448	0.327194	0.196041	0.0366822	-0.136162	-0.304248	-0.477404	-0.680654	
0.705195	0.432296	0.133428	-0.171875	-0.454865	-0.684676	-0.828258	-0.853487	-0.757892	-0.566446	-0.320155	-0.0646981	0.156085	0.327438	0.437894	0.483842	0.477871	0.426317	0.326779	0.190647	0.0390485	-0.118481	-0.283904	-0.458965	-0.652859	
0.650263	0.378666	0.0893296	-0.202995	-0.474059	-0.685758	-0.807939	-0.816205	-0.717718	-0.538384	-0.310851	-0.0740158	0.132133	0.291484	0.396187	0.448201	0.454823	0.416698	0.323312	0.195771	0.0617406	-0.0766978	-0.227928	-0.396984	-0.579587	
0.552769	0.294418	0.0199776	-0.254679	-0.504835	-0.689806	-0.786547	-0.774421	-0.674324	-0.511965	-0.307583	-0.0967242	0.0926429	0.239404	0.335609	0.39091	0.406246	0.379988	0.308147	0.204511	0.0965878	-0.0138401	-0.137644	-0.28424	-0.450169	
0.424442	0.180717	-0.0717896	-0.3164	-0.529541	-0.683583	-0.755624	-0.735827	-0.63912	-0.486632	-0.300877	-0.111797	0.060242	0.18984	0.277729	0.334311	0.352749	0.329756	0.275152	0.200167	0.128633	0.0556581	-0.036482	-0.157456	-0.304138	
0.280792	0.0648601	-0.157548	-0.365679	-0.539523	-0.658106	-0.714665	-0.689161	-0.59494	-0.453442	-0.282143	-0.111286	0.0436206	0.160724	0.242045	0.296443	0.312566	0.287449	0.237177	0.182622	0.142627	0.104479	0.0411241	-0.0581805	-0.177866	
0.154444	-0.0243868	-0.212362	-0.385509	-0.526929	-0.623078	-0.662983	-0.633405	-0.542183	-0.408884	-0.257677	-0.104057	0.0355775	0.144902	0.217199	0.260653	0.267759	0.241703	0.197294	0.156622	0.136383	0.122079	0.0859248	0.016542	-0.0670331	
0.066658	-0.0765802	-0.233816	-0.376913	-0.491183	-0.56947	-0.594411	-0.55811	-0.468376	-0.34535	-0.211213	-0.0804286	0.0403969	0.135527	0.195698	0.223226	0.220739	0.191927	0.153849	0.124973	0.117175	0.120935	0.109118	0.0784674	0.0310644	
0.0285301	-0.0785724	-0.205671	-0.323017	-0.415264	-0.475479	-0.49075	-0.452591	-0.368524	-0.257363	-0.138865	-0.0228901	0.0716905	0.143414	0.185795	0.195137	0.181326	0.150787	0.111385	0.0932866	0.099393	0.112825	0.119491	0.116914	0.0977941	
0.0348346	-0.0299582	-0.128395	-0.227819	-0.30627	-0.35264	-0.353271	-0.313998	-0.239202	-0.143532	-0.042657	0.0568339	0.133831	0.184902	0.206621	0.201485	0.175305	0.136155	0.0949605	0.0768304	0.0819002	0.0983274	0.113439	0.126609	0.132772	
0.0744923	0.0409435	-0.0292497	-0.113876	-0.17999	-0.213308	-0.204018	-0.166315	-0.103885	-0.0258149	0.0613187	0.149482	0.218975	0.258188	0.267045	0.243942	0.204702	0.154903	0.107971	0.0817752	0.0752896	0.0856125	0.108039	0.136472	0.15781	
0.135686	0.124239	0.0737615	0.00520369	-0.051814	-0.0748855	-0.062422	-0.02985	0.0196946	0.0866589	0.166811	0.248214	0.31042	0.34477	0.346746	0.317054	0.267598	0.208956	0.149099	0.106432	0.0857923	0.08966	0.122747	0.164496	0.201369	
0.218405	0.218514	0.178225	0.120737	0.0697399	0.0449334	0.0549814	0.0859168	0.132877	0.198377	0.278865	0.353968	0.409717	0.436523	0.433849	0.399734	0.344441	0.277043	0.208934	0.151394	0.121166	0.123898	0.158447	0.206088	0.252849	
0.321264	0.320272	0.284413	0.230429	0.180035	0.148673	0.149824	0.180154	0.233743	0.304841	0.383537	0.454645	0.509239	0.53615	0.532535	0.495027	0.428858	0.349806	0.273702	0.205513	0.166297	0.162778	0.19381	0.240525	0.289659	
0.427731	0.421695	0.380299	0.325087	0.27048	0.234451	0.224875	0.250336	0.309262	0.388584	0.468222	0.535343	0.591303	0.623046	0.623138	0.583813	0.507338	0.414729	0.329694	0.254525	0.202778	0.187437	0.210293	0.250308	0.293083	
0.51213	0.497067	0.450405	0.390205	0.331007	0.289314	0.279835	0.299573	0.35702	0.443286	0.522079	0.585428	0.638707	0.670397	0.673875	0.640029	0.560434	0.461823	0.372039	0.290582	0.225419	0.193512	0.200993	0.226414	0.255893	
0.551632	0.532765	0.486062	0.421129	0.358128	0.314722	0.308461	0.331241	0.385534	0.462305	0.537205	0.596176	0.643876	0.674091	0.681029	0.651873	0.577703	0.477568	0.384033	0.298908	0.220756	0.172981	0.160964	0.17208	0.188743	
0.522332	0.509642	0.471763	0.414819	0.357135	0.316273	0.312737	0.33719	0.386507	0.453493	0.517906	0.57781	0.625637	0.652603	0.659825	0.631962	0.560148	0.464612	0.365014	0.273114	0.188111	0.120808	0.0869383	0.081775	0.0899567	
0.429577	0.417832	0.393745	0.354752	0.31443	0.286412	0.28922	0.309329	0.351133	0.407525	0.467838	0.529567	0.584517	0.613364	0.615737	0.584348	0.51415	0.420012	0.316917	0.218552	0.124887	0.0450921	-0.0148735	-0.0427443	-0.0473941	
0.286549	0.26912	0.25247	0.229816	0.212528	0.204831	0.220576	0.245726	0.281564	0.334223	0.397221	0.466451	0.525169	0.558355	0.558766	0.521396	0.4495	0.353145	0.244132	0.137646	0.0373328	-0.0582063	-0.134823	-0.183422	-0.207145	
