-0.0135618	0.19497	0.404702	0.587277	0.695218	0.712522	0.641424	0.484105	0.279618	0.0674644	-0.12065	-0.253032	-0.29455	-0.242851	-0.132174	0.0249374	0.194956	0.357005	0.486661	0.56066	0.556868	0.479056	0.361221	0.232299	0.109609	
0.0686998	0.291884	0.514288	0.694837	0.797375	0.81404	0.74647	0.593893	0.383008	0.154782	-0.0466771	-0.185584	-0.226214	-0.175635	-0.0679547	0.0759203	0.221909	0.353193	0.459697	0.519102	0.502442	0.412023	0.280822	0.142434	0.0152845	
0.183354	0.410555	0.638627	0.815371	0.913732	0.929376	0.864447	0.717645	0.504939	0.270515	0.0669775	-0.0746472	-0.130896	-0.0976519	-0.00312059	0.123393	0.247449	0.351181	0.426919	0.460151	0.42373	0.31924	0.180563	0.0385519	-0.0894874	
0.313415	0.533845	0.758322	0.933764	1.0318	1.04859	0.982202	0.837008	0.626422	0.397258	0.201204	0.0624662	-0.00604879	0.00612494	0.0808233	0.187482	0.29161	0.369444	0.414559	0.418978	0.359006	0.239474	0.0943232	-0.0487367	-0.181072	
0.4461	0.64724	0.856221	1.02706	1.12649	1.14299	1.07607	0.931929	0.73189	0.523937	0.339971	0.208075	0.136841	0.128596	0.183613	0.267171	0.350137	0.40606	0.430381	0.411282	0.333188	0.206177	0.0557341	-0.0885002	-0.231231	
0.572399	0.74773	0.930401	1.08792	1.18117	1.1966	1.13423	1.00004	0.820348	0.64111	0.473715	0.348412	0.27713	0.255864	0.289012	0.350357	0.415799	0.463546	0.475636	0.443878	0.363023	0.234991	0.081306	-0.0699963	-0.219514	
0.667714	0.817749	0.970612	1.1033	1.18378	1.19714	1.14349	1.02744	0.879433	0.726606	0.585095	0.474473	0.404642	0.382363	0.403114	0.447445	0.500285	0.540739	0.547959	0.514731	0.438957	0.313203	0.160102	0.00182047	-0.159794	
0.717176	0.83339	0.955895	1.06041	1.12519	1.13635	1.09238	1.00056	0.883298	0.761399	0.655789	0.56722	0.508667	0.493178	0.515864	0.563767	0.618349	0.653189	0.657531	0.627628	0.558164	0.439126	0.28503	0.112645	-0.0615259	
0.7075	0.778604	0.865017	0.939872	0.984365	0.992961	0.961115	0.898306	0.812884	0.73343	0.671187	0.612738	0.574249	0.571649	0.613643	0.683631	0.754488	0.797518	0.809411	0.781314	0.702498	0.582098	0.424069	0.242611	0.062996	
0.635324	0.661558	0.699246	0.738983	0.765709	0.771143	0.75162	0.715707	0.675138	0.6449	0.626055	0.610511	0.60287	0.629385	0.700166	0.801542	0.897539	0.959256	0.982598	0.955428	0.871222	0.737961	0.569999	0.388382	0.202331	
0.517654	0.493491	0.479497	0.480308	0.489004	0.491159	0.483953	0.478227	0.486285	0.506705	0.535475	0.569598	0.612547	0.683384	0.791552	0.918347	1.0312	1.11241	1.14723	1.12377	1.03495	0.895979	0.731643	0.550672	0.366056	
0.363233	0.294686	0.233546	0.196686	0.185947	0.184432	0.191165	0.214131	0.268841	0.334731	0.409042	0.499223	0.60444	0.728719	0.873019	1.01859	1.14243	1.2342	1.28369	1.26936	1.18425	1.05252	0.897904	0.725676	0.548482	
0.192634	0.0758982	-0.0247442	-0.0932639	-0.128306	-0.134018	-0.111459	-0.0563007	0.0325637	0.145142	0.267185	0.413998	0.579383	0.753859	0.931997	1.09745	1.23487	1.3331	1.38695	1.38431	1.31178	1.19652	1.0522	0.894671	0.72824	
0.014639	-0.137535	-0.265774	-0.363466	-0.42182	-0.430065	-0.393158	-0.30824	-0.191912	-0.0484865	0.118214	0.319181	0.536869	0.760414	0.975345	1.1613	1.31049	1.41366	1.47202	1.47947	1.42408	1.32577	1.19646	1.05506	0.896374	
-0.157011	-0.341085	-0.486446	-0.597426	-0.662212	-0.672522	-0.629897	-0.535369	-0.402964	-0.235617	-0.0254554	0.223678	0.487276	0.750739	0.990849	1.19292	1.35531	1.46771	1.53288	1.54659	1.51016	1.43192	1.32009	1.1908	1.04584	
-0.3003	-0.50669	-0.666309	-0.782122	-0.853669	-0.86707	-0.816248	-0.717648	-0.576461	-0.389203	-0.152885	0.121938	0.41868	0.71618	0.972228	1.18378	1.35329	1.47955	1.55746	1.58045	1.55826	1.49583	1.40495	1.29358	1.15787	
-0.409477	-0.628183	-0.794458	-0.912678	-0.983843	-0.99702	-0.94695	-0.84733	-0.701364	-0.503211	-0.257174	0.0264504	0.339285	0.647786	0.915865	1.13058	1.30723	1.44846	1.54064	1.57396	1.56033	1.51142	1.43233	1.33281	1.20608	
-0.494541	-0.70871	-0.866843	-0.978473	-1.04367	-1.0547	-1.01058	-0.916653	-0.778828	-0.586601	-0.342983	-0.0597927	0.249878	0.555805	0.825283	1.03978	1.21833	1.36799	1.46664	1.51304	1.5111	1.46876	1.39405	1.30241	1.18872	
-0.554038	-0.740933	-0.876046	-0.96657	-1.02457	-1.03427	-0.99503	-0.91622	-0.801065	-0.63489	-0.415499	-0.152091	0.138025	0.430702	0.689541	0.907906	1.08941	1.23686	1.33921	1.3984	1.41241	1.38216	1.31336	1.2238	1.11753	
-0.587552	-0.741181	-0.847257	-0.914919	-0.955877	-0.964038	-0.934522	-0.877514	-0.788814	-0.655108	-0.471841	-0.242864	0.0132334	0.27249	0.512889	0.730578	0.920679	1.06657	1.17354	1.24152	1.26651	1.24624	1.18611	1.10748	1.01115	
-0.6054	-0.731405	-0.814116	-0.866149	-0.890397	-0.894398	-0.878696	-0.838353	-0.768924	-0.661002	-0.512394	-0.32703	-0.11901	0.0995438	0.319189	0.523168	0.714782	0.867995	0.976291	1.04433	1.07505	1.06704	1.02463	0.961974	0.880279	
-0.622107	-0.729623	-0.806107	-0.849579	-0.861612	-0.863409	-0.856299	-0.828124	-0.764125	-0.668353	-0.548064	-0.407371	-0.248658	-0.0748947	0.113573	0.298795	0.476525	0.622166	0.729333	0.802843	0.845551	0.85166	0.837141	0.803697	0.750155	
-0.650875	-0.75581	-0.839305	-0.879943	-0.896563	-0.899622	-0.888627	-0.85998	-0.793445	-0.694257	-0.58621	-0.478341	-0.364345	-0.236366	-0.0928671	0.0590199	0.203354	0.331275	0.430679	0.512498	0.575029	0.614414	0.641577	0.652406	0.643888	
-0.698587	-0.805884	-0.901651	-0.961197	-0.993484	-0.998561	-0.977187	-0.930237	-0.84671	-0.741782	-0.635004	-0.543542	-0.46514	-0.382987	-0.28601	-0.183481	-0.0800253	0.0242635	0.114938	0.202704	0.293745	0.375549	0.449694	0.517333	0.569198	
-0.773412	-0.891677	-1.00035	-1.08316	-1.13419	-1.1428	-1.10802	-1.03691	-0.93713	-0.82018	-0.708352	-0.622946	-0.562742	-0.515083	-0.463759	-0.40972	-0.344399	-0.26643	-0.18414	-0.0895328	0.0229229	0.144704	0.272198	0.39477	0.510085	
-0.884133	-1.01259	-1.1317	-1.22492	-1.28388	-1.29494	-1.25323	-1.17217	-1.06293	-0.934999	-0.81361	-0.724381	-0.667952	-0.631186	-0.611394	-0.596593	-0.569768	-0.521538	-0.446018	-0.348056	-0.218518	-0.0562777	0.122111	0.29616	0.458833	
-1.01259	-1.15315	-1.27742	-1.3734	-1.4259	-1.4344	-1.39992	-1.32003	-1.2059	-1.06886	-0.936127	-0.83575	-0.772097	-0.737037	-0.728123	-0.737835	-0.742874	-0.727175	-0.665531	-0.560473	-0.413719	-0.220972	-0.0108928	0.208067	0.417291	
-1.1317	-1.27742	-1.40462	-1.50322	-1.55427	-1.56247	-1.52944	-1.44874	-1.33151	-1.18972	-1.0498	-0.936595	-0.860563	-0.815091	-0.805883	-0.832953	-0.866592	-0.878034	-0.830368	-0.724021	-0.564672	-0.356834	-0.124334	0.130232	0.383492	
-1.22492	-1.3734	-1.50322	-1.60138	-1.6544	-1.66268	-1.62887	-1.54659	-1.42867	-1.28462	-1.1384	-1.00638	-0.906425	-0.855525	-0.854354	-0.89364	-0.947794	-0.981963	-0.947877	-0.841079	-0.677439	-0.462657	-0.204706	0.0799401	0.368552	
-1.28388	-1.4259	-1.55427	-1.6544	-1.71478	-1.72423	-1.6844	-1.598	-1.47922	-1.34181	-1.19439	-1.04677	-0.92797	-0.868085	-0.872428	-0.92709	-1.00079	-1.04459	-1.01758	-0.91305	-0.745258	-0.524425	-0.250414	0.0603845	0.369785	
-1.29494	-1.4344	-1.56247	-1.66268	-1.72423	-1.73341	-1.69321	-1.60643	-1.48717	-1.35194	-1.20462	-1.05292	-0.931795	-0.869996	-0.875913	-0.933711	-1.01016	-1.05443	-1.02996	-0.927042	-0.757306	-0.533013	-0.25774	0.0580632	0.370406	
-1.25323	-1.39992	-1.52944	-1.62887	-1.6844	-1.69321	-1.65697	-1.57329	-1.45456	-1.31276	-1.16523	-1.02622	-0.91711	-0.862606	-0.863742	-0.909892	-0.973442	-1.01327	-0.981718	-0.875221	-0.710287	-0.49426	-0.227948	0.0693339	0.369008	
-1.17217	-1.32003	-1.44874	-1.54659	-1.598	-1.60643	-1.57329	-1.49247	-1.375	-1.23123	-1.08844	-0.968761	-0.883797	-0.835771	-0.829296	-0.860232	-0.902405	-0.924038	-0.882926	-0.776188	-0.614593	-0.403255	-0.159881	0.105393	0.374464	
-1.06293	-1.2059	-1.33151	-1.42867	-1.47922	-1.48717	-1.45456	-1.375	-1.25918	-1.12021	-0.983889	-0.878365	-0.811168	-0.772326	-0.763202	-0.780945	-0.798145	-0.794264	-0.738143	-0.632173	-0.478715	-0.278235	-0.0599467	0.175249	0.402576	
-0.934999	-1.06886	-1.18972	-1.28462	-1.34181	-1.35194	-1.31276	-1.23123	-1.12021	-0.988	-0.862317	-0.768802	-0.710313	-0.676049	-0.662806	-0.658638	-0.645183	-0.610234	-0.539982	-0.439152	-0.302792	-0.125366	0.0676781	0.260091	0.441103	
-0.81361	-0.936127	-1.0498	-1.1384	-1.19439	-1.20462	-1.16523	-1.08844	-0.983889	-0.862317	-0.746364	-0.661067	-0.603909	-0.562853	-0.526482	-0.490249	-0.439703	-0.373434	-0.29337	-0.197777	-0.0783882	0.0590814	0.20851	0.353075	0.488288	
-0.724381	-0.83575	-0.936595	-1.00638	-1.04677	-1.05292	-1.02622	-0.968761	-0.878365	-0.768802	-0.661067	-0.573248	-0.503462	-0.437887	-0.359622	-0.276697	-0.189367	-0.0955372	-0.00875738	0.082658	0.18338	0.281495	0.376741	0.465899	0.544886	
-0.667952	-0.772097	-0.860563	-0.906425	-0.92797	-0.931795	-0.91711	-0.883797	-0.811168	-0.710313	-0.603909	-0.503462	-0.406566	-0.296635	-0.171555	-0.0389591	0.088842	0.208407	0.304836	0.387942	0.462153	0.518541	0.563372	0.596896	0.610974	
-0.631186	-0.737037	-0.815091	-0.855525	-0.868085	-0.869996	-0.862606	-0.835771	-0.772326	-0.676049	-0.562853	-0.437887	-0.296635	-0.141892	0.0292374	0.204011	0.371053	0.510283	0.6137	0.692116	0.741298	0.757754	0.759524	0.74113	0.703215	
-0.611394	-0.728123	-0.805883	-0.854354	-0.872428	-0.875913	-0.863742	-0.829296	-0.763202	-0.662806	-0.526482	-0.359622	-0.171555	0.0292374	0.239023	0.435684	0.623404	0.775886	0.885082	0.95321	0.988391	0.984922	0.95202	0.898615	0.826832	
-0.596593	-0.737835	-0.832953	-0.89364	-0.92709	-0.933711	-0.909892	-0.860232	-0.780945	-0.658638	-0.490249	-0.276697	-0.0389591	0.204011	0.435684	0.64927	0.842698	0.991672	1.09922	1.16734	1.19436	1.17944	1.12485	1.05275	0.960989	
-0.569768	-0.742874	-0.866592	-0.947794	-1.00079	-1.01016	-0.973442	-0.902405	-0.798145	-0.645183	-0.439703	-0.189367	0.088842	0.371053	0.623404	0.842698	1.02643	1.17151	1.27631	1.3406	1.36008	1.33341	1.26786	1.18133	1.0785	
-0.521538	-0.727175	-0.878034	-0.981963	-1.04459	-1.05443	-1.01327	-0.924038	-0.794264	-0.610234	-0.373434	-0.0955372	0.208407	0.510283	0.775886	0.991672	1.17151	1.32227	1.42161	1.47327	1.47727	1.43998	1.36709	1.27565	1.1653	
-0.446018	-0.665531	-0.830368	-0.947877	-1.01758	-1.02996	-0.981718	-0.882926	-0.738143	-0.539982	-0.29337	-0.00875738	0.304836	0.6137	0.885082	1.09922	1.27631	1.42161	1.51767	1.55664	1.54712	1.50033	1.42257	1.3276	1.20681	
-0.348056	-0.560473	-0.724021	-0.841079	-0.91305	-0.927042	-0.875221	-0.776188	-0.632173	-0.439152	-0.197777	0.082658	0.387942	0.692116	0.95321	1.16734	1.3406	1.47327	1.55664	1.58299	1.56488	1.50915	1.42514	1.31859	1.18563	
-0.218518	-0.413719	-0.564672	-0.677439	-0.745258	-0.757306	-0.710287	-0.614593	-0.478715	-0.302792	-0.0783882	0.18338	0.462153	0.741298	0.988391	1.19436	1.36008	1.47727	1.54712	1.56488	1.53511	1.46189	1.35878	1.23732	1.09665	
-0.0562777	-0.220972	-0.356834	-0.462657	-0.524425	-0.533013	-0.49426	-0.403255	-0.278235	-0.125366	0.0590814	0.281495	0.518541	0.757754	0.984922	1.17944	1.33341	1.43998	1.50033	1.50915	1.46189	1.37282	1.25006	1.11232	0.959028	
0.122111	-0.0108928	-0.124334	-0.204706	-0.250414	-0.25774	-0.227948	-0.159881	-0.0599467	0.0676781	0.20851	0.376741	0.563372	0.759524	0.95202	1.12485	1.26786	1.36709	1.42257	1.42514	1.35878	1.25006	1.11106	0.961414	0.797908	
0.29616	0.208067	0.130232	0.0799401	0.0603845	0.0580632	0.0693339	0.105393	0.175249	0.260091	0.353075	0.465899	0.596896	0.74113	0.898615	1.05275	1.18133	1.27565	1.3276	1.31859	1.23732	1.11232	0.961414	0.793252	0.621059	
0.458833	0.417291	0.383492	0.368552	0.369785	0.370406	0.369008	0.374464	0.402576	0.441103	0.488288	0.544886	0.610974	0.703215	0.826832	0.960989	1.0785	1.1653	1.20681	1.18563	1.09665	0.959028	0.797908	0.621059	0.438263	
