0.612704	0.72166	0.808438	0.86642	0.886908	0.879725	0.851465	0.807475	0.750798	0.687269	0.616215	0.530648	0.426838	0.304554	0.174763	0.0420235	-0.0870402	-0.209389	-0.324991	-0.423583	-0.497137	-0.552745	-0.598152	-0.620655	-0.619274	
0.72166	0.867227	0.992312	1.07803	1.11222	1.11253	1.08866	1.03683	0.959685	0.859324	0.750291	0.635136	0.511952	0.37425	0.238211	0.110698	-0.0135934	-0.126071	-0.235157	-0.333036	-0.405629	-0.447886	-0.474212	-0.474526	-0.444816	
0.808438	0.992312	1.15381	1.26561	1.31858	1.32235	1.29479	1.22951	1.12478	0.988422	0.846387	0.70958	0.569337	0.422369	0.290315	0.171658	0.0602989	-0.037666	-0.127722	-0.214254	-0.271952	-0.299672	-0.307234	-0.292103	-0.248226	
0.86642	1.07803	1.26561	1.4022	1.47239	1.4729	1.42768	1.33986	1.21024	1.04999	0.882985	0.724724	0.575782	0.434634	0.3115	0.200698	0.10248	0.025481	-0.0405689	-0.0977753	-0.128216	-0.132911	-0.124084	-0.096264	-0.0548411	
0.886908	1.11222	1.31858	1.47239	1.5393	1.52776	1.46413	1.35999	1.21135	1.03355	0.849733	0.682827	0.540173	0.409719	0.294535	0.194723	0.11627	0.0611893	0.0215617	0.00351603	0.00730838	0.0265354	0.0503246	0.0887341	0.121394	
0.879725	1.11253	1.32235	1.4729	1.52776	1.5041	1.42166	1.29439	1.13058	0.950115	0.769045	0.605287	0.466006	0.345466	0.240602	0.160177	0.102904	0.0695385	0.0594644	0.0790125	0.112287	0.146096	0.182958	0.2272	0.256419	
0.851465	1.08866	1.29479	1.42768	1.46413	1.42166	1.31282	1.15948	0.988906	0.818252	0.64964	0.489286	0.358511	0.249604	0.16087	0.0981968	0.0653727	0.0545494	0.0743094	0.119061	0.169368	0.210127	0.253154	0.298101	0.32734	
0.807475	1.03683	1.22951	1.33986	1.35999	1.29439	1.15948	0.989559	0.815117	0.649068	0.488099	0.342605	0.227493	0.133249	0.0620608	0.024952	0.0180092	0.0276278	0.0662525	0.121844	0.177857	0.2227	0.265218	0.304615	0.331511	
0.750798	0.959685	1.12478	1.21024	1.21135	1.13058	0.988906	0.815117	0.630036	0.458034	0.310512	0.183019	0.0804998	0.00255189	-0.0371857	-0.0395734	-0.0246729	0.000673262	0.0463097	0.101194	0.152309	0.200346	0.238471	0.267873	0.285688	
0.687269	0.859324	0.988422	1.04999	1.03355	0.950115	0.818252	0.649068	0.458034	0.291802	0.154624	0.0363128	-0.0565173	-0.108071	-0.114799	-0.090986	-0.0568939	-0.0174648	0.0293864	0.0715015	0.112654	0.155611	0.186053	0.199784	0.20503	
0.616215	0.750291	0.846387	0.882985	0.849733	0.769045	0.64964	0.488099	0.310512	0.154624	0.0247397	-0.0811228	-0.15056	-0.178905	-0.170804	-0.133084	-0.0818364	-0.0315989	0.0114465	0.0450207	0.0753725	0.102626	0.116373	0.114648	0.108595	
0.530648	0.635136	0.70958	0.724724	0.682827	0.605287	0.489286	0.342605	0.183019	0.0363128	-0.0811228	-0.1579	-0.197811	-0.211554	-0.198848	-0.158753	-0.103206	-0.0567905	-0.0144565	0.0200452	0.0407417	0.0434655	0.0398935	0.0286377	0.0157632	
0.426838	0.511952	0.569337	0.575782	0.540173	0.466006	0.358511	0.227493	0.0804998	-0.0565173	-0.15056	-0.197811	-0.213635	-0.210254	-0.19491	-0.160746	-0.118787	-0.0835681	-0.0459142	-0.0120471	-0.00583456	-0.020033	-0.0301581	-0.0404204	-0.0560571	
0.304554	0.37425	0.422369	0.434634	0.409719	0.345466	0.249604	0.133249	0.00255189	-0.108071	-0.178905	-0.211554	-0.210254	-0.191955	-0.171901	-0.144815	-0.114813	-0.0951724	-0.0706844	-0.0527042	-0.0600979	-0.0775572	-0.0800285	-0.0821397	-0.0915627	
0.174763	0.238211	0.290315	0.3115	0.294535	0.240602	0.16087	0.0620608	-0.0371857	-0.114799	-0.170804	-0.198848	-0.19491	-0.171901	-0.149578	-0.123955	-0.106017	-0.0997775	-0.0940691	-0.0965117	-0.114036	-0.124927	-0.118355	-0.110072	-0.106083	
0.0420235	0.110698	0.171658	0.200698	0.194723	0.160177	0.0981968	0.024952	-0.0395734	-0.090986	-0.133084	-0.158753	-0.160746	-0.144815	-0.123955	-0.108409	-0.102218	-0.106618	-0.115014	-0.132268	-0.148673	-0.152141	-0.143368	-0.133028	-0.116556	
-0.0870402	-0.0135934	0.0602989	0.10248	0.11627	0.102904	0.0653727	0.0180092	-0.0246729	-0.0568939	-0.0818364	-0.103206	-0.118787	-0.114813	-0.106017	-0.102218	-0.107092	-0.122101	-0.142355	-0.156622	-0.160509	-0.157669	-0.153049	-0.146475	-0.129648	
-0.209389	-0.126071	-0.037666	0.025481	0.0611893	0.0695385	0.0545494	0.0276278	0.000673262	-0.0174648	-0.0315989	-0.0567905	-0.0835681	-0.0951724	-0.0997775	-0.106618	-0.122101	-0.151023	-0.170135	-0.168059	-0.16061	-0.157182	-0.149723	-0.144872	-0.138722	
-0.324991	-0.235157	-0.127722	-0.0405689	0.0215617	0.0594644	0.0743094	0.0662525	0.0463097	0.0293864	0.0114465	-0.0144565	-0.0459142	-0.0706844	-0.0940691	-0.115014	-0.142355	-0.170135	-0.174829	-0.162465	-0.159346	-0.154883	-0.137017	-0.130814	-0.14062	
-0.423583	-0.333036	-0.214254	-0.0977753	0.00351603	0.0790125	0.119061	0.121844	0.101194	0.0715015	0.0450207	0.0200452	-0.0120471	-0.0527042	-0.0965117	-0.132268	-0.156622	-0.168059	-0.162465	-0.15624	-0.157172	-0.146839	-0.12471	-0.123372	-0.140865	
-0.497137	-0.405629	-0.271952	-0.128216	0.00730838	0.112287	0.169368	0.177857	0.152309	0.112654	0.0753725	0.0407417	-0.00583456	-0.0600979	-0.114036	-0.148673	-0.160509	-0.16061	-0.159346	-0.157172	-0.151854	-0.140019	-0.13006	-0.135345	-0.147042	
-0.552745	-0.447886	-0.299672	-0.132911	0.0265354	0.146096	0.210127	0.2227	0.200346	0.155611	0.102626	0.0434655	-0.020033	-0.0775572	-0.124927	-0.152141	-0.157669	-0.157182	-0.154883	-0.146839	-0.140019	-0.141254	-0.145408	-0.150004	-0.148878	
-0.598152	-0.474212	-0.307234	-0.124084	0.0503246	0.182958	0.253154	0.265218	0.238471	0.186053	0.116373	0.0398935	-0.0301581	-0.0800285	-0.118355	-0.143368	-0.153049	-0.149723	-0.137017	-0.12471	-0.13006	-0.145408	-0.152784	-0.152692	-0.143497	
-0.620655	-0.474526	-0.292103	-0.096264	0.0887341	0.2272	0.298101	0.304615	0.267873	0.199784	0.114648	0.0286377	-0.0404204	-0.0821397	-0.110072	-0.133028	-0.146475	-0.144872	-0.130814	-0.123372	-0.135345	-0.150004	-0.152692	-0.152642	-0.144798	
-0.619274	-0.444816	-0.248226	-0.0548411	0.121394	0.256419	0.32734	0.331511	0.285688	0.20503	0.108595	0.0157632	-0.0560571	-0.0915627	-0.106083	-0.116556	-0.129648	-0.138722	-0.14062	-0.140865	-0.147042	-0.148878	-0.143497	-0.144798	-0.145807	
-0.607726	-0.403553	-0.194414	-0.00580354	0.154915	0.273376	0.336071	0.337608	0.288652	0.203478	0.105847	0.0138357	-0.0580402	-0.0942215	-0.103206	-0.10391	-0.110478	-0.127279	-0.144626	-0.153681	-0.154826	-0.145572	-0.13029	-0.128316	-0.138628	
-0.593841	-0.364372	-0.141785	0.0454555	0.193587	0.296556	0.343409	0.330862	0.273472	0.189599	0.103211	0.0258819	-0.0391662	-0.0804678	-0.100576	-0.104705	-0.10739	-0.120079	-0.140182	-0.152782	-0.154738	-0.143859	-0.126718	-0.122828	-0.131336	
-0.571735	-0.330097	-0.0991361	0.092662	0.236597	0.322974	0.347812	0.317527	0.252345	0.171916	0.0975283	0.0355987	-0.0189101	-0.0626485	-0.0950459	-0.113722	-0.121588	-0.130165	-0.140494	-0.146105	-0.146835	-0.142656	-0.136199	-0.135568	-0.133985	
-0.549655	-0.300153	-0.0656597	0.127011	0.26535	0.337503	0.342338	0.297081	0.231386	0.160383	0.0965842	0.0411754	-0.0095984	-0.0508956	-0.0877234	-0.117296	-0.136293	-0.142947	-0.141507	-0.135882	-0.136062	-0.139234	-0.140878	-0.143632	-0.138556	
-0.539974	-0.285962	-0.0462473	0.150662	0.286211	0.344572	0.332408	0.279758	0.219543	0.161395	0.105562	0.0501275	-0.0030678	-0.0448542	-0.0815918	-0.116997	-0.141026	-0.146539	-0.137159	-0.12852	-0.132381	-0.138826	-0.137924	-0.140009	-0.142952	
-0.538949	-0.282331	-0.0422171	0.154399	0.288826	0.345667	0.33123	0.276122	0.217162	0.161316	0.107821	0.0525257	-0.00147506	-0.0432088	-0.0809897	-0.116669	-0.141673	-0.145567	-0.135609	-0.126857	-0.13212	-0.138407	-0.136073	-0.138204	-0.143453	
-0.544213	-0.293668	-0.0567604	0.1381	0.275427	0.341289	0.338239	0.289852	0.22572	0.160065	0.099437	0.0447219	-0.00596858	-0.0471514	-0.0842905	-0.117952	-0.139192	-0.145436	-0.139914	-0.132803	-0.133646	-0.138337	-0.140233	-0.143792	-0.141333	
-0.5618	-0.315821	-0.0837855	0.107876	0.249179	0.330072	0.346967	0.309292	0.242795	0.164919	0.0955414	0.0375489	-0.0146604	-0.0574624	-0.0927322	-0.116026	-0.128875	-0.136137	-0.141763	-0.14197	-0.141951	-0.14093	-0.139268	-0.140729	-0.135702	
-0.586035	-0.351113	-0.123769	0.0658042	0.212111	0.308118	0.345839	0.326607	0.26528	0.182826	0.101511	0.0314737	-0.0295145	-0.0732457	-0.0986533	-0.108151	-0.111328	-0.122694	-0.13937	-0.150517	-0.152429	-0.144248	-0.130146	-0.126665	-0.131476	
-0.602685	-0.386482	-0.172403	0.0143389	0.16874	0.281303	0.339061	0.335774	0.284348	0.198652	0.104725	0.0175745	-0.0519943	-0.0900222	-0.102597	-0.102498	-0.106679	-0.122314	-0.14296	-0.154287	-0.155928	-0.144786	-0.126623	-0.122772	-0.134291	
-0.614962	-0.429451	-0.22727	-0.0355532	0.134681	0.263792	0.332152	0.336425	0.289054	0.206374	0.107206	0.0126654	-0.0600845	-0.0943301	-0.104233	-0.110305	-0.121022	-0.134923	-0.143902	-0.148178	-0.151003	-0.147627	-0.137879	-0.138451	-0.144034	
-0.622396	-0.46493	-0.276978	-0.0805143	0.102697	0.241116	0.312364	0.31704	0.276441	0.202224	0.112435	0.0227233	-0.0476494	-0.08615	-0.108007	-0.126554	-0.141213	-0.143102	-0.134307	-0.12942	-0.139881	-0.149817	-0.150017	-0.151237	-0.145958	
-0.610458	-0.478809	-0.304823	-0.115243	0.0649285	0.200845	0.271567	0.282297	0.251585	0.193612	0.117267	0.0371509	-0.0330911	-0.0798912	-0.114306	-0.139473	-0.150928	-0.14744	-0.131391	-0.120572	-0.130345	-0.147968	-0.153787	-0.153365	-0.143251	
-0.572645	-0.459782	-0.304633	-0.131059	0.0345521	0.159624	0.226181	0.23937	0.217459	0.169629	0.109504	0.0418959	-0.0246913	-0.0800968	-0.124211	-0.149874	-0.156032	-0.154342	-0.148139	-0.137209	-0.134898	-0.14297	-0.149489	-0.151906	-0.146604	
-0.520703	-0.426166	-0.286065	-0.132267	0.013988	0.126263	0.186993	0.19725	0.171915	0.130672	0.0873371	0.0435908	-0.0108828	-0.0676356	-0.120442	-0.152119	-0.159564	-0.159279	-0.159405	-0.155868	-0.147717	-0.139878	-0.136109	-0.142404	-0.14937	
-0.455903	-0.365584	-0.241758	-0.113633	0.00234662	0.0915936	0.139843	0.145205	0.122118	0.086777	0.0572829	0.0305251	-0.00558627	-0.0528709	-0.102511	-0.139959	-0.159141	-0.164481	-0.160024	-0.156752	-0.155515	-0.142912	-0.124078	-0.126051	-0.142832	
-0.367106	-0.276805	-0.163918	-0.0653513	0.0114656	0.0639607	0.0901864	0.0880688	0.0682277	0.046723	0.025567	0.0014988	-0.0300088	-0.0609665	-0.093075	-0.120997	-0.149461	-0.171456	-0.169865	-0.158708	-0.158544	-0.152474	-0.130978	-0.125803	-0.139991	
-0.256873	-0.16961	-0.07405	-0.00165787	0.0437503	0.0630576	0.0583123	0.0388215	0.0166674	0.00100128	-0.013261	-0.040098	-0.0692316	-0.0865556	-0.0975375	-0.109583	-0.130397	-0.161885	-0.175488	-0.167063	-0.159948	-0.157247	-0.14578	-0.14017	-0.139959	
-0.136647	-0.0603878	0.0195838	0.06933	0.0913748	0.0864401	0.0586001	0.0199814	-0.0165754	-0.0420072	-0.0606191	-0.0828422	-0.104382	-0.106418	-0.102685	-0.102603	-0.111386	-0.132851	-0.155115	-0.163271	-0.161165	-0.157429	-0.152977	-0.147951	-0.134483	
-0.0104619	0.0603716	0.125863	0.159248	0.160557	0.134613	0.0812503	0.0192394	-0.0343853	-0.0778487	-0.11323	-0.137263	-0.143965	-0.132201	-0.114754	-0.104689	-0.102627	-0.111066	-0.124621	-0.143621	-0.155732	-0.156252	-0.148231	-0.139744	-0.12175	
0.121755	0.185931	0.241978	0.266521	0.253076	0.205262	0.132177	0.0430802	-0.0411868	-0.107794	-0.158762	-0.185763	-0.183291	-0.161976	-0.139366	-0.116798	-0.104049	-0.102231	-0.102431	-0.111987	-0.131325	-0.139284	-0.130505	-0.119767	-0.110301	
0.253453	0.319487	0.367074	0.382839	0.361313	0.301928	0.211712	0.100587	-0.0189472	-0.115815	-0.179793	-0.21034	-0.205914	-0.184307	-0.163083	-0.136744	-0.110958	-0.0974733	-0.0802039	-0.0704629	-0.0823516	-0.0984124	-0.0965528	-0.0942856	-0.0981689	
0.379216	0.457207	0.510236	0.51865	0.486795	0.414641	0.312216	0.188689	0.0466454	-0.0826298	-0.166299	-0.205673	-0.213106	-0.203397	-0.186556	-0.155796	-0.118497	-0.089309	-0.0564149	-0.0273605	-0.0269041	-0.043414	-0.0522757	-0.059983	-0.0745997	
0.491852	0.587968	0.65465	0.663684	0.623677	0.547635	0.433085	0.292475	0.138563	-0.00493781	-0.11391	-0.177946	-0.207709	-0.214865	-0.201255	-0.162799	-0.111293	-0.068733	-0.0271323	0.00807892	0.0234781	0.0178896	0.0103045	-0.00233287	-0.0169482	
0.58391	0.70431	0.791176	0.81803	0.780446	0.700438	0.583355	0.427385	0.257556	0.104735	-0.0214087	-0.116807	-0.17397	-0.196348	-0.185785	-0.145833	-0.0905088	-0.0407538	0.00220035	0.0356957	0.0622085	0.079468	0.0856755	0.0793525	0.0699751	
