0.61261	0.431256	0.277822	0.163604	0.104885	0.0960408	0.132897	0.226703	0.365621	0.538165	0.724786	0.902398	1.05409	1.17276	1.24236	1.27339	1.27782	1.25967	1.207	1.13429	1.03569	0.908832	0.757098	0.569039	0.360277	
0.41786	0.242482	0.0955745	-0.0146821	-0.0735539	-0.0820623	-0.044979	0.046254	0.180326	0.345402	0.526332	0.695585	0.841653	0.953351	1.01867	1.04909	1.05695	1.04681	1.00947	0.95419	0.870542	0.762818	0.637543	0.481887	0.301301	
0.208998	0.0543516	-0.0758164	-0.170144	-0.219238	-0.226974	-0.195176	-0.11863	-0.00117459	0.145767	0.304362	0.457694	0.594849	0.698707	0.763042	0.797387	0.808824	0.798246	0.770448	0.730234	0.676364	0.600193	0.504018	0.387315	0.2412	
0.005995	-0.114957	-0.21883	-0.284244	-0.316982	-0.323071	-0.300654	-0.250223	-0.159804	-0.0438347	0.0839596	0.212089	0.33312	0.431079	0.511006	0.563066	0.585599	0.57127	0.545833	0.521644	0.496467	0.46014	0.39873	0.313424	0.189781	
-0.163705	-0.251623	-0.326898	-0.372485	-0.398711	-0.403521	-0.38513	-0.348382	-0.284622	-0.200008	-0.104803	0.00143609	0.105976	0.197563	0.287627	0.35911	0.399725	0.39988	0.387434	0.38084	0.385012	0.383722	0.351896	0.285652	0.174135	
-0.284175	-0.349613	-0.404932	-0.439078	-0.457038	-0.460313	-0.447845	-0.420783	-0.374039	-0.31117	-0.23995	-0.152727	-0.057629	0.0316987	0.124725	0.212179	0.269918	0.295933	0.30908	0.326357	0.355369	0.374466	0.36181	0.312052	0.218336	
-0.350586	-0.404674	-0.447845	-0.470096	-0.476627	-0.477874	-0.473592	-0.45914	-0.424007	-0.37333	-0.316545	-0.24935	-0.166652	-0.0770988	0.0252614	0.131583	0.210439	0.265634	0.309275	0.352233	0.399051	0.433055	0.432588	0.392262	0.307015	
-0.383973	-0.424861	-0.455656	-0.469653	-0.47539	-0.476356	-0.472744	-0.462794	-0.439062	-0.40091	-0.358234	-0.304477	-0.22891	-0.135795	-0.0195422	0.107048	0.212108	0.297871	0.373847	0.441128	0.506947	0.555849	0.567782	0.530729	0.442774	
-0.381513	-0.411438	-0.439763	-0.452017	-0.459144	-0.461686	-0.455184	-0.446297	-0.424352	-0.392189	-0.362367	-0.317218	-0.243496	-0.14617	-0.016819	0.122934	0.248883	0.364696	0.475889	0.579361	0.661242	0.713038	0.726831	0.692461	0.608843	
-0.343901	-0.380783	-0.413426	-0.429468	-0.432827	-0.43334	-0.431556	-0.421653	-0.39589	-0.356941	-0.326501	-0.283976	-0.220478	-0.117578	0.0182144	0.173329	0.319256	0.460507	0.60257	0.730226	0.821529	0.873493	0.879665	0.839257	0.761819	
-0.294776	-0.337499	-0.375123	-0.395726	-0.403702	-0.405865	-0.399824	-0.385152	-0.354413	-0.311236	-0.271192	-0.225912	-0.167226	-0.0724848	0.0717389	0.245797	0.413108	0.576501	0.731588	0.868294	0.968729	1.02438	1.02284	0.971214	0.885572	
-0.253541	-0.295897	-0.330808	-0.359529	-0.372262	-0.372944	-0.367028	-0.343758	-0.310042	-0.271591	-0.227698	-0.179064	-0.113757	-0.0166438	0.131664	0.317739	0.501507	0.677831	0.842633	0.986523	1.09531	1.15295	1.14926	1.08922	0.987773	
-0.230846	-0.266941	-0.299698	-0.322575	-0.329294	-0.329027	-0.326887	-0.310679	-0.280651	-0.246071	-0.206966	-0.153767	-0.0771686	0.0294974	0.179363	0.36487	0.560037	0.75224	0.927186	1.07998	1.19419	1.25035	1.24259	1.17421	1.05891	
-0.225068	-0.249776	-0.267457	-0.272675	-0.270624	-0.269994	-0.272157	-0.270612	-0.258127	-0.23664	-0.201938	-0.143001	-0.0622862	0.0473241	0.196209	0.381384	0.589121	0.792818	0.976494	1.13667	1.25441	1.30264	1.28139	1.2025	1.08463	
-0.215778	-0.223307	-0.222179	-0.21218	-0.202076	-0.200982	-0.20759	-0.21876	-0.223516	-0.220987	-0.201506	-0.149443	-0.0695793	0.037883	0.181339	0.366764	0.579003	0.79277	0.986903	1.14661	1.25192	1.28803	1.25383	1.16892	1.05128	
-0.199877	-0.19035	-0.173286	-0.149437	-0.128177	-0.123116	-0.140154	-0.164801	-0.183949	-0.197032	-0.200057	-0.166768	-0.0929421	0.0109838	0.143018	0.321654	0.529794	0.744742	0.942099	1.0929	1.18005	1.19946	1.16114	1.07729	0.964794	
-0.182455	-0.161115	-0.126723	-0.0848794	-0.0551849	-0.0490395	-0.0705646	-0.110276	-0.148434	-0.175089	-0.188773	-0.173437	-0.114311	-0.0313374	0.0844325	0.245508	0.434548	0.637923	0.826363	0.969521	1.04631	1.05501	1.01656	0.942793	0.83751	
-0.165227	-0.132535	-0.0817786	-0.0270084	0.0078465	0.0135839	-0.00998486	-0.0585268	-0.114127	-0.154211	-0.176187	-0.169983	-0.134555	-0.0769903	0.0124078	0.14128	0.298669	0.478984	0.656154	0.790782	0.861712	0.876147	0.846559	0.781048	0.685148	
-0.143899	-0.0972426	-0.0421872	0.0128159	0.0499023	0.0552961	0.0306868	-0.0187194	-0.0763478	-0.126711	-0.162551	-0.166793	-0.150893	-0.118326	-0.0611909	0.0290954	0.152538	0.305145	0.461189	0.582807	0.651717	0.675555	0.656651	0.601573	0.519932	
-0.11005	-0.0596774	-0.00742474	0.0362992	0.0620435	0.0657277	0.0491337	0.0119268	-0.0386492	-0.0914293	-0.13172	-0.151443	-0.151945	-0.144013	-0.117312	-0.0627	0.0286638	0.149872	0.273815	0.37362	0.434469	0.462015	0.453781	0.415676	0.346662	
-0.0735826	-0.0299306	0.0206065	0.051694	0.0589213	0.0593677	0.0566718	0.0363023	-0.00953368	-0.0574446	-0.0943616	-0.120009	-0.134985	-0.140943	-0.140635	-0.117681	-0.0603609	0.0227596	0.112247	0.186145	0.236342	0.262964	0.261345	0.22673	0.166728	
-0.0586296	-0.0178165	0.0228812	0.0446452	0.0438499	0.0420012	0.0466129	0.034624	-0.000616376	-0.0427048	-0.0773225	-0.0994883	-0.11087	-0.124624	-0.138751	-0.141883	-0.116904	-0.0674654	-0.0117952	0.0413295	0.0812876	0.101372	0.0948941	0.0581252	0.00177552	
-0.072947	-0.0365253	-0.00543861	0.00657153	0.00702089	0.00719112	0.00741445	0.00107397	-0.0221313	-0.0592505	-0.0877796	-0.0987721	-0.100277	-0.108358	-0.128655	-0.147798	-0.146199	-0.126145	-0.0963053	-0.0668965	-0.0393327	-0.0230978	-0.0297864	-0.0618587	-0.11293	
-0.0948667	-0.0711357	-0.0513052	-0.0479386	-0.053562	-0.0557957	-0.0498474	-0.048084	-0.062159	-0.0862314	-0.101086	-0.100268	-0.0997176	-0.101177	-0.116299	-0.14442	-0.161297	-0.160247	-0.155804	-0.147761	-0.127791	-0.113031	-0.118096	-0.140914	-0.182244	
-0.113544	-0.107825	-0.0973436	-0.101784	-0.115719	-0.118465	-0.107532	-0.0969879	-0.102437	-0.113529	-0.10985	-0.103662	-0.0986162	-0.0877568	-0.0951731	-0.128346	-0.15946	-0.174669	-0.184103	-0.192721	-0.188173	-0.182389	-0.184565	-0.199414	-0.234309	
-0.130659	-0.140205	-0.146688	-0.161349	-0.179391	-0.183288	-0.169132	-0.151474	-0.142304	-0.135542	-0.12083	-0.102831	-0.0815082	-0.061176	-0.0635801	-0.0947316	-0.131756	-0.157614	-0.175574	-0.193174	-0.209962	-0.222711	-0.227732	-0.241076	-0.276869	
-0.140205	-0.16603	-0.191662	-0.223109	-0.248697	-0.252992	-0.234852	-0.204247	-0.175836	-0.150782	-0.122166	-0.0860385	-0.0501143	-0.0217425	-0.0217873	-0.0467485	-0.0817439	-0.119684	-0.149866	-0.178212	-0.210063	-0.241037	-0.25947	-0.282701	-0.319518	
-0.146688	-0.191662	-0.239821	-0.291576	-0.332066	-0.339911	-0.310219	-0.260785	-0.210105	-0.164973	-0.116943	-0.0694355	-0.0224777	0.0141158	0.0262429	0.00523274	-0.0274221	-0.0649648	-0.108238	-0.154297	-0.202231	-0.250347	-0.288584	-0.316818	-0.35676	
-0.161349	-0.223109	-0.291576	-0.364018	-0.418426	-0.429244	-0.389804	-0.320669	-0.249727	-0.185643	-0.125311	-0.0690067	-0.014637	0.0323766	0.0531065	0.0429484	0.0238154	-0.00900137	-0.0595984	-0.123549	-0.187584	-0.248903	-0.3046	-0.345589	-0.380409	
-0.179391	-0.248697	-0.332066	-0.418426	-0.479831	-0.491646	-0.447614	-0.36738	-0.280472	-0.205531	-0.141351	-0.0786896	-0.0155463	0.0317514	0.0553734	0.0610453	0.0586915	0.0277683	-0.0281455	-0.0982224	-0.173312	-0.244082	-0.307541	-0.357145	-0.391567	
-0.183288	-0.252992	-0.339911	-0.429244	-0.491646	-0.503386	-0.458889	-0.376949	-0.286031	-0.209649	-0.144265	-0.0815572	-0.0154083	0.0304052	0.0546111	0.0635598	0.0638875	0.0331586	-0.0226706	-0.0923085	-0.170695	-0.243258	-0.307333	-0.356957	-0.393731	
-0.169132	-0.234852	-0.310219	-0.389804	-0.447614	-0.458889	-0.41701	-0.342335	-0.264081	-0.194283	-0.132197	-0.0725059	-0.0147303	0.0338485	0.0562238	0.0525617	0.0406211	0.00844209	-0.0441574	-0.111848	-0.181289	-0.246933	-0.306778	-0.352918	-0.386252	
-0.151474	-0.204247	-0.260785	-0.320669	-0.36738	-0.376949	-0.342335	-0.284816	-0.225905	-0.17256	-0.11861	-0.0671543	-0.0174095	0.0239325	0.0405492	0.0224724	-0.00559195	-0.0409701	-0.0885011	-0.142728	-0.197086	-0.250507	-0.296655	-0.329855	-0.36788	
-0.142304	-0.175836	-0.210105	-0.249727	-0.280472	-0.286031	-0.264081	-0.225905	-0.188665	-0.156231	-0.1189	-0.0781578	-0.0374478	-0.00570443	-0.00196004	-0.0258186	-0.0603526	-0.0995265	-0.134754	-0.169423	-0.207484	-0.245788	-0.271956	-0.296542	-0.335719	
-0.135542	-0.150782	-0.164973	-0.185643	-0.205531	-0.209649	-0.194283	-0.17256	-0.156231	-0.142346	-0.12332	-0.0975713	-0.0701346	-0.0463923	-0.0479509	-0.0768503	-0.113443	-0.144521	-0.167194	-0.187938	-0.211861	-0.232216	-0.241664	-0.258724	-0.294084	
-0.12083	-0.122166	-0.116943	-0.125311	-0.141351	-0.144265	-0.132197	-0.11861	-0.1189	-0.12332	-0.114388	-0.104201	-0.0941987	-0.0786116	-0.0836411	-0.117035	-0.15202	-0.171451	-0.183684	-0.1966	-0.201429	-0.202322	-0.203067	-0.216691	-0.251679	
-0.102831	-0.0860385	-0.0694355	-0.0690067	-0.0786896	-0.0815572	-0.0725059	-0.0671543	-0.0781578	-0.0975713	-0.104201	-0.101757	-0.0997164	-0.0977516	-0.109161	-0.139852	-0.1636	-0.168681	-0.172212	-0.171278	-0.156147	-0.14322	-0.147818	-0.166946	-0.205096	
-0.0815082	-0.0501143	-0.0224777	-0.014637	-0.0155463	-0.0154083	-0.0147303	-0.0174095	-0.0374478	-0.0701346	-0.0941987	-0.0997164	-0.0998949	-0.104287	-0.124816	-0.147258	-0.153631	-0.142062	-0.122591	-0.10248	-0.077847	-0.0624684	-0.068352	-0.0975283	-0.144093	
-0.061176	-0.0217425	0.0141158	0.0323766	0.0317514	0.0304052	0.0338485	0.0239325	-0.00570443	-0.0463923	-0.0786116	-0.0977516	-0.104287	-0.117454	-0.134801	-0.145825	-0.131722	-0.0939027	-0.0495104	-0.0048434	0.029155	0.0466955	0.039784	0.00481321	-0.0506214	
-0.0635801	-0.0217873	0.0262429	0.0531065	0.0553734	0.0546111	0.0562238	0.0405492	-0.00196004	-0.0479509	-0.0836411	-0.109161	-0.124816	-0.134801	-0.142164	-0.130344	-0.0867206	-0.0179822	0.0568102	0.122097	0.168524	0.193702	0.190225	0.153566	0.09598	
-0.0947316	-0.0467485	0.00523274	0.0429484	0.0610453	0.0635598	0.0525617	0.0224724	-0.0258186	-0.0768503	-0.117035	-0.139852	-0.147258	-0.145825	-0.130344	-0.0891598	-0.0113397	0.0959327	0.205782	0.295296	0.351972	0.379323	0.375079	0.340122	0.276095	
-0.131756	-0.0817439	-0.0274221	0.0238154	0.0586915	0.0638875	0.0406211	-0.00559195	-0.0603526	-0.113443	-0.15202	-0.1636	-0.153631	-0.131722	-0.0867206	-0.0113397	0.0985502	0.239579	0.383692	0.497755	0.563816	0.589902	0.575686	0.52807	0.451092	
-0.157614	-0.119684	-0.0649648	-0.00900137	0.0277683	0.0331586	0.00844209	-0.0409701	-0.0995265	-0.144521	-0.171451	-0.168681	-0.142062	-0.0939027	-0.0179822	0.0959327	0.239579	0.408861	0.579182	0.70945	0.779537	0.798288	0.772993	0.711031	0.620359	
-0.175574	-0.149866	-0.108238	-0.0595984	-0.0281455	-0.0226706	-0.0441574	-0.0885011	-0.134754	-0.167194	-0.183684	-0.172212	-0.122591	-0.0495104	0.0568102	0.205782	0.383692	0.579182	0.76334	0.903911	0.976882	0.986251	0.951139	0.880718	0.778927	
-0.193174	-0.178212	-0.154297	-0.123549	-0.0982224	-0.0923085	-0.111848	-0.142728	-0.169423	-0.187938	-0.1966	-0.171278	-0.10248	-0.0048434	0.122097	0.295296	0.497755	0.70945	0.903911	1.05144	1.13358	1.14696	1.10799	1.02743	0.918031	
-0.209962	-0.210063	-0.202231	-0.187584	-0.173312	-0.170695	-0.181289	-0.197086	-0.207484	-0.211861	-0.201429	-0.156147	-0.077847	0.029155	0.168524	0.351972	0.563816	0.779537	0.976882	1.13358	1.23128	1.26147	1.22435	1.13875	1.02217	
-0.222711	-0.241037	-0.250347	-0.248903	-0.244082	-0.243258	-0.246933	-0.250507	-0.245788	-0.232216	-0.202322	-0.14322	-0.0624684	0.0466955	0.193702	0.379323	0.589902	0.798288	0.986251	1.14696	1.26147	1.30484	1.27842	1.19627	1.07845	
-0.227732	-0.25947	-0.288584	-0.3046	-0.307541	-0.307333	-0.306778	-0.296655	-0.271956	-0.241664	-0.203067	-0.147818	-0.068352	0.039784	0.190225	0.375079	0.575686	0.772993	0.951139	1.10799	1.22435	1.27842	1.26551	1.19236	1.07557	
-0.241076	-0.282701	-0.316818	-0.345589	-0.357145	-0.356957	-0.352918	-0.329855	-0.296542	-0.258724	-0.216691	-0.166946	-0.0975283	0.00481321	0.153566	0.340122	0.52807	0.711031	0.880718	1.02743	1.13875	1.19627	1.19236	1.12921	1.02062	
-0.276869	-0.319518	-0.35676	-0.380409	-0.391567	-0.393731	-0.386252	-0.36788	-0.335719	-0.294084	-0.251679	-0.205096	-0.144093	-0.0506214	0.09598	0.276095	0.451092	0.620359	0.778927	0.918031	1.02217	1.07845	1.07557	1.02062	0.929782	
