-0.123615	-0.23236	-0.318899	-0.38523	-0.432696	-0.439967	-0.408188	-0.346733	-0.270778	-0.168742	-0.0512567	0.0688522	0.181538	0.305905	0.433104	0.551848	0.651582	0.742063	0.813874	0.862142	0.878668	0.872152	0.845845	0.813095	0.779985	
-0.03476	-0.116381	-0.181051	-0.225922	-0.255665	-0.259613	-0.240673	-0.200603	-0.145356	-0.068762	0.0213196	0.115864	0.21244	0.317115	0.423027	0.524962	0.620968	0.71241	0.801767	0.879212	0.92871	0.955593	0.966968	0.958963	0.932881	
0.0157024	-0.0319979	-0.0662804	-0.0868243	-0.0927469	-0.0931541	-0.0905506	-0.0764762	-0.0474899	-0.00454971	0.0490066	0.11392	0.188211	0.270045	0.349895	0.433758	0.523257	0.616048	0.717414	0.820492	0.9015	0.957582	1.0033	1.02197	1.00899	
0.035826	0.0264742	0.0221413	0.0218454	0.034615	0.0369866	0.0268157	0.0201509	0.0251218	0.0310919	0.0442353	0.0735966	0.118612	0.172821	0.230706	0.301551	0.388408	0.484873	0.590971	0.705655	0.806325	0.886901	0.955507	0.995917	1.00066	
0.0286841	0.0571319	0.0767477	0.0913182	0.110787	0.115853	0.0988643	0.0822911	0.0666794	0.0400864	0.0143465	0.00856802	0.0194251	0.046527	0.0897788	0.156271	0.241053	0.340395	0.444355	0.555913	0.658871	0.756413	0.841904	0.905306	0.930706	
-0.00690617	0.0487053	0.0888001	0.113639	0.133896	0.13914	0.122197	0.0997873	0.0675417	0.0156836	-0.0363717	-0.0699934	-0.0875853	-0.0864423	-0.0520518	0.00896239	0.0884618	0.17791	0.276617	0.374154	0.474855	0.577834	0.676215	0.758777	0.817974	
-0.0565387	0.00940548	0.064629	0.0990341	0.12022	0.124436	0.109348	0.0800354	0.0340989	-0.0303459	-0.0912645	-0.136955	-0.172422	-0.191653	-0.173033	-0.124784	-0.0637819	0.00721239	0.0927739	0.177815	0.271807	0.378292	0.482185	0.572457	0.664741	
-0.0973293	-0.0381051	0.0208443	0.0618504	0.0848366	0.0886758	0.0737479	0.0389954	-0.0133771	-0.0741498	-0.128727	-0.172308	-0.214258	-0.247724	-0.252808	-0.228711	-0.195574	-0.150111	-0.080319	-0.00302548	0.081669	0.183098	0.290071	0.38639	0.497245	
-0.116005	-0.0728756	-0.0265259	0.00998725	0.0321397	0.0351028	0.021859	-0.0112817	-0.0536788	-0.099431	-0.139624	-0.178878	-0.218438	-0.261716	-0.290156	-0.296774	-0.292215	-0.276139	-0.228728	-0.157546	-0.0800975	0.00965908	0.109401	0.218053	0.343105	
-0.121087	-0.0954627	-0.0753884	-0.0573221	-0.0433019	-0.0406442	-0.0504141	-0.0680562	-0.0869122	-0.109785	-0.140439	-0.175948	-0.212491	-0.256671	-0.302199	-0.335305	-0.355755	-0.365484	-0.344465	-0.289462	-0.215358	-0.134132	-0.0425195	0.0696934	0.206872	
-0.118143	-0.107392	-0.115001	-0.122245	-0.119274	-0.118528	-0.121399	-0.11912	-0.108373	-0.111729	-0.134639	-0.168624	-0.200122	-0.242995	-0.293805	-0.345948	-0.38637	-0.415899	-0.416299	-0.385412	-0.325512	-0.251894	-0.165893	-0.0587949	0.0733458	
-0.116969	-0.117905	-0.142348	-0.166264	-0.172255	-0.172448	-0.170536	-0.153709	-0.125286	-0.114135	-0.128667	-0.152894	-0.181098	-0.222389	-0.275164	-0.331444	-0.385408	-0.425474	-0.441548	-0.434749	-0.402364	-0.348338	-0.273859	-0.177117	-0.0579839	
-0.131335	-0.14001	-0.16514	-0.189769	-0.198646	-0.199612	-0.19499	-0.177219	-0.14835	-0.13264	-0.132924	-0.142264	-0.162821	-0.206135	-0.255202	-0.305626	-0.356511	-0.400226	-0.426171	-0.445797	-0.447739	-0.42011	-0.364091	-0.279999	-0.173107	
-0.153362	-0.164086	-0.177476	-0.191247	-0.199174	-0.200941	-0.194889	-0.184299	-0.169227	-0.157263	-0.14723	-0.141255	-0.151711	-0.18802	-0.228581	-0.263422	-0.304647	-0.348144	-0.385952	-0.427993	-0.463009	-0.462485	-0.424416	-0.356691	-0.262181	
-0.178432	-0.183049	-0.181944	-0.181578	-0.187588	-0.189575	-0.183536	-0.181224	-0.18312	-0.181324	-0.171753	-0.159819	-0.155641	-0.173121	-0.196613	-0.218024	-0.248408	-0.297629	-0.349546	-0.403945	-0.450048	-0.470037	-0.454785	-0.409119	-0.334332	
-0.198785	-0.195873	-0.184583	-0.174099	-0.173466	-0.17511	-0.17249	-0.179372	-0.191648	-0.19912	-0.197794	-0.188986	-0.171812	-0.16319	-0.169117	-0.183374	-0.208953	-0.256415	-0.319105	-0.375454	-0.41364	-0.437954	-0.450555	-0.439528	-0.392993	
-0.203451	-0.197348	-0.186584	-0.169196	-0.157904	-0.155789	-0.163424	-0.179336	-0.194008	-0.20132	-0.206327	-0.204097	-0.184799	-0.16139	-0.152653	-0.163961	-0.186735	-0.223021	-0.274194	-0.327298	-0.360768	-0.388299	-0.422478	-0.443366	-0.427168	
-0.190318	-0.187825	-0.183366	-0.166629	-0.146085	-0.141817	-0.157017	-0.178438	-0.187091	-0.188953	-0.193745	-0.197781	-0.189141	-0.173282	-0.158686	-0.157703	-0.173755	-0.197301	-0.227087	-0.2646	-0.303614	-0.344701	-0.394008	-0.430062	-0.431244	
-0.17599	-0.173981	-0.17663	-0.168299	-0.154946	-0.151336	-0.162908	-0.174745	-0.175726	-0.173761	-0.180371	-0.187772	-0.191195	-0.192531	-0.183344	-0.167017	-0.163573	-0.176168	-0.19137	-0.212721	-0.247879	-0.299988	-0.356635	-0.396004	-0.405134	
-0.165081	-0.158807	-0.161293	-0.167358	-0.174849	-0.177258	-0.170839	-0.163521	-0.158638	-0.16141	-0.172707	-0.184099	-0.190276	-0.199286	-0.201732	-0.186716	-0.167622	-0.161005	-0.167651	-0.182316	-0.21154	-0.257493	-0.308963	-0.345212	-0.362352	
-0.157693	-0.147885	-0.147021	-0.160087	-0.185078	-0.191371	-0.170726	-0.149637	-0.146192	-0.152871	-0.165969	-0.178306	-0.184212	-0.189725	-0.199353	-0.201118	-0.18553	-0.162598	-0.153109	-0.165211	-0.191213	-0.226925	-0.26279	-0.289525	-0.309857	
-0.153929	-0.150865	-0.149636	-0.157079	-0.175502	-0.180515	-0.164196	-0.150699	-0.150247	-0.152739	-0.157422	-0.166663	-0.173634	-0.178724	-0.188818	-0.20047	-0.198236	-0.176334	-0.157872	-0.158707	-0.174941	-0.19589	-0.21831	-0.235778	-0.254745	
-0.154311	-0.162966	-0.167667	-0.161213	-0.155475	-0.154161	-0.158428	-0.165679	-0.166684	-0.157275	-0.151745	-0.154904	-0.161991	-0.170585	-0.181549	-0.191037	-0.193946	-0.187016	-0.177072	-0.169113	-0.161663	-0.161264	-0.171847	-0.188406	-0.20759	
-0.158766	-0.173018	-0.180162	-0.164168	-0.142344	-0.137274	-0.154827	-0.176008	-0.178455	-0.163788	-0.153884	-0.152863	-0.155684	-0.164577	-0.177854	-0.185268	-0.188492	-0.193019	-0.199097	-0.19077	-0.166989	-0.145625	-0.144368	-0.156132	-0.174362	
-0.161903	-0.169798	-0.169244	-0.154793	-0.142259	-0.139794	-0.148885	-0.163894	-0.171537	-0.165344	-0.157959	-0.153688	-0.151798	-0.156425	-0.167603	-0.175551	-0.180572	-0.190677	-0.204595	-0.20331	-0.178967	-0.1517	-0.137531	-0.135695	-0.143677	
-0.163244	-0.158846	-0.149441	-0.145046	-0.154439	-0.157249	-0.148107	-0.145281	-0.155645	-0.162672	-0.163297	-0.159945	-0.155774	-0.153187	-0.15624	-0.161877	-0.171142	-0.183686	-0.199839	-0.203326	-0.188078	-0.162664	-0.139605	-0.120797	-0.116678	
-0.158846	-0.147181	-0.140721	-0.146745	-0.165089	-0.170061	-0.15424	-0.140712	-0.143638	-0.153801	-0.16592	-0.173156	-0.168242	-0.154788	-0.14736	-0.1532	-0.16788	-0.182434	-0.19435	-0.198029	-0.188997	-0.172223	-0.149996	-0.125767	-0.110959	
-0.149441	-0.140721	-0.145301	-0.152674	-0.162663	-0.164841	-0.15786	-0.147834	-0.141825	-0.143204	-0.160864	-0.178607	-0.175944	-0.155769	-0.145348	-0.153952	-0.171842	-0.181796	-0.186216	-0.185257	-0.182964	-0.179831	-0.172216	-0.151974	-0.126759	
-0.145046	-0.146745	-0.152674	-0.151616	-0.150104	-0.149955	-0.151192	-0.152804	-0.149754	-0.143991	-0.149556	-0.161623	-0.164106	-0.158059	-0.157637	-0.164349	-0.168747	-0.167284	-0.167774	-0.171762	-0.177741	-0.187924	-0.193055	-0.178336	-0.14225	
-0.154439	-0.165089	-0.162663	-0.150104	-0.145329	-0.144346	-0.147029	-0.156809	-0.166835	-0.160091	-0.146536	-0.139816	-0.148774	-0.167348	-0.184173	-0.181268	-0.16289	-0.146461	-0.151631	-0.167327	-0.182431	-0.195036	-0.201658	-0.185674	-0.143684	
-0.157249	-0.170061	-0.164841	-0.149955	-0.144346	-0.143899	-0.146063	-0.157962	-0.170657	-0.164757	-0.146157	-0.135268	-0.144733	-0.170075	-0.190625	-0.186238	-0.161128	-0.141817	-0.147967	-0.1681	-0.184536	-0.197112	-0.202567	-0.186568	-0.143671	
-0.148107	-0.15424	-0.15786	-0.151192	-0.147029	-0.146063	-0.149621	-0.155232	-0.157218	-0.149783	-0.147906	-0.152256	-0.157592	-0.16111	-0.168869	-0.171879	-0.166919	-0.157837	-0.160123	-0.168715	-0.179107	-0.190766	-0.197731	-0.183017	-0.143911	
-0.145281	-0.140712	-0.147834	-0.152804	-0.156809	-0.157962	-0.155232	-0.150142	-0.142976	-0.140808	-0.15537	-0.173811	-0.172516	-0.155698	-0.147249	-0.156734	-0.171174	-0.177921	-0.179319	-0.17911	-0.179683	-0.18348	-0.182343	-0.164719	-0.13441	
-0.155645	-0.143638	-0.141825	-0.149754	-0.166835	-0.170657	-0.157218	-0.142976	-0.14224	-0.14936	-0.165499	-0.177592	-0.174059	-0.155836	-0.145613	-0.151679	-0.169651	-0.183416	-0.192586	-0.193317	-0.186939	-0.175351	-0.157892	-0.133884	-0.11483	
-0.162672	-0.153801	-0.143204	-0.143991	-0.160091	-0.164757	-0.149783	-0.140808	-0.14936	-0.160096	-0.16482	-0.165007	-0.160137	-0.153885	-0.151821	-0.157353	-0.168459	-0.182645	-0.197586	-0.202326	-0.189723	-0.166817	-0.142205	-0.119927	-0.11182	
-0.163297	-0.16592	-0.160864	-0.149556	-0.146536	-0.146157	-0.147906	-0.15537	-0.165499	-0.16482	-0.16058	-0.155067	-0.152157	-0.153734	-0.163189	-0.170328	-0.176927	-0.187164	-0.202983	-0.204361	-0.183419	-0.155876	-0.137372	-0.128576	-0.131373	
-0.159945	-0.173156	-0.178607	-0.161623	-0.139816	-0.135268	-0.152256	-0.173811	-0.177592	-0.165007	-0.155067	-0.152803	-0.152996	-0.16109	-0.174415	-0.182607	-0.185553	-0.192904	-0.203298	-0.197753	-0.171718	-0.146356	-0.140236	-0.147364	-0.162214	
-0.155774	-0.168242	-0.175944	-0.164106	-0.148774	-0.144733	-0.157592	-0.172516	-0.174059	-0.160137	-0.152157	-0.152996	-0.159579	-0.168614	-0.180809	-0.188214	-0.191677	-0.190326	-0.18739	-0.177748	-0.161415	-0.151548	-0.157319	-0.173087	-0.192747	
-0.153187	-0.154788	-0.155769	-0.158059	-0.167348	-0.170075	-0.16111	-0.155698	-0.155836	-0.153885	-0.153734	-0.16109	-0.168614	-0.175166	-0.184632	-0.196434	-0.197659	-0.181415	-0.164489	-0.160818	-0.168282	-0.181102	-0.199039	-0.215801	-0.235106	
-0.15624	-0.14736	-0.145348	-0.157637	-0.184173	-0.190625	-0.168869	-0.147249	-0.145613	-0.151821	-0.163189	-0.174415	-0.180809	-0.184632	-0.195313	-0.202936	-0.192954	-0.167366	-0.152133	-0.160805	-0.1847	-0.215713	-0.245427	-0.267592	-0.286973	
-0.161877	-0.1532	-0.153952	-0.164349	-0.181268	-0.186238	-0.171879	-0.156734	-0.151679	-0.157353	-0.170328	-0.182607	-0.188214	-0.196434	-0.202936	-0.194336	-0.17423	-0.159079	-0.159822	-0.173947	-0.202481	-0.244548	-0.290501	-0.322869	-0.341885	
-0.171142	-0.16788	-0.171842	-0.168747	-0.16289	-0.161128	-0.166919	-0.171174	-0.169651	-0.168459	-0.176927	-0.185553	-0.191677	-0.197659	-0.192954	-0.17423	-0.163008	-0.168908	-0.180781	-0.19819	-0.230231	-0.2818	-0.33806	-0.377147	-0.389388	
-0.183686	-0.182434	-0.181796	-0.167284	-0.146461	-0.141817	-0.157837	-0.177921	-0.183416	-0.182645	-0.187164	-0.192904	-0.190326	-0.181415	-0.167366	-0.159079	-0.168908	-0.188525	-0.211705	-0.241563	-0.280146	-0.326893	-0.381086	-0.419615	-0.424047	
-0.199839	-0.19435	-0.186216	-0.167774	-0.151631	-0.147967	-0.160123	-0.179319	-0.192586	-0.197586	-0.202983	-0.203298	-0.18739	-0.164489	-0.152133	-0.159822	-0.180781	-0.211705	-0.254592	-0.303058	-0.338012	-0.370073	-0.411065	-0.439604	-0.431991	
-0.203326	-0.198029	-0.185257	-0.171762	-0.167327	-0.1681	-0.168715	-0.17911	-0.193317	-0.202326	-0.204361	-0.197753	-0.177748	-0.160818	-0.160805	-0.173947	-0.19819	-0.241563	-0.303058	-0.359096	-0.393966	-0.418379	-0.440503	-0.443601	-0.410096	
-0.188078	-0.188997	-0.182964	-0.177741	-0.182431	-0.184536	-0.179107	-0.179683	-0.186939	-0.189723	-0.183419	-0.171718	-0.161415	-0.168282	-0.1847	-0.202481	-0.230231	-0.280146	-0.338012	-0.393966	-0.438118	-0.461083	-0.457201	-0.424308	-0.360479	
-0.162664	-0.172223	-0.179831	-0.187924	-0.195036	-0.197112	-0.190766	-0.18348	-0.175351	-0.166817	-0.155876	-0.146356	-0.151548	-0.181102	-0.215713	-0.244548	-0.2818	-0.326893	-0.370073	-0.418379	-0.461083	-0.470279	-0.440529	-0.381037	-0.292612	
-0.139605	-0.149996	-0.172216	-0.193055	-0.201658	-0.202567	-0.197731	-0.182343	-0.157892	-0.142205	-0.137372	-0.140236	-0.157319	-0.199039	-0.245427	-0.290501	-0.33806	-0.381086	-0.411065	-0.440503	-0.457201	-0.440529	-0.392013	-0.313271	-0.210874	
-0.120797	-0.125767	-0.151974	-0.178336	-0.185674	-0.186568	-0.183017	-0.164719	-0.133884	-0.119927	-0.128576	-0.147364	-0.173087	-0.215801	-0.267592	-0.322869	-0.377147	-0.419615	-0.439604	-0.443601	-0.424308	-0.381037	-0.313271	-0.22113	-0.106807	
-0.116678	-0.110959	-0.126759	-0.14225	-0.143684	-0.143671	-0.143911	-0.13441	-0.11483	-0.11182	-0.131373	-0.162214	-0.192747	-0.235106	-0.286973	-0.341885	-0.389388	-0.424047	-0.431991	-0.410096	-0.360479	-0.292612	-0.210874	-0.106807	0.019813	
