-0.663205	-0.547515	-0.420831	-0.307278	-0.215047	-0.142154	-0.0948402	-0.0781	-0.0836607	-0.0825962	-0.073195	-0.0627875	-0.042246	-0.0118232	0.0201678	0.0429432	0.0604163	0.0697342	0.0716754	0.0552368	0.0148435	-0.0313909	-0.0680639	-0.0852288	-0.0802631	
-0.547515	-0.476414	-0.392373	-0.315415	-0.254102	-0.202526	-0.166982	-0.15497	-0.153303	-0.144979	-0.126566	-0.103311	-0.0718998	-0.0364282	-0.00351939	0.026712	0.0530997	0.0702856	0.0695983	0.0443472	-0.0116747	-0.0886025	-0.163525	-0.217974	-0.247846	
-0.420831	-0.392373	-0.352657	-0.321479	-0.298525	-0.272463	-0.257061	-0.253984	-0.24704	-0.234274	-0.211711	-0.177681	-0.134898	-0.0885606	-0.04023	0.00715048	0.0421532	0.0621752	0.0616238	0.0336201	-0.031963	-0.128367	-0.235348	-0.333731	-0.411796	
-0.307278	-0.315415	-0.321479	-0.338832	-0.357245	-0.371653	-0.387299	-0.392839	-0.378868	-0.357249	-0.328724	-0.283217	-0.218462	-0.143158	-0.0697808	-0.00767518	0.0333894	0.0572566	0.059514	0.0327914	-0.0340209	-0.140537	-0.279193	-0.418284	-0.544706	
-0.215047	-0.254102	-0.298525	-0.357245	-0.427942	-0.497442	-0.544894	-0.564221	-0.550635	-0.520482	-0.476958	-0.407425	-0.313886	-0.209931	-0.110843	-0.0276511	0.0361575	0.0751397	0.083862	0.0580786	-0.0117845	-0.122824	-0.27578	-0.447525	-0.6233	
-0.142154	-0.202526	-0.272463	-0.371653	-0.497442	-0.614247	-0.696039	-0.737474	-0.738611	-0.698495	-0.635252	-0.539115	-0.414325	-0.278636	-0.151777	-0.0421132	0.0451494	0.106332	0.126508	0.104605	0.0363212	-0.0701935	-0.224773	-0.420204	-0.643635	
-0.0948402	-0.166982	-0.257061	-0.387299	-0.544894	-0.696039	-0.812348	-0.882643	-0.903549	-0.868699	-0.789698	-0.672157	-0.515134	-0.345662	-0.182561	-0.0472019	0.0583479	0.134227	0.166936	0.15675	0.106623	0.00961008	-0.143166	-0.355392	-0.605985	
-0.0781	-0.15497	-0.253984	-0.392839	-0.564221	-0.737474	-0.882643	-0.980031	-1.01857	-0.997486	-0.92328	-0.798393	-0.624179	-0.42441	-0.230972	-0.0697827	0.0596858	0.154229	0.204224	0.21348	0.185206	0.105011	-0.0373801	-0.248295	-0.511719	
-0.0836607	-0.153303	-0.24704	-0.378868	-0.550635	-0.738611	-0.903549	-1.01857	-1.08021	-1.08764	-1.03569	-0.917139	-0.739203	-0.521053	-0.298632	-0.104996	0.0538435	0.174514	0.249462	0.278969	0.269308	0.201849	0.0708119	-0.131349	-0.392499	
-0.0825962	-0.144979	-0.234274	-0.357249	-0.520482	-0.698495	-0.868699	-0.997486	-1.08764	-1.13017	-1.10162	-0.99783	-0.82668	-0.605887	-0.364012	-0.142255	0.0396969	0.18356	0.279062	0.333661	0.344311	0.286548	0.160557	-0.0337374	-0.277836	
-0.073195	-0.126566	-0.211711	-0.328724	-0.476958	-0.635252	-0.789698	-0.92328	-1.03569	-1.10162	-1.10149	-1.02231	-0.864598	-0.645141	-0.39729	-0.17005	0.021647	0.171042	0.278841	0.349262	0.371054	0.328579	0.210104	0.0315286	-0.194758	
-0.0627875	-0.103311	-0.177681	-0.283217	-0.407425	-0.539115	-0.672157	-0.798393	-0.917139	-0.99783	-1.02231	-0.964596	-0.825582	-0.626489	-0.393261	-0.169844	0.0139233	0.149304	0.250594	0.320287	0.342721	0.313536	0.20948	0.0473496	-0.161928	
-0.042246	-0.0718998	-0.134898	-0.218462	-0.313886	-0.414325	-0.515134	-0.624179	-0.739203	-0.82668	-0.864598	-0.825582	-0.712723	-0.546351	-0.343753	-0.14551	0.0116416	0.13032	0.214706	0.267687	0.283802	0.257298	0.168191	0.0160078	-0.175939	
-0.0118232	-0.0364282	-0.0885606	-0.143158	-0.209931	-0.278636	-0.345662	-0.42441	-0.521053	-0.605887	-0.645141	-0.626489	-0.546351	-0.418515	-0.260597	-0.102352	0.0196817	0.108063	0.165835	0.195889	0.207247	0.179239	0.0939028	-0.0500901	-0.230515	
0.0201678	-0.00351939	-0.04023	-0.0697808	-0.110843	-0.151777	-0.182561	-0.230972	-0.298632	-0.364012	-0.39729	-0.393261	-0.343753	-0.260597	-0.154693	-0.055781	0.0181979	0.0693398	0.0978829	0.107001	0.102058	0.071311	-0.00728339	-0.141202	-0.312538	
0.0429432	0.026712	0.00715048	-0.00767518	-0.0276511	-0.0421132	-0.0472019	-0.0697827	-0.104996	-0.142255	-0.17005	-0.169844	-0.14551	-0.102352	-0.055781	-0.0214742	0.00126044	0.0137142	0.0148645	0.00153145	-0.0196209	-0.0525396	-0.128464	-0.247727	-0.398168	
0.0604163	0.0530997	0.0421532	0.0333894	0.0361575	0.0451494	0.0583479	0.0596858	0.0538435	0.0396969	0.021647	0.0139233	0.0116416	0.0196817	0.0181979	0.00126044	-0.022472	-0.0427132	-0.069362	-0.103616	-0.133232	-0.165486	-0.232184	-0.335883	-0.457641	
0.0697342	0.0702856	0.0621752	0.0572566	0.0751397	0.106332	0.134227	0.154229	0.174514	0.18356	0.171042	0.149304	0.13032	0.108063	0.0693398	0.0137142	-0.0427132	-0.0901007	-0.141705	-0.189361	-0.222009	-0.255224	-0.305213	-0.382613	-0.471627	
0.0716754	0.0695983	0.0616238	0.059514	0.083862	0.126508	0.166936	0.204224	0.249462	0.279062	0.278841	0.250594	0.214706	0.165835	0.0978829	0.0148645	-0.069362	-0.141705	-0.203151	-0.253373	-0.286141	-0.314886	-0.350003	-0.394741	-0.450589	
0.0552368	0.0443472	0.0336201	0.0327914	0.0580786	0.104605	0.15675	0.21348	0.278969	0.333661	0.349262	0.320287	0.267687	0.195889	0.107001	0.00153145	-0.103616	-0.189361	-0.253373	-0.29725	-0.317734	-0.324937	-0.338738	-0.361366	-0.387909	
0.0148435	-0.0116747	-0.031963	-0.0340209	-0.0117845	0.0363212	0.106623	0.185206	0.269308	0.344311	0.371054	0.342721	0.283802	0.207247	0.102058	-0.0196209	-0.133232	-0.222009	-0.286141	-0.317734	-0.318877	-0.303424	-0.291046	-0.285158	-0.279454	
-0.0313909	-0.0886025	-0.128367	-0.140537	-0.122824	-0.0701935	0.00961008	0.105011	0.201849	0.286548	0.328579	0.313536	0.257298	0.179239	0.071311	-0.0525396	-0.165486	-0.255224	-0.314886	-0.324937	-0.303424	-0.266628	-0.222239	-0.173782	-0.127904	
-0.0680639	-0.163525	-0.235348	-0.279193	-0.27578	-0.224773	-0.143166	-0.0373801	0.0708119	0.160557	0.210104	0.20948	0.168191	0.0939028	-0.00728339	-0.128464	-0.232184	-0.305213	-0.350003	-0.338738	-0.291046	-0.222239	-0.137392	-0.0478306	0.0389631	
-0.0852288	-0.217974	-0.333731	-0.418284	-0.447525	-0.420204	-0.355392	-0.248295	-0.131349	-0.0337374	0.0315286	0.0473496	0.0160078	-0.0500901	-0.141202	-0.247727	-0.335883	-0.382613	-0.394741	-0.361366	-0.285158	-0.173782	-0.0478306	0.0848491	0.217257	
-0.0802631	-0.247846	-0.411796	-0.544706	-0.6233	-0.643635	-0.605985	-0.511719	-0.392499	-0.277836	-0.194758	-0.161928	-0.175939	-0.230515	-0.312538	-0.398168	-0.457641	-0.471627	-0.450589	-0.387909	-0.279454	-0.127904	0.0389631	0.217257	0.408088	
-0.0576429	-0.261193	-0.472325	-0.658246	-0.794949	-0.865688	-0.859201	-0.784629	-0.66825	-0.540866	-0.444877	-0.39562	-0.388846	-0.422576	-0.483375	-0.538778	-0.565727	-0.554936	-0.505976	-0.411224	-0.270286	-0.0849855	0.12551	0.353296	0.593442	
-0.0160472	-0.261265	-0.516552	-0.752284	-0.942197	-1.05667	-1.08178	-1.02789	-0.91749	-0.788979	-0.680533	-0.611796	-0.582792	-0.583466	-0.606189	-0.632214	-0.638166	-0.606935	-0.538106	-0.421725	-0.257676	-0.040575	0.21486	0.487183	0.7596	
0.0285388	-0.254366	-0.54792	-0.82527	-1.05466	-1.20206	-1.25234	-1.216	-1.11449	-0.987439	-0.8713	-0.778065	-0.715611	-0.683903	-0.669178	-0.670265	-0.662248	-0.622088	-0.543355	-0.411677	-0.222085	0.0148906	0.292265	0.596244	0.901215	
0.060193	-0.24975	-0.570873	-0.868381	-1.12013	-1.29326	-1.36548	-1.34346	-1.25045	-1.12709	-0.994	-0.871637	-0.782361	-0.724118	-0.685854	-0.667645	-0.658036	-0.617885	-0.527958	-0.38047	-0.172314	0.0799534	0.365717	0.68316	1.0054	
0.0719497	-0.246558	-0.580107	-0.886812	-1.14643	-1.33748	-1.42517	-1.41358	-1.32809	-1.20153	-1.0548	-0.912084	-0.802418	-0.727626	-0.676565	-0.651798	-0.644505	-0.608368	-0.50752	-0.348958	-0.136745	0.121539	0.416299	0.734901	1.05645	
0.0739364	-0.245591	-0.580611	-0.889034	-1.1498	-1.34486	-1.43511	-1.42488	-1.33999	-1.21306	-1.06472	-0.918547	-0.803394	-0.724715	-0.673087	-0.648524	-0.642032	-0.605561	-0.503105	-0.342506	-0.130663	0.127406	0.425124	0.743869	1.06319	
0.0669352	-0.248065	-0.576466	-0.878156	-1.13387	-1.3156	-1.3954	-1.37796	-1.28967	-1.16561	-1.02516	-0.892585	-0.79475	-0.728753	-0.683461	-0.660691	-0.651905	-0.613735	-0.519287	-0.366263	-0.154263	0.101372	0.389949	0.709284	1.03251	
0.0435766	-0.25223	-0.558503	-0.846206	-1.08694	-1.24566	-1.30433	-1.27386	-1.17515	-1.04972	-0.928421	-0.824159	-0.749413	-0.706279	-0.680233	-0.673239	-0.663485	-0.622096	-0.539382	-0.401012	-0.202622	0.0411622	0.32304	0.63381	0.948963	
0.00238391	-0.258927	-0.530598	-0.784214	-0.992139	-1.12031	-1.15699	-1.11085	-1.00448	-0.87642	-0.763801	-0.685468	-0.644387	-0.631604	-0.637793	-0.652502	-0.652771	-0.617289	-0.54283	-0.420466	-0.246974	-0.0207593	0.247019	0.534178	0.818945	
-0.0427172	-0.262518	-0.491795	-0.69823	-0.85777	-0.947267	-0.953618	-0.887236	-0.77187	-0.643358	-0.542881	-0.486739	-0.471309	-0.492407	-0.539999	-0.584224	-0.600435	-0.58003	-0.523076	-0.417551	-0.265932	-0.0676765	0.16213	0.408249	0.662771	
-0.0739344	-0.255041	-0.43784	-0.592013	-0.693505	-0.734018	-0.709111	-0.622859	-0.504436	-0.382692	-0.293985	-0.254511	-0.260911	-0.309064	-0.384133	-0.457755	-0.503471	-0.506841	-0.47373	-0.39813	-0.275715	-0.110677	0.0731903	0.272048	0.484183	
-0.0853148	-0.2324	-0.367541	-0.470651	-0.517861	-0.50764	-0.452899	-0.349365	-0.229858	-0.126482	-0.0541572	-0.0315412	-0.0568098	-0.118412	-0.206198	-0.305609	-0.384851	-0.417388	-0.415736	-0.37195	-0.284165	-0.155097	-0.012672	0.137329	0.292467	
-0.0778522	-0.188661	-0.277167	-0.336314	-0.343428	-0.298844	-0.221166	-0.113372	-0.00201733	0.0904538	0.145157	0.15066	0.11399	0.0420909	-0.0546315	-0.171323	-0.269067	-0.333607	-0.367029	-0.347386	-0.287654	-0.202482	-0.101771	0.00439703	0.108947	
-0.0478141	-0.119796	-0.170935	-0.193538	-0.179193	-0.126203	-0.0448417	0.0560788	0.158076	0.244071	0.289734	0.28087	0.230217	0.153023	0.0459855	-0.0772814	-0.187344	-0.271947	-0.327659	-0.329031	-0.297712	-0.249755	-0.189034	-0.123519	-0.0622401	
-0.00437158	-0.040952	-0.0672872	-0.0718444	-0.0512826	-0.00133756	0.0742988	0.160175	0.249443	0.330307	0.362952	0.338714	0.278885	0.201853	0.0947981	-0.0289128	-0.14343	-0.234369	-0.297668	-0.320579	-0.313124	-0.289928	-0.266333	-0.244273	-0.222802	
0.0413708	0.0249078	0.0121305	0.0111472	0.0349187	0.082088	0.141565	0.206914	0.280836	0.344323	0.36439	0.33517	0.27866	0.203667	0.10675	-0.00685777	-0.116827	-0.204142	-0.268412	-0.308465	-0.321767	-0.318574	-0.322243	-0.335063	-0.350294	
0.0677436	0.0626494	0.0542537	0.0527156	0.0784345	0.123071	0.167593	0.212753	0.265687	0.30514	0.312078	0.283455	0.239892	0.179836	0.102993	0.0116454	-0.0828017	-0.161912	-0.225341	-0.274082	-0.303145	-0.324424	-0.352605	-0.387327	-0.430878	
0.0722805	0.072898	0.0648203	0.0615424	0.0829071	0.119659	0.152387	0.179047	0.210241	0.227908	0.218789	0.192606	0.168027	0.135279	0.0838255	0.0154303	-0.0523601	-0.110725	-0.167218	-0.216968	-0.251225	-0.284455	-0.327951	-0.391939	-0.467047	
0.0648301	0.0619412	0.0522351	0.0444514	0.055076	0.0739858	0.0930429	0.102351	0.106521	0.102314	0.086452	0.0733679	0.0637218	0.0581968	0.0408495	0.00767163	-0.0309588	-0.0619914	-0.099567	-0.140147	-0.171784	-0.204015	-0.263626	-0.358562	-0.468621	
0.0506134	0.0378563	0.0227756	0.0115436	0.000345736	-0.00482644	-0.00195932	-0.0145935	-0.0365141	-0.0639762	-0.087948	-0.0903851	-0.0773487	-0.0483169	-0.0231405	-0.0115854	-0.00819763	-0.00940808	-0.020491	-0.0425698	-0.0671972	-0.0996888	-0.174487	-0.288195	-0.426145	
0.0307554	0.00900391	-0.0208053	-0.0428371	-0.0757526	-0.105575	-0.12449	-0.161535	-0.217241	-0.271879	-0.303084	-0.30058	-0.26127	-0.194825	-0.112379	-0.0401348	0.0131057	0.0484849	0.0667586	0.0663162	0.0538432	0.0216139	-0.0550668	-0.182817	-0.348007	
0.00134477	-0.0231717	-0.069622	-0.113124	-0.168522	-0.226001	-0.278594	-0.344609	-0.429347	-0.50858	-0.545668	-0.535143	-0.468172	-0.357843	-0.219796	-0.0829131	0.0204361	0.0945272	0.140307	0.162565	0.169023	0.139864	0.0573097	-0.0836589	-0.261864	
-0.0308393	-0.0579232	-0.116505	-0.188211	-0.272588	-0.360001	-0.447423	-0.545441	-0.656636	-0.744258	-0.783226	-0.751476	-0.651401	-0.500477	-0.314158	-0.129962	0.0150641	0.123081	0.197174	0.241276	0.256023	0.229031	0.141627	-0.00714779	-0.192696	
-0.0567375	-0.0916162	-0.160975	-0.2596	-0.37249	-0.491974	-0.612986	-0.734366	-0.851383	-0.935915	-0.967833	-0.917855	-0.788011	-0.601275	-0.378516	-0.162928	0.0113775	0.140829	0.23671	0.301216	0.320902	0.293857	0.197588	0.0398778	-0.162444	
-0.0691338	-0.118223	-0.200162	-0.313011	-0.452806	-0.601456	-0.746823	-0.879269	-0.996499	-1.06937	-1.07973	-1.0095	-0.859309	-0.645421	-0.400752	-0.173627	0.0175302	0.162613	0.269578	0.341727	0.365629	0.329519	0.216294	0.0443283	-0.175786	
