-1.03755	-0.997411	-0.916191	-0.815563	-0.711308	-0.614641	-0.545606	-0.506756	-0.481951	-0.444507	-0.387426	-0.308005	-0.21698	-0.127787	-0.0446112	0.029315	0.112991	0.213096	0.316425	0.413424	0.505043	0.60193	0.703926	0.808768	0.907569	
-0.997411	-0.986105	-0.928619	-0.847774	-0.759851	-0.678044	-0.616716	-0.589141	-0.58249	-0.565561	-0.532507	-0.47374	-0.397373	-0.311589	-0.225098	-0.15358	-0.0737656	0.0305666	0.143647	0.254528	0.370217	0.494628	0.624445	0.769819	0.918871	
-0.916191	-0.928619	-0.888128	-0.822315	-0.74931	-0.677721	-0.626379	-0.612218	-0.620407	-0.629416	-0.622679	-0.586017	-0.532187	-0.461486	-0.388321	-0.32612	-0.248645	-0.145463	-0.02501	0.104511	0.24131	0.386249	0.543269	0.724161	0.908072	
-0.815563	-0.847774	-0.822315	-0.770498	-0.705033	-0.639692	-0.592834	-0.579502	-0.596322	-0.625769	-0.642404	-0.634471	-0.611123	-0.564492	-0.507174	-0.453951	-0.389065	-0.296032	-0.172834	-0.0319395	0.125158	0.295647	0.475689	0.676776	0.879513	
-0.711308	-0.759851	-0.74931	-0.705033	-0.643733	-0.581752	-0.531708	-0.514841	-0.53453	-0.575914	-0.60963	-0.625367	-0.625818	-0.596868	-0.557075	-0.521719	-0.474046	-0.395034	-0.277282	-0.12901	0.0422839	0.223661	0.414263	0.624424	0.82831	
-0.614641	-0.678044	-0.677721	-0.639692	-0.581752	-0.518027	-0.46354	-0.439486	-0.452566	-0.495674	-0.5391	-0.570454	-0.584624	-0.572601	-0.550062	-0.520506	-0.479735	-0.414455	-0.307488	-0.165148	0.000986727	0.178396	0.363366	0.554992	0.733575	
-0.545606	-0.616716	-0.626379	-0.592834	-0.531708	-0.46354	-0.401732	-0.361783	-0.361247	-0.400675	-0.44554	-0.484768	-0.509665	-0.508153	-0.486413	-0.450109	-0.410848	-0.354898	-0.259301	-0.128653	0.0204431	0.170484	0.317944	0.461365	0.592758	
-0.506756	-0.589141	-0.612218	-0.579502	-0.514841	-0.439486	-0.361783	-0.300204	-0.282004	-0.302878	-0.339048	-0.381828	-0.404683	-0.401078	-0.376327	-0.331695	-0.284879	-0.226594	-0.138497	-0.027942	0.0855174	0.189462	0.282202	0.356013	0.418478	
-0.481951	-0.58249	-0.620407	-0.596322	-0.53453	-0.452566	-0.361247	-0.282004	-0.234544	-0.224259	-0.244405	-0.269169	-0.274395	-0.265978	-0.23153	-0.168986	-0.105929	-0.0451584	0.0239449	0.101317	0.171184	0.221507	0.248152	0.245543	0.238868	
-0.444507	-0.565561	-0.629416	-0.625769	-0.575914	-0.495674	-0.400675	-0.302878	-0.224259	-0.183588	-0.171959	-0.166558	-0.151172	-0.120889	-0.058365	0.0279141	0.104657	0.16069	0.204575	0.239343	0.251301	0.239693	0.205225	0.141407	0.0763981	
-0.387426	-0.532507	-0.622679	-0.642404	-0.60963	-0.5391	-0.44554	-0.339048	-0.244405	-0.171959	-0.128075	-0.0932937	-0.0426535	0.0239478	0.11588	0.220199	0.308702	0.364513	0.379884	0.35928	0.311068	0.245474	0.157279	0.0437433	-0.0670315	
-0.308005	-0.47374	-0.586017	-0.634471	-0.625367	-0.570454	-0.484768	-0.381828	-0.269169	-0.166558	-0.0932937	-0.0201909	0.0613907	0.151441	0.260771	0.37413	0.472685	0.523407	0.506526	0.442965	0.352387	0.240661	0.107564	-0.0397045	-0.188694	
-0.21698	-0.397373	-0.532187	-0.611123	-0.625818	-0.584624	-0.509665	-0.404683	-0.274395	-0.151172	-0.0426535	0.0613907	0.158407	0.265473	0.379799	0.485051	0.569294	0.597963	0.559191	0.472539	0.356341	0.219706	0.0631944	-0.10847	-0.294848	
-0.127787	-0.311589	-0.461486	-0.564492	-0.596868	-0.572601	-0.508153	-0.401078	-0.265978	-0.120889	0.0239478	0.151441	0.265473	0.379874	0.474896	0.542518	0.587792	0.592037	0.53928	0.439376	0.315044	0.168451	-0.00205393	-0.184126	-0.384453	
-0.0446112	-0.225098	-0.388321	-0.507174	-0.557075	-0.550062	-0.486413	-0.376327	-0.23153	-0.058365	0.11588	0.260771	0.379799	0.474896	0.526028	0.546054	0.552825	0.529891	0.462036	0.35642	0.22421	0.0659286	-0.104646	-0.275509	-0.462681	
0.029315	-0.15358	-0.32612	-0.453951	-0.521719	-0.520506	-0.450109	-0.331695	-0.168986	0.0279141	0.220199	0.37413	0.485051	0.542518	0.546054	0.523052	0.480234	0.41837	0.339979	0.231463	0.0895022	-0.0714766	-0.232521	-0.386823	-0.539136	
0.112991	-0.0737656	-0.248645	-0.389065	-0.474046	-0.479735	-0.410848	-0.284879	-0.105929	0.104657	0.308702	0.472685	0.569294	0.587792	0.552825	0.480234	0.378528	0.282862	0.192529	0.0734165	-0.0754747	-0.230684	-0.373874	-0.498614	-0.603051	
0.213096	0.0305666	-0.145463	-0.296032	-0.395034	-0.414455	-0.354898	-0.226594	-0.0451584	0.16069	0.364513	0.523407	0.597963	0.592037	0.529891	0.41837	0.282862	0.158816	0.0356596	-0.106878	-0.258348	-0.39371	-0.503679	-0.594362	-0.658221	
0.316425	0.143647	-0.02501	-0.172834	-0.277282	-0.307488	-0.259301	-0.138497	0.0239449	0.204575	0.379884	0.506526	0.559191	0.53928	0.462036	0.339979	0.192529	0.0356596	-0.125405	-0.278879	-0.41396	-0.524613	-0.614748	-0.682443	-0.706523	
0.413424	0.254528	0.104511	-0.0319395	-0.12901	-0.165148	-0.128653	-0.027942	0.101317	0.239343	0.35928	0.442965	0.472539	0.439376	0.35642	0.231463	0.0734165	-0.106878	-0.278879	-0.412696	-0.520471	-0.618029	-0.696834	-0.73756	-0.729587	
0.505043	0.370217	0.24131	0.125158	0.0422839	0.000986727	0.0204431	0.0855174	0.171184	0.251301	0.311068	0.352387	0.356341	0.315044	0.22421	0.0895022	-0.0754747	-0.258348	-0.41396	-0.520471	-0.60494	-0.677256	-0.723169	-0.734199	-0.714348	
0.60193	0.494628	0.386249	0.295647	0.223661	0.178396	0.170484	0.189462	0.221507	0.239693	0.245474	0.240661	0.219706	0.168451	0.0659286	-0.0714766	-0.230684	-0.39371	-0.524613	-0.618029	-0.677256	-0.703971	-0.705796	-0.68591	-0.653752	
0.703926	0.624445	0.543269	0.475689	0.414263	0.363366	0.317944	0.282202	0.248152	0.205225	0.157279	0.107564	0.0631944	-0.00205393	-0.104646	-0.232521	-0.373874	-0.503679	-0.614748	-0.696834	-0.723169	-0.705796	-0.66623	-0.613988	-0.56749	
0.808768	0.769819	0.724161	0.676776	0.624424	0.554992	0.461365	0.356013	0.245543	0.141407	0.0437433	-0.0397045	-0.10847	-0.184126	-0.275509	-0.386823	-0.498614	-0.594362	-0.682443	-0.73756	-0.734199	-0.68591	-0.613988	-0.543008	-0.483859	
0.907569	0.918871	0.908072	0.879513	0.82831	0.733575	0.592758	0.418478	0.238868	0.0763981	-0.0670315	-0.188694	-0.294848	-0.384453	-0.462681	-0.539136	-0.603051	-0.658221	-0.706523	-0.729587	-0.714348	-0.653752	-0.56749	-0.483859	-0.404078	
0.988958	1.04879	1.07007	1.05703	0.999875	0.884004	0.705978	0.48085	0.246941	0.0297181	-0.162295	-0.334321	-0.484362	-0.591977	-0.654865	-0.683498	-0.694628	-0.700951	-0.69758	-0.686998	-0.661767	-0.603615	-0.522185	-0.431859	-0.348653	
1.06719	1.1742	1.2263	1.21939	1.14627	1.0028	0.78855	0.524633	0.245646	-0.018995	-0.255215	-0.467066	-0.643075	-0.760832	-0.811626	-0.809743	-0.785752	-0.747421	-0.691334	-0.631243	-0.57596	-0.522173	-0.460865	-0.393227	-0.343894	
1.14158	1.29327	1.37175	1.36319	1.26703	1.08964	0.84294	0.549697	0.236137	-0.0677746	-0.343064	-0.58029	-0.76533	-0.884163	-0.929107	-0.914437	-0.863859	-0.785384	-0.683891	-0.576381	-0.490632	-0.437062	-0.397268	-0.36867	-0.359267	
1.1893	1.37586	1.47413	1.46457	1.35018	1.14874	0.884395	0.575995	0.241092	-0.096871	-0.410653	-0.671292	-0.8626	-0.979578	-1.02093	-0.994216	-0.912028	-0.793129	-0.659826	-0.533461	-0.437316	-0.380099	-0.353723	-0.351956	-0.361057	
1.2111	1.41727	1.527	1.51752	1.39319	1.18056	0.909814	0.596969	0.251871	-0.108572	-0.448778	-0.726577	-0.921944	-1.03729	-1.07821	-1.04277	-0.935788	-0.786828	-0.636403	-0.509094	-0.410538	-0.348787	-0.332986	-0.345616	-0.358241	
1.21477	1.42383	1.53552	1.52564	1.3997	1.18552	0.91366	0.601034	0.254283	-0.11026	-0.454598	-0.736149	-0.93237	-1.04695	-1.0885	-1.05141	-0.938997	-0.784921	-0.63291	-0.505857	-0.405329	-0.342198	-0.32972	-0.345362	-0.357984	
1.20069	1.39662	1.50091	1.49107	1.37169	1.16497	0.896478	0.586028	0.245913	-0.103483	-0.429025	-0.698364	-0.892301	-1.00773	-1.04906	-1.01811	-0.923172	-0.790645	-0.650124	-0.522223	-0.423485	-0.363909	-0.34286	-0.34805	-0.359308	
1.16451	1.33185	1.41913	1.41038	1.30542	1.11688	0.861008	0.559189	0.236024	-0.0826053	-0.373544	-0.619328	-0.80734	-0.925655	-0.968616	-0.949592	-0.887208	-0.792555	-0.675922	-0.556687	-0.465053	-0.410697	-0.376743	-0.360693	-0.361488	
1.09857	1.22453	1.28721	1.2805	1.19842	1.04071	0.813276	0.535445	0.24131	-0.038953	-0.292038	-0.514587	-0.695432	-0.815521	-0.862683	-0.853882	-0.819599	-0.765404	-0.689977	-0.608349	-0.539079	-0.486072	-0.434023	-0.382582	-0.351051	
1.01962	1.09854	1.13251	1.12267	1.06133	0.935092	0.742919	0.50184	0.248061	0.0116613	-0.198935	-0.389795	-0.552634	-0.666082	-0.723533	-0.736659	-0.731074	-0.71802	-0.693909	-0.666036	-0.630093	-0.573662	-0.499652	-0.414934	-0.341608	
0.942137	0.972775	0.975818	0.953682	0.901	0.797983	0.640186	0.443968	0.240816	0.0554259	-0.106251	-0.247814	-0.37187	-0.468209	-0.540728	-0.598484	-0.641282	-0.677002	-0.704206	-0.715053	-0.697829	-0.637245	-0.550809	-0.461802	-0.376025	
0.850341	0.830831	0.799347	0.760133	0.708362	0.629212	0.515585	0.380913	0.241928	0.113691	-0.0022873	-0.0994051	-0.181624	-0.261894	-0.348288	-0.447777	-0.542328	-0.623932	-0.697738	-0.739399	-0.730223	-0.674887	-0.593978	-0.51746	-0.450688	
0.745221	0.680604	0.61268	0.553748	0.496784	0.439774	0.376559	0.31427	0.250097	0.182819	0.113918	0.0494691	-0.00408147	-0.0736429	-0.172939	-0.295732	-0.425905	-0.541481	-0.64518	-0.718636	-0.731995	-0.700354	-0.645638	-0.584048	-0.533592	
0.642409	0.545469	0.447175	0.365862	0.298112	0.251492	0.22948	0.228381	0.235571	0.228804	0.213201	0.189557	0.158986	0.102793	-0.00107837	-0.136542	-0.290733	-0.440799	-0.562575	-0.652513	-0.699185	-0.707234	-0.692431	-0.659157	-0.620514	
0.543525	0.419729	0.298567	0.192786	0.113843	0.0708657	0.080711	0.127751	0.194065	0.249251	0.286495	0.310293	0.303914	0.259124	0.163634	0.0269113	-0.137314	-0.315653	-0.461789	-0.560989	-0.635863	-0.691141	-0.719802	-0.719395	-0.695254	
0.449413	0.299666	0.157794	0.0286364	-0.0623233	-0.101231	-0.0695764	0.0184275	0.131027	0.247676	0.342358	0.409171	0.428928	0.392031	0.306528	0.177497	0.0164647	-0.166875	-0.335541	-0.45802	-0.555832	-0.646122	-0.714243	-0.742893	-0.728735	
0.356234	0.187838	0.0262657	-0.11878	-0.221106	-0.253981	-0.210529	-0.0951937	0.0546689	0.220073	0.37519	0.484758	0.528911	0.503562	0.424351	0.301455	0.148628	-0.0194859	-0.188548	-0.337228	-0.46107	-0.565705	-0.652815	-0.710911	-0.719911	
0.255509	0.0762241	-0.0982775	-0.249086	-0.352499	-0.376655	-0.321981	-0.195524	-0.0191451	0.178922	0.375392	0.524311	0.590488	0.577827	0.507469	0.389719	0.248334	0.110721	-0.0290983	-0.179164	-0.326371	-0.450643	-0.549861	-0.630816	-0.679432	
0.151144	-0.0344637	-0.210549	-0.355983	-0.446767	-0.45786	-0.391668	-0.263812	-0.0821982	0.128995	0.335532	0.500358	0.589135	0.596276	0.548336	0.456602	0.337948	0.231888	0.131084	0.00299845	-0.148611	-0.298197	-0.42839	-0.537576	-0.624802	
0.0607882	-0.124709	-0.298099	-0.431119	-0.505682	-0.505671	-0.435	-0.312484	-0.142477	0.0608914	0.258857	0.416844	0.522449	0.563169	0.550435	0.508998	0.441555	0.36458	0.283028	0.171728	0.0269349	-0.132785	-0.289136	-0.433444	-0.5661	
-0.0142082	-0.194911	-0.362941	-0.484948	-0.542924	-0.53899	-0.472792	-0.360712	-0.208992	-0.0254977	0.157604	0.307079	0.424059	0.50529	0.535689	0.538599	0.528625	0.490647	0.417555	0.310878	0.174541	0.0144267	-0.152779	-0.318486	-0.494661	
-0.0936081	-0.275618	-0.43128	-0.541776	-0.580448	-0.564393	-0.501418	-0.393811	-0.256511	-0.100391	0.0576275	0.193402	0.311098	0.421379	0.50158	0.549273	0.578351	0.57301	0.514412	0.411694	0.284969	0.133257	-0.0392879	-0.21827	-0.416205	
-0.180551	-0.364493	-0.505763	-0.595575	-0.618045	-0.582318	-0.512426	-0.406093	-0.272543	-0.14119	-0.0176017	0.0961992	0.199697	0.310778	0.420591	0.515435	0.585749	0.60367	0.559365	0.466512	0.345487	0.204445	0.04075	-0.137681	-0.33227	
-0.272115	-0.444145	-0.566638	-0.626704	-0.62806	-0.578977	-0.496998	-0.394729	-0.273773	-0.162069	-0.0749833	0.0116665	0.100089	0.198577	0.311079	0.423248	0.520698	0.563816	0.53663	0.46276	0.359274	0.234447	0.0901618	-0.0681233	-0.233128	
-0.358396	-0.5119	-0.610755	-0.641844	-0.617052	-0.553078	-0.462075	-0.356705	-0.255518	-0.170276	-0.115123	-0.0649235	-0.00131115	0.0765756	0.178979	0.287794	0.380978	0.436218	0.437666	0.397605	0.330456	0.244817	0.13736	0.00876379	-0.118293	
