0.169736	0.281007	0.37991	0.45526	0.500315	0.508577	0.477085	0.413377	0.322977	0.215491	0.103677	0.00943422	-0.0536007	-0.0788167	-0.0713852	-0.0510756	-0.0330712	-0.0166643	-0.00559315	-3.61489e-05	0.0167613	0.0681486	0.161084	0.276637	0.388035	
0.189507	0.316478	0.427096	0.514029	0.5704	0.580678	0.540628	0.465567	0.363307	0.241211	0.114174	0.00716645	-0.0626421	-0.0869504	-0.0648267	-0.0196385	0.0104296	0.0296678	0.0482613	0.0696389	0.105251	0.16954	0.264816	0.372817	0.46664	
0.219174	0.354241	0.479553	0.572923	0.626947	0.635009	0.599894	0.521779	0.406333	0.273204	0.1407	0.0256068	-0.0507553	-0.071252	-0.0408269	0.0174049	0.0557273	0.0780868	0.0998235	0.127735	0.17898	0.259087	0.359863	0.455474	0.529121	
0.256063	0.394791	0.518914	0.604701	0.654914	0.665615	0.628399	0.558981	0.447209	0.311484	0.177234	0.0648591	-0.00743923	-0.0300044	0.00254931	0.0674379	0.120294	0.140681	0.160573	0.19456	0.254755	0.343104	0.442712	0.528546	0.577796	
0.293184	0.426997	0.546891	0.623944	0.665399	0.672473	0.644211	0.583285	0.478773	0.345321	0.221707	0.120001	0.0548722	0.0415891	0.0737955	0.1342	0.184942	0.210126	0.229399	0.264022	0.329698	0.417375	0.513625	0.587678	0.613686	
0.328027	0.450362	0.558667	0.629965	0.666097	0.672837	0.648267	0.592261	0.496628	0.376772	0.263019	0.178286	0.133297	0.125815	0.153921	0.199512	0.240847	0.268099	0.29167	0.324949	0.392378	0.477799	0.558175	0.618308	0.633049	
0.351317	0.451704	0.537582	0.603292	0.63619	0.641464	0.619598	0.568175	0.488272	0.391451	0.295681	0.226802	0.196966	0.191292	0.212613	0.251681	0.290868	0.324196	0.357956	0.397932	0.455911	0.525253	0.588949	0.635619	0.645402	
0.339791	0.416522	0.482019	0.534045	0.561332	0.565977	0.547652	0.505115	0.443872	0.37114	0.294404	0.234135	0.208225	0.212789	0.239861	0.279685	0.324331	0.369162	0.417665	0.470707	0.528156	0.585855	0.640342	0.6722	0.668289	
0.268254	0.326933	0.378949	0.42275	0.452196	0.458306	0.436601	0.397324	0.348979	0.292381	0.232917	0.18269	0.163086	0.181279	0.221004	0.273402	0.335378	0.399139	0.457101	0.523096	0.593176	0.653204	0.701506	0.725738	0.711223	
0.139018	0.190256	0.238562	0.282205	0.31289	0.320655	0.295962	0.257246	0.210038	0.159977	0.106853	0.0645072	0.0532645	0.0836167	0.147292	0.222103	0.304183	0.390059	0.469785	0.545936	0.628577	0.701713	0.752788	0.774115	0.756568	
-0.0404911	0.0106484	0.0554875	0.0956315	0.121303	0.125821	0.108004	0.0729636	0.0287272	-0.0189787	-0.0724593	-0.110935	-0.114224	-0.0710491	0.0165975	0.124488	0.234468	0.347026	0.452198	0.541505	0.635853	0.723828	0.786208	0.810073	0.79346	
-0.255472	-0.206142	-0.165066	-0.134132	-0.121373	-0.120083	-0.126812	-0.150304	-0.189327	-0.234334	-0.287197	-0.325863	-0.317357	-0.258226	-0.15765	-0.0279274	0.114639	0.255655	0.385244	0.501465	0.616126	0.722578	0.800538	0.829233	0.81818	
-0.485514	-0.437932	-0.39917	-0.3763	-0.365507	-0.363939	-0.37105	-0.387759	-0.421131	-0.466216	-0.511584	-0.540332	-0.527967	-0.46729	-0.364129	-0.223729	-0.0571894	0.10588	0.266234	0.41962	0.564458	0.692846	0.780487	0.816203	0.81065	
-0.693569	-0.64512	-0.605577	-0.586929	-0.577683	-0.575705	-0.582598	-0.596087	-0.626868	-0.675249	-0.717694	-0.742434	-0.732816	-0.676223	-0.580665	-0.446427	-0.270818	-0.0823413	0.105163	0.290334	0.46647	0.61655	0.712619	0.753797	0.757444	
-0.85108	-0.802106	-0.762457	-0.739168	-0.72292	-0.720841	-0.730697	-0.75309	-0.783474	-0.831434	-0.877147	-0.906235	-0.910516	-0.877832	-0.806512	-0.679814	-0.502043	-0.300081	-0.0939657	0.117621	0.31527	0.478762	0.590396	0.648379	0.671433	
-0.939652	-0.88744	-0.84743	-0.815837	-0.795415	-0.791679	-0.806078	-0.833744	-0.869866	-0.918501	-0.972229	-1.01369	-1.04047	-1.04278	-1.0038	-0.900186	-0.735587	-0.534818	-0.31933	-0.0889725	0.123794	0.302442	0.438584	0.524025	0.570222	
-0.934662	-0.87562	-0.832757	-0.794722	-0.77283	-0.770081	-0.78346	-0.816286	-0.857707	-0.908344	-0.978252	-1.04785	-1.10708	-1.14997	-1.15318	-1.09033	-0.959151	-0.776088	-0.559364	-0.32121	-0.0939038	0.108861	0.275025	0.395921	0.471902	
-0.828321	-0.758353	-0.708034	-0.668724	-0.646103	-0.645375	-0.656233	-0.691228	-0.736311	-0.797181	-0.884397	-0.984805	-1.08825	-1.17837	-1.23468	-1.22429	-1.14303	-0.989934	-0.785805	-0.54737	-0.308541	-0.0897609	0.103545	0.259466	0.366056	
-0.62166	-0.53267	-0.474544	-0.441466	-0.418063	-0.413822	-0.430587	-0.460108	-0.505293	-0.582165	-0.691031	-0.824792	-0.973667	-1.11135	-1.21814	-1.27049	-1.24973	-1.14936	-0.977434	-0.752692	-0.514924	-0.284716	-0.0680434	0.112978	0.243259	
-0.325312	-0.224233	-0.156151	-0.1207	-0.0994059	-0.0951123	-0.110976	-0.13903	-0.192768	-0.280872	-0.402831	-0.56737	-0.758174	-0.939922	-1.10421	-1.22568	-1.27504	-1.24065	-1.11559	-0.926095	-0.706025	-0.473446	-0.244	-0.0417925	0.119215	
0.033264	0.137	0.205807	0.245187	0.264444	0.267511	0.254458	0.225102	0.168414	0.0793592	-0.0494018	-0.23328	-0.451441	-0.681866	-0.911945	-1.10353	-1.22281	-1.2539	-1.18715	-1.04325	-0.850554	-0.625102	-0.399634	-0.185927	-0.00248016	
0.407306	0.501652	0.558238	0.589896	0.607283	0.608693	0.599424	0.572433	0.528557	0.450122	0.327878	0.142336	-0.101483	-0.381961	-0.668627	-0.921294	-1.11112	-1.20023	-1.18848	-1.08996	-0.931623	-0.728715	-0.515008	-0.303858	-0.109268	
0.742166	0.818195	0.856008	0.872687	0.879641	0.879583	0.877229	0.863821	0.836969	0.778327	0.670468	0.495844	0.240913	-0.0748653	-0.412797	-0.724912	-0.965566	-1.09946	-1.13819	-1.08678	-0.96501	-0.793074	-0.592097	-0.383778	-0.177994	
0.993729	1.04011	1.05252	1.05586	1.05204	1.04953	1.05535	1.05458	1.04695	1.01908	0.935431	0.776314	0.527038	0.197248	-0.172978	-0.521799	-0.798871	-0.982181	-1.06624	-1.0537	-0.965059	-0.817336	-0.624231	-0.414836	-0.19943	
1.13825	1.16075	1.14585	1.12203	1.10089	1.09797	1.11193	1.1373	1.15738	1.15362	1.09434	0.961215	0.730016	0.407461	0.0347359	-0.331672	-0.64029	-0.863097	-0.986102	-1.00886	-0.938623	-0.800617	-0.611187	-0.395052	-0.17498	
1.19241	1.18521	1.14156	1.08955	1.05595	1.05304	1.07205	1.12027	1.1705	1.19596	1.16933	1.06355	0.855722	0.547885	0.185075	-0.187591	-0.511968	-0.757816	-0.904067	-0.949772	-0.896304	-0.763307	-0.573814	-0.347281	-0.122971	
1.18521	1.14518	1.07635	1.00366	0.956202	0.947802	0.980332	1.04603	1.11968	1.17428	1.18103	1.10036	0.919321	0.637251	0.285263	-0.0838825	-0.41767	-0.679917	-0.841638	-0.895633	-0.846256	-0.714988	-0.525588	-0.299046	-0.0723774	
1.14156	1.07635	0.987848	0.904793	0.852311	0.84134	0.879972	0.951809	1.04236	1.12008	1.15484	1.10236	0.947342	0.687434	0.349817	-0.0129462	-0.355679	-0.626706	-0.796572	-0.85446	-0.806449	-0.67495	-0.487011	-0.258811	-0.0296212	
1.08955	1.00366	0.904793	0.822827	0.772447	0.763444	0.798739	0.868193	0.963857	1.05918	1.11878	1.09589	0.959704	0.713063	0.387788	0.0245058	-0.323478	-0.589745	-0.756222	-0.820096	-0.780191	-0.655487	-0.466492	-0.232166	0.00768829	
1.05595	0.956202	0.852311	0.772447	0.719069	0.711074	0.746202	0.817838	0.912096	1.02018	1.09232	1.08523	0.962909	0.726035	0.408468	0.0429988	-0.29878	-0.567447	-0.734592	-0.798925	-0.762032	-0.644095	-0.456488	-0.22141	0.0279769	
1.05304	0.947802	0.84134	0.763444	0.711074	0.703843	0.737577	0.807897	0.901637	1.01524	1.08953	1.0821	0.961898	0.726555	0.411474	0.0463658	-0.293373	-0.566247	-0.733157	-0.794841	-0.759128	-0.64223	-0.454236	-0.220136	0.0306225	
1.07205	0.980332	0.879972	0.798739	0.746202	0.737577	0.77328	0.844383	0.939233	1.03926	1.10523	1.09189	0.962423	0.720662	0.39819	0.0330317	-0.31264	-0.578024	-0.744437	-0.809761	-0.771323	-0.649857	-0.461845	-0.226196	0.0180724	
1.12027	1.04603	0.951809	0.868193	0.817838	0.807897	0.844383	0.914603	1.00933	1.09498	1.14108	1.10055	0.953088	0.699053	0.367626	0.00555765	-0.340978	-0.610835	-0.779514	-0.839424	-0.795905	-0.665721	-0.476539	-0.245977	-0.0128849	
1.1705	1.11968	1.04236	0.963857	0.912096	0.901637	0.939233	1.00933	1.091	1.15481	1.17322	1.10319	0.933337	0.661668	0.314982	-0.0512627	-0.388777	-0.655588	-0.822667	-0.877978	-0.827916	-0.696457	-0.508119	-0.282256	-0.0552142	
1.19596	1.17428	1.12008	1.05918	1.02018	1.01524	1.03926	1.09498	1.15481	1.1937	1.18055	1.08498	0.887404	0.588705	0.230015	-0.142102	-0.470166	-0.723365	-0.875949	-0.926919	-0.876311	-0.745075	-0.555288	-0.326688	-0.101549	
1.16933	1.18103	1.15484	1.11878	1.09232	1.08953	1.10523	1.14108	1.17322	1.18055	1.13282	1.01124	0.788667	0.471227	0.102354	-0.267677	-0.585624	-0.819237	-0.952295	-0.986571	-0.923995	-0.787531	-0.597747	-0.377243	-0.155418	
1.06355	1.10036	1.10236	1.09589	1.08523	1.0821	1.09189	1.10055	1.10319	1.08498	1.01124	0.86207	0.618526	0.289987	-0.0846583	-0.442037	-0.73219	-0.932888	-1.03524	-1.03721	-0.956617	-0.81364	-0.623599	-0.412765	-0.194815	
0.855722	0.919321	0.947342	0.959704	0.962909	0.961898	0.962423	0.953088	0.933337	0.887404	0.788667	0.618526	0.363999	0.0397342	-0.314084	-0.644295	-0.90022	-1.05415	-1.11109	-1.07527	-0.969291	-0.808882	-0.610614	-0.402532	-0.192552	
0.547885	0.637251	0.687434	0.713063	0.726035	0.726555	0.720662	0.699053	0.661668	0.588705	0.471227	0.289987	0.0397342	-0.257185	-0.565685	-0.84344	-1.05618	-1.16314	-1.1724	-1.09392	-0.949767	-0.758769	-0.550921	-0.341099	-0.142133	
0.185075	0.285263	0.349817	0.387788	0.408468	0.411474	0.39819	0.367626	0.314982	0.230015	0.102354	-0.0846583	-0.314084	-0.565685	-0.819147	-1.03505	-1.18381	-1.24023	-1.1958	-1.07019	-0.890526	-0.671294	-0.450122	-0.23755	-0.0482073	
-0.187591	-0.0838825	-0.0129462	0.0245058	0.0429988	0.0463658	0.0330317	0.00555765	-0.0512627	-0.142102	-0.267677	-0.442037	-0.644295	-0.84344	-1.03505	-1.18609	-1.26282	-1.25427	-1.1525	-0.98075	-0.770758	-0.539925	-0.310822	-0.10151	0.0696274	
-0.511968	-0.41767	-0.355679	-0.323478	-0.29878	-0.293373	-0.31264	-0.340978	-0.388777	-0.470166	-0.585624	-0.73219	-0.90022	-1.05618	-1.18381	-1.26282	-1.26963	-1.1958	-1.04	-0.827536	-0.595167	-0.362662	-0.138269	0.0514242	0.193524	
-0.757816	-0.679917	-0.626706	-0.589745	-0.567447	-0.566247	-0.578024	-0.610835	-0.655588	-0.723365	-0.819237	-0.932888	-1.05415	-1.16314	-1.24023	-1.25427	-1.1958	-1.06036	-0.867228	-0.632321	-0.391901	-0.167785	0.0351211	0.201761	0.317563	
-0.904067	-0.841638	-0.796572	-0.756222	-0.734592	-0.733157	-0.744437	-0.779514	-0.822667	-0.875949	-0.952295	-1.03524	-1.11109	-1.1724	-1.1958	-1.1525	-1.04	-0.867228	-0.653884	-0.41396	-0.181539	0.0290423	0.206832	0.343505	0.432126	
-0.949772	-0.895633	-0.85446	-0.820096	-0.798925	-0.794841	-0.809761	-0.839424	-0.877978	-0.926919	-0.986571	-1.03721	-1.07527	-1.09392	-1.07019	-0.98075	-0.827536	-0.632321	-0.41396	-0.179707	0.038085	0.226115	0.374285	0.473236	0.530934	
-0.896304	-0.846256	-0.806449	-0.780191	-0.762032	-0.759128	-0.771323	-0.795905	-0.827916	-0.876311	-0.923995	-0.956617	-0.969291	-0.949767	-0.890526	-0.770758	-0.595167	-0.391901	-0.181539	0.038085	0.242688	0.411937	0.531649	0.599865	0.631619	
-0.763307	-0.714988	-0.67495	-0.655487	-0.644095	-0.64223	-0.649857	-0.665721	-0.696457	-0.745075	-0.787531	-0.81364	-0.808882	-0.758769	-0.671294	-0.539925	-0.362662	-0.167785	0.0290423	0.226115	0.411937	0.56763	0.669455	0.715292	0.726242	
-0.573814	-0.525588	-0.487011	-0.466492	-0.456488	-0.454236	-0.461845	-0.476539	-0.508119	-0.555288	-0.597747	-0.623599	-0.610614	-0.550921	-0.450122	-0.310822	-0.138269	0.0351211	0.206832	0.374285	0.531649	0.669455	0.759584	0.797787	0.794406	
-0.347281	-0.299046	-0.258811	-0.232166	-0.22141	-0.220136	-0.226196	-0.245977	-0.282256	-0.326688	-0.377243	-0.412765	-0.402532	-0.341099	-0.23755	-0.10151	0.0514242	0.201761	0.343505	0.473236	0.599865	0.715292	0.797787	0.828503	0.82049	
-0.122971	-0.0723774	-0.0296212	0.00768829	0.0279769	0.0306225	0.0180724	-0.0128849	-0.0552142	-0.101549	-0.155418	-0.194815	-0.192552	-0.142133	-0.0482073	0.0696274	0.193524	0.317563	0.432126	0.530934	0.631619	0.726242	0.794406	0.82049	0.805256	
