0.51125	0.416062	0.357819	0.347706	0.358744	0.363831	0.350754	0.349727	0.386037	0.471248	0.572318	0.650787	0.668213	0.627739	0.543477	0.429163	0.281341	0.120422	-0.012674	-0.0847618	-0.0949669	-0.0514923	0.041029	0.184582	0.363728	
0.668768	0.631827	0.622267	0.638337	0.659733	0.664665	0.647822	0.626576	0.623928	0.651883	0.693978	0.717798	0.694181	0.629038	0.540758	0.440578	0.316882	0.182697	0.0667037	0.00237895	-0.00841198	0.0293066	0.108817	0.235488	0.409635	
0.796819	0.823301	0.861915	0.902859	0.930844	0.936549	0.916197	0.879338	0.83697	0.806743	0.782172	0.748971	0.684814	0.601935	0.512827	0.42439	0.32299	0.216377	0.12682	0.0750026	0.0690609	0.104929	0.178496	0.293534	0.455643	
0.872035	0.959643	1.04413	1.10945	1.14525	1.15153	1.12737	1.07364	0.994363	0.907241	0.819258	0.728417	0.628584	0.532047	0.447931	0.370089	0.286663	0.205505	0.14411	0.114076	0.117435	0.158171	0.231832	0.343645	0.496456	
0.883307	1.02362	1.15122	1.24177	1.29017	1.29693	1.26672	1.19214	1.07782	0.940048	0.7968	0.654846	0.522126	0.414641	0.33571	0.267889	0.196525	0.132455	0.0946849	0.0865984	0.107064	0.155001	0.235406	0.349843	0.501808	
0.821259	1.00484	1.16916	1.2889	1.35233	1.36236	1.32099	1.22335	1.07435	0.895817	0.709578	0.528222	0.368054	0.248741	0.172307	0.110927	0.0478463	-0.00796039	-0.032673	-0.0232819	0.0154208	0.0783689	0.167265	0.291195	0.448215	
0.69421	0.907164	1.10373	1.2507	1.33267	1.34501	1.29213	1.16914	0.989986	0.779776	0.565902	0.35945	0.180478	0.0491798	-0.031382	-0.0912745	-0.150547	-0.202898	-0.225339	-0.208433	-0.15424	-0.0730059	0.0322123	0.166717	0.33521	
0.541772	0.773734	0.992823	1.163	1.2601	1.27523	1.21174	1.0679	0.865266	0.634023	0.40599	0.189001	0.00202635	-0.139983	-0.230954	-0.299413	-0.360725	-0.416228	-0.444847	-0.435286	-0.378218	-0.28445	-0.163094	-0.0164725	0.15877	
0.394189	0.633988	0.864836	1.0476	1.15258	1.16964	1.0999	0.945477	0.729665	0.489054	0.256217	0.0408866	-0.14547	-0.292813	-0.399835	-0.485248	-0.559834	-0.623834	-0.666766	-0.674083	-0.630532	-0.536186	-0.404202	-0.24492	-0.0626187	
0.270415	0.507681	0.736374	0.916092	1.01925	1.03539	0.967867	0.815592	0.603011	0.363755	0.135723	-0.0723643	-0.249138	-0.397216	-0.517507	-0.626645	-0.721804	-0.803775	-0.864212	-0.894979	-0.873467	-0.793668	-0.660331	-0.491621	-0.298956	
0.187069	0.410595	0.619659	0.780232	0.868812	0.883106	0.82466	0.691368	0.498184	0.275724	0.0593401	-0.13508	-0.29905	-0.439247	-0.568001	-0.696154	-0.817008	-0.921569	-1.00599	-1.06055	-1.06629	-1.00946	-0.890204	-0.721369	-0.522902	
0.153975	0.351151	0.526077	0.651828	0.717165	0.727227	0.685029	0.583325	0.425854	0.233386	0.037517	-0.140985	-0.290158	-0.420653	-0.550122	-0.692332	-0.835373	-0.968715	-1.08251	-1.16702	-1.20127	-1.17348	-1.07838	-0.925119	-0.729411	
0.16223	0.323264	0.451754	0.533762	0.570238	0.575154	0.553009	0.490377	0.380156	0.228614	0.0622487	-0.0968299	-0.231327	-0.351759	-0.478874	-0.626424	-0.786124	-0.945341	-1.09439	-1.21384	-1.28154	-1.28399	-1.21826	-1.09024	-0.911204	
0.19907	0.315267	0.392159	0.427816	0.434563	0.435095	0.432054	0.41144	0.351229	0.249555	0.119108	-0.0131618	-0.13211	-0.241833	-0.365072	-0.511905	-0.677946	-0.855899	-1.03607	-1.19427	-1.299	-1.33422	-1.29807	-1.19826	-1.04442	
0.261156	0.329509	0.355689	0.348471	0.330023	0.325562	0.340622	0.355691	0.345361	0.292709	0.206598	0.105958	0.0102701	-0.088071	-0.20477	-0.347872	-0.512626	-0.698387	-0.901958	-1.09514	-1.2412	-1.31441	-1.31114	-1.24184	-1.11686	
0.330039	0.351962	0.334389	0.293518	0.255353	0.248558	0.275314	0.320083	0.348913	0.343996	0.300886	0.241349	0.174008	0.0961284	-0.0119464	-0.14681	-0.30564	-0.489952	-0.703936	-0.922895	-1.10559	-1.22007	-1.25481	-1.21804	-1.12414	
0.380448	0.363586	0.313357	0.249553	0.199972	0.190903	0.225817	0.288106	0.346888	0.377719	0.377013	0.357945	0.329421	0.277787	0.188441	0.0645149	-0.0836301	-0.260884	-0.474998	-0.705298	-0.914587	-1.06481	-1.13926	-1.13908	-1.07556	
0.387192	0.341847	0.272	0.196533	0.142135	0.132709	0.16999	0.24144	0.315842	0.372567	0.403304	0.42498	0.435797	0.421772	0.358206	0.255505	0.121333	-0.0440328	-0.250936	-0.481571	-0.701583	-0.87662	-0.984165	-1.02034	-0.990283	
0.338977	0.278776	0.201053	0.123956	0.0701436	0.061216	0.0974742	0.169241	0.248858	0.317034	0.369377	0.421155	0.471457	0.495808	0.469219	0.394445	0.283162	0.132785	-0.0627516	-0.285671	-0.505692	-0.688876	-0.81738	-0.881617	-0.881736	
0.251848	0.18727	0.11229	0.0393932	-0.00946976	-0.0179299	0.0154226	0.0819513	0.158074	0.227445	0.288225	0.360663	0.44074	0.504204	0.516517	0.480735	0.399302	0.271949	0.091418	-0.120957	-0.333419	-0.51625	-0.650859	-0.732704	-0.756982	
0.152399	0.0939173	0.0267487	-0.0368377	-0.0802589	-0.0868508	-0.0585232	0.000586761	0.0674532	0.129958	0.18911	0.269018	0.36907	0.461808	0.513437	0.518022	0.476046	0.37807	0.218894	0.0201654	-0.184334	-0.36089	-0.495785	-0.582745	-0.622037	
0.0604354	0.0125666	-0.0418274	-0.0962215	-0.132184	-0.138441	-0.113893	-0.0644298	-0.00838713	0.0417481	0.091399	0.168204	0.274323	0.38583	0.466229	0.510238	0.507972	0.447163	0.315234	0.134623	-0.0591549	-0.230954	-0.361158	-0.448402	-0.490786	
-0.0280537	-0.0606148	-0.102979	-0.146576	-0.177261	-0.181571	-0.162092	-0.120472	-0.0768772	-0.0403242	-0.00529219	0.06013	0.161732	0.277843	0.376831	0.449846	0.486655	0.46467	0.369008	0.21562	0.0394853	-0.120401	-0.24386	-0.322408	-0.358843	
-0.0986227	-0.117626	-0.147402	-0.183345	-0.208027	-0.212289	-0.195485	-0.161872	-0.128077	-0.105452	-0.0856022	-0.0356596	0.0534979	0.16478	0.26882	0.361496	0.427778	0.44464	0.388557	0.272069	0.125085	-0.014881	-0.122347	-0.189264	-0.211193	
-0.134771	-0.140758	-0.162029	-0.190763	-0.21234	-0.215248	-0.201679	-0.172938	-0.147727	-0.13577	-0.129997	-0.0957453	-0.0217725	0.0772447	0.178183	0.277472	0.364582	0.411533	0.395143	0.319883	0.211312	0.103628	0.0194546	-0.0276489	-0.034788	
-0.13538	-0.132733	-0.146605	-0.171515	-0.189833	-0.192862	-0.180562	-0.156064	-0.136222	-0.132797	-0.138107	-0.117829	-0.0598222	0.0246198	0.114395	0.212027	0.306476	0.374382	0.388952	0.354012	0.288559	0.221554	0.17344	0.153063	0.167737	
-0.132733	-0.122844	-0.132848	-0.154377	-0.171407	-0.173797	-0.162934	-0.140664	-0.124688	-0.126871	-0.140271	-0.131308	-0.0865639	-0.017398	0.0601095	0.148816	0.243945	0.321509	0.359819	0.359504	0.33805	0.31934	0.317144	0.337788	0.38191	
-0.146605	-0.132848	-0.139473	-0.15953	-0.175164	-0.177563	-0.167331	-0.146673	-0.133151	-0.13897	-0.158331	-0.157282	-0.123838	-0.0667535	-0.00253313	0.0766946	0.165954	0.247475	0.299895	0.32753	0.345667	0.375316	0.425789	0.494926	0.579732	
-0.171515	-0.154377	-0.15953	-0.178191	-0.193217	-0.195501	-0.185638	-0.16617	-0.153877	-0.16246	-0.185117	-0.190222	-0.163842	-0.116909	-0.0620806	0.0069962	0.0904025	0.17015	0.230505	0.275995	0.323776	0.393093	0.488775	0.604123	0.727307	
-0.189833	-0.171407	-0.175164	-0.193217	-0.207838	-0.209896	-0.200599	-0.181387	-0.170504	-0.180023	-0.205562	-0.213387	-0.192399	-0.150598	-0.103067	-0.0398172	0.0376017	0.115306	0.177581	0.232078	0.296102	0.388633	0.512957	0.657657	0.807572	
-0.192862	-0.173797	-0.177563	-0.195501	-0.209896	-0.212254	-0.202561	-0.183992	-0.172602	-0.183065	-0.208168	-0.217353	-0.196298	-0.156281	-0.109118	-0.0476933	0.0292241	0.105933	0.168598	0.224261	0.290756	0.38717	0.516032	0.665908	0.820053	
-0.180562	-0.162934	-0.167331	-0.185638	-0.200599	-0.202561	-0.193262	-0.173586	-0.16239	-0.17103	-0.195566	-0.201608	-0.178336	-0.133549	-0.0825909	-0.01607	0.0643429	0.143349	0.204935	0.255097	0.311207	0.392066	0.501966	0.631696	0.767897	
-0.156064	-0.140664	-0.146673	-0.16617	-0.181387	-0.183992	-0.173586	-0.153849	-0.140421	-0.147953	-0.168267	-0.170475	-0.139696	-0.0874751	-0.0269153	0.047776	0.134884	0.21599	0.272388	0.308406	0.339713	0.386768	0.456654	0.545276	0.646005	
-0.136222	-0.124688	-0.133151	-0.153877	-0.170504	-0.172602	-0.16239	-0.140421	-0.12605	-0.129403	-0.14596	-0.140083	-0.100685	-0.0363624	0.0354646	0.120532	0.213671	0.29342	0.338633	0.350435	0.345914	0.347011	0.365938	0.405637	0.465247	
-0.132797	-0.126871	-0.13897	-0.16246	-0.180023	-0.183065	-0.17103	-0.147953	-0.129403	-0.128964	-0.13734	-0.122406	-0.069634	0.00827122	0.0935406	0.187988	0.283431	0.35632	0.381303	0.361098	0.313168	0.264783	0.233779	0.227995	0.252995	
-0.138107	-0.140271	-0.158331	-0.185117	-0.205562	-0.208168	-0.195566	-0.168267	-0.14596	-0.13734	-0.136772	-0.108126	-0.040952	0.0525197	0.149662	0.2491	0.340634	0.396928	0.394449	0.335551	0.244115	0.151686	0.0805285	0.0430908	0.04367	
-0.117829	-0.131308	-0.157282	-0.190222	-0.213387	-0.217353	-0.201608	-0.170475	-0.140083	-0.122406	-0.108126	-0.0648103	0.0186215	0.125592	0.229477	0.326327	0.40204	0.432313	0.392485	0.292459	0.159786	0.0312128	-0.067994	-0.128148	-0.144373	
-0.0598222	-0.0865639	-0.123838	-0.163842	-0.192399	-0.196298	-0.178336	-0.139696	-0.100685	-0.069634	-0.040952	0.0186215	0.115845	0.23093	0.333668	0.415549	0.465651	0.45919	0.379628	0.239854	0.074123	-0.0789747	-0.197117	-0.271133	-0.302417	
0.0246198	-0.017398	-0.0667535	-0.116909	-0.150598	-0.156281	-0.133549	-0.0874751	-0.0363624	0.00827122	0.0525197	0.125592	0.23093	0.346015	0.435168	0.492376	0.505873	0.460615	0.342182	0.171217	-0.0167072	-0.185156	-0.312962	-0.397881	-0.438927	
0.114395	0.0601095	-0.00253313	-0.0620806	-0.103067	-0.109118	-0.0825909	-0.0269153	0.0354646	0.0935406	0.149662	0.229477	0.333668	0.435168	0.500142	0.52075	0.49501	0.410779	0.261921	0.0696494	-0.131189	-0.305743	-0.439302	-0.526644	-0.568798	
0.212027	0.148816	0.0766946	0.0069962	-0.0398172	-0.0476933	-0.01607	0.047776	0.120532	0.187988	0.2491	0.326327	0.415549	0.492376	0.52075	0.501426	0.434722	0.318199	0.145622	-0.0618503	-0.270774	-0.451851	-0.586563	-0.671946	-0.703487	
0.306476	0.243945	0.165954	0.0904025	0.0376017	0.0292241	0.0643429	0.134884	0.213671	0.283431	0.340634	0.40204	0.465651	0.505873	0.49501	0.434722	0.334358	0.192099	0.00203124	-0.216502	-0.434233	-0.617679	-0.750256	-0.822591	-0.83348	
0.374382	0.321509	0.247475	0.17015	0.115306	0.105933	0.143349	0.21599	0.29342	0.35632	0.396928	0.432313	0.45919	0.460615	0.410779	0.318199	0.192099	0.03168	-0.170596	-0.399234	-0.619803	-0.800596	-0.91789	-0.966919	-0.94959	
0.388952	0.359819	0.299895	0.230505	0.177581	0.168598	0.204935	0.272388	0.338633	0.381303	0.394449	0.392485	0.379628	0.342182	0.261921	0.145622	0.00203124	-0.170596	-0.382794	-0.613692	-0.82945	-0.991109	-1.08025	-1.09495	-1.04464	
0.354012	0.359504	0.32753	0.275995	0.232078	0.224261	0.255097	0.308406	0.350435	0.361098	0.335551	0.292459	0.239854	0.171217	0.0696494	-0.0618503	-0.216502	-0.399234	-0.613692	-0.83934	-1.03383	-1.16431	-1.215	-1.19252	-1.11073	
0.288559	0.33805	0.345667	0.323776	0.296102	0.290756	0.311207	0.339713	0.345914	0.313168	0.244115	0.159786	0.074123	-0.0167072	-0.131189	-0.270774	-0.434233	-0.619803	-0.82945	-1.03383	-1.19566	-1.28542	-1.29664	-1.23994	-1.12686	
0.221554	0.31934	0.375316	0.393093	0.388633	0.38717	0.392066	0.386768	0.347011	0.264783	0.151686	0.0312128	-0.0789747	-0.185156	-0.305743	-0.451851	-0.617679	-0.800596	-0.991109	-1.16431	-1.28542	-1.3354	-1.31204	-1.2239	-1.08158	
0.17344	0.317144	0.425789	0.488775	0.512957	0.516032	0.501966	0.456654	0.365938	0.233779	0.0805285	-0.067994	-0.197117	-0.312962	-0.439302	-0.586563	-0.750256	-0.91789	-1.08025	-1.215	-1.29664	-1.31204	-1.25752	-1.14079	-0.970641	
0.153063	0.337788	0.494926	0.604123	0.657657	0.665908	0.631696	0.545276	0.405637	0.227995	0.0430908	-0.128148	-0.271133	-0.397881	-0.526644	-0.671946	-0.822591	-0.966919	-1.09495	-1.19252	-1.23994	-1.2239	-1.14079	-0.996708	-0.806553	
0.167737	0.38191	0.579732	0.727307	0.807572	0.820053	0.767897	0.646005	0.465247	0.252995	0.04367	-0.144373	-0.302417	-0.438927	-0.568798	-0.703487	-0.83348	-0.94959	-1.04464	-1.11073	-1.12686	-1.08158	-0.970641	-0.806553	-0.607419	
