-0.31859	-0.360475	-0.391721	-0.41285	-0.424274	-0.42622	-0.418726	-0.401627	-0.374571	-0.337057	-0.288505	-0.228307	-0.155968	-0.071182	0.0260694	0.135324	0.255656	0.385499	0.522376	0.663035	0.803038	0.936172	1.05482	1.15123	1.21909	
-0.594951	-0.627755	-0.651532	-0.667247	-0.675607	-0.676985	-0.671488	-0.658817	-0.638439	-0.60944	-0.570763	-0.521136	-0.459281	-0.384083	-0.294653	-0.190602	-0.072278	0.0595014	0.20288	0.355108	0.513241	0.673439	0.829906	0.974674	1.09828	
-0.784073	-0.802416	-0.814763	-0.822447	-0.826318	-0.826885	-0.824259	-0.81809	-0.807707	-0.791968	-0.769386	-0.73818	-0.696225	-0.641339	-0.571503	-0.484716	-0.379988	-0.257046	-0.116349	0.039436	0.206419	0.380752	0.558137	0.733127	0.89849	
-0.860726	-0.863025	-0.863187	-0.862506	-0.861794	-0.861652	-0.862003	-0.862714	-0.862873	-0.861596	-0.857126	-0.847657	-0.830783	-0.803588	-0.763265	-0.706704	-0.630706	-0.533676	-0.413694	-0.270089	-0.105615	0.0750081	0.266062	0.46099	0.652962	
-0.837201	-0.824899	-0.8143	-0.806282	-0.801725	-0.801029	-0.804049	-0.810836	-0.820415	-0.832137	-0.844446	-0.855452	-0.862963	-0.864024	-0.854876	-0.832555	-0.79232	-0.730787	-0.64607	-0.534645	-0.394704	-0.227773	-0.03779	0.168359	0.381465	
-0.729267	-0.705707	-0.686973	-0.673706	-0.666554	-0.665272	-0.670363	-0.681167	-0.69801	-0.719573	-0.745736	-0.774476	-0.803928	-0.831928	-0.854188	-0.866742	-0.865474	-0.843326	-0.79721	-0.72456	-0.621759	-0.487253	-0.321501	-0.126859	0.0900709	
-0.569065	-0.541794	-0.520769	-0.506689	-0.499039	-0.49753	-0.502976	-0.514131	-0.532746	-0.557394	-0.589044	-0.627003	-0.670027	-0.716423	-0.764648	-0.808639	-0.845731	-0.868585	-0.868573	-0.840786	-0.780715	-0.684931	-0.55346	-0.38706	-0.188707	
-0.414857	-0.391348	-0.374428	-0.363393	-0.357198	-0.356388	-0.359989	-0.369216	-0.38328	-0.404465	-0.431674	-0.467092	-0.510977	-0.561553	-0.619747	-0.682281	-0.744095	-0.802332	-0.84763	-0.870891	-0.863796	-0.818835	-0.730944	-0.601058	-0.429398	
-0.302942	-0.288359	-0.279213	-0.272862	-0.269871	-0.269768	-0.271026	-0.276857	-0.283728	-0.2967	-0.313793	-0.337926	-0.370682	-0.414348	-0.466761	-0.53197	-0.604131	-0.680818	-0.754814	-0.818165	-0.859582	-0.870502	-0.839223	-0.76056	-0.632717	
-0.253177	-0.24961	-0.247338	-0.246206	-0.246134	-0.245749	-0.246423	-0.246886	-0.249146	-0.251514	-0.257636	-0.267136	-0.281135	-0.306048	-0.341024	-0.38995	-0.454458	-0.534227	-0.623227	-0.712969	-0.792347	-0.847746	-0.871193	-0.846188	-0.774785	
-0.255812	-0.256233	-0.255898	-0.257289	-0.256386	-0.256632	-0.257186	-0.255505	-0.257074	-0.255073	-0.255552	-0.255806	-0.258381	-0.262207	-0.276245	-0.299218	-0.338094	-0.394687	-0.476238	-0.571547	-0.677359	-0.770289	-0.841392	-0.872352	-0.847237	
-0.261181	-0.258754	-0.256903	-0.255307	-0.253581	-0.254221	-0.25433	-0.256177	-0.257727	-0.260494	-0.262084	-0.262477	-0.265006	-0.263085	-0.263812	-0.267149	-0.282745	-0.308449	-0.359886	-0.436212	-0.536117	-0.651114	-0.753238	-0.839452	-0.872739	
-0.242461	-0.237445	-0.233091	-0.227184	-0.228049	-0.225611	-0.22755	-0.231481	-0.233865	-0.242074	-0.2477	-0.25568	-0.261701	-0.268911	-0.270696	-0.270649	-0.268806	-0.275161	-0.290833	-0.339675	-0.412365	-0.521944	-0.639357	-0.749685	-0.840192	
-0.208661	-0.200939	-0.197117	-0.193219	-0.193125	-0.191566	-0.193136	-0.195601	-0.19896	-0.204799	-0.212281	-0.223454	-0.233506	-0.249439	-0.260383	-0.274884	-0.27817	-0.27973	-0.273586	-0.28434	-0.324907	-0.402163	-0.520421	-0.644283	-0.762222	
-0.187159	-0.183366	-0.181831	-0.183109	-0.180002	-0.182502	-0.181643	-0.181637	-0.184838	-0.183905	-0.188951	-0.192675	-0.200516	-0.212235	-0.227422	-0.243606	-0.265932	-0.281147	-0.286546	-0.27772	-0.285117	-0.321926	-0.406907	-0.528534	-0.665174	
-0.187039	-0.188405	-0.18658	-0.187185	-0.185897	-0.186286	-0.186479	-0.186047	-0.187715	-0.187284	-0.188829	-0.189163	-0.190716	-0.192588	-0.202626	-0.211358	-0.230023	-0.256451	-0.280405	-0.285277	-0.278611	-0.284547	-0.333057	-0.425483	-0.555014	
-0.186387	-0.183471	-0.180009	-0.178747	-0.177013	-0.177432	-0.177875	-0.179496	-0.182169	-0.184875	-0.187561	-0.192568	-0.194085	-0.194816	-0.197764	-0.19873	-0.201903	-0.220028	-0.255617	-0.280763	-0.285725	-0.274673	-0.287138	-0.350886	-0.458771	
-0.167108	-0.166484	-0.160383	-0.161012	-0.159256	-0.158276	-0.161381	-0.159897	-0.164491	-0.168259	-0.170745	-0.178271	-0.187354	-0.189655	-0.201121	-0.207771	-0.203154	-0.196202	-0.217061	-0.255694	-0.281304	-0.282533	-0.27413	-0.299855	-0.378924	
-0.159256	-0.15588	-0.155869	-0.154549	-0.155645	-0.153458	-0.154808	-0.155879	-0.153104	-0.15893	-0.158462	-0.159379	-0.17014	-0.173041	-0.177476	-0.19869	-0.21308	-0.205227	-0.200155	-0.225037	-0.262239	-0.27867	-0.272452	-0.278592	-0.323349	
-0.163676	-0.155381	-0.160778	-0.156467	-0.156542	-0.158891	-0.154963	-0.161319	-0.157166	-0.160044	-0.164099	-0.158214	-0.164725	-0.170204	-0.165744	-0.171327	-0.198565	-0.208326	-0.200318	-0.206996	-0.238876	-0.273245	-0.273258	-0.267781	-0.288473	
-0.156413	-0.148277	-0.154943	-0.145439	-0.147341	-0.150298	-0.142855	-0.15367	-0.149014	-0.153128	-0.160625	-0.161468	-0.159643	-0.174756	-0.171191	-0.162641	-0.174768	-0.201824	-0.200588	-0.200887	-0.217854	-0.25552	-0.272026	-0.268178	-0.271429	
-0.139503	-0.144549	-0.141079	-0.139025	-0.140308	-0.140324	-0.139548	-0.139687	-0.144012	-0.141015	-0.143329	-0.157128	-0.14628	-0.16269	-0.176351	-0.174541	-0.166816	-0.186895	-0.195026	-0.196177	-0.205884	-0.241265	-0.266271	-0.264805	-0.263746	
-0.141	-0.150794	-0.139369	-0.144855	-0.144501	-0.139048	-0.148445	-0.138613	-0.147474	-0.146418	-0.14165	-0.151877	-0.148155	-0.146738	-0.156414	-0.168645	-0.168376	-0.184231	-0.193088	-0.192391	-0.196345	-0.223393	-0.259187	-0.265835	-0.260132	
-0.143125	-0.14421	-0.13623	-0.140108	-0.137652	-0.13522	-0.140978	-0.135836	-0.142089	-0.142807	-0.144249	-0.149049	-0.152755	-0.152493	-0.158148	-0.160382	-0.159244	-0.173023	-0.190467	-0.190876	-0.190959	-0.213132	-0.249387	-0.262614	-0.258817	
-0.136272	-0.135906	-0.13191	-0.133655	-0.1323	-0.131163	-0.134006	-0.131617	-0.134624	-0.136196	-0.136694	-0.14213	-0.146095	-0.14783	-0.157047	-0.163961	-0.157436	-0.167168	-0.185223	-0.19087	-0.187761	-0.200291	-0.239779	-0.261396	-0.260188	
-0.136433	-0.140136	-0.132606	-0.137214	-0.135745	-0.132522	-0.139318	-0.13221	-0.138573	-0.138045	-0.135552	-0.140195	-0.143622	-0.138247	-0.148813	-0.162933	-0.16131	-0.161106	-0.180482	-0.18732	-0.186957	-0.195563	-0.23082	-0.255733	-0.25952	
-0.140136	-0.133222	-0.13134	-0.132269	-0.130187	-0.129111	-0.131756	-0.131318	-0.131961	-0.136801	-0.139799	-0.137369	-0.150949	-0.145909	-0.146468	-0.15202	-0.156476	-0.159575	-0.178108	-0.187537	-0.185294	-0.189795	-0.223511	-0.252753	-0.25988	
-0.132606	-0.13134	-0.128851	-0.131253	-0.128417	-0.129975	-0.130165	-0.129434	-0.131532	-0.131068	-0.132628	-0.133544	-0.140026	-0.138756	-0.149295	-0.160207	-0.158491	-0.155875	-0.17287	-0.185324	-0.184416	-0.186072	-0.219433	-0.249439	-0.25851	
-0.137214	-0.132269	-0.131253	-0.131611	-0.130293	-0.129527	-0.131063	-0.131421	-0.130961	-0.135469	-0.136618	-0.134551	-0.145029	-0.140498	-0.14166	-0.152035	-0.156892	-0.155076	-0.172838	-0.184324	-0.186049	-0.185085	-0.213109	-0.246402	-0.259412	
-0.135745	-0.130187	-0.128417	-0.130293	-0.126826	-0.128416	-0.128745	-0.12904	-0.13035	-0.131917	-0.135606	-0.132842	-0.145031	-0.14062	-0.14453	-0.152738	-0.158119	-0.15502	-0.170593	-0.183693	-0.183144	-0.183583	-0.213699	-0.245541	-0.257709	
-0.132522	-0.129111	-0.129975	-0.129527	-0.128416	-0.12951	-0.128288	-0.130031	-0.129178	-0.130929	-0.132686	-0.131846	-0.138264	-0.138833	-0.14558	-0.156377	-0.15651	-0.153129	-0.170303	-0.183557	-0.185494	-0.183485	-0.211761	-0.244884	-0.258593	
-0.139318	-0.131756	-0.130165	-0.131063	-0.128745	-0.128288	-0.130593	-0.130493	-0.13108	-0.135537	-0.138244	-0.134836	-0.149194	-0.142231	-0.141014	-0.149218	-0.157615	-0.155581	-0.172752	-0.183891	-0.184492	-0.184943	-0.212606	-0.245938	-0.258892	
-0.13221	-0.131318	-0.129434	-0.131421	-0.12904	-0.130031	-0.130493	-0.129252	-0.131571	-0.131002	-0.132312	-0.132996	-0.138567	-0.137572	-0.147583	-0.159688	-0.158629	-0.15537	-0.171934	-0.184486	-0.184375	-0.184832	-0.217855	-0.248699	-0.258252	
-0.138573	-0.131961	-0.131532	-0.130961	-0.13035	-0.129178	-0.13108	-0.131571	-0.131307	-0.135522	-0.137995	-0.136633	-0.147557	-0.144728	-0.146822	-0.153809	-0.156167	-0.156674	-0.177061	-0.186499	-0.186356	-0.189911	-0.219581	-0.250342	-0.260313	
-0.138045	-0.136801	-0.131068	-0.135469	-0.131917	-0.130929	-0.135537	-0.131002	-0.135522	-0.13747	-0.13678	-0.13861	-0.147359	-0.141756	-0.147343	-0.158359	-0.159666	-0.162189	-0.179446	-0.187004	-0.185237	-0.191284	-0.228559	-0.256007	-0.259187	
-0.135552	-0.139799	-0.132628	-0.136618	-0.135606	-0.132686	-0.138244	-0.132312	-0.137995	-0.13678	-0.135879	-0.141892	-0.142942	-0.140977	-0.153196	-0.165285	-0.159723	-0.163643	-0.182332	-0.189373	-0.188371	-0.198831	-0.235896	-0.258578	-0.259872	
-0.140195	-0.137369	-0.133544	-0.134551	-0.132842	-0.131846	-0.134836	-0.132996	-0.136633	-0.13861	-0.141892	-0.14498	-0.151654	-0.154798	-0.160567	-0.159986	-0.156987	-0.169952	-0.188472	-0.192062	-0.188289	-0.208154	-0.24592	-0.261232	-0.259606	
-0.143622	-0.150949	-0.140026	-0.145029	-0.145031	-0.138264	-0.149194	-0.138567	-0.147557	-0.147359	-0.142942	-0.151654	-0.15052	-0.145673	-0.152868	-0.164553	-0.166255	-0.1801	-0.193696	-0.191171	-0.194335	-0.218249	-0.253494	-0.265964	-0.260675	
-0.138247	-0.145909	-0.138756	-0.140498	-0.14062	-0.138833	-0.142231	-0.137572	-0.144728	-0.141756	-0.140977	-0.154798	-0.145673	-0.156288	-0.170594	-0.174801	-0.167451	-0.185329	-0.192789	-0.193881	-0.20052	-0.234374	-0.266164	-0.265256	-0.260578	
-0.148813	-0.146468	-0.149295	-0.14166	-0.14453	-0.14558	-0.141014	-0.147583	-0.146822	-0.147343	-0.153196	-0.160567	-0.152868	-0.170594	-0.174826	-0.166952	-0.169123	-0.194935	-0.199296	-0.199637	-0.213526	-0.250188	-0.268561	-0.266127	-0.267817	
-0.162933	-0.15202	-0.160207	-0.152035	-0.152738	-0.156377	-0.149218	-0.159688	-0.153809	-0.158359	-0.165285	-0.159986	-0.164553	-0.174801	-0.166952	-0.163636	-0.188343	-0.207903	-0.200777	-0.203731	-0.228466	-0.266642	-0.27408	-0.267079	-0.279756	
-0.16131	-0.156476	-0.158491	-0.156892	-0.158119	-0.15651	-0.157615	-0.158629	-0.156167	-0.159666	-0.159723	-0.156987	-0.166255	-0.167451	-0.169123	-0.188343	-0.21158	-0.207526	-0.199556	-0.215892	-0.253388	-0.277546	-0.2714	-0.273376	-0.308414	
-0.161106	-0.159575	-0.155875	-0.155076	-0.15502	-0.153129	-0.155581	-0.15537	-0.156674	-0.162189	-0.163643	-0.169952	-0.1801	-0.185329	-0.194935	-0.207903	-0.207526	-0.197436	-0.206385	-0.24249	-0.274334	-0.281949	-0.274419	-0.289228	-0.352801	
-0.180482	-0.178108	-0.17287	-0.172838	-0.170593	-0.170303	-0.172752	-0.171934	-0.177061	-0.179446	-0.182332	-0.188472	-0.193696	-0.192789	-0.199296	-0.200777	-0.199556	-0.206385	-0.240299	-0.273613	-0.286619	-0.278693	-0.277811	-0.326101	-0.425008	
-0.18732	-0.187537	-0.185324	-0.184324	-0.183693	-0.183557	-0.183891	-0.184486	-0.186499	-0.187004	-0.189373	-0.192062	-0.191171	-0.193881	-0.199637	-0.203731	-0.215892	-0.24249	-0.273613	-0.285548	-0.280961	-0.276682	-0.31114	-0.393201	-0.51376	
-0.186957	-0.185294	-0.184416	-0.186049	-0.183144	-0.185494	-0.184492	-0.184375	-0.186356	-0.185237	-0.188371	-0.188289	-0.194335	-0.20052	-0.213526	-0.228466	-0.253388	-0.274334	-0.286619	-0.280961	-0.279268	-0.303246	-0.37254	-0.483289	-0.621509	
-0.195563	-0.189795	-0.186072	-0.185085	-0.183583	-0.183485	-0.184943	-0.184832	-0.189911	-0.191284	-0.198831	-0.208154	-0.218249	-0.234374	-0.250188	-0.266642	-0.277546	-0.281949	-0.278693	-0.276682	-0.303246	-0.364061	-0.471584	-0.599524	-0.72609	
-0.23082	-0.223511	-0.219433	-0.213109	-0.213699	-0.211761	-0.212606	-0.217855	-0.219581	-0.228559	-0.235896	-0.24592	-0.253494	-0.266164	-0.268561	-0.27408	-0.2714	-0.274419	-0.277811	-0.31114	-0.37254	-0.471584	-0.592979	-0.708611	-0.811909	
-0.255733	-0.252753	-0.249439	-0.246402	-0.245541	-0.244884	-0.245938	-0.248699	-0.250342	-0.256007	-0.258578	-0.261232	-0.265964	-0.265256	-0.266127	-0.267079	-0.273376	-0.289228	-0.326101	-0.393201	-0.483289	-0.599524	-0.708611	-0.807915	-0.867627	
-0.25952	-0.25988	-0.25851	-0.259412	-0.257709	-0.258593	-0.258892	-0.258252	-0.260313	-0.259187	-0.259872	-0.259606	-0.260675	-0.260578	-0.267817	-0.279756	-0.308414	-0.352801	-0.425008	-0.51376	-0.621509	-0.72609	-0.811909	-0.867627	-0.863039	
