-0.22591	-0.258287	-0.283548	-0.303457	-0.318528	-0.320802	-0.310745	-0.292071	-0.269371	-0.240512	-0.202038	-0.16198	-0.129093	-0.10907	-0.101017	-0.0997923	-0.0988307	-0.110576	-0.1194	-0.12421	-0.137043	-0.171106	-0.232457	-0.304722	-0.358322	
-0.253032	-0.294812	-0.332798	-0.363596	-0.380369	-0.382956	-0.372132	-0.345989	-0.310857	-0.27034	-0.226685	-0.178203	-0.135063	-0.0974459	-0.0694321	-0.0551203	-0.0473748	-0.0543981	-0.0626309	-0.0758548	-0.101567	-0.144577	-0.200285	-0.257146	-0.295028	
-0.236287	-0.287587	-0.337409	-0.376033	-0.396945	-0.399791	-0.386833	-0.354525	-0.308047	-0.255989	-0.207786	-0.155302	-0.104999	-0.0568802	-0.0181292	0.00264148	0.0139165	0.01165	0.00276011	-0.021186	-0.0651682	-0.121325	-0.176173	-0.221986	-0.247502	
-0.177566	-0.235132	-0.29467	-0.342212	-0.370672	-0.375155	-0.356593	-0.315207	-0.259034	-0.199532	-0.147649	-0.0989433	-0.0479534	0.0037591	0.0425353	0.0615184	0.0724682	0.0738157	0.0622866	0.0286333	-0.0239085	-0.0832306	-0.133668	-0.175879	-0.202288	
-0.102924	-0.167059	-0.232987	-0.290517	-0.32846	-0.334483	-0.309603	-0.257198	-0.19395	-0.127038	-0.0719519	-0.0262872	0.02262	0.0726316	0.111724	0.129512	0.142613	0.147368	0.131184	0.0857221	0.0278423	-0.0299575	-0.0742335	-0.109203	-0.145268	
-0.0444119	-0.108208	-0.176155	-0.241799	-0.283872	-0.291927	-0.262649	-0.203583	-0.134984	-0.0696123	-0.010333	0.03675	0.0818951	0.132038	0.172859	0.195817	0.215321	0.222605	0.201915	0.153414	0.0984261	0.0458312	0.00899091	-0.0236302	-0.0698626	
0.0077675	-0.0570575	-0.128669	-0.198406	-0.246163	-0.254027	-0.221995	-0.157478	-0.0850048	-0.0176358	0.043051	0.0935515	0.138955	0.183189	0.22626	0.261768	0.288638	0.30202	0.281005	0.233517	0.182822	0.141115	0.107189	0.0753831	0.0254798	
0.0550602	-0.00927457	-0.0845314	-0.159214	-0.206326	-0.213234	-0.182819	-0.115392	-0.03809	0.0298786	0.0931161	0.149448	0.189066	0.228271	0.2731	0.316349	0.354965	0.378735	0.367624	0.330671	0.287888	0.251155	0.218778	0.182299	0.128339	
0.0931173	0.0283383	-0.0434249	-0.112616	-0.15598	-0.163797	-0.133656	-0.0728638	0.000536407	0.0674657	0.130963	0.187913	0.226529	0.262901	0.309051	0.362849	0.417145	0.455258	0.465391	0.448775	0.415091	0.379211	0.344194	0.300635	0.244036	
0.119316	0.0639462	0.00783422	-0.0429977	-0.0798744	-0.0864186	-0.0605355	-0.0134809	0.0411189	0.0972499	0.152509	0.20621	0.249581	0.290731	0.339924	0.407412	0.483328	0.547258	0.582405	0.589116	0.567063	0.530904	0.484797	0.431343	0.365903	
0.147185	0.114666	0.0883492	0.0630257	0.0416593	0.0375898	0.0529728	0.07862	0.103697	0.133471	0.169357	0.209604	0.254369	0.303684	0.360013	0.438461	0.542725	0.63903	0.701051	0.730353	0.723266	0.689399	0.636559	0.567983	0.481227	
0.191515	0.189543	0.196684	0.202931	0.202847	0.202134	0.203505	0.199944	0.192043	0.189586	0.195753	0.213378	0.253111	0.305829	0.371111	0.464887	0.586006	0.703651	0.790953	0.837962	0.848674	0.826764	0.777696	0.69663	0.585201	
0.244274	0.27836	0.319552	0.35367	0.378801	0.383169	0.365493	0.334226	0.295256	0.255988	0.232237	0.229255	0.256284	0.306849	0.378355	0.483686	0.606768	0.729863	0.827845	0.889618	0.917834	0.913436	0.875549	0.794054	0.669133	
0.303266	0.371931	0.44733	0.508866	0.55272	0.562609	0.528729	0.474208	0.402583	0.328462	0.274771	0.252524	0.264786	0.301796	0.36782	0.469321	0.587566	0.708436	0.808691	0.883443	0.928461	0.944478	0.9243	0.854974	0.730444	
0.366957	0.465747	0.570803	0.658727	0.71753	0.728413	0.686756	0.608162	0.508711	0.403643	0.324008	0.282156	0.273043	0.291808	0.339557	0.424748	0.529739	0.646276	0.749963	0.829747	0.893869	0.932204	0.933719	0.880429	0.769388	
0.434912	0.55456	0.681684	0.78853	0.857068	0.868752	0.821471	0.72861	0.606365	0.479563	0.378493	0.310805	0.273726	0.273583	0.30351	0.365483	0.455407	0.564037	0.664887	0.753264	0.831079	0.889762	0.911681	0.877257	0.7836	
0.496667	0.626343	0.762696	0.87892	0.94456	0.956044	0.911264	0.814068	0.681274	0.546089	0.428284	0.340327	0.283287	0.260027	0.269677	0.30668	0.374763	0.469454	0.568872	0.665494	0.752448	0.824405	0.857267	0.838158	0.761242	
0.539383	0.677209	0.812631	0.920073	0.976544	0.986074	0.94913	0.860338	0.732732	0.593144	0.465822	0.368214	0.296959	0.251154	0.233689	0.246012	0.294276	0.373202	0.469309	0.56821	0.659236	0.731038	0.770264	0.761424	0.701935	
0.556593	0.689253	0.816087	0.911712	0.961344	0.96977	0.937169	0.859094	0.741724	0.609346	0.483015	0.384505	0.314064	0.252588	0.212157	0.206187	0.234704	0.291331	0.375384	0.464143	0.545416	0.61631	0.654145	0.649227	0.608877	
0.548426	0.65947	0.7655	0.849853	0.89362	0.902335	0.871557	0.803637	0.703008	0.593742	0.481439	0.38865	0.32476	0.264518	0.216801	0.196988	0.203642	0.238685	0.30111	0.371669	0.438844	0.498922	0.529126	0.523052	0.491163	
0.516386	0.595003	0.671649	0.732889	0.760921	0.765858	0.747306	0.699862	0.625865	0.549333	0.462099	0.375829	0.317728	0.269956	0.229728	0.209694	0.202926	0.219392	0.263484	0.307379	0.351857	0.39367	0.415114	0.411149	0.39426	
0.442736	0.48862	0.535207	0.565478	0.573182	0.574661	0.569949	0.551083	0.506711	0.46184	0.409602	0.349438	0.308927	0.281503	0.25864	0.246862	0.234764	0.233852	0.252017	0.272091	0.296394	0.318542	0.330039	0.331408	0.32623	
0.340042	0.350682	0.358748	0.357867	0.350113	0.349552	0.354307	0.360202	0.353565	0.345673	0.328934	0.310709	0.305019	0.300356	0.297076	0.301571	0.293948	0.28016	0.272024	0.269118	0.274355	0.277952	0.274916	0.274393	0.27377	
0.216416	0.188105	0.152598	0.121374	0.107405	0.107272	0.113115	0.138948	0.174478	0.206448	0.2293	0.257202	0.294089	0.322132	0.341367	0.357919	0.359067	0.344702	0.32319	0.29961	0.281896	0.262431	0.242195	0.229693	0.226227	
0.0743987	0.0028326	-0.0683859	-0.125261	-0.151013	-0.154078	-0.139959	-0.0936728	-0.0262483	0.0452644	0.12114	0.20548	0.288866	0.362136	0.412144	0.436885	0.442237	0.431746	0.403828	0.364826	0.320781	0.277361	0.240844	0.211473	0.189819	
-0.0647606	-0.187492	-0.290521	-0.373994	-0.429783	-0.439835	-0.40066	-0.326497	-0.230815	-0.11694	0.0174856	0.161165	0.293068	0.404191	0.492259	0.539431	0.555792	0.549697	0.516323	0.461482	0.393693	0.328168	0.267348	0.211898	0.162902	
-0.187492	-0.35461	-0.499682	-0.619637	-0.698261	-0.712523	-0.657601	-0.551203	-0.414833	-0.257846	-0.0747963	0.116938	0.287989	0.436694	0.557641	0.638115	0.681462	0.687496	0.650203	0.585464	0.50221	0.409497	0.31581	0.224485	0.141654	
-0.290521	-0.499682	-0.691032	-0.841375	-0.924627	-0.938699	-0.883727	-0.757789	-0.579062	-0.376366	-0.158204	0.0652647	0.279104	0.469283	0.621695	0.732755	0.802052	0.820302	0.786692	0.718352	0.617792	0.497297	0.370707	0.24448	0.128901	
-0.373994	-0.619637	-0.841375	-1.00782	-1.09848	-1.11381	-1.05321	-0.916468	-0.712445	-0.473473	-0.225202	0.023359	0.265622	0.486511	0.670678	0.81024	0.893548	0.923176	0.900796	0.830145	0.714805	0.56978	0.415562	0.26263	0.116794	
-0.429783	-0.698261	-0.924627	-1.09848	-1.20331	-1.22188	-1.14967	-1.00114	-0.794706	-0.540561	-0.26134	0.00665536	0.254575	0.487356	0.690774	0.849318	0.941073	0.976068	0.963434	0.899158	0.778305	0.619598	0.449389	0.27273	0.102939	
-0.439835	-0.712523	-0.938699	-1.11381	-1.22188	-1.24224	-1.16642	-1.01528	-0.80923	-0.55304	-0.266707	0.00607984	0.254089	0.487939	0.694314	0.856626	0.949805	0.984625	0.974846	0.910826	0.789368	0.630053	0.456401	0.273589	0.0999614	
-0.40066	-0.657601	-0.883727	-1.05321	-1.14967	-1.16642	-1.10104	-0.959456	-0.752835	-0.505286	-0.243981	0.0130058	0.260087	0.487509	0.681343	0.829636	0.917476	0.950694	0.932001	0.863688	0.745009	0.592916	0.431156	0.267852	0.110446	
-0.326497	-0.551203	-0.757789	-0.916468	-1.00114	-1.01528	-0.959456	-0.829204	-0.636843	-0.417924	-0.187598	0.0469011	0.274164	0.479386	0.645105	0.767525	0.843507	0.866112	0.83737	0.767315	0.659781	0.528432	0.390148	0.25242	0.124783	
-0.230815	-0.414833	-0.579062	-0.712445	-0.794706	-0.80923	-0.752835	-0.636843	-0.48299	-0.307487	-0.10897	0.0963267	0.284654	0.449496	0.583192	0.676543	0.73145	0.742236	0.70514	0.639482	0.549397	0.444993	0.338198	0.232366	0.136077	
-0.11694	-0.257846	-0.376366	-0.473473	-0.540561	-0.55304	-0.505286	-0.417924	-0.307487	-0.176565	-0.0210743	0.144364	0.292555	0.41824	0.519713	0.580206	0.606047	0.603877	0.567752	0.508227	0.43382	0.358473	0.284645	0.215922	0.15343	
0.0174856	-0.0747963	-0.158204	-0.225202	-0.26134	-0.266707	-0.243981	-0.187598	-0.10897	-0.0210743	0.0786416	0.186946	0.290618	0.380123	0.445223	0.476454	0.484589	0.4753	0.445249	0.399473	0.345791	0.293334	0.248246	0.209423	0.17833	
0.161165	0.116938	0.0652647	0.023359	0.00665536	0.00607984	0.0130058	0.0469011	0.0963267	0.144364	0.186946	0.235736	0.290072	0.336071	0.365946	0.385704	0.388264	0.37621	0.352055	0.322641	0.293822	0.264217	0.237098	0.219175	0.21001	
0.293068	0.287989	0.279104	0.265622	0.254575	0.254089	0.260087	0.274164	0.284654	0.292555	0.290618	0.290072	0.301529	0.307557	0.313552	0.323958	0.319656	0.303711	0.288656	0.276336	0.273398	0.268807	0.258667	0.254025	0.253906	
0.404191	0.436694	0.469283	0.486511	0.487356	0.487939	0.487509	0.479386	0.449496	0.41824	0.380123	0.336071	0.307557	0.289111	0.273264	0.26766	0.256953	0.249691	0.256436	0.267045	0.284552	0.298939	0.305084	0.30704	0.304274	
0.492259	0.557641	0.621695	0.670678	0.690774	0.694314	0.681343	0.645105	0.583192	0.519713	0.445223	0.365946	0.313552	0.273264	0.239194	0.221309	0.211801	0.221327	0.255693	0.289649	0.325088	0.358812	0.376731	0.375141	0.364351	
0.539431	0.638115	0.732755	0.81024	0.849318	0.856626	0.829636	0.767525	0.676543	0.580206	0.476454	0.385704	0.323958	0.26766	0.221309	0.199362	0.199187	0.226373	0.282089	0.342195	0.401298	0.45495	0.481594	0.475303	0.448691	
0.555792	0.681462	0.802052	0.893548	0.941073	0.949805	0.917476	0.843507	0.73145	0.606047	0.484589	0.388264	0.319656	0.256953	0.211801	0.199187	0.219296	0.266906	0.341594	0.424077	0.500512	0.568321	0.603621	0.598258	0.561993	
0.549697	0.687496	0.820302	0.923176	0.976068	0.984625	0.950694	0.866112	0.742236	0.603877	0.4753	0.37621	0.303711	0.249691	0.221327	0.226373	0.266906	0.337348	0.430582	0.526885	0.615342	0.687328	0.726829	0.719712	0.669018	
0.516323	0.650203	0.786692	0.900796	0.963434	0.974846	0.932001	0.83737	0.70514	0.567752	0.445249	0.352055	0.288656	0.256436	0.255693	0.282089	0.341594	0.430582	0.528458	0.628075	0.717693	0.789972	0.825975	0.812815	0.741873	
0.461482	0.585464	0.718352	0.830145	0.899158	0.910826	0.863688	0.767315	0.639482	0.508227	0.399473	0.322641	0.276336	0.267045	0.289649	0.342195	0.424077	0.526885	0.628075	0.719217	0.800955	0.866463	0.893921	0.865916	0.779395	
0.393693	0.50221	0.617792	0.714805	0.778305	0.789368	0.745009	0.659781	0.549397	0.43382	0.345791	0.293822	0.273398	0.284552	0.325088	0.401298	0.500512	0.615342	0.717693	0.800955	0.871751	0.918424	0.928777	0.88319	0.778648	
0.328168	0.409497	0.497297	0.56978	0.619598	0.630053	0.592916	0.528432	0.444993	0.358473	0.293334	0.264217	0.268807	0.298939	0.358812	0.45495	0.568321	0.687328	0.789972	0.866463	0.918424	0.943754	0.931725	0.868697	0.749005	
0.267348	0.31581	0.370707	0.415562	0.449389	0.456401	0.431156	0.390148	0.338198	0.284645	0.248246	0.237098	0.258667	0.305084	0.376731	0.481594	0.603621	0.726829	0.825975	0.893921	0.928777	0.931725	0.900797	0.823323	0.696547	
0.211898	0.224485	0.24448	0.26263	0.27273	0.273589	0.267852	0.25242	0.232366	0.215922	0.209423	0.219175	0.254025	0.30704	0.375141	0.475303	0.598258	0.719712	0.812815	0.865916	0.88319	0.868697	0.823323	0.739922	0.62091	
0.162902	0.141654	0.128901	0.116794	0.102939	0.0999614	0.110446	0.124783	0.136077	0.15343	0.17833	0.21001	0.253906	0.304274	0.364351	0.448691	0.561993	0.669018	0.741873	0.779395	0.778648	0.749005	0.696547	0.62091	0.524825	
