-1.08748	-1.08379	-1.01669	-0.894366	-0.732338	-0.552214	-0.37132	-0.188719	-0.0077718	0.178114	0.359169	0.534011	0.697714	0.830526	0.939221	1.02793	1.08917	1.12979	1.14881	1.15222	1.14179	1.09971	1.00444	0.858405	0.681562	
-1.08379	-1.10607	-1.05745	-0.946794	-0.79401	-0.623607	-0.44802	-0.268021	-0.0856188	0.103823	0.280167	0.43678	0.573262	0.684484	0.777285	0.853003	0.903656	0.932455	0.942174	0.941277	0.929046	0.891501	0.803949	0.666535	0.49707	
-1.01669	-1.05745	-1.03584	-0.944123	-0.812096	-0.656143	-0.497891	-0.336842	-0.154895	0.0319404	0.199454	0.333155	0.440313	0.52757	0.597327	0.646382	0.680757	0.701879	0.713802	0.713876	0.700864	0.660005	0.573057	0.446897	0.296805	
-0.894366	-0.946794	-0.944123	-0.880108	-0.778053	-0.653164	-0.51849	-0.369644	-0.201318	-0.0287885	0.129277	0.250592	0.333351	0.399778	0.43965	0.456873	0.470685	0.49181	0.512884	0.512777	0.485272	0.425882	0.339614	0.229087	0.103608	
-0.732338	-0.79401	-0.812096	-0.778053	-0.708174	-0.613915	-0.495192	-0.353531	-0.201737	-0.0484763	0.0997603	0.216543	0.288897	0.332352	0.342562	0.332894	0.329818	0.345481	0.357738	0.34376	0.299319	0.227966	0.145929	0.0507302	-0.0567107	
-0.552214	-0.623607	-0.656143	-0.653164	-0.613915	-0.538331	-0.426779	-0.293085	-0.154567	-0.0116459	0.131282	0.2451	0.306193	0.332011	0.324852	0.295262	0.275105	0.270674	0.260452	0.226792	0.169579	0.0920994	0.0134787	-0.075097	-0.166181	
-0.37132	-0.44802	-0.497891	-0.51849	-0.495192	-0.426779	-0.324042	-0.194313	-0.0539414	0.0866468	0.222505	0.328589	0.385053	0.399623	0.381967	0.339981	0.303745	0.272893	0.236095	0.17958	0.10068	0.0100344	-0.071435	-0.151508	-0.224284	
-0.188719	-0.268021	-0.336842	-0.369644	-0.353531	-0.293085	-0.194313	-0.0600103	0.092651	0.235218	0.36219	0.46582	0.523787	0.528858	0.497819	0.447729	0.39486	0.338967	0.272367	0.189064	0.0850765	-0.0226914	-0.112776	-0.188517	-0.251077	
-0.0077718	-0.0856188	-0.154895	-0.201318	-0.201737	-0.154567	-0.0539414	0.092651	0.256678	0.406492	0.531248	0.634963	0.694202	0.698979	0.66381	0.602152	0.524157	0.436637	0.33954	0.232262	0.107414	-0.0120427	-0.111748	-0.188592	-0.246336	
0.178114	0.103823	0.0319404	-0.0287885	-0.0484763	-0.0116459	0.0866468	0.235218	0.406492	0.558898	0.692396	0.798707	0.85877	0.867812	0.833719	0.763981	0.667621	0.551433	0.428497	0.301146	0.156435	0.0234171	-0.0847681	-0.158263	-0.211099	
0.359169	0.280167	0.199454	0.129277	0.0997603	0.131282	0.222505	0.36219	0.531248	0.692396	0.833348	0.946778	1.0142	1.0301	0.995165	0.915354	0.80284	0.674529	0.532501	0.37799	0.211168	0.0583796	-0.0506586	-0.116269	-0.166704	
0.534011	0.43678	0.333155	0.250592	0.216543	0.2451	0.328589	0.46582	0.634963	0.798707	0.946778	1.06957	1.15075	1.17474	1.13858	1.04543	0.917029	0.775224	0.616492	0.44122	0.256847	0.0932586	-0.0173871	-0.0880312	-0.138721	
0.697714	0.573262	0.440313	0.333351	0.288897	0.306193	0.385053	0.523787	0.694202	0.85877	1.0142	1.15075	1.24617	1.27991	1.24828	1.1526	1.00858	0.844604	0.666166	0.472735	0.28414	0.12287	0.00197279	-0.0786461	-0.141005	
0.830526	0.684484	0.52757	0.399778	0.332352	0.332011	0.399623	0.528858	0.698979	0.867812	1.0301	1.17474	1.27991	1.3354	1.31693	1.22401	1.0725	0.89008	0.693843	0.482611	0.287499	0.128123	0.0022678	-0.0919138	-0.16509	
0.939221	0.777285	0.597327	0.43965	0.342562	0.324852	0.381967	0.497819	0.66381	0.833719	0.995165	1.13858	1.24828	1.31693	1.31746	1.23609	1.09166	0.902998	0.692317	0.471688	0.271631	0.10954	-0.0189534	-0.120923	-0.195938	
1.02793	0.853003	0.646382	0.456873	0.332894	0.295262	0.339981	0.447729	0.602152	0.763981	0.915354	1.04543	1.1526	1.22401	1.23609	1.17625	1.04939	0.866605	0.648866	0.426463	0.231444	0.0717508	-0.0530461	-0.154466	-0.220886	
1.08917	0.903656	0.680757	0.470685	0.329818	0.275105	0.303745	0.39486	0.524157	0.667621	0.80284	0.917029	1.00858	1.0725	1.09166	1.04939	0.940217	0.766955	0.55278	0.341785	0.159703	0.0125326	-0.0979814	-0.183813	-0.236199	
1.12979	0.932455	0.701879	0.49181	0.345481	0.270674	0.272893	0.338967	0.436637	0.551433	0.674529	0.775224	0.844604	0.89008	0.902998	0.866605	0.766955	0.60163	0.405641	0.222044	0.0640515	-0.0594561	-0.15025	-0.212484	-0.244918	
1.14881	0.942174	0.713802	0.512884	0.357738	0.260452	0.236095	0.272367	0.33954	0.428497	0.532501	0.616492	0.666166	0.693843	0.692317	0.648866	0.55278	0.405641	0.237733	0.0849155	-0.0401922	-0.131408	-0.195112	-0.233794	-0.245405	
1.15222	0.941277	0.713876	0.512777	0.34376	0.226792	0.17958	0.189064	0.232262	0.301146	0.37799	0.44122	0.472735	0.482611	0.471688	0.426463	0.341785	0.222044	0.0849155	-0.032782	-0.124491	-0.185135	-0.220374	-0.236653	-0.228123	
1.14179	0.929046	0.700864	0.485272	0.299319	0.169579	0.10068	0.0850765	0.107414	0.156435	0.211168	0.256847	0.28414	0.287499	0.271631	0.231444	0.159703	0.0640515	-0.0401922	-0.124491	-0.180384	-0.210991	-0.221253	-0.216436	-0.192407	
1.09971	0.891501	0.660005	0.425882	0.227966	0.0920994	0.0100344	-0.0226914	-0.0120427	0.0234171	0.0583796	0.0932586	0.12287	0.128123	0.10954	0.0717508	0.0125326	-0.0594561	-0.131408	-0.185135	-0.210991	-0.212519	-0.20644	-0.193475	-0.167701	
1.00444	0.803949	0.573057	0.339614	0.145929	0.0134787	-0.071435	-0.112776	-0.111748	-0.0847681	-0.0506586	-0.0173871	0.00197279	0.0022678	-0.0189534	-0.0530461	-0.0979814	-0.15025	-0.195112	-0.220374	-0.221253	-0.20644	-0.191315	-0.179177	-0.159344	
0.858405	0.666535	0.446897	0.229087	0.0507302	-0.075097	-0.151508	-0.188517	-0.188592	-0.158263	-0.116269	-0.0880312	-0.0786461	-0.0919138	-0.120923	-0.154466	-0.183813	-0.212484	-0.233794	-0.236653	-0.216436	-0.193475	-0.179177	-0.164057	-0.150854	
0.681562	0.49707	0.296805	0.103608	-0.0567107	-0.166181	-0.224284	-0.251077	-0.246336	-0.211099	-0.166704	-0.138721	-0.141005	-0.16509	-0.195938	-0.220886	-0.236199	-0.244918	-0.245405	-0.228123	-0.192407	-0.167701	-0.159344	-0.150854	-0.13885	
0.496506	0.315867	0.136189	-0.0316405	-0.166691	-0.251173	-0.28827	-0.299713	-0.284739	-0.247719	-0.207041	-0.180818	-0.184593	-0.213728	-0.234702	-0.242362	-0.245175	-0.23947	-0.21942	-0.188039	-0.14763	-0.123363	-0.12679	-0.132478	-0.13219	
0.32209	0.140122	-0.0221264	-0.163506	-0.270127	-0.329759	-0.349127	-0.343804	-0.321143	-0.288433	-0.251658	-0.224349	-0.220143	-0.236396	-0.245782	-0.239262	-0.228289	-0.208941	-0.173322	-0.131631	-0.0901298	-0.0698074	-0.078196	-0.0980455	-0.117192	
0.181354	-0.00463327	-0.164726	-0.282495	-0.360481	-0.400305	-0.402505	-0.384377	-0.358397	-0.324444	-0.290375	-0.264316	-0.251323	-0.245766	-0.237733	-0.219926	-0.19297	-0.161179	-0.120033	-0.0714506	-0.03339	-0.0202211	-0.0349396	-0.0677989	-0.107324	
0.0722757	-0.119105	-0.272497	-0.368862	-0.426015	-0.451301	-0.440483	-0.408791	-0.37812	-0.344786	-0.315808	-0.294847	-0.27104	-0.242363	-0.217139	-0.18849	-0.148423	-0.104867	-0.0650867	-0.027845	0.000492178	0.00710677	-0.013583	-0.0589609	-0.11329	
0.00639759	-0.188977	-0.337242	-0.419088	-0.464565	-0.479412	-0.461847	-0.425998	-0.388915	-0.351408	-0.325394	-0.305926	-0.276662	-0.238454	-0.199687	-0.162915	-0.119563	-0.0689	-0.0297737	-0.00690306	0.00921898	0.0139804	-0.00919073	-0.0599146	-0.120463	
-0.00454588	-0.201017	-0.349027	-0.428451	-0.47117	-0.484692	-0.465839	-0.42999	-0.392	-0.352519	-0.327248	-0.30581	-0.277583	-0.2385	-0.196422	-0.157534	-0.114619	-0.0637569	-0.0249902	-0.00393332	0.00939539	0.0145611	-0.0088834	-0.0604628	-0.120954	
0.0398668	-0.153211	-0.303979	-0.393571	-0.445019	-0.465065	-0.450879	-0.416474	-0.383051	-0.348535	-0.32132	-0.302196	-0.274448	-0.239871	-0.208916	-0.176838	-0.134081	-0.0867551	-0.047441	-0.0174149	0.00629378	0.0123994	-0.0103526	-0.0592836	-0.117039	
0.1335	-0.0546747	-0.212602	-0.321427	-0.38949	-0.423279	-0.419538	-0.395849	-0.368353	-0.334489	-0.302156	-0.278532	-0.260337	-0.245302	-0.23034	-0.208475	-0.174917	-0.137637	-0.0969956	-0.0510711	-0.0161916	-0.00624837	-0.0241283	-0.0618138	-0.108481	
0.2616	0.0787747	-0.082448	-0.214345	-0.308911	-0.359804	-0.371589	-0.3614	-0.33776	-0.3043	-0.268507	-0.240484	-0.233957	-0.242085	-0.244522	-0.232966	-0.215931	-0.19241	-0.153165	-0.106884	-0.0664087	-0.0486098	-0.058917	-0.0840875	-0.110757	
0.423527	0.243335	0.0726256	-0.0848903	-0.208915	-0.283443	-0.313735	-0.317358	-0.297277	-0.262716	-0.224684	-0.199107	-0.198934	-0.225275	-0.242152	-0.243548	-0.240788	-0.229006	-0.201936	-0.167022	-0.125604	-0.101569	-0.108243	-0.120292	-0.128039	
0.607856	0.425412	0.233224	0.0497632	-0.101422	-0.20066	-0.249764	-0.271787	-0.263621	-0.227375	-0.182891	-0.155217	-0.160376	-0.18777	-0.215358	-0.233561	-0.244	-0.247199	-0.239274	-0.215545	-0.176632	-0.152074	-0.148609	-0.14466	-0.135509	
0.789988	0.601407	0.388253	0.180311	0.00922495	-0.112258	-0.182185	-0.215377	-0.214597	-0.181246	-0.137455	-0.110384	-0.106171	-0.12361	-0.154988	-0.186688	-0.210476	-0.23007	-0.242445	-0.236748	-0.20925	-0.185237	-0.172841	-0.158156	-0.145059	
0.950999	0.753585	0.526828	0.298739	0.109444	-0.0205872	-0.103258	-0.14452	-0.144406	-0.118388	-0.0803447	-0.0491486	-0.0337401	-0.0385872	-0.0624181	-0.0962518	-0.134766	-0.177909	-0.213324	-0.229743	-0.221552	-0.20227	-0.186287	-0.173532	-0.157501	
1.06942	0.864176	0.630191	0.393536	0.196081	0.0613431	-0.0234973	-0.061747	-0.0551081	-0.0229884	0.00917375	0.0426526	0.0691639	0.0732799	0.0538078	0.0186294	-0.0353636	-0.0996203	-0.159521	-0.201411	-0.21724	-0.210664	-0.19935	-0.187354	-0.163112	
1.12948	0.917854	0.689696	0.466029	0.27312	0.139945	0.0643122	0.0407192	0.058162	0.0999143	0.145676	0.186183	0.215299	0.220392	0.202247	0.162739	0.0962893	0.0101129	-0.0807214	-0.152737	-0.195394	-0.213643	-0.216367	-0.205932	-0.179298	
1.15084	0.939107	0.710435	0.504574	0.329116	0.20672	0.15071	0.149208	0.183398	0.244383	0.313507	0.367315	0.395153	0.400598	0.387936	0.344489	0.265162	0.155401	0.0312119	-0.0730185	-0.149553	-0.198113	-0.22414	-0.231086	-0.215707	
1.15032	0.942044	0.715182	0.516651	0.356746	0.249855	0.216482	0.242046	0.298197	0.378673	0.471538	0.54899	0.589994	0.609782	0.603794	0.55849	0.465911	0.329591	0.173535	0.0342713	-0.0773762	-0.155668	-0.207455	-0.238212	-0.241098	
1.14067	0.938253	0.707899	0.501649	0.351901	0.268487	0.259414	0.313291	0.398978	0.502629	0.619706	0.71365	0.775441	0.813056	0.820554	0.781653	0.683463	0.523901	0.339064	0.167577	0.0217132	-0.0892228	-0.170053	-0.222307	-0.2464	
1.1077	0.917776	0.690831	0.478232	0.334692	0.272274	0.291795	0.373621	0.489916	0.622741	0.75368	0.861659	0.944362	1.00135	1.02016	0.983168	0.878455	0.707438	0.498748	0.297441	0.12394	-0.0155826	-0.119074	-0.195407	-0.240301	
1.05529	0.876549	0.661312	0.461656	0.329821	0.284609	0.324297	0.42642	0.5723	0.728509	0.873283	0.996763	1.09914	1.16933	1.18458	1.13247	1.01375	0.835123	0.617556	0.397359	0.206226	0.0508821	-0.0696217	-0.166913	-0.228547	
0.977691	0.810016	0.619067	0.447698	0.339307	0.314195	0.366492	0.478881	0.641337	0.809084	0.967745	1.10694	1.21744	1.28842	1.29427	1.22063	1.08251	0.895267	0.680466	0.458203	0.258786	0.0967922	-0.0315827	-0.133927	-0.206553	
0.875986	0.723329	0.558232	0.419643	0.34036	0.333163	0.396467	0.519712	0.688933	0.859605	1.02218	1.16784	1.27482	1.33696	1.32701	1.23744	1.08695	0.900078	0.697352	0.481765	0.283788	0.123366	-0.00402856	-0.102477	-0.177184	
0.755398	0.620796	0.476922	0.361428	0.309731	0.320633	0.394448	0.531555	0.702474	0.868789	1.02678	1.16713	1.26713	1.30965	1.28154	1.18696	1.03816	0.865824	0.680017	0.477771	0.288058	0.128452	0.00507407	-0.0818897	-0.148679	
0.601541	0.494115	0.379053	0.286822	0.249459	0.275045	0.358056	0.495515	0.664995	0.827659	0.979709	1.10845	1.19565	1.222	1.18704	1.09137	0.956773	0.805949	0.639139	0.457316	0.270369	0.107259	-0.00801363	-0.0817416	-0.136235	
0.429886	0.345314	0.256065	0.182944	0.152493	0.183122	0.27036	0.407332	0.57562	0.740298	0.883374	0.99917	1.07212	1.09141	1.05552	0.970286	0.850911	0.719072	0.570625	0.406583	0.231712	0.0720421	-0.0364538	-0.102744	-0.152514	
