0.0506516	0.0544561	0.0455526	0.0321987	0.0279612	0.0276511	0.0293718	0.0398911	0.0514179	0.0542317	0.0421377	0.0302773	0.0287322	0.0291232	0.0339355	0.0463734	0.075038	0.114293	0.151822	0.189202	0.223287	0.244783	0.251445	0.253247	0.26373	
-0.0100708	-0.00751868	-0.0211136	-0.0376205	-0.0409212	-0.0398799	-0.0401104	-0.0283808	-0.0115381	-0.00652729	-0.0213735	-0.0410988	-0.0444683	-0.0325017	-0.010461	0.0184798	0.0495329	0.0882767	0.128138	0.164089	0.193727	0.207898	0.209899	0.207636	0.219634	
-0.0651214	-0.0650499	-0.0822134	-0.0993853	-0.102858	-0.102776	-0.101579	-0.0902891	-0.0706984	-0.0628058	-0.0723128	-0.0839578	-0.0808656	-0.0564464	-0.020193	0.0204233	0.0590525	0.0971927	0.134306	0.165076	0.183288	0.19171	0.18758	0.177576	0.187316	
-0.109731	-0.109651	-0.124313	-0.13387	-0.136916	-0.137364	-0.135226	-0.129656	-0.114502	-0.108852	-0.110499	-0.107502	-0.090708	-0.0566802	-0.0122807	0.0369574	0.0822807	0.126091	0.158368	0.176374	0.183222	0.182931	0.172177	0.156573	0.158404	
-0.136256	-0.135577	-0.140985	-0.139607	-0.138174	-0.137762	-0.138291	-0.142313	-0.136225	-0.137077	-0.130195	-0.112527	-0.0844409	-0.0415195	0.00191515	0.0532314	0.102947	0.149113	0.180267	0.184571	0.180244	0.173354	0.156812	0.133938	0.127377	
-0.140989	-0.144442	-0.141849	-0.13156	-0.12285	-0.121547	-0.127283	-0.138875	-0.143675	-0.144109	-0.128239	-0.0985317	-0.0587994	-0.0137407	0.0304658	0.0758666	0.119648	0.161323	0.18263	0.17882	0.162541	0.149051	0.129003	0.0994351	0.0866729	
-0.129571	-0.142338	-0.14043	-0.124518	-0.111983	-0.11023	-0.118153	-0.135525	-0.143243	-0.136931	-0.110256	-0.0663069	-0.0192744	0.030881	0.0794382	0.11965	0.151936	0.173479	0.176971	0.15996	0.133818	0.108289	0.0798119	0.048153	0.0285284	
-0.0996318	-0.12974	-0.135777	-0.128503	-0.119801	-0.11766	-0.124682	-0.133633	-0.134636	-0.114495	-0.0706828	-0.0158919	0.03869	0.0907594	0.140766	0.179492	0.194621	0.187506	0.166279	0.133864	0.0996718	0.0620154	0.0186392	-0.0211925	-0.0480156	
-0.0553224	-0.0969705	-0.113698	-0.121166	-0.123403	-0.123671	-0.12269	-0.117018	-0.106781	-0.0746271	-0.0218394	0.0414919	0.0982033	0.146196	0.19452	0.227459	0.22851	0.193041	0.142241	0.0948888	0.0510736	0.00487921	-0.0473862	-0.0950805	-0.124571	
0.00432387	-0.0416978	-0.0697909	-0.0959573	-0.114832	-0.118386	-0.105229	-0.0794871	-0.0550207	-0.0159028	0.0388121	0.103981	0.157387	0.1942	0.228366	0.247859	0.233844	0.174866	0.100644	0.0349412	-0.0199421	-0.0720992	-0.124778	-0.16661	-0.193098	
0.0796702	0.0320981	-0.0112163	-0.0569119	-0.0945344	-0.101757	-0.0744724	-0.0292444	0.0150155	0.0592056	0.114279	0.176046	0.219383	0.237745	0.241261	0.234956	0.196462	0.118649	0.0310048	-0.0489877	-0.112829	-0.165395	-0.204961	-0.225777	-0.232749	
0.16008	0.113417	0.0622547	0.00323058	-0.0430455	-0.0521374	-0.0187841	0.039188	0.0939349	0.141403	0.19001	0.239006	0.263975	0.254077	0.223959	0.182617	0.120211	0.0312421	-0.0586596	-0.136626	-0.205236	-0.253858	-0.273546	-0.266456	-0.244417	
0.235148	0.194889	0.142449	0.0855911	0.0422465	0.0338421	0.0651658	0.119656	0.175729	0.220058	0.257777	0.285419	0.281541	0.23939	0.173725	0.101589	0.0167972	-0.0773039	-0.158145	-0.225202	-0.284275	-0.324389	-0.32587	-0.291648	-0.240261	
0.298494	0.268082	0.221927	0.179101	0.147588	0.141657	0.164409	0.203227	0.251256	0.287435	0.311074	0.314005	0.2764	0.201289	0.104739	0.0065445	-0.0947773	-0.191551	-0.262097	-0.311578	-0.350218	-0.368889	-0.34977	-0.293439	-0.217823	
0.339593	0.327486	0.306675	0.28397	0.273094	0.271621	0.277945	0.297665	0.319587	0.336783	0.336563	0.305666	0.237455	0.131823	0.0154721	-0.0972241	-0.203378	-0.292509	-0.349694	-0.376148	-0.38744	-0.375016	-0.329376	-0.259853	-0.173275	
0.355108	0.382235	0.396439	0.407201	0.415394	0.417386	0.411085	0.400967	0.389043	0.368223	0.326601	0.257871	0.156462	0.0328056	-0.0924074	-0.20784	-0.305167	-0.377029	-0.411778	-0.41589	-0.396729	-0.352872	-0.283471	-0.199508	-0.113506	
0.344315	0.42401	0.489171	0.535287	0.564866	0.570527	0.549125	0.510331	0.451545	0.37887	0.284163	0.169257	0.0438126	-0.0861638	-0.204665	-0.310373	-0.391893	-0.439581	-0.451127	-0.43101	-0.38791	-0.317963	-0.225856	-0.128173	-0.0373318	
0.313073	0.444613	0.560024	0.639693	0.687932	0.6968	0.662564	0.596987	0.493214	0.368878	0.221832	0.0653685	-0.0778277	-0.20266	-0.30447	-0.392057	-0.453297	-0.477341	-0.462971	-0.419608	-0.353046	-0.263527	-0.157014	-0.0461397	0.0504579	
0.260892	0.436582	0.590065	0.704094	0.768491	0.779544	0.735656	0.641122	0.501188	0.333788	0.146257	-0.0380078	-0.192894	-0.305165	-0.383223	-0.445734	-0.480458	-0.478372	-0.439872	-0.371082	-0.281992	-0.179224	-0.0671404	0.0458783	0.139495	
0.197005	0.393839	0.574442	0.711899	0.792903	0.806534	0.751441	0.636016	0.468908	0.277655	0.0739131	-0.122724	-0.276822	-0.376274	-0.432854	-0.465259	-0.471428	-0.441845	-0.379366	-0.290525	-0.18473	-0.0756138	0.0291335	0.12711	0.204175	
0.130681	0.325845	0.510908	0.661797	0.750829	0.766034	0.705725	0.576789	0.402245	0.209111	0.0123983	-0.173035	-0.318685	-0.405247	-0.44516	-0.453324	-0.428901	-0.37129	-0.287687	-0.184652	-0.0730755	0.0286338	0.114469	0.185691	0.23136	
0.0697679	0.242271	0.408382	0.552048	0.637622	0.651511	0.594926	0.470207	0.310437	0.138079	-0.0301162	-0.188598	-0.316208	-0.391748	-0.424128	-0.416567	-0.369731	-0.285683	-0.18161	-0.0650935	0.0470448	0.135439	0.198419	0.235363	0.246173	
0.0160869	0.146211	0.27382	0.385903	0.452582	0.463386	0.419538	0.321904	0.198613	0.0670483	-0.0582785	-0.17946	-0.278889	-0.338987	-0.36307	-0.34288	-0.279954	-0.177662	-0.056992	0.0633046	0.167264	0.234162	0.264518	0.268885	0.246681	
-0.0326166	0.0409774	0.107717	0.168202	0.200844	0.205579	0.185456	0.132935	0.069101	-0.00411571	-0.0746071	-0.145464	-0.206436	-0.239031	-0.245209	-0.214098	-0.143578	-0.039397	0.0744005	0.183744	0.264172	0.29957	0.299283	0.268975	0.221724	
-0.0795904	-0.0731789	-0.0770987	-0.0806222	-0.0875228	-0.0900702	-0.0826985	-0.0788614	-0.073481	-0.0766785	-0.0836547	-0.0971071	-0.107322	-0.10157	-0.0800504	-0.0325156	0.0368391	0.123508	0.209204	0.280489	0.323236	0.324762	0.291773	0.235909	0.169354	
-0.132985	-0.193638	-0.262065	-0.322794	-0.364334	-0.371859	-0.342586	-0.288532	-0.220343	-0.156736	-0.0996365	-0.0511376	-0.00413024	0.0478282	0.10496	0.170403	0.236084	0.294204	0.33433	0.35356	0.349188	0.317739	0.262887	0.190894	0.111966	
-0.193638	-0.316917	-0.440885	-0.544912	-0.609458	-0.620982	-0.576245	-0.486336	-0.367213	-0.242477	-0.120749	-0.00369957	0.105073	0.204834	0.293681	0.369064	0.422815	0.445847	0.435166	0.400982	0.350848	0.292309	0.226308	0.146049	0.0642964	
-0.262065	-0.440885	-0.602134	-0.730969	-0.805015	-0.817097	-0.768194	-0.658685	-0.508716	-0.334572	-0.151493	0.0348457	0.211016	0.358172	0.474324	0.553959	0.58993	0.57695	0.521711	0.434637	0.341157	0.255973	0.173302	0.0943127	0.0165738	
-0.322794	-0.544912	-0.730969	-0.87066	-0.945895	-0.957264	-0.909065	-0.793352	-0.624609	-0.414687	-0.179517	0.0703228	0.304425	0.492159	0.625411	0.698621	0.71444	0.671322	0.580803	0.459593	0.331312	0.219135	0.121991	0.0340912	-0.0360782	
-0.364334	-0.609458	-0.805015	-0.945895	-1.01711	-1.02783	-0.98271	-0.868036	-0.694803	-0.466308	-0.201677	0.0869701	0.359055	0.571472	0.714961	0.783626	0.786061	0.72573	0.618372	0.476415	0.327556	0.196482	0.0816678	-0.0117106	-0.0784005	
-0.371859	-0.620982	-0.817097	-0.957264	-1.02783	-1.03769	-0.994128	-0.880106	-0.706705	-0.476208	-0.206149	0.0886279	0.367631	0.584821	0.729731	0.798198	0.798292	0.735144	0.625433	0.479801	0.327258	0.192512	0.073882	-0.0205672	-0.0868657	
-0.342586	-0.576245	-0.768194	-0.909065	-0.98271	-0.994128	-0.946615	-0.831283	-0.658967	-0.439349	-0.189484	0.0800143	0.332052	0.531986	0.669893	0.740324	0.749569	0.697887	0.598354	0.467458	0.329053	0.207674	0.103353	0.0121665	-0.0559677	
-0.288532	-0.486336	-0.658685	-0.793352	-0.868036	-0.880106	-0.831283	-0.718068	-0.559657	-0.369311	-0.16383	0.0494226	0.250922	0.415754	0.53995	0.618159	0.646028	0.61982	0.54931	0.445598	0.33681	0.240691	0.151469	0.0708729	-0.00406856	
-0.220343	-0.367213	-0.508716	-0.624609	-0.694803	-0.706705	-0.658967	-0.559657	-0.425001	-0.279265	-0.131839	0.0133137	0.148536	0.268047	0.367807	0.445779	0.492767	0.501202	0.4716	0.415608	0.347774	0.278583	0.207135	0.126602	0.0455587	
-0.156736	-0.242477	-0.334572	-0.414687	-0.466308	-0.476208	-0.439349	-0.369311	-0.279265	-0.190053	-0.107862	-0.0324571	0.0385528	0.109648	0.180512	0.251085	0.313241	0.357852	0.377649	0.374902	0.35191	0.309127	0.24908	0.17334	0.0919502	
-0.0996365	-0.120749	-0.151493	-0.179517	-0.201677	-0.206149	-0.189484	-0.16383	-0.131839	-0.107862	-0.0886992	-0.0783334	-0.0662473	-0.0422399	-0.00727699	0.0480715	0.116303	0.192274	0.261485	0.312526	0.337012	0.324953	0.2816	0.218082	0.145254	
-0.0511376	-0.00369957	0.0348457	0.0703228	0.0869701	0.0886279	0.0800143	0.0494226	0.0133137	-0.0324571	-0.0783334	-0.126685	-0.168758	-0.187249	-0.183263	-0.146293	-0.0757979	0.0237198	0.128323	0.225479	0.292567	0.314041	0.300962	0.258908	0.203234	
-0.00413024	0.105073	0.211016	0.304425	0.359055	0.367631	0.332052	0.250922	0.148536	0.0385528	-0.0662473	-0.168758	-0.25418	-0.304809	-0.322849	-0.298493	-0.231171	-0.126237	-0.00463273	0.113587	0.209931	0.2654	0.283059	0.2738	0.24067	
0.0478282	0.204834	0.358172	0.492159	0.571472	0.584821	0.531986	0.415754	0.268047	0.109648	-0.0422399	-0.187249	-0.304809	-0.375498	-0.40535	-0.392566	-0.338989	-0.24588	-0.133832	-0.0139861	0.0962345	0.176788	0.227847	0.251217	0.248289	
0.10496	0.293681	0.474324	0.625411	0.714961	0.729731	0.669893	0.53995	0.367807	0.180512	-0.00727699	-0.183263	-0.322849	-0.40535	-0.440787	-0.44188	-0.407377	-0.338568	-0.246685	-0.137881	-0.0257168	0.0710995	0.148551	0.206732	0.238391	
0.170403	0.369064	0.553959	0.698621	0.783626	0.798198	0.740324	0.618159	0.445779	0.251085	0.0480715	-0.146293	-0.298493	-0.392566	-0.44188	-0.46392	-0.457458	-0.417331	-0.345664	-0.25037	-0.141639	-0.0335981	0.0643081	0.152544	0.218398	
0.236084	0.422815	0.58993	0.71444	0.786061	0.798292	0.749569	0.646028	0.492767	0.313241	0.116303	-0.0757979	-0.231171	-0.338989	-0.407377	-0.457458	-0.481768	-0.468029	-0.420149	-0.342208	-0.245048	-0.13886	-0.027693	0.0813282	0.170043	
0.294204	0.445847	0.57695	0.671322	0.72573	0.735144	0.697887	0.61982	0.501202	0.357852	0.192274	0.0237198	-0.126237	-0.24588	-0.338568	-0.417331	-0.468029	-0.482857	-0.458296	-0.404462	-0.329072	-0.233197	-0.123676	-0.00994396	0.0869693	
0.33433	0.435166	0.521711	0.580803	0.618372	0.625433	0.598354	0.54931	0.4716	0.377649	0.261485	0.128323	-0.00463273	-0.133832	-0.246685	-0.345664	-0.420149	-0.458296	-0.459651	-0.430164	-0.377891	-0.299409	-0.200571	-0.0972062	-0.00308349	
0.35356	0.400982	0.434637	0.459593	0.476415	0.479801	0.467458	0.445598	0.415608	0.374902	0.312526	0.225479	0.113587	-0.0139861	-0.137881	-0.25037	-0.342208	-0.404462	-0.430164	-0.42489	-0.395147	-0.340535	-0.261472	-0.171357	-0.0844212	
0.349188	0.350848	0.341157	0.331312	0.327556	0.327258	0.329053	0.33681	0.347774	0.35191	0.337012	0.292567	0.209931	0.0962345	-0.0257168	-0.141639	-0.245048	-0.329072	-0.377891	-0.395147	-0.39449	-0.368508	-0.31323	-0.238111	-0.15076	
0.317739	0.292309	0.255973	0.219135	0.196482	0.192512	0.207674	0.240691	0.278583	0.309127	0.324953	0.314041	0.2654	0.176788	0.0710995	-0.0335981	-0.13886	-0.233197	-0.299409	-0.340535	-0.368508	-0.375775	-0.34616	-0.284033	-0.202196	
0.262887	0.226308	0.173302	0.121991	0.0816678	0.073882	0.103353	0.151469	0.207135	0.24908	0.2816	0.300962	0.283059	0.227847	0.148551	0.0643081	-0.027693	-0.123676	-0.200571	-0.261472	-0.31323	-0.34616	-0.340612	-0.296306	-0.234618	
0.190894	0.146049	0.0943127	0.0340912	-0.0117106	-0.0205672	0.0121665	0.0708729	0.126602	0.17334	0.218082	0.258908	0.2738	0.251217	0.206732	0.152544	0.0813282	-0.00994396	-0.0972062	-0.171357	-0.238111	-0.284033	-0.296306	-0.278855	-0.244278	
0.111966	0.0642964	0.0165738	-0.0360782	-0.0784005	-0.0868657	-0.0559677	-0.00406856	0.0455587	0.0919502	0.145254	0.203234	0.24067	0.248289	0.238391	0.218398	0.170043	0.0869693	-0.00308349	-0.0844212	-0.15076	-0.202196	-0.234618	-0.244278	-0.240057	
