-0.802547	-0.752284	-0.638305	-0.488225	-0.333335	-0.205407	-0.12459	-0.0781912	-0.0636433	-0.0890296	-0.129659	-0.153393	-0.143636	-0.0955276	-0.00701587	0.126969	0.287333	0.434406	0.539909	0.579203	0.556408	0.47844	0.353691	0.182222	-0.00994554	
-0.752284	-0.726852	-0.639126	-0.500195	-0.342398	-0.209347	-0.113863	-0.0470279	-0.0220689	-0.0414267	-0.0760144	-0.0968023	-0.0873244	-0.0488475	0.0263662	0.137125	0.268548	0.386365	0.464939	0.481055	0.44253	0.35752	0.233169	0.0721625	-0.107079	
-0.638305	-0.639126	-0.573922	-0.460047	-0.32215	-0.190702	-0.0786825	-0.000814957	0.032988	0.0199743	-0.00848299	-0.0326189	-0.0386717	-0.0152003	0.0388261	0.121286	0.21474	0.295223	0.342977	0.340183	0.290336	0.19738	0.076679	-0.0644837	-0.218669	
-0.488225	-0.500195	-0.460047	-0.385429	-0.27637	-0.1442	-0.0243025	0.0596599	0.100359	0.101971	0.0771719	0.0405177	0.0118075	0.00771253	0.0323293	0.0769578	0.125954	0.164321	0.180468	0.163318	0.106431	0.00711026	-0.105194	-0.223383	-0.347904	
-0.333335	-0.342398	-0.32215	-0.27637	-0.184395	-0.0597361	0.0544415	0.136189	0.186739	0.19997	0.174828	0.124297	0.071051	0.0344692	0.0196088	0.0194401	0.0214574	0.0153718	0.00199086	-0.0285435	-0.091249	-0.186676	-0.290026	-0.387228	-0.487571	
-0.205407	-0.209347	-0.190702	-0.1442	-0.0597361	0.0545367	0.160272	0.240679	0.293756	0.303347	0.266532	0.200419	0.123945	0.055184	0.00503578	-0.0331771	-0.0691652	-0.106583	-0.14701	-0.193124	-0.261733	-0.35096	-0.445528	-0.53618	-0.623108	
-0.12459	-0.113863	-0.0786825	-0.0243025	0.0544415	0.160272	0.262504	0.344626	0.39027	0.38935	0.340804	0.259841	0.162653	0.0725816	-0.00252237	-0.0644753	-0.120182	-0.175816	-0.235006	-0.301486	-0.376015	-0.460445	-0.550416	-0.642896	-0.725765	
-0.0781912	-0.0470279	-0.000814957	0.0596599	0.136189	0.240679	0.344626	0.42111	0.46068	0.45413	0.396583	0.29931	0.186976	0.0836489	-0.00228203	-0.0746736	-0.133318	-0.193341	-0.265263	-0.346883	-0.432183	-0.514889	-0.60401	-0.694085	-0.767253	
-0.0636433	-0.0220689	0.032988	0.100359	0.186739	0.293756	0.39027	0.46068	0.499292	0.49276	0.427051	0.316717	0.194129	0.0873328	-0.00166347	-0.0691772	-0.119323	-0.171723	-0.239386	-0.32525	-0.416184	-0.505107	-0.591305	-0.668692	-0.727054	
-0.0890296	-0.0414267	0.0199743	0.101971	0.19997	0.303347	0.38935	0.45413	0.49276	0.484598	0.416893	0.305822	0.186911	0.086266	0.00840667	-0.0439358	-0.0776049	-0.110736	-0.156336	-0.22602	-0.31458	-0.407807	-0.486013	-0.548173	-0.593548	
-0.129659	-0.0760144	-0.00848299	0.0771719	0.174828	0.266532	0.340804	0.396583	0.427051	0.416893	0.358978	0.266584	0.169296	0.0923248	0.0397991	0.00949194	-0.00362399	-0.0119397	-0.0242925	-0.0646739	-0.137453	-0.219408	-0.28517	-0.334872	-0.377642	
-0.153393	-0.0968023	-0.0326189	0.0405177	0.124297	0.200419	0.259841	0.29931	0.316717	0.305822	0.266584	0.207162	0.149951	0.114793	0.0976307	0.0969168	0.106279	0.123588	0.138716	0.127312	0.0850562	0.0303665	-0.0166833	-0.0619918	-0.108469	
-0.143636	-0.0873244	-0.0386717	0.0118075	0.071051	0.123945	0.162653	0.186976	0.194129	0.186911	0.169296	0.149951	0.14266	0.15289	0.176374	0.208741	0.24695	0.286038	0.316668	0.331819	0.327164	0.308623	0.281788	0.235603	0.184853	
-0.0955276	-0.0488475	-0.0152003	0.00771253	0.0344692	0.055184	0.0725816	0.0836489	0.0873328	0.086266	0.0923248	0.114793	0.15289	0.206623	0.269637	0.341264	0.410703	0.466816	0.509001	0.544111	0.567732	0.576446	0.559345	0.515974	0.463638	
-0.00701587	0.0263662	0.0388261	0.0323293	0.0196088	0.00503578	-0.00252237	-0.00228203	-0.00166347	0.00840667	0.0397991	0.0976307	0.176374	0.269637	0.375175	0.484932	0.580892	0.656325	0.71106	0.758539	0.789069	0.798739	0.784103	0.742953	0.693379	
0.126969	0.137125	0.121286	0.0769578	0.0194401	-0.0331771	-0.0644753	-0.0746736	-0.0691772	-0.0439358	0.00949194	0.0969168	0.208741	0.341264	0.484932	0.622387	0.73993	0.834737	0.902836	0.949325	0.963729	0.955834	0.932754	0.893655	0.846195	
0.287333	0.268548	0.21474	0.125954	0.0214574	-0.0691652	-0.120182	-0.133318	-0.119323	-0.0776049	-0.00362399	0.106279	0.24695	0.410703	0.580892	0.73993	0.876425	0.985668	1.05732	1.08774	1.07575	1.04486	1.00405	0.960308	0.912146	
0.434406	0.386365	0.295223	0.164321	0.0153718	-0.106583	-0.175816	-0.193341	-0.171723	-0.110736	-0.0119397	0.123588	0.286038	0.466816	0.656325	0.834737	0.985668	1.09789	1.15394	1.16069	1.1267	1.07169	1.01065	0.951036	0.898727	
0.539909	0.464939	0.342977	0.180468	0.00199086	-0.14701	-0.235006	-0.265263	-0.239386	-0.156336	-0.0242925	0.138716	0.316668	0.509001	0.71106	0.902836	1.05732	1.15394	1.18843	1.17252	1.12181	1.04903	0.962026	0.885891	0.825613	
0.579203	0.481055	0.340183	0.163318	-0.0285435	-0.193124	-0.301486	-0.346883	-0.32525	-0.22602	-0.0646739	0.127312	0.331819	0.544111	0.758539	0.949325	1.08774	1.16069	1.17252	1.13736	1.07132	0.979379	0.872745	0.780784	0.713516	
0.556408	0.44253	0.290336	0.106431	-0.091249	-0.261733	-0.376015	-0.432183	-0.416184	-0.31458	-0.137453	0.0850562	0.327164	0.567732	0.789069	0.963729	1.07575	1.1267	1.12181	1.07132	0.991576	0.886057	0.768147	0.666227	0.591463	
0.47844	0.35752	0.19738	0.00711026	-0.186676	-0.35096	-0.460445	-0.514889	-0.505107	-0.407807	-0.219408	0.0303665	0.308623	0.576446	0.798739	0.955834	1.04486	1.07169	1.04903	0.979379	0.886057	0.774997	0.654568	0.55236	0.475592	
0.353691	0.233169	0.076679	-0.105194	-0.290026	-0.445528	-0.550416	-0.60401	-0.591305	-0.486013	-0.28517	-0.0166833	0.281788	0.559345	0.784103	0.932754	1.00405	1.01065	0.962026	0.872745	0.768147	0.654568	0.542344	0.44867	0.378632	
0.182222	0.0721625	-0.0644837	-0.223383	-0.387228	-0.53618	-0.642896	-0.694085	-0.668692	-0.548173	-0.334872	-0.0619918	0.235603	0.515974	0.742953	0.893655	0.960308	0.951036	0.885891	0.780784	0.666227	0.55236	0.44867	0.368505	0.304594	
-0.00994554	-0.107079	-0.218669	-0.347904	-0.487571	-0.623108	-0.725765	-0.767253	-0.727054	-0.593548	-0.377642	-0.108469	0.184853	0.463638	0.693379	0.846195	0.912146	0.898727	0.825613	0.713516	0.591463	0.475592	0.378632	0.304594	0.241792	
-0.178702	-0.264327	-0.360636	-0.46847	-0.586206	-0.701973	-0.787741	-0.815213	-0.761581	-0.622942	-0.41009	-0.144607	0.146027	0.420285	0.645083	0.793521	0.85625	0.842416	0.768076	0.657549	0.536569	0.423165	0.3278	0.249767	0.180939	
-0.322985	-0.405491	-0.494395	-0.585826	-0.673747	-0.757858	-0.821994	-0.833066	-0.772506	-0.637467	-0.431582	-0.171585	0.111829	0.382759	0.601034	0.746668	0.810306	0.794463	0.721909	0.615708	0.499758	0.388198	0.287167	0.195709	0.118294	
-0.446564	-0.530786	-0.615041	-0.684811	-0.745213	-0.799845	-0.841909	-0.841515	-0.775824	-0.642133	-0.446401	-0.19673	0.0783503	0.338261	0.553965	0.700941	0.769518	0.763678	0.698575	0.604137	0.49355	0.380542	0.270954	0.165411	0.0786233	
-0.537997	-0.622625	-0.702065	-0.760512	-0.798857	-0.829943	-0.854493	-0.840976	-0.769207	-0.640747	-0.453881	-0.213137	0.0516231	0.306978	0.515635	0.66323	0.740752	0.74687	0.696451	0.607452	0.492507	0.370301	0.254527	0.147	0.0580341	
-0.577818	-0.658558	-0.738015	-0.793805	-0.827651	-0.848485	-0.861418	-0.838186	-0.762429	-0.635477	-0.45456	-0.216694	0.0465666	0.295999	0.497782	0.638917	0.718659	0.735411	0.693343	0.605592	0.480531	0.348584	0.233528	0.133145	0.0507029	
-0.582147	-0.661943	-0.741508	-0.797783	-0.831987	-0.852209	-0.862584	-0.837999	-0.761322	-0.634889	-0.454534	-0.21702	0.0469932	0.295239	0.494711	0.634311	0.713556	0.732434	0.692277	0.60428	0.477107	0.3438	0.228871	0.131496	0.0502535	
-0.560014	-0.643369	-0.722268	-0.77928	-0.813918	-0.83884	-0.857446	-0.838772	-0.765146	-0.638282	-0.454834	-0.21562	0.0473043	0.300874	0.50621	0.651536	0.731061	0.741823	0.695905	0.607371	0.488212	0.361286	0.245522	0.140326	0.0534403	
-0.488472	-0.572978	-0.655604	-0.718553	-0.769215	-0.813863	-0.848086	-0.842955	-0.774762	-0.642453	-0.450596	-0.204993	0.0660857	0.322984	0.536882	0.684333	0.756529	0.755694	0.696025	0.605517	0.494483	0.378975	0.266273	0.15807	0.0689959	
-0.374901	-0.458771	-0.545016	-0.628233	-0.703815	-0.775542	-0.830637	-0.837076	-0.774348	-0.640194	-0.438019	-0.181743	0.0977667	0.365466	0.58195	0.728528	0.793436	0.779581	0.709593	0.607215	0.494426	0.382703	0.277742	0.180339	0.0984975	
-0.238999	-0.32166	-0.414954	-0.515878	-0.622948	-0.727196	-0.80431	-0.825268	-0.768366	-0.630236	-0.419904	-0.155609	0.132793	0.405421	0.627768	0.773864	0.836464	0.821382	0.746945	0.638401	0.518881	0.406399	0.309696	0.226626	0.15513	
-0.0813549	-0.173519	-0.277165	-0.397075	-0.527951	-0.656905	-0.753383	-0.789604	-0.743462	-0.607328	-0.392128	-0.12461	0.167909	0.445056	0.67312	0.824998	0.889804	0.876485	0.802753	0.690376	0.567623	0.452407	0.356474	0.282751	0.217912	
0.105221	8.55549e-05	-0.125768	-0.272954	-0.427042	-0.571653	-0.678243	-0.726068	-0.69471	-0.568022	-0.352933	-0.0807365	0.214554	0.494906	0.723307	0.875497	0.942157	0.930165	0.860833	0.751306	0.633032	0.517895	0.41794	0.341451	0.278848	
0.290054	0.173196	0.0226371	-0.151061	-0.328654	-0.48218	-0.5876	-0.641439	-0.624314	-0.5131	-0.30623	-0.0347993	0.265359	0.543943	0.770214	0.91876	0.986964	0.986302	0.928895	0.832984	0.723553	0.610743	0.502225	0.414092	0.347252	
0.434056	0.311559	0.152033	-0.037868	-0.228529	-0.388483	-0.495675	-0.549031	-0.539822	-0.440868	-0.24777	0.0109054	0.299334	0.573146	0.796065	0.949067	1.02946	1.0476	1.01484	0.936464	0.839077	0.726168	0.608358	0.508576	0.433396	
0.53075	0.413955	0.257561	0.0706827	-0.126968	-0.296232	-0.409152	-0.465575	-0.452491	-0.353172	-0.171242	0.0630411	0.321032	0.573531	0.796062	0.962481	1.0646	1.10602	1.0947	1.03806	0.952515	0.844497	0.724124	0.620311	0.544187	
0.57729	0.471496	0.326269	0.146048	-0.0488598	-0.217063	-0.329871	-0.380456	-0.36108	-0.259765	-0.0906652	0.113131	0.332252	0.55529	0.773262	0.958903	1.08643	1.15077	1.15545	1.11409	1.04252	0.943783	0.831265	0.734417	0.664157	
0.564008	0.479231	0.348175	0.178179	-0.00752435	-0.163832	-0.261433	-0.297604	-0.272861	-0.181501	-0.036417	0.138381	0.325	0.524222	0.731498	0.924581	1.07478	1.16211	1.18749	1.16305	1.10645	1.02556	0.929985	0.847062	0.783771	
0.482904	0.424052	0.319132	0.173875	0.0112315	-0.122398	-0.198221	-0.220611	-0.196268	-0.126756	-0.0145888	0.13134	0.299698	0.484811	0.679643	0.864748	1.01919	1.1273	1.17503	1.17239	1.13059	1.06885	0.997263	0.931123	0.875851	
0.349356	0.318847	0.249835	0.143205	0.0193732	-0.0837309	-0.142408	-0.156033	-0.139367	-0.0900588	-0.00740356	0.11267	0.262807	0.434817	0.613781	0.780785	0.923969	1.03654	1.10393	1.1245	1.10338	1.06173	1.01431	0.965054	0.915064	
0.190323	0.189454	0.158868	0.0976425	0.0212392	-0.0477447	-0.0868717	-0.0993467	-0.0905578	-0.0589831	0.00272292	0.0997639	0.22354	0.370509	0.525731	0.672107	0.797654	0.898392	0.970446	1.01181	1.01558	0.999519	0.969534	0.930521	0.883094	
0.0415797	0.0666236	0.0687765	0.0481376	0.0182148	-0.0112159	-0.0285099	-0.0330213	-0.0311644	-0.0151714	0.0251951	0.0958893	0.18842	0.297659	0.419731	0.54198	0.646913	0.730299	0.790501	0.83958	0.866107	0.86967	0.853112	0.812659	0.764408	
-0.0656536	-0.0229776	0.0025225	0.0145548	0.0260235	0.0329277	0.040306	0.0468351	0.0487646	0.0522522	0.0682454	0.105965	0.160856	0.230456	0.310461	0.397955	0.479354	0.542259	0.589574	0.630843	0.66076	0.673261	0.657803	0.61536	0.563443	
-0.128885	-0.0759969	-0.0327186	0.00660805	0.0542025	0.0946383	0.125745	0.144001	0.149566	0.144662	0.135978	0.133431	0.144865	0.173152	0.211822	0.25992	0.310533	0.356678	0.391849	0.415376	0.423859	0.418764	0.396629	0.351207	0.299682	
-0.154008	-0.0961724	-0.0378259	0.0271862	0.101613	0.169795	0.220988	0.254104	0.266845	0.256962	0.226158	0.182359	0.145051	0.128173	0.127562	0.138651	0.15906	0.185803	0.208191	0.208267	0.180755	0.140379	0.102613	0.0566055	0.00839733	
-0.142105	-0.0876832	-0.0198709	0.0626977	0.156297	0.242124	0.311549	0.36166	0.386885	0.376286	0.324716	0.243817	0.161182	0.0994096	0.0599703	0.0411577	0.0358707	0.038302	0.0388	0.0100492	-0.0521511	-0.125078	-0.184426	-0.230891	-0.274934	
