-0.165597	-0.154915	-0.15522	-0.176503	-0.210531	-0.258486	-0.318213	-0.38213	-0.434819	-0.460402	-0.448503	-0.385063	-0.274362	-0.117681	0.0931909	0.344951	0.608539	0.835006	0.996719	1.07003	1.04703	0.942483	0.783356	0.598787	0.390886	
-0.154915	-0.161233	-0.173931	-0.208889	-0.260334	-0.325192	-0.388819	-0.440406	-0.469195	-0.469958	-0.433413	-0.338592	-0.188536	0.00863867	0.241345	0.499132	0.752909	0.963416	1.1018	1.14468	1.08433	0.933349	0.728613	0.506568	0.281151	
-0.15522	-0.173931	-0.202371	-0.251091	-0.318645	-0.391662	-0.445954	-0.478367	-0.482359	-0.458853	-0.394776	-0.267911	-0.079802	0.146734	0.392721	0.644952	0.884517	1.0746	1.18519	1.19244	1.08898	0.892649	0.645528	0.395021	0.160553	
-0.176503	-0.208889	-0.251091	-0.30884	-0.380423	-0.442886	-0.477632	-0.48748	-0.466791	-0.416073	-0.321395	-0.162191	0.0525812	0.297675	0.545049	0.785939	1.00671	1.16973	1.24645	1.20839	1.06019	0.819094	0.539514	0.26873	0.0357686	
-0.210531	-0.260334	-0.318645	-0.380423	-0.441434	-0.483325	-0.495178	-0.480331	-0.430175	-0.345532	-0.213613	-0.0276235	0.205524	0.458869	0.702511	0.931311	1.127	1.25846	1.28976	1.20307	1.00746	0.730354	0.427289	0.148204	-0.0767861	
-0.258486	-0.325192	-0.391662	-0.442886	-0.483325	-0.501601	-0.491039	-0.449426	-0.367201	-0.244941	-0.082179	0.121092	0.361249	0.614473	0.854365	1.06662	1.23463	1.3245	1.30622	1.16885	0.932932	0.630805	0.318357	0.0414656	-0.167938	
-0.318213	-0.388819	-0.445954	-0.477632	-0.495178	-0.491039	-0.457531	-0.387175	-0.270751	-0.117866	0.0656882	0.275574	0.513432	0.76494	0.996547	1.19017	1.32121	1.36359	1.29233	1.10925	0.842752	0.529459	0.219777	-0.044971	-0.23556	
-0.38213	-0.440406	-0.478367	-0.48748	-0.480331	-0.449426	-0.387175	-0.282249	-0.136711	0.0374656	0.231253	0.438613	0.6722	0.915568	1.13502	1.30012	1.38618	1.37577	1.2531	1.03278	0.747369	0.435275	0.138448	-0.108543	-0.27842	
-0.434819	-0.469195	-0.482359	-0.466791	-0.430175	-0.367201	-0.270751	-0.136711	0.0275729	0.211756	0.405856	0.610102	0.834925	1.0664	1.26494	1.39337	1.4303	1.36784	1.20227	0.956634	0.665047	0.365087	0.0878875	-0.137609	-0.287366	
-0.460402	-0.469958	-0.458853	-0.416073	-0.345532	-0.244941	-0.117866	0.0374656	0.211756	0.398193	0.593614	0.793396	1.00789	1.21971	1.38831	1.47511	1.46299	1.35544	1.15824	0.899283	0.612305	0.330812	0.0766218	-0.126987	-0.259222	
-0.448503	-0.433413	-0.394776	-0.321395	-0.213613	-0.082179	0.0656882	0.231253	0.405856	0.593614	0.787251	0.981037	1.17835	1.36127	1.4944	1.53926	1.4857	1.34512	1.12944	0.86957	0.595053	0.336274	0.106466	-0.0767322	-0.192602	
-0.385063	-0.338592	-0.267911	-0.162191	-0.0276235	0.121092	0.275574	0.438613	0.610102	0.793396	0.981037	1.16099	1.33121	1.47876	1.57439	1.5832	1.50032	1.33922	1.11818	0.865446	0.608275	0.373383	0.166018	0.00247822	-0.101035	
-0.274362	-0.188536	-0.079802	0.0525812	0.205524	0.361249	0.513432	0.6722	0.834925	1.00789	1.17835	1.33121	1.46428	1.5704	1.62902	1.60937	1.50592	1.33452	1.11408	0.871288	0.631703	0.41654	0.229734	0.0806039	-0.0115502	
-0.117681	0.00863867	0.146734	0.297675	0.458869	0.614473	0.76494	0.915568	1.0664	1.21971	1.36127	1.47876	1.5704	1.63683	1.66589	1.62582	1.51178	1.33555	1.11791	0.884683	0.65742	0.45865	0.285038	0.148004	0.0617643	
0.0931909	0.241345	0.392721	0.545049	0.702511	0.854365	0.996547	1.13502	1.26494	1.38831	1.4944	1.57439	1.62902	1.66589	1.67469	1.62525	1.50724	1.32939	1.11558	0.886999	0.669972	0.47957	0.316897	0.18582	0.104341	
0.344951	0.499132	0.644952	0.785939	0.931311	1.06662	1.19017	1.30012	1.39337	1.47511	1.53926	1.5832	1.60937	1.62582	1.62525	1.57374	1.45626	1.28039	1.06785	0.844957	0.632627	0.450722	0.294281	0.169736	0.0908861	
0.608539	0.752909	0.884517	1.00671	1.127	1.23463	1.32121	1.38618	1.4303	1.46299	1.4857	1.50032	1.50592	1.51178	1.50724	1.45626	1.34136	1.16382	0.953228	0.729897	0.522682	0.343958	0.19421	0.073593	-0.00179788	
0.835006	0.963416	1.0746	1.16973	1.25846	1.3245	1.36359	1.37577	1.36784	1.35544	1.34512	1.33922	1.33452	1.33555	1.32939	1.28039	1.16382	0.985604	0.770922	0.54831	0.341316	0.166661	0.0209369	-0.0947988	-0.167179	
0.996719	1.1018	1.18519	1.24645	1.28976	1.30622	1.29233	1.2531	1.20227	1.15824	1.12944	1.11818	1.11408	1.11791	1.11558	1.06785	0.953228	0.770922	0.555479	0.330404	0.125887	-0.0466792	-0.18724	-0.29859	-0.366977	
1.07003	1.14468	1.19244	1.20839	1.20307	1.16885	1.10925	1.03278	0.956634	0.899283	0.86957	0.865446	0.871288	0.884683	0.886999	0.844957	0.729897	0.54831	0.330404	0.106867	-0.0956394	-0.263694	-0.398648	-0.504016	-0.567413	
1.04703	1.08433	1.08898	1.06019	1.00746	0.932932	0.842752	0.747369	0.665047	0.612305	0.595053	0.608275	0.631703	0.65742	0.669972	0.632627	0.522682	0.341316	0.125887	-0.0956394	-0.293152	-0.455804	-0.583758	-0.682162	-0.739472	
0.942483	0.933349	0.892649	0.819094	0.730354	0.630805	0.529459	0.435275	0.365087	0.330812	0.336274	0.373383	0.41654	0.45865	0.47957	0.450722	0.343958	0.166661	-0.0466792	-0.263694	-0.455804	-0.612065	-0.732433	-0.823441	-0.874108	
0.783356	0.728613	0.645528	0.539514	0.427289	0.318357	0.219777	0.138448	0.0878875	0.0766218	0.106466	0.166018	0.229734	0.285038	0.316897	0.294281	0.19421	0.0209369	-0.18724	-0.398648	-0.583758	-0.732433	-0.844651	-0.927364	-0.970892	
0.598787	0.506568	0.395021	0.26873	0.148204	0.0414656	-0.044971	-0.108543	-0.137609	-0.126987	-0.0767322	0.00247822	0.0806039	0.148004	0.18582	0.169736	0.073593	-0.0947988	-0.29859	-0.504016	-0.682162	-0.823441	-0.927364	-1.00208	-1.03822	
0.390886	0.281151	0.160553	0.0357686	-0.0767861	-0.167938	-0.23556	-0.27842	-0.287366	-0.259222	-0.192602	-0.101035	-0.0115502	0.0617643	0.104341	0.0908861	-0.00179788	-0.167179	-0.366977	-0.567413	-0.739472	-0.874108	-0.970892	-1.03822	-1.06797	
0.167157	0.0583314	-0.0512311	-0.158716	-0.248315	-0.314748	-0.355931	-0.374443	-0.361475	-0.314114	-0.232689	-0.127538	-0.0291936	0.0510241	0.0964543	0.0857679	-0.00519591	-0.168305	-0.365959	-0.56299	-0.731192	-0.861339	-0.953181	-1.01548	-1.04047	
-0.0602679	-0.152513	-0.237304	-0.314037	-0.371949	-0.405068	-0.415942	-0.406624	-0.369284	-0.302697	-0.203955	-0.0863376	0.0228865	0.109601	0.159313	0.151306	0.0625435	-0.0989481	-0.294705	-0.4899	-0.655378	-0.783079	-0.871827	-0.930989	-0.953357	
-0.259363	-0.324905	-0.377954	-0.421194	-0.444959	-0.447204	-0.428427	-0.393534	-0.334447	-0.248433	-0.134994	-0.0039552	0.114934	0.208777	0.26291	0.257809	0.17096	0.0111119	-0.184031	-0.377694	-0.542491	-0.668642	-0.756267	-0.813877	-0.834885	
-0.406111	-0.443542	-0.465424	-0.477459	-0.473122	-0.448104	-0.40694	-0.35249	-0.276622	-0.178467	-0.0538433	0.08474	0.209726	0.307508	0.363274	0.359267	0.272765	0.112609	-0.0822488	-0.276652	-0.440798	-0.567385	-0.654325	-0.711618	-0.73229	
-0.487689	-0.502964	-0.503687	-0.495707	-0.472562	-0.433327	-0.37878	-0.314127	-0.230825	-0.125644	0.0029011	0.145189	0.272625	0.371151	0.427603	0.423038	0.335972	0.175591	-0.0206285	-0.214744	-0.38017	-0.506327	-0.593942	-0.650945	-0.671651	
-0.500594	-0.513287	-0.509705	-0.4981	-0.472674	-0.429373	-0.373031	-0.306342	-0.220775	-0.115289	0.0146516	0.157236	0.284463	0.383559	0.439066	0.434506	0.347074	0.185847	-0.00991997	-0.205346	-0.37	-0.497237	-0.584306	-0.64179	-0.662442	
-0.447491	-0.473536	-0.485502	-0.4877	-0.47367	-0.442296	-0.394186	-0.334807	-0.255576	-0.15352	-0.0271224	0.113373	0.240045	0.337973	0.394696	0.390329	0.303753	0.143924	-0.0519027	-0.245492	-0.410781	-0.536504	-0.624136	-0.680921	-0.701754	
-0.324871	-0.379914	-0.419543	-0.449768	-0.461833	-0.451417	-0.422904	-0.379018	-0.311765	-0.220329	-0.101307	0.0334041	0.154935	0.25127	0.305763	0.301526	0.214854	0.0547535	-0.139771	-0.33435	-0.498236	-0.625082	-0.711888	-0.769622	-0.790341	
-0.145422	-0.226766	-0.299672	-0.36275	-0.406378	-0.427473	-0.425653	-0.405994	-0.359886	-0.284887	-0.180205	-0.057119	0.0566868	0.145963	0.198229	0.191131	0.103489	-0.0568659	-0.252612	-0.446394	-0.612128	-0.738246	-0.826896	-0.884747	-0.906776	
0.0756151	-0.0291532	-0.129602	-0.226389	-0.304294	-0.357298	-0.386827	-0.394159	-0.371111	-0.316253	-0.227713	-0.117601	-0.0153578	0.0679568	0.114273	0.104873	0.0144546	-0.148052	-0.34468	-0.541478	-0.708011	-0.837501	-0.927436	-0.988606	-1.01225	
0.302395	0.191816	0.0731048	-0.0460693	-0.150759	-0.233613	-0.291106	-0.325213	-0.325956	-0.29025	-0.218072	-0.121492	-0.0280433	0.0474444	0.0917823	0.0788713	-0.0126825	-0.176883	-0.375877	-0.57432	-0.745189	-0.877008	-0.972037	-1.03652	-1.06458	
0.518539	0.416052	0.298909	0.169991	0.0507738	-0.0508808	-0.130702	-0.186192	-0.206876	-0.188955	-0.131628	-0.0469626	0.0357799	0.106534	0.145729	0.131343	0.0362845	-0.130459	-0.332619	-0.536194	-0.711605	-0.850258	-0.950849	-1.02264	-1.05608	
0.711709	0.640817	0.54397	0.428322	0.310755	0.201109	0.10662	0.031619	-0.0103232	-0.0123778	0.0261263	0.0938932	0.164513	0.22474	0.260005	0.239667	0.14194	-0.0292782	-0.235557	-0.444415	-0.626975	-0.772099	-0.881224	-0.960286	-1.00123	
0.883629	0.855326	0.797087	0.708145	0.608706	0.503648	0.402239	0.312253	0.249757	0.224752	0.240206	0.286777	0.338291	0.386608	0.411312	0.385538	0.280836	0.10565	-0.106264	-0.321082	-0.510812	-0.663893	-0.781163	-0.86883	-0.916993	
1.01345	1.03306	1.01974	0.972729	0.90385	0.817554	0.720546	0.623445	0.544213	0.49769	0.488655	0.510733	0.542295	0.574159	0.59038	0.555779	0.447537	0.267459	0.0528915	-0.167276	-0.362699	-0.52274	-0.647655	-0.743155	-0.797986	
1.07204	1.1328	1.16413	1.16156	1.13691	1.08456	1.01092	0.924058	0.843486	0.786038	0.759724	0.761663	0.773725	0.792165	0.797624	0.757668	0.64391	0.462835	0.24493	0.0223216	-0.179019	-0.344385	-0.477175	-0.579402	-0.641121	
1.03752	1.13113	1.20182	1.24571	1.26972	1.26567	1.23151	1.17548	1.11179	1.06027	1.02887	1.01877	1.01795	1.02479	1.02405	0.978064	0.863439	0.681162	0.464631	0.23957	0.035964	-0.135081	-0.273123	-0.382643	-0.448888	
0.909029	1.02898	1.12977	1.21241	1.28431	1.33099	1.34931	1.3394	1.31333	1.2861	1.26634	1.25676	1.25094	1.25268	1.24708	1.19865	1.08255	0.903024	0.687364	0.463908	0.257241	0.0840901	-0.0603456	-0.173834	-0.245604	
0.705354	0.843778	0.968548	1.08031	1.18974	1.2823	1.35051	1.39527	1.41758	1.43156	1.43907	1.44394	1.44441	1.44739	1.44174	1.39154	1.27623	1.09891	0.886665	0.663738	0.456953	0.279969	0.132315	0.0130972	-0.0606408	
0.45192	0.603206	0.743767	0.878195	1.0143	1.14048	1.25133	1.34459	1.42019	1.48219	1.5295	1.56091	1.57776	1.58948	1.58636	1.53512	1.41893	1.24263	1.03108	0.808074	0.598095	0.417965	0.264026	0.141343	0.0632688	
0.189928	0.342796	0.493893	0.642381	0.797013	0.943338	1.07993	1.20953	1.32609	1.43471	1.52361	1.58891	1.63123	1.65852	1.66256	1.61169	1.49367	1.31703	1.10334	0.877719	0.66267	0.476423	0.316386	0.187828	0.107668	
-0.0391738	0.0977766	0.243666	0.396996	0.55725	0.712926	0.860543	1.00776	1.15252	1.29479	1.42345	1.52585	1.60186	1.6554	1.67438	1.6297	1.51333	1.33584	1.11988	0.888091	0.66601	0.470583	0.302103	0.167237	0.0832265	
-0.21813	-0.114261	0.00757998	0.149255	0.307214	0.462581	0.6145	0.769976	0.928296	1.09497	1.25412	1.394	1.51035	1.59954	1.64548	1.61625	1.50811	1.3343	1.11458	0.876435	0.642017	0.434902	0.253419	0.110008	0.0203476	
-0.34608	-0.285229	-0.19886	-0.082203	0.0608198	0.213813	0.36695	0.529172	0.697727	0.877657	1.0605	1.23087	1.38752	1.51876	1.59853	1.59553	1.5029	1.33687	1.11535	0.866174	0.616992	0.389878	0.191885	0.0336786	-0.0642372	
-0.429253	-0.402549	-0.352375	-0.264917	-0.145346	-0.0056406	0.146621	0.311329	0.485272	0.671844	0.863575	1.05396	1.24154	1.41116	1.5297	1.55897	1.49326	1.3424	1.12381	0.865983	0.598326	0.34959	0.128476	-0.0461652	-0.157269	
