-0.664894	-0.597882	-0.517109	-0.426289	-0.336488	-0.265576	-0.216208	-0.190581	-0.18567	-0.189181	-0.195198	-0.196648	-0.190102	-0.179283	-0.166493	-0.153331	-0.141067	-0.131815	-0.124603	-0.120162	-0.117743	-0.116401	-0.116431	-0.116538	-0.117031	
-0.597882	-0.514367	-0.420699	-0.324296	-0.252561	-0.209593	-0.189419	-0.190545	-0.196327	-0.19805	-0.19366	-0.180123	-0.164873	-0.150416	-0.138417	-0.129356	-0.123864	-0.121588	-0.120666	-0.121544	-0.121857	-0.12278	-0.122979	-0.122768	-0.122686	
-0.517109	-0.420699	-0.319786	-0.245841	-0.208698	-0.191253	-0.19291	-0.199674	-0.196199	-0.187326	-0.170363	-0.153166	-0.140612	-0.130684	-0.126289	-0.12368	-0.124495	-0.124895	-0.125495	-0.124678	-0.123428	-0.121627	-0.118946	-0.11688	-0.114491	
-0.426289	-0.324296	-0.245841	-0.209171	-0.192735	-0.191679	-0.200806	-0.195388	-0.181874	-0.163816	-0.143826	-0.134105	-0.127001	-0.126402	-0.12711	-0.127417	-0.128081	-0.12514	-0.122095	-0.117271	-0.113896	-0.108725	-0.105958	-0.102661	-0.10011	
-0.336488	-0.252561	-0.208698	-0.192735	-0.19048	-0.201557	-0.197516	-0.176759	-0.157151	-0.135982	-0.129058	-0.129136	-0.129802	-0.133224	-0.128985	-0.12684	-0.119594	-0.113135	-0.106816	-0.102918	-0.0983972	-0.0961548	-0.094926	-0.093248	-0.0930986	
-0.265576	-0.209593	-0.191253	-0.191679	-0.201557	-0.199063	-0.172551	-0.149837	-0.133179	-0.128378	-0.136386	-0.135191	-0.134345	-0.125425	-0.116838	-0.110311	-0.101576	-0.0994914	-0.0967106	-0.0970191	-0.0950977	-0.098129	-0.0960991	-0.0979993	-0.0975986	
-0.216208	-0.189419	-0.19291	-0.200806	-0.197516	-0.172551	-0.146422	-0.134724	-0.131647	-0.140378	-0.137681	-0.126772	-0.117687	-0.10643	-0.104972	-0.0990574	-0.100788	-0.101019	-0.101876	-0.100503	-0.101583	-0.0995981	-0.0977756	-0.0970682	-0.0946422	
-0.190581	-0.190545	-0.199674	-0.195388	-0.176759	-0.149837	-0.134724	-0.133735	-0.13894	-0.136714	-0.120355	-0.111223	-0.105232	-0.105337	-0.104595	-0.103501	-0.105839	-0.101199	-0.100162	-0.0955498	-0.0946169	-0.0881419	-0.0890142	-0.0841201	-0.0841189	
-0.18567	-0.196327	-0.196199	-0.181874	-0.157151	-0.133179	-0.131647	-0.13894	-0.135788	-0.120418	-0.107294	-0.106644	-0.107715	-0.107567	-0.10378	-0.103465	-0.09733	-0.0932949	-0.0897891	-0.0870996	-0.0840719	-0.0836492	-0.0830241	-0.0821746	-0.0827506	
-0.189181	-0.19805	-0.187326	-0.163816	-0.135982	-0.128378	-0.140378	-0.136714	-0.120418	-0.105724	-0.104488	-0.112138	-0.108942	-0.1027	-0.0980878	-0.0934921	-0.0879908	-0.0869235	-0.0854009	-0.0851166	-0.0850371	-0.086072	-0.0844613	-0.0855883	-0.0839674	
-0.195198	-0.19366	-0.170363	-0.143826	-0.129058	-0.136386	-0.137681	-0.120355	-0.107294	-0.104488	-0.115091	-0.112218	-0.0967556	-0.0921597	-0.0895752	-0.0890071	-0.0865483	-0.0896198	-0.0881257	-0.0877389	-0.0864875	-0.0844766	-0.0824436	-0.0812968	-0.0789722	
-0.196648	-0.180123	-0.153166	-0.134105	-0.129136	-0.135191	-0.126772	-0.111223	-0.106644	-0.112138	-0.112218	-0.0920062	-0.0869099	-0.0931544	-0.0947369	-0.0908316	-0.0896273	-0.0908683	-0.082171	-0.0826447	-0.0780409	-0.0772091	-0.0745195	-0.0755626	-0.0724954	
-0.190102	-0.164873	-0.140612	-0.127001	-0.129802	-0.134345	-0.117687	-0.105232	-0.107715	-0.108942	-0.0967556	-0.0869099	-0.0980305	-0.0992506	-0.0895819	-0.0826759	-0.0862186	-0.0776239	-0.0753756	-0.0784633	-0.0754944	-0.0756123	-0.0776769	-0.0750023	-0.0769724	
-0.179283	-0.150416	-0.130684	-0.126402	-0.133224	-0.125425	-0.10643	-0.105337	-0.107567	-0.1027	-0.0921597	-0.0931544	-0.0992506	-0.0855479	-0.078278	-0.0827459	-0.0829616	-0.0754825	-0.0832425	-0.0804367	-0.0772879	-0.0789009	-0.0775812	-0.072942	-0.0773988	
-0.166493	-0.138417	-0.126289	-0.12711	-0.128985	-0.116838	-0.104972	-0.104595	-0.10378	-0.0980878	-0.0895752	-0.0947369	-0.0895819	-0.078278	-0.0838237	-0.0866097	-0.0807839	-0.0780095	-0.0828029	-0.0720166	-0.0742657	-0.0733596	-0.0687489	-0.0700232	-0.069906	
-0.153331	-0.129356	-0.12368	-0.127417	-0.12684	-0.110311	-0.0990574	-0.103501	-0.103465	-0.0934921	-0.0890071	-0.0908316	-0.0826759	-0.0827459	-0.0866097	-0.0826262	-0.0733998	-0.0770858	-0.0742264	-0.0684012	-0.0744111	-0.070073	-0.0693488	-0.07333	-0.0682453	
-0.141067	-0.123864	-0.124495	-0.128081	-0.119594	-0.101576	-0.100788	-0.105839	-0.09733	-0.0879908	-0.0865483	-0.0896273	-0.0862186	-0.0829616	-0.0807839	-0.0733998	-0.0728626	-0.0779898	-0.0711503	-0.0742359	-0.0745752	-0.0710157	-0.0714858	-0.072447	-0.0661195	
-0.131815	-0.121588	-0.124895	-0.12514	-0.113135	-0.0994914	-0.101019	-0.101199	-0.0932949	-0.0869235	-0.0896198	-0.0908683	-0.0776239	-0.0754825	-0.0780095	-0.0770858	-0.0779898	-0.0758289	-0.0727089	-0.0722463	-0.0699805	-0.0665842	-0.0682654	-0.0646003	-0.0653573	
-0.124603	-0.120666	-0.125495	-0.122095	-0.106816	-0.0967106	-0.101876	-0.100162	-0.0897891	-0.0854009	-0.0881257	-0.082171	-0.0753756	-0.0832425	-0.0828029	-0.0742264	-0.0711503	-0.0727089	-0.0669974	-0.068411	-0.0678418	-0.0669653	-0.0677134	-0.0676104	-0.0665986	
-0.120162	-0.121544	-0.124678	-0.117271	-0.102918	-0.0970191	-0.100503	-0.0955498	-0.0870996	-0.0851166	-0.0877389	-0.0826447	-0.0784633	-0.0804367	-0.0720166	-0.0684012	-0.0742359	-0.0722463	-0.068411	-0.0727921	-0.069594	-0.067161	-0.0693383	-0.06492	-0.0656517	
-0.117743	-0.121857	-0.123428	-0.113896	-0.0983972	-0.0950977	-0.101583	-0.0946169	-0.0840719	-0.0850371	-0.0864875	-0.0780409	-0.0754944	-0.0772879	-0.0742657	-0.0744111	-0.0745752	-0.0699805	-0.0678418	-0.069594	-0.0634277	-0.064883	-0.064909	-0.061225	-0.0646648	
-0.116401	-0.12278	-0.121627	-0.108725	-0.0961548	-0.098129	-0.0995981	-0.0881419	-0.0836492	-0.086072	-0.0844766	-0.0772091	-0.0756123	-0.0789009	-0.0733596	-0.070073	-0.0710157	-0.0665842	-0.0669653	-0.067161	-0.064883	-0.0666579	-0.0657306	-0.0640006	-0.0665167	
-0.116431	-0.122979	-0.118946	-0.105958	-0.094926	-0.0960991	-0.0977756	-0.0890142	-0.0830241	-0.0844613	-0.0824436	-0.0745195	-0.0776769	-0.0775812	-0.0687489	-0.0693488	-0.0714858	-0.0682654	-0.0677134	-0.0693383	-0.064909	-0.0657306	-0.0641436	-0.0622932	-0.0628047	
-0.116538	-0.122768	-0.11688	-0.102661	-0.093248	-0.0979993	-0.0970682	-0.0841201	-0.0821746	-0.0855883	-0.0812968	-0.0755626	-0.0750023	-0.072942	-0.0700232	-0.07333	-0.072447	-0.0646003	-0.0676104	-0.06492	-0.061225	-0.0640006	-0.0622932	-0.0602146	-0.0643776	
-0.117031	-0.122686	-0.114491	-0.10011	-0.0930986	-0.0975986	-0.0946422	-0.0841189	-0.0827506	-0.0839674	-0.0789722	-0.0724954	-0.0769724	-0.0773988	-0.069906	-0.0682453	-0.0661195	-0.0653573	-0.0665986	-0.0656517	-0.0646648	-0.0665167	-0.0628047	-0.0643776	-0.0629136	
-0.11764	-0.121874	-0.112248	-0.0986162	-0.0930766	-0.0975582	-0.092863	-0.0821318	-0.0828523	-0.0841215	-0.0786012	-0.0747649	-0.0755555	-0.0704003	-0.0659482	-0.0719116	-0.0723637	-0.0652866	-0.0680849	-0.0648838	-0.061785	-0.0626965	-0.0608821	-0.0592095	-0.0613839	
-0.117859	-0.121475	-0.111027	-0.0969196	-0.092069	-0.0976827	-0.0928983	-0.0818044	-0.0818757	-0.0830187	-0.0769492	-0.0720523	-0.0761636	-0.0745542	-0.0704472	-0.0703066	-0.0645238	-0.063595	-0.0657064	-0.063015	-0.0625576	-0.0651916	-0.0611552	-0.0635107	-0.062489	
-0.118423	-0.120899	-0.10911	-0.0960379	-0.0934055	-0.0975627	-0.0895996	-0.0806212	-0.0837846	-0.083194	-0.0767904	-0.0738289	-0.075223	-0.0705106	-0.0657913	-0.0697708	-0.0692919	-0.0653067	-0.0676131	-0.0640602	-0.0631209	-0.0633445	-0.0605713	-0.0607915	-0.0604158	
-0.118423	-0.120356	-0.108778	-0.0955755	-0.0919498	-0.0970904	-0.0915573	-0.081167	-0.0814186	-0.0820865	-0.0758735	-0.0725351	-0.0763889	-0.0716569	-0.0684432	-0.0710804	-0.0660776	-0.0639652	-0.0656843	-0.0628949	-0.0614191	-0.0632087	-0.059982	-0.0615238	-0.060784	
-0.118665	-0.120372	-0.107872	-0.0948649	-0.0932184	-0.0975657	-0.0886296	-0.0800077	-0.0838023	-0.0828225	-0.0760065	-0.0727518	-0.0745422	-0.0713339	-0.0680803	-0.0696205	-0.0657573	-0.0642529	-0.066546	-0.0625158	-0.0632818	-0.0644046	-0.0605914	-0.0625719	-0.0611449	
-0.118627	-0.119966	-0.107954	-0.0953324	-0.0924295	-0.0969192	-0.0905551	-0.0807888	-0.0817516	-0.0820245	-0.0755671	-0.0734284	-0.0767589	-0.0697722	-0.0660326	-0.0704674	-0.0685101	-0.0651329	-0.0664359	-0.0639808	-0.0614803	-0.0620371	-0.0595318	-0.0600598	-0.0592963	
-0.118475	-0.120582	-0.10842	-0.0949541	-0.0925956	-0.0974753	-0.0897795	-0.08052	-0.0829938	-0.0827617	-0.0760116	-0.0717773	-0.0748658	-0.0727139	-0.0700608	-0.0701351	-0.0634662	-0.0634892	-0.065536	-0.0617301	-0.0630258	-0.0652276	-0.0607543	-0.063791	-0.0619651	
-0.118406	-0.120398	-0.108788	-0.0961413	-0.0930569	-0.0971648	-0.0903659	-0.08072	-0.0825819	-0.0828927	-0.0762886	-0.0741287	-0.0762078	-0.0690256	-0.0652343	-0.0706935	-0.0705998	-0.0655917	-0.0674957	-0.0646368	-0.0616681	-0.0618826	-0.0597568	-0.0593394	-0.0594678	
-0.117941	-0.121507	-0.110523	-0.0961727	-0.0920223	-0.0976847	-0.0923896	-0.0816146	-0.0818237	-0.0831603	-0.0767426	-0.0716553	-0.076714	-0.0742623	-0.0700646	-0.0696595	-0.0635184	-0.0640054	-0.0651935	-0.0629181	-0.0631353	-0.0657733	-0.061144	-0.0642401	-0.0620147	
-0.117671	-0.121369	-0.111476	-0.0983515	-0.0934694	-0.0972079	-0.0916238	-0.0819643	-0.0833593	-0.084099	-0.0781072	-0.0738326	-0.0748697	-0.0706079	-0.0670026	-0.0720856	-0.0710794	-0.0651566	-0.0681227	-0.0643626	-0.0619785	-0.0628264	-0.0607042	-0.0598676	-0.0614318	
-0.117143	-0.12263	-0.113896	-0.0988986	-0.0922322	-0.0981291	-0.0954643	-0.0831095	-0.0810856	-0.0840433	-0.0787488	-0.0732804	-0.0783861	-0.0746176	-0.0684199	-0.0694083	-0.0671241	-0.0652903	-0.0660568	-0.0656319	-0.0629055	-0.0656323	-0.0618123	-0.063016	-0.062085	
-0.116614	-0.122373	-0.11584	-0.1022	-0.0937668	-0.0969462	-0.0947868	-0.0849215	-0.0835537	-0.0850293	-0.0804601	-0.0730658	-0.0748983	-0.0754302	-0.0699587	-0.0715112	-0.0697954	-0.0655143	-0.0676558	-0.0650861	-0.0637288	-0.0648945	-0.06272	-0.0622022	-0.0634953	
-0.116434	-0.122986	-0.118225	-0.104115	-0.0938327	-0.0977201	-0.0982554	-0.0862263	-0.0816193	-0.0849624	-0.0825741	-0.0758214	-0.0768188	-0.0743299	-0.0690898	-0.0722306	-0.0721921	-0.0660281	-0.0676117	-0.0670612	-0.061688	-0.0649601	-0.0627121	-0.0608219	-0.0640035	
-0.116356	-0.12268	-0.12062	-0.107861	-0.0955899	-0.0968649	-0.0986281	-0.0889809	-0.0838522	-0.0852642	-0.0830118	-0.0753865	-0.0774593	-0.0798118	-0.0705109	-0.067717	-0.0709361	-0.0682197	-0.0672057	-0.0695145	-0.0667144	-0.066573	-0.0658582	-0.0638747	-0.0639708	
-0.117102	-0.122089	-0.122889	-0.111956	-0.0971012	-0.0961969	-0.101115	-0.0920064	-0.083599	-0.0855252	-0.0863854	-0.0772684	-0.0739341	-0.0776869	-0.0756974	-0.0750586	-0.0725775	-0.0675657	-0.0671185	-0.0664007	-0.0623674	-0.0654775	-0.0644552	-0.0624459	-0.0667359	
-0.119329	-0.121582	-0.12376	-0.115926	-0.101581	-0.0965278	-0.100399	-0.0944402	-0.0863367	-0.0851516	-0.0869012	-0.0823378	-0.0778074	-0.0781903	-0.0707623	-0.0688194	-0.0763105	-0.0718225	-0.0694217	-0.0737389	-0.0679651	-0.0660934	-0.0680706	-0.0621752	-0.0643721	
-0.122454	-0.121259	-0.125721	-0.120018	-0.104041	-0.0965769	-0.102994	-0.098662	-0.0876018	-0.0854341	-0.087071	-0.0812247	-0.0777254	-0.0831924	-0.080811	-0.0716156	-0.0705274	-0.0723781	-0.0652339	-0.0694738	-0.0678642	-0.067694	-0.0683001	-0.0681964	-0.0665123	
-0.128676	-0.120675	-0.124761	-0.124831	-0.111559	-0.0972429	-0.100004	-0.101184	-0.0925912	-0.0869591	-0.0898861	-0.0868117	-0.0752091	-0.0773499	-0.0795389	-0.0771788	-0.0756707	-0.075768	-0.0714032	-0.0707858	-0.069377	-0.0659214	-0.067756	-0.0649406	-0.0653021	
-0.137076	-0.123402	-0.124558	-0.125891	-0.116908	-0.101701	-0.101623	-0.10356	-0.0943008	-0.0869548	-0.088119	-0.0913292	-0.084207	-0.079272	-0.0788683	-0.074829	-0.0745443	-0.076358	-0.071708	-0.0734015	-0.0724262	-0.0697219	-0.0699994	-0.0693664	-0.0659506	
-0.147466	-0.126577	-0.124794	-0.12818	-0.123481	-0.106008	-0.0992265	-0.105423	-0.102159	-0.0907167	-0.0870871	-0.0891454	-0.0844345	-0.0847299	-0.0837961	-0.077953	-0.07327	-0.0780136	-0.0724978	-0.0717141	-0.0750829	-0.0704452	-0.0711107	-0.0732695	-0.0672256	
-0.161201	-0.13372	-0.124966	-0.127731	-0.128048	-0.114314	-0.102933	-0.1032	-0.103318	-0.0972613	-0.0898141	-0.0931048	-0.0848644	-0.0793509	-0.0875021	-0.0859667	-0.0768272	-0.0775757	-0.0786592	-0.0684795	-0.0739195	-0.0714555	-0.0678493	-0.0721459	-0.0690087	
-0.174677	-0.144935	-0.128039	-0.127283	-0.132395	-0.12089	-0.105122	-0.105976	-0.105796	-0.100247	-0.0914895	-0.0951558	-0.0964268	-0.0800308	-0.0779718	-0.085281	-0.0829981	-0.0773199	-0.0852953	-0.0783587	-0.0760609	-0.0771212	-0.0735613	-0.0700982	-0.0738906	
-0.186542	-0.159189	-0.135629	-0.12553	-0.131889	-0.132395	-0.112729	-0.104327	-0.107891	-0.106105	-0.093308	-0.0890381	-0.100951	-0.0961362	-0.0847483	-0.0809342	-0.0836106	-0.0746499	-0.0772609	-0.0792496	-0.0769563	-0.0776773	-0.0797049	-0.075741	-0.0790041	
-0.19462	-0.174342	-0.148285	-0.130835	-0.128261	-0.134382	-0.123649	-0.10937	-0.107508	-0.112166	-0.105839	-0.0867657	-0.0899726	-0.0961084	-0.0940173	-0.0893338	-0.0897405	-0.0864813	-0.0786224	-0.0800943	-0.0752188	-0.0750429	-0.0738867	-0.0740033	-0.0729926	
-0.196341	-0.188521	-0.163049	-0.139636	-0.129589	-0.136646	-0.132366	-0.114893	-0.106265	-0.108413	-0.117061	-0.10493	-0.0908146	-0.0916865	-0.0904371	-0.0887571	-0.0873422	-0.0913319	-0.0867387	-0.0868202	-0.0845554	-0.0820366	-0.0800336	-0.0791299	-0.0761469	
