-0.283513	-0.37958	-0.456588	-0.481206	-0.43738	-0.330412	-0.181656	-0.00598145	0.179328	0.361194	0.52512	0.635515	0.680311	0.65176	0.556802	0.404281	0.21804	0.0311864	-0.142619	-0.285672	-0.380517	-0.411334	-0.364917	-0.239751	-0.0562128	
-0.37958	-0.466755	-0.522457	-0.522273	-0.452492	-0.316349	-0.134473	0.0719071	0.280169	0.48076	0.655158	0.789207	0.853481	0.839945	0.748661	0.588278	0.390049	0.180553	-0.0214677	-0.202153	-0.336924	-0.39751	-0.376474	-0.261517	-0.0880719	
-0.456588	-0.522457	-0.544688	-0.509398	-0.405277	-0.243905	-0.0423304	0.180449	0.406573	0.618955	0.802006	0.943025	1.0143	1.00919	0.924912	0.769964	0.563726	0.33706	0.107643	-0.106955	-0.275734	-0.366829	-0.367526	-0.275054	-0.119504	
-0.481206	-0.522273	-0.509398	-0.43554	-0.30568	-0.130193	0.0802282	0.306689	0.540152	0.756192	0.944045	1.08214	1.15269	1.14805	1.07099	0.92201	0.709843	0.467093	0.218292	-0.0160104	-0.204895	-0.322886	-0.342634	-0.274658	-0.142366	
-0.43738	-0.452492	-0.405277	-0.30568	-0.158689	0.0211912	0.2213	0.43303	0.655861	0.868863	1.05166	1.1807	1.25121	1.25354	1.17974	1.03226	0.817328	0.571	0.312326	0.0668103	-0.138406	-0.270481	-0.30462	-0.257545	-0.158285	
-0.330412	-0.316349	-0.243905	-0.130193	0.0211912	0.189611	0.364581	0.550287	0.747983	0.945591	1.11823	1.24076	1.30656	1.31155	1.2372	1.09372	0.886724	0.643481	0.382607	0.135882	-0.0705944	-0.206583	-0.254798	-0.234233	-0.169742	
-0.181656	-0.134473	-0.0423304	0.0802282	0.2213	0.364581	0.515076	0.672121	0.840051	1.00649	1.15757	1.27038	1.32633	1.32904	1.2554	1.12138	0.934549	0.702471	0.450396	0.212104	0.0143221	-0.127203	-0.196346	-0.206927	-0.177564	
-0.00598145	0.0719071	0.180449	0.306689	0.43303	0.550287	0.672121	0.800464	0.936643	1.07685	1.20699	1.29501	1.33345	1.32522	1.25667	1.13484	0.969942	0.763133	0.531745	0.308203	0.113534	-0.0377036	-0.127823	-0.173592	-0.175274	
0.179328	0.280169	0.406573	0.540152	0.655861	0.747983	0.840051	0.936643	1.04622	1.16219	1.26543	1.32795	1.34428	1.31796	1.24982	1.13847	0.998312	0.82425	0.618874	0.413974	0.221224	0.0620155	-0.0519294	-0.128726	-0.15503	
0.361194	0.48076	0.618955	0.756192	0.868863	0.945591	1.00649	1.07685	1.16219	1.25087	1.32045	1.35571	1.35657	1.31732	1.23955	1.13426	1.01216	0.86599	0.692968	0.50853	0.325857	0.162529	0.0281111	-0.0684813	-0.116387	
0.52512	0.655158	0.802006	0.944045	1.05166	1.11823	1.15757	1.20699	1.26543	1.32045	1.3587	1.37579	1.35947	1.30731	1.22532	1.12826	1.01607	0.885299	0.733207	0.572226	0.402753	0.243212	0.105853	-0.00415096	-0.0700856	
0.635515	0.789207	0.943025	1.08214	1.1807	1.24076	1.27038	1.29501	1.32795	1.35571	1.37579	1.37301	1.33597	1.2729	1.19506	1.11046	1.009	0.886139	0.747337	0.599284	0.443662	0.293112	0.160337	0.0507087	-0.023535	
0.680311	0.853481	1.0143	1.15269	1.25121	1.30656	1.32633	1.33345	1.34428	1.35657	1.35947	1.33597	1.28212	1.21629	1.14457	1.06523	0.975704	0.868228	0.742215	0.60413	0.453062	0.307961	0.18322	0.0874034	0.0160784	
0.65176	0.839945	1.00919	1.14805	1.25354	1.31155	1.32904	1.32522	1.31796	1.31732	1.30731	1.2729	1.21629	1.1487	1.0764	0.997662	0.918358	0.827853	0.711761	0.578859	0.434238	0.296738	0.18576	0.101693	0.0279624	
0.556802	0.748661	0.924912	1.07099	1.17974	1.2372	1.2554	1.25667	1.24982	1.23955	1.22532	1.19506	1.14457	1.0764	0.995583	0.918817	0.844546	0.761928	0.651789	0.521315	0.393057	0.275038	0.17686	0.0956194	0.0171838	
0.404281	0.588278	0.769964	0.92201	1.03226	1.09372	1.12138	1.13484	1.13847	1.13426	1.12826	1.11046	1.06523	0.997662	0.918817	0.838277	0.759461	0.675894	0.57477	0.455818	0.345134	0.248193	0.166669	0.0947353	0.0244741	
0.21804	0.390049	0.563726	0.709843	0.817328	0.886724	0.934549	0.969942	0.998312	1.01216	1.01607	1.009	0.975704	0.918358	0.844546	0.759461	0.674023	0.594215	0.50424	0.397859	0.299815	0.222636	0.16514	0.111391	0.0543232	
0.0311864	0.180553	0.33706	0.467093	0.571	0.643481	0.702471	0.763133	0.82425	0.86599	0.885299	0.886139	0.868228	0.827853	0.761928	0.675894	0.594215	0.517105	0.434711	0.33818	0.258425	0.20872	0.175521	0.138312	0.098071	
-0.142619	-0.0214677	0.107643	0.218292	0.312326	0.382607	0.450396	0.531745	0.618874	0.692968	0.733207	0.747337	0.742215	0.711761	0.651789	0.57477	0.50424	0.434711	0.357315	0.283514	0.232332	0.203137	0.1851	0.163872	0.148653	
-0.285672	-0.202153	-0.106955	-0.0160104	0.0668103	0.135882	0.212104	0.308203	0.413974	0.50853	0.572226	0.599284	0.60413	0.578859	0.521315	0.455818	0.397859	0.33818	0.283514	0.244786	0.223356	0.206513	0.199287	0.198858	0.206473	
-0.380517	-0.336924	-0.275734	-0.204895	-0.138406	-0.0705944	0.0143221	0.113534	0.221224	0.325857	0.402753	0.443662	0.453062	0.434238	0.393057	0.345134	0.299815	0.258425	0.232332	0.223356	0.221838	0.223211	0.231252	0.243674	0.264308	
-0.411334	-0.39751	-0.366829	-0.322886	-0.270481	-0.206583	-0.127203	-0.0377036	0.0620155	0.162529	0.243212	0.293112	0.307961	0.296738	0.275038	0.248193	0.222636	0.20872	0.203137	0.206513	0.223211	0.251321	0.277372	0.298215	0.33052	
-0.364917	-0.376474	-0.367526	-0.342634	-0.30462	-0.254798	-0.196346	-0.127823	-0.0519294	0.0281111	0.105853	0.160337	0.18322	0.18576	0.17686	0.166669	0.16514	0.175521	0.1851	0.199287	0.231252	0.277372	0.320031	0.357081	0.400597	
-0.239751	-0.261517	-0.275054	-0.274658	-0.257545	-0.234233	-0.206927	-0.173592	-0.128726	-0.0684813	-0.00415096	0.0507087	0.0874034	0.101693	0.0956194	0.0947353	0.111391	0.138312	0.163872	0.198858	0.243674	0.298215	0.357081	0.40751	0.439962	
-0.0562128	-0.0880719	-0.119504	-0.142366	-0.158285	-0.169742	-0.177564	-0.175274	-0.15503	-0.116387	-0.0700856	-0.023535	0.0160784	0.0279624	0.0171838	0.0244741	0.0543232	0.098071	0.148653	0.206473	0.264308	0.33052	0.400597	0.439962	0.440897	
0.164802	0.117016	0.0638969	0.0141833	-0.0310724	-0.0727646	-0.108549	-0.133181	-0.134238	-0.120012	-0.100098	-0.0746813	-0.0532818	-0.0511234	-0.0589491	-0.0464311	-0.00469796	0.0634943	0.144725	0.22102	0.29279	0.369567	0.43189	0.447576	0.415203	
0.400682	0.339211	0.257031	0.172675	0.0967521	0.0284304	-0.0284827	-0.0700116	-0.0985662	-0.117937	-0.131123	-0.13538	-0.138128	-0.141295	-0.140025	-0.120782	-0.0669173	0.0254785	0.126604	0.220729	0.308718	0.383627	0.425992	0.418452	0.361668	
0.614502	0.531438	0.425754	0.31637	0.218971	0.129328	0.0531798	-0.00816003	-0.0656853	-0.120614	-0.164262	-0.204801	-0.233756	-0.237728	-0.223255	-0.191261	-0.121028	-0.0196577	0.0930701	0.203981	0.306249	0.375076	0.399169	0.371948	0.290156	
0.764653	0.670687	0.547257	0.41984	0.30871	0.207652	0.11912	0.0403548	-0.0381429	-0.114213	-0.187561	-0.253733	-0.300508	-0.313548	-0.294999	-0.249884	-0.171823	-0.0691232	0.0521017	0.182506	0.297343	0.36611	0.380427	0.334017	0.228242	
0.848457	0.743716	0.611408	0.474691	0.357125	0.253182	0.156705	0.0654214	-0.0235483	-0.115197	-0.206116	-0.281838	-0.333172	-0.353364	-0.331472	-0.278256	-0.202297	-0.104816	0.0268733	0.170458	0.292413	0.361061	0.36714	0.307278	0.190649	
0.861779	0.754853	0.621659	0.483635	0.364245	0.259787	0.161701	0.0683535	-0.0225225	-0.11682	-0.210254	-0.28713	-0.338936	-0.359557	-0.336769	-0.282477	-0.207923	-0.111815	0.0222636	0.168203	0.290861	0.359752	0.363882	0.300939	0.183975	
0.806404	0.708317	0.57942	0.447222	0.333767	0.230513	0.138118	0.0534263	-0.0297635	-0.112843	-0.195793	-0.266974	-0.316732	-0.334143	-0.31445	-0.26518	-0.186783	-0.0855583	0.0396216	0.176365	0.295131	0.364104	0.374575	0.322002	0.209948	
0.683031	0.594041	0.480785	0.363864	0.259124	0.163939	0.0820294	0.0141564	-0.0537339	-0.119042	-0.174853	-0.227724	-0.265104	-0.271887	-0.254878	-0.217329	-0.142391	-0.0398419	0.0763175	0.195382	0.302714	0.370306	0.390559	0.355225	0.263277	
0.49212	0.422078	0.329211	0.233295	0.147851	0.0696962	0.00505528	-0.0451581	-0.0851049	-0.118734	-0.145141	-0.16415	-0.177407	-0.179969	-0.173038	-0.150327	-0.0898377	0.00816413	0.114737	0.215363	0.308971	0.381703	0.415779	0.400349	0.333364	
0.258351	0.205228	0.141511	0.078397	0.0198251	-0.0324646	-0.0773649	-0.108346	-0.120536	-0.11925	-0.11144	-0.0961128	-0.084409	-0.0862497	-0.0909885	-0.0757685	-0.0298173	0.0493584	0.13964	0.223168	0.301613	0.379177	0.434587	0.439336	0.39727	
0.0293315	-0.00890372	-0.0486965	-0.0813841	-0.108646	-0.132815	-0.152888	-0.163125	-0.15066	-0.12059	-0.0840227	-0.0448581	-0.0104427	-0.00225678	-0.0124709	-0.0034036	0.031271	0.0835399	0.1472	0.212713	0.275943	0.347228	0.416421	0.447553	0.434017	
-0.172743	-0.196964	-0.217698	-0.227231	-0.22326	-0.213724	-0.200437	-0.180204	-0.146179	-0.0940946	-0.0369639	0.0160045	0.05676	0.0720868	0.0635116	0.0664477	0.0889639	0.122003	0.155486	0.200778	0.25047	0.308682	0.37372	0.422593	0.443994	
-0.322811	-0.340729	-0.341237	-0.325053	-0.293458	-0.252351	-0.205687	-0.150962	-0.0877111	-0.015714	0.0584804	0.113276	0.140939	0.148993	0.143099	0.13735	0.144356	0.161765	0.177612	0.198549	0.23597	0.28581	0.334801	0.378988	0.421176	
-0.403239	-0.399987	-0.37786	-0.342531	-0.296	-0.236803	-0.164125	-0.0807091	0.0118876	0.105359	0.185845	0.237834	0.255259	0.249402	0.233378	0.213676	0.197136	0.194291	0.195563	0.202185	0.225254	0.263024	0.295758	0.32179	0.360061	
-0.400922	-0.370972	-0.322815	-0.262634	-0.201825	-0.135014	-0.0500454	0.0465655	0.15234	0.256571	0.335914	0.381715	0.393112	0.376757	0.344171	0.30554	0.267032	0.235754	0.218632	0.216153	0.222389	0.233629	0.248458	0.264269	0.288749	
-0.330804	-0.263624	-0.18207	-0.0978104	-0.0216002	0.0465709	0.126767	0.226056	0.3343	0.434888	0.505498	0.537512	0.54472	0.522229	0.46876	0.408852	0.355687	0.30232	0.259773	0.234293	0.222384	0.211607	0.21005	0.216472	0.22997	
-0.20433	-0.0970203	0.0187523	0.121105	0.211375	0.28077	0.352371	0.439693	0.536242	0.619805	0.669049	0.68893	0.688376	0.660326	0.600658	0.527863	0.463125	0.397366	0.326737	0.266179	0.227056	0.203271	0.188879	0.176227	0.171175	
-0.0410141	0.0984111	0.245255	0.367151	0.467011	0.539304	0.601388	0.671604	0.743869	0.798872	0.826577	0.832229	0.819775	0.78399	0.720971	0.638775	0.560231	0.484887	0.404008	0.314639	0.245576	0.205431	0.179487	0.147965	0.117203	
0.142092	0.306603	0.474072	0.61475	0.721659	0.793111	0.846759	0.891767	0.93352	0.95821	0.966789	0.962242	0.935604	0.88482	0.813865	0.726776	0.64198	0.563483	0.477489	0.374336	0.282566	0.216281	0.169339	0.122352	0.0708112	
0.331975	0.511912	0.692	0.842868	0.952453	1.0168	1.05278	1.07411	1.08535	1.08609	1.08508	1.07265	1.03114	0.966246	0.888896	0.806684	0.724451	0.64211	0.545439	0.431935	0.326799	0.236897	0.164235	0.0990879	0.0341925	
0.502205	0.691946	0.870316	1.0202	1.13015	1.18854	1.20807	1.21359	1.20969	1.20052	1.18788	1.16223	1.11328	1.04471	0.965051	0.886611	0.811205	0.72827	0.621238	0.494717	0.374075	0.264507	0.172224	0.0933369	0.017045	
0.620835	0.811415	0.984957	1.12556	1.23278	1.29106	1.3088	1.30494	1.29617	1.29015	1.27732	1.24284	1.1887	1.12064	1.04423	0.966947	0.891068	0.805023	0.691196	0.558797	0.419651	0.289357	0.183309	0.100946	0.02432	
0.678248	0.857803	1.0216	1.15965	1.26069	1.31696	1.33552	1.337	1.33879	1.34597	1.34294	1.31369	1.25719	1.18991	1.11938	1.0401	0.954948	0.854875	0.733335	0.598499	0.448706	0.305117	0.186165	0.0962366	0.0250611	
0.661537	0.824032	0.980448	1.11974	1.2164	1.27329	1.29858	1.31529	1.33941	1.36068	1.37364	1.36118	1.31647	1.2525	1.17753	1.09608	0.998962	0.881059	0.747957	0.603968	0.451045	0.302687	0.17281	0.0677426	-0.00569454	
0.577246	0.715656	0.865559	1.00597	1.11004	1.17436	1.20973	1.24894	1.29685	1.33839	1.3687	1.37912	1.35406	1.29638	1.21494	1.12346	1.01633	0.887762	0.741247	0.586675	0.42356	0.267798	0.131749	0.0199046	-0.0515835	
