0.21186	0.168166	0.125848	0.0905127	0.0642167	0.0601416	0.0777895	0.111339	0.150512	0.193477	0.243836	0.307888	0.377591	0.427125	0.450129	0.459249	0.462656	0.447741	0.40618	0.344572	0.273533	0.189073	0.0806065	-0.0260799	-0.114437	
0.310498	0.269653	0.225355	0.187415	0.164359	0.160805	0.176034	0.209084	0.251766	0.294183	0.337536	0.39348	0.449314	0.473298	0.462203	0.441	0.416791	0.373307	0.303853	0.215296	0.123408	0.0254763	-0.0815172	-0.182869	-0.255519	
0.424628	0.391412	0.351244	0.320437	0.304215	0.302726	0.311846	0.337676	0.3747	0.4127	0.442229	0.474901	0.499387	0.492415	0.447715	0.396097	0.342484	0.277225	0.187535	0.0844741	-0.02196	-0.121453	-0.217683	-0.302283	-0.36527	
0.533629	0.515577	0.491173	0.476136	0.471963	0.472047	0.473484	0.483814	0.505186	0.528463	0.536525	0.531413	0.511808	0.469745	0.399583	0.321594	0.243327	0.162296	0.0650683	-0.0429785	-0.15323	-0.248753	-0.326704	-0.38853	-0.440441	
0.611783	0.623064	0.625545	0.635022	0.64558	0.648269	0.639308	0.628813	0.623697	0.618775	0.594242	0.543825	0.475272	0.398268	0.31096	0.215976	0.120219	0.0294462	-0.0672065	-0.172412	-0.277469	-0.362213	-0.419719	-0.45576	-0.492169	
0.649716	0.70289	0.742689	0.779951	0.807406	0.813161	0.791991	0.758563	0.719335	0.673921	0.605059	0.511165	0.399334	0.293553	0.193433	0.0921226	-0.0131346	-0.108393	-0.201789	-0.299281	-0.3908	-0.457115	-0.490987	-0.503077	-0.518594	
0.660255	0.763686	0.844281	0.908	0.952433	0.960713	0.928396	0.871796	0.798769	0.704449	0.587405	0.45537	0.316918	0.188906	0.0781412	-0.0275479	-0.135042	-0.233449	-0.323845	-0.411899	-0.48415	-0.524651	-0.53461	-0.527713	-0.524133	
0.64441	0.794328	0.910396	0.995384	1.05238	1.06361	1.02177	0.947897	0.845195	0.707835	0.546148	0.388595	0.237446	0.0985765	-0.0256948	-0.136393	-0.245191	-0.34161	-0.42697	-0.49937	-0.546985	-0.555361	-0.539208	-0.520024	-0.506931	
0.611402	0.790131	0.92866	1.0252	1.08849	1.1005	1.05532	0.971334	0.851281	0.68601	0.498701	0.32646	0.173888	0.0292418	-0.105058	-0.22646	-0.334497	-0.425769	-0.495147	-0.544252	-0.562671	-0.543482	-0.503249	-0.476167	-0.468855	
0.572132	0.753292	0.8954	0.992758	1.05354	1.06482	1.02222	0.938916	0.815692	0.647323	0.45889	0.285926	0.131911	-0.0142033	-0.155167	-0.283583	-0.392868	-0.471672	-0.518246	-0.534986	-0.527077	-0.494247	-0.4473	-0.416867	-0.419974	
0.518495	0.675537	0.802245	0.889174	0.9405	0.949616	0.914264	0.8416	0.730794	0.583335	0.418809	0.257466	0.102113	-0.0456648	-0.183043	-0.310623	-0.414795	-0.478903	-0.49747	-0.485913	-0.457368	-0.425636	-0.39189	-0.370495	-0.377879	
0.443216	0.55819	0.654059	0.720621	0.759759	0.765677	0.739905	0.683857	0.600213	0.490224	0.367619	0.23057	0.0813181	-0.0627287	-0.186091	-0.297803	-0.389493	-0.435953	-0.433309	-0.405071	-0.374104	-0.351231	-0.339286	-0.340117	-0.357064	
0.344975	0.412428	0.468542	0.509674	0.536267	0.540944	0.522016	0.486705	0.436908	0.373311	0.297182	0.198323	0.0716202	-0.0547595	-0.155988	-0.241737	-0.312901	-0.346815	-0.335191	-0.310273	-0.294802	-0.293024	-0.299397	-0.323476	-0.362376	
0.228793	0.251533	0.267676	0.281425	0.297813	0.30069	0.288714	0.272132	0.259273	0.23857	0.209444	0.156813	0.077108	-0.0136729	-0.0857161	-0.144684	-0.192596	-0.218852	-0.21609	-0.209857	-0.223048	-0.250452	-0.279891	-0.322317	-0.38457	
0.0975567	0.0808377	0.0616813	0.0505048	0.0540717	0.0558745	0.051053	0.0550565	0.0729492	0.0915815	0.104491	0.106148	0.0876261	0.0530414	0.0162545	-0.0174532	-0.0452907	-0.065462	-0.0796519	-0.104418	-0.14895	-0.209069	-0.267639	-0.333255	-0.411663	
-0.041334	-0.0933746	-0.140163	-0.174884	-0.188377	-0.190486	-0.181996	-0.156943	-0.112494	-0.0630408	-0.00785122	0.0448113	0.089656	0.115654	0.125848	0.117451	0.104527	0.0866441	0.0559574	-0.00178765	-0.0834221	-0.17583	-0.266591	-0.356415	-0.444124	
-0.177185	-0.260529	-0.329533	-0.387016	-0.422289	-0.429013	-0.404166	-0.354624	-0.28895	-0.212303	-0.120484	-0.0227607	0.0687729	0.148837	0.210066	0.238524	0.236707	0.213235	0.165436	0.0803398	-0.0360781	-0.163966	-0.281288	-0.386855	-0.470457	
-0.291491	-0.399854	-0.489648	-0.568412	-0.62312	-0.633908	-0.594352	-0.523063	-0.436609	-0.337781	-0.216432	-0.0886522	0.0341365	0.150039	0.258967	0.32849	0.343261	0.306488	0.235814	0.129544	-0.00975471	-0.162391	-0.299795	-0.40716	-0.47582	
-0.377533	-0.505296	-0.613813	-0.707964	-0.770755	-0.782964	-0.737617	-0.654035	-0.550007	-0.431428	-0.292451	-0.146905	-0.00530356	0.135802	0.274122	0.375785	0.407517	0.365827	0.275187	0.153722	0.00862625	-0.147662	-0.285924	-0.38811	-0.439375	
-0.449114	-0.588607	-0.709356	-0.804388	-0.86179	-0.87164	-0.832101	-0.75118	-0.639438	-0.50741	-0.358552	-0.205419	-0.050353	0.105052	0.253356	0.360264	0.40208	0.370103	0.284973	0.165499	0.02727	-0.113672	-0.234311	-0.317592	-0.355019	
-0.513413	-0.657114	-0.77305	-0.854428	-0.896356	-0.90361	-0.875022	-0.810604	-0.707169	-0.573771	-0.42025	-0.262824	-0.103903	0.0521769	0.189159	0.281425	0.320216	0.309507	0.257428	0.16834	0.0519067	-0.0687159	-0.163156	-0.220545	-0.2377	
-0.571556	-0.704668	-0.800062	-0.857666	-0.886381	-0.890866	-0.872338	-0.827422	-0.747594	-0.628719	-0.478714	-0.321957	-0.171331	-0.0351074	0.0771006	0.148867	0.185756	0.196701	0.18823	0.148654	0.0743693	-0.0139689	-0.0817683	-0.111753	-0.108777	
-0.607896	-0.71649	-0.781735	-0.819881	-0.841263	-0.845952	-0.830213	-0.799948	-0.746618	-0.656332	-0.525777	-0.383922	-0.255626	-0.150619	-0.0674947	-0.00698029	0.0363301	0.0692606	0.095192	0.105374	0.0885741	0.0528649	0.024181	0.016519	0.0322824	
-0.616163	-0.686911	-0.726743	-0.752755	-0.773747	-0.778037	-0.762461	-0.737972	-0.705558	-0.648641	-0.558002	-0.454982	-0.361994	-0.287239	-0.223125	-0.165956	-0.110683	-0.0592067	-0.00637973	0.0453168	0.0881234	0.118291	0.141593	0.16314	0.185139	
-0.60357	-0.634558	-0.65367	-0.673296	-0.691753	-0.696147	-0.681023	-0.661342	-0.642687	-0.618005	-0.578926	-0.534391	-0.48777	-0.437269	-0.380882	-0.321518	-0.259677	-0.193683	-0.116441	-0.0251903	0.070269	0.159045	0.235998	0.295212	0.33939	
-0.592646	-0.586563	-0.586746	-0.594272	-0.606077	-0.608531	-0.59896	-0.58875	-0.585979	-0.589862	-0.59854	-0.612116	-0.614054	-0.589253	-0.53796	-0.475726	-0.407393	-0.328987	-0.225935	-0.0969933	0.0429618	0.177875	0.300555	0.406469	0.491029	
-0.586563	-0.551062	-0.525514	-0.513324	-0.512341	-0.513058	-0.511826	-0.519204	-0.539538	-0.571199	-0.613716	-0.666805	-0.708738	-0.714548	-0.679668	-0.61817	-0.540891	-0.445655	-0.320282	-0.162239	0.0113861	0.18382	0.349403	0.501922	0.633168	
-0.586746	-0.525514	-0.471462	-0.433781	-0.418665	-0.416829	-0.425573	-0.454011	-0.502604	-0.561542	-0.625571	-0.698005	-0.763318	-0.798459	-0.789027	-0.739162	-0.65528	-0.543218	-0.397478	-0.218508	-0.0198034	0.185113	0.389136	0.583044	0.749012	
-0.594272	-0.513324	-0.433781	-0.374391	-0.346062	-0.342143	-0.359515	-0.406669	-0.48015	-0.561995	-0.641406	-0.721526	-0.795802	-0.847121	-0.861101	-0.829962	-0.751744	-0.629268	-0.464143	-0.262502	-0.0406304	0.188582	0.419492	0.639525	0.828835	
-0.606077	-0.512341	-0.418665	-0.346062	-0.30958	-0.304025	-0.326927	-0.385675	-0.473528	-0.569511	-0.658184	-0.742276	-0.816606	-0.871924	-0.896804	-0.881758	-0.813955	-0.689175	-0.508065	-0.284443	-0.0429477	0.200785	0.442166	0.673867	0.875071	
-0.608531	-0.513058	-0.416829	-0.342143	-0.304025	-0.298004	-0.322129	-0.382759	-0.47345	-0.571391	-0.662172	-0.746533	-0.821171	-0.876132	-0.902953	-0.890595	-0.825743	-0.700959	-0.516779	-0.288447	-0.0425704	0.203172	0.446142	0.678912	0.88306	
-0.59896	-0.511826	-0.425573	-0.359515	-0.326927	-0.322129	-0.34223	-0.395562	-0.476159	-0.564995	-0.64839	-0.730706	-0.805443	-0.859689	-0.879039	-0.855315	-0.781351	-0.657474	-0.485075	-0.273424	-0.0427911	0.193599	0.429812	0.65638	0.851699	
-0.58875	-0.519204	-0.454011	-0.406669	-0.385675	-0.382759	-0.395562	-0.432202	-0.492068	-0.560586	-0.631482	-0.707519	-0.778335	-0.821574	-0.822746	-0.779823	-0.696981	-0.579692	-0.42605	-0.238712	-0.0306667	0.184778	0.401808	0.608067	0.785058	
-0.585979	-0.539538	-0.502604	-0.48015	-0.473528	-0.47345	-0.476159	-0.492068	-0.523395	-0.566407	-0.618365	-0.681281	-0.734235	-0.75272	-0.727472	-0.6695	-0.588508	-0.48564	-0.351948	-0.185077	-0.00127477	0.185248	0.36701	0.53743	0.683651	
-0.589862	-0.571199	-0.561542	-0.561995	-0.569511	-0.571391	-0.564995	-0.560586	-0.566407	-0.58134	-0.605739	-0.637424	-0.657019	-0.643785	-0.597895	-0.535268	-0.46351	-0.378599	-0.265869	-0.124384	0.03049	0.180928	0.321174	0.445612	0.549465	
-0.59854	-0.613716	-0.625571	-0.641406	-0.658184	-0.662172	-0.64839	-0.631482	-0.618365	-0.605739	-0.58694	-0.567023	-0.540082	-0.499323	-0.444455	-0.383681	-0.319667	-0.248549	-0.161216	-0.0539239	0.0601958	0.169002	0.264462	0.341705	0.400476	
-0.612116	-0.666805	-0.698005	-0.721526	-0.742276	-0.746533	-0.730706	-0.707519	-0.681281	-0.637424	-0.567023	-0.485985	-0.411049	-0.346375	-0.286096	-0.22825	-0.169752	-0.112477	-0.0498548	0.0174857	0.0827117	0.137641	0.183114	0.218574	0.247096	
-0.614054	-0.708738	-0.763318	-0.795802	-0.816606	-0.821171	-0.805443	-0.778335	-0.734235	-0.657019	-0.540082	-0.411049	-0.295755	-0.203146	-0.12884	-0.0699354	-0.0223517	0.0186965	0.0555615	0.0835244	0.0907113	0.0814695	0.0726782	0.0755789	0.0930349	
-0.589253	-0.714548	-0.798459	-0.847121	-0.871924	-0.876132	-0.859689	-0.821574	-0.75272	-0.643785	-0.499323	-0.346375	-0.203146	-0.0785774	0.0219574	0.0875238	0.125819	0.145487	0.152457	0.133107	0.0807366	0.0112949	-0.042369	-0.0634693	-0.0545987	
-0.53796	-0.679668	-0.789027	-0.861101	-0.896804	-0.902953	-0.879039	-0.822746	-0.727472	-0.597895	-0.444455	-0.286096	-0.12884	0.0219574	0.149599	0.233296	0.270142	0.269061	0.234213	0.163737	0.0613859	-0.048056	-0.132441	-0.1789	-0.187244	
-0.475726	-0.61817	-0.739162	-0.829962	-0.881758	-0.890595	-0.855315	-0.779823	-0.6695	-0.535268	-0.383681	-0.22825	-0.0699354	0.0875238	0.233296	0.335587	0.37771	0.353672	0.279296	0.168436	0.0367884	-0.096499	-0.207331	-0.280542	-0.310437	
-0.407393	-0.540891	-0.65528	-0.751744	-0.813955	-0.825743	-0.781351	-0.696981	-0.588508	-0.46351	-0.319667	-0.169752	-0.0223517	0.125819	0.270142	0.37771	0.414703	0.37547	0.283051	0.159693	0.0158249	-0.135869	-0.268726	-0.36498	-0.410435	
-0.328987	-0.445655	-0.543218	-0.629268	-0.689175	-0.700959	-0.657474	-0.579692	-0.48564	-0.378599	-0.248549	-0.112477	0.0186965	0.145487	0.269061	0.353672	0.37547	0.334885	0.254598	0.141206	-0.00269009	-0.159103	-0.299569	-0.405632	-0.467677	
-0.225935	-0.320282	-0.397478	-0.464143	-0.508065	-0.516779	-0.485075	-0.42605	-0.351948	-0.265869	-0.161216	-0.0498548	0.0555615	0.152457	0.234213	0.279296	0.283051	0.254598	0.198362	0.103922	-0.0234955	-0.163243	-0.289569	-0.397869	-0.476493	
-0.0969933	-0.162239	-0.218508	-0.262502	-0.284443	-0.288447	-0.273424	-0.238712	-0.185077	-0.124384	-0.0539239	0.0174857	0.0835244	0.133107	0.163737	0.168436	0.159693	0.141206	0.103922	0.0345889	-0.062141	-0.168104	-0.27081	-0.368458	-0.456165	
0.0429618	0.0113861	-0.0198034	-0.0406304	-0.0429477	-0.0425704	-0.0427911	-0.0306667	-0.00127477	0.03049	0.0601958	0.0827117	0.0907113	0.0807366	0.0613859	0.0367884	0.0158249	-0.00269009	-0.0234955	-0.062141	-0.120772	-0.193956	-0.265641	-0.341477	-0.424343	
0.177875	0.18382	0.185113	0.188582	0.200785	0.203172	0.193599	0.184778	0.185248	0.180928	0.169002	0.137641	0.0814695	0.0112949	-0.048056	-0.096499	-0.135869	-0.159103	-0.163243	-0.168104	-0.193956	-0.23397	-0.274529	-0.325309	-0.394981	
0.300555	0.349403	0.389136	0.419492	0.442166	0.446142	0.429812	0.401808	0.36701	0.321174	0.264462	0.183114	0.0726782	-0.042369	-0.132441	-0.207331	-0.268726	-0.299569	-0.289569	-0.27081	-0.265641	-0.274529	-0.289193	-0.321016	-0.370509	
0.406469	0.501922	0.583044	0.639525	0.673867	0.678912	0.65638	0.608067	0.53743	0.445612	0.341705	0.218574	0.0755789	-0.0634693	-0.1789	-0.280542	-0.36498	-0.405632	-0.397869	-0.368458	-0.341477	-0.325309	-0.321016	-0.332274	-0.356427	
0.491029	0.633168	0.749012	0.828835	0.875071	0.88306	0.851699	0.785058	0.683651	0.549465	0.400476	0.247096	0.0930349	-0.0545987	-0.187244	-0.310437	-0.410435	-0.467677	-0.476493	-0.456165	-0.424343	-0.394981	-0.370509	-0.356427	-0.366514	
