-0.158934	-0.0919497	-0.0186493	0.0514779	0.0939811	0.100644	0.0723426	0.0114689	-0.0633543	-0.133231	-0.19495	-0.253001	-0.31692	-0.385651	-0.4407	-0.474824	-0.471463	-0.410544	-0.304624	-0.181287	-0.0503331	0.0796049	0.187952	0.273838	0.351428	
-0.343662	-0.251807	-0.155351	-0.0673063	-0.00776848	0.0031291	-0.0385459	-0.11777	-0.213547	-0.307981	-0.395472	-0.48815	-0.583065	-0.663219	-0.720436	-0.744839	-0.727927	-0.657845	-0.537336	-0.397225	-0.256068	-0.111227	0.0145326	0.110397	0.1937	
-0.526476	-0.416088	-0.296297	-0.189334	-0.116624	-0.101675	-0.155051	-0.250847	-0.368607	-0.483686	-0.588516	-0.701939	-0.814904	-0.897719	-0.947794	-0.962247	-0.93546	-0.86128	-0.743086	-0.602123	-0.455127	-0.306065	-0.174922	-0.0669745	0.0252525	
-0.664317	-0.535402	-0.402782	-0.286986	-0.207486	-0.192606	-0.24868	-0.353587	-0.481808	-0.614097	-0.736334	-0.856431	-0.973411	-1.06222	-1.11425	-1.12467	-1.09751	-1.02476	-0.913386	-0.78003	-0.63548	-0.490994	-0.361066	-0.245758	-0.145641	
-0.728579	-0.588894	-0.452278	-0.336305	-0.266051	-0.252799	-0.302504	-0.401413	-0.533836	-0.672783	-0.809009	-0.93571	-1.05369	-1.15053	-1.20772	-1.22175	-1.1906	-1.12173	-1.01961	-0.898879	-0.762131	-0.624046	-0.505327	-0.397184	-0.296361	
-0.722859	-0.57055	-0.4332	-0.323037	-0.256484	-0.245432	-0.290475	-0.385154	-0.513146	-0.661473	-0.810244	-0.944547	-1.06497	-1.1662	-1.23096	-1.24397	-1.21295	-1.14911	-1.05399	-0.940905	-0.819278	-0.696812	-0.58777	-0.491591	-0.39898	
-0.653508	-0.492993	-0.348914	-0.237876	-0.171692	-0.159669	-0.205952	-0.299256	-0.432384	-0.58861	-0.749185	-0.896156	-1.02399	-1.1275	-1.19249	-1.20377	-1.16803	-1.1102	-1.01915	-0.91299	-0.808131	-0.704547	-0.607294	-0.526337	-0.451315	
-0.54009	-0.376918	-0.232572	-0.116294	-0.0447792	-0.0300216	-0.0819831	-0.181818	-0.315983	-0.473868	-0.639408	-0.80008	-0.941185	-1.04999	-1.10952	-1.11661	-1.07088	-0.999538	-0.909031	-0.811164	-0.717835	-0.638369	-0.569953	-0.507325	-0.454257	
-0.407459	-0.244222	-0.104518	0.00920499	0.0826323	0.0969088	0.0444589	-0.0554583	-0.18504	-0.340743	-0.509681	-0.676551	-0.827006	-0.939718	-0.990519	-0.982364	-0.925738	-0.83891	-0.740287	-0.644817	-0.5647	-0.511764	-0.469909	-0.437292	-0.414446	
-0.284623	-0.126984	0.0131997	0.132854	0.210428	0.224181	0.170286	0.064693	-0.0689955	-0.220187	-0.383697	-0.548012	-0.691134	-0.79596	-0.840732	-0.823077	-0.752383	-0.649308	-0.541807	-0.451747	-0.38879	-0.35221	-0.340623	-0.348091	-0.361121	
-0.198602	-0.0413393	0.10591	0.231733	0.311597	0.325708	0.270538	0.16048	0.0185299	-0.13475	-0.292855	-0.440769	-0.55764	-0.637432	-0.666782	-0.634967	-0.553117	-0.442676	-0.333117	-0.251009	-0.205434	-0.196112	-0.218176	-0.257249	-0.30236	
-0.149919	0.00417723	0.15494	0.283048	0.363783	0.377382	0.322094	0.21046	0.065455	-0.088377	-0.239179	-0.366174	-0.452938	-0.49735	-0.500353	-0.445765	-0.347662	-0.230946	-0.124354	-0.0555636	-0.0305191	-0.0517896	-0.107697	-0.17597	-0.245607	
-0.138824	0.0124605	0.161328	0.28121	0.360738	0.376939	0.318639	0.213439	0.0743151	-0.0800209	-0.218753	-0.322805	-0.383799	-0.394437	-0.360131	-0.279072	-0.163723	-0.0418975	0.0579616	0.118755	0.125453	0.0816931	0.001446	-0.0956229	-0.192533	
-0.146702	-0.00633122	0.136542	0.254696	0.333623	0.349171	0.291778	0.187607	0.052028	-0.0927603	-0.218183	-0.304268	-0.341632	-0.323346	-0.25595	-0.147324	-0.0142371	0.100645	0.189586	0.246211	0.249577	0.196381	0.0996977	-0.0206657	-0.148587	
-0.156719	-0.0229229	0.112173	0.230621	0.308128	0.320164	0.269355	0.162029	0.0322069	-0.105325	-0.224659	-0.29408	-0.309523	-0.274917	-0.184528	-0.0518843	0.081161	0.191309	0.274233	0.324869	0.324421	0.269908	0.166504	0.0270473	-0.129724	
-0.15097	-0.0298268	0.0961458	0.212301	0.285116	0.295143	0.249348	0.144832	0.020926	-0.1045	-0.211781	-0.265085	-0.269752	-0.226735	-0.125591	0.00853541	0.136772	0.2425	0.314752	0.35448	0.348835	0.290535	0.185605	0.0299822	-0.151438	
-0.117749	-0.00727112	0.105152	0.208914	0.273075	0.285049	0.241073	0.148604	0.0385118	-0.0752639	-0.170051	-0.208078	-0.202115	-0.158502	-0.0695979	0.0405981	0.148088	0.238172	0.299716	0.334016	0.319912	0.255524	0.146448	-0.0154758	-0.213338	
-0.0557293	0.031767	0.125023	0.212084	0.267904	0.277983	0.238807	0.16179	0.0695708	-0.0233134	-0.0938366	-0.117564	-0.104408	-0.0676245	-0.00831686	0.0619605	0.131824	0.196761	0.250972	0.27932	0.251075	0.179477	0.0631437	-0.106139	-0.311021	
0.026593	0.0820294	0.147052	0.207958	0.254017	0.260647	0.230469	0.171481	0.108542	0.0464615	0.00417657	-0.00761265	0.00617826	0.0311384	0.0526214	0.0821151	0.110935	0.145592	0.17612	0.190553	0.155939	0.0787171	-0.0474694	-0.22386	-0.426576	
0.11574	0.138525	0.167437	0.195333	0.223282	0.228827	0.207677	0.178119	0.150091	0.123407	0.106961	0.103703	0.109027	0.116326	0.110658	0.101227	0.0931774	0.0919681	0.0876988	0.0749781	0.0307792	-0.0513707	-0.173693	-0.336878	-0.526468	
0.186234	0.17814	0.170097	0.167817	0.176766	0.178804	0.170816	0.167721	0.174826	0.183513	0.189578	0.195497	0.19436	0.185234	0.157662	0.12237	0.0822412	0.0369747	-0.00813948	-0.0534037	-0.106093	-0.180912	-0.282697	-0.421698	-0.5892	
0.21448	0.180325	0.138062	0.107095	0.0886846	0.0859011	0.0981955	0.124233	0.163008	0.20281	0.227806	0.243058	0.246772	0.231255	0.196331	0.141934	0.0712995	-0.0120961	-0.0956908	-0.169569	-0.226371	-0.277243	-0.348083	-0.452558	-0.592327	
0.184683	0.119009	0.0465776	-0.0119511	-0.0549848	-0.0634117	-0.0321505	0.0213911	0.0891524	0.160592	0.213574	0.249164	0.265227	0.254138	0.216641	0.146636	0.0576224	-0.0485897	-0.154279	-0.234494	-0.285657	-0.324694	-0.370183	-0.438129	-0.542608	
0.0898806	-0.00610959	-0.108125	-0.198963	-0.260956	-0.272268	-0.228028	-0.147819	-0.0464959	0.0529739	0.142106	0.214095	0.253435	0.255738	0.221065	0.145337	0.0400165	-0.0716106	-0.175328	-0.250212	-0.296052	-0.318066	-0.339268	-0.381477	-0.452488	
-0.058215	-0.20075	-0.334371	-0.448168	-0.522965	-0.538328	-0.483169	-0.383915	-0.255005	-0.116093	0.0256603	0.139586	0.211851	0.239117	0.214844	0.144208	0.0392458	-0.0686264	-0.163593	-0.225465	-0.255806	-0.258533	-0.25995	-0.279549	-0.326231	
-0.2508	-0.448861	-0.621623	-0.760056	-0.848515	-0.864792	-0.802232	-0.681763	-0.521773	-0.331742	-0.130946	0.036213	0.153791	0.210799	0.203115	0.148212	0.0627065	-0.0247177	-0.0962118	-0.141373	-0.157315	-0.151606	-0.141032	-0.141456	-0.174621	
-0.448861	-0.706794	-0.9297	-1.10608	-1.21245	-1.2284	-1.1601	-1.00551	-0.802048	-0.553618	-0.295387	-0.076311	0.0773435	0.162605	0.186432	0.156512	0.105738	0.0497632	0.007764	-0.0252232	-0.0278855	-0.0135594	0.00600036	0.0122147	-0.0186533	
-0.621623	-0.9297	-1.20766	-1.43258	-1.5672	-1.58855	-1.49943	-1.30499	-1.04688	-0.745058	-0.444199	-0.190359	-0.00715104	0.108905	0.163187	0.171201	0.155961	0.133077	0.113414	0.0955523	0.104276	0.126122	0.153156	0.162493	0.130891	
-0.760056	-1.10608	-1.43258	-1.69589	-1.86032	-1.89001	-1.77608	-1.54703	-1.24202	-0.897317	-0.565432	-0.29167	-0.0789093	0.0676085	0.148436	0.187053	0.203926	0.211579	0.210293	0.209415	0.222364	0.244802	0.270817	0.287667	0.258883	
-0.848515	-1.21245	-1.5672	-1.86032	-2.04403	-2.07709	-1.94954	-1.69473	-1.35804	-0.992066	-0.645415	-0.358986	-0.129926	0.0383771	0.14758	0.207622	0.243795	0.264157	0.271078	0.278816	0.297867	0.323413	0.350185	0.368456	0.339133	
-0.864792	-1.2284	-1.58855	-1.89001	-2.07709	-2.1093	-1.98137	-1.71998	-1.37542	-1.00798	-0.662316	-0.372147	-0.139543	0.0324946	0.1482	0.211829	0.249742	0.272719	0.283073	0.289131	0.308421	0.338219	0.366513	0.383133	0.353276	
-0.802232	-1.1601	-1.49943	-1.77608	-1.94954	-1.98137	-1.8606	-1.61954	-1.30084	-0.943626	-0.602918	-0.322738	-0.103208	0.0541577	0.146967	0.195612	0.223169	0.236848	0.240282	0.244412	0.261032	0.282265	0.308064	0.326078	0.298218	
-0.681763	-1.00551	-1.30499	-1.54703	-1.69473	-1.71998	-1.61954	-1.41005	-1.13085	-0.810824	-0.496587	-0.234565	-0.0382057	0.0914059	0.155344	0.176994	0.174981	0.165953	0.154033	0.143556	0.153353	0.176697	0.20468	0.216966	0.186403	
-0.521773	-0.802048	-1.04688	-1.24202	-1.35804	-1.37542	-1.30084	-1.13085	-0.906096	-0.635216	-0.357228	-0.121711	0.0434251	0.139882	0.177555	0.162287	0.126023	0.0836865	0.0507675	0.0233407	0.0255629	0.0438944	0.0668012	0.0740136	0.0418844	
-0.331742	-0.553618	-0.745058	-0.897317	-0.992066	-1.00798	-0.943626	-0.810824	-0.635216	-0.421919	-0.198094	-0.00824158	0.125539	0.193684	0.197827	0.151097	0.0776939	0.00254708	-0.0566689	-0.0969222	-0.107316	-0.0988528	-0.0845282	-0.0804548	-0.111855	
-0.130946	-0.295387	-0.444199	-0.565432	-0.645415	-0.662316	-0.602918	-0.496587	-0.357228	-0.198094	-0.0330307	0.100655	0.19069	0.229556	0.21038	0.144636	0.0455531	-0.055887	-0.143666	-0.199098	-0.223007	-0.220965	-0.216374	-0.227499	-0.267525	
0.036213	-0.076311	-0.190359	-0.29167	-0.358986	-0.372147	-0.322738	-0.234565	-0.121711	-0.00824158	0.100655	0.189145	0.239886	0.25064	0.219871	0.145181	0.0369083	-0.0741961	-0.175681	-0.245671	-0.285867	-0.300613	-0.312725	-0.345942	-0.406564	
0.153791	0.0773435	-0.00715104	-0.0789093	-0.129926	-0.139543	-0.103208	-0.0382057	0.0434251	0.125539	0.19069	0.239886	0.264559	0.257302	0.220134	0.145991	0.0491299	-0.0601255	-0.166334	-0.246038	-0.295938	-0.328298	-0.364763	-0.421585	-0.510803	
0.210799	0.162605	0.108905	0.0676085	0.0383771	0.0324946	0.0541577	0.0914059	0.139882	0.193684	0.229556	0.25064	0.257302	0.243378	0.206601	0.145658	0.0677926	-0.0280681	-0.124119	-0.202443	-0.256967	-0.302789	-0.362312	-0.451737	-0.57735	
0.203115	0.186432	0.163187	0.148436	0.14758	0.1482	0.146967	0.155344	0.177555	0.197827	0.21038	0.219871	0.220134	0.206601	0.174569	0.130771	0.076835	0.016146	-0.0449554	-0.103544	-0.160002	-0.224501	-0.314169	-0.440186	-0.598084	
0.148212	0.156512	0.171201	0.187053	0.207622	0.211829	0.195612	0.176994	0.162287	0.151097	0.144636	0.145181	0.145991	0.145658	0.130771	0.109916	0.0892575	0.0704906	0.0490795	0.0236566	-0.0229845	-0.10552	-0.221392	-0.375952	-0.557502	
0.0627065	0.105738	0.155961	0.203926	0.243795	0.249742	0.223169	0.174981	0.126023	0.0776939	0.0455531	0.0369083	0.0491299	0.0677926	0.076835	0.0892575	0.102235	0.124303	0.142405	0.146454	0.108203	0.0293631	-0.0974791	-0.270578	-0.469684	
-0.0247177	0.0497632	0.133077	0.211579	0.264157	0.272719	0.236848	0.165953	0.0836865	0.00254708	-0.055887	-0.0741961	-0.0601255	-0.0280681	0.016146	0.0704906	0.124303	0.177085	0.223654	0.247966	0.216392	0.142493	0.0219581	-0.151725	-0.357061	
-0.0962118	0.007764	0.113414	0.210293	0.271078	0.283073	0.240282	0.154033	0.0507675	-0.0566689	-0.143666	-0.175681	-0.166334	-0.124119	-0.0449554	0.0490795	0.142405	0.223654	0.282872	0.315882	0.296197	0.228513	0.117286	-0.0470099	-0.248646	
-0.141373	-0.0252232	0.0955523	0.209415	0.278816	0.289131	0.244412	0.143556	0.0233407	-0.0969222	-0.199098	-0.245671	-0.246038	-0.202443	-0.103544	0.0236566	0.146454	0.247966	0.315882	0.351924	0.34291	0.282847	0.176876	0.0175121	-0.171287	
-0.157315	-0.0278855	0.104276	0.222364	0.297867	0.308421	0.261032	0.153353	0.0255629	-0.107316	-0.223007	-0.285867	-0.295938	-0.256967	-0.160002	-0.0229845	0.108203	0.216392	0.296197	0.34291	0.341045	0.284636	0.180581	0.0341862	-0.13335	
-0.151606	-0.0135594	0.126122	0.244802	0.323413	0.338219	0.282265	0.176697	0.0438944	-0.0988528	-0.220965	-0.300613	-0.328298	-0.302789	-0.224501	-0.10552	0.0293631	0.142493	0.228513	0.282847	0.284636	0.231938	0.130846	0.0032008	-0.137024	
-0.141032	0.00600036	0.153156	0.270817	0.350185	0.366513	0.308064	0.20468	0.0668012	-0.0845282	-0.216374	-0.312725	-0.364763	-0.362312	-0.314169	-0.221392	-0.0974791	0.0219581	0.117286	0.176876	0.180581	0.130846	0.0433274	-0.0641932	-0.172863	
-0.141456	0.0122147	0.162493	0.287667	0.368456	0.383133	0.326078	0.216966	0.0740136	-0.0804548	-0.227499	-0.345942	-0.421585	-0.451737	-0.440186	-0.375952	-0.270578	-0.151725	-0.0470099	0.0175121	0.0341862	0.0032008	-0.0641932	-0.143798	-0.224063	
-0.174621	-0.0186533	0.130891	0.258883	0.339133	0.353276	0.298218	0.186403	0.0418844	-0.111855	-0.267525	-0.406564	-0.510803	-0.57735	-0.598084	-0.557502	-0.469684	-0.357061	-0.248646	-0.171287	-0.13335	-0.137024	-0.172863	-0.224063	-0.279026	
