-1.09326	-1.01845	-0.90676	-0.742488	-0.543044	-0.341651	-0.168365	-0.0426337	0.0322297	0.0475741	-0.00803376	-0.117502	-0.222825	-0.292137	-0.328362	-0.318192	-0.246106	-0.11514	0.0571196	0.244745	0.432706	0.589686	0.692142	0.717529	0.666928	
-1.01845	-0.977981	-0.886357	-0.738845	-0.555086	-0.366044	-0.208971	-0.0908199	-0.0156286	0.00283473	-0.045626	-0.1432	-0.245476	-0.324385	-0.366745	-0.357116	-0.287328	-0.164367	-0.00537919	0.171782	0.349751	0.503169	0.611284	0.657176	0.636041	
-0.90676	-0.886357	-0.814459	-0.689666	-0.523305	-0.34855	-0.211593	-0.115395	-0.0543342	-0.0383579	-0.0810124	-0.170114	-0.270818	-0.353367	-0.399505	-0.395567	-0.336205	-0.230576	-0.0953125	0.0592598	0.221917	0.371005	0.474484	0.529908	0.533018	
-0.742488	-0.738845	-0.689666	-0.586543	-0.44357	-0.295379	-0.184097	-0.112875	-0.0698843	-0.0644876	-0.115125	-0.201137	-0.297419	-0.380331	-0.432157	-0.439689	-0.396563	-0.316158	-0.207683	-0.0715172	0.0726164	0.205947	0.29652	0.353228	0.375788	
-0.543044	-0.555086	-0.523305	-0.44357	-0.334115	-0.221558	-0.139325	-0.0862756	-0.0651498	-0.0777114	-0.144358	-0.24035	-0.340858	-0.432164	-0.491957	-0.506422	-0.476576	-0.410827	-0.324213	-0.214936	-0.098924	0.0114484	0.0899789	0.143778	0.175948	
-0.341651	-0.366044	-0.34855	-0.295379	-0.221558	-0.145107	-0.0813893	-0.0466999	-0.0520805	-0.0983967	-0.182045	-0.289855	-0.400084	-0.50383	-0.570777	-0.591452	-0.564977	-0.50589	-0.436741	-0.360327	-0.277749	-0.197924	-0.134069	-0.0872467	-0.0499066	
-0.168365	-0.208971	-0.211593	-0.184097	-0.139325	-0.0813893	-0.0293877	-0.0194249	-0.0582694	-0.130846	-0.22929	-0.345981	-0.466927	-0.568562	-0.634964	-0.657616	-0.634187	-0.585201	-0.532571	-0.481526	-0.429813	-0.386405	-0.350979	-0.315706	-0.280374	
-0.0426337	-0.0908199	-0.115395	-0.112875	-0.0862756	-0.0466999	-0.0194249	-0.0313221	-0.0834719	-0.16592	-0.27108	-0.390313	-0.508574	-0.603579	-0.662382	-0.681511	-0.663883	-0.624101	-0.585163	-0.555812	-0.530787	-0.521089	-0.510125	-0.496937	-0.479398	
0.0322297	-0.0156286	-0.0543342	-0.0698843	-0.0651498	-0.0520805	-0.0582694	-0.0834719	-0.134543	-0.214167	-0.30759	-0.409388	-0.511582	-0.594822	-0.641478	-0.655483	-0.639045	-0.602294	-0.572907	-0.56355	-0.571068	-0.59756	-0.617756	-0.629155	-0.630224	
0.0475741	0.00283473	-0.0383579	-0.0644876	-0.0777114	-0.0983967	-0.130846	-0.16592	-0.214167	-0.269546	-0.328554	-0.395685	-0.475455	-0.540475	-0.57121	-0.580427	-0.561331	-0.52949	-0.504741	-0.510251	-0.547488	-0.60718	-0.668093	-0.703582	-0.720462	
-0.00803376	-0.045626	-0.0810124	-0.115125	-0.144358	-0.182045	-0.22929	-0.27108	-0.30759	-0.328554	-0.347822	-0.374111	-0.413653	-0.449611	-0.46223	-0.457303	-0.434201	-0.40533	-0.387621	-0.406276	-0.46888	-0.559177	-0.649947	-0.714474	-0.751405	
-0.117502	-0.1432	-0.170114	-0.201137	-0.24035	-0.289855	-0.345981	-0.390313	-0.409388	-0.395685	-0.374111	-0.356658	-0.347637	-0.342106	-0.323262	-0.295293	-0.267593	-0.237892	-0.222291	-0.25583	-0.344756	-0.468438	-0.583543	-0.673862	-0.728418	
-0.222825	-0.245476	-0.270818	-0.297419	-0.340858	-0.400084	-0.466927	-0.508574	-0.511582	-0.475455	-0.413653	-0.347637	-0.284673	-0.23814	-0.188264	-0.129687	-0.0796982	-0.0422713	-0.0324153	-0.0860499	-0.198153	-0.345483	-0.488051	-0.603085	-0.675902	
-0.292137	-0.324385	-0.353367	-0.380331	-0.432164	-0.50383	-0.568562	-0.603579	-0.594822	-0.540475	-0.449611	-0.342106	-0.23814	-0.150112	-0.0571838	0.0330597	0.103563	0.144461	0.141214	0.07241	-0.0609648	-0.224446	-0.387798	-0.52108	-0.612382	
-0.328362	-0.366745	-0.399505	-0.432157	-0.491957	-0.570777	-0.634964	-0.662382	-0.641478	-0.57121	-0.46223	-0.323262	-0.188264	-0.0571838	0.0720623	0.186618	0.267515	0.300352	0.276199	0.186309	0.0390829	-0.13465	-0.310764	-0.446866	-0.543209	
-0.318192	-0.357116	-0.395567	-0.439689	-0.506422	-0.591452	-0.657616	-0.681511	-0.655483	-0.580427	-0.457303	-0.295293	-0.129687	0.0330597	0.186618	0.313677	0.39187	0.413446	0.363545	0.251522	0.0915657	-0.0893936	-0.263454	-0.397279	-0.483772	
-0.246106	-0.287328	-0.336205	-0.396563	-0.476576	-0.564977	-0.634187	-0.663883	-0.639045	-0.561331	-0.434201	-0.267593	-0.0796982	0.103563	0.267515	0.39187	0.461228	0.467306	0.398774	0.270433	0.106581	-0.070604	-0.238094	-0.367583	-0.439551	
-0.11514	-0.164367	-0.230576	-0.316158	-0.410827	-0.50589	-0.585201	-0.624101	-0.602294	-0.52949	-0.40533	-0.237892	-0.0422713	0.144461	0.300352	0.413446	0.467306	0.455711	0.377308	0.243875	0.081031	-0.0875811	-0.24589	-0.355245	-0.402167	
0.0571196	-0.00537919	-0.0953125	-0.207683	-0.324213	-0.436741	-0.532571	-0.585163	-0.572907	-0.504741	-0.387621	-0.222291	-0.0324153	0.141214	0.276199	0.363545	0.398774	0.377308	0.293781	0.161623	0.00664784	-0.14745	-0.277423	-0.350379	-0.359667	
0.244745	0.171782	0.0592598	-0.0715172	-0.214936	-0.360327	-0.481526	-0.555812	-0.56355	-0.510251	-0.406276	-0.25583	-0.0860499	0.07241	0.186309	0.251522	0.270433	0.243875	0.161623	0.0383222	-0.0958228	-0.216245	-0.298036	-0.32086	-0.288731	
0.432706	0.349751	0.221917	0.0726164	-0.098924	-0.277749	-0.429813	-0.530787	-0.571068	-0.547488	-0.46888	-0.344756	-0.198153	-0.0609648	0.0390829	0.0915657	0.106581	0.081031	0.00664784	-0.0958228	-0.196562	-0.268419	-0.290956	-0.256473	-0.172526	
0.589686	0.503169	0.371005	0.205947	0.0114484	-0.197924	-0.386405	-0.521089	-0.59756	-0.60718	-0.559177	-0.468438	-0.345483	-0.224446	-0.13465	-0.0893936	-0.070604	-0.0875811	-0.14745	-0.216245	-0.268419	-0.283226	-0.244702	-0.154324	-0.0202362	
0.692142	0.611284	0.474484	0.29652	0.0899789	-0.134069	-0.350979	-0.510125	-0.617756	-0.668093	-0.649947	-0.583543	-0.488051	-0.387798	-0.310764	-0.263454	-0.238094	-0.24589	-0.277423	-0.298036	-0.290956	-0.244702	-0.148341	-0.0105024	0.15082	
0.717529	0.657176	0.529908	0.353228	0.143778	-0.0872467	-0.315706	-0.496937	-0.629155	-0.703582	-0.714474	-0.673862	-0.603085	-0.52108	-0.446866	-0.397279	-0.367583	-0.355245	-0.350379	-0.32086	-0.256473	-0.154324	-0.0105024	0.159659	0.340828	
0.666928	0.636041	0.533018	0.375788	0.175948	-0.0499066	-0.280374	-0.479398	-0.630224	-0.720462	-0.751405	-0.728418	-0.675902	-0.612382	-0.543209	-0.483772	-0.439551	-0.402167	-0.359667	-0.288731	-0.172526	-0.0202362	0.15082	0.340828	0.539409	
0.556189	0.551027	0.479785	0.351959	0.177355	-0.030018	-0.25128	-0.457076	-0.622248	-0.724241	-0.767105	-0.75904	-0.721096	-0.671523	-0.607286	-0.540139	-0.478886	-0.413083	-0.331721	-0.216646	-0.0603599	0.129904	0.325706	0.524123	0.721578	
0.410786	0.427803	0.389542	0.293237	0.147567	-0.0365855	-0.243824	-0.448769	-0.619925	-0.727039	-0.775946	-0.781983	-0.756894	-0.714225	-0.654467	-0.585853	-0.508007	-0.417158	-0.298949	-0.139069	0.0539462	0.267128	0.485465	0.689903	0.868545	
0.271345	0.304925	0.285555	0.211545	0.0885062	-0.0730633	-0.265561	-0.458572	-0.62227	-0.737745	-0.792479	-0.806258	-0.797218	-0.762442	-0.709939	-0.639334	-0.547486	-0.42811	-0.275917	-0.079967	0.143079	0.377137	0.610541	0.819065	0.977949	
0.156591	0.207953	0.200754	0.136917	0.026453	-0.124354	-0.301593	-0.48185	-0.634286	-0.749053	-0.817544	-0.843334	-0.845108	-0.823435	-0.772175	-0.6956	-0.587926	-0.442593	-0.262748	-0.0476437	0.197658	0.454134	0.699012	0.907389	1.05873	
0.0898932	0.155379	0.15141	0.0898209	-0.0169915	-0.165016	-0.334003	-0.502607	-0.644116	-0.758795	-0.839205	-0.875196	-0.884692	-0.87261	-0.81837	-0.726827	-0.613592	-0.456293	-0.254927	-0.0298964	0.216234	0.483176	0.740306	0.955318	1.10426	
0.0791111	0.147991	0.143579	0.0817026	-0.0249054	-0.172655	-0.339682	-0.505212	-0.645529	-0.761205	-0.843375	-0.880113	-0.890867	-0.881788	-0.827224	-0.732113	-0.617482	-0.459394	-0.253197	-0.0272093	0.217735	0.486374	0.746077	0.963328	1.11186	
0.123492	0.180826	0.176025	0.114334	0.00613071	-0.143502	-0.316871	-0.492356	-0.639486	-0.753546	-0.827891	-0.859478	-0.864251	-0.846164	-0.793746	-0.71188	-0.600843	-0.44808	-0.259004	-0.0392643	0.208995	0.470621	0.720716	0.930888	1.0813	
0.22133	0.262243	0.2478	0.179144	0.0621777	-0.0934105	-0.279117	-0.465839	-0.625348	-0.742523	-0.801556	-0.818569	-0.815385	-0.786782	-0.735696	-0.662816	-0.564504	-0.434212	-0.269867	-0.0646805	0.16983	0.413424	0.651201	0.86036	1.01423	
0.352553	0.376253	0.347465	0.26227	0.12687	-0.0481263	-0.249569	-0.451624	-0.620578	-0.730533	-0.781438	-0.79124	-0.772316	-0.73181	-0.673831	-0.605605	-0.522004	-0.419964	-0.288177	-0.11193	0.0928779	0.313713	0.539517	0.745171	0.915994	
0.500217	0.504527	0.447236	0.332082	0.168975	-0.0286988	-0.244258	-0.450735	-0.619952	-0.724718	-0.77048	-0.768292	-0.734675	-0.688811	-0.627579	-0.559183	-0.49025	-0.414923	-0.317902	-0.184345	-0.0127764	0.187428	0.393299	0.594724	0.785243	
0.628684	0.608902	0.518026	0.371696	0.180646	-0.0389504	-0.267754	-0.471158	-0.627736	-0.723146	-0.759464	-0.743215	-0.697252	-0.639207	-0.571769	-0.508949	-0.458034	-0.408441	-0.351052	-0.263187	-0.129739	0.0397332	0.220916	0.414401	0.615231	
0.705903	0.657293	0.53803	0.367097	0.15957	-0.0710126	-0.300769	-0.490274	-0.631136	-0.712477	-0.732252	-0.69878	-0.636298	-0.562308	-0.489193	-0.436779	-0.402607	-0.381031	-0.360619	-0.314408	-0.227325	-0.104534	0.051276	0.231288	0.420655	
0.712216	0.637468	0.501914	0.322248	0.113647	-0.113744	-0.337544	-0.505669	-0.622967	-0.685228	-0.68007	-0.623823	-0.538678	-0.445726	-0.371141	-0.3229	-0.297282	-0.297337	-0.314567	-0.31382	-0.284304	-0.214786	-0.0970051	0.0557603	0.224252	
0.638645	0.553017	0.418823	0.248106	0.0473181	-0.170355	-0.371599	-0.517304	-0.607921	-0.633319	-0.597224	-0.517027	-0.404558	-0.292107	-0.207984	-0.162528	-0.139268	-0.153562	-0.204669	-0.255811	-0.284332	-0.273811	-0.211924	-0.101448	0.0464535	
0.501027	0.415615	0.285418	0.128797	-0.0525908	-0.244482	-0.411474	-0.525494	-0.580184	-0.569479	-0.50275	-0.39277	-0.255552	-0.124378	-0.0280594	0.0208324	0.0358497	0.0131548	-0.0562511	-0.146125	-0.229695	-0.280798	-0.278867	-0.22053	-0.114198	
0.320804	0.24399	0.124135	-0.0139758	-0.168805	-0.327829	-0.460468	-0.543909	-0.564693	-0.522301	-0.426864	-0.284636	-0.124452	0.0251087	0.132434	0.191969	0.207821	0.181012	0.100813	-0.0157594	-0.137874	-0.239342	-0.298469	-0.299302	-0.24783	
0.131611	0.0635787	-0.036045	-0.155822	-0.282882	-0.407052	-0.512053	-0.572861	-0.566495	-0.502102	-0.389374	-0.228667	-0.0457838	0.122461	0.248185	0.32532	0.353575	0.329484	0.245535	0.115887	-0.0327998	-0.175687	-0.288478	-0.342736	-0.335895	
-0.0497018	-0.103634	-0.178712	-0.276067	-0.378573	-0.478465	-0.56376	-0.607116	-0.58851	-0.517339	-0.395979	-0.228125	-0.0322806	0.149823	0.297897	0.402844	0.448294	0.431921	0.351273	0.218	0.0564272	-0.108388	-0.25815	-0.353706	-0.386852	
-0.200101	-0.243759	-0.298851	-0.368365	-0.453644	-0.543532	-0.616171	-0.649892	-0.625876	-0.549239	-0.422305	-0.25622	-0.0634209	0.123865	0.287277	0.408018	0.472029	0.47096	0.397598	0.265736	0.102034	-0.0715214	-0.23654	-0.361231	-0.424366	
-0.297572	-0.336112	-0.377784	-0.427811	-0.499696	-0.586596	-0.653259	-0.677524	-0.651866	-0.57539	-0.449935	-0.284169	-0.107385	0.0646203	0.224134	0.350976	0.426526	0.442529	0.383958	0.26402	0.101821	-0.0790306	-0.250079	-0.38259	-0.464258	
-0.33089	-0.370147	-0.405239	-0.441498	-0.503222	-0.584831	-0.649841	-0.675691	-0.651354	-0.578525	-0.462668	-0.313001	-0.165712	-0.0197207	0.120944	0.242165	0.323048	0.352478	0.317159	0.217967	0.0648804	-0.112221	-0.288926	-0.424813	-0.51813	
-0.310473	-0.346119	-0.377103	-0.404965	-0.461072	-0.536392	-0.599814	-0.630691	-0.617044	-0.555829	-0.457256	-0.335852	-0.219441	-0.113986	-0.00494217	0.0960165	0.172117	0.209783	0.200518	0.124396	-0.0148028	-0.183171	-0.353026	-0.488691	-0.584293	
-0.25528	-0.280846	-0.306705	-0.333397	-0.379638	-0.443359	-0.510915	-0.551793	-0.549379	-0.505766	-0.430198	-0.346351	-0.264986	-0.202185	-0.136262	-0.0635457	-0.00400131	0.0361786	0.0408297	-0.0194382	-0.140692	-0.295713	-0.447137	-0.570996	-0.65245	
-0.162483	-0.185213	-0.210603	-0.239499	-0.281037	-0.334692	-0.395037	-0.437642	-0.450542	-0.426829	-0.388589	-0.351334	-0.320665	-0.298524	-0.26756	-0.22882	-0.193725	-0.16077	-0.14716	-0.188948	-0.287179	-0.421114	-0.547659	-0.647981	-0.709	
-0.048584	-0.0811654	-0.112952	-0.147408	-0.18159	-0.223304	-0.274281	-0.31845	-0.347875	-0.353562	-0.356648	-0.366778	-0.388221	-0.407758	-0.407649	-0.394598	-0.371749	-0.343933	-0.326713	-0.349569	-0.423297	-0.527868	-0.628178	-0.703167	-0.747407	
