0.130846	0.296332	0.454268	0.588892	0.675644	0.691271	0.630624	0.512707	0.361065	0.197222	0.0323066	-0.124992	-0.255869	-0.339635	-0.36575	-0.337958	-0.2696	-0.172572	-0.0595031	0.0485488	0.132463	0.177903	0.186393	0.167101	0.131271	
0.090661	0.291553	0.490783	0.659365	0.765427	0.785833	0.710773	0.563506	0.373379	0.170123	-0.0274791	-0.204332	-0.337077	-0.410859	-0.417781	-0.369663	-0.28533	-0.17382	-0.0511528	0.0705978	0.167278	0.212777	0.216132	0.1832	0.131345	
0.053098	0.280705	0.509207	0.702724	0.824646	0.847574	0.761354	0.592639	0.373683	0.142482	-0.077465	-0.264608	-0.395588	-0.460339	-0.450131	-0.384773	-0.287906	-0.16614	-0.0339006	0.0906682	0.187944	0.232223	0.225219	0.187925	0.128852	
0.0119985	0.25998	0.512453	0.727022	0.863317	0.888016	0.792799	0.605538	0.362106	0.109014	-0.124858	-0.317103	-0.443265	-0.49417	-0.470976	-0.391596	-0.278599	-0.147117	-0.005717	0.124686	0.220469	0.25808	0.236578	0.186086	0.1205	
-0.0385907	0.232162	0.506204	0.746268	0.897978	0.923217	0.820507	0.609471	0.34258	0.0670742	-0.182221	-0.372422	-0.491766	-0.526868	-0.485354	-0.388889	-0.258344	-0.115538	0.0357514	0.169635	0.259156	0.287108	0.254558	0.191271	0.119059	
-0.0836808	0.20132	0.495868	0.755454	0.918494	0.94637	0.835573	0.607128	0.320378	0.0266846	-0.233238	-0.423206	-0.535529	-0.557902	-0.496593	-0.383359	-0.234206	-0.0730195	0.0795748	0.212917	0.294828	0.312546	0.276744	0.202491	0.123041	
-0.120173	0.168868	0.478877	0.748872	0.918432	0.949473	0.83137	0.594635	0.293565	-0.00901817	-0.272703	-0.463657	-0.563664	-0.577075	-0.502468	-0.368154	-0.202832	-0.0284966	0.129813	0.260339	0.333243	0.338997	0.292861	0.215232	0.125894	
-0.158713	0.13384	0.450097	0.722789	0.898881	0.931394	0.807102	0.567976	0.260814	-0.0479274	-0.306818	-0.489911	-0.581246	-0.576755	-0.484211	-0.333078	-0.146561	0.0375517	0.195684	0.312967	0.368327	0.361897	0.300129	0.214315	0.1144	
-0.187211	0.100493	0.404729	0.677365	0.848562	0.876666	0.76157	0.521304	0.22175	-0.0766709	-0.330619	-0.498167	-0.575257	-0.553471	-0.440302	-0.268549	-0.0660783	0.121755	0.269508	0.364854	0.402476	0.377876	0.300566	0.203237	0.101262	
-0.204325	0.0659016	0.350594	0.608387	0.77	0.79558	0.688605	0.460265	0.179753	-0.10061	-0.336183	-0.482563	-0.540595	-0.499981	-0.367414	-0.176941	0.0320141	0.215969	0.348523	0.416532	0.424531	0.384846	0.30271	0.198928	0.104748	
-0.199572	0.0397965	0.298698	0.526649	0.670982	0.694755	0.597696	0.396731	0.143302	-0.10861	-0.315021	-0.444449	-0.481879	-0.421269	-0.276784	-0.0741251	0.140809	0.312491	0.421009	0.467117	0.451638	0.402776	0.320686	0.217347	0.136152	
-0.181092	0.030217	0.259362	0.455755	0.58113	0.603272	0.516131	0.344076	0.122654	-0.102099	-0.280218	-0.388328	-0.407539	-0.328812	-0.171957	0.0354833	0.247026	0.403898	0.491092	0.520647	0.495327	0.439794	0.363731	0.275947	0.201422	
-0.135954	0.0478573	0.24318	0.405949	0.507375	0.526867	0.455015	0.313636	0.128334	-0.0675219	-0.223496	-0.314944	-0.32341	-0.234733	-0.0653821	0.145579	0.352834	0.506038	0.575743	0.585462	0.556932	0.50151	0.43271	0.357165	0.294616	
-0.0689459	0.0848514	0.242714	0.374531	0.450456	0.462818	0.41254	0.300393	0.148688	-0.00921032	-0.146266	-0.220125	-0.207081	-0.111761	0.0663755	0.281103	0.475723	0.615694	0.672474	0.667951	0.631752	0.573937	0.503042	0.434717	0.386744	
0.0159866	0.134744	0.25183	0.342557	0.394167	0.401629	0.368251	0.292705	0.182791	0.0617914	-0.0401296	-0.0863598	-0.0529608	0.0634259	0.244987	0.453906	0.635429	0.748267	0.78738	0.761458	0.7034	0.638385	0.566277	0.497587	0.447544	
0.132244	0.203474	0.266978	0.307368	0.325288	0.327122	0.317297	0.286105	0.231358	0.159409	0.102072	0.0884152	0.14478	0.280983	0.460286	0.657839	0.817177	0.898722	0.907662	0.850326	0.773199	0.689682	0.60782	0.540082	0.485219	
0.262229	0.281991	0.297132	0.288626	0.277642	0.277518	0.282768	0.295511	0.291394	0.26745	0.260914	0.283406	0.370091	0.518714	0.690159	0.867276	0.988862	1.03939	1.01877	0.932872	0.827388	0.717126	0.618944	0.537327	0.472458	
0.408734	0.382885	0.348605	0.298905	0.259746	0.253771	0.279708	0.329877	0.371729	0.397264	0.429693	0.484926	0.59242	0.742323	0.902848	1.04628	1.12987	1.14199	1.08142	0.965303	0.826501	0.695683	0.585045	0.483306	0.396015	
0.558491	0.492529	0.413236	0.331304	0.267885	0.255205	0.302025	0.380246	0.461931	0.533799	0.596337	0.68112	0.800072	0.938426	1.07636	1.1719	1.20964	1.17762	1.07278	0.925935	0.756601	0.595349	0.466639	0.360768	0.257243	
0.687004	0.582916	0.471577	0.356608	0.276681	0.264072	0.317766	0.423924	0.540196	0.646061	0.745008	0.852165	0.974031	1.0962	1.19494	1.23752	1.21937	1.13878	0.995476	0.809841	0.610144	0.42676	0.280273	0.165261	0.0575982	
0.768201	0.629693	0.480915	0.342635	0.246761	0.229014	0.296905	0.423135	0.570334	0.715254	0.842927	0.971993	1.09689	1.19645	1.25628	1.24494	1.16765	1.03375	0.848581	0.628591	0.408402	0.216931	0.0658558	-0.0495797	-0.158741	
0.77118	0.594785	0.411487	0.250983	0.142218	0.121447	0.199533	0.343264	0.520217	0.703531	0.865517	1.01695	1.14461	1.22276	1.2413	1.1823	1.05934	0.887731	0.676841	0.444211	0.214708	0.0157482	-0.130016	-0.23469	-0.333872	
0.663793	0.449099	0.236526	0.0504894	-0.0656999	-0.0857295	-0.00638319	0.156324	0.36299	0.579013	0.785745	0.9653	1.10097	1.17559	1.16666	1.07841	0.927852	0.733604	0.516236	0.282702	0.0624137	-0.119045	-0.255666	-0.35398	-0.436348	
0.44697	0.186408	-0.0677394	-0.275087	-0.401565	-0.424858	-0.336674	-0.15795	0.0817305	0.343316	0.598599	0.820906	0.981962	1.06518	1.05398	0.95702	0.799486	0.604819	0.39537	0.182547	-0.0148448	-0.173113	-0.291679	-0.378406	-0.447231	
0.136472	-0.185455	-0.485788	-0.72008	-0.860508	-0.885534	-0.788399	-0.589575	-0.310673	0.00756768	0.32494	0.601765	0.806181	0.913861	0.917218	0.836083	0.693782	0.519971	0.336002	0.159455	-0.00711193	-0.1432	-0.238109	-0.310276	-0.360226	
-0.242597	-0.627159	-0.97443	-1.24151	-1.39248	-1.41852	-1.31669	-1.09319	-0.772961	-0.398296	-0.00986834	0.333446	0.589556	0.741982	0.780664	0.726433	0.614183	0.469467	0.319115	0.182925	0.0586352	-0.0371873	-0.111222	-0.167009	-0.193594	
-0.627159	-1.07401	-1.47074	-1.76454	-1.92999	-1.95853	-1.84657	-1.60231	-1.24205	-0.808811	-0.357284	0.0492135	0.358005	0.550925	0.628205	0.608686	0.532338	0.427058	0.319815	0.233771	0.159734	0.103419	0.0607713	0.0339015	0.0336205	
-0.97443	-1.47074	-1.90071	-2.21299	-2.38846	-2.41759	-2.30007	-2.04189	-1.654	-1.17593	-0.676032	-0.223024	0.13076	0.355548	0.464001	0.483206	0.439496	0.373916	0.314422	0.276903	0.25744	0.244818	0.241954	0.250098	0.280303	
-1.24151	-1.76454	-2.21299	-2.53977	-2.71664	-2.74556	-2.62919	-2.35983	-1.95637	-1.45533	-0.922996	-0.440336	-0.0644862	0.185335	0.317389	0.357522	0.343779	0.310281	0.289685	0.296352	0.327685	0.362913	0.391817	0.433223	0.495802	
-1.39248	-1.92999	-2.38846	-2.71664	-2.89703	-2.92614	-2.80703	-2.53711	-2.12643	-1.61202	-1.06813	-0.572426	-0.184301	0.0734203	0.215575	0.271512	0.273173	0.260286	0.266918	0.302243	0.367221	0.428742	0.483054	0.549893	0.632234	
-1.41852	-1.95853	-2.41759	-2.74556	-2.92614	-2.95523	-2.83603	-2.56636	-2.15552	-1.63851	-1.09322	-0.596752	-0.204783	0.0522885	0.195295	0.257538	0.259971	0.251602	0.264685	0.302765	0.372717	0.438548	0.50021	0.571401	0.655379	
-1.31669	-1.84657	-2.30007	-2.62919	-2.80703	-2.83603	-2.71924	-2.44807	-2.04083	-1.53383	-0.994153	-0.504678	-0.123515	0.131982	0.26937	0.3157	0.310291	0.286598	0.278397	0.299634	0.34765	0.396343	0.436426	0.489379	0.562491	
-1.09319	-1.60231	-2.04189	-2.35983	-2.53711	-2.56636	-2.44807	-2.18593	-1.78983	-1.3003	-0.785954	-0.31815	0.0462046	0.282651	0.402043	0.430961	0.400616	0.348646	0.305988	0.287341	0.289802	0.296992	0.306949	0.329356	0.373351	
-0.772961	-1.24205	-1.654	-1.95637	-2.12643	-2.15552	-2.04083	-1.78983	-1.41732	-0.963319	-0.490307	-0.0637958	0.265894	0.471353	0.561701	0.55999	0.496109	0.408056	0.320956	0.253793	0.200555	0.160661	0.13515	0.122	0.132604	
-0.398296	-0.808811	-1.17593	-1.45533	-1.61202	-1.63851	-1.53383	-1.3003	-0.963319	-0.565561	-0.149196	0.220155	0.497424	0.668418	0.722858	0.680714	0.582682	0.452574	0.317154	0.201325	0.0978098	0.0176615	-0.0462399	-0.0923551	-0.107895	
-0.00986834	-0.357284	-0.676032	-0.922996	-1.06813	-1.09322	-0.994153	-0.785954	-0.490307	-0.149196	0.196103	0.49866	0.723419	0.846709	0.862124	0.79186	0.660052	0.497312	0.327064	0.164822	0.0131925	-0.108123	-0.195228	-0.260815	-0.302223	
0.333446	0.0492135	-0.223024	-0.440336	-0.572426	-0.596752	-0.504678	-0.31815	-0.0637958	0.220155	0.49866	0.740831	0.918247	1.0084	1.00098	0.907929	0.75333	0.565368	0.363903	0.165045	-0.0208622	-0.171691	-0.280396	-0.361308	-0.423616	
0.589556	0.358005	0.13076	-0.0644862	-0.184301	-0.204783	-0.123515	0.0462046	0.265894	0.497424	0.723419	0.918247	1.06076	1.13821	1.12582	1.0306	0.875045	0.677684	0.460618	0.23311	0.021531	-0.150261	-0.281124	-0.37647	-0.452893	
0.741982	0.550925	0.355548	0.185335	0.0734203	0.0522885	0.131982	0.282651	0.471353	0.668418	0.846709	1.0084	1.13821	1.21216	1.21632	1.14396	1.00775	0.824411	0.610995	0.375691	0.146488	-0.0480074	-0.191028	-0.291971	-0.384697	
0.780664	0.628205	0.464001	0.317389	0.215575	0.195295	0.26937	0.402043	0.561701	0.722858	0.862124	1.00098	1.12582	1.21632	1.26073	1.22711	1.13025	0.978353	0.778834	0.552342	0.327451	0.132502	-0.0175213	-0.129445	-0.23622	
0.726433	0.608686	0.483206	0.357522	0.271512	0.257538	0.3157	0.430961	0.55999	0.680714	0.79186	0.907929	1.0306	1.14396	1.22711	1.2476	1.20594	1.10382	0.943764	0.743347	0.532745	0.345616	0.195792	0.0780025	-0.0303586	
0.614183	0.532338	0.439496	0.343779	0.273173	0.259971	0.310291	0.400616	0.496109	0.582682	0.660052	0.75333	0.875045	1.00775	1.13025	1.20594	1.22168	1.17014	1.05042	0.88846	0.70686	0.53519	0.397989	0.289306	0.183613	
0.469467	0.427058	0.373916	0.310281	0.260286	0.251602	0.286598	0.348646	0.408056	0.452574	0.497312	0.565368	0.677684	0.824411	0.978353	1.10382	1.17014	1.16568	1.08658	0.957824	0.8075	0.665364	0.54846	0.443996	0.348353	
0.319115	0.319815	0.314422	0.289685	0.266918	0.264685	0.278397	0.305988	0.320956	0.317154	0.327064	0.363903	0.460618	0.610995	0.778834	0.943764	1.05042	1.08658	1.05143	0.954885	0.835603	0.716148	0.613269	0.522393	0.449012	
0.182925	0.233771	0.276903	0.296352	0.302243	0.302765	0.299634	0.287341	0.253793	0.201325	0.164822	0.165045	0.23311	0.375691	0.552342	0.743347	0.88846	0.957824	0.954885	0.884753	0.798139	0.704379	0.616292	0.545279	0.487887	
0.0586352	0.159734	0.25744	0.327685	0.367221	0.372717	0.34765	0.289802	0.200555	0.0978098	0.0131925	-0.0208622	0.021531	0.146488	0.327451	0.532745	0.70686	0.8075	0.835603	0.798139	0.732127	0.660508	0.586123	0.518198	0.466208	
-0.0371873	0.103419	0.244818	0.362913	0.428742	0.438548	0.396343	0.296992	0.160661	0.0176615	-0.108123	-0.171691	-0.150261	-0.0480074	0.132502	0.345616	0.53519	0.665364	0.716148	0.704379	0.660508	0.601043	0.529809	0.461977	0.414442	
-0.111222	0.0607713	0.241954	0.391817	0.483054	0.50021	0.436426	0.306949	0.13515	-0.0462399	-0.195228	-0.280396	-0.281124	-0.191028	-0.0175213	0.195792	0.397989	0.54846	0.613269	0.616292	0.586123	0.529809	0.460879	0.389558	0.334421	
-0.167009	0.0339015	0.250098	0.433223	0.549893	0.571401	0.489379	0.329356	0.122	-0.0923551	-0.260815	-0.361308	-0.37647	-0.291971	-0.129445	0.0780025	0.289306	0.443996	0.522393	0.545279	0.518198	0.461977	0.389558	0.307626	0.236249	
-0.193594	0.0336205	0.280303	0.495802	0.632234	0.655379	0.562491	0.373351	0.132604	-0.107895	-0.302223	-0.423616	-0.452893	-0.384697	-0.23622	-0.0303586	0.183613	0.348353	0.449012	0.487887	0.466208	0.414442	0.334421	0.236249	0.158598	
