-0.103907	-0.116551	-0.127873	-0.1384	-0.146851	-0.147867	-0.142373	-0.132251	-0.121309	-0.10871	-0.101617	-0.105499	-0.112706	-0.120935	-0.128011	-0.12962	-0.120317	-0.102564	-0.0842054	-0.0620442	-0.0399716	-0.0275118	-0.0253727	-0.0323062	-0.053933	
-0.120478	-0.12855	-0.129883	-0.13072	-0.13363	-0.133748	-0.131792	-0.130025	-0.129617	-0.123785	-0.117781	-0.115536	-0.112253	-0.117726	-0.129103	-0.135915	-0.138247	-0.133843	-0.121329	-0.101979	-0.0826998	-0.0691519	-0.0626609	-0.0626178	-0.0731072	
-0.131618	-0.133395	-0.12858	-0.12131	-0.117815	-0.117391	-0.11961	-0.125242	-0.132458	-0.13224	-0.132089	-0.132098	-0.121289	-0.114869	-0.116856	-0.121113	-0.130906	-0.139928	-0.143911	-0.136983	-0.120739	-0.10785	-0.0973177	-0.0883692	-0.0920889	
-0.131547	-0.131685	-0.123018	-0.114506	-0.113811	-0.11421	-0.113579	-0.118855	-0.129337	-0.131594	-0.132861	-0.135122	-0.126553	-0.120793	-0.117252	-0.110742	-0.116889	-0.13001	-0.142009	-0.151704	-0.150946	-0.142155	-0.130547	-0.11536	-0.108969	
-0.121974	-0.12064	-0.119038	-0.116815	-0.115363	-0.115452	-0.116104	-0.117778	-0.120769	-0.120901	-0.12579	-0.130568	-0.123624	-0.121776	-0.122004	-0.114345	-0.11518	-0.123358	-0.134409	-0.147938	-0.157744	-0.161253	-0.151762	-0.13357	-0.122585	
-0.108333	-0.112654	-0.115077	-0.116326	-0.121432	-0.123649	-0.118146	-0.114592	-0.114691	-0.109631	-0.109894	-0.117957	-0.120469	-0.126105	-0.1305	-0.124027	-0.122746	-0.122314	-0.12144	-0.131416	-0.143974	-0.156554	-0.161975	-0.150374	-0.138598	
-0.104275	-0.105182	-0.110543	-0.116854	-0.119951	-0.120612	-0.118327	-0.113102	-0.107095	-0.103552	-0.106408	-0.111927	-0.115823	-0.125169	-0.132763	-0.128977	-0.126777	-0.123613	-0.115106	-0.114263	-0.123387	-0.138134	-0.153748	-0.162577	-0.162179	
-0.111274	-0.109977	-0.110917	-0.109338	-0.107533	-0.108492	-0.108873	-0.11004	-0.110818	-0.110517	-0.111276	-0.112182	-0.112683	-0.116794	-0.12098	-0.11977	-0.121364	-0.121257	-0.116486	-0.116848	-0.120725	-0.129839	-0.142683	-0.157077	-0.170879	
-0.119967	-0.11855	-0.112995	-0.10418	-0.0959243	-0.0943564	-0.100227	-0.109913	-0.116695	-0.120259	-0.116187	-0.10747	-0.103845	-0.10294	-0.106099	-0.113186	-0.12175	-0.126914	-0.123586	-0.122107	-0.123826	-0.12377	-0.127963	-0.139786	-0.156856	
-0.112449	-0.103068	-0.102732	-0.105571	-0.104059	-0.103551	-0.105078	-0.104066	-0.10168	-0.109105	-0.113864	-0.10761	-0.105475	-0.103152	-0.100918	-0.107708	-0.11832	-0.127228	-0.129246	-0.125232	-0.121218	-0.116978	-0.113865	-0.121992	-0.137266	
-0.096073	-0.0924726	-0.098598	-0.105795	-0.109992	-0.111016	-0.107951	-0.101681	-0.0938023	-0.0943483	-0.0985108	-0.104452	-0.116535	-0.116193	-0.108147	-0.106567	-0.105394	-0.109499	-0.117797	-0.122904	-0.122479	-0.117598	-0.11502	-0.120626	-0.130069	
-0.100882	-0.0984178	-0.10005	-0.10259	-0.101162	-0.0997337	-0.102263	-0.102304	-0.0975249	-0.0998064	-0.1003	-0.0978928	-0.108734	-0.113346	-0.108404	-0.108948	-0.102309	-0.0974922	-0.106192	-0.118426	-0.127381	-0.125347	-0.119553	-0.122379	-0.124541	
-0.10623	-0.104414	-0.101303	-0.0969491	-0.093774	-0.0932743	-0.0957026	-0.0999207	-0.103144	-0.106221	-0.103603	-0.0962154	-0.0971837	-0.0998957	-0.102082	-0.110059	-0.109563	-0.103091	-0.103214	-0.10951	-0.120941	-0.127504	-0.123706	-0.121012	-0.118469	
-0.0996071	-0.101154	-0.0995238	-0.0968067	-0.0945801	-0.0931471	-0.0951779	-0.0986341	-0.100774	-0.100694	-0.0988654	-0.0977745	-0.09771	-0.0947125	-0.0969079	-0.108407	-0.111748	-0.109589	-0.10796	-0.102256	-0.104048	-0.115677	-0.124872	-0.124476	-0.118702	
-0.0950777	-0.0944366	-0.0915805	-0.0939383	-0.0997664	-0.100617	-0.0962136	-0.0919318	-0.0930537	-0.0947177	-0.0970818	-0.0997509	-0.0991884	-0.0985384	-0.0978666	-0.100899	-0.104334	-0.1061	-0.110232	-0.106398	-0.0978984	-0.102202	-0.119145	-0.128416	-0.123414	
-0.08897	-0.0924202	-0.093508	-0.0938878	-0.0958696	-0.0972342	-0.0954828	-0.0929693	-0.0936325	-0.0895102	-0.091641	-0.102093	-0.100692	-0.0981641	-0.0993558	-0.0958423	-0.0962464	-0.101167	-0.107023	-0.110621	-0.105655	-0.0998349	-0.108382	-0.121192	-0.124262	
-0.0903362	-0.0962847	-0.0951285	-0.0918858	-0.0915808	-0.091679	-0.0912895	-0.0933891	-0.0970625	-0.0922592	-0.0905903	-0.0969584	-0.095788	-0.0973318	-0.100467	-0.0944412	-0.0932482	-0.0982632	-0.103142	-0.108311	-0.110948	-0.1074	-0.104443	-0.107644	-0.116631	
-0.0953104	-0.0990899	-0.0940555	-0.088596	-0.0892031	-0.08969	-0.0877809	-0.091316	-0.0988457	-0.097006	-0.0928633	-0.0911464	-0.0852314	-0.0922855	-0.103328	-0.0976328	-0.0962723	-0.100557	-0.0999505	-0.101842	-0.106403	-0.108991	-0.105361	-0.0989691	-0.105344	
-0.0914784	-0.0879515	-0.0898246	-0.0936494	-0.0905474	-0.0893888	-0.0930888	-0.0913171	-0.0882098	-0.0898633	-0.0930743	-0.0955717	-0.0901112	-0.0876718	-0.097943	-0.100707	-0.0979089	-0.0982715	-0.0957268	-0.0956456	-0.102086	-0.109648	-0.109264	-0.101551	-0.100486	
-0.0894146	-0.0836766	-0.0854672	-0.0911232	-0.0932695	-0.0939146	-0.0932907	-0.0876416	-0.08256	-0.0874934	-0.0915319	-0.0934249	-0.099	-0.095093	-0.0877929	-0.09206	-0.0989988	-0.097095	-0.0931473	-0.0938077	-0.098657	-0.109002	-0.112955	-0.109233	-0.105432	
-0.0923867	-0.0903262	-0.0921805	-0.0884484	-0.0856983	-0.085763	-0.0869796	-0.0914433	-0.0907272	-0.0919648	-0.0919536	-0.0854618	-0.0920965	-0.0977912	-0.086305	-0.0833019	-0.0968014	-0.104086	-0.10034	-0.0986645	-0.0976971	-0.09925	-0.103685	-0.10748	-0.108214	
-0.0915186	-0.0885825	-0.0925818	-0.0903051	-0.0848539	-0.0832208	-0.0869177	-0.0929684	-0.0898056	-0.0898725	-0.0915097	-0.0827752	-0.0853861	-0.095262	-0.0962912	-0.0930332	-0.0894106	-0.094623	-0.0995458	-0.0989942	-0.0987519	-0.0953595	-0.0961583	-0.107247	-0.11546	
-0.088913	-0.0872557	-0.0838942	-0.0857168	-0.0911382	-0.092068	-0.0880038	-0.0847493	-0.0854435	-0.0883013	-0.0880228	-0.0878737	-0.0908174	-0.0890056	-0.0930772	-0.101133	-0.0914417	-0.0842339	-0.0920715	-0.0981665	-0.0993881	-0.0975894	-0.0965528	-0.10555	-0.119565	
-0.0884565	-0.0872302	-0.0821149	-0.0864792	-0.0888709	-0.0882811	-0.0885796	-0.0830877	-0.0845985	-0.0887638	-0.08876	-0.0941982	-0.0937285	-0.0830915	-0.0813932	-0.0930799	-0.0966608	-0.0898775	-0.0931932	-0.10181	-0.102293	-0.0983746	-0.0966182	-0.0974039	-0.105969	
-0.0828243	-0.0884855	-0.0910614	-0.0882203	-0.0834263	-0.0828243	-0.0859692	-0.0891798	-0.0910022	-0.0846532	-0.0840105	-0.0898359	-0.0881305	-0.0891329	-0.0888456	-0.0901193	-0.0954135	-0.0924302	-0.0920669	-0.0943829	-0.0974872	-0.0983337	-0.0993172	-0.10063	-0.097366	
-0.0806075	-0.0918951	-0.0926072	-0.081029	-0.0846825	-0.0887475	-0.0808118	-0.087193	-0.0956917	-0.0838397	-0.0798826	-0.0879858	-0.0874178	-0.0901863	-0.0940394	-0.0897271	-0.0898586	-0.094308	-0.0934864	-0.0882258	-0.0919669	-0.0987515	-0.10301	-0.105108	-0.0958309	
-0.0918951	-0.085919	-0.0787871	-0.0826449	-0.090096	-0.0910887	-0.0858929	-0.079744	-0.0817163	-0.0904291	-0.0904667	-0.0877967	-0.0870942	-0.08671	-0.091756	-0.0857199	-0.0833468	-0.0972674	-0.0979631	-0.0929983	-0.0932058	-0.0981749	-0.104872	-0.10119	-0.093433	
-0.0926072	-0.0787871	-0.0807169	-0.0938125	-0.0851944	-0.0791623	-0.0924011	-0.0877871	-0.0753334	-0.0879356	-0.0946009	-0.0840057	-0.0823216	-0.0894863	-0.0938783	-0.0874864	-0.0867581	-0.0937364	-0.0940665	-0.0950517	-0.0913315	-0.0951942	-0.102869	-0.0994815	-0.0987541	
-0.081029	-0.0826449	-0.0938125	-0.0922448	-0.0785532	-0.0747535	-0.0872557	-0.0957804	-0.087082	-0.0800244	-0.0856278	-0.0874589	-0.0856449	-0.0887086	-0.0886239	-0.0901537	-0.0939152	-0.0893726	-0.0901609	-0.094655	-0.0928406	-0.0956469	-0.097259	-0.0995748	-0.105593	
-0.0846825	-0.090096	-0.0851944	-0.0785532	-0.0875943	-0.0921308	-0.0809567	-0.0805653	-0.0900529	-0.0872783	-0.0824352	-0.0867641	-0.0915107	-0.0874635	-0.083456	-0.0911522	-0.0926407	-0.0885775	-0.0906947	-0.0934255	-0.099623	-0.0972807	-0.0921356	-0.098121	-0.107586	
-0.0887475	-0.0910887	-0.0791623	-0.0747535	-0.0921308	-0.0989214	-0.0802494	-0.0737104	-0.0881105	-0.0913072	-0.0838088	-0.0854467	-0.0918217	-0.0874324	-0.0828536	-0.0912086	-0.0921572	-0.0890412	-0.0908403	-0.0935687	-0.101478	-0.0966375	-0.0905928	-0.0971001	-0.107344	
-0.0808118	-0.0858929	-0.0924011	-0.0872557	-0.0809567	-0.0802494	-0.084099	-0.091513	-0.0899896	-0.0812682	-0.0832215	-0.0884594	-0.0883046	-0.087305	-0.0857034	-0.0912253	-0.0948015	-0.0884036	-0.0895941	-0.0944939	-0.0957919	-0.0959964	-0.0946067	-0.099479	-0.107055	
-0.087193	-0.079744	-0.0877871	-0.0957804	-0.0805653	-0.0737104	-0.091513	-0.0941077	-0.080018	-0.0835317	-0.0905575	-0.084742	-0.0832023	-0.0898677	-0.0930017	-0.0891648	-0.0892	-0.0912856	-0.0922596	-0.09445	-0.0912929	-0.0951578	-0.100926	-0.100622	-0.102122	
-0.0956917	-0.0817163	-0.0753334	-0.087082	-0.0900529	-0.0881105	-0.0899896	-0.080018	-0.0753764	-0.0918633	-0.0952593	-0.0855371	-0.0845133	-0.0881154	-0.0924521	-0.0845386	-0.0833302	-0.0974356	-0.097914	-0.0947946	-0.0925197	-0.0966833	-0.104614	-0.0992719	-0.0939532	
-0.0838397	-0.0904291	-0.0879356	-0.0800244	-0.0872783	-0.0913072	-0.0812682	-0.0835317	-0.0918633	-0.0861741	-0.0828152	-0.0885071	-0.0879057	-0.0882183	-0.0929325	-0.0885853	-0.0875612	-0.095566	-0.094977	-0.0891021	-0.0917638	-0.0993113	-0.10448	-0.103832	-0.0948454	
-0.0798826	-0.0904667	-0.0946009	-0.0856278	-0.0824352	-0.0838088	-0.0832215	-0.0905575	-0.0952593	-0.0828152	-0.0801245	-0.0887214	-0.0877717	-0.0900366	-0.0923571	-0.0913039	-0.0930488	-0.092386	-0.0919073	-0.0903294	-0.0952553	-0.0987937	-0.10043	-0.103524	-0.0967518	
-0.0879858	-0.0877967	-0.0840057	-0.0874589	-0.0867641	-0.0854467	-0.0884594	-0.084742	-0.0855371	-0.0885071	-0.0887214	-0.092682	-0.091354	-0.0851169	-0.0824402	-0.0898029	-0.0967621	-0.0922604	-0.0935583	-0.101062	-0.101483	-0.097431	-0.0972258	-0.096824	-0.100825	
-0.0874178	-0.0870942	-0.0823216	-0.0856449	-0.0915107	-0.0918217	-0.0883046	-0.0832023	-0.0845133	-0.0879057	-0.0877717	-0.091354	-0.0930629	-0.0863289	-0.0879384	-0.0986379	-0.0944234	-0.0850429	-0.0910418	-0.0999449	-0.0998461	-0.0982159	-0.0976155	-0.102296	-0.116054	
-0.0901863	-0.08671	-0.0894863	-0.0887086	-0.0874635	-0.0874324	-0.087305	-0.0898677	-0.0881154	-0.0882183	-0.0900366	-0.0851169	-0.0863289	-0.0922691	-0.0973737	-0.09828	-0.0889907	-0.0891542	-0.0964721	-0.0977856	-0.0988879	-0.0964674	-0.0954183	-0.107454	-0.118541	
-0.0940394	-0.091756	-0.0938783	-0.0886239	-0.083456	-0.0828536	-0.0857034	-0.0930017	-0.0924521	-0.0929325	-0.0923571	-0.0824402	-0.0879384	-0.0973737	-0.0897492	-0.0855075	-0.093608	-0.102294	-0.102256	-0.0995451	-0.0984472	-0.0968656	-0.098935	-0.106768	-0.11005	
-0.0897271	-0.0857199	-0.0874864	-0.0901537	-0.0911522	-0.0912086	-0.0912253	-0.0891648	-0.0845386	-0.0885853	-0.0913039	-0.0898029	-0.0986379	-0.09828	-0.0855075	-0.0872762	-0.0984268	-0.0995568	-0.0953221	-0.0949498	-0.0980086	-0.105765	-0.110522	-0.109888	-0.107145	
-0.0898586	-0.0833468	-0.0867581	-0.0939152	-0.0926407	-0.0921572	-0.0948015	-0.0892	-0.0833302	-0.0875612	-0.0930488	-0.0967621	-0.0944234	-0.0889907	-0.093608	-0.0984268	-0.0989021	-0.0975323	-0.0934709	-0.0945168	-0.10068	-0.109214	-0.111782	-0.104752	-0.101875	
-0.094308	-0.0972674	-0.0937364	-0.0893726	-0.0885775	-0.0890412	-0.0884036	-0.0912856	-0.0974356	-0.095566	-0.092386	-0.0922604	-0.0850429	-0.0891542	-0.102294	-0.0995568	-0.0975323	-0.100146	-0.0985574	-0.0998069	-0.104031	-0.109158	-0.106813	-0.0984264	-0.101944	
-0.0934864	-0.0979631	-0.0940665	-0.0901609	-0.0906947	-0.0908403	-0.0895941	-0.0922596	-0.097914	-0.094977	-0.0919073	-0.0935583	-0.0910418	-0.0964721	-0.102256	-0.0953221	-0.0934709	-0.0985574	-0.101957	-0.10516	-0.109844	-0.109395	-0.104611	-0.103816	-0.111879	
-0.0882258	-0.0929983	-0.0950517	-0.094655	-0.0934255	-0.0935687	-0.0944939	-0.09445	-0.0947946	-0.0891021	-0.0903294	-0.101062	-0.0999449	-0.0977856	-0.0995451	-0.0949498	-0.0945168	-0.0998069	-0.10516	-0.110406	-0.109073	-0.102324	-0.105721	-0.115245	-0.12185	
-0.0919669	-0.0932058	-0.0913315	-0.0928406	-0.099623	-0.101478	-0.0957919	-0.0912929	-0.0925197	-0.0917638	-0.0952553	-0.101483	-0.0998461	-0.0988879	-0.0984472	-0.0980086	-0.10068	-0.104031	-0.109844	-0.109073	-0.100269	-0.0998293	-0.114103	-0.126617	-0.124979	
-0.0987515	-0.0981749	-0.0951942	-0.0956469	-0.0972807	-0.0966375	-0.0959964	-0.0951578	-0.0966833	-0.0993113	-0.0987937	-0.097431	-0.0982159	-0.0964674	-0.0968656	-0.105765	-0.109214	-0.109158	-0.109395	-0.102324	-0.0998293	-0.10928	-0.123744	-0.127889	-0.120661	
-0.10301	-0.104872	-0.102869	-0.097259	-0.0921356	-0.0905928	-0.0946067	-0.100926	-0.104614	-0.10448	-0.10043	-0.0972258	-0.0976155	-0.0954183	-0.098935	-0.110522	-0.111782	-0.106813	-0.104611	-0.105721	-0.114103	-0.123744	-0.125161	-0.121178	-0.117534	
-0.105108	-0.10119	-0.0994815	-0.0995748	-0.098121	-0.0971001	-0.099479	-0.100622	-0.0992719	-0.103832	-0.103524	-0.096824	-0.102296	-0.107454	-0.106768	-0.109888	-0.104752	-0.0984264	-0.103816	-0.115245	-0.126617	-0.127889	-0.121178	-0.121603	-0.121874	
-0.0958309	-0.093433	-0.0987541	-0.105593	-0.107586	-0.107344	-0.107055	-0.102122	-0.0939532	-0.0948454	-0.0967518	-0.100825	-0.116054	-0.118541	-0.11005	-0.107145	-0.101875	-0.101944	-0.111879	-0.12185	-0.124979	-0.120661	-0.117534	-0.121874	-0.128147	
