0.749674	0.7293	0.703953	0.667717	0.611724	0.529988	0.411744	0.271085	0.11929	-0.0240859	-0.137822	-0.215927	-0.255397	-0.247755	-0.192578	-0.103829	0.00760032	0.113934	0.185321	0.205115	0.168854	0.0827026	-0.0346949	-0.164806	-0.293161	
0.7293	0.725981	0.704493	0.67211	0.630687	0.567812	0.468721	0.347922	0.216938	0.0969824	0.00298254	-0.0553077	-0.0820392	-0.0720855	-0.0188158	0.0613002	0.158616	0.246398	0.293308	0.286142	0.221584	0.103755	-0.0456471	-0.203349	-0.355101	
0.703953	0.704493	0.682995	0.656206	0.621329	0.563228	0.472692	0.366386	0.259228	0.166267	0.100929	0.0684185	0.0581063	0.0788261	0.135412	0.213375	0.301292	0.371337	0.394909	0.359515	0.265922	0.123602	-0.0445409	-0.219963	-0.386397	
0.667717	0.67211	0.656206	0.627921	0.583467	0.515564	0.422239	0.322252	0.230498	0.165493	0.129393	0.123138	0.136999	0.176225	0.248226	0.335524	0.42047	0.478888	0.485213	0.428979	0.315794	0.157968	-0.0218607	-0.202355	-0.36772	
0.611724	0.630687	0.621329	0.583467	0.521343	0.434701	0.327446	0.218556	0.136814	0.0916622	0.0746556	0.0916745	0.131679	0.201138	0.301138	0.410061	0.507561	0.56951	0.572252	0.508207	0.388831	0.228384	0.0487023	-0.131724	-0.295785	
0.529988	0.567812	0.563228	0.515564	0.434701	0.323718	0.19209	0.0737109	-0.00504055	-0.0450083	-0.0514551	-0.0134693	0.0601587	0.165651	0.299126	0.439057	0.558775	0.637343	0.655257	0.604579	0.495703	0.344396	0.171882	-0.00139125	-0.155541	
0.411744	0.468721	0.472692	0.422239	0.327446	0.19209	0.0462177	-0.0809514	-0.169347	-0.213262	-0.209741	-0.146577	-0.0434358	0.0928656	0.257963	0.429668	0.581719	0.692123	0.736973	0.708566	0.620332	0.48727	0.332179	0.176962	0.0390122	
0.271085	0.347922	0.366386	0.322252	0.218556	0.0737109	-0.0809514	-0.226144	-0.330483	-0.374141	-0.353314	-0.275338	-0.154085	0.00876844	0.203972	0.412775	0.599867	0.736762	0.805551	0.801873	0.735315	0.629332	0.508552	0.38305	0.27058	
0.11929	0.216938	0.259228	0.230498	0.136814	-0.00504055	-0.169347	-0.330483	-0.439148	-0.473549	-0.451388	-0.376399	-0.243067	-0.0592142	0.160348	0.396196	0.604521	0.760212	0.852474	0.874446	0.841068	0.773731	0.683175	0.587164	0.505215	
-0.0240859	0.0969824	0.166267	0.165493	0.0916622	-0.0450083	-0.213262	-0.374141	-0.473549	-0.512066	-0.500524	-0.424728	-0.279584	-0.0820334	0.149262	0.392825	0.606625	0.774778	0.886523	0.932774	0.926697	0.887786	0.831478	0.772658	0.724587	
-0.137822	0.00298254	0.100929	0.129393	0.0746556	-0.0514551	-0.209741	-0.353314	-0.451388	-0.500524	-0.487228	-0.403242	-0.252423	-0.0535981	0.177136	0.419032	0.637846	0.811731	0.925154	0.979393	0.989526	0.974339	0.949127	0.928963	0.918508	
-0.215927	-0.0553077	0.0684185	0.123138	0.0916745	-0.0134693	-0.146577	-0.275338	-0.376399	-0.424728	-0.403242	-0.32129	-0.176446	0.0221293	0.253548	0.49405	0.710693	0.87663	0.980895	1.03536	1.05168	1.04797	1.04321	1.04218	1.04691	
-0.255397	-0.0820392	0.0581063	0.136999	0.131679	0.0601587	-0.0434358	-0.154085	-0.243067	-0.279584	-0.252423	-0.176446	-0.0334427	0.164808	0.389382	0.619396	0.817581	0.958404	1.04782	1.09809	1.11017	1.10714	1.10541	1.10549	1.11534	
-0.247755	-0.0720855	0.0788261	0.176225	0.201138	0.165651	0.0928656	0.00876844	-0.0592142	-0.0820334	-0.0535981	0.0221293	0.164808	0.358091	0.570086	0.777288	0.946551	1.06496	1.13662	1.15716	1.1472	1.13176	1.11398	1.10898	1.11805	
-0.192578	-0.0188158	0.135412	0.248226	0.301138	0.299126	0.257963	0.203972	0.160348	0.149262	0.177136	0.253548	0.389382	0.570086	0.765964	0.943106	1.08387	1.17347	1.20533	1.19141	1.15894	1.11701	1.07872	1.06029	1.04683	
-0.103829	0.0613002	0.213375	0.335524	0.410061	0.439057	0.429668	0.412775	0.396196	0.392825	0.419032	0.49405	0.619396	0.777288	0.943106	1.08414	1.1938	1.24271	1.23035	1.18949	1.13077	1.06314	1.00432	0.962335	0.926821	
0.00760032	0.158616	0.301292	0.42047	0.507561	0.558775	0.581719	0.599867	0.604521	0.606625	0.637846	0.710693	0.817581	0.946551	1.08387	1.1938	1.25545	1.25836	1.21459	1.14586	1.0546	0.961648	0.885127	0.822048	0.776816	
0.113934	0.246398	0.371337	0.478888	0.56951	0.637343	0.692123	0.736762	0.760212	0.774778	0.811731	0.87663	0.958404	1.06496	1.17347	1.24271	1.25836	1.22808	1.15584	1.05381	0.941746	0.835724	0.746829	0.670388	0.61535	
0.185321	0.293308	0.394909	0.485213	0.572252	0.655257	0.736973	0.805551	0.852474	0.886523	0.925154	0.980895	1.04782	1.13662	1.20533	1.23035	1.21459	1.15584	1.05946	0.932877	0.809483	0.698065	0.59944	0.521185	0.463292	
0.205115	0.286142	0.359515	0.428979	0.508207	0.604579	0.708566	0.801873	0.874446	0.932774	0.979393	1.03536	1.09809	1.15716	1.19141	1.18949	1.14586	1.05381	0.932877	0.798875	0.674704	0.562921	0.459887	0.384955	0.330181	
0.168854	0.221584	0.265922	0.315794	0.388831	0.495703	0.620332	0.735315	0.841068	0.926697	0.989526	1.05168	1.11017	1.1472	1.15894	1.13077	1.0546	0.941746	0.809483	0.674704	0.545402	0.433365	0.341611	0.272632	0.222079	
0.0827026	0.103755	0.123602	0.157968	0.228384	0.344396	0.48727	0.629332	0.773731	0.887786	0.974339	1.04797	1.10714	1.13176	1.11701	1.06314	0.961648	0.835724	0.698065	0.562921	0.433365	0.324156	0.247703	0.183227	0.137484	
-0.0346949	-0.0456471	-0.0445409	-0.0218607	0.0487023	0.171882	0.332179	0.508552	0.683175	0.831478	0.949127	1.04321	1.10541	1.11398	1.07872	1.00432	0.885127	0.746829	0.59944	0.459887	0.341611	0.247703	0.177337	0.116281	0.0753263	
-0.164806	-0.203349	-0.219963	-0.202355	-0.131724	-0.00139125	0.176962	0.38305	0.587164	0.772658	0.928963	1.04218	1.10549	1.10898	1.06029	0.962335	0.822048	0.670388	0.521185	0.384955	0.272632	0.183227	0.116281	0.0703316	0.0394998	
-0.293161	-0.355101	-0.386397	-0.36772	-0.295785	-0.155541	0.0390122	0.27058	0.505215	0.724587	0.918508	1.04691	1.11534	1.11805	1.04683	0.926821	0.776816	0.61535	0.463292	0.330181	0.222079	0.137484	0.0753263	0.0394998	0.0142467	
-0.402658	-0.486916	-0.52849	-0.512274	-0.434028	-0.288564	-0.0783571	0.17389	0.432499	0.689167	0.912514	1.06476	1.13771	1.13404	1.04913	0.90817	0.74815	0.575769	0.418287	0.284081	0.179207	0.10901	0.0548588	0.0186526	-0.00681567	
-0.490472	-0.592796	-0.643671	-0.630125	-0.543107	-0.393029	-0.17051	0.094971	0.376996	0.667072	0.913258	1.087	1.165	1.15417	1.06079	0.902272	0.727723	0.546432	0.383318	0.256333	0.156647	0.0824159	0.0338275	0.00455053	-0.0165528	
-0.55384	-0.671068	-0.72943	-0.714564	-0.622365	-0.461764	-0.237036	0.0395174	0.343182	0.652964	0.918825	1.10468	1.19162	1.17307	1.06579	0.898908	0.714208	0.531503	0.365574	0.237408	0.141631	0.066865	0.0207733	-0.00413053	-0.0226795	
-0.592821	-0.723609	-0.788611	-0.774056	-0.67899	-0.510763	-0.285979	-0.00203273	0.319522	0.642854	0.9252	1.12597	1.21598	1.1915	1.07814	0.906054	0.705943	0.51491	0.353474	0.219918	0.122528	0.0619135	0.0195078	-0.0097349	-0.0270869	
-0.615206	-0.749877	-0.820294	-0.80468	-0.70545	-0.535416	-0.30739	-0.0242528	0.310775	0.639373	0.927395	1.13715	1.22807	1.20079	1.08203	0.906977	0.702863	0.510455	0.346614	0.215602	0.120207	0.0552534	0.013317	-0.0147233	-0.0269032	
-0.619144	-0.753367	-0.825201	-0.808503	-0.708755	-0.538135	-0.309743	-0.0273048	0.310228	0.638709	0.927926	1.13723	1.2295	1.20156	1.08113	0.90642	0.701786	0.511874	0.346298	0.215571	0.121655	0.0532989	0.0114024	-0.0156891	-0.0264705	
-0.603774	-0.737264	-0.80529	-0.789843	-0.69381	-0.524025	-0.298103	-0.013722	0.31422	0.640594	0.927493	1.13224	1.22264	1.19673	1.08173	0.908323	0.703368	0.51064	0.349662	0.216549	0.119378	0.059821	0.0179358	-0.0125546	-0.0267403	
-0.571575	-0.695189	-0.756088	-0.741063	-0.647568	-0.483748	-0.258819	0.021354	0.332471	0.648335	0.920902	1.11318	1.20234	1.18087	1.06935	0.900527	0.711326	0.525343	0.360513	0.229909	0.133196	0.0641086	0.0198417	-0.00674659	-0.0249217	
-0.518618	-0.627621	-0.681177	-0.667674	-0.577786	-0.424066	-0.199816	0.0706096	0.361311	0.660998	0.915435	1.0938	1.17597	1.16195	1.06269	0.900567	0.721148	0.539351	0.374667	0.248279	0.151206	0.0742486	0.0271382	0.00101792	-0.0196476	
-0.440626	-0.532837	-0.578172	-0.563512	-0.4817	-0.334806	-0.118606	0.139493	0.407412	0.679351	0.912482	1.07444	1.14805	1.14202	1.05514	0.905047	0.738479	0.56181	0.402249	0.271171	0.168172	0.0981412	0.0462702	0.0118653	-0.0112354	
-0.339541	-0.410168	-0.445998	-0.42768	-0.354105	-0.211191	-0.0103029	0.230123	0.474987	0.708458	0.914649	1.05265	1.12337	1.12328	1.04463	0.916509	0.765043	0.599636	0.444204	0.309898	0.202923	0.12489	0.0664145	0.0303059	0.00428981	
-0.217874	-0.266031	-0.288932	-0.271179	-0.200659	-0.0658385	0.118948	0.335849	0.553117	0.752144	0.9247	1.04291	1.10842	1.11184	1.05397	0.947765	0.80078	0.64423	0.496071	0.361923	0.251203	0.162308	0.0966786	0.0567035	0.0289237	
-0.0859001	-0.108418	-0.114519	-0.0948232	-0.0243474	0.101446	0.269047	0.457828	0.643602	0.807805	0.939951	1.04211	1.10427	1.11014	1.07051	0.9854	0.858214	0.714702	0.565292	0.426687	0.311363	0.220592	0.151105	0.0956333	0.0592068	
0.0383528	0.0467304	0.0582463	0.0877269	0.157812	0.276744	0.426732	0.582457	0.739606	0.865927	0.964516	1.04618	1.10622	1.12371	1.09913	1.03755	0.929943	0.799289	0.656456	0.518677	0.394008	0.291079	0.218072	0.153624	0.108493	
0.139313	0.179621	0.213161	0.25625	0.32822	0.438592	0.570854	0.695776	0.818407	0.914032	0.985997	1.05213	1.10965	1.14203	1.14311	1.10454	1.01473	0.895981	0.764522	0.629338	0.498111	0.385801	0.30042	0.234748	0.186294	
0.197678	0.26783	0.329396	0.390067	0.467038	0.567861	0.6796	0.781634	0.866279	0.936091	0.986764	1.04485	1.10664	1.15454	1.17993	1.16755	1.11175	1.01027	0.88177	0.747387	0.621876	0.509784	0.409579	0.336991	0.283718	
0.19955	0.297178	0.387837	0.4697	0.553502	0.642866	0.733993	0.812293	0.86907	0.912789	0.953994	1.00836	1.07295	1.15028	1.20331	1.21644	1.19026	1.1173	1.00995	0.879222	0.755512	0.643997	0.542041	0.463871	0.407014	
0.147878	0.270855	0.387633	0.488604	0.578407	0.651993	0.719188	0.773066	0.805282	0.826923	0.864723	0.925735	0.999201	1.10012	1.19346	1.24299	1.24433	1.20341	1.12251	1.00821	0.889363	0.780706	0.688004	0.610832	0.553588	
0.0529859	0.196785	0.333569	0.449096	0.538593	0.596502	0.632017	0.662699	0.673722	0.679888	0.713536	0.783559	0.881194	0.999003	1.12631	1.22162	1.26371	1.25225	1.19555	1.11427	1.01352	0.913421	0.831103	0.760437	0.711581	
-0.0608189	0.0992161	0.247739	0.370654	0.45131	0.49033	0.493674	0.491575	0.484974	0.483509	0.511386	0.585881	0.704486	0.851352	1.00505	1.13301	1.22516	1.25434	1.22816	1.17783	1.10532	1.02731	0.961741	0.909964	0.869865	
-0.160411	0.0108647	0.16487	0.282344	0.345209	0.356155	0.327856	0.287836	0.254902	0.247463	0.27423	0.350511	0.4822	0.655199	0.840167	1.0028	1.13284	1.20771	1.22112	1.19523	1.15304	1.10035	1.05385	1.02755	1.00318	
-0.230618	-0.0553804	0.0980159	0.201857	0.238109	0.216784	0.156162	0.0840777	0.0252907	0.00684951	0.0361116	0.111669	0.252974	0.442185	0.648006	0.844953	1.00196	1.11062	1.16867	1.17443	1.15632	1.13064	1.10414	1.09469	1.09738	
-0.258754	-0.0833469	0.0616767	0.148814	0.155306	0.0980803	0.00686782	-0.0939849	-0.174694	-0.205431	-0.177743	-0.102398	0.0411481	0.238252	0.458499	0.67977	0.866644	0.998653	1.08154	1.1231	1.12771	1.12122	1.11633	1.11444	1.12506	
-0.236853	-0.0697933	0.0616939	0.126491	0.10548	0.0125459	-0.109057	-0.231656	-0.330167	-0.374163	-0.349971	-0.271025	-0.128001	0.0704355	0.300889	0.539266	0.749994	0.906729	1.00631	1.06073	1.07638	1.07473	1.07298	1.07345	1.08152	
-0.173461	-0.024569	0.084274	0.123686	0.077401	-0.0415719	-0.190943	-0.328513	-0.428231	-0.479004	-0.462284	-0.377052	-0.228263	-0.0295204	0.20045	0.442375	0.663061	0.834731	0.945376	0.999793	1.01364	1.0056	0.989443	0.980135	0.979112	
