1.19999e-12	9.17934e-12	6.51176e-11	4.27341e-10	2.58788e-09	1.44239e-08	7.37995e-08	3.45725e-07	1.4792e-06	5.76685e-06	2.04456e-05	6.58194e-05	0.000192242	0.000509477	0.00122665	0.00268994	0.00539371	0.00994011	0.0169395	0.0268717	0.0399478	0.0560165	0.0745383	0.0946332	0.115181	
9.17934e-12	6.75975e-11	4.60916e-10	2.90248e-09	1.6835e-08	8.96958e-08	4.37768e-07	1.95184e-06	7.92934e-06	2.92806e-05	9.80851e-05	0.000297636	0.00081765	0.00203453	0.00459386	0.00944418	0.0177641	0.0307607	0.0493846	0.0740557	0.104493	0.1397	0.178089	0.217699	0.256442	
6.51176e-11	4.60916e-10	3.01555e-09	1.81864e-08	1.00817e-07	5.12236e-07	2.37835e-06	1.00622e-05	3.86829e-05	0.000134792	0.000424862	0.00120972	0.00311048	0.00722945	0.015228	0.0291965	0.0512617	0.0830292	0.125076	0.176692	0.235951	0.300046	0.365751	0.429869	0.489567	
4.27341e-10	2.90248e-09	1.81864e-08	1.0482e-07	5.54049e-07	2.67734e-06	1.17907e-05	4.71738e-05	0.000170963	0.000559746	0.00165219	0.00439111	0.0105081	0.0226784	0.0442974	0.0787512	0.12838	0.193599	0.272593	0.361666	0.456034	0.550732	0.641345	0.724443	0.797676	
2.58788e-09	1.6835e-08	1.00817e-07	5.54049e-07	2.78505e-06	1.27622e-05	5.31288e-05	0.000200252	0.000681192	0.00208532	0.00573258	0.0141358	0.0312799	0.0622662	0.112042	0.183572	0.276415	0.38652	0.507256	0.63107	0.751025	0.861805	0.960053	1.04421	1.114	
1.44239e-08	8.96958e-08	5.12236e-07	2.67734e-06	1.27622e-05	5.52747e-05	0.000216706	0.000766189	0.00243434	0.00692899	0.0176289	0.0400552	0.0813642	0.1483	0.244165	0.366622	0.507918	0.657314	0.804108	0.93987	1.05938	1.16047	1.24323	1.3091	1.36004	
7.37995e-08	4.37768e-07	2.37835e-06	1.17907e-05	5.31288e-05	0.000216706	0.000796785	0.00262981	0.00776084	0.0204093	0.0477181	0.0991393	0.183416	0.303874	0.455137	0.624269	0.795666	0.956014	1.09678	1.21434	1.30867	1.38178	1.43652	1.47567	1.50203	
3.45725e-07	1.95184e-06	1.00622e-05	4.71738e-05	0.000200252	0.000766189	0.00262981	0.00805928	0.0219547	0.052968	0.112925	0.212797	0.355874	0.532913	0.724647	0.910503	1.07606	1.21462	1.32516	1.40959	1.47074	1.51156	1.53477	1.54326	1.5408	
1.4792e-06	7.92934e-06	3.86829e-05	0.000170963	0.000681192	0.00243434	0.00776084	0.0219547	0.0548373	0.120463	0.232321	0.394143	0.592781	0.802059	0.996715	1.16309	1.29795	1.40223	1.47772	1.52597	1.54873	1.54868	1.5295	1.49663	1.45648	
5.76685e-06	2.92806e-05	0.000134792	0.000559746	0.00208532	0.00692899	0.0204093	0.052968	0.120463	0.239163	0.414376	0.630183	0.853641	1.05477	1.22184	1.3557	1.45689	1.52367	1.55508	1.55223	1.51944	1.46306	1.39089	1.31193	1.23282	
2.04456e-05	9.80851e-05	0.000424862	0.00165219	0.00573258	0.0176289	0.0477181	0.112925	0.232321	0.414376	0.642864	0.879176	1.08769	1.25797	1.39474	1.4954	1.55151	1.56077	1.52676	1.45717	1.36198	1.25046	1.13256	1.01587	0.904425	
6.58194e-05	0.000297636	0.00120972	0.00439111	0.0141358	0.0400552	0.0991393	0.212797	0.394143	0.630183	0.879176	1.0983	1.27525	1.41796	1.51995	1.56423	1.54976	1.48653	1.38443	1.25496	1.10736	0.950777	0.794504	0.643662	0.504243	
0.000192242	0.00081765	0.00311048	0.0105081	0.0312799	0.0813642	0.183416	0.355874	0.592781	0.853641	1.08769	1.27525	1.42574	1.53174	1.5675	1.53361	1.44908	1.32165	1.16032	0.975967	0.778001	0.579414	0.388853	0.213339	0.0603688	
0.000509477	0.00203453	0.00722945	0.0226784	0.0622662	0.1483	0.303874	0.532913	0.802059	1.05477	1.25797	1.41796	1.53174	1.56768	1.52286	1.42511	1.27775	1.08357	0.861827	0.624473	0.388068	0.164488	-0.0391546	-0.216695	-0.366188	
0.00122665	0.00459386	0.015228	0.0442974	0.112042	0.244165	0.455137	0.724647	0.996715	1.22184	1.39474	1.51995	1.5675	1.52286	1.41718	1.25507	1.03061	0.776602	0.509092	0.24153	-0.00963973	-0.239024	-0.437852	-0.605435	-0.739727	
0.00268994	0.00944418	0.0291965	0.0787512	0.183572	0.366622	0.624269	0.910503	1.16309	1.3557	1.4954	1.56423	1.53361	1.42511	1.25507	1.01125	0.732031	0.442722	0.143833	-0.135718	-0.391591	-0.608678	-0.786404	-0.922144	-1.0195	
0.00539371	0.0177641	0.0512617	0.12838	0.276415	0.507918	0.795666	1.07606	1.29795	1.45689	1.55151	1.54976	1.44908	1.27775	1.03061	0.732031	0.421966	0.0927597	-0.216834	-0.491709	-0.724935	-0.903857	-1.03752	-1.12276	-1.17388	
0.00994011	0.0307607	0.0830292	0.193599	0.38652	0.657314	0.956014	1.21462	1.40223	1.52367	1.56077	1.48653	1.32165	1.08357	0.776602	0.442722	0.0927597	-0.245578	-0.535853	-0.788957	-0.974119	-1.10818	-1.18042	-1.21179	-1.20263	
0.0169395	0.0493846	0.125076	0.272593	0.507256	0.804108	1.09678	1.32516	1.47772	1.55508	1.52676	1.38443	1.16032	0.861827	0.509092	0.143833	-0.216834	-0.535853	-0.809468	-1.01334	-1.1433	-1.20753	-1.21003	-1.17246	-1.10884	
0.0268717	0.0740557	0.176692	0.361666	0.63107	0.93987	1.21434	1.40959	1.52597	1.55223	1.45717	1.25496	0.975967	0.624473	0.24153	-0.135718	-0.491709	-0.788957	-1.01334	-1.15111	-1.21387	-1.19986	-1.13957	-1.04066	-0.93978	
0.0399478	0.104493	0.235951	0.456034	0.751025	1.05938	1.30867	1.47074	1.54873	1.51944	1.36198	1.10736	0.778001	0.388068	-0.00963973	-0.391591	-0.724935	-0.974119	-1.1433	-1.21387	-1.19971	-1.11584	-0.991219	-0.853438	-0.730853	
0.0560165	0.1397	0.300046	0.550732	0.861805	1.16047	1.38178	1.51156	1.54868	1.46306	1.25046	0.950777	0.579414	0.164488	-0.239024	-0.608678	-0.903857	-1.10818	-1.20753	-1.19986	-1.11584	-0.969395	-0.812166	-0.666172	-0.566878	
0.0745383	0.178089	0.365751	0.641345	0.960053	1.24323	1.43652	1.53477	1.5295	1.39089	1.13256	0.794504	0.388853	-0.0391546	-0.437852	-0.786404	-1.03752	-1.18042	-1.21003	-1.13957	-0.991219	-0.812166	-0.644184	-0.529346	-0.472123	
0.0946332	0.217699	0.429869	0.724443	1.04421	1.3091	1.47567	1.54326	1.49663	1.31193	1.01587	0.643662	0.213339	-0.216695	-0.605435	-0.922144	-1.12276	-1.21179	-1.17246	-1.04066	-0.853438	-0.666172	-0.529346	-0.470192	-0.465805	
0.115181	0.256442	0.489567	0.797676	1.114	1.36004	1.50203	1.5408	1.45648	1.23282	0.904425	0.504243	0.0603688	-0.366188	-0.739727	-1.0195	-1.17388	-1.20263	-1.10884	-0.93978	-0.730853	-0.566878	-0.472123	-0.465805	-0.477039	
0.134948	0.292316	0.542541	0.859649	1.16999	1.39823	1.51853	1.53147	1.41425	1.15801	0.803303	0.383443	-0.0672391	-0.488696	-0.842595	-1.08569	-1.19764	-1.17692	-1.03954	-0.839712	-0.640601	-0.505537	-0.463212	-0.472963	-0.469605	
0.152715	0.323548	0.587057	0.909691	1.21318	1.42587	1.52794	1.51882	1.37418	1.09219	0.717959	0.284076	-0.17127	-0.584735	-0.91655	-1.12912	-1.20193	-1.13952	-0.97694	-0.76334	-0.578621	-0.473564	-0.455915	-0.45847	-0.431722	
0.167383	0.348689	0.621892	0.947625	1.24472	1.44492	1.53263	1.50597	1.34018	1.03925	0.650544	0.206282	-0.249661	-0.652959	-0.968228	-1.15573	-1.19736	-1.10787	-0.919933	-0.706873	-0.53917	-0.455901	-0.450705	-0.442217	-0.406757	
0.178052	0.366639	0.646254	0.973536	1.26565	1.45697	1.53457	1.49552	1.3151	1.00127	0.602956	0.152881	-0.302455	-0.699464	-1.00132	-1.16909	-1.19061	-1.08094	-0.883676	-0.669948	-0.512209	-0.446002	-0.443703	-0.442739	-0.408949	
0.184077	0.376656	0.659672	0.987594	1.27681	1.46317	1.53517	1.48923	1.30078	0.980091	0.576852	0.123708	-0.331349	-0.724131	-1.01851	-1.17636	-1.18435	-1.06329	-0.86366	-0.652347	-0.500635	-0.442838	-0.442883	-0.435803	-0.394322	
0.185096	0.378342	0.661917	0.989931	1.27865	1.46419	1.53523	1.4881	1.29835	0.976669	0.572591	0.118498	-0.33652	-0.727734	-1.02078	-1.17687	-1.18315	-1.06352	-0.859484	-0.646929	-0.499736	-0.441383	-0.446241	-0.433153	-0.389913	
0.181048	0.37163	0.652953	0.980573	1.27126	1.46011	1.53489	1.49236	1.30795	0.990802	0.590168	0.138632	-0.317082	-0.713101	-1.0102	-1.17083	-1.18833	-1.07421	-0.872116	-0.66004	-0.505886	-0.443263	-0.444036	-0.440197	-0.40676	
0.172176	0.356785	0.632929	0.959425	1.25432	1.45051	1.53361	1.50128	1.3289	1.02236	0.629388	0.182002	-0.274076	-0.674506	-0.984116	-1.16224	-1.19308	-1.09508	-0.904814	-0.691907	-0.526726	-0.451367	-0.44651	-0.440132	-0.405953	
0.159015	0.334411	0.602211	0.92632	1.22713	1.43442	1.53022	1.51344	1.35959	1.06951	0.689146	0.250385	-0.206004	-0.615645	-0.940342	-1.14123	-1.20005	-1.12668	-0.952137	-0.737156	-0.560588	-0.466172	-0.454479	-0.45077	-0.417881	
0.142366	0.305463	0.56145	0.881121	1.18874	1.41042	1.52297	1.52656	1.39767	1.13047	0.767508	0.341341	-0.11225	-0.530816	-0.874886	-1.10604	-1.20254	-1.16097	-1.01167	-0.806496	-0.612885	-0.490914	-0.461655	-0.469563	-0.457151	
0.123258	0.271252	0.511686	0.823878	1.138	1.37669	1.5096	1.53766	1.43964	1.20221	0.862461	0.453511	0.00654476	-0.418449	-0.7851	-1.04921	-1.18596	-1.19498	-1.08239	-0.897714	-0.688908	-0.537686	-0.463815	-0.470277	-0.477167	
0.102873	0.233428	0.454436	0.755033	1.07383	1.3311	1.48751	1.54333	1.48124	1.28023	0.970514	0.585876	0.148657	-0.279784	-0.662077	-0.965182	-1.14821	-1.21215	-1.14762	-0.999943	-0.802104	-0.621231	-0.499998	-0.464323	-0.472579	
0.0824542	0.193915	0.391775	0.675662	0.995453	1.27146	1.45379	1.53968	1.51778	1.35994	1.08549	0.733017	0.316315	-0.113641	-0.509139	-0.845589	-1.07589	-1.19735	-1.20062	-1.10341	-0.93523	-0.750165	-0.589313	-0.496613	-0.460512	
0.0631815	0.154791	0.326336	0.587706	0.902746	1.19569	1.40563	1.52271	1.54312	1.43589	1.20376	0.887575	0.501259	0.0802753	-0.321586	-0.684487	-0.964109	-1.14416	-1.21329	-1.17988	-1.06999	-0.906893	-0.741647	-0.603524	-0.520023	
0.0460459	0.118095	0.261204	0.494161	0.796686	1.10205	1.34024	1.48928	1.55132	1.49949	1.31887	1.04521	0.697988	0.296356	-0.104926	-0.483348	-0.801905	-1.03368	-1.17818	-1.21672	-1.17258	-1.06207	-0.919494	-0.775374	-0.656122	
0.031732	0.0855929	0.199641	0.399084	0.679871	0.989796	1.25472	1.43663	1.53807	1.54257	1.42166	1.19725	0.897425	0.529335	0.139309	-0.241743	-0.592167	-0.871312	-1.07216	-1.18467	-1.21802	-1.17543	-1.08775	-0.970133	-0.857801	
0.0205476	0.0585393	0.144678	0.307293	0.556846	0.860091	1.14661	1.36188	1.50028	1.55804	1.50274	1.3352	1.08846	0.767538	0.401028	0.0295461	-0.330335	-0.642929	-0.901568	-1.07865	-1.18265	-1.21549	-1.19177	-1.12859	-1.04692	
0.0124191	0.0375082	0.0986453	0.223746	0.433985	0.716874	1.01492	1.26209	1.43589	1.54068	1.55202	1.44946	1.26041	0.997518	0.670709	0.32251	-0.0360924	-0.366829	-0.650256	-0.888166	-1.05265	-1.16194	-1.20573	-1.21057	-1.17946	
0.0069592	0.022348	0.0627635	0.15268	0.31875	0.567341	0.861673	1.1348	1.34328	1.48809	1.56093	1.52948	1.40238	1.20462	0.931425	0.618234	0.291438	-0.047704	-0.351192	-0.618598	-0.834225	-0.997104	-1.10741	-1.17248	-1.19927	
0.00359256	0.0122921	0.0369581	0.0967378	0.218344	0.421473	0.693361	0.979612	1.22078	1.40035	1.52375	1.565	1.5049	1.37208	1.17125	0.901284	0.60952	0.304582	-0.0022723	-0.283185	-0.533579	-0.737904	-0.89992	-1.01694	-1.09838	
0.00169897	0.00620025	0.0199856	0.0563971	0.138024	0.290329	0.521515	0.800612	1.06696	1.27939	1.44002	1.54503	1.56101	1.48932	1.36016	1.16537	0.914134	0.643762	0.363322	0.0900994	-0.165422	-0.392644	-0.58614	-0.742149	-0.865354	
0.000732728	0.00285238	0.00985897	0.0300091	0.0797283	0.18322	0.361305	0.609014	0.882654	1.12585	1.31687	1.4647	1.55475	1.55766	1.48692	1.36558	1.18835	0.967292	0.723666	0.472061	0.227826	-0.000104753	-0.203741	-0.379062	-0.523781	
0.000287271	0.00119193	0.00441392	0.0144803	0.0417411	0.10482	0.227408	0.423541	0.676707	0.937816	1.16044	1.33665	1.47473	1.55606	1.55935	1.49788	1.38852	1.23577	1.04998	0.842657	0.627065	0.415238	0.217131	0.0385858	-0.116178	
0.000102194	0.000451265	0.00178741	0.00630797	0.0196897	0.0539336	0.128615	0.26512	0.470438	0.720502	0.967128	1.17411	1.33982	1.47013	1.54976	1.5641	1.51971	1.42911	1.30327	1.15225	0.984786	0.810245	0.63817	0.476816	0.331159	
3.29672e-05	0.000154624	0.000653566	0.00247468	0.00833925	0.0248351	0.0648908	0.147729	0.29144	0.4974	0.73873	0.971982	1.16829	1.32652	1.45105	1.53352	1.56445	1.54441	1.48133	1.38637	1.26977	1.14013	1.00531	0.873507	0.751653	
