0.0778112	0.100492	0.130261	0.181373	0.260839	0.353847	0.427289	0.473065	0.479829	0.449045	0.398835	0.333702	0.244897	0.167384	0.129205	0.118101	0.125917	0.151405	0.179108	0.198548	0.203818	0.188304	0.144169	0.0684434	-0.0341756	
0.100492	0.125047	0.155785	0.209445	0.285963	0.372484	0.442627	0.488321	0.498186	0.463633	0.405201	0.329179	0.23447	0.151059	0.106046	0.0990655	0.122689	0.166928	0.20949	0.249014	0.275293	0.271414	0.235628	0.169877	0.0744153	
0.130261	0.155785	0.19361	0.248801	0.321976	0.406601	0.482202	0.527903	0.534827	0.495852	0.425808	0.333607	0.226896	0.131347	0.0775446	0.0694842	0.108128	0.171546	0.23759	0.300243	0.344131	0.349787	0.321209	0.270673	0.192619	
0.181373	0.209445	0.248801	0.298096	0.372945	0.46299	0.53895	0.574831	0.573512	0.531285	0.445946	0.334583	0.217254	0.114401	0.0547546	0.0455402	0.0960013	0.180645	0.271675	0.353875	0.407738	0.424383	0.406551	0.372198	0.319896	
0.260839	0.285963	0.321976	0.372945	0.449575	0.539475	0.602346	0.624506	0.61165	0.555539	0.454181	0.330446	0.20522	0.0982014	0.0354113	0.0310412	0.0930025	0.193193	0.304555	0.39565	0.457911	0.489518	0.490972	0.479716	0.456208	
0.353847	0.372484	0.406601	0.46299	0.539475	0.61121	0.658662	0.661165	0.627088	0.55376	0.445258	0.316894	0.185887	0.0768723	0.0214586	0.0302564	0.100571	0.213419	0.336143	0.436836	0.508572	0.556933	0.583439	0.597568	0.606278	
0.427289	0.442627	0.482202	0.53895	0.602346	0.658662	0.686637	0.666222	0.612292	0.531671	0.42324	0.294806	0.163983	0.0665501	0.0262784	0.0482805	0.129918	0.248796	0.381661	0.494032	0.57729	0.639148	0.682779	0.723051	0.761874	
0.473065	0.488321	0.527903	0.574831	0.624506	0.661165	0.666222	0.634439	0.582398	0.508444	0.406877	0.286379	0.172204	0.0906013	0.0588484	0.0922896	0.183513	0.306457	0.443151	0.568831	0.6633	0.727465	0.782235	0.843286	0.912428	
0.479829	0.498186	0.534827	0.573512	0.61165	0.627088	0.612292	0.582398	0.542555	0.481578	0.395162	0.296086	0.206097	0.138622	0.114429	0.160284	0.264644	0.392002	0.532423	0.667566	0.762273	0.819086	0.876473	0.952426	1.04357	
0.449045	0.463633	0.495852	0.531285	0.555539	0.55376	0.531671	0.508444	0.481578	0.439265	0.377627	0.307645	0.242967	0.196628	0.186961	0.247365	0.366087	0.503183	0.64982	0.78349	0.866987	0.913442	0.967807	1.04474	1.14213	
0.398835	0.405201	0.425808	0.445946	0.454181	0.445258	0.42324	0.406877	0.395162	0.377627	0.346172	0.301924	0.267568	0.249031	0.264571	0.341688	0.469359	0.615683	0.757951	0.876415	0.945697	0.985151	1.03331	1.09691	1.18727	
0.333702	0.329179	0.333607	0.334583	0.330446	0.316894	0.294806	0.286379	0.296086	0.307645	0.301924	0.284284	0.272853	0.286709	0.336371	0.430233	0.561992	0.70162	0.826816	0.920975	0.975478	1.00886	1.04288	1.08843	1.16403	
0.244897	0.23447	0.226896	0.217254	0.20522	0.185887	0.163983	0.172204	0.206097	0.242967	0.267568	0.272853	0.285392	0.32848	0.40764	0.511174	0.632546	0.753938	0.851617	0.91983	0.952997	0.966358	0.980008	1.00632	1.06445	
0.167384	0.151059	0.131347	0.114401	0.0982014	0.0768723	0.0665501	0.0906013	0.138622	0.196628	0.249031	0.286709	0.32848	0.39538	0.484046	0.578832	0.67672	0.764111	0.828901	0.866073	0.867427	0.844982	0.83067	0.839997	0.877207	
0.129205	0.106046	0.0775446	0.0547546	0.0354113	0.0214586	0.0262784	0.0588484	0.114429	0.186961	0.264571	0.336371	0.40764	0.484046	0.563335	0.632721	0.688928	0.72428	0.74201	0.740835	0.701932	0.641785	0.5983	0.58691	0.605184	
0.118101	0.0990655	0.0694842	0.0455402	0.0310412	0.0302564	0.0482805	0.0922896	0.160284	0.247365	0.341688	0.430233	0.511174	0.578832	0.632721	0.662635	0.66247	0.636993	0.597944	0.54435	0.467632	0.381793	0.314634	0.279568	0.278458	
0.125917	0.122689	0.108128	0.0960013	0.0930025	0.100571	0.129918	0.183513	0.264644	0.366087	0.469359	0.561992	0.632546	0.67672	0.688928	0.66247	0.603139	0.518269	0.413004	0.296298	0.184044	0.0846119	0.00200023	-0.049641	-0.0610379	
0.151405	0.166928	0.171546	0.180645	0.193193	0.213419	0.248796	0.306457	0.392002	0.503183	0.615683	0.70162	0.753938	0.764111	0.72428	0.636993	0.518269	0.375007	0.207555	0.0387998	-0.100867	-0.212544	-0.30375	-0.356708	-0.368537	
0.179108	0.20949	0.23759	0.271675	0.304555	0.336143	0.381661	0.443151	0.532423	0.64982	0.757951	0.826816	0.851617	0.828901	0.74201	0.597944	0.413004	0.207555	-0.00314727	-0.197536	-0.354049	-0.475868	-0.563471	-0.606287	-0.615317	
0.198548	0.249014	0.300243	0.353875	0.39565	0.436836	0.494032	0.568831	0.667566	0.78349	0.876415	0.920975	0.91983	0.866073	0.740835	0.54435	0.296298	0.0387998	-0.197536	-0.401511	-0.562743	-0.676962	-0.744351	-0.773422	-0.781301	
0.203818	0.275293	0.344131	0.407738	0.457911	0.508572	0.57729	0.6633	0.762273	0.866987	0.945697	0.975478	0.952997	0.867427	0.701932	0.467632	0.184044	-0.100867	-0.354049	-0.562743	-0.711793	-0.798071	-0.838509	-0.851941	-0.848224	
0.188304	0.271414	0.349787	0.424383	0.489518	0.556933	0.639148	0.727465	0.819086	0.913442	0.985151	1.00886	0.966358	0.844982	0.641785	0.381793	0.0846119	-0.212544	-0.475868	-0.676962	-0.798071	-0.854302	-0.86887	-0.85558	-0.823456	
0.144169	0.235628	0.321209	0.406551	0.490972	0.583439	0.682779	0.782235	0.876473	0.967807	1.03331	1.04288	0.980008	0.83067	0.5983	0.314634	0.00200023	-0.30375	-0.563471	-0.744351	-0.838509	-0.86887	-0.855516	-0.806432	-0.744429	
0.0684434	0.169877	0.270673	0.372198	0.479716	0.597568	0.723051	0.843286	0.952426	1.04474	1.09691	1.08843	1.00632	0.839997	0.58691	0.279568	-0.049641	-0.356708	-0.606287	-0.773422	-0.851941	-0.85558	-0.806432	-0.732235	-0.660598	
-0.0341756	0.0744153	0.192619	0.319896	0.456208	0.606278	0.761874	0.912428	1.04357	1.14213	1.18727	1.16403	1.06445	0.877207	0.605184	0.278458	-0.0610379	-0.368537	-0.615317	-0.781301	-0.848224	-0.823456	-0.744429	-0.660598	-0.59498	
-0.152642	-0.0436628	0.0961535	0.25257	0.423657	0.608324	0.80095	0.987911	1.14571	1.25172	1.29295	1.25804	1.13689	0.927028	0.638398	0.299897	-0.0493294	-0.366007	-0.617521	-0.777337	-0.831791	-0.790405	-0.700872	-0.611871	-0.54169	
-0.272124	-0.162044	-0.0092902	0.171143	0.370746	0.589754	0.82309	1.04938	1.2338	1.34697	1.38269	1.33835	1.20156	0.974376	0.675634	0.326542	-0.0366166	-0.367387	-0.619728	-0.767097	-0.80851	-0.768088	-0.678152	-0.577517	-0.495663	
-0.383497	-0.274462	-0.116713	0.0753793	0.301338	0.557158	0.828186	1.08705	1.2894	1.403	1.4335	1.38203	1.2366	0.9984	0.690531	0.332372	-0.037427	-0.371006	-0.618988	-0.755934	-0.792293	-0.749033	-0.654865	-0.54351	-0.455148	
-0.470264	-0.365921	-0.213418	-0.0155398	0.233094	0.520115	0.820275	1.09649	1.30885	1.4248	1.45311	1.40041	1.24868	1.00167	0.683998	0.318726	-0.049131	-0.376195	-0.620665	-0.758865	-0.791055	-0.735401	-0.62728	-0.512199	-0.427789	
-0.523116	-0.420916	-0.274509	-0.0755445	0.186843	0.4938	0.807608	1.09242	1.30954	1.42887	1.45874	1.40304	1.24803	0.994889	0.672182	0.303576	-0.061041	-0.381604	-0.625545	-0.767993	-0.796565	-0.726765	-0.607168	-0.492789	-0.41369	
-0.531981	-0.431528	-0.284858	-0.0860034	0.178956	0.488793	0.805381	1.09084	1.30969	1.42921	1.45842	1.40234	1.24495	0.991847	0.668509	0.299592	-0.063709	-0.382995	-0.626683	-0.768914	-0.797475	-0.723787	-0.602518	-0.489052	-0.41051	
-0.496597	-0.39286	-0.243732	-0.0445531	0.210729	0.507397	0.814519	1.09549	1.31016	1.42803	1.45707	1.40314	1.2501	0.999796	0.679621	0.312725	-0.0541089	-0.378497	-0.622577	-0.763205	-0.793257	-0.731701	-0.617753	-0.502748	-0.421257	
-0.421383	-0.314248	-0.157721	0.0368649	0.272722	0.54243	0.826753	1.09414	1.3009	1.41437	1.44362	1.39155	1.2437	1.00124	0.68881	0.327772	-0.0413548	-0.372656	-0.619261	-0.755248	-0.790168	-0.742579	-0.643683	-0.530188	-0.442292	
-0.318032	-0.208314	-0.0526604	0.133891	0.344061	0.577724	0.827138	1.06763	1.26062	1.37453	1.40744	1.36065	1.21968	0.988092	0.685067	0.331887	-0.0348313	-0.368718	-0.619506	-0.761897	-0.800443	-0.760482	-0.670137	-0.56437	-0.478309	
-0.201953	-0.0914322	0.0547009	0.221737	0.404963	0.603578	0.812243	1.01544	1.18418	1.29389	1.33329	1.29288	1.16504	0.947181	0.654518	0.311628	-0.0438521	-0.365981	-0.618406	-0.773378	-0.822201	-0.780537	-0.690254	-0.597104	-0.522492	
-0.0793623	0.0289241	0.155974	0.294787	0.444795	0.608722	0.778544	0.942429	1.08411	1.18572	1.22908	1.20164	1.0922	0.896488	0.61723	0.285006	-0.0578744	-0.368247	-0.616082	-0.780792	-0.843625	-0.809533	-0.7239	-0.638314	-0.572694	
0.0296565	0.135789	0.242458	0.352928	0.471108	0.6014	0.738436	0.870157	0.986614	1.08093	1.12959	1.11492	1.02695	0.852078	0.591307	0.275645	-0.0584612	-0.365002	-0.61237	-0.778694	-0.85219	-0.844432	-0.781132	-0.701834	-0.632629	
0.117759	0.212422	0.30376	0.394208	0.487584	0.590336	0.699207	0.805641	0.905106	0.996097	1.0559	1.05842	0.987504	0.830762	0.58894	0.295669	-0.0233204	-0.330405	-0.586239	-0.759199	-0.845869	-0.865795	-0.839291	-0.778187	-0.708951	
0.174338	0.260664	0.341512	0.420616	0.492904	0.569856	0.657803	0.749018	0.839813	0.932936	1.00268	1.02216	0.971454	0.837658	0.621303	0.351713	0.0493117	-0.25217	-0.515721	-0.709944	-0.818704	-0.86473	-0.869062	-0.841042	-0.795533	
0.200838	0.27807	0.351782	0.418862	0.474185	0.530342	0.604717	0.692038	0.787416	0.886892	0.96234	0.989477	0.959287	0.85875	0.677831	0.432093	0.14185	-0.147727	-0.406435	-0.613756	-0.753328	-0.826877	-0.856325	-0.860764	-0.847403	
0.203171	0.261814	0.32107	0.379623	0.424084	0.468893	0.530155	0.61117	0.711785	0.823432	0.90968	0.947716	0.937289	0.871806	0.730449	0.516529	0.250282	-0.0215881	-0.264429	-0.471588	-0.630547	-0.735232	-0.791937	-0.814989	-0.820654	
0.187504	0.226088	0.26397	0.306581	0.344586	0.380162	0.430527	0.496292	0.589355	0.707657	0.810001	0.868639	0.882895	0.846915	0.744924	0.578954	0.366453	0.137968	-0.0847641	-0.283013	-0.442954	-0.565073	-0.646331	-0.684077	-0.692699	
0.16372	0.184834	0.198734	0.217287	0.238065	0.263929	0.302299	0.360251	0.446714	0.561148	0.674449	0.754908	0.796517	0.793382	0.733187	0.622933	0.47882	0.310243	0.122466	-0.0595472	-0.207208	-0.323836	-0.415989	-0.46571	-0.47587	
0.134121	0.139168	0.131802	0.127874	0.129958	0.141756	0.17431	0.230376	0.313651	0.419413	0.527137	0.618501	0.682783	0.71364	0.70534	0.654116	0.571983	0.464531	0.332908	0.191931	0.0677632	-0.036359	-0.122959	-0.176681	-0.189875	
0.118923	0.105059	0.0798911	0.0589527	0.0491917	0.0519395	0.0749031	0.123359	0.197647	0.290261	0.388363	0.479845	0.558262	0.618237	0.657355	0.666002	0.641802	0.592691	0.527722	0.449495	0.357292	0.265378	0.191431	0.148202	0.141937	
0.122472	0.0995999	0.0681517	0.0443294	0.0259336	0.0174294	0.0269222	0.0636717	0.123709	0.201795	0.287478	0.368115	0.446714	0.521773	0.592723	0.648429	0.682841	0.69363	0.690478	0.66989	0.616003	0.543278	0.489035	0.468469	0.478553	
0.14685	0.127687	0.104405	0.0849217	0.0666243	0.0467327	0.0436803	0.071127	0.122115	0.186339	0.248852	0.301563	0.356111	0.428827	0.515724	0.601868	0.685804	0.754263	0.801875	0.82537	0.810795	0.772833	0.746174	0.747423	0.777539	
0.210279	0.197943	0.184708	0.172585	0.158875	0.137498	0.118716	0.134556	0.175593	0.221573	0.25811	0.274734	0.298712	0.352505	0.437858	0.540436	0.653753	0.763809	0.849469	0.905465	0.927201	0.927564	0.9311	0.950552	1.00034	
0.300033	0.292602	0.291408	0.287641	0.279588	0.26338	0.24125	0.23849	0.258351	0.280532	0.286121	0.277594	0.274561	0.300569	0.364284	0.463765	0.593479	0.726545	0.842114	0.925998	0.973151	1.00082	1.02737	1.06566	1.13395	
0.374914	0.377844	0.392184	0.403206	0.405637	0.395385	0.373726	0.359757	0.355529	0.34995	0.32915	0.295958	0.271474	0.265781	0.294288	0.378704	0.508749	0.653932	0.790432	0.899722	0.963493	1.00123	1.04458	1.10101	1.18683	
