-0.247019	-0.16142	-0.0634759	0.0430111	0.143304	0.231388	0.300029	0.348093	0.371009	0.367729	0.347345	0.317464	0.286479	0.276399	0.279358	0.278831	0.265371	0.244511	0.215294	0.171865	0.125124	0.0758544	0.014572	-0.0632634	-0.158913	
-0.16142	-0.0452148	0.0836185	0.219358	0.341351	0.438445	0.504957	0.549438	0.564432	0.54588	0.49949	0.436063	0.378158	0.348011	0.337708	0.330165	0.306925	0.263613	0.208816	0.137965	0.0603997	-0.0242287	-0.117866	-0.221005	-0.338896	
-0.0634759	0.0836185	0.24051	0.392383	0.529169	0.635936	0.705278	0.747594	0.757995	0.725118	0.650498	0.556184	0.472283	0.416389	0.383038	0.365438	0.330887	0.270678	0.200634	0.115156	0.0116079	-0.107467	-0.235973	-0.367948	-0.508021	
0.0430111	0.219358	0.392383	0.555315	0.702909	0.816863	0.889386	0.930445	0.932293	0.882865	0.784685	0.662751	0.552346	0.471199	0.417489	0.380684	0.328929	0.251272	0.172403	0.082552	-0.0289316	-0.165307	-0.318287	-0.476174	-0.635545	
0.143304	0.341351	0.529169	0.702909	0.859029	0.970876	1.03933	1.0682	1.05288	0.988653	0.876332	0.734019	0.601409	0.499317	0.425741	0.368596	0.298868	0.214176	0.129988	0.0422921	-0.0671532	-0.20523	-0.363892	-0.53153	-0.696047	
0.231388	0.438445	0.635936	0.816863	0.970876	1.07985	1.14309	1.15617	1.11977	1.03394	0.905425	0.744425	0.594319	0.472626	0.38647	0.314258	0.241144	0.166189	0.0912298	0.0101264	-0.0911598	-0.217834	-0.374069	-0.530939	-0.686278	
0.300029	0.504957	0.705278	0.889386	1.03933	1.14309	1.19743	1.1919	1.13106	1.01815	0.866473	0.689672	0.520362	0.386973	0.285133	0.20541	0.146859	0.0961732	0.0447895	-0.0106315	-0.0899627	-0.200066	-0.335074	-0.474519	-0.610938	
0.348093	0.549438	0.747594	0.930445	1.0682	1.15617	1.1919	1.16993	1.09208	0.957078	0.775795	0.582864	0.401238	0.250237	0.137227	0.0623942	0.0232369	0.0032345	-0.0122499	-0.0283256	-0.0651464	-0.139943	-0.242913	-0.359652	-0.481069	
0.371009	0.564432	0.757995	0.932293	1.05288	1.11977	1.13106	1.09208	1.00529	0.849208	0.647272	0.441284	0.24884	0.0806005	-0.0372008	-0.0956437	-0.104627	-0.088012	-0.0572934	-0.0245164	-0.012997	-0.0407697	-0.107879	-0.206215	-0.321062	
0.367729	0.54588	0.725118	0.882865	0.988653	1.03394	1.01815	0.957078	0.849208	0.679987	0.472821	0.267967	0.0740794	-0.0958552	-0.207042	-0.247045	-0.223767	-0.161402	-0.0774324	0.00499739	0.0663258	0.0858575	0.0527439	-0.0287539	-0.138406	
0.347345	0.49949	0.650498	0.784685	0.876332	0.905425	0.866473	0.775795	0.647272	0.472821	0.270418	0.0789784	-0.0960519	-0.243329	-0.332846	-0.350154	-0.297737	-0.18993	-0.0625133	0.057382	0.159241	0.216712	0.216186	0.158558	0.0627355	
0.317464	0.436063	0.556184	0.662751	0.734019	0.744425	0.689672	0.582864	0.441284	0.267967	0.0789784	-0.0914866	-0.228841	-0.336727	-0.393186	-0.378964	-0.294628	-0.156548	-0.00213757	0.146916	0.277227	0.362149	0.382193	0.342757	0.251821	
0.286479	0.378158	0.472283	0.552346	0.601409	0.594319	0.520362	0.401238	0.24884	0.0740794	-0.0960519	-0.228841	-0.329928	-0.397804	-0.40766	-0.345356	-0.224426	-0.0634238	0.108873	0.277439	0.425133	0.522091	0.549692	0.514614	0.421071	
0.276399	0.348011	0.416389	0.471199	0.499317	0.472626	0.386973	0.250237	0.0806005	-0.0958552	-0.243329	-0.336727	-0.397804	-0.411641	-0.359908	-0.241808	-0.0870024	0.0899583	0.271258	0.447075	0.594593	0.687147	0.712705	0.671487	0.567958	
0.279358	0.337708	0.383038	0.417489	0.425741	0.38647	0.285133	0.137227	-0.0372008	-0.207042	-0.332846	-0.393186	-0.40766	-0.359908	-0.248347	-0.0879321	0.0952593	0.289348	0.479148	0.650233	0.78117	0.852435	0.858632	0.798817	0.684101	
0.278831	0.330165	0.365438	0.380684	0.368596	0.314258	0.20541	0.0623942	-0.0956437	-0.247045	-0.350154	-0.378964	-0.345356	-0.241808	-0.0879321	0.0988827	0.305491	0.514491	0.708187	0.867573	0.977067	1.02021	0.988788	0.900945	0.76839	
0.265371	0.306925	0.330887	0.328929	0.298868	0.241144	0.146859	0.0232369	-0.104627	-0.223767	-0.297737	-0.294628	-0.224426	-0.0870024	0.0952593	0.305491	0.530083	0.743637	0.929092	1.07388	1.16153	1.1751	1.1151	0.997869	0.838858	
0.244511	0.263613	0.270678	0.251272	0.214176	0.166189	0.0961732	0.0032345	-0.088012	-0.161402	-0.18993	-0.156548	-0.0634238	0.0899583	0.289348	0.514491	0.743637	0.95088	1.12785	1.25715	1.32386	1.31732	1.2379	1.09718	0.909119	
0.215294	0.208816	0.200634	0.172403	0.129988	0.0912298	0.0447895	-0.0122499	-0.0572934	-0.0774324	-0.0625133	-0.00213757	0.108873	0.271258	0.479148	0.708187	0.929092	1.12785	1.29384	1.4057	1.45064	1.43007	1.33705	1.18039	0.973386	
0.171865	0.137965	0.115156	0.082552	0.0422921	0.0101264	-0.0106315	-0.0283256	-0.0245164	0.00499739	0.057382	0.146916	0.277439	0.447075	0.650233	0.867573	1.07388	1.25715	1.4057	1.50011	1.53087	1.49551	1.39211	1.22383	1.00769	
0.125124	0.0603997	0.0116079	-0.0289316	-0.0671532	-0.0911598	-0.0899627	-0.0651464	-0.012997	0.0663258	0.159241	0.277227	0.425133	0.594593	0.78117	0.977067	1.16153	1.32386	1.45064	1.53087	1.55096	1.50256	1.38882	1.21217	0.989768	
0.0758544	-0.0242287	-0.107467	-0.165307	-0.20523	-0.217834	-0.200066	-0.139943	-0.0407697	0.0858575	0.216712	0.362149	0.522091	0.687147	0.852435	1.02021	1.1751	1.31732	1.43007	1.49551	1.50256	1.44411	1.32025	1.13544	0.909284	
0.014572	-0.117866	-0.235973	-0.318287	-0.363892	-0.374069	-0.335074	-0.242913	-0.107879	0.0527439	0.216186	0.382193	0.549692	0.712705	0.858632	0.988788	1.1151	1.2379	1.33705	1.39211	1.38882	1.32025	1.19033	0.997249	0.762234	
-0.0632634	-0.221005	-0.367948	-0.476174	-0.53153	-0.530939	-0.474519	-0.359652	-0.206215	-0.0287539	0.158558	0.342757	0.514614	0.671487	0.798817	0.900945	0.997869	1.09718	1.18039	1.22383	1.21217	1.13544	0.997249	0.79935	0.570208	
-0.158913	-0.338896	-0.508021	-0.635545	-0.696047	-0.686278	-0.610938	-0.481069	-0.321062	-0.138406	0.0627355	0.251821	0.421071	0.567958	0.684101	0.76839	0.838858	0.909119	0.973386	1.00769	0.989768	0.909284	0.762234	0.570208	0.348293	
-0.278076	-0.4767	-0.656162	-0.789223	-0.846111	-0.829965	-0.746919	-0.614344	-0.451883	-0.268767	-0.0654851	0.123485	0.285665	0.42417	0.529061	0.593756	0.644035	0.691029	0.737369	0.765203	0.743645	0.659982	0.523477	0.341945	0.122773	
-0.395336	-0.608056	-0.795406	-0.931152	-0.988377	-0.971532	-0.885707	-0.748853	-0.585326	-0.401985	-0.203044	-0.0224619	0.135588	0.261201	0.348791	0.398377	0.435472	0.470472	0.504278	0.520256	0.497837	0.429387	0.309113	0.139507	-0.0811229	
-0.494252	-0.723556	-0.925858	-1.06999	-1.13113	-1.10478	-1.00728	-0.866195	-0.700512	-0.513849	-0.318404	-0.146125	-0.00258498	0.100093	0.164532	0.206614	0.241739	0.274553	0.29852	0.307231	0.288864	0.237217	0.134713	-0.0311679	-0.255109	
-0.559838	-0.805127	-1.0252	-1.18374	-1.24724	-1.21125	-1.09978	-0.954063	-0.786752	-0.58901	-0.388978	-0.225337	-0.107394	-0.0350074	0.0135416	0.0510952	0.0878157	0.117926	0.139289	0.151453	0.141489	0.0963443	0.00503868	-0.158767	-0.389789	
-0.599271	-0.856227	-1.08936	-1.25557	-1.32139	-1.27476	-1.1516	-1.00166	-0.831382	-0.622377	-0.416344	-0.263553	-0.166735	-0.113957	-0.0736204	-0.033735	-0.0020283	0.0224302	0.0458189	0.0652318	0.0583025	0.0138984	-0.0735985	-0.233598	-0.466057	
-0.606708	-0.866444	-1.10156	-1.26873	-1.33519	-1.2849	-1.16043	-1.00963	-0.83789	-0.625905	-0.420226	-0.269091	-0.176484	-0.127702	-0.0886577	-0.0472318	-0.0180769	0.00567508	0.030565	0.0508932	0.0442348	6.48773e-05	-0.0875226	-0.247107	-0.478519	
-0.578827	-0.829438	-1.05559	-1.21798	-1.28227	-1.2429	-1.12594	-0.978422	-0.809762	-0.606846	-0.404022	-0.245458	-0.13772	-0.0742096	-0.0299056	0.00747873	0.0432234	0.0713982	0.0927769	0.108321	0.100519	0.0557051	-0.0327915	-0.195418	-0.428399	
-0.524118	-0.759947	-0.970132	-1.12002	-1.18211	-1.15069	-1.04844	-0.905477	-0.739533	-0.549086	-0.352418	-0.183339	-0.0490449	0.0411556	0.0981578	0.138315	0.174391	0.20572	0.228536	0.236858	0.22175	0.174529	0.0772126	-0.0881363	-0.314141	
-0.438338	-0.65748	-0.849788	-0.987814	-1.04663	-1.02732	-0.937064	-0.798527	-0.634461	-0.450343	-0.253204	-0.0759179	0.0774881	0.195362	0.273687	0.320159	0.355034	0.388264	0.417079	0.429735	0.408112	0.346713	0.233921	0.0670066	-0.15469	
-0.326532	-0.530571	-0.712586	-0.846419	-0.90273	-0.886354	-0.802897	-0.669297	-0.50623	-0.323396	-0.121762	0.0653631	0.22557	0.359668	0.458876	0.516723	0.56058	0.601313	0.641995	0.665809	0.643827	0.563427	0.4335	0.256923	0.0379048	
-0.204811	-0.392744	-0.567555	-0.698696	-0.758294	-0.745711	-0.665261	-0.53261	-0.371571	-0.188256	0.0152171	0.203866	0.370834	0.51404	0.626173	0.703066	0.764798	0.823889	0.88072	0.912564	0.892675	0.811019	0.665269	0.477117	0.257049	
-0.0984651	-0.265572	-0.422769	-0.540009	-0.598307	-0.593584	-0.528752	-0.408004	-0.250605	-0.0702233	0.124163	0.312769	0.483746	0.6371	0.759012	0.852953	0.938625	1.02724	1.10228	1.14191	1.12776	1.04891	0.906476	0.70955	0.483802	
-0.014096	-0.15706	-0.287927	-0.381279	-0.43048	-0.437538	-0.3913	-0.288299	-0.144086	0.0251363	0.198703	0.372628	0.542725	0.703479	0.841979	0.959183	1.0735	1.18775	1.28143	1.33167	1.32512	1.25319	1.12002	0.92402	0.689898	
0.0524931	-0.0615984	-0.159441	-0.225247	-0.26669	-0.278533	-0.252149	-0.17881	-0.0629272	0.0789579	0.224426	0.378287	0.541711	0.706304	0.863073	1.01592	1.16015	1.29405	1.40147	1.46262	1.46472	1.40219	1.27532	1.0875	0.857466	
0.107191	0.0285839	-0.0338092	-0.0803871	-0.118964	-0.137878	-0.130444	-0.0907838	-0.0191153	0.0799685	0.188001	0.318528	0.471763	0.639004	0.817125	1.0032	1.17623	1.33025	1.45026	1.52405	1.53983	1.48766	1.36907	1.18924	0.965631	
0.152403	0.106743	0.0751499	0.0404061	0.00140149	-0.0279939	-0.0384055	-0.0386092	-0.0160993	0.0328466	0.101698	0.202637	0.340628	0.511543	0.708456	0.918187	1.11743	1.29262	1.43172	1.52032	1.54697	1.50577	1.39858	1.2263	1.00749	
0.199861	0.182499	0.169016	0.139728	0.0966353	0.0600959	0.0234899	-0.0178433	-0.043122	-0.0429971	-0.012992	0.0588627	0.177471	0.342552	0.550323	0.77621	0.992313	1.18571	1.34659	1.45083	1.48879	1.46318	1.36521	1.20344	0.992208	
0.234305	0.242741	0.243401	0.219232	0.180197	0.136112	0.0756379	-0.00325191	-0.0769677	-0.129043	-0.139607	-0.0946561	0.005519	0.163579	0.366857	0.595709	0.821952	1.02655	1.19872	1.32192	1.3795	1.36682	1.28231	1.13368	0.936376	
0.257812	0.292076	0.308871	0.299305	0.266105	0.211371	0.126089	0.0138141	-0.100066	-0.202403	-0.259459	-0.243787	-0.162942	-0.0188852	0.171936	0.389328	0.618252	0.830125	1.01179	1.15005	1.22988	1.23412	1.16527	1.03772	0.866492	
0.274998	0.323702	0.35559	0.363229	0.34248	0.284997	0.18051	0.0433005	-0.104387	-0.244281	-0.337456	-0.353524	-0.302799	-0.182771	-0.0170517	0.179974	0.394978	0.606964	0.798285	0.952609	1.053	1.08418	1.0395	0.938987	0.79716	
0.279716	0.33571	0.375225	0.401966	0.402507	0.356877	0.250651	0.102867	-0.0668816	-0.231635	-0.348513	-0.395678	-0.391186	-0.319245	-0.187861	-0.016159	0.176687	0.378064	0.570057	0.736926	0.859859	0.919454	0.91146	0.842038	0.721259	
0.277478	0.342461	0.400834	0.446567	0.466547	0.434642	0.343025	0.200863	0.0263195	-0.148953	-0.287275	-0.367299	-0.40988	-0.399805	-0.322626	-0.185103	-0.01845	0.164372	0.350015	0.524888	0.667085	0.753284	0.773218	0.726379	0.618895	
0.279408	0.362946	0.446349	0.516632	0.556724	0.541371	0.462566	0.335963	0.177468	0.00121017	-0.159781	-0.275844	-0.362374	-0.410263	-0.396995	-0.312073	-0.176406	-0.0085469	0.167736	0.341038	0.490783	0.588013	0.616222	0.579639	0.482318	
0.303564	0.410581	0.519936	0.615164	0.677634	0.6819	0.618664	0.508148	0.362746	0.189068	0.00664909	-0.149979	-0.272796	-0.364596	-0.404374	-0.372911	-0.27457	-0.126691	0.0360647	0.193805	0.333024	0.425161	0.449095	0.413029	0.322202	
0.336536	0.47431	0.613791	0.737547	0.82118	0.842895	0.797376	0.697729	0.563168	0.389446	0.192151	0.00705935	-0.153943	-0.28578	-0.363561	-0.369934	-0.305198	-0.183972	-0.044329	0.0887481	0.202811	0.272501	0.282017	0.233543	0.141093	
