-0.2864	-0.316079	-0.330055	-0.335179	-0.342393	-0.344095	-0.338779	-0.331336	-0.323552	-0.299888	-0.263343	-0.205904	-0.134575	-0.0806606	-0.0697237	-0.10382	-0.164193	-0.245691	-0.337348	-0.429839	-0.52611	-0.606762	-0.648143	-0.638684	-0.583539	
-0.445481	-0.486644	-0.504559	-0.513243	-0.525805	-0.529509	-0.517754	-0.508477	-0.495342	-0.465319	-0.40822	-0.329016	-0.240001	-0.167501	-0.144406	-0.169036	-0.220577	-0.299849	-0.383839	-0.453904	-0.515778	-0.566592	-0.578507	-0.54737	-0.476728	
-0.564523	-0.622859	-0.650728	-0.66968	-0.687797	-0.691991	-0.677391	-0.658663	-0.635922	-0.592693	-0.515009	-0.420793	-0.323144	-0.240351	-0.203806	-0.223375	-0.275134	-0.342567	-0.41193	-0.46092	-0.492132	-0.509378	-0.490694	-0.433663	-0.34417	
-0.623145	-0.69915	-0.747326	-0.781576	-0.813505	-0.82077	-0.795408	-0.761458	-0.721288	-0.657116	-0.566974	-0.468267	-0.366535	-0.278398	-0.235998	-0.249791	-0.299626	-0.355435	-0.412721	-0.45185	-0.457417	-0.437113	-0.387516	-0.305556	-0.194949	
-0.617222	-0.715159	-0.790271	-0.841715	-0.88288	-0.89278	-0.859253	-0.812642	-0.749179	-0.657803	-0.555598	-0.456733	-0.356969	-0.272755	-0.232171	-0.238519	-0.280732	-0.330956	-0.377439	-0.407555	-0.401028	-0.357556	-0.281398	-0.172387	-0.0408206	
-0.554884	-0.67121	-0.767426	-0.838141	-0.883748	-0.89348	-0.85984	-0.798164	-0.713009	-0.602106	-0.487138	-0.388045	-0.296123	-0.222361	-0.185009	-0.183748	-0.211887	-0.255723	-0.300333	-0.323859	-0.312414	-0.264471	-0.174805	-0.0473624	0.0977384	
-0.45334	-0.57561	-0.684277	-0.770456	-0.822325	-0.831112	-0.796155	-0.722232	-0.621211	-0.503156	-0.380261	-0.277093	-0.194145	-0.126947	-0.0916475	-0.0833263	-0.0950588	-0.129411	-0.172358	-0.199942	-0.195052	-0.153554	-0.0700104	0.0569751	0.205924	
-0.329838	-0.456707	-0.575184	-0.670471	-0.721738	-0.729787	-0.696891	-0.617598	-0.505671	-0.380663	-0.254621	-0.143938	-0.0574345	0.00622089	0.0421242	0.0593916	0.0600836	0.0370414	-0.00373299	-0.0407175	-0.0540145	-0.0328991	0.0292331	0.136701	0.26857	
-0.203834	-0.334046	-0.461025	-0.561865	-0.621076	-0.630991	-0.591378	-0.505957	-0.385372	-0.256387	-0.124987	-0.00233591	0.0963865	0.166885	0.211149	0.237558	0.241453	0.225484	0.19166	0.142627	0.10016	0.0894667	0.123526	0.196187	0.29202	
-0.0818526	-0.22547	-0.366523	-0.475279	-0.539298	-0.550908	-0.506174	-0.415027	-0.28397	-0.139066	0.00520216	0.144055	0.261427	0.342673	0.393968	0.424825	0.430595	0.418134	0.384339	0.323076	0.249708	0.20398	0.208901	0.245385	0.300311	
0.0229133	-0.138677	-0.289316	-0.402732	-0.471799	-0.484937	-0.436291	-0.339773	-0.201279	-0.0422294	0.122103	0.280109	0.409382	0.500728	0.557306	0.592709	0.600242	0.58866	0.547798	0.476722	0.388267	0.317821	0.291146	0.291979	0.306126	
0.109884	-0.0593106	-0.214934	-0.33851	-0.409633	-0.421603	-0.373405	-0.270051	-0.123521	0.0407084	0.216123	0.387392	0.523239	0.616646	0.680897	0.720545	0.730859	0.712836	0.66512	0.589225	0.493924	0.41369	0.365222	0.333593	0.306835	
0.183713	0.0191028	-0.129212	-0.252339	-0.320023	-0.33109	-0.286688	-0.183794	-0.0415461	0.116309	0.28636	0.453143	0.589158	0.683928	0.750195	0.792501	0.813559	0.800823	0.751399	0.674384	0.580127	0.497305	0.433267	0.374461	0.314874	
0.247536	0.10674	-0.0193655	-0.125359	-0.189715	-0.201056	-0.15689	-0.0653402	0.0540401	0.190004	0.337397	0.482981	0.612316	0.714502	0.781399	0.826166	0.850809	0.8421	0.803237	0.74003	0.659249	0.577161	0.501542	0.4235	0.33925	
0.310944	0.211939	0.11676	0.0360178	-0.0119823	-0.0219456	0.0126246	0.0818488	0.173391	0.269995	0.377331	0.497153	0.620704	0.723163	0.787802	0.826458	0.845119	0.846874	0.833292	0.791237	0.727373	0.654505	0.577606	0.493078	0.399622	
0.392087	0.328941	0.275766	0.231449	0.198376	0.190325	0.217016	0.256399	0.307201	0.364237	0.440134	0.528504	0.626403	0.714531	0.771991	0.802303	0.821001	0.838992	0.847648	0.828297	0.788752	0.734159	0.668173	0.587639	0.490505	
0.499735	0.473129	0.456107	0.440615	0.422875	0.418974	0.43336	0.449944	0.466067	0.486844	0.526303	0.579667	0.645329	0.710464	0.750286	0.771792	0.795807	0.824454	0.843595	0.84719	0.831594	0.797906	0.749145	0.675683	0.57444	
0.62705	0.634506	0.655155	0.669506	0.670343	0.669057	0.671003	0.663022	0.64213	0.627542	0.632764	0.650395	0.676424	0.709151	0.732072	0.747813	0.7728	0.804757	0.826514	0.842217	0.845832	0.837949	0.807957	0.73628	0.629489	
0.773224	0.818914	0.874949	0.921672	0.940511	0.941784	0.933171	0.895951	0.841229	0.788942	0.754804	0.730877	0.718832	0.722732	0.724413	0.730171	0.746534	0.775136	0.799676	0.819431	0.840537	0.853356	0.834565	0.766649	0.655466	
0.938687	1.02422	1.10969	1.17543	1.2066	1.21069	1.19249	1.13921	1.05951	0.972049	0.890415	0.821198	0.776035	0.749641	0.731507	0.723807	0.729024	0.748387	0.770343	0.797529	0.828162	0.840922	0.82337	0.764736	0.656939	
1.11226	1.22491	1.32816	1.40205	1.43787	1.44228	1.4207	1.36207	1.26828	1.15817	1.04209	0.938131	0.860757	0.804757	0.764423	0.734419	0.724261	0.731673	0.750961	0.775088	0.799838	0.806796	0.785296	0.733934	0.630997	
1.27381	1.39678	1.50568	1.5881	1.62943	1.63689	1.6082	1.54419	1.44114	1.32513	1.19552	1.07557	0.976099	0.887933	0.811737	0.756316	0.728324	0.720046	0.724304	0.738187	0.749066	0.751899	0.728746	0.678959	0.579227	
1.42159	1.54117	1.64524	1.72972	1.77265	1.77911	1.75143	1.68297	1.58493	1.4709	1.34735	1.22224	1.09944	0.986321	0.875171	0.788948	0.734899	0.7003	0.678152	0.666157	0.664821	0.662862	0.644893	0.598439	0.501776	
1.56098	1.66364	1.75348	1.82468	1.86601	1.87456	1.84516	1.78474	1.70155	1.60298	1.49501	1.36924	1.22749	1.08908	0.952862	0.838462	0.751003	0.684716	0.62428	0.580121	0.553781	0.540543	0.525996	0.478703	0.385232	
1.68452	1.76271	1.83286	1.88551	1.91816	1.92349	1.90122	1.85672	1.79211	1.71749	1.62582	1.50378	1.35881	1.2061	1.05563	0.912402	0.78823	0.681526	0.581319	0.501149	0.440313	0.407285	0.375706	0.317606	0.23139	
1.77528	1.83243	1.87908	1.91245	1.92508	1.9257	1.92046	1.89461	1.85135	1.80082	1.72597	1.61302	1.47838	1.33422	1.17889	1.00818	0.837755	0.683735	0.547986	0.432406	0.340083	0.27259	0.209954	0.140862	0.0595776	
1.83243	1.87778	1.89715	1.90603	1.90495	1.90447	1.90608	1.90156	1.88791	1.85414	1.79358	1.70652	1.59249	1.45776	1.29718	1.10785	0.89905	0.705439	0.535767	0.382873	0.256785	0.147414	0.0521004	-0.0278203	-0.106754	
1.87908	1.89715	1.88954	1.87331	1.85955	1.85616	1.86716	1.88307	1.89585	1.89027	1.8548	1.78913	1.69184	1.56537	1.40445	1.20108	0.968469	0.740159	0.534207	0.344646	0.178171	0.0322091	-0.0886031	-0.183173	-0.260522	
1.91245	1.90603	1.87331	1.83783	1.81834	1.81435	1.82768	1.85827	1.89479	1.91415	1.90031	1.85276	1.77239	1.65075	1.48143	1.27064	1.02509	0.767993	0.529073	0.313883	0.111554	-0.0652331	-0.206346	-0.30847	-0.377318	
1.92508	1.90495	1.85955	1.81834	1.80599	1.80502	1.81094	1.84034	1.88926	1.91938	1.92532	1.89221	1.81588	1.69335	1.51888	1.30448	1.04897	0.77708	0.518387	0.286956	0.0696371	-0.124695	-0.272765	-0.378236	-0.447834	
1.9257	1.90447	1.85616	1.81435	1.80502	1.80478	1.80854	1.83532	1.88884	1.91873	1.92931	1.89986	1.82346	1.70021	1.52433	1.30867	1.05119	0.776496	0.516601	0.279625	0.0606483	-0.135646	-0.283663	-0.389908	-0.460191	
1.92046	1.90608	1.86716	1.82768	1.81094	1.80854	1.81819	1.85014	1.89243	1.91806	1.9135	1.87156	1.7946	1.67156	1.50035	1.28874	1.03904	0.774127	0.524416	0.302586	0.0916576	-0.0944042	-0.23919	-0.343752	-0.411396	
1.89461	1.90156	1.88307	1.85827	1.84034	1.83532	1.85014	1.87291	1.89585	1.9019	1.87551	1.81749	1.72717	1.60456	1.44031	1.23207	0.994259	0.75301	0.533295	0.331386	0.149212	-0.00984433	-0.140699	-0.238524	-0.312511	
1.85135	1.88791	1.89585	1.89479	1.88926	1.88884	1.89243	1.89585	1.89326	1.86998	1.81828	1.74153	1.63422	1.5024	1.34118	1.14731	0.926644	0.718767	0.534817	0.367059	0.224973	0.0999038	-0.00615061	-0.091615	-0.170944	
1.80082	1.85414	1.89027	1.91415	1.91938	1.91873	1.91806	1.9019	1.86998	1.82516	1.7551	1.65158	1.52515	1.38557	1.22817	1.04801	0.859933	0.689716	0.540737	0.410101	0.30499	0.221317	0.145153	0.0719172	-0.007762	
1.72597	1.79358	1.8548	1.90031	1.92532	1.92931	1.9135	1.87551	1.81828	1.7551	1.67076	1.54993	1.40781	1.25661	1.10362	0.949032	0.807085	0.681057	0.566003	0.472727	0.398484	0.352759	0.309151	0.246549	0.162977	
1.61302	1.70652	1.78913	1.85276	1.89221	1.89986	1.87156	1.81749	1.74153	1.65158	1.54993	1.42645	1.281	1.13408	0.990803	0.864793	0.763838	0.68271	0.605785	0.546899	0.506726	0.488095	0.4691	0.418711	0.327769	
1.47838	1.59249	1.69184	1.77239	1.81588	1.82346	1.7946	1.72717	1.63422	1.52515	1.40781	1.281	1.14885	1.02575	0.903735	0.806469	0.739073	0.692105	0.655869	0.631813	0.622686	0.616735	0.601972	0.555594	0.45954	
1.33422	1.45776	1.56537	1.65075	1.69335	1.70021	1.67156	1.60456	1.5024	1.38557	1.25661	1.13408	1.02575	0.926905	0.835022	0.767708	0.731105	0.712882	0.708218	0.713273	0.720111	0.720909	0.698863	0.6498	0.552657	
1.17889	1.29718	1.40445	1.48143	1.51888	1.52433	1.50035	1.44031	1.34118	1.22817	1.10362	0.990803	0.903735	0.835022	0.782091	0.742094	0.724904	0.727877	0.742028	0.763649	0.782937	0.787597	0.765366	0.715283	0.612293	
1.00818	1.10785	1.20108	1.27064	1.30448	1.30867	1.28874	1.23207	1.14731	1.04801	0.949032	0.864793	0.806469	0.767708	0.742094	0.726814	0.72568	0.739856	0.761949	0.788786	0.819523	0.829863	0.809728	0.755297	0.650452	
0.837755	0.89905	0.968469	1.02509	1.04897	1.05119	1.03904	0.994259	0.926644	0.859933	0.807085	0.763838	0.739073	0.731105	0.724904	0.72568	0.737226	0.763322	0.78644	0.810251	0.836885	0.851809	0.834452	0.769552	0.658218	
0.683735	0.705439	0.740159	0.767993	0.77708	0.776496	0.774127	0.75301	0.718767	0.689716	0.681057	0.68271	0.692105	0.712882	0.727877	0.739856	0.763322	0.793911	0.817214	0.833838	0.844512	0.846979	0.823051	0.752493	0.643974	
0.547986	0.535767	0.534207	0.529073	0.518387	0.516601	0.524416	0.533295	0.534817	0.540737	0.566003	0.605785	0.655869	0.708218	0.742028	0.761949	0.78644	0.817214	0.837571	0.848626	0.841178	0.816985	0.776221	0.702765	0.599819	
0.432406	0.382873	0.344646	0.313883	0.286956	0.279625	0.302586	0.331386	0.367059	0.410101	0.472727	0.546899	0.631813	0.713273	0.763649	0.788786	0.810251	0.833838	0.848626	0.838095	0.808502	0.761732	0.702699	0.625896	0.526725	
0.340083	0.256785	0.178171	0.111554	0.0696371	0.0606483	0.0916576	0.149212	0.224973	0.30499	0.398484	0.506726	0.622686	0.720111	0.782937	0.819523	0.836885	0.844512	0.841178	0.808502	0.753305	0.687401	0.613222	0.529302	0.434282	
0.27259	0.147414	0.0322091	-0.0652331	-0.124695	-0.135646	-0.0944042	-0.00984433	0.0999038	0.221317	0.352759	0.488095	0.616735	0.720909	0.787597	0.829863	0.851809	0.846979	0.816985	0.761732	0.687401	0.607627	0.529975	0.447778	0.35846	
0.209954	0.0521004	-0.0886031	-0.206346	-0.272765	-0.283663	-0.23919	-0.140699	-0.00615061	0.145153	0.309151	0.4691	0.601972	0.698863	0.765366	0.809728	0.834452	0.823051	0.776221	0.702699	0.613222	0.529975	0.460053	0.392649	0.321846	
0.140862	-0.0278203	-0.183173	-0.30847	-0.378236	-0.389908	-0.343752	-0.238524	-0.091615	0.0719172	0.246549	0.418711	0.555594	0.6498	0.715283	0.755297	0.769552	0.752493	0.702765	0.625896	0.529302	0.447778	0.392649	0.350378	0.309021	
0.0595776	-0.106754	-0.260522	-0.377318	-0.447834	-0.460191	-0.411396	-0.312511	-0.170944	-0.007762	0.162977	0.327769	0.45954	0.552657	0.612293	0.650452	0.658218	0.643974	0.599819	0.526725	0.434282	0.35846	0.321846	0.309021	0.305635	
