0.218427	0.0304615	-0.140825	-0.268012	-0.340008	-0.35264	-0.304281	-0.198052	-0.0416187	0.143045	0.326929	0.482863	0.58952	0.639092	0.646288	0.631922	0.623389	0.642002	0.685725	0.719408	0.726834	0.714381	0.676676	0.603975	0.508258	
0.247109	0.0147032	-0.195592	-0.354932	-0.446853	-0.461939	-0.40037	-0.267103	-0.0735533	0.153571	0.383472	0.578404	0.714451	0.790761	0.822361	0.817482	0.801131	0.798483	0.813189	0.822322	0.803374	0.758939	0.692702	0.595972	0.481486	
0.270185	-0.0036848	-0.247918	-0.429748	-0.531588	-0.547911	-0.480136	-0.329921	-0.106578	0.159421	0.431987	0.667761	0.834152	0.929403	0.976111	0.979592	0.955702	0.930725	0.911516	0.887121	0.838616	0.759365	0.657526	0.538224	0.417893	
0.269012	-0.0334061	-0.300512	-0.497923	-0.614353	-0.633976	-0.555191	-0.388703	-0.147237	0.146037	0.449567	0.718416	0.912887	1.02504	1.08574	1.09764	1.07183	1.03425	0.989035	0.925064	0.838894	0.726757	0.594582	0.460914	0.339766	
0.226492	-0.0847663	-0.356759	-0.558256	-0.676294	-0.697506	-0.615654	-0.446904	-0.200656	0.0997515	0.415763	0.705909	0.925496	1.0542	1.11789	1.13798	1.11709	1.0769	1.0099	0.91377	0.795667	0.658413	0.511576	0.370485	0.260156	
0.143167	-0.160277	-0.416803	-0.606142	-0.713417	-0.73145	-0.659884	-0.501281	-0.270025	0.0185204	0.331338	0.627812	0.861776	1.00243	1.06642	1.08499	1.0714	1.02461	0.948773	0.837413	0.691971	0.533453	0.382969	0.254605	0.160943	
0.0375393	-0.240887	-0.473767	-0.648686	-0.744103	-0.758802	-0.69734	-0.551973	-0.340027	-0.0778856	0.214271	0.493452	0.716636	0.860999	0.925552	0.937091	0.920554	0.872779	0.790318	0.671158	0.517564	0.350262	0.205457	0.100895	0.0319331	
-0.0791687	-0.332496	-0.548715	-0.706514	-0.787984	-0.801051	-0.748045	-0.620826	-0.424258	-0.18261	0.0765201	0.320847	0.515743	0.640147	0.694854	0.701757	0.682528	0.635486	0.55088	0.427738	0.280031	0.121769	-0.00969985	-0.0871831	-0.120181	
-0.216039	-0.440168	-0.63695	-0.774374	-0.84835	-0.861128	-0.811642	-0.699592	-0.524409	-0.306697	-0.0843553	0.117675	0.274768	0.371069	0.41594	0.415115	0.382985	0.327612	0.246006	0.130456	-0.00592647	-0.138613	-0.240732	-0.292721	-0.297505	
-0.369825	-0.556814	-0.72448	-0.838192	-0.898773	-0.908907	-0.86858	-0.776839	-0.628724	-0.444515	-0.262726	-0.104515	0.0173312	0.0890609	0.115916	0.101206	0.0599741	-0.00799344	-0.0981931	-0.208806	-0.331383	-0.434235	-0.496854	-0.515876	-0.485506	
-0.523888	-0.669431	-0.795664	-0.883017	-0.931331	-0.941163	-0.905773	-0.836269	-0.723447	-0.582534	-0.440911	-0.323637	-0.237082	-0.184674	-0.179033	-0.210157	-0.26483	-0.34084	-0.44106	-0.552233	-0.660855	-0.73857	-0.76664	-0.74152	-0.656693	
-0.664032	-0.766546	-0.85672	-0.921608	-0.954345	-0.958312	-0.93876	-0.88658	-0.804343	-0.705617	-0.604043	-0.515185	-0.454082	-0.427675	-0.438479	-0.484349	-0.551985	-0.636707	-0.742978	-0.853248	-0.947831	-1.00144	-0.998546	-0.927749	-0.787145	
-0.770504	-0.835413	-0.887768	-0.92516	-0.945189	-0.947783	-0.935256	-0.904871	-0.858054	-0.797583	-0.729076	-0.664137	-0.620146	-0.607717	-0.636722	-0.701924	-0.787266	-0.881702	-0.99041	-1.09617	-1.16929	-1.19392	-1.15541	-1.04387	-0.8574	
-0.829735	-0.863321	-0.880855	-0.884073	-0.879626	-0.877821	-0.883054	-0.883462	-0.872809	-0.844238	-0.802467	-0.752971	-0.71596	-0.718742	-0.765663	-0.839882	-0.937833	-1.05088	-1.16689	-1.26108	-1.30956	-1.30614	-1.23702	-1.089	-0.863357	
-0.832863	-0.842037	-0.832134	-0.809428	-0.788449	-0.785061	-0.800102	-0.822697	-0.840876	-0.839252	-0.817438	-0.78196	-0.74834	-0.754033	-0.803804	-0.879641	-0.985435	-1.11485	-1.23796	-1.33125	-1.37041	-1.34434	-1.24698	-1.06857	-0.815612	
-0.774536	-0.768562	-0.743018	-0.709337	-0.67873	-0.671681	-0.696261	-0.729265	-0.760555	-0.774706	-0.766766	-0.741279	-0.71599	-0.720986	-0.76335	-0.8359	-0.941006	-1.07807	-1.21226	-1.31815	-1.35845	-1.32343	-1.20349	-0.996582	-0.723069	
-0.66104	-0.645693	-0.617802	-0.588032	-0.557973	-0.550686	-0.575493	-0.605861	-0.634812	-0.657936	-0.657439	-0.640729	-0.621289	-0.621458	-0.65727	-0.725846	-0.829716	-0.975079	-1.12126	-1.23235	-1.28144	-1.25028	-1.11648	-0.892576	-0.612861	
-0.504207	-0.485237	-0.46484	-0.447228	-0.429115	-0.423091	-0.440611	-0.457231	-0.476296	-0.4983	-0.506788	-0.502906	-0.489794	-0.484704	-0.510357	-0.57436	-0.683516	-0.833077	-0.982704	-1.10114	-1.16358	-1.13815	-1.00418	-0.782301	-0.504386	
-0.334948	-0.317088	-0.303514	-0.289951	-0.282905	-0.280281	-0.287709	-0.296865	-0.311903	-0.328034	-0.34351	-0.351031	-0.342707	-0.341622	-0.361912	-0.424372	-0.53426	-0.680078	-0.829144	-0.955962	-1.02917	-1.0154	-0.899866	-0.686103	-0.414373	
-0.180325	-0.156845	-0.139781	-0.124975	-0.119561	-0.120631	-0.121188	-0.133627	-0.149575	-0.16953	-0.19685	-0.214914	-0.213734	-0.212436	-0.230871	-0.291717	-0.40674	-0.550387	-0.703927	-0.835826	-0.909206	-0.905645	-0.802833	-0.606263	-0.347696	
-0.0500502	-0.00972762	0.0244158	0.0514789	0.0689757	0.0719965	0.0601622	0.0361709	0.00476391	-0.0329637	-0.0737656	-0.0990152	-0.111532	-0.120034	-0.141431	-0.205723	-0.324698	-0.470941	-0.623794	-0.753632	-0.822814	-0.819636	-0.723374	-0.544401	-0.299565	
0.0704702	0.130274	0.193141	0.248644	0.278923	0.2859	0.262772	0.218754	0.154461	0.0939314	0.0381201	-0.00586262	-0.0321131	-0.054727	-0.0970755	-0.176442	-0.289659	-0.431636	-0.576248	-0.699614	-0.764104	-0.7572	-0.67048	-0.509722	-0.283272	
0.204727	0.2977	0.394225	0.473668	0.521571	0.532172	0.495773	0.43022	0.336221	0.240965	0.154961	0.0822394	0.0285858	-0.0196746	-0.0814387	-0.169963	-0.284164	-0.428765	-0.567484	-0.68202	-0.739849	-0.732572	-0.66035	-0.514243	-0.307831	
0.369332	0.512634	0.648553	0.746855	0.809114	0.820011	0.777184	0.692223	0.570612	0.424168	0.293831	0.180364	0.089188	0.0138258	-0.0676302	-0.169003	-0.293462	-0.438327	-0.582815	-0.697314	-0.759503	-0.754436	-0.687832	-0.55549	-0.371603	
0.574553	0.76333	0.934591	1.05896	1.13269	1.14434	1.09585	0.989475	0.836527	0.64997	0.467826	0.305284	0.169911	0.0603904	-0.044162	-0.154485	-0.289625	-0.441879	-0.596817	-0.72138	-0.794007	-0.799658	-0.740597	-0.627414	-0.463373	
0.811216	1.0427	1.23955	1.38208	1.45168	1.46034	1.4189	1.30465	1.12657	0.906112	0.667619	0.44669	0.265766	0.121693	-0.00200925	-0.125696	-0.270261	-0.435851	-0.602617	-0.73503	-0.817133	-0.838104	-0.800222	-0.711602	-0.583094	
1.0427	1.30787	1.5238	1.6753	1.75034	1.76189	1.71445	1.59233	1.40106	1.15371	0.87273	0.609073	0.378452	0.191502	0.0455944	-0.0962374	-0.251662	-0.417558	-0.58469	-0.725099	-0.81886	-0.861266	-0.851815	-0.79858	-0.710929	
1.23955	1.5238	1.75725	1.92102	2.00419	2.01764	1.96374	1.83187	1.62418	1.35853	1.05551	0.760621	0.490132	0.267553	0.0906018	-0.0747723	-0.238561	-0.400076	-0.558607	-0.696783	-0.801318	-0.866627	-0.889341	-0.874609	-0.821462	
1.38208	1.6753	1.92102	2.09572	2.18361	2.19716	2.14108	2.00115	1.78047	1.50449	1.18959	0.868292	0.576447	0.334522	0.127517	-0.0562643	-0.224489	-0.384945	-0.5352	-0.662491	-0.772128	-0.858083	-0.91251	-0.929839	-0.899126	
1.45168	1.75034	2.00419	2.18361	2.28493	2.30019	2.23536	2.08463	1.86003	1.57412	1.2618	0.936521	0.629888	0.372094	0.149596	-0.0463881	-0.220568	-0.371884	-0.508419	-0.631087	-0.746588	-0.84534	-0.924303	-0.956513	-0.941958	
1.46034	1.76189	2.01764	2.19716	2.30019	2.31588	2.24959	2.09753	1.87324	1.58336	1.2727	0.947911	0.641259	0.380619	0.154522	-0.0463248	-0.220186	-0.366666	-0.500995	-0.623958	-0.742068	-0.842338	-0.925821	-0.959286	-0.950009	
1.4189	1.71445	1.96374	2.14108	2.23536	2.24959	2.18937	2.04416	1.82128	1.54156	1.22652	0.901816	0.601498	0.35199	0.137777	-0.0502828	-0.222551	-0.380857	-0.524415	-0.649606	-0.760446	-0.852927	-0.918453	-0.944138	-0.91957	
1.30465	1.59233	1.83187	2.00115	2.08463	2.09753	2.04416	1.90973	1.69456	1.42497	1.11555	0.808159	0.528925	0.298458	0.107378	-0.0674502	-0.232007	-0.39322	-0.549001	-0.682562	-0.78922	-0.864035	-0.900106	-0.899572	-0.857653	
1.12657	1.40106	1.62418	1.78047	1.86003	1.87324	1.82128	1.69456	1.49754	1.24169	0.950572	0.674144	0.424804	0.220761	0.0637903	-0.0867384	-0.24664	-0.410126	-0.573859	-0.71529	-0.814875	-0.865876	-0.868995	-0.830654	-0.757803	
0.906112	1.15371	1.35853	1.50449	1.57412	1.58336	1.54156	1.42497	1.24169	1.00799	0.750311	0.50963	0.308923	0.148632	0.0177656	-0.112895	-0.262172	-0.429866	-0.598067	-0.733906	-0.820911	-0.848664	-0.822209	-0.747	-0.634947	
0.667619	0.87273	1.05551	1.18959	1.2618	1.2727	1.22652	1.11555	0.950572	0.750311	0.546149	0.359338	0.206645	0.0840508	-0.0293163	-0.144872	-0.282149	-0.440643	-0.601409	-0.728704	-0.805038	-0.816765	-0.764387	-0.660627	-0.508945	
0.44669	0.609073	0.760621	0.868292	0.936521	0.947911	0.901816	0.808159	0.674144	0.50963	0.359338	0.228052	0.118234	0.029727	-0.060301	-0.164999	-0.294984	-0.441721	-0.588563	-0.70753	-0.773931	-0.772193	-0.706864	-0.58129	-0.404349	
0.265766	0.378452	0.490132	0.576447	0.629888	0.641259	0.601498	0.528925	0.424804	0.308923	0.206645	0.118234	0.0517817	-0.00701543	-0.0764943	-0.170074	-0.286868	-0.431605	-0.572016	-0.685106	-0.743508	-0.735595	-0.667801	-0.526931	-0.32983	
0.121693	0.191502	0.267553	0.334522	0.372094	0.380619	0.35199	0.298458	0.220761	0.148632	0.0840508	0.029727	-0.00701543	-0.0385674	-0.0894245	-0.172591	-0.285181	-0.42788	-0.568625	-0.688137	-0.749297	-0.741816	-0.661506	-0.507227	-0.287673	
-0.00200925	0.0455944	0.0906018	0.127517	0.149596	0.154522	0.137777	0.107378	0.0637903	0.0177656	-0.0293163	-0.060301	-0.0764943	-0.0894245	-0.118455	-0.189442	-0.305459	-0.450359	-0.600477	-0.728306	-0.796335	-0.791967	-0.697659	-0.525818	-0.288637	
-0.125696	-0.0962374	-0.0747723	-0.0562643	-0.0463881	-0.0463248	-0.0502828	-0.0674502	-0.0867384	-0.112895	-0.144872	-0.164999	-0.170074	-0.172591	-0.189442	-0.24957	-0.368531	-0.512857	-0.667397	-0.799537	-0.87038	-0.867245	-0.768278	-0.579295	-0.325829	
-0.270261	-0.251662	-0.238561	-0.224489	-0.220568	-0.220186	-0.222551	-0.232007	-0.24664	-0.262172	-0.282149	-0.294984	-0.286868	-0.285181	-0.305459	-0.368531	-0.479204	-0.623042	-0.773279	-0.902684	-0.977719	-0.969029	-0.860286	-0.652897	-0.385871	
-0.435851	-0.417558	-0.400076	-0.384945	-0.371884	-0.366666	-0.380857	-0.39322	-0.410126	-0.429866	-0.440643	-0.441721	-0.431605	-0.42788	-0.450359	-0.512857	-0.623042	-0.772137	-0.921261	-1.04319	-1.11079	-1.08923	-0.960799	-0.741257	-0.464857	
-0.602617	-0.58469	-0.558607	-0.5352	-0.508419	-0.500995	-0.524415	-0.549001	-0.573859	-0.598067	-0.601409	-0.588563	-0.572016	-0.568625	-0.600477	-0.667397	-0.773279	-0.921261	-1.06913	-1.18314	-1.23729	-1.20825	-1.07232	-0.848266	-0.568504	
-0.73503	-0.725099	-0.696783	-0.662491	-0.631087	-0.623958	-0.649606	-0.682562	-0.71529	-0.733906	-0.728704	-0.70753	-0.685106	-0.688137	-0.728306	-0.799537	-0.902684	-1.04319	-1.18314	-1.29145	-1.33491	-1.30072	-1.17323	-0.957378	-0.679811	
-0.817133	-0.81886	-0.801318	-0.772128	-0.746588	-0.742068	-0.760446	-0.78922	-0.814875	-0.820911	-0.805038	-0.773931	-0.743508	-0.749297	-0.796335	-0.87038	-0.977719	-1.11079	-1.23729	-1.33491	-1.37388	-1.34278	-1.23535	-1.04471	-0.782489	
-0.838104	-0.861266	-0.866627	-0.858083	-0.84534	-0.842338	-0.852927	-0.864035	-0.865876	-0.848664	-0.816765	-0.772193	-0.735595	-0.741816	-0.791967	-0.867245	-0.969029	-1.08923	-1.20825	-1.30072	-1.34278	-1.32929	-1.24843	-1.08812	-0.850736	
-0.800222	-0.851815	-0.889341	-0.91251	-0.924303	-0.925821	-0.918453	-0.900106	-0.868995	-0.822209	-0.764387	-0.706864	-0.667801	-0.661506	-0.697659	-0.768278	-0.860286	-0.960799	-1.07232	-1.17323	-1.23535	-1.24843	-1.19785	-1.07047	-0.867001	
-0.711602	-0.79858	-0.874609	-0.929839	-0.956513	-0.959286	-0.944138	-0.899572	-0.830654	-0.747	-0.660627	-0.58129	-0.526931	-0.507227	-0.525818	-0.579295	-0.652897	-0.741257	-0.848266	-0.957378	-1.04471	-1.08812	-1.07047	-0.983449	-0.822953	
-0.583094	-0.710929	-0.821462	-0.899126	-0.941958	-0.950009	-0.91957	-0.857653	-0.757803	-0.634947	-0.508945	-0.404349	-0.32983	-0.287673	-0.288637	-0.325829	-0.385871	-0.464857	-0.568504	-0.679811	-0.782489	-0.850736	-0.867001	-0.822953	-0.715358	
