-0.115179	0.00990878	0.112016	0.186414	0.228889	0.236635	0.20723	0.146022	0.0536779	-0.0634012	-0.194886	-0.325039	-0.430432	-0.491575	-0.504492	-0.470277	-0.406276	-0.340093	-0.294212	-0.285072	-0.315817	-0.361449	-0.400971	-0.417577	-0.412686	
-0.0570751	0.0349302	0.110731	0.164967	0.196499	0.202405	0.180426	0.135209	0.0676362	-0.0187925	-0.1156	-0.215374	-0.301981	-0.34643	-0.339793	-0.291892	-0.226674	-0.170018	-0.145217	-0.162953	-0.216372	-0.27748	-0.329339	-0.350606	-0.348001	
0.0320556	0.0839588	0.117828	0.143169	0.160148	0.16382	0.150395	0.129204	0.0988728	0.0550104	-0.00538902	-0.0769829	-0.142448	-0.168604	-0.150858	-0.0993603	-0.0371272	0.00409433	0.00835788	-0.0266991	-0.0983476	-0.176639	-0.238682	-0.269079	-0.270286	
0.139254	0.148693	0.140079	0.128602	0.123898	0.123459	0.125968	0.134704	0.146821	0.14509	0.124914	0.0839265	0.0393634	0.0263446	0.0553986	0.104725	0.155844	0.173395	0.148043	0.0892948	0.00528696	-0.0822328	-0.15073	-0.189087	-0.198214	
0.242497	0.21049	0.166387	0.128334	0.105358	0.101849	0.116796	0.149748	0.193401	0.232167	0.251738	0.248167	0.229803	0.232927	0.264807	0.304657	0.332663	0.31951	0.261017	0.175723	0.076534	-0.0208558	-0.0942322	-0.14186	-0.15775	
0.3283	0.260429	0.187029	0.132248	0.103327	0.0990239	0.117607	0.162411	0.230442	0.303147	0.359882	0.39325	0.405426	0.422506	0.450259	0.4726	0.47203	0.42787	0.339533	0.229308	0.105166	-0.00957434	-0.0947231	-0.150102	-0.17062	
0.402074	0.309729	0.218633	0.148647	0.107769	0.100901	0.128347	0.187483	0.272021	0.3667	0.449808	0.512775	0.552022	0.582736	0.60446	0.604522	0.570268	0.493066	0.374811	0.239943	0.0969617	-0.0402707	-0.14671	-0.213307	-0.232307	
0.461987	0.349727	0.248741	0.172884	0.128574	0.12111	0.150985	0.214595	0.306701	0.417702	0.524585	0.612384	0.671747	0.70625	0.715208	0.691079	0.619912	0.505361	0.357956	0.195988	0.0324002	-0.116435	-0.233669	-0.306465	-0.32456	
0.493123	0.367396	0.260051	0.188372	0.153055	0.148275	0.169694	0.227628	0.320079	0.442347	0.567863	0.678602	0.754714	0.789313	0.771847	0.711501	0.601988	0.458912	0.284937	0.0999958	-0.0814916	-0.237021	-0.355283	-0.417815	-0.42828	
0.4888	0.358211	0.25602	0.188842	0.155422	0.149519	0.171445	0.224978	0.313057	0.434388	0.572561	0.698847	0.786915	0.810996	0.769168	0.671384	0.524763	0.352555	0.165643	-0.0348246	-0.224317	-0.383716	-0.499455	-0.544873	-0.534263	
0.462661	0.329107	0.228768	0.167321	0.137559	0.132405	0.152069	0.200347	0.28376	0.406754	0.548279	0.675689	0.762719	0.781916	0.722408	0.597164	0.420643	0.225975	0.0296333	-0.171896	-0.355729	-0.502618	-0.608184	-0.64671	-0.622386	
0.405434	0.274941	0.177081	0.124385	0.108404	0.107876	0.114421	0.151479	0.230514	0.35043	0.492779	0.626028	0.711444	0.718685	0.640961	0.500801	0.322695	0.129121	-0.0641746	-0.256246	-0.429181	-0.567531	-0.659871	-0.692543	-0.668589	
0.31742	0.19052	0.106698	0.0624133	0.0487226	0.046659	0.0545158	0.0838875	0.151831	0.262507	0.405229	0.53563	0.616458	0.626543	0.557493	0.419897	0.252527	0.0783088	-0.0975031	-0.274261	-0.4351	-0.569975	-0.65808	-0.684896	-0.658273	
0.192474	0.0748445	-0.00851588	-0.0482167	-0.0562449	-0.0564372	-0.0538324	-0.0293252	0.0359245	0.141986	0.272259	0.398385	0.486123	0.514672	0.474311	0.367878	0.227427	0.0778584	-0.0757147	-0.23477	-0.382093	-0.51108	-0.595681	-0.619167	-0.581058	
0.025577	-0.0967807	-0.182352	-0.216262	-0.221537	-0.222007	-0.220474	-0.200684	-0.137357	-0.0264462	0.105361	0.238082	0.338446	0.388516	0.384611	0.327334	0.225021	0.106435	-0.0226249	-0.154668	-0.283416	-0.399008	-0.477371	-0.499107	-0.455457	
-0.169318	-0.305186	-0.399853	-0.442835	-0.45837	-0.461251	-0.450841	-0.422514	-0.349452	-0.225614	-0.0842529	0.0541209	0.173421	0.253375	0.28582	0.272152	0.21575	0.136207	0.0406919	-0.0610946	-0.165418	-0.263252	-0.328936	-0.34185	-0.289804	
-0.368721	-0.517617	-0.629062	-0.696574	-0.722799	-0.726272	-0.70981	-0.66219	-0.567419	-0.430553	-0.276176	-0.134141	-0.00628523	0.101919	0.177224	0.208261	0.197558	0.159444	0.100924	0.0299785	-0.0460429	-0.116684	-0.162679	-0.159505	-0.0957704	
-0.569646	-0.719897	-0.846207	-0.92742	-0.95663	-0.958951	-0.944938	-0.884443	-0.774723	-0.631326	-0.476003	-0.329015	-0.194	-0.0698392	0.0403474	0.121202	0.154823	0.159397	0.149398	0.116742	0.0740651	0.0313289	0.00632307	0.0275922	0.103363	
-0.751568	-0.895073	-1.01315	-1.08819	-1.124	-1.13106	-1.10654	-1.04802	-0.946913	-0.810177	-0.66723	-0.535997	-0.401677	-0.267469	-0.128216	0.000783402	0.0873351	0.140884	0.177769	0.186348	0.182481	0.171164	0.171037	0.215688	0.301456	
-0.896153	-1.01227	-1.11041	-1.16936	-1.19723	-1.20288	-1.18277	-1.13878	-1.05604	-0.942503	-0.830609	-0.72764	-0.607322	-0.471374	-0.315048	-0.151228	-0.00681778	0.103973	0.186125	0.236426	0.277393	0.30448	0.334128	0.396831	0.491954	
-1.00009	-1.07679	-1.14276	-1.183	-1.19633	-1.19759	-1.19122	-1.16212	-1.10566	-1.03139	-0.953885	-0.880052	-0.793848	-0.66852	-0.502803	-0.32125	-0.141429	0.0205488	0.152413	0.250752	0.336461	0.411176	0.479673	0.556263	0.646142	
-1.04877	-1.08846	-1.12198	-1.14367	-1.14704	-1.1457	-1.14731	-1.13242	-1.10254	-1.06497	-1.02393	-0.98173	-0.929421	-0.829241	-0.677386	-0.490308	-0.291722	-0.0963481	0.0766255	0.220821	0.3458	0.46276	0.569577	0.663198	0.743571	
-1.04052	-1.05613	-1.06583	-1.0661	-1.0556	-1.05311	-1.06126	-1.0684	-1.06043	-1.04667	-1.03485	-1.02433	-1.00061	-0.938421	-0.815208	-0.636419	-0.43187	-0.222508	-0.0320662	0.143442	0.304789	0.450779	0.581313	0.691817	0.761046	
-0.999161	-0.991259	-0.981124	-0.959989	-0.941476	-0.94012	-0.950225	-0.974464	-0.987996	-0.994695	-1.01051	-1.03044	-1.02527	-0.992646	-0.902048	-0.753543	-0.563835	-0.357079	-0.156137	0.0311355	0.214609	0.379686	0.525807	0.636829	0.700142	
-0.941912	-0.913435	-0.881024	-0.839386	-0.815339	-0.813704	-0.826726	-0.862974	-0.902549	-0.929846	-0.964799	-1.00938	-1.03052	-1.02294	-0.964247	-0.849296	-0.68724	-0.497189	-0.295275	-0.103789	0.0865239	0.261004	0.412584	0.519548	0.58476	
-0.886595	-0.835682	-0.780506	-0.722563	-0.682184	-0.674313	-0.703672	-0.756175	-0.815402	-0.865644	-0.918701	-0.97713	-1.02692	-1.05104	-1.02729	-0.942973	-0.814038	-0.64572	-0.448866	-0.249434	-0.0502229	0.130384	0.272468	0.374	0.443948	
-0.835682	-0.757702	-0.682945	-0.615794	-0.559191	-0.545975	-0.590661	-0.655957	-0.726777	-0.80425	-0.883081	-0.960074	-1.03301	-1.0808	-1.08775	-1.04333	-0.949733	-0.79502	-0.600152	-0.391224	-0.177806	0.013817	0.148372	0.244834	0.310664	
-0.780506	-0.682945	-0.585408	-0.503785	-0.441197	-0.42952	-0.474346	-0.551972	-0.641796	-0.742364	-0.839815	-0.942408	-1.03491	-1.10352	-1.13902	-1.1307	-1.06007	-0.921259	-0.718885	-0.491846	-0.26622	-0.0706545	0.0670213	0.151399	0.211275	
-0.722563	-0.615794	-0.503785	-0.400134	-0.328484	-0.316871	-0.3652	-0.460237	-0.571134	-0.680947	-0.790154	-0.912545	-1.02625	-1.11668	-1.17277	-1.18292	-1.1288	-1.00216	-0.794709	-0.543628	-0.300777	-0.108466	0.0252523	0.102686	0.152762	
-0.682184	-0.559191	-0.441197	-0.328484	-0.255295	-0.243081	-0.292509	-0.393862	-0.512444	-0.630889	-0.761411	-0.893218	-1.01102	-1.11453	-1.18208	-1.20379	-1.16431	-1.03405	-0.821918	-0.564507	-0.308679	-0.114056	0.0129601	0.0897084	0.127582	
-0.674313	-0.545975	-0.42952	-0.316871	-0.243081	-0.230362	-0.280913	-0.381572	-0.499729	-0.62041	-0.758298	-0.891877	-1.00889	-1.11263	-1.18218	-1.20723	-1.17199	-1.03802	-0.825255	-0.568152	-0.310065	-0.113638	0.0110439	0.0892054	0.123373	
-0.703672	-0.590661	-0.474346	-0.3652	-0.292509	-0.280913	-0.329383	-0.428635	-0.544655	-0.658534	-0.775407	-0.902152	-1.01858	-1.11715	-1.17934	-1.19397	-1.14618	-1.02044	-0.809275	-0.553785	-0.305861	-0.113101	0.0183569	0.0942012	0.139493	
-0.756175	-0.655957	-0.551972	-0.460237	-0.393862	-0.381572	-0.428635	-0.513929	-0.613559	-0.717049	-0.818908	-0.930752	-1.03406	-1.11057	-1.1555	-1.15579	-1.09251	-0.959186	-0.755757	-0.518039	-0.284891	-0.0907323	0.0455207	0.127083	0.183918	
-0.815402	-0.726777	-0.641796	-0.571134	-0.512444	-0.499729	-0.544655	-0.613559	-0.690731	-0.78027	-0.868126	-0.954681	-1.03423	-1.09024	-1.10961	-1.0823	-0.998699	-0.849779	-0.65201	-0.437454	-0.219919	-0.0255321	0.110795	0.202053	0.265636	
-0.865644	-0.80425	-0.742364	-0.680947	-0.630889	-0.62041	-0.658534	-0.717049	-0.78027	-0.84172	-0.903856	-0.968608	-1.02882	-1.06327	-1.05197	-0.983489	-0.869058	-0.706761	-0.511706	-0.308001	-0.103758	0.0808101	0.218524	0.31915	0.387991	
-0.918701	-0.883081	-0.839815	-0.790154	-0.761411	-0.758298	-0.775407	-0.818908	-0.868126	-0.903856	-0.944074	-0.99508	-1.02803	-1.0343	-0.989084	-0.885442	-0.735691	-0.55563	-0.354807	-0.16139	0.031681	0.208521	0.357604	0.462389	0.530214	
-0.97713	-0.960074	-0.942408	-0.912545	-0.893218	-0.891877	-0.902152	-0.930752	-0.954681	-0.968608	-0.99508	-1.02619	-1.02935	-1.00505	-0.928137	-0.794086	-0.615176	-0.412677	-0.21028	-0.0215798	0.166708	0.336556	0.485911	0.595399	0.658663	
-1.02692	-1.03301	-1.03491	-1.02625	-1.01102	-1.00889	-1.01858	-1.03406	-1.03423	-1.02882	-1.02803	-1.02935	-1.01362	-0.966183	-0.855602	-0.686074	-0.485364	-0.275384	-0.0794721	0.102654	0.273954	0.429239	0.567138	0.679498	0.745417	
-1.05104	-1.0808	-1.10352	-1.11668	-1.11453	-1.11263	-1.11715	-1.11057	-1.09024	-1.06327	-1.0343	-1.00505	-0.966183	-0.879858	-0.73837	-0.552289	-0.349369	-0.146066	0.0348094	0.195251	0.335714	0.4656	0.5833	0.685314	0.760422	
-1.02729	-1.08775	-1.13902	-1.17277	-1.18208	-1.18218	-1.17934	-1.1555	-1.10961	-1.05197	-0.989084	-0.928137	-0.855602	-0.73837	-0.575183	-0.390732	-0.201388	-0.0240525	0.127084	0.244085	0.345927	0.439638	0.524929	0.606587	0.692994	
-0.942973	-1.04333	-1.1307	-1.18292	-1.20379	-1.20723	-1.19397	-1.15579	-1.0823	-0.983489	-0.885442	-0.794086	-0.686074	-0.552289	-0.390732	-0.218019	-0.0560182	0.0763332	0.178358	0.2474	0.306792	0.352137	0.396302	0.464203	0.560024	
-0.814038	-0.949733	-1.06007	-1.1288	-1.16431	-1.17199	-1.14618	-1.09251	-0.998699	-0.869058	-0.735691	-0.615176	-0.485364	-0.349369	-0.201388	-0.0560182	0.0545311	0.13005	0.18434	0.209543	0.22287	0.226065	0.236778	0.290134	0.380086	
-0.64572	-0.79502	-0.921259	-1.00216	-1.03405	-1.03802	-1.02044	-0.959186	-0.849779	-0.706761	-0.55563	-0.412677	-0.275384	-0.146066	-0.0240525	0.0763332	0.13005	0.153359	0.162747	0.146721	0.119272	0.087655	0.0724121	0.102802	0.182126	
-0.448866	-0.600152	-0.718885	-0.794709	-0.821918	-0.825255	-0.809275	-0.755757	-0.65201	-0.511706	-0.354807	-0.21028	-0.0794721	0.0348094	0.127084	0.178358	0.18434	0.162747	0.123327	0.0653876	0.00209712	-0.056331	-0.0946243	-0.084328	-0.0153353	
-0.249434	-0.391224	-0.491846	-0.543628	-0.564507	-0.568152	-0.553785	-0.518039	-0.437454	-0.308001	-0.16139	-0.0215798	0.102654	0.195251	0.244085	0.2474	0.209543	0.146721	0.0653876	-0.0237177	-0.117291	-0.205781	-0.264568	-0.271165	-0.214128	
-0.0502229	-0.177806	-0.26622	-0.300777	-0.308679	-0.310065	-0.305861	-0.284891	-0.219919	-0.103758	0.031681	0.166708	0.273954	0.335714	0.345927	0.306792	0.22287	0.119272	0.00209712	-0.117291	-0.237576	-0.346721	-0.420101	-0.439591	-0.393533	
0.130384	0.013817	-0.0706545	-0.108466	-0.114056	-0.113638	-0.113101	-0.0907323	-0.0255321	0.0808101	0.208521	0.336556	0.429239	0.4656	0.439638	0.352137	0.226065	0.087655	-0.056331	-0.205781	-0.346721	-0.471185	-0.553461	-0.576936	-0.535401	
0.272468	0.148372	0.0670213	0.0252523	0.0129601	0.0110439	0.0183569	0.0455207	0.110795	0.218524	0.357604	0.485911	0.567138	0.5833	0.524929	0.396302	0.236778	0.0724121	-0.0946243	-0.264568	-0.420101	-0.553461	-0.641272	-0.665842	-0.63489	
0.374	0.244834	0.151399	0.102686	0.0897084	0.0892054	0.0942012	0.127083	0.202053	0.31915	0.462389	0.595399	0.679498	0.685314	0.606587	0.464203	0.290134	0.102802	-0.084328	-0.271165	-0.439591	-0.576936	-0.665842	-0.695958	-0.671619	
0.443948	0.310664	0.211275	0.152762	0.127582	0.123373	0.139493	0.183918	0.265636	0.387991	0.530214	0.658663	0.745417	0.760422	0.692994	0.560024	0.380086	0.182126	-0.0153353	-0.214128	-0.393533	-0.535401	-0.63489	-0.671619	-0.646807	
