0.723401	0.729939	0.738242	0.740501	0.744581	0.743561	0.743023	0.739176	0.733551	0.726945	0.715717	0.705778	0.688869	0.674084	0.651977	0.630666	0.603404	0.575462	0.542107	0.509027	0.469861	0.432737	0.390833	0.350765	0.309945	
0.556137	0.564907	0.574055	0.577538	0.582059	0.581094	0.58013	0.575447	0.568593	0.5602	0.547876	0.535029	0.518231	0.500134	0.479536	0.456324	0.43169	0.404346	0.375466	0.344642	0.312526	0.278586	0.245535	0.209314	0.178737	
0.386834	0.397432	0.403755	0.409999	0.411785	0.413113	0.41061	0.406798	0.4002	0.391138	0.380732	0.366523	0.352585	0.333857	0.316618	0.294561	0.274451	0.250581	0.228231	0.204012	0.180474	0.155881	0.133355	0.107772	0.085653	
0.242306	0.250049	0.255577	0.260305	0.261743	0.263027	0.260669	0.258146	0.25235	0.245873	0.237033	0.22661	0.215184	0.201095	0.18732	0.170725	0.15422	0.137278	0.118341	0.101923	0.0841625	0.0668817	0.053268	0.0378882	0.023893	
0.129349	0.134978	0.138695	0.14217	0.142911	0.144156	0.14197	0.140562	0.136159	0.131516	0.125865	0.117896	0.111282	0.101309	0.0925849	0.0829818	0.0711215	0.0620829	0.0496613	0.0375574	0.0284733	0.0137151	0.00459716	-0.00439443	-0.0160955	
0.0527191	0.0589434	0.0599323	0.0634169	0.0637683	0.0640976	0.0640258	0.0608708	0.0605443	0.0542879	0.05302	0.0455089	0.0415246	0.0354036	0.0278106	0.0234618	0.0153998	0.0092284	0.00554652	-0.00380628	-0.00607431	-0.0117378	-0.0206062	-0.0215299	-0.0302546	
0.0111652	0.0143924	0.0157237	0.0163874	0.0184559	0.0163158	0.0186962	0.0147256	0.0159718	0.0121069	0.0102919	0.00830093	0.00278145	0.00197903	-0.00452759	-0.00797194	-0.0111639	-0.0190284	-0.0200075	-0.0258702	-0.0313093	-0.0296505	-0.0364714	-0.037226	-0.0349138	
-0.0148487	-0.0156457	-0.0137764	-0.0138008	-0.0132209	-0.0131452	-0.0138576	-0.0132644	-0.0159067	-0.014204	-0.0186218	-0.0166505	-0.0206353	-0.0210781	-0.0216795	-0.0260382	-0.0242452	-0.0286696	-0.0308209	-0.0301704	-0.0376968	-0.0369891	-0.0398716	-0.0457289	-0.0444824	
-0.0267447	-0.0297169	-0.0264841	-0.0269521	-0.027232	-0.025171	-0.0284854	-0.0248038	-0.0299066	-0.0261727	-0.0310509	-0.029388	-0.0318954	-0.0334006	-0.0336302	-0.0357228	-0.0374908	-0.0352815	-0.0411244	-0.0358083	-0.0400744	-0.0400427	-0.0388814	-0.0419517	-0.0453468	
-0.0312101	-0.0333848	-0.0305212	-0.0325133	-0.0312415	-0.0313761	-0.0323501	-0.0309227	-0.0329932	-0.0317079	-0.0330261	-0.0334069	-0.0334437	-0.0347624	-0.0358057	-0.0351323	-0.039729	-0.036718	-0.0417572	-0.0416968	-0.0410447	-0.045192	-0.0423254	-0.0431971	-0.0437613	
-0.0388175	-0.0362815	-0.0375194	-0.0370645	-0.0365126	-0.0376879	-0.0358623	-0.0383815	-0.0354284	-0.0390954	-0.0354605	-0.0392024	-0.0364396	-0.0382764	-0.0379408	-0.0374428	-0.0382714	-0.0386059	-0.0374142	-0.0410227	-0.0389224	-0.042522	-0.0430825	-0.0442717	-0.0450983	
-0.0378315	-0.0361844	-0.0368925	-0.0362462	-0.0360603	-0.036701	-0.0356263	-0.0372472	-0.0358077	-0.0376918	-0.0366819	-0.0380731	-0.0380008	-0.0387066	-0.0392356	-0.039692	-0.0400843	-0.0404188	-0.0403614	-0.0406939	-0.039554	-0.0411918	-0.0398207	-0.0414634	-0.0436083	
-0.0367181	-0.0354377	-0.0362633	-0.0358448	-0.0358973	-0.0362099	-0.0355717	-0.0366193	-0.0352249	-0.0370911	-0.0350606	-0.0373509	-0.035628	-0.0371012	-0.0371923	-0.0370899	-0.0386236	-0.0393621	-0.0385315	-0.0433806	-0.0393042	-0.0434368	-0.0428894	-0.0405357	-0.0414356	
-0.0392585	-0.0363808	-0.038301	-0.0372891	-0.0369132	-0.0384656	-0.0357882	-0.0393394	-0.0354712	-0.039369	-0.0362968	-0.0383858	-0.0377613	-0.0373765	-0.038066	-0.0381157	-0.0360909	-0.0400899	-0.0350183	-0.0396233	-0.0388424	-0.0382855	-0.0426329	-0.0429248	-0.0422221	
-0.0359267	-0.0353529	-0.0360084	-0.0349982	-0.035749	-0.0351697	-0.0356721	-0.0353033	-0.0361513	-0.0353262	-0.0369593	-0.0358665	-0.037344	-0.0376403	-0.0370736	-0.0399482	-0.0374788	-0.0405767	-0.0394602	-0.0393076	-0.0403427	-0.0388372	-0.0389833	-0.0390824	-0.0401582	
-0.0356106	-0.0351622	-0.0361761	-0.0347502	-0.0363879	-0.0346772	-0.0362672	-0.0348284	-0.0359891	-0.0350505	-0.0356954	-0.0352618	-0.0355178	-0.0354739	-0.0356015	-0.0359427	-0.0360507	-0.0370843	-0.0373445	-0.0384896	-0.0403976	-0.0393597	-0.0429454	-0.0411792	-0.0404174	
-0.0360213	-0.0366507	-0.036121	-0.0361114	-0.0362309	-0.0358621	-0.0364969	-0.0357285	-0.0370528	-0.0356485	-0.0377299	-0.0358992	-0.0379444	-0.0368989	-0.0372545	-0.0382435	-0.0365109	-0.0381298	-0.0373995	-0.0360963	-0.0388522	-0.0364311	-0.0381485	-0.0406069	-0.0399661	
-0.0337017	-0.0342914	-0.0343349	-0.0333643	-0.0348527	-0.0328504	-0.0351743	-0.0327049	-0.0353358	-0.0330125	-0.0352415	-0.0340121	-0.0349103	-0.0355904	-0.035055	-0.036805	-0.0368336	-0.0368566	-0.0397265	-0.0370083	-0.0407457	-0.0385781	-0.0395006	-0.0387652	-0.0394679	
-0.0342203	-0.0364893	-0.0348948	-0.0355562	-0.0358743	-0.0346441	-0.0366612	-0.0341208	-0.037003	-0.0341247	-0.0367914	-0.0345766	-0.0362173	-0.0349951	-0.0359533	-0.034749	-0.0365824	-0.0342171	-0.0375873	-0.0351177	-0.0381126	-0.0379947	-0.0386955	-0.0404487	-0.0397036	
-0.0343484	-0.0349116	-0.0340145	-0.0344061	-0.0340978	-0.0340118	-0.0343725	-0.0339495	-0.0346723	-0.0343293	-0.0349862	-0.0350823	-0.0354446	-0.0359625	-0.0361765	-0.0366044	-0.0371566	-0.0366229	-0.0380721	-0.0362522	-0.0380394	-0.0369725	-0.0372205	-0.0382408	-0.0391988	
-0.0324991	-0.034834	-0.0331321	-0.0340396	-0.034061	-0.0332094	-0.0348362	-0.0326376	-0.0352083	-0.0325529	-0.0350126	-0.033085	-0.0344598	-0.0338459	-0.0345956	-0.0339232	-0.0364899	-0.0336004	-0.0387428	-0.0354684	-0.0384604	-0.0390833	-0.0377443	-0.0384127	-0.0388069	
-0.0349426	-0.0354922	-0.0342971	-0.0352654	-0.0343642	-0.034848	-0.034637	-0.0348084	-0.0347189	-0.0352862	-0.0347234	-0.0357611	-0.035228	-0.0354621	-0.036384	-0.0345979	-0.0369288	-0.0346569	-0.0358227	-0.0359046	-0.0353349	-0.0369288	-0.0374797	-0.0384258	-0.0392844	
-0.0323453	-0.0335818	-0.0321527	-0.0333779	-0.0323222	-0.0330987	-0.0327136	-0.0327969	-0.0332242	-0.0326216	-0.0337196	-0.0328631	-0.0340888	-0.0337099	-0.0346594	-0.0347037	-0.0362713	-0.0351829	-0.0383671	-0.0361723	-0.037902	-0.038192	-0.0359398	-0.0366682	-0.0374873	
-0.0345715	-0.0349404	-0.0341474	-0.034843	-0.0343176	-0.0344555	-0.0345493	-0.034393	-0.0344046	-0.0348456	-0.0339869	-0.0352404	-0.0340751	-0.034566	-0.0352235	-0.0330135	-0.0361309	-0.0330639	-0.0349929	-0.0358743	-0.0345929	-0.0378366	-0.0383736	-0.0380616	-0.0391125	
-0.0331128	-0.0333974	-0.0322257	-0.0336198	-0.0318362	-0.0337191	-0.0319273	-0.0336857	-0.032455	-0.0335479	-0.0333901	-0.0334703	-0.0345056	-0.0338851	-0.0354021	-0.0350011	-0.0361132	-0.0360494	-0.0368587	-0.0364173	-0.0363662	-0.0368343	-0.0348637	-0.0360485	-0.03654	
-0.0338832	-0.0337447	-0.0335089	-0.0338666	-0.0335073	-0.0337142	-0.0335655	-0.0337077	-0.0333622	-0.0340495	-0.0329484	-0.0343834	-0.0329688	-0.0339308	-0.0340503	-0.0327923	-0.0353139	-0.0331336	-0.0350059	-0.0362198	-0.0350139	-0.038259	-0.0384813	-0.037217	-0.0383347	
-0.0337447	-0.0337323	-0.032744	-0.0340433	-0.0322744	-0.0342081	-0.0322817	-0.034275	-0.0327005	-0.0342083	-0.0335634	-0.0339796	-0.0347297	-0.0338937	-0.0356405	-0.0344696	-0.0358074	-0.0355264	-0.0354967	-0.0361608	-0.0350063	-0.0363181	-0.0348997	-0.0361436	-0.036316	
-0.0335089	-0.032744	-0.0328584	-0.0331368	-0.0324818	-0.0332986	-0.0323098	-0.0334327	-0.0321691	-0.0336956	-0.0321148	-0.0339197	-0.0325533	-0.0337352	-0.0337613	-0.0333858	-0.0349787	-0.0342428	-0.0350655	-0.0366734	-0.03539	-0.0377751	-0.0377958	-0.0364005	-0.0372345	
-0.0338666	-0.0340433	-0.0331368	-0.0342681	-0.032868	-0.0343302	-0.0329331	-0.0343518	-0.0332129	-0.0343134	-0.0337197	-0.0340886	-0.0344532	-0.0337254	-0.0351468	-0.0336643	-0.0353147	-0.0344164	-0.0347994	-0.035829	-0.0343915	-0.0367584	-0.0355944	-0.0364318	-0.0366161	
-0.0335073	-0.0322744	-0.0324818	-0.032868	-0.031743	-0.0332796	-0.0313794	-0.0335638	-0.0313414	-0.033791	-0.0317443	-0.0338673	-0.0327911	-0.0337885	-0.0342386	-0.0340899	-0.035131	-0.0354225	-0.0350463	-0.036934	-0.0354277	-0.0368275	-0.0368017	-0.0358958	-0.0362672	
-0.0337142	-0.0342081	-0.0332986	-0.0343302	-0.0332796	-0.0342528	-0.0334482	-0.0341861	-0.0336016	-0.0341833	-0.033696	-0.0340758	-0.0338977	-0.033618	-0.0343973	-0.0330137	-0.0348906	-0.0334213	-0.0346013	-0.0357126	-0.0342898	-0.0376218	-0.0365078	-0.0367053	-0.0371844	
-0.0335655	-0.0322817	-0.0323098	-0.0329331	-0.0313794	-0.0334482	-0.0309392	-0.0337881	-0.0310327	-0.0339393	-0.0318278	-0.0338534	-0.0333495	-0.033822	-0.034927	-0.0345924	-0.0354941	-0.0361949	-0.0352191	-0.0369277	-0.0354515	-0.0360965	-0.0358268	-0.0357273	-0.0356834	
-0.0337077	-0.034275	-0.0334327	-0.0343518	-0.0335638	-0.0341861	-0.0337881	-0.0341079	-0.0337985	-0.0342454	-0.03354	-0.0343265	-0.0334118	-0.0337726	-0.0339753	-0.0326537	-0.0348387	-0.0328188	-0.0345902	-0.0358041	-0.0343117	-0.0382534	-0.0374084	-0.0369901	-0.0378635	
-0.0333622	-0.0327005	-0.0321691	-0.0332129	-0.0313414	-0.0336016	-0.0310327	-0.0337985	-0.0313159	-0.0337761	-0.0323194	-0.0336004	-0.0339015	-0.0337481	-0.0353086	-0.0348424	-0.0358159	-0.0363698	-0.0358233	-0.036734	-0.035737	-0.0361571	-0.035105	-0.0358207	-0.0356319	
-0.0340495	-0.0342083	-0.0336956	-0.0343134	-0.033791	-0.0341833	-0.0339393	-0.0342454	-0.0337761	-0.0346295	-0.0333471	-0.034866	-0.0333018	-0.0341274	-0.0342489	-0.032642	-0.0352889	-0.0327972	-0.0347082	-0.0359343	-0.0344684	-0.0381692	-0.0380186	-0.0373817	-0.0384234	
-0.0329484	-0.0335634	-0.0321148	-0.0337197	-0.0317443	-0.033696	-0.0318278	-0.03354	-0.0323194	-0.0333471	-0.0331802	-0.0333233	-0.0342242	-0.0338105	-0.0351748	-0.034838	-0.0360486	-0.0357796	-0.0367372	-0.0364449	-0.0361335	-0.0371459	-0.0350415	-0.0361325	-0.0363064	
-0.0343834	-0.0339796	-0.0339197	-0.0340886	-0.0338673	-0.0340758	-0.0338534	-0.0343265	-0.0336004	-0.034866	-0.0333233	-0.0351071	-0.0337276	-0.03433	-0.0350699	-0.0330977	-0.036025	-0.0335156	-0.0353364	-0.0359178	-0.0352811	-0.0374921	-0.0379346	-0.0379081	-0.0386128	
-0.0329688	-0.0347297	-0.0325533	-0.0344532	-0.0327911	-0.0338977	-0.0333495	-0.0334118	-0.0339015	-0.0333018	-0.0342242	-0.0337276	-0.0343795	-0.0344158	-0.0349504	-0.03466	-0.0363984	-0.0346302	-0.0373783	-0.0361301	-0.0362461	-0.0382593	-0.0360195	-0.0367507	-0.037637	
-0.0339308	-0.0338937	-0.0337352	-0.0337254	-0.0337885	-0.033618	-0.033822	-0.0337726	-0.0337481	-0.0341274	-0.0338105	-0.03433	-0.0344158	-0.0341471	-0.0355404	-0.0340176	-0.0365057	-0.0345873	-0.0369636	-0.0356951	-0.0371557	-0.0372899	-0.0372506	-0.0384263	-0.0386404	
-0.0340503	-0.0356405	-0.0337613	-0.0351468	-0.0342386	-0.0343973	-0.034927	-0.0339753	-0.0353086	-0.0342489	-0.0351748	-0.0350699	-0.0349504	-0.0355404	-0.0355725	-0.0348394	-0.0370054	-0.0341892	-0.0372697	-0.0358547	-0.0362579	-0.0379835	-0.0375177	-0.0378663	-0.0388271	
-0.0327923	-0.0344696	-0.0333858	-0.0336643	-0.0340899	-0.0330137	-0.0345924	-0.0326537	-0.0348424	-0.032642	-0.034838	-0.0330977	-0.03466	-0.0340176	-0.0348394	-0.0348421	-0.0364031	-0.0349053	-0.0390164	-0.0355591	-0.0393045	-0.038547	-0.0373952	-0.0388197	-0.039224	
-0.0353139	-0.0358074	-0.0349787	-0.0353147	-0.035131	-0.0348906	-0.0354941	-0.0348387	-0.0358159	-0.0352889	-0.0360486	-0.036025	-0.0363984	-0.0365057	-0.0370054	-0.0364031	-0.0374041	-0.0360616	-0.0371849	-0.0357717	-0.0373265	-0.0362439	-0.0379559	-0.0392108	-0.0390447	
-0.0331336	-0.0355264	-0.0342428	-0.0344164	-0.0354225	-0.0334213	-0.0361949	-0.0328188	-0.0363698	-0.0327972	-0.0357796	-0.0335156	-0.0346302	-0.0345873	-0.0341892	-0.0349053	-0.0360616	-0.0344778	-0.0391754	-0.0360906	-0.0400329	-0.0398879	-0.0397979	-0.0396939	-0.0402908	
-0.0350059	-0.0354967	-0.0350655	-0.0347994	-0.0350463	-0.0346013	-0.0352191	-0.0345902	-0.0358233	-0.0347082	-0.0367372	-0.0353364	-0.0373783	-0.0369636	-0.0372697	-0.0390164	-0.0371849	-0.0391754	-0.038578	-0.0365736	-0.0397102	-0.0360561	-0.0374953	-0.0395535	-0.0389938	
-0.0362198	-0.0361608	-0.0366734	-0.035829	-0.036934	-0.0357126	-0.0369277	-0.0358041	-0.036734	-0.0359343	-0.0364449	-0.0359178	-0.0361301	-0.0356951	-0.0358547	-0.0355591	-0.0357717	-0.0360906	-0.0365736	-0.0373151	-0.0393269	-0.0388721	-0.042174	-0.0417276	-0.0407756	
-0.0350139	-0.0350063	-0.03539	-0.0343915	-0.0354277	-0.0342898	-0.0354515	-0.0343117	-0.035737	-0.0344684	-0.0361335	-0.0352811	-0.0362461	-0.0371557	-0.0362579	-0.0393045	-0.0373265	-0.0400329	-0.0397102	-0.0393269	-0.0408806	-0.0390733	-0.039685	-0.0390607	-0.0397405	
-0.038259	-0.0363181	-0.0377751	-0.0367584	-0.0368275	-0.0376218	-0.0360965	-0.0382534	-0.0361571	-0.0381692	-0.0371459	-0.0374921	-0.0382593	-0.0372899	-0.0379835	-0.038547	-0.0362439	-0.0398879	-0.0360561	-0.0388721	-0.0390733	-0.0382995	-0.0411006	-0.0424842	-0.0415547	
-0.0384813	-0.0348997	-0.0377958	-0.0355944	-0.0368017	-0.0365078	-0.0358268	-0.0374084	-0.035105	-0.0380186	-0.0350415	-0.0379346	-0.0360195	-0.0372506	-0.0375177	-0.0373952	-0.0379559	-0.0397979	-0.0374953	-0.042174	-0.039685	-0.0411006	-0.0432993	-0.0411445	-0.0410646	
-0.037217	-0.0361436	-0.0364005	-0.0364318	-0.0358958	-0.0367053	-0.0357273	-0.0369901	-0.0358207	-0.0373817	-0.0361325	-0.0379081	-0.0367507	-0.0384263	-0.0378663	-0.0388197	-0.0392108	-0.0396939	-0.0395535	-0.0417276	-0.0390607	-0.0424842	-0.0411445	-0.0407301	-0.0433122	
-0.0383347	-0.036316	-0.0372345	-0.0366161	-0.0362672	-0.0371844	-0.0356834	-0.0378635	-0.0356319	-0.0384234	-0.0363064	-0.0386128	-0.037637	-0.0386404	-0.0388271	-0.039224	-0.0390447	-0.0402908	-0.0389938	-0.0407756	-0.0397405	-0.0415547	-0.0410646	-0.0433122	-0.0443075	
