-0.63493	-0.548855	-0.43111	-0.292596	-0.159617	-0.0508501	0.0284764	0.0824164	0.11511	0.133014	0.155085	0.195047	0.248066	0.301192	0.358645	0.436763	0.531199	0.626347	0.714483	0.797644	0.875476	0.930222	0.950282	0.949312	0.942332	
-0.548855	-0.460879	-0.327535	-0.178875	-0.0483984	0.0525905	0.115363	0.151329	0.167751	0.170166	0.17539	0.195494	0.230526	0.282634	0.348735	0.42543	0.515323	0.618351	0.725238	0.838411	0.94759	1.03915	1.09918	1.13489	1.16428	
-0.43111	-0.327535	-0.175286	-0.0158107	0.117474	0.208799	0.253274	0.269657	0.264322	0.246556	0.227593	0.21849	0.231864	0.277221	0.335999	0.404429	0.483554	0.581146	0.695164	0.81553	0.942023	1.06217	1.15567	1.22963	1.29515	
-0.292596	-0.178875	-0.0158107	0.157714	0.295553	0.384939	0.417823	0.415629	0.388733	0.345121	0.293728	0.255782	0.246964	0.26921	0.314571	0.369564	0.437302	0.524987	0.627528	0.741158	0.869019	1.00411	1.12327	1.22874	1.32696	
-0.159617	-0.0483984	0.117474	0.295553	0.442694	0.53586	0.569172	0.558073	0.514312	0.442513	0.36539	0.303248	0.265176	0.259525	0.281329	0.325079	0.379735	0.450448	0.534009	0.629263	0.746797	0.881499	1.01659	1.14459	1.26788	
-0.0508501	0.0525905	0.208799	0.384939	0.53586	0.637665	0.681253	0.671387	0.615872	0.529888	0.436012	0.34997	0.279419	0.239758	0.236342	0.262328	0.300433	0.352969	0.420321	0.497744	0.598258	0.723335	0.864508	1.00441	1.14348	
0.0284764	0.115363	0.253274	0.417823	0.569172	0.681253	0.740196	0.735181	0.681861	0.596047	0.490218	0.381005	0.282611	0.215451	0.188312	0.188708	0.205567	0.243678	0.299747	0.361784	0.441652	0.551451	0.686188	0.830078	0.975977	
0.0824164	0.151329	0.269657	0.415629	0.558073	0.671387	0.735181	0.740161	0.704826	0.626713	0.517008	0.393323	0.279751	0.196954	0.142031	0.108834	0.10152	0.129512	0.177761	0.232349	0.297316	0.392509	0.516176	0.653656	0.801427	
0.11511	0.167751	0.264322	0.388733	0.514312	0.615872	0.681861	0.704826	0.68599	0.621253	0.51307	0.390106	0.278244	0.186932	0.106206	0.0418291	0.0136173	0.0306058	0.0718936	0.121157	0.17996	0.262569	0.370488	0.495463	0.63752	
0.133014	0.170166	0.246556	0.345121	0.442513	0.529888	0.596047	0.626713	0.621253	0.567838	0.476319	0.372178	0.273585	0.182395	0.0903663	0.00806968	-0.0335459	-0.0295763	-8.35827e-05	0.0453454	0.100565	0.176	0.263811	0.373106	0.49809	
0.155085	0.17539	0.227593	0.293728	0.36539	0.436012	0.490218	0.517008	0.51307	0.476319	0.412712	0.334146	0.253574	0.175228	0.0903897	0.0107301	-0.0365267	-0.0443137	-0.0301413	0.00701812	0.0593347	0.126563	0.199463	0.285683	0.382722	
0.195047	0.195494	0.21849	0.255782	0.303248	0.34997	0.381005	0.393323	0.390106	0.372178	0.334146	0.27776	0.216221	0.159685	0.0974838	0.0340844	-0.00783837	-0.0222047	-0.0215133	0.000916369	0.0462771	0.105357	0.163239	0.223029	0.281381	
0.248066	0.230526	0.231864	0.246964	0.265176	0.279419	0.282611	0.279751	0.278244	0.273585	0.253574	0.216221	0.176763	0.144035	0.10828	0.0665157	0.0394769	0.026923	0.0187435	0.0258542	0.0589759	0.10767	0.144985	0.172755	0.187748	
0.301192	0.282634	0.277221	0.26921	0.259525	0.239758	0.215451	0.196954	0.186932	0.182395	0.175228	0.159685	0.144035	0.134345	0.121618	0.105101	0.0972283	0.0954875	0.0855777	0.0820992	0.101665	0.127361	0.136081	0.124073	0.0966689	
0.358645	0.348735	0.335999	0.314571	0.281329	0.236342	0.188312	0.142031	0.106206	0.0903663	0.0903897	0.0974838	0.10828	0.121618	0.136895	0.149207	0.165366	0.178016	0.176862	0.169038	0.168955	0.158686	0.125115	0.071942	0.00668116	
0.436763	0.42543	0.404429	0.369564	0.325079	0.262328	0.188708	0.108834	0.0418291	0.00806968	0.0107301	0.0340844	0.0665157	0.105101	0.149207	0.189139	0.226018	0.253321	0.265645	0.259686	0.236442	0.18633	0.11018	0.0223141	-0.0731217	
0.531199	0.515323	0.483554	0.437302	0.379735	0.300433	0.205567	0.10152	0.0136173	-0.0335459	-0.0365267	-0.00783837	0.0394769	0.0972283	0.165366	0.226018	0.273367	0.308422	0.325723	0.314618	0.267453	0.181563	0.076697	-0.0336913	-0.14939	
0.626347	0.618351	0.581146	0.524987	0.450448	0.352969	0.243678	0.129512	0.0306058	-0.0295763	-0.0443137	-0.0222047	0.026923	0.0954875	0.178016	0.253321	0.308422	0.339139	0.348438	0.323358	0.252625	0.145775	0.0269937	-0.0954845	-0.222726	
0.714483	0.725238	0.695164	0.627528	0.534009	0.420321	0.299747	0.177761	0.0718936	-8.35827e-05	-0.0301413	-0.0215133	0.0187435	0.0855777	0.176862	0.265645	0.325723	0.348438	0.341804	0.301018	0.216002	0.101204	-0.0232997	-0.150936	-0.287351	
0.797644	0.838411	0.81553	0.741158	0.629263	0.497744	0.361784	0.232349	0.121157	0.0453454	0.00701812	0.000916369	0.0258542	0.0820992	0.169038	0.259686	0.314618	0.323358	0.301018	0.250505	0.160763	0.043474	-0.0787836	-0.208695	-0.344061	
0.875476	0.94759	0.942023	0.869019	0.746797	0.598258	0.441652	0.297316	0.17996	0.100565	0.0593347	0.0462771	0.0589759	0.101665	0.168955	0.236442	0.267453	0.252625	0.216002	0.160763	0.0701631	-0.0428496	-0.157548	-0.274176	-0.39428	
0.930222	1.03915	1.06217	1.00411	0.881499	0.723335	0.551451	0.392509	0.262569	0.176	0.126563	0.105357	0.10767	0.127361	0.158686	0.18633	0.181563	0.145775	0.101204	0.043474	-0.0428496	-0.148448	-0.248218	-0.341693	-0.437816	
0.950282	1.09918	1.15567	1.12327	1.01659	0.864508	0.686188	0.516176	0.370488	0.263811	0.199463	0.163239	0.144985	0.136081	0.125115	0.11018	0.076697	0.0269937	-0.0232997	-0.0787836	-0.157548	-0.248218	-0.324358	-0.395349	-0.46524	
0.949312	1.13489	1.22963	1.22874	1.14459	1.00441	0.830078	0.653656	0.495463	0.373106	0.285683	0.223029	0.172755	0.124073	0.071942	0.0223141	-0.0336913	-0.0954845	-0.150936	-0.208695	-0.274176	-0.341693	-0.395349	-0.43883	-0.484862	
0.942332	1.16428	1.29515	1.32696	1.26788	1.14348	0.975977	0.801427	0.63752	0.49809	0.382722	0.281381	0.187748	0.0966689	0.00668116	-0.0731217	-0.14939	-0.222726	-0.287351	-0.344061	-0.39428	-0.437816	-0.46524	-0.484862	-0.498611	
0.932441	1.17979	1.33957	1.40161	1.37217	1.2723	1.12387	0.957136	0.788171	0.623592	0.469295	0.324002	0.186832	0.0581876	-0.0636228	-0.171914	-0.266379	-0.348547	-0.416531	-0.467732	-0.501911	-0.522378	-0.528415	-0.522867	-0.503649	
0.919103	1.18388	1.36379	1.45034	1.45027	1.38055	1.2626	1.11132	0.935823	0.746082	0.549652	0.36105	0.185123	0.0189242	-0.137489	-0.274873	-0.386912	-0.471235	-0.53078	-0.570951	-0.584729	-0.581843	-0.569048	-0.539839	-0.494958	
0.899959	1.17827	1.37293	1.48044	1.50876	1.47139	1.37938	1.24061	1.06148	0.845362	0.617117	0.395495	0.186359	-0.0109758	-0.196184	-0.360695	-0.486036	-0.570566	-0.628627	-0.656946	-0.655241	-0.629066	-0.592368	-0.545469	-0.479821	
0.878866	1.1725	1.38725	1.51638	1.56468	1.53985	1.46057	1.32671	1.14476	0.92122	0.673225	0.426958	0.189798	-0.0370243	-0.2463	-0.426404	-0.559798	-0.646862	-0.703134	-0.72882	-0.710565	-0.659522	-0.602548	-0.537726	-0.465113	
0.85934	1.16505	1.39774	1.5447	1.60391	1.58328	1.50258	1.3673	1.18643	0.959726	0.704003	0.442628	0.185418	-0.0592062	-0.278888	-0.464223	-0.598233	-0.686173	-0.746596	-0.770398	-0.743186	-0.674623	-0.601436	-0.52917	-0.45365	
0.854811	1.1631	1.39905	1.54929	1.61103	1.59039	1.50889	1.37301	1.19271	0.965514	0.708887	0.444768	0.183849	-0.0637604	-0.284325	-0.46989	-0.603645	-0.691482	-0.75382	-0.777419	-0.748921	-0.677433	-0.600951	-0.527678	-0.451907	
0.870447	1.16988	1.39295	1.5303	1.58394	1.56068	1.48171	1.34786	1.16591	0.94198	0.689662	0.435961	0.188964	-0.0472624	-0.262555	-0.445621	-0.579806	-0.667714	-0.725008	-0.750197	-0.726832	-0.667045	-0.602583	-0.533362	-0.459592	
0.891344	1.17565	1.37745	1.49373	1.53118	1.50172	1.41686	1.28069	1.10056	0.878697	0.641272	0.408807	0.187793	-0.0218012	-0.216955	-0.389277	-0.518226	-0.603614	-0.661658	-0.68779	-0.680173	-0.643647	-0.598362	-0.54414	-0.473786	
0.911999	1.18317	1.36871	1.46322	1.47547	1.4186	1.31276	1.16774	0.989508	0.788961	0.577835	0.374814	0.185241	0.00559689	-0.163233	-0.312305	-0.430385	-0.514327	-0.572048	-0.60682	-0.613442	-0.60161	-0.579531	-0.542793	-0.488936	
0.927327	1.18225	1.35116	1.42391	1.406	1.31833	1.18154	1.02039	0.848804	0.673551	0.501945	0.338906	0.185853	0.0421753	-0.0930414	-0.213323	-0.314948	-0.398841	-0.464185	-0.511194	-0.537928	-0.549036	-0.548026	-0.532601	-0.50163	
0.938819	1.1728	1.31615	1.36045	1.31304	1.19672	1.03519	0.862871	0.697162	0.54851	0.419127	0.300232	0.18905	0.0821744	-0.0207665	-0.112077	-0.196205	-0.27354	-0.341111	-0.395857	-0.440033	-0.474187	-0.492419	-0.502065	-0.501902	
0.946745	1.14734	1.25719	1.26962	1.19525	1.06084	0.888116	0.711857	0.550081	0.422296	0.324394	0.247507	0.180543	0.114375	0.0467034	-0.0152318	-0.0793976	-0.146114	-0.205056	-0.263126	-0.322235	-0.380266	-0.423188	-0.457056	-0.491201	
0.951382	1.11492	1.18667	1.16627	1.06773	0.920713	0.743361	0.569401	0.41869	0.304213	0.232099	0.18649	0.156952	0.133244	0.105595	0.0764057	0.033488	-0.0209686	-0.0732622	-0.129311	-0.203794	-0.285363	-0.352925	-0.412999	-0.473692	
0.942558	1.06811	1.10369	1.05452	0.936474	0.778786	0.602999	0.4398	0.302893	0.209706	0.155062	0.128974	0.124561	0.133371	0.147757	0.15777	0.14019	0.0983092	0.0515367	-0.00536214	-0.0887625	-0.189735	-0.279767	-0.364605	-0.450296	
0.901086	0.986512	0.991892	0.923369	0.79875	0.645867	0.482014	0.331324	0.210209	0.128578	0.0850039	0.0694058	0.0783558	0.113265	0.167678	0.220415	0.237301	0.212889	0.172753	0.11559	0.0257726	-0.0849231	-0.195034	-0.302412	-0.41372	
0.830672	0.88356	0.866024	0.79063	0.673891	0.534718	0.390857	0.255597	0.142707	0.0655616	0.0262471	0.0163841	0.0356488	0.0871902	0.167891	0.252503	0.299609	0.299957	0.271981	0.219595	0.129289	0.0131185	-0.106697	-0.233222	-0.364222	
0.747715	0.769772	0.741721	0.671175	0.569745	0.449868	0.323564	0.199148	0.0904666	0.0167239	-0.0180071	-0.0154436	0.0186093	0.081997	0.173931	0.265559	0.325906	0.343587	0.330803	0.285188	0.197209	0.0804484	-0.043863	-0.173649	-0.31136	
0.663123	0.661046	0.626573	0.564594	0.482774	0.378468	0.265236	0.147076	0.0458228	-0.0200248	-0.040829	-0.0235228	0.0227433	0.0921582	0.178829	0.260483	0.317595	0.345647	0.348984	0.317156	0.239595	0.128697	0.00660863	-0.117856	-0.249598	
0.569517	0.555965	0.519874	0.470176	0.406319	0.31909	0.218008	0.109137	0.0155442	-0.0361677	-0.0432387	-0.0159201	0.0335683	0.0969242	0.171861	0.238462	0.289302	0.323351	0.338691	0.32293	0.265482	0.169402	0.0579696	-0.0587893	-0.179351	
0.473227	0.459143	0.434233	0.394275	0.345241	0.276343	0.193259	0.101786	0.0250756	-0.0146706	-0.013537	0.013481	0.0530872	0.100237	0.155479	0.204532	0.246737	0.278697	0.294309	0.287627	0.254681	0.189133	0.0992719	0.00107766	-0.103926	
0.387806	0.378489	0.362524	0.33537	0.297852	0.244267	0.186434	0.126302	0.077261	0.0546245	0.0564071	0.070983	0.0911366	0.114829	0.141388	0.165449	0.190371	0.209683	0.214024	0.207161	0.198434	0.172025	0.120857	0.0524044	-0.0258596	
0.322442	0.307826	0.298912	0.285204	0.264472	0.23395	0.200012	0.172122	0.153454	0.145608	0.142252	0.135755	0.131208	0.130579	0.128799	0.122999	0.124927	0.128083	0.120414	0.114339	0.125918	0.138624	0.130882	0.102328	0.0594472	
0.269746	0.249453	0.247854	0.252455	0.259519	0.259462	0.25107	0.242779	0.239759	0.236981	0.222473	0.193582	0.163202	0.139625	0.113041	0.0806867	0.0602854	0.0519735	0.0415139	0.0441584	0.0729446	0.113664	0.141681	0.153965	0.151643	
0.215437	0.207342	0.219434	0.248527	0.284436	0.318506	0.338962	0.344999	0.34263	0.331441	0.301477	0.252327	0.199466	0.152959	0.101233	0.0465465	0.0103721	-0.00506356	-0.00789748	0.00730623	0.048038	0.104036	0.15361	0.202038	0.242886	
0.168825	0.181503	0.222353	0.276122	0.338403	0.401146	0.446426	0.468037	0.464551	0.434909	0.382412	0.313475	0.240071	0.169661	0.0925998	0.0179107	-0.0282016	-0.0392583	-0.0314064	0.000591702	0.0507474	0.114852	0.182557	0.258416	0.341112	
