1.318e-58	9.59026e-61	6.5502e-63	4.20064e-65	2.53109e-67	2.2853e-68	3.68706e-66	5.95871e-64	9.04086e-62	1.28751e-59	1.72046e-57	2.15634e-55	2.53376e-53	2.78964e-51	2.876e-49	2.77442e-47	2.50231e-45	2.10815e-43	1.65735e-41	1.21448e-39	8.28504e-38	5.25463e-36	3.09378e-34	1.68823e-32	8.52319e-31	
2.47684e-60	1.73431e-62	1.13958e-64	7.02843e-67	4.07113e-69	3.43168e-70	5.75608e-68	9.68618e-66	1.5297e-63	2.26679e-61	3.15106e-59	4.10766e-57	5.01931e-55	5.74626e-53	6.15975e-51	6.17854e-49	5.79455e-47	5.07682e-45	4.15131e-43	3.16474e-41	2.24668e-39	1.48331e-37	9.09489e-36	5.17085e-34	2.72138e-32	
4.22027e-62	2.84276e-64	1.79634e-66	1.06503e-68	5.92747e-71	4.66888e-72	8.14618e-70	1.42799e-67	2.34825e-65	3.62207e-63	5.23934e-61	7.10525e-59	9.03037e-57	1.07513e-54	1.19842e-52	1.24993e-50	1.21891e-48	1.11052e-46	9.44377e-45	7.48854e-43	5.53088e-41	3.80016e-39	2.42566e-37	1.43626e-35	7.87594e-34	
6.53753e-64	4.23471e-66	2.57225e-68	1.46534e-70	7.83181e-73	5.76943e-74	1.04776e-71	1.91424e-69	3.27922e-67	5.26692e-65	7.93036e-63	1.11913e-60	1.47972e-58	1.83242e-56	2.12422e-54	2.30386e-52	2.33619e-50	2.21323e-48	1.95722e-46	1.61411e-44	1.24006e-42	8.86462e-41	5.8887e-39	3.62995e-37	2.07312e-35	
9.22903e-66	5.74635e-68	3.35363e-70	1.83467e-72	9.41112e-75	6.48909e-76	1.22743e-73	2.33849e-71	4.17523e-69	6.98601e-67	1.09533e-64	1.60901e-62	2.21387e-60	2.85219e-58	3.43915e-56	3.87921e-54	4.09062e-52	4.02978e-50	3.70572e-48	3.17811e-46	2.5394e-44	1.88831e-42	1.30513e-40	8.37295e-39	4.97844e-37	
1.18982e-67	7.11768e-70	3.98901e-72	2.09444e-74	1.03044e-76	6.65485e-78	1.31208e-75	2.60842e-73	4.85662e-71	8.46953e-69	1.38339e-66	2.11615e-64	3.0309e-62	4.06349e-60	5.09757e-58	5.98082e-56	6.55917e-54	6.71959e-52	6.42565e-50	5.7306e-48	4.76185e-46	3.68281e-44	2.64786e-42	1.76746e-40	1.09375e-38	
1.40344e-69	8.06199e-72	4.33628e-74	2.18371e-76	1.0297e-78	6.23224e-80	1.28185e-77	2.66091e-75	5.16973e-73	9.4018e-71	1.60059e-68	2.55068e-66	3.80431e-64	5.30935e-62	6.93125e-60	8.46072e-58	9.6518e-56	1.02838e-53	1.02267e-51	9.48438e-50	8.19557e-48	6.59179e-46	4.92933e-44	3.42284e-42	2.2039e-40	
1.51701e-71	8.36324e-74	4.31434e-76	2.08235e-78	9.4034e-81	5.33616e-82	1.14601e-79	2.48594e-77	5.04323e-75	9.57057e-73	1.69914e-70	2.82223e-68	4.38523e-66	6.3732e-64	8.66108e-62	1.10022e-59	1.30582e-57	1.44726e-55	1.49688e-53	1.44369e-51	1.2973e-49	1.08509e-47	8.43874e-46	6.09468e-44	4.0823e-42	
1.50475e-73	7.95626e-76	3.93371e-78	1.81827e-80	7.85644e-83	4.18125e-84	9.38576e-82	2.12935e-79	4.51416e-77	8.94521e-75	1.65719e-72	2.87052e-70	4.64894e-68	7.03889e-66	9.96146e-64	1.31728e-61	1.62705e-59	1.87617e-57	2.01853e-55	2.02481e-53	1.89222e-51	1.64588e-49	1.33111e-47	9.99811e-46	6.96549e-44	
1.3713e-75	6.94902e-78	3.29024e-80	1.4552e-82	6.01049e-85	3.00044e-86	7.04739e-84	1.67373e-81	3.71104e-79	7.68466e-77	1.4866e-74	2.68706e-72	4.53838e-70	7.16221e-68	1.05598e-65	1.45418e-63	1.86979e-61	2.24381e-59	2.51166e-57	2.62083e-55	2.54736e-53	2.3043e-51	1.93803e-49	1.51382e-47	1.09684e-45	
1.14925e-77	5.5771e-80	2.52665e-82	1.06822e-84	4.21321e-87	1.97275e-88	4.85418e-86	1.2081e-83	2.8041e-81	6.07303e-79	1.22771e-76	2.31723e-74	4.08403e-72	6.72154e-70	1.03294e-67	1.48195e-65	1.98436e-63	2.47895e-61	2.8878e-59	3.13517e-57	3.16988e-55	2.98236e-53	2.6086e-51	2.11899e-49	1.59664e-47	
8.86431e-80	4.11591e-82	1.78246e-84	7.19618e-87	2.70717e-89	1.18869e-90	3.06822e-88	8.01108e-86	1.94856e-83	4.41786e-81	9.34082e-79	1.84239e-76	3.39075e-74	5.82339e-72	9.33296e-70	1.39566e-67	1.94697e-65	2.53293e-63	3.07172e-61	3.47058e-59	3.65092e-57	3.57316e-55	3.25065e-53	2.74611e-51	2.15181e-49	
6.29621e-82	2.79456e-84	1.15565e-86	4.45015e-89	1.59477e-91	6.56413e-93	1.77989e-90	4.8816e-88	1.24568e-85	2.95963e-83	6.55087e-81	1.3514e-78	2.59909e-76	4.6612e-74	7.7955e-72	1.21574e-69	1.76778e-67	2.39601e-65	3.02596e-63	3.55913e-61	3.89649e-59	3.96775e-57	3.75488e-55	3.29925e-53	2.68862e-51	
4.11996e-84	1.74616e-86	6.88746e-89	2.5265e-91	8.61282e-94	3.32118e-95	9.47545e-93	2.73356e-90	7.32721e-88	1.82639e-85	4.23632e-83	9.14878e-81	1.84031e-78	3.44901e-76	6.02336e-74	9.8026e-72	1.48651e-69	2.10008e-67	2.76318e-65	3.38461e-63	3.85745e-61	4.0879e-59	4.02507e-57	3.67897e-55	3.11825e-53	
2.48417e-86	1.00422e-88	3.77324e-91	1.31668e-93	4.26324e-96	1.53888e-97	4.62767e-95	1.40642e-92	3.96539e-90	1.03826e-87	2.52656e-85	5.71794e-83	1.20409e-80	2.36022e-78	4.30751e-76	7.3203e-74	1.15841e-71	1.70675e-69	2.34074e-67	2.98712e-65	3.54538e-63	3.91134e-61	4.00801e-59	3.81156e-57	3.36064e-55	
1.38026e-88	5.31514e-91	1.89977e-93	6.29656e-96	1.93312e-98	6.52517e-100	2.07222e-97	6.6457e-95	1.97395e-92	5.43653e-90	1.38967e-87	3.29951e-85	7.28129e-83	1.49416e-80	2.85207e-78	5.06516e-76	8.37003e-74	1.2869e-71	1.84064e-69	2.44837e-67	3.02753e-65	3.47833e-63	3.71053e-61	3.67231e-59	3.36882e-57	
7.06578e-91	2.58831e-93	8.78692e-96	2.76144e-98	8.02359e-101	2.52933e-102	8.50088e-100	2.88227e-97	9.03412e-95	2.62118e-92	7.04778e-90	1.75776e-87	4.06955e-85	8.7513e-83	1.74877e-80	3.24832e-78	5.60948e-76	9.00619e-74	1.34423e-71	1.86477e-69	2.40351e-67	2.87693e-65	3.19605e-63	3.29291e-61	3.14374e-59	
3.33143e-93	1.1591e-95	3.73109e-98	1.10972e-100	3.0452e-103	8.95098e-105	3.19135e-102	1.14633e-99	3.79865e-97	1.16304e-94	3.29441e-92	8.64275e-90	2.10189e-87	4.74204e-85	9.93036e-83	1.93102e-80	3.48775e-78	5.85186e-76	9.12073e-74	1.32035e-71	1.77481e-69	2.21434e-67	2.56289e-65	2.74988e-63	2.733e-61	
1.44588e-95	4.76995e-98	1.45314e-100	4.08185e-103	1.0554e-105	2.88711e-107	1.09487e-104	4.17611e-102	1.46608e-99	4.7456e-97	1.41851e-94	3.92042e-92	1.0029e-89	2.37675e-87	5.22173e-85	1.06409e-82	2.01201e-80	3.53081e-78	5.75097e-76	8.69368e-74	1.21948e-71	1.58675e-69	1.91426e-67	2.13985e-65	2.21476e-63	
5.772e-98	1.80212e-100	5.18499e-103	1.37232e-105	3.33457e-108	8.47029e-110	3.42676e-107	1.39152e-104	5.18739e-102	1.7789e-99	5.62158e-97	1.63952e-94	4.41846e-92	1.10145e-89	2.54195e-87	5.43451e-85	1.07685e-82	1.97832e-80	3.37021e-78	5.32415e-76	7.79873e-74	1.05893e-71	1.33229e-69	1.55234e-67	1.67389e-65	
2.11728e-100	6.24315e-103	1.69249e-105	4.20979e-108	9.58512e-111	2.25477e-112	9.764e-110	4.23349e-107	1.68018e-104	6.1183e-102	2.04836e-99	6.3159e-97	1.79617e-94	4.71705e-92	1.14509e-89	2.57161e-87	5.34604e-85	1.02923e-82	1.83557e-80	3.03289e-78	4.6426e-76	6.5827e-74	8.64258e-72	1.0502e-69	1.18036e-67	
7.1275e-103	1.98025e-105	5.04507e-108	1.17587e-110	2.50041e-113	5.42983e-115	2.5264e-112	1.17346e-109	4.97266e-107	1.92781e-104	6.85353e-102	2.23878e-99	6.73119e-97	1.86541e-94	4.77061e-92	1.12696e-89	2.46097e-87	4.9707e-85	9.28999e-83	1.60693e-80	2.57273e-78	3.81212e-76	5.22644e-74	6.62733e-72	7.7682e-70	
2.19854e-105	5.7404e-108	1.37039e-110	2.983e-113	5.90186e-116	1.17871e-117	5.91831e-115	2.95588e-112	1.34185e-109	5.55448e-107	2.1023e-104	7.29232e-102	2.32282e-99	6.80562e-97	1.83665e-94	4.57076e-92	1.04992e-89	2.22761e-87	4.36784e-85	7.91752e-83	1.32703e-80	2.05658e-78	2.94653e-76	3.90159e-74	4.77227e-72	
6.20237e-108	1.51747e-110	3.38329e-113	6.85224e-116	1.25598e-118	2.29674e-120	1.2507e-117	6.74577e-115	3.29285e-112	1.46019e-109	5.90098e-107	2.17919e-104	7.3709e-102	2.28793e-99	6.52784e-97	1.71432e-94	4.14845e-92	9.25844e-90	1.90694e-87	3.62651e-85	6.3697e-83	1.03342e-80	1.54858e-78	2.14284e-76	2.73695e-74	
1.59678e-110	3.64858e-113	7.5688e-116	1.42015e-118	2.39959e-121	3.99649e-123	2.37413e-120	1.38971e-117	7.32579e-115	3.49313e-112	1.51226e-109	5.96298e-107	2.14728e-104	7.07758e-102	2.13935e-99	5.9398e-97	1.51679e-94	3.5662e-92	7.72631e-90	1.54345e-87	2.84415e-85	4.83557e-83	7.58571e-81	1.09784e-78	1.46535e-76	
3.74152e-113	7.95447e-116	1.52872e-118	2.64418e-121	4.09478e-124	6.17193e-126	4.02727e-123	2.57328e-120	1.47217e-117	7.58067e-115	3.52894e-112	1.49066e-109	5.73149e-107	2.01124e-104	6.45559e-102	1.89887e-99	5.12646e-97	1.27191e-94	2.90301e-92	6.10011e-90	1.18077e-87	2.10614e-85	3.46235e-83	5.2457e-81	7.32303e-79	
7.95447e-116	1.56671e-118	2.77562e-121	4.40009e-124	6.20255e-127	8.39567e-129	6.06696e-126	4.26054e-123	2.66068e-120	1.48691e-117	7.47497e-115	3.39521e-112	1.39847e-109	5.23981e-107	1.79055e-104	5.59268e-102	1.5996e-99	4.19582e-97	1.01057e-94	2.23708e-92	4.55486e-90	8.53421e-88	1.47188e-85	2.33689e-83	3.41517e-81	
1.52872e-118	2.77562e-121	4.50682e-124	6.50342e-127	8.277e-130	9.96613e-132	8.05546e-129	6.26822e-126	4.30219e-123	2.62444e-120	1.43188e-117	7.02348e-115	3.11074e-112	1.24859e-109	4.55572e-107	1.51492e-104	4.60102e-102	1.27858e-99	3.25571e-97	7.60529e-95	1.6313e-92	3.21503e-90	5.82452e-88	9.70173e-86	1.48578e-83	
2.64418e-121	4.40009e-124	6.50342e-127	8.47299e-130	9.64009e-133	1.02032e-134	9.339e-132	8.13243e-129	6.18481e-126	4.1466e-123	2.46954e-120	1.31464e-117	6.28789e-115	2.71385e-112	1.06076e-109	3.7663e-107	1.21781e-104	3.59356e-102	9.69414e-100	2.39412e-97	5.41898e-95	1.1251e-92	2.14402e-90	3.75129e-88	6.02705e-86	
4.09478e-124	6.20255e-127	8.277e-130	9.64009e-133	9.68491e-136	8.87574e-138	9.34532e-135	9.22004e-132	7.8473e-129	5.82991e-126	3.81609e-123	2.21757e-120	1.15116e-117	5.36563e-115	2.25523e-112	8.57825e-110	2.9617e-107	9.30464e-105	2.66545e-102	6.97408e-100	1.66893e-97	3.65662e-95	7.34094e-93	1.35107e-90	2.2802e-88	
6.17193e-126	8.39567e-129	9.96613e-132	1.02032e-134	8.87574e-138	2.3037e-138	2.65807e-135	2.61266e-132	2.2147e-129	1.63817e-126	1.06726e-123	6.1706e-121	3.18576e-118	1.47622e-115	6.1657e-113	2.32943e-110	7.98435e-108	2.48896e-105	7.07076e-103	1.83358e-100	4.34605e-98	9.42507e-96	1.87149e-93	3.40416e-91	5.67341e-89	
4.02727e-123	6.06696e-126	8.05546e-129	9.339e-132	9.34532e-135	2.65807e-135	2.66405e-132	2.3108e-129	1.74998e-126	1.16793e-123	6.92167e-121	3.66528e-118	1.74318e-115	7.47787e-113	2.90382e-110	1.02381e-107	3.28562e-105	9.61753e-103	2.57216e-100	6.29387e-98	1.41055e-95	2.89772e-93	5.45957e-91	9.43685e-89	1.49656e-86	
2.57328e-120	4.26054e-123	6.26822e-126	8.13243e-129	9.22004e-132	2.61266e-132	2.3108e-129	1.79154e-126	1.22476e-123	7.43934e-121	4.04009e-118	1.97182e-115	8.6864e-113	3.46641e-110	1.25692e-107	4.15175e-105	1.2519e-102	3.45213e-100	8.71772e-98	2.01841e-95	4.28826e-93	8.36542e-91	1.49898e-88	2.46759e-86	3.73162e-84	
1.47217e-117	2.66068e-120	4.30219e-123	6.18481e-126	7.8473e-129	2.2147e-129	1.74998e-126	1.22476e-123	7.6203e-121	4.24151e-118	2.12303e-115	9.59776e-113	3.93321e-110	1.46563e-107	4.97878e-105	1.5452e-102	4.38929e-100	1.14286e-97	2.73081e-95	5.99374e-93	1.20922e-90	2.24345e-88	3.82851e-86	6.00982e-84	8.67637e-82	
7.58067e-115	1.48691e-117	2.62444e-120	4.1466e-123	5.82991e-126	1.63817e-126	1.16793e-123	7.43934e-121	4.24151e-118	2.17595e-115	1.00884e-112	4.24266e-110	1.6235e-107	5.66759e-105	1.809e-102	5.28895e-100	1.41859e-97	3.49492e-95	7.91656e-93	1.64997e-90	3.16582e-88	5.59369e-86	9.10255e-84	1.36409e-81	1.88201e-79	
3.52894e-112	7.47497e-115	1.43188e-117	2.46954e-120	3.81609e-123	1.06726e-123	6.92167e-121	4.04009e-118	2.12303e-115	1.00884e-112	4.35109e-110	1.70864e-107	6.12539e-105	2.00919e-102	6.04126e-100	1.66777e-97	4.2326e-95	9.88519e-93	2.12626e-90	4.2146e-88	7.70134e-86	1.29756e-83	2.01576e-81	2.8868e-79	3.80979e-77	
1.49066e-109	3.39521e-112	7.02348e-115	1.31464e-117	2.21757e-120	6.1706e-121	3.66528e-118	1.97182e-115	9.59776e-113	4.24266e-110	1.70864e-107	6.28599e-105	2.11736e-102	6.5426e-100	1.85753e-97	4.85206e-95	1.16733e-92	2.58882e-90	5.2958e-88	9.99702e-86	1.74192e-83	2.80176e-81	4.15945e-79	5.69795e-77	7.19912e-75	
5.73149e-107	1.39847e-109	3.11074e-112	6.28789e-115	1.15116e-117	3.18576e-118	1.74318e-115	8.6864e-113	3.93321e-110	1.6235e-107	6.12539e-105	2.11736e-102	6.7187e-100	1.96027e-97	5.26603e-95	1.30398e-92	2.97898e-90	6.2831e-88	1.22406e-85	2.20336e-83	3.66507e-81	5.63351e-79	7.99991e-77	1.04916e-74	1.27002e-72	
2.01124e-104	5.23981e-107	1.24859e-109	2.71385e-112	5.36563e-115	1.47622e-115	7.47787e-113	3.46641e-110	1.46563e-107	5.66759e-105	2.00919e-102	6.5426e-100	1.96027e-97	5.41165e-95	1.37813e-92	3.24048e-90	7.04048e-88	1.41418e-85	2.6271e-83	4.5144e-81	7.17609e-79	1.05508e-76	1.43437e-74	1.80228e-72	2.09171e-70	
6.45559e-102	1.79055e-104	4.55572e-107	1.06076e-109	2.25523e-112	6.1657e-113	2.90382e-110	1.25692e-107	4.97878e-105	1.809e-102	6.04126e-100	1.85753e-97	5.26603e-95	1.37813e-92	3.3326e-90	7.45241e-88	1.54201e-85	2.95347e-83	5.23772e-81	8.60111e-79	1.3078e-76	1.84079e-74	2.39764e-72	2.88836e-70	3.21597e-68	
1.89887e-99	5.59268e-102	1.51492e-104	3.7663e-107	8.57825e-110	2.32943e-110	1.02381e-107	4.15175e-105	1.5452e-102	5.28895e-100	1.66777e-97	4.85206e-95	1.30398e-92	3.24048e-90	7.45241e-88	1.58711e-85	3.1314e-83	5.72563e-81	9.70334e-79	1.52416e-76	2.21861e-74	2.9919e-72	3.73621e-70	4.31794e-68	4.61486e-66	
5.12646e-97	1.5996e-99	4.60102e-102	1.21781e-104	2.9617e-107	7.98435e-108	3.28562e-105	1.2519e-102	4.38929e-100	1.41859e-97	4.2326e-95	1.16733e-92	2.97898e-90	7.04048e-88	1.54201e-85	3.1314e-83	5.89806e-81	1.03058e-78	1.67061e-76	2.51217e-74	3.50349e-72	4.52969e-70	5.4266e-68	6.01993e-66	6.17886e-64	
1.27191e-94	4.19582e-97	1.27858e-99	3.59356e-102	9.30464e-105	2.48896e-105	9.61753e-103	3.45213e-100	1.14286e-97	3.49492e-95	9.88519e-93	2.58882e-90	6.2831e-88	1.41418e-85	2.95347e-83	5.72563e-81	1.03058e-78	1.72245e-76	2.67305e-74	3.85106e-72	5.14913e-70	6.38668e-68	7.3443e-66	7.82432e-64	7.71592e-62	
2.90301e-92	1.01057e-94	3.25571e-97	9.69414e-100	2.66545e-102	7.07076e-103	2.57216e-100	8.71772e-98	2.73081e-95	7.91656e-93	2.12626e-90	5.2958e-88	1.22406e-85	2.6271e-83	5.23772e-81	9.70334e-79	1.67061e-76	2.67305e-74	3.97433e-72	5.48958e-70	7.04149e-68	8.38341e-66	9.25821e-64	9.47644e-62	8.98203e-60	
6.10011e-90	2.23708e-92	7.60529e-95	2.39412e-97	6.97408e-100	1.83358e-100	6.29387e-98	2.01841e-95	5.99374e-93	1.64997e-90	4.2146e-88	9.99702e-86	2.20336e-83	4.5144e-81	8.60111e-79	1.52416e-76	2.51217e-74	3.85106e-72	5.48958e-70	7.2742e-68	8.95624e-66	1.02403e-63	1.08652e-61	1.06891e-59	9.74091e-58	
1.18077e-87	4.55486e-90	1.6313e-92	5.41898e-95	1.66893e-97	4.34605e-98	1.41055e-95	4.28826e-93	1.20922e-90	3.16582e-88	7.70134e-86	1.74192e-83	3.66507e-81	7.17609e-79	1.3078e-76	2.21861e-74	3.50349e-72	5.14913e-70	7.04149e-68	8.95624e-66	1.059e-63	1.16332e-61	1.18635e-59	1.12213e-57	9.83437e-56	
2.10614e-85	8.53421e-88	3.21503e-90	1.1251e-92	3.65662e-95	9.42507e-96	2.89772e-93	8.36542e-91	2.24345e-88	5.59369e-86	1.29756e-83	2.80176e-81	5.63351e-79	1.05508e-76	1.84079e-74	2.9919e-72	4.52969e-70	6.38668e-68	8.38341e-66	1.02403e-63	1.16332e-61	1.22826e-59	1.20428e-57	1.09547e-55	9.23525e-54	
3.46235e-83	1.47188e-85	5.82452e-88	2.14402e-90	7.34094e-93	1.87149e-93	5.45957e-91	1.49898e-88	3.82851e-86	9.10255e-84	2.01576e-81	4.15945e-79	7.99991e-77	1.43437e-74	2.39764e-72	3.73621e-70	5.4266e-68	7.3443e-66	9.25821e-64	1.08652e-61	1.18635e-59	1.20428e-57	1.13555e-55	9.93629e-54	8.0591e-52	
5.2457e-81	2.33689e-83	9.70173e-86	3.75129e-88	1.35107e-90	3.40416e-91	9.43685e-89	2.46759e-86	6.00982e-84	1.36409e-81	2.8868e-79	5.69795e-77	1.04916e-74	1.80228e-72	2.88836e-70	4.31794e-68	6.01993e-66	7.82432e-64	9.47644e-62	1.06891e-59	1.12213e-57	1.09547e-55	9.93629e-54	8.36481e-52	6.52811e-50	
7.32303e-79	3.41517e-81	1.48578e-83	6.02705e-86	2.2802e-88	5.67341e-89	1.49656e-86	3.73162e-84	8.67637e-82	1.88201e-79	3.80979e-77	7.19912e-75	1.27002e-72	2.09171e-70	3.21597e-68	4.61486e-66	6.17886e-64	7.71592e-62	8.98203e-60	9.74091e-58	9.83437e-56	9.23525e-54	8.0591e-52	6.52811e-50	4.90251e-48	
