-0.183216	-0.107262	-0.0327962	0.0286333	0.0616102	0.066251	0.0455536	-0.00566669	-0.0768123	-0.152828	-0.228306	-0.308854	-0.398843	-0.491411	-0.574256	-0.634917	-0.648015	-0.591126	-0.474086	-0.325374	-0.162526	-0.00224427	0.13638	0.246908	0.344688	
-0.365403	-0.263269	-0.162933	-0.0812217	-0.0323758	-0.0232697	-0.0573783	-0.126687	-0.22235	-0.32476	-0.427519	-0.543901	-0.660873	-0.761538	-0.842934	-0.895338	-0.893667	-0.82855	-0.702816	-0.543484	-0.369554	-0.194968	-0.0454336	0.0744081	0.177731	
-0.535347	-0.414026	-0.292094	-0.190657	-0.127229	-0.114064	-0.160054	-0.247932	-0.364647	-0.487143	-0.607474	-0.743952	-0.878352	-0.984211	-1.05785	-1.09733	-1.08575	-1.01391	-0.892701	-0.735485	-0.553754	-0.37791	-0.229241	-0.100487	0.0080944	
-0.655312	-0.520605	-0.390389	-0.280206	-0.209117	-0.196205	-0.245553	-0.342653	-0.467943	-0.601494	-0.736043	-0.879316	-1.0178	-1.12951	-1.20204	-1.23069	-1.21569	-1.14565	-1.02928	-0.879984	-0.702302	-0.533563	-0.393817	-0.265436	-0.152325	
-0.700053	-0.556606	-0.421766	-0.314534	-0.251584	-0.240074	-0.284273	-0.373415	-0.501749	-0.642252	-0.787118	-0.93667	-1.07641	-1.19256	-1.26762	-1.29193	-1.26955	-1.20317	-1.09355	-0.957298	-0.799503	-0.641989	-0.512632	-0.398669	-0.291546	
-0.67116	-0.516139	-0.378664	-0.279957	-0.223185	-0.212944	-0.252769	-0.333718	-0.458217	-0.608377	-0.763507	-0.920336	-1.064	-1.1799	-1.25681	-1.27691	-1.24674	-1.18413	-1.08367	-0.962262	-0.829329	-0.696832	-0.580673	-0.478515	-0.38693	
-0.58119	-0.413547	-0.27116	-0.175907	-0.12315	-0.112999	-0.150494	-0.227003	-0.351683	-0.512429	-0.684982	-0.851895	-0.999138	-1.11413	-1.18607	-1.20039	-1.16807	-1.10709	-1.01223	-0.904146	-0.793374	-0.685861	-0.584927	-0.499364	-0.429548	
-0.457109	-0.284251	-0.141595	-0.0401394	0.0169741	0.0283926	-0.0127668	-0.0954199	-0.222532	-0.38594	-0.566585	-0.74567	-0.903679	-1.02109	-1.07993	-1.08927	-1.04784	-0.973314	-0.876281	-0.777352	-0.682261	-0.597609	-0.521984	-0.460733	-0.419679	
-0.330007	-0.152868	-0.0126928	0.0928883	0.15744	0.169645	0.124218	0.0336495	-0.0922616	-0.255687	-0.445293	-0.631195	-0.792448	-0.908929	-0.95663	-0.94665	-0.889658	-0.801595	-0.695259	-0.591978	-0.504793	-0.443928	-0.398462	-0.372752	-0.3645	
-0.225886	-0.0505555	0.0957361	0.2168	0.292928	0.305598	0.254125	0.148341	0.0109106	-0.152996	-0.34041	-0.525024	-0.67773	-0.783179	-0.817669	-0.787806	-0.711642	-0.606159	-0.489186	-0.388318	-0.316348	-0.27262	-0.256671	-0.267755	-0.292163	
-0.167028	0.0130579	0.173882	0.309793	0.398112	0.413674	0.352625	0.232192	0.0796981	-0.0934178	-0.277553	-0.443897	-0.568736	-0.646052	-0.661649	-0.610924	-0.515179	-0.398541	-0.282352	-0.18858	-0.131085	-0.114649	-0.132206	-0.172564	-0.223499	
-0.143155	0.0379307	0.208904	0.351404	0.443309	0.461586	0.394699	0.27073	0.108723	-0.0709388	-0.246296	-0.389051	-0.482742	-0.524271	-0.510026	-0.436813	-0.318691	-0.190279	-0.0782252	0.000531576	0.0355247	0.0221121	-0.0272172	-0.0903696	-0.162205	
-0.145835	0.03306	0.20171	0.333515	0.424213	0.441669	0.376155	0.258721	0.104543	-0.0763578	-0.239342	-0.357912	-0.423292	-0.42988	-0.382833	-0.278788	-0.142253	-0.00485545	0.104754	0.173474	0.183081	0.143414	0.0723148	-0.0150264	-0.107288	
-0.160848	0.0019273	0.163313	0.29276	0.376404	0.391354	0.332511	0.219739	0.0681379	-0.0974365	-0.245038	-0.343845	-0.381951	-0.357829	-0.277382	-0.14646	0.0047322	0.138669	0.240387	0.296665	0.296103	0.249041	0.161811	0.0507199	-0.0663228	
-0.175495	-0.0233215	0.127283	0.256133	0.336631	0.349272	0.296333	0.182631	0.0380442	-0.116362	-0.253459	-0.33255	-0.347704	-0.301097	-0.192309	-0.0431598	0.103798	0.226599	0.316575	0.363176	0.361917	0.31373	0.220427	0.0925973	-0.0547146	
-0.172702	-0.038403	0.100835	0.225272	0.302849	0.315754	0.263878	0.153884	0.0178886	-0.121269	-0.238221	-0.294726	-0.298271	-0.241238	-0.122575	0.0249561	0.162965	0.274907	0.35421	0.391148	0.38325	0.333742	0.239609	0.0883617	-0.0869262	
-0.136677	-0.022904	0.0981289	0.209989	0.281054	0.295396	0.244715	0.145212	0.0259582	-0.0942871	-0.186345	-0.224903	-0.217382	-0.162612	-0.0606334	0.0571204	0.173829	0.270532	0.340693	0.375012	0.358463	0.304351	0.19824	0.0333637	-0.160903	
-0.0697253	0.0173542	0.115857	0.21047	0.272092	0.28315	0.240314	0.155566	0.0567388	-0.0383246	-0.104751	-0.125238	-0.106852	-0.062339	0.00452223	0.0806551	0.156304	0.224279	0.284248	0.315337	0.289474	0.222357	0.106302	-0.0640485	-0.266136	
0.0103804	0.0657402	0.136762	0.209183	0.264678	0.272907	0.23633	0.165177	0.0942244	0.0290379	-0.00685835	-0.00555317	0.0180168	0.0481082	0.0744037	0.10302	0.131142	0.169008	0.204388	0.218547	0.183695	0.105101	-0.0199873	-0.191575	-0.388306	
0.0982959	0.12275	0.157322	0.196539	0.233975	0.241809	0.213343	0.171717	0.136291	0.105795	0.0955168	0.110326	0.130452	0.144281	0.142008	0.130841	0.11616	0.112344	0.108271	0.0965179	0.0495739	-0.0409974	-0.165992	-0.323583	-0.500933	
0.176637	0.165507	0.159932	0.169221	0.182113	0.186267	0.173626	0.163073	0.161348	0.172505	0.184072	0.204608	0.221065	0.21753	0.191516	0.154072	0.108922	0.0540562	0.00515624	-0.0428764	-0.103457	-0.189115	-0.298097	-0.429734	-0.583261	
0.203276	0.163586	0.124019	0.101143	0.0922909	0.0919728	0.0958405	0.113197	0.146319	0.188133	0.224416	0.257614	0.276444	0.266478	0.231209	0.173882	0.0952446	-0.000367414	-0.0917487	-0.171743	-0.239499	-0.303986	-0.381359	-0.478282	-0.603982	
0.163668	0.0905671	0.0236759	-0.0287944	-0.0588384	-0.0642831	-0.0437825	5.92432e-05	0.0624435	0.134681	0.204118	0.259108	0.288008	0.286896	0.247312	0.174314	0.076459	-0.042211	-0.161008	-0.254366	-0.317243	-0.362551	-0.408821	-0.474154	-0.561681	
0.0536825	-0.0534753	-0.153839	-0.236501	-0.287286	-0.296114	-0.260788	-0.190471	-0.0943993	0.010034	0.118593	0.207214	0.262838	0.276457	0.240178	0.160276	0.0500578	-0.0730546	-0.188193	-0.275334	-0.332539	-0.359088	-0.37983	-0.413693	-0.469022	
-0.116178	-0.275588	-0.41172	-0.516568	-0.583619	-0.597214	-0.548353	-0.457822	-0.333061	-0.181944	-0.0190193	0.11567	0.206306	0.241951	0.216566	0.139927	0.0347515	-0.0766447	-0.174874	-0.248902	-0.287837	-0.293271	-0.290637	-0.299679	-0.329872	
-0.330344	-0.544742	-0.724904	-0.861298	-0.945552	-0.960883	-0.901158	-0.785561	-0.621811	-0.418252	-0.198515	-0.00796866	0.127597	0.195987	0.194835	0.133404	0.0451036	-0.0387903	-0.11252	-0.163458	-0.177294	-0.16731	-0.151816	-0.141272	-0.154187	
-0.544742	-0.823485	-1.05817	-1.23254	-1.33868	-1.35563	-1.28537	-1.13445	-0.925065	-0.657827	-0.379319	-0.134334	0.0420754	0.142633	0.172608	0.143009	0.0880569	0.0361927	-0.00901813	-0.0366925	-0.0318101	-0.00930565	0.022271	0.0390056	0.0278746	
-0.724904	-1.05817	-1.35125	-1.57481	-1.7083	-1.7311	-1.64014	-1.44963	-1.18323	-0.858938	-0.532469	-0.248315	-0.0378196	0.092861	0.151599	0.161569	0.144821	0.124405	0.103749	0.0961981	0.114947	0.14805	0.188022	0.210894	0.19339	
-0.861298	-1.23254	-1.57481	-1.84487	-2.0071	-2.03635	-1.92413	-1.69378	-1.37538	-1.00982	-0.647499	-0.340467	-0.102652	0.0579883	0.147634	0.189018	0.20511	0.211371	0.208998	0.216791	0.242917	0.278047	0.316959	0.349957	0.333558	
-0.945552	-1.33868	-1.7083	-2.0071	-2.18634	-2.21822	-2.09508	-1.83932	-1.4918	-1.10236	-0.72105	-0.397961	-0.141116	0.0409083	0.151492	0.216342	0.255469	0.270103	0.276605	0.292227	0.322277	0.359329	0.4054	0.442102	0.424634	
-0.960883	-1.35563	-1.7311	-2.03635	-2.21822	-2.24914	-2.12654	-1.8649	-1.51082	-1.1184	-0.735741	-0.409072	-0.147929	0.0377659	0.154362	0.222701	0.263486	0.279842	0.290026	0.305992	0.334397	0.373505	0.422123	0.46085	0.441871	
-0.901158	-1.28537	-1.64014	-1.92413	-2.09508	-2.12654	-2.00783	-1.7647	-1.43325	-1.05425	-0.682273	-0.367406	-0.121973	0.0492688	0.147636	0.200766	0.229357	0.239987	0.241912	0.253553	0.282943	0.317325	0.35877	0.393082	0.377253	
-0.785561	-1.13445	-1.44963	-1.69378	-1.83932	-1.8649	-1.7647	-1.55739	-1.26729	-0.92553	-0.58311	-0.288977	-0.0664706	0.0769239	0.148959	0.17188	0.167949	0.160228	0.148188	0.147532	0.169311	0.204543	0.243713	0.271718	0.253734	
-0.621811	-0.925065	-1.18323	-1.37538	-1.4918	-1.51082	-1.43325	-1.26729	-1.03639	-0.744523	-0.444492	-0.181507	0.00919358	0.120975	0.162809	0.149481	0.110614	0.0716728	0.0362302	0.0170084	0.0275683	0.0550052	0.0923444	0.110802	0.096429	
-0.418252	-0.657827	-0.858938	-1.00982	-1.10236	-1.1184	-1.05425	-0.92553	-0.744523	-0.51591	-0.273176	-0.0596907	0.0934143	0.175235	0.186881	0.136134	0.0590187	-0.012237	-0.0746108	-0.115529	-0.120788	-0.105909	-0.0844032	-0.0701285	-0.0807106	
-0.198515	-0.379319	-0.532469	-0.647499	-0.72105	-0.735741	-0.682273	-0.58311	-0.444492	-0.273176	-0.0870374	0.069092	0.177117	0.224176	0.207652	0.134443	0.0341255	-0.0667487	-0.156105	-0.222294	-0.251455	-0.248723	-0.240732	-0.240812	-0.262434	
-0.00796866	-0.134334	-0.248315	-0.340467	-0.397961	-0.409072	-0.367406	-0.288977	-0.181507	-0.0596907	0.069092	0.175228	0.243851	0.265186	0.23143	0.15207	0.0423193	-0.0785563	-0.188128	-0.270456	-0.321415	-0.340638	-0.350569	-0.374243	-0.419104	
0.127597	0.0420754	-0.0378196	-0.102652	-0.141116	-0.147929	-0.121973	-0.0664706	0.00919358	0.0934143	0.177117	0.243851	0.281864	0.286279	0.248002	0.170139	0.0653083	-0.0567006	-0.176606	-0.269639	-0.331049	-0.368488	-0.404733	-0.457068	-0.530174	
0.195987	0.142633	0.092861	0.0579883	0.0409083	0.0377659	0.0492688	0.0769239	0.120975	0.175235	0.224176	0.265186	0.286279	0.278663	0.239699	0.176332	0.089173	-0.0184343	-0.124254	-0.212377	-0.278545	-0.334516	-0.398741	-0.483352	-0.593633	
0.194835	0.172608	0.151599	0.147634	0.151492	0.154362	0.147636	0.148959	0.162809	0.186881	0.207652	0.23143	0.248002	0.239699	0.209974	0.163024	0.10384	0.0315094	-0.0349753	-0.0971777	-0.163258	-0.24087	-0.338829	-0.455427	-0.599585	
0.133404	0.143009	0.161569	0.189018	0.216342	0.222701	0.200766	0.17188	0.149481	0.136134	0.134443	0.15207	0.170139	0.176332	0.163024	0.140744	0.113983	0.0894367	0.0662204	0.0408297	-0.0106121	-0.102069	-0.221676	-0.371581	-0.540084	
0.0451036	0.0880569	0.144821	0.20511	0.255469	0.263486	0.229357	0.167949	0.110614	0.0590187	0.0341255	0.0423193	0.0653083	0.089173	0.10384	0.113983	0.122729	0.146495	0.168503	0.172429	0.13326	0.049082	-0.0778902	-0.244882	-0.435146	
-0.0387903	0.0361927	0.124405	0.211371	0.270103	0.279842	0.239987	0.160228	0.0716728	-0.012237	-0.0667487	-0.0785563	-0.0567006	-0.0184343	0.0315094	0.0894367	0.146495	0.202725	0.254393	0.280126	0.250716	0.17938	0.0593776	-0.112536	-0.314217	
-0.11252	-0.00901813	0.103749	0.208998	0.276605	0.290026	0.241912	0.148188	0.0362302	-0.0746108	-0.156105	-0.188128	-0.176606	-0.124254	-0.0349753	0.0662204	0.168503	0.254393	0.32175	0.356417	0.335964	0.27681	0.166573	-0.00158144	-0.200148	
-0.163458	-0.0366925	0.0961981	0.216791	0.292227	0.305992	0.253553	0.147532	0.0170084	-0.115529	-0.222294	-0.270456	-0.269639	-0.212377	-0.0971777	0.0408297	0.172429	0.280126	0.356417	0.390714	0.378477	0.328608	0.230697	0.0724947	-0.111278	
-0.177294	-0.0318101	0.114947	0.242917	0.322277	0.334397	0.282943	0.169311	0.0275683	-0.120788	-0.251455	-0.321415	-0.331049	-0.278545	-0.163258	-0.0106121	0.13326	0.250716	0.335964	0.378477	0.376059	0.327281	0.234079	0.0971956	-0.0621661	
-0.16731	-0.00930565	0.14805	0.278047	0.359329	0.373505	0.317325	0.204543	0.0550052	-0.105909	-0.248723	-0.340638	-0.368488	-0.334516	-0.24087	-0.102069	0.049082	0.17938	0.27681	0.328608	0.327281	0.280291	0.189164	0.071749	-0.0575885	
-0.151816	0.022271	0.188022	0.316959	0.4054	0.422123	0.35877	0.243713	0.0923444	-0.0844032	-0.240732	-0.350569	-0.404733	-0.398741	-0.338829	-0.221676	-0.0778902	0.0593776	0.166573	0.230697	0.234079	0.189164	0.110437	0.0126775	-0.088373	
-0.141272	0.0390056	0.210894	0.349957	0.442102	0.46085	0.393082	0.271718	0.110802	-0.0701285	-0.240812	-0.374243	-0.457068	-0.483352	-0.455427	-0.371581	-0.244882	-0.112536	-0.00158144	0.0724947	0.0971956	0.071749	0.0126775	-0.0591408	-0.138773	
-0.154187	0.0278746	0.19339	0.333558	0.424634	0.441871	0.377253	0.253734	0.096429	-0.0807106	-0.262434	-0.419104	-0.530174	-0.593633	-0.599585	-0.540084	-0.435146	-0.314217	-0.200148	-0.111278	-0.0621661	-0.0575885	-0.088373	-0.138773	-0.198354	
