-0.186059	-0.215294	-0.225315	-0.204749	-0.176192	-0.169532	-0.192207	-0.220451	-0.223176	-0.197259	-0.175574	-0.187702	-0.233264	-0.309022	-0.410403	-0.510836	-0.584327	-0.612111	-0.578325	-0.482381	-0.321133	-0.105636	0.122173	0.339012	0.542418	
-0.189077	-0.213842	-0.22529	-0.211722	-0.186789	-0.180536	-0.201354	-0.222953	-0.221237	-0.198447	-0.180525	-0.197867	-0.257176	-0.346655	-0.449394	-0.539489	-0.59847	-0.61162	-0.55694	-0.434748	-0.257517	-0.0385305	0.190312	0.407773	0.604761	
-0.194638	-0.210481	-0.22197	-0.217789	-0.200367	-0.195523	-0.211241	-0.222591	-0.21635	-0.200509	-0.190576	-0.213914	-0.285559	-0.387485	-0.489379	-0.5656	-0.606078	-0.602132	-0.527222	-0.379864	-0.186048	0.038575	0.267716	0.479075	0.667675	
-0.203075	-0.206171	-0.21613	-0.222693	-0.216348	-0.213881	-0.221362	-0.219862	-0.209488	-0.203636	-0.206317	-0.237721	-0.31902	-0.429113	-0.527454	-0.588599	-0.607355	-0.581716	-0.485889	-0.313173	-0.103226	0.120737	0.350788	0.564271	0.742155	
-0.21466	-0.20233	-0.209321	-0.226473	-0.233552	-0.234136	-0.231034	-0.215905	-0.202589	-0.208479	-0.227605	-0.269912	-0.358121	-0.47042	-0.560456	-0.605175	-0.600806	-0.547595	-0.429367	-0.236775	-0.00780766	0.22138	0.445597	0.657267	0.833316	
-0.229381	-0.201221	-0.203988	-0.229467	-0.250137	-0.253975	-0.239593	-0.21248	-0.198191	-0.216077	-0.254274	-0.310344	-0.401743	-0.509185	-0.586081	-0.611703	-0.583065	-0.498633	-0.351852	-0.140555	0.100256	0.336483	0.563975	0.771869	0.940672	
-0.248043	-0.205712	-0.202887	-0.232284	-0.26388	-0.270494	-0.246485	-0.21185	-0.199393	-0.227743	-0.285315	-0.35783	-0.448532	-0.541948	-0.600257	-0.604513	-0.548169	-0.428688	-0.252432	-0.0220213	0.234677	0.477652	0.70544	0.913131	1.07296	
-0.271557	-0.218393	-0.208683	-0.235883	-0.272618	-0.280769	-0.251396	-0.216141	-0.209237	-0.245615	-0.319319	-0.408267	-0.495294	-0.565914	-0.597514	-0.576632	-0.491223	-0.33148	-0.119028	0.125533	0.392189	0.649921	0.881734	1.08278	1.23079	
-0.300715	-0.241357	-0.223346	-0.241243	-0.27477	-0.282673	-0.254547	-0.226884	-0.229503	-0.271701	-0.355338	-0.4557	-0.534848	-0.576327	-0.573574	-0.518906	-0.400333	-0.203402	0.0487213	0.31489	0.585819	0.849068	1.08301	1.27236	1.39665	
-0.336146	-0.274944	-0.247031	-0.24909	-0.27012	-0.275696	-0.256584	-0.244587	-0.260183	-0.30654	-0.39148	-0.492941	-0.557922	-0.564779	-0.521419	-0.425209	-0.26509	-0.0319993	0.251816	0.537169	0.811712	1.07544	1.30054	1.46336	1.54546	
-0.375963	-0.316228	-0.277657	-0.25968	-0.260261	-0.261586	-0.258363	-0.267974	-0.298662	-0.348389	-0.424393	-0.510663	-0.552903	-0.522338	-0.432315	-0.287305	-0.0818276	0.183113	0.489709	0.788451	1.05326	1.29733	1.50197	1.62849	1.65675	
-0.413617	-0.358866	-0.310858	-0.272127	-0.248318	-0.244351	-0.260693	-0.293795	-0.338876	-0.391002	-0.44877	-0.500219	-0.506447	-0.437799	-0.301016	-0.103557	0.149276	0.436286	0.741845	1.04037	1.29346	1.49507	1.64466	1.71742	1.69101	
-0.437895	-0.393389	-0.339588	-0.283739	-0.238142	-0.229252	-0.263451	-0.316826	-0.372082	-0.422643	-0.454583	-0.455254	-0.410867	-0.301732	-0.123171	0.117981	0.407769	0.708632	0.99234	1.25604	1.48079	1.63954	1.7175	1.70991	1.62107	
-0.434578	-0.407323	-0.354306	-0.28998	-0.232578	-0.220683	-0.264656	-0.329473	-0.387662	-0.428645	-0.42808	-0.370641	-0.267154	-0.116594	0.0951411	0.363726	0.66514	0.957981	1.20872	1.41895	1.58668	1.68931	1.70393	1.61903	1.46117	
-0.388794	-0.386908	-0.344816	-0.284786	-0.23064	-0.219074	-0.260254	-0.322526	-0.373642	-0.394629	-0.357178	-0.246049	-0.0862056	0.102798	0.333223	0.605072	0.890918	1.15212	1.35628	1.50638	1.61007	1.64555	1.59763	1.45925	1.24697	
-0.290658	-0.321863	-0.30262	-0.260891	-0.225262	-0.217926	-0.243925	-0.287466	-0.31947	-0.310791	-0.236779	-0.0887144	0.10927	0.327492	0.563711	0.813561	1.05422	1.2666	1.4267	1.51985	1.55671	1.52714	1.41647	1.2372	1.00113	
-0.143563	-0.209942	-0.222711	-0.211035	-0.20374	-0.203129	-0.206952	-0.218933	-0.220588	-0.177638	-0.0743616	0.0869826	0.293802	0.521682	0.752197	0.97054	1.15349	1.29902	1.4137	1.47081	1.45073	1.35659	1.18603	0.961725	0.714897	
0.0340406	-0.059036	-0.1062	-0.130251	-0.151105	-0.156445	-0.139756	-0.116671	-0.0823142	-0.0089078	0.109025	0.260748	0.448712	0.66422	0.875683	1.05913	1.19758	1.28391	1.33671	1.35218	1.29136	1.14396	0.925942	0.66362	0.401823	
0.215232	0.112458	0.0374535	-0.0177314	-0.0558276	-0.0634229	-0.0359245	0.0136572	0.0795846	0.170974	0.286172	0.414723	0.56745	0.753092	0.937803	1.08314	1.18305	1.23332	1.22992	1.17934	1.06726	0.879082	0.635455	0.366954	0.109007	
0.375191	0.28038	0.192448	0.122124	0.0831855	0.0772584	0.102895	0.161356	0.243788	0.336313	0.434948	0.540913	0.66014	0.801821	0.948414	1.05856	1.11755	1.13113	1.08641	0.973914	0.802312	0.580474	0.330545	0.0845532	-0.135993	
0.503055	0.42521	0.342838	0.27907	0.25177	0.248934	0.264662	0.313528	0.391674	0.472432	0.549992	0.639433	0.738334	0.832951	0.918999	0.983893	1.00642	0.979289	0.895285	0.74215	0.531422	0.292911	0.0548504	-0.155981	-0.325196	
0.604156	0.540846	0.479307	0.437804	0.422993	0.421613	0.42925	0.45931	0.515213	0.57941	0.643107	0.717049	0.795676	0.849199	0.867555	0.866849	0.847283	0.788703	0.675913	0.503508	0.283503	0.0498364	-0.163638	-0.33579	-0.457493	
0.688319	0.636125	0.600996	0.580836	0.568884	0.566298	0.57467	0.591507	0.620215	0.666403	0.723946	0.779457	0.820144	0.829501	0.798327	0.740525	0.671058	0.57977	0.44856	0.274466	0.0704033	-0.136759	-0.316245	-0.44926	-0.530447	
0.760455	0.725147	0.708181	0.693598	0.675513	0.670935	0.685766	0.703127	0.717161	0.744299	0.786731	0.816659	0.810753	0.771837	0.709436	0.62566	0.520359	0.39082	0.234207	0.0586124	-0.118397	-0.278542	-0.405489	-0.489394	-0.529929	
0.819773	0.808488	0.793843	0.771322	0.749001	0.744338	0.761623	0.786048	0.80355	0.815348	0.823684	0.814675	0.772677	0.70295	0.62015	0.522653	0.396544	0.237169	0.0565348	-0.121692	-0.272235	-0.380361	-0.444528	-0.470543	-0.467556	
0.858611	0.867099	0.848376	0.821934	0.805413	0.802973	0.81409	0.837664	0.861846	0.865663	0.838219	0.785856	0.718601	0.639749	0.546392	0.430268	0.282836	0.107761	-0.0746861	-0.23702	-0.356304	-0.42249	-0.440784	-0.425472	-0.391842	
0.867099	0.884914	0.872969	0.858431	0.85419	0.854213	0.855701	0.865995	0.881798	0.879017	0.836508	0.760323	0.672136	0.58052	0.474712	0.341715	0.18131	0.00845522	-0.153286	-0.28237	-0.366671	-0.404438	-0.402725	-0.374401	-0.333287	
0.848376	0.872969	0.881479	0.887216	0.892714	0.893778	0.889266	0.88328	0.877118	0.861282	0.820118	0.746243	0.646151	0.529541	0.398908	0.253467	0.0987788	-0.0512461	-0.179957	-0.274947	-0.331963	-0.353967	-0.348084	-0.323708	-0.290903	
0.821934	0.858431	0.887216	0.90668	0.915623	0.916699	0.911033	0.896087	0.871018	0.837933	0.794245	0.728755	0.630133	0.497796	0.34319	0.183476	0.0352855	-0.0889686	-0.182596	-0.244392	-0.277789	-0.289484	-0.28709	-0.27716	-0.26465	
0.805413	0.85419	0.892714	0.915623	0.924503	0.925599	0.920601	0.904157	0.871647	0.826005	0.772584	0.707489	0.615866	0.485535	0.321942	0.148845	-0.00464781	-0.118383	-0.18747	-0.219877	-0.22986	-0.231649	-0.235064	-0.243601	-0.25552	
0.802973	0.854213	0.893778	0.916699	0.925599	0.926913	0.922072	0.905522	0.872118	0.824335	0.768477	0.702635	0.612523	0.483986	0.320018	0.144172	-0.0119858	-0.125204	-0.189536	-0.215021	-0.219477	-0.219438	-0.22472	-0.237533	-0.254715	
0.81409	0.855701	0.889266	0.911033	0.920601	0.922072	0.916474	0.899769	0.870164	0.831408	0.784506	0.71997	0.623761	0.490868	0.331411	0.165744	0.0156665	-0.102937	-0.184254	-0.23205	-0.255359	-0.263647	-0.264166	-0.261744	-0.259198	
0.837664	0.865995	0.88328	0.896087	0.904157	0.905522	0.899769	0.888493	0.873408	0.851101	0.810532	0.740482	0.639355	0.514223	0.372875	0.22197	0.0709321	-0.0676236	-0.181781	-0.263842	-0.311869	-0.329357	-0.323641	-0.303815	-0.278275	
0.861846	0.881798	0.877118	0.871018	0.871647	0.872118	0.870164	0.873408	0.881357	0.874362	0.831485	0.75394	0.659812	0.558873	0.443884	0.305414	0.145986	-0.0192412	-0.169134	-0.284996	-0.357168	-0.386436	-0.381344	-0.353745	-0.31494	
0.865663	0.879017	0.861282	0.837933	0.826005	0.824335	0.831408	0.851101	0.874362	0.875609	0.838883	0.773952	0.698416	0.616134	0.51834	0.394519	0.240086	0.0634454	-0.113001	-0.262942	-0.367569	-0.420888	-0.429218	-0.405851	-0.365822	
0.838219	0.836508	0.820118	0.794245	0.772584	0.768477	0.784506	0.810532	0.831485	0.838883	0.83145	0.80475	0.752043	0.676956	0.588984	0.484641	0.349985	0.182313	-0.00190826	-0.176052	-0.315052	-0.405559	-0.448499	-0.453891	-0.435654	
0.785856	0.760323	0.746243	0.728755	0.707489	0.702635	0.71997	0.740482	0.75394	0.773952	0.80475	0.820644	0.798146	0.743738	0.672483	0.583533	0.468811	0.325456	0.157725	-0.0198191	-0.186289	-0.324955	-0.425911	-0.486481	-0.510466	
0.718601	0.672136	0.646151	0.630133	0.615866	0.612523	0.623761	0.639355	0.659812	0.698416	0.752043	0.798146	0.819612	0.809499	0.764719	0.693297	0.606929	0.500197	0.359601	0.185479	-0.00797706	-0.197853	-0.358577	-0.474256	-0.539991	
0.639749	0.58052	0.529541	0.497796	0.485535	0.483986	0.490868	0.514223	0.558873	0.616134	0.676956	0.743738	0.809499	0.846515	0.842268	0.815712	0.776295	0.705496	0.584999	0.41055	0.194171	-0.0317762	-0.23314	-0.389834	-0.493855	
0.546392	0.474712	0.398908	0.34319	0.321942	0.320018	0.331411	0.372875	0.443884	0.51834	0.588984	0.672483	0.764719	0.842268	0.900308	0.940607	0.947636	0.90689	0.809729	0.646143	0.427895	0.189109	-0.0399842	-0.235373	-0.3846	
0.430268	0.341715	0.253467	0.183476	0.148845	0.144172	0.165744	0.22197	0.305414	0.394519	0.484641	0.583533	0.693297	0.815712	0.940607	1.0347	1.07834	1.07548	1.01514	0.88365	0.693283	0.462467	0.214499	-0.0186811	-0.219035	
0.282836	0.18131	0.0987788	0.0352855	-0.00464781	-0.0119858	0.0156665	0.0709321	0.145986	0.240086	0.349985	0.468811	0.606929	0.776295	0.947636	1.07834	1.16205	1.19938	1.1783	1.10072	0.964442	0.761014	0.512344	0.251102	0.00494104	
0.107761	0.00845522	-0.0512461	-0.0889686	-0.118383	-0.125204	-0.102937	-0.0676236	-0.0192412	0.0634454	0.182313	0.325456	0.500197	0.705496	0.90689	1.07548	1.19938	1.26923	1.29682	1.2877	1.20844	1.0436	0.813582	0.544816	0.27999	
-0.0746861	-0.153286	-0.179957	-0.182596	-0.18747	-0.189536	-0.184254	-0.181781	-0.169134	-0.113001	-0.00190826	0.157725	0.359601	0.584999	0.809729	1.01514	1.1783	1.29682	1.38796	1.4314	1.39429	1.27724	1.08554	0.842959	0.590103	
-0.23702	-0.28237	-0.274947	-0.244392	-0.219877	-0.215021	-0.23205	-0.263842	-0.284996	-0.262942	-0.176052	-0.0198191	0.185479	0.41055	0.646143	0.88365	1.10072	1.2877	1.4314	1.50834	1.52007	1.46399	1.32829	1.13179	0.892008	
-0.356304	-0.366671	-0.331963	-0.277789	-0.22986	-0.219477	-0.255359	-0.311869	-0.357168	-0.367569	-0.315052	-0.186289	-0.00797706	0.194171	0.427895	0.693283	0.964442	1.20844	1.39429	1.52007	1.59685	1.60579	1.53277	1.37771	1.15208	
-0.42249	-0.404438	-0.353967	-0.289484	-0.231649	-0.219438	-0.263647	-0.329357	-0.386436	-0.420888	-0.405559	-0.324955	-0.197853	-0.0317762	0.189109	0.462467	0.761014	1.0436	1.27724	1.46399	1.60579	1.68196	1.67188	1.56248	1.38002	
-0.440784	-0.402725	-0.348084	-0.28709	-0.235064	-0.22472	-0.264166	-0.323641	-0.381344	-0.429218	-0.448499	-0.425911	-0.358577	-0.23314	-0.0399842	0.214499	0.512344	0.813582	1.08554	1.32829	1.53277	1.67188	1.72362	1.683	1.56649	
-0.425472	-0.374401	-0.323708	-0.27716	-0.243601	-0.237533	-0.261744	-0.303815	-0.353745	-0.405851	-0.453891	-0.486481	-0.474256	-0.389834	-0.235373	-0.0186811	0.251102	0.544816	0.842959	1.13179	1.37771	1.56248	1.683	1.72531	1.6749	
-0.391842	-0.333287	-0.290903	-0.26465	-0.25552	-0.254715	-0.259198	-0.278275	-0.31494	-0.365822	-0.435654	-0.510466	-0.539991	-0.493855	-0.3846	-0.219035	0.00494104	0.27999	0.590103	0.892008	1.15208	1.38002	1.56649	1.6749	1.68244	
