1.08211	1.11742	1.11747	1.08903	1.03965	0.976893	0.889093	0.76342	0.597977	0.414219	0.230245	0.0556022	-0.0950914	-0.185768	-0.195602	-0.130733	-0.013134	0.140798	0.308601	0.458927	0.554333	0.580188	0.539984	0.427463	0.253387	
1.11742	1.17706	1.19493	1.18163	1.13438	1.06525	0.967786	0.826398	0.64628	0.449732	0.255017	0.0716018	-0.0701015	-0.147568	-0.149888	-0.0847273	0.0325691	0.184738	0.353697	0.509721	0.617014	0.661185	0.637364	0.535435	0.363913	
1.11747	1.19493	1.23995	1.2441	1.20643	1.13586	1.028	0.873814	0.680391	0.472271	0.259997	0.0707769	-0.0654117	-0.127113	-0.117	-0.0520382	0.0600956	0.205059	0.373892	0.542078	0.658453	0.719456	0.710016	0.627558	0.47382	
1.08903	1.18163	1.2441	1.26879	1.24727	1.17585	1.05859	0.894078	0.688572	0.463792	0.242514	0.0582276	-0.0651227	-0.113935	-0.10014	-0.0377413	0.0699744	0.216186	0.390054	0.563218	0.689494	0.760537	0.767234	0.706959	0.576284	
1.03965	1.13438	1.20643	1.24727	1.23622	1.16958	1.04994	0.873051	0.653569	0.421047	0.21164	0.0406679	-0.0718841	-0.113543	-0.0980539	-0.0343865	0.0710251	0.224672	0.404559	0.578353	0.710692	0.786822	0.807693	0.763599	0.654062	
0.976893	1.06525	1.13586	1.17585	1.16958	1.11177	0.988225	0.803807	0.584232	0.364411	0.175509	0.0205367	-0.0815478	-0.123867	-0.10734	-0.0398941	0.0663866	0.221412	0.402704	0.577262	0.715662	0.799842	0.827329	0.798078	0.712898	
0.889093	0.967786	1.028	1.05859	1.04994	0.988225	0.863825	0.686595	0.488773	0.295047	0.128249	-0.000498391	-0.0847396	-0.122849	-0.111427	-0.045555	0.0629223	0.221216	0.399841	0.563913	0.693663	0.7851	0.821307	0.812349	0.749243	
0.76342	0.826398	0.873814	0.894078	0.873051	0.803807	0.686595	0.533443	0.370803	0.217181	0.0887084	0.00240706	-0.0594288	-0.0939981	-0.0888265	-0.0270552	0.0849867	0.23684	0.404547	0.548387	0.664638	0.757971	0.803306	0.804843	0.753473	
0.597977	0.64628	0.680391	0.688572	0.653569	0.584232	0.488773	0.370803	0.252741	0.151195	0.0736398	0.0306285	0.00124221	-0.0231208	-0.0142683	0.0489788	0.15622	0.293457	0.435321	0.557069	0.660458	0.740876	0.776861	0.766401	0.717372	
0.414219	0.449732	0.472271	0.463792	0.421047	0.364411	0.295047	0.217181	0.151195	0.105961	0.0874537	0.0847833	0.0916324	0.0933912	0.118713	0.17825	0.271819	0.387786	0.50378	0.600618	0.675568	0.723045	0.731938	0.702998	0.650396	
0.230245	0.255017	0.259997	0.242514	0.21164	0.175509	0.128249	0.0887084	0.0736398	0.0874537	0.117607	0.157893	0.203899	0.24293	0.2847	0.340615	0.42096	0.513771	0.59992	0.663519	0.698817	0.705156	0.676534	0.629855	0.564949	
0.0556022	0.0716018	0.0707769	0.0582276	0.0406679	0.0205367	-0.000498391	0.00240706	0.0306285	0.0847833	0.157893	0.243377	0.330393	0.403856	0.461834	0.521146	0.587115	0.649291	0.696935	0.724045	0.72363	0.690826	0.625894	0.555141	0.485115	
-0.0950914	-0.0701015	-0.0654117	-0.0651227	-0.0718841	-0.0815478	-0.0847396	-0.0594288	0.00124221	0.0916324	0.203899	0.330393	0.450089	0.552906	0.634601	0.700115	0.747737	0.775169	0.786125	0.778225	0.740106	0.670297	0.579411	0.495505	0.433639	
-0.185768	-0.147568	-0.127113	-0.113935	-0.113543	-0.123867	-0.122849	-0.0939981	-0.0231208	0.0933912	0.24293	0.403856	0.552906	0.675979	0.773952	0.841537	0.874115	0.877345	0.861091	0.817567	0.740993	0.644344	0.541827	0.459611	0.405717	
-0.195602	-0.149888	-0.117	-0.10014	-0.0980539	-0.10734	-0.111427	-0.0888265	-0.0142683	0.118713	0.2847	0.461834	0.634601	0.773952	0.871761	0.927054	0.945036	0.937166	0.899816	0.829191	0.725417	0.615007	0.511053	0.425665	0.375122	
-0.130733	-0.0847273	-0.0520382	-0.0377413	-0.0343865	-0.0398941	-0.045555	-0.0270552	0.0489788	0.17825	0.340615	0.521146	0.700115	0.841537	0.927054	0.973947	0.983895	0.960398	0.903618	0.809354	0.69007	0.568617	0.459789	0.373813	0.32214	
-0.013134	0.0325691	0.0600956	0.0699744	0.0710251	0.0663866	0.0629223	0.0849867	0.15622	0.271819	0.42096	0.587115	0.747737	0.874115	0.945036	0.983895	0.98604	0.953417	0.881155	0.766744	0.626022	0.488968	0.378764	0.29526	0.243162	
0.140798	0.184738	0.205059	0.216186	0.224672	0.221412	0.221216	0.23684	0.293457	0.387786	0.513771	0.649291	0.775169	0.877345	0.937166	0.960398	0.953417	0.916543	0.837227	0.705533	0.541349	0.386188	0.267393	0.179613	0.127088	
0.308601	0.353697	0.373892	0.390054	0.404559	0.402704	0.399841	0.404547	0.435321	0.50378	0.59992	0.696935	0.786125	0.861091	0.899816	0.903618	0.881155	0.837227	0.748838	0.601764	0.424467	0.254893	0.113568	0.0119724	-0.0454681	
0.458927	0.509721	0.542078	0.563218	0.578353	0.577262	0.563913	0.548387	0.557069	0.600618	0.663519	0.724045	0.778225	0.817567	0.829191	0.809354	0.766744	0.705533	0.601764	0.446461	0.26266	0.0779122	-0.0841592	-0.201411	-0.264939	
0.554333	0.617014	0.658453	0.689494	0.710692	0.715662	0.693663	0.664638	0.660458	0.675568	0.698817	0.72363	0.740106	0.740993	0.725417	0.69007	0.626022	0.541349	0.424467	0.26266	0.0687159	-0.133479	-0.314327	-0.443002	-0.51022	
0.580188	0.661185	0.719456	0.760537	0.786822	0.799842	0.7851	0.757971	0.740876	0.723045	0.705156	0.690826	0.670297	0.644344	0.615007	0.568617	0.488968	0.386188	0.254893	0.0779122	-0.133479	-0.347255	-0.541478	-0.679627	-0.745206	
0.539984	0.637364	0.710016	0.767234	0.807693	0.827329	0.821307	0.803306	0.776861	0.731938	0.676534	0.625894	0.579411	0.541827	0.511053	0.459789	0.378764	0.267393	0.113568	-0.0841592	-0.314327	-0.541478	-0.741639	-0.883078	-0.943203	
0.427463	0.535435	0.627558	0.706959	0.763599	0.798078	0.812349	0.804843	0.766401	0.702998	0.629855	0.555141	0.495505	0.459611	0.425665	0.373813	0.29526	0.179613	0.0119724	-0.201411	-0.443002	-0.679627	-0.883078	-1.01681	-1.07449	
0.253387	0.363913	0.47382	0.576284	0.654062	0.712898	0.749243	0.753473	0.717372	0.650396	0.564949	0.485115	0.433639	0.405717	0.375122	0.32214	0.243162	0.127088	-0.0454681	-0.264939	-0.51022	-0.745206	-0.943203	-1.07449	-1.12369	
0.0409549	0.151109	0.27144	0.389769	0.490586	0.576317	0.633256	0.647279	0.623636	0.560918	0.477745	0.41152	0.376667	0.361751	0.34653	0.307936	0.231178	0.115429	-0.055642	-0.280632	-0.525136	-0.749549	-0.937046	-1.05736	-1.08974	
-0.183472	-0.0730607	0.0562278	0.184921	0.305269	0.41252	0.482484	0.509766	0.49811	0.445946	0.377559	0.330524	0.313778	0.316781	0.320109	0.302245	0.240094	0.131467	-0.0347796	-0.257076	-0.497055	-0.710228	-0.879257	-0.975995	-0.982835	
-0.377548	-0.273037	-0.148031	-0.0173855	0.119744	0.236778	0.316303	0.352925	0.35311	0.318239	0.272515	0.245063	0.245131	0.264148	0.28626	0.291481	0.252729	0.152973	-0.00700246	-0.214182	-0.442971	-0.651362	-0.803552	-0.879067	-0.862347	
-0.525471	-0.42758	-0.30723	-0.17946	-0.046693	0.0713361	0.158078	0.204934	0.217038	0.206653	0.189929	0.180061	0.192137	0.222731	0.252233	0.271935	0.247603	0.159167	0.0130343	-0.175954	-0.386655	-0.585831	-0.731227	-0.795089	-0.762329	
-0.613763	-0.526427	-0.411849	-0.286814	-0.1572	-0.0378817	0.0566873	0.107254	0.132652	0.144877	0.148905	0.15353	0.170344	0.196929	0.226836	0.251415	0.234586	0.158304	0.0272476	-0.147728	-0.341197	-0.531841	-0.680341	-0.740197	-0.694526	
-0.629439	-0.545373	-0.432328	-0.306409	-0.176513	-0.0569708	0.0378699	0.0902311	0.119359	0.136444	0.143502	0.151064	0.168067	0.192175	0.22228	0.246991	0.230529	0.157424	0.0292761	-0.142263	-0.331696	-0.520768	-0.669865	-0.730223	-0.681091	
-0.569165	-0.474672	-0.356364	-0.230332	-0.100201	0.0181396	0.109002	0.15765	0.175019	0.174855	0.168506	0.164703	0.179789	0.210815	0.240618	0.263168	0.242691	0.15965	0.0201528	-0.163358	-0.366032	-0.560413	-0.707246	-0.768835	-0.730424	
-0.442541	-0.341507	-0.218441	-0.0879933	0.0497661	0.16747	0.248841	0.289913	0.295051	0.269533	0.234748	0.214624	0.221114	0.245318	0.271776	0.28361	0.252797	0.157055	0.00144571	-0.197696	-0.42036	-0.62633	-0.773465	-0.843345	-0.818789	
-0.266424	-0.157179	-0.0279663	0.101972	0.230285	0.343149	0.417431	0.448849	0.441427	0.394853	0.335702	0.295962	0.285828	0.295962	0.307414	0.299716	0.245743	0.140428	-0.022662	-0.240126	-0.476636	-0.687825	-0.849111	-0.935718	-0.933183	
-0.0496494	0.0604442	0.185252	0.308382	0.417505	0.512977	0.574838	0.595165	0.57726	0.517705	0.438393	0.38007	0.353155	0.344398	0.33666	0.305379	0.23328	0.119821	-0.050297	-0.275918	-0.518793	-0.737304	-0.917981	-1.03151	-1.05345	
0.171426	0.282425	0.396791	0.505744	0.593466	0.663513	0.709317	0.716379	0.68434	0.6182	0.532683	0.456621	0.410968	0.387587	0.362377	0.313617	0.234376	0.117926	-0.0541416	-0.2764	-0.521648	-0.753575	-0.948661	-1.07618	-1.11992	
0.363936	0.473167	0.573754	0.663836	0.727486	0.770912	0.794033	0.791885	0.751861	0.68614	0.606999	0.527165	0.468365	0.435726	0.401455	0.347755	0.269261	0.15388	-0.0169746	-0.232634	-0.476634	-0.714511	-0.916657	-1.04858	-1.10333	
0.503933	0.606771	0.686373	0.75091	0.797746	0.822078	0.823825	0.808911	0.777303	0.723262	0.659409	0.597324	0.543268	0.504745	0.473199	0.422488	0.343155	0.228636	0.0680075	-0.137711	-0.373312	-0.604787	-0.80752	-0.946723	-1.00616	
0.572012	0.659805	0.72446	0.771884	0.80292	0.817941	0.805185	0.78192	0.761392	0.731961	0.697173	0.667772	0.635308	0.603126	0.572324	0.523197	0.440386	0.333858	0.194333	0.00918632	-0.210678	-0.429254	-0.625466	-0.766896	-0.830832	
0.57288	0.642848	0.689387	0.723838	0.747278	0.756054	0.736537	0.706046	0.696598	0.698812	0.70496	0.714934	0.716319	0.704464	0.680427	0.640279	0.569448	0.47639	0.354329	0.187806	-0.0121939	-0.219829	-0.407699	-0.539606	-0.60697	
0.505043	0.559575	0.596072	0.621344	0.638617	0.638589	0.619648	0.597027	0.600429	0.633371	0.680998	0.727371	0.766029	0.790344	0.791065	0.763284	0.71214	0.64135	0.531477	0.374599	0.187653	-0.00419792	-0.174141	-0.296321	-0.361803	
0.373001	0.419825	0.444084	0.462011	0.476541	0.474842	0.469133	0.466293	0.486425	0.54467	0.628165	0.710641	0.785493	0.847408	0.875543	0.869928	0.839731	0.791467	0.696825	0.54479	0.364404	0.189942	0.0394881	-0.0689055	-0.129723	
0.207828	0.251197	0.270457	0.283661	0.29523	0.293045	0.292383	0.304354	0.35197	0.4359	0.550156	0.670998	0.782447	0.873478	0.925958	0.941696	0.929648	0.890268	0.80834	0.670496	0.499848	0.338205	0.211689	0.119064	0.0659576	
0.0448825	0.090583	0.114777	0.124559	0.127235	0.122292	0.121037	0.141357	0.208017	0.316626	0.457994	0.612676	0.760222	0.878197	0.945494	0.979143	0.977456	0.94245	0.867247	0.745587	0.595	0.450041	0.337958	0.254582	0.202084	
-0.0884604	-0.0432146	-0.0125149	-0.000241088	0.00210551	-0.00226908	-0.00779832	0.0125258	0.0872738	0.211778	0.369717	0.547155	0.721774	0.85881	0.937321	0.981468	0.989103	0.961305	0.896178	0.794069	0.667114	0.540642	0.431452	0.345483	0.293777	
-0.178361	-0.131042	-0.0961796	-0.0808624	-0.077636	-0.085041	-0.0906019	-0.0707248	0.0049575	0.138351	0.305133	0.484612	0.662608	0.804863	0.899243	0.950348	0.964484	0.949833	0.905906	0.825572	0.714958	0.599868	0.493675	0.408417	0.357489	
-0.199151	-0.15811	-0.131144	-0.115066	-0.113591	-0.124732	-0.12583	-0.0983834	-0.0253821	0.0994268	0.258431	0.427977	0.587851	0.718112	0.818027	0.881628	0.90766	0.906878	0.880837	0.825757	0.735938	0.632331	0.529487	0.446335	0.395039	
-0.140822	-0.109571	-0.0990761	-0.0929858	-0.0967562	-0.10566	-0.104883	-0.0766711	-0.00983568	0.0920802	0.220251	0.362327	0.494199	0.60546	0.695309	0.763	0.804766	0.820256	0.819771	0.796323	0.743057	0.661146	0.563293	0.479639	0.421402	
-0.00870064	0.0081623	0.00757822	0.000118668	-0.0122512	-0.0271738	-0.040117	-0.0248525	0.01863	0.0873755	0.176621	0.279239	0.379642	0.465925	0.533056	0.594847	0.65282	0.700334	0.733247	0.74692	0.731815	0.683624	0.60657	0.528098	0.460408	
0.158501	0.179386	0.180801	0.163168	0.1374	0.108128	0.0722426	0.0500391	0.0526091	0.0842493	0.131697	0.190947	0.25431	0.307847	0.354393	0.411521	0.486959	0.569336	0.639484	0.688224	0.708836	0.69943	0.655315	0.599415	0.530011	
