0.531425	0.420336	0.278308	0.122603	-0.0272093	-0.160497	-0.283821	-0.382045	-0.443786	-0.455004	-0.416566	-0.356641	-0.278013	-0.168143	-0.0246815	0.156115	0.348986	0.5326	0.691052	0.806604	0.87711	0.90973	0.907495	0.874765	0.811471	
0.420336	0.318572	0.185223	0.0393747	-0.0936892	-0.212907	-0.316061	-0.384877	-0.41199	-0.399196	-0.34731	-0.281105	-0.1998	-0.100643	0.0274966	0.19337	0.377106	0.558016	0.709466	0.816785	0.876276	0.8864	0.856987	0.7934	0.694009	
0.278308	0.185223	0.0669342	-0.055427	-0.167676	-0.272596	-0.354087	-0.392929	-0.385268	-0.348956	-0.276201	-0.196067	-0.107168	-0.0143513	0.0942271	0.233932	0.394459	0.552013	0.687185	0.776726	0.823963	0.817998	0.764724	0.675394	0.553402	
0.122603	0.0393747	-0.055427	-0.146777	-0.24176	-0.32449	-0.376672	-0.389179	-0.35281	-0.282659	-0.187692	-0.0915662	-0.00498321	0.0758971	0.160349	0.266216	0.397421	0.52973	0.641441	0.715571	0.747017	0.724056	0.648764	0.541438	0.407793	
-0.0272093	-0.0936892	-0.167676	-0.24176	-0.308049	-0.354669	-0.373917	-0.358031	-0.291273	-0.187825	-0.0702956	0.0348603	0.114492	0.178538	0.23826	0.310903	0.410526	0.51403	0.603812	0.662121	0.675736	0.636932	0.544503	0.425827	0.292635	
-0.160497	-0.212907	-0.272596	-0.32449	-0.354669	-0.358569	-0.341447	-0.291969	-0.196574	-0.064994	0.0703284	0.1796	0.252407	0.29984	0.334715	0.376246	0.441185	0.514528	0.579871	0.622177	0.623222	0.571441	0.474838	0.358074	0.222154	
-0.283821	-0.316061	-0.354087	-0.376672	-0.373917	-0.341447	-0.284296	-0.190134	-0.0620539	0.0910594	0.235654	0.34146	0.399146	0.42431	0.430664	0.446692	0.482273	0.529181	0.574659	0.60248	0.590551	0.538268	0.44803	0.337542	0.201274	
-0.382045	-0.384877	-0.392929	-0.389179	-0.358031	-0.291969	-0.190134	-0.0536135	0.100218	0.262592	0.406017	0.502815	0.54359	0.542384	0.522136	0.510278	0.51922	0.546544	0.577332	0.59325	0.579709	0.536284	0.461457	0.356241	0.22208	
-0.443786	-0.41199	-0.385268	-0.35281	-0.291273	-0.196574	-0.0620539	0.100218	0.265908	0.426821	0.560989	0.641552	0.66557	0.640728	0.592009	0.55237	0.536455	0.552987	0.576002	0.587809	0.585708	0.555825	0.495687	0.400272	0.270423	
-0.455004	-0.399196	-0.348956	-0.282659	-0.187825	-0.064994	0.0910594	0.262592	0.426821	0.57234	0.682894	0.742449	0.74889	0.70696	0.634683	0.567577	0.534688	0.542089	0.568488	0.591663	0.606176	0.591784	0.541105	0.451498	0.336797	
-0.416566	-0.34731	-0.276201	-0.187692	-0.0702956	0.0703284	0.235654	0.406017	0.560989	0.682894	0.759619	0.792608	0.78297	0.730187	0.649392	0.570659	0.524172	0.52267	0.550893	0.584672	0.61287	0.609375	0.569272	0.497151	0.40274	
-0.356641	-0.281105	-0.196067	-0.0915662	0.0348603	0.1796	0.34146	0.502815	0.641552	0.742449	0.792608	0.802117	0.771602	0.708864	0.627989	0.547475	0.496778	0.491671	0.520569	0.559626	0.593793	0.595635	0.569177	0.516122	0.440819	
-0.278013	-0.1998	-0.107168	-0.00498321	0.114492	0.252407	0.399146	0.54359	0.66557	0.74889	0.78297	0.771602	0.721597	0.652123	0.572551	0.500575	0.456119	0.446416	0.464443	0.492387	0.518745	0.528331	0.520911	0.492306	0.436088	
-0.168143	-0.100643	-0.0143513	0.0758971	0.178538	0.29984	0.42431	0.542384	0.640728	0.70696	0.730187	0.708864	0.652123	0.574266	0.492733	0.429508	0.391675	0.376039	0.375512	0.381945	0.395846	0.410572	0.414968	0.402216	0.363976	
-0.0246815	0.0274966	0.0942271	0.160349	0.23826	0.334715	0.430664	0.522136	0.592009	0.634683	0.649392	0.627989	0.572551	0.492733	0.408903	0.34835	0.308749	0.281369	0.256659	0.242076	0.244363	0.250325	0.254402	0.247633	0.219014	
0.156115	0.19337	0.233932	0.266216	0.310903	0.376246	0.446692	0.510278	0.55237	0.567577	0.570659	0.547475	0.500575	0.429508	0.34835	0.282685	0.226268	0.170027	0.121261	0.0870719	0.0709665	0.0626109	0.0590964	0.0517957	0.0290599	
0.348986	0.377106	0.394459	0.397421	0.410526	0.441185	0.482273	0.51922	0.536455	0.534688	0.524172	0.496778	0.456119	0.391675	0.308749	0.226268	0.137252	0.0514284	-0.0220191	-0.0760558	-0.115566	-0.142092	-0.154027	-0.163242	-0.190593	
0.5326	0.558016	0.552013	0.52973	0.51403	0.514528	0.529181	0.546544	0.552987	0.542089	0.52267	0.491671	0.446416	0.376039	0.281369	0.170027	0.0514284	-0.0654918	-0.16671	-0.250903	-0.316804	-0.361714	-0.375994	-0.388453	-0.41914	
0.691052	0.709466	0.687185	0.641441	0.603812	0.579871	0.574659	0.577332	0.576002	0.568488	0.550893	0.520569	0.464443	0.375512	0.256659	0.121261	-0.0220191	-0.16671	-0.304794	-0.424483	-0.520712	-0.583221	-0.606691	-0.620869	-0.649256	
0.806604	0.816785	0.776726	0.715571	0.662121	0.622177	0.60248	0.59325	0.587809	0.591663	0.584672	0.559626	0.492387	0.381945	0.242076	0.0870719	-0.0760558	-0.250903	-0.424483	-0.575252	-0.697825	-0.778293	-0.81847	-0.840488	-0.855913	
0.87711	0.876276	0.823963	0.747017	0.675736	0.623222	0.590551	0.579709	0.585708	0.606176	0.61287	0.593793	0.518745	0.395846	0.244363	0.0709665	-0.115566	-0.316804	-0.520712	-0.697825	-0.835413	-0.933432	-0.986207	-1.00803	-1.01006	
0.90973	0.8864	0.817998	0.724056	0.636932	0.571441	0.538268	0.536284	0.555825	0.591784	0.609375	0.595635	0.528331	0.410572	0.250325	0.0626109	-0.142092	-0.361714	-0.583221	-0.778293	-0.933432	-1.03996	-1.09849	-1.11798	-1.10797	
0.907495	0.856987	0.764724	0.648764	0.544503	0.474838	0.44803	0.461457	0.495687	0.541105	0.569272	0.569177	0.520911	0.414968	0.254402	0.0590964	-0.154027	-0.375994	-0.606691	-0.81847	-0.986207	-1.09849	-1.15491	-1.16494	-1.14412	
0.874765	0.7934	0.675394	0.541438	0.425827	0.358074	0.337542	0.356241	0.400272	0.451498	0.497151	0.516122	0.492306	0.402216	0.247633	0.0517957	-0.163242	-0.388453	-0.620869	-0.840488	-1.00803	-1.11798	-1.16494	-1.15903	-1.12208	
0.811471	0.694009	0.553402	0.407793	0.292635	0.222154	0.201274	0.22208	0.270423	0.336797	0.40274	0.440819	0.436088	0.363976	0.219014	0.0290599	-0.190593	-0.41914	-0.649256	-0.855913	-1.01006	-1.10797	-1.14412	-1.12208	-1.06469	
0.720783	0.566737	0.40018	0.243796	0.121341	0.0476882	0.0250996	0.0486755	0.112094	0.196108	0.283178	0.338955	0.352352	0.29691	0.169559	-0.0114657	-0.229361	-0.459033	-0.678082	-0.865773	-0.99942	-1.08358	-1.10923	-1.07442	-0.996278	
0.604329	0.417686	0.227483	0.0520534	-0.0827758	-0.162187	-0.185146	-0.153853	-0.0766035	0.0250148	0.133062	0.214404	0.250113	0.213424	0.103106	-0.0653432	-0.274544	-0.494345	-0.699551	-0.86983	-0.98591	-1.05597	-1.0685	-1.02156	-0.928627	
0.466996	0.257997	0.0469917	-0.146528	-0.29378	-0.383544	-0.404289	-0.363713	-0.277325	-0.156053	-0.025439	0.0856262	0.144601	0.127256	0.0288914	-0.127657	-0.320354	-0.526027	-0.717146	-0.869384	-0.976773	-1.03059	-1.02309	-0.962501	-0.85668	
0.335137	0.109809	-0.110819	-0.316816	-0.480498	-0.580176	-0.606441	-0.558105	-0.453041	-0.310859	-0.160304	-0.025369	0.0510943	0.046152	-0.0357504	-0.178906	-0.358381	-0.548222	-0.725006	-0.867293	-0.967935	-1.01361	-0.990441	-0.911291	-0.793415	
0.246885	0.00907749	-0.218052	-0.429833	-0.604436	-0.717364	-0.74867	-0.692588	-0.570561	-0.407916	-0.243323	-0.0986268	-0.0151368	-0.00856609	-0.0777566	-0.208913	-0.375881	-0.556841	-0.723076	-0.85655	-0.959266	-1.00566	-0.975541	-0.885485	-0.757665	
0.229919	-0.0106443	-0.238407	-0.452485	-0.62704	-0.744303	-0.776852	-0.716488	-0.591715	-0.423177	-0.257378	-0.110626	-0.0275984	-0.0185094	-0.0848912	-0.213115	-0.378955	-0.556311	-0.721611	-0.852301	-0.955653	-1.00305	-0.972342	-0.880829	-0.751332	
0.292591	0.0617627	-0.161798	-0.369673	-0.539644	-0.644842	-0.673642	-0.623065	-0.510033	-0.358631	-0.201147	-0.0612755	0.0195006	0.0198259	-0.05604	-0.193853	-0.367723	-0.553655	-0.725293	-0.863905	-0.964948	-1.01038	-0.983147	-0.898127	-0.775439	
0.410784	0.195608	-0.0198249	-0.219804	-0.373492	-0.466267	-0.489225	-0.44509	-0.351685	-0.222668	-0.0834894	0.0384553	0.10526	0.093052	0.00111986	-0.14992	-0.337588	-0.536211	-0.721062	-0.869374	-0.97298	-1.02221	-1.00782	-0.939716	-0.828929	
0.551326	0.354394	0.154058	-0.0289461	-0.168195	-0.251947	-0.272662	-0.237731	-0.158267	-0.0482317	0.0688115	0.162331	0.207481	0.179076	0.0732645	-0.0907173	-0.293244	-0.507353	-0.707495	-0.86954	-0.98177	-1.04531	-1.04971	-0.998334	-0.900496	
0.677151	0.509279	0.334037	0.1701	0.0423831	-0.0325934	-0.0563416	-0.0301416	0.0402102	0.13078	0.225945	0.291097	0.312974	0.264607	0.144892	-0.0308273	-0.247068	-0.473629	-0.687062	-0.868601	-0.994079	-1.07235	-1.09402	-1.05414	-0.969325	
0.777791	0.645962	0.494639	0.346168	0.229207	0.15756	0.136255	0.157194	0.210804	0.283963	0.358708	0.403119	0.405429	0.340346	0.201893	0.0141689	-0.204822	-0.435576	-0.661578	-0.860306	-1.00672	-1.09904	-1.13075	-1.10367	-1.03761	
0.853826	0.757617	0.631137	0.490898	0.375638	0.306633	0.287009	0.307252	0.352361	0.408883	0.461824	0.488915	0.473029	0.390222	0.239153	0.0453142	-0.17227	-0.398157	-0.631053	-0.847351	-1.01091	-1.11682	-1.15954	-1.14657	-1.10188	
0.898059	0.835831	0.73249	0.60898	0.497622	0.429747	0.406233	0.421959	0.46149	0.50857	0.543462	0.550771	0.512572	0.412526	0.253311	0.0569455	-0.156155	-0.379972	-0.611446	-0.828378	-0.99857	-1.11075	-1.16412	-1.16809	-1.14106	
0.912595	0.878598	0.801263	0.698466	0.60533	0.536795	0.505465	0.51099	0.53617	0.576255	0.597669	0.5887	0.527629	0.414059	0.252841	0.0608709	-0.148399	-0.369789	-0.596197	-0.797919	-0.958735	-1.06834	-1.12709	-1.1439	-1.12984	
0.894843	0.885686	0.828438	0.746069	0.667687	0.609041	0.574519	0.565346	0.576615	0.604907	0.615868	0.598125	0.524703	0.402068	0.246252	0.0671019	-0.127692	-0.33818	-0.550978	-0.735736	-0.880559	-0.983066	-1.03875	-1.05968	-1.05638	
0.83932	0.846288	0.800517	0.733123	0.672941	0.628772	0.602031	0.591714	0.590269	0.599766	0.598526	0.576015	0.504114	0.387049	0.241639	0.0792318	-0.0934876	-0.279414	-0.465769	-0.62783	-0.756708	-0.8445	-0.891375	-0.914387	-0.924296	
0.743161	0.758607	0.728897	0.676551	0.632132	0.6005	0.58893	0.586314	0.581187	0.578429	0.564242	0.535548	0.475252	0.377126	0.248745	0.10504	-0.0457145	-0.202363	-0.355524	-0.488407	-0.596394	-0.666689	-0.695496	-0.712662	-0.736762	
0.600246	0.623339	0.611018	0.577934	0.552485	0.542601	0.548763	0.559989	0.563801	0.551911	0.531792	0.50051	0.451528	0.374785	0.270998	0.149548	0.0197857	-0.107966	-0.22304	-0.32191	-0.399611	-0.451068	-0.468322	-0.480726	-0.511779	
0.423837	0.451114	0.458069	0.451427	0.452695	0.470736	0.500165	0.528174	0.539683	0.533163	0.518115	0.489503	0.448141	0.383253	0.296957	0.203104	0.101842	0.00338999	-0.0802496	-0.14478	-0.19463	-0.228492	-0.241687	-0.252259	-0.28149	
0.233938	0.266051	0.297411	0.316262	0.348111	0.39921	0.458534	0.511373	0.542475	0.549433	0.546878	0.521988	0.478296	0.411371	0.33089	0.260178	0.191396	0.123226	0.0641767	0.0227492	-0.00205145	-0.0175047	-0.0250323	-0.0330075	-0.0564861	
0.0433817	0.0898897	0.145999	0.199411	0.264283	0.349519	0.435439	0.514331	0.573624	0.60545	0.615604	0.594562	0.541811	0.464189	0.381172	0.319764	0.275607	0.238146	0.204123	0.181557	0.177194	0.178203	0.179198	0.172602	0.147232	
-0.114718	-0.0533189	0.0259359	0.108184	0.202178	0.314236	0.427801	0.535732	0.622259	0.67944	0.69987	0.677874	0.620263	0.540949	0.458202	0.39633	0.359434	0.340892	0.3306	0.3286	0.33792	0.350632	0.356576	0.347214	0.313548	
-0.238511	-0.163081	-0.0702226	0.0280017	0.140902	0.273732	0.41213	0.546542	0.659901	0.737738	0.766163	0.749513	0.695588	0.622274	0.542606	0.474881	0.433647	0.421818	0.433307	0.452804	0.47348	0.48611	0.485526	0.464721	0.416784	
-0.328173	-0.25059	-0.162156	-0.0556488	0.0696221	0.21266	0.369963	0.525615	0.658428	0.751379	0.794441	0.795015	0.755616	0.689745	0.609947	0.530942	0.482351	0.475332	0.502134	0.538897	0.571647	0.576051	0.556673	0.513047	0.445306	
-0.394245	-0.321903	-0.243571	-0.148017	-0.0252627	0.118389	0.283417	0.45168	0.600229	0.71326	0.777842	0.80027	0.783259	0.726463	0.645115	0.565024	0.515742	0.511554	0.540362	0.577367	0.609241	0.608228	0.573142	0.508826	0.422702	
