1.19422	1.2621	1.2857	1.2979	1.30579	1.30619	1.302	1.29085	1.27418	1.22917	1.12157	0.943891	0.708182	0.461928	0.249963	0.0733962	-0.0691454	-0.187166	-0.276997	-0.314054	-0.303476	-0.237338	-0.118479	0.0278277	0.1707	
0.959091	0.971826	0.948945	0.922887	0.906456	0.903508	0.914868	0.938213	0.964384	0.971325	0.920599	0.801694	0.622234	0.413909	0.219023	0.0461193	-0.102175	-0.231039	-0.329943	-0.386062	-0.390608	-0.339629	-0.240168	-0.0915493	0.0675531	
0.658497	0.622989	0.565733	0.5098	0.475791	0.471638	0.492493	0.542182	0.601324	0.648817	0.655255	0.599917	0.486652	0.333242	0.167907	0.0119864	-0.129934	-0.260388	-0.357419	-0.41571	-0.427443	-0.386495	-0.302771	-0.167077	0.00361015	
0.332748	0.262441	0.182892	0.110742	0.0684171	0.0622278	0.0890403	0.152066	0.230325	0.306873	0.359724	0.366509	0.320568	0.228223	0.105965	-0.0253056	-0.152381	-0.275297	-0.371201	-0.423558	-0.435585	-0.406097	-0.330281	-0.20369	-0.0298669	
0.0257302	-0.0670501	-0.158513	-0.232819	-0.276837	-0.284868	-0.253897	-0.191149	-0.105133	-0.00950795	0.073201	0.135044	0.148842	0.113881	0.0422472	-0.0603149	-0.16816	-0.282319	-0.376905	-0.427498	-0.442222	-0.418665	-0.35022	-0.22364	-0.0487312	
-0.229277	-0.331307	-0.427508	-0.495118	-0.534762	-0.544003	-0.513137	-0.458246	-0.372307	-0.26971	-0.166357	-0.0674658	-0.00832214	0.00667977	-0.0239341	-0.0930443	-0.183565	-0.287393	-0.376553	-0.432584	-0.449279	-0.433665	-0.373277	-0.244959	-0.0701671	
-0.417984	-0.520718	-0.606279	-0.660498	-0.689843	-0.695724	-0.674406	-0.63197	-0.558047	-0.461253	-0.348735	-0.234189	-0.142302	-0.0882463	-0.0829421	-0.117568	-0.18866	-0.282307	-0.368652	-0.430899	-0.459955	-0.451685	-0.395361	-0.270087	-0.100109	
-0.531726	-0.631101	-0.697245	-0.740233	-0.75549	-0.755674	-0.749771	-0.717175	-0.661233	-0.575171	-0.463777	-0.35037	-0.240877	-0.163561	-0.126797	-0.131826	-0.181469	-0.258905	-0.343709	-0.414702	-0.460204	-0.466069	-0.421988	-0.306127	-0.14771	
-0.578962	-0.664704	-0.717476	-0.744031	-0.745645	-0.744715	-0.746793	-0.73061	-0.690339	-0.615735	-0.518544	-0.4108	-0.30214	-0.211309	-0.151486	-0.135934	-0.158915	-0.221603	-0.299619	-0.376098	-0.439537	-0.463185	-0.438885	-0.347887	-0.215558	
-0.5705	-0.638736	-0.678371	-0.686546	-0.677314	-0.675727	-0.683317	-0.684834	-0.659437	-0.599417	-0.522695	-0.428199	-0.326483	-0.230764	-0.153801	-0.118419	-0.122724	-0.16884	-0.243467	-0.329817	-0.408639	-0.450735	-0.448219	-0.392762	-0.29193	
-0.514521	-0.56713	-0.593482	-0.593495	-0.577449	-0.57274	-0.587562	-0.596384	-0.580693	-0.537871	-0.4765	-0.403973	-0.317302	-0.222729	-0.144901	-0.0977604	-0.0885528	-0.123626	-0.194805	-0.287417	-0.375647	-0.434491	-0.453386	-0.430645	-0.371392	
-0.4297	-0.463485	-0.481178	-0.473951	-0.45656	-0.452087	-0.466801	-0.481749	-0.472778	-0.444703	-0.405744	-0.356642	-0.290876	-0.211199	-0.140542	-0.0932451	-0.0801317	-0.105496	-0.171152	-0.26104	-0.344695	-0.405138	-0.436236	-0.444455	-0.426299	
-0.348644	-0.355256	-0.358922	-0.343547	-0.323695	-0.320749	-0.334407	-0.355005	-0.358046	-0.35139	-0.340748	-0.319672	-0.276847	-0.2148	-0.153063	-0.10702	-0.09206	-0.106008	-0.165137	-0.247542	-0.316051	-0.370927	-0.406558	-0.433971	-0.449582	
-0.277644	-0.266738	-0.257098	-0.242707	-0.228013	-0.223976	-0.236124	-0.252235	-0.26187	-0.273526	-0.283849	-0.29038	-0.268071	-0.223173	-0.176981	-0.133076	-0.115354	-0.124439	-0.170636	-0.240918	-0.298783	-0.338974	-0.372761	-0.407692	-0.438746	
-0.24292	-0.220217	-0.205437	-0.197603	-0.190443	-0.188345	-0.195024	-0.202287	-0.213034	-0.233949	-0.256259	-0.272663	-0.25819	-0.221031	-0.179555	-0.141392	-0.125678	-0.133012	-0.176457	-0.237617	-0.280918	-0.308082	-0.329918	-0.35801	-0.391847	
-0.236565	-0.214637	-0.205734	-0.211659	-0.218333	-0.219578	-0.215014	-0.206561	-0.209229	-0.2269	-0.250746	-0.264841	-0.248786	-0.21296	-0.171415	-0.13682	-0.119515	-0.125247	-0.163753	-0.213401	-0.248874	-0.264502	-0.272308	-0.287681	-0.31259	
-0.251981	-0.233429	-0.230763	-0.248656	-0.270225	-0.274426	-0.258506	-0.236101	-0.23002	-0.243202	-0.26657	-0.274735	-0.254135	-0.216796	-0.172852	-0.136679	-0.114983	-0.11415	-0.137162	-0.17245	-0.197793	-0.200435	-0.196944	-0.2013	-0.21752	
-0.281485	-0.256874	-0.252925	-0.276259	-0.304975	-0.310532	-0.289246	-0.259707	-0.251635	-0.270953	-0.295245	-0.300758	-0.280554	-0.237157	-0.191123	-0.152859	-0.121197	-0.10924	-0.114859	-0.130265	-0.143578	-0.142778	-0.128525	-0.123066	-0.137274	
-0.297105	-0.270305	-0.267131	-0.291727	-0.327472	-0.335269	-0.306743	-0.273828	-0.264986	-0.285001	-0.313515	-0.318674	-0.298242	-0.259242	-0.212808	-0.173654	-0.141265	-0.118077	-0.110738	-0.11485	-0.12356	-0.122418	-0.101471	-0.0868951	-0.089175	
-0.301146	-0.273761	-0.27077	-0.29626	-0.333946	-0.342953	-0.312103	-0.27818	-0.268885	-0.289032	-0.31618	-0.319055	-0.300938	-0.266417	-0.227548	-0.196727	-0.17004	-0.146589	-0.129597	-0.126023	-0.131052	-0.129113	-0.10751	-0.086854	-0.0845821	
-0.290406	-0.265412	-0.262609	-0.288637	-0.325823	-0.333428	-0.304492	-0.270146	-0.259634	-0.2805	-0.301932	-0.306997	-0.295136	-0.26733	-0.24301	-0.222369	-0.203511	-0.18364	-0.162408	-0.154017	-0.160467	-0.16324	-0.142699	-0.121696	-0.118722	
-0.271906	-0.248499	-0.24333	-0.263404	-0.294325	-0.302123	-0.276254	-0.248517	-0.243451	-0.261671	-0.28457	-0.292261	-0.285891	-0.274315	-0.260355	-0.252236	-0.246377	-0.226952	-0.2056	-0.195946	-0.200845	-0.207214	-0.195826	-0.182034	-0.184208	
-0.25126	-0.229674	-0.219325	-0.233	-0.253793	-0.258891	-0.24195	-0.222103	-0.223298	-0.242136	-0.262893	-0.275529	-0.280136	-0.281545	-0.283761	-0.289043	-0.288301	-0.275115	-0.249296	-0.234365	-0.241085	-0.248563	-0.253076	-0.255271	-0.270465	
-0.238145	-0.220608	-0.207884	-0.212147	-0.222097	-0.224423	-0.216417	-0.207373	-0.213908	-0.231279	-0.247765	-0.262764	-0.274249	-0.285385	-0.298757	-0.310615	-0.314581	-0.304284	-0.279116	-0.262155	-0.266769	-0.279115	-0.297351	-0.320588	-0.355835	
-0.234499	-0.227462	-0.217382	-0.216018	-0.215137	-0.216116	-0.215752	-0.215572	-0.224233	-0.230979	-0.239728	-0.248651	-0.261309	-0.281899	-0.298913	-0.316786	-0.321993	-0.309888	-0.284027	-0.261771	-0.260714	-0.275813	-0.31492	-0.364732	-0.425241	
-0.240458	-0.248493	-0.246001	-0.240974	-0.232418	-0.230514	-0.237581	-0.243851	-0.24888	-0.243908	-0.236209	-0.235279	-0.244747	-0.263356	-0.283251	-0.29877	-0.299653	-0.290115	-0.263744	-0.239565	-0.23828	-0.258526	-0.317841	-0.397025	-0.481985	
-0.248493	-0.270325	-0.277245	-0.267862	-0.252186	-0.248984	-0.261225	-0.275034	-0.275642	-0.258092	-0.234794	-0.221194	-0.22469	-0.240528	-0.259509	-0.271948	-0.272577	-0.263743	-0.243361	-0.220578	-0.21382	-0.242476	-0.31599	-0.418936	-0.527524	
-0.246001	-0.277245	-0.288744	-0.275555	-0.253236	-0.248237	-0.265923	-0.286068	-0.285312	-0.259082	-0.227675	-0.208568	-0.212493	-0.234187	-0.255683	-0.269478	-0.269997	-0.259872	-0.24088	-0.21453	-0.200651	-0.228952	-0.313644	-0.431959	-0.550997	
-0.240974	-0.267862	-0.275555	-0.250697	-0.220234	-0.213126	-0.237125	-0.26886	-0.274124	-0.253413	-0.223467	-0.210674	-0.222937	-0.250504	-0.281263	-0.294449	-0.294846	-0.284014	-0.261423	-0.2264	-0.197103	-0.217491	-0.296974	-0.421462	-0.548523	
-0.232418	-0.252186	-0.253236	-0.220234	-0.183425	-0.175097	-0.203626	-0.243851	-0.255882	-0.241855	-0.219556	-0.215621	-0.239227	-0.277945	-0.315915	-0.332283	-0.331882	-0.315119	-0.286374	-0.239893	-0.19464	-0.205504	-0.2791	-0.402373	-0.532326	
-0.230514	-0.248984	-0.248237	-0.213126	-0.175097	-0.166346	-0.195837	-0.237768	-0.252014	-0.239097	-0.219441	-0.217608	-0.24278	-0.285235	-0.323573	-0.340712	-0.340684	-0.321617	-0.291167	-0.242039	-0.193973	-0.20161	-0.275555	-0.399537	-0.527695	
-0.237581	-0.261225	-0.265923	-0.237125	-0.203626	-0.195837	-0.222395	-0.257946	-0.266437	-0.249126	-0.221636	-0.213279	-0.230126	-0.261775	-0.296333	-0.310156	-0.310354	-0.297467	-0.272857	-0.232809	-0.196236	-0.212796	-0.288432	-0.412791	-0.542285	
-0.243851	-0.275034	-0.286068	-0.26886	-0.243851	-0.237768	-0.257946	-0.282309	-0.282655	-0.257302	-0.22529	-0.207437	-0.214162	-0.238226	-0.262901	-0.276743	-0.277113	-0.266604	-0.246873	-0.217638	-0.198455	-0.224595	-0.309064	-0.430704	-0.553377	
-0.24888	-0.275642	-0.285312	-0.274124	-0.255882	-0.252014	-0.266437	-0.282655	-0.282598	-0.260211	-0.232751	-0.215881	-0.217429	-0.235434	-0.253968	-0.266461	-0.267879	-0.258099	-0.239701	-0.216079	-0.20701	-0.236193	-0.315171	-0.426453	-0.539738	
-0.243908	-0.258092	-0.259082	-0.253413	-0.241855	-0.239097	-0.249126	-0.257302	-0.260211	-0.25027	-0.234806	-0.229493	-0.236566	-0.253197	-0.273566	-0.287342	-0.287393	-0.278463	-0.254629	-0.230938	-0.228142	-0.25271	-0.317478	-0.406398	-0.50235	
-0.236209	-0.234794	-0.227675	-0.223467	-0.219556	-0.219441	-0.221636	-0.22529	-0.232751	-0.234806	-0.238673	-0.243457	-0.255437	-0.276606	-0.294377	-0.312276	-0.316272	-0.304565	-0.277604	-0.254226	-0.252392	-0.268427	-0.316798	-0.379214	-0.449338	
-0.235279	-0.221194	-0.208568	-0.210674	-0.215621	-0.217608	-0.213279	-0.207437	-0.215881	-0.229493	-0.243457	-0.257613	-0.26995	-0.285599	-0.30089	-0.31551	-0.320533	-0.30941	-0.284829	-0.265748	-0.268247	-0.282086	-0.307034	-0.340091	-0.385088	
-0.244747	-0.22469	-0.212493	-0.222937	-0.239227	-0.24278	-0.230126	-0.214162	-0.217429	-0.236566	-0.255437	-0.26995	-0.278383	-0.283328	-0.29139	-0.299859	-0.300895	-0.289925	-0.263312	-0.247713	-0.254209	-0.263468	-0.273734	-0.28352	-0.306565	
-0.263356	-0.240528	-0.234187	-0.250504	-0.277945	-0.285235	-0.261775	-0.238226	-0.235434	-0.253197	-0.276606	-0.285599	-0.283328	-0.27762	-0.269215	-0.266739	-0.264134	-0.246804	-0.223487	-0.212407	-0.21767	-0.22403	-0.21865	-0.2106	-0.216776	
-0.283251	-0.259509	-0.255683	-0.281263	-0.315915	-0.323573	-0.296333	-0.262901	-0.253968	-0.273566	-0.294377	-0.30089	-0.29139	-0.269215	-0.249195	-0.233747	-0.219494	-0.199904	-0.179059	-0.169805	-0.176403	-0.181537	-0.163263	-0.14323	-0.141594	
-0.29877	-0.271948	-0.269478	-0.294449	-0.332283	-0.340712	-0.310156	-0.276743	-0.266461	-0.287342	-0.312276	-0.31551	-0.299859	-0.266739	-0.233747	-0.206381	-0.182702	-0.16139	-0.140919	-0.135287	-0.14053	-0.139176	-0.117916	-0.0967727	-0.0941081	
-0.299653	-0.272577	-0.269997	-0.294846	-0.331882	-0.340684	-0.310354	-0.277113	-0.267879	-0.287393	-0.316272	-0.320533	-0.300895	-0.264134	-0.219494	-0.182702	-0.15229	-0.127289	-0.115811	-0.116896	-0.123779	-0.122705	-0.101018	-0.082613	-0.0815392	
-0.290115	-0.263743	-0.259872	-0.284014	-0.315119	-0.321617	-0.297467	-0.266604	-0.258099	-0.278463	-0.304565	-0.30941	-0.289925	-0.246804	-0.199904	-0.16139	-0.127289	-0.111013	-0.110844	-0.120111	-0.13131	-0.129891	-0.112277	-0.103069	-0.113561	
-0.263744	-0.243361	-0.24088	-0.261423	-0.286374	-0.291167	-0.272857	-0.246873	-0.239701	-0.254629	-0.277604	-0.284829	-0.263312	-0.223487	-0.179059	-0.140919	-0.115811	-0.110844	-0.126232	-0.154071	-0.17408	-0.174193	-0.166443	-0.166775	-0.182088	
-0.239565	-0.220578	-0.21453	-0.2264	-0.239893	-0.242039	-0.232809	-0.217638	-0.216079	-0.230938	-0.254226	-0.265748	-0.247713	-0.212407	-0.169805	-0.135287	-0.116896	-0.120111	-0.154071	-0.198852	-0.230455	-0.240866	-0.244223	-0.254353	-0.274644	
-0.23828	-0.21382	-0.200651	-0.197103	-0.19464	-0.193973	-0.196236	-0.198455	-0.20701	-0.228142	-0.252392	-0.268247	-0.254209	-0.21767	-0.176403	-0.14053	-0.123779	-0.13131	-0.17408	-0.230455	-0.27026	-0.292797	-0.308096	-0.33195	-0.364061	
-0.258526	-0.242476	-0.228952	-0.217491	-0.205504	-0.20161	-0.212796	-0.224595	-0.236193	-0.25271	-0.268427	-0.282086	-0.263468	-0.22403	-0.181537	-0.139176	-0.122705	-0.129891	-0.174193	-0.240866	-0.292797	-0.327037	-0.357619	-0.391473	-0.423836	
-0.317841	-0.31599	-0.313644	-0.296974	-0.2791	-0.275555	-0.288432	-0.309064	-0.315171	-0.317478	-0.316798	-0.307034	-0.273734	-0.21865	-0.163263	-0.117916	-0.101018	-0.112277	-0.166443	-0.244223	-0.308096	-0.357619	-0.392831	-0.425109	-0.449288	
-0.397025	-0.418936	-0.431959	-0.421462	-0.402373	-0.399537	-0.412791	-0.430704	-0.426453	-0.406398	-0.379214	-0.340091	-0.28352	-0.2106	-0.14323	-0.0967727	-0.082613	-0.103069	-0.166775	-0.254353	-0.33195	-0.391473	-0.425109	-0.442915	-0.440187	
-0.481985	-0.527524	-0.550997	-0.548523	-0.532326	-0.527695	-0.542285	-0.553377	-0.539738	-0.50235	-0.449338	-0.385088	-0.306565	-0.216776	-0.141594	-0.0941081	-0.0815392	-0.113561	-0.182088	-0.274644	-0.364061	-0.423836	-0.449288	-0.440187	-0.396501	
