-0.139126	-0.284919	-0.405724	-0.492857	-0.539827	-0.546638	-0.516769	-0.444761	-0.33675	-0.199811	-0.0440816	0.127996	0.310373	0.472113	0.591104	0.652047	0.670309	0.64068	0.562574	0.447632	0.325286	0.224647	0.150508	0.107806	0.0839777	
-0.107318	-0.24685	-0.379842	-0.482541	-0.536086	-0.546552	-0.509054	-0.426854	-0.301411	-0.163404	-0.019933	0.13845	0.306981	0.459594	0.56368	0.615163	0.621204	0.586172	0.49799	0.372491	0.243684	0.134379	0.0512985	-0.0017986	-0.0316686	
-0.0907728	-0.231978	-0.373018	-0.483867	-0.545073	-0.555145	-0.514327	-0.422318	-0.289656	-0.146425	-0.00869541	0.134308	0.284529	0.418411	0.509975	0.549977	0.544697	0.498266	0.402037	0.275194	0.144822	0.0267734	-0.0685711	-0.135551	-0.175843	
-0.106347	-0.250713	-0.389699	-0.493596	-0.550891	-0.559985	-0.522372	-0.436066	-0.308693	-0.163163	-0.0254728	0.103421	0.227766	0.336597	0.410242	0.438571	0.428703	0.383577	0.287123	0.155908	0.0236566	-0.0965527	-0.201094	-0.279229	-0.328311	
-0.165482	-0.297557	-0.426473	-0.519891	-0.566046	-0.574244	-0.543599	-0.469517	-0.351556	-0.216709	-0.091188	0.0251024	0.131405	0.219311	0.275598	0.302337	0.291067	0.247527	0.165135	0.0472893	-0.0825203	-0.211723	-0.325648	-0.413339	-0.468765	
-0.251153	-0.37017	-0.47703	-0.547806	-0.584221	-0.589712	-0.567058	-0.509552	-0.416557	-0.297906	-0.185475	-0.0882675	0.000231373	0.0730934	0.125685	0.153228	0.149041	0.113971	0.0509012	-0.0454405	-0.161349	-0.28427	-0.406715	-0.508336	-0.574304	
-0.335146	-0.429727	-0.503848	-0.544829	-0.564557	-0.566113	-0.555472	-0.523139	-0.464088	-0.373461	-0.280238	-0.201401	-0.134274	-0.0823155	-0.0374646	-0.00400184	0.0081568	-0.0101779	-0.0495229	-0.122195	-0.216803	-0.325811	-0.445015	-0.55116	-0.630308	
-0.384125	-0.438704	-0.473734	-0.487868	-0.492535	-0.493534	-0.49104	-0.481025	-0.455745	-0.407113	-0.347143	-0.289377	-0.240871	-0.207366	-0.170642	-0.134531	-0.111479	-0.113381	-0.130058	-0.179028	-0.25335	-0.337959	-0.443747	-0.544981	-0.634761	
-0.371032	-0.381017	-0.373503	-0.359836	-0.355254	-0.354742	-0.356717	-0.367317	-0.380173	-0.377224	-0.356628	-0.327312	-0.29843	-0.273996	-0.242587	-0.205229	-0.179597	-0.173805	-0.17969	-0.207027	-0.252469	-0.315781	-0.404665	-0.50217	-0.600396	
-0.286742	-0.252949	-0.204099	-0.163575	-0.149394	-0.147473	-0.155679	-0.184786	-0.233974	-0.276102	-0.29454	-0.291878	-0.281684	-0.269812	-0.24326	-0.209247	-0.183897	-0.174292	-0.174068	-0.186152	-0.210775	-0.260427	-0.344499	-0.444557	-0.546051	
-0.126366	-0.0562681	0.0226525	0.0767059	0.0951975	0.0981551	0.08748	0.0490543	-0.0244146	-0.101136	-0.153418	-0.174691	-0.183979	-0.1868	-0.168177	-0.136979	-0.109854	-0.097873	-0.0987187	-0.112699	-0.139959	-0.192393	-0.274558	-0.373403	-0.474321	
0.105749	0.19723	0.286621	0.342713	0.361085	0.363412	0.353212	0.314557	0.234817	0.140312	0.0614724	0.0114591	-0.0180125	-0.0293114	-0.0184352	0.00476488	0.0265046	0.0316808	0.0194671	-0.00401731	-0.0423447	-0.111857	-0.199089	-0.289014	-0.380347	
0.370902	0.469771	0.561847	0.614557	0.627606	0.628566	0.62277	0.589143	0.509072	0.40871	0.321301	0.256571	0.210048	0.187673	0.189017	0.195072	0.196123	0.186082	0.164134	0.124145	0.066572	-0.0178448	-0.113029	-0.201543	-0.281892	
0.642365	0.731027	0.810331	0.85865	0.873852	0.876497	0.867024	0.835144	0.764787	0.677004	0.593005	0.522791	0.471007	0.432755	0.415658	0.402182	0.384119	0.351982	0.31414	0.259658	0.181264	0.0859199	-0.0168285	-0.111585	-0.192737	
0.883299	0.950578	1.01291	1.05359	1.06743	1.06661	1.06236	1.03214	0.977414	0.91055	0.842776	0.775864	0.716432	0.669193	0.634692	0.607204	0.573821	0.52929	0.477908	0.405997	0.301082	0.18911	0.0786457	-0.0257449	-0.123765	
1.06656	1.11367	1.15617	1.18243	1.19049	1.19089	1.1882	1.16831	1.13199	1.08631	1.03648	0.979953	0.919435	0.872368	0.83108	0.790766	0.747951	0.703774	0.640995	0.548653	0.423646	0.283961	0.15321	0.0305945	-0.0822801	
1.17255	1.20004	1.22422	1.23914	1.24686	1.24734	1.24309	1.23117	1.21126	1.18298	1.15815	1.12652	1.07241	1.02271	0.986108	0.951267	0.906138	0.85639	0.777387	0.662759	0.517033	0.356113	0.208155	0.064783	-0.0600013	
1.20837	1.20801	1.21369	1.22393	1.23017	1.23143	1.2261	1.21863	1.20928	1.20702	1.20943	1.20414	1.17445	1.13711	1.11143	1.08315	1.04287	0.98062	0.880328	0.743685	0.580391	0.405135	0.241749	0.0873126	-0.0502061	
1.18374	1.15993	1.15052	1.15136	1.14521	1.14316	1.14899	1.15108	1.15375	1.17365	1.20023	1.22187	1.22709	1.21408	1.19759	1.17231	1.13291	1.06144	0.945166	0.796372	0.628469	0.44729	0.262696	0.0938211	-0.0556877	
1.11618	1.0695	1.04143	1.02326	1.0043	0.998663	1.01644	1.03367	1.0558	1.09542	1.15176	1.20549	1.23273	1.23968	1.23734	1.22535	1.18437	1.11006	0.992921	0.839683	0.668523	0.476814	0.275105	0.0840606	-0.0760511	
1.0215	0.955211	0.902908	0.863392	0.842123	0.836839	0.853164	0.885104	0.933131	0.992477	1.06863	1.14226	1.1899	1.22036	1.23975	1.24366	1.21149	1.14114	1.02773	0.882076	0.705021	0.497129	0.278442	0.0659686	-0.105814	
0.891462	0.822274	0.762358	0.709987	0.67912	0.673202	0.694696	0.739518	0.798066	0.861648	0.942202	1.03153	1.11092	1.17412	1.21707	1.23974	1.22642	1.16469	1.05802	0.921477	0.739927	0.518098	0.280494	0.0528532	-0.127898	
0.749241	0.673694	0.614002	0.568838	0.535359	0.53086	0.553263	0.595076	0.647023	0.717687	0.799221	0.893201	0.999393	1.1026	1.18218	1.22765	1.23456	1.18945	1.09901	0.965428	0.782896	0.554139	0.298096	0.0573468	-0.130149	
0.609854	0.534037	0.47334	0.43419	0.407372	0.402636	0.4212	0.456162	0.507222	0.578386	0.659975	0.759875	0.883313	1.01464	1.12952	1.20358	1.22958	1.21347	1.15001	1.02334	0.837592	0.603956	0.341113	0.0868533	-0.116539	
0.495859	0.427162	0.361389	0.313839	0.294642	0.29106	0.303133	0.338993	0.400346	0.467562	0.543538	0.64729	0.777643	0.922425	1.05641	1.1508	1.1995	1.21567	1.18128	1.07594	0.904225	0.668272	0.400333	0.135893	-0.0914614	
0.407018	0.336063	0.268498	0.215345	0.195519	0.192748	0.204604	0.243172	0.308756	0.377665	0.457044	0.560724	0.691552	0.83552	0.97257	1.08192	1.15985	1.20508	1.19489	1.11774	0.964863	0.744427	0.480541	0.210065	-0.0402192	
0.336063	0.250166	0.181551	0.137312	0.117289	0.1149	0.126726	0.160512	0.220207	0.300555	0.389808	0.487462	0.614594	0.764002	0.904064	1.02588	1.12771	1.19453	1.21174	1.15824	1.02362	0.824515	0.577894	0.305718	0.0399008	
0.268498	0.181551	0.117044	0.0801308	0.0647744	0.0634756	0.0710156	0.0996392	0.152712	0.232431	0.323542	0.424881	0.555067	0.703975	0.847423	0.986909	1.11276	1.19454	1.22776	1.19388	1.0777	0.897114	0.666727	0.397125	0.124281	
0.215345	0.137312	0.0801308	0.0462538	0.0366343	0.0371404	0.0399704	0.06361	0.112048	0.181437	0.272166	0.383646	0.513907	0.652755	0.800756	0.960185	1.10626	1.20213	1.24043	1.21432	1.11345	0.943432	0.717365	0.452119	0.181097	
0.195519	0.117289	0.0647744	0.0366343	0.032719	0.0331696	0.0338102	0.0493159	0.0932518	0.161622	0.252668	0.360916	0.482114	0.619151	0.77535	0.94091	1.09331	1.20395	1.24891	1.22094	1.12497	0.959347	0.730506	0.468502	0.200446	
0.192748	0.1149	0.0634756	0.0371404	0.0331696	0.0330766	0.0338344	0.0489767	0.0916646	0.158659	0.249461	0.356475	0.477835	0.613352	0.77009	0.935345	1.08922	1.20461	1.25013	1.22151	1.12407	0.961069	0.732089	0.470396	0.20302	
0.204604	0.126726	0.0710156	0.0399704	0.0338102	0.0338344	0.0357123	0.0552806	0.101868	0.170579	0.261402	0.372517	0.498542	0.636827	0.788244	0.952378	1.1015	1.20294	1.24402	1.2183	1.12191	0.952243	0.725005	0.461824	0.192213	
0.243172	0.160512	0.0996392	0.06361	0.0493159	0.0489767	0.0552806	0.0824957	0.133218	0.208311	0.299389	0.405849	0.537909	0.681928	0.826719	0.97503	1.11056	1.19812	1.23335	1.20393	1.09417	0.920055	0.693055	0.425056	0.152018	
0.308756	0.220207	0.152712	0.112048	0.0932518	0.0916646	0.101868	0.133218	0.190106	0.272364	0.363257	0.460455	0.587896	0.738762	0.880866	1.00841	1.1192	1.19255	1.21887	1.17429	1.04679	0.855596	0.616003	0.344363	0.0745368	
0.377665	0.300555	0.232431	0.181437	0.161622	0.158659	0.170579	0.208311	0.272364	0.345706	0.42901	0.530752	0.659409	0.805	0.942801	1.05719	1.14566	1.20002	1.20071	1.13407	0.988834	0.776296	0.51812	0.246595	-0.0108677	
0.457044	0.389808	0.323542	0.272166	0.252668	0.249461	0.261402	0.299389	0.363257	0.42901	0.505498	0.61017	0.741659	0.886054	1.02237	1.12369	1.18407	1.21241	1.18707	1.09342	0.929004	0.697895	0.429658	0.161991	-0.0747289	
0.560724	0.487462	0.424881	0.383646	0.360916	0.356475	0.372517	0.405849	0.460455	0.530752	0.61017	0.711658	0.838288	0.978081	1.1031	1.18639	1.2198	1.21674	1.16622	1.04634	0.863929	0.6276	0.362728	0.104052	-0.10866	
0.691552	0.614594	0.555067	0.513907	0.482114	0.477835	0.498542	0.537909	0.587896	0.659409	0.741659	0.838288	0.953429	1.06809	1.16336	1.22039	1.23557	1.20092	1.11934	0.987299	0.802723	0.573237	0.313225	0.0665536	-0.125887	
0.83552	0.764002	0.703975	0.652755	0.619151	0.613352	0.636827	0.681928	0.738762	0.805	0.886054	0.978081	1.06809	1.14827	1.20476	1.23615	1.23054	1.17346	1.07214	0.937791	0.756812	0.529895	0.283935	0.0518547	-0.131643	
0.97257	0.904064	0.847423	0.800756	0.77535	0.77009	0.788244	0.826719	0.880866	0.942801	1.02237	1.1031	1.16336	1.20476	1.23217	1.24268	1.21845	1.15152	1.03968	0.897634	0.717666	0.504867	0.279106	0.0595821	-0.116228	
1.08192	1.02588	0.986909	0.960185	0.94091	0.935345	0.952378	0.97503	1.00841	1.05719	1.12369	1.18639	1.22039	1.23615	1.24268	1.23759	1.19763	1.12333	1.00855	0.857849	0.683546	0.485452	0.277242	0.0768352	-0.0878903	
1.15985	1.12771	1.11276	1.10626	1.09331	1.08922	1.1015	1.11056	1.1192	1.14566	1.18407	1.2198	1.23557	1.23054	1.21845	1.19763	1.15794	1.08428	0.96513	0.813286	0.645311	0.46143	0.269419	0.0916196	-0.0617378	
1.20508	1.19453	1.19454	1.20213	1.20395	1.20461	1.20294	1.19812	1.19255	1.20002	1.21241	1.21674	1.20092	1.17346	1.15152	1.12333	1.08428	1.01793	0.910088	0.767523	0.600994	0.421961	0.250291	0.0921086	-0.0503919	
1.19489	1.21174	1.22776	1.24043	1.24891	1.25013	1.24402	1.23335	1.21887	1.20071	1.18707	1.16622	1.11934	1.07214	1.03968	1.00855	0.96513	0.910088	0.822957	0.6991	0.544996	0.377665	0.224139	0.0753951	-0.0548577	
1.11774	1.15824	1.19388	1.21432	1.22094	1.22151	1.2183	1.20393	1.17429	1.13407	1.09342	1.04634	0.987299	0.937791	0.897634	0.857849	0.813286	0.767523	0.6991	0.598423	0.465665	0.31669	0.17761	0.0451425	-0.0714437	
0.964863	1.02362	1.0777	1.11345	1.12497	1.12407	1.12191	1.09417	1.04679	0.988834	0.929004	0.863929	0.802723	0.756812	0.717666	0.683546	0.645311	0.600994	0.544996	0.465665	0.351288	0.228567	0.111206	0.000972201	-0.103717	
0.744427	0.824515	0.897114	0.943432	0.959347	0.961069	0.952243	0.920055	0.855596	0.776296	0.697895	0.6276	0.573237	0.529895	0.504867	0.485452	0.46143	0.421961	0.377665	0.31669	0.228567	0.127724	0.0227481	-0.0754219	-0.162224	
0.480541	0.577894	0.666727	0.717365	0.730506	0.732089	0.725005	0.693055	0.616003	0.51812	0.429658	0.362728	0.313225	0.283935	0.279106	0.277242	0.269419	0.250291	0.224139	0.17761	0.111206	0.0227481	-0.0755675	-0.166134	-0.245067	
0.210065	0.305718	0.397125	0.452119	0.468502	0.470396	0.461824	0.425056	0.344363	0.246595	0.161991	0.104052	0.0665536	0.0518547	0.0595821	0.0768352	0.0916196	0.0921086	0.0753951	0.0451425	0.000972201	-0.0754219	-0.166134	-0.254606	-0.340069	
-0.0402192	0.0399008	0.124281	0.181097	0.200446	0.20302	0.192213	0.152018	0.0745368	-0.0108677	-0.0747289	-0.10866	-0.125887	-0.131643	-0.116228	-0.0878903	-0.0617378	-0.0503919	-0.0548577	-0.0714437	-0.103717	-0.162224	-0.245067	-0.340069	-0.438772	
