0.207996	0.227889	0.231849	0.225947	0.211619	0.207597	0.21995	0.231417	0.230279	0.218231	0.192758	0.169332	0.144987	0.133645	0.146775	0.162486	0.167456	0.147654	0.101019	0.0475545	-0.00748023	-0.0468867	-0.0823686	-0.129327	-0.186614	
0.404521	0.466375	0.502343	0.517141	0.520635	0.520385	0.519635	0.510255	0.484226	0.431783	0.360533	0.293024	0.243758	0.221683	0.223727	0.229584	0.225603	0.18487	0.116475	0.038731	-0.0330373	-0.0832627	-0.127811	-0.178305	-0.24106	
0.619888	0.722486	0.784317	0.81887	0.833723	0.836071	0.826588	0.801366	0.751277	0.665644	0.547429	0.437048	0.360929	0.325359	0.313689	0.311203	0.296588	0.242288	0.154078	0.0570279	-0.0298755	-0.0950833	-0.151785	-0.212452	-0.287594	
0.816374	0.950551	1.03815	1.08764	1.10879	1.11023	1.09952	1.06176	0.991076	0.87511	0.722716	0.574267	0.470261	0.415066	0.394285	0.386849	0.371501	0.311155	0.20825	0.0898963	-0.0173848	-0.10884	-0.184717	-0.255406	-0.338139	
0.967903	1.11732	1.22246	1.28117	1.29956	1.29967	1.29265	1.25163	1.1651	1.03258	0.86432	0.694365	0.565184	0.493498	0.462471	0.455445	0.441525	0.377728	0.263646	0.127564	-0.00724151	-0.123996	-0.226474	-0.31448	-0.401431	
1.04657	1.19429	1.30372	1.36057	1.37141	1.37089	1.36814	1.3332	1.24341	1.10975	0.944674	0.772003	0.63323	0.554383	0.520485	0.514126	0.496157	0.429887	0.306795	0.155312	-5.99521e-05	-0.142194	-0.273039	-0.387452	-0.48892	
1.03956	1.17549	1.27316	1.32202	1.32679	1.32492	1.32705	1.29954	1.21944	1.09806	0.944644	0.784877	0.658054	0.588801	0.56467	0.55849	0.536163	0.465497	0.33935	0.181887	0.0119742	-0.152225	-0.307345	-0.4543	-0.575327	
0.942634	1.06079	1.14037	1.17869	1.18349	1.18269	1.18334	1.16076	1.09725	0.994343	0.85842	0.722057	0.623848	0.578004	0.569964	0.56752	0.54409	0.475736	0.361206	0.214451	0.0460159	-0.129825	-0.305887	-0.479174	-0.624308	
0.75635	0.852807	0.915194	0.944907	0.955102	0.956843	0.950768	0.930501	0.881989	0.798537	0.687492	0.580767	0.516323	0.498276	0.50724	0.519298	0.508658	0.459844	0.372336	0.252865	0.100029	-0.0786079	-0.269413	-0.457757	-0.623911	
0.505278	0.57872	0.625015	0.650183	0.661471	0.665213	0.655305	0.637355	0.600375	0.537227	0.455103	0.38499	0.351625	0.35888	0.39168	0.432207	0.453039	0.437784	0.384804	0.29582	0.16684	-0.00178514	-0.190017	-0.379573	-0.554238	
0.223966	0.270965	0.301955	0.318998	0.325671	0.326031	0.322342	0.310309	0.285314	0.243951	0.194169	0.161818	0.15959	0.187165	0.248277	0.326467	0.386237	0.41469	0.402308	0.35033	0.25303	0.108463	-0.0646263	-0.247897	-0.429535	
-0.0564211	-0.034402	-0.0168297	-0.016246	-0.0194649	-0.0183371	-0.0187145	-0.0149727	-0.024815	-0.0485766	-0.0656162	-0.0656047	-0.0400893	0.0170639	0.104627	0.218542	0.317563	0.383078	0.413234	0.404299	0.345304	0.238202	0.0929306	-0.0750781	-0.256278	
-0.303963	-0.30075	-0.30416	-0.31218	-0.322401	-0.323538	-0.317506	-0.306136	-0.301706	-0.302543	-0.301522	-0.276021	-0.224409	-0.14311	-0.0305782	0.10586	0.233763	0.340321	0.412805	0.453226	0.439901	0.368173	0.248272	0.0953124	-0.074804	
-0.495309	-0.511589	-0.526483	-0.537498	-0.542751	-0.542689	-0.54057	-0.531583	-0.518209	-0.502062	-0.483306	-0.445401	-0.376972	-0.279212	-0.155689	-0.0128635	0.134803	0.273117	0.386707	0.471188	0.503196	0.470068	0.376289	0.242093	0.0968843	
-0.616291	-0.64948	-0.668878	-0.672703	-0.668042	-0.666159	-0.671256	-0.672017	-0.659388	-0.63062	-0.594423	-0.550386	-0.482038	-0.386486	-0.269966	-0.136556	0.0171309	0.172189	0.313482	0.43176	0.502658	0.51258	0.455603	0.352526	0.242673	
-0.663078	-0.70295	-0.719684	-0.710812	-0.70272	-0.701092	-0.707146	-0.717181	-0.713856	-0.68028	-0.636125	-0.589989	-0.536662	-0.463585	-0.367289	-0.25209	-0.10784	0.0499042	0.200004	0.337696	0.440304	0.489354	0.47585	0.415705	0.345893	
-0.643669	-0.67687	-0.677988	-0.662618	-0.655777	-0.656184	-0.658331	-0.672264	-0.680844	-0.659905	-0.619283	-0.582397	-0.545931	-0.499392	-0.429635	-0.337594	-0.213579	-0.0724905	0.0693193	0.206179	0.32697	0.40727	0.435202	0.423816	0.398873	
-0.568509	-0.58571	-0.577964	-0.564093	-0.562496	-0.563545	-0.56222	-0.571247	-0.585265	-0.578235	-0.552649	-0.532467	-0.514259	-0.488652	-0.450479	-0.390677	-0.297614	-0.18563	-0.0651382	0.059654	0.185288	0.290311	0.356428	0.390059	0.409882	
-0.469775	-0.477918	-0.474128	-0.464173	-0.46456	-0.46572	-0.463319	-0.469542	-0.478443	-0.473828	-0.465322	-0.465027	-0.466469	-0.461838	-0.451894	-0.425963	-0.372161	-0.289968	-0.198078	-0.0922119	0.0313545	0.150417	0.247994	0.323345	0.380775	
-0.390708	-0.398826	-0.397785	-0.387576	-0.379908	-0.37824	-0.384032	-0.394233	-0.400068	-0.393848	-0.391126	-0.407589	-0.426261	-0.437657	-0.44706	-0.442483	-0.422379	-0.379268	-0.319669	-0.240068	-0.126916	-0.00232403	0.114642	0.222516	0.317458	
-0.337676	-0.350298	-0.354299	-0.34471	-0.332325	-0.329574	-0.339704	-0.351429	-0.353868	-0.342354	-0.336467	-0.357118	-0.390178	-0.419393	-0.441813	-0.44792	-0.446834	-0.437226	-0.413341	-0.357216	-0.26267	-0.148732	-0.0263289	0.0985208	0.226852	
-0.309187	-0.325114	-0.333239	-0.328604	-0.322818	-0.320693	-0.326431	-0.332185	-0.329952	-0.315403	-0.305448	-0.316703	-0.348667	-0.388516	-0.421919	-0.436527	-0.452006	-0.469236	-0.479415	-0.452532	-0.379598	-0.278947	-0.157044	-0.0134585	0.142637	
-0.287744	-0.303408	-0.317221	-0.328617	-0.335474	-0.335718	-0.33229	-0.321892	-0.309164	-0.293975	-0.283073	-0.286907	-0.308084	-0.346914	-0.389446	-0.419916	-0.450729	-0.489353	-0.523864	-0.523702	-0.476808	-0.3885	-0.257966	-0.0933805	0.0901411	
-0.265232	-0.277623	-0.299902	-0.324344	-0.340564	-0.343206	-0.332453	-0.309667	-0.285731	-0.268747	-0.264375	-0.270223	-0.283137	-0.312259	-0.352427	-0.396753	-0.444413	-0.501971	-0.554764	-0.574569	-0.550555	-0.47168	-0.329036	-0.142002	0.0708099	
-0.242291	-0.255295	-0.284458	-0.314012	-0.334125	-0.336588	-0.324326	-0.297352	-0.265406	-0.24453	-0.246451	-0.260391	-0.276034	-0.296686	-0.326148	-0.372513	-0.435804	-0.512419	-0.584481	-0.617881	-0.601707	-0.523702	-0.373115	-0.16239	0.0777635	
-0.231724	-0.248456	-0.282012	-0.315791	-0.337337	-0.341092	-0.326898	-0.296247	-0.260841	-0.235198	-0.23509	-0.256323	-0.279179	-0.30077	-0.323875	-0.365708	-0.434573	-0.529519	-0.619133	-0.663255	-0.643353	-0.552836	-0.388314	-0.160924	0.109755	
-0.248456	-0.267851	-0.301721	-0.338633	-0.366619	-0.371875	-0.35197	-0.316742	-0.28029	-0.253737	-0.249392	-0.267741	-0.293338	-0.316969	-0.338705	-0.376338	-0.441879	-0.541496	-0.645908	-0.7018	-0.680991	-0.576463	-0.392257	-0.146881	0.146321	
-0.282012	-0.301721	-0.33538	-0.376246	-0.412674	-0.419498	-0.392571	-0.350938	-0.313834	-0.288194	-0.281105	-0.292744	-0.31057	-0.326813	-0.344524	-0.377056	-0.439725	-0.533632	-0.641811	-0.713779	-0.700641	-0.593961	-0.402066	-0.1365	0.171865	
-0.315791	-0.338633	-0.376246	-0.425788	-0.46783	-0.476375	-0.445175	-0.394787	-0.352349	-0.323182	-0.311747	-0.320385	-0.328024	-0.32772	-0.335974	-0.36656	-0.430006	-0.521972	-0.626084	-0.70101	-0.699439	-0.603479	-0.411882	-0.141552	0.183477	
-0.337337	-0.366619	-0.412674	-0.46783	-0.514108	-0.523806	-0.489211	-0.434397	-0.383194	-0.346455	-0.332053	-0.338903	-0.339735	-0.326738	-0.324042	-0.355501	-0.428028	-0.522463	-0.621528	-0.69296	-0.691604	-0.604392	-0.421865	-0.148638	0.186396	
-0.341092	-0.371875	-0.419498	-0.476375	-0.523806	-0.532796	-0.49874	-0.44175	-0.388774	-0.350401	-0.335096	-0.341429	-0.341842	-0.325283	-0.321608	-0.352955	-0.428493	-0.523559	-0.622583	-0.691735	-0.68975	-0.603398	-0.423472	-0.148365	0.186235	
-0.326898	-0.35197	-0.392571	-0.445175	-0.489211	-0.49874	-0.465518	-0.412493	-0.366528	-0.334692	-0.321933	-0.330112	-0.333578	-0.327632	-0.331207	-0.361705	-0.428326	-0.521279	-0.62247	-0.696905	-0.696382	-0.604539	-0.416929	-0.145903	0.184818	
-0.296247	-0.316742	-0.350938	-0.394787	-0.434397	-0.44175	-0.412493	-0.367779	-0.328815	-0.302771	-0.294586	-0.303846	-0.317546	-0.327653	-0.341828	-0.373817	-0.435364	-0.527688	-0.635517	-0.709343	-0.70198	-0.599162	-0.405265	-0.137095	0.178172	
-0.260841	-0.28029	-0.313834	-0.352349	-0.383194	-0.388774	-0.366528	-0.328815	-0.292708	-0.266447	-0.260576	-0.276685	-0.299837	-0.321955	-0.34323	-0.377863	-0.442752	-0.540561	-0.647373	-0.710987	-0.692142	-0.584423	-0.396633	-0.14044	0.158475	
-0.235198	-0.253737	-0.288194	-0.323182	-0.346455	-0.350401	-0.334692	-0.302771	-0.266447	-0.239481	-0.237549	-0.258684	-0.284416	-0.30721	-0.329729	-0.370077	-0.437559	-0.536665	-0.633002	-0.680074	-0.659652	-0.562827	-0.389237	-0.156393	0.12487	
-0.23509	-0.249392	-0.281105	-0.311747	-0.332053	-0.335096	-0.321933	-0.294586	-0.260576	-0.237549	-0.240133	-0.257481	-0.275658	-0.296165	-0.321309	-0.366258	-0.4333	-0.518184	-0.597627	-0.636214	-0.618528	-0.536815	-0.382276	-0.16407	0.088514	
-0.256323	-0.267741	-0.292744	-0.320385	-0.338903	-0.341429	-0.330112	-0.303846	-0.276685	-0.258684	-0.257481	-0.266013	-0.279077	-0.303014	-0.340158	-0.386223	-0.44086	-0.505888	-0.56663	-0.591764	-0.573211	-0.495877	-0.350083	-0.152974	0.0700123	
-0.279179	-0.293338	-0.31057	-0.328024	-0.339735	-0.341842	-0.333578	-0.317546	-0.299837	-0.284416	-0.275658	-0.279077	-0.295384	-0.331634	-0.374323	-0.411989	-0.449046	-0.495727	-0.536866	-0.546248	-0.509323	-0.425655	-0.289807	-0.1169	0.0794049	
-0.30077	-0.316969	-0.326813	-0.32772	-0.326738	-0.325283	-0.327632	-0.327653	-0.321955	-0.30721	-0.296165	-0.303014	-0.331634	-0.372107	-0.409477	-0.430259	-0.451871	-0.477706	-0.499661	-0.483811	-0.421063	-0.325928	-0.200903	-0.0486759	0.117712	
-0.323875	-0.338705	-0.344524	-0.335974	-0.324042	-0.321608	-0.331207	-0.341828	-0.34323	-0.329729	-0.321309	-0.340158	-0.374323	-0.409477	-0.436469	-0.444761	-0.450621	-0.45213	-0.441827	-0.397957	-0.311422	-0.202993	-0.081735	0.0498486	0.189793	
-0.365708	-0.376338	-0.377056	-0.36656	-0.355501	-0.352955	-0.361705	-0.373817	-0.377863	-0.370077	-0.366258	-0.386223	-0.411989	-0.430259	-0.444761	-0.44637	-0.434477	-0.406615	-0.361724	-0.291284	-0.184437	-0.0625289	0.0593252	0.174019	0.28366	
-0.434573	-0.441879	-0.439725	-0.430006	-0.428028	-0.428493	-0.428326	-0.435364	-0.442752	-0.437559	-0.4333	-0.44086	-0.449046	-0.451871	-0.450621	-0.434477	-0.396573	-0.328406	-0.248983	-0.153844	-0.0325304	0.0900832	0.195919	0.286694	0.359056	
-0.529519	-0.541496	-0.533632	-0.521972	-0.522463	-0.523559	-0.521279	-0.527688	-0.540561	-0.536665	-0.518184	-0.505888	-0.495727	-0.477706	-0.45213	-0.406615	-0.328406	-0.228524	-0.118966	-8.67702e-05	0.124826	0.236476	0.317111	0.367583	0.403258	
-0.619133	-0.645908	-0.641811	-0.626084	-0.621528	-0.622583	-0.62247	-0.635517	-0.647373	-0.633002	-0.597627	-0.56663	-0.536866	-0.499661	-0.441827	-0.361724	-0.248983	-0.118966	0.0160633	0.148117	0.272075	0.363434	0.40662	0.414795	0.408486	
-0.663255	-0.7018	-0.713779	-0.70101	-0.69296	-0.691735	-0.696905	-0.709343	-0.710987	-0.680074	-0.636214	-0.591764	-0.546248	-0.483811	-0.397957	-0.291284	-0.153844	-8.67702e-05	0.148117	0.288654	0.399932	0.462776	0.466139	0.425161	0.372366	
-0.643353	-0.680991	-0.700641	-0.699439	-0.691604	-0.68975	-0.696382	-0.70198	-0.692142	-0.659652	-0.618528	-0.573211	-0.509323	-0.421063	-0.311422	-0.184437	-0.0325304	0.124826	0.272075	0.399932	0.48461	0.511333	0.471385	0.384073	0.289734	
-0.552836	-0.576463	-0.593961	-0.603479	-0.604392	-0.603398	-0.604539	-0.599162	-0.584423	-0.562827	-0.536815	-0.495877	-0.425655	-0.325928	-0.202993	-0.0625289	0.0900832	0.236476	0.363434	0.462776	0.511333	0.49526	0.41423	0.291141	0.159434	
-0.388314	-0.392257	-0.402066	-0.411882	-0.421865	-0.423472	-0.416929	-0.405265	-0.396633	-0.389237	-0.382276	-0.350083	-0.289807	-0.200903	-0.081735	0.0593252	0.195919	0.317111	0.40662	0.466139	0.471385	0.41423	0.304379	0.157724	-0.00437601	
-0.160924	-0.146881	-0.1365	-0.141552	-0.148638	-0.148365	-0.145903	-0.137095	-0.14044	-0.156393	-0.16407	-0.152974	-0.1169	-0.0486759	0.0498486	0.174019	0.286694	0.367583	0.414795	0.425161	0.384073	0.291141	0.157724	-0.00433081	-0.182538	
0.109755	0.146321	0.171865	0.183477	0.186396	0.186235	0.184818	0.178172	0.158475	0.12487	0.088514	0.0700123	0.0794049	0.117712	0.189793	0.28366	0.359056	0.403258	0.408486	0.372366	0.289734	0.159434	-0.00437601	-0.182538	-0.364964	
