-0.0778859	-0.107811	-0.135779	-0.144751	-0.130633	-0.115889	-0.119126	-0.141503	-0.173892	-0.208158	-0.233186	-0.267471	-0.302555	-0.318925	-0.322466	-0.330153	-0.317782	-0.270548	-0.193993	-0.103933	0.00177165	0.126957	0.272966	0.431901	0.594893	
-0.107811	-0.142354	-0.163322	-0.168792	-0.15804	-0.142741	-0.134177	-0.137977	-0.158339	-0.183749	-0.204217	-0.237488	-0.273481	-0.290358	-0.300042	-0.319089	-0.322799	-0.293446	-0.232645	-0.148823	-0.0483557	0.0707164	0.206021	0.352256	0.497849	
-0.135779	-0.163322	-0.177817	-0.19011	-0.188098	-0.165533	-0.144174	-0.136571	-0.146292	-0.156662	-0.16911	-0.197831	-0.227011	-0.2378	-0.244256	-0.260683	-0.269393	-0.254605	-0.212066	-0.139472	-0.0511829	0.0526175	0.165065	0.286661	0.403251	
-0.144751	-0.168792	-0.19011	-0.209588	-0.210677	-0.187741	-0.166946	-0.151225	-0.139104	-0.132146	-0.140242	-0.159647	-0.174222	-0.174753	-0.171416	-0.172549	-0.171152	-0.161824	-0.131349	-0.0760128	-0.00521105	0.0695241	0.148218	0.228962	0.305835	
-0.130633	-0.15804	-0.188098	-0.210677	-0.218247	-0.212425	-0.199377	-0.172806	-0.140595	-0.123192	-0.121891	-0.123699	-0.121731	-0.114316	-0.095672	-0.0742814	-0.0549564	-0.0386913	-0.0131082	0.0256383	0.0706282	0.109328	0.142172	0.171316	0.194379	
-0.115889	-0.142741	-0.165533	-0.187741	-0.212425	-0.227873	-0.2234	-0.197091	-0.160035	-0.130576	-0.11148	-0.0932403	-0.0780663	-0.0565449	-0.0172885	0.0232704	0.0608678	0.0920959	0.120718	0.141423	0.156957	0.15659	0.141074	0.112717	0.0743575	
-0.119126	-0.134177	-0.144174	-0.166946	-0.199377	-0.2234	-0.233736	-0.221991	-0.184879	-0.142308	-0.106158	-0.0715605	-0.0372365	0.0104049	0.0690393	0.123509	0.175856	0.226113	0.254879	0.256285	0.239599	0.203462	0.144045	0.0623579	-0.0333417	
-0.141503	-0.137977	-0.136571	-0.151225	-0.172806	-0.197091	-0.221991	-0.222968	-0.191132	-0.143941	-0.0988197	-0.0506909	0.00668953	0.0788131	0.153541	0.217445	0.284253	0.34303	0.36605	0.344866	0.297965	0.228625	0.13531	0.0144801	-0.121351	
-0.173892	-0.158339	-0.146292	-0.139104	-0.140595	-0.160035	-0.184879	-0.191132	-0.164092	-0.115458	-0.0660934	-0.00965947	0.0624991	0.150018	0.230833	0.302526	0.372128	0.425459	0.434297	0.392581	0.316581	0.216349	0.0986138	-0.0428669	-0.195567	
-0.208158	-0.183749	-0.156662	-0.132146	-0.123192	-0.130576	-0.142308	-0.143941	-0.115458	-0.0648709	-0.013499	0.0490574	0.131685	0.217127	0.293559	0.361277	0.419502	0.452467	0.445228	0.388536	0.290304	0.166652	0.0336943	-0.11118	-0.26177	
-0.233186	-0.204217	-0.16911	-0.140242	-0.121891	-0.11148	-0.106158	-0.0988197	-0.0660934	-0.013499	0.0445392	0.122786	0.206427	0.278854	0.339527	0.39084	0.418385	0.420671	0.395936	0.330883	0.224839	0.0922749	-0.0439628	-0.182177	-0.320436	
-0.267471	-0.237488	-0.197831	-0.159647	-0.123699	-0.0932403	-0.0715605	-0.0506909	-0.00965947	0.0490574	0.122786	0.209252	0.28772	0.346413	0.38888	0.405096	0.387336	0.352116	0.30371	0.231229	0.129372	0.00618938	-0.1221	-0.248282	-0.373691	
-0.302555	-0.273481	-0.227011	-0.174222	-0.121731	-0.0780663	-0.0372365	0.00668953	0.0624991	0.131685	0.206427	0.28772	0.361747	0.415229	0.429987	0.401792	0.3425	0.271025	0.19192	0.105344	0.013951	-0.0890036	-0.197923	-0.309354	-0.420798	
-0.318925	-0.290358	-0.2378	-0.174753	-0.114316	-0.0565449	0.0104049	0.0788131	0.150018	0.217127	0.278854	0.346413	0.415229	0.449164	0.426118	0.364569	0.280139	0.179327	0.0669907	-0.0353363	-0.122008	-0.204194	-0.29043	-0.3819	-0.47278	
-0.322466	-0.300042	-0.244256	-0.171416	-0.095672	-0.0172885	0.0690393	0.153541	0.230833	0.293559	0.339527	0.38888	0.429987	0.426118	0.373074	0.296291	0.198384	0.0767351	-0.0522432	-0.166549	-0.256326	-0.329323	-0.394762	-0.462541	-0.520754	
-0.330153	-0.319089	-0.260683	-0.172549	-0.0742814	0.0232704	0.123509	0.217445	0.302526	0.361277	0.39084	0.405096	0.401792	0.364569	0.296291	0.210611	0.100855	-0.0223435	-0.148114	-0.264554	-0.36313	-0.434097	-0.485189	-0.524953	-0.544395	
-0.317782	-0.322799	-0.269393	-0.171152	-0.0549564	0.0608678	0.175856	0.284253	0.372128	0.419502	0.418385	0.387336	0.3425	0.280139	0.198384	0.100855	-0.00829798	-0.119435	-0.231003	-0.343542	-0.441872	-0.510813	-0.547441	-0.55812	-0.541496	
-0.270548	-0.293446	-0.254605	-0.161824	-0.0386913	0.0920959	0.226113	0.34303	0.425459	0.452467	0.420671	0.352116	0.271025	0.179327	0.0767351	-0.0223435	-0.119435	-0.214691	-0.314506	-0.412119	-0.49817	-0.555557	-0.574853	-0.557027	-0.519102	
-0.193993	-0.232645	-0.212066	-0.131349	-0.0131082	0.120718	0.254879	0.36605	0.434297	0.445228	0.395936	0.30371	0.19192	0.0669907	-0.0522432	-0.148114	-0.231003	-0.314506	-0.396226	-0.469621	-0.530027	-0.56587	-0.562546	-0.527482	-0.482486	
-0.103933	-0.148823	-0.139472	-0.0760128	0.0256383	0.141423	0.256285	0.344866	0.392581	0.388536	0.330883	0.231229	0.105344	-0.0353363	-0.166549	-0.264554	-0.343542	-0.412119	-0.469621	-0.509881	-0.535312	-0.53785	-0.517187	-0.480311	-0.438483	
0.00177165	-0.0483557	-0.0511829	-0.00521105	0.0706282	0.156957	0.239599	0.297965	0.316581	0.290304	0.224839	0.129372	0.013951	-0.122008	-0.256326	-0.36313	-0.441872	-0.49817	-0.530027	-0.535312	-0.517314	-0.486521	-0.456486	-0.428766	-0.389372	
0.126957	0.0707164	0.0526175	0.0695241	0.109328	0.15659	0.203462	0.228625	0.216349	0.166652	0.0922749	0.00618938	-0.0890036	-0.204194	-0.329323	-0.434097	-0.510813	-0.555557	-0.56587	-0.53785	-0.486521	-0.432582	-0.396182	-0.368031	-0.330707	
0.272966	0.206021	0.165065	0.148218	0.142172	0.141074	0.144045	0.13531	0.0986138	0.0336943	-0.0439628	-0.1221	-0.197923	-0.29043	-0.394762	-0.485189	-0.547441	-0.574853	-0.562546	-0.517187	-0.456486	-0.396182	-0.344822	-0.303127	-0.269029	
0.431901	0.352256	0.286661	0.228962	0.171316	0.112717	0.0623579	0.0144801	-0.0428669	-0.11118	-0.182177	-0.248282	-0.309354	-0.3819	-0.462541	-0.524953	-0.55812	-0.557027	-0.527482	-0.480311	-0.428766	-0.368031	-0.303127	-0.248416	-0.222975	
0.594893	0.497849	0.403251	0.305835	0.194379	0.0743575	-0.0333417	-0.121351	-0.195567	-0.26177	-0.320436	-0.373691	-0.420798	-0.47278	-0.520754	-0.544395	-0.541496	-0.519102	-0.482486	-0.438483	-0.389372	-0.330707	-0.269029	-0.222975	-0.207227	
0.750182	0.636053	0.510139	0.367398	0.203714	0.0304666	-0.12405	-0.244444	-0.334825	-0.402893	-0.455302	-0.497585	-0.526429	-0.546587	-0.551377	-0.531848	-0.502472	-0.472507	-0.438114	-0.390276	-0.335941	-0.282706	-0.245141	-0.224597	-0.21966	
0.892698	0.752812	0.589061	0.405501	0.20176	-0.00765292	-0.193301	-0.340715	-0.452566	-0.533362	-0.585597	-0.613181	-0.613573	-0.595075	-0.558267	-0.505269	-0.455943	-0.420403	-0.384591	-0.336822	-0.285265	-0.24742	-0.234615	-0.238307	-0.242408	
1.01938	0.849235	0.647662	0.427844	0.196515	-0.0338369	-0.241982	-0.416444	-0.556892	-0.657044	-0.709374	-0.717339	-0.685706	-0.634099	-0.569457	-0.492574	-0.421874	-0.368073	-0.326832	-0.288465	-0.258773	-0.24129	-0.242805	-0.253663	-0.261366	
1.11554	0.921903	0.689861	0.44161	0.188027	-0.0591719	-0.28159	-0.472845	-0.631828	-0.745701	-0.799854	-0.794365	-0.740607	-0.665564	-0.580516	-0.484217	-0.391284	-0.319244	-0.272404	-0.249528	-0.245804	-0.251139	-0.259759	-0.266943	-0.267982	
1.16599	0.966255	0.718477	0.448982	0.176015	-0.0825624	-0.309641	-0.501553	-0.662435	-0.781347	-0.839392	-0.833518	-0.770808	-0.681252	-0.579592	-0.467829	-0.362965	-0.282385	-0.235683	-0.221421	-0.235386	-0.25686	-0.273265	-0.2751	-0.266366	
1.17376	0.973048	0.722522	0.449295	0.172973	-0.088572	-0.315705	-0.506477	-0.666346	-0.784825	-0.844596	-0.839007	-0.775817	-0.682804	-0.577159	-0.462375	-0.355489	-0.274974	-0.227774	-0.215388	-0.23139	-0.256843	-0.274696	-0.276032	-0.264662	
1.14122	0.943757	0.703815	0.445698	0.18316	-0.0689987	-0.294455	-0.487351	-0.648514	-0.765671	-0.821055	-0.815103	-0.756292	-0.674327	-0.581322	-0.477712	-0.37934	-0.302743	-0.255889	-0.236511	-0.241596	-0.25433	-0.266821	-0.271365	-0.268246	
1.06296	0.881301	0.665779	0.433683	0.193696	-0.0439235	-0.258668	-0.441867	-0.592119	-0.698667	-0.75176	-0.752188	-0.71024	-0.64785	-0.574882	-0.489969	-0.4096	-0.347973	-0.303644	-0.271808	-0.252373	-0.244505	-0.248898	-0.259381	-0.265356	
0.945655	0.794092	0.614954	0.416081	0.199729	-0.0189207	-0.214487	-0.37279	-0.49593	-0.584829	-0.636844	-0.657017	-0.643619	-0.611134	-0.561993	-0.498804	-0.441277	-0.399036	-0.361723	-0.316341	-0.272204	-0.241562	-0.23612	-0.2447	-0.25157	
0.808578	0.685194	0.544686	0.384863	0.203814	0.0134316	-0.155172	-0.286637	-0.384366	-0.45534	-0.507696	-0.544688	-0.563845	-0.567965	-0.555087	-0.520659	-0.483028	-0.451783	-0.417131	-0.368617	-0.313143	-0.265323	-0.238413	-0.229365	-0.228283	
0.65858	0.555032	0.448456	0.333411	0.200138	0.0575678	-0.0709669	-0.172998	-0.253706	-0.319873	-0.374578	-0.424184	-0.464921	-0.505957	-0.537001	-0.543088	-0.52851	-0.50177	-0.465703	-0.420334	-0.369801	-0.312264	-0.258819	-0.221604	-0.210171	
0.497512	0.411133	0.333884	0.259905	0.18123	0.0979413	0.0249625	-0.0393587	-0.104281	-0.171854	-0.238235	-0.298172	-0.354167	-0.418787	-0.48822	-0.535778	-0.554301	-0.542961	-0.509019	-0.463822	-0.414883	-0.354976	-0.288043	-0.233779	-0.21203	
0.335102	0.263597	0.213174	0.180784	0.154368	0.131246	0.113471	0.0902002	0.0450206	-0.0227684	-0.0989033	-0.173056	-0.241814	-0.326462	-0.421849	-0.502811	-0.554586	-0.571093	-0.551122	-0.503837	-0.446399	-0.385288	-0.327107	-0.278372	-0.247373	
0.182976	0.123177	0.0966101	0.100347	0.123302	0.152207	0.182479	0.193658	0.170889	0.114718	0.0378393	-0.0450153	-0.132581	-0.237748	-0.355896	-0.456039	-0.528901	-0.567908	-0.569447	-0.532366	-0.47389	-0.415601	-0.374047	-0.341934	-0.305356	
0.0497334	-0.00266925	-0.0111629	0.0247196	0.0872527	0.159453	0.228048	0.273284	0.278578	0.242699	0.174025	0.0816471	-0.0260135	-0.155098	-0.286873	-0.394968	-0.473722	-0.525963	-0.548847	-0.539795	-0.505709	-0.463539	-0.431783	-0.406449	-0.367697	
-0.0641024	-0.110507	-0.105667	-0.049273	0.0428988	0.147659	0.251412	0.328786	0.365481	0.353294	0.292684	0.194091	0.0695679	-0.0709381	-0.204812	-0.306085	-0.38567	-0.448767	-0.495481	-0.521453	-0.529827	-0.518295	-0.493303	-0.460395	-0.419856	
-0.159196	-0.201427	-0.18653	-0.111681	0.00155724	0.130184	0.257672	0.362043	0.423253	0.428761	0.375206	0.277952	0.158051	0.0237841	-0.1006	-0.196435	-0.276612	-0.354829	-0.426636	-0.487557	-0.535364	-0.559346	-0.547648	-0.510049	-0.465533	
-0.242783	-0.272141	-0.240739	-0.152947	-0.0301193	0.104363	0.241393	0.357127	0.434657	0.455039	0.414579	0.334734	0.240207	0.134758	0.0242128	-0.0730889	-0.163937	-0.254054	-0.347678	-0.436544	-0.514312	-0.564628	-0.574857	-0.547698	-0.505393	
-0.302897	-0.31487	-0.266752	-0.168923	-0.0488226	0.0742467	0.197466	0.310763	0.396891	0.436874	0.422357	0.374529	0.314993	0.242037	0.15221	0.05215	-0.0528362	-0.157445	-0.263954	-0.372463	-0.467251	-0.533178	-0.563009	-0.561846	-0.534165	
-0.329576	-0.324288	-0.266017	-0.172333	-0.066511	0.0376511	0.144009	0.243773	0.330767	0.386173	0.405132	0.401309	0.38046	0.333234	0.26055	0.169755	0.0581346	-0.0610708	-0.181472	-0.297483	-0.397488	-0.467673	-0.513382	-0.541843	-0.545891	
-0.324767	-0.306434	-0.250822	-0.171949	-0.0866345	0.000167131	0.0914474	0.179895	0.260053	0.321775	0.362045	0.399621	0.423376	0.404425	0.344255	0.264314	0.160955	0.0361421	-0.0934183	-0.210124	-0.303246	-0.37467	-0.433376	-0.491264	-0.534086	
-0.32111	-0.293622	-0.239154	-0.173212	-0.108404	-0.0426717	0.0338134	0.109451	0.183504	0.248543	0.303904	0.365657	0.426712	0.445889	0.409011	0.339822	0.249816	0.138831	0.0175587	-0.0908317	-0.177819	-0.254722	-0.331745	-0.414424	-0.493829	
-0.311807	-0.282383	-0.233424	-0.175972	-0.120075	-0.0708022	-0.0196768	0.034479	0.0968902	0.167008	0.237304	0.313307	0.386662	0.43514	0.434995	0.391369	0.319762	0.235757	0.142811	0.049977	-0.0387169	-0.132939	-0.232672	-0.336648	-0.440781	
-0.282814	-0.25369	-0.211673	-0.166675	-0.123335	-0.0876925	-0.0586693	-0.0294733	0.0168409	0.0803011	0.157089	0.242586	0.318624	0.375193	0.409013	0.407384	0.371518	0.320435	0.261169	0.183807	0.086648	-0.0299815	-0.151605	-0.272328	-0.391984	
-0.24527	-0.21454	-0.178175	-0.147754	-0.122944	-0.103097	-0.0915733	-0.0800005	-0.0451215	0.00902912	0.0736263	0.15671	0.238393	0.303974	0.358158	0.397893	0.407895	0.39551	0.361811	0.294701	0.189166	0.0586789	-0.0764143	-0.210017	-0.343012	
