0.899486	0.721139	0.498539	0.255582	0.0146604	-0.193545	-0.354546	-0.449641	-0.468287	-0.436513	-0.36867	-0.285474	-0.199593	-0.129827	-0.0829809	-0.0564349	-0.0659198	-0.113751	-0.177131	-0.238168	-0.307151	-0.386561	-0.476345	-0.578992	-0.685143	
0.721139	0.555547	0.348131	0.117142	-0.104994	-0.292041	-0.425984	-0.497267	-0.497083	-0.442436	-0.346498	-0.228468	-0.114762	-0.0227524	0.0456006	0.0862257	0.0898713	0.0559129	-0.000252342	-0.0664583	-0.139396	-0.220609	-0.323609	-0.438956	-0.552542	
0.498539	0.348131	0.161028	-0.0488282	-0.248847	-0.412859	-0.516788	-0.557068	-0.533432	-0.449698	-0.318693	-0.171746	-0.0303838	0.0887571	0.182005	0.242115	0.26439	0.247312	0.199944	0.135674	0.051639	-0.0499437	-0.164416	-0.286296	-0.404405	
0.255582	0.117142	-0.0488282	-0.233604	-0.404494	-0.537719	-0.610914	-0.621084	-0.566688	-0.449327	-0.289025	-0.117734	0.0549454	0.204414	0.316783	0.388295	0.424829	0.42484	0.390505	0.329408	0.23076	0.108741	-0.0138542	-0.138596	-0.257018	
0.0146604	-0.104994	-0.248847	-0.404494	-0.546749	-0.651383	-0.697448	-0.675084	-0.582466	-0.428796	-0.248831	-0.0547178	0.139315	0.304583	0.4317	0.515942	0.558699	0.565725	0.539655	0.475017	0.363469	0.233977	0.111718	-0.00922775	-0.124138	
-0.193545	-0.292041	-0.412859	-0.537719	-0.651383	-0.734613	-0.754931	-0.697279	-0.569327	-0.390059	-0.190113	0.0209748	0.220983	0.389451	0.520715	0.610164	0.653406	0.660767	0.633808	0.561145	0.449859	0.32063	0.201516	0.0930751	-0.012221	
-0.354546	-0.425984	-0.516788	-0.610914	-0.697448	-0.754931	-0.751611	-0.672045	-0.528145	-0.333018	-0.119514	0.0940569	0.285862	0.447951	0.576021	0.666413	0.712172	0.714137	0.675036	0.595752	0.492968	0.373672	0.261136	0.160525	0.0676258	
-0.449641	-0.497267	-0.557068	-0.621084	-0.675084	-0.697279	-0.672045	-0.588442	-0.446807	-0.255491	-0.0440362	0.156387	0.326877	0.47537	0.593928	0.679285	0.726205	0.720142	0.672394	0.589199	0.493135	0.391334	0.295664	0.209153	0.127564	
-0.468287	-0.497083	-0.533432	-0.566688	-0.582466	-0.569327	-0.528145	-0.446807	-0.319945	-0.151796	0.0306559	0.209501	0.359132	0.488467	0.589411	0.657405	0.689824	0.673426	0.620776	0.544018	0.461697	0.381812	0.309594	0.239869	0.175149	
-0.436513	-0.442436	-0.449698	-0.449327	-0.428796	-0.390059	-0.333018	-0.255491	-0.151796	-0.0239773	0.119365	0.261573	0.384474	0.48474	0.559808	0.599182	0.608605	0.586799	0.538605	0.471018	0.412501	0.363963	0.317842	0.270465	0.234775	
-0.36867	-0.346498	-0.318693	-0.289025	-0.248831	-0.190113	-0.119514	-0.0440362	0.0306559	0.119365	0.216893	0.314598	0.401495	0.468595	0.510575	0.521095	0.509955	0.48201	0.436027	0.384806	0.35203	0.33917	0.324175	0.313635	0.313431	
-0.285474	-0.228468	-0.171746	-0.117734	-0.0547178	0.0209748	0.0940569	0.156387	0.209501	0.261573	0.314598	0.370359	0.415818	0.445083	0.457347	0.446925	0.416921	0.375	0.328316	0.297862	0.296211	0.312219	0.33097	0.359458	0.400609	
-0.199593	-0.114762	-0.0303838	0.0549454	0.139315	0.220983	0.285862	0.326877	0.359132	0.384474	0.401495	0.415818	0.417789	0.412017	0.402092	0.377711	0.338141	0.285209	0.237086	0.222982	0.247961	0.293852	0.348561	0.411945	0.492048	
-0.129827	-0.0227524	0.0887571	0.204414	0.304583	0.389451	0.447951	0.47537	0.488467	0.48474	0.468595	0.445083	0.412017	0.382314	0.3605	0.328824	0.282802	0.229818	0.185965	0.186736	0.233335	0.303432	0.389904	0.483948	0.596	
-0.0829809	0.0456006	0.182005	0.316783	0.4317	0.520715	0.576021	0.593928	0.589411	0.559808	0.510575	0.457347	0.402092	0.3605	0.331542	0.296575	0.256756	0.211703	0.182878	0.201668	0.264248	0.355701	0.46639	0.579211	0.704966	
-0.0564349	0.0862257	0.242115	0.388295	0.515942	0.610164	0.666413	0.679285	0.657405	0.599182	0.521095	0.446925	0.377711	0.328824	0.296575	0.262926	0.235591	0.212667	0.213574	0.257462	0.341652	0.453687	0.574896	0.694019	0.821313	
-0.0659198	0.0898713	0.26439	0.424829	0.558699	0.653406	0.712172	0.726205	0.689824	0.608605	0.509955	0.416921	0.338141	0.282802	0.256756	0.235591	0.221598	0.229589	0.269418	0.340002	0.445781	0.575869	0.701647	0.810736	0.925498	
-0.113751	0.0559129	0.247312	0.42484	0.565725	0.660767	0.714137	0.720142	0.673426	0.586799	0.48201	0.375	0.285209	0.229818	0.211703	0.212667	0.229589	0.271167	0.345723	0.442444	0.558714	0.688727	0.808282	0.91153	1.01073	
-0.177131	-0.000252342	0.199944	0.390505	0.539655	0.633808	0.675036	0.672394	0.620776	0.538605	0.436027	0.328316	0.237086	0.185965	0.182878	0.213574	0.269418	0.345723	0.439381	0.547456	0.662165	0.779812	0.887419	0.977175	1.06089	
-0.238168	-0.0664583	0.135674	0.329408	0.475017	0.561145	0.595752	0.589199	0.544018	0.471018	0.384806	0.297862	0.222982	0.186736	0.201668	0.257462	0.340002	0.442444	0.547456	0.65188	0.753935	0.847238	0.931203	1.00315	1.06585	
-0.307151	-0.139396	0.051639	0.23076	0.363469	0.449859	0.492968	0.493135	0.461697	0.412501	0.35203	0.296211	0.247961	0.233335	0.264248	0.341652	0.445781	0.558714	0.662165	0.753935	0.838688	0.900802	0.953275	1.00033	1.03687	
-0.386561	-0.220609	-0.0499437	0.108741	0.233977	0.32063	0.373672	0.391334	0.381812	0.363963	0.33917	0.312219	0.293852	0.303432	0.355701	0.453687	0.575869	0.688727	0.779812	0.847238	0.900802	0.935458	0.959235	0.982489	0.996019	
-0.476345	-0.323609	-0.164416	-0.0138542	0.111718	0.201516	0.261136	0.295664	0.309594	0.317842	0.324175	0.33097	0.348561	0.389904	0.46639	0.574896	0.701647	0.808282	0.887419	0.931203	0.953275	0.959235	0.955523	0.952587	0.94388	
-0.578992	-0.438956	-0.286296	-0.138596	-0.00922775	0.0930751	0.160525	0.209153	0.239869	0.270465	0.313635	0.359458	0.411945	0.483948	0.579211	0.694019	0.810736	0.91153	0.977175	1.00315	1.00033	0.982489	0.952587	0.921138	0.881159	
-0.685143	-0.552542	-0.404405	-0.257018	-0.124138	-0.012221	0.0676258	0.127564	0.175149	0.234775	0.313431	0.400609	0.492048	0.596	0.704966	0.821313	0.925498	1.01073	1.06089	1.06585	1.03687	0.996019	0.94388	0.881159	0.80609	
-0.784939	-0.65432	-0.505662	-0.354956	-0.216518	-0.103296	-0.0151265	0.0594509	0.128322	0.214245	0.322615	0.451122	0.585036	0.721538	0.851059	0.96056	1.04696	1.10991	1.14002	1.12503	1.07481	1.00551	0.920951	0.824987	0.727047	
-0.87158	-0.736894	-0.585729	-0.435485	-0.299951	-0.185178	-0.0873305	0.000336227	0.0945628	0.210953	0.353546	0.520464	0.690927	0.852848	1.00282	1.10577	1.16867	1.20197	1.20302	1.16572	1.09645	0.999877	0.889278	0.767133	0.647784	
-0.958698	-0.820604	-0.671489	-0.520765	-0.386996	-0.266057	-0.152668	-0.0459129	0.0798389	0.227702	0.401579	0.60069	0.798989	0.984264	1.13567	1.22696	1.26394	1.26246	1.2343	1.18034	1.10054	0.986352	0.853496	0.713181	0.581968	
-1.04493	-0.90137	-0.745754	-0.591656	-0.457826	-0.336615	-0.215086	-0.0827514	0.0736694	0.251991	0.447803	0.6659	0.885755	1.08484	1.23181	1.3094	1.32325	1.2953	1.24481	1.17713	1.08243	0.957885	0.814879	0.668635	0.537762	
-1.10063	-0.95004	-0.780811	-0.633301	-0.501684	-0.379568	-0.253537	-0.104428	0.0684896	0.262195	0.474269	0.702725	0.930883	1.13208	1.27864	1.34799	1.35645	1.31584	1.24783	1.16584	1.06004	0.92759	0.783075	0.646746	0.521067	
-1.11175	-0.957793	-0.785495	-0.640636	-0.509585	-0.386425	-0.258516	-0.106961	0.0673414	0.264321	0.478286	0.709744	0.938166	1.13748	1.28415	1.35338	1.36326	1.3207	1.24821	1.16275	1.05548	0.921093	0.779021	0.645165	0.519517	
-1.07191	-0.925081	-0.764311	-0.612114	-0.478794	-0.358251	-0.234858	-0.0940719	0.0705516	0.257316	0.460805	0.684355	0.908865	1.11037	1.25623	1.32983	1.33932	1.30435	1.2463	1.17302	1.07209	0.944363	0.799035	0.656872	0.527804	
-0.994969	-0.855505	-0.704988	-0.5522	-0.418357	-0.296684	-0.178715	-0.0618385	0.0776964	0.238982	0.421805	0.629515	0.83773	1.0306	1.1799	1.2649	1.29152	1.2783	1.24038	1.18032	1.09567	0.977036	0.838733	0.69358	0.561321	
-0.905859	-0.769253	-0.618705	-0.46895	-0.334653	-0.217241	-0.114166	-0.0196847	0.0859074	0.214512	0.371658	0.552786	0.735052	0.905874	1.05917	1.15872	1.21121	1.23085	1.21904	1.17468	1.10005	0.995078	0.874715	0.744754	0.619858	
-0.820551	-0.688622	-0.539154	-0.387756	-0.249814	-0.136325	-0.0442988	0.0348927	0.113512	0.211158	0.332174	0.475994	0.626437	0.773992	0.912318	1.01927	1.09694	1.14837	1.16835	1.14438	1.08646	1.00495	0.909867	0.801771	0.694224	
-0.726628	-0.595047	-0.448002	-0.299295	-0.163553	-0.0512715	0.032375	0.09836	0.154277	0.225085	0.315007	0.41971	0.527449	0.645584	0.761939	0.875484	0.972908	1.05017	1.09356	1.09032	1.05217	1.001	0.935807	0.859463	0.77516	
-0.621669	-0.486018	-0.3349	-0.187658	-0.0574629	0.0504553	0.123436	0.175716	0.212346	0.254139	0.312097	0.375084	0.441946	0.526365	0.626954	0.743233	0.855717	0.95156	1.01097	1.02874	1.01506	0.988687	0.950891	0.907638	0.851786	
-0.515721	-0.368796	-0.212224	-0.0638303	0.0636675	0.157769	0.219045	0.26032	0.282143	0.29769	0.318793	0.340455	0.372192	0.426068	0.511271	0.622484	0.746205	0.850916	0.925049	0.961526	0.973568	0.969173	0.954111	0.940094	0.920364	
-0.421	-0.258918	-0.0944593	0.0603709	0.184416	0.270752	0.32687	0.351817	0.352091	0.347129	0.333996	0.318785	0.315395	0.337204	0.399294	0.502472	0.628336	0.738784	0.825054	0.882656	0.921521	0.944682	0.958214	0.971132	0.976816	
-0.338046	-0.170182	0.0126907	0.182769	0.31153	0.398315	0.446122	0.452882	0.42905	0.391456	0.345704	0.301431	0.264309	0.258904	0.297529	0.383662	0.495938	0.609922	0.708948	0.791696	0.866877	0.918003	0.957262	0.994354	1.02153	
-0.264232	-0.0947964	0.104965	0.294752	0.435175	0.520402	0.557054	0.551521	0.511278	0.446437	0.368486	0.294566	0.229471	0.201406	0.222953	0.287407	0.378488	0.486782	0.593215	0.694204	0.789643	0.869114	0.941685	1.00495	1.05709	
-0.201435	-0.0262097	0.176494	0.369478	0.519219	0.610053	0.646755	0.642179	0.592527	0.512183	0.414684	0.311946	0.225937	0.180061	0.183751	0.225179	0.293397	0.381721	0.480889	0.589364	0.699773	0.809803	0.908769	0.991691	1.06762	
-0.139496	0.0350965	0.230879	0.41459	0.559428	0.654977	0.704145	0.705752	0.655795	0.570732	0.465994	0.356909	0.263916	0.209289	0.195967	0.208483	0.242288	0.297507	0.381277	0.484346	0.601679	0.727801	0.844074	0.942755	1.03617	
-0.0801601	0.0806761	0.261949	0.429249	0.56497	0.660089	0.717581	0.729911	0.688892	0.603275	0.500682	0.401203	0.317781	0.262004	0.239446	0.225893	0.220864	0.242012	0.297626	0.38012	0.4909	0.623443	0.747272	0.854301	0.962502	
-0.0554329	0.0920612	0.255717	0.407451	0.538187	0.633544	0.690378	0.703754	0.675766	0.606971	0.518625	0.436486	0.363909	0.311661	0.280966	0.251059	0.228035	0.218018	0.233825	0.287048	0.381627	0.502028	0.625692	0.741064	0.865197	
-0.0693896	0.0662035	0.210434	0.349828	0.470438	0.56161	0.617124	0.631635	0.619575	0.579271	0.51821	0.455738	0.39404	0.349441	0.318748	0.283839	0.248337	0.209735	0.191164	0.22061	0.29004	0.389047	0.50574	0.623519	0.750896	
-0.108621	0.00728704	0.128697	0.253923	0.359826	0.446277	0.503883	0.527271	0.533065	0.518939	0.489372	0.452983	0.408922	0.373971	0.348665	0.31467	0.270134	0.219592	0.179387	0.18638	0.240142	0.31938	0.4165	0.519658	0.639088	
-0.169283	-0.0748126	0.0208663	0.11881	0.210723	0.293269	0.353703	0.38846	0.412953	0.426957	0.430269	0.4295	0.415895	0.398522	0.383073	0.355336	0.312018	0.258087	0.211487	0.202745	0.237086	0.292733	0.360859	0.437802	0.532388	
-0.250174	-0.181245	-0.113696	-0.047651	0.0246777	0.103691	0.175057	0.228282	0.272789	0.314004	0.351836	0.390327	0.41796	0.432038	0.434148	0.417714	0.384255	0.336006	0.288011	0.265266	0.274647	0.303477	0.336712	0.379436	0.436511	
-0.33696	-0.300253	-0.259704	-0.221461	-0.17277	-0.106068	-0.0334955	0.0388843	0.10448	0.177111	0.256418	0.337435	0.408371	0.460312	0.490037	0.491086	0.471344	0.438406	0.392909	0.349253	0.328998	0.327669	0.326275	0.331506	0.348229	
