0.239281	0.381834	0.482941	0.539885	0.564195	0.568859	0.55179	0.51112	0.427926	0.300234	0.13936	-0.0289862	-0.175417	-0.293294	-0.369945	-0.400315	-0.392268	-0.343621	-0.250705	-0.103406	0.0813216	0.284909	0.498747	0.698451	0.864334	
0.221477	0.39387	0.523484	0.602232	0.640673	0.648681	0.621124	0.560905	0.451965	0.294563	0.104565	-0.0812247	-0.229964	-0.330194	-0.382742	-0.380864	-0.340023	-0.268033	-0.176568	-0.0477147	0.111964	0.296995	0.49016	0.679261	0.834348	
0.212954	0.409548	0.564202	0.666882	0.717553	0.726977	0.692038	0.612711	0.476343	0.295781	0.08326	-0.120792	-0.268209	-0.348585	-0.368408	-0.332379	-0.267741	-0.18296	-0.0939052	0.00869954	0.147727	0.31295	0.491794	0.668316	0.816976	
0.208925	0.421938	0.600078	0.722773	0.782405	0.792575	0.753049	0.657292	0.497909	0.296876	0.0734664	-0.140994	-0.291435	-0.350193	-0.334614	-0.270937	-0.184138	-0.0947096	-0.0100667	0.0802519	0.198558	0.344135	0.507599	0.66787	0.810895	
0.190533	0.412662	0.613383	0.757202	0.824761	0.834253	0.792931	0.6795	0.497462	0.280225	0.054087	-0.160409	-0.304348	-0.345678	-0.301109	-0.213643	-0.11296	-0.0199162	0.0667821	0.154093	0.261846	0.386602	0.524802	0.665298	0.792773	
0.150405	0.376566	0.594128	0.752298	0.827169	0.837837	0.791855	0.66662	0.46784	0.239902	0.0170055	-0.186268	-0.31581	-0.338266	-0.276584	-0.173951	-0.0627426	0.0374245	0.124359	0.212884	0.312164	0.417559	0.528364	0.644569	0.752814	
0.0981415	0.321404	0.535999	0.697885	0.774605	0.785416	0.73862	0.610302	0.410123	0.187291	-0.031031	-0.216312	-0.326376	-0.335204	-0.26727	-0.160544	-0.040016	0.0721714	0.159748	0.244849	0.329968	0.416578	0.506809	0.597809	0.691151	
0.0333613	0.246831	0.449401	0.603631	0.681117	0.691628	0.644622	0.519103	0.330781	0.118541	-0.0894548	-0.257218	-0.343594	-0.337657	-0.265108	-0.161483	-0.0386842	0.0738106	0.15623	0.226936	0.298714	0.377041	0.461764	0.542782	0.620249	
-0.0410446	0.160221	0.347399	0.486636	0.561714	0.574678	0.52456	0.410221	0.238645	0.039073	-0.156156	-0.309855	-0.381783	-0.361196	-0.285298	-0.17703	-0.05591	0.0482766	0.121107	0.172602	0.226639	0.298559	0.381757	0.466669	0.542096	
-0.13309	0.0573242	0.228636	0.360735	0.433858	0.444533	0.397671	0.288116	0.128682	-0.0564467	-0.241456	-0.380435	-0.438331	-0.411519	-0.324158	-0.206394	-0.0914929	-0.00255793	0.0521077	0.0875857	0.131594	0.195179	0.278764	0.370242	0.451958	
-0.24391	-0.0663046	0.0997891	0.228991	0.305175	0.318447	0.266157	0.156919	0.00347259	-0.173858	-0.339346	-0.456556	-0.498794	-0.460577	-0.365211	-0.24099	-0.131976	-0.066534	-0.0302221	-0.00887555	0.0264302	0.0829551	0.160725	0.254933	0.351847	
-0.35491	-0.196873	-0.0402002	0.0857463	0.165817	0.179345	0.124487	0.0146665	-0.131516	-0.294609	-0.434412	-0.523993	-0.542564	-0.490817	-0.390229	-0.267103	-0.167831	-0.117893	-0.0983711	-0.0912579	-0.0683607	-0.0209324	0.0476859	0.14292	0.250707	
-0.452995	-0.320156	-0.17905	-0.0568615	0.0229071	0.0369952	-0.0186001	-0.126798	-0.263046	-0.403339	-0.514142	-0.567392	-0.553184	-0.47988	-0.373156	-0.258902	-0.175677	-0.132673	-0.124953	-0.132323	-0.131002	-0.103028	-0.0466438	0.041707	0.149	
-0.511824	-0.410081	-0.29254	-0.184142	-0.114612	-0.101454	-0.150497	-0.245986	-0.363662	-0.474905	-0.552659	-0.568733	-0.519227	-0.419561	-0.303097	-0.199899	-0.132676	-0.100021	-0.100394	-0.123536	-0.148822	-0.148152	-0.109569	-0.0346263	0.066663	
-0.50925	-0.443551	-0.354141	-0.276136	-0.225496	-0.216492	-0.251336	-0.320291	-0.408137	-0.487677	-0.527344	-0.511435	-0.434717	-0.315272	-0.191002	-0.0946963	-0.0381291	-0.0183428	-0.0305798	-0.0689629	-0.119824	-0.151371	-0.140638	-0.0850113	0.00537685	
-0.438204	-0.409072	-0.355008	-0.30454	-0.2783	-0.274728	-0.290853	-0.332609	-0.389056	-0.431089	-0.435663	-0.389308	-0.292295	-0.167948	-0.0426511	0.0483586	0.0925163	0.0954769	0.0629468	0.0042947	-0.0631543	-0.121502	-0.140683	-0.109787	-0.0362918	
-0.295978	-0.306435	-0.291216	-0.27395	-0.269226	-0.269	-0.270596	-0.283415	-0.302222	-0.304003	-0.272897	-0.204677	-0.104804	0.0107868	0.121953	0.202042	0.237049	0.2198	0.162743	0.0781639	-0.0105452	-0.0863653	-0.125451	-0.11526	-0.0540865	
-0.114418	-0.162203	-0.184164	-0.195081	-0.201002	-0.203746	-0.197234	-0.189197	-0.173477	-0.137256	-0.0725545	0.00952545	0.107707	0.208433	0.296994	0.354059	0.36911	0.326901	0.243101	0.131787	0.0210571	-0.0707248	-0.119916	-0.120342	-0.0754198	
0.0751114	-0.00296728	-0.0579973	-0.0896315	-0.10575	-0.109753	-0.0967178	-0.0737846	-0.0276764	0.0413607	0.129169	0.2236	0.320144	0.407718	0.471819	0.496326	0.47469	0.399177	0.288426	0.152977	0.0201514	-0.0857856	-0.145196	-0.152497	-0.119748	
0.23506	0.135272	0.0506459	-0.00481897	-0.0362883	-0.0428217	-0.019739	0.0251313	0.0983407	0.194117	0.299529	0.408488	0.507909	0.587641	0.624705	0.607452	0.537036	0.420995	0.281305	0.131613	-0.0148626	-0.133017	-0.206137	-0.226351	-0.204982	
0.330618	0.209654	0.101282	0.0144931	-0.0371736	-0.0480358	-0.0104253	0.0628574	0.164433	0.281166	0.407357	0.532889	0.641697	0.715649	0.724086	0.663631	0.546915	0.390044	0.223922	0.0628271	-0.0927583	-0.21917	-0.305187	-0.342176	-0.329386	
0.343423	0.199271	0.0634042	-0.0476592	-0.120671	-0.135058	-0.0821129	0.0150994	0.143546	0.285332	0.432319	0.580131	0.700593	0.768239	0.757559	0.664203	0.510664	0.323878	0.131071	-0.0492448	-0.209035	-0.333936	-0.419022	-0.455157	-0.441496	
0.275675	0.0981201	-0.0693256	-0.20664	-0.293484	-0.30993	-0.248369	-0.12881	0.0287411	0.204762	0.381961	0.547109	0.671506	0.733463	0.710627	0.604418	0.436049	0.23307	0.0219051	-0.173806	-0.338156	-0.451788	-0.51683	-0.535292	-0.50985	
0.136437	-0.0829232	-0.287967	-0.45246	-0.549936	-0.56716	-0.500292	-0.359964	-0.168379	0.0487088	0.262992	0.443473	0.570433	0.631038	0.611115	0.509564	0.34288	0.135165	-0.0835899	-0.285355	-0.441963	-0.536303	-0.569913	-0.556037	-0.508997	
-0.0656534	-0.326251	-0.573858	-0.770147	-0.886817	-0.907628	-0.826723	-0.660852	-0.428668	-0.16883	0.0784357	0.277957	0.415757	0.484092	0.482344	0.397942	0.24313	0.0427983	-0.167927	-0.361667	-0.494864	-0.560019	-0.559624	-0.507456	-0.428033	
-0.326471	-0.617398	-0.900994	-1.13552	-1.27811	-1.3031	-1.20563	-1.00306	-0.734184	-0.441178	-0.163726	0.0629015	0.228242	0.325666	0.345964	0.282516	0.145203	-0.0377289	-0.226167	-0.388947	-0.489285	-0.519173	-0.482737	-0.396493	-0.289184	
-0.617398	-0.93582	-1.2506	-1.52104	-1.69146	-1.72243	-1.60389	-1.36751	-1.06372	-0.742864	-0.437263	-0.174041	0.0344669	0.168741	0.216375	0.173967	0.0577567	-0.0990118	-0.251697	-0.37547	-0.437958	-0.431269	-0.36172	-0.248611	-0.11888	
-0.900994	-1.2506	-1.59831	-1.8961	-2.08563	-2.12032	-1.98768	-1.72733	-1.39148	-1.03926	-0.700673	-0.395776	-0.147529	0.0211185	0.0984467	0.0794543	-0.00938455	-0.134552	-0.252418	-0.336915	-0.362055	-0.324155	-0.22894	-0.0969621	0.0450283	
-1.13552	-1.52104	-1.8961	-2.2073	-2.39853	-2.43314	-2.30064	-2.03155	-1.6753	-1.28848	-0.91211	-0.572174	-0.295253	-0.0998535	0.000529067	0.0119263	-0.0502587	-0.154054	-0.247524	-0.298938	-0.295914	-0.226774	-0.110475	0.0276309	0.173027	
-1.27811	-1.69146	-2.08563	-2.39853	-2.58383	-2.61675	-2.48898	-2.22365	-1.85478	-1.44272	-1.03912	-0.67577	-0.386204	-0.179409	-0.0596425	-0.027936	-0.0718169	-0.163405	-0.248412	-0.281494	-0.254799	-0.163998	-0.0335319	0.107911	0.251161	
-1.3031	-1.72243	-2.12032	-2.43314	-2.61675	-2.64995	-2.52255	-2.25918	-1.88748	-1.47023	-1.06124	-0.694214	-0.402422	-0.195196	-0.0717779	-0.0362508	-0.0763855	-0.166944	-0.248964	-0.280195	-0.247901	-0.152181	-0.0193016	0.121997	0.265632	
-1.20563	-1.60389	-1.98768	-2.30064	-2.48898	-2.52255	-2.393	-2.12442	-1.76249	-1.3639	-0.973995	-0.622717	-0.339536	-0.137405	-0.0285495	-0.00727726	-0.0600463	-0.15777	-0.247231	-0.288845	-0.275706	-0.1964	-0.0733741	0.0662757	0.210682	
-1.00306	-1.36751	-1.72733	-2.03155	-2.22365	-2.25918	-2.12442	-1.85954	-1.5143	-1.14691	-0.79401	-0.473577	-0.211502	-0.0318763	0.0556261	0.0491284	-0.0292111	-0.14381	-0.250282	-0.320195	-0.333256	-0.282324	-0.178146	-0.0431112	0.101401	
-0.734184	-1.06372	-1.39148	-1.6753	-1.85478	-1.88748	-1.76249	-1.5143	-1.19639	-0.864404	-0.545995	-0.266151	-0.0412054	0.108121	0.168007	0.133325	0.0282957	-0.116041	-0.254385	-0.361759	-0.408228	-0.388965	-0.308323	-0.185871	-0.0500712	
-0.441178	-0.742864	-1.03926	-1.28848	-1.44272	-1.47023	-1.3639	-1.14691	-0.864404	-0.55964	-0.271809	-0.0318034	0.150786	0.262796	0.292774	0.238389	0.108164	-0.0657773	-0.240029	-0.387447	-0.473541	-0.487945	-0.43798	-0.340806	-0.223229	
-0.163726	-0.437263	-0.700673	-0.91211	-1.03912	-1.06124	-0.973995	-0.79401	-0.545995	-0.271809	-0.01277	0.197124	0.342944	0.420801	0.428057	0.351359	0.203177	0.00991002	-0.195156	-0.378083	-0.498813	-0.551014	-0.536043	-0.468701	-0.378084	
0.0629015	-0.174041	-0.395776	-0.572174	-0.67577	-0.694214	-0.622717	-0.473577	-0.266151	-0.0318034	0.197124	0.383936	0.514374	0.576045	0.561491	0.466141	0.30363	0.0962543	-0.119753	-0.3219	-0.470489	-0.553924	-0.574094	-0.545166	-0.485148	
0.228242	0.0344669	-0.147529	-0.295253	-0.386204	-0.402422	-0.339536	-0.211502	-0.0412054	0.150786	0.342944	0.514374	0.638587	0.699423	0.675278	0.569294	0.400118	0.194445	-0.0221337	-0.221061	-0.384834	-0.491704	-0.544979	-0.551465	-0.519057	
0.325666	0.168741	0.0211185	-0.0998535	-0.179409	-0.195196	-0.137405	-0.0318763	0.108121	0.262796	0.420801	0.576045	0.699423	0.763627	0.747557	0.646492	0.48389	0.289061	0.0880789	-0.0997921	-0.260893	-0.382716	-0.461401	-0.492609	-0.475537	
0.345964	0.216375	0.0984467	0.000529067	-0.0596425	-0.0717779	-0.0285495	0.0556261	0.168007	0.292774	0.428057	0.561491	0.675278	0.747557	0.747181	0.671389	0.538201	0.367243	0.190635	0.0222759	-0.135228	-0.26271	-0.351089	-0.390273	-0.378346	
0.282516	0.173967	0.0794543	0.0119263	-0.027936	-0.0362508	-0.00727726	0.0491284	0.133325	0.238389	0.351359	0.466141	0.569294	0.646492	0.671389	0.636814	0.546062	0.413145	0.263122	0.10959	-0.0410652	-0.16278	-0.241332	-0.269479	-0.252652	
0.145203	0.0577567	-0.00938455	-0.0502587	-0.0718169	-0.0763855	-0.0600463	-0.0292111	0.0282957	0.108164	0.203177	0.30363	0.400118	0.48389	0.538201	0.546062	0.505736	0.41562	0.292461	0.150113	0.0110316	-0.100418	-0.165062	-0.176023	-0.147766	
-0.0377289	-0.0990118	-0.134552	-0.154054	-0.163405	-0.166944	-0.15777	-0.14381	-0.116041	-0.0657773	0.00991002	0.0962543	0.194445	0.289061	0.367243	0.413145	0.41562	0.360411	0.266876	0.144741	0.0245263	-0.0728928	-0.12547	-0.129036	-0.089954	
-0.226167	-0.251697	-0.252418	-0.247524	-0.248412	-0.248964	-0.247231	-0.250282	-0.254385	-0.240029	-0.195156	-0.119753	-0.0221337	0.0880789	0.190635	0.263122	0.292461	0.266876	0.197972	0.103375	0.00479319	-0.0769773	-0.121196	-0.115323	-0.0601524	
-0.388947	-0.37547	-0.336915	-0.298938	-0.281494	-0.280195	-0.288845	-0.320195	-0.361759	-0.387447	-0.378083	-0.3219	-0.221061	-0.0997921	0.0222759	0.10959	0.150113	0.144741	0.103375	0.0346129	-0.0401059	-0.106543	-0.135155	-0.113812	-0.0454548	
-0.489285	-0.437958	-0.362055	-0.295914	-0.254799	-0.247901	-0.275706	-0.333256	-0.408228	-0.473541	-0.498813	-0.470489	-0.384834	-0.260893	-0.135228	-0.0410652	0.0110316	0.0245263	0.00479319	-0.0401059	-0.098854	-0.142271	-0.143815	-0.0977481	-0.0140194	
-0.519173	-0.431269	-0.324155	-0.226774	-0.163998	-0.152181	-0.1964	-0.282324	-0.388965	-0.487945	-0.551014	-0.553924	-0.491704	-0.382716	-0.26271	-0.16278	-0.100418	-0.0728928	-0.0769773	-0.106543	-0.142271	-0.154567	-0.126044	-0.0580377	0.0398106	
-0.482737	-0.36172	-0.22894	-0.110475	-0.0335319	-0.0193016	-0.0733741	-0.178146	-0.308323	-0.43798	-0.536043	-0.574094	-0.544979	-0.461401	-0.351089	-0.241332	-0.165062	-0.12547	-0.121196	-0.135155	-0.143815	-0.126044	-0.0759864	0.00754332	0.113302	
-0.396493	-0.248611	-0.0969621	0.0276309	0.107911	0.121997	0.0662757	-0.0431112	-0.185871	-0.340806	-0.468701	-0.545166	-0.551465	-0.492609	-0.390273	-0.269479	-0.176023	-0.129036	-0.115323	-0.113812	-0.0977481	-0.0580377	0.00754332	0.100943	0.208837	
-0.289184	-0.11888	0.0450283	0.173027	0.251161	0.265632	0.210682	0.101401	-0.0500712	-0.223229	-0.378084	-0.485148	-0.519057	-0.475537	-0.378346	-0.252652	-0.147766	-0.089954	-0.0601524	-0.0454548	-0.0140194	0.0398106	0.113302	0.208837	0.311881	
