-0.498134	-0.477556	-0.457927	-0.454189	-0.454613	-0.453816	-0.454727	-0.454486	-0.468656	-0.490693	-0.509292	-0.530974	-0.552766	-0.570641	-0.578696	-0.566555	-0.540318	-0.501102	-0.442951	-0.353498	-0.226324	-0.0622651	0.119151	0.29681	0.465578	
-0.548708	-0.516953	-0.48476	-0.461141	-0.447247	-0.444733	-0.454212	-0.474549	-0.503672	-0.536081	-0.565663	-0.591289	-0.611678	-0.622014	-0.610336	-0.580359	-0.537256	-0.482496	-0.410094	-0.302459	-0.156579	0.0139839	0.199058	0.372631	0.523977	
-0.528653	-0.489066	-0.448307	-0.408584	-0.38175	-0.377577	-0.395055	-0.432216	-0.472867	-0.512842	-0.551473	-0.584261	-0.604386	-0.607008	-0.582833	-0.54006	-0.480235	-0.399745	-0.298268	-0.174264	-0.0243532	0.146258	0.322667	0.489753	0.630737	
-0.470987	-0.423646	-0.37281	-0.318284	-0.274654	-0.265866	-0.298129	-0.351038	-0.403909	-0.45245	-0.49528	-0.530055	-0.545703	-0.536155	-0.501222	-0.445765	-0.367084	-0.263774	-0.134869	-0.000133941	0.148864	0.312871	0.477053	0.629437	0.761457	
-0.38585	-0.33644	-0.282455	-0.222259	-0.172935	-0.164699	-0.199087	-0.258863	-0.315633	-0.366785	-0.413897	-0.450087	-0.453734	-0.427214	-0.380766	-0.315092	-0.219117	-0.0930686	0.0560936	0.203233	0.344519	0.488566	0.629927	0.756335	0.866866	
-0.286622	-0.242563	-0.201238	-0.149095	-0.105726	-0.0976994	-0.12821	-0.182541	-0.226119	-0.268235	-0.312427	-0.335208	-0.327644	-0.291367	-0.23149	-0.160877	-0.0541285	0.0885286	0.250522	0.405322	0.537967	0.654575	0.766843	0.860008	0.944267	
-0.1797	-0.153683	-0.137332	-0.108239	-0.0842796	-0.0813808	-0.0955873	-0.127985	-0.146707	-0.168009	-0.198061	-0.206724	-0.186933	-0.137883	-0.0688159	0.00346144	0.117544	0.263985	0.419193	0.569827	0.69445	0.787758	0.866769	0.930148	0.992105	
-0.0956837	-0.0892044	-0.0970719	-0.096918	-0.0918587	-0.0912826	-0.0946075	-0.0984823	-0.0918183	-0.0912036	-0.0999731	-0.0900863	-0.0552798	0.00870113	0.0871992	0.171891	0.281359	0.411957	0.552742	0.68676	0.795743	0.87687	0.929406	0.971644	1.01909	
-0.0451744	-0.0623456	-0.0893391	-0.110384	-0.121095	-0.123182	-0.115655	-0.0990584	-0.0726502	-0.0511064	-0.0354951	-0.0062134	0.0464003	0.121729	0.21269	0.310447	0.41774	0.53387	0.651762	0.759374	0.853939	0.925306	0.96577	0.996925	1.02846	
-0.0218519	-0.065896	-0.110341	-0.144279	-0.168659	-0.17428	-0.155033	-0.125401	-0.0843802	-0.0383142	0.000696175	0.048621	0.11706	0.202815	0.304315	0.414491	0.519062	0.618848	0.713109	0.801526	0.879732	0.941491	0.981205	1.00453	1.02672	
-0.0298343	-0.0975079	-0.156747	-0.20432	-0.231127	-0.23619	-0.217282	-0.17766	-0.122332	-0.0579527	0.0139749	0.0892785	0.171716	0.268131	0.373952	0.480693	0.582663	0.667512	0.739685	0.810958	0.869865	0.919532	0.96022	0.9898	1.01438	
-0.0533048	-0.14571	-0.221073	-0.279328	-0.309522	-0.313664	-0.2959	-0.246732	-0.178336	-0.0928081	0.0120695	0.116682	0.215031	0.324743	0.434848	0.532426	0.617883	0.682608	0.732264	0.777833	0.819271	0.865497	0.911464	0.953181	0.98927	
-0.0788064	-0.198584	-0.29208	-0.352215	-0.38717	-0.392918	-0.369385	-0.319319	-0.240741	-0.128655	0.00129846	0.134351	0.259288	0.375386	0.480828	0.567312	0.628137	0.670809	0.701916	0.724947	0.753213	0.793863	0.842461	0.904716	0.958304	
-0.0955753	-0.232901	-0.33765	-0.402327	-0.440957	-0.448721	-0.420288	-0.367821	-0.279119	-0.15321	-0.0058015	0.147994	0.289164	0.411323	0.514325	0.585322	0.624546	0.649585	0.666195	0.6754	0.691674	0.728663	0.783858	0.856134	0.919436	
-0.0998574	-0.240892	-0.347347	-0.416637	-0.458478	-0.46747	-0.435912	-0.379727	-0.287221	-0.159711	-0.00641677	0.150784	0.296852	0.420527	0.519055	0.579826	0.612839	0.627771	0.636699	0.638387	0.653282	0.685782	0.740947	0.81078	0.87314	
-0.0904121	-0.21962	-0.321465	-0.396448	-0.441827	-0.450122	-0.418234	-0.354525	-0.263408	-0.145233	-0.00225335	0.145516	0.28062	0.399567	0.491863	0.551872	0.586983	0.605046	0.615943	0.620599	0.632069	0.66192	0.711346	0.770447	0.823924	
-0.0619958	-0.173491	-0.268273	-0.338769	-0.387455	-0.396081	-0.362369	-0.298936	-0.214686	-0.108081	0.0149538	0.147256	0.263359	0.363141	0.444301	0.503968	0.545266	0.574801	0.597571	0.615289	0.628243	0.655064	0.695033	0.736796	0.766417	
-0.00931757	-0.101931	-0.183874	-0.250757	-0.302069	-0.313141	-0.274017	-0.212082	-0.136205	-0.0476917	0.0500824	0.152818	0.240805	0.319941	0.390382	0.448078	0.499584	0.539627	0.571354	0.600799	0.622663	0.647179	0.674756	0.696331	0.703207	
0.0523669	-0.0142127	-0.0761169	-0.131202	-0.174466	-0.182742	-0.150484	-0.0992017	-0.0393375	0.0255008	0.0967802	0.172629	0.231887	0.28563	0.340678	0.393992	0.448792	0.497999	0.54196	0.582931	0.611729	0.629542	0.642336	0.649906	0.634741	
0.127299	0.0888795	0.0507437	0.0160556	-0.0131186	-0.0200563	0.00320234	0.0362015	0.073705	0.111314	0.153492	0.199231	0.230998	0.260049	0.302118	0.346465	0.39414	0.448479	0.501219	0.551348	0.587069	0.603972	0.599563	0.581386	0.542073	
0.210454	0.198267	0.188281	0.179204	0.164793	0.160743	0.173813	0.184928	0.193504	0.205916	0.215641	0.222154	0.228649	0.239111	0.262901	0.302991	0.344608	0.392533	0.448265	0.502635	0.538774	0.55225	0.531986	0.494862	0.440769	
0.284433	0.306697	0.332061	0.348936	0.360535	0.364103	0.353338	0.340714	0.316529	0.29277	0.272418	0.247881	0.226642	0.22606	0.236498	0.264103	0.293964	0.331616	0.377821	0.425581	0.45726	0.463195	0.435134	0.391009	0.335365	
0.366155	0.421377	0.477354	0.525614	0.559289	0.567268	0.540102	0.498766	0.44329	0.388366	0.336129	0.281929	0.241524	0.225847	0.227566	0.238619	0.247547	0.263737	0.293433	0.32051	0.343912	0.347289	0.322997	0.277928	0.228834	
0.470591	0.546919	0.621957	0.687691	0.733214	0.740827	0.709627	0.650336	0.577613	0.500819	0.42287	0.33943	0.278521	0.244199	0.22953	0.217724	0.205375	0.191319	0.192768	0.197837	0.208546	0.210291	0.196001	0.16647	0.135758	
0.577738	0.665919	0.748956	0.824546	0.873604	0.882386	0.848066	0.780588	0.699692	0.614193	0.521787	0.42627	0.341984	0.283162	0.236693	0.190142	0.145478	0.104436	0.0759662	0.0623995	0.0561972	0.0558937	0.0558705	0.0567185	0.0506963	
0.684294	0.780501	0.860193	0.932156	0.973724	0.9805	0.953163	0.890795	0.81395	0.724934	0.619592	0.514866	0.405202	0.31494	0.240851	0.160742	0.08042	0.0152474	-0.0436401	-0.0814135	-0.0985016	-0.0982811	-0.0874213	-0.0635075	-0.038576	
0.780501	0.878535	0.959853	1.02788	1.05974	1.06339	1.0459	0.989076	0.913084	0.822454	0.712134	0.595916	0.470932	0.351416	0.241913	0.131988	0.0259212	-0.0683234	-0.14784	-0.203288	-0.236036	-0.239191	-0.215329	-0.167406	-0.115569	
0.860193	0.959853	1.04335	1.10325	1.12871	1.1318	1.11712	1.07116	0.99557	0.901611	0.794356	0.676039	0.535573	0.390255	0.24506	0.104939	-0.0271186	-0.143303	-0.23891	-0.302582	-0.341511	-0.34584	-0.315032	-0.250191	-0.180736	
0.932156	1.02788	1.10325	1.14598	1.1554	1.15702	1.15174	1.12551	1.06054	0.972737	0.869418	0.746968	0.592257	0.420344	0.245556	0.0807479	-0.0758295	-0.206009	-0.307414	-0.377516	-0.413664	-0.41161	-0.376396	-0.309632	-0.233377	
0.973724	1.05974	1.12871	1.1554	1.15754	1.1571	1.15748	1.14505	1.09072	1.00874	0.917567	0.793929	0.633171	0.441155	0.241324	0.0560372	-0.112538	-0.256916	-0.357258	-0.424309	-0.455651	-0.452291	-0.412196	-0.342303	-0.260803	
0.9805	1.06339	1.1318	1.15702	1.1571	1.15563	1.15807	1.14745	1.09386	1.01444	0.926685	0.801476	0.641192	0.446759	0.240095	0.0497889	-0.11981	-0.267149	-0.366779	-0.432153	-0.464565	-0.461112	-0.418708	-0.346784	-0.265177	
0.953163	1.0459	1.11712	1.15174	1.15748	1.15807	1.15572	1.13674	1.07735	0.991769	0.892454	0.769859	0.610728	0.42855	0.244053	0.0705693	-0.0924718	-0.228415	-0.331228	-0.400573	-0.433464	-0.430275	-0.393521	-0.326955	-0.247977	
0.890795	0.989076	1.07116	1.12551	1.14505	1.14745	1.13674	1.09667	1.02435	0.931963	0.825983	0.70599	0.560668	0.404201	0.246458	0.0948257	-0.0475223	-0.169855	-0.268287	-0.335142	-0.374269	-0.377004	-0.343289	-0.276608	-0.203711	
0.81395	0.913084	0.99557	1.06054	1.09072	1.09386	1.07735	1.02435	0.948249	0.855481	0.746038	0.628545	0.496663	0.366267	0.242514	0.120957	0.00504071	-0.0993118	-0.187229	-0.24637	-0.281666	-0.286195	-0.260025	-0.203864	-0.143212	
0.724934	0.822454	0.901611	0.972737	1.00874	1.01444	0.991769	0.931963	0.855481	0.766861	0.657964	0.547805	0.431146	0.329529	0.241266	0.149144	0.0577368	-0.0187835	-0.0866532	-0.132544	-0.157146	-0.157264	-0.140556	-0.107327	-0.0713518	
0.619592	0.712134	0.794356	0.869418	0.917567	0.926685	0.892454	0.825983	0.746038	0.657964	0.560313	0.462802	0.367532	0.296131	0.238562	0.178332	0.11863	0.0673406	0.0263507	0.00351119	-0.00612148	-0.00649234	-0.00275404	0.00798114	0.0151976	
0.514866	0.595916	0.676039	0.746968	0.793929	0.801476	0.769859	0.70599	0.628545	0.547805	0.462802	0.371369	0.301688	0.259133	0.232425	0.20787	0.18382	0.158986	0.148474	0.145425	0.148703	0.150061	0.141084	0.124216	0.101938	
0.405202	0.470932	0.535573	0.592257	0.633171	0.641192	0.610728	0.560668	0.496663	0.431146	0.367532	0.301688	0.253416	0.230075	0.227156	0.230313	0.231183	0.235215	0.254605	0.273272	0.29237	0.294946	0.274478	0.232458	0.189834	
0.31494	0.351416	0.390255	0.420344	0.441155	0.446759	0.42855	0.404201	0.366267	0.329529	0.296131	0.259133	0.230075	0.224594	0.231755	0.252212	0.274201	0.304952	0.345917	0.386757	0.414932	0.418947	0.391904	0.345911	0.291989	
0.240851	0.241913	0.24506	0.245556	0.241324	0.240095	0.244053	0.246458	0.242514	0.241266	0.238562	0.232425	0.227156	0.231755	0.249723	0.28647	0.324177	0.369801	0.422265	0.474822	0.510834	0.520941	0.496082	0.455588	0.399024	
0.160742	0.131988	0.104939	0.0807479	0.0560372	0.0497889	0.0705693	0.0948257	0.120957	0.149144	0.178332	0.20787	0.230313	0.252212	0.28647	0.328569	0.373507	0.42588	0.481675	0.535227	0.570444	0.586909	0.576287	0.549099	0.501903	
0.08042	0.0259212	-0.0271186	-0.0758295	-0.112538	-0.11981	-0.0924718	-0.0475223	0.00504071	0.0577368	0.11863	0.18382	0.231183	0.274201	0.324177	0.373507	0.427762	0.479248	0.527307	0.5719	0.60411	0.621545	0.627216	0.62445	0.600534	
0.0152474	-0.0683234	-0.143303	-0.206009	-0.256916	-0.267149	-0.228415	-0.169855	-0.0993118	-0.0187835	0.0673406	0.158986	0.235215	0.304952	0.369801	0.42588	0.479248	0.52464	0.560836	0.594673	0.618866	0.640695	0.663277	0.679801	0.677958	
-0.0436401	-0.14784	-0.23891	-0.307414	-0.357258	-0.366779	-0.331228	-0.268287	-0.187229	-0.0866532	0.0263507	0.148474	0.254605	0.345917	0.422265	0.481675	0.527307	0.560836	0.586647	0.609861	0.627045	0.652613	0.688085	0.72099	0.740786	
-0.0814135	-0.203288	-0.302582	-0.377516	-0.424309	-0.432153	-0.400573	-0.335142	-0.24637	-0.132544	0.00351119	0.145425	0.273272	0.386757	0.474822	0.535227	0.5719	0.594673	0.609861	0.618679	0.628655	0.658644	0.704143	0.757269	0.802129	
-0.0985016	-0.236036	-0.341511	-0.413664	-0.455651	-0.464565	-0.433464	-0.374269	-0.281666	-0.157146	-0.00612148	0.148703	0.29237	0.414932	0.510834	0.570444	0.60411	0.618866	0.627045	0.628655	0.643008	0.673602	0.727041	0.793487	0.854137	
-0.0982811	-0.239191	-0.34584	-0.41161	-0.452291	-0.461112	-0.430275	-0.377004	-0.286195	-0.157264	-0.00649234	0.150061	0.294946	0.418947	0.520941	0.586909	0.621545	0.640695	0.652613	0.658644	0.673602	0.709229	0.765858	0.83727	0.901348	
-0.0874213	-0.215329	-0.315032	-0.376396	-0.412196	-0.418708	-0.393521	-0.343289	-0.260025	-0.140556	-0.00275404	0.141084	0.274478	0.391904	0.496082	0.576287	0.627216	0.663277	0.688085	0.704143	0.727041	0.765858	0.816209	0.884986	0.943913	
-0.0635075	-0.167406	-0.250191	-0.309632	-0.342303	-0.346784	-0.326955	-0.276608	-0.203864	-0.107327	0.00798114	0.124216	0.232458	0.345911	0.455588	0.549099	0.62445	0.679801	0.72099	0.757269	0.793487	0.83727	0.884986	0.934038	0.977486	
-0.038576	-0.115569	-0.180736	-0.233377	-0.260803	-0.265177	-0.247977	-0.203711	-0.143212	-0.0713518	0.0151976	0.101938	0.189834	0.291989	0.399024	0.501903	0.600534	0.677958	0.740786	0.802129	0.854137	0.901348	0.943913	0.977486	1.00541	
