-0.635509	-0.689414	-0.736422	-0.764537	-0.763824	-0.732255	-0.679806	-0.622689	-0.560739	-0.48415	-0.378742	-0.244235	-0.0959138	0.0418732	0.161297	0.265715	0.372156	0.497562	0.63038	0.742366	0.8232	0.855849	0.846794	0.803477	0.724057	
-0.689414	-0.76641	-0.833217	-0.880744	-0.898098	-0.879542	-0.836599	-0.774069	-0.695285	-0.591369	-0.452932	-0.283581	-0.0995378	0.0745515	0.224306	0.347735	0.46821	0.595939	0.708304	0.788937	0.841391	0.85101	0.8189	0.765884	0.693265	
-0.736422	-0.833217	-0.922693	-0.991836	-1.03153	-1.02523	-0.984888	-0.915004	-0.820183	-0.691641	-0.510914	-0.29998	-0.0810951	0.123227	0.293641	0.43548	0.567145	0.682796	0.768534	0.818094	0.837339	0.825099	0.776924	0.710933	0.643808	
-0.764537	-0.880744	-0.991836	-1.07963	-1.1391	-1.13949	-1.09725	-1.01877	-0.910327	-0.757243	-0.542861	-0.290571	-0.0438462	0.179771	0.366636	0.516432	0.649462	0.746447	0.802802	0.823615	0.815914	0.781382	0.720224	0.647364	0.586738	
-0.763824	-0.898098	-1.03153	-1.1391	-1.20224	-1.20691	-1.16117	-1.07435	-0.948179	-0.765567	-0.526695	-0.25331	0.0123249	0.248807	0.440952	0.590725	0.707844	0.778331	0.805437	0.79462	0.756911	0.703641	0.640391	0.577214	0.529712	
-0.732255	-0.879542	-1.02523	-1.13949	-1.20691	-1.21454	-1.16531	-1.06673	-0.918318	-0.711846	-0.451321	-0.166804	0.110864	0.347175	0.528389	0.660071	0.743297	0.781374	0.779177	0.732243	0.662415	0.588984	0.523961	0.480997	0.456158	
-0.679806	-0.836599	-0.984888	-1.09725	-1.16117	-1.16531	-1.1121	-0.995004	-0.811401	-0.581079	-0.309344	-0.0228145	0.249479	0.472807	0.625645	0.717036	0.761036	0.763407	0.720608	0.636285	0.530454	0.432778	0.367597	0.346935	0.344248	
-0.622689	-0.774069	-0.915004	-1.01877	-1.07435	-1.06673	-0.995004	-0.848116	-0.635819	-0.384566	-0.109952	0.167653	0.416846	0.603256	0.712117	0.757684	0.760384	0.717912	0.631894	0.515171	0.375596	0.253116	0.18318	0.169224	0.185611	
-0.560739	-0.695285	-0.820183	-0.910327	-0.948179	-0.918318	-0.811401	-0.635819	-0.40446	-0.144202	0.122406	0.375947	0.582712	0.716531	0.779971	0.780083	0.734209	0.647402	0.521763	0.367038	0.206117	0.0672977	-0.0114901	-0.0276031	-0.00119413	
-0.48415	-0.591369	-0.691641	-0.757243	-0.765567	-0.711846	-0.581079	-0.384566	-0.144202	0.113812	0.359703	0.574747	0.731105	0.809867	0.821256	0.777271	0.686735	0.553952	0.396586	0.214662	0.0354652	-0.114717	-0.2036	-0.226663	-0.20101	
-0.378742	-0.452932	-0.510914	-0.542861	-0.526695	-0.451321	-0.309344	-0.109952	0.122406	0.359703	0.579669	0.745349	0.849243	0.879658	0.84174	0.752315	0.619825	0.453245	0.268042	0.0687193	-0.12895	-0.282507	-0.374364	-0.412922	-0.401458	
-0.244235	-0.283581	-0.29998	-0.290571	-0.25331	-0.166804	-0.0228145	0.167653	0.375947	0.574747	0.745349	0.870878	0.937681	0.922236	0.839019	0.705767	0.536537	0.347908	0.149931	-0.0580864	-0.267082	-0.428776	-0.530502	-0.579767	-0.587186	
-0.0959138	-0.0995378	-0.0810951	-0.0438462	0.0123249	0.110864	0.249479	0.416846	0.582712	0.731105	0.849243	0.937681	0.966126	0.917845	0.801205	0.637314	0.447067	0.247626	0.0436337	-0.169532	-0.378079	-0.548322	-0.6574	-0.713999	-0.729948	
0.0418732	0.0745515	0.123227	0.179771	0.248807	0.347175	0.472807	0.603256	0.716531	0.809867	0.879658	0.922236	0.917845	0.848233	0.712832	0.535765	0.337057	0.131606	-0.0714898	-0.27138	-0.465128	-0.63189	-0.739968	-0.792432	-0.808849	
0.161297	0.224306	0.293641	0.366636	0.440952	0.528389	0.625645	0.712117	0.779971	0.821256	0.84174	0.839019	0.801205	0.712832	0.567382	0.391943	0.194191	-0.00562485	-0.196879	-0.371125	-0.535018	-0.681281	-0.773496	-0.816298	-0.822945	
0.265715	0.347735	0.43548	0.516432	0.590725	0.660071	0.717036	0.757684	0.780083	0.777271	0.752315	0.705767	0.637314	0.535765	0.391943	0.223271	0.0358678	-0.152398	-0.327109	-0.472103	-0.599175	-0.705838	-0.770313	-0.790753	-0.790284	
0.372156	0.46821	0.567145	0.649462	0.707844	0.743297	0.761036	0.760384	0.734209	0.686735	0.619825	0.536537	0.447067	0.337057	0.194191	0.0358678	-0.137342	-0.308232	-0.462634	-0.582294	-0.667813	-0.722294	-0.747817	-0.744398	-0.733316	
0.497562	0.595939	0.682796	0.746447	0.778331	0.781374	0.763407	0.717912	0.647402	0.553952	0.453245	0.347908	0.247626	0.131606	-0.00562485	-0.152398	-0.308232	-0.457609	-0.583727	-0.672073	-0.718985	-0.731014	-0.717003	-0.692961	-0.678248	
0.63038	0.708304	0.768534	0.802802	0.805437	0.779177	0.720608	0.631894	0.521763	0.396586	0.268042	0.149931	0.0436337	-0.0714898	-0.196879	-0.327109	-0.462634	-0.583727	-0.67652	-0.727971	-0.736937	-0.71341	-0.671845	-0.637836	-0.62289	
0.742366	0.788937	0.818094	0.823615	0.79462	0.732243	0.636285	0.515171	0.367038	0.214662	0.0687193	-0.0580864	-0.169532	-0.27138	-0.371125	-0.472103	-0.582294	-0.672073	-0.727971	-0.744268	-0.717477	-0.664148	-0.602378	-0.565203	-0.549444	
0.8232	0.841391	0.837339	0.815914	0.756911	0.662415	0.530454	0.375596	0.206117	0.0354652	-0.12895	-0.267082	-0.378079	-0.465128	-0.535018	-0.599175	-0.667813	-0.718985	-0.736937	-0.717477	-0.661678	-0.590624	-0.51709	-0.476039	-0.460668	
0.855849	0.85101	0.825099	0.781382	0.703641	0.588984	0.432778	0.253116	0.0672977	-0.114717	-0.282507	-0.428776	-0.548322	-0.63189	-0.681281	-0.705838	-0.722294	-0.731014	-0.71341	-0.664148	-0.590624	-0.501159	-0.422832	-0.385918	-0.377167	
0.846794	0.8189	0.776924	0.720224	0.640391	0.523961	0.367597	0.18318	-0.0114901	-0.2036	-0.374364	-0.530502	-0.6574	-0.739968	-0.773496	-0.770313	-0.747817	-0.717003	-0.671845	-0.602378	-0.51709	-0.422832	-0.356441	-0.321983	-0.316594	
0.803477	0.765884	0.710933	0.647364	0.577214	0.480997	0.346935	0.169224	-0.0276031	-0.226663	-0.412922	-0.579767	-0.713999	-0.792432	-0.816298	-0.790753	-0.744398	-0.692961	-0.637836	-0.565203	-0.476039	-0.385918	-0.321983	-0.288607	-0.277132	
0.724057	0.693265	0.643808	0.586738	0.529712	0.456158	0.344248	0.185611	-0.00119413	-0.20101	-0.401458	-0.587186	-0.729948	-0.808849	-0.822945	-0.790284	-0.733316	-0.678248	-0.62289	-0.549444	-0.460668	-0.377167	-0.316594	-0.277132	-0.263123	
0.631265	0.614912	0.584159	0.543053	0.498876	0.439862	0.352211	0.22488	0.0544387	-0.14348	-0.356924	-0.560457	-0.717304	-0.801517	-0.810236	-0.773763	-0.715277	-0.654018	-0.598161	-0.532353	-0.447289	-0.369933	-0.319103	-0.285795	-0.271708	
0.550684	0.552201	0.541501	0.519013	0.48969	0.445045	0.373512	0.261712	0.104014	-0.0882252	-0.309573	-0.523404	-0.691602	-0.783809	-0.792791	-0.750923	-0.684907	-0.618745	-0.561679	-0.500246	-0.421202	-0.356996	-0.314931	-0.293001	-0.287594	
0.499879	0.512853	0.518314	0.514089	0.498865	0.464114	0.395213	0.283929	0.129861	-0.0610069	-0.284019	-0.501438	-0.676297	-0.772917	-0.78176	-0.733228	-0.655628	-0.581336	-0.520856	-0.462781	-0.394777	-0.337794	-0.300224	-0.288909	-0.290282	
0.475602	0.496714	0.515385	0.525746	0.520812	0.483506	0.411748	0.301287	0.141801	-0.0579527	-0.278223	-0.49315	-0.668044	-0.766398	-0.773797	-0.72154	-0.634344	-0.547741	-0.471776	-0.409275	-0.354923	-0.305666	-0.286031	-0.286889	-0.292778	
0.463176	0.48788	0.516319	0.535234	0.535964	0.497205	0.420509	0.300846	0.143738	-0.0538944	-0.27048	-0.482488	-0.657752	-0.757254	-0.770144	-0.718226	-0.624538	-0.523436	-0.431669	-0.359808	-0.312008	-0.277612	-0.273161	-0.288832	-0.303244	
0.46071	0.486097	0.516565	0.537776	0.539385	0.499753	0.422236	0.30069	0.142867	-0.0523912	-0.269207	-0.478345	-0.653855	-0.754664	-0.771784	-0.717641	-0.621329	-0.518038	-0.423412	-0.349698	-0.303598	-0.271685	-0.26871	-0.29032	-0.305732	
0.469995	0.492229	0.515405	0.530033	0.528124	0.490121	0.415766	0.302429	0.143654	-0.0567521	-0.275541	-0.490218	-0.664629	-0.762351	-0.77058	-0.719218	-0.630067	-0.536625	-0.453544	-0.386396	-0.335465	-0.293528	-0.281381	-0.287315	-0.296454	
0.487189	0.504266	0.515767	0.517507	0.50748	0.471839	0.402939	0.292315	0.135187	-0.0587761	-0.280696	-0.496836	-0.672234	-0.770506	-0.779273	-0.727771	-0.646113	-0.567001	-0.501288	-0.4439	-0.381225	-0.325284	-0.294101	-0.28752	-0.290004	
0.526824	0.532998	0.528865	0.514306	0.491764	0.452357	0.382448	0.271402	0.116985	-0.0730524	-0.296037	-0.512559	-0.683689	-0.778202	-0.787569	-0.742995	-0.672722	-0.604092	-0.546356	-0.485861	-0.410484	-0.350618	-0.310138	-0.292286	-0.290599	
0.596995	0.587436	0.565081	0.53146	0.492192	0.439742	0.359997	0.241659	0.0768472	-0.119264	-0.336303	-0.544732	-0.707464	-0.794502	-0.803103	-0.764479	-0.703449	-0.640118	-0.584346	-0.521205	-0.438044	-0.365522	-0.318054	-0.290208	-0.278694	
0.686421	0.66095	0.619077	0.567276	0.515549	0.447941	0.345496	0.199481	0.0192905	-0.180473	-0.386005	-0.579502	-0.727702	-0.808196	-0.819259	-0.785303	-0.727559	-0.670978	-0.615158	-0.544299	-0.456739	-0.374347	-0.318164	-0.278956	-0.264225	
0.775813	0.738655	0.683112	0.620539	0.555751	0.470087	0.344836	0.172268	-0.0208848	-0.221336	-0.413516	-0.588083	-0.725298	-0.802884	-0.822248	-0.792246	-0.740402	-0.686673	-0.630648	-0.557431	-0.468133	-0.38081	-0.317271	-0.281189	-0.268559	
0.833903	0.800055	0.752131	0.691613	0.614088	0.503902	0.355146	0.172782	-0.0250074	-0.22027	-0.396211	-0.555244	-0.685116	-0.766216	-0.796308	-0.782937	-0.748744	-0.70732	-0.65568	-0.582971	-0.4957	-0.402569	-0.338672	-0.306111	-0.298309	
0.856573	0.841196	0.80956	0.758575	0.678419	0.560771	0.401165	0.216673	0.0274572	-0.158691	-0.325765	-0.476672	-0.600365	-0.682814	-0.724527	-0.736832	-0.736695	-0.727472	-0.697598	-0.638874	-0.559601	-0.466454	-0.391932	-0.3558	-0.349559	
0.842255	0.851762	0.836968	0.805833	0.738053	0.633086	0.489402	0.323203	0.145262	-0.0301436	-0.19807	-0.33896	-0.452119	-0.537327	-0.59905	-0.645176	-0.692685	-0.728065	-0.73054	-0.698679	-0.63472	-0.555099	-0.478529	-0.439225	-0.425396	
0.779159	0.813094	0.828911	0.823204	0.78125	0.705587	0.594511	0.459726	0.301664	0.141473	-0.0121894	-0.144295	-0.255345	-0.349842	-0.436603	-0.524542	-0.62114	-0.695617	-0.736534	-0.73785	-0.698275	-0.637372	-0.56982	-0.53039	-0.515429	
0.678341	0.744219	0.793014	0.815989	0.805775	0.76543	0.691583	0.58907	0.462421	0.325859	0.189918	0.0686102	-0.0409293	-0.151967	-0.268887	-0.388352	-0.514326	-0.62384	-0.702558	-0.739968	-0.733366	-0.696538	-0.646535	-0.611859	-0.596473	
0.552056	0.644059	0.720737	0.772556	0.794406	0.785835	0.751649	0.687999	0.602006	0.493584	0.380521	0.269149	0.166736	0.0501478	-0.0833855	-0.22484	-0.374138	-0.512442	-0.62482	-0.698718	-0.731109	-0.728267	-0.701916	-0.672135	-0.656798	
0.419655	0.519648	0.616292	0.694013	0.741356	0.763834	0.76719	0.748772	0.703682	0.637662	0.557096	0.462629	0.368034	0.254839	0.113772	-0.0402661	-0.206022	-0.369787	-0.514204	-0.622402	-0.691057	-0.727155	-0.736327	-0.724019	-0.710986	
0.306664	0.394574	0.489087	0.572666	0.642324	0.69891	0.739646	0.763859	0.767342	0.746877	0.703414	0.641282	0.562793	0.457982	0.314744	0.149842	-0.0326664	-0.214195	-0.38127	-0.515987	-0.626872	-0.712809	-0.762909	-0.773468	-0.768494	
0.204803	0.275909	0.352085	0.429172	0.505258	0.586883	0.668473	0.735961	0.786572	0.80927	0.812017	0.791208	0.739542	0.645509	0.4998	0.327395	0.132759	-0.0627832	-0.24814	-0.410465	-0.56018	-0.692703	-0.775506	-0.811069	-0.814398	
0.0914523	0.138108	0.196139	0.259576	0.331332	0.425948	0.542384	0.656465	0.750057	0.821792	0.871199	0.895176	0.87849	0.801139	0.660053	0.482409	0.28337	0.0776058	-0.121217	-0.311687	-0.494988	-0.655158	-0.75883	-0.807936	-0.821497	
-0.0380203	-0.0278093	0.00378924	0.0488853	0.111345	0.211967	0.347027	0.500137	0.645264	0.772182	0.870439	0.941276	0.955995	0.898332	0.773194	0.601918	0.406139	0.204629	-0.000564234	-0.210543	-0.414962	-0.586222	-0.696593	-0.752747	-0.769944	
-0.185668	-0.210314	-0.213246	-0.189527	-0.143887	-0.0529125	0.089905	0.27313	0.465593	0.645338	0.794795	0.906981	0.95835	0.927426	0.828664	0.681128	0.501939	0.307538	0.106815	-0.103962	-0.314033	-0.480553	-0.585745	-0.638799	-0.651282	
-0.328474	-0.388508	-0.428384	-0.444137	-0.419545	-0.338707	-0.195085	0.00182479	0.227415	0.451346	0.653137	0.800858	0.888679	0.90052	0.844165	0.736026	0.587278	0.41077	0.218797	0.015566	-0.18821	-0.343952	-0.438859	-0.482572	-0.478859	
