-0.505787	-0.4618	-0.414537	-0.375101	-0.355631	-0.353146	-0.364424	-0.396812	-0.443072	-0.487801	-0.530387	-0.568777	-0.592143	-0.598182	-0.583613	-0.544995	-0.486145	-0.395715	-0.278918	-0.15779	-0.0258628	0.112349	0.237686	0.348515	0.451247	
-0.443629	-0.386396	-0.33113	-0.28272	-0.258515	-0.255945	-0.269669	-0.309458	-0.3644	-0.420001	-0.479616	-0.535115	-0.572223	-0.594484	-0.602316	-0.586735	-0.549305	-0.484278	-0.394069	-0.291566	-0.164718	-0.0244666	0.103682	0.225215	0.340934	
-0.372501	-0.321099	-0.273695	-0.234745	-0.221056	-0.220518	-0.225795	-0.255973	-0.302357	-0.35058	-0.408208	-0.470015	-0.519465	-0.553737	-0.576319	-0.582548	-0.569769	-0.533477	-0.474386	-0.400211	-0.297325	-0.170668	-0.0472564	0.0748089	0.200819	
-0.305227	-0.271658	-0.247596	-0.225655	-0.219228	-0.220149	-0.221122	-0.237663	-0.261967	-0.289633	-0.332852	-0.384509	-0.433438	-0.479334	-0.519569	-0.544291	-0.552805	-0.54813	-0.527489	-0.489092	-0.418545	-0.31938	-0.209138	-0.0831137	0.052279	
-0.253257	-0.245304	-0.240838	-0.232149	-0.23455	-0.236851	-0.23158	-0.236747	-0.244118	-0.248654	-0.265839	-0.296243	-0.334024	-0.380088	-0.43734	-0.491209	-0.526045	-0.548438	-0.557713	-0.54681	-0.507136	-0.438314	-0.35116	-0.234702	-0.091997	
-0.215095	-0.222025	-0.235001	-0.243641	-0.253117	-0.255717	-0.247445	-0.239377	-0.227435	-0.215993	-0.216472	-0.227993	-0.254426	-0.296897	-0.355667	-0.423614	-0.482662	-0.531666	-0.565167	-0.570768	-0.549965	-0.507998	-0.444897	-0.350316	-0.224298	
-0.190227	-0.203851	-0.22716	-0.244597	-0.256528	-0.259553	-0.250629	-0.2349	-0.212917	-0.194709	-0.189181	-0.193767	-0.212464	-0.246735	-0.2972	-0.357344	-0.414107	-0.474621	-0.52783	-0.551578	-0.553064	-0.539201	-0.505794	-0.440685	-0.343887	
-0.195873	-0.202194	-0.21445	-0.227425	-0.234781	-0.23521	-0.230826	-0.220348	-0.206374	-0.198167	-0.194212	-0.192451	-0.201735	-0.219254	-0.246494	-0.288983	-0.334719	-0.391921	-0.457564	-0.501838	-0.53011	-0.54746	-0.540945	-0.507154	-0.444884	
-0.216011	-0.21255	-0.209494	-0.204318	-0.191886	-0.188274	-0.19985	-0.208008	-0.210497	-0.215387	-0.21427	-0.204376	-0.199761	-0.202417	-0.208832	-0.227886	-0.260613	-0.311454	-0.377305	-0.436893	-0.492029	-0.538899	-0.556028	-0.543898	-0.510972	
-0.227402	-0.214291	-0.196388	-0.182759	-0.16692	-0.162562	-0.176353	-0.190162	-0.206204	-0.224626	-0.226818	-0.213196	-0.19964	-0.19059	-0.185978	-0.19337	-0.213874	-0.252275	-0.307499	-0.364242	-0.431778	-0.501766	-0.541914	-0.552602	-0.544231	
-0.210087	-0.193588	-0.179886	-0.176247	-0.16645	-0.162634	-0.173279	-0.179006	-0.186782	-0.203581	-0.213988	-0.213231	-0.206598	-0.19595	-0.181005	-0.176726	-0.19162	-0.216483	-0.253263	-0.300253	-0.362015	-0.436701	-0.495118	-0.530472	-0.548646	
-0.181319	-0.173852	-0.170083	-0.174851	-0.174372	-0.173909	-0.176279	-0.171338	-0.171432	-0.17877	-0.184718	-0.194053	-0.203603	-0.207242	-0.197843	-0.182441	-0.183843	-0.196625	-0.213729	-0.246288	-0.29764	-0.360261	-0.422538	-0.480809	-0.527764	
-0.160932	-0.160432	-0.163503	-0.173516	-0.179517	-0.179974	-0.176417	-0.166909	-0.161279	-0.160561	-0.162714	-0.174133	-0.18989	-0.205129	-0.211606	-0.203237	-0.1937	-0.185274	-0.18339	-0.203201	-0.242082	-0.291659	-0.348056	-0.416618	-0.487802	
-0.15089	-0.156379	-0.161163	-0.166545	-0.17449	-0.176467	-0.169503	-0.163133	-0.158908	-0.151783	-0.152352	-0.166776	-0.180374	-0.192383	-0.204182	-0.206605	-0.204315	-0.188613	-0.168212	-0.17748	-0.20588	-0.239775	-0.288968	-0.355691	-0.43257	
-0.158474	-0.163566	-0.160494	-0.154594	-0.160068	-0.162914	-0.155409	-0.156655	-0.163788	-0.161284	-0.157229	-0.162553	-0.16841	-0.172525	-0.182534	-0.191334	-0.198874	-0.198486	-0.182295	-0.179107	-0.193066	-0.208794	-0.240986	-0.296454	-0.362878	
-0.166056	-0.170761	-0.165642	-0.148727	-0.141582	-0.14116	-0.143978	-0.159843	-0.170701	-0.167704	-0.163284	-0.157969	-0.151225	-0.150349	-0.163401	-0.181862	-0.194565	-0.202703	-0.20204	-0.194846	-0.185941	-0.183805	-0.203018	-0.244024	-0.2985	
-0.159551	-0.162788	-0.157918	-0.14439	-0.142803	-0.143883	-0.142343	-0.153066	-0.161822	-0.160296	-0.159568	-0.156504	-0.149297	-0.144625	-0.154187	-0.174165	-0.186315	-0.195227	-0.205119	-0.205192	-0.186917	-0.167698	-0.177358	-0.208778	-0.251012	
-0.146573	-0.138091	-0.140703	-0.147517	-0.153947	-0.155279	-0.150078	-0.14297	-0.137644	-0.142637	-0.153816	-0.158981	-0.161377	-0.157646	-0.153367	-0.160377	-0.164502	-0.17214	-0.192065	-0.204211	-0.19912	-0.183194	-0.178761	-0.193294	-0.217906	
-0.141233	-0.129931	-0.137264	-0.149385	-0.149762	-0.148574	-0.150793	-0.143085	-0.131106	-0.135359	-0.14956	-0.15613	-0.161232	-0.162779	-0.153721	-0.149852	-0.150671	-0.158755	-0.181221	-0.195577	-0.200017	-0.201404	-0.194245	-0.187265	-0.194319	
-0.143746	-0.141401	-0.142266	-0.144818	-0.138197	-0.135805	-0.143201	-0.143717	-0.141142	-0.143161	-0.143868	-0.143032	-0.149171	-0.15927	-0.156785	-0.14821	-0.14686	-0.155912	-0.175338	-0.18561	-0.190885	-0.203568	-0.204131	-0.187039	-0.176814	
-0.14501	-0.146349	-0.145027	-0.142763	-0.130552	-0.127352	-0.138958	-0.144099	-0.14572	-0.146598	-0.139837	-0.132771	-0.136025	-0.15303	-0.163183	-0.156273	-0.151421	-0.15232	-0.158948	-0.167268	-0.178302	-0.199948	-0.21114	-0.200006	-0.180071	
-0.143509	-0.143651	-0.137358	-0.134479	-0.134499	-0.135256	-0.135157	-0.134878	-0.141313	-0.144776	-0.140022	-0.137316	-0.133658	-0.138947	-0.15527	-0.159781	-0.160628	-0.159049	-0.148127	-0.148984	-0.165589	-0.189282	-0.206438	-0.208651	-0.196717	
-0.136459	-0.137006	-0.128782	-0.129242	-0.141121	-0.143564	-0.133262	-0.127539	-0.133786	-0.137831	-0.136223	-0.144141	-0.147071	-0.135621	-0.137643	-0.14961	-0.158957	-0.163645	-0.151203	-0.14559	-0.162235	-0.179971	-0.19239	-0.20305	-0.206164	
-0.132312	-0.13149	-0.129762	-0.13092	-0.138041	-0.138803	-0.132498	-0.130951	-0.131056	-0.131099	-0.134495	-0.142664	-0.149787	-0.141091	-0.130557	-0.138815	-0.153878	-0.16107	-0.155989	-0.152633	-0.161733	-0.17008	-0.176407	-0.190517	-0.207696	
-0.131773	-0.133655	-0.136892	-0.129654	-0.129908	-0.131703	-0.12812	-0.134603	-0.136523	-0.130633	-0.135221	-0.138145	-0.137275	-0.139339	-0.136248	-0.138752	-0.15055	-0.156927	-0.158035	-0.160465	-0.15996	-0.155927	-0.160647	-0.177886	-0.204563	
-0.127008	-0.132794	-0.142555	-0.134599	-0.123244	-0.122071	-0.129267	-0.140437	-0.137983	-0.127808	-0.13014	-0.132887	-0.133273	-0.140752	-0.145606	-0.144914	-0.14102	-0.142298	-0.15519	-0.165335	-0.162621	-0.152208	-0.154765	-0.172968	-0.197912	
-0.132794	-0.125909	-0.129544	-0.136331	-0.128229	-0.125005	-0.135122	-0.133264	-0.125336	-0.13015	-0.134582	-0.131429	-0.133612	-0.141427	-0.146461	-0.145022	-0.133437	-0.130973	-0.15341	-0.170594	-0.167515	-0.158282	-0.156492	-0.168307	-0.185039	
-0.142555	-0.129544	-0.116348	-0.126719	-0.135504	-0.136169	-0.132579	-0.11832	-0.121389	-0.140144	-0.140373	-0.13154	-0.128497	-0.133135	-0.142841	-0.144179	-0.139286	-0.13782	-0.15021	-0.164953	-0.162342	-0.16047	-0.162493	-0.166002	-0.176384	
-0.134599	-0.136331	-0.126719	-0.124604	-0.130154	-0.131321	-0.12646	-0.124046	-0.132839	-0.137075	-0.130779	-0.130479	-0.130449	-0.131076	-0.139569	-0.144038	-0.147955	-0.149132	-0.144562	-0.146791	-0.151183	-0.161935	-0.172621	-0.17335	-0.175987	
-0.123244	-0.128229	-0.135504	-0.130154	-0.125996	-0.125618	-0.126866	-0.13504	-0.132987	-0.123032	-0.126155	-0.135357	-0.140872	-0.138038	-0.130714	-0.133902	-0.145471	-0.154272	-0.148078	-0.138864	-0.151845	-0.170121	-0.178632	-0.177998	-0.168443	
-0.122071	-0.125005	-0.136169	-0.131321	-0.125618	-0.125617	-0.127758	-0.13613	-0.130924	-0.120537	-0.127352	-0.136446	-0.142312	-0.140048	-0.129144	-0.130841	-0.143352	-0.155036	-0.149816	-0.138193	-0.153827	-0.172499	-0.179177	-0.178928	-0.165664	
-0.129267	-0.135122	-0.132579	-0.12646	-0.126866	-0.127758	-0.12596	-0.129493	-0.135019	-0.131986	-0.127658	-0.131058	-0.13346	-0.133678	-0.137476	-0.141197	-0.147742	-0.151899	-0.14485	-0.14195	-0.150243	-0.163917	-0.175248	-0.176488	-0.174333	
-0.140437	-0.133264	-0.11832	-0.124046	-0.13504	-0.13613	-0.129493	-0.118646	-0.125547	-0.14	-0.137522	-0.131801	-0.128604	-0.13082	-0.140896	-0.144384	-0.143871	-0.142237	-0.147728	-0.159159	-0.15732	-0.16021	-0.166308	-0.167734	-0.176655	
-0.137983	-0.125336	-0.121389	-0.132839	-0.132987	-0.130924	-0.135019	-0.125547	-0.120932	-0.134505	-0.138818	-0.131794	-0.131581	-0.138666	-0.144852	-0.144134	-0.134727	-0.131902	-0.152011	-0.169964	-0.16719	-0.160456	-0.158665	-0.166746	-0.180523	
-0.127808	-0.13015	-0.140144	-0.137075	-0.123032	-0.120537	-0.131986	-0.14	-0.134505	-0.127814	-0.129566	-0.131131	-0.133997	-0.142141	-0.147339	-0.145657	-0.136975	-0.13694	-0.154015	-0.166973	-0.165135	-0.153941	-0.154523	-0.171497	-0.192692	
-0.13014	-0.134582	-0.140373	-0.130779	-0.126155	-0.127352	-0.127658	-0.137522	-0.138818	-0.129566	-0.13298	-0.136284	-0.134527	-0.138589	-0.140061	-0.141693	-0.147155	-0.151907	-0.15801	-0.162722	-0.159875	-0.152952	-0.157063	-0.174775	-0.202286	
-0.132887	-0.131429	-0.13154	-0.130479	-0.135357	-0.136446	-0.131058	-0.131801	-0.131794	-0.131131	-0.136284	-0.140614	-0.144501	-0.141294	-0.132337	-0.137692	-0.15207	-0.159173	-0.157488	-0.156061	-0.160936	-0.165183	-0.170089	-0.185148	-0.206815	
-0.133273	-0.133612	-0.128497	-0.130449	-0.140872	-0.142312	-0.13346	-0.128604	-0.131581	-0.133997	-0.134527	-0.144501	-0.151128	-0.138406	-0.132642	-0.143797	-0.15696	-0.16359	-0.153352	-0.147985	-0.162081	-0.175513	-0.185795	-0.198374	-0.20728	
-0.140752	-0.141427	-0.133135	-0.131076	-0.138038	-0.140048	-0.133678	-0.13082	-0.138666	-0.142141	-0.138589	-0.141294	-0.138406	-0.135007	-0.147868	-0.157238	-0.161757	-0.162157	-0.148263	-0.145655	-0.162861	-0.185033	-0.20141	-0.207606	-0.202214	
-0.145606	-0.146461	-0.142841	-0.139569	-0.130714	-0.129144	-0.137476	-0.140896	-0.144852	-0.147339	-0.140061	-0.132337	-0.132642	-0.147868	-0.162615	-0.159249	-0.15499	-0.153704	-0.152604	-0.158469	-0.173554	-0.197198	-0.210707	-0.205407	-0.18661	
-0.144914	-0.145022	-0.144179	-0.144038	-0.133902	-0.130841	-0.141197	-0.144384	-0.144134	-0.145657	-0.141693	-0.137692	-0.143797	-0.157238	-0.159249	-0.150783	-0.148144	-0.154462	-0.169461	-0.17941	-0.186236	-0.201686	-0.207343	-0.191315	-0.17518	
-0.14102	-0.133437	-0.139286	-0.147955	-0.145471	-0.143352	-0.147742	-0.143871	-0.134727	-0.136975	-0.147155	-0.15207	-0.15696	-0.161757	-0.15499	-0.148144	-0.147959	-0.156882	-0.179153	-0.192308	-0.196498	-0.203878	-0.199721	-0.185485	-0.185932	
-0.142298	-0.130973	-0.13782	-0.149132	-0.154272	-0.155036	-0.151899	-0.142237	-0.131902	-0.13694	-0.151907	-0.159173	-0.16359	-0.162157	-0.153704	-0.154462	-0.156882	-0.164691	-0.186874	-0.201468	-0.201587	-0.192694	-0.18482	-0.190075	-0.207574	
-0.15519	-0.15341	-0.15021	-0.144562	-0.148078	-0.149816	-0.14485	-0.147728	-0.152011	-0.154015	-0.15801	-0.157488	-0.153352	-0.148263	-0.152604	-0.169461	-0.179153	-0.186874	-0.201217	-0.206144	-0.190897	-0.170385	-0.174417	-0.200742	-0.236315	
-0.165335	-0.170594	-0.164953	-0.146791	-0.138864	-0.138193	-0.14195	-0.159159	-0.169964	-0.166973	-0.162722	-0.156061	-0.147985	-0.145655	-0.158469	-0.17941	-0.192308	-0.201468	-0.206144	-0.200026	-0.184884	-0.174969	-0.190152	-0.227793	-0.277199	
-0.162621	-0.167515	-0.162342	-0.151183	-0.151845	-0.153827	-0.150243	-0.15732	-0.16719	-0.165135	-0.159875	-0.160936	-0.162081	-0.162861	-0.173554	-0.186236	-0.196498	-0.201587	-0.190897	-0.184884	-0.190535	-0.198239	-0.22479	-0.274336	-0.334972	
-0.152208	-0.158282	-0.16047	-0.161935	-0.170121	-0.172499	-0.163917	-0.16021	-0.160456	-0.153941	-0.152952	-0.165183	-0.175513	-0.185033	-0.197198	-0.201686	-0.203878	-0.192694	-0.170385	-0.174969	-0.198239	-0.225232	-0.268797	-0.331351	-0.406332	
-0.154765	-0.156492	-0.162493	-0.172621	-0.178632	-0.179177	-0.175248	-0.166308	-0.158665	-0.154523	-0.157063	-0.170089	-0.185795	-0.20141	-0.210707	-0.207343	-0.199721	-0.18482	-0.174417	-0.190152	-0.22479	-0.268797	-0.321839	-0.391696	-0.467965	
-0.172968	-0.168307	-0.166002	-0.17335	-0.177998	-0.178928	-0.176488	-0.167734	-0.166746	-0.171497	-0.174775	-0.185148	-0.198374	-0.207606	-0.205407	-0.191315	-0.185485	-0.190075	-0.200742	-0.227793	-0.274336	-0.331351	-0.391696	-0.455874	-0.51348	
-0.197912	-0.185039	-0.176384	-0.175987	-0.168443	-0.165664	-0.174333	-0.176655	-0.180523	-0.192692	-0.202286	-0.206815	-0.20728	-0.202214	-0.18661	-0.17518	-0.185932	-0.207574	-0.236315	-0.277199	-0.334972	-0.406332	-0.467965	-0.51348	-0.543805	
