-0.324934	-0.264865	-0.169801	-0.0442387	0.0850532	0.195612	0.276057	0.321789	0.315587	0.270094	0.194893	0.0956367	-0.0036762	-0.0800559	-0.141815	-0.189998	-0.216035	-0.227707	-0.24134	-0.258439	-0.259695	-0.234844	-0.177932	-0.0903382	0.0291604	
-0.264865	-0.204783	-0.110849	0.00809496	0.130151	0.237665	0.320525	0.367936	0.367331	0.336043	0.267348	0.167809	0.0620318	-0.0346105	-0.119965	-0.188463	-0.240218	-0.280997	-0.324298	-0.364207	-0.375372	-0.344465	-0.271277	-0.154959	0.0077076	
-0.169801	-0.110849	-0.0215154	0.0840753	0.196619	0.297413	0.374565	0.424957	0.435453	0.412918	0.352363	0.252143	0.13507	0.0192206	-0.0791888	-0.163795	-0.243274	-0.314694	-0.386952	-0.441233	-0.451126	-0.414216	-0.330323	-0.193092	0.00273579	
-0.0442387	0.00809496	0.0840753	0.171882	0.266088	0.35338	0.430367	0.490529	0.512676	0.500068	0.447883	0.346238	0.216796	0.0920092	-0.0202096	-0.127057	-0.226802	-0.322243	-0.415728	-0.478889	-0.484637	-0.442792	-0.353723	-0.202889	0.00970094	
0.0850532	0.130151	0.196619	0.266088	0.34089	0.415481	0.498084	0.570249	0.606255	0.607482	0.564276	0.461601	0.32794	0.19499	0.0696772	-0.0523736	-0.171498	-0.291912	-0.404341	-0.475134	-0.490488	-0.452116	-0.352255	-0.190374	0.0314461	
0.195612	0.237665	0.297413	0.35338	0.415481	0.48761	0.571525	0.655192	0.714041	0.73252	0.700052	0.611814	0.490387	0.353313	0.215496	0.077541	-0.059991	-0.206721	-0.338738	-0.429379	-0.463513	-0.435774	-0.336094	-0.16883	0.0514731	
0.276057	0.320525	0.374565	0.430367	0.498084	0.571525	0.654849	0.74933	0.826306	0.862965	0.853798	0.796504	0.694534	0.556783	0.399577	0.239717	0.0769017	-0.0869872	-0.232266	-0.349589	-0.408052	-0.39533	-0.30778	-0.151199	0.0613323	
0.321789	0.367936	0.424957	0.490529	0.570249	0.655192	0.74933	0.857673	0.946578	1.00181	1.01751	0.98509	0.897694	0.760904	0.597758	0.421221	0.239917	0.0561206	-0.108432	-0.250419	-0.333946	-0.339401	-0.267423	-0.123465	0.0631522	
0.315587	0.367331	0.435453	0.512676	0.606255	0.714041	0.826306	0.946578	1.05655	1.1382	1.17813	1.16254	1.08877	0.965597	0.802223	0.617623	0.424424	0.223205	0.0283519	-0.139298	-0.245218	-0.275386	-0.221744	-0.103765	0.0530273	
0.270094	0.336043	0.412918	0.500068	0.607482	0.73252	0.862965	1.00181	1.1382	1.2538	1.31776	1.31666	1.25922	1.15107	0.997891	0.814749	0.608753	0.386391	0.16988	-0.0180651	-0.149158	-0.204797	-0.176478	-0.0919112	0.0262017	
0.194893	0.267348	0.352363	0.447883	0.564276	0.700052	0.853798	1.01751	1.17813	1.31776	1.40304	1.42254	1.3821	1.28537	1.1472	0.96919	0.749577	0.513643	0.287106	0.086211	-0.0640485	-0.13846	-0.139122	-0.090725	-0.0163646	
0.0956367	0.167809	0.252143	0.346238	0.461601	0.611814	0.796504	0.98509	1.16254	1.31666	1.42254	1.45533	1.42487	1.34494	1.22235	1.05056	0.828857	0.589863	0.356962	0.151247	-0.00261803	-0.0943566	-0.127987	-0.114186	-0.071715	
-0.0036762	0.0620318	0.13507	0.216796	0.32794	0.490387	0.694534	0.897694	1.08877	1.25922	1.3821	1.42487	1.39734	1.32562	1.21013	1.03949	0.825683	0.59021	0.359077	0.156856	-0.00248385	-0.107295	-0.156244	-0.163465	-0.149535	
-0.0800559	-0.0346105	0.0192206	0.0920092	0.19499	0.353313	0.556783	0.760904	0.965597	1.15107	1.28537	1.34494	1.32562	1.24695	1.12215	0.945989	0.729361	0.491501	0.262606	0.0736395	-0.0773825	-0.182115	-0.23393	-0.246291	-0.243799	
-0.141815	-0.119965	-0.0791888	-0.0202096	0.0696772	0.215496	0.399577	0.597758	0.802223	0.997891	1.1472	1.22235	1.21013	1.12215	0.976886	0.775641	0.542692	0.29854	0.0752671	-0.0976966	-0.22777	-0.316068	-0.356233	-0.362544	-0.353887	
-0.189998	-0.188463	-0.163795	-0.127057	-0.0523736	0.077541	0.239717	0.421221	0.617623	0.814749	0.96919	1.05056	1.03949	0.945989	0.775641	0.548479	0.294234	0.0407956	-0.178242	-0.338855	-0.444831	-0.500715	-0.511533	-0.493464	-0.459166	
-0.216035	-0.240218	-0.243274	-0.226802	-0.171498	-0.059991	0.0769017	0.239917	0.424424	0.608753	0.749577	0.828857	0.825683	0.729361	0.542692	0.294234	0.0247711	-0.23731	-0.453748	-0.59779	-0.674777	-0.695996	-0.668647	-0.607544	-0.537934	
-0.227707	-0.280997	-0.314694	-0.322243	-0.291912	-0.206721	-0.0869872	0.0561206	0.223205	0.386391	0.513643	0.589863	0.59021	0.491501	0.29854	0.0407956	-0.23731	-0.493266	-0.702475	-0.832267	-0.879246	-0.856232	-0.780885	-0.673364	-0.560928	
-0.24134	-0.324298	-0.386952	-0.415728	-0.404341	-0.338738	-0.232266	-0.108432	0.0283519	0.16988	0.287106	0.356962	0.359077	0.262606	0.0752671	-0.178242	-0.453748	-0.702475	-0.900667	-1.0104	-1.02329	-0.946698	-0.815478	-0.659485	-0.508619	
-0.258439	-0.364207	-0.441233	-0.478889	-0.475134	-0.429379	-0.349589	-0.250419	-0.139298	-0.0180651	0.086211	0.151247	0.156856	0.0736395	-0.0976966	-0.338855	-0.59779	-0.832267	-1.0104	-1.08795	-1.06518	-0.946166	-0.764214	-0.567203	-0.391471	
-0.259695	-0.375372	-0.451126	-0.484637	-0.490488	-0.463513	-0.408052	-0.333946	-0.245218	-0.149158	-0.0640485	-0.00261803	-0.00248385	-0.0773825	-0.22777	-0.444831	-0.674777	-0.879246	-1.02329	-1.06518	-0.999379	-0.847883	-0.640286	-0.424785	-0.230943	
-0.234844	-0.344465	-0.414216	-0.442792	-0.452116	-0.435774	-0.39533	-0.339401	-0.275386	-0.204797	-0.13846	-0.0943566	-0.107295	-0.182115	-0.316068	-0.500715	-0.695996	-0.856232	-0.946698	-0.946166	-0.847883	-0.678795	-0.461813	-0.247886	-0.0534617	
-0.177932	-0.271277	-0.330323	-0.353723	-0.352255	-0.336094	-0.30778	-0.267423	-0.221744	-0.176478	-0.139122	-0.127987	-0.156244	-0.23393	-0.356233	-0.511533	-0.668647	-0.780885	-0.815478	-0.764214	-0.640286	-0.461813	-0.264039	-0.0667479	0.116633	
-0.0903382	-0.154959	-0.193092	-0.202889	-0.190374	-0.16883	-0.151199	-0.123465	-0.103765	-0.0919112	-0.090725	-0.114186	-0.163465	-0.246291	-0.362544	-0.493464	-0.607544	-0.673364	-0.659485	-0.567203	-0.424785	-0.247886	-0.0667479	0.112774	0.274982	
0.0291604	0.0077076	0.00273579	0.00970094	0.0314461	0.0514731	0.0613323	0.0631522	0.0530273	0.0262017	-0.0163646	-0.071715	-0.149535	-0.243799	-0.353887	-0.459166	-0.537934	-0.560928	-0.508619	-0.391471	-0.230943	-0.0534617	0.116633	0.274982	0.409671	
0.178525	0.210017	0.239485	0.270796	0.297795	0.309629	0.300882	0.271744	0.23115	0.168811	0.0818773	-0.0187524	-0.124359	-0.234767	-0.342923	-0.429652	-0.480165	-0.469291	-0.384656	-0.241683	-0.0659547	0.107221	0.268262	0.406037	0.509282	
0.34702	0.428733	0.493414	0.545262	0.574459	0.572919	0.546516	0.493013	0.418821	0.310447	0.179484	0.0381414	-0.092992	-0.220998	-0.329775	-0.404107	-0.431042	-0.396681	-0.295861	-0.137506	0.0481765	0.22902	0.388466	0.508682	0.582169	
0.515647	0.637765	0.73595	0.807428	0.839555	0.827664	0.782435	0.703449	0.585537	0.42883	0.254811	0.0906633	-0.0600671	-0.199023	-0.309794	-0.379099	-0.396117	-0.352513	-0.243593	-0.079643	0.117135	0.31141	0.473481	0.583603	0.634421	
0.655376	0.8099	0.9352	1.0259	1.06755	1.04577	0.976714	0.865845	0.707283	0.51006	0.305655	0.126665	-0.0343498	-0.173721	-0.288231	-0.358283	-0.381315	-0.33981	-0.221821	-0.0487172	0.159267	0.362273	0.52637	0.628774	0.665022	
0.737093	0.909147	1.05368	1.15923	1.20921	1.18142	1.09649	0.964568	0.777553	0.545326	0.329188	0.144937	-0.0135548	-0.154489	-0.275089	-0.350528	-0.377356	-0.338516	-0.219278	-0.0408558	0.17318	0.39115	0.556734	0.651732	0.679988	
0.750836	0.926485	1.07325	1.18405	1.23334	1.20494	1.11767	0.983376	0.789023	0.549295	0.332568	0.147354	-0.00858986	-0.14957	-0.273078	-0.350189	-0.375593	-0.33788	-0.217951	-0.0387809	0.17576	0.394515	0.562434	0.657406	0.682948	
0.696319	0.859479	0.994454	1.09106	1.13689	1.11194	1.03535	0.913792	0.742629	0.529686	0.317814	0.136479	-0.0249888	-0.165598	-0.281452	-0.354083	-0.379681	-0.338713	-0.219958	-0.0448779	0.167071	0.377427	0.54071	0.63907	0.6721	
0.57676	0.713284	0.822462	0.90199	0.937667	0.921944	0.866534	0.775567	0.639707	0.466464	0.278477	0.106733	-0.0493682	-0.188294	-0.300332	-0.368896	-0.387985	-0.345024	-0.23153	-0.0631261	0.137911	0.334123	0.498367	0.605613	0.648969	
0.415507	0.515179	0.594309	0.653377	0.683292	0.676542	0.643555	0.580999	0.49008	0.36141	0.212698	0.060782	-0.0790066	-0.213154	-0.323556	-0.394602	-0.415091	-0.374857	-0.271097	-0.110734	0.0791572	0.266698	0.427224	0.541875	0.605519	
0.244101	0.296536	0.340524	0.380883	0.40885	0.414985	0.399205	0.359268	0.306102	0.227004	0.122466	0.00385707	-0.112205	-0.230091	-0.337745	-0.419563	-0.459683	-0.437477	-0.344371	-0.193638	-0.013562	0.161161	0.319704	0.450242	0.540825	
0.0860092	0.0849724	0.0935297	0.109774	0.134346	0.15194	0.1554	0.144291	0.122248	0.0817979	0.0210532	-0.0514118	-0.141512	-0.240949	-0.349385	-0.445135	-0.512911	-0.521515	-0.454879	-0.327045	-0.160218	0.0145376	0.181813	0.33149	0.453823	
-0.0463278	-0.0955759	-0.120304	-0.12544	-0.108394	-0.0864266	-0.0713356	-0.0522744	-0.0442645	-0.0482988	-0.064186	-0.0988984	-0.159395	-0.246446	-0.361183	-0.481346	-0.579552	-0.626875	-0.597352	-0.49422	-0.345372	-0.166789	0.00978449	0.179954	0.33296	
-0.146881	-0.229754	-0.282931	-0.300941	-0.295422	-0.276823	-0.252999	-0.216918	-0.181251	-0.148047	-0.123686	-0.12794	-0.163215	-0.241724	-0.361263	-0.506853	-0.646497	-0.74098	-0.754037	-0.683751	-0.551562	-0.374472	-0.184586	0.00633108	0.181948	
-0.216044	-0.320293	-0.386373	-0.414056	-0.419535	-0.404596	-0.369109	-0.320315	-0.263489	-0.202125	-0.146667	-0.113881	-0.133078	-0.209955	-0.337054	-0.508794	-0.691016	-0.831286	-0.898783	-0.879021	-0.76983	-0.594584	-0.38381	-0.175529	0.0159957	
-0.25342	-0.367332	-0.441707	-0.472686	-0.481702	-0.460252	-0.411976	-0.344786	-0.267443	-0.181565	-0.103476	-0.0471025	-0.0512459	-0.125506	-0.269135	-0.472957	-0.689206	-0.877184	-1.00182	-1.02727	-0.947023	-0.788417	-0.573143	-0.355956	-0.160457	
-0.26214	-0.373738	-0.450845	-0.488493	-0.488066	-0.450601	-0.38128	-0.293123	-0.190187	-0.0783919	0.0182141	0.0830189	0.0869057	0.00844901	-0.154647	-0.387398	-0.636234	-0.860777	-1.02773	-1.09092	-1.05106	-0.917733	-0.722392	-0.515767	-0.331191	
-0.248551	-0.342157	-0.412562	-0.446765	-0.438641	-0.381129	-0.283832	-0.16946	-0.0440003	0.0893805	0.203264	0.269725	0.273214	0.181792	0.00086595	-0.249622	-0.520252	-0.764579	-0.955705	-1.05367	-1.05303	-0.957989	-0.804735	-0.629469	-0.468925	
-0.23237	-0.297803	-0.34339	-0.360572	-0.339424	-0.2626	-0.148036	-0.0121854	0.143454	0.29803	0.420998	0.495454	0.496327	0.396242	0.203318	-0.0530263	-0.331702	-0.584796	-0.789699	-0.913642	-0.947569	-0.902405	-0.80522	-0.678761	-0.548588	
-0.221767	-0.257151	-0.272393	-0.265342	-0.220089	-0.118422	0.0104034	0.165933	0.344221	0.520714	0.654796	0.732816	0.732533	0.636061	0.445594	0.191389	-0.0823645	-0.343417	-0.557518	-0.695408	-0.761073	-0.766029	-0.721068	-0.641712	-0.555493	
-0.202936	-0.210645	-0.196191	-0.166901	-0.10021	0.0231228	0.175422	0.349106	0.541663	0.7354	0.886267	0.966348	0.957498	0.863144	0.684607	0.448341	0.186686	-0.0708653	-0.289014	-0.443673	-0.538173	-0.580912	-0.576735	-0.542655	-0.495038	
-0.163415	-0.149952	-0.114215	-0.0636417	0.0208087	0.159913	0.335551	0.528031	0.72983	0.927447	1.08044	1.16027	1.14881	1.05771	0.901975	0.690036	0.448203	0.201132	-0.0204303	-0.188723	-0.309067	-0.384474	-0.415525	-0.415251	-0.397991	
-0.10671	-0.070037	-0.0225998	0.0460301	0.144496	0.297903	0.494585	0.69823	0.904212	1.09449	1.23488	1.30097	1.28579	1.20267	1.07136	0.88654	0.665313	0.424812	0.197849	0.0157411	-0.127948	-0.229322	-0.278136	-0.288691	-0.286748	
-0.0371031	0.021884	0.0877573	0.166026	0.273623	0.437004	0.643235	0.847305	1.04499	1.22241	1.34934	1.39865	1.37329	1.2995	1.18262	1.0113	0.798139	0.562583	0.332515	0.134244	-0.0234419	-0.129987	-0.181402	-0.192519	-0.185807	
0.0546474	0.124691	0.205981	0.295598	0.409312	0.565563	0.760587	0.956777	1.13952	1.29913	1.41351	1.44957	1.42082	1.34605	1.22804	1.05752	0.838736	0.601305	0.367578	0.162394	0.00653595	-0.0914008	-0.133636	-0.129798	-0.0995824	
0.157231	0.229843	0.316143	0.412424	0.529136	0.670668	0.836386	1.01112	1.17877	1.32474	1.4187	1.44488	1.40958	1.31922	1.1869	1.01172	0.789597	0.550474	0.32187	0.118005	-0.0352969	-0.1171	-0.130986	-0.0967124	-0.0363778	
