0.832254	0.853183	0.868318	0.875946	0.8819	0.883092	0.878338	0.872281	0.859592	0.841301	0.816611	0.7863	0.75496	0.717428	0.681491	0.645166	0.5991	0.556492	0.513911	0.467919	0.434483	0.414138	0.406768	0.424782	0.465355	
0.678091	0.67606	0.672059	0.664487	0.662181	0.661828	0.662515	0.669375	0.674634	0.677626	0.67785	0.670735	0.66092	0.648463	0.636772	0.627085	0.615342	0.605618	0.591245	0.57132	0.556629	0.547288	0.547779	0.569188	0.611597	
0.500226	0.488366	0.47996	0.470796	0.467875	0.467438	0.468707	0.476254	0.484585	0.494832	0.511243	0.528052	0.541979	0.553528	0.565271	0.575	0.582453	0.595465	0.604904	0.607724	0.614485	0.621344	0.632773	0.664904	0.716445	
0.339404	0.322515	0.311121	0.303232	0.305135	0.30621	0.303297	0.307368	0.31757	0.331355	0.354171	0.382464	0.412772	0.444162	0.47028	0.490789	0.509681	0.529818	0.550822	0.574126	0.600821	0.627992	0.657966	0.701736	0.765611	
0.215436	0.198854	0.185717	0.172073	0.164412	0.162654	0.16809	0.18024	0.193444	0.207696	0.231218	0.25802	0.284066	0.318636	0.353938	0.381486	0.408015	0.434822	0.459042	0.490926	0.534041	0.579259	0.629013	0.687792	0.75746	
0.125479	0.109786	0.0906022	0.0732881	0.0668618	0.066357	0.0695555	0.0822573	0.10273	0.119344	0.136631	0.155279	0.172661	0.199194	0.230124	0.263762	0.302516	0.33605	0.364546	0.39577	0.433437	0.481182	0.540445	0.611526	0.692379	
0.0444265	0.0312564	0.0215682	0.0155995	0.013086	0.0123022	0.0143936	0.0185947	0.0273113	0.0383224	0.0572469	0.0781982	0.092664	0.114624	0.137787	0.160199	0.1957	0.231332	0.261237	0.295492	0.328373	0.364979	0.421153	0.495052	0.58505	
-0.00774929	-0.0143765	-0.0200346	-0.0216773	-0.0235111	-0.0239598	-0.0218282	-0.0213716	-0.0167994	-0.0111428	-0.00065832	0.0162629	0.0327903	0.0544863	0.0722176	0.0858402	0.107949	0.131871	0.158515	0.191996	0.22553	0.259746	0.306027	0.371676	0.46045	
-0.0339505	-0.0392339	-0.045408	-0.0473747	-0.0480799	-0.0479158	-0.0474054	-0.0473465	-0.0410636	-0.0360996	-0.0300739	-0.0191384	-0.0107579	0.00322346	0.0164679	0.0267598	0.0442184	0.0577867	0.0759761	0.107699	0.137648	0.170972	0.214296	0.26423	0.336426	
-0.0491331	-0.0529732	-0.0573654	-0.0576844	-0.0640088	-0.0664177	-0.0596316	-0.0576536	-0.0551456	-0.0500251	-0.0473372	-0.0445381	-0.0410303	-0.031812	-0.0213326	-0.012465	0.000606607	0.0103673	0.0204661	0.0409611	0.0647222	0.0923855	0.133824	0.180584	0.237127	
-0.0587366	-0.0609794	-0.0654499	-0.0663447	-0.0686489	-0.0686006	-0.0667633	-0.066754	-0.0625759	-0.0590839	-0.0600303	-0.0576855	-0.0547052	-0.0528926	-0.0488548	-0.0394435	-0.0270637	-0.0207167	-0.0132818	-0.00184313	0.0109774	0.0323784	0.0647635	0.107716	0.161553	
-0.0668	-0.0719005	-0.0731066	-0.06698	-0.0663118	-0.0670489	-0.0658137	-0.070379	-0.0735121	-0.0688736	-0.0667711	-0.0643576	-0.0597832	-0.0597962	-0.0588731	-0.0551772	-0.0506923	-0.0449985	-0.0376101	-0.0309645	-0.0246813	-0.00823756	0.0195023	0.0537593	0.103487	
-0.0701125	-0.0720734	-0.070198	-0.0675226	-0.0703093	-0.0713282	-0.0685547	-0.0686608	-0.0719716	-0.0705443	-0.071245	-0.0711791	-0.063164	-0.0621476	-0.0647978	-0.0630738	-0.0648867	-0.0629838	-0.0524655	-0.0468797	-0.0443345	-0.0338167	-0.0126932	0.0174297	0.0583375	
-0.067255	-0.0683603	-0.0686454	-0.0724266	-0.0726018	-0.0714077	-0.0731116	-0.0702747	-0.0681411	-0.0669543	-0.0684516	-0.0712781	-0.0696798	-0.0713474	-0.0698771	-0.0649362	-0.0686777	-0.0718788	-0.0646443	-0.0555432	-0.0499629	-0.043863	-0.0338489	-0.0106417	0.0250429	
-0.0668653	-0.0679504	-0.0684711	-0.0711613	-0.0712732	-0.0715473	-0.0716904	-0.0684603	-0.0694199	-0.0674108	-0.0673758	-0.0733885	-0.0733157	-0.0743907	-0.0721407	-0.0653002	-0.065689	-0.0664371	-0.069288	-0.0714737	-0.0613689	-0.0503306	-0.045806	-0.0308062	0.000929261	
-0.0745577	-0.0745852	-0.070548	-0.0692698	-0.0658312	-0.065135	-0.0685953	-0.0692094	-0.0729755	-0.0757533	-0.0719793	-0.0670672	-0.0650066	-0.0698962	-0.0723669	-0.0710478	-0.0722356	-0.0668147	-0.0659588	-0.0772237	-0.074494	-0.0577023	-0.0490498	-0.0368569	-0.0119878	
-0.0696902	-0.0692938	-0.0698992	-0.0711175	-0.0676419	-0.0668547	-0.0704833	-0.0702427	-0.0689446	-0.0694422	-0.0697867	-0.0695536	-0.067475	-0.0678241	-0.0693544	-0.0724576	-0.079326	-0.0750453	-0.0645707	-0.066948	-0.072736	-0.0656014	-0.0539007	-0.0407664	-0.0196109	
-0.0676316	-0.0640809	-0.062016	-0.0701976	-0.0731895	-0.0726538	-0.0723951	-0.0651456	-0.0626907	-0.0667079	-0.0665541	-0.072433	-0.0764193	-0.0703615	-0.0689746	-0.0689986	-0.0691954	-0.0730726	-0.0726516	-0.0655613	-0.0650347	-0.0706223	-0.0650721	-0.0503893	-0.0285433	
-0.0729675	-0.0712983	-0.067985	-0.0690069	-0.0656288	-0.0632147	-0.0675258	-0.0690852	-0.0690321	-0.0734426	-0.0681304	-0.0635652	-0.0723973	-0.0718636	-0.0667327	-0.0694565	-0.0662183	-0.0667251	-0.0786206	-0.0756662	-0.0655996	-0.0693767	-0.069248	-0.0561925	-0.034147	
-0.0688997	-0.0670379	-0.0731796	-0.0674377	-0.0642464	-0.0652909	-0.0652542	-0.071928	-0.0692438	-0.0674191	-0.0711816	-0.0643058	-0.0640389	-0.0681689	-0.0692595	-0.0756922	-0.0727467	-0.0665134	-0.0731439	-0.0748247	-0.0669303	-0.0645135	-0.0646305	-0.0590454	-0.0427527	
-0.0657224	-0.0631463	-0.0663936	-0.0628963	-0.0709523	-0.0752194	-0.064818	-0.065089	-0.06463	-0.0637561	-0.0698155	-0.0703992	-0.069573	-0.0664799	-0.0685799	-0.0731269	-0.0684454	-0.0679982	-0.0700058	-0.070688	-0.0707402	-0.0685277	-0.0645277	-0.061226	-0.0526619	
-0.0637475	-0.0686071	-0.0679179	-0.0646715	-0.067312	-0.0675201	-0.0644895	-0.0667353	-0.0692457	-0.0655823	-0.0636777	-0.070434	-0.0730732	-0.066549	-0.0659389	-0.0676061	-0.0684235	-0.0703395	-0.0675592	-0.0696374	-0.0742859	-0.0743209	-0.0667398	-0.0606306	-0.0574638	
-0.0663669	-0.0709523	-0.068062	-0.0680228	-0.0635582	-0.0609129	-0.0673144	-0.0680818	-0.0697176	-0.0688007	-0.0652046	-0.0653894	-0.0630404	-0.0683935	-0.071238	-0.0647556	-0.0707405	-0.0768824	-0.0693892	-0.0658418	-0.0709746	-0.0720747	-0.0649504	-0.0590894	-0.0572293	
-0.0684183	-0.0652828	-0.0621562	-0.0658469	-0.0681999	-0.0681953	-0.0675023	-0.0630605	-0.0634617	-0.066688	-0.0699782	-0.0669227	-0.0628864	-0.0708761	-0.0719886	-0.0645435	-0.063631	-0.0720257	-0.0734015	-0.0651449	-0.0703153	-0.0729619	-0.0694517	-0.0649003	-0.0588638	
-0.064132	-0.0625088	-0.0661548	-0.0666175	-0.0664103	-0.0669719	-0.0657793	-0.0665661	-0.0652057	-0.0618688	-0.067199	-0.0704512	-0.0660325	-0.0649289	-0.0688856	-0.072066	-0.0663369	-0.0652473	-0.0695319	-0.0692501	-0.070677	-0.0693083	-0.0719928	-0.0696877	-0.0621522	
-0.0651289	-0.0678454	-0.0688367	-0.0671972	-0.0618107	-0.0615218	-0.0656655	-0.0677676	-0.0688202	-0.0666088	-0.0634749	-0.0669719	-0.0678527	-0.0642668	-0.0647394	-0.0672303	-0.0719892	-0.0701506	-0.0671791	-0.0742559	-0.0713058	-0.0644518	-0.0696243	-0.0696596	-0.0616267	
-0.0678454	-0.0675604	-0.0631651	-0.0632657	-0.0668859	-0.0686288	-0.0650426	-0.0616342	-0.0655197	-0.0693626	-0.0640051	-0.0633136	-0.0696461	-0.0702236	-0.0648671	-0.0643149	-0.0710242	-0.0666086	-0.0658676	-0.0738315	-0.0703785	-0.0675644	-0.0702229	-0.0737695	-0.0654308	
-0.0688367	-0.0631651	-0.0623241	-0.066155	-0.0673901	-0.0660309	-0.0669731	-0.0645866	-0.0614576	-0.0678213	-0.0673598	-0.0621593	-0.0664893	-0.0679078	-0.0662914	-0.0710157	-0.071777	-0.0627513	-0.0660894	-0.0721413	-0.0678308	-0.0698583	-0.0690142	-0.0720237	-0.0698235	
-0.0671972	-0.0632657	-0.066155	-0.0710577	-0.0618136	-0.0565802	-0.0688903	-0.070175	-0.0616148	-0.0661464	-0.0681243	-0.0649822	-0.0679983	-0.0662396	-0.0629655	-0.0651964	-0.0684639	-0.0700339	-0.0704018	-0.0709175	-0.0696948	-0.0721302	-0.0697907	-0.0662105	-0.0683661	
-0.0618107	-0.0668859	-0.0673901	-0.0618136	-0.065801	-0.0687522	-0.0620181	-0.0644291	-0.068993	-0.0623452	-0.0644549	-0.0688138	-0.0643956	-0.065733	-0.0701972	-0.0674299	-0.0633182	-0.0710115	-0.0713583	-0.0639992	-0.0697741	-0.0725208	-0.0715637	-0.0676015	-0.0673031	
-0.0615218	-0.0686288	-0.0660309	-0.0565802	-0.0687522	-0.0755812	-0.058711	-0.0604754	-0.0718534	-0.0622201	-0.0636009	-0.0701747	-0.0620082	-0.063755	-0.0737476	-0.0707042	-0.061278	-0.0695976	-0.0715782	-0.0625676	-0.0703519	-0.0721509	-0.0715836	-0.0686728	-0.0666212	
-0.0656655	-0.0650426	-0.0669731	-0.0688903	-0.0620181	-0.058711	-0.0668038	-0.0690529	-0.0645094	-0.0649779	-0.0666868	-0.0668461	-0.0674544	-0.0657861	-0.0646751	-0.064504	-0.0659655	-0.0714986	-0.0712145	-0.0690288	-0.070536	-0.0722788	-0.0708569	-0.0661311	-0.0673901	
-0.0677676	-0.0616342	-0.0645866	-0.070175	-0.0644291	-0.0604754	-0.0690529	-0.0685642	-0.0601296	-0.0662101	-0.0683632	-0.0624411	-0.0666662	-0.0682976	-0.064516	-0.0689524	-0.0723256	-0.0653232	-0.0672665	-0.0715062	-0.0671604	-0.0706584	-0.0690629	-0.0692963	-0.0700127	
-0.0688202	-0.0655197	-0.0614576	-0.0616148	-0.068993	-0.0718534	-0.0645094	-0.0601296	-0.0638853	-0.0691367	-0.0659127	-0.0630171	-0.0681037	-0.0696214	-0.0658465	-0.0673779	-0.0704423	-0.063769	-0.0662723	-0.0728211	-0.0698507	-0.0694751	-0.0695445	-0.0742256	-0.0672404	
-0.0666088	-0.0693626	-0.0678213	-0.0661464	-0.0623452	-0.0622201	-0.0649779	-0.0662101	-0.0691367	-0.068751	-0.0625951	-0.0647824	-0.0690926	-0.0664356	-0.0643057	-0.0652741	-0.0717356	-0.0700299	-0.066515	-0.0744402	-0.071786	-0.0647627	-0.0693815	-0.0713993	-0.0626844	
-0.0634749	-0.0640051	-0.0673598	-0.0681243	-0.0644549	-0.0636009	-0.0666868	-0.0683632	-0.0659127	-0.0625951	-0.0652654	-0.0696786	-0.0673302	-0.0636205	-0.0669228	-0.0715277	-0.069628	-0.066717	-0.0677016	-0.0719624	-0.0704017	-0.066083	-0.0714071	-0.0694227	-0.0623599	
-0.0669719	-0.0633136	-0.0621593	-0.0649822	-0.0688138	-0.0701747	-0.0668461	-0.0624411	-0.0630171	-0.0647824	-0.0696786	-0.0694503	-0.0643368	-0.0685473	-0.0713744	-0.0669447	-0.0625162	-0.0686557	-0.0728125	-0.0667627	-0.0703381	-0.0727028	-0.0719565	-0.0673302	-0.060252	
-0.0678527	-0.0696461	-0.0664893	-0.0679983	-0.0643956	-0.0620082	-0.0674544	-0.0666662	-0.0681037	-0.0690926	-0.0673302	-0.0643368	-0.0607736	-0.0702368	-0.0727291	-0.0641499	-0.0687885	-0.0763443	-0.0712556	-0.0644085	-0.0698824	-0.0725935	-0.0657613	-0.0604928	-0.0575553	
-0.0642668	-0.0702236	-0.0679078	-0.0662396	-0.065733	-0.063755	-0.0657861	-0.0682976	-0.0696214	-0.0664356	-0.0636205	-0.0685473	-0.0702368	-0.067166	-0.0664801	-0.066554	-0.0705302	-0.0726684	-0.0675521	-0.0683966	-0.07403	-0.0736926	-0.0652943	-0.0596448	-0.0576003	
-0.0647394	-0.0648671	-0.0662914	-0.0629655	-0.0701972	-0.0737476	-0.0646751	-0.064516	-0.0658465	-0.0643057	-0.0669228	-0.0713744	-0.0727291	-0.0664801	-0.0675606	-0.0701459	-0.066444	-0.0688582	-0.0689707	-0.0705246	-0.0730198	-0.0709578	-0.0663428	-0.0619433	-0.0553821	
-0.0672303	-0.0643149	-0.0710157	-0.0651964	-0.0674299	-0.0707042	-0.064504	-0.0689524	-0.0673779	-0.0652741	-0.0715277	-0.0669447	-0.0641499	-0.066554	-0.0701459	-0.0762735	-0.072321	-0.0674178	-0.0716186	-0.0724613	-0.0672151	-0.0651855	-0.0636531	-0.0599939	-0.0468661	
-0.0719892	-0.0710242	-0.071777	-0.0684639	-0.0633182	-0.061278	-0.0659655	-0.0723256	-0.0704423	-0.0717356	-0.069628	-0.0625162	-0.0687885	-0.0705302	-0.066444	-0.072321	-0.0693006	-0.0656033	-0.0771111	-0.0765695	-0.0667369	-0.0677527	-0.067428	-0.0573744	-0.0368573	
-0.0701506	-0.0666086	-0.0627513	-0.0700339	-0.0710115	-0.0695976	-0.0714986	-0.0653232	-0.063769	-0.0700299	-0.066717	-0.0686557	-0.0763443	-0.0726684	-0.0688582	-0.0674178	-0.0656033	-0.0700205	-0.0759232	-0.0702865	-0.0643786	-0.0707257	-0.0686604	-0.0529719	-0.031415	
-0.0671791	-0.0658676	-0.0660894	-0.0704018	-0.0713583	-0.0715782	-0.0712145	-0.0672665	-0.0662723	-0.066515	-0.0677016	-0.0728125	-0.0712556	-0.0675521	-0.0689707	-0.0716186	-0.0771111	-0.0759232	-0.0676172	-0.0642469	-0.0683066	-0.0680513	-0.0576783	-0.0442193	-0.0235328	
-0.0742559	-0.0738315	-0.0721413	-0.0709175	-0.0639992	-0.0625676	-0.0690288	-0.0715062	-0.0728211	-0.0744402	-0.0719624	-0.0667627	-0.0644085	-0.0683966	-0.0705246	-0.0724613	-0.0765695	-0.0702865	-0.0642469	-0.0732514	-0.0765305	-0.061424	-0.0503024	-0.0385551	-0.0146093	
-0.0713058	-0.0703785	-0.0678308	-0.0696948	-0.0697741	-0.0703519	-0.070536	-0.0671604	-0.0698507	-0.071786	-0.0704017	-0.0703381	-0.0698824	-0.07403	-0.0730198	-0.0672151	-0.0667369	-0.0643786	-0.0683066	-0.0765305	-0.0676213	-0.0529071	-0.0478825	-0.0344077	-0.00540082	
-0.0644518	-0.0675644	-0.0698583	-0.0721302	-0.0725208	-0.0721509	-0.0722788	-0.0706584	-0.0694751	-0.0647627	-0.066083	-0.0727028	-0.0725935	-0.0736926	-0.0709578	-0.0651855	-0.0677527	-0.0707257	-0.0680513	-0.061424	-0.0529071	-0.0458291	-0.0394418	-0.0202017	0.0142583	
-0.0696243	-0.0702229	-0.0690142	-0.0697907	-0.0715637	-0.0715836	-0.0708569	-0.0690629	-0.0695445	-0.0693815	-0.0714071	-0.0719565	-0.0657613	-0.0652943	-0.0663428	-0.0636531	-0.067428	-0.0686604	-0.0576783	-0.0503024	-0.0478825	-0.0394418	-0.0231173	0.00552773	0.0441746	
-0.0696596	-0.0737695	-0.0720237	-0.0662105	-0.0676015	-0.0686728	-0.0661311	-0.0692963	-0.0742256	-0.0713993	-0.0694227	-0.0673302	-0.0604928	-0.0596448	-0.0619433	-0.0599939	-0.0573744	-0.0529719	-0.0442193	-0.0385551	-0.0344077	-0.0202017	0.00552773	0.0377688	0.0834095	
-0.0616267	-0.0654308	-0.0698235	-0.0683661	-0.0673031	-0.0666212	-0.0673901	-0.0700127	-0.0672404	-0.0626844	-0.0623599	-0.060252	-0.0575553	-0.0576003	-0.0553821	-0.0468661	-0.0368573	-0.031415	-0.0235328	-0.0146093	-0.00540082	0.0142583	0.0441746	0.0834095	0.136398	
