-0.0137257	-0.0532728	-0.0803465	-0.093935	-0.0984308	-0.075263	-0.0056948	0.101838	0.243754	0.401844	0.548584	0.665893	0.72782	0.736088	0.710784	0.674231	0.618179	0.536034	0.43357	0.328574	0.248727	0.202527	0.206015	0.267459	0.384045	
-0.0532728	-0.0833133	-0.105425	-0.11296	-0.104637	-0.0707226	-0.00292327	0.0925327	0.220872	0.367327	0.508916	0.623594	0.691233	0.71378	0.707107	0.678046	0.627253	0.543217	0.430774	0.312337	0.206816	0.132516	0.0971245	0.119135	0.209106	
-0.0803465	-0.105425	-0.12668	-0.134171	-0.119465	-0.0870857	-0.0301523	0.0559548	0.174151	0.311148	0.440575	0.553155	0.632358	0.672716	0.677372	0.652543	0.597688	0.508369	0.38124	0.239745	0.110592	0.00975482	-0.0539414	-0.0605329	0.00207143	
-0.093935	-0.11296	-0.134171	-0.144936	-0.138379	-0.119351	-0.0749434	0.00587138	0.108148	0.227376	0.347721	0.462976	0.552229	0.606588	0.615823	0.590535	0.535374	0.439098	0.2976	0.132399	-0.0223691	-0.148402	-0.229095	-0.256067	-0.217302	
-0.0984308	-0.104637	-0.119465	-0.138379	-0.150961	-0.147505	-0.114314	-0.0494952	0.0328967	0.134119	0.246751	0.359631	0.452737	0.51088	0.520906	0.498444	0.443835	0.344546	0.190677	0.00567058	-0.172274	-0.316862	-0.408724	-0.448728	-0.430722	
-0.075263	-0.0707226	-0.0870857	-0.119351	-0.147505	-0.157268	-0.142081	-0.0977139	-0.0337931	0.0524367	0.153612	0.257295	0.346119	0.397245	0.407654	0.384936	0.332533	0.2316	0.0692298	-0.12635	-0.316012	-0.472954	-0.572355	-0.620846	-0.619344	
-0.0056948	-0.00292327	-0.0301523	-0.0749434	-0.114314	-0.142081	-0.145521	-0.121576	-0.0758819	-0.0121428	0.0680064	0.155317	0.231143	0.27719	0.286734	0.268008	0.213762	0.106883	-0.0549115	-0.249708	-0.442829	-0.601689	-0.704526	-0.757363	-0.758029	
0.101838	0.0925327	0.0559548	0.00587138	-0.0494952	-0.0977139	-0.121576	-0.119668	-0.0929402	-0.0524745	0.00581812	0.0739912	0.135695	0.174146	0.187976	0.167329	0.104365	-0.00358672	-0.157007	-0.342597	-0.531056	-0.685142	-0.791626	-0.842816	-0.839104	
0.243754	0.220872	0.174151	0.108148	0.0328967	-0.0337931	-0.0758819	-0.0929402	-0.0869772	-0.0664979	-0.0289787	0.0170145	0.0645157	0.10071	0.119187	0.0991786	0.0333608	-0.072375	-0.218563	-0.395218	-0.573602	-0.720443	-0.823573	-0.867249	-0.850341	
0.401844	0.367327	0.311148	0.227376	0.134119	0.0524367	-0.0121428	-0.0524745	-0.0664979	-0.062979	-0.0406309	-0.00880262	0.0277038	0.0652928	0.0885408	0.0783066	0.0213467	-0.0827011	-0.223081	-0.389977	-0.560196	-0.700857	-0.799883	-0.831654	-0.793096	
0.548584	0.508916	0.440575	0.347721	0.246751	0.153612	0.0680064	0.00581812	-0.0289787	-0.0406309	-0.0277998	-0.000262563	0.0370912	0.0810437	0.11724	0.121312	0.0704401	-0.0325992	-0.168873	-0.32748	-0.488664	-0.626789	-0.717476	-0.734967	-0.677488	
0.665893	0.623594	0.553155	0.462976	0.359631	0.257295	0.155317	0.0739912	0.0170145	-0.00880262	-0.000262563	0.0327632	0.0831732	0.146683	0.20066	0.215192	0.170551	0.0703304	-0.0658159	-0.219593	-0.373067	-0.504051	-0.579687	-0.582896	-0.514924	
0.72782	0.691233	0.632358	0.552229	0.452737	0.346119	0.231143	0.135695	0.0645157	0.0277038	0.0370912	0.0831732	0.154354	0.237499	0.301318	0.321669	0.286366	0.195576	0.0662244	-0.081471	-0.219999	-0.33442	-0.399711	-0.398238	-0.326795	
0.736088	0.71378	0.672716	0.606588	0.51088	0.397245	0.27719	0.174146	0.10071	0.0652928	0.0810437	0.146683	0.237499	0.329909	0.396655	0.418669	0.392	0.315068	0.194772	0.0595534	-0.0576731	-0.151927	-0.205997	-0.199258	-0.128749	
0.710784	0.707107	0.677372	0.615823	0.520906	0.407654	0.286734	0.187976	0.119187	0.0885408	0.11724	0.20066	0.301318	0.396655	0.463557	0.485586	0.465132	0.402543	0.294149	0.177609	0.0834504	0.0120408	-0.0251915	-0.0118942	0.0539095	
0.674231	0.678046	0.652543	0.590535	0.498444	0.384936	0.268008	0.167329	0.0991786	0.0783066	0.121312	0.215192	0.321669	0.418669	0.485586	0.509687	0.497434	0.445333	0.35542	0.262188	0.190497	0.143391	0.122415	0.140797	0.193372	
0.618179	0.627253	0.597688	0.535374	0.443835	0.332533	0.213762	0.104365	0.0333608	0.0213467	0.0704401	0.170551	0.286366	0.392	0.465132	0.497434	0.487523	0.442903	0.37389	0.308961	0.262623	0.238768	0.233038	0.250619	0.291367	
0.536034	0.543217	0.508369	0.439098	0.344546	0.2316	0.106883	-0.00358672	-0.072375	-0.0827011	-0.0325992	0.0703304	0.195576	0.315068	0.402543	0.445333	0.442903	0.412039	0.368601	0.337159	0.318858	0.312372	0.313751	0.32365	0.343837	
0.43357	0.430774	0.38124	0.2976	0.190677	0.0692298	-0.0549115	-0.157007	-0.218563	-0.223081	-0.168873	-0.0658159	0.0662244	0.194772	0.294149	0.35542	0.37389	0.368601	0.363144	0.363765	0.372231	0.382459	0.377949	0.368051	0.363445	
0.328574	0.312337	0.239745	0.132399	0.00567058	-0.12635	-0.249708	-0.342597	-0.395218	-0.389977	-0.32748	-0.219593	-0.081471	0.0595534	0.177609	0.262188	0.308961	0.337159	0.363765	0.391096	0.421132	0.438318	0.430172	0.400858	0.368892	
0.248727	0.206816	0.110592	-0.0223691	-0.172274	-0.316012	-0.442829	-0.531056	-0.573602	-0.560196	-0.488664	-0.373067	-0.219999	-0.0576731	0.0834504	0.190497	0.262623	0.318858	0.372231	0.421132	0.461312	0.480504	0.469898	0.427506	0.366688	
0.202527	0.132516	0.00975482	-0.148402	-0.316862	-0.472954	-0.601689	-0.685142	-0.720443	-0.700857	-0.626789	-0.504051	-0.33442	-0.151927	0.0120408	0.143391	0.238768	0.312372	0.382459	0.438318	0.480504	0.501902	0.493493	0.441661	0.357221	
0.206015	0.0971245	-0.0539414	-0.229095	-0.408724	-0.572355	-0.704526	-0.791626	-0.823573	-0.799883	-0.717476	-0.579687	-0.399711	-0.205997	-0.0251915	0.122415	0.233038	0.313751	0.377949	0.430172	0.469898	0.493493	0.488526	0.431698	0.32195	
0.267459	0.119135	-0.0605329	-0.256067	-0.448728	-0.620846	-0.757363	-0.842816	-0.867249	-0.831654	-0.734967	-0.582896	-0.398238	-0.199258	-0.0118942	0.140797	0.250619	0.32365	0.368051	0.400858	0.427506	0.441661	0.431698	0.369453	0.238438	
0.384045	0.209106	0.00207143	-0.217302	-0.430722	-0.619344	-0.758029	-0.839104	-0.850341	-0.793096	-0.677488	-0.514924	-0.326795	-0.128749	0.0539095	0.193372	0.291367	0.343837	0.363445	0.368892	0.366688	0.357221	0.32195	0.238438	0.0820913	
0.511629	0.323561	0.0971441	-0.144298	-0.374162	-0.570549	-0.711313	-0.786058	-0.777566	-0.693801	-0.556825	-0.38075	-0.193484	-0.00348834	0.16352	0.285094	0.35797	0.383518	0.367942	0.338658	0.304084	0.260384	0.187463	0.0608682	-0.128753	
0.617401	0.416315	0.178616	-0.072095	-0.305411	-0.502004	-0.640638	-0.704132	-0.67381	-0.562337	-0.399453	-0.209695	-0.019865	0.158453	0.305282	0.39936	0.439132	0.425729	0.375861	0.315819	0.248937	0.171727	0.0577149	-0.113132	-0.34295	
0.684015	0.480012	0.240244	-0.0103845	-0.244385	-0.440692	-0.567751	-0.608982	-0.556204	-0.424049	-0.246652	-0.0497633	0.150278	0.328918	0.459837	0.526706	0.52802	0.473743	0.396471	0.307178	0.205324	0.0908204	-0.058136	-0.263209	-0.522899	
0.728043	0.522615	0.29118	0.0452155	-0.192821	-0.390169	-0.507761	-0.52743	-0.453345	-0.310706	-0.125234	0.0814341	0.295933	0.482491	0.606132	0.64864	0.61669	0.531516	0.422906	0.303967	0.172475	0.0263676	-0.152134	-0.383635	-0.663148	
0.761498	0.551118	0.323675	0.0831146	-0.155154	-0.355086	-0.467307	-0.47646	-0.395216	-0.246155	-0.0520431	0.162482	0.391446	0.587221	0.707147	0.740753	0.692974	0.580949	0.442549	0.293617	0.143707	-0.013502	-0.210695	-0.462733	-0.747273	
0.768434	0.55846	0.330179	0.090708	-0.147201	-0.347364	-0.459806	-0.467801	-0.386575	-0.236121	-0.0401303	0.176207	0.408259	0.604839	0.72561	0.757945	0.708669	0.590993	0.445528	0.289886	0.137689	-0.0208357	-0.221022	-0.477244	-0.761699	
0.743175	0.535223	0.306444	0.0631845	-0.175342	-0.373634	-0.488012	-0.502882	-0.423896	-0.277806	-0.0884051	0.121624	0.342401	0.53291	0.654219	0.691459	0.65142	0.554217	0.432099	0.300766	0.160327	0.00739229	-0.180693	-0.421725	-0.705105	
0.703197	0.498947	0.262466	0.0124554	-0.222779	-0.41893	-0.542153	-0.573404	-0.511265	-0.374111	-0.193409	0.00678696	0.212063	0.394351	0.521053	0.577102	0.563411	0.495787	0.407064	0.305973	0.191342	0.0626425	-0.0989714	-0.315348	-0.58371	
0.64853	0.445006	0.204566	-0.0459232	-0.279395	-0.47609	-0.610377	-0.666641	-0.627675	-0.506699	-0.336061	-0.143042	0.050369	0.226696	0.366827	0.449115	0.474224	0.443757	0.382371	0.310815	0.229832	0.138255	0.00942973	-0.176744	-0.420197	
0.558008	0.364155	0.132647	-0.114482	-0.346753	-0.543638	-0.684738	-0.755511	-0.738363	-0.643475	-0.495545	-0.313469	-0.126085	0.0582072	0.216997	0.329395	0.390062	0.400802	0.370407	0.327883	0.280825	0.223745	0.134062	-0.0114344	-0.21724	
0.436256	0.255008	0.0396549	-0.18948	-0.411093	-0.604196	-0.744116	-0.822995	-0.826937	-0.759745	-0.636245	-0.468576	-0.280183	-0.0842724	0.092764	0.225734	0.315166	0.357611	0.364146	0.356458	0.340997	0.318535	0.268975	0.170602	0.00222492	
0.308749	0.14833	-0.0431234	-0.247854	-0.448534	-0.627078	-0.763855	-0.847441	-0.867657	-0.824217	-0.720294	-0.564977	-0.377639	-0.178216	0.00900028	0.157386	0.263915	0.329947	0.365408	0.3879	0.404484	0.410477	0.392852	0.325328	0.184887	
0.223428	0.0971586	-0.0646547	-0.247254	-0.431457	-0.597212	-0.731518	-0.819028	-0.848891	-0.821874	-0.733819	-0.589376	-0.407416	-0.211479	-0.0267305	0.124687	0.236541	0.316633	0.373865	0.419739	0.456309	0.47889	0.472895	0.414315	0.295667	
0.197336	0.113045	-0.02091	-0.186508	-0.35983	-0.52008	-0.649522	-0.733441	-0.767562	-0.746994	-0.670239	-0.542405	-0.367998	-0.179644	-0.00836692	0.131903	0.235175	0.31242	0.382834	0.438229	0.47963	0.502822	0.496277	0.441608	0.347248	
0.225313	0.172637	0.0661117	-0.0770617	-0.235633	-0.384492	-0.512457	-0.598288	-0.63685	-0.620798	-0.548128	-0.429884	-0.269049	-0.0990399	0.0525071	0.168446	0.249908	0.314211	0.376769	0.430772	0.472321	0.491812	0.481575	0.435877	0.364476	
0.293419	0.267084	0.185665	0.0679515	-0.0680999	-0.204658	-0.328434	-0.419632	-0.468288	-0.459467	-0.392881	-0.282391	-0.13976	0.010129	0.136509	0.231219	0.288569	0.328666	0.366823	0.403825	0.43836	0.456541	0.447197	0.412145	0.369132	
0.389971	0.382992	0.324423	0.232268	0.118196	-0.00739637	-0.130932	-0.228578	-0.287203	-0.288072	-0.230069	-0.12567	0.00776319	0.139962	0.246037	0.315694	0.345973	0.353754	0.362077	0.373913	0.392643	0.407427	0.400937	0.381763	0.366502	
0.496826	0.500098	0.460995	0.387626	0.288834	0.172795	0.0483154	-0.0598367	-0.125964	-0.134616	-0.0838673	0.0189249	0.148005	0.271308	0.363904	0.412902	0.41706	0.395047	0.365871	0.347446	0.339953	0.341051	0.341069	0.343945	0.354107	
0.588615	0.598464	0.567505	0.502553	0.410738	0.299614	0.177406	0.066849	-0.00410978	-0.0155122	0.0343873	0.135889	0.255627	0.36759	0.445669	0.481464	0.473244	0.432675	0.373371	0.321743	0.285877	0.269115	0.267826	0.283836	0.317737	
0.654108	0.660178	0.633841	0.572568	0.480575	0.36779	0.251704	0.14739	0.0777003	0.0617755	0.108299	0.205312	0.315304	0.414057	0.482219	0.509116	0.498265	0.449483	0.36757	0.285298	0.223207	0.185314	0.170907	0.189641	0.237748	
0.698141	0.697669	0.671158	0.609614	0.5157	0.402036	0.282376	0.184374	0.116354	0.0885771	0.124133	0.212029	0.315556	0.410893	0.477485	0.499808	0.483309	0.425274	0.323503	0.215329	0.130385	0.0693945	0.0384591	0.0546773	0.115022	
0.72789	0.713695	0.678071	0.615417	0.520447	0.406225	0.284706	0.183005	0.111655	0.0780793	0.0977247	0.171625	0.266928	0.361483	0.428187	0.450416	0.425754	0.35563	0.238943	0.110319	0.00253977	-0.0830039	-0.130686	-0.121839	-0.0518989	
0.737239	0.705029	0.653134	0.578585	0.48138	0.371897	0.254295	0.15415	0.0806	0.0428903	0.0545678	0.107197	0.187735	0.276072	0.341446	0.362771	0.331566	0.245495	0.119878	-0.0236524	-0.154234	-0.260787	-0.32241	-0.319105	-0.247823	
0.697869	0.656755	0.58989	0.502583	0.399959	0.296132	0.18787	0.0999602	0.0362567	0.00511432	0.0130693	0.0511371	0.109026	0.180703	0.240349	0.257874	0.21657	0.119852	-0.0150167	-0.167394	-0.315153	-0.440777	-0.511799	-0.511725	-0.441575	
0.600297	0.559064	0.487509	0.395605	0.293246	0.195244	0.102973	0.0330282	-0.0111923	-0.0283431	-0.0175612	0.0109054	0.0519367	0.102946	0.145298	0.155035	0.106176	0.00338071	-0.132723	-0.288675	-0.447021	-0.583304	-0.667989	-0.68044	-0.61717	
