-0.432814	-0.327735	-0.170464	0.0183192	0.215029	0.401886	0.564961	0.695654	0.768437	0.788958	0.761089	0.68736	0.582537	0.454053	0.316838	0.187951	0.074152	-0.0155397	-0.0766216	-0.110705	-0.11956	-0.111248	-0.0917532	-0.0622138	-0.0419813	
-0.327735	-0.224542	-0.0751611	0.104161	0.287858	0.469965	0.627303	0.739555	0.795273	0.805803	0.760327	0.659482	0.519969	0.36408	0.209842	0.0856309	-0.00843814	-0.0783972	-0.124921	-0.142999	-0.13354	-0.111545	-0.081044	-0.0442058	-0.00838512	
-0.170464	-0.0751611	0.0570861	0.218453	0.389665	0.559857	0.696882	0.774698	0.803306	0.791027	0.721951	0.592602	0.42028	0.238578	0.0747571	-0.0444821	-0.123446	-0.177211	-0.200785	-0.194703	-0.161193	-0.113423	-0.0556964	0.00185284	0.0580952	
0.0183192	0.104161	0.218453	0.363464	0.51478	0.653161	0.747386	0.788133	0.783566	0.734711	0.635612	0.481164	0.285491	0.0872399	-0.0772258	-0.187928	-0.252313	-0.280694	-0.278814	-0.245139	-0.181051	-0.0987796	-0.00822204	0.0776191	0.159561	
0.215029	0.287858	0.389665	0.51478	0.636603	0.72826	0.777042	0.775843	0.728556	0.635844	0.502867	0.329332	0.126021	-0.0706465	-0.22828	-0.328594	-0.369943	-0.367837	-0.331759	-0.264057	-0.168242	-0.0549517	0.0632493	0.177967	0.283601	
0.401886	0.469965	0.559857	0.653161	0.72826	0.767001	0.76929	0.726086	0.637054	0.506791	0.349085	0.163913	-0.0346732	-0.214218	-0.352326	-0.429109	-0.437187	-0.403718	-0.339639	-0.240585	-0.120979	0.0141413	0.15352	0.286018	0.409058	
0.564961	0.627303	0.696882	0.747386	0.777042	0.76929	0.72332	0.641563	0.523655	0.36886	0.194933	0.00674914	-0.174772	-0.336149	-0.443529	-0.479244	-0.450871	-0.38445	-0.290884	-0.164406	-0.0299364	0.114446	0.265502	0.405159	0.540776	
0.695654	0.739555	0.774698	0.788133	0.775843	0.726086	0.641563	0.528163	0.386863	0.220105	0.0421034	-0.133715	-0.293906	-0.418811	-0.480472	-0.476176	-0.41892	-0.320834	-0.199187	-0.0542072	0.0966861	0.251994	0.392883	0.525861	0.661394	
0.768437	0.795273	0.803306	0.783566	0.728556	0.637054	0.523655	0.386863	0.23221	0.0686508	-0.0942758	-0.248542	-0.377225	-0.458242	-0.469544	-0.425761	-0.340285	-0.215259	-0.0750037	0.0782918	0.244283	0.401981	0.532567	0.646806	0.759401	
0.788958	0.805803	0.791027	0.734711	0.635844	0.506791	0.36886	0.220105	0.0686508	-0.0791481	-0.219228	-0.343938	-0.428892	-0.456539	-0.421323	-0.338962	-0.224459	-0.0812438	0.0702135	0.230958	0.397467	0.546779	0.66234	0.749584	0.823305	
0.761089	0.760327	0.721951	0.635612	0.502867	0.349085	0.194933	0.0421034	-0.0942758	-0.219228	-0.326421	-0.40357	-0.433832	-0.405741	-0.3259	-0.209308	-0.0701919	0.0791224	0.230205	0.382794	0.533206	0.661246	0.753487	0.806611	0.841069	
0.68736	0.659482	0.592602	0.481164	0.329332	0.163913	0.00674914	-0.133715	-0.248542	-0.343938	-0.40357	-0.414496	-0.383033	-0.302545	-0.179845	-0.0393913	0.106546	0.250968	0.387805	0.515919	0.631093	0.725672	0.78802	0.813876	0.815071	
0.582537	0.519969	0.42028	0.285491	0.126021	-0.0346732	-0.174772	-0.293906	-0.377225	-0.428892	-0.433832	-0.383033	-0.285113	-0.15187	0.000136044	0.149481	0.289492	0.414651	0.526036	0.622389	0.699345	0.749981	0.774426	0.773615	0.748873	
0.454053	0.36408	0.238578	0.0872399	-0.0706465	-0.214218	-0.336149	-0.418811	-0.458242	-0.456539	-0.405741	-0.302545	-0.15187	0.0187112	0.187009	0.337968	0.462381	0.563689	0.641612	0.700178	0.734427	0.743602	0.727383	0.701239	0.658685	
0.316838	0.209842	0.0747571	-0.0772258	-0.22828	-0.352326	-0.443529	-0.480472	-0.469544	-0.421323	-0.3259	-0.179845	0.000136044	0.187009	0.356593	0.499885	0.60573	0.681056	0.725813	0.740291	0.727627	0.702245	0.659513	0.61343	0.558272	
0.187951	0.0856309	-0.0444821	-0.187928	-0.328594	-0.429109	-0.479244	-0.476176	-0.425761	-0.338962	-0.209308	-0.0393913	0.149481	0.337968	0.499885	0.623472	0.706498	0.752149	0.758729	0.732061	0.685412	0.633245	0.576927	0.518782	0.456108	
0.074152	-0.00843814	-0.123446	-0.252313	-0.369943	-0.437187	-0.450871	-0.41892	-0.340285	-0.224459	-0.0701919	0.106546	0.289492	0.462381	0.60573	0.706498	0.761399	0.781327	0.75495	0.69177	0.618382	0.550069	0.487821	0.423374	0.360383	
-0.0155397	-0.0783972	-0.177211	-0.280694	-0.367837	-0.403718	-0.38445	-0.320834	-0.215259	-0.0812438	0.0791224	0.250968	0.414651	0.563689	0.681056	0.752149	0.781327	0.775258	0.719688	0.627436	0.52995	0.447805	0.386028	0.331121	0.27556	
-0.0766216	-0.124921	-0.200785	-0.278814	-0.331759	-0.339639	-0.290884	-0.199187	-0.0750037	0.0702135	0.230205	0.387805	0.526036	0.641612	0.725813	0.758729	0.75495	0.719688	0.643148	0.535013	0.422483	0.33305	0.271235	0.230385	0.191927	
-0.110705	-0.142999	-0.194703	-0.245139	-0.264057	-0.240585	-0.164406	-0.0542072	0.0782918	0.230958	0.382794	0.515919	0.622389	0.700178	0.740291	0.732061	0.69177	0.627436	0.535013	0.422337	0.311339	0.225431	0.163831	0.129804	0.109029	
-0.11956	-0.13354	-0.161193	-0.181051	-0.168242	-0.120979	-0.0299364	0.0966861	0.244283	0.397467	0.533206	0.631093	0.699345	0.734427	0.727627	0.685412	0.618382	0.52995	0.422483	0.311339	0.212762	0.131854	0.0764286	0.0505429	0.0424644	
-0.111248	-0.111545	-0.113423	-0.0987796	-0.0549517	0.0141413	0.114446	0.251994	0.401981	0.546779	0.661246	0.725672	0.749981	0.743602	0.702245	0.633245	0.550069	0.447805	0.33305	0.225431	0.131854	0.0542895	0.00144473	-0.0175172	-0.0141433	
-0.0917532	-0.081044	-0.0556964	-0.00822204	0.0632493	0.15352	0.265502	0.392883	0.532567	0.66234	0.753487	0.78802	0.774426	0.727383	0.659513	0.576927	0.487821	0.386028	0.271235	0.163831	0.0764286	0.00144473	-0.0503974	-0.0700988	-0.0632349	
-0.0622138	-0.0442058	0.00185284	0.0776191	0.177967	0.286018	0.405159	0.525861	0.646806	0.749584	0.806611	0.813876	0.773615	0.701239	0.61343	0.518782	0.423374	0.331121	0.230385	0.129804	0.0505429	-0.0175172	-0.0700988	-0.0993376	-0.104716	
-0.0419813	-0.00838512	0.0580952	0.159561	0.283601	0.409058	0.540776	0.661394	0.759401	0.823305	0.841069	0.815071	0.748873	0.658685	0.558272	0.456108	0.360383	0.27556	0.191927	0.109029	0.0424644	-0.0141433	-0.0632349	-0.104716	-0.131527	
-0.0309984	0.0255006	0.11625	0.240527	0.381961	0.524709	0.668273	0.787325	0.860956	0.888468	0.870728	0.808212	0.709175	0.596217	0.492848	0.389726	0.300529	0.21635	0.139068	0.071493	0.0213551	-0.0153523	-0.0562763	-0.105187	-0.144707	
-0.0293537	0.036351	0.151254	0.302045	0.467966	0.634162	0.781331	0.892142	0.950421	0.949825	0.899701	0.807909	0.686391	0.556905	0.442282	0.332956	0.235085	0.149445	0.0782246	0.0244901	-0.00805841	-0.0231462	-0.0568658	-0.112829	-0.159629	
-0.0471291	0.0246651	0.154182	0.331742	0.524508	0.711548	0.862496	0.964184	1.01193	0.995485	0.934421	0.833052	0.699295	0.560235	0.422016	0.30014	0.186914	0.094129	0.0219255	-0.0172503	-0.0312491	-0.0407105	-0.0712655	-0.129899	-0.183861	
-0.0733369	0.000358728	0.13835	0.328757	0.544187	0.753465	0.914067	1.00975	1.04474	1.02292	0.966182	0.873167	0.739755	0.586408	0.426935	0.288922	0.165908	0.0679275	-0.00582831	-0.042709	-0.0569577	-0.0709697	-0.103068	-0.157892	-0.210847	
-0.0874731	-0.015097	0.123865	0.320642	0.54847	0.770775	0.93729	1.02689	1.05921	1.03954	0.980775	0.895996	0.77249	0.610558	0.444831	0.289923	0.164314	0.0634222	-0.0125379	-0.0571588	-0.0818408	-0.104367	-0.142825	-0.189513	-0.231161	
-0.0893926	-0.0170466	0.12187	0.3189	0.549349	0.773015	0.93933	1.02741	1.06094	1.04152	0.98174	0.897473	0.778354	0.614854	0.449026	0.290234	0.163077	0.0625217	-0.0129464	-0.0596406	-0.0868809	-0.112648	-0.15266	-0.197182	-0.235081	
-0.0809742	-0.00759884	0.130953	0.325113	0.546765	0.762762	0.92707	1.02054	1.05296	1.0314	0.974571	0.886114	0.755163	0.597912	0.434235	0.288237	0.16409	0.064148	-0.00950431	-0.0496157	-0.0680052	-0.0849166	-0.11938	-0.171074	-0.220598	
-0.0580344	0.0153348	0.149429	0.333142	0.535541	0.732036	0.886779	0.984467	1.02732	1.00741	0.94835	0.849083	0.714805	0.569537	0.420884	0.293587	0.17616	0.08053	0.00640194	-0.0297045	-0.0407576	-0.0517867	-0.0824329	-0.139793	-0.194562	
-0.0342971	0.0333565	0.155441	0.318018	0.495473	0.670422	0.818008	0.925466	0.979518	0.971163	0.912915	0.814155	0.686327	0.553106	0.431099	0.316599	0.212	0.12419	0.0537446	0.00682283	-0.0177052	-0.028498	-0.0599728	-0.11861	-0.168287	
-0.0286043	0.0332852	0.134914	0.268886	0.418793	0.570213	0.715462	0.831916	0.898733	0.913758	0.882293	0.806112	0.696056	0.575579	0.469103	0.365013	0.274669	0.190108	0.114868	0.0525281	0.00914027	-0.0172815	-0.0553502	-0.10731	-0.149696	
-0.0369441	0.00687412	0.0818635	0.192218	0.3237	0.455761	0.593141	0.714501	0.801547	0.849948	0.853523	0.813159	0.73342	0.634371	0.53235	0.429994	0.337577	0.252418	0.17224	0.0963272	0.0361572	-0.0130496	-0.059131	-0.10461	-0.1383	
-0.0521742	-0.0301757	0.0243511	0.110694	0.220926	0.336194	0.459872	0.579618	0.692353	0.780757	0.821499	0.815293	0.766555	0.68691	0.592577	0.493992	0.397075	0.308899	0.216268	0.121939	0.0470596	-0.017146	-0.0691256	-0.103201	-0.117051	
-0.0799009	-0.0664964	-0.0324337	0.0273361	0.110359	0.207542	0.322617	0.446156	0.579332	0.699149	0.778927	0.802807	0.77695	0.717728	0.641882	0.554136	0.462356	0.36437	0.25348	0.146578	0.0623135	-0.0102143	-0.0628917	-0.0856982	-0.0811195	
-0.105371	-0.100378	-0.0910314	-0.0633648	-0.00819346	0.0703174	0.17556	0.310655	0.457292	0.597283	0.702948	0.755187	0.763148	0.739115	0.686023	0.611013	0.524903	0.42096	0.30464	0.197983	0.106327	0.029332	-0.0218922	-0.040648	-0.0348596	
-0.117604	-0.125404	-0.143383	-0.149403	-0.124421	-0.0684045	0.0258675	0.158665	0.309941	0.460829	0.588043	0.672508	0.721862	0.741836	0.719109	0.664575	0.590524	0.494312	0.382752	0.273702	0.177971	0.0986967	0.0441049	0.0223416	0.0187422	
-0.117016	-0.142158	-0.183641	-0.222814	-0.228645	-0.194335	-0.110727	0.00608785	0.143942	0.297808	0.444037	0.563446	0.65667	0.716896	0.737914	0.715213	0.661801	0.587821	0.488951	0.37634	0.270572	0.186642	0.127329	0.0955092	0.0802602	
-0.093189	-0.135681	-0.20187	-0.268924	-0.308127	-0.303605	-0.242962	-0.142998	-0.015932	0.132898	0.291041	0.440803	0.566546	0.666763	0.734879	0.751589	0.733425	0.685678	0.60235	0.490746	0.377065	0.288349	0.225847	0.188608	0.157683	
-0.0439217	-0.0997562	-0.19069	-0.284124	-0.357487	-0.382418	-0.350764	-0.275153	-0.159729	-0.0214631	0.139279	0.305937	0.461063	0.597799	0.702637	0.759028	0.775618	0.75857	0.693911	0.594166	0.489308	0.401997	0.340795	0.292346	0.242619	
0.0350362	-0.0394571	-0.14828	-0.266926	-0.373423	-0.427467	-0.427691	-0.383237	-0.294161	-0.1687	-0.0110345	0.165672	0.341606	0.506197	0.639683	0.729472	0.774388	0.784095	0.745588	0.669049	0.584706	0.511472	0.449494	0.386696	0.32494	
0.140607	0.0449509	-0.0792805	-0.218567	-0.351426	-0.439967	-0.474412	-0.459146	-0.39692	-0.297576	-0.155569	0.0181639	0.206332	0.389925	0.545955	0.661156	0.733037	0.768112	0.760377	0.718445	0.661675	0.60188	0.541263	0.479536	0.417369	
0.263277	0.155797	0.0213327	-0.128115	-0.275282	-0.391489	-0.466482	-0.485722	-0.456656	-0.392028	-0.282486	-0.124541	0.0609203	0.250344	0.418367	0.554067	0.651887	0.715308	0.745378	0.742603	0.713528	0.676504	0.628745	0.576713	0.516476	
0.399263	0.300221	0.169549	0.0160865	-0.140359	-0.275808	-0.387327	-0.452594	-0.471125	-0.449769	-0.37972	-0.257382	-0.0917374	0.0880028	0.258169	0.407068	0.524478	0.615531	0.68017	0.721137	0.737226	0.731548	0.701415	0.666242	0.619443	
0.533466	0.458355	0.347061	0.203968	0.0443409	-0.109794	-0.242836	-0.349171	-0.416127	-0.447727	-0.429324	-0.356802	-0.235535	-0.085157	0.075128	0.226605	0.361014	0.476458	0.575412	0.657081	0.717959	0.751534	0.759661	0.748218	0.714417	
0.648962	0.607307	0.526891	0.406615	0.250237	0.0838851	-0.0677756	-0.200736	-0.305544	-0.38405	-0.42251	-0.407603	-0.348371	-0.246278	-0.110322	0.0343413	0.179477	0.318414	0.445601	0.562635	0.661452	0.73846	0.786792	0.802524	0.793267	
0.735652	0.725542	0.676875	0.579919	0.438448	0.278584	0.120286	-0.0290126	-0.156504	-0.272284	-0.361506	-0.412886	-0.419833	-0.370987	-0.272653	-0.144623	-0.00125295	0.147563	0.294752	0.43868	0.577029	0.69365	0.774264	0.815643	0.836031	
