-0.177823	-0.178513	-0.181197	-0.169831	-0.146937	-0.130735	-0.118413	-0.115452	-0.118275	-0.117898	-0.118257	-0.113803	-0.108254	-0.101414	-0.094502	-0.0903388	-0.0867184	-0.0854821	-0.0840746	-0.0847992	-0.0842668	-0.0849091	-0.0850784	-0.084964	-0.0851802	
-0.178513	-0.180675	-0.171	-0.143317	-0.125049	-0.117346	-0.116035	-0.122867	-0.121163	-0.116732	-0.109331	-0.0992857	-0.0940357	-0.0875714	-0.0869739	-0.0865184	-0.0873402	-0.0876439	-0.0885831	-0.0883382	-0.087441	-0.0872704	-0.0853991	-0.0845094	-0.0834193	
-0.181197	-0.171	-0.141808	-0.120436	-0.118821	-0.119959	-0.126048	-0.122435	-0.109454	-0.101511	-0.0914313	-0.0900758	-0.0889272	-0.0895334	-0.0927659	-0.0912071	-0.0912066	-0.0885292	-0.0872337	-0.0825002	-0.0817192	-0.0776109	-0.076175	-0.074191	-0.0726912	
-0.169831	-0.143317	-0.120436	-0.120073	-0.124038	-0.125003	-0.119784	-0.101941	-0.0948193	-0.0921596	-0.0922422	-0.096002	-0.0930525	-0.0951279	-0.0896321	-0.085939	-0.0818078	-0.0786665	-0.0746699	-0.0731317	-0.0721612	-0.0700861	-0.0713096	-0.0701999	-0.0705102	
-0.146937	-0.125049	-0.118821	-0.124038	-0.123483	-0.116415	-0.100349	-0.0924035	-0.0971533	-0.0965118	-0.0977285	-0.092249	-0.0887965	-0.0845122	-0.0774262	-0.0773828	-0.073854	-0.0744211	-0.0725935	-0.0758103	-0.0729084	-0.0760811	-0.0743281	-0.0751827	-0.0744515	
-0.130735	-0.117346	-0.119959	-0.125003	-0.116415	-0.101265	-0.0924215	-0.0978143	-0.0995768	-0.0943562	-0.089036	-0.0830149	-0.0815014	-0.0757333	-0.0775683	-0.0769119	-0.0768133	-0.0768604	-0.0771199	-0.0757204	-0.0740534	-0.0740317	-0.0706098	-0.0707536	-0.0688047	
-0.118413	-0.116035	-0.126048	-0.119784	-0.100349	-0.0924215	-0.0964738	-0.101446	-0.0942388	-0.0847296	-0.0813036	-0.0802319	-0.0782928	-0.0783425	-0.0801918	-0.0769701	-0.0770037	-0.0740127	-0.0724848	-0.0685613	-0.0689376	-0.0651048	-0.0658214	-0.0639269	-0.064232	
-0.115452	-0.122867	-0.122435	-0.101941	-0.0924035	-0.0978143	-0.101446	-0.0957606	-0.0802539	-0.0782385	-0.0825751	-0.0811005	-0.080326	-0.079469	-0.0765476	-0.0721844	-0.0704479	-0.0673781	-0.0659345	-0.065578	-0.0651983	-0.0647087	-0.0656903	-0.0647403	-0.0654839	
-0.118275	-0.121163	-0.109454	-0.0948193	-0.0971533	-0.0995768	-0.0942388	-0.0802539	-0.0757427	-0.0880913	-0.085408	-0.0787972	-0.0751712	-0.0726562	-0.0686056	-0.066059	-0.0684719	-0.0660589	-0.0684161	-0.0674111	-0.0677551	-0.0667792	-0.0668281	-0.0650612	-0.0655827	
-0.117898	-0.116732	-0.101511	-0.0921596	-0.0965118	-0.0943562	-0.0847296	-0.0782385	-0.0880913	-0.0881041	-0.0722086	-0.0694916	-0.0709041	-0.0714362	-0.0670692	-0.0729437	-0.0708194	-0.0682565	-0.0689877	-0.0654262	-0.0641549	-0.0628535	-0.0612252	-0.0602611	-0.0597915	
-0.118257	-0.109331	-0.0914313	-0.0922422	-0.0977285	-0.089036	-0.0813036	-0.0825751	-0.085408	-0.0722086	-0.066774	-0.0760252	-0.0765428	-0.0702074	-0.0701219	-0.0720835	-0.06124	-0.0644078	-0.0612471	-0.0595531	-0.0592788	-0.0606639	-0.0570146	-0.0616241	-0.0569486	
-0.113803	-0.0992857	-0.0900758	-0.096002	-0.092249	-0.0830149	-0.0802319	-0.0811005	-0.0787972	-0.0694916	-0.0760252	-0.0784636	-0.0674711	-0.064331	-0.0676808	-0.0616984	-0.0594761	-0.0662027	-0.0602346	-0.0626446	-0.0637928	-0.0610394	-0.0619061	-0.0624537	-0.0589052	
-0.108254	-0.0940357	-0.0889272	-0.0930525	-0.0887965	-0.0815014	-0.0782928	-0.080326	-0.0751712	-0.0709041	-0.0765428	-0.0674711	-0.0626759	-0.0666342	-0.0673646	-0.061813	-0.0666312	-0.0653857	-0.0593404	-0.0639528	-0.0591376	-0.057293	-0.0597036	-0.0544725	-0.0569146	
-0.101414	-0.0875714	-0.0895334	-0.0951279	-0.0845122	-0.0757333	-0.0783425	-0.079469	-0.0726562	-0.0714362	-0.0702074	-0.064331	-0.0666342	-0.0688897	-0.0651366	-0.0606658	-0.0652724	-0.056631	-0.0586285	-0.0585851	-0.054846	-0.0566136	-0.0572918	-0.0531446	-0.0593297	
-0.094502	-0.0869739	-0.0927659	-0.0896321	-0.0774262	-0.0775683	-0.0801918	-0.0765476	-0.0686056	-0.0670692	-0.0701219	-0.0676808	-0.0673646	-0.0651366	-0.0587971	-0.0607596	-0.0601391	-0.0561941	-0.0606151	-0.057812	-0.0576461	-0.059459	-0.0569396	-0.0571935	-0.0582011	
-0.0903388	-0.0865184	-0.0912071	-0.085939	-0.0773828	-0.0769119	-0.0769701	-0.0721844	-0.066059	-0.0729437	-0.0720835	-0.0616984	-0.061813	-0.0606658	-0.0607596	-0.0613329	-0.0607273	-0.059571	-0.0598871	-0.0573543	-0.0564329	-0.0563331	-0.0529868	-0.0549641	-0.0518136	
-0.0867184	-0.0873402	-0.0912066	-0.0818078	-0.073854	-0.0768133	-0.0770037	-0.0704479	-0.0684719	-0.0708194	-0.06124	-0.0594761	-0.0666312	-0.0652724	-0.0601391	-0.0607273	-0.0594392	-0.0543487	-0.0567492	-0.0533344	-0.0539358	-0.0538404	-0.0533746	-0.0536729	-0.0540017	
-0.0854821	-0.0876439	-0.0885292	-0.0786665	-0.0744211	-0.0768604	-0.0740127	-0.0673781	-0.0660589	-0.0682565	-0.0644078	-0.0662027	-0.0653857	-0.056631	-0.0561941	-0.059571	-0.0543487	-0.0558976	-0.0583529	-0.0547398	-0.056538	-0.0567243	-0.0531327	-0.0565133	-0.0520529	
-0.0840746	-0.0885831	-0.0872337	-0.0746699	-0.0725935	-0.0771199	-0.0724848	-0.0659345	-0.0684161	-0.0689877	-0.0612471	-0.0602346	-0.0593404	-0.0586285	-0.0606151	-0.0598871	-0.0567492	-0.0583529	-0.0561745	-0.0525795	-0.0550905	-0.0510392	-0.0513156	-0.05216	-0.0490196	
-0.0847992	-0.0883382	-0.0825002	-0.0731317	-0.0758103	-0.0757204	-0.0685613	-0.065578	-0.0674111	-0.0654262	-0.0595531	-0.0626446	-0.0639528	-0.0585851	-0.057812	-0.0573543	-0.0533344	-0.0547398	-0.0525795	-0.0526384	-0.0534908	-0.0519697	-0.0530073	-0.0529167	-0.0514682	
-0.0842668	-0.087441	-0.0817192	-0.0721612	-0.0729084	-0.0740534	-0.0689376	-0.0651983	-0.0677551	-0.0641549	-0.0592788	-0.0637928	-0.0591376	-0.054846	-0.0576461	-0.0564329	-0.0539358	-0.056538	-0.0550905	-0.0534908	-0.0548672	-0.0520759	-0.0524686	-0.0516832	-0.0503478	
-0.0849091	-0.0872704	-0.0776109	-0.0700861	-0.0760811	-0.0740317	-0.0651048	-0.0647087	-0.0667792	-0.0628535	-0.0606639	-0.0610394	-0.057293	-0.0566136	-0.059459	-0.0563331	-0.0538404	-0.0567243	-0.0510392	-0.0519697	-0.0520759	-0.0490189	-0.050845	-0.0499651	-0.0485472	
-0.0850784	-0.0853991	-0.076175	-0.0713096	-0.0743281	-0.0706098	-0.0658214	-0.0656903	-0.0668281	-0.0612252	-0.0570146	-0.0619061	-0.0597036	-0.0572918	-0.0569396	-0.0529868	-0.0533746	-0.0531327	-0.0513156	-0.0530073	-0.0524686	-0.050845	-0.0535924	-0.049923	-0.0523476	
-0.084964	-0.0845094	-0.074191	-0.0701999	-0.0751827	-0.0707536	-0.0639269	-0.0647403	-0.0650612	-0.0602611	-0.0616241	-0.0624537	-0.0544725	-0.0531446	-0.0571935	-0.0549641	-0.0536729	-0.0565133	-0.05216	-0.0529167	-0.0516832	-0.0499651	-0.049923	-0.0490238	-0.0480279	
-0.0851802	-0.0834193	-0.0726912	-0.0705102	-0.0744515	-0.0688047	-0.064232	-0.0654839	-0.0655827	-0.0597915	-0.0569486	-0.0589052	-0.0569146	-0.0593297	-0.0582011	-0.0518136	-0.0540017	-0.0520529	-0.0490196	-0.0514682	-0.0503478	-0.0485472	-0.0523476	-0.0480279	-0.0515445	
-0.0849905	-0.0816714	-0.0715143	-0.0713877	-0.0747758	-0.0674338	-0.0630639	-0.0651529	-0.0636855	-0.0586964	-0.0611952	-0.0624055	-0.0550371	-0.0528558	-0.0543168	-0.0530919	-0.0531696	-0.0543218	-0.051922	-0.0535625	-0.0510788	-0.0510657	-0.0505918	-0.0487893	-0.0494415	
-0.0846988	-0.081573	-0.0711974	-0.0702309	-0.0732959	-0.0677362	-0.0641187	-0.0650372	-0.0641971	-0.0586416	-0.0578151	-0.0581959	-0.0542054	-0.0583849	-0.0581424	-0.0520546	-0.0543775	-0.052242	-0.0494099	-0.0508502	-0.0494045	-0.0479293	-0.0504125	-0.0470097	-0.0499369	
-0.0849087	-0.0798824	-0.0697794	-0.0719857	-0.074694	-0.0655504	-0.0622757	-0.0652727	-0.0630003	-0.0583168	-0.0605789	-0.0604231	-0.0552295	-0.0548335	-0.0537692	-0.0518156	-0.0530103	-0.0525186	-0.0503429	-0.0529141	-0.0501548	-0.0505508	-0.0510345	-0.0485101	-0.0503137	
-0.0842609	-0.080125	-0.070565	-0.0705214	-0.0724142	-0.0668421	-0.064222	-0.0649085	-0.0631126	-0.0575314	-0.0586032	-0.0591764	-0.0536964	-0.0563769	-0.0561605	-0.0523141	-0.0540695	-0.0523159	-0.0507965	-0.0514795	-0.0493955	-0.0489378	-0.0495414	-0.0468774	-0.0493285	
-0.0847482	-0.0793243	-0.0692238	-0.0718487	-0.0743348	-0.0650677	-0.062121	-0.065168	-0.0628843	-0.0586047	-0.0600117	-0.0581692	-0.0543765	-0.0568616	-0.0552388	-0.0514765	-0.0533719	-0.0518484	-0.048827	-0.0516634	-0.0492605	-0.0491807	-0.0507367	-0.0480762	-0.0501576	
-0.0841966	-0.0794413	-0.0701918	-0.0709789	-0.0726497	-0.0663359	-0.0637898	-0.0650326	-0.0625814	-0.0567892	-0.0595305	-0.0605644	-0.054388	-0.0547231	-0.0538166	-0.0523779	-0.0533737	-0.0523961	-0.0518941	-0.0525431	-0.0498526	-0.0503187	-0.0496366	-0.0473028	-0.049478	
-0.0847009	-0.0798655	-0.0696532	-0.0712603	-0.0737577	-0.0656154	-0.062676	-0.0651254	-0.0633177	-0.0588844	-0.0590663	-0.0569455	-0.0538322	-0.0583782	-0.0570658	-0.0515459	-0.0539813	-0.0516633	-0.0480373	-0.0507452	-0.0487984	-0.048059	-0.0505244	-0.0476088	-0.0499813	
-0.0844372	-0.0797049	-0.070247	-0.0714008	-0.0737349	-0.0663555	-0.0629955	-0.0652298	-0.0626941	-0.0569862	-0.0608248	-0.0614673	-0.0546706	-0.0535414	-0.0528588	-0.0526744	-0.0528383	-0.0531871	-0.0523296	-0.053344	-0.0503841	-0.0511162	-0.0498682	-0.0479749	-0.0494346	
-0.0849256	-0.0813567	-0.0707024	-0.0703684	-0.0735022	-0.0671844	-0.0635311	-0.0651496	-0.0642213	-0.0586284	-0.0578729	-0.0576545	-0.0546598	-0.0592992	-0.0577961	-0.0516705	-0.0543154	-0.0514523	-0.0482627	-0.0506178	-0.0491292	-0.0478728	-0.0510402	-0.0473711	-0.0505296	
-0.0846995	-0.080996	-0.0713053	-0.0716997	-0.0747883	-0.0669684	-0.0625746	-0.0653973	-0.0636767	-0.0585542	-0.0616362	-0.0611987	-0.0542774	-0.0533014	-0.0542531	-0.0532402	-0.0529711	-0.0545996	-0.0518825	-0.0535637	-0.0507552	-0.0508792	-0.0500926	-0.0486051	-0.0490594	
-0.0853185	-0.083471	-0.0722691	-0.0695444	-0.0740034	-0.0696382	-0.0642866	-0.0650473	-0.0651755	-0.0581914	-0.0576692	-0.060481	-0.0563245	-0.0586168	-0.0571705	-0.0523568	-0.0539449	-0.0519965	-0.0498046	-0.0512555	-0.0504388	-0.048754	-0.0517375	-0.0477966	-0.051076	
-0.0847581	-0.0833509	-0.0737884	-0.0716138	-0.0750869	-0.0686253	-0.0632911	-0.0654602	-0.0656946	-0.0609044	-0.060413	-0.0602123	-0.0550738	-0.0550231	-0.0569748	-0.0536367	-0.0537094	-0.0551786	-0.0507978	-0.0532944	-0.0510903	-0.0501054	-0.0511476	-0.0490898	-0.0495869	
-0.0853679	-0.0856675	-0.0749601	-0.0695851	-0.0748003	-0.072274	-0.0652127	-0.0646678	-0.065826	-0.0595431	-0.0594222	-0.0633056	-0.0568982	-0.0559574	-0.057174	-0.0542992	-0.0533852	-0.054745	-0.0520472	-0.0520581	-0.0523323	-0.0496885	-0.0514334	-0.0490516	-0.049913	
-0.0846652	-0.0862393	-0.0774767	-0.0713498	-0.0748886	-0.0716439	-0.065364	-0.0655516	-0.0677364	-0.0624463	-0.0578608	-0.0610024	-0.0592243	-0.0575088	-0.0577481	-0.0542747	-0.0537452	-0.054062	-0.0509624	-0.0531558	-0.0521506	-0.0507719	-0.0531629	-0.0502595	-0.0517156	
-0.0846086	-0.0876164	-0.0797262	-0.0709057	-0.0745513	-0.0746048	-0.0673353	-0.064314	-0.0668406	-0.0642103	-0.0610119	-0.0624353	-0.0564924	-0.0550087	-0.0598398	-0.0568942	-0.0544058	-0.0582219	-0.0531567	-0.0521336	-0.0535778	-0.049217	-0.0506281	-0.05028	-0.0478208	
-0.0845483	-0.0879672	-0.0820617	-0.0727853	-0.0748305	-0.074812	-0.0686003	-0.0659404	-0.0675357	-0.063808	-0.0588885	-0.0644576	-0.0640605	-0.0567371	-0.055828	-0.056602	-0.052284	-0.054281	-0.0543286	-0.0538041	-0.0546756	-0.0539487	-0.0538055	-0.0534102	-0.0524803	
-0.0840671	-0.0890221	-0.0857668	-0.0734293	-0.0733489	-0.0768658	-0.0711849	-0.0655362	-0.0685298	-0.0685431	-0.0597193	-0.0593528	-0.0600002	-0.0598171	-0.0614769	-0.0592274	-0.0568608	-0.0572322	-0.0535765	-0.0515892	-0.0535178	-0.0493622	-0.0515011	-0.0512698	-0.0493159	
-0.0847155	-0.0872948	-0.0878308	-0.0778764	-0.0744691	-0.0762398	-0.0727015	-0.067013	-0.066011	-0.0687674	-0.0650266	-0.0645944	-0.0634496	-0.0552236	-0.0565601	-0.0595357	-0.0537724	-0.0579604	-0.0583317	-0.0550951	-0.0568771	-0.0560374	-0.0522688	-0.0560242	-0.0502295	
-0.0865208	-0.0883666	-0.0900152	-0.0789048	-0.0738363	-0.0783033	-0.0760142	-0.0694603	-0.0678277	-0.0679941	-0.0616214	-0.061988	-0.0668261	-0.0639675	-0.0584019	-0.0614001	-0.0571892	-0.0538974	-0.0568065	-0.0526108	-0.0545184	-0.0542096	-0.0533226	-0.0545134	-0.0536487	
-0.087966	-0.0862356	-0.0923927	-0.0853516	-0.0751525	-0.0758128	-0.0765775	-0.0714792	-0.0680993	-0.0733845	-0.0676619	-0.0598864	-0.0627072	-0.0622683	-0.060068	-0.0606584	-0.0612275	-0.0574592	-0.0595159	-0.0561727	-0.0555408	-0.0556448	-0.053129	-0.0542203	-0.052979	
-0.0934633	-0.086413	-0.0912154	-0.0878943	-0.0780178	-0.0784254	-0.0789722	-0.0737042	-0.066564	-0.06904	-0.0722873	-0.0662195	-0.0643383	-0.0635013	-0.0600466	-0.0606978	-0.0601406	-0.0579063	-0.0596875	-0.0576301	-0.0571163	-0.0576574	-0.0552826	-0.0559498	-0.0550472	
-0.0984507	-0.0877394	-0.0911847	-0.0931186	-0.0808185	-0.075513	-0.0799911	-0.079367	-0.0710987	-0.0687929	-0.068663	-0.0666625	-0.0682726	-0.0666264	-0.0620353	-0.0607521	-0.0625832	-0.0559178	-0.0603176	-0.0580654	-0.056662	-0.0588156	-0.0574828	-0.055886	-0.0596436	
-0.105014	-0.0914334	-0.0889943	-0.0935833	-0.0879103	-0.0793572	-0.0770969	-0.0799851	-0.0748854	-0.0720972	-0.0738693	-0.0636215	-0.0640844	-0.0693722	-0.0668423	-0.0618852	-0.0672092	-0.0611312	-0.0580584	-0.0614355	-0.0556744	-0.0558297	-0.0582178	-0.0522166	-0.0580518	
-0.111146	-0.0965367	-0.0904342	-0.0952188	-0.0898455	-0.0825261	-0.0798383	-0.0800807	-0.0767113	-0.07012	-0.0785398	-0.0753808	-0.0632575	-0.063735	-0.0671535	-0.0606497	-0.0627726	-0.0675215	-0.0609324	-0.0644237	-0.0638256	-0.0597967	-0.0619216	-0.0594507	-0.0575359	
-0.117419	-0.104514	-0.0893775	-0.0943672	-0.0966857	-0.0863841	-0.0808841	-0.0826233	-0.0822603	-0.0688483	-0.0694027	-0.078762	-0.075061	-0.0685862	-0.0695855	-0.0675206	-0.0585588	-0.0636528	-0.0595091	-0.059637	-0.0604458	-0.0612782	-0.0589815	-0.0633184	-0.0586885	
