3.11678e-18	2.32395e-19	1.64214e-20	1.10126e-21	7.15721e-23	2.78396e-23	3.77546e-22	5.73833e-21	8.28676e-20	1.13475e-18	1.4713e-17	1.80353e-16	2.08669e-15	2.27479e-14	2.33215e-13	2.24404e-12	2.02218e-11	1.70258e-10	1.33594e-09	9.74247e-09	6.58337e-08	4.10871e-07	2.35986e-06	1.24247e-05	5.97079e-05	
5.44211e-19	3.94456e-20	2.71165e-21	1.77044e-22	1.12015e-23	4.29478e-24	5.98909e-23	9.34991e-22	1.38781e-20	1.95477e-19	2.6092e-18	3.29552e-17	3.93247e-16	4.42596e-15	4.69e-14	4.67015e-13	4.36102e-12	3.81054e-11	3.10805e-10	2.36035e-09	1.66432e-08	1.08631e-07	6.54169e-07	3.62149e-06	1.83584e-05	
8.80662e-20	6.20811e-21	4.15375e-22	2.6414e-23	1.62761e-24	6.14808e-25	8.81137e-24	1.41239e-22	2.15386e-21	3.11921e-20	4.28406e-19	5.57237e-18	6.85403e-17	7.95941e-16	8.71173e-15	8.97072e-14	8.67369e-13	7.85828e-12	6.65614e-11	5.25823e-10	3.86408e-09	2.63402e-08	1.66047e-07	9.64819e-07	5.14878e-06	
1.32342e-20	9.07788e-22	5.91444e-23	3.66474e-24	2.20022e-25	8.18445e-26	1.20489e-24	1.98217e-23	3.10426e-22	4.62e-21	6.52581e-20	8.73674e-19	1.10704e-17	1.32559e-16	1.49758e-15	1.59347e-14	1.59395e-13	1.49597e-12	1.31452e-11	1.079e-10	8.25323e-10	5.86725e-09	3.86566e-08	2.35322e-07	1.31924e-06	
1.8505e-21	1.23576e-22	7.84363e-24	4.73778e-25	2.77265e-26	1.0153e-26	1.53452e-25	2.58982e-24	4.16338e-23	6.36466e-22	9.24111e-21	1.2727e-19	1.66029e-18	2.04862e-17	2.38717e-16	2.62262e-15	2.71176e-14	2.634e-13	2.39862e-12	2.04341e-11	1.62481e-10	1.20292e-09	8.27001e-09	5.26486e-08	3.09427e-07	
2.41225e-22	1.56909e-23	9.70719e-25	5.71839e-26	3.2635e-27	1.17605e-27	1.82389e-26	3.15654e-25	5.20653e-24	8.17172e-23	1.21896e-21	1.72598e-20	2.31672e-19	2.9437e-18	3.5355e-17	4.00738e-16	4.2795e-15	4.29807e-14	4.05207e-13	3.57868e-12	2.95442e-11	2.27468e-10	1.62929e-09	1.08282e-08	6.6585e-08	
2.93709e-23	1.86185e-24	1.1232e-25	6.45581e-27	3.59452e-28	1.27443e-28	2.02705e-27	3.59591e-26	6.0829e-25	9.79715e-24	1.50065e-22	2.18335e-21	3.01356e-20	3.94059e-19	4.8747e-18	5.69617e-17	6.27727e-16	6.51286e-15	6.35039e-14	5.80793e-13	4.97216e-12	3.97582e-11	2.9625e-10	2.05196e-09	1.3177e-08	
3.3463e-24	2.06828e-25	1.21728e-26	6.82949e-28	3.71148e-29	1.29442e-29	2.11048e-28	3.83596e-27	6.65189e-26	1.09888e-24	1.72747e-23	2.58117e-22	3.66129e-21	4.92379e-20	6.26925e-19	7.54663e-18	8.5752e-17	9.18294e-16	9.25159e-15	8.75292e-14	7.76153e-13	6.43729e-12	4.98276e-11	3.5912e-10	2.40405e-09	
3.57379e-25	2.15478e-26	1.2378e-27	6.78167e-29	3.59872e-30	1.23442e-30	2.06216e-29	3.8387e-28	6.8208e-27	1.15519e-25	1.86284e-24	2.857e-23	4.16235e-22	5.75332e-21	7.53486e-20	9.33686e-19	1.09309e-17	1.20715e-16	1.25545e-15	1.22747e-14	1.12615e-13	9.67597e-13	7.76982e-12	5.81822e-11	4.05345e-10	
3.58382e-26	2.10888e-27	1.18292e-28	6.3316e-30	3.28214e-31	1.10717e-31	1.89421e-30	3.60982e-29	6.56947e-28	1.14016e-26	1.88511e-25	2.96601e-24	4.43579e-23	6.29804e-22	8.47855e-21	1.08077e-19	1.30264e-18	1.48233e-17	1.59003e-16	1.605e-15	1.5219e-14	1.3531e-13	1.12575e-12	8.74626e-12	6.3316e-11	
3.38003e-27	1.94203e-28	1.06415e-29	5.56679e-31	2.82005e-32	9.35468e-33	1.63836e-31	3.19513e-30	5.95316e-29	1.05829e-27	1.79319e-26	2.89297e-25	4.43892e-24	6.47016e-23	8.94792e-22	1.17255e-20	1.45395e-19	1.70351e-18	1.88303e-17	1.9606e-16	1.91955e-15	1.76405e-14	1.51881e-13	1.22269e-12	9.18404e-12	
3.00281e-28	1.68533e-29	9.02516e-31	4.61602e-32	2.28609e-33	7.45712e-34	1.33639e-32	2.66609e-31	5.08362e-30	9.25273e-29	1.60597e-27	2.6554e-26	4.17805e-25	6.24849e-24	8.87186e-23	1.19439e-21	1.52261e-20	1.83545e-19	2.08911e-18	2.2417e-17	2.264e-16	2.1484e-15	1.91206e-14	1.59299e-13	1.23987e-12	
2.51661e-29	1.3803e-30	7.2267e-32	3.61516e-33	1.75102e-34	5.61661e-35	1.02956e-33	2.10035e-32	4.09695e-31	7.63163e-30	1.35627e-28	2.29724e-27	3.70464e-26	5.68174e-25	8.27767e-24	1.14418e-22	1.49859e-21	1.85732e-20	2.17513e-19	2.40342e-18	2.5017e-17	2.44895e-16	2.25065e-15	1.93831e-14	1.56131e-13	
1.99251e-30	1.06841e-31	5.47097e-33	2.67782e-34	1.26894e-35	4.0026e-36	7.50181e-35	1.56442e-33	3.12057e-32	5.94675e-31	1.08164e-29	1.87596e-28	3.09921e-27	4.87192e-26	7.27912e-25	1.03245e-23	1.38846e-22	1.76807e-21	2.12895e-20	2.4205e-19	2.5945e-18	2.61767e-17	2.48175e-16	2.20707e-15	1.83773e-14	
1.49237e-31	7.82637e-33	3.92107e-34	1.87846e-35	8.71174e-37	2.70239e-37	5.17685e-36	1.1032e-34	2.24952e-33	4.38388e-32	8.15766e-31	1.44809e-29	2.44972e-28	3.94519e-27	6.04192e-26	8.78886e-25	1.21287e-23	1.58587e-22	1.96205e-21	2.29365e-20	2.52976e-19	2.62839e-18	2.56833e-17	2.35624e-16	2.02591e-15	
1.05877e-32	5.43245e-34	2.66385e-35	1.24948e-36	5.67312e-38	1.73078e-38	3.38768e-37	7.37481e-36	1.53671e-34	3.06145e-33	5.82599e-32	1.05807e-30	1.83205e-29	3.0213e-28	4.7404e-27	7.06825e-26	1.00039e-24	1.34231e-23	1.70526e-22	2.04827e-21	2.32286e-20	2.48335e-19	2.49888e-18	2.36279e-17	2.09567e-16	
7.12398e-34	3.57747e-35	1.71754e-36	7.89017e-38	3.50837e-39	1.05279e-39	2.10477e-38	4.67927e-37	9.96051e-36	2.02783e-34	3.94504e-33	7.32726e-32	1.29804e-30	2.19107e-29	3.52038e-28	5.37785e-27	7.80215e-26	1.07369e-24	1.39975e-23	1.72642e-22	2.0117e-21	2.21136e-20	2.28963e-19	2.22937e-18	2.03786e-17	
4.55143e-35	2.23774e-36	1.05219e-37	4.73551e-39	2.06274e-40	6.08893e-41	1.24302e-39	2.82127e-38	6.13301e-37	1.27554e-35	2.53593e-34	4.81516e-33	8.72389e-32	1.50664e-30	2.47777e-29	3.87613e-28	5.76146e-27	8.12731e-26	1.08668e-24	1.37542e-23	1.6457e-22	1.85876e-21	1.9788e-20	1.98246e-19	1.86601e-18	
2.76421e-36	1.33101e-37	6.1313e-39	2.70423e-40	1.15427e-41	3.3521e-42	6.98549e-41	1.61821e-39	3.59136e-38	7.62805e-37	1.54929e-35	3.00632e-34	5.56831e-33	9.83512e-32	1.65488e-30	2.64989e-29	4.03351e-28	5.82946e-27	7.9898e-26	1.03718e-24	1.2735e-23	1.47694e-22	1.61551e-21	1.66406e-20	1.61155e-19	
1.59758e-37	7.53625e-39	3.40204e-40	1.47085e-41	6.15375e-43	1.7584e-43	3.73957e-42	8.83914e-41	2.00219e-39	4.34171e-38	9.0057e-37	1.78526e-35	3.37927e-34	6.102e-33	1.05008e-31	1.72036e-30	2.6804e-29	3.96704e-28	5.57062e-27	7.41256e-26	9.33455e-25	1.11092e-23	1.2477e-22	1.32045e-21	1.31472e-20	
8.79567e-39	4.06604e-40	1.79925e-41	7.62735e-43	3.12872e-44	8.79782e-45	1.90892e-43	4.6027e-42	1.0638e-40	2.35445e-39	4.98597e-38	1.00943e-36	1.95201e-35	3.60219e-34	6.33739e-33	1.06187e-31	1.69274e-30	2.56437e-29	3.68755e-28	5.02722e-27	6.48926e-26	7.92052e-25	9.12835e-24	9.919e-23	1.01464e-21	
4.61764e-40	2.09245e-41	9.07873e-43	3.77459e-44	1.51843e-45	4.20239e-46	9.30057e-45	2.28699e-43	5.39195e-42	1.21767e-40	2.63189e-39	5.44002e-38	1.07436e-36	2.02545e-35	3.64169e-34	6.2382e-33	1.01704e-31	1.5764e-30	2.3203e-29	3.23929e-28	4.28386e-27	5.35952e-26	6.33465e-25	7.06306e-24	7.41784e-23	
2.31379e-41	1.02804e-42	4.37461e-44	1.78424e-45	7.04071e-47	1.91811e-47	4.32897e-46	1.08533e-44	2.60959e-43	6.01166e-42	1.32583e-40	2.79705e-39	5.63973e-38	1.08586e-36	1.99454e-35	3.49169e-34	5.81982e-33	9.22564e-32	1.38933e-30	1.9853e-29	2.68856e-28	3.44603e-27	4.17479e-26	4.7736e-25	5.14403e-24	
1.10758e-42	4.82635e-44	2.01473e-45	8.063e-47	3.12177e-48	8.37296e-49	1.9266e-47	4.92372e-46	1.20705e-44	2.8358e-43	6.37986e-42	1.37335e-40	2.8263e-39	5.55575e-38	1.04221e-36	1.86395e-35	3.17499e-34	5.14541e-33	7.92473e-32	1.1586e-30	1.60595e-29	2.10779e-28	2.616e-27	3.06585e-26	3.38788e-25	
5.06929e-44	2.16698e-45	8.87606e-47	3.4863e-48	1.32466e-49	3.49842e-50	8.20524e-49	2.13709e-47	5.34045e-46	1.27924e-44	2.93505e-43	6.44505e-42	1.35339e-40	2.71535e-39	5.20051e-38	9.49876e-37	1.65294e-35	2.73758e-34	4.3104e-33	6.44484e-32	9.13966e-31	1.22778e-29	1.56033e-28	1.8733e-27	2.12161e-26	
2.22023e-45	9.31266e-47	3.7437e-48	1.44344e-49	5.38354e-51	1.40021e-51	3.34681e-50	8.8818e-49	2.26195e-47	5.52306e-46	1.29202e-44	2.8934e-43	6.1979e-42	1.26884e-40	2.48029e-39	4.6252e-38	8.21979e-37	1.39075e-35	2.23781e-34	3.42056e-33	4.96083e-32	6.81796e-31	8.86809e-30	1.09015e-28	1.26475e-27	
9.31266e-47	3.83364e-48	1.51284e-49	5.72709e-51	2.09709e-52	5.37237e-53	1.3084e-51	3.53722e-50	9.17866e-49	2.28404e-47	5.44648e-46	1.2436e-44	2.71672e-43	5.67343e-42	1.13161e-40	2.15378e-39	3.90781e-38	6.75236e-37	1.10995e-35	1.73379e-34	2.57054e-33	3.61286e-32	4.80752e-31	6.04847e-30	7.18469e-29	
3.7437e-48	1.51284e-49	5.86161e-51	2.17913e-52	7.83548e-54	1.97745e-54	4.90609e-53	1.35091e-51	3.57102e-50	9.05427e-49	2.20035e-47	5.12129e-46	1.14069e-44	2.42938e-43	4.94294e-42	9.59931e-41	1.77764e-39	3.13591e-38	5.26432e-37	8.40041e-36	1.27273e-34	1.82862e-33	2.48833e-32	3.20266e-31	3.89332e-30	
1.44344e-49	5.72709e-51	2.17913e-52	7.95709e-54	2.81006e-55	6.98741e-56	1.76574e-54	4.95115e-53	1.33303e-51	3.44309e-50	8.52557e-49	2.02226e-47	4.59142e-46	9.97003e-45	2.06877e-43	4.09828e-42	7.74381e-41	1.39425e-39	2.38953e-38	3.89397e-37	6.0268e-36	8.84856e-35	1.23085e-33	1.61997e-32	2.01454e-31	
5.38354e-51	2.09709e-52	7.83548e-54	2.81006e-55	9.74644e-57	2.39607e-57	6.17069e-56	1.76201e-54	4.83181e-53	1.27136e-51	3.20759e-50	7.75382e-49	1.79449e-47	3.97286e-46	8.40684e-45	1.6988e-43	3.27511e-42	6.0181e-41	1.05292e-39	1.75215e-38	2.77007e-37	4.15567e-36	5.90855e-35	7.95134e-34	1.0114e-32	
1.40021e-51	5.37237e-53	1.97745e-54	6.98741e-56	2.39607e-57	8.30246e-58	2.2404e-56	6.40416e-55	1.75785e-53	4.62962e-52	1.16908e-50	2.82849e-49	6.55158e-48	1.45166e-46	3.07431e-45	6.2174e-44	1.19963e-42	2.20621e-41	3.86336e-40	6.43491e-39	1.01835e-37	1.52941e-36	2.17718e-35	2.93393e-34	3.73774e-33	
3.34681e-50	1.3084e-51	4.90609e-53	1.76574e-54	6.17069e-56	2.2404e-56	5.94848e-55	1.66771e-53	4.48874e-52	1.15897e-50	2.86847e-49	6.8004e-48	1.54306e-46	3.34844e-45	6.94288e-44	1.37432e-42	2.59464e-41	4.66752e-40	7.99223e-39	1.30124e-37	2.01217e-36	2.95175e-35	4.10268e-34	5.39594e-33	6.70641e-32	
8.8818e-49	3.53722e-50	1.35091e-51	4.95115e-53	1.76201e-54	6.40416e-55	1.66771e-53	4.5926e-52	1.21398e-50	3.07772e-49	7.47811e-48	1.7401e-46	3.8746e-45	8.24888e-44	1.67765e-42	3.25649e-41	6.02744e-40	1.06272e-38	1.78302e-37	2.84364e-36	4.30607e-35	6.18384e-34	8.41133e-33	1.08226e-31	1.31544e-30	
2.26195e-47	9.17866e-49	3.57102e-50	1.33303e-51	4.83181e-53	1.75785e-53	4.48874e-52	1.21398e-50	3.15092e-49	7.84226e-48	1.87027e-46	4.27064e-45	9.32949e-44	1.94821e-42	3.88548e-41	7.39414e-40	1.34137e-38	2.31733e-37	3.80851e-36	5.948e-35	8.8173e-34	1.23916e-32	1.6489e-31	2.07476e-30	2.46517e-29	
5.52306e-46	2.28404e-47	9.05427e-49	3.44309e-50	1.27136e-51	4.62962e-52	1.15897e-50	3.07772e-49	7.84226e-48	1.91578e-46	4.48347e-45	1.00441e-43	2.15222e-42	4.40723e-41	8.61717e-40	1.60724e-38	2.85688e-37	4.83456e-36	7.78061e-35	1.18954e-33	1.72562e-32	2.37238e-31	3.08705e-30	3.79699e-29	4.40827e-28	
1.29202e-44	5.44648e-46	2.20035e-47	8.52557e-49	3.20759e-50	1.16908e-50	2.86847e-49	7.47811e-48	1.87027e-46	4.48347e-45	1.02942e-43	2.26204e-42	4.75306e-41	9.54203e-40	1.82857e-38	3.34176e-37	5.81843e-36	9.64171e-35	1.51898e-33	2.27254e-32	3.22491e-31	4.33545e-30	5.51441e-29	6.62713e-28	7.51447e-27	
2.8934e-43	1.2436e-44	5.12129e-46	2.02226e-47	7.75382e-49	2.82849e-49	6.8004e-48	1.7401e-46	4.27064e-45	1.00441e-43	2.26204e-42	4.87422e-41	1.00408e-39	1.97562e-38	3.70953e-37	6.64048e-36	1.13216e-34	1.83652e-33	2.83127e-32	4.14353e-31	5.74966e-30	7.55531e-29	9.38925e-28	1.102e-26	1.21978e-25	
6.1979e-42	2.71672e-43	1.14069e-44	4.59142e-46	1.79449e-47	6.55158e-48	1.54306e-46	3.8746e-45	9.32949e-44	2.15222e-42	4.75306e-41	1.00408e-39	2.0272e-38	3.90821e-37	7.188e-36	1.25998e-34	2.10285e-33	3.33792e-32	5.03368e-31	7.20332e-30	9.76985e-29	1.25429e-27	1.52225e-26	1.74399e-25	1.8834e-24	
1.26884e-40	5.67343e-42	2.42938e-43	9.97003e-45	3.97286e-46	1.45166e-46	3.34844e-45	8.24888e-44	1.94821e-42	4.40723e-41	9.54203e-40	1.97562e-38	3.90821e-37	7.38028e-36	1.32916e-34	2.28069e-33	3.72467e-32	5.78329e-31	8.52779e-30	1.19277e-28	1.58053e-27	1.98157e-26	2.34741e-25	2.62376e-24	2.76297e-23	
2.48029e-39	1.13161e-40	4.94294e-42	2.06877e-43	8.40684e-45	3.07431e-45	6.94288e-44	1.67765e-42	3.88548e-41	8.61717e-40	1.82857e-38	3.70953e-37	7.188e-36	1.32916e-34	2.34323e-33	3.93441e-32	6.28518e-31	9.54227e-30	1.37525e-28	1.87926e-27	2.43174e-26	2.97578e-25	3.43907e-24	3.74808e-23	3.8464e-22	
4.6252e-38	2.15378e-39	9.59931e-41	4.09828e-42	1.6988e-43	6.2174e-44	1.37432e-42	3.25649e-41	7.39414e-40	1.60724e-38	3.34176e-37	6.64048e-36	1.25998e-34	2.28069e-33	3.93441e-32	6.4619e-31	1.00935e-29	1.49776e-28	2.10888e-27	2.81406e-26	3.55413e-25	4.24292e-24	4.78102e-23	5.07762e-22	5.0748e-21	
8.21979e-37	3.90781e-38	1.77764e-39	7.74381e-41	3.27511e-42	1.19963e-42	2.59464e-41	6.02744e-40	1.34137e-38	2.85688e-37	5.81843e-36	1.13216e-34	2.10285e-33	3.72467e-32	6.28518e-31	1.00935e-29	1.54096e-28	2.23391e-27	3.07148e-26	4.0003e-25	4.92868e-24	5.73676e-23	6.29908e-22	6.51494e-21	6.33705e-20	
1.39075e-35	6.75236e-37	3.13591e-38	1.39425e-39	6.0181e-41	2.20621e-41	4.66752e-40	1.06272e-38	2.31733e-37	4.83456e-36	9.64171e-35	1.83652e-33	3.33792e-32	5.78329e-31	9.54227e-30	1.49776e-28	2.23391e-27	3.16238e-26	4.24379e-25	5.39179e-24	6.47689e-23	7.34592e-22	7.85478e-21	7.90614e-20	7.47896e-19	
2.23781e-34	1.10995e-35	5.26432e-37	2.38953e-38	1.05292e-39	3.86336e-40	7.99223e-39	1.78302e-37	3.80851e-36	7.78061e-35	1.51898e-33	2.83127e-32	5.03368e-31	8.52779e-30	1.37525e-28	2.10888e-27	3.07148e-26	4.24379e-25	5.55555e-24	6.88172e-23	8.05503e-22	8.8964e-21	9.25731e-20	9.06139e-19	8.32976e-18	
3.42056e-33	1.73379e-34	8.40041e-36	3.89397e-37	1.75215e-38	6.43491e-39	1.30124e-37	2.84364e-36	5.948e-35	1.18954e-33	2.27254e-32	4.14353e-31	7.20332e-30	1.19277e-28	1.87926e-27	2.81406e-26	4.0003e-25	5.39179e-24	6.88172e-23	8.30618e-22	9.46747e-21	1.01755e-19	1.02965e-18	9.79362e-18	8.74133e-17	
4.96083e-32	2.57054e-33	1.27273e-34	6.0268e-36	2.77007e-37	1.01835e-37	2.01217e-36	4.30607e-35	8.8173e-34	1.72562e-32	3.22491e-31	5.74966e-30	9.76985e-29	1.58053e-27	2.43174e-26	3.55413e-25	4.92868e-24	6.47689e-23	8.05503e-22	9.46747e-21	1.05012e-19	1.09753e-18	1.07916e-17	9.96588e-17	8.6289e-16	
6.81796e-31	3.61286e-32	1.82862e-33	8.84856e-35	4.15567e-36	1.52941e-36	2.95175e-35	6.18384e-34	1.23916e-32	2.37238e-31	4.33545e-30	7.55531e-29	1.25429e-27	1.98157e-26	2.97578e-25	4.24292e-24	5.73676e-23	7.34592e-22	8.8964e-21	1.01755e-19	1.09753e-18	1.11461e-17	1.06405e-16	9.53198e-16	7.9985e-15	
8.86809e-30	4.80752e-31	2.48833e-32	1.23085e-33	5.90855e-35	2.17718e-35	4.10268e-34	8.41133e-33	1.6489e-31	3.08705e-30	5.51441e-29	9.38925e-28	1.52225e-26	2.34741e-25	3.43907e-24	4.78102e-23	6.29908e-22	7.85478e-21	9.25731e-20	1.02965e-18	1.07916e-17	1.06405e-16	9.85337e-16	8.55421e-15	6.94927e-14	
1.09015e-28	6.04847e-30	3.20266e-31	1.61997e-32	7.95134e-34	2.93393e-34	5.39594e-33	1.08226e-31	2.07476e-30	3.79699e-29	6.62713e-28	1.102e-26	1.74399e-25	2.62376e-24	3.74808e-23	5.07762e-22	6.51494e-21	7.90614e-20	9.06139e-19	9.79362e-18	9.96588e-17	9.53198e-16	8.55421e-15	7.18957e-14	5.64819e-13	
1.26475e-27	7.18469e-29	3.89332e-30	2.01454e-31	1.0114e-32	3.73774e-33	6.70641e-32	1.31544e-30	2.46517e-29	4.40827e-28	7.51447e-27	1.21978e-25	1.8834e-24	2.76297e-23	3.8464e-22	5.0748e-21	6.33705e-20	7.47896e-19	8.32976e-18	8.74133e-17	8.6289e-16	7.9985e-15	6.94927e-14	5.64819e-13	4.28588e-12	
