0.503194	0.487733	0.488149	0.489159	0.469362	0.409532	0.321514	0.224421	0.145312	0.0908324	0.0542561	0.0469585	0.0675698	0.120021	0.205541	0.30434	0.383356	0.420575	0.399097	0.315752	0.18469	0.0241671	-0.146116	-0.308665	-0.449518	
0.487733	0.468949	0.464034	0.451379	0.416256	0.356011	0.28513	0.214857	0.16696	0.140434	0.131171	0.146894	0.190995	0.263878	0.356661	0.452702	0.517759	0.53333	0.488831	0.381234	0.227125	0.0490667	-0.136074	-0.314432	-0.468906	
0.488149	0.464034	0.437081	0.39429	0.3388	0.272246	0.205685	0.147394	0.116322	0.113732	0.131369	0.176403	0.25177	0.34783	0.454897	0.555915	0.617188	0.623697	0.567217	0.447552	0.282198	0.0937624	-0.100513	-0.281635	-0.435345	
0.489159	0.451379	0.39429	0.324068	0.246101	0.160778	0.0828191	0.0221983	7.48236e-05	0.0119622	0.0542815	0.128691	0.233371	0.358043	0.487082	0.605609	0.680815	0.694509	0.640825	0.522835	0.358443	0.172598	-0.0159487	-0.191817	-0.34109	
0.469362	0.416256	0.3388	0.246101	0.138512	0.0240247	-0.0749485	-0.143777	-0.169174	-0.147754	-0.0827495	0.0160013	0.150374	0.305768	0.465866	0.614775	0.715175	0.748275	0.711694	0.609546	0.458914	0.288319	0.115919	-0.0423959	-0.175678	
0.409532	0.356011	0.272246	0.160778	0.0240247	-0.118237	-0.236614	-0.321177	-0.350812	-0.320048	-0.240677	-0.125481	0.0311419	0.21803	0.412951	0.594455	0.726196	0.787258	0.775536	0.698577	0.575815	0.433105	0.286507	0.150121	0.0320107	
0.321514	0.28513	0.205685	0.0828191	-0.0749485	-0.236614	-0.377087	-0.471948	-0.500355	-0.467343	-0.384542	-0.261313	-0.0825662	0.133319	0.356375	0.56384	0.719494	0.804088	0.821168	0.778583	0.690236	0.582082	0.468175	0.3601	0.266605	
0.224421	0.214857	0.147394	0.0221983	-0.143777	-0.321177	-0.471948	-0.564103	-0.593353	-0.566694	-0.48489	-0.347155	-0.150325	0.079568	0.314919	0.530988	0.700536	0.807236	0.849812	0.836525	0.784873	0.712973	0.633208	0.564028	0.506301	
0.145312	0.16696	0.116322	7.48236e-05	-0.169174	-0.350812	-0.500355	-0.593353	-0.633898	-0.615672	-0.523344	-0.373131	-0.173555	0.0599442	0.301128	0.522504	0.702669	0.820456	0.873993	0.88009	0.851437	0.808385	0.771997	0.745614	0.724579	
0.0908324	0.140434	0.113732	0.0119622	-0.147754	-0.320048	-0.467343	-0.566694	-0.615672	-0.589593	-0.489596	-0.343449	-0.147539	0.0879958	0.331521	0.553075	0.731827	0.84486	0.899813	0.917712	0.91172	0.899641	0.891983	0.893651	0.902093	
0.0542561	0.131171	0.131369	0.0542815	-0.0827495	-0.240677	-0.384542	-0.48489	-0.523344	-0.489596	-0.398004	-0.256362	-0.0574708	0.180173	0.419047	0.627456	0.787947	0.890973	0.947505	0.970448	0.974091	0.97348	0.978842	0.994774	1.019	
0.0469585	0.146894	0.176403	0.128691	0.0160013	-0.125481	-0.261313	-0.347155	-0.373131	-0.343449	-0.256362	-0.103474	0.10143	0.331853	0.557541	0.746525	0.888203	0.976411	1.01768	1.02611	1.02161	1.01765	1.02324	1.04655	1.08004	
0.0675698	0.190995	0.25177	0.233371	0.150374	0.0311419	-0.0825662	-0.150325	-0.173555	-0.147539	-0.0574708	0.10143	0.29715	0.512943	0.723772	0.891251	1.01195	1.07961	1.09353	1.07692	1.05679	1.03833	1.03161	1.04318	1.06162	
0.120021	0.263878	0.34783	0.358043	0.305768	0.21803	0.133319	0.079568	0.0599442	0.0879958	0.180173	0.331853	0.512943	0.712077	0.901283	1.0418	1.12949	1.15838	1.13901	1.10512	1.06374	1.02084	0.996207	0.982426	0.978527	
0.205541	0.356661	0.454897	0.487082	0.465866	0.412951	0.356375	0.314919	0.301128	0.331521	0.419047	0.557541	0.723772	0.901283	1.05702	1.1635	1.20931	1.20033	1.1565	1.09203	1.01871	0.956739	0.909947	0.873358	0.858663	
0.30434	0.452702	0.555915	0.605609	0.614775	0.594455	0.56384	0.530988	0.522504	0.553075	0.627456	0.746525	0.891251	1.0418	1.1635	1.2331	1.23779	1.19975	1.13056	1.03178	0.935617	0.854528	0.785968	0.734848	0.70535	
0.383356	0.517759	0.617188	0.680815	0.715175	0.726196	0.719494	0.700536	0.702669	0.731827	0.787947	0.888203	1.01195	1.12949	1.20931	1.23779	1.21446	1.14686	1.04435	0.927053	0.823515	0.731409	0.650812	0.591299	0.545498	
0.420575	0.53333	0.623697	0.694509	0.748275	0.787258	0.804088	0.807236	0.820456	0.84486	0.890973	0.976411	1.07961	1.15838	1.20033	1.19975	1.14686	1.04812	0.927645	0.806779	0.691162	0.590344	0.508738	0.446888	0.399975	
0.399097	0.488831	0.567217	0.640825	0.711694	0.775536	0.821168	0.849812	0.873993	0.899813	0.947505	1.01768	1.09353	1.13901	1.1565	1.13056	1.04435	0.927645	0.799941	0.67675	0.556866	0.456254	0.380126	0.316743	0.273248	
0.315752	0.381234	0.447552	0.522835	0.609546	0.698577	0.778583	0.836525	0.88009	0.917712	0.970448	1.02611	1.07692	1.10512	1.09203	1.03178	0.927053	0.806779	0.67675	0.547229	0.431314	0.339823	0.273693	0.215578	0.173554	
0.18469	0.227125	0.282198	0.358443	0.458914	0.575815	0.690236	0.784873	0.851437	0.91172	0.974091	1.02161	1.05679	1.06374	1.01871	0.935617	0.823515	0.691162	0.556866	0.431314	0.329488	0.24798	0.182474	0.135783	0.101307	
0.0241671	0.0490667	0.0937624	0.172598	0.288319	0.433105	0.582082	0.712973	0.808385	0.899641	0.97348	1.01765	1.03833	1.02084	0.956739	0.854528	0.731409	0.590344	0.456254	0.339823	0.24798	0.175429	0.112688	0.0778424	0.0504687	
-0.146116	-0.136074	-0.100513	-0.0159487	0.115919	0.286507	0.468175	0.633208	0.771997	0.891983	0.978842	1.02324	1.03161	0.996207	0.909947	0.785968	0.650812	0.508738	0.380126	0.273693	0.182474	0.112688	0.0671849	0.0412878	0.0163128	
-0.308665	-0.314432	-0.281635	-0.191817	-0.0423959	0.150121	0.3601	0.564028	0.745614	0.893651	0.994774	1.04655	1.04318	0.982426	0.873358	0.734848	0.591299	0.446888	0.316743	0.215578	0.135783	0.0778424	0.0412878	0.0117583	-0.00973626	
-0.449518	-0.468906	-0.435345	-0.34109	-0.175678	0.0320107	0.266605	0.506301	0.724579	0.902093	1.019	1.08004	1.06162	0.978527	0.858663	0.70535	0.545498	0.399975	0.273248	0.173554	0.101307	0.0504687	0.0163128	-0.00973626	-0.0228559	
-0.570622	-0.598601	-0.565379	-0.461147	-0.287027	-0.0633115	0.191732	0.462306	0.718943	0.919172	1.05637	1.1179	1.08759	0.989259	0.848515	0.681379	0.509688	0.363651	0.241933	0.147158	0.0797063	0.0285649	-0.000986161	-0.0172191	-0.0259646	
-0.665999	-0.700352	-0.665072	-0.551634	-0.373342	-0.136293	0.135759	0.431997	0.71825	0.939899	1.0957	1.15647	1.11634	1.00454	0.842397	0.664652	0.488565	0.338435	0.218904	0.123074	0.0599036	0.0227224	-0.00680552	-0.0265856	-0.0319733	
-0.734637	-0.772545	-0.733992	-0.617828	-0.434574	-0.193399	0.0958706	0.407896	0.713329	0.960915	1.12718	1.19019	1.14222	1.02022	0.848568	0.658677	0.475864	0.319816	0.201581	0.10926	0.0459862	0.0118851	-0.0153666	-0.033513	-0.0360146	
-0.785565	-0.823403	-0.781308	-0.662153	-0.474799	-0.228449	0.0732969	0.397388	0.715883	0.984022	1.15529	1.21325	1.1654	1.03118	0.845682	0.647969	0.465314	0.310259	0.187299	0.103847	0.0462641	0.00250916	-0.0189494	-0.0289345	-0.0388437	
-0.808868	-0.849618	-0.804176	-0.684227	-0.498204	-0.246055	0.0576496	0.391229	0.713439	0.994339	1.17148	1.22492	1.17928	1.03921	0.84841	0.647408	0.46131	0.30403	0.182289	0.0971491	0.0391818	0.00112005	-0.0198141	-0.0312126	-0.0428568	
-0.811464	-0.853727	-0.807355	-0.688156	-0.50246	-0.249758	0.0539822	0.389311	0.711524	0.995323	1.17329	1.22771	1.18142	1.04109	0.850821	0.64865	0.462013	0.301829	0.181583	0.0960054	0.0360192	0.00121024	-0.0204556	-0.0331167	-0.0435944	
-0.798294	-0.837052	-0.793042	-0.673738	-0.485652	-0.236982	0.0664689	0.395382	0.715949	0.990334	1.16321	1.21942	1.17238	1.03429	0.844986	0.645487	0.463619	0.307761	0.183933	0.101504	0.0445779	0.00143146	-0.0189136	-0.028297	-0.0410772	
-0.757553	-0.79517	-0.755636	-0.638435	-0.453129	-0.210048	0.0846726	0.402093	0.71366	0.970459	1.13961	1.20048	1.15201	1.02563	0.849275	0.654784	0.470336	0.315008	0.195296	0.106702	0.0452646	0.00687926	-0.0179168	-0.0323606	-0.0367645	
-0.696314	-0.731958	-0.696046	-0.580718	-0.400684	-0.161432	0.117948	0.421078	0.716359	0.947964	1.10892	1.17137	1.12662	1.01089	0.844735	0.661426	0.483363	0.330262	0.211201	0.116362	0.0527751	0.019498	-0.00998273	-0.0308741	-0.033529	
-0.612295	-0.64289	-0.609124	-0.500469	-0.324455	-0.0946123	0.167539	0.449461	0.719396	0.927231	1.07266	1.13353	1.09957	0.994689	0.843377	0.673472	0.500181	0.352573	0.231873	0.136727	0.0716897	0.0256688	-0.00341802	-0.0202747	-0.028764	
-0.500159	-0.524131	-0.490536	-0.393028	-0.223363	-0.0095216	0.233702	0.486486	0.720286	0.908225	1.03317	1.0945	1.07124	0.982538	0.855685	0.695795	0.528589	0.38333	0.260237	0.16222	0.091434	0.0394878	0.00696756	-0.0134754	-0.0235457	
-0.367463	-0.379343	-0.346213	-0.254686	-0.0981975	0.100545	0.321277	0.540043	0.736001	0.89655	1.00295	1.05935	1.04923	0.978562	0.865289	0.720232	0.572421	0.4277	0.2964	0.196255	0.12116	0.0671969	0.0316432	0.00152177	-0.017187	
-0.212927	-0.209408	-0.175781	-0.0888836	0.0497976	0.229887	0.423403	0.604024	0.760906	0.891114	0.984392	1.0312	1.03502	0.989442	0.892776	0.763845	0.624518	0.481437	0.353135	0.248889	0.16179	0.096064	0.0559357	0.02878	0.00409805	
-0.0435752	-0.0249878	0.0158016	0.0963	0.21849	0.374084	0.53612	0.680572	0.792697	0.895996	0.974244	1.01773	1.03394	1.00945	0.937232	0.82548	0.696156	0.554871	0.42442	0.311953	0.219012	0.147238	0.0912865	0.0618911	0.0365078	
0.122676	0.157864	0.208846	0.285695	0.391936	0.520858	0.648883	0.758267	0.834474	0.907808	0.973613	1.01887	1.04888	1.04459	0.991283	0.900865	0.786626	0.649459	0.512091	0.391558	0.295831	0.218161	0.152141	0.108855	0.0777198	
0.267907	0.323844	0.385397	0.4611	0.552592	0.652847	0.747332	0.8188	0.87152	0.916692	0.974231	1.02541	1.0686	1.09028	1.06278	0.992285	0.883511	0.758592	0.628091	0.498229	0.386886	0.300074	0.235292	0.181424	0.142206	
0.372593	0.452531	0.52633	0.600893	0.678439	0.751534	0.811106	0.850973	0.881715	0.910559	0.959662	1.02393	1.08856	1.12632	1.1326	1.09248	0.996919	0.879278	0.751107	0.624147	0.504242	0.406867	0.335024	0.273576	0.230154	
0.419651	0.523322	0.608578	0.681276	0.742142	0.791301	0.818199	0.83199	0.849116	0.872822	0.918434	0.997777	1.09102	1.15393	1.18568	1.17634	1.10948	1.00076	0.875924	0.755794	0.638127	0.5355	0.454552	0.391015	0.345862	
0.404491	0.530954	0.62652	0.693735	0.736626	0.759261	0.761865	0.750057	0.757947	0.784989	0.835744	0.930306	1.04535	1.14895	1.21174	1.22671	1.1924	1.11123	1.00035	0.879536	0.771	0.675675	0.594032	0.534338	0.485713	
0.339636	0.483706	0.586854	0.642101	0.662599	0.655232	0.634522	0.606317	0.60098	0.631495	0.698173	0.809332	0.945343	1.08273	1.18841	1.24165	1.23404	1.18547	1.10271	0.99347	0.894642	0.807961	0.732082	0.677577	0.640088	
0.245359	0.396555	0.498045	0.537538	0.528341	0.488951	0.442701	0.405186	0.393295	0.423723	0.507279	0.638329	0.79725	0.964267	1.10679	1.19902	1.22677	1.20567	1.15231	1.0738	0.989454	0.919236	0.863348	0.819568	0.80068	
0.150688	0.29924	0.389854	0.409745	0.3702	0.295824	0.223022	0.174196	0.157078	0.186885	0.277193	0.424821	0.599986	0.79126	0.968856	1.09508	1.16716	1.17992	1.1495	1.10566	1.05095	1.00041	0.968039	0.943933	0.93445	
0.0844111	0.216855	0.28832	0.281699	0.21122	0.10397	0.00132015	-0.0603016	-0.0828744	-0.0563741	0.0354073	0.192323	0.381765	0.590995	0.794418	0.952591	1.0617	1.11471	1.116	1.0924	1.06476	1.03755	1.02292	1.02515	1.03476	
0.0520179	0.16128	0.203329	0.167395	0.0655343	-0.0678585	-0.196388	-0.274908	-0.298823	-0.271734	-0.183494	-0.0261612	0.176984	0.402273	0.621492	0.802304	0.937239	1.01841	1.04889	1.04731	1.03742	1.02853	1.03098	1.05253	1.08236	
0.0472481	0.133992	0.14587	0.0801816	-0.0471813	-0.199152	-0.340881	-0.436435	-0.469369	-0.436164	-0.347718	-0.203393	-0.000654001	0.235241	0.469736	0.67019	0.821986	0.921092	0.973779	0.993347	0.995471	0.994041	1.00192	1.02153	1.05032	
