-0.0788571	-0.241569	-0.398537	-0.541479	-0.636489	-0.651843	-0.587791	-0.45912	-0.304758	-0.144553	0.018723	0.190358	0.373738	0.556485	0.724782	0.865215	0.965817	1.02001	1.02831	0.985118	0.897021	0.770362	0.628769	0.499756	0.390267	
-0.0331399	-0.165019	-0.306914	-0.435795	-0.52393	-0.541863	-0.477132	-0.361097	-0.221807	-0.0850565	0.0496748	0.201744	0.36891	0.55222	0.727637	0.879667	0.999781	1.06659	1.08354	1.04799	0.969878	0.863161	0.75092	0.652042	0.568745	
0.0418387	-0.0626796	-0.17984	-0.289521	-0.367369	-0.383658	-0.325575	-0.226046	-0.109175	0.00113029	0.106519	0.23454	0.386668	0.561213	0.742534	0.905311	1.03648	1.11627	1.13281	1.09919	1.02592	0.933964	0.845136	0.766684	0.709854	
0.138979	0.0632366	-0.0208674	-0.106095	-0.167747	-0.179568	-0.135195	-0.0556081	0.0302692	0.109725	0.184402	0.282207	0.415236	0.577506	0.761139	0.933786	1.07592	1.16031	1.1725	1.13014	1.05295	0.970006	0.888775	0.82817	0.791615	
0.249307	0.203566	0.155747	0.0992249	0.0580921	0.052325	0.0791206	0.133527	0.18566	0.231167	0.276414	0.342282	0.451514	0.600514	0.77783	0.95607	1.10361	1.17993	1.18358	1.12843	1.03917	0.955083	0.877634	0.82285	0.801236	
0.356459	0.342878	0.323845	0.299141	0.281439	0.278498	0.290394	0.314238	0.336241	0.350577	0.368751	0.410181	0.491184	0.624942	0.792246	0.962622	1.10333	1.16613	1.1502	1.0786	0.982062	0.886966	0.80842	0.756698	0.743326	
0.443347	0.455272	0.46319	0.470911	0.47492	0.474366	0.473589	0.465866	0.458339	0.448733	0.439162	0.457708	0.514762	0.625611	0.781299	0.937658	1.06146	1.10944	1.07397	0.992692	0.890972	0.788818	0.703946	0.648522	0.634475	
0.480136	0.518253	0.554191	0.592725	0.620065	0.622503	0.606901	0.569815	0.53181	0.496529	0.461476	0.454627	0.488174	0.57782	0.717548	0.863202	0.971198	1.00853	0.972845	0.886336	0.783926	0.680997	0.578552	0.511455	0.492844	
0.445563	0.507081	0.571416	0.638022	0.686777	0.694343	0.66173	0.598651	0.532263	0.469494	0.416451	0.386432	0.400825	0.480379	0.603346	0.739421	0.840776	0.870762	0.842757	0.767761	0.668474	0.564905	0.454152	0.372261	0.344012	
0.33227	0.403906	0.490307	0.575108	0.639344	0.652635	0.604549	0.52495	0.437702	0.358347	0.297721	0.257621	0.270588	0.345738	0.46378	0.592726	0.682483	0.71428	0.692882	0.632648	0.545569	0.446858	0.341504	0.254099	0.220993	
0.14929	0.217691	0.307921	0.396254	0.466866	0.482225	0.428036	0.344627	0.252339	0.173818	0.117432	0.0841681	0.102805	0.179936	0.298317	0.41644	0.505611	0.547367	0.542856	0.509041	0.443235	0.360508	0.264883	0.186583	0.158314	
-0.0943827	-0.0312875	0.0511195	0.14456	0.214531	0.226281	0.177856	0.0886183	-0.00169319	-0.0704767	-0.122885	-0.138005	-0.104934	-0.0201756	0.103194	0.219956	0.313986	0.373638	0.402863	0.405947	0.376453	0.324342	0.254087	0.186124	0.159929	
-0.369495	-0.31042	-0.230221	-0.13835	-0.0692993	-0.0570284	-0.10531	-0.193489	-0.280464	-0.348773	-0.390228	-0.392021	-0.345769	-0.246023	-0.119236	0.00563557	0.112587	0.201345	0.271197	0.314186	0.33163	0.315324	0.277541	0.234781	0.21969	
-0.626298	-0.576406	-0.500001	-0.416849	-0.354496	-0.341093	-0.387598	-0.466715	-0.546967	-0.610978	-0.640168	-0.634859	-0.577514	-0.47212	-0.348865	-0.21702	-0.0978413	0.0192981	0.128544	0.213991	0.277005	0.302912	0.305071	0.298614	0.307066	
-0.848334	-0.801255	-0.731841	-0.653025	-0.595618	-0.585418	-0.62583	-0.700167	-0.775853	-0.833758	-0.857519	-0.84139	-0.775726	-0.672994	-0.552921	-0.424477	-0.302998	-0.165916	-0.0276105	0.0925936	0.19932	0.271839	0.315513	0.345123	0.384578	
-1.00062	-0.960874	-0.897952	-0.831007	-0.782974	-0.773498	-0.808299	-0.870401	-0.937077	-0.989318	-1.00645	-0.989569	-0.9283	-0.835535	-0.731656	-0.613505	-0.49042	-0.347642	-0.193589	-0.0464621	0.0893084	0.202903	0.293615	0.367835	0.448374	
-1.08311	-1.04851	-0.990548	-0.933569	-0.89376	-0.885242	-0.915226	-0.966845	-1.02666	-1.07347	-1.08885	-1.07452	-1.02396	-0.952225	-0.870216	-0.772551	-0.660423	-0.522594	-0.363768	-0.199176	-0.0387016	0.110579	0.243216	0.361225	0.479971	
-1.09632	-1.06305	-1.01206	-0.963643	-0.930929	-0.924062	-0.948626	-0.991305	-1.0437	-1.08633	-1.1034	-1.09399	-1.06286	-1.01784	-0.960648	-0.892309	-0.798421	-0.674504	-0.526062	-0.356441	-0.179642	-0.00353019	0.166354	0.326533	0.485697	
-1.04135	-1.01258	-0.971544	-0.930746	-0.907914	-0.904308	-0.919097	-0.953909	-0.997373	-1.03095	-1.05311	-1.0531	-1.04325	-1.0308	-1.00398	-0.965051	-0.897952	-0.799972	-0.670222	-0.507465	-0.326614	-0.132289	0.0708557	0.265766	0.454404	
-0.940407	-0.911875	-0.876066	-0.843994	-0.826408	-0.823445	-0.835353	-0.862241	-0.898224	-0.929741	-0.954281	-0.966943	-0.983954	-1.00253	-1.01045	-1.00536	-0.966828	-0.896827	-0.786673	-0.634271	-0.453821	-0.252679	-0.0364998	0.178847	0.379514	
-0.80914	-0.777956	-0.746551	-0.719842	-0.707223	-0.704711	-0.713368	-0.734974	-0.764676	-0.797165	-0.826968	-0.856348	-0.899529	-0.946608	-0.986363	-1.00939	-1.00216	-0.961698	-0.879279	-0.749682	-0.578409	-0.381709	-0.159774	0.066634	0.273012	
-0.666446	-0.635488	-0.610622	-0.588808	-0.580388	-0.580813	-0.583538	-0.600943	-0.625557	-0.652431	-0.688758	-0.73164	-0.793867	-0.871104	-0.940119	-0.992346	-1.02035	-1.0116	-0.957136	-0.851548	-0.697793	-0.508745	-0.288872	-0.0606758	0.148075	
-0.534692	-0.508814	-0.490423	-0.481764	-0.478175	-0.477643	-0.480103	-0.486107	-0.500286	-0.523308	-0.554818	-0.60807	-0.687978	-0.784203	-0.883243	-0.966221	-1.02403	-1.0497	-1.02372	-0.940617	-0.80659	-0.623348	-0.404793	-0.168587	0.0508993	
-0.432492	-0.413222	-0.4069	-0.408099	-0.41102	-0.412098	-0.409244	-0.406777	-0.409049	-0.423283	-0.450889	-0.506999	-0.595375	-0.705682	-0.825725	-0.934112	-1.02257	-1.07599	-1.07562	-1.01354	-0.887714	-0.704943	-0.479042	-0.229476	0.0036834	
-0.362864	-0.3535	-0.358644	-0.372041	-0.381491	-0.384623	-0.376407	-0.363361	-0.35498	-0.355939	-0.379815	-0.436199	-0.526864	-0.650759	-0.785308	-0.914335	-1.02242	-1.09101	-1.10207	-1.04478	-0.924335	-0.733706	-0.498186	-0.237983	0.0124413	
-0.333365	-0.330908	-0.343598	-0.366791	-0.381439	-0.383865	-0.374351	-0.352506	-0.334378	-0.330006	-0.34652	-0.400032	-0.490024	-0.610953	-0.752326	-0.891138	-1.00523	-1.08181	-1.09692	-1.04107	-0.918817	-0.721103	-0.47592	-0.203842	0.0588923	
-0.330908	-0.335649	-0.359783	-0.389559	-0.409907	-0.414133	-0.399208	-0.371784	-0.343819	-0.33	-0.340684	-0.384825	-0.466741	-0.581763	-0.720253	-0.860983	-0.977087	-1.04996	-1.0626	-1.00503	-0.873561	-0.672017	-0.420445	-0.142004	0.124262	
-0.343598	-0.359783	-0.393515	-0.432232	-0.458896	-0.463794	-0.444998	-0.40933	-0.372332	-0.346486	-0.349043	-0.383431	-0.45183	-0.559875	-0.691227	-0.827081	-0.938934	-1.00282	-1.00743	-0.94297	-0.807426	-0.599108	-0.340768	-0.0606874	0.21146	
-0.366791	-0.389559	-0.432232	-0.476481	-0.507517	-0.512501	-0.491293	-0.450672	-0.404714	-0.373529	-0.366047	-0.389406	-0.448491	-0.541583	-0.666799	-0.797236	-0.901777	-0.957811	-0.953539	-0.881751	-0.7316	-0.517856	-0.252618	0.0329008	0.301925	
-0.381439	-0.409907	-0.458896	-0.507517	-0.542238	-0.547976	-0.523797	-0.479449	-0.427741	-0.390007	-0.378008	-0.395077	-0.447004	-0.53553	-0.655692	-0.781401	-0.881848	-0.928951	-0.916607	-0.837555	-0.677778	-0.457456	-0.185745	0.103127	0.371884	
-0.383865	-0.414133	-0.463794	-0.512501	-0.547976	-0.553889	-0.529022	-0.48422	-0.432577	-0.392597	-0.380782	-0.397219	-0.446209	-0.536003	-0.654588	-0.778577	-0.879015	-0.923414	-0.908704	-0.827643	-0.668395	-0.445879	-0.172601	0.114566	0.386066	
-0.374351	-0.399208	-0.444998	-0.491293	-0.523797	-0.529022	-0.506749	-0.464342	-0.415426	-0.38212	-0.371682	-0.391901	-0.44812	-0.537488	-0.660644	-0.789224	-0.891595	-0.943865	-0.936682	-0.861547	-0.705504	-0.489425	-0.22099	0.0665573	0.334082	
-0.352506	-0.371784	-0.40933	-0.450672	-0.479449	-0.48422	-0.464342	-0.426397	-0.385275	-0.356962	-0.355222	-0.385151	-0.449489	-0.551674	-0.680659	-0.813948	-0.92298	-0.98345	-0.984486	-0.917606	-0.776965	-0.566585	-0.30558	-0.0231202	0.248313	
-0.334378	-0.343819	-0.372332	-0.404714	-0.427741	-0.432577	-0.415426	-0.385275	-0.354138	-0.334744	-0.343056	-0.38326	-0.458966	-0.572653	-0.70811	-0.847301	-0.963079	-1.03198	-1.04187	-0.981464	-0.84899	-0.644876	-0.390272	-0.112735	0.156792	
-0.330006	-0.33	-0.346486	-0.373529	-0.390007	-0.392597	-0.38212	-0.356962	-0.334744	-0.327958	-0.341062	-0.391842	-0.479884	-0.59765	-0.739038	-0.879696	-0.994863	-1.07114	-1.08727	-1.03157	-0.904912	-0.705992	-0.457503	-0.180812	0.0828134	
-0.34652	-0.340684	-0.349043	-0.366047	-0.378008	-0.380782	-0.371682	-0.355222	-0.343056	-0.341062	-0.362626	-0.418456	-0.508752	-0.633688	-0.77235	-0.906044	-1.0182	-1.09076	-1.1028	-1.04648	-0.926844	-0.732797	-0.493653	-0.229158	0.0275778	
-0.400032	-0.384825	-0.383431	-0.389406	-0.395077	-0.397219	-0.391901	-0.385151	-0.38326	-0.391842	-0.418456	-0.474869	-0.564395	-0.681149	-0.807068	-0.925137	-1.02318	-1.08376	-1.09053	-1.03164	-0.908133	-0.722772	-0.492249	-0.238123	0.00140049	
-0.490024	-0.466741	-0.45183	-0.448491	-0.447004	-0.446209	-0.44812	-0.449489	-0.458966	-0.479884	-0.508752	-0.564395	-0.648877	-0.7504	-0.859294	-0.953199	-1.02341	-1.06138	-1.04653	-0.973036	-0.843523	-0.661541	-0.441317	-0.199154	0.0252949	
-0.610953	-0.581763	-0.559875	-0.541583	-0.53553	-0.536003	-0.537488	-0.551674	-0.572653	-0.59765	-0.633688	-0.681149	-0.7504	-0.836571	-0.918372	-0.982634	-1.02347	-1.02904	-0.984626	-0.888219	-0.743202	-0.556671	-0.338024	-0.108372	0.10367	
-0.752326	-0.720253	-0.691227	-0.666799	-0.655692	-0.654588	-0.660644	-0.680659	-0.70811	-0.739038	-0.77235	-0.807068	-0.859294	-0.918372	-0.969005	-1.00439	-1.0107	-0.982456	-0.912464	-0.792912	-0.627812	-0.434172	-0.212149	0.0165655	0.223826	
-0.891138	-0.860983	-0.827081	-0.797236	-0.781401	-0.778577	-0.789224	-0.813948	-0.847301	-0.879696	-0.906044	-0.925137	-0.953199	-0.982634	-1.00439	-1.01126	-0.984479	-0.926848	-0.82572	-0.680532	-0.50323	-0.302542	-0.0839328	0.136309	0.339809	
-1.00523	-0.977087	-0.938934	-0.901777	-0.881848	-0.879015	-0.891595	-0.92298	-0.963079	-0.994863	-1.0182	-1.02318	-1.02341	-1.02347	-1.0107	-0.984479	-0.929137	-0.842558	-0.719968	-0.561572	-0.379954	-0.181279	0.0293053	0.234661	0.430266	
-1.08181	-1.04996	-1.00282	-0.957811	-0.928951	-0.923414	-0.943865	-0.98345	-1.03198	-1.07114	-1.09076	-1.08376	-1.06138	-1.02904	-0.982456	-0.926848	-0.842558	-0.727965	-0.586866	-0.4187	-0.239224	-0.0545239	0.129496	0.30534	0.478138	
-1.09692	-1.0626	-1.00743	-0.953539	-0.916607	-0.908704	-0.936682	-0.984486	-1.04187	-1.08727	-1.1028	-1.09053	-1.04653	-0.984626	-0.912464	-0.82572	-0.719968	-0.586866	-0.43051	-0.261644	-0.0934602	0.0676475	0.215735	0.350535	0.48525	
-1.04107	-1.00503	-0.94297	-0.881751	-0.837555	-0.827643	-0.861547	-0.917606	-0.981464	-1.03157	-1.04648	-1.03164	-0.973036	-0.888219	-0.792912	-0.680532	-0.561572	-0.4187	-0.261644	-0.107265	0.0391883	0.167869	0.276232	0.368331	0.46563	
-0.918817	-0.873561	-0.807426	-0.7316	-0.677778	-0.668395	-0.705504	-0.776965	-0.84899	-0.904912	-0.926844	-0.908133	-0.843523	-0.743202	-0.627812	-0.50323	-0.379954	-0.239224	-0.0934602	0.0391883	0.15966	0.24903	0.311625	0.357994	0.411674	
-0.721103	-0.672017	-0.599108	-0.517856	-0.457456	-0.445879	-0.489425	-0.566585	-0.644876	-0.705992	-0.732797	-0.722772	-0.661541	-0.556671	-0.434172	-0.302542	-0.181279	-0.0545239	0.0676475	0.167869	0.24903	0.293665	0.312388	0.319419	0.340362	
-0.47592	-0.420445	-0.340768	-0.252618	-0.185745	-0.172601	-0.22099	-0.30558	-0.390272	-0.457503	-0.493653	-0.492249	-0.441317	-0.338024	-0.212149	-0.0839328	0.0293053	0.129496	0.215735	0.276232	0.311625	0.312388	0.290155	0.260784	0.253752	
-0.203842	-0.142004	-0.0606874	0.0329008	0.103127	0.114566	0.0665573	-0.0231202	-0.112735	-0.180812	-0.229158	-0.238123	-0.199154	-0.108372	0.0165655	0.136309	0.234661	0.30534	0.350535	0.368331	0.357994	0.319419	0.260784	0.201842	0.177909	
0.0588923	0.124262	0.21146	0.301925	0.371884	0.386066	0.334082	0.248313	0.156792	0.0828134	0.0275778	0.00140049	0.0252949	0.10367	0.223826	0.339809	0.430266	0.478138	0.48525	0.46563	0.411674	0.340362	0.253752	0.177909	0.151032	
