-0.688828	-0.786357	-0.860601	-0.908469	-0.93738	-0.943428	-0.922316	-0.882632	-0.819739	-0.73016	-0.62121	-0.494005	-0.353408	-0.209828	-0.0658774	0.0725286	0.19198	0.301662	0.406449	0.486194	0.547515	0.594342	0.609808	0.592429	0.538485	
-0.671827	-0.740363	-0.79069	-0.822566	-0.847484	-0.853165	-0.833106	-0.805266	-0.763823	-0.700567	-0.625594	-0.539877	-0.440214	-0.327599	-0.206152	-0.0847528	0.0302226	0.146967	0.263121	0.357366	0.439948	0.520902	0.578717	0.604137	0.595553	
-0.631424	-0.661746	-0.684949	-0.696715	-0.710781	-0.715202	-0.702112	-0.690241	-0.672844	-0.643391	-0.612399	-0.574178	-0.520863	-0.450336	-0.360801	-0.256117	-0.143418	-0.0219615	0.104784	0.217814	0.324193	0.431983	0.520653	0.584447	0.616683	
-0.588605	-0.583224	-0.570233	-0.550935	-0.547992	-0.549421	-0.54742	-0.561765	-0.579425	-0.586266	-0.593079	-0.596097	-0.582727	-0.546754	-0.490803	-0.413639	-0.307897	-0.181515	-0.0489466	0.0768985	0.200195	0.32722	0.437686	0.527096	0.597524	
-0.546656	-0.505647	-0.460132	-0.416921	-0.398109	-0.396134	-0.405745	-0.441331	-0.488135	-0.530048	-0.569659	-0.599846	-0.612464	-0.602641	-0.572766	-0.523828	-0.441959	-0.328681	-0.198869	-0.0632673	0.0754631	0.214865	0.338068	0.441831	0.531438	
-0.485501	-0.427307	-0.370864	-0.319489	-0.293352	-0.290291	-0.3061	-0.348316	-0.404335	-0.462065	-0.52251	-0.575891	-0.609723	-0.619509	-0.611688	-0.584562	-0.522421	-0.434826	-0.330498	-0.203185	-0.0616845	0.0832586	0.214715	0.328368	0.432281	
-0.417538	-0.356831	-0.303553	-0.264186	-0.245012	-0.241561	-0.253561	-0.285758	-0.334277	-0.392789	-0.456761	-0.517991	-0.566935	-0.594491	-0.604839	-0.600374	-0.562528	-0.501053	-0.431097	-0.332351	-0.206751	-0.071992	0.061346	0.184331	0.302079	
-0.348883	-0.303308	-0.270499	-0.24783	-0.231085	-0.227628	-0.240549	-0.260286	-0.288113	-0.329436	-0.380456	-0.434718	-0.486195	-0.528394	-0.559438	-0.577189	-0.57045	-0.546785	-0.513378	-0.448139	-0.350297	-0.233272	-0.102102	0.0330276	0.167681	
-0.290086	-0.269298	-0.256535	-0.25127	-0.242311	-0.239529	-0.24838	-0.253839	-0.262402	-0.281763	-0.305342	-0.337231	-0.382843	-0.437774	-0.494267	-0.541354	-0.565008	-0.573272	-0.571928	-0.533561	-0.461514	-0.37085	-0.251234	-0.111669	0.0360078	
-0.239734	-0.235076	-0.244077	-0.262401	-0.265188	-0.263482	-0.26563	-0.252399	-0.236919	-0.236603	-0.244686	-0.262376	-0.297689	-0.35401	-0.422079	-0.488779	-0.543077	-0.576939	-0.591973	-0.574943	-0.525838	-0.462186	-0.370683	-0.245945	-0.101596	
-0.206978	-0.213099	-0.234086	-0.26257	-0.273045	-0.274151	-0.27051	-0.246123	-0.219614	-0.208528	-0.207106	-0.219998	-0.251016	-0.299401	-0.35712	-0.415855	-0.480714	-0.540141	-0.573992	-0.576607	-0.55633	-0.521796	-0.461325	-0.367323	-0.242883	
-0.209617	-0.214788	-0.227766	-0.246367	-0.252205	-0.251782	-0.249984	-0.235359	-0.219045	-0.211843	-0.2069	-0.207838	-0.223632	-0.25741	-0.298304	-0.339775	-0.39798	-0.466337	-0.521952	-0.555357	-0.566024	-0.561004	-0.529114	-0.462908	-0.367309	
-0.22722	-0.230519	-0.227367	-0.220519	-0.213065	-0.21131	-0.216834	-0.224788	-0.230032	-0.228799	-0.222197	-0.215198	-0.211623	-0.221431	-0.244154	-0.273029	-0.324314	-0.389678	-0.447926	-0.507738	-0.555629	-0.576429	-0.571029	-0.531771	-0.461776	
-0.238084	-0.234498	-0.216858	-0.195874	-0.188502	-0.18871	-0.191193	-0.207075	-0.228719	-0.238641	-0.234577	-0.22395	-0.212044	-0.203715	-0.206079	-0.22275	-0.264762	-0.324288	-0.37873	-0.443812	-0.517389	-0.564833	-0.579665	-0.566454	-0.524764	
-0.225762	-0.217817	-0.203134	-0.185291	-0.183008	-0.183691	-0.181824	-0.19573	-0.213319	-0.222599	-0.229636	-0.229013	-0.217972	-0.202454	-0.192621	-0.198658	-0.225931	-0.269066	-0.316613	-0.379556	-0.457097	-0.52229	-0.560606	-0.569116	-0.555036	
-0.199981	-0.199975	-0.192995	-0.181424	-0.186851	-0.189884	-0.182075	-0.188508	-0.198481	-0.198614	-0.204581	-0.216825	-0.221535	-0.211847	-0.200399	-0.201572	-0.211709	-0.231155	-0.262419	-0.313328	-0.38173	-0.448408	-0.509715	-0.552411	-0.569216	
-0.177673	-0.177477	-0.18074	-0.184519	-0.194104	-0.196906	-0.187908	-0.181698	-0.178553	-0.176767	-0.18333	-0.198517	-0.217619	-0.224694	-0.218373	-0.214038	-0.204614	-0.199652	-0.219744	-0.259928	-0.315166	-0.376026	-0.443092	-0.513437	-0.565846	
-0.1675	-0.16297	-0.173093	-0.186004	-0.191444	-0.191657	-0.188763	-0.178732	-0.165834	-0.163894	-0.176099	-0.1912	-0.206	-0.218362	-0.223542	-0.223422	-0.20521	-0.182105	-0.191935	-0.225339	-0.268271	-0.322342	-0.385573	-0.460027	-0.533862	
-0.175667	-0.171842	-0.1739	-0.179136	-0.174744	-0.172815	-0.178675	-0.176487	-0.171875	-0.17392	-0.17818	-0.182521	-0.18699	-0.193679	-0.204865	-0.219231	-0.217778	-0.198696	-0.196819	-0.210652	-0.229775	-0.267953	-0.323004	-0.393766	-0.474936	
-0.183245	-0.182941	-0.181218	-0.175945	-0.155435	-0.149887	-0.168841	-0.179565	-0.18232	-0.184919	-0.17721	-0.166551	-0.166406	-0.179816	-0.195069	-0.206589	-0.219203	-0.220298	-0.213839	-0.208002	-0.203151	-0.222024	-0.266577	-0.330299	-0.408699	
-0.181012	-0.177981	-0.172943	-0.167954	-0.156943	-0.154451	-0.164666	-0.170707	-0.175508	-0.181206	-0.176381	-0.164283	-0.157226	-0.171804	-0.196168	-0.199421	-0.204466	-0.222219	-0.221158	-0.205375	-0.192424	-0.19962	-0.235029	-0.289089	-0.354327	
-0.170272	-0.161152	-0.154421	-0.158624	-0.170745	-0.173379	-0.163733	-0.155253	-0.156735	-0.166366	-0.176341	-0.179636	-0.170873	-0.164519	-0.177412	-0.185827	-0.189681	-0.213239	-0.226321	-0.213236	-0.199161	-0.197532	-0.216575	-0.255007	-0.302672	
-0.15684	-0.156718	-0.15514	-0.156292	-0.168967	-0.171823	-0.159725	-0.155429	-0.156359	-0.15569	-0.163064	-0.178719	-0.187326	-0.174561	-0.159618	-0.165248	-0.181526	-0.202362	-0.219752	-0.221939	-0.215407	-0.208505	-0.209771	-0.22536	-0.254019	
-0.158335	-0.16457	-0.159343	-0.152318	-0.160489	-0.164106	-0.153734	-0.155403	-0.164869	-0.161461	-0.15391	-0.160232	-0.180455	-0.184852	-0.164547	-0.158787	-0.177301	-0.19337	-0.201962	-0.214513	-0.225663	-0.222386	-0.214303	-0.210713	-0.2198	
-0.161156	-0.160629	-0.16153	-0.157818	-0.151641	-0.150761	-0.154958	-0.160175	-0.161902	-0.16103	-0.158803	-0.155122	-0.16214	-0.175929	-0.175155	-0.171054	-0.177137	-0.181853	-0.184927	-0.199369	-0.223943	-0.233348	-0.223862	-0.210358	-0.204132	
-0.151769	-0.153333	-0.167447	-0.164822	-0.144293	-0.138567	-0.15702	-0.169359	-0.158885	-0.149682	-0.158468	-0.161916	-0.154823	-0.16299	-0.178718	-0.183967	-0.179192	-0.168787	-0.171504	-0.190295	-0.21571	-0.236644	-0.2334	-0.216216	-0.204884	
-0.153333	-0.153936	-0.153668	-0.152954	-0.153968	-0.154443	-0.154082	-0.15345	-0.153294	-0.152949	-0.157838	-0.164462	-0.15894	-0.156929	-0.172388	-0.183421	-0.176843	-0.164288	-0.169437	-0.191552	-0.210544	-0.229522	-0.234721	-0.219997	-0.211884	
-0.167447	-0.153668	-0.136659	-0.146333	-0.161717	-0.164541	-0.154097	-0.137618	-0.144117	-0.165249	-0.164763	-0.158463	-0.15833	-0.153257	-0.163458	-0.180556	-0.177939	-0.17206	-0.176505	-0.188433	-0.19931	-0.210277	-0.224616	-0.227686	-0.230606	
-0.164822	-0.152954	-0.146333	-0.153645	-0.152049	-0.150016	-0.154142	-0.148593	-0.148176	-0.162096	-0.161837	-0.152761	-0.155635	-0.15759	-0.162146	-0.17365	-0.178647	-0.183315	-0.185251	-0.18222	-0.183649	-0.189556	-0.209723	-0.237152	-0.257196	
-0.144293	-0.153968	-0.161717	-0.152049	-0.147216	-0.147608	-0.148328	-0.158963	-0.159817	-0.146002	-0.147098	-0.15792	-0.164961	-0.171683	-0.164017	-0.15267	-0.165089	-0.186794	-0.195323	-0.189822	-0.183114	-0.184916	-0.200701	-0.236727	-0.268466	
-0.138567	-0.154443	-0.164541	-0.150016	-0.147608	-0.149402	-0.146167	-0.160157	-0.162636	-0.141591	-0.143351	-0.160422	-0.168016	-0.175039	-0.164396	-0.147282	-0.160851	-0.18637	-0.197984	-0.192985	-0.184062	-0.185638	-0.19934	-0.235481	-0.26988	
-0.15702	-0.154082	-0.154097	-0.154142	-0.148328	-0.146167	-0.151979	-0.15485	-0.153474	-0.155893	-0.156399	-0.153404	-0.157417	-0.162871	-0.163517	-0.166671	-0.174561	-0.18528	-0.189402	-0.183998	-0.181375	-0.18561	-0.204445	-0.237771	-0.264643	
-0.169359	-0.15345	-0.137618	-0.148593	-0.158963	-0.160157	-0.15485	-0.13955	-0.143643	-0.166436	-0.165671	-0.155216	-0.156442	-0.154128	-0.162195	-0.178366	-0.179077	-0.177061	-0.179205	-0.185778	-0.19382	-0.200649	-0.218176	-0.231967	-0.241153	
-0.158885	-0.153294	-0.144117	-0.148176	-0.159817	-0.162636	-0.153474	-0.143643	-0.148546	-0.158201	-0.160726	-0.163782	-0.160151	-0.154449	-0.167749	-0.182015	-0.177024	-0.166513	-0.171164	-0.191112	-0.207418	-0.223096	-0.232267	-0.222617	-0.217877	
-0.149682	-0.152949	-0.165249	-0.162096	-0.146002	-0.141591	-0.155893	-0.166436	-0.158201	-0.148651	-0.156521	-0.163531	-0.156413	-0.159948	-0.176949	-0.185547	-0.178786	-0.16557	-0.16971	-0.189581	-0.212524	-0.235522	-0.234972	-0.217563	-0.207442	
-0.158468	-0.157838	-0.164763	-0.161837	-0.147098	-0.143351	-0.156399	-0.165671	-0.160726	-0.156521	-0.159274	-0.15677	-0.157515	-0.170792	-0.177677	-0.177033	-0.177901	-0.176272	-0.179199	-0.194681	-0.220644	-0.23575	-0.228199	-0.212713	-0.202667	
-0.161916	-0.164462	-0.158463	-0.152761	-0.15792	-0.160422	-0.153404	-0.155216	-0.163782	-0.163531	-0.15677	-0.156269	-0.171642	-0.182628	-0.169893	-0.162548	-0.176494	-0.188849	-0.194537	-0.208679	-0.226114	-0.227479	-0.218918	-0.209675	-0.21105	
-0.154823	-0.15894	-0.15833	-0.155635	-0.164961	-0.168016	-0.157417	-0.156442	-0.160151	-0.156413	-0.157515	-0.171642	-0.187438	-0.180721	-0.159828	-0.159833	-0.178826	-0.198799	-0.21369	-0.220836	-0.220844	-0.21418	-0.209913	-0.21708	-0.238182	
-0.16299	-0.156929	-0.153257	-0.15759	-0.171683	-0.175039	-0.162871	-0.154128	-0.154449	-0.159948	-0.170792	-0.182628	-0.180721	-0.166767	-0.167062	-0.177122	-0.186203	-0.20908	-0.225416	-0.217841	-0.205815	-0.200587	-0.211766	-0.242053	-0.28197	
-0.178718	-0.172388	-0.163458	-0.162146	-0.164017	-0.164396	-0.163517	-0.162195	-0.167749	-0.176949	-0.177677	-0.169893	-0.159828	-0.167062	-0.191059	-0.196297	-0.198186	-0.218629	-0.223165	-0.207255	-0.193268	-0.197192	-0.227213	-0.275093	-0.333724	
-0.183967	-0.183421	-0.180556	-0.17365	-0.15267	-0.147282	-0.166671	-0.178366	-0.182015	-0.185547	-0.177033	-0.162548	-0.159833	-0.177122	-0.196297	-0.202645	-0.214155	-0.224036	-0.218349	-0.206454	-0.196778	-0.210118	-0.250371	-0.310991	-0.38582	
-0.179192	-0.176843	-0.177939	-0.178647	-0.165089	-0.160851	-0.174561	-0.179077	-0.177024	-0.178786	-0.177901	-0.176494	-0.178826	-0.186203	-0.198186	-0.214155	-0.22108	-0.209209	-0.203571	-0.208804	-0.21742	-0.246773	-0.298344	-0.367231	-0.447535	
-0.168787	-0.164288	-0.17206	-0.183315	-0.186794	-0.18637	-0.18528	-0.177061	-0.166513	-0.16557	-0.176272	-0.188849	-0.198799	-0.20908	-0.218629	-0.224036	-0.209209	-0.184542	-0.189892	-0.217546	-0.251878	-0.301111	-0.362432	-0.434529	-0.512541	
-0.171504	-0.169437	-0.176505	-0.185251	-0.195323	-0.197984	-0.189402	-0.179205	-0.171164	-0.16971	-0.179199	-0.194537	-0.21369	-0.225416	-0.223165	-0.218349	-0.203571	-0.189892	-0.206087	-0.243876	-0.294077	-0.352806	-0.418767	-0.493387	-0.557411	
-0.190295	-0.191552	-0.188433	-0.18222	-0.189822	-0.192985	-0.183998	-0.185778	-0.191112	-0.189581	-0.194681	-0.208679	-0.220836	-0.217841	-0.207255	-0.206454	-0.208804	-0.217546	-0.243876	-0.29005	-0.352727	-0.417407	-0.483223	-0.539758	-0.570895	
-0.21571	-0.210544	-0.19931	-0.183649	-0.183114	-0.184062	-0.181375	-0.19382	-0.207418	-0.212524	-0.220644	-0.226114	-0.220844	-0.205815	-0.193268	-0.196778	-0.21742	-0.251878	-0.294077	-0.352727	-0.428004	-0.495889	-0.543749	-0.565027	-0.562226	
-0.236644	-0.229522	-0.210277	-0.189556	-0.184916	-0.185638	-0.18561	-0.200649	-0.223096	-0.235522	-0.23575	-0.227479	-0.21418	-0.200587	-0.197192	-0.210118	-0.246773	-0.301111	-0.352806	-0.417407	-0.495889	-0.551551	-0.575162	-0.57098	-0.539933	
-0.2334	-0.234721	-0.224616	-0.209723	-0.200701	-0.19934	-0.204445	-0.218176	-0.232267	-0.234972	-0.228199	-0.218918	-0.209913	-0.211766	-0.227213	-0.250371	-0.298344	-0.362432	-0.418767	-0.483223	-0.543749	-0.575162	-0.578553	-0.549214	-0.490991	
-0.216216	-0.219997	-0.227686	-0.237152	-0.236727	-0.235481	-0.237771	-0.231967	-0.222617	-0.217563	-0.212713	-0.209675	-0.21708	-0.242053	-0.275093	-0.310991	-0.367231	-0.434529	-0.493387	-0.539758	-0.565027	-0.57098	-0.549214	-0.493477	-0.409183	
-0.204884	-0.211884	-0.230606	-0.257196	-0.268466	-0.26988	-0.264643	-0.241153	-0.217877	-0.207442	-0.202667	-0.21105	-0.238182	-0.28197	-0.333724	-0.38582	-0.447535	-0.512541	-0.557411	-0.570895	-0.562226	-0.539933	-0.490991	-0.409183	-0.295679	
