0.222058	0.360146	0.465814	0.525306	0.55215	0.556505	0.538887	0.494736	0.408186	0.278929	0.131868	-0.0185751	-0.15272	-0.242867	-0.276723	-0.259669	-0.195409	-0.0989906	0.0032141	0.0861136	0.130325	0.143492	0.137896	0.121631	0.0826603	
0.146279	0.281695	0.393138	0.462102	0.491809	0.496809	0.477469	0.426172	0.331545	0.200653	0.0640697	-0.069217	-0.172368	-0.232631	-0.23688	-0.193037	-0.114313	-0.0140981	0.0843395	0.14682	0.159834	0.134213	0.0991533	0.0647737	0.00512209	
0.0593369	0.167712	0.265781	0.332416	0.364195	0.369644	0.348779	0.296995	0.209693	0.1028	-0.00415706	-0.0980976	-0.162218	-0.186968	-0.162302	-0.0907567	0.00323303	0.100567	0.18141	0.220921	0.206924	0.152449	0.0923042	0.0346115	-0.0407473	
-0.0327175	0.0341469	0.100124	0.153813	0.185473	0.190539	0.169574	0.123721	0.0612335	-0.00621272	-0.0685754	-0.112333	-0.131838	-0.11652	-0.0648859	0.0215761	0.123229	0.214116	0.277238	0.293191	0.254853	0.182963	0.105919	0.0275176	-0.0569221	
-0.141995	-0.122719	-0.093147	-0.0591842	-0.0319836	-0.0287873	-0.0458964	-0.0797194	-0.111882	-0.135848	-0.145702	-0.131291	-0.0990503	-0.0398929	0.0394078	0.131181	0.224836	0.30539	0.35514	0.357168	0.296938	0.212325	0.127341	0.0395997	-0.0497784	
-0.256571	-0.285388	-0.292087	-0.285427	-0.270469	-0.266439	-0.279729	-0.290568	-0.290485	-0.2711	-0.227544	-0.158672	-0.0742823	0.0237369	0.125062	0.221823	0.306871	0.374198	0.40967	0.397756	0.330785	0.234659	0.13777	0.0459383	-0.049196	
-0.360413	-0.431762	-0.472182	-0.494786	-0.494738	-0.491487	-0.497274	-0.48363	-0.450564	-0.393306	-0.304316	-0.192588	-0.0641896	0.072359	0.194323	0.297439	0.378143	0.429325	0.440499	0.407347	0.332214	0.231995	0.12879	0.0287885	-0.0700586	
-0.440111	-0.540105	-0.61144	-0.658863	-0.681714	-0.685487	-0.670921	-0.633236	-0.571986	-0.483579	-0.365737	-0.218398	-0.0581401	0.10448	0.246303	0.352425	0.426719	0.463767	0.448324	0.391874	0.301362	0.195037	0.0933153	-0.0129841	-0.11552	
-0.494232	-0.60985	-0.696867	-0.764291	-0.806818	-0.814198	-0.784927	-0.726457	-0.6472	-0.544849	-0.404713	-0.232476	-0.0493886	0.126186	0.271612	0.376555	0.446322	0.464901	0.432599	0.358227	0.251777	0.139539	0.0384941	-0.0626822	-0.15492	
-0.50779	-0.632544	-0.727956	-0.800678	-0.845486	-0.852744	-0.822266	-0.760045	-0.673609	-0.562667	-0.411826	-0.2322	-0.0433586	0.128394	0.267256	0.364454	0.424634	0.429715	0.386554	0.302681	0.189855	0.075759	-0.0201997	-0.106365	-0.178171	
-0.482418	-0.609685	-0.704053	-0.771328	-0.808232	-0.812702	-0.78995	-0.734631	-0.650024	-0.538859	-0.386555	-0.216044	-0.0425757	0.112836	0.240984	0.326151	0.367405	0.360362	0.311743	0.22748	0.123248	0.0185071	-0.0672744	-0.136714	-0.184903	
-0.427941	-0.544741	-0.629395	-0.68923	-0.719947	-0.723259	-0.705962	-0.656268	-0.581547	-0.479371	-0.341443	-0.187569	-0.0377643	0.0941663	0.203149	0.269466	0.286532	0.261608	0.208711	0.127157	0.0352131	-0.051492	-0.112881	-0.153029	-0.163925	
-0.356565	-0.456836	-0.535644	-0.587673	-0.610675	-0.613049	-0.600291	-0.560302	-0.490343	-0.400266	-0.282993	-0.155621	-0.0313596	0.0760374	0.158371	0.191876	0.182589	0.13853	0.0780023	0.00640896	-0.0717483	-0.129001	-0.148603	-0.140703	-0.112294	
-0.28206	-0.370354	-0.44081	-0.483072	-0.498601	-0.500019	-0.491867	-0.460989	-0.401557	-0.31793	-0.227316	-0.133045	-0.0444222	0.0357947	0.0892553	0.09463	0.0577949	-0.0035486	-0.0673642	-0.123244	-0.169301	-0.187231	-0.160237	-0.104439	-0.0411668	
-0.241996	-0.305359	-0.35423	-0.387434	-0.403539	-0.405066	-0.396225	-0.36965	-0.326449	-0.268728	-0.202343	-0.140089	-0.0818344	-0.0308636	-0.00411153	-0.0167791	-0.0673796	-0.141632	-0.202616	-0.232013	-0.237102	-0.206378	-0.13526	-0.0407882	0.0497627	
-0.211179	-0.247679	-0.282514	-0.317886	-0.343374	-0.34782	-0.330525	-0.296859	-0.26163	-0.225894	-0.188762	-0.150316	-0.118099	-0.102554	-0.109087	-0.14037	-0.191504	-0.255377	-0.300526	-0.300009	-0.262401	-0.185047	-0.0737258	0.0464635	0.151454	
-0.164313	-0.186887	-0.219487	-0.263917	-0.295129	-0.300208	-0.279549	-0.237356	-0.198073	-0.1725	-0.153443	-0.138099	-0.138965	-0.155666	-0.192285	-0.240463	-0.289362	-0.334579	-0.356333	-0.32975	-0.257873	-0.145364	-0.00434297	0.13083	0.243538	
-0.115006	-0.130768	-0.164305	-0.213555	-0.24901	-0.255132	-0.230964	-0.183357	-0.141517	-0.120811	-0.107373	-0.110831	-0.140895	-0.186008	-0.23392	-0.286027	-0.331726	-0.363921	-0.362545	-0.311098	-0.217021	-0.0889137	0.0578561	0.195793	0.307641	
-0.0745553	-0.0884987	-0.121902	-0.174674	-0.213913	-0.220445	-0.193508	-0.142009	-0.0985863	-0.0794913	-0.0697136	-0.0798176	-0.122574	-0.180212	-0.235949	-0.2876	-0.32668	-0.34781	-0.330939	-0.258314	-0.145647	-0.0187467	0.116144	0.238933	0.337173	
-0.0397247	-0.0622301	-0.103027	-0.154187	-0.18795	-0.192873	-0.170888	-0.123982	-0.075761	-0.0469289	-0.0352943	-0.050381	-0.089881	-0.141693	-0.203037	-0.260628	-0.297468	-0.309964	-0.284937	-0.204742	-0.0826143	0.0383498	0.151308	0.249003	0.323592	
-0.0117965	-0.0482031	-0.100188	-0.14472	-0.169458	-0.173618	-0.157594	-0.11961	-0.0684668	-0.0230942	-0.00458887	-0.0244879	-0.0602943	-0.100267	-0.150007	-0.207731	-0.249712	-0.260445	-0.233412	-0.160757	-0.0498804	0.0585216	0.14819	0.215148	0.264161	
0.0129275	-0.0263249	-0.0795495	-0.121642	-0.144227	-0.147644	-0.133244	-0.0989477	-0.0471444	0.000206401	0.0191274	-0.000363174	-0.0354788	-0.0674455	-0.101464	-0.146732	-0.190881	-0.208679	-0.186992	-0.131456	-0.0512756	0.0331145	0.0963494	0.131125	0.156917	
0.0428159	0.0166279	-0.0298645	-0.0686123	-0.0889123	-0.0923129	-0.0786958	-0.0469168	-0.00158128	0.0372486	0.0404521	0.0204462	-0.0076945	-0.0369245	-0.0650549	-0.0946687	-0.132245	-0.156608	-0.151808	-0.126298	-0.0808716	-0.0288408	0.00768383	0.0169496	0.0201798	
0.073723	0.0668573	0.0408816	0.0211589	0.0103933	0.00842016	0.0163021	0.0311663	0.0575117	0.0748646	0.0645592	0.0379736	0.0181693	-0.00383395	-0.028402	-0.0534627	-0.0812493	-0.110032	-0.131622	-0.138238	-0.127155	-0.101586	-0.0984471	-0.117075	-0.138858	
0.112122	0.125091	0.133601	0.144004	0.143836	0.142056	0.145229	0.138321	0.127473	0.120062	0.0941446	0.0650553	0.0417994	0.0229435	0.00114737	-0.0255892	-0.0573528	-0.0907559	-0.130078	-0.165898	-0.176684	-0.180106	-0.212466	-0.262216	-0.30525	
0.155505	0.199353	0.243602	0.278614	0.289533	0.288864	0.286014	0.259892	0.216744	0.172865	0.129354	0.0889974	0.05461	0.0239997	-0.00198905	-0.0275975	-0.0602149	-0.0977699	-0.143582	-0.193498	-0.231224	-0.261284	-0.324882	-0.401859	-0.462809	
0.199353	0.279333	0.351728	0.409779	0.436431	0.438621	0.424498	0.37801	0.308409	0.23187	0.153073	0.0885781	0.036388	-0.0114201	-0.0414757	-0.0558093	-0.0760484	-0.11227	-0.16312	-0.223313	-0.282889	-0.341396	-0.421352	-0.510923	-0.587648	
0.243602	0.351728	0.449234	0.527943	0.573633	0.580589	0.551248	0.483454	0.392276	0.288322	0.175765	0.0752669	-0.00456099	-0.0622357	-0.0958371	-0.101989	-0.110669	-0.145285	-0.197258	-0.256102	-0.324327	-0.40477	-0.496836	-0.592712	-0.678495	
0.278614	0.409779	0.527943	0.62917	0.693322	0.703716	0.660982	0.571781	0.458363	0.332953	0.197345	0.0668853	-0.0367018	-0.104594	-0.138741	-0.149723	-0.16364	-0.19627	-0.243357	-0.295198	-0.356689	-0.442401	-0.545985	-0.649222	-0.742789	
0.289533	0.436431	0.573633	0.693322	0.77347	0.787241	0.731609	0.62443	0.49269	0.348695	0.201298	0.0613296	-0.0546295	-0.12697	-0.161307	-0.180002	-0.202577	-0.233653	-0.27578	-0.32367	-0.376643	-0.456703	-0.565041	-0.67799	-0.777068	
0.288864	0.438621	0.580589	0.703716	0.787241	0.801649	0.742995	0.63321	0.497203	0.348939	0.199725	0.0597146	-0.0579321	-0.130134	-0.164838	-0.184471	-0.208688	-0.239593	-0.280632	-0.328892	-0.37945	-0.458017	-0.566975	-0.681205	-0.781109	
0.286014	0.424498	0.551248	0.660982	0.731609	0.742995	0.695115	0.598687	0.476435	0.342662	0.201114	0.0647984	-0.0453118	-0.115953	-0.150657	-0.165052	-0.182741	-0.21445	-0.25952	-0.309507	-0.366583	-0.450433	-0.556886	-0.664692	-0.760378	
0.259892	0.37801	0.483454	0.571781	0.62443	0.63321	0.598687	0.52139	0.421854	0.308546	0.186072	0.0710345	-0.0191049	-0.0815092	-0.114898	-0.122204	-0.131139	-0.164768	-0.215963	-0.271416	-0.338516	-0.422807	-0.520449	-0.61844	-0.707704	
0.216744	0.308409	0.392276	0.458363	0.49269	0.497203	0.476435	0.421854	0.342261	0.254888	0.161025	0.0834068	0.0207492	-0.0312303	-0.063443	-0.0719419	-0.0868229	-0.122784	-0.174026	-0.235833	-0.300257	-0.369714	-0.453911	-0.546211	-0.62671	
0.172865	0.23187	0.288322	0.332953	0.348695	0.348939	0.342662	0.308546	0.254888	0.196024	0.140485	0.0921372	0.0524033	0.0134392	-0.0144687	-0.036525	-0.065668	-0.103128	-0.150757	-0.204967	-0.253311	-0.293665	-0.365737	-0.45001	-0.518105	
0.129354	0.153073	0.175765	0.197345	0.201298	0.199725	0.201114	0.186072	0.161025	0.140485	0.108206	0.076377	0.0492854	0.0274054	0.00536251	-0.0220772	-0.0560578	-0.0911854	-0.134274	-0.17751	-0.198355	-0.212845	-0.258538	-0.319828	-0.370115	
0.0889974	0.0885781	0.0752669	0.0668853	0.0613296	0.0597146	0.0647984	0.0710345	0.0834068	0.0921372	0.076377	0.0475533	0.0269912	0.00854149	-0.014797	-0.0396964	-0.0677971	-0.0984922	-0.128439	-0.148064	-0.146261	-0.13238	-0.143829	-0.174719	-0.205144	
0.05461	0.036388	-0.00456099	-0.0367018	-0.0546295	-0.0579321	-0.0453118	-0.0191049	0.0207492	0.0524033	0.0492854	0.0269912	0.00325808	-0.0243468	-0.0503725	-0.0770104	-0.109922	-0.135815	-0.141845	-0.128953	-0.0980349	-0.0574101	-0.0332233	-0.0342151	-0.0414464	
0.0239997	-0.0114201	-0.0622357	-0.104594	-0.12697	-0.130134	-0.115953	-0.0815092	-0.0312303	0.0134392	0.0274054	0.00854149	-0.0243468	-0.0551429	-0.0863717	-0.124576	-0.167263	-0.188227	-0.171368	-0.126583	-0.0606272	0.010822	0.0639589	0.0877584	0.10483	
-0.00198905	-0.0414757	-0.0958371	-0.138741	-0.161307	-0.164838	-0.150657	-0.114898	-0.063443	-0.0144687	0.00536251	-0.014797	-0.0503725	-0.0863717	-0.129323	-0.182662	-0.226668	-0.23965	-0.213531	-0.147175	-0.0460438	0.0543852	0.133645	0.186874	0.226717	
-0.0275975	-0.0558093	-0.101989	-0.149723	-0.180002	-0.184471	-0.165052	-0.122204	-0.0719419	-0.036525	-0.0220772	-0.0396964	-0.0770104	-0.124576	-0.182662	-0.242139	-0.280109	-0.290821	-0.265086	-0.185812	-0.0655775	0.0515949	0.155422	0.24074	0.305347	
-0.0602149	-0.0760484	-0.110669	-0.16364	-0.202577	-0.208688	-0.182741	-0.131139	-0.0868229	-0.065668	-0.0560578	-0.0677971	-0.109922	-0.167263	-0.226668	-0.280109	-0.317521	-0.334181	-0.31321	-0.236128	-0.117341	0.00689147	0.133985	0.248233	0.337339	
-0.0977699	-0.11227	-0.145285	-0.19627	-0.233653	-0.239593	-0.21445	-0.164768	-0.122784	-0.103128	-0.0911854	-0.0984922	-0.135815	-0.188227	-0.23965	-0.290821	-0.334181	-0.361736	-0.352742	-0.292323	-0.190117	-0.0609529	0.0827089	0.215562	0.323669	
-0.143582	-0.16312	-0.197258	-0.243357	-0.27578	-0.280632	-0.25952	-0.215963	-0.174026	-0.150757	-0.134274	-0.128439	-0.141845	-0.171368	-0.213531	-0.265086	-0.31321	-0.352742	-0.365047	-0.328281	-0.24645	-0.125006	0.0208942	0.159684	0.273232	
-0.193498	-0.223313	-0.256102	-0.295198	-0.32367	-0.328892	-0.309507	-0.271416	-0.235833	-0.204967	-0.17751	-0.148064	-0.128953	-0.126583	-0.147175	-0.185812	-0.236128	-0.292323	-0.328281	-0.316701	-0.264105	-0.171112	-0.0459698	0.0814158	0.190332	
-0.231224	-0.282889	-0.324327	-0.356689	-0.376643	-0.37945	-0.366583	-0.338516	-0.300257	-0.253311	-0.198355	-0.146261	-0.0980349	-0.0606272	-0.0460438	-0.0655775	-0.117341	-0.190117	-0.24645	-0.264105	-0.252033	-0.201246	-0.113032	-0.00691202	0.0911566	
-0.261284	-0.341396	-0.40477	-0.442401	-0.456703	-0.458017	-0.450433	-0.422807	-0.369714	-0.293665	-0.212845	-0.13238	-0.0574101	0.010822	0.0543852	0.0515949	0.00689147	-0.0609529	-0.125006	-0.171112	-0.201246	-0.200256	-0.155691	-0.0827549	-0.00793947	
-0.324882	-0.421352	-0.496836	-0.545985	-0.565041	-0.566975	-0.556886	-0.520449	-0.453911	-0.365737	-0.258538	-0.143829	-0.0332233	0.0639589	0.133645	0.155422	0.133985	0.0827089	0.0208942	-0.0459698	-0.113032	-0.155691	-0.156985	-0.12913	-0.0854427	
-0.401859	-0.510923	-0.592712	-0.649222	-0.67799	-0.681205	-0.664692	-0.61844	-0.546211	-0.45001	-0.319828	-0.174719	-0.0342151	0.0877584	0.186874	0.24074	0.248233	0.215562	0.159684	0.0814158	-0.00691202	-0.0827549	-0.12913	-0.151261	-0.146159	
-0.462809	-0.587648	-0.678495	-0.742789	-0.777068	-0.781109	-0.760378	-0.707704	-0.62671	-0.518105	-0.370115	-0.205144	-0.0414464	0.10483	0.226717	0.305347	0.337339	0.323669	0.273232	0.190332	0.0911566	-0.00793947	-0.0854427	-0.146159	-0.181064	
