0.181731	0.274381	0.374182	0.463251	0.52106	0.555814	0.564844	0.53677	0.47921	0.383816	0.234128	0.0482592	-0.127677	-0.255139	-0.331678	-0.363772	-0.375287	-0.385992	-0.393868	-0.393259	-0.367048	-0.330142	-0.297892	-0.272635	-0.248424	
0.274381	0.35704	0.443395	0.528023	0.590005	0.627831	0.627139	0.583894	0.511832	0.405046	0.251111	0.0773076	-0.0849135	-0.203289	-0.279012	-0.320075	-0.352663	-0.393605	-0.434098	-0.463945	-0.477707	-0.484152	-0.491	-0.491044	-0.486784	
0.374182	0.443395	0.516407	0.596866	0.658892	0.687227	0.669984	0.608703	0.518317	0.397747	0.248789	0.0924792	-0.052729	-0.157396	-0.222096	-0.262748	-0.303773	-0.36766	-0.436262	-0.496127	-0.55141	-0.603291	-0.64849	-0.681461	-0.699431	
0.463251	0.528023	0.596866	0.667825	0.711491	0.716077	0.673315	0.586335	0.47584	0.347483	0.210049	0.0738949	-0.0495186	-0.136509	-0.18304	-0.210088	-0.248168	-0.316355	-0.405872	-0.498464	-0.590104	-0.681415	-0.763861	-0.825016	-0.863607	
0.52106	0.590005	0.658892	0.711491	0.726028	0.704251	0.630264	0.513919	0.388183	0.258772	0.137121	0.0195661	-0.0800289	-0.143838	-0.173745	-0.186017	-0.20771	-0.268037	-0.366021	-0.479586	-0.594501	-0.710795	-0.816668	-0.895188	-0.943926	
0.555814	0.627831	0.687227	0.716077	0.704251	0.653506	0.54965	0.411173	0.279054	0.152515	0.03908	-0.0607134	-0.134735	-0.177837	-0.193244	-0.191814	-0.196538	-0.241048	-0.331341	-0.44666	-0.567553	-0.692375	-0.80565	-0.890174	-0.934666	
0.564844	0.627139	0.669984	0.673315	0.630264	0.54965	0.429945	0.291828	0.164341	0.0421682	-0.0655703	-0.151037	-0.20669	-0.236464	-0.24082	-0.226237	-0.219802	-0.247987	-0.316396	-0.417455	-0.529517	-0.644302	-0.745472	-0.817155	-0.845694	
0.53677	0.583894	0.608703	0.586335	0.513919	0.411173	0.291828	0.163647	0.0385541	-0.0788853	-0.178591	-0.250228	-0.298432	-0.317669	-0.306577	-0.282919	-0.271163	-0.28273	-0.329397	-0.408979	-0.500678	-0.58754	-0.653703	-0.688493	-0.691959	
0.47921	0.511832	0.518317	0.47584	0.388183	0.279054	0.164341	0.0385541	-0.0913907	-0.204385	-0.296582	-0.36662	-0.411572	-0.417664	-0.392082	-0.360556	-0.336112	-0.329706	-0.353472	-0.408368	-0.471861	-0.519732	-0.540784	-0.533376	-0.50269	
0.383816	0.405046	0.397747	0.347483	0.258772	0.152515	0.0421682	-0.0788853	-0.204385	-0.309334	-0.40663	-0.483512	-0.527487	-0.525821	-0.495582	-0.454342	-0.411951	-0.38283	-0.38527	-0.410476	-0.435676	-0.439261	-0.418568	-0.369977	-0.302785	
0.234128	0.251111	0.248789	0.210049	0.137121	0.03908	-0.0655703	-0.178591	-0.296582	-0.40663	-0.510102	-0.588288	-0.627355	-0.624541	-0.595099	-0.549743	-0.494401	-0.449643	-0.434088	-0.426767	-0.404934	-0.367455	-0.311381	-0.226187	-0.126297	
0.0482592	0.0773076	0.0924792	0.0738949	0.0195661	-0.0607134	-0.151037	-0.250228	-0.36662	-0.483512	-0.588288	-0.666836	-0.707567	-0.706752	-0.68094	-0.632811	-0.570897	-0.519364	-0.486088	-0.448366	-0.394878	-0.321671	-0.232662	-0.11834	0.0198719	
-0.127677	-0.0849135	-0.052729	-0.0495186	-0.0800289	-0.134735	-0.20669	-0.298432	-0.411572	-0.527487	-0.627355	-0.707567	-0.752201	-0.757558	-0.739288	-0.698757	-0.644118	-0.586161	-0.531966	-0.475302	-0.394743	-0.294381	-0.170838	-0.02159	0.1469	
-0.255139	-0.203289	-0.157396	-0.136509	-0.143838	-0.177837	-0.236464	-0.317669	-0.417664	-0.525821	-0.624541	-0.706752	-0.757558	-0.772037	-0.769989	-0.745312	-0.699837	-0.637401	-0.569028	-0.494668	-0.395168	-0.266208	-0.106002	0.0779198	0.269682	
-0.331678	-0.279012	-0.222096	-0.18304	-0.173745	-0.193244	-0.24082	-0.306577	-0.392082	-0.495582	-0.595099	-0.68094	-0.739288	-0.769989	-0.783456	-0.763004	-0.714363	-0.648883	-0.569508	-0.47903	-0.360784	-0.211279	-0.026936	0.176129	0.376406	
-0.363772	-0.320075	-0.262748	-0.210088	-0.186017	-0.191814	-0.226237	-0.282919	-0.360556	-0.454342	-0.549743	-0.632811	-0.698757	-0.745312	-0.763004	-0.730955	-0.674527	-0.60763	-0.520003	-0.414482	-0.277381	-0.114161	0.0771804	0.279726	0.472781	
-0.375287	-0.352663	-0.303773	-0.248168	-0.20771	-0.196538	-0.219802	-0.271163	-0.336112	-0.411951	-0.494401	-0.570897	-0.644118	-0.699837	-0.714363	-0.674527	-0.610551	-0.534207	-0.435611	-0.309925	-0.158551	0.0117101	0.194806	0.378352	0.547949	
-0.385992	-0.393605	-0.36766	-0.316355	-0.268037	-0.241048	-0.247987	-0.28273	-0.329706	-0.38283	-0.449643	-0.519364	-0.586161	-0.637401	-0.648883	-0.60763	-0.534207	-0.444372	-0.328175	-0.187905	-0.0321576	0.135131	0.300448	0.452572	0.594051	
-0.393868	-0.434098	-0.436262	-0.405872	-0.366021	-0.331341	-0.316396	-0.329397	-0.353472	-0.38527	-0.434088	-0.486088	-0.531966	-0.569028	-0.569508	-0.520003	-0.435611	-0.328175	-0.201331	-0.0604988	0.0887585	0.239731	0.379805	0.50179	0.607834	
-0.393259	-0.463945	-0.496127	-0.498464	-0.479586	-0.44666	-0.417455	-0.408979	-0.408368	-0.410476	-0.426767	-0.448366	-0.475302	-0.494668	-0.47903	-0.414482	-0.309925	-0.187905	-0.0604988	0.0760147	0.206856	0.336496	0.450966	0.540268	0.607737	
-0.367048	-0.477707	-0.55141	-0.590104	-0.594501	-0.567553	-0.529517	-0.500678	-0.471861	-0.435676	-0.404934	-0.394878	-0.394743	-0.395168	-0.360784	-0.277381	-0.158551	-0.0321576	0.0887585	0.206856	0.320975	0.428527	0.518109	0.578621	0.609118	
-0.330142	-0.484152	-0.603291	-0.681415	-0.710795	-0.692375	-0.644302	-0.58754	-0.519732	-0.439261	-0.367455	-0.321671	-0.294381	-0.266208	-0.211279	-0.114161	0.0117101	0.135131	0.239731	0.336496	0.428527	0.507672	0.56375	0.591526	0.593204	
-0.297892	-0.491	-0.64849	-0.763861	-0.816668	-0.80565	-0.745472	-0.653703	-0.540784	-0.418568	-0.311381	-0.232662	-0.170838	-0.106002	-0.026936	0.0771804	0.194806	0.300448	0.379805	0.450966	0.518109	0.56375	0.580095	0.575768	0.553832	
-0.272635	-0.491044	-0.681461	-0.825016	-0.895188	-0.890174	-0.817155	-0.688493	-0.533376	-0.369977	-0.226187	-0.11834	-0.02159	0.0779198	0.176129	0.279726	0.378352	0.452572	0.50179	0.540268	0.578621	0.591526	0.575768	0.541419	0.494396	
-0.248424	-0.486784	-0.699431	-0.863607	-0.943926	-0.934666	-0.845694	-0.691959	-0.50269	-0.302785	-0.126297	0.0198719	0.1469	0.269682	0.376406	0.472781	0.547949	0.594051	0.607834	0.607737	0.609118	0.593204	0.553832	0.494396	0.415229	
-0.231886	-0.477734	-0.705579	-0.881421	-0.96167	-0.940537	-0.831867	-0.655977	-0.448642	-0.227246	-0.0200752	0.162649	0.320851	0.460084	0.567135	0.651693	0.707814	0.72471	0.704034	0.663698	0.624838	0.580473	0.522328	0.442021	0.339543	
-0.23516	-0.472859	-0.695585	-0.866957	-0.942466	-0.910567	-0.784676	-0.592849	-0.372438	-0.139149	0.0880698	0.295747	0.481225	0.630938	0.737871	0.81152	0.84206	0.827189	0.775669	0.704125	0.634041	0.561399	0.48185	0.388598	0.277642	
-0.26632	-0.487577	-0.68893	-0.838121	-0.904334	-0.866024	-0.730043	-0.525874	-0.287606	-0.0406393	0.193076	0.414849	0.60929	0.766273	0.87347	0.931429	0.932343	0.882745	0.803704	0.716487	0.626376	0.534822	0.439934	0.338558	0.228981	
-0.306919	-0.514717	-0.69194	-0.814496	-0.86449	-0.822216	-0.682458	-0.467855	-0.213544	0.0441798	0.283827	0.502331	0.701443	0.857067	0.960676	1.00502	0.980489	0.902372	0.802304	0.698739	0.595852	0.499004	0.402373	0.297586	0.185458	
-0.339268	-0.538604	-0.701202	-0.801618	-0.836877	-0.788733	-0.646536	-0.429027	-0.167742	0.0940736	0.333881	0.55228	0.750701	0.904262	1.00349	1.03785	1.00211	0.910991	0.795595	0.677554	0.564875	0.469951	0.380228	0.27256	0.15245	
-0.345526	-0.544901	-0.703188	-0.799192	-0.832578	-0.782186	-0.638565	-0.422571	-0.159832	0.10355	0.341675	0.561686	0.759801	0.912298	1.01003	1.04354	1.00565	0.913003	0.794636	0.673417	0.558195	0.465352	0.376826	0.268614	0.147069	
-0.322219	-0.524694	-0.69541	-0.808019	-0.850765	-0.806823	-0.666017	-0.44871	-0.191211	0.0685314	0.309175	0.526947	0.725696	0.880564	0.982548	1.02187	0.992183	0.906637	0.798979	0.689032	0.582129	0.485398	0.391417	0.284726	0.169723	
-0.282331	-0.497873	-0.688657	-0.827198	-0.887362	-0.84792	-0.709716	-0.501477	-0.255617	-0.00358927	0.233426	0.454016	0.651559	0.808002	0.914464	0.966685	0.95547	0.89296	0.804842	0.711323	0.616273	0.520915	0.423521	0.320842	0.210854	
-0.24547	-0.47649	-0.692448	-0.856424	-0.928684	-0.893893	-0.762391	-0.56543	-0.338677	-0.0994173	0.130212	0.346283	0.535845	0.690032	0.797584	0.864513	0.883834	0.854966	0.79209	0.713935	0.63389	0.55209	0.465218	0.367633	0.257598	
-0.2295	-0.473838	-0.70193	-0.878501	-0.957306	-0.931325	-0.815356	-0.632426	-0.420415	-0.194433	0.0233282	0.216801	0.388529	0.532158	0.638823	0.719414	0.765935	0.770939	0.737612	0.682196	0.629242	0.572967	0.506639	0.420891	0.312591	
-0.24109	-0.48414	-0.704887	-0.874542	-0.955739	-0.94244	-0.845402	-0.682162	-0.48417	-0.27375	-0.0844831	0.0778631	0.216796	0.346784	0.453903	0.545037	0.613255	0.648229	0.647705	0.631334	0.616298	0.589372	0.542819	0.473953	0.383447	
-0.262144	-0.490097	-0.68957	-0.842292	-0.918135	-0.912311	-0.83394	-0.694457	-0.523698	-0.344018	-0.187394	-0.0647783	0.0442626	0.154435	0.257075	0.359062	0.447708	0.510004	0.545369	0.569036	0.59317	0.595061	0.56825	0.52325	0.464263	
-0.287184	-0.491428	-0.664027	-0.791458	-0.851833	-0.843572	-0.778917	-0.670812	-0.540873	-0.402625	-0.280297	-0.19073	-0.114692	-0.0342593	0.0539166	0.15852	0.269485	0.363039	0.430866	0.490359	0.547187	0.578519	0.580449	0.563684	0.532221	
-0.31638	-0.487451	-0.621919	-0.71592	-0.756171	-0.740455	-0.687205	-0.617906	-0.531432	-0.433646	-0.347753	-0.287908	-0.247419	-0.205891	-0.141436	-0.0402896	0.0836207	0.201845	0.297721	0.384964	0.466998	0.533552	0.573198	0.588094	0.580536	
-0.352131	-0.48024	-0.572688	-0.627151	-0.640801	-0.617362	-0.575981	-0.536437	-0.493935	-0.440498	-0.392197	-0.36733	-0.357177	-0.34698	-0.305101	-0.215479	-0.0923559	0.0341277	0.149085	0.259145	0.364806	0.46208	0.540058	0.587919	0.605416	
-0.385861	-0.471498	-0.518836	-0.53485	-0.525608	-0.494536	-0.462019	-0.445935	-0.433927	-0.42167	-0.419205	-0.429122	-0.445335	-0.458492	-0.436021	-0.363395	-0.252062	-0.126843	-0.000704701	0.129086	0.253238	0.374273	0.479164	0.557202	0.608598	
-0.395534	-0.447483	-0.461223	-0.44375	-0.410468	-0.376175	-0.353604	-0.358052	-0.372745	-0.393602	-0.432776	-0.473237	-0.511396	-0.54103	-0.535085	-0.480754	-0.388873	-0.274478	-0.146739	-0.006208	0.136301	0.278677	0.408271	0.516878	0.608021	
-0.389822	-0.410426	-0.395165	-0.350321	-0.30395	-0.272522	-0.271209	-0.297109	-0.33491	-0.3799	-0.439726	-0.504544	-0.563632	-0.609664	-0.61847	-0.57501	-0.498422	-0.401842	-0.279863	-0.137875	0.0169264	0.179103	0.334359	0.474529	0.602859	
-0.379579	-0.368537	-0.327739	-0.271905	-0.226537	-0.208973	-0.225948	-0.271903	-0.331086	-0.397298	-0.473796	-0.548	-0.620709	-0.676625	-0.690074	-0.649655	-0.581826	-0.500458	-0.395143	-0.261925	-0.107176	0.0630124	0.240097	0.411285	0.569939	
-0.369264	-0.332186	-0.276798	-0.222096	-0.191136	-0.190381	-0.220587	-0.276028	-0.349279	-0.436943	-0.528098	-0.608197	-0.677672	-0.729607	-0.745944	-0.709415	-0.649748	-0.580456	-0.48941	-0.376596	-0.233085	-0.0657044	0.123965	0.32097	0.506187	
-0.349108	-0.298585	-0.240575	-0.194888	-0.180106	-0.194485	-0.236553	-0.296981	-0.379303	-0.479523	-0.578199	-0.663975	-0.725722	-0.762729	-0.779959	-0.756103	-0.703841	-0.638309	-0.555486	-0.458582	-0.333034	-0.17717	0.0122878	0.217433	0.416565	
-0.29201	-0.237863	-0.18661	-0.158591	-0.159519	-0.186844	-0.241003	-0.316613	-0.410015	-0.51556	-0.615554	-0.699081	-0.752523	-0.773294	-0.77753	-0.757292	-0.712192	-0.648315	-0.575068	-0.494349	-0.38759	-0.249141	-0.0772499	0.116958	0.314673	
-0.185362	-0.138651	-0.100936	-0.0900862	-0.109838	-0.155618	-0.22104	-0.309514	-0.419265	-0.532322	-0.630682	-0.711404	-0.758542	-0.766521	-0.753951	-0.720175	-0.669583	-0.609365	-0.548572	-0.484578	-0.396093	-0.284214	-0.145894	0.0177089	0.196822	
-0.0259904	0.00902606	0.0311456	0.0219097	-0.0240502	-0.0939978	-0.177037	-0.272651	-0.388277	-0.506108	-0.609082	-0.687666	-0.730353	-0.731692	-0.708322	-0.661383	-0.600846	-0.546739	-0.505184	-0.45882	-0.394799	-0.309236	-0.207055	-0.0796796	0.0721052	
0.162013	0.18195	0.18617	0.154888	0.0898618	-0.00271574	-0.102873	-0.210252	-0.327608	-0.440612	-0.546033	-0.623635	-0.661937	-0.660103	-0.631691	-0.584703	-0.526238	-0.477445	-0.455685	-0.435002	-0.398244	-0.345828	-0.276374	-0.179145	-0.0652032	
