0.713983	0.816627	0.911574	0.98121	1.02762	1.03693	1.00307	0.942142	0.856765	0.754737	0.656446	0.578334	0.530419	0.497828	0.466406	0.42309	0.345173	0.239405	0.120283	-0.0119648	-0.13829	-0.237683	-0.300946	-0.335726	-0.349152	
0.757108	0.866681	0.970042	1.05325	1.10675	1.11724	1.07905	1.00647	0.909984	0.800186	0.697097	0.612558	0.551856	0.509735	0.473683	0.419998	0.338287	0.232506	0.106225	-0.0361314	-0.178536	-0.301107	-0.38711	-0.443186	-0.476552	
0.77492	0.884317	0.985448	1.06859	1.12383	1.13434	1.09527	1.02181	0.926636	0.818089	0.715476	0.627722	0.554614	0.502883	0.465348	0.418021	0.341555	0.23825	0.114372	-0.0227129	-0.17402	-0.315324	-0.427142	-0.513016	-0.56418	
0.755254	0.860147	0.950023	1.02454	1.06965	1.07811	1.04644	0.982186	0.897913	0.798241	0.693433	0.601925	0.5233	0.465685	0.437038	0.406452	0.347299	0.258211	0.148549	0.0205705	-0.122951	-0.270247	-0.407569	-0.516051	-0.592006	
0.678878	0.77331	0.846099	0.909727	0.944572	0.95038	0.927585	0.873423	0.804476	0.718328	0.617782	0.529029	0.460374	0.411583	0.395051	0.388052	0.356264	0.293178	0.203072	0.0965289	-0.031658	-0.174131	-0.321392	-0.448421	-0.549779	
0.543337	0.623945	0.682502	0.727275	0.755735	0.760455	0.741465	0.700944	0.650159	0.577811	0.489894	0.415968	0.36589	0.343373	0.344807	0.355679	0.354278	0.322882	0.261696	0.182979	0.075062	-0.0535214	-0.18535	-0.318987	-0.44232	
0.354205	0.411729	0.452325	0.481499	0.507007	0.512423	0.492651	0.464786	0.430165	0.378218	0.318716	0.274731	0.252135	0.259858	0.282847	0.309919	0.33659	0.343071	0.321782	0.278425	0.201572	0.0975859	-0.014448	-0.141812	-0.278255	
0.131804	0.156463	0.177679	0.200582	0.214146	0.217701	0.206797	0.187747	0.164379	0.142491	0.117223	0.104587	0.116266	0.150133	0.196957	0.248077	0.301974	0.346397	0.375075	0.375138	0.3395	0.274387	0.189287	0.075502	-0.0685799	
-0.106844	-0.112876	-0.106599	-0.09021	-0.0842849	-0.0838114	-0.0864871	-0.0996076	-0.112504	-0.110226	-0.0996344	-0.0791488	-0.0412483	0.0155328	0.0883799	0.166654	0.251126	0.336157	0.409228	0.463103	0.487244	0.467581	0.411538	0.314581	0.166982	
-0.322959	-0.350169	-0.354464	-0.351122	-0.356427	-0.357871	-0.352531	-0.352499	-0.354193	-0.336737	-0.299782	-0.260115	-0.205938	-0.128082	-0.0283708	0.0733223	0.187205	0.30818	0.425146	0.52982	0.612129	0.648286	0.624057	0.542898	0.400427	
-0.475752	-0.515791	-0.530586	-0.540788	-0.555127	-0.560219	-0.54553	-0.534517	-0.523994	-0.49466	-0.445738	-0.403013	-0.343698	-0.252969	-0.147603	-0.0286068	0.104611	0.254034	0.407939	0.553583	0.684938	0.769352	0.781792	0.725716	0.604259	
-0.549087	-0.591833	-0.618834	-0.644973	-0.670006	-0.675166	-0.655907	-0.628391	-0.604566	-0.567502	-0.522291	-0.486337	-0.432635	-0.345974	-0.246697	-0.132608	0.00391721	0.169695	0.35272	0.52991	0.689852	0.805563	0.855278	0.835038	0.742993	
-0.557668	-0.600044	-0.636487	-0.670671	-0.701936	-0.707613	-0.68541	-0.649474	-0.615868	-0.574556	-0.535694	-0.51108	-0.470744	-0.405734	-0.331754	-0.239576	-0.108728	0.0614274	0.255578	0.44941	0.62548	0.761389	0.84189	0.866546	0.812429	
-0.533863	-0.569337	-0.607034	-0.647589	-0.676737	-0.681213	-0.661955	-0.623475	-0.584204	-0.547061	-0.518599	-0.501168	-0.47997	-0.444343	-0.402328	-0.336834	-0.223421	-0.0639384	0.122325	0.321455	0.507026	0.658132	0.768357	0.830211	0.815047	
-0.495635	-0.525709	-0.561257	-0.595466	-0.61836	-0.624908	-0.605669	-0.576003	-0.539172	-0.505939	-0.486624	-0.477504	-0.472793	-0.470723	-0.465049	-0.424958	-0.336696	-0.196071	-0.0279877	0.164057	0.352752	0.516127	0.645567	0.727535	0.742664	
-0.44654	-0.469657	-0.501562	-0.529881	-0.549159	-0.554505	-0.538484	-0.514106	-0.482005	-0.453707	-0.445307	-0.448834	-0.462167	-0.487025	-0.508511	-0.495082	-0.438561	-0.330573	-0.188244	-0.0133197	0.171427	0.33857	0.4785	0.574431	0.612345	
-0.389141	-0.404675	-0.430144	-0.457044	-0.473601	-0.476827	-0.465004	-0.441381	-0.413807	-0.393833	-0.390761	-0.412162	-0.444744	-0.484361	-0.524467	-0.540007	-0.515249	-0.447492	-0.337145	-0.188728	-0.0192435	0.142372	0.28489	0.394857	0.455823	
-0.326122	-0.33719	-0.355654	-0.384126	-0.400823	-0.403463	-0.392926	-0.366331	-0.343798	-0.328682	-0.331489	-0.365211	-0.412057	-0.462086	-0.516235	-0.553865	-0.56542	-0.534816	-0.452077	-0.333675	-0.190128	-0.0467887	0.0883146	0.204083	0.290601	
-0.263121	-0.271257	-0.286	-0.315627	-0.340723	-0.345103	-0.328475	-0.295338	-0.277007	-0.264317	-0.2718	-0.318293	-0.37676	-0.43439	-0.496709	-0.546962	-0.578538	-0.573764	-0.522908	-0.441384	-0.332347	-0.211597	-0.0932651	0.0231848	0.127367	
-0.225202	-0.229116	-0.239929	-0.270068	-0.299639	-0.306302	-0.283117	-0.24989	-0.231815	-0.225398	-0.233333	-0.283831	-0.346135	-0.403485	-0.466246	-0.516532	-0.554501	-0.565063	-0.550804	-0.504277	-0.432241	-0.338236	-0.235186	-0.12498	-0.0182253	
-0.220109	-0.219874	-0.228392	-0.25394	-0.279059	-0.286172	-0.264449	-0.237959	-0.221224	-0.219154	-0.226341	-0.26555	-0.320422	-0.372061	-0.422852	-0.470375	-0.510832	-0.528673	-0.537529	-0.522032	-0.478164	-0.411169	-0.333837	-0.24295	-0.143466	
-0.228152	-0.234901	-0.248459	-0.262923	-0.283589	-0.289241	-0.270888	-0.253749	-0.240398	-0.229249	-0.233901	-0.261559	-0.300336	-0.341914	-0.378889	-0.414981	-0.447942	-0.474422	-0.497044	-0.502902	-0.484287	-0.446034	-0.398871	-0.337452	-0.25361	
-0.250844	-0.263472	-0.280378	-0.291623	-0.300677	-0.301821	-0.295356	-0.285278	-0.270859	-0.253639	-0.252712	-0.25969	-0.282821	-0.308056	-0.330865	-0.357871	-0.386752	-0.418594	-0.449502	-0.467906	-0.470951	-0.470731	-0.456762	-0.424133	-0.351716	
-0.290701	-0.307994	-0.32467	-0.326954	-0.320378	-0.319423	-0.32433	-0.327842	-0.315344	-0.297038	-0.282549	-0.267649	-0.265353	-0.271935	-0.282451	-0.299102	-0.327141	-0.366138	-0.409548	-0.44275	-0.466442	-0.487616	-0.499449	-0.486965	-0.424544	
-0.335634	-0.352973	-0.367498	-0.368544	-0.356449	-0.351893	-0.364845	-0.36982	-0.359636	-0.34267	-0.323118	-0.290221	-0.261313	-0.247028	-0.238409	-0.241405	-0.268011	-0.319562	-0.37531	-0.427896	-0.469499	-0.500588	-0.522029	-0.520472	-0.467107	
-0.369177	-0.38488	-0.394165	-0.390618	-0.37446	-0.369496	-0.385698	-0.394051	-0.38944	-0.376935	-0.350815	-0.309609	-0.264504	-0.235822	-0.221335	-0.220307	-0.243175	-0.300675	-0.364512	-0.424291	-0.47742	-0.519496	-0.550744	-0.558296	-0.515137	
-0.38488	-0.390658	-0.389656	-0.381287	-0.361137	-0.356477	-0.373572	-0.388424	-0.39019	-0.389884	-0.368395	-0.327308	-0.279527	-0.24519	-0.224404	-0.221212	-0.251052	-0.309358	-0.378267	-0.44386	-0.50509	-0.553237	-0.590146	-0.601955	-0.55648	
-0.394165	-0.389656	-0.373915	-0.347354	-0.318998	-0.313644	-0.3344	-0.3647	-0.383722	-0.395455	-0.381199	-0.342876	-0.29665	-0.260287	-0.233346	-0.230779	-0.263823	-0.32613	-0.400515	-0.473908	-0.539544	-0.590155	-0.628465	-0.633078	-0.576223	
-0.390618	-0.381287	-0.347354	-0.294898	-0.257046	-0.248613	-0.277407	-0.326895	-0.371235	-0.389954	-0.380945	-0.344273	-0.303944	-0.274122	-0.2539	-0.261364	-0.292985	-0.355861	-0.427675	-0.500854	-0.570985	-0.629305	-0.665574	-0.663004	-0.593403	
-0.37446	-0.361137	-0.318998	-0.257046	-0.212092	-0.203781	-0.23539	-0.29516	-0.348042	-0.371928	-0.367994	-0.333363	-0.307615	-0.290235	-0.277809	-0.289144	-0.321367	-0.375132	-0.443293	-0.519511	-0.591592	-0.656168	-0.696532	-0.692052	-0.611261	
-0.369496	-0.356477	-0.313644	-0.248613	-0.203781	-0.195616	-0.226038	-0.28868	-0.342676	-0.367312	-0.362764	-0.33121	-0.307705	-0.293898	-0.284194	-0.295893	-0.326842	-0.377921	-0.446441	-0.523431	-0.598113	-0.661072	-0.702011	-0.697613	-0.616794	
-0.385698	-0.373572	-0.3344	-0.277407	-0.23539	-0.226038	-0.258012	-0.31237	-0.361427	-0.383816	-0.377274	-0.340287	-0.305421	-0.280363	-0.263519	-0.273539	-0.306338	-0.366324	-0.435514	-0.509087	-0.579982	-0.642078	-0.680783	-0.676212	-0.60041	
-0.394051	-0.388424	-0.3647	-0.326895	-0.29516	-0.28868	-0.31237	-0.350448	-0.380946	-0.395193	-0.382467	-0.34612	-0.301037	-0.265464	-0.241038	-0.241813	-0.27269	-0.336991	-0.411303	-0.48583	-0.553499	-0.606104	-0.643122	-0.643831	-0.582498	
-0.38944	-0.39019	-0.383722	-0.371235	-0.348042	-0.342676	-0.361427	-0.380946	-0.38701	-0.392579	-0.374612	-0.334062	-0.286943	-0.251252	-0.227032	-0.222746	-0.255599	-0.315485	-0.386396	-0.455145	-0.518174	-0.567479	-0.605946	-0.616379	-0.566652	
-0.376935	-0.389884	-0.395455	-0.389954	-0.371928	-0.367312	-0.383816	-0.395193	-0.392579	-0.384133	-0.358102	-0.316249	-0.269137	-0.237525	-0.221757	-0.219527	-0.244315	-0.302023	-0.368502	-0.430099	-0.48676	-0.531607	-0.566078	-0.576237	-0.534309	
-0.350815	-0.368395	-0.381199	-0.380945	-0.367994	-0.362764	-0.377274	-0.382467	-0.374612	-0.358102	-0.3364	-0.299219	-0.262208	-0.240513	-0.227849	-0.227632	-0.252006	-0.307252	-0.367481	-0.424441	-0.47156	-0.50699	-0.531234	-0.533458	-0.484847	
-0.309609	-0.327308	-0.342876	-0.344273	-0.333363	-0.33121	-0.340287	-0.34612	-0.334062	-0.316249	-0.299219	-0.274736	-0.261768	-0.260124	-0.263206	-0.274066	-0.302569	-0.346039	-0.393883	-0.435653	-0.466307	-0.49286	-0.509577	-0.502607	-0.443769	
-0.264504	-0.279527	-0.29665	-0.303944	-0.307615	-0.307705	-0.305421	-0.301037	-0.286943	-0.269137	-0.262208	-0.261768	-0.275101	-0.293385	-0.312115	-0.335615	-0.363473	-0.397452	-0.433091	-0.456261	-0.468917	-0.4785	-0.476574	-0.452873	-0.385704	
-0.235822	-0.24519	-0.260287	-0.274122	-0.290235	-0.293898	-0.280363	-0.265464	-0.251252	-0.237525	-0.240513	-0.260124	-0.293385	-0.328757	-0.359854	-0.390968	-0.422297	-0.451222	-0.477199	-0.488823	-0.478982	-0.455937	-0.423479	-0.373323	-0.294105	
-0.221335	-0.224404	-0.233346	-0.2539	-0.277809	-0.284194	-0.263519	-0.241038	-0.227032	-0.221757	-0.227849	-0.263206	-0.312115	-0.359854	-0.405996	-0.449804	-0.486929	-0.509195	-0.523771	-0.518413	-0.48548	-0.4283	-0.361544	-0.282481	-0.189873	
-0.220307	-0.221212	-0.230779	-0.261364	-0.289144	-0.295893	-0.273539	-0.241813	-0.222746	-0.219527	-0.227632	-0.274066	-0.335615	-0.390968	-0.449804	-0.498381	-0.538503	-0.552785	-0.549624	-0.516376	-0.455668	-0.373558	-0.280027	-0.175805	-0.0698813	
-0.243175	-0.251052	-0.263823	-0.292985	-0.321367	-0.326842	-0.306338	-0.27269	-0.255599	-0.244315	-0.252006	-0.302569	-0.363473	-0.422297	-0.486929	-0.538503	-0.573094	-0.575007	-0.538891	-0.472685	-0.379515	-0.268583	-0.155656	-0.0399572	0.06658	
-0.300675	-0.309358	-0.32613	-0.355861	-0.375132	-0.377921	-0.366324	-0.336991	-0.315485	-0.302023	-0.307252	-0.346039	-0.397452	-0.451222	-0.509195	-0.552785	-0.575007	-0.556585	-0.486404	-0.380817	-0.250405	-0.116039	0.0128664	0.129134	0.22392	
-0.364512	-0.378267	-0.400515	-0.427675	-0.443293	-0.446441	-0.435514	-0.411303	-0.386396	-0.368502	-0.367481	-0.393883	-0.433091	-0.477199	-0.523771	-0.549624	-0.538891	-0.486404	-0.387141	-0.251526	-0.0915113	0.0638268	0.205425	0.319488	0.390782	
-0.424291	-0.44386	-0.473908	-0.500854	-0.519511	-0.523431	-0.509087	-0.48583	-0.455145	-0.430099	-0.424441	-0.435653	-0.456261	-0.488823	-0.518413	-0.516376	-0.472685	-0.380817	-0.251526	-0.0856323	0.0948096	0.261522	0.402624	0.504276	0.550583	
-0.47742	-0.50509	-0.539544	-0.570985	-0.591592	-0.598113	-0.579982	-0.553499	-0.518174	-0.48676	-0.47156	-0.466307	-0.468917	-0.478982	-0.48548	-0.455668	-0.379515	-0.250405	-0.0915113	0.0948096	0.282905	0.448677	0.583738	0.671408	0.696118	
-0.519496	-0.553237	-0.590155	-0.629305	-0.656168	-0.661072	-0.642078	-0.606104	-0.567479	-0.531607	-0.50699	-0.49286	-0.4785	-0.455937	-0.4283	-0.373558	-0.268583	-0.116039	0.0638268	0.261522	0.448677	0.605579	0.725541	0.796432	0.795002	
-0.550744	-0.590146	-0.628465	-0.665574	-0.696532	-0.702011	-0.680783	-0.643122	-0.605946	-0.566078	-0.531234	-0.509577	-0.476574	-0.423479	-0.361544	-0.280027	-0.155656	0.0128664	0.205425	0.402624	0.583738	0.725541	0.817692	0.859995	0.821762	
-0.558296	-0.601955	-0.633078	-0.663004	-0.692052	-0.697613	-0.676212	-0.643831	-0.616379	-0.576237	-0.533458	-0.502607	-0.452873	-0.373323	-0.282481	-0.175805	-0.0399572	0.129134	0.319488	0.504276	0.671408	0.796432	0.859995	0.856953	0.778425	
-0.515137	-0.55648	-0.576223	-0.593403	-0.611261	-0.616794	-0.60041	-0.582498	-0.566652	-0.534309	-0.484847	-0.443769	-0.385704	-0.294105	-0.189873	-0.0698813	0.06658	0.22392	0.390782	0.550583	0.696118	0.795002	0.821762	0.778425	0.66908	
