-0.198514	-0.227544	-0.259207	-0.293201	-0.314278	-0.316087	-0.30418	-0.273447	-0.23835	-0.21268	-0.167631	-0.0871565	0.0243887	0.15731	0.299191	0.447949	0.604082	0.760938	0.887466	0.959004	0.975241	0.931051	0.845855	0.729979	0.590542	
-0.120916	-0.151445	-0.183477	-0.216699	-0.237116	-0.239868	-0.227263	-0.197243	-0.163288	-0.134686	-0.0930311	-0.0204976	0.0868756	0.217411	0.366833	0.529721	0.70085	0.868429	0.996025	1.06649	1.08004	1.0405	0.9587	0.832133	0.682524	
-0.0587658	-0.0892682	-0.119882	-0.150878	-0.174932	-0.179392	-0.162225	-0.132807	-0.100936	-0.0720498	-0.0330851	0.034341	0.141958	0.280632	0.437417	0.61005	0.791718	0.958267	1.08274	1.15057	1.15966	1.12526	1.05028	0.924305	0.766461	
-0.0243372	-0.0532619	-0.0814768	-0.110889	-0.13785	-0.143949	-0.122424	-0.0929287	-0.0644142	-0.0364089	-0.000478309	0.0630198	0.174059	0.32249	0.485196	0.66146	0.843943	1.00419	1.12278	1.19146	1.20555	1.17718	1.10667	0.987285	0.831435	
-0.021068	-0.0546933	-0.0806444	-0.104313	-0.125916	-0.128951	-0.114271	-0.090001	-0.0660295	-0.035774	0.00302351	0.0646154	0.171679	0.317891	0.479857	0.655166	0.831967	0.985698	1.0997	1.17235	1.20058	1.18786	1.1272	1.01569	0.868007	
-0.0594914	-0.0938888	-0.113798	-0.123722	-0.126917	-0.127186	-0.125252	-0.118893	-0.102952	-0.0751626	-0.0325	0.0295604	0.124116	0.253159	0.408937	0.578907	0.750166	0.896791	1.01148	1.09532	1.14596	1.15748	1.11777	1.0207	0.882438	
-0.13378	-0.16054	-0.170018	-0.16645	-0.154491	-0.150361	-0.162309	-0.170031	-0.165897	-0.146944	-0.105859	-0.0440474	0.0354336	0.141305	0.277577	0.436169	0.598103	0.74211	0.863584	0.963884	1.04106	1.07926	1.06204	0.984102	0.865817	
-0.223176	-0.237874	-0.235641	-0.219689	-0.198155	-0.193433	-0.210417	-0.231139	-0.238542	-0.23232	-0.198929	-0.138903	-0.0711162	0.0154812	0.1312	0.267182	0.415121	0.556258	0.68163	0.791491	0.882897	0.940742	0.948278	0.899935	0.813304	
-0.290116	-0.302459	-0.292535	-0.270305	-0.245472	-0.239866	-0.259576	-0.285084	-0.299803	-0.29987	-0.266133	-0.214431	-0.160102	-0.0908153	-0.000652903	0.108941	0.233117	0.357354	0.480405	0.590314	0.687612	0.758655	0.796972	0.791786	0.750918	
-0.313681	-0.325456	-0.311904	-0.284895	-0.260936	-0.255844	-0.274476	-0.301785	-0.322166	-0.322773	-0.291688	-0.249902	-0.213481	-0.166845	-0.102832	-0.022649	0.0727105	0.173292	0.274969	0.384619	0.490397	0.574391	0.643354	0.684779	0.693489	
-0.294441	-0.297992	-0.27831	-0.253186	-0.232277	-0.228212	-0.244186	-0.267886	-0.292111	-0.299574	-0.278717	-0.251565	-0.232014	-0.208139	-0.173977	-0.126845	-0.060848	0.0147314	0.0938592	0.195096	0.30714	0.409315	0.502724	0.580596	0.637326	
-0.232786	-0.228389	-0.213592	-0.202158	-0.193189	-0.190757	-0.198455	-0.208287	-0.222536	-0.233684	-0.225641	-0.212272	-0.210223	-0.210375	-0.207895	-0.198015	-0.167453	-0.116891	-0.051004	0.0389109	0.145399	0.257987	0.371629	0.477555	0.570614	
-0.138428	-0.133027	-0.132238	-0.143742	-0.150942	-0.151042	-0.148219	-0.135533	-0.131871	-0.136537	-0.137888	-0.136633	-0.148469	-0.170133	-0.190161	-0.204231	-0.207004	-0.181741	-0.131871	-0.0548582	0.0298639	0.126854	0.242762	0.367491	0.487309	
-0.0257561	-0.0274594	-0.0452166	-0.0793446	-0.104863	-0.108478	-0.0918061	-0.058039	-0.0322016	-0.0245366	-0.0289881	-0.0386568	-0.0614393	-0.0948935	-0.126566	-0.151121	-0.168586	-0.166497	-0.13602	-0.0808211	-0.0272597	0.0359826	0.12562	0.248725	0.389004	
0.0801027	0.0707123	0.0405064	-0.00316234	-0.0417864	-0.0487414	-0.0211987	0.0240846	0.0603864	0.0792773	0.0756461	0.057576	0.0320995	0.00252638	-0.0274885	-0.0501098	-0.0719976	-0.0830635	-0.0769228	-0.0582704	-0.042334	-0.0205375	0.0313453	0.135093	0.282198	
0.160995	0.144464	0.113026	0.072122	0.0312331	0.0223672	0.0541186	0.0982259	0.133269	0.157025	0.158625	0.140987	0.121107	0.104934	0.0884516	0.0721998	0.0510967	0.0289492	0.00853785	-0.011558	-0.040719	-0.0596913	-0.0429141	0.0317779	0.170781	
0.200237	0.181597	0.154697	0.124798	0.0909505	0.0837833	0.110332	0.143755	0.171402	0.194171	0.203514	0.199491	0.196895	0.200398	0.200314	0.197047	0.175739	0.138907	0.0916925	0.0293277	-0.0427119	-0.102676	-0.116564	-0.0610641	0.0655927	
0.215522	0.191896	0.16353	0.13932	0.116408	0.112252	0.129942	0.152928	0.180713	0.206603	0.228966	0.249439	0.270156	0.289232	0.301134	0.304409	0.280886	0.228546	0.155539	0.0618694	-0.0425525	-0.134385	-0.171181	-0.131094	-0.0159084	
0.221032	0.183359	0.147365	0.122112	0.109253	0.108213	0.116022	0.135179	0.168594	0.205596	0.247188	0.291062	0.332169	0.360605	0.378328	0.386664	0.360115	0.297007	0.205838	0.0918239	-0.0304479	-0.140383	-0.197989	-0.179633	-0.0832659	
0.211919	0.159137	0.11402	0.0913591	0.0818933	0.0815421	0.0859799	0.10201	0.139704	0.189272	0.248317	0.311074	0.363314	0.400976	0.422897	0.430787	0.403304	0.335472	0.236112	0.115496	-0.0108409	-0.124627	-0.196104	-0.205206	-0.142415	
0.179999	0.118531	0.078122	0.0570943	0.0471587	0.0451981	0.0519583	0.068172	0.100071	0.152369	0.224702	0.296387	0.359393	0.408078	0.435184	0.437205	0.406328	0.340341	0.243934	0.129681	0.0102057	-0.100902	-0.177273	-0.208787	-0.182695	
0.124678	0.0725622	0.0489046	0.0370252	0.026776	0.0256263	0.0321013	0.0439678	0.0599426	0.0994938	0.16909	0.247301	0.319301	0.38157	0.417527	0.419795	0.388989	0.327968	0.239646	0.140606	0.0327622	-0.0720956	-0.154813	-0.20293	-0.207175	
0.0607059	0.0322861	0.0272589	0.0283509	0.0317219	0.0327919	0.0294946	0.0276156	0.0278486	0.0453042	0.0951102	0.171304	0.25212	0.324385	0.372023	0.38502	0.363052	0.308188	0.230665	0.149234	0.0597672	-0.0371265	-0.126632	-0.192448	-0.223357	
0.00680485	-0.000287095	0.00799606	0.0184531	0.0378628	0.0435802	0.0255343	0.0116368	0.00251141	0.000995997	0.0255944	0.0866082	0.170052	0.250367	0.308193	0.332906	0.323251	0.280582	0.220563	0.16012	0.0836824	-0.00785861	-0.104369	-0.18627	-0.234492	
-0.0313308	-0.0248845	-0.00798744	0.00763768	0.0244087	0.0286325	0.0141776	-0.00119024	-0.0189851	-0.0309591	-0.0229692	0.0205703	0.0912058	0.171323	0.235943	0.269723	0.271236	0.249829	0.216576	0.176269	0.107034	0.0108665	-0.0962504	-0.189642	-0.253226	
-0.0508758	-0.0452775	-0.0237181	-0.0133399	-0.0166599	-0.0181758	-0.0136525	-0.0168928	-0.0373586	-0.0515772	-0.0418479	-0.00983005	0.0366943	0.0988314	0.160677	0.201785	0.219334	0.218902	0.208018	0.181626	0.116535	0.0188079	-0.0941418	-0.198146	-0.274448	
-0.0452775	-0.0519633	-0.0459698	-0.051643	-0.0664428	-0.0700453	-0.057646	-0.0458854	-0.0498751	-0.0501067	-0.0337586	-0.0105713	0.0178122	0.0554608	0.100496	0.144411	0.175003	0.190286	0.188619	0.163973	0.103951	0.0134747	-0.0906923	-0.192261	-0.274632	
-0.0237181	-0.0459698	-0.0770436	-0.0991041	-0.111724	-0.113342	-0.105566	-0.0870712	-0.0581078	-0.0308989	-0.0145567	0.00159789	0.0190095	0.0401527	0.0645615	0.0998758	0.135061	0.159741	0.161562	0.133974	0.072392	-0.0102774	-0.0983089	-0.181945	-0.255562	
-0.0133399	-0.051643	-0.0991041	-0.133022	-0.147451	-0.149156	-0.140739	-0.115466	-0.0703338	-0.0267945	0.001028	0.0142433	0.0250611	0.0331127	0.0463404	0.077348	0.111402	0.135432	0.134965	0.0969292	0.0288268	-0.0503875	-0.119012	-0.180012	-0.233902	
-0.0166599	-0.0664428	-0.111724	-0.147451	-0.180789	-0.186942	-0.162222	-0.126851	-0.0856406	-0.0366079	0.0106363	0.0358031	0.0349906	0.0274586	0.0352934	0.0686011	0.0995098	0.117037	0.10563	0.0578822	-0.0127833	-0.0820328	-0.133389	-0.176264	-0.217295	
-0.0181758	-0.0700453	-0.113342	-0.149156	-0.186942	-0.195363	-0.165148	-0.127702	-0.0885948	-0.0393753	0.0128705	0.0414178	0.0380779	0.026371	0.0337064	0.0676931	0.0987778	0.114247	0.100264	0.0492447	-0.020706	-0.0873168	-0.134537	-0.174755	-0.213816	
-0.0136525	-0.057646	-0.105566	-0.140739	-0.162222	-0.165148	-0.151573	-0.122018	-0.0770594	-0.0303615	0.00541411	0.022409	0.0285605	0.0305089	0.0412438	0.0724594	0.105372	0.127574	0.122557	0.0799972	0.00946146	-0.0656211	-0.126419	-0.179383	-0.226731	
-0.0168928	-0.0458854	-0.0870712	-0.115466	-0.126851	-0.127702	-0.122018	-0.100445	-0.0620809	-0.0262429	-0.00666912	0.00619566	0.0212932	0.037192	0.0559975	0.0885819	0.122771	0.148856	0.151318	0.120339	0.0567168	-0.0256761	-0.105596	-0.179919	-0.246407	
-0.0373586	-0.0498751	-0.0581078	-0.0703338	-0.0856406	-0.0885948	-0.0770594	-0.0620809	-0.0530999	-0.0430559	-0.0269047	-0.00628009	0.0166308	0.0463282	0.0833665	0.124563	0.158629	0.178136	0.177902	0.153201	0.0929944	0.00611905	-0.0922269	-0.188076	-0.267778	
-0.0515772	-0.0501067	-0.0308989	-0.0267945	-0.0366079	-0.0393753	-0.0303615	-0.0262429	-0.0430559	-0.0541377	-0.040822	-0.013062	0.0256037	0.0770865	0.132989	0.176907	0.200846	0.207814	0.201259	0.176684	0.114796	0.0188723	-0.0919675	-0.197635	-0.278128	
-0.0418479	-0.0337586	-0.0145567	0.001028	0.0106363	0.0128705	0.00541411	-0.00666912	-0.0269047	-0.040822	-0.0345239	0.00376781	0.0651254	0.140439	0.205693	0.242404	0.249886	0.237713	0.214451	0.180725	0.112851	0.0150203	-0.0960529	-0.193745	-0.262373	
-0.00983005	-0.0105713	0.00159789	0.0142433	0.0358031	0.0414178	0.022409	0.00619566	-0.00628009	-0.013062	0.00376781	0.0569933	0.137215	0.219272	0.281014	0.308796	0.303205	0.267975	0.218966	0.166909	0.0936838	0.000874093	-0.0990207	-0.186178	-0.240509	
0.0366943	0.0178122	0.0190095	0.0250611	0.0349906	0.0380779	0.0285605	0.0212932	0.0166308	0.0256037	0.0651254	0.137215	0.219789	0.295601	0.347434	0.366118	0.348746	0.298022	0.225881	0.152695	0.0692054	-0.0239833	-0.116432	-0.189156	-0.228766	
0.0988314	0.0554608	0.0401527	0.0331127	0.0274586	0.026371	0.0305089	0.037192	0.0463282	0.0770865	0.140439	0.219272	0.295601	0.361727	0.40198	0.408009	0.380688	0.320987	0.236815	0.143942	0.0440354	-0.0579504	-0.143601	-0.198964	-0.214303	
0.160677	0.100496	0.0645615	0.0463404	0.0352934	0.0337064	0.0412438	0.0559975	0.0833665	0.132989	0.205693	0.281014	0.347434	0.40198	0.431552	0.43184	0.400187	0.3357	0.242142	0.134436	0.0181185	-0.0903473	-0.169314	-0.207045	-0.193389	
0.201785	0.144411	0.0998758	0.077348	0.0686011	0.0676931	0.0724594	0.0885819	0.124563	0.176907	0.242404	0.308796	0.366118	0.408009	0.43184	0.438166	0.408816	0.341339	0.242758	0.122381	-0.00183016	-0.115647	-0.189549	-0.208656	-0.161441	
0.219334	0.175003	0.135061	0.111402	0.0995098	0.0987778	0.105372	0.122771	0.158629	0.200846	0.249886	0.303205	0.348746	0.380688	0.400187	0.408816	0.382397	0.316227	0.220316	0.101757	-0.0240535	-0.13552	-0.2003	-0.193298	-0.108587	
0.218902	0.190286	0.159741	0.135432	0.117037	0.114247	0.127574	0.148856	0.178136	0.207814	0.237713	0.267975	0.298022	0.320987	0.3357	0.341339	0.316227	0.25912	0.177147	0.0742154	-0.0387111	-0.139813	-0.184967	-0.15255	-0.0432156	
0.208018	0.188619	0.161562	0.134965	0.10563	0.100264	0.122557	0.151318	0.177902	0.201259	0.214451	0.218966	0.225881	0.236815	0.242142	0.242758	0.220316	0.177147	0.119571	0.0431542	-0.0437376	-0.118397	-0.14249	-0.092357	0.0302288	
0.181626	0.163973	0.133974	0.0969292	0.0578822	0.0492447	0.0799972	0.120339	0.153201	0.176684	0.180725	0.166909	0.152695	0.143942	0.134436	0.122381	0.101757	0.0742154	0.0431542	0.00644285	-0.0408704	-0.0765941	-0.0720164	-0.0072367	0.126572	
0.116535	0.103951	0.072392	0.0288268	-0.0127833	-0.020706	0.00946146	0.0567168	0.0929944	0.114796	0.112851	0.0936838	0.0692054	0.0440354	0.0181185	-0.00183016	-0.0240535	-0.0387111	-0.0437376	-0.0408704	-0.0427229	-0.0366773	0.000317869	0.0925661	0.238326	
0.0188079	0.0134747	-0.0102774	-0.0503875	-0.0820328	-0.0873168	-0.0656211	-0.0256761	0.00611905	0.0188723	0.0150203	0.000874093	-0.0239833	-0.0579504	-0.0903473	-0.115647	-0.13552	-0.139813	-0.118397	-0.0765941	-0.0366773	0.00991164	0.0849765	0.201945	0.34717	
-0.0941418	-0.0906923	-0.0983089	-0.119012	-0.133389	-0.134537	-0.126419	-0.105596	-0.0922269	-0.0919675	-0.0960529	-0.0990207	-0.116432	-0.143601	-0.169314	-0.189549	-0.2003	-0.184967	-0.14249	-0.0720164	0.000317869	0.0849765	0.19321	0.320176	0.449363	
-0.198146	-0.192261	-0.181945	-0.180012	-0.176264	-0.174755	-0.179383	-0.179919	-0.188076	-0.197635	-0.193745	-0.186178	-0.189156	-0.198964	-0.207045	-0.208656	-0.193298	-0.15255	-0.092357	-0.0072367	0.0925661	0.201945	0.320176	0.435141	0.539507	
-0.274448	-0.274632	-0.255562	-0.233902	-0.217295	-0.213816	-0.226731	-0.246407	-0.267778	-0.278128	-0.262373	-0.240509	-0.228766	-0.214303	-0.193389	-0.161441	-0.108587	-0.0432156	0.0302288	0.126572	0.238326	0.34717	0.449363	0.539507	0.612233	
