-0.420258	-0.588849	-0.72969	-0.841073	-0.903334	-0.912335	-0.873059	-0.778974	-0.648006	-0.490485	-0.312464	-0.144899	-0.0143549	0.0696709	0.101639	0.0846532	0.0310109	-0.043801	-0.129207	-0.228239	-0.334527	-0.430771	-0.497351	-0.522329	-0.502418	
-0.188143	-0.319214	-0.427335	-0.510281	-0.560844	-0.569551	-0.535136	-0.463746	-0.365427	-0.242937	-0.103263	0.0349762	0.152197	0.230931	0.263821	0.242514	0.176287	0.0868768	-0.0180414	-0.138643	-0.260439	-0.362521	-0.419993	-0.433007	-0.401834	
0.0609575	-0.0308032	-0.100761	-0.151998	-0.186716	-0.194343	-0.167653	-0.123466	-0.0612564	0.0225155	0.119681	0.221697	0.311675	0.379459	0.406483	0.378281	0.299318	0.190991	0.0676489	-0.062041	-0.189712	-0.288562	-0.33652	-0.335044	-0.289389	
0.28528	0.235931	0.206925	0.191684	0.178094	0.174178	0.18591	0.200553	0.221251	0.264258	0.320694	0.383905	0.443891	0.493132	0.50755	0.472175	0.385846	0.262104	0.127687	-0.00542498	-0.127207	-0.21911	-0.263415	-0.25701	-0.20226	
0.4514	0.442616	0.456378	0.477902	0.489468	0.490777	0.483838	0.465332	0.445359	0.445791	0.463877	0.494037	0.52615	0.55441	0.558602	0.521226	0.434742	0.314289	0.181068	0.0468331	-0.0705897	-0.16053	-0.207654	-0.204178	-0.153339	
0.547876	0.577011	0.6259	0.676964	0.709781	0.715229	0.693156	0.647237	0.595095	0.55649	0.54176	0.542401	0.550758	0.559519	0.559614	0.531984	0.459413	0.355892	0.237647	0.108584	-0.0148034	-0.112571	-0.171101	-0.178644	-0.1378	
0.572499	0.634895	0.71289	0.784962	0.831474	0.83992	0.807307	0.743708	0.665349	0.594198	0.549343	0.52836	0.523801	0.527377	0.535627	0.528475	0.482537	0.401035	0.296633	0.168685	0.0382688	-0.0741932	-0.149787	-0.174918	-0.14728	
0.544572	0.631608	0.729436	0.817668	0.868965	0.878024	0.843384	0.767596	0.671141	0.57643	0.506898	0.468806	0.462776	0.473766	0.499178	0.515256	0.50209	0.450581	0.361637	0.235122	0.0950827	-0.0307803	-0.127178	-0.180506	-0.178168	
0.476894	0.575991	0.686978	0.784747	0.837726	0.845642	0.811794	0.729694	0.620154	0.513562	0.430028	0.380734	0.378201	0.404094	0.448568	0.49069	0.510352	0.494019	0.430508	0.317314	0.172609	0.0322755	-0.0864218	-0.172958	-0.209493	
0.371633	0.473826	0.592888	0.694083	0.747522	0.756231	0.721146	0.637785	0.520742	0.409596	0.321724	0.272284	0.276807	0.3217	0.385706	0.45529	0.509204	0.526964	0.495719	0.408821	0.275694	0.12282	-0.0167568	-0.134054	-0.207953	
0.246684	0.346312	0.455977	0.547844	0.594916	0.6027	0.572109	0.497098	0.390298	0.284098	0.198242	0.152184	0.165798	0.224233	0.312004	0.410502	0.499192	0.557623	0.560828	0.50505	0.392119	0.242019	0.086213	-0.0510084	-0.156519	
0.10463	0.191433	0.284597	0.358098	0.399141	0.406403	0.378201	0.317801	0.229136	0.137908	0.0606473	0.0273016	0.0479496	0.126158	0.245314	0.377344	0.496402	0.588186	0.624648	0.596206	0.505256	0.36791	0.216447	0.06784	-0.057694	
-0.0597655	0.00770875	0.080977	0.139352	0.17574	0.182426	0.156495	0.106907	0.0377845	-0.0352625	-0.088931	-0.104776	-0.0678191	0.0342617	0.193797	0.368641	0.514642	0.626506	0.68662	0.680801	0.609722	0.48989	0.35032	0.20981	0.0764451	
-0.24965	-0.208522	-0.151602	-0.101774	-0.0713258	-0.0645996	-0.0874724	-0.129789	-0.186077	-0.236895	-0.257912	-0.238657	-0.171927	-0.037729	0.161072	0.370177	0.546135	0.673932	0.747421	0.763792	0.717297	0.613453	0.486784	0.359917	0.229268	
-0.444169	-0.435984	-0.399231	-0.361171	-0.342048	-0.339794	-0.351184	-0.382385	-0.423654	-0.446233	-0.426795	-0.365157	-0.254866	-0.0861406	0.139272	0.375398	0.577296	0.726394	0.812641	0.839474	0.811563	0.725594	0.611636	0.499023	0.383183	
-0.600232	-0.63006	-0.622048	-0.607527	-0.605702	-0.605866	-0.606146	-0.614911	-0.628948	-0.618645	-0.557069	-0.456235	-0.310901	-0.114485	0.128043	0.37913	0.603034	0.765658	0.858392	0.885867	0.860211	0.788442	0.697573	0.604516	0.508466	
-0.681164	-0.74776	-0.783358	-0.803482	-0.824491	-0.829362	-0.812725	-0.791677	-0.764649	-0.712989	-0.62091	-0.494831	-0.331712	-0.131909	0.113203	0.3687	0.595774	0.761898	0.855746	0.881346	0.852934	0.789284	0.718992	0.649879	0.576073	
-0.696488	-0.790131	-0.862686	-0.923166	-0.967538	-0.975055	-0.943641	-0.888254	-0.821197	-0.737047	-0.626624	-0.489596	-0.325096	-0.13671	0.0879422	0.327933	0.540871	0.696106	0.789635	0.816176	0.78944	0.733399	0.678508	0.628624	0.583816	
-0.663004	-0.767017	-0.860017	-0.943436	-1.00308	-1.01334	-0.971229	-0.895267	-0.805327	-0.706268	-0.592253	-0.457547	-0.301438	-0.135087	0.0522246	0.253628	0.433853	0.570055	0.65384	0.679892	0.660307	0.619395	0.578941	0.54636	0.530635	
-0.580922	-0.688567	-0.790962	-0.877981	-0.938705	-0.949631	-0.907183	-0.827743	-0.730655	-0.623918	-0.516896	-0.401082	-0.266719	-0.128116	0.0130393	0.155804	0.284701	0.387072	0.451208	0.473648	0.467141	0.451882	0.435691	0.426244	0.436609	
-0.446622	-0.55439	-0.663047	-0.751547	-0.80768	-0.81772	-0.778866	-0.701162	-0.599002	-0.487321	-0.395299	-0.315692	-0.22355	-0.122534	-0.0329762	0.0439859	0.108995	0.166348	0.207283	0.22566	0.233867	0.241889	0.257275	0.282805	0.328402	
-0.285411	-0.371927	-0.47531	-0.564792	-0.618221	-0.627135	-0.591017	-0.514376	-0.413429	-0.316513	-0.251321	-0.215433	-0.176476	-0.129022	-0.0939495	-0.0755293	-0.0674293	-0.0559279	-0.0438454	-0.0291507	-0.0113834	0.0194185	0.0672026	0.137696	0.221038	
-0.119998	-0.169044	-0.254318	-0.338824	-0.386708	-0.39382	-0.362944	-0.290806	-0.20068	-0.133704	-0.110917	-0.115377	-0.131254	-0.148591	-0.171634	-0.200313	-0.226889	-0.247328	-0.257677	-0.248597	-0.21505	-0.157971	-0.0749638	0.0283804	0.139542	
0.0491167	0.0379704	-0.0256101	-0.0960341	-0.128836	-0.133303	-0.113738	-0.0565599	0.0177966	0.0519562	0.0320419	-0.0208299	-0.0898768	-0.168203	-0.250262	-0.324301	-0.380058	-0.416605	-0.434903	-0.421582	-0.363042	-0.264093	-0.146649	-0.0205418	0.10317	
0.201633	0.22472	0.192427	0.148299	0.129554	0.126847	0.13731	0.173336	0.216594	0.218269	0.161435	0.0619937	-0.0606969	-0.184757	-0.312672	-0.434126	-0.51792	-0.564775	-0.580006	-0.549261	-0.459227	-0.318275	-0.160496	-0.0144561	0.121005	
0.31225	0.372607	0.383943	0.369028	0.352333	0.347627	0.361842	0.379619	0.381888	0.342473	0.25179	0.114255	-0.0524891	-0.219959	-0.382807	-0.532778	-0.636538	-0.688179	-0.694187	-0.64168	-0.514831	-0.328436	-0.133308	0.0414418	0.192306	
0.372607	0.474182	0.521174	0.52425	0.511368	0.506957	0.519591	0.526201	0.499227	0.419825	0.288701	0.116778	-0.0859396	-0.292298	-0.484847	-0.642295	-0.742276	-0.787674	-0.77345	-0.686924	-0.521224	-0.300353	-0.0749594	0.121333	0.288068	
0.383943	0.521174	0.586559	0.605019	0.610063	0.609879	0.608358	0.597276	0.555371	0.447859	0.27318	0.0635346	-0.162658	-0.388949	-0.594244	-0.747447	-0.839296	-0.870191	-0.826087	-0.694866	-0.494331	-0.2501	-0.00895266	0.20665	0.391994	
0.369028	0.52425	0.605019	0.639034	0.652087	0.653657	0.646856	0.622228	0.564267	0.44135	0.241343	0.0029086	-0.242662	-0.477575	-0.683516	-0.834632	-0.925417	-0.942695	-0.862793	-0.693176	-0.463609	-0.20423	0.0452343	0.273467	0.476835	
0.352333	0.511368	0.610063	0.652087	0.65395	0.651053	0.6563	0.632895	0.557226	0.424046	0.224544	-0.0232896	-0.285951	-0.529744	-0.73849	-0.893271	-0.988122	-0.995149	-0.893194	-0.69984	-0.451212	-0.177729	0.0799847	0.312492	0.521045	
0.347627	0.506957	0.609879	0.653657	0.651053	0.646497	0.656141	0.634352	0.55467	0.418929	0.221561	-0.0265114	-0.292053	-0.537735	-0.747897	-0.903847	-0.998993	-1.00388	-0.898995	-0.701299	-0.450382	-0.172265	0.087061	0.319453	0.527999	
0.361842	0.519591	0.608358	0.646856	0.6563	0.656141	0.653216	0.62819	0.562285	0.434268	0.232052	-0.0118415	-0.265001	-0.503362	-0.710471	-0.86316	-0.9552	-0.967158	-0.87649	-0.69618	-0.456602	-0.191277	0.0616525	0.292276	0.499325	
0.379619	0.526201	0.597276	0.622228	0.632895	0.634352	0.62819	0.610476	0.562685	0.447765	0.260577	0.036637	-0.197404	-0.427367	-0.633297	-0.784444	-0.87559	-0.900858	-0.841552	-0.693405	-0.480165	-0.229928	0.0148895	0.236942	0.430137	
0.381888	0.499227	0.555371	0.564267	0.557226	0.55467	0.562285	0.562685	0.528496	0.436185	0.287142	0.100685	-0.113365	-0.329931	-0.529525	-0.685641	-0.78193	-0.822486	-0.797102	-0.692506	-0.512514	-0.281962	-0.0479584	0.156339	0.329964	
0.342473	0.419825	0.447859	0.44135	0.424046	0.418929	0.434268	0.447765	0.436185	0.379056	0.273545	0.122264	-0.0592425	-0.24453	-0.42081	-0.575563	-0.680128	-0.730706	-0.730254	-0.666185	-0.523545	-0.3216	-0.112921	0.0721465	0.228674	
0.25179	0.288701	0.27318	0.241343	0.224544	0.221561	0.232052	0.260577	0.287142	0.273545	0.20335	0.0878896	-0.0538168	-0.194993	-0.337828	-0.473647	-0.567184	-0.617156	-0.629123	-0.590534	-0.485467	-0.32761	-0.153926	0.00232984	0.144412	
0.114255	0.116778	0.0635346	0.0029086	-0.0232896	-0.0265114	-0.0118415	0.036637	0.100685	0.122264	0.0878896	0.0147176	-0.076655	-0.17499	-0.276177	-0.370303	-0.43815	-0.479439	-0.497509	-0.477476	-0.407352	-0.291025	-0.158472	-0.0245903	0.103579	
-0.0524891	-0.0859396	-0.162658	-0.242662	-0.285951	-0.292053	-0.265001	-0.197404	-0.113365	-0.0592425	-0.0538168	-0.076655	-0.114055	-0.157607	-0.204342	-0.250621	-0.288929	-0.317072	-0.331804	-0.323491	-0.280501	-0.208385	-0.111442	0.00136907	0.118852	
-0.219959	-0.292298	-0.388949	-0.477575	-0.529744	-0.537735	-0.503362	-0.427367	-0.329931	-0.24453	-0.194993	-0.17499	-0.157607	-0.13546	-0.123368	-0.12504	-0.132832	-0.136311	-0.135052	-0.12293	-0.0998477	-0.0599407	0.00269879	0.0882052	0.184311	
-0.382807	-0.484847	-0.594244	-0.683516	-0.73849	-0.747897	-0.710471	-0.633297	-0.529525	-0.42081	-0.337828	-0.276177	-0.204342	-0.123368	-0.0555987	-0.00366271	0.0364955	0.0746543	0.104937	0.122643	0.134145	0.151265	0.179062	0.222531	0.283586	
-0.532778	-0.642295	-0.747447	-0.834632	-0.893271	-0.903847	-0.86316	-0.784444	-0.685641	-0.575563	-0.473647	-0.370303	-0.250621	-0.12504	-0.00366271	0.112908	0.216098	0.301643	0.357269	0.377374	0.377847	0.371996	0.368837	0.371506	0.394309	
-0.636538	-0.742276	-0.839296	-0.925417	-0.988122	-0.998993	-0.9552	-0.87559	-0.78193	-0.680128	-0.567184	-0.43815	-0.288929	-0.132832	0.0364955	0.216098	0.37834	0.503393	0.580437	0.605066	0.589743	0.55847	0.526696	0.501365	0.495852	
-0.688179	-0.787674	-0.870191	-0.942695	-0.995149	-1.00388	-0.967158	-0.900858	-0.822486	-0.730706	-0.617156	-0.479439	-0.317072	-0.136311	0.0746543	0.301643	0.503393	0.652301	0.74347	0.769871	0.745812	0.694595	0.644552	0.602111	0.569624	
-0.694187	-0.77345	-0.826087	-0.862793	-0.893194	-0.898995	-0.87649	-0.841552	-0.797102	-0.730254	-0.629123	-0.497509	-0.331804	-0.135052	0.104937	0.357269	0.580437	0.74347	0.837629	0.863693	0.835545	0.773351	0.710532	0.649757	0.586322	
-0.64168	-0.686924	-0.694866	-0.693176	-0.69984	-0.701299	-0.69618	-0.693405	-0.692506	-0.666185	-0.590534	-0.477476	-0.323491	-0.12293	0.122643	0.377374	0.605066	0.769871	0.863693	0.890254	0.863576	0.795691	0.714396	0.630516	0.54282	
-0.514831	-0.521224	-0.494331	-0.463609	-0.451212	-0.450382	-0.456602	-0.480165	-0.512514	-0.523545	-0.485467	-0.407352	-0.280501	-0.0998477	0.134145	0.377847	0.589743	0.745812	0.835545	0.863576	0.837946	0.758596	0.652511	0.547093	0.438689	
-0.328436	-0.300353	-0.2501	-0.20423	-0.177729	-0.172265	-0.191277	-0.229928	-0.281962	-0.3216	-0.32761	-0.291025	-0.208385	-0.0599407	0.151265	0.371996	0.55847	0.694595	0.773351	0.795691	0.758596	0.660949	0.539068	0.417739	0.292113	
-0.133308	-0.0749594	-0.00895266	0.0452343	0.0799847	0.087061	0.0616525	0.0148895	-0.0479584	-0.112921	-0.153926	-0.158472	-0.111442	0.00269879	0.179062	0.368837	0.526696	0.644552	0.710532	0.714396	0.652511	0.539068	0.404803	0.270228	0.136224	
0.0414418	0.121333	0.20665	0.273467	0.312492	0.319453	0.292276	0.236942	0.156339	0.0721465	0.00232984	-0.0245903	0.00136907	0.0882052	0.222531	0.371506	0.501365	0.602111	0.649757	0.630516	0.547093	0.417739	0.270228	0.122904	-0.00727971	
0.192306	0.288068	0.391994	0.476835	0.521045	0.527999	0.499325	0.430137	0.329964	0.228674	0.144412	0.103579	0.118852	0.184311	0.283586	0.394309	0.495852	0.569624	0.586322	0.54282	0.438689	0.292113	0.136224	-0.00727971	-0.121833	
