0.781438	1.05106	1.29126	1.47578	1.58437	1.60344	1.52943	1.3727	1.15208	0.891571	0.609263	0.322491	0.0588743	-0.182543	-0.389959	-0.558479	-0.681901	-0.75575	-0.778842	-0.753541	-0.691262	-0.624083	-0.560131	-0.484871	-0.388791	
0.700151	0.937682	1.15414	1.32306	1.42921	1.44751	1.37443	1.22877	1.02753	0.796705	0.549537	0.290625	0.0480973	-0.177675	-0.383637	-0.54829	-0.668501	-0.747273	-0.77618	-0.752553	-0.689641	-0.618364	-0.547334	-0.46001	-0.355442	
0.579982	0.776134	0.958605	1.0996	1.19036	1.20735	1.14346	1.02012	0.852943	0.658669	0.456451	0.242154	0.0318491	-0.17123	-0.364174	-0.523767	-0.636073	-0.712378	-0.744617	-0.722521	-0.660041	-0.586468	-0.502251	-0.40316	-0.294361	
0.438133	0.586312	0.719455	0.826918	0.886724	0.897936	0.85654	0.766868	0.641866	0.498994	0.34327	0.182008	0.0162496	-0.157202	-0.32851	-0.474131	-0.579678	-0.644429	-0.677634	-0.66166	-0.597818	-0.516474	-0.420219	-0.307459	-0.195971	
0.285841	0.379502	0.461241	0.524981	0.554053	0.560052	0.539697	0.490412	0.413329	0.325092	0.22497	0.120681	0.00753197	-0.122222	-0.264852	-0.394264	-0.491321	-0.545779	-0.572362	-0.555165	-0.490504	-0.399971	-0.292996	-0.177079	-0.0637226	
0.132336	0.168267	0.19794	0.214675	0.218651	0.217838	0.217276	0.206398	0.180719	0.147831	0.106255	0.0533375	-0.00721268	-0.0827881	-0.180833	-0.283656	-0.362799	-0.409222	-0.43132	-0.41237	-0.350238	-0.251574	-0.137457	-0.0206188	0.0922568	
-0.0311659	-0.047433	-0.0645855	-0.0784363	-0.0899101	-0.0926737	-0.0831886	-0.0702574	-0.0551581	-0.0366626	-0.023657	-0.0206131	-0.0256794	-0.0406839	-0.0812331	-0.148303	-0.209605	-0.249887	-0.267286	-0.249614	-0.187195	-0.0900498	0.0168575	0.12895	0.240504	
-0.179258	-0.24597	-0.299697	-0.334438	-0.354458	-0.357862	-0.343788	-0.315741	-0.269722	-0.206674	-0.139387	-0.0832121	-0.0337411	0.0106587	0.0212156	-0.00194791	-0.0407372	-0.0790695	-0.0953994	-0.0790977	-0.0243906	0.0653959	0.15571	0.259217	0.36069	
-0.29987	-0.406154	-0.488522	-0.537338	-0.562806	-0.566218	-0.550136	-0.510963	-0.443589	-0.344157	-0.229486	-0.116819	-0.0150986	0.0738351	0.122407	0.12924	0.10459	0.0695845	0.0494104	0.0660063	0.11828	0.194576	0.272869	0.359781	0.446253	
-0.376547	-0.508431	-0.606502	-0.665725	-0.696464	-0.700645	-0.681409	-0.633928	-0.552589	-0.43285	-0.285087	-0.128504	0.013573	0.129415	0.199478	0.223531	0.213946	0.184873	0.161292	0.173129	0.217585	0.273904	0.341317	0.419328	0.494146	
-0.400884	-0.537629	-0.633612	-0.691471	-0.722253	-0.726474	-0.707217	-0.661115	-0.580836	-0.460385	-0.30175	-0.122026	0.0469705	0.173866	0.251274	0.283667	0.281441	0.257009	0.23873	0.244501	0.276219	0.316298	0.369851	0.435053	0.496331	
-0.33754	-0.464013	-0.551527	-0.609176	-0.637278	-0.642058	-0.624017	-0.578034	-0.502887	-0.393324	-0.243257	-0.0727122	0.093636	0.21308	0.285695	0.32055	0.322057	0.302485	0.290266	0.29387	0.313599	0.337548	0.373087	0.420863	0.45562	
-0.182847	-0.293386	-0.374428	-0.431094	-0.458602	-0.462918	-0.44572	-0.399784	-0.329137	-0.230279	-0.104822	0.0358442	0.168625	0.263297	0.319493	0.350577	0.350531	0.335095	0.322056	0.3235	0.329401	0.336909	0.354616	0.38363	0.396056	
0.0257111	-0.0608408	-0.130835	-0.18247	-0.206461	-0.209184	-0.195687	-0.153952	-0.0910702	-0.0102551	0.0831548	0.182503	0.270841	0.336737	0.375091	0.396551	0.389301	0.36209	0.337975	0.328035	0.322536	0.329063	0.338488	0.348771	0.344156	
0.250902	0.194322	0.141096	0.10411	0.0866107	0.0844285	0.0942899	0.124784	0.171067	0.227972	0.28585	0.342783	0.391533	0.428581	0.447979	0.454083	0.435799	0.396682	0.358031	0.328568	0.315269	0.320401	0.329336	0.328105	0.30733	
0.463901	0.438056	0.409099	0.391808	0.382459	0.380913	0.387526	0.400703	0.426086	0.454374	0.476691	0.500341	0.520163	0.536423	0.53788	0.523101	0.494614	0.448444	0.395216	0.353344	0.325729	0.321428	0.327647	0.31404	0.274669	
0.62945	0.632648	0.631491	0.640861	0.6462	0.646839	0.643985	0.634607	0.631727	0.631909	0.628621	0.638392	0.65011	0.65958	0.64772	0.610024	0.563468	0.51102	0.44897	0.395467	0.354012	0.33639	0.328087	0.30426	0.261114	
0.751875	0.769867	0.790259	0.819443	0.839591	0.842942	0.829328	0.801824	0.77726	0.758578	0.747214	0.753227	0.768727	0.78057	0.76034	0.70539	0.645623	0.581676	0.512408	0.449448	0.39652	0.36092	0.337808	0.309983	0.269622	
0.83157	0.84614	0.875882	0.921414	0.953106	0.957264	0.937538	0.892916	0.855851	0.836117	0.829088	0.844496	0.872419	0.886007	0.862522	0.801394	0.727532	0.652162	0.573479	0.50308	0.44227	0.395094	0.358148	0.328351	0.291978	
0.866407	0.871786	0.897255	0.938369	0.973592	0.980482	0.954574	0.913035	0.879031	0.866416	0.874499	0.901527	0.933616	0.953411	0.933556	0.878269	0.804721	0.719104	0.625607	0.543762	0.47339	0.418228	0.369599	0.336638	0.303581	
0.86381	0.853542	0.86325	0.88789	0.913218	0.918545	0.89874	0.872837	0.854496	0.857293	0.880328	0.914889	0.951709	0.976753	0.968308	0.934359	0.873899	0.782817	0.677568	0.572254	0.482491	0.411029	0.352159	0.31485	0.285472	
0.827999	0.800181	0.78675	0.786755	0.790944	0.792075	0.788647	0.78556	0.792882	0.8156	0.85049	0.895834	0.941935	0.973257	0.980784	0.965875	0.915014	0.821564	0.70713	0.585386	0.476304	0.386206	0.313399	0.262684	0.225183	
0.761675	0.715986	0.674666	0.639457	0.620794	0.617424	0.629685	0.65925	0.698867	0.742136	0.795461	0.85408	0.906805	0.946523	0.964564	0.956667	0.912081	0.820973	0.705231	0.578527	0.45487	0.342034	0.244606	0.170396	0.120753	
0.670105	0.603323	0.536464	0.478523	0.441012	0.434589	0.46026	0.511906	0.576191	0.643223	0.714101	0.789677	0.854396	0.902115	0.926831	0.924686	0.884951	0.800564	0.691164	0.564386	0.421825	0.275334	0.14018	0.0295912	-0.036346	
0.554367	0.468624	0.38921	0.329097	0.289439	0.281484	0.310739	0.362088	0.435592	0.519881	0.608307	0.707551	0.792426	0.85037	0.887219	0.892942	0.857715	0.785663	0.681521	0.548364	0.38199	0.197238	0.0162614	-0.133916	-0.218042	
0.437947	0.339646	0.258148	0.202808	0.173742	0.168502	0.188679	0.232807	0.304531	0.396773	0.505863	0.625935	0.727965	0.804626	0.853817	0.869548	0.85049	0.789722	0.682558	0.536983	0.339323	0.115638	-0.103926	-0.284862	-0.387284	
0.339646	0.232798	0.152565	0.10917	0.0905023	0.0873055	0.0996066	0.131478	0.19639	0.294463	0.414397	0.551186	0.673775	0.769993	0.836319	0.869127	0.862051	0.807858	0.693767	0.523569	0.294696	0.0405948	-0.20501	-0.405894	-0.521158	
0.258148	0.152565	0.0777073	0.0439194	0.0309792	0.029335	0.0373084	0.0601012	0.117641	0.213372	0.332738	0.477845	0.6218	0.745865	0.837596	0.889914	0.891148	0.833329	0.702919	0.50569	0.250759	-0.0232622	-0.283258	-0.490576	-0.61384	
0.202808	0.10917	0.0439194	0.00874787	4.27159e-05	-0.00142119	0.00304585	0.026323	0.0795547	0.161325	0.275245	0.416453	0.574989	0.731924	0.853683	0.92478	0.938158	0.870035	0.721162	0.498236	0.221237	-0.0705501	-0.338531	-0.548259	-0.671077	
0.173742	0.0905023	0.0309792	4.27159e-05	-0.0112241	-0.0129048	-0.00644385	0.0155598	0.063253	0.137585	0.238699	0.376041	0.547803	0.726924	0.870777	0.958044	0.972427	0.89483	0.733229	0.494102	0.20684	-0.0921908	-0.364928	-0.576104	-0.700715	
0.168502	0.0873055	0.029335	-0.00142119	-0.0129048	-0.0144799	-0.00805119	0.0136669	0.0612118	0.133091	0.231582	0.369193	0.542806	0.725935	0.874904	0.964543	0.977903	0.899066	0.73559	0.493244	0.204784	-0.0946306	-0.368864	-0.581021	-0.704912	
0.188679	0.0996066	0.0373084	0.00304585	-0.00644385	-0.00805119	-0.0027955	0.0203949	0.0715207	0.149271	0.25842	0.3969	0.561077	0.729376	0.86098	0.939486	0.955418	0.882348	0.727144	0.496725	0.213394	-0.0826875	-0.352936	-0.562691	-0.686197	
0.232807	0.131478	0.0601012	0.026323	0.0155598	0.0136669	0.0203949	0.0423047	0.0985768	0.18917	0.306752	0.4512	0.602077	0.738559	0.843512	0.903184	0.909088	0.847532	0.710204	0.501135	0.237398	-0.0448213	-0.30747	-0.517008	-0.640707	
0.304531	0.19639	0.117641	0.0795547	0.063253	0.0612118	0.0715207	0.0985768	0.160286	0.259031	0.379556	0.521285	0.652413	0.759226	0.834227	0.874631	0.871052	0.8169	0.696718	0.516318	0.275732	0.013203	-0.23967	-0.443263	-0.562619	
0.396773	0.294463	0.213372	0.161325	0.137585	0.133091	0.149271	0.18917	0.259031	0.353403	0.468935	0.595911	0.70536	0.78947	0.8449	0.866495	0.853743	0.796067	0.687379	0.532689	0.321682	0.0845674	-0.146246	-0.338029	-0.445942	
0.505863	0.414397	0.332738	0.275245	0.238699	0.231582	0.25842	0.306752	0.379556	0.468935	0.565193	0.673638	0.766584	0.830976	0.872485	0.881772	0.851482	0.784765	0.679684	0.542739	0.364946	0.164033	-0.0334379	-0.196473	-0.288658	
0.625935	0.551186	0.477845	0.416453	0.376041	0.369193	0.3969	0.4512	0.521285	0.595911	0.673638	0.75878	0.830368	0.881651	0.910755	0.911408	0.872442	0.793193	0.686626	0.558358	0.406824	0.245657	0.0916187	-0.0359627	-0.10872	
0.727965	0.673775	0.6218	0.574989	0.547803	0.542806	0.561077	0.602077	0.652413	0.70536	0.766584	0.830368	0.887485	0.930986	0.950473	0.945155	0.902869	0.813027	0.699321	0.572898	0.442476	0.317649	0.206557	0.119853	0.0634729	
0.804626	0.769993	0.745865	0.731924	0.726924	0.725935	0.729376	0.738559	0.759226	0.78947	0.830976	0.881651	0.930986	0.964608	0.978353	0.966934	0.918259	0.825447	0.70984	0.584334	0.470207	0.371263	0.290021	0.230709	0.189169	
0.853817	0.836319	0.837596	0.853683	0.870777	0.874904	0.86098	0.843512	0.834227	0.8449	0.872485	0.910755	0.950473	0.978353	0.975562	0.951143	0.895425	0.803214	0.693215	0.579978	0.4815	0.402862	0.338383	0.298344	0.266666	
0.869548	0.869127	0.889914	0.92478	0.958044	0.964543	0.939486	0.903184	0.874631	0.866495	0.881772	0.911408	0.945155	0.966934	0.951143	0.903111	0.834813	0.745108	0.64726	0.556252	0.479467	0.418396	0.366872	0.331962	0.300964	
0.85049	0.862051	0.891148	0.938158	0.972427	0.977903	0.955418	0.909088	0.871052	0.853743	0.851482	0.872442	0.902869	0.918259	0.895425	0.834813	0.758648	0.679526	0.594607	0.521011	0.457392	0.407186	0.36459	0.334041	0.299674	
0.789722	0.807858	0.833329	0.870035	0.89483	0.899066	0.882348	0.847532	0.8169	0.796067	0.784765	0.793193	0.813027	0.825447	0.803214	0.745108	0.679526	0.610704	0.538125	0.47243	0.415445	0.374101	0.34614	0.31665	0.277887	
0.682558	0.693767	0.702919	0.721162	0.733229	0.73559	0.727144	0.710204	0.696718	0.687379	0.679684	0.686626	0.699321	0.70984	0.693215	0.64726	0.594607	0.538125	0.473221	0.415774	0.370179	0.344588	0.329737	0.304481	0.262166	
0.536983	0.523569	0.50569	0.498236	0.494102	0.493244	0.496725	0.501135	0.516318	0.532689	0.542739	0.558358	0.572898	0.584334	0.579978	0.556252	0.521011	0.47243	0.415774	0.369039	0.334998	0.326471	0.327695	0.30829	0.266302	
0.339323	0.294696	0.250759	0.221237	0.20684	0.204784	0.213394	0.237398	0.275732	0.321682	0.364946	0.406824	0.442476	0.470207	0.4815	0.479467	0.457392	0.415445	0.370179	0.334998	0.317026	0.318608	0.327869	0.323011	0.29393	
0.115638	0.0405948	-0.0232622	-0.0705501	-0.0921908	-0.0946306	-0.0826875	-0.0448213	0.013203	0.0845674	0.164033	0.245657	0.317649	0.371263	0.402862	0.418396	0.407186	0.374101	0.344588	0.326471	0.318608	0.325377	0.334394	0.339069	0.327299	
-0.103926	-0.20501	-0.283258	-0.338531	-0.364928	-0.368864	-0.352936	-0.30747	-0.23967	-0.146246	-0.0334379	0.0916187	0.206557	0.290021	0.338383	0.366872	0.36459	0.34614	0.329737	0.327695	0.327869	0.334394	0.346903	0.367842	0.373758	
-0.284862	-0.405894	-0.490576	-0.548259	-0.576104	-0.581021	-0.562691	-0.517008	-0.443263	-0.338029	-0.196473	-0.0359627	0.119853	0.230709	0.298344	0.331962	0.334041	0.31665	0.304481	0.30829	0.323011	0.339069	0.367842	0.407953	0.432234	
-0.387284	-0.521158	-0.61384	-0.671077	-0.700715	-0.704912	-0.686197	-0.640707	-0.562619	-0.445942	-0.288658	-0.10872	0.0634729	0.189169	0.266666	0.300964	0.299674	0.277887	0.262166	0.266302	0.29393	0.327299	0.373758	0.432234	0.483702	
