-0.679593	-0.792187	-0.865437	-0.879327	-0.814338	-0.685962	-0.511486	-0.316241	-0.140031	0.00860909	0.116527	0.169307	0.167267	0.117292	0.0450498	-0.0323643	-0.115779	-0.204341	-0.275974	-0.321896	-0.346133	-0.334876	-0.303451	-0.257632	-0.188056	
-0.792187	-0.870784	-0.916681	-0.904876	-0.821057	-0.688299	-0.514544	-0.322015	-0.138207	0.0287891	0.166329	0.254304	0.284281	0.252533	0.191997	0.115644	0.0216528	-0.0852856	-0.179775	-0.258167	-0.31275	-0.327211	-0.305902	-0.259879	-0.186538	
-0.865437	-0.916681	-0.933153	-0.901155	-0.809326	-0.680317	-0.507948	-0.319047	-0.132744	0.0489452	0.209472	0.327811	0.383764	0.375642	0.32914	0.253666	0.155577	0.0390776	-0.0711481	-0.170117	-0.254393	-0.29801	-0.290927	-0.252993	-0.189955	
-0.879327	-0.904876	-0.901155	-0.860357	-0.769846	-0.64338	-0.479036	-0.301373	-0.121373	0.0645363	0.237145	0.372584	0.455805	0.476432	0.450793	0.382942	0.28739	0.172158	0.0553521	-0.0571377	-0.165775	-0.239179	-0.255159	-0.2356	-0.188156	
-0.814338	-0.821057	-0.809326	-0.769846	-0.68738	-0.571228	-0.426499	-0.270848	-0.106066	0.065385	0.229796	0.374909	0.480569	0.537326	0.547982	0.502457	0.420491	0.312573	0.198365	0.0807241	-0.0404977	-0.136965	-0.182772	-0.18845	-0.164456	
-0.685962	-0.688299	-0.680317	-0.64338	-0.571228	-0.470511	-0.354387	-0.230265	-0.0987446	0.0429116	0.192969	0.341518	0.468989	0.564539	0.621181	0.610156	0.546296	0.454814	0.348579	0.235514	0.110945	-0.00178157	-0.0773763	-0.110969	-0.11009	
-0.511486	-0.514544	-0.507948	-0.479036	-0.426499	-0.354387	-0.277225	-0.193497	-0.100681	0.0130132	0.152341	0.302578	0.44659	0.5782	0.672808	0.700888	0.66678	0.597601	0.507133	0.402038	0.277123	0.151441	0.0506454	-0.0115982	-0.0388834	
-0.316241	-0.322015	-0.319047	-0.301373	-0.270848	-0.230265	-0.193497	-0.155052	-0.0979527	-0.00622766	0.12521	0.285119	0.450644	0.601976	0.721182	0.780012	0.776064	0.733202	0.66349	0.567231	0.447666	0.310633	0.184042	0.0926629	0.0332952	
-0.140031	-0.138207	-0.132744	-0.121373	-0.106066	-0.0987446	-0.100681	-0.0979527	-0.0706264	0.0029858	0.130287	0.297399	0.475883	0.635376	0.760615	0.843222	0.867786	0.850584	0.802046	0.72036	0.602273	0.454833	0.308631	0.188031	0.0984013	
0.00860909	0.0287891	0.0489452	0.0645363	0.065385	0.0429116	0.0130132	-0.00622766	0.0029858	0.0609079	0.176778	0.336144	0.50645	0.661675	0.783659	0.878118	0.926943	0.935007	0.910467	0.840857	0.727042	0.575204	0.416396	0.273238	0.15664	
0.116527	0.166329	0.209472	0.237145	0.229796	0.192969	0.152341	0.12521	0.130287	0.176778	0.269295	0.399876	0.545867	0.680166	0.790227	0.882253	0.943886	0.974763	0.972255	0.917606	0.815402	0.670358	0.507224	0.347796	0.213945	
0.169307	0.254304	0.327811	0.372584	0.374909	0.341518	0.302578	0.285119	0.297399	0.336144	0.399876	0.490695	0.596901	0.704348	0.794022	0.873034	0.935521	0.974874	0.985318	0.950187	0.862188	0.730869	0.57246	0.412286	0.271639	
0.167267	0.284281	0.383764	0.455805	0.480569	0.468989	0.44659	0.450644	0.475883	0.50645	0.545867	0.596901	0.664185	0.741067	0.808981	0.867284	0.912588	0.945391	0.958298	0.937559	0.866424	0.749307	0.604746	0.454579	0.317792	
0.117292	0.252533	0.375642	0.476432	0.537326	0.564539	0.5782	0.601976	0.635376	0.661675	0.680166	0.704348	0.741067	0.789052	0.829996	0.860417	0.881329	0.893758	0.900995	0.889654	0.832742	0.734053	0.609086	0.474007	0.34205	
0.0450498	0.191997	0.32914	0.450793	0.547982	0.621181	0.672808	0.721182	0.760615	0.783659	0.790227	0.794022	0.808981	0.829996	0.843095	0.842613	0.831918	0.81811	0.808673	0.800734	0.760815	0.68456	0.585218	0.47203	0.356563	
-0.0323643	0.115644	0.253666	0.382942	0.502457	0.610156	0.700888	0.780012	0.843222	0.878118	0.882253	0.873034	0.867284	0.860417	0.842613	0.809242	0.760468	0.716204	0.688669	0.67518	0.651238	0.600861	0.531353	0.450882	0.363764	
-0.115779	0.0216528	0.155577	0.28739	0.420491	0.546296	0.66678	0.776064	0.867786	0.926943	0.943886	0.935521	0.912588	0.881329	0.831918	0.760468	0.678674	0.60984	0.563834	0.540957	0.524997	0.4984	0.462757	0.413646	0.351713	
-0.204341	-0.0852856	0.0390776	0.172158	0.312573	0.454814	0.597601	0.733202	0.850584	0.935007	0.974763	0.974874	0.945391	0.893758	0.81811	0.716204	0.60984	0.523608	0.459168	0.416884	0.39671	0.386164	0.380564	0.359721	0.3225	
-0.275974	-0.179775	-0.0711481	0.0553521	0.198365	0.348579	0.507133	0.66349	0.802046	0.910467	0.972255	0.985318	0.958298	0.900995	0.808673	0.688669	0.563834	0.459168	0.376419	0.319655	0.291084	0.287434	0.301091	0.303143	0.287696	
-0.321896	-0.258167	-0.170117	-0.0571377	0.0807241	0.235514	0.402038	0.567231	0.72036	0.840857	0.917606	0.950187	0.937559	0.889654	0.800734	0.67518	0.540957	0.416884	0.319655	0.259655	0.228232	0.226191	0.251085	0.26251	0.256724	
-0.346133	-0.31275	-0.254393	-0.165775	-0.0404977	0.110945	0.277123	0.447666	0.602273	0.727042	0.815402	0.862188	0.866424	0.832742	0.760815	0.651238	0.524997	0.39671	0.291084	0.228232	0.197555	0.198242	0.222092	0.23383	0.230709	
-0.334876	-0.327211	-0.29801	-0.239179	-0.136965	-0.00178157	0.151441	0.310633	0.454833	0.575204	0.670358	0.730869	0.749307	0.734053	0.68456	0.600861	0.4984	0.386164	0.287434	0.226191	0.198242	0.195569	0.207671	0.211179	0.203402	
-0.303451	-0.305902	-0.290927	-0.255159	-0.182772	-0.0773763	0.0506454	0.184042	0.308631	0.416396	0.507224	0.57246	0.604746	0.609086	0.585218	0.531353	0.462757	0.380564	0.301091	0.251085	0.222092	0.207671	0.203553	0.193173	0.181863	
-0.257632	-0.259879	-0.252993	-0.2356	-0.18845	-0.110969	-0.0115982	0.0926629	0.188031	0.273238	0.347796	0.412286	0.454579	0.474007	0.47203	0.450882	0.413646	0.359721	0.303143	0.26251	0.23383	0.211179	0.193173	0.17377	0.160983	
-0.188056	-0.186538	-0.189955	-0.188156	-0.164456	-0.11009	-0.0388834	0.0332952	0.0984013	0.15664	0.213945	0.271639	0.317792	0.34205	0.356563	0.363764	0.351713	0.3225	0.287696	0.256724	0.230709	0.203402	0.181863	0.160983	0.148117	
-0.106137	-0.0930575	-0.0977701	-0.11077	-0.110175	-0.0854262	-0.0421672	0.000116646	0.039565	0.0754166	0.108528	0.14911	0.184267	0.213068	0.238973	0.263943	0.27216	0.266329	0.25141	0.233949	0.205408	0.175603	0.158824	0.148215	0.143765	
-0.0351924	-0.00161841	0.00338748	-0.0124078	-0.0320381	-0.0341949	-0.0227352	-0.00755947	0.00795828	0.0197141	0.0267548	0.0375545	0.0580053	0.0867059	0.120322	0.154484	0.177997	0.194286	0.200188	0.188566	0.164025	0.136757	0.126378	0.130022	0.14457	
0.0328903	0.0884589	0.106937	0.0918149	0.0595205	0.0326808	0.0119942	-0.0045777	-0.0168621	-0.0260066	-0.0391447	-0.0514031	-0.0479641	-0.0262638	0.0069058	0.0493933	0.0899084	0.126115	0.146749	0.143077	0.128103	0.114444	0.109645	0.120084	0.150825	
0.095823	0.162744	0.1909	0.173929	0.133215	0.0887538	0.045189	0.00464363	-0.0304803	-0.0597367	-0.0865119	-0.113522	-0.127654	-0.113254	-0.0798524	-0.0312227	0.0228551	0.070069	0.0988834	0.109156	0.104146	0.100758	0.106626	0.124231	0.163568	
0.127664	0.200553	0.234829	0.221126	0.178746	0.127319	0.0709349	0.0171553	-0.0334199	-0.0789854	-0.11747	-0.153738	-0.172461	-0.160412	-0.124025	-0.0722948	-0.01994	0.0257579	0.067373	0.0897505	0.0916361	0.0933849	0.107402	0.136191	0.179333	
0.132955	0.207217	0.242511	0.230566	0.188837	0.135116	0.0759758	0.0213435	-0.033897	-0.0826631	-0.123608	-0.162062	-0.181138	-0.168345	-0.130497	-0.0790224	-0.0286805	0.0181061	0.0620132	0.0874781	0.091473	0.0933437	0.108003	0.140465	0.183879	
0.112579	0.181941	0.212868	0.196574	0.154214	0.106305	0.0561146	0.00899902	-0.0319953	-0.0688257	-0.101112	-0.131929	-0.149544	-0.136674	-0.102683	-0.0523176	0.00233782	0.0496104	0.0835636	0.0995075	0.0966683	0.0960235	0.106694	0.128434	0.169321	
0.0603331	0.121929	0.144034	0.128741	0.0930789	0.0577164	0.0263322	-0.00138542	-0.0244278	-0.0414988	-0.0604547	-0.0796283	-0.0832014	-0.0653656	-0.032761	0.0131099	0.0604293	0.102748	0.126747	0.12773	0.117567	0.109391	0.107671	0.120582	0.15544	
-0.008204	0.0345909	0.0449823	0.0293004	0.00419925	-0.00759793	-0.00961866	-0.00717114	-0.00246635	0.00066626	-0.00166984	-0.00120598	0.0124401	0.0395403	0.0732004	0.110866	0.141331	0.165939	0.178241	0.169332	0.14794	0.125019	0.117021	0.124553	0.14603	
-0.0761668	-0.0552845	-0.0572955	-0.0732082	-0.0821536	-0.0683284	-0.0373789	-0.00559769	0.0250622	0.0515106	0.0740529	0.102234	0.131984	0.161525	0.191733	0.22073	0.234792	0.238591	0.232035	0.217606	0.189899	0.159589	0.145547	0.141151	0.143965	
-0.154575	-0.1502	-0.15593	-0.161032	-0.145593	-0.102902	-0.0422051	0.0168908	0.0703293	0.119593	0.168262	0.221602	0.264401	0.290703	0.309598	0.32535	0.32232	0.302224	0.276071	0.25036	0.223375	0.195215	0.174649	0.15614	0.145735	
-0.233108	-0.233987	-0.231253	-0.220127	-0.182821	-0.11392	-0.0263203	0.065664	0.149206	0.222843	0.291146	0.353356	0.39903	0.419982	0.425753	0.417219	0.391125	0.347021	0.299122	0.261605	0.234704	0.209453	0.189124	0.167703	0.154342	
-0.286732	-0.290455	-0.278473	-0.250638	-0.188305	-0.0955501	0.0207978	0.142555	0.255943	0.356219	0.440867	0.507387	0.543937	0.555647	0.540565	0.499468	0.444059	0.374343	0.303899	0.259226	0.229412	0.21035	0.199605	0.1851	0.173124	
-0.324248	-0.322589	-0.300655	-0.251768	-0.16207	-0.0376259	0.107135	0.25738	0.394882	0.511444	0.606257	0.669101	0.693732	0.686856	0.647654	0.575392	0.485775	0.384445	0.292639	0.234897	0.207242	0.200457	0.206155	0.204366	0.194841	
-0.345466	-0.323381	-0.278386	-0.20148	-0.0841145	0.0629323	0.22554	0.393919	0.54504	0.66872	0.761135	0.814135	0.823995	0.796909	0.73336	0.633436	0.515434	0.391733	0.286232	0.222374	0.192776	0.194075	0.214178	0.223429	0.218922	
-0.335049	-0.284186	-0.206907	-0.102341	0.0316865	0.186064	0.353758	0.522588	0.67768	0.800853	0.882163	0.921305	0.915492	0.873243	0.78998	0.668606	0.535357	0.407731	0.30502	0.244275	0.213118	0.212282	0.238394	0.25078	0.246027	
-0.296931	-0.212497	-0.111525	0.0105393	0.15222	0.305094	0.467225	0.627537	0.774033	0.888401	0.956766	0.977144	0.95513	0.899846	0.806165	0.682909	0.552487	0.438792	0.350861	0.291748	0.26075	0.257807	0.276943	0.28451	0.274781	
-0.236423	-0.125848	-0.00718229	0.124548	0.26691	0.413417	0.564102	0.709125	0.834551	0.929406	0.979338	0.983567	0.953709	0.897918	0.813621	0.702728	0.58871	0.495194	0.422431	0.373622	0.350319	0.342987	0.346361	0.336336	0.308858	
-0.151399	-0.0208218	0.110453	0.242732	0.379657	0.512414	0.641932	0.76175	0.864739	0.9337	0.959403	0.954731	0.927828	0.88674	0.826173	0.741318	0.648864	0.572542	0.519221	0.489019	0.472885	0.454462	0.431968	0.393631	0.341147	
-0.0643589	0.0800954	0.216976	0.347758	0.473273	0.588762	0.693333	0.785198	0.859598	0.904017	0.910977	0.899826	0.886428	0.869877	0.839049	0.790615	0.727637	0.672577	0.637809	0.621261	0.601583	0.561472	0.504914	0.437593	0.361948	
0.0135824	0.163205	0.301918	0.427762	0.535629	0.625809	0.692716	0.752623	0.800333	0.825411	0.829244	0.827219	0.833635	0.843725	0.845173	0.831374	0.805526	0.779157	0.762846	0.754023	0.720571	0.654056	0.566402	0.46585	0.360898	
0.0903626	0.230994	0.361076	0.4716	0.548135	0.593481	0.622661	0.655569	0.68928	0.714134	0.726501	0.74199	0.769831	0.806365	0.836595	0.854672	0.863957	0.867069	0.868397	0.859507	0.809306	0.71901	0.603222	0.475994	0.349074	
0.15211	0.277031	0.386641	0.470552	0.508313	0.510514	0.501364	0.51343	0.543607	0.572126	0.602202	0.641608	0.695036	0.760385	0.817642	0.865553	0.901749	0.926993	0.938889	0.922144	0.856595	0.746856	0.609887	0.464924	0.329232	
0.174547	0.275059	0.358733	0.413739	0.42351	0.396661	0.361291	0.352139	0.369432	0.404212	0.458199	0.531296	0.621281	0.716836	0.798566	0.870027	0.927027	0.966216	0.978873	0.950228	0.869372	0.743386	0.589499	0.43226	0.292381	
0.144326	0.207723	0.262903	0.295775	0.290775	0.25287	0.21241	0.186711	0.193436	0.237162	0.318467	0.433619	0.564697	0.688888	0.791378	0.879148	0.942932	0.978996	0.983007	0.935849	0.838901	0.698883	0.536513	0.375291	0.23735	
