0.0346895	-0.0792162	-0.177219	-0.256867	-0.293582	-0.297332	-0.277342	-0.212526	-0.120383	-0.0123184	0.102325	0.203804	0.30576	0.40612	0.492468	0.553093	0.564922	0.544109	0.506666	0.452233	0.389391	0.311836	0.222315	0.118054	0.0044906	
0.189851	0.0853319	-0.00107812	-0.0731285	-0.112635	-0.118762	-0.0932717	-0.0322144	0.0490201	0.145892	0.253666	0.353511	0.448975	0.525415	0.58359	0.612889	0.592656	0.543246	0.474291	0.38836	0.305074	0.213981	0.110532	-0.00520588	-0.128732	
0.401955	0.313649	0.238611	0.177582	0.13576	0.128787	0.157576	0.212167	0.281908	0.365725	0.459145	0.554991	0.630674	0.669613	0.682177	0.66251	0.601421	0.515533	0.411043	0.296979	0.183589	0.078643	-0.0278176	-0.150152	-0.276893	
0.655777	0.586886	0.528274	0.479414	0.443515	0.437139	0.462462	0.508245	0.56197	0.627063	0.704782	0.78302	0.829431	0.82896	0.78645	0.710575	0.604759	0.47464	0.337848	0.2016	0.0657138	-0.0537765	-0.168444	-0.290501	-0.408259	
0.922108	0.873576	0.835713	0.798039	0.775997	0.771933	0.787165	0.819578	0.858362	0.90054	0.958761	1.00871	1.01635	0.972814	0.881127	0.755829	0.606497	0.436592	0.267504	0.113393	-0.0304247	-0.15662	-0.273832	-0.386925	-0.503567	
1.17683	1.14793	1.12082	1.09797	1.08296	1.07983	1.09127	1.11018	1.13731	1.16457	1.19375	1.20812	1.17615	1.08457	0.951042	0.783601	0.594043	0.392597	0.206162	0.0505969	-0.078565	-0.20049	-0.314783	-0.42953	-0.551571	
1.39026	1.38085	1.3591	1.34268	1.32927	1.32638	1.33715	1.35136	1.37272	1.38851	1.38634	1.36007	1.28425	1.14726	0.977595	0.783193	0.566943	0.352286	0.163711	0.0143504	-0.0983491	-0.201314	-0.304959	-0.416082	-0.543744	
1.52896	1.54361	1.53422	1.51864	1.50643	1.50519	1.51234	1.52885	1.54168	1.53806	1.50684	1.43807	1.32293	1.16017	0.964141	0.75178	0.530277	0.312362	0.133675	0.00515983	-0.0934521	-0.179635	-0.26418	-0.365766	-0.493706	
1.58262	1.62432	1.63441	1.6244	1.61812	1.6167	1.62062	1.63202	1.63159	1.60355	1.54245	1.43924	1.29643	1.11706	0.912829	0.695446	0.475877	0.272599	0.117787	0.0104307	-0.0699978	-0.13616	-0.203301	-0.290622	-0.408927	
1.56723	1.63073	1.65946	1.6605	1.65888	1.65796	1.65981	1.66153	1.64681	1.59689	1.50993	1.37955	1.2132	1.02285	0.816997	0.603399	0.400263	0.225802	0.105993	0.028409	-0.0303127	-0.0806884	-0.134135	-0.203453	-0.302407	
1.4702	1.55239	1.6023	1.62592	1.63386	1.63421	1.63052	1.61392	1.57654	1.50736	1.40097	1.2514	1.073	0.878195	0.677715	0.480654	0.300705	0.157426	0.0716824	0.022815	-0.0118216	-0.042259	-0.080778	-0.132202	-0.207851	
1.29232	1.39528	1.47258	1.52486	1.55194	1.55743	1.53791	1.49699	1.42871	1.33697	1.21745	1.06519	0.884972	0.69811	0.512872	0.337504	0.182759	0.0716437	0.00471365	-0.0239098	-0.0334483	-0.0437681	-0.0597148	-0.0868159	-0.13536	
1.08014	1.19373	1.29187	1.36765	1.40885	1.41643	1.38824	1.32591	1.23469	1.12815	1.00168	0.853393	0.682523	0.508341	0.342673	0.191532	0.061543	-0.0265393	-0.0850198	-0.105292	-0.0933935	-0.0726145	-0.0630768	-0.0635243	-0.0836697	
0.861004	0.973939	1.07706	1.16183	1.20845	1.21714	1.18545	1.11492	1.01597	0.908046	0.788091	0.65509	0.506838	0.348253	0.19269	0.0525689	-0.0641675	-0.146173	-0.194278	-0.204876	-0.173754	-0.121141	-0.0783963	-0.0546677	-0.0490236	
0.656065	0.757937	0.848453	0.916812	0.956543	0.962853	0.936465	0.879185	0.795645	0.697321	0.593224	0.477431	0.351276	0.21338	0.0698466	-0.0666352	-0.178121	-0.261465	-0.310549	-0.316871	-0.26786	-0.185207	-0.109932	-0.0532848	-0.0236714	
0.477226	0.559485	0.624758	0.67125	0.696181	0.699732	0.684478	0.645145	0.587495	0.511758	0.424561	0.333879	0.232223	0.117521	-0.0129318	-0.147117	-0.259577	-0.34491	-0.399777	-0.398044	-0.340607	-0.240177	-0.139777	-0.054424	-0.002095	
0.353114	0.406017	0.433978	0.45134	0.458281	0.458614	0.455457	0.441643	0.419102	0.377095	0.316125	0.252285	0.173022	0.0769947	-0.0433107	-0.174581	-0.289815	-0.379314	-0.430135	-0.4233	-0.361039	-0.249318	-0.137736	-0.0435036	0.0297905	
0.298961	0.307252	0.286857	0.266686	0.25139	0.248572	0.259708	0.277998	0.300818	0.306196	0.284565	0.249317	0.185799	0.0978681	-0.0200803	-0.153126	-0.267694	-0.35605	-0.402968	-0.39228	-0.325839	-0.217377	-0.0975566	0.00342181	0.0884439	
0.295835	0.252219	0.182892	0.126921	0.0904012	0.08389	0.110064	0.157754	0.225606	0.282844	0.30673	0.302524	0.256651	0.170097	0.0527333	-0.0816087	-0.197042	-0.282239	-0.3265	-0.316573	-0.252224	-0.149447	-0.0265902	0.0897834	0.196298	
0.309182	0.223658	0.122908	0.0407808	-0.00559994	-0.0136801	0.0178285	0.0857645	0.182925	0.278337	0.34694	0.376537	0.352857	0.275386	0.159946	0.0263868	-0.0926669	-0.179393	-0.221028	-0.213259	-0.152684	-0.0476959	0.0822798	0.21608	0.353097	
0.339476	0.227762	0.110314	0.0137907	-0.041096	-0.0498639	-0.0141363	0.0688206	0.179397	0.297005	0.393883	0.445938	0.441508	0.382092	0.277091	0.155144	0.0390605	-0.0489976	-0.0926596	-0.0860841	-0.0255109	0.0829513	0.219784	0.376066	0.537717	
0.363532	0.242133	0.125224	0.0299101	-0.0280279	-0.0378475	0.00183802	0.0838374	0.19352	0.317149	0.424978	0.493535	0.51175	0.471435	0.385279	0.278383	0.16585	0.0777642	0.033774	0.0460137	0.114976	0.229828	0.373686	0.549627	0.730043	
0.369977	0.257516	0.151142	0.0581588	0.0042692	-0.00519382	0.0309825	0.111728	0.213785	0.325261	0.434129	0.510483	0.538967	0.521996	0.459148	0.367648	0.26492	0.178201	0.135579	0.160081	0.24676	0.383608	0.541286	0.730141	0.925846	
0.365396	0.267993	0.174753	0.098623	0.0460663	0.0365012	0.0732762	0.142639	0.22847	0.327429	0.42001	0.492381	0.524506	0.520912	0.476477	0.406917	0.322355	0.247886	0.214724	0.257983	0.368361	0.527589	0.707631	0.911698	1.11364	
0.334655	0.262226	0.191832	0.140824	0.0999423	0.0921859	0.1222	0.169371	0.232195	0.306658	0.376238	0.43815	0.466875	0.466672	0.4394	0.388322	0.329965	0.282962	0.274331	0.341874	0.479576	0.659263	0.860051	1.07645	1.27819	
0.29037	0.247843	0.205341	0.174955	0.152114	0.146066	0.165492	0.191021	0.230626	0.273345	0.317474	0.356363	0.370435	0.36705	0.351423	0.319142	0.30017	0.293753	0.323556	0.419797	0.58005	0.776437	0.992275	1.20846	1.40757	
0.247843	0.232617	0.210494	0.200946	0.189679	0.186799	0.19683	0.206097	0.22317	0.24282	0.256139	0.268105	0.262305	0.248787	0.233604	0.221468	0.237276	0.281091	0.359389	0.492197	0.675105	0.886147	1.1073	1.31764	1.49762	
0.205341	0.210494	0.207707	0.213014	0.21147	0.210772	0.213553	0.208463	0.208861	0.209613	0.197039	0.182874	0.161488	0.13478	0.114275	0.112804	0.153183	0.240351	0.369816	0.543499	0.75662	0.986377	1.20909	1.40516	1.55804	
0.174955	0.200946	0.213014	0.216459	0.225207	0.226631	0.220072	0.21473	0.207293	0.18627	0.155828	0.115375	0.0730827	0.040219	0.0178443	0.0230138	0.0854612	0.205147	0.372915	0.579356	0.816411	1.06707	1.29096	1.46803	1.59306	
0.152114	0.189679	0.21147	0.225207	0.236271	0.238928	0.230001	0.218052	0.198948	0.170159	0.121745	0.0663891	0.0192973	-0.0159626	-0.0407082	-0.0261193	0.043523	0.180633	0.370841	0.597678	0.850191	1.1127	1.33528	1.50201	1.60776	
0.146066	0.186799	0.210772	0.226631	0.238928	0.243098	0.231604	0.218463	0.197174	0.165646	0.113994	0.0581738	0.00920287	-0.0257192	-0.0499064	-0.0341451	0.0356697	0.177099	0.370307	0.600326	0.855074	1.12084	1.34311	1.50951	1.60982	
0.165492	0.19683	0.213553	0.220072	0.230001	0.231604	0.224207	0.216415	0.204918	0.179545	0.141068	0.0921851	0.0465071	0.0125363	-0.0111267	-0.00231926	0.0658624	0.193588	0.37246	0.589122	0.833507	1.0901	1.31341	1.48393	1.60117	
0.191021	0.206097	0.208463	0.21473	0.218052	0.218463	0.216415	0.210622	0.20686	0.199023	0.178199	0.154349	0.124115	0.0944433	0.072434	0.0732058	0.122267	0.224834	0.371036	0.559558	0.783399	1.0225	1.24619	1.43416	1.57426	
0.230626	0.22317	0.208861	0.207293	0.198948	0.197174	0.204918	0.20686	0.216944	0.229668	0.230962	0.232182	0.220511	0.201304	0.183964	0.177065	0.20422	0.266659	0.365619	0.514649	0.709402	0.92736	1.14905	1.35452	1.52565	
0.273345	0.24282	0.209613	0.18627	0.170159	0.165646	0.179545	0.199023	0.229668	0.260715	0.293701	0.321996	0.327383	0.321398	0.306883	0.282691	0.279089	0.292731	0.340867	0.450796	0.618975	0.8218	1.04084	1.25521	1.44736	
0.317474	0.256139	0.197039	0.155828	0.121745	0.113994	0.141068	0.178199	0.230962	0.293701	0.353148	0.406134	0.432043	0.430882	0.408977	0.365752	0.322122	0.289237	0.294779	0.372619	0.521037	0.707286	0.915124	1.13228	1.33502	
0.356363	0.268105	0.182874	0.115375	0.0663891	0.0581738	0.0921851	0.154349	0.232182	0.321996	0.406134	0.475914	0.506611	0.504984	0.468172	0.406439	0.330772	0.266592	0.241226	0.29304	0.4139	0.581789	0.770748	0.981691	1.18282	
0.370435	0.262305	0.161488	0.0730827	0.0192973	0.00920287	0.0465071	0.124115	0.220511	0.327383	0.432043	0.506611	0.538036	0.528215	0.472878	0.389971	0.294136	0.208923	0.169222	0.200758	0.297093	0.442852	0.608444	0.802693	1.00263	
0.36705	0.248787	0.13478	0.040219	-0.0159626	-0.0257192	0.0125363	0.0944433	0.201304	0.321398	0.430882	0.504984	0.528215	0.496872	0.420731	0.319732	0.209426	0.12209	0.0782374	0.0944342	0.168917	0.290944	0.439904	0.621868	0.808856	
0.351423	0.233604	0.114275	0.0178443	-0.0407082	-0.0499064	-0.0111267	0.072434	0.183964	0.306883	0.408977	0.468172	0.472878	0.420731	0.32288	0.206977	0.0922881	0.00389556	-0.0404737	-0.0318644	0.0308071	0.140428	0.279077	0.443651	0.614157	
0.319142	0.221468	0.112804	0.0230138	-0.0261193	-0.0341451	-0.00231926	0.0732058	0.177065	0.282691	0.365752	0.406439	0.389971	0.319732	0.206977	0.0768897	-0.0423276	-0.12962	-0.171812	-0.164387	-0.104828	0.00146561	0.135148	0.278536	0.424876	
0.30017	0.237276	0.153183	0.0854612	0.043523	0.0356697	0.0658624	0.122267	0.20422	0.279089	0.322122	0.330772	0.294136	0.209426	0.0922881	-0.0423276	-0.159081	-0.244775	-0.286897	-0.278457	-0.215627	-0.112814	0.0120057	0.134242	0.254659	
0.293753	0.281091	0.240351	0.205147	0.180633	0.177099	0.193588	0.224834	0.266659	0.292731	0.289237	0.266592	0.208923	0.12209	0.00389556	-0.12962	-0.244775	-0.331137	-0.376994	-0.365391	-0.299884	-0.193966	-0.0724953	0.0342744	0.124615	
0.323556	0.359389	0.369816	0.372915	0.370841	0.370307	0.37246	0.371036	0.365619	0.340867	0.294779	0.241226	0.169222	0.0782374	-0.0404737	-0.171812	-0.286897	-0.376994	-0.425902	-0.4186	-0.352829	-0.241186	-0.12626	-0.0295753	0.0487532	
0.419797	0.492197	0.543499	0.579356	0.597678	0.600326	0.589122	0.559558	0.514649	0.450796	0.372619	0.29304	0.200758	0.0944342	-0.0318644	-0.164387	-0.278457	-0.365391	-0.4186	-0.414351	-0.355893	-0.249732	-0.143478	-0.0532189	0.00879371	
0.58005	0.675105	0.75662	0.816411	0.850191	0.855074	0.833507	0.783399	0.709402	0.618975	0.521037	0.4139	0.297093	0.168917	0.0308071	-0.104828	-0.215627	-0.299884	-0.352829	-0.355893	-0.302291	-0.210085	-0.12371	-0.0541495	-0.0152234	
0.776437	0.886147	0.986377	1.06707	1.1127	1.12084	1.0901	1.0225	0.92736	0.8218	0.707286	0.581789	0.442852	0.290944	0.140428	0.00146561	-0.112814	-0.193966	-0.241186	-0.249732	-0.210085	-0.146604	-0.0891449	-0.0530563	-0.0377928	
0.992275	1.1073	1.20909	1.29096	1.33528	1.34311	1.31341	1.24619	1.14905	1.04084	0.915124	0.770748	0.608444	0.439904	0.279077	0.135148	0.0120057	-0.0724953	-0.12626	-0.143478	-0.12371	-0.0891449	-0.0674142	-0.0594477	-0.0685608	
1.20846	1.31764	1.40516	1.46803	1.50201	1.50951	1.48393	1.43416	1.35452	1.25521	1.13228	0.981691	0.802693	0.621868	0.443651	0.278536	0.134242	0.0342744	-0.0295753	-0.0532189	-0.0541495	-0.0530563	-0.0594477	-0.07426	-0.111599	
1.40757	1.49762	1.55804	1.59306	1.60776	1.60982	1.60117	1.57426	1.52565	1.44736	1.33502	1.18282	1.00263	0.808856	0.614157	0.424876	0.254659	0.124615	0.0487532	0.00879371	-0.0152234	-0.0377928	-0.0685608	-0.111599	-0.176863	
