0.52521	0.537914	0.543757	0.551606	0.552608	0.554719	0.551662	0.547456	0.540723	0.529926	0.519416	0.502398	0.487329	0.465337	0.4448	0.419133	0.393714	0.364596	0.336695	0.304589	0.275681	0.243232	0.213048	0.182345	0.150825	
0.357173	0.367243	0.373312	0.379496	0.380948	0.382463	0.38002	0.376231	0.370221	0.361331	0.351313	0.338325	0.323592	0.307427	0.288152	0.268801	0.246422	0.223815	0.199668	0.175527	0.150225	0.127454	0.102295	0.0832624	0.0601928	
0.213235	0.219153	0.226613	0.228755	0.23263	0.231527	0.231102	0.227222	0.222205	0.216032	0.206572	0.198423	0.185365	0.175145	0.159913	0.147447	0.131196	0.116846	0.0999773	0.0845915	0.0671204	0.0521045	0.0344001	0.0205451	0.00671793	
0.109378	0.1144	0.119314	0.121372	0.124013	0.123306	0.123068	0.120048	0.116618	0.111613	0.105198	0.0983925	0.0896739	0.0812691	0.0713465	0.0615736	0.0518901	0.0411717	0.0324327	0.0223687	0.0132082	0.00524256	-0.00416369	-0.0135051	-0.0199669	
0.0430815	0.0461465	0.0489897	0.0505576	0.0518955	0.0516788	0.0514443	0.0496474	0.0475341	0.0446378	0.0404619	0.0366655	0.0309605	0.0256301	0.0197955	0.0121555	0.00688722	-0.00145256	-0.00796049	-0.0132095	-0.0213314	-0.0245542	-0.0285719	-0.0342939	-0.0350725	
0.00107214	0.000979275	0.0037794	0.00389849	0.00467417	0.00513388	0.00366465	0.00449015	0.00104107	0.00174008	-0.00244137	-0.00321404	-0.0061622	-0.00959103	-0.0107708	-0.0154387	-0.0178537	-0.0201304	-0.0264968	-0.0274139	-0.0328677	-0.0390113	-0.038846	-0.0459974	-0.0483148	
-0.022976	-0.0214568	-0.0209867	-0.019129	-0.0203756	-0.0181548	-0.0207149	-0.0191439	-0.0215742	-0.0222757	-0.0229472	-0.0267237	-0.0256971	-0.0305202	-0.030713	-0.0324113	-0.0361892	-0.034518	-0.0376711	-0.0393557	-0.0363222	-0.0425951	-0.041351	-0.041911	-0.0497381	
-0.0322528	-0.0286846	-0.0301779	-0.0287285	-0.0289084	-0.0293317	-0.028157	-0.0306465	-0.0279517	-0.0322544	-0.0290424	-0.0332578	-0.0322855	-0.033601	-0.0369096	-0.0355353	-0.0400262	-0.041336	-0.0408304	-0.0470779	-0.0439301	-0.0458347	-0.0489304	-0.0442064	-0.045547	
-0.0399122	-0.0364809	-0.0385995	-0.0376554	-0.0369571	-0.0389918	-0.0359131	-0.0398492	-0.0360291	-0.0397511	-0.0374523	-0.038731	-0.0393023	-0.0380777	-0.0395792	-0.0396524	-0.0377218	-0.0426661	-0.037903	-0.0432965	-0.0438664	-0.0433304	-0.0482694	-0.0495562	-0.0467969	
-0.0398287	-0.038716	-0.0397226	-0.0379744	-0.0389951	-0.0382782	-0.0385347	-0.0387184	-0.0390898	-0.0388975	-0.0405353	-0.0394361	-0.0416719	-0.0414815	-0.0413975	-0.0445116	-0.0410236	-0.0449756	-0.0432199	-0.0416226	-0.045549	-0.0413035	-0.0439447	-0.0457738	-0.0466899	
-0.0355678	-0.0394657	-0.036721	-0.0379459	-0.0381374	-0.0366735	-0.0393844	-0.0357607	-0.0403236	-0.0354856	-0.0405442	-0.0364741	-0.0397979	-0.0387063	-0.0393536	-0.0405081	-0.0416018	-0.0406451	-0.0456673	-0.0417477	-0.046507	-0.0450853	-0.0447641	-0.0453049	-0.0455736	
-0.039227	-0.0411667	-0.0393321	-0.0404816	-0.0400379	-0.0395313	-0.0407924	-0.0389891	-0.0410653	-0.0392326	-0.0406693	-0.0399995	-0.0400945	-0.0403167	-0.0401926	-0.0396268	-0.0408706	-0.0392597	-0.0412599	-0.0407969	-0.0424204	-0.0435187	-0.0450274	-0.0464052	-0.0465288	
-0.0384356	-0.0389266	-0.0379574	-0.0384165	-0.0379381	-0.0381066	-0.0382409	-0.0380522	-0.0387784	-0.0383065	-0.0394714	-0.0389862	-0.0401617	-0.0401709	-0.0407881	-0.0413178	-0.0418325	-0.041072	-0.0433802	-0.0398895	-0.0428997	-0.0414059	-0.0407709	-0.0438712	-0.0455148	
-0.0363125	-0.0383404	-0.0366026	-0.0376893	-0.0374975	-0.0367474	-0.0383623	-0.0361382	-0.0386342	-0.0363843	-0.038066	-0.0374891	-0.0373411	-0.0384066	-0.0382234	-0.0379488	-0.041318	-0.0378681	-0.0432561	-0.0419295	-0.0417437	-0.0459856	-0.0425722	-0.0424528	-0.0443957	
-0.0396954	-0.0385848	-0.0385527	-0.0390366	-0.0379957	-0.0392714	-0.0376872	-0.0397295	-0.0373359	-0.0403458	-0.0372972	-0.0402974	-0.0383262	-0.0389203	-0.0400628	-0.0374979	-0.0401253	-0.0385463	-0.0378337	-0.0409574	-0.0382203	-0.0414417	-0.0430022	-0.0438274	-0.0447516	
-0.0374779	-0.036429	-0.0362925	-0.0370497	-0.0353847	-0.0376061	-0.0350546	-0.0379042	-0.0353919	-0.0379415	-0.0364035	-0.037918	-0.0378086	-0.0383987	-0.0389812	-0.0398281	-0.0396568	-0.0414804	-0.0401821	-0.042142	-0.040046	-0.0418606	-0.0395164	-0.0407735	-0.0416822	
-0.0376973	-0.0359865	-0.0373177	-0.0364752	-0.0367585	-0.0370066	-0.0362031	-0.0374781	-0.0357297	-0.0377932	-0.0354951	-0.0377307	-0.0358012	-0.0371653	-0.0367037	-0.0367857	-0.0374521	-0.0381889	-0.0375132	-0.0412582	-0.0391885	-0.0423431	-0.0436738	-0.0418959	-0.0430088	
-0.0383329	-0.0367921	-0.0373491	-0.0372978	-0.0364493	-0.0379181	-0.0359566	-0.0384196	-0.0360805	-0.038575	-0.0369683	-0.0382816	-0.0383336	-0.0380178	-0.039049	-0.0387778	-0.0380562	-0.040357	-0.0367335	-0.0403074	-0.0379304	-0.0388432	-0.0399804	-0.0414298	-0.040577	
-0.0364913	-0.0340773	-0.0359657	-0.0346174	-0.0349962	-0.0354657	-0.0342233	-0.0360581	-0.0340485	-0.0361979	-0.0345441	-0.0361687	-0.0353293	-0.0367698	-0.0357823	-0.0385711	-0.0360931	-0.0405436	-0.0376559	-0.0408262	-0.040341	-0.0400883	-0.0412533	-0.040359	-0.0405136	
-0.0368274	-0.0363192	-0.0372196	-0.0361009	-0.037181	-0.0362476	-0.0370253	-0.0364222	-0.0370451	-0.0364439	-0.0371831	-0.0364664	-0.0370696	-0.0367587	-0.0365442	-0.0372288	-0.0361837	-0.0375319	-0.0368716	-0.0378985	-0.0388591	-0.039013	-0.0409647	-0.0414791	-0.0405128	
-0.0363348	-0.0346475	-0.0358009	-0.0346268	-0.0351657	-0.0350022	-0.0347249	-0.0355033	-0.0347039	-0.0359572	-0.0352398	-0.0363662	-0.0361693	-0.037108	-0.0368028	-0.0386687	-0.0366399	-0.0401687	-0.0369304	-0.0392261	-0.0388796	-0.0374461	-0.0394255	-0.0401782	-0.0394268	
-0.0347675	-0.0349234	-0.0356279	-0.0345387	-0.0358298	-0.0345943	-0.0358072	-0.0345643	-0.035965	-0.0343105	-0.0361231	-0.0343904	-0.0356266	-0.0354914	-0.0345784	-0.0369948	-0.0349862	-0.0371866	-0.0381981	-0.0370179	-0.0407782	-0.0393139	-0.0400295	-0.0405433	-0.0396098	
-0.0360169	-0.0358471	-0.0361311	-0.0350535	-0.0363197	-0.0346781	-0.0364226	-0.0348505	-0.0363887	-0.0355418	-0.0362826	-0.0364812	-0.0363632	-0.0371372	-0.0367815	-0.0372656	-0.0369642	-0.0372641	-0.0365713	-0.0369741	-0.0373492	-0.0367956	-0.0393459	-0.0403981	-0.0402028	
-0.0336465	-0.0341394	-0.0341623	-0.0337696	-0.0343023	-0.0337798	-0.0343681	-0.0337258	-0.0347088	-0.0334754	-0.0352316	-0.0335731	-0.0352991	-0.0349028	-0.0347305	-0.0370982	-0.0353321	-0.0378597	-0.0388032	-0.037055	-0.0410551	-0.0385271	-0.0381675	-0.0394794	-0.0382631	
-0.0352311	-0.0360718	-0.0359045	-0.0349855	-0.0365818	-0.0342527	-0.0369744	-0.0341282	-0.0369177	-0.0347218	-0.0363321	-0.0358264	-0.0355899	-0.0365588	-0.0355621	-0.0360083	-0.0363674	-0.0350223	-0.0367543	-0.0355565	-0.0372309	-0.0374606	-0.0397335	-0.0402986	-0.0410898	
-0.0334951	-0.0343743	-0.0337392	-0.0338135	-0.0339919	-0.033591	-0.0342457	-0.0335254	-0.034676	-0.0335019	-0.0352926	-0.0337875	-0.0357242	-0.0349491	-0.0357228	-0.0367996	-0.0363091	-0.0375704	-0.0386853	-0.0367345	-0.0398939	-0.0375445	-0.0369505	-0.038849	-0.0377839	
-0.0343743	-0.0353828	-0.0350868	-0.0344629	-0.0357583	-0.0337742	-0.0361542	-0.0335374	-0.0361136	-0.0339259	-0.035508	-0.0348994	-0.0346469	-0.0357513	-0.0345283	-0.0354802	-0.035742	-0.0346219	-0.037113	-0.0354261	-0.037888	-0.037997	-0.0396027	-0.0398042	-0.0408979	
-0.0337392	-0.0350868	-0.034078	-0.0342253	-0.034615	-0.0336984	-0.0350967	-0.0335528	-0.0355329	-0.0337252	-0.0359207	-0.0342592	-0.036127	-0.0352236	-0.0361982	-0.0362184	-0.0368101	-0.0363207	-0.0382987	-0.0359114	-0.0385774	-0.0372092	-0.036798	-0.0387556	-0.0384172	
-0.0338135	-0.0344629	-0.0342253	-0.0338277	-0.0346512	-0.0333368	-0.0349148	-0.0331524	-0.0349026	-0.0334301	-0.0345605	-0.0342093	-0.0341381	-0.0351185	-0.0343408	-0.0354955	-0.0356808	-0.0353815	-0.0374727	-0.0359736	-0.0385356	-0.0378541	-0.0389389	-0.039151	-0.0398311	
-0.0339919	-0.0357583	-0.034615	-0.0346512	-0.0354523	-0.0338705	-0.0361303	-0.0336005	-0.0365347	-0.0338631	-0.0365573	-0.0346212	-0.0361964	-0.0355098	-0.0359614	-0.0356956	-0.036674	-0.0349409	-0.0378911	-0.0350889	-0.0377269	-0.0375126	-0.037363	-0.0390298	-0.0395893	
-0.033591	-0.0337742	-0.0336984	-0.0333368	-0.0338705	-0.0330416	-0.0339824	-0.0329715	-0.034006	-0.0332009	-0.0340054	-0.0337927	-0.0341538	-0.0347258	-0.0347212	-0.0357661	-0.0359763	-0.0364142	-0.0378513	-0.0365245	-0.0390782	-0.0373529	-0.0381156	-0.0386431	-0.0385752	
-0.0342457	-0.0361542	-0.0350967	-0.0349148	-0.0361303	-0.0339824	-0.0369201	-0.0336338	-0.0372516	-0.0339874	-0.0369128	-0.0349729	-0.0360171	-0.0358683	-0.0355037	-0.0354598	-0.0363544	-0.0340646	-0.0375062	-0.0346683	-0.0372705	-0.0379044	-0.0382155	-0.0394161	-0.0406976	
-0.0335254	-0.0335374	-0.0335528	-0.0331524	-0.0336005	-0.0329715	-0.0336338	-0.0329448	-0.0337484	-0.0330498	-0.0340587	-0.0334425	-0.0345403	-0.0344763	-0.0351028	-0.0361321	-0.0361394	-0.0372093	-0.0382811	-0.0367775	-0.0396923	-0.0371268	-0.0374967	-0.0385153	-0.0376999	
-0.034676	-0.0361136	-0.0355329	-0.0349026	-0.0365347	-0.034006	-0.0372516	-0.0337484	-0.0374207	-0.0342903	-0.0368357	-0.0354692	-0.0357756	-0.036319	-0.0353443	-0.0355955	-0.0362589	-0.0340836	-0.0371339	-0.0348174	-0.0371177	-0.0378035	-0.0390223	-0.0397305	-0.041264	
-0.0335019	-0.0339259	-0.0337252	-0.0334301	-0.0338631	-0.0332009	-0.0339874	-0.0330498	-0.0342903	-0.0329221	-0.0347778	-0.0331905	-0.0351094	-0.0344915	-0.0351321	-0.0365662	-0.0359363	-0.0375052	-0.0386364	-0.0367546	-0.0402045	-0.037595	-0.037429	-0.038818	-0.0376528	
-0.0352926	-0.035508	-0.0359207	-0.0345605	-0.0365573	-0.0340054	-0.0369128	-0.0340587	-0.0368357	-0.0347778	-0.036289	-0.0358865	-0.0356422	-0.0365511	-0.0356297	-0.036073	-0.0363341	-0.0352373	-0.0368744	-0.0355447	-0.0375809	-0.0371469	-0.0394847	-0.0399871	-0.0409371	
-0.0337875	-0.0348994	-0.0342592	-0.0342093	-0.0346212	-0.0337927	-0.0349729	-0.0334425	-0.0354692	-0.0331905	-0.0358865	-0.0335927	-0.0356777	-0.0351855	-0.0350186	-0.037102	-0.035694	-0.0373688	-0.0385503	-0.0367879	-0.039996	-0.0384413	-0.0381942	-0.0393509	-0.0385444	
-0.0357242	-0.0346469	-0.036127	-0.0341381	-0.0361964	-0.0341538	-0.0360171	-0.0345403	-0.0357756	-0.0351094	-0.0356422	-0.0356777	-0.0357218	-0.0361765	-0.0359001	-0.0367579	-0.0360577	-0.0371875	-0.0369554	-0.0366341	-0.0389742	-0.0368612	-0.0395313	-0.0403683	-0.040025	
-0.0349491	-0.0357513	-0.0352236	-0.0351185	-0.0355098	-0.0347258	-0.0358683	-0.0344763	-0.036319	-0.0344915	-0.0365511	-0.0351855	-0.0361765	-0.036621	-0.0356029	-0.0377642	-0.0360974	-0.0376443	-0.0377092	-0.0375154	-0.0388629	-0.0385765	-0.0395367	-0.0398363	-0.039553	
-0.0357228	-0.0345283	-0.0361982	-0.0343408	-0.0359614	-0.0347212	-0.0355037	-0.0351028	-0.0353443	-0.0351321	-0.0356297	-0.0350186	-0.0359001	-0.0356029	-0.0355139	-0.0373146	-0.0352441	-0.0385243	-0.0373551	-0.0377132	-0.0404542	-0.0382625	-0.039839	-0.040908	-0.0399185	
-0.0367996	-0.0354802	-0.0362184	-0.0354955	-0.0356956	-0.0357661	-0.0354598	-0.0361321	-0.0355955	-0.0365662	-0.036073	-0.037102	-0.0367579	-0.0377642	-0.0373146	-0.0386227	-0.0371861	-0.0395653	-0.0367065	-0.0393218	-0.0380927	-0.0376995	-0.0402762	-0.0402488	-0.0394419	
-0.0363091	-0.035742	-0.0368101	-0.0356808	-0.036674	-0.0359763	-0.0363544	-0.0361394	-0.0362589	-0.0359363	-0.0363341	-0.035694	-0.0360577	-0.0360974	-0.0352441	-0.0371861	-0.0351818	-0.0379877	-0.0373272	-0.0387579	-0.0400247	-0.0407609	-0.0414366	-0.041415	-0.0415529	
-0.0375704	-0.0346219	-0.0363207	-0.0353815	-0.0349409	-0.0364142	-0.0340646	-0.0372093	-0.0340836	-0.0375052	-0.0352373	-0.0373688	-0.0371875	-0.0376443	-0.0385243	-0.0395653	-0.0379877	-0.0421726	-0.0373453	-0.0414272	-0.0392241	-0.0382446	-0.039802	-0.0405555	-0.0391099	
-0.0386853	-0.037113	-0.0382987	-0.0374727	-0.0378911	-0.0378513	-0.0375062	-0.0382811	-0.0371339	-0.0386364	-0.0368744	-0.0385503	-0.0369554	-0.0377092	-0.0373551	-0.0367065	-0.0373272	-0.0373453	-0.0365368	-0.0400406	-0.0378612	-0.0414485	-0.0431572	-0.0421532	-0.0432439	
-0.0367345	-0.0354261	-0.0359114	-0.0359736	-0.0350889	-0.0365245	-0.0346683	-0.0367775	-0.0348174	-0.0367546	-0.0355447	-0.0367879	-0.0366341	-0.0375154	-0.0377132	-0.0393218	-0.0387579	-0.0414272	-0.0400406	-0.0424687	-0.040796	-0.0421498	-0.040503	-0.040641	-0.0413316	
-0.0398939	-0.037888	-0.0385774	-0.0385356	-0.0377269	-0.0390782	-0.0372705	-0.0396923	-0.0371177	-0.0402045	-0.0375809	-0.039996	-0.0389742	-0.0388629	-0.0404542	-0.0380927	-0.0400247	-0.0392241	-0.0378612	-0.040796	-0.0381577	-0.0408387	-0.0418636	-0.0431276	-0.0438386	
-0.0375445	-0.037997	-0.0372092	-0.0378541	-0.0375126	-0.0373529	-0.0379044	-0.0371268	-0.0378035	-0.037595	-0.0371469	-0.0384413	-0.0368612	-0.0385765	-0.0382625	-0.0376995	-0.0407609	-0.0382446	-0.0414485	-0.0421498	-0.0408387	-0.0445635	-0.0434634	-0.0423059	-0.0445952	
-0.0369505	-0.0396027	-0.036798	-0.0389389	-0.037363	-0.0381156	-0.0382155	-0.0374967	-0.0390223	-0.037429	-0.0394847	-0.0381942	-0.0395313	-0.0395367	-0.039839	-0.0402762	-0.0414366	-0.039802	-0.0431572	-0.040503	-0.0418636	-0.0434634	-0.0408608	-0.0431755	-0.0455549	
-0.038849	-0.0398042	-0.0387556	-0.039151	-0.0390298	-0.0386431	-0.0394161	-0.0385153	-0.0397305	-0.038818	-0.0399871	-0.0393509	-0.0403683	-0.0398363	-0.040908	-0.0402488	-0.041415	-0.0405555	-0.0421532	-0.040641	-0.0431276	-0.0423059	-0.0431755	-0.045777	-0.0456955	
-0.0377839	-0.0408979	-0.0384172	-0.0398311	-0.0395893	-0.0385752	-0.0406976	-0.0376999	-0.041264	-0.0376528	-0.0409371	-0.0385444	-0.040025	-0.039553	-0.0399185	-0.0394419	-0.0415529	-0.0391099	-0.0432439	-0.0413316	-0.0438386	-0.0445952	-0.0455549	-0.0456955	-0.0462007	
