0.319678	0.490594	0.648105	0.772083	0.845397	0.857646	0.80859	0.702566	0.556064	0.388202	0.221435	0.0718792	-0.0403448	-0.104168	-0.12333	-0.11071	-0.0584833	0.0252189	0.134694	0.251712	0.374319	0.494251	0.60458	0.692935	0.766236	
0.279429	0.468186	0.647002	0.789136	0.872051	0.883905	0.831441	0.708784	0.542734	0.354155	0.172817	0.0209161	-0.0850774	-0.133501	-0.123343	-0.0853016	-0.014379	0.082125	0.200573	0.33193	0.457023	0.578494	0.692509	0.788737	0.87034	
0.231017	0.435961	0.63556	0.792439	0.885361	0.901356	0.838199	0.704033	0.519396	0.3111	0.120065	-0.0263779	-0.123348	-0.160967	-0.141366	-0.0861585	-0.00492254	0.100975	0.230966	0.374491	0.507559	0.631495	0.745264	0.848378	0.935866	
0.178941	0.395186	0.601816	0.768168	0.870694	0.888126	0.818134	0.674894	0.480924	0.26418	0.0653751	-0.0722807	-0.155077	-0.188329	-0.168549	-0.107539	-0.0186599	0.0955415	0.231369	0.383192	0.522714	0.649515	0.765808	0.868237	0.95829	
0.12999	0.346235	0.545945	0.709061	0.816068	0.835504	0.760385	0.616431	0.4296	0.21568	0.0172408	-0.113331	-0.184348	-0.213383	-0.194583	-0.132563	-0.0367618	0.0813401	0.219924	0.365945	0.506221	0.635179	0.752623	0.854126	0.946449	
0.0712266	0.276269	0.463213	0.614557	0.721202	0.742082	0.66465	0.527769	0.355284	0.151732	-0.0362047	-0.161842	-0.224219	-0.24158	-0.217995	-0.15119	-0.0539419	0.0596989	0.19309	0.32769	0.461059	0.590558	0.706152	0.808598	0.900767	
-0.0121009	0.176981	0.34865	0.487679	0.585957	0.605427	0.533402	0.408011	0.249284	0.0624797	-0.112313	-0.230127	-0.285071	-0.28834	-0.246233	-0.165019	-0.0722938	0.0321232	0.149256	0.267997	0.387914	0.50928	0.621544	0.724835	0.820851	
-0.130604	0.0402715	0.200584	0.332468	0.419847	0.436367	0.373668	0.257556	0.10711	-0.0638032	-0.219371	-0.321053	-0.362457	-0.349092	-0.282409	-0.186533	-0.0947127	-0.00264618	0.0964056	0.198495	0.29789	0.394194	0.490402	0.586942	0.690984	
-0.270413	-0.119908	0.0352845	0.159745	0.238783	0.254616	0.197007	0.0892969	-0.0554804	-0.213352	-0.342991	-0.419369	-0.43995	-0.402406	-0.317347	-0.211505	-0.119009	-0.0388753	0.0383782	0.118256	0.187815	0.256573	0.329655	0.419053	0.531337	
-0.397095	-0.268654	-0.123943	-0.00183694	0.0725081	0.08636	0.0339737	-0.0703636	-0.210679	-0.349801	-0.453583	-0.500535	-0.488787	-0.429525	-0.333514	-0.228291	-0.142071	-0.067743	-0.0114404	0.0373122	0.0767259	0.115123	0.168487	0.251307	0.364191	
-0.480267	-0.373641	-0.245466	-0.132142	-0.0646848	-0.0504503	-0.0997207	-0.195981	-0.323635	-0.441743	-0.52322	-0.54661	-0.513254	-0.435647	-0.335452	-0.236571	-0.153067	-0.0828159	-0.0421379	-0.0243531	-0.0198018	-0.00868613	0.0294456	0.101603	0.211943	
-0.50952	-0.421512	-0.308899	-0.206609	-0.143778	-0.132058	-0.175852	-0.264457	-0.378107	-0.478765	-0.541658	-0.551875	-0.502483	-0.413452	-0.307368	-0.211411	-0.132635	-0.0748725	-0.0506071	-0.0598285	-0.0819844	-0.0942833	-0.0705952	-0.0090106	0.0901764	
-0.474215	-0.405354	-0.312687	-0.231617	-0.18076	-0.170948	-0.206674	-0.277468	-0.36863	-0.451307	-0.497804	-0.502423	-0.453149	-0.363884	-0.255562	-0.153444	-0.0746303	-0.0304298	-0.0239892	-0.0529754	-0.0942702	-0.127342	-0.125975	-0.0796722	0.00682322	
-0.391493	-0.341367	-0.276	-0.214085	-0.178225	-0.171358	-0.196614	-0.249023	-0.316245	-0.374373	-0.406959	-0.401002	-0.353477	-0.270166	-0.161718	-0.0521843	0.0281164	0.061707	0.046948	0.000118039	-0.0575536	-0.110881	-0.13528	-0.112766	-0.0399494	
-0.275981	-0.252025	-0.214222	-0.177348	-0.151672	-0.147304	-0.165158	-0.199061	-0.237686	-0.269054	-0.278843	-0.258377	-0.205131	-0.122694	-0.0175845	0.0918926	0.173058	0.196914	0.162623	0.0946863	0.0131703	-0.0588899	-0.103337	-0.104687	-0.0516404	
-0.148817	-0.155634	-0.150497	-0.138285	-0.123486	-0.119455	-0.132177	-0.146507	-0.154276	-0.153651	-0.136115	-0.0952674	-0.0293683	0.058386	0.158893	0.259584	0.33395	0.352857	0.307064	0.216148	0.105223	0.00764665	-0.0558379	-0.0748221	-0.0452479	
-0.0401705	-0.0734842	-0.0948693	-0.0977782	-0.0918416	-0.0896337	-0.0959821	-0.097863	-0.0841037	-0.054485	-0.0126097	0.0565733	0.145249	0.24683	0.348286	0.434546	0.4884	0.495533	0.43546	0.327154	0.190717	0.06911	-0.0125732	-0.0486443	-0.0426922	
0.0466526	-0.009877	-0.0475554	-0.0664454	-0.070415	-0.0692755	-0.0699298	-0.0568863	-0.0274385	0.0220192	0.090794	0.184977	0.295962	0.409448	0.507663	0.579121	0.611292	0.59747	0.523601	0.401245	0.249467	0.106744	0.00449046	-0.0512488	-0.0660426	
0.101222	0.0236758	-0.0266809	-0.0592909	-0.0730774	-0.0739183	-0.067211	-0.0418662	0.00130525	0.0665638	0.160504	0.276772	0.402386	0.51756	0.608053	0.664825	0.678199	0.642101	0.549977	0.411622	0.253503	0.101408	-0.0175994	-0.0895893	-0.119231	
0.112883	0.0171734	-0.0471767	-0.0855744	-0.104578	-0.106152	-0.0960005	-0.0646088	-0.0123148	0.0709136	0.184648	0.317834	0.449919	0.561057	0.642789	0.690516	0.689211	0.635945	0.520273	0.361624	0.194502	0.0382156	-0.0834894	-0.158632	-0.198328	
0.078815	-0.0376308	-0.116809	-0.163895	-0.183944	-0.184921	-0.175073	-0.138721	-0.0736591	0.0281655	0.160404	0.299726	0.43237	0.540532	0.617733	0.663939	0.655096	0.586134	0.453857	0.274778	0.0937025	-0.0634811	-0.179442	-0.247862	-0.287699	
-0.0166705	-0.151413	-0.249387	-0.309722	-0.333648	-0.335033	-0.323526	-0.278132	-0.195158	-0.0746045	0.0739065	0.221098	0.356673	0.469365	0.551058	0.595271	0.580802	0.501305	0.359517	0.174278	-0.0129709	-0.176497	-0.291141	-0.354525	-0.391274	
-0.178874	-0.330291	-0.449927	-0.527353	-0.565404	-0.570401	-0.547329	-0.485815	-0.382891	-0.24229	-0.0805858	0.0845345	0.238358	0.364776	0.454835	0.498919	0.476569	0.392546	0.252253	0.077114	-0.106039	-0.26982	-0.388922	-0.454549	-0.483961	
-0.406714	-0.573594	-0.708226	-0.805375	-0.859317	-0.866644	-0.833201	-0.75183	-0.631485	-0.476578	-0.295419	-0.101759	0.0829224	0.232061	0.329873	0.373151	0.351849	0.273304	0.148857	-0.00490554	-0.174244	-0.332894	-0.454177	-0.524947	-0.545091	
-0.67081	-0.85739	-1.00458	-1.11111	-1.17026	-1.18034	-1.14093	-1.05256	-0.920816	-0.750054	-0.542459	-0.311092	-0.0904461	0.0819506	0.191483	0.235409	0.223706	0.162356	0.0602849	-0.0667187	-0.213853	-0.358971	-0.472094	-0.541521	-0.550772	
-0.924595	-1.14128	-1.30593	-1.41346	-1.47004	-1.47868	-1.4421	-1.35538	-1.21392	-1.01656	-0.775776	-0.510384	-0.263314	-0.0732661	0.0484504	0.105552	0.110979	0.0733586	-0.00257283	-0.102151	-0.224835	-0.348354	-0.445724	-0.50317	-0.499399	
-1.14128	-1.38918	-1.57034	-1.67799	-1.72657	-1.73319	-1.70345	-1.62152	-1.47083	-1.24686	-0.973361	-0.684136	-0.420334	-0.214812	-0.0754066	0.00179061	0.0260952	0.00790449	-0.0453429	-0.120848	-0.213129	-0.307685	-0.383858	-0.422286	-0.399587	
-1.30593	-1.57034	-1.76127	-1.87397	-1.92164	-1.92797	-1.89946	-1.81512	-1.65644	-1.41903	-1.12656	-0.823789	-0.546921	-0.321564	-0.161873	-0.0687111	-0.0294733	-0.0351059	-0.0741153	-0.127061	-0.187949	-0.253513	-0.301937	-0.31722	-0.278305	
-1.41346	-1.67799	-1.87397	-1.99696	-2.06001	-2.06907	-2.0292	-1.93103	-1.76548	-1.52576	-1.2344	-0.926157	-0.632937	-0.388098	-0.21426	-0.108798	-0.0655667	-0.0600074	-0.0831968	-0.122258	-0.161677	-0.200291	-0.228994	-0.221729	-0.169348	
-1.47004	-1.72657	-1.92164	-2.06001	-2.13902	-2.15123	-2.10018	-1.98369	-1.812	-1.5793	-1.29284	-0.983566	-0.67808	-0.416558	-0.235169	-0.128404	-0.0820055	-0.0681379	-0.0812002	-0.111168	-0.140227	-0.169154	-0.184185	-0.162467	-0.103899	
-1.47868	-1.73319	-1.92797	-2.06907	-2.15123	-2.16447	-2.11043	-1.99078	-1.81793	-1.58738	-1.30266	-0.992587	-0.684429	-0.419137	-0.235845	-0.129834	-0.0830178	-0.068167	-0.0794094	-0.108159	-0.135954	-0.163317	-0.17564	-0.151971	-0.0903002	
-1.4421	-1.70345	-1.89946	-2.0292	-2.10018	-2.11043	-2.06542	-1.95883	-1.79022	-1.55317	-1.26389	-0.955375	-0.656495	-0.403814	-0.226372	-0.119491	-0.0748669	-0.0654462	-0.0834863	-0.117858	-0.151979	-0.185104	-0.207114	-0.192645	-0.137741	
-1.35538	-1.62152	-1.81512	-1.93103	-1.98369	-1.99078	-1.95883	-1.86994	-1.70869	-1.46905	-1.17532	-0.869713	-0.586144	-0.352855	-0.186646	-0.0871039	-0.0463888	-0.0470304	-0.0794819	-0.126684	-0.177201	-0.230411	-0.270383	-0.275535	-0.230741	
-1.21392	-1.47083	-1.65644	-1.76548	-1.812	-1.81793	-1.79022	-1.70869	-1.55439	-1.32393	-1.03979	-0.743935	-0.475643	-0.262148	-0.114493	-0.0310507	0.00141919	-0.0116239	-0.0589706	-0.124212	-0.203742	-0.287283	-0.35157	-0.381733	-0.352427	
-1.01656	-1.24686	-1.41903	-1.52576	-1.5793	-1.58738	-1.55317	-1.46905	-1.32393	-1.11435	-0.85973	-0.583376	-0.328541	-0.133375	-0.00528532	0.0604743	0.0730358	0.0444347	-0.0207912	-0.111545	-0.222849	-0.334358	-0.425009	-0.47519	-0.46321	
-0.775776	-0.973361	-1.12656	-1.2344	-1.29284	-1.30266	-1.26389	-1.17532	-1.03979	-0.85973	-0.638812	-0.392893	-0.160493	0.0199106	0.134196	0.181217	0.175895	0.123868	0.0313208	-0.0835963	-0.221132	-0.359328	-0.466236	-0.531864	-0.537815	
-0.510384	-0.684136	-0.823789	-0.926157	-0.983566	-0.992587	-0.955375	-0.869713	-0.743935	-0.583376	-0.392893	-0.184658	0.014572	0.173335	0.275736	0.318249	0.29994	0.226478	0.111408	-0.0323398	-0.193634	-0.347531	-0.467234	-0.539415	-0.553845	
-0.263314	-0.420334	-0.546921	-0.632937	-0.67808	-0.684429	-0.656495	-0.586144	-0.475643	-0.328541	-0.160493	0.014572	0.179749	0.314524	0.407755	0.451571	0.428084	0.345256	0.209452	0.0422631	-0.136548	-0.299178	-0.420139	-0.48777	-0.514435	
-0.0732661	-0.214812	-0.321564	-0.388098	-0.416558	-0.419137	-0.403814	-0.352855	-0.262148	-0.133375	0.0199106	0.173335	0.314524	0.431613	0.516525	0.560532	0.542448	0.460373	0.317267	0.134027	-0.0525643	-0.217324	-0.332996	-0.396639	-0.430715	
0.0484504	-0.0754066	-0.161873	-0.21426	-0.235169	-0.235845	-0.226372	-0.186646	-0.114493	-0.00528532	0.134196	0.275736	0.407755	0.516525	0.593973	0.639408	0.629609	0.55561	0.418525	0.234946	0.0499627	-0.109601	-0.223812	-0.289482	-0.328257	
0.105552	0.00179061	-0.0687111	-0.108798	-0.128404	-0.129834	-0.119491	-0.0871039	-0.0310507	0.0604743	0.181217	0.318249	0.451571	0.560532	0.639408	0.686988	0.680999	0.621438	0.498105	0.329978	0.157378	0.00126433	-0.118907	-0.191662	-0.232129	
0.110979	0.0260952	-0.0294733	-0.0655667	-0.0820055	-0.0830178	-0.0748669	-0.0463888	0.00141919	0.0730358	0.175895	0.29994	0.428084	0.542448	0.629609	0.680999	0.688676	0.645243	0.542811	0.39787	0.237276	0.0818135	-0.0391482	-0.11408	-0.149517	
0.0733586	0.00790449	-0.0351059	-0.0600074	-0.0681379	-0.068167	-0.0654462	-0.0470304	-0.0116239	0.0444347	0.123868	0.226478	0.345256	0.460373	0.55561	0.621438	0.645243	0.621249	0.542756	0.413323	0.25866	0.111656	0.000770025	-0.0627622	-0.0827479	
-0.00257283	-0.0453429	-0.0741153	-0.0831968	-0.0812002	-0.0794094	-0.0834863	-0.0794819	-0.0589706	-0.0207912	0.0313208	0.111408	0.209452	0.317267	0.418525	0.498105	0.542811	0.542756	0.475975	0.363001	0.219108	0.0882213	-0.00126633	-0.0450035	-0.0489562	
-0.102151	-0.120848	-0.127061	-0.122258	-0.111168	-0.108159	-0.117858	-0.126684	-0.124212	-0.111545	-0.0835963	-0.0323398	0.0422631	0.134027	0.234946	0.329978	0.39787	0.413323	0.363001	0.263228	0.141674	0.0333971	-0.0370061	-0.0630372	-0.0420873	
-0.224835	-0.213129	-0.187949	-0.161677	-0.140227	-0.135954	-0.151979	-0.177201	-0.203742	-0.222849	-0.221132	-0.193634	-0.136548	-0.0525643	0.0499627	0.157378	0.237276	0.25866	0.219108	0.141674	0.0481576	-0.0326456	-0.0849572	-0.0938812	-0.0499794	
-0.348354	-0.307685	-0.253513	-0.200291	-0.169154	-0.163317	-0.185104	-0.230411	-0.287283	-0.334358	-0.359328	-0.347531	-0.299178	-0.217324	-0.109601	0.00126433	0.0818135	0.111656	0.0882213	0.0333971	-0.0326456	-0.093277	-0.126357	-0.113705	-0.0483542	
-0.445724	-0.383858	-0.301937	-0.228994	-0.184185	-0.17564	-0.207114	-0.270383	-0.35157	-0.425009	-0.466236	-0.467234	-0.420139	-0.332996	-0.223812	-0.118907	-0.0391482	0.000770025	-0.00126633	-0.0370061	-0.0849572	-0.126357	-0.135344	-0.0979499	-0.0163931	
-0.50317	-0.422286	-0.31722	-0.221729	-0.162467	-0.151971	-0.192645	-0.275535	-0.381733	-0.47519	-0.531864	-0.539415	-0.48777	-0.396639	-0.289482	-0.191662	-0.11408	-0.0627622	-0.0450035	-0.0630372	-0.0938812	-0.113705	-0.0979499	-0.0416305	0.0520007	
-0.499399	-0.399587	-0.278305	-0.169348	-0.103899	-0.0903002	-0.137741	-0.230741	-0.352427	-0.46321	-0.537815	-0.553845	-0.514435	-0.430715	-0.328257	-0.232129	-0.149517	-0.0827479	-0.0489562	-0.0420873	-0.0499794	-0.0483542	-0.0163931	0.0520007	0.158935	
