0.167379	0.106642	0.0489682	-0.000360376	-0.0280843	-0.0318702	-0.0150041	0.0279651	0.083242	0.143428	0.197457	0.2215	0.201727	0.124916	-0.00954858	-0.186145	-0.381257	-0.564464	-0.712536	-0.809138	-0.846417	-0.833273	-0.766611	-0.647545	-0.492049	
0.0608861	-0.00892434	-0.0704225	-0.121496	-0.149009	-0.15228	-0.135759	-0.0924539	-0.0349568	0.0327961	0.0986289	0.137908	0.141018	0.0925551	-0.0124969	-0.161251	-0.332279	-0.495232	-0.625392	-0.706571	-0.735132	-0.716052	-0.643071	-0.519407	-0.354497	
-0.0609656	-0.146736	-0.219747	-0.278962	-0.309221	-0.313158	-0.295598	-0.245612	-0.177302	-0.0963473	-0.00950539	0.0604726	0.0983895	0.0855686	0.015427	-0.101881	-0.246762	-0.389979	-0.506727	-0.578493	-0.597489	-0.570347	-0.492801	-0.364598	-0.194329	
-0.171641	-0.284542	-0.375516	-0.4457	-0.484609	-0.490081	-0.465551	-0.406422	-0.323953	-0.218453	-0.102841	-0.00327157	0.0695541	0.0953224	0.0624585	-0.0212907	-0.140996	-0.268795	-0.372758	-0.433592	-0.445019	-0.407051	-0.321335	-0.190277	-0.0173114	
-0.258839	-0.389237	-0.49908	-0.585562	-0.630244	-0.636625	-0.609126	-0.537014	-0.43553	-0.312811	-0.176889	-0.0506139	0.0511965	0.109	0.10905	0.0563625	-0.0328059	-0.136506	-0.226635	-0.279211	-0.28604	-0.243558	-0.152028	-0.0194624	0.150464	
-0.311381	-0.454796	-0.568906	-0.653325	-0.700298	-0.707676	-0.677002	-0.606588	-0.504136	-0.371255	-0.219951	-0.0734274	0.0513549	0.133156	0.160071	0.134923	0.068606	-0.0160583	-0.0887487	-0.130998	-0.136395	-0.0973191	-0.0139021	0.110969	0.274494	
-0.308273	-0.449596	-0.56276	-0.64518	-0.688387	-0.695003	-0.667186	-0.600167	-0.498492	-0.367332	-0.215363	-0.0603784	0.0797678	0.184679	0.234085	0.2247	0.171964	0.0948953	0.0225029	-0.0200353	-0.0280363	0.00358735	0.0730551	0.179111	0.326438	
-0.228149	-0.366788	-0.480609	-0.56128	-0.60715	-0.615588	-0.583839	-0.516765	-0.415857	-0.28569	-0.137971	0.0171989	0.1602	0.266547	0.325512	0.330318	0.282108	0.202258	0.119719	0.0576949	0.0308918	0.0466085	0.0966359	0.181084	0.305387	
-0.0863866	-0.223295	-0.331092	-0.405974	-0.447803	-0.454933	-0.42641	-0.365261	-0.270403	-0.143969	0.00339186	0.154179	0.292651	0.401429	0.458069	0.456828	0.403316	0.309555	0.205731	0.112475	0.0452422	0.0281404	0.0513121	0.111996	0.220639	
0.106809	-0.0155995	-0.117304	-0.18578	-0.222997	-0.23059	-0.204181	-0.148976	-0.0595151	0.0558917	0.189676	0.337574	0.47219	0.572596	0.620661	0.602957	0.52737	0.405251	0.266285	0.141435	0.0387017	-0.0202423	-0.0301163	0.00554575	0.0964229	
0.350003	0.239018	0.14799	0.0903157	0.0541648	0.0471475	0.074504	0.120459	0.199521	0.304247	0.422933	0.553222	0.666678	0.747697	0.779767	0.742131	0.638946	0.487223	0.312703	0.148145	0.0179023	-0.0664704	-0.102585	-0.08733	-0.0177436	
0.611467	0.524801	0.448899	0.401508	0.372511	0.365999	0.388197	0.426327	0.492043	0.576307	0.667712	0.767076	0.852547	0.907452	0.915141	0.85762	0.735888	0.563906	0.361609	0.163165	0.00405667	-0.101618	-0.155324	-0.154125	-0.0986183	
0.852225	0.793148	0.745987	0.717938	0.702291	0.698704	0.710255	0.733458	0.771971	0.826942	0.893321	0.964877	1.02672	1.05382	1.03501	0.959556	0.814121	0.62268	0.409947	0.19556	0.0146038	-0.107377	-0.168188	-0.174347	-0.129444	
1.06296	1.02797	1.00351	0.988575	0.980931	0.979909	0.984663	0.996704	1.01719	1.04753	1.08793	1.12844	1.16001	1.17149	1.13785	1.04747	0.899934	0.697927	0.471852	0.255519	0.0713401	-0.0592551	-0.128467	-0.138657	-0.106051	
1.20829	1.19495	1.17983	1.17532	1.17142	1.16949	1.1744	1.17656	1.18836	1.20382	1.21929	1.24498	1.26005	1.25753	1.2233	1.13298	0.993415	0.803862	0.579347	0.36404	0.185679	0.0507243	-0.0273961	-0.0475499	-0.0325684	
1.26599	1.25605	1.25211	1.25385	1.25584	1.25683	1.25526	1.25175	1.2542	1.26071	1.27727	1.30174	1.31734	1.32047	1.29649	1.22456	1.09875	0.932239	0.730642	0.516085	0.34271	0.215124	0.135641	0.0993028	0.0888251	
1.24766	1.23021	1.22562	1.21862	1.21999	1.22165	1.21713	1.22371	1.22784	1.23825	1.26325	1.28775	1.32039	1.34413	1.33987	1.30248	1.20809	1.06713	0.898008	0.713287	0.546703	0.419948	0.342538	0.296095	0.25734	
1.15189	1.12264	1.11035	1.09712	1.09508	1.09675	1.09402	1.10584	1.11599	1.13828	1.17489	1.21556	1.27382	1.32068	1.34688	1.34786	1.29688	1.19678	1.06216	0.914382	0.769109	0.645735	0.563406	0.507958	0.446547	
1.00545	0.961149	0.93783	0.922365	0.913634	0.913278	0.917435	0.930953	0.949888	0.985349	1.03678	1.09678	1.17069	1.24885	1.31299	1.35054	1.35257	1.29946	1.20078	1.0841	0.96821	0.862554	0.771505	0.700624	0.618913	
0.826921	0.777236	0.745659	0.722167	0.713534	0.712321	0.717052	0.735581	0.763023	0.804329	0.867482	0.945399	1.03645	1.14269	1.23839	1.30794	1.35221	1.34839	1.29937	1.21897	1.12099	1.02971	0.943758	0.85585	0.753812	
0.646083	0.595446	0.559529	0.529844	0.521691	0.521485	0.524267	0.545555	0.580343	0.623194	0.691497	0.783325	0.886454	1.00566	1.12843	1.2333	1.31037	1.34943	1.34496	1.30046	1.22674	1.14335	1.05288	0.946586	0.827419	
0.491619	0.433928	0.390178	0.370882	0.354347	0.350117	0.36483	0.379461	0.414271	0.467551	0.530762	0.621942	0.733335	0.857682	0.998575	1.13648	1.24452	1.31533	1.34625	1.33213	1.2791	1.2023	1.09987	0.972328	0.830067	
0.353187	0.29661	0.25556	0.242433	0.22705	0.222581	0.237558	0.248293	0.277326	0.32954	0.390468	0.477969	0.596825	0.727632	0.87075	1.02186	1.1566	1.26289	1.32327	1.3319	1.28859	1.20827	1.09893	0.946559	0.775197	
0.24292	0.194413	0.160909	0.142495	0.130912	0.128455	0.136593	0.151862	0.179285	0.221471	0.281493	0.365267	0.474138	0.605011	0.758417	0.917366	1.068	1.19952	1.28118	1.31364	1.28364	1.19109	1.05843	0.881652	0.684195	
0.163997	0.121626	0.0921476	0.0734277	0.0646147	0.063116	0.0693702	0.0836262	0.108036	0.145332	0.199029	0.275474	0.373542	0.501475	0.660967	0.829926	0.996981	1.1428	1.24572	1.29001	1.26083	1.16252	0.999284	0.795938	0.5696	
0.103062	0.0675674	0.0459091	0.0274215	0.0250607	0.0255279	0.0244357	0.0381659	0.0579279	0.0859867	0.137567	0.208123	0.304706	0.435011	0.581053	0.752117	0.937404	1.09693	1.21809	1.26797	1.24097	1.13183	0.941348	0.711531	0.454153	
0.0675674	0.034715	0.0157641	0.00116787	-0.00366013	-0.0040391	-0.00285392	0.00942564	0.0264353	0.0513344	0.0984851	0.162578	0.250716	0.376282	0.527337	0.703378	0.889039	1.06223	1.19722	1.25456	1.23276	1.10534	0.891497	0.636217	0.351506	
0.0459091	0.0157641	-0.00349135	-0.0142576	-0.020693	-0.0209598	-0.0164917	-0.00878632	0.00704632	0.0321924	0.0708856	0.130793	0.213776	0.331069	0.488678	0.670689	0.860707	1.04618	1.1893	1.25156	1.22243	1.08538	0.855926	0.571279	0.265822	
0.0274215	0.00116787	-0.0142576	-0.0244297	-0.0259466	-0.0261016	-0.0263465	-0.0191778	-0.00587755	0.0153363	0.0523811	0.111272	0.199041	0.316333	0.462126	0.641847	0.843899	1.03192	1.17818	1.25333	1.21979	1.07547	0.834547	0.529188	0.212007	
0.0250607	-0.00366013	-0.020693	-0.0259466	-0.0320736	-0.0343537	-0.0281741	-0.0232966	-0.0124263	0.0126238	0.0465044	0.100784	0.185132	0.298237	0.451173	0.634557	0.834292	1.0278	1.17807	1.25603	1.21845	1.06869	0.822855	0.505754	0.178312	
0.0255279	-0.0040391	-0.0209598	-0.0261016	-0.0343537	-0.0355861	-0.0281994	-0.0241216	-0.0124038	0.0130219	0.0451956	0.0989284	0.182016	0.293092	0.449695	0.634625	0.832054	1.02876	1.17998	1.2563	1.21834	1.06744	0.820945	0.500836	0.170863	
0.0244357	-0.00285392	-0.0164917	-0.0263465	-0.0281741	-0.0281994	-0.0287935	-0.0211179	-0.0092715	0.0118246	0.0493032	0.105576	0.193768	0.310837	0.455905	0.636867	0.838812	1.02833	1.17601	1.25393	1.22038	1.07221	0.828634	0.517868	0.196749	
0.0381659	0.00942564	-0.00878632	-0.0191778	-0.0232966	-0.0241216	-0.0211179	-0.0131564	0.000657819	0.0247464	0.0633079	0.121453	0.205725	0.322571	0.475286	0.658054	0.853773	1.04036	1.1859	1.25243	1.21936	1.08022	0.846494	0.551781	0.240378	
0.0579279	0.0264353	0.00704632	-0.00587755	-0.0124263	-0.0124038	-0.0092715	0.000657819	0.0183503	0.0428819	0.0854898	0.14855	0.233444	0.355593	0.510875	0.689215	0.875469	1.05363	1.19331	1.25249	1.22841	1.09705	0.875319	0.608024	0.314239	
0.0859867	0.0513344	0.0321924	0.0153363	0.0126238	0.0130219	0.0118246	0.0247464	0.0428819	0.0692685	0.119737	0.18778	0.281582	0.410886	0.557478	0.729649	0.915841	1.08136	1.20763	1.26059	1.2381	1.12043	0.919205	0.680477	0.412078	
0.137567	0.0984851	0.0708856	0.0523811	0.0465044	0.0451956	0.0493032	0.0633079	0.0854898	0.119737	0.17173	0.245875	0.34332	0.471032	0.625508	0.795977	0.971962	1.12428	1.23512	1.28115	1.25067	1.14965	0.976247	0.761707	0.521842	
0.208123	0.162578	0.130793	0.111272	0.100784	0.0989284	0.105576	0.121453	0.14855	0.18778	0.245875	0.326556	0.429751	0.560689	0.718167	0.881441	1.03812	1.17402	1.26468	1.30433	1.27602	1.18105	1.03541	0.848485	0.640331	
0.304706	0.250716	0.213776	0.199041	0.185132	0.182016	0.193768	0.205725	0.233444	0.281582	0.34332	0.429751	0.545974	0.677295	0.823814	0.977957	1.11949	1.23874	1.30765	1.32558	1.28894	1.2031	1.08624	0.924152	0.74256	
0.435011	0.376282	0.331069	0.316333	0.298237	0.293092	0.310837	0.322571	0.355593	0.410886	0.471032	0.560689	0.677295	0.803632	0.945785	1.09076	1.21074	1.2966	1.34044	1.33585	1.28546	1.20919	1.10576	0.96772	0.813818	
0.581053	0.527337	0.488678	0.462126	0.451173	0.449695	0.455905	0.475286	0.510875	0.557478	0.625508	0.718167	0.823814	0.945785	1.07805	1.19831	1.28774	1.33816	1.34812	1.31764	1.25441	1.17421	1.07803	0.963886	0.837054	
0.752117	0.703378	0.670689	0.641847	0.634557	0.634625	0.636867	0.658054	0.689215	0.729649	0.795977	0.881441	0.977957	1.09076	1.19831	1.28038	1.33815	1.35493	1.32485	1.25869	1.16973	1.08136	0.995738	0.900271	0.790972	
0.937404	0.889039	0.860707	0.843899	0.834292	0.832054	0.838812	0.853773	0.875469	0.915841	0.971962	1.03812	1.11949	1.21074	1.28774	1.33815	1.35949	1.32539	1.24587	1.14356	1.03435	0.935936	0.846687	0.769208	0.67908	
1.09693	1.06223	1.04618	1.03192	1.0278	1.02876	1.02833	1.04036	1.05363	1.08136	1.12428	1.17402	1.23874	1.2966	1.33816	1.35493	1.32539	1.24262	1.1208	0.985754	0.853748	0.736699	0.648966	0.588501	0.518933	
1.21809	1.19722	1.1893	1.17818	1.17807	1.17998	1.17601	1.1859	1.19331	1.20763	1.23512	1.26468	1.30765	1.34044	1.34812	1.32485	1.24587	1.1208	0.966227	0.796633	0.636075	0.508878	0.430945	0.381365	0.331978	
1.26797	1.25456	1.25156	1.25333	1.25603	1.2563	1.25393	1.25243	1.25249	1.26059	1.28115	1.30433	1.32558	1.33585	1.31764	1.25869	1.14356	0.985754	0.796633	0.590644	0.419037	0.293161	0.214722	0.173926	0.152063	
1.24097	1.23276	1.22243	1.21979	1.21845	1.21834	1.22038	1.21936	1.22841	1.2381	1.25067	1.27602	1.28894	1.28546	1.25441	1.16973	1.03435	0.853748	0.636075	0.419037	0.243692	0.111117	0.0307854	0.0040176	0.010052	
1.13183	1.10534	1.08538	1.07547	1.06869	1.06744	1.07221	1.08022	1.09705	1.12043	1.14965	1.18105	1.2031	1.20919	1.17421	1.08136	0.935936	0.736699	0.508878	0.293161	0.111117	-0.0228924	-0.0954981	-0.108563	-0.0826795	
0.941348	0.891497	0.855926	0.834547	0.822855	0.820945	0.828634	0.846494	0.875319	0.919205	0.976247	1.03541	1.08624	1.10576	1.07803	0.995738	0.846687	0.648966	0.430945	0.214722	0.0307854	-0.0954981	-0.159099	-0.166604	-0.126359	
0.711531	0.636217	0.571279	0.529188	0.505754	0.500836	0.517868	0.551781	0.608024	0.680477	0.761707	0.848485	0.924152	0.96772	0.963886	0.900271	0.769208	0.588501	0.381365	0.173926	0.0040176	-0.108563	-0.166604	-0.169127	-0.117795	
0.454153	0.351506	0.265822	0.212007	0.178312	0.170863	0.196749	0.240378	0.314239	0.412078	0.521842	0.640331	0.74256	0.813818	0.837054	0.790972	0.67908	0.518933	0.331978	0.152063	0.010052	-0.0826795	-0.126359	-0.117795	-0.0545817	
