0.194593	0.143414	0.103721	0.0841619	0.0796475	0.0795984	0.0813004	0.0934933	0.125589	0.173106	0.229461	0.293179	0.367689	0.450321	0.528278	0.588007	0.607651	0.568931	0.46607	0.321179	0.163336	0.00730929	-0.133113	-0.239276	-0.293186	
0.122407	0.0591367	0.0185972	0.00368388	0.00136462	0.00261724	0.00152376	0.010491	0.0395516	0.0943557	0.172453	0.270061	0.37894	0.484378	0.575979	0.644965	0.679976	0.65993	0.574798	0.436039	0.264197	0.0812129	-0.0892582	-0.218336	-0.294323	
0.0476661	-0.020066	-0.0517896	-0.0570743	-0.0524363	-0.0509073	-0.0553862	-0.0562354	-0.0367413	0.0155397	0.108138	0.235605	0.378401	0.512884	0.622152	0.706871	0.755871	0.757578	0.693704	0.569339	0.391929	0.183413	-0.0179438	-0.176322	-0.278857	
-0.0267391	-0.0891933	-0.10574	-0.0955803	-0.0833425	-0.0793145	-0.0907146	-0.102585	-0.10122	-0.0576439	0.0376911	0.188033	0.35921	0.524095	0.657198	0.761699	0.82941	0.850747	0.811561	0.705356	0.531592	0.307347	0.0766065	-0.112113	-0.247869	
-0.100976	-0.150522	-0.146513	-0.119464	-0.0975064	-0.0924221	-0.109434	-0.136175	-0.154209	-0.128654	-0.0375414	0.121983	0.315402	0.50603	0.667689	0.798214	0.889754	0.935108	0.919958	0.837306	0.674571	0.448562	0.200844	-0.0162747	-0.184641	
-0.158163	-0.190263	-0.163648	-0.120298	-0.0886101	-0.082893	-0.105013	-0.146172	-0.184628	-0.179838	-0.101418	0.0579378	0.261915	0.473859	0.663537	0.826422	0.949483	1.02388	1.03706	0.976712	0.831799	0.611913	0.360083	0.121212	-0.0825252	
-0.185694	-0.196176	-0.148975	-0.0893735	-0.0505944	-0.0430143	-0.0707684	-0.123809	-0.182203	-0.199039	-0.138861	0.00967814	0.21323	0.435468	0.649521	0.844342	1.00479	1.11456	1.15931	1.12395	0.995806	0.790235	0.541872	0.292795	0.0588728	
-0.17543	-0.165241	-0.0978398	-0.0263623	0.0200025	0.0272532	-0.00323155	-0.0677351	-0.141918	-0.180864	-0.14131	-0.012324	0.179438	0.400505	0.628735	0.851472	1.04881	1.19913	1.2804	1.2723	1.16371	0.972268	0.735908	0.483583	0.232621	
-0.134004	-0.10308	-0.0208758	0.0609694	0.111585	0.119655	0.0862423	0.0140313	-0.0732509	-0.13082	-0.112849	-0.00789656	0.16383	0.373035	0.605784	0.847461	1.07978	1.27208	1.39729	1.42333	1.34	1.16752	0.944903	0.698425	0.439014	
-0.0620729	-0.0145023	0.0792259	0.167588	0.221164	0.229636	0.19438	0.11725	0.0205898	-0.0515082	-0.054063	0.0256479	0.171429	0.361619	0.587416	0.838785	1.09658	1.32974	1.50031	1.56935	1.51906	1.37248	1.16756	0.929559	0.671943	
0.0291506	0.0895454	0.190162	0.281508	0.336873	0.344817	0.309612	0.229236	0.128453	0.0452588	0.0268102	0.0814034	0.201484	0.367346	0.580378	0.830235	1.10535	1.37087	1.5873	1.70279	1.69688	1.58428	1.40378	1.1766	0.923793	
0.121933	0.191265	0.293988	0.386494	0.441066	0.449664	0.413896	0.334059	0.23121	0.142892	0.110706	0.144863	0.238799	0.381352	0.575292	0.817561	1.09765	1.38719	1.6411	1.80498	1.84872	1.78254	1.63431	1.42589	1.18063	
0.193803	0.267496	0.370012	0.460336	0.514108	0.522183	0.487419	0.408956	0.307838	0.217099	0.175863	0.191883	0.263859	0.382918	0.557703	0.785034	1.06227	1.36226	1.644	1.84844	1.94386	1.92959	1.82537	1.64385	1.41566	
0.20455	0.280715	0.379677	0.467088	0.518746	0.526627	0.4931	0.417285	0.320018	0.229615	0.182308	0.18403	0.237111	0.336781	0.492408	0.7045	0.971646	1.27444	1.57206	1.80972	1.95308	1.99565	1.94487	1.80628	1.60749	
0.141262	0.21653	0.310851	0.393891	0.442789	0.450975	0.418059	0.347027	0.253739	0.167304	0.11522	0.107185	0.144689	0.229397	0.369374	0.56665	0.822664	1.12095	1.42628	1.68642	1.87036	1.96703	1.9739	1.88876	1.73539	
0.0153759	0.0889178	0.177124	0.25485	0.301412	0.308606	0.278213	0.210428	0.124449	0.0409088	-0.0115491	-0.0288641	-0.00160818	0.0706827	0.19915	0.383897	0.627846	0.918503	1.22235	1.49442	1.70607	1.84514	1.90347	1.87114	1.76897	
-0.146451	-0.0751182	0.0074582	0.0805691	0.123926	0.131749	0.101611	0.0393942	-0.0425504	-0.120326	-0.176565	-0.199676	-0.184813	-0.121759	-0.0057411	0.167138	0.397211	0.674733	0.969543	1.24031	1.46445	1.62943	1.72309	1.73555	1.68129	
-0.327435	-0.256732	-0.178953	-0.110268	-0.0687413	-0.0617395	-0.0898537	-0.149521	-0.225363	-0.301574	-0.358979	-0.391924	-0.386346	-0.33562	-0.229929	-0.0707224	0.144685	0.406358	0.685315	0.946635	1.16925	1.34357	1.45613	1.49649	1.48221	
-0.5086	-0.438507	-0.364357	-0.299337	-0.259868	-0.252612	-0.280351	-0.336031	-0.408897	-0.481543	-0.543875	-0.58342	-0.590416	-0.548484	-0.455229	-0.306976	-0.106343	0.139459	0.402225	0.648997	0.864143	1.03611	1.15281	1.20758	1.21706	
-0.662681	-0.592295	-0.522167	-0.460342	-0.422846	-0.415685	-0.442373	-0.495367	-0.563893	-0.635222	-0.699617	-0.747956	-0.76321	-0.732028	-0.646904	-0.510099	-0.321108	-0.0897627	0.156772	0.389662	0.5917	0.754748	0.863644	0.916479	0.934915	
-0.774655	-0.705218	-0.637814	-0.57982	-0.543542	-0.536904	-0.562447	-0.612684	-0.677835	-0.746748	-0.81465	-0.868647	-0.893721	-0.869179	-0.793543	-0.664122	-0.486163	-0.266537	-0.0332953	0.185545	0.376214	0.525265	0.620618	0.661234	0.672244	
-0.837806	-0.767633	-0.703915	-0.648102	-0.614105	-0.606941	-0.632262	-0.679561	-0.741847	-0.809204	-0.879521	-0.940423	-0.972544	-0.956697	-0.887399	-0.767043	-0.597455	-0.389032	-0.168055	0.0395979	0.217155	0.353623	0.430725	0.453529	0.448448	
-0.849228	-0.779665	-0.717339	-0.664918	-0.631312	-0.625112	-0.648942	-0.694706	-0.753957	-0.820362	-0.893541	-0.959952	-1.0003	-0.990671	-0.929741	-0.815768	-0.655695	-0.456644	-0.246527	-0.0501394	0.117522	0.239103	0.299381	0.300234	0.27261	
-0.80873	-0.737395	-0.677661	-0.626213	-0.594592	-0.58757	-0.611687	-0.655033	-0.712918	-0.778522	-0.854852	-0.927527	-0.974892	-0.973649	-0.919489	-0.814752	-0.662995	-0.474974	-0.275946	-0.0899552	0.0656242	0.174998	0.216042	0.196241	0.143612	
-0.732243	-0.661083	-0.601686	-0.552847	-0.521162	-0.515096	-0.537897	-0.580467	-0.636178	-0.701781	-0.780746	-0.858503	-0.912979	-0.917743	-0.871489	-0.773149	-0.630609	-0.451284	-0.262331	-0.0860429	0.0609126	0.157629	0.184678	0.14483	0.0703607	
-0.649681	-0.577577	-0.520737	-0.472777	-0.44289	-0.436193	-0.45914	-0.499657	-0.554024	-0.618549	-0.699099	-0.780545	-0.839016	-0.848828	-0.806074	-0.713122	-0.574645	-0.401438	-0.21767	-0.0457896	0.0963495	0.188699	0.206275	0.15627	0.0662749	
-0.577577	-0.507949	-0.452737	-0.407774	-0.378405	-0.372474	-0.394164	-0.433178	-0.484798	-0.547319	-0.62735	-0.709076	-0.768952	-0.778577	-0.736698	-0.642654	-0.50475	-0.330775	-0.146797	0.0265321	0.17133	0.264126	0.281793	0.227198	0.131071	
-0.520737	-0.452737	-0.401138	-0.357912	-0.330368	-0.324238	-0.345416	-0.382299	-0.431243	-0.491135	-0.569019	-0.649801	-0.707737	-0.71601	-0.670689	-0.574217	-0.432059	-0.254863	-0.0662505	0.112514	0.262991	0.362003	0.382714	0.330782	0.232701	
-0.472777	-0.407774	-0.357912	-0.317067	-0.290215	-0.284419	-0.304837	-0.340028	-0.386877	-0.444053	-0.520394	-0.59896	-0.655728	-0.661009	-0.613638	-0.513308	-0.368375	-0.187233	0.00506021	0.188375	0.344184	0.447411	0.472406	0.422113	0.325111	
-0.44289	-0.378405	-0.330368	-0.290215	-0.264111	-0.258395	-0.278316	-0.312921	-0.358159	-0.414556	-0.489272	-0.567627	-0.622776	-0.627574	-0.578086	-0.476679	-0.329506	-0.146788	0.0477364	0.233649	0.392067	0.498322	0.525104	0.476831	0.379875	
-0.436193	-0.372474	-0.324238	-0.284419	-0.258395	-0.252482	-0.272691	-0.306648	-0.352287	-0.407761	-0.483058	-0.560522	-0.616319	-0.620311	-0.571263	-0.46929	-0.322293	-0.139396	0.0552364	0.241153	0.399916	0.506146	0.53327	0.484885	0.388397	
-0.45914	-0.394164	-0.345416	-0.304837	-0.278316	-0.272691	-0.292672	-0.327879	-0.373589	-0.430722	-0.505836	-0.584651	-0.640257	-0.645528	-0.596804	-0.495937	-0.349742	-0.167642	0.0258657	0.210762	0.368006	0.472898	0.498928	0.449754	0.352661	
-0.499657	-0.433178	-0.382299	-0.340028	-0.312921	-0.306648	-0.327879	-0.36361	-0.412098	-0.470254	-0.547916	-0.627311	-0.685171	-0.691912	-0.645849	-0.547683	-0.404303	-0.225641	-0.0352855	0.145285	0.298129	0.398887	0.421358	0.370147	0.272563	
-0.554024	-0.484798	-0.431243	-0.386877	-0.358159	-0.352287	-0.373589	-0.412098	-0.462302	-0.524108	-0.602958	-0.684758	-0.743823	-0.753214	-0.710012	-0.615009	-0.475697	-0.300402	-0.114818	0.0607816	0.207798	0.302821	0.321634	0.267729	0.170264	
-0.618549	-0.547319	-0.491135	-0.444053	-0.414556	-0.407761	-0.430722	-0.470254	-0.524108	-0.587418	-0.66837	-0.749936	-0.809681	-0.819844	-0.777853	-0.685218	-0.54738	-0.375008	-0.191636	-0.0201117	0.122317	0.214005	0.230545	0.177988	0.0847247	
-0.699099	-0.62735	-0.569019	-0.520394	-0.489272	-0.483058	-0.505836	-0.547916	-0.602958	-0.66837	-0.747969	-0.827572	-0.884141	-0.891197	-0.846968	-0.75084	-0.610826	-0.434264	-0.248162	-0.0741356	0.0703745	0.164223	0.186877	0.141839	0.0600865	
-0.780545	-0.709076	-0.649801	-0.59896	-0.567627	-0.560522	-0.584651	-0.627311	-0.684758	-0.749936	-0.827572	-0.902314	-0.9528	-0.954398	-0.903257	-0.801671	-0.65352	-0.46983	-0.274975	-0.0933111	0.0582388	0.162126	0.196628	0.168418	0.10654	
-0.839016	-0.768952	-0.707737	-0.655728	-0.622776	-0.616319	-0.640257	-0.685171	-0.743823	-0.809681	-0.884141	-0.9528	-0.996439	-0.989734	-0.931886	-0.820908	-0.664523	-0.469602	-0.263879	-0.0715966	0.0917061	0.207861	0.260788	0.253157	0.215539	
-0.848828	-0.778577	-0.71601	-0.661009	-0.627574	-0.620311	-0.645528	-0.691912	-0.753214	-0.819844	-0.891197	-0.954398	-0.989734	-0.976791	-0.91037	-0.792867	-0.626809	-0.422526	-0.205976	-0.00264863	0.170571	0.301287	0.371299	0.385774	0.372395	
-0.806074	-0.736698	-0.670689	-0.613638	-0.578086	-0.571263	-0.596804	-0.645849	-0.710012	-0.777853	-0.846968	-0.903257	-0.931886	-0.91037	-0.837769	-0.711449	-0.537174	-0.322225	-0.0937945	0.120144	0.306164	0.449532	0.53819	0.572095	0.577573	
-0.713122	-0.642654	-0.574217	-0.513308	-0.476679	-0.46929	-0.495937	-0.547683	-0.615009	-0.685218	-0.75084	-0.801671	-0.820908	-0.792867	-0.711449	-0.577765	-0.39349	-0.167061	0.0734355	0.301053	0.498019	0.655932	0.759622	0.808661	0.82597	
-0.574645	-0.50475	-0.432059	-0.368375	-0.329506	-0.322293	-0.349742	-0.404303	-0.475697	-0.54738	-0.610826	-0.65352	-0.664523	-0.626809	-0.537174	-0.39349	-0.197588	0.0416975	0.298293	0.538988	0.749924	0.918402	1.03335	1.08899	1.104	
-0.401438	-0.330775	-0.254863	-0.187233	-0.146788	-0.139396	-0.167642	-0.225641	-0.300402	-0.375008	-0.434264	-0.46983	-0.469602	-0.422526	-0.322225	-0.167061	0.0416975	0.297314	0.569	0.825428	1.04534	1.21998	1.33568	1.38359	1.38124	
-0.21767	-0.146797	-0.0662505	0.00506021	0.0477364	0.0552364	0.0258657	-0.0352855	-0.114818	-0.191636	-0.248162	-0.274975	-0.263879	-0.205976	-0.0937945	0.0734355	0.298293	0.569	0.858458	1.12589	1.35126	1.52146	1.62456	1.6502	1.61331	
-0.0457896	0.0265321	0.112514	0.188375	0.233649	0.241153	0.210762	0.145285	0.0607816	-0.0201117	-0.0741356	-0.0933111	-0.0715966	-0.00264863	0.120144	0.301053	0.538988	0.825428	1.12589	1.39925	1.61777	1.76922	1.8439	1.83077	1.74901	
0.0963495	0.17133	0.262991	0.344184	0.392067	0.399916	0.368006	0.298129	0.207798	0.122317	0.0703745	0.0582388	0.0917061	0.170571	0.306164	0.498019	0.749924	1.04534	1.35126	1.61777	1.81475	1.93041	1.95894	1.89567	1.76252	
0.188699	0.264126	0.362003	0.447411	0.498322	0.506146	0.472898	0.398887	0.302821	0.214005	0.164223	0.162126	0.207861	0.301287	0.449532	0.655932	0.918402	1.21998	1.52146	1.76922	1.93041	1.99508	1.96761	1.84929	1.66769	
0.206275	0.281793	0.382714	0.472406	0.525104	0.53327	0.498928	0.421358	0.321634	0.230545	0.186877	0.196628	0.260788	0.371299	0.53819	0.759622	1.03335	1.33568	1.62456	1.8439	1.95894	1.96761	1.88339	1.71726	1.49884	
0.15627	0.227198	0.330782	0.422113	0.476831	0.484885	0.449754	0.370147	0.267729	0.177988	0.141839	0.168418	0.253157	0.385774	0.572095	0.808661	1.08899	1.38359	1.6502	1.83077	1.89567	1.84929	1.71726	1.51775	1.27824	
0.0662749	0.131071	0.232701	0.325111	0.379875	0.388397	0.352661	0.272563	0.170264	0.0847247	0.0600865	0.10654	0.215539	0.372395	0.577573	0.82597	1.104	1.38124	1.61331	1.74901	1.76252	1.66769	1.49884	1.27824	1.02777	
