0.304064	0.477797	0.627003	0.738207	0.802987	0.813423	0.770481	0.676308	0.541259	0.375169	0.200157	0.0397739	-0.0874108	-0.160518	-0.186443	-0.177158	-0.1333	-0.0558964	0.058643	0.186932	0.32348	0.461626	0.590932	0.706204	0.803188	
0.262445	0.462467	0.640887	0.774812	0.848704	0.857547	0.813094	0.700392	0.538018	0.342698	0.14803	-0.0195367	-0.139349	-0.197288	-0.188498	-0.147962	-0.0810079	0.00804786	0.128969	0.260324	0.393419	0.525583	0.658682	0.778659	0.883534	
0.223171	0.443629	0.646247	0.793777	0.876283	0.889618	0.835296	0.711661	0.530349	0.310116	0.101471	-0.0651752	-0.179997	-0.223722	-0.202592	-0.142897	-0.0579274	0.0423569	0.166858	0.304352	0.435511	0.569387	0.701095	0.824966	0.93278	
0.179458	0.413088	0.627141	0.789593	0.885186	0.900277	0.837227	0.699019	0.503309	0.272278	0.0519988	-0.11011	-0.207774	-0.243487	-0.217563	-0.14748	-0.0543671	0.0573993	0.18402	0.321986	0.456575	0.591397	0.721167	0.840719	0.943857	
0.135834	0.372391	0.58601	0.753708	0.860081	0.879615	0.805105	0.659425	0.462094	0.230365	0.00808765	-0.14699	-0.23284	-0.258326	-0.227891	-0.153196	-0.0523112	0.065134	0.192319	0.326477	0.459625	0.593132	0.719289	0.828575	0.92737	
0.0869811	0.313307	0.515303	0.677763	0.786253	0.806651	0.729532	0.585691	0.398333	0.17737	-0.0355786	-0.18457	-0.262182	-0.279415	-0.240877	-0.158927	-0.0543477	0.0595688	0.186701	0.315239	0.442774	0.570292	0.687964	0.789239	0.881459	
0.00980353	0.220277	0.411161	0.561322	0.663729	0.683014	0.60959	0.475772	0.301269	0.0928436	-0.10395	-0.243345	-0.311363	-0.315004	-0.258956	-0.162042	-0.0604467	0.0410802	0.155723	0.272294	0.390667	0.507805	0.615288	0.715195	0.804028	
-0.100824	0.0943249	0.271837	0.411077	0.500081	0.517141	0.452948	0.332982	0.169283	-0.0239817	-0.204274	-0.327672	-0.38153	-0.367413	-0.289915	-0.176514	-0.0735349	0.0172042	0.113718	0.211378	0.308445	0.401283	0.492904	0.587007	0.684208	
-0.235144	-0.0575587	0.111023	0.241924	0.321893	0.335601	0.280784	0.168384	0.0134694	-0.166006	-0.325905	-0.425545	-0.454462	-0.416148	-0.31879	-0.199802	-0.095842	-0.0133798	0.0601154	0.132593	0.199176	0.26746	0.342632	0.429277	0.533407	
-0.362873	-0.207136	-0.0465528	0.0801913	0.156727	0.170773	0.117441	0.00896765	-0.140606	-0.304139	-0.437187	-0.509632	-0.508619	-0.44429	-0.337501	-0.222596	-0.12346	-0.0461814	0.00893752	0.047983	0.0795817	0.121516	0.182297	0.265606	0.373757	
-0.456791	-0.324547	-0.178081	-0.0533014	0.0200282	0.0333027	-0.0170327	-0.123555	-0.266194	-0.407556	-0.516326	-0.562485	-0.540238	-0.458792	-0.346139	-0.238507	-0.146713	-0.0730523	-0.0364739	-0.0259255	-0.028649	-0.0110565	0.0396719	0.119745	0.231026	
-0.508299	-0.397199	-0.262609	-0.140568	-0.0695511	-0.0574916	-0.104992	-0.209576	-0.345218	-0.467882	-0.553384	-0.579436	-0.542206	-0.452179	-0.333382	-0.227607	-0.142203	-0.0824845	-0.0637481	-0.0765879	-0.101629	-0.10763	-0.0712874	-0.000211075	0.108254	
-0.502723	-0.412705	-0.293898	-0.189131	-0.126501	-0.115775	-0.15755	-0.248361	-0.365877	-0.471952	-0.535227	-0.549412	-0.507071	-0.414147	-0.292001	-0.180114	-0.0948667	-0.054488	-0.0550144	-0.0867482	-0.125834	-0.149436	-0.13686	-0.0818639	0.0187896	
-0.445212	-0.375526	-0.285927	-0.205117	-0.157341	-0.149383	-0.18126	-0.250749	-0.340635	-0.421188	-0.467686	-0.468013	-0.420574	-0.327908	-0.205244	-0.0867666	-0.00226757	0.0280121	0.00814384	-0.0409555	-0.0953401	-0.14006	-0.155886	-0.125169	-0.0413767	
-0.347193	-0.304259	-0.250463	-0.198527	-0.1649	-0.15942	-0.181991	-0.228689	-0.283537	-0.33262	-0.357983	-0.340115	-0.278612	-0.181521	-0.06081	0.0562055	0.136751	0.159541	0.126201	0.0559315	-0.0251159	-0.0947715	-0.134627	-0.127026	-0.064623	
-0.223555	-0.21391	-0.197381	-0.179683	-0.158658	-0.152977	-0.170982	-0.191147	-0.206981	-0.221911	-0.216762	-0.176067	-0.0992518	0.00608013	0.120455	0.229041	0.303333	0.319602	0.277603	0.184765	0.067327	-0.0332574	-0.0934079	-0.0996608	-0.0551016	
-0.102031	-0.124318	-0.140757	-0.143525	-0.132341	-0.129382	-0.139879	-0.143931	-0.13172	-0.112417	-0.0774462	-0.00507665	0.093831	0.203929	0.313598	0.408912	0.464428	0.469832	0.411654	0.301107	0.157064	0.0292185	-0.0503274	-0.0705743	-0.0474396	
0.00907033	-0.0414778	-0.079799	-0.098893	-0.0989128	-0.0956578	-0.101411	-0.0899706	-0.0582119	-0.0128882	0.0520972	0.154142	0.270436	0.381899	0.481092	0.561476	0.596039	0.578765	0.500465	0.372376	0.213404	0.0699417	-0.0272664	-0.0679812	-0.064425	
0.0968027	0.0222924	-0.0312697	-0.0649243	-0.0722036	-0.070943	-0.0709308	-0.0473333	-0.00097988	0.0636876	0.156321	0.280343	0.408849	0.517248	0.603895	0.663431	0.675013	0.630683	0.527915	0.382575	0.217282	0.0669059	-0.0428261	-0.103214	-0.117535	
0.147429	0.0512555	-0.0179077	-0.0609554	-0.0748131	-0.0747044	-0.0698809	-0.0384424	0.0206922	0.105247	0.219188	0.356959	0.491364	0.595322	0.670166	0.708586	0.694377	0.625349	0.498988	0.334684	0.160371	0.00359236	-0.109854	-0.176334	-0.202677	
0.147241	0.0289064	-0.0597551	-0.112576	-0.134416	-0.135146	-0.124882	-0.084704	-0.0105079	0.0968049	0.228456	0.373575	0.50936	0.611009	0.678658	0.700799	0.662301	0.569805	0.424953	0.241548	0.0564264	-0.10367	-0.214963	-0.274254	-0.299608	
0.0772019	-0.0631644	-0.170841	-0.244181	-0.276238	-0.2795	-0.261923	-0.204705	-0.110279	0.0177053	0.170387	0.321581	0.458337	0.563941	0.629092	0.641368	0.590986	0.481236	0.322976	0.130891	-0.0630081	-0.229454	-0.338999	-0.394361	-0.415111	
-0.0693151	-0.229504	-0.359438	-0.450812	-0.501652	-0.509687	-0.476378	-0.400862	-0.285647	-0.136128	0.0337167	0.202995	0.354913	0.470976	0.542308	0.552857	0.494783	0.377973	0.212485	0.0190126	-0.172962	-0.336942	-0.447698	-0.501639	-0.516777	
-0.284886	-0.466744	-0.618272	-0.732311	-0.802888	-0.814192	-0.767025	-0.668787	-0.531383	-0.360195	-0.166975	0.03023	0.206996	0.34137	0.417755	0.428637	0.371787	0.258725	0.102678	-0.0768704	-0.255336	-0.406231	-0.511922	-0.564753	-0.570407	
-0.545846	-0.754313	-0.926873	-1.05845	-1.13679	-1.15044	-1.09724	-0.984557	-0.828339	-0.632882	-0.40777	-0.175135	0.0322949	0.189048	0.273035	0.285402	0.23671	0.139723	0.00549985	-0.143225	-0.298277	-0.430971	-0.522869	-0.568342	-0.55973	
-0.81194	-1.05337	-1.2487	-1.38571	-1.46367	-1.47649	-1.42398	-1.31076	-1.13785	-0.912567	-0.653892	-0.385525	-0.148389	0.0275923	0.127989	0.154441	0.121821	0.0482466	-0.0558084	-0.173437	-0.29974	-0.410025	-0.485342	-0.513505	-0.483434	
-1.05337	-1.32528	-1.54179	-1.68432	-1.7571	-1.7678	-1.72155	-1.60758	-1.4204	-1.16695	-0.875411	-0.577138	-0.316613	-0.120245	0.000965807	0.050141	0.0386155	-0.0123745	-0.0903441	-0.177401	-0.269652	-0.35008	-0.403093	-0.410242	-0.359327	
-1.2487	-1.54179	-1.77404	-1.92997	-2.00444	-2.01513	-1.96919	-1.84591	-1.64348	-1.37136	-1.05632	-0.737641	-0.45512	-0.236865	-0.0958112	-0.0267608	-0.0207567	-0.0577019	-0.11651	-0.174657	-0.230636	-0.274772	-0.294501	-0.281368	-0.21853	
-1.38571	-1.68432	-1.92997	-2.10131	-2.19186	-2.205	-2.14752	-2.00817	-1.78983	-1.50988	-1.19152	-0.859751	-0.555602	-0.317641	-0.155897	-0.0727046	-0.0588049	-0.0830345	-0.125894	-0.167157	-0.192364	-0.204489	-0.199207	-0.163846	-0.0944242	
-1.46367	-1.7571	-2.00444	-2.19186	-2.29507	-2.31065	-2.24479	-2.08804	-1.86202	-1.58599	-1.26995	-0.93532	-0.6146	-0.356348	-0.181611	-0.0892764	-0.0685992	-0.0866101	-0.118895	-0.150711	-0.164042	-0.163024	-0.141891	-0.0947157	-0.0219783	
-1.47649	-1.7678	-2.01513	-2.205	-2.31065	-2.32644	-2.25929	-2.09916	-1.87256	-1.59804	-1.28371	-0.947716	-0.624635	-0.361032	-0.183358	-0.0894888	-0.0678676	-0.0839347	-0.116308	-0.145578	-0.158687	-0.15613	-0.132298	-0.08346	-0.00933507	
-1.42398	-1.72155	-1.96919	-2.14752	-2.24479	-2.25929	-2.19694	-2.05021	-1.82723	-1.54783	-1.23024	-0.896879	-0.584739	-0.338508	-0.170182	-0.082634	-0.0660153	-0.0873292	-0.124363	-0.161348	-0.179083	-0.183723	-0.170337	-0.128958	-0.058241	
-1.31076	-1.60758	-1.84591	-2.00817	-2.08804	-2.09916	-2.05021	-1.92024	-1.71121	-1.43504	-1.11592	-0.791274	-0.500459	-0.273572	-0.124279	-0.048714	-0.0389908	-0.0705371	-0.122378	-0.173104	-0.214863	-0.244223	-0.253283	-0.230145	-0.16449	
-1.13785	-1.4204	-1.64348	-1.78983	-1.86202	-1.87256	-1.82723	-1.71121	-1.51836	-1.25604	-0.953185	-0.645646	-0.376196	-0.171114	-0.0419633	0.0157934	0.0125055	-0.0320957	-0.101658	-0.176082	-0.254369	-0.321033	-0.360317	-0.360632	-0.303954	
-0.912567	-1.16695	-1.37136	-1.50988	-1.58599	-1.59804	-1.54783	-1.43504	-1.25604	-1.0189	-0.746478	-0.464756	-0.218004	-0.0345095	0.0744658	0.109351	0.0847433	0.0217061	-0.0710225	-0.177218	-0.290041	-0.389025	-0.457394	-0.476522	-0.437016	
-0.653892	-0.875411	-1.05632	-1.19152	-1.26995	-1.28371	-1.23024	-1.11592	-0.953185	-0.746478	-0.506938	-0.260473	-0.0400069	0.12482	0.213785	0.230064	0.187025	0.0980159	-0.0236948	-0.159615	-0.303667	-0.428338	-0.513528	-0.553437	-0.537297	
-0.385525	-0.577138	-0.737641	-0.859751	-0.93532	-0.947716	-0.896879	-0.791274	-0.645646	-0.464756	-0.260473	-0.0489103	0.138822	0.282149	0.361362	0.371912	0.317283	0.209999	0.0606113	-0.10707	-0.277606	-0.421382	-0.522636	-0.57398	-0.573776	
-0.148389	-0.316613	-0.45512	-0.555602	-0.6146	-0.624635	-0.584739	-0.500459	-0.376196	-0.218004	-0.0400069	0.138822	0.300563	0.42263	0.496658	0.507325	0.44869	0.331503	0.168107	-0.0223636	-0.20977	-0.369847	-0.479621	-0.533298	-0.545714	
0.0275923	-0.120245	-0.236865	-0.317641	-0.356348	-0.361032	-0.338508	-0.273572	-0.171114	-0.0345095	0.12482	0.282149	0.42263	0.532261	0.598565	0.609658	0.555759	0.442034	0.279095	0.0857081	-0.109688	-0.276296	-0.386638	-0.44106	-0.459718	
0.127989	0.000965807	-0.0958112	-0.155897	-0.181611	-0.183358	-0.170182	-0.124279	-0.0419633	0.0744658	0.213785	0.361362	0.496658	0.598565	0.664128	0.681048	0.637114	0.536581	0.385554	0.197942	0.00853827	-0.154042	-0.263485	-0.320571	-0.344232	
0.154441	0.050141	-0.0267608	-0.0727046	-0.0892764	-0.0894888	-0.082634	-0.048714	0.0157934	0.109351	0.230064	0.371912	0.507325	0.609658	0.681048	0.712569	0.687728	0.609279	0.474856	0.301829	0.123199	-0.0348757	-0.148966	-0.212651	-0.239522	
0.121821	0.0386155	-0.0207567	-0.0588049	-0.0685992	-0.0678676	-0.0660153	-0.0389908	0.0125055	0.0847433	0.187025	0.317283	0.44869	0.555759	0.637114	0.687728	0.689853	0.634546	0.521738	0.370112	0.201787	0.0481162	-0.0631118	-0.128345	-0.149651	
0.0482466	-0.0123745	-0.0577019	-0.0830345	-0.0866101	-0.0839347	-0.0873292	-0.0705371	-0.0320957	0.0217061	0.0980159	0.209999	0.331503	0.442034	0.536581	0.609279	0.634546	0.606399	0.519258	0.383592	0.221911	0.0757701	-0.0281816	-0.0773473	-0.0797818	
-0.0558084	-0.0903441	-0.11651	-0.125894	-0.118895	-0.116308	-0.124363	-0.122378	-0.101658	-0.0710225	-0.0236948	0.0606113	0.168107	0.279095	0.385554	0.474856	0.521738	0.519258	0.453441	0.336235	0.185379	0.0491902	-0.0371634	-0.0653502	-0.0515182	
-0.173437	-0.177401	-0.174657	-0.167157	-0.150711	-0.145578	-0.161348	-0.173104	-0.176082	-0.177218	-0.159615	-0.10707	-0.0223636	0.0857081	0.197942	0.301829	0.370112	0.383592	0.336235	0.235114	0.105236	-0.00755781	-0.0752463	-0.0866621	-0.0495415	
-0.29974	-0.269652	-0.230636	-0.192364	-0.164042	-0.158687	-0.179083	-0.214863	-0.254369	-0.290041	-0.303667	-0.277606	-0.20977	-0.109688	0.00853827	0.123199	0.201787	0.221911	0.185379	0.105236	0.00993688	-0.0712013	-0.119837	-0.11854	-0.0634024	
-0.410025	-0.35008	-0.274772	-0.204489	-0.163024	-0.15613	-0.183723	-0.244223	-0.321033	-0.389025	-0.428338	-0.421382	-0.369847	-0.276296	-0.154042	-0.0348757	0.0481162	0.0757701	0.0491902	-0.00755781	-0.0712013	-0.125071	-0.151286	-0.13049	-0.0555752	
-0.485342	-0.403093	-0.294501	-0.199207	-0.141891	-0.132298	-0.170337	-0.253283	-0.360317	-0.457394	-0.513528	-0.522636	-0.479621	-0.386638	-0.263485	-0.148966	-0.0631118	-0.0281816	-0.0371634	-0.0752463	-0.119837	-0.151286	-0.149622	-0.103828	-0.00913132	
-0.513505	-0.410242	-0.281368	-0.163846	-0.0947157	-0.08346	-0.128958	-0.230145	-0.360632	-0.476522	-0.553437	-0.57398	-0.533298	-0.44106	-0.320571	-0.212651	-0.128345	-0.0773473	-0.0653502	-0.0866621	-0.11854	-0.13049	-0.103828	-0.0380242	0.0684564	
-0.483434	-0.359327	-0.21853	-0.0944242	-0.0219783	-0.00933507	-0.058241	-0.16449	-0.303954	-0.437016	-0.537297	-0.573776	-0.545714	-0.459718	-0.344232	-0.239522	-0.149651	-0.0797818	-0.0515182	-0.0495415	-0.0634024	-0.0555752	-0.00913132	0.0684564	0.178916	
