0.0062887	0.202505	0.363239	0.494118	0.592215	0.654391	0.683759	0.6808	0.645915	0.581295	0.475876	0.342876	0.195202	0.0421793	-0.100141	-0.212224	-0.284588	-0.305934	-0.281467	-0.219496	-0.108145	0.0312588	0.181194	0.335672	0.489483	
0.202505	0.402185	0.561099	0.682903	0.76607	0.812811	0.827439	0.79983	0.732802	0.636739	0.51302	0.369286	0.22283	0.0822901	-0.0569333	-0.180151	-0.259515	-0.286	-0.260642	-0.190975	-0.0703191	0.0682767	0.208234	0.344076	0.470619	
0.363239	0.561099	0.718282	0.834908	0.908978	0.94871	0.947462	0.895368	0.79996	0.682092	0.547561	0.402659	0.265583	0.140195	0.0121916	-0.103701	-0.181689	-0.213889	-0.193847	-0.121237	-0.00336995	0.128745	0.257734	0.368274	0.460002	
0.494118	0.682903	0.834908	0.944921	1.01345	1.04138	1.02522	0.956826	0.851868	0.722238	0.578143	0.436211	0.308555	0.197043	0.0845644	-0.0154689	-0.080857	-0.111203	-0.088496	-0.0156796	0.0947049	0.217246	0.327162	0.408617	0.46071	
0.592215	0.76607	0.908978	1.01345	1.0724	1.08437	1.05219	0.980541	0.870434	0.72945	0.58513	0.452079	0.333551	0.228602	0.131991	0.0494189	0.00169411	-0.00592497	0.027814	0.102835	0.207193	0.318708	0.406487	0.456742	0.474012	
0.654391	0.812811	0.94871	1.04138	1.08437	1.0806	1.03686	0.960309	0.839941	0.689255	0.546541	0.423491	0.320235	0.225974	0.143678	0.0865871	0.0668097	0.0858788	0.131358	0.208053	0.300351	0.393757	0.464289	0.499566	0.491426	
0.683759	0.827439	0.947462	1.02522	1.05219	1.03686	0.981214	0.888508	0.75432	0.600927	0.45994	0.344261	0.251823	0.177999	0.118247	0.0904275	0.105478	0.150844	0.207593	0.283145	0.36425	0.443716	0.498235	0.520619	0.502375	
0.6808	0.79983	0.895368	0.956826	0.980541	0.960309	0.888508	0.769658	0.621537	0.464048	0.330249	0.229216	0.159675	0.1079	0.0780433	0.081294	0.119082	0.184419	0.255816	0.331795	0.399255	0.458543	0.501377	0.510165	0.489527	
0.645915	0.732802	0.79996	0.851868	0.870434	0.839941	0.75432	0.621537	0.468176	0.316377	0.195594	0.114716	0.0649855	0.0398488	0.0445124	0.0754686	0.127567	0.204823	0.281341	0.349786	0.405525	0.454531	0.484616	0.483077	0.458905	
0.581295	0.636739	0.682092	0.722238	0.72945	0.689255	0.600927	0.464048	0.316377	0.182347	0.0824679	0.0174465	-0.015545	-0.0144731	0.0211313	0.0727803	0.137969	0.221834	0.29544	0.350339	0.398731	0.4372	0.450278	0.441674	0.4192	
0.475876	0.51302	0.547561	0.578143	0.58513	0.546541	0.45994	0.330249	0.195594	0.0824679	0.00171785	-0.0474471	-0.0645111	-0.0465209	0.00641815	0.0758479	0.155477	0.239129	0.305948	0.351961	0.383066	0.404604	0.406283	0.393531	0.372312	
0.342876	0.369286	0.402659	0.436211	0.452079	0.423491	0.344261	0.229216	0.114716	0.0174465	-0.0474471	-0.0803418	-0.0804569	-0.0522563	0.00528169	0.086282	0.175633	0.253032	0.31035	0.346436	0.356839	0.356806	0.35045	0.336625	0.323105	
0.195202	0.22283	0.265583	0.308555	0.333551	0.320235	0.251823	0.159675	0.0649855	-0.015545	-0.0645111	-0.0804569	-0.0715482	-0.0396926	0.0210373	0.102955	0.186409	0.259037	0.310079	0.335611	0.330797	0.313491	0.289588	0.272274	0.265671	
0.0421793	0.0822901	0.140195	0.197043	0.228602	0.225974	0.177999	0.1079	0.0398488	-0.0144731	-0.0465209	-0.0522563	-0.0396926	-0.00642643	0.0503394	0.126903	0.203875	0.269109	0.31057	0.321796	0.306651	0.270367	0.226831	0.202358	0.193667	
-0.100141	-0.0569333	0.0121916	0.0845644	0.131991	0.143678	0.118247	0.0780433	0.0445124	0.0211313	0.00641815	0.00528169	0.0210373	0.0503394	0.096737	0.162042	0.227129	0.277771	0.303722	0.298464	0.272323	0.220633	0.164419	0.130903	0.115155	
-0.212224	-0.180151	-0.103701	-0.0154689	0.0494189	0.0865871	0.0904275	0.081294	0.0754686	0.0727803	0.0758479	0.086282	0.102955	0.126903	0.162042	0.209037	0.243844	0.268034	0.276899	0.260049	0.228342	0.175654	0.107046	0.0492334	0.0180938	
-0.284588	-0.259515	-0.181689	-0.080857	0.00169411	0.0668097	0.105478	0.119082	0.127567	0.137969	0.155477	0.175633	0.186409	0.203875	0.227129	0.243844	0.251924	0.25164	0.241138	0.216572	0.185765	0.135088	0.0578927	-0.0215216	-0.0715298	
-0.305934	-0.286	-0.213889	-0.111203	-0.00592497	0.0858788	0.150844	0.184419	0.204823	0.221834	0.239129	0.253032	0.259037	0.269109	0.277771	0.268034	0.25164	0.231442	0.208055	0.181684	0.146403	0.0915926	0.00910777	-0.0805355	-0.142481	
-0.281467	-0.260642	-0.193847	-0.088496	0.027814	0.131358	0.207593	0.255816	0.281341	0.29544	0.305948	0.31035	0.310079	0.31057	0.303722	0.276899	0.241138	0.208055	0.173468	0.141752	0.101525	0.039855	-0.0469061	-0.139056	-0.199623	
-0.219496	-0.190975	-0.121237	-0.0156796	0.102835	0.208053	0.283145	0.331795	0.349786	0.350339	0.351961	0.346436	0.335611	0.321796	0.298464	0.260049	0.216572	0.181684	0.141752	0.102183	0.0575272	-0.00451291	-0.091276	-0.174581	-0.232489	
-0.108145	-0.0703191	-0.00336995	0.0947049	0.207193	0.300351	0.36425	0.399255	0.405525	0.398731	0.383066	0.356839	0.330797	0.306651	0.272323	0.228342	0.185765	0.146403	0.101525	0.0575272	0.0143789	-0.0383801	-0.115493	-0.190068	-0.249465	
0.0312588	0.0682767	0.128745	0.217246	0.318708	0.393757	0.443716	0.458543	0.454531	0.4372	0.404604	0.356806	0.313491	0.270367	0.220633	0.175654	0.135088	0.0915926	0.039855	-0.00451291	-0.0383801	-0.0817553	-0.14161	-0.200785	-0.251433	
0.181194	0.208234	0.257734	0.327162	0.406487	0.464289	0.498235	0.501377	0.484616	0.450278	0.406283	0.35045	0.289588	0.226831	0.164419	0.107046	0.0578927	0.00910777	-0.0469061	-0.091276	-0.115493	-0.14161	-0.176394	-0.216535	-0.252946	
0.335672	0.344076	0.368274	0.408617	0.456742	0.499566	0.520619	0.510165	0.483077	0.441674	0.393531	0.336625	0.272274	0.202358	0.130903	0.0492334	-0.0215216	-0.0805355	-0.139056	-0.174581	-0.190068	-0.200785	-0.216535	-0.237009	-0.255591	
0.489483	0.470619	0.460002	0.46071	0.474012	0.491426	0.502375	0.489527	0.458905	0.4192	0.372312	0.323105	0.265671	0.193667	0.115155	0.0180938	-0.0715298	-0.142481	-0.199623	-0.232489	-0.249465	-0.251433	-0.252946	-0.255591	-0.255677	
0.641446	0.592443	0.544568	0.498154	0.468296	0.452515	0.45107	0.444794	0.42078	0.385487	0.347714	0.309903	0.258316	0.189242	0.105356	0.012444	-0.0828815	-0.158151	-0.219576	-0.268054	-0.298207	-0.299857	-0.28846	-0.273989	-0.257602	
0.781634	0.708066	0.61933	0.532642	0.463841	0.415968	0.392601	0.381509	0.367022	0.343855	0.323306	0.289602	0.237083	0.174559	0.0951678	0.00897074	-0.0796087	-0.151396	-0.213938	-0.271987	-0.311567	-0.322374	-0.304055	-0.274856	-0.248779	
0.902184	0.808049	0.689292	0.570829	0.463561	0.386086	0.338437	0.317896	0.31244	0.300305	0.282183	0.24791	0.200107	0.140839	0.0720024	-0.0040193	-0.0785117	-0.144437	-0.196511	-0.249353	-0.291127	-0.301662	-0.286128	-0.258821	-0.231928	
0.988873	0.881572	0.744195	0.600405	0.457749	0.354189	0.293506	0.270939	0.272898	0.262049	0.231557	0.192765	0.147458	0.0886126	0.0271616	-0.0352787	-0.0897169	-0.139211	-0.182122	-0.22585	-0.26403	-0.275374	-0.259518	-0.227922	-0.201285	
1.03818	0.924371	0.779939	0.609402	0.447138	0.331857	0.264059	0.244097	0.251009	0.238474	0.194617	0.144135	0.0922976	0.0420871	-0.0093597	-0.0601464	-0.107364	-0.143198	-0.180682	-0.217013	-0.249855	-0.266558	-0.251017	-0.213224	-0.185857	
1.04773	0.932831	0.786159	0.610575	0.444821	0.327253	0.258124	0.237967	0.245691	0.233899	0.187005	0.134027	0.0787556	0.0321435	-0.0159301	-0.0647367	-0.111193	-0.145607	-0.181978	-0.216586	-0.248835	-0.267307	-0.251377	-0.212651	-0.185565	
1.013	0.902374	0.761293	0.605718	0.45326	0.343455	0.279802	0.257986	0.262814	0.251202	0.214136	0.170733	0.124142	0.0675535	0.00943747	-0.04745	-0.0975026	-0.140209	-0.180579	-0.219456	-0.255553	-0.269174	-0.253797	-0.218871	-0.191648	
0.941348	0.84119	0.713928	0.585091	0.462131	0.373012	0.318618	0.296477	0.294066	0.283047	0.261246	0.227013	0.180982	0.121894	0.0561855	-0.0152756	-0.0808192	-0.140694	-0.188681	-0.23932	-0.280682	-0.290323	-0.274597	-0.247015	-0.220712	
0.833208	0.749937	0.647936	0.547486	0.463505	0.40479	0.370297	0.354879	0.344532	0.326456	0.309989	0.275607	0.2238	0.163593	0.0877488	0.00523495	-0.0785933	-0.148767	-0.208098	-0.264269	-0.305197	-0.317392	-0.301025	-0.270589	-0.242524	
0.69974	0.640376	0.575453	0.511678	0.466149	0.43639	0.426818	0.420731	0.400471	0.369252	0.33881	0.303182	0.252136	0.18479	0.101919	0.012304	-0.0815309	-0.156641	-0.219458	-0.273958	-0.309689	-0.314953	-0.297583	-0.276773	-0.256114	
0.550547	0.519184	0.494584	0.476667	0.472854	0.477516	0.485174	0.474844	0.445496	0.40707	0.362238	0.318075	0.264755	0.192976	0.110491	0.0134171	-0.0800557	-0.153227	-0.211619	-0.249916	-0.271146	-0.270988	-0.268075	-0.26394	-0.255675	
0.397381	0.396186	0.406249	0.432195	0.467206	0.501116	0.518035	0.504981	0.475255	0.433561	0.385366	0.331023	0.267583	0.197331	0.12361	0.0332234	-0.046904	-0.110871	-0.168498	-0.200739	-0.215094	-0.221522	-0.231505	-0.24404	-0.256057	
0.243018	0.262936	0.304765	0.363768	0.430994	0.483783	0.511632	0.509354	0.487935	0.449166	0.402381	0.34538	0.281652	0.214968	0.148011	0.0815227	0.0247524	-0.027744	-0.0851014	-0.126169	-0.147134	-0.16669	-0.192612	-0.224764	-0.254869	
0.0903348	0.124364	0.181421	0.263969	0.357885	0.425778	0.469212	0.478854	0.469797	0.444729	0.407411	0.355265	0.304346	0.252278	0.196578	0.148036	0.106541	0.061674	0.00787688	-0.0371952	-0.0675785	-0.104452	-0.154329	-0.205895	-0.250589	
-0.0547249	-0.0153933	0.0498961	0.143468	0.252576	0.338698	0.397454	0.424164	0.426253	0.417038	0.394122	0.356762	0.325018	0.293893	0.254606	0.210691	0.16877	0.127487	0.0796049	0.0353898	-0.00376941	-0.0532451	-0.124403	-0.194962	-0.251649	
-0.180523	-0.147605	-0.0786875	0.025447	0.142274	0.24381	0.315176	0.359382	0.373	0.369913	0.36526	0.354042	0.336078	0.318659	0.29046	0.248659	0.205325	0.169142	0.128175	0.0854811	0.0402366	-0.0193734	-0.103237	-0.181369	-0.24054	
-0.262007	-0.238648	-0.170632	-0.0649095	0.0528893	0.158502	0.235849	0.286438	0.310845	0.319476	0.326442	0.327563	0.324127	0.318543	0.30436	0.273139	0.232614	0.198379	0.160339	0.125241	0.0833716	0.0207815	-0.067091	-0.156632	-0.216309	
-0.300587	-0.281585	-0.212769	-0.108961	0.00225484	0.100294	0.171995	0.212553	0.235665	0.253814	0.268172	0.278047	0.282261	0.289191	0.292218	0.273942	0.248792	0.221622	0.194178	0.166837	0.129152	0.0708704	-0.0128921	-0.1049	-0.167319	
-0.299374	-0.27667	-0.20046	-0.0981152	-0.00561425	0.0706147	0.121711	0.14356	0.157363	0.170554	0.190444	0.208762	0.217826	0.232444	0.250698	0.255036	0.252711	0.244263	0.227476	0.202449	0.170952	0.119051	0.0390326	-0.0455894	-0.101477	
-0.245884	-0.21776	-0.140518	-0.045801	0.0255513	0.0737923	0.0913147	0.0921387	0.0928214	0.0958864	0.105545	0.122178	0.136912	0.158052	0.188517	0.224221	0.248095	0.262031	0.262909	0.241701	0.209753	0.158653	0.0869284	0.0185449	-0.0207133	
-0.149361	-0.110513	-0.0370031	0.0414471	0.0958587	0.11742	0.102364	0.0750929	0.0545208	0.0411926	0.033673	0.035553	0.052147	0.0796689	0.121225	0.181002	0.234484	0.275402	0.295299	0.285112	0.256196	0.202812	0.140223	0.0984525	0.0787088	
-0.0176852	0.0260348	0.0893776	0.152082	0.189528	0.190963	0.15151	0.0919515	0.0374805	-0.00404779	-0.0287954	-0.0327605	-0.0186794	0.0137285	0.0666061	0.13936	0.213652	0.274376	0.30977	0.313997	0.293369	0.250115	0.201869	0.174919	0.162943	
0.134432	0.165993	0.214175	0.262821	0.289988	0.281392	0.221201	0.137697	0.0520272	-0.0190053	-0.0618888	-0.0727396	-0.0622335	-0.0295299	0.0307195	0.110552	0.191634	0.262159	0.309657	0.330415	0.322165	0.297727	0.26472	0.244572	0.239086	
0.285526	0.310589	0.346587	0.383024	0.402672	0.380845	0.30417	0.197433	0.0921404	-0.000104057	-0.0582145	-0.0837055	-0.0795889	-0.0494228	0.00992495	0.0931913	0.180696	0.255663	0.311234	0.342514	0.345267	0.337415	0.325371	0.311594	0.301651	
0.424674	0.456662	0.489641	0.52046	0.53017	0.494919	0.410763	0.286372	0.158521	0.0533432	-0.0209852	-0.0646835	-0.0742192	-0.0511986	0.0042406	0.0791047	0.1641	0.245945	0.308094	0.351589	0.374203	0.386785	0.385954	0.371504	0.352536	
