0.199985	0.271629	0.354568	0.429478	0.4775	0.486157	0.453064	0.386401	0.304656	0.226069	0.169836	0.144065	0.149686	0.182679	0.241485	0.31985	0.408647	0.490129	0.547754	0.576169	0.559141	0.4819	0.344631	0.169785	-0.0257765	
0.0610171	0.128731	0.205559	0.281108	0.331112	0.340465	0.305232	0.236899	0.158521	0.0863635	0.0304591	0.00410761	0.00726613	0.0359043	0.0955769	0.182072	0.28387	0.388512	0.486818	0.569694	0.616486	0.596454	0.497692	0.339194	0.159189	
-0.0957082	-0.0472144	0.0169234	0.0851797	0.130138	0.137688	0.107378	0.0450178	-0.0231244	-0.0788278	-0.116562	-0.134441	-0.127657	-0.094113	-0.024591	0.0737228	0.19221	0.316589	0.442787	0.57185	0.675221	0.710488	0.660254	0.540389	0.388099	
-0.270075	-0.242655	-0.199464	-0.142571	-0.0979625	-0.0884896	-0.121281	-0.177648	-0.227406	-0.260408	-0.279147	-0.277188	-0.252545	-0.205455	-0.123231	-0.0158981	0.106946	0.246156	0.399967	0.565131	0.71577	0.802691	0.805755	0.73859	0.629127	
-0.439666	-0.435148	-0.413197	-0.375669	-0.345711	-0.340634	-0.361306	-0.398816	-0.429039	-0.439924	-0.436067	-0.417131	-0.375235	-0.315864	-0.227696	-0.118017	0.0098345	0.160433	0.338707	0.535572	0.728897	0.861587	0.912557	0.894851	0.836331	
-0.574634	-0.594807	-0.602687	-0.59204	-0.576952	-0.573311	-0.585651	-0.59998	-0.600665	-0.583052	-0.562167	-0.536324	-0.496471	-0.436952	-0.349088	-0.234358	-0.104144	0.0559487	0.247998	0.468245	0.6897	0.863507	0.963704	1.00107	0.992398	
-0.671043	-0.706771	-0.735041	-0.746589	-0.745691	-0.744332	-0.747137	-0.741522	-0.720326	-0.685429	-0.651909	-0.624705	-0.590535	-0.541241	-0.46549	-0.360521	-0.230031	-0.0638488	0.138665	0.364108	0.596593	0.798641	0.94629	1.04148	1.08933	
-0.727094	-0.768323	-0.805967	-0.829815	-0.834411	-0.833834	-0.833568	-0.817333	-0.784703	-0.742887	-0.707163	-0.684824	-0.664363	-0.628534	-0.568789	-0.471594	-0.344093	-0.1852	0.00536277	0.225715	0.454604	0.66893	0.853998	1.00729	1.11744	
-0.737795	-0.775012	-0.814635	-0.842165	-0.854217	-0.854346	-0.849022	-0.826885	-0.792106	-0.751061	-0.722226	-0.71234	-0.712709	-0.691767	-0.640624	-0.556701	-0.44659	-0.305404	-0.140584	0.0539967	0.269135	0.489446	0.699847	0.900218	1.0656	
-0.697796	-0.732672	-0.776861	-0.804463	-0.815847	-0.817646	-0.810499	-0.790294	-0.75139	-0.709205	-0.688043	-0.690214	-0.70587	-0.711962	-0.685542	-0.621923	-0.53394	-0.423628	-0.291506	-0.130463	0.0596365	0.27998	0.507672	0.737032	0.943669	
-0.617923	-0.652913	-0.697978	-0.728793	-0.748435	-0.751874	-0.738663	-0.711697	-0.671427	-0.629407	-0.610708	-0.62271	-0.659842	-0.691146	-0.693877	-0.662131	-0.606728	-0.538863	-0.444255	-0.312288	-0.153886	0.0449519	0.278313	0.522246	0.758414	
-0.526751	-0.557704	-0.60151	-0.636789	-0.658771	-0.661181	-0.647269	-0.617943	-0.575141	-0.535796	-0.523033	-0.548198	-0.603914	-0.652635	-0.677744	-0.679175	-0.661157	-0.636117	-0.590828	-0.499876	-0.375664	-0.206549	0.0117498	0.265842	0.523723	
-0.452664	-0.467135	-0.499318	-0.529038	-0.548453	-0.551045	-0.538341	-0.51276	-0.478371	-0.455064	-0.457513	-0.489071	-0.547109	-0.606203	-0.645212	-0.672665	-0.692864	-0.711911	-0.71202	-0.668467	-0.576682	-0.435894	-0.240442	0.00294124	0.272242	
-0.393021	-0.392177	-0.405541	-0.417106	-0.430531	-0.43412	-0.422199	-0.410016	-0.396644	-0.389896	-0.405152	-0.44036	-0.498689	-0.56372	-0.608952	-0.652296	-0.705964	-0.756965	-0.786469	-0.778026	-0.723505	-0.616203	-0.447216	-0.225246	0.0328342	
-0.349325	-0.330044	-0.327527	-0.326618	-0.336447	-0.338916	-0.330209	-0.325985	-0.329202	-0.338227	-0.371179	-0.412082	-0.462062	-0.51781	-0.571334	-0.626986	-0.701099	-0.77586	-0.827935	-0.839022	-0.812299	-0.735791	-0.597579	-0.403947	-0.173524	
-0.323761	-0.294737	-0.274303	-0.270103	-0.273889	-0.275592	-0.271266	-0.270818	-0.285142	-0.31159	-0.344495	-0.382573	-0.421707	-0.464882	-0.520163	-0.583258	-0.66475	-0.760118	-0.831901	-0.858378	-0.848962	-0.796573	-0.695095	-0.533147	-0.332024	
-0.316713	-0.287758	-0.259727	-0.253581	-0.25165	-0.250232	-0.253143	-0.255064	-0.274588	-0.306543	-0.329432	-0.351065	-0.376955	-0.402128	-0.448539	-0.517939	-0.608282	-0.708322	-0.792965	-0.840239	-0.846038	-0.81219	-0.742141	-0.620957	-0.461475	
-0.314513	-0.294684	-0.273142	-0.262317	-0.259275	-0.25711	-0.260719	-0.26709	-0.285639	-0.307847	-0.318691	-0.317568	-0.320822	-0.331023	-0.363711	-0.426681	-0.5207	-0.6231	-0.716257	-0.779139	-0.80254	-0.786449	-0.743434	-0.663144	-0.555059	
-0.311518	-0.303379	-0.293123	-0.28266	-0.277033	-0.27613	-0.279764	-0.28851	-0.298785	-0.309297	-0.308312	-0.286811	-0.266795	-0.263049	-0.281381	-0.329569	-0.411695	-0.518573	-0.618235	-0.683892	-0.724244	-0.733097	-0.713956	-0.674083	-0.612307	
-0.318921	-0.330982	-0.32467	-0.303881	-0.293352	-0.292991	-0.297131	-0.316697	-0.331547	-0.32603	-0.303379	-0.27189	-0.244186	-0.22765	-0.23019	-0.262232	-0.322918	-0.41998	-0.518851	-0.590152	-0.641177	-0.667571	-0.678262	-0.680357	-0.657614	
-0.337791	-0.355187	-0.350213	-0.322383	-0.303156	-0.300498	-0.31256	-0.340516	-0.356967	-0.346934	-0.321847	-0.287842	-0.256771	-0.230851	-0.217222	-0.227601	-0.26824	-0.347714	-0.441105	-0.519358	-0.575085	-0.612829	-0.643782	-0.673799	-0.685793	
-0.350094	-0.366474	-0.357134	-0.325459	-0.294985	-0.288017	-0.311755	-0.34699	-0.365305	-0.35942	-0.333502	-0.300258	-0.2796	-0.258533	-0.23115	-0.220389	-0.245503	-0.308613	-0.387531	-0.459585	-0.519727	-0.568092	-0.608263	-0.6504	-0.685601	
-0.338167	-0.355206	-0.345417	-0.313803	-0.276577	-0.266899	-0.297816	-0.335556	-0.354335	-0.347322	-0.320492	-0.298509	-0.294219	-0.281226	-0.254956	-0.236646	-0.24792	-0.296395	-0.362368	-0.418495	-0.466075	-0.50866	-0.551864	-0.604204	-0.6555	
-0.300413	-0.322212	-0.319265	-0.288296	-0.257445	-0.250323	-0.274795	-0.308107	-0.325822	-0.309693	-0.287411	-0.28392	-0.294067	-0.294861	-0.282946	-0.262163	-0.266282	-0.300999	-0.34555	-0.383785	-0.419033	-0.446881	-0.488462	-0.544636	-0.609403	
-0.273361	-0.289633	-0.290004	-0.269369	-0.244587	-0.241304	-0.258368	-0.283678	-0.292105	-0.27975	-0.268561	-0.275773	-0.298603	-0.318557	-0.315587	-0.296571	-0.295547	-0.311152	-0.329837	-0.34969	-0.375794	-0.403879	-0.444879	-0.500431	-0.576969	
-0.268719	-0.274796	-0.271879	-0.256335	-0.237509	-0.234641	-0.24688	-0.268077	-0.275007	-0.271228	-0.268519	-0.287141	-0.323818	-0.34981	-0.344294	-0.326095	-0.31236	-0.312913	-0.31635	-0.319294	-0.336993	-0.373668	-0.426714	-0.494763	-0.580847	
-0.274796	-0.265044	-0.258529	-0.249315	-0.241796	-0.239862	-0.246098	-0.255253	-0.262158	-0.270882	-0.281985	-0.307589	-0.34433	-0.364403	-0.360908	-0.343224	-0.311765	-0.297573	-0.290227	-0.288779	-0.312274	-0.365689	-0.434861	-0.5207	-0.615081	
-0.271879	-0.258529	-0.255196	-0.255264	-0.261309	-0.261062	-0.25882	-0.253944	-0.256651	-0.265531	-0.282618	-0.305387	-0.337302	-0.35411	-0.355581	-0.336813	-0.304247	-0.280085	-0.263279	-0.2634	-0.302304	-0.3725	-0.460018	-0.560966	-0.660356	
-0.256335	-0.249315	-0.255264	-0.275838	-0.297199	-0.301205	-0.285184	-0.262243	-0.250133	-0.252253	-0.264191	-0.279171	-0.304657	-0.322368	-0.325526	-0.31218	-0.291598	-0.269385	-0.25549	-0.258877	-0.299094	-0.377529	-0.483206	-0.595502	-0.693692	
-0.237509	-0.241796	-0.261309	-0.297199	-0.330287	-0.337656	-0.311263	-0.274796	-0.247204	-0.237713	-0.240851	-0.251743	-0.267924	-0.288793	-0.301871	-0.298825	-0.28399	-0.265647	-0.252635	-0.259986	-0.307328	-0.388902	-0.500593	-0.617349	-0.715184	
-0.234641	-0.239862	-0.261062	-0.301205	-0.337656	-0.347055	-0.316861	-0.27632	-0.24477	-0.235723	-0.237677	-0.246752	-0.258281	-0.280976	-0.296696	-0.298626	-0.283672	-0.264378	-0.250019	-0.260634	-0.3089	-0.392718	-0.503283	-0.61942	-0.718364	
-0.24688	-0.246098	-0.25882	-0.285184	-0.311263	-0.316861	-0.295806	-0.268322	-0.249618	-0.244901	-0.253208	-0.267015	-0.288455	-0.308236	-0.314334	-0.303911	-0.287242	-0.267418	-0.254534	-0.259735	-0.301665	-0.381722	-0.490997	-0.605701	-0.704492	
-0.268077	-0.255253	-0.253944	-0.262243	-0.274796	-0.27632	-0.268322	-0.255468	-0.253757	-0.26174	-0.277662	-0.296498	-0.326595	-0.34373	-0.345446	-0.327776	-0.299531	-0.274527	-0.258062	-0.259699	-0.299281	-0.37384	-0.470353	-0.577279	-0.674911	
-0.275007	-0.262158	-0.256651	-0.250133	-0.247204	-0.24477	-0.249618	-0.253757	-0.259687	-0.269234	-0.284453	-0.310237	-0.345543	-0.362831	-0.362499	-0.344123	-0.30928	-0.28996	-0.27817	-0.276589	-0.308285	-0.368032	-0.44334	-0.53606	-0.633395	
-0.271228	-0.270882	-0.265531	-0.252253	-0.237713	-0.235723	-0.244901	-0.26174	-0.269234	-0.272071	-0.27359	-0.295648	-0.333761	-0.358468	-0.352587	-0.335744	-0.31326	-0.30825	-0.307563	-0.307474	-0.324397	-0.36787	-0.426757	-0.501826	-0.591928	
-0.268519	-0.281985	-0.282618	-0.264191	-0.240851	-0.237677	-0.253208	-0.277662	-0.284453	-0.27359	-0.265783	-0.277806	-0.307349	-0.332087	-0.329007	-0.30875	-0.304349	-0.313978	-0.325495	-0.337103	-0.359857	-0.389761	-0.435033	-0.494145	-0.574491	
-0.287141	-0.307589	-0.305387	-0.279171	-0.251743	-0.246752	-0.267015	-0.296498	-0.310237	-0.295648	-0.277806	-0.279088	-0.293188	-0.301727	-0.294526	-0.275702	-0.278224	-0.304408	-0.337793	-0.370055	-0.40097	-0.427348	-0.467619	-0.522532	-0.592394	
-0.323818	-0.34433	-0.337302	-0.304657	-0.267924	-0.258281	-0.288455	-0.326595	-0.345543	-0.333761	-0.307349	-0.293188	-0.295301	-0.287631	-0.266282	-0.245635	-0.253028	-0.296886	-0.355948	-0.404729	-0.446586	-0.483069	-0.526081	-0.580637	-0.638164	
-0.34981	-0.364403	-0.35411	-0.322368	-0.288793	-0.280976	-0.308236	-0.34373	-0.362831	-0.358468	-0.332087	-0.301727	-0.287631	-0.269432	-0.239907	-0.225013	-0.244258	-0.301186	-0.374773	-0.441043	-0.497116	-0.54637	-0.588501	-0.634954	-0.676277	
-0.344294	-0.360908	-0.355581	-0.325526	-0.301871	-0.296696	-0.314334	-0.345446	-0.362499	-0.352587	-0.329007	-0.294526	-0.266282	-0.239907	-0.220242	-0.221011	-0.255988	-0.328063	-0.416541	-0.493788	-0.552959	-0.595208	-0.63008	-0.666708	-0.689421	
-0.326095	-0.343224	-0.336813	-0.31218	-0.298825	-0.298626	-0.303911	-0.327776	-0.344123	-0.335744	-0.30875	-0.275702	-0.245635	-0.225013	-0.221011	-0.24584	-0.296861	-0.387174	-0.484679	-0.559422	-0.612268	-0.644098	-0.664444	-0.679803	-0.671929	
-0.31236	-0.311765	-0.304247	-0.291598	-0.28399	-0.283672	-0.287242	-0.299531	-0.30928	-0.31326	-0.304349	-0.278224	-0.253028	-0.244258	-0.255988	-0.296861	-0.371649	-0.47767	-0.577438	-0.64461	-0.6903	-0.706598	-0.699678	-0.677059	-0.63122	
-0.312913	-0.297573	-0.280085	-0.269385	-0.265647	-0.264378	-0.267418	-0.274527	-0.28996	-0.30825	-0.313978	-0.304408	-0.296886	-0.301186	-0.328063	-0.387174	-0.47767	-0.582238	-0.677707	-0.743526	-0.773646	-0.767906	-0.733575	-0.669449	-0.580947	
-0.31635	-0.290227	-0.263279	-0.25549	-0.252635	-0.250019	-0.254534	-0.258062	-0.27817	-0.307563	-0.325495	-0.337793	-0.355948	-0.374773	-0.416541	-0.484679	-0.577438	-0.677707	-0.76666	-0.82156	-0.834189	-0.806764	-0.747468	-0.643477	-0.504631	
-0.319294	-0.288779	-0.2634	-0.258877	-0.259986	-0.260634	-0.259735	-0.259699	-0.276589	-0.307474	-0.337103	-0.370055	-0.404729	-0.441043	-0.493788	-0.559422	-0.64461	-0.743526	-0.82156	-0.855594	-0.851803	-0.807268	-0.720115	-0.572909	-0.386891	
-0.336993	-0.312274	-0.302304	-0.299094	-0.307328	-0.3089	-0.301665	-0.299281	-0.308285	-0.324397	-0.359857	-0.40097	-0.446586	-0.497116	-0.552959	-0.612268	-0.6903	-0.773646	-0.834189	-0.851803	-0.832505	-0.766168	-0.642245	-0.461106	-0.24242	
-0.373668	-0.365689	-0.3725	-0.377529	-0.388902	-0.392718	-0.381722	-0.37384	-0.368032	-0.36787	-0.389761	-0.427348	-0.483069	-0.54637	-0.595208	-0.644098	-0.706598	-0.767906	-0.806764	-0.807268	-0.766168	-0.672201	-0.514172	-0.303319	-0.0553104	
-0.426714	-0.434861	-0.460018	-0.483206	-0.500593	-0.503283	-0.490997	-0.470353	-0.44334	-0.426757	-0.435033	-0.467619	-0.526081	-0.588501	-0.63008	-0.664444	-0.699678	-0.733575	-0.747468	-0.720115	-0.642245	-0.514172	-0.32895	-0.094012	0.17416	
-0.494763	-0.5207	-0.560966	-0.595502	-0.617349	-0.61942	-0.605701	-0.577279	-0.53606	-0.501826	-0.494145	-0.522532	-0.580637	-0.634954	-0.666708	-0.679803	-0.677059	-0.669449	-0.643477	-0.572909	-0.461106	-0.303319	-0.094012	0.158663	0.42299	
-0.580847	-0.615081	-0.660356	-0.693692	-0.715184	-0.718364	-0.704492	-0.674911	-0.633395	-0.591928	-0.574491	-0.592394	-0.638164	-0.676277	-0.689421	-0.671929	-0.63122	-0.580947	-0.504631	-0.386891	-0.24242	-0.0553104	0.17416	0.42299	0.668517	
