0.46809	0.392509	0.277773	0.131791	-0.0386671	-0.203944	-0.35569	-0.486551	-0.591074	-0.669549	-0.706361	-0.675974	-0.580626	-0.438017	-0.274411	-0.0998496	0.0850363	0.264465	0.433648	0.580792	0.682624	0.741802	0.74243	0.686494	0.582239	
0.392509	0.299938	0.177877	0.0344768	-0.130612	-0.30213	-0.462767	-0.598732	-0.707332	-0.777163	-0.79023	-0.73084	-0.607233	-0.441941	-0.257872	-0.0727219	0.110415	0.290031	0.452281	0.58912	0.677971	0.721785	0.703176	0.623075	0.500016	
0.277773	0.177877	0.0509639	-0.0961408	-0.257493	-0.420217	-0.56615	-0.69028	-0.789565	-0.845216	-0.828902	-0.744555	-0.594746	-0.403606	-0.194583	0.00687712	0.19216	0.364599	0.516052	0.630841	0.700558	0.724198	0.685687	0.584308	0.44391	
0.131791	0.0344768	-0.0961408	-0.243551	-0.4	-0.542304	-0.658407	-0.758215	-0.830538	-0.85074	-0.802739	-0.688337	-0.51448	-0.29985	-0.0723993	0.137713	0.320651	0.481534	0.611603	0.702345	0.74811	0.747986	0.689364	0.570385	0.408867	
-0.0386671	-0.130612	-0.257493	-0.4	-0.538653	-0.656113	-0.739601	-0.798593	-0.819386	-0.793518	-0.711644	-0.565852	-0.368559	-0.141282	0.09252	0.300219	0.47428	0.614321	0.720057	0.784095	0.804378	0.784947	0.710231	0.574906	0.401617	
-0.203944	-0.30213	-0.420217	-0.542304	-0.656113	-0.742666	-0.783489	-0.786231	-0.751067	-0.680256	-0.566321	-0.392068	-0.177323	0.0539688	0.283099	0.4784	0.635018	0.752906	0.831162	0.869115	0.869811	0.830335	0.740949	0.595829	0.413152	
-0.35569	-0.462767	-0.56615	-0.658407	-0.739601	-0.783489	-0.775448	-0.72317	-0.639205	-0.52724	-0.380699	-0.185205	0.0357674	0.263636	0.476025	0.652158	0.788638	0.884855	0.943721	0.964229	0.945219	0.888091	0.776683	0.617447	0.43481	
-0.486551	-0.598732	-0.69028	-0.758215	-0.798593	-0.786231	-0.72317	-0.620507	-0.491558	-0.341102	-0.171593	0.0283403	0.243028	0.458284	0.652894	0.80815	0.922355	0.996472	1.03654	1.04136	1.00692	0.932988	0.805711	0.638756	0.467438	
-0.591074	-0.707332	-0.789565	-0.830538	-0.819386	-0.751067	-0.639205	-0.491558	-0.320529	-0.140435	0.0418541	0.227233	0.420289	0.610553	0.782209	0.920983	1.01347	1.0667	1.08566	1.07024	1.02123	0.930371	0.79848	0.642807	0.487089	
-0.669549	-0.777163	-0.845216	-0.85074	-0.793518	-0.680256	-0.52724	-0.341102	-0.140435	0.0521386	0.231481	0.390352	0.543777	0.69594	0.838568	0.960778	1.03883	1.07179	1.0708	1.03455	0.964088	0.861422	0.736551	0.599926	0.466429	
-0.706361	-0.79023	-0.828902	-0.802739	-0.711644	-0.566321	-0.380699	-0.171593	0.0418541	0.231481	0.395759	0.518513	0.622917	0.721772	0.824167	0.922053	0.982418	0.997666	0.979921	0.921765	0.832762	0.725969	0.616904	0.506517	0.398323	
-0.675974	-0.73084	-0.744555	-0.688337	-0.565852	-0.392068	-0.185205	0.0283403	0.227233	0.390352	0.518513	0.601363	0.656459	0.704359	0.761977	0.820131	0.852264	0.849673	0.815428	0.742196	0.646257	0.541779	0.445804	0.353487	0.269859	
-0.580626	-0.607233	-0.594746	-0.51448	-0.368559	-0.177323	0.0357674	0.243028	0.420289	0.543777	0.622917	0.656459	0.662097	0.664927	0.673739	0.684824	0.68514	0.659771	0.609787	0.529708	0.431565	0.330274	0.235987	0.152479	0.090591	
-0.438017	-0.441941	-0.403606	-0.29985	-0.141282	0.0539688	0.263636	0.458284	0.610553	0.69594	0.721772	0.704359	0.664927	0.6241	0.588078	0.552563	0.513836	0.459544	0.392374	0.306621	0.206198	0.106394	0.00882066	-0.0698961	-0.112226	
-0.274411	-0.257872	-0.194583	-0.0723993	0.09252	0.283099	0.476025	0.652894	0.782209	0.838568	0.824167	0.761977	0.673739	0.588078	0.507933	0.426437	0.346985	0.266585	0.180773	0.0853002	-0.0215191	-0.127425	-0.225411	-0.296121	-0.329395	
-0.0998496	-0.0727219	0.00687712	0.137713	0.300219	0.4784	0.652158	0.80815	0.920983	0.960778	0.922053	0.820131	0.684824	0.552563	0.426437	0.303319	0.193186	0.0913291	-0.00981657	-0.121839	-0.24441	-0.358154	-0.456496	-0.522398	-0.549977	
0.0850363	0.110415	0.19216	0.320651	0.47428	0.635018	0.788638	0.922355	1.01347	1.03883	0.982418	0.852264	0.68514	0.513836	0.346985	0.193186	0.058201	-0.0591397	-0.178876	-0.308945	-0.443999	-0.563915	-0.668134	-0.734689	-0.760093	
0.264465	0.290031	0.364599	0.481534	0.614321	0.752906	0.884855	0.996472	1.0667	1.07179	0.997666	0.849673	0.659771	0.459544	0.266585	0.0913291	-0.0591397	-0.193479	-0.327797	-0.468836	-0.600941	-0.722986	-0.831296	-0.902874	-0.922113	
0.433648	0.452281	0.516052	0.611603	0.720057	0.831162	0.943721	1.03654	1.08566	1.0708	0.979921	0.815428	0.609787	0.392374	0.180773	-0.00981657	-0.178876	-0.327797	-0.468304	-0.602606	-0.719211	-0.830051	-0.930851	-0.993463	-1.00659	
0.580792	0.58912	0.630841	0.702345	0.784095	0.869115	0.964229	1.04136	1.07024	1.03455	0.921765	0.742196	0.529708	0.306621	0.0853002	-0.121839	-0.308945	-0.468836	-0.602606	-0.721225	-0.820061	-0.905757	-0.975826	-1.01367	-1.01145	
0.682624	0.677971	0.700558	0.74811	0.804378	0.869811	0.945219	1.00692	1.02123	0.964088	0.832762	0.646257	0.431565	0.206198	-0.0215191	-0.24441	-0.443999	-0.600941	-0.719211	-0.820061	-0.893847	-0.948929	-0.97542	-0.975839	-0.958565	
0.741802	0.721785	0.724198	0.747986	0.784947	0.830335	0.888091	0.932988	0.930371	0.861422	0.725969	0.541779	0.330274	0.106394	-0.127425	-0.358154	-0.563915	-0.722986	-0.830051	-0.905757	-0.948929	-0.958924	-0.938789	-0.904861	-0.866784	
0.74243	0.703176	0.685687	0.689364	0.710231	0.740949	0.776683	0.805711	0.79848	0.736551	0.616904	0.445804	0.235987	0.00882066	-0.225411	-0.456496	-0.668134	-0.831296	-0.930851	-0.975826	-0.97542	-0.938789	-0.882967	-0.824844	-0.769418	
0.686494	0.623075	0.584308	0.570385	0.574906	0.595829	0.617447	0.638756	0.642807	0.599926	0.506517	0.353487	0.152479	-0.0698961	-0.296121	-0.522398	-0.734689	-0.902874	-0.993463	-1.01367	-0.975839	-0.904861	-0.824844	-0.752077	-0.685104	
0.582239	0.500016	0.44391	0.408867	0.401617	0.413152	0.43481	0.467438	0.487089	0.466429	0.398323	0.269859	0.090591	-0.112226	-0.329395	-0.549977	-0.760093	-0.922113	-1.00659	-1.01145	-0.958565	-0.866784	-0.769418	-0.685104	-0.615884	
0.449744	0.360423	0.290226	0.240542	0.218574	0.229849	0.263259	0.314099	0.357199	0.3592	0.317492	0.217856	0.0677109	-0.118907	-0.33229	-0.555552	-0.761836	-0.916636	-0.993698	-0.996407	-0.936691	-0.830251	-0.715014	-0.619788	-0.552939	
0.329048	0.229312	0.14709	0.0892445	0.0669654	0.0870183	0.136443	0.206303	0.27174	0.299189	0.283665	0.208963	0.0787688	-0.0986847	-0.311857	-0.537978	-0.746084	-0.899773	-0.979317	-0.984619	-0.91546	-0.795136	-0.665234	-0.559991	-0.497884	
0.246386	0.133739	0.0357083	-0.0218698	-0.0293176	0.00374858	0.0724797	0.1589	0.237652	0.288154	0.289667	0.226714	0.103432	-0.0661102	-0.275919	-0.501198	-0.710802	-0.873547	-0.963378	-0.967302	-0.890103	-0.759265	-0.6237	-0.519357	-0.458139	
0.203248	0.0824024	-0.0252197	-0.0806663	-0.0779964	-0.0263055	0.0599093	0.158943	0.249483	0.310669	0.317221	0.258024	0.139837	-0.0265183	-0.231242	-0.458381	-0.678562	-0.85267	-0.95001	-0.954212	-0.862385	-0.723524	-0.589208	-0.486943	-0.425596	
0.188223	0.0707552	-0.0429464	-0.100354	-0.0941862	-0.0337416	0.0680026	0.178319	0.272659	0.336541	0.342805	0.285037	0.17145	0.00965969	-0.198118	-0.435377	-0.666683	-0.853034	-0.954634	-0.95344	-0.850179	-0.702072	-0.56416	-0.463589	-0.401426	
0.185324	0.0694966	-0.0441199	-0.104086	-0.095234	-0.0348914	0.0693889	0.183909	0.277503	0.341684	0.346519	0.289985	0.176382	0.0157869	-0.193003	-0.432348	-0.667207	-0.853778	-0.957528	-0.954157	-0.84867	-0.698474	-0.559596	-0.459124	-0.397356	
0.195863	0.0753053	-0.0361465	-0.0915014	-0.0879541	-0.0308487	0.0631349	0.167093	0.259745	0.322321	0.32919	0.270506	0.155141	-0.00935803	-0.215159	-0.446399	-0.671027	-0.851126	-0.950139	-0.952717	-0.855501	-0.71276	-0.577082	-0.475906	-0.414472	
0.224281	0.107211	0.00502786	-0.0516984	-0.0539969	-0.012783	0.0620655	0.154266	0.238729	0.294248	0.299382	0.238325	0.117059	-0.0510775	-0.25812	-0.482603	-0.695779	-0.862768	-0.955867	-0.960856	-0.8778	-0.743867	-0.609053	-0.505368	-0.444422	
0.291426	0.18643	0.0970721	0.0389316	0.0224087	0.0459597	0.103284	0.180531	0.251009	0.289458	0.282199	0.213652	0.0869508	-0.0867716	-0.299169	-0.525417	-0.733535	-0.890202	-0.974199	-0.978199	-0.906134	-0.78157	-0.647598	-0.541901	-0.480717	
0.397814	0.304647	0.230662	0.176628	0.152003	0.166486	0.205323	0.26402	0.317632	0.32924	0.298717	0.210186	0.0696265	-0.113218	-0.326632	-0.550714	-0.758045	-0.910994	-0.987372	-0.9917	-0.928189	-0.815956	-0.694646	-0.593888	-0.528785	
0.530528	0.445452	0.382318	0.34085	0.326995	0.337076	0.363099	0.402527	0.430654	0.418492	0.360638	0.243627	0.0763159	-0.118873	-0.333813	-0.555347	-0.762697	-0.921947	-1.00286	-1.00529	-0.949904	-0.852485	-0.74766	-0.659335	-0.590531	
0.649945	0.576998	0.531581	0.508781	0.509716	0.525269	0.545084	0.569267	0.579004	0.545405	0.461924	0.318336	0.124204	-0.0914992	-0.313604	-0.536812	-0.749291	-0.914998	-1.00389	-1.01634	-0.970196	-0.88957	-0.802402	-0.724588	-0.655953	
0.726521	0.677945	0.651463	0.649268	0.662386	0.689687	0.718295	0.74116	0.737605	0.682873	0.573274	0.408716	0.201118	-0.0259558	-0.258069	-0.487999	-0.700059	-0.866902	-0.962204	-0.996105	-0.978879	-0.925961	-0.859251	-0.794994	-0.733772	
0.74886	0.722419	0.716984	0.731452	0.762709	0.801138	0.849934	0.888647	0.882083	0.813343	0.681942	0.502058	0.290699	0.0656909	-0.168196	-0.400075	-0.608288	-0.768412	-0.872862	-0.93666	-0.962947	-0.953697	-0.917565	-0.872774	-0.827066	
0.712834	0.701931	0.716678	0.754542	0.801617	0.858829	0.928391	0.983021	0.98976	0.926917	0.791467	0.604735	0.391702	0.166748	-0.0641953	-0.291636	-0.493838	-0.650973	-0.763643	-0.8553	-0.918469	-0.956932	-0.964183	-0.950116	-0.924575	
0.626497	0.630512	0.664054	0.725583	0.79643	0.874099	0.960856	1.03231	1.05574	1.00968	0.888447	0.704996	0.490822	0.266906	0.0433751	-0.170755	-0.363568	-0.523452	-0.650856	-0.763399	-0.853043	-0.926987	-0.981088	-1.00443	-0.995663	
0.497204	0.511526	0.566797	0.652987	0.751327	0.851163	0.956864	1.04314	1.08276	1.06094	0.961914	0.790767	0.581598	0.360746	0.144421	-0.0533445	-0.229662	-0.384411	-0.523819	-0.651969	-0.761549	-0.864074	-0.954568	-1.00954	-1.01723	
0.333288	0.356753	0.42854	0.537644	0.660852	0.788817	0.912707	1.01594	1.07854	1.07521	0.995092	0.840042	0.642554	0.434127	0.233105	0.0521851	-0.105431	-0.24591	-0.383935	-0.524611	-0.65151	-0.77051	-0.87881	-0.948725	-0.965977	
0.157899	0.183835	0.262669	0.38801	0.534293	0.687101	0.831914	0.956686	1.03865	1.05662	0.99303	0.855363	0.678065	0.494101	0.315039	0.151429	0.00980409	-0.114197	-0.240621	-0.376289	-0.51239	-0.6342	-0.7405	-0.809689	-0.833304	
-0.0264745	0.000352856	0.0831023	0.214269	0.374328	0.545098	0.711058	0.8592	0.963791	0.998224	0.952359	0.837253	0.687396	0.538315	0.394451	0.257759	0.136455	0.0287399	-0.0800845	-0.199472	-0.328185	-0.445136	-0.544703	-0.609676	-0.636622	
-0.206114	-0.183463	-0.112587	0.0149036	0.179755	0.36631	0.551769	0.719681	0.842222	0.891075	0.864752	0.786219	0.678789	0.57398	0.475221	0.376444	0.283135	0.193362	0.101601	0.00025052	-0.11212	-0.221282	-0.319047	-0.387149	-0.41782	
-0.374157	-0.369019	-0.320807	-0.208754	-0.0461626	0.147541	0.351394	0.540531	0.682707	0.754485	0.762586	0.726044	0.667282	0.60911	0.555978	0.501864	0.446557	0.381326	0.305824	0.217136	0.115549	0.0135583	-0.08449	-0.160383	-0.197985	
-0.528008	-0.545146	-0.521417	-0.432188	-0.280149	-0.0856945	0.127413	0.329828	0.497105	0.605557	0.662449	0.675331	0.663233	0.647811	0.638047	0.630473	0.615929	0.579066	0.52265	0.440431	0.341913	0.241874	0.146516	0.0644689	0.0114924	
-0.645095	-0.687754	-0.69226	-0.625524	-0.491985	-0.309892	-0.0981057	0.1134	0.304308	0.45113	0.560944	0.625141	0.660221	0.689713	0.728704	0.767395	0.787731	0.776299	0.736257	0.659285	0.562677	0.459774	0.365634	0.27761	0.202804	
-0.702224	-0.775157	-0.802522	-0.76457	-0.660203	-0.503729	-0.308237	-0.0952693	0.115095	0.297168	0.449831	0.55686	0.641337	0.718899	0.803752	0.887465	0.937823	0.946175	0.922086	0.856626	0.762921	0.656239	0.5537	0.452298	0.354317	
