0.275738	0.322153	0.355368	0.3777	0.3774	0.365592	0.337691	0.302592	0.264677	0.233035	0.240111	0.295587	0.393572	0.520161	0.645425	0.736599	0.774138	0.737924	0.64884	0.525705	0.389548	0.254482	0.127345	0.0133971	-0.0611507	
0.322153	0.394461	0.44546	0.468077	0.459077	0.431832	0.389835	0.332419	0.267835	0.216169	0.210628	0.255408	0.349562	0.481593	0.619055	0.741285	0.821976	0.826294	0.767478	0.663135	0.529063	0.380842	0.234332	0.102572	0.015589	
0.355368	0.44546	0.510373	0.543648	0.537771	0.505684	0.443584	0.358762	0.268946	0.201445	0.185709	0.217691	0.299638	0.423337	0.567911	0.712335	0.827354	0.867236	0.836257	0.749987	0.625607	0.479485	0.32876	0.188034	0.0843127	
0.3777	0.468077	0.543648	0.588914	0.597567	0.561206	0.48191	0.375661	0.268129	0.183242	0.150252	0.165175	0.228333	0.344836	0.49406	0.656543	0.792291	0.860907	0.853191	0.789455	0.68009	0.540016	0.38571	0.237532	0.124182	
0.3774	0.459077	0.537771	0.597567	0.614253	0.570673	0.481099	0.362852	0.237331	0.140505	0.0912256	0.08858	0.135521	0.242431	0.392781	0.565867	0.721959	0.816819	0.832081	0.785669	0.690194	0.551986	0.393181	0.240443	0.123523	
0.365592	0.431832	0.505684	0.561206	0.570673	0.524182	0.427615	0.298333	0.162603	0.0550539	-0.011261	-0.0242423	0.0100251	0.10758	0.260278	0.441088	0.607393	0.722004	0.759289	0.730738	0.642958	0.505077	0.343557	0.188702	0.0685529	
0.337691	0.389835	0.443584	0.48191	0.481099	0.427615	0.322264	0.18218	0.0389138	-0.0771869	-0.150649	-0.171494	-0.142152	-0.0478504	0.103418	0.28125	0.453136	0.579767	0.632177	0.616692	0.541257	0.41202	0.253487	0.095659	-0.0210897	
0.302592	0.332419	0.358762	0.375661	0.362852	0.298333	0.18218	0.0321106	-0.119875	-0.243416	-0.327007	-0.349281	-0.318357	-0.226893	-0.0818728	0.0922003	0.26383	0.393693	0.459911	0.460406	0.399878	0.286049	0.142492	-0.00400204	-0.114398	
0.264677	0.267835	0.268946	0.268129	0.237331	0.162603	0.0389138	-0.119875	-0.277735	-0.415096	-0.510305	-0.5431	-0.517146	-0.430671	-0.284606	-0.108155	0.0661806	0.195496	0.270619	0.289527	0.251175	0.16413	0.043188	-0.0909889	-0.19957	
0.233035	0.216169	0.201445	0.183242	0.140505	0.0550539	-0.0771869	-0.243416	-0.415096	-0.57094	-0.682109	-0.733566	-0.716675	-0.626355	-0.47762	-0.300987	-0.12789	0.00876765	0.105842	0.150502	0.133345	0.0702364	-0.0311609	-0.155467	-0.259166	
0.240111	0.210628	0.185709	0.150252	0.0912256	-0.011261	-0.150649	-0.327007	-0.510305	-0.682109	-0.818418	-0.895934	-0.884659	-0.79093	-0.645331	-0.467949	-0.286544	-0.134684	-0.0201496	0.0456431	0.0508755	0.00882054	-0.0733547	-0.178907	-0.276902	
0.295587	0.255408	0.217691	0.165175	0.08858	-0.0242423	-0.171494	-0.349281	-0.5431	-0.733566	-0.895934	-0.987213	-0.982983	-0.896163	-0.759841	-0.581342	-0.392457	-0.228142	-0.104767	-0.0257031	-0.00164089	-0.0165018	-0.0707734	-0.157967	-0.256963	
0.393572	0.349562	0.299638	0.228333	0.135521	0.0100251	-0.142152	-0.318357	-0.517146	-0.716675	-0.884659	-0.982983	-0.995692	-0.930911	-0.80855	-0.636079	-0.452398	-0.289929	-0.162423	-0.068115	-0.0199584	-0.0116556	-0.0429715	-0.110402	-0.196428	
0.520161	0.481593	0.423337	0.344836	0.242431	0.10758	-0.0478504	-0.226893	-0.430671	-0.626355	-0.79093	-0.896163	-0.930911	-0.891078	-0.787423	-0.643553	-0.486081	-0.331462	-0.200625	-0.0996892	-0.0318943	-0.0023378	-0.00877034	-0.0484605	-0.111324	
0.645425	0.619055	0.567911	0.49406	0.392781	0.260278	0.103418	-0.0818728	-0.284606	-0.47762	-0.645331	-0.759841	-0.80855	-0.787423	-0.712531	-0.60803	-0.478921	-0.339183	-0.219858	-0.121447	-0.0432278	0.00918391	0.0339029	0.0240173	-0.023139	
0.736599	0.741285	0.712335	0.656543	0.565867	0.441088	0.28125	0.0922003	-0.108155	-0.300987	-0.467949	-0.581342	-0.636079	-0.643553	-0.60803	-0.537195	-0.428031	-0.30737	-0.202516	-0.115153	-0.0361641	0.0309004	0.0755679	0.0834738	0.0611713	
0.774138	0.821976	0.827354	0.792291	0.721959	0.607393	0.453136	0.26383	0.0661806	-0.12789	-0.286544	-0.392457	-0.452398	-0.486081	-0.478921	-0.428031	-0.343427	-0.25213	-0.163193	-0.0787953	-0.000794043	0.0697685	0.118679	0.137163	0.135487	
0.737924	0.826294	0.867236	0.860907	0.816819	0.722004	0.579767	0.393693	0.195496	0.00876765	-0.134684	-0.228142	-0.289929	-0.331462	-0.339183	-0.30737	-0.25213	-0.180916	-0.0988288	-0.0181843	0.0527988	0.124575	0.17677	0.199118	0.20505	
0.64884	0.767478	0.836257	0.853191	0.832081	0.759289	0.632177	0.459911	0.270619	0.105842	-0.0201496	-0.104767	-0.162423	-0.200625	-0.219858	-0.202516	-0.163193	-0.0988288	-0.0205158	0.0544376	0.118549	0.187985	0.237925	0.262113	0.26885	
0.525705	0.663135	0.749987	0.789455	0.785669	0.730738	0.616692	0.460406	0.289527	0.150502	0.0456431	-0.0257031	-0.068115	-0.0996892	-0.121447	-0.115153	-0.0787953	-0.0181843	0.0544376	0.124927	0.19593	0.259757	0.297294	0.310705	0.312893	
0.389548	0.529063	0.625607	0.68009	0.690194	0.642958	0.541257	0.399878	0.251175	0.133345	0.0508755	-0.00164089	-0.0199584	-0.0318943	-0.0432278	-0.0361641	-0.000794043	0.0527988	0.118549	0.19593	0.267543	0.320535	0.347701	0.349122	0.335089	
0.254482	0.380842	0.479485	0.540016	0.551986	0.505077	0.41202	0.286049	0.16413	0.0702364	0.00882054	-0.0165018	-0.0116556	-0.0023378	0.00918391	0.0309004	0.0697685	0.124575	0.187985	0.259757	0.320535	0.358434	0.375037	0.369606	0.356443	
0.127345	0.234332	0.32876	0.38571	0.393181	0.343557	0.253487	0.142492	0.043188	-0.0311609	-0.0733547	-0.0707734	-0.0429715	-0.00877034	0.0339029	0.0755679	0.118679	0.17677	0.237925	0.297294	0.347701	0.375037	0.379344	0.370136	0.360517	
0.0133971	0.102572	0.188034	0.237532	0.240443	0.188702	0.095659	-0.00400204	-0.0909889	-0.155467	-0.178907	-0.157967	-0.110402	-0.0484605	0.0240173	0.0834738	0.137163	0.199118	0.262113	0.310705	0.349122	0.369606	0.370136	0.363684	0.362298	
-0.0611507	0.015589	0.0843127	0.124182	0.123523	0.0685529	-0.0210897	-0.114398	-0.19957	-0.259166	-0.276902	-0.256963	-0.196428	-0.111324	-0.023139	0.0611713	0.135487	0.20505	0.26885	0.312893	0.335089	0.356443	0.360517	0.362298	0.380485	
-0.0763069	-0.008023	0.045511	0.0764575	0.0677504	0.0115732	-0.0762345	-0.176526	-0.267692	-0.330321	-0.360883	-0.34579	-0.280893	-0.188669	-0.0887096	0.0185142	0.115739	0.200734	0.268415	0.310752	0.331142	0.351114	0.360302	0.374477	0.415685	
-0.0308833	0.0297105	0.0698645	0.087527	0.0693284	0.0113299	-0.0788943	-0.193353	-0.299896	-0.379025	-0.429858	-0.425255	-0.36124	-0.267989	-0.155835	-0.0301449	0.0896824	0.194093	0.269467	0.316713	0.340638	0.354271	0.37543	0.410628	0.456319	
0.058043	0.110063	0.137469	0.132522	0.103126	0.0398056	-0.0604401	-0.184961	-0.312316	-0.416751	-0.48295	-0.492112	-0.435049	-0.342265	-0.219301	-0.0767383	0.0687908	0.193149	0.280989	0.330179	0.35409	0.365244	0.396456	0.447222	0.49967	
0.158265	0.204061	0.2156	0.190363	0.146526	0.0718454	-0.0366545	-0.172659	-0.321264	-0.448174	-0.525895	-0.545222	-0.496082	-0.402903	-0.273554	-0.114639	0.0503346	0.192171	0.289358	0.338533	0.360007	0.380679	0.412618	0.462329	0.525143	
0.22792	0.268431	0.266801	0.230507	0.172727	0.0911107	-0.0228753	-0.169697	-0.330419	-0.471927	-0.560325	-0.577756	-0.537188	-0.444094	-0.304005	-0.136977	0.0338394	0.188774	0.295731	0.34529	0.363132	0.385827	0.41942	0.471726	0.541875	
0.239579	0.27962	0.274083	0.23783	0.176994	0.0933767	-0.0195384	-0.169615	-0.332642	-0.476108	-0.566288	-0.58423	-0.544365	-0.450481	-0.309123	-0.140739	0.0312778	0.1896	0.296806	0.346615	0.363266	0.387275	0.421263	0.47435	0.543995	
0.191912	0.235306	0.240981	0.209889	0.159449	0.0815281	-0.0304422	-0.170339	-0.325357	-0.459689	-0.541822	-0.560985	-0.516187	-0.422693	-0.288629	-0.126244	0.0421459	0.190775	0.292525	0.341152	0.36147	0.383825	0.415414	0.466238	0.533313	
0.0992047	0.148289	0.170071	0.15627	0.121356	0.0531846	-0.0502111	-0.178862	-0.315471	-0.429586	-0.499812	-0.515211	-0.461288	-0.368184	-0.24306	-0.0927462	0.0618602	0.193329	0.284482	0.333443	0.356646	0.372283	0.403742	0.454967	0.511589	
0.000794639	0.0573577	0.0934165	0.101782	0.079865	0.0206915	-0.0737824	-0.191971	-0.306286	-0.3955	-0.45369	-0.453472	-0.39202	-0.299118	-0.18157	-0.0489637	0.080514	0.192222	0.273878	0.323003	0.346947	0.356828	0.383833	0.42753	0.475323	
-0.0652359	0.00115675	0.0479982	0.0757437	0.0631559	0.00577226	-0.0812033	-0.18797	-0.283884	-0.350974	-0.389962	-0.379081	-0.313031	-0.22014	-0.11619	-0.00137088	0.105981	0.198838	0.267403	0.311122	0.333085	0.351706	0.365566	0.386582	0.429992	
-0.0744955	-0.00150007	0.0608927	0.0967887	0.0928598	0.0380412	-0.051009	-0.145633	-0.231345	-0.290821	-0.312974	-0.2937	-0.231332	-0.141829	-0.0478638	0.0459093	0.128958	0.204022	0.269062	0.311994	0.331833	0.352671	0.358201	0.364802	0.394316	
-0.0231764	0.0602166	0.139765	0.186102	0.18772	0.134518	0.0428006	-0.0539374	-0.139296	-0.201181	-0.21948	-0.197722	-0.14377	-0.0709887	0.00911554	0.0778825	0.138754	0.203166	0.266389	0.312703	0.343885	0.364771	0.366139	0.362307	0.367135	
0.0794575	0.178604	0.270627	0.323881	0.329942	0.279135	0.187432	0.0825591	-0.0109136	-0.0805704	-0.11484	-0.102639	-0.0666262	-0.0214132	0.0340566	0.0833398	0.129132	0.188148	0.250325	0.304945	0.350972	0.374733	0.37646	0.36751	0.359961	
0.202293	0.321624	0.41858	0.479388	0.490158	0.441595	0.35076	0.231221	0.118942	0.0341497	-0.0190072	-0.0335152	-0.0187875	-0.000176255	0.022405	0.0521317	0.0932198	0.149888	0.211603	0.277833	0.333915	0.368232	0.379383	0.371825	0.360176	
0.335355	0.469899	0.56865	0.626368	0.638591	0.59288	0.494909	0.359043	0.221378	0.112746	0.0378654	-0.0033254	-0.0124287	-0.015577	-0.0184425	-0.00695588	0.0283337	0.0811926	0.146176	0.224342	0.292428	0.338231	0.361258	0.36034	0.34488	
0.471919	0.612693	0.703671	0.751157	0.753277	0.7026	0.594236	0.443213	0.280838	0.150596	0.0553258	-0.00966291	-0.0430922	-0.068325	-0.0873868	-0.083376	-0.0468605	0.0115925	0.0805265	0.152506	0.225832	0.286494	0.319251	0.327125	0.322528	
0.602509	0.730354	0.807946	0.833186	0.81964	0.755106	0.633058	0.467921	0.285044	0.130727	0.0124271	-0.0669655	-0.120281	-0.15656	-0.178658	-0.165728	-0.128713	-0.0659176	0.0107629	0.0831299	0.14867	0.216642	0.261994	0.282872	0.289947	
0.70699	0.808627	0.861928	0.866158	0.832165	0.746311	0.610011	0.428565	0.231913	0.0522904	-0.084113	-0.173796	-0.23459	-0.274753	-0.288294	-0.26314	-0.216236	-0.149031	-0.0679615	0.0108521	0.0767079	0.148737	0.202082	0.225494	0.231674	
0.768791	0.833586	0.853641	0.829147	0.768935	0.660857	0.511371	0.321954	0.125187	-0.0677223	-0.221433	-0.322087	-0.383866	-0.422989	-0.422607	-0.379247	-0.306836	-0.225473	-0.141019	-0.0565048	0.0196005	0.0898233	0.139568	0.161058	0.163743	
0.758828	0.781277	0.76406	0.717278	0.633145	0.511915	0.353276	0.163531	-0.0358922	-0.229161	-0.393658	-0.504538	-0.56097	-0.581216	-0.558618	-0.497659	-0.397002	-0.287004	-0.18864	-0.104622	-0.0252158	0.0446811	0.0918282	0.103944	0.0920586	
0.687295	0.670702	0.62738	0.558968	0.460546	0.331076	0.172784	-0.0138229	-0.216105	-0.408421	-0.577526	-0.692752	-0.744489	-0.733001	-0.674118	-0.583757	-0.463106	-0.330692	-0.217407	-0.122782	-0.0437776	0.0161073	0.0517242	0.0503757	0.01134	
0.572426	0.537198	0.480248	0.402196	0.298752	0.163224	0.00718386	-0.173878	-0.378163	-0.572162	-0.737448	-0.846378	-0.888479	-0.855614	-0.762696	-0.634459	-0.489517	-0.339158	-0.2111	-0.109871	-0.03762	0.00113057	0.00695	-0.0195349	-0.0755581	
0.441966	0.399045	0.345209	0.269167	0.171275	0.0407393	-0.112712	-0.289814	-0.489814	-0.689177	-0.855814	-0.956855	-0.978313	-0.924343	-0.80824	-0.643946	-0.469302	-0.309442	-0.179947	-0.0816398	-0.0242484	-0.00667783	-0.0304356	-0.087627	-0.163891	
0.329889	0.286973	0.243842	0.184197	0.100535	-0.016488	-0.166206	-0.342876	-0.539613	-0.735368	-0.902562	-0.997263	-0.998093	-0.918666	-0.787652	-0.609306	-0.419939	-0.255779	-0.129846	-0.0452412	-0.0125806	-0.0166842	-0.0602621	-0.140942	-0.237135	
0.25702	0.223073	0.193709	0.151261	0.0846494	-0.0224929	-0.165699	-0.343536	-0.530808	-0.710653	-0.858113	-0.942486	-0.934054	-0.841218	-0.698815	-0.521476	-0.335216	-0.177254	-0.0584969	0.0127701	0.025937	-0.0065232	-0.0775728	-0.174722	-0.272666	
