0.198048	0.145616	0.126857	0.141828	0.16997	0.176522	0.153927	0.12916	0.133691	0.174529	0.236361	0.297152	0.355184	0.413792	0.467285	0.485492	0.456519	0.382408	0.282857	0.174272	0.0749093	-0.0131662	-0.100493	-0.182548	-0.226534	
0.229317	0.181076	0.15657	0.163612	0.185595	0.189912	0.173197	0.155776	0.167083	0.209165	0.26056	0.310791	0.357322	0.39791	0.430264	0.426911	0.375862	0.276846	0.153655	0.0262055	-0.0918613	-0.181728	-0.248775	-0.289472	-0.282916	
0.277011	0.225981	0.187315	0.176062	0.181165	0.183745	0.17695	0.179818	0.207025	0.257456	0.302565	0.338225	0.36513	0.383338	0.385635	0.356795	0.279718	0.156156	0.0162996	-0.119364	-0.240111	-0.318809	-0.359413	-0.351474	-0.293522	
0.318011	0.264278	0.211277	0.177617	0.163561	0.160591	0.170449	0.194836	0.241928	0.29844	0.338308	0.357325	0.3631	0.357875	0.335861	0.280468	0.179534	0.0361661	-0.111789	-0.244871	-0.348344	-0.400297	-0.404719	-0.349302	-0.247331	
0.340394	0.292349	0.22935	0.176882	0.143542	0.137056	0.160592	0.20664	0.266972	0.324835	0.355222	0.36232	0.348799	0.324298	0.280889	0.200691	0.0772113	-0.0708853	-0.212999	-0.327086	-0.399684	-0.414324	-0.378738	-0.290618	-0.162174	
0.347383	0.306622	0.242026	0.177242	0.132331	0.123989	0.155921	0.214998	0.282241	0.334897	0.356686	0.354142	0.329081	0.2875	0.223514	0.123043	-0.0168636	-0.162029	-0.283363	-0.374585	-0.41486	-0.388154	-0.314884	-0.195735	-0.0492005	
0.346533	0.314043	0.251695	0.182929	0.13628	0.128082	0.16099	0.2232	0.291866	0.337802	0.350674	0.337334	0.298397	0.237052	0.153018	0.0373926	-0.103431	-0.236215	-0.333487	-0.393754	-0.400199	-0.341406	-0.233409	-0.093279	0.0639044	
0.351116	0.334181	0.284029	0.223597	0.182355	0.174808	0.20407	0.259157	0.317013	0.349232	0.344045	0.308517	0.250544	0.168056	0.0669055	-0.0508987	-0.177264	-0.286006	-0.355982	-0.381958	-0.352576	-0.269021	-0.148519	-0.00445952	0.147317	
0.36225	0.373284	0.349589	0.307656	0.273446	0.266882	0.291638	0.333479	0.367038	0.371949	0.336887	0.271979	0.191153	0.0912716	-0.0216697	-0.138932	-0.243895	-0.32151	-0.360943	-0.350475	-0.288373	-0.189353	-0.0715303	0.0598585	0.193481	
0.378422	0.421781	0.431494	0.412672	0.387391	0.381491	0.401878	0.426805	0.4298	0.400077	0.335305	0.242615	0.13893	0.0232618	-0.102311	-0.221651	-0.30891	-0.357036	-0.360216	-0.316362	-0.231155	-0.123541	-0.0141099	0.0988229	0.208753	
0.388829	0.461983	0.508593	0.522637	0.516596	0.514052	0.521678	0.517681	0.484513	0.420983	0.330925	0.218491	0.095939	-0.0343002	-0.163221	-0.275973	-0.347771	-0.369588	-0.345744	-0.283956	-0.192876	-0.0880416	0.0118894	0.104629	0.186755	
0.38903	0.487608	0.56648	0.619556	0.643718	0.647258	0.632935	0.591188	0.52166	0.430965	0.32158	0.197723	0.0629696	-0.0748343	-0.19725	-0.293214	-0.349439	-0.358379	-0.322755	-0.25889	-0.176105	-0.0792706	0.0103778	0.0786615	0.127656	
0.40034	0.514716	0.615583	0.694429	0.742226	0.751598	0.718189	0.649251	0.557706	0.447309	0.326165	0.19415	0.0535486	-0.0856912	-0.206804	-0.290051	-0.335555	-0.342262	-0.304002	-0.241881	-0.167925	-0.0850631	-0.0124872	0.0299711	0.0484995	
0.405738	0.540681	0.660428	0.760764	0.823362	0.833459	0.791986	0.702975	0.590863	0.460777	0.321775	0.183345	0.0473803	-0.0881825	-0.203883	-0.283956	-0.322431	-0.324867	-0.293322	-0.239672	-0.172323	-0.112129	-0.0645475	-0.0436387	-0.0421741	
0.408296	0.559892	0.699896	0.815743	0.887226	0.900199	0.850559	0.750084	0.618453	0.468934	0.315532	0.164614	0.0233914	-0.107621	-0.222246	-0.300609	-0.333737	-0.329493	-0.301006	-0.257987	-0.202806	-0.158826	-0.137015	-0.136899	-0.143547	
0.408297	0.57199	0.726996	0.860703	0.945303	0.959743	0.902197	0.784181	0.635893	0.473247	0.308331	0.14176	-0.0169791	-0.153536	-0.258427	-0.329939	-0.3628	-0.359909	-0.333225	-0.297653	-0.252439	-0.219886	-0.210941	-0.221714	-0.240054	
0.403525	0.58018	0.750074	0.898395	0.99845	1.01627	0.946431	0.813013	0.649449	0.474161	0.295589	0.111108	-0.0667812	-0.214074	-0.306186	-0.361449	-0.392418	-0.397018	-0.37502	-0.336939	-0.296215	-0.276549	-0.27573	-0.291798	-0.314733	
0.377676	0.576129	0.761805	0.92301	1.03315	1.05413	0.974909	0.830562	0.652221	0.457978	0.256809	0.0578217	-0.128156	-0.275376	-0.36067	-0.398978	-0.417192	-0.421851	-0.404912	-0.366974	-0.330059	-0.314294	-0.32479	-0.341902	-0.359021	
0.330009	0.544261	0.741365	0.908521	1.02239	1.0428	0.962659	0.812646	0.625713	0.417014	0.197976	-0.0118727	-0.193931	-0.331148	-0.409093	-0.44046	-0.440786	-0.42833	-0.408903	-0.379018	-0.346014	-0.327016	-0.336001	-0.353154	-0.36361	
0.260823	0.471177	0.664868	0.830803	0.941201	0.961672	0.883702	0.736427	0.550439	0.347117	0.129173	-0.0836046	-0.262654	-0.385579	-0.447415	-0.468251	-0.45516	-0.421616	-0.388805	-0.359008	-0.330215	-0.307025	-0.307376	-0.319097	-0.319006	
0.162213	0.347977	0.52356	0.677065	0.778909	0.797568	0.726124	0.588819	0.418979	0.238086	0.0439345	-0.154449	-0.325514	-0.43305	-0.472258	-0.467867	-0.441521	-0.399615	-0.350721	-0.306447	-0.271809	-0.244904	-0.24317	-0.243669	-0.226645	
0.0374945	0.182691	0.318498	0.44093	0.522515	0.537161	0.480692	0.370107	0.238014	0.097469	-0.0554764	-0.213616	-0.354801	-0.444836	-0.463862	-0.43431	-0.388333	-0.339366	-0.281741	-0.220869	-0.170584	-0.141454	-0.136545	-0.133718	-0.1054	
-0.101729	-0.0172118	0.0610517	0.132479	0.183169	0.192942	0.156448	0.0902233	0.0150004	-0.0668057	-0.158169	-0.255466	-0.338717	-0.391876	-0.392551	-0.344153	-0.280519	-0.21851	-0.155882	-0.0975398	-0.0462382	-0.0150509	-0.00431292	-0.000798285	0.0265332	
-0.25292	-0.247195	-0.243942	-0.229267	-0.214606	-0.211795	-0.222139	-0.240103	-0.246257	-0.249935	-0.261581	-0.279591	-0.290276	-0.283936	-0.250599	-0.189006	-0.11713	-0.0462642	0.0183245	0.0630454	0.0959585	0.122366	0.137421	0.14106	0.158127	
-0.417171	-0.503894	-0.578223	-0.62528	-0.647663	-0.650964	-0.636124	-0.601268	-0.535745	-0.452445	-0.368057	-0.29729	-0.226075	-0.151735	-0.0699613	0.0119495	0.0843446	0.151261	0.207511	0.234429	0.249489	0.259471	0.273111	0.272377	0.281319	
-0.591822	-0.765293	-0.913923	-1.01961	-1.07888	-1.0885	-1.04869	-0.962533	-0.828697	-0.663298	-0.485304	-0.317769	-0.16065	-0.0169126	0.114657	0.225678	0.304962	0.360388	0.396806	0.4075	0.408832	0.40609	0.403991	0.392629	0.388851	
-0.765293	-1.01351	-1.22778	-1.38682	-1.47791	-1.49374	-1.43159	-1.29925	-1.10419	-0.867757	-0.608288	-0.348443	-0.105305	0.106486	0.286283	0.428026	0.520563	0.5672	0.581395	0.575725	0.56578	0.548841	0.525803	0.49786	0.473259	
-0.913923	-1.22778	-1.49851	-1.70367	-1.82146	-1.84074	-1.76242	-1.58965	-1.3419	-1.0438	-0.713646	-0.37577	-0.0557478	0.221422	0.448316	0.615918	0.718406	0.75933	0.756669	0.736253	0.712598	0.677112	0.634423	0.585982	0.533589	
-1.01961	-1.38682	-1.70367	-1.94469	-2.08312	-2.10719	-2.01367	-1.81036	-1.52091	-1.17138	-0.78475	-0.385678	-0.00629233	0.325296	0.591922	0.778753	0.885869	0.923624	0.910677	0.876145	0.8347	0.784836	0.721443	0.651789	0.563723	
-1.07888	-1.47791	-1.82146	-2.08312	-2.23554	-2.26136	-2.15882	-1.93698	-1.62345	-1.24364	-0.82244	-0.385367	0.029243	0.395567	0.688003	0.886593	0.998686	1.03616	1.01566	0.968363	0.910568	0.850543	0.776285	0.687131	0.569803	
-1.0885	-1.49374	-1.84074	-2.10719	-2.26136	-2.28755	-2.18379	-1.95853	-1.64136	-1.25621	-0.827622	-0.385155	0.0366834	0.408194	0.705855	0.906774	1.01886	1.05661	1.035	0.983679	0.924485	0.860847	0.786253	0.693168	0.569503	
-1.04869	-1.43159	-1.76242	-2.01367	-2.15882	-2.18379	-2.08514	-1.87353	-1.57185	-1.20666	-0.802827	-0.385167	0.0102537	0.35895	0.638362	0.830772	0.939881	0.976479	0.960693	0.9213	0.871597	0.817794	0.748304	0.670057	0.568441	
-0.962533	-1.29925	-1.58965	-1.81036	-1.93698	-1.95853	-1.87353	-1.68783	-1.42204	-1.10177	-0.747497	-0.382399	-0.0359365	0.265009	0.509486	0.685721	0.79049	0.829516	0.821929	0.795659	0.765169	0.722871	0.671488	0.614874	0.549295	
-0.828697	-1.10419	-1.3419	-1.52091	-1.62345	-1.64136	-1.57185	-1.42204	-1.20403	-0.942551	-0.653712	-0.360626	-0.084392	0.153747	0.351816	0.504195	0.602393	0.646298	0.653232	0.641383	0.626771	0.602705	0.571763	0.535514	0.500717	
-0.663298	-0.867757	-1.0438	-1.17138	-1.24364	-1.25621	-1.20666	-1.10177	-0.942551	-0.747259	-0.535785	-0.329739	-0.137372	0.0340407	0.184913	0.308626	0.392894	0.444143	0.471159	0.474684	0.471297	0.464011	0.453776	0.436679	0.425391	
-0.485304	-0.608288	-0.713646	-0.78475	-0.82244	-0.827622	-0.802827	-0.747497	-0.653712	-0.535785	-0.412477	-0.303511	-0.199372	-0.0969324	0.00544795	0.0978991	0.171873	0.23426	0.283827	0.304885	0.313342	0.317958	0.326828	0.322091	0.326496	
-0.317769	-0.348443	-0.37577	-0.385678	-0.385367	-0.385155	-0.385167	-0.382399	-0.360626	-0.329739	-0.303511	-0.287684	-0.265819	-0.232955	-0.180627	-0.111706	-0.0403286	0.0305815	0.0934926	0.130604	0.15638	0.176055	0.191879	0.194649	0.208676	
-0.16065	-0.105305	-0.0557478	-0.00629233	0.029243	0.0366834	0.0102537	-0.0359365	-0.084392	-0.137372	-0.199372	-0.265819	-0.32178	-0.35286	-0.343401	-0.289615	-0.221007	-0.154151	-0.09042	-0.0359206	0.0086746	0.0401412	0.0523141	0.0563659	0.0802543	
-0.0169126	0.106486	0.221422	0.325296	0.395567	0.408194	0.35895	0.265009	0.153747	0.0340407	-0.0969324	-0.232955	-0.35286	-0.431953	-0.444163	-0.406435	-0.352718	-0.298368	-0.239237	-0.177222	-0.122765	-0.0933072	-0.0856015	-0.0826629	-0.0536161	
0.114657	0.286283	0.448316	0.591922	0.688003	0.705855	0.638362	0.509486	0.351816	0.184913	0.00544795	-0.180627	-0.343401	-0.444163	-0.474909	-0.459012	-0.425516	-0.381413	-0.328018	-0.276045	-0.235681	-0.207413	-0.205317	-0.203527	-0.180757	
0.225678	0.428026	0.615918	0.778753	0.886593	0.906774	0.830772	0.685721	0.504195	0.308626	0.0978991	-0.111706	-0.289615	-0.406435	-0.459012	-0.47176	-0.454297	-0.415668	-0.376155	-0.342025	-0.312104	-0.287514	-0.286172	-0.293408	-0.28699	
0.304962	0.520563	0.718406	0.885869	0.998686	1.01886	0.939881	0.79049	0.602393	0.392894	0.171873	-0.0403286	-0.221007	-0.352718	-0.425516	-0.454297	-0.448338	-0.426573	-0.402915	-0.374849	-0.344229	-0.323365	-0.328907	-0.344717	-0.352071	
0.360388	0.5672	0.75933	0.923624	1.03616	1.05661	0.976479	0.829516	0.646298	0.444143	0.23426	0.0305815	-0.154151	-0.298368	-0.381413	-0.415668	-0.426573	-0.426407	-0.409555	-0.375104	-0.339259	-0.323065	-0.334845	-0.352317	-0.366452	
0.396806	0.581395	0.756669	0.910677	1.01566	1.035	0.960693	0.821929	0.653232	0.471159	0.283827	0.0934926	-0.09042	-0.239237	-0.328018	-0.376155	-0.402915	-0.409555	-0.389793	-0.34994	-0.31082	-0.293725	-0.298275	-0.314603	-0.336695	
0.4075	0.575725	0.736253	0.876145	0.968363	0.983679	0.9213	0.795659	0.641383	0.474684	0.304885	0.130604	-0.0359206	-0.177222	-0.276045	-0.342025	-0.374849	-0.375104	-0.34994	-0.314784	-0.27177	-0.244689	-0.238153	-0.251549	-0.272622	
0.408832	0.56578	0.712598	0.8347	0.910568	0.924485	0.871597	0.765169	0.626771	0.471297	0.313342	0.15638	0.0086746	-0.122765	-0.235681	-0.312104	-0.344229	-0.339259	-0.31082	-0.27177	-0.221557	-0.181762	-0.166867	-0.172318	-0.184217	
0.40609	0.548841	0.677112	0.784836	0.850543	0.860847	0.817794	0.722871	0.602705	0.464011	0.317958	0.176055	0.0401412	-0.0933072	-0.207413	-0.287514	-0.323365	-0.323065	-0.293725	-0.244689	-0.181762	-0.129181	-0.0925995	-0.0800509	-0.0820466	
0.403991	0.525803	0.634423	0.721443	0.776285	0.786253	0.748304	0.671488	0.571763	0.453776	0.326828	0.191879	0.0523141	-0.0856015	-0.205317	-0.286172	-0.328907	-0.334845	-0.298275	-0.238153	-0.166867	-0.0925995	-0.0292714	0.00372698	0.0139567	
0.392629	0.49786	0.585982	0.651789	0.687131	0.693168	0.670057	0.614874	0.535514	0.436679	0.322091	0.194649	0.0563659	-0.0826629	-0.203527	-0.293408	-0.344717	-0.352317	-0.314603	-0.251549	-0.172318	-0.0800509	0.00372698	0.0618651	0.0978063	
0.388851	0.473259	0.533589	0.563723	0.569803	0.569503	0.568441	0.549295	0.500717	0.425391	0.326496	0.208676	0.0802543	-0.0536161	-0.180757	-0.28699	-0.352071	-0.366452	-0.336695	-0.272622	-0.184217	-0.0820466	0.0139567	0.0978063	0.166402	
