-0.133107	-0.237392	-0.347704	-0.445393	-0.505338	-0.515319	-0.4752	-0.38983	-0.280899	-0.174043	-0.0748091	0.0167916	0.0783261	0.0926287	0.0608241	0.00260912	-0.0653581	-0.121327	-0.157747	-0.188861	-0.219846	-0.239087	-0.236821	-0.225516	-0.227217	
-0.144874	-0.265573	-0.399409	-0.513965	-0.584154	-0.59723	-0.547955	-0.449407	-0.318518	-0.191472	-0.0769533	0.0266111	0.104614	0.138157	0.130692	0.0888426	0.0395279	-0.00883557	-0.0528981	-0.104673	-0.161453	-0.203684	-0.225593	-0.234062	-0.250357	
-0.193129	-0.32378	-0.465577	-0.592058	-0.66915	-0.682534	-0.62985	-0.520666	-0.37975	-0.243852	-0.118829	0.000332507	0.105474	0.166879	0.183974	0.164459	0.133541	0.0927521	0.0396841	-0.0280199	-0.0983146	-0.150967	-0.186813	-0.205593	-0.22894	
-0.271046	-0.413786	-0.554459	-0.680367	-0.758002	-0.771014	-0.719119	-0.608189	-0.470896	-0.327598	-0.187594	-0.0456402	0.0829484	0.177168	0.224187	0.231577	0.209959	0.168292	0.107822	0.0360291	-0.0324753	-0.0859963	-0.126274	-0.151296	-0.175336	
-0.340886	-0.50473	-0.651338	-0.767677	-0.834341	-0.844956	-0.801164	-0.701954	-0.566634	-0.407314	-0.242514	-0.083245	0.0591723	0.174614	0.243845	0.268431	0.253517	0.211276	0.150116	0.0817109	0.0231096	-0.0234226	-0.0579208	-0.0786965	-0.0937599	
-0.394203	-0.566191	-0.711793	-0.818546	-0.87968	-0.890599	-0.84838	-0.759459	-0.628784	-0.46482	-0.287323	-0.117025	0.0329693	0.156788	0.239182	0.274213	0.265925	0.226735	0.170396	0.108787	0.0540468	0.0167475	-0.0028672	-0.0102985	-0.00966236	
-0.429624	-0.594726	-0.728461	-0.823937	-0.881762	-0.892503	-0.851481	-0.771221	-0.652466	-0.498436	-0.323802	-0.158779	-0.0113468	0.117804	0.213781	0.260316	0.255088	0.213244	0.163879	0.113297	0.0652569	0.0382106	0.0335908	0.0457433	0.0633715	
-0.43312	-0.581504	-0.701083	-0.780951	-0.824065	-0.831776	-0.801681	-0.738022	-0.633819	-0.49448	-0.339943	-0.195018	-0.0573694	0.071254	0.17048	0.218812	0.216583	0.178615	0.130343	0.0810579	0.0434022	0.0291655	0.040529	0.0774519	0.11651	
-0.404621	-0.520729	-0.609293	-0.665631	-0.691067	-0.695371	-0.679023	-0.636009	-0.560473	-0.452168	-0.331303	-0.207639	-0.0881498	0.0263151	0.118028	0.165368	0.166655	0.132297	0.0797335	0.0260108	-0.00624413	-0.00794472	0.0178377	0.0707506	0.129186	
-0.321216	-0.40015	-0.459014	-0.485154	-0.489449	-0.489383	-0.488544	-0.472731	-0.427535	-0.35426	-0.2698	-0.183431	-0.0918554	-0.004905	0.0737152	0.115393	0.114524	0.0761385	0.0173922	-0.0359082	-0.0643395	-0.0615779	-0.0275386	0.0346122	0.104746	
-0.173254	-0.22653	-0.25864	-0.256892	-0.237741	-0.232304	-0.250001	-0.261532	-0.243534	-0.19559	-0.144082	-0.0995781	-0.0448273	0.00919677	0.0543714	0.0800883	0.068876	0.0194336	-0.0489305	-0.104286	-0.124951	-0.114864	-0.0787225	-0.0120547	0.0588662	
0.0172675	-0.00943936	-0.0150328	0.0106858	0.0412784	0.0464376	0.0248335	-0.00736331	-0.0163532	0.00707547	0.0317966	0.0524151	0.0682507	0.081127	0.0858027	0.0803846	0.0453815	-0.0222657	-0.10515	-0.163288	-0.179242	-0.166458	-0.131399	-0.0714894	-0.00439866	
0.239908	0.23557	0.252291	0.290352	0.324507	0.330082	0.306783	0.265928	0.239334	0.237118	0.243997	0.246062	0.233155	0.217227	0.186452	0.137097	0.0647836	-0.0291861	-0.12153	-0.189665	-0.216775	-0.205506	-0.181796	-0.134234	-0.0759435	
0.483106	0.494871	0.520558	0.556764	0.582468	0.585971	0.569318	0.535168	0.503173	0.486469	0.478685	0.46806	0.442394	0.40649	0.351	0.262483	0.150619	0.0285468	-0.0835661	-0.170805	-0.220336	-0.22765	-0.211041	-0.173714	-0.12483	
0.750687	0.765309	0.790954	0.810114	0.815126	0.815558	0.813015	0.800595	0.774692	0.75653	0.740407	0.721309	0.691829	0.650796	0.57198	0.455477	0.309695	0.156111	0.0117845	-0.109379	-0.191393	-0.224584	-0.223099	-0.195097	-0.145613	
1.0306	1.0367	1.04779	1.04668	1.03255	1.02936	1.04145	1.04906	1.04083	1.03346	1.02284	1.00225	0.973309	0.929428	0.837354	0.696861	0.520212	0.338359	0.161137	0.00291244	-0.115056	-0.181794	-0.207444	-0.191758	-0.141942	
1.29416	1.28445	1.27341	1.25127	1.2306	1.22628	1.24226	1.26562	1.28056	1.29077	1.29566	1.29051	1.26412	1.21245	1.11138	0.95365	0.758795	0.557885	0.353521	0.162262	0.00730008	-0.0955518	-0.146139	-0.146644	-0.100964	
1.51376	1.48706	1.44971	1.40728	1.38302	1.37865	1.39485	1.4321	1.47405	1.50362	1.52826	1.54279	1.52914	1.47499	1.36867	1.2038	1.00743	0.791876	0.565473	0.347603	0.158672	0.0204766	-0.0562732	-0.0666701	-0.0283099	
1.66212	1.61293	1.55407	1.49458	1.45512	1.44765	1.47552	1.52912	1.59015	1.6428	1.69291	1.73113	1.74162	1.69856	1.59497	1.43601	1.2475	1.02022	0.775358	0.537688	0.321896	0.151805	0.0484477	0.0188484	0.0371236	
1.72258	1.64203	1.56537	1.49112	1.43608	1.42584	1.46507	1.53548	1.61107	1.69061	1.76918	1.83825	1.88188	1.869	1.78115	1.63597	1.45135	1.22551	0.978767	0.727931	0.487358	0.283929	0.147053	0.0793717	0.0714875	
1.68101	1.57803	1.48066	1.39041	1.32848	1.31757	1.36023	1.44279	1.53945	1.6386	1.74604	1.85507	1.94456	1.96791	1.91516	1.79401	1.61777	1.40259	1.15861	0.893831	0.628195	0.395552	0.220664	0.111026	0.0689319	
1.56356	1.43402	1.31233	1.20204	1.13278	1.1214	1.16782	1.26496	1.38496	1.50996	1.6508	1.80555	1.93187	1.98914	1.97878	1.89632	1.74198	1.53423	1.2874	1.01178	0.731902	0.477622	0.272698	0.126206	0.043292	
1.39505	1.22921	1.07946	0.960664	0.887932	0.874352	0.925505	1.02741	1.16672	1.32684	1.50486	1.6909	1.84619	1.94229	1.97349	1.92653	1.8017	1.60791	1.35797	1.07498	0.787927	0.5227	0.301955	0.12815	0.00887022	
1.17165	0.973413	0.804225	0.681714	0.608254	0.595003	0.645952	0.749669	0.901004	1.08975	1.2993	1.51391	1.69899	1.8301	1.89044	1.88357	1.79767	1.62825	1.39243	1.10951	0.820072	0.556513	0.324988	0.128787	-0.0311754	
0.906883	0.691701	0.511525	0.385927	0.317491	0.306163	0.351572	0.454767	0.61425	0.816998	1.04785	1.29189	1.50996	1.66771	1.76482	1.80658	1.7576	1.61565	1.39811	1.12946	0.844767	0.574384	0.335055	0.118863	-0.0657792	
0.652142	0.422963	0.234388	0.102232	0.0345208	0.0244179	0.066827	0.174023	0.341858	0.55627	0.802656	1.06747	1.31219	1.50348	1.63969	1.71813	1.69771	1.58215	1.38933	1.13959	0.862621	0.586929	0.33449	0.103619	-0.101599	
0.422963	0.190929	-0.000782546	-0.13547	-0.207443	-0.219249	-0.171545	-0.0624119	0.108698	0.325805	0.581163	0.861256	1.13228	1.3582	1.52852	1.62763	1.63588	1.54823	1.37305	1.13972	0.875352	0.601807	0.337922	0.086456	-0.144676	
0.234388	-0.000782546	-0.189443	-0.321277	-0.390987	-0.402179	-0.356735	-0.249946	-0.0819534	0.135243	0.396092	0.687826	0.973858	1.22501	1.42289	1.54311	1.57028	1.50143	1.35113	1.14218	0.896533	0.628949	0.359956	0.0904808	-0.165217	
0.102232	-0.13547	-0.321277	-0.447814	-0.512917	-0.522829	-0.480634	-0.37951	-0.215933	0.000846627	0.268662	0.563488	0.853113	1.11015	1.32405	1.46217	1.50492	1.4514	1.32089	1.13265	0.907636	0.659851	0.398632	0.123187	-0.153269	
0.0345208	-0.207443	-0.390987	-0.512917	-0.576869	-0.586964	-0.545233	-0.446754	-0.288358	-0.0690497	0.202495	0.491663	0.779509	1.03979	1.25918	1.4031	1.45894	1.42229	1.29944	1.11496	0.904032	0.67753	0.431442	0.155998	-0.128983	
0.0244179	-0.219249	-0.402179	-0.522829	-0.586964	-0.597765	-0.555668	-0.457221	-0.30041	-0.0797442	0.191633	0.479123	0.76537	1.0274	1.24821	1.39231	1.4501	1.4168	1.29507	1.1112	0.902995	0.679426	0.436726	0.160858	-0.122951	
0.066827	-0.171545	-0.356735	-0.480634	-0.545233	-0.555668	-0.512936	-0.413705	-0.252354	-0.0349626	0.23469	0.528426	0.817825	1.07517	1.29242	1.43397	1.48352	1.43692	1.3108	1.1256	0.906643	0.669174	0.414435	0.138834	-0.143107	
0.174023	-0.0624119	-0.249946	-0.37951	-0.446754	-0.457221	-0.413705	-0.309795	-0.1435	0.0742486	0.337884	0.632173	0.920282	1.17533	1.38099	1.51	1.5436	1.48016	1.33958	1.1401	0.902861	0.642155	0.37436	0.10144	-0.163625	
0.341858	0.108698	-0.0819534	-0.215933	-0.288358	-0.30041	-0.252354	-0.1435	0.0267792	0.244084	0.501731	0.786688	1.06565	1.30386	1.48653	1.59386	1.60998	1.53116	1.36546	1.1404	0.883536	0.610859	0.344051	0.0842097	-0.157594	
0.55627	0.325805	0.135243	0.000846627	-0.0690497	-0.0797442	-0.0349626	0.0742486	0.244084	0.45972	0.710266	0.982187	1.23802	1.44361	1.59358	1.68157	1.67343	1.56903	1.3837	1.13998	0.867788	0.5927	0.334018	0.096618	-0.119315	
0.802656	0.581163	0.396092	0.268662	0.202495	0.191633	0.23469	0.337884	0.501731	0.710266	0.947338	1.20117	1.42971	1.59989	1.71381	1.77172	1.73466	1.6033	1.39508	1.13498	0.852711	0.57895	0.335368	0.113101	-0.07868	
1.06747	0.861256	0.687826	0.563488	0.491663	0.479123	0.528426	0.632173	0.786688	0.982187	1.20117	1.4278	1.62668	1.76874	1.84203	1.8551	1.78491	1.62667	1.39804	1.1191	0.83054	0.566048	0.33124	0.126506	-0.046159	
1.31219	1.13228	0.973858	0.853113	0.779509	0.76537	0.817825	0.920282	1.06565	1.23802	1.42971	1.62668	1.79433	1.9057	1.94846	1.91642	1.80662	1.62209	1.37507	1.09062	0.801468	0.537468	0.311848	0.128568	-0.00713579	
1.50348	1.3582	1.22501	1.11015	1.03979	1.0274	1.07517	1.17533	1.30386	1.44361	1.59989	1.76874	1.9057	1.97818	1.98541	1.9183	1.77376	1.57019	1.32148	1.04335	0.759688	0.498459	0.286228	0.128334	0.0305534	
1.63969	1.52852	1.42289	1.32405	1.25918	1.24821	1.29242	1.38099	1.48653	1.59358	1.71381	1.84203	1.94846	1.98541	1.9491	1.84261	1.67456	1.46327	1.2174	0.947045	0.674511	0.433034	0.244695	0.117771	0.0594827	
1.71813	1.62763	1.54311	1.46217	1.4031	1.39231	1.43397	1.51	1.59386	1.68157	1.77172	1.8551	1.91642	1.9183	1.84261	1.70455	1.52099	1.29906	1.0548	0.799605	0.547915	0.331619	0.17905	0.0956703	0.0743081	
1.69771	1.63588	1.57028	1.50492	1.45894	1.4501	1.48352	1.5436	1.60998	1.67343	1.73466	1.78491	1.80662	1.77376	1.67456	1.52099	1.33472	1.10601	0.857755	0.614357	0.388942	0.205945	0.0902102	0.0466909	0.0555912	
1.58215	1.54823	1.50143	1.4514	1.42229	1.4168	1.43692	1.48016	1.53116	1.56903	1.6033	1.62667	1.62209	1.57019	1.46327	1.29906	1.10601	0.885064	0.650725	0.423772	0.222918	0.0722107	-0.0154014	-0.0308329	0.000653263	
1.38933	1.37305	1.35113	1.32089	1.29944	1.29507	1.3108	1.33958	1.36546	1.3837	1.39508	1.39804	1.37507	1.32148	1.2174	1.0548	0.857755	0.650725	0.437358	0.234638	0.0652498	-0.0524271	-0.11306	-0.117708	-0.0741433	
1.13959	1.13972	1.14218	1.13265	1.11496	1.1112	1.1256	1.1401	1.1404	1.13998	1.13498	1.1191	1.09062	1.04335	0.947045	0.799605	0.614357	0.423772	0.234638	0.0613424	-0.0709966	-0.151916	-0.187231	-0.178777	-0.130448	
0.862621	0.875352	0.896533	0.907636	0.904032	0.902995	0.906643	0.902861	0.883536	0.867788	0.852711	0.83054	0.801468	0.759688	0.674511	0.547915	0.388942	0.222918	0.0652498	-0.0709966	-0.167337	-0.212984	-0.22272	-0.197445	-0.148077	
0.586929	0.601807	0.628949	0.659851	0.67753	0.679426	0.669174	0.642155	0.610859	0.5927	0.57895	0.566048	0.537468	0.498459	0.433034	0.331619	0.205945	0.0722107	-0.0524271	-0.151916	-0.212984	-0.229415	-0.216848	-0.184272	-0.13602	
0.33449	0.337922	0.359956	0.398632	0.431442	0.436726	0.414435	0.37436	0.344051	0.334018	0.335368	0.33124	0.311848	0.286228	0.244695	0.17905	0.0902102	-0.0154014	-0.11306	-0.187231	-0.22272	-0.216848	-0.196738	-0.152812	-0.0992041	
0.103619	0.086456	0.0904808	0.123187	0.155998	0.160858	0.138834	0.10144	0.0842097	0.096618	0.113101	0.126506	0.128568	0.128334	0.117771	0.0956703	0.0466909	-0.0308329	-0.117708	-0.178777	-0.197445	-0.184272	-0.152812	-0.0980318	-0.0339442	
-0.101599	-0.144676	-0.165217	-0.153269	-0.128983	-0.122951	-0.143107	-0.163625	-0.157594	-0.119315	-0.07868	-0.046159	-0.00713579	0.0305534	0.0594827	0.0743081	0.0555912	0.000653263	-0.0741433	-0.130448	-0.148077	-0.13602	-0.0992041	-0.0339442	0.0354953	
