-0.291863	-0.427858	-0.55101	-0.644618	-0.688392	-0.694436	-0.66827	-0.593679	-0.478431	-0.348061	-0.203501	-0.0533959	0.0915499	0.229676	0.351389	0.434494	0.479712	0.48991	0.463981	0.408216	0.328604	0.246281	0.189805	0.164191	0.164648	
-0.103024	-0.226708	-0.337229	-0.425383	-0.474756	-0.482359	-0.450745	-0.375993	-0.272372	-0.154896	-0.0200581	0.12355	0.25227	0.3604	0.437827	0.473216	0.47418	0.450872	0.399568	0.333274	0.251006	0.167171	0.107398	0.0819653	0.0857315	
0.0769106	-0.0339197	-0.130927	-0.214092	-0.266853	-0.275288	-0.240447	-0.166094	-0.0742414	0.0296825	0.152407	0.279889	0.382252	0.452591	0.483719	0.471514	0.431434	0.373185	0.300256	0.229642	0.156402	0.0782767	0.0191895	-0.00171287	0.00471192	
0.230365	0.133256	0.045024	-0.0365197	-0.0908791	-0.100563	-0.0628587	0.0117915	0.0972489	0.189861	0.293998	0.393087	0.458815	0.486848	0.477564	0.434473	0.366624	0.282643	0.199571	0.132599	0.0755242	0.0118543	-0.0445022	-0.0667983	-0.0556457	
0.332807	0.25173	0.178137	0.10807	0.060504	0.0526205	0.0847889	0.149477	0.221507	0.300047	0.383245	0.45433	0.488785	0.477292	0.43334	0.369677	0.286587	0.195349	0.118932	0.0686812	0.0271172	-0.0171026	-0.0620999	-0.0825707	-0.0688113	
0.384437	0.323064	0.268269	0.218637	0.185455	0.179947	0.202333	0.247531	0.300254	0.359256	0.423117	0.471356	0.483764	0.448737	0.382831	0.30765	0.221791	0.136578	0.077642	0.0463297	0.0182964	-0.00863548	-0.0313475	-0.0394225	-0.0209209	
0.389634	0.346198	0.31503	0.295464	0.281677	0.279182	0.289155	0.305602	0.33217	0.371063	0.417436	0.450124	0.450158	0.406605	0.334763	0.256615	0.177658	0.110957	0.0725225	0.0576444	0.0446855	0.0308773	0.031157	0.0453063	0.0699717	
0.355911	0.332293	0.327514	0.339185	0.345367	0.344761	0.343151	0.331195	0.327711	0.345197	0.372862	0.392899	0.388391	0.351784	0.286569	0.216681	0.151226	0.105554	0.0886035	0.0919607	0.0961434	0.102904	0.121484	0.145807	0.169249	
0.292079	0.292128	0.313404	0.347083	0.37016	0.373091	0.358804	0.326446	0.29871	0.290011	0.298734	0.309549	0.305364	0.280922	0.236	0.183284	0.139805	0.122527	0.125777	0.145853	0.168539	0.193101	0.221168	0.245645	0.255755	
0.208673	0.230034	0.268167	0.31587	0.350576	0.35692	0.332767	0.28711	0.244026	0.214558	0.207089	0.2155	0.216276	0.203245	0.176877	0.14791	0.133394	0.149062	0.18228	0.22451	0.265891	0.29853	0.324616	0.336185	0.321757	
0.118044	0.15114	0.197227	0.246554	0.287399	0.294456	0.265725	0.216389	0.168268	0.128933	0.111373	0.118683	0.126385	0.121398	0.111787	0.108963	0.128042	0.17619	0.244855	0.31242	0.369297	0.410385	0.43074	0.42261	0.386021	
0.0291894	0.0674074	0.116702	0.163058	0.202921	0.210574	0.181426	0.135203	0.0870156	0.0414183	0.0190868	0.0213175	0.0313749	0.0369073	0.04783	0.0692103	0.122223	0.202354	0.296106	0.386214	0.457299	0.503188	0.520818	0.50118	0.442532	
-0.0421324	0.000294781	0.049819	0.0977036	0.130955	0.136388	0.113744	0.0695197	0.0200218	-0.027387	-0.0571223	-0.0653044	-0.0588271	-0.0406347	-0.0113547	0.0367539	0.116415	0.219453	0.328874	0.428997	0.508394	0.557061	0.573355	0.54333	0.468499	
-0.0736987	-0.0287434	0.0223185	0.0666527	0.093986	0.0979025	0.0800342	0.0418002	-0.00810425	-0.057229	-0.0964277	-0.121955	-0.127065	-0.105834	-0.0603373	0.00550207	0.106121	0.223663	0.337809	0.435052	0.511981	0.562355	0.575707	0.540624	0.462469	
-0.0685107	-0.0164097	0.0354313	0.0780066	0.103245	0.105968	0.0913868	0.0535821	0.00516702	-0.0479244	-0.0977052	-0.13718	-0.157396	-0.143577	-0.0999567	-0.0256819	0.0826621	0.205771	0.322484	0.414391	0.481838	0.525636	0.539993	0.505072	0.427363	
-0.0318437	0.0242883	0.0742311	0.113688	0.137111	0.140941	0.125596	0.090833	0.0453232	-0.00891921	-0.0637727	-0.107629	-0.13748	-0.141839	-0.111362	-0.0402561	0.0623582	0.18112	0.291188	0.375402	0.429652	0.461123	0.470266	0.440791	0.37243	
0.0271823	0.0844179	0.132112	0.166441	0.186624	0.190339	0.176287	0.147057	0.104887	0.0513045	-0.00755767	-0.059238	-0.10055	-0.124543	-0.111878	-0.0497727	0.0437846	0.145628	0.239091	0.309557	0.351173	0.374468	0.376936	0.352011	0.299858	
0.096473	0.155072	0.201733	0.231502	0.248768	0.2498	0.240306	0.215519	0.175987	0.120055	0.0603765	-0.00166223	-0.0571703	-0.090642	-0.0907177	-0.0496609	0.0218224	0.0983134	0.162952	0.211602	0.245764	0.26608	0.26947	0.250568	0.218804	
0.169032	0.224822	0.271502	0.301458	0.308537	0.307656	0.306906	0.285562	0.245244	0.191814	0.132384	0.0656539	0.00527799	-0.03567	-0.0495376	-0.0360427	-0.00401891	0.0379575	0.0728028	0.0997357	0.122073	0.145056	0.156294	0.153241	0.14694	
0.238135	0.29652	0.339859	0.359005	0.359678	0.358966	0.360571	0.351132	0.316308	0.261694	0.204233	0.142128	0.0773115	0.0280738	-0.00401615	-0.023141	-0.0269046	-0.0236688	-0.0200376	-0.00662595	0.00607113	0.0308732	0.0569545	0.0775403	0.102539	
0.308975	0.363091	0.396044	0.410665	0.413062	0.410765	0.413609	0.403091	0.379419	0.332076	0.275495	0.221428	0.163816	0.106795	0.0502502	0.00198702	-0.0335866	-0.0674193	-0.0898007	-0.0907353	-0.0818195	-0.0554493	-0.012947	0.0323976	0.088038	
0.386201	0.430759	0.449491	0.460007	0.465188	0.465195	0.463429	0.453396	0.44137	0.406907	0.352233	0.298954	0.242522	0.183397	0.113277	0.0402927	-0.0220092	-0.0758751	-0.116794	-0.132001	-0.134198	-0.109444	-0.055141	0.0106959	0.0870352	
0.459129	0.491116	0.500336	0.502829	0.501512	0.500913	0.502373	0.501982	0.49652	0.475073	0.430786	0.374921	0.308403	0.246522	0.173914	0.0886216	0.0121215	-0.0509208	-0.100186	-0.131166	-0.155841	-0.141178	-0.083541	-0.00293982	0.0895384	
0.513952	0.531953	0.537449	0.534003	0.523361	0.51872	0.531075	0.536688	0.53563	0.522934	0.495081	0.44671	0.377343	0.305835	0.231052	0.148292	0.0681885	-0.001877	-0.0573736	-0.1046	-0.141452	-0.141553	-0.0921233	-0.0121473	0.0844365	
0.549594	0.557885	0.553148	0.543781	0.534594	0.531775	0.540411	0.549131	0.557369	0.554812	0.537955	0.500908	0.438907	0.362906	0.284085	0.210055	0.135412	0.0640085	-0.00377145	-0.0634974	-0.106176	-0.116952	-0.0853782	-0.0175302	0.0737877	
0.567739	0.568537	0.557619	0.551241	0.558763	0.56192	0.553016	0.553649	0.564778	0.569721	0.559343	0.529704	0.484231	0.416818	0.339392	0.26592	0.196571	0.126215	0.0533419	-0.00995368	-0.0571752	-0.0754729	-0.0599775	-0.00294655	0.0821061	
0.568537	0.571011	0.569121	0.574892	0.591093	0.59441	0.581526	0.569556	0.570144	0.570193	0.563979	0.543854	0.510122	0.456519	0.39001	0.323383	0.254128	0.183119	0.112205	0.0458863	-0.00268116	-0.0282517	-0.0167589	0.0368684	0.117111	
0.557619	0.569121	0.590974	0.610856	0.622332	0.623566	0.61751	0.599377	0.577659	0.560349	0.555511	0.545789	0.517817	0.470315	0.41806	0.363271	0.299498	0.229815	0.159654	0.0948452	0.0490274	0.0233287	0.0337897	0.086355	0.165099	
0.551241	0.574892	0.610856	0.638853	0.652907	0.656102	0.645617	0.623977	0.588662	0.558458	0.545877	0.53972	0.517572	0.478075	0.431251	0.379697	0.325624	0.260069	0.191259	0.133651	0.0892402	0.0672835	0.080344	0.13386	0.212678	
0.558763	0.591093	0.622332	0.652907	0.680273	0.685362	0.665285	0.634407	0.60383	0.571064	0.54246	0.52772	0.511971	0.482069	0.435491	0.379587	0.330322	0.273052	0.21078	0.155086	0.114899	0.0927202	0.110698	0.170856	0.254323	
0.56192	0.59441	0.623566	0.656102	0.685362	0.690812	0.670139	0.634987	0.606663	0.57536	0.541261	0.52327	0.510029	0.481906	0.433766	0.378478	0.329437	0.27274	0.213886	0.158377	0.118537	0.0960473	0.115624	0.177663	0.262002	
0.553016	0.581526	0.61751	0.645617	0.665285	0.670139	0.654065	0.630542	0.595818	0.562169	0.544302	0.53593	0.515867	0.48027	0.43488	0.38093	0.329757	0.267933	0.200198	0.144732	0.10266	0.080338	0.0949074	0.151277	0.232144	
0.553649	0.569556	0.599377	0.623977	0.634407	0.634987	0.630542	0.610487	0.580719	0.557948	0.551032	0.543613	0.518572	0.47332	0.423515	0.372684	0.313055	0.243211	0.174299	0.11127	0.0661267	0.0425685	0.0536356	0.10554	0.183517	
0.564778	0.570144	0.577659	0.588662	0.60383	0.606663	0.595818	0.580719	0.573147	0.566321	0.561767	0.546147	0.514723	0.46435	0.40481	0.342076	0.27394	0.203917	0.133139	0.0662987	0.0193724	-0.00730747	0.00379774	0.0565735	0.135535	
0.569721	0.570193	0.560349	0.558458	0.571064	0.57536	0.562169	0.557948	0.566321	0.571513	0.563219	0.537205	0.497252	0.435945	0.361424	0.289557	0.219817	0.149556	0.077304	0.0135749	-0.035763	-0.057465	-0.0449848	0.0101817	0.0931605	
0.559343	0.563979	0.555511	0.545877	0.54246	0.541261	0.544302	0.551032	0.561767	0.563219	0.54866	0.514729	0.458973	0.384415	0.305358	0.232545	0.160855	0.0891104	0.0186289	-0.0431957	-0.0874806	-0.101675	-0.0772801	-0.0145844	0.073969	
0.529704	0.543854	0.545789	0.53972	0.52772	0.52327	0.53593	0.543613	0.546147	0.537205	0.514729	0.471911	0.403981	0.329666	0.252933	0.173833	0.0947567	0.0240682	-0.0369755	-0.0896195	-0.129227	-0.134255	-0.0917072	-0.0158058	0.0793991	
0.484231	0.510122	0.517817	0.517572	0.511971	0.510029	0.515867	0.518572	0.514723	0.497252	0.458973	0.403981	0.334905	0.269995	0.197175	0.111025	0.032316	-0.0338664	-0.0852841	-0.123015	-0.154387	-0.145212	-0.0889239	-0.00686713	0.089151	
0.416818	0.456519	0.470315	0.478075	0.482069	0.481906	0.48027	0.47332	0.46435	0.435945	0.384415	0.329666	0.269995	0.210645	0.138366	0.0582601	-0.0116019	-0.0699418	-0.114314	-0.13592	-0.146898	-0.125268	-0.0686372	0.00435852	0.0878107	
0.339392	0.39001	0.41806	0.431251	0.435491	0.433766	0.43488	0.423515	0.40481	0.361424	0.305358	0.252933	0.197175	0.138366	0.0751856	0.0159229	-0.0313616	-0.0753799	-0.106421	-0.113157	-0.106436	-0.0796364	-0.0314852	0.0222309	0.0869359	
0.26592	0.323383	0.363271	0.379697	0.379587	0.378478	0.38093	0.372684	0.342076	0.289557	0.232545	0.173833	0.111025	0.0582601	0.0159229	-0.0147815	-0.0312969	-0.0444469	-0.0520048	-0.0438805	-0.0332944	-0.00811499	0.0247922	0.0553818	0.0929502	
0.196571	0.254128	0.299498	0.325624	0.330322	0.329437	0.329757	0.313055	0.27394	0.219817	0.160855	0.0947567	0.032316	-0.0116019	-0.0313616	-0.0312969	-0.0149325	0.0123168	0.0345388	0.0555726	0.0737504	0.0978186	0.113957	0.119816	0.125811	
0.126215	0.183119	0.229815	0.260069	0.273052	0.27274	0.267933	0.243211	0.203917	0.149556	0.0891104	0.0240682	-0.0338664	-0.0699418	-0.0753799	-0.0444469	0.0123168	0.0755494	0.128406	0.167686	0.19711	0.21766	0.223797	0.210201	0.18761	
0.0533419	0.112205	0.159654	0.191259	0.21078	0.213886	0.200198	0.174299	0.133139	0.077304	0.0186289	-0.0369755	-0.0852841	-0.114314	-0.106421	-0.0520048	0.0345388	0.128406	0.210506	0.273426	0.312231	0.333848	0.335493	0.311854	0.267562	
-0.00995368	0.0458863	0.0948452	0.133651	0.155086	0.158377	0.144732	0.11127	0.0662987	0.0135749	-0.0431957	-0.0896195	-0.123015	-0.13592	-0.113157	-0.0438805	0.0555726	0.167686	0.273426	0.353077	0.401287	0.428947	0.435181	0.407599	0.344974	
-0.0571752	-0.00268116	0.0490274	0.0892402	0.114899	0.118537	0.10266	0.0661267	0.0193724	-0.035763	-0.0874806	-0.129227	-0.154387	-0.146898	-0.106436	-0.0332944	0.0737504	0.19711	0.312231	0.401287	0.464175	0.502486	0.515551	0.48278	0.40815	
-0.0754729	-0.0282517	0.0233287	0.0672835	0.0927202	0.0960473	0.080338	0.0425685	-0.00730747	-0.057465	-0.101675	-0.134255	-0.145212	-0.125268	-0.0796364	-0.00811499	0.0978186	0.21766	0.333848	0.428947	0.502486	0.551824	0.565465	0.53029	0.451041	
-0.0599775	-0.0167589	0.0337897	0.080344	0.110698	0.115624	0.0949074	0.0536356	0.00379774	-0.0449848	-0.0772801	-0.0917072	-0.0889239	-0.0686372	-0.0314852	0.0247922	0.113957	0.223797	0.335493	0.435181	0.515551	0.565465	0.580516	0.546957	0.470187	
-0.00294655	0.0368684	0.086355	0.13386	0.170856	0.177663	0.151277	0.10554	0.0565735	0.0101817	-0.0145844	-0.0158058	-0.00686713	0.00435852	0.0222309	0.0553818	0.119816	0.210201	0.311854	0.407599	0.48278	0.53029	0.546957	0.523451	0.456577	
0.0821061	0.117111	0.165099	0.212678	0.254323	0.262002	0.232144	0.183517	0.135535	0.0931605	0.073969	0.0793991	0.089151	0.0878107	0.0869359	0.0929502	0.125811	0.18761	0.267562	0.344974	0.40815	0.451041	0.470187	0.456577	0.411791	
