-0.295511	-0.289104	-0.265089	-0.206138	-0.120007	-0.012165	0.112455	0.212162	0.273721	0.297603	0.277606	0.218005	0.135816	0.0306887	-0.0976261	-0.230081	-0.357007	-0.459171	-0.52906	-0.569735	-0.586677	-0.590372	-0.589821	-0.586239	-0.606543	
-0.289104	-0.320941	-0.321048	-0.279267	-0.202183	-0.0947449	0.0289743	0.133519	0.208177	0.257761	0.26448	0.229514	0.157698	0.0485251	-0.0874784	-0.232129	-0.372831	-0.487718	-0.568954	-0.619095	-0.641284	-0.645422	-0.64154	-0.631346	-0.648954	
-0.265089	-0.321048	-0.343361	-0.316848	-0.248157	-0.15224	-0.0401085	0.068338	0.16085	0.232147	0.267851	0.265914	0.218949	0.120891	-0.0124637	-0.161333	-0.304962	-0.426344	-0.515555	-0.577267	-0.611925	-0.629275	-0.630487	-0.62499	-0.63821	
-0.206138	-0.279267	-0.316848	-0.306871	-0.257425	-0.183534	-0.0838825	0.0321993	0.144356	0.238027	0.304528	0.338119	0.318088	0.240686	0.115641	-0.0292818	-0.169637	-0.288739	-0.379929	-0.450141	-0.499666	-0.532715	-0.547249	-0.55496	-0.569791	
-0.120007	-0.202183	-0.248157	-0.257425	-0.236489	-0.178266	-0.0843973	0.040006	0.169119	0.285066	0.379158	0.441787	0.443976	0.385306	0.273384	0.141719	0.0108461	-0.0943437	-0.174587	-0.249311	-0.31937	-0.368946	-0.399258	-0.427109	-0.447531	
-0.012165	-0.0947449	-0.15224	-0.183534	-0.178266	-0.126406	-0.0351479	0.0888011	0.228229	0.363646	0.477738	0.554326	0.571707	0.532845	0.442348	0.327633	0.215815	0.129223	0.0569797	-0.0239769	-0.108168	-0.172561	-0.212847	-0.244741	-0.274049	
0.112455	0.0289743	-0.0401085	-0.0838825	-0.0843973	-0.0351479	0.0538202	0.176914	0.32072	0.464593	0.583914	0.663773	0.693178	0.672824	0.603157	0.506138	0.414687	0.34331	0.275951	0.195289	0.103585	0.0306575	-0.0141893	-0.0431151	-0.07307	
0.212162	0.133519	0.068338	0.0321993	0.040006	0.0888011	0.176914	0.293351	0.439399	0.580475	0.691719	0.768836	0.807713	0.796455	0.740231	0.662068	0.586158	0.524704	0.460433	0.386568	0.299179	0.222659	0.171272	0.145205	0.119471	
0.273721	0.208177	0.16085	0.144356	0.169119	0.228229	0.32072	0.439399	0.570641	0.694692	0.789766	0.859429	0.892868	0.885677	0.84153	0.778929	0.718236	0.66555	0.605882	0.535786	0.454986	0.375617	0.319654	0.295137	0.284026	
0.297603	0.257761	0.232147	0.238027	0.285066	0.363646	0.464593	0.580475	0.694692	0.795538	0.869853	0.923135	0.944184	0.939301	0.907535	0.857012	0.806922	0.761732	0.704779	0.634268	0.558882	0.481472	0.429854	0.407972	0.40901	
0.277606	0.26448	0.267851	0.304528	0.379158	0.477738	0.583914	0.691719	0.789766	0.869853	0.931958	0.962341	0.971479	0.96575	0.939769	0.896208	0.859786	0.822404	0.770594	0.699192	0.618032	0.545712	0.497589	0.479684	0.48463	
0.218005	0.229514	0.265914	0.338119	0.441787	0.554326	0.663773	0.768836	0.859429	0.923135	0.962341	0.970561	0.961825	0.949476	0.932222	0.904505	0.879021	0.849114	0.801864	0.725654	0.644146	0.576982	0.531334	0.51459	0.51778	
0.135816	0.157698	0.218949	0.318088	0.443976	0.571707	0.693178	0.807713	0.892868	0.944184	0.971479	0.961825	0.934622	0.915508	0.904901	0.889454	0.868804	0.839411	0.790262	0.71529	0.641189	0.582116	0.538213	0.51986	0.518379	
0.0306887	0.0485251	0.120891	0.240686	0.385306	0.532845	0.672824	0.796455	0.885677	0.939301	0.96575	0.949476	0.915508	0.893953	0.881898	0.868983	0.840073	0.79552	0.738705	0.667893	0.605892	0.560246	0.523466	0.502089	0.501743	
-0.0976261	-0.0874784	-0.0124637	0.115641	0.273384	0.442348	0.603157	0.740231	0.84153	0.907535	0.939769	0.932222	0.904901	0.881898	0.864191	0.833092	0.783703	0.723438	0.657651	0.589144	0.545197	0.517068	0.48623	0.471885	0.477827	
-0.230081	-0.232129	-0.161333	-0.0292818	0.141719	0.327633	0.506138	0.662068	0.778929	0.857012	0.896208	0.904505	0.889454	0.868983	0.833092	0.778571	0.704699	0.629567	0.557591	0.498663	0.471704	0.459788	0.446054	0.436725	0.450231	
-0.357007	-0.372831	-0.304962	-0.169637	0.0108461	0.215815	0.414687	0.586158	0.718236	0.806922	0.859786	0.879021	0.868804	0.840073	0.783703	0.704699	0.619416	0.535121	0.46302	0.413006	0.396517	0.39879	0.403966	0.409238	0.424406	
-0.459171	-0.487718	-0.426344	-0.288739	-0.0943437	0.129223	0.34331	0.524704	0.66555	0.761732	0.822404	0.849114	0.839411	0.79552	0.723438	0.629567	0.535121	0.447859	0.381186	0.342764	0.336038	0.354278	0.375783	0.393918	0.404444	
-0.52906	-0.568954	-0.515555	-0.379929	-0.174587	0.0569797	0.275951	0.460433	0.605882	0.704779	0.770594	0.801864	0.790262	0.738705	0.657651	0.557591	0.46302	0.381186	0.325508	0.303563	0.307201	0.332195	0.360505	0.382146	0.3862	
-0.569735	-0.619095	-0.577267	-0.450141	-0.249311	-0.0239769	0.195289	0.386568	0.535786	0.634268	0.699192	0.725654	0.71529	0.667893	0.589144	0.498663	0.413006	0.342764	0.303563	0.293319	0.303463	0.322459	0.341553	0.362804	0.370978	
-0.586677	-0.641284	-0.611925	-0.499666	-0.31937	-0.108168	0.103585	0.299179	0.454986	0.558882	0.618032	0.644146	0.641189	0.605892	0.545197	0.471704	0.396517	0.336038	0.307201	0.303463	0.31201	0.319862	0.326833	0.341209	0.347952	
-0.590372	-0.645422	-0.629275	-0.532715	-0.368946	-0.172561	0.0306575	0.222659	0.375617	0.481472	0.545712	0.576982	0.582116	0.560246	0.517068	0.459788	0.39879	0.354278	0.332195	0.322459	0.319862	0.313823	0.312046	0.321297	0.323582	
-0.589821	-0.64154	-0.630487	-0.547249	-0.399258	-0.212847	-0.0141893	0.171272	0.319654	0.429854	0.497589	0.531334	0.538213	0.523466	0.48623	0.446054	0.403966	0.375783	0.360505	0.341553	0.326833	0.312046	0.309096	0.309288	0.304045	
-0.586239	-0.631346	-0.62499	-0.55496	-0.427109	-0.244741	-0.0431151	0.145205	0.295137	0.407972	0.479684	0.51459	0.51986	0.502089	0.471885	0.436725	0.409238	0.393918	0.382146	0.362804	0.341209	0.321297	0.309288	0.30077	0.287829	
-0.606543	-0.648954	-0.63821	-0.569791	-0.447531	-0.274049	-0.07307	0.119471	0.284026	0.40901	0.48463	0.51778	0.518379	0.501743	0.477827	0.450231	0.424406	0.404444	0.3862	0.370978	0.347952	0.323582	0.304045	0.287829	0.279126	
-0.646568	-0.688213	-0.664374	-0.589556	-0.471691	-0.310627	-0.11342	0.0872461	0.270193	0.411061	0.497677	0.530842	0.532508	0.522707	0.507192	0.481511	0.450563	0.41653	0.38947	0.372292	0.348937	0.320476	0.288206	0.264684	0.256842	
-0.692088	-0.727874	-0.695673	-0.610376	-0.489634	-0.334244	-0.144576	0.058628	0.25487	0.408514	0.502023	0.545251	0.557621	0.553736	0.541928	0.51771	0.481859	0.438643	0.398229	0.373469	0.343463	0.311039	0.274104	0.237623	0.21781	
-0.734821	-0.758893	-0.718567	-0.623569	-0.493361	-0.333925	-0.146641	0.0569798	0.250649	0.401216	0.498879	0.554868	0.579784	0.579249	0.568543	0.546076	0.513053	0.467903	0.418275	0.381146	0.339766	0.30205	0.262103	0.216879	0.184287	
-0.763488	-0.768517	-0.717378	-0.613482	-0.471167	-0.307444	-0.121825	0.0739286	0.255459	0.397779	0.493017	0.55355	0.585999	0.589495	0.579925	0.565743	0.53251	0.483919	0.434529	0.392764	0.355202	0.311399	0.26362	0.210279	0.168878	
-0.780914	-0.772256	-0.711277	-0.592704	-0.43972	-0.270887	-0.0952529	0.0906895	0.26104	0.397037	0.487565	0.547244	0.578343	0.580694	0.577271	0.570405	0.53898	0.489213	0.442961	0.411013	0.376326	0.324428	0.268164	0.208001	0.164204	
-0.785372	-0.772647	-0.710426	-0.589033	-0.433237	-0.262966	-0.0885938	0.0942521	0.262282	0.396036	0.486079	0.545277	0.575272	0.576673	0.575876	0.569232	0.537993	0.4894	0.444191	0.414037	0.38099	0.327277	0.267692	0.20788	0.164533	
-0.770874	-0.77024	-0.714056	-0.604097	-0.457171	-0.29189	-0.110525	0.0812631	0.258218	0.398054	0.490428	0.550905	0.583553	0.587563	0.579989	0.569888	0.53707	0.486696	0.438956	0.400689	0.364016	0.317355	0.266741	0.208857	0.166075	
-0.74858	-0.764684	-0.720982	-0.622454	-0.488182	-0.326191	-0.138425	0.0627925	0.251817	0.398416	0.496699	0.556054	0.585109	0.585935	0.57568	0.554362	0.52237	0.476627	0.426067	0.384937	0.343616	0.303162	0.260678	0.213101	0.176024	
-0.710538	-0.742485	-0.707204	-0.617418	-0.493429	-0.337758	-0.14972	0.054098	0.251815	0.406087	0.500994	0.550123	0.567719	0.565284	0.553985	0.530518	0.495112	0.450288	0.405287	0.375711	0.340308	0.306568	0.269199	0.22791	0.202805	
-0.663931	-0.704578	-0.676388	-0.597799	-0.480224	-0.322276	-0.128058	0.0739945	0.26359	0.410263	0.500799	0.536526	0.54158	0.534728	0.521384	0.495965	0.462533	0.423646	0.392194	0.37279	0.347424	0.317549	0.281418	0.253488	0.242466	
-0.62197	-0.663822	-0.648517	-0.577211	-0.456622	-0.288358	-0.0888635	0.106519	0.279272	0.411105	0.490505	0.522037	0.521854	0.508036	0.487812	0.461799	0.433973	0.408087	0.386698	0.371595	0.34931	0.322717	0.298463	0.280229	0.272869	
-0.589884	-0.633865	-0.626983	-0.559591	-0.435896	-0.256218	-0.0540686	0.136146	0.29046	0.40673	0.479924	0.514014	0.517592	0.499444	0.471371	0.439062	0.41364	0.398737	0.385575	0.368359	0.344926	0.323728	0.308222	0.296784	0.284043	
-0.587953	-0.636455	-0.627365	-0.550462	-0.410844	-0.225755	-0.0262613	0.158252	0.306507	0.417248	0.486704	0.521136	0.528164	0.512782	0.477505	0.440409	0.405707	0.383854	0.371128	0.349675	0.331914	0.315182	0.309249	0.306269	0.297025	
-0.590428	-0.645534	-0.632423	-0.540311	-0.382772	-0.190717	0.00924101	0.199028	0.349584	0.457015	0.523232	0.555525	0.56226	0.54435	0.504361	0.45426	0.40171	0.36336	0.343932	0.330457	0.321748	0.311286	0.309591	0.315376	0.314891	
-0.589224	-0.643553	-0.620572	-0.515481	-0.342403	-0.137334	0.0713614	0.265259	0.42186	0.527278	0.587566	0.615211	0.615675	0.586268	0.534036	0.46658	0.39581	0.341202	0.314978	0.310177	0.316226	0.318339	0.319957	0.332776	0.338025	
-0.579139	-0.63126	-0.59391	-0.471728	-0.278497	-0.0579403	0.158104	0.351972	0.504833	0.605255	0.666833	0.692313	0.683603	0.640544	0.568267	0.484756	0.403449	0.335894	0.302506	0.296427	0.30601	0.321035	0.335276	0.353195	0.362826	
-0.548155	-0.592063	-0.543734	-0.410588	-0.204957	0.0262405	0.246796	0.432462	0.578788	0.677105	0.744463	0.773831	0.762009	0.71096	0.629151	0.5304	0.439075	0.361811	0.312363	0.295954	0.303737	0.327478	0.353256	0.376025	0.380124	
-0.491034	-0.524328	-0.466113	-0.328278	-0.127778	0.0998677	0.316558	0.499963	0.643226	0.74144	0.803895	0.833759	0.823146	0.774717	0.697878	0.601091	0.504695	0.418494	0.3559	0.323271	0.320438	0.343353	0.369712	0.389402	0.396636	
-0.4017	-0.423288	-0.35718	-0.220911	-0.0351583	0.178627	0.384375	0.559667	0.696598	0.788781	0.846086	0.868348	0.858414	0.823619	0.759912	0.6736	0.584699	0.498665	0.427919	0.381833	0.368811	0.378135	0.390156	0.402214	0.416129	
-0.282134	-0.289692	-0.220318	-0.0863292	0.088296	0.280497	0.467124	0.630609	0.753867	0.836202	0.880591	0.893088	0.881834	0.859943	0.816096	0.750988	0.671216	0.590666	0.518582	0.46335	0.441682	0.435272	0.428773	0.424059	0.438535	
-0.151165	-0.145818	-0.0713712	0.0578681	0.221643	0.398276	0.565988	0.710313	0.816885	0.888566	0.92333	0.922016	0.899738	0.877853	0.853606	0.813832	0.753634	0.687602	0.618436	0.553389	0.5165	0.49514	0.469869	0.457395	0.467229	
-0.0190391	-0.00319432	0.070929	0.195383	0.345445	0.501357	0.650127	0.778397	0.872406	0.929737	0.957516	0.943584	0.910827	0.888446	0.875788	0.857076	0.820883	0.769822	0.709233	0.639004	0.584328	0.545361	0.510659	0.491299	0.492737	
0.0977214	0.117903	0.185454	0.294428	0.427946	0.563096	0.691387	0.809423	0.89427	0.945291	0.971572	0.956975	0.925436	0.904776	0.894326	0.881398	0.860341	0.825648	0.774033	0.701436	0.630585	0.576484	0.535534	0.515249	0.512425	
0.185986	0.204949	0.253064	0.336496	0.450703	0.568428	0.681183	0.789345	0.87788	0.93572	0.96763	0.967777	0.950824	0.936126	0.921845	0.900805	0.877122	0.849744	0.802191	0.725032	0.646706	0.581967	0.536923	0.520148	0.522104	
0.258278	0.255723	0.272038	0.323383	0.409746	0.51422	0.621163	0.726871	0.820819	0.894253	0.947913	0.969832	0.971873	0.964023	0.941373	0.90269	0.871724	0.837516	0.788194	0.714551	0.632038	0.561613	0.514826	0.497461	0.502389	
