-0.520668	-0.545616	-0.550922	-0.555748	-0.56252	-0.56346	-0.558918	-0.55164	-0.549682	-0.533389	-0.499154	-0.460083	-0.414162	-0.358449	-0.267761	-0.150569	-0.035209	0.0592621	0.115193	0.131469	0.108721	0.0506558	-0.0224789	-0.0882976	-0.156848	
-0.521564	-0.590481	-0.628596	-0.669308	-0.697205	-0.701043	-0.683504	-0.643602	-0.608341	-0.552024	-0.475479	-0.399765	-0.326952	-0.253079	-0.151712	-0.0311324	0.0851616	0.172294	0.221077	0.222934	0.179124	0.102778	0.0131217	-0.0655496	-0.14056	
-0.527467	-0.62464	-0.697467	-0.760794	-0.806652	-0.81639	-0.782129	-0.723532	-0.656819	-0.568969	-0.461806	-0.35126	-0.253003	-0.154133	-0.0399356	0.0797718	0.184777	0.257963	0.293291	0.282404	0.226219	0.138497	0.0459001	-0.0357936	-0.105722	
-0.511471	-0.636231	-0.737914	-0.820817	-0.880389	-0.892307	-0.848246	-0.773099	-0.679201	-0.563934	-0.428555	-0.292095	-0.171044	-0.0544328	0.0636442	0.170812	0.251154	0.300068	0.313976	0.289301	0.22512	0.137174	0.0485179	-0.0238594	-0.0813667	
-0.473822	-0.620808	-0.740818	-0.836378	-0.901071	-0.912614	-0.867316	-0.782387	-0.671304	-0.536303	-0.376897	-0.223148	-0.0844456	0.0409441	0.149176	0.235015	0.281844	0.299777	0.288627	0.247105	0.181275	0.101953	0.0291927	-0.0280723	-0.0736122	
-0.425582	-0.579999	-0.70775	-0.801823	-0.862705	-0.874478	-0.830491	-0.750024	-0.634082	-0.490605	-0.322714	-0.155835	-0.00973146	0.115518	0.210448	0.26892	0.289271	0.281566	0.24529	0.185895	0.112024	0.0373259	-0.0201147	-0.0625984	-0.0941919	
-0.364722	-0.52192	-0.647824	-0.7378	-0.791986	-0.802404	-0.764079	-0.687877	-0.576398	-0.430827	-0.259577	-0.0885566	0.063788	0.179022	0.253271	0.283119	0.275207	0.248175	0.189959	0.112105	0.027057	-0.0490228	-0.0962075	-0.12249	-0.141187	
-0.297309	-0.450741	-0.568487	-0.653973	-0.704011	-0.712131	-0.679068	-0.606878	-0.501874	-0.362634	-0.19541	-0.0260653	0.124298	0.227957	0.276525	0.277943	0.246268	0.199633	0.131883	0.0407617	-0.0524197	-0.127876	-0.171535	-0.18557	-0.193315	
-0.231339	-0.365869	-0.468258	-0.548167	-0.594095	-0.601591	-0.571374	-0.502701	-0.410153	-0.28835	-0.140886	0.0120066	0.148177	0.234975	0.263757	0.244997	0.201638	0.149976	0.0821897	-0.00331638	-0.0965709	-0.174669	-0.21825	-0.234671	-0.238037	
-0.16403	-0.267631	-0.353269	-0.423491	-0.469062	-0.477961	-0.445412	-0.38314	-0.304153	-0.207295	-0.0938331	0.0302071	0.138435	0.202831	0.216388	0.187669	0.141428	0.0924677	0.0356428	-0.0330752	-0.11218	-0.183754	-0.23058	-0.255227	-0.263014	
-0.0972324	-0.165598	-0.228981	-0.288037	-0.333128	-0.341286	-0.30901	-0.25365	-0.190667	-0.126116	-0.0505072	0.033744	0.105696	0.147487	0.149788	0.123466	0.0819548	0.0378866	-0.00612736	-0.0577282	-0.115535	-0.171726	-0.217261	-0.247833	-0.262906	
-0.0251607	-0.0568365	-0.0980906	-0.145399	-0.186583	-0.194807	-0.163677	-0.11691	-0.0710839	-0.0384361	-0.00114408	0.0379582	0.0665312	0.0803757	0.0708029	0.0511147	0.0199078	-0.014885	-0.0475543	-0.0798876	-0.116198	-0.154563	-0.188142	-0.226868	-0.25087	
0.051451	0.0596671	0.0486252	0.0252448	-0.00457909	-0.0116321	0.0130742	0.0400433	0.0578814	0.0554685	0.0467754	0.0381209	0.0191939	-0.00446222	-0.0251417	-0.0424704	-0.0620551	-0.0813924	-0.101194	-0.113255	-0.124142	-0.137978	-0.156492	-0.190186	-0.221692	
0.126419	0.179697	0.210914	0.220718	0.213182	0.210756	0.218926	0.216914	0.195531	0.148353	0.0934979	0.0318354	-0.0362054	-0.0959277	-0.13703	-0.1531	-0.162291	-0.168372	-0.169864	-0.164985	-0.152611	-0.141557	-0.139175	-0.157061	-0.182943	
0.196601	0.291354	0.365502	0.41364	0.433115	0.43598	0.424516	0.387877	0.324304	0.235651	0.137005	0.0304917	-0.0789657	-0.173254	-0.2355	-0.261568	-0.268902	-0.266617	-0.254548	-0.231622	-0.198443	-0.160723	-0.134079	-0.130184	-0.136306	
0.255493	0.381468	0.492997	0.574237	0.621519	0.629365	0.597327	0.530016	0.427724	0.307817	0.174501	0.0359023	-0.100112	-0.220041	-0.298048	-0.340567	-0.354142	-0.349972	-0.333301	-0.296274	-0.243113	-0.182849	-0.131855	-0.100832	-0.0855678	
0.299268	0.447454	0.583369	0.692269	0.760855	0.773567	0.725351	0.631253	0.503685	0.360238	0.204989	0.0476189	-0.102215	-0.228324	-0.318032	-0.370432	-0.391812	-0.397975	-0.379513	-0.342263	-0.279228	-0.197912	-0.130365	-0.0770351	-0.0391945	
0.341707	0.499851	0.646405	0.768819	0.851182	0.866504	0.807703	0.699422	0.559539	0.407095	0.239705	0.0726228	-0.08098	-0.21006	-0.30385	-0.367402	-0.399223	-0.413216	-0.405136	-0.368514	-0.299558	-0.206047	-0.119805	-0.0508725	0.00183663	
0.38314	0.545325	0.694125	0.819682	0.909068	0.925819	0.861336	0.748109	0.60583	0.450905	0.276796	0.103072	-0.0523296	-0.179532	-0.275312	-0.344039	-0.38058	-0.403055	-0.404161	-0.375714	-0.308121	-0.20679	-0.106219	-0.0210703	0.0417285	
0.428643	0.58596	0.720387	0.840926	0.925478	0.941614	0.88105	0.770807	0.642106	0.495049	0.323175	0.149673	-0.006613	-0.133161	-0.234083	-0.306862	-0.349097	-0.376676	-0.384613	-0.366994	-0.304316	-0.200392	-0.0913896	0.00722633	0.0828662	
0.473021	0.609198	0.719363	0.815731	0.888937	0.902755	0.849547	0.759379	0.655351	0.531384	0.378225	0.214387	0.0655876	-0.059888	-0.165568	-0.244857	-0.293104	-0.323808	-0.342466	-0.333588	-0.282963	-0.190588	-0.076631	0.0277081	0.111687	
0.504733	0.607883	0.683872	0.751783	0.805662	0.816585	0.77656	0.711324	0.640931	0.550148	0.427379	0.287987	0.156653	0.0388622	-0.0677522	-0.151112	-0.205635	-0.240749	-0.264112	-0.266206	-0.229622	-0.153047	-0.0540832	0.0446813	0.124675	
0.520691	0.586834	0.623977	0.66088	0.692615	0.698712	0.675514	0.637726	0.604063	0.551042	0.466392	0.360958	0.254465	0.150279	0.0485671	-0.0343246	-0.0922777	-0.125621	-0.150315	-0.157389	-0.135681	-0.0883144	-0.0188566	0.0496423	0.106828	
0.514028	0.541544	0.551427	0.557999	0.571703	0.575254	0.563138	0.553224	0.547096	0.527796	0.484961	0.418028	0.347231	0.268499	0.18323	0.109155	0.053673	0.0193914	-0.00628631	-0.0188229	-0.0174421	-0.00388424	0.0224665	0.0452002	0.0596714	
0.493135	0.483422	0.46245	0.446054	0.439436	0.438915	0.442455	0.454491	0.476054	0.491129	0.489711	0.470565	0.441246	0.395027	0.336279	0.276101	0.222089	0.185326	0.153345	0.127515	0.105867	0.0797689	0.0547043	0.0272256	-0.0046475	
0.459131	0.418045	0.375269	0.338412	0.316436	0.312236	0.327522	0.359045	0.400521	0.442952	0.48095	0.507117	0.520605	0.513925	0.487392	0.44788	0.400811	0.358143	0.316316	0.273865	0.222199	0.154936	0.0820968	0.00489403	-0.0696592	
0.418045	0.355024	0.303786	0.255864	0.223598	0.218489	0.240089	0.284061	0.333802	0.391523	0.457879	0.519586	0.570984	0.602034	0.611438	0.597847	0.563056	0.518505	0.46933	0.41038	0.330318	0.226194	0.107516	-0.010844	-0.123043	
0.375269	0.303786	0.245722	0.196756	0.15715	0.148799	0.178955	0.225413	0.278975	0.344555	0.426293	0.517027	0.596913	0.661742	0.708479	0.724412	0.707045	0.667339	0.611132	0.532698	0.42149	0.274821	0.112916	-0.0416042	-0.177268	
0.338412	0.255864	0.196756	0.14262	0.0989044	0.0903087	0.122534	0.175151	0.230203	0.301824	0.400955	0.514174	0.620804	0.717292	0.794443	0.83575	0.83365	0.791576	0.726521	0.627462	0.482432	0.300614	0.101423	-0.0808337	-0.232766	
0.316436	0.223598	0.15715	0.0989044	0.0495833	0.0398946	0.0766431	0.133757	0.194833	0.275152	0.387636	0.519668	0.645374	0.762162	0.860488	0.917404	0.921904	0.878409	0.801844	0.683528	0.513895	0.302984	0.0788995	-0.119056	-0.276917	
0.312236	0.218489	0.148799	0.0903087	0.0398946	0.0287154	0.0679856	0.124906	0.187835	0.270792	0.384993	0.521842	0.650651	0.771233	0.873603	0.932868	0.93873	0.894338	0.815773	0.69354	0.518666	0.302671	0.0737158	-0.127543	-0.285212	
0.327522	0.240089	0.178955	0.122534	0.0766431	0.0679856	0.101479	0.15662	0.21376	0.28864	0.394332	0.515847	0.631434	0.737929	0.824905	0.873605	0.875324	0.83209	0.762243	0.655062	0.498215	0.303791	0.0927191	-0.0970585	-0.252803	
0.359045	0.284061	0.225413	0.175151	0.133757	0.124906	0.15662	0.204824	0.25882	0.326433	0.414652	0.514798	0.605746	0.683623	0.74376	0.771176	0.760308	0.721222	0.661534	0.57484	0.449911	0.287496	0.109747	-0.0570401	-0.199801	
0.400521	0.333802	0.278975	0.230203	0.194833	0.187835	0.21376	0.25882	0.310697	0.372455	0.445444	0.520316	0.583414	0.628555	0.652932	0.650288	0.6226	0.578778	0.527382	0.461489	0.36885	0.249276	0.112614	-0.0208304	-0.143619	
0.442952	0.391523	0.344555	0.301824	0.275152	0.270792	0.28864	0.326433	0.372455	0.421937	0.473162	0.514615	0.544227	0.553338	0.541016	0.511493	0.468783	0.424905	0.379364	0.33039	0.266904	0.184104	0.0928315	-0.00150646	-0.0921504	
0.48095	0.457879	0.426293	0.400955	0.387636	0.384993	0.394332	0.414652	0.445444	0.473162	0.488155	0.48802	0.476349	0.445173	0.398442	0.345856	0.293242	0.254277	0.218756	0.18639	0.153432	0.110888	0.0660865	0.0179845	-0.0312967	
0.507117	0.519586	0.517027	0.514174	0.519668	0.521842	0.515847	0.514798	0.520316	0.514615	0.48802	0.4401	0.384615	0.318616	0.243056	0.173224	0.119265	0.0836639	0.0563381	0.0395552	0.0318446	0.0303115	0.0362573	0.0394315	0.0352842	
0.520605	0.570984	0.596913	0.620804	0.645374	0.650651	0.631434	0.605746	0.583414	0.544227	0.476349	0.384615	0.292035	0.196347	0.0996953	0.020081	-0.037894	-0.0703375	-0.0952875	-0.104179	-0.0896583	-0.0561494	-0.00231227	0.0487492	0.0906248	
0.513925	0.602034	0.661742	0.717292	0.762162	0.771233	0.737929	0.683623	0.628555	0.553338	0.445173	0.318616	0.196347	0.0829833	-0.0229456	-0.107203	-0.163834	-0.199059	-0.222916	-0.227838	-0.196653	-0.129991	-0.0414018	0.0484729	0.121909	
0.487392	0.611438	0.708479	0.794443	0.860488	0.873603	0.824905	0.74376	0.652932	0.541016	0.398442	0.243056	0.0996953	-0.0229456	-0.129053	-0.210745	-0.260862	-0.29341	-0.315111	-0.310702	-0.265962	-0.179697	-0.0692914	0.0347669	0.119259	
0.44788	0.597847	0.724412	0.83575	0.917404	0.932868	0.873605	0.771176	0.650288	0.511493	0.345856	0.173224	0.020081	-0.107203	-0.210745	-0.285563	-0.331419	-0.359782	-0.371893	-0.357845	-0.298713	-0.197857	-0.0853938	0.0165025	0.0963446	
0.400811	0.563056	0.707045	0.83365	0.921904	0.93873	0.875324	0.760308	0.6226	0.468783	0.293242	0.119265	-0.037894	-0.163834	-0.260862	-0.331419	-0.369294	-0.394385	-0.398071	-0.374167	-0.308214	-0.204688	-0.100808	-0.00932755	0.058594	
0.358143	0.518505	0.667339	0.791576	0.878409	0.894338	0.83209	0.721222	0.578778	0.424905	0.254277	0.0836639	-0.0703375	-0.199059	-0.29341	-0.359782	-0.394385	-0.411536	-0.407997	-0.373223	-0.304049	-0.207285	-0.113936	-0.0393528	0.0172813	
0.316316	0.46933	0.611132	0.726521	0.801844	0.815773	0.762243	0.661534	0.527382	0.379364	0.218756	0.0563381	-0.0952875	-0.222916	-0.315111	-0.371893	-0.398071	-0.407997	-0.392314	-0.355302	-0.289338	-0.201752	-0.127407	-0.0670417	-0.0220311	
0.273865	0.41038	0.532698	0.627462	0.683528	0.69354	0.655062	0.57484	0.461489	0.33039	0.18639	0.0395552	-0.104179	-0.227838	-0.310702	-0.357845	-0.374167	-0.373223	-0.355302	-0.316852	-0.258808	-0.19014	-0.131928	-0.0911894	-0.0666129	
0.222199	0.330318	0.42149	0.482432	0.513895	0.518666	0.498215	0.449911	0.36885	0.266904	0.153432	0.0318446	-0.0896583	-0.196653	-0.265962	-0.298713	-0.308214	-0.304049	-0.289338	-0.258808	-0.216888	-0.169828	-0.132406	-0.118016	-0.115671	
0.154936	0.226194	0.274821	0.300614	0.302984	0.302671	0.303791	0.287496	0.249276	0.184104	0.110888	0.0303115	-0.0561494	-0.129991	-0.179697	-0.197857	-0.204688	-0.207285	-0.201752	-0.19014	-0.169828	-0.147825	-0.137079	-0.146725	-0.165221	
0.0820968	0.107516	0.112916	0.101423	0.0788995	0.0737158	0.0927191	0.109747	0.112614	0.0928315	0.0660865	0.0362573	-0.00231227	-0.0414018	-0.0692914	-0.0853938	-0.100808	-0.113936	-0.127407	-0.131928	-0.132406	-0.137079	-0.147183	-0.175092	-0.207144	
0.00489403	-0.010844	-0.0416042	-0.0808337	-0.119056	-0.127543	-0.0970585	-0.0570401	-0.0208304	-0.00150646	0.0179845	0.0394315	0.0487492	0.0484729	0.0347669	0.0165025	-0.00932755	-0.0393528	-0.0670417	-0.0911894	-0.118016	-0.146725	-0.175092	-0.213873	-0.240868	
-0.0696592	-0.123043	-0.177268	-0.232766	-0.276917	-0.285212	-0.252803	-0.199801	-0.143619	-0.0921504	-0.0312967	0.0352842	0.0906248	0.121909	0.119259	0.0963446	0.058594	0.0172813	-0.0220311	-0.0666129	-0.115671	-0.165221	-0.207144	-0.240868	-0.259728	
