0.710722	0.717223	0.682908	0.643572	0.61015	0.563206	0.491277	0.409597	0.31701	0.223965	0.131067	0.0399255	-0.0627098	-0.153776	-0.213901	-0.243588	-0.248004	-0.234645	-0.208048	-0.180944	-0.151886	-0.111791	-0.0688981	-0.0190924	0.0379025	
0.717223	0.742939	0.731696	0.715492	0.700526	0.667141	0.605724	0.517669	0.413758	0.311395	0.211491	0.119406	0.0257283	-0.053263	-0.102714	-0.126883	-0.133172	-0.123255	-0.101273	-0.0876399	-0.0722743	-0.0459492	-0.0176129	0.012836	0.0383242	
0.682908	0.731696	0.752572	0.767409	0.779794	0.771623	0.721857	0.632653	0.520761	0.411317	0.309612	0.211228	0.119159	0.0514401	0.0149817	-0.00550882	-0.0132837	-0.00503194	0.0128022	0.0202891	0.0209668	0.0298961	0.0433141	0.0518268	0.044963	
0.643572	0.715492	0.767409	0.810756	0.85176	0.863851	0.818185	0.73003	0.61935	0.504587	0.403777	0.302755	0.211856	0.152746	0.126408	0.11313	0.111026	0.12456	0.141609	0.145894	0.131098	0.116496	0.111214	0.0920358	0.0505834	
0.61015	0.700526	0.779794	0.85176	0.910567	0.930073	0.891382	0.804258	0.69541	0.583789	0.482017	0.381203	0.296526	0.247702	0.23038	0.228615	0.235988	0.256846	0.273024	0.273665	0.251286	0.219304	0.186201	0.135676	0.059997	
0.563206	0.667141	0.771623	0.863851	0.930073	0.951269	0.922117	0.84927	0.749976	0.642061	0.542173	0.44449	0.368892	0.329182	0.327326	0.341476	0.35815	0.384371	0.404344	0.404277	0.381052	0.335604	0.270575	0.185243	0.0791588	
0.491277	0.605724	0.721857	0.818185	0.891382	0.922117	0.907265	0.85049	0.767351	0.674306	0.579801	0.486316	0.426166	0.409704	0.422636	0.448619	0.480438	0.514922	0.54526	0.547547	0.522423	0.46137	0.365733	0.244429	0.108969	
0.409597	0.517669	0.632653	0.73003	0.804258	0.84927	0.85049	0.810223	0.746543	0.673854	0.593503	0.51964	0.482481	0.485887	0.511988	0.550991	0.594677	0.645322	0.687478	0.701577	0.672629	0.591742	0.469718	0.318354	0.154581	
0.31701	0.413758	0.520761	0.61935	0.69541	0.749976	0.767351	0.746543	0.709134	0.659185	0.603827	0.565246	0.556099	0.578571	0.619307	0.660329	0.705856	0.768223	0.821383	0.839996	0.804271	0.707471	0.565269	0.396052	0.214164	
0.223965	0.311395	0.411317	0.504587	0.583789	0.642061	0.674306	0.673854	0.659185	0.645078	0.63214	0.638354	0.660132	0.69526	0.738738	0.783059	0.831362	0.884787	0.932709	0.951292	0.905298	0.798765	0.649615	0.474681	0.276441	
0.131067	0.211491	0.309612	0.403777	0.482017	0.542173	0.579801	0.593503	0.603827	0.63214	0.682962	0.743003	0.792344	0.834138	0.874056	0.913481	0.953124	0.988796	1.02723	1.03403	0.980778	0.870692	0.717451	0.529683	0.319743	
0.0399255	0.119406	0.211228	0.302755	0.381203	0.44449	0.486316	0.51964	0.565246	0.638354	0.743003	0.84747	0.92317	0.970524	1.00824	1.0357	1.05894	1.07006	1.08053	1.06614	1.00153	0.892483	0.736217	0.539789	0.325398	
-0.0627098	0.0257283	0.119159	0.211856	0.296526	0.368892	0.426166	0.482481	0.556099	0.660132	0.792344	0.92317	1.0169	1.07285	1.10674	1.1248	1.12633	1.10815	1.08115	1.03468	0.950552	0.839444	0.683117	0.493205	0.285626	
-0.153776	-0.053263	0.0514401	0.152746	0.247702	0.329182	0.409704	0.485887	0.578571	0.69526	0.834138	0.970524	1.07285	1.14111	1.16922	1.16962	1.14448	1.09394	1.02686	0.942518	0.833972	0.715313	0.569353	0.40032	0.211998	
-0.213901	-0.102714	0.0149817	0.126408	0.23038	0.327326	0.422636	0.511988	0.619307	0.738738	0.874056	1.00824	1.10674	1.16922	1.18805	1.16918	1.11358	1.02539	0.91621	0.792554	0.668031	0.543824	0.416324	0.273952	0.111601	
-0.243588	-0.126883	-0.00550882	0.11313	0.228615	0.341476	0.448619	0.550991	0.660329	0.783059	0.913481	1.0357	1.1248	1.16962	1.16918	1.11956	1.036	0.915273	0.765072	0.610001	0.472388	0.35006	0.239153	0.12873	0.00122788	
-0.248004	-0.133172	-0.0132837	0.111026	0.235988	0.35815	0.480438	0.594677	0.705856	0.831362	0.953124	1.05894	1.12633	1.14448	1.11358	1.036	0.926827	0.77909	0.59893	0.423476	0.280586	0.167783	0.071239	-0.0118641	-0.101368	
-0.234645	-0.123255	-0.00503194	0.12456	0.256846	0.384371	0.514922	0.645322	0.768223	0.884787	0.988796	1.07006	1.10815	1.09394	1.02539	0.915273	0.77909	0.611653	0.424698	0.254918	0.120552	0.0241877	-0.0542544	-0.117924	-0.180134	
-0.208048	-0.101273	0.0128022	0.141609	0.273024	0.404344	0.54526	0.687478	0.821383	0.932709	1.02723	1.08053	1.08115	1.02686	0.91621	0.765072	0.59893	0.424698	0.255449	0.106398	-0.00455282	-0.0786638	-0.13481	-0.181112	-0.225602	
-0.180944	-0.0876399	0.0202891	0.145894	0.273665	0.404277	0.547547	0.701577	0.839996	0.951292	1.03403	1.06614	1.03468	0.942518	0.792554	0.610001	0.423476	0.254918	0.106398	-0.015053	-0.0965856	-0.144189	-0.176537	-0.20456	-0.24118	
-0.151886	-0.0722743	0.0209668	0.131098	0.251286	0.381052	0.522423	0.672629	0.804271	0.905298	0.980778	1.00153	0.950552	0.833972	0.668031	0.472388	0.280586	0.120552	-0.00455282	-0.0965856	-0.153466	-0.175721	-0.18746	-0.208762	-0.246214	
-0.111791	-0.0459492	0.0298961	0.116496	0.219304	0.335604	0.46137	0.591742	0.707471	0.798765	0.870692	0.892483	0.839444	0.715313	0.543824	0.35006	0.167783	0.0241877	-0.0786638	-0.144189	-0.175721	-0.190629	-0.200245	-0.220544	-0.262279	
-0.0688981	-0.0176129	0.0433141	0.111214	0.186201	0.270575	0.365733	0.469718	0.565269	0.649615	0.717451	0.736217	0.683117	0.569353	0.416324	0.239153	0.071239	-0.0542544	-0.13481	-0.176537	-0.18746	-0.200245	-0.219277	-0.24541	-0.297835	
-0.0190924	0.012836	0.0518268	0.0920358	0.135676	0.185243	0.244429	0.318354	0.396052	0.474681	0.529683	0.539789	0.493205	0.40032	0.273952	0.12873	-0.0118641	-0.117924	-0.181112	-0.20456	-0.208762	-0.220544	-0.24541	-0.287347	-0.358822	
0.0379025	0.0383242	0.044963	0.0505834	0.059997	0.0791588	0.108969	0.154581	0.214164	0.276441	0.319743	0.325398	0.285626	0.211998	0.111601	0.00122788	-0.101368	-0.180134	-0.225602	-0.24118	-0.246214	-0.262279	-0.297835	-0.358822	-0.453014	
0.101041	0.0579874	0.0257613	-0.00307333	-0.0276118	-0.0376194	-0.0254276	-0.002139	0.0339138	0.0783157	0.110865	0.10877	0.0739376	0.0187593	-0.0519957	-0.130164	-0.199272	-0.254526	-0.288072	-0.301821	-0.311939	-0.332868	-0.380779	-0.459241	-0.575684	
0.164459	0.0764591	0.00701797	-0.0554422	-0.108236	-0.140075	-0.151178	-0.148968	-0.127643	-0.100278	-0.080699	-0.087686	-0.118201	-0.16248	-0.212225	-0.261322	-0.307205	-0.346869	-0.36992	-0.380768	-0.398014	-0.433079	-0.492618	-0.583052	-0.709588	
0.237934	0.101865	-0.00856246	-0.0994362	-0.173524	-0.22812	-0.261005	-0.276027	-0.268471	-0.248922	-0.236094	-0.247295	-0.276031	-0.310378	-0.340314	-0.372839	-0.409078	-0.443323	-0.461505	-0.472732	-0.504234	-0.548931	-0.611841	-0.703678	-0.835461	
0.301509	0.121809	-0.0243704	-0.133808	-0.221598	-0.297574	-0.350145	-0.382079	-0.381878	-0.365917	-0.352435	-0.361082	-0.392737	-0.422957	-0.440863	-0.463801	-0.495027	-0.527581	-0.551436	-0.573559	-0.605218	-0.645377	-0.703072	-0.793127	-0.937468	
0.338232	0.133361	-0.0366356	-0.161978	-0.257354	-0.343358	-0.410504	-0.45293	-0.459087	-0.439294	-0.419905	-0.417818	-0.445708	-0.478126	-0.501005	-0.522734	-0.553194	-0.584018	-0.611273	-0.641573	-0.676426	-0.7093	-0.75542	-0.846341	-1.00436	
0.34428	0.13622	-0.0389448	-0.168783	-0.265786	-0.351921	-0.420335	-0.46625	-0.473871	-0.453703	-0.430493	-0.4248	-0.451795	-0.487337	-0.5116	-0.532781	-0.562449	-0.594872	-0.622684	-0.653643	-0.690084	-0.720506	-0.764205	-0.85696	-1.01705	
0.319914	0.12687	-0.0303503	-0.146648	-0.237195	-0.318768	-0.378988	-0.415667	-0.417973	-0.400918	-0.38618	-0.391602	-0.42194	-0.45184	-0.470946	-0.492696	-0.522877	-0.554437	-0.58048	-0.606749	-0.638882	-0.676225	-0.728348	-0.818789	-0.969175	
0.265983	0.111053	-0.0144944	-0.113458	-0.194357	-0.2588	-0.299185	-0.321331	-0.317725	-0.300445	-0.287407	-0.298147	-0.329143	-0.361217	-0.383543	-0.411724	-0.445603	-0.479479	-0.49886	-0.513958	-0.546604	-0.590357	-0.653572	-0.744582	-0.879521	
0.192893	0.0860981	-1.59847e-05	-0.0744306	-0.135724	-0.176794	-0.197475	-0.20302	-0.186679	-0.162539	-0.147826	-0.157284	-0.185612	-0.225061	-0.267511	-0.309087	-0.34945	-0.38602	-0.405607	-0.41514	-0.439125	-0.479926	-0.541522	-0.633268	-0.761878	
0.125519	0.0643893	0.0176794	-0.0247885	-0.0625317	-0.0810361	-0.0779843	-0.0620665	-0.0324597	0.00313731	0.030667	0.0264822	-0.00661253	-0.0568368	-0.117899	-0.183146	-0.242334	-0.289916	-0.319118	-0.332022	-0.344066	-0.369814	-0.422298	-0.507087	-0.628946	
0.0628486	0.0474948	0.0381737	0.030239	0.0255791	0.0320661	0.0550565	0.0904497	0.140116	0.196315	0.235543	0.237817	0.200803	0.135093	0.0464402	-0.0515351	-0.138935	-0.207139	-0.247772	-0.262257	-0.269159	-0.287086	-0.327859	-0.395652	-0.499476	
0.00323162	0.0236277	0.0510285	0.0777889	0.108233	0.145713	0.191133	0.25322	0.325003	0.396773	0.44637	0.455052	0.41108	0.325644	0.209814	0.0794585	-0.0467261	-0.142568	-0.198065	-0.217725	-0.220587	-0.233409	-0.26229	-0.311707	-0.391983	
-0.0500366	-0.00603484	0.0480449	0.105992	0.168978	0.238439	0.319413	0.41154	0.499471	0.583529	0.646953	0.661571	0.610593	0.505062	0.362631	0.19707	0.0380251	-0.0812919	-0.154849	-0.187195	-0.194652	-0.206644	-0.228006	-0.259758	-0.319239	
-0.0952689	-0.0347263	0.0349448	0.113795	0.206369	0.3122	0.426865	0.546718	0.65519	0.742441	0.813832	0.835516	0.781455	0.659777	0.493337	0.303889	0.126752	-0.00910961	-0.102946	-0.158492	-0.17954	-0.194018	-0.207609	-0.22911	-0.27309	
-0.136024	-0.0620156	0.0229708	0.123907	0.238855	0.365403	0.50291	0.647025	0.771902	0.869035	0.942798	0.963459	0.910696	0.788867	0.618869	0.422784	0.233451	0.0789932	-0.0369737	-0.118551	-0.166498	-0.183152	-0.190952	-0.211574	-0.250443	
-0.171024	-0.0828741	0.0201951	0.141695	0.266893	0.397595	0.540997	0.694855	0.833251	0.941018	1.02038	1.04637	1.00481	0.900395	0.741807	0.551518	0.361706	0.195416	0.056686	-0.0526225	-0.12339	-0.159668	-0.18313	-0.207222	-0.243703	
-0.196804	-0.0952623	0.0177031	0.145703	0.276218	0.407259	0.549992	0.698129	0.834155	0.946212	1.03589	1.07987	1.06662	0.996682	0.868283	0.70218	0.525997	0.354301	0.192758	0.0535997	-0.0457124	-0.109947	-0.156074	-0.194056	-0.234512	
-0.224557	-0.114485	0.00154767	0.131927	0.26494	0.394395	0.529116	0.664302	0.79193	0.905577	1.00476	1.07437	1.09744	1.06789	0.983334	0.858236	0.709025	0.536532	0.354894	0.193226	0.0670447	-0.0206816	-0.0918841	-0.148886	-0.202742	
-0.245066	-0.131535	-0.0119742	0.114838	0.243249	0.367597	0.493456	0.614202	0.729714	0.852587	0.967354	1.06432	1.12166	1.12785	1.08164	0.992253	0.872538	0.716635	0.530408	0.353312	0.211574	0.104077	0.0149907	-0.0590706	-0.136506	
-0.247656	-0.131709	-0.0102035	0.110148	0.229512	0.347965	0.461541	0.567874	0.676339	0.801107	0.930127	1.04611	1.12787	1.16185	1.15102	1.09019	0.996116	0.863748	0.699457	0.534197	0.393651	0.274287	0.168982	0.0701038	-0.0417481	
-0.228934	-0.114527	0.00501137	0.120179	0.229522	0.332183	0.431751	0.526677	0.636875	0.75694	0.889144	1.01945	1.11559	1.1731	1.1852	1.15352	1.08732	0.985371	0.859663	0.721809	0.591263	0.466698	0.347017	0.218005	0.0677893	
-0.18187	-0.0766821	0.0345465	0.139217	0.237535	0.324728	0.412224	0.49487	0.59372	0.711881	0.850453	0.986801	1.08856	1.15648	1.18216	1.17611	1.13795	1.07233	0.98905	0.888343	0.772365	0.651118	0.512047	0.352277	0.17458	
-0.102224	-0.00877595	0.0878163	0.18362	0.272654	0.348264	0.414532	0.479093	0.562022	0.673374	0.809438	0.943406	1.04263	1.10474	1.13648	1.14722	1.13935	1.10912	1.06592	1.00544	0.911122	0.797143	0.64371	0.46137	0.259992	
-0.000130507	0.082014	0.173125	0.263894	0.342856	0.410091	0.4569	0.499704	0.557696	0.644563	0.76416	0.882894	0.966069	1.01602	1.05279	1.07722	1.09142	1.09112	1.08722	1.06035	0.989725	0.881021	0.723631	0.527045	0.31451	
0.0948712	0.174334	0.269766	0.363681	0.442579	0.502444	0.540981	0.561661	0.584754	0.632215	0.707627	0.786499	0.846738	0.891436	0.929932	0.964406	0.998758	1.02497	1.05448	1.05484	0.996629	0.887334	0.732854	0.5405	0.326762	
