0.617298	0.641293	0.607812	0.522448	0.410335	0.291645	0.179959	0.0982395	0.0281008	-0.0449279	-0.134379	-0.238703	-0.338623	-0.434229	-0.509183	-0.545063	-0.523285	-0.437298	-0.303677	-0.138338	0.0457706	0.238884	0.428631	0.58811	0.695124	
0.641293	0.629832	0.56318	0.448638	0.318804	0.188812	0.081225	0.0086539	-0.0434175	-0.0876238	-0.1562	-0.240638	-0.332617	-0.425032	-0.503425	-0.552741	-0.548491	-0.479375	-0.358989	-0.198882	-0.0197478	0.175287	0.370266	0.544885	0.673868	
0.607812	0.56318	0.475035	0.353968	0.223727	0.102963	0.0103026	-0.0507769	-0.0822905	-0.107354	-0.15575	-0.226382	-0.314541	-0.40622	-0.491669	-0.555406	-0.570075	-0.522324	-0.41686	-0.26641	-0.0936779	0.101413	0.297632	0.486617	0.632627	
0.522448	0.448638	0.353968	0.2395	0.125012	0.0248968	-0.0499186	-0.0937126	-0.109831	-0.116679	-0.145524	-0.202645	-0.283587	-0.373487	-0.46328	-0.538225	-0.570537	-0.544693	-0.454734	-0.318892	-0.151271	0.0369863	0.235695	0.430849	0.594128	
0.410335	0.318804	0.223727	0.125012	0.0306335	-0.0514612	-0.106243	-0.138314	-0.141139	-0.132019	-0.142796	-0.182764	-0.253886	-0.337929	-0.428511	-0.509489	-0.557536	-0.549146	-0.477753	-0.353423	-0.194946	-0.0111275	0.186229	0.387114	0.564273	
0.291645	0.188812	0.102963	0.0248968	-0.0514612	-0.112013	-0.153439	-0.177538	-0.171591	-0.155439	-0.15072	-0.177332	-0.238145	-0.316233	-0.404555	-0.48991	-0.547433	-0.556184	-0.498711	-0.387078	-0.234776	-0.0553538	0.141483	0.347703	0.537367	
0.179959	0.081225	0.0103026	-0.0499186	-0.106243	-0.153439	-0.188677	-0.20832	-0.203331	-0.184117	-0.16906	-0.184438	-0.234828	-0.30552	-0.391895	-0.477	-0.544021	-0.566047	-0.523179	-0.424496	-0.277768	-0.104776	0.0932417	0.30119	0.503895	
0.0982395	0.0086539	-0.0507769	-0.0937126	-0.138314	-0.177538	-0.20832	-0.22907	-0.226882	-0.208347	-0.187454	-0.194409	-0.234966	-0.30165	-0.384751	-0.471414	-0.546781	-0.580728	-0.554975	-0.467204	-0.330463	-0.161116	0.0342455	0.245285	0.45731	
0.0281008	-0.0434175	-0.0822905	-0.109831	-0.141139	-0.171591	-0.203331	-0.226882	-0.232649	-0.220857	-0.200382	-0.2025	-0.237688	-0.300523	-0.381884	-0.470521	-0.551378	-0.598803	-0.586795	-0.513495	-0.384861	-0.222029	-0.0283155	0.183181	0.403979	
-0.0449279	-0.0876238	-0.107354	-0.116679	-0.132019	-0.155439	-0.184117	-0.208347	-0.220857	-0.214617	-0.194854	-0.194475	-0.223776	-0.284263	-0.365953	-0.455815	-0.545766	-0.604404	-0.610505	-0.551488	-0.43528	-0.279699	-0.0907278	0.120139	0.346102	
-0.134379	-0.1562	-0.15575	-0.145524	-0.142796	-0.15072	-0.16906	-0.187454	-0.200382	-0.194854	-0.17593	-0.170591	-0.193679	-0.252119	-0.331189	-0.424753	-0.519895	-0.591048	-0.613513	-0.570007	-0.467316	-0.320006	-0.137084	0.0715957	0.301215	
-0.238703	-0.240638	-0.226382	-0.202645	-0.182764	-0.177332	-0.184438	-0.194409	-0.2025	-0.194475	-0.170591	-0.15544	-0.168326	-0.216507	-0.290392	-0.380527	-0.4775	-0.556501	-0.591843	-0.562491	-0.47209	-0.3328	-0.156229	0.0505314	0.281741	
-0.338623	-0.332617	-0.314541	-0.283587	-0.253886	-0.238145	-0.234828	-0.234966	-0.237688	-0.223776	-0.193679	-0.168326	-0.166586	-0.203966	-0.267352	-0.351463	-0.445905	-0.527878	-0.572381	-0.553526	-0.472776	-0.339769	-0.167044	0.0385651	0.272498	
-0.434229	-0.425032	-0.40622	-0.373487	-0.337929	-0.316233	-0.30552	-0.30165	-0.300523	-0.284263	-0.252119	-0.216507	-0.203966	-0.228129	-0.280521	-0.356612	-0.444709	-0.526716	-0.576142	-0.564344	-0.491262	-0.361372	-0.191389	0.0153701	0.252692	
-0.509183	-0.503425	-0.491669	-0.46328	-0.428511	-0.404555	-0.391895	-0.384751	-0.381884	-0.365953	-0.331189	-0.290392	-0.267352	-0.280521	-0.323592	-0.391759	-0.474469	-0.556323	-0.609202	-0.605509	-0.538448	-0.413128	-0.245006	-0.0373033	0.202565	
-0.545063	-0.552741	-0.555406	-0.538225	-0.509489	-0.48991	-0.477	-0.471414	-0.470521	-0.455815	-0.424753	-0.380527	-0.351463	-0.356612	-0.391759	-0.453968	-0.532345	-0.613015	-0.670417	-0.672802	-0.612901	-0.491624	-0.325232	-0.117573	0.125829	
-0.523285	-0.548491	-0.570075	-0.570537	-0.557536	-0.547433	-0.544021	-0.546781	-0.551378	-0.545766	-0.519895	-0.4775	-0.445905	-0.444709	-0.474469	-0.532345	-0.606266	-0.688044	-0.748135	-0.758408	-0.705507	-0.588943	-0.426198	-0.217798	0.0260753	
-0.437298	-0.479375	-0.522324	-0.544693	-0.549146	-0.556184	-0.566047	-0.580728	-0.598803	-0.604404	-0.591048	-0.556501	-0.527878	-0.526716	-0.556323	-0.613015	-0.688044	-0.771482	-0.837513	-0.85653	-0.811165	-0.702231	-0.541685	-0.336159	-0.0900714	
-0.303677	-0.358989	-0.41686	-0.454734	-0.477753	-0.498711	-0.523179	-0.554975	-0.586795	-0.610505	-0.613513	-0.591843	-0.572381	-0.576142	-0.609202	-0.670417	-0.748135	-0.837513	-0.911336	-0.940278	-0.906473	-0.80453	-0.651383	-0.447559	-0.203865	
-0.138338	-0.198882	-0.26641	-0.318892	-0.353423	-0.387078	-0.424496	-0.467204	-0.513495	-0.551488	-0.570007	-0.562491	-0.553526	-0.564344	-0.605509	-0.672802	-0.758408	-0.85653	-0.940278	-0.983977	-0.961191	-0.872542	-0.725472	-0.529004	-0.286958	
0.0457706	-0.0197478	-0.0936779	-0.151271	-0.194946	-0.234776	-0.277768	-0.330463	-0.384861	-0.43528	-0.467316	-0.47209	-0.472776	-0.491262	-0.538448	-0.612901	-0.705507	-0.811165	-0.906473	-0.961191	-0.953198	-0.874099	-0.737464	-0.545925	-0.309074	
0.238884	0.175287	0.101413	0.0369863	-0.0111275	-0.0553538	-0.104776	-0.161116	-0.222029	-0.279699	-0.320006	-0.3328	-0.339769	-0.361372	-0.413128	-0.491624	-0.588943	-0.702231	-0.80453	-0.872542	-0.874099	-0.807734	-0.677551	-0.493696	-0.259664	
0.428631	0.370266	0.297632	0.235695	0.186229	0.141483	0.0932417	0.0342455	-0.0283155	-0.0907278	-0.137084	-0.156229	-0.167044	-0.191389	-0.245006	-0.325232	-0.426198	-0.541685	-0.651383	-0.725472	-0.737464	-0.677551	-0.554753	-0.374207	-0.143813	
0.58811	0.544885	0.486617	0.430849	0.387114	0.347703	0.30119	0.245285	0.183181	0.120139	0.0715957	0.0505314	0.0385651	0.0153701	-0.0373033	-0.117573	-0.217798	-0.336159	-0.447559	-0.529004	-0.545925	-0.493696	-0.374207	-0.198067	0.031562	
0.695124	0.673868	0.632627	0.594128	0.564273	0.537367	0.503895	0.45731	0.403979	0.346102	0.301215	0.281741	0.272498	0.252692	0.202565	0.125829	0.0260753	-0.0900714	-0.203865	-0.286958	-0.309074	-0.259664	-0.143813	0.031562	0.259698	
0.732278	0.73629	0.722335	0.705858	0.697098	0.690979	0.675099	0.645892	0.60685	0.561967	0.526992	0.51682	0.516524	0.505584	0.464527	0.394267	0.301486	0.188839	0.0785445	-0.00530704	-0.0276037	0.0193626	0.135359	0.309498	0.539083	
0.706963	0.73574	0.744822	0.752874	0.768151	0.786052	0.794815	0.788349	0.771914	0.745978	0.729055	0.734137	0.748389	0.752233	0.723254	0.665438	0.581628	0.478007	0.373168	0.293858	0.273209	0.322529	0.439436	0.616337	0.846981	
0.640727	0.687447	0.718548	0.748232	0.786262	0.827908	0.860376	0.877993	0.883598	0.880141	0.88272	0.906812	0.939871	0.960855	0.949419	0.906213	0.836364	0.74425	0.649203	0.576887	0.562217	0.615277	0.737094	0.916661	1.15181	
0.566603	0.626253	0.671037	0.715969	0.770503	0.830711	0.882412	0.919691	0.946567	0.961803	0.984048	1.02615	1.07608	1.11478	1.1183	1.09002	1.03299	0.952257	0.867021	0.802595	0.793944	0.852919	0.978623	1.16346	1.40132	
0.515472	0.580297	0.632348	0.686199	0.751049	0.821607	0.88561	0.935392	0.97334	1.00169	1.03478	1.08799	1.14974	1.19848	1.2131	1.19451	1.14618	1.07415	0.995436	0.937173	0.933559	0.996168	1.12644	1.31349	1.55533	
0.505547	0.572032	0.626248	0.680995	0.74657	0.819587	0.884375	0.935779	0.977086	1.00651	1.04279	1.09861	1.16193	1.21377	1.22991	1.21297	1.16685	1.09524	1.01848	0.960622	0.95774	1.02143	1.15139	1.33997	1.58111	
0.542435	0.604459	0.652161	0.701848	0.762015	0.826827	0.885495	0.929111	0.960869	0.983035	1.00997	1.0572	1.11304	1.15603	1.16495	1.14149	1.08813	1.0123	0.929628	0.868662	0.862307	0.922985	1.05124	1.23676	1.47705	
0.609749	0.662816	0.701307	0.737424	0.782322	0.832595	0.872547	0.898606	0.913876	0.917801	0.92937	0.961469	1.00153	1.03062	1.0254	0.988293	0.924379	0.836271	0.745908	0.676257	0.664086	0.719552	0.84246	1.02461	1.26021	
0.684005	0.72044	0.737948	0.755668	0.781008	0.80806	0.827925	0.831277	0.823344	0.806838	0.796934	0.809263	0.830957	0.840916	0.818639	0.766684	0.687524	0.589249	0.48722	0.411272	0.392309	0.443162	0.561926	0.73962	0.972262	
0.728288	0.743015	0.739958	0.732593	0.733005	0.736549	0.729083	0.708691	0.678265	0.639843	0.611938	0.60754	0.612386	0.607289	0.570421	0.504426	0.415315	0.305059	0.197223	0.114016	0.0922521	0.139534	0.255415	0.43056	0.660008	
0.718647	0.707048	0.675307	0.645727	0.623909	0.603994	0.578261	0.537514	0.488997	0.435573	0.393236	0.376575	0.370139	0.352794	0.305445	0.230981	0.132796	0.0185893	-0.0952157	-0.178014	-0.201355	-0.1526	-0.0373074	0.137687	0.366136	
0.638066	0.603305	0.552474	0.501563	0.462383	0.426936	0.38373	0.3311	0.271265	0.209341	0.161725	0.141016	0.129564	0.107627	0.0554208	-0.0239296	-0.123874	-0.242245	-0.354257	-0.437429	-0.456266	-0.405953	-0.28792	-0.11251	0.116466	
0.497497	0.443781	0.375142	0.315409	0.267215	0.223636	0.176598	0.117794	0.0550691	-0.00843562	-0.0563686	-0.0767963	-0.0884622	-0.112932	-0.166735	-0.247048	-0.348507	-0.464579	-0.576047	-0.652431	-0.667516	-0.610098	-0.489467	-0.310183	-0.0807016	
0.316233	0.254275	0.181325	0.115944	0.066979	0.0215489	-0.0282867	-0.0856018	-0.14824	-0.20784	-0.251117	-0.266127	-0.275014	-0.297641	-0.350569	-0.430002	-0.528819	-0.643498	-0.748685	-0.819948	-0.825617	-0.762649	-0.635241	-0.453415	-0.220547	
0.122454	0.0567151	-0.017848	-0.0780983	-0.124288	-0.165838	-0.211172	-0.265774	-0.322962	-0.377255	-0.41275	-0.421388	-0.424798	-0.445131	-0.494751	-0.571012	-0.666115	-0.77467	-0.873505	-0.933391	-0.929987	-0.855699	-0.722306	-0.533395	-0.298265	
-0.0665803	-0.129186	-0.198921	-0.254864	-0.293215	-0.33043	-0.370319	-0.41746	-0.468077	-0.511067	-0.536024	-0.532843	-0.528447	-0.542207	-0.586204	-0.656443	-0.744858	-0.846045	-0.934513	-0.982779	-0.96602	-0.881378	-0.738316	-0.544124	-0.303709	
-0.240514	-0.298812	-0.360927	-0.405273	-0.43376	-0.459784	-0.490048	-0.526146	-0.564474	-0.59456	-0.603454	-0.588027	-0.572291	-0.579237	-0.615603	-0.678987	-0.759854	-0.852352	-0.930003	-0.964825	-0.935088	-0.838471	-0.687341	-0.486307	-0.243022	
-0.388807	-0.436745	-0.485842	-0.515411	-0.527857	-0.540923	-0.556304	-0.578443	-0.601988	-0.614649	-0.608018	-0.577124	-0.552364	-0.552092	-0.582795	-0.640694	-0.716012	-0.801355	-0.87015	-0.892624	-0.851968	-0.745161	-0.587689	-0.382325	-0.137104	
-0.495808	-0.528284	-0.558659	-0.568292	-0.562019	-0.558271	-0.559781	-0.565895	-0.576215	-0.57405	-0.552239	-0.512704	-0.480961	-0.479907	-0.509021	-0.565886	-0.640052	-0.721895	-0.784163	-0.797995	-0.747416	-0.634397	-0.471483	-0.264838	-0.0190994	
-0.544341	-0.558569	-0.56769	-0.557119	-0.534408	-0.517174	-0.507393	-0.505059	-0.505273	-0.494246	-0.464351	-0.419495	-0.389461	-0.390842	-0.423725	-0.483723	-0.559492	-0.640795	-0.69875	-0.704445	-0.647439	-0.527625	-0.363226	-0.154558	0.0884333	
-0.529073	-0.527913	-0.521755	-0.496942	-0.46352	-0.440758	-0.426479	-0.419016	-0.417256	-0.400419	-0.367111	-0.324553	-0.298417	-0.309124	-0.348533	-0.414392	-0.495484	-0.576362	-0.631586	-0.63002	-0.565839	-0.4423	-0.274197	-0.067122	0.175167	
-0.468165	-0.458674	-0.44104	-0.409944	-0.374106	-0.350277	-0.339393	-0.333879	-0.331784	-0.316112	-0.281618	-0.243499	-0.226563	-0.24541	-0.294301	-0.366653	-0.452131	-0.534622	-0.584714	-0.577118	-0.505917	-0.378291	-0.209077	-0.00176555	0.236139	
-0.377655	-0.370306	-0.35216	-0.319131	-0.28681	-0.267951	-0.259973	-0.258801	-0.259604	-0.243968	-0.213417	-0.183341	-0.177332	-0.210183	-0.268624	-0.350167	-0.44193	-0.523852	-0.571161	-0.554491	-0.477764	-0.345332	-0.174242	0.0320585	0.267368	
-0.279716	-0.276153	-0.25943	-0.233132	-0.207855	-0.198332	-0.201701	-0.207	-0.213503	-0.202779	-0.17548	-0.156379	-0.16319	-0.206979	-0.277468	-0.364811	-0.461662	-0.542322	-0.581739	-0.557773	-0.471001	-0.335416	-0.160096	0.0454228	0.277811	
-0.175115	-0.18929	-0.182025	-0.165028	-0.155308	-0.156345	-0.17002	-0.185893	-0.196863	-0.191187	-0.170986	-0.162093	-0.182202	-0.237512	-0.314645	-0.408053	-0.503653	-0.578926	-0.60681	-0.569043	-0.471923	-0.327228	-0.147613	0.0609586	0.290783	
