-0.0178198	-0.0577169	-0.113461	-0.159118	-0.184922	-0.189255	-0.171971	-0.133573	-0.0805281	-0.0302261	-0.00501511	-0.0062585	-0.0312723	-0.0550681	-0.0715141	-0.0759576	-0.0695364	-0.0490228	-0.0213682	0.013762	0.0564241	0.108859	0.161584	0.216953	0.269103	
-0.0753156	-0.115607	-0.160667	-0.194656	-0.211895	-0.21331	-0.203725	-0.175799	-0.134441	-0.0892544	-0.0604363	-0.0532043	-0.062876	-0.0791959	-0.0988161	-0.103669	-0.0917664	-0.0592997	-0.0103062	0.0472729	0.104772	0.159252	0.20559	0.249239	0.285044	
-0.12193	-0.160139	-0.197361	-0.220512	-0.229909	-0.231947	-0.225403	-0.20805	-0.176689	-0.135734	-0.105499	-0.0921826	-0.0923854	-0.105908	-0.122801	-0.128035	-0.109997	-0.0692165	-0.00694142	0.0655744	0.130527	0.180371	0.214875	0.239856	0.256613	
-0.162904	-0.193857	-0.215913	-0.22374	-0.223157	-0.22274	-0.224234	-0.220216	-0.204891	-0.174666	-0.147447	-0.131256	-0.128955	-0.138541	-0.148262	-0.143818	-0.119525	-0.0714423	-0.00321974	0.0708449	0.129193	0.173001	0.189843	0.190888	0.182902	
-0.182345	-0.198578	-0.202939	-0.19268	-0.180743	-0.178467	-0.187449	-0.199733	-0.202988	-0.188689	-0.171645	-0.157225	-0.15644	-0.167665	-0.169848	-0.154983	-0.122203	-0.0653537	0.0103009	0.0758569	0.117589	0.145665	0.142692	0.118516	0.0869557	
-0.180518	-0.181693	-0.165843	-0.139662	-0.114802	-0.109047	-0.128362	-0.156423	-0.177381	-0.18251	-0.174251	-0.162017	-0.161648	-0.171211	-0.174756	-0.157112	-0.121162	-0.062544	0.0130996	0.069712	0.0929116	0.104775	0.0896508	0.0516992	0.00719463	
-0.168121	-0.158686	-0.132514	-0.0900999	-0.0549593	-0.048577	-0.0729867	-0.116676	-0.150887	-0.165624	-0.165932	-0.153692	-0.148721	-0.156464	-0.158911	-0.143115	-0.10914	-0.0547144	0.00677055	0.0471982	0.0600777	0.0575897	0.0350576	-0.00139739	-0.0419743	
-0.155467	-0.144159	-0.111376	-0.0625845	-0.0223941	-0.0138529	-0.0439946	-0.0926574	-0.133737	-0.153006	-0.153429	-0.142792	-0.133743	-0.129117	-0.126599	-0.107529	-0.0748679	-0.0335658	0.00324849	0.0244169	0.0304016	0.0205079	-0.00817015	-0.0422673	-0.0730086	
-0.139442	-0.132275	-0.103305	-0.0592005	-0.0252177	-0.019084	-0.0434041	-0.0868022	-0.123085	-0.13935	-0.135323	-0.122704	-0.107679	-0.090612	-0.0759598	-0.0546425	-0.0274607	-0.00408819	0.00815943	0.011975	0.0171673	0.00608977	-0.0253077	-0.0588909	-0.0827949	
-0.112989	-0.115096	-0.098323	-0.073264	-0.055318	-0.0531188	-0.0642787	-0.0886327	-0.109844	-0.116098	-0.104662	-0.0878442	-0.0689447	-0.0486197	-0.025659	-0.0049407	0.0131985	0.0243351	0.0218662	0.0152097	0.0178055	0.00627004	-0.0213899	-0.0530537	-0.073506	
-0.0848812	-0.0912643	-0.084487	-0.0748316	-0.0695282	-0.0677381	-0.072473	-0.0804982	-0.090102	-0.0890886	-0.0747365	-0.0567696	-0.0411604	-0.022198	0.00255489	0.0273153	0.0424635	0.0460308	0.0386584	0.0253698	0.0152521	0.00623902	-0.010657	-0.034642	-0.0531164	
-0.0483544	-0.0549753	-0.0533264	-0.050713	-0.0468005	-0.046097	-0.0483779	-0.0530186	-0.0547778	-0.0518487	-0.0425606	-0.0351001	-0.030613	-0.0222489	0.000710766	0.0291174	0.0488315	0.0489972	0.040892	0.0267365	0.0118768	0.00592761	0.00122533	-0.0118585	-0.032801	
-0.00399576	0.000271601	0.00226213	0.00624725	0.010084	0.0107403	0.0079971	0.00371116	0.000473912	-0.000700804	-0.00929447	-0.0198281	-0.0302566	-0.0327304	-0.0157076	0.0102611	0.032175	0.0332498	0.0196579	0.0088663	0.00201424	0.00347748	0.00586963	0.000724173	-0.0126493	
0.0429202	0.0689447	0.0872164	0.0956899	0.0977508	0.098098	0.0963323	0.0916877	0.0772398	0.0549015	0.0223196	-0.0100521	-0.0329135	-0.039521	-0.0341666	-0.0162113	0.00495469	0.0103362	0.00160851	-0.00682524	-0.00671143	0.008076	0.00760054	0.00483586	0.00261961	
0.0799401	0.134964	0.173647	0.19281	0.193832	0.192286	0.194789	0.184158	0.152715	0.103745	0.0446492	-0.00179007	-0.0346622	-0.04905	-0.0489767	-0.0411848	-0.0235875	-0.0110096	-0.0113282	-0.0183352	-0.0205656	-0.00619953	0.00118201	0.00533639	0.0108217	
0.124161	0.194364	0.247166	0.271689	0.276182	0.276121	0.275056	0.260714	0.218116	0.153189	0.0823901	0.0258414	-0.0183705	-0.0481999	-0.0595293	-0.054752	-0.0446032	-0.0326097	-0.0222894	-0.0204769	-0.0229427	-0.0139082	-0.000365898	0.0155271	0.0218128	
0.170359	0.246412	0.301142	0.330498	0.340869	0.342016	0.336353	0.315892	0.27137	0.201979	0.124715	0.0624834	0.00810222	-0.0361482	-0.059462	-0.0603053	-0.0549508	-0.0488521	-0.03589	-0.0227466	-0.0170184	-0.00736498	0.00637645	0.0289739	0.037717	
0.203726	0.283917	0.340046	0.369276	0.380675	0.381206	0.375324	0.354785	0.310101	0.23746	0.155136	0.0873849	0.0325245	-0.0169997	-0.0540206	-0.0725995	-0.075481	-0.0671836	-0.0513209	-0.0346286	-0.0166044	0.000530872	0.0197734	0.0408335	0.0486437	
0.225055	0.307481	0.367089	0.391222	0.39394	0.393211	0.393471	0.380655	0.335497	0.258986	0.17589	0.108231	0.0593602	0.0116193	-0.0388275	-0.0812856	-0.0983225	-0.0839591	-0.060215	-0.045501	-0.0271623	-0.00158556	0.025919	0.0462525	0.050829	
0.235954	0.316922	0.376012	0.39694	0.393342	0.390355	0.397471	0.389001	0.344177	0.268702	0.190879	0.132631	0.0916529	0.0472401	-0.00639307	-0.060945	-0.0902925	-0.0836946	-0.0628132	-0.053205	-0.0431011	-0.0188584	0.00985018	0.0336745	0.0399316	
0.240996	0.311583	0.365885	0.385744	0.384235	0.383127	0.38671	0.377588	0.336618	0.26896	0.202875	0.15712	0.125546	0.0865222	0.0379829	-0.0126682	-0.0491316	-0.0633771	-0.0626075	-0.0605051	-0.0532462	-0.0372861	-0.0144034	0.00535323	0.0162273	
0.240398	0.298339	0.344016	0.362923	0.366111	0.365535	0.365432	0.354431	0.319529	0.263819	0.209216	0.174079	0.154178	0.124418	0.0846962	0.0426932	0.00440917	-0.0257778	-0.0435237	-0.0536159	-0.0529436	-0.0430991	-0.0325043	-0.0196601	-0.0106546	
0.22331	0.272501	0.312553	0.332034	0.33327	0.332343	0.333966	0.322708	0.290889	0.243135	0.198019	0.176013	0.167175	0.152576	0.125765	0.0896277	0.0547549	0.0225261	-0.00243301	-0.0240656	-0.0409303	-0.0401143	-0.0345318	-0.0308307	-0.0296699	
0.194057	0.228918	0.262137	0.274639	0.270097	0.26865	0.274017	0.26967	0.243765	0.207002	0.178775	0.169987	0.172616	0.170338	0.15368	0.12717	0.0978299	0.0728847	0.0513556	0.02035	-0.00948969	-0.0206137	-0.0216902	-0.028576	-0.0423597	
0.155413	0.166278	0.177827	0.179825	0.172257	0.169911	0.178129	0.179758	0.171611	0.159041	0.153652	0.164924	0.182232	0.191574	0.18763	0.171994	0.153794	0.133959	0.111013	0.0742654	0.0346776	0.0140599	-0.00289531	-0.0285589	-0.0555598	
0.124552	0.0993696	0.0766493	0.0604271	0.0493929	0.0475608	0.0552996	0.0690962	0.0896744	0.11438	0.141921	0.178578	0.213025	0.235716	0.241935	0.238763	0.230115	0.213244	0.185606	0.143546	0.0962452	0.0577339	0.0159249	-0.0315053	-0.0715345	
0.0993696	0.0336366	-0.0203174	-0.0579927	-0.0770794	-0.0800029	-0.0678437	-0.0380944	0.0108432	0.0721149	0.13971	0.205165	0.257517	0.289964	0.307438	0.316077	0.313265	0.294742	0.263181	0.216348	0.159759	0.0958649	0.0275496	-0.0355174	-0.0785184	
0.0766493	-0.0203174	-0.0998045	-0.154031	-0.184172	-0.190399	-0.168861	-0.124261	-0.0550237	0.0364901	0.138103	0.231774	0.296433	0.332429	0.357997	0.373809	0.373287	0.352825	0.318181	0.270595	0.205294	0.123329	0.0339317	-0.0348044	-0.0744369	
0.0604271	-0.0579927	-0.154031	-0.220578	-0.255957	-0.261695	-0.238641	-0.184292	-0.0995162	0.0110988	0.133641	0.241284	0.3131	0.352218	0.377661	0.393695	0.395925	0.380427	0.347857	0.297586	0.226818	0.135208	0.039575	-0.0325114	-0.0686039	
0.0493929	-0.0770794	-0.184172	-0.255957	-0.287137	-0.292339	-0.272963	-0.21753	-0.123615	-0.00199921	0.125477	0.234531	0.312301	0.355339	0.37895	0.390457	0.394725	0.388596	0.360269	0.304598	0.22896	0.136454	0.0421853	-0.0278551	-0.064574	
0.0475608	-0.0800029	-0.190399	-0.261695	-0.292339	-0.297454	-0.278072	-0.224202	-0.127951	-0.00383719	0.123102	0.232766	0.310798	0.354322	0.378536	0.38778	0.393143	0.38867	0.361192	0.305614	0.227314	0.13608	0.042526	-0.0276942	-0.0631173	
0.0552996	-0.0678437	-0.168861	-0.238641	-0.272963	-0.278072	-0.256532	-0.200559	-0.111849	0.00453715	0.131157	0.240213	0.313914	0.354671	0.379302	0.394465	0.396935	0.384922	0.354333	0.302108	0.229608	0.136362	0.0408221	-0.0299414	-0.0668006	
0.0690962	-0.0380944	-0.124261	-0.184292	-0.21753	-0.224202	-0.200559	-0.151549	-0.0755283	0.0243923	0.136576	0.237516	0.305815	0.342688	0.369403	0.386062	0.387035	0.366854	0.33328	0.284593	0.217077	0.129994	0.0364379	-0.0345504	-0.0719286	
0.0896744	0.0108432	-0.0550237	-0.0995162	-0.123615	-0.127951	-0.111849	-0.0755283	-0.0172941	0.0576317	0.138835	0.217149	0.27514	0.30992	0.330698	0.342611	0.341163	0.322008	0.28839	0.241157	0.180152	0.108607	0.0299758	-0.0356889	-0.0780955	
0.11438	0.0721149	0.0364901	0.0110988	-0.00199921	-0.00383719	0.00453715	0.0243923	0.0576317	0.0972101	0.140723	0.188095	0.230467	0.257626	0.268082	0.269535	0.264461	0.246948	0.218172	0.173462	0.123154	0.0744319	0.022408	-0.0332794	-0.0756466	
0.141921	0.13971	0.138103	0.133641	0.125477	0.123102	0.131157	0.136576	0.138835	0.140723	0.147471	0.168141	0.191726	0.206248	0.206702	0.196677	0.182233	0.163678	0.138949	0.0998547	0.0573421	0.0309525	0.00442053	-0.0291807	-0.0624163	
0.178578	0.205165	0.231774	0.241284	0.234531	0.232766	0.240213	0.237516	0.217149	0.188095	0.168141	0.166917	0.17415	0.176431	0.165466	0.142836	0.117883	0.0951704	0.0739826	0.0412937	0.00641093	-0.00822882	-0.0143799	-0.0286411	-0.0472386	
0.213025	0.257517	0.296433	0.3131	0.312301	0.310798	0.313914	0.305815	0.27514	0.230467	0.191726	0.17415	0.170347	0.161094	0.138169	0.105464	0.0717011	0.0423616	0.0184767	-0.00808662	-0.0300593	-0.0348769	-0.0307757	-0.030162	-0.0349417	
0.235716	0.289964	0.332429	0.352218	0.355339	0.354322	0.354671	0.342688	0.30992	0.257626	0.206248	0.176431	0.161094	0.137121	0.102239	0.0624513	0.0256807	-0.00702706	-0.0294083	-0.0441536	-0.0504217	-0.0429994	-0.0357534	-0.0266196	-0.0191856	
0.241935	0.307438	0.357997	0.377661	0.37895	0.378536	0.379302	0.369403	0.330698	0.268082	0.206702	0.165466	0.138169	0.102239	0.0569958	0.0102533	-0.0276897	-0.0494161	-0.0582651	-0.0603362	-0.0539778	-0.0410113	-0.0227466	-0.00533559	0.004965	
0.238763	0.316077	0.373809	0.393695	0.390457	0.38778	0.394465	0.386062	0.342611	0.269535	0.196677	0.142836	0.105464	0.0624513	0.0102533	-0.044286	-0.0770525	-0.0784789	-0.0637402	-0.0571352	-0.0485541	-0.027373	7.50533e-05	0.0228618	0.031727	
0.230115	0.313265	0.373287	0.395925	0.394725	0.393143	0.396935	0.387035	0.341163	0.264461	0.182233	0.117883	0.0717011	0.0256807	-0.0276897	-0.0770525	-0.100203	-0.0859676	-0.0615121	-0.0484286	-0.0336345	-0.00686414	0.0218602	0.0444079	0.0483199	
0.213244	0.294742	0.352825	0.380427	0.388596	0.38867	0.384922	0.366854	0.322008	0.246948	0.163678	0.0951704	0.0423616	-0.00702706	-0.0494161	-0.0784789	-0.0859676	-0.075026	-0.0559132	-0.0394988	-0.0196836	0.00112971	0.0242272	0.0439426	0.0507676	
0.185606	0.263181	0.318181	0.347857	0.360269	0.361192	0.354333	0.33328	0.28839	0.218172	0.138949	0.0739826	0.0184767	-0.0294083	-0.0582651	-0.0637402	-0.0615121	-0.0559132	-0.0423088	-0.0271845	-0.0153761	-0.0035597	0.0111	0.0342152	0.0430796	
0.143546	0.216348	0.270595	0.297586	0.304598	0.305614	0.302108	0.284593	0.241157	0.173462	0.0998547	0.0412937	-0.00808662	-0.0441536	-0.0603362	-0.0571352	-0.0484286	-0.0394988	-0.0271845	-0.0200936	-0.0207919	-0.0119337	0.00171897	0.021252	0.0280808	
0.0962452	0.159759	0.205294	0.226818	0.22896	0.227314	0.229608	0.217077	0.180152	0.123154	0.0573421	0.00641093	-0.0300593	-0.0504217	-0.0539778	-0.0485541	-0.0336345	-0.0196836	-0.0153761	-0.0207919	-0.0236756	-0.0122812	-0.000794294	0.00823214	0.0142929	
0.0577339	0.0958649	0.123329	0.135208	0.136454	0.13608	0.136362	0.129994	0.108607	0.0744319	0.0309525	-0.00822882	-0.0348769	-0.0429994	-0.0410113	-0.027373	-0.00686414	0.00112971	-0.0035597	-0.0119337	-0.0122812	0.00473512	0.00576064	0.00450482	0.00605035	
0.0159249	0.0275496	0.0339317	0.039575	0.0421853	0.042526	0.0408221	0.0364379	0.0299758	0.022408	0.00442053	-0.0143799	-0.0307757	-0.0357534	-0.0227466	7.50533e-05	0.0218602	0.0242272	0.0111	0.00171897	-0.000794294	0.00576064	0.0071113	0.00362957	-0.00544863	
-0.0315053	-0.0355174	-0.0348044	-0.0325114	-0.0278551	-0.0276942	-0.0299414	-0.0345504	-0.0356889	-0.0332794	-0.0291807	-0.0286411	-0.030162	-0.0266196	-0.00533559	0.0228618	0.0444079	0.0439426	0.0342152	0.021252	0.00823214	0.00450482	0.00362957	-0.00591654	-0.0249146	
-0.0715345	-0.0785184	-0.0744369	-0.0686039	-0.064574	-0.0631173	-0.0668006	-0.0719286	-0.0780955	-0.0756466	-0.0624163	-0.0472386	-0.0349417	-0.0191856	0.004965	0.031727	0.0483199	0.0507676	0.0430796	0.0280808	0.0142929	0.00605035	-0.00544863	-0.0249146	-0.0444072	
