-0.0016564	-0.118854	-0.224623	-0.307006	-0.350578	-0.357286	-0.329686	-0.260866	-0.163285	-0.0493538	0.0726442	0.186221	0.270083	0.334692	0.368807	0.356878	0.306917	0.194868	0.0271279	-0.171268	-0.376165	-0.558853	-0.690242	-0.752137	-0.740414	
-0.0687742	-0.215337	-0.3491	-0.448299	-0.499018	-0.506203	-0.474464	-0.39403	-0.2717	-0.127974	0.0191012	0.152205	0.246066	0.305458	0.323379	0.28994	0.2136	0.0874437	-0.0793566	-0.267565	-0.447552	-0.596136	-0.700039	-0.742033	-0.711743	
-0.111182	-0.274048	-0.42211	-0.530888	-0.585187	-0.592496	-0.559586	-0.471388	-0.336702	-0.176482	-0.0146718	0.12738	0.224802	0.278429	0.280395	0.223161	0.12764	-0.00699137	-0.167377	-0.330061	-0.474965	-0.589473	-0.665074	-0.688381	-0.64449	
-0.12678	-0.292093	-0.440378	-0.54744	-0.606135	-0.614582	-0.57738	-0.488718	-0.355278	-0.192257	-0.0329582	0.103305	0.200421	0.246955	0.236338	0.164867	0.0612041	-0.0727429	-0.219604	-0.357099	-0.462545	-0.540407	-0.588577	-0.593694	-0.54107	
-0.120769	-0.274319	-0.409678	-0.50893	-0.563905	-0.573287	-0.536031	-0.454739	-0.332175	-0.182158	-0.0324044	0.0925654	0.180395	0.219021	0.19511	0.115992	0.0141403	-0.105665	-0.233075	-0.344768	-0.417504	-0.464697	-0.484752	-0.471163	-0.409038	
-0.0952444	-0.223568	-0.332163	-0.411198	-0.456558	-0.463163	-0.434162	-0.36696	-0.270956	-0.14747	-0.0197656	0.0863915	0.160604	0.182813	0.14512	0.0633184	-0.03224	-0.131285	-0.228803	-0.303614	-0.342956	-0.354981	-0.351211	-0.319265	-0.25242	
-0.0541473	-0.141032	-0.21243	-0.261694	-0.287884	-0.291008	-0.275079	-0.234896	-0.171992	-0.0900606	0.00225927	0.0865407	0.1388	0.143462	0.0953763	0.014149	-0.0698561	-0.142157	-0.202798	-0.237846	-0.236971	-0.220756	-0.196493	-0.155185	-0.0929535	
0.00567493	-0.0333112	-0.0605618	-0.0734169	-0.0730413	-0.0723385	-0.0737721	-0.0678904	-0.0454333	-0.0109359	0.0351976	0.0828581	0.106076	0.0938686	0.0442473	-0.0278807	-0.0963118	-0.140651	-0.160612	-0.15411	-0.119547	-0.0751853	-0.0371423	0.00106081	0.0528293	
0.085386	0.0936339	0.10925	0.134315	0.159099	0.165004	0.144939	0.118519	0.0986027	0.0879806	0.0852662	0.0855061	0.0714332	0.044206	-0.000923774	-0.0605381	-0.114221	-0.137298	-0.12431	-0.075262	-0.00982559	0.0589808	0.110835	0.151911	0.188787	
0.190135	0.236291	0.284876	0.336329	0.372461	0.379305	0.353735	0.305633	0.255134	0.208471	0.161489	0.112966	0.0639761	0.019836	-0.0257875	-0.0768236	-0.118084	-0.128359	-0.0921667	-0.0111043	0.0838234	0.168643	0.23378	0.281488	0.306559	
0.303825	0.382061	0.454697	0.51664	0.554164	0.560554	0.535282	0.481489	0.411891	0.336059	0.251251	0.159238	0.0795973	0.0172856	-0.0378238	-0.0875272	-0.117005	-0.111138	-0.056514	0.0429782	0.15464	0.247534	0.316223	0.364831	0.379205	
0.410373	0.517564	0.609237	0.675703	0.714903	0.720956	0.694811	0.639176	0.556501	0.454835	0.339181	0.214411	0.107906	0.0291307	-0.0348803	-0.082351	-0.100586	-0.0767005	-0.00662347	0.10086	0.210123	0.29559	0.357181	0.395423	0.392854	
0.506088	0.636397	0.74356	0.816399	0.855528	0.86284	0.835421	0.7768	0.682915	0.560245	0.420285	0.275438	0.152051	0.0550763	-0.0122447	-0.0472107	-0.0534562	-0.0142794	0.0682911	0.171769	0.263007	0.323542	0.36077	0.377908	0.358689	
0.590408	0.741193	0.860479	0.93137	0.969637	0.976604	0.950122	0.894013	0.794276	0.652589	0.497202	0.344613	0.207635	0.0998987	0.0305507	0.00842063	0.0224646	0.0782309	0.162647	0.251563	0.318055	0.342164	0.343797	0.333099	0.299905	
0.662696	0.820095	0.94419	1.0151	1.05082	1.0567	1.03297	0.978356	0.875289	0.727216	0.566509	0.412264	0.27486	0.16998	0.1071	0.0958863	0.127808	0.191139	0.262473	0.323204	0.354	0.343907	0.308579	0.265126	0.217459	
0.715299	0.866746	0.988044	1.06855	1.10864	1.11512	1.08898	1.02589	0.920217	0.777384	0.619344	0.467242	0.338092	0.252556	0.213702	0.21659	0.250769	0.304523	0.34653	0.364126	0.353596	0.308504	0.239628	0.171252	0.112609	
0.744425	0.883146	1.00016	1.08973	1.14193	1.15139	1.11502	1.04017	0.933048	0.801583	0.656188	0.515214	0.401187	0.341865	0.32896	0.338389	0.362677	0.388114	0.393609	0.373959	0.32002	0.236561	0.144025	0.0610229	-0.00170683	
0.756574	0.881515	0.989063	1.07704	1.13486	1.14532	1.10497	1.02684	0.926763	0.808173	0.677947	0.553771	0.460324	0.417941	0.418492	0.431084	0.441642	0.436602	0.411114	0.356339	0.263975	0.153689	0.0495394	-0.0308058	-0.082315	
0.738798	0.846619	0.940205	1.02284	1.07629	1.08764	1.04863	0.974633	0.885195	0.784352	0.670079	0.56898	0.502858	0.472904	0.478074	0.493435	0.4898	0.460747	0.405116	0.316505	0.198801	0.0815127	-0.0143711	-0.0782018	-0.113248	
0.689222	0.775389	0.854156	0.923397	0.971153	0.981851	0.945093	0.883949	0.807447	0.72494	0.634649	0.555944	0.512531	0.500626	0.509841	0.521568	0.510062	0.463472	0.38627	0.277072	0.150122	0.0435367	-0.0319671	-0.0807682	-0.103238	
0.612757	0.67134	0.734577	0.789981	0.821376	0.827464	0.804918	0.759489	0.695873	0.636485	0.574505	0.519285	0.497378	0.498523	0.509112	0.518175	0.501608	0.451718	0.372743	0.259749	0.138801	0.0447391	-0.0143606	-0.0477863	-0.0610874	
0.493907	0.522885	0.569214	0.607058	0.620048	0.622271	0.614437	0.587505	0.539619	0.503696	0.481712	0.470453	0.477768	0.490144	0.498809	0.505425	0.486821	0.439718	0.368772	0.271641	0.173798	0.0929264	0.0383959	0.00892052	-0.00519194	
0.351912	0.3398	0.34983	0.355535	0.353233	0.354583	0.353737	0.354176	0.341503	0.344279	0.370372	0.411512	0.453477	0.478314	0.491073	0.50307	0.497669	0.460089	0.39889	0.327808	0.256454	0.186836	0.127286	0.0868583	0.0593349	
0.202044	0.13626	0.0841199	0.0462496	0.0301156	0.0287764	0.0367924	0.0670295	0.113695	0.174182	0.247992	0.331596	0.40605	0.456503	0.491796	0.524523	0.540651	0.525056	0.484088	0.43276	0.378991	0.314373	0.246509	0.188651	0.140503	
0.0324875	-0.0939454	-0.206525	-0.286287	-0.322956	-0.328008	-0.305946	-0.243633	-0.141024	-0.0194234	0.109951	0.235249	0.345627	0.440881	0.522696	0.583391	0.61948	0.62933	0.611112	0.57423	0.527161	0.463764	0.390755	0.31829	0.244794	
-0.159145	-0.345004	-0.504086	-0.619121	-0.682855	-0.692105	-0.651601	-0.55502	-0.413029	-0.235808	-0.0429735	0.13763	0.292253	0.438477	0.570329	0.662829	0.721976	0.753976	0.750999	0.729857	0.685926	0.621574	0.540892	0.450732	0.347137	
-0.345004	-0.584172	-0.786248	-0.932065	-1.01214	-1.02608	-0.971848	-0.852251	-0.67004	-0.444038	-0.193088	0.0477027	0.260245	0.452604	0.617517	0.73809	0.821761	0.872221	0.885651	0.876269	0.842327	0.776277	0.68117	0.567006	0.43822	
-0.504086	-0.786248	-1.02942	-1.19927	-1.2831	-1.29676	-1.24254	-1.10842	-0.889774	-0.620073	-0.326034	-0.029723	0.24787	0.488301	0.674481	0.810589	0.909423	0.974798	0.999073	0.995787	0.966938	0.898149	0.792986	0.664918	0.518691	
-0.619121	-0.932065	-1.19927	-1.39086	-1.48973	-1.5043	-1.44182	-1.28649	-1.04642	-0.747718	-0.420543	-0.0855118	0.237162	0.51503	0.723377	0.874906	0.987518	1.06121	1.08833	1.08123	1.04006	0.968661	0.865749	0.734145	0.582923	
-0.682855	-1.01214	-1.2831	-1.48973	-1.61269	-1.63509	-1.54925	-1.37425	-1.12814	-0.820291	-0.467898	-0.108705	0.228868	0.521612	0.747602	0.917116	1.03919	1.11713	1.14528	1.12516	1.07707	1.00541	0.905532	0.773525	0.620676	
-0.692105	-1.02608	-1.29676	-1.5043	-1.63509	-1.65944	-1.5667	-1.38797	-1.14208	-0.831754	-0.474628	-0.111527	0.229776	0.522983	0.751964	0.926494	1.05007	1.12822	1.15566	1.13284	1.08262	1.01173	0.913313	0.779746	0.6268	
-0.651601	-0.971848	-1.24254	-1.44182	-1.54925	-1.5667	-1.49636	-1.33179	-1.08734	-0.78433	-0.445441	-0.0985233	0.23177	0.519043	0.73578	0.893975	1.01215	1.08845	1.1156	1.10309	1.05862	0.98675	0.885265	0.753437	0.601475	
-0.55502	-0.852251	-1.10842	-1.28649	-1.37425	-1.38797	-1.33179	-1.19118	-0.961756	-0.676781	-0.368829	-0.0558392	0.244609	0.501794	0.696946	0.838658	0.94251	1.01132	1.03844	1.03518	1.00184	0.932021	0.826597	0.696093	0.547246	
-0.413029	-0.67004	-0.889774	-1.04642	-1.12814	-1.14208	-1.08734	-0.961756	-0.763209	-0.519297	-0.249184	0.0151817	0.252939	0.465038	0.6393	0.76701	0.857964	0.915222	0.933672	0.928131	0.897975	0.830257	0.730199	0.609035	0.471618	
-0.235808	-0.444038	-0.620073	-0.747718	-0.820291	-0.831754	-0.78433	-0.676781	-0.519297	-0.32188	-0.104498	0.100189	0.277209	0.441807	0.588713	0.693806	0.764	0.80338	0.806333	0.790333	0.749891	0.685231	0.599325	0.499117	0.384807	
-0.0429735	-0.193088	-0.326034	-0.420543	-0.467898	-0.474628	-0.445441	-0.368829	-0.249184	-0.104498	0.0494384	0.195527	0.322665	0.438689	0.540959	0.614519	0.658954	0.678775	0.666709	0.635782	0.589485	0.526711	0.450883	0.372545	0.286755	
0.13763	0.0477027	-0.029723	-0.0855118	-0.108705	-0.111527	-0.0985233	-0.0558392	0.0151817	0.100189	0.195527	0.294759	0.382366	0.448787	0.500705	0.543511	0.567719	0.562904	0.532226	0.4864	0.436655	0.372171	0.302108	0.238169	0.180606	
0.292253	0.260245	0.24787	0.237162	0.228868	0.229776	0.23177	0.244609	0.252939	0.277209	0.322665	0.382366	0.43742	0.470285	0.489092	0.508367	0.510641	0.480447	0.42564	0.363784	0.300524	0.234516	0.171865	0.12443	0.088654	
0.438477	0.452604	0.488301	0.51503	0.521612	0.522983	0.519043	0.501794	0.465038	0.441807	0.438689	0.448787	0.470285	0.486206	0.495079	0.502449	0.487486	0.442594	0.37542	0.288172	0.201856	0.125874	0.0697878	0.0377965	0.0198074	
0.570329	0.617517	0.674481	0.723377	0.747602	0.751964	0.73578	0.696946	0.6393	0.588713	0.540959	0.500705	0.489092	0.495079	0.505256	0.512926	0.494708	0.445173	0.369126	0.260263	0.146947	0.0571536	0.0017682	-0.0275709	-0.0398941	
0.662829	0.73809	0.810589	0.874906	0.917116	0.926494	0.893975	0.838658	0.76701	0.693806	0.614519	0.543511	0.508367	0.502449	0.512926	0.523131	0.509207	0.459404	0.379598	0.267547	0.140551	0.0393335	-0.0280018	-0.0710857	-0.0889289	
0.721976	0.821761	0.909423	0.987518	1.03919	1.05007	1.01215	0.94251	0.857964	0.764	0.658954	0.567719	0.510641	0.487486	0.494708	0.509207	0.501705	0.464536	0.398469	0.2986	0.175941	0.061798	-0.0272055	-0.0846052	-0.113987	
0.753976	0.872221	0.974798	1.06121	1.11713	1.12822	1.08845	1.01132	0.915222	0.80338	0.678775	0.562904	0.480447	0.442594	0.445173	0.459404	0.464536	0.449272	0.410944	0.342835	0.238007	0.122017	0.0193855	-0.055364	-0.100382	
0.750999	0.885651	0.999073	1.08833	1.14528	1.15566	1.1156	1.03844	0.933672	0.806333	0.666709	0.532226	0.42564	0.37542	0.369126	0.379598	0.398469	0.410944	0.403591	0.369559	0.299541	0.203201	0.104174	0.020195	-0.0395841	
0.729857	0.876269	0.995787	1.08123	1.12516	1.13284	1.10309	1.03518	0.928131	0.790333	0.635782	0.4864	0.363784	0.288172	0.260263	0.267547	0.2986	0.342835	0.369559	0.371618	0.343156	0.283029	0.203338	0.127462	0.0652535	
0.685926	0.842327	0.966938	1.04006	1.07707	1.08262	1.05862	1.00184	0.897975	0.749891	0.589485	0.436655	0.300524	0.201856	0.146947	0.140551	0.175941	0.238007	0.299541	0.343156	0.359318	0.335695	0.285634	0.230825	0.177839	
0.621574	0.776277	0.898149	0.968661	1.00541	1.01173	0.98675	0.932021	0.830257	0.685231	0.526711	0.372171	0.234516	0.125874	0.0571536	0.0393335	0.061798	0.122017	0.203201	0.283029	0.335695	0.345501	0.332319	0.30844	0.270495	
0.540892	0.68117	0.792986	0.865749	0.905532	0.913313	0.885265	0.826597	0.730199	0.599325	0.450883	0.302108	0.171865	0.0697878	0.0017682	-0.0280018	-0.0272055	0.0193855	0.104174	0.203338	0.285634	0.332319	0.355534	0.362941	0.337593	
0.450732	0.567006	0.664918	0.734145	0.773525	0.779746	0.753437	0.696093	0.609035	0.499117	0.372545	0.238169	0.12443	0.0377965	-0.0275709	-0.0710857	-0.0846052	-0.055364	0.020195	0.127462	0.230825	0.30844	0.362941	0.392789	0.383365	
0.347137	0.43822	0.518691	0.582923	0.620676	0.6268	0.601475	0.547246	0.471618	0.384807	0.286755	0.180606	0.088654	0.0198074	-0.0398941	-0.0889289	-0.113987	-0.100382	-0.0395841	0.0652535	0.177839	0.270495	0.337593	0.383365	0.39162	
