0.244153	0.142587	0.0371398	-0.0505887	-0.0912552	-0.0821535	-0.0340003	0.0391359	0.10288	0.133816	0.127424	0.0951505	0.0475892	-0.0256025	-0.118863	-0.206553	-0.274898	-0.334524	-0.379835	-0.396492	-0.368314	-0.307421	-0.235495	-0.152196	-0.0546638	
0.142587	0.0547305	-0.041256	-0.109685	-0.126584	-0.094871	-0.0225961	0.0732174	0.163768	0.219892	0.228129	0.1987	0.143413	0.0606327	-0.0263505	-0.10706	-0.177546	-0.235741	-0.274606	-0.28506	-0.258274	-0.201082	-0.121157	-0.0230032	0.0890462	
0.0371398	-0.041256	-0.123412	-0.173823	-0.171595	-0.125574	-0.0360761	0.0818772	0.201185	0.28634	0.323293	0.307853	0.25096	0.172162	0.0905048	0.0164633	-0.0522593	-0.103004	-0.124574	-0.123671	-0.0941035	-0.0359293	0.0539934	0.162192	0.28289	
-0.0505887	-0.109685	-0.173823	-0.206283	-0.193706	-0.138273	-0.0367098	0.0951562	0.230497	0.345703	0.41115	0.416991	0.376307	0.307051	0.235185	0.164954	0.102924	0.0639983	0.0566066	0.0677081	0.101794	0.16615	0.26147	0.372301	0.493089	
-0.0912552	-0.126584	-0.171595	-0.193706	-0.173691	-0.109688	-0.00217424	0.130549	0.276192	0.408341	0.497147	0.528511	0.510981	0.45838	0.393978	0.331413	0.280868	0.2547	0.256656	0.277449	0.319616	0.391261	0.483488	0.585257	0.692007	
-0.0821535	-0.094871	-0.125574	-0.138273	-0.109688	-0.0370073	0.0687241	0.200676	0.345834	0.481984	0.584247	0.639175	0.646811	0.615124	0.565712	0.517778	0.481187	0.463258	0.467294	0.492866	0.537248	0.603045	0.681937	0.759529	0.840126	
-0.0340003	-0.0225961	-0.0360761	-0.0367098	-0.00217424	0.0687241	0.168711	0.294355	0.428861	0.560993	0.668292	0.737301	0.765338	0.757857	0.731724	0.702432	0.677077	0.66247	0.670205	0.694347	0.730851	0.778677	0.829946	0.876864	0.918214	
0.0391359	0.0732174	0.0818772	0.0951562	0.130549	0.200676	0.294355	0.407281	0.531317	0.652249	0.752512	0.818095	0.854355	0.869453	0.868983	0.853565	0.83483	0.827367	0.83848	0.857465	0.874169	0.893141	0.908967	0.917825	0.916007	
0.10288	0.163768	0.201185	0.230497	0.276192	0.345834	0.428861	0.531317	0.642578	0.750291	0.832257	0.882383	0.918961	0.952243	0.965754	0.957014	0.942403	0.943271	0.956822	0.961376	0.956189	0.940253	0.918496	0.884483	0.838565	
0.133816	0.219892	0.28634	0.345703	0.408341	0.481984	0.560993	0.652249	0.750291	0.836769	0.893904	0.926972	0.961354	0.999101	1.01736	1.0115	1.00548	1.01256	1.02081	1.00728	0.979355	0.933803	0.870833	0.793996	0.706328	
0.127424	0.228129	0.323293	0.41115	0.497147	0.584247	0.668292	0.752512	0.832257	0.893904	0.930458	0.951798	0.977685	1.0089	1.02675	1.02912	1.03221	1.03861	1.03117	0.996549	0.948274	0.876681	0.777619	0.662608	0.540736	
0.0951505	0.1987	0.307853	0.416991	0.528511	0.639175	0.737301	0.818095	0.882383	0.926972	0.951798	0.96212	0.971612	0.989412	1.00581	1.01599	1.01966	1.01458	0.984007	0.925065	0.856608	0.763287	0.641753	0.503017	0.362198	
0.0475892	0.143413	0.25096	0.376307	0.510981	0.646811	0.765338	0.854355	0.918961	0.961354	0.977685	0.971612	0.958643	0.956463	0.963545	0.965504	0.957982	0.933987	0.880762	0.799562	0.709078	0.603676	0.474324	0.331513	0.190315	
-0.0256025	0.0606327	0.172162	0.307051	0.45838	0.615124	0.757857	0.869453	0.952243	0.999101	1.0089	0.989412	0.956463	0.931533	0.912572	0.889732	0.85844	0.815254	0.742437	0.641523	0.531748	0.418523	0.29129	0.158968	0.0326296	
-0.118863	-0.0263505	0.0905048	0.235185	0.393978	0.565712	0.731724	0.868983	0.965754	1.01736	1.02675	1.00581	0.963545	0.912572	0.857632	0.799008	0.738437	0.674048	0.585219	0.47327	0.352833	0.235004	0.116025	-0.000730229	-0.101797	
-0.206553	-0.10706	0.0164633	0.164954	0.331413	0.517778	0.702432	0.853565	0.957014	1.0115	1.02912	1.01599	0.965504	0.889732	0.799008	0.7037	0.610749	0.51839	0.415916	0.303075	0.181999	0.066899	-0.0438426	-0.139237	-0.213319	
-0.274898	-0.177546	-0.0522593	0.102924	0.280868	0.481187	0.677077	0.83483	0.942403	1.00548	1.03221	1.01966	0.957982	0.85844	0.738437	0.610749	0.47885	0.353074	0.235962	0.1273	0.0175592	-0.086192	-0.179801	-0.251034	-0.301414	
-0.334524	-0.235741	-0.103004	0.0639983	0.2547	0.463258	0.66247	0.827367	0.943271	1.01256	1.03861	1.01458	0.933987	0.815254	0.674048	0.51839	0.353074	0.194864	0.0603789	-0.0446239	-0.139493	-0.223894	-0.289963	-0.338555	-0.370398	
-0.379835	-0.274606	-0.124574	0.0566066	0.256656	0.467294	0.670205	0.83848	0.956822	1.02081	1.03117	0.984007	0.880762	0.742437	0.585219	0.415916	0.235962	0.0603789	-0.0833606	-0.188223	-0.268912	-0.329662	-0.37276	-0.398991	-0.419974	
-0.396492	-0.28506	-0.123671	0.0677081	0.277449	0.492866	0.694347	0.857465	0.961376	1.00728	0.996549	0.925065	0.799562	0.641523	0.47327	0.303075	0.1273	-0.0446239	-0.188223	-0.288566	-0.357182	-0.403745	-0.426929	-0.438452	-0.444359	
-0.368314	-0.258274	-0.0941035	0.101794	0.319616	0.537248	0.730851	0.874169	0.956189	0.979355	0.948274	0.856608	0.709078	0.531748	0.352833	0.181999	0.0175592	-0.139493	-0.268912	-0.357182	-0.416841	-0.456626	-0.469417	-0.461961	-0.445267	
-0.307421	-0.201082	-0.0359293	0.16615	0.391261	0.603045	0.778677	0.893141	0.940253	0.933803	0.876681	0.763287	0.603676	0.418523	0.235004	0.066899	-0.086192	-0.223894	-0.329662	-0.403745	-0.456626	-0.493705	-0.498843	-0.46839	-0.425302	
-0.235495	-0.121157	0.0539934	0.26147	0.483488	0.681937	0.829946	0.908967	0.918496	0.870833	0.777619	0.641753	0.474324	0.29129	0.116025	-0.0438426	-0.179801	-0.289963	-0.37276	-0.426929	-0.469417	-0.498843	-0.489106	-0.443851	-0.384706	
-0.152196	-0.0230032	0.162192	0.372301	0.585257	0.759529	0.876864	0.917825	0.884483	0.793996	0.662608	0.503017	0.331513	0.158968	-0.000730229	-0.139237	-0.251034	-0.338555	-0.398991	-0.438452	-0.461961	-0.46839	-0.443851	-0.389676	-0.335423	
-0.0546638	0.0890462	0.28289	0.493089	0.692007	0.840126	0.918214	0.916007	0.838565	0.706328	0.540736	0.362198	0.190315	0.0326296	-0.101797	-0.213319	-0.301414	-0.370398	-0.419974	-0.444359	-0.445267	-0.425302	-0.384706	-0.335423	-0.293768	
0.0548383	0.212521	0.412547	0.621009	0.802579	0.920546	0.956705	0.907589	0.786971	0.613796	0.4156	0.221133	0.051226	-0.0889664	-0.197383	-0.282997	-0.348803	-0.398004	-0.429846	-0.433426	-0.410089	-0.369201	-0.323947	-0.286844	-0.262107	
0.158247	0.326738	0.526959	0.729221	0.894276	0.984059	0.985618	0.900349	0.73927	0.528212	0.299311	0.0897004	-0.0759957	-0.197224	-0.286149	-0.348208	-0.389868	-0.413229	-0.414192	-0.395925	-0.356792	-0.310134	-0.274527	-0.25331	-0.24279	
0.244966	0.428833	0.632556	0.825654	0.964403	1.0264	0.996013	0.882208	0.699589	0.465978	0.218382	9.69676e-05	-0.167311	-0.28737	-0.367752	-0.416903	-0.433172	-0.418618	-0.387553	-0.344957	-0.299609	-0.258046	-0.233715	-0.229491	-0.228278	
0.306393	0.50724	0.717043	0.904416	1.02431	1.0547	0.993108	0.857004	0.660455	0.421594	0.17097	-0.0533332	-0.229932	-0.356512	-0.440079	-0.472556	-0.458953	-0.411424	-0.351029	-0.301185	-0.258684	-0.225991	-0.214201	-0.218787	-0.224789	
0.339816	0.554253	0.774349	0.963851	1.06911	1.07598	0.98611	0.829944	0.627742	0.392147	0.145343	-0.080985	-0.268162	-0.406963	-0.491707	-0.511537	-0.473069	-0.399676	-0.3252	-0.272025	-0.235395	-0.209017	-0.202443	-0.213894	-0.222893	
0.345614	0.562816	0.78575	0.97581	1.0785	1.08052	0.984546	0.823679	0.620985	0.38639	0.141063	-0.0856946	-0.275257	-0.417371	-0.502401	-0.519436	-0.476339	-0.397462	-0.320721	-0.266995	-0.230875	-0.205374	-0.199437	-0.21172	-0.222066	
0.323225	0.529816	0.743413	0.93096	1.04474	1.06419	0.990141	0.845541	0.645724	0.408028	0.158811	-0.0666964	-0.24846	-0.379627	-0.464354	-0.490232	-0.464882	-0.40607	-0.338239	-0.2878	-0.247798	-0.218243	-0.20937	-0.216878	-0.224507	
0.273139	0.46412	0.66971	0.860179	0.989269	1.03883	0.995925	0.872314	0.684018	0.446368	0.196088	-0.0246599	-0.195154	-0.317641	-0.398289	-0.441644	-0.446053	-0.417212	-0.373755	-0.325883	-0.28096	-0.242381	-0.223146	-0.223348	-0.225162	
0.194954	0.369074	0.570565	0.768449	0.924359	1.00311	0.992173	0.895204	0.723115	0.500226	0.261677	0.0478962	-0.117539	-0.235327	-0.319823	-0.3753	-0.40739	-0.416496	-0.403785	-0.376034	-0.3328	-0.287995	-0.257232	-0.242647	-0.236797	
0.0979095	0.260015	0.460367	0.667602	0.842045	0.948352	0.96977	0.90444	0.766827	0.577507	0.366228	0.165884	-0.0023891	-0.134162	-0.233626	-0.309707	-0.365949	-0.406128	-0.426523	-0.420902	-0.390178	-0.344977	-0.30247	-0.271619	-0.25264	
-0.0115282	0.13791	0.334716	0.544503	0.737185	0.873354	0.934566	0.913006	0.818335	0.669501	0.491172	0.306049	0.134539	-0.0166578	-0.140511	-0.24129	-0.320735	-0.382375	-0.426442	-0.443164	-0.433956	-0.404289	-0.36029	-0.314902	-0.280068	
-0.115026	0.0200885	0.209033	0.41895	0.627119	0.791035	0.89366	0.918307	0.86685	0.760017	0.614316	0.447004	0.274418	0.107607	-0.0429482	-0.170504	-0.272314	-0.352406	-0.407722	-0.441994	-0.45639	-0.4524	-0.42069	-0.367291	-0.317807	
-0.203795	-0.0834083	0.0958675	0.305206	0.523413	0.712876	0.849722	0.913283	0.906536	0.841148	0.732575	0.586862	0.41754	0.237534	0.0679205	-0.0848809	-0.211312	-0.311477	-0.384818	-0.431794	-0.468118	-0.488867	-0.473525	-0.423734	-0.364532	
-0.280147	-0.171803	-0.00302698	0.200582	0.426457	0.633738	0.79918	0.900943	0.932699	0.911095	0.840012	0.717693	0.554654	0.369474	0.187917	0.022207	-0.125334	-0.252367	-0.348956	-0.415681	-0.465049	-0.501271	-0.500579	-0.46336	-0.411904	
-0.346029	-0.238377	-0.0744593	0.124259	0.344974	0.561266	0.748979	0.881206	0.950506	0.963317	0.923016	0.822964	0.669652	0.487516	0.305599	0.134827	-0.0253372	-0.175566	-0.295809	-0.378234	-0.435566	-0.473789	-0.48395	-0.467027	-0.439237	
-0.391088	-0.279247	-0.115875	0.0773562	0.291257	0.50854	0.70802	0.864522	0.960383	0.997425	0.97906	0.898799	0.764324	0.597845	0.42538	0.255319	0.0835168	-0.0828918	-0.222634	-0.318577	-0.383781	-0.427294	-0.445446	-0.450204	-0.44765	
-0.390841	-0.282172	-0.126427	0.0593703	0.262719	0.475371	0.67784	0.845904	0.959223	1.01762	1.01947	0.96252	0.850229	0.703958	0.542265	0.371662	0.191911	0.015572	-0.129175	-0.23306	-0.308254	-0.362499	-0.396262	-0.416348	-0.432394	
-0.355219	-0.254512	-0.114692	0.0582328	0.252496	0.462084	0.663403	0.82986	0.949035	1.01747	1.03922	1.00643	0.917023	0.790497	0.64202	0.479349	0.305218	0.137408	-0.00203991	-0.107166	-0.196599	-0.270701	-0.327402	-0.365853	-0.393016	
-0.299877	-0.202202	-0.0757244	0.0835597	0.266798	0.471537	0.668518	0.829904	0.940301	1.00706	1.03516	1.01961	0.950878	0.843369	0.714332	0.57426	0.427703	0.287952	0.163545	0.0566161	-0.0469822	-0.144308	-0.226426	-0.28898	-0.331263	
-0.235232	-0.136601	-0.0121593	0.138836	0.30897	0.501698	0.691803	0.845243	0.950209	1.00764	1.02932	1.01794	0.963464	0.877913	0.774483	0.665801	0.557798	0.452287	0.344981	0.233195	0.115965	0.00480754	-0.101009	-0.186182	-0.251072	
-0.156175	-0.0595873	0.0599822	0.206031	0.368181	0.545719	0.720277	0.864448	0.964669	1.01677	1.02885	1.01083	0.965176	0.90468	0.834669	0.761255	0.688176	0.613565	0.519149	0.405604	0.283561	0.165425	0.0493181	-0.0597415	-0.14977	
-0.0618623	0.0260833	0.138964	0.278711	0.432924	0.596386	0.748431	0.871176	0.960507	1.00972	1.01829	0.996877	0.959072	0.923875	0.891344	0.853967	0.811717	0.76012	0.680899	0.574673	0.459711	0.3443	0.219953	0.0933078	-0.0237155	
0.0214851	0.111741	0.220927	0.349987	0.492877	0.637399	0.765817	0.862381	0.933578	0.977521	0.99057	0.978135	0.956054	0.9453	0.943821	0.93817	0.921741	0.890538	0.828813	0.738792	0.640227	0.530761	0.400779	0.261169	0.124383	
0.0786096	0.180869	0.289082	0.405945	0.527622	0.648179	0.753348	0.835712	0.897439	0.93925	0.960898	0.964737	0.965407	0.976113	0.990123	0.999113	1.00055	0.988097	0.948315	0.880493	0.803247	0.704607	0.57833	0.435533	0.292871	
0.116624	0.219397	0.322869	0.419914	0.515885	0.612154	0.700767	0.782721	0.855528	0.908893	0.939757	0.957161	0.978052	1.00409	1.02202	1.0282	1.03276	1.03664	1.01945	0.975091	0.918628	0.837339	0.72753	0.600791	0.469432	
