0.0796402	-0.0695534	-0.20476	-0.303749	-0.35929	-0.368971	-0.331178	-0.249908	-0.126328	0.0192934	0.167652	0.292753	0.380485	0.430536	0.429074	0.363467	0.250928	0.115278	-0.020508	-0.143644	-0.227443	-0.253102	-0.206725	-0.103596	0.0419281	
0.222344	0.0742879	-0.0631719	-0.172208	-0.235541	-0.245904	-0.204485	-0.110857	0.016893	0.163274	0.308372	0.425514	0.49125	0.514675	0.486495	0.404496	0.283247	0.148494	0.0113414	-0.117108	-0.210592	-0.240389	-0.194812	-0.0821326	0.0667202	
0.374657	0.226094	0.0854109	-0.0399984	-0.118929	-0.131644	-0.0796454	0.0330616	0.167872	0.31592	0.456728	0.561267	0.605707	0.595566	0.539386	0.433371	0.300358	0.158486	0.0160663	-0.108412	-0.194796	-0.217307	-0.168988	-0.055242	0.0974693	
0.513172	0.37068	0.230712	0.096208	0.0058737	-0.0102427	0.0523691	0.175733	0.313903	0.457376	0.588702	0.675565	0.700073	0.660952	0.581641	0.461648	0.318518	0.167248	0.0214449	-0.095762	-0.169451	-0.186213	-0.136735	-0.0247877	0.130794	
0.623143	0.490921	0.348303	0.219108	0.127979	0.110319	0.176464	0.293987	0.433791	0.572844	0.688157	0.75575	0.759591	0.707733	0.616637	0.492148	0.344901	0.18537	0.0381853	-0.077391	-0.143484	-0.149702	-0.0947723	0.0126236	0.164857	
0.685284	0.565205	0.430473	0.310242	0.22229	0.204661	0.269514	0.379485	0.511078	0.640817	0.739928	0.791512	0.787179	0.735194	0.648024	0.532777	0.386846	0.221998	0.0742521	-0.0405873	-0.102051	-0.101403	-0.0461831	0.0598019	0.205991	
0.69295	0.587359	0.462486	0.352561	0.270081	0.25504	0.313993	0.416611	0.537169	0.655833	0.738221	0.781485	0.781634	0.743047	0.67006	0.569314	0.429251	0.274379	0.138273	0.0338013	-0.0236736	-0.020856	0.0344762	0.142064	0.278083	
0.653121	0.552193	0.434905	0.334463	0.268827	0.256921	0.302794	0.392059	0.504284	0.617624	0.692492	0.728654	0.739327	0.717467	0.669781	0.591549	0.47412	0.34842	0.234934	0.148719	0.107701	0.118099	0.172925	0.263486	0.377615	
0.564824	0.465183	0.353169	0.261371	0.204526	0.193778	0.233684	0.313187	0.419661	0.528675	0.606423	0.650437	0.670306	0.66787	0.648529	0.603104	0.526823	0.43756	0.356996	0.296125	0.276985	0.303801	0.355687	0.421032	0.489416	
0.450603	0.354259	0.248394	0.157415	0.0996292	0.0882485	0.129289	0.209103	0.311853	0.41496	0.495487	0.554985	0.597901	0.620478	0.630181	0.618859	0.590691	0.549774	0.507341	0.474061	0.469596	0.504489	0.550223	0.587962	0.600474	
0.335805	0.241456	0.141595	0.0537322	0.00095652	-0.00845022	0.0272971	0.104438	0.200136	0.301128	0.381941	0.450248	0.514688	0.56603	0.609897	0.641404	0.665227	0.672652	0.665527	0.659254	0.66404	0.692315	0.721851	0.731917	0.701458	
0.234449	0.144428	0.0542398	-0.0222434	-0.071247	-0.0805728	-0.0456896	0.0220288	0.106913	0.199936	0.281795	0.354683	0.426691	0.498199	0.578582	0.662675	0.739347	0.785758	0.804122	0.812338	0.825348	0.842275	0.850321	0.832218	0.766379	
0.158193	0.0810783	0.00357623	-0.0667284	-0.118423	-0.128564	-0.0905969	-0.0258464	0.0498914	0.127546	0.202057	0.27844	0.358963	0.447012	0.554324	0.678965	0.795414	0.874232	0.913886	0.92783	0.938087	0.943268	0.931475	0.882763	0.782329	
0.117416	0.0491185	-0.0218341	-0.0904252	-0.137511	-0.145548	-0.113178	-0.0502793	0.0205171	0.0911365	0.156151	0.230343	0.323158	0.428384	0.5571	0.703503	0.838754	0.941784	1.00271	1.02615	1.02677	1.0076	0.966009	0.890661	0.76671	
0.107948	0.0369877	-0.0359882	-0.0989874	-0.140415	-0.148046	-0.118707	-0.0631196	0.0069858	0.0800453	0.149457	0.228122	0.324092	0.442718	0.591635	0.749802	0.89431	1.00672	1.07926	1.10709	1.0922	1.04678	0.975928	0.881259	0.743213	
0.103932	0.0305159	-0.0419702	-0.103621	-0.14501	-0.153001	-0.123576	-0.0674981	0.000279093	0.0743642	0.152497	0.242504	0.347013	0.479568	0.641739	0.811933	0.957051	1.06774	1.13157	1.14885	1.1248	1.06318	0.972567	0.866398	0.727764	
0.08603	0.0136099	-0.059341	-0.117314	-0.155919	-0.162903	-0.136089	-0.0846106	-0.015495	0.0558817	0.136247	0.236434	0.360103	0.518886	0.693403	0.865753	1.00588	1.10611	1.15734	1.15558	1.1185	1.05099	0.959993	0.856246	0.724409	
0.0332394	-0.0448747	-0.111936	-0.157847	-0.188574	-0.194213	-0.172602	-0.132627	-0.0730127	-0.000250849	0.0896156	0.203337	0.348839	0.530941	0.722191	0.896849	1.02517	1.10702	1.13608	1.11655	1.06673	0.999097	0.927229	0.839288	0.722104	
-0.0616936	-0.14991	-0.205773	-0.239936	-0.267171	-0.272165	-0.252509	-0.220488	-0.176127	-0.100604	0.00657062	0.141635	0.305359	0.500236	0.704946	0.887259	1.00417	1.05769	1.05967	1.02728	0.969175	0.907505	0.853755	0.794078	0.708495	
-0.198902	-0.286975	-0.337376	-0.365074	-0.388315	-0.393419	-0.375133	-0.34998	-0.31127	-0.238542	-0.126773	0.0221401	0.201368	0.404654	0.617293	0.803928	0.919822	0.956301	0.941007	0.897693	0.835592	0.778008	0.739345	0.708993	0.670369	
-0.363979	-0.44784	-0.495518	-0.522401	-0.542	-0.546234	-0.531323	-0.507246	-0.470558	-0.40221	-0.292761	-0.142855	0.0359224	0.239166	0.451817	0.639986	0.759053	0.797486	0.780777	0.734005	0.675891	0.629052	0.604059	0.607212	0.620499	
-0.540526	-0.61644	-0.650899	-0.672277	-0.689574	-0.69287	-0.680802	-0.658751	-0.633722	-0.57717	-0.471573	-0.329673	-0.165551	0.0281332	0.242475	0.432508	0.554701	0.604307	0.599782	0.561143	0.514174	0.482876	0.478277	0.509636	0.562225	
-0.701162	-0.75895	-0.775515	-0.784225	-0.793811	-0.796348	-0.78845	-0.7783	-0.769011	-0.730965	-0.642345	-0.514138	-0.360281	-0.175128	0.0350873	0.220762	0.34897	0.40777	0.422314	0.408273	0.37826	0.36073	0.376528	0.4278	0.504295	
-0.818592	-0.849405	-0.841834	-0.829964	-0.82508	-0.823895	-0.82749	-0.835665	-0.850017	-0.835434	-0.778614	-0.674086	-0.524879	-0.344451	-0.150271	0.0289899	0.165476	0.24077	0.274637	0.285459	0.270871	0.261119	0.287083	0.351782	0.437539	
-0.875026	-0.86842	-0.826832	-0.784486	-0.761915	-0.758455	-0.772843	-0.808454	-0.854394	-0.877093	-0.858457	-0.786645	-0.658209	-0.490906	-0.308098	-0.134404	0.0134923	0.107297	0.160863	0.185654	0.182668	0.17758	0.20673	0.27712	0.369337	
-0.868708	-0.811299	-0.729094	-0.653631	-0.607172	-0.59934	-0.630971	-0.695727	-0.779987	-0.850313	-0.879881	-0.848501	-0.754829	-0.609188	-0.434376	-0.262436	-0.112252	0.000508983	0.0697969	0.0995243	0.106673	0.111761	0.136915	0.200223	0.292875	
-0.811299	-0.70135	-0.576461	-0.465449	-0.391731	-0.377976	-0.43059	-0.528493	-0.651578	-0.771826	-0.85404	-0.86607	-0.803123	-0.677926	-0.515859	-0.348967	-0.201733	-0.0818543	-0.00354155	0.0266781	0.0334943	0.0434648	0.064777	0.114874	0.199587	
-0.729094	-0.576461	-0.409893	-0.259181	-0.163324	-0.146444	-0.212467	-0.345567	-0.509763	-0.671984	-0.796963	-0.846573	-0.810344	-0.70555	-0.559948	-0.39885	-0.25411	-0.144487	-0.0754559	-0.0458785	-0.0385574	-0.0294803	-0.00786269	0.0298589	0.101804	
-0.653631	-0.465449	-0.259181	-0.0718365	0.0441689	0.0644863	-0.014687	-0.1792	-0.383649	-0.58253	-0.741429	-0.823097	-0.812275	-0.722714	-0.585875	-0.425195	-0.284717	-0.185437	-0.129952	-0.10647	-0.10087	-0.0951593	-0.07862	-0.0430464	0.0191531	
-0.607172	-0.391731	-0.163324	0.0441689	0.176774	0.200781	0.108952	-0.0750277	-0.300238	-0.525589	-0.70958	-0.811433	-0.817363	-0.737855	-0.604286	-0.446847	-0.311488	-0.213746	-0.164404	-0.148466	-0.141732	-0.139149	-0.129295	-0.0935437	-0.0309205	
-0.59934	-0.377976	-0.146444	0.0644863	0.200781	0.224675	0.130933	-0.0567475	-0.284715	-0.515464	-0.704831	-0.809307	-0.818367	-0.741357	-0.607767	-0.45203	-0.316539	-0.218879	-0.170698	-0.156299	-0.149217	-0.147	-0.138988	-0.103514	-0.0396348	
-0.630971	-0.43059	-0.212467	-0.014687	0.108952	0.130933	0.0455181	-0.127691	-0.343698	-0.555358	-0.725502	-0.817183	-0.814405	-0.729711	-0.594803	-0.434759	-0.296902	-0.198423	-0.146822	-0.126664	-0.120672	-0.116289	-0.102346	-0.0664776	-0.0059888	
-0.695727	-0.528493	-0.345567	-0.1792	-0.0750277	-0.0567475	-0.127691	-0.274847	-0.455573	-0.633088	-0.772207	-0.835905	-0.810132	-0.712012	-0.570549	-0.410701	-0.267212	-0.163092	-0.0996285	-0.0712766	-0.0645024	-0.0576045	-0.0370225	-0.00101203	0.0668288	
-0.779987	-0.651578	-0.509763	-0.383649	-0.300238	-0.284715	-0.343698	-0.455573	-0.595046	-0.732384	-0.833625	-0.861776	-0.809355	-0.692499	-0.537181	-0.372996	-0.227101	-0.109123	-0.0324652	-0.00263673	0.0031692	0.0141031	0.0357135	0.0800896	0.158685	
-0.850313	-0.771826	-0.671984	-0.58253	-0.525589	-0.515464	-0.555358	-0.633088	-0.732384	-0.823704	-0.874258	-0.860327	-0.779776	-0.64309	-0.472312	-0.301817	-0.152045	-0.0352471	0.0392936	0.0695513	0.0775607	0.0854791	0.108599	0.16673	0.258655	
-0.879881	-0.85404	-0.796963	-0.741429	-0.70958	-0.704831	-0.725502	-0.772207	-0.833625	-0.874258	-0.8739	-0.817652	-0.702227	-0.543277	-0.363623	-0.190629	-0.0408615	0.0616457	0.121311	0.149334	0.151544	0.150185	0.178175	0.24682	0.33992	
-0.848501	-0.86607	-0.846573	-0.823097	-0.811433	-0.809307	-0.817183	-0.835905	-0.861776	-0.860327	-0.817652	-0.725458	-0.582154	-0.405121	-0.21618	-0.0400788	0.101349	0.183747	0.226046	0.243922	0.233755	0.224997	0.25322	0.322181	0.410765	
-0.754829	-0.803123	-0.810344	-0.812275	-0.817363	-0.818367	-0.814405	-0.810132	-0.809355	-0.779776	-0.702227	-0.582154	-0.429827	-0.246783	-0.0426478	0.141231	0.271973	0.336609	0.358362	0.354896	0.332599	0.319104	0.340108	0.397049	0.478127	
-0.609188	-0.677926	-0.70555	-0.722714	-0.737855	-0.741357	-0.729711	-0.712012	-0.692499	-0.64309	-0.543277	-0.405121	-0.246783	-0.0569561	0.157498	0.3464	0.471431	0.524277	0.527777	0.497014	0.455398	0.430765	0.434737	0.474982	0.539177	
-0.434376	-0.515859	-0.559948	-0.585875	-0.604286	-0.607767	-0.594803	-0.570549	-0.537181	-0.472312	-0.363623	-0.21618	-0.0426478	0.157498	0.370085	0.55968	0.679468	0.722055	0.708925	0.663955	0.609737	0.568624	0.551084	0.566575	0.598153	
-0.262436	-0.348967	-0.39885	-0.425195	-0.446847	-0.45203	-0.434759	-0.410701	-0.372996	-0.301817	-0.190629	-0.0400788	0.141231	0.3464	0.55968	0.747073	0.864036	0.899758	0.881558	0.835624	0.774026	0.719094	0.686521	0.669207	0.651087	
-0.112252	-0.201733	-0.25411	-0.284717	-0.311488	-0.316539	-0.296902	-0.267212	-0.227101	-0.152045	-0.0408615	0.101349	0.271973	0.471431	0.679468	0.864036	0.978962	1.02353	1.01713	0.979721	0.919274	0.859856	0.812203	0.764614	0.69595	
0.000508983	-0.0818543	-0.144487	-0.185437	-0.213746	-0.218879	-0.198423	-0.163092	-0.109123	-0.0352471	0.0616457	0.183747	0.336609	0.524277	0.722055	0.899758	1.02353	1.09354	1.11175	1.08666	1.03338	0.966954	0.902606	0.825124	0.719253	
0.0697969	-0.00354155	-0.0754559	-0.129952	-0.164404	-0.170698	-0.146822	-0.0996285	-0.0324652	0.0392936	0.121311	0.226046	0.358362	0.527777	0.708925	0.881558	1.01713	1.11175	1.1557	1.14595	1.10286	1.03543	0.951065	0.851988	0.723562	
0.0995243	0.0266781	-0.0458785	-0.10647	-0.148466	-0.156299	-0.126664	-0.0712766	-0.00263673	0.0695513	0.149334	0.243922	0.354896	0.497014	0.663955	0.835624	0.979721	1.08666	1.14595	1.15673	1.12806	1.06213	0.968443	0.861531	0.72599	
0.106673	0.0334943	-0.0385574	-0.10087	-0.141732	-0.149217	-0.120672	-0.0645024	0.0031692	0.0775607	0.151544	0.233755	0.332599	0.455398	0.609737	0.774026	0.919274	1.03338	1.10286	1.12806	1.10938	1.05604	0.976129	0.874873	0.734311	
0.111761	0.0434648	-0.0294803	-0.0951593	-0.139149	-0.147	-0.116289	-0.0576045	0.0141031	0.0854791	0.150185	0.224997	0.319104	0.430765	0.568624	0.719094	0.859856	0.966954	1.03543	1.06213	1.05604	1.02628	0.972104	0.888304	0.758255	
0.136915	0.064777	-0.00786269	-0.07862	-0.129295	-0.138988	-0.102346	-0.0370225	0.0357135	0.108599	0.178175	0.25322	0.340108	0.434737	0.551084	0.686521	0.812203	0.902606	0.951065	0.968443	0.976129	0.972104	0.949465	0.889293	0.778328	
0.200223	0.114874	0.0298589	-0.0430464	-0.0935437	-0.103514	-0.0664776	-0.00101203	0.0800896	0.16673	0.24682	0.322181	0.397049	0.474982	0.566575	0.669207	0.764614	0.825124	0.851988	0.861531	0.874873	0.888304	0.889293	0.859162	0.777751	
0.292875	0.199587	0.101804	0.0191531	-0.0309205	-0.0396348	-0.0059888	0.0668288	0.158685	0.258655	0.33992	0.410765	0.478127	0.539177	0.598153	0.651087	0.69595	0.719253	0.723562	0.72599	0.734311	0.758255	0.778328	0.777751	0.733502	
