-0.318703	-0.3594	-0.395634	-0.425708	-0.443857	-0.446025	-0.434685	-0.40879	-0.373628	-0.337215	-0.281639	-0.195353	-0.0816867	0.0608069	0.22315	0.400774	0.584218	0.758593	0.896312	0.982498	1.00367	0.955084	0.860375	0.736865	0.58894	
-0.236212	-0.278356	-0.315095	-0.351393	-0.373198	-0.375401	-0.362853	-0.330321	-0.292741	-0.25507	-0.202384	-0.123905	-0.0112054	0.127831	0.294287	0.484798	0.678494	0.859033	0.996214	1.07606	1.09597	1.05583	0.965859	0.837833	0.688484	
-0.153239	-0.18976	-0.224496	-0.261322	-0.290201	-0.294527	-0.275207	-0.239205	-0.203392	-0.168719	-0.124904	-0.0508212	0.0641102	0.20842	0.377899	0.568809	0.762157	0.93965	1.07397	1.15287	1.16787	1.13422	1.053	0.925615	0.77396	
-0.0872376	-0.117576	-0.14682	-0.178021	-0.20821	-0.214647	-0.191282	-0.158212	-0.130098	-0.0992695	-0.062835	0.00593886	0.121704	0.271331	0.440375	0.626762	0.810963	0.976025	1.10195	1.18211	1.20145	1.17457	1.10275	0.988041	0.845667	
-0.0454796	-0.0779279	-0.10123	-0.121274	-0.144012	-0.148432	-0.130671	-0.109166	-0.0881845	-0.0598709	-0.0211905	0.0420113	0.148752	0.292428	0.452242	0.629507	0.804382	0.951954	1.0669	1.14392	1.17842	1.17174	1.11526	1.01647	0.890054	
-0.0504163	-0.0792918	-0.093815	-0.097356	-0.104496	-0.105706	-0.0999148	-0.0955222	-0.0865215	-0.0640694	-0.0252059	0.0348646	0.127871	0.2544	0.400068	0.564174	0.725257	0.862387	0.968844	1.04714	1.1001	1.11897	1.09209	1.01453	0.899354	
-0.0943546	-0.113527	-0.115556	-0.108483	-0.101178	-0.0987004	-0.105627	-0.113338	-0.115644	-0.105089	-0.0698218	-0.0125002	0.0662952	0.168098	0.290548	0.431379	0.574172	0.703846	0.813741	0.905455	0.978193	1.01939	1.02227	0.96983	0.875451	
-0.156249	-0.164597	-0.158519	-0.141217	-0.122717	-0.118261	-0.132928	-0.152903	-0.163007	-0.163162	-0.134812	-0.0797543	-0.0161993	0.0617451	0.158565	0.272448	0.394012	0.51444	0.62615	0.725259	0.809995	0.867205	0.89153	0.872475	0.812706	
-0.204854	-0.213738	-0.205042	-0.183603	-0.15844	-0.152524	-0.172967	-0.198222	-0.211439	-0.212747	-0.183133	-0.136697	-0.091639	-0.03822	0.0313352	0.116839	0.213157	0.313653	0.416526	0.51296	0.600517	0.672453	0.726363	0.743259	0.727443	
-0.222628	-0.236078	-0.226979	-0.204497	-0.181555	-0.176327	-0.195072	-0.218829	-0.234307	-0.231512	-0.202674	-0.168358	-0.14325	-0.115396	-0.0741881	-0.0171716	0.0495697	0.124157	0.204903	0.294474	0.384109	0.470257	0.555029	0.615518	0.643674	
-0.209769	-0.219144	-0.207438	-0.188552	-0.174139	-0.171248	-0.182474	-0.199774	-0.216386	-0.216249	-0.195939	-0.176367	-0.16784	-0.16048	-0.148802	-0.125412	-0.0853881	-0.0368769	0.0206534	0.0999831	0.189898	0.288509	0.396557	0.494083	0.567055	
-0.165986	-0.170117	-0.161581	-0.155369	-0.152245	-0.151978	-0.153903	-0.158019	-0.167846	-0.169312	-0.159423	-0.15443	-0.158499	-0.168625	-0.183646	-0.194973	-0.186601	-0.160159	-0.117529	-0.050893	0.0328232	0.135627	0.255877	0.376476	0.484739	
-0.095284	-0.099808	-0.10453	-0.117262	-0.128317	-0.129466	-0.123069	-0.108135	-0.101787	-0.0967044	-0.0939993	-0.0961489	-0.110243	-0.133347	-0.163126	-0.194453	-0.215766	-0.211753	-0.183234	-0.130533	-0.0695238	0.014608	0.12525	0.252941	0.383949	
-0.0046099	-0.0140322	-0.0372305	-0.0722274	-0.0975824	-0.102564	-0.084237	-0.0509915	-0.0213353	-0.00623625	-0.00468684	-0.00955137	-0.0279456	-0.0586634	-0.0925665	-0.128533	-0.161697	-0.178585	-0.165596	-0.134258	-0.104929	-0.0606535	0.0149746	0.129016	0.269195	
0.0883708	0.072843	0.0373453	-0.0108234	-0.0480276	-0.0539483	-0.0287953	0.018355	0.0605386	0.085002	0.088364	0.0799362	0.0639625	0.0385896	0.00896982	-0.0190041	-0.0525861	-0.0775028	-0.0843792	-0.0862747	-0.0951105	-0.097868	-0.0670637	0.0200207	0.160291	
0.165362	0.144188	0.105255	0.0596965	0.019405	0.0108024	0.0420314	0.08784	0.129913	0.15984	0.167205	0.161036	0.150218	0.139583	0.126217	0.106705	0.0764582	0.0466671	0.017854	-0.0178446	-0.0685635	-0.113013	-0.120825	-0.0625289	0.0668576	
0.206983	0.180829	0.148314	0.11374	0.0780949	0.0702085	0.0982391	0.135375	0.16828	0.197237	0.216047	0.220466	0.224335	0.233643	0.238408	0.232975	0.20484	0.162549	0.11087	0.0387988	-0.0490961	-0.131513	-0.16883	-0.131973	-0.0143091	
0.221592	0.188733	0.158109	0.133801	0.109801	0.104942	0.12349	0.148213	0.175926	0.208352	0.241038	0.268855	0.295597	0.323194	0.343984	0.350293	0.32142	0.264307	0.182268	0.0802557	-0.0350133	-0.144766	-0.202586	-0.178851	-0.074735	
0.229887	0.182861	0.143474	0.120647	0.109892	0.108959	0.11549	0.132144	0.165394	0.210538	0.261754	0.313349	0.359721	0.3988	0.429571	0.443422	0.41255	0.340565	0.236122	0.115258	-0.0135842	-0.134278	-0.208957	-0.204208	-0.117225	
0.226079	0.167521	0.122396	0.101555	0.097324	0.0984998	0.0985766	0.110798	0.147244	0.200883	0.266669	0.334013	0.391676	0.437148	0.474278	0.494653	0.464013	0.384357	0.273315	0.14697	0.0184191	-0.102605	-0.187893	-0.208182	-0.150523	
0.197694	0.138454	0.101998	0.0859475	0.080391	0.0798962	0.0825303	0.0939527	0.120836	0.171362	0.241369	0.315194	0.379974	0.430722	0.470858	0.491792	0.464187	0.389732	0.283808	0.167887	0.0465186	-0.0678184	-0.153578	-0.191767	-0.167548	
0.152196	0.101797	0.0813002	0.0758859	0.0693286	0.0675143	0.0733282	0.0787271	0.09014	0.128367	0.192777	0.264807	0.332742	0.392813	0.437099	0.455675	0.433433	0.367322	0.275459	0.176505	0.0692637	-0.0350398	-0.12015	-0.168476	-0.16917	
0.0983754	0.0648941	0.0616456	0.0700436	0.0740486	0.0746193	0.0722882	0.0651677	0.059973	0.0811979	0.129875	0.192092	0.263733	0.334579	0.388522	0.412973	0.395379	0.337297	0.260401	0.179544	0.0926956	-0.0025962	-0.0900564	-0.149023	-0.167995	
0.0451288	0.0334606	0.0428844	0.0593076	0.0741803	0.076781	0.0663725	0.0491598	0.0354466	0.0378974	0.0624974	0.114963	0.18845	0.264881	0.326067	0.356264	0.348276	0.302367	0.243542	0.184178	0.109035	0.0215755	-0.0690772	-0.138415	-0.169381	
0.0049517	0.0106449	0.0281509	0.0434711	0.0545435	0.0567929	0.0484594	0.0347734	0.0169455	0.00512247	0.0127503	0.0544631	0.123741	0.195747	0.253773	0.288801	0.291286	0.265314	0.233341	0.189732	0.121023	0.0320805	-0.0603439	-0.135324	-0.178058	
-0.0110696	-0.00648997	0.00839501	0.0150655	0.0120135	0.0106028	0.0150345	0.0126279	-0.000776651	-0.0110595	-0.00425343	0.0267629	0.0759895	0.131128	0.181421	0.217056	0.230728	0.225173	0.215045	0.18666	0.122464	0.0333628	-0.0604024	-0.140529	-0.195465	
-0.00648997	-0.0175069	-0.0201179	-0.0272464	-0.0401759	-0.0439188	-0.0321597	-0.0216913	-0.0193957	-0.0119729	0.00328084	0.0236914	0.0512242	0.0864672	0.124796	0.157323	0.177652	0.187289	0.186615	0.163534	0.104223	0.0212535	-0.0664978	-0.144152	-0.202712	
0.00839501	-0.0201179	-0.0508294	-0.0745763	-0.0924451	-0.0957647	-0.0832044	-0.0606614	-0.0324143	-0.0021123	0.0209378	0.0371975	0.0535425	0.0736916	0.0929554	0.114617	0.135178	0.153867	0.156294	0.126275	0.0666398	-0.00774007	-0.0791007	-0.139996	-0.191102	
0.0150655	-0.0272464	-0.0745763	-0.112392	-0.133628	-0.137564	-0.12325	-0.0915058	-0.0462048	-0.000321957	0.0335306	0.0538214	0.066695	0.0737465	0.0807544	0.0949739	0.113112	0.131483	0.125828	0.084806	0.0177144	-0.0497449	-0.10096	-0.14065	-0.176502	
0.0120135	-0.0401759	-0.0924451	-0.133628	-0.161945	-0.166397	-0.147197	-0.1105	-0.0620869	-0.00799603	0.0396404	0.0692541	0.0752078	0.070877	0.073762	0.0911306	0.105283	0.113097	0.0945174	0.0451144	-0.0223133	-0.0804474	-0.117376	-0.142567	-0.166288	
0.0106028	-0.0439188	-0.0957647	-0.137564	-0.166397	-0.171334	-0.151259	-0.113732	-0.0657981	-0.0107846	0.0410298	0.0717954	0.0768321	0.0694414	0.0725152	0.0920362	0.105417	0.109616	0.0884059	0.0362261	-0.0291007	-0.0860602	-0.119916	-0.142824	-0.164719	
0.0150345	-0.0321597	-0.0832044	-0.12325	-0.147197	-0.151259	-0.135265	-0.101259	-0.0527751	-0.00264686	0.0367747	0.0611657	0.0708782	0.0728559	0.0776261	0.0921039	0.108957	0.123346	0.112123	0.0677572	-0.00117034	-0.0645849	-0.109126	-0.141852	-0.172041	
0.0126279	-0.0216913	-0.0606614	-0.0915058	-0.1105	-0.113732	-0.101259	-0.0738478	-0.0374214	0.00023144	0.0272175	0.0435034	0.059009	0.073551	0.0867672	0.104251	0.123319	0.143999	0.144922	0.110244	0.0478543	-0.0246339	-0.0868248	-0.138771	-0.184587	
-0.000776651	-0.0193957	-0.0324143	-0.0462048	-0.0620869	-0.0657981	-0.0527751	-0.0374214	-0.0247742	-0.00867516	0.0100333	0.0276625	0.049105	0.0777303	0.108766	0.137263	0.159145	0.172866	0.174673	0.149566	0.0910221	0.0117953	-0.0707424	-0.143339	-0.199625	
-0.0110595	-0.0119729	-0.0021123	-0.000321957	-0.00799603	-0.0107846	-0.00264686	0.00023144	-0.00867516	-0.0131541	-0.00331205	0.0229553	0.0630257	0.109291	0.155792	0.191169	0.208491	0.210015	0.203804	0.179464	0.118386	0.0309293	-0.0617055	-0.143104	-0.200905	
-0.00425343	0.00328084	0.0209378	0.0335306	0.0396404	0.0410298	0.0367747	0.0272175	0.0100333	-0.00331205	0.00224747	0.0394093	0.10214	0.168917	0.223972	0.259932	0.266928	0.249428	0.227888	0.190342	0.123114	0.0333224	-0.0601533	-0.136838	-0.184354	
0.0267629	0.0236914	0.0371975	0.0538214	0.0692541	0.0717954	0.0611657	0.0435034	0.0276625	0.0229553	0.0394093	0.0876683	0.161074	0.23725	0.298833	0.330402	0.326334	0.287822	0.239697	0.187065	0.114411	0.0267796	-0.0637839	-0.135615	-0.171588	
0.0759895	0.0512242	0.0535425	0.066695	0.0752078	0.0768321	0.0708782	0.059009	0.049105	0.0630257	0.10214	0.161074	0.233184	0.30719	0.364534	0.392048	0.377608	0.32366	0.252763	0.181023	0.0998756	0.00906094	-0.0802878	-0.144209	-0.168603	
0.131128	0.0864672	0.0736916	0.0737465	0.070877	0.0694414	0.0728559	0.073551	0.0777303	0.109291	0.168917	0.23725	0.30719	0.371277	0.418856	0.439734	0.41969	0.356092	0.270039	0.177799	0.079502	-0.0214272	-0.107515	-0.159957	-0.168661	
0.181421	0.124796	0.0929554	0.0807544	0.073762	0.0725152	0.0776261	0.0867672	0.108766	0.155792	0.223972	0.298833	0.364534	0.418856	0.459681	0.47868	0.453203	0.381989	0.281234	0.172441	0.0552137	-0.0546834	-0.139966	-0.182184	-0.16878	
0.217056	0.157323	0.114617	0.0949739	0.0911306	0.0920362	0.0921039	0.104251	0.137263	0.191169	0.259932	0.330402	0.392048	0.439734	0.47868	0.500287	0.469885	0.391695	0.281606	0.157406	0.0306965	-0.0885141	-0.174965	-0.203844	-0.159813	
0.230728	0.177652	0.135178	0.113112	0.105283	0.105417	0.108957	0.123319	0.159145	0.208491	0.266928	0.326334	0.377608	0.41969	0.453203	0.469885	0.439005	0.361982	0.253268	0.1281	-0.00149569	-0.122675	-0.203259	-0.208649	-0.131947	
0.225173	0.187289	0.153867	0.131483	0.113097	0.109616	0.123346	0.143999	0.172866	0.210015	0.249428	0.287822	0.32366	0.356092	0.381989	0.391695	0.361982	0.298638	0.20506	0.0945363	-0.0278218	-0.144015	-0.208429	-0.190967	-0.0926556	
0.215045	0.186615	0.156294	0.125828	0.0945174	0.0884059	0.112123	0.144922	0.174673	0.203804	0.227888	0.239697	0.252763	0.270039	0.281234	0.281606	0.253268	0.20506	0.142406	0.0571202	-0.0436695	-0.138947	-0.185338	-0.154087	-0.0412798	
0.18666	0.163534	0.126275	0.084806	0.0451144	0.0362261	0.0677572	0.110244	0.149566	0.179464	0.190342	0.187065	0.181023	0.177799	0.172441	0.157406	0.1281	0.0945363	0.0571202	0.00682739	-0.0593344	-0.119776	-0.140155	-0.0920184	0.032445	
0.122464	0.104223	0.0666398	0.0177144	-0.0223133	-0.0291007	-0.00117034	0.0478543	0.0910221	0.118386	0.123114	0.114411	0.0998756	0.079502	0.0552137	0.0306965	-0.00149569	-0.0278218	-0.0436695	-0.0593344	-0.0850588	-0.1048	-0.0908067	-0.0161057	0.121902	
0.0333628	0.0212535	-0.00774007	-0.0497449	-0.0804474	-0.0860602	-0.0645849	-0.0246339	0.0117953	0.0309293	0.0333224	0.0267796	0.00906094	-0.0214272	-0.0546834	-0.0885141	-0.122675	-0.144015	-0.138947	-0.119776	-0.1048	-0.0795747	-0.0215783	0.0828816	0.223906	
-0.0604024	-0.0664978	-0.0791007	-0.10096	-0.117376	-0.119916	-0.109126	-0.0868248	-0.0707424	-0.0617055	-0.0601533	-0.0637839	-0.0802878	-0.107515	-0.139966	-0.174965	-0.203259	-0.208429	-0.185338	-0.140155	-0.0908067	-0.0215783	0.0779649	0.20232	0.338484	
-0.140529	-0.144152	-0.139996	-0.14065	-0.142567	-0.142824	-0.141852	-0.138771	-0.143339	-0.143104	-0.136838	-0.135615	-0.144209	-0.159957	-0.182184	-0.203844	-0.208649	-0.190967	-0.154087	-0.0920184	-0.0161057	0.0828816	0.20232	0.327807	0.447063	
-0.195465	-0.202712	-0.191102	-0.176502	-0.166288	-0.164719	-0.172041	-0.184587	-0.199625	-0.200905	-0.184354	-0.171588	-0.168603	-0.168661	-0.16878	-0.159813	-0.131947	-0.0926556	-0.0412798	0.032445	0.121902	0.223906	0.338484	0.447063	0.535636	
