0.534177	0.577365	0.585714	0.57727	0.548247	0.492814	0.42184	0.354841	0.312418	0.301112	0.324008	0.378534	0.459832	0.538221	0.594159	0.602058	0.547103	0.44442	0.308128	0.137598	-0.0595077	-0.25324	-0.415017	-0.535045	-0.613519	
0.577365	0.665959	0.705493	0.701295	0.659524	0.58314	0.492564	0.413837	0.359973	0.335726	0.347263	0.400448	0.478197	0.554153	0.59903	0.598268	0.537699	0.42977	0.292532	0.119859	-0.0827791	-0.275335	-0.426991	-0.534772	-0.604254	
0.585714	0.705493	0.761833	0.753638	0.700927	0.60988	0.508637	0.423258	0.369969	0.349448	0.363789	0.421795	0.500079	0.568764	0.607501	0.597334	0.534024	0.41965	0.27151	0.0984817	-0.0984023	-0.283007	-0.426521	-0.519741	-0.578146	
0.57727	0.701295	0.753638	0.738043	0.676107	0.579955	0.476574	0.393099	0.350907	0.345815	0.371091	0.427776	0.50331	0.5743	0.612147	0.600643	0.534562	0.411454	0.255234	0.0822374	-0.102742	-0.273497	-0.409995	-0.495855	-0.548283	
0.548247	0.659524	0.700927	0.676107	0.604512	0.513678	0.412219	0.334377	0.307572	0.324507	0.364703	0.425546	0.498584	0.567551	0.60067	0.590796	0.527385	0.40558	0.252975	0.0856371	-0.0872181	-0.245567	-0.366186	-0.450168	-0.501329	
0.492814	0.58314	0.60988	0.579955	0.513678	0.425805	0.327495	0.258264	0.246287	0.282681	0.341253	0.410374	0.485141	0.546107	0.578915	0.574317	0.518748	0.413435	0.273309	0.117599	-0.0445663	-0.190201	-0.301775	-0.383352	-0.438089	
0.42184	0.492564	0.508637	0.476574	0.412219	0.327495	0.244864	0.191524	0.19168	0.235569	0.306468	0.380928	0.457139	0.524052	0.562595	0.564586	0.524577	0.44264	0.32057	0.178452	0.0253698	-0.110939	-0.221475	-0.306169	-0.370334	
0.354841	0.413837	0.423258	0.393099	0.334377	0.258264	0.191524	0.153041	0.162533	0.207652	0.278028	0.358153	0.446553	0.524956	0.570407	0.582656	0.557641	0.489217	0.384049	0.251975	0.106822	-0.0296347	-0.133881	-0.215746	-0.292152	
0.312418	0.359973	0.369969	0.350907	0.307572	0.246287	0.19168	0.162533	0.168995	0.209105	0.277722	0.366451	0.461728	0.548492	0.608621	0.633132	0.620321	0.560285	0.463089	0.336443	0.194782	0.0579329	-0.0508487	-0.146068	-0.239205	
0.301112	0.335726	0.349448	0.345815	0.324507	0.282681	0.235569	0.207652	0.209105	0.244788	0.309807	0.405017	0.509894	0.612873	0.684391	0.711975	0.700093	0.643556	0.547955	0.424567	0.286395	0.146892	0.0221082	-0.0971122	-0.212512	
0.324008	0.347263	0.363789	0.371091	0.364703	0.341253	0.306468	0.278028	0.277722	0.309807	0.381197	0.484142	0.597915	0.710736	0.786868	0.807864	0.787638	0.726885	0.630729	0.511371	0.372908	0.226725	0.0826888	-0.0537335	-0.196409	
0.378534	0.400448	0.421795	0.427776	0.425546	0.410374	0.380928	0.358153	0.366451	0.405017	0.484142	0.593496	0.720466	0.836395	0.904819	0.914196	0.880346	0.810512	0.704853	0.583492	0.447955	0.296846	0.138484	-0.0213606	-0.187582	
0.459832	0.478197	0.500079	0.50331	0.498584	0.485141	0.457139	0.446553	0.461728	0.509894	0.597915	0.720466	0.850456	0.957083	1.01128	1.01035	0.964187	0.881639	0.77205	0.650746	0.509936	0.35325	0.188683	0.0113454	-0.177422	
0.538221	0.554153	0.568764	0.5743	0.567551	0.546107	0.524052	0.524956	0.548492	0.612873	0.710736	0.836395	0.957083	1.04722	1.0862	1.07834	1.02689	0.939913	0.838387	0.717656	0.565195	0.400541	0.229037	0.0461639	-0.148359	
0.594159	0.59903	0.607501	0.612147	0.60067	0.578915	0.562595	0.570407	0.608621	0.684391	0.786868	0.904819	1.01128	1.0862	1.11725	1.11051	1.06814	0.986649	0.890128	0.769991	0.611486	0.443173	0.267973	0.088286	-0.102662	
0.602058	0.598268	0.597334	0.600643	0.590796	0.574317	0.564586	0.582656	0.633132	0.711975	0.807864	0.914196	1.01035	1.07834	1.11051	1.11342	1.08168	1.01081	0.916147	0.793913	0.640802	0.472957	0.305459	0.135121	-0.046184	
0.547103	0.537699	0.534024	0.534562	0.527385	0.518748	0.524577	0.557641	0.620321	0.700093	0.787638	0.880346	0.964187	1.02689	1.06814	1.08168	1.05608	0.991361	0.89856	0.782781	0.64096	0.484341	0.333069	0.182099	0.0305929	
0.44442	0.42977	0.41965	0.411454	0.40558	0.413435	0.44264	0.489217	0.560285	0.643556	0.726885	0.810512	0.881639	0.939913	0.986649	1.01081	0.991361	0.931594	0.840724	0.72864	0.603269	0.477253	0.35328	0.230137	0.121774	
0.308128	0.292532	0.27151	0.255234	0.252975	0.273309	0.32057	0.384049	0.463089	0.547955	0.630729	0.704853	0.77205	0.838387	0.890128	0.916147	0.89856	0.840724	0.753859	0.647211	0.544468	0.453623	0.365208	0.283061	0.227245	
0.137598	0.119859	0.0984817	0.0822374	0.0856371	0.117599	0.178452	0.251975	0.336443	0.424567	0.511371	0.583492	0.650746	0.717656	0.769991	0.793913	0.782781	0.72864	0.647211	0.561511	0.487492	0.42932	0.386515	0.362064	0.362382	
-0.0595077	-0.0827791	-0.0984023	-0.102742	-0.0872181	-0.0445663	0.0253698	0.106822	0.194782	0.286395	0.372908	0.447955	0.509936	0.565195	0.611486	0.640802	0.64096	0.603269	0.544468	0.487492	0.446697	0.424569	0.429788	0.467609	0.526284	
-0.25324	-0.275335	-0.283007	-0.273497	-0.245567	-0.190201	-0.110939	-0.0296347	0.0579329	0.146892	0.226725	0.296846	0.35325	0.400541	0.443173	0.472957	0.484341	0.477253	0.453623	0.42932	0.424569	0.445278	0.492445	0.582365	0.696389	
-0.415017	-0.426991	-0.426521	-0.409995	-0.366186	-0.301775	-0.221475	-0.133881	-0.0508487	0.0221082	0.0826888	0.138484	0.188683	0.229037	0.267973	0.305459	0.333069	0.35328	0.365208	0.386515	0.429788	0.492445	0.583567	0.711251	0.864609	
-0.535045	-0.534772	-0.519741	-0.495855	-0.450168	-0.383352	-0.306169	-0.215746	-0.146068	-0.0971122	-0.0537335	-0.0213606	0.0113454	0.0461639	0.088286	0.135121	0.182099	0.230137	0.283061	0.362064	0.467609	0.582365	0.711251	0.865695	1.031	
-0.613519	-0.604254	-0.578146	-0.548283	-0.501329	-0.438089	-0.370334	-0.292152	-0.239205	-0.212512	-0.196409	-0.187582	-0.177422	-0.148359	-0.102662	-0.046184	0.0305929	0.121774	0.227245	0.362382	0.526284	0.696389	0.864609	1.031	1.20068	
-0.637232	-0.628742	-0.600883	-0.566815	-0.524767	-0.469895	-0.41488	-0.366708	-0.33812	-0.330639	-0.334197	-0.343134	-0.349661	-0.333004	-0.285294	-0.215196	-0.104702	0.0402492	0.201407	0.380348	0.58428	0.801831	1.00353	1.18594	1.35222	
-0.621547	-0.61545	-0.594188	-0.562165	-0.529045	-0.491891	-0.454526	-0.43418	-0.435854	-0.44739	-0.466104	-0.485501	-0.499956	-0.497562	-0.455097	-0.359487	-0.214618	-0.0267115	0.181014	0.400437	0.642339	0.890275	1.11581	1.31015	1.47355	
-0.589408	-0.58741	-0.571923	-0.548489	-0.5259	-0.503509	-0.488201	-0.499273	-0.526169	-0.551807	-0.578133	-0.607589	-0.628163	-0.639192	-0.59816	-0.48387	-0.310041	-0.0858096	0.159839	0.416605	0.690691	0.964861	1.21076	1.40539	1.55384	
-0.553963	-0.552719	-0.541587	-0.526144	-0.513154	-0.509869	-0.521692	-0.554641	-0.593324	-0.627487	-0.658953	-0.694995	-0.72567	-0.740417	-0.69755	-0.573591	-0.383114	-0.135431	0.14049	0.427219	0.726239	1.01649	1.26882	1.46322	1.60124	
-0.525222	-0.522773	-0.515721	-0.503347	-0.496253	-0.508308	-0.539308	-0.588022	-0.629778	-0.67019	-0.705475	-0.738506	-0.777612	-0.79672	-0.749541	-0.616841	-0.411372	-0.156804	0.127816	0.43393	0.746701	1.03773	1.2845	1.47703	1.61414	
-0.519344	-0.516129	-0.510296	-0.499369	-0.492577	-0.50744	-0.54143	-0.594424	-0.636833	-0.678561	-0.7139	-0.745364	-0.785146	-0.80675	-0.758805	-0.623328	-0.412996	-0.158465	0.12464	0.434586	0.749716	1.041	1.28647	1.47623	1.61315	
-0.541008	-0.539106	-0.529912	-0.51549	-0.505444	-0.510096	-0.531138	-0.570936	-0.611376	-0.648177	-0.681192	-0.717802	-0.752487	-0.768113	-0.723275	-0.595984	-0.400061	-0.148156	0.133961	0.431037	0.73683	1.02795	1.27912	1.47259	1.60952	
-0.575155	-0.574046	-0.560542	-0.540615	-0.522096	-0.50662	-0.50211	-0.523183	-0.556362	-0.586194	-0.614781	-0.64706	-0.671371	-0.684797	-0.644043	-0.525682	-0.343624	-0.10779	0.151547	0.421707	0.706692	0.989014	1.23918	1.43441	1.57734	
-0.609943	-0.60483	-0.586306	-0.55826	-0.528586	-0.497696	-0.468897	-0.461	-0.47371	-0.491946	-0.515047	-0.537938	-0.554052	-0.558482	-0.516496	-0.411923	-0.254008	-0.0510222	0.172364	0.4073	0.66303	0.922063	1.15661	1.35155	1.51014	
-0.633838	-0.626692	-0.601136	-0.566092	-0.528421	-0.479753	-0.429996	-0.394295	-0.37782	-0.377353	-0.387683	-0.401132	-0.412406	-0.401073	-0.354456	-0.275707	-0.151425	0.0125876	0.193833	0.388839	0.608093	0.839425	1.05066	1.23936	1.40516	
-0.629617	-0.61975	-0.59169	-0.559856	-0.513477	-0.452842	-0.389913	-0.323146	-0.278348	-0.259624	-0.252416	-0.251688	-0.248679	-0.224489	-0.177656	-0.117074	-0.0269493	0.0863006	0.214496	0.36816	0.549308	0.740376	0.924044	1.0962	1.26501	
-0.57205	-0.567125	-0.54669	-0.520173	-0.474461	-0.408779	-0.334294	-0.246501	-0.182611	-0.143674	-0.11026	-0.0882573	-0.0644775	-0.0311744	0.0130789	0.0634334	0.120847	0.184074	0.25669	0.35933	0.489779	0.627597	0.771616	0.931343	1.09836	
-0.467757	-0.474963	-0.469435	-0.450366	-0.404156	-0.337188	-0.258131	-0.167702	-0.0895903	-0.0254261	0.0283273	0.0752066	0.118993	0.157634	0.196779	0.238938	0.273638	0.303124	0.330403	0.374062	0.441927	0.523496	0.629953	0.770132	0.93067	
-0.322749	-0.341413	-0.346159	-0.3332	-0.298807	-0.239158	-0.157989	-0.0758944	0.010438	0.094947	0.168463	0.233922	0.289299	0.33354	0.374393	0.405023	0.422476	0.427893	0.418747	0.410242	0.422031	0.459803	0.525486	0.631965	0.764385	
-0.139384	-0.163892	-0.176629	-0.174121	-0.153343	-0.106306	-0.0322404	0.0494955	0.138588	0.229357	0.314346	0.389103	0.447874	0.498677	0.543382	0.57445	0.579383	0.552246	0.507173	0.462696	0.436078	0.430375	0.451877	0.512316	0.594693	
0.0611413	0.0407435	0.0213369	0.00888706	0.0161031	0.0527381	0.117813	0.193885	0.280272	0.370204	0.457932	0.53163	0.597816	0.660683	0.710654	0.736037	0.72899	0.679532	0.604701	0.529466	0.467694	0.42441	0.401659	0.403063	0.425158	
0.24382	0.227676	0.205476	0.187497	0.187412	0.212601	0.265722	0.334222	0.415733	0.501765	0.585945	0.657132	0.724802	0.792725	0.845724	0.871092	0.855285	0.798138	0.712406	0.612984	0.520669	0.44271	0.370894	0.310612	0.277532	
0.394265	0.378474	0.36349	0.352031	0.346504	0.360086	0.397604	0.45122	0.525211	0.609257	0.691424	0.77152	0.839637	0.900832	0.949842	0.9755	0.956957	0.898919	0.809553	0.697702	0.580828	0.469081	0.358892	0.24947	0.161566	
0.510223	0.499054	0.493516	0.490642	0.484528	0.481707	0.49692	0.535197	0.601773	0.682977	0.768192	0.856753	0.935071	0.994606	1.03863	1.05707	1.03434	0.971482	0.879019	0.765453	0.629797	0.484602	0.343056	0.201336	0.0655016	
0.587643	0.581662	0.578407	0.580939	0.572981	0.558907	0.554409	0.577525	0.633578	0.712404	0.804622	0.905241	0.996912	1.06298	1.09946	1.10562	1.07659	1.00861	0.915065	0.795494	0.645052	0.479238	0.316773	0.153527	-0.0179935	
0.604915	0.605185	0.609818	0.613839	0.601409	0.58188	0.568151	0.579217	0.622097	0.700257	0.800532	0.915191	1.01691	1.08843	1.1181	1.11406	1.07756	1.00086	0.904698	0.782851	0.625364	0.457135	0.284408	0.107033	-0.0813993	
0.564353	0.576239	0.589259	0.594594	0.586326	0.563715	0.543287	0.547591	0.577107	0.646934	0.748637	0.870783	0.98634	1.06847	1.10362	1.09589	1.04588	0.959737	0.861225	0.741384	0.585665	0.418687	0.244165	0.0625542	-0.131773	
0.493158	0.511186	0.529521	0.533976	0.528489	0.511655	0.48616	0.48039	0.498453	0.552494	0.644087	0.770554	0.897322	0.998566	1.04685	1.04141	0.991443	0.906448	0.799525	0.678444	0.532504	0.372231	0.205813	0.0242606	-0.167933	
0.408515	0.429931	0.452665	0.456911	0.454024	0.440801	0.411451	0.392902	0.404344	0.44651	0.529151	0.643324	0.773193	0.886795	0.949778	0.955344	0.916242	0.840983	0.732	0.609894	0.474094	0.32148	0.159625	-0.00836146	-0.185482	
0.342102	0.36372	0.382181	0.390524	0.386581	0.367788	0.336324	0.309235	0.311936	0.345383	0.419484	0.524826	0.64426	0.759282	0.833711	0.849909	0.824449	0.760271	0.661382	0.542213	0.404697	0.256426	0.105643	-0.0401393	-0.19206	
