0.372001	0.662307	0.928653	1.12848	1.23067	1.24671	1.18093	1.01904	0.773934	0.488567	0.201981	-0.0599132	-0.277941	-0.439117	-0.530564	-0.549857	-0.512432	-0.436542	-0.339066	-0.250321	-0.201052	-0.191383	-0.21036	-0.256159	-0.331555	
0.46743	0.73877	0.983032	1.16419	1.25207	1.26475	1.21093	1.06542	0.841472	0.577428	0.304573	0.0458864	-0.185837	-0.371184	-0.487855	-0.520999	-0.49181	-0.430025	-0.349702	-0.274534	-0.23515	-0.23114	-0.253434	-0.298208	-0.379307	
0.563384	0.812564	1.03322	1.19043	1.26666	1.27772	1.23041	1.10571	0.905564	0.664756	0.410774	0.158535	-0.0795317	-0.283885	-0.42429	-0.479176	-0.474061	-0.432444	-0.371533	-0.31267	-0.274992	-0.266709	-0.285087	-0.331427	-0.422068	
0.637547	0.863676	1.06588	1.20873	1.2812	1.29262	1.24584	1.13115	0.949827	0.729014	0.497189	0.261746	0.0255265	-0.188554	-0.340126	-0.420801	-0.446702	-0.437162	-0.399296	-0.350477	-0.312399	-0.30031	-0.320206	-0.37218	-0.471539	
0.678196	0.885699	1.07065	1.20309	1.27438	1.28679	1.23795	1.13142	0.963366	0.762351	0.551656	0.336944	0.112391	-0.100939	-0.25923	-0.361002	-0.417951	-0.440921	-0.432227	-0.397254	-0.356513	-0.338581	-0.36221	-0.425447	-0.532003	
0.681719	0.873935	1.04462	1.16817	1.23819	1.24922	1.20283	1.10094	0.945772	0.760027	0.563786	0.363884	0.157029	-0.0396352	-0.193317	-0.308539	-0.387343	-0.437044	-0.455161	-0.443794	-0.413544	-0.392886	-0.415955	-0.484878	-0.589895	
0.642057	0.817354	0.968536	1.08311	1.1444	1.15316	1.11464	1.02001	0.881144	0.714137	0.531727	0.345568	0.158045	-0.0134119	-0.155804	-0.273776	-0.369957	-0.443349	-0.479313	-0.487603	-0.472209	-0.459336	-0.47787	-0.536203	-0.63322	
0.552671	0.704843	0.837278	0.939771	0.992489	1.00024	0.967622	0.882602	0.76113	0.615098	0.45452	0.288766	0.133901	-0.00675124	-0.135881	-0.250289	-0.355979	-0.448104	-0.499366	-0.522141	-0.517898	-0.51175	-0.528777	-0.575009	-0.656507	
0.425132	0.545471	0.653252	0.742542	0.790642	0.798563	0.767102	0.692614	0.589995	0.475432	0.344946	0.213436	0.102498	-0.00293053	-0.112486	-0.223726	-0.336159	-0.432178	-0.495727	-0.531236	-0.540765	-0.541237	-0.555387	-0.59685	-0.661109	
0.279099	0.361926	0.440116	0.513243	0.558849	0.56606	0.535846	0.471075	0.393153	0.313789	0.223846	0.136768	0.0671722	-0.000907091	-0.080408	-0.178472	-0.288452	-0.387036	-0.455579	-0.505063	-0.539449	-0.551023	-0.565557	-0.601095	-0.649552	
0.143843	0.193168	0.241301	0.293305	0.330365	0.336726	0.311281	0.262256	0.211662	0.164197	0.113002	0.0692621	0.0369724	0.00156342	-0.046533	-0.115565	-0.208555	-0.302643	-0.379457	-0.447779	-0.503114	-0.535711	-0.56299	-0.594548	-0.628407	
0.046918	0.0701611	0.0945246	0.124218	0.149392	0.154764	0.135675	0.106248	0.0791298	0.0567292	0.0320234	0.0182296	0.0171903	0.0125354	-0.00857321	-0.0504429	-0.115135	-0.188902	-0.271322	-0.358459	-0.436134	-0.490393	-0.538501	-0.577183	-0.601544	
0.00284544	0.00771777	0.0184994	0.0379824	0.0553321	0.0585574	0.0454481	0.0255662	0.0108167	0.0046856	-0.00136596	0.000924723	0.0192905	0.0397661	0.0449989	0.0255114	-0.0142532	-0.0672356	-0.144326	-0.245689	-0.344183	-0.421571	-0.488787	-0.540715	-0.570284	
0.0209492	0.0144768	0.0213797	0.0379625	0.0509929	0.0537026	0.0438089	0.0280261	0.0154494	0.0179039	0.0255536	0.0388782	0.0665661	0.0990489	0.122082	0.124037	0.101859	0.056572	-0.0200714	-0.121793	-0.232075	-0.332122	-0.418623	-0.488369	-0.534998	
0.101216	0.0985915	0.106286	0.119629	0.129478	0.131273	0.124336	0.11168	0.099317	0.0994226	0.107866	0.129286	0.164212	0.203546	0.231788	0.244989	0.237451	0.194687	0.111387	0.00733199	-0.109573	-0.227838	-0.338177	-0.42946	-0.498238	
0.245468	0.251264	0.259829	0.268659	0.274386	0.2756	0.271433	0.263527	0.25486	0.246252	0.249992	0.271532	0.307425	0.34723	0.371593	0.379369	0.372651	0.333157	0.250407	0.135158	0.0115321	-0.115363	-0.239839	-0.352178	-0.444001	
0.432828	0.444856	0.45622	0.465249	0.471585	0.473232	0.467426	0.460592	0.450454	0.436037	0.435658	0.453705	0.477867	0.508087	0.528414	0.529495	0.5084	0.465101	0.382669	0.261679	0.125695	-0.00782301	-0.133799	-0.258015	-0.371056	
0.625199	0.638878	0.65493	0.66874	0.678914	0.681833	0.673193	0.66079	0.64594	0.628392	0.627913	0.641708	0.654242	0.670823	0.683453	0.676585	0.637423	0.572902	0.481792	0.360386	0.221366	0.0827199	-0.0449035	-0.170202	-0.292298	
0.793805	0.805831	0.823026	0.842372	0.850409	0.852122	0.847451	0.83108	0.812266	0.796323	0.798215	0.813528	0.825649	0.834738	0.832073	0.807197	0.747867	0.657784	0.54465	0.415436	0.280873	0.140871	0.0132141	-0.100799	-0.208739	
0.925494	0.928375	0.945962	0.966572	0.970209	0.969878	0.969479	0.955686	0.933713	0.924256	0.933241	0.951777	0.96866	0.974358	0.954902	0.909786	0.828408	0.716635	0.58047	0.436239	0.297362	0.167447	0.0507102	-0.0417527	-0.119779	
1.00633	1.00017	1.01233	1.03547	1.04013	1.03899	1.03925	1.02231	1.00281	1.00164	1.01513	1.03388	1.05038	1.05246	1.02938	0.974588	0.87585	0.742758	0.593694	0.437496	0.29149	0.168332	0.0709489	-0.000217613	-0.0516682	
1.03029	1.02088	1.02879	1.04896	1.05576	1.0561	1.0537	1.03726	1.02098	1.02536	1.03989	1.0605	1.07994	1.08161	1.06221	1.00821	0.894541	0.741574	0.581862	0.422323	0.270242	0.148204	0.0661086	0.0182127	-0.00830088	
1.00607	0.997748	1.00698	1.01918	1.02095	1.02059	1.02171	1.01239	0.999289	1.00152	1.01762	1.04999	1.08243	1.08798	1.06956	1.01348	0.893003	0.728391	0.557217	0.389618	0.233281	0.115054	0.0430698	0.0179604	0.0203127	
0.95377	0.947455	0.95692	0.968849	0.968024	0.966618	0.969862	0.96287	0.949554	0.949967	0.965658	1.00676	1.05389	1.071	1.05715	0.999519	0.88089	0.717721	0.537236	0.353532	0.193296	0.0794576	0.0165323	0.00777589	0.0383659	
0.910221	0.896107	0.900423	0.912875	0.915227	0.913619	0.915085	0.906024	0.895167	0.903209	0.922034	0.959121	1.01148	1.04443	1.0387	0.980308	0.863981	0.704215	0.51959	0.327327	0.163865	0.0578755	0.00333702	0.00721101	0.0630789	
0.883066	0.860225	0.85624	0.862742	0.859574	0.857478	0.862676	0.859865	0.855633	0.872891	0.898471	0.934342	0.986181	1.02533	1.02253	0.964535	0.85137	0.696159	0.511427	0.317234	0.151273	0.0460242	0.00243937	0.0215821	0.0997343	
0.860225	0.837865	0.826508	0.823504	0.816094	0.813569	0.8209	0.825115	0.831475	0.850095	0.879727	0.925651	0.979528	1.01655	1.01446	0.963362	0.86041	0.709997	0.524787	0.325842	0.152386	0.0387939	0.00167836	0.0376075	0.13719	
0.85624	0.826508	0.800348	0.786484	0.788414	0.790512	0.785731	0.792593	0.815508	0.84385	0.880406	0.933539	0.989409	1.02484	1.02339	0.979309	0.878587	0.727168	0.536984	0.336034	0.160282	0.0458985	0.00939311	0.0554344	0.175003	
0.862742	0.823504	0.786484	0.776599	0.787963	0.792748	0.779966	0.778528	0.807436	0.846658	0.89154	0.946429	1.00031	1.04167	1.04614	1.00144	0.898462	0.743548	0.547822	0.343433	0.172792	0.0609199	0.0277199	0.079528	0.216831	
0.859574	0.816094	0.788414	0.787963	0.796783	0.799488	0.791107	0.785768	0.802071	0.84014	0.892995	0.947295	0.999458	1.04696	1.05301	1.00509	0.903579	0.753842	0.556156	0.348839	0.179668	0.0730399	0.0432009	0.100783	0.248926	
0.857478	0.813569	0.790512	0.792748	0.799488	0.801244	0.795064	0.789582	0.801814	0.837038	0.891409	0.945885	0.998361	1.04716	1.05256	1.00392	0.904287	0.756626	0.558675	0.350037	0.180952	0.0756201	0.0464103	0.10475	0.255027	
0.862676	0.8209	0.785731	0.779966	0.791107	0.795064	0.783098	0.780214	0.805031	0.845047	0.893177	0.948133	1.00187	1.04562	1.05085	1.0047	0.901909	0.748872	0.551107	0.345357	0.176502	0.0665008	0.0345834	0.0890676	0.232186	
0.859865	0.825115	0.792593	0.778528	0.785768	0.789582	0.780214	0.783445	0.811535	0.845457	0.885859	0.939544	0.994683	1.03179	1.03325	0.989242	0.887663	0.733705	0.541786	0.339668	0.165532	0.0521293	0.0161068	0.0642811	0.192171	
0.855633	0.831475	0.815508	0.807436	0.802071	0.801814	0.805031	0.811535	0.823548	0.84526	0.877262	0.926361	0.981626	1.01716	1.01524	0.968032	0.866451	0.717294	0.530516	0.330633	0.154389	0.03904	0.00344623	0.0439961	0.151477	
0.872891	0.850095	0.84385	0.846658	0.84014	0.837038	0.845047	0.845457	0.84526	0.862609	0.889689	0.929285	0.98259	1.02068	1.01776	0.961507	0.852818	0.699201	0.515202	0.319024	0.150478	0.0424567	0.0024305	0.0283151	0.115353	
0.898471	0.879727	0.880406	0.89154	0.892995	0.891409	0.893177	0.885859	0.877262	0.889689	0.910771	0.946211	0.99865	1.03542	1.03158	0.973219	0.857417	0.699204	0.513767	0.321199	0.156799	0.052715	0.00207957	0.0109759	0.0766231	
0.934342	0.925651	0.933539	0.946429	0.947295	0.945885	0.948133	0.939544	0.926361	0.929285	0.946211	0.98612	1.03618	1.06012	1.05026	0.992491	0.87438	0.71273	0.530192	0.341133	0.18013	0.069024	0.00921562	0.00563826	0.0468364	
0.986181	0.979528	0.989409	1.00031	0.999458	0.998361	1.00187	0.994683	0.981626	0.98259	0.99865	1.03618	1.0745	1.08402	1.06638	1.00892	0.888857	0.723892	0.548172	0.374432	0.216329	0.10031	0.0315234	0.014113	0.027969	
1.02533	1.01655	1.02484	1.04167	1.04696	1.04716	1.04562	1.03179	1.01716	1.02068	1.03542	1.06012	1.08402	1.08682	1.06763	1.01356	0.896392	0.73697	0.572631	0.410975	0.257252	0.135743	0.0584534	0.0203427	0.00461955	
1.02253	1.01446	1.02339	1.04614	1.05301	1.05256	1.05085	1.03325	1.01524	1.01776	1.03158	1.05026	1.06638	1.06763	1.04574	0.991448	0.88575	0.744215	0.590986	0.433462	0.28473	0.162279	0.0718994	0.0103343	-0.0323135	
0.964535	0.963362	0.979309	1.00144	1.00509	1.00392	1.0047	0.989242	0.968032	0.961507	0.973219	0.992491	1.00892	1.01356	0.991448	0.940448	0.852139	0.731382	0.589426	0.43871	0.296662	0.170939	0.0617592	-0.0225794	-0.0892195	
0.85137	0.86041	0.878587	0.898462	0.903579	0.904287	0.901909	0.887663	0.866451	0.852818	0.857417	0.87438	0.888857	0.896392	0.88575	0.852139	0.782989	0.685039	0.561552	0.426788	0.291919	0.15461	0.0298764	-0.0754813	-0.172509	
0.696159	0.709997	0.727168	0.743548	0.753842	0.756626	0.748872	0.733705	0.717294	0.699201	0.699204	0.71273	0.723892	0.73697	0.744215	0.731382	0.685039	0.609467	0.511242	0.38771	0.250685	0.110212	-0.0187194	-0.140371	-0.259674	
0.511427	0.524787	0.536984	0.547822	0.556156	0.558675	0.551107	0.541786	0.530516	0.515202	0.513767	0.530192	0.548172	0.572631	0.590986	0.589426	0.561552	0.511242	0.426479	0.306004	0.166613	0.0310581	-0.0945404	-0.220943	-0.340018	
0.317234	0.325842	0.336034	0.343433	0.348839	0.350037	0.345357	0.339668	0.330633	0.319024	0.321199	0.341133	0.374432	0.410975	0.433462	0.43871	0.426788	0.38771	0.306004	0.187034	0.0589511	-0.0708612	-0.196925	-0.315362	-0.415831	
0.151273	0.152386	0.160282	0.172792	0.179668	0.180952	0.176502	0.165532	0.154389	0.150478	0.156799	0.18013	0.216329	0.257252	0.28473	0.296662	0.291919	0.250685	0.166613	0.0589511	-0.0605879	-0.183455	-0.301584	-0.402228	-0.479627	
0.0460242	0.0387939	0.0458985	0.0609199	0.0730399	0.0756201	0.0665008	0.0521293	0.03904	0.0424567	0.052715	0.069024	0.10031	0.135743	0.162279	0.170939	0.15461	0.110212	0.0310581	-0.0708612	-0.183455	-0.291673	-0.387516	-0.465751	-0.521115	
0.00243937	0.00167836	0.00939311	0.0277199	0.0432009	0.0464103	0.0345834	0.0161068	0.00344623	0.0024305	0.00207957	0.00921562	0.0315234	0.0584534	0.0718994	0.0617592	0.0298764	-0.0187194	-0.0945404	-0.196925	-0.301584	-0.387516	-0.462949	-0.521333	-0.556391	
0.0215821	0.0376075	0.0554344	0.079528	0.100783	0.10475	0.0890676	0.0642811	0.0439961	0.0283151	0.0109759	0.00563826	0.014113	0.0203427	0.0103343	-0.0225794	-0.0754813	-0.140371	-0.220943	-0.315362	-0.402228	-0.465751	-0.521333	-0.565139	-0.589209	
0.0997343	0.13719	0.175003	0.216831	0.248926	0.255027	0.232186	0.192171	0.151477	0.115353	0.0766231	0.0468364	0.027969	0.00461955	-0.0323135	-0.0892195	-0.172509	-0.259674	-0.340018	-0.415831	-0.479627	-0.521115	-0.556391	-0.589209	-0.617996	
