-0.77599	-0.827709	-0.866408	-0.895107	-0.911761	-0.914437	-0.903587	-0.879301	-0.843971	-0.798494	-0.742841	-0.686571	-0.628505	-0.57194	-0.505336	-0.413173	-0.30389	-0.213352	-0.17542	-0.187308	-0.22303	-0.275367	-0.325961	-0.365924	-0.389354	
-0.645602	-0.711224	-0.767225	-0.811042	-0.839075	-0.844498	-0.824864	-0.786012	-0.735145	-0.672843	-0.603805	-0.536316	-0.481198	-0.440348	-0.395805	-0.341458	-0.276817	-0.223605	-0.21279	-0.239932	-0.285722	-0.33871	-0.387525	-0.425666	-0.442534	
-0.539845	-0.617063	-0.681856	-0.740697	-0.779077	-0.784792	-0.759573	-0.707079	-0.64339	-0.572378	-0.491574	-0.418117	-0.364019	-0.32916	-0.300521	-0.274722	-0.249632	-0.235614	-0.243443	-0.278731	-0.327845	-0.372662	-0.412018	-0.442454	-0.454777	
-0.479201	-0.561726	-0.632884	-0.691537	-0.730361	-0.736686	-0.710103	-0.657908	-0.591663	-0.512975	-0.42647	-0.345153	-0.288295	-0.254404	-0.232057	-0.225147	-0.226467	-0.238515	-0.26629	-0.3067	-0.352349	-0.385855	-0.402623	-0.413679	-0.415735	
-0.453358	-0.544404	-0.616737	-0.671546	-0.703078	-0.708544	-0.686636	-0.641798	-0.575064	-0.491632	-0.395719	-0.309	-0.247852	-0.212883	-0.200035	-0.206325	-0.217871	-0.240472	-0.274618	-0.311583	-0.343921	-0.356661	-0.350989	-0.339174	-0.329391	
-0.445067	-0.541276	-0.619914	-0.671729	-0.701046	-0.705527	-0.686171	-0.64333	-0.575756	-0.484459	-0.384939	-0.291284	-0.223658	-0.186083	-0.180652	-0.194843	-0.212598	-0.23258	-0.263788	-0.290511	-0.300834	-0.289338	-0.260833	-0.222784	-0.190728	
-0.437101	-0.538909	-0.624134	-0.687492	-0.722369	-0.72709	-0.705369	-0.652392	-0.574928	-0.479552	-0.373794	-0.276526	-0.202808	-0.160126	-0.159155	-0.178922	-0.199389	-0.217179	-0.233916	-0.237712	-0.220535	-0.181687	-0.126967	-0.0642503	-0.00858828	
-0.434498	-0.542115	-0.639809	-0.717294	-0.76362	-0.772322	-0.739605	-0.673915	-0.582583	-0.47827	-0.369491	-0.267745	-0.188269	-0.145115	-0.137331	-0.155053	-0.177476	-0.190436	-0.187866	-0.161287	-0.110134	-0.0428405	0.0406451	0.125741	0.193835	
-0.442805	-0.560002	-0.669406	-0.761373	-0.817953	-0.827494	-0.78938	-0.709	-0.605407	-0.489881	-0.372538	-0.267523	-0.185692	-0.136739	-0.117332	-0.119861	-0.132985	-0.138151	-0.116837	-0.0623461	0.0147451	0.104889	0.210564	0.31318	0.381582	
-0.458799	-0.589254	-0.708621	-0.808464	-0.869285	-0.879548	-0.83853	-0.752114	-0.638697	-0.511943	-0.382345	-0.270861	-0.182298	-0.120609	-0.0845594	-0.0695042	-0.0623815	-0.051197	-0.0143833	0.0570913	0.150093	0.251492	0.363488	0.469456	0.529187	
-0.485816	-0.626108	-0.753001	-0.852761	-0.913066	-0.925079	-0.881781	-0.796837	-0.679379	-0.542825	-0.404066	-0.282071	-0.177071	-0.0960259	-0.0374503	-0.00577291	0.0250349	0.0623087	0.11002	0.178006	0.270856	0.367833	0.469744	0.564214	0.611894	
-0.515765	-0.659293	-0.783634	-0.879343	-0.935223	-0.944602	-0.906838	-0.825614	-0.711668	-0.574831	-0.429984	-0.29711	-0.174021	-0.0651488	0.0170304	0.0720519	0.126027	0.188152	0.243808	0.298303	0.36742	0.443632	0.517955	0.580359	0.602825	
-0.519738	-0.657761	-0.775451	-0.862694	-0.911875	-0.92004	-0.887099	-0.814838	-0.707521	-0.577273	-0.433556	-0.293878	-0.158099	-0.0286893	0.0805048	0.16532	0.240378	0.311567	0.370096	0.410776	0.450432	0.489341	0.524316	0.545709	0.531149	
-0.494122	-0.62001	-0.725109	-0.800339	-0.840955	-0.847807	-0.820365	-0.759696	-0.664439	-0.546525	-0.412058	-0.271285	-0.129718	0.00867115	0.140777	0.253307	0.338922	0.405095	0.45276	0.487616	0.512513	0.513774	0.509502	0.489701	0.439113	
-0.435685	-0.545999	-0.634008	-0.69763	-0.730869	-0.735383	-0.714814	-0.663175	-0.583114	-0.482537	-0.361062	-0.23114	-0.0945354	0.0445638	0.182487	0.31214	0.405703	0.465596	0.507072	0.536027	0.550034	0.530258	0.487983	0.427414	0.347707	
-0.363706	-0.453563	-0.520331	-0.562616	-0.583393	-0.58617	-0.573234	-0.540628	-0.482459	-0.402668	-0.30102	-0.185598	-0.0586489	0.0784967	0.221323	0.354997	0.45381	0.515955	0.55078	0.563169	0.5559	0.520549	0.460362	0.366912	0.258059	
-0.269682	-0.345516	-0.395546	-0.418993	-0.424443	-0.424201	-0.422375	-0.408071	-0.368775	-0.302805	-0.216441	-0.119112	-0.00643411	0.121612	0.262757	0.394662	0.489421	0.549301	0.576531	0.568251	0.537303	0.489927	0.425226	0.31655	0.185354	
-0.156756	-0.218752	-0.25419	-0.262758	-0.253213	-0.249474	-0.259523	-0.261408	-0.236146	-0.183988	-0.113801	-0.0367597	0.0562774	0.168797	0.30091	0.42769	0.514963	0.557268	0.568817	0.54868	0.504198	0.451415	0.378351	0.264232	0.131652	
-0.036127	-0.0647397	-0.0760965	-0.0624465	-0.0403901	-0.0349384	-0.053529	-0.0734686	-0.072509	-0.0484695	-0.0123622	0.0392408	0.108618	0.200429	0.318543	0.436189	0.515168	0.538919	0.527132	0.498459	0.453569	0.396901	0.312989	0.198835	0.0819046	
0.108862	0.123248	0.153314	0.189218	0.221021	0.227745	0.203399	0.166851	0.134486	0.113119	0.106169	0.11696	0.150916	0.20972	0.298686	0.395686	0.462006	0.475289	0.451229	0.415292	0.373731	0.320167	0.236853	0.132697	0.0378362	
0.278571	0.340962	0.41151	0.477966	0.521831	0.529385	0.498855	0.439774	0.368427	0.302288	0.247888	0.208966	0.189942	0.202963	0.253741	0.317356	0.361615	0.363707	0.334084	0.293837	0.252668	0.211224	0.147022	0.0706526	0.0012751	
0.476285	0.575536	0.67961	0.77497	0.837707	0.849431	0.805443	0.720089	0.6171	0.515281	0.418138	0.322873	0.24091	0.201674	0.20918	0.234449	0.247457	0.233566	0.19531	0.151929	0.113934	0.0791884	0.0368803	-0.0104466	-0.0542471	
0.690586	0.818087	0.942597	1.05607	1.13576	1.15053	1.09405	0.989906	0.86831	0.742158	0.609547	0.463263	0.329508	0.240322	0.198962	0.179527	0.155393	0.11795	0.0653319	0.0110129	-0.0263145	-0.0606483	-0.0939119	-0.119767	-0.137364	
0.90297	1.05027	1.18282	1.29757	1.37576	1.3899	1.33497	1.23115	1.1053	0.963772	0.806995	0.632567	0.46506	0.329947	0.230906	0.154509	0.089589	0.0256895	-0.0460737	-0.114639	-0.160968	-0.19988	-0.23033	-0.24608	-0.241708	
1.09672	1.25175	1.38627	1.48856	1.54961	1.56053	1.51836	1.43126	1.30939	1.16025	0.996404	0.813955	0.625145	0.446462	0.28713	0.154541	0.0449219	-0.0477108	-0.141414	-0.229218	-0.289498	-0.340892	-0.372054	-0.37904	-0.363095	
1.26439	1.41227	1.53925	1.6271	1.67489	1.68247	1.65127	1.57901	1.46734	1.32473	1.16734	0.983059	0.777694	0.560945	0.3544	0.173428	0.0188988	-0.110246	-0.225538	-0.33009	-0.407723	-0.473735	-0.512733	-0.52157	-0.499208	
1.41227	1.54037	1.64157	1.71715	1.7614	1.76917	1.73918	1.67516	1.58412	1.46671	1.32095	1.13521	0.913867	0.672377	0.432724	0.207798	0.00651733	-0.160991	-0.297127	-0.412946	-0.510583	-0.593889	-0.646778	-0.663678	-0.641904	
1.53925	1.64157	1.71521	1.77299	1.81476	1.8238	1.79253	1.73926	1.67397	1.58494	1.45418	1.26954	1.04208	0.78657	0.518498	0.254698	0.0100404	-0.188978	-0.341904	-0.471434	-0.590039	-0.693257	-0.760452	-0.78561	-0.76883	
1.6271	1.71715	1.77299	1.81384	1.84268	1.84837	1.82744	1.79048	1.74202	1.66865	1.55028	1.37993	1.15874	0.890736	0.597215	0.302401	0.0322126	-0.189651	-0.359234	-0.505318	-0.646338	-0.763625	-0.843455	-0.878345	-0.866942	
1.67489	1.7614	1.81476	1.84268	1.85286	1.85492	1.84853	1.82864	1.78645	1.7141	1.60416	1.45273	1.24	0.961388	0.647579	0.337706	0.0585922	-0.173953	-0.358973	-0.519774	-0.675488	-0.801006	-0.888661	-0.93194	-0.926529	
1.68247	1.76917	1.8238	1.84837	1.85492	1.85612	1.85207	1.83667	1.79483	1.72113	1.61344	1.46584	1.25534	0.975278	0.656523	0.344756	0.0645662	-0.169248	-0.357308	-0.522017	-0.679535	-0.807104	-0.89641	-0.940221	-0.937928	
1.65127	1.73918	1.79253	1.82744	1.84853	1.85207	1.83779	1.80831	1.76375	1.69192	1.57685	1.41452	1.19762	0.924682	0.62172	0.318394	0.0434075	-0.183705	-0.359784	-0.512935	-0.661473	-0.782454	-0.865784	-0.905168	-0.895489	
1.57901	1.67516	1.73926	1.79048	1.82864	1.83667	1.80831	1.7604	1.70361	1.6228	1.49708	1.31702	1.0905	0.830378	0.552256	0.273805	0.0167888	-0.192821	-0.352627	-0.488048	-0.61612	-0.725827	-0.798281	-0.826701	-0.812104	
1.46734	1.58412	1.67397	1.74202	1.78645	1.79483	1.76375	1.70361	1.62279	1.51774	1.37869	1.19181	0.966066	0.717733	0.466536	0.226027	0.00564871	-0.175736	-0.318357	-0.439151	-0.543962	-0.635958	-0.694746	-0.715331	-0.695107	
1.32473	1.46671	1.58494	1.66865	1.7141	1.72113	1.69192	1.6228	1.51774	1.38314	1.23002	1.04566	0.833249	0.605087	0.384714	0.185689	0.0130946	-0.132196	-0.25671	-0.366164	-0.452137	-0.524231	-0.568617	-0.580178	-0.55732	
1.16734	1.32095	1.45418	1.55028	1.60416	1.61344	1.57685	1.49708	1.37869	1.23002	1.06726	0.884184	0.688742	0.493322	0.312643	0.159305	0.0320815	-0.0733202	-0.175951	-0.271061	-0.337823	-0.394796	-0.427585	-0.434709	-0.415523	
0.983059	1.13521	1.26954	1.37993	1.45273	1.46584	1.41452	1.31702	1.19181	1.04566	0.884184	0.704249	0.528061	0.375749	0.251342	0.151886	0.0689386	-0.00567813	-0.0860086	-0.162489	-0.213617	-0.256921	-0.287249	-0.298253	-0.28863	
0.777694	0.913867	1.04208	1.15874	1.24	1.25534	1.19762	1.0905	0.966066	0.833249	0.688742	0.528061	0.378464	0.270503	0.20766	0.166623	0.126499	0.0784898	0.0186296	-0.040131	-0.0807608	-0.116134	-0.14816	-0.169422	-0.176268	
0.560945	0.672377	0.78657	0.890736	0.961388	0.975278	0.924682	0.830378	0.717733	0.605087	0.493322	0.375749	0.270503	0.210747	0.199667	0.208673	0.206639	0.184194	0.140678	0.0942216	0.0577372	0.0232252	-0.0137973	-0.0506363	-0.0849982	
0.3544	0.432724	0.518498	0.597215	0.647579	0.656523	0.62172	0.552256	0.466536	0.384714	0.312643	0.251342	0.20766	0.199667	0.233251	0.28253	0.315178	0.311567	0.279499	0.237572	0.197045	0.160021	0.106078	0.0415816	-0.0169617	
0.173428	0.207798	0.254698	0.302401	0.337706	0.344756	0.318394	0.273805	0.226027	0.185689	0.159305	0.151886	0.166623	0.208673	0.28253	0.367121	0.426256	0.43602	0.409025	0.371196	0.329536	0.280858	0.202856	0.10866	0.022777	
0.0188988	0.00651733	0.0100404	0.0322126	0.0585922	0.0645662	0.0434075	0.0167888	0.00564871	0.0130946	0.0320815	0.0689386	0.126499	0.206639	0.315178	0.426256	0.501056	0.519552	0.501315	0.469434	0.426455	0.369142	0.283702	0.170972	0.063509	
-0.110246	-0.160991	-0.188978	-0.189651	-0.173953	-0.169248	-0.183705	-0.192821	-0.175736	-0.132196	-0.0733202	-0.00567813	0.0784898	0.184194	0.311567	0.43602	0.519552	0.553097	0.555689	0.532426	0.486384	0.432093	0.353638	0.239622	0.111483	
-0.225538	-0.297127	-0.341904	-0.359234	-0.358973	-0.357308	-0.359784	-0.352627	-0.318357	-0.25671	-0.175951	-0.0860086	0.0186296	0.140678	0.279499	0.409025	0.501315	0.555689	0.578084	0.564242	0.525769	0.475696	0.409131	0.297115	0.162884	
-0.33009	-0.412946	-0.471434	-0.505318	-0.519774	-0.522017	-0.512935	-0.488048	-0.439151	-0.366164	-0.271061	-0.162489	-0.040131	0.0942216	0.237572	0.371196	0.469434	0.532426	0.564242	0.567079	0.549912	0.509016	0.446899	0.345506	0.225946	
-0.407723	-0.510583	-0.590039	-0.646338	-0.675488	-0.679535	-0.661473	-0.61612	-0.543962	-0.452137	-0.337823	-0.213617	-0.0807608	0.0577372	0.197045	0.329536	0.426455	0.486384	0.525769	0.549912	0.556661	0.530959	0.47844	0.402222	0.311441	
-0.473735	-0.593889	-0.693257	-0.763625	-0.801006	-0.807104	-0.782454	-0.725827	-0.635958	-0.524231	-0.394796	-0.256921	-0.116134	0.0232252	0.160021	0.280858	0.369142	0.432093	0.475696	0.509016	0.530959	0.521609	0.500872	0.465249	0.402172	
-0.512733	-0.646778	-0.760452	-0.843455	-0.888661	-0.89641	-0.865784	-0.798281	-0.694746	-0.568617	-0.427585	-0.287249	-0.14816	-0.0137973	0.106078	0.202856	0.283702	0.353638	0.409131	0.446899	0.47844	0.500872	0.520443	0.524081	0.49504	
-0.52157	-0.663678	-0.78561	-0.878345	-0.93194	-0.940221	-0.905168	-0.826701	-0.715331	-0.580178	-0.434709	-0.298253	-0.169422	-0.0506363	0.0415816	0.10866	0.170972	0.239622	0.297115	0.345506	0.402222	0.465249	0.524081	0.571304	0.578841	
-0.499208	-0.641904	-0.76883	-0.866942	-0.926529	-0.937928	-0.895489	-0.812104	-0.695107	-0.55732	-0.415523	-0.28863	-0.176268	-0.0849982	-0.0169617	0.022777	0.063509	0.111483	0.162884	0.225946	0.311441	0.402172	0.49504	0.578841	0.619133	
