0.731031	0.877604	1.00648	1.09813	1.14339	1.14977	1.122	1.04827	0.932679	0.79036	0.646682	0.52593	0.425182	0.354017	0.306335	0.257136	0.198512	0.125022	0.0301731	-0.0791546	-0.195711	-0.292865	-0.338429	-0.341943	-0.321692	
0.787971	0.944938	1.07824	1.16966	1.2181	1.227	1.19405	1.12065	1.00219	0.851671	0.69726	0.56376	0.450016	0.36367	0.298342	0.227751	0.15802	0.0797592	-0.018876	-0.142858	-0.273672	-0.377811	-0.43502	-0.450866	-0.437352	
0.818918	0.967891	1.08576	1.16992	1.21259	1.21982	1.19216	1.12437	1.019	0.880918	0.727372	0.584988	0.468481	0.371363	0.289929	0.210651	0.13305	0.0500157	-0.0497045	-0.182184	-0.315653	-0.420115	-0.487804	-0.510173	-0.508651	
0.790348	0.924129	1.0234	1.09223	1.12874	1.13565	1.11057	1.05445	0.967935	0.846933	0.703181	0.567249	0.455751	0.360152	0.28073	0.206242	0.130597	0.0445505	-0.0530438	-0.173732	-0.299677	-0.405556	-0.4779	-0.512149	-0.527042	
0.685411	0.801591	0.885922	0.942082	0.977041	0.983662	0.958937	0.910774	0.840129	0.733785	0.612072	0.499166	0.404174	0.325011	0.260835	0.200916	0.14157	0.0657271	-0.020219	-0.119246	-0.228682	-0.332668	-0.411306	-0.458735	-0.487054	
0.511473	0.603185	0.671577	0.719577	0.752139	0.75918	0.734141	0.69278	0.633897	0.549121	0.458296	0.384145	0.322984	0.273499	0.231983	0.192849	0.15396	0.0992213	0.0386458	-0.0302396	-0.116709	-0.210826	-0.292019	-0.350984	-0.391671	
0.296733	0.353116	0.399348	0.441462	0.467096	0.472381	0.453786	0.417159	0.372403	0.319355	0.267907	0.2402	0.225207	0.209103	0.193225	0.173305	0.155761	0.136135	0.113996	0.0775401	0.015699	-0.0583481	-0.131556	-0.196368	-0.25619	
0.0683934	0.084284	0.105204	0.135158	0.150624	0.15307	0.143966	0.117284	0.0917069	0.0738398	0.0646704	0.0845728	0.114167	0.133958	0.147771	0.146994	0.149916	0.168125	0.188387	0.189059	0.158727	0.108766	0.0524633	-0.00823658	-0.0878344	
-0.147521	-0.168426	-0.168349	-0.156974	-0.152952	-0.153334	-0.15366	-0.164348	-0.170419	-0.158777	-0.124001	-0.0683897	-0.00752581	0.0472675	0.0861571	0.106907	0.139169	0.193732	0.253305	0.294388	0.300116	0.28111	0.24493	0.186779	0.0965833	
-0.31857	-0.365213	-0.383198	-0.394507	-0.402152	-0.404989	-0.396939	-0.3881	-0.374767	-0.340727	-0.279622	-0.204051	-0.12811	-0.0528053	0.0060988	0.0593656	0.120909	0.203898	0.297325	0.376197	0.424167	0.439491	0.426378	0.371259	0.278424	
-0.427073	-0.489233	-0.521472	-0.54252	-0.56082	-0.563565	-0.551519	-0.529118	-0.505959	-0.454961	-0.380822	-0.301066	-0.222234	-0.14752	-0.0812243	-0.0119839	0.0766975	0.185889	0.308689	0.416496	0.504151	0.555572	0.561849	0.519497	0.429467	
-0.467278	-0.533069	-0.574482	-0.601969	-0.622429	-0.625311	-0.612325	-0.585857	-0.553047	-0.496173	-0.420981	-0.351764	-0.283369	-0.221599	-0.166768	-0.0970173	0.00401724	0.128353	0.267555	0.403295	0.52022	0.602272	0.637289	0.615535	0.534568	
-0.454132	-0.514237	-0.559763	-0.596374	-0.614638	-0.617115	-0.606049	-0.575966	-0.534113	-0.479652	-0.41554	-0.360351	-0.314601	-0.275252	-0.239169	-0.188176	-0.0959901	0.0366137	0.186476	0.335116	0.469106	0.573591	0.640153	0.651259	0.592852	
-0.415664	-0.466889	-0.513192	-0.544674	-0.562905	-0.567505	-0.552961	-0.527735	-0.486517	-0.436291	-0.387117	-0.35046	-0.321602	-0.309075	-0.302446	-0.275941	-0.209201	-0.086754	0.0649314	0.220961	0.36437	0.489416	0.581136	0.624198	0.59674	
-0.377447	-0.413624	-0.452634	-0.483436	-0.506174	-0.511178	-0.493588	-0.466493	-0.429416	-0.390813	-0.360483	-0.339583	-0.329459	-0.336522	-0.352282	-0.350602	-0.311242	-0.21349	-0.0750356	0.0781604	0.227375	0.365253	0.480876	0.548722	0.549462	
-0.34504	-0.3687	-0.402518	-0.437994	-0.463779	-0.468523	-0.450244	-0.416862	-0.380813	-0.353931	-0.333919	-0.325744	-0.33521	-0.358776	-0.388451	-0.404461	-0.383019	-0.311036	-0.199352	-0.062314	0.0824971	0.225874	0.351728	0.435522	0.461129	
-0.297495	-0.317831	-0.35021	-0.389294	-0.420448	-0.424441	-0.40496	-0.365139	-0.330176	-0.303138	-0.294657	-0.300859	-0.329129	-0.370707	-0.410045	-0.43439	-0.428717	-0.384628	-0.30143	-0.195988	-0.0695134	0.072142	0.203902	0.298285	0.348284	
-0.238374	-0.256298	-0.29384	-0.336807	-0.368984	-0.374826	-0.352134	-0.310461	-0.270272	-0.242224	-0.241232	-0.265088	-0.311156	-0.361738	-0.405618	-0.431173	-0.43902	-0.422749	-0.380185	-0.306933	-0.207284	-0.0826607	0.0494214	0.152641	0.219262	
-0.187723	-0.200436	-0.240344	-0.286497	-0.31842	-0.324886	-0.301277	-0.25951	-0.213761	-0.189165	-0.195371	-0.232729	-0.287988	-0.341024	-0.379356	-0.405591	-0.426951	-0.43541	-0.428948	-0.385662	-0.315425	-0.214539	-0.0917403	0.0154175	0.0945866	
-0.164598	-0.169575	-0.208677	-0.256548	-0.291321	-0.298187	-0.2728	-0.228745	-0.181819	-0.162414	-0.176829	-0.219161	-0.271425	-0.320131	-0.350338	-0.377648	-0.405368	-0.429651	-0.439492	-0.419704	-0.367656	-0.292456	-0.198008	-0.0972684	-0.0083386	
-0.173112	-0.169886	-0.204819	-0.253896	-0.295052	-0.302616	-0.273293	-0.22381	-0.180327	-0.167039	-0.190489	-0.23388	-0.273882	-0.30839	-0.330624	-0.351318	-0.376998	-0.409717	-0.424083	-0.411074	-0.373392	-0.321177	-0.252172	-0.175058	-0.0911889	
-0.216264	-0.210685	-0.232744	-0.271904	-0.303927	-0.310477	-0.287242	-0.247202	-0.216519	-0.210578	-0.231015	-0.259768	-0.283673	-0.299526	-0.313539	-0.327135	-0.348724	-0.37362	-0.386716	-0.380323	-0.355008	-0.323262	-0.280818	-0.226428	-0.153542	
-0.268579	-0.268394	-0.282157	-0.304784	-0.321669	-0.323968	-0.313127	-0.290795	-0.272057	-0.267148	-0.273544	-0.287478	-0.294339	-0.291835	-0.289144	-0.288637	-0.302021	-0.323465	-0.342165	-0.345769	-0.336408	-0.319517	-0.306863	-0.276694	-0.221462	
-0.306574	-0.321097	-0.33338	-0.341983	-0.344828	-0.344207	-0.343966	-0.336977	-0.326915	-0.311892	-0.301672	-0.300052	-0.296257	-0.279606	-0.257998	-0.241956	-0.245617	-0.2695	-0.29801	-0.321592	-0.332465	-0.335448	-0.341575	-0.334463	-0.296236	
-0.334515	-0.358525	-0.370941	-0.368474	-0.361317	-0.360647	-0.36508	-0.371042	-0.365576	-0.344982	-0.320695	-0.305499	-0.289411	-0.25729	-0.219995	-0.193702	-0.197404	-0.229278	-0.27777	-0.316573	-0.342976	-0.362863	-0.384064	-0.396171	-0.372545	
-0.359898	-0.380926	-0.385264	-0.377299	-0.370312	-0.368929	-0.373639	-0.38352	-0.384509	-0.369332	-0.345151	-0.318058	-0.285799	-0.238321	-0.187042	-0.163601	-0.175026	-0.215031	-0.27476	-0.328255	-0.364958	-0.399531	-0.439882	-0.467495	-0.450136	
-0.380926	-0.387121	-0.378684	-0.362558	-0.352926	-0.352295	-0.357086	-0.372999	-0.385034	-0.385138	-0.369566	-0.337927	-0.291443	-0.233403	-0.181685	-0.165636	-0.184085	-0.232341	-0.293806	-0.350187	-0.394876	-0.44538	-0.496838	-0.531309	-0.516125	
-0.385264	-0.378684	-0.351635	-0.317346	-0.295129	-0.291945	-0.306741	-0.337659	-0.36999	-0.385088	-0.379071	-0.350798	-0.303797	-0.251375	-0.212032	-0.203917	-0.223887	-0.271536	-0.328295	-0.38258	-0.431865	-0.489062	-0.543519	-0.575261	-0.552834	
-0.377299	-0.362558	-0.317346	-0.262269	-0.217017	-0.208539	-0.241162	-0.29587	-0.347072	-0.374842	-0.374518	-0.353994	-0.320314	-0.283486	-0.259436	-0.25181	-0.271949	-0.314934	-0.369035	-0.419253	-0.464215	-0.518902	-0.579327	-0.60684	-0.575241	
-0.370312	-0.352926	-0.295129	-0.217017	-0.148283	-0.134177	-0.185849	-0.264908	-0.33396	-0.36809	-0.366345	-0.352218	-0.330592	-0.309717	-0.298626	-0.289878	-0.304217	-0.347172	-0.400768	-0.446693	-0.488639	-0.538173	-0.597809	-0.625708	-0.596043	
-0.368929	-0.352295	-0.291945	-0.208539	-0.134177	-0.11996	-0.174853	-0.259126	-0.333193	-0.367103	-0.365197	-0.351387	-0.331764	-0.31407	-0.306377	-0.296952	-0.310245	-0.353835	-0.405059	-0.451267	-0.49348	-0.543499	-0.600699	-0.628583	-0.598994	
-0.373639	-0.357086	-0.306741	-0.241162	-0.185849	-0.174853	-0.215837	-0.281444	-0.340197	-0.371147	-0.3702	-0.353908	-0.325662	-0.296242	-0.278132	-0.269671	-0.286956	-0.329724	-0.384902	-0.432625	-0.475412	-0.527484	-0.588594	-0.616601	-0.585474	
-0.38352	-0.372999	-0.337659	-0.29587	-0.264908	-0.259126	-0.281444	-0.321218	-0.361026	-0.38208	-0.379187	-0.352287	-0.310057	-0.263716	-0.229905	-0.223258	-0.244396	-0.28898	-0.343608	-0.397276	-0.445329	-0.502873	-0.559452	-0.58878	-0.561255	
-0.384509	-0.385034	-0.36999	-0.347072	-0.33396	-0.333193	-0.340197	-0.361026	-0.380666	-0.386716	-0.375029	-0.344972	-0.295878	-0.237714	-0.190427	-0.177615	-0.196512	-0.246645	-0.307106	-0.361966	-0.409225	-0.463735	-0.516693	-0.551564	-0.535296	
-0.369332	-0.385138	-0.385088	-0.374842	-0.36809	-0.367103	-0.371147	-0.38208	-0.386716	-0.377026	-0.355864	-0.326051	-0.286879	-0.233987	-0.180258	-0.159972	-0.174748	-0.218541	-0.279492	-0.335623	-0.375982	-0.417123	-0.463724	-0.495267	-0.479375	
-0.345151	-0.369566	-0.379071	-0.374518	-0.366345	-0.365197	-0.3702	-0.379187	-0.375029	-0.355864	-0.329851	-0.308908	-0.286885	-0.248543	-0.204678	-0.178093	-0.185122	-0.219769	-0.274453	-0.31984	-0.350611	-0.37587	-0.405095	-0.423642	-0.403395	
-0.318058	-0.337927	-0.350798	-0.353994	-0.352218	-0.351387	-0.353908	-0.352287	-0.344972	-0.326051	-0.308908	-0.302171	-0.29411	-0.271566	-0.243736	-0.22257	-0.223736	-0.250718	-0.287117	-0.317017	-0.3354	-0.345537	-0.357476	-0.358609	-0.327265	
-0.285799	-0.291443	-0.303797	-0.320314	-0.330592	-0.331764	-0.325662	-0.310057	-0.295878	-0.286879	-0.286885	-0.29411	-0.296275	-0.288037	-0.277744	-0.270186	-0.279774	-0.301885	-0.32272	-0.334687	-0.332834	-0.323914	-0.319285	-0.299056	-0.250452	
-0.238321	-0.233403	-0.251375	-0.283486	-0.309717	-0.31407	-0.296242	-0.263716	-0.237714	-0.233987	-0.248543	-0.271566	-0.288037	-0.297082	-0.304797	-0.314046	-0.332368	-0.354273	-0.369605	-0.366185	-0.346048	-0.320308	-0.290789	-0.245777	-0.18022	
-0.187042	-0.181685	-0.212032	-0.259436	-0.298626	-0.306377	-0.278132	-0.229905	-0.190427	-0.180258	-0.204678	-0.243736	-0.277744	-0.304797	-0.324213	-0.341613	-0.366579	-0.39785	-0.41116	-0.399977	-0.367687	-0.32459	-0.26536	-0.197261	-0.116768	
-0.163601	-0.165636	-0.203917	-0.25181	-0.289878	-0.296952	-0.269671	-0.223258	-0.177615	-0.159972	-0.178093	-0.22257	-0.270186	-0.314046	-0.341613	-0.367338	-0.393694	-0.423237	-0.436471	-0.420328	-0.374386	-0.307956	-0.224828	-0.132927	-0.0451958	
-0.175026	-0.184085	-0.223887	-0.271949	-0.304217	-0.310245	-0.286956	-0.244396	-0.196512	-0.174748	-0.185122	-0.223736	-0.279774	-0.332368	-0.366579	-0.393694	-0.419567	-0.435064	-0.436965	-0.404985	-0.343129	-0.25367	-0.140181	-0.0334154	0.0512556	
-0.215031	-0.232341	-0.271536	-0.314934	-0.347172	-0.353835	-0.329724	-0.28898	-0.246645	-0.218541	-0.219769	-0.250718	-0.301885	-0.354273	-0.39785	-0.423237	-0.435064	-0.429536	-0.404098	-0.343583	-0.256079	-0.139944	-0.00931498	0.096084	0.167603	
-0.27476	-0.293806	-0.328295	-0.369035	-0.400768	-0.405059	-0.384902	-0.343608	-0.307106	-0.279492	-0.274453	-0.287117	-0.32272	-0.369605	-0.41116	-0.436471	-0.436965	-0.404098	-0.336029	-0.243015	-0.12729	0.00928436	0.141756	0.239934	0.298261	
-0.328255	-0.350187	-0.38258	-0.419253	-0.446693	-0.451267	-0.432625	-0.397276	-0.361966	-0.335623	-0.31984	-0.317017	-0.334687	-0.366185	-0.399977	-0.420328	-0.404985	-0.343583	-0.243015	-0.118129	0.021382	0.165297	0.294191	0.38243	0.417658	
-0.364958	-0.394876	-0.431865	-0.464215	-0.488639	-0.49348	-0.475412	-0.445329	-0.409225	-0.375982	-0.350611	-0.3354	-0.332834	-0.346048	-0.367687	-0.374386	-0.343129	-0.256079	-0.12729	0.021382	0.170786	0.311458	0.4323	0.507719	0.518641	
-0.399531	-0.44538	-0.489062	-0.518902	-0.538173	-0.543499	-0.527484	-0.502873	-0.463735	-0.417123	-0.37587	-0.345537	-0.323914	-0.320308	-0.32459	-0.307956	-0.25367	-0.139944	0.00928436	0.165297	0.311458	0.443135	0.545465	0.598777	0.583876	
-0.439882	-0.496838	-0.543519	-0.579327	-0.597809	-0.600699	-0.588594	-0.559452	-0.516693	-0.463724	-0.405095	-0.357476	-0.319285	-0.290789	-0.26536	-0.224828	-0.140181	-0.00931498	0.141756	0.294191	0.4323	0.545465	0.623047	0.646989	0.600205	
-0.467495	-0.531309	-0.575261	-0.60684	-0.625708	-0.628583	-0.616601	-0.58878	-0.551564	-0.495267	-0.423642	-0.358609	-0.299056	-0.245777	-0.197261	-0.132927	-0.0334154	0.096084	0.239934	0.38243	0.507719	0.598777	0.646989	0.637732	0.564566	
-0.450136	-0.516125	-0.552834	-0.575241	-0.596043	-0.598994	-0.585474	-0.561255	-0.535296	-0.479375	-0.403395	-0.327265	-0.250452	-0.18022	-0.116768	-0.0451958	0.0512556	0.167603	0.298261	0.417658	0.518641	0.583876	0.600205	0.564566	0.476491	
