0.0310989	-0.134703	-0.272581	-0.375007	-0.440602	-0.454936	-0.410232	-0.297321	-0.150075	-0.0274373	0.0657032	0.125727	0.158594	0.165198	0.150877	0.108723	0.0253606	-0.0873936	-0.212817	-0.322641	-0.394154	-0.408044	-0.353811	-0.225748	-0.0509219	
-0.134703	-0.313705	-0.460296	-0.573136	-0.638322	-0.642905	-0.576745	-0.45163	-0.300517	-0.159746	-0.0465998	0.0405569	0.0986746	0.1287	0.140623	0.125995	0.0642445	-0.0314814	-0.149252	-0.260518	-0.340386	-0.370014	-0.34066	-0.238596	-0.0875351	
-0.272581	-0.460296	-0.621331	-0.738361	-0.794666	-0.783371	-0.698018	-0.56447	-0.408944	-0.255627	-0.123379	-0.015967	0.0639788	0.116997	0.153443	0.164781	0.135534	0.0615079	-0.0461728	-0.1589	-0.245139	-0.293058	-0.297874	-0.23522	-0.124922	
-0.375007	-0.573136	-0.738361	-0.846674	-0.884951	-0.856122	-0.763149	-0.624838	-0.462521	-0.298838	-0.154507	-0.0347617	0.0600234	0.137353	0.192312	0.224326	0.221866	0.168652	0.0770833	-0.0290753	-0.122752	-0.193195	-0.22954	-0.212584	-0.14997	
-0.440602	-0.638322	-0.794666	-0.884951	-0.909034	-0.873436	-0.78382	-0.651097	-0.493389	-0.327842	-0.175397	-0.0452758	0.0684496	0.163033	0.237421	0.280971	0.296698	0.271563	0.205751	0.115667	0.0157255	-0.0758208	-0.140227	-0.171421	-0.168467	
-0.454936	-0.642905	-0.783371	-0.856122	-0.873436	-0.85215	-0.782383	-0.671744	-0.528138	-0.367255	-0.211871	-0.0658124	0.0681227	0.179355	0.269677	0.330544	0.366591	0.370288	0.329872	0.255783	0.153767	0.0446737	-0.0530159	-0.13741	-0.191457	
-0.410232	-0.576745	-0.698018	-0.763149	-0.78382	-0.782383	-0.751131	-0.678354	-0.55912	-0.408698	-0.251081	-0.097933	0.0468387	0.17373	0.28396	0.369964	0.426914	0.44986	0.434125	0.375836	0.27117	0.141624	0.00719973	-0.119764	-0.222276	
-0.297321	-0.45163	-0.56447	-0.624838	-0.651097	-0.671744	-0.678354	-0.642324	-0.550216	-0.423247	-0.279612	-0.136256	0.00672055	0.142658	0.267233	0.373763	0.448547	0.487932	0.498381	0.454093	0.345779	0.204161	0.0477144	-0.109072	-0.252919	
-0.150075	-0.300517	-0.408944	-0.462521	-0.493389	-0.528138	-0.55912	-0.550216	-0.489636	-0.403548	-0.299628	-0.17968	-0.0502852	0.0852477	0.214346	0.334539	0.428206	0.487667	0.510636	0.475978	0.379774	0.241937	0.079544	-0.101947	-0.282923	
-0.0274373	-0.159746	-0.255627	-0.298838	-0.327842	-0.367255	-0.408698	-0.423247	-0.403548	-0.363237	-0.304732	-0.22104	-0.11912	-0.000684994	0.127884	0.260239	0.37129	0.443661	0.472256	0.455877	0.386044	0.263192	0.100991	-0.0948009	-0.295731	
0.0657032	-0.0465998	-0.123379	-0.154507	-0.175397	-0.211871	-0.251081	-0.279612	-0.299628	-0.304732	-0.290624	-0.248299	-0.183144	-0.0917863	0.0292748	0.165622	0.281965	0.362007	0.407337	0.413863	0.370237	0.265839	0.113372	-0.0743257	-0.278824	
0.125727	0.0405569	-0.015967	-0.0347617	-0.0452758	-0.0658124	-0.097933	-0.136256	-0.17968	-0.22104	-0.248299	-0.248098	-0.225741	-0.163952	-0.064801	0.0547513	0.16573	0.260333	0.331974	0.360263	0.342337	0.262306	0.127675	-0.0467553	-0.242816	
0.158594	0.0986746	0.0639788	0.0600234	0.0684496	0.0681227	0.0468387	0.00672055	-0.0502852	-0.11912	-0.183144	-0.225741	-0.244663	-0.222118	-0.158503	-0.0645077	0.0423333	0.146877	0.236749	0.290682	0.301354	0.252646	0.136678	-0.022063	-0.19847	
0.165198	0.1287	0.116997	0.137353	0.163033	0.179355	0.17373	0.142658	0.0852477	-0.000684994	-0.0917863	-0.163952	-0.222118	-0.254361	-0.237752	-0.17239	-0.0795805	0.0219007	0.122408	0.201626	0.238617	0.211321	0.119043	-0.0145808	-0.163039	
0.150877	0.140623	0.153443	0.192312	0.237421	0.269677	0.28396	0.267233	0.214346	0.127884	0.0292748	-0.064801	-0.158503	-0.237752	-0.267567	-0.244756	-0.18798	-0.104143	-0.000792853	0.0919156	0.139637	0.129381	0.0654979	-0.0337888	-0.157642	
0.108723	0.125995	0.164781	0.224326	0.280971	0.330544	0.369964	0.373763	0.334539	0.260239	0.165622	0.0547513	-0.0645077	-0.17239	-0.244756	-0.274148	-0.262745	-0.207916	-0.121409	-0.0345547	0.0190041	0.0324191	0.000581228	-0.069263	-0.166638	
0.0253606	0.0642445	0.135534	0.221866	0.296698	0.366591	0.426914	0.448547	0.428206	0.37129	0.281965	0.16573	0.0423333	-0.0795805	-0.18798	-0.262745	-0.291873	-0.275586	-0.222506	-0.154534	-0.0913828	-0.0515778	-0.0506119	-0.0872561	-0.158803	
-0.0873936	-0.0314814	0.0615079	0.168652	0.271563	0.370288	0.44986	0.487932	0.487667	0.443661	0.362007	0.260333	0.146877	0.0219007	-0.104143	-0.207916	-0.275586	-0.29867	-0.279735	-0.229551	-0.166296	-0.111251	-0.0809102	-0.0855232	-0.131514	
-0.212817	-0.149252	-0.0461728	0.0770833	0.205751	0.329872	0.434125	0.498381	0.510636	0.472256	0.407337	0.331974	0.236749	0.122408	-0.000792853	-0.121409	-0.222506	-0.279735	-0.283039	-0.249619	-0.195655	-0.136245	-0.0902506	-0.0802672	-0.106169	
-0.322641	-0.260518	-0.1589	-0.0290753	0.115667	0.255783	0.375836	0.454093	0.475978	0.455877	0.413863	0.360263	0.290682	0.201626	0.0919156	-0.0345547	-0.154534	-0.229551	-0.249619	-0.234847	-0.187781	-0.12986	-0.0827038	-0.0690247	-0.0863808	
-0.394154	-0.340386	-0.245139	-0.122752	0.0157255	0.153767	0.27117	0.345779	0.379774	0.386044	0.370237	0.342337	0.301354	0.238617	0.139637	0.0190041	-0.0913828	-0.166296	-0.195655	-0.187781	-0.149722	-0.103832	-0.0671367	-0.0568644	-0.0675702	
-0.408044	-0.370014	-0.293058	-0.193195	-0.0758208	0.0446737	0.141624	0.204161	0.241937	0.263192	0.265839	0.262306	0.252646	0.211321	0.129381	0.0324191	-0.0515778	-0.111251	-0.136245	-0.12986	-0.103832	-0.0785422	-0.0564136	-0.0421619	-0.0401819	
-0.353811	-0.34066	-0.297874	-0.22954	-0.140227	-0.0530159	0.00719973	0.0477144	0.079544	0.100991	0.113372	0.127675	0.136678	0.119043	0.0654979	0.000581228	-0.0506119	-0.0809102	-0.0902506	-0.0827038	-0.0671367	-0.0564136	-0.0419859	-0.0242327	-0.00645878	
-0.225748	-0.238596	-0.23522	-0.212584	-0.171421	-0.13741	-0.119764	-0.109072	-0.101947	-0.0948009	-0.0743257	-0.0467553	-0.022063	-0.0145808	-0.0337888	-0.069263	-0.0872561	-0.0855232	-0.0802672	-0.0690247	-0.0568644	-0.0421619	-0.0242327	0.00525841	0.0364979	
-0.0509219	-0.0875351	-0.124922	-0.14997	-0.168467	-0.191457	-0.222276	-0.252919	-0.282923	-0.295731	-0.278824	-0.242816	-0.19847	-0.163039	-0.157642	-0.166638	-0.158803	-0.131514	-0.106169	-0.0863808	-0.0675702	-0.0401819	-0.00645878	0.0364979	0.0921565	
0.122513	0.0755289	0.0123019	-0.0622964	-0.139562	-0.216667	-0.297898	-0.378231	-0.4457	-0.482201	-0.476062	-0.437911	-0.376959	-0.322263	-0.291884	-0.276567	-0.247603	-0.20243	-0.16196	-0.129659	-0.102134	-0.0583527	-0.00177197	0.069805	0.153605	
0.266763	0.222157	0.147954	0.0363142	-0.0951918	-0.228046	-0.362096	-0.491696	-0.593704	-0.647322	-0.646916	-0.602977	-0.533942	-0.464901	-0.414552	-0.376128	-0.32877	-0.274534	-0.228426	-0.188892	-0.154136	-0.0966181	-0.0128994	0.0925364	0.216387	
0.382188	0.343407	0.258554	0.11974	-0.050785	-0.230592	-0.41471	-0.585196	-0.719273	-0.787232	-0.789515	-0.744171	-0.665837	-0.581191	-0.511483	-0.455032	-0.394013	-0.33446	-0.289318	-0.250188	-0.208062	-0.144048	-0.0385374	0.107621	0.277217	
0.460956	0.427806	0.338431	0.181425	-0.0186703	-0.235391	-0.450306	-0.651024	-0.810349	-0.892213	-0.896029	-0.844293	-0.759842	-0.663043	-0.576151	-0.507242	-0.440585	-0.381195	-0.337375	-0.295724	-0.247922	-0.17676	-0.0568764	0.116071	0.323733	
0.506969	0.477773	0.386131	0.220058	0.000426869	-0.24122	-0.478745	-0.69628	-0.868488	-0.954494	-0.955513	-0.897337	-0.808943	-0.707002	-0.607966	-0.530759	-0.467358	-0.413582	-0.369195	-0.326769	-0.273101	-0.189792	-0.0582285	0.124187	0.350106	
0.516982	0.48735	0.393235	0.22607	0.00462253	-0.241865	-0.485776	-0.705929	-0.879793	-0.965149	-0.965331	-0.907159	-0.817555	-0.714415	-0.613829	-0.534156	-0.472942	-0.420406	-0.374365	-0.33272	-0.277601	-0.191269	-0.0565785	0.126135	0.354264	
0.482669	0.451721	0.361885	0.20033	-0.00980007	-0.238065	-0.462911	-0.671407	-0.837351	-0.923103	-0.926226	-0.870568	-0.784767	-0.685386	-0.592424	-0.519608	-0.453992	-0.396543	-0.352258	-0.309938	-0.260114	-0.18433	-0.0585215	0.119513	0.336898	
0.418646	0.381643	0.294362	0.147055	-0.036011	-0.232274	-0.430611	-0.614253	-0.759852	-0.833514	-0.836926	-0.789752	-0.708284	-0.618152	-0.541629	-0.479389	-0.41468	-0.354344	-0.310356	-0.270545	-0.225918	-0.159558	-0.0485215	0.111411	0.29804	
0.316849	0.274568	0.19557	0.0728064	-0.0762046	-0.228991	-0.385803	-0.532833	-0.647895	-0.706827	-0.707431	-0.663162	-0.59046	-0.514301	-0.457513	-0.411134	-0.356967	-0.300107	-0.254224	-0.214615	-0.175832	-0.115969	-0.0221438	0.098982	0.24181	
0.183498	0.137032	0.0690995	-0.0230161	-0.123891	-0.223174	-0.324149	-0.424344	-0.506421	-0.550843	-0.547878	-0.507095	-0.442442	-0.382284	-0.342963	-0.317827	-0.281592	-0.232101	-0.188462	-0.151906	-0.121722	-0.0717748	-0.00435007	0.0810316	0.178761	
0.0209014	-0.0220858	-0.0725407	-0.117387	-0.159095	-0.204006	-0.255199	-0.305176	-0.350547	-0.372803	-0.360295	-0.322955	-0.271724	-0.227288	-0.211717	-0.210743	-0.194085	-0.159097	-0.125857	-0.100245	-0.0783983	-0.0443757	-0.00206609	0.0500691	0.116854	
-0.158889	-0.181664	-0.195262	-0.191867	-0.174655	-0.16309	-0.164486	-0.168515	-0.175684	-0.176371	-0.154997	-0.123232	-0.0911125	-0.0722313	-0.0806166	-0.104948	-0.111633	-0.0987869	-0.086705	-0.073249	-0.0589501	-0.0398585	-0.0168337	0.0176078	0.0578353	
-0.310658	-0.30833	-0.280818	-0.229173	-0.156284	-0.0898153	-0.0449907	-0.015235	0.00840977	0.0255501	0.0412147	0.0620486	0.0767084	0.0688598	0.0294457	-0.0236374	-0.0603319	-0.0774628	-0.0815024	-0.0724228	-0.0599992	-0.0493377	-0.0354514	-0.0138421	0.00914291	
-0.395185	-0.366079	-0.301615	-0.213256	-0.105523	0.00451833	0.0870478	0.141908	0.179542	0.202711	0.209659	0.213753	0.213051	0.181113	0.109323	0.02453	-0.0465582	-0.0956671	-0.115044	-0.108132	-0.08702	-0.0692448	-0.0513027	-0.0353306	-0.0269503	
-0.407342	-0.358944	-0.268782	-0.153652	-0.0231272	0.109236	0.221039	0.291506	0.32815	0.342615	0.335511	0.318643	0.290842	0.236619	0.142432	0.0293807	-0.0713094	-0.142083	-0.171625	-0.164634	-0.131369	-0.0929568	-0.0619612	-0.0517597	-0.0577424	
-0.356943	-0.297765	-0.197381	-0.0689131	0.0759848	0.217757	0.338998	0.417591	0.444199	0.434508	0.402522	0.359236	0.300419	0.222569	0.117668	-0.00887596	-0.127828	-0.204139	-0.229721	-0.21944	-0.175659	-0.120574	-0.0766181	-0.0642103	-0.0794186	
-0.25955	-0.195887	-0.0930301	0.0347072	0.172039	0.304244	0.416025	0.488811	0.504681	0.471644	0.415761	0.349002	0.263222	0.158663	0.0398242	-0.084316	-0.195957	-0.262773	-0.272472	-0.247235	-0.196651	-0.136967	-0.0892216	-0.0769377	-0.097594	
-0.13795	-0.0770765	0.021625	0.135761	0.249137	0.358937	0.448303	0.496415	0.501752	0.459822	0.383801	0.293054	0.185907	0.0627776	-0.0637959	-0.17574	-0.257915	-0.295851	-0.287479	-0.243646	-0.183285	-0.12595	-0.0870974	-0.0831221	-0.119714	
-0.0164305	0.0293679	0.110736	0.206107	0.292161	0.37354	0.440832	0.46804	0.455759	0.405989	0.318466	0.205566	0.0844734	-0.039227	-0.157937	-0.246045	-0.290865	-0.290202	-0.251751	-0.19116	-0.126289	-0.078551	-0.0649349	-0.0879361	-0.149248	
0.0798091	0.107	0.158895	0.229326	0.290579	0.347521	0.396302	0.408401	0.37641	0.308362	0.216487	0.100877	-0.0224486	-0.137214	-0.22495	-0.274563	-0.279578	-0.239851	-0.165791	-0.0856285	-0.0283842	-0.00398408	-0.0223934	-0.0794765	-0.166176	
0.138561	0.139185	0.162061	0.208088	0.258758	0.29793	0.321289	0.31246	0.263826	0.181093	0.0833362	-0.0173989	-0.123413	-0.216451	-0.264425	-0.261379	-0.22323	-0.149212	-0.0500152	0.0425515	0.0927801	0.0903716	0.0388336	-0.0478082	-0.161281	
0.161651	0.135815	0.132962	0.16162	0.196514	0.218275	0.220148	0.194137	0.13775	0.0498353	-0.0465663	-0.128242	-0.200744	-0.254086	-0.257098	-0.206785	-0.125274	-0.0293859	0.073912	0.16041	0.202822	0.18249	0.101085	-0.0188695	-0.156962	
0.163665	0.113427	0.0882444	0.0936443	0.107798	0.114912	0.0997997	0.0624361	0.0042775	-0.0739083	-0.150246	-0.206201	-0.241064	-0.239774	-0.193936	-0.110667	-0.00695387	0.0980328	0.19246	0.257266	0.279727	0.241314	0.134292	-0.0160623	-0.181787	
0.143039	0.0681686	0.0193278	0.00520825	0.0031889	-0.0103924	-0.0385487	-0.0787423	-0.129264	-0.182135	-0.225053	-0.242179	-0.236673	-0.189232	-0.102454	0.00715662	0.116413	0.216485	0.296181	0.33479	0.328214	0.260262	0.133126	-0.0357272	-0.225546	
0.0928565	-0.00865547	-0.0768187	-0.103666	-0.12169	-0.151872	-0.188989	-0.221398	-0.252487	-0.274566	-0.27679	-0.251151	-0.202799	-0.122404	-0.00871227	0.122925	0.238313	0.323197	0.37904	0.393846	0.36015	0.264158	0.118099	-0.0637463	-0.265357	
