0.240107	0.343291	0.457217	0.561938	0.645608	0.709197	0.746158	0.746714	0.711287	0.632261	0.514765	0.390794	0.281018	0.181195	0.0943209	0.0252984	-0.0328202	-0.0697333	-0.0826231	-0.0731468	-0.0518184	-0.0273712	-0.0111218	-0.0065041	-0.00772714	
0.343291	0.441693	0.539745	0.630356	0.711633	0.77905	0.814923	0.814927	0.770423	0.672333	0.541042	0.408664	0.280406	0.15643	0.0414147	-0.0605281	-0.143693	-0.199899	-0.234265	-0.248677	-0.237207	-0.207004	-0.175469	-0.158281	-0.153256	
0.457217	0.539745	0.612293	0.688965	0.767302	0.826227	0.856939	0.857931	0.811531	0.707304	0.572547	0.428875	0.279729	0.131425	-0.00848686	-0.135151	-0.234833	-0.309076	-0.358505	-0.383164	-0.380979	-0.353699	-0.316822	-0.293095	-0.282629	
0.561938	0.630356	0.688965	0.755947	0.824288	0.874202	0.898575	0.895921	0.848964	0.75704	0.627201	0.476967	0.310084	0.136501	-0.0335084	-0.181861	-0.295767	-0.378436	-0.433779	-0.463082	-0.468477	-0.446728	-0.416324	-0.396309	-0.386447	
0.645608	0.711633	0.767302	0.824288	0.885041	0.932116	0.951944	0.949329	0.914996	0.837078	0.719692	0.569238	0.397956	0.204297	0.0108875	-0.158584	-0.290351	-0.3867	-0.447522	-0.48509	-0.497707	-0.491269	-0.475791	-0.461203	-0.446014	
0.709197	0.77905	0.826227	0.874202	0.932116	0.98384	1.01341	1.0225	1.01018	0.957852	0.860746	0.722821	0.550319	0.343762	0.135192	-0.0493515	-0.20333	-0.316844	-0.393021	-0.450548	-0.479269	-0.488796	-0.487591	-0.473622	-0.455192	
0.746158	0.814923	0.856939	0.898575	0.951944	1.01341	1.06628	1.1023	1.12024	1.09841	1.03062	0.912052	0.740771	0.531133	0.31374	0.115535	-0.0481382	-0.178991	-0.279548	-0.36475	-0.415397	-0.446465	-0.464352	-0.455746	-0.428165	
0.746714	0.814927	0.857931	0.895921	0.949329	1.0225	1.1023	1.16783	1.21751	1.23457	1.20012	1.10552	0.945548	0.743606	0.530322	0.325514	0.148838	-0.000874563	-0.129607	-0.239141	-0.316285	-0.365683	-0.394048	-0.395865	-0.37301	
0.711287	0.770423	0.811531	0.848964	0.914996	1.01018	1.12024	1.21751	1.29807	1.35106	1.35071	1.28014	1.1427	0.960214	0.756747	0.556028	0.370341	0.199591	0.0380965	-0.0937513	-0.189704	-0.250761	-0.284353	-0.294481	-0.283563	
0.632261	0.672333	0.707304	0.75704	0.837078	0.957852	1.09841	1.23457	1.35106	1.43309	1.4595	1.41374	1.30763	1.15327	0.970127	0.779149	0.585097	0.394703	0.217465	0.0636132	-0.0480743	-0.117155	-0.155976	-0.175098	-0.176095	
0.514765	0.541042	0.572547	0.627201	0.719692	0.860746	1.03062	1.20012	1.35071	1.4595	1.50994	1.48953	1.4195	1.30508	1.15188	0.976975	0.781744	0.577681	0.391027	0.219599	0.0929958	0.0149172	-0.0395076	-0.0741552	-0.0867323	
0.390794	0.408664	0.428875	0.476967	0.569238	0.722821	0.912052	1.10552	1.28014	1.41374	1.48953	1.5177	1.49305	1.42335	1.30175	1.13999	0.950335	0.748711	0.55323	0.374152	0.229258	0.124155	0.0506673	0.00240822	-0.0256393	
0.281018	0.280406	0.279729	0.310084	0.397956	0.550319	0.740771	0.945548	1.1427	1.30763	1.4195	1.49305	1.52165	1.49756	1.40824	1.26245	1.08548	0.892193	0.69289	0.509491	0.347836	0.219028	0.128081	0.0626304	0.0171588	
0.181195	0.15643	0.131425	0.136501	0.204297	0.343762	0.531133	0.743606	0.960214	1.15327	1.30508	1.42335	1.49756	1.50605	1.44678	1.32701	1.17133	0.993716	0.807308	0.627678	0.45805	0.312364	0.201727	0.117431	0.0526683	
0.0943209	0.0414147	-0.00848686	-0.0335084	0.0108875	0.135192	0.31374	0.530322	0.756747	0.970127	1.15188	1.30175	1.40824	1.44678	1.416	1.32773	1.20766	1.0629	0.901222	0.729955	0.565823	0.411012	0.276055	0.167674	0.081208	
0.0252984	-0.0605281	-0.135151	-0.181861	-0.158584	-0.0493515	0.115535	0.325514	0.556028	0.779149	0.976975	1.13999	1.26245	1.32701	1.32773	1.28241	1.21263	1.10596	0.976334	0.829401	0.674058	0.512708	0.359817	0.220232	0.102988	
-0.0328202	-0.143693	-0.234833	-0.295767	-0.290351	-0.20333	-0.0481382	0.148838	0.370341	0.585097	0.781744	0.950335	1.08548	1.17133	1.20766	1.21263	1.18649	1.1229	1.0299	0.910961	0.774729	0.622452	0.450791	0.282884	0.130581	
-0.0697333	-0.199899	-0.309076	-0.378436	-0.3867	-0.316844	-0.178991	-0.000874563	0.199591	0.394703	0.577681	0.748711	0.892193	0.993716	1.0629	1.10596	1.1229	1.10599	1.05339	0.964805	0.855426	0.709884	0.528074	0.341184	0.164875	
-0.0826231	-0.234265	-0.358505	-0.433779	-0.447522	-0.393021	-0.279548	-0.129607	0.0380965	0.217465	0.391027	0.55323	0.69289	0.807308	0.901222	0.976334	1.0299	1.05339	1.03446	0.979022	0.896982	0.768885	0.592917	0.398667	0.205226	
-0.0731468	-0.248677	-0.383164	-0.463082	-0.48509	-0.450548	-0.36475	-0.239141	-0.0937513	0.0636132	0.219599	0.374152	0.509491	0.627678	0.729955	0.829401	0.910961	0.964805	0.979022	0.959383	0.902855	0.797953	0.640443	0.453618	0.260901	
-0.0518184	-0.237207	-0.380979	-0.468477	-0.497707	-0.479269	-0.415397	-0.316285	-0.189704	-0.0480743	0.0929958	0.229258	0.347836	0.45805	0.565823	0.674058	0.774729	0.855426	0.896982	0.902855	0.870378	0.794098	0.667477	0.50534	0.334761	
-0.0273712	-0.207004	-0.353699	-0.446728	-0.491269	-0.488796	-0.446465	-0.365683	-0.250761	-0.117155	0.0149172	0.124155	0.219028	0.312364	0.411012	0.512708	0.622452	0.709884	0.768885	0.797953	0.794098	0.754536	0.67412	0.55153	0.416334	
-0.0111218	-0.175469	-0.316822	-0.416324	-0.475791	-0.487591	-0.464352	-0.394048	-0.284353	-0.155976	-0.0395076	0.0506673	0.128081	0.201727	0.276055	0.359817	0.450791	0.528074	0.592917	0.640443	0.667477	0.67412	0.647575	0.581509	0.492326	
-0.0065041	-0.158281	-0.293095	-0.396309	-0.461203	-0.473622	-0.455746	-0.395865	-0.294481	-0.175098	-0.0741552	0.00240822	0.0626304	0.117431	0.167674	0.220232	0.282884	0.341184	0.398667	0.453618	0.50534	0.55153	0.581509	0.578937	0.550177	
-0.00772714	-0.153256	-0.282629	-0.386447	-0.446014	-0.455192	-0.428165	-0.37301	-0.283563	-0.176095	-0.0867323	-0.0256393	0.0171588	0.0526683	0.081208	0.102988	0.130581	0.164875	0.205226	0.260901	0.334761	0.416334	0.492326	0.550177	0.579613	
-0.0127085	-0.157191	-0.282555	-0.383791	-0.430055	-0.424873	-0.387494	-0.32609	-0.239703	-0.148091	-0.0798037	-0.0339345	-0.000386105	0.0120947	0.00626819	-0.0027289	-0.00762262	0.00182722	0.0300334	0.0834885	0.169743	0.272717	0.383953	0.49755	0.590439	
-0.0281156	-0.174127	-0.296092	-0.3914	-0.426204	-0.405332	-0.346862	-0.273241	-0.187445	-0.103663	-0.0441826	-0.0085146	-0.000156083	-0.0186408	-0.0576728	-0.103637	-0.140343	-0.152033	-0.138306	-0.0848797	0.0114593	0.135275	0.279973	0.438862	0.592089	
-0.0504275	-0.199941	-0.322651	-0.409547	-0.437153	-0.403834	-0.324278	-0.229253	-0.134928	-0.0546354	-0.00141923	0.0203542	0.00405438	-0.0454428	-0.118342	-0.197812	-0.258047	-0.289032	-0.285976	-0.233562	-0.129381	0.0124106	0.182549	0.376303	0.583656	
-0.0737992	-0.22303	-0.348549	-0.429885	-0.446661	-0.396132	-0.298553	-0.182885	-0.0807411	-0.00820711	0.0302582	0.0354936	0.00358782	-0.0687821	-0.165974	-0.25683	-0.326507	-0.367889	-0.370661	-0.32455	-0.227185	-0.0847883	0.0937014	0.311913	0.565147	
-0.0818338	-0.234065	-0.361991	-0.435981	-0.450601	-0.38836	-0.276768	-0.146978	-0.0433023	0.021414	0.0493775	0.0416914	-0.0071035	-0.0898681	-0.191292	-0.285295	-0.350513	-0.393615	-0.401045	-0.362845	-0.276466	-0.140389	0.0394703	0.26344	0.541504	
-0.0822874	-0.234952	-0.363769	-0.436788	-0.451227	-0.388609	-0.272741	-0.141071	-0.0377901	0.0257502	0.0530186	0.0437944	-0.0106592	-0.0952322	-0.195273	-0.289007	-0.353554	-0.396083	-0.405864	-0.368392	-0.283401	-0.1481	0.0303381	0.254089	0.536051	
-0.0787778	-0.228669	-0.355614	-0.433573	-0.44833	-0.391065	-0.288149	-0.165983	-0.062095	0.00676785	0.0392241	0.0379838	0.000596684	-0.0770751	-0.178975	-0.271362	-0.34004	-0.382852	-0.38653	-0.345178	-0.252832	-0.112898	0.066152	0.289103	0.555857	
-0.0606743	-0.210608	-0.333698	-0.418415	-0.442034	-0.402854	-0.314993	-0.211275	-0.113225	-0.0355772	0.0140606	0.0285865	0.00498477	-0.0558169	-0.140043	-0.225861	-0.291966	-0.328805	-0.329156	-0.278014	-0.173554	-0.0298417	0.145327	0.350558	0.576555	
-0.0362036	-0.183619	-0.306189	-0.397664	-0.429384	-0.4034	-0.336384	-0.255252	-0.166687	-0.0839469	-0.0271026	0.00311777	0.00164785	-0.0296714	-0.0828269	-0.144467	-0.19161	-0.211035	-0.201939	-0.149377	-0.0486323	0.083591	0.239714	0.413792	0.590091	
-0.0176789	-0.162307	-0.286225	-0.386175	-0.426518	-0.414102	-0.369436	-0.304108	-0.219059	-0.131552	-0.0680944	-0.0256142	-0.00175787	-0.000824243	-0.0203117	-0.0422088	-0.0605747	-0.0600585	-0.0379122	0.0159323	0.105933	0.217454	0.341361	0.474013	0.592521	
-0.00853615	-0.153954	-0.281071	-0.383432	-0.439196	-0.443487	-0.413606	-0.356166	-0.269098	-0.167942	-0.0873213	-0.0329556	0.00655032	0.0344489	0.0500052	0.0592098	0.0740527	0.0977018	0.132883	0.187606	0.267381	0.358796	0.45073	0.531048	0.585134	
-0.00739287	-0.154869	-0.287974	-0.392347	-0.455319	-0.467485	-0.445878	-0.390096	-0.293974	-0.178813	-0.081406	-0.0106658	0.0418483	0.088341	0.131618	0.170856	0.22029	0.269383	0.319684	0.375992	0.437715	0.49825	0.548182	0.5706	0.565759	
-0.00753886	-0.166526	-0.305379	-0.406614	-0.469653	-0.482593	-0.464044	-0.397879	-0.290188	-0.165412	-0.0562145	0.02883	0.099029	0.165425	0.229366	0.301658	0.381653	0.452059	0.516535	0.56753	0.603997	0.628853	0.625503	0.584373	0.518653	
-0.0193671	-0.194133	-0.338252	-0.43403	-0.48612	-0.490892	-0.456427	-0.379968	-0.267057	-0.135847	-0.00876934	0.091425	0.178068	0.264287	0.353889	0.450416	0.555215	0.640147	0.702585	0.741185	0.74985	0.727931	0.667928	0.567109	0.44755	
-0.0418979	-0.225981	-0.373022	-0.462455	-0.496229	-0.483468	-0.428667	-0.338521	-0.218483	-0.0799124	0.0571956	0.182201	0.292567	0.396128	0.502424	0.609718	0.716387	0.802876	0.853422	0.866937	0.845164	0.782069	0.673113	0.525244	0.367647	
-0.0654764	-0.246913	-0.385608	-0.468358	-0.49339	-0.466166	-0.389925	-0.274301	-0.136337	0.0129903	0.162796	0.311891	0.441337	0.557601	0.663457	0.76781	0.857339	0.922908	0.949721	0.941856	0.895294	0.800783	0.65376	0.47439	0.288479	
-0.0813947	-0.243367	-0.371318	-0.447994	-0.46523	-0.418578	-0.316246	-0.1762	-0.0184661	0.152164	0.318717	0.478237	0.617224	0.735279	0.832544	0.91878	0.985222	1.02147	1.01593	0.975186	0.902775	0.784002	0.614733	0.421333	0.225532	
-0.0776341	-0.215288	-0.332089	-0.404675	-0.414547	-0.350061	-0.221666	-0.05486	0.13262	0.321913	0.501892	0.669158	0.812278	0.918963	1.00016	1.05686	1.08924	1.08948	1.05102	0.975566	0.877785	0.736909	0.555263	0.364469	0.179798	
-0.0502963	-0.169411	-0.267225	-0.331585	-0.333453	-0.254389	-0.105107	0.0867146	0.301191	0.507799	0.698561	0.869712	1.00893	1.10264	1.15274	1.1738	1.16463	1.12055	1.04371	0.935879	0.810258	0.661274	0.483859	0.306226	0.143356	
-0.000446472	-0.097184	-0.178303	-0.231622	-0.215984	-0.115139	0.0461159	0.250613	0.480022	0.701718	0.901331	1.06722	1.19452	1.268	1.28276	1.25813	1.2074	1.11664	1.00048	0.865887	0.716547	0.556618	0.396412	0.244994	0.113194	
0.0652801	-0.000966321	-0.0617528	-0.096833	-0.0603284	0.0586129	0.230798	0.44559	0.674707	0.894639	1.08491	1.24036	1.355	1.4046	1.38575	1.31345	1.21281	1.08228	0.933724	0.769141	0.608131	0.451226	0.308098	0.187071	0.0904851	
0.144115	0.109046	0.074336	0.0678874	0.124534	0.257839	0.443438	0.658871	0.880146	1.08147	1.24755	1.38129	1.46995	1.49113	1.44293	1.33399	1.19099	1.02495	0.847522	0.670173	0.50217	0.351599	0.230642	0.138155	0.0655898	
0.239983	0.229932	0.219478	0.240684	0.323398	0.471494	0.660778	0.867605	1.07384	1.25082	1.37916	1.47065	1.51863	1.50891	1.43211	1.29672	1.12722	0.938233	0.741479	0.558595	0.391738	0.255693	0.158101	0.0849414	0.0314816	
0.345707	0.357125	0.369342	0.411501	0.50258	0.65831	0.848431	1.04795	1.23188	1.37771	1.46693	1.51372	1.51078	1.45955	1.35105	1.19391	1.00809	0.81	0.612685	0.43094	0.279348	0.16289	0.0820463	0.0274502	-0.00751325	
0.463894	0.487267	0.516061	0.569286	0.662309	0.8096	0.990698	1.17134	1.33118	1.44977	1.50936	1.50686	1.45361	1.35684	1.2159	1.04668	0.853205	0.648745	0.457528	0.281916	0.148711	0.0616599	-0.000550832	-0.0409104	-0.0587574	
