-0.560833	-0.632567	-0.651844	-0.600076	-0.481619	-0.308387	-0.115193	0.0729279	0.232716	0.346639	0.403568	0.399896	0.3446	0.271681	0.196541	0.130532	0.0876286	0.0760206	0.0958833	0.130489	0.159355	0.16509	0.141607	0.0936245	0.0263486	
-0.632567	-0.704363	-0.721084	-0.667565	-0.558203	-0.396217	-0.200568	-0.00212717	0.168989	0.304308	0.382616	0.384938	0.325574	0.236973	0.144941	0.0603189	0.000855949	-0.0259684	-0.0139454	0.0237481	0.062389	0.0838573	0.0808402	0.0606288	0.0218018	
-0.651844	-0.721084	-0.731297	-0.681217	-0.577959	-0.424068	-0.235027	-0.0453288	0.127904	0.269193	0.353295	0.357145	0.291446	0.190603	0.0754537	-0.0266914	-0.0987681	-0.133835	-0.124102	-0.0843357	-0.035966	0.000774072	0.0178301	0.0168664	-0.00522454	
-0.600076	-0.667565	-0.681217	-0.634015	-0.53117	-0.388311	-0.223842	-0.0517583	0.109281	0.236096	0.304095	0.299891	0.230884	0.117892	-0.0125843	-0.1255	-0.20082	-0.233219	-0.223215	-0.184049	-0.131207	-0.0845402	-0.0508619	-0.0441971	-0.0573116	
-0.481619	-0.558203	-0.577959	-0.53117	-0.431756	-0.316002	-0.182586	-0.0344991	0.0985001	0.18738	0.224159	0.204747	0.128612	0.0100124	-0.123845	-0.233844	-0.299934	-0.322552	-0.307769	-0.272229	-0.223372	-0.171603	-0.133332	-0.121594	-0.126397	
-0.308387	-0.396217	-0.424068	-0.388311	-0.316002	-0.232147	-0.124671	-0.005889	0.0881969	0.134319	0.136653	0.0932826	-7.95275e-05	-0.126884	-0.257161	-0.357531	-0.410879	-0.415773	-0.392344	-0.353169	-0.306586	-0.256664	-0.218507	-0.203148	-0.195455	
-0.115193	-0.200568	-0.235027	-0.223842	-0.182586	-0.124671	-0.0490353	0.0297459	0.0780639	0.0888814	0.060306	-0.0110963	-0.124573	-0.256937	-0.382818	-0.474829	-0.518267	-0.511712	-0.476866	-0.429667	-0.380402	-0.337227	-0.303359	-0.282661	-0.264575	
0.0729279	-0.00212717	-0.0453288	-0.0517583	-0.0344991	-0.005889	0.0297459	0.0580855	0.0662993	0.0446563	-0.0135284	-0.10764	-0.23087	-0.362938	-0.479665	-0.562944	-0.598109	-0.584368	-0.539613	-0.476384	-0.422502	-0.382422	-0.357531	-0.33904	-0.32377	
0.232716	0.168989	0.127904	0.109281	0.0985001	0.0881969	0.0780639	0.0662993	0.0382926	-0.0128923	-0.0917543	-0.190869	-0.308776	-0.429918	-0.532852	-0.601158	-0.62876	-0.611267	-0.558176	-0.483649	-0.419184	-0.378076	-0.360844	-0.356538	-0.364682	
0.346639	0.304308	0.269193	0.236096	0.18738	0.134319	0.0888814	0.0446563	-0.0128923	-0.0841235	-0.164546	-0.251785	-0.352287	-0.454291	-0.535378	-0.585206	-0.601848	-0.580544	-0.527571	-0.452408	-0.381639	-0.335036	-0.323497	-0.341438	-0.378694	
0.403568	0.382616	0.353295	0.304095	0.224159	0.136653	0.060306	-0.0135284	-0.0917543	-0.164546	-0.230704	-0.297469	-0.373103	-0.447409	-0.501025	-0.527311	-0.522524	-0.490366	-0.438173	-0.370412	-0.300676	-0.25064	-0.249039	-0.287097	-0.347557	
0.399896	0.384938	0.357145	0.299891	0.204747	0.0932826	-0.0110963	-0.10764	-0.190869	-0.251785	-0.297469	-0.339968	-0.384116	-0.422944	-0.445074	-0.436868	-0.399364	-0.342482	-0.281084	-0.218853	-0.155614	-0.117392	-0.131286	-0.184109	-0.256667	
0.3446	0.325574	0.291446	0.230884	0.128612	-7.95275e-05	-0.124573	-0.23087	-0.308776	-0.352287	-0.373103	-0.384116	-0.387022	-0.383651	-0.361829	-0.312219	-0.235508	-0.146865	-0.0661773	-0.000199916	0.0482684	0.0611856	0.0298908	-0.0304158	-0.105138	
0.271681	0.236973	0.190603	0.117892	0.0100124	-0.126884	-0.256937	-0.362938	-0.429918	-0.454291	-0.447409	-0.422944	-0.383651	-0.328641	-0.255418	-0.158982	-0.0447438	0.0751513	0.182855	0.255831	0.288003	0.277248	0.231045	0.171036	0.0952687	
0.196541	0.144941	0.0754537	-0.0125843	-0.123845	-0.257161	-0.382818	-0.479665	-0.532852	-0.535378	-0.501025	-0.445074	-0.361829	-0.255418	-0.128106	0.013957	0.162352	0.312139	0.438961	0.516938	0.539629	0.515959	0.465576	0.40097	0.322538	
0.130532	0.0603189	-0.0266914	-0.1255	-0.233844	-0.357531	-0.474829	-0.562944	-0.601158	-0.585206	-0.527311	-0.436868	-0.312219	-0.158982	0.013957	0.195681	0.376908	0.546129	0.678763	0.757286	0.780954	0.759661	0.707486	0.634658	0.551345	
0.0876286	0.000855949	-0.0987681	-0.20082	-0.299934	-0.410879	-0.518267	-0.598109	-0.62876	-0.601848	-0.522524	-0.399364	-0.235508	-0.0447438	0.162352	0.376908	0.58103	0.755838	0.885373	0.96464	0.995559	0.981811	0.925268	0.84447	0.758946	
0.0760206	-0.0259684	-0.133835	-0.233219	-0.322552	-0.415773	-0.511712	-0.584368	-0.611267	-0.580544	-0.490366	-0.342482	-0.146865	0.0751513	0.312139	0.546129	0.755838	0.926991	1.04945	1.12964	1.16323	1.14703	1.09	1.00555	0.922648	
0.0958833	-0.0139454	-0.124102	-0.223215	-0.307769	-0.392344	-0.476866	-0.539613	-0.558176	-0.527571	-0.438173	-0.281084	-0.0661773	0.182855	0.438961	0.678763	0.885373	1.04945	1.16994	1.2443	1.26763	1.24674	1.19121	1.11495	1.03421	
0.130489	0.0237481	-0.0843357	-0.184049	-0.272229	-0.353169	-0.429667	-0.476384	-0.483649	-0.452408	-0.370412	-0.218853	-0.000199916	0.255831	0.516938	0.757286	0.96464	1.12964	1.2443	1.30216	1.30657	1.27701	1.22894	1.16209	1.08383	
0.159355	0.062389	-0.035966	-0.131207	-0.223372	-0.306586	-0.380402	-0.422502	-0.419184	-0.381639	-0.300676	-0.155614	0.0482684	0.288003	0.539629	0.780954	0.995559	1.16323	1.26763	1.30657	1.29483	1.25766	1.21241	1.15137	1.07419	
0.16509	0.0838573	0.000774072	-0.0845402	-0.171603	-0.256664	-0.337227	-0.382422	-0.378076	-0.335036	-0.25064	-0.117392	0.0611856	0.277248	0.515959	0.759661	0.981811	1.14703	1.24674	1.27701	1.25766	1.21162	1.15447	1.08836	1.00858	
0.141607	0.0808402	0.0178301	-0.0508619	-0.133332	-0.218507	-0.303359	-0.357531	-0.360844	-0.323497	-0.249039	-0.131286	0.0298908	0.231045	0.465576	0.707486	0.925268	1.09	1.19121	1.22894	1.21241	1.15447	1.07818	0.992244	0.902553	
0.0936245	0.0606288	0.0168664	-0.0441971	-0.121594	-0.203148	-0.282661	-0.33904	-0.356538	-0.341438	-0.287097	-0.184109	-0.0304158	0.171036	0.40097	0.634658	0.84447	1.00555	1.11495	1.16209	1.15137	1.08836	0.992244	0.88365	0.775965	
0.0263486	0.0218018	-0.00522454	-0.0573116	-0.126397	-0.195455	-0.264575	-0.32377	-0.364682	-0.378694	-0.347557	-0.256667	-0.105138	0.0952687	0.322538	0.551345	0.758946	0.922648	1.03421	1.08383	1.07419	1.00858	0.902553	0.775965	0.65311	
-0.0698988	-0.0443718	-0.0457956	-0.075986	-0.127842	-0.187088	-0.253526	-0.329558	-0.399875	-0.442104	-0.429937	-0.348557	-0.199549	0.00153819	0.234027	0.472129	0.68905	0.861465	0.972575	1.01684	0.999749	0.92856	0.817951	0.686736	0.557635	
-0.178322	-0.119249	-0.0868766	-0.0923533	-0.126135	-0.18077	-0.254133	-0.344567	-0.439517	-0.506022	-0.512786	-0.446507	-0.306102	-0.0990778	0.145854	0.400744	0.633905	0.815189	0.929493	0.966608	0.936004	0.853334	0.739397	0.614227	0.490289	
-0.277597	-0.185721	-0.121051	-0.099988	-0.124172	-0.181581	-0.260393	-0.363179	-0.474439	-0.556524	-0.581029	-0.528932	-0.390432	-0.177034	0.0853723	0.354451	0.593582	0.779282	0.887815	0.917832	0.874113	0.781306	0.666698	0.549925	0.438501	
-0.35151	-0.236893	-0.147671	-0.110294	-0.122383	-0.178426	-0.262244	-0.37334	-0.497918	-0.594576	-0.631064	-0.589266	-0.456354	-0.234491	0.0403763	0.324249	0.571645	0.754325	0.85619	0.877189	0.828695	0.734245	0.617531	0.501112	0.394098	
-0.399347	-0.274844	-0.173185	-0.119302	-0.118963	-0.16998	-0.257741	-0.380827	-0.520282	-0.626858	-0.670445	-0.633506	-0.502368	-0.278121	0.00956476	0.308174	0.565695	0.749573	0.843114	0.860023	0.812413	0.721381	0.602663	0.477221	0.366792	
-0.408634	-0.283637	-0.17955	-0.122075	-0.118153	-0.168313	-0.25662	-0.383467	-0.526335	-0.634854	-0.678881	-0.642592	-0.511157	-0.286347	0.00377196	0.306643	0.566157	0.750532	0.842334	0.857992	0.810972	0.721188	0.601232	0.473955	0.361788	
-0.373693	-0.253857	-0.158336	-0.114459	-0.120897	-0.1746	-0.260599	-0.376381	-0.507356	-0.608536	-0.648396	-0.608986	-0.478126	-0.255012	0.0250603	0.315295	0.56757	0.750193	0.848751	0.867473	0.819252	0.725967	0.608465	0.488471	0.380605	
-0.311095	-0.207924	-0.132384	-0.103388	-0.123353	-0.181333	-0.261888	-0.368414	-0.484895	-0.572697	-0.602747	-0.555265	-0.417924	-0.201509	0.0669198	0.341226	0.582875	0.767925	0.873061	0.899584	0.852136	0.757802	0.642495	0.527165	0.419471	
-0.219976	-0.147598	-0.100834	-0.0964007	-0.12535	-0.180881	-0.25677	-0.351899	-0.453874	-0.527589	-0.542267	-0.48246	-0.343779	-0.13369	0.117596	0.378871	0.615429	0.799486	0.913399	0.947259	0.911149	0.82362	0.709068	0.588083	0.468602	
-0.11363	-0.0744005	-0.0634262	-0.0831951	-0.127207	-0.183666	-0.252425	-0.335236	-0.416462	-0.468913	-0.464466	-0.388539	-0.242485	-0.0399174	0.197756	0.441748	0.665594	0.842078	0.953859	0.995795	0.973095	0.89799	0.786272	0.656095	0.528273	
-0.00841044	-0.00185201	-0.0199044	-0.0651952	-0.127587	-0.192034	-0.258668	-0.323729	-0.376302	-0.402001	-0.378301	-0.291368	-0.140273	0.0598149	0.287837	0.519206	0.728813	0.895386	1.00646	1.05436	1.04299	0.976203	0.867661	0.737816	0.610902	
0.0692759	0.0479785	0.0109385	-0.0476186	-0.122682	-0.19949	-0.275094	-0.331233	-0.357216	-0.353497	-0.308799	-0.210809	-0.058369	0.143063	0.371349	0.60166	0.809385	0.970377	1.08147	1.13082	1.12196	1.05769	0.956582	0.83914	0.724564	
0.124168	0.074291	0.0190415	-0.0450291	-0.125618	-0.210567	-0.294128	-0.350162	-0.357875	-0.328398	-0.261052	-0.149932	0.00815446	0.208498	0.441744	0.680545	0.894808	1.05837	1.1624	1.20519	1.19051	1.13004	1.04468	0.949248	0.853298	
0.160114	0.0856598	0.0106298	-0.0685183	-0.153535	-0.238563	-0.322486	-0.370673	-0.368628	-0.325817	-0.243724	-0.116716	0.0532837	0.261837	0.497435	0.741432	0.962864	1.12804	1.22807	1.25944	1.24104	1.18938	1.12543	1.053	0.969904	
0.164705	0.0739143	-0.0198818	-0.111264	-0.202227	-0.286272	-0.361997	-0.405156	-0.400008	-0.359707	-0.276286	-0.134989	0.0591717	0.289242	0.53534	0.777458	0.996284	1.16308	1.26403	1.29762	1.28055	1.24053	1.19231	1.13113	1.05412	
0.14421	0.0402219	-0.064567	-0.163477	-0.253886	-0.335295	-0.409621	-0.452791	-0.455407	-0.422353	-0.341636	-0.192863	0.021788	0.273146	0.531244	0.772497	0.982306	1.14923	1.2599	1.30957	1.30712	1.2743	1.229	1.16554	1.08747	
0.10845	-0.00115935	-0.1111	-0.209864	-0.295419	-0.377883	-0.459107	-0.51499	-0.529341	-0.498906	-0.412785	-0.25644	-0.0379983	0.217131	0.477201	0.717365	0.923829	1.08674	1.20566	1.27419	1.29064	1.2661	1.2133	1.14109	1.06116	
0.0816758	-0.0251154	-0.134791	-0.233603	-0.319573	-0.409099	-0.499829	-0.569748	-0.59334	-0.56266	-0.471541	-0.318145	-0.113084	0.121241	0.367135	0.604939	0.813411	0.981095	1.10227	1.18199	1.21295	1.19557	1.13792	1.05576	0.974332	
0.0787671	-0.0142804	-0.117752	-0.219257	-0.314369	-0.417648	-0.521186	-0.597701	-0.627151	-0.597306	-0.512625	-0.377812	-0.20007	0.00345322	0.223511	0.447401	0.655711	0.829788	0.956257	1.03612	1.07002	1.05547	0.998517	0.914797	0.829734	
0.109621	0.0324536	-0.0597835	-0.160787	-0.26544	-0.385187	-0.498093	-0.583284	-0.617633	-0.596503	-0.529516	-0.425306	-0.284632	-0.114863	0.0724828	0.268678	0.461208	0.634042	0.766643	0.845198	0.871078	0.853884	0.799318	0.723413	0.63857	
0.168481	0.109104	0.0322887	-0.0613068	-0.17211	-0.302155	-0.424594	-0.517464	-0.564332	-0.558782	-0.51506	-0.445476	-0.345419	-0.219745	-0.0725894	0.0858414	0.247519	0.407401	0.537768	0.616475	0.638145	0.613542	0.563468	0.495561	0.415394	
0.241022	0.199667	0.144414	0.0656168	-0.0439812	-0.180652	-0.310033	-0.412552	-0.474621	-0.490406	-0.47235	-0.434673	-0.377368	-0.301377	-0.205755	-0.0909978	0.0370774	0.16902	0.285924	0.361144	0.38795	0.370296	0.321318	0.260829	0.184218	
0.316816	0.291917	0.254531	0.18939	0.0853765	-0.0482445	-0.176433	-0.28388	-0.357851	-0.394149	-0.40434	-0.401073	-0.387338	-0.364069	-0.322763	-0.254153	-0.162358	-0.0606531	0.0307528	0.0997735	0.141825	0.144525	0.106194	0.0456031	-0.0291894	
0.380949	0.366485	0.337034	0.278891	0.180417	0.0619257	-0.0524651	-0.154708	-0.236728	-0.291278	-0.327057	-0.357569	-0.385843	-0.409028	-0.414341	-0.390796	-0.337271	-0.268104	-0.200933	-0.13805	-0.0801439	-0.0510316	-0.0718996	-0.129321	-0.203293	
0.410066	0.392727	0.365086	0.311636	0.223644	0.125432	0.0375239	-0.0467054	-0.129338	-0.197885	-0.256086	-0.313897	-0.378143	-0.439515	-0.481832	-0.495291	-0.479032	-0.438135	-0.383409	-0.319361	-0.250887	-0.203244	-0.207422	-0.251832	-0.318961	
