-0.907339	-0.992083	-1.02012	-0.981935	-0.898141	-0.784839	-0.664324	-0.544905	-0.42829	-0.332906	-0.259605	-0.208792	-0.170213	-0.141113	-0.0938744	-0.0422929	0.013161	0.0717516	0.145183	0.248213	0.377332	0.53433	0.712446	0.901583	1.09248	
-0.992083	-1.08107	-1.10468	-1.05851	-0.967581	-0.856566	-0.736023	-0.607164	-0.480306	-0.377153	-0.2972	-0.241103	-0.199183	-0.160786	-0.110632	-0.0546774	0.00931852	0.0844766	0.179938	0.312998	0.468514	0.635848	0.80852	0.982224	1.1631	
-1.02012	-1.10468	-1.11919	-1.05951	-0.955348	-0.836058	-0.711535	-0.588855	-0.476337	-0.380207	-0.310806	-0.260431	-0.216412	-0.175467	-0.128736	-0.075496	-0.00595265	0.0882716	0.210173	0.368177	0.545866	0.720867	0.884671	1.04097	1.20828	
-0.981935	-1.05851	-1.05951	-0.990456	-0.875084	-0.7415	-0.617803	-0.512356	-0.419457	-0.335658	-0.285522	-0.249235	-0.214981	-0.183685	-0.146001	-0.0952723	-0.0229786	0.0857393	0.227785	0.402036	0.599052	0.7821	0.945453	1.09113	1.2464	
-0.898141	-0.967581	-0.955348	-0.875084	-0.744779	-0.604131	-0.488399	-0.398881	-0.317468	-0.249732	-0.213249	-0.196606	-0.182207	-0.173245	-0.147512	-0.0997665	-0.0253616	0.0844	0.234217	0.421852	0.626603	0.820747	0.991731	1.13806	1.27747	
-0.784839	-0.856566	-0.836058	-0.7415	-0.604131	-0.466543	-0.357475	-0.277326	-0.207206	-0.155911	-0.130738	-0.1297	-0.142206	-0.157025	-0.141251	-0.0960402	-0.0266645	0.0798393	0.231453	0.425471	0.63719	0.844832	1.0264	1.17857	1.30576	
-0.664324	-0.736023	-0.711535	-0.617803	-0.488399	-0.357475	-0.252184	-0.179984	-0.12407	-0.0844985	-0.0678657	-0.0807938	-0.11414	-0.141749	-0.136513	-0.0988155	-0.0331769	0.0676298	0.220401	0.415197	0.628083	0.844898	1.03922	1.19617	1.31937	
-0.544905	-0.607164	-0.588855	-0.512356	-0.398881	-0.277326	-0.179984	-0.114361	-0.0645388	-0.0292198	-0.0185364	-0.0478866	-0.0930989	-0.124681	-0.129858	-0.105515	-0.0471386	0.0538141	0.200149	0.386826	0.599027	0.818447	1.01189	1.17012	1.28841	
-0.42829	-0.480306	-0.476337	-0.419457	-0.317468	-0.207206	-0.12407	-0.0645388	-0.0146306	0.0168049	0.016903	-0.0263527	-0.0803272	-0.116359	-0.134602	-0.125194	-0.0692222	0.0271304	0.165131	0.340136	0.544817	0.755737	0.937537	1.08482	1.18895	
-0.332906	-0.377153	-0.380207	-0.335658	-0.249732	-0.155911	-0.0844985	-0.0292198	0.0168049	0.0460078	0.0321629	-0.0256132	-0.0951653	-0.144871	-0.172128	-0.162381	-0.105744	-0.0122176	0.115565	0.274506	0.459343	0.646485	0.815008	0.944756	1.0295	
-0.259605	-0.2972	-0.310806	-0.285522	-0.213249	-0.130738	-0.0678657	-0.0185364	0.016903	0.0321629	0.0083047	-0.0607964	-0.148338	-0.211069	-0.235394	-0.218538	-0.162238	-0.0665393	0.0580516	0.197643	0.350939	0.504282	0.649422	0.760526	0.822828	
-0.208792	-0.241103	-0.260431	-0.249235	-0.196606	-0.1297	-0.0807938	-0.0478866	-0.0263527	-0.0256132	-0.0607964	-0.137985	-0.225007	-0.285947	-0.301945	-0.284706	-0.230375	-0.136616	-0.0145912	0.111118	0.231203	0.349476	0.461899	0.545313	0.577368	
-0.170213	-0.199183	-0.216412	-0.214981	-0.182207	-0.142206	-0.11414	-0.0930989	-0.0803272	-0.0951653	-0.148338	-0.225007	-0.303993	-0.355749	-0.372425	-0.355219	-0.300714	-0.206824	-0.0927113	0.0208359	0.114303	0.195871	0.267888	0.310817	0.311505	
-0.141113	-0.160786	-0.175467	-0.183685	-0.173245	-0.157025	-0.141749	-0.124681	-0.116359	-0.144871	-0.211069	-0.285947	-0.355749	-0.412145	-0.440088	-0.424631	-0.369651	-0.278804	-0.169577	-0.0644085	0.0148066	0.068013	0.0945682	0.0892236	0.0467708	
-0.0938744	-0.110632	-0.128736	-0.146001	-0.147512	-0.141251	-0.136513	-0.129858	-0.134602	-0.172128	-0.235394	-0.301945	-0.372425	-0.440088	-0.485557	-0.481762	-0.433695	-0.345177	-0.234557	-0.133028	-0.0663477	-0.0353587	-0.0434287	-0.091717	-0.176249	
-0.0422929	-0.0546774	-0.075496	-0.0952723	-0.0997665	-0.0960402	-0.0988155	-0.105515	-0.125194	-0.162381	-0.218538	-0.284706	-0.355219	-0.424631	-0.481762	-0.499163	-0.467535	-0.388905	-0.281135	-0.186951	-0.134015	-0.118366	-0.144356	-0.215047	-0.327185	
0.013161	0.00931852	-0.00595265	-0.0229786	-0.0253616	-0.0266645	-0.0331769	-0.0471386	-0.0692222	-0.105744	-0.162238	-0.230375	-0.300714	-0.369651	-0.433695	-0.467535	-0.459451	-0.396756	-0.302186	-0.224834	-0.179805	-0.174763	-0.210515	-0.289707	-0.406844	
0.0717516	0.0844766	0.0882716	0.0857393	0.0844	0.0798393	0.0676298	0.0538141	0.0271304	-0.0122176	-0.0665393	-0.136616	-0.206824	-0.278804	-0.345177	-0.388905	-0.396756	-0.364837	-0.303424	-0.246533	-0.206885	-0.203009	-0.242781	-0.317309	-0.421789	
0.145183	0.179938	0.210173	0.227785	0.234217	0.231453	0.220401	0.200149	0.165131	0.115565	0.0580516	-0.0145912	-0.0927113	-0.169577	-0.234557	-0.281135	-0.302186	-0.303424	-0.285929	-0.25238	-0.218448	-0.210617	-0.23871	-0.294147	-0.369367	
0.248213	0.312998	0.368177	0.402036	0.421852	0.425471	0.415197	0.386826	0.340136	0.274506	0.197643	0.111118	0.0208359	-0.0644085	-0.133028	-0.186951	-0.224834	-0.246533	-0.25238	-0.23655	-0.204852	-0.187338	-0.197053	-0.223478	-0.257944	
0.377332	0.468514	0.545866	0.599052	0.626603	0.63719	0.628083	0.599027	0.544817	0.459343	0.350939	0.231203	0.114303	0.0148066	-0.0663477	-0.134015	-0.179805	-0.206885	-0.218448	-0.204852	-0.17435	-0.1454	-0.127002	-0.117749	-0.104426	
0.53433	0.635848	0.720867	0.7821	0.820747	0.844832	0.844898	0.818447	0.755737	0.646485	0.504282	0.349476	0.195871	0.068013	-0.0353587	-0.118366	-0.174763	-0.203009	-0.210617	-0.187338	-0.1454	-0.0930902	-0.0404665	0.0113798	0.0728612	
0.712446	0.80852	0.884671	0.945453	0.991731	1.0264	1.03922	1.01189	0.937537	0.815008	0.649422	0.461899	0.267888	0.0945682	-0.0434287	-0.144356	-0.210515	-0.242781	-0.23871	-0.197053	-0.127002	-0.0404665	0.0565238	0.153063	0.25398	
0.901583	0.982224	1.04097	1.09113	1.13806	1.17857	1.19617	1.17012	1.08482	0.944756	0.760526	0.545313	0.310817	0.0892236	-0.091717	-0.215047	-0.289707	-0.317309	-0.294147	-0.223478	-0.117749	0.0113798	0.153063	0.293191	0.431308	
1.09248	1.1631	1.20828	1.2464	1.27747	1.30576	1.31937	1.28841	1.18895	1.0295	0.822828	0.577368	0.311505	0.0467708	-0.176249	-0.327185	-0.406844	-0.421789	-0.369367	-0.257944	-0.104426	0.0728612	0.25398	0.431308	0.594009	
1.26818	1.33991	1.38208	1.40652	1.42375	1.42851	1.42442	1.37305	1.25238	1.0677	0.832318	0.560134	0.267446	-0.0308694	-0.288108	-0.460486	-0.540524	-0.534696	-0.444516	-0.290092	-0.0879042	0.133558	0.352399	0.55711	0.732371	
1.42122	1.50089	1.54499	1.56404	1.55986	1.53888	1.50398	1.4253	1.27852	1.0694	0.80905	0.507653	0.189456	-0.132176	-0.410387	-0.595	-0.665997	-0.631385	-0.504479	-0.310574	-0.0701238	0.189595	0.437811	0.658408	0.829793	
1.55308	1.64009	1.6875	1.69794	1.6722	1.62355	1.55643	1.44677	1.27623	1.0429	0.759357	0.437847	0.098873	-0.235747	-0.525704	-0.71451	-0.771305	-0.70772	-0.549302	-0.322708	-0.0545254	0.230917	0.498599	0.721121	0.880101	
1.64713	1.74044	1.79169	1.79546	1.74893	1.67163	1.57719	1.44363	1.25493	1.00771	0.708461	0.376372	0.0263049	-0.316157	-0.607585	-0.790475	-0.83228	-0.749679	-0.574317	-0.330544	-0.0433573	0.252917	0.524824	0.743312	0.897406	
1.70435	1.79931	1.85181	1.85101	1.78698	1.69341	1.58056	1.43363	1.23481	0.97775	0.672288	0.336858	-0.0192128	-0.362652	-0.652781	-0.829286	-0.860224	-0.771705	-0.592197	-0.33589	-0.0364586	0.263833	0.530581	0.742454	0.899741	
1.71696	1.81122	1.86297	1.86044	1.79351	1.69722	1.58037	1.43105	1.23064	0.971009	0.664884	0.33008	-0.027452	-0.371051	-0.660736	-0.835178	-0.866386	-0.775706	-0.595906	-0.336908	-0.0348929	0.266409	0.53041	0.740947	0.900046	
1.67349	1.76871	1.82107	1.82312	1.76871	1.68282	1.57972	1.43943	1.24541	0.99479	0.691882	0.356975	0.00392062	-0.339044	-0.629842	-0.809792	-0.845961	-0.760767	-0.582356	-0.333004	-0.0401616	0.257337	0.528376	0.744569	0.899136	
1.59623	1.6856	1.73429	1.74128	1.70708	1.64729	1.56775	1.4479	1.26962	1.029	0.737827	0.411683	0.0672273	-0.271177	-0.562818	-0.750075	-0.801485	-0.728305	-0.560614	-0.326152	-0.0493554	0.242395	0.513032	0.734245	0.8899	
1.4765	1.55981	1.60572	1.62219	1.60869	1.57622	1.52813	1.43709	1.28039	1.06155	0.791175	0.479986	0.152702	-0.175204	-0.459927	-0.646966	-0.711978	-0.665086	-0.52476	-0.316722	-0.0639116	0.208608	0.466571	0.689193	0.855058	
1.33215	1.4062	1.44883	1.46985	1.48028	1.47505	1.45967	1.39838	1.26699	1.07196	0.825878	0.542804	0.239548	-0.0689464	-0.336538	-0.514663	-0.592262	-0.575315	-0.470337	-0.299955	-0.080765	0.157005	0.388963	0.601155	0.777049	
1.16568	1.23552	1.27873	1.31105	1.33525	1.35497	1.36344	1.326	1.21927	1.05026	0.832335	0.575622	0.298999	0.0191227	-0.218643	-0.379383	-0.460177	-0.467917	-0.400596	-0.271603	-0.0981522	0.0981027	0.294216	0.483704	0.653125	
0.978396	1.05348	1.1061	1.15131	1.1938	1.2312	1.24879	1.222	1.13171	0.984291	0.791676	0.564985	0.316359	0.0772543	-0.121248	-0.255764	-0.332607	-0.355985	-0.322512	-0.236303	-0.113486	0.0343537	0.192737	0.34887	0.498699	
0.78783	0.877671	0.946968	1.00451	1.05287	1.09081	1.10659	1.07983	1.00066	0.872173	0.699185	0.500066	0.289407	0.0964397	-0.0580408	-0.167037	-0.23743	-0.268446	-0.257782	-0.206467	-0.123125	-0.0198935	0.0953692	0.209557	0.325921	
0.603309	0.704733	0.787842	0.849646	0.892044	0.921778	0.927017	0.899584	0.832458	0.717362	0.564311	0.395888	0.226212	0.0817445	-0.0339215	-0.124331	-0.183874	-0.214428	-0.217769	-0.18833	-0.136881	-0.071595	-0.00192204	0.0676654	0.14548	
0.437379	0.534856	0.617002	0.674787	0.706415	0.72155	0.715326	0.687902	0.630529	0.535551	0.413104	0.279351	0.147939	0.039483	-0.0493212	-0.122465	-0.173091	-0.199355	-0.210381	-0.194523	-0.161633	-0.124614	-0.0943086	-0.0685712	-0.0348684	
0.296224	0.373292	0.438678	0.480011	0.503426	0.509571	0.499266	0.469991	0.419088	0.346003	0.257408	0.15884	0.0602071	-0.0291311	-0.102293	-0.161367	-0.20287	-0.228911	-0.237887	-0.22478	-0.194076	-0.172698	-0.171713	-0.184423	-0.200464	
0.183517	0.229162	0.26967	0.293902	0.305417	0.305464	0.294093	0.270453	0.231134	0.175532	0.112102	0.0370436	-0.0454704	-0.125494	-0.190588	-0.238954	-0.267607	-0.278063	-0.272993	-0.248782	-0.216105	-0.204865	-0.226671	-0.271094	-0.330656	
0.0977243	0.119064	0.133095	0.138072	0.139209	0.134441	0.122559	0.106865	0.0774836	0.0354109	-0.0191264	-0.0903223	-0.162586	-0.235732	-0.30225	-0.347205	-0.360184	-0.342526	-0.299082	-0.25083	-0.21412	-0.209043	-0.245227	-0.313873	-0.408939	
0.0370519	0.0379537	0.0289687	0.0162108	0.0139726	0.0110741	0.00144524	-0.0122357	-0.0357176	-0.0724629	-0.128203	-0.197372	-0.267754	-0.337071	-0.402417	-0.441668	-0.441186	-0.388735	-0.304722	-0.235336	-0.192107	-0.188942	-0.227426	-0.306609	-0.420158	
-0.0219343	-0.0304839	-0.0501254	-0.0700093	-0.073894	-0.0715222	-0.0755858	-0.0869152	-0.107885	-0.144815	-0.201175	-0.268389	-0.337942	-0.407529	-0.467039	-0.492249	-0.470361	-0.396954	-0.292578	-0.204247	-0.155574	-0.144413	-0.174773	-0.250181	-0.367058	
-0.0719476	-0.0885567	-0.10965	-0.127643	-0.130858	-0.12635	-0.124507	-0.123477	-0.135825	-0.173749	-0.233503	-0.298011	-0.369337	-0.438627	-0.490683	-0.495313	-0.451823	-0.365846	-0.255635	-0.155975	-0.0952143	-0.0715395	-0.087869	-0.1481	-0.246161	
-0.124635	-0.141438	-0.156614	-0.169536	-0.166132	-0.155235	-0.14445	-0.12988	-0.125282	-0.159077	-0.225904	-0.29816	-0.366117	-0.42779	-0.46272	-0.450254	-0.396877	-0.307001	-0.197336	-0.094317	-0.0201516	0.0245332	0.0347774	0.0110077	-0.0499072	
-0.15986	-0.18487	-0.200664	-0.202657	-0.178501	-0.14961	-0.127677	-0.108763	-0.0971302	-0.118029	-0.178165	-0.254341	-0.32891	-0.380511	-0.400303	-0.383633	-0.328251	-0.235436	-0.123989	-0.0146841	0.0720011	0.140531	0.194546	0.219036	0.203313	
-0.191329	-0.222808	-0.241927	-0.234519	-0.190612	-0.133889	-0.0930239	-0.0653888	-0.049105	-0.0539514	-0.0959637	-0.174056	-0.258356	-0.314528	-0.329877	-0.312416	-0.25947	-0.165252	-0.0458886	0.0752195	0.183689	0.287154	0.384149	0.452157	0.472613	
-0.237315	-0.27274	-0.289305	-0.271367	-0.205787	-0.127931	-0.0696943	-0.0261064	0.00408447	0.0128111	-0.0142115	-0.0874655	-0.177116	-0.241411	-0.262246	-0.244423	-0.188045	-0.0932678	0.0309855	0.164048	0.303151	0.442914	0.576195	0.677753	0.728152	
