-0.861564	-0.829025	-0.767185	-0.682045	-0.585639	-0.490476	-0.39786	-0.320435	-0.266264	-0.212561	-0.144461	-0.0635804	0.0360526	0.147688	0.242051	0.317488	0.382929	0.434119	0.45993	0.461718	0.45461	0.438709	0.401785	0.335742	0.268153	
-0.829025	-0.834071	-0.81179	-0.758317	-0.674638	-0.585032	-0.503152	-0.440115	-0.386751	-0.33424	-0.278633	-0.214943	-0.125095	-0.015761	0.0855028	0.178606	0.269568	0.34861	0.40281	0.432021	0.453826	0.471607	0.464544	0.417109	0.358223	
-0.767185	-0.81179	-0.827399	-0.798762	-0.729699	-0.6524	-0.587168	-0.531039	-0.47648	-0.428535	-0.384477	-0.330743	-0.253781	-0.159493	-0.0628534	0.0412823	0.147303	0.244522	0.318483	0.375193	0.426856	0.477514	0.502078	0.486672	0.454842	
-0.682045	-0.758317	-0.798762	-0.790069	-0.740342	-0.679086	-0.627902	-0.580572	-0.533568	-0.495843	-0.458322	-0.410795	-0.352611	-0.281951	-0.194303	-0.0878434	0.0230303	0.125392	0.211273	0.290513	0.368201	0.444123	0.498301	0.525804	0.535443	
-0.585639	-0.674638	-0.729699	-0.740342	-0.710092	-0.663078	-0.626483	-0.592129	-0.559651	-0.536376	-0.506154	-0.469813	-0.435493	-0.388884	-0.314903	-0.21493	-0.10859	-0.00826926	0.0832557	0.177606	0.273448	0.364199	0.445627	0.517804	0.576946	
-0.490476	-0.585032	-0.6524	-0.679086	-0.663078	-0.628661	-0.599204	-0.573116	-0.556296	-0.547205	-0.526808	-0.508064	-0.497037	-0.474756	-0.420556	-0.337394	-0.240664	-0.145	-0.0525274	0.0501546	0.153298	0.253388	0.355768	0.467355	0.570435	
-0.39786	-0.503152	-0.587168	-0.627902	-0.626483	-0.599204	-0.570322	-0.551169	-0.54272	-0.536266	-0.525866	-0.524862	-0.532976	-0.531823	-0.504249	-0.444153	-0.359624	-0.269569	-0.176008	-0.0710382	0.0360779	0.143129	0.263447	0.399851	0.535988	
-0.320435	-0.440115	-0.531039	-0.580572	-0.592129	-0.573116	-0.551169	-0.533988	-0.515292	-0.502977	-0.502611	-0.514176	-0.530874	-0.550668	-0.554693	-0.522715	-0.457627	-0.376327	-0.28606	-0.180364	-0.0708401	0.0471861	0.179725	0.32735	0.481918	
-0.266264	-0.386751	-0.47648	-0.533568	-0.559651	-0.556296	-0.54272	-0.515292	-0.480786	-0.46438	-0.466824	-0.472279	-0.489568	-0.528417	-0.559044	-0.556612	-0.517397	-0.456073	-0.373533	-0.271344	-0.155273	-0.0260414	0.114995	0.264209	0.426503	
-0.212561	-0.33424	-0.428535	-0.495843	-0.536376	-0.547205	-0.536266	-0.502977	-0.46438	-0.44223	-0.426358	-0.415014	-0.431195	-0.475816	-0.516793	-0.535152	-0.528533	-0.493765	-0.428336	-0.330132	-0.208782	-0.0713622	0.0729371	0.223061	0.386362	
-0.144461	-0.278633	-0.384477	-0.458322	-0.506154	-0.526808	-0.525866	-0.502611	-0.466824	-0.426358	-0.388778	-0.36953	-0.380034	-0.412407	-0.444388	-0.476211	-0.495477	-0.49107	-0.445808	-0.356471	-0.235693	-0.101391	0.0416872	0.194674	0.353159	
-0.0635804	-0.214943	-0.330743	-0.410795	-0.469813	-0.508064	-0.524862	-0.514176	-0.472279	-0.415014	-0.36953	-0.344174	-0.338014	-0.345141	-0.363312	-0.392027	-0.423473	-0.439643	-0.414679	-0.338333	-0.231525	-0.113756	0.0210881	0.171747	0.314861	
0.0360526	-0.125095	-0.253781	-0.352611	-0.435493	-0.497037	-0.532976	-0.530874	-0.489568	-0.431195	-0.380034	-0.338014	-0.306614	-0.294675	-0.292272	-0.302669	-0.324975	-0.346834	-0.332552	-0.273197	-0.191042	-0.0982868	0.0180993	0.149957	0.261515	
0.147688	-0.015761	-0.159493	-0.281951	-0.388884	-0.474756	-0.531823	-0.550668	-0.528417	-0.475816	-0.412407	-0.345141	-0.294675	-0.2619	-0.233152	-0.212563	-0.212184	-0.220451	-0.206613	-0.165629	-0.110135	-0.0449292	0.0396916	0.128172	0.19182	
0.242051	0.0855028	-0.0628534	-0.194303	-0.314903	-0.420556	-0.504249	-0.554693	-0.559044	-0.516793	-0.444388	-0.363312	-0.292272	-0.233152	-0.172035	-0.119808	-0.0872761	-0.0710667	-0.054209	-0.0297522	0.00234585	0.0384078	0.0750268	0.101509	0.106827	
0.317488	0.178606	0.0412823	-0.0878434	-0.21493	-0.337394	-0.444153	-0.522715	-0.556612	-0.535152	-0.476211	-0.392027	-0.302669	-0.212563	-0.119808	-0.0323155	0.0364148	0.0769119	0.0985637	0.112043	0.124259	0.122343	0.102465	0.0645564	0.0135957	
0.382929	0.269568	0.147303	0.0230303	-0.10859	-0.240664	-0.359624	-0.457627	-0.517397	-0.528533	-0.495477	-0.423473	-0.324975	-0.212184	-0.0872761	0.0364148	0.135948	0.197907	0.229854	0.240436	0.22569	0.176671	0.102178	0.0151505	-0.0812829	
0.434119	0.34861	0.244522	0.125392	-0.00826926	-0.145	-0.269569	-0.376327	-0.456073	-0.493765	-0.49107	-0.439643	-0.346834	-0.220451	-0.0710667	0.0769119	0.197907	0.281945	0.333908	0.340887	0.293305	0.195866	0.080735	-0.0384495	-0.16455	
0.45993	0.40281	0.318483	0.211273	0.0832557	-0.0525274	-0.176008	-0.28606	-0.373533	-0.428336	-0.445808	-0.414679	-0.332552	-0.206613	-0.054209	0.0985637	0.229854	0.333908	0.398578	0.397795	0.321671	0.192844	0.0502571	-0.0896426	-0.233879	
0.461718	0.432021	0.375193	0.290513	0.177606	0.0501546	-0.0710382	-0.180364	-0.271344	-0.330132	-0.356471	-0.338333	-0.273197	-0.165629	-0.0297522	0.112043	0.240436	0.340887	0.397795	0.385796	0.303373	0.166735	0.0115893	-0.143995	-0.297009	
0.45461	0.453826	0.426856	0.368201	0.273448	0.153298	0.0360779	-0.0708401	-0.155273	-0.208782	-0.235693	-0.231525	-0.191042	-0.110135	0.00234585	0.124259	0.22569	0.293305	0.321671	0.303373	0.232489	0.110961	-0.0409908	-0.199567	-0.357515	
0.438709	0.471607	0.477514	0.444123	0.364199	0.253388	0.143129	0.0471861	-0.0260414	-0.0713622	-0.101391	-0.113756	-0.0982868	-0.0449292	0.0384078	0.122343	0.176671	0.195866	0.192844	0.166735	0.110961	0.0135998	-0.11448	-0.260828	-0.41539	
0.401785	0.464544	0.502078	0.498301	0.445627	0.355768	0.263447	0.179725	0.114995	0.0729371	0.0416872	0.0210881	0.0180993	0.0396916	0.0750268	0.102465	0.102178	0.080735	0.0502571	0.0115893	-0.0409908	-0.11448	-0.210814	-0.329743	-0.468638	
0.335742	0.417109	0.486672	0.525804	0.517804	0.467355	0.399851	0.32735	0.264209	0.223061	0.194674	0.171747	0.149957	0.128172	0.101509	0.0645564	0.0151505	-0.0384495	-0.0896426	-0.143995	-0.199567	-0.260828	-0.329743	-0.415809	-0.516101	
0.268153	0.358223	0.454842	0.535443	0.576946	0.570435	0.535988	0.481918	0.426503	0.386362	0.353159	0.314861	0.261515	0.19182	0.106827	0.0135957	-0.0812829	-0.16455	-0.233879	-0.297009	-0.357515	-0.41539	-0.468638	-0.516101	-0.561247	
0.21186	0.310498	0.424628	0.533629	0.611783	0.649716	0.660255	0.64441	0.611402	0.572132	0.518495	0.443216	0.344975	0.228793	0.0975567	-0.041334	-0.177185	-0.291491	-0.377533	-0.449114	-0.513413	-0.571556	-0.607896	-0.616163	-0.60357	
0.168166	0.269653	0.391412	0.515577	0.623064	0.70289	0.763686	0.794328	0.790131	0.753292	0.675537	0.55819	0.412428	0.251533	0.0808377	-0.0933746	-0.260529	-0.399854	-0.505296	-0.588607	-0.657114	-0.704668	-0.71649	-0.686911	-0.634558	
0.125848	0.225355	0.351244	0.491173	0.625545	0.742689	0.844281	0.910396	0.92866	0.8954	0.802245	0.654059	0.468542	0.267676	0.0616813	-0.140163	-0.329533	-0.489648	-0.613813	-0.709356	-0.77305	-0.800062	-0.781735	-0.726743	-0.65367	
0.0905127	0.187415	0.320437	0.476136	0.635022	0.779951	0.908	0.995384	1.0252	0.992758	0.889174	0.720621	0.509674	0.281425	0.0505048	-0.174884	-0.387016	-0.568412	-0.707964	-0.804388	-0.854428	-0.857666	-0.819881	-0.752755	-0.673296	
0.0642167	0.164359	0.304215	0.471963	0.64558	0.807406	0.952433	1.05238	1.08849	1.05354	0.9405	0.759759	0.536267	0.297813	0.0540717	-0.188377	-0.422289	-0.62312	-0.770755	-0.86179	-0.896356	-0.886381	-0.841263	-0.773747	-0.691753	
0.0601416	0.160805	0.302726	0.472047	0.648269	0.813161	0.960713	1.06361	1.1005	1.06482	0.949616	0.765677	0.540944	0.30069	0.0558745	-0.190486	-0.429013	-0.633908	-0.782964	-0.87164	-0.90361	-0.890866	-0.845952	-0.778037	-0.696147	
0.0777895	0.176034	0.311846	0.473484	0.639308	0.791991	0.928396	1.02177	1.05532	1.02222	0.914264	0.739905	0.522016	0.288714	0.051053	-0.181996	-0.404166	-0.594352	-0.737617	-0.832101	-0.875022	-0.872338	-0.830213	-0.762461	-0.681023	
0.111339	0.209084	0.337676	0.483814	0.628813	0.758563	0.871796	0.947897	0.971334	0.938916	0.8416	0.683857	0.486705	0.272132	0.0550565	-0.156943	-0.354624	-0.523063	-0.654035	-0.75118	-0.810604	-0.827422	-0.799948	-0.737972	-0.661342	
0.150512	0.251766	0.3747	0.505186	0.623697	0.719335	0.798769	0.845195	0.851281	0.815692	0.730794	0.600213	0.436908	0.259273	0.0729492	-0.112494	-0.28895	-0.436609	-0.550007	-0.639438	-0.707169	-0.747594	-0.746618	-0.705558	-0.642687	
0.193477	0.294183	0.4127	0.528463	0.618775	0.673921	0.704449	0.707835	0.68601	0.647323	0.583335	0.490224	0.373311	0.23857	0.0915815	-0.0630408	-0.212303	-0.337781	-0.431428	-0.50741	-0.573771	-0.628719	-0.656332	-0.648641	-0.618005	
0.243836	0.337536	0.442229	0.536525	0.594242	0.605059	0.587405	0.546148	0.498701	0.45889	0.418809	0.367619	0.297182	0.209444	0.104491	-0.00785122	-0.120484	-0.216432	-0.292451	-0.358552	-0.42025	-0.478714	-0.525777	-0.558002	-0.578926	
0.307888	0.39348	0.474901	0.531413	0.543825	0.511165	0.45537	0.388595	0.32646	0.285926	0.257466	0.23057	0.198323	0.156813	0.106148	0.0448113	-0.0227607	-0.0886522	-0.146905	-0.205419	-0.262824	-0.321957	-0.383922	-0.454982	-0.534391	
0.377591	0.449314	0.499387	0.511808	0.475272	0.399334	0.316918	0.237446	0.173888	0.131911	0.102113	0.0813181	0.0716202	0.077108	0.0876261	0.089656	0.0687729	0.0341365	-0.00530356	-0.050353	-0.103903	-0.171331	-0.255626	-0.361994	-0.48777	
0.427125	0.473298	0.492415	0.469745	0.398268	0.293553	0.188906	0.0985765	0.0292418	-0.0142033	-0.0456648	-0.0627287	-0.0547595	-0.0136729	0.0530414	0.115654	0.148837	0.150039	0.135802	0.105052	0.0521769	-0.0351074	-0.150619	-0.287239	-0.437269	
0.450129	0.462203	0.447715	0.399583	0.31096	0.193433	0.0781412	-0.0256948	-0.105058	-0.155167	-0.183043	-0.186091	-0.155988	-0.0857161	0.0162545	0.125848	0.210066	0.258967	0.274122	0.253356	0.189159	0.0771006	-0.0674947	-0.223125	-0.380882	
0.459249	0.441	0.396097	0.321594	0.215976	0.0921226	-0.0275479	-0.136393	-0.22646	-0.283583	-0.310623	-0.297803	-0.241737	-0.144684	-0.0174532	0.117451	0.238524	0.32849	0.375785	0.360264	0.281425	0.148867	-0.00698029	-0.165956	-0.321518	
0.462656	0.416791	0.342484	0.243327	0.120219	-0.0131346	-0.135042	-0.245191	-0.334497	-0.392868	-0.414795	-0.389493	-0.312901	-0.192596	-0.0452907	0.104527	0.236707	0.343261	0.407517	0.40208	0.320216	0.185756	0.0363301	-0.110683	-0.259677	
0.447741	0.373307	0.277225	0.162296	0.0294462	-0.108393	-0.233449	-0.34161	-0.425769	-0.471672	-0.478903	-0.435953	-0.346815	-0.218852	-0.065462	0.0866441	0.213235	0.306488	0.365827	0.370103	0.309507	0.196701	0.0692606	-0.0592067	-0.193683	
0.40618	0.303853	0.187535	0.0650683	-0.0672065	-0.201789	-0.323845	-0.42697	-0.495147	-0.518246	-0.49747	-0.433309	-0.335191	-0.21609	-0.0796519	0.0559574	0.165436	0.235814	0.275187	0.284973	0.257428	0.18823	0.095192	-0.00637973	-0.116441	
0.344572	0.215296	0.0844741	-0.0429785	-0.172412	-0.299281	-0.411899	-0.49937	-0.544252	-0.534986	-0.485913	-0.405071	-0.310273	-0.209857	-0.104418	-0.00178765	0.0803398	0.129544	0.153722	0.165499	0.16834	0.148654	0.105374	0.0453168	-0.0251903	
0.273533	0.123408	-0.02196	-0.15323	-0.277469	-0.3908	-0.48415	-0.546985	-0.562671	-0.527077	-0.457368	-0.374104	-0.294802	-0.223048	-0.14895	-0.0834221	-0.0360781	-0.00975471	0.00862625	0.02727	0.0519067	0.0743693	0.0885741	0.0881234	0.070269	
0.189073	0.0254763	-0.121453	-0.248753	-0.362213	-0.457115	-0.524651	-0.555361	-0.543482	-0.494247	-0.425636	-0.351231	-0.293024	-0.250452	-0.209069	-0.17583	-0.163966	-0.162391	-0.147662	-0.113672	-0.0687159	-0.0139689	0.0528649	0.118291	0.159045	
0.0806065	-0.0815172	-0.217683	-0.326704	-0.419719	-0.490987	-0.53461	-0.539208	-0.503249	-0.4473	-0.39189	-0.339286	-0.299397	-0.279891	-0.267639	-0.266591	-0.281288	-0.299795	-0.285924	-0.234311	-0.163156	-0.0817683	0.024181	0.141593	0.235998	
-0.0260799	-0.182869	-0.302283	-0.38853	-0.45576	-0.503077	-0.527713	-0.520024	-0.476167	-0.416867	-0.370495	-0.340117	-0.323476	-0.322317	-0.333255	-0.356415	-0.386855	-0.40716	-0.38811	-0.317592	-0.220545	-0.111753	0.016519	0.16314	0.295212	
-0.114437	-0.255519	-0.36527	-0.440441	-0.492169	-0.518594	-0.524133	-0.506931	-0.468855	-0.419974	-0.377879	-0.357064	-0.362376	-0.38457	-0.411663	-0.444124	-0.470457	-0.47582	-0.439375	-0.355019	-0.2377	-0.108777	0.0322824	0.185139	0.33939	
