0.385254	0.487129	0.575246	0.64949	0.70341	0.736515	0.757748	0.7618	0.726624	0.655117	0.56416	0.448645	0.299466	0.124584	-0.0702932	-0.253889	-0.404878	-0.517076	-0.58271	-0.615201	-0.608753	-0.545665	-0.41906	-0.229334	-0.0156806	
0.487129	0.557806	0.614395	0.660441	0.685253	0.69154	0.705898	0.710727	0.681254	0.621009	0.534871	0.422122	0.286104	0.125511	-0.0534935	-0.220547	-0.364149	-0.465948	-0.526391	-0.560814	-0.560668	-0.51081	-0.395236	-0.216833	-0.0159933	
0.575246	0.614395	0.6392	0.648896	0.642254	0.64044	0.658165	0.667145	0.651223	0.606303	0.526402	0.419223	0.287693	0.13235	-0.038465	-0.198084	-0.33132	-0.419793	-0.469338	-0.492414	-0.49038	-0.44953	-0.34313	-0.183881	-0.00421098	
0.64949	0.660441	0.648896	0.621925	0.597157	0.590816	0.604216	0.622511	0.629906	0.604687	0.539124	0.44117	0.308841	0.154844	-0.0110628	-0.166856	-0.29295	-0.371271	-0.404982	-0.414892	-0.405329	-0.363803	-0.270276	-0.132176	0.0211639	
0.70341	0.685253	0.642254	0.597157	0.564161	0.552813	0.56673	0.59695	0.621747	0.61756	0.577425	0.492093	0.361762	0.207227	0.0427007	-0.112821	-0.233873	-0.309849	-0.336851	-0.336278	-0.322456	-0.276527	-0.194226	-0.0748619	0.0509191	
0.736515	0.69154	0.64044	0.590816	0.552813	0.537924	0.559282	0.60008	0.638222	0.65278	0.635965	0.562873	0.439063	0.287631	0.122182	-0.0349184	-0.15854	-0.233019	-0.261267	-0.257583	-0.236825	-0.191105	-0.118691	-0.0170979	0.0787154	
0.757748	0.705898	0.658165	0.604216	0.56673	0.559282	0.588952	0.631125	0.672493	0.703037	0.704603	0.643044	0.526003	0.374688	0.206232	0.0510788	-0.0715154	-0.144387	-0.171916	-0.160175	-0.134074	-0.0888858	-0.0192665	0.054029	0.117321	
0.7618	0.710727	0.667145	0.622511	0.59695	0.60008	0.631125	0.673261	0.717803	0.760499	0.77287	0.727933	0.623136	0.472834	0.300576	0.146692	0.0290017	-0.0407089	-0.0597912	-0.0434721	-0.00922191	0.0414158	0.102286	0.152727	0.181334	
0.726624	0.681254	0.651223	0.629906	0.621747	0.638222	0.672493	0.717803	0.769688	0.820905	0.844886	0.817145	0.726893	0.57862	0.415855	0.264568	0.14661	0.0839022	0.0693261	0.0884733	0.13151	0.188297	0.240819	0.270512	0.261887	
0.655117	0.621009	0.606303	0.604687	0.61756	0.65278	0.703037	0.760499	0.820905	0.873674	0.91179	0.906689	0.832905	0.69796	0.544767	0.390668	0.277813	0.220957	0.202916	0.228366	0.277118	0.334485	0.38361	0.3959	0.353735	
0.56416	0.534871	0.526402	0.539124	0.577425	0.635965	0.704603	0.77287	0.844886	0.91179	0.969747	0.979847	0.923458	0.811899	0.662308	0.510001	0.403071	0.34848	0.335668	0.36644	0.419001	0.480383	0.526247	0.523173	0.459223	
0.448645	0.422122	0.419223	0.44117	0.492093	0.562873	0.643044	0.727933	0.817145	0.906689	0.979847	1.01227	0.984325	0.895035	0.761562	0.623089	0.523439	0.464823	0.456485	0.489686	0.543146	0.613745	0.660749	0.651275	0.574874	
0.299466	0.286104	0.287693	0.308841	0.361762	0.439063	0.526003	0.623136	0.726893	0.832905	0.923458	0.984325	0.994741	0.939368	0.835505	0.713619	0.618606	0.567138	0.563097	0.597002	0.656465	0.730358	0.774822	0.761362	0.681013	
0.124584	0.125511	0.13235	0.154844	0.207227	0.287631	0.374688	0.472834	0.57862	0.69796	0.811899	0.895035	0.939368	0.922478	0.859089	0.768886	0.68842	0.652022	0.65088	0.685909	0.75057	0.817843	0.861654	0.843751	0.758242	
-0.0702932	-0.0534935	-0.038465	-0.0110628	0.0427007	0.122182	0.206232	0.300576	0.415855	0.544767	0.662308	0.761562	0.835505	0.859089	0.833411	0.782149	0.727308	0.700311	0.705454	0.739358	0.806316	0.868337	0.906596	0.890027	0.801524	
-0.253889	-0.220547	-0.198084	-0.166856	-0.112821	-0.0349184	0.0510788	0.146692	0.264568	0.390668	0.510001	0.623089	0.713619	0.768886	0.782149	0.760914	0.725524	0.70788	0.720059	0.754916	0.818231	0.873768	0.896745	0.867969	0.777347	
-0.404878	-0.364149	-0.33132	-0.29295	-0.233873	-0.15854	-0.0715154	0.0290017	0.14661	0.277813	0.403071	0.523439	0.618606	0.68842	0.727308	0.725524	0.7067	0.688355	0.687958	0.71191	0.757453	0.796505	0.80457	0.76594	0.679024	
-0.517076	-0.465948	-0.419793	-0.371271	-0.309849	-0.233019	-0.144387	-0.0407089	0.0839022	0.220957	0.34848	0.464823	0.567138	0.652022	0.700311	0.70788	0.688355	0.650195	0.62224	0.618923	0.634506	0.645536	0.627679	0.573934	0.488068	
-0.58271	-0.526391	-0.469338	-0.404982	-0.336851	-0.261267	-0.171916	-0.0597912	0.0693261	0.202916	0.335668	0.456485	0.563097	0.65088	0.705454	0.720059	0.687958	0.62224	0.557777	0.510334	0.477211	0.445623	0.38863	0.307565	0.216012	
-0.615201	-0.560814	-0.492414	-0.414892	-0.336278	-0.257583	-0.160175	-0.0434721	0.0884733	0.228366	0.36644	0.489686	0.597002	0.685909	0.739358	0.754916	0.71191	0.618923	0.510334	0.407067	0.315632	0.227466	0.120965	0.00540336	-0.0977854	
-0.608753	-0.560668	-0.49038	-0.405329	-0.322456	-0.236825	-0.134074	-0.00922191	0.13151	0.277118	0.419001	0.543146	0.656465	0.75057	0.806316	0.818231	0.757453	0.634506	0.477211	0.315632	0.164875	0.0114775	-0.150742	-0.307607	-0.439302	
-0.545665	-0.51081	-0.44953	-0.363803	-0.276527	-0.191105	-0.0888858	0.0414158	0.188297	0.334485	0.480383	0.613745	0.730358	0.817843	0.868337	0.873768	0.796505	0.645536	0.445623	0.227466	0.0114775	-0.205954	-0.419884	-0.615347	-0.769554	
-0.41906	-0.395236	-0.34313	-0.270276	-0.194226	-0.118691	-0.0192665	0.102286	0.240819	0.38361	0.526247	0.660749	0.774822	0.861654	0.906596	0.896745	0.80457	0.627679	0.38863	0.120965	-0.150742	-0.419884	-0.675442	-0.897616	-1.06049	
-0.229334	-0.216833	-0.183881	-0.132176	-0.0748619	-0.0170979	0.054029	0.152727	0.270512	0.3959	0.523173	0.651275	0.761362	0.843751	0.890027	0.867969	0.76594	0.573934	0.307565	0.00540336	-0.307607	-0.615347	-0.897616	-1.12887	-1.29356	
-0.0156806	-0.0159933	-0.00421098	0.0211639	0.0509191	0.0787154	0.117321	0.181334	0.261887	0.353735	0.459223	0.574874	0.681013	0.758242	0.801524	0.777347	0.679024	0.488068	0.216012	-0.0977854	-0.439302	-0.769554	-1.06049	-1.29356	-1.44561	
0.18063	0.164126	0.152465	0.143598	0.136813	0.131424	0.137994	0.160691	0.200674	0.25945	0.340063	0.439936	0.539684	0.623363	0.673377	0.654917	0.566286	0.3873	0.124965	-0.190412	-0.538646	-0.873065	-1.16348	-1.38403	-1.51737	
0.344523	0.303347	0.257236	0.210044	0.169005	0.134031	0.10235	0.0865369	0.0909755	0.122786	0.183928	0.27336	0.372318	0.460999	0.521299	0.51575	0.441968	0.284614	0.0433178	-0.26256	-0.606092	-0.937256	-1.21777	-1.41704	-1.52987	
0.464689	0.394394	0.315243	0.229486	0.147001	0.0780372	0.0223872	-0.0198674	-0.0439047	-0.0344677	0.0162166	0.100571	0.208622	0.308583	0.374462	0.383144	0.323852	0.186236	-0.0349058	-0.324292	-0.658846	-0.981311	-1.24044	-1.41773	-1.50271	
0.552445	0.453896	0.340703	0.216261	0.100263	0.00652954	-0.0710856	-0.13978	-0.180081	-0.178052	-0.130927	-0.0445722	0.067145	0.180648	0.256696	0.279359	0.227899	0.104716	-0.0963441	-0.380713	-0.701323	-1.01043	-1.25532	-1.40405	-1.46299	
0.604681	0.485861	0.349361	0.201145	0.0627544	-0.0481025	-0.140551	-0.220694	-0.271399	-0.274079	-0.226728	-0.137474	-0.0190097	0.101819	0.183555	0.213423	0.167966	0.0538581	-0.136936	-0.413876	-0.727273	-1.02936	-1.26114	-1.39338	-1.43527	
0.611663	0.489577	0.350963	0.198999	0.0546015	-0.0610363	-0.153927	-0.233365	-0.285805	-0.290931	-0.244563	-0.155255	-0.0317428	0.090166	0.17035	0.200849	0.157327	0.0446215	-0.14659	-0.419259	-0.732276	-1.03447	-1.26078	-1.39142	-1.42953	
0.578726	0.4705	0.345614	0.208714	0.0828457	-0.0181065	-0.103567	-0.180105	-0.225197	-0.224348	-0.177137	-0.089159	0.0236344	0.141152	0.220952	0.24779	0.199168	0.0799248	-0.114861	-0.397135	-0.714014	-1.01864	-1.25884	-1.39895	-1.44955	
0.503925	0.421463	0.328033	0.226308	0.12935	0.0495273	-0.0159044	-0.0686891	-0.100735	-0.0956756	-0.0468687	0.0380646	0.146962	0.253084	0.323631	0.337154	0.282065	0.150799	-0.0617368	-0.348211	-0.677413	-0.993955	-1.24719	-1.41294	-1.48673	
0.39679	0.344552	0.285976	0.222862	0.165262	0.116716	0.0745141	0.0476465	0.039644	0.0610337	0.116232	0.202861	0.306549	0.39827	0.459711	0.460088	0.393125	0.244063	0.010256	-0.28757	-0.628563	-0.957589	-1.2288	-1.42007	-1.52217	
0.251885	0.226167	0.200778	0.176522	0.157149	0.140133	0.130588	0.135479	0.160444	0.208915	0.281373	0.376036	0.472241	0.558998	0.614546	0.60086	0.5174	0.345789	0.0922848	-0.221731	-0.568982	-0.901358	-1.19062	-1.40312	-1.52849	
0.0657956	0.059848	0.0629785	0.0759011	0.0913572	0.105434	0.13162	0.180819	0.244841	0.321927	0.41747	0.526644	0.631405	0.709886	0.753723	0.730299	0.635419	0.448848	0.178238	-0.136722	-0.483065	-0.817516	-1.10861	-1.3379	-1.4829	
-0.144028	-0.136148	-0.111776	-0.07033	-0.0226311	0.024591	0.0822034	0.16773	0.272204	0.385725	0.504937	0.628058	0.737356	0.816375	0.861581	0.83888	0.736177	0.542532	0.27175	-0.0374027	-0.363879	-0.682729	-0.970209	-1.20335	-1.36497	
-0.349315	-0.330119	-0.284887	-0.219288	-0.149721	-0.0806952	0.0101446	0.12405	0.25596	0.394528	0.53235	0.664662	0.776476	0.863524	0.908846	0.892381	0.795257	0.610348	0.359058	0.0744821	-0.215442	-0.500849	-0.770289	-0.997512	-1.1617	
-0.503383	-0.473086	-0.415353	-0.332806	-0.248306	-0.165757	-0.063448	0.0661797	0.211672	0.356186	0.502388	0.637762	0.754911	0.84045	0.887325	0.887715	0.80431	0.643199	0.426076	0.187395	-0.052236	-0.293645	-0.524428	-0.732327	-0.892064	
-0.590974	-0.54754	-0.480059	-0.393524	-0.308834	-0.221782	-0.119029	0.00847388	0.152991	0.299975	0.443127	0.570431	0.685501	0.778342	0.834178	0.843949	0.775506	0.64071	0.466389	0.281423	0.104566	-0.0745653	-0.259001	-0.432776	-0.575051	
-0.618339	-0.566419	-0.495054	-0.413527	-0.332801	-0.251883	-0.150872	-0.0313297	0.103548	0.246658	0.385489	0.509355	0.618669	0.709958	0.763199	0.777219	0.728621	0.624147	0.495822	0.369024	0.254379	0.139786	0.011847	-0.119385	-0.232557	
-0.598928	-0.542766	-0.481437	-0.410841	-0.338391	-0.26258	-0.170566	-0.0563922	0.0739067	0.207912	0.34359	0.465993	0.572541	0.660262	0.71517	0.731311	0.693845	0.617976	0.536168	0.467643	0.412413	0.358484	0.283765	0.189177	0.0936711	
-0.549	-0.493749	-0.44302	-0.388847	-0.326451	-0.249318	-0.16014	-0.053891	0.073061	0.209305	0.337957	0.455023	0.560486	0.647407	0.699124	0.709212	0.684952	0.63647	0.595014	0.575992	0.573442	0.570139	0.537391	0.473801	0.387442	
-0.454751	-0.411191	-0.372611	-0.330327	-0.269678	-0.194192	-0.107115	-0.00474811	0.114768	0.249664	0.375828	0.495002	0.59263	0.668083	0.711549	0.714968	0.698745	0.673733	0.663985	0.678738	0.714215	0.743397	0.742543	0.70051	0.613833	
-0.318381	-0.281165	-0.255463	-0.222513	-0.166587	-0.0898112	-0.00269324	0.0946264	0.211032	0.337783	0.460332	0.577465	0.670024	0.733875	0.75957	0.746435	0.71905	0.70275	0.71285	0.745921	0.803194	0.854082	0.870668	0.836564	0.747713	
-0.147433	-0.122589	-0.104313	-0.0764649	-0.0220063	0.0571759	0.141377	0.234924	0.353385	0.481514	0.598919	0.704727	0.786482	0.823894	0.814358	0.777177	0.730934	0.707701	0.716554	0.75091	0.81718	0.877732	0.910803	0.89049	0.801724	
0.048198	0.0542711	0.0642935	0.0895338	0.14186	0.222079	0.307145	0.403996	0.513272	0.637444	0.755121	0.844965	0.901848	0.902011	0.853974	0.77915	0.708759	0.676371	0.677119	0.71213	0.778496	0.842512	0.885095	0.868313	0.779998	
0.232766	0.225643	0.228341	0.248515	0.301433	0.381633	0.470039	0.567265	0.671733	0.784131	0.885435	0.955508	0.98052	0.939602	0.851417	0.740695	0.649309	0.604473	0.601018	0.635524	0.697641	0.769348	0.813597	0.79751	0.715755	
0.392484	0.369973	0.369353	0.392186	0.445014	0.517617	0.600663	0.693315	0.790028	0.886468	0.965018	1.00922	0.995484	0.918465	0.796132	0.663541	0.565025	0.506994	0.500953	0.533692	0.589406	0.663234	0.708669	0.698507	0.620109	
0.521552	0.493081	0.486669	0.504304	0.549044	0.614635	0.68844	0.761956	0.840018	0.916399	0.98133	0.99867	0.952449	0.84958	0.703627	0.556246	0.453481	0.39652	0.385866	0.419038	0.470986	0.535646	0.582062	0.574263	0.504271	
