0.577161	0.528376	0.472454	0.433114	0.419327	0.418566	0.425274	0.453249	0.505739	0.559292	0.601352	0.648912	0.699835	0.728331	0.734938	0.727004	0.702512	0.673109	0.638385	0.579316	0.492907	0.404543	0.330013	0.259013	0.198381	
0.734713	0.713542	0.681577	0.656255	0.649164	0.649481	0.651504	0.669183	0.701727	0.728242	0.740894	0.753337	0.766154	0.756859	0.721451	0.672943	0.618747	0.565628	0.504154	0.420422	0.320054	0.220828	0.137859	0.0672029	0.00641985	
0.867515	0.892624	0.903584	0.906343	0.913026	0.915653	0.908839	0.904447	0.898539	0.879282	0.848208	0.812734	0.774084	0.7193	0.644898	0.565477	0.489018	0.415429	0.333686	0.234121	0.126723	0.0280753	-0.0529099	-0.124543	-0.188688	
0.963813	1.04448	1.10963	1.15131	1.17736	1.18265	1.16354	1.12895	1.07325	0.99669	0.91259	0.82415	0.733837	0.636996	0.527144	0.420591	0.330697	0.246868	0.149449	0.0374032	-0.0725278	-0.17107	-0.246644	-0.305503	-0.366426	
1.02008	1.15257	1.27088	1.35126	1.39566	1.4035	1.37299	1.30788	1.20323	1.07348	0.941512	0.804005	0.664266	0.530125	0.394453	0.267817	0.162639	0.0647663	-0.0445621	-0.161797	-0.265853	-0.353364	-0.422135	-0.467903	-0.512484	
1.0431	1.21091	1.36344	1.46863	1.52355	1.53258	1.49648	1.41237	1.27518	1.10971	0.945031	0.772012	0.591701	0.422323	0.260247	0.113921	-0.00323634	-0.11242	-0.233097	-0.350764	-0.441141	-0.505742	-0.55042	-0.576766	-0.60706	
1.03723	1.21411	1.37333	1.48253	1.53565	1.54339	1.50969	1.42459	1.28201	1.10811	0.929755	0.735278	0.524277	0.3243	0.140807	-0.0233569	-0.15739	-0.275391	-0.392373	-0.496764	-0.566124	-0.604285	-0.623247	-0.622839	-0.636148	
0.992264	1.15709	1.29799	1.39159	1.43323	1.43892	1.4139	1.34199	1.21732	1.06028	0.887314	0.687881	0.46249	0.24195	0.0438685	-0.126276	-0.26555	-0.389802	-0.500786	-0.581706	-0.623319	-0.633487	-0.631925	-0.620648	-0.620647	
0.894424	1.03062	1.13882	1.21091	1.24128	1.24499	1.22783	1.17295	1.07727	0.951633	0.799631	0.615418	0.401117	0.186045	-0.0052859	-0.171243	-0.310891	-0.430984	-0.531349	-0.595749	-0.618178	-0.607723	-0.587888	-0.57438	-0.580778	
0.733184	0.831864	0.906656	0.961727	0.987476	0.990704	0.975277	0.931322	0.864639	0.776442	0.658179	0.513635	0.343919	0.162981	0.00130222	-0.140082	-0.275798	-0.399594	-0.490474	-0.540091	-0.556321	-0.541588	-0.514442	-0.500097	-0.513557	
0.524979	0.580765	0.621334	0.661267	0.687184	0.691813	0.67437	0.636965	0.597289	0.550888	0.47804	0.389774	0.291724	0.175869	0.0584424	-0.053817	-0.174651	-0.296913	-0.387671	-0.428962	-0.440469	-0.432159	-0.414486	-0.41725	-0.445926	
0.302294	0.309246	0.311156	0.328309	0.348079	0.352187	0.337145	0.316079	0.309118	0.307086	0.287623	0.262227	0.238302	0.198333	0.142424	0.0685072	-0.0324404	-0.139892	-0.22331	-0.268019	-0.286251	-0.291776	-0.294812	-0.329126	-0.395107	
0.0890634	0.0491118	0.00730366	-0.0141109	-0.0151527	-0.0144056	-0.0166494	-0.00449603	0.031915	0.0749945	0.106207	0.138831	0.182665	0.214006	0.219998	0.197199	0.135623	0.0558872	-0.0124566	-0.0633137	-0.10675	-0.150844	-0.194289	-0.264846	-0.369041	
-0.104974	-0.188795	-0.272915	-0.338153	-0.367982	-0.371799	-0.354108	-0.302429	-0.22336	-0.137596	-0.0567561	0.0249514	0.122051	0.22029	0.2882	0.314159	0.29938	0.2585	0.205569	0.144611	0.0759294	-0.0150133	-0.121737	-0.238652	-0.374042	
-0.285184	-0.408716	-0.521355	-0.615814	-0.668378	-0.676839	-0.642527	-0.56178	-0.455088	-0.336722	-0.203929	-0.06715	0.0728864	0.216279	0.33265	0.401544	0.429515	0.427458	0.392758	0.318225	0.222538	0.10251	-0.0566771	-0.223862	-0.381565	
-0.443981	-0.599955	-0.726508	-0.830103	-0.893078	-0.904204	-0.861795	-0.770906	-0.653087	-0.511322	-0.333422	-0.142815	0.0364223	0.204549	0.34035	0.430267	0.492197	0.529436	0.524482	0.456711	0.337186	0.189286	0.00173421	-0.203233	-0.377898	
-0.564483	-0.739429	-0.870278	-0.973632	-1.0417	-1.05369	-1.00614	-0.915354	-0.796191	-0.640759	-0.43741	-0.215486	-0.0158072	0.158392	0.302403	0.406348	0.488985	0.554615	0.580358	0.542424	0.429194	0.259886	0.054167	-0.164969	-0.351387	
-0.642651	-0.812237	-0.942888	-1.04545	-1.11559	-1.12803	-1.07764	-0.987861	-0.869101	-0.715045	-0.521619	-0.30341	-0.100222	0.0662053	0.207946	0.333661	0.442884	0.525547	0.567116	0.557013	0.474279	0.316077	0.111819	-0.0994952	-0.279698	
-0.683693	-0.833204	-0.958739	-1.04976	-1.10776	-1.11874	-1.07695	-0.999027	-0.887398	-0.745107	-0.587026	-0.410103	-0.223626	-0.0609173	0.0769632	0.213449	0.347774	0.452178	0.507973	0.519622	0.472373	0.35066	0.178927	-0.00669728	-0.170392	
-0.706219	-0.830692	-0.934542	-0.994778	-1.0233	-1.02886	-1.00957	-0.962705	-0.876347	-0.756771	-0.634304	-0.510719	-0.370884	-0.225501	-0.081546	0.0667934	0.213325	0.339956	0.42279	0.457222	0.441351	0.360066	0.233395	0.0896922	-0.0517601	
-0.725508	-0.80866	-0.871893	-0.895435	-0.892495	-0.890733	-0.896173	-0.8859	-0.838008	-0.759414	-0.677932	-0.602749	-0.516537	-0.405694	-0.261402	-0.0907694	0.0720577	0.211275	0.319433	0.37478	0.378229	0.333974	0.251812	0.155904	0.0524066	
-0.743027	-0.764943	-0.774393	-0.769008	-0.752091	-0.747149	-0.762762	-0.775134	-0.770752	-0.752636	-0.725539	-0.695877	-0.650177	-0.561801	-0.421547	-0.24224	-0.0650179	0.0774865	0.187803	0.253109	0.268645	0.260585	0.235013	0.195402	0.147217	
-0.758123	-0.711613	-0.66396	-0.63744	-0.622675	-0.619581	-0.631045	-0.651687	-0.690367	-0.741623	-0.771788	-0.772362	-0.745952	-0.66855	-0.537518	-0.378847	-0.214604	-0.0744022	0.0263242	0.0906044	0.121821	0.148188	0.184608	0.215455	0.238729	
-0.750325	-0.65771	-0.576095	-0.529827	-0.510311	-0.507571	-0.519768	-0.553172	-0.6208	-0.715006	-0.790592	-0.812997	-0.787704	-0.719699	-0.61613	-0.502806	-0.383999	-0.261752	-0.163511	-0.0935253	-0.0346556	0.0302955	0.116194	0.213446	0.312603	
-0.700761	-0.608911	-0.524616	-0.459061	-0.426498	-0.421976	-0.441403	-0.494455	-0.573854	-0.664161	-0.751957	-0.802988	-0.792841	-0.740161	-0.673643	-0.61018	-0.547672	-0.469942	-0.382798	-0.295471	-0.194772	-0.0762795	0.0588101	0.211655	0.376563	
-0.63284	-0.565021	-0.48774	-0.418603	-0.386492	-0.382637	-0.400692	-0.456596	-0.535472	-0.606483	-0.673537	-0.73479	-0.760167	-0.750065	-0.731762	-0.713716	-0.694237	-0.663277	-0.600517	-0.496839	-0.352794	-0.179097	0.00967093	0.214925	0.435846	
-0.565021	-0.513831	-0.455491	-0.408484	-0.383624	-0.379498	-0.395635	-0.434458	-0.490572	-0.546002	-0.591339	-0.63701	-0.689625	-0.744212	-0.793244	-0.824584	-0.834515	-0.82527	-0.776171	-0.662785	-0.490083	-0.279889	-0.0485454	0.203234	0.472929	
-0.48774	-0.455491	-0.43829	-0.422934	-0.39789	-0.390744	-0.412497	-0.433312	-0.447079	-0.473907	-0.509824	-0.551642	-0.623446	-0.72967	-0.837251	-0.914714	-0.95316	-0.954321	-0.907554	-0.792641	-0.609473	-0.376591	-0.108273	0.187703	0.498548	
-0.418603	-0.408484	-0.422934	-0.43271	-0.424733	-0.421474	-0.430729	-0.428854	-0.412624	-0.410991	-0.439755	-0.497184	-0.589606	-0.715124	-0.84774	-0.9599	-1.03368	-1.05437	-1.01116	-0.896797	-0.709559	-0.455479	-0.147578	0.190674	0.530496	
-0.386492	-0.383624	-0.39789	-0.424733	-0.456564	-0.464631	-0.439397	-0.407404	-0.387533	-0.381545	-0.404525	-0.472466	-0.575883	-0.698621	-0.835488	-0.974153	-1.08207	-1.12278	-1.08069	-0.96125	-0.767584	-0.496306	-0.160106	0.20392	0.555582	
-0.382637	-0.379498	-0.390744	-0.421474	-0.464631	-0.475437	-0.440221	-0.400864	-0.38247	-0.377712	-0.399574	-0.468996	-0.573704	-0.694369	-0.83141	-0.976334	-1.09181	-1.13559	-1.09262	-0.972334	-0.777438	-0.502281	-0.161059	0.207187	0.560587	
-0.400692	-0.395635	-0.412497	-0.430729	-0.439397	-0.440221	-0.43503	-0.420694	-0.40108	-0.394728	-0.420465	-0.484118	-0.58325	-0.708912	-0.843854	-0.968022	-1.05727	-1.08612	-1.04338	-0.928648	-0.739118	-0.47643	-0.155394	0.195867	0.542804	
-0.456596	-0.434458	-0.433312	-0.428854	-0.407404	-0.400864	-0.420694	-0.433138	-0.431919	-0.445769	-0.478611	-0.525585	-0.606844	-0.725079	-0.845449	-0.937049	-0.989308	-0.998022	-0.952907	-0.837912	-0.652187	-0.411221	-0.127447	0.186409	0.510203	
-0.535472	-0.490572	-0.447079	-0.412624	-0.387533	-0.38247	-0.40108	-0.431919	-0.472138	-0.51872	-0.559048	-0.599363	-0.659638	-0.738556	-0.814481	-0.865435	-0.885832	-0.880822	-0.833499	-0.717942	-0.539424	-0.31991	-0.0730676	0.19641	0.483022	
-0.606483	-0.546002	-0.473907	-0.410991	-0.381545	-0.377712	-0.394728	-0.445769	-0.51872	-0.583482	-0.640389	-0.696731	-0.734215	-0.748995	-0.757449	-0.759088	-0.751179	-0.731451	-0.676578	-0.568559	-0.411147	-0.219639	-0.0117412	0.21231	0.453829	
-0.673537	-0.591339	-0.509824	-0.439755	-0.404525	-0.399574	-0.420465	-0.478611	-0.559048	-0.640389	-0.722692	-0.78245	-0.785407	-0.745539	-0.696033	-0.650412	-0.607488	-0.551007	-0.473096	-0.378144	-0.25866	-0.116677	0.0390235	0.212782	0.401315	
-0.73479	-0.63701	-0.551642	-0.497184	-0.472466	-0.468996	-0.484118	-0.525585	-0.599363	-0.696731	-0.78245	-0.816317	-0.793812	-0.730014	-0.640025	-0.547031	-0.451991	-0.345057	-0.248428	-0.17215	-0.0980222	-0.01369	0.0910871	0.211851	0.338401	
-0.760167	-0.689625	-0.623446	-0.589606	-0.575883	-0.573704	-0.58325	-0.606844	-0.659638	-0.734215	-0.785407	-0.793812	-0.768071	-0.694442	-0.57274	-0.430792	-0.281314	-0.144497	-0.0454996	0.0185912	0.0588647	0.10002	0.158318	0.216887	0.270924	
-0.750065	-0.744212	-0.72967	-0.715124	-0.698621	-0.694369	-0.708912	-0.725079	-0.738556	-0.748995	-0.745539	-0.730014	-0.694442	-0.610879	-0.473244	-0.298927	-0.122538	0.0200604	0.126454	0.192145	0.213303	0.21899	0.218116	0.205638	0.185063	
-0.731762	-0.793244	-0.837251	-0.84774	-0.835488	-0.83141	-0.843854	-0.845449	-0.814481	-0.757449	-0.696033	-0.640025	-0.57274	-0.473244	-0.329972	-0.152787	0.017134	0.158632	0.271032	0.332016	0.340034	0.309808	0.248774	0.174524	0.0906707	
-0.713716	-0.824584	-0.914714	-0.9599	-0.974153	-0.976334	-0.968022	-0.937049	-0.865435	-0.759088	-0.650412	-0.547031	-0.430792	-0.298927	-0.152787	0.00465345	0.156902	0.289848	0.38381	0.426777	0.420261	0.354617	0.246012	0.120814	-0.00798952	
-0.694237	-0.834515	-0.95316	-1.03368	-1.08207	-1.09181	-1.05727	-0.989308	-0.885832	-0.751179	-0.607488	-0.451991	-0.281314	-0.122538	0.017134	0.156902	0.296991	0.410677	0.476048	0.497149	0.463358	0.357619	0.2035	0.0334719	-0.121831	
-0.663277	-0.82527	-0.954321	-1.05437	-1.12278	-1.13559	-1.08612	-0.998022	-0.880822	-0.731451	-0.551007	-0.345057	-0.144497	0.0200604	0.158632	0.289848	0.410677	0.501692	0.54835	0.54686	0.477709	0.332298	0.138275	-0.0646392	-0.239193	
-0.600517	-0.776171	-0.907554	-1.01116	-1.08069	-1.09262	-1.04338	-0.952907	-0.833499	-0.676578	-0.473096	-0.248428	-0.0454996	0.126454	0.271032	0.38381	0.476048	0.54835	0.581308	0.555914	0.454146	0.285202	0.0761492	-0.14275	-0.328633	
-0.496839	-0.662785	-0.792641	-0.896797	-0.96125	-0.972334	-0.928648	-0.837912	-0.717942	-0.568559	-0.378144	-0.17215	0.0185912	0.192145	0.332016	0.426777	0.497149	0.54686	0.555914	0.499744	0.378185	0.218369	0.022421	-0.190477	-0.370627	
-0.352794	-0.490083	-0.609473	-0.709559	-0.767584	-0.777438	-0.739118	-0.652187	-0.539424	-0.411147	-0.25866	-0.0980222	0.0588647	0.213303	0.340034	0.420261	0.463358	0.477709	0.454146	0.378185	0.270484	0.140544	-0.031737	-0.216981	-0.382367	
-0.179097	-0.279889	-0.376591	-0.455479	-0.496306	-0.502281	-0.47643	-0.411221	-0.31991	-0.219639	-0.116677	-0.01369	0.10002	0.21899	0.309808	0.354617	0.357619	0.332298	0.285202	0.218369	0.140544	0.0362031	-0.0958487	-0.233961	-0.378296	
0.00967093	-0.0485454	-0.108273	-0.147578	-0.160106	-0.161059	-0.155394	-0.127447	-0.0730676	-0.0117412	0.0390235	0.0910871	0.158318	0.218116	0.248774	0.246012	0.2035	0.138275	0.0761492	0.022421	-0.031737	-0.0958487	-0.163072	-0.250206	-0.367824	
0.214925	0.203234	0.187703	0.190674	0.20392	0.207187	0.195867	0.186409	0.19641	0.21231	0.212782	0.211851	0.216887	0.205638	0.174524	0.120814	0.0334719	-0.0646392	-0.14275	-0.190477	-0.216981	-0.233961	-0.250206	-0.298933	-0.381704	
0.435846	0.472929	0.498548	0.530496	0.555582	0.560587	0.542804	0.510203	0.483022	0.453829	0.401315	0.338401	0.270924	0.185063	0.0906707	-0.00798952	-0.121831	-0.239193	-0.328633	-0.370627	-0.382367	-0.378296	-0.367824	-0.381704	-0.423139	
