0.867516	0.868024	0.866206	0.867129	0.865416	0.866529	0.865934	0.866662	0.867338	0.867333	0.868262	0.867465	0.866799	0.864845	0.860852	0.856231	0.847871	0.838123	0.824163	0.807255	0.785288	0.760023	0.727479	0.693182	0.648912	
0.832785	0.836227	0.841044	0.841813	0.844367	0.843438	0.843555	0.841272	0.838529	0.834746	0.828423	0.822451	0.811789	0.80228	0.786716	0.771993	0.751068	0.729827	0.703176	0.674907	0.642269	0.607748	0.568421	0.528944	0.484262	
0.713692	0.721468	0.72803	0.731337	0.734455	0.733848	0.733251	0.729157	0.724446	0.716929	0.707686	0.696457	0.682251	0.666695	0.647273	0.626281	0.601927	0.574188	0.545206	0.511218	0.476541	0.439692	0.399623	0.360978	0.321961	
0.550821	0.560083	0.567786	0.572349	0.575692	0.575446	0.57434	0.569581	0.563542	0.554786	0.543324	0.530821	0.514199	0.497316	0.477043	0.454619	0.432116	0.404825	0.378667	0.350215	0.31799	0.289349	0.255279	0.221707	0.191769	
0.387796	0.394882	0.403508	0.407308	0.41042	0.411092	0.408447	0.406124	0.3978	0.39212	0.379105	0.368748	0.35305	0.336517	0.319576	0.29782	0.278156	0.255829	0.231006	0.21097	0.184945	0.162435	0.142947	0.116481	0.0983431	
0.242805	0.249649	0.254851	0.259524	0.25999	0.262476	0.258534	0.257919	0.250982	0.245752	0.237703	0.226831	0.218375	0.203216	0.192226	0.176814	0.160206	0.146723	0.126694	0.110691	0.0949703	0.0733962	0.0617472	0.0450902	0.028814	
0.129749	0.13741	0.140008	0.143788	0.145074	0.145113	0.144979	0.140947	0.139822	0.131733	0.129394	0.118879	0.113568	0.103854	0.0937257	0.0865673	0.073607	0.065682	0.0560655	0.0429278	0.0376942	0.0240558	0.0143051	0.0076466	-0.00540232	
0.0587834	0.0656969	0.0662363	0.0689594	0.0706378	0.0688519	0.0712025	0.0658257	0.0675654	0.0603924	0.0596619	0.0529158	0.0482264	0.042922	0.0353342	0.0293161	0.0232063	0.0131066	0.0112244	-0.000472411	-0.00294303	-0.00833869	-0.015377	-0.0171327	-0.0204951	
0.013784	0.0171348	0.0167119	0.0194442	0.0188257	0.0193704	0.0191581	0.0176827	0.017025	0.0149223	0.0125771	0.0109577	0.00701101	0.00499968	0.00175571	-0.00310216	-0.00369496	-0.0111842	-0.0121805	-0.0169925	-0.023336	-0.0233576	-0.0306777	-0.0321074	-0.033724	
-0.0103979	-0.0121575	-0.00919647	-0.00922808	-0.00910794	-0.00775387	-0.010117	-0.00777235	-0.0122325	-0.00930892	-0.0149919	-0.0126187	-0.0176441	-0.0174982	-0.0201875	-0.022255	-0.0237923	-0.0248047	-0.0285156	-0.0263453	-0.0316844	-0.0304171	-0.0333716	-0.0356687	-0.0371312	
-0.0219256	-0.022977	-0.0210495	-0.0216213	-0.0212196	-0.0207417	-0.0220075	-0.020726	-0.0230368	-0.0218331	-0.0241348	-0.0239961	-0.0255635	-0.026682	-0.0279219	-0.0293281	-0.0312471	-0.0320494	-0.0344797	-0.0348035	-0.0367535	-0.0363742	-0.03755	-0.0372201	-0.0366841	
-0.0300362	-0.0308224	-0.0298547	-0.0301869	-0.0299065	-0.0297623	-0.0302074	-0.0296085	-0.0307569	-0.0297444	-0.0314044	-0.0302766	-0.0318352	-0.0313351	-0.0319753	-0.0325848	-0.0327594	-0.0330653	-0.0354988	-0.0333201	-0.0385977	-0.0367715	-0.0387576	-0.0411456	-0.0389074	
-0.032	-0.0340315	-0.0318815	-0.0327621	-0.0326118	-0.0316138	-0.0336188	-0.0311282	-0.034363	-0.0317372	-0.0344786	-0.0334454	-0.0342659	-0.0352126	-0.0349917	-0.035299	-0.0373298	-0.0339334	-0.0386003	-0.0346931	-0.03585	-0.0379495	-0.0345842	-0.0378452	-0.0389612	
-0.0329744	-0.032529	-0.0321356	-0.0328267	-0.0318848	-0.0329	-0.0317773	-0.0331961	-0.0315188	-0.0337944	-0.0314329	-0.0341547	-0.0323739	-0.0337157	-0.0346115	-0.0333322	-0.0366016	-0.0351996	-0.0367124	-0.0388491	-0.0368215	-0.0396879	-0.0382751	-0.0373311	-0.0359293	
-0.0348793	-0.0345578	-0.0340499	-0.0350928	-0.0334276	-0.0354245	-0.033219	-0.0355061	-0.0334091	-0.0353333	-0.0339008	-0.034949	-0.0344221	-0.034597	-0.0345369	-0.0345662	-0.0342028	-0.0347825	-0.0341213	-0.035436	-0.0347108	-0.0375372	-0.0362056	-0.0391241	-0.0381478	
-0.034148	-0.0326428	-0.0333941	-0.0328094	-0.0328475	-0.0331438	-0.032515	-0.0336689	-0.0323626	-0.0343912	-0.0325212	-0.0350894	-0.033357	-0.0353869	-0.0350238	-0.0353989	-0.0365467	-0.0362085	-0.0361857	-0.0379996	-0.0347254	-0.0375422	-0.0355655	-0.0339749	-0.0350449	
-0.0336162	-0.03242	-0.0328813	-0.0331916	-0.0321418	-0.0338213	-0.0316104	-0.0341557	-0.0314346	-0.0340239	-0.0318125	-0.0333309	-0.0327224	-0.0325523	-0.0334894	-0.0329412	-0.0332716	-0.0351749	-0.0329693	-0.037427	-0.0350245	-0.0376216	-0.0377272	-0.0371422	-0.0343905	
-0.0350989	-0.0328563	-0.0344232	-0.0333851	-0.0334845	-0.0341509	-0.032835	-0.0347515	-0.0327531	-0.035016	-0.0332283	-0.0350275	-0.0338726	-0.0351695	-0.034003	-0.0357757	-0.0333797	-0.0363456	-0.0329796	-0.0358389	-0.0339344	-0.03473	-0.0354459	-0.0342895	-0.0341896	
-0.0322829	-0.0312653	-0.0322518	-0.0311319	-0.0319709	-0.0313636	-0.0316884	-0.0316397	-0.0316759	-0.0318034	-0.0320238	-0.0320024	-0.0325878	-0.0326128	-0.0331606	-0.0338603	-0.0337722	-0.0353932	-0.0346774	-0.0362987	-0.0358842	-0.0357661	-0.0361927	-0.0341326	-0.0315777	
-0.0338509	-0.032422	-0.0336577	-0.0328073	-0.0331958	-0.0332969	-0.0327727	-0.0336682	-0.0325725	-0.0337666	-0.0326583	-0.0335588	-0.032857	-0.0333517	-0.0326617	-0.0337823	-0.0318312	-0.0348687	-0.0317279	-0.0351961	-0.0342308	-0.034508	-0.0364447	-0.0346242	-0.0318132	
-0.0324059	-0.0316746	-0.0325761	-0.0311689	-0.0323413	-0.0312713	-0.0321554	-0.0314825	-0.0324116	-0.0316147	-0.0330342	-0.0320405	-0.0334324	-0.0333325	-0.0332082	-0.0350763	-0.033218	-0.035396	-0.0346185	-0.0337246	-0.0357802	-0.0329757	-0.0342499	-0.0330848	-0.0302931	
-0.0315805	-0.0315742	-0.0320863	-0.0312325	-0.0324645	-0.0310493	-0.0325808	-0.0310825	-0.0324099	-0.0313461	-0.0320081	-0.0317599	-0.0316397	-0.0321156	-0.0317261	-0.0324454	-0.0323657	-0.0333663	-0.0333753	-0.0348363	-0.0351438	-0.035088	-0.0360362	-0.0332093	-0.0291598	
-0.0326946	-0.0324383	-0.032792	-0.0320244	-0.0325643	-0.0320811	-0.0324189	-0.0322053	-0.0327076	-0.0321737	-0.0333728	-0.0322516	-0.033753	-0.0330651	-0.0331432	-0.0344477	-0.032285	-0.0344181	-0.0331964	-0.0320589	-0.0349523	-0.031595	-0.033652	-0.0334747	-0.0293362	
-0.0302265	-0.031106	-0.0310195	-0.030225	-0.0317998	-0.0296305	-0.0322785	-0.0294605	-0.0323277	-0.02987	-0.0318803	-0.0309078	-0.0312642	-0.032105	-0.0314658	-0.0326807	-0.0331635	-0.0329188	-0.0351401	-0.0340692	-0.0356358	-0.0347344	-0.0343959	-0.031297	-0.0272914	
-0.0322289	-0.0325805	-0.0324239	-0.0321776	-0.0324472	-0.0320479	-0.032436	-0.0320363	-0.0325986	-0.0319459	-0.0329826	-0.0318193	-0.0332264	-0.0320578	-0.0327579	-0.032801	-0.0319295	-0.0329107	-0.0325134	-0.0315508	-0.0344469	-0.0318312	-0.0337929	-0.0336491	-0.0281621	
-0.030171	-0.031254	-0.030789	-0.0303043	-0.0315066	-0.0296608	-0.0320717	-0.0294511	-0.0323274	-0.0298743	-0.0321033	-0.0310664	-0.0315721	-0.0325679	-0.0316835	-0.0332802	-0.0333576	-0.0329702	-0.0354089	-0.0331948	-0.0352761	-0.0337161	-0.0329266	-0.0301842	-0.0262851	
-0.031254	-0.0321236	-0.0316862	-0.031543	-0.0320432	-0.0311615	-0.032217	-0.0310072	-0.0322949	-0.0309622	-0.0323778	-0.0309759	-0.0324134	-0.0311824	-0.0322482	-0.0316461	-0.0321517	-0.0318665	-0.0330373	-0.0315996	-0.0345594	-0.0325853	-0.0336835	-0.0330422	-0.0269224	
-0.030789	-0.0316862	-0.0310995	-0.0309429	-0.0316054	-0.0304232	-0.0320977	-0.0302686	-0.0324056	-0.0306451	-0.0323497	-0.0316295	-0.031997	-0.0328253	-0.0319971	-0.0333213	-0.0330804	-0.0328106	-0.0345528	-0.0325203	-0.034495	-0.0328311	-0.0324055	-0.0300732	-0.0258893	
-0.0303043	-0.031543	-0.0309429	-0.0307158	-0.0315521	-0.0301134	-0.0319048	-0.0298331	-0.0320181	-0.0298585	-0.0319587	-0.0302054	-0.0318153	-0.030843	-0.0318558	-0.0314646	-0.0325917	-0.0316309	-0.0341135	-0.0317985	-0.0349519	-0.0331255	-0.0330939	-0.032011	-0.0259221	
-0.0315066	-0.0320432	-0.0316054	-0.0315521	-0.0319275	-0.0311978	-0.0322801	-0.031144	-0.0325037	-0.0314753	-0.032489	-0.0321247	-0.0322898	-0.0327489	-0.0322305	-0.0328575	-0.0326632	-0.0323994	-0.0334439	-0.0320735	-0.0338719	-0.032326	-0.0327167	-0.0306311	-0.0259186	
-0.0296608	-0.0311615	-0.0304232	-0.0301134	-0.0311978	-0.0293349	-0.0317115	-0.0289451	-0.0319245	-0.0290378	-0.0318127	-0.0297588	-0.0314954	-0.0309692	-0.0315977	-0.0319008	-0.0329886	-0.0319075	-0.0351193	-0.0320714	-0.0353	-0.0334361	-0.0324242	-0.0310335	-0.0253882	
-0.0320717	-0.032217	-0.0320977	-0.0319048	-0.0322801	-0.0317115	-0.0324747	-0.0317661	-0.0325933	-0.0320417	-0.0326215	-0.0323607	-0.0325792	-0.0325031	-0.0324551	-0.0323962	-0.0323086	-0.0321056	-0.0326214	-0.0317411	-0.0336872	-0.0320003	-0.0333153	-0.0315315	-0.0262824	
-0.0294511	-0.0310072	-0.0302686	-0.0298331	-0.031144	-0.0289451	-0.0317661	-0.0284984	-0.0320211	-0.0286885	-0.0317968	-0.0297364	-0.0312661	-0.0313544	-0.0313748	-0.0324204	-0.0332199	-0.0322797	-0.035709	-0.0324984	-0.0354977	-0.0337399	-0.0322706	-0.030414	-0.0254353	
-0.0323274	-0.0322949	-0.0324056	-0.0320181	-0.0325037	-0.0319245	-0.0325933	-0.0320211	-0.0327199	-0.0321748	-0.0329183	-0.0322449	-0.0330368	-0.032274	-0.0327296	-0.0323962	-0.0320934	-0.0322673	-0.0323447	-0.0314798	-0.0339456	-0.0317293	-0.0336521	-0.0324901	-0.0269341	
-0.0298743	-0.0309622	-0.0306451	-0.0298585	-0.0314753	-0.0290378	-0.0320417	-0.0286885	-0.0321748	-0.0290386	-0.0317535	-0.030241	-0.0310782	-0.0318336	-0.031255	-0.0326973	-0.0332304	-0.032588	-0.0356105	-0.0331009	-0.0355521	-0.0339989	-0.0330427	-0.0304036	-0.0260684	
-0.0321033	-0.0323778	-0.0323497	-0.0319587	-0.032489	-0.0318127	-0.0326215	-0.0317968	-0.0329183	-0.0317535	-0.0333523	-0.0317691	-0.0334933	-0.0321969	-0.0328571	-0.032979	-0.0320353	-0.032913	-0.0327399	-0.0315128	-0.0344838	-0.0318156	-0.0335625	-0.0331359	-0.0278594	
-0.0310664	-0.0309759	-0.0316295	-0.0302054	-0.0321247	-0.0297588	-0.0323607	-0.0297364	-0.0322449	-0.030241	-0.0317691	-0.0312434	-0.0312867	-0.0323042	-0.0315801	-0.0328469	-0.0330184	-0.0330866	-0.0346939	-0.0336944	-0.0355139	-0.033837	-0.0345014	-0.0312493	-0.0272006	
-0.0315721	-0.0324134	-0.031997	-0.0318153	-0.0322898	-0.0314954	-0.0325792	-0.0312661	-0.0330368	-0.0310782	-0.0334933	-0.0312867	-0.0333882	-0.0323353	-0.0325292	-0.0336899	-0.0321222	-0.0336657	-0.0335346	-0.0323389	-0.0349675	-0.0327892	-0.0336604	-0.0332084	-0.0290552	
-0.0325679	-0.0311824	-0.0328253	-0.030843	-0.0327489	-0.0309692	-0.0325031	-0.0313544	-0.032274	-0.0318336	-0.0321969	-0.0323042	-0.0323353	-0.0327878	-0.0325688	-0.0334814	-0.0327513	-0.0342375	-0.0335088	-0.0340389	-0.0354798	-0.0331644	-0.0355186	-0.0327817	-0.028753	
-0.0316835	-0.0322482	-0.0319971	-0.0318558	-0.0322305	-0.0315977	-0.0324551	-0.0313748	-0.0327296	-0.031255	-0.0328571	-0.0315801	-0.0325292	-0.0325688	-0.0319815	-0.0336818	-0.0322459	-0.03409	-0.0336969	-0.0342031	-0.0349875	-0.0345387	-0.0350096	-0.0332163	-0.0304611	
-0.0332802	-0.0316461	-0.0333213	-0.0314646	-0.0328575	-0.0319008	-0.0323962	-0.0324204	-0.0323962	-0.0326973	-0.032979	-0.0328469	-0.0336899	-0.0334814	-0.0336818	-0.0349482	-0.0329908	-0.0358893	-0.0334541	-0.0344523	-0.0354719	-0.0330662	-0.0351113	-0.0339054	-0.0307132	
-0.0333576	-0.0321517	-0.0330804	-0.0325917	-0.0326632	-0.0329886	-0.0323086	-0.0332199	-0.0320934	-0.0332304	-0.0320353	-0.0330184	-0.0321222	-0.0327513	-0.0322459	-0.0329908	-0.0321853	-0.0344087	-0.0323463	-0.0361506	-0.0344804	-0.0358317	-0.0372945	-0.0344931	-0.0321297	
-0.0329702	-0.0318665	-0.0328106	-0.0316309	-0.0323994	-0.0319075	-0.0321056	-0.0322797	-0.0322673	-0.032588	-0.032913	-0.0330866	-0.0336657	-0.0342375	-0.03409	-0.0358893	-0.0344087	-0.036742	-0.0351273	-0.036034	-0.0353595	-0.0350896	-0.0345176	-0.0336862	-0.0327574	
-0.0354089	-0.0330373	-0.0345528	-0.0341135	-0.0334439	-0.0351193	-0.0326214	-0.035709	-0.0323447	-0.0356105	-0.0327399	-0.0346939	-0.0335346	-0.0335088	-0.0336969	-0.0334541	-0.0323463	-0.0351273	-0.0312638	-0.0363941	-0.0339836	-0.0359813	-0.0377892	-0.0369743	-0.0346177	
-0.0331948	-0.0315996	-0.0325203	-0.0317985	-0.0320735	-0.0320714	-0.0317411	-0.0324984	-0.0314798	-0.0331009	-0.0315128	-0.0336944	-0.0323389	-0.0340389	-0.0342031	-0.0344523	-0.0361506	-0.036034	-0.0363941	-0.0385865	-0.0354522	-0.0383256	-0.0361538	-0.0341377	-0.0342287	
-0.0352761	-0.0345594	-0.034495	-0.0349519	-0.0338719	-0.0353	-0.0336872	-0.0354977	-0.0339456	-0.0355521	-0.0344838	-0.0355139	-0.0349675	-0.0354798	-0.0349875	-0.0354719	-0.0344804	-0.0353595	-0.0339836	-0.0354522	-0.0341464	-0.0366349	-0.035702	-0.0376795	-0.0376813	
-0.0337161	-0.0325853	-0.0328311	-0.0331255	-0.032326	-0.0334361	-0.0320003	-0.0337399	-0.0317293	-0.0339989	-0.0318156	-0.033837	-0.0327892	-0.0331644	-0.0345387	-0.0330662	-0.0358317	-0.0350896	-0.0359813	-0.0383256	-0.0366349	-0.0394313	-0.0381497	-0.037989	-0.0361222	
-0.0329266	-0.0336835	-0.0324055	-0.0330939	-0.0327167	-0.0324242	-0.0333153	-0.0322706	-0.0336521	-0.0330427	-0.0335625	-0.0345014	-0.0336604	-0.0355186	-0.0350096	-0.0351113	-0.0372945	-0.0345176	-0.0377892	-0.0361538	-0.035702	-0.0381497	-0.0359151	-0.0368702	-0.0383658	
-0.0301842	-0.0330422	-0.0300732	-0.032011	-0.0306311	-0.0310335	-0.0315315	-0.030414	-0.0324901	-0.0304036	-0.0331359	-0.0312493	-0.0332084	-0.0327817	-0.0332163	-0.0339054	-0.0344931	-0.0336862	-0.0369743	-0.0341377	-0.0376795	-0.037989	-0.0368702	-0.0402789	-0.0393067	
-0.0262851	-0.0269224	-0.0258893	-0.0259221	-0.0259186	-0.0253882	-0.0262824	-0.0254353	-0.0269341	-0.0260684	-0.0278594	-0.0272006	-0.0290552	-0.028753	-0.0304611	-0.0307132	-0.0321297	-0.0327574	-0.0346177	-0.0342287	-0.0376813	-0.0361222	-0.0383658	-0.0393067	-0.0372637	
