1.46412	1.39945	1.29173	1.15998	1.01085	0.871213	0.763975	0.699605	0.658353	0.622677	0.572239	0.500813	0.411661	0.310559	0.208898	0.114118	0.037873	-0.00188539	-0.00477493	0.0101913	0.0574515	0.143198	0.25646	0.374631	0.469909	
1.39945	1.35843	1.28278	1.18579	1.06897	0.953449	0.866911	0.817381	0.781719	0.73765	0.671524	0.585847	0.481051	0.365068	0.253004	0.155978	0.0665016	0.0104984	-0.00878931	-0.00233337	0.0404922	0.127021	0.24577	0.370486	0.488076	
1.29173	1.28278	1.23656	1.16906	1.08421	0.992839	0.92519	0.88353	0.851063	0.804239	0.730456	0.635595	0.524895	0.406543	0.290606	0.184627	0.0798834	0.00792002	-0.0241019	-0.0235113	0.0160586	0.0989622	0.213886	0.341465	0.472517	
1.15998	1.18579	1.16906	1.1264	1.06448	0.994516	0.931068	0.891132	0.862886	0.818959	0.746011	0.648867	0.547077	0.431072	0.306027	0.18245	0.0688369	-0.0128105	-0.0563318	-0.0656546	-0.0351234	0.0359053	0.140708	0.270642	0.408857	
1.01085	1.06897	1.08421	1.06448	1.02131	0.963973	0.905204	0.862755	0.828316	0.786681	0.720036	0.636919	0.544404	0.425205	0.287954	0.152404	0.0379815	-0.0477739	-0.103048	-0.123954	-0.110924	-0.0626639	0.025689	0.148206	0.284936	
0.871213	0.953449	0.992839	0.994516	0.963973	0.920573	0.860623	0.803895	0.757675	0.717074	0.665661	0.594977	0.507546	0.39195	0.255393	0.119634	0.00409425	-0.0872127	-0.154576	-0.1934	-0.207592	-0.190724	-0.128676	-0.0286825	0.092025	
0.763975	0.866911	0.92519	0.931068	0.905204	0.860623	0.794841	0.720947	0.665531	0.625111	0.577302	0.512012	0.431287	0.328253	0.204903	0.0791665	-0.0347291	-0.130572	-0.212216	-0.275925	-0.321844	-0.339299	-0.310171	-0.243439	-0.148493	
0.699605	0.817381	0.88353	0.891132	0.862755	0.803895	0.720947	0.637263	0.573901	0.520451	0.464997	0.405325	0.331597	0.233324	0.123131	0.0107851	-0.0969553	-0.196731	-0.290748	-0.378252	-0.456202	-0.505057	-0.509095	-0.469684	-0.395377	
0.658353	0.781719	0.851063	0.862886	0.828316	0.757675	0.665531	0.573901	0.491957	0.417099	0.354885	0.300394	0.223807	0.121154	0.0140771	-0.0932376	-0.19865	-0.296932	-0.390854	-0.492693	-0.592255	-0.665813	-0.694123	-0.670215	-0.606644	
0.622677	0.73765	0.804239	0.818959	0.786681	0.717074	0.625111	0.520451	0.417099	0.323973	0.251327	0.192121	0.112987	0.00593897	-0.108387	-0.220048	-0.323891	-0.410871	-0.499907	-0.602377	-0.704696	-0.787867	-0.827731	-0.812248	-0.751851	
0.572239	0.671524	0.730456	0.746011	0.720036	0.665661	0.577302	0.464997	0.354885	0.251327	0.160533	0.090288	0.00326793	-0.112539	-0.239223	-0.352975	-0.444479	-0.521976	-0.603451	-0.694528	-0.780188	-0.853038	-0.889724	-0.869086	-0.807686	
0.500813	0.585847	0.635595	0.648867	0.636919	0.594977	0.512012	0.405325	0.300394	0.192121	0.090288	0.00122952	-0.105357	-0.239436	-0.375644	-0.482109	-0.56135	-0.623037	-0.689418	-0.757951	-0.819592	-0.868893	-0.877429	-0.835443	-0.761679	
0.411661	0.481051	0.524895	0.547077	0.544404	0.507546	0.431287	0.331597	0.223807	0.112987	0.00326793	-0.105357	-0.234637	-0.378307	-0.512605	-0.611311	-0.67205	-0.706737	-0.739448	-0.780986	-0.815641	-0.828199	-0.795685	-0.719788	-0.62675	
0.310559	0.365068	0.406543	0.431072	0.425205	0.39195	0.328253	0.233324	0.121154	0.00593897	-0.112539	-0.239436	-0.378307	-0.517386	-0.641918	-0.727896	-0.768292	-0.770384	-0.767269	-0.772377	-0.767425	-0.731311	-0.654839	-0.548106	-0.424891	
0.208898	0.253004	0.290606	0.306027	0.287954	0.255393	0.204903	0.123131	0.0140771	-0.108387	-0.239223	-0.375644	-0.512605	-0.641918	-0.749538	-0.814479	-0.834907	-0.815165	-0.781996	-0.74651	-0.690077	-0.602693	-0.484835	-0.34408	-0.186255	
0.114118	0.155978	0.184627	0.18245	0.152404	0.119634	0.0791665	0.0107851	-0.0932376	-0.220048	-0.352975	-0.482109	-0.611311	-0.727896	-0.814479	-0.857244	-0.856129	-0.81976	-0.762586	-0.689233	-0.589893	-0.460617	-0.304508	-0.125596	0.0652158	
0.037873	0.0665016	0.0798834	0.0688369	0.0379815	0.00409425	-0.0347291	-0.0969553	-0.19865	-0.323891	-0.444479	-0.56135	-0.67205	-0.768292	-0.834907	-0.856129	-0.83151	-0.772658	-0.692126	-0.585961	-0.457113	-0.302429	-0.115457	0.0935782	0.303302	
-0.00188539	0.0104984	0.00792002	-0.0128105	-0.0477739	-0.0872127	-0.130572	-0.196731	-0.296932	-0.410871	-0.521976	-0.623037	-0.706737	-0.770384	-0.815165	-0.81976	-0.772658	-0.695625	-0.591618	-0.460807	-0.311726	-0.138465	0.0678247	0.289414	0.497955	
-0.00477493	-0.00878931	-0.0241019	-0.0563318	-0.103048	-0.154576	-0.212216	-0.290748	-0.390854	-0.499907	-0.603451	-0.689418	-0.739448	-0.767269	-0.781996	-0.762586	-0.692126	-0.591618	-0.468939	-0.320005	-0.154394	0.0379441	0.250311	0.456698	0.646074	
0.0101913	-0.00233337	-0.0235113	-0.0656546	-0.123954	-0.1934	-0.275925	-0.378252	-0.492693	-0.602377	-0.694528	-0.757951	-0.780986	-0.772377	-0.74651	-0.689233	-0.585961	-0.460807	-0.320005	-0.1592	0.0227763	0.223457	0.419737	0.595676	0.7548	
0.0574515	0.0404922	0.0160586	-0.0351234	-0.110924	-0.207592	-0.321844	-0.456202	-0.592255	-0.704696	-0.780188	-0.819592	-0.815641	-0.767425	-0.690077	-0.589893	-0.457113	-0.311726	-0.154394	0.0227763	0.208483	0.390437	0.553459	0.697751	0.823799	
0.143198	0.127021	0.0989622	0.0359053	-0.0626639	-0.190724	-0.339299	-0.505057	-0.665813	-0.787867	-0.853038	-0.868893	-0.828199	-0.731311	-0.602693	-0.460617	-0.302429	-0.138465	0.0379441	0.223457	0.390437	0.532711	0.655979	0.762679	0.840625	
0.25646	0.24577	0.213886	0.140708	0.025689	-0.128676	-0.310171	-0.509095	-0.694123	-0.827731	-0.889724	-0.877429	-0.795685	-0.654839	-0.484835	-0.304508	-0.115457	0.0678247	0.250311	0.419737	0.553459	0.655979	0.734866	0.784156	0.799266	
0.374631	0.370486	0.341465	0.270642	0.148206	-0.0286825	-0.243439	-0.469684	-0.670215	-0.812248	-0.869086	-0.835443	-0.719788	-0.548106	-0.34408	-0.125596	0.0935782	0.289414	0.456698	0.595676	0.697751	0.762679	0.784156	0.764302	0.723286	
0.469909	0.488076	0.472517	0.408857	0.284936	0.092025	-0.148493	-0.395377	-0.606644	-0.751851	-0.807686	-0.761679	-0.62675	-0.424891	-0.186255	0.0652158	0.303302	0.497955	0.646074	0.7548	0.823799	0.840625	0.799266	0.723286	0.642106	
0.516202	0.562189	0.56711	0.518635	0.399414	0.203323	-0.0455823	-0.302528	-0.520993	-0.668429	-0.723023	-0.674803	-0.527589	-0.302576	-0.0313842	0.243762	0.488838	0.683064	0.820136	0.903377	0.931178	0.895681	0.806884	0.692496	0.574179	
0.51209	0.591074	0.619474	0.587286	0.480485	0.293094	0.0450782	-0.215697	-0.438992	-0.586395	-0.63935	-0.591354	-0.441459	-0.199844	0.0967264	0.392237	0.641837	0.835045	0.96495	1.02323	1.01108	0.936539	0.814979	0.668865	0.521003	
0.47362	0.587355	0.639097	0.621437	0.521348	0.339165	0.0966492	-0.159612	-0.380102	-0.526791	-0.582692	-0.537227	-0.385642	-0.132304	0.187656	0.503894	0.760181	0.951038	1.07219	1.11216	1.0776	0.97716	0.826937	0.651244	0.485918	
0.426018	0.568706	0.636943	0.627669	0.53227	0.353317	0.116249	-0.130441	-0.34658	-0.498541	-0.561082	-0.516775	-0.357576	-0.0951779	0.23824	0.571793	0.839494	1.03309	1.14574	1.17418	1.12774	1.01145	0.839483	0.645054	0.471834	
0.395817	0.551719	0.625518	0.620125	0.528935	0.355716	0.124685	-0.116187	-0.33184	-0.489849	-0.557728	-0.507198	-0.340448	-0.0753773	0.256522	0.596703	0.878312	1.07862	1.18654	1.20409	1.14955	1.02591	0.847569	0.649171	0.469535	
0.389984	0.547126	0.621359	0.617172	0.527407	0.354474	0.125099	-0.114329	-0.330119	-0.489385	-0.556879	-0.505452	-0.335175	-0.0718316	0.258657	0.599672	0.884053	1.08738	1.19344	1.20851	1.15278	1.02782	0.849688	0.651329	0.469627	
0.411439	0.561448	0.633131	0.62556	0.531991	0.355765	0.121075	-0.123138	-0.339139	-0.494023	-0.559423	-0.512465	-0.350538	-0.0858755	0.247808	0.585477	0.860012	1.05604	1.1661	1.1898	1.13972	1.0198	0.843104	0.645732	0.470408	
0.453734	0.580231	0.639982	0.626574	0.527825	0.346419	0.10646	-0.145461	-0.363555	-0.511488	-0.569839	-0.525699	-0.371938	-0.114501	0.213148	0.537202	0.796791	0.987348	1.10516	1.14046	1.10079	0.992525	0.831981	0.647149	0.477943	
0.500001	0.592924	0.630742	0.604555	0.502138	0.317202	0.070931	-0.189033	-0.411871	-0.558985	-0.612501	-0.565731	-0.415206	-0.168833	0.137907	0.44204	0.693213	0.885618	1.01215	1.06255	1.03866	0.952337	0.819434	0.660679	0.50418	
0.519782	0.578421	0.592881	0.55102	0.435798	0.243276	-0.00612385	-0.265553	-0.486378	-0.634061	-0.688358	-0.639284	-0.490364	-0.25744	0.0236789	0.306785	0.554624	0.748554	0.883218	0.955498	0.965863	0.913048	0.810127	0.682831	0.550822	
0.494888	0.523759	0.515581	0.457162	0.335168	0.138309	-0.107459	-0.359622	-0.573558	-0.71921	-0.77471	-0.728402	-0.586687	-0.374734	-0.122197	0.13952	0.38086	0.575804	0.717621	0.816246	0.869809	0.864891	0.802048	0.708839	0.613013	
0.41768	0.420501	0.395802	0.327268	0.203021	0.0191396	-0.207789	-0.443352	-0.648516	-0.792187	-0.848196	-0.808416	-0.684911	-0.500158	-0.282071	-0.0492459	0.178951	0.374425	0.53392	0.660525	0.750297	0.797434	0.792454	0.747788	0.690065	
0.304369	0.2955	0.263153	0.189703	0.071357	-0.0931172	-0.287888	-0.498546	-0.690816	-0.828639	-0.888273	-0.866104	-0.768757	-0.615446	-0.431126	-0.234857	-0.0334033	0.156548	0.335016	0.49321	0.613737	0.7015	0.759397	0.780947	0.771075	
0.186394	0.172186	0.142451	0.0744053	-0.0315304	-0.170792	-0.332938	-0.512229	-0.68292	-0.810175	-0.874271	-0.878825	-0.821172	-0.705399	-0.559513	-0.40152	-0.231517	-0.0593881	0.121849	0.304068	0.457706	0.583493	0.690404	0.776486	0.830343	
0.0870182	0.0695367	0.0442482	-0.0108185	-0.0967405	-0.206137	-0.334046	-0.480847	-0.626087	-0.741123	-0.811181	-0.841946	-0.824397	-0.756904	-0.658637	-0.541519	-0.398727	-0.24652	-0.0810008	0.101463	0.282866	0.450079	0.597109	0.728216	0.837434	
0.0248292	0.0101265	-0.0129535	-0.058469	-0.121766	-0.201899	-0.296174	-0.411282	-0.534028	-0.644385	-0.730131	-0.784272	-0.797081	-0.773382	-0.727178	-0.652746	-0.537247	-0.402794	-0.256132	-0.0886243	0.0971264	0.293875	0.477942	0.64039	0.787699	
-0.00181951	-0.0100449	-0.0280034	-0.063896	-0.116138	-0.173559	-0.240486	-0.326423	-0.430369	-0.539819	-0.63918	-0.716702	-0.755199	-0.768297	-0.768475	-0.735207	-0.652588	-0.542217	-0.411414	-0.258212	-0.0855887	0.112586	0.32126	0.516388	0.693841	
-0.00598702	-0.000200311	-0.00941129	-0.0349348	-0.0727894	-0.116557	-0.164319	-0.23548	-0.334442	-0.444465	-0.553114	-0.64868	-0.718929	-0.768659	-0.802187	-0.79878	-0.743468	-0.657805	-0.545865	-0.406507	-0.251101	-0.0702859	0.140659	0.359517	0.562374	
0.0168912	0.038808	0.045968	0.0317107	-0.000316132	-0.0352064	-0.0752228	-0.137724	-0.239232	-0.360361	-0.476046	-0.58674	-0.687957	-0.772076	-0.830723	-0.844679	-0.810792	-0.744707	-0.654579	-0.537512	-0.399511	-0.23736	-0.0416324	0.174989	0.387474	
0.0804437	0.118514	0.141277	0.134567	0.103094	0.0699022	0.031463	-0.032985	-0.136061	-0.263706	-0.392636	-0.51696	-0.639825	-0.749755	-0.828141	-0.86203	-0.851202	-0.805895	-0.739394	-0.652653	-0.539647	-0.398233	-0.22883	-0.0364503	0.163598	
0.170139	0.21287	0.247424	0.25584	0.232955	0.200355	0.153756	0.0782542	-0.0282944	-0.153087	-0.287625	-0.422247	-0.556944	-0.681417	-0.780903	-0.837427	-0.849556	-0.823306	-0.780083	-0.728927	-0.654104	-0.547993	-0.413954	-0.258119	-0.085986	
0.269323	0.31822	0.359261	0.381374	0.370713	0.338195	0.280022	0.1899	0.0778943	-0.0399654	-0.1631	-0.295925	-0.434704	-0.570355	-0.688711	-0.766785	-0.799545	-0.791578	-0.775392	-0.763958	-0.738472	-0.682086	-0.588801	-0.468841	-0.332256	
0.372231	0.435639	0.478216	0.502606	0.500285	0.46512	0.393369	0.294895	0.184427	0.0726365	-0.0405564	-0.156582	-0.292412	-0.435152	-0.565758	-0.660439	-0.71228	-0.734166	-0.752068	-0.779891	-0.800772	-0.79485	-0.745335	-0.656539	-0.552289	
0.467398	0.545493	0.592614	0.608849	0.602054	0.562308	0.481021	0.378765	0.273744	0.164429	0.0599127	-0.0371918	-0.153765	-0.293724	-0.430727	-0.533924	-0.60676	-0.658769	-0.713619	-0.772437	-0.823986	-0.860137	-0.852433	-0.797892	-0.717281	
0.546156	0.640009	0.695234	0.7082	0.687531	0.640628	0.55422	0.442241	0.333344	0.227403	0.131569	0.0543648	-0.0394398	-0.162165	-0.29338	-0.405056	-0.491424	-0.563863	-0.640884	-0.724137	-0.80091	-0.865563	-0.893593	-0.866306	-0.801837	
