-0.633545	-0.547351	-0.437486	-0.310894	-0.178587	-0.0374152	0.0910126	0.188452	0.274925	0.356595	0.434479	0.490938	0.510581	0.466983	0.358478	0.230224	0.118651	0.0295608	-0.0371465	-0.0820691	-0.0927599	-0.0728706	-0.0284542	0.0400248	0.138599	
-0.547351	-0.482289	-0.402223	-0.301962	-0.190675	-0.0697405	0.0468809	0.14109	0.226466	0.300316	0.365143	0.413276	0.425503	0.373957	0.267729	0.149188	0.0509201	-0.0245933	-0.0712507	-0.0958753	-0.0933715	-0.0680184	-0.0185886	0.0478093	0.13134	
-0.437486	-0.402223	-0.353049	-0.273907	-0.183876	-0.0805274	0.0295318	0.130018	0.21592	0.280203	0.326035	0.352738	0.333385	0.258956	0.147947	0.0348839	-0.0561941	-0.119307	-0.151336	-0.158424	-0.145733	-0.112016	-0.0555348	0.0176028	0.0882953	
-0.310894	-0.301962	-0.273907	-0.220101	-0.154651	-0.0641625	0.0460681	0.150383	0.235565	0.291472	0.317241	0.308523	0.247994	0.143727	0.0171821	-0.102329	-0.188733	-0.246592	-0.268906	-0.261594	-0.240809	-0.198456	-0.132596	-0.0548901	0.0149724	
-0.178587	-0.190675	-0.183876	-0.154651	-0.0996246	-0.00598287	0.105295	0.204174	0.282158	0.322005	0.314277	0.263776	0.166065	0.0293251	-0.119907	-0.253042	-0.34523	-0.397359	-0.411197	-0.389084	-0.350339	-0.295804	-0.223811	-0.142895	-0.0709886	
-0.0374152	-0.0697405	-0.0805274	-0.0641625	-0.00598287	0.0959973	0.201026	0.286591	0.34524	0.347138	0.293764	0.199361	0.071263	-0.0899431	-0.260112	-0.405092	-0.502962	-0.55289	-0.555516	-0.515499	-0.454155	-0.382957	-0.305034	-0.224232	-0.153164	
0.0910126	0.0468809	0.0295318	0.0460681	0.105295	0.201026	0.295862	0.364245	0.38973	0.345631	0.246618	0.113107	-0.0459528	-0.228168	-0.40899	-0.558245	-0.655986	-0.697715	-0.683649	-0.623115	-0.539401	-0.449383	-0.360249	-0.279411	-0.210507	
0.188452	0.14109	0.130018	0.150383	0.204174	0.286591	0.364245	0.401046	0.382793	0.301463	0.17082	0.0041388	-0.182127	-0.378706	-0.562553	-0.709463	-0.802933	-0.830284	-0.793119	-0.71269	-0.605558	-0.491215	-0.380988	-0.287955	-0.21376	
0.274925	0.226466	0.21592	0.235565	0.282158	0.34524	0.38973	0.382793	0.323944	0.218994	0.0635544	-0.12817	-0.334685	-0.534671	-0.71597	-0.857941	-0.939005	-0.942532	-0.880154	-0.774219	-0.64004	-0.500364	-0.366905	-0.250477	-0.162621	
0.356595	0.300316	0.280203	0.291472	0.322005	0.347138	0.345631	0.301463	0.218994	0.0996008	-0.0731847	-0.283047	-0.498589	-0.697897	-0.87561	-1.00604	-1.05958	-1.03099	-0.934699	-0.791606	-0.62403	-0.461765	-0.312271	-0.176498	-0.0677071	
0.434479	0.365143	0.326035	0.317241	0.314277	0.293764	0.246618	0.17082	0.0635544	-0.0731847	-0.259815	-0.469244	-0.67613	-0.86128	-1.02067	-1.12179	-1.14111	-1.0801	-0.948061	-0.763584	-0.560738	-0.373172	-0.21084	-0.0638619	0.0662219	
0.490938	0.413276	0.352738	0.308523	0.263776	0.199361	0.113107	0.0041388	-0.12817	-0.283047	-0.469244	-0.668743	-0.860238	-1.02032	-1.14034	-1.19528	-1.16866	-1.06209	-0.889048	-0.668642	-0.434364	-0.230647	-0.0613895	0.0894521	0.219123	
0.510581	0.425503	0.333385	0.247994	0.166065	0.071263	-0.0459528	-0.182127	-0.334685	-0.498589	-0.67613	-0.860238	-1.02595	-1.14446	-1.21472	-1.2164	-1.13593	-0.980761	-0.766497	-0.516961	-0.269478	-0.0523715	0.122183	0.263371	0.378555	
0.466983	0.373957	0.258956	0.143727	0.0293251	-0.0899431	-0.228168	-0.378706	-0.534671	-0.697897	-0.86128	-1.02032	-1.14446	-1.21591	-1.23529	-1.18371	-1.05432	-0.856094	-0.608226	-0.346392	-0.0945295	0.121098	0.292982	0.419221	0.50471	
0.358478	0.267729	0.147947	0.0171821	-0.119907	-0.260112	-0.40899	-0.562553	-0.71597	-0.87561	-1.02067	-1.14034	-1.21472	-1.23529	-1.20172	-1.09751	-0.927164	-0.700273	-0.435498	-0.171873	0.0681886	0.263939	0.414632	0.513897	0.563075	
0.230224	0.149188	0.0348839	-0.102329	-0.253042	-0.405092	-0.558245	-0.709463	-0.857941	-1.00604	-1.12179	-1.19528	-1.2164	-1.18371	-1.09751	-0.949298	-0.753058	-0.517413	-0.253203	0.000841105	0.214641	0.377913	0.493475	0.556733	0.572597	
0.118651	0.0509201	-0.0561941	-0.188733	-0.34523	-0.502962	-0.655986	-0.802933	-0.939005	-1.05958	-1.14111	-1.16866	-1.13593	-1.05432	-0.927164	-0.753058	-0.54842	-0.317524	-0.0633789	0.165403	0.344818	0.466361	0.538422	0.561137	0.54897	
0.0295608	-0.0245933	-0.119307	-0.246592	-0.397359	-0.55289	-0.697715	-0.830284	-0.942532	-1.03099	-1.0801	-1.06209	-0.980761	-0.856094	-0.700273	-0.517413	-0.317524	-0.0974907	0.127079	0.317777	0.450497	0.524657	0.551262	0.539033	0.499353	
-0.0371465	-0.0712507	-0.151336	-0.268906	-0.411197	-0.555516	-0.683649	-0.793119	-0.880154	-0.934699	-0.948061	-0.889048	-0.766497	-0.608226	-0.435498	-0.253203	-0.0633789	0.127079	0.305806	0.443559	0.51761	0.544716	0.534233	0.492174	0.431904	
-0.0820691	-0.0958753	-0.158424	-0.261594	-0.389084	-0.515499	-0.623115	-0.71269	-0.774219	-0.791606	-0.763584	-0.668642	-0.516961	-0.346392	-0.171873	0.000841105	0.165403	0.317777	0.443559	0.520669	0.542653	0.526291	0.485382	0.422416	0.338396	
-0.0927599	-0.0933715	-0.145733	-0.240809	-0.350339	-0.454155	-0.539401	-0.605558	-0.64004	-0.62403	-0.560738	-0.434364	-0.269478	-0.0945295	0.0681886	0.214641	0.344818	0.450497	0.51761	0.542653	0.517862	0.467915	0.405281	0.326606	0.230319	
-0.0728706	-0.0680184	-0.112016	-0.198456	-0.295804	-0.382957	-0.449383	-0.491215	-0.500364	-0.461765	-0.373172	-0.230647	-0.0523715	0.121098	0.263939	0.377913	0.466361	0.524657	0.544716	0.526291	0.467915	0.386009	0.297022	0.207753	0.114369	
-0.0284542	-0.0185886	-0.0555348	-0.132596	-0.223811	-0.305034	-0.360249	-0.380988	-0.366905	-0.312271	-0.21084	-0.0613895	0.122183	0.292982	0.414632	0.493475	0.538422	0.551262	0.534233	0.485382	0.405281	0.297022	0.189244	0.099302	0.022323	
0.0400248	0.0478093	0.0176028	-0.0548901	-0.142895	-0.224232	-0.279411	-0.287955	-0.250477	-0.176498	-0.0638619	0.0894521	0.263371	0.419221	0.513897	0.556733	0.561137	0.539033	0.492174	0.422416	0.326606	0.207753	0.099302	0.0216275	-0.0378104	
0.138599	0.13134	0.0882953	0.0149724	-0.0709886	-0.153164	-0.210507	-0.21376	-0.162621	-0.0677071	0.0662219	0.219123	0.378555	0.50471	0.563075	0.572597	0.54897	0.499353	0.431904	0.338396	0.230319	0.114369	0.022323	-0.0378104	-0.0812569	
0.258096	0.227065	0.160423	0.0720087	-0.018049	-0.0983321	-0.155019	-0.158763	-0.0986765	0.0153817	0.167279	0.326437	0.467485	0.559922	0.585885	0.570733	0.524717	0.456457	0.367145	0.253772	0.137103	0.0281647	-0.0470108	-0.0888828	-0.116612	
0.387479	0.334135	0.240625	0.13015	0.0248436	-0.0634493	-0.122544	-0.124567	-0.054936	0.0780566	0.24498	0.408892	0.532731	0.602257	0.609229	0.575568	0.510224	0.41881	0.311511	0.191394	0.0708155	-0.035524	-0.10554	-0.13763	-0.144664	
0.511348	0.432949	0.313226	0.176652	0.0459334	-0.0621517	-0.125094	-0.118563	-0.0325077	0.121043	0.301628	0.462495	0.581108	0.638149	0.637721	0.593664	0.507226	0.396076	0.280824	0.160316	0.0393885	-0.0701504	-0.146083	-0.175657	-0.169946	
0.613978	0.513827	0.368365	0.205588	0.047182	-0.0792287	-0.143924	-0.128161	-0.0258901	0.142837	0.329072	0.498495	0.617004	0.673836	0.671066	0.61622	0.519959	0.403334	0.283361	0.161143	0.0319888	-0.0826222	-0.161238	-0.195012	-0.190963	
0.678124	0.56272	0.401352	0.220068	0.0457852	-0.0896459	-0.152998	-0.132548	-0.0269425	0.144832	0.334604	0.512237	0.641769	0.701007	0.694919	0.635769	0.5386	0.426143	0.305799	0.174735	0.0338274	-0.0819148	-0.159638	-0.198019	-0.203228	
0.689241	0.571557	0.404963	0.2215	0.0456971	-0.0915041	-0.153947	-0.131578	-0.0271368	0.143508	0.336141	0.514074	0.64698	0.7068	0.699464	0.638837	0.543346	0.431909	0.312147	0.178703	0.0360044	-0.0807207	-0.15736	-0.196901	-0.205234	
0.645223	0.537832	0.385637	0.213175	0.0463162	-0.0847831	-0.148844	-0.131342	-0.0260673	0.145175	0.332478	0.505986	0.628723	0.686147	0.682164	0.625555	0.527642	0.412714	0.291813	0.166125	0.0320267	-0.0834096	-0.16227	-0.197775	-0.197313	
0.555761	0.468444	0.337057	0.18969	0.04784	-0.0687108	-0.132719	-0.121834	-0.0286283	0.132827	0.316198	0.479733	0.596443	0.653168	0.651632	0.602321	0.510615	0.395019	0.277402	0.157652	0.0344566	-0.0774451	-0.155046	-0.186116	-0.17872	
0.438392	0.375027	0.271425	0.150624	0.0362335	-0.0593531	-0.119878	-0.119184	-0.0434771	0.0975644	0.271156	0.431971	0.553608	0.616447	0.619554	0.581863	0.506884	0.406742	0.295644	0.174735	0.0548247	-0.0527451	-0.124751	-0.154477	-0.155733	
0.309804	0.27051	0.192601	0.0959407	0.00116795	-0.0808216	-0.137627	-0.14164	-0.0786258	0.0430714	0.200589	0.36366	0.496294	0.5785	0.595329	0.571112	0.518185	0.44102	0.343015	0.225458	0.106198	-0.000742981	-0.0715297	-0.108719	-0.128073	
0.183791	0.167176	0.116296	0.0380748	-0.0486024	-0.129531	-0.186921	-0.189852	-0.134897	-0.0320338	0.109831	0.264665	0.417305	0.529027	0.572603	0.571793	0.538828	0.481768	0.405713	0.302736	0.190607	0.0783681	-0.00617714	-0.0586371	-0.0963441	
0.0764809	0.07987	0.0459641	-0.0245273	-0.111649	-0.193994	-0.250434	-0.255866	-0.211833	-0.129433	-0.00840256	0.144343	0.312816	0.458236	0.539143	0.567239	0.559738	0.525093	0.469383	0.390419	0.289583	0.170299	0.0673914	-0.00356442	-0.0563803	
-0.00465048	0.00574045	-0.026458	-0.101904	-0.191798	-0.272071	-0.326293	-0.341779	-0.317231	-0.255239	-0.151388	0.000559663	0.181535	0.348434	0.461319	0.526023	0.553065	0.550478	0.520635	0.463369	0.375952	0.261823	0.150487	0.0642495	-0.00431081	
-0.0576481	-0.050781	-0.0929871	-0.174842	-0.269104	-0.352653	-0.413539	-0.445363	-0.445923	-0.400691	-0.305189	-0.159254	0.0221516	0.195677	0.329853	0.429532	0.500709	0.539856	0.544391	0.513084	0.444719	0.350724	0.252473	0.16125	0.0732957	
-0.0875546	-0.0856876	-0.134308	-0.226561	-0.331035	-0.426509	-0.503433	-0.560346	-0.583849	-0.557979	-0.483255	-0.348548	-0.177552	-0.00351772	0.152105	0.286561	0.400178	0.486673	0.533115	0.538702	0.498673	0.436415	0.363815	0.280642	0.183263	
-0.0908964	-0.0986544	-0.156544	-0.255406	-0.37426	-0.492291	-0.591263	-0.671766	-0.72294	-0.725392	-0.68242	-0.572942	-0.41566	-0.242735	-0.0720229	0.0917222	0.243935	0.378958	0.480573	0.53612	0.538036	0.507564	0.457903	0.387715	0.296504	
-0.05771	-0.0834227	-0.156339	-0.268107	-0.405858	-0.543249	-0.6641	-0.765046	-0.841695	-0.882132	-0.878953	-0.80613	-0.669463	-0.503582	-0.328594	-0.147481	0.0335879	0.209467	0.367629	0.480612	0.532691	0.54184	0.51801	0.467263	0.397301	
-4.26607e-05	-0.0465541	-0.135932	-0.259997	-0.407588	-0.560104	-0.698637	-0.822299	-0.924599	-0.998899	-1.03488	-0.999438	-0.900403	-0.760695	-0.596392	-0.41354	-0.216826	-0.00647244	0.201057	0.372598	0.482857	0.537268	0.548141	0.52315	0.47512	
0.0798924	0.0174461	-0.0849351	-0.215736	-0.370648	-0.528613	-0.679568	-0.822084	-0.949539	-1.05798	-1.12608	-1.13539	-1.0824	-0.982706	-0.842866	-0.663319	-0.459578	-0.231783	0.0132918	0.228503	0.39083	0.493836	0.546894	0.554821	0.531497	
0.183533	0.106998	-0.00518655	-0.140456	-0.294746	-0.449834	-0.60336	-0.753644	-0.899228	-1.03749	-1.13957	-1.19452	-1.19376	-1.14059	-1.03654	-0.875602	-0.673524	-0.439304	-0.177774	0.0680008	0.268763	0.416154	0.515564	0.562527	0.566634	
0.305859	0.219416	0.101117	-0.0340703	-0.177197	-0.323155	-0.474226	-0.627491	-0.778682	-0.935158	-1.07034	-1.17164	-1.2248	-1.22483	-1.16869	-1.0457	-0.862817	-0.63003	-0.363649	-0.102409	0.128942	0.312742	0.450831	0.536438	0.5714	
0.430175	0.336707	0.217481	0.0946453	-0.0301222	-0.159342	-0.302373	-0.455185	-0.610551	-0.772144	-0.928938	-1.07427	-1.17926	-1.23003	-1.22892	-1.15628	-1.0088	-0.797469	-0.540657	-0.276609	-0.0278434	0.182115	0.347924	0.464717	0.536232	
0.501665	0.413178	0.309812	0.210537	0.114436	0.0103997	-0.116481	-0.260391	-0.415919	-0.580526	-0.753586	-0.928874	-1.07961	-1.17954	-1.22883	-1.20927	-1.10851	-0.934638	-0.705645	-0.449406	-0.199224	0.0199676	0.194736	0.330552	0.435765	
0.50454	0.423931	0.351496	0.290751	0.230729	0.151814	0.0522358	-0.0683467	-0.210843	-0.369851	-0.553352	-0.747089	-0.930179	-1.07579	-1.17656	-1.21083	-1.16293	-1.03591	-0.846171	-0.612668	-0.371136	-0.161702	0.0102026	0.158331	0.283573	
0.460651	0.387909	0.340108	0.319217	0.299068	0.260199	0.196249	0.107699	-0.00963117	-0.154915	-0.343139	-0.548973	-0.750335	-0.926344	-1.07248	-1.15661	-1.15904	-1.0821	-0.933855	-0.734079	-0.518079	-0.32222	-0.156808	-0.00708394	0.125987	
