0.418524	0.55217	0.650402	0.712024	0.742522	0.748066	0.727361	0.679117	0.595752	0.475656	0.328012	0.194974	0.105425	0.0756749	0.0919597	0.139519	0.211318	0.301801	0.407027	0.502881	0.576404	0.614773	0.59845	0.516017	0.378493	
0.189111	0.309535	0.395261	0.45318	0.487666	0.492695	0.47042	0.421306	0.348149	0.239809	0.114551	0.0131854	-0.0392177	-0.0313217	0.0297237	0.110316	0.201493	0.303012	0.407523	0.498814	0.562473	0.595414	0.579478	0.499463	0.359251	
-0.0546638	0.0424216	0.118075	0.170134	0.204894	0.211388	0.186722	0.140772	0.076948	-0.0153545	-0.109664	-0.179545	-0.203512	-0.166789	-0.0771996	0.0310399	0.147214	0.261627	0.369924	0.459273	0.520971	0.552618	0.536909	0.462673	0.328886	
-0.294825	-0.227079	-0.166458	-0.120953	-0.0919989	-0.0871681	-0.107347	-0.146146	-0.201511	-0.268475	-0.328414	-0.363444	-0.358356	-0.299638	-0.195204	-0.0695924	0.0672008	0.198314	0.312617	0.399738	0.459826	0.485507	0.472882	0.407003	0.282613	
-0.5083	-0.472739	-0.431639	-0.396267	-0.376725	-0.373757	-0.386471	-0.415962	-0.456549	-0.496008	-0.520777	-0.522437	-0.491362	-0.414916	-0.29686	-0.15863	-0.00792986	0.133546	0.248806	0.332701	0.387317	0.407138	0.398059	0.348081	0.239305	
-0.66542	-0.657812	-0.638796	-0.623169	-0.614874	-0.614052	-0.618587	-0.631535	-0.650612	-0.664268	-0.661469	-0.641452	-0.596214	-0.506321	-0.376847	-0.21982	-0.0579627	0.0839195	0.194379	0.27388	0.322288	0.340698	0.333501	0.294962	0.208145	
-0.755654	-0.762006	-0.760448	-0.761992	-0.76523	-0.765297	-0.763746	-0.76025	-0.761889	-0.759537	-0.743826	-0.710593	-0.653795	-0.554961	-0.412902	-0.243575	-0.0785174	0.0576049	0.160974	0.23195	0.280618	0.30274	0.299309	0.265439	0.191239	
-0.758171	-0.765426	-0.769736	-0.779116	-0.790702	-0.792543	-0.784115	-0.773227	-0.766663	-0.762281	-0.747308	-0.712352	-0.649262	-0.549197	-0.405344	-0.238175	-0.0825627	0.0492886	0.151471	0.221174	0.264772	0.29	0.289476	0.255579	0.187292	
-0.68187	-0.680723	-0.675089	-0.680809	-0.690991	-0.692619	-0.685325	-0.676218	-0.677775	-0.683238	-0.675667	-0.648157	-0.588733	-0.491148	-0.35815	-0.207693	-0.0669385	0.0593395	0.168256	0.247757	0.291015	0.310998	0.30637	0.267646	0.199023	
-0.546582	-0.529777	-0.507024	-0.496058	-0.498628	-0.499554	-0.496467	-0.500656	-0.520043	-0.541958	-0.549068	-0.537662	-0.489949	-0.401617	-0.280281	-0.148588	-0.0198272	0.105635	0.218616	0.305958	0.352944	0.360745	0.344753	0.299306	0.233176	
-0.371718	-0.33547	-0.291253	-0.260488	-0.250919	-0.24934	-0.255153	-0.275891	-0.317196	-0.359273	-0.387238	-0.396563	-0.368197	-0.293972	-0.183457	-0.0645119	0.0559771	0.180866	0.292373	0.378165	0.421845	0.422046	0.393936	0.344892	0.28378	
-0.186919	-0.13055	-0.0650873	-0.0183248	0.00859782	0.0138888	-0.00577183	-0.0432311	-0.103419	-0.167067	-0.212101	-0.237374	-0.231165	-0.174968	-0.078266	0.0320594	0.147508	0.268481	0.377179	0.459646	0.496997	0.486619	0.454164	0.400292	0.342094	
-0.0143161	0.0571089	0.138395	0.201353	0.244041	0.253158	0.22085	0.166589	0.0903142	0.0111895	-0.0457145	-0.0789534	-0.0878082	-0.0547547	0.022929	0.125519	0.233194	0.346965	0.452983	0.53315	0.567115	0.551375	0.513682	0.459464	0.398948	
0.127327	0.208711	0.302585	0.381283	0.434728	0.446796	0.405867	0.336471	0.246744	0.156242	0.0945761	0.0595651	0.0404432	0.0523813	0.109151	0.195001	0.295776	0.402871	0.504312	0.585038	0.619369	0.600829	0.559271	0.50291	0.437371	
0.234901	0.313948	0.412354	0.496191	0.551383	0.56186	0.52185	0.449152	0.352734	0.262349	0.203742	0.165392	0.137252	0.1333	0.16561	0.234343	0.325378	0.425304	0.523762	0.603928	0.64242	0.630168	0.587809	0.525379	0.453993	
0.311755	0.38079	0.466186	0.540328	0.582848	0.590712	0.560813	0.499127	0.415478	0.335137	0.284594	0.239431	0.1991	0.178299	0.191187	0.239357	0.32098	0.413679	0.503674	0.580636	0.623183	0.617644	0.577755	0.512053	0.432448	
0.350664	0.408612	0.473854	0.528213	0.553527	0.55782	0.541161	0.498477	0.434872	0.371345	0.3231	0.274698	0.228042	0.193611	0.191555	0.222245	0.287706	0.369375	0.449049	0.515784	0.555483	0.552756	0.512753	0.44672	0.36296	
0.336672	0.387277	0.435183	0.464914	0.478678	0.481832	0.472078	0.449391	0.407882	0.355499	0.313012	0.269545	0.227679	0.191204	0.177736	0.195183	0.243736	0.30762	0.376661	0.433868	0.464096	0.456682	0.416649	0.346788	0.261574	
0.289713	0.324357	0.34789	0.358569	0.363299	0.365318	0.360987	0.353006	0.335939	0.303682	0.271217	0.241857	0.213628	0.179477	0.162172	0.169909	0.199475	0.246871	0.300103	0.345507	0.367292	0.352718	0.305227	0.231258	0.141707	
0.232018	0.234653	0.229792	0.223407	0.223081	0.224343	0.221988	0.227217	0.233498	0.234331	0.225632	0.214979	0.202827	0.184474	0.167887	0.162166	0.17078	0.197159	0.231635	0.260878	0.273066	0.251996	0.197647	0.115138	0.019641	
0.185433	0.146552	0.107205	0.0771248	0.0632715	0.0612778	0.0694103	0.0939559	0.130088	0.171104	0.199414	0.207676	0.208341	0.204682	0.190322	0.171233	0.160543	0.173034	0.193509	0.205313	0.199996	0.164559	0.0978339	0.00554731	-0.0959614	
0.13854	0.0606448	-0.0129403	-0.0702875	-0.103208	-0.108425	-0.0866965	-0.0381784	0.0290961	0.108836	0.172948	0.210627	0.224318	0.225968	0.209943	0.185695	0.168444	0.175894	0.187317	0.184931	0.159958	0.102545	0.0133969	-0.094762	-0.208585	
0.062101	-0.0457217	-0.154853	-0.236995	-0.27838	-0.284823	-0.258225	-0.192192	-0.0911475	0.0212598	0.116259	0.185328	0.223835	0.231412	0.215605	0.198724	0.196345	0.207887	0.214391	0.20116	0.158569	0.080681	-0.0299496	-0.160846	-0.293893	
-0.0530845	-0.192121	-0.333181	-0.432246	-0.47219	-0.477158	-0.454301	-0.379889	-0.250603	-0.105677	0.0172393	0.116372	0.187622	0.218112	0.212161	0.206991	0.222054	0.245145	0.257616	0.239332	0.184079	0.0958516	-0.0285265	-0.177811	-0.331023	
-0.206276	-0.374589	-0.538785	-0.649183	-0.699679	-0.70806	-0.67529	-0.591432	-0.443625	-0.271787	-0.114731	0.0159886	0.117256	0.178211	0.200614	0.211524	0.242724	0.283955	0.305738	0.287817	0.222967	0.12548	-0.00202098	-0.158129	-0.327214	
-0.390693	-0.582733	-0.75281	-0.874666	-0.946257	-0.959616	-0.909215	-0.80774	-0.655512	-0.467969	-0.277201	-0.109973	0.0209315	0.112015	0.169083	0.211549	0.266552	0.320407	0.35132	0.333491	0.268356	0.175067	0.0465076	-0.115717	-0.29756	
-0.582733	-0.789771	-0.975627	-1.1147	-1.19874	-1.21517	-1.15493	-1.038	-0.86835	-0.666681	-0.456178	-0.261436	-0.0992553	0.0216195	0.113596	0.198024	0.289661	0.366382	0.406156	0.397587	0.344139	0.256095	0.123614	-0.0524036	-0.252711	
-0.75281	-0.975627	-1.18885	-1.34639	-1.42859	-1.44245	-1.38765	-1.26074	-1.06457	-0.840517	-0.624085	-0.413293	-0.221927	-0.0658049	0.0599363	0.179926	0.302985	0.405849	0.463932	0.475389	0.439508	0.35395	0.209574	0.0197484	-0.199609	
-0.874666	-1.1147	-1.34639	-1.52117	-1.61161	-1.62675	-1.56677	-1.42549	-1.21135	-0.968606	-0.738351	-0.517147	-0.311482	-0.133395	0.0186092	0.165621	0.30722	0.427178	0.508266	0.541965	0.521524	0.436611	0.279396	0.0728151	-0.161949	
-0.946257	-1.19874	-1.42859	-1.61161	-1.72303	-1.74346	-1.66564	-1.50909	-1.29564	-1.04764	-0.797264	-0.55936	-0.35307	-0.171693	-0.00311803	0.160977	0.308936	0.436724	0.528252	0.577448	0.572589	0.492064	0.32722	0.10665	-0.145888	
-0.959616	-1.21517	-1.44245	-1.62675	-1.74346	-1.76546	-1.68275	-1.52247	-1.31113	-1.06246	-0.807631	-0.564578	-0.35925	-0.177083	-0.00638683	0.161535	0.310612	0.439449	0.532168	0.584032	0.582022	0.503814	0.338165	0.113345	-0.143212	
-0.909215	-1.15493	-1.38765	-1.56677	-1.66564	-1.68275	-1.616	-1.46792	-1.25229	-1.00651	-0.767586	-0.540373	-0.333448	-0.152532	0.00735501	0.162078	0.307424	0.432024	0.518933	0.559305	0.545441	0.462402	0.301216	0.0883431	-0.154013	
-0.80774	-1.038	-1.26074	-1.42549	-1.50909	-1.52247	-1.46792	-1.33593	-1.13084	-0.897785	-0.67756	-0.462665	-0.263346	-0.0957749	0.0416212	0.173814	0.30511	0.41606	0.484466	0.504977	0.475921	0.389656	0.240156	0.0440231	-0.181329	
-0.655512	-0.86835	-1.06457	-1.21135	-1.29564	-1.31113	-1.25229	-1.13084	-0.950555	-0.741093	-0.527261	-0.324705	-0.150172	-0.0152346	0.0906352	0.19109	0.296833	0.384035	0.429877	0.429005	0.382315	0.294976	0.158355	-0.0226717	-0.230576	
-0.467969	-0.666681	-0.840517	-0.968606	-1.04764	-1.06246	-1.00651	-0.897785	-0.741093	-0.548629	-0.347731	-0.168023	-0.0243208	0.0777364	0.148258	0.207576	0.276458	0.337435	0.371337	0.355373	0.294057	0.203808	0.0740488	-0.0929713	-0.281582	
-0.277201	-0.456178	-0.624085	-0.738351	-0.797264	-0.807631	-0.767586	-0.67756	-0.527261	-0.347731	-0.176312	-0.0313941	0.0819093	0.154814	0.191302	0.21271	0.251833	0.298816	0.324512	0.305819	0.240204	0.141873	0.0144811	-0.143982	-0.317709	
-0.109973	-0.261436	-0.413293	-0.517147	-0.55936	-0.564578	-0.540373	-0.462665	-0.324705	-0.168023	-0.0313941	0.0793237	0.16291	0.205563	0.209453	0.209198	0.230167	0.259772	0.276515	0.258765	0.198577	0.106737	-0.020321	-0.173101	-0.333572	
0.0209315	-0.0992553	-0.221927	-0.311482	-0.35307	-0.35925	-0.333448	-0.263346	-0.150172	-0.0243208	0.0819093	0.16291	0.21432	0.227965	0.214734	0.203089	0.207737	0.222767	0.230911	0.214409	0.166409	0.0832507	-0.0335819	-0.17357	-0.314824	
0.112015	0.0216195	-0.0658049	-0.133395	-0.171693	-0.177083	-0.152532	-0.0957749	-0.0152346	0.0777364	0.154814	0.205563	0.227965	0.230439	0.214271	0.191566	0.178579	0.186317	0.194503	0.187158	0.155297	0.0883852	-0.00941498	-0.126128	-0.247745	
0.169083	0.113596	0.0599363	0.0186092	-0.00311803	-0.00638683	0.00735501	0.0416212	0.0906352	0.148258	0.191302	0.209453	0.214734	0.214271	0.198868	0.176641	0.161025	0.170309	0.18748	0.193296	0.179187	0.135522	0.0606035	-0.0368406	-0.141756	
0.211549	0.198024	0.179926	0.165621	0.160977	0.161535	0.162078	0.173814	0.19109	0.207576	0.21271	0.209198	0.203089	0.191566	0.176641	0.164695	0.164223	0.184	0.212559	0.234223	0.240589	0.214545	0.156777	0.0710657	-0.0269842	
0.266552	0.289661	0.302985	0.30722	0.308936	0.310612	0.307424	0.30511	0.296833	0.276458	0.251833	0.230167	0.207737	0.178579	0.161025	0.164223	0.185464	0.224972	0.270838	0.309848	0.32848	0.311355	0.261821	0.184042	0.0916769	
0.320407	0.366382	0.405849	0.427178	0.436724	0.439449	0.432024	0.41606	0.384035	0.337435	0.298816	0.259772	0.222767	0.186317	0.170309	0.184	0.224972	0.282015	0.345951	0.398645	0.425377	0.41573	0.372771	0.301806	0.215544	
0.35132	0.406156	0.463932	0.508266	0.528252	0.532168	0.518933	0.484466	0.429877	0.371337	0.324512	0.276515	0.230911	0.194503	0.18748	0.212559	0.270838	0.345951	0.421503	0.484684	0.520867	0.516176	0.476772	0.410126	0.325273	
0.333491	0.397587	0.475389	0.541965	0.577448	0.584032	0.559305	0.504977	0.429005	0.355373	0.305819	0.258765	0.214409	0.187158	0.193296	0.234223	0.309848	0.398645	0.484684	0.557661	0.600806	0.596499	0.557409	0.49138	0.409724	
0.268356	0.344139	0.439508	0.521524	0.572589	0.582022	0.545441	0.475921	0.382315	0.294057	0.240204	0.198577	0.166409	0.155297	0.179187	0.240589	0.32848	0.425377	0.520867	0.600806	0.640757	0.63285	0.590588	0.526443	0.450878	
0.175067	0.256095	0.35395	0.436611	0.492064	0.503814	0.462402	0.389656	0.294976	0.203808	0.141873	0.106737	0.0832507	0.0883852	0.135522	0.214545	0.311355	0.41573	0.516176	0.596499	0.63285	0.614984	0.572938	0.513734	0.447312	
0.0465076	0.123614	0.209574	0.279396	0.32722	0.338165	0.301216	0.240156	0.158355	0.0740488	0.0144811	-0.020321	-0.0335819	-0.00941498	0.0606035	0.156777	0.261821	0.372771	0.476772	0.557409	0.590588	0.572938	0.533201	0.479661	0.416994	
-0.115717	-0.0524036	0.0197484	0.0728151	0.10665	0.113345	0.0883431	0.0440231	-0.0226717	-0.0929713	-0.143982	-0.173101	-0.17357	-0.126128	-0.0368406	0.0710657	0.184042	0.301806	0.410126	0.49138	0.526443	0.513734	0.479661	0.424592	0.366357	
-0.29756	-0.252711	-0.199609	-0.161949	-0.145888	-0.143212	-0.154013	-0.181329	-0.230576	-0.281582	-0.317709	-0.333572	-0.314824	-0.247745	-0.141756	-0.0269842	0.0916769	0.215544	0.325273	0.409724	0.450878	0.447312	0.416994	0.366357	0.306651	
