-0.0434437	-0.0434887	-0.0411387	-0.0358119	-0.0239442	-0.00922204	0.0295252	0.0998869	0.199144	0.331697	0.495099	0.666609	0.796284	0.858364	0.84084	0.732067	0.55863	0.353321	0.129948	-0.104405	-0.337736	-0.526659	-0.631219	-0.665391	-0.655105	
-0.0434887	-0.0398736	-0.0403278	-0.0417944	-0.03201	-0.0171533	0.0191707	0.0771692	0.161093	0.285536	0.447883	0.618352	0.757575	0.847739	0.858311	0.769765	0.613485	0.422038	0.207732	-0.0280222	-0.272596	-0.475336	-0.598674	-0.658313	-0.674042	
-0.0411387	-0.0403278	-0.0491288	-0.0422447	-0.03161	-0.022503	0.00654828	0.0517914	0.128131	0.245013	0.395949	0.561399	0.715155	0.831289	0.864173	0.799559	0.667815	0.492565	0.285836	0.0498056	-0.199287	-0.411221	-0.556006	-0.645004	-0.687852	
-0.0358119	-0.0417944	-0.0422447	-0.0327653	-0.0367058	-0.0313395	-0.00655001	0.0326319	0.0999869	0.202446	0.343336	0.504311	0.666102	0.801542	0.859218	0.825392	0.719857	0.560166	0.361996	0.129827	-0.11686	-0.335016	-0.503929	-0.624589	-0.694443	
-0.0239442	-0.03201	-0.03161	-0.0367058	-0.0443048	-0.0321683	-0.0103918	0.0178324	0.0717439	0.164292	0.290828	0.440814	0.612267	0.764897	0.843697	0.841386	0.765438	0.624909	0.436566	0.211345	-0.0265749	-0.24835	-0.442832	-0.595659	-0.691446	
-0.00922204	-0.0171533	-0.022503	-0.0313395	-0.0321683	-0.0208958	-0.0155683	-0.000292598	0.0494135	0.129397	0.237241	0.383039	0.557692	0.71287	0.813503	0.849732	0.805698	0.684082	0.506385	0.293994	0.0710128	-0.153709	-0.37371	-0.556452	-0.675994	
0.0295252	0.0191707	0.00654828	-0.00655001	-0.0103918	-0.0155683	-0.0235101	-0.00406459	0.0394623	0.0987373	0.191049	0.32706	0.492261	0.650992	0.778093	0.848757	0.833558	0.733385	0.572267	0.379596	0.173032	-0.055802	-0.297211	-0.50419	-0.645014	
0.0998869	0.0771692	0.0517914	0.0326319	0.0178324	-0.000292598	-0.00406459	0.0123989	0.0323919	0.0710521	0.150195	0.274985	0.429195	0.586097	0.731802	0.83281	0.847499	0.773063	0.635688	0.466825	0.273807	0.0413799	-0.212516	-0.436119	-0.59617	
0.199144	0.161093	0.128131	0.0999869	0.0717439	0.0494135	0.0394623	0.0323919	0.0307933	0.0599386	0.129791	0.23501	0.363292	0.514887	0.680449	0.804803	0.844596	0.801918	0.69691	0.552033	0.368047	0.136037	-0.118753	-0.35081	-0.528125	
0.331697	0.285536	0.245013	0.202446	0.164292	0.129397	0.0987373	0.0710521	0.0599386	0.0807039	0.126161	0.196063	0.303216	0.457121	0.626914	0.75739	0.824887	0.823389	0.753852	0.629475	0.452507	0.22804	-0.0159952	-0.248322	-0.440982	
0.495099	0.447883	0.395949	0.343336	0.290828	0.237241	0.191049	0.150195	0.129791	0.126161	0.13521	0.179405	0.27284	0.411095	0.563452	0.698532	0.798014	0.836106	0.800242	0.694911	0.526647	0.318184	0.0949118	-0.130647	-0.337515	
0.666609	0.618352	0.561399	0.504311	0.440814	0.383039	0.32706	0.274985	0.23501	0.196063	0.179405	0.203394	0.269489	0.377036	0.506137	0.642069	0.765297	0.837434	0.833183	0.745545	0.591513	0.408811	0.212221	-0.00305962	-0.22383	
0.796284	0.757575	0.715155	0.666102	0.612267	0.557692	0.492261	0.429195	0.363292	0.303216	0.27284	0.269489	0.30171	0.369348	0.465298	0.596451	0.735144	0.830104	0.848282	0.780054	0.652709	0.502915	0.331243	0.125782	-0.108199	
0.858364	0.847739	0.831289	0.801542	0.764897	0.71287	0.650992	0.586097	0.514887	0.457121	0.411095	0.377036	0.369348	0.389491	0.459507	0.583324	0.714365	0.811033	0.845727	0.806767	0.717733	0.599153	0.44479	0.246529	0.0005757	
0.84084	0.858311	0.864173	0.859218	0.843697	0.813503	0.778093	0.731802	0.680449	0.626914	0.563452	0.506137	0.465298	0.459507	0.512506	0.602102	0.699437	0.789297	0.840396	0.837032	0.788212	0.692656	0.54704	0.351139	0.0946068	
0.732067	0.769765	0.799559	0.825392	0.841386	0.849732	0.848757	0.83281	0.804803	0.75739	0.698532	0.642069	0.596451	0.583324	0.602102	0.640615	0.706422	0.78535	0.846582	0.878151	0.862375	0.779032	0.634305	0.434047	0.170104	
0.55863	0.613485	0.667815	0.719857	0.765438	0.805698	0.833558	0.847499	0.844596	0.824887	0.798014	0.765297	0.735144	0.714365	0.699437	0.706422	0.746707	0.806655	0.87719	0.935976	0.935393	0.854261	0.705296	0.49543	0.2308	
0.353321	0.422038	0.492565	0.560166	0.624909	0.684082	0.733385	0.773063	0.801918	0.823389	0.836106	0.837434	0.830104	0.811033	0.789297	0.78535	0.806655	0.860186	0.940956	1.00298	0.998767	0.917594	0.762573	0.543332	0.288137	
0.129948	0.207732	0.285836	0.361996	0.436566	0.506385	0.572267	0.635688	0.69691	0.753852	0.800242	0.833183	0.848282	0.845727	0.840396	0.846582	0.87719	0.940956	1.01511	1.05902	1.04932	0.970195	0.810562	0.59263	0.358028	
-0.104405	-0.0280222	0.0498056	0.129827	0.211345	0.293994	0.379596	0.466825	0.552033	0.629475	0.694911	0.745545	0.780054	0.806767	0.837032	0.878151	0.935976	1.00298	1.05902	1.09083	1.08252	1.00623	0.855414	0.660637	0.45478	
-0.337736	-0.272596	-0.199287	-0.11686	-0.0265749	0.0710128	0.173032	0.273807	0.368047	0.452507	0.526647	0.591513	0.652709	0.717733	0.788212	0.862375	0.935393	0.998767	1.04932	1.08252	1.07805	1.01726	0.904789	0.756019	0.585492	
-0.526659	-0.475336	-0.411221	-0.335016	-0.24835	-0.153709	-0.055802	0.0413799	0.136037	0.22804	0.318184	0.408811	0.502915	0.599153	0.692656	0.779032	0.854261	0.917594	0.970195	1.00623	1.01726	1.00177	0.955842	0.869584	0.750272	
-0.631219	-0.598674	-0.556006	-0.503929	-0.442832	-0.37371	-0.297211	-0.212516	-0.118753	-0.0159952	0.0949118	0.212221	0.331243	0.44479	0.54704	0.634305	0.705296	0.762573	0.810562	0.855414	0.904789	0.955842	0.987832	0.981849	0.943234	
-0.665391	-0.658313	-0.645004	-0.624589	-0.595659	-0.556452	-0.50419	-0.436119	-0.35081	-0.248322	-0.130647	-0.00305962	0.125782	0.246529	0.351139	0.434047	0.49543	0.543332	0.59263	0.660637	0.756019	0.869584	0.981849	1.07741	1.14625	
-0.655105	-0.674042	-0.687852	-0.694443	-0.691446	-0.675994	-0.645014	-0.59617	-0.528125	-0.440982	-0.337515	-0.22383	-0.108199	0.0005757	0.0946068	0.170104	0.2308	0.288137	0.358028	0.45478	0.585492	0.750272	0.943234	1.14625	1.32668	
-0.603946	-0.64455	-0.68058	-0.708875	-0.726168	-0.729362	-0.716296	-0.686169	-0.63966	-0.579276	-0.509242	-0.434325	-0.358515	-0.284451	-0.212745	-0.141139	-0.0650325	0.021206	0.124038	0.252021	0.417124	0.631047	0.893216	1.18063	1.45514	
-0.521028	-0.570571	-0.617259	-0.657904	-0.689482	-0.709753	-0.717839	-0.714385	-0.701534	-0.682442	-0.659969	-0.635203	-0.606741	-0.570723	-0.521504	-0.453475	-0.363113	-0.248942	-0.108796	0.063373	0.277145	0.539415	0.846734	1.18404	1.52938	
-0.424886	-0.464623	-0.505299	-0.546131	-0.586546	-0.626254	-0.665094	-0.702822	-0.738891	-0.772092	-0.800228	-0.820143	-0.827874	-0.8186	-0.786724	-0.726377	-0.631824	-0.497695	-0.319756	-0.0965495	0.169272	0.472267	0.808468	1.17707	1.57309	
-0.331353	-0.354971	-0.385047	-0.4233	-0.471236	-0.529678	-0.598235	-0.67491	-0.755905	-0.835766	-0.907994	-0.965891	-1.00318	-1.01415	-0.993391	-0.935067	-0.832594	-0.67981	-0.473802	-0.21741	0.081574	0.415339	0.781133	1.18008	1.60845	
-0.264403	-0.280318	-0.307013	-0.346632	-0.400726	-0.469916	-0.553588	-0.649618	-0.754112	-0.861244	-0.963271	-1.05077	-1.11329	-1.14061	-1.12424	-1.05853	-0.941077	-0.772324	-0.554505	-0.290017	0.019682	0.373253	0.766736	1.19152	1.63551	
-0.252121	-0.267122	-0.293618	-0.33372	-0.388911	-0.459762	-0.54566	-0.644548	-0.752667	-0.864311	-0.971673	-1.06494	-1.13283	-1.16386	-1.14828	-1.08018	-0.95852	-0.786198	-0.567078	-0.302883	0.00751006	0.364856	0.764509	1.19473	1.64104	
-0.30008	-0.319264	-0.346852	-0.385028	-0.435597	-0.499498	-0.576258	-0.663541	-0.757003	-0.850496	-0.936623	-1.0076	-1.05596	-1.07468	-1.05697	-0.996348	-0.887389	-0.726796	-0.514316	-0.252996	0.0518919	0.395254	0.773915	1.18501	1.62138	
-0.385892	-0.418946	-0.455134	-0.494809	-0.538376	-0.586086	-0.637773	-0.692482	-0.748182	-0.801714	-0.848865	-0.884737	-0.904432	-0.903376	-0.876787	-0.818804	-0.722379	-0.58066	-0.389531	-0.149951	0.131882	0.448314	0.796076	1.17691	1.58805	
-0.483104	-0.530747	-0.576858	-0.618903	-0.654628	-0.682414	-0.70169	-0.713147	-0.718413	-0.719467	-0.717662	-0.712353	-0.700199	-0.675896	-0.633653	-0.568408	-0.476212	-0.353879	-0.198125	-0.00464495	0.231123	0.510744	0.830283	1.18099	1.54895	
-0.573985	-0.620246	-0.662354	-0.696874	-0.720465	-0.73039	-0.724914	-0.703925	-0.669063	-0.623344	-0.570811	-0.515457	-0.45936	-0.401667	-0.339239	-0.268239	-0.185313	-0.0873627	0.0298739	0.174025	0.357232	0.590938	0.873819	1.18463	1.49016	
-0.639461	-0.667928	-0.691376	-0.707342	-0.712917	-0.705266	-0.681759	-0.640354	-0.580448	-0.502998	-0.410802	-0.309402	-0.206554	-0.109935	-0.0246206	0.0487651	0.114685	0.182408	0.264449	0.372803	0.516294	0.700604	0.923462	1.16419	1.38502	
-0.665669	-0.669236	-0.667269	-0.658627	-0.641275	-0.612459	-0.569305	-0.508862	-0.429299	-0.331193	-0.217197	-0.0923822	0.0349029	0.154288	0.256274	0.335795	0.395063	0.444047	0.499331	0.578582	0.689372	0.824317	0.969136	1.10859	1.22313	
-0.651515	-0.628667	-0.597392	-0.557759	-0.509975	-0.453294	-0.386589	-0.308424	-0.216851	-0.111609	0.00475774	0.128104	0.252536	0.370646	0.475284	0.561396	0.628588	0.681502	0.72816	0.780545	0.848814	0.926491	0.990338	1.02263	1.02481	
-0.579238	-0.534528	-0.477747	-0.408921	-0.329947	-0.243624	-0.15252	-0.059462	0.0343869	0.130465	0.229848	0.332569	0.437703	0.541785	0.640046	0.727811	0.80209	0.864328	0.915866	0.953705	0.977401	0.987676	0.972626	0.915808	0.824654	
-0.421861	-0.361648	-0.291115	-0.209823	-0.118083	-0.0188284	0.0840913	0.186057	0.281313	0.367351	0.445873	0.520077	0.594952	0.673892	0.755817	0.837309	0.912046	0.975079	1.0271	1.06168	1.06066	1.01408	0.926078	0.800667	0.647563	
-0.199513	-0.127039	-0.0499382	0.0308333	0.11595	0.205661	0.298326	0.392298	0.483621	0.565569	0.634536	0.689658	0.733805	0.775763	0.822757	0.879066	0.945149	1.01017	1.06197	1.09401	1.08696	1.01372	0.87428	0.695951	0.503214	
0.0379294	0.115712	0.194737	0.273216	0.349513	0.424349	0.498212	0.570588	0.642246	0.709655	0.766377	0.808166	0.830706	0.838517	0.845392	0.863246	0.904798	0.971419	1.03761	1.07489	1.06574	0.987306	0.828219	0.616836	0.393357	
0.265794	0.339269	0.412771	0.485396	0.554626	0.617648	0.674591	0.724405	0.766545	0.802974	0.83007	0.845626	0.847762	0.833673	0.816328	0.812948	0.833952	0.891285	0.971852	1.02728	1.02034	0.940201	0.782557	0.561792	0.313969	
0.478184	0.540281	0.60172	0.660933	0.716754	0.765425	0.802231	0.827022	0.836664	0.833647	0.822118	0.802	0.780627	0.758456	0.73765	0.738605	0.768959	0.823684	0.899459	0.962796	0.961979	0.880832	0.729626	0.515399	0.253387	
0.66816	0.712726	0.753655	0.790002	0.819195	0.842603	0.854224	0.850594	0.831032	0.79218	0.744418	0.695	0.65405	0.637663	0.640345	0.663474	0.719241	0.790568	0.855084	0.899434	0.892169	0.810543	0.664595	0.460808	0.195577	
0.808358	0.833782	0.849364	0.856498	0.851964	0.836249	0.814416	0.780703	0.739076	0.685545	0.6205	0.56037	0.513939	0.504841	0.546125	0.614482	0.698156	0.78493	0.840909	0.85185	0.817648	0.728365	0.584004	0.387013	0.126771	
0.861838	0.863626	0.856238	0.836158	0.807272	0.761322	0.706698	0.646037	0.581792	0.526428	0.472224	0.427248	0.403733	0.409987	0.474243	0.588256	0.707085	0.801148	0.842873	0.818053	0.745423	0.637274	0.487532	0.290787	0.040026	
0.829867	0.800749	0.768579	0.725904	0.678321	0.624732	0.559239	0.492936	0.420599	0.359666	0.323748	0.308153	0.325284	0.373213	0.456707	0.586759	0.726384	0.823883	0.848471	0.790756	0.677997	0.541528	0.378022	0.175791	-0.063568	
0.726213	0.679011	0.625464	0.57052	0.508034	0.450753	0.390552	0.334774	0.284397	0.233746	0.210788	0.224482	0.277324	0.370709	0.487272	0.621082	0.752259	0.836067	0.84182	0.76087	0.615699	0.445869	0.260224	0.0492333	-0.177295	
0.565093	0.517935	0.461357	0.406363	0.348305	0.291429	0.240653	0.194068	0.167814	0.15066	0.147509	0.184431	0.26833	0.394914	0.538996	0.67529	0.785045	0.837734	0.815533	0.717476	0.553525	0.353876	0.141077	-0.0801577	-0.292619	
