0.0798156	0.0284943	-0.00176971	-0.00580284	0.0264756	0.0878744	0.162973	0.229588	0.288331	0.33644	0.394027	0.452134	0.498854	0.527906	0.536794	0.51656	0.479185	0.422248	0.369709	0.331556	0.30904	0.316653	0.343218	0.377145	0.419729	
0.0284943	0.00496032	0.011203	0.0530931	0.126566	0.227471	0.332955	0.427701	0.49245	0.53625	0.583744	0.633757	0.670792	0.682277	0.660397	0.609516	0.538384	0.452803	0.3769	0.323573	0.297072	0.306385	0.328844	0.352721	0.373978	
-0.00176971	0.011203	0.064294	0.149144	0.254151	0.382255	0.513	0.623794	0.688042	0.720631	0.745809	0.77321	0.786418	0.774889	0.725849	0.646448	0.550686	0.446519	0.350106	0.285841	0.25837	0.272572	0.295966	0.315841	0.331981	
-0.00580284	0.0530931	0.149144	0.263603	0.402152	0.553568	0.697059	0.80783	0.862645	0.875324	0.867668	0.854305	0.83356	0.790713	0.715328	0.615622	0.502661	0.390871	0.287884	0.221677	0.199827	0.212638	0.23162	0.249616	0.261712	
0.0264756	0.126566	0.254151	0.402152	0.56278	0.723052	0.86356	0.955917	0.99161	0.97685	0.930156	0.868131	0.805506	0.731922	0.637964	0.526169	0.407089	0.291784	0.192669	0.132176	0.116506	0.124273	0.137448	0.152574	0.160451	
0.0878744	0.227471	0.382255	0.553568	0.723052	0.876195	0.995929	1.05795	1.06385	1.01358	0.921651	0.817117	0.715832	0.620297	0.520761	0.408405	0.288526	0.170168	0.0763983	0.0233371	0.0104853	0.0202154	0.0337188	0.0450131	0.0439798	
0.162973	0.332955	0.513	0.697059	0.86356	0.995929	1.08419	1.10742	1.07286	0.984244	0.85771	0.723411	0.596227	0.486888	0.388199	0.279237	0.164364	0.0524566	-0.033156	-0.0791227	-0.0864274	-0.070911	-0.0560251	-0.0562284	-0.0770697	
0.229588	0.427701	0.623794	0.80783	0.955917	1.05795	1.10742	1.09506	1.02355	0.90751	0.762434	0.612598	0.476462	0.364762	0.267768	0.167592	0.0651942	-0.0344192	-0.114068	-0.158955	-0.161557	-0.139424	-0.123048	-0.134886	-0.174985	
0.288331	0.49245	0.688042	0.862645	0.99161	1.06385	1.07286	1.02355	0.923089	0.786853	0.640132	0.498285	0.376659	0.276203	0.18259	0.0916296	0.0028534	-0.0862608	-0.158207	-0.201982	-0.203689	-0.177131	-0.166373	-0.188965	-0.23704	
0.33644	0.53625	0.720631	0.875324	0.97685	1.01358	0.984244	0.90751	0.786853	0.644039	0.503534	0.382775	0.290015	0.212317	0.136112	0.0622192	-0.0155661	-0.0905866	-0.157193	-0.198257	-0.201939	-0.18562	-0.183427	-0.20827	-0.258646	
0.394027	0.583744	0.745809	0.867668	0.930156	0.921651	0.85771	0.762434	0.640132	0.503534	0.386597	0.290024	0.227344	0.180162	0.130638	0.0763259	0.0122473	-0.0518437	-0.105268	-0.142599	-0.152046	-0.150589	-0.1549	-0.177524	-0.225232	
0.452134	0.633757	0.77321	0.854305	0.868131	0.817117	0.723411	0.612598	0.498285	0.382775	0.290024	0.219269	0.186754	0.174221	0.157139	0.127155	0.0780745	0.027299	-0.0150817	-0.0477469	-0.0621446	-0.0679497	-0.0734499	-0.0911358	-0.141846	
0.498854	0.670792	0.786418	0.83356	0.805506	0.715832	0.596227	0.476462	0.376659	0.290015	0.227344	0.186754	0.17917	0.190324	0.197219	0.187949	0.161606	0.12784	0.097455	0.0725039	0.060351	0.0582572	0.0532843	0.0326091	-0.0206749	
0.527906	0.682277	0.774889	0.790713	0.731922	0.620297	0.486888	0.364762	0.276203	0.212317	0.180162	0.174221	0.190324	0.217435	0.240923	0.248232	0.243523	0.224005	0.201165	0.186693	0.189085	0.193187	0.18932	0.164664	0.108878	
0.536794	0.660397	0.725849	0.715328	0.637964	0.520761	0.388199	0.267768	0.18259	0.136112	0.130638	0.157139	0.197219	0.240923	0.273682	0.295592	0.303658	0.292002	0.280864	0.284811	0.297508	0.308281	0.29812	0.267668	0.213683	
0.51656	0.609516	0.646448	0.615622	0.526169	0.408405	0.279237	0.167592	0.0916296	0.0622192	0.0763259	0.127155	0.187949	0.248232	0.295592	0.324674	0.339648	0.338609	0.342571	0.360081	0.373444	0.3771	0.36122	0.327305	0.278064	
0.479185	0.538384	0.550686	0.502661	0.407089	0.288526	0.164364	0.0651942	0.0028534	-0.0155661	0.0122473	0.0780745	0.161606	0.243523	0.303658	0.339648	0.358567	0.369551	0.385638	0.401612	0.40252	0.390158	0.369207	0.336732	0.285427	
0.422248	0.452803	0.446519	0.390871	0.291784	0.170168	0.0524566	-0.0344192	-0.0862608	-0.0905866	-0.0518437	0.027299	0.12784	0.224005	0.292002	0.338609	0.369551	0.393352	0.411544	0.412837	0.386723	0.350591	0.317918	0.278179	0.223586	
0.369709	0.3769	0.350106	0.287884	0.192669	0.0763983	-0.033156	-0.114068	-0.158207	-0.157193	-0.105268	-0.0150817	0.097455	0.201165	0.280864	0.342571	0.385638	0.411544	0.418713	0.39456	0.338884	0.27086	0.210245	0.151805	0.0889546	
0.331556	0.323573	0.285841	0.221677	0.132176	0.0233371	-0.0791227	-0.158955	-0.201982	-0.198257	-0.142599	-0.0477469	0.0725039	0.186693	0.284811	0.360081	0.401612	0.412837	0.39456	0.340911	0.260422	0.155915	0.0594282	-0.0261524	-0.102866	
0.30904	0.297072	0.25837	0.199827	0.116506	0.0104853	-0.0864274	-0.161557	-0.203689	-0.201939	-0.152046	-0.0621446	0.060351	0.189085	0.297508	0.373444	0.40252	0.386723	0.338884	0.260422	0.153737	0.0206559	-0.110828	-0.229777	-0.326155	
0.316653	0.306385	0.272572	0.212638	0.124273	0.0202154	-0.070911	-0.139424	-0.177131	-0.18562	-0.150589	-0.0679497	0.0582572	0.193187	0.308281	0.3771	0.390158	0.350591	0.27086	0.155915	0.0206559	-0.136763	-0.295741	-0.439783	-0.556448	
0.343218	0.328844	0.295966	0.23162	0.137448	0.0337188	-0.0560251	-0.123048	-0.166373	-0.183427	-0.1549	-0.0734499	0.0532843	0.18932	0.29812	0.36122	0.369207	0.317918	0.210245	0.0594282	-0.110828	-0.295741	-0.476948	-0.638923	-0.774696	
0.377145	0.352721	0.315841	0.249616	0.152574	0.0450131	-0.0562284	-0.134886	-0.188965	-0.20827	-0.177524	-0.0911358	0.0326091	0.164664	0.267668	0.327305	0.336732	0.278179	0.151805	-0.0261524	-0.229777	-0.439783	-0.638923	-0.811868	-0.950911	
0.419729	0.373978	0.331981	0.261712	0.160451	0.0439798	-0.0770697	-0.174985	-0.23704	-0.258646	-0.225232	-0.141846	-0.0206749	0.108878	0.213683	0.278064	0.285427	0.223586	0.0889546	-0.102866	-0.326155	-0.556448	-0.774696	-0.950911	-1.0886	
0.478495	0.410708	0.350817	0.268372	0.153807	0.0203427	-0.11914	-0.229063	-0.298309	-0.321375	-0.294515	-0.219522	-0.106085	0.0255603	0.139383	0.212698	0.224973	0.163046	0.0278975	-0.164942	-0.396268	-0.642281	-0.87347	-1.05927	-1.19412	
0.5687	0.479673	0.390538	0.282655	0.149951	0.00116492	-0.148979	-0.269023	-0.350101	-0.386214	-0.372113	-0.309351	-0.202879	-0.0674277	0.0572424	0.14482	0.166757	0.106334	-0.0295242	-0.221518	-0.453893	-0.700505	-0.933043	-1.12295	-1.25529	
0.676117	0.57208	0.457373	0.323134	0.173924	0.0158281	-0.140544	-0.276041	-0.376085	-0.434204	-0.44118	-0.393204	-0.29093	-0.158491	-0.0230981	0.0798641	0.109497	0.0522608	-0.08314	-0.27797	-0.505171	-0.740659	-0.95947	-1.13999	-1.26732	
0.780995	0.66876	0.530069	0.377634	0.216408	0.0473176	-0.114933	-0.25958	-0.377369	-0.455531	-0.482575	-0.450954	-0.360352	-0.227245	-0.0857594	0.0253805	0.0648812	0.0108082	-0.124507	-0.318244	-0.543352	-0.771172	-0.966065	-1.12827	-1.24745	
0.854112	0.73649	0.583803	0.416929	0.242997	0.0640429	-0.101566	-0.248703	-0.370308	-0.457694	-0.501502	-0.483838	-0.400208	-0.269522	-0.121888	-0.00460207	0.038643	-0.0119736	-0.142491	-0.337293	-0.564329	-0.788577	-0.970147	-1.11641	-1.22464	
0.866867	0.746075	0.593652	0.423392	0.246864	0.0657671	-0.100275	-0.248256	-0.369301	-0.45897	-0.504404	-0.491529	-0.408202	-0.277628	-0.129292	-0.00947327	0.0338433	-0.0150508	-0.144523	-0.339792	-0.567548	-0.791739	-0.971996	-1.11364	-1.22082	
0.815527	0.702187	0.556226	0.396981	0.230107	0.0564309	-0.107883	-0.253645	-0.373849	-0.456773	-0.492215	-0.466779	-0.379751	-0.247655	-0.102872	0.0104376	0.0519078	-0.00107321	-0.134314	-0.328643	-0.554037	-0.779944	-0.967416	-1.12252	-1.23656	
0.720146	0.61192	0.486552	0.344788	0.190825	0.0285733	-0.130336	-0.270231	-0.379146	-0.446175	-0.460962	-0.419757	-0.32236	-0.189045	-0.0510692	0.0556835	0.0898436	0.0339506	-0.10202	-0.296569	-0.522509	-0.754193	-0.963411	-1.13705	-1.26142	
0.610488	0.514842	0.415647	0.295009	0.154879	0.00287073	-0.149989	-0.276228	-0.363757	-0.408159	-0.40206	-0.345375	-0.239484	-0.105924	0.0236736	0.118464	0.142811	0.0837084	-0.0514451	-0.24535	-0.475432	-0.717832	-0.947132	-1.13515	-1.26599	
0.511166	0.434356	0.362621	0.271671	0.150519	0.00989369	-0.13466	-0.248377	-0.321675	-0.348649	-0.325015	-0.254316	-0.144789	-0.0104784	0.107342	0.185091	0.201568	0.140312	0.00432338	-0.187406	-0.41996	-0.668457	-0.90172	-1.09048	-1.22481	
0.439546	0.385704	0.338547	0.26516	0.159137	0.0365203	-0.0926829	-0.196014	-0.261252	-0.282129	-0.251803	-0.170835	-0.0521207	0.0776586	0.185749	0.253395	0.2611	0.199031	0.064051	-0.129278	-0.356983	-0.594307	-0.818972	-0.999164	-1.13516	
0.39302	0.360192	0.322641	0.255404	0.157492	0.0473343	-0.0614017	-0.148564	-0.205611	-0.226318	-0.192761	-0.107074	0.0158991	0.146603	0.248816	0.309567	0.318346	0.258304	0.127262	-0.0578315	-0.271378	-0.490301	-0.697129	-0.870886	-1.01012	
0.356316	0.339681	0.303945	0.238762	0.14347	0.0385738	-0.0538699	-0.123844	-0.171734	-0.189619	-0.161691	-0.0770031	0.0483689	0.182573	0.288945	0.349391	0.358013	0.303416	0.187035	0.0241328	-0.160251	-0.355865	-0.544148	-0.711913	-0.850396	
0.3258	0.31382	0.282066	0.220797	0.129252	0.0257093	-0.0634314	-0.130593	-0.169665	-0.182166	-0.150951	-0.0703283	0.0568252	0.193198	0.306455	0.373409	0.38355	0.337569	0.245554	0.115788	-0.0334318	-0.201426	-0.369764	-0.521522	-0.646684	
0.308626	0.297936	0.261108	0.20242	0.118606	0.0133578	-0.081773	-0.153871	-0.193046	-0.195535	-0.151606	-0.0644857	0.0596962	0.191244	0.303849	0.376673	0.398673	0.371642	0.311715	0.219718	0.10283	-0.039885	-0.183735	-0.31415	-0.418541	
0.319501	0.308066	0.268885	0.207767	0.121305	0.0130278	-0.0864329	-0.165102	-0.208057	-0.204119	-0.149585	-0.0563492	0.0649083	0.185743	0.289266	0.366035	0.404743	0.405213	0.37504	0.312077	0.221157	0.10382	-0.0070219	-0.105847	-0.190006	
0.353546	0.353111	0.320641	0.255422	0.162385	0.0501783	-0.0568927	-0.136804	-0.179636	-0.177346	-0.122926	-0.029449	0.0871386	0.193969	0.280434	0.348931	0.392408	0.414445	0.413403	0.37694	0.310893	0.228854	0.153536	0.0851667	0.0178251	
0.399146	0.420111	0.405044	0.34739	0.249395	0.128785	0.0141567	-0.0697841	-0.11782	-0.119724	-0.0746451	0.00942959	0.114769	0.2144	0.286264	0.337872	0.375743	0.402345	0.417432	0.409596	0.371018	0.322621	0.281036	0.235391	0.178098	
0.45821	0.505089	0.509427	0.457041	0.359494	0.239636	0.118248	0.0248946	-0.0335478	-0.0459367	-0.0148139	0.0568134	0.148386	0.23705	0.300646	0.340474	0.36257	0.379414	0.397822	0.409155	0.40099	0.380072	0.355968	0.321759	0.269463	
0.503463	0.582926	0.609289	0.57161	0.47888	0.361213	0.233147	0.125953	0.0560448	0.0315718	0.0523959	0.109504	0.179297	0.248221	0.300894	0.332889	0.348981	0.352731	0.362122	0.381113	0.391087	0.389201	0.371328	0.338014	0.288785	
0.531887	0.643721	0.696748	0.6773	0.595357	0.477589	0.346044	0.229102	0.145741	0.106548	0.109504	0.147223	0.195576	0.245516	0.284427	0.309115	0.32015	0.312627	0.307055	0.318033	0.333356	0.342396	0.32987	0.296737	0.244819	
0.533976	0.677287	0.760203	0.7648	0.696805	0.581751	0.448105	0.324815	0.238226	0.182232	0.161227	0.168301	0.194774	0.227977	0.255451	0.269435	0.271158	0.25469	0.236164	0.228067	0.235557	0.243004	0.237649	0.210674	0.155048	
0.512927	0.679276	0.785673	0.819489	0.77831	0.676854	0.549824	0.428828	0.334739	0.25754	0.208048	0.181355	0.182929	0.200992	0.215394	0.212657	0.195368	0.168458	0.141538	0.119954	0.112604	0.113167	0.108581	0.0868328	0.0320003	
0.471812	0.65041	0.781145	0.847586	0.843064	0.775164	0.671014	0.555665	0.446778	0.343112	0.260835	0.201367	0.179307	0.178191	0.172539	0.151304	0.111215	0.066666	0.0288214	-0.000773756	-0.0161882	-0.0216903	-0.026499	-0.0444475	-0.0966309	
0.418617	0.604583	0.757514	0.863023	0.90624	0.880088	0.803876	0.701398	0.582458	0.452291	0.34493	0.258978	0.208133	0.174945	0.13829	0.0934521	0.0348969	-0.02501	-0.0729366	-0.108829	-0.120747	-0.12301	-0.129025	-0.149314	-0.196914	
