-0.76887	-0.633825	-0.43654	-0.20672	0.0579484	0.343031	0.61118	0.852994	1.05892	1.19597	1.25021	1.23659	1.16046	1.01173	0.798416	0.560948	0.348869	0.192325	0.0944373	0.041558	0.0164942	0.00594036	0.00195223	0.000588429	0.000163414	
-0.633825	-0.445603	-0.226427	0.0207603	0.296267	0.563503	0.801707	1.01112	1.16749	1.24418	1.2481	1.19379	1.07534	0.888124	0.657827	0.432349	0.251737	0.130299	0.0602903	0.0250951	0.00945469	0.00324287	0.00101796	0.000293846	7.83376e-05	
-0.43654	-0.226427	0.00841035	0.271666	0.534289	0.767848	0.973944	1.14008	1.23515	1.25427	1.21506	1.11999	0.959172	0.74369	0.513909	0.314889	0.171343	0.0831915	0.0362563	0.0142709	0.00510308	0.0016668	0.000499739	0.000138149	3.5354e-05	
-0.20672	0.0207603	0.271666	0.524376	0.751193	0.950856	1.11862	1.22558	1.25724	1.2287	1.15002	1.01215	0.81506	0.588602	0.377817	0.215392	0.109449	0.049842	0.020463	0.0076187	0.00258653	0.000804759	0.000230519	6.10428e-05	1.49992e-05	
0.0579484	0.296267	0.534289	0.751193	0.943088	1.10691	1.21827	1.25832	1.23731	1.16943	1.04934	0.870603	0.652586	0.436477	0.259628	0.137633	0.0653283	0.0279208	0.0108067	0.00380866	0.00122848	0.000364323	9.97599e-05	2.53178e-05	5.97581e-06	
0.343031	0.563503	0.767848	0.950856	1.10691	1.21554	1.25854	1.24214	1.18105	1.07351	0.910622	0.703417	0.487285	0.300977	0.165827	0.0818003	0.0363106	0.0145834	0.00532784	0.00177947	0.000545867	0.000154445	4.04598e-05	9.84805e-06	2.23427e-06	
0.61118	0.801707	0.973944	1.11862	1.21827	1.25854	1.2437	1.18652	1.087	0.936251	0.739921	0.527467	0.336498	0.191869	0.0980308	0.0450761	0.018747	0.00708806	0.00244822	0.000776028	0.000226689	6.12601e-05	1.53688e-05	3.59092e-06	7.83702e-07	
0.852994	1.01112	1.14008	1.22558	1.25832	1.24214	1.18652	1.09134	0.948697	0.761779	0.555144	0.363709	0.213624	0.11263	0.0534895	0.0229834	0.00897691	0.00320196	0.00104759	0.000315666	8.79374e-05	2.27268e-05	5.46645e-06	1.2273e-06	2.57896e-07	
1.05892	1.16749	1.23515	1.25724	1.23731	1.18105	1.087	0.948697	0.769044	0.569224	0.380774	0.229252	0.124234	0.0607461	0.0268994	0.0108324	0.00398396	0.00134374	0.000417286	0.000119747	3.18631e-05	7.8863e-06	1.82088e-06	3.9326e-07	7.96428e-08	
1.19597	1.24418	1.25427	1.2287	1.16943	1.07351	0.936251	0.761779	0.569224	0.386585	0.237417	0.131703	0.0660861	0.03008	0.0124633	0.00471874	0.00163873	0.000523939	0.000154764	4.23744e-05	1.07874e-05	2.56065e-06	5.68269e-07	1.18195e-07	2.30931e-08	
1.25021	1.2481	1.21506	1.15002	1.04934	0.910622	0.739921	0.555144	0.380774	0.237417	0.134281	0.0689178	0.032158	0.0136805	0.00532317	0.00190093	0.000625113	0.00018992	5.34764e-05	1.39964e-05	3.41457e-06	7.78488e-07	1.66271e-07	3.33438e-08	6.29168e-09	
1.23659	1.19379	1.11999	1.01215	0.870603	0.703417	0.527467	0.363709	0.229252	0.131703	0.0689178	0.0328807	0.0143315	0.00572151	0.00209822	0.000708956	0.000221369	6.40634e-05	1.72312e-05	4.31909e-06	1.01142e-06	2.21799e-07	4.56507e-08	8.83692e-09	1.61203e-09	
1.16046	1.07534	0.959172	0.81506	0.652586	0.487285	0.336498	0.213624	0.124234	0.0660861	0.032158	0.0143315	0.00586065	0.00220428	0.00076449	0.000245142	7.28722e-05	2.01344e-05	5.18372e-06	1.24658e-06	2.8065e-07	5.92819e-08	1.17729e-08	2.20236e-09	3.88804e-10	
1.01173	0.888124	0.74369	0.588602	0.436477	0.300977	0.191869	0.11263	0.0607461	0.03008	0.0136805	0.00572151	0.00220428	0.000783939	0.000257958	7.87228e-05	2.23342e-05	5.90446e-06	1.45787e-06	3.36932e-07	7.30399e-08	1.48813e-08	2.85503e-09	5.16713e-10	8.83687e-11	
0.798416	0.657827	0.513909	0.377817	0.259628	0.165827	0.0980308	0.0534895	0.0268994	0.0124633	0.00532317	0.00209822	0.00076449	0.000257958	8.07746e-05	2.35219e-05	6.38376e-06	1.61812e-06	3.83866e-07	8.53997e-08	1.78517e-08	3.5128e-09	6.51845e-10	1.14257e-10	1.8948e-11	
0.560948	0.432349	0.314889	0.215392	0.137633	0.0818003	0.0450761	0.0229834	0.0108324	0.00471874	0.00190093	0.000708956	0.000245142	7.87228e-05	2.35219e-05	6.55195e-06	1.70469e-06	4.15086e-07	9.47722e-08	2.03272e-08	4.10305e-09	7.80758e-10	1.40288e-10	2.38401e-11	3.83731e-12	
0.348869	0.251737	0.171343	0.109449	0.0653283	0.0363106	0.018747	0.00897691	0.00398396	0.00163873	0.000625113	0.000221369	7.28722e-05	2.23342e-05	6.38376e-06	1.70469e-06	4.26043e-07	9.98347e-08	2.19733e-08	4.55029e-09	8.88058e-10	1.63606e-10	2.84962e-11	4.69945e-12	7.34846e-13	
0.192325	0.130299	0.0831915	0.049842	0.0279208	0.0145834	0.00708806	0.00320196	0.00134374	0.000523939	0.00018992	6.40634e-05	2.01344e-05	5.90446e-06	1.61812e-06	4.15086e-07	9.98347e-08	2.25508e-08	4.79175e-09	9.59345e-10	1.81252e-10	3.23651e-11	5.47002e-12	8.76253e-13	1.33224e-13	
0.0944373	0.0602903	0.0362563	0.020463	0.0108067	0.00532784	0.00244822	0.00104759	0.000417286	0.000154764	5.34764e-05	1.72312e-05	5.18372e-06	1.45787e-06	3.83866e-07	9.47722e-08	2.19733e-08	4.79175e-09	9.84348e-10	1.90772e-10	3.49325e-11	6.05224e-12	9.93513e-13	1.54732e-13	2.28925e-14	
0.041558	0.0250951	0.0142709	0.0076187	0.00380866	0.00177947	0.000776028	0.000315666	0.000119747	4.23744e-05	1.39964e-05	4.31909e-06	1.24658e-06	3.36932e-07	8.53997e-08	2.03272e-08	4.55029e-09	9.59345e-10	1.90772e-10	3.58325e-11	6.36604e-12	1.07122e-12	1.70954e-13	2.59071e-14	3.73274e-15	
0.0164942	0.00945469	0.00510308	0.00258653	0.00122848	0.000545867	0.000226689	8.79374e-05	3.18631e-05	1.07874e-05	3.41457e-06	1.01142e-06	2.8065e-07	7.30399e-08	1.78517e-08	4.10305e-09	8.88058e-10	1.81252e-10	3.49325e-11	6.36604e-12	1.09844e-12	1.79688e-13	2.79019e-14	4.11766e-15	5.782e-16	
0.00594036	0.00324287	0.0016668	0.000804759	0.000364323	0.000154445	6.12601e-05	2.27268e-05	7.8863e-06	2.56065e-06	7.78488e-07	2.21799e-07	5.92819e-08	1.48813e-08	3.5128e-09	7.80758e-10	1.63606e-10	3.23651e-11	6.05224e-12	1.07122e-12	1.79688e-13	2.86001e-14	4.32466e-15	6.21977e-16	8.51773e-17	
0.00195223	0.00101796	0.000499739	0.000230519	9.97599e-05	4.04598e-05	1.53688e-05	5.46645e-06	1.82088e-06	5.68269e-07	1.66271e-07	4.56507e-08	1.17729e-08	2.85503e-09	6.51845e-10	1.40288e-10	2.84962e-11	5.47002e-12	9.93513e-13	1.70954e-13	2.79019e-14	4.32466e-15	6.37289e-16	8.93868e-17	1.19463e-17	
0.000588429	0.000293846	0.000138149	6.10428e-05	2.53178e-05	9.84805e-06	3.59092e-06	1.2273e-06	3.9326e-07	1.18195e-07	3.33438e-08	8.83692e-09	2.20236e-09	5.16713e-10	1.14257e-10	2.38401e-11	4.69945e-12	8.76253e-13	1.54732e-13	2.59071e-14	4.11766e-15	6.21977e-16	8.93868e-17	1.22354e-17	1.59684e-18	
0.000163414	7.83376e-05	3.5354e-05	1.49992e-05	5.97581e-06	2.23427e-06	7.83702e-07	2.57896e-07	7.96428e-08	2.30931e-08	6.29168e-09	1.61203e-09	3.88804e-10	8.83687e-11	1.8948e-11	3.83731e-12	7.34846e-13	1.33224e-13	2.28925e-14	3.73274e-15	5.782e-16	8.51773e-17	1.19463e-17	1.59684e-18	2.03633e-19	
4.19866e-05	1.93626e-05	8.40605e-06	3.43139e-06	1.31591e-06	4.73852e-07	1.60191e-07	5.08471e-08	1.51593e-08	4.24744e-09	1.11926e-09	2.7763e-10	6.4887e-11	1.43041e-11	2.97745e-12	5.85871e-13	1.091e-13	1.9249e-14	3.22141e-15	5.1194e-16	7.73404e-17	1.11192e-17	1.5229e-18	1.98905e-19	2.47981e-20	
1.00178e-05	4.45265e-06	1.86309e-06	7.33123e-07	2.71118e-07	9.41937e-08	3.07428e-08	9.42779e-09	2.71772e-09	7.36877e-10	1.88066e-10	4.522e-11	1.02536e-11	2.1948e-12	4.4397e-13	8.49623e-14	1.53991e-14	2.64634e-15	4.31668e-16	6.69088e-17	9.86524e-18	1.38508e-18	1.85365e-19	2.36697e-20	2.8866e-21	
2.22724e-06	9.55754e-07	3.86085e-07	1.46698e-07	5.24015e-08	1.75935e-08	5.55221e-09	1.64744e-09	4.59828e-10	1.2081e-10	2.98998e-11	6.9772e-12	1.53659e-12	3.19699e-13	6.29056e-14	1.17184e-14	2.06896e-15	3.46582e-16	5.51444e-17	8.34247e-18	1.20126e-18	1.64805e-19	2.15638e-20	2.6935e-21	3.21478e-22	
4.64086e-07	1.92515e-07	7.5178e-08	2.76183e-08	9.54166e-09	3.09977e-09	9.47062e-10	2.72222e-10	7.3654e-11	1.87714e-11	4.50991e-12	1.02236e-12	2.18884e-13	4.4304e-14	8.48673e-15	1.54016e-15	2.6508e-16	4.3315e-17	6.72673e-18	9.93854e-19	1.39841e-19	1.87572e-20	2.40075e-21	2.93477e-22	3.42964e-23	
9.83441e-08	3.93804e-08	1.48457e-08	5.2663e-09	1.7575e-09	5.51796e-10	1.63027e-10	4.53445e-11	1.18802e-11	2.93408e-12	6.83628e-13	1.50404e-13	3.12756e-14	6.15308e-15	1.14647e-15	2.02521e-16	3.39518e-17	5.40742e-18	8.19028e-19	1.18093e-19	1.62255e-20	2.12637e-21	2.66044e-22	3.18083e-23	3.63735e-24	
6.26719e-08	2.47782e-08	9.22142e-09	3.22903e-09	1.06368e-09	3.29645e-10	9.61364e-11	2.63957e-11	6.82722e-12	1.66471e-12	3.82977e-13	8.32042e-14	1.70872e-14	3.32038e-15	6.11138e-16	1.06654e-16	1.76666e-17	2.78048e-18	4.16216e-19	5.93184e-20	8.05677e-21	1.04388e-21	1.29143e-22	1.52693e-23	1.72693e-24	
2.4599e-07	1.00811e-07	3.88902e-08	1.41138e-08	4.81697e-09	1.54596e-09	4.6665e-10	1.32529e-10	3.5432e-11	8.92368e-12	2.11889e-12	4.74762e-13	1.00477e-13	2.01056e-14	3.80787e-15	6.83314e-16	1.16304e-16	1.87958e-17	2.88722e-18	4.21987e-19	5.87435e-20	7.79635e-21	9.87447e-22	1.19464e-22	1.38182e-23	
1.20129e-06	5.09225e-07	2.03192e-07	7.62603e-08	2.69077e-08	8.92399e-09	2.78212e-09	8.15562e-10	2.24915e-10	5.83907e-11	1.42816e-11	3.29384e-12	7.17038e-13	1.47482e-13	2.86911e-14	5.28493e-15	9.22749e-16	1.52881e-16	2.40608e-17	3.60096e-18	5.13011e-19	6.96429e-20	9.01776e-21	1.11483e-21	1.31709e-22	
5.54897e-06	2.43467e-06	1.00559e-06	3.90606e-07	1.42598e-07	4.8911e-08	1.57616e-08	4.77302e-09	1.35885e-09	3.6392e-10	9.17544e-11	2.17981e-11	4.88426e-12	1.03327e-12	2.06602e-13	3.90868e-14	7.00462e-15	1.19036e-15	1.92039e-16	2.94433e-17	4.29472e-18	5.96601e-19	7.90088e-20	9.98476e-21	1.20527e-21	
2.39215e-05	1.0881e-05	4.65938e-06	1.8761e-06	7.09745e-07	2.52152e-07	8.41139e-08	2.63498e-08	7.75444e-09	2.14506e-09	5.58169e-10	1.36744e-10	3.15708e-11	6.87628e-12	1.41443e-12	2.75081e-13	5.0638e-14	8.83338e-15	1.46184e-15	2.29762e-16	3.43352e-17	4.88366e-18	6.61834e-19	8.55441e-20	1.05559e-20	
9.59015e-05	4.53049e-05	2.01495e-05	8.42525e-06	3.30873e-06	1.21962e-06	4.21843e-07	1.36916e-07	4.17123e-08	1.19348e-08	3.20934e-09	8.11788e-10	1.93339e-10	4.34016e-11	9.19354e-12	1.83971e-12	3.48185e-13	6.23982e-14	1.06008e-14	1.70928e-15	2.61865e-16	3.81605e-17	5.29526e-18	7.00405e-19	8.83974e-20	
0.000356262	0.000175147	8.10701e-05	3.52723e-05	1.44076e-05	5.52051e-06	1.98341e-06	6.68124e-07	2.11063e-07	6.25591e-08	1.74097e-08	4.55289e-09	1.11997e-09	2.5943e-10	5.66523e-11	1.16765e-11	2.2742e-12	4.19068e-13	7.31484e-14	1.21088e-14	1.90319e-15	2.84341e-16	4.04254e-17	5.4751e-18	7.07143e-19	
0.00122153	0.000626368	0.000302416	0.000137215	5.8423e-05	2.3319e-05	8.72017e-06	3.05452e-06	1.00237e-06	3.08296e-07	8.89312e-08	2.40802e-08	6.12658e-09	1.46625e-09	3.30475e-10	7.02327e-11	1.40912e-11	2.67246e-12	4.79694e-13	8.1591e-14	1.31664e-14	2.01816e-15	2.9417e-16	4.08209e-17	5.39852e-18	
0.00384883	0.00206365	0.0010419	0.000494231	0.000219886	9.16402e-05	3.57487e-05	1.3049e-05	4.45719e-06	1.42521e-06	4.26882e-07	1.19874e-07	3.15918e-08	7.82248e-09	1.82207e-09	3.99747e-10	8.27116e-11	1.61612e-11	2.98585e-12	5.22282e-13	8.66024e-14	1.36293e-14	2.03822e-15	2.89979e-16	3.92919e-17	
0.0110898	0.00623501	0.00330117	0.00164173	0.000765327	0.000333924	0.000136232	5.19434e-05	1.85091e-05	6.16569e-06	1.9213e-06	5.60532e-07	1.53268e-07	3.93243e-08	9.47932e-09	2.14969e-09	4.59243e-10	9.25484e-11	1.76175e-11	3.17209e-12	5.40933e-13	8.74768e-14	1.34317e-14	1.96055e-15	2.72357e-16	
0.0290634	0.0171882	0.00957378	0.00500745	0.00245347	0.00112406	0.000480963	0.000192071	7.15771e-05	2.48978e-05	8.08887e-06	2.45661e-06	6.98199e-07	1.8593e-07	4.64539e-08	1.09045e-08	2.40832e-09	5.01154e-10	9.84002e-11	1.82556e-11	3.20457e-12	5.3296e-13	8.40881e-14	1.26018e-14	1.79604e-15	
0.0688721	0.0429929	0.0252816	0.0139564	0.00721225	0.00348136	0.00156731	0.00065753	0.000256984	9.35859e-05	3.17752e-05	1.00677e-05	2.98011e-06	8.25191e-07	2.14047e-07	5.20877e-08	1.19094e-08	2.5623e-09	5.1953e-10	9.94202e-11	1.79824e-11	3.07853e-12	4.99518e-13	7.69199e-14	1.12553e-14	
0.146651	0.096988	0.0604449	0.0353567	0.0193462	0.00987621	0.00469519	0.00207636	0.000853779	0.000326464	0.000116151	3.84874e-05	1.18915e-05	3.43071e-06	9.25571e-07	2.33883e-07	5.54438e-08	1.23502e-08	2.58912e-09	5.11654e-10	9.54571e-11	1.68381e-11	2.81224e-12	4.45333e-13	6.69525e-14	
0.278824	0.196097	0.130053	0.080952	0.0471034	0.0255392	0.0128735	0.00602426	0.00261546	0.00105353	0.000393952	0.000136888	4.42556e-05	1.33321e-05	3.74856e-06	9.85374e-07	2.42585e-07	5.60279e-08	1.2161e-08	2.48476e-09	4.78697e-10	8.70922e-11	1.49865e-11	2.4426e-12	3.77613e-13	
0.470718	0.353229	0.250285	0.166516	0.103513	0.0598878	0.0321536	0.0159907	0.00735965	0.00313445	0.001236	0.000451732	0.000153231	4.83197e-05	1.41899e-05	3.88794e-06	9.95773e-07	2.38846e-07	5.37519e-08	1.13703e-08	2.26469e-09	4.25436e-10	7.55e-11	1.26771e-11	2.01691e-12	
0.703435	0.564278	0.428512	0.30596	0.204149	0.126657	0.0727913	0.0386567	0.0189457	0.00856671	0.00357568	0.00137918	0.000492335	0.000162949	5.01005e-05	1.43389e-05	3.82798e-06	9.55195e-07	2.23231e-07	4.89556e-08	1.00937e-08	1.96012e-09	3.59125e-10	6.21799e-11	1.01901e-11	
0.932663	0.79873	0.650641	0.499915	0.359479	0.240322	0.148611	0.0847138	0.0444305	0.0214276	0.00950633	0.0038842	0.00146407	0.000510097	0.000164634	4.93337e-05	1.37567e-05	3.57772e-06	8.69714e-07	1.98035e-07	4.23241e-08	8.50656e-09	1.61081e-09	2.87885e-10	4.8641e-11	
1.1102	1.00827	0.877825	0.725382	0.56326	0.407317	0.272344	0.167525	0.0945236	0.0488642	0.0231481	0.0100605	0.00401878	0.00147876	0.000502444	0.000158038	4.6134e-05	1.25299e-05	3.17392e-06	7.51566e-07	1.66734e-07	3.47281e-08	6.80458e-09	1.25661e-09	2.19107e-10	
1.21414	1.15509	1.06397	0.939492	0.785908	0.615424	0.446479	0.297787	0.181718	0.101225	0.0514565	0.0238951	0.0101562	0.00396079	0.00142116	0.000470495	0.000144128	4.09669e-05	1.08336e-05	2.67224e-06	6.16302e-07	1.33205e-07	2.70392e-08	5.16526e-09	9.30353e-10	
1.25165	1.23325	1.18468	1.1029	0.98461	0.831316	0.654435	0.474711	0.314734	0.189892	0.104111	0.0519025	0.0235734	0.00978059	0.00371832	0.00129945	0.000418793	0.000124858	3.45388e-05	8.89e-06	2.13479e-06	4.79465e-07	1.00954e-07	1.99713e-08	3.71965e-09	
