0.633249	0.735729	0.8261	0.864602	0.837898	0.737143	0.570316	0.3593	0.147241	-0.0428038	-0.203328	-0.316615	-0.403314	-0.459527	-0.498523	-0.525048	-0.543067	-0.554896	-0.564225	-0.568905	-0.573214	-0.574786	-0.575679	-0.575968	-0.575123	
0.735729	0.867781	0.975157	1.03527	1.04092	0.969248	0.818112	0.616872	0.40462	0.193596	0.0192183	-0.117916	-0.227022	-0.300643	-0.360212	-0.402343	-0.436269	-0.462156	-0.485464	-0.500509	-0.518279	-0.526346	-0.53933	-0.543496	-0.552173	
0.8261	0.975157	1.09341	1.18249	1.22472	1.18454	1.06485	0.888466	0.674346	0.456508	0.271709	0.11036	-0.0104669	-0.100919	-0.173706	-0.226097	-0.269569	-0.306854	-0.335292	-0.36267	-0.384721	-0.402862	-0.421155	-0.432276	-0.446267	
0.864602	1.03527	1.18249	1.31	1.38392	1.38044	1.29853	1.14091	0.93367	0.720996	0.524137	0.352392	0.225847	0.12201	0.0450506	-0.0128801	-0.0639138	-0.104028	-0.138415	-0.172746	-0.196515	-0.224976	-0.243139	-0.263868	-0.278376	
0.837898	1.04092	1.22472	1.38392	1.49276	1.53474	1.49176	1.36575	1.18234	0.978745	0.777015	0.603606	0.466827	0.353658	0.274716	0.207695	0.154854	0.112489	0.0722965	0.0391275	0.0100959	-0.0194308	-0.0390367	-0.0638213	-0.077232	
0.737143	0.969248	1.18454	1.38044	1.53474	1.62528	1.63219	1.54871	1.39512	1.2062	1.00895	0.836533	0.691318	0.57857	0.495212	0.426525	0.376319	0.331909	0.293827	0.262011	0.230896	0.204969	0.181787	0.159316	0.144029	
0.570316	0.818112	1.06485	1.29853	1.49176	1.63219	1.68982	1.65238	1.53807	1.37384	1.19353	1.02773	0.887115	0.778407	0.695887	0.633058	0.584621	0.544142	0.509149	0.479221	0.449583	0.426261	0.401329	0.382958	0.364039	
0.3593	0.616872	0.888466	1.14091	1.36575	1.54871	1.65238	1.66532	1.59383	1.46314	1.3039	1.15303	1.0215	0.919256	0.845282	0.788339	0.748608	0.714974	0.68772	0.663594	0.64091	0.621326	0.602177	0.58626	0.571179	
0.147241	0.40462	0.674346	0.93367	1.18234	1.39512	1.53807	1.59383	1.56386	1.46194	1.32576	1.19105	1.0673	0.978804	0.912468	0.868604	0.840922	0.819215	0.804055	0.79103	0.777217	0.767289	0.754113	0.745287	0.734576	
-0.0428038	0.193596	0.456508	0.720996	0.978745	1.2062	1.37384	1.46314	1.46194	1.38463	1.27128	1.14497	1.0339	0.9537	0.895314	0.864152	0.846502	0.836912	0.834524	0.831317	0.829308	0.828532	0.823409	0.823695	0.817364	
-0.203328	0.0192183	0.271709	0.524137	0.777015	1.00895	1.19353	1.3039	1.32576	1.27128	1.16819	1.04858	0.941309	0.86039	0.805936	0.779703	0.768061	0.768453	0.775605	0.781569	0.792114	0.797497	0.805075	0.809608	0.813304	
-0.316615	-0.117916	0.11036	0.352392	0.603606	0.836533	1.02773	1.15303	1.19105	1.14497	1.04858	0.927891	0.816258	0.731532	0.674521	0.648032	0.6385	0.644179	0.654953	0.66928	0.683782	0.697198	0.709221	0.719864	0.727929	
-0.403314	-0.227022	-0.0104669	0.225847	0.466827	0.691318	0.887115	1.0215	1.0673	1.0339	0.941309	0.816258	0.70005	0.604515	0.539115	0.505516	0.491358	0.493611	0.505038	0.518135	0.535935	0.5498	0.565495	0.577562	0.588865	
-0.459527	-0.300643	-0.100919	0.12201	0.353658	0.57857	0.778407	0.919256	0.978804	0.9537	0.86039	0.731532	0.604515	0.494649	0.418299	0.373891	0.350773	0.349687	0.355205	0.367854	0.383544	0.396552	0.412828	0.423606	0.436239	
-0.498523	-0.360212	-0.173706	0.0450506	0.274716	0.495212	0.695887	0.845282	0.912468	0.895314	0.805936	0.674521	0.539115	0.418299	0.331308	0.273816	0.243401	0.233011	0.232498	0.240726	0.250839	0.261781	0.274124	0.283036	0.293831	
-0.525048	-0.402343	-0.226097	-0.0128801	0.207695	0.426525	0.633058	0.788339	0.868604	0.864152	0.779703	0.648032	0.505516	0.373891	0.273816	0.205501	0.16423	0.145692	0.138802	0.1412	0.147322	0.154522	0.163703	0.17026	0.178772	
-0.543067	-0.436269	-0.269569	-0.0639138	0.154854	0.376319	0.584621	0.748608	0.840922	0.846502	0.768061	0.6385	0.491358	0.350773	0.243401	0.16423	0.115972	0.0909348	0.0777279	0.076618	0.0779568	0.0821649	0.0881944	0.0919355	0.0982088	
-0.554896	-0.462156	-0.306854	-0.104028	0.112489	0.331909	0.544142	0.714974	0.819215	0.836912	0.768453	0.644179	0.493611	0.349687	0.233011	0.145692	0.0909348	0.0581765	0.0405789	0.0352026	0.0320347	0.0346019	0.0365884	0.0391054	0.0430453	
-0.564225	-0.485464	-0.335292	-0.138415	0.0722965	0.293827	0.509149	0.68772	0.804055	0.834524	0.775605	0.654953	0.505038	0.355205	0.232498	0.138802	0.0777279	0.0405789	0.0198781	0.0110788	0.00675832	0.00713261	0.00764841	0.00960899	0.0112724	
-0.568905	-0.500509	-0.36267	-0.172746	0.0391275	0.262011	0.479221	0.663594	0.79103	0.831317	0.781569	0.66928	0.518135	0.367854	0.240726	0.1412	0.076618	0.0352026	0.0110788	0.000822374	-0.00651474	-0.0071158	-0.00813389	-0.00795942	-0.00642585	
-0.573214	-0.518279	-0.384721	-0.196515	0.0100959	0.230896	0.449583	0.64091	0.777217	0.829308	0.792114	0.683782	0.535935	0.383544	0.250839	0.147322	0.0779568	0.0320347	0.00675832	-0.00651474	-0.0145023	-0.0152064	-0.0183102	-0.0161841	-0.0173759	
-0.574786	-0.526346	-0.402862	-0.224976	-0.0194308	0.204969	0.426261	0.621326	0.767289	0.828532	0.797497	0.697198	0.5498	0.396552	0.261781	0.154522	0.0821649	0.0346019	0.00713261	-0.0071158	-0.0152064	-0.0179836	-0.0196582	-0.0201818	-0.0198462	
-0.575679	-0.53933	-0.421155	-0.243139	-0.0390367	0.181787	0.401329	0.602177	0.754113	0.823409	0.805075	0.709221	0.565495	0.412828	0.274124	0.163703	0.0881944	0.0365884	0.00764841	-0.00813389	-0.0183102	-0.0196582	-0.0242818	-0.0221819	-0.0244971	
-0.575968	-0.543496	-0.432276	-0.263868	-0.0638213	0.159316	0.382958	0.58626	0.745287	0.823695	0.809608	0.719864	0.577562	0.423606	0.283036	0.17026	0.0919355	0.0391054	0.00960899	-0.00795942	-0.0161841	-0.0201818	-0.0221819	-0.0225337	-0.0229524	
-0.575123	-0.552173	-0.446267	-0.278376	-0.077232	0.144029	0.364039	0.571179	0.734576	0.817364	0.813304	0.727929	0.588865	0.436239	0.293831	0.178772	0.0982088	0.0430453	0.0112724	-0.00642585	-0.0173759	-0.0198462	-0.0244971	-0.0229524	-0.0254358	
-0.574719	-0.554145	-0.453163	-0.291787	-0.0950037	0.125888	0.350017	0.559213	0.726861	0.817495	0.816986	0.735938	0.598279	0.444899	0.300483	0.183567	0.10101	0.0440026	0.0126812	-0.00710143	-0.0159707	-0.0204594	-0.0229615	-0.0230216	-0.0238909	
-0.573723	-0.559526	-0.462011	-0.302147	-0.104412	0.116817	0.337732	0.548755	0.719659	0.81257	0.818222	0.740318	0.605344	0.452658	0.30779	0.189855	0.105436	0.0479214	0.0144421	-0.0050092	-0.0157536	-0.0195203	-0.0235803	-0.0226694	-0.025002	
-0.572806	-0.560063	-0.466561	-0.309899	-0.114355	0.104919	0.328396	0.541137	0.714045	0.811911	0.820563	0.745789	0.611424	0.459028	0.312551	0.192879	0.10764	0.0480015	0.0149601	-0.00587636	-0.0157552	-0.0203218	-0.0233692	-0.0232936	-0.024387	
-0.572728	-0.563074	-0.470067	-0.315153	-0.120268	0.100383	0.322464	0.535658	0.710509	0.809928	0.820947	0.747238	0.614938	0.462046	0.31567	0.196181	0.109451	0.0504402	0.016348	-0.00450642	-0.0146094	-0.0194209	-0.0228106	-0.0223626	-0.0244641	
-0.571473	-0.562668	-0.47305	-0.318431	-0.122738	0.0960172	0.318492	0.532657	0.707983	0.808522	0.821614	0.750034	0.617212	0.465642	0.318433	0.197514	0.111037	0.0503575	0.0160903	-0.00487686	-0.015718	-0.02008	-0.0236449	-0.023461	-0.0247356	
-0.572706	-0.563591	-0.471462	-0.318316	-0.124842	0.0952767	0.318459	0.532328	0.708033	0.809928	0.821897	0.749171	0.617594	0.464313	0.317454	0.197529	0.110207	0.0506564	0.0168238	-0.00478548	-0.0141388	-0.0196004	-0.0223699	-0.0222846	-0.0240448	
-0.571398	-0.562779	-0.472809	-0.317152	-0.120382	0.0986861	0.320213	0.534055	0.708978	0.808099	0.821035	0.749081	0.615984	0.464785	0.317808	0.197144	0.110881	0.0505312	0.0159205	-0.00451591	-0.0160022	-0.0198684	-0.0239662	-0.0234734	-0.0250657	
-0.573628	-0.561186	-0.466646	-0.312208	-0.118263	0.101988	0.325992	0.538881	0.71266	0.812588	0.820935	0.74616	0.613113	0.459342	0.313149	0.193926	0.107741	0.0488316	0.0158982	-0.00558851	-0.0142621	-0.0199628	-0.0221574	-0.0224684	-0.0236988	
-0.572707	-0.560352	-0.465444	-0.305689	-0.107238	0.112533	0.333286	0.545297	0.716745	0.81074	0.819019	0.74295	0.607965	0.45651	0.310698	0.191696	0.107139	0.0482806	0.0144226	-0.00503914	-0.0166593	-0.0198186	-0.0243965	-0.0233581	-0.0254093	
-0.574908	-0.555533	-0.455604	-0.296729	-0.100348	0.120865	0.345143	0.555098	0.724144	0.81725	0.817541	0.737849	0.601237	0.447188	0.30286	0.185629	0.102229	0.0452684	0.0136708	-0.00665685	-0.0149361	-0.0203335	-0.0221452	-0.022813	-0.0234095	
-0.57487	-0.554267	-0.450016	-0.283758	-0.0832766	0.137318	0.357521	0.566028	0.730606	0.816006	0.814892	0.731259	0.593119	0.440745	0.297374	0.181346	0.100005	0.0437692	0.0117542	-0.0064274	-0.0174618	-0.0200026	-0.0246564	-0.0231713	-0.0254995	
-0.575565	-0.546	-0.437683	-0.270948	-0.0705069	0.151988	0.375555	0.580387	0.741376	0.822588	0.811014	0.723534	0.581914	0.4282	0.286908	0.173206	0.0940693	0.0403128	0.0104023	-0.00772738	-0.0160724	-0.0203798	-0.0223158	-0.0229191	-0.0231216	
-0.576425	-0.542348	-0.425481	-0.251357	-0.048405	0.173128	0.39288	0.595548	0.74963	0.822754	0.807141	0.713401	0.571121	0.417575	0.278495	0.166742	0.0901567	0.0378642	0.00849522	-0.00797238	-0.017663	-0.019959	-0.0238009	-0.0225371	-0.0243457	
-0.574474	-0.531352	-0.41109	-0.233276	-0.0281229	0.194914	0.416432	0.613816	0.762415	0.82716	0.800689	0.702439	0.555777	0.40314	0.266179	0.157884	0.084222	0.0348396	0.007196	-0.00802125	-0.0165143	-0.0189801	-0.0214933	-0.0212346	-0.0215536	
-0.574736	-0.521976	-0.39121	-0.208448	-0.00188207	0.220627	0.439249	0.632912	0.772661	0.82889	0.794188	0.689098	0.54205	0.38845	0.255953	0.150102	0.0799452	0.0332248	0.00691041	-0.00680743	-0.0147821	-0.0168084	-0.0188848	-0.0185318	-0.0186177	
-0.570183	-0.508832	-0.372646	-0.182288	0.0269319	0.248945	0.467201	0.654465	0.785492	0.830646	0.786463	0.675089	0.525231	0.374301	0.243811	0.143279	0.0762344	0.0328021	0.00864323	-0.00330462	-0.0105819	-0.0111005	-0.0132926	-0.0116621	-0.0118691	
-0.566339	-0.491039	-0.346351	-0.153615	0.0585295	0.281228	0.496513	0.677883	0.798834	0.832841	0.777179	0.660558	0.509695	0.359517	0.236055	0.138947	0.0773068	0.0381252	0.0157034	0.00658587	0.000558849	0.000302721	0.000462011	0.000749381	0.00318556	
-0.559417	-0.473208	-0.318439	-0.117226	0.095338	0.315469	0.529526	0.703437	0.812493	0.836284	0.771792	0.64781	0.498147	0.350834	0.230934	0.141524	0.0832361	0.0488535	0.0303343	0.0228989	0.0200994	0.021398	0.0228966	0.0256985	0.0279827	
-0.547387	-0.446886	-0.286468	-0.0816557	0.137695	0.358593	0.56761	0.734595	0.831706	0.840589	0.766634	0.639553	0.490111	0.34918	0.238107	0.155019	0.10493	0.0760408	0.0607022	0.0582741	0.0564517	0.0607394	0.0641418	0.0675071	0.0727539	
-0.534017	-0.416577	-0.243322	-0.0340329	0.184127	0.404081	0.612506	0.770709	0.856486	0.857279	0.773629	0.642571	0.497991	0.361135	0.258167	0.185363	0.140528	0.120096	0.110536	0.111362	0.11655	0.121632	0.130699	0.135419	0.143566	
-0.510106	-0.379572	-0.197446	0.0204371	0.247583	0.466398	0.668485	0.820703	0.89173	0.879062	0.792844	0.660603	0.522674	0.398139	0.305416	0.243467	0.20897	0.194315	0.191469	0.19705	0.204861	0.215017	0.224954	0.233831	0.242949	
-0.476697	-0.325198	-0.132105	0.0876848	0.318062	0.54196	0.743019	0.886854	0.950782	0.92836	0.834982	0.705507	0.573766	0.459179	0.378837	0.329236	0.30323	0.299558	0.302258	0.314158	0.32776	0.339981	0.355541	0.364951	0.377848	
-0.42987	-0.260259	-0.0491176	0.181792	0.41933	0.642267	0.839443	0.976901	1.02662	0.998399	0.905614	0.778947	0.659607	0.557859	0.488509	0.450439	0.433084	0.433482	0.443544	0.455712	0.473814	0.48688	0.503669	0.515091	0.527565	
-0.353868	-0.165888	0.0571439	0.29661	0.54429	0.775321	0.968142	1.09823	1.13963	1.09742	1.0033	0.88019	0.767232	0.678766	0.619072	0.590766	0.579985	0.585494	0.596744	0.611754	0.627583	0.6421	0.655583	0.667474	0.676763	
-0.253512	-0.039135	0.203766	0.451384	0.703808	0.936086	1.12398	1.24112	1.27055	1.22081	1.12077	1.00197	0.893138	0.811523	0.756487	0.730687	0.720678	0.723446	0.733066	0.742448	0.75559	0.764174	0.774413	0.781298	0.787501	
