0.539171	0.331776	0.143802	-0.0255938	-0.168504	-0.28075	-0.367674	-0.419279	-0.43945	-0.438794	-0.425673	-0.390253	-0.336459	-0.280256	-0.230527	-0.188269	-0.158745	-0.144063	-0.140824	-0.146613	-0.151816	-0.165976	-0.183605	-0.187642	-0.18987	
0.331776	0.12783	-0.0521323	-0.203427	-0.313576	-0.389672	-0.437605	-0.45877	-0.453603	-0.426039	-0.389944	-0.340002	-0.279679	-0.228069	-0.194919	-0.169014	-0.154244	-0.151506	-0.153073	-0.160985	-0.165894	-0.172745	-0.177041	-0.168209	-0.162966	
0.143802	-0.0521323	-0.214735	-0.33686	-0.413887	-0.455038	-0.472712	-0.469952	-0.439701	-0.387025	-0.331813	-0.27462	-0.220155	-0.182881	-0.16448	-0.15542	-0.156421	-0.160819	-0.17013	-0.181708	-0.177963	-0.171879	-0.164279	-0.147218	-0.136301	
-0.0255938	-0.203427	-0.33686	-0.427422	-0.470734	-0.484418	-0.475796	-0.448468	-0.396942	-0.328041	-0.267116	-0.219758	-0.18209	-0.157264	-0.151207	-0.152712	-0.158997	-0.168541	-0.17892	-0.183444	-0.173443	-0.161914	-0.149269	-0.132459	-0.124492	
-0.168504	-0.313576	-0.413887	-0.470734	-0.488489	-0.479802	-0.446427	-0.400366	-0.337912	-0.268908	-0.217883	-0.186373	-0.161654	-0.147578	-0.148638	-0.156005	-0.168708	-0.17419	-0.174344	-0.17014	-0.153571	-0.139767	-0.133538	-0.131619	-0.134402	
-0.28075	-0.389672	-0.455038	-0.484418	-0.479802	-0.44718	-0.391711	-0.332742	-0.272101	-0.21716	-0.181216	-0.163925	-0.155427	-0.153039	-0.160925	-0.173349	-0.177402	-0.16683	-0.154976	-0.141882	-0.12934	-0.12755	-0.132761	-0.140336	-0.14171	
-0.367674	-0.437605	-0.472712	-0.475796	-0.446427	-0.391711	-0.320972	-0.261685	-0.215485	-0.179263	-0.15611	-0.153383	-0.159406	-0.16669	-0.176601	-0.179387	-0.170236	-0.151506	-0.135687	-0.126537	-0.124562	-0.126625	-0.130589	-0.137569	-0.137535	
-0.419279	-0.45877	-0.469952	-0.448468	-0.400366	-0.332742	-0.261685	-0.212456	-0.180598	-0.156748	-0.142844	-0.148953	-0.164059	-0.174079	-0.173263	-0.166978	-0.155311	-0.139232	-0.131223	-0.127774	-0.128931	-0.128185	-0.126392	-0.132231	-0.129649	
-0.43945	-0.453603	-0.439701	-0.396942	-0.337912	-0.272101	-0.215485	-0.180598	-0.162181	-0.153805	-0.150532	-0.16188	-0.175448	-0.171194	-0.155101	-0.142868	-0.132372	-0.126944	-0.128196	-0.130276	-0.138157	-0.137296	-0.13037	-0.127428	-0.114836	
-0.438794	-0.426039	-0.387025	-0.328041	-0.268908	-0.21716	-0.179263	-0.156748	-0.153805	-0.162145	-0.168494	-0.17698	-0.176304	-0.160332	-0.139667	-0.12757	-0.121917	-0.122306	-0.125149	-0.12829	-0.136679	-0.133687	-0.124126	-0.121416	-0.115131	
-0.425673	-0.389944	-0.331813	-0.267116	-0.217883	-0.181216	-0.15611	-0.142844	-0.150532	-0.168494	-0.175092	-0.169612	-0.160029	-0.147873	-0.134075	-0.127971	-0.125674	-0.127736	-0.12758	-0.124287	-0.125148	-0.117301	-0.110249	-0.115036	-0.118656	
-0.390253	-0.340002	-0.27462	-0.219758	-0.186373	-0.163925	-0.153383	-0.148953	-0.16188	-0.17698	-0.169612	-0.150226	-0.138443	-0.131915	-0.125592	-0.124609	-0.128177	-0.136177	-0.134687	-0.124302	-0.115743	-0.107278	-0.105044	-0.109189	-0.116096	
-0.336459	-0.279679	-0.220155	-0.18209	-0.161654	-0.155427	-0.159406	-0.164059	-0.175448	-0.176304	-0.160029	-0.138443	-0.126724	-0.123446	-0.121324	-0.122453	-0.128647	-0.134112	-0.12543	-0.113991	-0.110849	-0.112644	-0.114582	-0.113624	-0.115144	
-0.280256	-0.228069	-0.182881	-0.157264	-0.147578	-0.153039	-0.16669	-0.174079	-0.171194	-0.160332	-0.147873	-0.131915	-0.123446	-0.124925	-0.128123	-0.129488	-0.127927	-0.118791	-0.107144	-0.106724	-0.11055	-0.118363	-0.122811	-0.113897	-0.107654	
-0.230527	-0.194919	-0.16448	-0.151207	-0.148638	-0.160925	-0.176601	-0.173263	-0.155101	-0.139667	-0.134075	-0.125592	-0.121324	-0.128123	-0.136427	-0.132596	-0.118438	-0.106689	-0.107365	-0.112571	-0.11068	-0.114688	-0.113742	-0.101689	-0.103314	
-0.188269	-0.169014	-0.15542	-0.152712	-0.156005	-0.173349	-0.179387	-0.166978	-0.142868	-0.12757	-0.127971	-0.124609	-0.122453	-0.129488	-0.132596	-0.118817	-0.107705	-0.109236	-0.115863	-0.117893	-0.110098	-0.106351	-0.102725	-0.0983549	-0.105195	
-0.158745	-0.154244	-0.156421	-0.158997	-0.168708	-0.177402	-0.170236	-0.155311	-0.132372	-0.121917	-0.125674	-0.128177	-0.128647	-0.127927	-0.118438	-0.107705	-0.11007	-0.112454	-0.11541	-0.115421	-0.105549	-0.102181	-0.103711	-0.103436	-0.103717	
-0.144063	-0.151506	-0.160819	-0.168541	-0.17419	-0.16683	-0.151506	-0.139232	-0.126944	-0.122306	-0.127736	-0.136177	-0.134112	-0.118791	-0.106689	-0.109236	-0.112454	-0.109331	-0.110734	-0.109	-0.104111	-0.10302	-0.104881	-0.106543	-0.101048	
-0.140824	-0.153073	-0.17013	-0.17892	-0.174344	-0.154976	-0.135687	-0.131223	-0.128196	-0.125149	-0.12758	-0.134687	-0.12543	-0.107144	-0.107365	-0.115863	-0.11541	-0.110734	-0.105538	-0.101464	-0.101658	-0.0997405	-0.103858	-0.110069	-0.101619	
-0.146613	-0.160985	-0.181708	-0.183444	-0.17014	-0.141882	-0.126537	-0.127774	-0.130276	-0.12829	-0.124287	-0.124302	-0.113991	-0.106724	-0.112571	-0.117893	-0.115421	-0.109	-0.101464	-0.0975831	-0.102988	-0.104018	-0.101342	-0.101186	-0.0959201	
-0.151816	-0.165894	-0.177963	-0.173443	-0.153571	-0.12934	-0.124562	-0.128931	-0.138157	-0.136679	-0.125148	-0.115743	-0.110849	-0.11055	-0.11068	-0.110098	-0.105549	-0.104111	-0.101658	-0.102988	-0.113466	-0.106544	-0.0912758	-0.0915652	-0.0951143	
-0.165976	-0.172745	-0.171879	-0.161914	-0.139767	-0.12755	-0.126625	-0.128185	-0.137296	-0.133687	-0.117301	-0.107278	-0.112644	-0.118363	-0.114688	-0.106351	-0.102181	-0.10302	-0.0997405	-0.104018	-0.106544	-0.0951793	-0.0932807	-0.102412	-0.105945	
-0.183605	-0.177041	-0.164279	-0.149269	-0.133538	-0.132761	-0.130589	-0.126392	-0.13037	-0.124126	-0.110249	-0.105044	-0.114582	-0.122811	-0.113742	-0.102725	-0.103711	-0.104881	-0.103858	-0.101342	-0.0912758	-0.0932807	-0.10463	-0.102257	-0.0983187	
-0.187642	-0.168209	-0.147218	-0.132459	-0.131619	-0.140336	-0.137569	-0.132231	-0.127428	-0.121416	-0.115036	-0.109189	-0.113624	-0.113897	-0.101689	-0.0983549	-0.103436	-0.106543	-0.110069	-0.101186	-0.0915652	-0.102412	-0.102257	-0.0868791	-0.0884973	
-0.18987	-0.162966	-0.136301	-0.124492	-0.134402	-0.14171	-0.137535	-0.129649	-0.114836	-0.115131	-0.118656	-0.116096	-0.115144	-0.107654	-0.103314	-0.105195	-0.103717	-0.101048	-0.101619	-0.0959201	-0.0951143	-0.105945	-0.0983187	-0.0884973	-0.0980277	
-0.185969	-0.159962	-0.132408	-0.128249	-0.138263	-0.140809	-0.136736	-0.123601	-0.107433	-0.109812	-0.120014	-0.120909	-0.110139	-0.102	-0.109219	-0.110688	-0.103361	-0.0990993	-0.095935	-0.0959718	-0.0985477	-0.0978941	-0.0954837	-0.0976004	-0.0981372	
-0.170388	-0.150879	-0.132189	-0.134499	-0.139042	-0.140185	-0.136521	-0.124321	-0.113524	-0.111854	-0.122368	-0.120164	-0.101245	-0.0973953	-0.107467	-0.107669	-0.102237	-0.100834	-0.0974713	-0.103035	-0.105023	-0.087638	-0.089611	-0.100847	-0.0911887	
-0.156484	-0.146297	-0.141534	-0.13957	-0.137566	-0.131752	-0.128202	-0.122233	-0.116926	-0.115262	-0.119104	-0.116847	-0.103574	-0.104506	-0.107155	-0.104695	-0.102033	-0.0964428	-0.0965864	-0.102846	-0.101407	-0.0891685	-0.0936989	-0.102036	-0.0911002	
-0.144249	-0.147784	-0.154406	-0.147387	-0.137527	-0.124804	-0.121491	-0.120871	-0.121142	-0.118111	-0.109928	-0.109531	-0.109579	-0.110781	-0.105663	-0.102489	-0.103069	-0.097656	-0.0989899	-0.0974322	-0.0925788	-0.0968278	-0.0993906	-0.0965802	-0.0913526	
-0.132563	-0.147464	-0.159254	-0.152816	-0.13412	-0.123261	-0.117893	-0.123135	-0.129026	-0.120989	-0.10581	-0.102875	-0.114607	-0.110809	-0.101698	-0.0995415	-0.100912	-0.104433	-0.100463	-0.0939839	-0.0947046	-0.101021	-0.0947806	-0.087138	-0.0969684	
-0.129805	-0.146401	-0.159004	-0.1527	-0.132119	-0.122965	-0.116474	-0.12426	-0.131003	-0.122143	-0.106695	-0.101483	-0.116203	-0.110429	-0.10024	-0.0988409	-0.0991156	-0.105892	-0.101346	-0.0938299	-0.0959994	-0.101067	-0.0927912	-0.0849871	-0.0995862	
-0.139261	-0.148035	-0.157541	-0.150065	-0.136426	-0.124062	-0.119718	-0.121624	-0.124086	-0.119275	-0.107964	-0.105977	-0.111642	-0.111463	-0.104235	-0.101552	-0.101762	-0.1003	-0.100923	-0.0953984	-0.0915358	-0.0990284	-0.0989501	-0.0930076	-0.0927343	
-0.151858	-0.147196	-0.147324	-0.14296	-0.137813	-0.128383	-0.125548	-0.120589	-0.117958	-0.116028	-0.115082	-0.114496	-0.105465	-0.108064	-0.107565	-0.103993	-0.102756	-0.0959354	-0.0967713	-0.0999506	-0.0977473	-0.0930698	-0.0965173	-0.100596	-0.0909312	
-0.16391	-0.147558	-0.134558	-0.135918	-0.137899	-0.137339	-0.133772	-0.124425	-0.115725	-0.113572	-0.12261	-0.119203	-0.101096	-0.0988764	-0.106071	-0.106218	-0.102035	-0.0993768	-0.0975201	-0.104441	-0.105701	-0.0866704	-0.0889207	-0.101099	-0.0910029	
-0.180524	-0.156696	-0.132121	-0.131204	-0.138981	-0.141123	-0.136786	-0.123822	-0.10887	-0.109557	-0.121087	-0.120875	-0.106557	-0.0994709	-0.10893	-0.110412	-0.102958	-0.0998357	-0.0962133	-0.0987873	-0.100878	-0.0926164	-0.0938068	-0.100541	-0.094641	
-0.189436	-0.162411	-0.134378	-0.125435	-0.1364	-0.140672	-0.137226	-0.126456	-0.110119	-0.112464	-0.11818	-0.119104	-0.114103	-0.105429	-0.107262	-0.107973	-0.10385	-0.0996667	-0.0976864	-0.0948769	-0.0957377	-0.103742	-0.097996	-0.0923885	-0.100289	
-0.187979	-0.16477	-0.141239	-0.127527	-0.1323	-0.141482	-0.138533	-0.132736	-0.123688	-0.119975	-0.117309	-0.112093	-0.113771	-0.110354	-0.100182	-0.0995537	-0.103468	-0.104691	-0.108321	-0.100436	-0.0936305	-0.105272	-0.0995189	-0.0836608	-0.090965	
-0.186855	-0.17456	-0.158005	-0.142729	-0.132221	-0.136472	-0.133191	-0.12805	-0.129297	-0.121844	-0.111746	-0.10597	-0.114041	-0.120923	-0.108858	-0.10091	-0.104073	-0.10556	-0.107088	-0.100497	-0.0894748	-0.0970208	-0.105305	-0.097049	-0.0928525	
-0.174117	-0.17575	-0.169588	-0.1569	-0.136846	-0.129132	-0.127967	-0.126749	-0.133906	-0.129929	-0.11317	-0.105374	-0.114036	-0.121158	-0.115962	-0.105278	-0.102614	-0.10411	-0.100502	-0.102239	-0.0995672	-0.092594	-0.0979514	-0.105394	-0.106201	
-0.156331	-0.168035	-0.175056	-0.167907	-0.14711	-0.127813	-0.125236	-0.129832	-0.139176	-0.137826	-0.123176	-0.111721	-0.111648	-0.112869	-0.111362	-0.107171	-0.102635	-0.103816	-0.100761	-0.105163	-0.11385	-0.102101	-0.0904846	-0.0938729	-0.0982996	
-0.149129	-0.164072	-0.181715	-0.180957	-0.163933	-0.136263	-0.12475	-0.127225	-0.13345	-0.131176	-0.124501	-0.120535	-0.111766	-0.108725	-0.112644	-0.115431	-0.112009	-0.106992	-0.100836	-0.0990046	-0.107449	-0.105665	-0.0974211	-0.0962963	-0.0942068	
-0.142468	-0.156237	-0.17557	-0.182103	-0.173907	-0.149652	-0.131431	-0.129335	-0.128898	-0.126185	-0.125934	-0.130717	-0.120157	-0.105734	-0.109649	-0.118343	-0.11632	-0.110078	-0.103996	-0.099019	-0.100961	-0.100998	-0.103287	-0.107661	-0.0998691	
-0.141096	-0.150939	-0.163908	-0.172721	-0.174609	-0.161924	-0.144218	-0.135574	-0.12751	-0.123658	-0.128839	-0.13711	-0.131823	-0.113251	-0.104846	-0.111995	-0.113812	-0.109085	-0.108728	-0.10589	-0.103205	-0.102289	-0.105093	-0.108705	-0.100765	
-0.151792	-0.152463	-0.15843	-0.163312	-0.172195	-0.173911	-0.162862	-0.148	-0.128838	-0.120925	-0.125735	-0.132154	-0.13195	-0.12509	-0.113143	-0.107175	-0.111565	-0.111741	-0.113624	-0.11278	-0.104364	-0.102159	-0.104032	-0.104945	-0.103527	
-0.174132	-0.160714	-0.154654	-0.154718	-0.161323	-0.17671	-0.177238	-0.163762	-0.138349	-0.12476	-0.126688	-0.125421	-0.124822	-0.129032	-0.127232	-0.113015	-0.107162	-0.111252	-0.117206	-0.118079	-0.108381	-0.10371	-0.102418	-0.100213	-0.104124	
-0.212207	-0.183395	-0.159293	-0.151462	-0.150566	-0.166226	-0.178971	-0.1713	-0.150165	-0.133341	-0.13107	-0.12476	-0.121127	-0.129299	-0.136216	-0.128081	-0.113176	-0.106213	-0.111249	-0.115599	-0.110927	-0.111468	-0.107711	-0.0986276	-0.104653	
-0.259841	-0.213682	-0.174206	-0.153435	-0.147234	-0.155012	-0.171116	-0.174393	-0.164601	-0.1514	-0.14105	-0.128904	-0.122465	-0.126831	-0.133032	-0.132474	-0.125255	-0.112284	-0.104345	-0.107818	-0.110728	-0.118621	-0.120953	-0.108674	-0.105208	
-0.313258	-0.256438	-0.202219	-0.169347	-0.153688	-0.153665	-0.162036	-0.169792	-0.176407	-0.171992	-0.156227	-0.135239	-0.124509	-0.123058	-0.122921	-0.124418	-0.12879	-0.129301	-0.117483	-0.109246	-0.110212	-0.115799	-0.120245	-0.116222	-0.111554	
-0.369982	-0.316754	-0.251543	-0.203577	-0.175459	-0.15966	-0.155799	-0.154231	-0.168478	-0.17855	-0.166269	-0.144749	-0.13188	-0.12712	-0.122801	-0.122823	-0.128272	-0.136987	-0.134053	-0.121537	-0.112893	-0.108043	-0.10669	-0.109539	-0.116952	
-0.41442	-0.372047	-0.309946	-0.246601	-0.20429	-0.172654	-0.153295	-0.143463	-0.152843	-0.171935	-0.173477	-0.16177	-0.150851	-0.141153	-0.131346	-0.127756	-0.127983	-0.131403	-0.130268	-0.124849	-0.120438	-0.110967	-0.10689	-0.112363	-0.117958	
