-0.0774518	-0.0659051	-0.0410353	-0.00310101	0.046297	0.110922	0.193249	0.306417	0.438897	0.571881	0.677634	0.744639	0.770491	0.772361	0.76106	0.733906	0.689277	0.622326	0.525022	0.415905	0.3293	0.285978	0.298008	0.355618	0.440168	
-0.0659051	-0.0363705	-0.00517071	0.0368634	0.0908769	0.158395	0.238302	0.333994	0.440736	0.544085	0.626768	0.694136	0.736794	0.759486	0.762683	0.746796	0.705123	0.635992	0.529477	0.401457	0.293701	0.228676	0.214025	0.242295	0.307446	
-0.0410353	-0.00517071	0.0297273	0.0748176	0.123467	0.174079	0.238214	0.31158	0.390805	0.468806	0.540238	0.610193	0.671041	0.712519	0.731735	0.724991	0.684933	0.604843	0.482522	0.339949	0.210322	0.120883	0.0767928	0.0784735	0.122118	
-0.00310101	0.0368634	0.0748176	0.108143	0.134677	0.158817	0.193929	0.241543	0.297018	0.360271	0.429602	0.504845	0.581382	0.640569	0.668361	0.664899	0.619583	0.528611	0.393175	0.234278	0.0786772	-0.0382017	-0.108125	-0.124218	-0.0920223	
0.046297	0.0908769	0.123467	0.134677	0.132092	0.124386	0.127748	0.149187	0.182974	0.233154	0.29748	0.377862	0.469443	0.542039	0.571119	0.562418	0.512477	0.410722	0.262144	0.0852341	-0.0912221	-0.229979	-0.314867	-0.341833	-0.313451	
0.110922	0.158395	0.174079	0.158817	0.124386	0.0861653	0.0602257	0.0575978	0.0700939	0.10108	0.155249	0.237601	0.33311	0.406831	0.434294	0.424567	0.367032	0.25541	0.0940228	-0.0943702	-0.276314	-0.420167	-0.513402	-0.550938	-0.522427	
0.193249	0.238302	0.238214	0.193929	0.127748	0.0602257	0.00450144	-0.0236022	-0.0341889	-0.020714	0.0264959	0.0979438	0.180033	0.244369	0.276783	0.264694	0.200843	0.0809587	-0.0892647	-0.282192	-0.458631	-0.598982	-0.692084	-0.727687	-0.698571	
0.306417	0.333994	0.31158	0.241543	0.149187	0.0575978	-0.0236022	-0.0808514	-0.111908	-0.110246	-0.0777361	-0.0289912	0.0313882	0.0900989	0.12216	0.109039	0.0422385	-0.0790611	-0.246092	-0.439085	-0.612924	-0.749309	-0.837453	-0.867128	-0.825084	
0.438897	0.440736	0.390805	0.297018	0.182974	0.0700939	-0.0341889	-0.111908	-0.148143	-0.157323	-0.148422	-0.125409	-0.0882634	-0.0410473	-0.0106685	-0.022812	-0.0794612	-0.187787	-0.3465	-0.534181	-0.71184	-0.851395	-0.93463	-0.95189	-0.892954	
0.571881	0.544085	0.468806	0.360271	0.233154	0.10108	-0.020714	-0.110246	-0.157323	-0.184531	-0.194226	-0.188127	-0.161794	-0.123301	-0.0922634	-0.0975829	-0.141124	-0.237112	-0.384509	-0.563685	-0.742341	-0.881115	-0.957843	-0.960077	-0.88639	
0.677634	0.626768	0.540238	0.429602	0.29748	0.155249	0.0264959	-0.0777361	-0.148422	-0.194226	-0.215998	-0.209165	-0.181331	-0.134132	-0.0951937	-0.087963	-0.120437	-0.210062	-0.349475	-0.522215	-0.698286	-0.829901	-0.89736	-0.892564	-0.80443	
0.744639	0.694136	0.610193	0.504845	0.377862	0.237601	0.0979438	-0.0289912	-0.125409	-0.188127	-0.209165	-0.191837	-0.147931	-0.0840798	-0.0316068	-0.0139076	-0.0367197	-0.117978	-0.249896	-0.413155	-0.578442	-0.697468	-0.762496	-0.757176	-0.662355	
0.770491	0.736794	0.671041	0.581382	0.469443	0.33311	0.180033	0.0313882	-0.0882634	-0.161794	-0.181331	-0.147931	-0.0798332	0.00472437	0.0723447	0.103182	0.0903803	0.0201607	-0.103569	-0.255902	-0.403875	-0.512152	-0.573628	-0.567699	-0.470936	
0.772361	0.759486	0.712519	0.640569	0.542039	0.406831	0.244369	0.0900989	-0.0410473	-0.123301	-0.134132	-0.0840798	0.00472437	0.106264	0.182501	0.221842	0.223601	0.165985	0.0589119	-0.0729736	-0.201368	-0.296143	-0.351485	-0.34642	-0.253347	
0.76106	0.762683	0.731735	0.668361	0.571119	0.434294	0.276783	0.12216	-0.0106685	-0.0922634	-0.0951937	-0.0316068	0.0723447	0.182501	0.266257	0.318955	0.333926	0.293583	0.207639	0.101955	-0.00103377	-0.0809036	-0.127457	-0.121785	-0.0421563	
0.733906	0.746796	0.724991	0.664899	0.562418	0.424567	0.264694	0.109039	-0.022812	-0.0975829	-0.087963	-0.0139076	0.103182	0.221842	0.318955	0.383167	0.409196	0.382901	0.320065	0.246705	0.173372	0.112382	0.0751181	0.0763601	0.133219	
0.689277	0.705123	0.684933	0.619583	0.512477	0.367032	0.200843	0.0422385	-0.0794612	-0.141124	-0.120437	-0.0367197	0.0903803	0.223601	0.333926	0.409196	0.444984	0.434457	0.398936	0.35727	0.313539	0.274545	0.244028	0.235335	0.264772	
0.622326	0.635992	0.604843	0.528611	0.410722	0.25541	0.0809587	-0.0790611	-0.187787	-0.237112	-0.210062	-0.117978	0.0201607	0.165985	0.293583	0.382901	0.434457	0.451501	0.448333	0.438558	0.426948	0.411061	0.381467	0.362574	0.365604	
0.525022	0.529477	0.482522	0.393175	0.262144	0.0940228	-0.0892647	-0.246092	-0.3465	-0.384509	-0.349475	-0.249896	-0.103569	0.0589119	0.207639	0.320065	0.398936	0.448333	0.479855	0.506408	0.525056	0.523281	0.49503	0.462454	0.435553	
0.415905	0.401457	0.339949	0.234278	0.0852341	-0.0943702	-0.282192	-0.439085	-0.534181	-0.563685	-0.522215	-0.413155	-0.255902	-0.0729736	0.101955	0.246705	0.35727	0.438558	0.506408	0.56156	0.595242	0.603579	0.578754	0.533086	0.474678	
0.3293	0.293701	0.210322	0.0786772	-0.0912221	-0.276314	-0.458631	-0.612924	-0.71184	-0.742341	-0.698286	-0.578442	-0.403875	-0.201368	-0.00103377	0.173372	0.313539	0.426948	0.525056	0.595242	0.634733	0.64869	0.627843	0.567416	0.476706	
0.285978	0.228676	0.120883	-0.0382017	-0.229979	-0.420167	-0.598982	-0.749309	-0.851395	-0.881115	-0.829901	-0.697468	-0.512152	-0.296143	-0.0809036	0.112382	0.274545	0.411061	0.523281	0.603579	0.64869	0.661374	0.636593	0.560789	0.447546	
0.298008	0.214025	0.0767928	-0.108125	-0.314867	-0.513402	-0.692084	-0.837453	-0.93463	-0.957843	-0.89736	-0.762496	-0.573628	-0.351485	-0.127457	0.0751181	0.244028	0.381467	0.49503	0.578754	0.627843	0.636593	0.60182	0.519377	0.393518	
0.355618	0.242295	0.0784735	-0.124218	-0.341833	-0.550938	-0.727687	-0.867128	-0.95189	-0.960077	-0.892564	-0.757176	-0.567699	-0.34642	-0.121785	0.0763601	0.235335	0.362574	0.462454	0.533086	0.567416	0.560789	0.519377	0.432326	0.284925	
0.440168	0.307446	0.122118	-0.0920223	-0.313451	-0.522427	-0.698571	-0.825084	-0.892954	-0.88639	-0.80443	-0.662355	-0.470936	-0.253347	-0.0421563	0.133219	0.264772	0.365604	0.435553	0.474678	0.476706	0.447546	0.393518	0.284925	0.107375	
0.52892	0.380565	0.190231	-0.0239506	-0.239248	-0.444396	-0.60888	-0.723146	-0.769	-0.737529	-0.638703	-0.487872	-0.295694	-0.0889921	0.102852	0.247693	0.337464	0.391222	0.417696	0.41746	0.386989	0.329076	0.240612	0.0976561	-0.110863	
0.603108	0.444627	0.253476	0.0461766	-0.158564	-0.346277	-0.490857	-0.580851	-0.599125	-0.542419	-0.4284	-0.274007	-0.0872979	0.102984	0.270824	0.383003	0.427479	0.42984	0.410841	0.378989	0.323969	0.232719	0.100407	-0.08268	-0.324103	
0.664037	0.500103	0.311343	0.109725	-0.084606	-0.250963	-0.369698	-0.429821	-0.422119	-0.346646	-0.221909	-0.0596064	0.122718	0.298597	0.438957	0.517933	0.525565	0.486072	0.423685	0.358371	0.276343	0.152987	-0.0114094	-0.227675	-0.505233	
0.709458	0.542129	0.35541	0.159615	-0.0248239	-0.171554	-0.260699	-0.293427	-0.264786	-0.17678	-0.0469518	0.12146	0.30727	0.473098	0.59274	0.649309	0.628583	0.553044	0.455227	0.349716	0.23634	0.0911862	-0.101411	-0.348774	-0.652708	
0.737462	0.566123	0.380323	0.190949	0.0145885	-0.119973	-0.19362	-0.204714	-0.159948	-0.0647454	0.0655134	0.233799	0.416835	0.579422	0.695648	0.742576	0.705487	0.606531	0.479816	0.346468	0.212169	0.0486312	-0.164171	-0.435317	-0.751335	
0.7424	0.569544	0.384272	0.197178	0.0215215	-0.110634	-0.18225	-0.189851	-0.14113	-0.0442235	0.085322	0.253507	0.434043	0.597357	0.713004	0.760189	0.719054	0.61552	0.483415	0.345838	0.207597	0.0406671	-0.17584	-0.452392	-0.768123	
0.723005	0.554307	0.367848	0.174859	-0.00553633	-0.146607	-0.227682	-0.249997	-0.214344	-0.122917	0.00786347	0.176895	0.362111	0.525999	0.643306	0.69428	0.665353	0.577622	0.467118	0.348353	0.224745	0.0711684	-0.131024	-0.389645	-0.700165	
0.684139	0.518538	0.330848	0.131765	-0.0587641	-0.217091	-0.322697	-0.371816	-0.355321	-0.273849	-0.146944	0.0186505	0.202714	0.372993	0.503507	0.571475	0.567091	0.512924	0.435226	0.353676	0.258986	0.126171	-0.0499173	-0.278488	-0.568941	
0.629265	0.468025	0.276953	0.0725704	-0.127672	-0.306568	-0.442212	-0.520109	-0.527472	-0.462878	-0.344021	-0.186741	-0.00296784	0.182153	0.338239	0.436423	0.465701	0.450081	0.412897	0.368477	0.303805	0.199466	0.0526719	-0.145206	-0.400131	
0.560316	0.407332	0.216659	0.00544481	-0.205819	-0.406355	-0.563366	-0.669708	-0.704677	-0.661832	-0.55687	-0.404142	-0.213664	-0.0135134	0.16987	0.301775	0.373034	0.405398	0.413144	0.399511	0.358921	0.287819	0.180757	0.0217194	-0.198941	
0.476607	0.337359	0.148091	-0.0677234	-0.287645	-0.495714	-0.668343	-0.790264	-0.850078	-0.835474	-0.746343	-0.600506	-0.407653	-0.19421	0.00987122	0.173278	0.289694	0.373236	0.427039	0.45044	0.438369	0.399029	0.333411	0.212841	0.0223022	
0.387249	0.265286	0.0916652	-0.116692	-0.337225	-0.547181	-0.723973	-0.858857	-0.937314	-0.940226	-0.868184	-0.729852	-0.540332	-0.319789	-0.0996515	0.0911743	0.241778	0.361565	0.451118	0.510615	0.533044	0.518174	0.474141	0.380459	0.221711	
0.316027	0.21974	0.0717179	-0.120957	-0.332836	-0.536289	-0.713422	-0.857477	-0.950328	-0.967786	-0.904249	-0.770655	-0.580789	-0.358395	-0.132635	0.0700622	0.237197	0.371383	0.481613	0.562332	0.608124	0.613036	0.574704	0.491186	0.358098	
0.284257	0.216992	0.0983254	-0.0715881	-0.270129	-0.463602	-0.642616	-0.791205	-0.892261	-0.920358	-0.86507	-0.730529	-0.543358	-0.32427	-0.103684	0.0935086	0.260589	0.400135	0.51398	0.596909	0.645232	0.656696	0.627678	0.548823	0.429759	
0.305647	0.261526	0.167875	0.0258602	-0.153335	-0.33976	-0.519236	-0.671945	-0.772479	-0.803578	-0.758065	-0.632606	-0.45265	-0.243364	-0.0367084	0.147217	0.297389	0.422079	0.528199	0.602567	0.643354	0.657743	0.636652	0.568657	0.46842	
0.377345	0.354593	0.285381	0.170086	0.013404	-0.169909	-0.356848	-0.513373	-0.608943	-0.637566	-0.594937	-0.482235	-0.317591	-0.127092	0.059505	0.215971	0.339631	0.433874	0.515229	0.577622	0.614101	0.625334	0.602829	0.552317	0.479685	
0.480413	0.478318	0.425837	0.33096	0.19274	0.0201208	-0.165648	-0.322918	-0.420102	-0.452901	-0.415496	-0.312542	-0.162981	0.00776151	0.166614	0.291629	0.382456	0.44478	0.490908	0.530466	0.557138	0.560006	0.532589	0.49425	0.455165	
0.587026	0.598216	0.560119	0.479347	0.35622	0.195519	0.0180615	-0.140512	-0.246104	-0.290895	-0.260594	-0.165771	-0.0245807	0.128053	0.263546	0.360071	0.421927	0.451742	0.462307	0.466959	0.468057	0.459112	0.429928	0.405439	0.397253	
0.665628	0.68101	0.6581	0.588662	0.478301	0.328849	0.159623	-5.9391e-05	-0.116347	-0.172621	-0.149627	-0.0617857	0.07014	0.208085	0.32477	0.404607	0.445141	0.444952	0.42207	0.392287	0.361047	0.331965	0.302099	0.2899	0.308711	
0.718644	0.733422	0.713065	0.652236	0.548357	0.40839	0.245728	0.0885741	-0.0396394	-0.11004	-0.0950173	-0.016697	0.104178	0.228832	0.330838	0.399313	0.429673	0.408241	0.355449	0.295224	0.233502	0.18126	0.146584	0.144378	0.190427	
0.751888	0.759018	0.732593	0.671207	0.572	0.434671	0.277389	0.12281	-0.0104725	-0.0896457	-0.0884323	-0.0203955	0.0888893	0.201578	0.290097	0.348128	0.36814	0.334103	0.256779	0.163426	0.0728665	9.53773e-05	-0.0426358	-0.0383376	0.034044	
0.769644	0.762184	0.723067	0.655794	0.559234	0.423279	0.262142	0.107349	-0.024641	-0.108582	-0.115591	-0.0597918	0.0361022	0.141926	0.220458	0.26425	0.272023	0.221007	0.122346	-0.00010629	-0.119834	-0.208108	-0.260616	-0.255183	-0.166909	
0.773107	0.748527	0.690026	0.608179	0.5028	0.367321	0.208535	0.0565504	-0.0693294	-0.146903	-0.16368	-0.123237	-0.0464799	0.0459274	0.118334	0.152345	0.144866	0.0796719	-0.0387341	-0.184409	-0.324421	-0.428665	-0.487026	-0.481203	-0.38526	
0.759213	0.713603	0.636	0.536309	0.414295	0.276	0.130929	-0.00623711	-0.11276	-0.180018	-0.200389	-0.177977	-0.124082	-0.0526247	0.00608308	0.0299129	0.0107392	-0.0668696	-0.195885	-0.354784	-0.513629	-0.627856	-0.69251	-0.687208	-0.590329	
0.709439	0.655833	0.569227	0.458585	0.327753	0.185067	0.0525251	-0.0591672	-0.140305	-0.193816	-0.216384	-0.206221	-0.173564	-0.120324	-0.0760924	-0.0648488	-0.092885	-0.179456	-0.316809	-0.486196	-0.658042	-0.785475	-0.851518	-0.846087	-0.754895	
