-0.113741	-0.0710635	-0.0271456	0.000697491	-0.00135578	-0.0284715	-0.0607313	-0.0989294	-0.13504	-0.158571	-0.176939	-0.198982	-0.232395	-0.268577	-0.316851	-0.379107	-0.453854	-0.532071	-0.592206	-0.627744	-0.63454	-0.600595	-0.522407	-0.397061	-0.230472	
-0.0710635	-0.0555065	-0.0246792	0.00530951	0.00871072	-0.00779242	-0.0337462	-0.068374	-0.103827	-0.134267	-0.161686	-0.187347	-0.219623	-0.271542	-0.343539	-0.438286	-0.551412	-0.664598	-0.745152	-0.789539	-0.787824	-0.744648	-0.649617	-0.501525	-0.323889	
-0.0271456	-0.0246792	-0.0132263	0.0110975	0.010726	-0.00942918	-0.0331679	-0.0562073	-0.093312	-0.13508	-0.17107	-0.200434	-0.23555	-0.293187	-0.37963	-0.494233	-0.635449	-0.770855	-0.867974	-0.920983	-0.921855	-0.870381	-0.76018	-0.596331	-0.408114	
0.000697491	0.00530951	0.0110975	0.0184137	0.00498522	-0.0225491	-0.0436528	-0.0640423	-0.103532	-0.149953	-0.19581	-0.237988	-0.276466	-0.331149	-0.416761	-0.542307	-0.695878	-0.841437	-0.955557	-1.01365	-1.01378	-0.952596	-0.828644	-0.653975	-0.458944	
-0.00135578	0.00871072	0.010726	0.00498522	-0.00957865	-0.0337286	-0.0540315	-0.0868193	-0.127612	-0.179311	-0.233854	-0.285406	-0.329409	-0.378911	-0.459007	-0.581406	-0.735018	-0.883657	-1.00108	-1.06105	-1.0517	-0.976759	-0.839462	-0.662216	-0.467797	
-0.0284715	-0.00779242	-0.00942918	-0.0225491	-0.0337286	-0.0521973	-0.0794546	-0.125819	-0.172785	-0.225188	-0.279611	-0.331026	-0.376157	-0.423067	-0.500473	-0.613724	-0.750125	-0.883171	-0.980764	-1.03037	-1.01517	-0.936585	-0.798709	-0.623287	-0.430871	
-0.0607313	-0.0337462	-0.0331679	-0.0436528	-0.0540315	-0.0794546	-0.127493	-0.184065	-0.236179	-0.289572	-0.334482	-0.372153	-0.404834	-0.448484	-0.515346	-0.608498	-0.718833	-0.826561	-0.89562	-0.922526	-0.90505	-0.830943	-0.696279	-0.529228	-0.348721	
-0.0989294	-0.068374	-0.0562073	-0.0640423	-0.0868193	-0.125819	-0.184065	-0.250222	-0.310863	-0.359457	-0.385246	-0.391537	-0.400964	-0.425658	-0.472314	-0.545209	-0.635257	-0.717211	-0.760499	-0.76756	-0.750129	-0.681802	-0.561139	-0.410143	-0.24475	
-0.13504	-0.103827	-0.093312	-0.103532	-0.127612	-0.172785	-0.236179	-0.310863	-0.374726	-0.412771	-0.420295	-0.39975	-0.377059	-0.369402	-0.383324	-0.427888	-0.492098	-0.553568	-0.58649	-0.589377	-0.570311	-0.508998	-0.410211	-0.285022	-0.139578	
-0.158571	-0.134267	-0.13508	-0.149953	-0.179311	-0.225188	-0.289572	-0.359457	-0.412771	-0.43535	-0.424934	-0.37887	-0.32179	-0.273921	-0.251988	-0.26531	-0.303751	-0.347465	-0.382357	-0.395513	-0.379504	-0.337348	-0.270373	-0.177182	-0.0548639	
-0.176939	-0.161686	-0.17107	-0.19581	-0.233854	-0.279611	-0.334482	-0.385246	-0.420295	-0.424934	-0.392598	-0.318674	-0.226356	-0.142378	-0.0935925	-0.084148	-0.103743	-0.139338	-0.183348	-0.207207	-0.20816	-0.199131	-0.167029	-0.104058	-0.00396892	
-0.198982	-0.187347	-0.200434	-0.237988	-0.285406	-0.331026	-0.372153	-0.391537	-0.39975	-0.37887	-0.318674	-0.219424	-0.10197	0.00650922	0.0830579	0.111214	0.0953692	0.0516602	-0.00709819	-0.051557	-0.0842222	-0.107037	-0.107789	-0.0715558	0.00862733	
-0.232395	-0.219623	-0.23555	-0.276466	-0.329409	-0.376157	-0.404834	-0.400964	-0.377059	-0.32179	-0.226356	-0.10197	0.0351169	0.161174	0.261515	0.301179	0.283239	0.225948	0.14677	0.0691933	0.0044429	-0.0473414	-0.0780857	-0.0715916	-0.0155639	
-0.268577	-0.271542	-0.293187	-0.331149	-0.378911	-0.423067	-0.448484	-0.425658	-0.369402	-0.273921	-0.142378	0.00650922	0.161174	0.306404	0.413344	0.461877	0.446639	0.37633	0.269402	0.162042	0.0687641	-0.00748191	-0.0621947	-0.0856808	-0.0610464	
-0.316851	-0.343539	-0.37963	-0.416761	-0.459007	-0.500473	-0.515346	-0.472314	-0.383324	-0.251988	-0.0935925	0.0830579	0.261515	0.413344	0.522707	0.574344	0.556536	0.47386	0.349734	0.223448	0.108315	0.0178115	-0.0536691	-0.0966752	-0.0895467	
-0.379107	-0.438286	-0.494233	-0.542307	-0.581406	-0.613724	-0.608498	-0.545209	-0.427888	-0.26531	-0.084148	0.111214	0.301179	0.461877	0.574344	0.623207	0.598389	0.509629	0.386075	0.257516	0.138888	0.0402251	-0.0321343	-0.0714148	-0.0775882	
-0.453854	-0.551412	-0.635449	-0.695878	-0.735018	-0.750125	-0.718833	-0.635257	-0.492098	-0.303751	-0.103743	0.0953692	0.283239	0.446639	0.556536	0.598389	0.571879	0.493846	0.393276	0.282947	0.171291	0.0784407	0.0215703	-0.010517	-0.0246343	
-0.532071	-0.664598	-0.770855	-0.841437	-0.883657	-0.883171	-0.826561	-0.717211	-0.553568	-0.347465	-0.139338	0.0516602	0.225948	0.37633	0.47386	0.509629	0.493846	0.444476	0.377632	0.297196	0.207971	0.136315	0.0955461	0.0658855	0.0441271	
-0.592206	-0.745152	-0.867974	-0.955557	-1.00108	-0.980764	-0.89562	-0.760499	-0.58649	-0.382357	-0.183348	-0.00709819	0.14677	0.269402	0.349734	0.386075	0.393276	0.377632	0.347063	0.304298	0.249519	0.202552	0.16806	0.137733	0.111462	
-0.627744	-0.789539	-0.920983	-1.01365	-1.06105	-1.03037	-0.922526	-0.76756	-0.589377	-0.395513	-0.207207	-0.051557	0.0691933	0.162042	0.223448	0.257516	0.282947	0.297196	0.304298	0.307937	0.292231	0.26195	0.227303	0.193785	0.16645	
-0.63454	-0.787824	-0.921855	-1.01378	-1.0517	-1.01517	-0.90505	-0.750129	-0.570311	-0.379504	-0.20816	-0.0842222	0.0044429	0.0687641	0.108315	0.138888	0.171291	0.207971	0.249519	0.292231	0.309017	0.296611	0.266607	0.228013	0.193418	
-0.600595	-0.744648	-0.870381	-0.952596	-0.976759	-0.936585	-0.830943	-0.681802	-0.508998	-0.337348	-0.199131	-0.107037	-0.0473414	-0.00748191	0.0178115	0.0402251	0.0784407	0.136315	0.202552	0.26195	0.296611	0.300125	0.276444	0.233983	0.187018	
-0.522407	-0.649617	-0.76018	-0.828644	-0.839462	-0.798709	-0.696279	-0.561139	-0.410211	-0.270373	-0.167029	-0.107789	-0.0780857	-0.0621947	-0.0536691	-0.0321343	0.0215703	0.0955461	0.16806	0.227303	0.266607	0.276444	0.258962	0.21149	0.14789	
-0.397061	-0.501525	-0.596331	-0.653975	-0.662216	-0.623287	-0.529228	-0.410143	-0.285022	-0.177182	-0.104058	-0.0715558	-0.0715916	-0.0856808	-0.0966752	-0.0714148	-0.010517	0.0658855	0.137733	0.193785	0.228013	0.233983	0.21149	0.153574	0.074821	
-0.230472	-0.323889	-0.408114	-0.458944	-0.467797	-0.430871	-0.348721	-0.24475	-0.139578	-0.0548639	-0.00396892	0.00862733	-0.0155639	-0.0610464	-0.0895467	-0.0775882	-0.0246343	0.0441271	0.111462	0.16645	0.193418	0.187018	0.14789	0.074821	-0.0249422	
-0.053855	-0.137115	-0.2069	-0.246681	-0.254483	-0.225865	-0.161844	-0.0686871	0.0226731	0.0936689	0.12746	0.120292	0.0738314	0.0102419	-0.0448347	-0.0580717	-0.0232983	0.0323997	0.0917547	0.140058	0.154682	0.133417	0.0748	-0.0222113	-0.155894	
0.110985	0.0451733	-0.00758758	-0.0307947	-0.0312581	-0.00403976	0.0472324	0.127618	0.206865	0.261251	0.275569	0.250728	0.191708	0.10771	0.0278407	-0.0189068	-0.012283	0.0300742	0.0795344	0.116306	0.11406	0.076245	-0.00717142	-0.138571	-0.310737	
0.249289	0.19813	0.160952	0.15313	0.171421	0.211841	0.263464	0.332394	0.394502	0.430471	0.423689	0.379194	0.306499	0.210356	0.109825	0.0378083	0.0153129	0.0355388	0.0694766	0.0897244	0.0727484	0.013667	-0.0972062	-0.2615	-0.472	
0.347561	0.300573	0.278049	0.282939	0.319582	0.374595	0.433856	0.498761	0.545641	0.565111	0.545306	0.487997	0.398949	0.289794	0.181927	0.0924298	0.0462863	0.0438411	0.0588354	0.0633529	0.0337789	-0.0470413	-0.185553	-0.37343	-0.608623	
0.393602	0.350154	0.331536	0.342149	0.390593	0.458638	0.530906	0.596652	0.636608	0.6467	0.61826	0.551807	0.455127	0.340641	0.228929	0.134557	0.071491	0.0494827	0.048657	0.0433324	0.00718233	-0.0891183	-0.244382	-0.445681	-0.690906	
0.399805	0.358917	0.340369	0.34973	0.399107	0.47174	0.548502	0.613573	0.652369	0.660486	0.629858	0.562562	0.46579	0.349513	0.236602	0.143082	0.0759972	0.050198	0.0476171	0.039764	0.00168576	-0.0963937	-0.25469	-0.458794	-0.705227	
0.37229	0.326005	0.306195	0.315457	0.357804	0.417813	0.481289	0.546381	0.590314	0.605166	0.581413	0.519845	0.425699	0.314087	0.204924	0.111653	0.0581545	0.046552	0.0540039	0.0541791	0.021688	-0.0668907	-0.214157	-0.408328	-0.649733	
0.293945	0.246035	0.215416	0.212066	0.238415	0.285888	0.340141	0.406269	0.460663	0.490007	0.476742	0.426389	0.346781	0.245635	0.140802	0.0605772	0.0275028	0.0386186	0.0649119	0.0784453	0.0558192	-0.011644	-0.133968	-0.30897	-0.531336	
0.170688	0.111305	0.0649102	0.0483619	0.0544835	0.0857749	0.13501	0.210646	0.283797	0.330566	0.336179	0.303794	0.239634	0.150471	0.0607841	0.00272915	-0.00320153	0.0311733	0.0757801	0.106301	0.097609	0.0516747	-0.0423557	-0.187757	-0.376175	
0.0139893	-0.0618343	-0.124877	-0.158963	-0.165484	-0.139165	-0.0803358	0.00685776	0.0938611	0.158799	0.185476	0.170727	0.118901	0.0460604	-0.0183938	-0.0449537	-0.0196414	0.030709	0.0860489	0.130165	0.13857	0.111044	0.0435359	-0.066202	-0.215525	
-0.159593	-0.250559	-0.329125	-0.376475	-0.384934	-0.350991	-0.275612	-0.174947	-0.0769431	0.00109408	0.045467	0.0502328	0.0165682	-0.0364998	-0.0756279	-0.0721227	-0.0258869	0.0378485	0.102693	0.155775	0.178758	0.166294	0.119434	0.037463	-0.0735667	
-0.333897	-0.431938	-0.522631	-0.577934	-0.585683	-0.547076	-0.457563	-0.345674	-0.229325	-0.131224	-0.0679875	-0.0441311	-0.0542512	-0.0828612	-0.0996788	-0.0776066	-0.0179977	0.0565348	0.126269	0.182306	0.213701	0.215623	0.187666	0.124373	0.0383564	
-0.478161	-0.595604	-0.699811	-0.762775	-0.771928	-0.731731	-0.631523	-0.50287	-0.362875	-0.236738	-0.146513	-0.0991948	-0.0816163	-0.0758629	-0.076126	-0.0521135	0.00602606	0.0827018	0.156243	0.213584	0.251284	0.260649	0.243049	0.191953	0.122014	
-0.574193	-0.713466	-0.833528	-0.910674	-0.929013	-0.887888	-0.783553	-0.638975	-0.473536	-0.313394	-0.189211	-0.109802	-0.0622153	-0.0324358	-0.012265	0.00760627	0.0516665	0.117451	0.18741	0.248183	0.286342	0.294103	0.27305	0.229274	0.175559	
-0.627364	-0.776123	-0.907439	-0.996419	-1.02915	-0.99156	-0.883605	-0.729685	-0.551378	-0.365675	-0.206831	-0.0951529	-0.0186643	0.0360993	0.0683595	0.0963713	0.130361	0.174922	0.228129	0.281079	0.307106	0.301626	0.273884	0.233477	0.194452	
-0.633453	-0.794168	-0.92764	-1.02078	-1.0661	-1.0323	-0.920956	-0.764459	-0.584844	-0.39233	-0.209263	-0.0649775	0.042197	0.12259	0.175574	0.208936	0.237701	0.261715	0.283321	0.304341	0.303258	0.280058	0.245949	0.210689	0.18154	
-0.609904	-0.767811	-0.894968	-0.985526	-1.0327	-1.00746	-0.91137	-0.766584	-0.589984	-0.390557	-0.196319	-0.0281131	0.113851	0.225201	0.298442	0.33369	0.350018	0.346959	0.331252	0.307115	0.268232	0.22772	0.193592	0.162709	0.135866	
-0.558973	-0.700858	-0.814525	-0.892927	-0.936115	-0.927369	-0.859702	-0.739961	-0.571442	-0.363388	-0.156937	0.0290214	0.195892	0.335946	0.427048	0.462655	0.454576	0.419178	0.3672	0.300319	0.223034	0.162777	0.126065	0.095693	0.0718575	
-0.485965	-0.599356	-0.693399	-0.756745	-0.796791	-0.805781	-0.764653	-0.671215	-0.518401	-0.3211	-0.116309	0.0803089	0.263819	0.424714	0.530767	0.569657	0.545542	0.477074	0.388972	0.290256	0.185991	0.0996322	0.0498169	0.0197668	0.00201937	
-0.407357	-0.480291	-0.548812	-0.602236	-0.641354	-0.666583	-0.65037	-0.580094	-0.452904	-0.279217	-0.0892709	0.109521	0.300292	0.46264	0.575198	0.621995	0.595482	0.508459	0.392303	0.268487	0.151127	0.0533022	-0.0139328	-0.0506013	-0.0598997	
-0.340017	-0.379616	-0.422002	-0.462296	-0.502527	-0.541755	-0.550685	-0.497983	-0.396665	-0.253209	-0.0854548	0.100287	0.285436	0.440824	0.551755	0.601945	0.581589	0.495199	0.368322	0.239203	0.12106	0.0254756	-0.0484451	-0.0914548	-0.0904019	
-0.286893	-0.297655	-0.323906	-0.361145	-0.406381	-0.449425	-0.470941	-0.441498	-0.372367	-0.261104	-0.118262	0.0424054	0.206458	0.355168	0.46264	0.513713	0.498408	0.422636	0.307819	0.190477	0.0860598	0.00393397	-0.0585856	-0.0919204	-0.0762305	
-0.245175	-0.238155	-0.255468	-0.294927	-0.346674	-0.393504	-0.42094	-0.408597	-0.371857	-0.300908	-0.189522	-0.0563957	0.087104	0.222144	0.326618	0.37068	0.352822	0.291036	0.200326	0.109775	0.0337799	-0.0292917	-0.0704853	-0.0758737	-0.0332435	
-0.211893	-0.198217	-0.213224	-0.253254	-0.304452	-0.350073	-0.384945	-0.393686	-0.389038	-0.355928	-0.282302	-0.172786	-0.0473107	0.0677545	0.156005	0.189405	0.172446	0.123209	0.0570066	0.000357428	-0.0458423	-0.0799148	-0.0932878	-0.0689031	0.00306083	
-0.184558	-0.172015	-0.182776	-0.213323	-0.254431	-0.300371	-0.350419	-0.38876	-0.414435	-0.4102	-0.367166	-0.282726	-0.178896	-0.0830682	-0.0249575	-0.00750144	-0.0234543	-0.0612048	-0.109816	-0.140413	-0.152642	-0.157342	-0.138768	-0.0861909	0.00569416	
