-0.046276	-0.0458285	-0.0443699	-0.0447882	-0.043513	-0.0443099	-0.0438597	-0.0446639	-0.0450977	-0.0460276	-0.0467671	-0.0482243	-0.04874	-0.050649	-0.0514551	-0.0530745	-0.0552547	-0.0571081	-0.0601763	-0.0648593	-0.0680092	-0.0748995	-0.0791222	-0.0843108	-0.085194	
-0.0589227	-0.0564614	-0.0570808	-0.0550671	-0.0558316	-0.055077	-0.0555687	-0.0563797	-0.0563479	-0.0587196	-0.0581276	-0.0614164	-0.0608115	-0.0636167	-0.0636047	-0.0651654	-0.0648086	-0.0663396	-0.0642678	-0.0664978	-0.0651117	-0.0675187	-0.0697154	-0.0748522	-0.0802139	
-0.0556372	-0.0537623	-0.0546824	-0.0525021	-0.0540544	-0.0525695	-0.0536381	-0.053671	-0.0539274	-0.0553336	-0.0555722	-0.0573629	-0.0586999	-0.0602729	-0.0624991	-0.0646169	-0.0662107	-0.0690142	-0.0699327	-0.0709047	-0.0721114	-0.0703167	-0.0714688	-0.0688586	-0.0732067	
-0.0562366	-0.0576741	-0.0559239	-0.0576804	-0.0560884	-0.057324	-0.056455	-0.0567423	-0.057009	-0.0559848	-0.0576709	-0.0555302	-0.058131	-0.0562212	-0.0586419	-0.0582651	-0.0607259	-0.0612287	-0.0652829	-0.0655345	-0.0707048	-0.0704922	-0.0743502	-0.0735788	-0.0726408	
-0.0592272	-0.0603921	-0.0583073	-0.0602936	-0.0581179	-0.0598745	-0.0588401	-0.0593606	-0.0599915	-0.0591995	-0.0608125	-0.0596201	-0.0608576	-0.0601693	-0.0604926	-0.0601163	-0.0604122	-0.0599156	-0.0611054	-0.0612447	-0.0634541	-0.065996	-0.0672971	-0.0735551	-0.0730255	
-0.0564863	-0.0554699	-0.0557582	-0.0547264	-0.0552514	-0.0546654	-0.0551638	-0.0551802	-0.0555479	-0.056361	-0.0564308	-0.0581625	-0.0578839	-0.0602353	-0.0597061	-0.0619806	-0.0613552	-0.0625695	-0.0622754	-0.0623336	-0.0615499	-0.0636688	-0.0620331	-0.0655247	-0.0703865	
-0.0528262	-0.0528751	-0.0528389	-0.0523802	-0.0529268	-0.0521722	-0.0529318	-0.0522058	-0.0528992	-0.0525318	-0.0529108	-0.05343	-0.0532655	-0.0550616	-0.0549191	-0.0569946	-0.0587026	-0.0592943	-0.0624488	-0.0633154	-0.0631159	-0.0656809	-0.0643172	-0.0623583	-0.0646753	
-0.0544952	-0.0544671	-0.0547134	-0.0541347	-0.0551269	-0.053859	-0.0553993	-0.0540359	-0.0551428	-0.0547929	-0.0543042	-0.0555012	-0.0536993	-0.0548578	-0.0544233	-0.053152	-0.0555128	-0.054342	-0.0552145	-0.0598539	-0.0581788	-0.062994	-0.066745	-0.06543	-0.0666771	
-0.0554628	-0.0519965	-0.0540765	-0.0518907	-0.0530047	-0.0524209	-0.0520925	-0.053722	-0.0515802	-0.0552371	-0.052424	-0.055819	-0.0552572	-0.0553453	-0.0580535	-0.0561247	-0.0569721	-0.0589042	-0.0540642	-0.0579572	-0.0569902	-0.0540274	-0.0608308	-0.0617867	-0.0611253	
-0.0505478	-0.047919	-0.0492405	-0.0489402	-0.047779	-0.0501201	-0.0468987	-0.05061	-0.0472994	-0.0498709	-0.0492844	-0.0486017	-0.0516774	-0.0494906	-0.052341	-0.0543346	-0.0524534	-0.0587197	-0.0571442	-0.0573039	-0.0626532	-0.0578427	-0.0574193	-0.0629889	-0.0575946	
-0.0504575	-0.0515232	-0.0513447	-0.0513036	-0.0513227	-0.0514736	-0.0514378	-0.0511317	-0.0522558	-0.0502707	-0.052959	-0.0501349	-0.0518056	-0.05182	-0.0489965	-0.0533932	-0.0490553	-0.0516089	-0.0544602	-0.0513845	-0.0572589	-0.0599274	-0.0572058	-0.0614023	-0.0666046	
-0.0475258	-0.051945	-0.0483442	-0.0493942	-0.0497395	-0.0475275	-0.051102	-0.0466687	-0.0521866	-0.0472626	-0.0523671	-0.0498462	-0.051552	-0.053132	-0.0518686	-0.0533676	-0.0552463	-0.0502967	-0.0568521	-0.0513338	-0.0528205	-0.055473	-0.056228	-0.0544771	-0.0627502	
-0.0449663	-0.0487061	-0.0448476	-0.0476123	-0.0464487	-0.0458501	-0.0481612	-0.0448491	-0.0486845	-0.0455119	-0.0478497	-0.0473331	-0.047506	-0.048204	-0.0502671	-0.0476339	-0.054493	-0.0500385	-0.0546856	-0.0559259	-0.0536811	-0.0556714	-0.0562738	-0.0546758	-0.0562113	
-0.0500554	-0.0480585	-0.0488429	-0.0488611	-0.0480886	-0.0492511	-0.0476412	-0.0497405	-0.0471887	-0.0502876	-0.0471698	-0.0499469	-0.0482953	-0.0483854	-0.0496308	-0.0477165	-0.0491591	-0.04978	-0.0490458	-0.0523764	-0.0530246	-0.0550965	-0.0567131	-0.056779	-0.057436	
-0.0476549	-0.0466954	-0.0465619	-0.0465853	-0.0458906	-0.0467349	-0.0458068	-0.0470011	-0.0463157	-0.0474108	-0.0473103	-0.0481417	-0.0485618	-0.0492233	-0.0499945	-0.0499608	-0.0514312	-0.0500472	-0.0509707	-0.0511559	-0.0489608	-0.0519682	-0.0533438	-0.0538355	-0.0568847	
-0.0460944	-0.0444271	-0.0453572	-0.0449614	-0.0449265	-0.0453328	-0.0445484	-0.0458711	-0.043993	-0.046605	-0.0437492	-0.0467974	-0.0450062	-0.0459244	-0.0477738	-0.0461869	-0.0491614	-0.0509259	-0.0486041	-0.0552537	-0.0521996	-0.0520313	-0.054343	-0.0533179	-0.0488627	
-0.0486873	-0.0454902	-0.0472893	-0.0467088	-0.0455363	-0.0480927	-0.0443249	-0.0489842	-0.0442553	-0.0487592	-0.0456659	-0.0473472	-0.0475874	-0.0464153	-0.0473778	-0.048035	-0.0447484	-0.0498867	-0.0453753	-0.0485879	-0.0505711	-0.0512954	-0.0526086	-0.0579736	-0.0546751	
-0.0453292	-0.0435371	-0.0449263	-0.0435702	-0.0440365	-0.0442535	-0.0434874	-0.0448006	-0.0437862	-0.0450963	-0.0447412	-0.0458035	-0.0456003	-0.0476706	-0.0461044	-0.0500102	-0.0472249	-0.0509584	-0.0489081	-0.0503932	-0.0493228	-0.0493845	-0.0498111	-0.051002	-0.0523071	
-0.0446339	-0.0435521	-0.0449376	-0.0434619	-0.0446721	-0.0438516	-0.0441749	-0.0442678	-0.0439079	-0.0443469	-0.0440687	-0.0441658	-0.0444066	-0.0443931	-0.0444567	-0.0458008	-0.0446368	-0.047843	-0.0471196	-0.0487812	-0.0518272	-0.0505513	-0.0518165	-0.054685	-0.0502198	
-0.045411	-0.0446595	-0.0452016	-0.0444293	-0.0447442	-0.0446679	-0.0445498	-0.0449417	-0.0449357	-0.0451043	-0.0457195	-0.0455151	-0.046091	-0.0467863	-0.0453791	-0.0484351	-0.0447877	-0.0481863	-0.0464976	-0.0464656	-0.0483417	-0.0491652	-0.0485042	-0.0530645	-0.0543144	
-0.0423746	-0.0423115	-0.0430718	-0.0414053	-0.0431699	-0.0413596	-0.0430494	-0.0415497	-0.0432155	-0.0418108	-0.0435316	-0.0428018	-0.0434383	-0.045044	-0.0434629	-0.0471256	-0.0457052	-0.0470124	-0.0494799	-0.0468779	-0.0498236	-0.0490178	-0.048894	-0.0498233	-0.0523454	
-0.0429933	-0.044776	-0.0438078	-0.0437321	-0.0447792	-0.0428784	-0.0454412	-0.0425624	-0.0455678	-0.0429318	-0.0450275	-0.043826	-0.0441821	-0.0444477	-0.0440222	-0.0442386	-0.0449506	-0.0444715	-0.0464798	-0.0465224	-0.0486658	-0.0497701	-0.0495777	-0.0517515	-0.0512304	
-0.0428487	-0.0428146	-0.0427721	-0.0420298	-0.0425924	-0.0419242	-0.0425357	-0.0421372	-0.0429342	-0.0424787	-0.0437592	-0.0433242	-0.044379	-0.0452494	-0.044458	-0.0471551	-0.0455114	-0.046152	-0.0480252	-0.0443394	-0.0472669	-0.0477688	-0.0470475	-0.0495806	-0.0555505	
-0.0404164	-0.0435875	-0.0417011	-0.0421441	-0.0432699	-0.0408373	-0.0443698	-0.0401729	-0.0445799	-0.0405758	-0.0436003	-0.0420776	-0.0421815	-0.0433198	-0.0426955	-0.042798	-0.0459482	-0.0430819	-0.0481484	-0.0474311	-0.0482782	-0.0495941	-0.0494202	-0.0474228	-0.049468	
-0.0432934	-0.0435965	-0.0429242	-0.0429056	-0.0429224	-0.0425428	-0.0430256	-0.0426893	-0.0432418	-0.0431491	-0.0438017	-0.0436203	-0.0446555	-0.0441687	-0.0451094	-0.0448155	-0.045062	-0.0442835	-0.0457752	-0.0433122	-0.0461746	-0.0473785	-0.0476303	-0.0507208	-0.0551059	
-0.0396872	-0.0426402	-0.0404467	-0.0414215	-0.0416782	-0.0402753	-0.0427534	-0.0396237	-0.043239	-0.039969	-0.0427404	-0.0415698	-0.0417843	-0.0433114	-0.0426308	-0.0433634	-0.0463441	-0.0435041	-0.0485554	-0.0473326	-0.0470227	-0.0485951	-0.048092	-0.0449162	-0.0502863	
-0.0426402	-0.0434724	-0.0425758	-0.0427092	-0.0429617	-0.0420935	-0.0432324	-0.0420798	-0.0432194	-0.0425531	-0.043238	-0.0429509	-0.0437487	-0.0428567	-0.044559	-0.0426233	-0.0449239	-0.0426989	-0.0452216	-0.0436849	-0.0462058	-0.0475411	-0.0486929	-0.0499561	-0.0528474	
-0.0404467	-0.0425758	-0.0404342	-0.041724	-0.041184	-0.0408244	-0.0421001	-0.0403614	-0.0427001	-0.04077	-0.0426787	-0.0421354	-0.0424414	-0.0435384	-0.0434488	-0.0436906	-0.046134	-0.043856	-0.0473133	-0.0464937	-0.0458357	-0.0475195	-0.0473779	-0.0454581	-0.0514053	
-0.0414215	-0.0427092	-0.041724	-0.0418608	-0.042351	-0.04113	-0.0427381	-0.0409293	-0.0427085	-0.0412705	-0.0424733	-0.0418162	-0.0425931	-0.0420597	-0.0435672	-0.0419051	-0.045114	-0.0422446	-0.0461496	-0.0445445	-0.0464346	-0.0477996	-0.0487345	-0.0476647	-0.0512119	
-0.0416782	-0.0429617	-0.041184	-0.042351	-0.04165	-0.0416157	-0.0423891	-0.0413961	-0.0428592	-0.0419905	-0.0429568	-0.0430621	-0.0432029	-0.0436436	-0.0443058	-0.0433161	-0.0456727	-0.0435946	-0.0456081	-0.0455076	-0.0452978	-0.0468475	-0.0477383	-0.0475004	-0.0519246	
-0.0402753	-0.0420935	-0.0408244	-0.04113	-0.0416157	-0.0402855	-0.0421673	-0.0398607	-0.0423073	-0.0400324	-0.0420373	-0.0408579	-0.041809	-0.0418727	-0.0427823	-0.0422003	-0.0455219	-0.042516	-0.047495	-0.0454508	-0.0465201	-0.0480616	-0.0480849	-0.0453626	-0.0504617	
-0.0427534	-0.0432324	-0.0421001	-0.0427381	-0.0423891	-0.0421673	-0.0428997	-0.0422097	-0.0431418	-0.0429747	-0.0432415	-0.0437721	-0.0438075	-0.0436659	-0.0449086	-0.0429679	-0.0452569	-0.0432482	-0.0445382	-0.0445308	-0.0453595	-0.0465863	-0.048309	-0.0495079	-0.0525077	
-0.0396237	-0.0420798	-0.0403614	-0.0409293	-0.0413961	-0.0398607	-0.0422097	-0.0392029	-0.0425176	-0.0393349	-0.0420928	-0.0405592	-0.0414044	-0.0421856	-0.0423253	-0.04263	-0.0459399	-0.0428314	-0.0483929	-0.0463581	-0.0466664	-0.0484099	-0.0478342	-0.0441676	-0.0499352	
-0.043239	-0.0432194	-0.0427001	-0.0427085	-0.0428592	-0.0423073	-0.0431418	-0.0425176	-0.043288	-0.0432455	-0.0435629	-0.0438147	-0.044341	-0.0436944	-0.0451836	-0.0433488	-0.0450974	-0.0433302	-0.0447854	-0.0436852	-0.0457154	-0.0467097	-0.0481905	-0.0504996	-0.0536025	
-0.039969	-0.0425531	-0.04077	-0.0412705	-0.0419905	-0.0400324	-0.0429747	-0.0393349	-0.0432455	-0.0396974	-0.0424768	-0.0412968	-0.0414077	-0.0429316	-0.0423577	-0.0429017	-0.0460813	-0.0431018	-0.0482801	-0.0469607	-0.0471866	-0.0486818	-0.0484545	-0.0449425	-0.0497142	
-0.0427404	-0.043238	-0.0426787	-0.0424733	-0.0429568	-0.0420373	-0.0432415	-0.0420928	-0.0435629	-0.0424768	-0.044058	-0.0430303	-0.0445675	-0.0437982	-0.0447807	-0.0443978	-0.0452516	-0.043772	-0.046423	-0.0436269	-0.0462219	-0.0474312	-0.0476139	-0.0499875	-0.0542872	
-0.0415698	-0.0429509	-0.0421354	-0.0418162	-0.0430621	-0.0408579	-0.0437721	-0.0405592	-0.0438147	-0.0412968	-0.0430303	-0.042881	-0.0422737	-0.0440118	-0.0432233	-0.0437469	-0.0457593	-0.0440272	-0.0473764	-0.0465668	-0.04806	-0.0485766	-0.0489792	-0.047784	-0.0509535	
-0.0417843	-0.0437487	-0.0424414	-0.0425931	-0.0432029	-0.041809	-0.0438075	-0.0414044	-0.044341	-0.0414077	-0.0445675	-0.0422737	-0.0440562	-0.0440763	-0.0436194	-0.0451089	-0.0454416	-0.0441575	-0.0481209	-0.0451107	-0.0471805	-0.0487106	-0.0481321	-0.0491485	-0.0529803	
-0.0433114	-0.0428567	-0.0435384	-0.0420597	-0.0436436	-0.0418727	-0.0436659	-0.0421856	-0.0436944	-0.0429316	-0.0437982	-0.0440118	-0.0440763	-0.0452257	-0.044521	-0.0462687	-0.045291	-0.0462611	-0.0472647	-0.0454385	-0.048747	-0.0484019	-0.048027	-0.0505228	-0.0538479	
-0.0426308	-0.044559	-0.0434488	-0.0435672	-0.0443058	-0.0427823	-0.0449086	-0.0423253	-0.0451836	-0.0423577	-0.0447807	-0.0432233	-0.0436194	-0.044521	-0.0431219	-0.0448537	-0.0449838	-0.0448323	-0.0475037	-0.0472377	-0.0489602	-0.0496935	-0.0503725	-0.0512582	-0.0505192	
-0.0433634	-0.0426233	-0.0436906	-0.0419051	-0.0433161	-0.0422003	-0.0429679	-0.04263	-0.0433488	-0.0429017	-0.0443978	-0.0437469	-0.0451089	-0.0462687	-0.0448537	-0.0493411	-0.045674	-0.0489001	-0.049092	-0.0462355	-0.0490734	-0.0489779	-0.0471243	-0.0502754	-0.0547946	
-0.0463441	-0.0449239	-0.046134	-0.045114	-0.0456727	-0.0455219	-0.0452569	-0.0459399	-0.0450974	-0.0460813	-0.0452516	-0.0457593	-0.0454416	-0.045291	-0.0449838	-0.045674	-0.0438481	-0.0471044	-0.0449759	-0.0476515	-0.0504441	-0.0498796	-0.051637	-0.056518	-0.0513289	
-0.0435041	-0.0426989	-0.043856	-0.0422446	-0.0435946	-0.042516	-0.0432482	-0.0428314	-0.0433302	-0.0431018	-0.043772	-0.0440272	-0.0441575	-0.0462611	-0.0448323	-0.0489001	-0.0471044	-0.0501957	-0.0500763	-0.0505794	-0.0504876	-0.0501178	-0.0500766	-0.0499275	-0.0505034	
-0.0485554	-0.0452216	-0.0473133	-0.0461496	-0.0456081	-0.047495	-0.0445382	-0.0483929	-0.0447854	-0.0482801	-0.046423	-0.0473764	-0.0481209	-0.0472647	-0.0475037	-0.049092	-0.0449759	-0.0500763	-0.0455714	-0.0479697	-0.0495837	-0.0502724	-0.0510345	-0.0573224	-0.0553544	
-0.0473326	-0.0436849	-0.0464937	-0.0445445	-0.0455076	-0.0454508	-0.0445308	-0.0463581	-0.0436852	-0.0469607	-0.0436269	-0.0465668	-0.0451107	-0.0454385	-0.0472377	-0.0462355	-0.0476515	-0.0505794	-0.0479697	-0.0532631	-0.0527531	-0.0517058	-0.054375	-0.0546504	-0.0490836	
-0.0470227	-0.0462058	-0.0458357	-0.0464346	-0.0452978	-0.0465201	-0.0453595	-0.0466664	-0.0457154	-0.0471866	-0.0462219	-0.04806	-0.0471805	-0.048747	-0.0489602	-0.0490734	-0.0504441	-0.0504876	-0.0495837	-0.0527531	-0.0495084	-0.0514145	-0.0537672	-0.0530939	-0.0544176	
-0.0485951	-0.0475411	-0.0475195	-0.0477996	-0.0468475	-0.0480616	-0.0465863	-0.0484099	-0.0467097	-0.0486818	-0.0474312	-0.0485766	-0.0487106	-0.0484019	-0.0496935	-0.0489779	-0.0498796	-0.0501178	-0.0502724	-0.0517058	-0.0514145	-0.0543685	-0.0551066	-0.0555511	-0.0576984	
-0.048092	-0.0486929	-0.0473779	-0.0487345	-0.0477383	-0.0480849	-0.048309	-0.0478342	-0.0481905	-0.0484545	-0.0476139	-0.0489792	-0.0481321	-0.048027	-0.0503725	-0.0471243	-0.051637	-0.0500766	-0.0510345	-0.054375	-0.0537672	-0.0551066	-0.0566303	-0.0567071	-0.0563367	
-0.0449162	-0.0499561	-0.0454581	-0.0476647	-0.0475004	-0.0453626	-0.0495079	-0.0441676	-0.0504996	-0.0449425	-0.0499875	-0.047784	-0.0491485	-0.0505228	-0.0512582	-0.0502754	-0.056518	-0.0499275	-0.0573224	-0.0546504	-0.0530939	-0.0555511	-0.0567071	-0.0530434	-0.058332	
-0.0502863	-0.0528474	-0.0514053	-0.0512119	-0.0519246	-0.0504617	-0.0525077	-0.0499352	-0.0536025	-0.0497142	-0.0542872	-0.0509535	-0.0529803	-0.0538479	-0.0505192	-0.0547946	-0.0513289	-0.0505034	-0.0553544	-0.0490836	-0.0544176	-0.0576984	-0.0563367	-0.058332	-0.0682238	
