0.101363	0.176063	0.22412	0.235585	0.2186	0.179893	0.143179	0.128795	0.159843	0.24718	0.371934	0.517653	0.660251	0.783567	0.845793	0.849492	0.795765	0.70409	0.574658	0.439794	0.322544	0.225164	0.137653	0.0750218	0.0296008	
0.176063	0.256487	0.293072	0.295903	0.269288	0.223468	0.1801	0.162317	0.175419	0.237658	0.338726	0.464987	0.595586	0.713412	0.776802	0.773544	0.718586	0.625776	0.502369	0.374207	0.268273	0.182436	0.111456	0.0579123	0.0167404	
0.22412	0.293072	0.308913	0.298237	0.259566	0.207049	0.158783	0.122629	0.116383	0.161786	0.249823	0.35684	0.474885	0.583846	0.646571	0.646819	0.605379	0.527394	0.424885	0.315596	0.219888	0.137716	0.0722662	0.0184911	-0.0200985	
0.235585	0.295903	0.298237	0.268042	0.212067	0.145882	0.082368	0.0260341	0.00936107	0.0388727	0.114473	0.210736	0.321753	0.420769	0.482757	0.49488	0.468691	0.411759	0.33637	0.253547	0.163403	0.082501	0.0146358	-0.0432489	-0.085803	
0.2186	0.269288	0.259566	0.212067	0.1431	0.0595594	-0.0242911	-0.0968932	-0.129468	-0.115145	-0.0522234	0.0437143	0.150603	0.250445	0.316697	0.346405	0.338521	0.302066	0.246459	0.178018	0.0935856	0.0162559	-0.0498369	-0.112657	-0.160744	
0.179893	0.223468	0.207049	0.145882	0.0595594	-0.0397204	-0.139284	-0.227083	-0.27727	-0.275981	-0.221169	-0.12941	-0.0225745	0.0820679	0.165263	0.221774	0.238607	0.212516	0.160275	0.0952442	0.0164177	-0.0575613	-0.122689	-0.184046	-0.232769	
0.143179	0.1801	0.158783	0.082368	-0.0242911	-0.139284	-0.256357	-0.352146	-0.409321	-0.417367	-0.378473	-0.296823	-0.184372	-0.0635112	0.0444954	0.123313	0.158201	0.139733	0.0886522	0.0232071	-0.0554426	-0.132924	-0.201089	-0.255258	-0.297221	
0.128795	0.162317	0.122629	0.0260341	-0.0968932	-0.227083	-0.352146	-0.452303	-0.516969	-0.540521	-0.51126	-0.429056	-0.302045	-0.161375	-0.0404182	0.0498303	0.0978078	0.0929063	0.040044	-0.0273009	-0.107659	-0.190177	-0.263498	-0.311897	-0.345179	
0.159843	0.175419	0.116383	0.00936107	-0.129468	-0.27727	-0.409321	-0.516969	-0.594192	-0.623142	-0.593123	-0.504815	-0.365695	-0.213508	-0.0847235	0.0102094	0.0680731	0.0661538	0.0128864	-0.0565678	-0.133828	-0.221278	-0.293067	-0.339967	-0.371232	
0.24718	0.237658	0.161786	0.0388727	-0.115145	-0.275981	-0.417367	-0.540521	-0.623142	-0.648156	-0.613984	-0.520702	-0.375163	-0.215662	-0.0813541	0.0130442	0.0680747	0.066282	0.0165237	-0.0531922	-0.131848	-0.215706	-0.280059	-0.328958	-0.371498	
0.371934	0.338726	0.249823	0.114473	-0.0522234	-0.221169	-0.378473	-0.51126	-0.593123	-0.613984	-0.574712	-0.47549	-0.32517	-0.165996	-0.0316645	0.0578105	0.109115	0.108504	0.0616732	-0.00815789	-0.0862067	-0.160111	-0.221904	-0.280546	-0.337505	
0.517653	0.464987	0.35684	0.210736	0.0437143	-0.12941	-0.296823	-0.429056	-0.504815	-0.520702	-0.47549	-0.368823	-0.224451	-0.0709603	0.063516	0.160059	0.206309	0.201931	0.157586	0.0969555	0.0222186	-0.0502763	-0.119408	-0.188064	-0.250665	
0.660251	0.595586	0.474885	0.321753	0.150603	-0.0225745	-0.184372	-0.302045	-0.365695	-0.375163	-0.32517	-0.224451	-0.0911764	0.0571564	0.199155	0.299224	0.342347	0.33856	0.307237	0.252403	0.173549	0.0900137	0.0149567	-0.0560287	-0.114461	
0.783567	0.713412	0.583846	0.420769	0.250445	0.0820679	-0.0635112	-0.161375	-0.213508	-0.215662	-0.165996	-0.0709603	0.0571564	0.202288	0.338777	0.439098	0.49456	0.506451	0.483163	0.425175	0.340326	0.246862	0.166944	0.101002	0.0495741	
0.845793	0.776802	0.646571	0.482757	0.316697	0.165263	0.0444954	-0.0404182	-0.0847235	-0.0813541	-0.0316645	0.063516	0.199155	0.338777	0.467199	0.576221	0.653323	0.675065	0.649393	0.592832	0.511926	0.414067	0.329885	0.269565	0.220871	
0.849492	0.773544	0.646819	0.49488	0.346405	0.221774	0.123313	0.0498303	0.0102094	0.0130442	0.0578105	0.160059	0.299224	0.439098	0.576221	0.703822	0.789547	0.810307	0.781824	0.730295	0.656552	0.564935	0.485079	0.425313	0.369328	
0.795765	0.718586	0.605379	0.468691	0.338521	0.238607	0.158201	0.0978078	0.0680731	0.0680747	0.109115	0.206309	0.342347	0.49456	0.653323	0.789547	0.876142	0.900687	0.873144	0.818111	0.748846	0.671509	0.600828	0.536329	0.474014	
0.70409	0.625776	0.527394	0.411759	0.302066	0.212516	0.139733	0.0929063	0.0661538	0.066282	0.108504	0.201931	0.33856	0.506451	0.675065	0.810307	0.900687	0.936279	0.917019	0.862392	0.795319	0.724079	0.656181	0.590079	0.53215	
0.574658	0.502369	0.424885	0.33637	0.246459	0.160275	0.0886522	0.040044	0.0128864	0.0165237	0.0616732	0.157586	0.307237	0.483163	0.649393	0.781824	0.873144	0.917019	0.914635	0.871187	0.803894	0.729877	0.659211	0.593134	0.539429	
0.439794	0.374207	0.315596	0.253547	0.178018	0.0952442	0.0232071	-0.0273009	-0.0565678	-0.0531922	-0.00815789	0.0969555	0.252403	0.425175	0.592832	0.730295	0.818111	0.862392	0.871187	0.837425	0.773725	0.698774	0.624917	0.555869	0.500925	
0.322544	0.268273	0.219888	0.163403	0.0935856	0.0164177	-0.0554426	-0.107659	-0.133828	-0.131848	-0.0862067	0.0222186	0.173549	0.340326	0.511926	0.656552	0.748846	0.795319	0.803894	0.773725	0.714268	0.63753	0.562309	0.499263	0.445043	
0.225164	0.182436	0.137716	0.082501	0.0162559	-0.0575613	-0.132924	-0.190177	-0.221278	-0.215706	-0.160111	-0.0502763	0.0900137	0.246862	0.414067	0.564935	0.671509	0.724079	0.729877	0.698774	0.63753	0.555261	0.484889	0.432272	0.381055	
0.137653	0.111456	0.0722662	0.0146358	-0.0498369	-0.122689	-0.201089	-0.263498	-0.293067	-0.280059	-0.221904	-0.119408	0.0149567	0.166944	0.329885	0.485079	0.600828	0.656181	0.659211	0.624917	0.562309	0.484889	0.416883	0.360311	0.306071	
0.0750218	0.0579123	0.0184911	-0.0432489	-0.112657	-0.184046	-0.255258	-0.311897	-0.339967	-0.328958	-0.280546	-0.188064	-0.0560287	0.101002	0.269565	0.425313	0.536329	0.590079	0.593134	0.555869	0.499263	0.432272	0.360311	0.28873	0.232531	
0.0296008	0.0167404	-0.0200985	-0.085803	-0.160744	-0.232769	-0.297221	-0.345179	-0.371232	-0.371498	-0.337505	-0.250665	-0.114461	0.0495741	0.220871	0.369328	0.474014	0.53215	0.539429	0.500925	0.445043	0.381055	0.306071	0.232531	0.175101	
-0.0134507	-0.022253	-0.0509923	-0.111367	-0.189975	-0.265515	-0.325429	-0.36696	-0.395733	-0.404366	-0.374501	-0.286806	-0.151225	0.0121303	0.181102	0.326579	0.430543	0.491204	0.502206	0.464897	0.404899	0.334346	0.262647	0.19483	0.135526	
-0.0479168	-0.05454	-0.0758638	-0.131416	-0.210044	-0.28808	-0.347301	-0.384743	-0.412981	-0.426519	-0.400173	-0.313012	-0.177203	-0.0163855	0.152781	0.301449	0.404387	0.459503	0.472723	0.44395	0.38212	0.303884	0.230893	0.167786	0.109029	
-0.0695926	-0.0798459	-0.100881	-0.149207	-0.218602	-0.291383	-0.351829	-0.39667	-0.431718	-0.446091	-0.41752	-0.328574	-0.194749	-0.0362925	0.132503	0.28275	0.382402	0.434003	0.451607	0.429299	0.367138	0.281701	0.204951	0.144119	0.0922552	
-0.0860954	-0.099698	-0.119732	-0.159408	-0.215287	-0.282291	-0.352159	-0.40983	-0.448291	-0.457435	-0.423378	-0.334441	-0.203091	-0.0491764	0.116195	0.264858	0.368762	0.425796	0.441543	0.412985	0.350279	0.270137	0.19333	0.130318	0.0771512	
-0.0953451	-0.109444	-0.131128	-0.167306	-0.215143	-0.279266	-0.355721	-0.423084	-0.460815	-0.459359	-0.418775	-0.333236	-0.210095	-0.0594597	0.105042	0.257925	0.371081	0.432633	0.437474	0.395916	0.338541	0.273355	0.200771	0.12639	0.0638165	
-0.0969187	-0.111275	-0.13211	-0.167126	-0.214682	-0.279447	-0.358607	-0.426205	-0.461928	-0.458654	-0.417926	-0.334497	-0.211967	-0.0625238	0.102487	0.256551	0.372865	0.434376	0.4353	0.39121	0.336131	0.2755	0.202987	0.125823	0.0600567	
-0.0909846	-0.105039	-0.125996	-0.163553	-0.214702	-0.2799	-0.352315	-0.415586	-0.454642	-0.458808	-0.421535	-0.333526	-0.205872	-0.0532832	0.110742	0.261429	0.369454	0.428255	0.438905	0.40529	0.345604	0.270854	0.195099	0.127606	0.0715193	
-0.0767968	-0.0891736	-0.109218	-0.153034	-0.217305	-0.288306	-0.352843	-0.401671	-0.43824	-0.451964	-0.421973	-0.332963	-0.198758	-0.042071	0.12563	0.274113	0.374519	0.428011	0.446616	0.423254	0.360133	0.275018	0.197335	0.137245	0.0863907	
-0.0579387	-0.0650138	-0.0862323	-0.139885	-0.215348	-0.291925	-0.350552	-0.390103	-0.420692	-0.434976	-0.408011	-0.319781	-0.185429	-0.0253921	0.143987	0.294304	0.395097	0.448253	0.463735	0.438135	0.375747	0.294114	0.220141	0.157683	0.101707	
-0.0289872	-0.0367115	-0.0610569	-0.118762	-0.198446	-0.275696	-0.335841	-0.374436	-0.402536	-0.413795	-0.385787	-0.298407	-0.162157	-0.000674538	0.168327	0.314699	0.41909	0.477624	0.489427	0.454792	0.393618	0.320363	0.249104	0.183356	0.122899	
0.0123709	0.00149202	-0.0334021	-0.0987626	-0.175324	-0.247717	-0.30858	-0.354668	-0.382246	-0.386288	-0.35476	-0.267825	-0.131347	0.0338994	0.203889	0.350278	0.453961	0.514175	0.523072	0.484697	0.427385	0.36091	0.287099	0.215938	0.157848	
0.0564367	0.0408191	0.00161189	-0.0617059	-0.133941	-0.205656	-0.274234	-0.326602	-0.353847	-0.346879	-0.304608	-0.21583	-0.0822735	0.0779281	0.249429	0.401997	0.509719	0.564369	0.569537	0.531711	0.476505	0.411602	0.33739	0.263674	0.20734	
0.108732	0.0885287	0.0491936	-0.0106462	-0.0757234	-0.147856	-0.223759	-0.285684	-0.31457	-0.30073	-0.244624	-0.145841	-0.0135191	0.139057	0.303293	0.460481	0.575405	0.629942	0.632042	0.59633	0.536025	0.463229	0.393866	0.330568	0.275394	
0.188769	0.15195	0.109723	0.0543195	-0.0105539	-0.0841585	-0.162314	-0.221567	-0.252602	-0.243892	-0.186344	-0.0787485	0.059113	0.212538	0.377241	0.529931	0.64239	0.696395	0.700947	0.668227	0.606013	0.524444	0.456126	0.403926	0.351761	
0.281618	0.232253	0.185558	0.129033	0.0605003	-0.0149999	-0.087195	-0.141561	-0.168617	-0.16601	-0.116989	-0.00806993	0.139269	0.30298	0.473411	0.620421	0.717806	0.76733	0.774559	0.74432	0.684528	0.605318	0.531807	0.473932	0.421085	
0.390378	0.328003	0.274744	0.21854	0.146357	0.0653066	-0.00744632	-0.0579891	-0.0862132	-0.0837193	-0.0389819	0.0687358	0.223491	0.393271	0.563431	0.703543	0.791647	0.836119	0.846357	0.814441	0.752909	0.677552	0.602539	0.534605	0.479453	
0.51898	0.450002	0.38077	0.303884	0.220617	0.135685	0.0645415	0.0141024	-0.0137823	-0.00986216	0.0352059	0.134747	0.289168	0.464449	0.629945	0.763631	0.853351	0.898069	0.901588	0.86291	0.796432	0.721695	0.649321	0.581785	0.527775	
0.656434	0.579287	0.488295	0.382895	0.28177	0.193283	0.12145	0.0758291	0.0486636	0.0506098	0.0938797	0.187097	0.327984	0.500476	0.669185	0.803253	0.894701	0.933726	0.920987	0.870389	0.803651	0.731157	0.662524	0.596979	0.541576	
0.762462	0.685505	0.578114	0.448761	0.326818	0.232684	0.15737	0.102538	0.0749205	0.0742922	0.116224	0.210599	0.345441	0.504226	0.669349	0.80591	0.8937	0.92226	0.896519	0.840332	0.772412	0.698899	0.630337	0.564951	0.503434	
0.834382	0.757363	0.634442	0.488246	0.347726	0.23442	0.143623	0.0755161	0.0394892	0.0401025	0.0826316	0.185206	0.323661	0.466545	0.61198	0.74495	0.831045	0.852297	0.823367	0.771121	0.699448	0.613823	0.537815	0.476292	0.416254	
0.853881	0.782791	0.653603	0.493359	0.332164	0.191076	0.079874	-0.00123981	-0.0430312	-0.0380993	0.00969139	0.106539	0.245172	0.384193	0.514085	0.629647	0.712214	0.734478	0.707517	0.653084	0.575024	0.478488	0.395002	0.335621	0.284257	
0.817125	0.747005	0.616218	0.450888	0.282089	0.118455	-0.0176184	-0.109154	-0.157934	-0.157626	-0.107859	-0.0128713	0.116899	0.259384	0.391307	0.493922	0.558373	0.576308	0.552565	0.494179	0.409486	0.313232	0.230891	0.168057	0.118646	
0.713753	0.646066	0.521229	0.364417	0.19313	0.0206982	-0.13526	-0.245571	-0.303692	-0.310284	-0.260246	-0.162741	-0.0325907	0.114688	0.256539	0.355881	0.401586	0.403111	0.376869	0.321092	0.239455	0.150566	0.0737122	0.00430948	-0.0504926	
0.575685	0.51795	0.403617	0.254516	0.0860875	-0.0876993	-0.254941	-0.382909	-0.453363	-0.467077	-0.420339	-0.314585	-0.173845	-0.0231302	0.114154	0.213826	0.257775	0.251788	0.210977	0.154737	0.0796881	0.00404513	-0.0686644	-0.139114	-0.201231	
0.429037	0.386956	0.290126	0.151178	-0.0164862	-0.187508	-0.34989	-0.484594	-0.56597	-0.583799	-0.541043	-0.438532	-0.290169	-0.132814	0.00111464	0.0923574	0.14198	0.140193	0.093454	0.0263168	-0.049858	-0.121395	-0.185117	-0.248727	-0.309911	
