-0.0494112	-0.0497562	-0.0479751	-0.0489079	-0.0475328	-0.0483276	-0.0480322	-0.0483025	-0.0491837	-0.0490738	-0.050594	-0.0507606	-0.0521563	-0.0531789	-0.0545915	-0.0561079	-0.059011	-0.0607174	-0.0654423	-0.0692326	-0.0736361	-0.0795658	-0.0829731	-0.0861078	-0.0858153	
-0.0622493	-0.0609229	-0.0606747	-0.0600581	-0.0597265	-0.0599231	-0.0597609	-0.0606143	-0.0605584	-0.0621679	-0.0617593	-0.0640935	-0.0632432	-0.0653717	-0.0647844	-0.0655782	-0.0652965	-0.065798	-0.0644802	-0.0669626	-0.0660249	-0.0703084	-0.0729795	-0.079723	-0.0833652	
-0.0592634	-0.0565895	-0.0581518	-0.0552833	-0.0572685	-0.0554989	-0.0567143	-0.0569057	-0.0569003	-0.0590765	-0.0584007	-0.0615632	-0.0615032	-0.0643325	-0.0653648	-0.0678494	-0.0683911	-0.0713023	-0.0702307	-0.0720023	-0.0708759	-0.0703282	-0.0703541	-0.0701208	-0.0751562	
-0.0567894	-0.0568979	-0.0567359	-0.0566282	-0.0567885	-0.0565735	-0.0566398	-0.0566511	-0.0566313	-0.0565534	-0.0572026	-0.0564861	-0.0583224	-0.0574896	-0.0598152	-0.0603356	-0.0625466	-0.0642824	-0.0674875	-0.0684545	-0.0727634	-0.0718024	-0.0754556	-0.0722893	-0.0734805	
-0.0596113	-0.0613222	-0.0588503	-0.0613984	-0.0588434	-0.0609425	-0.0595823	-0.0602098	-0.0606813	-0.0595145	-0.0614836	-0.0592164	-0.0613941	-0.0593646	-0.0607178	-0.0595172	-0.060708	-0.0599274	-0.0623404	-0.0621265	-0.0661617	-0.0673174	-0.0707187	-0.0749205	-0.0734465	
-0.0579561	-0.0577009	-0.0569447	-0.0571409	-0.0564477	-0.0569324	-0.0567197	-0.0570902	-0.057583	-0.0579065	-0.0587273	-0.0594364	-0.0599832	-0.0611908	-0.061158	-0.062428	-0.0618696	-0.0625303	-0.0621955	-0.0619481	-0.0621927	-0.0640986	-0.0632547	-0.0689246	-0.0722617	
-0.0537515	-0.0534911	-0.053504	-0.0529337	-0.0533181	-0.0528136	-0.053204	-0.0529645	-0.0533208	-0.053423	-0.0537902	-0.054553	-0.0547219	-0.0567328	-0.0565675	-0.0594278	-0.0600888	-0.0614336	-0.0638502	-0.0635764	-0.0637781	-0.065517	-0.0631063	-0.0627762	-0.0663428	
-0.0536582	-0.0547205	-0.0540995	-0.0543104	-0.0547223	-0.0538431	-0.0552528	-0.0535956	-0.0553004	-0.0538604	-0.0545183	-0.0545832	-0.0534052	-0.0548138	-0.0537483	-0.0539097	-0.0562677	-0.0548752	-0.0582584	-0.061183	-0.060309	-0.0661078	-0.0670433	-0.0654806	-0.0671317	
-0.0560613	-0.053961	-0.0553419	-0.0533719	-0.0550283	-0.0533174	-0.0546799	-0.0543099	-0.0541076	-0.0561673	-0.0539468	-0.0575274	-0.0554179	-0.0568928	-0.0579902	-0.0556067	-0.057697	-0.0571205	-0.0537991	-0.0588733	-0.0555075	-0.0566701	-0.0634437	-0.062652	-0.0645299	
-0.0523555	-0.0483119	-0.0505351	-0.0491421	-0.0489235	-0.0503046	-0.0477201	-0.0514135	-0.0474626	-0.0517517	-0.049114	-0.051009	-0.052579	-0.0510569	-0.0552563	-0.0550277	-0.0552049	-0.0606162	-0.0567045	-0.0595208	-0.0618837	-0.0559636	-0.0591105	-0.0623877	-0.0560942	
-0.0515484	-0.0500088	-0.051481	-0.0510217	-0.050467	-0.0521914	-0.0498312	-0.0523675	-0.0503647	-0.051194	-0.0516807	-0.0497753	-0.0518875	-0.0504148	-0.0496666	-0.0533718	-0.0486285	-0.0545216	-0.0543233	-0.0537848	-0.0602382	-0.0602891	-0.0578357	-0.0645097	-0.0641058	
-0.0499282	-0.052211	-0.0508341	-0.0503983	-0.0512745	-0.0496175	-0.0517258	-0.0492807	-0.052687	-0.0494019	-0.0534776	-0.0509936	-0.0527955	-0.0541416	-0.051407	-0.0553886	-0.0528339	-0.0517635	-0.0560635	-0.0504372	-0.0543772	-0.0566947	-0.0563623	-0.0569568	-0.0657577	
-0.0444678	-0.0498955	-0.0451244	-0.0477531	-0.0471796	-0.0455307	-0.0492125	-0.0442143	-0.0502871	-0.044651	-0.0498577	-0.0471122	-0.0489348	-0.0498083	-0.0506967	-0.0501135	-0.0557603	-0.0503331	-0.057423	-0.0546915	-0.0542293	-0.0558967	-0.0562808	-0.0544681	-0.0586437	
-0.0484753	-0.0492069	-0.0479497	-0.0492317	-0.048413	-0.0485616	-0.0489798	-0.0483183	-0.0487847	-0.0489321	-0.0480314	-0.049409	-0.0481509	-0.0483634	-0.0497813	-0.0471855	-0.0508231	-0.049551	-0.0509946	-0.0539722	-0.0543622	-0.0562077	-0.0573735	-0.0565921	-0.0576111	
-0.0489442	-0.0480274	-0.0477277	-0.0479572	-0.047036	-0.0480297	-0.0469442	-0.0482671	-0.0474	-0.0486385	-0.0483859	-0.0491121	-0.0496355	-0.0497817	-0.0506223	-0.0502339	-0.0513051	-0.0496393	-0.0513166	-0.050076	-0.0502141	-0.0532805	-0.0546505	-0.0553201	-0.0598987	
-0.0454715	-0.0455499	-0.0449507	-0.0453998	-0.0451607	-0.0450403	-0.0455296	-0.0450407	-0.0455094	-0.0458149	-0.0451943	-0.0469498	-0.0458566	-0.0472493	-0.0488168	-0.0471437	-0.0519664	-0.0503766	-0.0512802	-0.0555201	-0.0511344	-0.0525309	-0.0543277	-0.0516471	-0.0510903	
-0.0487992	-0.0458623	-0.0473265	-0.0470773	-0.0459693	-0.0481044	-0.0449677	-0.0489508	-0.0444607	-0.0491559	-0.0450981	-0.0478973	-0.0470792	-0.045861	-0.0482582	-0.0462335	-0.0462913	-0.0496847	-0.0457364	-0.0509935	-0.0519457	-0.05235	-0.0549885	-0.0582267	-0.0528933	
-0.0469286	-0.0446738	-0.0456975	-0.0452984	-0.0442981	-0.0462627	-0.0436248	-0.0468553	-0.0441071	-0.0469115	-0.0456141	-0.0469721	-0.0471887	-0.0481439	-0.0476924	-0.050403	-0.0476453	-0.0513958	-0.0483008	-0.050307	-0.0486308	-0.049997	-0.0501216	-0.0528497	-0.0543155	
-0.0451371	-0.0430682	-0.0450581	-0.0433316	-0.0443747	-0.0440579	-0.0435903	-0.0447135	-0.0431796	-0.0449784	-0.0433895	-0.0449087	-0.0441415	-0.0451167	-0.0450113	-0.0466049	-0.045801	-0.0494099	-0.047814	-0.0510435	-0.0521364	-0.0507769	-0.0528274	-0.0536792	-0.0492493	
-0.0463623	-0.0451418	-0.0459006	-0.0453467	-0.0452195	-0.0458409	-0.0448396	-0.0462094	-0.045089	-0.0462005	-0.04593	-0.04598	-0.0466378	-0.0463326	-0.0460862	-0.047752	-0.0447358	-0.0486057	-0.0457503	-0.0475742	-0.0491206	-0.0498752	-0.0497642	-0.0554456	-0.0530382	
-0.0442718	-0.0422401	-0.0441609	-0.0420893	-0.0433001	-0.042795	-0.0425578	-0.0434494	-0.0426388	-0.04373	-0.043513	-0.0442868	-0.0442732	-0.0462486	-0.0443127	-0.0490005	-0.04528	-0.0494125	-0.0485201	-0.047751	-0.0498636	-0.049048	-0.0489731	-0.0512407	-0.0530005	
-0.0430302	-0.0442919	-0.0440913	-0.0433867	-0.0448399	-0.0428966	-0.0452281	-0.0426901	-0.0453608	-0.0428054	-0.0449917	-0.0435285	-0.0440422	-0.0445938	-0.0435882	-0.0450928	-0.0449727	-0.0455515	-0.0475085	-0.0476455	-0.0497585	-0.0502589	-0.0499778	-0.0521494	-0.050062	
-0.0446699	-0.0433558	-0.0443242	-0.0429335	-0.0437578	-0.0431782	-0.0433337	-0.043726	-0.0434317	-0.044255	-0.0442047	-0.044808	-0.0451164	-0.0460031	-0.045091	-0.0477737	-0.0446757	-0.0474703	-0.0464149	-0.0449731	-0.0480619	-0.0482559	-0.0479368	-0.0527073	-0.055099	
-0.0406624	-0.0430126	-0.0419914	-0.0417308	-0.0430415	-0.0409645	-0.0437423	-0.0404924	-0.0441816	-0.0405435	-0.0438761	-0.0418782	-0.0426121	-0.0442152	-0.0423755	-0.045285	-0.0457813	-0.0449843	-0.0496263	-0.0475222	-0.0488051	-0.0497658	-0.0482568	-0.0475647	-0.0505982	
-0.0440618	-0.0440756	-0.0441632	-0.0432379	-0.0443792	-0.0428314	-0.0444068	-0.0431042	-0.0442366	-0.0438609	-0.0441654	-0.0445356	-0.044515	-0.0447137	-0.0448707	-0.0447519	-0.0445443	-0.0446535	-0.0451475	-0.0443316	-0.0476869	-0.0483682	-0.0492138	-0.0529375	-0.0536474	
-0.0403679	-0.0427258	-0.0410617	-0.0415663	-0.0418531	-0.0408168	-0.0426201	-0.04034	-0.0433584	-0.04039	-0.0435868	-0.0417401	-0.0429307	-0.0443121	-0.0429315	-0.0458071	-0.0461204	-0.0451915	-0.049473	-0.0466357	-0.0471435	-0.0487144	-0.0465525	-0.0461904	-0.0524142	
-0.0427258	-0.043546	-0.0433051	-0.0425041	-0.0439739	-0.0418094	-0.0442257	-0.0418572	-0.0439314	-0.042599	-0.0433502	-0.0434657	-0.0431757	-0.0436104	-0.0438407	-0.043092	-0.0446932	-0.0431946	-0.0456638	-0.0447701	-0.0478371	-0.0485927	-0.0498609	-0.0507848	-0.0521104	
-0.0410617	-0.0433051	-0.0412723	-0.0422278	-0.0420005	-0.0413811	-0.0428485	-0.0409499	-0.043599	-0.0411667	-0.0439039	-0.0423826	-0.0436215	-0.0442617	-0.0438375	-0.0451555	-0.046022	-0.0446187	-0.0478985	-0.0457897	-0.0460324	-0.0479796	-0.0466075	-0.0472735	-0.0528067	
-0.0415663	-0.0425041	-0.0422278	-0.0415059	-0.0428684	-0.0408628	-0.0431299	-0.0408012	-0.0429648	-0.0413562	-0.0425258	-0.0423224	-0.0423322	-0.0431122	-0.0431227	-0.0432482	-0.0450004	-0.0433648	-0.04694	-0.0451578	-0.0477647	-0.0484696	-0.0489218	-0.0481831	-0.0520821	
-0.0418531	-0.0439739	-0.0420005	-0.0428684	-0.042881	-0.0418739	-0.043791	-0.0415085	-0.0443054	-0.0419874	-0.04422	-0.0431471	-0.0438491	-0.0441038	-0.04422	-0.0438797	-0.0456582	-0.0435416	-0.04628	-0.0453783	-0.0458429	-0.0478324	-0.0480237	-0.0489087	-0.0520008	
-0.0408168	-0.0418094	-0.0413811	-0.0408628	-0.0418739	-0.0403034	-0.0421464	-0.040133	-0.0422713	-0.0404367	-0.0422572	-0.0414578	-0.0422201	-0.043081	-0.0429231	-0.0442224	-0.0454153	-0.0441625	-0.0482207	-0.0453362	-0.0474544	-0.0482379	-0.0473233	-0.0463312	-0.0527338	
-0.0426201	-0.0442257	-0.0428485	-0.0431299	-0.043791	-0.0421464	-0.044599	-0.0419602	-0.0447712	-0.0427202	-0.0442741	-0.0438425	-0.0438036	-0.0440593	-0.0443007	-0.0430127	-0.0452111	-0.0428696	-0.045206	-0.0451067	-0.0463064	-0.0479271	-0.0494852	-0.050451	-0.0515065	
-0.04034	-0.0418572	-0.0409499	-0.0408012	-0.0415085	-0.040133	-0.0419602	-0.0397403	-0.0424008	-0.0398127	-0.0426118	-0.0409892	-0.0423864	-0.0433543	-0.0427934	-0.0450797	-0.0457943	-0.0447189	-0.0491845	-0.0457312	-0.0472538	-0.0483486	-0.0463771	-0.0453827	-0.0527949	
-0.0433584	-0.0439314	-0.043599	-0.0429648	-0.0443054	-0.0422713	-0.0447712	-0.0424008	-0.0446692	-0.0433144	-0.0441746	-0.0442606	-0.0439821	-0.0441846	-0.0444867	-0.043266	-0.0448425	-0.0432064	-0.0449924	-0.0446123	-0.0470264	-0.0479646	-0.0498644	-0.0517142	-0.052269	
-0.04039	-0.042599	-0.0411667	-0.0413562	-0.0419874	-0.0404367	-0.0427202	-0.0398127	-0.0433144	-0.0398473	-0.0433042	-0.0413154	-0.0425006	-0.0439603	-0.0426119	-0.0454035	-0.0459122	-0.0448748	-0.049292	-0.0465276	-0.0475055	-0.048794	-0.0468989	-0.0458107	-0.0519208	
-0.0435868	-0.0433502	-0.0439039	-0.0425258	-0.04422	-0.0422572	-0.0442741	-0.0426118	-0.0441746	-0.0433042	-0.0441883	-0.0439284	-0.0444177	-0.0443564	-0.0445389	-0.0447258	-0.0446648	-0.0444918	-0.0460569	-0.0442756	-0.047734	-0.0482248	-0.048979	-0.0519601	-0.0536287	
-0.0417401	-0.0434657	-0.0423826	-0.0423224	-0.0431471	-0.0414578	-0.0438425	-0.0409892	-0.0442606	-0.0413154	-0.0439284	-0.0428822	-0.0429549	-0.0449364	-0.0430623	-0.0455982	-0.0455796	-0.0453744	-0.048036	-0.0470837	-0.0482967	-0.0489618	-0.0483511	-0.0485191	-0.0513579	
-0.0429307	-0.0431757	-0.0436215	-0.0423322	-0.0438491	-0.0422201	-0.0438036	-0.0423864	-0.0439821	-0.0425006	-0.0444177	-0.0429549	-0.0444273	-0.0445166	-0.0438282	-0.0463385	-0.0447232	-0.0458817	-0.0479765	-0.0453582	-0.0484834	-0.0492179	-0.0484426	-0.0509408	-0.053303	
-0.0443121	-0.0436104	-0.0442617	-0.0431122	-0.0441038	-0.043081	-0.0440593	-0.0433543	-0.0441846	-0.0439603	-0.0443564	-0.0449364	-0.0445166	-0.0460462	-0.0447089	-0.0469903	-0.0449847	-0.0473753	-0.0464406	-0.046677	-0.0491553	-0.0485912	-0.048706	-0.0525162	-0.0528974	
-0.0429315	-0.0438407	-0.0438375	-0.0431227	-0.04422	-0.0429231	-0.0443007	-0.0427934	-0.0444867	-0.0426119	-0.0445389	-0.0430623	-0.0438282	-0.0447089	-0.0431025	-0.0463079	-0.0448601	-0.0466344	-0.0484127	-0.0482137	-0.0497301	-0.0504713	-0.0504727	-0.0512545	-0.0502121	
-0.0458071	-0.043092	-0.0451555	-0.0432482	-0.0438797	-0.0442224	-0.0430127	-0.0450797	-0.043266	-0.0454035	-0.0447258	-0.0455982	-0.0463385	-0.0469903	-0.0463079	-0.0498668	-0.0452528	-0.0504364	-0.0471009	-0.0468552	-0.049354	-0.0487273	-0.0476789	-0.0535949	-0.0550933	
-0.0461204	-0.0446932	-0.046022	-0.0450004	-0.0456582	-0.0454153	-0.0452111	-0.0457943	-0.0448425	-0.0459122	-0.0446648	-0.0455796	-0.0447232	-0.0449847	-0.0448601	-0.0452528	-0.0448006	-0.0476731	-0.0459483	-0.0502096	-0.0512226	-0.0508885	-0.0535224	-0.055749	-0.0487457	
-0.0451915	-0.0431946	-0.0446187	-0.0433648	-0.0435416	-0.0441625	-0.0428696	-0.0447189	-0.0432064	-0.0448748	-0.0444918	-0.0453744	-0.0458817	-0.0473753	-0.0466344	-0.0504364	-0.0476731	-0.0516942	-0.0496629	-0.0505997	-0.0497762	-0.0500801	-0.0496375	-0.0509998	-0.0530106	
-0.049473	-0.0456638	-0.0478985	-0.04694	-0.04628	-0.0482207	-0.045206	-0.0491845	-0.0449924	-0.049292	-0.0460569	-0.048036	-0.0479765	-0.0464406	-0.0484127	-0.0471009	-0.0459483	-0.0496629	-0.0453809	-0.0498489	-0.0507885	-0.051346	-0.0536763	-0.0586225	-0.0537578	
-0.0466357	-0.0447701	-0.0457897	-0.0451578	-0.0453783	-0.0453362	-0.0451067	-0.0457312	-0.0446123	-0.0465276	-0.0442756	-0.0470837	-0.0453582	-0.046677	-0.0482137	-0.0468552	-0.0502096	-0.0505997	-0.0498489	-0.0545065	-0.0521544	-0.0520519	-0.0549819	-0.05263	-0.0503349	
-0.0471435	-0.0478371	-0.0460324	-0.0477647	-0.0458429	-0.0474544	-0.0463064	-0.0472538	-0.0470264	-0.0475055	-0.047734	-0.0482967	-0.0484834	-0.0491553	-0.0497301	-0.049354	-0.0512226	-0.0497762	-0.0507885	-0.0521544	-0.0497073	-0.0529695	-0.0545631	-0.0538281	-0.057475	
-0.0487144	-0.0485927	-0.0479796	-0.0484696	-0.0478324	-0.0482379	-0.0479271	-0.0483486	-0.0479646	-0.048794	-0.0482248	-0.0489618	-0.0492179	-0.0485912	-0.0504713	-0.0487273	-0.0508885	-0.0500801	-0.051346	-0.0520519	-0.0529695	-0.0552402	-0.0558158	-0.0562388	-0.0588948	
-0.0465525	-0.0498609	-0.0466075	-0.0489218	-0.0480237	-0.0473233	-0.0494852	-0.0463771	-0.0498644	-0.0468989	-0.048979	-0.0483511	-0.0484426	-0.048706	-0.0504727	-0.0476789	-0.0535224	-0.0496375	-0.0536763	-0.0549819	-0.0545631	-0.0558158	-0.0574943	-0.0561725	-0.0570707	
-0.0461904	-0.0507848	-0.0472735	-0.0481831	-0.0489087	-0.0463312	-0.050451	-0.0453827	-0.0517142	-0.0458107	-0.0519601	-0.0485191	-0.0509408	-0.0525162	-0.0512545	-0.0535949	-0.055749	-0.0509998	-0.0586225	-0.05263	-0.0538281	-0.0562388	-0.0561725	-0.0536995	-0.0626167	
-0.0524142	-0.0521104	-0.0528067	-0.0520821	-0.0520008	-0.0527338	-0.0515065	-0.0527949	-0.052269	-0.0519208	-0.0536287	-0.0513579	-0.053303	-0.0528974	-0.0502121	-0.0550933	-0.0487457	-0.0530106	-0.0537578	-0.0503349	-0.057475	-0.0588948	-0.0570707	-0.0626167	-0.0678958	
