0.062097	-0.0840406	-0.199869	-0.276534	-0.311157	-0.316013	-0.294944	-0.235652	-0.134453	0.00109763	0.157786	0.31773	0.462296	0.560145	0.601759	0.595336	0.555202	0.489861	0.403896	0.309699	0.231005	0.168897	0.119631	0.0719049	0.0190997	
0.0950716	-0.03722	-0.155997	-0.245851	-0.291999	-0.299656	-0.269443	-0.196298	-0.087201	0.0410536	0.176979	0.314219	0.445384	0.540094	0.581011	0.579183	0.544729	0.478816	0.387288	0.288439	0.206937	0.147676	0.0976648	0.0501056	0.00343899	
0.107779	0.00116146	-0.102923	-0.18538	-0.229452	-0.236716	-0.207931	-0.139793	-0.0414746	0.0651828	0.170178	0.271763	0.372458	0.451095	0.489346	0.491667	0.470644	0.413183	0.329884	0.238195	0.162993	0.107283	0.0659073	0.0230599	-0.0154488	
0.114592	0.0489318	-0.0308165	-0.0990186	-0.13505	-0.140842	-0.116584	-0.062202	0.0181735	0.0908102	0.146236	0.202536	0.261072	0.311885	0.342524	0.345449	0.331388	0.294468	0.232562	0.165918	0.109121	0.0613846	0.0235308	-0.00895532	-0.0362197	
0.133695	0.105591	0.0534175	0.0150641	-0.00800556	-0.0135613	0.00455827	0.0355948	0.085684	0.126824	0.134901	0.135875	0.145349	0.160798	0.172696	0.168992	0.162777	0.148763	0.118134	0.0790347	0.0439594	0.0103698	-0.0198645	-0.0417027	-0.057236	
0.153925	0.168481	0.152337	0.14179	0.141467	0.141036	0.141745	0.145574	0.163938	0.164698	0.129011	0.084063	0.0480483	0.0270819	0.0162097	0.00531642	0.00202391	-0.000118617	-0.00576626	-0.0194425	-0.0375224	-0.050764	-0.0667388	-0.079856	-0.0790446	
0.176802	0.225211	0.249093	0.276173	0.300851	0.305264	0.28702	0.25913	0.236344	0.200382	0.13144	0.0489477	-0.0228584	-0.0689143	-0.102755	-0.12858	-0.137738	-0.133463	-0.122732	-0.113924	-0.113521	-0.111267	-0.112514	-0.115961	-0.108601	
0.199589	0.280325	0.341481	0.401511	0.447989	0.456882	0.423883	0.365026	0.306324	0.235526	0.137992	0.0297523	-0.0669388	-0.138698	-0.189648	-0.225881	-0.236446	-0.229542	-0.216327	-0.195396	-0.17859	-0.163338	-0.151483	-0.147274	-0.142102	
0.215624	0.324383	0.41558	0.504467	0.568566	0.580096	0.535116	0.451035	0.362251	0.262399	0.140721	0.0176801	-0.097369	-0.188239	-0.24692	-0.290083	-0.30641	-0.300619	-0.291832	-0.269203	-0.234619	-0.20781	-0.192454	-0.186476	-0.175884	
0.230499	0.357624	0.474253	0.581726	0.655179	0.667049	0.617533	0.519227	0.405178	0.282442	0.149695	0.0160472	-0.108547	-0.213492	-0.285698	-0.332532	-0.35441	-0.358117	-0.349515	-0.329108	-0.295287	-0.258233	-0.241368	-0.23773	-0.224505	
0.255099	0.392798	0.522221	0.632049	0.705879	0.7191	0.667091	0.569519	0.445494	0.310322	0.172561	0.0303452	-0.10034	-0.214493	-0.303179	-0.353698	-0.379374	-0.398492	-0.396624	-0.380078	-0.346993	-0.309437	-0.294231	-0.291693	-0.274224	
0.290726	0.429947	0.561986	0.665502	0.730617	0.742336	0.69693	0.607129	0.484996	0.346175	0.207536	0.0649958	-0.0704685	-0.194952	-0.291843	-0.351578	-0.389644	-0.421375	-0.429483	-0.417079	-0.387217	-0.362647	-0.346498	-0.331053	-0.303916	
0.32883	0.464307	0.587728	0.680444	0.733346	0.742295	0.70745	0.629378	0.516519	0.383439	0.245709	0.107157	-0.0279227	-0.153249	-0.258502	-0.334449	-0.386888	-0.42773	-0.448258	-0.44036	-0.416304	-0.396747	-0.379335	-0.354718	-0.313397	
0.357832	0.485177	0.592917	0.66516	0.708271	0.714894	0.686927	0.624928	0.532786	0.409316	0.282437	0.155187	0.0225251	-0.103348	-0.212559	-0.307348	-0.373188	-0.42386	-0.44769	-0.440837	-0.423273	-0.411395	-0.397099	-0.372578	-0.323303	
0.382611	0.490466	0.568653	0.619314	0.643494	0.646069	0.632739	0.591458	0.525352	0.428403	0.31157	0.19674	0.0793628	-0.0409683	-0.15467	-0.257807	-0.3434	-0.405079	-0.428574	-0.428643	-0.422265	-0.418172	-0.413712	-0.392254	-0.347416	
0.392509	0.468231	0.512638	0.544836	0.550069	0.549632	0.549553	0.527803	0.487928	0.427399	0.334541	0.240044	0.144141	0.0384832	-0.0756861	-0.187025	-0.285627	-0.354686	-0.391706	-0.411132	-0.424489	-0.431011	-0.435021	-0.418941	-0.385864	
0.384978	0.428921	0.444277	0.448475	0.445977	0.444963	0.448513	0.445917	0.438148	0.406027	0.346502	0.28263	0.215305	0.1343	0.0309474	-0.0861572	-0.193122	-0.280011	-0.344403	-0.386115	-0.419737	-0.442165	-0.450178	-0.436806	-0.407815	
0.364405	0.375762	0.366377	0.345981	0.338279	0.33703	0.341362	0.357433	0.375592	0.370743	0.349188	0.316565	0.276343	0.221867	0.135537	0.0206751	-0.0917535	-0.191675	-0.277392	-0.349053	-0.40357	-0.432981	-0.44079	-0.434034	-0.413733	
0.334725	0.317826	0.286929	0.254429	0.241681	0.240387	0.24721	0.272523	0.306514	0.33014	0.338141	0.330886	0.318123	0.284601	0.212254	0.115561	0.0134083	-0.0914844	-0.193397	-0.28583	-0.354545	-0.388058	-0.401723	-0.406026	-0.396353	
0.285488	0.251201	0.208728	0.178439	0.165581	0.163761	0.170607	0.194996	0.233868	0.27346	0.300925	0.31605	0.322256	0.305	0.258777	0.189192	0.109855	0.0167334	-0.0888746	-0.192465	-0.271636	-0.32263	-0.349644	-0.364434	-0.368741	
0.221148	0.180452	0.140445	0.113781	0.103333	0.102544	0.10798	0.127737	0.163646	0.205578	0.242468	0.271412	0.289813	0.29276	0.27942	0.249761	0.201797	0.127429	0.0287296	-0.0807732	-0.170255	-0.23328	-0.278942	-0.311748	-0.32664	
0.155419	0.110069	0.0761232	0.0587721	0.0552145	0.0559074	0.0559304	0.0670069	0.0947787	0.136898	0.184619	0.226442	0.255018	0.273912	0.285579	0.291507	0.276446	0.223898	0.137135	0.0312193	-0.0586592	-0.124725	-0.179358	-0.224193	-0.250269	
0.10724	0.0553819	0.0210256	0.00511895	0.00145175	-0.000373385	0.00361376	0.0122067	0.0393675	0.0845247	0.140514	0.18894	0.226869	0.253082	0.281157	0.311879	0.318933	0.280476	0.215764	0.13647	0.058636	-0.00767324	-0.0602938	-0.106158	-0.140637	
0.0646968	0.00864084	-0.0269215	-0.0455351	-0.0533937	-0.0550669	-0.0498673	-0.0364751	-0.00769896	0.0401055	0.102064	0.155861	0.193152	0.225319	0.262886	0.30568	0.328065	0.314902	0.276334	0.224819	0.170075	0.122142	0.0719059	0.0257708	-0.013137	
0.0177846	-0.031897	-0.0621562	-0.080559	-0.0874694	-0.0864721	-0.0844551	-0.0708757	-0.0462855	-0.00373299	0.054278	0.109558	0.14584	0.18602	0.232838	0.28951	0.328875	0.340362	0.327212	0.307509	0.276976	0.246841	0.206761	0.166431	0.128351	
-0.0289913	-0.0635061	-0.0865802	-0.0961831	-0.101848	-0.102829	-0.0993396	-0.0908405	-0.0744415	-0.0438297	-0.00201509	0.046991	0.0895406	0.134211	0.193361	0.261054	0.317242	0.354383	0.377436	0.391994	0.388855	0.36861	0.341369	0.306663	0.268171	
-0.0635061	-0.0847633	-0.0976806	-0.102803	-0.1084	-0.1102	-0.104455	-0.100573	-0.0909072	-0.0733376	-0.0453734	-0.00844373	0.0363063	0.0857166	0.152664	0.222069	0.292915	0.352867	0.409081	0.45409	0.485044	0.489382	0.475267	0.444056	0.407826	
-0.0865802	-0.0976806	-0.106004	-0.113129	-0.118641	-0.119138	-0.11562	-0.109701	-0.100821	-0.0920063	-0.074256	-0.0426389	0.0011879	0.052764	0.114859	0.179746	0.255253	0.334607	0.413925	0.48594	0.548607	0.587027	0.592567	0.574309	0.539872	
-0.0961831	-0.102803	-0.113129	-0.126979	-0.135793	-0.137605	-0.131427	-0.11857	-0.106591	-0.0990884	-0.0886382	-0.0618067	-0.016488	0.0377395	0.0908435	0.151758	0.222195	0.307451	0.406702	0.508612	0.592373	0.650712	0.677734	0.67454	0.646937	
-0.101848	-0.1084	-0.118641	-0.135793	-0.146256	-0.148018	-0.141524	-0.124931	-0.111419	-0.104613	-0.0948356	-0.0699419	-0.0218943	0.0353051	0.082818	0.138707	0.208793	0.297688	0.402653	0.509647	0.608164	0.68719	0.727527	0.734775	0.718333	
-0.102829	-0.1102	-0.119138	-0.137605	-0.148018	-0.148492	-0.142957	-0.12594	-0.112691	-0.106082	-0.094659	-0.0706319	-0.0240027	0.035139	0.0829733	0.137206	0.207144	0.29652	0.401632	0.508295	0.609518	0.692634	0.735397	0.745174	0.731344	
-0.0993396	-0.104455	-0.11562	-0.131427	-0.141524	-0.142957	-0.137438	-0.121527	-0.108172	-0.101236	-0.0925624	-0.0660458	-0.0192031	0.0360674	0.0855914	0.144744	0.214195	0.301756	0.404963	0.511276	0.602002	0.669404	0.702645	0.704559	0.680716	
-0.0908405	-0.100573	-0.109701	-0.11857	-0.124931	-0.12594	-0.121527	-0.113331	-0.104472	-0.0956854	-0.0806181	-0.0521843	-0.00840166	0.0450729	0.103047	0.166545	0.240784	0.322663	0.410747	0.496374	0.568639	0.615278	0.631184	0.618253	0.586101	
-0.0744415	-0.0909072	-0.100821	-0.106591	-0.111419	-0.112691	-0.108172	-0.104472	-0.0946329	-0.0823165	-0.0592674	-0.0245977	0.0203279	0.0699948	0.136694	0.204208	0.278343	0.348389	0.414815	0.468768	0.513388	0.532817	0.52545	0.498635	0.462221	
-0.0438297	-0.0733376	-0.0920063	-0.0990884	-0.104613	-0.106082	-0.101236	-0.0956854	-0.0823165	-0.0567331	-0.0206098	0.023007	0.0663334	0.113446	0.177669	0.246835	0.309772	0.355555	0.3928	0.421353	0.431352	0.41817	0.395531	0.361444	0.324001	
-0.00201509	-0.0453734	-0.074256	-0.0886382	-0.0948356	-0.094659	-0.0925624	-0.0806181	-0.0592674	-0.0206098	0.0307246	0.0851833	0.124407	0.166487	0.217246	0.279075	0.325945	0.348063	0.347835	0.341732	0.320768	0.295251	0.261027	0.222991	0.185303	
0.046991	-0.00844373	-0.0426389	-0.0618067	-0.0699419	-0.0706319	-0.0660458	-0.0521843	-0.0245977	0.023007	0.0851833	0.140159	0.17558	0.210576	0.252645	0.300714	0.328433	0.326008	0.297152	0.257839	0.213192	0.173059	0.125841	0.0814836	0.0417986	
0.0895406	0.0363063	0.0011879	-0.016488	-0.0218943	-0.0240027	-0.0192031	-0.00840166	0.0203279	0.0663334	0.124407	0.17558	0.215034	0.24318	0.275104	0.312018	0.325329	0.296182	0.241178	0.172982	0.104154	0.0442761	-0.00891741	-0.0539996	-0.0913095	
0.134211	0.0857166	0.052764	0.0377395	0.0353051	0.035139	0.0360674	0.0450729	0.0699948	0.113446	0.166487	0.210576	0.24318	0.266654	0.285055	0.302375	0.298612	0.250423	0.172413	0.0755337	-0.01178	-0.0800472	-0.133843	-0.180586	-0.209111	
0.193361	0.152664	0.114859	0.0908435	0.082818	0.0829733	0.0855914	0.103047	0.136694	0.177669	0.217246	0.252645	0.275104	0.285055	0.283462	0.269484	0.234607	0.170143	0.0750672	-0.0352448	-0.126575	-0.190726	-0.241586	-0.281045	-0.300939	
0.261054	0.222069	0.179746	0.151758	0.138707	0.137206	0.144744	0.166545	0.204208	0.246835	0.279075	0.300714	0.312018	0.302375	0.269484	0.2147	0.147084	0.0611389	-0.0435193	-0.149422	-0.232505	-0.290454	-0.324892	-0.346436	-0.355089	
0.317242	0.292915	0.255253	0.222195	0.208793	0.207144	0.214195	0.240784	0.278343	0.309772	0.325945	0.328433	0.325329	0.298612	0.234607	0.147084	0.0525677	-0.049024	-0.153545	-0.251378	-0.324926	-0.364351	-0.382427	-0.389872	-0.385161	
0.354383	0.352867	0.334607	0.307451	0.297688	0.29652	0.301756	0.322663	0.348389	0.355555	0.348063	0.326008	0.296182	0.250423	0.170143	0.0611389	-0.049024	-0.152731	-0.245757	-0.327393	-0.388485	-0.41866	-0.427029	-0.425215	-0.410082	
0.377436	0.409081	0.413925	0.406702	0.402653	0.401632	0.404963	0.410747	0.414815	0.3928	0.347835	0.297152	0.241178	0.172413	0.0750672	-0.0435193	-0.153545	-0.245757	-0.32056	-0.373326	-0.416068	-0.442156	-0.450586	-0.43884	-0.412093	
0.391994	0.45409	0.48594	0.508612	0.509647	0.508295	0.511276	0.496374	0.468768	0.421353	0.341732	0.257839	0.172982	0.0755337	-0.0352448	-0.149422	-0.251378	-0.327393	-0.373326	-0.401416	-0.423331	-0.436709	-0.442771	-0.428472	-0.397055	
0.388855	0.485044	0.548607	0.592373	0.608164	0.609518	0.602002	0.568639	0.513388	0.431352	0.320768	0.213192	0.104154	-0.01178	-0.126575	-0.232505	-0.324926	-0.388485	-0.416068	-0.423331	-0.423837	-0.422498	-0.421293	-0.402005	-0.363316	
0.36861	0.489382	0.587027	0.650712	0.68719	0.692634	0.669404	0.615278	0.532817	0.41817	0.295251	0.173059	0.0442761	-0.0800472	-0.190726	-0.290454	-0.364351	-0.41866	-0.442156	-0.436709	-0.422498	-0.414487	-0.403619	-0.380122	-0.330548	
0.341369	0.475267	0.592567	0.677734	0.727527	0.735397	0.702645	0.631184	0.52545	0.395531	0.261027	0.125841	-0.00891741	-0.133843	-0.241586	-0.324892	-0.382427	-0.427029	-0.450586	-0.442771	-0.421293	-0.403619	-0.387439	-0.361875	-0.316018	
0.306663	0.444056	0.574309	0.67454	0.734775	0.745174	0.704559	0.618253	0.498635	0.361444	0.222991	0.0814836	-0.0539996	-0.180586	-0.281045	-0.346436	-0.389872	-0.425215	-0.43884	-0.428472	-0.402005	-0.380122	-0.361875	-0.341558	-0.310543	
0.268171	0.407826	0.539872	0.646937	0.718333	0.731344	0.680716	0.586101	0.462221	0.324001	0.185303	0.0417986	-0.0913095	-0.209111	-0.300939	-0.355089	-0.385161	-0.410082	-0.412093	-0.397055	-0.363316	-0.330548	-0.316018	-0.310543	-0.288134	
