0.563177	0.513645	0.492193	0.497633	0.529569	0.573441	0.621143	0.669644	0.717127	0.754382	0.787911	0.814548	0.832698	0.847491	0.855969	0.861116	0.860964	0.860981	0.85395	0.84997	0.84026	0.832861	0.8231	0.814808	0.805615	
0.513645	0.427892	0.370676	0.359172	0.381669	0.415367	0.461335	0.512085	0.560336	0.605718	0.650381	0.68922	0.724848	0.757171	0.783869	0.806283	0.825261	0.838746	0.849454	0.857356	0.86119	0.865012	0.865303	0.865745	0.864999	
0.492193	0.370676	0.291923	0.267277	0.262255	0.27554	0.30979	0.348557	0.391989	0.437759	0.486478	0.52997	0.573637	0.613493	0.647774	0.680939	0.70809	0.732834	0.754284	0.772193	0.787665	0.800889	0.810948	0.820342	0.826638	
0.497633	0.359172	0.267277	0.207663	0.167469	0.167274	0.186864	0.214099	0.249249	0.290628	0.331196	0.367036	0.409741	0.44334	0.480398	0.514254	0.545633	0.575815	0.603224	0.627567	0.650408	0.669483	0.686804	0.701431	0.71347	
0.529569	0.381669	0.262255	0.167469	0.116143	0.106701	0.106587	0.118075	0.141449	0.169457	0.192181	0.225447	0.258504	0.286486	0.323726	0.352085	0.38417	0.41236	0.440189	0.463464	0.488803	0.50603	0.527767	0.540242	0.556988	
0.573441	0.415367	0.27554	0.167274	0.106701	0.072205	0.0494772	0.0516349	0.0649518	0.0776107	0.0972	0.126189	0.143949	0.17078	0.196405	0.216638	0.242678	0.264325	0.285007	0.307212	0.325416	0.343276	0.360991	0.373331	0.38884	
0.621143	0.461335	0.30979	0.186864	0.106587	0.0494772	0.0219599	0.0199427	0.0198513	0.0263981	0.0418729	0.0538801	0.0636995	0.084877	0.0959128	0.113121	0.13202	0.146023	0.164083	0.181438	0.193711	0.212633	0.221846	0.237319	0.245841	
0.669644	0.512085	0.348557	0.214099	0.118075	0.0516349	0.0199427	0.00293628	-0.0059714	-0.00431214	0.00148622	0.00545213	0.0156418	0.0283227	0.0337741	0.0506591	0.0590443	0.0704624	0.0838047	0.0924116	0.103518	0.114713	0.120206	0.133026	0.135351	
0.717127	0.560336	0.391989	0.249249	0.141449	0.0649518	0.0198513	-0.0059714	-0.0184077	-0.020461	-0.017995	-0.0163886	-0.00774045	-0.00442213	0.00127142	0.0100579	0.0122757	0.0217303	0.02668	0.0323077	0.0403259	0.0446527	0.0510767	0.0573784	0.0599071	
0.754382	0.605718	0.437759	0.290628	0.169457	0.0776107	0.0263981	-0.00431214	-0.020461	-0.0243525	-0.0272799	-0.0268946	-0.0237909	-0.023466	-0.018998	-0.0164152	-0.0131496	-0.00823458	-0.00486374	-0.000730802	0.00478209	0.0064566	0.0132416	0.0137642	0.0193316	
0.787911	0.650381	0.486478	0.331196	0.192181	0.0972	0.0418729	0.00148622	-0.017995	-0.0272799	-0.0320853	-0.0340134	-0.0319671	-0.0313507	-0.0291663	-0.0257506	-0.0248679	-0.0208072	-0.0198184	-0.0169357	-0.0150854	-0.0136284	-0.0111204	-0.0105716	-0.00805335	
0.814548	0.68922	0.52997	0.367036	0.225447	0.126189	0.0538801	0.00545213	-0.0163886	-0.0268946	-0.0340134	-0.0347274	-0.0316297	-0.0351494	-0.0304444	-0.0315209	-0.0311103	-0.0289296	-0.0297129	-0.0280941	-0.0267397	-0.0269591	-0.0240577	-0.0247818	-0.022228	
0.832698	0.724848	0.573637	0.409741	0.258504	0.143949	0.0636995	0.0156418	-0.00774045	-0.0237909	-0.0319671	-0.0316297	-0.0357746	-0.0368956	-0.0337403	-0.0370623	-0.0338592	-0.0331232	-0.0334174	-0.0304453	-0.0305738	-0.0299231	-0.0273263	-0.0296292	-0.0255637	
0.847491	0.757171	0.613493	0.44334	0.286486	0.17078	0.084877	0.0283227	-0.00442213	-0.023466	-0.0313507	-0.0351494	-0.0368956	-0.0354966	-0.0342543	-0.0350991	-0.0319129	-0.0331774	-0.0326462	-0.0310313	-0.0334767	-0.0306261	-0.0327626	-0.0313999	-0.0314833	
0.855969	0.783869	0.647774	0.480398	0.323726	0.196405	0.0959128	0.0337741	0.00127142	-0.018998	-0.0291663	-0.0304444	-0.0337403	-0.0342543	-0.0338163	-0.0357759	-0.0341471	-0.0358569	-0.0343969	-0.0347647	-0.0342394	-0.0334787	-0.0334023	-0.0327927	-0.0321675	
0.861116	0.806283	0.680939	0.514254	0.352085	0.216638	0.113121	0.0506591	0.0100579	-0.0164152	-0.0257506	-0.0315209	-0.0370623	-0.0350991	-0.0357759	-0.036294	-0.0334022	-0.0342424	-0.0331208	-0.031765	-0.0330821	-0.0308228	-0.0324787	-0.0310151	-0.0317398	
0.860964	0.825261	0.70809	0.545633	0.38417	0.242678	0.13202	0.0590443	0.0122757	-0.0131496	-0.0248679	-0.0311103	-0.0338592	-0.0319129	-0.0341471	-0.0334022	-0.0319991	-0.0348483	-0.0322146	-0.0339046	-0.0339126	-0.0325428	-0.0345605	-0.0323274	-0.0338572	
0.860981	0.838746	0.732834	0.575815	0.41236	0.264325	0.146023	0.0704624	0.0217303	-0.00823458	-0.0208072	-0.0289296	-0.0331232	-0.0331774	-0.0358569	-0.0342424	-0.0348483	-0.0347581	-0.0331013	-0.0339296	-0.0326258	-0.0320168	-0.0328457	-0.030562	-0.0325605	
0.85395	0.849454	0.754284	0.603224	0.440189	0.285007	0.164083	0.0838047	0.02668	-0.00486374	-0.0198184	-0.0297129	-0.0334174	-0.0326462	-0.0343969	-0.0331208	-0.0322146	-0.0331013	-0.0313394	-0.0324238	-0.0316386	-0.0317409	-0.0321394	-0.0313957	-0.0323898	
0.84997	0.857356	0.772193	0.627567	0.463464	0.307212	0.181438	0.0924116	0.0323077	-0.000730802	-0.0169357	-0.0280941	-0.0304453	-0.0310313	-0.0347647	-0.031765	-0.0339046	-0.0339296	-0.0324238	-0.0341622	-0.0327434	-0.0325336	-0.0335045	-0.0311307	-0.0333518	
0.84026	0.86119	0.787665	0.650408	0.488803	0.325416	0.193711	0.103518	0.0403259	0.00478209	-0.0150854	-0.0267397	-0.0305738	-0.0334767	-0.0342394	-0.0330821	-0.0339126	-0.0326258	-0.0316386	-0.0327434	-0.0300511	-0.0320218	-0.0301788	-0.030678	-0.0309496	
0.832861	0.865012	0.800889	0.669483	0.50603	0.343276	0.212633	0.114713	0.0446527	0.0064566	-0.0136284	-0.0269591	-0.0299231	-0.0306261	-0.0334787	-0.0308228	-0.0325428	-0.0320168	-0.0317409	-0.0325336	-0.0320218	-0.0322668	-0.0325086	-0.0318197	-0.0326652	
0.8231	0.865303	0.810948	0.686804	0.527767	0.360991	0.221846	0.120206	0.0510767	0.0132416	-0.0111204	-0.0240577	-0.0273263	-0.0327626	-0.0334023	-0.0324787	-0.0345605	-0.0328457	-0.0321394	-0.0335045	-0.0301788	-0.0325086	-0.0300839	-0.0306416	-0.0306271	
0.814808	0.865745	0.820342	0.701431	0.540242	0.373331	0.237319	0.133026	0.0573784	0.0137642	-0.0105716	-0.0247818	-0.0296292	-0.0313999	-0.0327927	-0.0310151	-0.0323274	-0.030562	-0.0313957	-0.0311307	-0.030678	-0.0318197	-0.0306416	-0.0318382	-0.0311699	
0.805615	0.864999	0.826638	0.71347	0.556988	0.38884	0.245841	0.135351	0.0599071	0.0193316	-0.00805335	-0.022228	-0.0255637	-0.0314833	-0.0321675	-0.0317398	-0.0338572	-0.0325605	-0.0323898	-0.0333518	-0.0309496	-0.0326652	-0.0306271	-0.0311699	-0.0307719	
0.79921	0.863508	0.832462	0.723779	0.565623	0.397207	0.256062	0.145802	0.0674976	0.0203261	-0.0077863	-0.0223513	-0.0285382	-0.0319107	-0.0325897	-0.0314015	-0.0328771	-0.0302876	-0.0314185	-0.030807	-0.0298204	-0.0314967	-0.0294209	-0.0313466	-0.0300146	
0.791155	0.862709	0.836453	0.731572	0.577077	0.408023	0.263089	0.147785	0.06753	0.023359	-0.00595002	-0.0209901	-0.025402	-0.0307947	-0.0311596	-0.0313047	-0.0328194	-0.0316383	-0.032309	-0.0324078	-0.0312349	-0.0325052	-0.0306811	-0.0317456	-0.0307127	
0.787966	0.860983	0.839238	0.737405	0.58201	0.413813	0.268996	0.153497	0.0734821	0.0249199	-0.00556878	-0.0205577	-0.0269487	-0.0316491	-0.0324439	-0.0315209	-0.03341	-0.0307844	-0.0317076	-0.0311938	-0.0298709	-0.0313655	-0.0293054	-0.0308448	-0.0296462	
0.782275	0.860499	0.841598	0.741904	0.588366	0.418553	0.272741	0.155807	0.0732567	0.0257244	-0.00484653	-0.0201969	-0.026147	-0.0308749	-0.0307396	-0.0312377	-0.0321443	-0.0306111	-0.0320122	-0.0313421	-0.0308708	-0.0322098	-0.0301501	-0.0320573	-0.0303373	
0.782276	0.859596	0.842053	0.743259	0.589675	0.422191	0.275369	0.156515	0.07533	0.0270084	-0.00427795	-0.0197248	-0.0254574	-0.0310178	-0.0322008	-0.0313978	-0.0336871	-0.0314391	-0.032095	-0.0317863	-0.0304552	-0.0314223	-0.0298636	-0.0305738	-0.0298872	
0.780268	0.859737	0.842893	0.744832	0.590843	0.420603	0.275093	0.158584	0.0758995	0.0262821	-0.00476753	-0.0200098	-0.0272444	-0.0312774	-0.0308793	-0.0313337	-0.0318932	-0.0298865	-0.0316801	-0.0305718	-0.0302987	-0.0319241	-0.0295	-0.0321289	-0.0298987	
0.78285	0.859936	0.841469	0.741985	0.588959	0.421741	0.274318	0.154805	0.0736253	0.0267717	-0.00414956	-0.0197293	-0.0244603	-0.0306428	-0.0319781	-0.0312933	-0.0338633	-0.0319641	-0.0324157	-0.0323676	-0.0309854	-0.0316534	-0.0304596	-0.0305217	-0.0303315	
0.785261	0.860806	0.840614	0.74026	0.584423	0.414492	0.270687	0.155993	0.0745653	0.0246404	-0.00568735	-0.0206836	-0.0283616	-0.0315037	-0.0313915	-0.0313053	-0.0318945	-0.0295887	-0.0314602	-0.030228	-0.0300065	-0.0317093	-0.0292511	-0.0320568	-0.0297608	
0.789796	0.861915	0.837327	0.733758	0.579859	0.412024	0.2655	0.148451	0.0690639	0.0245853	-0.00526409	-0.020328	-0.0243008	-0.0308906	-0.0319537	-0.0314731	-0.0340495	-0.0323164	-0.0325423	-0.0328579	-0.031074	-0.0320353	-0.0306411	-0.0306716	-0.0306019	
0.796385	0.863103	0.834319	0.72766	0.569279	0.400779	0.259756	0.148044	0.0689056	0.0207287	-0.00746722	-0.0222748	-0.0291207	-0.0313678	-0.0321144	-0.0310024	-0.0321237	-0.0297663	-0.0314376	-0.0304062	-0.0302168	-0.0315862	-0.0297025	-0.0317984	-0.0302055	
0.80248	0.864642	0.828899	0.718129	0.561759	0.392889	0.249483	0.138111	0.0622443	0.0205083	-0.00755867	-0.021471	-0.0254069	-0.0315935	-0.032254	-0.0319645	-0.0340677	-0.032503	-0.0323975	-0.0331197	-0.0307657	-0.0324596	-0.0303953	-0.0310764	-0.0305752	
0.811884	0.865168	0.822847	0.70639	0.545984	0.37991	0.241953	0.134771	0.0593976	0.0151329	-0.00990713	-0.0243733	-0.0292101	-0.0312238	-0.0329289	-0.0306864	-0.0327578	-0.0304837	-0.0316207	-0.0312144	-0.0307043	-0.0316256	-0.0306438	-0.0312714	-0.0311434	
0.8193	0.866249	0.81495	0.693826	0.533666	0.365228	0.227821	0.124657	0.0532685	0.0142094	-0.0107772	-0.0234667	-0.0278324	-0.0320042	-0.0329365	-0.0323614	-0.0336104	-0.0326194	-0.0320156	-0.0330807	-0.0306568	-0.0326765	-0.0304089	-0.0316284	-0.0306768	
0.829347	0.864716	0.804618	0.676178	0.514934	0.351546	0.216803	0.116931	0.0477285	0.00874667	-0.012894	-0.0261451	-0.0291646	-0.0317798	-0.0337319	-0.0311041	-0.0337724	-0.0316238	-0.0319121	-0.0323949	-0.0308997	-0.0318884	-0.0312525	-0.030689	-0.0318774	
0.837415	0.863859	0.793583	0.658974	0.495397	0.331537	0.202147	0.108056	0.0416539	0.00575009	-0.0145381	-0.0265261	-0.0304268	-0.0314825	-0.0338753	-0.032123	-0.0328411	-0.0330362	-0.0316528	-0.033162	-0.031488	-0.0325449	-0.0317096	-0.0318662	-0.0317507	
0.845938	0.858582	0.778128	0.637018	0.475068	0.314922	0.185452	0.0967648	0.0361505	0.00170485	-0.0163787	-0.0272438	-0.0307444	-0.0330975	-0.034546	-0.0327654	-0.0343766	-0.0327078	-0.0321134	-0.0329444	-0.0307083	-0.0320339	-0.0310049	-0.0305519	-0.0316986	
0.852879	0.853713	0.762127	0.612708	0.448816	0.294374	0.172487	0.087113	0.0277657	-0.00335884	-0.0187107	-0.029505	-0.0314358	-0.0308103	-0.0345418	-0.0317368	-0.0327299	-0.0341917	-0.0318391	-0.0341434	-0.0330415	-0.0325341	-0.034012	-0.0315597	-0.0336915	
0.858202	0.842966	0.741869	0.587955	0.424207	0.27148	0.152128	0.0766681	0.0250444	-0.00676714	-0.0202931	-0.0289741	-0.0347113	-0.0339317	-0.0354661	-0.0346376	-0.0335168	-0.0332781	-0.0320691	-0.0320451	-0.031274	-0.0313437	-0.0311935	-0.0308939	-0.0314202	
0.861393	0.831463	0.718127	0.557146	0.39618	0.252957	0.13791	0.0623053	0.0145959	-0.0110653	-0.0233551	-0.0300386	-0.0316165	-0.0318632	-0.0344665	-0.0332134	-0.0338521	-0.035744	-0.0330508	-0.0354956	-0.0339679	-0.0331761	-0.0347795	-0.0315644	-0.0341813	
0.861738	0.81407	0.692912	0.527302	0.363623	0.226357	0.121036	0.0556652	0.0121117	-0.0158927	-0.025097	-0.0325138	-0.0376024	-0.0338339	-0.0357289	-0.0348904	-0.0319546	-0.0335118	-0.0321132	-0.0311332	-0.0333012	-0.0304764	-0.033312	-0.0313034	-0.0326515	
0.858613	0.793478	0.661049	0.495106	0.3363	0.204486	0.10175	0.0386887	0.00467451	-0.0174104	-0.0277134	-0.0290556	-0.0342942	-0.0344676	-0.0345238	-0.0367088	-0.0347757	-0.0362061	-0.034554	-0.03466	-0.0337778	-0.0331495	-0.0327318	-0.0322445	-0.0316116	
0.851504	0.768265	0.62739	0.457319	0.300887	0.182083	0.0903759	0.0311954	-0.00241896	-0.0224744	-0.0311292	-0.0347343	-0.0358886	-0.0349584	-0.0337764	-0.0345808	-0.0320642	-0.0335821	-0.0329893	-0.0320184	-0.0341319	-0.0314789	-0.0337671	-0.0319935	-0.0325857	
0.839824	0.738865	0.590487	0.42448	0.26874	0.153286	0.0719772	0.0200104	-0.00561226	-0.0231619	-0.0311683	-0.03203	-0.0369428	-0.0361597	-0.034991	-0.0368323	-0.033846	-0.0337157	-0.0335305	-0.0309932	-0.0319353	-0.0303401	-0.0295689	-0.0304622	-0.0278874	
0.821766	0.703588	0.546859	0.384534	0.240261	0.133208	0.0576226	0.00921627	-0.0136965	-0.0258676	-0.0343616	-0.0331953	-0.0334512	-0.03603	-0.0309471	-0.0343749	-0.0316638	-0.0310634	-0.031373	-0.0294033	-0.0286279	-0.0289082	-0.0254555	-0.0279792	-0.0234708	
0.800223	0.667304	0.504067	0.344292	0.20462	0.109173	0.0470681	0.00268208	-0.0176676	-0.0266108	-0.0332731	-0.034897	-0.0314989	-0.0340427	-0.0300735	-0.0285066	-0.0286866	-0.024541	-0.0249606	-0.0226484	-0.0205969	-0.0205206	-0.0173121	-0.0175257	-0.0151346	
