1.09919	1.17482	1.20074	1.19265	1.15307	1.08264	0.9879	0.881611	0.783878	0.704619	0.640139	0.575987	0.496315	0.388035	0.233216	0.0526809	-0.134777	-0.307874	-0.442673	-0.520526	-0.557368	-0.564783	-0.543434	-0.490632	-0.395766	
1.17482	1.23815	1.26559	1.26785	1.23842	1.16617	1.06521	0.957622	0.85398	0.766125	0.695139	0.628157	0.552065	0.447555	0.302685	0.130802	-0.0405889	-0.197492	-0.317879	-0.387179	-0.416791	-0.420997	-0.393845	-0.330491	-0.222989	
1.20074	1.26559	1.30454	1.32082	1.30085	1.23335	1.13382	1.02035	0.903784	0.805168	0.727704	0.661251	0.588139	0.491836	0.360807	0.20651	0.0572564	-0.0721411	-0.171966	-0.235005	-0.259846	-0.258091	-0.227098	-0.16363	-0.0553302	
1.19265	1.26785	1.32082	1.34218	1.32271	1.26606	1.17678	1.06183	0.941168	0.834838	0.751145	0.677503	0.599898	0.511048	0.409429	0.28569	0.163023	0.0570231	-0.028311	-0.0834465	-0.105659	-0.0996914	-0.0739534	-0.0171966	0.0875528	
1.15307	1.23842	1.30085	1.32271	1.31904	1.27437	1.19313	1.08317	0.965777	0.857116	0.757577	0.668988	0.587841	0.511008	0.435649	0.349769	0.260194	0.182837	0.117792	0.0676329	0.0418459	0.0439898	0.0625507	0.113898	0.206632	
1.08264	1.16617	1.23335	1.26606	1.27437	1.24599	1.17455	1.06668	0.949533	0.833763	0.725711	0.629508	0.546305	0.475602	0.423405	0.376589	0.33195	0.297197	0.263934	0.224213	0.192876	0.187247	0.198048	0.238641	0.311044	
0.9879	1.06521	1.13382	1.17678	1.19313	1.17455	1.10139	0.989154	0.866953	0.743414	0.636609	0.544673	0.461266	0.397161	0.369269	0.367004	0.377129	0.39008	0.393077	0.379183	0.356505	0.339364	0.332736	0.348214	0.402054	
0.881611	0.957622	1.02035	1.06183	1.08317	1.06668	0.989154	0.871	0.738183	0.61429	0.508297	0.416081	0.337194	0.285493	0.286783	0.330921	0.389872	0.450213	0.492709	0.51127	0.505506	0.478743	0.454195	0.451804	0.484642	
0.783878	0.85398	0.903784	0.941168	0.965777	0.949533	0.866953	0.738183	0.598176	0.469441	0.35695	0.259068	0.182427	0.149805	0.17835	0.256975	0.35502	0.454482	0.536614	0.588312	0.601758	0.584658	0.561278	0.553117	0.563255	
0.704619	0.766125	0.805168	0.834838	0.857116	0.833763	0.743414	0.61429	0.469441	0.324117	0.194063	0.0936008	0.0223489	0.00185348	0.0439326	0.145606	0.273581	0.398553	0.509103	0.58782	0.63368	0.645957	0.638266	0.62941	0.62225	
0.640139	0.695139	0.727704	0.751145	0.757577	0.725711	0.636609	0.508297	0.35695	0.194063	0.0486076	-0.05791	-0.128565	-0.146392	-0.0964932	0.0181359	0.162031	0.300434	0.429412	0.53212	0.606796	0.650856	0.666631	0.659291	0.64285	
0.575987	0.628157	0.661251	0.677503	0.668988	0.629508	0.544673	0.416081	0.259068	0.0936008	-0.05791	-0.166469	-0.239157	-0.26207	-0.209728	-0.0972471	0.042385	0.186931	0.323668	0.442153	0.537327	0.607788	0.652282	0.653967	0.6259	
0.496315	0.552065	0.588139	0.599898	0.587841	0.546305	0.461266	0.337194	0.182427	0.0223489	-0.128565	-0.239157	-0.305975	-0.326499	-0.28289	-0.185534	-0.0583686	0.0803212	0.213887	0.336653	0.447729	0.545538	0.612735	0.618529	0.584232	
0.388035	0.447555	0.491836	0.511048	0.511008	0.475602	0.397161	0.285493	0.149805	0.00185348	-0.146392	-0.26207	-0.326499	-0.343232	-0.308511	-0.229988	-0.118329	0.00316719	0.121261	0.24013	0.358156	0.469559	0.539386	0.550171	0.50799	
0.233216	0.302685	0.360807	0.409429	0.435649	0.423405	0.369269	0.286783	0.17835	0.0439326	-0.0964932	-0.209728	-0.28289	-0.308511	-0.28874	-0.228109	-0.140861	-0.0483375	0.0471143	0.155685	0.266827	0.368686	0.433036	0.443847	0.401858	
0.0526809	0.130802	0.20651	0.28569	0.349769	0.376589	0.367004	0.330921	0.256975	0.145606	0.0181359	-0.0972471	-0.185534	-0.229988	-0.228109	-0.200757	-0.153063	-0.0892914	-0.0134063	0.0801279	0.174222	0.256436	0.307312	0.311194	0.268852	
-0.134777	-0.0405889	0.0572564	0.163023	0.260194	0.33195	0.377129	0.389872	0.35502	0.273581	0.162031	0.042385	-0.0583686	-0.118329	-0.140861	-0.153063	-0.149913	-0.116145	-0.060808	0.0131196	0.0897059	0.152036	0.181001	0.1698	0.121498	
-0.307874	-0.197492	-0.0721411	0.0570231	0.182837	0.297197	0.39008	0.450213	0.454482	0.398553	0.300434	0.186931	0.0803212	0.00316719	-0.0483375	-0.0892914	-0.116145	-0.116107	-0.089581	-0.0401725	0.0174042	0.0566571	0.066459	0.0420179	-0.0186806	
-0.442673	-0.317879	-0.171966	-0.028311	0.117792	0.263934	0.393077	0.492709	0.536614	0.509103	0.429412	0.323668	0.213887	0.121261	0.0471143	-0.0134063	-0.060808	-0.089581	-0.0881265	-0.0663571	-0.0411811	-0.0295039	-0.0369784	-0.0754276	-0.151838	
-0.520526	-0.387179	-0.235005	-0.0834465	0.0676329	0.224213	0.379183	0.51127	0.588312	0.58782	0.53212	0.442153	0.336653	0.24013	0.155685	0.0801279	0.0131196	-0.0401725	-0.0663571	-0.0802743	-0.0909697	-0.108012	-0.136061	-0.193898	-0.286837	
-0.557368	-0.416791	-0.259846	-0.105659	0.0418459	0.192876	0.356505	0.505506	0.601758	0.63368	0.606796	0.537327	0.447729	0.358156	0.266827	0.174222	0.0897059	0.0174042	-0.0411811	-0.0909697	-0.132611	-0.178414	-0.233008	-0.315038	-0.426869	
-0.564783	-0.420997	-0.258091	-0.0996914	0.0439898	0.187247	0.339364	0.478743	0.584658	0.645957	0.650856	0.607788	0.545538	0.469559	0.368686	0.256436	0.152036	0.0566571	-0.0295039	-0.108012	-0.178414	-0.252723	-0.333931	-0.434472	-0.557259	
-0.543434	-0.393845	-0.227098	-0.0739534	0.0625507	0.198048	0.332736	0.454195	0.561278	0.638266	0.666631	0.652282	0.612735	0.539386	0.433036	0.307312	0.181001	0.066459	-0.0369784	-0.136061	-0.233008	-0.333931	-0.441519	-0.550833	-0.672452	
-0.490632	-0.330491	-0.16363	-0.0171966	0.113898	0.238641	0.348214	0.451804	0.553117	0.62941	0.659291	0.653967	0.618529	0.550171	0.443847	0.311194	0.1698	0.0420179	-0.0754276	-0.193898	-0.315038	-0.434472	-0.550833	-0.658047	-0.754727	
-0.395766	-0.222989	-0.0553302	0.0875528	0.206632	0.311044	0.402054	0.484642	0.563255	0.62225	0.64285	0.6259	0.584232	0.50799	0.401858	0.268852	0.121498	-0.0186806	-0.151838	-0.286837	-0.426869	-0.557259	-0.672452	-0.754727	-0.820477	
-0.266835	-0.0830063	0.0892521	0.234313	0.340485	0.422862	0.493313	0.548197	0.588094	0.615326	0.612554	0.576616	0.519946	0.437319	0.324552	0.191612	0.0400107	-0.115024	-0.26384	-0.410897	-0.563904	-0.699794	-0.799142	-0.854216	-0.882148	
-0.137736	0.0573022	0.244037	0.396909	0.495216	0.558998	0.60562	0.626555	0.622696	0.608696	0.573271	0.513797	0.442555	0.352077	0.235659	0.0945384	-0.0654878	-0.227933	-0.388604	-0.547963	-0.705021	-0.835557	-0.919002	-0.94733	-0.939914	
-0.0178613	0.19014	0.383806	0.537781	0.634192	0.686799	0.710053	0.696341	0.646406	0.582697	0.519869	0.445298	0.36161	0.265538	0.145405	-0.00316957	-0.167618	-0.333863	-0.504069	-0.676161	-0.829954	-0.948993	-1.01837	-1.01902	-0.97118	
0.084611	0.301645	0.493683	0.641528	0.734132	0.776225	0.778819	0.737871	0.653498	0.554184	0.465026	0.380506	0.294054	0.196821	0.0729283	-0.0801695	-0.244987	-0.411466	-0.588165	-0.768074	-0.920932	-1.03208	-1.08633	-1.06639	-0.987455	
0.145402	0.371375	0.558858	0.698552	0.788324	0.825072	0.818559	0.762677	0.658637	0.538524	0.429764	0.335377	0.251752	0.157217	0.0313852	-0.118457	-0.281772	-0.454644	-0.634266	-0.81683	-0.974194	-1.08036	-1.11928	-1.09064	-0.998456	
0.155563	0.383322	0.569695	0.708569	0.796538	0.833242	0.826666	0.768456	0.66064	0.534701	0.423588	0.327261	0.244835	0.149344	0.023299	-0.124178	-0.286666	-0.462691	-0.641924	-0.824206	-0.983117	-1.08821	-1.12427	-1.09387	-1.00079	
0.115142	0.336022	0.525821	0.669426	0.761509	0.800941	0.797716	0.748968	0.655157	0.546406	0.447514	0.358938	0.27371	0.1776	0.0523775	-0.100077	-0.264795	-0.433207	-0.611222	-0.792236	-0.946862	-1.05607	-1.10322	-1.07839	-0.992501	
0.0268139	0.23828	0.431759	0.584545	0.679528	0.727722	0.741442	0.715902	0.650594	0.570845	0.496288	0.418001	0.331958	0.235567	0.113475	-0.0376251	-0.202685	-0.368492	-0.542257	-0.718858	-0.870609	-0.985967	-1.04956	-1.04163	-0.978432	
-0.0888886	0.111865	0.302989	0.457358	0.554219	0.613323	0.650949	0.657559	0.63444	0.599918	0.553888	0.486827	0.409919	0.316172	0.198532	0.0541811	-0.107866	-0.272143	-0.437294	-0.602042	-0.757899	-0.883599	-0.962528	-0.979101	-0.956028	
-0.213327	-0.0266589	0.150848	0.299576	0.401816	0.476042	0.53663	0.578362	0.601668	0.614689	0.597806	0.552528	0.489903	0.4051	0.289961	0.154346	-0.000686527	-0.159602	-0.313519	-0.465241	-0.621238	-0.75707	-0.848524	-0.892986	-0.906081	
-0.347313	-0.16898	0.000168988	0.14264	0.25555	0.350741	0.435008	0.507674	0.570881	0.618781	0.631876	0.608325	0.561436	0.481135	0.372864	0.241513	0.0925126	-0.0541209	-0.193563	-0.333305	-0.479326	-0.612813	-0.723115	-0.793919	-0.845153	
-0.457657	-0.292669	-0.126551	0.0182977	0.146613	0.263805	0.364658	0.460634	0.55589	0.626675	0.654033	0.645764	0.608946	0.538743	0.433441	0.299383	0.155345	0.0226291	-0.101152	-0.227026	-0.357102	-0.480668	-0.598033	-0.697464	-0.782046	
-0.526795	-0.373236	-0.206057	-0.0559819	0.0784124	0.209781	0.334943	0.44958	0.554922	0.634993	0.665072	0.65766	0.622393	0.550895	0.443977	0.314297	0.180251	0.0613763	-0.0477256	-0.15484	-0.261633	-0.371805	-0.484837	-0.595165	-0.708708	
-0.559656	-0.413626	-0.248982	-0.0923047	0.0490763	0.189381	0.335199	0.467439	0.574509	0.643621	0.660435	0.629673	0.577766	0.504278	0.400541	0.281592	0.169083	0.064174	-0.0302482	-0.116759	-0.198536	-0.283807	-0.376705	-0.481392	-0.60544	
-0.563323	-0.422112	-0.262519	-0.105506	0.0403391	0.187147	0.348101	0.496429	0.597821	0.643227	0.628635	0.567896	0.489044	0.404929	0.31001	0.209082	0.117026	0.0366599	-0.0340291	-0.0970311	-0.150251	-0.206624	-0.272334	-0.363112	-0.481466	
-0.539508	-0.402146	-0.248834	-0.0969721	0.0541979	0.209614	0.370482	0.512246	0.597529	0.609922	0.564605	0.483447	0.382439	0.287813	0.200466	0.118487	0.0440347	-0.0166156	-0.0556828	-0.0847877	-0.108584	-0.137055	-0.174543	-0.242612	-0.342341	
-0.480241	-0.351676	-0.201862	-0.053668	0.0954144	0.248078	0.38914	0.502759	0.5617	0.545052	0.474463	0.374097	0.265039	0.168459	0.0891661	0.0222849	-0.0326359	-0.0723298	-0.0809244	-0.0717014	-0.06195	-0.0619644	-0.0778425	-0.122735	-0.205054	
-0.368027	-0.251569	-0.116058	0.0196792	0.155418	0.285019	0.393311	0.46992	0.489745	0.446092	0.354186	0.242881	0.134144	0.05071	-0.0112939	-0.0607339	-0.096459	-0.108188	-0.0928097	-0.0539974	-0.00745058	0.0208338	0.0245799	-0.00519851	-0.0719066	
-0.206917	-0.105653	0.00308479	0.118749	0.226787	0.316292	0.382666	0.415582	0.395649	0.323923	0.218429	0.101055	-0.0031386	-0.0697467	-0.104259	-0.129654	-0.140197	-0.119688	-0.0750445	-0.0108641	0.0591658	0.112965	0.133814	0.116396	0.0637251	
-0.022001	0.0615021	0.144576	0.23481	0.313671	0.358277	0.370112	0.353778	0.295491	0.195892	0.0745742	-0.0433148	-0.137069	-0.187605	-0.19439	-0.183423	-0.15484	-0.102611	-0.0336919	0.0524894	0.138662	0.212792	0.254767	0.254448	0.210649	
0.162219	0.234892	0.300106	0.36232	0.402994	0.404933	0.366483	0.300613	0.205366	0.0791658	-0.0575796	-0.170416	-0.248974	-0.282299	-0.268969	-0.220053	-0.146679	-0.0653482	0.0212506	0.124613	0.229872	0.323763	0.383955	0.392898	0.351605	
0.331553	0.394489	0.443759	0.472833	0.480784	0.452452	0.381544	0.279693	0.153458	0.010813	-0.134974	-0.250239	-0.316347	-0.334826	-0.306411	-0.233804	-0.130212	-0.0193485	0.0896528	0.20473	0.321858	0.432107	0.500811	0.511714	0.469073	
0.457936	0.514687	0.552793	0.5653	0.557357	0.51641	0.43183	0.311056	0.163243	0.00734027	-0.143049	-0.256682	-0.320831	-0.338717	-0.298516	-0.209598	-0.087955	0.0451488	0.174238	0.296683	0.411576	0.517611	0.5879	0.596078	0.557742	
0.545338	0.59927	0.634222	0.648245	0.635665	0.59442	0.51049	0.38322	0.22505	0.0605893	-0.0910294	-0.200009	-0.270538	-0.294332	-0.245016	-0.136308	-0.0017364	0.142211	0.279137	0.400012	0.503218	0.583996	0.638986	0.643464	0.612646	
0.616278	0.669385	0.700058	0.720029	0.721267	0.686101	0.59901	0.469318	0.315754	0.150289	0.0012925	-0.106243	-0.178473	-0.197642	-0.145345	-0.0308008	0.114113	0.255686	0.388608	0.499508	0.582198	0.638127	0.664677	0.660427	0.64003	
