0.506028	0.567662	0.589231	0.571133	0.520658	0.443779	0.359806	0.271498	0.193955	0.148376	0.143676	0.205321	0.315097	0.44331	0.558951	0.640346	0.673457	0.660577	0.604457	0.52488	0.434241	0.343941	0.259787	0.185899	0.13598	
0.567662	0.648096	0.678676	0.666164	0.614915	0.529286	0.419805	0.302235	0.200669	0.136161	0.121131	0.176674	0.28122	0.40707	0.53245	0.633954	0.697999	0.715675	0.682338	0.609828	0.515034	0.418672	0.324114	0.234871	0.173719	
0.589231	0.678676	0.724793	0.72831	0.686877	0.592763	0.464782	0.323196	0.199436	0.116729	0.0879954	0.131617	0.226962	0.347627	0.469672	0.581002	0.665026	0.705591	0.696923	0.643691	0.555806	0.45751	0.356431	0.258687	0.193255	
0.571133	0.666164	0.72831	0.751722	0.715031	0.61975	0.482321	0.323874	0.178639	0.0779957	0.0364979	0.0652534	0.150382	0.257044	0.369435	0.47961	0.576757	0.632497	0.644867	0.608571	0.533526	0.443727	0.348001	0.251553	0.182744	
0.520658	0.614915	0.686877	0.715031	0.688889	0.605285	0.469242	0.299862	0.137735	0.0150286	-0.0398067	-0.0242826	0.0471035	0.141391	0.242102	0.346562	0.443616	0.509921	0.537183	0.516882	0.452956	0.374742	0.28768	0.198092	0.131531	
0.443779	0.529286	0.592763	0.61975	0.605285	0.531651	0.403017	0.231321	0.0568116	-0.0770473	-0.141226	-0.14149	-0.0818149	0.00197065	0.0907846	0.190331	0.290742	0.364131	0.396821	0.383054	0.329477	0.257692	0.176151	0.0969661	0.0410691	
0.359806	0.419805	0.464782	0.482321	0.469242	0.403017	0.280495	0.113892	-0.0618517	-0.199641	-0.273472	-0.279534	-0.230234	-0.157589	-0.0730249	0.0285061	0.127634	0.203596	0.235691	0.220563	0.166729	0.0968738	0.0220766	-0.0423908	-0.0884627	
0.271498	0.302235	0.323196	0.323874	0.299862	0.231321	0.113892	-0.0423345	-0.208329	-0.340973	-0.411047	-0.421174	-0.381466	-0.313398	-0.223447	-0.119991	-0.025665	0.0451791	0.0682472	0.047641	-0.00471133	-0.0723727	-0.143124	-0.197007	-0.226206	
0.193955	0.200669	0.199436	0.178639	0.137735	0.0568116	-0.0618517	-0.208329	-0.360944	-0.474207	-0.536816	-0.546356	-0.510603	-0.440734	-0.348292	-0.249517	-0.165587	-0.0993059	-0.0785321	-0.103946	-0.158222	-0.226817	-0.290936	-0.327159	-0.331589	
0.148376	0.136161	0.116729	0.0779957	0.0150286	-0.0770473	-0.199641	-0.340973	-0.474207	-0.573964	-0.638107	-0.648533	-0.608293	-0.536044	-0.44075	-0.344676	-0.263326	-0.202506	-0.187177	-0.216689	-0.269783	-0.332926	-0.38384	-0.401411	-0.388892	
0.143676	0.121131	0.0879954	0.0364979	-0.0398067	-0.141226	-0.273472	-0.411047	-0.536816	-0.638107	-0.702783	-0.710192	-0.669129	-0.598492	-0.499801	-0.396256	-0.306849	-0.24493	-0.228827	-0.261728	-0.317438	-0.372694	-0.410687	-0.418912	-0.394737	
0.205321	0.176674	0.131617	0.0652534	-0.0242826	-0.14149	-0.279534	-0.421174	-0.546356	-0.648533	-0.710192	-0.725209	-0.692378	-0.62484	-0.516953	-0.397268	-0.296059	-0.231636	-0.208645	-0.236134	-0.292024	-0.351152	-0.390821	-0.393087	-0.355892	
0.315097	0.28122	0.226962	0.150382	0.0471035	-0.0818149	-0.230234	-0.381466	-0.510603	-0.608293	-0.669129	-0.692378	-0.664462	-0.589782	-0.476282	-0.355126	-0.252151	-0.178453	-0.143311	-0.164931	-0.224356	-0.286248	-0.327731	-0.328222	-0.288745	
0.44331	0.40707	0.347627	0.257044	0.141391	0.00197065	-0.157589	-0.313398	-0.440734	-0.536044	-0.598492	-0.62484	-0.589782	-0.507572	-0.405221	-0.293513	-0.190101	-0.109864	-0.0700585	-0.0871824	-0.148069	-0.208484	-0.24388	-0.23666	-0.196115	
0.558951	0.53245	0.469672	0.369435	0.242102	0.0907846	-0.0730249	-0.223447	-0.348292	-0.44075	-0.499801	-0.516953	-0.476282	-0.405221	-0.322605	-0.22137	-0.120546	-0.0418692	-0.00573403	-0.0238562	-0.0767058	-0.130722	-0.159016	-0.14309	-0.0935325	
0.640346	0.633954	0.581002	0.47961	0.346562	0.190331	0.0285061	-0.119991	-0.249517	-0.344676	-0.396256	-0.397268	-0.355126	-0.293513	-0.22137	-0.136867	-0.0595685	0.00484625	0.0382339	0.0310788	-0.0091299	-0.0573271	-0.0797492	-0.0564357	-0.00510355	
0.673457	0.697999	0.665026	0.576757	0.443616	0.290742	0.127634	-0.025665	-0.165587	-0.263326	-0.306849	-0.296059	-0.252151	-0.190101	-0.120546	-0.0595685	-0.00603248	0.0520965	0.0874872	0.0801068	0.046248	0.00604917	-0.00606383	0.0270633	0.0864965	
0.660577	0.715675	0.705591	0.632497	0.509921	0.364131	0.203596	0.0451791	-0.0993059	-0.202506	-0.24493	-0.231636	-0.178453	-0.109864	-0.0418692	0.00484625	0.0520965	0.107316	0.138268	0.127685	0.102259	0.0732215	0.070394	0.11124	0.175319	
0.604457	0.682338	0.696923	0.644867	0.537183	0.396821	0.235691	0.0682472	-0.0785321	-0.187177	-0.228827	-0.208645	-0.143311	-0.0700585	-0.00573403	0.0382339	0.0874872	0.138268	0.169465	0.171078	0.160994	0.145319	0.148892	0.183855	0.242986	
0.52488	0.609828	0.643691	0.608571	0.516882	0.383054	0.220563	0.047641	-0.103946	-0.216689	-0.261728	-0.236134	-0.164931	-0.0871824	-0.0238562	0.0310788	0.0801068	0.127685	0.171078	0.197195	0.199189	0.200424	0.213916	0.245485	0.296915	
0.434241	0.515034	0.555806	0.533526	0.452956	0.329477	0.166729	-0.00471133	-0.158222	-0.269783	-0.317438	-0.292024	-0.224356	-0.148069	-0.0767058	-0.0091299	0.046248	0.102259	0.160994	0.199189	0.222197	0.244013	0.266387	0.297866	0.342727	
0.343941	0.418672	0.45751	0.443727	0.374742	0.257692	0.0968738	-0.0723727	-0.226817	-0.332926	-0.372694	-0.351152	-0.286248	-0.208484	-0.130722	-0.0573271	0.00604917	0.0732215	0.145319	0.200424	0.244013	0.279141	0.305491	0.334739	0.35809	
0.259787	0.324114	0.356431	0.348001	0.28768	0.176151	0.0220766	-0.143124	-0.290936	-0.38384	-0.410687	-0.390821	-0.327731	-0.24388	-0.159016	-0.0797492	-0.00606383	0.070394	0.148892	0.213916	0.266387	0.305491	0.334343	0.358624	0.368855	
0.185899	0.234871	0.258687	0.251553	0.198092	0.0969661	-0.0423908	-0.197007	-0.327159	-0.401411	-0.418912	-0.393087	-0.328222	-0.23666	-0.14309	-0.0564357	0.0270633	0.11124	0.183855	0.245485	0.297866	0.334739	0.358624	0.372614	0.376772	
0.13598	0.173719	0.193255	0.182744	0.131531	0.0410691	-0.0884627	-0.226206	-0.331589	-0.388892	-0.394737	-0.355892	-0.288745	-0.196115	-0.0935325	-0.00510355	0.0864965	0.175319	0.242986	0.296915	0.342727	0.35809	0.368855	0.376772	0.371721	
0.121233	0.155383	0.169557	0.152791	0.103323	0.0169311	-0.101997	-0.21921	-0.307308	-0.354347	-0.351136	-0.308336	-0.234734	-0.141188	-0.0370318	0.0610472	0.15683	0.244623	0.315969	0.365288	0.387513	0.381491	0.376045	0.373757	0.350913	
0.148898	0.184445	0.193141	0.168101	0.111811	0.0244641	-0.0858183	-0.186349	-0.264837	-0.309258	-0.307617	-0.265977	-0.190359	-0.0974488	0.00770306	0.120182	0.222466	0.317274	0.400117	0.436964	0.434438	0.418608	0.392038	0.362426	0.323262	
0.208613	0.249628	0.254589	0.221616	0.148286	0.05467	-0.0507933	-0.148628	-0.22463	-0.273278	-0.281271	-0.241684	-0.169071	-0.0753862	0.0337125	0.155799	0.270115	0.382737	0.476046	0.509598	0.495396	0.463	0.408629	0.351539	0.294289	
0.274357	0.321244	0.325697	0.280353	0.189978	0.087491	-0.0209341	-0.121022	-0.202433	-0.260418	-0.277342	-0.243755	-0.175568	-0.0771117	0.0409304	0.166309	0.298952	0.431808	0.534217	0.574356	0.557095	0.496123	0.422972	0.354735	0.274192	
0.317964	0.370607	0.374649	0.318008	0.219704	0.106765	-0.00274499	-0.103946	-0.19471	-0.257554	-0.278379	-0.257633	-0.186494	-0.0819649	0.0372788	0.167736	0.317704	0.464431	0.569627	0.614976	0.596005	0.523328	0.441813	0.360293	0.252639	
0.326502	0.37983	0.384832	0.324218	0.225153	0.110857	-0.000462225	-0.100241	-0.19322	-0.257356	-0.278878	-0.260071	-0.189033	-0.0835794	0.0363215	0.167322	0.320838	0.469884	0.576343	0.621685	0.602796	0.527959	0.445866	0.361394	0.247882	
0.295079	0.344376	0.348982	0.298764	0.203824	0.096735	-0.0116625	-0.113386	-0.198376	-0.258364	-0.277577	-0.249688	-0.180143	-0.0789315	0.0395652	0.167664	0.309023	0.447422	0.550381	0.594412	0.576962	0.508836	0.430789	0.356932	0.264848	
0.236014	0.279308	0.283947	0.246514	0.165204	0.0688186	-0.0379352	-0.136785	-0.213799	-0.266113	-0.278345	-0.239816	-0.169956	-0.0745014	0.0386073	0.161117	0.282546	0.403919	0.50221	0.537696	0.520475	0.475442	0.413817	0.351708	0.285905	
0.169627	0.207441	0.213821	0.186801	0.124138	0.0344635	-0.072173	-0.170656	-0.246876	-0.291858	-0.293222	-0.253168	-0.178034	-0.0850231	0.0209706	0.138389	0.244828	0.34612	0.432188	0.465757	0.457284	0.438145	0.39986	0.356683	0.310316	
0.127628	0.161286	0.173997	0.152932	0.102943	0.0167763	-0.0995882	-0.207705	-0.291468	-0.337132	-0.333128	-0.289557	-0.215176	-0.122397	-0.0171719	0.0870151	0.183744	0.272906	0.349419	0.393768	0.405552	0.394021	0.380496	0.370079	0.341427	
0.124839	0.160765	0.177929	0.16576	0.116265	0.0270207	-0.0978586	-0.227723	-0.325299	-0.37694	-0.378088	-0.337348	-0.266586	-0.174195	-0.0711013	0.0207765	0.114544	0.202985	0.270705	0.322938	0.360978	0.366794	0.371282	0.376745	0.364757	
0.16278	0.206346	0.227671	0.219271	0.167413	0.0714622	-0.063864	-0.211924	-0.332134	-0.399114	-0.412907	-0.381688	-0.316412	-0.223577	-0.125516	-0.0385043	0.0483973	0.135427	0.205722	0.263555	0.314402	0.344388	0.364549	0.375816	0.37672	
0.228348	0.28657	0.315364	0.308584	0.250511	0.143057	-0.00525233	-0.168092	-0.309678	-0.395393	-0.417554	-0.396928	-0.333549	-0.246079	-0.157817	-0.0757296	0.00272993	0.0825143	0.158687	0.224023	0.277836	0.317963	0.345019	0.364862	0.373087	
0.310136	0.380576	0.418089	0.405953	0.340834	0.226256	0.0668015	-0.101312	-0.254323	-0.356877	-0.391557	-0.370309	-0.307044	-0.227247	-0.146442	-0.0713286	-0.00446678	0.0663763	0.143155	0.204491	0.252749	0.288778	0.317247	0.345602	0.362054	
0.397151	0.476559	0.51634	0.498453	0.42281	0.301634	0.140101	-0.0300895	-0.184677	-0.294397	-0.339814	-0.316997	-0.249712	-0.173715	-0.099844	-0.0291072	0.0301824	0.0908919	0.15478	0.198041	0.230416	0.259894	0.284744	0.314983	0.351372	
0.489517	0.573514	0.611806	0.581405	0.495313	0.365467	0.202072	0.0295426	-0.12341	-0.236237	-0.28379	-0.256967	-0.186302	-0.108517	-0.0426794	0.0180649	0.0676978	0.117317	0.167849	0.200515	0.209505	0.218432	0.235564	0.267582	0.318048	
0.574354	0.656975	0.680263	0.636321	0.535032	0.396805	0.235533	0.0642887	-0.0839974	-0.194643	-0.236684	-0.214069	-0.145116	-0.0697869	-0.00641528	0.0399783	0.0895664	0.138505	0.172546	0.184375	0.179604	0.169898	0.17678	0.209541	0.265049	
0.642621	0.708301	0.708071	0.642465	0.525598	0.382211	0.222459	0.060721	-0.0839807	-0.189956	-0.232404	-0.216592	-0.158627	-0.0882659	-0.0207357	0.0229735	0.0707405	0.124753	0.154019	0.145888	0.126805	0.102286	0.102542	0.142601	0.204936	
0.673019	0.71107	0.686908	0.605202	0.47505	0.324526	0.161658	0.0070192	-0.136465	-0.235513	-0.27769	-0.265712	-0.218059	-0.154029	-0.0851591	-0.0318013	0.0170494	0.0743208	0.109397	0.0988681	0.0674503	0.032149	0.0244	0.0608202	0.123584	
0.66021	0.66425	0.619512	0.521	0.38776	0.231779	0.0693872	-0.0800947	-0.213654	-0.309835	-0.358435	-0.353677	-0.31145	-0.250065	-0.180023	-0.103939	-0.0384985	0.0214733	0.0559236	0.0519955	0.0144091	-0.0317038	-0.0506242	-0.0230374	0.030539	
0.59651	0.576816	0.516083	0.414248	0.284034	0.129286	-0.033789	-0.182991	-0.307927	-0.401068	-0.456995	-0.468166	-0.426779	-0.361085	-0.283796	-0.18846	-0.0946052	-0.0200458	0.013708	-0.0014656	-0.0487391	-0.0999112	-0.126784	-0.107506	-0.0566845	
0.492445	0.458746	0.397299	0.301795	0.181231	0.0368802	-0.125399	-0.280318	-0.405635	-0.500223	-0.562126	-0.586372	-0.547779	-0.46877	-0.373727	-0.266303	-0.162481	-0.0817101	-0.0426404	-0.0606065	-0.11903	-0.176867	-0.20929	-0.198494	-0.154916	
0.365612	0.329991	0.273184	0.191996	0.0835522	-0.0493655	-0.202955	-0.356654	-0.486208	-0.582269	-0.643909	-0.669399	-0.639659	-0.56037	-0.449509	-0.332101	-0.228597	-0.151675	-0.112775	-0.132194	-0.193582	-0.256066	-0.294678	-0.293122	-0.253607	
0.245632	0.21462	0.16555	0.0944341	-0.00039602	-0.123444	-0.265014	-0.410317	-0.53628	-0.637137	-0.698229	-0.716747	-0.688082	-0.61853	-0.506614	-0.384536	-0.281524	-0.213499	-0.186688	-0.210931	-0.267367	-0.329012	-0.370692	-0.3716	-0.331789	
0.160152	0.134877	0.0963839	0.0397227	-0.0411889	-0.148864	-0.283471	-0.422193	-0.547458	-0.649278	-0.713473	-0.722143	-0.683442	-0.61478	-0.512816	-0.402247	-0.308676	-0.245555	-0.227638	-0.25929	-0.315755	-0.370045	-0.407286	-0.413571	-0.384541	
