0.0126596	0.0848192	0.127003	0.133386	0.121298	0.103542	0.0705468	0.0250347	-0.013687	-0.0493402	-0.0772321	-0.0938643	-0.113363	-0.149873	-0.196535	-0.250195	-0.313886	-0.373318	-0.392737	-0.363128	-0.29827	-0.211106	-0.108818	0.00344115	0.123281	
0.0848192	0.171258	0.230584	0.255555	0.252828	0.230698	0.18855	0.138253	0.0892016	0.0343928	-0.0218343	-0.068214	-0.115638	-0.172452	-0.24209	-0.323828	-0.416391	-0.500492	-0.5346	-0.510598	-0.431625	-0.315526	-0.179434	-0.0282617	0.129673	
0.127003	0.230584	0.317626	0.369493	0.382641	0.365596	0.32719	0.279468	0.222994	0.150675	0.072469	0.00289559	-0.064409	-0.141748	-0.235424	-0.347257	-0.469939	-0.577731	-0.631825	-0.625827	-0.559872	-0.43476	-0.266134	-0.0769293	0.116819	
0.133386	0.255555	0.369493	0.457711	0.499894	0.507361	0.485799	0.44425	0.387225	0.308531	0.219141	0.135516	0.0547557	-0.040215	-0.163522	-0.30509	-0.457162	-0.596903	-0.687517	-0.713664	-0.665831	-0.544436	-0.360284	-0.141846	0.086241	
0.121298	0.252828	0.382641	0.499894	0.585438	0.63222	0.642078	0.619888	0.575378	0.505753	0.414621	0.324048	0.233934	0.120528	-0.0294464	-0.201841	-0.391078	-0.564914	-0.68888	-0.748299	-0.729096	-0.619664	-0.437139	-0.212911	0.0342977	
0.103542	0.230698	0.365596	0.507361	0.63222	0.725046	0.783601	0.799473	0.786044	0.734117	0.650352	0.555111	0.448287	0.310743	0.140729	-0.059184	-0.28284	-0.487012	-0.642753	-0.734664	-0.742675	-0.655183	-0.493093	-0.272865	-0.0174453	
0.0705468	0.18855	0.32719	0.485799	0.642078	0.783601	0.901414	0.972456	1.00059	0.975036	0.90737	0.80643	0.680989	0.534331	0.353067	0.133189	-0.114612	-0.34902	-0.544823	-0.66686	-0.697264	-0.640452	-0.506693	-0.307027	-0.0583059	
0.0250347	0.138253	0.279468	0.44425	0.619888	0.799473	0.972456	1.09822	1.17619	1.19538	1.15543	1.06109	0.933455	0.786721	0.600337	0.364831	0.102812	-0.157573	-0.38107	-0.527457	-0.590246	-0.567723	-0.467651	-0.300581	-0.0842448	
-0.013687	0.0892016	0.222994	0.387225	0.575378	0.786044	1.00059	1.17619	1.30439	1.36264	1.34995	1.28209	1.17214	1.02611	0.834854	0.596089	0.323631	0.0481574	-0.186665	-0.343956	-0.426904	-0.435304	-0.371448	-0.247736	-0.0732274	
-0.0493402	0.0343928	0.150675	0.308531	0.505753	0.734117	0.975036	1.19538	1.36264	1.45201	1.47463	1.44339	1.35753	1.22098	1.03311	0.797037	0.526688	0.255348	0.0233923	-0.144176	-0.237823	-0.262334	-0.230034	-0.146552	-0.017779	
-0.0772321	-0.0218343	0.072469	0.219141	0.414621	0.650352	0.90737	1.15543	1.34995	1.47463	1.53729	1.5436	1.48421	1.36565	1.18733	0.96122	0.706107	0.448431	0.222569	0.0511727	-0.0467145	-0.0798129	-0.0723093	-0.0211518	0.0634184	
-0.0938643	-0.068214	0.00289559	0.135516	0.324048	0.555111	0.80643	1.06109	1.28209	1.44339	1.5436	1.58527	1.55838	1.45699	1.2855	1.07215	0.836082	0.594925	0.377689	0.215239	0.116556	0.0724777	0.0714383	0.101666	0.150259	
-0.113363	-0.115638	-0.064409	0.0547557	0.233934	0.448287	0.680989	0.933455	1.17214	1.35753	1.48421	1.55838	1.56268	1.47897	1.31968	1.11799	0.898002	0.67665	0.47503	0.324637	0.234083	0.189662	0.178295	0.185794	0.208029	
-0.149873	-0.172452	-0.141748	-0.040215	0.120528	0.310743	0.534331	0.786721	1.02611	1.22098	1.36565	1.45699	1.47897	1.41128	1.27259	1.09519	0.892072	0.693991	0.516138	0.375936	0.2864	0.242129	0.225278	0.222717	0.235388	
-0.196535	-0.24209	-0.235424	-0.163522	-0.0294464	0.140729	0.353067	0.600337	0.834854	1.03311	1.18733	1.2855	1.31968	1.27259	1.16187	1.00755	0.831982	0.656222	0.496669	0.365023	0.2788	0.233819	0.212567	0.212347	0.22581	
-0.250195	-0.323828	-0.347257	-0.30509	-0.201841	-0.059184	0.133189	0.364831	0.596089	0.797037	0.96122	1.07215	1.11799	1.09519	1.00755	0.877966	0.725209	0.568532	0.425207	0.303699	0.2232	0.177101	0.158411	0.160325	0.184507	
-0.313886	-0.416391	-0.469939	-0.457162	-0.391078	-0.28284	-0.114612	0.102812	0.323631	0.526688	0.706107	0.836082	0.898002	0.892072	0.831982	0.725209	0.589193	0.443403	0.313033	0.199851	0.121877	0.0816241	0.0722618	0.0851513	0.115228	
-0.373318	-0.500492	-0.577731	-0.596903	-0.564914	-0.487012	-0.34902	-0.157573	0.0481574	0.255348	0.448431	0.594925	0.67665	0.693991	0.656222	0.568532	0.443403	0.304159	0.179967	0.0746845	-0.000566334	-0.0394535	-0.0448505	-0.0241967	0.0148832	
-0.392737	-0.5346	-0.631825	-0.687517	-0.68888	-0.642753	-0.544823	-0.38107	-0.186665	0.0233923	0.222569	0.377689	0.47503	0.516138	0.496669	0.425207	0.313033	0.179967	0.0597804	-0.0448777	-0.125018	-0.174651	-0.186772	-0.165278	-0.115344	
-0.363128	-0.510598	-0.625827	-0.713664	-0.748299	-0.734664	-0.66686	-0.527457	-0.343956	-0.144176	0.0511727	0.215239	0.324637	0.375936	0.365023	0.303699	0.199851	0.0746845	-0.0448777	-0.159211	-0.252586	-0.318175	-0.339991	-0.318031	-0.261144	
-0.29827	-0.431625	-0.559872	-0.665831	-0.729096	-0.742675	-0.697264	-0.590246	-0.426904	-0.237823	-0.0467145	0.116556	0.234083	0.2864	0.2788	0.2232	0.121877	-0.000566334	-0.125018	-0.252586	-0.364111	-0.448743	-0.485729	-0.45955	-0.392311	
-0.211106	-0.315526	-0.43476	-0.544436	-0.619664	-0.655183	-0.640452	-0.567723	-0.435304	-0.262334	-0.0798129	0.0724777	0.189662	0.242129	0.233819	0.177101	0.0816241	-0.0394535	-0.174651	-0.318175	-0.448743	-0.544763	-0.590769	-0.569463	-0.494755	
-0.108818	-0.179434	-0.266134	-0.360284	-0.437139	-0.493093	-0.506693	-0.467651	-0.371448	-0.230034	-0.0723093	0.0714383	0.178295	0.225278	0.212567	0.158411	0.0722618	-0.0448505	-0.186772	-0.339991	-0.485729	-0.590769	-0.63853	-0.619115	-0.54253	
0.00344115	-0.0282617	-0.0769293	-0.141846	-0.212911	-0.272865	-0.307027	-0.300581	-0.247736	-0.146552	-0.0211518	0.101666	0.185794	0.222717	0.212347	0.160325	0.0851513	-0.0241967	-0.165278	-0.318031	-0.45955	-0.569463	-0.619115	-0.605753	-0.538229	
0.123281	0.129673	0.116819	0.086241	0.0342977	-0.0174453	-0.0583059	-0.0842448	-0.0732274	-0.017779	0.0634184	0.150259	0.208029	0.235388	0.22581	0.184507	0.115228	0.0148832	-0.115344	-0.261144	-0.392311	-0.494755	-0.54253	-0.538229	-0.471768	
0.248268	0.289805	0.315906	0.319219	0.296456	0.258598	0.211203	0.163873	0.129291	0.12646	0.156913	0.20293	0.243633	0.264089	0.255536	0.218675	0.155059	0.0655445	-0.0509792	-0.18208	-0.302091	-0.388025	-0.430224	-0.426538	-0.36463	
0.373064	0.455423	0.523378	0.556364	0.561348	0.536725	0.481757	0.405157	0.329045	0.276506	0.262485	0.268317	0.282139	0.289822	0.280749	0.246341	0.190026	0.115885	0.0158545	-0.0924671	-0.198517	-0.274036	-0.315275	-0.304778	-0.248299	
0.488809	0.614628	0.712461	0.774666	0.796412	0.781407	0.718823	0.615875	0.509762	0.427357	0.373057	0.336838	0.317824	0.306997	0.292865	0.260813	0.216755	0.160331	0.0832669	-0.00674051	-0.100593	-0.172665	-0.214957	-0.201533	-0.146707	
0.585467	0.741722	0.860899	0.943035	0.973542	0.961035	0.892632	0.777743	0.65784	0.556761	0.467158	0.395558	0.348962	0.321898	0.296685	0.265435	0.235077	0.200102	0.143127	0.0610636	-0.0309759	-0.1061	-0.14038	-0.126761	-0.0692882	
0.651469	0.820679	0.955981	1.04059	1.07424	1.06393	0.994214	0.873191	0.748725	0.641	0.532146	0.436821	0.364413	0.322883	0.295703	0.268561	0.249529	0.228331	0.175832	0.101548	0.00880683	-0.0734985	-0.105088	-0.0851209	-0.0229581	
0.663612	0.835502	0.972499	1.05631	1.09053	1.08111	1.01056	0.889227	0.763045	0.654832	0.545798	0.444017	0.36571	0.321739	0.295757	0.268843	0.253169	0.233676	0.179482	0.107037	0.0161448	-0.0686176	-0.0990506	-0.0771859	-0.016832	
0.616509	0.779611	0.9067	0.991503	1.02445	1.01196	0.943793	0.824126	0.702348	0.597774	0.497393	0.415134	0.357713	0.323748	0.296023	0.267184	0.241572	0.21305	0.160267	0.081791	-0.0111507	-0.0893069	-0.122435	-0.106046	-0.0455313	
0.530575	0.670239	0.777264	0.849605	0.875141	0.862092	0.79569	0.687874	0.574501	0.482875	0.413531	0.361524	0.331157	0.313873	0.295505	0.262344	0.224393	0.177222	0.109598	0.0225024	-0.0697558	-0.141604	-0.180977	-0.16811	-0.113044	
0.42132	0.520963	0.602531	0.647526	0.660342	0.641281	0.582767	0.49379	0.40395	0.337519	0.307407	0.296437	0.296478	0.297005	0.287019	0.254646	0.202729	0.134358	0.0429442	-0.0561283	-0.156521	-0.230655	-0.273259	-0.260495	-0.204924	
0.299006	0.3561	0.398744	0.414155	0.403646	0.371197	0.321388	0.263199	0.210847	0.185966	0.197375	0.226961	0.259151	0.27556	0.26688	0.231275	0.170059	0.0860037	-0.0248472	-0.147182	-0.261561	-0.341968	-0.383566	-0.376673	-0.317455	
0.172661	0.193497	0.195191	0.179209	0.1378	0.0908941	0.0474221	0.0132514	0.0062436	0.0391172	0.0998951	0.170353	0.221339	0.246107	0.236455	0.197409	0.129845	0.0345617	-0.0899343	-0.232091	-0.358606	-0.45482	-0.499811	-0.497455	-0.431601	
0.0506125	0.0342153	0.000164543	-0.0507387	-0.116139	-0.17348	-0.21143	-0.219428	-0.183226	-0.0990045	0.00953446	0.120476	0.192908	0.225233	0.216544	0.168685	0.0960373	-0.010579	-0.148656	-0.298405	-0.435289	-0.544136	-0.594578	-0.585219	-0.519006	
-0.0647555	-0.120062	-0.191667	-0.275238	-0.351213	-0.410824	-0.434468	-0.408032	-0.328318	-0.203357	-0.0565523	0.0799781	0.179338	0.222795	0.210393	0.155766	0.0754155	-0.0385453	-0.182288	-0.336702	-0.482536	-0.591157	-0.638497	-0.619691	-0.548149	
-0.171476	-0.263699	-0.370964	-0.476683	-0.553638	-0.598369	-0.595042	-0.536271	-0.417434	-0.255218	-0.0820002	0.0672146	0.182352	0.233449	0.222104	0.166371	0.0743325	-0.0457008	-0.183435	-0.33226	-0.470811	-0.569764	-0.618106	-0.597983	-0.520091	
-0.265626	-0.388428	-0.516626	-0.62612	-0.696221	-0.718515	-0.685715	-0.591064	-0.439895	-0.256018	-0.0657605	0.0928267	0.211321	0.263884	0.257486	0.20111	0.101992	-0.0204012	-0.149067	-0.28377	-0.401965	-0.49128	-0.533691	-0.509084	-0.43848	
-0.340317	-0.484758	-0.606876	-0.703103	-0.75113	-0.748504	-0.689164	-0.562449	-0.385278	-0.189893	0.00258984	0.168495	0.282142	0.334122	0.32387	0.266488	0.163865	0.0401917	-0.0799431	-0.199001	-0.299662	-0.374069	-0.401458	-0.376895	-0.31576	
-0.386092	-0.531716	-0.636378	-0.706604	-0.721318	-0.689356	-0.60459	-0.450352	-0.25895	-0.0524055	0.145963	0.30447	0.407311	0.454931	0.439518	0.372739	0.264861	0.1361	0.0154285	-0.0925242	-0.17681	-0.231327	-0.247273	-0.226917	-0.17363	
-0.38721	-0.521671	-0.607198	-0.64016	-0.621365	-0.555688	-0.433321	-0.253507	-0.0533071	0.155961	0.352661	0.503291	0.591517	0.619598	0.590283	0.509694	0.389603	0.251549	0.129578	0.0267938	-0.0491714	-0.0922267	-0.0991935	-0.077595	-0.0337696	
-0.339978	-0.452864	-0.517376	-0.516793	-0.46481	-0.369119	-0.212129	-0.00350429	0.211764	0.416005	0.60131	0.739511	0.808537	0.810004	0.760683	0.661236	0.530545	0.387408	0.259805	0.14956	0.0732838	0.035381	0.0288711	0.0467213	0.0788368	
-0.274922	-0.360424	-0.39625	-0.365351	-0.276812	-0.147111	0.0353912	0.261419	0.489619	0.69109	0.8612	0.979268	1.03198	1.01606	0.939124	0.818779	0.673211	0.522382	0.385081	0.267284	0.187973	0.143056	0.127829	0.132993	0.160163	
-0.216348	-0.273279	-0.277746	-0.218154	-0.0962711	0.0645406	0.27008	0.511598	0.744558	0.944533	1.10182	1.20389	1.24189	1.20535	1.10404	0.960263	0.794666	0.626197	0.473394	0.346317	0.262155	0.21612	0.194985	0.195331	0.212846	
-0.167644	-0.198446	-0.176676	-0.0871371	0.064677	0.246073	0.466188	0.71798	0.95549	1.15123	1.30167	1.39567	1.42227	1.36228	1.23483	1.06612	0.873444	0.685311	0.515459	0.378143	0.289213	0.245187	0.226604	0.224606	0.236046	
-0.12579	-0.136682	-0.0938468	0.0195735	0.192617	0.397507	0.625674	0.87776	1.11849	1.30929	1.4433	1.52647	1.5403	1.46332	1.31061	1.11756	0.903385	0.690462	0.49873	0.352724	0.26359	0.219443	0.204609	0.205977	0.22271	
-0.100486	-0.0862563	-0.0231769	0.103437	0.2893	0.514428	0.758331	1.01239	1.24276	1.41586	1.528	1.58352	1.56975	1.47523	1.30782	1.09867	0.869331	0.636061	0.423444	0.266094	0.169392	0.124711	0.120214	0.140536	0.177487	
-0.0846496	-0.0417016	0.0431598	0.185265	0.37747	0.613473	0.870909	1.1236	1.32879	1.46877	1.54705	1.56775	1.52037	1.40931	1.23393	1.01246	0.765925	0.514139	0.290915	0.122288	0.0237379	-0.0145414	-0.0116116	0.0304498	0.0989083	
