-0.143247	-0.295589	-0.420407	-0.507489	-0.55361	-0.561202	-0.531007	-0.459862	-0.349125	-0.206959	-0.0427098	0.135183	0.31474	0.473176	0.593265	0.654992	0.669523	0.634438	0.547775	0.422002	0.288849	0.178813	0.0980839	0.0506434	0.0142849	
-0.12094	-0.261757	-0.39187	-0.490144	-0.542769	-0.551744	-0.516493	-0.436498	-0.315921	-0.177689	-0.0326602	0.123058	0.283425	0.429759	0.535006	0.588834	0.598695	0.568015	0.480861	0.350031	0.211846	0.0921627	0.00835655	-0.0471897	-0.0879682	
-0.116627	-0.250899	-0.382795	-0.486955	-0.547921	-0.557815	-0.517442	-0.428384	-0.305064	-0.169671	-0.0394505	0.0915042	0.227484	0.354429	0.448663	0.493607	0.497493	0.461144	0.372683	0.249753	0.118907	-0.00231703	-0.0972338	-0.163918	-0.210923	
-0.144272	-0.27022	-0.394443	-0.492581	-0.549353	-0.559253	-0.520602	-0.437592	-0.321622	-0.193474	-0.0736809	0.0385181	0.146189	0.246855	0.32239	0.358137	0.356137	0.322471	0.243945	0.128533	0.00480279	-0.112038	-0.2131	-0.294152	-0.348089	
-0.206685	-0.318485	-0.42974	-0.512521	-0.556538	-0.564177	-0.534854	-0.467032	-0.365014	-0.249743	-0.14545	-0.0505677	0.038478	0.11535	0.170731	0.20293	0.203888	0.174375	0.109999	0.0139172	-0.0969308	-0.215141	-0.32626	-0.418202	-0.475613	
-0.292137	-0.386704	-0.47175	-0.529857	-0.564336	-0.570602	-0.547254	-0.497766	-0.423617	-0.329156	-0.239707	-0.16364	-0.0955724	-0.0352402	0.0174365	0.0513367	0.0577824	0.0371283	-0.00524538	-0.0781716	-0.174279	-0.284857	-0.40299	-0.502408	-0.564347	
-0.368137	-0.434724	-0.487779	-0.51729	-0.533235	-0.534883	-0.525546	-0.501389	-0.459647	-0.395094	-0.329425	-0.271324	-0.219284	-0.175419	-0.127168	-0.0877271	-0.0681976	-0.0743095	-0.0965257	-0.145996	-0.21976	-0.316438	-0.434916	-0.538793	-0.60899	
-0.399882	-0.429139	-0.443525	-0.440399	-0.434874	-0.435836	-0.437356	-0.44388	-0.437186	-0.412762	-0.37671	-0.336776	-0.304043	-0.276226	-0.239136	-0.19387	-0.165058	-0.156619	-0.162441	-0.190449	-0.242059	-0.31741	-0.419383	-0.518868	-0.602773	
-0.359702	-0.350364	-0.322656	-0.289003	-0.27309	-0.26998	-0.280717	-0.307791	-0.341805	-0.358308	-0.355778	-0.341169	-0.326977	-0.311467	-0.280675	-0.241475	-0.20913	-0.188686	-0.183235	-0.197137	-0.226923	-0.284789	-0.369296	-0.460573	-0.552774	
-0.242243	-0.189853	-0.127052	-0.0738099	-0.0495652	-0.0457882	-0.0614041	-0.10248	-0.16524	-0.223607	-0.260555	-0.272071	-0.27471	-0.272347	-0.250903	-0.217901	-0.187385	-0.162643	-0.148867	-0.150404	-0.166026	-0.212709	-0.293935	-0.389254	-0.487594	
-0.0505159	0.03082	0.117875	0.182308	0.209417	0.21347	0.197091	0.148761	0.0659994	-0.0202877	-0.0866215	-0.122672	-0.14591	-0.16112	-0.152164	-0.122156	-0.089321	-0.0659383	-0.0521668	-0.0554599	-0.0765045	-0.127401	-0.207123	-0.304472	-0.40767	
0.195501	0.291502	0.388097	0.454971	0.479718	0.48364	0.468551	0.42039	0.331277	0.232413	0.146871	0.0845155	0.0432479	0.0196817	0.0193341	0.0380773	0.0667835	0.0843438	0.0851189	0.0669889	0.031631	-0.0310402	-0.113793	-0.206897	-0.30798	
0.456232	0.562148	0.659656	0.716105	0.73191	0.733909	0.725462	0.688303	0.603886	0.497036	0.403567	0.334005	0.285023	0.255	0.247118	0.249174	0.253378	0.248958	0.237442	0.205561	0.150955	0.0730036	-0.0176487	-0.111062	-0.207018	
0.719783	0.808482	0.888954	0.936782	0.953486	0.955416	0.946028	0.913294	0.843003	0.75387	0.670738	0.599708	0.54343	0.502608	0.482855	0.466495	0.446717	0.416396	0.385769	0.341601	0.26957	0.181755	0.0787981	-0.0229901	-0.120029	
0.945016	1.00635	1.06227	1.09614	1.10576	1.10446	1.10289	1.07848	1.03104	0.969589	0.908331	0.845866	0.78366	0.733999	0.696088	0.669259	0.634014	0.590716	0.543903	0.482769	0.388955	0.279728	0.167872	0.0542542	-0.0537011	
1.10479	1.14143	1.17368	1.18725	1.1833	1.18136	1.18727	1.18098	1.15605	1.12039	1.08084	1.03254	0.973217	0.924103	0.884866	0.848762	0.803857	0.755329	0.695195	0.613661	0.501791	0.368174	0.239038	0.106666	-0.016132	
1.1825	1.1967	1.21035	1.21383	1.21168	1.21177	1.21326	1.21299	1.20317	1.18759	1.17478	1.15026	1.10181	1.05655	1.02859	0.997473	0.952438	0.895586	0.815708	0.714587	0.582936	0.429925	0.285615	0.138664	-0.00138928	
1.18135	1.17186	1.17286	1.17444	1.17685	1.17735	1.1744	1.17406	1.172	1.17527	1.19118	1.19778	1.17506	1.14797	1.13579	1.11529	1.07885	1.01425	0.913785	0.789314	0.639442	0.470691	0.307992	0.151201	-0.00383175	
1.12607	1.09789	1.08771	1.08097	1.07308	1.06981	1.07801	1.08479	1.09238	1.11244	1.15102	1.18661	1.19902	1.1988	1.19706	1.1914	1.16411	1.09717	0.984678	0.846351	0.686882	0.509368	0.324867	0.144894	-0.0227395	
1.04574	0.992822	0.962005	0.941138	0.92158	0.914598	0.934333	0.952642	0.978444	1.02166	1.08496	1.14384	1.18152	1.20223	1.21083	1.22149	1.20232	1.14132	1.03375	0.894783	0.729229	0.53939	0.336527	0.126394	-0.0514941	
0.942332	0.870112	0.818715	0.779182	0.754374	0.747891	0.768331	0.800785	0.847873	0.910859	0.99239	1.07	1.12577	1.16703	1.19626	1.21671	1.20904	1.16231	1.06621	0.934147	0.763718	0.562469	0.34062	0.108765	-0.0831877	
0.806267	0.737834	0.679905	0.626238	0.594996	0.591442	0.609982	0.656641	0.714851	0.776174	0.858787	0.955496	1.03939	1.10747	1.16268	1.19811	1.20543	1.17058	1.0873	0.968175	0.798845	0.585617	0.347511	0.105867	-0.0969957	
0.661211	0.590083	0.533043	0.486798	0.459668	0.456312	0.473289	0.513103	0.565967	0.630376	0.712788	0.814251	0.921382	1.02835	1.11784	1.17641	1.20169	1.18333	1.11954	1.01007	0.845151	0.623968	0.372171	0.121446	-0.0877554	
0.526855	0.454728	0.396181	0.359477	0.338369	0.333782	0.349689	0.379183	0.429065	0.496949	0.574609	0.671601	0.800217	0.940882	1.05744	1.13841	1.18505	1.19899	1.1638	1.06719	0.903032	0.676786	0.41765	0.160294	-0.0597386	
0.419926	0.353416	0.293992	0.253757	0.23431	0.228578	0.244081	0.274867	0.328427	0.392479	0.464989	0.561162	0.692176	0.841135	0.978435	1.08147	1.14644	1.19003	1.18842	1.11405	0.964945	0.743695	0.480135	0.21795	-0.0200047	
0.341567	0.275842	0.21202	0.166651	0.150572	0.14919	0.157402	0.19051	0.24916	0.314794	0.385898	0.479796	0.605249	0.74847	0.890611	1.00773	1.096	1.1635	1.19081	1.14594	1.01725	0.816512	0.563105	0.299478	0.0438603	
0.275842	0.20084	0.133908	0.093011	0.0805156	0.0814638	0.0843104	0.11397	0.172237	0.245854	0.320949	0.409233	0.532915	0.679221	0.819322	0.944549	1.05872	1.14668	1.19517	1.17396	1.06852	0.894236	0.665648	0.400348	0.131319	
0.21202	0.133908	0.073466	0.0388027	0.0278968	0.0281978	0.0320102	0.056163	0.107145	0.180581	0.260008	0.351425	0.475154	0.62159	0.763934	0.904365	1.04186	1.14428	1.20304	1.19791	1.11492	0.965017	0.758126	0.499028	0.223203	
0.166651	0.093011	0.0388027	0.0115677	0.00555329	0.00655932	0.00726137	0.0246554	0.0687031	0.13545	0.217053	0.314335	0.434526	0.568697	0.716649	0.876705	1.02985	1.14333	1.20546	1.20583	1.14032	1.00876	0.810785	0.562513	0.29076	
0.150572	0.0805156	0.0278968	0.00555329	0.00580179	0.00699903	0.00397824	0.0154085	0.055783	0.121206	0.199072	0.293936	0.409552	0.538421	0.688406	0.854818	1.01667	1.14223	1.20663	1.20011	1.14392	1.02452	0.826156	0.583408	0.317914	
0.14919	0.0814638	0.0281978	0.00655932	0.00699903	0.00881567	0.00442701	0.0160957	0.0565573	0.12093	0.19515	0.287885	0.406102	0.534918	0.683179	0.847579	1.01149	1.142	1.20701	1.19913	1.14175	1.02592	0.827867	0.586568	0.322174	
0.157402	0.0843104	0.0320102	0.00726137	0.00397824	0.00442701	0.00443465	0.0191446	0.0602824	0.126383	0.207403	0.305385	0.422284	0.55295	0.702947	0.868679	1.02528	1.14242	1.20575	1.2041	1.14479	1.01768	0.819668	0.574089	0.30558	
0.19051	0.11397	0.056163	0.0246554	0.0154085	0.0160957	0.0191446	0.0400945	0.0880504	0.159217	0.239816	0.333862	0.457167	0.598895	0.742976	0.891789	1.03673	1.14408	1.20466	1.2033	1.12729	0.986344	0.784984	0.530667	0.255295	
0.24916	0.172237	0.107145	0.0687031	0.055783	0.0565573	0.0602824	0.0880504	0.143873	0.218351	0.295597	0.38387	0.50802	0.655952	0.796394	0.926342	1.05031	1.14497	1.19869	1.18508	1.08931	0.925035	0.705663	0.441483	0.168398	
0.314794	0.245854	0.180581	0.13545	0.121206	0.12093	0.126383	0.159217	0.218351	0.286914	0.358985	0.451171	0.574473	0.717942	0.859556	0.979792	1.07835	1.15425	1.19142	1.15722	1.0382	0.84688	0.602359	0.338506	0.0770232	
0.385898	0.320949	0.260008	0.217053	0.199072	0.19515	0.207403	0.239816	0.295597	0.358985	0.430482	0.526513	0.655222	0.801161	0.942536	1.05293	1.12642	1.18001	1.19035	1.12816	0.986222	0.772068	0.510598	0.247463	0.00228409	
0.479796	0.409233	0.351425	0.314335	0.293936	0.287885	0.305385	0.333862	0.38387	0.451171	0.526513	0.62313	0.754466	0.90247	1.0284	1.11894	1.17268	1.19901	1.17767	1.08814	0.929045	0.702346	0.440378	0.180373	-0.0461553	
0.605249	0.532915	0.475154	0.434526	0.409552	0.406102	0.422284	0.457167	0.50802	0.574473	0.655222	0.754466	0.872526	0.994332	1.09562	1.16289	1.19682	1.19072	1.13694	1.03236	0.866329	0.643797	0.388324	0.135166	-0.0775999	
0.74847	0.679221	0.62159	0.568697	0.538421	0.534918	0.55295	0.598895	0.655952	0.717942	0.801161	0.90247	0.994332	1.07669	1.14617	1.19189	1.20516	1.17396	1.09758	0.982847	0.817188	0.598374	0.354068	0.109324	-0.0961918	
0.890611	0.819322	0.763934	0.716649	0.688406	0.683179	0.702947	0.742976	0.796394	0.859556	0.942536	1.0284	1.09562	1.14617	1.18419	1.20824	1.20706	1.16667	1.07541	0.947938	0.775773	0.571018	0.342871	0.106006	-0.0914997	
1.00773	0.944549	0.904365	0.876705	0.854818	0.847579	0.868679	0.891789	0.926342	0.979792	1.05293	1.11894	1.16289	1.19189	1.20824	1.22392	1.20846	1.15156	1.04827	0.912075	0.744388	0.549127	0.338344	0.117629	-0.0652824	
1.096	1.05872	1.04186	1.02985	1.01667	1.01149	1.02528	1.03673	1.05031	1.07835	1.12642	1.17268	1.19682	1.20516	1.20706	1.20846	1.18462	1.11874	1.0063	0.866343	0.704291	0.522874	0.330844	0.139015	-0.0324308	
1.1635	1.14668	1.14428	1.14333	1.14223	1.142	1.14242	1.14408	1.14497	1.15425	1.18001	1.19901	1.19072	1.17396	1.16667	1.15156	1.11874	1.05268	0.945547	0.814093	0.65923	0.486245	0.314146	0.150233	-0.00989288	
1.19081	1.19517	1.20304	1.20546	1.20663	1.20701	1.20575	1.20466	1.19869	1.19142	1.19035	1.17767	1.13694	1.09758	1.07541	1.04827	1.0063	0.945547	0.857397	0.746554	0.607351	0.447405	0.297035	0.146473	-0.000363898	
1.14594	1.17396	1.19791	1.20583	1.20011	1.19913	1.2041	1.2033	1.18508	1.15722	1.12816	1.08814	1.03236	0.982847	0.947938	0.912075	0.866343	0.814093	0.746554	0.658556	0.538293	0.397101	0.260784	0.120935	-0.00821988	
1.01725	1.06852	1.11492	1.14032	1.14392	1.14175	1.14479	1.12729	1.08931	1.0382	0.986222	0.929045	0.866329	0.817188	0.775773	0.744388	0.704291	0.65923	0.607351	0.538293	0.436952	0.316353	0.198854	0.0785056	-0.0348063	
0.816512	0.894236	0.965017	1.00876	1.02452	1.02592	1.01768	0.986344	0.925035	0.84688	0.772068	0.702346	0.643797	0.598374	0.571018	0.549127	0.522874	0.486245	0.447405	0.397101	0.316353	0.222816	0.116244	0.0100624	-0.0905771	
0.563105	0.665648	0.758126	0.810785	0.826156	0.827867	0.819668	0.784984	0.705663	0.602359	0.510598	0.440378	0.388324	0.354068	0.342871	0.338344	0.330844	0.314146	0.297035	0.260784	0.198854	0.116244	0.0206555	-0.075306	-0.170615	
0.299478	0.400348	0.499028	0.562513	0.583408	0.586568	0.574089	0.530667	0.441483	0.338506	0.247463	0.180373	0.135166	0.109324	0.106006	0.117629	0.139015	0.150233	0.146473	0.120935	0.0785056	0.0100624	-0.075306	-0.167922	-0.265898	
0.0438603	0.131319	0.223203	0.29076	0.317914	0.322174	0.30558	0.255295	0.168398	0.0770232	0.00228409	-0.0461553	-0.0775999	-0.0961918	-0.0914997	-0.0652824	-0.0324308	-0.00989288	-0.000363898	-0.00821988	-0.0348063	-0.0905771	-0.170615	-0.265898	-0.369557	
