-0.52332	-0.619064	-0.685647	-0.733941	-0.757093	-0.759583	-0.746384	-0.707039	-0.648861	-0.565209	-0.453325	-0.323346	-0.173455	-0.015949	0.131941	0.252254	0.324615	0.339081	0.294926	0.21016	0.110699	0.0197181	-0.0340867	-0.0452969	-0.0255904	
-0.574793	-0.679043	-0.753387	-0.807366	-0.832532	-0.835538	-0.821323	-0.777316	-0.711491	-0.620496	-0.49816	-0.350948	-0.180559	-0.000883272	0.169865	0.313346	0.410971	0.450863	0.429744	0.362527	0.273244	0.183558	0.118606	0.0886941	0.0852852	
-0.568273	-0.67567	-0.748395	-0.800169	-0.826526	-0.83002	-0.814065	-0.771572	-0.708357	-0.615375	-0.489035	-0.339217	-0.16383	0.0260068	0.210951	0.373199	0.490859	0.547053	0.540468	0.484436	0.396025	0.299978	0.220201	0.164323	0.132793	
-0.493943	-0.593364	-0.665007	-0.716407	-0.739311	-0.742185	-0.729158	-0.688286	-0.624933	-0.537451	-0.419448	-0.274327	-0.102249	0.0872336	0.275153	0.441478	0.566055	0.629523	0.624644	0.563192	0.462771	0.348718	0.24628	0.163546	0.10174	
-0.349288	-0.444138	-0.510142	-0.556647	-0.582224	-0.586298	-0.569487	-0.530868	-0.473305	-0.390654	-0.279974	-0.145137	0.0148918	0.191106	0.367758	0.528435	0.647253	0.7009	0.684899	0.604715	0.475799	0.331886	0.196912	0.0830609	-0.00286103	
-0.150311	-0.235235	-0.295244	-0.335428	-0.353587	-0.356223	-0.344933	-0.313872	-0.262184	-0.187578	-0.0866923	0.0363628	0.180091	0.339914	0.495875	0.630215	0.726446	0.758823	0.718804	0.612824	0.45092	0.269876	0.0997645	-0.0457366	-0.151615	
0.0930113	0.0254054	-0.0237464	-0.0556362	-0.0731557	-0.0766903	-0.0644268	-0.0387895	0.00382591	0.0637868	0.143822	0.248171	0.37083	0.502235	0.629395	0.735647	0.798877	0.798438	0.730156	0.596583	0.407597	0.197519	-0.00519824	-0.180071	-0.305212	
0.364874	0.316407	0.281464	0.260119	0.247163	0.244661	0.25482	0.271173	0.300769	0.344001	0.400967	0.472714	0.555646	0.651484	0.744448	0.815858	0.850787	0.824419	0.730346	0.57409	0.365427	0.139297	-0.0801814	-0.274734	-0.418342	
0.627304	0.609812	0.592557	0.587063	0.582989	0.580666	0.585759	0.589219	0.602176	0.620441	0.640917	0.677605	0.724917	0.777815	0.833532	0.876847	0.887741	0.846403	0.739259	0.566469	0.343594	0.103297	-0.127177	-0.325873	-0.472822	
0.848698	0.856646	0.86844	0.883841	0.889261	0.889353	0.887727	0.874457	0.861037	0.851235	0.84705	0.853838	0.868232	0.890658	0.914088	0.928357	0.916498	0.861862	0.75634	0.585871	0.36017	0.116359	-0.122668	-0.327318	-0.468423	
1.01977	1.04948	1.0729	1.0963	1.10911	1.11015	1.10342	1.08271	1.05929	1.03225	1.00315	0.984095	0.973517	0.975054	0.982092	0.981155	0.962258	0.903527	0.794787	0.635674	0.425043	0.187858	-0.048907	-0.259566	-0.406293	
1.11468	1.15251	1.17977	1.2041	1.21433	1.21527	1.21049	1.18958	1.16456	1.13124	1.09121	1.06257	1.03993	1.02758	1.03113	1.03507	1.02334	0.980496	0.886861	0.736267	0.540289	0.312586	0.0816161	-0.124347	-0.282245	
1.11467	1.14446	1.17247	1.20148	1.21559	1.21726	1.20963	1.18444	1.15547	1.12666	1.09799	1.07832	1.06525	1.06386	1.07468	1.08571	1.0881	1.0687	1.00087	0.870019	0.692618	0.48016	0.257101	0.0615875	-0.0913719	
1.04718	1.06599	1.08243	1.09632	1.10548	1.10654	1.09997	1.08948	1.07248	1.05424	1.03746	1.028	1.03597	1.05323	1.08284	1.12128	1.14313	1.14492	1.11053	1.01672	0.869204	0.67656	0.468435	0.281995	0.137356	
0.920937	0.920414	0.928456	0.927704	0.930655	0.933316	0.927594	0.929306	0.923956	0.91871	0.924873	0.932501	0.955625	0.995361	1.04602	1.10939	1.16751	1.20183	1.19883	1.14297	1.03217	0.870881	0.684003	0.511634	0.374079	
0.756637	0.742693	0.737935	0.73471	0.735059	0.735624	0.734227	0.736227	0.739777	0.750346	0.769604	0.797616	0.838526	0.898741	0.974724	1.05611	1.14543	1.21588	1.24095	1.22102	1.1499	1.02458	0.866495	0.715486	0.592541	
0.585414	0.566356	0.551981	0.540777	0.537316	0.537512	0.538953	0.54657	0.56036	0.576832	0.603311	0.646718	0.701229	0.773442	0.866106	0.964951	1.06691	1.16593	1.23388	1.24759	1.21147	1.12545	1.00699	0.881458	0.76907	
0.429046	0.400842	0.386128	0.371246	0.366625	0.366872	0.367439	0.380385	0.394519	0.41519	0.451904	0.495148	0.555553	0.633947	0.728252	0.844979	0.963622	1.07512	1.17181	1.22462	1.22204	1.16851	1.08543	0.990116	0.895282	
0.296345	0.26607	0.251005	0.23572	0.230436	0.23036	0.231383	0.245353	0.258153	0.28286	0.318005	0.353954	0.418037	0.497335	0.590532	0.711986	0.841096	0.963085	1.07092	1.15704	1.18992	1.16599	1.11054	1.03995	0.969788	
0.1865	0.161125	0.146298	0.136567	0.130661	0.130589	0.134061	0.142022	0.15435	0.175169	0.204668	0.245001	0.302231	0.375483	0.466095	0.574532	0.706802	0.843909	0.961952	1.06101	1.12247	1.13838	1.10968	1.05554	0.998406	
0.106717	0.0867234	0.0724701	0.0678329	0.0618151	0.0593627	0.0656216	0.069454	0.0806181	0.0977825	0.122662	0.160765	0.204042	0.270236	0.358295	0.457956	0.583431	0.719884	0.853997	0.970832	1.04896	1.09296	1.09189	1.05355	1.00408	
0.0501129	0.0407754	0.0273885	0.0174314	0.0155668	0.0150538	0.016751	0.0217381	0.0357283	0.0464733	0.063072	0.0940161	0.129737	0.187725	0.26839	0.364964	0.480859	0.612136	0.753845	0.885133	0.983594	1.04852	1.07171	1.04511	1.00123	
0.0140772	0.00526784	-0.00824086	-0.00731459	-0.0106732	-0.0127815	-0.0067327	-0.00960591	-0.00032237	0.0112769	0.0202624	0.0497414	0.0853311	0.126647	0.192958	0.287094	0.398948	0.528937	0.671423	0.808108	0.929196	1.01888	1.06164	1.0484	1.0003	
-0.00494953	-0.0194943	-0.0292976	-0.0196451	-0.0273307	-0.0316081	-0.0205696	-0.0264075	-0.0252362	-0.0101279	-0.0017738	0.0154055	0.0486802	0.0884132	0.144248	0.227584	0.329214	0.457299	0.607526	0.755482	0.892037	0.998474	1.06277	1.06839	1.01398	
-0.020448	-0.0272603	-0.030654	-0.0372002	-0.0397757	-0.0389429	-0.0390493	-0.0328236	-0.0286463	-0.0239575	-0.0142603	-0.00615681	0.0159396	0.0559679	0.109542	0.183853	0.282488	0.41089	0.55709	0.715496	0.872816	0.994183	1.0732	1.09154	1.03604	
-0.0361255	-0.038664	-0.0368568	-0.0449538	-0.0396962	-0.0368228	-0.0451535	-0.0391329	-0.0375848	-0.0388962	-0.027382	-0.0113873	0.00620348	0.0326686	0.0818823	0.151438	0.248141	0.374007	0.519798	0.686981	0.858746	1.00308	1.0944	1.12531	1.06908	
-0.038664	-0.0442326	-0.0401466	-0.0463739	-0.042677	-0.0408779	-0.046962	-0.0412868	-0.0431998	-0.0421186	-0.0309893	-0.0237416	-0.00671012	0.0254465	0.0660921	0.126862	0.221378	0.342674	0.498272	0.671786	0.850127	1.01549	1.11932	1.16205	1.10318	
-0.0368568	-0.0401466	-0.0391016	-0.0486204	-0.0487898	-0.047598	-0.0503248	-0.0416754	-0.0396196	-0.0391767	-0.0318828	-0.0313434	-0.0197593	0.0130455	0.0520738	0.112488	0.206523	0.32706	0.482686	0.661579	0.853579	1.02843	1.14445	1.19028	1.12832	
-0.0449538	-0.0463739	-0.0486204	-0.0445745	-0.0431121	-0.0431974	-0.0433908	-0.0478709	-0.0471405	-0.0458671	-0.0423711	-0.0260261	-0.0116685	0.00405871	0.0451318	0.10676	0.190666	0.313482	0.469329	0.655061	0.853118	1.03342	1.16996	1.2161	1.15294	
-0.0396962	-0.042677	-0.0487898	-0.0431121	-0.0475885	-0.0495766	-0.0428674	-0.0481239	-0.0452855	-0.0395123	-0.0410652	-0.0331691	-0.0181529	0.00269854	0.0408412	0.100156	0.185997	0.30848	0.46474	0.655019	0.853618	1.03953	1.18464	1.22681	1.16474	
-0.0368228	-0.0408779	-0.047598	-0.0431974	-0.0495766	-0.0526619	-0.0436994	-0.0466678	-0.0443121	-0.0374034	-0.0383732	-0.0360324	-0.0218619	0.00334613	0.038995	0.098335	0.186982	0.30744	0.464131	0.655822	0.854988	1.04193	1.18611	1.22788	1.16613	
-0.0451535	-0.046962	-0.0503248	-0.0433908	-0.0428674	-0.0436994	-0.0419608	-0.0487915	-0.0481437	-0.0459408	-0.0437263	-0.0273629	-0.011864	0.00413218	0.0431428	0.104306	0.187537	0.308945	0.466966	0.654771	0.852113	1.03535	1.17699	1.22301	1.15983	
-0.0391329	-0.0412868	-0.0416754	-0.0478709	-0.0481239	-0.0466678	-0.0487915	-0.0443265	-0.0407666	-0.04037	-0.0354366	-0.0296207	-0.0184524	0.00750375	0.0479885	0.109742	0.200272	0.32214	0.477302	0.657705	0.853912	1.0319	1.1557	1.20084	1.13792	
-0.0375848	-0.0431998	-0.0396196	-0.0471405	-0.0452855	-0.0443121	-0.0481437	-0.0407666	-0.0428693	-0.0409748	-0.0309002	-0.0282654	-0.012595	0.0211554	0.0605943	0.120077	0.213889	0.335099	0.491312	0.667169	0.851385	1.02101	1.12905	1.17394	1.11423	
-0.0388962	-0.0421186	-0.0391767	-0.0458671	-0.0395123	-0.0374034	-0.0459408	-0.04037	-0.0409748	-0.0417495	-0.0302953	-0.0161463	0.00209622	0.0295672	0.0748649	0.140529	0.236331	0.359591	0.509758	0.680542	0.853592	1.00695	1.10377	1.14108	1.08386	
-0.027382	-0.0309893	-0.0318828	-0.0423711	-0.0410652	-0.0383732	-0.0437263	-0.0354366	-0.0309002	-0.0302953	-0.0188372	-0.00819216	0.0095357	0.0440052	0.0963147	0.169318	0.268589	0.396513	0.540348	0.701712	0.867155	0.997837	1.0813	1.10369	1.04739	
-0.0113873	-0.0237416	-0.0313434	-0.0260261	-0.0331691	-0.0360324	-0.0273629	-0.0296207	-0.0282654	-0.0161463	-0.00819216	0.00448473	0.0344867	0.0753113	0.130738	0.208911	0.30687	0.435788	0.58563	0.73843	0.882817	0.993994	1.06553	1.0768	1.02206	
0.00620348	-0.00671012	-0.0197593	-0.0116685	-0.0181529	-0.0218619	-0.011864	-0.0184524	-0.012595	0.00209622	0.0095357	0.0344867	0.0702009	0.10962	0.170165	0.260871	0.369724	0.497942	0.643972	0.785273	0.911874	1.00927	1.06058	1.05525	1.00478	
0.0326686	0.0254465	0.0130455	0.00405871	0.00269854	0.00334613	0.00413218	0.00750375	0.0211554	0.0295672	0.0440052	0.0753113	0.10962	0.160177	0.234702	0.331571	0.446335	0.577427	0.718795	0.851046	0.96041	1.03582	1.06672	1.04441	0.999184	
0.0818823	0.0660921	0.0520738	0.0451318	0.0408412	0.038995	0.0431428	0.0479885	0.0605943	0.0748649	0.0963147	0.130738	0.170165	0.234702	0.322081	0.419564	0.538931	0.673189	0.812146	0.936599	1.02153	1.07286	1.08322	1.04977	1.00348	
0.151438	0.126862	0.112488	0.10676	0.100156	0.098335	0.104306	0.109742	0.120077	0.140529	0.169318	0.208911	0.260871	0.331571	0.419564	0.523773	0.65602	0.793918	0.918428	1.02429	1.09274	1.12227	1.10395	1.05612	1.00266	
0.248141	0.221378	0.206523	0.190666	0.185997	0.186982	0.187537	0.200272	0.213889	0.236331	0.268589	0.30687	0.369724	0.446335	0.538931	0.65602	0.787396	0.916916	1.02755	1.11932	1.16551	1.15744	1.11265	1.04927	0.985578	
0.374007	0.342674	0.32706	0.313482	0.30848	0.30744	0.308945	0.32214	0.335099	0.359591	0.396513	0.435788	0.497942	0.577427	0.673189	0.793918	0.916916	1.03131	1.13353	1.20322	1.21416	1.17107	1.10034	1.01623	0.931397	
0.519798	0.498272	0.482686	0.469329	0.46474	0.464131	0.466966	0.477302	0.491312	0.509758	0.540348	0.58563	0.643972	0.718795	0.812146	0.918428	1.02755	1.13353	1.2158	1.24437	1.2215	1.15023	1.0462	0.932309	0.825468	
0.686981	0.671786	0.661579	0.655061	0.655019	0.655822	0.654771	0.657705	0.667169	0.680542	0.701712	0.73843	0.785273	0.851046	0.936599	1.02429	1.11932	1.20322	1.24437	1.23718	1.18077	1.07126	0.928669	0.787394	0.669266	
0.858746	0.850127	0.853579	0.853118	0.853618	0.854988	0.852113	0.853912	0.851385	0.853592	0.867155	0.882817	0.911874	0.96041	1.02153	1.09274	1.16551	1.21416	1.2215	1.18077	1.08632	0.938281	0.761583	0.597678	0.465233	
1.00308	1.01549	1.02843	1.03342	1.03953	1.04193	1.03535	1.0319	1.02101	1.00695	0.997837	0.993994	1.00927	1.03582	1.07286	1.12227	1.15744	1.17107	1.15023	1.07126	0.938281	0.757346	0.556523	0.375044	0.232006	
1.0944	1.11932	1.14445	1.16996	1.18464	1.18611	1.17699	1.1557	1.12905	1.10377	1.0813	1.06553	1.06058	1.06672	1.08322	1.10395	1.11265	1.10034	1.0462	0.928669	0.761583	0.556523	0.338344	0.146701	-0.00219311	
1.12531	1.16205	1.19028	1.2161	1.22681	1.22788	1.22301	1.20084	1.17394	1.14108	1.10369	1.0768	1.05525	1.04441	1.04977	1.05612	1.04927	1.01623	0.932309	0.787394	0.597678	0.375044	0.146701	-0.0553394	-0.212486	
1.06908	1.10318	1.12832	1.15294	1.16474	1.16613	1.15983	1.13792	1.11423	1.08386	1.04739	1.02206	1.00478	0.999184	1.00348	1.00266	0.985578	0.931397	0.825468	0.669266	0.465233	0.232006	-0.00219311	-0.212486	-0.364811	
