0.33394	0.0727297	-0.191709	-0.424359	-0.599639	-0.694913	-0.717172	-0.678113	-0.593132	-0.483961	-0.371954	-0.282458	-0.225339	-0.1959	-0.192787	-0.225584	-0.299886	-0.399275	-0.485381	-0.540692	-0.546642	-0.484678	-0.349965	-0.15341	0.09381	
0.0727297	-0.196899	-0.455898	-0.674448	-0.826906	-0.892443	-0.882716	-0.813657	-0.69629	-0.559015	-0.424717	-0.325652	-0.267531	-0.238292	-0.229501	-0.254421	-0.316755	-0.39939	-0.469922	-0.51494	-0.510779	-0.427417	-0.26625	-0.0512884	0.199296	
-0.191709	-0.455898	-0.697735	-0.885288	-0.99833	-1.03206	-0.999443	-0.90867	-0.773524	-0.615227	-0.470683	-0.362181	-0.299125	-0.271904	-0.267142	-0.294624	-0.346661	-0.408925	-0.461182	-0.482632	-0.456175	-0.349384	-0.166679	0.0603279	0.309657	
-0.424359	-0.674448	-0.885288	-1.03511	-1.11261	-1.12632	-1.08016	-0.982363	-0.841062	-0.675547	-0.523092	-0.405661	-0.336519	-0.304622	-0.303845	-0.332838	-0.380516	-0.424115	-0.447272	-0.4366	-0.379903	-0.257938	-0.0655896	0.167636	0.402455	
-0.599639	-0.826906	-0.99833	-1.11261	-1.17211	-1.18097	-1.13316	-1.03222	-0.8942	-0.736746	-0.585046	-0.463108	-0.382435	-0.342842	-0.345156	-0.380635	-0.420012	-0.441672	-0.43034	-0.389187	-0.30542	-0.172453	0.0230237	0.248462	0.466317	
-0.694913	-0.892443	-1.03206	-1.12632	-1.18097	-1.18956	-1.14517	-1.05246	-0.924703	-0.782647	-0.642055	-0.522456	-0.438603	-0.396555	-0.401016	-0.434078	-0.453244	-0.448333	-0.411114	-0.343424	-0.244276	-0.10659	0.0754833	0.281522	0.484552	
-0.717172	-0.882716	-0.999443	-1.08016	-1.13316	-1.14517	-1.1058	-1.03082	-0.924309	-0.8037	-0.680524	-0.570975	-0.495744	-0.463126	-0.464091	-0.484289	-0.484843	-0.462349	-0.40332	-0.31448	-0.206035	-0.0736079	0.0864835	0.269752	0.457813	
-0.678113	-0.813657	-0.90867	-0.982363	-1.03222	-1.05246	-1.03082	-0.971249	-0.890127	-0.794216	-0.695506	-0.604281	-0.542586	-0.515915	-0.513283	-0.523536	-0.510874	-0.473646	-0.396382	-0.292976	-0.183565	-0.0598894	0.0758205	0.22531	0.387493	
-0.593132	-0.69629	-0.773524	-0.841062	-0.8942	-0.924703	-0.924309	-0.890127	-0.836714	-0.766732	-0.690366	-0.620619	-0.567956	-0.544446	-0.540721	-0.537723	-0.513132	-0.461872	-0.377246	-0.269025	-0.156484	-0.0465847	0.0604976	0.16704	0.290479	
-0.483961	-0.559015	-0.615227	-0.675547	-0.736746	-0.782647	-0.8037	-0.794216	-0.766732	-0.726238	-0.671342	-0.619027	-0.577818	-0.554757	-0.545708	-0.521935	-0.47673	-0.418007	-0.330935	-0.2216	-0.117356	-0.0306909	0.0406718	0.106978	0.187453	
-0.371954	-0.424717	-0.470683	-0.523092	-0.585046	-0.642055	-0.680524	-0.695506	-0.690366	-0.671342	-0.641749	-0.608221	-0.575677	-0.546064	-0.517713	-0.473143	-0.407081	-0.335273	-0.248082	-0.150307	-0.0709779	-0.0157296	0.0240692	0.0553321	0.09417	
-0.282458	-0.325652	-0.362181	-0.405661	-0.463108	-0.522456	-0.570975	-0.604281	-0.620619	-0.619027	-0.608221	-0.588539	-0.555491	-0.509686	-0.459891	-0.391883	-0.306596	-0.220438	-0.144659	-0.0739172	-0.0223979	0.0058608	0.0174251	0.0169829	0.0246272	
-0.225339	-0.267531	-0.299125	-0.336519	-0.382435	-0.438603	-0.495744	-0.542586	-0.567956	-0.577818	-0.575677	-0.555491	-0.511688	-0.448977	-0.377583	-0.286743	-0.183086	-0.0944968	-0.0333669	0.0110587	0.0399009	0.0441442	0.0282979	0.00668246	-0.00223047	
-0.1959	-0.238292	-0.271904	-0.304622	-0.342842	-0.396555	-0.463126	-0.515915	-0.544446	-0.554757	-0.546064	-0.509686	-0.448977	-0.368451	-0.273816	-0.1656	-0.0590215	0.0301436	0.087068	0.117657	0.126356	0.110269	0.0800476	0.0483589	0.0294998	
-0.192787	-0.229501	-0.267142	-0.303845	-0.345156	-0.401016	-0.464091	-0.513283	-0.540721	-0.545708	-0.517713	-0.459891	-0.377583	-0.273816	-0.156898	-0.0388971	0.0717183	0.165456	0.225246	0.245121	0.238989	0.216495	0.180553	0.141628	0.114876	
-0.225584	-0.254421	-0.294624	-0.332838	-0.380635	-0.434078	-0.484289	-0.523536	-0.537723	-0.521935	-0.473143	-0.391883	-0.286743	-0.1656	-0.0388971	0.0850565	0.206821	0.305359	0.36187	0.378954	0.376487	0.359432	0.32402	0.285034	0.256108	
-0.299886	-0.316755	-0.346661	-0.380516	-0.420012	-0.453244	-0.484843	-0.510874	-0.513132	-0.47673	-0.407081	-0.306596	-0.183086	-0.0590215	0.0717183	0.206821	0.338408	0.43722	0.494746	0.523156	0.531909	0.518446	0.489657	0.462578	0.441749	
-0.399275	-0.39939	-0.408925	-0.424115	-0.441672	-0.448333	-0.462349	-0.473646	-0.461872	-0.418007	-0.335273	-0.220438	-0.0944968	0.0301436	0.165456	0.305359	0.43722	0.539814	0.614258	0.664233	0.684247	0.677489	0.660011	0.646836	0.633	
-0.485381	-0.469922	-0.461182	-0.447272	-0.43034	-0.411114	-0.40332	-0.396382	-0.377246	-0.330935	-0.248082	-0.144659	-0.0333669	0.087068	0.225246	0.36187	0.494746	0.614258	0.715719	0.787252	0.825604	0.835933	0.829576	0.819364	0.80368	
-0.540692	-0.51494	-0.482632	-0.4366	-0.389187	-0.343424	-0.31448	-0.292976	-0.269025	-0.2216	-0.150307	-0.0739172	0.0110587	0.117657	0.245121	0.378954	0.523156	0.664233	0.787252	0.881627	0.940175	0.969536	0.973344	0.95886	0.940375	
-0.546642	-0.510779	-0.456175	-0.379903	-0.30542	-0.244276	-0.206035	-0.183565	-0.156484	-0.117356	-0.0709779	-0.0223979	0.0399009	0.126356	0.238989	0.376487	0.531909	0.684247	0.825604	0.940175	1.01192	1.04675	1.05356	1.04118	1.02211	
-0.484678	-0.427417	-0.349384	-0.257938	-0.172453	-0.10659	-0.0736079	-0.0598894	-0.0465847	-0.0306909	-0.0157296	0.0058608	0.0441442	0.110269	0.216495	0.359432	0.518446	0.677489	0.835933	0.969536	1.04675	1.07665	1.08331	1.06917	1.04746	
-0.349965	-0.26625	-0.166679	-0.0655896	0.0230237	0.0754833	0.0864835	0.0758205	0.0604976	0.0406718	0.0240692	0.0174251	0.0282979	0.0800476	0.180553	0.32402	0.489657	0.660011	0.829576	0.973344	1.05356	1.08331	1.08826	1.06492	1.0288	
-0.15341	-0.0512884	0.0603279	0.167636	0.248462	0.281522	0.269752	0.22531	0.16704	0.106978	0.0553321	0.0169829	0.00668246	0.0483589	0.141628	0.285034	0.462578	0.646836	0.819364	0.95886	1.04118	1.06917	1.06492	1.02749	0.97939	
0.09381	0.199296	0.309657	0.402455	0.466317	0.484552	0.457813	0.387493	0.290479	0.187453	0.09417	0.0246272	-0.00223047	0.0294998	0.114876	0.256108	0.441749	0.633	0.80368	0.940375	1.02211	1.04746	1.0288	0.97939	0.933912	
0.372001	0.46743	0.563384	0.637547	0.678196	0.681719	0.642057	0.552671	0.425132	0.279099	0.143843	0.046918	0.00284544	0.0209492	0.101216	0.245468	0.432828	0.625199	0.793805	0.925494	1.00633	1.03029	1.00607	0.95377	0.910221	
0.662307	0.73877	0.812564	0.863676	0.885699	0.873935	0.817354	0.704843	0.545471	0.361926	0.193168	0.0701611	0.00771777	0.0144768	0.0985915	0.251264	0.444856	0.638878	0.805831	0.928375	1.00017	1.02088	0.997748	0.947455	0.896107	
0.928653	0.983032	1.03322	1.06588	1.07065	1.04462	0.968536	0.837278	0.653252	0.440116	0.241301	0.0945246	0.0184994	0.0213797	0.106286	0.259829	0.45622	0.65493	0.823026	0.945962	1.01233	1.02879	1.00698	0.95692	0.900423	
1.12848	1.16419	1.19043	1.20873	1.20309	1.16817	1.08311	0.939771	0.742542	0.513243	0.293305	0.124218	0.0379824	0.0379625	0.119629	0.268659	0.465249	0.66874	0.842372	0.966572	1.03547	1.04896	1.01918	0.968849	0.912875	
1.23067	1.25207	1.26666	1.2812	1.27438	1.23819	1.1444	0.992489	0.790642	0.558849	0.330365	0.149392	0.0553321	0.0509929	0.129478	0.274386	0.471585	0.678914	0.850409	0.970209	1.04013	1.05576	1.02095	0.968024	0.915227	
1.24671	1.26475	1.27772	1.29262	1.28679	1.24922	1.15316	1.00024	0.798563	0.56606	0.336726	0.154764	0.0585574	0.0537026	0.131273	0.2756	0.473232	0.681833	0.852122	0.969878	1.03899	1.0561	1.02059	0.966618	0.913619	
1.18093	1.21093	1.23041	1.24584	1.23795	1.20283	1.11464	0.967622	0.767102	0.535846	0.311281	0.135675	0.0454481	0.0438089	0.124336	0.271433	0.467426	0.673193	0.847451	0.969479	1.03925	1.0537	1.02171	0.969862	0.915085	
1.01904	1.06542	1.10571	1.13115	1.13142	1.10094	1.02001	0.882602	0.692614	0.471075	0.262256	0.106248	0.0255662	0.0280261	0.11168	0.263527	0.460592	0.66079	0.83108	0.955686	1.02231	1.03726	1.01239	0.96287	0.906024	
0.773934	0.841472	0.905564	0.949827	0.963366	0.945772	0.881144	0.76113	0.589995	0.393153	0.211662	0.0791298	0.0108167	0.0154494	0.099317	0.25486	0.450454	0.64594	0.812266	0.933713	1.00281	1.02098	0.999289	0.949554	0.895167	
0.488567	0.577428	0.664756	0.729014	0.762351	0.760027	0.714137	0.615098	0.475432	0.313789	0.164197	0.0567292	0.0046856	0.0179039	0.0994226	0.246252	0.436037	0.628392	0.796323	0.924256	1.00164	1.02536	1.00152	0.949967	0.903209	
0.201981	0.304573	0.410774	0.497189	0.551656	0.563786	0.531727	0.45452	0.344946	0.223846	0.113002	0.0320234	-0.00136596	0.0255536	0.107866	0.249992	0.435658	0.627913	0.798215	0.933241	1.01513	1.03989	1.01762	0.965658	0.922034	
-0.0599132	0.0458864	0.158535	0.261746	0.336944	0.363884	0.345568	0.288766	0.213436	0.136768	0.0692621	0.0182296	0.000924723	0.0388782	0.129286	0.271532	0.453705	0.641708	0.813528	0.951777	1.03388	1.0605	1.04999	1.00676	0.959121	
-0.277941	-0.185837	-0.0795317	0.0255265	0.112391	0.157029	0.158045	0.133901	0.102498	0.0671722	0.0369724	0.0171903	0.0192905	0.0665661	0.164212	0.307425	0.477867	0.654242	0.825649	0.96866	1.05038	1.07994	1.08243	1.05389	1.01148	
-0.439117	-0.371184	-0.283885	-0.188554	-0.100939	-0.0396352	-0.0134119	-0.00675124	-0.00293053	-0.000907091	0.00156342	0.0125354	0.0397661	0.0990489	0.203546	0.34723	0.508087	0.670823	0.834738	0.974358	1.05246	1.08161	1.08798	1.071	1.04443	
-0.530564	-0.487855	-0.42429	-0.340126	-0.25923	-0.193317	-0.155804	-0.135881	-0.112486	-0.080408	-0.046533	-0.00857321	0.0449989	0.122082	0.231788	0.371593	0.528414	0.683453	0.832073	0.954902	1.02938	1.06221	1.06956	1.05715	1.0387	
-0.549857	-0.520999	-0.479176	-0.420801	-0.361002	-0.308539	-0.273776	-0.250289	-0.223726	-0.178472	-0.115565	-0.0504429	0.0255114	0.124037	0.244989	0.379369	0.529495	0.676585	0.807197	0.909786	0.974588	1.00821	1.01348	0.999519	0.980308	
-0.512432	-0.49181	-0.474061	-0.446702	-0.417951	-0.387343	-0.369957	-0.355979	-0.336159	-0.288452	-0.208555	-0.115135	-0.0142532	0.101859	0.237451	0.372651	0.5084	0.637423	0.747867	0.828408	0.87585	0.894541	0.893003	0.88089	0.863981	
-0.436542	-0.430025	-0.432444	-0.437162	-0.440921	-0.437044	-0.443349	-0.448104	-0.432178	-0.387036	-0.302643	-0.188902	-0.0672356	0.056572	0.194687	0.333157	0.465101	0.572902	0.657784	0.716635	0.742758	0.741574	0.728391	0.717721	0.704215	
-0.339066	-0.349702	-0.371533	-0.399296	-0.432227	-0.455161	-0.479313	-0.499366	-0.495727	-0.455579	-0.379457	-0.271322	-0.144326	-0.0200714	0.111387	0.250407	0.382669	0.481792	0.54465	0.58047	0.593694	0.581862	0.557217	0.537236	0.51959	
-0.250321	-0.274534	-0.31267	-0.350477	-0.397254	-0.443794	-0.487603	-0.522141	-0.531236	-0.505063	-0.447779	-0.358459	-0.245689	-0.121793	0.00733199	0.135158	0.261679	0.360386	0.415436	0.436239	0.437496	0.422323	0.389618	0.353532	0.327327	
-0.201052	-0.23515	-0.274992	-0.312399	-0.356513	-0.413544	-0.472209	-0.517898	-0.540765	-0.539449	-0.503114	-0.436134	-0.344183	-0.232075	-0.109573	0.0115321	0.125695	0.221366	0.280873	0.297362	0.29149	0.270242	0.233281	0.193296	0.163865	
-0.191383	-0.23114	-0.266709	-0.30031	-0.338581	-0.392886	-0.459336	-0.51175	-0.541237	-0.551023	-0.535711	-0.490393	-0.421571	-0.332122	-0.227838	-0.115363	-0.00782301	0.0827199	0.140871	0.167447	0.168332	0.148204	0.115054	0.0794576	0.0578755	
-0.21036	-0.253434	-0.285087	-0.320206	-0.36221	-0.415955	-0.47787	-0.528777	-0.555387	-0.565557	-0.56299	-0.538501	-0.488787	-0.418623	-0.338177	-0.239839	-0.133799	-0.0449035	0.0132141	0.0507102	0.0709489	0.0661086	0.0430698	0.0165323	0.00333702	
-0.256159	-0.298208	-0.331427	-0.37218	-0.425447	-0.484878	-0.536203	-0.575009	-0.59685	-0.601095	-0.594548	-0.577183	-0.540715	-0.488369	-0.42946	-0.352178	-0.258015	-0.170202	-0.100799	-0.0417527	-0.000217613	0.0182127	0.0179604	0.00777589	0.00721101	
-0.331555	-0.379307	-0.422068	-0.471539	-0.532003	-0.589895	-0.63322	-0.656507	-0.661109	-0.649552	-0.628407	-0.601544	-0.570284	-0.534998	-0.498238	-0.444001	-0.371056	-0.292298	-0.208739	-0.119779	-0.0516682	-0.00830088	0.0203127	0.0383659	0.0630789	
