0.110891	0.0572371	0.0301734	0.0453157	0.099852	0.155426	0.196789	0.211981	0.1879	0.115916	0.0034689	-0.140452	-0.291412	-0.432899	-0.558399	-0.642451	-0.665493	-0.625424	-0.531518	-0.417934	-0.307428	-0.209971	-0.137315	-0.0995971	-0.0942382	
0.0572371	0.00732474	-0.0130274	0.00803833	0.0719235	0.151501	0.225665	0.262072	0.252522	0.193474	0.0953219	-0.0284887	-0.173205	-0.327328	-0.482751	-0.617681	-0.694761	-0.697891	-0.632622	-0.531935	-0.418388	-0.295765	-0.18405	-0.102361	-0.0550655	
0.0301734	-0.0130274	-0.0163347	0.0226155	0.101824	0.198919	0.288121	0.340252	0.338325	0.286662	0.198783	0.085185	-0.0617991	-0.234606	-0.415224	-0.585396	-0.711101	-0.756698	-0.725543	-0.643015	-0.528658	-0.388839	-0.248985	-0.131894	-0.0496852	
0.0453157	0.00803833	0.0226155	0.0830173	0.170954	0.273367	0.367804	0.427157	0.430228	0.37944	0.292507	0.177079	0.0239617	-0.163371	-0.364757	-0.561285	-0.713394	-0.788707	-0.791372	-0.734455	-0.624401	-0.479246	-0.324214	-0.188677	-0.0804187	
0.099852	0.0719235	0.101824	0.170954	0.262175	0.366471	0.463992	0.522326	0.524828	0.46733	0.36901	0.244085	0.0807071	-0.121899	-0.343594	-0.552585	-0.71828	-0.816819	-0.83968	-0.799553	-0.700223	-0.557396	-0.397908	-0.248906	-0.123467	
0.155426	0.151501	0.198919	0.273367	0.366471	0.469866	0.560513	0.608497	0.602897	0.536887	0.427892	0.288335	0.114982	-0.102205	-0.338161	-0.556719	-0.732345	-0.842073	-0.881128	-0.856234	-0.767334	-0.632485	-0.473706	-0.318945	-0.172944	
0.196789	0.225665	0.288121	0.367804	0.463992	0.560513	0.635804	0.673469	0.65655	0.579863	0.462286	0.314881	0.132632	-0.0928677	-0.339015	-0.564602	-0.746841	-0.859901	-0.907266	-0.890011	-0.814225	-0.695725	-0.549316	-0.386696	-0.219646	
0.211981	0.262072	0.340252	0.427157	0.522326	0.608497	0.673469	0.69729	0.667518	0.588291	0.469998	0.319172	0.132884	-0.0966276	-0.346914	-0.573599	-0.744582	-0.849971	-0.892051	-0.87966	-0.827298	-0.735738	-0.607617	-0.440006	-0.256511	
0.1879	0.252522	0.338325	0.430228	0.524828	0.602897	0.65655	0.667518	0.630776	0.558634	0.455082	0.319158	0.140256	-0.088814	-0.331905	-0.546187	-0.70513	-0.796742	-0.837008	-0.831423	-0.805003	-0.741282	-0.631776	-0.470355	-0.278582	
0.115916	0.193474	0.286662	0.37944	0.46733	0.536887	0.579863	0.588291	0.558634	0.502748	0.419091	0.305715	0.149513	-0.0520636	-0.266521	-0.460736	-0.61425	-0.708003	-0.754945	-0.76205	-0.754683	-0.715773	-0.628486	-0.479947	-0.287415	
0.0034689	0.0953219	0.198783	0.292507	0.36901	0.427892	0.462286	0.469998	0.455082	0.419091	0.360761	0.270492	0.147776	-0.00998618	-0.184298	-0.351008	-0.48927	-0.579188	-0.635468	-0.66518	-0.680574	-0.660984	-0.586018	-0.446673	-0.26139	
-0.140452	-0.0284887	0.085185	0.177079	0.244085	0.288335	0.314881	0.319172	0.319158	0.305715	0.270492	0.211665	0.129602	0.0184764	-0.108734	-0.234923	-0.34214	-0.421251	-0.482986	-0.533635	-0.571502	-0.573168	-0.512832	-0.38236	-0.204354	
-0.291412	-0.173205	-0.0617991	0.0239617	0.0807071	0.114982	0.132632	0.132884	0.140256	0.149513	0.147776	0.129602	0.0948491	0.0365965	-0.0480277	-0.131474	-0.203974	-0.265317	-0.325371	-0.390859	-0.445073	-0.463128	-0.42153	-0.311812	-0.151193	
-0.432899	-0.327328	-0.234606	-0.163371	-0.121899	-0.102205	-0.0928677	-0.0966276	-0.088814	-0.0520636	-0.00998618	0.0184764	0.0365965	0.0240171	-0.0174274	-0.0590039	-0.0964534	-0.136598	-0.188063	-0.255879	-0.325039	-0.362342	-0.340423	-0.254719	-0.111007	
-0.558399	-0.482751	-0.415224	-0.364757	-0.343594	-0.338161	-0.339015	-0.346914	-0.331905	-0.266521	-0.184298	-0.108734	-0.0480277	-0.0174274	-0.0106968	-0.00679213	-0.00580071	-0.0237411	-0.0651721	-0.13835	-0.223346	-0.277212	-0.282398	-0.218977	-0.0926195	
-0.642451	-0.617681	-0.585396	-0.561285	-0.552585	-0.556719	-0.564602	-0.573599	-0.546187	-0.460736	-0.351008	-0.234923	-0.131474	-0.0590039	-0.00679213	0.0392845	0.077385	0.0805863	0.0380101	-0.0403738	-0.130163	-0.205906	-0.241591	-0.200974	-0.090828	
-0.665493	-0.694761	-0.711101	-0.713394	-0.71828	-0.732345	-0.746841	-0.744582	-0.70513	-0.61425	-0.48927	-0.34214	-0.203974	-0.0964534	-0.00580071	0.077385	0.131441	0.146795	0.112901	0.0403993	-0.0530474	-0.153134	-0.206964	-0.18487	-0.096017	
-0.625424	-0.697891	-0.756698	-0.788707	-0.816819	-0.842073	-0.859901	-0.849971	-0.796742	-0.708003	-0.579188	-0.421251	-0.265317	-0.136598	-0.0237411	0.0805863	0.146795	0.16811	0.149917	0.0905018	0.00217664	-0.100243	-0.165068	-0.167633	-0.101505	
-0.531518	-0.632622	-0.725543	-0.791372	-0.83968	-0.881128	-0.907266	-0.892051	-0.837008	-0.754945	-0.635468	-0.482986	-0.325371	-0.188063	-0.0651721	0.0380101	0.112901	0.149917	0.150281	0.106293	0.0269499	-0.0582728	-0.122345	-0.141892	-0.0987779	
-0.417934	-0.531935	-0.643015	-0.734455	-0.799553	-0.856234	-0.890011	-0.87966	-0.831423	-0.76205	-0.66518	-0.533635	-0.390859	-0.255879	-0.13835	-0.0403738	0.0403993	0.0905018	0.106293	0.0839906	0.0235614	-0.0441285	-0.0939219	-0.10778	-0.0823894	
-0.307428	-0.418388	-0.528658	-0.624401	-0.700223	-0.767334	-0.814225	-0.827298	-0.805003	-0.754683	-0.680574	-0.571502	-0.445073	-0.325039	-0.223346	-0.130163	-0.0530474	0.00217664	0.0269499	0.0235614	-0.0107625	-0.0532034	-0.0810512	-0.0884273	-0.0786551	
-0.209971	-0.295765	-0.388839	-0.479246	-0.557396	-0.632485	-0.695725	-0.735738	-0.741282	-0.715773	-0.660984	-0.573168	-0.463128	-0.362342	-0.277212	-0.205906	-0.153134	-0.100243	-0.0582728	-0.0441285	-0.0532034	-0.0658913	-0.0764844	-0.093049	-0.103656	
-0.137315	-0.18405	-0.248985	-0.324214	-0.397908	-0.473706	-0.549316	-0.607617	-0.631776	-0.628486	-0.586018	-0.512832	-0.42153	-0.340423	-0.282398	-0.241591	-0.206964	-0.165068	-0.122345	-0.0939219	-0.0810512	-0.0764844	-0.0883953	-0.118214	-0.153653	
-0.0995971	-0.102361	-0.131894	-0.188677	-0.248906	-0.318945	-0.386696	-0.440006	-0.470355	-0.479947	-0.446673	-0.38236	-0.311812	-0.254719	-0.218977	-0.200974	-0.18487	-0.167633	-0.141892	-0.10778	-0.0884273	-0.093049	-0.118214	-0.166087	-0.233754	
-0.0942382	-0.0550655	-0.0496852	-0.0804187	-0.123467	-0.172944	-0.219646	-0.256511	-0.278582	-0.287415	-0.26139	-0.204354	-0.151193	-0.111007	-0.0926195	-0.090828	-0.096017	-0.101505	-0.0987779	-0.0823894	-0.0786551	-0.103656	-0.153653	-0.233754	-0.346346	
-0.116811	-0.0382052	0.00347058	0.00355545	-0.0158837	-0.0423676	-0.0643459	-0.0813913	-0.0860255	-0.0825406	-0.0585888	-0.011519	0.0323203	0.0579697	0.063316	0.0542716	0.0343802	0.0129032	-0.00454679	-0.0143775	-0.0391316	-0.0956338	-0.185159	-0.30907	-0.471587	
-0.156087	-0.0395695	0.0373058	0.070129	0.0736563	0.0638974	0.0637291	0.0735077	0.0880019	0.109536	0.137266	0.174406	0.210917	0.221162	0.213448	0.199318	0.173531	0.140874	0.110785	0.0770623	0.0247683	-0.0665753	-0.205631	-0.38443	-0.602737	
-0.191431	-0.0460657	0.0629667	0.126916	0.142407	0.146946	0.163736	0.185533	0.219032	0.259738	0.292795	0.320479	0.349795	0.353484	0.334444	0.315128	0.287672	0.253681	0.21875	0.168615	0.0879302	-0.0394893	-0.221535	-0.452116	-0.727546	
-0.209672	-0.039409	0.0918706	0.169581	0.193426	0.204894	0.231251	0.266631	0.311727	0.362247	0.392903	0.410895	0.429993	0.433962	0.417076	0.386504	0.355452	0.333916	0.306881	0.244064	0.138756	-0.0155387	-0.225936	-0.496612	-0.818669	
-0.213138	-0.0248318	0.1185	0.19883	0.225489	0.240659	0.270529	0.313229	0.364639	0.413629	0.440665	0.454251	0.465723	0.471845	0.457338	0.422874	0.396179	0.383345	0.353851	0.288197	0.177619	0.00659586	-0.227564	-0.520576	-0.865406	
-0.212515	-0.0208026	0.123693	0.204008	0.231195	0.24684	0.276851	0.321131	0.371865	0.42022	0.446667	0.460443	0.471565	0.478161	0.463317	0.429218	0.40523	0.393181	0.360698	0.29451	0.184181	0.0109955	-0.228527	-0.52655	-0.875317	
-0.212657	-0.0335421	0.104286	0.183306	0.208793	0.221767	0.25059	0.29011	0.338556	0.3895	0.419041	0.433501	0.447982	0.453574	0.438328	0.405029	0.373837	0.356475	0.330718	0.266747	0.157008	-0.00563849	-0.225529	-0.508007	-0.842765	
-0.200787	-0.045429	0.0736388	0.145567	0.164617	0.173166	0.193956	0.221042	0.259795	0.305744	0.338416	0.362453	0.388349	0.392264	0.37146	0.347482	0.319561	0.290771	0.257737	0.201261	0.109056	-0.0303191	-0.225407	-0.47276	-0.769215	
-0.171559	-0.0423188	0.0486482	0.0945148	0.103708	0.0996361	0.107565	0.123457	0.146854	0.176543	0.206259	0.239417	0.273064	0.278635	0.267254	0.251196	0.224106	0.188983	0.155187	0.115132	0.0520475	-0.0542459	-0.212005	-0.413387	-0.654441	
-0.131545	-0.0373528	0.0182472	0.0314121	0.0221398	0.00351652	-0.00958924	-0.0155466	-0.0135935	-0.00288354	0.0218672	0.0651159	0.106428	0.125492	0.125239	0.113968	0.0909154	0.0649069	0.041308	0.0201056	-0.015781	-0.0854831	-0.195016	-0.339928	-0.524252	
-0.100571	-0.0453079	-0.0254979	-0.0439272	-0.0781827	-0.118665	-0.155022	-0.184661	-0.200059	-0.204841	-0.180594	-0.127348	-0.0787459	-0.0447351	-0.0317016	-0.0349823	-0.0480998	-0.0602172	-0.0658922	-0.0588172	-0.0664389	-0.103631	-0.167255	-0.263015	-0.394805	
-0.0938135	-0.0788543	-0.0946243	-0.142217	-0.195693	-0.25904	-0.32009	-0.366813	-0.395395	-0.406827	-0.37731	-0.314733	-0.251639	-0.202412	-0.174653	-0.163709	-0.155444	-0.148216	-0.132078	-0.103111	-0.0872415	-0.0987177	-0.132663	-0.191877	-0.276682	
-0.117575	-0.147506	-0.198139	-0.266227	-0.336489	-0.410778	-0.485158	-0.544764	-0.572685	-0.576327	-0.536893	-0.468517	-0.386323	-0.313923	-0.265617	-0.235038	-0.207654	-0.175032	-0.137437	-0.103487	-0.0853212	-0.0826766	-0.0987375	-0.134034	-0.181417	
-0.17737	-0.248218	-0.331368	-0.417169	-0.494109	-0.570494	-0.640128	-0.688683	-0.70348	-0.687648	-0.638845	-0.557684	-0.454324	-0.361632	-0.286059	-0.227801	-0.183177	-0.132887	-0.0873259	-0.0677483	-0.0674012	-0.0702305	-0.0785487	-0.101035	-0.120537	
-0.266244	-0.369719	-0.474628	-0.568968	-0.646766	-0.717765	-0.770984	-0.795517	-0.784904	-0.744389	-0.678114	-0.578039	-0.457946	-0.345293	-0.249668	-0.162955	-0.0944934	-0.0396905	-0.0081634	-0.00459281	-0.0282935	-0.0589346	-0.0787781	-0.0881081	-0.0853603	
-0.372927	-0.487539	-0.600897	-0.696438	-0.76624	-0.827749	-0.866071	-0.863491	-0.823799	-0.76057	-0.67368	-0.551452	-0.415097	-0.285343	-0.173858	-0.0767265	0.00491924	0.0581994	0.0773164	0.063499	0.0132324	-0.0451647	-0.0865766	-0.0970774	-0.0781616	
-0.486806	-0.595032	-0.697137	-0.774997	-0.830883	-0.878593	-0.9073	-0.893359	-0.839059	-0.761247	-0.649513	-0.503873	-0.351427	-0.213137	-0.0903615	0.00968654	0.0875698	0.13024	0.138837	0.102659	0.0295326	-0.0493435	-0.109138	-0.128087	-0.0924114	
-0.592185	-0.678524	-0.75225	-0.797815	-0.83466	-0.86641	-0.886944	-0.873497	-0.818456	-0.732404	-0.605669	-0.447934	-0.288568	-0.15464	-0.0371054	0.0691042	0.13923	0.166376	0.154783	0.100017	0.0153212	-0.0806123	-0.147632	-0.158977	-0.102568	
-0.657125	-0.705538	-0.739801	-0.753454	-0.766406	-0.784622	-0.800722	-0.794532	-0.74865	-0.658384	-0.530539	-0.376506	-0.229495	-0.112526	-0.0102903	0.0842	0.14283	0.159256	0.131715	0.0651108	-0.0275759	-0.131704	-0.190502	-0.178499	-0.0983349	
-0.659472	-0.65666	-0.643121	-0.630136	-0.625214	-0.63374	-0.644644	-0.649637	-0.618383	-0.52906	-0.411713	-0.281887	-0.161822	-0.073512	-0.00487748	0.0564525	0.102905	0.113179	0.0725355	-0.00498957	-0.0969588	-0.184316	-0.228704	-0.194754	-0.0924951	
-0.598927	-0.541347	-0.485726	-0.444789	-0.430106	-0.429552	-0.432912	-0.443003	-0.422456	-0.347133	-0.251961	-0.159308	-0.0824768	-0.0353286	-0.00967064	0.0123661	0.0297249	0.0201358	-0.0216266	-0.0973331	-0.184534	-0.245558	-0.263272	-0.209926	-0.0904937	
-0.486061	-0.390461	-0.307263	-0.243659	-0.210805	-0.196413	-0.191451	-0.196549	-0.187577	-0.138682	-0.0805549	-0.0322209	0.00435796	0.0097993	-0.0129293	-0.0371775	-0.0597418	-0.090803	-0.137013	-0.206591	-0.283041	-0.327206	-0.315547	-0.238408	-0.101369	
-0.348818	-0.2342	-0.128755	-0.0477945	0.0042388	0.0331494	0.0471407	0.0461558	0.0537353	0.0734321	0.0900265	0.0892027	0.0749732	0.0359855	-0.0315463	-0.0982044	-0.157784	-0.210122	-0.268159	-0.334856	-0.394706	-0.420469	-0.386303	-0.285899	-0.133055	
-0.20157	-0.083859	0.0310589	0.120362	0.183507	0.22402	0.246691	0.248912	0.253148	0.249035	0.224598	0.181504	0.118436	0.0275939	-0.0817172	-0.190902	-0.283499	-0.355657	-0.418388	-0.476364	-0.522192	-0.530452	-0.477026	-0.35414	-0.181913	
-0.051686	0.0485342	0.156302	0.250541	0.32261	0.375197	0.407278	0.413704	0.405677	0.37822	0.329171	0.250139	0.142434	0.00253686	-0.152991	-0.304388	-0.431562	-0.518965	-0.577628	-0.615879	-0.639871	-0.629138	-0.559572	-0.423097	-0.239723	
