0.925152	0.968385	0.961176	0.919651	0.869732	0.821756	0.784777	0.771086	0.772751	0.783943	0.791768	0.79172	0.779982	0.750057	0.692908	0.612436	0.520817	0.420136	0.321326	0.220832	0.116608	0.0153355	-0.0750853	-0.164492	-0.25792	
0.968385	1.03128	1.04829	1.03623	1.00906	0.978839	0.9495	0.941258	0.950397	0.968847	0.972472	0.950025	0.91482	0.861441	0.775402	0.665318	0.550853	0.434193	0.327576	0.236226	0.144216	0.0598736	-0.00991707	-0.069581	-0.132059	
0.961176	1.04829	1.09284	1.10925	1.10458	1.09012	1.06809	1.05998	1.06815	1.0772	1.06181	1.01799	0.961954	0.889582	0.786237	0.667367	0.547066	0.423437	0.315964	0.227656	0.145714	0.0742846	0.0288689	-0.00226763	-0.0232801	
0.919651	1.03623	1.10925	1.14352	1.16111	1.16476	1.15108	1.13245	1.12105	1.10627	1.07048	1.00443	0.922127	0.829847	0.724609	0.613272	0.49925	0.3813	0.281157	0.195192	0.119548	0.062072	0.0375837	0.0319652	0.0497017	
0.869732	1.00906	1.10458	1.16111	1.20224	1.21271	1.18989	1.15209	1.11331	1.06935	1.00317	0.910034	0.803793	0.698717	0.597386	0.494177	0.392651	0.291727	0.206684	0.12807	0.0645548	0.0276902	0.0203371	0.0329924	0.0745785	
0.821756	0.978839	1.09012	1.16476	1.21271	1.21713	1.18058	1.12215	1.04933	0.962733	0.862919	0.753186	0.634055	0.522515	0.421549	0.329083	0.240937	0.163669	0.0953947	0.0371241	-0.00216595	-0.0100307	-0.00049923	0.0227376	0.0707451	
0.784777	0.9495	1.06809	1.15108	1.18989	1.18058	1.12989	1.0483	0.93615	0.810377	0.688429	0.569069	0.443084	0.329433	0.234458	0.149655	0.0764346	0.019947	-0.0250717	-0.0557266	-0.061155	-0.0408586	-0.0119344	0.0175773	0.0605429	
0.771086	0.941258	1.05998	1.13245	1.15209	1.12215	1.0483	0.934066	0.795172	0.649505	0.510409	0.380567	0.255011	0.149707	0.056856	-0.0241149	-0.0811253	-0.11376	-0.132825	-0.133679	-0.10818	-0.0679317	-0.0230236	0.0125329	0.0484531	
0.772751	0.950397	1.06815	1.12105	1.11331	1.04933	0.93615	0.795172	0.646552	0.487196	0.33446	0.203818	0.0931597	-0.00681223	-0.100408	-0.174737	-0.210809	-0.22112	-0.215131	-0.187322	-0.141946	-0.0933593	-0.042843	-0.000660656	0.0308369	
0.783943	0.968847	1.0772	1.10627	1.06935	0.962733	0.810377	0.649505	0.487196	0.316724	0.161263	0.0417231	-0.0589314	-0.14965	-0.231476	-0.286574	-0.306478	-0.298178	-0.268348	-0.219056	-0.165752	-0.117053	-0.0668252	-0.0221039	0.00732365	
0.791768	0.972472	1.06181	1.07048	1.00317	0.862919	0.688429	0.510409	0.33446	0.161263	0.0112732	-0.107473	-0.200316	-0.270043	-0.321292	-0.352113	-0.356943	-0.330296	-0.285286	-0.231722	-0.180746	-0.131563	-0.0855926	-0.0465545	-0.0219336	
0.79172	0.950025	1.01799	1.00443	0.910034	0.753186	0.569069	0.380567	0.203818	0.0417231	-0.107473	-0.228396	-0.313327	-0.358278	-0.375634	-0.377229	-0.359476	-0.317177	-0.269852	-0.227281	-0.180542	-0.133582	-0.0982081	-0.074221	-0.0569873	
0.779982	0.91482	0.961954	0.922127	0.803793	0.634055	0.443084	0.255011	0.0931597	-0.0589314	-0.200316	-0.313327	-0.387268	-0.414586	-0.403676	-0.376679	-0.338127	-0.284432	-0.240962	-0.205994	-0.16496	-0.127994	-0.113182	-0.107476	-0.0994718	
0.750057	0.861441	0.889582	0.829847	0.698717	0.522515	0.329433	0.149707	-0.00681223	-0.14965	-0.270043	-0.358278	-0.414586	-0.426888	-0.400602	-0.361082	-0.311289	-0.25523	-0.213578	-0.180383	-0.1451	-0.127022	-0.134164	-0.14622	-0.148267	
0.692908	0.775402	0.786237	0.724609	0.597386	0.421549	0.234458	0.056856	-0.100408	-0.231476	-0.321292	-0.375634	-0.403676	-0.400602	-0.371042	-0.326073	-0.275632	-0.226771	-0.191759	-0.158055	-0.132326	-0.130439	-0.150458	-0.170532	-0.182014	
0.612436	0.665318	0.667367	0.613272	0.494177	0.329083	0.149655	-0.0241149	-0.174737	-0.286574	-0.352113	-0.377229	-0.376679	-0.361082	-0.326073	-0.279155	-0.235265	-0.200735	-0.173314	-0.150661	-0.140658	-0.147942	-0.162773	-0.177095	-0.189223	
0.520817	0.550853	0.547066	0.49925	0.392651	0.240937	0.0764346	-0.0811253	-0.210809	-0.306478	-0.356943	-0.359476	-0.338127	-0.311289	-0.275632	-0.235265	-0.201704	-0.170577	-0.154677	-0.156772	-0.167355	-0.173335	-0.176233	-0.175329	-0.177943	
0.420136	0.434193	0.423437	0.3813	0.291727	0.163669	0.019947	-0.11376	-0.22112	-0.298178	-0.330296	-0.317177	-0.284432	-0.25523	-0.226771	-0.200735	-0.170577	-0.142218	-0.143526	-0.169181	-0.185338	-0.187673	-0.186463	-0.175867	-0.161537	
0.321326	0.327576	0.315964	0.281157	0.206684	0.0953947	-0.0250717	-0.132825	-0.215131	-0.268348	-0.285286	-0.269852	-0.240962	-0.213578	-0.191759	-0.173314	-0.154677	-0.143526	-0.160307	-0.182411	-0.188377	-0.189583	-0.194439	-0.180445	-0.155662	
0.220832	0.236226	0.227656	0.195192	0.12807	0.0371241	-0.0557266	-0.133679	-0.187322	-0.219056	-0.231722	-0.227281	-0.205994	-0.180383	-0.158055	-0.150661	-0.156772	-0.169181	-0.182411	-0.186355	-0.182257	-0.184649	-0.188766	-0.176608	-0.154806	
0.116608	0.144216	0.145714	0.119548	0.0645548	-0.00216595	-0.061155	-0.10818	-0.141946	-0.165752	-0.180746	-0.180542	-0.16496	-0.1451	-0.132326	-0.140658	-0.167355	-0.185338	-0.188377	-0.182257	-0.175984	-0.170801	-0.16745	-0.158975	-0.151286	
0.0153355	0.0598736	0.0742846	0.062072	0.0276902	-0.0100307	-0.0408586	-0.0679317	-0.0933593	-0.117053	-0.131563	-0.133582	-0.127994	-0.127022	-0.130439	-0.147942	-0.173335	-0.187673	-0.189583	-0.184649	-0.170801	-0.155309	-0.147914	-0.145833	-0.149317	
-0.0750853	-0.00991707	0.0288689	0.0375837	0.0203371	-0.00049923	-0.0119344	-0.0230236	-0.042843	-0.0668252	-0.0855926	-0.0982081	-0.113182	-0.134164	-0.150458	-0.162773	-0.176233	-0.186463	-0.194439	-0.188766	-0.16745	-0.147914	-0.144516	-0.145622	-0.154648	
-0.164492	-0.069581	-0.00226763	0.0319652	0.0329924	0.0227376	0.0175773	0.0125329	-0.000660656	-0.0221039	-0.0465545	-0.074221	-0.107476	-0.14622	-0.170532	-0.177095	-0.175329	-0.175867	-0.180445	-0.176608	-0.158975	-0.145833	-0.145622	-0.147455	-0.154553	
-0.25792	-0.132059	-0.0232801	0.0497017	0.0745785	0.0707451	0.0605429	0.0484531	0.0308369	0.00732365	-0.0219336	-0.0569873	-0.0994718	-0.148267	-0.182014	-0.189223	-0.177943	-0.161537	-0.155662	-0.154806	-0.151286	-0.149317	-0.154648	-0.154553	-0.151455	
-0.336971	-0.178984	-0.0329033	0.0788918	0.133159	0.137927	0.116968	0.0867083	0.0540751	0.0195133	-0.0189063	-0.0601858	-0.102914	-0.148834	-0.181438	-0.192866	-0.182833	-0.160452	-0.14391	-0.141703	-0.146558	-0.157349	-0.169287	-0.165539	-0.149077	
-0.398253	-0.208241	-0.0277329	0.112901	0.18462	0.195062	0.168478	0.124576	0.0741103	0.0218038	-0.0315699	-0.0814653	-0.121072	-0.152441	-0.171178	-0.179769	-0.17889	-0.163881	-0.147913	-0.141809	-0.147843	-0.161157	-0.172096	-0.163442	-0.147286	
-0.448024	-0.222651	-0.0149621	0.143903	0.227344	0.241482	0.210332	0.154137	0.0868561	0.0186589	-0.0464145	-0.100497	-0.135359	-0.154336	-0.158231	-0.159137	-0.160988	-0.158434	-0.15325	-0.152139	-0.153763	-0.157076	-0.156744	-0.148002	-0.145295	
-0.487971	-0.233511	-0.00178618	0.171364	0.261909	0.281625	0.250349	0.182281	0.0938866	0.00658289	-0.0638948	-0.111226	-0.135473	-0.147391	-0.147464	-0.144031	-0.146541	-0.152148	-0.160391	-0.163914	-0.158855	-0.149948	-0.145244	-0.141063	-0.145573	
-0.503023	-0.235812	0.00379212	0.18276	0.28209	0.310188	0.280874	0.202451	0.0931015	-0.0123503	-0.0875531	-0.12402	-0.134523	-0.140166	-0.141266	-0.141328	-0.146408	-0.157771	-0.169769	-0.171438	-0.157649	-0.145775	-0.146657	-0.147084	-0.145189	
-0.506174	-0.236752	0.00502224	0.185269	0.284497	0.314303	0.286433	0.20643	0.0932779	-0.0169447	-0.092734	-0.127399	-0.134504	-0.138361	-0.139802	-0.140658	-0.14783	-0.159649	-0.172224	-0.171804	-0.157049	-0.145067	-0.148243	-0.148949	-0.144775	
-0.495765	-0.234431	0.00156046	0.177663	0.272741	0.295529	0.26425	0.191424	0.0937575	-0.000787384	-0.0737528	-0.116696	-0.13582	-0.14488	-0.144392	-0.141915	-0.145386	-0.154346	-0.164243	-0.167779	-0.159077	-0.148616	-0.14481	-0.142234	-0.145206	
-0.467299	-0.228462	-0.00943642	0.156191	0.241937	0.25799	0.226737	0.165993	0.0912614	0.0153212	-0.052133	-0.104912	-0.135903	-0.151744	-0.153059	-0.15094	-0.153215	-0.154188	-0.155591	-0.156729	-0.156489	-0.15388	-0.150285	-0.142737	-0.14517	
-0.418141	-0.214504	-0.0232107	0.125126	0.202883	0.2149	0.186175	0.137312	0.0797887	0.021227	-0.0385371	-0.0909452	-0.128827	-0.153978	-0.166141	-0.172148	-0.172857	-0.163192	-0.150531	-0.14588	-0.149765	-0.160131	-0.167101	-0.158125	-0.146577	
-0.364197	-0.193183	-0.0321522	0.0930794	0.155031	0.162349	0.138712	0.102325	0.062955	0.0213367	-0.0225133	-0.0679344	-0.109284	-0.149777	-0.177767	-0.189198	-0.18329	-0.162141	-0.144588	-0.139951	-0.146221	-0.159362	-0.173184	-0.167423	-0.148546	
-0.291335	-0.152837	-0.0288009	0.0602357	0.0979292	0.0972011	0.0825792	0.063558	0.04012	0.013854	-0.018108	-0.054571	-0.0987742	-0.148545	-0.183756	-0.192626	-0.180238	-0.159452	-0.148115	-0.147905	-0.14894	-0.152734	-0.160808	-0.159537	-0.150219	
-0.202766	-0.0951773	-0.0122012	0.0364065	0.0457909	0.0385828	0.0326981	0.0265613	0.0134834	-0.00848383	-0.0343534	-0.0655321	-0.102978	-0.147876	-0.176794	-0.182424	-0.175441	-0.168733	-0.169985	-0.167505	-0.155858	-0.146456	-0.147946	-0.148889	-0.153322	
-0.109512	-0.0334217	0.0156127	0.0330291	0.0230673	0.00679774	-0.00055573	-0.00791591	-0.0248976	-0.0474317	-0.06949	-0.0881589	-0.111466	-0.139831	-0.159916	-0.169011	-0.176177	-0.183936	-0.192133	-0.186615	-0.164541	-0.14664	-0.144586	-0.146174	-0.155628	
-0.0225002	0.0296621	0.0529133	0.0489033	0.0216428	-0.00741671	-0.0293503	-0.0500095	-0.0731232	-0.096606	-0.111623	-0.117829	-0.119611	-0.127439	-0.136223	-0.153053	-0.174685	-0.187646	-0.192515	-0.187161	-0.169264	-0.15078	-0.145164	-0.144681	-0.151101	
0.07579	0.109316	0.11486	0.0932412	0.0463855	-0.00911053	-0.0553245	-0.0929425	-0.12304	-0.146276	-0.161155	-0.160545	-0.148608	-0.134712	-0.128409	-0.141818	-0.17095	-0.18731	-0.188164	-0.182069	-0.173655	-0.164051	-0.158251	-0.152173	-0.149388	
0.179117	0.199788	0.194306	0.163484	0.100008	0.0183038	-0.0617617	-0.126495	-0.16993	-0.197005	-0.210907	-0.209608	-0.190015	-0.165768	-0.145463	-0.144583	-0.161158	-0.177925	-0.186229	-0.184547	-0.179793	-0.180221	-0.181572	-0.17051	-0.153666	
0.281898	0.290152	0.279211	0.245642	0.174922	0.0705615	-0.0396963	-0.136144	-0.206524	-0.249698	-0.264601	-0.253084	-0.227532	-0.200308	-0.178722	-0.163165	-0.153807	-0.152916	-0.170864	-0.185705	-0.186714	-0.188498	-0.194498	-0.180854	-0.155749	
0.379914	0.389477	0.377542	0.338208	0.254962	0.13543	0.00109403	-0.122859	-0.221286	-0.288644	-0.313434	-0.297816	-0.264882	-0.23625	-0.21115	-0.188986	-0.161116	-0.137812	-0.147145	-0.175205	-0.18791	-0.189083	-0.189916	-0.177557	-0.157773	
0.481522	0.50402	0.497331	0.452128	0.352162	0.20817	0.0518139	-0.0959951	-0.21681	-0.30642	-0.350374	-0.344661	-0.317191	-0.288191	-0.255429	-0.220814	-0.189161	-0.157176	-0.147866	-0.161455	-0.176975	-0.181079	-0.180964	-0.174646	-0.170859	
0.576639	0.62	0.619488	0.568016	0.453229	0.293778	0.11889	-0.0506318	-0.194106	-0.29843	-0.35757	-0.37283	-0.362985	-0.342637	-0.306194	-0.260681	-0.221374	-0.189586	-0.165658	-0.151829	-0.150277	-0.1586	-0.168528	-0.17693	-0.185754	
0.662969	0.733089	0.739036	0.680348	0.556462	0.38374	0.199556	0.0222329	-0.133874	-0.257429	-0.336269	-0.377924	-0.394013	-0.385974	-0.354645	-0.307672	-0.259044	-0.216159	-0.184595	-0.15304	-0.13236	-0.135043	-0.15568	-0.175055	-0.187976	
0.729968	0.831094	0.85196	0.789181	0.656965	0.480549	0.289854	0.111974	-0.0457247	-0.184075	-0.292276	-0.367274	-0.413609	-0.419449	-0.391084	-0.349084	-0.297892	-0.24333	-0.203922	-0.170454	-0.138017	-0.127066	-0.141105	-0.158603	-0.164863	
0.771422	0.896752	0.935598	0.886593	0.762737	0.588817	0.394771	0.20998	0.0525446	-0.0960276	-0.231309	-0.336326	-0.404412	-0.425525	-0.406236	-0.372929	-0.328862	-0.272867	-0.2295	-0.195996	-0.157432	-0.127625	-0.121715	-0.123315	-0.119648	
0.78809	0.937003	0.997138	0.972333	0.866689	0.705843	0.51964	0.3292	0.157269	5.1182e-06	-0.14738	-0.266606	-0.347966	-0.384752	-0.389574	-0.378472	-0.35217	-0.304513	-0.258553	-0.219683	-0.17519	-0.131593	-0.103222	-0.086185	-0.0721444	
0.792941	0.966429	1.04659	1.04764	0.969235	0.820398	0.640972	0.457343	0.279654	0.110091	-0.0397229	-0.160207	-0.249718	-0.309175	-0.346476	-0.366595	-0.362568	-0.329421	-0.282236	-0.232757	-0.182684	-0.133833	-0.0908541	-0.0572624	-0.0350166	
