5.71587e-06	9.54011e-07	1.41889e-07	1.89039e-08	2.26734e-09	2.45949e-10	2.42325e-11	2.1772e-12	1.79035e-13	1.35204e-14	9.40628e-16	6.04617e-17	3.60037e-18	1.99115e-19	1.02509e-20	4.9233e-22	2.21037e-23	9.29407e-25	3.66642e-26	1.35922e-27	4.74261e-29	1.55975e-30	4.84169e-32	1.42035e-33	3.94252e-35	
9.54011e-07	1.49465e-07	2.09466e-08	2.63863e-09	3.0014e-10	3.09606e-11	2.90785e-12	2.49587e-13	1.96453e-14	1.42256e-15	9.50482e-17	5.87596e-18	3.36966e-19	1.79681e-20	8.92878e-22	4.14337e-23	1.79899e-24	7.3215e-26	2.79773e-27	1.00539e-28	3.40276e-30	1.08619e-31	3.27439e-33	9.33343e-35	2.51851e-36	
1.41889e-07	2.09466e-08	2.77529e-09	3.31508e-10	3.58528e-11	3.52482e-12	3.16203e-13	2.59735e-14	1.95996e-15	1.36279e-16	8.75592e-18	5.21205e-19	2.88145e-20	1.48285e-21	7.11862e-23	3.19424e-24	1.34222e-25	5.29072e-27	1.95955e-28	6.82984e-30	2.24338e-31	6.9538e-33	2.03667e-34	5.64312e-36	1.48084e-37	
1.89039e-08	2.63863e-09	3.31508e-10	3.76477e-11	3.8802e-12	3.64324e-13	3.12736e-14	2.46244e-15	1.784e-16	1.19267e-17	7.37759e-19	4.23315e-20	2.25833e-21	1.12263e-22	5.21075e-24	2.26261e-25	9.20756e-27	3.5175e-28	1.26347e-29	4.27345e-31	1.36296e-32	4.10434e-34	1.16842e-35	3.14816e-37	8.03692e-39	
2.26734e-09	3.0014e-10	3.58528e-11	3.8802e-12	3.81921e-13	3.43115e-14	2.82306e-15	2.13396e-16	1.48636e-17	9.56598e-19	5.70329e-20	3.15761e-21	1.62707e-22	7.81962e-24	3.51198e-25	1.47676e-26	5.82383e-28	2.15753e-29	7.52e-31	2.46953e-32	7.65126e-34	2.23938e-35	6.19893e-37	1.62477e-38	4.03662e-40	
2.45949e-10	3.09606e-11	3.52482e-12	3.64324e-13	3.43115e-14	2.95451e-15	2.3336e-16	1.69581e-17	1.13702e-18	7.0526e-20	4.05696e-21	2.16935e-22	1.08064e-23	5.025e-25	2.18536e-26	8.90469e-28	3.40527e-29	1.22407e-30	4.14216e-32	1.32134e-33	3.97874e-35	1.13227e-36	3.04887e-38	7.77656e-40	1.88082e-41	
2.42325e-11	2.90785e-12	3.16203e-13	3.12736e-14	2.82306e-15	2.3336e-16	1.77192e-17	1.23947e-18	8.00913e-20	4.79297e-21	2.66277e-22	1.3764e-23	6.63361e-25	2.98679e-26	1.25867e-27	4.97302e-29	1.84518e-30	6.43924e-32	2.11655e-33	6.5616e-35	1.92103e-36	5.31766e-38	1.39336e-39	3.45963e-41	8.14808e-43	
2.1772e-12	2.49587e-13	2.59735e-14	2.46244e-15	2.13396e-16	1.69581e-17	1.23947e-18	8.35566e-20	5.20906e-21	3.01054e-22	1.61675e-23	8.08525e-25	3.77297e-26	1.64604e-27	6.72582e-29	2.57825e-30	9.28687e-32	3.14792e-33	1.00553e-34	3.03079e-36	8.6307e-38	2.32474e-39	5.92955e-41	1.43364e-42	3.28895e-44	
1.79035e-13	1.96453e-14	1.95996e-15	1.784e-16	1.48636e-17	1.13702e-18	8.00913e-20	5.20906e-21	3.13617e-22	1.75205e-23	9.10282e-25	4.4076e-26	1.9929e-27	8.43002e-29	3.34189e-30	1.24361e-31	4.35086e-33	1.43316e-34	4.45075e-36	1.30482e-37	3.61551e-39	9.47961e-41	2.35439e-42	5.5447e-44	1.23938e-45	
1.35204e-14	1.42256e-15	1.36279e-16	1.19267e-17	9.56598e-19	7.0526e-20	4.79297e-21	3.01054e-22	1.75205e-23	9.46941e-25	4.76345e-26	2.23478e-27	9.79705e-29	4.02059e-30	1.54724e-31	5.59226e-33	1.90123e-34	6.0885e-36	1.83906e-37	5.24604e-39	1.41493e-40	3.61233e-42	8.73871e-44	2.00515e-45	4.36809e-47	
9.40628e-16	9.50482e-17	8.75592e-18	7.37759e-19	5.70329e-20	4.05696e-21	2.66277e-22	1.61675e-23	9.10282e-25	4.76345e-26	2.32169e-27	1.05607e-28	4.49158e-30	1.78934e-31	6.6879e-33	2.34892e-34	7.76366e-36	2.41814e-37	7.10687e-39	1.97328e-40	5.18223e-42	1.28864e-43	3.03729e-45	6.79198e-47	1.44232e-48	
6.04617e-17	5.87596e-18	5.21205e-19	4.23315e-20	3.15761e-21	2.16935e-22	1.3764e-23	8.08525e-25	4.4076e-26	2.23478e-27	1.05607e-28	4.6604e-30	1.92409e-31	7.44468e-33	2.70388e-34	9.23237e-36	2.96786e-37	8.99426e-39	2.57295e-40	6.95602e-42	1.77928e-43	4.3107e-45	9.90159e-47	2.15839e-48	4.46903e-50	
3.60037e-18	3.36966e-19	2.88145e-20	2.25833e-21	1.62707e-22	1.08064e-23	6.63361e-25	3.77297e-26	1.9929e-27	9.79705e-29	4.49158e-30	1.92409e-31	7.71532e-33	2.90079e-34	1.02424e-35	3.40138e-37	1.06387e-38	3.13816e-40	8.74086e-42	2.30163e-43	5.7359e-45	1.35427e-46	3.03229e-48	6.44476e-50	1.30135e-51	
1.99115e-19	1.79681e-20	1.48285e-21	1.12263e-22	7.81962e-24	5.025e-25	2.98679e-26	1.64604e-27	8.43002e-29	4.02059e-30	1.78934e-31	7.44468e-33	2.90079e-34	1.06028e-35	3.6411e-37	1.17649e-38	3.58164e-40	1.02868e-41	2.79066e-43	7.15923e-45	1.73871e-46	4.00162e-48	8.73592e-50	1.81069e-51	3.56626e-53	
1.02509e-20	8.92878e-22	7.11862e-23	5.21075e-24	3.51198e-25	2.18536e-26	1.25867e-27	6.72582e-29	3.34189e-30	1.54724e-31	6.6879e-33	2.70388e-34	1.02424e-35	3.6411e-37	1.21659e-38	3.82613e-40	1.13413e-41	3.17253e-43	8.3851e-45	2.09633e-46	4.96277e-48	1.11361e-49	2.37085e-51	4.79312e-53	9.20968e-55	
4.9233e-22	4.14337e-23	3.19424e-24	2.26261e-25	1.47676e-26	8.90469e-28	4.97302e-29	2.57825e-30	1.24361e-31	5.59226e-33	2.34892e-34	9.23237e-36	3.40138e-37	1.17649e-38	3.82613e-40	1.17161e-41	3.38244e-43	9.21821e-45	2.37432e-46	5.78618e-48	1.33554e-49	2.92253e-51	6.06883e-53	1.19694e-54	2.24401e-56	
2.21037e-23	1.79899e-24	1.34222e-25	9.20756e-27	5.82383e-28	3.40527e-29	1.84518e-30	9.28687e-32	4.35086e-33	1.90123e-34	7.76366e-36	2.96786e-37	1.06387e-38	3.58164e-40	1.13413e-41	3.38244e-43	9.51374e-45	2.52672e-46	6.3438e-48	1.5073e-49	3.39278e-51	7.24158e-53	1.467e-54	2.82307e-56	5.16484e-58	
9.29407e-25	7.3215e-26	5.29072e-27	3.5175e-28	2.15753e-29	1.22407e-30	6.43924e-32	3.14792e-33	1.43316e-34	6.0885e-36	2.41814e-37	8.99426e-39	3.13816e-40	1.02868e-41	3.17253e-43	9.21821e-45	2.52672e-46	6.54126e-48	1.60122e-49	3.71016e-51	8.14556e-53	1.69609e-54	3.35249e-56	6.29564e-58	1.12412e-59	
3.66642e-26	2.79773e-27	1.95955e-28	1.26347e-29	7.52e-31	4.14216e-32	2.11655e-33	1.00553e-34	4.45075e-36	1.83906e-37	7.10687e-39	2.57295e-40	8.74086e-42	2.79066e-43	8.3851e-45	2.37432e-46	6.3438e-48	1.60122e-49	3.82236e-51	8.63863e-53	1.85022e-54	3.75898e-56	7.25051e-58	1.32886e-59	2.316e-61	
1.35922e-27	1.00539e-28	6.82984e-30	4.27345e-31	2.46953e-32	1.32134e-33	6.5616e-35	3.03079e-36	1.30482e-37	5.24604e-39	1.97328e-40	6.95602e-42	2.30163e-43	7.15923e-45	2.09633e-46	5.78618e-48	1.5073e-49	3.71016e-51	8.63863e-53	1.90462e-54	3.98019e-56	7.89098e-58	1.48548e-59	2.65742e-61	4.52115e-63	
4.74261e-29	3.40276e-30	2.24338e-31	1.36296e-32	7.65126e-34	3.97874e-35	1.92103e-36	8.6307e-38	3.61551e-39	1.41493e-40	5.18223e-42	1.77928e-43	5.7359e-45	1.73871e-46	4.96277e-48	1.33554e-49	3.39278e-51	8.14556e-53	1.85022e-54	3.98019e-56	8.1167e-58	1.57052e-59	2.88577e-61	5.03947e-63	8.37024e-65	
1.55975e-30	1.08619e-31	6.9538e-33	4.10434e-34	2.23938e-35	1.13227e-36	5.31766e-38	2.32474e-39	9.47961e-41	3.61233e-42	1.28864e-43	4.3107e-45	1.35427e-46	4.00162e-48	1.11361e-49	2.92253e-51	7.24158e-53	1.69609e-54	3.75898e-56	7.89098e-58	1.57052e-59	2.96613e-61	5.3203e-63	9.07033e-65	1.47086e-66	
4.84169e-32	3.27439e-33	2.03667e-34	1.16842e-35	6.19893e-37	3.04887e-38	1.39336e-39	5.92955e-41	2.35439e-42	8.73871e-44	3.03729e-45	9.90159e-47	3.03229e-48	8.73592e-50	2.37085e-51	6.06883e-53	1.467e-54	3.35249e-56	7.25051e-58	1.48548e-59	2.88577e-61	5.3203e-63	9.31637e-65	1.5507e-66	2.45526e-68	
1.42035e-33	9.33343e-35	5.64312e-36	3.14816e-37	1.62477e-38	7.77656e-40	3.45963e-41	1.43364e-42	5.5447e-44	2.00515e-45	6.79198e-47	2.15839e-48	6.44476e-50	1.81069e-51	4.79312e-53	1.19694e-54	2.82307e-56	6.29564e-58	1.32886e-59	2.65742e-61	5.03947e-63	9.07033e-65	1.5507e-66	2.52017e-68	3.89617e-70	
3.94252e-35	2.51851e-36	1.48084e-37	8.03692e-39	4.03662e-40	1.88082e-41	8.14808e-43	3.28895e-44	1.23938e-45	4.36809e-47	1.44232e-48	4.46903e-50	1.30135e-51	3.56626e-53	9.20968e-55	2.24401e-56	5.16484e-58	1.12412e-59	2.316e-61	4.52115e-63	8.37024e-65	1.47086e-66	2.45526e-68	3.89617e-70	5.88166e-72	
1.03663e-36	6.44047e-38	3.68429e-39	1.94603e-40	9.51547e-42	4.31759e-43	1.82203e-44	7.16601e-46	2.6318e-47	9.0421e-49	2.91114e-50	8.79673e-52	2.49856e-53	6.6799e-55	1.68317e-56	4.00217e-58	8.99017e-60	1.90991e-61	3.84121e-63	7.32056e-65	1.32321e-66	2.2703e-68	3.7004e-70	5.73382e-72	8.45216e-74	
2.58473e-38	1.56247e-39	8.69943e-41	4.47364e-42	2.13031e-43	9.41616e-45	3.87187e-46	1.48417e-47	5.31369e-49	1.78009e-50	5.58921e-52	1.64741e-53	4.56495e-55	1.19082e-56	2.92817e-58	6.79526e-60	1.48994e-61	3.08991e-63	6.06691e-65	1.12886e-66	1.99227e-68	3.33767e-70	5.31205e-72	8.03748e-74	1.15694e-75	
6.11761e-40	3.59958e-41	1.95134e-42	9.77294e-44	4.53362e-45	1.95265e-46	7.82571e-48	2.92438e-49	1.02091e-50	3.33545e-52	1.02156e-53	2.93755e-55	7.94244e-57	2.0219e-58	4.85238e-60	1.09915e-61	2.35264e-63	4.76322e-65	9.13106e-67	1.65889e-68	2.85868e-70	4.67644e-72	7.26772e-74	1.0738e-75	1.5093e-77	
1.37575e-41	7.88209e-43	4.16168e-44	2.03059e-45	9.17924e-47	3.85348e-48	1.50561e-49	5.48621e-51	1.86791e-52	5.95294e-54	1.77876e-55	4.99092e-57	1.31688e-58	3.27193e-60	7.6647e-62	1.69487e-63	3.54163e-65	7.00083e-67	1.31037e-68	2.32453e-70	3.91145e-72	6.24816e-74	9.48203e-76	1.36801e-77	1.87758e-79	
2.95409e-43	1.64817e-44	8.47656e-46	4.02967e-47	1.77523e-48	7.26437e-50	2.76723e-51	9.8328e-53	3.26522e-54	1.01511e-55	2.95929e-57	8.10219e-59	2.08629e-60	5.05923e-62	1.15684e-63	2.49715e-65	5.09422e-67	9.83137e-69	1.79668e-70	3.11196e-72	5.11297e-74	7.97491e-76	1.18172e-77	1.66469e-79	2.23081e-81	
6.54546e-44	3.53787e-45	1.7621e-46	8.11099e-48	3.45966e-49	1.37082e-50	5.05705e-52	1.74059e-53	5.60035e-55	1.68746e-56	4.76952e-58	1.26651e-59	3.16414e-61	7.4473e-63	1.6534e-64	3.46656e-66	6.87114e-68	1.28887e-69	2.29007e-71	3.85771e-73	6.1661e-75	9.35888e-77	1.34984e-78	1.85128e-80	2.41584e-82	
2.84048e-42	1.57603e-43	8.05547e-45	3.80409e-46	1.66425e-47	6.76196e-49	2.55746e-50	9.02286e-52	2.97529e-53	9.18653e-55	2.66036e-56	7.23721e-58	1.85216e-59	4.46524e-61	1.01536e-62	2.1803e-64	4.42593e-66	8.50223e-68	1.54709e-69	2.66896e-71	4.36891e-73	6.79123e-75	1.00319e-76	1.40921e-78	1.88363e-80	
1.29071e-40	7.35832e-42	3.86339e-43	1.87361e-44	8.41576e-46	3.50989e-47	1.36232e-48	4.93149e-50	1.66818e-51	5.28285e-53	1.56888e-54	4.37612e-56	1.14817e-57	2.83747e-59	6.6133e-61	1.4554e-62	3.02766e-64	5.95994e-66	1.11124e-67	1.96425e-69	3.29442e-71	5.24682e-73	7.94094e-75	1.14289e-76	1.56523e-78	
5.57506e-39	3.26686e-40	1.76249e-41	8.78064e-43	4.05053e-44	1.7345e-45	6.91067e-47	2.56732e-48	8.91082e-50	2.89488e-51	8.81781e-53	2.52232e-54	6.78561e-56	1.71921e-57	4.10749e-59	9.26522e-61	1.97539e-62	3.98497e-64	7.61374e-66	1.37902e-67	2.36983e-69	3.8671e-71	5.99659e-73	8.84258e-75	1.24078e-76	
2.28682e-37	1.37788e-38	7.64141e-40	3.91207e-41	1.85396e-42	8.15366e-44	3.33562e-45	1.27206e-46	4.53125e-48	1.51047e-49	4.71994e-51	1.38481e-52	3.82054e-54	9.92526e-56	2.43113e-57	5.62149e-59	1.22847e-60	2.53988e-62	4.97307e-64	9.23009e-66	1.62531e-67	2.71751e-69	4.3176e-71	6.52319e-73	9.37814e-75	
8.89917e-36	5.51583e-37	3.14561e-38	1.6555e-39	8.0627e-41	3.64301e-42	1.5307e-43	5.99393e-45	2.19181e-46	7.49857e-48	2.40432e-49	7.23683e-51	2.04787e-52	5.45592e-54	1.3703e-55	3.24848e-57	7.27715e-59	1.54215e-60	3.09468e-62	5.88625e-64	1.06213e-65	1.8197e-67	2.96235e-69	4.58571e-71	6.75472e-73	
3.28209e-34	2.09356e-35	1.22828e-36	6.6479e-38	3.32852e-39	1.54563e-40	6.67236e-42	2.68362e-43	1.00766e-44	3.539e-46	1.16462e-47	3.59695e-49	1.04423e-50	2.85356e-52	7.34998e-54	1.78663e-55	4.10336e-57	8.91405e-59	1.83352e-60	3.57425e-62	6.60949e-64	1.16038e-65	1.93563e-67	3.07015e-69	4.63354e-71	
1.14592e-32	7.5262e-34	4.54464e-35	2.53066e-36	1.30313e-37	6.22127e-39	2.76022e-40	1.14063e-41	4.39913e-43	1.58652e-44	5.35978e-46	1.699e-47	5.06122e-49	1.41892e-50	3.74875e-52	9.34524e-54	2.20081e-55	4.90166e-57	1.03353e-58	2.06512e-60	3.91388e-62	7.04177e-64	1.20369e-65	1.95632e-67	3.02524e-69	
3.78315e-31	2.55968e-32	1.5916e-33	9.12247e-35	4.83325e-36	2.37323e-37	1.08258e-38	4.59795e-40	1.82204e-41	6.74955e-43	2.34151e-44	7.6199e-46	2.32977e-47	6.70223e-49	1.81662e-50	4.64515e-52	1.12189e-53	2.56212e-55	5.53868e-57	1.13449e-58	2.20387e-60	4.06386e-62	7.11896e-64	1.18564e-65	1.8787e-67	
1.17952e-29	8.22607e-31	5.26979e-32	3.1105e-33	1.6964e-34	8.57087e-36	4.02134e-37	1.75608e-38	7.15249e-40	2.72241e-41	9.70116e-43	3.24192e-44	1.0176e-45	3.00462e-47	8.35684e-49	2.19228e-50	5.43101e-52	1.27201e-53	2.8196e-55	5.92121e-57	1.17915e-58	2.22866e-60	4.0013e-62	6.82935e-64	1.10891e-65	
3.46847e-28	2.49483e-29	1.64756e-30	1.002e-31	5.62796e-33	2.92713e-34	1.41319e-35	6.34773e-37	2.65835e-38	1.04001e-39	3.80799e-41	1.30716e-42	4.21342e-44	1.27721e-45	3.64607e-47	9.81501e-49	2.49457e-50	5.99295e-52	1.36238e-53	2.93368e-55	5.98961e-57	1.16051e-58	2.13564e-60	3.73581e-62	6.21648e-64	
9.60584e-27	7.13082e-28	4.85739e-29	3.04554e-30	1.76266e-31	9.44213e-33	4.69293e-34	2.16915e-35	9.34413e-37	3.75886e-38	1.41466e-39	4.98976e-41	1.65214e-42	5.14293e-44	1.50727e-45	4.16456e-47	1.08614e-48	2.67703e-50	6.24235e-52	1.37855e-53	2.88602e-55	5.73294e-57	1.08151e-58	1.93914e-60	3.30711e-62	
2.50176e-25	1.91804e-26	1.34857e-27	8.72243e-29	5.20485e-30	2.87312e-31	1.47082e-32	6.99901e-34	3.10261e-35	1.28384e-36	4.96828e-38	1.80127e-39	6.12835e-41	1.95962e-42	5.89784e-44	1.67298e-45	4.4784e-47	1.13267e-48	2.7097e-50	6.13809e-52	1.31786e-53	2.68435e-55	5.19182e-57	9.54269e-59	1.66813e-60	
6.11751e-24	4.84761e-25	3.52048e-26	2.35049e-27	1.44699e-28	8.23578e-30	4.34485e-31	2.12961e-32	9.71931e-34	4.13877e-35	1.64756e-36	6.14213e-38	2.148e-39	7.05775e-41	2.18199e-42	6.35614e-44	1.74682e-45	4.53463e-47	1.1132e-48	2.58707e-50	5.69748e-52	1.19018e-53	2.36038e-55	4.44794e-57	7.97056e-59	
1.40209e-22	1.14929e-23	8.62778e-25	5.95059e-26	3.78176e-27	2.22073e-28	1.20804e-29	6.10222e-31	2.8687e-32	1.2577e-33	5.15236e-35	1.9759e-36	7.10544e-38	2.39981e-39	7.62376e-41	2.28128e-42	6.43833e-44	1.7159e-45	4.32352e-47	1.03106e-48	2.32959e-50	4.99165e-52	1.01525e-53	1.96173e-55	3.60407e-57	
3.00647e-21	2.55152e-22	1.98165e-23	1.41296e-24	9.27692e-26	5.62421e-27	3.15669e-28	1.64426e-29	7.9664e-31	3.5977e-32	1.51746e-33	5.98886e-35	2.21541e-36	7.69404e-38	2.51248e-39	7.72534e-41	2.23966e-42	6.12973e-44	1.58566e-45	3.88124e-47	8.99865e-49	1.97816e-50	4.12689e-52	8.17796e-54	1.54058e-55	
6.01953e-20	5.29444e-21	4.25795e-22	3.1413e-23	2.13237e-24	1.33564e-25	7.73992e-27	4.15986e-28	2.07834e-29	9.6735e-31	4.20297e-32	1.70785e-33	6.50177e-35	2.32283e-36	7.79976e-38	2.4652e-39	7.34383e-41	2.06467e-42	5.48477e-44	1.37829e-45	3.27988e-47	7.39861e-49	1.58354e-50	3.21871e-52	6.21835e-54	
1.123e-18	1.02474e-19	8.54228e-21	6.52658e-22	4.58442e-23	2.96907e-24	1.77771e-25	9.865e-27	5.0857e-28	2.44103e-29	1.09309e-30	4.57547e-32	1.79345e-33	6.59398e-35	2.27771e-36	7.40259e-38	2.26677e-39	6.54848e-41	1.78696e-42	4.6114e-44	1.1266e-45	2.60837e-47	5.72867e-49	1.19459e-50	2.36723e-52	
1.94771e-17	1.84603e-18	1.59679e-19	1.26471e-20	9.20099e-22	6.1666e-23	3.81784e-24	2.18909e-25	1.16527e-26	5.7713e-28	2.66513e-29	1.14977e-30	4.64249e-32	1.75745e-33	6.24747e-35	2.0887e-36	6.57678e-38	1.95297e-39	5.47611e-41	1.45162e-42	3.64185e-44	8.65636e-46	1.9513e-47	4.17533e-49	8.48829e-51	
3.13285e-16	3.08808e-17	2.77492e-18	2.28086e-19	1.72035e-20	1.19427e-21	7.65197e-23	4.53699e-24	2.49545e-25	1.27618e-26	6.08119e-28	2.70549e-29	1.1259e-30	4.39053e-32	1.60697e-33	5.52904e-35	1.79089e-36	5.46841e-38	1.5761e-39	4.293e-41	1.10634e-42	2.70041e-44	6.24922e-46	1.37243e-47	2.86297e-49	
