-0.804609	-0.871093	-0.911313	-0.920735	-0.8997	-0.849354	-0.770169	-0.661757	-0.526089	-0.356057	-0.161822	0.0265885	0.194914	0.349734	0.470449	0.544239	0.581455	0.581933	0.545614	0.481471	0.408526	0.345093	0.301923	0.292296	0.329476	
-0.871093	-0.909465	-0.930048	-0.917463	-0.865924	-0.789157	-0.696624	-0.583412	-0.439635	-0.266239	-0.0722076	0.118777	0.29426	0.447592	0.565637	0.639774	0.675364	0.671885	0.628713	0.558275	0.470459	0.376241	0.300994	0.261645	0.271502	
-0.911313	-0.930048	-0.926203	-0.889732	-0.8098	-0.709286	-0.59901	-0.470197	-0.318573	-0.150658	0.0351609	0.226409	0.399878	0.549724	0.666244	0.739903	0.769615	0.750699	0.689714	0.600219	0.49353	0.380747	0.281811	0.222721	0.211931	
-0.920735	-0.917463	-0.889732	-0.833545	-0.737187	-0.611859	-0.473281	-0.321364	-0.161027	0.00174627	0.17628	0.353332	0.510434	0.649609	0.761534	0.831043	0.847149	0.812301	0.727828	0.612761	0.490205	0.36626	0.256205	0.179751	0.151164	
-0.8997	-0.865924	-0.8098	-0.737187	-0.627123	-0.479628	-0.318103	-0.146165	0.0210181	0.17891	0.337581	0.488738	0.623302	0.744659	0.841016	0.892112	0.889397	0.838272	0.733893	0.599073	0.464762	0.33515	0.217957	0.127315	0.0823005	
-0.849354	-0.789157	-0.709286	-0.611859	-0.479628	-0.315169	-0.134645	0.0455375	0.210299	0.35367	0.485199	0.608781	0.718377	0.816029	0.884087	0.908498	0.885455	0.820235	0.708467	0.573934	0.436659	0.304296	0.179763	0.0745786	0.0130197	
-0.770169	-0.696624	-0.59901	-0.473281	-0.318103	-0.134645	0.0546867	0.236601	0.386917	0.507579	0.60879	0.700276	0.785293	0.851893	0.887827	0.887563	0.842881	0.763873	0.657987	0.539341	0.41098	0.278229	0.151619	0.0356606	-0.0457391	
-0.661757	-0.583412	-0.470197	-0.321364	-0.146165	0.0455375	0.236601	0.407002	0.539162	0.631127	0.694098	0.751372	0.804818	0.839372	0.852278	0.838249	0.780935	0.69435	0.598981	0.499928	0.381236	0.254335	0.133197	0.0130899	-0.0847772	
-0.526089	-0.439635	-0.318573	-0.161027	0.0210181	0.210299	0.386917	0.539162	0.645875	0.704198	0.731276	0.751533	0.767985	0.773619	0.776275	0.764236	0.712828	0.634268	0.554178	0.469636	0.361111	0.246629	0.1334	0.0136344	-0.0958199	
-0.356057	-0.266239	-0.150658	0.00174627	0.17891	0.35367	0.507579	0.631127	0.704198	0.730599	0.727285	0.708401	0.68594	0.671965	0.672277	0.669745	0.637431	0.581349	0.519921	0.446903	0.35483	0.254927	0.148142	0.0287524	-0.0845235	
-0.161822	-0.0722076	0.0351609	0.17628	0.337581	0.485199	0.60879	0.694098	0.731276	0.727285	0.691435	0.634668	0.587173	0.566191	0.567138	0.57022	0.55881	0.526982	0.481134	0.424722	0.353291	0.27034	0.16807	0.0492738	-0.0607119	
0.0265885	0.118777	0.226409	0.353332	0.488738	0.608781	0.700276	0.751372	0.751533	0.708401	0.634668	0.551738	0.494094	0.473981	0.473897	0.48566	0.493769	0.478736	0.452092	0.41597	0.368129	0.301641	0.205207	0.0888138	-0.0256357	
0.194914	0.29426	0.399878	0.510434	0.623302	0.718377	0.785293	0.804818	0.767985	0.68594	0.587173	0.494094	0.434065	0.410956	0.416149	0.440073	0.457447	0.455481	0.446179	0.43115	0.399377	0.345373	0.262702	0.147716	0.0195352	
0.349734	0.447592	0.549724	0.649609	0.744659	0.816029	0.851893	0.839372	0.773619	0.671965	0.566191	0.473981	0.410956	0.392054	0.406563	0.434226	0.452998	0.458757	0.465981	0.461526	0.437456	0.394803	0.324429	0.213917	0.0675214	
0.470449	0.565637	0.666244	0.761534	0.841016	0.884087	0.887827	0.852278	0.776275	0.672277	0.567138	0.473897	0.416149	0.406563	0.424056	0.449595	0.471524	0.490981	0.508373	0.512489	0.49963	0.466748	0.399599	0.284882	0.124408	
0.544239	0.639774	0.739903	0.831043	0.892112	0.908498	0.887563	0.838249	0.764236	0.669745	0.57022	0.48566	0.440073	0.434226	0.449595	0.47843	0.513857	0.546457	0.570192	0.588584	0.59676	0.570011	0.495123	0.369925	0.199234	
0.581455	0.675364	0.769615	0.847149	0.889397	0.885455	0.842881	0.780935	0.712828	0.637431	0.55881	0.493769	0.457447	0.452998	0.471524	0.513857	0.56624	0.60971	0.648913	0.69106	0.719515	0.699045	0.616232	0.484769	0.309566	
0.581933	0.671885	0.750699	0.812301	0.838272	0.820235	0.763873	0.69435	0.634268	0.581349	0.526982	0.478736	0.455481	0.458757	0.490981	0.546457	0.60971	0.674645	0.74051	0.807099	0.849101	0.835957	0.76176	0.632876	0.457362	
0.545614	0.628713	0.689714	0.727828	0.733893	0.708467	0.657987	0.598981	0.554178	0.519921	0.481134	0.452092	0.446179	0.465981	0.508373	0.570192	0.648913	0.74051	0.836834	0.92133	0.976475	0.982185	0.927547	0.809982	0.631165	
0.481471	0.558275	0.600219	0.612761	0.599073	0.573934	0.539341	0.499928	0.469636	0.446903	0.424722	0.41597	0.43115	0.461526	0.512489	0.588584	0.69106	0.807099	0.92133	1.02283	1.09664	1.12625	1.09279	0.984924	0.801345	
0.408526	0.470459	0.49353	0.490205	0.464762	0.436659	0.41098	0.381236	0.361111	0.35483	0.353291	0.368129	0.399377	0.437456	0.49963	0.59676	0.719515	0.849101	0.976475	1.09664	1.19355	1.24098	1.22196	1.12197	0.934352	
0.345093	0.376241	0.380747	0.36626	0.33515	0.304296	0.278229	0.254335	0.246629	0.254927	0.27034	0.301641	0.345373	0.394803	0.466748	0.570011	0.699045	0.835957	0.982185	1.12625	1.24098	1.29969	1.28498	1.18907	1.00309	
0.301923	0.300994	0.281811	0.256205	0.217957	0.179763	0.151619	0.133197	0.1334	0.148142	0.16807	0.205207	0.262702	0.324429	0.399599	0.495123	0.616232	0.76176	0.927547	1.09279	1.22196	1.28498	1.26847	1.16904	0.986183	
0.292296	0.261645	0.222721	0.179751	0.127315	0.0745786	0.0356606	0.0130899	0.0136344	0.0287524	0.0492738	0.0888138	0.147716	0.213917	0.284882	0.369925	0.484769	0.632876	0.809982	0.984924	1.12197	1.18907	1.16904	1.06301	0.874252	
0.329476	0.271502	0.211931	0.151164	0.0823005	0.0130197	-0.0457391	-0.0847772	-0.0958199	-0.0845235	-0.0607119	-0.0256357	0.0195352	0.0675214	0.124408	0.199234	0.309566	0.457362	0.631165	0.801345	0.934352	1.00309	0.986183	0.874252	0.67029	
0.413217	0.330765	0.249476	0.168113	0.0846191	3.2739e-05	-0.0759853	-0.136079	-0.168383	-0.167562	-0.14386	-0.114295	-0.0918632	-0.0742258	-0.0468046	0.00996242	0.108629	0.248688	0.409788	0.561854	0.680499	0.743588	0.727293	0.610389	0.389921	
0.539276	0.435072	0.333415	0.228481	0.127056	0.033403	-0.0539396	-0.129008	-0.183594	-0.206594	-0.198095	-0.183903	-0.187153	-0.199847	-0.202556	-0.173128	-0.0942959	0.0283659	0.17271	0.308373	0.41119	0.458457	0.426193	0.295816	0.0633793	
0.681786	0.568447	0.450482	0.325253	0.205116	0.0947113	-0.00287544	-0.0863228	-0.157349	-0.203476	-0.219734	-0.231252	-0.257217	-0.291405	-0.317843	-0.316686	-0.271819	-0.176464	-0.0546673	0.0670146	0.15623	0.181919	0.122964	-0.0283064	-0.268656	
0.814539	0.689247	0.562413	0.424116	0.289971	0.166869	0.0579074	-0.0305721	-0.109029	-0.173064	-0.214362	-0.251556	-0.300233	-0.348529	-0.394136	-0.421189	-0.406795	-0.337985	-0.234574	-0.129306	-0.055185	-0.0463419	-0.124666	-0.294984	-0.552035	
0.896599	0.763161	0.628628	0.486864	0.34947	0.220521	0.105528	0.0127979	-0.0710311	-0.145482	-0.202011	-0.255833	-0.316159	-0.375714	-0.435162	-0.4823	-0.486304	-0.427958	-0.336414	-0.245483	-0.186469	-0.185726	-0.268375	-0.451574	-0.72798	
0.909744	0.774543	0.639522	0.496909	0.360076	0.23034	0.114307	0.0212569	-0.0639583	-0.140392	-0.199209	-0.255213	-0.3175	-0.377946	-0.441522	-0.491682	-0.498912	-0.442443	-0.352605	-0.265886	-0.210026	-0.210148	-0.293357	-0.478474	-0.759274	
0.855531	0.726261	0.595737	0.455023	0.317897	0.191995	0.0802183	-0.00989264	-0.0905679	-0.160046	-0.209434	-0.254941	-0.30964	-0.363594	-0.415279	-0.452097	-0.446219	-0.383219	-0.285658	-0.186539	-0.118581	-0.11381	-0.195332	-0.372355	-0.637964	
0.738261	0.621056	0.498783	0.367018	0.24053	0.123641	0.0214808	-0.0644688	-0.139305	-0.193165	-0.219729	-0.242186	-0.277353	-0.317774	-0.351959	-0.362264	-0.33146	-0.248213	-0.135187	-0.0193998	0.0638725	0.0818328	0.0131177	-0.146484	-0.391481	
0.596424	0.48654	0.377752	0.263674	0.154557	0.0556849	-0.0358371	-0.11453	-0.177001	-0.209989	-0.210726	-0.205962	-0.219049	-0.241236	-0.254379	-0.235975	-0.169669	-0.0575821	0.079156	0.209126	0.306658	0.345105	0.30231	0.164502	-0.0713927	
0.458971	0.367759	0.277551	0.187113	0.0969066	0.00819066	-0.0722139	-0.139558	-0.180852	-0.188687	-0.169358	-0.144366	-0.131457	-0.127492	-0.11222	-0.0661171	0.026068	0.161194	0.315483	0.460861	0.572038	0.630108	0.610361	0.489101	0.263065	
0.357574	0.288934	0.221537	0.152892	0.0781936	0.00208942	-0.0652152	-0.112181	-0.130707	-0.122329	-0.0974203	-0.0643187	-0.0276104	0.0095005	0.0550765	0.124433	0.231298	0.376925	0.546654	0.709399	0.837559	0.905577	0.890329	0.777107	0.565715	
0.301473	0.259726	0.212342	0.162835	0.10345	0.0441185	-0.00224846	-0.0307163	-0.0328756	-0.0185332	0.00295689	0.0409381	0.0959618	0.157066	0.224775	0.305667	0.419076	0.567633	0.744755	0.920001	1.05717	1.12554	1.10613	0.997103	0.803143	
0.292534	0.279426	0.252042	0.219804	0.177016	0.133792	0.103145	0.0846851	0.0860262	0.100935	0.121412	0.160101	0.220184	0.286017	0.360425	0.451835	0.569163	0.716299	0.888102	1.0594	1.19269	1.25718	1.23833	1.13612	0.953131	
0.325222	0.343229	0.338362	0.319991	0.285685	0.25312	0.226537	0.206029	0.202098	0.213275	0.231633	0.266333	0.31599	0.370355	0.444412	0.545686	0.672465	0.812728	0.967951	1.1213	1.24286	1.30328	1.28842	1.19224	1.00733	
0.380896	0.432606	0.448376	0.440288	0.412532	0.382837	0.35793	0.329802	0.315223	0.315247	0.321691	0.344864	0.381078	0.423228	0.489978	0.591858	0.719294	0.851809	0.984965	1.11454	1.21851	1.27169	1.25589	1.15819	0.970788	
0.452838	0.525008	0.558788	0.5634	0.543817	0.518821	0.48883	0.455049	0.428594	0.4121	0.398152	0.398179	0.420301	0.453727	0.508595	0.593966	0.705888	0.828868	0.948417	1.05631	1.1402	1.17784	1.15171	1.0474	0.860869	
0.521994	0.603443	0.656854	0.684138	0.68129	0.655654	0.612343	0.560865	0.522506	0.492788	0.460016	0.439073	0.441351	0.466873	0.51304	0.578227	0.665931	0.768075	0.87298	0.964177	1.02549	1.041	0.995029	0.881839	0.701453	
0.571973	0.658881	0.730828	0.783985	0.802739	0.779907	0.723361	0.656558	0.601784	0.557122	0.509777	0.468762	0.451729	0.461811	0.498664	0.556995	0.624644	0.700382	0.779418	0.853945	0.900758	0.893576	0.826386	0.701245	0.525474	
0.586132	0.678642	0.767468	0.839573	0.875371	0.86504	0.814694	0.74827	0.683122	0.616938	0.548583	0.490649	0.458909	0.455678	0.479413	0.527684	0.585062	0.635569	0.684251	0.736642	0.771285	0.752905	0.671465	0.539871	0.363972	
0.562868	0.658284	0.75764	0.843456	0.897221	0.904597	0.874852	0.820213	0.74835	0.660761	0.567792	0.490933	0.449015	0.443866	0.458583	0.492394	0.53536	0.571662	0.599736	0.626852	0.643684	0.619965	0.540772	0.411972	0.23885	
0.505623	0.600452	0.701595	0.795874	0.867475	0.899104	0.892726	0.851473	0.774919	0.673545	0.569151	0.477129	0.424808	0.417203	0.434281	0.459719	0.485553	0.511316	0.530554	0.539495	0.534594	0.504118	0.43525	0.316446	0.151255	
0.403233	0.499264	0.601175	0.698735	0.787577	0.847837	0.87032	0.847181	0.77489	0.670418	0.564812	0.472321	0.409901	0.395392	0.412331	0.439073	0.457926	0.467977	0.480347	0.478947	0.458025	0.419959	0.35166	0.241236	0.0890051	
0.259767	0.358996	0.462478	0.567748	0.673637	0.759745	0.815286	0.821656	0.771135	0.678754	0.575431	0.482369	0.420676	0.397353	0.406492	0.433706	0.451765	0.453636	0.451201	0.441755	0.413792	0.364345	0.287621	0.173914	0.0389621	
0.095345	0.190911	0.299081	0.418881	0.544096	0.654188	0.735446	0.773522	0.759038	0.698886	0.61303	0.524234	0.46601	0.444472	0.445741	0.462443	0.47564	0.466508	0.44662	0.419293	0.378569	0.317885	0.226267	0.110369	-0.0087005	
-0.0837926	0.00597928	0.112684	0.248489	0.399499	0.535914	0.645697	0.716853	0.73949	0.721463	0.669719	0.599941	0.546832	0.526649	0.52679	0.532853	0.529616	0.50545	0.467655	0.418643	0.357152	0.280952	0.180493	0.0627643	-0.0478683	
