0.318204	0.238919	0.187021	0.161614	0.15165	0.150449	0.155776	0.174956	0.214296	0.283555	0.375404	0.474636	0.547585	0.572404	0.547633	0.472018	0.355506	0.214802	0.0646469	-0.0793469	-0.23223	-0.390535	-0.535386	-0.641246	-0.688286	
0.297574	0.230333	0.191412	0.181175	0.177669	0.177097	0.179194	0.185605	0.210308	0.267979	0.348622	0.439586	0.506491	0.535324	0.521749	0.459124	0.365296	0.243302	0.103523	-0.0445378	-0.214719	-0.397356	-0.574257	-0.711729	-0.776221	
0.302141	0.233325	0.202444	0.205476	0.215436	0.216356	0.210345	0.200799	0.215778	0.270935	0.355189	0.447378	0.524845	0.567659	0.564706	0.513673	0.435599	0.331795	0.202239	0.0441082	-0.14444	-0.355735	-0.568229	-0.734893	-0.829422	
0.331569	0.257848	0.232854	0.248565	0.27036	0.27548	0.25816	0.235971	0.241186	0.297366	0.391241	0.493849	0.587499	0.655087	0.666709	0.62957	0.567809	0.478285	0.353663	0.184407	-0.027044	-0.268336	-0.5102	-0.704749	-0.825264	
0.3848	0.311941	0.2965	0.328594	0.35818	0.361618	0.343616	0.306446	0.297458	0.350156	0.447194	0.56208	0.676856	0.765375	0.802671	0.784655	0.736638	0.660907	0.539307	0.363576	0.139006	-0.122867	-0.388838	-0.609186	-0.758737	
0.442996	0.380171	0.387256	0.430482	0.463457	0.468471	0.446897	0.402966	0.375635	0.409591	0.505648	0.626563	0.752359	0.863147	0.9234	0.930725	0.902705	0.837874	0.724435	0.554205	0.32703	0.0603462	-0.221807	-0.468202	-0.650209	
0.491974	0.447635	0.47275	0.52724	0.561071	0.566917	0.54403	0.495312	0.450486	0.465796	0.547349	0.665622	0.794108	0.914518	0.996693	1.03582	1.03389	0.990965	0.891169	0.730618	0.507408	0.240105	-0.0472954	-0.31112	-0.517671	
0.515234	0.490214	0.526909	0.591721	0.633148	0.639635	0.612194	0.553429	0.497902	0.497601	0.558725	0.666233	0.792387	0.914994	1.01735	1.08681	1.11919	1.10538	1.0235	0.875455	0.661114	0.397524	0.117644	-0.147395	-0.367122	
0.501294	0.489568	0.532689	0.60102	0.654215	0.664995	0.625902	0.559121	0.50134	0.489344	0.533679	0.622046	0.740582	0.865293	0.979273	1.07551	1.14461	1.15981	1.10412	0.972752	0.773672	0.524581	0.260226	0.0104438	-0.207088	
0.437487	0.438244	0.481437	0.551876	0.611183	0.623706	0.578855	0.508591	0.45018	0.432469	0.457904	0.527657	0.636711	0.763095	0.886837	1.00444	1.09759	1.14191	1.11118	1.00759	0.839004	0.620763	0.386593	0.16695	-0.0365571	
0.303384	0.318865	0.370929	0.443169	0.500706	0.513345	0.469289	0.399201	0.335865	0.304496	0.31367	0.368853	0.470221	0.597909	0.730986	0.861513	0.970414	1.03883	1.04245	0.979676	0.858873	0.684081	0.490293	0.305854	0.125629	
0.103529	0.13619	0.204549	0.280639	0.332893	0.342794	0.305343	0.23641	0.160902	0.11111	0.10627	0.15375	0.252038	0.381627	0.521152	0.660876	0.779814	0.866267	0.904597	0.890548	0.823331	0.708777	0.571242	0.43437	0.291721	
-0.129699	-0.0870065	-0.00740728	0.0689781	0.116235	0.125743	0.0913403	0.0257403	-0.0571475	-0.118965	-0.129927	-0.0855847	0.00848173	0.135719	0.274571	0.418975	0.549325	0.658232	0.729843	0.763216	0.751285	0.700851	0.629512	0.551326	0.456095	
-0.366615	-0.323258	-0.247792	-0.17109	-0.12513	-0.116119	-0.148819	-0.21479	-0.295705	-0.354647	-0.369179	-0.327377	-0.237587	-0.114113	0.0261208	0.172703	0.314852	0.444454	0.541676	0.610673	0.650733	0.670425	0.675658	0.66546	0.629709	
-0.584386	-0.54623	-0.480669	-0.411861	-0.365559	-0.356363	-0.38952	-0.45171	-0.522508	-0.57312	-0.588423	-0.555777	-0.472471	-0.349459	-0.20389	-0.0546074	0.0954131	0.236873	0.354283	0.451729	0.537497	0.625163	0.708048	0.766062	0.794815	
-0.768285	-0.73267	-0.676892	-0.621319	-0.582286	-0.575043	-0.602433	-0.653701	-0.711707	-0.757516	-0.775504	-0.753563	-0.679002	-0.557364	-0.406072	-0.255487	-0.106113	0.0397674	0.175786	0.30442	0.432445	0.572323	0.713517	0.831258	0.917372	
-0.90838	-0.868529	-0.818666	-0.775623	-0.752656	-0.747986	-0.764456	-0.799657	-0.848913	-0.894934	-0.918365	-0.899794	-0.833097	-0.718276	-0.570763	-0.425562	-0.285639	-0.143165	0.00683604	0.163261	0.327036	0.500698	0.679123	0.845204	0.98392	
-0.984342	-0.944416	-0.897641	-0.867654	-0.855892	-0.855593	-0.860992	-0.883025	-0.924869	-0.971038	-0.994141	-0.976295	-0.914591	-0.818145	-0.693523	-0.567325	-0.444555	-0.309211	-0.152312	0.0214517	0.209384	0.40587	0.610145	0.811339	0.991104	
-0.989792	-0.953826	-0.911691	-0.88823	-0.878251	-0.876108	-0.883342	-0.90015	-0.935283	-0.978384	-0.997626	-0.983553	-0.935377	-0.862217	-0.774949	-0.680009	-0.577667	-0.452282	-0.296871	-0.122404	0.0721006	0.281956	0.505085	0.732741	0.936569	
-0.924365	-0.891865	-0.857678	-0.829111	-0.812223	-0.808862	-0.821055	-0.844759	-0.878059	-0.912867	-0.934892	-0.930528	-0.901583	-0.856068	-0.805158	-0.747773	-0.677997	-0.57097	-0.43206	-0.269279	-0.0782242	0.136845	0.374181	0.61997	0.835527	
-0.799677	-0.772508	-0.742969	-0.719159	-0.701299	-0.697029	-0.711158	-0.732581	-0.760563	-0.789701	-0.813875	-0.829988	-0.829486	-0.818532	-0.810032	-0.792904	-0.761427	-0.685458	-0.566982	-0.415436	-0.227703	-0.00987366	0.232311	0.483216	0.707806	
-0.663785	-0.631696	-0.602394	-0.583431	-0.573686	-0.571314	-0.578784	-0.593298	-0.618861	-0.65135	-0.684065	-0.718079	-0.7463	-0.771123	-0.802642	-0.829573	-0.837	-0.799633	-0.711467	-0.569991	-0.378819	-0.155705	0.088847	0.340818	0.570889	
-0.540869	-0.500135	-0.468843	-0.45378	-0.455079	-0.455294	-0.453752	-0.460083	-0.486231	-0.523578	-0.568911	-0.618949	-0.671227	-0.729619	-0.798736	-0.863566	-0.904776	-0.897851	-0.8358	-0.70604	-0.514723	-0.287676	-0.0432063	0.205112	0.436991	
-0.442457	-0.403231	-0.3739	-0.363997	-0.36831	-0.36968	-0.365237	-0.367593	-0.389682	-0.425376	-0.474013	-0.537297	-0.607676	-0.69191	-0.791026	-0.888511	-0.955564	-0.967677	-0.918502	-0.797712	-0.613427	-0.391181	-0.150403	0.0929568	0.322676	
-0.374685	-0.348464	-0.33342	-0.328134	-0.330838	-0.331237	-0.329092	-0.330232	-0.341152	-0.362165	-0.401453	-0.467207	-0.550484	-0.652246	-0.771538	-0.895489	-0.979943	-1.00284	-0.955562	-0.837461	-0.662587	-0.451294	-0.215592	0.0252676	0.250957	
-0.338058	-0.330572	-0.331371	-0.331562	-0.333663	-0.333772	-0.332211	-0.331222	-0.330702	-0.332734	-0.356009	-0.411954	-0.497988	-0.612131	-0.744561	-0.879015	-0.972122	-0.995336	-0.946927	-0.830672	-0.662172	-0.457396	-0.225826	0.0122228	0.229728	
-0.330572	-0.33692	-0.346355	-0.355448	-0.361256	-0.361682	-0.358249	-0.350189	-0.340691	-0.331787	-0.337153	-0.376426	-0.455846	-0.576341	-0.716938	-0.849465	-0.937806	-0.956729	-0.906036	-0.793686	-0.625624	-0.415741	-0.181676	0.0501773	0.252475	
-0.331371	-0.346355	-0.366836	-0.38796	-0.401162	-0.403069	-0.39441	-0.375598	-0.353943	-0.336858	-0.328972	-0.351786	-0.424557	-0.54588	-0.687961	-0.817763	-0.897891	-0.91155	-0.857756	-0.740949	-0.564628	-0.344023	-0.101596	0.12459	0.31042	
-0.331562	-0.355448	-0.38796	-0.419834	-0.437963	-0.440312	-0.429281	-0.401626	-0.367811	-0.339497	-0.325823	-0.34376	-0.411521	-0.528842	-0.666863	-0.789154	-0.873611	-0.885021	-0.820118	-0.690765	-0.500777	-0.269301	-0.0250259	0.201278	0.384067	
-0.333663	-0.361256	-0.401162	-0.437963	-0.453786	-0.455191	-0.447202	-0.417633	-0.376233	-0.342634	-0.327701	-0.34771	-0.415374	-0.523542	-0.651121	-0.770782	-0.860951	-0.87575	-0.802998	-0.657301	-0.45592	-0.222873	0.0215655	0.251017	0.439815	
-0.333772	-0.361682	-0.403069	-0.440312	-0.455191	-0.456597	-0.449006	-0.42	-0.377091	-0.343001	-0.327739	-0.349022	-0.416239	-0.522534	-0.647265	-0.767097	-0.857988	-0.875415	-0.800028	-0.651116	-0.447297	-0.213863	0.0306439	0.260423	0.451625	
-0.332211	-0.358249	-0.39441	-0.429281	-0.447202	-0.449006	-0.438903	-0.409568	-0.371987	-0.340962	-0.32654	-0.344738	-0.412446	-0.525939	-0.659922	-0.780603	-0.867689	-0.879751	-0.811286	-0.674433	-0.479243	-0.246535	-0.00277049	0.224816	0.409997	
-0.331222	-0.350189	-0.375598	-0.401626	-0.417633	-0.42	-0.409568	-0.386398	-0.359903	-0.337996	-0.327083	-0.346727	-0.416467	-0.537223	-0.678665	-0.805145	-0.886516	-0.898299	-0.840527	-0.71972	-0.538079	-0.312217	-0.0684381	0.157237	0.340019	
-0.330702	-0.340691	-0.353943	-0.367811	-0.376233	-0.377091	-0.371987	-0.359903	-0.345392	-0.334063	-0.332981	-0.364864	-0.442023	-0.562866	-0.704604	-0.837078	-0.920282	-0.937635	-0.886535	-0.773462	-0.603581	-0.389711	-0.151786	0.0774098	0.272488	
-0.332734	-0.331787	-0.336858	-0.339497	-0.342634	-0.343001	-0.340962	-0.337996	-0.334063	-0.329835	-0.346295	-0.396116	-0.47975	-0.597782	-0.734458	-0.86812	-0.961445	-0.982721	-0.93294	-0.81891	-0.651466	-0.445147	-0.214339	0.0215987	0.233772	
-0.356009	-0.337153	-0.328972	-0.325823	-0.327701	-0.327739	-0.32654	-0.327083	-0.332981	-0.346295	-0.379584	-0.442178	-0.528609	-0.635478	-0.760658	-0.89128	-0.980073	-1.00415	-0.957553	-0.839285	-0.667565	-0.460583	-0.226514	0.0134185	0.236507	
-0.411954	-0.376426	-0.351786	-0.34376	-0.34771	-0.349022	-0.344738	-0.346727	-0.364864	-0.396116	-0.442178	-0.508193	-0.584158	-0.676595	-0.785006	-0.894209	-0.968916	-0.987302	-0.938702	-0.819981	-0.639461	-0.421007	-0.182776	0.059299	0.288081	
-0.497988	-0.455846	-0.424557	-0.411521	-0.415374	-0.416239	-0.412446	-0.416467	-0.442023	-0.47975	-0.528609	-0.584158	-0.644755	-0.714492	-0.796661	-0.875124	-0.92808	-0.929323	-0.874591	-0.748696	-0.559422	-0.333595	-0.0900978	0.156201	0.387542	
-0.612131	-0.576341	-0.54588	-0.528842	-0.523542	-0.522534	-0.525939	-0.537223	-0.562866	-0.597782	-0.635478	-0.676595	-0.714492	-0.753368	-0.800083	-0.84336	-0.865284	-0.842008	-0.765417	-0.628656	-0.436302	-0.21116	0.0350132	0.285712	0.516213	
-0.744561	-0.716938	-0.687961	-0.666863	-0.651121	-0.647265	-0.659922	-0.678665	-0.704604	-0.734458	-0.760658	-0.785006	-0.796661	-0.800083	-0.808101	-0.808794	-0.792584	-0.731971	-0.624205	-0.477129	-0.288405	-0.0690477	0.173731	0.425343	0.653058	
-0.879015	-0.849465	-0.817763	-0.789154	-0.770782	-0.767097	-0.780603	-0.805145	-0.837078	-0.86812	-0.89128	-0.894209	-0.875124	-0.84336	-0.808794	-0.766709	-0.712836	-0.616306	-0.485507	-0.327569	-0.138065	0.0781327	0.319072	0.567726	0.78704	
-0.972122	-0.937806	-0.897891	-0.873611	-0.860951	-0.857988	-0.867689	-0.886516	-0.920282	-0.961445	-0.980073	-0.968916	-0.92808	-0.865284	-0.792584	-0.712836	-0.621139	-0.501754	-0.351619	-0.180943	0.0130594	0.224716	0.454539	0.690785	0.900252	
-0.995336	-0.956729	-0.91155	-0.885021	-0.87575	-0.875415	-0.879751	-0.898299	-0.937635	-0.982721	-1.00415	-0.987302	-0.929323	-0.842008	-0.731971	-0.616306	-0.501754	-0.370013	-0.211546	-0.035756	0.156498	0.360454	0.572278	0.785057	0.976367	
-0.946927	-0.906036	-0.857756	-0.820118	-0.802998	-0.800028	-0.811286	-0.840527	-0.886535	-0.93294	-0.957553	-0.938702	-0.874591	-0.765417	-0.624205	-0.485507	-0.351619	-0.211546	-0.0585421	0.106895	0.282028	0.465614	0.655794	0.837277	0.994333	
-0.830672	-0.793686	-0.740949	-0.690765	-0.657301	-0.651116	-0.674433	-0.71972	-0.773462	-0.81891	-0.839285	-0.819981	-0.748696	-0.628656	-0.477129	-0.327569	-0.180943	-0.035756	0.106895	0.247894	0.391089	0.546897	0.704568	0.843061	0.950395	
-0.662172	-0.625624	-0.564628	-0.500777	-0.45592	-0.447297	-0.479243	-0.538079	-0.603581	-0.651466	-0.667565	-0.639461	-0.559422	-0.436302	-0.288405	-0.138065	0.0130594	0.156498	0.282028	0.391089	0.494077	0.605607	0.714224	0.797807	0.851426	
-0.457396	-0.415741	-0.344023	-0.269301	-0.222873	-0.213863	-0.246535	-0.312217	-0.389711	-0.445147	-0.460583	-0.421007	-0.333595	-0.21116	-0.0690477	0.0781327	0.224716	0.360454	0.465614	0.546897	0.605607	0.653013	0.690941	0.708663	0.698512	
-0.225826	-0.181676	-0.101596	-0.0250259	0.0215655	0.0306439	-0.00277049	-0.0684381	-0.151786	-0.214339	-0.226514	-0.182776	-0.0900978	0.0350132	0.173731	0.319072	0.454539	0.572278	0.655794	0.704568	0.714224	0.690941	0.649152	0.597482	0.524754	
0.0122228	0.0501773	0.12459	0.201278	0.251017	0.260423	0.224816	0.157237	0.0774098	0.0215987	0.0134185	0.059299	0.156201	0.285712	0.425343	0.567726	0.690785	0.785057	0.837277	0.843061	0.797807	0.708663	0.597482	0.482508	0.357656	
0.229728	0.252475	0.31042	0.384067	0.439815	0.451625	0.409997	0.340019	0.272488	0.233772	0.236507	0.288081	0.387542	0.516213	0.653058	0.78704	0.900252	0.976367	0.994333	0.950395	0.851426	0.698512	0.524754	0.357656	0.190874	
