-0.670362	-0.809469	-0.929318	-1.00777	-1.04979	-1.05761	-1.02851	-0.965379	-0.8619	-0.725614	-0.595966	-0.497967	-0.423702	-0.356624	-0.297898	-0.259284	-0.243182	-0.257302	-0.295667	-0.353515	-0.417377	-0.475007	-0.533813	-0.58732	-0.611988	
-0.674243	-0.833189	-0.973388	-1.07392	-1.1353	-1.14638	-1.1033	-1.01857	-0.893099	-0.737936	-0.587051	-0.475182	-0.39416	-0.320954	-0.253689	-0.200168	-0.169804	-0.175392	-0.204864	-0.244171	-0.292201	-0.343817	-0.388858	-0.426826	-0.441745	
-0.642373	-0.810278	-0.963974	-1.08076	-1.14649	-1.1575	-1.11348	-1.01645	-0.8745	-0.7098	-0.547239	-0.417756	-0.321907	-0.238881	-0.162282	-0.100288	-0.059395	-0.0475815	-0.0628629	-0.0906992	-0.134447	-0.189229	-0.234226	-0.267421	-0.278786	
-0.574557	-0.747044	-0.901922	-1.01731	-1.08461	-1.09649	-1.05037	-0.953916	-0.812479	-0.643845	-0.474464	-0.330463	-0.215071	-0.114858	-0.0287961	0.0421497	0.0918088	0.118826	0.111309	0.0787019	0.0322966	-0.0257641	-0.0823404	-0.121021	-0.137786	
-0.480386	-0.653165	-0.806766	-0.912345	-0.968089	-0.978188	-0.939895	-0.855473	-0.719187	-0.549957	-0.37988	-0.222334	-0.0764763	0.042608	0.13692	0.214108	0.267146	0.296098	0.292291	0.251058	0.187498	0.114193	0.045574	-0.00611585	-0.0399236	
-0.372631	-0.542696	-0.685776	-0.778685	-0.823972	-0.831863	-0.801728	-0.728996	-0.605126	-0.442035	-0.2692	-0.0991036	0.0647197	0.2034	0.311552	0.390978	0.43824	0.456942	0.446434	0.398105	0.319052	0.2294	0.145202	0.072753	0.0159591	
-0.256885	-0.41918	-0.547603	-0.632297	-0.673005	-0.679052	-0.653262	-0.586847	-0.475784	-0.32447	-0.151255	0.0225359	0.191441	0.347583	0.464901	0.541139	0.577441	0.578994	0.550211	0.495231	0.416068	0.317767	0.216641	0.125682	0.0487911	
-0.143135	-0.292803	-0.408803	-0.485778	-0.521682	-0.526288	-0.504355	-0.444872	-0.342892	-0.207354	-0.0397162	0.133374	0.29789	0.45271	0.574251	0.645875	0.668248	0.649117	0.605097	0.544455	0.468914	0.373136	0.262384	0.155325	0.0721756	
-0.0362969	-0.166014	-0.265173	-0.33027	-0.362759	-0.368017	-0.346758	-0.295532	-0.20895	-0.0919689	0.055015	0.212074	0.364101	0.509579	0.631884	0.703553	0.712606	0.68194	0.630926	0.563995	0.488017	0.39899	0.289913	0.177289	0.0916246	
0.05854	-0.0444809	-0.123576	-0.168974	-0.196229	-0.200681	-0.181576	-0.144956	-0.0806331	0.0148897	0.130138	0.256586	0.390246	0.525004	0.637333	0.7085	0.718916	0.689831	0.633073	0.563136	0.484277	0.396816	0.300532	0.201116	0.12269	
0.137838	0.0725416	0.0205417	-0.0051133	-0.013532	-0.0162961	-0.00936752	0.00687598	0.0494473	0.110342	0.184905	0.277454	0.385788	0.501052	0.605036	0.675928	0.694725	0.670735	0.619592	0.555543	0.481683	0.398932	0.313825	0.231365	0.164667	
0.221969	0.193689	0.172063	0.162884	0.168363	0.170345	0.164326	0.166278	0.184345	0.209202	0.245795	0.303238	0.381991	0.475201	0.56786	0.634016	0.655269	0.639975	0.597043	0.545125	0.484302	0.414353	0.341108	0.272275	0.219264	
0.320522	0.324491	0.328065	0.334721	0.352596	0.35744	0.341463	0.328967	0.326786	0.321664	0.323839	0.350694	0.400164	0.464073	0.532251	0.590473	0.620501	0.610656	0.578183	0.540571	0.497524	0.444626	0.385031	0.330142	0.291181	
0.436961	0.464526	0.491476	0.514427	0.541654	0.547499	0.52589	0.500356	0.47579	0.447709	0.4239	0.41523	0.427827	0.45896	0.504226	0.551095	0.579353	0.573601	0.552386	0.532956	0.511305	0.480431	0.439328	0.398944	0.371341	
0.562117	0.618978	0.666813	0.707701	0.740692	0.746102	0.722906	0.684047	0.639472	0.584565	0.531725	0.487814	0.463483	0.46004	0.476504	0.507735	0.527676	0.529471	0.52751	0.521298	0.515598	0.506241	0.48734	0.463256	0.4514	
0.702867	0.780871	0.849905	0.912675	0.95235	0.957902	0.932965	0.876176	0.809325	0.733823	0.657286	0.574192	0.502202	0.461889	0.452061	0.466444	0.47901	0.491863	0.506939	0.511241	0.516918	0.52306	0.526186	0.521862	0.524991	
0.848194	0.954324	1.04621	1.11596	1.15564	1.16184	1.1362	1.07666	0.993449	0.891623	0.782988	0.66385	0.552759	0.478101	0.44225	0.434156	0.436963	0.456546	0.480355	0.501728	0.519353	0.535575	0.555979	0.571593	0.587676	
0.984705	1.11103	1.21777	1.29196	1.33223	1.33892	1.31238	1.25105	1.15721	1.03622	0.905279	0.761962	0.620612	0.514866	0.452654	0.417398	0.406481	0.421554	0.451784	0.486506	0.516063	0.550995	0.586577	0.613987	0.642564	
1.10554	1.23208	1.33806	1.41221	1.45201	1.45805	1.43229	1.37188	1.27742	1.15851	1.02278	0.873052	0.723049	0.593705	0.496422	0.431175	0.398719	0.400923	0.427861	0.466911	0.510397	0.560676	0.607182	0.640176	0.675349	
1.20384	1.3164	1.40269	1.46532	1.50282	1.50937	1.48408	1.43018	1.35425	1.25196	1.12679	0.988595	0.839757	0.69451	0.572151	0.485313	0.427243	0.407297	0.422235	0.454671	0.500131	0.546843	0.591132	0.631082	0.673143	
1.27113	1.35687	1.4132	1.45723	1.49498	1.50335	1.47412	1.43126	1.38227	1.30951	1.20658	1.08903	0.952359	0.801736	0.671343	0.569588	0.489484	0.443255	0.433475	0.446819	0.474445	0.509822	0.543564	0.581649	0.623009	
1.2965	1.3492	1.38156	1.41437	1.44458	1.45123	1.42775	1.39459	1.36332	1.32045	1.25143	1.16205	1.05088	0.918608	0.791298	0.681233	0.584733	0.507051	0.466078	0.455309	0.459011	0.471975	0.484279	0.504291	0.531114	
1.28906	1.31697	1.32538	1.33633	1.3511	1.35666	1.34125	1.32964	1.32118	1.30318	1.26359	1.21189	1.13834	1.04239	0.934774	0.826291	0.712408	0.606821	0.534723	0.495298	0.466998	0.446922	0.428855	0.419477	0.423783	
1.25923	1.26133	1.248	1.23056	1.22527	1.22651	1.22637	1.2403	1.2575	1.2616	1.25504	1.24221	1.20483	1.14921	1.07299	0.975731	0.858235	0.745069	0.648491	0.57207	0.5015	0.439496	0.385959	0.343797	0.321655	
1.21023	1.18035	1.14927	1.11557	1.09238	1.08832	1.10448	1.13503	1.16859	1.19808	1.22826	1.24953	1.2499	1.23176	1.18729	1.11161	1.00887	0.896126	0.781235	0.670159	0.556215	0.454583	0.365586	0.288829	0.236053	
1.1496	1.08364	1.03336	0.99386	0.967403	0.961432	0.981859	1.01625	1.06158	1.12207	1.18786	1.24105	1.27975	1.29635	1.28636	1.23519	1.14842	1.03509	0.904062	0.761319	0.61727	0.485049	0.365928	0.258838	0.170557	
1.08364	0.993181	0.928142	0.886165	0.862095	0.857577	0.874991	0.909074	0.963329	1.04606	1.14222	1.23135	1.29829	1.33846	1.35843	1.33872	1.27018	1.16364	1.02128	0.849346	0.682353	0.525431	0.378751	0.24542	0.120415	
1.03336	0.928142	0.841585	0.793753	0.770888	0.7682	0.78217	0.81865	0.889023	0.990004	1.10293	1.21179	1.29686	1.36201	1.40337	1.41356	1.36977	1.27292	1.12013	0.928428	0.738117	0.561334	0.391372	0.234547	0.0804322	
0.99386	0.886165	0.793753	0.732735	0.698301	0.691673	0.715662	0.765703	0.846468	0.948964	1.0667	1.18561	1.29563	1.38806	1.44311	1.46877	1.44115	1.34799	1.19096	0.995772	0.789033	0.590041	0.40485	0.231601	0.0611698	
0.967403	0.862095	0.770888	0.698301	0.66562	0.659827	0.681239	0.737433	0.824966	0.922136	1.04118	1.17145	1.30368	1.41185	1.47956	1.50636	1.48072	1.38773	1.23151	1.03481	0.825279	0.618937	0.428154	0.240962	0.059895	
0.961432	0.857577	0.7682	0.691673	0.659827	0.654767	0.67384	0.733502	0.821596	0.917088	1.03579	1.17011	1.30828	1.41772	1.48757	1.51369	1.4863	1.39449	1.23787	1.04098	0.830627	0.624385	0.434507	0.243433	0.0597508	
0.981859	0.874991	0.78217	0.715662	0.681239	0.67384	0.698607	0.751338	0.836071	0.936405	1.05504	1.17803	1.297	1.39809	1.4595	1.48661	1.46173	1.36786	1.2116	1.01554	0.806848	0.602737	0.41412	0.234432	0.0599342	
1.01625	0.909074	0.81865	0.765703	0.737433	0.733502	0.751338	0.793739	0.868947	0.972293	1.08752	1.20058	1.29597	1.37263	1.41902	1.43741	1.40186	1.30706	1.1515	0.957446	0.759123	0.572949	0.395312	0.231692	0.069693	
1.06158	0.963329	0.889023	0.846468	0.824966	0.821596	0.836071	0.868947	0.929196	1.02087	1.12604	1.22518	1.29897	1.34866	1.37841	1.37208	1.31318	1.21061	1.0639	0.881995	0.705631	0.540788	0.384254	0.241364	0.102427	
1.12207	1.04606	0.990004	0.948964	0.922136	0.917088	0.936405	0.972293	1.02087	1.09063	1.16917	1.23799	1.28962	1.31614	1.31907	1.28032	1.19927	1.0883	0.95182	0.796631	0.642785	0.50123	0.370883	0.252212	0.149451	
1.18786	1.14222	1.10293	1.0667	1.04118	1.03579	1.05504	1.08752	1.12604	1.16917	1.2138	1.24647	1.2623	1.25963	1.22879	1.16214	1.06669	0.953435	0.831522	0.708445	0.580783	0.464969	0.362547	0.2739	0.207413	
1.24105	1.23135	1.21179	1.18561	1.17145	1.17011	1.17803	1.20058	1.22518	1.23799	1.24647	1.24845	1.22581	1.18501	1.12142	1.03202	0.919112	0.805375	0.701488	0.610034	0.520853	0.44331	0.375226	0.319365	0.284959	
1.27975	1.29829	1.29686	1.29563	1.30368	1.30828	1.297	1.29597	1.29897	1.28962	1.2623	1.22581	1.16708	1.08808	0.993012	0.887188	0.769084	0.658286	0.575507	0.521855	0.477962	0.441696	0.410153	0.386973	0.381943	
1.29635	1.33846	1.36201	1.38806	1.41185	1.41772	1.39809	1.37263	1.34866	1.31614	1.25963	1.18501	1.08808	0.969064	0.846722	0.736496	0.632459	0.54215	0.488345	0.467451	0.459335	0.459198	0.460966	0.470241	0.488622	
1.28636	1.35843	1.40337	1.44311	1.47956	1.48757	1.4595	1.41902	1.37841	1.31907	1.22879	1.12142	0.993012	0.846722	0.715999	0.609379	0.523525	0.465737	0.443396	0.446294	0.465078	0.493601	0.519943	0.553437	0.589625	
1.23519	1.33872	1.41356	1.46877	1.50636	1.51369	1.48661	1.43741	1.37208	1.28032	1.16214	1.03202	0.887188	0.736496	0.609379	0.516855	0.447655	0.418216	0.425042	0.451478	0.491099	0.533909	0.574827	0.616197	0.659283	
1.14842	1.27018	1.36977	1.44115	1.48072	1.4863	1.46173	1.40186	1.31318	1.19927	1.06669	0.919112	0.769084	0.632459	0.523525	0.447655	0.40583	0.399834	0.423095	0.460561	0.508295	0.558821	0.605814	0.640904	0.679703	
1.03509	1.16364	1.27292	1.34799	1.38773	1.39449	1.36786	1.30706	1.21061	1.0883	0.953435	0.805375	0.658286	0.54215	0.465737	0.418216	0.399834	0.411313	0.44102	0.47879	0.513344	0.555795	0.597443	0.627784	0.659281	
0.904062	1.02128	1.12013	1.19096	1.23151	1.23787	1.2116	1.1515	1.0639	0.95182	0.831522	0.701488	0.575507	0.488345	0.443396	0.425042	0.423095	0.44102	0.46889	0.497059	0.519292	0.542114	0.568337	0.589363	0.610243	
0.761319	0.849346	0.928428	0.995772	1.03481	1.04098	1.01554	0.957446	0.881995	0.796631	0.708445	0.610034	0.521855	0.467451	0.446294	0.451478	0.460561	0.47879	0.497059	0.507228	0.51733	0.527718	0.538636	0.542668	0.551456	
0.61727	0.682353	0.738117	0.789033	0.825279	0.830627	0.806848	0.759123	0.705631	0.642785	0.580783	0.520853	0.477962	0.459335	0.465078	0.491099	0.508295	0.513344	0.519292	0.51733	0.516263	0.513388	0.504669	0.488159	0.481969	
0.485049	0.525431	0.561334	0.590041	0.618937	0.624385	0.602737	0.572949	0.540788	0.50123	0.464969	0.44331	0.441696	0.459198	0.493601	0.533909	0.558821	0.555795	0.542114	0.527718	0.513388	0.492761	0.459273	0.425011	0.403692	
0.365928	0.378751	0.391372	0.40485	0.428154	0.434507	0.41412	0.395312	0.384254	0.370883	0.362547	0.375226	0.410153	0.460966	0.519943	0.574827	0.605814	0.597443	0.568337	0.538636	0.504669	0.459273	0.406147	0.35719	0.322609	
0.258838	0.24542	0.234547	0.231601	0.240962	0.243433	0.234432	0.231692	0.241364	0.252212	0.2739	0.319365	0.386973	0.470241	0.553437	0.616197	0.640904	0.627784	0.589363	0.542668	0.488159	0.425011	0.35719	0.29409	0.245843	
0.170557	0.120415	0.0804322	0.0611698	0.059895	0.0597508	0.0599342	0.069693	0.102427	0.149451	0.207413	0.284959	0.381943	0.488622	0.589625	0.659283	0.679703	0.659281	0.610243	0.551456	0.481969	0.403692	0.322609	0.245843	0.184376	
