-0.63223	-0.689074	-0.732489	-0.741586	-0.740791	-0.74186	-0.740116	-0.740007	-0.709449	-0.655706	-0.595857	-0.516806	-0.417085	-0.307106	-0.191252	-0.0827491	0.0157932	0.0966222	0.154277	0.19695	0.224671	0.242986	0.26903	0.331409	0.433828	
-0.666646	-0.701515	-0.715598	-0.700658	-0.677859	-0.673649	-0.690226	-0.712737	-0.710596	-0.682546	-0.636637	-0.564109	-0.466847	-0.343313	-0.215074	-0.101511	-0.00758305	0.0642605	0.116399	0.150818	0.164101	0.169009	0.179375	0.208118	0.274938	
-0.640499	-0.651331	-0.632425	-0.596279	-0.56189	-0.554369	-0.581046	-0.618557	-0.64712	-0.64841	-0.619087	-0.562061	-0.478673	-0.358518	-0.228947	-0.120424	-0.0374538	0.0185133	0.0568719	0.0818585	0.0847571	0.076616	0.0656826	0.0656375	0.09441	
-0.571056	-0.557936	-0.514826	-0.460919	-0.422233	-0.415931	-0.442216	-0.492642	-0.543608	-0.569719	-0.562643	-0.527586	-0.464617	-0.369485	-0.253571	-0.147835	-0.0741352	-0.0304299	-0.00202157	0.00840739	-0.00573838	-0.0304328	-0.061796	-0.0840715	-0.0867902	
-0.47038	-0.436908	-0.375635	-0.309949	-0.264995	-0.258816	-0.287432	-0.349357	-0.414619	-0.460272	-0.478493	-0.467975	-0.435165	-0.372152	-0.281347	-0.189481	-0.126359	-0.0905518	-0.0790104	-0.0845824	-0.108977	-0.145814	-0.188402	-0.228528	-0.25318	
-0.350392	-0.300267	-0.231655	-0.160684	-0.107174	-0.0989044	-0.135008	-0.203039	-0.274484	-0.332552	-0.372669	-0.391317	-0.389062	-0.356413	-0.299555	-0.234218	-0.184562	-0.162471	-0.164221	-0.182206	-0.211505	-0.254691	-0.302765	-0.351271	-0.390015	
-0.215257	-0.152016	-0.0820061	-0.00883518	0.0480569	0.0594297	0.0177691	-0.0526413	-0.125221	-0.190236	-0.25145	-0.301429	-0.329197	-0.328206	-0.306926	-0.272769	-0.248859	-0.243408	-0.251924	-0.274791	-0.302027	-0.338756	-0.389272	-0.445769	-0.493101	
-0.0763412	0.00375787	0.0802328	0.156465	0.212584	0.224145	0.18216	0.112002	0.0341128	-0.0435554	-0.126071	-0.205016	-0.262297	-0.294279	-0.305281	-0.308677	-0.31281	-0.323296	-0.332768	-0.344471	-0.359961	-0.392162	-0.447332	-0.508425	-0.563399	
0.0591601	0.160335	0.255785	0.338895	0.391534	0.400165	0.364911	0.291372	0.199653	0.100542	-0.00598558	-0.114084	-0.202376	-0.265727	-0.311304	-0.344623	-0.370018	-0.392301	-0.400619	-0.395838	-0.398734	-0.422649	-0.475043	-0.54073	-0.598127	
0.180903	0.309227	0.424424	0.513592	0.564883	0.572727	0.539264	0.463398	0.357964	0.232693	0.102032	-0.0309005	-0.152686	-0.249243	-0.326079	-0.386728	-0.42393	-0.443992	-0.449974	-0.432951	-0.423692	-0.439147	-0.481437	-0.537717	-0.593351	
0.293598	0.437117	0.55916	0.652211	0.700164	0.705775	0.677989	0.599982	0.489169	0.352895	0.201173	0.0443863	-0.105252	-0.233525	-0.339841	-0.42178	-0.470419	-0.484737	-0.48508	-0.465186	-0.445727	-0.443432	-0.463559	-0.506199	-0.556475	
0.400595	0.546652	0.661983	0.748849	0.787777	0.793691	0.769854	0.701356	0.595426	0.463507	0.297489	0.118161	-0.0524458	-0.205465	-0.336159	-0.441766	-0.503411	-0.527671	-0.524649	-0.503483	-0.477018	-0.45864	-0.452293	-0.467628	-0.507767	
0.486158	0.628251	0.732011	0.799251	0.833312	0.840168	0.816076	0.763664	0.673866	0.547632	0.384336	0.199478	0.0150159	-0.150919	-0.300442	-0.428294	-0.514429	-0.559417	-0.5649	-0.544298	-0.514513	-0.486334	-0.458822	-0.450083	-0.468114	
0.553759	0.681043	0.770384	0.819117	0.841693	0.846081	0.829916	0.794964	0.721078	0.61027	0.45745	0.28119	0.100534	-0.073347	-0.240804	-0.385916	-0.500838	-0.571908	-0.591347	-0.574221	-0.542318	-0.514889	-0.487089	-0.460571	-0.4478	
0.599988	0.70954	0.778717	0.81203	0.825802	0.827845	0.818669	0.795795	0.742051	0.647632	0.519845	0.363117	0.197166	0.0154349	-0.167487	-0.326871	-0.457596	-0.549427	-0.584785	-0.578185	-0.560833	-0.540118	-0.515683	-0.481784	-0.452369	
0.633595	0.719642	0.769348	0.791204	0.800663	0.802035	0.79568	0.780832	0.744195	0.670896	0.570106	0.439776	0.289773	0.112787	-0.0755482	-0.248766	-0.387	-0.491798	-0.548951	-0.567445	-0.571223	-0.567895	-0.545566	-0.508553	-0.469603	
0.654215	0.713318	0.743171	0.761323	0.769796	0.771371	0.76566	0.751543	0.727986	0.681154	0.606071	0.505306	0.376686	0.213899	0.033901	-0.146892	-0.295684	-0.413029	-0.493122	-0.545429	-0.576145	-0.590807	-0.573764	-0.535107	-0.494219	
0.659444	0.68951	0.698569	0.708952	0.709007	0.709293	0.709679	0.703294	0.693706	0.675395	0.625426	0.549658	0.443772	0.307494	0.149275	-0.0236126	-0.176687	-0.308206	-0.414301	-0.495354	-0.554105	-0.585139	-0.576755	-0.544705	-0.502803	
0.635064	0.638779	0.629293	0.627129	0.616679	0.613443	0.623881	0.628392	0.635028	0.63936	0.619961	0.572241	0.491298	0.3855	0.254649	0.100177	-0.0466101	-0.181238	-0.303581	-0.400873	-0.476173	-0.525077	-0.539987	-0.527646	-0.495829	
0.579464	0.559743	0.539864	0.527275	0.509227	0.504834	0.520327	0.534344	0.551062	0.573057	0.582544	0.564016	0.512334	0.438083	0.340422	0.216321	0.0895492	-0.0359677	-0.164096	-0.272731	-0.355817	-0.416565	-0.459087	-0.473842	-0.459071	
0.49229	0.450154	0.422077	0.406302	0.389623	0.386538	0.3991	0.415789	0.436116	0.475755	0.512235	0.523616	0.507447	0.47071	0.410699	0.328846	0.235847	0.126904	0.00735685	-0.107801	-0.203221	-0.276786	-0.33715	-0.375587	-0.381465	
0.395018	0.336204	0.297332	0.277533	0.270695	0.269444	0.27371	0.287717	0.317718	0.369532	0.432629	0.471619	0.486867	0.485595	0.464188	0.423954	0.365484	0.285477	0.185468	0.0791886	-0.0219326	-0.109393	-0.18518	-0.244474	-0.274666	
0.314883	0.242651	0.193791	0.168546	0.163713	0.163213	0.165215	0.180753	0.21957	0.284478	0.358605	0.416617	0.457545	0.482878	0.493202	0.491245	0.467794	0.418138	0.349058	0.260375	0.165821	0.066994	-0.0228643	-0.0942076	-0.142885	
0.232431	0.164741	0.112212	0.0812109	0.07589	0.0778295	0.0764101	0.0971741	0.141662	0.203844	0.277964	0.352011	0.414353	0.461954	0.50575	0.539171	0.549487	0.526302	0.482169	0.413909	0.332525	0.243683	0.157282	0.0776081	0.00782897	
0.148483	0.090503	0.0443131	0.0164379	0.0108114	0.011166	0.0113982	0.0309841	0.0702615	0.123824	0.190396	0.274727	0.356057	0.425548	0.493248	0.558188	0.598507	0.603268	0.583099	0.542502	0.486011	0.416961	0.343236	0.260257	0.173418	
0.0812895	0.0328342	-0.00961975	-0.0367157	-0.0423462	-0.0433111	-0.0401064	-0.024509	0.0159887	0.0603227	0.118178	0.198524	0.282279	0.361632	0.451684	0.548433	0.616253	0.653585	0.658235	0.643661	0.614564	0.574214	0.515757	0.437993	0.33748	
0.0328342	-0.0112655	-0.0502105	-0.0738236	-0.0776156	-0.0759976	-0.0773451	-0.0622503	-0.0271005	0.0142023	0.0649687	0.13435	0.210836	0.295643	0.403467	0.518885	0.610745	0.672867	0.706141	0.719404	0.714758	0.695903	0.652333	0.583521	0.483293	
-0.00961975	-0.0502105	-0.0798589	-0.095115	-0.0939943	-0.0928179	-0.0960423	-0.0880945	-0.0633832	-0.0274859	0.0212145	0.0836763	0.158788	0.253304	0.370374	0.495706	0.596555	0.673504	0.727982	0.761534	0.776359	0.77671	0.751305	0.694149	0.603802	
-0.0367157	-0.0738236	-0.095115	-0.111592	-0.115373	-0.115762	-0.113718	-0.10321	-0.0830225	-0.0539723	-0.00641895	0.0534362	0.130673	0.231882	0.353214	0.482114	0.588596	0.679612	0.74387	0.78083	0.804686	0.818671	0.810597	0.773583	0.696904	
-0.0423462	-0.0776156	-0.0939943	-0.115373	-0.128821	-0.130563	-0.122322	-0.102146	-0.0852303	-0.0589255	-0.0121928	0.0475881	0.125652	0.22651	0.340689	0.462706	0.574958	0.674542	0.75028	0.789668	0.816381	0.837252	0.840948	0.810294	0.740798	
-0.0433111	-0.0759976	-0.0928179	-0.115762	-0.130563	-0.13202	-0.124328	-0.100884	-0.0837609	-0.0590372	-0.0117218	0.0487745	0.126521	0.225242	0.338609	0.457952	0.571609	0.673239	0.751568	0.791459	0.817652	0.840508	0.846821	0.816816	0.745849	
-0.0401064	-0.0773451	-0.0960423	-0.113718	-0.122322	-0.124328	-0.117647	-0.10376	-0.0859222	-0.0569673	-0.0110084	0.0479841	0.126433	0.228885	0.347344	0.474558	0.583885	0.678471	0.747286	0.785003	0.810692	0.827437	0.825574	0.792753	0.721069	
-0.024509	-0.0622503	-0.0880945	-0.10321	-0.102146	-0.100884	-0.10376	-0.0970005	-0.073161	-0.0416505	0.00706542	0.0693016	0.144925	0.241923	0.363209	0.490213	0.59288	0.676614	0.734784	0.771522	0.79102	0.798282	0.779939	0.731024	0.644686	
0.0159887	-0.0271005	-0.0633832	-0.0830225	-0.0852303	-0.0837609	-0.0859222	-0.073161	-0.0431677	-0.00228108	0.046674	0.111893	0.187174	0.275539	0.38725	0.50752	0.605188	0.67346	0.716631	0.740347	0.744229	0.732675	0.696326	0.63103	0.534539	
0.0603227	0.0142023	-0.0274859	-0.0539723	-0.0589255	-0.0590372	-0.0569673	-0.0416505	-0.00228108	0.0407656	0.0951766	0.171398	0.252366	0.333488	0.431416	0.538071	0.616612	0.664803	0.681084	0.676916	0.658493	0.627551	0.575879	0.500781	0.398549	
0.118178	0.0649687	0.0212145	-0.00641895	-0.0121928	-0.0117218	-0.0110084	0.00706542	0.046674	0.0951766	0.158561	0.243292	0.327721	0.402504	0.48009	0.557556	0.608674	0.626878	0.61607	0.586172	0.54143	0.483503	0.415178	0.333539	0.240182	
0.198524	0.13435	0.0836763	0.0534362	0.0475881	0.0487745	0.0479841	0.0693016	0.111893	0.171398	0.243292	0.32145	0.392761	0.450171	0.503544	0.550629	0.57387	0.560437	0.525943	0.468372	0.394943	0.313582	0.232441	0.149906	0.0731771	
0.282279	0.210836	0.158788	0.130673	0.125652	0.126521	0.126433	0.144925	0.187174	0.252366	0.327721	0.392761	0.442705	0.476228	0.500981	0.512887	0.50323	0.464876	0.406958	0.325577	0.235437	0.138378	0.047223	-0.0278068	-0.0852698	
0.361632	0.295643	0.253304	0.231882	0.22651	0.225242	0.228885	0.241923	0.275539	0.333488	0.402504	0.450171	0.476228	0.486847	0.478281	0.453604	0.40918	0.341526	0.252964	0.15309	0.0539707	-0.0393966	-0.121402	-0.187355	-0.224666	
0.451684	0.403467	0.370374	0.353214	0.340689	0.338609	0.347344	0.363209	0.38725	0.431416	0.48009	0.503544	0.500981	0.478281	0.435	0.370081	0.291623	0.193613	0.0797925	-0.0331708	-0.13371	-0.212496	-0.278871	-0.325512	-0.342022	
0.548433	0.518885	0.495706	0.482114	0.462706	0.457952	0.474558	0.490213	0.50752	0.538071	0.557556	0.550629	0.512887	0.453604	0.370081	0.262055	0.147225	0.027032	-0.0993981	-0.211352	-0.29807	-0.363702	-0.414316	-0.440582	-0.432638	
0.616253	0.610745	0.596555	0.588596	0.574958	0.571609	0.583885	0.59288	0.605188	0.616612	0.608674	0.57387	0.50323	0.40918	0.291623	0.147225	0.00686303	-0.125213	-0.250777	-0.35355	-0.431831	-0.487192	-0.51247	-0.510616	-0.485971	
0.653585	0.672867	0.673504	0.679612	0.674542	0.673239	0.678471	0.676614	0.67346	0.664803	0.626878	0.560437	0.464876	0.341526	0.193613	0.027032	-0.125213	-0.259754	-0.374411	-0.462695	-0.529762	-0.567541	-0.567674	-0.542043	-0.502004	
0.658235	0.706141	0.727982	0.74387	0.75028	0.751568	0.747286	0.734784	0.716631	0.681084	0.61607	0.525943	0.406958	0.252964	0.0797925	-0.0993981	-0.250777	-0.374411	-0.464541	-0.529425	-0.5728	-0.59346	-0.578607	-0.541266	-0.500178	
0.643661	0.719404	0.761534	0.78083	0.789668	0.791459	0.785003	0.771522	0.740347	0.676916	0.586172	0.468372	0.325577	0.15309	-0.0331708	-0.211352	-0.35355	-0.462695	-0.529425	-0.561184	-0.574585	-0.578875	-0.55856	-0.520285	-0.479954	
0.614564	0.714758	0.776359	0.804686	0.816381	0.817652	0.810692	0.79102	0.744229	0.658493	0.54143	0.394943	0.235437	0.0539707	-0.13371	-0.29807	-0.431831	-0.529762	-0.5728	-0.574585	-0.56533	-0.55103	-0.527109	-0.491927	-0.457822	
0.574214	0.695903	0.77671	0.818671	0.837252	0.840508	0.827437	0.798282	0.732675	0.627551	0.483503	0.313582	0.138378	-0.0393966	-0.212496	-0.363702	-0.487192	-0.567541	-0.59346	-0.578875	-0.55103	-0.524728	-0.498508	-0.468262	-0.447466	
0.515757	0.652333	0.751305	0.810597	0.840948	0.846821	0.825574	0.779939	0.696326	0.575879	0.415178	0.232441	0.047223	-0.121402	-0.278871	-0.414316	-0.51247	-0.567674	-0.578607	-0.55856	-0.527109	-0.498508	-0.468572	-0.452289	-0.457104	
0.437993	0.583521	0.694149	0.773583	0.810294	0.816816	0.792753	0.731024	0.63103	0.500781	0.333539	0.149906	-0.0278068	-0.187355	-0.325512	-0.440582	-0.510616	-0.542043	-0.541266	-0.520285	-0.491927	-0.468262	-0.452289	-0.456403	-0.490294	
0.33748	0.483293	0.603802	0.696904	0.740798	0.745849	0.721069	0.644686	0.534539	0.398549	0.240182	0.0731771	-0.0852698	-0.224666	-0.342022	-0.432638	-0.485971	-0.502004	-0.500178	-0.479954	-0.457822	-0.447466	-0.457104	-0.490294	-0.536738	
