0.160438	0.252481	0.358157	0.466521	0.537898	0.549749	0.501525	0.403354	0.292927	0.195985	0.109515	0.0210966	-0.0784296	-0.185307	-0.278716	-0.347186	-0.369583	-0.340695	-0.270534	-0.177216	-0.0754673	0.0275902	0.125843	0.211369	0.279361	
0.0671119	0.157236	0.262669	0.365556	0.434188	0.447576	0.397903	0.305772	0.198293	0.101288	0.0150976	-0.0846465	-0.189434	-0.299245	-0.398263	-0.462771	-0.475152	-0.425786	-0.325762	-0.211911	-0.0960952	0.0147015	0.114774	0.193298	0.24535	
-0.0550975	0.030214	0.131493	0.227439	0.29298	0.306263	0.258181	0.172131	0.0698517	-0.0222705	-0.106457	-0.199438	-0.30019	-0.398651	-0.483278	-0.534107	-0.532717	-0.468475	-0.352944	-0.220668	-0.0957829	0.0174806	0.121416	0.193656	0.231593	
-0.191158	-0.110996	-0.0213502	0.0680171	0.128623	0.139105	0.0976079	0.0161312	-0.0763582	-0.160058	-0.235445	-0.30809	-0.387474	-0.464422	-0.522534	-0.553782	-0.541181	-0.470471	-0.354527	-0.217237	-0.0821501	0.0357512	0.135182	0.199786	0.232847	
-0.319257	-0.250978	-0.169675	-0.0931335	-0.0388219	-0.0282628	-0.0677487	-0.137715	-0.219085	-0.29468	-0.351078	-0.398859	-0.448439	-0.490236	-0.520998	-0.535288	-0.513214	-0.445049	-0.33414	-0.20297	-0.0725064	0.0470023	0.138957	0.194141	0.225315	
-0.425643	-0.377018	-0.310968	-0.247042	-0.203738	-0.195151	-0.227042	-0.283791	-0.35155	-0.409286	-0.44281	-0.463544	-0.48078	-0.493032	-0.497467	-0.494998	-0.46987	-0.405432	-0.303474	-0.183697	-0.062279	0.042943	0.125312	0.183227	0.215998	
-0.495456	-0.474625	-0.432117	-0.389888	-0.361335	-0.355348	-0.376393	-0.414651	-0.458706	-0.491032	-0.495626	-0.491465	-0.485504	-0.47907	-0.471906	-0.459876	-0.430548	-0.37465	-0.289162	-0.179865	-0.0661109	0.025064	0.098545	0.160733	0.202677	
-0.516176	-0.520648	-0.508174	-0.491349	-0.479919	-0.477932	-0.485408	-0.501263	-0.517143	-0.521198	-0.50283	-0.47909	-0.458836	-0.445474	-0.440872	-0.435801	-0.411731	-0.369034	-0.306156	-0.215795	-0.11463	-0.0268049	0.0467723	0.112108	0.165504	
-0.471773	-0.490034	-0.498943	-0.504585	-0.507483	-0.508275	-0.506233	-0.501209	-0.494294	-0.481222	-0.452667	-0.420712	-0.401161	-0.395652	-0.407009	-0.42586	-0.424321	-0.404806	-0.366395	-0.301616	-0.22287	-0.138914	-0.0553542	0.0216456	0.0882803	
-0.360187	-0.380044	-0.397635	-0.414009	-0.420877	-0.422672	-0.41805	-0.405178	-0.386909	-0.368778	-0.344755	-0.320143	-0.320281	-0.341443	-0.382648	-0.433673	-0.46896	-0.482566	-0.474506	-0.437318	-0.38096	-0.303795	-0.208122	-0.110926	-0.0210972	
-0.187323	-0.199086	-0.217348	-0.236919	-0.241151	-0.241441	-0.240192	-0.226211	-0.205761	-0.191066	-0.183459	-0.189963	-0.230162	-0.292052	-0.372788	-0.460866	-0.539291	-0.595858	-0.627332	-0.623461	-0.587157	-0.508064	-0.399818	-0.273625	-0.146598	
0.0369566	0.0429161	0.0307782	0.0131366	0.0053553	0.00414949	0.00867706	0.0238305	0.0393112	0.0430015	0.0184576	-0.0359644	-0.13239	-0.246263	-0.37298	-0.506918	-0.634024	-0.739726	-0.812136	-0.841424	-0.821945	-0.742774	-0.614892	-0.458265	-0.287594	
0.284637	0.319617	0.321863	0.308023	0.292596	0.287927	0.301694	0.317294	0.32406	0.304062	0.239661	0.12706	-0.029082	-0.200916	-0.380958	-0.564143	-0.741947	-0.895949	-1.00674	-1.05982	-1.05655	-0.976837	-0.831943	-0.639066	-0.430354	
0.513837	0.581971	0.606709	0.605661	0.592711	0.58805	0.600806	0.609039	0.595297	0.548597	0.442783	0.276451	0.0679519	-0.153233	-0.382189	-0.609727	-0.830778	-1.028	-1.1668	-1.23646	-1.23998	-1.16305	-1.00643	-0.791103	-0.556416	
0.697018	0.800476	0.854401	0.873849	0.871425	0.869507	0.874567	0.865221	0.827212	0.745094	0.605806	0.400562	0.154479	-0.101895	-0.359193	-0.61745	-0.870587	-1.09768	-1.257	-1.33767	-1.34576	-1.27244	-1.11674	-0.894549	-0.65274	
0.820873	0.959294	1.04304	1.07854	1.08229	1.08081	1.08246	1.06249	0.999624	0.882205	0.715815	0.49701	0.238615	-0.0346156	-0.30183	-0.568994	-0.835451	-1.0778	-1.25311	-1.34934	-1.36682	-1.29828	-1.14618	-0.93271	-0.701619	
0.89635	1.05779	1.16091	1.20004	1.20547	1.20501	1.20429	1.18318	1.10775	0.966177	0.782756	0.563078	0.30945	0.0424816	-0.218662	-0.47429	-0.726824	-0.964188	-1.15466	-1.27524	-1.3099	-1.25128	-1.10818	-0.912674	-0.706763	
0.911991	1.07859	1.18651	1.23387	1.2457	1.2472	1.24106	1.21166	1.13014	0.983343	0.796777	0.579542	0.342176	0.105023	-0.121123	-0.347108	-0.566769	-0.784004	-0.982017	-1.12419	-1.17774	-1.13392	-1.01062	-0.842971	-0.67341	
0.860102	1.01508	1.12174	1.17486	1.19322	1.19497	1.18515	1.14919	1.06424	0.926521	0.751218	0.548321	0.333376	0.136613	-0.0423318	-0.220914	-0.398593	-0.580017	-0.761907	-0.901849	-0.965673	-0.944069	-0.854905	-0.731359	-0.608085	
0.749554	0.888182	0.987234	1.03809	1.05874	1.06184	1.04861	1.01324	0.933501	0.809008	0.65266	0.477952	0.298472	0.143205	0.00866481	-0.115827	-0.239758	-0.376732	-0.523442	-0.642519	-0.709646	-0.713482	-0.664841	-0.590278	-0.517527	
0.608584	0.723726	0.796958	0.838855	0.863216	0.867836	0.850359	0.81642	0.757662	0.659222	0.525307	0.381201	0.246457	0.1373	0.0530972	-0.0162244	-0.0822382	-0.168859	-0.278795	-0.376767	-0.445655	-0.474303	-0.464776	-0.437402	-0.414151	
0.463783	0.539189	0.576916	0.598068	0.619348	0.62461	0.607318	0.585473	0.557728	0.499542	0.398893	0.286162	0.192408	0.136479	0.107623	0.093555	0.0758082	0.0378627	-0.0314226	-0.111572	-0.183397	-0.230532	-0.261709	-0.285303	-0.310397	
0.307543	0.342967	0.348887	0.347386	0.349861	0.350768	0.348074	0.348055	0.347348	0.326533	0.269494	0.202839	0.160103	0.156975	0.184132	0.221325	0.246477	0.25214	0.225223	0.160697	0.0830727	0.0090325	-0.064842	-0.14508	-0.222774	
0.142283	0.141529	0.124916	0.105294	0.0890585	0.0861682	0.0981566	0.116503	0.136708	0.143785	0.136827	0.133835	0.16187	0.217186	0.292796	0.374682	0.442743	0.481078	0.478892	0.428174	0.34227	0.241973	0.121092	-0.0149864	-0.151304	
0.00693617	-0.0393742	-0.0877747	-0.126607	-0.154627	-0.160847	-0.13934	-0.104503	-0.0598713	-0.0103795	0.0337732	0.0966445	0.197265	0.309157	0.420748	0.539195	0.641779	0.703914	0.713612	0.665233	0.577861	0.448017	0.277792	0.0804137	-0.112538	
-0.0966565	-0.189265	-0.271301	-0.334318	-0.375455	-0.382673	-0.353858	-0.299615	-0.223641	-0.134793	-0.0368595	0.0830121	0.240623	0.40313	0.551224	0.694438	0.821712	0.899287	0.910563	0.856882	0.753046	0.594338	0.380537	0.135023	-0.102842	
-0.189265	-0.314822	-0.423598	-0.508447	-0.564592	-0.575088	-0.535205	-0.460828	-0.360825	-0.241914	-0.102576	0.0646465	0.262668	0.461841	0.651415	0.825849	0.970883	1.0619	1.07638	1.00609	0.871164	0.675926	0.428205	0.152096	-0.108848	
-0.271301	-0.423598	-0.547626	-0.648004	-0.707939	-0.717748	-0.677404	-0.591354	-0.475892	-0.335759	-0.165178	0.0372974	0.258333	0.485814	0.710605	0.916963	1.07538	1.17052	1.1826	1.0997	0.937606	0.711598	0.438786	0.144843	-0.125516	
-0.334318	-0.508447	-0.648004	-0.749429	-0.804077	-0.812595	-0.777143	-0.693392	-0.568324	-0.408153	-0.212775	0.0105582	0.249191	0.497689	0.745782	0.965	1.12862	1.22092	1.22469	1.13745	0.964831	0.718722	0.428835	0.12845	-0.144545	
-0.375455	-0.564592	-0.707939	-0.804077	-0.851505	-0.858722	-0.828989	-0.752185	-0.627613	-0.456139	-0.245707	-0.0106989	0.243233	0.512908	0.770508	0.987269	1.1479	1.23625	1.23183	1.14179	0.965678	0.709711	0.412108	0.117111	-0.149229	
-0.382673	-0.575088	-0.717748	-0.812595	-0.858722	-0.865863	-0.836927	-0.761611	-0.638707	-0.464394	-0.252734	-0.014844	0.242165	0.516827	0.775096	0.991015	1.1495	1.23786	1.23215	1.14046	0.964462	0.706056	0.40717	0.114533	-0.14916	
-0.353858	-0.535205	-0.677404	-0.777143	-0.828989	-0.836927	-0.803709	-0.722726	-0.596847	-0.430768	-0.227995	0.00115916	0.24651	0.504081	0.757084	0.975997	1.13919	1.22966	1.22977	1.14171	0.967473	0.715835	0.422314	0.122993	-0.148133	
-0.299615	-0.460828	-0.591354	-0.693392	-0.752185	-0.761611	-0.722726	-0.636564	-0.515934	-0.36819	-0.186235	0.0258822	0.254492	0.490253	0.726303	0.940846	1.10259	1.19676	1.20598	1.12087	0.952151	0.7178	0.436307	0.138879	-0.133792	
-0.223641	-0.360825	-0.475892	-0.568324	-0.627613	-0.638707	-0.596847	-0.515934	-0.409834	-0.281093	-0.129429	0.0545768	0.262744	0.474321	0.679178	0.867942	1.01843	1.11294	1.12799	1.05074	0.903878	0.693803	0.436291	0.151153	-0.114605	
-0.134793	-0.241914	-0.335759	-0.408153	-0.456139	-0.464394	-0.430768	-0.36819	-0.281093	-0.179555	-0.0624585	0.0772195	0.253179	0.432092	0.596899	0.750938	0.885902	0.969137	0.981755	0.922402	0.806304	0.634368	0.405692	0.146405	-0.103273	
-0.0368595	-0.102576	-0.165178	-0.212775	-0.245707	-0.252734	-0.227995	-0.186235	-0.129429	-0.0624585	0.0036686	0.0904041	0.215874	0.348288	0.474083	0.603345	0.716727	0.785154	0.796489	0.747046	0.655944	0.514278	0.324975	0.105937	-0.106722	
0.0830121	0.0646465	0.0372974	0.0105582	-0.0106989	-0.014844	0.00115916	0.0258822	0.0545768	0.0772195	0.0904041	0.115011	0.172746	0.251244	0.342652	0.441022	0.52421	0.572556	0.576373	0.528357	0.441895	0.329674	0.189494	0.0291562	-0.130659	
0.240623	0.262668	0.258333	0.249191	0.243233	0.242165	0.24651	0.254492	0.262744	0.253179	0.215874	0.172746	0.156532	0.175794	0.223859	0.279278	0.322124	0.342388	0.328537	0.269862	0.18824	0.103516	0.0112497	-0.0912034	-0.192095	
0.40313	0.461841	0.485814	0.497689	0.512908	0.516827	0.504081	0.490253	0.474321	0.432092	0.348288	0.251244	0.175794	0.141221	0.135362	0.141757	0.14158	0.121799	0.0701299	-0.00375962	-0.0777101	-0.133875	-0.182138	-0.227928	-0.273393	
0.551224	0.651415	0.710605	0.745782	0.770508	0.775096	0.757084	0.726303	0.679178	0.596899	0.474083	0.342652	0.223859	0.135362	0.0728571	0.0260639	-0.0193226	-0.0857071	-0.180196	-0.270947	-0.340272	-0.376927	-0.383178	-0.375716	-0.371675	
0.694438	0.825849	0.916963	0.965	0.987269	0.991015	0.975997	0.940846	0.867942	0.750938	0.603345	0.441022	0.279278	0.141757	0.0260639	-0.0769102	-0.176737	-0.294421	-0.425852	-0.535814	-0.60476	-0.618365	-0.585187	-0.529579	-0.477213	
0.821712	0.970883	1.07538	1.12862	1.1479	1.1495	1.13919	1.10259	1.01843	0.885902	0.716727	0.52421	0.322124	0.14158	-0.0193226	-0.176737	-0.334716	-0.498275	-0.666833	-0.800236	-0.866145	-0.854178	-0.781425	-0.677476	-0.574315	
0.899287	1.0619	1.17052	1.22092	1.23625	1.23786	1.22966	1.19676	1.11294	0.969137	0.785154	0.572556	0.342388	0.121799	-0.0857071	-0.294421	-0.498275	-0.702992	-0.898316	-1.04278	-1.10104	-1.0656	-0.953782	-0.802776	-0.650516	
0.910563	1.07638	1.1826	1.22469	1.23183	1.23215	1.22977	1.20598	1.12799	0.981755	0.796489	0.576373	0.328537	0.0701299	-0.180196	-0.425852	-0.666833	-0.898316	-1.0932	-1.22413	-1.26694	-1.21297	-1.07725	-0.890628	-0.698124	
0.856882	1.00609	1.0997	1.13745	1.14179	1.14046	1.14171	1.12087	1.05074	0.922402	0.747046	0.528357	0.269862	-0.00375962	-0.270947	-0.535814	-0.800236	-1.04278	-1.22413	-1.32922	-1.35262	-1.2881	-1.13741	-0.930601	-0.707925	
0.753046	0.871164	0.937606	0.964831	0.965678	0.964462	0.967473	0.952151	0.903878	0.806304	0.655944	0.441895	0.18824	-0.0777101	-0.340272	-0.60476	-0.866145	-1.10104	-1.26694	-1.35262	-1.36412	-1.29248	-1.13845	-0.91839	-0.679118	
0.594338	0.675926	0.711598	0.718722	0.709711	0.706056	0.715835	0.7178	0.693803	0.634368	0.514278	0.329674	0.103516	-0.133875	-0.376927	-0.618365	-0.854178	-1.0656	-1.21297	-1.2881	-1.29248	-1.21691	-1.05943	-0.839368	-0.599414	
0.380537	0.428205	0.438786	0.428835	0.412108	0.40717	0.422314	0.436307	0.436291	0.405692	0.324975	0.189494	0.0112497	-0.182138	-0.383178	-0.585187	-0.781425	-0.953782	-1.07725	-1.13741	-1.13845	-1.05943	-0.908441	-0.704042	-0.483272	
0.135023	0.152096	0.144843	0.12845	0.117111	0.114533	0.122993	0.138879	0.151153	0.146405	0.105937	0.0291562	-0.0912034	-0.227928	-0.375716	-0.529579	-0.677476	-0.802776	-0.890628	-0.930601	-0.91839	-0.839368	-0.704042	-0.532607	-0.345714	
-0.102842	-0.108848	-0.125516	-0.144545	-0.149229	-0.14916	-0.148133	-0.133792	-0.114605	-0.103273	-0.106722	-0.130659	-0.192095	-0.273393	-0.371675	-0.477213	-0.574315	-0.650516	-0.698124	-0.707925	-0.679118	-0.599414	-0.483272	-0.345714	-0.200821	
