1.17839e-09	1.70313e-10	2.31686e-11	2.97432e-12	3.77748e-13	1.9611e-13	1.30844e-12	1.03892e-11	7.81225e-11	5.53411e-10	3.68514e-09	2.3014e-08	1.34454e-07	7.32833e-07	3.71523e-06	1.74615e-05	7.58063e-05	0.000302766	0.00110749	0.00369176	0.011153	0.0303501	0.0739046	0.159931	0.30555	
3.67913e-10	5.14816e-11	6.78859e-12	8.45676e-13	1.04161e-13	5.34223e-14	3.68083e-13	3.01126e-12	2.33499e-11	1.70766e-10	1.17545e-09	7.59888e-09	4.60264e-08	2.6053e-07	1.3743e-06	6.73498e-06	3.056e-05	0.000127911	0.000491813	0.00172919	0.0055313	0.0160074	0.0416545	0.0968326	0.199774	
1.07145e-10	1.45207e-11	1.85667e-12	2.24507e-13	2.68264e-14	1.35897e-14	9.66556e-14	8.14483e-13	6.51074e-12	4.9142e-11	3.49546e-10	2.33824e-09	1.46771e-08	8.62391e-08	4.73086e-07	2.41602e-06	1.14504e-05	5.0188e-05	0.000202669	0.000750858	0.00254041	0.00780918	0.021689	0.0540998	0.120436	
2.91206e-11	3.82402e-12	4.74324e-13	5.56949e-14	6.45892e-15	3.23115e-15	2.37116e-14	2.05733e-13	1.69472e-12	1.3196e-11	9.69488e-11	6.70729e-10	4.3606e-09	2.658e-08	1.51531e-07	8.05807e-07	3.98541e-06	1.82746e-05	7.74171e-05	0.000301843	0.00107858	0.00351596	0.0104033	0.0277884	0.0666236	
7.39174e-12	9.41044e-13	1.13289e-13	1.29233e-14	1.45526e-15	7.18827e-16	5.43969e-15	4.85753e-14	4.1215e-13	3.30908e-12	2.50966e-11	1.79465e-10	1.20764e-09	7.63082e-09	4.51727e-08	2.49904e-07	1.28852e-06	6.17381e-06	2.74013e-05	0.000112261	0.000422933	0.00145912	0.00458907	0.0130933	0.0337149	
1.75394e-12	2.16611e-13	2.53232e-14	2.80784e-15	3.07177e-16	1.49799e-16	1.16828e-15	1.07319e-14	9.37432e-14	7.75633e-13	6.06888e-12	4.48271e-11	3.11992e-10	2.04195e-09	1.25405e-08	7.21013e-08	3.87117e-07	1.9357e-06	8.98778e-06	3.86282e-05	0.000153141	0.000557942	0.00186052	0.00565379	0.0155848	
3.89465e-13	4.66887e-14	5.3035e-15	5.71899e-16	6.08172e-17	2.92782e-17	2.35182e-16	2.22123e-15	1.99637e-14	1.70123e-13	1.37239e-12	1.04633e-11	7.52614e-11	5.09766e-10	3.2448e-09	1.9368e-08	1.08155e-07	5.63626e-07	2.73364e-06	1.23037e-05	5.1228e-05	0.000196648	0.000693434	0.00223754	0.00657977	
8.10241e-14	9.43452e-15	1.04195e-15	1.09333e-16	1.13083e-17	5.37379e-18	4.44308e-17	4.3122e-16	3.98551e-15	3.49576e-14	2.90553e-13	2.28485e-12	1.69712e-11	1.18856e-10	7.83355e-10	4.84895e-09	2.81284e-08	1.52561e-07	7.71717e-07	3.63105e-06	1.5846e-05	6.39432e-05	0.000237813	0.000812341	0.00253938	
1.58123e-14	1.78958e-15	1.92274e-16	1.96434e-17	1.97722e-18	9.27433e-19	7.88775e-18	7.86239e-17	7.46832e-16	6.73819e-15	5.76633e-14	4.67354e-13	3.58177e-12	2.59135e-11	1.76667e-10	1.13282e-09	6.8181e-09	3.84346e-08	2.0246e-07	9.94127e-07	4.53831e-06	1.92082e-05	7.51511e-05	0.000270952	0.000897324	
2.89849e-15	3.19055e-16	3.33689e-17	3.32108e-18	3.25511e-19	1.50702e-19	1.31759e-18	1.34812e-17	1.31531e-16	1.21993e-15	1.07415e-14	8.96611e-14	7.08432e-13	5.29004e-12	3.72696e-11	2.47291e-10	1.54239e-09	9.02479e-09	4.94316e-08	2.52876e-07	1.20532e-06	5.33919e-06	2.19213e-05	8.31864e-05	0.000290919	
4.9971e-16	5.35345e-17	5.45358e-18	5.29061e-19	5.05228e-20	2.30868e-20	2.07369e-19	2.1767e-18	2.18009e-17	2.0773e-16	1.88065e-15	1.61554e-14	1.31495e-13	1.01256e-12	7.36491e-12	5.05138e-11	3.26118e-10	1.97806e-09	1.12495e-08	5.98604e-08	2.97363e-07	1.3758e-06	5.914e-06	2.35587e-05	8.67408e-05	
8.11354e-17	8.465e-18	8.40435e-19	7.95163e-20	7.40253e-21	3.33871e-21	3.07899e-20	3.31389e-19	3.4052e-18	3.33131e-17	3.09896e-16	2.73769e-15	2.29367e-14	1.81982e-13	1.36527e-12	9.66963e-12	6.45455e-11	4.05335e-10	2.39023e-09	1.32094e-08	6.82718e-08	3.29285e-07	1.47873e-06	6.16847e-06	2.38447e-05	
1.24229e-17	1.26303e-18	1.22285e-19	1.12898e-20	1.02517e-21	4.56372e-22	4.31859e-21	4.76337e-20	5.01886e-19	5.03808e-18	4.81256e-17	4.3692e-16	3.76508e-15	3.07538e-14	2.37764e-13	1.73724e-12	1.19768e-11	7.77788e-11	4.74953e-10	2.72209e-09	1.46142e-08	7.33477e-08	3.43418e-07	1.49674e-06	6.05887e-06	
1.79609e-18	1.78054e-19	1.68204e-20	1.51616e-21	1.34359e-22	5.90379e-23	5.72924e-22	6.47274e-21	6.98924e-20	7.19488e-19	7.05299e-18	6.57598e-17	5.8243e-16	4.89386e-15	3.89569e-14	2.93368e-13	2.08678e-12	1.39985e-11	8.84099e-11	5.24775e-10	2.92216e-09	1.5236e-08	7.42364e-08	3.3734e-07	1.42669e-06	
2.45517e-19	2.37461e-20	2.18998e-21	1.92825e-22	1.66851e-23	7.2368e-24	7.19802e-23	8.32545e-22	9.20812e-21	9.71526e-20	9.76741e-19	9.34646e-18	8.50229e-17	7.34342e-16	6.01395e-15	4.66357e-14	3.41935e-13	2.36687e-12	1.54425e-11	9.48106e-11	5.46812e-10	2.95722e-09	1.4969e-08	7.07848e-08	3.121e-07	
3.1771e-20	2.99966e-21	2.70215e-22	2.3252e-23	1.96557e-24	8.41556e-25	8.5747e-24	1.01486e-22	1.14914e-21	1.24196e-20	1.27984e-19	1.25613e-18	1.17283e-17	1.04049e-16	8.75973e-16	6.98895e-15	5.27715e-14	3.76549e-13	2.53524e-12	1.60807e-11	9.5933e-11	5.37364e-10	2.82129e-09	1.38589e-08	6.3581e-08	
3.89679e-21	3.59346e-22	3.16344e-23	2.66162e-24	2.1991e-25	9.29485e-26	9.69671e-25	1.17383e-23	1.36006e-22	1.50495e-21	1.58873e-20	1.59837e-19	1.53079e-18	1.394e-17	1.20554e-16	9.88817e-16	7.68226e-15	5.64539e-14	3.91832e-13	2.56478e-12	1.58075e-11	9.15883e-11	4.98029e-10	2.53729e-09	1.20903e-08	
4.53552e-22	4.08717e-23	3.51794e-24	2.89539e-25	2.33928e-26	9.76136e-27	1.04214e-25	1.28974e-24	1.52841e-23	1.73067e-22	1.87064e-21	1.92806e-20	1.89291e-19	1.76821e-18	1.56969e-17	1.32262e-16	1.05642e-15	7.98805e-15	5.71002e-14	3.853e-13	2.4506e-12	1.46685e-11	8.24986e-11	4.35262e-10	2.15073e-09	
5.01525e-23	4.41866e-24	3.7203e-25	2.99652e-26	2.36844e-27	9.75791e-28	1.06562e-26	1.34769e-25	1.63273e-24	1.89099e-23	2.09167e-22	2.20743e-21	2.22033e-20	2.12621e-19	1.93623e-18	1.67475e-17	1.3742e-16	1.06829e-15	7.85756e-15	5.46056e-14	3.58023e-13	2.21137e-12	1.28477e-11	7.01017e-11	3.5866e-10	
5.27455e-24	4.5456e-25	3.74535e-26	2.9535e-27	2.28475e-28	9.29468e-29	1.0378e-27	1.34071e-26	1.65982e-25	1.96534e-24	2.22359e-23	2.40153e-22	2.47341e-21	2.42669e-20	2.26548e-19	2.01017e-18	1.69321e-17	1.35222e-16	1.02254e-15	7.31175e-15	4.93704e-14	3.14335e-13	1.88434e-12	1.06197e-11	5.61814e-11	
5.28172e-25	4.45435e-26	3.59321e-27	2.77528e-28	2.10205e-29	8.44465e-30	9.63633e-29	1.27114e-27	1.60745e-26	1.94502e-25	2.24985e-24	2.48549e-23	2.6198e-22	2.63191e-21	2.5174e-20	2.28995e-19	1.97871e-18	1.62217e-17	1.26014e-16	9.26364e-16	6.43577e-15	4.21959e-14	2.60719e-13	1.51591e-12	8.282e-12	
5.04093e-26	4.16208e-27	3.28839e-28	2.48859e-29	1.84628e-30	7.32518e-31	8.53927e-30	1.14973e-28	1.48453e-27	1.83487e-26	2.16897e-25	2.4498e-24	2.64129e-23	2.71564e-22	2.65976e-21	2.47886e-20	2.19587e-19	1.84669e-18	1.4726e-17	1.11205e-16	7.94223e-16	5.35742e-15	3.40849e-14	2.04242e-13	1.15103e-12	
4.59015e-27	3.71189e-28	2.8735e-29	2.13151e-30	1.54954e-31	6.07227e-32	7.22863e-31	9.9305e-30	1.30872e-28	1.65164e-27	1.99433e-26	2.30196e-25	2.5375e-24	2.66867e-23	2.67497e-22	2.55279e-21	2.31688e-20	1.99748e-19	1.63393e-18	1.26655e-17	9.2917e-17	6.44286e-16	4.21684e-15	2.60149e-14	1.51069e-13	
3.99155e-28	3.16263e-29	2.39977e-30	1.74544e-31	1.2438e-32	4.81471e-33	5.85082e-32	8.19821e-31	1.10235e-29	1.41995e-28	1.75071e-27	2.0642e-26	2.32533e-25	2.50033e-24	2.56362e-23	2.5038e-22	2.32685e-21	2.05528e-20	1.72346e-19	1.37037e-18	1.03189e-17	7.34917e-17	4.94397e-16	3.13734e-15	1.87543e-14	
3.31786e-29	2.57671e-30	1.91711e-31	1.36769e-32	9.55676e-34	3.6547e-34	4.53196e-33	6.47486e-32	8.87979e-31	1.16704e-29	1.46864e-28	1.76812e-27	2.03462e-26	2.23574e-25	2.34368e-24	2.34138e-23	2.22681e-22	2.01399e-21	1.7302e-20	1.41023e-19	1.0892e-18	7.96172e-18	5.50079e-17	3.58748e-16	2.20555e-15	
2.63853e-30	2.00922e-31	1.46627e-32	1.02636e-33	7.03474e-35	2.65801e-35	3.36226e-34	4.89644e-33	6.8467e-32	9.17783e-31	1.17841e-29	1.44806e-28	1.70143e-27	1.9098e-26	2.0459e-25	2.08965e-24	2.03285e-23	1.88152e-22	1.65503e-21	1.38194e-20	1.09406e-19	8.20218e-19	5.81571e-18	3.89493e-17	2.46062e-16	
2.00922e-31	1.50072e-32	1.07456e-33	7.38242e-35	4.96487e-36	1.85368e-36	2.39116e-35	3.54837e-34	5.05732e-33	6.91208e-32	9.05195e-31	1.1349e-29	1.36106e-28	1.55992e-27	1.70699e-26	1.7817e-25	1.77203e-24	1.67758e-23	1.51006e-22	1.29096e-21	1.04696e-20	8.04495e-20	5.8499e-19	4.02025e-18	2.60779e-17	
1.46627e-32	1.07456e-33	7.55173e-35	5.09357e-36	3.36222e-37	1.24056e-37	1.6314e-36	2.46618e-35	3.58157e-34	4.98944e-33	6.66215e-32	8.51929e-31	1.04243e-29	1.21944e-28	1.3625e-27	1.45266e-26	1.4764e-25	1.42893e-24	1.31557e-23	1.15088e-22	9.55562e-22	7.52117e-21	5.60501e-20	3.94991e-19	2.62881e-18	
1.02636e-33	7.38242e-35	5.09357e-36	3.37387e-37	2.1865e-38	7.97379e-39	1.06868e-37	1.64527e-36	2.43398e-35	3.45506e-34	4.70229e-33	6.13095e-32	7.65149e-31	9.13234e-30	1.04146e-28	1.13374e-27	1.17699e-26	1.16405e-25	1.09561e-24	9.8028e-24	8.32833e-23	6.71076e-22	5.12234e-21	3.6992e-20	2.5243e-19	
7.03474e-35	4.96487e-36	3.36222e-37	2.1865e-38	1.39097e-39	5.02908e-40	6.8748e-39	1.07805e-37	1.62486e-36	2.35059e-35	3.26127e-34	4.33612e-33	5.52025e-32	6.72336e-31	7.827e-30	8.70126e-29	9.22841e-28	9.32815e-27	8.97708e-26	8.21635e-25	7.144e-24	5.89418e-23	4.60901e-22	3.41165e-21	2.38754e-20	
2.65801e-35	1.85368e-36	1.24056e-37	7.97379e-39	5.02908e-40	2.06895e-40	2.91195e-39	4.58321e-38	6.93334e-37	1.00679e-35	1.40226e-34	1.87186e-33	2.39285e-32	2.92678e-31	3.42227e-30	3.82201e-29	4.07298e-28	4.13759e-27	4.00274e-26	3.68368e-25	3.22144e-24	2.67405e-23	2.10446e-22	1.56834e-21	1.10545e-20	
3.36226e-34	2.39116e-35	1.6314e-36	1.06868e-37	6.8748e-39	2.91195e-39	4.02681e-38	6.21305e-37	9.21089e-36	1.31032e-34	1.7873e-33	2.3357e-32	2.92194e-31	3.49614e-30	3.99743e-29	4.3636e-28	4.54321e-27	4.50714e-26	4.25609e-25	3.82145e-24	3.25891e-23	2.63662e-22	2.02137e-21	1.46671e-20	1.00601e-19	
4.89644e-33	3.54837e-34	2.46618e-35	1.64527e-36	1.07805e-37	4.58321e-38	6.21305e-37	9.41522e-36	1.37058e-34	1.91396e-33	2.56199e-32	3.2846e-31	4.0298e-30	4.72715e-29	5.29708e-28	5.66479e-27	5.77586e-26	5.60912e-25	5.18277e-24	4.5514e-23	3.79453e-22	2.99983e-21	2.24617e-20	1.59099e-19	1.0647e-18	
6.8467e-32	5.05732e-33	3.58157e-34	2.43398e-35	1.62486e-36	6.93334e-37	9.21089e-36	1.37058e-34	1.9586e-33	2.68418e-32	3.52499e-31	4.43226e-30	5.33138e-29	6.12937e-28	6.72901e-27	7.04739e-26	7.03421e-25	6.68442e-24	6.04099e-23	5.18644e-22	4.22524e-21	3.26244e-20	2.38461e-19	1.64792e-18	1.07535e-17	
9.17783e-31	6.91208e-32	4.98944e-33	3.45506e-34	2.35059e-35	1.00679e-35	1.31032e-34	1.91396e-33	2.68418e-32	3.60895e-31	4.64822e-30	5.73014e-29	6.75516e-28	7.6086e-27	8.18017e-26	8.38657e-25	8.19085e-24	7.61272e-23	6.72579e-22	5.64223e-21	4.48906e-20	3.38329e-19	2.41248e-18	1.6255e-17	1.03358e-16	
1.17841e-29	9.05195e-31	6.66215e-32	4.70229e-33	3.26127e-34	1.40226e-34	1.7873e-33	2.56199e-32	3.52499e-31	4.64822e-30	5.86953e-29	7.09145e-28	8.19022e-27	9.03405e-26	9.50775e-25	9.5378e-24	9.11053e-23	8.27747e-22	7.14542e-21	5.85375e-20	4.5457e-19	3.34193e-18	2.32316e-17	1.52507e-16	9.44185e-16	
1.44806e-28	1.1349e-29	8.51929e-31	6.13095e-32	4.33612e-33	1.87186e-33	2.3357e-32	3.2846e-31	4.43226e-30	5.73014e-29	7.09145e-28	8.39375e-27	9.49361e-26	1.02507e-24	1.05558e-23	1.03562e-22	9.67006e-22	8.5841e-21	7.2361e-20	5.78559e-19	4.38226e-18	3.1406e-17	2.12684e-16	1.35924e-15	8.18684e-15	
1.70143e-27	1.36106e-28	1.04243e-29	7.65149e-31	5.52025e-32	2.39285e-32	2.92194e-31	4.0298e-30	5.33138e-29	6.75516e-28	8.19022e-27	9.49361e-26	1.05109e-24	1.11045e-23	1.11834e-22	1.07253e-21	9.7845e-21	8.48144e-20	6.97747e-19	5.44127e-18	4.01732e-17	2.80448e-16	1.84874e-15	1.14929e-14	6.72846e-14	
1.9098e-26	1.55992e-27	1.21944e-28	9.13234e-30	6.72336e-31	2.92678e-31	3.49614e-30	4.72715e-29	6.12937e-28	7.6086e-27	9.03405e-26	1.02507e-24	1.11045e-23	1.14734e-22	1.12951e-21	1.05833e-20	9.42767e-20	7.97518e-19	6.39896e-18	4.86378e-17	3.49768e-16	2.37661e-15	1.52378e-14	9.20614e-14	5.2338e-13	
2.0459e-25	1.70699e-26	1.3625e-27	1.04146e-28	7.827e-30	3.42227e-30	3.99743e-29	5.29708e-28	6.72901e-27	8.18017e-26	9.50775e-25	1.05558e-23	1.11834e-22	1.12951e-21	1.08637e-20	9.93938e-20	8.64053e-19	7.12861e-18	5.57467e-17	4.12696e-16	2.88848e-15	1.90874e-14	1.18922e-13	6.97593e-13	3.84719e-12	
2.08965e-24	1.7817e-25	1.45266e-26	1.13374e-27	8.70126e-29	3.82201e-29	4.3636e-28	5.66479e-27	7.04739e-26	8.38657e-25	9.5378e-24	1.03562e-22	1.07253e-21	1.05833e-20	9.93938e-20	8.87434e-19	7.52385e-18	6.04978e-17	4.60771e-16	3.31976e-15	2.25951e-14	1.45079e-13	8.77509e-13	4.99259e-12	2.66799e-11	
2.03285e-23	1.77203e-24	1.4764e-25	1.17699e-26	9.22841e-28	4.07298e-28	4.54321e-27	5.77586e-26	7.03421e-25	8.19085e-24	9.11053e-23	9.67006e-22	9.7845e-21	9.42767e-20	8.64053e-19	7.52385e-18	6.21692e-17	4.86854e-16	3.60862e-15	2.5282e-14	1.67187e-13	1.04204e-12	6.11244e-12	3.36927e-11	1.74255e-10	
1.88152e-22	1.67758e-23	1.42893e-24	1.16405e-25	9.32815e-27	4.13759e-27	4.50714e-26	5.60912e-25	6.68442e-24	7.61272e-23	8.27747e-22	8.5841e-21	8.48144e-20	7.97518e-19	7.12861e-18	6.04978e-17	4.86854e-16	3.71035e-15	2.67422e-14	1.82026e-13	1.1684e-12	7.06183e-12	4.01275e-11	2.14034e-10	1.06992e-09	
1.65503e-21	1.51006e-22	1.31557e-23	1.09561e-24	8.97708e-26	4.00274e-26	4.25609e-25	5.18277e-24	6.04099e-23	6.72579e-22	7.14542e-21	7.2361e-20	6.97747e-19	6.39896e-18	5.57467e-17	4.60771e-16	3.60862e-15	2.67422e-14	1.87257e-13	1.23717e-12	7.70032e-12	4.50812e-11	2.47851e-10	1.27755e-09	6.16363e-09	
1.38194e-20	1.29096e-21	1.15088e-22	9.8028e-24	8.21635e-25	3.68368e-25	3.82145e-24	4.5514e-23	5.18644e-22	5.64223e-21	5.85375e-20	5.78559e-19	5.44127e-18	4.86378e-17	4.12696e-16	3.31976e-15	2.5282e-14	1.82026e-13	1.23717e-12	7.92564e-12	4.77812e-11	2.70634e-10	1.43773e-09	7.15137e-09	3.32475e-08	
1.09406e-19	1.04696e-20	9.55562e-22	8.32833e-23	7.144e-24	3.22144e-24	3.25891e-23	3.79453e-22	4.22524e-21	4.48906e-20	4.5457e-19	4.38226e-18	4.01732e-17	3.49768e-16	2.88848e-15	2.25951e-14	1.67187e-13	1.1684e-12	7.70032e-12	4.77812e-11	2.78682e-10	1.52514e-09	7.81787e-09	3.74669e-08	1.67566e-07	
8.20218e-19	8.04495e-20	7.52117e-21	6.71076e-22	5.89418e-23	2.67405e-23	2.63662e-22	2.99983e-21	3.26244e-20	3.38329e-19	3.34193e-18	3.1406e-17	2.80448e-16	2.37661e-15	1.90874e-14	1.45079e-13	1.04204e-12	7.06183e-12	4.50812e-11	2.70634e-10	1.52514e-09	8.05347e-09	3.97719e-08	1.83335e-07	7.87286e-07	
5.81571e-18	5.8499e-19	5.60501e-20	5.12234e-21	4.60901e-22	2.10446e-22	2.02137e-21	2.24617e-20	2.38461e-19	2.41248e-18	2.32316e-17	2.12684e-16	1.84874e-15	1.52378e-14	1.18922e-13	8.77509e-13	6.11244e-12	4.01275e-11	2.47851e-10	1.43773e-09	7.81787e-09	3.97719e-08	1.88912e-07	8.36055e-07	3.44016e-06	
3.89493e-17	4.02025e-18	3.94991e-19	3.6992e-20	3.41165e-21	1.56834e-21	1.46671e-20	1.59099e-19	1.64792e-18	1.6255e-17	1.52507e-16	1.35924e-15	1.14929e-14	9.20614e-14	6.97593e-13	4.99259e-12	3.36927e-11	2.14034e-10	1.27755e-09	7.15137e-09	3.74669e-08	1.83335e-07	8.36055e-07	3.54519e-06	1.39463e-05	
2.46062e-16	2.60779e-17	2.62881e-18	2.5243e-19	2.38754e-20	1.10545e-20	1.00601e-19	1.0647e-18	1.07535e-17	1.03358e-16	9.44185e-16	8.18684e-15	6.72846e-14	5.2338e-13	3.84719e-12	2.66799e-11	1.74255e-10	1.06992e-09	6.16363e-09	3.32475e-08	1.67566e-07	7.87286e-07	3.44016e-06	1.39463e-05	5.23218e-05	
