0.581378	0.689739	0.814996	0.93115	0.996061	0.991193	0.900629	0.734611	0.528061	0.295198	0.0607882	-0.162879	-0.360425	-0.501564	-0.569448	-0.567521	-0.521873	-0.440564	-0.331785	-0.237729	-0.183045	-0.161961	-0.162972	-0.176673	-0.193828	
0.689739	0.785448	0.903604	1.015	1.08581	1.09503	1.01298	0.853038	0.648173	0.414219	0.174297	-0.0633425	-0.28129	-0.449316	-0.541494	-0.560268	-0.534738	-0.466013	-0.362316	-0.265166	-0.198678	-0.165938	-0.160478	-0.173962	-0.195916	
0.814996	0.903604	1.01275	1.1208	1.20209	1.22183	1.15033	1.00683	0.805285	0.563218	0.312764	0.0617229	-0.174403	-0.367166	-0.488805	-0.54001	-0.537742	-0.480869	-0.389053	-0.295333	-0.217236	-0.171246	-0.159209	-0.17171	-0.195267	
0.93115	1.015	1.1208	1.23506	1.32675	1.3615	1.31585	1.18952	0.987068	0.742747	0.488161	0.226177	-0.0305718	-0.253793	-0.409766	-0.494578	-0.517706	-0.482269	-0.410766	-0.322113	-0.234645	-0.17872	-0.160433	-0.169243	-0.190679	
0.996061	1.08581	1.20209	1.32675	1.43713	1.50122	1.48176	1.37566	1.18943	0.956095	0.699594	0.423771	0.147906	-0.098497	-0.289417	-0.416448	-0.471395	-0.46203	-0.415975	-0.339616	-0.250223	-0.186792	-0.161594	-0.165408	-0.182282	
0.991193	1.09503	1.22183	1.3615	1.50122	1.59234	1.61193	1.55034	1.39534	1.18048	0.925792	0.647147	0.366824	0.0991102	-0.131451	-0.297763	-0.384392	-0.411471	-0.399689	-0.340656	-0.255791	-0.190614	-0.161226	-0.159079	-0.169091	
0.900629	1.01298	1.15033	1.31585	1.48176	1.61193	1.69149	1.6765	1.56133	1.37901	1.14501	0.883356	0.605373	0.323867	0.0676925	-0.133099	-0.259129	-0.327315	-0.348139	-0.312668	-0.245632	-0.18673	-0.154316	-0.145502	-0.14981	
0.734611	0.853038	1.00683	1.18952	1.37566	1.55034	1.6765	1.70957	1.65582	1.52658	1.33135	1.0953	0.833839	0.558957	0.288402	0.0616885	-0.0956911	-0.201408	-0.256739	-0.253107	-0.21255	-0.165001	-0.132894	-0.120568	-0.123203	
0.528061	0.648173	0.805285	0.987068	1.18943	1.39534	1.56133	1.65582	1.67238	1.5972	1.44238	1.24654	1.0223	0.767888	0.504588	0.273834	0.0897975	-0.04957	-0.130354	-0.15682	-0.148185	-0.118829	-0.091511	-0.0789729	-0.0851198	
0.295198	0.414219	0.563218	0.742747	0.956095	1.18048	1.37901	1.52658	1.5972	1.56709	1.467	1.32745	1.14356	0.922616	0.687664	0.462328	0.264577	0.115183	0.0217343	-0.0340494	-0.0568135	-0.0456581	-0.0243142	-0.0154125	-0.0312861	
0.0607882	0.174297	0.312764	0.488161	0.699594	0.925792	1.14501	1.33135	1.44238	1.467	1.42978	1.33135	1.18096	1.00242	0.805016	0.600614	0.411206	0.265007	0.165511	0.0933677	0.0528297	0.0511766	0.066663	0.0691182	0.0415559	
-0.162879	-0.0633425	0.0617229	0.226177	0.423771	0.647147	0.883356	1.0953	1.24654	1.32745	1.33135	1.26016	1.1486	1.01595	0.857645	0.676562	0.500074	0.367351	0.275512	0.202487	0.15897	0.154422	0.168101	0.166628	0.134249	
-0.360425	-0.28129	-0.174403	-0.0305718	0.147906	0.366824	0.605373	0.833839	1.0223	1.14356	1.18096	1.1486	1.08014	0.981236	0.845416	0.684124	0.53319	0.418821	0.330064	0.264745	0.236595	0.240219	0.256812	0.261296	0.240564	
-0.501564	-0.449316	-0.367166	-0.253793	-0.098497	0.0991102	0.323867	0.558957	0.767888	0.922616	1.00242	1.01595	0.981236	0.899496	0.784972	0.656717	0.529541	0.413511	0.322263	0.27628	0.269136	0.281034	0.307044	0.333384	0.344035	
-0.569448	-0.541494	-0.488805	-0.409766	-0.289417	-0.131451	0.0676925	0.288402	0.504588	0.687664	0.805016	0.857645	0.845416	0.784972	0.705736	0.606874	0.487944	0.367743	0.280288	0.246143	0.245878	0.264046	0.305833	0.364028	0.420555	
-0.567521	-0.560268	-0.54001	-0.494578	-0.416448	-0.297763	-0.133099	0.0616885	0.273834	0.462328	0.600614	0.676562	0.684124	0.656717	0.606874	0.525968	0.420777	0.307121	0.22134	0.184206	0.179502	0.200237	0.254651	0.344203	0.450785	
-0.521873	-0.534738	-0.537742	-0.517706	-0.471395	-0.384392	-0.259129	-0.0956911	0.0897975	0.264577	0.411206	0.500074	0.53319	0.529541	0.487944	0.420777	0.332399	0.23208	0.153884	0.107512	0.0889384	0.107802	0.171686	0.284786	0.429293	
-0.440564	-0.466013	-0.480869	-0.482269	-0.46203	-0.411471	-0.327315	-0.201408	-0.04957	0.115183	0.265007	0.367351	0.418821	0.413511	0.367743	0.307121	0.23208	0.153901	0.080377	0.0138916	-0.0154852	0.0101062	0.0832809	0.205365	0.366354	
-0.331785	-0.362316	-0.389053	-0.410766	-0.415975	-0.399689	-0.348139	-0.256739	-0.130354	0.0217343	0.165511	0.275512	0.330064	0.322263	0.280288	0.22134	0.153884	0.080377	-0.0103363	-0.0903415	-0.113581	-0.0794316	-0.00133074	0.121575	0.286865	
-0.237729	-0.265166	-0.295333	-0.322113	-0.339616	-0.340656	-0.312668	-0.253107	-0.15682	-0.0340494	0.0933677	0.202487	0.264745	0.27628	0.246143	0.184206	0.107512	0.0138916	-0.0903415	-0.166115	-0.191132	-0.163848	-0.0819472	0.0447896	0.215434	
-0.183045	-0.198678	-0.217236	-0.234645	-0.250223	-0.255791	-0.245632	-0.21255	-0.148185	-0.0568135	0.0528297	0.15897	0.236595	0.269136	0.245878	0.179502	0.0889384	-0.0154852	-0.113581	-0.191132	-0.238033	-0.226639	-0.147912	-0.0196113	0.163168	
-0.161961	-0.165938	-0.171246	-0.17872	-0.186792	-0.190614	-0.18673	-0.165001	-0.118829	-0.0456581	0.0511766	0.154422	0.240219	0.281034	0.264046	0.200237	0.107802	0.0101062	-0.0794316	-0.163848	-0.226639	-0.236284	-0.181586	-0.0591657	0.134227	
-0.162972	-0.160478	-0.159209	-0.160433	-0.161594	-0.161226	-0.154316	-0.132894	-0.091511	-0.0243142	0.066663	0.168101	0.256812	0.307044	0.305833	0.254651	0.171686	0.0832809	-0.00133074	-0.0819472	-0.147912	-0.181586	-0.155443	-0.0462876	0.127861	
-0.176673	-0.173962	-0.17171	-0.169243	-0.165408	-0.159079	-0.145502	-0.120568	-0.0789729	-0.0154125	0.0691182	0.166628	0.261296	0.333384	0.364028	0.344203	0.284786	0.205365	0.121575	0.0447896	-0.0196113	-0.0591657	-0.0462876	0.0276903	0.134096	
-0.193828	-0.195916	-0.195267	-0.190679	-0.182282	-0.169091	-0.14981	-0.123203	-0.0851198	-0.0312861	0.0415559	0.134249	0.240564	0.344035	0.420555	0.450785	0.429293	0.366354	0.286865	0.215434	0.163168	0.134227	0.127861	0.134096	0.143163	
-0.189691	-0.195713	-0.198468	-0.197558	-0.192973	-0.184146	-0.171004	-0.151641	-0.121905	-0.0763893	-0.00806832	0.0878856	0.20822	0.338279	0.454891	0.53395	0.559982	0.5378	0.491804	0.447138	0.412988	0.378641	0.324364	0.244278	0.150114	
-0.15761	-0.165084	-0.173724	-0.183315	-0.192618	-0.199822	-0.202149	-0.194989	-0.173047	-0.130216	-0.0605199	0.0386219	0.164031	0.305899	0.448068	0.570587	0.657859	0.707123	0.726449	0.724684	0.700518	0.638157	0.520963	0.351281	0.149102	
-0.137012	-0.144408	-0.155328	-0.169215	-0.184507	-0.198881	-0.20871	-0.209589	-0.196761	-0.164838	-0.108763	-0.0245862	0.0901141	0.234279	0.400341	0.573729	0.736342	0.870299	0.960939	0.998505	0.974611	0.878302	0.700837	0.446771	0.142449	
-0.147445	-0.151902	-0.157503	-0.164057	-0.171297	-0.178641	-0.184993	-0.188746	-0.186973	-0.174907	-0.14559	-0.0894441	0.00439202	0.144335	0.331506	0.555508	0.792274	1.00676	1.16224	1.2308	1.19812	1.06209	0.829027	0.51358	0.144557	
-0.162942	-0.163593	-0.163076	-0.16184	-0.160746	-0.160762	-0.162791	-0.16702	-0.171819	-0.172869	-0.162033	-0.126734	-0.051393	0.0790867	0.273787	0.52782	0.815259	1.08973	1.29561	1.38582	1.33853	1.16277	0.888093	0.54567	0.156912	
-0.165926	-0.165915	-0.164321	-0.161695	-0.159023	-0.157624	-0.158735	-0.162836	-0.168664	-0.171912	-0.164192	-0.132633	-0.0608746	0.0674789	0.262755	0.521123	0.817312	1.10374	1.32045	1.415	1.36358	1.17869	0.896105	0.550583	0.160565	
-0.154747	-0.157673	-0.160505	-0.163395	-0.166507	-0.170139	-0.17432	-0.178275	-0.179943	-0.174732	-0.154673	-0.108625	-0.0232564	0.113391	0.305612	0.54439	0.804648	1.04701	1.22632	1.30526	1.26606	1.11231	0.86026	0.530619	0.149333	
-0.138213	-0.144656	-0.154031	-0.165999	-0.179405	-0.192226	-0.201782	-0.204432	-0.195885	-0.171415	-0.125342	-0.0515698	0.0552179	0.197973	0.373476	0.568911	0.762826	0.929813	1.04687	1.0977	1.07156	0.960502	0.76033	0.477814	0.14137	
-0.14558	-0.153294	-0.163787	-0.176486	-0.19018	-0.202252	-0.209101	-0.20612	-0.187421	-0.147214	-0.080698	0.0150851	0.138447	0.281818	0.432694	0.574661	0.691683	0.774408	0.821953	0.836741	0.814212	0.738779	0.596563	0.391451	0.146072	
-0.178834	-0.185649	-0.19088	-0.193774	-0.194037	-0.191144	-0.183491	-0.168781	-0.142632	-0.0983438	-0.0294554	0.0681839	0.192427	0.32987	0.458171	0.553906	0.602171	0.605846	0.583628	0.555414	0.526733	0.482673	0.402972	0.286896	0.150848	
-0.196375	-0.200117	-0.200296	-0.19634	-0.187616	-0.174452	-0.156186	-0.130982	-0.0961833	-0.0465733	0.0236894	0.116556	0.227915	0.343395	0.438357	0.489194	0.484955	0.434619	0.364626	0.300991	0.255829	0.227732	0.20519	0.17789	0.146563	
-0.183985	-0.183162	-0.18094	-0.177606	-0.171816	-0.161977	-0.146133	-0.119915	-0.0785722	-0.0187333	0.0615722	0.157785	0.25645	0.339596	0.387232	0.38654	0.341239	0.266657	0.183062	0.107017	0.0454681	0.00989725	0.0182741	0.0687095	0.137615	
-0.166662	-0.163828	-0.161899	-0.161152	-0.161046	-0.15814	-0.148419	-0.126313	-0.0842212	-0.0179428	0.0700901	0.170248	0.261416	0.31915	0.32814	0.28652	0.211388	0.126333	0.0422917	-0.0360479	-0.102221	-0.141468	-0.121462	-0.0222453	0.129572	
-0.160685	-0.160764	-0.163288	-0.167084	-0.172087	-0.175108	-0.169851	-0.149493	-0.106949	-0.036376	0.0574313	0.159131	0.245792	0.289792	0.278351	0.218031	0.127829	0.0339686	-0.0536721	-0.13772	-0.202181	-0.222088	-0.180128	-0.0613258	0.129536	
-0.171993	-0.181695	-0.194421	-0.207881	-0.219421	-0.225523	-0.219545	-0.192279	-0.138279	-0.0563214	0.0479557	0.153343	0.235512	0.271818	0.250485	0.184486	0.0914672	-0.0113706	-0.105526	-0.186923	-0.241968	-0.237766	-0.166535	-0.0400156	0.148646	
-0.210571	-0.234668	-0.260568	-0.285775	-0.303742	-0.307069	-0.288112	-0.239659	-0.156357	-0.0474196	0.0724102	0.180105	0.24914	0.270604	0.243188	0.179075	0.0962371	-0.00424327	-0.107143	-0.181991	-0.215002	-0.193528	-0.11091	0.0170518	0.191822	
-0.289546	-0.320893	-0.35056	-0.376115	-0.389426	-0.381597	-0.340451	-0.262494	-0.146585	-0.00415647	0.134614	0.244439	0.299716	0.298033	0.260805	0.201025	0.132109	0.0516693	-0.0469631	-0.125962	-0.147116	-0.113935	-0.0343516	0.0895567	0.256334	
-0.398918	-0.426664	-0.447107	-0.456575	-0.447023	-0.411604	-0.341267	-0.229994	-0.0891608	0.0711514	0.220003	0.327694	0.381054	0.372446	0.327106	0.26756	0.197009	0.124496	0.0455629	-0.028904	-0.0567435	-0.0262259	0.049458	0.171743	0.334894	
-0.494136	-0.512757	-0.520997	-0.509944	-0.473805	-0.40065	-0.292174	-0.143373	0.0287133	0.198715	0.345928	0.439971	0.483067	0.481282	0.438531	0.375058	0.292003	0.200308	0.12608	0.0724277	0.0476271	0.0680465	0.136263	0.254768	0.408072	
-0.553019	-0.554685	-0.545303	-0.510727	-0.447369	-0.341666	-0.19216	-0.00978722	0.19394	0.378899	0.522246	0.603348	0.620271	0.605014	0.560979	0.486234	0.388172	0.278427	0.194618	0.155251	0.146028	0.165415	0.223396	0.324	0.448358	
-0.575819	-0.555584	-0.517005	-0.451727	-0.348147	-0.207535	-0.0207814	0.190586	0.406773	0.594644	0.722468	0.787455	0.783002	0.734736	0.669179	0.577962	0.463136	0.344847	0.258163	0.224121	0.223784	0.243723	0.290558	0.361387	0.438516	
-0.538543	-0.496323	-0.424747	-0.32573	-0.18208	0.000830808	0.216315	0.448379	0.661724	0.829994	0.925327	0.955113	0.931064	0.856418	0.755153	0.640487	0.517038	0.397987	0.308075	0.268794	0.266395	0.281268	0.313216	0.351258	0.378645	
-0.424651	-0.356899	-0.258649	-0.126007	0.0439782	0.257473	0.49211	0.725165	0.923028	1.05814	1.11299	1.0984	1.04451	0.953592	0.824617	0.675561	0.53636	0.423638	0.333507	0.275038	0.25573	0.262906	0.282556	0.294214	0.283582	
-0.246435	-0.153731	-0.0357676	0.121671	0.311921	0.534272	0.773372	0.993474	1.16114	1.25883	1.27533	1.21852	1.12471	1.00804	0.86061	0.686262	0.518138	0.394208	0.305656	0.234474	0.194562	0.191861	0.206027	0.205958	0.176392	
-0.0306467	0.0781011	0.212526	0.384169	0.591089	0.816355	1.04248	1.23989	1.36708	1.41614	1.3981	1.3101	1.17428	1.01454	0.833861	0.640054	0.454843	0.311642	0.214374	0.141312	0.0977088	0.0928451	0.106444	0.106908	0.0768387	
