0.602639	0.607865	0.578726	0.539136	0.494897	0.438636	0.356644	0.251229	0.123216	-0.0212932	-0.161417	-0.282937	-0.378458	-0.449504	-0.496207	-0.514447	-0.511955	-0.479593	-0.423907	-0.361881	-0.307352	-0.262439	-0.223133	-0.201585	-0.197683	
0.607865	0.593742	0.569469	0.543192	0.515097	0.480113	0.424188	0.338639	0.224596	0.0844205	-0.0640822	-0.197417	-0.308186	-0.392244	-0.452514	-0.486923	-0.501406	-0.488095	-0.451816	-0.405119	-0.351022	-0.299007	-0.24895	-0.216092	-0.206367	
0.578726	0.569469	0.563945	0.556477	0.544278	0.529647	0.496113	0.433491	0.335851	0.203002	0.0590105	-0.0836363	-0.209864	-0.307615	-0.38024	-0.432805	-0.46999	-0.482057	-0.471317	-0.439839	-0.391069	-0.335674	-0.277086	-0.234559	-0.216715	
0.539136	0.543192	0.556477	0.563836	0.568043	0.573068	0.566162	0.53057	0.450401	0.328093	0.187926	0.0356633	-0.105277	-0.211784	-0.294762	-0.364888	-0.425117	-0.463862	-0.475802	-0.460808	-0.42665	-0.375696	-0.316032	-0.265788	-0.235576	
0.494897	0.515097	0.544278	0.568043	0.591078	0.611994	0.627583	0.615313	0.551883	0.442249	0.305821	0.15109	0.0058068	-0.109569	-0.208598	-0.300992	-0.388809	-0.449435	-0.475079	-0.47646	-0.455439	-0.411672	-0.356812	-0.296506	-0.256621	
0.438636	0.480113	0.529647	0.573068	0.611994	0.648091	0.677923	0.688229	0.643022	0.545597	0.418275	0.274989	0.132497	0.00368428	-0.116822	-0.242525	-0.355706	-0.43229	-0.473565	-0.486766	-0.481156	-0.449663	-0.399856	-0.338099	-0.28838	
0.356644	0.424188	0.496113	0.566162	0.627583	0.677923	0.72704	0.755157	0.724366	0.638864	0.530569	0.405131	0.271211	0.131442	-0.0171422	-0.167384	-0.300306	-0.392432	-0.449958	-0.481003	-0.495352	-0.482992	-0.448723	-0.396198	-0.33985	
0.251229	0.338639	0.433491	0.53057	0.615313	0.688229	0.755157	0.794643	0.779284	0.716173	0.632544	0.534322	0.411476	0.262608	0.0961128	-0.0681157	-0.212459	-0.317894	-0.390861	-0.441909	-0.473517	-0.486214	-0.477995	-0.445063	-0.394564	
0.123216	0.224596	0.335851	0.450401	0.551883	0.643022	0.724366	0.779284	0.795269	0.771689	0.725489	0.658554	0.550051	0.402058	0.233187	0.0631468	-0.0857218	-0.204962	-0.297168	-0.366966	-0.420369	-0.462426	-0.486344	-0.480483	-0.443715	
-0.0212932	0.0844205	0.203002	0.328093	0.442249	0.545597	0.638864	0.716173	0.771689	0.792647	0.791764	0.756536	0.674961	0.549943	0.393123	0.227669	0.0742473	-0.0645259	-0.182636	-0.279089	-0.36234	-0.43488	-0.488685	-0.50539	-0.481133	
-0.161417	-0.0640822	0.0590105	0.187926	0.305821	0.418275	0.530569	0.632544	0.725489	0.791764	0.824959	0.822227	0.775161	0.680849	0.545106	0.390025	0.232007	0.0765714	-0.0669997	-0.194724	-0.305878	-0.403823	-0.47658	-0.506807	-0.494198	
-0.282937	-0.197417	-0.0836363	0.0356633	0.15109	0.274989	0.405131	0.534322	0.658554	0.756536	0.822227	0.85098	0.837987	0.779395	0.673399	0.532799	0.383566	0.219301	0.0539639	-0.0995921	-0.236929	-0.350488	-0.4358	-0.474894	-0.480433	
-0.378458	-0.308186	-0.209864	-0.105277	0.0058068	0.132497	0.271211	0.411476	0.550051	0.674961	0.775161	0.837987	0.866189	0.848368	0.777904	0.666424	0.53089	0.366945	0.186347	0.0129027	-0.141729	-0.264683	-0.357614	-0.411677	-0.440533	
-0.449504	-0.392244	-0.307615	-0.211784	-0.109569	0.00368428	0.131442	0.262608	0.402058	0.549943	0.680849	0.779395	0.848368	0.876847	0.853726	0.78287	0.672115	0.518145	0.333593	0.149771	-0.0140715	-0.147523	-0.253076	-0.3301	-0.388944	
-0.496207	-0.452514	-0.38024	-0.294762	-0.208598	-0.116822	-0.0171422	0.0961128	0.233187	0.393123	0.545106	0.673399	0.777904	0.853726	0.886314	0.862757	0.788679	0.659365	0.490267	0.31229	0.147892	0.00255591	-0.125576	-0.232258	-0.326614	
-0.514447	-0.486923	-0.432805	-0.364888	-0.300992	-0.242525	-0.167384	-0.0681157	0.0631468	0.227669	0.390025	0.532799	0.666424	0.78287	0.862757	0.889141	0.857846	0.769764	0.636839	0.485544	0.330221	0.176248	0.0263465	-0.115792	-0.24274	
-0.511955	-0.501406	-0.46999	-0.425117	-0.388809	-0.355706	-0.300306	-0.212459	-0.0857218	0.0742473	0.232007	0.383566	0.53089	0.672115	0.788679	0.857846	0.874716	0.840297	0.759103	0.643769	0.508407	0.348262	0.179974	0.00889916	-0.150397	
-0.479593	-0.488095	-0.482057	-0.463862	-0.449435	-0.43229	-0.392432	-0.317894	-0.204962	-0.0645259	0.0765714	0.219301	0.366945	0.518145	0.659365	0.769764	0.840297	0.864207	0.841986	0.771232	0.660932	0.50967	0.33204	0.14105	-0.0432757	
-0.423907	-0.451816	-0.471317	-0.475802	-0.475079	-0.473565	-0.449958	-0.390861	-0.297168	-0.182636	-0.0669997	0.0539639	0.186347	0.333593	0.490267	0.636839	0.759103	0.841986	0.876358	0.856201	0.781438	0.650825	0.478987	0.276674	0.0727066	
-0.361881	-0.405119	-0.439839	-0.460808	-0.47646	-0.486766	-0.481003	-0.441909	-0.366966	-0.279089	-0.194724	-0.0995921	0.0129027	0.149771	0.31229	0.485544	0.643769	0.771232	0.856201	0.884588	0.856301	0.761016	0.608456	0.409149	0.195403	
-0.307352	-0.351022	-0.391069	-0.42665	-0.455439	-0.481156	-0.495352	-0.473517	-0.420369	-0.36234	-0.305878	-0.236929	-0.141729	-0.0140715	0.147892	0.330221	0.508407	0.660932	0.781438	0.856301	0.871925	0.821917	0.699377	0.519544	0.315113	
-0.262439	-0.299007	-0.335674	-0.375696	-0.411672	-0.449663	-0.482992	-0.486214	-0.462426	-0.43488	-0.403823	-0.350488	-0.264683	-0.147523	0.00255591	0.176248	0.348262	0.50967	0.650825	0.761016	0.821917	0.817368	0.74001	0.599412	0.427581	
-0.223133	-0.24895	-0.277086	-0.316032	-0.356812	-0.399856	-0.448723	-0.477995	-0.486344	-0.488685	-0.47658	-0.4358	-0.357614	-0.253076	-0.125576	0.0263465	0.179974	0.33204	0.478987	0.608456	0.699377	0.74001	0.715463	0.634803	0.523897	
-0.201585	-0.216092	-0.234559	-0.265788	-0.296506	-0.338099	-0.396198	-0.445063	-0.480483	-0.50539	-0.506807	-0.474894	-0.411677	-0.3301	-0.232258	-0.115792	0.00889916	0.14105	0.276674	0.409149	0.519544	0.599412	0.634803	0.631295	0.597759	
-0.197683	-0.206367	-0.216715	-0.235576	-0.256621	-0.28838	-0.33985	-0.394564	-0.443715	-0.481133	-0.494198	-0.480433	-0.440533	-0.388944	-0.326614	-0.24274	-0.150397	-0.0432757	0.0727066	0.195403	0.315113	0.427581	0.523897	0.597759	0.649507	
-0.203547	-0.207119	-0.214485	-0.22936	-0.244872	-0.264344	-0.299302	-0.342673	-0.389315	-0.430402	-0.454267	-0.462002	-0.454569	-0.436332	-0.406195	-0.356024	-0.290759	-0.210742	-0.117069	-0.0090213	0.111856	0.250181	0.396606	0.541938	0.671462	
-0.202393	-0.204629	-0.216022	-0.231364	-0.241322	-0.250517	-0.265586	-0.294112	-0.334648	-0.37454	-0.405618	-0.429279	-0.449952	-0.463715	-0.465798	-0.452226	-0.421007	-0.36908	-0.298672	-0.205321	-0.0811938	0.0764486	0.265462	0.470785	0.667476	
-0.20038	-0.206439	-0.222938	-0.237277	-0.246457	-0.243152	-0.237555	-0.250572	-0.282823	-0.318791	-0.34969	-0.38643	-0.429129	-0.47124	-0.507913	-0.53116	-0.532455	-0.507938	-0.455525	-0.372142	-0.249843	-0.0795076	0.137546	0.384055	0.637676	
-0.215998	-0.233969	-0.254921	-0.261561	-0.252774	-0.230483	-0.205699	-0.208958	-0.237826	-0.270722	-0.301547	-0.339516	-0.398669	-0.466355	-0.53322	-0.59467	-0.625475	-0.619985	-0.575458	-0.493588	-0.364518	-0.18489	0.048461	0.322529	0.608564	
-0.240674	-0.271596	-0.29595	-0.292063	-0.267194	-0.227204	-0.186247	-0.180594	-0.206877	-0.238106	-0.265961	-0.307656	-0.376787	-0.461217	-0.550366	-0.633986	-0.680922	-0.682728	-0.637674	-0.550842	-0.417068	-0.232629	0.00720377	0.289476	0.591045	
-0.246755	-0.280893	-0.305231	-0.298681	-0.271954	-0.227504	-0.182881	-0.17601	-0.201287	-0.23165	-0.259347	-0.301792	-0.372489	-0.460433	-0.553481	-0.640899	-0.690143	-0.692929	-0.647053	-0.558883	-0.424586	-0.239173	0.00104658	0.284094	0.587967	
-0.226198	-0.24994	-0.272719	-0.274892	-0.257621	-0.227637	-0.195559	-0.19508	-0.223574	-0.255547	-0.285692	-0.324224	-0.387967	-0.463743	-0.540745	-0.613825	-0.653184	-0.651722	-0.607841	-0.523954	-0.392098	-0.209982	0.0273377	0.306457	0.600331	
-0.204513	-0.213538	-0.232441	-0.244731	-0.248665	-0.238503	-0.225101	-0.233075	-0.263445	-0.298253	-0.328605	-0.367456	-0.417101	-0.470132	-0.519675	-0.558742	-0.572547	-0.556863	-0.5092	-0.427099	-0.30361	-0.129058	0.0955993	0.354741	0.62462	
-0.200401	-0.203705	-0.216804	-0.232027	-0.242371	-0.247005	-0.25349	-0.276288	-0.313974	-0.351794	-0.384584	-0.413493	-0.44315	-0.469204	-0.484396	-0.48582	-0.468223	-0.427654	-0.365693	-0.276969	-0.153279	0.0103491	0.212745	0.436736	0.658177	
-0.20455	-0.206234	-0.215018	-0.230346	-0.242993	-0.258781	-0.286122	-0.322316	-0.36679	-0.407705	-0.434743	-0.45001	-0.454912	-0.449952	-0.432574	-0.396785	-0.344114	-0.275005	-0.191097	-0.0888753	0.0328902	0.179551	0.344421	0.515118	0.672941	
-0.200377	-0.206455	-0.214688	-0.230723	-0.249561	-0.276008	-0.321699	-0.37377	-0.42316	-0.463001	-0.480541	-0.475662	-0.447781	-0.409889	-0.360665	-0.289738	-0.208472	-0.111844	-0.00456934	0.112372	0.232914	0.356857	0.4743	0.578235	0.662191	
-0.197553	-0.210103	-0.224507	-0.25055	-0.276876	-0.315305	-0.372724	-0.425827	-0.46934	-0.499934	-0.506655	-0.480244	-0.425495	-0.355415	-0.27153	-0.168749	-0.0569339	0.0656337	0.194095	0.323685	0.439053	0.532447	0.59326	0.620715	0.62143	
-0.212197	-0.232447	-0.257411	-0.294633	-0.33222	-0.375446	-0.429458	-0.467293	-0.487473	-0.501013	-0.493823	-0.456881	-0.383632	-0.28672	-0.170744	-0.0318738	0.111218	0.25624	0.400589	0.532772	0.632578	0.689765	0.6881	0.637446	0.555662	
-0.245196	-0.278474	-0.311604	-0.351602	-0.391128	-0.43157	-0.471235	-0.486017	-0.475052	-0.459859	-0.437737	-0.389061	-0.305849	-0.193107	-0.0509821	0.115652	0.281182	0.440714	0.58651	0.706193	0.781545	0.795611	0.738581	0.619409	0.468825	
-0.288446	-0.329893	-0.369776	-0.408573	-0.440792	-0.472038	-0.494246	-0.480466	-0.438215	-0.392504	-0.346337	-0.284717	-0.194746	-0.0706385	0.0876983	0.268232	0.44705	0.604708	0.735368	0.825982	0.860246	0.828586	0.722476	0.555335	0.360793	
-0.339008	-0.38342	-0.421427	-0.448777	-0.470046	-0.486962	-0.488656	-0.457419	-0.39003	-0.314462	-0.241398	-0.157413	-0.0524138	0.0807461	0.244017	0.423662	0.59195	0.731961	0.832817	0.880294	0.870266	0.792878	0.650636	0.457233	0.244234	
-0.398883	-0.434769	-0.461314	-0.472376	-0.478745	-0.481417	-0.464883	-0.413788	-0.32764	-0.223065	-0.120045	-0.00872552	0.115438	0.258571	0.418644	0.577419	0.716587	0.819268	0.875097	0.874412	0.817441	0.699517	0.533803	0.33025	0.121152	
-0.459232	-0.475024	-0.480734	-0.472494	-0.462838	-0.452635	-0.418976	-0.350095	-0.245072	-0.115106	0.0175334	0.152304	0.295447	0.446362	0.594871	0.720461	0.812996	0.861396	0.861641	0.811292	0.713444	0.569197	0.392136	0.19524	0.00247758	
-0.502433	-0.49963	-0.477685	-0.443867	-0.417796	-0.391422	-0.341625	-0.259594	-0.136876	0.0171236	0.168936	0.319517	0.468968	0.615319	0.742997	0.829098	0.86666	0.855682	0.797639	0.699013	0.573256	0.414618	0.241121	0.0610791	-0.10899	
-0.516743	-0.495293	-0.450467	-0.391068	-0.33822	-0.290683	-0.224661	-0.128986	0.000296466	0.164322	0.327029	0.473999	0.615352	0.743622	0.839539	0.883504	0.871307	0.803178	0.689644	0.552023	0.403201	0.245984	0.0874947	-0.0671634	-0.207173	
-0.505822	-0.468663	-0.402413	-0.323427	-0.245093	-0.167013	-0.0773994	0.029078	0.163799	0.326496	0.483609	0.619063	0.736658	0.830121	0.883271	0.88018	0.822361	0.708025	0.550466	0.381907	0.219944	0.0703548	-0.0660608	-0.187246	-0.294561	
-0.472393	-0.420013	-0.339729	-0.247428	-0.15115	-0.0444086	0.0723375	0.196591	0.335982	0.490317	0.630812	0.743022	0.826677	0.87426	0.873234	0.820968	0.723671	0.576929	0.396792	0.212066	0.0472889	-0.0914308	-0.206223	-0.293288	-0.367041	
-0.40901	-0.344453	-0.252744	-0.151727	-0.0429842	0.0794277	0.216459	0.355135	0.49468	0.62951	0.743415	0.82004	0.864947	0.865348	0.812037	0.715885	0.58876	0.427105	0.242867	0.0648156	-0.0948766	-0.221442	-0.31762	-0.380369	-0.419862	
-0.324083	-0.245374	-0.136946	-0.0243245	0.0894592	0.216937	0.352511	0.487979	0.62061	0.730044	0.808504	0.851656	0.853743	0.810672	0.718332	0.58749	0.443057	0.277738	0.105486	-0.0569543	-0.202326	-0.320523	-0.408841	-0.452741	-0.467223	
-0.213124	-0.119089	0.00106797	0.128011	0.245791	0.36206	0.482098	0.595631	0.702119	0.782278	0.828836	0.838244	0.804631	0.724228	0.599304	0.449173	0.293066	0.132784	-0.0196751	-0.158674	-0.280848	-0.386191	-0.464885	-0.497681	-0.492106	
