0.26767	0.213774	0.169905	0.144146	0.130355	0.128648	0.136841	0.158216	0.193936	0.245503	0.304269	0.373333	0.434565	0.46261	0.446904	0.383581	0.28721	0.174454	0.047632	-0.0827839	-0.222633	-0.368497	-0.493259	-0.579905	-0.6262	
0.28999	0.258553	0.25152	0.250629	0.248573	0.249078	0.249353	0.250834	0.254141	0.273753	0.318826	0.370714	0.414565	0.437253	0.425472	0.376993	0.299597	0.203757	0.0910475	-0.0463541	-0.205498	-0.378155	-0.536909	-0.649085	-0.711608	
0.337907	0.322109	0.339073	0.365113	0.378166	0.381213	0.37135	0.350604	0.325602	0.327427	0.362214	0.41112	0.45382	0.481017	0.479271	0.445343	0.377834	0.295216	0.184406	0.036416	-0.145038	-0.343105	-0.531044	-0.674028	-0.75827	
0.417573	0.407619	0.434405	0.474521	0.502988	0.508542	0.488244	0.450446	0.414737	0.408652	0.440544	0.49262	0.547104	0.587785	0.602792	0.578316	0.520036	0.441805	0.327652	0.164913	-0.0396704	-0.265943	-0.482995	-0.659745	-0.771802	
0.511127	0.506042	0.536521	0.584495	0.623679	0.63204	0.602798	0.555106	0.514245	0.504347	0.53141	0.588577	0.659342	0.724426	0.760179	0.752513	0.705575	0.628674	0.508125	0.334222	0.104884	-0.146041	-0.393474	-0.602864	-0.74515	
0.594755	0.598927	0.637982	0.692609	0.737743	0.74825	0.713071	0.659531	0.61094	0.591657	0.611697	0.671308	0.755119	0.840729	0.901663	0.918352	0.889305	0.821212	0.698407	0.515029	0.272494	-0.0015779	-0.274256	-0.508631	-0.679216	
0.649219	0.66349	0.71156	0.772631	0.817792	0.826299	0.794006	0.736678	0.679652	0.649801	0.662169	0.719687	0.804627	0.895282	0.976514	1.02072	1.02336	0.976771	0.865728	0.683399	0.435961	0.147279	-0.142112	-0.398416	-0.591642	
0.647747	0.672486	0.733452	0.800615	0.84589	0.853361	0.82228	0.76107	0.694282	0.651678	0.656683	0.707834	0.787339	0.879017	0.976283	1.05319	1.09458	1.07808	0.987731	0.812019	0.567487	0.27935	-0.0139716	-0.278869	-0.490054	
0.585539	0.618839	0.689724	0.762139	0.811866	0.819974	0.786032	0.719866	0.645105	0.592173	0.589797	0.631899	0.710046	0.809613	0.921083	1.02714	1.10093	1.11517	1.0487	0.891713	0.667002	0.396164	0.114178	-0.14682	-0.373446	
0.468298	0.506459	0.574465	0.647291	0.697478	0.707418	0.671152	0.604715	0.531332	0.478482	0.466778	0.500053	0.577579	0.689093	0.812689	0.936044	1.03411	1.0794	1.04653	0.927596	0.744222	0.507814	0.248894	-0.00219705	-0.229558	
0.280608	0.322252	0.393219	0.470956	0.526642	0.5357	0.498271	0.42491	0.34785	0.292706	0.274242	0.302728	0.390497	0.51856	0.658257	0.792704	0.904101	0.977242	0.982823	0.914614	0.787668	0.601813	0.378007	0.148542	-0.0648856	
0.0450538	0.0876714	0.166269	0.245565	0.301207	0.312878	0.271843	0.199304	0.117024	0.0562509	0.0399941	0.0687478	0.158802	0.299442	0.448802	0.595482	0.725288	0.826113	0.876039	0.863009	0.793018	0.666848	0.495607	0.307814	0.127771	
-0.216293	-0.17352	-0.0936124	-0.00941394	0.041327	0.0503165	0.0153578	-0.0574366	-0.144868	-0.204651	-0.218642	-0.17963	-0.0871592	0.0498577	0.207363	0.36568	0.511045	0.640226	0.727272	0.766181	0.756128	0.696725	0.599309	0.474706	0.339969	
-0.471297	-0.431447	-0.352156	-0.276612	-0.232104	-0.224288	-0.254677	-0.319629	-0.401827	-0.461642	-0.470356	-0.426118	-0.332912	-0.201856	-0.0426526	0.125864	0.287648	0.435149	0.552502	0.632029	0.677287	0.690099	0.676341	0.629278	0.553305	
-0.687853	-0.646661	-0.576909	-0.515859	-0.477049	-0.469196	-0.497167	-0.550488	-0.619356	-0.677141	-0.688882	-0.647373	-0.554924	-0.425497	-0.267255	-0.0964531	0.0735834	0.232415	0.372405	0.485795	0.579092	0.657992	0.720993	0.749313	0.735625	
-0.846224	-0.801637	-0.74631	-0.695973	-0.660933	-0.653279	-0.679734	-0.725137	-0.779944	-0.831647	-0.853434	-0.817483	-0.727939	-0.601436	-0.447891	-0.286334	-0.126038	0.0372065	0.194	0.337734	0.472769	0.603402	0.726625	0.818395	0.863256	
-0.932403	-0.892066	-0.845563	-0.806212	-0.772121	-0.764527	-0.790754	-0.829953	-0.872339	-0.91923	-0.941105	-0.912675	-0.833119	-0.721992	-0.586552	-0.444768	-0.304474	-0.150995	0.0182382	0.186075	0.353575	0.520963	0.686878	0.831337	0.932968	
-0.956959	-0.92024	-0.877667	-0.842011	-0.808932	-0.801609	-0.827804	-0.863461	-0.902168	-0.945301	-0.961974	-0.935798	-0.87512	-0.792307	-0.68859	-0.573581	-0.456242	-0.322399	-0.155896	0.0264265	0.21461	0.40788	0.60468	0.788912	0.940428	
-0.924128	-0.888	-0.845365	-0.807759	-0.777355	-0.771304	-0.794021	-0.83	-0.870182	-0.912443	-0.929257	-0.905468	-0.863544	-0.814417	-0.747075	-0.664391	-0.574856	-0.461634	-0.31353	-0.136507	0.0579141	0.263525	0.479573	0.691342	0.875712	
-0.832163	-0.795649	-0.755009	-0.725164	-0.701484	-0.696942	-0.714131	-0.742425	-0.778013	-0.820134	-0.840826	-0.830113	-0.805758	-0.78301	-0.754583	-0.714023	-0.658455	-0.57362	-0.447729	-0.293054	-0.109417	0.101522	0.331838	0.562535	0.770796	
-0.706379	-0.669982	-0.639023	-0.622375	-0.609425	-0.607674	-0.616275	-0.631555	-0.656013	-0.692987	-0.720593	-0.728367	-0.724125	-0.72315	-0.730768	-0.741429	-0.72955	-0.67792	-0.579081	-0.445308	-0.277726	-0.0693891	0.173179	0.415489	0.637405	
-0.574613	-0.541802	-0.520533	-0.512586	-0.511402	-0.512023	-0.51125	-0.516394	-0.531269	-0.560633	-0.594812	-0.621915	-0.6423	-0.666588	-0.704533	-0.755299	-0.788424	-0.77408	-0.707805	-0.599009	-0.44205	-0.235278	0.00945664	0.262582	0.495381	
-0.460027	-0.432296	-0.413736	-0.410725	-0.415104	-0.416775	-0.412221	-0.411226	-0.423033	-0.447799	-0.480716	-0.524512	-0.572834	-0.626571	-0.692637	-0.76902	-0.830543	-0.851583	-0.819339	-0.733426	-0.583426	-0.378273	-0.137496	0.11285	0.352222	
-0.369294	-0.348766	-0.335784	-0.336022	-0.343891	-0.346985	-0.338926	-0.334534	-0.342498	-0.360022	-0.388089	-0.440157	-0.510886	-0.594361	-0.687608	-0.784962	-0.865725	-0.910421	-0.904384	-0.836156	-0.691428	-0.486429	-0.247414	-0.000877017	0.241241	
-0.30531	-0.294284	-0.293432	-0.302596	-0.317848	-0.320358	-0.308777	-0.295975	-0.292494	-0.299234	-0.322734	-0.376047	-0.458451	-0.561081	-0.678374	-0.796231	-0.895718	-0.949222	-0.95195	-0.89282	-0.75405	-0.551587	-0.311673	-0.0549931	0.187337	
-0.273408	-0.268094	-0.279579	-0.303575	-0.324509	-0.328403	-0.313066	-0.288178	-0.270961	-0.269139	-0.288331	-0.340397	-0.420286	-0.525654	-0.653258	-0.784032	-0.893834	-0.950985	-0.948553	-0.88963	-0.75907	-0.563988	-0.321366	-0.0573636	0.190809	
-0.268094	-0.269219	-0.294083	-0.332547	-0.361214	-0.366036	-0.346157	-0.309273	-0.276265	-0.26562	-0.280175	-0.323773	-0.395552	-0.494933	-0.617983	-0.747446	-0.857478	-0.915324	-0.910354	-0.845257	-0.716064	-0.524163	-0.27967	-0.0153044	0.232575	
-0.279579	-0.294083	-0.337745	-0.392217	-0.429443	-0.435637	-0.410469	-0.360655	-0.308073	-0.281681	-0.284725	-0.31504	-0.37849	-0.475443	-0.59086	-0.709519	-0.814652	-0.872882	-0.866393	-0.794871	-0.652051	-0.447511	-0.199503	0.0652511	0.306894	
-0.303575	-0.332547	-0.392217	-0.461013	-0.500389	-0.50709	-0.481185	-0.421376	-0.353005	-0.311267	-0.299287	-0.318363	-0.376031	-0.470236	-0.578687	-0.685508	-0.778381	-0.836718	-0.829263	-0.748457	-0.596014	-0.377972	-0.1162	0.145557	0.385783	
-0.324509	-0.361214	-0.429443	-0.500389	-0.538021	-0.544466	-0.519129	-0.46053	-0.385075	-0.33533	-0.317296	-0.32869	-0.38124	-0.472457	-0.570447	-0.66638	-0.749845	-0.804128	-0.795236	-0.714254	-0.559172	-0.336183	-0.0676732	0.200184	0.442915	
-0.328403	-0.366036	-0.435637	-0.50709	-0.544466	-0.54992	-0.526133	-0.467073	-0.390936	-0.339718	-0.320613	-0.330808	-0.383533	-0.473177	-0.569842	-0.662669	-0.744504	-0.796795	-0.787985	-0.706414	-0.551849	-0.328352	-0.0597314	0.211545	0.452845	
-0.313066	-0.346157	-0.410469	-0.481185	-0.519129	-0.526133	-0.500281	-0.440608	-0.368805	-0.322637	-0.306753	-0.322395	-0.377536	-0.470694	-0.574482	-0.676551	-0.765109	-0.822653	-0.814088	-0.732867	-0.578513	-0.357353	-0.0921421	0.171363	0.413712	
-0.288178	-0.309273	-0.360655	-0.421376	-0.46053	-0.467073	-0.440608	-0.386253	-0.326135	-0.292603	-0.289823	-0.314631	-0.376446	-0.472568	-0.584784	-0.699559	-0.799751	-0.858127	-0.852026	-0.775409	-0.628076	-0.417519	-0.163694	0.0986477	0.339226	
-0.270961	-0.276265	-0.308073	-0.353005	-0.385075	-0.390936	-0.368805	-0.326135	-0.285894	-0.269702	-0.280472	-0.319287	-0.387127	-0.485005	-0.605111	-0.730504	-0.839823	-0.897476	-0.891467	-0.825159	-0.690965	-0.494699	-0.25102	0.0147262	0.259853	
-0.269139	-0.26562	-0.281681	-0.311267	-0.33533	-0.339718	-0.322637	-0.292603	-0.269702	-0.265233	-0.283314	-0.332575	-0.409656	-0.512196	-0.63937	-0.771721	-0.881957	-0.939749	-0.936276	-0.874486	-0.74687	-0.554472	-0.310174	-0.0468947	0.202497	
-0.288331	-0.280175	-0.284725	-0.299287	-0.317296	-0.320613	-0.306753	-0.289823	-0.280472	-0.283314	-0.305124	-0.358082	-0.440561	-0.547011	-0.669887	-0.794814	-0.899983	-0.955041	-0.956109	-0.898829	-0.762508	-0.562911	-0.32216	-0.0610829	0.184174	
-0.340397	-0.323773	-0.31504	-0.318363	-0.32869	-0.330808	-0.322395	-0.314631	-0.319287	-0.332575	-0.358082	-0.411523	-0.489111	-0.581439	-0.686175	-0.79111	-0.87996	-0.929289	-0.929354	-0.865228	-0.72309	-0.518657	-0.2797	-0.029731	0.211209	
-0.420286	-0.395552	-0.37849	-0.376031	-0.38124	-0.383533	-0.377536	-0.376446	-0.387127	-0.409656	-0.440561	-0.489111	-0.546826	-0.613386	-0.689836	-0.774667	-0.844183	-0.87723	-0.856397	-0.779178	-0.630938	-0.426067	-0.186065	0.0609153	0.302566	
-0.525654	-0.494933	-0.475443	-0.470236	-0.472457	-0.473177	-0.470694	-0.472568	-0.485005	-0.512196	-0.547011	-0.581439	-0.613386	-0.648981	-0.698407	-0.760782	-0.807455	-0.807478	-0.755859	-0.656028	-0.5021	-0.296174	-0.0523452	0.201459	0.436517	
-0.653258	-0.617983	-0.59086	-0.578687	-0.570447	-0.569842	-0.574482	-0.584784	-0.605111	-0.63937	-0.669887	-0.686175	-0.689836	-0.698407	-0.719286	-0.747375	-0.755278	-0.718556	-0.631541	-0.507914	-0.344933	-0.137342	0.10685	0.35444	0.580756	
-0.784032	-0.747446	-0.709519	-0.685508	-0.66638	-0.662669	-0.676551	-0.699559	-0.730504	-0.771721	-0.794814	-0.79111	-0.774667	-0.760782	-0.747375	-0.72768	-0.687536	-0.615723	-0.50009	-0.353143	-0.17664	0.0331854	0.270026	0.505438	0.7205	
-0.893834	-0.857478	-0.814652	-0.778381	-0.749845	-0.744504	-0.765109	-0.799751	-0.839823	-0.881957	-0.899983	-0.87996	-0.844183	-0.807455	-0.755278	-0.687536	-0.611637	-0.508296	-0.368744	-0.200372	-0.00825092	0.200309	0.421538	0.642806	0.837463	
-0.950985	-0.915324	-0.872882	-0.836718	-0.804128	-0.796795	-0.822653	-0.858127	-0.897476	-0.939749	-0.955041	-0.929289	-0.87723	-0.807478	-0.718556	-0.615723	-0.508296	-0.382588	-0.222617	-0.0387966	0.153177	0.352864	0.559627	0.755306	0.921281	
-0.948553	-0.910354	-0.866393	-0.829263	-0.795236	-0.787985	-0.814088	-0.852026	-0.891467	-0.936276	-0.956109	-0.929354	-0.856397	-0.755859	-0.631541	-0.50009	-0.368744	-0.222617	-0.0515286	0.122918	0.300887	0.480473	0.65941	0.821331	0.944811	
-0.88963	-0.845257	-0.794871	-0.748457	-0.714254	-0.706414	-0.732867	-0.775409	-0.825159	-0.874486	-0.898829	-0.865228	-0.779178	-0.656028	-0.507914	-0.353143	-0.200372	-0.0387966	0.122918	0.278032	0.426778	0.57394	0.715835	0.829973	0.897743	
-0.75907	-0.716064	-0.652051	-0.596014	-0.559172	-0.551849	-0.578513	-0.628076	-0.690965	-0.74687	-0.762508	-0.72309	-0.630938	-0.5021	-0.344933	-0.17664	-0.00825092	0.153177	0.300887	0.426778	0.537676	0.639051	0.728766	0.784012	0.794552	
-0.563988	-0.524163	-0.447511	-0.377972	-0.336183	-0.328352	-0.357353	-0.417519	-0.494699	-0.554472	-0.562911	-0.518657	-0.426067	-0.296174	-0.137342	0.0331854	0.200309	0.352864	0.480473	0.57394	0.639051	0.679854	0.698093	0.682639	0.631984	
-0.321366	-0.27967	-0.199503	-0.1162	-0.0676732	-0.0597314	-0.0921421	-0.163694	-0.25102	-0.310174	-0.32216	-0.2797	-0.186065	-0.0523452	0.10685	0.270026	0.421538	0.559627	0.65941	0.715835	0.728766	0.698093	0.634304	0.539506	0.426556	
-0.0573636	-0.0153044	0.0652511	0.145557	0.200184	0.211545	0.171363	0.0986477	0.0147262	-0.0468947	-0.0610829	-0.029731	0.0609153	0.201459	0.35444	0.505438	0.642806	0.755306	0.821331	0.829973	0.784012	0.682639	0.539506	0.374001	0.211115	
0.190809	0.232575	0.306894	0.385783	0.442915	0.452845	0.413712	0.339226	0.259853	0.202497	0.184174	0.211209	0.302566	0.436517	0.580756	0.7205	0.837463	0.921281	0.944811	0.897743	0.794552	0.631984	0.426556	0.211115	0.00893104	
