0.0914951	0.120923	0.116493	0.0615821	-0.0243765	-0.131751	-0.238644	-0.321834	-0.365642	-0.355152	-0.275202	-0.150085	-0.00510167	0.132333	0.236372	0.304815	0.342833	0.355536	0.3595	0.370155	0.375733	0.37211	0.365794	0.357136	0.326601	
0.120923	0.140214	0.11467	0.0309517	-0.0795183	-0.196014	-0.295962	-0.371576	-0.39949	-0.365977	-0.267578	-0.118612	0.0423585	0.18553	0.294423	0.37615	0.422995	0.441093	0.45095	0.451518	0.442239	0.416303	0.392027	0.369831	0.323653	
0.116493	0.11467	0.062964	-0.0415329	-0.169261	-0.287957	-0.378066	-0.433848	-0.437316	-0.379388	-0.255815	-0.0911424	0.0772985	0.225684	0.352861	0.456918	0.517447	0.546104	0.560321	0.549821	0.525711	0.478488	0.430923	0.384532	0.32166	
0.0615821	0.0309517	-0.0415329	-0.156844	-0.287613	-0.397982	-0.472768	-0.505205	-0.485748	-0.400446	-0.253952	-0.0792696	0.0977393	0.26313	0.414034	0.541475	0.621118	0.662897	0.678653	0.665076	0.625424	0.558459	0.483271	0.411028	0.325624	
-0.0243765	-0.0795183	-0.169261	-0.287613	-0.412626	-0.512581	-0.572024	-0.583799	-0.545774	-0.443491	-0.283082	-0.096192	0.0980827	0.288475	0.467702	0.614786	0.717923	0.779506	0.80588	0.794187	0.736784	0.640551	0.53411	0.437398	0.33166	
-0.131751	-0.196014	-0.287957	-0.397982	-0.512581	-0.605815	-0.661902	-0.668417	-0.615299	-0.499752	-0.327216	-0.128385	0.0852579	0.302722	0.504539	0.677538	0.806956	0.88835	0.929064	0.91592	0.838197	0.713393	0.581972	0.461889	0.34193	
-0.238644	-0.295962	-0.378066	-0.472768	-0.572024	-0.661902	-0.723475	-0.730529	-0.669003	-0.54587	-0.367247	-0.152825	0.0748007	0.309183	0.530873	0.726003	0.871972	0.968693	1.01496	0.997021	0.90466	0.762735	0.611401	0.472881	0.342588	
-0.321834	-0.371576	-0.433848	-0.505205	-0.583799	-0.668417	-0.730529	-0.742752	-0.686756	-0.560471	-0.371195	-0.148323	0.0832515	0.321925	0.555338	0.756809	0.908586	1.00819	1.0495	1.02216	0.923003	0.774153	0.6144	0.461603	0.324208	
-0.365642	-0.39949	-0.437316	-0.485748	-0.545774	-0.615299	-0.669003	-0.686756	-0.634799	-0.509158	-0.322941	-0.107689	0.115431	0.346145	0.571319	0.764738	0.912205	1.00516	1.03798	1.00127	0.897014	0.744607	0.581268	0.425782	0.29022	
-0.355152	-0.365977	-0.379388	-0.400446	-0.443491	-0.499752	-0.54587	-0.560471	-0.509158	-0.385995	-0.214885	-0.015719	0.188235	0.389075	0.580201	0.74517	0.872204	0.951033	0.970597	0.926691	0.822664	0.671727	0.507315	0.357554	0.229381	
-0.275202	-0.267578	-0.255815	-0.253952	-0.283082	-0.327216	-0.367247	-0.371195	-0.322941	-0.214885	-0.0639656	0.110547	0.282259	0.43361	0.573294	0.699828	0.802171	0.857523	0.856285	0.807252	0.701746	0.554311	0.396793	0.253856	0.133097	
-0.150085	-0.118612	-0.0911424	-0.0792696	-0.096192	-0.128385	-0.152825	-0.148323	-0.107689	-0.015719	0.110547	0.252851	0.375927	0.471158	0.556696	0.64571	0.720273	0.74739	0.724979	0.662804	0.546845	0.400499	0.249067	0.11432	0.00795665	
-0.00510167	0.0423585	0.0772985	0.0977393	0.0980827	0.0852579	0.0748007	0.0832515	0.115431	0.188235	0.282259	0.375927	0.449296	0.497906	0.542714	0.591833	0.627057	0.62415	0.579549	0.496862	0.36922	0.221184	0.0703806	-0.0584349	-0.145152	
0.132333	0.18553	0.225684	0.26313	0.288475	0.302722	0.309183	0.321925	0.346145	0.389075	0.43361	0.471158	0.497906	0.516716	0.528274	0.534134	0.530473	0.499975	0.429983	0.326814	0.188035	0.0274196	-0.128386	-0.248741	-0.314448	
0.236372	0.294423	0.352861	0.414034	0.467702	0.504539	0.530873	0.555338	0.571319	0.580201	0.573294	0.556696	0.542714	0.528274	0.505797	0.476846	0.436936	0.374785	0.281373	0.159338	0.00779209	-0.160472	-0.31712	-0.42882	-0.478673	
0.304815	0.37615	0.456918	0.541475	0.614786	0.677538	0.726003	0.756809	0.764738	0.74517	0.699828	0.64571	0.591833	0.534134	0.476846	0.409938	0.332439	0.242783	0.129921	-0.00513064	-0.161403	-0.327142	-0.476832	-0.578407	-0.617553	
0.342833	0.422995	0.517447	0.621118	0.717923	0.806956	0.871972	0.908586	0.912205	0.872204	0.802171	0.720273	0.627057	0.530473	0.436936	0.332439	0.22098	0.109373	-0.0172972	-0.162951	-0.319053	-0.472425	-0.602923	-0.689938	-0.715642	
0.355536	0.441093	0.546104	0.662897	0.779506	0.88835	0.968693	1.00819	1.00516	0.951033	0.857523	0.74739	0.62415	0.499975	0.374785	0.242783	0.109373	-0.0207725	-0.160387	-0.310707	-0.455896	-0.58232	-0.683042	-0.742682	-0.746249	
0.3595	0.45095	0.560321	0.678653	0.80588	0.929064	1.01496	1.0495	1.03798	0.970597	0.856285	0.724979	0.579549	0.429983	0.281373	0.129921	-0.0172972	-0.160387	-0.305235	-0.445178	-0.564915	-0.654886	-0.713771	-0.731575	-0.702648	
0.370155	0.451518	0.549821	0.665076	0.794187	0.91592	0.997021	1.02216	1.00127	0.926691	0.807252	0.662804	0.496862	0.326814	0.159338	-0.00513064	-0.162951	-0.310707	-0.445178	-0.560458	-0.640895	-0.686141	-0.691082	-0.658791	-0.599811	
0.375733	0.442239	0.525711	0.625424	0.736784	0.838197	0.90466	0.923003	0.897014	0.822664	0.701746	0.546845	0.36922	0.188035	0.00779209	-0.161403	-0.319053	-0.455896	-0.564915	-0.640895	-0.674938	-0.669458	-0.624668	-0.552545	-0.470329	
0.37211	0.416303	0.478488	0.558459	0.640551	0.713393	0.762735	0.774153	0.744607	0.671727	0.554311	0.400499	0.221184	0.0274196	-0.160472	-0.327142	-0.472425	-0.58232	-0.654886	-0.686141	-0.669458	-0.620027	-0.543782	-0.448849	-0.346752	
0.365794	0.392027	0.430923	0.483271	0.53411	0.581972	0.611401	0.6144	0.581268	0.507315	0.396793	0.249067	0.0703806	-0.128386	-0.31712	-0.476832	-0.602923	-0.683042	-0.713771	-0.691082	-0.624668	-0.543782	-0.453293	-0.3502	-0.23742	
0.357136	0.369831	0.384532	0.411028	0.437398	0.461889	0.472881	0.461603	0.425782	0.357554	0.253856	0.11432	-0.0584349	-0.248741	-0.42882	-0.578407	-0.689938	-0.742682	-0.731575	-0.658791	-0.552545	-0.448849	-0.3502	-0.243971	-0.130533	
0.326601	0.323653	0.32166	0.325624	0.33166	0.34193	0.342588	0.324208	0.29022	0.229381	0.133097	0.00795665	-0.145152	-0.314448	-0.478673	-0.617553	-0.715642	-0.746249	-0.702648	-0.599811	-0.470329	-0.346752	-0.23742	-0.130533	-0.025189	
0.271124	0.264415	0.252525	0.233768	0.21751	0.214931	0.210994	0.194814	0.165727	0.110327	0.0297046	-0.0706796	-0.199674	-0.345321	-0.486039	-0.609607	-0.681067	-0.689262	-0.629788	-0.514279	-0.376306	-0.24234	-0.12557	-0.0253892	0.0668328	
0.21182	0.199662	0.178486	0.142905	0.109489	0.093266	0.0900341	0.0748686	0.0445812	-0.00139215	-0.06255	-0.136759	-0.242398	-0.362371	-0.477643	-0.566026	-0.610059	-0.598278	-0.524813	-0.405689	-0.269149	-0.136103	-0.0232106	0.0692546	0.141908	
0.153203	0.134766	0.102209	0.0542171	0.00847105	-0.0186813	-0.0315994	-0.0498056	-0.0757735	-0.102162	-0.138192	-0.193743	-0.279086	-0.376551	-0.461543	-0.52068	-0.539147	-0.508985	-0.42304	-0.296778	-0.168512	-0.0491059	0.0579645	0.145468	0.199973	
0.107329	0.0824988	0.0356036	-0.0210314	-0.0760882	-0.121117	-0.156081	-0.177308	-0.191059	-0.192226	-0.201255	-0.24071	-0.308862	-0.387248	-0.450907	-0.492507	-0.49445	-0.445994	-0.34437	-0.211972	-0.0868926	0.0269498	0.132074	0.209082	0.237445	
0.0785371	0.0462611	-0.0159298	-0.0816139	-0.141913	-0.197087	-0.244475	-0.270517	-0.276967	-0.257367	-0.246324	-0.270272	-0.320064	-0.385359	-0.445172	-0.481589	-0.474577	-0.410355	-0.298961	-0.162376	-0.035896	0.0797694	0.183158	0.250445	0.255352	
0.0717241	0.0385147	-0.0266172	-0.0937901	-0.155152	-0.212364	-0.261408	-0.288195	-0.293555	-0.270194	-0.254953	-0.275878	-0.321661	-0.384564	-0.444625	-0.480326	-0.471839	-0.404967	-0.291578	-0.154209	-0.0278633	0.0889293	0.19277	0.25673	0.25769	
0.094205	0.0660612	0.0118084	-0.0483623	-0.106636	-0.156846	-0.197724	-0.22153	-0.230941	-0.223158	-0.222376	-0.25471	-0.315077	-0.387619	-0.448015	-0.48661	-0.483588	-0.427938	-0.321701	-0.187423	-0.0615801	0.0515864	0.156529	0.229871	0.247195	
0.132779	0.111645	0.0744316	0.0225134	-0.0270724	-0.0612472	-0.0827523	-0.101672	-0.123028	-0.139902	-0.165254	-0.214668	-0.293166	-0.382015	-0.456401	-0.507191	-0.517953	-0.48042	-0.387653	-0.258706	-0.133451	-0.0172196	0.0884693	0.172079	0.217736	
0.187759	0.173144	0.147002	0.106603	0.0680703	0.0474535	0.0423586	0.0256454	-0.00369617	-0.0424131	-0.0942517	-0.16016	-0.257543	-0.367774	-0.470787	-0.546612	-0.5797	-0.560034	-0.482102	-0.361059	-0.227369	-0.0990758	0.0116094	0.102217	0.16759	
0.247654	0.239419	0.224353	0.197606	0.172733	0.165273	0.161598	0.146407	0.117197	0.0644308	-0.00873043	-0.0987054	-0.217583	-0.352531	-0.48417	-0.595123	-0.655595	-0.655376	-0.589506	-0.472418	-0.334153	-0.198872	-0.082349	0.0139614	0.0981988	
0.305866	0.300429	0.293358	0.288268	0.28647	0.291457	0.289029	0.271584	0.239339	0.181229	0.0900714	-0.0256473	-0.169709	-0.32997	-0.484314	-0.61939	-0.707977	-0.729349	-0.678608	-0.569162	-0.434867	-0.305347	-0.192577	-0.0871514	0.0140598	
0.34874	0.354095	0.362376	0.378965	0.396893	0.414686	0.420442	0.405471	0.369701	0.304951	0.202747	0.0675242	-0.0981892	-0.280762	-0.456574	-0.600736	-0.708174	-0.751982	-0.725081	-0.637318	-0.519839	-0.407727	-0.305572	-0.198489	-0.0880602	
0.363246	0.384195	0.412611	0.454947	0.495238	0.532904	0.554065	0.551462	0.517278	0.44459	0.337406	0.192394	0.0146458	-0.182905	-0.368509	-0.525064	-0.643887	-0.712553	-0.727421	-0.683071	-0.598468	-0.508195	-0.41393	-0.309564	-0.194752	
0.369734	0.405988	0.459054	0.527963	0.596878	0.659362	0.701849	0.710515	0.679217	0.6053	0.490464	0.339433	0.160476	-0.036811	-0.226535	-0.390695	-0.528839	-0.626459	-0.68202	-0.692966	-0.655812	-0.591833	-0.509001	-0.409873	-0.301579	
0.375282	0.433122	0.509167	0.601015	0.701628	0.791605	0.85123	0.866657	0.839589	0.766186	0.645953	0.490174	0.31083	0.1246	-0.0590114	-0.227975	-0.381264	-0.508894	-0.604801	-0.663143	-0.677501	-0.653055	-0.592936	-0.5097	-0.419474	
0.373471	0.44952	0.541491	0.652903	0.776942	0.89215	0.968821	0.99099	0.967252	0.891878	0.771748	0.622832	0.450763	0.275994	0.102158	-0.0653975	-0.225186	-0.370555	-0.496252	-0.597252	-0.659345	-0.684659	-0.668249	-0.618205	-0.549154	
0.363556	0.453011	0.558884	0.676676	0.805928	0.931774	1.01653	1.04712	1.03201	0.960706	0.842698	0.705752	0.552081	0.392573	0.235669	0.0783806	-0.0731507	-0.219548	-0.362768	-0.494692	-0.599941	-0.673049	-0.711441	-0.708744	-0.667016	
0.356421	0.445573	0.554604	0.672462	0.794351	0.909294	0.993638	1.03327	1.02607	0.966197	0.862977	0.743227	0.610341	0.476579	0.341353	0.200509	0.0613294	-0.0748836	-0.217801	-0.365919	-0.502816	-0.615015	-0.701177	-0.745875	-0.737184	
0.350773	0.431729	0.530263	0.641017	0.746908	0.844779	0.916413	0.954345	0.955791	0.910428	0.831127	0.737838	0.631548	0.522674	0.415173	0.298857	0.176563	0.0572885	-0.0745231	-0.223555	-0.377043	-0.521922	-0.641607	-0.718861	-0.737086	
0.323051	0.39958	0.487008	0.579792	0.661957	0.735334	0.790247	0.82406	0.830289	0.800907	0.745268	0.678681	0.60829	0.534071	0.463021	0.380285	0.28761	0.189005	0.070055	-0.0691341	-0.226309	-0.388071	-0.531172	-0.628564	-0.662978	
0.268329	0.331143	0.398016	0.468161	0.53083	0.578199	0.614057	0.640894	0.653609	0.650338	0.625315	0.592322	0.562349	0.531351	0.494759	0.451386	0.396947	0.322938	0.221098	0.0931705	-0.061415	-0.229798	-0.385066	-0.492483	-0.538158	
0.178205	0.232098	0.279447	0.325641	0.362172	0.385863	0.400137	0.417487	0.438355	0.467366	0.490965	0.504686	0.515322	0.52232	0.520176	0.511346	0.492916	0.449916	0.370487	0.259563	0.11535	-0.0497817	-0.206498	-0.323816	-0.382425	
0.0527657	0.103761	0.138917	0.166131	0.175081	0.172763	0.168607	0.177811	0.206955	0.26931	0.345177	0.417355	0.470722	0.506339	0.53776	0.569045	0.587925	0.574261	0.519378	0.428541	0.297355	0.144515	-0.00832587	-0.133261	-0.211362	
-0.0929431	-0.0543089	-0.022385	-0.0079575	-0.0188622	-0.0441514	-0.0629922	-0.0561248	-0.0190434	0.0656029	0.181069	0.305842	0.408683	0.482765	0.550028	0.624226	0.684138	0.698633	0.668671	0.598648	0.477116	0.330917	0.180717	0.048289	-0.0505178	
-0.228803	-0.212312	-0.192534	-0.185048	-0.209784	-0.249649	-0.28402	-0.284114	-0.23833	-0.136961	0.00468689	0.16755	0.321203	0.449765	0.567197	0.678346	0.771216	0.815113	0.805121	0.751912	0.643612	0.496871	0.34266	0.203001	0.0865636	
