-0.350517	-0.430887	-0.501625	-0.558664	-0.596224	-0.603712	-0.576085	-0.526107	-0.46079	-0.383185	-0.300883	-0.228377	-0.185405	-0.18629	-0.233871	-0.315076	-0.403963	-0.477629	-0.527973	-0.540797	-0.506651	-0.441418	-0.352069	-0.252657	-0.173437	
-0.24441	-0.290275	-0.324952	-0.350948	-0.370966	-0.375247	-0.359932	-0.335635	-0.305872	-0.263083	-0.216267	-0.179257	-0.164457	-0.187663	-0.254954	-0.356188	-0.452278	-0.515569	-0.54306	-0.530378	-0.47401	-0.385329	-0.279609	-0.175801	-0.0930126	
-0.161409	-0.175357	-0.182855	-0.187307	-0.193118	-0.194444	-0.190215	-0.184156	-0.180179	-0.166279	-0.154422	-0.15465	-0.173944	-0.223974	-0.311077	-0.420592	-0.51424	-0.559836	-0.559175	-0.518376	-0.433408	-0.31405	-0.190675	-0.0808928	0.0028741	
-0.104667	-0.0915626	-0.0812747	-0.0676595	-0.0612064	-0.0602756	-0.0642919	-0.0760672	-0.0878886	-0.0980492	-0.117763	-0.153874	-0.210329	-0.285705	-0.388493	-0.49737	-0.583301	-0.616603	-0.587752	-0.508226	-0.387684	-0.236037	-0.0909168	0.0330895	0.117165	
-0.082728	-0.0374466	0.00369304	0.0359904	0.0521444	0.0546302	0.0444073	0.0181195	-0.0208932	-0.063382	-0.115888	-0.188613	-0.27544	-0.374447	-0.484156	-0.588487	-0.659473	-0.668904	-0.615705	-0.501498	-0.337136	-0.150665	0.0195724	0.154364	0.243747	
-0.086575	-0.000112537	0.0715907	0.125238	0.151375	0.155721	0.139216	0.0954628	0.0308483	-0.0511349	-0.142021	-0.24678	-0.365966	-0.48491	-0.59764	-0.686305	-0.733275	-0.721622	-0.643773	-0.500931	-0.301456	-0.0806309	0.11677	0.270088	0.365157	
-0.109892	0.0171873	0.121894	0.195224	0.233217	0.239834	0.214444	0.155681	0.062224	-0.0573803	-0.191063	-0.33088	-0.474277	-0.608756	-0.720509	-0.789333	-0.806878	-0.767263	-0.666522	-0.502652	-0.282666	-0.0375437	0.186178	0.357378	0.458484	
-0.150283	0.0130966	0.156186	0.251303	0.300055	0.308388	0.275378	0.200924	0.0740016	-0.0829623	-0.25513	-0.424327	-0.577648	-0.716586	-0.822683	-0.879676	-0.870694	-0.801685	-0.673166	-0.484228	-0.24983	-0.000792906	0.229361	0.409018	0.516581	
-0.202639	-0.00962809	0.163549	0.285733	0.352763	0.365734	0.318344	0.220106	0.0630845	-0.123384	-0.320988	-0.501105	-0.652928	-0.782171	-0.875748	-0.920727	-0.894972	-0.806062	-0.654679	-0.44827	-0.215433	0.0224739	0.236405	0.410639	0.526354	
-0.234037	-0.0304839	0.156562	0.301252	0.388888	0.405997	0.342805	0.221492	0.0470015	-0.151538	-0.354902	-0.530491	-0.673853	-0.786119	-0.863105	-0.891343	-0.852802	-0.756519	-0.60408	-0.409158	-0.19777	0.0181921	0.214338	0.383336	0.503503	
-0.228519	-0.0266344	0.165444	0.320188	0.417279	0.435746	0.365463	0.234173	0.0523043	-0.147065	-0.347508	-0.518421	-0.648734	-0.740084	-0.792274	-0.801166	-0.758637	-0.663791	-0.520033	-0.344287	-0.165903	0.0153546	0.183585	0.338316	0.449566	
-0.192024	0.00268848	0.188123	0.341119	0.435493	0.452363	0.38675	0.254973	0.0790293	-0.114053	-0.305329	-0.465975	-0.580737	-0.655277	-0.689686	-0.681903	-0.632888	-0.540623	-0.40738	-0.256815	-0.114604	0.0241979	0.152829	0.27079	0.360441	
-0.137517	0.0389387	0.207523	0.351799	0.439513	0.454327	0.395487	0.269846	0.108014	-0.0673393	-0.239656	-0.386232	-0.491861	-0.554233	-0.569253	-0.540828	-0.480921	-0.3908	-0.273431	-0.156219	-0.0555584	0.0290582	0.108697	0.178585	0.231953	
-0.0886236	0.0779916	0.232947	0.356486	0.430097	0.442673	0.392465	0.286962	0.142928	-0.0220399	-0.183612	-0.315643	-0.403654	-0.443733	-0.436839	-0.39181	-0.320119	-0.227589	-0.13051	-0.0542527	0.000759383	0.0308579	0.0523054	0.071882	0.080944	
-0.0535288	0.10914	0.257775	0.364708	0.425241	0.436064	0.394122	0.307065	0.170938	0.0113095	-0.142636	-0.256886	-0.323704	-0.342774	-0.312338	-0.251871	-0.178437	-0.0910335	-0.0183365	0.0264768	0.0390696	0.0255229	-0.00548384	-0.0427532	-0.0806851	
-0.0268519	0.127719	0.270288	0.381834	0.443565	0.453193	0.412433	0.320839	0.186782	0.03417	-0.109547	-0.208739	-0.253451	-0.254545	-0.216796	-0.146678	-0.0707846	-0.00408805	0.0456724	0.0681616	0.0515175	0.000378797	-0.0795408	-0.165635	-0.245405	
-0.00485153	0.139086	0.281055	0.400002	0.464518	0.472754	0.433966	0.332697	0.197748	0.05085	-0.0793034	-0.165849	-0.18851	-0.171693	-0.136508	-0.0754396	-0.00739307	0.0433173	0.0749678	0.0705801	0.0301258	-0.0524845	-0.172215	-0.300295	-0.412203	
0.0112674	0.144279	0.283741	0.401772	0.469555	0.48048	0.436514	0.334448	0.200978	0.0612691	-0.0518568	-0.11567	-0.12517	-0.101966	-0.0682246	-0.0212049	0.0280964	0.0604019	0.0669016	0.0380431	-0.0227353	-0.130421	-0.282301	-0.436951	-0.566612	
0.0233759	0.137956	0.270444	0.383747	0.462747	0.478002	0.420902	0.31907	0.191429	0.0649279	-0.0269158	-0.072029	-0.0732966	-0.0498019	-0.013531	0.0177631	0.0381531	0.0464366	0.0299252	-0.0155666	-0.0973988	-0.224707	-0.382254	-0.543365	-0.679394	
0.0232955	0.123117	0.239902	0.348714	0.421948	0.436703	0.382929	0.286042	0.168928	0.0598009	-0.0181976	-0.0494051	-0.0414061	-0.00825113	0.0190425	0.0311295	0.0313925	0.0141924	-0.0264637	-0.0845422	-0.175989	-0.306588	-0.458923	-0.61031	-0.744679	
0.0200156	0.0935708	0.18642	0.274239	0.325819	0.335357	0.299745	0.224408	0.128682	0.0468608	-0.0119163	-0.0369601	-0.0232852	0.0112716	0.0318735	0.0304917	0.0131756	-0.0282952	-0.08939	-0.158647	-0.246155	-0.366549	-0.507442	-0.641505	-0.760697	
0.007115	0.0477059	0.103126	0.152087	0.178381	0.182679	0.16546	0.125119	0.0680967	0.0218128	-0.0122692	-0.0302656	-0.0231658	0.00228191	0.0221639	0.0131755	-0.0174579	-0.0662823	-0.129052	-0.208548	-0.29875	-0.399558	-0.518474	-0.631832	-0.732842	
-0.0415219	-0.0332424	-0.0256769	-0.0250194	-0.0237053	-0.0225535	-0.0259628	-0.0240302	-0.030404	-0.0376468	-0.0461447	-0.0458162	-0.036885	-0.0208864	-0.00849	-0.0189857	-0.0491186	-0.0953472	-0.158254	-0.227156	-0.305395	-0.388001	-0.484073	-0.579539	-0.663764	
-0.140234	-0.179509	-0.222402	-0.265324	-0.291037	-0.293502	-0.278877	-0.240679	-0.196139	-0.155119	-0.117762	-0.0828213	-0.0542421	-0.0328405	-0.0316884	-0.0444609	-0.064515	-0.103454	-0.158334	-0.212332	-0.266007	-0.327824	-0.402207	-0.484566	-0.557505	
-0.280459	-0.38852	-0.486734	-0.56801	-0.620073	-0.626866	-0.59313	-0.521842	-0.429508	-0.32346	-0.218586	-0.130284	-0.0670667	-0.0285498	-0.0231403	-0.0316587	-0.0430571	-0.0688624	-0.107008	-0.142054	-0.178372	-0.221195	-0.275599	-0.346505	-0.407714	
-0.447536	-0.626749	-0.790606	-0.918319	-0.993121	-1.00501	-0.956588	-0.846343	-0.695444	-0.518739	-0.345553	-0.191976	-0.0751922	-0.00706824	0.0177386	0.022256	0.0245289	0.0173426	0.00100784	-0.0167588	-0.042392	-0.0730075	-0.116622	-0.170672	-0.217914	
-0.626749	-0.87434	-1.10232	-1.28145	-1.381	-1.3981	-1.3315	-1.18114	-0.969901	-0.726303	-0.481539	-0.257471	-0.0831135	0.0210533	0.0784571	0.111941	0.134042	0.142974	0.141738	0.13288	0.11758	0.0923896	0.0544758	0.0168354	-0.0168088	
-0.790606	-1.10232	-1.39165	-1.61163	-1.7387	-1.76038	-1.67441	-1.48955	-1.2237	-0.915552	-0.605509	-0.321286	-0.0958111	0.058907	0.156675	0.221884	0.26053	0.280114	0.283626	0.274778	0.263407	0.244682	0.216027	0.196337	0.174735	
-0.918319	-1.28145	-1.61163	-1.8669	-2.01937	-2.04666	-1.94177	-1.72503	-1.41939	-1.06491	-0.703741	-0.37968	-0.113147	0.0881123	0.230692	0.325208	0.373002	0.395373	0.404177	0.38947	0.370921	0.358287	0.354026	0.346755	0.328977	
-0.993121	-1.381	-1.7387	-2.01937	-2.18459	-2.21298	-2.10111	-1.86287	-1.53047	-1.14911	-0.764921	-0.41607	-0.122535	0.104634	0.273192	0.390027	0.451896	0.469303	0.468028	0.453028	0.430564	0.425656	0.437111	0.438699	0.426095	
-1.00501	-1.3981	-1.76038	-2.04666	-2.21298	-2.24132	-2.12921	-1.8867	-1.54922	-1.16262	-0.773903	-0.42004	-0.122326	0.107129	0.280372	0.402876	0.467574	0.481883	0.476617	0.462478	0.44104	0.437224	0.451333	0.455082	0.444114	
-0.956588	-1.3315	-1.67441	-1.94177	-2.10111	-2.12921	-2.01974	-1.79337	-1.47483	-1.10754	-0.734355	-0.397585	-0.119668	0.0961305	0.252136	0.356169	0.410116	0.431362	0.438527	0.421762	0.399541	0.391436	0.394633	0.391907	0.37474	
-0.846343	-1.18114	-1.48955	-1.72503	-1.86287	-1.8867	-1.79337	-1.59379	-1.31004	-0.980855	-0.648271	-0.34627	-0.102406	0.0727413	0.188773	0.266169	0.308144	0.330101	0.335502	0.325766	0.312825	0.29548	0.275957	0.261677	0.242873	
-0.695444	-0.969901	-1.2237	-1.41939	-1.53047	-1.54922	-1.47483	-1.31004	-1.07616	-0.805975	-0.53315	-0.283459	-0.0879235	0.0353492	0.107683	0.154628	0.184731	0.198814	0.199894	0.191458	0.17843	0.155972	0.121128	0.0906769	0.0623454	
-0.518739	-0.726303	-0.915552	-1.06491	-1.14911	-1.16262	-1.10754	-0.980855	-0.805975	-0.601387	-0.399346	-0.217886	-0.0772759	0.00320497	0.040145	0.0548683	0.0645158	0.0640217	0.054532	0.0421633	0.0209426	-0.00698601	-0.0480191	-0.0961489	-0.136687	
-0.345553	-0.481539	-0.605509	-0.703741	-0.764921	-0.773903	-0.734355	-0.648271	-0.53315	-0.399346	-0.268025	-0.153935	-0.070907	-0.020981	-0.00987595	-0.0152749	-0.0220296	-0.0405199	-0.0687927	-0.0965639	-0.129306	-0.165677	-0.215234	-0.279221	-0.335952	
-0.191976	-0.257471	-0.321286	-0.37968	-0.41607	-0.42004	-0.397585	-0.34627	-0.283459	-0.217886	-0.153935	-0.0991582	-0.059543	-0.0331102	-0.0327993	-0.0441905	-0.0606678	-0.0958665	-0.145996	-0.192204	-0.236511	-0.290558	-0.356637	-0.434741	-0.50301	
-0.0751922	-0.0831135	-0.0958111	-0.113147	-0.122535	-0.122326	-0.119668	-0.102406	-0.0879235	-0.0772759	-0.070907	-0.059543	-0.0445821	-0.0272989	-0.0205658	-0.032631	-0.058653	-0.101716	-0.163331	-0.226261	-0.295212	-0.369736	-0.456721	-0.546296	-0.625863	
-0.00706824	0.0210533	0.058907	0.0881123	0.104634	0.107129	0.0961305	0.0727413	0.0353492	0.00320497	-0.020981	-0.0331102	-0.0272989	-0.00734082	0.01156	0.00186769	-0.0307954	-0.0800055	-0.141677	-0.219644	-0.307563	-0.400853	-0.509869	-0.616306	-0.709941	
0.0177386	0.0784571	0.156675	0.230692	0.273192	0.280372	0.252136	0.188773	0.107683	0.040145	-0.00987595	-0.0327993	-0.0205658	0.01156	0.0318187	0.0257505	0.00247542	-0.0441196	-0.108204	-0.182829	-0.271523	-0.383954	-0.517234	-0.642966	-0.754427	
0.022256	0.111941	0.221884	0.325208	0.390027	0.402876	0.356169	0.266169	0.154628	0.0548683	-0.0152749	-0.0441905	-0.032631	0.00186769	0.0257505	0.0325575	0.025392	-0.00220852	-0.0526088	-0.115242	-0.204511	-0.333401	-0.481708	-0.626898	-0.75705	
0.0245289	0.134042	0.26053	0.373002	0.451896	0.467574	0.410116	0.308144	0.184731	0.0645158	-0.0220296	-0.0606678	-0.058653	-0.0307954	0.00247542	0.025392	0.0368075	0.0352299	0.0100761	-0.0414969	-0.129973	-0.260166	-0.41617	-0.574406	-0.711461	
0.0173426	0.142974	0.280114	0.395373	0.469303	0.481883	0.431362	0.330101	0.198814	0.0640217	-0.0405199	-0.0958665	-0.101716	-0.0800055	-0.0441196	-0.00220852	0.0352299	0.0576178	0.0544819	0.018379	-0.0506423	-0.167964	-0.32456	-0.484286	-0.617272	
0.00100784	0.141738	0.283626	0.404177	0.468028	0.476617	0.438527	0.335502	0.199894	0.054532	-0.0687927	-0.145996	-0.163331	-0.141677	-0.108204	-0.0526088	0.0100761	0.0544819	0.0764415	0.0609145	0.0124445	-0.0802517	-0.215415	-0.356737	-0.477589	
-0.0167588	0.13288	0.274778	0.38947	0.453028	0.462478	0.421762	0.325766	0.191458	0.0421633	-0.0965639	-0.192204	-0.226261	-0.219644	-0.182829	-0.115242	-0.0414969	0.018379	0.0609145	0.0739165	0.0477678	-0.0180395	-0.114082	-0.217788	-0.311232	
-0.042392	0.11758	0.263407	0.370921	0.430564	0.44104	0.399541	0.312825	0.17843	0.0209426	-0.129306	-0.236511	-0.295212	-0.307563	-0.271523	-0.204511	-0.129973	-0.0506423	0.0124445	0.0477678	0.0472344	0.0191818	-0.0325384	-0.0912049	-0.147357	
-0.0730075	0.0923896	0.244682	0.358287	0.425656	0.437224	0.391436	0.29548	0.155972	-0.00698601	-0.165677	-0.290558	-0.369736	-0.400853	-0.383954	-0.333401	-0.260166	-0.167964	-0.0802517	-0.0180395	0.0191818	0.0302903	0.0297727	0.0267688	0.0183373	
-0.116622	0.0544758	0.216027	0.354026	0.437111	0.451333	0.394633	0.275957	0.121128	-0.0480191	-0.215234	-0.356637	-0.456721	-0.509869	-0.517234	-0.481708	-0.41617	-0.32456	-0.215415	-0.114082	-0.0325384	0.0297727	0.0868481	0.13732	0.171999	
-0.170672	0.0168354	0.196337	0.346755	0.438699	0.455082	0.391907	0.261677	0.0906769	-0.0961489	-0.279221	-0.434741	-0.546296	-0.616306	-0.642966	-0.626898	-0.574406	-0.484286	-0.356737	-0.217788	-0.0912049	0.0267688	0.13732	0.23651	0.314079	
-0.217914	-0.0168088	0.174735	0.328977	0.426095	0.444114	0.37474	0.242873	0.0623454	-0.136687	-0.335952	-0.50301	-0.625863	-0.709941	-0.754427	-0.75705	-0.711461	-0.617272	-0.477589	-0.311232	-0.147357	0.0183373	0.171999	0.314079	0.418119	
