-0.545439	-0.577106	-0.594325	-0.592458	-0.566349	-0.520998	-0.454403	-0.357447	-0.231001	-0.0900531	0.0473841	0.17019	0.267428	0.343215	0.390285	0.406872	0.398882	0.37719	0.349041	0.313081	0.270199	0.223018	0.182745	0.154009	0.133403	
-0.577106	-0.595024	-0.607912	-0.62336	-0.617411	-0.584332	-0.523286	-0.426674	-0.299791	-0.164914	-0.0296896	0.0991809	0.213013	0.313017	0.382121	0.415593	0.418549	0.403825	0.373397	0.328155	0.274196	0.213872	0.166836	0.139377	0.122912	
-0.594325	-0.607912	-0.630097	-0.65607	-0.658321	-0.637111	-0.589109	-0.502224	-0.383054	-0.251205	-0.113147	0.0213467	0.144724	0.261413	0.353348	0.411207	0.436811	0.433693	0.402397	0.34798	0.277487	0.202309	0.145497	0.116581	0.109595	
-0.592458	-0.62336	-0.65607	-0.683433	-0.697104	-0.697668	-0.667304	-0.592011	-0.475838	-0.343846	-0.209141	-0.0790437	0.0520124	0.18694	0.303163	0.395019	0.450202	0.4643	0.439271	0.375738	0.290212	0.204422	0.140331	0.110437	0.107125	
-0.566349	-0.617411	-0.658321	-0.697104	-0.737243	-0.763219	-0.752059	-0.691145	-0.58257	-0.457614	-0.333967	-0.205536	-0.0630316	0.0878322	0.236007	0.363444	0.447966	0.490255	0.482872	0.425796	0.337927	0.240734	0.161579	0.121118	0.110439	
-0.520998	-0.584332	-0.637111	-0.697668	-0.763219	-0.811807	-0.824118	-0.78551	-0.692499	-0.58369	-0.466028	-0.331224	-0.182962	-0.0209671	0.148032	0.302828	0.42456	0.505774	0.524156	0.480115	0.394002	0.290004	0.200428	0.145216	0.122716	
-0.454403	-0.523286	-0.589109	-0.667304	-0.752059	-0.824118	-0.866176	-0.855957	-0.7908	-0.69935	-0.584102	-0.454738	-0.308933	-0.137725	0.0490421	0.229613	0.383979	0.495644	0.53647	0.507361	0.425073	0.31847	0.226476	0.168376	0.142696	
-0.357447	-0.426674	-0.502224	-0.592011	-0.691145	-0.78551	-0.855957	-0.882325	-0.854094	-0.787333	-0.696023	-0.584777	-0.441913	-0.265413	-0.072491	0.125895	0.308193	0.440496	0.504459	0.494147	0.423531	0.328209	0.237713	0.178854	0.15579	
-0.231001	-0.299791	-0.383054	-0.475838	-0.58257	-0.692499	-0.7908	-0.854094	-0.866883	-0.844103	-0.795073	-0.711654	-0.580883	-0.419182	-0.230553	-0.0222632	0.174973	0.333518	0.431623	0.446377	0.394603	0.317032	0.23698	0.18859	0.173538	
-0.0900531	-0.164914	-0.251205	-0.343846	-0.457614	-0.58369	-0.69935	-0.787333	-0.844103	-0.873256	-0.868113	-0.813327	-0.710533	-0.578076	-0.399119	-0.193687	0.0117092	0.193125	0.312992	0.357853	0.337953	0.285172	0.228877	0.199576	0.201558	
0.0473841	-0.0296896	-0.113147	-0.209141	-0.333967	-0.466028	-0.584102	-0.696023	-0.795073	-0.868113	-0.898404	-0.882788	-0.819225	-0.708086	-0.548109	-0.358451	-0.154324	0.0390612	0.176388	0.247713	0.259062	0.237879	0.213356	0.200955	0.220835	
0.17019	0.0991809	0.0213467	-0.0790437	-0.205536	-0.331224	-0.454738	-0.584777	-0.711654	-0.813327	-0.882788	-0.906448	-0.871569	-0.784161	-0.653796	-0.48581	-0.292899	-0.108778	0.0367064	0.127975	0.164984	0.169526	0.170192	0.183275	0.22287	
0.267428	0.213013	0.144724	0.0520124	-0.0630316	-0.182962	-0.308933	-0.441913	-0.580883	-0.710533	-0.819225	-0.871569	-0.861773	-0.802096	-0.702616	-0.564197	-0.391768	-0.228146	-0.0885834	0.00852216	0.0621363	0.0918851	0.11377	0.146017	0.19846	
0.343215	0.313017	0.261413	0.18694	0.0878322	-0.0209671	-0.137725	-0.265413	-0.419182	-0.578076	-0.708086	-0.784161	-0.802096	-0.774552	-0.700089	-0.585121	-0.4428	-0.305225	-0.179656	-0.0871505	-0.0340573	0.0101884	0.0481372	0.0921069	0.15746	
0.390285	0.382121	0.353348	0.303163	0.236007	0.148032	0.0490421	-0.072491	-0.230553	-0.399119	-0.548109	-0.653796	-0.702616	-0.700089	-0.649953	-0.562914	-0.456164	-0.345958	-0.244995	-0.165323	-0.106016	-0.0547411	-0.0118268	0.035055	0.102866	
0.406872	0.415593	0.411207	0.395019	0.363444	0.302828	0.229613	0.125895	-0.0222632	-0.193687	-0.358451	-0.48581	-0.564197	-0.585121	-0.562914	-0.511193	-0.440794	-0.359036	-0.286707	-0.226897	-0.167725	-0.117047	-0.0691158	-0.020605	0.0416336	
0.398882	0.418549	0.436811	0.450202	0.447966	0.42456	0.383979	0.308193	0.174973	0.0117092	-0.154324	-0.292899	-0.391768	-0.4428	-0.456164	-0.440794	-0.403237	-0.361533	-0.326663	-0.283282	-0.232302	-0.188312	-0.130524	-0.0720552	-0.0108176	
0.37719	0.403825	0.433693	0.4643	0.490255	0.505774	0.495644	0.440496	0.333518	0.193125	0.0390612	-0.108778	-0.228146	-0.305225	-0.345958	-0.359036	-0.361533	-0.363484	-0.363084	-0.341321	-0.298451	-0.246782	-0.177386	-0.112088	-0.04216	
0.349041	0.373397	0.402397	0.439271	0.482872	0.524156	0.53647	0.504459	0.431623	0.312992	0.176388	0.0367064	-0.0885834	-0.179656	-0.244995	-0.286707	-0.326663	-0.363084	-0.382299	-0.38209	-0.348807	-0.284379	-0.205451	-0.12089	-0.0247724	
0.313081	0.328155	0.34798	0.375738	0.425796	0.480115	0.507361	0.494147	0.446377	0.357853	0.247713	0.127975	0.00852216	-0.0871505	-0.165323	-0.226897	-0.283282	-0.341321	-0.38209	-0.392858	-0.356609	-0.280142	-0.187024	-0.0716179	0.0521103	
0.270199	0.274196	0.277487	0.290212	0.337927	0.394002	0.425073	0.423531	0.394603	0.337953	0.259062	0.164984	0.0621363	-0.0340573	-0.106016	-0.167725	-0.232302	-0.298451	-0.348807	-0.356609	-0.313463	-0.220088	-0.0995559	0.03914	0.189722	
0.223018	0.213872	0.202309	0.204422	0.240734	0.290004	0.31847	0.328209	0.317032	0.285172	0.237879	0.169526	0.0918851	0.0101884	-0.0547411	-0.117047	-0.188312	-0.246782	-0.284379	-0.280142	-0.220088	-0.108225	0.0395958	0.21109	0.394046	
0.182745	0.166836	0.145497	0.140331	0.161579	0.200428	0.226476	0.237713	0.23698	0.228877	0.213356	0.170192	0.11377	0.0481372	-0.0118268	-0.0691158	-0.130524	-0.177386	-0.205451	-0.187024	-0.0995559	0.0395958	0.218755	0.433874	0.65797	
0.154009	0.139377	0.116581	0.110437	0.121118	0.145216	0.168376	0.178854	0.18859	0.199576	0.200955	0.183275	0.146017	0.0921069	0.035055	-0.020605	-0.0720552	-0.112088	-0.12089	-0.0716179	0.03914	0.21109	0.433874	0.686096	0.957202	
0.133403	0.122912	0.109595	0.107125	0.110439	0.122716	0.142696	0.15579	0.173538	0.201558	0.220835	0.22287	0.19846	0.15746	0.102866	0.0416336	-0.0108176	-0.04216	-0.0247724	0.0521103	0.189722	0.394046	0.65797	0.957202	1.28077	
0.109548	0.110519	0.111963	0.1176	0.117813	0.125354	0.141151	0.159124	0.186311	0.231602	0.267342	0.28666	0.280267	0.246707	0.189358	0.125063	0.0787113	0.0564976	0.087937	0.18335	0.348262	0.587524	0.885768	1.23083	1.60645	
0.069393	0.0875073	0.107597	0.126189	0.132517	0.136676	0.153342	0.180794	0.225818	0.28518	0.333911	0.373466	0.383761	0.360184	0.303381	0.233873	0.186467	0.169539	0.218191	0.337022	0.520413	0.782904	1.11087	1.48806	1.9021	
0.0144954	0.0487762	0.0892984	0.120895	0.137001	0.144231	0.165433	0.206818	0.269105	0.343957	0.41715	0.476247	0.49936	0.486137	0.434967	0.364466	0.30888	0.297871	0.35731	0.486355	0.685346	0.959046	1.30582	1.71271	2.15398	
-0.0412054	0.00908098	0.0667685	0.111756	0.138185	0.153376	0.175392	0.232245	0.311719	0.401307	0.489069	0.560144	0.605548	0.600546	0.549942	0.478781	0.423832	0.421462	0.481896	0.614771	0.82429	1.10632	1.46088	1.88136	2.33694	
-0.0814049	-0.0202947	0.0476953	0.101608	0.136559	0.154196	0.182232	0.247996	0.340647	0.436106	0.536887	0.620442	0.672482	0.674487	0.627958	0.557134	0.496697	0.497078	0.561724	0.698255	0.911032	1.19212	1.55165	1.97934	2.4407	
-0.0891704	-0.0267563	0.0430316	0.0980523	0.134774	0.153134	0.183291	0.249554	0.344943	0.441634	0.547714	0.633696	0.684265	0.688083	0.642352	0.573643	0.510839	0.509341	0.574499	0.711541	0.926217	1.20598	1.56622	1.99686	2.45905	
-0.0597495	-0.00440741	0.0585218	0.107928	0.138321	0.155435	0.178813	0.240123	0.326032	0.41926	0.511433	0.586966	0.637987	0.636651	0.586883	0.515247	0.459538	0.459116	0.520904	0.65606	0.866737	1.1494	1.50655	1.92935	2.38798	
-0.00868812	0.0320539	0.0803378	0.117386	0.137765	0.147401	0.169896	0.21803	0.286971	0.367422	0.447913	0.513835	0.545112	0.534707	0.484693	0.4133	0.357137	0.350858	0.41099	0.541272	0.74504	1.02274	1.37381	1.78768	2.23677	
0.0487852	0.0729221	0.101327	0.125009	0.135433	0.140036	0.158638	0.190204	0.243178	0.308844	0.367289	0.414567	0.429036	0.410558	0.355509	0.286295	0.235082	0.218806	0.273068	0.397988	0.588956	0.85645	1.19287	1.58341	2.00943	
0.0961248	0.103555	0.111965	0.122905	0.12417	0.130512	0.145107	0.166675	0.199866	0.251619	0.290741	0.317355	0.319805	0.289277	0.231693	0.164339	0.119711	0.100647	0.138922	0.244231	0.415403	0.666502	0.978057	1.33634	1.7292	
0.12479	0.117535	0.109947	0.110095	0.111137	0.120701	0.139611	0.154899	0.174647	0.20974	0.237117	0.247064	0.22842	0.189731	0.13499	0.0724739	0.0215827	-0.00573941	0.0177316	0.101243	0.252027	0.470886	0.747681	1.06795	1.41319	
0.14573	0.131932	0.11202	0.106694	0.114878	0.13285	0.15457	0.164979	0.179308	0.197513	0.204423	0.194714	0.162928	0.115844	0.0594708	0.00254723	-0.049353	-0.0871929	-0.0835273	-0.0221638	0.0986499	0.283013	0.522864	0.793242	1.08409	
0.169373	0.15408	0.130432	0.124486	0.140384	0.174124	0.198912	0.209829	0.212925	0.213065	0.205956	0.172975	0.125551	0.0636483	0.00494884	-0.0507224	-0.106716	-0.149653	-0.172597	-0.143095	-0.0469843	0.105693	0.302937	0.531426	0.774486	
0.205187	0.192556	0.176307	0.175333	0.204824	0.250627	0.278316	0.289963	0.283503	0.260477	0.228229	0.169804	0.100325	0.0259719	-0.036749	-0.0974512	-0.166588	-0.220419	-0.254723	-0.245281	-0.173221	-0.052859	0.105572	0.295257	0.494023	
0.251658	0.249994	0.247167	0.254958	0.29951	0.353133	0.382576	0.3864	0.365919	0.319734	0.251853	0.168199	0.0753452	-0.0158031	-0.0841031	-0.146805	-0.215205	-0.27888	-0.325126	-0.328972	-0.281522	-0.181419	-0.0482149	0.10101	0.262426	
0.29622	0.307475	0.321085	0.342415	0.392576	0.449589	0.479566	0.471299	0.431044	0.356269	0.259101	0.149382	0.0350182	-0.0633809	-0.140037	-0.202392	-0.26243	-0.325685	-0.374188	-0.38494	-0.345617	-0.262968	-0.159668	-0.0348419	0.0999675	
0.335645	0.357091	0.383536	0.418367	0.465407	0.512821	0.533018	0.509123	0.447848	0.33954	0.212324	0.0799762	-0.0447151	-0.136927	-0.210532	-0.262487	-0.31048	-0.357839	-0.384561	-0.390234	-0.357732	-0.288912	-0.206338	-0.108661	-0.000716344	
0.366872	0.393502	0.424405	0.459072	0.494119	0.5211	0.520503	0.47499	0.381895	0.250199	0.102159	-0.0452438	-0.168869	-0.252512	-0.303238	-0.328267	-0.347589	-0.364217	-0.37291	-0.361246	-0.32255	-0.264626	-0.190978	-0.121074	-0.0424968	
0.391131	0.414637	0.438679	0.460182	0.470033	0.463567	0.435416	0.368336	0.244168	0.0891944	-0.072475	-0.215559	-0.323574	-0.387112	-0.412014	-0.40777	-0.385618	-0.362793	-0.342986	-0.306665	-0.259183	-0.214338	-0.152066	-0.0901765	-0.0265633	
0.406138	0.42026	0.425681	0.422332	0.402631	0.355821	0.295901	0.202736	0.0595827	-0.110431	-0.278609	-0.410298	-0.497272	-0.529569	-0.521802	-0.485766	-0.427167	-0.360095	-0.301664	-0.249074	-0.193371	-0.144937	-0.0939001	-0.0417222	0.0185713	
0.400489	0.398774	0.380172	0.343277	0.290641	0.212471	0.12289	0.00689943	-0.148326	-0.317841	-0.474117	-0.591385	-0.652236	-0.657592	-0.618365	-0.544564	-0.453525	-0.354228	-0.26373	-0.19242	-0.13055	-0.0784639	-0.0349475	0.0126568	0.0784853	
0.366362	0.34517	0.30136	0.236395	0.148644	0.0468901	-0.063699	-0.189308	-0.347285	-0.51242	-0.648858	-0.736149	-0.76694	-0.751395	-0.685808	-0.580255	-0.45185	-0.325345	-0.208558	-0.119898	-0.066115	-0.0181911	0.0235564	0.0692739	0.137421	
0.300763	0.25598	0.192902	0.106156	-0.00285978	-0.119456	-0.243255	-0.374519	-0.519505	-0.661902	-0.781169	-0.842764	-0.84309	-0.796312	-0.70752	-0.579629	-0.417982	-0.263623	-0.129293	-0.0328246	0.0222344	0.0590004	0.0879449	0.125584	0.1833	
0.211706	0.145835	0.071564	-0.0277324	-0.150641	-0.273495	-0.399345	-0.532157	-0.664146	-0.776393	-0.863176	-0.899427	-0.874101	-0.796994	-0.680262	-0.52366	-0.337796	-0.161878	-0.0163633	0.0787608	0.123405	0.138942	0.148436	0.170764	0.216771	
0.0991177	0.0234044	-0.0578616	-0.156021	-0.283252	-0.413528	-0.533079	-0.654272	-0.767399	-0.852931	-0.897223	-0.898644	-0.848876	-0.74714	-0.596613	-0.414633	-0.214311	-0.0213279	0.119599	0.20059	0.223733	0.212762	0.199865	0.196301	0.223475	
