0.0833759	-0.00995701	-0.0989992	-0.15523	-0.157524	-0.110013	-0.0402646	0.0448994	0.121906	0.161918	0.152527	0.106929	0.0446432	-0.0210742	-0.0888832	-0.153902	-0.202014	-0.228846	-0.23695	-0.222289	-0.182476	-0.11806	-0.0361596	0.0541363	0.145362	
-0.00995701	-0.0881493	-0.160871	-0.193807	-0.173244	-0.109782	-0.0241781	0.0771753	0.165177	0.220032	0.225223	0.183371	0.118302	0.0512383	-0.0161757	-0.0775035	-0.120458	-0.139624	-0.136079	-0.118929	-0.0731686	0.00195779	0.0969451	0.212845	0.335631	
-0.0989992	-0.160871	-0.213113	-0.225892	-0.193296	-0.111473	-0.0050116	0.109875	0.213286	0.285282	0.308492	0.279875	0.220636	0.151396	0.0840794	0.022997	-0.0126845	-0.0169699	-0.00566547	0.0183652	0.0731905	0.159718	0.265977	0.39369	0.539152	
-0.15523	-0.193807	-0.225892	-0.229455	-0.182737	-0.0854791	0.0366557	0.163279	0.277706	0.362938	0.404599	0.394988	0.344899	0.277499	0.203308	0.145096	0.116988	0.120975	0.140996	0.171803	0.241003	0.337032	0.448506	0.577063	0.729322	
-0.157524	-0.173244	-0.193296	-0.182737	-0.125416	-0.0206332	0.108411	0.239392	0.357153	0.450971	0.509451	0.521874	0.487862	0.421991	0.348935	0.292263	0.264363	0.265323	0.287691	0.328822	0.407953	0.509907	0.620312	0.741752	0.885496	
-0.110013	-0.109782	-0.111473	-0.0854791	-0.0206332	0.0844957	0.215028	0.342314	0.456934	0.552105	0.620783	0.649344	0.627209	0.570561	0.508275	0.455527	0.418416	0.409076	0.430673	0.478928	0.557936	0.65466	0.756549	0.864666	0.984493	
-0.0402646	-0.0241781	-0.0050116	0.0366557	0.108411	0.215028	0.33952	0.456625	0.561134	0.649407	0.718566	0.750372	0.737838	0.7046	0.664327	0.61958	0.573793	0.554526	0.572281	0.617725	0.681382	0.758232	0.843597	0.927749	1.01363	
0.0448994	0.0771753	0.109875	0.163279	0.239392	0.342314	0.456625	0.562693	0.655022	0.736278	0.792082	0.815094	0.81136	0.800778	0.78427	0.749461	0.70593	0.684777	0.698093	0.731273	0.770688	0.820199	0.877091	0.930049	0.97373	
0.121906	0.165177	0.213286	0.277706	0.357153	0.456934	0.561134	0.655022	0.739777	0.804153	0.84199	0.85348	0.851692	0.854539	0.851785	0.831172	0.801178	0.784869	0.788317	0.802983	0.814105	0.831656	0.850155	0.865594	0.866577	
0.161918	0.220032	0.285282	0.362938	0.450971	0.552105	0.649407	0.736278	0.804153	0.85139	0.873727	0.87429	0.865692	0.865834	0.868135	0.86481	0.854044	0.844925	0.838134	0.833766	0.821062	0.801965	0.779791	0.750129	0.708	
0.152527	0.225223	0.308492	0.404599	0.509451	0.620783	0.718566	0.792082	0.84199	0.873727	0.885772	0.875247	0.852928	0.844547	0.850908	0.86236	0.869434	0.866961	0.855586	0.836449	0.801718	0.749403	0.682905	0.608911	0.521102	
0.106929	0.183371	0.279875	0.394988	0.521874	0.649344	0.750372	0.815094	0.85348	0.87429	0.875247	0.850787	0.818571	0.80742	0.817771	0.836194	0.852119	0.856893	0.843781	0.811941	0.755573	0.673088	0.569083	0.454779	0.32831	
0.0446432	0.118302	0.220636	0.344899	0.487862	0.627209	0.737838	0.81136	0.851692	0.865692	0.852928	0.818571	0.784505	0.774005	0.779317	0.790386	0.803071	0.809916	0.792073	0.745171	0.670851	0.564433	0.437701	0.297695	0.150509	
-0.0210742	0.0512383	0.151396	0.277499	0.421991	0.570561	0.7046	0.800778	0.854539	0.865834	0.844547	0.80742	0.774005	0.753639	0.740366	0.729846	0.729187	0.724964	0.694858	0.631937	0.541288	0.423121	0.284477	0.141427	-0.00228438	
-0.0888832	-0.0161757	0.0840794	0.203308	0.348935	0.508275	0.664327	0.78427	0.851785	0.868135	0.850908	0.817771	0.779317	0.740366	0.701572	0.667477	0.644372	0.619666	0.570245	0.493941	0.393411	0.269027	0.131546	-0.000808648	-0.124967	
-0.153902	-0.0775035	0.022997	0.145096	0.292263	0.455527	0.61958	0.749461	0.831172	0.86481	0.86236	0.836194	0.790386	0.729846	0.667477	0.607922	0.555234	0.501878	0.432002	0.347356	0.245024	0.124266	-0.0015296	-0.116239	-0.21944	
-0.202014	-0.120458	-0.0126845	0.116988	0.264363	0.418416	0.573793	0.70593	0.801178	0.854044	0.869434	0.852119	0.803071	0.729187	0.644372	0.555234	0.466584	0.374665	0.280148	0.187113	0.0874539	-0.016259	-0.120723	-0.214354	-0.299025	
-0.228846	-0.139624	-0.0169699	0.120975	0.265323	0.409076	0.554526	0.684777	0.784869	0.844925	0.866961	0.856893	0.809916	0.724964	0.619666	0.501878	0.374665	0.244085	0.119412	0.0153231	-0.0757981	-0.155778	-0.231274	-0.302964	-0.370486	
-0.23695	-0.136079	-0.00566547	0.140996	0.287691	0.430673	0.572281	0.698093	0.788317	0.838134	0.855586	0.843781	0.792073	0.694858	0.570245	0.432002	0.280148	0.119412	-0.0265003	-0.136496	-0.216775	-0.273594	-0.32161	-0.373653	-0.422158	
-0.222289	-0.118929	0.0183652	0.171803	0.328822	0.478928	0.617725	0.731273	0.802983	0.833766	0.836449	0.811941	0.745171	0.631937	0.493941	0.347356	0.187113	0.0153231	-0.136496	-0.247193	-0.323521	-0.37065	-0.403039	-0.431657	-0.454827	
-0.182476	-0.0731686	0.0731905	0.241003	0.407953	0.557936	0.681382	0.770688	0.814105	0.821062	0.801718	0.755573	0.670851	0.541288	0.393411	0.245024	0.0874539	-0.0757981	-0.216775	-0.323521	-0.402329	-0.454487	-0.475964	-0.47811	-0.467084	
-0.11806	0.00195779	0.159718	0.337032	0.509907	0.65466	0.758232	0.820199	0.831656	0.801965	0.749403	0.673088	0.564433	0.423121	0.269027	0.124266	-0.016259	-0.155778	-0.273594	-0.37065	-0.454487	-0.51428	-0.528948	-0.508691	-0.46599	
-0.0361596	0.0969451	0.265977	0.448506	0.620312	0.756549	0.843597	0.877091	0.850155	0.779791	0.682905	0.569083	0.437701	0.284477	0.131546	-0.0015296	-0.120723	-0.231274	-0.32161	-0.403039	-0.475964	-0.528948	-0.537142	-0.503298	-0.448602	
0.0541363	0.212845	0.39369	0.577063	0.741752	0.864666	0.927749	0.930049	0.865594	0.750129	0.608911	0.454779	0.297695	0.141427	-0.000808648	-0.116239	-0.214354	-0.302964	-0.373653	-0.431657	-0.47811	-0.508691	-0.503298	-0.471656	-0.420325	
0.145362	0.335631	0.539152	0.729322	0.885496	0.984493	1.01363	0.97373	0.866577	0.708	0.521102	0.32831	0.150509	-0.00228438	-0.124967	-0.21944	-0.299025	-0.370486	-0.422158	-0.454827	-0.467084	-0.46599	-0.448602	-0.420325	-0.384178	
0.224341	0.447016	0.678299	0.884869	1.03608	1.10907	1.09561	1.00423	0.84637	0.643818	0.417349	0.195462	0.00740843	-0.137823	-0.243249	-0.32027	-0.38131	-0.428044	-0.453111	-0.457096	-0.437399	-0.408334	-0.378091	-0.353	-0.332883	
0.297446	0.547084	0.800377	1.01847	1.16653	1.22001	1.16872	1.02843	0.825531	0.581231	0.325841	0.0867019	-0.110136	-0.252761	-0.353011	-0.422203	-0.461651	-0.472973	-0.465203	-0.440021	-0.400476	-0.355081	-0.315597	-0.292301	-0.280638	
0.365566	0.637868	0.908401	1.13601	1.27903	1.31051	1.22634	1.0434	0.798992	0.528672	0.253914	0.00514938	-0.195215	-0.341546	-0.443525	-0.508084	-0.52905	-0.508191	-0.467495	-0.422695	-0.370089	-0.315747	-0.275181	-0.248033	-0.238671	
0.415606	0.713807	1.00048	1.23094	1.36139	1.37175	1.25843	1.04719	0.784275	0.496453	0.209333	-0.0521178	-0.265246	-0.416104	-0.516513	-0.573243	-0.575249	-0.527082	-0.464604	-0.401434	-0.341699	-0.28565	-0.248008	-0.226541	-0.213537	
0.436797	0.754167	1.05511	1.28884	1.4098	1.4006	1.26892	1.04367	0.772455	0.480103	0.182472	-0.092064	-0.315778	-0.469495	-0.563765	-0.609158	-0.597215	-0.533242	-0.456073	-0.382063	-0.31487	-0.257925	-0.227499	-0.211778	-0.200141	
0.439438	0.760138	1.0639	1.29909	1.41769	1.40466	1.26936	1.04183	0.76931	0.476749	0.177063	-0.100269	-0.325765	-0.479481	-0.571897	-0.614566	-0.599777	-0.533856	-0.453714	-0.378028	-0.309193	-0.251579	-0.223233	-0.20862	-0.197617	
0.427463	0.734959	1.02807	1.25954	1.38537	1.3867	1.26456	1.04608	0.779972	0.488925	0.197179	-0.0702895	-0.289056	-0.441343	-0.539287	-0.591399	-0.586918	-0.530889	-0.462052	-0.393024	-0.330143	-0.273629	-0.238819	-0.220396	-0.20719	
0.388357	0.670953	0.947729	1.17726	1.31648	1.33883	1.2424	1.0463	0.790936	0.513083	0.232456	-0.0205022	-0.22465	-0.372791	-0.474573	-0.536617	-0.549954	-0.517689	-0.466957	-0.415	-0.358781	-0.3032	-0.263388	-0.237274	-0.226877	
0.326101	0.584838	0.845075	1.06728	1.2135	1.25894	1.19464	1.03582	0.815795	0.558447	0.294503	0.0512848	-0.147348	-0.291025	-0.392143	-0.459863	-0.491058	-0.488512	-0.466708	-0.432369	-0.387415	-0.337209	-0.296777	-0.271944	-0.261678	
0.253248	0.488003	0.729071	0.940942	1.09157	1.15528	1.1261	1.01454	0.837318	0.617475	0.377944	0.148295	-0.0430286	-0.186507	-0.288437	-0.361559	-0.414157	-0.447031	-0.459628	-0.451569	-0.42266	-0.386064	-0.351118	-0.32706	-0.311199	
0.178813	0.382356	0.597012	0.793514	0.946706	1.0347	1.04685	0.987053	0.86018	0.684299	0.480389	0.274456	0.0915193	-0.0583802	-0.173116	-0.259974	-0.332085	-0.395272	-0.437165	-0.458722	-0.457401	-0.443863	-0.421438	-0.394316	-0.364937	
0.0911363	0.261843	0.450859	0.635664	0.797088	0.911113	0.962194	0.948706	0.868841	0.735646	0.576341	0.405731	0.239193	0.0835737	-0.0513924	-0.15813	-0.248951	-0.330592	-0.394627	-0.442306	-0.475558	-0.493609	-0.483394	-0.453506	-0.407191	
-0.000955553	0.141194	0.31377	0.49677	0.666387	0.79856	0.87711	0.899676	0.85667	0.768965	0.653875	0.524065	0.382919	0.227051	0.0778001	-0.0488008	-0.159181	-0.260106	-0.341928	-0.414563	-0.478088	-0.523932	-0.526889	-0.493178	-0.438437	
-0.0863212	0.0376889	0.200865	0.380365	0.552974	0.695148	0.792372	0.842798	0.840022	0.793477	0.724306	0.633443	0.515659	0.369181	0.213985	0.0733425	-0.0590455	-0.186735	-0.29319	-0.384777	-0.466579	-0.525367	-0.53828	-0.510772	-0.460866	
-0.159864	-0.0463108	0.104674	0.277311	0.447489	0.595389	0.710426	0.789099	0.819628	0.813348	0.782279	0.725334	0.632078	0.497478	0.346662	0.198999	0.0465877	-0.108425	-0.241636	-0.345249	-0.426977	-0.483422	-0.501281	-0.493955	-0.468446	
-0.209333	-0.10472	0.0359885	0.19515	0.355895	0.507754	0.641309	0.746468	0.807899	0.830161	0.825083	0.792775	0.718979	0.598522	0.456162	0.308169	0.147804	-0.0228953	-0.171553	-0.281218	-0.357806	-0.4057	-0.433526	-0.451214	-0.461607	
-0.234247	-0.132154	0.00158413	0.150025	0.300702	0.446235	0.587758	0.709362	0.79348	0.836069	0.848927	0.833569	0.776524	0.673673	0.542728	0.400751	0.243321	0.0758334	-0.0744356	-0.185476	-0.263059	-0.314493	-0.355073	-0.398158	-0.437475	
-0.234121	-0.138929	-0.0133987	0.128651	0.272256	0.414589	0.557763	0.687189	0.784235	0.842051	0.863356	0.853999	0.806205	0.716415	0.603347	0.475513	0.3369	0.191844	0.0572526	-0.0497042	-0.136399	-0.206141	-0.26963	-0.333404	-0.393561	
-0.215246	-0.131604	-0.0167658	0.115374	0.261393	0.410516	0.561776	0.693241	0.792438	0.850047	0.869521	0.856199	0.807556	0.729453	0.636062	0.535377	0.430338	0.322451	0.215842	0.117966	0.0215279	-0.0733839	-0.166885	-0.251148	-0.329358	
-0.176106	-0.0975018	0.00405441	0.129481	0.277741	0.437761	0.600046	0.731443	0.818575	0.860731	0.865749	0.843248	0.795114	0.728668	0.657095	0.586152	0.520259	0.452008	0.373159	0.28556	0.183692	0.0685146	-0.0497284	-0.156567	-0.252091	
-0.115956	-0.041853	0.0580365	0.177316	0.323482	0.486088	0.647479	0.772759	0.845957	0.868081	0.855796	0.825105	0.783422	0.734993	0.686585	0.642278	0.608621	0.573646	0.516209	0.436465	0.334207	0.210169	0.0759697	-0.0497588	-0.165522	
-0.0478501	0.0242992	0.124529	0.247173	0.392482	0.544951	0.689077	0.795545	0.854373	0.866839	0.845297	0.809676	0.77495	0.748438	0.725079	0.70531	0.696196	0.68501	0.647251	0.578093	0.482816	0.360723	0.221697	0.0815012	-0.055466	
0.0183408	0.0919189	0.193263	0.319868	0.464156	0.606857	0.726158	0.807659	0.852797	0.865017	0.848111	0.810952	0.777498	0.764516	0.763629	0.766743	0.775525	0.77894	0.757784	0.704726	0.62299	0.51158	0.377889	0.234598	0.0860033	
0.0829321	0.15822	0.258589	0.378109	0.5128	0.646123	0.749127	0.815249	0.852713	0.870382	0.865643	0.836491	0.802698	0.792353	0.802999	0.820379	0.836134	0.843543	0.828627	0.791573	0.727882	0.633828	0.519864	0.392074	0.254627	
0.137942	0.213266	0.302079	0.407112	0.520807	0.638247	0.737218	0.805716	0.849356	0.876606	0.884678	0.86824	0.841015	0.830692	0.838616	0.854335	0.866306	0.86622	0.854885	0.830125	0.786666	0.722133	0.63868	0.548272	0.443031	
