-0.639339	-0.768933	-0.87615	-0.951187	-0.992284	-0.999465	-0.971922	-0.909656	-0.816258	-0.692025	-0.565008	-0.466365	-0.393559	-0.328879	-0.273016	-0.237788	-0.231946	-0.256463	-0.308183	-0.382844	-0.462727	-0.524063	-0.576871	-0.625201	-0.643722	
-0.670872	-0.817654	-0.949499	-1.04852	-1.10468	-1.11447	-1.07563	-0.994638	-0.872942	-0.730352	-0.584151	-0.468805	-0.384965	-0.312218	-0.252734	-0.208663	-0.184892	-0.195978	-0.232855	-0.288383	-0.347356	-0.397548	-0.432641	-0.460365	-0.464838	
-0.663312	-0.825829	-0.975053	-1.08737	-1.14477	-1.15397	-1.11675	-1.02643	-0.887675	-0.729454	-0.566611	-0.429863	-0.32999	-0.253831	-0.186663	-0.131563	-0.098374	-0.0925177	-0.113735	-0.152406	-0.199454	-0.245743	-0.277033	-0.293872	-0.28633	
-0.614379	-0.781824	-0.93782	-1.05004	-1.11162	-1.12206	-1.08102	-0.98916	-0.847092	-0.681832	-0.513229	-0.35699	-0.231562	-0.140665	-0.069527	-0.00650719	0.0321376	0.0492732	0.0376084	0.00298286	-0.039516	-0.08324	-0.119066	-0.140189	-0.135053	
-0.528441	-0.698722	-0.852977	-0.95735	-1.01174	-1.02144	-0.984094	-0.901791	-0.76436	-0.597199	-0.424997	-0.253001	-0.099121	0.0110395	0.0883638	0.153764	0.195257	0.212943	0.204185	0.166568	0.110985	0.0545559	0.0106544	-0.019917	-0.0302835	
-0.418916	-0.586131	-0.728204	-0.825792	-0.872342	-0.879345	-0.850201	-0.773319	-0.647032	-0.487799	-0.313467	-0.130777	0.0400684	0.171536	0.264983	0.328531	0.364617	0.375036	0.357072	0.312939	0.242888	0.168051	0.109092	0.0632771	0.0318162	
-0.298117	-0.45528	-0.582177	-0.674832	-0.722802	-0.728882	-0.699661	-0.623926	-0.509985	-0.364214	-0.192378	-0.0073742	0.166878	0.318591	0.427999	0.489833	0.512832	0.508137	0.477358	0.420666	0.341869	0.257127	0.178085	0.115201	0.0676511	
-0.172529	-0.32489	-0.441675	-0.525979	-0.571654	-0.578107	-0.54921	-0.47909	-0.376082	-0.236652	-0.0697211	0.109157	0.279646	0.431398	0.548027	0.610427	0.623904	0.601114	0.553125	0.484272	0.401483	0.314228	0.220935	0.142858	0.0900939	
-0.0575032	-0.194827	-0.29806	-0.371499	-0.418307	-0.426886	-0.394013	-0.330267	-0.240254	-0.115988	0.0362452	0.198768	0.355935	0.500266	0.616783	0.683002	0.690678	0.655759	0.598018	0.521085	0.437957	0.351304	0.252737	0.165653	0.106877	
0.0439829	-0.0704736	-0.160186	-0.220599	-0.260219	-0.266897	-0.239437	-0.186512	-0.111101	-0.00388105	0.12175	0.255511	0.394029	0.529851	0.6404	0.707449	0.718766	0.68481	0.61851	0.538506	0.454146	0.367497	0.274922	0.189978	0.132144	
0.125679	0.0415318	-0.0268884	-0.0712018	-0.0954727	-0.100529	-0.0830929	-0.0474999	0.0118244	0.0902451	0.18353	0.286726	0.400772	0.524789	0.628561	0.695872	0.715872	0.690665	0.62722	0.549271	0.470468	0.385359	0.296597	0.219161	0.164152	
0.204226	0.154805	0.110734	0.0803874	0.0712222	0.0716658	0.0746611	0.0959639	0.1366	0.183241	0.240418	0.313523	0.405637	0.512469	0.610944	0.678662	0.700145	0.681392	0.628055	0.564917	0.494072	0.414011	0.331917	0.261485	0.209366	
0.2922	0.269502	0.247668	0.235514	0.241556	0.243709	0.23663	0.240332	0.261126	0.282608	0.309704	0.355509	0.424363	0.506554	0.58867	0.652767	0.680272	0.667666	0.625571	0.573351	0.515728	0.449128	0.380137	0.321096	0.277951	
0.397897	0.395652	0.398151	0.407969	0.421562	0.423818	0.413842	0.40153	0.395219	0.396925	0.401905	0.415551	0.448267	0.497476	0.556755	0.617363	0.64698	0.63908	0.605484	0.567014	0.531446	0.48867	0.440018	0.396001	0.360964	
0.521778	0.549075	0.571508	0.599209	0.627001	0.631099	0.611688	0.582157	0.558031	0.532724	0.506582	0.484138	0.474847	0.482237	0.516273	0.568655	0.596483	0.596194	0.579856	0.554023	0.537366	0.523058	0.501305	0.473877	0.447055	
0.660157	0.714092	0.765492	0.81567	0.852046	0.857723	0.833695	0.785562	0.735111	0.681233	0.628902	0.564894	0.503229	0.470728	0.48014	0.515518	0.540612	0.550786	0.552375	0.542441	0.543401	0.550847	0.553586	0.543842	0.525905	
0.80594	0.895515	0.975337	1.04202	1.08801	1.09759	1.0638	1.00358	0.928731	0.842457	0.750907	0.643784	0.540402	0.475928	0.454927	0.467545	0.486384	0.504854	0.522214	0.540828	0.561047	0.581443	0.600039	0.606122	0.599572	
0.944041	1.0655	1.16842	1.24619	1.29681	1.30643	1.26999	1.20255	1.10946	0.993798	0.868495	0.731138	0.596211	0.499717	0.450462	0.436486	0.44025	0.459535	0.493704	0.536922	0.575728	0.614073	0.645159	0.659372	0.66697	
1.07031	1.20175	1.30933	1.39173	1.44322	1.45216	1.4169	1.3449	1.24813	1.12493	0.987595	0.841656	0.694807	0.570524	0.483478	0.437253	0.416375	0.431159	0.47358	0.525187	0.577947	0.630048	0.669813	0.691308	0.706886	
1.18131	1.29985	1.39371	1.46928	1.52018	1.53004	1.4938	1.42556	1.34054	1.23166	1.10187	0.965067	0.819302	0.671961	0.554106	0.477921	0.432483	0.427781	0.456747	0.505385	0.562294	0.61445	0.65676	0.683697	0.703131	
1.26751	1.36044	1.43183	1.49054	1.53829	1.54795	1.51223	1.45635	1.39101	1.30829	1.19895	1.08069	0.942242	0.785818	0.655771	0.553386	0.480315	0.443838	0.448073	0.47764	0.518918	0.566127	0.604833	0.633569	0.653085	
1.3174	1.38221	1.42851	1.47106	1.51113	1.5215	1.48795	1.44651	1.40116	1.34692	1.26566	1.17286	1.05454	0.909454	0.776757	0.661152	0.563253	0.491684	0.462902	0.46656	0.480693	0.509784	0.53273	0.549962	0.562913	
1.33164	1.37584	1.39799	1.41597	1.43529	1.44129	1.42331	1.40514	1.38672	1.35199	1.29881	1.23756	1.15083	1.04406	0.927055	0.807175	0.68715	0.582061	0.522012	0.493421	0.478034	0.470749	0.460143	0.450671	0.447512	
1.31559	1.33602	1.3379	1.32559	1.32231	1.32483	1.32235	1.33293	1.33946	1.32468	1.30221	1.27645	1.22982	1.16323	1.07172	0.95948	0.831326	0.714109	0.626083	0.562665	0.502586	0.445908	0.397332	0.358369	0.335281	
1.27581	1.26576	1.24982	1.22093	1.20215	1.19937	1.2106	1.23884	1.26116	1.27184	1.2818	1.29215	1.28689	1.25198	1.1869	1.0921	0.977197	0.860737	0.751366	0.648848	0.538362	0.44094	0.356087	0.287994	0.240973	
1.23063	1.18439	1.14638	1.11068	1.08162	1.07544	1.09781	1.13193	1.1679	1.21175	1.25859	1.30073	1.329	1.32678	1.29203	1.2195	1.11738	0.996031	0.861814	0.719085	0.575219	0.445959	0.331856	0.237694	0.156558	
1.18439	1.11011	1.04857	1.00725	0.98096	0.976489	0.994885	1.03011	1.08319	1.15393	1.23272	1.31064	1.36442	1.38339	1.37268	1.32937	1.24484	1.12452	0.96702	0.785433	0.613567	0.454451	0.31685	0.201145	0.0865528	
1.14638	1.04857	0.970316	0.920038	0.89077	0.88546	0.906256	0.947675	1.01339	1.10623	1.20868	1.30612	1.37786	1.41946	1.43434	1.41408	1.34903	1.2317	1.05794	0.848484	0.646678	0.464663	0.305477	0.16527	0.0284123	
1.11068	1.00725	0.920038	0.853701	0.811729	0.803416	0.833293	0.891404	0.969479	1.06823	1.17687	1.28479	1.38267	1.45413	1.48652	1.48399	1.43051	1.31265	1.12835	0.906631	0.683164	0.482039	0.302084	0.141473	-0.0106853	
1.08162	0.98096	0.89077	0.811729	0.762674	0.753712	0.787562	0.85648	0.94461	1.03851	1.15314	1.27418	1.3925	1.48686	1.53221	1.53475	1.48148	1.36409	1.17707	0.946532	0.714868	0.500841	0.31119	0.138752	-0.0288575	
1.07544	0.976489	0.88546	0.803416	0.753712	0.745146	0.778509	0.849418	0.940845	1.03265	1.14913	1.27433	1.39733	1.49538	1.54226	1.54504	1.49012	1.37358	1.18743	0.953326	0.719599	0.503602	0.313902	0.139861	-0.0311986	
1.09781	0.994885	0.906256	0.833293	0.787562	0.778509	0.81081	0.874875	0.957688	1.05448	1.16551	1.27765	1.38581	1.46756	1.50689	1.5079	1.45565	1.33725	1.15108	0.926206	0.698306	0.490317	0.305316	0.137925	-0.0200262	
1.13193	1.03011	0.947675	0.891404	0.85648	0.849418	0.874875	0.922931	0.993257	1.09058	1.19634	1.29798	1.37961	1.43403	1.45633	1.44313	1.38418	1.26686	1.08841	0.872476	0.660686	0.471246	0.302001	0.153349	0.010139	
1.1679	1.08319	1.01339	0.969479	0.94461	0.940845	0.957688	0.993257	1.05214	1.13326	1.22336	1.31185	1.37218	1.39892	1.39807	1.36624	1.28977	1.17055	1.00563	0.810974	0.626915	0.457481	0.311824	0.187022	0.0613419	
1.21175	1.15393	1.10623	1.06823	1.03851	1.03265	1.05448	1.09058	1.13326	1.188	1.24823	1.30535	1.345	1.35253	1.32822	1.26676	1.17048	1.04907	0.904652	0.745333	0.590187	0.449594	0.325818	0.222137	0.127206	
1.25859	1.23272	1.20868	1.17687	1.15314	1.14913	1.16551	1.19634	1.22336	1.24823	1.27331	1.295	1.30406	1.28265	1.2297	1.14333	1.0346	0.916271	0.796947	0.679365	0.55361	0.442252	0.344353	0.265311	0.205707	
1.30073	1.31064	1.30612	1.28479	1.27418	1.27433	1.27765	1.29798	1.31185	1.30535	1.295	1.2853	1.25569	1.20223	1.12087	1.01419	0.889832	0.772812	0.676409	0.59716	0.515361	0.441929	0.377785	0.328016	0.29613	
1.329	1.36442	1.37786	1.38267	1.3925	1.39733	1.38581	1.37961	1.37218	1.345	1.30406	1.25569	1.18449	1.09531	0.988616	0.870074	0.743493	0.630617	0.558803	0.516781	0.48586	0.458863	0.433626	0.411676	0.400769	
1.32678	1.38339	1.41946	1.45413	1.48686	1.49538	1.46756	1.43403	1.39892	1.35253	1.28265	1.20223	1.09531	0.963421	0.833696	0.715866	0.608912	0.522513	0.481273	0.4721	0.475259	0.491807	0.50318	0.510699	0.518828	
1.29203	1.37268	1.43434	1.48652	1.53221	1.54226	1.50689	1.45633	1.39807	1.32822	1.2297	1.12087	0.988616	0.833696	0.701563	0.591148	0.508023	0.458521	0.449503	0.46912	0.499688	0.541701	0.576769	0.603597	0.620642	
1.2195	1.32937	1.41408	1.48399	1.53475	1.54504	1.5079	1.44313	1.36624	1.26676	1.14333	1.01419	0.870074	0.715866	0.591148	0.505045	0.448341	0.431918	0.452307	0.494696	0.547747	0.599177	0.640363	0.669299	0.688909	
1.11738	1.24484	1.34903	1.43051	1.48148	1.49012	1.45565	1.38418	1.28977	1.17048	1.0346	0.889832	0.743493	0.608912	0.508023	0.448341	0.417757	0.427115	0.466138	0.518467	0.574776	0.627799	0.669462	0.692859	0.710454	
0.996031	1.12452	1.2317	1.31265	1.36409	1.37358	1.33725	1.26686	1.17055	1.04907	0.916271	0.772812	0.630617	0.522513	0.458521	0.431918	0.427115	0.44573	0.48527	0.533203	0.577718	0.623115	0.658448	0.676169	0.688336	
0.861814	0.96702	1.05794	1.12835	1.17707	1.18743	1.15108	1.08841	1.00563	0.904652	0.796947	0.676409	0.558803	0.481273	0.449503	0.452307	0.466138	0.48527	0.509877	0.54064	0.569095	0.595479	0.619371	0.628192	0.627569	
0.719085	0.785433	0.848484	0.906631	0.946532	0.953326	0.926206	0.872476	0.810974	0.745333	0.679365	0.59716	0.516781	0.4721	0.46912	0.494696	0.518467	0.533203	0.54064	0.540195	0.54887	0.561843	0.572399	0.570052	0.55559	
0.575219	0.613567	0.646678	0.683164	0.714868	0.719599	0.698306	0.660686	0.626915	0.590187	0.55361	0.515361	0.48586	0.475259	0.499688	0.547747	0.574776	0.577718	0.569095	0.54887	0.539074	0.53439	0.52348	0.50302	0.479511	
0.445959	0.454451	0.464663	0.482039	0.500841	0.503602	0.490317	0.471246	0.457481	0.449594	0.442252	0.441929	0.458863	0.491807	0.541701	0.599177	0.627799	0.623115	0.595479	0.561843	0.53439	0.50365	0.465007	0.427544	0.396065	
0.331856	0.31685	0.305477	0.302084	0.31119	0.313902	0.305316	0.302001	0.311824	0.325818	0.344353	0.377785	0.433626	0.50318	0.576769	0.640363	0.669462	0.658448	0.619371	0.572399	0.52348	0.465007	0.403017	0.349437	0.309435	
0.237694	0.201145	0.16527	0.141473	0.138752	0.139861	0.137925	0.153349	0.187022	0.222137	0.265311	0.328016	0.411676	0.510699	0.603597	0.669299	0.692859	0.676169	0.628192	0.570052	0.50302	0.427544	0.349437	0.283432	0.23445	
0.156558	0.0865528	0.0284123	-0.0106853	-0.0288575	-0.0311986	-0.0200262	0.010139	0.0613419	0.127206	0.205707	0.29613	0.400769	0.518828	0.620642	0.688909	0.710454	0.688336	0.627569	0.55559	0.479511	0.396065	0.309435	0.23445	0.179208	
