-0.298556	-0.375067	-0.411635	-0.422329	-0.426893	-0.427566	-0.42412	-0.417538	-0.394561	-0.333744	-0.236006	-0.121501	-0.00648404	0.0911315	0.162844	0.210565	0.241337	0.254052	0.250055	0.233997	0.22697	0.225282	0.225638	0.244985	0.279815	
-0.327442	-0.446825	-0.525964	-0.567984	-0.581183	-0.583231	-0.575817	-0.546555	-0.483287	-0.37959	-0.239738	-0.0841094	0.0686157	0.199358	0.295215	0.356788	0.385993	0.383737	0.361033	0.328861	0.305295	0.286556	0.275365	0.281195	0.29568	
-0.326078	-0.488641	-0.598306	-0.660555	-0.688883	-0.692397	-0.675649	-0.627559	-0.539297	-0.396556	-0.211968	-0.0216492	0.160254	0.322495	0.445879	0.511351	0.529123	0.508357	0.461595	0.401345	0.347552	0.306353	0.274788	0.265526	0.258159	
-0.275106	-0.462964	-0.60604	-0.693924	-0.731436	-0.737856	-0.713386	-0.648013	-0.526667	-0.354627	-0.148349	0.0652736	0.271216	0.453015	0.579148	0.642477	0.646465	0.609598	0.538156	0.445866	0.354852	0.275582	0.216638	0.187237	0.171067	
-0.168723	-0.371334	-0.537887	-0.653712	-0.714901	-0.726742	-0.684927	-0.590743	-0.443431	-0.253128	-0.038315	0.1803	0.386776	0.564797	0.687442	0.741585	0.727372	0.669152	0.573297	0.453044	0.325784	0.211855	0.126665	0.0791051	0.0577391	
-0.0283494	-0.23805	-0.416836	-0.549032	-0.62592	-0.639537	-0.586494	-0.475914	-0.31446	-0.113949	0.10174	0.314207	0.50853	0.666797	0.765152	0.797488	0.762702	0.68141	0.559505	0.414555	0.261405	0.123676	0.0247306	-0.0346247	-0.062466	
0.126255	-0.0760361	-0.250926	-0.384408	-0.46007	-0.473403	-0.421785	-0.310492	-0.150103	0.0437904	0.251887	0.455132	0.628943	0.754897	0.815392	0.811834	0.752256	0.648171	0.503058	0.336704	0.168415	0.0141738	-0.0977107	-0.159598	-0.18519	
0.294253	0.11349	-0.0447622	-0.168974	-0.239405	-0.252304	-0.203402	-0.0998409	0.0470928	0.220122	0.407734	0.589182	0.732111	0.81654	0.837798	0.805596	0.719337	0.596578	0.434267	0.247457	0.0612891	-0.107333	-0.228896	-0.290193	-0.300359	
0.469894	0.311773	0.172272	0.0677547	0.00588647	-0.0054911	0.0376404	0.126402	0.252129	0.405746	0.565002	0.711063	0.821411	0.868419	0.858777	0.802798	0.698874	0.558526	0.383647	0.17795	-0.0245859	-0.201203	-0.333958	-0.399533	-0.403358	
0.639916	0.512292	0.398862	0.316269	0.269437	0.260583	0.293532	0.36173	0.463737	0.588597	0.715587	0.828967	0.911585	0.93442	0.899152	0.824904	0.707139	0.550427	0.36316	0.150488	-0.0634949	-0.254007	-0.399083	-0.475207	-0.486152	
0.808081	0.716173	0.632941	0.568853	0.537582	0.532233	0.552933	0.60388	0.682043	0.770442	0.865	0.947833	1.00348	1.01407	0.969593	0.883344	0.752545	0.579329	0.372145	0.153621	-0.0648294	-0.267123	-0.425885	-0.515586	-0.53535	
0.96305	0.897318	0.837542	0.790305	0.770671	0.768774	0.779639	0.815651	0.872912	0.936121	1.00517	1.06278	1.0962	1.1025	1.06167	0.971381	0.834664	0.653936	0.434397	0.204516	-0.0193867	-0.227201	-0.401989	-0.509491	-0.537211	
1.07667	1.02482	0.974457	0.935874	0.916382	0.914555	0.925047	0.957232	1.00409	1.05598	1.10753	1.15592	1.18754	1.19193	1.16207	1.08664	0.957862	0.775681	0.555647	0.323564	0.0949551	-0.117282	-0.301236	-0.427609	-0.472152	
1.13285	1.078	1.02604	0.990254	0.969941	0.9644	0.980876	1.00922	1.056	1.11132	1.16544	1.2214	1.26174	1.27388	1.25756	1.20558	1.09541	0.927639	0.719171	0.49305	0.263504	0.0470987	-0.135357	-0.268585	-0.331182	
1.13268	1.06041	1.00431	0.966773	0.937894	0.932601	0.953896	0.98787	1.03471	1.10305	1.17832	1.2523	1.31149	1.34379	1.34572	1.3087	1.22641	1.08314	0.892279	0.684232	0.466862	0.252181	0.069164	-0.0686091	-0.139035	
1.08209	0.989933	0.916094	0.858844	0.825329	0.820522	0.842045	0.890548	0.958483	1.04287	1.14661	1.25377	1.33952	1.39543	1.421	1.40085	1.34227	1.23007	1.07072	0.882446	0.679754	0.477916	0.293933	0.152967	0.0779914	
1.00163	0.874295	0.767784	0.683181	0.638841	0.631968	0.66111	0.729763	0.830061	0.947441	1.088	1.23238	1.34904	1.42883	1.47294	1.47536	1.43699	1.35476	1.23278	1.07165	0.885985	0.700927	0.526093	0.383768	0.300072	
0.903778	0.730968	0.581807	0.466631	0.399926	0.387908	0.434764	0.529775	0.667925	0.832891	1.0128	1.18468	1.33349	1.44262	1.50332	1.52205	1.5017	1.44531	1.35449	1.23003	1.07501	0.913025	0.751345	0.611993	0.52053	
0.783943	0.5708	0.373263	0.221057	0.135111	0.120086	0.178419	0.305699	0.488055	0.698634	0.910365	1.11058	1.28984	1.42907	1.50924	1.54208	1.53997	1.50675	1.443	1.35041	1.22939	1.09206	0.947751	0.811889	0.715321	
0.627354	0.379584	0.147781	-0.0305391	-0.130147	-0.146716	-0.080989	0.0689286	0.282358	0.528188	0.772851	1.00214	1.20366	1.36523	1.47402	1.52841	1.54649	1.53204	1.48927	1.41882	1.32308	1.21612	1.09413	0.967523	0.866731	
0.419481	0.148151	-0.105522	-0.300439	-0.405932	-0.423212	-0.353641	-0.193488	0.0425549	0.3109	0.57986	0.835811	1.06638	1.26187	1.40114	1.4811	1.52058	1.52484	1.49611	1.44469	1.37069	1.28131	1.18086	1.07275	0.973661	
0.163903	-0.123717	-0.382875	-0.583673	-0.695376	-0.713064	-0.639817	-0.47292	-0.23157	0.0476473	0.337849	0.619643	0.877401	1.10256	1.27473	1.38431	1.45219	1.47556	1.46111	1.42883	1.37619	1.30224	1.22026	1.12979	1.0372	
-0.125846	-0.421179	-0.680017	-0.876334	-0.985075	-1.00417	-0.930482	-0.768074	-0.530035	-0.247056	0.0592219	0.363627	0.645219	0.887766	1.08515	1.22966	1.32569	1.37475	1.3882	1.37633	1.34421	1.29586	1.22599	1.13903	1.0491	
-0.438981	-0.734905	-0.981368	-1.16297	-1.27437	-1.29577	-1.21666	-1.0617	-0.841096	-0.56163	-0.249617	0.0671536	0.36834	0.632671	0.854023	1.03213	1.15276	1.22617	1.27181	1.29092	1.28684	1.2597	1.2025	1.11867	1.01627	
-0.769652	-1.05079	-1.27703	-1.44362	-1.5479	-1.5663	-1.49389	-1.35084	-1.14852	-0.887723	-0.58094	-0.253262	0.0647162	0.348979	0.596624	0.801572	0.946542	1.05054	1.12462	1.17607	1.20482	1.20128	1.15599	1.07463	0.955533	
-1.08532	-1.35255	-1.55948	-1.71172	-1.80268	-1.81767	-1.7566	-1.62646	-1.4423	-1.19959	-0.899812	-0.569982	-0.248321	0.0508368	0.322015	0.551228	0.726137	0.859474	0.96439	1.05251	1.11799	1.13919	1.10666	1.0143	0.873723	
-1.35255	-1.61008	-1.80856	-1.95616	-2.04591	-2.06194	-2.0001	-1.87321	-1.69629	-1.46246	-1.17441	-0.861215	-0.545899	-0.240272	0.04411	0.291352	0.499715	0.668764	0.819313	0.948763	1.03778	1.07824	1.05525	0.956445	0.792989	
-1.55948	-1.80856	-2.01277	-2.16575	-2.25692	-2.272	-2.21104	-2.08044	-1.89573	-1.66432	-1.39279	-1.10057	-0.800966	-0.500144	-0.21295	0.0490286	0.28688	0.499744	0.696908	0.862695	0.977259	1.02544	1.00453	0.902982	0.720383	
-1.71172	-1.95616	-2.16575	-2.32022	-2.40703	-2.42003	-2.36419	-2.23526	-2.04523	-1.81297	-1.55348	-1.27581	-0.991298	-0.701383	-0.412192	-0.136441	0.121736	0.369639	0.601412	0.794705	0.933059	0.990501	0.967386	0.859835	0.663494	
-1.80268	-2.04591	-2.25692	-2.40703	-2.49293	-2.50768	-2.45012	-2.3243	-2.13609	-1.9021	-1.6512	-1.38647	-1.10107	-0.811364	-0.521006	-0.238414	0.0290268	0.294928	0.548452	0.75886	0.902424	0.966996	0.948528	0.840333	0.638147	
-1.81767	-2.06194	-2.272	-2.42003	-2.50768	-2.524	-2.46311	-2.33842	-2.15232	-1.91684	-1.66796	-1.40748	-1.12157	-0.828716	-0.538848	-0.255421	0.0135502	0.281547	0.539225	0.753759	0.897836	0.960908	0.945441	0.83924	0.634492	
-1.7566	-2.0001	-2.21104	-2.36419	-2.45012	-2.46311	-2.40765	-2.28018	-2.08979	-1.85681	-1.6013	-1.32894	-1.0446	-0.757022	-0.466954	-0.188049	0.0751106	0.333581	0.575691	0.776408	0.918464	0.980425	0.957244	0.84923	0.650087	
-1.62646	-1.87321	-2.08044	-2.23526	-2.3243	-2.33842	-2.28018	-2.14931	-1.96122	-1.72962	-1.46398	-1.17783	-0.886244	-0.590373	-0.302647	-0.0335412	0.213543	0.44147	0.653835	0.831881	0.957987	1.00929	0.987808	0.883056	0.694369	
-1.4423	-1.69629	-1.89573	-2.04523	-2.13609	-2.15232	-2.08979	-1.96122	-1.78235	-1.55018	-1.26891	-0.964654	-0.654461	-0.348527	-0.0627263	0.189638	0.41092	0.597533	0.768059	0.912899	1.01068	1.05493	1.03451	0.934715	0.763348	
-1.19959	-1.46246	-1.66432	-1.81297	-1.9021	-1.91684	-1.85681	-1.72962	-1.55018	-1.31209	-1.01597	-0.691164	-0.370734	-0.0673616	0.210391	0.446954	0.635834	0.782321	0.903346	1.00807	1.08484	1.11471	1.08658	0.990404	0.840617	
-0.899812	-1.17441	-1.39279	-1.55348	-1.6512	-1.66796	-1.6013	-1.46398	-1.26891	-1.01597	-0.712248	-0.381012	-0.0604797	0.229831	0.487699	0.703631	0.859987	0.975449	1.06028	1.12564	1.17008	1.17648	1.13635	1.05126	0.924145	
-0.569982	-0.861215	-1.10057	-1.27581	-1.38647	-1.40748	-1.32894	-1.17783	-0.964654	-0.691164	-0.381012	-0.0602435	0.249582	0.522424	0.754222	0.943211	1.0723	1.15835	1.21619	1.24823	1.25606	1.23824	1.18535	1.10351	0.995351	
-0.248321	-0.545899	-0.800966	-0.991298	-1.10107	-1.12157	-1.0446	-0.886244	-0.654461	-0.370734	-0.0604797	0.249582	0.539277	0.790041	0.995849	1.15513	1.26156	1.3198	1.34613	1.34604	1.32494	1.28464	1.21962	1.13371	1.04015	
0.0508368	-0.240272	-0.500144	-0.701383	-0.811364	-0.828716	-0.757022	-0.590373	-0.348527	-0.0673616	0.229831	0.522424	0.790041	1.02196	1.20609	1.32908	1.40899	1.44208	1.43711	1.41104	1.36718	1.30368	1.2263	1.13799	1.04894	
0.322015	0.04411	-0.21295	-0.412192	-0.521006	-0.538848	-0.466954	-0.302647	-0.0627263	0.210391	0.487699	0.754222	0.995849	1.20609	1.35804	1.44951	1.49941	1.51038	1.48678	1.44452	1.37876	1.29304	1.20154	1.10155	1.00459	
0.551228	0.291352	0.0490286	-0.136441	-0.238414	-0.255421	-0.188049	-0.0335412	0.189638	0.446954	0.703631	0.943211	1.15513	1.32908	1.44951	1.51348	1.54071	1.53412	1.49656	1.43388	1.34642	1.24861	1.13522	1.01539	0.915197	
0.726137	0.499715	0.28688	0.121736	0.0290268	0.0135502	0.0751106	0.213543	0.41092	0.635834	0.859987	1.0723	1.26156	1.40899	1.49941	1.54071	1.5465	1.52062	1.46606	1.38361	1.27393	1.1497	1.01307	0.879556	0.780975	
0.859474	0.668764	0.499744	0.369639	0.294928	0.281547	0.333581	0.44147	0.597533	0.782321	0.975449	1.15835	1.3198	1.44208	1.51038	1.53412	1.52062	1.47389	1.39509	1.28385	1.14305	0.99022	0.834729	0.696896	0.603254	
0.96439	0.819313	0.696908	0.601412	0.548452	0.539225	0.575691	0.653835	0.768059	0.903346	1.06028	1.21619	1.34613	1.43711	1.48678	1.49656	1.46606	1.39509	1.2861	1.13904	0.964191	0.787755	0.617802	0.476396	0.389423	
1.05251	0.948763	0.862695	0.794705	0.75886	0.753759	0.776408	0.831881	0.912899	1.00807	1.12564	1.24823	1.34604	1.41104	1.44452	1.43388	1.38361	1.28385	1.13904	0.960304	0.763471	0.568647	0.387046	0.244695	0.16607	
1.11799	1.03778	0.977259	0.933059	0.902424	0.897836	0.918464	0.957987	1.01068	1.08484	1.17008	1.25606	1.32494	1.36718	1.37876	1.34642	1.27393	1.14305	0.964191	0.763471	0.552465	0.341507	0.157099	0.0179862	-0.0535374	
1.13919	1.07824	1.02544	0.990501	0.966996	0.960908	0.980425	1.00929	1.05493	1.11471	1.17648	1.23824	1.28464	1.30368	1.29304	1.24861	1.1497	0.99022	0.787755	0.568647	0.341507	0.12502	-0.0567321	-0.191539	-0.259069	
1.10666	1.05525	1.00453	0.967386	0.948528	0.945441	0.957244	0.987808	1.03451	1.08658	1.13635	1.18535	1.21962	1.2263	1.20154	1.13522	1.01307	0.834729	0.617802	0.387046	0.157099	-0.0567321	-0.240922	-0.37187	-0.424015	
1.0143	0.956445	0.902982	0.859835	0.840333	0.83924	0.84923	0.883056	0.934715	0.990404	1.05126	1.10351	1.13371	1.13799	1.10155	1.01539	0.879556	0.696896	0.476396	0.244695	0.0179862	-0.191539	-0.37187	-0.486675	-0.520155	
0.873723	0.792989	0.720383	0.663494	0.638147	0.634492	0.650087	0.694369	0.763348	0.840617	0.924145	0.995351	1.04015	1.04894	1.00459	0.915197	0.780975	0.603254	0.389423	0.16607	-0.0535374	-0.259069	-0.424015	-0.520155	-0.542503	
