1.23736	1.18002	1.12122	1.06831	1.02872	0.981038	0.897905	0.782748	0.648313	0.515072	0.402511	0.318578	0.268213	0.235551	0.213297	0.190423	0.151547	0.0906232	0.0238451	-0.0265873	-0.0756693	-0.135423	-0.221046	-0.321669	-0.426958	
1.18002	1.08963	1.00298	0.927871	0.860547	0.789571	0.693012	0.57213	0.439315	0.31831	0.224597	0.171133	0.144703	0.138918	0.139884	0.130313	0.102084	0.0511065	-0.00733329	-0.0603845	-0.113342	-0.181835	-0.271807	-0.373962	-0.465024	
1.12122	1.00298	0.885566	0.776864	0.676556	0.577785	0.464182	0.33516	0.21069	0.110994	0.0406084	0.0118662	0.00862958	0.0267896	0.0534351	0.0673605	0.0605269	0.0261258	-0.0281277	-0.0815076	-0.139391	-0.216324	-0.303051	-0.399849	-0.475651	
1.06831	0.927871	0.776864	0.631587	0.496748	0.363685	0.229393	0.0927873	-0.0170808	-0.0924574	-0.132519	-0.134813	-0.112426	-0.0710276	-0.0209486	0.0167107	0.0232019	0.00401346	-0.0426958	-0.0979457	-0.160547	-0.238578	-0.323275	-0.4088	-0.465795	
1.02872	0.860547	0.676556	0.496748	0.326868	0.162843	0.00477128	-0.12985	-0.229354	-0.281218	-0.285856	-0.25718	-0.206763	-0.140958	-0.0714104	-0.0146137	0.00267044	-0.0109306	-0.0522203	-0.107311	-0.178027	-0.253294	-0.3298	-0.399647	-0.438046	
0.981038	0.789571	0.577785	0.363685	0.162843	-0.0250785	-0.193652	-0.320958	-0.405016	-0.431528	-0.403319	-0.342969	-0.26544	-0.178073	-0.100371	-0.0420345	-0.0199619	-0.0279909	-0.0629021	-0.112186	-0.182959	-0.254166	-0.319676	-0.372606	-0.392354	
0.897905	0.693012	0.464182	0.229393	0.00477128	-0.193652	-0.349872	-0.457841	-0.518932	-0.521895	-0.472496	-0.387351	-0.289588	-0.192901	-0.115638	-0.0649273	-0.0446282	-0.0523917	-0.0786097	-0.120978	-0.176481	-0.234866	-0.285217	-0.32319	-0.326771	
0.782748	0.57213	0.33516	0.0927873	-0.12985	-0.320958	-0.457841	-0.539553	-0.567408	-0.545446	-0.481938	-0.388911	-0.286141	-0.197898	-0.138251	-0.0986387	-0.0813755	-0.0851923	-0.105607	-0.138355	-0.175315	-0.213373	-0.247056	-0.263517	-0.239245	
0.648313	0.439315	0.21069	-0.0170808	-0.229354	-0.405016	-0.518932	-0.567408	-0.558357	-0.511173	-0.436485	-0.345911	-0.261218	-0.199329	-0.15848	-0.134832	-0.123379	-0.125037	-0.149112	-0.174408	-0.19335	-0.210741	-0.221339	-0.2024	-0.146775	
0.515072	0.31831	0.110994	-0.0924574	-0.281218	-0.431528	-0.521895	-0.545446	-0.511173	-0.440178	-0.354776	-0.275421	-0.215297	-0.180992	-0.169139	-0.168857	-0.16798	-0.180205	-0.20664	-0.226475	-0.236806	-0.236861	-0.214667	-0.159289	-0.0684468	
0.402511	0.224597	0.0406084	-0.132519	-0.285856	-0.403319	-0.472496	-0.481938	-0.436485	-0.354776	-0.269624	-0.203407	-0.169412	-0.165458	-0.178032	-0.202052	-0.222739	-0.248226	-0.274709	-0.295396	-0.299374	-0.275939	-0.223225	-0.129996	-0.00498991	
0.318578	0.171133	0.0118662	-0.134813	-0.25718	-0.342969	-0.387351	-0.388911	-0.345911	-0.275421	-0.203407	-0.15985	-0.150746	-0.1693	-0.207441	-0.25326	-0.292105	-0.323591	-0.350735	-0.36769	-0.353182	-0.301521	-0.217101	-0.0947668	0.0564631	
0.268213	0.144703	0.00862958	-0.112426	-0.206763	-0.26544	-0.289588	-0.286141	-0.261218	-0.215297	-0.169412	-0.150746	-0.168014	-0.207715	-0.266782	-0.327762	-0.375445	-0.411129	-0.432966	-0.432248	-0.385475	-0.293951	-0.173541	-0.0315329	0.134034	
0.235551	0.138918	0.0267896	-0.0710276	-0.140958	-0.178073	-0.192901	-0.197898	-0.199329	-0.180992	-0.165458	-0.1693	-0.207715	-0.272309	-0.351932	-0.41868	-0.467088	-0.494689	-0.500695	-0.474245	-0.386505	-0.254609	-0.0997583	0.0656329	0.241866	
0.213297	0.139884	0.0534351	-0.0209486	-0.0714104	-0.100371	-0.115638	-0.138251	-0.15848	-0.169139	-0.178032	-0.207441	-0.266782	-0.351932	-0.438308	-0.511189	-0.557152	-0.566811	-0.545508	-0.483936	-0.358841	-0.190235	-0.0094134	0.177293	0.353775	
0.190423	0.130313	0.0673605	0.0167107	-0.0146137	-0.0420345	-0.0649273	-0.0986387	-0.134832	-0.168857	-0.202052	-0.25326	-0.327762	-0.41868	-0.511189	-0.589338	-0.625347	-0.613893	-0.561114	-0.45963	-0.305	-0.114193	0.0847357	0.280033	0.447683	
0.151547	0.102084	0.0605269	0.0232019	0.00267044	-0.0199619	-0.0446282	-0.0813755	-0.123379	-0.16798	-0.222739	-0.292105	-0.375445	-0.467088	-0.557152	-0.625347	-0.646594	-0.615162	-0.533208	-0.402206	-0.228768	-0.0259638	0.174546	0.360596	0.517732	
0.0906232	0.0511065	0.0261258	0.00401346	-0.0109306	-0.0279909	-0.0523917	-0.0851923	-0.125037	-0.180205	-0.248226	-0.323591	-0.411129	-0.494689	-0.566811	-0.613893	-0.615162	-0.570003	-0.472269	-0.31814	-0.125051	0.0821876	0.274286	0.435603	0.571164	
0.0238451	-0.00733329	-0.0281277	-0.0426958	-0.0522203	-0.0629021	-0.0786097	-0.105607	-0.149112	-0.20664	-0.274709	-0.350735	-0.432966	-0.500695	-0.545508	-0.561114	-0.533208	-0.472269	-0.357048	-0.188385	0.00963029	0.206678	0.374563	0.5042	0.60746	
-0.0265873	-0.0603845	-0.0815076	-0.0979457	-0.107311	-0.112186	-0.120978	-0.138355	-0.174408	-0.226475	-0.295396	-0.36769	-0.432248	-0.474245	-0.483936	-0.45963	-0.402206	-0.31814	-0.188385	-0.0189014	0.161884	0.330377	0.466263	0.560996	0.622247	
-0.0756693	-0.113342	-0.139391	-0.160547	-0.178027	-0.182959	-0.176481	-0.175315	-0.19335	-0.236806	-0.299374	-0.353182	-0.385475	-0.386505	-0.358841	-0.305	-0.228768	-0.125051	0.00963029	0.161884	0.312563	0.439226	0.537534	0.593627	0.608569	
-0.135423	-0.181835	-0.216324	-0.238578	-0.253294	-0.254166	-0.234866	-0.213373	-0.210741	-0.236861	-0.275939	-0.301521	-0.293951	-0.254609	-0.190235	-0.114193	-0.0259638	0.0821876	0.206678	0.330377	0.439226	0.522803	0.575682	0.591949	0.564653	
-0.221046	-0.271807	-0.303051	-0.323275	-0.3298	-0.319676	-0.285217	-0.247056	-0.221339	-0.214667	-0.223225	-0.217101	-0.173541	-0.0997583	-0.0094134	0.0847357	0.174546	0.274286	0.374563	0.466263	0.537534	0.575682	0.579182	0.557788	0.503375	
-0.321669	-0.373962	-0.399849	-0.4088	-0.399647	-0.372606	-0.32319	-0.263517	-0.2024	-0.159289	-0.129996	-0.0947668	-0.0315329	0.0656329	0.177293	0.280033	0.360596	0.435603	0.5042	0.560996	0.593627	0.591949	0.557788	0.503689	0.438891	
-0.426958	-0.465024	-0.475651	-0.465795	-0.438046	-0.392354	-0.326771	-0.239245	-0.146775	-0.0684468	-0.00498991	0.0564631	0.134034	0.241866	0.353775	0.447683	0.517732	0.571164	0.60746	0.622247	0.608569	0.564653	0.503375	0.438891	0.381489	
-0.52378	-0.532169	-0.511014	-0.477049	-0.433855	-0.371691	-0.289908	-0.184136	-0.071888	0.0341554	0.12599	0.210567	0.306748	0.412262	0.515798	0.59611	0.652376	0.682035	0.686516	0.656044	0.593525	0.519308	0.441941	0.376003	0.318067	
-0.5842	-0.561435	-0.514071	-0.459501	-0.398622	-0.321148	-0.229367	-0.116892	0.00418726	0.121844	0.238994	0.351386	0.458824	0.560676	0.647159	0.714745	0.762232	0.777232	0.752421	0.680795	0.576769	0.471348	0.38578	0.314316	0.255066	
-0.615475	-0.566618	-0.5046	-0.435392	-0.363128	-0.275691	-0.176036	-0.0599666	0.0625946	0.189336	0.32541	0.456564	0.570048	0.664541	0.745706	0.811312	0.853692	0.856899	0.81092	0.707989	0.572862	0.443356	0.344378	0.269775	0.206909	
-0.648378	-0.573499	-0.491996	-0.412329	-0.337103	-0.251131	-0.151845	-0.0358616	0.0909752	0.228299	0.371239	0.506931	0.631282	0.730118	0.815719	0.884512	0.916287	0.906385	0.848061	0.735403	0.587737	0.44354	0.330167	0.250856	0.181165	
-0.671143	-0.580542	-0.483	-0.392352	-0.316132	-0.238167	-0.142851	-0.028765	0.0989975	0.23382	0.375321	0.516195	0.645984	0.756097	0.850457	0.922097	0.94605	0.930682	0.869915	0.757973	0.607559	0.450506	0.327947	0.244693	0.174125	
-0.6739	-0.581019	-0.481702	-0.388167	-0.310614	-0.234035	-0.141546	-0.0289556	0.0998016	0.232879	0.374906	0.515044	0.644543	0.757491	0.854666	0.927391	0.949526	0.932911	0.873307	0.761739	0.610259	0.452238	0.328725	0.242837	0.173957	
-0.660392	-0.576745	-0.486712	-0.402823	-0.328687	-0.24611	-0.147629	-0.0310835	0.0959532	0.233556	0.375181	0.513976	0.64181	0.745611	0.834465	0.9041	0.932029	0.919357	0.858719	0.74597	0.597112	0.447034	0.328616	0.247787	0.176963	
-0.628079	-0.568743	-0.500249	-0.426815	-0.351332	-0.263246	-0.16251	-0.0470423	0.0775653	0.209367	0.349979	0.483303	0.600291	0.694918	0.777467	0.844098	0.882947	0.880195	0.827999	0.719541	0.576318	0.440671	0.336165	0.259231	0.193212	
-0.598574	-0.564724	-0.510809	-0.449386	-0.383323	-0.300718	-0.205243	-0.0911009	0.030397	0.151126	0.276898	0.399443	0.509094	0.608001	0.690423	0.755305	0.801109	0.811882	0.777536	0.691249	0.573511	0.456692	0.366325	0.293488	0.233837	
-0.552989	-0.548382	-0.515016	-0.471971	-0.421797	-0.353226	-0.267308	-0.157668	-0.0405509	0.0718597	0.174072	0.269179	0.371391	0.475233	0.572922	0.647742	0.699041	0.721264	0.713884	0.665838	0.585326	0.499351	0.418078	0.350587	0.292229	
-0.46873	-0.495534	-0.494584	-0.475697	-0.441166	-0.389009	-0.316197	-0.220005	-0.117669	-0.0268955	0.0485201	0.118495	0.20417	0.311978	0.420582	0.508931	0.573988	0.618162	0.642115	0.638647	0.604772	0.546633	0.477902	0.413555	0.356803	
-0.363975	-0.412975	-0.43463	-0.43586	-0.419761	-0.385842	-0.329983	-0.258603	-0.183728	-0.126206	-0.0829406	-0.03663	0.0326698	0.135292	0.250581	0.35098	0.427083	0.492871	0.548459	0.588847	0.604642	0.585976	0.53904	0.47907	0.41536	
-0.260092	-0.311929	-0.342056	-0.359464	-0.359419	-0.342162	-0.302879	-0.257757	-0.218433	-0.197268	-0.190594	-0.173304	-0.119345	-0.0350174	0.0646329	0.164323	0.251105	0.341831	0.430711	0.508843	0.564884	0.587275	0.573912	0.53727	0.477173	
-0.166507	-0.215501	-0.249703	-0.271726	-0.283504	-0.28141	-0.255689	-0.227078	-0.216779	-0.231197	-0.259628	-0.271696	-0.248458	-0.194582	-0.118773	-0.0345743	0.0561746	0.162729	0.278298	0.389733	0.482974	0.547625	0.580328	0.58217	0.541256	
-0.0972605	-0.138072	-0.168895	-0.190909	-0.208261	-0.212491	-0.200265	-0.191343	-0.20018	-0.238132	-0.292757	-0.336754	-0.353382	-0.337236	-0.293972	-0.231571	-0.149944	-0.0425548	0.0901236	0.23231	0.366484	0.476305	0.557297	0.596808	0.59417	
-0.0456089	-0.080556	-0.102814	-0.121095	-0.134049	-0.138193	-0.141994	-0.152189	-0.182118	-0.231903	-0.300991	-0.366325	-0.419358	-0.446788	-0.441554	-0.404038	-0.337142	-0.244144	-0.110385	0.0538104	0.223628	0.375751	0.49742	0.578011	0.621248	
0.00261223	-0.0295691	-0.0500197	-0.0645889	-0.0719606	-0.0804786	-0.0939287	-0.118534	-0.160309	-0.21551	-0.283489	-0.360146	-0.437465	-0.495456	-0.527278	-0.526877	-0.487	-0.417072	-0.29541	-0.123912	0.0689367	0.256908	0.413124	0.528691	0.61646	
0.0627881	0.0279285	0.00497229	-0.0125215	-0.0258522	-0.0399592	-0.0604102	-0.0912098	-0.132889	-0.190318	-0.259397	-0.334525	-0.42052	-0.499713	-0.561607	-0.597719	-0.58768	-0.537209	-0.432723	-0.272223	-0.0741074	0.130863	0.314918	0.46493	0.58762	
0.129417	0.0836551	0.0499965	0.0190457	0.00170488	-0.0192616	-0.0453493	-0.080698	-0.121328	-0.170269	-0.231691	-0.305616	-0.39172	-0.481606	-0.565393	-0.626762	-0.641236	-0.603276	-0.513592	-0.372641	-0.19137	0.0148286	0.212742	0.390429	0.540869	
0.17699	0.121568	0.0683695	0.0231204	-0.00322722	-0.028908	-0.0530006	-0.0890845	-0.129286	-0.168874	-0.210833	-0.26992	-0.347833	-0.43926	-0.533525	-0.609104	-0.639803	-0.620063	-0.554537	-0.439727	-0.276968	-0.0808197	0.121307	0.314348	0.478393	
0.205094	0.137913	0.0609697	-0.00275277	-0.044944	-0.0740988	-0.0917137	-0.119622	-0.147116	-0.167767	-0.187325	-0.226218	-0.292424	-0.381248	-0.469575	-0.545957	-0.589346	-0.590192	-0.55632	-0.478427	-0.339835	-0.161213	0.0279188	0.220585	0.394595	
0.226014	0.13958	0.037222	-0.0517462	-0.112936	-0.1447	-0.159254	-0.171343	-0.180677	-0.174497	-0.168676	-0.182463	-0.229504	-0.304081	-0.387392	-0.456377	-0.503957	-0.524941	-0.521491	-0.48216	-0.379075	-0.231022	-0.0644014	0.110193	0.287933	
0.253687	0.140105	0.0142351	-0.0973753	-0.182384	-0.230863	-0.249572	-0.247663	-0.233695	-0.198427	-0.165716	-0.155269	-0.181607	-0.230257	-0.298593	-0.362926	-0.411591	-0.445788	-0.462779	-0.452108	-0.389329	-0.281833	-0.146641	0.0040653	0.174127	
0.295425	0.157853	0.00799866	-0.128609	-0.238649	-0.313328	-0.348652	-0.34781	-0.31012	-0.248081	-0.185498	-0.152854	-0.154064	-0.180536	-0.228082	-0.280619	-0.324437	-0.357688	-0.383977	-0.395502	-0.369921	-0.303019	-0.204266	-0.0738934	0.0845054	
0.364762	0.198391	0.0246042	-0.137021	-0.277818	-0.383011	-0.441706	-0.446875	-0.400421	-0.32145	-0.239956	-0.181358	-0.156999	-0.16353	-0.185207	-0.219096	-0.248274	-0.277197	-0.303508	-0.324333	-0.322727	-0.289083	-0.224731	-0.117651	0.0184087	
