-0.454825	-0.594071	-0.708615	-0.780285	-0.809634	-0.812754	-0.796799	-0.742947	-0.643994	-0.512007	-0.369762	-0.228789	-0.0970778	0.00250239	0.061795	0.0865549	0.0866879	0.0819121	0.0549686	-0.000388613	-0.0677417	-0.1419	-0.220609	-0.275111	-0.290734	
-0.433786	-0.574064	-0.687358	-0.756474	-0.785439	-0.788601	-0.772269	-0.720317	-0.624543	-0.49048	-0.351166	-0.21567	-0.0936282	-0.00582327	0.0343867	0.0420087	0.0277317	0.00920821	-0.0206401	-0.077425	-0.150621	-0.238041	-0.324207	-0.379588	-0.390024	
-0.385729	-0.510975	-0.612361	-0.668248	-0.692284	-0.696834	-0.679349	-0.640323	-0.556205	-0.43683	-0.309398	-0.186981	-0.0821992	-0.0183364	-0.00581961	-0.0239047	-0.0488837	-0.0765127	-0.113232	-0.167377	-0.245056	-0.332432	-0.421243	-0.481301	-0.49238	
-0.314583	-0.414569	-0.49439	-0.537751	-0.559699	-0.56512	-0.547471	-0.515517	-0.450781	-0.354854	-0.252508	-0.153482	-0.0752931	-0.0437568	-0.0627457	-0.107845	-0.15018	-0.184536	-0.221238	-0.274455	-0.348368	-0.428172	-0.508424	-0.569665	-0.587854	
-0.229716	-0.299271	-0.34947	-0.386615	-0.406928	-0.409466	-0.397081	-0.366238	-0.321069	-0.259407	-0.183402	-0.115214	-0.0726836	-0.0746884	-0.124285	-0.18987	-0.249859	-0.297028	-0.33564	-0.384431	-0.448631	-0.520364	-0.590119	-0.642362	-0.662721	
-0.129915	-0.170796	-0.200503	-0.227834	-0.241549	-0.242717	-0.235433	-0.21217	-0.183491	-0.147878	-0.101146	-0.0639481	-0.0615821	-0.101674	-0.175863	-0.259985	-0.333431	-0.389721	-0.438686	-0.483844	-0.532051	-0.590712	-0.651527	-0.697442	-0.718933	
-0.0456995	-0.064198	-0.0767513	-0.0884508	-0.0892244	-0.0890458	-0.0898053	-0.0817839	-0.0699307	-0.0540675	-0.0325393	-0.0207153	-0.0526238	-0.115088	-0.201094	-0.297239	-0.380002	-0.441966	-0.498738	-0.540439	-0.573738	-0.618688	-0.668944	-0.713784	-0.738619	
8.01874e-05	-0.00184452	0.000199227	0.00187358	0.00879044	0.0108219	0.00392105	0.000858788	-0.000945343	-0.00189948	0.00360301	-0.00578973	-0.0537984	-0.122392	-0.206964	-0.302105	-0.381147	-0.441951	-0.488762	-0.517522	-0.544529	-0.584046	-0.633487	-0.677929	-0.712552	
0.00514928	0.00954199	0.0167836	0.0253893	0.0360788	0.0390811	0.0292335	0.0201236	0.0122895	0.00653044	0.00249293	-0.0189739	-0.0646266	-0.125655	-0.199152	-0.279359	-0.341027	-0.382236	-0.408437	-0.421423	-0.442255	-0.488547	-0.543979	-0.592242	-0.642354	
-0.026665	-0.03031	-0.029994	-0.0233598	-0.0131912	-0.00918803	-0.019723	-0.0285216	-0.0304626	-0.0281417	-0.029791	-0.0519206	-0.0857962	-0.126367	-0.177276	-0.230382	-0.264582	-0.27723	-0.277349	-0.276794	-0.293431	-0.344455	-0.407594	-0.467845	-0.533708	
-0.0984269	-0.113246	-0.129367	-0.136723	-0.139077	-0.138319	-0.138636	-0.133231	-0.119849	-0.10446	-0.0931244	-0.101138	-0.110679	-0.127548	-0.145812	-0.16233	-0.162117	-0.142805	-0.112912	-0.0979429	-0.110435	-0.160582	-0.234939	-0.321081	-0.415924	
-0.19909	-0.225573	-0.258476	-0.2893	-0.312435	-0.315893	-0.300396	-0.271364	-0.237631	-0.209448	-0.185219	-0.164418	-0.140946	-0.124669	-0.107577	-0.0852109	-0.0438729	0.00860529	0.058542	0.0829514	0.0723815	0.0257063	-0.0578759	-0.175389	-0.306102	
-0.314208	-0.361979	-0.418227	-0.471408	-0.510948	-0.517908	-0.489955	-0.440525	-0.383563	-0.332599	-0.286674	-0.237392	-0.176725	-0.120165	-0.0613479	0.00386332	0.0813364	0.162694	0.225536	0.247161	0.238918	0.194665	0.101976	-0.0388938	-0.201473	
-0.422813	-0.503106	-0.583893	-0.657818	-0.710576	-0.719637	-0.68302	-0.614881	-0.535644	-0.454629	-0.377112	-0.30074	-0.211656	-0.114705	-0.00869669	0.101939	0.210431	0.304193	0.365967	0.38425	0.368159	0.321691	0.22157	0.0674371	-0.112694	
-0.511844	-0.616054	-0.71611	-0.80436	-0.869097	-0.88086	-0.834877	-0.753129	-0.657534	-0.553182	-0.45259	-0.348759	-0.230185	-0.0971901	0.0508932	0.202673	0.336099	0.431042	0.477558	0.480473	0.453074	0.391056	0.283056	0.128159	-0.0515876	
-0.557056	-0.67362	-0.786428	-0.884483	-0.949763	-0.961538	-0.915508	-0.82816	-0.719961	-0.602738	-0.491737	-0.37427	-0.233406	-0.0664711	0.111624	0.289032	0.441448	0.539273	0.570032	0.552533	0.501404	0.422492	0.30582	0.150651	-0.0243726	
-0.553133	-0.670909	-0.786397	-0.87835	-0.930916	-0.939704	-0.904884	-0.826763	-0.719018	-0.59921	-0.486286	-0.368655	-0.22011	-0.0312996	0.174447	0.364064	0.515439	0.609923	0.632416	0.594628	0.519359	0.42351	0.298956	0.141844	-0.0334431	
-0.497642	-0.60246	-0.702584	-0.78288	-0.823363	-0.828754	-0.804475	-0.738603	-0.643307	-0.539846	-0.434836	-0.321661	-0.181031	0.00734419	0.220601	0.409599	0.546654	0.624519	0.639444	0.59222	0.500094	0.384417	0.251386	0.0959959	-0.0675797	
-0.397753	-0.470277	-0.544454	-0.610045	-0.643362	-0.647779	-0.627736	-0.573459	-0.499457	-0.427396	-0.348827	-0.252575	-0.125911	0.0395705	0.227941	0.397162	0.517181	0.578061	0.577418	0.522281	0.426942	0.303351	0.169753	0.0322362	-0.104709	
-0.26608	-0.300032	-0.34077	-0.383852	-0.408959	-0.41222	-0.396982	-0.358989	-0.314798	-0.280328	-0.24071	-0.184571	-0.0905278	0.0400579	0.187549	0.322684	0.425406	0.47183	0.453296	0.387208	0.3	0.192038	0.0772712	-0.0302717	-0.129797	
-0.11704	-0.110009	-0.110478	-0.123004	-0.139113	-0.14232	-0.130135	-0.11391	-0.107875	-0.114597	-0.119877	-0.114137	-0.0749023	0.0066234	0.11238	0.211033	0.284289	0.308081	0.277421	0.211874	0.141574	0.0655868	-0.00847476	-0.075581	-0.132681	
0.0469549	0.0991564	0.13763	0.15009	0.143508	0.140759	0.148607	0.146055	0.11729	0.067387	0.0184784	-0.0225046	-0.0390118	-0.0246243	0.023468	0.0814042	0.112861	0.103993	0.0689227	0.0222571	-0.0220849	-0.0609369	-0.089104	-0.110382	-0.128757	
0.230689	0.317708	0.382382	0.413725	0.421107	0.421941	0.41882	0.398719	0.346936	0.267105	0.177174	0.0981405	0.0306602	-0.0233267	-0.0466411	-0.0426158	-0.0510345	-0.0922614	-0.136474	-0.162293	-0.176077	-0.177794	-0.162383	-0.140944	-0.122941	
0.428069	0.533796	0.61129	0.660591	0.684263	0.687824	0.673084	0.633462	0.568381	0.473526	0.356289	0.234984	0.116424	0.00531385	-0.0795468	-0.133282	-0.182246	-0.245335	-0.300374	-0.321533	-0.312531	-0.283511	-0.236672	-0.178159	-0.12338	
0.616284	0.730169	0.819029	0.88337	0.918346	0.923083	0.901118	0.848272	0.767997	0.666226	0.531329	0.374659	0.207867	0.0547453	-0.0747937	-0.181318	-0.277368	-0.362836	-0.42669	-0.449573	-0.43182	-0.375618	-0.30172	-0.213613	-0.124559	
0.77599	0.90169	1.00129	1.07689	1.11951	1.12575	1.09871	1.03516	0.944204	0.830324	0.683674	0.506665	0.308536	0.117967	-0.0531614	-0.20787	-0.348183	-0.462377	-0.536837	-0.561412	-0.53662	-0.461483	-0.358904	-0.244933	-0.135385	
0.90169	1.044	1.15947	1.25095	1.3088	1.31815	1.27923	1.1993	1.09275	0.962758	0.801721	0.615594	0.404947	0.186381	-0.0278712	-0.226669	-0.405677	-0.555703	-0.652116	-0.679633	-0.647213	-0.552811	-0.41953	-0.278225	-0.154766	
1.00129	1.15947	1.2918	1.39904	1.47113	1.4835	1.43354	1.33745	1.21503	1.0685	0.894413	0.697277	0.476298	0.237428	-0.0126208	-0.251737	-0.467211	-0.646411	-0.763483	-0.795571	-0.752144	-0.642661	-0.486444	-0.31919	-0.177358	
1.07689	1.25095	1.39904	1.51601	1.59118	1.60474	1.55269	1.4496	1.31364	1.14944	0.963553	0.753395	0.514897	0.257406	-0.013763	-0.283032	-0.523941	-0.721603	-0.851188	-0.892288	-0.845398	-0.723116	-0.548324	-0.359742	-0.193777	
1.11951	1.3088	1.47113	1.59118	1.66396	1.67655	1.627	1.52449	1.37786	1.1968	1.00157	0.78243	0.528493	0.255386	-0.025876	-0.304181	-0.555406	-0.75925	-0.897658	-0.954261	-0.912478	-0.780955	-0.592528	-0.389696	-0.203834	
1.12575	1.31815	1.4835	1.60474	1.67655	1.68856	1.64007	1.53818	1.38912	1.2042	1.00679	0.786551	0.530523	0.25379	-0.0287464	-0.307009	-0.559457	-0.763584	-0.904363	-0.965214	-0.924888	-0.791043	-0.600445	-0.394802	-0.204906	
1.09871	1.27923	1.43354	1.55269	1.627	1.64007	1.58862	1.48572	1.34481	1.17292	0.982727	0.768474	0.522621	0.258087	-0.018479	-0.294097	-0.540543	-0.74157	-0.875361	-0.922488	-0.87683	-0.750444	-0.569134	-0.374021	-0.199056	
1.03516	1.1993	1.33745	1.4496	1.52449	1.53818	1.48572	1.3851	1.25717	1.10411	0.926053	0.722248	0.49523	0.249193	-0.0108268	-0.264147	-0.491983	-0.680188	-0.802196	-0.837462	-0.791238	-0.676322	-0.512612	-0.335989	-0.184547	
0.944204	1.09275	1.21503	1.31364	1.37786	1.38912	1.34481	1.25717	1.14393	1.00815	0.841002	0.651111	0.437092	0.209818	-0.0196191	-0.234864	-0.429346	-0.592252	-0.698365	-0.727212	-0.690622	-0.589632	-0.445627	-0.293405	-0.163698	
0.830324	0.962758	1.0685	1.14944	1.1968	1.2042	1.17292	1.10411	1.00815	0.887243	0.735094	0.553867	0.349516	0.145573	-0.0437538	-0.216032	-0.37204	-0.500426	-0.582117	-0.607824	-0.580215	-0.497596	-0.382149	-0.258019	-0.143303	
0.683674	0.801721	0.894413	0.963553	1.00157	1.00679	0.982727	0.926053	0.841002	0.735094	0.595257	0.428685	0.247391	0.078917	-0.0669162	-0.193075	-0.307657	-0.403598	-0.47084	-0.494758	-0.474444	-0.409426	-0.324839	-0.22614	-0.126882	
0.506665	0.615594	0.697277	0.753395	0.78243	0.786551	0.768474	0.722248	0.651111	0.553867	0.428685	0.291463	0.151692	0.0227125	-0.0813105	-0.157356	-0.224821	-0.295205	-0.354748	-0.376301	-0.361999	-0.322155	-0.264488	-0.193836	-0.124204	
0.308536	0.404947	0.476298	0.514897	0.528493	0.530523	0.522621	0.49523	0.437092	0.349516	0.247391	0.151692	0.0641184	-0.0144191	-0.0648432	-0.0840343	-0.107776	-0.159033	-0.207866	-0.230051	-0.233086	-0.2214	-0.191947	-0.15452	-0.122116	
0.117967	0.186381	0.237428	0.257406	0.255386	0.25379	0.258087	0.249193	0.209818	0.145573	0.078917	0.0227125	-0.0144191	-0.0285406	-0.00882521	0.0294168	0.0443659	0.0220227	-0.0159261	-0.0532079	-0.0853703	-0.109767	-0.118795	-0.122738	-0.12642	
-0.0531614	-0.0278712	-0.0126208	-0.013763	-0.025876	-0.0287464	-0.018479	-0.0108268	-0.0196191	-0.0437538	-0.0669162	-0.0813105	-0.0648432	-0.00882521	0.0770577	0.16051	0.217355	0.229076	0.196199	0.136622	0.0753494	0.0143053	-0.040922	-0.090078	-0.131761	
-0.20787	-0.226669	-0.251737	-0.283032	-0.304181	-0.307009	-0.294097	-0.264147	-0.234864	-0.216032	-0.193075	-0.157356	-0.0840343	0.0294168	0.16051	0.281213	0.373769	0.412419	0.388442	0.320101	0.239385	0.142603	0.0422726	-0.0506954	-0.133127	
-0.348183	-0.405677	-0.467211	-0.523941	-0.555406	-0.559457	-0.540543	-0.491983	-0.429346	-0.37204	-0.307657	-0.224821	-0.107776	0.0443659	0.217355	0.373769	0.487286	0.542634	0.534543	0.474873	0.381806	0.261526	0.132848	0.00603696	-0.116566	
-0.462377	-0.555703	-0.646411	-0.721603	-0.75925	-0.763584	-0.74157	-0.680188	-0.592252	-0.500426	-0.403598	-0.295205	-0.159033	0.0220227	0.229076	0.412419	0.542634	0.613519	0.62284	0.573216	0.477798	0.356258	0.221673	0.0713538	-0.0841669	
-0.536837	-0.652116	-0.763483	-0.851188	-0.897658	-0.904363	-0.875361	-0.802196	-0.698365	-0.582117	-0.47084	-0.354748	-0.207866	-0.0159261	0.196199	0.388442	0.534543	0.62284	0.643339	0.599635	0.517277	0.413382	0.285437	0.127342	-0.0446681	
-0.561412	-0.679633	-0.795571	-0.892288	-0.954261	-0.965214	-0.922488	-0.837462	-0.727212	-0.607824	-0.494758	-0.376301	-0.230051	-0.0532079	0.136622	0.320101	0.474873	0.573216	0.599635	0.573774	0.511985	0.427119	0.306303	0.150964	-0.0243488	
-0.53662	-0.647213	-0.752144	-0.845398	-0.912478	-0.924888	-0.87683	-0.791238	-0.690622	-0.580215	-0.474444	-0.361999	-0.233086	-0.0853703	0.0753494	0.239385	0.381806	0.477798	0.517277	0.511985	0.476252	0.406828	0.296323	0.141565	-0.0356974	
-0.461483	-0.552811	-0.642661	-0.723116	-0.780955	-0.791043	-0.750444	-0.676322	-0.589632	-0.497596	-0.409426	-0.322155	-0.2214	-0.109767	0.0143053	0.142603	0.261526	0.356258	0.413382	0.427119	0.406828	0.356027	0.25198	0.0966107	-0.0849535	
-0.358904	-0.41953	-0.486444	-0.548324	-0.592528	-0.600445	-0.569134	-0.512612	-0.445627	-0.382149	-0.324839	-0.264488	-0.191947	-0.118795	-0.040922	0.0422726	0.132848	0.221673	0.285437	0.306303	0.296323	0.25198	0.156945	0.00870921	-0.16328	
-0.244933	-0.278225	-0.31919	-0.359742	-0.389696	-0.394802	-0.374021	-0.335989	-0.293405	-0.258019	-0.22614	-0.193836	-0.15452	-0.122738	-0.090078	-0.0506954	0.00603696	0.0713538	0.127342	0.150964	0.141565	0.0966107	0.00870921	-0.118025	-0.263129	
-0.135385	-0.154766	-0.177358	-0.193777	-0.203834	-0.204906	-0.199056	-0.184547	-0.163698	-0.143303	-0.126882	-0.124204	-0.122116	-0.12642	-0.131761	-0.133127	-0.116566	-0.0841669	-0.0446681	-0.0243488	-0.0356974	-0.0849535	-0.16328	-0.263129	-0.371682	
