-0.0848653	-0.0900992	-0.0808867	-0.082556	-0.0941718	-0.0971814	-0.0918351	-0.100086	-0.11582	-0.119138	-0.115976	-0.116328	-0.133047	-0.162558	-0.175489	-0.167353	-0.15537	-0.15077	-0.170291	-0.214637	-0.248507	-0.237134	-0.16239	-0.00979927	0.21084	
-0.0900992	-0.0802752	-0.0774374	-0.0915634	-0.0998203	-0.0977229	-0.0958401	-0.107446	-0.119754	-0.119425	-0.116878	-0.124305	-0.149103	-0.173948	-0.175657	-0.165039	-0.160551	-0.174625	-0.222207	-0.290205	-0.337277	-0.331925	-0.250694	-0.0726685	0.187932	
-0.0808867	-0.0774374	-0.091344	-0.102645	-0.100268	-0.0940928	-0.0991773	-0.118521	-0.124836	-0.117585	-0.119706	-0.137959	-0.165665	-0.179872	-0.172383	-0.164582	-0.172991	-0.210526	-0.284462	-0.368179	-0.421093	-0.415898	-0.323309	-0.120346	0.173753	
-0.082556	-0.0915634	-0.102645	-0.100096	-0.0929932	-0.096963	-0.115605	-0.127828	-0.119402	-0.116637	-0.131816	-0.156014	-0.177792	-0.179327	-0.168202	-0.169967	-0.197272	-0.260482	-0.35472	-0.444551	-0.495797	-0.483762	-0.374736	-0.149039	0.170537	
-0.0941718	-0.0998203	-0.100268	-0.0929932	-0.0975562	-0.11347	-0.12579	-0.122849	-0.116709	-0.127536	-0.148709	-0.171497	-0.183213	-0.174262	-0.167722	-0.186588	-0.237029	-0.323627	-0.428659	-0.514839	-0.556803	-0.53002	-0.400319	-0.155854	0.180627	
-0.0971814	-0.0977229	-0.0940928	-0.096963	-0.11347	-0.123719	-0.125664	-0.12034	-0.122871	-0.142583	-0.16635	-0.18317	-0.18072	-0.16859	-0.178003	-0.219354	-0.292992	-0.396265	-0.500787	-0.574181	-0.599032	-0.549606	-0.396949	-0.138921	0.206418	
-0.0918351	-0.0958401	-0.0991773	-0.115605	-0.12579	-0.125664	-0.12271	-0.119366	-0.136752	-0.164991	-0.182079	-0.183783	-0.172356	-0.17254	-0.205841	-0.269632	-0.362839	-0.472576	-0.564717	-0.617286	-0.617323	-0.538744	-0.363441	-0.0973015	0.250045	
-0.100086	-0.107446	-0.118521	-0.127828	-0.122849	-0.12034	-0.119366	-0.134069	-0.165639	-0.182209	-0.182807	-0.176165	-0.171654	-0.195151	-0.252564	-0.336192	-0.441824	-0.544435	-0.613559	-0.638967	-0.60713	-0.495583	-0.300471	-0.0309005	0.312753	
-0.11582	-0.119754	-0.124836	-0.119402	-0.116709	-0.122871	-0.136752	-0.165639	-0.182638	-0.180779	-0.178025	-0.174275	-0.187829	-0.239039	-0.317734	-0.415719	-0.521029	-0.602243	-0.641413	-0.634552	-0.565018	-0.420543	-0.210264	0.0594626	0.39406	
-0.119138	-0.119425	-0.117585	-0.116637	-0.127536	-0.142583	-0.164991	-0.182209	-0.180779	-0.178399	-0.177017	-0.184155	-0.22846	-0.305702	-0.397572	-0.49928	-0.58853	-0.638122	-0.643869	-0.599543	-0.489394	-0.316494	-0.0960665	0.171745	0.490972	
-0.115976	-0.116878	-0.119706	-0.131816	-0.148709	-0.16635	-0.182079	-0.182807	-0.178025	-0.177017	-0.183165	-0.222373	-0.29856	-0.387248	-0.482574	-0.574828	-0.633708	-0.647033	-0.616582	-0.530109	-0.381795	-0.188277	0.0384666	0.302055	0.597593	
-0.116328	-0.124305	-0.137959	-0.156014	-0.171497	-0.18317	-0.183783	-0.176165	-0.174275	-0.184155	-0.222373	-0.296115	-0.382867	-0.472512	-0.563588	-0.62941	-0.648756	-0.625375	-0.554805	-0.425285	-0.247377	-0.0412443	0.189348	0.443791	0.705588	
-0.133047	-0.149103	-0.165665	-0.177792	-0.183213	-0.18072	-0.172356	-0.171654	-0.187829	-0.22846	-0.29856	-0.382867	-0.469218	-0.557226	-0.626119	-0.650117	-0.630321	-0.569518	-0.45512	-0.289074	-0.0933273	0.120124	0.351144	0.587249	0.805795	
-0.162558	-0.173948	-0.179872	-0.179327	-0.174262	-0.16859	-0.17254	-0.195151	-0.239039	-0.305702	-0.387248	-0.472512	-0.557226	-0.624861	-0.650936	-0.63309	-0.577665	-0.474567	-0.319034	-0.130126	0.0741261	0.291743	0.515214	0.72077	0.890565	
-0.175489	-0.175657	-0.172383	-0.168202	-0.167722	-0.178003	-0.205841	-0.252564	-0.317734	-0.397572	-0.482574	-0.563588	-0.626119	-0.650936	-0.634017	-0.581267	-0.485431	-0.338736	-0.155828	0.0424604	0.251193	0.467041	0.669329	0.833765	0.955418	
-0.167353	-0.165039	-0.164582	-0.169967	-0.186588	-0.219354	-0.269632	-0.336192	-0.415719	-0.49928	-0.574828	-0.62941	-0.650117	-0.63309	-0.581267	-0.488904	-0.348526	-0.171301	0.0220127	0.223922	0.433362	0.634254	0.800601	0.919992	0.998481	
-0.15537	-0.160551	-0.172991	-0.197272	-0.237029	-0.292992	-0.362839	-0.441824	-0.521029	-0.58853	-0.633708	-0.648756	-0.630321	-0.577665	-0.485431	-0.348526	-0.176489	0.011886	0.208006	0.411392	0.609823	0.778418	0.900596	0.97813	1.0177	
-0.15077	-0.174625	-0.210526	-0.260482	-0.323627	-0.396265	-0.472576	-0.544435	-0.602243	-0.638122	-0.647033	-0.625375	-0.569518	-0.474567	-0.338736	-0.171301	0.011886	0.202761	0.400479	0.595046	0.763729	0.88839	0.967837	1.00833	1.00823	
-0.170291	-0.222207	-0.284462	-0.35472	-0.428659	-0.500787	-0.564717	-0.613559	-0.641413	-0.643869	-0.616582	-0.554805	-0.45512	-0.319034	-0.155828	0.0220127	0.208006	0.400479	0.590078	0.756255	0.881169	0.961908	1.00419	1.00765	0.963111	
-0.214637	-0.290205	-0.368179	-0.444551	-0.514839	-0.574181	-0.617286	-0.638967	-0.634552	-0.599543	-0.530109	-0.425285	-0.289074	-0.130126	0.0424604	0.223922	0.411392	0.595046	0.756255	0.87874	0.959027	1.00207	1.00829	0.969342	0.877895	
-0.248507	-0.337277	-0.421093	-0.495797	-0.556803	-0.599032	-0.617323	-0.60713	-0.565018	-0.489394	-0.381795	-0.247377	-0.0933273	0.0741261	0.251193	0.433362	0.609823	0.763729	0.881169	0.959027	1.00138	1.00868	0.973421	0.887963	0.755908	
-0.237134	-0.331925	-0.415898	-0.483762	-0.53002	-0.549606	-0.538744	-0.495583	-0.420543	-0.316494	-0.188277	-0.0412443	0.120124	0.291743	0.467041	0.634254	0.778418	0.88839	0.961908	1.00207	1.00868	0.974777	0.893124	0.766182	0.609977	
-0.16239	-0.250694	-0.323309	-0.374736	-0.400319	-0.396949	-0.363441	-0.300471	-0.210264	-0.0960665	0.0384666	0.189348	0.351144	0.515214	0.669329	0.800601	0.900596	0.967837	1.00419	1.00829	0.973421	0.893124	0.769662	0.6175	0.458911	
-0.00979927	-0.0726685	-0.120346	-0.149039	-0.155854	-0.138921	-0.0973015	-0.0309005	0.0594626	0.171745	0.302055	0.443791	0.587249	0.72077	0.833765	0.919992	0.97813	1.00833	1.00765	0.969342	0.887963	0.766182	0.6175	0.462433	0.321026	
0.21084	0.187932	0.173753	0.170537	0.180627	0.206418	0.250045	0.312753	0.39406	0.490972	0.597593	0.705588	0.805795	0.890565	0.955418	0.998481	1.0177	1.00823	0.963111	0.877895	0.755908	0.609977	0.458911	0.321026	0.208644	
0.451601	0.477668	0.506137	0.537899	0.574242	0.616533	0.66567	0.721459	0.782166	0.844504	0.904178	0.956911	0.999442	1.0297	1.04565	1.04349	1.01683	0.958573	0.865067	0.740115	0.595718	0.448743	0.315396	0.206567	0.12607	
0.666873	0.748145	0.828893	0.907244	0.981045	1.04788	1.10519	1.15062	1.18247	1.20019	1.20454	1.19729	1.18007	1.15279	1.11241	1.05325	0.969397	0.858474	0.724541	0.578289	0.434052	0.305286	0.200824	0.123478	0.0709826	
0.846263	0.978386	1.10791	1.2299	1.33876	1.42877	1.49494	1.53392	1.5447	1.52873	1.48934	1.43039	1.35468	1.26293	1.154	1.02675	0.882519	0.726954	0.569799	0.422574	0.295309	0.193956	0.119556	0.0691329	0.0375099	
0.991553	1.15565	1.31397	1.46092	1.59048	1.69663	1.77402	1.81845	1.82727	1.79947	1.73553	1.63715	1.50708	1.34946	1.17036	0.978345	0.784239	0.599877	0.435981	0.300026	0.194993	0.119483	0.0689622	0.0374796	0.019184	
1.08577	1.26137	1.42836	1.58248	1.71934	1.83434	1.92248	1.97828	1.99594	1.96995	1.89622	1.77359	1.60535	1.40013	1.17165	0.936944	0.713439	0.515708	0.353019	0.22843	0.139555	0.08044	0.0437362	0.0224345	0.0108618	
1.10269	1.27954	1.44727	1.60199	1.73975	1.85628	1.94667	2.00515	2.02519	2.00026	1.92523	1.79832	1.62297	1.40881	1.17118	0.928793	0.700262	0.500541	0.338471	0.216192	0.130308	0.0740825	0.0397235	0.0200952	0.00959614	
1.03656	1.20728	1.37102	1.5226	1.65648	1.76711	1.84922	1.89814	1.91003	1.88211	1.81294	1.7029	1.55481	1.37467	1.17195	0.959188	0.750457	0.559093	0.395309	0.264569	0.167283	0.0997996	0.0561414	0.0297745	0.0148908	
0.908834	1.05646	1.20037	1.33502	1.45422	1.55172	1.62213	1.66175	1.66931	1.64592	1.59444	1.51823	1.41998	1.3013	1.16339	1.00867	0.842408	0.673203	0.511733	0.368251	0.249995	0.15974	0.0959494	0.0541532	0.0287237	
0.742999	0.846009	0.947643	1.04473	1.13361	1.21035	1.27117	1.31308	1.33464	1.33643	1.32094	1.29157	1.25084	1.19881	1.1324	1.04679	0.938322	0.807841	0.662272	0.513451	0.37461	0.256402	0.164364	0.0986284	0.0554149	
0.5423	0.590166	0.638818	0.688195	0.738485	0.789869	0.842106	0.894107	0.943803	0.988515	1.02574	1.05386	1.07221	1.08008	1.07509	1.05202	1.00369	0.92411	0.812651	0.676509	0.529571	0.388094	0.26561	0.169604	0.101059	
0.307681	0.303454	0.305167	0.314509	0.333517	0.364467	0.409482	0.469739	0.544439	0.630052	0.720423	0.807997	0.885736	0.948729	0.994317	1.02036	1.02279	0.994937	0.930268	0.827384	0.693659	0.544532	0.398601	0.27153	0.172064	
0.0722456	0.0238355	-0.0113904	-0.0303106	-0.0304239	-0.00990603	0.0324992	0.0975497	0.185144	0.29338	0.417452	0.54919	0.677976	0.793121	0.886767	0.955405	0.998334	1.01379	0.99639	0.939246	0.839978	0.705807	0.553371	0.403189	0.27256	
-0.110801	-0.191286	-0.255513	-0.298431	-0.315974	-0.305671	-0.266976	-0.20099	-0.109698	0.00458514	0.138963	0.288832	0.44659	0.601301	0.740421	0.853612	0.936176	0.988458	1.0108	0.99896	0.945538	0.847138	0.710944	0.554872	0.401213	
-0.215761	-0.309792	-0.390861	-0.453428	-0.492089	-0.502144	-0.480556	-0.426849	-0.343184	-0.233442	-0.101914	0.0474538	0.210633	0.381837	0.551458	0.706098	0.832796	0.924907	0.983138	1.00947	1.00047	0.948129	0.848323	0.708726	0.54891	
-0.250879	-0.342894	-0.427434	-0.499982	-0.555812	-0.589934	-0.597191	-0.573232	-0.515947	-0.42638	-0.308505	-0.167968	-0.0104497	0.159523	0.337719	0.516497	0.682147	0.819022	0.918194	0.980427	1.00896	1.00071	0.946988	0.843508	0.699274	
-0.231681	-0.313764	-0.395061	-0.471324	-0.537937	-0.590509	-0.624488	-0.634695	-0.615817	-0.563757	-0.477175	-0.358407	-0.213427	-0.0502553	0.124565	0.307478	0.49286	0.666914	0.811429	0.915462	0.980006	1.00918	0.999671	0.942109	0.832904	
-0.186181	-0.248688	-0.318827	-0.393526	-0.467636	-0.535174	-0.590636	-0.628944	-0.644991	-0.633494	-0.589539	-0.509731	-0.393654	-0.246252	-0.0779334	0.101661	0.288915	0.479924	0.660541	0.810184	0.916712	0.981854	1.01015	0.997403	0.933885	
-0.154993	-0.189598	-0.236128	-0.2953	-0.365245	-0.440491	-0.513565	-0.576693	-0.622751	-0.645776	-0.640763	-0.603638	-0.530508	-0.417914	-0.268612	-0.0951628	0.0894195	0.281308	0.477697	0.663256	0.815341	0.921918	0.986086	1.01224	0.994932	
-0.151699	-0.163192	-0.184251	-0.217861	-0.266908	-0.331343	-0.40677	-0.485527	-0.557759	-0.613533	-0.644389	-0.644396	-0.611416	-0.542895	-0.432593	-0.280789	-0.102199	0.0873955	0.284445	0.486206	0.674965	0.826713	0.931269	0.993704	1.01786	
-0.162258	-0.161232	-0.165364	-0.177995	-0.202914	-0.244251	-0.303069	-0.37675	-0.458636	-0.538191	-0.603719	-0.642858	-0.646751	-0.615563	-0.549041	-0.438496	-0.282726	-0.0990315	0.0955215	0.298433	0.505445	0.6954	0.844501	0.946583	1.00931	
-0.174703	-0.17184	-0.167342	-0.166098	-0.172223	-0.191186	-0.227643	-0.282676	-0.354821	-0.437599	-0.52132	-0.594968	-0.641585	-0.648143	-0.617208	-0.550133	-0.435989	-0.274427	-0.0857202	0.114046	0.323763	0.535657	0.725147	0.871594	0.97536	
-0.17071	-0.178592	-0.17917	-0.174627	-0.169283	-0.168816	-0.182069	-0.214472	-0.267922	-0.340919	-0.424147	-0.509742	-0.589266	-0.640876	-0.648344	-0.616653	-0.546327	-0.424891	-0.255994	-0.0622365	0.143865	0.361841	0.578766	0.768874	0.919029	
-0.143605	-0.160211	-0.174601	-0.181831	-0.181648	-0.175101	-0.169458	-0.176828	-0.203906	-0.256935	-0.333203	-0.417609	-0.504854	-0.588196	-0.641002	-0.647319	-0.61373	-0.536755	-0.404557	-0.227411	-0.0276921	0.187674	0.417032	0.642485	0.841874	
-0.120962	-0.13185	-0.148216	-0.16563	-0.178926	-0.184999	-0.179928	-0.173027	-0.175873	-0.196775	-0.250123	-0.330235	-0.416658	-0.507041	-0.592081	-0.64193	-0.645308	-0.607654	-0.519631	-0.37393	-0.18757	0.0217065	0.253023	0.501558	0.747091	
-0.115511	-0.11848	-0.125629	-0.140337	-0.157395	-0.174679	-0.184619	-0.181049	-0.176641	-0.177023	-0.193787	-0.248902	-0.33153	-0.420946	-0.516079	-0.599817	-0.643402	-0.642319	-0.59645	-0.492219	-0.330652	-0.131444	0.0969692	0.357769	0.64114	
