0.50667	0.555569	0.544328	0.458816	0.314177	0.141465	-0.0345601	-0.199117	-0.33994	-0.455323	-0.532773	-0.577017	-0.589229	-0.569588	-0.519415	-0.457121	-0.405146	-0.364212	-0.342352	-0.346901	-0.380932	-0.413643	-0.42078	-0.387061	-0.314818	
0.555569	0.581541	0.553083	0.458861	0.309245	0.123592	-0.0644235	-0.236093	-0.373488	-0.47942	-0.549752	-0.584768	-0.588995	-0.569776	-0.522065	-0.469483	-0.432981	-0.407866	-0.403209	-0.416519	-0.448838	-0.470022	-0.462743	-0.41602	-0.330351	
0.544328	0.553083	0.517849	0.424777	0.277994	0.0963245	-0.0936831	-0.261071	-0.396581	-0.500816	-0.564217	-0.585983	-0.575288	-0.547289	-0.507278	-0.468956	-0.444575	-0.437344	-0.445985	-0.468561	-0.499177	-0.514915	-0.495104	-0.436338	-0.335496	
0.458816	0.458861	0.424777	0.342649	0.207423	0.0415632	-0.141012	-0.306752	-0.442237	-0.53166	-0.583308	-0.589478	-0.558735	-0.514795	-0.480174	-0.455659	-0.445399	-0.455961	-0.480529	-0.512174	-0.535311	-0.540636	-0.506554	-0.434923	-0.319784	
0.314177	0.309245	0.277994	0.207423	0.0941996	-0.0543919	-0.224838	-0.379091	-0.499339	-0.570647	-0.605685	-0.594256	-0.544016	-0.485532	-0.44554	-0.429771	-0.436783	-0.468348	-0.508924	-0.543304	-0.562093	-0.551919	-0.495529	-0.401638	-0.269656	
0.141465	0.123592	0.0963245	0.0415632	-0.0543919	-0.18931	-0.338214	-0.46897	-0.563106	-0.614905	-0.621571	-0.588839	-0.525184	-0.456352	-0.413631	-0.408715	-0.433127	-0.479998	-0.530675	-0.564478	-0.576732	-0.550803	-0.468432	-0.335328	-0.172196	
-0.0345601	-0.0644235	-0.0936831	-0.141012	-0.224838	-0.338214	-0.456045	-0.55666	-0.62529	-0.65156	-0.627108	-0.573496	-0.500145	-0.430206	-0.393564	-0.396174	-0.43096	-0.487223	-0.545555	-0.577276	-0.571063	-0.521994	-0.409228	-0.240833	-0.0423992	
-0.199117	-0.236093	-0.261071	-0.306752	-0.379091	-0.46897	-0.55666	-0.621712	-0.664072	-0.667449	-0.624298	-0.554453	-0.477713	-0.411537	-0.374018	-0.379321	-0.424318	-0.486545	-0.541365	-0.556636	-0.525437	-0.449125	-0.30656	-0.114825	0.106774	
-0.33994	-0.373488	-0.396581	-0.442237	-0.499339	-0.563106	-0.62529	-0.664072	-0.680185	-0.663088	-0.60993	-0.533671	-0.458793	-0.392457	-0.351242	-0.356557	-0.398834	-0.454782	-0.495425	-0.48791	-0.431106	-0.32442	-0.165796	0.0456484	0.288366	
-0.455323	-0.47942	-0.500816	-0.53166	-0.570647	-0.614905	-0.65156	-0.667449	-0.663088	-0.63801	-0.583575	-0.510487	-0.436484	-0.368504	-0.322913	-0.318519	-0.340798	-0.368343	-0.3819	-0.359492	-0.285329	-0.160749	0.00983427	0.234402	0.489872	
-0.532773	-0.549752	-0.564217	-0.583308	-0.605685	-0.621571	-0.627108	-0.624298	-0.60993	-0.583575	-0.53883	-0.47882	-0.406046	-0.329883	-0.27085	-0.249109	-0.24368	-0.238081	-0.223194	-0.18059	-0.0952159	0.0383387	0.220141	0.448328	0.704776	
-0.577017	-0.584768	-0.585983	-0.589478	-0.594256	-0.588839	-0.573496	-0.554453	-0.533671	-0.510487	-0.47882	-0.431048	-0.356177	-0.271499	-0.197024	-0.14801	-0.116832	-0.0807525	-0.0414099	0.0207656	0.121131	0.259101	0.445091	0.671234	0.919964	
-0.589229	-0.588995	-0.575288	-0.558735	-0.544016	-0.525184	-0.500145	-0.477713	-0.458793	-0.436484	-0.406046	-0.356177	-0.281801	-0.190006	-0.10057	-0.028074	0.0351938	0.100366	0.16125	0.232583	0.331456	0.467528	0.651481	0.863961	1.09638	
-0.569588	-0.569776	-0.547289	-0.514795	-0.485532	-0.456352	-0.430206	-0.411537	-0.392457	-0.368504	-0.329883	-0.271499	-0.190006	-0.0932593	0.0104359	0.107352	0.200499	0.286118	0.357366	0.431165	0.52472	0.640524	0.802902	0.997369	1.2115	
-0.519415	-0.522065	-0.507278	-0.480174	-0.44554	-0.413631	-0.393564	-0.374018	-0.351242	-0.322913	-0.27085	-0.197024	-0.10057	0.0104359	0.130871	0.252028	0.365812	0.456678	0.528037	0.596595	0.674752	0.762044	0.892026	1.06425	1.26091	
-0.457121	-0.469483	-0.468956	-0.455659	-0.429771	-0.408715	-0.396174	-0.379321	-0.356557	-0.318519	-0.249109	-0.14801	-0.028074	0.107352	0.252028	0.393138	0.517089	0.604961	0.663766	0.71176	0.760063	0.817562	0.919045	1.05972	1.23226	
-0.405146	-0.432981	-0.444575	-0.445399	-0.436783	-0.433127	-0.43096	-0.424318	-0.398834	-0.340798	-0.24368	-0.116832	0.0351938	0.200499	0.365812	0.517089	0.638071	0.714147	0.753133	0.77039	0.780533	0.810304	0.876091	0.981223	1.11961	
-0.364212	-0.407866	-0.437344	-0.455961	-0.468348	-0.479998	-0.487223	-0.486545	-0.454782	-0.368343	-0.238081	-0.0807525	0.100366	0.286118	0.456678	0.604961	0.714147	0.774632	0.788448	0.771844	0.748278	0.7473	0.778885	0.843523	0.946723	
-0.342352	-0.403209	-0.445985	-0.480529	-0.508924	-0.530675	-0.545555	-0.541365	-0.495425	-0.3819	-0.223194	-0.0414099	0.16125	0.357366	0.528037	0.663766	0.753133	0.788448	0.771617	0.726287	0.677126	0.645832	0.645682	0.674511	0.741173	
-0.346901	-0.416519	-0.468561	-0.512174	-0.543304	-0.564478	-0.577276	-0.556636	-0.48791	-0.359492	-0.18059	0.0207656	0.232583	0.431165	0.596595	0.71176	0.77039	0.771844	0.726287	0.656814	0.582378	0.527338	0.49456	0.493738	0.524086	
-0.380932	-0.448838	-0.499177	-0.535311	-0.562093	-0.576732	-0.571063	-0.525437	-0.431106	-0.285329	-0.0952159	0.121131	0.331456	0.52472	0.674752	0.760063	0.780533	0.748278	0.677126	0.582378	0.484919	0.404095	0.343936	0.319959	0.339239	
-0.413643	-0.470022	-0.514915	-0.540636	-0.551919	-0.550803	-0.521994	-0.449125	-0.32442	-0.160749	0.0383387	0.259101	0.467528	0.640524	0.762044	0.817562	0.810304	0.7473	0.645832	0.527338	0.404095	0.295362	0.211635	0.177376	0.20313	
-0.42078	-0.462743	-0.495104	-0.506554	-0.495529	-0.468432	-0.409228	-0.30656	-0.165796	0.00983427	0.220141	0.445091	0.651481	0.802902	0.892026	0.919045	0.876091	0.778885	0.645682	0.49456	0.343936	0.211635	0.126362	0.0959478	0.125235	
-0.387061	-0.41602	-0.436338	-0.434923	-0.401638	-0.335328	-0.240833	-0.114825	0.0456484	0.234402	0.448328	0.671234	0.863961	0.997369	1.06425	1.05972	0.981223	0.843523	0.674511	0.493738	0.319959	0.177376	0.0959478	0.0747817	0.113341	
-0.314818	-0.330351	-0.335496	-0.319784	-0.269656	-0.172196	-0.0423992	0.106774	0.288366	0.489872	0.704776	0.919964	1.09638	1.2115	1.26091	1.23226	1.11961	0.946723	0.741173	0.524086	0.339239	0.20313	0.125235	0.113341	0.164318	
-0.210144	-0.204776	-0.198011	-0.169705	-0.10488	0.0144987	0.170825	0.341544	0.540937	0.751187	0.96206	1.16307	1.32042	1.42068	1.45674	1.40986	1.27681	1.07752	0.843395	0.604312	0.40965	0.283374	0.215341	0.207938	0.267759	
-0.101812	-0.0700926	-0.0438439	0.00167135	0.0823017	0.211058	0.382649	0.571525	0.774681	0.989545	1.1947	1.37681	1.51554	1.60704	1.63617	1.58133	1.43146	1.2108	0.962543	0.721497	0.525107	0.39663	0.341199	0.343812	0.410365	
-0.00908306	0.0448296	0.0966637	0.165976	0.271324	0.411975	0.583593	0.778311	0.979024	1.18606	1.38699	1.55247	1.67936	1.75826	1.77329	1.7114	1.56391	1.34136	1.08478	0.841669	0.647221	0.524988	0.473064	0.484626	0.553414	
0.0611339	0.130904	0.211649	0.314206	0.441294	0.591863	0.757979	0.942144	1.13744	1.34387	1.53503	1.69318	1.80568	1.8643	1.86206	1.80069	1.66425	1.45001	1.19308	0.944645	0.748292	0.62631	0.574196	0.591959	0.669511	
0.11436	0.192716	0.290372	0.414358	0.552823	0.70759	0.865993	1.03518	1.22918	1.43844	1.62486	1.78081	1.88375	1.91858	1.90364	1.84853	1.72107	1.513	1.26368	1.01435	0.806295	0.677921	0.627628	0.655848	0.740277	
0.126316	0.205391	0.304893	0.432261	0.572801	0.728054	0.885206	1.05093	1.2444	1.45351	1.64055	1.79658	1.89865	1.92653	1.90867	1.85554	1.73014	1.52434	1.27678	1.02693	0.815331	0.685823	0.635831	0.667713	0.751947	
0.0847783	0.158758	0.248698	0.362581	0.495626	0.648501	0.810727	0.988128	1.18301	1.39116	1.57919	1.73573	1.8436	1.89227	1.88403	1.82458	1.69232	1.4816	1.22715	0.977863	0.777628	0.65229	0.60117	0.623188	0.704663	
0.0211733	0.082701	0.146184	0.228013	0.343318	0.48905	0.658666	0.850729	1.04951	1.25428	1.45184	1.6144	1.73506	1.80635	1.81467	1.75245	1.609	1.38862	1.1306	0.885571	0.691699	0.570887	0.51869	0.532513	0.604078	
-0.0614203	-0.0211475	0.0152094	0.0689474	0.158293	0.29151	0.464281	0.65795	0.860689	1.07221	1.27664	1.45087	1.58508	1.67243	1.69656	1.63897	1.48725	1.26373	1.01249	0.770588	0.574913	0.448566	0.395161	0.402602	0.469007	
-0.166042	-0.149854	-0.136519	-0.102197	-0.0316333	0.092399	0.256463	0.434993	0.637411	0.851439	1.05897	1.2527	1.40214	1.49935	1.532	1.48079	1.34078	1.13076	0.889446	0.649361	0.452326	0.324969	0.262802	0.25843	0.322613	
-0.275841	-0.284218	-0.2842	-0.263138	-0.20701	-0.0996907	0.0422647	0.201005	0.390084	0.595586	0.80956	1.01921	1.18852	1.29709	1.34029	1.30353	1.18133	0.997705	0.77875	0.54918	0.360851	0.230081	0.155608	0.144702	0.1991	
-0.362028	-0.386655	-0.400739	-0.394201	-0.353705	-0.272976	-0.164603	-0.0294048	0.140248	0.333945	0.548755	0.769573	0.955471	1.08108	1.1411	1.12589	1.03294	0.880399	0.695915	0.50113	0.321726	0.180606	0.0999241	0.0826693	0.126715	
-0.412509	-0.44912	-0.476518	-0.482499	-0.461844	-0.419592	-0.346786	-0.23436	-0.0872008	0.0943698	0.306322	0.531899	0.734006	0.878472	0.956995	0.97163	0.913654	0.80025	0.653856	0.490442	0.329092	0.190268	0.107318	0.080613	0.113331	
-0.4204	-0.471136	-0.511911	-0.532304	-0.535132	-0.524789	-0.485135	-0.399631	-0.267018	-0.0977672	0.104694	0.327285	0.536254	0.699707	0.806947	0.851138	0.832173	0.757103	0.64216	0.510932	0.376723	0.258663	0.17158	0.136879	0.163701	
-0.395945	-0.460337	-0.508999	-0.540661	-0.5625	-0.572814	-0.558124	-0.501839	-0.39631	-0.241405	-0.0472392	0.171748	0.380167	0.566681	0.707759	0.781257	0.788866	0.743008	0.660538	0.557585	0.450356	0.357644	0.286958	0.257431	0.280094	
-0.358458	-0.427962	-0.480365	-0.522967	-0.553077	-0.572139	-0.579312	-0.548476	-0.469711	-0.335938	-0.152358	0.0562186	0.268661	0.466606	0.626329	0.729739	0.773829	0.762165	0.706702	0.626703	0.542251	0.477485	0.433871	0.42152	0.444239	
-0.339753	-0.406531	-0.453483	-0.492803	-0.523657	-0.546406	-0.562528	-0.553619	-0.4995	-0.378632	-0.209743	-0.020388	0.187699	0.385667	0.555159	0.684692	0.762405	0.784043	0.754806	0.699558	0.640551	0.599881	0.585943	0.603042	0.652523	
-0.353244	-0.403651	-0.439041	-0.464813	-0.485073	-0.501159	-0.511974	-0.511514	-0.47554	-0.37665	-0.23438	-0.0665874	0.12464	0.315526	0.48588	0.630057	0.732936	0.784788	0.786768	0.758454	0.724078	0.710177	0.729324	0.778311	0.867827	
-0.387499	-0.421528	-0.439749	-0.447036	-0.447068	-0.449297	-0.450945	-0.447803	-0.420797	-0.352007	-0.2421	-0.102335	0.0618007	0.236692	0.405439	0.557236	0.674431	0.745224	0.774758	0.777127	0.772888	0.790896	0.842941	0.931459	1.05576	
-0.434163	-0.4532	-0.456833	-0.448888	-0.429671	-0.415877	-0.407662	-0.394275	-0.369991	-0.325844	-0.245952	-0.135494	-0.00316124	0.144841	0.299238	0.445765	0.570192	0.653963	0.70566	0.741512	0.775216	0.82253	0.909841	1.0373	1.19654	
-0.494521	-0.49932	-0.490551	-0.469597	-0.436497	-0.407696	-0.390061	-0.370291	-0.347015	-0.316282	-0.258531	-0.174253	-0.0690829	0.0505407	0.179395	0.309321	0.428901	0.519456	0.587174	0.649528	0.717104	0.792248	0.910874	1.07079	1.25967	
-0.552088	-0.554153	-0.53287	-0.499791	-0.466439	-0.433993	-0.41041	-0.391894	-0.371402	-0.346332	-0.302411	-0.239216	-0.152656	-0.0517277	0.0580363	0.16535	0.26706	0.355965	0.429286	0.502829	0.591495	0.696327	0.845637	1.03262	1.23905	
-0.585801	-0.584525	-0.565239	-0.54117	-0.519965	-0.496561	-0.470298	-0.448445	-0.430683	-0.407544	-0.375401	-0.322522	-0.246046	-0.152736	-0.0580282	0.0241307	0.100506	0.175866	0.241489	0.314626	0.412181	0.541686	0.720313	0.925032	1.15025	
-0.585309	-0.589294	-0.585216	-0.580479	-0.57734	-0.566199	-0.545441	-0.524075	-0.503079	-0.480489	-0.450751	-0.403664	-0.329562	-0.241285	-0.16062	-0.102173	-0.0584513	-0.010131	0.038852	0.105251	0.206755	0.345692	0.531958	0.754058	0.997147	
-0.554584	-0.568275	-0.577567	-0.591315	-0.606886	-0.612692	-0.608512	-0.598259	-0.580776	-0.555582	-0.517015	-0.461915	-0.388926	-0.30927	-0.243749	-0.211987	-0.196149	-0.178271	-0.153299	-0.101419	-0.00989751	0.125615	0.309701	0.537851	0.792995	
