0.107806	0.276378	0.417744	0.534132	0.629055	0.683836	0.691033	0.670319	0.638333	0.602802	0.566219	0.51972	0.456102	0.38219	0.326085	0.290329	0.2577	0.216718	0.177474	0.135727	0.0839044	0.0342764	-0.0059509	-0.0554682	-0.112247	
0.276378	0.433715	0.56447	0.672377	0.753102	0.795983	0.791124	0.763524	0.721949	0.673106	0.61615	0.552089	0.479698	0.405359	0.341204	0.295636	0.2542	0.206554	0.158862	0.106907	0.0435546	-0.018847	-0.0670847	-0.121817	-0.169845	
0.417744	0.56447	0.688249	0.793651	0.866582	0.900583	0.89432	0.86322	0.815041	0.750741	0.669271	0.579253	0.501041	0.428579	0.365584	0.316117	0.266493	0.210289	0.153397	0.0890323	0.0130426	-0.0643378	-0.127929	-0.188462	-0.231548	
0.534132	0.672377	0.793651	0.895668	0.967529	1.00532	1.00563	0.974839	0.919567	0.841297	0.742227	0.634902	0.547272	0.472596	0.408686	0.356618	0.29949	0.232335	0.160372	0.0793143	-0.0118846	-0.104215	-0.184278	-0.250741	-0.287461	
0.629055	0.753102	0.866582	0.967529	1.04879	1.10141	1.11003	1.07908	1.01994	0.937941	0.830865	0.717876	0.618185	0.539379	0.476706	0.41842	0.349031	0.265641	0.172341	0.0771595	-0.0216198	-0.127897	-0.226139	-0.300328	-0.328853	
0.683836	0.795983	0.900583	1.00532	1.10141	1.16347	1.18396	1.15773	1.10146	1.02181	0.916966	0.804758	0.707573	0.631386	0.565685	0.493489	0.408564	0.306686	0.198391	0.0910982	-0.0216679	-0.142875	-0.255535	-0.325026	-0.343292	
0.691033	0.791124	0.89432	1.00563	1.11003	1.18396	1.21321	1.198	1.15895	1.09268	0.995959	0.896315	0.809722	0.736084	0.65952	0.572839	0.474512	0.355776	0.234076	0.11008	-0.0250062	-0.162329	-0.273949	-0.327588	-0.323179	
0.670319	0.763524	0.86322	0.974839	1.07908	1.15773	1.198	1.21353	1.19862	1.14909	1.06848	0.986677	0.90843	0.830883	0.743189	0.646006	0.534957	0.407502	0.274964	0.128369	-0.0267017	-0.173218	-0.278594	-0.321006	-0.29172	
0.638333	0.721949	0.815041	0.919567	1.01994	1.10146	1.15895	1.19862	1.20581	1.17871	1.11975	1.04581	0.972449	0.898588	0.807514	0.698848	0.582271	0.455952	0.313683	0.153114	-0.0171742	-0.166014	-0.266438	-0.292093	-0.245155	
0.602802	0.673106	0.750741	0.841297	0.937941	1.02181	1.09268	1.14909	1.17871	1.17507	1.13871	1.07407	1.00338	0.927367	0.83466	0.731983	0.622748	0.500949	0.357138	0.192668	0.015171	-0.135014	-0.229079	-0.242681	-0.186922	
0.566219	0.61615	0.669271	0.742227	0.830865	0.916966	0.995959	1.06848	1.11975	1.13871	1.1245	1.07137	1.00688	0.934199	0.846798	0.752636	0.651004	0.535105	0.399988	0.236132	0.0627708	-0.0790056	-0.164673	-0.178126	-0.122409	
0.51972	0.552089	0.579253	0.634902	0.717876	0.804758	0.896315	0.986677	1.04581	1.07407	1.07137	1.03882	0.988283	0.927849	0.854087	0.769295	0.67488	0.56273	0.434662	0.27827	0.112158	-0.023766	-0.09867	-0.1166	-0.0597094	
0.456102	0.479698	0.501041	0.547272	0.618185	0.707573	0.809722	0.90843	0.972449	1.00338	1.00688	0.988283	0.95496	0.916082	0.863912	0.791158	0.702658	0.591567	0.461148	0.306787	0.145473	0.0126535	-0.0637064	-0.0805976	-0.0331694	
0.38219	0.405359	0.428579	0.472596	0.539379	0.631386	0.736084	0.830883	0.898588	0.927367	0.934199	0.927849	0.916082	0.895846	0.857697	0.803673	0.729724	0.621776	0.482937	0.321843	0.159471	0.0172476	-0.0696908	-0.0933405	-0.0591122	
0.326085	0.341204	0.365584	0.408686	0.476706	0.565685	0.65952	0.743189	0.807514	0.83466	0.846798	0.854087	0.863912	0.857697	0.839519	0.804767	0.740927	0.638176	0.496261	0.330087	0.154656	-0.00814618	-0.112172	-0.153733	-0.136725	
0.290329	0.295636	0.316117	0.356618	0.41842	0.493489	0.572839	0.646006	0.698848	0.731983	0.752636	0.769295	0.791158	0.803673	0.804767	0.787058	0.7248	0.617031	0.473913	0.304974	0.123466	-0.0476492	-0.172978	-0.242659	-0.244939	
0.2577	0.2542	0.266493	0.29949	0.349031	0.408564	0.474512	0.534957	0.582271	0.622748	0.651004	0.67488	0.702658	0.729724	0.740927	0.7248	0.66338	0.549557	0.401756	0.231419	0.0536552	-0.109539	-0.247134	-0.343125	-0.371597	
0.216718	0.206554	0.210289	0.232335	0.265641	0.306686	0.355776	0.407502	0.455952	0.500949	0.535105	0.56273	0.591567	0.621776	0.638176	0.617031	0.549557	0.43198	0.281518	0.115417	-0.0510014	-0.206337	-0.349105	-0.45565	-0.502917	
0.177474	0.158862	0.153397	0.160372	0.172341	0.198391	0.234076	0.274964	0.313683	0.357138	0.399988	0.434662	0.461148	0.482937	0.496261	0.473913	0.401756	0.281518	0.130014	-0.0305468	-0.182709	-0.327968	-0.464438	-0.570178	-0.622698	
0.135727	0.106907	0.0890323	0.0793143	0.0771595	0.0910982	0.11008	0.128369	0.153114	0.192668	0.236132	0.27827	0.306787	0.321843	0.330087	0.304974	0.231419	0.115417	-0.0305468	-0.183055	-0.323758	-0.452833	-0.573495	-0.669	-0.710185	
0.0839044	0.0435546	0.0130426	-0.0118846	-0.0216198	-0.0216679	-0.0250062	-0.0267017	-0.0171742	0.015171	0.0627708	0.112158	0.145473	0.159471	0.154656	0.123466	0.0536552	-0.0510014	-0.182709	-0.323758	-0.456626	-0.571493	-0.667951	-0.73047	-0.739125	
0.0342764	-0.018847	-0.0643378	-0.104215	-0.127897	-0.142875	-0.162329	-0.173218	-0.166014	-0.135014	-0.0790056	-0.023766	0.0126535	0.0172476	-0.00814618	-0.0476492	-0.109539	-0.206337	-0.327968	-0.452833	-0.571493	-0.672421	-0.734703	-0.739229	-0.693734	
-0.0059509	-0.0670847	-0.127929	-0.184278	-0.226139	-0.255535	-0.273949	-0.278594	-0.266438	-0.229079	-0.164673	-0.09867	-0.0637064	-0.0696908	-0.112172	-0.172978	-0.247134	-0.349105	-0.464438	-0.573495	-0.667951	-0.734703	-0.745655	-0.689808	-0.565948	
-0.0554682	-0.121817	-0.188462	-0.250741	-0.300328	-0.325026	-0.327588	-0.321006	-0.292093	-0.242681	-0.178126	-0.1166	-0.0805976	-0.0933405	-0.153733	-0.242659	-0.343125	-0.45565	-0.570178	-0.669	-0.73047	-0.739229	-0.689808	-0.559519	-0.354207	
-0.112247	-0.169845	-0.231548	-0.287461	-0.328853	-0.343292	-0.323179	-0.29172	-0.245155	-0.186922	-0.122409	-0.0597094	-0.0331694	-0.0591122	-0.136725	-0.244939	-0.371597	-0.502917	-0.622698	-0.710185	-0.739125	-0.693734	-0.565948	-0.354207	-0.0572125	
-0.149809	-0.194466	-0.240271	-0.283739	-0.309147	-0.304494	-0.261723	-0.20404	-0.140795	-0.0773517	-0.00933931	0.046259	0.065999	0.0261528	-0.0649775	-0.18782	-0.330694	-0.472546	-0.601295	-0.685298	-0.691082	-0.59837	-0.397922	-0.096221	0.293768	
-0.165013	-0.198878	-0.22725	-0.254084	-0.255472	-0.218279	-0.151719	-0.0726451	0.000573508	0.066429	0.135216	0.189063	0.202316	0.160766	0.059505	-0.0833332	-0.24178	-0.392828	-0.525245	-0.609371	-0.60133	-0.465143	-0.193969	0.1912	0.66817	
-0.18294	-0.205492	-0.220863	-0.224824	-0.196392	-0.123837	-0.0267826	0.0746219	0.162704	0.228088	0.28837	0.343926	0.355635	0.312641	0.205059	0.0397369	-0.140366	-0.313266	-0.452591	-0.522836	-0.486164	-0.306161	0.0202513	0.474086	1.02565	
-0.196055	-0.216638	-0.22153	-0.203975	-0.148926	-0.0465514	0.0800614	0.204491	0.305351	0.377922	0.437704	0.490403	0.500343	0.449205	0.328395	0.150427	-0.0504248	-0.248958	-0.399902	-0.454048	-0.38315	-0.166631	0.196509	0.700527	1.30593	
-0.197213	-0.218041	-0.217448	-0.185378	-0.115598	0.00150484	0.144283	0.283089	0.396063	0.485993	0.548391	0.590999	0.598043	0.540714	0.411408	0.22383	0.00313721	-0.207874	-0.364566	-0.413494	-0.323916	-0.0889545	0.29696	0.829244	1.46974	
-0.197529	-0.217203	-0.21533	-0.180755	-0.107427	0.0109023	0.155368	0.296978	0.41385	0.50811	0.570218	0.610217	0.616022	0.557612	0.42861	0.23844	0.0124124	-0.200984	-0.357469	-0.405346	-0.313616	-0.0773625	0.312107	0.84935	1.49862	
-0.197427	-0.218877	-0.220478	-0.196055	-0.133561	-0.0229827	0.112053	0.243402	0.349228	0.42859	0.488996	0.538516	0.547879	0.492871	0.367326	0.185371	-0.0238497	-0.228881	-0.38318	-0.434814	-0.353481	-0.127026	0.247002	0.765335	1.38692	
-0.189457	-0.210402	-0.221261	-0.215962	-0.17657	-0.0901468	0.0199911	0.130246	0.224015	0.290863	0.34957	0.404593	0.415891	0.370589	0.258079	0.0872345	-0.101526	-0.28589	-0.429903	-0.492655	-0.440887	-0.244541	0.0977153	0.574528	1.14942	
-0.17147	-0.199749	-0.223283	-0.241317	-0.23073	-0.179565	-0.101159	-0.0132652	0.0651757	0.130098	0.196555	0.251047	0.262973	0.222133	0.118021	-0.034418	-0.200899	-0.358763	-0.492841	-0.573369	-0.556565	-0.403351	-0.107089	0.307213	0.816746	
-0.157321	-0.197673	-0.236134	-0.273415	-0.290577	-0.27374	-0.222628	-0.15574	-0.0882925	-0.0231539	0.0458852	0.0995649	0.117099	0.0755165	-0.0214914	-0.150567	-0.299038	-0.443507	-0.574024	-0.659489	-0.659958	-0.549571	-0.319698	0.0182345	0.442728	
-0.130845	-0.182461	-0.238785	-0.290837	-0.326162	-0.334917	-0.305833	-0.262332	-0.209049	-0.148351	-0.0828469	-0.0217897	0.000978366	-0.0313682	-0.114182	-0.228405	-0.36295	-0.499919	-0.623396	-0.708176	-0.725785	-0.661145	-0.502668	-0.256723	0.0782802	
-0.0787794	-0.143398	-0.209503	-0.269978	-0.317889	-0.338708	-0.33178	-0.31774	-0.281391	-0.22728	-0.163242	-0.10232	-0.0693665	-0.0861731	-0.153686	-0.252235	-0.363552	-0.482681	-0.598878	-0.693697	-0.741263	-0.726901	-0.647619	-0.485237	-0.244351	
-0.023288	-0.0879125	-0.152109	-0.212355	-0.260212	-0.289804	-0.303454	-0.304203	-0.286038	-0.244326	-0.179493	-0.113363	-0.0778812	-0.0860617	-0.135633	-0.207848	-0.292573	-0.397825	-0.511369	-0.616096	-0.698748	-0.743724	-0.731797	-0.647428	-0.49184	
0.0174084	-0.0389288	-0.0913662	-0.13818	-0.169192	-0.190681	-0.211966	-0.22182	-0.213514	-0.180604	-0.12149	-0.0613877	-0.0253093	-0.0261091	-0.0584791	-0.104279	-0.167875	-0.265367	-0.384965	-0.502392	-0.611909	-0.702296	-0.746643	-0.728613	-0.653265	
0.0627812	0.0169897	-0.0185055	-0.0492415	-0.0640534	-0.0693342	-0.0809941	-0.0878827	-0.0821498	-0.0504887	0.000329422	0.0520168	0.0871005	0.0991094	0.0858409	0.0516107	-0.014936	-0.114605	-0.241191	-0.37673	-0.504932	-0.616109	-0.698692	-0.739257	-0.729722	
0.11591	0.0827193	0.0596638	0.0439665	0.0386033	0.0470119	0.0572281	0.0666078	0.085123	0.121982	0.165738	0.211006	0.241345	0.255742	0.259787	0.232566	0.160065	0.0483788	-0.0926417	-0.241077	-0.378021	-0.501454	-0.614125	-0.699899	-0.73011	
0.162135	0.139776	0.129076	0.129152	0.134646	0.155112	0.185288	0.218013	0.251759	0.293171	0.337329	0.376034	0.402437	0.420611	0.43256	0.409035	0.335703	0.215614	0.0654117	-0.0922377	-0.239836	-0.378492	-0.509002	-0.61257	-0.663276	
0.200399	0.186761	0.187147	0.204573	0.228667	0.263783	0.307293	0.355208	0.401236	0.446978	0.484249	0.514132	0.54152	0.569374	0.585039	0.563235	0.493573	0.374792	0.223517	0.0591999	-0.100765	-0.252771	-0.394698	-0.501561	-0.553451	
0.242154	0.23609	0.245024	0.273471	0.316761	0.369286	0.428245	0.485061	0.533082	0.57568	0.606321	0.631741	0.660896	0.691191	0.705108	0.68676	0.623093	0.507967	0.358987	0.189761	0.0157927	-0.144417	-0.284912	-0.386816	-0.424275	
0.278092	0.27955	0.296843	0.335489	0.392627	0.461256	0.535954	0.603884	0.653069	0.688843	0.713309	0.733066	0.758313	0.777564	0.783102	0.768075	0.706363	0.59666	0.451782	0.280572	0.100037	-0.0686159	-0.199356	-0.281421	-0.295093	
0.309738	0.321453	0.344314	0.38728	0.454243	0.538832	0.626527	0.705164	0.765309	0.795008	0.809735	0.821998	0.837029	0.838281	0.828252	0.801704	0.738928	0.634877	0.492995	0.325855	0.146387	-0.0226999	-0.135879	-0.187627	-0.177181	
0.356613	0.377934	0.401638	0.444521	0.512365	0.604362	0.705922	0.796985	0.864725	0.891605	0.90034	0.899198	0.897434	0.882557	0.851667	0.804575	0.735958	0.631223	0.490694	0.326759	0.158995	0.00940946	-0.0827264	-0.111427	-0.0843362	
0.426262	0.4492	0.471699	0.5173	0.584322	0.674936	0.780097	0.878177	0.944197	0.975343	0.979704	0.965916	0.940361	0.910016	0.863546	0.798469	0.715534	0.6042	0.46999	0.313261	0.153706	0.0187306	-0.0610101	-0.0797757	-0.0373843	
0.496498	0.524008	0.546901	0.596714	0.675752	0.763213	0.858887	0.954856	1.0159	1.04546	1.04592	1.01935	0.976168	0.923714	0.858544	0.778176	0.684768	0.573553	0.446318	0.292254	0.128275	-0.0063103	-0.0805606	-0.0972375	-0.0431681	
0.549391	0.59128	0.632399	0.698549	0.785192	0.871136	0.955152	1.03498	1.09042	1.11501	1.10641	1.06164	1.00127	0.932286	0.849633	0.758106	0.659862	0.547181	0.414882	0.253388	0.0826436	-0.0551363	-0.135616	-0.152085	-0.0949382	
