1.11885	1.1538	1.19806	1.24617	1.28044	1.28753	1.26223	1.21822	1.16998	1.13223	1.09604	1.05879	1.01749	0.9722	0.921799	0.864384	0.780229	0.6736	0.553333	0.409639	0.227415	0.0143953	-0.207093	-0.410089	-0.56306	
1.11139	1.12343	1.14654	1.1779	1.20173	1.20641	1.18933	1.15929	1.13063	1.11592	1.10297	1.08379	1.05822	1.02494	0.997632	0.970593	0.922696	0.852055	0.752274	0.621164	0.453215	0.257016	0.0445911	-0.167255	-0.344988	
1.04325	1.03962	1.04223	1.04957	1.05615	1.05783	1.05261	1.04458	1.04008	1.04129	1.04573	1.04391	1.03928	1.03159	1.03213	1.03505	1.02598	0.993829	0.925695	0.817716	0.66937	0.49169	0.289231	0.0773839	-0.111851	
0.913823	0.891928	0.873579	0.864327	0.863316	0.863128	0.863595	0.868501	0.883798	0.904993	0.926206	0.941193	0.956071	0.978958	1.0132	1.04546	1.07146	1.07822	1.0464	0.960075	0.83288	0.674357	0.485805	0.286804	0.0979857	
0.727599	0.69162	0.657093	0.634754	0.623182	0.620304	0.629342	0.646651	0.676969	0.713096	0.751743	0.785898	0.820277	0.869109	0.935278	0.995617	1.05559	1.09141	1.08391	1.0197	0.915835	0.779387	0.610622	0.431602	0.257231	
0.498378	0.450222	0.403959	0.368713	0.346374	0.342097	0.357481	0.388091	0.431151	0.478689	0.529568	0.578403	0.633825	0.713985	0.813337	0.89967	0.974694	1.02042	1.02613	0.98821	0.911859	0.801728	0.661487	0.511013	0.359794	
0.25152	0.185097	0.125691	0.0811836	0.0573238	0.0542751	0.0685991	0.105982	0.159731	0.225153	0.288877	0.346531	0.416767	0.521689	0.644765	0.752571	0.829415	0.875016	0.887565	0.871494	0.827737	0.748102	0.643482	0.527449	0.409996	
0.0059209	-0.0746768	-0.140604	-0.188147	-0.213823	-0.218202	-0.20061	-0.161998	-0.103298	-0.026911	0.0518221	0.122287	0.200761	0.308961	0.435593	0.554828	0.635492	0.67741	0.686022	0.682052	0.665218	0.620556	0.556164	0.482446	0.409962	
-0.201693	-0.284669	-0.352863	-0.403354	-0.432415	-0.437284	-0.417526	-0.375724	-0.314007	-0.235423	-0.154246	-0.0796758	-0.000488521	0.101797	0.217682	0.327155	0.402613	0.439247	0.450562	0.45625	0.457428	0.443277	0.418669	0.395996	0.370592	
-0.349392	-0.420553	-0.489472	-0.536074	-0.56149	-0.566029	-0.548045	-0.51107	-0.450045	-0.376953	-0.308391	-0.241449	-0.165869	-0.0755552	0.0219723	0.10164	0.158728	0.186796	0.195101	0.207266	0.226359	0.241082	0.25311	0.275844	0.30536	
-0.428499	-0.490381	-0.543248	-0.58217	-0.600908	-0.604008	-0.592222	-0.560728	-0.513423	-0.453072	-0.392447	-0.330616	-0.268938	-0.197603	-0.134828	-0.089617	-0.0625621	-0.0536194	-0.0519005	-0.0339381	0.0027569	0.0453594	0.0861972	0.144614	0.221713	
-0.428123	-0.482537	-0.523121	-0.548946	-0.560656	-0.562655	-0.555478	-0.535038	-0.500581	-0.450772	-0.394796	-0.341741	-0.29548	-0.250848	-0.225875	-0.22412	-0.237382	-0.252895	-0.257797	-0.235845	-0.189929	-0.131144	-0.0664467	0.0206399	0.130313	
-0.347683	-0.398324	-0.432706	-0.451923	-0.456191	-0.455459	-0.454943	-0.442377	-0.413882	-0.36881	-0.319105	-0.283044	-0.254032	-0.236474	-0.247317	-0.286943	-0.334201	-0.372789	-0.393864	-0.382422	-0.339899	-0.27788	-0.194995	-0.0859782	0.0468138	
-0.219417	-0.266809	-0.297008	-0.310516	-0.316339	-0.317101	-0.31349	-0.304241	-0.281165	-0.239779	-0.192239	-0.165578	-0.158115	-0.165538	-0.196117	-0.258922	-0.331343	-0.397099	-0.443034	-0.456737	-0.438252	-0.386129	-0.295717	-0.166465	-0.00857259	
-0.0611702	-0.108024	-0.137833	-0.150584	-0.160356	-0.16326	-0.154725	-0.143772	-0.122801	-0.0809371	-0.0328171	-0.00176862	-0.00611261	-0.027171	-0.0699293	-0.149231	-0.244634	-0.338045	-0.413932	-0.466103	-0.482914	-0.450036	-0.364958	-0.232497	-0.0585461	
0.106856	0.0573011	0.0238613	0.00892309	-0.000839659	-0.00352448	0.00508207	0.0162519	0.0414323	0.0861922	0.138777	0.179441	0.188455	0.166494	0.111094	0.0165501	-0.100399	-0.217755	-0.324443	-0.416242	-0.471403	-0.46943	-0.409219	-0.286767	-0.105704	
0.258935	0.201072	0.167409	0.148224	0.133744	0.131399	0.142027	0.158376	0.184619	0.234353	0.295991	0.351315	0.377611	0.364195	0.304011	0.205943	0.0788293	-0.0550271	-0.189233	-0.318674	-0.414667	-0.454221	-0.427023	-0.318219	-0.135353	
0.38674	0.322182	0.280175	0.251316	0.228247	0.223705	0.240828	0.267742	0.302363	0.358665	0.43027	0.495845	0.533212	0.524207	0.472121	0.380406	0.256361	0.117963	-0.0407279	-0.204628	-0.334071	-0.40839	-0.409578	-0.318602	-0.141585	
0.488991	0.423205	0.366949	0.325593	0.301373	0.296214	0.313445	0.348947	0.399176	0.461546	0.532865	0.601799	0.64402	0.638352	0.594591	0.513789	0.402711	0.266259	0.0976333	-0.0819672	-0.23522	-0.336755	-0.366289	-0.298088	-0.138813	
0.55346	0.491556	0.433055	0.387901	0.364069	0.359471	0.375861	0.413405	0.46694	0.529097	0.591327	0.658169	0.701599	0.706207	0.668848	0.604532	0.517298	0.394033	0.230249	0.0446922	-0.128758	-0.255789	-0.310387	-0.270982	-0.144095	
0.586872	0.530476	0.4776	0.434378	0.402903	0.396338	0.420149	0.458954	0.508427	0.564052	0.621438	0.674462	0.717467	0.729696	0.710649	0.667937	0.602943	0.496977	0.341473	0.154458	-0.0332181	-0.178843	-0.252907	-0.246428	-0.166732	
0.603141	0.552695	0.500621	0.446143	0.407076	0.400793	0.427161	0.478311	0.532876	0.583703	0.628778	0.668345	0.704927	0.727576	0.729156	0.711634	0.658874	0.559786	0.415982	0.230087	0.0318064	-0.128605	-0.2201	-0.244522	-0.205565	
0.581597	0.549149	0.491579	0.426732	0.38642	0.379433	0.406459	0.464581	0.529293	0.570814	0.598145	0.635351	0.677369	0.707661	0.725083	0.720921	0.677693	0.58615	0.446059	0.262823	0.0614252	-0.108763	-0.217751	-0.271464	-0.264173	
0.527512	0.499514	0.449209	0.383929	0.342555	0.336457	0.362717	0.422726	0.483345	0.516978	0.546538	0.58853	0.635005	0.673276	0.692493	0.688911	0.652526	0.564819	0.431067	0.26158	0.073749	-0.101677	-0.232356	-0.308662	-0.322663	
0.46701	0.434165	0.393173	0.344022	0.307474	0.300172	0.326505	0.373927	0.419404	0.453045	0.491538	0.540912	0.592009	0.634857	0.647982	0.631848	0.589717	0.504228	0.377459	0.224988	0.0537639	-0.118006	-0.259272	-0.352641	-0.379982	
0.420077	0.386325	0.353539	0.315986	0.290903	0.28757	0.302964	0.338098	0.374342	0.404948	0.445785	0.503303	0.562217	0.600044	0.59606	0.569007	0.519788	0.431216	0.312883	0.17056	0.00675382	-0.159824	-0.300567	-0.403829	-0.43943	
0.386325	0.362568	0.336891	0.309239	0.294828	0.293534	0.301616	0.324616	0.353816	0.375283	0.41173	0.472514	0.534588	0.555848	0.541291	0.509784	0.454742	0.365518	0.252298	0.118032	-0.0405037	-0.20571	-0.350154	-0.456528	-0.497361	
0.353539	0.336891	0.324932	0.308778	0.298687	0.29764	0.3038	0.318723	0.332421	0.34535	0.373846	0.427054	0.478047	0.501275	0.489957	0.45394	0.396442	0.317179	0.216461	0.0844565	-0.0722017	-0.234987	-0.382439	-0.494161	-0.543811	
0.315986	0.309239	0.308778	0.302814	0.292312	0.289488	0.298516	0.307392	0.309319	0.311077	0.330302	0.366683	0.411303	0.441659	0.444123	0.409006	0.351751	0.283258	0.19391	0.0681067	-0.0858702	-0.247915	-0.399013	-0.516676	-0.577574	
0.290903	0.294828	0.298687	0.292312	0.281089	0.278176	0.287518	0.297505	0.297408	0.291162	0.298456	0.326231	0.370251	0.401618	0.408849	0.382366	0.328356	0.258774	0.176049	0.0575391	-0.0959996	-0.255293	-0.403368	-0.52506	-0.594019	
0.28757	0.293534	0.29764	0.289488	0.278176	0.275435	0.284517	0.295654	0.295889	0.289385	0.292114	0.320165	0.363374	0.395221	0.401729	0.377286	0.323704	0.253456	0.172685	0.0552279	-0.098912	-0.257337	-0.40239	-0.5258	-0.596383	
0.302964	0.301616	0.3038	0.298516	0.287518	0.284517	0.294321	0.302692	0.30308	0.300537	0.314957	0.346218	0.390664	0.421675	0.428093	0.396275	0.339959	0.271822	0.186038	0.0640349	-0.0898999	-0.251308	-0.401804	-0.521528	-0.586607	
0.338098	0.324616	0.318723	0.307392	0.297505	0.295654	0.302692	0.314854	0.322294	0.330705	0.356433	0.402948	0.450361	0.476964	0.470579	0.434188	0.376887	0.302432	0.206613	0.0762497	-0.0789911	-0.241309	-0.391064	-0.504681	-0.559078	
0.374342	0.353816	0.332421	0.309319	0.297408	0.295889	0.30308	0.322294	0.346233	0.364635	0.397641	0.457665	0.515828	0.53597	0.520492	0.486214	0.430161	0.343854	0.234609	0.101843	-0.0557593	-0.219696	-0.365038	-0.473671	-0.517509	
0.404948	0.375283	0.34535	0.311077	0.291162	0.289385	0.300537	0.330705	0.364635	0.391254	0.431059	0.491098	0.552666	0.583827	0.574362	0.545343	0.493442	0.402843	0.286614	0.148857	-0.0128394	-0.179422	-0.321566	-0.425788	-0.463163	
0.445785	0.41173	0.373846	0.330302	0.298456	0.292114	0.314957	0.356433	0.397641	0.431059	0.471305	0.524221	0.578907	0.620767	0.627736	0.60611	0.560968	0.47593	0.352353	0.204147	0.0362962	-0.132406	-0.273277	-0.37183	-0.403898	
0.503303	0.472514	0.427054	0.366683	0.326231	0.320165	0.346218	0.402948	0.457665	0.491098	0.524221	0.569215	0.61668	0.658156	0.675075	0.667912	0.630264	0.543802	0.412707	0.250557	0.0704088	-0.105003	-0.242	-0.325716	-0.344803	
0.562217	0.534588	0.478047	0.411303	0.370251	0.363374	0.390664	0.450361	0.515828	0.552666	0.578907	0.61668	0.662238	0.695306	0.715042	0.712788	0.672802	0.583561	0.445019	0.266787	0.0691461	-0.104129	-0.222318	-0.285797	-0.28849	
0.600044	0.555848	0.501275	0.441659	0.401618	0.395221	0.421675	0.476964	0.53597	0.583827	0.620767	0.658156	0.695306	0.722184	0.730576	0.720066	0.671206	0.575223	0.434154	0.248498	0.0458015	-0.118583	-0.215482	-0.251996	-0.227542	
0.59606	0.541291	0.489957	0.444123	0.408849	0.401729	0.428093	0.470579	0.520492	0.574362	0.627736	0.675075	0.715042	0.730576	0.720675	0.688619	0.629175	0.527178	0.375518	0.189539	-0.00224158	-0.154558	-0.235788	-0.242749	-0.179821	
0.569007	0.509784	0.45394	0.409006	0.382366	0.377286	0.396275	0.434188	0.486214	0.545343	0.60611	0.667912	0.712788	0.720066	0.688619	0.632371	0.554688	0.439477	0.278784	0.091709	-0.088486	-0.223594	-0.286756	-0.259288	-0.151162	
0.519788	0.454742	0.396442	0.351751	0.328356	0.323704	0.339959	0.376887	0.430161	0.493442	0.560968	0.630264	0.672802	0.671206	0.629175	0.554688	0.451835	0.319741	0.151935	-0.0310412	-0.192993	-0.304948	-0.345062	-0.287355	-0.139043	
0.431216	0.365518	0.317179	0.283258	0.258774	0.253456	0.271822	0.302432	0.343854	0.402843	0.47593	0.543802	0.583561	0.575223	0.527178	0.439477	0.319741	0.180713	0.0153034	-0.156318	-0.296326	-0.382067	-0.394012	-0.311976	-0.140402	
0.312883	0.252298	0.216461	0.19391	0.176049	0.172685	0.186038	0.206613	0.234609	0.286614	0.352353	0.412707	0.445019	0.434154	0.375518	0.278784	0.151935	0.0153034	-0.129483	-0.274011	-0.38483	-0.439353	-0.424283	-0.321969	-0.14086	
0.17056	0.118032	0.0844565	0.0681067	0.0575391	0.0552279	0.0640349	0.0762497	0.101843	0.148857	0.204147	0.250557	0.266787	0.248498	0.189539	0.091709	-0.0310412	-0.156318	-0.274011	-0.381128	-0.452952	-0.467559	-0.420797	-0.303062	-0.119685	
0.00675382	-0.0405037	-0.0722017	-0.0858702	-0.0959996	-0.098912	-0.0898999	-0.0789911	-0.0557593	-0.0128394	0.0362962	0.0704088	0.0691461	0.0458015	-0.00224158	-0.088486	-0.192993	-0.296326	-0.38483	-0.452952	-0.484979	-0.462764	-0.385385	-0.255745	-0.0790198	
-0.159824	-0.20571	-0.234987	-0.247915	-0.255293	-0.257337	-0.251308	-0.241309	-0.219696	-0.179422	-0.132406	-0.105003	-0.104129	-0.118583	-0.154558	-0.223594	-0.304948	-0.382067	-0.439353	-0.467559	-0.462764	-0.416997	-0.326542	-0.19401	-0.0281953	
-0.300567	-0.350154	-0.382439	-0.399013	-0.403368	-0.40239	-0.401804	-0.391064	-0.365038	-0.321566	-0.273277	-0.242	-0.222318	-0.215482	-0.235788	-0.286756	-0.345062	-0.394012	-0.424283	-0.420797	-0.385385	-0.326542	-0.238963	-0.120602	0.0221437	
-0.403829	-0.456528	-0.494161	-0.516676	-0.52506	-0.5258	-0.521528	-0.504681	-0.473671	-0.425788	-0.37183	-0.325716	-0.285797	-0.251996	-0.242749	-0.259288	-0.287355	-0.311976	-0.321969	-0.303062	-0.255745	-0.19401	-0.120602	-0.0251012	0.0940807	
-0.43943	-0.497361	-0.543811	-0.577574	-0.594019	-0.596383	-0.586607	-0.559078	-0.517509	-0.463163	-0.403898	-0.344803	-0.28849	-0.227542	-0.179821	-0.151162	-0.139043	-0.140402	-0.14086	-0.119685	-0.0790198	-0.0281953	0.0221437	0.0940807	0.185628	
