0.204298	0.199641	0.185086	0.162213	0.14005	0.135005	0.15259	0.176698	0.195072	0.203785	0.200938	0.181006	0.139759	0.0896499	0.0488896	0.0126351	-0.0264962	-0.0649008	-0.0950177	-0.119222	-0.150894	-0.203296	-0.27413	-0.350009	-0.414342	
0.202268	0.225184	0.241008	0.244045	0.239909	0.237752	0.24304	0.243657	0.232604	0.211802	0.184761	0.13854	0.0762103	0.00804307	-0.0460635	-0.0856107	-0.118754	-0.146252	-0.153417	-0.154153	-0.171005	-0.214129	-0.278303	-0.350306	-0.422383	
0.187431	0.23135	0.279402	0.315321	0.335605	0.338915	0.325342	0.295698	0.251062	0.203941	0.162891	0.107268	0.0321488	-0.0465828	-0.111481	-0.15816	-0.189035	-0.207855	-0.200246	-0.184638	-0.186335	-0.217916	-0.266199	-0.331769	-0.408108	
0.178382	0.25047	0.32856	0.389861	0.426255	0.431825	0.408698	0.354772	0.282633	0.205587	0.140562	0.0744426	-0.00429521	-0.0873684	-0.152198	-0.200614	-0.23447	-0.252353	-0.242195	-0.219247	-0.205779	-0.218736	-0.250987	-0.301847	-0.375924	
0.176358	0.275807	0.380857	0.469892	0.517813	0.524039	0.494558	0.420047	0.317938	0.214346	0.123536	0.0403922	-0.0446293	-0.128252	-0.195785	-0.244427	-0.27563	-0.291374	-0.281173	-0.26	-0.238761	-0.229691	-0.23818	-0.268986	-0.327811	
0.17824	0.310862	0.444263	0.547391	0.604264	0.6129	0.57704	0.489851	0.36627	0.228947	0.109185	0.00959467	-0.0846022	-0.174407	-0.246562	-0.295743	-0.324443	-0.342469	-0.334385	-0.312975	-0.285015	-0.252729	-0.233097	-0.242174	-0.27743	
0.199924	0.356622	0.507095	0.617908	0.673968	0.682193	0.646779	0.557508	0.419921	0.260903	0.114279	-0.00932093	-0.119427	-0.214383	-0.294984	-0.350105	-0.382359	-0.401381	-0.397102	-0.371964	-0.338643	-0.293077	-0.252301	-0.232366	-0.242358	
0.236114	0.408298	0.561278	0.665455	0.712169	0.71904	0.691171	0.60906	0.473981	0.304778	0.138535	-0.0033353	-0.128974	-0.238259	-0.32677	-0.39309	-0.429426	-0.449866	-0.454442	-0.436925	-0.404054	-0.357693	-0.299113	-0.247875	-0.226709	
0.283623	0.452639	0.590748	0.682115	0.719972	0.724305	0.703565	0.632858	0.513146	0.353215	0.181447	0.0337539	-0.101737	-0.223767	-0.321082	-0.399939	-0.45372	-0.480821	-0.496124	-0.491415	-0.466552	-0.424357	-0.364789	-0.289634	-0.228179	
0.335291	0.48354	0.598307	0.66906	0.692762	0.694101	0.683466	0.633281	0.534286	0.396817	0.242003	0.094989	-0.0399684	-0.163495	-0.270869	-0.362925	-0.434448	-0.479448	-0.500921	-0.512879	-0.513716	-0.483191	-0.423385	-0.337644	-0.252065	
0.369633	0.484422	0.569296	0.611768	0.627721	0.629724	0.620487	0.59104	0.523164	0.417735	0.294502	0.161149	0.0365918	-0.0809518	-0.196561	-0.298431	-0.381341	-0.445301	-0.481498	-0.510924	-0.533331	-0.5225	-0.472013	-0.391058	-0.305488	
0.382701	0.45469	0.504878	0.524662	0.529453	0.530823	0.526549	0.516037	0.478175	0.413609	0.330383	0.224904	0.114376	0.00467425	-0.107337	-0.215082	-0.311408	-0.385133	-0.436569	-0.484826	-0.525651	-0.544402	-0.515013	-0.448033	-0.380972	
0.375033	0.405208	0.420845	0.420373	0.418242	0.418147	0.419213	0.421861	0.413428	0.388747	0.346298	0.274206	0.185994	0.0910228	-0.011833	-0.120747	-0.221253	-0.301346	-0.370507	-0.441057	-0.506231	-0.546791	-0.543179	-0.507085	-0.462317	
0.34555	0.341386	0.332487	0.318863	0.31542	0.31474	0.316097	0.326455	0.338935	0.344576	0.342301	0.308395	0.244739	0.167517	0.082214	-0.0165817	-0.113382	-0.204189	-0.291017	-0.385625	-0.472088	-0.531782	-0.550576	-0.54628	-0.521586	
0.309981	0.278963	0.253513	0.236821	0.229873	0.228334	0.233158	0.245958	0.267546	0.298004	0.3235	0.32146	0.289322	0.233799	0.164948	0.0894926	-0.0042951	-0.107731	-0.2061	-0.314235	-0.414501	-0.481549	-0.51869	-0.53544	-0.536187	
0.268195	0.217778	0.183869	0.170241	0.15737	0.155328	0.164324	0.17814	0.200866	0.247929	0.295596	0.318233	0.307933	0.27222	0.219657	0.162321	0.0833809	-0.0121948	-0.114897	-0.225694	-0.325784	-0.39848	-0.452195	-0.490091	-0.517769	
0.21217	0.158804	0.125979	0.106445	0.0948591	0.0933702	0.100796	0.116275	0.143587	0.188624	0.247147	0.289378	0.294122	0.274977	0.246045	0.209814	0.153766	0.0712918	-0.0268436	-0.121245	-0.212558	-0.297482	-0.371646	-0.433387	-0.482029	
0.145416	0.0974036	0.0716496	0.0513443	0.0389996	0.0373573	0.0449942	0.0631565	0.0859058	0.122809	0.181853	0.232673	0.249959	0.253947	0.254429	0.245815	0.211892	0.149147	0.0670317	-0.017465	-0.108699	-0.202229	-0.295078	-0.378439	-0.443794	
0.0793496	0.0388337	0.0191792	0.0029593	-0.0103765	-0.0130478	-0.00232347	0.0126694	0.0289479	0.0602421	0.114149	0.169217	0.207935	0.233802	0.257446	0.272797	0.260302	0.215025	0.150338	0.0791456	-0.00704967	-0.107388	-0.21497	-0.311128	-0.3863	
0.0337881	-0.00418175	-0.0270862	-0.0408172	-0.0600083	-0.064999	-0.0489907	-0.0321154	-0.0155943	0.0166384	0.0645239	0.123184	0.177704	0.218521	0.259227	0.284999	0.280437	0.251941	0.209878	0.158506	0.0900892	-0.0108013	-0.121851	-0.220143	-0.304267	
0.00190071	-0.0317147	-0.0589162	-0.0865784	-0.113259	-0.116996	-0.098849	-0.068981	-0.0436697	-0.0130415	0.0291057	0.0834727	0.13965	0.19405	0.242736	0.271428	0.270449	0.257663	0.241723	0.21511	0.165058	0.08314	-0.0166593	-0.113686	-0.205271	
-0.0356571	-0.0645608	-0.0867882	-0.117856	-0.14016	-0.143159	-0.129322	-0.0984012	-0.0731963	-0.048729	-0.0111226	0.0336239	0.0907987	0.15343	0.199906	0.228316	0.239808	0.249549	0.262902	0.259361	0.228768	0.167111	0.085088	-0.00339054	-0.0934607	
-0.0736231	-0.0880586	-0.100513	-0.126438	-0.142262	-0.145756	-0.134477	-0.109658	-0.0919304	-0.0810482	-0.0604526	-0.0331123	0.0233996	0.0916815	0.145628	0.184416	0.209862	0.236731	0.276098	0.297839	0.285244	0.237781	0.176384	0.104069	0.0214437	
-0.105661	-0.106977	-0.109589	-0.125566	-0.136744	-0.137809	-0.13207	-0.114105	-0.1066	-0.106849	-0.10215	-0.08779	-0.0416022	0.02878	0.0864233	0.130664	0.168572	0.219687	0.276885	0.312362	0.31691	0.298573	0.259911	0.205493	0.13773	
-0.123304	-0.120881	-0.121556	-0.131541	-0.136403	-0.134663	-0.135329	-0.124906	-0.12088	-0.122259	-0.121093	-0.107438	-0.0739157	-0.0148646	0.0337552	0.0730042	0.114127	0.17859	0.243706	0.296015	0.320979	0.333387	0.327652	0.306204	0.262667	
-0.124885	-0.129524	-0.140405	-0.147836	-0.15659	-0.15905	-0.151969	-0.143497	-0.133859	-0.125714	-0.125564	-0.114538	-0.0878218	-0.0510112	-0.0125269	0.0213317	0.0582613	0.11777	0.185919	0.247358	0.294209	0.331491	0.364353	0.382736	0.377154	
-0.129524	-0.141372	-0.155374	-0.159619	-0.169	-0.171034	-0.16274	-0.157445	-0.147662	-0.133487	-0.124824	-0.112785	-0.0960909	-0.0755571	-0.0438833	-0.0164378	0.0196935	0.0727304	0.134791	0.193946	0.254981	0.315898	0.380914	0.436937	0.475462	
-0.140405	-0.155374	-0.160731	-0.1583	-0.159573	-0.159558	-0.158228	-0.160465	-0.158084	-0.146909	-0.129141	-0.113533	-0.103801	-0.0944101	-0.0710205	-0.0416873	-0.000696373	0.0499779	0.104497	0.15947	0.224377	0.299755	0.3847	0.472899	0.54703	
-0.147836	-0.159619	-0.1583	-0.155859	-0.152601	-0.151928	-0.15457	-0.15661	-0.16026	-0.15433	-0.136796	-0.126388	-0.126642	-0.123532	-0.102431	-0.0586285	-0.0145611	0.0312037	0.0828808	0.144552	0.209074	0.284382	0.377394	0.484809	0.579068	
-0.15659	-0.169	-0.159573	-0.152601	-0.145696	-0.143334	-0.150895	-0.155297	-0.16736	-0.164415	-0.142838	-0.134626	-0.140478	-0.142414	-0.128582	-0.081307	-0.0298713	0.0187553	0.0716524	0.131327	0.199469	0.278942	0.375114	0.485596	0.5911	
-0.15905	-0.171034	-0.159558	-0.151928	-0.143334	-0.139094	-0.149907	-0.154837	-0.169296	-0.166865	-0.142592	-0.13395	-0.143519	-0.145425	-0.132016	-0.0859612	-0.0337788	0.0171927	0.0700636	0.128931	0.197834	0.277997	0.374393	0.486247	0.593267	
-0.151969	-0.16274	-0.158228	-0.15457	-0.150895	-0.149907	-0.153667	-0.155582	-0.162199	-0.158183	-0.140771	-0.131833	-0.133804	-0.133734	-0.115284	-0.0680279	-0.0207322	0.0251804	0.0771482	0.138401	0.204728	0.280789	0.37564	0.485212	0.585081	
-0.143497	-0.157445	-0.160465	-0.15661	-0.155297	-0.154837	-0.155582	-0.158676	-0.160098	-0.150264	-0.131632	-0.116956	-0.111709	-0.104693	-0.0827094	-0.0478463	-0.00629489	0.0424553	0.0942943	0.152832	0.217857	0.292905	0.382472	0.480222	0.563688	
-0.133859	-0.147662	-0.158084	-0.16026	-0.16736	-0.169296	-0.162199	-0.160098	-0.151979	-0.139197	-0.126395	-0.112504	-0.0974163	-0.0831981	-0.0547954	-0.0286638	0.00963682	0.0617904	0.121406	0.176482	0.240556	0.309303	0.384005	0.454083	0.508813	
-0.125714	-0.133487	-0.146909	-0.15433	-0.164415	-0.166865	-0.158183	-0.150264	-0.139197	-0.127839	-0.124678	-0.113945	-0.0924624	-0.0626682	-0.0263026	0.00471353	0.0405971	0.0963276	0.162495	0.225276	0.279175	0.326264	0.372333	0.406399	0.418931	
-0.125564	-0.124824	-0.129141	-0.136796	-0.142838	-0.142592	-0.140771	-0.131632	-0.126395	-0.124678	-0.125217	-0.111635	-0.0798889	-0.0291762	0.0134406	0.050391	0.0908305	0.154519	0.221722	0.279711	0.312886	0.336174	0.346215	0.339716	0.310686	
-0.114538	-0.112785	-0.113533	-0.126388	-0.134626	-0.13395	-0.131833	-0.116956	-0.112504	-0.113945	-0.111635	-0.0984793	-0.0592701	0.00863493	0.0649212	0.108531	0.147718	0.207559	0.268722	0.310531	0.322293	0.316633	0.289393	0.247352	0.187099	
-0.0878218	-0.0960909	-0.103801	-0.126642	-0.140478	-0.143519	-0.133804	-0.111709	-0.0974163	-0.0924624	-0.0798889	-0.0592701	-0.00426066	0.0650882	0.121604	0.164099	0.195326	0.231117	0.278966	0.306345	0.301412	0.264407	0.210815	0.145206	0.0670569	
-0.0510112	-0.0755571	-0.0944101	-0.123532	-0.142414	-0.145425	-0.133734	-0.104693	-0.0831981	-0.0626682	-0.0291762	0.00863493	0.0650882	0.131628	0.179216	0.210471	0.227794	0.244103	0.269009	0.277063	0.253198	0.196087	0.122649	0.0399034	-0.0469765	
-0.0125269	-0.0438833	-0.0710205	-0.102431	-0.128582	-0.132016	-0.115284	-0.0827094	-0.0547954	-0.0263026	0.0134406	0.0649212	0.121604	0.179216	0.227999	0.256262	0.259201	0.255209	0.251182	0.233025	0.190448	0.117978	0.0258729	-0.0692302	-0.161654	
0.0213317	-0.0164378	-0.0416873	-0.0586285	-0.081307	-0.0859612	-0.0680279	-0.0478463	-0.0286638	0.00471353	0.050391	0.108531	0.164099	0.210471	0.256262	0.283596	0.279974	0.258097	0.224841	0.183636	0.123331	0.0277862	-0.0804629	-0.178752	-0.266764	
0.0582613	0.0196935	-0.000696373	-0.0145611	-0.0298713	-0.0337788	-0.0207322	-0.00629489	0.00963682	0.0405971	0.0908305	0.147718	0.195326	0.227794	0.259201	0.279974	0.272244	0.233537	0.177826	0.113896	0.0336371	-0.0689848	-0.179845	-0.277797	-0.355461	
0.11777	0.0727304	0.0499779	0.0312037	0.0187553	0.0171927	0.0251804	0.0424553	0.0617904	0.0963276	0.154519	0.207559	0.231117	0.244103	0.255209	0.258097	0.233537	0.178494	0.102772	0.0222542	-0.0685429	-0.164706	-0.263896	-0.353602	-0.424508	
0.185919	0.134791	0.104497	0.0828808	0.0716524	0.0700636	0.0771482	0.0942943	0.121406	0.162495	0.221722	0.268722	0.278966	0.269009	0.251182	0.224841	0.177826	0.102772	0.00924931	-0.0794262	-0.169683	-0.257966	-0.340797	-0.411537	-0.467697	
0.247358	0.193946	0.15947	0.144552	0.131327	0.128931	0.138401	0.152832	0.176482	0.225276	0.279711	0.310531	0.306345	0.277063	0.233025	0.183636	0.113896	0.0222542	-0.0794262	-0.184674	-0.281292	-0.358922	-0.420406	-0.468324	-0.503546	
0.294209	0.254981	0.224377	0.209074	0.199469	0.197834	0.204728	0.217857	0.240556	0.279175	0.312886	0.322293	0.301412	0.253198	0.190448	0.123331	0.0336371	-0.0685429	-0.169683	-0.281292	-0.38315	-0.451719	-0.494813	-0.519397	-0.532121	
0.331491	0.315898	0.299755	0.284382	0.278942	0.277997	0.280789	0.292905	0.309303	0.326264	0.336174	0.316633	0.264407	0.196087	0.117978	0.0277862	-0.0689848	-0.164706	-0.257966	-0.358922	-0.451719	-0.516162	-0.543308	-0.548353	-0.532769	
0.364353	0.380914	0.3847	0.377394	0.375114	0.374393	0.37564	0.382472	0.384005	0.372333	0.346215	0.289393	0.210815	0.122649	0.0258729	-0.0804629	-0.179845	-0.263896	-0.340797	-0.420406	-0.494813	-0.543308	-0.550168	-0.527834	-0.490331	
0.382736	0.436937	0.472899	0.484809	0.485596	0.486247	0.485212	0.480222	0.454083	0.406399	0.339716	0.247352	0.145206	0.0399034	-0.0692302	-0.178752	-0.277797	-0.353602	-0.411537	-0.468324	-0.519397	-0.548353	-0.527834	-0.470927	-0.414266	
0.377154	0.475462	0.54703	0.579068	0.5911	0.593267	0.585081	0.563688	0.508813	0.418931	0.310686	0.187099	0.0670569	-0.0469765	-0.161654	-0.266764	-0.355461	-0.424508	-0.467697	-0.503546	-0.532121	-0.532769	-0.490331	-0.414266	-0.333406	
