-0.830006	-0.926847	-1.00508	-1.05785	-1.07942	-1.08276	-1.06953	-1.03013	-0.959954	-0.872103	-0.755379	-0.603843	-0.42578	-0.225689	-0.0225269	0.170581	0.34796	0.502824	0.614145	0.6714	0.680927	0.644019	0.563171	0.450115	0.325015	
-0.824772	-0.927082	-0.997386	-1.03291	-1.03978	-1.0381	-1.0388	-1.01625	-0.958485	-0.87031	-0.746769	-0.59359	-0.420827	-0.235059	-0.0498315	0.12955	0.296769	0.449879	0.569755	0.648076	0.690047	0.69828	0.664106	0.591064	0.495361	
-0.719907	-0.817096	-0.875948	-0.898404	-0.897751	-0.895031	-0.900787	-0.888268	-0.845665	-0.762256	-0.648805	-0.513589	-0.359631	-0.201692	-0.0469301	0.104103	0.248158	0.389295	0.50358	0.588132	0.644411	0.685843	0.701095	0.67095	0.608571	
-0.538701	-0.621971	-0.67122	-0.687018	-0.688415	-0.687199	-0.688882	-0.680363	-0.646427	-0.574167	-0.481474	-0.374767	-0.252001	-0.126274	-0.0102224	0.100682	0.212387	0.324868	0.424949	0.507724	0.565499	0.619488	0.664624	0.678363	0.661847	
-0.302409	-0.369898	-0.41546	-0.429576	-0.432842	-0.433585	-0.431129	-0.424158	-0.392205	-0.330506	-0.258134	-0.182987	-0.100652	-0.0150461	0.0551202	0.121894	0.194263	0.268175	0.342207	0.41153	0.469343	0.526436	0.581879	0.626177	0.654277	
-0.0459092	-0.0984256	-0.138646	-0.154006	-0.157667	-0.156663	-0.156622	-0.147478	-0.11668	-0.0674575	-0.0144224	0.0299078	0.0709776	0.112971	0.140083	0.165106	0.192406	0.223184	0.259434	0.300855	0.350851	0.40994	0.476552	0.541404	0.605977	
0.191835	0.159297	0.122564	0.098547	0.0894862	0.0890811	0.0930883	0.110315	0.145006	0.179103	0.209408	0.228407	0.233241	0.23303	0.223157	0.205572	0.185325	0.170046	0.164655	0.176684	0.212993	0.26912	0.347524	0.436484	0.533802	
0.371475	0.36028	0.328762	0.292015	0.273266	0.271942	0.28168	0.312873	0.350668	0.367722	0.376365	0.372763	0.352843	0.323932	0.283575	0.230577	0.169427	0.111263	0.0669292	0.0468695	0.0640925	0.110139	0.191323	0.301072	0.43873	
0.478165	0.477479	0.446021	0.401582	0.373605	0.369687	0.387413	0.428157	0.468377	0.47979	0.473703	0.45612	0.41873	0.371992	0.311547	0.229547	0.136583	0.0490103	-0.0285745	-0.0727913	-0.0760332	-0.0421881	0.0345852	0.153505	0.314918	
0.506435	0.5037	0.475053	0.429618	0.398264	0.393097	0.4141	0.457679	0.496078	0.506958	0.501533	0.477143	0.432702	0.379722	0.309536	0.215136	0.107908	-0.00159968	-0.0984242	-0.160636	-0.183301	-0.169397	-0.109958	0.00161717	0.164328	
0.463494	0.455625	0.430906	0.391475	0.361694	0.356722	0.376813	0.416073	0.448367	0.461471	0.462545	0.445052	0.40805	0.359829	0.292171	0.201735	0.0977169	-0.0184402	-0.132773	-0.212438	-0.256328	-0.272333	-0.243138	-0.153018	-0.00736178	
0.3797	0.36306	0.338824	0.304	0.281154	0.277983	0.292201	0.326008	0.353901	0.373903	0.386513	0.385895	0.366804	0.331291	0.274624	0.195146	0.100469	-0.0121172	-0.13909	-0.239166	-0.309356	-0.350349	-0.348647	-0.285551	-0.162501	
0.28567	0.259624	0.234572	0.207767	0.195526	0.194089	0.201125	0.223189	0.24968	0.274782	0.301369	0.322305	0.323123	0.304312	0.267205	0.205258	0.121021	0.00835051	-0.120776	-0.239803	-0.335688	-0.395331	-0.409784	-0.365656	-0.265707	
0.200475	0.167212	0.144265	0.129509	0.127986	0.129352	0.127251	0.137247	0.156875	0.18646	0.225299	0.266918	0.289248	0.286339	0.266014	0.225383	0.148739	0.036083	-0.0951249	-0.219934	-0.324658	-0.393151	-0.413483	-0.381374	-0.306439	
0.142748	0.0985051	0.0761579	0.0720883	0.0785572	0.0803546	0.074338	0.0720738	0.0868185	0.123507	0.175892	0.234533	0.278203	0.293326	0.28444	0.2532	0.185074	0.0738153	-0.059529	-0.183453	-0.282539	-0.343994	-0.367029	-0.348491	-0.29494	
0.127796	0.069064	0.0405581	0.0417174	0.046766	0.0481475	0.0441801	0.0388784	0.053441	0.101882	0.169903	0.239958	0.299828	0.333403	0.331303	0.301985	0.235117	0.130088	0.00378947	-0.117058	-0.202832	-0.252678	-0.277215	-0.278014	-0.250842	
0.150561	0.0858349	0.0517132	0.0459874	0.04146	0.0396787	0.0443891	0.0474561	0.0678065	0.121758	0.196036	0.272001	0.339486	0.381326	0.383541	0.354781	0.292701	0.201797	0.0917899	-0.0126596	-0.0901464	-0.135215	-0.161717	-0.181065	-0.179053	
0.198677	0.145853	0.111451	0.0941028	0.0808571	0.0784816	0.0879863	0.103143	0.129744	0.175671	0.23742	0.307227	0.374847	0.415215	0.415084	0.392028	0.343815	0.276718	0.193432	0.109889	0.042603	-0.00271231	-0.0321624	-0.0566868	-0.0679227	
0.257076	0.225696	0.192518	0.169378	0.155561	0.154301	0.162652	0.181213	0.212325	0.24442	0.280823	0.332456	0.387902	0.422256	0.422234	0.406165	0.377297	0.339256	0.284792	0.221769	0.164691	0.120618	0.0895244	0.0651771	0.0527088	
0.306076	0.292417	0.270388	0.247693	0.23813	0.23778	0.242036	0.260332	0.284731	0.300936	0.316627	0.345217	0.38591	0.415614	0.42221	0.416234	0.40142	0.385848	0.352446	0.301994	0.249271	0.210215	0.183995	0.163721	0.158513	
0.342198	0.339275	0.327028	0.307937	0.292207	0.290016	0.299957	0.320122	0.336323	0.341036	0.345858	0.363762	0.391868	0.41841	0.427175	0.423962	0.418509	0.414392	0.391391	0.345249	0.291958	0.259281	0.247806	0.244246	0.251639	
0.375471	0.372249	0.36141	0.337929	0.315994	0.311227	0.32768	0.353729	0.369441	0.374071	0.378872	0.388916	0.407077	0.424708	0.426819	0.420586	0.422297	0.424302	0.402974	0.357241	0.307103	0.280457	0.285835	0.303452	0.325141	
0.406835	0.392279	0.369034	0.337688	0.317804	0.31477	0.32757	0.356585	0.384317	0.401717	0.410897	0.412718	0.415307	0.417845	0.409787	0.399471	0.403702	0.403324	0.377301	0.335112	0.296256	0.285393	0.305229	0.33997	0.377117	
0.4235	0.395258	0.350273	0.308613	0.291445	0.289638	0.29864	0.331981	0.378699	0.415	0.430968	0.431189	0.419804	0.403172	0.382038	0.364172	0.358492	0.346102	0.315267	0.277512	0.256126	0.265276	0.304552	0.358244	0.412787	
0.412129	0.372469	0.32035	0.271282	0.250496	0.247825	0.259458	0.298105	0.353023	0.398222	0.426812	0.435516	0.422245	0.394185	0.363368	0.335157	0.312503	0.279846	0.241241	0.207084	0.194608	0.221408	0.281929	0.356846	0.432803	
0.37521	0.328008	0.281276	0.238124	0.213207	0.20925	0.225585	0.262896	0.308961	0.356849	0.400012	0.422572	0.415804	0.388648	0.355929	0.32144	0.278498	0.222209	0.167754	0.132852	0.13177	0.172789	0.249759	0.342144	0.432733	
0.328008	0.279358	0.240113	0.2131	0.194368	0.190561	0.204425	0.228039	0.261685	0.307941	0.356514	0.38991	0.395471	0.381977	0.354451	0.313424	0.254558	0.177247	0.105839	0.0698155	0.0811264	0.135834	0.220806	0.321667	0.421842	
0.281276	0.240113	0.211766	0.196033	0.190522	0.189556	0.192818	0.20416	0.227298	0.263906	0.305641	0.339401	0.36407	0.367658	0.343542	0.295866	0.225478	0.142759	0.0706968	0.0389524	0.0571605	0.113806	0.196456	0.296391	0.397938	
0.238124	0.2131	0.196033	0.191617	0.189111	0.189337	0.190224	0.193267	0.204725	0.22745	0.256482	0.294182	0.328516	0.342291	0.322593	0.275623	0.201597	0.122505	0.0600194	0.0385181	0.0565616	0.103933	0.173379	0.264728	0.360247	
0.213207	0.194368	0.190522	0.189111	0.182759	0.181242	0.187346	0.190354	0.191312	0.203635	0.234165	0.27568	0.310326	0.319979	0.304197	0.26418	0.189529	0.107838	0.0517831	0.0403579	0.0634575	0.106221	0.166234	0.24564	0.332777	
0.20925	0.190561	0.189556	0.189337	0.181242	0.180001	0.186696	0.190295	0.188819	0.199179	0.230984	0.274007	0.307415	0.315814	0.300718	0.263424	0.188612	0.105856	0.0495826	0.0410101	0.0650029	0.108234	0.166147	0.242996	0.32797	
0.225585	0.204425	0.192818	0.190224	0.187346	0.186696	0.189	0.191473	0.198212	0.215866	0.244309	0.283276	0.318802	0.331492	0.31386	0.269543	0.194996	0.115573	0.0567943	0.0393668	0.0596685	0.103525	0.168761	0.254908	0.346303	
0.262896	0.228039	0.20416	0.193267	0.190354	0.190295	0.191473	0.198254	0.217252	0.247997	0.284136	0.319093	0.34913	0.358714	0.336638	0.287015	0.214441	0.132802	0.0646728	0.0368598	0.0544386	0.108256	0.186527	0.283981	0.38425	
0.308961	0.261685	0.227298	0.204725	0.191312	0.188819	0.198212	0.217252	0.246067	0.289345	0.337255	0.370782	0.384492	0.377729	0.351671	0.307991	0.243265	0.162202	0.0880486	0.052681	0.0686629	0.125075	0.210705	0.31214	0.41372	
0.356849	0.307941	0.263906	0.22745	0.203635	0.199179	0.215866	0.247997	0.289345	0.33715	0.38385	0.412211	0.409352	0.386231	0.355411	0.318434	0.269376	0.202844	0.140234	0.10482	0.109624	0.156982	0.237459	0.334067	0.429634	
0.400012	0.356514	0.305641	0.256482	0.234165	0.230984	0.244309	0.284136	0.337255	0.38385	0.418937	0.432257	0.42118	0.39175	0.359185	0.327736	0.296891	0.255214	0.211404	0.177464	0.168838	0.200834	0.269303	0.352157	0.434922	
0.422572	0.38991	0.339401	0.294182	0.27568	0.274007	0.283276	0.319093	0.370782	0.412211	0.432257	0.434988	0.421013	0.399158	0.373423	0.351149	0.338347	0.319321	0.286411	0.250321	0.232755	0.249774	0.297938	0.360602	0.423275	
0.415804	0.395471	0.36407	0.328516	0.310326	0.307415	0.318802	0.34913	0.384492	0.409352	0.42118	0.421013	0.4171	0.411382	0.398494	0.385634	0.387902	0.383302	0.355476	0.314883	0.283555	0.280887	0.307935	0.348959	0.392626	
0.388648	0.381977	0.367658	0.342291	0.319979	0.315814	0.331492	0.358714	0.377729	0.386231	0.39175	0.399158	0.411382	0.423987	0.421923	0.415204	0.419224	0.421291	0.397517	0.353384	0.306071	0.284877	0.295361	0.320479	0.348487	
0.355929	0.354451	0.343542	0.322593	0.304197	0.300718	0.31386	0.336638	0.351671	0.355411	0.359185	0.373423	0.398494	0.421923	0.428319	0.424169	0.421251	0.420317	0.399723	0.353352	0.300837	0.269789	0.265766	0.271237	0.2842	
0.32144	0.313424	0.295866	0.275623	0.26418	0.263424	0.269543	0.287015	0.307991	0.318434	0.327736	0.351149	0.385634	0.415204	0.424169	0.419871	0.409843	0.399976	0.372224	0.324293	0.270238	0.234647	0.21279	0.197358	0.197307	
0.278498	0.254558	0.225478	0.201597	0.189529	0.188612	0.194996	0.214441	0.243265	0.269376	0.296891	0.338347	0.387902	0.419224	0.421251	0.409843	0.387009	0.359833	0.314597	0.257552	0.204017	0.161532	0.131253	0.107201	0.0965818	
0.222209	0.177247	0.142759	0.122505	0.107838	0.105856	0.115573	0.132802	0.162202	0.202844	0.255214	0.319321	0.383302	0.421291	0.420317	0.399976	0.359833	0.303597	0.232377	0.157293	0.0943577	0.0493292	0.0188032	-0.0054836	-0.0182351	
0.167754	0.105839	0.0706968	0.0600194	0.0517831	0.0495826	0.0567943	0.0646728	0.0880486	0.140234	0.211404	0.286411	0.355476	0.397517	0.399723	0.372224	0.314597	0.232377	0.13225	0.0365292	-0.0379096	-0.083435	-0.11053	-0.133957	-0.139042	
0.132852	0.0698155	0.0389524	0.0385181	0.0403579	0.0410101	0.0393668	0.0368598	0.052681	0.10482	0.177464	0.250321	0.314883	0.353384	0.353352	0.324293	0.257552	0.157293	0.0365292	-0.0798033	-0.161441	-0.207912	-0.23335	-0.242704	-0.226155	
0.13177	0.0811264	0.0571605	0.0565616	0.0634575	0.0650029	0.0596685	0.0544386	0.0686629	0.109624	0.168838	0.232755	0.283555	0.306071	0.300837	0.270238	0.204017	0.0943577	-0.0379096	-0.161441	-0.255177	-0.311783	-0.335105	-0.324074	-0.280274	
0.172789	0.135834	0.113806	0.103933	0.106221	0.108234	0.103525	0.108256	0.125075	0.156982	0.200834	0.249774	0.280887	0.284877	0.269789	0.234647	0.161532	0.0493292	-0.083435	-0.207912	-0.311783	-0.379348	-0.400577	-0.373109	-0.306704	
0.249759	0.220806	0.196456	0.173379	0.166234	0.166147	0.168761	0.186527	0.210705	0.237459	0.269303	0.297938	0.307935	0.295361	0.265766	0.21279	0.131253	0.0188032	-0.11053	-0.23335	-0.335105	-0.400577	-0.418122	-0.379142	-0.289677	
0.342144	0.321667	0.296391	0.264728	0.24564	0.242996	0.254908	0.283981	0.31214	0.334067	0.352157	0.360602	0.348959	0.320479	0.271237	0.197358	0.107201	-0.0054836	-0.133957	-0.242704	-0.324074	-0.373109	-0.379142	-0.324844	-0.210709	
0.432733	0.421842	0.397938	0.360247	0.332777	0.32797	0.346303	0.38425	0.41372	0.429634	0.434922	0.423275	0.392626	0.348487	0.2842	0.197307	0.0965818	-0.0182351	-0.139042	-0.226155	-0.280274	-0.306704	-0.289677	-0.210709	-0.0737901	
