0.580721	0.64211	0.701208	0.745955	0.763823	0.753801	0.714094	0.67924	0.644284	0.600236	0.556437	0.523371	0.499013	0.475251	0.44345	0.385131	0.296918	0.169114	0.0107216	-0.166728	-0.351075	-0.509776	-0.600898	-0.599446	-0.511495	
0.64211	0.673886	0.713388	0.751324	0.770103	0.761667	0.727073	0.69902	0.679679	0.652867	0.622426	0.601647	0.592255	0.585758	0.565275	0.516318	0.436866	0.312807	0.146323	-0.0351356	-0.215545	-0.372133	-0.462278	-0.469695	-0.400954	
0.701208	0.713388	0.741498	0.772895	0.788991	0.777784	0.750422	0.725338	0.710432	0.691257	0.671325	0.659648	0.660202	0.667247	0.661637	0.624929	0.552882	0.433718	0.270822	0.0995918	-0.066873	-0.206694	-0.289678	-0.30343	-0.252776	
0.745955	0.751324	0.772895	0.793932	0.802113	0.795088	0.776144	0.750728	0.734973	0.722307	0.707801	0.696418	0.697249	0.712497	0.718172	0.685865	0.617964	0.508324	0.370556	0.223864	0.0862446	-0.0239871	-0.0914066	-0.1029	-0.0634632	
0.763823	0.770103	0.788991	0.802113	0.810054	0.806421	0.795054	0.778246	0.766309	0.753971	0.735901	0.71812	0.71579	0.72382	0.72446	0.688804	0.622145	0.531633	0.425892	0.315765	0.217601	0.148206	0.111266	0.114892	0.160118	
0.753801	0.761667	0.777784	0.795088	0.806421	0.811275	0.81508	0.812173	0.800227	0.778954	0.751699	0.728924	0.708293	0.695054	0.678207	0.637044	0.578574	0.508012	0.439029	0.371345	0.321405	0.301831	0.30558	0.339126	0.396359	
0.714094	0.727073	0.750422	0.776144	0.795054	0.81508	0.838891	0.841018	0.817602	0.780204	0.740888	0.697559	0.654557	0.620339	0.587133	0.545831	0.497416	0.450765	0.413911	0.392431	0.397045	0.428765	0.479882	0.544053	0.612976	
0.67924	0.69902	0.725338	0.750728	0.778246	0.812173	0.841018	0.836383	0.800865	0.746385	0.67723	0.603837	0.542801	0.496459	0.450495	0.408527	0.375691	0.347148	0.337429	0.362778	0.425205	0.511371	0.607898	0.70315	0.782519	
0.644284	0.679679	0.710432	0.734973	0.766309	0.800227	0.817602	0.800865	0.74806	0.663662	0.556129	0.451875	0.374539	0.315883	0.258448	0.218629	0.199282	0.186521	0.203927	0.276562	0.391936	0.528141	0.668977	0.794578	0.893009	
0.600236	0.652867	0.691257	0.722307	0.753971	0.778954	0.780204	0.746385	0.663662	0.543763	0.406949	0.27534	0.179335	0.10436	0.0343444	-0.0105356	-0.0258381	-0.0177346	0.0356654	0.149725	0.304829	0.480797	0.661128	0.815114	0.935744	
0.556437	0.622426	0.671325	0.707801	0.735901	0.751699	0.740888	0.67723	0.556129	0.406949	0.247327	0.0988266	-0.0150865	-0.104575	-0.189345	-0.249371	-0.26407	-0.231998	-0.143502	0.000251904	0.180579	0.386301	0.592718	0.764302	0.902485	
0.523371	0.601647	0.659648	0.696418	0.71812	0.728924	0.697559	0.603837	0.451875	0.27534	0.0988266	-0.065943	-0.195597	-0.303454	-0.400454	-0.467457	-0.478944	-0.428855	-0.319533	-0.156881	0.0423248	0.265596	0.481407	0.656281	0.798149	
0.499013	0.592255	0.660202	0.697249	0.71579	0.708293	0.654557	0.542801	0.374539	0.179335	-0.0150865	-0.195597	-0.351677	-0.483184	-0.588175	-0.651983	-0.655669	-0.597343	-0.478675	-0.304667	-0.0940974	0.132316	0.345859	0.516394	0.646198	
0.475251	0.585758	0.667247	0.712497	0.72382	0.695054	0.620339	0.496459	0.315883	0.10436	-0.104575	-0.303454	-0.483184	-0.635718	-0.745417	-0.801396	-0.791023	-0.721441	-0.594908	-0.413435	-0.204862	0.010186	0.211581	0.370367	0.476742	
0.44345	0.565275	0.661637	0.718172	0.72446	0.678207	0.587133	0.450495	0.258448	0.0343444	-0.189345	-0.400454	-0.588175	-0.745417	-0.855196	-0.900153	-0.87424	-0.790578	-0.651889	-0.467774	-0.268896	-0.0744426	0.102994	0.236991	0.313578	
0.385131	0.516318	0.624929	0.685865	0.688804	0.637044	0.545831	0.408527	0.218629	-0.0105356	-0.249371	-0.467457	-0.651983	-0.801396	-0.900153	-0.934717	-0.899033	-0.800559	-0.651109	-0.469503	-0.282358	-0.106971	0.0391532	0.134514	0.17885	
0.296918	0.436866	0.552882	0.617964	0.622145	0.578574	0.497416	0.375691	0.199282	-0.0258381	-0.26407	-0.478944	-0.655669	-0.791023	-0.87424	-0.899033	-0.854303	-0.74367	-0.592821	-0.428573	-0.257886	-0.0994437	0.0129795	0.0714567	0.0880876	
0.169114	0.312807	0.433718	0.508324	0.531633	0.508012	0.450765	0.347148	0.186521	-0.0177346	-0.231998	-0.428855	-0.597343	-0.721441	-0.790578	-0.800559	-0.74367	-0.623557	-0.480502	-0.337006	-0.188987	-0.0585815	0.0226915	0.0555991	0.0530194	
0.0107216	0.146323	0.270822	0.370556	0.425892	0.439029	0.413911	0.337429	0.203927	0.0356654	-0.143502	-0.319533	-0.478675	-0.594908	-0.651889	-0.651109	-0.592821	-0.480502	-0.345994	-0.218275	-0.0996793	-0.00727637	0.0478243	0.0709577	0.0536833	
-0.166728	-0.0351356	0.0995918	0.223864	0.315765	0.371345	0.392431	0.362778	0.276562	0.149725	0.000251904	-0.156881	-0.304667	-0.413435	-0.467774	-0.469503	-0.428573	-0.337006	-0.218275	-0.108943	-0.0218078	0.0417586	0.0810835	0.0921853	0.0633393	
-0.351075	-0.215545	-0.066873	0.0862446	0.217601	0.321405	0.397045	0.425205	0.391936	0.304829	0.180579	0.0423248	-0.0940974	-0.204862	-0.268896	-0.282358	-0.257886	-0.188987	-0.0996793	-0.0218078	0.0452423	0.0960055	0.120231	0.110233	0.0697329	
-0.509776	-0.372133	-0.206694	-0.0239871	0.148206	0.301831	0.428765	0.511371	0.528141	0.480797	0.386301	0.265596	0.132316	0.010186	-0.0744426	-0.106971	-0.0994437	-0.0585815	-0.00727637	0.0417586	0.0960055	0.137074	0.140603	0.116479	0.0801135	
-0.600898	-0.462278	-0.289678	-0.0914066	0.111266	0.30558	0.479882	0.607898	0.668977	0.661128	0.592718	0.481407	0.345859	0.211581	0.102994	0.0391532	0.0129795	0.0226915	0.0478243	0.0810835	0.120231	0.140603	0.133354	0.114891	0.0923609	
-0.599446	-0.469695	-0.30343	-0.1029	0.114892	0.339126	0.544053	0.70315	0.794578	0.815114	0.764302	0.656281	0.516394	0.370367	0.236991	0.134514	0.0714567	0.0555991	0.0709577	0.0921853	0.110233	0.116479	0.114891	0.110926	0.0933005	
-0.511495	-0.400954	-0.252776	-0.0634632	0.160118	0.396359	0.612976	0.782519	0.893009	0.935744	0.902485	0.798149	0.646198	0.476742	0.313578	0.17885	0.0880876	0.0530194	0.0536833	0.0633393	0.0697329	0.0801135	0.0923609	0.0933005	0.0771325	
-0.346787	-0.263499	-0.140109	0.0355293	0.251539	0.479498	0.686184	0.85495	0.976201	1.03681	1.01731	0.912909	0.742059	0.54064	0.346894	0.188601	0.0773074	0.0161154	-0.00433025	-0.00328596	0.00959554	0.0268947	0.0430021	0.047621	0.040273	
-0.135352	-0.0756745	0.0243517	0.175005	0.369153	0.576099	0.766252	0.931114	1.06181	1.13265	1.12051	1.01399	0.826675	0.596634	0.372992	0.188376	0.054122	-0.0354943	-0.0782937	-0.0780551	-0.0613678	-0.0449193	-0.0340824	-0.0234575	-0.0149704	
0.0799016	0.12311	0.201448	0.326613	0.496517	0.682316	0.860328	1.02139	1.15571	1.23144	1.22042	1.11097	0.911921	0.658736	0.404315	0.190111	0.0319029	-0.0783917	-0.136177	-0.144497	-0.133754	-0.126387	-0.117918	-0.103451	-0.0922033	
0.262891	0.296115	0.360226	0.462416	0.609564	0.780399	0.947486	1.10566	1.24363	1.3246	1.31637	1.20239	0.993235	0.723085	0.444675	0.201391	0.0205842	-0.10565	-0.17512	-0.197124	-0.201429	-0.200615	-0.193093	-0.180747	-0.176881	
0.375079	0.407845	0.466374	0.552955	0.683786	0.841536	1.0034	1.15924	1.30216	1.3892	1.38134	1.26196	1.04443	0.7677	0.479167	0.217614	0.0181152	-0.119378	-0.196573	-0.22766	-0.2436	-0.248336	-0.242496	-0.236043	-0.238399	
0.394961	0.427979	0.485253	0.57004	0.697376	0.853224	1.01271	1.16979	1.31319	1.40125	1.39308	1.27081	1.05191	0.774767	0.485076	0.220881	0.0174864	-0.122389	-0.199288	-0.2329	-0.249775	-0.256245	-0.251006	-0.245582	-0.250264	
0.317808	0.350156	0.41133	0.505627	0.645083	0.809744	0.974578	1.13141	1.27224	1.35598	1.34812	1.23212	1.01908	0.745331	0.461491	0.208584	0.0188658	-0.112569	-0.186298	-0.212535	-0.223173	-0.224117	-0.216911	-0.207349	-0.206317	
0.159474	0.197454	0.268811	0.38469	0.545295	0.724468	0.897753	1.05735	1.19244	1.26987	1.25954	1.14888	0.945793	0.684714	0.418756	0.192729	0.0259553	-0.0908097	-0.153541	-0.167706	-0.162114	-0.157729	-0.149445	-0.135326	-0.126651	
-0.0475824	0.00482795	0.0955018	0.235744	0.419873	0.618234	0.802288	0.965795	1.09859	1.17186	1.16091	1.05294	0.861127	0.621032	0.38464	0.188424	0.0446525	-0.0544311	-0.104267	-0.10623	-0.0902532	-0.0773136	-0.0683235	-0.0551075	-0.0433457	
-0.266015	-0.193176	-0.0786331	0.0883239	0.296631	0.51622	0.717164	0.88392	1.00975	1.07602	1.05969	0.954558	0.775352	0.562502	0.357442	0.189009	0.0684984	-0.00476543	-0.0345971	-0.0332978	-0.0178897	0.000155971	0.014441	0.0213017	0.0211471	
-0.453367	-0.353157	-0.215102	-0.0304569	0.191837	0.427585	0.641234	0.811834	0.926493	0.977216	0.951066	0.846447	0.687314	0.505125	0.330095	0.185939	0.0861866	0.0414449	0.0346807	0.039506	0.0475981	0.0612107	0.0769564	0.0790632	0.0643317	
-0.574464	-0.451472	-0.290672	-0.0937511	0.127518	0.358724	0.571558	0.736357	0.836776	0.866504	0.822414	0.717303	0.573428	0.419434	0.274443	0.157681	0.0828134	0.0592361	0.0693558	0.0859804	0.0966662	0.103521	0.10779	0.106513	0.0890351	
-0.611571	-0.475101	-0.303468	-0.102549	0.10785	0.316131	0.504412	0.647562	0.722495	0.72768	0.666351	0.556071	0.419637	0.281338	0.162586	0.0834221	0.0421654	0.0406146	0.0609998	0.0891991	0.120749	0.13311	0.126259	0.11394	0.0946984	
-0.556143	-0.417945	-0.247779	-0.0570006	0.129144	0.300308	0.446945	0.548768	0.584837	0.554549	0.471563	0.355131	0.22143	0.094569	0.000872986	-0.0432674	-0.0475853	-0.0194213	0.0184482	0.0601772	0.109274	0.142887	0.139806	0.116006	0.0854318	
-0.419644	-0.283785	-0.127875	0.0380799	0.186085	0.310102	0.40696	0.457906	0.444709	0.37322	0.260121	0.129886	-0.00520632	-0.119297	-0.190336	-0.210271	-0.191096	-0.132679	-0.058201	0.00666118	0.068446	0.116345	0.132428	0.114719	0.0732597	
-0.24117	-0.108133	0.0313014	0.16617	0.274192	0.348493	0.390308	0.383906	0.319147	0.208402	0.0692905	-0.0806653	-0.222679	-0.331576	-0.38791	-0.393544	-0.360651	-0.277932	-0.169554	-0.0716174	0.00583562	0.0625753	0.0970057	0.100269	0.0656468	
-0.0583726	0.0734092	0.202204	0.31228	0.381747	0.411522	0.403024	0.342594	0.226646	0.0749416	-0.0920119	-0.259987	-0.415716	-0.528233	-0.582697	-0.581158	-0.527917	-0.423864	-0.294075	-0.171904	-0.0664387	0.0125905	0.0600154	0.0796612	0.0578569	
0.108388	0.25064	0.372406	0.455184	0.490264	0.480105	0.434624	0.339833	0.18716	-0.00357576	-0.203458	-0.392266	-0.556806	-0.678026	-0.741658	-0.745794	-0.685948	-0.566591	-0.427477	-0.291009	-0.153463	-0.038235	0.0317763	0.0594175	0.0504397	
0.250924	0.392609	0.511201	0.578993	0.588331	0.550758	0.478102	0.36364	0.193294	-0.0264159	-0.257427	-0.466154	-0.639686	-0.769849	-0.847417	-0.867075	-0.81701	-0.701076	-0.553028	-0.397491	-0.235474	-0.0858444	0.0139195	0.0602535	0.0679021	
0.3537	0.489208	0.60069	0.663156	0.665511	0.615839	0.527077	0.395036	0.209951	-0.0191575	-0.260735	-0.479448	-0.661096	-0.804793	-0.897384	-0.928571	-0.890088	-0.786876	-0.634679	-0.458815	-0.277411	-0.108819	0.0239594	0.104044	0.135954	
0.423869	0.549979	0.651189	0.709525	0.71485	0.664684	0.571644	0.431718	0.239174	0.0126079	-0.217831	-0.432798	-0.619852	-0.775249	-0.881272	-0.921702	-0.891716	-0.802035	-0.658768	-0.473503	-0.279207	-0.0931305	0.0720828	0.191315	0.255592	
0.46439	0.580029	0.667617	0.718625	0.726768	0.690046	0.6077	0.478604	0.292678	0.0751336	-0.139285	-0.344169	-0.529255	-0.685702	-0.796795	-0.848106	-0.830642	-0.755993	-0.624699	-0.442369	-0.236697	-0.0290597	0.163714	0.314447	0.40921	
0.489565	0.590894	0.66287	0.702163	0.718664	0.701948	0.640066	0.522992	0.350153	0.148775	-0.0519961	-0.23948	-0.406427	-0.547917	-0.65511	-0.7165	-0.715123	-0.65292	-0.531737	-0.354737	-0.143688	0.0802925	0.290847	0.45768	0.578889	
0.513468	0.596572	0.657988	0.694784	0.715435	0.720653	0.679716	0.577336	0.417572	0.232078	0.0484085	-0.122535	-0.261645	-0.378717	-0.479496	-0.545494	-0.554624	-0.500573	-0.386302	-0.218293	-0.0132215	0.212983	0.429069	0.603005	0.741606	
0.540705	0.612883	0.665962	0.702809	0.727308	0.741441	0.724246	0.64733	0.511748	0.351417	0.184846	0.0305175	-0.0889039	-0.185424	-0.275615	-0.340109	-0.353989	-0.314001	-0.214903	-0.0626615	0.126257	0.340186	0.551704	0.726668	0.868202	
