0.160508	0.251615	0.336343	0.41305	0.458227	0.464703	0.43639	0.368418	0.286605	0.196503	0.109999	0.0342346	-0.0276848	-0.0628437	-0.0656284	-0.0310873	0.0203836	0.0625405	0.0835541	0.0851043	0.0779415	0.0531303	-0.00252592	-0.0725155	-0.149761	
0.261179	0.370548	0.474672	0.566065	0.62533	0.635326	0.595398	0.513294	0.412696	0.305621	0.193331	0.0816219	-0.0125493	-0.0836794	-0.125975	-0.134874	-0.120775	-0.100394	-0.0866953	-0.088392	-0.0944114	-0.11063	-0.146794	-0.191347	-0.229851	
0.356591	0.480542	0.60257	0.711495	0.786458	0.800405	0.74772	0.649122	0.52925	0.407425	0.275828	0.139719	0.0178239	-0.0930663	-0.175477	-0.22878	-0.251104	-0.2526	-0.242987	-0.235582	-0.230355	-0.228087	-0.232223	-0.248783	-0.255445	
0.426167	0.57683	0.720728	0.845741	0.927448	0.942925	0.884952	0.774533	0.63492	0.488155	0.330329	0.175268	0.0319433	-0.101899	-0.220198	-0.312358	-0.360069	-0.371243	-0.357652	-0.337536	-0.313116	-0.276848	-0.245282	-0.225127	-0.206144	
0.464658	0.642442	0.805568	0.935335	1.01824	1.0341	0.974849	0.86243	0.7097	0.538097	0.352224	0.173147	0.0112382	-0.138684	-0.276282	-0.390289	-0.454479	-0.466407	-0.444421	-0.399622	-0.33967	-0.263098	-0.195124	-0.141393	-0.103066	
0.458966	0.651454	0.825333	0.958033	1.04392	1.05998	0.998809	0.88367	0.724517	0.537458	0.338065	0.13891	-0.044555	-0.213629	-0.360556	-0.478014	-0.538544	-0.541942	-0.500679	-0.423721	-0.321527	-0.204825	-0.10246	-0.0245119	0.0293629	
0.39773	0.594732	0.769171	0.903743	0.988078	1.00244	0.945015	0.827501	0.669251	0.476924	0.278311	0.0748867	-0.12554	-0.310241	-0.470456	-0.584657	-0.625252	-0.601866	-0.527765	-0.412219	-0.265382	-0.114433	0.0206408	0.116273	0.172954	
0.280885	0.468312	0.635692	0.7679	0.850992	0.865806	0.808382	0.692715	0.539645	0.356121	0.167488	-0.0321116	-0.239114	-0.427475	-0.590302	-0.694785	-0.714665	-0.658729	-0.540312	-0.377385	-0.191633	-0.0171387	0.131328	0.236004	0.291595	
0.11738	0.281138	0.436318	0.561944	0.64469	0.660721	0.601185	0.490935	0.345787	0.182852	0.0155204	-0.171482	-0.372413	-0.560555	-0.716397	-0.806388	-0.805804	-0.717254	-0.557978	-0.351975	-0.139616	0.0478014	0.202293	0.310421	0.371821	
-0.0791051	0.0647985	0.210309	0.331921	0.410063	0.425088	0.36908	0.263256	0.12385	-0.0220651	-0.167632	-0.332949	-0.519612	-0.703179	-0.848079	-0.917428	-0.891257	-0.771571	-0.581814	-0.345761	-0.120261	0.0736787	0.231766	0.340441	0.403966	
-0.268661	-0.138396	-0.00335772	0.112816	0.187517	0.200292	0.149437	0.0456482	-0.0831373	-0.217697	-0.347957	-0.494632	-0.659933	-0.826017	-0.953679	-1.00789	-0.962841	-0.82674	-0.614523	-0.363112	-0.12686	0.0680254	0.222595	0.328071	0.396156	
-0.417937	-0.296069	-0.169989	-0.0609273	0.00831816	0.0197392	-0.0260377	-0.12402	-0.24407	-0.370897	-0.48894	-0.613809	-0.75343	-0.893519	-1.00361	-1.04854	-1.00005	-0.861187	-0.643558	-0.396614	-0.166775	0.0219583	0.168381	0.278064	0.34581	
-0.500154	-0.388487	-0.267758	-0.165528	-0.103425	-0.0928867	-0.135167	-0.223174	-0.33987	-0.458177	-0.56055	-0.660113	-0.774981	-0.896165	-0.990284	-1.02688	-0.984162	-0.859375	-0.667409	-0.442678	-0.229797	-0.0553367	0.0766638	0.181296	0.253697	
-0.490409	-0.395708	-0.288927	-0.196653	-0.135524	-0.124449	-0.16831	-0.248492	-0.35347	-0.454488	-0.541309	-0.626016	-0.719359	-0.823217	-0.910319	-0.952699	-0.931422	-0.836989	-0.683065	-0.498722	-0.317024	-0.162235	-0.0388419	0.0553995	0.120801	
-0.39203	-0.313824	-0.227695	-0.144077	-0.0891444	-0.0786863	-0.11779	-0.192793	-0.280107	-0.361956	-0.434262	-0.503681	-0.582331	-0.67404	-0.771048	-0.836458	-0.845984	-0.796656	-0.69189	-0.556778	-0.420594	-0.296222	-0.190413	-0.110202	-0.0578142	
-0.219389	-0.168921	-0.100512	-0.03064	0.0176716	0.0266704	-0.00763913	-0.0714075	-0.143774	-0.200521	-0.247921	-0.302772	-0.371652	-0.46472	-0.576227	-0.67512	-0.730201	-0.73387	-0.686543	-0.610043	-0.532375	-0.455373	-0.380673	-0.31922	-0.276715	
-0.00540738	0.0141648	0.0524776	0.105914	0.151887	0.161674	0.126446	0.0733201	0.0264591	0.00165921	-0.0186323	-0.0535222	-0.115511	-0.211268	-0.338903	-0.474232	-0.579719	-0.643965	-0.666379	-0.661209	-0.648341	-0.622749	-0.592512	-0.558346	-0.526872	
0.205144	0.198266	0.206234	0.237738	0.27477	0.283147	0.253433	0.216383	0.198677	0.202208	0.208044	0.197674	0.151366	0.0568143	-0.0881728	-0.258375	-0.414127	-0.535549	-0.628081	-0.697411	-0.747985	-0.773937	-0.787539	-0.787474	-0.765327	
0.380237	0.346408	0.33052	0.339007	0.353144	0.357375	0.344648	0.331609	0.337013	0.365785	0.401699	0.417119	0.387118	0.299521	0.144549	-0.0457549	-0.236883	-0.405301	-0.553956	-0.690001	-0.79869	-0.877094	-0.930104	-0.9551	-0.939103	
0.499201	0.432634	0.387701	0.368088	0.361284	0.361178	0.3646	0.377376	0.411385	0.471032	0.538179	0.577371	0.565776	0.490998	0.348333	0.159817	-0.0436063	-0.244051	-0.442779	-0.633874	-0.795016	-0.915801	-0.9979	-1.03777	-1.02457	
0.546259	0.453912	0.37899	0.326116	0.301874	0.298844	0.312911	0.354992	0.421171	0.508531	0.600642	0.670308	0.68878	0.640009	0.525377	0.354252	0.155793	-0.0621941	-0.300005	-0.53348	-0.735569	-0.886493	-0.988256	-1.03304	-1.01225	
0.509791	0.403832	0.318867	0.24998	0.214018	0.20863	0.231135	0.28906	0.367628	0.465228	0.578788	0.681059	0.736934	0.727849	0.651645	0.509969	0.328284	0.104819	-0.153887	-0.411716	-0.638189	-0.810682	-0.917323	-0.949136	-0.913711	
0.420659	0.304363	0.219299	0.160856	0.128268	0.122727	0.144884	0.192538	0.266875	0.370385	0.498631	0.619623	0.706547	0.745204	0.713214	0.603078	0.440832	0.222199	-0.0407267	-0.306926	-0.53959	-0.712191	-0.80799	-0.825127	-0.769812	
0.310066	0.194755	0.117572	0.0739407	0.0558564	0.0540074	0.0641349	0.096336	0.159131	0.261116	0.385654	0.509661	0.622446	0.697595	0.705274	0.630629	0.485812	0.279946	0.0300302	-0.230285	-0.458826	-0.622013	-0.697826	-0.690946	-0.610257	
0.197922	0.103086	0.0404197	0.00959818	0.0032265	0.00389802	0.00494409	0.0238778	0.0743056	0.157229	0.263176	0.385293	0.507707	0.599492	0.638436	0.597741	0.479027	0.294567	0.0674905	-0.175785	-0.393254	-0.539717	-0.599911	-0.572318	-0.464107	
0.103074	0.0314783	-0.0106277	-0.0267855	-0.0192259	-0.016416	-0.0254751	-0.0201259	0.0110257	0.0714112	0.15724	0.263907	0.378004	0.477908	0.541352	0.527295	0.435239	0.280772	0.0810509	-0.135958	-0.330586	-0.461106	-0.507535	-0.460933	-0.334466	
0.0314783	-0.0147921	-0.0324324	-0.0254003	-0.00640005	-0.00113918	-0.0186322	-0.0316616	-0.0253235	0.00927574	0.0716005	0.156272	0.258674	0.3682	0.442392	0.448602	0.388758	0.263972	0.0896297	-0.0983905	-0.2627	-0.372022	-0.402843	-0.341558	-0.208064	
-0.0106277	-0.0324324	-0.0224224	0.00111258	0.0207449	0.0246606	0.0100217	-0.0135505	-0.0309465	-0.0235476	0.0168725	0.0833238	0.176644	0.281945	0.360735	0.390885	0.361943	0.262351	0.11487	-0.0408608	-0.182056	-0.274748	-0.286075	-0.217507	-0.0781241	
-0.0267855	-0.0254003	0.00111258	0.0281179	0.0401268	0.0428673	0.0342823	0.0132812	-0.01668	-0.0302646	-0.00975623	0.0455954	0.124345	0.215382	0.297646	0.358337	0.36051	0.284633	0.160065	0.0235576	-0.104347	-0.185242	-0.188281	-0.111061	0.0356068	
-0.0192259	-0.00640005	0.0207449	0.0401268	0.0485775	0.0506949	0.0444969	0.0303293	0.00412292	-0.0176437	-0.0101596	0.0324178	0.0973181	0.178127	0.267668	0.344589	0.365362	0.313122	0.204007	0.0708194	-0.0523627	-0.125847	-0.12615	-0.0452196	0.108953	
-0.016416	-0.00113918	0.0246606	0.0428673	0.0506949	0.0521993	0.046859	0.033577	0.00932368	-0.0134519	-0.00891219	0.0316181	0.0930272	0.172691	0.264124	0.34284	0.367624	0.320495	0.213861	0.0797715	-0.0427869	-0.114122	-0.11561	-0.034571	0.121423	
-0.0254751	-0.0186322	0.0100217	0.0342823	0.0444969	0.046859	0.0394012	0.0217674	-0.00833503	-0.0268167	-0.011921	0.0382074	0.111012	0.196378	0.281352	0.351129	0.362386	0.296366	0.179282	0.0455228	-0.0791939	-0.157256	-0.158829	-0.0780483	0.0719758	
-0.0201259	-0.0316616	-0.0135505	0.0132812	0.0303293	0.033577	0.0217674	-0.00298355	-0.0266521	-0.0290649	0.00273145	0.064227	0.152125	0.252776	0.333334	0.375172	0.359203	0.268727	0.131579	-0.014304	-0.149496	-0.236292	-0.242972	-0.171957	-0.0303529	
0.0110257	-0.0253235	-0.0309465	-0.01668	0.00412292	0.00932368	-0.00833503	-0.0266521	-0.0309875	-0.00705624	0.0462022	0.122541	0.221827	0.331186	0.40748	0.422249	0.374745	0.26048	0.0965899	-0.0778782	-0.231414	-0.333523	-0.356081	-0.290757	-0.154536	
0.0714112	0.00927574	-0.0235476	-0.0302646	-0.0176437	-0.0134519	-0.0268167	-0.0290649	-0.00705624	0.0429231	0.120072	0.218058	0.326986	0.431259	0.500453	0.494698	0.415628	0.27372	0.0840761	-0.122	-0.304996	-0.426914	-0.467769	-0.415544	-0.285174	
0.15724	0.0716005	0.0168725	-0.00975623	-0.0101596	-0.00891219	-0.011921	0.00273145	0.0462022	0.120072	0.218392	0.335516	0.456638	0.551362	0.601627	0.572896	0.464211	0.29045	0.0743109	-0.158563	-0.367791	-0.509064	-0.563649	-0.527866	-0.410587	
0.263907	0.156272	0.0833238	0.0455954	0.0324178	0.0316181	0.0382074	0.064227	0.122541	0.218058	0.335516	0.460519	0.57941	0.664181	0.684429	0.623257	0.489335	0.290609	0.0492351	-0.206326	-0.431918	-0.587539	-0.656991	-0.641114	-0.549945	
0.378004	0.258674	0.176644	0.124345	0.0973181	0.0930272	0.111012	0.152125	0.221827	0.326986	0.456638	0.57941	0.677728	0.732962	0.718245	0.621869	0.465454	0.251743	-0.0075963	-0.272857	-0.504784	-0.674978	-0.762441	-0.770992	-0.705596	
0.477908	0.3682	0.281945	0.215382	0.178127	0.172691	0.196378	0.252776	0.331186	0.431259	0.551362	0.664181	0.732962	0.743013	0.684017	0.5558	0.382199	0.159392	-0.1041	-0.366966	-0.596974	-0.771464	-0.876675	-0.90298	-0.860166	
0.541352	0.442392	0.360735	0.297646	0.267668	0.264124	0.281352	0.333334	0.40748	0.500453	0.601627	0.684429	0.718245	0.684017	0.583836	0.4231	0.229318	0.00849649	-0.239021	-0.484324	-0.699519	-0.861559	-0.965832	-1.00659	-0.980636	
0.527295	0.448602	0.390885	0.358337	0.344589	0.34284	0.351129	0.375172	0.422249	0.494698	0.572896	0.623257	0.621869	0.5558	0.4231	0.239944	0.0374206	-0.17184	-0.388594	-0.598576	-0.777476	-0.911361	-1.00275	-1.04664	-1.03218	
0.435239	0.388758	0.361943	0.36051	0.365362	0.367624	0.362386	0.359203	0.374745	0.415628	0.464211	0.489335	0.465454	0.382199	0.229318	0.0374206	-0.161407	-0.345555	-0.514445	-0.673221	-0.803748	-0.900664	-0.967054	-0.998518	-0.984657	
0.280772	0.263972	0.262351	0.284633	0.313122	0.320495	0.296366	0.268727	0.26048	0.27372	0.29045	0.290609	0.251743	0.159392	0.00849649	-0.17184	-0.345555	-0.486164	-0.6029	-0.700325	-0.775081	-0.82245	-0.852735	-0.864283	-0.84463	
0.0810509	0.0896297	0.11487	0.160065	0.204007	0.213861	0.179282	0.131579	0.0965899	0.0840761	0.0743109	0.0492351	-0.0075963	-0.1041	-0.239021	-0.388594	-0.514445	-0.6029	-0.654548	-0.679743	-0.692313	-0.686878	-0.674906	-0.654076	-0.626718	
-0.135958	-0.0983905	-0.0408608	0.0235576	0.0708194	0.0797715	0.0455228	-0.014304	-0.0778782	-0.122	-0.158563	-0.206326	-0.272857	-0.366966	-0.484324	-0.598576	-0.673221	-0.700325	-0.679743	-0.630355	-0.578978	-0.522095	-0.46451	-0.413347	-0.375006	
-0.330586	-0.2627	-0.182056	-0.104347	-0.0523627	-0.0427869	-0.0791939	-0.149496	-0.231414	-0.304996	-0.367791	-0.431918	-0.504784	-0.596974	-0.699519	-0.777476	-0.803748	-0.775081	-0.692313	-0.578978	-0.463818	-0.35783	-0.262217	-0.188905	-0.139996	
-0.461106	-0.372022	-0.274748	-0.185242	-0.125847	-0.114122	-0.157256	-0.236292	-0.333523	-0.426914	-0.509064	-0.587539	-0.674978	-0.771464	-0.861559	-0.911361	-0.900664	-0.82245	-0.686878	-0.522095	-0.35783	-0.212413	-0.0949454	-0.00538003	0.0537916	
-0.507535	-0.402843	-0.286075	-0.188281	-0.12615	-0.11561	-0.158829	-0.242972	-0.356081	-0.467769	-0.563649	-0.656991	-0.762441	-0.876675	-0.965832	-1.00275	-0.967054	-0.852735	-0.674906	-0.46451	-0.262217	-0.0949454	0.0338534	0.134751	0.206578	
-0.460933	-0.341558	-0.217507	-0.111061	-0.0452196	-0.034571	-0.0780483	-0.171957	-0.290757	-0.415544	-0.527866	-0.641114	-0.770992	-0.90298	-1.00659	-1.04664	-0.998518	-0.864283	-0.654076	-0.413347	-0.188905	-0.00538003	0.134751	0.243799	0.313474	
-0.334466	-0.208064	-0.0781241	0.0356068	0.108953	0.121423	0.0719758	-0.0303529	-0.154536	-0.285174	-0.410587	-0.549945	-0.705596	-0.860166	-0.980636	-1.03218	-0.984657	-0.84463	-0.626718	-0.375006	-0.139996	0.0537916	0.206578	0.313474	0.381689	
