-0.680974	-0.565625	-0.406881	-0.241857	-0.0754083	0.0860681	0.213873	0.277525	0.277443	0.201328	0.0782074	-0.0541815	-0.184105	-0.280025	-0.347748	-0.385459	-0.402222	-0.402694	-0.398664	-0.384838	-0.376307	-0.360741	-0.35257	-0.339815	-0.33325	
-0.565625	-0.473009	-0.341363	-0.199636	-0.0469798	0.0990068	0.216323	0.290893	0.299301	0.227013	0.11035	-0.0370652	-0.181689	-0.297008	-0.385724	-0.439949	-0.468639	-0.48218	-0.481874	-0.476565	-0.469719	-0.457805	-0.451881	-0.439676	-0.435241	
-0.406881	-0.341363	-0.235984	-0.104815	0.0361876	0.169568	0.288709	0.370508	0.3827	0.320926	0.201932	0.0380318	-0.12229	-0.265744	-0.379133	-0.453362	-0.502606	-0.529027	-0.538153	-0.544107	-0.538393	-0.536279	-0.52896	-0.523412	-0.518243	
-0.241857	-0.199636	-0.104815	0.0227873	0.157963	0.29118	0.411634	0.497306	0.519852	0.470802	0.350609	0.181763	0.00633822	-0.16372	-0.297229	-0.397532	-0.467447	-0.508755	-0.535296	-0.550291	-0.555332	-0.562258	-0.559419	-0.563093	-0.559291	
-0.0754083	-0.0469798	0.0361876	0.157963	0.29331	0.426647	0.552197	0.649878	0.690938	0.661014	0.551637	0.388607	0.200313	0.0145898	-0.140852	-0.266485	-0.355203	-0.417218	-0.459829	-0.486875	-0.506189	-0.520268	-0.527993	-0.537934	-0.539884	
0.0860681	0.0990068	0.169568	0.29118	0.426647	0.566016	0.70199	0.812917	0.87539	0.86706	0.777132	0.622787	0.432418	0.237503	0.0639315	-0.0777038	-0.184343	-0.261037	-0.316085	-0.353529	-0.38288	-0.402744	-0.420282	-0.432841	-0.443575	
0.213873	0.216323	0.288709	0.411634	0.552197	0.70199	0.84668	0.971847	1.05413	1.07159	1.00332	0.866031	0.68239	0.48312	0.302126	0.146864	0.0288279	-0.0594838	-0.123695	-0.169607	-0.205094	-0.231786	-0.253812	-0.271687	-0.286333	
0.277525	0.290893	0.370508	0.497306	0.649878	0.812917	0.971847	1.11281	1.22117	1.26522	1.22372	1.111	0.934938	0.740608	0.551973	0.387368	0.259531	0.16117	0.0895219	0.0383223	-0.00279587	-0.0316028	-0.0577038	-0.0770824	-0.0941033	
0.277443	0.299301	0.3827	0.519852	0.690938	0.87539	1.05413	1.22117	1.35802	1.43024	1.42451	1.33468	1.17623	0.990157	0.798473	0.63047	0.495342	0.390389	0.315265	0.25966	0.21672	0.187059	0.158043	0.140227	0.119411	
0.201328	0.227013	0.320926	0.470802	0.661014	0.86706	1.07159	1.26522	1.43024	1.54036	1.57122	1.51467	1.38387	1.21233	1.02773	0.86128	0.722961	0.61549	0.53872	0.479493	0.438797	0.405304	0.379721	0.358977	0.340511	
0.0782074	0.11035	0.201932	0.350609	0.551637	0.777132	1.00332	1.22372	1.42451	1.57122	1.64477	1.62774	1.52789	1.37856	1.20616	1.04602	0.909342	0.804823	0.727889	0.67312	0.633617	0.604677	0.581383	0.563915	0.547669	
-0.0541815	-0.0370652	0.0380318	0.181763	0.388607	0.622787	0.866031	1.111	1.33468	1.51467	1.62774	1.64623	1.58232	1.45847	1.3042	1.15612	1.02803	0.928991	0.859973	0.809822	0.778459	0.754516	0.737965	0.725104	0.713673	
-0.184105	-0.181689	-0.12229	0.00633822	0.200313	0.432418	0.68239	0.934938	1.17623	1.38387	1.52789	1.58232	1.55225	1.45281	1.31746	1.18208	1.06025	0.970095	0.905861	0.863597	0.84	0.822527	0.814969	0.807107	0.803219	
-0.280025	-0.297008	-0.265744	-0.16372	0.0145898	0.237503	0.48312	0.740608	0.990157	1.21233	1.37856	1.45847	1.45281	1.3723	1.25253	1.12405	1.00973	0.924251	0.865001	0.830525	0.812616	0.804031	0.803129	0.802566	0.805108	
-0.347748	-0.385724	-0.379133	-0.297229	-0.140852	0.0639315	0.302126	0.551973	0.798473	1.02773	1.20616	1.3042	1.31746	1.25253	1.14189	1.01897	0.90608	0.821089	0.763538	0.730596	0.716636	0.711804	0.715791	0.719497	0.726818	
-0.385459	-0.439949	-0.453362	-0.397532	-0.266485	-0.0777038	0.146864	0.387368	0.63047	0.86128	1.04602	1.15612	1.18208	1.12405	1.01897	0.893957	0.777302	0.688742	0.62615	0.592339	0.576964	0.573362	0.57889	0.58469	0.594236	
-0.402222	-0.468639	-0.502606	-0.467447	-0.355203	-0.184343	0.0288279	0.259531	0.495342	0.722961	0.909342	1.02803	1.06025	1.00973	0.90608	0.777302	0.656292	0.559553	0.490969	0.452349	0.432391	0.427579	0.43103	0.436511	0.446245	
-0.402694	-0.48218	-0.529027	-0.508755	-0.417218	-0.261037	-0.0594838	0.16117	0.390389	0.61549	0.804823	0.928991	0.970095	0.924251	0.821089	0.688742	0.559553	0.453816	0.376547	0.329707	0.303759	0.294414	0.293572	0.2977	0.304036	
-0.398664	-0.481874	-0.538153	-0.535296	-0.459829	-0.316085	-0.123695	0.0895219	0.315265	0.53872	0.727889	0.859973	0.905861	0.865001	0.763538	0.62615	0.490969	0.376547	0.290284	0.236655	0.204028	0.189856	0.185881	0.186057	0.191491	
-0.384838	-0.476565	-0.544107	-0.550291	-0.486875	-0.353529	-0.169607	0.0383223	0.25966	0.479493	0.67312	0.809822	0.863597	0.830525	0.730596	0.592339	0.452349	0.329707	0.236655	0.175463	0.135893	0.118267	0.107742	0.107228	0.107428	
-0.376307	-0.469719	-0.538393	-0.555332	-0.506189	-0.38288	-0.205094	-0.00279587	0.21672	0.438797	0.633617	0.778459	0.84	0.812616	0.716636	0.576964	0.432391	0.303759	0.204028	0.135893	0.0926633	0.0689446	0.0574992	0.0524845	0.0525533	
-0.360741	-0.457805	-0.536279	-0.562258	-0.520268	-0.402744	-0.231786	-0.0316028	0.187059	0.405304	0.604677	0.754516	0.822527	0.804031	0.711804	0.573362	0.427579	0.294414	0.189856	0.118267	0.0689446	0.0446447	0.0276894	0.0232596	0.0193733	
-0.35257	-0.451881	-0.52896	-0.559419	-0.527993	-0.420282	-0.253812	-0.0577038	0.158043	0.379721	0.581383	0.737965	0.814969	0.803129	0.715791	0.57889	0.43103	0.293572	0.185881	0.107742	0.0574992	0.0276894	0.011083	0.00328374	-0.000306396	
-0.339815	-0.439676	-0.523412	-0.563093	-0.537934	-0.432841	-0.271687	-0.0770824	0.140227	0.358977	0.563915	0.725104	0.807107	0.802566	0.719497	0.58469	0.436511	0.2977	0.186057	0.107228	0.0524845	0.0232596	0.00328374	-0.00367388	-0.00943631	
-0.33325	-0.435241	-0.518243	-0.559291	-0.539884	-0.443575	-0.286333	-0.0941033	0.119411	0.340511	0.547669	0.713673	0.803219	0.805108	0.726818	0.594236	0.446245	0.304036	0.191491	0.107428	0.0525533	0.0193733	-0.000306396	-0.00943631	-0.0148696	
-0.324043	-0.425879	-0.51231	-0.56041	-0.54728	-0.45232	-0.298525	-0.108067	0.107494	0.327145	0.536478	0.705854	0.79935	0.806254	0.731126	0.600881	0.45205	0.309954	0.194302	0.110134	0.0525335	0.0197007	-0.00168266	-0.0101484	-0.0167856	
-0.319783	-0.42238	-0.509028	-0.558205	-0.547067	-0.458305	-0.307867	-0.118398	0.0940807	0.314568	0.525111	0.697751	0.795964	0.807724	0.736717	0.607942	0.460543	0.316145	0.200299	0.113013	0.0550784	0.0199638	-0.00133115	-0.0113037	-0.0174217	
-0.313735	-0.41709	-0.505067	-0.557577	-0.55153	-0.463919	-0.315163	-0.127326	0.0862142	0.306461	0.51875	0.693086	0.794434	0.809257	0.739678	0.613049	0.464392	0.320186	0.202531	0.114644	0.0555157	0.0202934	-0.00192552	-0.0112182	-0.0183961	
-0.312187	-0.41439	-0.502852	-0.557271	-0.55126	-0.4665	-0.319952	-0.132303	0.0801045	0.300202	0.512303	0.688808	0.791738	0.809057	0.742429	0.616075	0.468991	0.323907	0.205942	0.117241	0.0575383	0.0214103	-0.000559066	-0.0111009	-0.0173263	
-0.309058	-0.413462	-0.502046	-0.555966	-0.552537	-0.468834	-0.322609	-0.135816	0.076045	0.29663	0.510374	0.686798	0.792028	0.810671	0.743814	0.618971	0.470712	0.325284	0.207053	0.117131	0.0574497	0.0209907	-0.00164101	-0.0113143	-0.0187867	
-0.310126	-0.411693	-0.50075	-0.557228	-0.553006	-0.468809	-0.323115	-0.136082	0.0770126	0.296869	0.509164	0.686806	0.790583	0.809253	0.743664	0.617975	0.470764	0.325892	0.207044	0.118409	0.058066	0.0218814	-0.000229467	-0.0109043	-0.0170519	
-0.310217	-0.41504	-0.503056	-0.555861	-0.551248	-0.467731	-0.321251	-0.134056	0.0769393	0.297912	0.511524	0.687473	0.792561	0.810625	0.743465	0.618278	0.470235	0.324484	0.206857	0.1166	0.057403	0.0207073	-0.00170855	-0.0115215	-0.0188918	
-0.313325	-0.414478	-0.503268	-0.558464	-0.552257	-0.465153	-0.317451	-0.129543	0.0847436	0.304277	0.515683	0.691605	0.792456	0.80839	0.740474	0.613586	0.465954	0.321948	0.203577	0.116416	0.0564472	0.0213029	-0.000682306	-0.010864	-0.0169896	
-0.317356	-0.421621	-0.507712	-0.557003	-0.547828	-0.46076	-0.311076	-0.122258	0.0889628	0.310521	0.522244	0.695292	0.796098	0.809127	0.738598	0.610985	0.462841	0.317811	0.20187	0.113025	0.0554148	0.019394	-0.00199946	-0.0118464	-0.0185427	
-0.321795	-0.422924	-0.510384	-0.560699	-0.548364	-0.454974	-0.30269	-0.112312	0.103266	0.322306	0.531733	0.702784	0.797134	0.806228	0.732893	0.603108	0.455018	0.312576	0.196215	0.111877	0.0533841	0.0203351	-0.00123787	-0.010271	-0.0164576	
-0.330344	-0.432646	-0.515564	-0.558846	-0.54171	-0.447378	-0.291638	-0.100145	0.112555	0.334603	0.542547	0.710153	0.802314	0.806123	0.72931	0.597606	0.449282	0.306359	0.19321	0.107793	0.0527868	0.0185638	-0.00102958	-0.0106703	-0.0160652	
-0.33597	-0.43703	-0.521238	-0.562717	-0.539961	-0.437263	-0.278046	-0.0837826	0.132775	0.351439	0.557443	0.720278	0.80488	0.803018	0.721832	0.587975	0.439813	0.300074	0.187577	0.107409	0.0519715	0.0218295	0.00150942	-0.00592064	-0.0118162	
-0.348527	-0.447312	-0.526028	-0.560299	-0.5312	-0.425873	-0.26162	-0.0662398	0.149127	0.370932	0.573451	0.732647	0.811928	0.803123	0.717695	0.581313	0.433541	0.29479	0.186013	0.106593	0.0552645	0.0246336	0.00750112	-0.0010033	-0.00457144	
-0.356341	-0.455768	-0.533507	-0.562004	-0.524546	-0.409825	-0.241293	-0.0420244	0.175466	0.394524	0.595195	0.746948	0.81902	0.802665	0.712548	0.574653	0.427769	0.293105	0.186963	0.112945	0.0630707	0.036702	0.0197037	0.0141695	0.0100535	
-0.370474	-0.464404	-0.537274	-0.558153	-0.511842	-0.39178	-0.216832	-0.0154797	0.203404	0.424227	0.620704	0.768217	0.831889	0.808707	0.713946	0.574561	0.42978	0.298569	0.197264	0.12713	0.0815708	0.057231	0.0436765	0.0384163	0.0372848	
-0.381499	-0.47505	-0.541833	-0.553062	-0.496055	-0.365894	-0.185124	0.020835	0.241161	0.462107	0.656065	0.795533	0.853154	0.821088	0.723315	0.583851	0.4417	0.31676	0.220649	0.156606	0.115803	0.0952495	0.0849025	0.08213	0.0825806	
-0.392582	-0.479589	-0.541823	-0.542312	-0.471748	-0.33275	-0.143923	0.0672511	0.290837	0.512144	0.703712	0.837379	0.886155	0.849355	0.747686	0.610296	0.473251	0.354824	0.266291	0.209064	0.173476	0.158128	0.150753	0.151223	0.153824	
-0.402785	-0.483255	-0.532959	-0.521053	-0.436988	-0.285304	-0.0879765	0.129333	0.357735	0.582488	0.771011	0.898865	0.941703	0.896698	0.794946	0.659431	0.527872	0.418864	0.337444	0.288448	0.259847	0.248433	0.247177	0.249007	0.256031	
-0.402657	-0.476212	-0.516496	-0.486234	-0.382395	-0.21818	-0.00958897	0.21704	0.448921	0.675432	0.863834	0.983939	1.02074	0.972644	0.868705	0.739426	0.614906	0.514297	0.442936	0.400222	0.378383	0.371665	0.373022	0.378744	0.386192	
-0.394748	-0.452736	-0.475222	-0.429593	-0.306716	-0.12455	0.09506	0.331781	0.573637	0.802681	0.988079	1.10256	1.13001	1.07512	0.971072	0.843866	0.726294	0.634911	0.569779	0.535613	0.517901	0.515128	0.519909	0.525943	0.536287	
-0.366371	-0.412115	-0.413182	-0.34056	-0.194424	0.00298146	0.236586	0.482045	0.726255	0.95803	1.13924	1.24288	1.2631	1.20117	1.0934	0.970633	0.855977	0.770147	0.711097	0.67732	0.66408	0.658947	0.66466	0.668888	0.677573	
-0.309749	-0.335295	-0.3154	-0.222729	-0.0521479	0.164629	0.407405	0.66408	0.913469	1.13822	1.31086	1.39813	1.40019	1.32683	1.2112	1.0853	0.972939	0.888007	0.830341	0.797618	0.781173	0.775606	0.776186	0.778443	0.782705	
-0.2275	-0.231606	-0.182073	-0.0632801	0.124466	0.353115	0.602556	0.856706	1.1029	1.31863	1.47216	1.53911	1.51976	1.42847	1.29998	1.16782	1.04863	0.961184	0.898548	0.859715	0.838782	0.824388	0.820447	0.814725	0.814335	
-0.107757	-0.09729	-0.0278369	0.110239	0.314621	0.549471	0.796547	1.04735	1.27751	1.46987	1.59622	1.6288	1.57963	1.46548	1.31948	1.17652	1.0518	0.955866	0.88978	0.842087	0.814516	0.792598	0.779906	0.768636	0.760326	
0.0261087	0.0534672	0.139863	0.287397	0.490898	0.72164	0.954783	1.18621	1.3983	1.55854	1.6496	1.64677	1.56131	1.42188	1.25592	1.10032	0.966087	0.863731	0.789039	0.736201	0.699191	0.672334	0.651081	0.63562	0.620629	
