0.530125	0.464515	0.423359	0.407226	0.401156	0.401007	0.403787	0.414619	0.44462	0.502066	0.573037	0.632257	0.678886	0.71944	0.750767	0.771946	0.76886	0.741207	0.707876	0.690285	0.684688	0.675697	0.653187	0.599302	0.507485	
0.51984	0.468711	0.444504	0.439899	0.442528	0.444311	0.440184	0.441209	0.455356	0.497458	0.555658	0.614039	0.668092	0.712645	0.755247	0.789764	0.798606	0.79144	0.776203	0.771424	0.770555	0.759422	0.723605	0.656428	0.55625	
0.430108	0.385491	0.365787	0.363834	0.368541	0.370789	0.365203	0.363796	0.37443	0.410234	0.464033	0.528244	0.592612	0.650282	0.710291	0.765979	0.799948	0.825799	0.84902	0.870131	0.873011	0.852353	0.794879	0.705597	0.591188	
0.272897	0.222959	0.198074	0.197104	0.202848	0.203806	0.199397	0.195864	0.209009	0.250978	0.311829	0.386134	0.460535	0.533298	0.615258	0.702556	0.775294	0.841703	0.905163	0.954776	0.96688	0.937164	0.860097	0.75217	0.623608	
0.079151	0.018563	-0.0143628	-0.0201811	-0.0218384	-0.0211744	-0.0214417	-0.0183914	0.00136526	0.0527957	0.123378	0.205227	0.290806	0.383433	0.488618	0.612627	0.730567	0.842499	0.941443	1.01224	1.03649	1.00515	0.915456	0.792347	0.65201	
-0.13084	-0.191785	-0.230316	-0.248478	-0.262912	-0.266488	-0.254667	-0.239309	-0.209737	-0.157904	-0.0862904	-0.00109448	0.101658	0.222037	0.357407	0.511031	0.669536	0.822082	0.953452	1.0397	1.06951	1.03579	0.947607	0.821618	0.678807	
-0.317787	-0.372077	-0.414355	-0.445434	-0.471999	-0.476614	-0.457902	-0.427447	-0.39059	-0.341795	-0.276558	-0.190922	-0.0738239	0.0720945	0.231944	0.408682	0.589875	0.771808	0.931067	1.03873	1.07966	1.0492	0.971002	0.858907	0.730597	
-0.458644	-0.502399	-0.543351	-0.575842	-0.60017	-0.604993	-0.586558	-0.557279	-0.51899	-0.477288	-0.424193	-0.342663	-0.222582	-0.0662887	0.113026	0.305683	0.503442	0.702415	0.880171	1.01214	1.07632	1.06574	1.00387	0.910356	0.804632	
-0.546897	-0.576829	-0.605688	-0.629254	-0.643058	-0.64497	-0.635988	-0.616582	-0.587946	-0.560311	-0.521265	-0.454146	-0.341753	-0.187273	-0.00416112	0.199809	0.407441	0.614433	0.810476	0.962584	1.0557	1.08057	1.04404	0.964791	0.87486	
-0.57669	-0.592152	-0.607333	-0.618783	-0.626959	-0.627861	-0.622677	-0.612344	-0.597861	-0.583142	-0.562428	-0.511654	-0.412451	-0.270977	-0.0965497	0.102677	0.309379	0.520969	0.725438	0.897114	1.0118	1.06617	1.06202	1.00515	0.927876	
-0.540785	-0.548019	-0.551493	-0.555372	-0.561036	-0.562639	-0.557616	-0.552552	-0.550089	-0.543629	-0.535164	-0.503608	-0.421898	-0.299599	-0.147724	0.0320833	0.229175	0.434773	0.637686	0.816014	0.943386	1.0196	1.04344	1.02063	0.973068	
-0.451153	-0.452414	-0.446421	-0.436801	-0.435249	-0.435577	-0.435061	-0.44209	-0.451528	-0.451689	-0.452579	-0.440774	-0.386081	-0.289084	-0.165023	-0.0131827	0.164991	0.353732	0.54275	0.713852	0.850528	0.950718	1.00388	1.01865	1.01122	
-0.337861	-0.329673	-0.310663	-0.284968	-0.267977	-0.26591	-0.276572	-0.299722	-0.324392	-0.334193	-0.345179	-0.350059	-0.323997	-0.261229	-0.167442	-0.0459675	0.100143	0.260599	0.422079	0.57858	0.72293	0.850849	0.942096	0.997766	1.03041	
-0.223697	-0.202588	-0.171121	-0.133427	-0.102882	-0.0971092	-0.119409	-0.156337	-0.191242	-0.215224	-0.236099	-0.248506	-0.244819	-0.217602	-0.161619	-0.0770631	0.0310371	0.150385	0.278083	0.413998	0.562514	0.719203	0.850252	0.946904	1.01558	
-0.122965	-0.0922749	-0.0573212	-0.0168365	0.0195557	0.02707	-0.0003273	-0.0420476	-0.0792313	-0.110825	-0.137855	-0.153094	-0.161949	-0.163257	-0.145248	-0.100207	-0.0343532	0.0458625	0.137105	0.244193	0.387338	0.55756	0.719611	0.852395	0.949029	
-0.0311807	-0.00504596	0.0230851	0.054566	0.0846277	0.0908747	0.0682386	0.0352063	0.00571689	-0.0209095	-0.0439068	-0.0610198	-0.0802272	-0.101385	-0.112558	-0.107032	-0.0809789	-0.0351577	0.0242065	0.107356	0.233556	0.400252	0.574722	0.723734	0.837165	
0.0469415	0.0610265	0.0751914	0.0912409	0.103348	0.105237	0.0962901	0.0819483	0.0664764	0.0522192	0.0383226	0.0192581	-0.0105778	-0.0449986	-0.0783511	-0.100083	-0.103881	-0.0827972	-0.0452933	0.0164011	0.122478	0.267372	0.4252	0.566948	0.676605	
0.0904123	0.0965383	0.0992316	0.100402	0.0973981	0.0957478	0.0988339	0.100473	0.09829	0.0930987	0.08442	0.0647229	0.0320591	-0.00620502	-0.0485025	-0.0866088	-0.105572	-0.0992786	-0.0811318	-0.0400255	0.0396931	0.151246	0.277084	0.39106	0.483272	
0.0987093	0.0977685	0.0890965	0.0742782	0.0630791	0.0610336	0.0686689	0.0837104	0.0950666	0.0994191	0.0955096	0.0796361	0.0549635	0.0208122	-0.0226174	-0.0674732	-0.100242	-0.106427	-0.102738	-0.0822076	-0.0319484	0.0435501	0.130093	0.21081	0.281661	
0.0767681	0.0716801	0.0525432	0.0293552	0.0126915	0.0107523	0.0214045	0.0431879	0.0652933	0.076603	0.0767104	0.0758399	0.0672354	0.044571	0.00820254	-0.0332033	-0.0725868	-0.0929952	-0.102743	-0.103057	-0.0881434	-0.0529272	-0.00837374	0.0378352	0.0860313	
0.0383778	0.0237383	0.000170632	-0.0284675	-0.0476954	-0.0516542	-0.0378073	-0.0116905	0.0154764	0.0338406	0.0450709	0.0594222	0.0729477	0.0639571	0.0380152	0.0066355	-0.027985	-0.0560484	-0.0787855	-0.102844	-0.124559	-0.132594	-0.126817	-0.11481	-0.0931739	
0.00515338	-0.0307943	-0.065922	-0.0956959	-0.119791	-0.124395	-0.107049	-0.0781859	-0.0452217	-0.00797078	0.02145	0.0472634	0.0715229	0.0775326	0.0626238	0.040579	0.0141852	-0.0123799	-0.0433393	-0.0868296	-0.140005	-0.184343	-0.217353	-0.237987	-0.244888	
-0.0272226	-0.083425	-0.129381	-0.158459	-0.183057	-0.189748	-0.168713	-0.142194	-0.10433	-0.0488816	-0.00109096	0.0315316	0.0581084	0.0744841	0.0755422	0.065865	0.0503391	0.0286114	-0.00359594	-0.0609562	-0.134251	-0.208071	-0.277864	-0.334047	-0.370125	
-0.0685	-0.129712	-0.175071	-0.204313	-0.227159	-0.232491	-0.214141	-0.188367	-0.150226	-0.0929722	-0.0377798	0.00175537	0.0334995	0.0524685	0.0631543	0.0711258	0.0738964	0.0617373	0.0308166	-0.0347126	-0.121158	-0.211579	-0.306295	-0.396585	-0.461157	
-0.113182	-0.162607	-0.203023	-0.226484	-0.240651	-0.244029	-0.23289	-0.214717	-0.180739	-0.132266	-0.0855488	-0.0389707	0.00235733	0.0256331	0.0419347	0.0666284	0.0879758	0.0866605	0.0558459	-0.0155672	-0.107527	-0.202622	-0.305967	-0.41251	-0.502076	
-0.149728	-0.187383	-0.218244	-0.229245	-0.228317	-0.228088	-0.22877	-0.225585	-0.201415	-0.164103	-0.128238	-0.0873129	-0.0425084	-0.00737371	0.0243661	0.0616532	0.0936722	0.0973552	0.0694571	0.00297205	-0.0854174	-0.181952	-0.290867	-0.407645	-0.509363	
-0.187383	-0.211162	-0.221705	-0.216703	-0.205762	-0.203606	-0.211853	-0.221454	-0.217776	-0.197837	-0.172599	-0.144461	-0.102901	-0.0526035	0.00222226	0.0542993	0.0908078	0.100544	0.0794261	0.0239057	-0.0549601	-0.155867	-0.277692	-0.405794	-0.514419	
-0.218244	-0.221705	-0.213453	-0.198549	-0.191443	-0.191131	-0.194717	-0.206807	-0.219846	-0.22092	-0.210927	-0.187592	-0.150307	-0.0927028	-0.0256996	0.0336199	0.0768259	0.0991568	0.088661	0.0471765	-0.0215078	-0.120958	-0.253772	-0.394115	-0.51451	
-0.229245	-0.216703	-0.198549	-0.188081	-0.182035	-0.181527	-0.185484	-0.193107	-0.209057	-0.225706	-0.229724	-0.215949	-0.179371	-0.122194	-0.0545867	0.00730744	0.058051	0.0934424	0.0985467	0.0728725	0.0167374	-0.0814204	-0.221952	-0.378578	-0.51345	
-0.228317	-0.205762	-0.191443	-0.182035	-0.168702	-0.164608	-0.176895	-0.187424	-0.19931	-0.219001	-0.238211	-0.235984	-0.204315	-0.146349	-0.076135	-0.00997815	0.0440472	0.086987	0.103544	0.096429	0.0519079	-0.0469971	-0.199632	-0.370709	-0.51795	
-0.228088	-0.203606	-0.191131	-0.181527	-0.164608	-0.160305	-0.174675	-0.187578	-0.197978	-0.217544	-0.24023	-0.240722	-0.21046	-0.152221	-0.0802853	-0.0126737	0.0421932	0.0848858	0.104037	0.101101	0.0597188	-0.0402771	-0.196242	-0.370371	-0.51925	
-0.22877	-0.211853	-0.194717	-0.185484	-0.176895	-0.174675	-0.182137	-0.190141	-0.2041	-0.223023	-0.23353	-0.224662	-0.189832	-0.133189	-0.0649345	-0.00112834	0.0514519	0.0899197	0.100428	0.0836748	0.0327665	-0.0658074	-0.211314	-0.374212	-0.51451	
-0.225585	-0.221454	-0.206807	-0.193107	-0.187424	-0.187578	-0.190141	-0.200326	-0.216551	-0.225575	-0.221104	-0.200953	-0.163071	-0.105133	-0.0375714	0.0231838	0.0694609	0.097541	0.0934579	0.0568978	-0.00686744	-0.105877	-0.24092	-0.386885	-0.513781	
-0.201415	-0.217776	-0.219846	-0.209057	-0.19931	-0.197978	-0.2041	-0.216551	-0.220581	-0.209007	-0.189742	-0.16394	-0.124454	-0.0699255	-0.00808342	0.0469796	0.0864171	0.100651	0.0834687	0.0328358	-0.0425801	-0.14279	-0.269839	-0.403349	-0.515381	
-0.164103	-0.197837	-0.22092	-0.225706	-0.219001	-0.217544	-0.223023	-0.225575	-0.209007	-0.177746	-0.145071	-0.110172	-0.0658111	-0.024265	0.0168042	0.0604086	0.0939629	0.0990765	0.0734324	0.0106701	-0.0733258	-0.171725	-0.28531	-0.40697	-0.511573	
-0.128238	-0.172599	-0.210927	-0.229724	-0.238211	-0.24023	-0.23353	-0.221104	-0.189742	-0.145071	-0.103251	-0.0570479	-0.0135659	0.0132912	0.0344035	0.0644948	0.0910866	0.0923132	0.062302	-0.00824264	-0.0999673	-0.195564	-0.300886	-0.41106	-0.506921	
-0.0873129	-0.144461	-0.187592	-0.215949	-0.235984	-0.240722	-0.224662	-0.200953	-0.16394	-0.110172	-0.0570479	-0.0141093	0.0218071	0.0418277	0.0545168	0.0694303	0.0806382	0.0729484	0.0425428	-0.0261223	-0.116315	-0.209906	-0.308781	-0.407596	-0.483112	
-0.0425084	-0.102901	-0.150307	-0.179371	-0.204315	-0.21046	-0.189832	-0.163071	-0.124454	-0.0658111	-0.0135659	0.0218071	0.04958	0.0676515	0.0731404	0.0702917	0.0607196	0.0428232	0.0105516	-0.0498912	-0.129226	-0.211207	-0.293336	-0.363913	-0.411861	
-0.00737371	-0.0526035	-0.0927028	-0.122194	-0.146349	-0.152221	-0.133189	-0.105133	-0.0699255	-0.024265	0.0132912	0.0418277	0.0676515	0.0788849	0.0705019	0.0529542	0.0304912	0.00496316	-0.0271288	-0.0773354	-0.13933	-0.196969	-0.245489	-0.2802	-0.298178	
0.0243661	0.00222226	-0.0256996	-0.0545867	-0.076135	-0.0802853	-0.0649345	-0.0375714	-0.00808342	0.0168042	0.0344035	0.0545168	0.0731404	0.0705019	0.0487321	0.0206047	-0.0107639	-0.0385357	-0.0659106	-0.0977872	-0.13407	-0.15672	-0.166315	-0.167273	-0.157244	
0.0616532	0.0542993	0.0336199	0.00730744	-0.00997815	-0.0126737	-0.00112834	0.0231838	0.0469796	0.0604086	0.0644948	0.0694303	0.0702917	0.0529542	0.0206047	-0.0168497	-0.0560466	-0.0800964	-0.0949509	-0.105584	-0.105047	-0.0878937	-0.0589328	-0.0264126	0.0115191	
0.0936722	0.0908078	0.0768259	0.058051	0.0440472	0.0421932	0.0514519	0.0694609	0.0864171	0.0939629	0.0910866	0.0806382	0.0607196	0.0304912	-0.0107639	-0.0560466	-0.0922644	-0.104575	-0.106138	-0.092914	-0.0563299	0.00389201	0.0729057	0.139869	0.202434	
0.0973552	0.100544	0.0991568	0.0934424	0.086987	0.0848858	0.0899197	0.097541	0.100651	0.0990765	0.0923132	0.0729484	0.0428232	0.00496316	-0.0385357	-0.0800964	-0.104575	-0.103177	-0.0917509	-0.0586771	0.00982	0.106506	0.21787	0.318817	0.402199	
0.0694571	0.0794261	0.088661	0.0985467	0.103544	0.104037	0.100428	0.0934579	0.0834687	0.0734324	0.062302	0.0425428	0.0105516	-0.0271288	-0.0659106	-0.0949509	-0.106138	-0.0917509	-0.0618478	-0.00892927	0.0872119	0.219752	0.365931	0.498222	0.601587	
0.00297205	0.0239057	0.0471765	0.0728725	0.096429	0.101101	0.0836748	0.0568978	0.0328358	0.0106701	-0.00824264	-0.0261223	-0.0498912	-0.0773354	-0.0977872	-0.105584	-0.092914	-0.0586771	-0.00892927	0.0654509	0.184167	0.344107	0.515506	0.663736	0.778444	
-0.0854174	-0.0549601	-0.0215078	0.0167374	0.0519079	0.0597188	0.0327665	-0.00686744	-0.0425801	-0.0733258	-0.0999673	-0.116315	-0.129226	-0.13933	-0.13407	-0.105047	-0.0563299	0.00982	0.0872119	0.184167	0.321593	0.492604	0.661789	0.804126	0.909752	
-0.181952	-0.155867	-0.120958	-0.0814204	-0.0469971	-0.0402771	-0.0658074	-0.105877	-0.14279	-0.171725	-0.195564	-0.209906	-0.211207	-0.196969	-0.15672	-0.0878937	0.00389201	0.106506	0.219752	0.344107	0.492604	0.656443	0.802315	0.914583	0.995402	
-0.290867	-0.277692	-0.253772	-0.221952	-0.199632	-0.196242	-0.211314	-0.24092	-0.269839	-0.28531	-0.300886	-0.308781	-0.293336	-0.245489	-0.166315	-0.0589328	0.0729057	0.21787	0.365931	0.515506	0.661789	0.802315	0.909952	0.982169	1.02966	
-0.407645	-0.405794	-0.394115	-0.378578	-0.370709	-0.370371	-0.374212	-0.386885	-0.403349	-0.40697	-0.41106	-0.407596	-0.363913	-0.2802	-0.167273	-0.0264126	0.139869	0.318817	0.498222	0.663736	0.804126	0.914583	0.982169	1.0125	1.02188	
-0.509363	-0.514419	-0.51451	-0.51345	-0.51795	-0.51925	-0.51451	-0.513781	-0.515381	-0.511573	-0.506921	-0.483112	-0.411861	-0.298178	-0.157244	0.0115191	0.202434	0.402199	0.601587	0.778444	0.909752	0.995402	1.02966	1.02188	0.989905	
