-0.0525486	-0.236917	-0.376279	-0.466543	-0.513139	-0.519213	-0.490925	-0.418169	-0.298591	-0.129992	0.0644088	0.24771	0.383019	0.44315	0.433637	0.362855	0.254828	0.13958	0.0391586	-0.0207783	-0.020538	0.0420637	0.163031	0.321127	0.487326	
-0.0633209	-0.267949	-0.421537	-0.51877	-0.56665	-0.573463	-0.543424	-0.46678	-0.336032	-0.149141	0.0701841	0.278565	0.431201	0.502469	0.492142	0.417937	0.303121	0.173265	0.0641154	-0.00311047	-0.00773928	0.0540403	0.174959	0.339214	0.523773	
-0.057874	-0.274678	-0.443645	-0.545178	-0.594886	-0.605115	-0.570036	-0.491842	-0.350344	-0.148979	0.0879713	0.319811	0.486891	0.571071	0.566623	0.489658	0.369456	0.230362	0.11114	0.0368211	0.0262161	0.0798118	0.194495	0.359896	0.562111	
-0.0242836	-0.254914	-0.43218	-0.541224	-0.597227	-0.607616	-0.56906	-0.483739	-0.334053	-0.120746	0.126904	0.370754	0.552455	0.643499	0.647863	0.572203	0.449303	0.30941	0.18286	0.108201	0.0881052	0.129603	0.234419	0.393539	0.603251	
0.0297979	-0.202314	-0.375472	-0.490108	-0.549383	-0.557758	-0.520683	-0.428076	-0.279013	-0.0679165	0.179737	0.4214	0.610737	0.709237	0.721683	0.656149	0.539507	0.406063	0.289398	0.213998	0.183604	0.210706	0.29274	0.436838	0.637818	
0.100358	-0.114469	-0.276111	-0.387185	-0.445637	-0.4539	-0.417405	-0.326283	-0.185502	0.00927747	0.242968	0.475445	0.66234	0.772964	0.795623	0.741031	0.642984	0.518394	0.408915	0.33272	0.285958	0.287047	0.346537	0.475093	0.660614	
0.196273	0.00487721	-0.146459	-0.250087	-0.309145	-0.320001	-0.27886	-0.193654	-0.0611534	0.115696	0.325764	0.547149	0.729043	0.843286	0.876766	0.832515	0.742557	0.629197	0.518877	0.429673	0.365558	0.338553	0.380309	0.495174	0.666524	
0.3107	0.141996	0.00362745	-0.0947859	-0.154118	-0.166924	-0.122663	-0.0405672	0.0818305	0.240289	0.426348	0.631343	0.804313	0.915454	0.952305	0.912012	0.827758	0.721603	0.607736	0.502461	0.416485	0.369141	0.386618	0.488619	0.651127	
0.422862	0.281452	0.164972	0.0769977	0.0203976	0.00767124	0.0508532	0.12639	0.230903	0.363995	0.52083	0.698072	0.856877	0.959201	0.990186	0.957903	0.881935	0.779148	0.669192	0.552209	0.443728	0.383074	0.383106	0.463082	0.603324	
0.505222	0.402205	0.318614	0.247194	0.200913	0.191944	0.224841	0.288415	0.367317	0.460013	0.583996	0.726352	0.859708	0.953972	0.979611	0.953898	0.892163	0.798162	0.688234	0.562718	0.441116	0.366843	0.354826	0.414583	0.528988	
0.548398	0.477706	0.427191	0.375729	0.339585	0.334737	0.358172	0.406552	0.457541	0.516206	0.603741	0.710016	0.818669	0.893699	0.916264	0.897446	0.850017	0.772499	0.661945	0.535372	0.406156	0.318363	0.298657	0.344361	0.438391	
0.519848	0.479275	0.453373	0.42384	0.40078	0.396184	0.412776	0.442135	0.4677	0.501175	0.556131	0.639423	0.729135	0.789451	0.816903	0.805823	0.770253	0.705824	0.600285	0.47303	0.347202	0.262775	0.235592	0.268226	0.343081	
0.410109	0.389938	0.379439	0.36986	0.357735	0.353347	0.365506	0.376158	0.384769	0.40012	0.435231	0.503668	0.578497	0.638319	0.671649	0.67756	0.665326	0.615806	0.525204	0.408046	0.29413	0.216191	0.19077	0.218786	0.281859	
0.224588	0.212292	0.212253	0.214109	0.210529	0.208851	0.213723	0.213002	0.211921	0.216934	0.24531	0.30229	0.371989	0.434957	0.47903	0.514538	0.525948	0.50569	0.445216	0.351258	0.267384	0.207109	0.193057	0.224222	0.278171	
-0.0321957	-0.0402614	-0.0273623	-0.0160905	-0.00681065	-0.00325838	-0.0125517	-0.0227288	-0.0352313	-0.0404972	-0.00950177	0.0427147	0.115804	0.193729	0.257861	0.323748	0.365942	0.381306	0.359734	0.30804	0.26788	0.243041	0.245253	0.284463	0.342349	
-0.312128	-0.320408	-0.309415	-0.28802	-0.272765	-0.27038	-0.280238	-0.300707	-0.317743	-0.318732	-0.292086	-0.240426	-0.163765	-0.0781807	0.0104872	0.107598	0.186241	0.243554	0.271135	0.274663	0.282947	0.302418	0.339681	0.395628	0.459944	
-0.594733	-0.602151	-0.584743	-0.557129	-0.533005	-0.527655	-0.546408	-0.574173	-0.597403	-0.60163	-0.575669	-0.526331	-0.449528	-0.353649	-0.244713	-0.123588	-0.00942237	0.0925392	0.176326	0.246541	0.313603	0.381767	0.451921	0.522002	0.589506	
-0.84451	-0.847885	-0.822152	-0.787511	-0.756066	-0.747354	-0.774108	-0.808782	-0.839481	-0.850232	-0.829939	-0.788568	-0.716854	-0.614744	-0.491444	-0.351599	-0.204701	-0.0615296	0.075387	0.207975	0.331182	0.444179	0.54618	0.636404	0.710557	
-1.03404	-1.03003	-1.00606	-0.963085	-0.929098	-0.923037	-0.946824	-0.989403	-1.02371	-1.03396	-1.02879	-0.994305	-0.931015	-0.836847	-0.703818	-0.556589	-0.393551	-0.217809	-0.0394967	0.141115	0.311973	0.465282	0.601977	0.712705	0.795942	
-1.15347	-1.14569	-1.11733	-1.07487	-1.03976	-1.03208	-1.05877	-1.10126	-1.13696	-1.15206	-1.15339	-1.13208	-1.08297	-0.998657	-0.876985	-0.735687	-0.568229	-0.376011	-0.164887	0.0563678	0.266391	0.454	0.618898	0.750327	0.849976	
-1.19846	-1.1813	-1.15265	-1.11211	-1.07935	-1.07261	-1.09668	-1.13705	-1.17144	-1.19245	-1.20605	-1.20304	-1.17623	-1.11051	-1.00904	-0.882132	-0.720704	-0.524798	-0.294945	-0.0494152	0.193083	0.413227	0.607442	0.766787	0.878956	
-1.17401	-1.14202	-1.10979	-1.06938	-1.03922	-1.03383	-1.05477	-1.09398	-1.12995	-1.161	-1.19361	-1.21563	-1.21754	-1.18417	-1.1111	-1.00621	-0.86053	-0.66113	-0.417464	-0.151288	0.117875	0.364577	0.580113	0.750464	0.870972	
-1.09333	-1.04382	-1.00002	-0.961028	-0.932806	-0.92748	-0.947648	-0.983862	-1.02583	-1.07257	-1.12678	-1.1825	-1.21827	-1.21963	-1.18244	-1.10022	-0.968144	-0.773698	-0.522841	-0.243379	0.0387334	0.303005	0.529556	0.703305	0.822642	
-0.978346	-0.908118	-0.856388	-0.81781	-0.792095	-0.788459	-0.805203	-0.839223	-0.88575	-0.948116	-1.02579	-1.11042	-1.18169	-1.21645	-1.21058	-1.15521	-1.03671	-0.854605	-0.609491	-0.327177	-0.0415341	0.231246	0.45865	0.627465	0.730768	
-0.846041	-0.764214	-0.708162	-0.674606	-0.655776	-0.652624	-0.665323	-0.692703	-0.738609	-0.810523	-0.905298	-1.01544	-1.11696	-1.18793	-1.21305	-1.18011	-1.07983	-0.905402	-0.667221	-0.388779	-0.103191	0.16905	0.390748	0.543564	0.630044	
-0.728956	-0.639014	-0.581501	-0.554553	-0.542324	-0.541446	-0.548217	-0.567475	-0.612486	-0.688595	-0.79638	-0.925557	-1.05015	-1.14761	-1.19639	-1.18074	-1.09051	-0.928568	-0.700274	-0.426057	-0.143566	0.128399	0.344925	0.485551	0.54732	
-0.639014	-0.546072	-0.493492	-0.474307	-0.471084	-0.471929	-0.471833	-0.482409	-0.520547	-0.596933	-0.711186	-0.849875	-0.992701	-1.1088	-1.1733	-1.17018	-1.0843	-0.928987	-0.70736	-0.434585	-0.151155	0.118646	0.328605	0.454569	0.489064	
-0.581501	-0.493492	-0.447965	-0.439306	-0.446143	-0.447495	-0.441769	-0.441508	-0.469647	-0.541304	-0.653651	-0.79568	-0.94495	-1.07249	-1.14469	-1.14085	-1.06012	-0.903128	-0.685193	-0.422564	-0.138135	0.123265	0.323715	0.435389	0.449001	
-0.554553	-0.474307	-0.439306	-0.440295	-0.454714	-0.45873	-0.446124	-0.4361	-0.455358	-0.516828	-0.622562	-0.759361	-0.905858	-1.03227	-1.10446	-1.09927	-1.01585	-0.865115	-0.654936	-0.398534	-0.121859	0.129124	0.318184	0.415793	0.406101	
-0.542324	-0.471084	-0.446143	-0.454714	-0.476918	-0.481404	-0.464029	-0.446979	-0.455431	-0.508596	-0.606421	-0.735742	-0.878755	-1.00283	-1.07265	-1.06446	-0.981358	-0.831729	-0.627487	-0.380297	-0.109403	0.130621	0.310317	0.397036	0.374764	
-0.541446	-0.471929	-0.447495	-0.45873	-0.481404	-0.485295	-0.468714	-0.449326	-0.45616	-0.508661	-0.603646	-0.732273	-0.873697	-0.99759	-1.06714	-1.05651	-0.975724	-0.823789	-0.61964	-0.377425	-0.1061	0.130738	0.306779	0.392429	0.370292	
-0.548217	-0.471833	-0.441769	-0.446124	-0.464029	-0.468714	-0.453514	-0.440107	-0.454889	-0.512236	-0.614376	-0.7482	-0.892896	-1.0178	-1.08944	-1.08312	-0.999166	-0.850454	-0.643391	-0.389742	-0.116133	0.130269	0.315639	0.407768	0.390769	
-0.567475	-0.482409	-0.441508	-0.4361	-0.446979	-0.449326	-0.440107	-0.436548	-0.460381	-0.528155	-0.638915	-0.778966	-0.928348	-1.05679	-1.12907	-1.12511	-1.04352	-0.888166	-0.67364	-0.413281	-0.131548	0.125579	0.322177	0.427965	0.432078	
-0.612486	-0.520547	-0.469647	-0.455358	-0.455431	-0.45616	-0.454889	-0.460381	-0.495322	-0.571018	-0.684541	-0.826312	-0.972448	-1.09463	-1.16358	-1.16035	-1.07818	-0.921179	-0.700408	-0.432016	-0.146497	0.120213	0.325659	0.445978	0.472747	
-0.688595	-0.596933	-0.541304	-0.516828	-0.508596	-0.508661	-0.512236	-0.528155	-0.571018	-0.64749	-0.758714	-0.893198	-1.02594	-1.1313	-1.18774	-1.17797	-1.08914	-0.93218	-0.707786	-0.433	-0.150923	0.120819	0.336443	0.471289	0.520549	
-0.79638	-0.711186	-0.653651	-0.622562	-0.606421	-0.603646	-0.614376	-0.638915	-0.684541	-0.758714	-0.859663	-0.977711	-1.08936	-1.17312	-1.20792	-1.18292	-1.08812	-0.917103	-0.682564	-0.406447	-0.121821	0.149826	0.368034	0.515737	0.594077	
-0.925557	-0.849875	-0.79568	-0.759361	-0.735742	-0.732273	-0.7482	-0.778966	-0.826312	-0.893198	-0.977711	-1.07404	-1.15751	-1.207	-1.21422	-1.16787	-1.05709	-0.87867	-0.636588	-0.355492	-0.0691051	0.204409	0.430262	0.593192	0.689405	
-1.05015	-0.992701	-0.94495	-0.905858	-0.878755	-0.873697	-0.892896	-0.928348	-0.972448	-1.02594	-1.08936	-1.15751	-1.20793	-1.22231	-1.19862	-1.12691	-0.999239	-0.809907	-0.560418	-0.278439	0.00558182	0.274251	0.50259	0.675732	0.789519	
-1.14761	-1.1088	-1.07249	-1.03227	-1.00283	-0.99759	-1.0178	-1.05679	-1.09463	-1.1313	-1.17312	-1.207	-1.22231	-1.20368	-1.14396	-1.04848	-0.908874	-0.709682	-0.461244	-0.189022	0.0873362	0.342748	0.562714	0.734874	0.856902	
-1.19639	-1.1733	-1.14469	-1.10446	-1.07265	-1.06714	-1.08944	-1.12907	-1.16358	-1.18774	-1.20792	-1.21422	-1.19862	-1.14396	-1.05332	-0.934632	-0.77778	-0.581233	-0.346288	-0.0918557	0.161973	0.393865	0.599226	0.765246	0.880832	
-1.18074	-1.17018	-1.14085	-1.09927	-1.06446	-1.05651	-1.08312	-1.12511	-1.16035	-1.17797	-1.18292	-1.16787	-1.12691	-1.04848	-0.934632	-0.798135	-0.631817	-0.437284	-0.216117	0.0162519	0.239797	0.441187	0.616804	0.75873	0.864799	
-1.09051	-1.0843	-1.06012	-1.01585	-0.981358	-0.975724	-0.999166	-1.04352	-1.07818	-1.08914	-1.08812	-1.05709	-0.999239	-0.908874	-0.77778	-0.631817	-0.465272	-0.281425	-0.0886176	0.108837	0.296375	0.464403	0.612828	0.732182	0.820862	
-0.928568	-0.928987	-0.903128	-0.865115	-0.831729	-0.823789	-0.850454	-0.888166	-0.921179	-0.93218	-0.917103	-0.87867	-0.809907	-0.709682	-0.581233	-0.437284	-0.281425	-0.123534	0.0307347	0.184719	0.327697	0.457334	0.573619	0.672093	0.74959	
-0.700274	-0.70736	-0.685193	-0.654936	-0.627487	-0.61964	-0.643391	-0.67364	-0.700408	-0.707786	-0.682564	-0.636588	-0.560418	-0.461244	-0.346288	-0.216117	-0.0886176	0.0307347	0.137423	0.234119	0.324332	0.411496	0.493862	0.570613	0.640433	
-0.426057	-0.434585	-0.422564	-0.398534	-0.380297	-0.377425	-0.389742	-0.413281	-0.432016	-0.433	-0.406447	-0.355492	-0.278439	-0.189022	-0.0918557	0.0162519	0.108837	0.184719	0.234119	0.262612	0.294701	0.332384	0.383698	0.446895	0.512538	
-0.143566	-0.151155	-0.138135	-0.121859	-0.109403	-0.1061	-0.116133	-0.131548	-0.146497	-0.150923	-0.121821	-0.0691051	0.00558182	0.0873362	0.161973	0.239797	0.296375	0.327697	0.324332	0.294701	0.27265	0.264723	0.280071	0.32388	0.384451	
0.128399	0.118646	0.123265	0.129124	0.130621	0.130738	0.130269	0.125579	0.120213	0.120819	0.149826	0.204409	0.274251	0.342748	0.393865	0.441187	0.464403	0.457334	0.411496	0.332384	0.264723	0.216511	0.207328	0.241458	0.296326	
0.344925	0.328605	0.323715	0.318184	0.310317	0.306779	0.315639	0.322177	0.325659	0.336443	0.368034	0.430262	0.50259	0.562714	0.599226	0.616804	0.612828	0.573619	0.493862	0.383698	0.280071	0.207328	0.185303	0.213733	0.272562	
0.485551	0.454569	0.435389	0.415793	0.397036	0.392429	0.407768	0.427965	0.445978	0.471289	0.515737	0.593192	0.675732	0.734874	0.765246	0.75873	0.732182	0.672093	0.570613	0.446895	0.32388	0.241458	0.213733	0.243473	0.312625	
0.54732	0.489064	0.449001	0.406101	0.374764	0.370292	0.390769	0.432078	0.472747	0.520549	0.594077	0.689405	0.789519	0.856902	0.880832	0.864799	0.820862	0.74959	0.640433	0.512538	0.384451	0.296326	0.272562	0.312625	0.399162	
