-0.149416	-0.176919	-0.179434	-0.145846	-0.0679893	0.0477959	0.18175	0.321167	0.456681	0.571911	0.648299	0.666752	0.638439	0.56464	0.45236	0.310018	0.149667	-0.00951288	-0.157102	-0.28896	-0.378825	-0.406016	-0.353238	-0.21957	-0.0348838	
-0.176919	-0.227491	-0.256261	-0.247228	-0.190759	-0.0854966	0.0531742	0.212694	0.380075	0.526333	0.630625	0.667536	0.645994	0.572505	0.445573	0.289616	0.127487	-0.024698	-0.164792	-0.290608	-0.387449	-0.417438	-0.371154	-0.256878	-0.0843558	
-0.179434	-0.256261	-0.317066	-0.342259	-0.31177	-0.224789	-0.0898406	0.0785207	0.267481	0.441982	0.568767	0.625417	0.615563	0.537563	0.412961	0.25675	0.0975537	-0.0486728	-0.182388	-0.300084	-0.392076	-0.416863	-0.37541	-0.273884	-0.122631	
-0.145846	-0.247228	-0.342259	-0.398336	-0.392786	-0.329536	-0.209636	-0.0466899	0.146256	0.337165	0.483692	0.558067	0.551121	0.478564	0.361368	0.21337	0.0590653	-0.0809308	-0.206647	-0.313828	-0.391875	-0.409002	-0.365043	-0.274747	-0.148131	
-0.0679893	-0.190759	-0.31177	-0.392786	-0.412192	-0.369984	-0.272075	-0.127579	0.0540895	0.245577	0.401166	0.482043	0.480583	0.414066	0.298271	0.155784	0.0136477	-0.119763	-0.23375	-0.327312	-0.388039	-0.390241	-0.346551	-0.268838	-0.166957	
0.0477959	-0.0854966	-0.224789	-0.329536	-0.369984	-0.343827	-0.269672	-0.154288	-0.000964644	0.169819	0.31662	0.398133	0.40064	0.333567	0.21764	0.0810741	-0.0498945	-0.171038	-0.273202	-0.344032	-0.376726	-0.368005	-0.322887	-0.253058	-0.176662	
0.18175	0.0531742	-0.0898406	-0.209636	-0.272075	-0.269672	-0.221769	-0.138332	-0.0233888	0.110455	0.231765	0.300156	0.2941	0.224165	0.111466	-0.0178712	-0.135984	-0.240308	-0.317448	-0.356785	-0.362188	-0.341835	-0.293247	-0.233603	-0.176602	
0.321167	0.212694	0.0785207	-0.0466899	-0.127579	-0.154288	-0.138332	-0.0904423	-0.0151795	0.0771676	0.15937	0.195395	0.172897	0.0985318	-0.0130899	-0.136764	-0.245203	-0.326649	-0.374606	-0.383327	-0.35972	-0.317605	-0.259677	-0.204024	-0.15947	
0.456681	0.380075	0.267481	0.146256	0.0540895	-0.000964644	-0.0233888	-0.0151795	0.0181619	0.0643734	0.0971029	0.0904838	0.0436239	-0.0459219	-0.162431	-0.279861	-0.376876	-0.435513	-0.451338	-0.427494	-0.370645	-0.299694	-0.225017	-0.158874	-0.112871	
0.571911	0.526333	0.441982	0.337165	0.245577	0.169819	0.110455	0.0771676	0.0643734	0.0546179	0.031997	-0.0203643	-0.104201	-0.215466	-0.341343	-0.455509	-0.540427	-0.572341	-0.544723	-0.475446	-0.381616	-0.280826	-0.179043	-0.0945199	-0.0408688	
0.648299	0.630625	0.568767	0.483692	0.401166	0.31662	0.231765	0.15937	0.0971029	0.031997	-0.0487812	-0.152803	-0.274302	-0.401811	-0.535727	-0.647553	-0.717671	-0.717685	-0.646485	-0.53094	-0.396723	-0.252755	-0.113775	-0.00881637	0.0524427	
0.666752	0.667536	0.625417	0.558067	0.482043	0.398133	0.300156	0.195395	0.0904838	-0.0203643	-0.152803	-0.302263	-0.451839	-0.599904	-0.741961	-0.848133	-0.890258	-0.852826	-0.744733	-0.584664	-0.39775	-0.205615	-0.031938	0.0870608	0.149745	
0.638439	0.645994	0.615563	0.551121	0.480583	0.40064	0.2941	0.172897	0.0436239	-0.104201	-0.274302	-0.451839	-0.629437	-0.794394	-0.940731	-1.02661	-1.02977	-0.954924	-0.811481	-0.610329	-0.378333	-0.150113	0.0488173	0.180666	0.251538	
0.56464	0.572505	0.537563	0.478564	0.414066	0.333567	0.224165	0.0985318	-0.0459219	-0.215466	-0.401811	-0.599904	-0.794394	-0.968385	-1.10374	-1.16342	-1.13152	-1.0173	-0.834393	-0.60044	-0.342142	-0.0887627	0.128267	0.275302	0.360213	
0.45236	0.445573	0.412961	0.361368	0.298271	0.21764	0.111466	-0.0130899	-0.162431	-0.341343	-0.535727	-0.741961	-0.940731	-1.10374	-1.21418	-1.24819	-1.18431	-1.03353	-0.822755	-0.573313	-0.298197	-0.0251068	0.208743	0.368487	0.471725	
0.310018	0.289616	0.25675	0.21337	0.155784	0.0810741	-0.0178712	-0.136764	-0.279861	-0.455509	-0.647553	-0.848133	-1.02661	-1.16342	-1.24819	-1.25614	-1.16843	-1.00343	-0.787947	-0.53548	-0.252797	0.0295562	0.270877	0.443254	0.565978	
0.149667	0.127487	0.0975537	0.0590653	0.0136477	-0.0498945	-0.135984	-0.245203	-0.376876	-0.540427	-0.717671	-0.890258	-1.02977	-1.13152	-1.18431	-1.16843	-1.07955	-0.931407	-0.730895	-0.484073	-0.210143	0.0618383	0.300363	0.486272	0.627743	
-0.00951288	-0.024698	-0.0486728	-0.0809308	-0.119763	-0.171038	-0.240308	-0.326649	-0.435513	-0.572341	-0.717685	-0.852826	-0.954924	-1.0173	-1.03353	-1.00343	-0.931407	-0.813783	-0.639235	-0.413412	-0.165471	0.0782397	0.3062	0.496983	0.64824	
-0.157102	-0.164792	-0.182388	-0.206647	-0.23375	-0.273202	-0.317448	-0.374606	-0.451338	-0.544723	-0.646485	-0.744733	-0.811481	-0.834393	-0.822755	-0.787947	-0.730895	-0.639235	-0.498957	-0.315712	-0.111336	0.0962389	0.29846	0.475746	0.622836	
-0.28896	-0.290608	-0.300084	-0.313828	-0.327312	-0.344032	-0.356785	-0.383327	-0.427494	-0.475446	-0.53094	-0.584664	-0.610329	-0.60044	-0.573313	-0.53548	-0.484073	-0.413412	-0.315712	-0.188402	-0.0408853	0.117524	0.27494	0.418411	0.550341	
-0.378825	-0.387449	-0.392076	-0.391875	-0.388039	-0.376726	-0.362188	-0.35972	-0.370645	-0.381616	-0.396723	-0.39775	-0.378333	-0.342142	-0.298197	-0.252797	-0.210143	-0.165471	-0.111336	-0.0408853	0.0467368	0.138459	0.233917	0.328327	0.4293	
-0.406016	-0.417438	-0.416863	-0.409002	-0.390241	-0.368005	-0.341835	-0.317605	-0.299694	-0.280826	-0.252755	-0.205615	-0.150113	-0.0887627	-0.0251068	0.0295562	0.0618383	0.0782397	0.0962389	0.117524	0.138459	0.159462	0.185147	0.220819	0.270619	
-0.353238	-0.371154	-0.37541	-0.365043	-0.346551	-0.322887	-0.293247	-0.259677	-0.225017	-0.179043	-0.113775	-0.031938	0.0488173	0.128267	0.208743	0.270877	0.300363	0.3062	0.29846	0.27494	0.233917	0.185147	0.146267	0.119141	0.105533	
-0.21957	-0.256878	-0.273884	-0.274747	-0.268838	-0.253058	-0.233603	-0.204024	-0.158874	-0.0945199	-0.00881637	0.0870608	0.180666	0.275302	0.368487	0.443254	0.486272	0.496983	0.475746	0.418411	0.328327	0.220819	0.119141	0.0376986	-0.0244063	
-0.0348838	-0.0843558	-0.122631	-0.148131	-0.166957	-0.176662	-0.176602	-0.15947	-0.112871	-0.0408688	0.0524427	0.149745	0.251538	0.360213	0.471725	0.565978	0.627743	0.64824	0.622836	0.550341	0.4293	0.270619	0.105533	-0.0244063	-0.121829	
0.186185	0.121741	0.0596199	-0.000226999	-0.0603294	-0.107139	-0.137945	-0.139698	-0.10092	-0.0304793	0.065895	0.171264	0.282046	0.403724	0.535598	0.651582	0.730465	0.76396	0.746388	0.669693	0.528037	0.333645	0.120499	-0.0526194	-0.186646	
0.402057	0.31913	0.223253	0.127337	0.027047	-0.0603949	-0.123416	-0.148292	-0.130084	-0.0716557	0.0270948	0.147498	0.274816	0.413108	0.56273	0.697102	0.792036	0.845109	0.844624	0.772626	0.623401	0.412463	0.177067	-0.0336057	-0.214208	
0.570979	0.477364	0.357041	0.223724	0.0824454	-0.0480209	-0.138543	-0.184326	-0.186749	-0.140285	-0.041151	0.0934287	0.243464	0.403599	0.570345	0.719899	0.833833	0.903269	0.920557	0.860293	0.711771	0.499928	0.250208	0.00657511	-0.212614	
0.681261	0.57677	0.438535	0.283826	0.110802	-0.049621	-0.163385	-0.225601	-0.243537	-0.206591	-0.113782	0.0339691	0.209533	0.394663	0.577352	0.743012	0.873992	0.958272	0.981005	0.92355	0.780468	0.565929	0.305535	0.0398257	-0.200258	
0.735192	0.621234	0.471403	0.304863	0.121025	-0.0510841	-0.174764	-0.248793	-0.281305	-0.254839	-0.167181	-0.0114009	0.183471	0.386407	0.578514	0.756225	0.905535	1.00047	1.02196	0.957285	0.811628	0.596692	0.332087	0.0599104	-0.187673	
0.742406	0.627918	0.476418	0.305708	0.121737	-0.0515971	-0.175733	-0.252004	-0.28738	-0.263927	-0.176465	-0.0189714	0.178745	0.38469	0.579046	0.757911	0.911594	1.00986	1.03026	0.963357	0.815823	0.601218	0.336012	0.0636926	-0.186775	
0.70959	0.600415	0.456273	0.296588	0.116812	-0.0503477	-0.170163	-0.237833	-0.262246	-0.228959	-0.138807	0.0124173	0.197394	0.391179	0.578958	0.750018	0.888068	0.977841	1.00084	0.939931	0.796718	0.582175	0.319662	0.0494349	-0.194568	
0.622433	0.524528	0.396414	0.252333	0.0963252	-0.0475778	-0.149397	-0.201875	-0.210393	-0.167892	-0.07079	0.0691754	0.228796	0.400217	0.573009	0.72966	0.85004	0.925389	0.946424	0.888994	0.743395	0.530171	0.275442	0.0206952	-0.207805	
0.476264	0.388385	0.281211	0.169317	0.0529044	-0.0521372	-0.126142	-0.159957	-0.151007	-0.097696	0.00137709	0.127497	0.264232	0.409836	0.566632	0.707019	0.809567	0.869924	0.876888	0.809904	0.6608	0.447907	0.206172	-0.0175729	-0.21654	
0.276505	0.203836	0.128551	0.0551879	-0.0216775	-0.0844325	-0.129438	-0.139792	-0.107926	-0.0414701	0.0559559	0.167089	0.283176	0.411639	0.550014	0.674179	0.759223	0.800432	0.789001	0.712312	0.565788	0.362841	0.139052	-0.0500025	-0.201906	
0.0505171	-0.0036349	-0.0508805	-0.0894362	-0.12359	-0.147013	-0.158297	-0.147761	-0.10287	-0.0304695	0.0643386	0.163821	0.268354	0.382372	0.502364	0.605565	0.67361	0.699269	0.675563	0.599575	0.469651	0.294336	0.107071	-0.0416871	-0.152857	
-0.151104	-0.193739	-0.218353	-0.228014	-0.23034	-0.223142	-0.209903	-0.1846	-0.137722	-0.0688609	0.0207557	0.117562	0.214776	0.314784	0.41472	0.496502	0.547395	0.561789	0.537491	0.472307	0.367848	0.239443	0.111274	0.0101115	-0.066532	
-0.30774	-0.333163	-0.341942	-0.333776	-0.319321	-0.296649	-0.269887	-0.236772	-0.196844	-0.142188	-0.0668418	0.0231985	0.11042	0.196549	0.281328	0.348065	0.381079	0.388104	0.373412	0.33387	0.271696	0.197846	0.134364	0.0843354	0.0487958	
-0.395336	-0.407995	-0.407735	-0.397557	-0.377437	-0.354159	-0.325284	-0.295403	-0.269614	-0.239031	-0.194337	-0.131483	-0.0647522	0.00468811	0.0757686	0.133385	0.162869	0.172226	0.178938	0.181589	0.176104	0.168765	0.168272	0.178206	0.202531	
-0.397913	-0.40895	-0.411736	-0.407533	-0.395437	-0.377805	-0.357199	-0.344588	-0.342894	-0.34181	-0.340116	-0.320749	-0.285663	-0.239041	-0.186368	-0.136989	-0.0996863	-0.0667164	-0.0281768	0.0217569	0.083301	0.146325	0.213868	0.286239	0.368481	
-0.330889	-0.334519	-0.341992	-0.349666	-0.357555	-0.361811	-0.362891	-0.377244	-0.408132	-0.439745	-0.478424	-0.511772	-0.518963	-0.497953	-0.465449	-0.424801	-0.376508	-0.315689	-0.234699	-0.131039	-0.00722995	0.126069	0.260372	0.385173	0.508028	
-0.213537	-0.217357	-0.231076	-0.252007	-0.273793	-0.305436	-0.33756	-0.3825	-0.446444	-0.52106	-0.603779	-0.685515	-0.737275	-0.745571	-0.726676	-0.690982	-0.637115	-0.553263	-0.429933	-0.268254	-0.0851709	0.104194	0.291341	0.457738	0.599567	
-0.0694528	-0.0823545	-0.103703	-0.132801	-0.167901	-0.214986	-0.275182	-0.349944	-0.447086	-0.567624	-0.696438	-0.817754	-0.905661	-0.952078	-0.955297	-0.922023	-0.857444	-0.751404	-0.589234	-0.378387	-0.145569	0.0850457	0.30445	0.49268	0.643579	
0.0847045	0.0656306	0.0373434	0.000990456	-0.0421462	-0.0996859	-0.179976	-0.280824	-0.404696	-0.560479	-0.726828	-0.884096	-1.00868	-1.09421	-1.13283	-1.10949	-1.02656	-0.890173	-0.698991	-0.458202	-0.192649	0.0691989	0.305067	0.49331	0.640819	
0.246981	0.224211	0.192525	0.150764	0.0987098	0.0272952	-0.0673048	-0.18339	-0.322726	-0.49447	-0.682478	-0.874413	-1.03803	-1.16226	-1.23488	-1.2324	-1.1416	-0.979534	-0.768232	-0.517206	-0.23578	0.0450618	0.286304	0.465384	0.595087	
0.398559	0.38507	0.351895	0.304866	0.242615	0.163748	0.0602374	-0.0628815	-0.210707	-0.389028	-0.584096	-0.790019	-0.984491	-1.13817	-1.23867	-1.26204	-1.18674	-1.02656	-0.811105	-0.559296	-0.279551	-0.000806939	0.2374	0.400976	0.512507	
0.523527	0.527481	0.49308	0.436442	0.372818	0.291729	0.182569	0.0568809	-0.0903081	-0.265821	-0.455982	-0.658891	-0.856971	-1.02909	-1.15496	-1.20491	-1.15989	-1.02934	-0.833372	-0.591301	-0.324903	-0.0627029	0.160896	0.313332	0.405288	
0.61448	0.623066	0.591494	0.528556	0.461224	0.381052	0.272823	0.148796	0.012606	-0.144973	-0.324544	-0.511433	-0.696925	-0.866613	-1.01075	-1.0868	-1.07515	-0.984686	-0.825361	-0.609798	-0.365763	-0.12649	0.0804923	0.217918	0.294208	
0.659974	0.665228	0.629676	0.564318	0.490407	0.408999	0.306823	0.19292	0.076588	-0.0505369	-0.199956	-0.362809	-0.52391	-0.679495	-0.824159	-0.923976	-0.951069	-0.898392	-0.776059	-0.599178	-0.392179	-0.184002	0.00086362	0.125487	0.189577	
0.662836	0.654112	0.600112	0.523331	0.443501	0.357708	0.267242	0.180963	0.0996499	0.0150528	-0.0878651	-0.211883	-0.34506	-0.480802	-0.617393	-0.728154	-0.788348	-0.77459	-0.68779	-0.554035	-0.399965	-0.236076	-0.082328	0.0291707	0.0918381	
