0.497844	0.330437	0.141811	-0.0433437	-0.184367	-0.262516	-0.270144	-0.210638	-0.0853999	0.100344	0.335546	0.590878	0.835249	1.04825	1.20173	1.2813	1.29815	1.28295	1.2311	1.14664	1.02867	0.886528	0.752745	0.635171	0.547474	
0.330437	0.162745	-0.0258853	-0.204893	-0.340724	-0.403585	-0.380598	-0.276999	-0.114055	0.10434	0.36263	0.637068	0.902726	1.12834	1.28107	1.34643	1.34116	1.29379	1.2168	1.12137	1.00716	0.879986	0.764551	0.665309	0.600615	
0.141811	-0.0258853	-0.210839	-0.373957	-0.493926	-0.538304	-0.484906	-0.350345	-0.154231	0.0927891	0.370566	0.657109	0.937411	1.16472	1.30743	1.35244	1.32023	1.2418	1.14153	1.0383	0.930173	0.828399	0.736425	0.663185	0.627668	
-0.0433437	-0.204893	-0.373957	-0.519597	-0.617488	-0.635066	-0.556872	-0.402106	-0.176511	0.0894249	0.372329	0.665128	0.947605	1.16318	1.2874	1.30519	1.23586	1.12917	1.00627	0.893135	0.798781	0.723605	0.660577	0.620565	0.611313	
-0.184367	-0.340724	-0.493926	-0.617488	-0.680754	-0.669771	-0.576296	-0.405946	-0.162419	0.111601	0.39581	0.68393	0.944899	1.13843	1.23012	1.2071	1.10391	0.968943	0.823807	0.705962	0.622701	0.567898	0.537024	0.523896	0.535727	
-0.262516	-0.403585	-0.538304	-0.635066	-0.669771	-0.63601	-0.531523	-0.346412	-0.0976591	0.180785	0.463643	0.729752	0.952909	1.10427	1.14534	1.0741	0.937868	0.773644	0.615941	0.492783	0.413917	0.377295	0.365934	0.374488	0.399811	
-0.270144	-0.380598	-0.484906	-0.556872	-0.576296	-0.531523	-0.416848	-0.224897	0.0251104	0.3067	0.575442	0.799898	0.97714	1.06832	1.04895	0.93205	0.758136	0.567369	0.394817	0.264126	0.183457	0.154664	0.158761	0.179589	0.211911	
-0.210638	-0.276999	-0.350345	-0.402106	-0.405946	-0.346412	-0.224897	-0.0375471	0.20302	0.466917	0.706727	0.888324	1.00926	1.03234	0.953967	0.789766	0.575165	0.362192	0.172147	0.0275519	-0.0575923	-0.0889289	-0.0786616	-0.0497226	-0.0153133	
-0.0853999	-0.114055	-0.154231	-0.176511	-0.162419	-0.0976591	0.0251104	0.20302	0.420041	0.645257	0.837058	0.961937	1.01266	0.968541	0.832406	0.630292	0.390811	0.161355	-0.0370463	-0.194666	-0.288098	-0.328595	-0.322918	-0.289613	-0.259588	
0.100344	0.10434	0.0927891	0.0894249	0.111601	0.180785	0.3067	0.466917	0.645257	0.817586	0.940973	0.993306	0.967376	0.857507	0.674841	0.442033	0.195249	-0.0400101	-0.241638	-0.399392	-0.497094	-0.539523	-0.536431	-0.498724	-0.472051	
0.335546	0.36263	0.370566	0.372329	0.39581	0.463643	0.575442	0.706727	0.837058	0.940973	0.987261	0.972168	0.880184	0.710971	0.489398	0.237083	-0.0120385	-0.243991	-0.436229	-0.581513	-0.674129	-0.709342	-0.702591	-0.666227	-0.638135	
0.590878	0.637068	0.657109	0.665128	0.68393	0.729752	0.799898	0.888324	0.961937	0.993306	0.972168	0.892313	0.744909	0.535141	0.29	0.0330148	-0.208235	-0.426791	-0.608859	-0.739394	-0.818916	-0.845876	-0.829849	-0.78914	-0.755943	
0.835249	0.902726	0.937411	0.947605	0.944899	0.952909	0.97714	1.00926	1.01266	0.967376	0.880184	0.744909	0.558475	0.333155	0.0825948	-0.161346	-0.383509	-0.584631	-0.746991	-0.86207	-0.922087	-0.932649	-0.90674	-0.855785	-0.815452	
1.04825	1.12834	1.16472	1.16318	1.13843	1.10427	1.06832	1.03234	0.968541	0.857507	0.710971	0.535141	0.333155	0.110674	-0.126834	-0.339431	-0.529295	-0.701546	-0.834577	-0.922159	-0.957462	-0.951149	-0.912513	-0.861401	-0.820223	
1.20173	1.28107	1.30743	1.2874	1.23012	1.14534	1.04895	0.953967	0.832406	0.674841	0.489398	0.29	0.0825948	-0.126834	-0.328723	-0.497724	-0.642549	-0.770111	-0.864403	-0.921741	-0.927689	-0.899918	-0.854516	-0.803327	-0.765152	
1.2813	1.34643	1.35244	1.30519	1.2071	1.0741	0.93205	0.789766	0.630292	0.442033	0.237083	0.0330148	-0.161346	-0.339431	-0.497724	-0.620155	-0.722139	-0.808724	-0.867217	-0.890639	-0.864515	-0.815275	-0.758743	-0.70741	-0.677629	
1.29815	1.34116	1.32023	1.23586	1.10391	0.937868	0.758136	0.575165	0.390811	0.195249	-0.0120385	-0.208235	-0.383509	-0.529295	-0.642549	-0.722139	-0.780383	-0.829442	-0.857957	-0.848467	-0.799079	-0.730218	-0.661306	-0.609397	-0.579011	
1.28295	1.29379	1.2418	1.12917	0.968943	0.773644	0.567369	0.362192	0.161355	-0.0400101	-0.243991	-0.426791	-0.584631	-0.701546	-0.770111	-0.808724	-0.829442	-0.844633	-0.841905	-0.805404	-0.737322	-0.64827	-0.571326	-0.517972	-0.481694	
1.2311	1.2168	1.14153	1.00627	0.823807	0.615941	0.394817	0.172147	-0.0370463	-0.241638	-0.436229	-0.608859	-0.746991	-0.834577	-0.864403	-0.867217	-0.857957	-0.841905	-0.8192	-0.75818	-0.672182	-0.573968	-0.487685	-0.433286	-0.399224	
1.14664	1.12137	1.0383	0.893135	0.705962	0.492783	0.264126	0.0275519	-0.194666	-0.399392	-0.581513	-0.739394	-0.86207	-0.922159	-0.921741	-0.890639	-0.848467	-0.805404	-0.75818	-0.681078	-0.591878	-0.495557	-0.415857	-0.373925	-0.346195	
1.02867	1.00716	0.930173	0.798781	0.622701	0.413917	0.183457	-0.0575923	-0.288098	-0.497094	-0.674129	-0.818916	-0.922087	-0.957462	-0.927689	-0.864515	-0.799079	-0.737322	-0.672182	-0.591878	-0.506484	-0.421038	-0.358013	-0.331661	-0.319987	
0.886528	0.879986	0.828399	0.723605	0.567898	0.377295	0.154664	-0.0889289	-0.328595	-0.539523	-0.709342	-0.845876	-0.932649	-0.951149	-0.899918	-0.815275	-0.730218	-0.64827	-0.573968	-0.495557	-0.421038	-0.359939	-0.320426	-0.312615	-0.320927	
0.752745	0.764551	0.736425	0.660577	0.537024	0.365934	0.158761	-0.0786616	-0.322918	-0.536431	-0.702591	-0.829849	-0.90674	-0.912513	-0.854516	-0.758743	-0.661306	-0.571326	-0.487685	-0.415857	-0.358013	-0.320426	-0.304723	-0.315769	-0.337209	
0.635171	0.665309	0.663185	0.620565	0.523896	0.374488	0.179589	-0.0497226	-0.289613	-0.498724	-0.666227	-0.78914	-0.855785	-0.861401	-0.803327	-0.70741	-0.609397	-0.517972	-0.433286	-0.373925	-0.331661	-0.312615	-0.315769	-0.329558	-0.354889	
0.547474	0.600615	0.627668	0.611313	0.535727	0.399811	0.211911	-0.0153133	-0.259588	-0.472051	-0.638135	-0.755943	-0.815452	-0.820223	-0.765152	-0.677629	-0.579011	-0.481694	-0.399224	-0.346195	-0.319987	-0.320927	-0.337209	-0.354889	-0.374809	
0.494628	0.57687	0.629575	0.635453	0.577116	0.444478	0.25115	0.0132919	-0.240652	-0.466684	-0.643166	-0.761033	-0.815103	-0.812777	-0.759846	-0.671075	-0.565735	-0.461172	-0.37254	-0.32297	-0.308026	-0.321808	-0.346808	-0.365197	-0.37834	
0.479804	0.587034	0.667484	0.695374	0.643476	0.506501	0.293373	0.0326474	-0.239858	-0.48408	-0.679334	-0.803353	-0.852176	-0.845476	-0.788363	-0.692377	-0.571495	-0.448257	-0.345671	-0.292424	-0.283863	-0.306559	-0.341662	-0.360581	-0.369731	
0.508262	0.64064	0.739653	0.773979	0.722907	0.575101	0.343008	0.0600063	-0.237497	-0.51075	-0.722826	-0.853827	-0.904115	-0.890506	-0.82961	-0.730854	-0.595815	-0.451417	-0.337518	-0.272724	-0.264961	-0.294191	-0.330164	-0.353876	-0.356903	
0.564347	0.711728	0.820939	0.860619	0.806042	0.6464	0.393605	0.0875899	-0.223731	-0.51348	-0.743463	-0.885183	-0.939816	-0.926003	-0.871657	-0.769967	-0.627683	-0.474565	-0.349306	-0.280939	-0.272407	-0.301064	-0.335952	-0.353296	-0.347373	
0.614906	0.769953	0.88391	0.923168	0.863498	0.695638	0.430318	0.113618	-0.207391	-0.507951	-0.747669	-0.894361	-0.952289	-0.941802	-0.892214	-0.79629	-0.654386	-0.498481	-0.371367	-0.299745	-0.291258	-0.318525	-0.349517	-0.362119	-0.346378	
0.625367	0.783625	0.898233	0.934414	0.873441	0.703976	0.438995	0.121544	-0.203518	-0.508404	-0.747474	-0.894626	-0.954786	-0.944451	-0.894843	-0.801962	-0.661047	-0.502457	-0.377347	-0.30415	-0.294652	-0.323145	-0.351716	-0.36459	-0.346405	
0.587438	0.737866	0.849521	0.890785	0.834413	0.670257	0.410409	0.0979199	-0.216759	-0.510383	-0.74648	-0.89104	-0.946953	-0.934629	-0.882988	-0.782454	-0.639362	-0.485258	-0.357882	-0.288712	-0.280388	-0.308177	-0.341872	-0.356379	-0.3463	
0.529185	0.66854	0.772219	0.808993	0.756935	0.604324	0.363811	0.0713522	-0.233244	-0.514433	-0.735076	-0.869553	-0.920743	-0.906716	-0.847265	-0.747155	-0.608178	-0.459127	-0.3401	-0.27291	-0.264952	-0.294366	-0.329967	-0.352298	-0.352331	
0.486633	0.604487	0.693913	0.725131	0.674108	0.532715	0.312933	0.0430748	-0.240473	-0.496239	-0.697554	-0.824201	-0.873716	-0.864031	-0.804281	-0.707132	-0.579834	-0.445822	-0.339386	-0.281615	-0.27321	-0.300286	-0.336127	-0.357542	-0.364755	
0.483517	0.575406	0.639015	0.655723	0.601799	0.4676	0.266448	0.0203341	-0.238155	-0.470099	-0.655405	-0.774721	-0.825636	-0.821616	-0.767967	-0.675985	-0.564801	-0.455556	-0.361249	-0.31147	-0.300502	-0.317062	-0.346512	-0.36456	-0.375636	
0.522745	0.587301	0.624974	0.616815	0.54828	0.415564	0.228204	-0.00161435	-0.250501	-0.467851	-0.635574	-0.752488	-0.810034	-0.81278	-0.759014	-0.672599	-0.572448	-0.471764	-0.388331	-0.337134	-0.315642	-0.323242	-0.343181	-0.361478	-0.378744	
0.595738	0.634032	0.643996	0.613243	0.525592	0.382127	0.190702	-0.0362907	-0.27586	-0.485212	-0.651836	-0.773083	-0.83679	-0.84219	-0.785137	-0.692348	-0.594235	-0.501362	-0.418354	-0.362246	-0.326888	-0.315692	-0.324765	-0.339653	-0.363077	
0.702978	0.721967	0.70337	0.641045	0.529489	0.367626	0.1657	-0.0683103	-0.310823	-0.523488	-0.690221	-0.814597	-0.887392	-0.892335	-0.83402	-0.736667	-0.637685	-0.547939	-0.462144	-0.394851	-0.344233	-0.313411	-0.306401	-0.320178	-0.343762	
0.831152	0.832066	0.791028	0.697113	0.552255	0.370476	0.1539	-0.0885327	-0.331907	-0.543989	-0.710617	-0.844182	-0.926833	-0.939328	-0.883464	-0.792877	-0.701684	-0.613893	-0.536026	-0.459733	-0.39077	-0.340778	-0.311335	-0.311462	-0.326923	
0.972512	0.956177	0.88757	0.766531	0.597877	0.394501	0.165711	-0.0758753	-0.309425	-0.519788	-0.69462	-0.835544	-0.931369	-0.958957	-0.918939	-0.845909	-0.771951	-0.70319	-0.633757	-0.553246	-0.472235	-0.394444	-0.340292	-0.321289	-0.316682	
1.10379	1.07836	0.995736	0.852952	0.66877	0.456512	0.226293	-0.0137321	-0.240524	-0.445977	-0.625042	-0.777124	-0.893065	-0.942942	-0.930654	-0.885603	-0.833049	-0.781473	-0.725234	-0.646076	-0.557246	-0.464836	-0.391031	-0.355056	-0.333059	
1.20066	1.18091	1.10065	0.958928	0.771638	0.561308	0.336556	0.107864	-0.105933	-0.310776	-0.500279	-0.668115	-0.79918	-0.875305	-0.892061	-0.880976	-0.859447	-0.831536	-0.800005	-0.731345	-0.641578	-0.543531	-0.457511	-0.406155	-0.374424	
1.26714	1.26578	1.20244	1.08024	0.911023	0.707868	0.494351	0.282351	0.0772475	-0.125395	-0.325968	-0.504832	-0.654875	-0.760036	-0.812513	-0.836058	-0.844119	-0.847046	-0.835041	-0.788076	-0.712953	-0.618069	-0.536978	-0.482856	-0.445496	
1.29528	1.32662	1.29384	1.19609	1.05202	0.874096	0.681675	0.487702	0.296185	0.0985043	-0.108343	-0.299202	-0.467756	-0.601453	-0.696445	-0.7592	-0.801462	-0.836151	-0.8514	-0.83117	-0.773359	-0.696511	-0.624525	-0.571519	-0.539667	
1.29384	1.35102	1.34608	1.28458	1.17233	1.02456	0.866873	0.706968	0.536947	0.342976	0.135982	-0.0661262	-0.252201	-0.416843	-0.557173	-0.66233	-0.746979	-0.818065	-0.865221	-0.874225	-0.83826	-0.780772	-0.718366	-0.667687	-0.638241	
1.24276	1.31708	1.3371	1.30827	1.23435	1.12862	1.01192	0.897026	0.757762	0.586504	0.390148	0.186345	-0.0177197	-0.216436	-0.401239	-0.551335	-0.677521	-0.78811	-0.866637	-0.911084	-0.904392	-0.867304	-0.818868	-0.767296	-0.732818	
1.11767	1.19997	1.2329	1.22433	1.18852	1.1354	1.07395	1.01299	0.924455	0.791468	0.626517	0.440599	0.234657	0.0159075	-0.209004	-0.406408	-0.578924	-0.734073	-0.852895	-0.928561	-0.952079	-0.937728	-0.895585	-0.844827	-0.804658	
0.926504	0.99916	1.03696	1.04447	1.03345	1.02391	1.02636	1.03072	1.00694	0.933859	0.820688	0.666703	0.472381	0.246588	-0.00221794	-0.234191	-0.445595	-0.636823	-0.789048	-0.894685	-0.94515	-0.949557	-0.917248	-0.866201	-0.824533	
0.69004	0.746579	0.772367	0.782429	0.792928	0.825418	0.8781	0.946243	0.992404	0.992597	0.945153	0.841603	0.676514	0.456925	0.207586	-0.0466187	-0.281685	-0.493549	-0.669083	-0.794562	-0.866496	-0.887129	-0.868203	-0.822415	-0.787037	
0.437606	0.471306	0.483277	0.487818	0.512072	0.573332	0.670091	0.786445	0.895174	0.970173	0.989794	0.947693	0.832151	0.644525	0.410947	0.154972	-0.0922381	-0.319855	-0.508784	-0.647962	-0.736046	-0.768096	-0.757929	-0.721401	-0.691694	
