-0.443909	-0.449109	-0.463144	-0.479809	-0.493811	-0.495593	-0.486469	-0.469535	-0.454082	-0.445022	-0.443856	-0.454333	-0.479113	-0.516006	-0.551333	-0.587542	-0.625732	-0.653042	-0.644626	-0.606334	-0.537772	-0.428372	-0.283257	-0.120234	0.042659	
-0.480428	-0.493231	-0.514026	-0.536818	-0.554513	-0.55653	-0.545716	-0.522806	-0.501391	-0.48422	-0.475867	-0.477967	-0.499699	-0.527713	-0.553978	-0.584871	-0.621815	-0.644554	-0.644556	-0.627574	-0.580129	-0.493352	-0.371963	-0.234493	-0.094267	
-0.516148	-0.528937	-0.546001	-0.559619	-0.569784	-0.569708	-0.565437	-0.551389	-0.536701	-0.520101	-0.508568	-0.500081	-0.510686	-0.525696	-0.541476	-0.561022	-0.591347	-0.60157	-0.600335	-0.590881	-0.563739	-0.49987	-0.408826	-0.296677	-0.181824	
-0.525252	-0.532839	-0.538995	-0.539252	-0.536367	-0.53536	-0.538293	-0.540194	-0.536001	-0.52829	-0.51896	-0.505107	-0.497127	-0.498806	-0.500495	-0.506201	-0.518909	-0.520269	-0.513295	-0.507309	-0.486317	-0.44104	-0.377299	-0.294032	-0.200148	
-0.48237	-0.481181	-0.477648	-0.46944	-0.458927	-0.457669	-0.464218	-0.475705	-0.479767	-0.481828	-0.482749	-0.470153	-0.447361	-0.432126	-0.419534	-0.406315	-0.401607	-0.395014	-0.384831	-0.374966	-0.354693	-0.314105	-0.260893	-0.197538	-0.131086	
-0.382287	-0.373335	-0.366599	-0.355981	-0.346263	-0.344158	-0.351328	-0.362478	-0.370803	-0.377646	-0.389086	-0.380389	-0.352683	-0.325253	-0.301995	-0.270582	-0.250706	-0.239049	-0.224756	-0.1995	-0.167516	-0.124368	-0.0743152	-0.0207752	0.0218734	
-0.233387	-0.223571	-0.219332	-0.209926	-0.203447	-0.201386	-0.207035	-0.215102	-0.222039	-0.228688	-0.239206	-0.234155	-0.210402	-0.186448	-0.161745	-0.123632	-0.088323	-0.0658316	-0.0408912	0.00287244	0.0534311	0.105032	0.151279	0.193169	0.212746	
-0.0525027	-0.0503159	-0.0503981	-0.0459521	-0.0431547	-0.041857	-0.0453654	-0.0480939	-0.0509751	-0.051142	-0.0532622	-0.0481455	-0.0391072	-0.0285585	-0.0114017	0.0239374	0.0686715	0.110743	0.157589	0.215785	0.276805	0.328871	0.378072	0.409931	0.412662	
0.128182	0.123325	0.119498	0.113686	0.110898	0.109441	0.112146	0.116771	0.121926	0.125828	0.131731	0.134093	0.128267	0.124199	0.136726	0.166296	0.212029	0.267936	0.332913	0.404018	0.470269	0.51867	0.566439	0.602004	0.602615	
0.277987	0.27387	0.266946	0.252521	0.242228	0.23965	0.247615	0.261239	0.271673	0.276423	0.279675	0.27896	0.266025	0.260822	0.271808	0.295739	0.330854	0.389009	0.455847	0.531551	0.605105	0.664782	0.712209	0.74776	0.749365	
0.368549	0.367717	0.360808	0.348092	0.338276	0.336302	0.343722	0.355923	0.366023	0.368497	0.368059	0.364659	0.359169	0.360073	0.37322	0.385737	0.406987	0.452335	0.51713	0.590912	0.671003	0.748207	0.809519	0.844707	0.835496	
0.397029	0.39453	0.391425	0.39138	0.393296	0.393681	0.392516	0.390975	0.393145	0.396361	0.397118	0.398055	0.403632	0.410787	0.417284	0.422848	0.436312	0.46679	0.520904	0.596111	0.681871	0.765219	0.840134	0.882924	0.868504	
0.379441	0.374135	0.374943	0.387599	0.401017	0.403515	0.393829	0.379179	0.372867	0.377303	0.381831	0.387362	0.401132	0.409892	0.406167	0.406689	0.427374	0.45252	0.490339	0.55654	0.646744	0.731201	0.808286	0.857535	0.850803	
0.333421	0.329928	0.334206	0.346365	0.358544	0.359313	0.352063	0.338549	0.330737	0.33107	0.334407	0.338388	0.351848	0.362971	0.358201	0.358854	0.384402	0.414763	0.442823	0.496862	0.577766	0.662641	0.73846	0.788592	0.79173	
0.268698	0.272954	0.278511	0.280015	0.278168	0.276655	0.278948	0.280137	0.27588	0.269527	0.266842	0.266286	0.272358	0.283819	0.291326	0.300014	0.326321	0.356422	0.388181	0.438562	0.50814	0.582046	0.656696	0.707689	0.714175	
0.195629	0.203434	0.208779	0.200036	0.189733	0.186597	0.195825	0.206102	0.20746	0.197887	0.193343	0.188221	0.184654	0.191115	0.210109	0.230748	0.258217	0.287246	0.322418	0.376494	0.440874	0.502097	0.566834	0.619731	0.631717	
0.124287	0.127832	0.129031	0.121586	0.114551	0.113526	0.118694	0.126407	0.128837	0.125575	0.124369	0.118329	0.107071	0.108603	0.13053	0.157498	0.187316	0.21866	0.259616	0.315498	0.381609	0.43827	0.492504	0.537873	0.552985	
0.0623426	0.0580469	0.0570003	0.0567508	0.0589008	0.0586152	0.058026	0.0562483	0.0574286	0.0599758	0.0645822	0.0600429	0.052964	0.0539356	0.0690459	0.0919746	0.124606	0.162363	0.210059	0.272297	0.341806	0.403495	0.450496	0.480182	0.486066	
0.00775544	0.000863762	0.000176493	0.00665414	0.0127137	0.0129962	0.00942121	0.00259277	-0.000227669	0.00451958	0.00969997	0.00885401	0.0141406	0.0230528	0.0240107	0.0314707	0.0679988	0.118202	0.17432	0.240823	0.312532	0.375159	0.424726	0.446482	0.436718	
-0.0382142	-0.0451971	-0.0439777	-0.0363906	-0.030368	-0.0303391	-0.0330004	-0.0411042	-0.0455811	-0.0420388	-0.0361791	-0.0373147	-0.0258948	-0.00899076	-0.0106362	-0.0156669	0.0193291	0.0796114	0.142592	0.211552	0.282416	0.344434	0.397438	0.426685	0.411827	
-0.0644923	-0.0686037	-0.0657845	-0.0625664	-0.0607333	-0.0608558	-0.0612574	-0.0643526	-0.0679266	-0.067172	-0.0613216	-0.0614032	-0.0572743	-0.0418672	-0.0301935	-0.023751	0.0054275	0.0547421	0.114353	0.186108	0.264689	0.331528	0.387839	0.419127	0.401792	
-0.0823846	-0.0778651	-0.0728849	-0.077954	-0.0840264	-0.085713	-0.0809917	-0.0744535	-0.0743868	-0.0814866	-0.0801988	-0.0765623	-0.0746188	-0.067229	-0.0461523	-0.0188986	0.0123296	0.0434735	0.0890373	0.162822	0.253491	0.335961	0.394863	0.417677	0.39071	
-0.0982416	-0.0891179	-0.0837761	-0.0925392	-0.102934	-0.105804	-0.0975035	-0.0864487	-0.0849339	-0.0951557	-0.0991494	-0.0947788	-0.0870681	-0.0786392	-0.0621402	-0.0330163	0.0049246	0.0375403	0.0797705	0.149789	0.240958	0.327925	0.391987	0.411775	0.383247	
-0.100346	-0.102413	-0.101582	-0.102342	-0.105697	-0.106806	-0.103144	-0.101356	-0.102446	-0.102091	-0.0992235	-0.101506	-0.0969463	-0.0822358	-0.067186	-0.048247	-0.00908569	0.0382781	0.0894795	0.155431	0.234946	0.314752	0.377226	0.402814	0.383334	
-0.0936164	-0.111127	-0.11507	-0.106295	-0.0970047	-0.0956028	-0.101008	-0.112263	-0.115105	-0.101756	-0.087351	-0.0948512	-0.101659	-0.0872534	-0.0668457	-0.0489603	-0.0114102	0.0413255	0.0986903	0.162796	0.236315	0.30788	0.36728	0.39652	0.385528	
-0.100232	-0.113538	-0.117455	-0.110393	-0.100796	-0.0987858	-0.106262	-0.115714	-0.116478	-0.105926	-0.0941806	-0.0974962	-0.101289	-0.0895933	-0.0710813	-0.0509824	-0.012984	0.0395293	0.0987725	0.166843	0.240099	0.308744	0.363704	0.394735	0.38656	
-0.113538	-0.109209	-0.105364	-0.10928	-0.113083	-0.114485	-0.111401	-0.106868	-0.106235	-0.112185	-0.112768	-0.107254	-0.0947596	-0.0818157	-0.0724197	-0.0575357	-0.0195641	0.0335784	0.0984719	0.173244	0.247266	0.307989	0.358124	0.390278	0.386353	
-0.117455	-0.105364	-0.0956639	-0.10333	-0.118412	-0.122021	-0.109814	-0.0966917	-0.0996181	-0.113896	-0.117954	-0.108018	-0.0903674	-0.0761179	-0.0693313	-0.0558556	-0.01912	0.033275	0.0982303	0.176684	0.252633	0.313949	0.360904	0.389106	0.379862	
-0.110393	-0.10928	-0.10333	-0.105631	-0.113256	-0.115777	-0.108278	-0.103012	-0.106324	-0.111598	-0.108054	-0.104129	-0.0968483	-0.0840792	-0.0692282	-0.0495097	-0.0115858	0.0358368	0.0935414	0.166933	0.249231	0.322102	0.375201	0.394624	0.371562	
-0.100796	-0.113083	-0.118412	-0.113256	-0.105045	-0.10317	-0.109796	-0.117388	-0.116548	-0.105811	-0.0963936	-0.10202	-0.10664	-0.092978	-0.0700006	-0.0439649	-0.00560105	0.0399954	0.090366	0.157517	0.242431	0.329244	0.390008	0.402884	0.36545	
-0.0987858	-0.114485	-0.122021	-0.115777	-0.10317	-0.100472	-0.110071	-0.121486	-0.119266	-0.104982	-0.0936518	-0.102152	-0.109226	-0.0958073	-0.0703335	-0.0438451	-0.00515866	0.0395712	0.0898322	0.154878	0.240183	0.328427	0.391883	0.4041	0.364899	
-0.106262	-0.111401	-0.109814	-0.108278	-0.109796	-0.110071	-0.108212	-0.108781	-0.111665	-0.109357	-0.101978	-0.10187	-0.101428	-0.0885145	-0.0695614	-0.0461237	-0.00866107	0.0381104	0.09236	0.163181	0.245819	0.325446	0.382294	0.398875	0.368576	
-0.115714	-0.106868	-0.0966917	-0.103012	-0.117388	-0.121486	-0.108781	-0.0972134	-0.101023	-0.113956	-0.115175	-0.106672	-0.0917927	-0.0785526	-0.0689484	-0.0537351	-0.0162884	0.0336225	0.0964175	0.173361	0.252525	0.317274	0.365808	0.390313	0.376575	
-0.116478	-0.106235	-0.0996181	-0.106324	-0.116548	-0.119266	-0.111665	-0.101023	-0.101281	-0.112927	-0.117857	-0.108981	-0.0915432	-0.0770822	-0.0711092	-0.0577409	-0.0205908	0.0332778	0.0986594	0.176335	0.2506	0.31031	0.357712	0.389003	0.384324	
-0.105926	-0.112185	-0.113896	-0.111598	-0.105811	-0.104982	-0.109357	-0.113956	-0.112927	-0.108783	-0.10221	-0.102472	-0.0992785	-0.08759	-0.0724821	-0.0546225	-0.0160819	0.0363267	0.0983048	0.168757	0.242212	0.307079	0.360602	0.393139	0.387316	
-0.0941806	-0.112768	-0.117954	-0.108054	-0.0963936	-0.0936518	-0.101978	-0.115175	-0.117857	-0.10221	-0.0866281	-0.0935388	-0.102557	-0.0891026	-0.0681576	-0.0480989	-0.0110507	0.04209	0.0996518	0.165004	0.237636	0.308632	0.366444	0.395988	0.385845	
-0.0974962	-0.107254	-0.108018	-0.104129	-0.10202	-0.102152	-0.10187	-0.106672	-0.108981	-0.102472	-0.0935388	-0.0990543	-0.0993877	-0.0845504	-0.0670238	-0.0498691	-0.0109291	0.0393304	0.0938083	0.158448	0.235126	0.31112	0.371926	0.398847	0.383731	
-0.101289	-0.0947596	-0.0903674	-0.0968483	-0.10664	-0.109226	-0.101428	-0.0917927	-0.0915432	-0.0992785	-0.102557	-0.0993877	-0.091244	-0.0798513	-0.065886	-0.0404761	-0.00154305	0.0374572	0.0823581	0.150712	0.237236	0.322472	0.386734	0.408273	0.382741	
-0.0895933	-0.0818157	-0.0761179	-0.0840792	-0.092978	-0.0958073	-0.0885145	-0.0785526	-0.0770822	-0.08759	-0.0891026	-0.0845504	-0.0798513	-0.0736381	-0.0530619	-0.0229156	0.0112737	0.0402247	0.0828481	0.155185	0.247687	0.334195	0.395736	0.416453	0.386872	
-0.0710813	-0.0724197	-0.0693313	-0.0692282	-0.0700006	-0.0703335	-0.0695614	-0.0689484	-0.0711092	-0.0724821	-0.0681576	-0.0670238	-0.065886	-0.0530619	-0.0358708	-0.0200055	0.00822935	0.0496108	0.103462	0.176697	0.260559	0.333498	0.39054	0.418614	0.397673	
-0.0509824	-0.0575357	-0.0558556	-0.0495097	-0.0439649	-0.0438451	-0.0461237	-0.0537351	-0.0577409	-0.0546225	-0.0480989	-0.0498691	-0.0404761	-0.0229156	-0.0200055	-0.023496	0.00908837	0.0671633	0.130457	0.201117	0.273704	0.335821	0.389814	0.422263	0.407197	
-0.012984	-0.0195641	-0.01912	-0.0115858	-0.00560105	-0.00515866	-0.00866107	-0.0162884	-0.0205908	-0.0160819	-0.0110507	-0.0109291	-0.00154305	0.0112737	0.00822935	0.00908837	0.0458966	0.101772	0.161488	0.229303	0.300056	0.361803	0.413637	0.43737	0.424025	
0.0395293	0.0335784	0.033275	0.0358368	0.0399954	0.0395712	0.0381104	0.0336225	0.0332778	0.0363267	0.04209	0.0393304	0.0374572	0.0402247	0.0496108	0.0671633	0.101772	0.143875	0.19472	0.259103	0.329764	0.393162	0.439872	0.464052	0.463398	
0.0987725	0.0984719	0.0982303	0.0935414	0.090366	0.0898322	0.09236	0.0964175	0.0986594	0.0983048	0.0996518	0.0938083	0.0823581	0.0828481	0.103462	0.130457	0.161488	0.19472	0.237785	0.295421	0.363558	0.422233	0.472272	0.511198	0.524468	
0.166843	0.173244	0.176684	0.166933	0.157517	0.154878	0.163181	0.173361	0.176335	0.168757	0.165004	0.158448	0.150712	0.155185	0.176697	0.201117	0.229303	0.259103	0.295421	0.350599	0.414963	0.473397	0.533155	0.584994	0.599122	
0.240099	0.247266	0.252633	0.249231	0.242431	0.240183	0.245819	0.252525	0.2506	0.242212	0.237636	0.235126	0.237236	0.247687	0.260559	0.273704	0.300056	0.329764	0.363558	0.414963	0.481182	0.549136	0.621329	0.673364	0.680984	
0.308744	0.307989	0.313949	0.322102	0.329244	0.328427	0.325446	0.317274	0.31031	0.307079	0.308632	0.31112	0.322472	0.334195	0.333498	0.335821	0.361803	0.393162	0.422233	0.473397	0.549136	0.630517	0.706736	0.75696	0.762517	
0.363704	0.358124	0.360904	0.375201	0.390008	0.391883	0.382294	0.365808	0.357712	0.360602	0.366444	0.371926	0.386734	0.395736	0.39054	0.389814	0.413637	0.439872	0.472272	0.533155	0.621329	0.706736	0.783088	0.833572	0.830223	
0.394735	0.390278	0.389106	0.394624	0.402884	0.4041	0.398875	0.390313	0.389003	0.393139	0.395988	0.398847	0.408273	0.416453	0.418614	0.422263	0.43737	0.464052	0.511198	0.584994	0.673364	0.75696	0.833572	0.880171	0.867997	
0.38656	0.386353	0.379862	0.371562	0.36545	0.364899	0.368576	0.376575	0.384324	0.387316	0.385845	0.383731	0.382741	0.386872	0.397673	0.407197	0.424025	0.463398	0.524468	0.599122	0.680984	0.762517	0.830223	0.867997	0.854665	
