0.0193679	-0.0471972	-0.117707	-0.178025	-0.214124	-0.220028	-0.196303	-0.143495	-0.0759229	-0.00622404	0.054092	0.0966651	0.11459	0.101396	0.0632273	0.0206791	-0.0144497	-0.0423494	-0.0675852	-0.0824347	-0.0666419	-0.0201245	0.0452997	0.118945	0.186931	
-0.163331	-0.261379	-0.359961	-0.439532	-0.486954	-0.494594	-0.463127	-0.394637	-0.302376	-0.201186	-0.112023	-0.0422768	0.00138385	0.0246225	0.0263746	0.0278563	0.0315019	0.0281134	0.00807456	-0.00459468	0.0037083	0.0462099	0.10997	0.185924	0.260799	
-0.323917	-0.432028	-0.542929	-0.626838	-0.672818	-0.679241	-0.650128	-0.581151	-0.477843	-0.365118	-0.265895	-0.180049	-0.116557	-0.0695447	-0.0324411	0.0033464	0.0383921	0.0588782	0.0505926	0.0354992	0.0391623	0.0806448	0.146525	0.229036	0.313503	
-0.439341	-0.545763	-0.648764	-0.720258	-0.762327	-0.769845	-0.74064	-0.680934	-0.589383	-0.480836	-0.381359	-0.29123	-0.21536	-0.150257	-0.0943247	-0.0396598	0.0132907	0.0482839	0.0539976	0.0519714	0.0604838	0.101913	0.162753	0.24038	0.328567	
-0.495294	-0.587223	-0.680284	-0.74452	-0.779853	-0.784936	-0.762218	-0.710377	-0.62608	-0.530035	-0.446738	-0.366796	-0.292691	-0.219644	-0.151484	-0.0904126	-0.0342247	0.00802091	0.0276624	0.0408443	0.057227	0.0979966	0.154477	0.220371	0.299178	
-0.506889	-0.57763	-0.652319	-0.708519	-0.742285	-0.748036	-0.724826	-0.678213	-0.608238	-0.534062	-0.468748	-0.401638	-0.330633	-0.260302	-0.197339	-0.146949	-0.0976171	-0.0537601	-0.0244594	-0.00215607	0.0196739	0.0584019	0.107858	0.165175	0.230856	
-0.485686	-0.535333	-0.588844	-0.629729	-0.654252	-0.658292	-0.641675	-0.6073	-0.556857	-0.504377	-0.457837	-0.402134	-0.336121	-0.271862	-0.221774	-0.19049	-0.160206	-0.127096	-0.095691	-0.068961	-0.0457275	-0.0188959	0.0220298	0.0736006	0.137659	
-0.453183	-0.473109	-0.499339	-0.526192	-0.547851	-0.552468	-0.53567	-0.510352	-0.483027	-0.460724	-0.439707	-0.39799	-0.334535	-0.271869	-0.2313	-0.22289	-0.222162	-0.205056	-0.181298	-0.161415	-0.141478	-0.11735	-0.0851007	-0.0367134	0.0260087	
-0.413418	-0.407574	-0.408915	-0.417976	-0.428539	-0.431214	-0.422664	-0.411348	-0.406991	-0.411206	-0.41146	-0.38137	-0.322451	-0.270471	-0.249627	-0.25692	-0.274896	-0.281004	-0.268046	-0.253556	-0.237709	-0.212894	-0.179539	-0.137102	-0.077799	
-0.368273	-0.346559	-0.322086	-0.318297	-0.322638	-0.324403	-0.319921	-0.318079	-0.335016	-0.362099	-0.371212	-0.3538	-0.310995	-0.270583	-0.269416	-0.298948	-0.330356	-0.34858	-0.33884	-0.317508	-0.300996	-0.281694	-0.250283	-0.211434	-0.16204	
-0.331587	-0.294601	-0.259957	-0.249721	-0.247014	-0.244955	-0.24847	-0.253916	-0.27893	-0.318224	-0.341551	-0.333433	-0.307274	-0.282987	-0.296039	-0.332858	-0.367425	-0.383369	-0.379666	-0.358703	-0.33863	-0.324485	-0.306887	-0.27107	-0.225243	
-0.314159	-0.272367	-0.23157	-0.208567	-0.20181	-0.201943	-0.204298	-0.219831	-0.254192	-0.299402	-0.328697	-0.327476	-0.310919	-0.299885	-0.308597	-0.335395	-0.364829	-0.384116	-0.387283	-0.378044	-0.365934	-0.356454	-0.349776	-0.323335	-0.275218	
-0.308304	-0.273466	-0.234068	-0.199806	-0.184288	-0.183155	-0.190642	-0.218782	-0.257843	-0.295837	-0.319279	-0.315162	-0.3026	-0.294173	-0.295835	-0.308602	-0.327731	-0.347878	-0.358317	-0.35863	-0.365387	-0.370397	-0.369843	-0.355836	-0.316138	
-0.29199	-0.272414	-0.246265	-0.218974	-0.205538	-0.203664	-0.21154	-0.234768	-0.26243	-0.285429	-0.296738	-0.289975	-0.276224	-0.264189	-0.261304	-0.260846	-0.26406	-0.286367	-0.306849	-0.31604	-0.335451	-0.355044	-0.368593	-0.363872	-0.334298	
-0.269793	-0.273975	-0.26643	-0.255495	-0.245136	-0.243371	-0.25038	-0.263385	-0.271299	-0.273605	-0.262181	-0.249654	-0.24161	-0.233902	-0.224223	-0.213269	-0.20536	-0.224411	-0.249398	-0.268659	-0.294395	-0.329642	-0.361699	-0.368367	-0.344696	
-0.261258	-0.280761	-0.291721	-0.292135	-0.287609	-0.285894	-0.290137	-0.294106	-0.285958	-0.269807	-0.248857	-0.233698	-0.228847	-0.221981	-0.202429	-0.185998	-0.172756	-0.177395	-0.200203	-0.231589	-0.261999	-0.304684	-0.347108	-0.37239	-0.361861	
-0.26921	-0.288071	-0.306941	-0.311424	-0.308837	-0.307715	-0.310239	-0.310519	-0.296758	-0.275767	-0.260862	-0.248046	-0.244528	-0.241271	-0.21773	-0.184573	-0.160391	-0.15305	-0.167818	-0.1977	-0.237328	-0.288878	-0.340873	-0.378816	-0.381458	
-0.274203	-0.286749	-0.299125	-0.303145	-0.299439	-0.299907	-0.301686	-0.301923	-0.292387	-0.278399	-0.271093	-0.273598	-0.275827	-0.271872	-0.250167	-0.209751	-0.170597	-0.153797	-0.151993	-0.170149	-0.21345	-0.271421	-0.331323	-0.379086	-0.389366	
-0.260137	-0.264182	-0.267732	-0.272867	-0.271982	-0.273326	-0.271899	-0.270265	-0.266205	-0.261391	-0.263231	-0.28214	-0.294965	-0.29243	-0.276808	-0.242094	-0.199823	-0.170435	-0.154981	-0.162896	-0.19211	-0.244551	-0.311899	-0.363929	-0.379656	
-0.240528	-0.232606	-0.235553	-0.245718	-0.24955	-0.248743	-0.248964	-0.239077	-0.232299	-0.236549	-0.250213	-0.273424	-0.295026	-0.301752	-0.298476	-0.274885	-0.238562	-0.203648	-0.178872	-0.174588	-0.193192	-0.237513	-0.295562	-0.33738	-0.352528	
-0.231203	-0.218734	-0.218106	-0.233592	-0.238484	-0.237205	-0.237237	-0.224382	-0.215703	-0.226346	-0.238318	-0.259171	-0.287531	-0.301946	-0.30599	-0.299557	-0.277489	-0.247864	-0.215799	-0.195516	-0.207528	-0.244114	-0.286931	-0.313545	-0.316841	
-0.222986	-0.210428	-0.211898	-0.227838	-0.239745	-0.242176	-0.23286	-0.217694	-0.208402	-0.216879	-0.233015	-0.257142	-0.278123	-0.290082	-0.29945	-0.305348	-0.293712	-0.275602	-0.246428	-0.219364	-0.220391	-0.248056	-0.282298	-0.300798	-0.291797	
-0.222866	-0.216021	-0.219987	-0.22705	-0.241191	-0.247067	-0.231231	-0.222223	-0.216634	-0.218665	-0.2344	-0.250616	-0.261868	-0.279424	-0.291468	-0.298669	-0.298632	-0.287091	-0.256487	-0.2308	-0.230243	-0.257198	-0.289099	-0.30592	-0.299415	
-0.229028	-0.222225	-0.225129	-0.230795	-0.243428	-0.247655	-0.234976	-0.227662	-0.22236	-0.225049	-0.236736	-0.242463	-0.249382	-0.26244	-0.268414	-0.27955	-0.288163	-0.282315	-0.257085	-0.233441	-0.236147	-0.270096	-0.300844	-0.318946	-0.322048	
-0.232324	-0.22723	-0.228011	-0.236706	-0.247389	-0.24938	-0.24074	-0.231448	-0.22683	-0.230042	-0.235271	-0.238641	-0.242191	-0.242239	-0.241868	-0.252154	-0.265756	-0.273592	-0.263163	-0.244498	-0.247148	-0.28025	-0.313368	-0.32948	-0.335126	
-0.237931	-0.238208	-0.236813	-0.241565	-0.244589	-0.244422	-0.244218	-0.237417	-0.237406	-0.239206	-0.234773	-0.230281	-0.225531	-0.221024	-0.22756	-0.236069	-0.251529	-0.270778	-0.272626	-0.262877	-0.263838	-0.282804	-0.303761	-0.311344	-0.322129	
-0.238208	-0.242362	-0.237257	-0.241804	-0.238562	-0.237479	-0.24131	-0.238543	-0.239959	-0.241808	-0.230466	-0.223749	-0.2187	-0.211987	-0.214661	-0.22509	-0.251261	-0.279972	-0.289242	-0.284454	-0.275518	-0.272467	-0.273981	-0.270604	-0.282042	
-0.236813	-0.237257	-0.230411	-0.234615	-0.229843	-0.229193	-0.232602	-0.232067	-0.233047	-0.238988	-0.23025	-0.227391	-0.222342	-0.214786	-0.213638	-0.227169	-0.253785	-0.289013	-0.307113	-0.300421	-0.276163	-0.253042	-0.23857	-0.229261	-0.244778	
-0.241565	-0.241804	-0.234615	-0.224069	-0.212186	-0.210835	-0.218194	-0.231287	-0.239134	-0.24336	-0.238121	-0.233169	-0.227232	-0.227876	-0.23068	-0.24028	-0.259844	-0.292794	-0.31122	-0.303145	-0.271224	-0.232076	-0.205015	-0.201209	-0.229722	
-0.244589	-0.238562	-0.229843	-0.212186	-0.204131	-0.203415	-0.207553	-0.223109	-0.236415	-0.242015	-0.247647	-0.24467	-0.241976	-0.240565	-0.237601	-0.243295	-0.261262	-0.289251	-0.30861	-0.299537	-0.262944	-0.220411	-0.188077	-0.191208	-0.225224	
-0.244422	-0.237479	-0.229193	-0.210835	-0.203415	-0.201944	-0.206116	-0.222239	-0.236342	-0.240599	-0.249152	-0.247815	-0.248103	-0.244563	-0.23808	-0.241635	-0.261922	-0.28993	-0.308465	-0.298275	-0.26129	-0.218491	-0.186581	-0.192248	-0.223218	
-0.244218	-0.24131	-0.232602	-0.218194	-0.207553	-0.206116	-0.212914	-0.227372	-0.238371	-0.244259	-0.242747	-0.236926	-0.231694	-0.232027	-0.234735	-0.243713	-0.260491	-0.290987	-0.310229	-0.301036	-0.267611	-0.225611	-0.195367	-0.195276	-0.227216	
-0.237417	-0.238543	-0.232067	-0.231287	-0.223109	-0.222239	-0.227372	-0.232726	-0.234837	-0.239922	-0.232425	-0.229774	-0.224025	-0.220141	-0.220088	-0.232209	-0.255823	-0.291374	-0.310445	-0.303763	-0.276151	-0.244846	-0.223794	-0.215799	-0.237104	
-0.237406	-0.239959	-0.233047	-0.239134	-0.236415	-0.236342	-0.238371	-0.234837	-0.236143	-0.240842	-0.229619	-0.224765	-0.219213	-0.211029	-0.211105	-0.223875	-0.252229	-0.284468	-0.297339	-0.29192	-0.275884	-0.264991	-0.260362	-0.252894	-0.265303	
-0.239206	-0.241808	-0.238988	-0.24336	-0.242015	-0.240599	-0.244259	-0.239922	-0.240842	-0.241523	-0.233322	-0.226453	-0.220984	-0.216028	-0.222894	-0.231087	-0.250807	-0.273612	-0.277874	-0.271951	-0.270167	-0.280054	-0.293345	-0.296959	-0.307353	
-0.234773	-0.230466	-0.23025	-0.238121	-0.247647	-0.249152	-0.242747	-0.232425	-0.229619	-0.233322	-0.235514	-0.236293	-0.236268	-0.232559	-0.234755	-0.24478	-0.257785	-0.270135	-0.266934	-0.251203	-0.253584	-0.282666	-0.312375	-0.325414	-0.334755	
-0.230281	-0.223749	-0.227391	-0.233169	-0.24467	-0.247815	-0.236926	-0.229774	-0.224765	-0.226453	-0.236293	-0.240444	-0.247106	-0.255622	-0.257014	-0.267501	-0.280068	-0.27939	-0.259125	-0.236177	-0.239035	-0.274543	-0.306844	-0.325278	-0.329403	
-0.225531	-0.2187	-0.222342	-0.227232	-0.241976	-0.248103	-0.231694	-0.224025	-0.219213	-0.220984	-0.236268	-0.247106	-0.255065	-0.272734	-0.283651	-0.292977	-0.296838	-0.28606	-0.256404	-0.231859	-0.232566	-0.262389	-0.293471	-0.31072	-0.307895	
-0.221024	-0.211987	-0.214786	-0.227876	-0.240565	-0.244563	-0.232027	-0.220141	-0.211029	-0.216028	-0.232559	-0.255622	-0.272734	-0.287071	-0.297175	-0.303884	-0.296577	-0.282399	-0.253371	-0.226912	-0.225556	-0.251075	-0.283765	-0.301349	-0.291154	
-0.22756	-0.214661	-0.213638	-0.23068	-0.237601	-0.23808	-0.234735	-0.220088	-0.211105	-0.222894	-0.234755	-0.257014	-0.283651	-0.297175	-0.303651	-0.303823	-0.286376	-0.261979	-0.23003	-0.204145	-0.212039	-0.245167	-0.284477	-0.306188	-0.303944	
-0.236069	-0.22509	-0.227169	-0.24028	-0.243295	-0.241635	-0.243713	-0.232209	-0.223875	-0.231087	-0.24478	-0.267501	-0.292977	-0.303884	-0.303823	-0.286874	-0.255592	-0.221701	-0.192551	-0.18289	-0.198922	-0.240471	-0.291581	-0.327521	-0.338042	
-0.251529	-0.251261	-0.253785	-0.259844	-0.261262	-0.261922	-0.260491	-0.255823	-0.252229	-0.250807	-0.257785	-0.280068	-0.296838	-0.296577	-0.286376	-0.255592	-0.214143	-0.180862	-0.162538	-0.165134	-0.189284	-0.23843	-0.303878	-0.35375	-0.371466	
-0.270778	-0.279972	-0.289013	-0.292794	-0.289251	-0.28993	-0.290987	-0.291374	-0.284468	-0.273612	-0.270135	-0.27939	-0.28606	-0.282399	-0.261979	-0.221701	-0.180862	-0.158744	-0.15075	-0.164239	-0.20352	-0.260371	-0.32443	-0.374741	-0.387478	
-0.272626	-0.289242	-0.307113	-0.31122	-0.30861	-0.308465	-0.310229	-0.310445	-0.297339	-0.277874	-0.266934	-0.259125	-0.256404	-0.253371	-0.23003	-0.192551	-0.162538	-0.15075	-0.159306	-0.185155	-0.228142	-0.283586	-0.33901	-0.380255	-0.386831	
-0.262877	-0.284454	-0.300421	-0.303145	-0.299537	-0.298275	-0.301036	-0.303763	-0.29192	-0.271951	-0.251203	-0.236177	-0.231859	-0.226912	-0.204145	-0.18289	-0.165134	-0.164239	-0.185155	-0.218775	-0.25185	-0.297515	-0.342548	-0.374999	-0.370341	
-0.263838	-0.275518	-0.276163	-0.271224	-0.262944	-0.26129	-0.267611	-0.276151	-0.275884	-0.270167	-0.253584	-0.239035	-0.232566	-0.225556	-0.212039	-0.198922	-0.189284	-0.20352	-0.228142	-0.25185	-0.279641	-0.319257	-0.356292	-0.370065	-0.350449	
-0.282804	-0.272467	-0.253042	-0.232076	-0.220411	-0.218491	-0.225611	-0.244846	-0.264991	-0.280054	-0.282666	-0.274543	-0.262389	-0.251075	-0.245167	-0.240471	-0.23843	-0.260371	-0.283586	-0.297515	-0.319257	-0.345464	-0.366677	-0.36558	-0.338427	
-0.303761	-0.273981	-0.23857	-0.205015	-0.188077	-0.186581	-0.195367	-0.223794	-0.260362	-0.293345	-0.312375	-0.306844	-0.293471	-0.283765	-0.284477	-0.291581	-0.303878	-0.32443	-0.33901	-0.342548	-0.356292	-0.366677	-0.370463	-0.360796	-0.326258	
-0.311344	-0.270604	-0.229261	-0.201209	-0.191208	-0.192248	-0.195276	-0.215799	-0.252894	-0.296959	-0.325414	-0.325278	-0.31072	-0.301349	-0.306188	-0.327521	-0.35375	-0.374741	-0.380255	-0.374999	-0.370065	-0.36558	-0.360796	-0.339777	-0.293335	
-0.322129	-0.282042	-0.244778	-0.229722	-0.225224	-0.223218	-0.227216	-0.237104	-0.265303	-0.307353	-0.334755	-0.329403	-0.307895	-0.291154	-0.303944	-0.338042	-0.371466	-0.387478	-0.386831	-0.370341	-0.350449	-0.338427	-0.326258	-0.293335	-0.246481	
