0.72231	0.658131	0.555617	0.422557	0.275317	0.123163	-0.01543	-0.11829	-0.166483	-0.143846	-0.0549661	0.0742315	0.226409	0.371144	0.483005	0.547376	0.581847	0.589361	0.550536	0.488047	0.436598	0.406381	0.385043	0.397221	0.46395	
0.658131	0.6244	0.542035	0.418316	0.271422	0.113894	-0.0318949	-0.144938	-0.201297	-0.18372	-0.0952255	0.0338269	0.184268	0.335687	0.465335	0.567836	0.644253	0.683324	0.67445	0.634211	0.591608	0.558978	0.531093	0.528	0.581525	
0.555617	0.542035	0.478736	0.37064	0.236185	0.0893987	-0.0500383	-0.157593	-0.210053	-0.194538	-0.109067	0.017917	0.163465	0.314133	0.458548	0.588285	0.691992	0.754949	0.769557	0.738413	0.698252	0.659867	0.628266	0.620196	0.667986	
0.422557	0.418316	0.37064	0.289442	0.182803	0.0589413	-0.0633282	-0.155125	-0.199504	-0.182248	-0.10395	0.0102826	0.143204	0.292089	0.449085	0.594131	0.714537	0.797553	0.825628	0.797909	0.750572	0.700048	0.666872	0.665736	0.717107	
0.275317	0.271422	0.236185	0.182803	0.107887	0.0191241	-0.0733713	-0.145995	-0.179923	-0.163559	-0.101324	-0.0054476	0.1135	0.25959	0.420988	0.574256	0.705488	0.801295	0.838023	0.814958	0.76031	0.700998	0.668426	0.671659	0.719492	
0.123163	0.113894	0.0893987	0.0589413	0.0191241	-0.030508	-0.0879187	-0.139828	-0.164043	-0.157667	-0.118179	-0.0455267	0.0624939	0.20311	0.365248	0.526414	0.665705	0.767259	0.814858	0.799539	0.742917	0.684842	0.643819	0.639005	0.676112	
-0.01543	-0.0318949	-0.0500383	-0.0633282	-0.0733713	-0.0879187	-0.116453	-0.14842	-0.169903	-0.180982	-0.168016	-0.11175	-0.0207655	0.110839	0.275119	0.44154	0.589242	0.69768	0.752685	0.746913	0.694735	0.640146	0.59687	0.581597	0.615585	
-0.11829	-0.144938	-0.157593	-0.155125	-0.145995	-0.139828	-0.14842	-0.167024	-0.194054	-0.216756	-0.221818	-0.192439	-0.130774	-0.0157463	0.14641	0.315487	0.468345	0.58312	0.644583	0.647455	0.60941	0.560726	0.51588	0.499154	0.527982	
-0.166483	-0.201297	-0.210053	-0.199504	-0.179923	-0.164043	-0.169903	-0.194054	-0.226237	-0.261407	-0.289752	-0.28792	-0.24934	-0.153586	-0.0117357	0.146897	0.302468	0.419439	0.488114	0.50471	0.481362	0.43816	0.395148	0.382085	0.408454	
-0.143846	-0.18372	-0.194538	-0.182248	-0.163559	-0.157667	-0.180982	-0.216756	-0.261407	-0.31784	-0.371668	-0.401034	-0.381618	-0.304809	-0.184195	-0.042768	0.102382	0.223064	0.305334	0.337201	0.32545	0.286814	0.25109	0.24082	0.264825	
-0.0549661	-0.0952255	-0.109067	-0.10395	-0.101324	-0.118179	-0.168016	-0.221818	-0.289752	-0.371668	-0.452467	-0.503921	-0.505064	-0.448373	-0.352837	-0.22875	-0.0954419	0.0201454	0.107559	0.155226	0.16651	0.144431	0.121376	0.106429	0.12478	
0.0742315	0.0338269	0.017917	0.0102826	-0.0054476	-0.0455267	-0.11175	-0.192439	-0.28792	-0.401034	-0.503921	-0.581128	-0.606106	-0.572391	-0.492943	-0.389301	-0.272492	-0.159589	-0.0686005	-0.00442883	0.0266603	0.0306554	0.0167384	0.00340655	0.0153549	
0.226409	0.184268	0.163465	0.143204	0.1135	0.0624939	-0.0207655	-0.130774	-0.24934	-0.381618	-0.505064	-0.606106	-0.66312	-0.653366	-0.593627	-0.507503	-0.400851	-0.287715	-0.195922	-0.124894	-0.072331	-0.0472012	-0.0500542	-0.0545381	-0.0432095	
0.371144	0.335687	0.314133	0.292089	0.25959	0.20311	0.110839	-0.0157463	-0.153586	-0.304809	-0.448373	-0.572391	-0.653366	-0.6742	-0.639064	-0.568439	-0.469991	-0.35956	-0.259528	-0.180152	-0.115167	-0.0752609	-0.062036	-0.0604499	-0.0497904	
0.483005	0.465335	0.458548	0.449085	0.420988	0.365248	0.275119	0.14641	-0.0117357	-0.184195	-0.352837	-0.492943	-0.593627	-0.639064	-0.628156	-0.573278	-0.477019	-0.358469	-0.244509	-0.157236	-0.0908993	-0.0424551	-0.0182174	-0.0197401	-0.00722232	
0.547376	0.567836	0.588285	0.594131	0.574256	0.526414	0.44154	0.315487	0.146897	-0.042768	-0.22875	-0.389301	-0.507503	-0.568439	-0.573278	-0.522829	-0.421592	-0.29144	-0.165197	-0.0723405	-0.00696295	0.0403015	0.0621994	0.0664271	0.0799011	
0.581847	0.644253	0.691992	0.714537	0.705488	0.665705	0.589242	0.468345	0.302468	0.102382	-0.0954419	-0.272492	-0.400851	-0.469991	-0.477019	-0.421592	-0.312324	-0.178052	-0.0522525	0.0477237	0.114964	0.14892	0.156836	0.1625	0.179539	
0.589361	0.683324	0.754949	0.797553	0.801295	0.767259	0.69768	0.58312	0.419439	0.223064	0.0201454	-0.159589	-0.287715	-0.35956	-0.358469	-0.29144	-0.178052	-0.0480572	0.0692	0.166726	0.233407	0.257196	0.255013	0.25497	0.269519	
0.550536	0.67445	0.769557	0.825628	0.838023	0.814858	0.752685	0.644583	0.488114	0.305334	0.107559	-0.0686005	-0.195922	-0.259528	-0.244509	-0.165197	-0.0522525	0.0692	0.183395	0.270685	0.327741	0.34692	0.337822	0.332268	0.338401	
0.488047	0.634211	0.738413	0.797909	0.814958	0.799539	0.746913	0.647455	0.50471	0.337201	0.155226	-0.00442883	-0.124894	-0.180152	-0.157236	-0.0723405	0.0477237	0.166726	0.270685	0.345233	0.388766	0.401394	0.389553	0.375952	0.365721	
0.436598	0.591608	0.698252	0.750572	0.76031	0.742917	0.694735	0.60941	0.481362	0.32545	0.16651	0.0266603	-0.072331	-0.115167	-0.0908993	-0.00696295	0.114964	0.233407	0.327741	0.388766	0.41347	0.412913	0.397427	0.367344	0.325141	
0.406381	0.558978	0.659867	0.700048	0.700998	0.684842	0.640146	0.560726	0.43816	0.286814	0.144431	0.0306554	-0.0472012	-0.0752609	-0.0424551	0.0403015	0.14892	0.257196	0.34692	0.401394	0.412913	0.396075	0.365403	0.299984	0.212745	
0.385043	0.531093	0.628266	0.666872	0.668426	0.643819	0.59687	0.51588	0.395148	0.25109	0.121376	0.0167384	-0.0500542	-0.062036	-0.0182174	0.0621994	0.156836	0.255013	0.337822	0.389553	0.397427	0.365403	0.295038	0.176239	0.0307866	
0.397221	0.528	0.620196	0.665736	0.671659	0.639005	0.581597	0.499154	0.382085	0.24082	0.106429	0.00340655	-0.0545381	-0.0604499	-0.0197401	0.0664271	0.1625	0.25497	0.332268	0.375952	0.367344	0.299984	0.176239	0.0036429	-0.20986	
0.46395	0.581525	0.667986	0.717107	0.719492	0.676112	0.615585	0.527982	0.408454	0.264825	0.12478	0.0153549	-0.0432095	-0.0497904	-0.00722232	0.0799011	0.179539	0.269519	0.338401	0.365721	0.325141	0.212745	0.0307866	-0.20986	-0.496388	
0.585772	0.688052	0.764726	0.806723	0.806065	0.764389	0.698946	0.601798	0.472223	0.318996	0.168949	0.0568247	-0.00811843	-0.0207252	0.022891	0.108754	0.210154	0.293922	0.347661	0.356965	0.288476	0.130697	-0.112196	-0.425402	-0.793458	
0.74585	0.836771	0.901629	0.930852	0.924429	0.880204	0.801808	0.696813	0.562074	0.397092	0.235052	0.11402	0.0458923	0.0328025	0.0698531	0.15089	0.252204	0.336229	0.377162	0.362114	0.262088	0.0570268	-0.246336	-0.62829	-1.07347	
0.921859	1.00478	1.05901	1.07794	1.05685	0.996143	0.904361	0.790558	0.651239	0.485554	0.317395	0.185385	0.110842	0.0946037	0.131939	0.214133	0.31056	0.39031	0.417528	0.377671	0.243875	-0.00813405	-0.363401	-0.806061	-1.3152	
1.06921	1.15218	1.19792	1.20388	1.16639	1.09223	0.993841	0.876795	0.731911	0.565753	0.391888	0.248621	0.169917	0.154624	0.198631	0.282402	0.366371	0.433011	0.454761	0.399169	0.238437	-0.0463651	-0.446496	-0.939833	-1.497	
1.15109	1.23694	1.27442	1.27647	1.23102	1.14694	1.04682	0.930223	0.785333	0.616527	0.429395	0.280159	0.203113	0.195341	0.244434	0.319506	0.396248	0.453555	0.471405	0.409674	0.240861	-0.0541379	-0.480742	-1.00604	-1.59051	
1.16402	1.25066	1.28586	1.28901	1.2427	1.1556	1.05609	0.939631	0.795016	0.625258	0.434747	0.28456	0.207975	0.202458	0.252347	0.324308	0.400941	0.457629	0.474155	0.410916	0.240638	-0.0542193	-0.484257	-1.01578	-1.60582	
1.11105	1.19497	1.23671	1.24057	1.1975	1.11945	1.02026	0.903342	0.757794	0.590601	0.411623	0.2652	0.186739	0.174389	0.220372	0.302265	0.381385	0.443338	0.464443	0.405217	0.239059	-0.0523008	-0.466146	-0.974526	-1.54534	
0.986922	1.06945	1.11945	1.13304	1.1051	1.03894	0.943036	0.826994	0.68516	0.520364	0.350225	0.214249	0.136862	0.119709	0.159339	0.243647	0.334749	0.409624	0.433519	0.385467	0.240504	-0.0271583	-0.401568	-0.866655	-1.39742	
0.81626	0.903206	0.964008	0.988708	0.97821	0.92749	0.843391	0.734802	0.598543	0.431903	0.267035	0.140881	0.0708228	0.0571512	0.0936168	0.173475	0.274065	0.358295	0.39331	0.367802	0.254122	0.0287954	-0.296006	-0.703185	-1.17598	
0.645883	0.743376	0.814936	0.85205	0.849789	0.80904	0.739194	0.638721	0.506413	0.347526	0.191872	0.0782184	0.0113616	-0.00134066	0.0390448	0.123112	0.224889	0.307793	0.35711	0.357311	0.276645	0.100033	-0.166873	-0.507818	-0.908181	
0.506987	0.618766	0.70134	0.749595	0.750293	0.706002	0.644433	0.553097	0.429922	0.283626	0.141062	0.0299087	-0.032089	-0.0406305	0.00321415	0.090153	0.190914	0.278245	0.340792	0.361386	0.309132	0.179191	-0.0279295	-0.298169	-0.616925	
0.416563	0.542084	0.632075	0.680021	0.68519	0.648576	0.588563	0.504658	0.387836	0.246425	0.108178	0.00360146	-0.0522742	-0.0578314	-0.0178661	0.0695703	0.167319	0.2593	0.334011	0.371755	0.351186	0.264872	0.118879	-0.0782891	-0.31962	
0.383833	0.524335	0.620399	0.66181	0.664993	0.636879	0.585411	0.504384	0.385213	0.243217	0.113652	0.010057	-0.0528654	-0.0608901	-0.0175107	0.0647035	0.157641	0.2535	0.334001	0.382597	0.387406	0.344323	0.253598	0.113086	-0.0593774	
0.396739	0.546932	0.645311	0.683257	0.683892	0.665086	0.621516	0.541289	0.41941	0.270727	0.134177	0.0262773	-0.0462611	-0.0677648	-0.0288919	0.0522874	0.154224	0.257458	0.344744	0.399165	0.408657	0.386397	0.342405	0.256496	0.147876	
0.422588	0.578214	0.682959	0.730359	0.735751	0.718544	0.671392	0.589253	0.465137	0.312022	0.159796	0.0309007	-0.0585326	-0.0950103	-0.0689821	0.0143709	0.132634	0.247647	0.340543	0.397591	0.414992	0.408147	0.3887	0.347144	0.289075	
0.464867	0.616103	0.721953	0.780005	0.795006	0.779709	0.729628	0.636163	0.49952	0.337365	0.16406	0.0121153	-0.101369	-0.152159	-0.128598	-0.0442212	0.0784575	0.198117	0.297688	0.366468	0.402126	0.410297	0.398749	0.380214	0.358538	
0.52604	0.660462	0.761487	0.819798	0.834694	0.815496	0.757074	0.651972	0.500395	0.323736	0.132017	-0.0395584	-0.165778	-0.225494	-0.206037	-0.12333	-0.00886544	0.110702	0.221314	0.303732	0.356832	0.374305	0.363089	0.354499	0.355866	
0.578988	0.685263	0.766495	0.816295	0.824104	0.794439	0.726944	0.614403	0.452901	0.261797	0.0588244	-0.119831	-0.247874	-0.31723	-0.311427	-0.238259	-0.125367	0.0014909	0.118002	0.210944	0.274508	0.295621	0.290782	0.288945	0.300701	
0.589385	0.666176	0.722856	0.753501	0.749335	0.711278	0.638038	0.519814	0.355145	0.155193	-0.0460965	-0.225289	-0.354597	-0.425716	-0.430536	-0.371535	-0.25933	-0.12584	-0.00385293	0.0966879	0.164345	0.193686	0.197185	0.200381	0.216884	
0.563829	0.601503	0.633397	0.646024	0.629436	0.585467	0.504268	0.37931	0.211261	0.0161545	-0.175166	-0.3438	-0.467597	-0.532042	-0.539226	-0.487759	-0.383241	-0.251031	-0.123273	-0.0267952	0.040511	0.0825605	0.0986144	0.105224	0.120451	
0.514119	0.509838	0.512629	0.509535	0.48474	0.4316	0.342898	0.214997	0.0511448	-0.129145	-0.305881	-0.45318	-0.561477	-0.613883	-0.611157	-0.559684	-0.462383	-0.338214	-0.217684	-0.129354	-0.0640084	-0.0148487	0.0109065	0.0105817	0.0228311	
0.421297	0.391055	0.373025	0.354803	0.323806	0.266106	0.17356	0.0453654	-0.100786	-0.260549	-0.413829	-0.54491	-0.633603	-0.665384	-0.640884	-0.577079	-0.480898	-0.36823	-0.263483	-0.180124	-0.113798	-0.0691899	-0.0505992	-0.0495044	-0.0385217	
0.286234	0.246034	0.223414	0.201017	0.168803	0.115555	0.02768	-0.0918887	-0.21823	-0.357063	-0.489062	-0.599174	-0.667405	-0.669394	-0.619098	-0.539131	-0.435678	-0.323722	-0.22985	-0.155874	-0.0968418	-0.0655124	-0.0612636	-0.0631601	-0.0520817	
0.133941	0.0922923	0.0744823	0.0613006	0.0393467	-0.00652873	-0.0802933	-0.172482	-0.278006	-0.400621	-0.511219	-0.598863	-0.636411	-0.611232	-0.538666	-0.442675	-0.331124	-0.217586	-0.125894	-0.0587608	-0.0190073	-0.00473593	-0.0156264	-0.0250777	-0.0147726	
-0.00679992	-0.0469569	-0.0609846	-0.0609124	-0.0662732	-0.0934405	-0.150147	-0.214105	-0.293216	-0.387105	-0.478077	-0.539592	-0.54816	-0.501022	-0.412731	-0.297621	-0.170384	-0.0564517	0.0322075	0.0877108	0.107043	0.0945617	0.0757962	0.060204	0.0763477	
