0.556019	0.444415	0.298459	0.132121	-0.0247149	-0.166976	-0.295548	-0.404942	-0.483876	-0.511322	-0.484732	-0.429042	-0.349622	-0.239061	-0.0903543	0.0979969	0.300232	0.496729	0.664311	0.788837	0.872689	0.911193	0.909643	0.868559	0.79418	
0.444415	0.346765	0.209521	0.0467046	-0.101182	-0.229553	-0.341663	-0.432351	-0.485933	-0.492938	-0.450788	-0.384475	-0.29488	-0.185803	-0.0447154	0.136003	0.333097	0.524644	0.685854	0.801914	0.875013	0.888553	0.859691	0.790963	0.677583	
0.298459	0.209521	0.0830736	-0.0557303	-0.186069	-0.30143	-0.39847	-0.465662	-0.487067	-0.468013	-0.402388	-0.311955	-0.208241	-0.0988623	0.0257446	0.182115	0.360073	0.530091	0.677773	0.7803	0.836028	0.830674	0.776361	0.680604	0.543369	
0.132121	0.0467046	-0.0557303	-0.166648	-0.277523	-0.374198	-0.446282	-0.48234	-0.469917	-0.415803	-0.325309	-0.212465	-0.101435	0.00159551	0.105581	0.231726	0.380394	0.525452	0.649638	0.734987	0.769658	0.74512	0.670371	0.557522	0.408777	
-0.0247149	-0.101182	-0.186069	-0.277523	-0.363007	-0.427821	-0.465074	-0.462357	-0.414353	-0.326241	-0.20795	-0.0837331	0.0262753	0.119499	0.204384	0.30032	0.416236	0.531907	0.630598	0.694527	0.708635	0.666293	0.574713	0.450634	0.301909	
-0.166976	-0.229553	-0.30143	-0.374198	-0.427821	-0.45152	-0.45042	-0.408166	-0.322059	-0.196543	-0.0535875	0.0744958	0.178367	0.259426	0.322085	0.390592	0.472614	0.556794	0.629516	0.674783	0.673413	0.617655	0.517838	0.391384	0.239377	
-0.295548	-0.341663	-0.39847	-0.446282	-0.465074	-0.45042	-0.404836	-0.314185	-0.182763	-0.0240084	0.133295	0.258168	0.34754	0.407356	0.446169	0.489911	0.54184	0.596761	0.646073	0.675383	0.661851	0.604101	0.508618	0.386075	0.234189	
-0.404942	-0.432351	-0.465662	-0.48234	-0.462357	-0.408166	-0.314185	-0.175971	-0.0108854	0.165458	0.326734	0.44619	0.518772	0.550606	0.562419	0.577082	0.600617	0.635516	0.668733	0.687223	0.672709	0.618599	0.53405	0.416204	0.263916	
-0.483876	-0.485933	-0.487067	-0.469917	-0.414353	-0.322059	-0.182763	-0.0108854	0.171776	0.34798	0.50163	0.607506	0.661184	0.667298	0.648593	0.632143	0.632823	0.6542	0.680917	0.695421	0.687935	0.644699	0.569772	0.458068	0.311922	
-0.511322	-0.492938	-0.468013	-0.415803	-0.326241	-0.196543	-0.0240084	0.165458	0.34798	0.513451	0.640532	0.725467	0.757621	0.741704	0.695278	0.648672	0.631271	0.645598	0.670189	0.691997	0.696352	0.668019	0.600533	0.496036	0.368901	
-0.484732	-0.450788	-0.402388	-0.325309	-0.20795	-0.0535875	0.133295	0.326734	0.50163	0.640532	0.728558	0.780124	0.789623	0.757421	0.698178	0.637001	0.609065	0.614761	0.637337	0.662598	0.677893	0.659935	0.602677	0.5155	0.416652	
-0.429042	-0.384475	-0.311955	-0.212465	-0.0837331	0.0744958	0.258168	0.44619	0.607506	0.725467	0.780124	0.795941	0.773652	0.722735	0.655863	0.593597	0.562245	0.566095	0.585185	0.611283	0.628592	0.613337	0.570036	0.509565	0.435385	
-0.349622	-0.29488	-0.208241	-0.101435	0.0262753	0.178367	0.34754	0.518772	0.661184	0.757621	0.789623	0.773652	0.722867	0.656976	0.585866	0.528162	0.497231	0.49209	0.502398	0.518081	0.523664	0.514603	0.492143	0.459629	0.410992	
-0.239061	-0.185803	-0.0988623	0.00159551	0.119499	0.259426	0.407356	0.550606	0.667298	0.741704	0.757421	0.722735	0.656976	0.57563	0.49924	0.441938	0.405922	0.391834	0.386423	0.381022	0.376435	0.36748	0.359474	0.345096	0.311321	
-0.0903543	-0.0447154	0.0257446	0.105581	0.204384	0.322085	0.446169	0.562419	0.648593	0.695278	0.698178	0.655863	0.585866	0.49924	0.414068	0.352766	0.307264	0.275222	0.245038	0.218536	0.201914	0.187202	0.18003	0.168822	0.140229	
0.0979969	0.136003	0.182115	0.231726	0.30032	0.390592	0.489911	0.577082	0.632143	0.648672	0.637001	0.593597	0.528162	0.441938	0.352766	0.280571	0.215682	0.151579	0.093131	0.0455293	0.0126612	-0.0117918	-0.0261661	-0.0433957	-0.0690319	
0.300232	0.333097	0.360073	0.380394	0.416236	0.472614	0.54184	0.600617	0.632823	0.631271	0.609065	0.562245	0.497231	0.405922	0.307264	0.215682	0.120888	0.0278644	-0.0550331	-0.125138	-0.179755	-0.22262	-0.245494	-0.263849	-0.295186	
0.496729	0.524644	0.530091	0.525452	0.531907	0.556794	0.596761	0.635516	0.6542	0.645598	0.614761	0.566095	0.49209	0.391834	0.275222	0.151579	0.0278644	-0.0908439	-0.198143	-0.293929	-0.3796	-0.442989	-0.467497	-0.485034	-0.517881	
0.664311	0.685854	0.677773	0.649638	0.630598	0.629516	0.646073	0.668733	0.680917	0.670189	0.637337	0.585185	0.502398	0.386423	0.245038	0.093131	-0.0550331	-0.198143	-0.333084	-0.459478	-0.577321	-0.65659	-0.688063	-0.702975	-0.729518	
0.788837	0.801914	0.7803	0.734987	0.694527	0.674783	0.675383	0.687223	0.695421	0.691997	0.662598	0.611283	0.518081	0.381022	0.218536	0.0455293	-0.125138	-0.293929	-0.459478	-0.610234	-0.743253	-0.833622	-0.876724	-0.894979	-0.908318	
0.872689	0.875013	0.836028	0.769658	0.708635	0.673413	0.661851	0.672709	0.687935	0.696352	0.677893	0.628592	0.523664	0.376435	0.201914	0.0126612	-0.179755	-0.3796	-0.577321	-0.743253	-0.877697	-0.970251	-1.01752	-1.03303	-1.0293	
0.911193	0.888553	0.830674	0.74512	0.666293	0.617655	0.604101	0.618599	0.644699	0.668019	0.659935	0.613337	0.514603	0.36748	0.187202	-0.0117918	-0.22262	-0.442989	-0.65659	-0.833622	-0.970251	-1.05849	-1.10438	-1.1117	-1.09083	
0.909643	0.859691	0.776361	0.670371	0.574713	0.517838	0.508618	0.53405	0.569772	0.600533	0.602677	0.570036	0.492143	0.359474	0.18003	-0.0261661	-0.245494	-0.467497	-0.688063	-0.876724	-1.01752	-1.10438	-1.13733	-1.126	-1.09321	
0.868559	0.790963	0.680604	0.557522	0.450634	0.391384	0.386075	0.416204	0.458068	0.496036	0.5155	0.509565	0.459629	0.345096	0.168822	-0.0433957	-0.263849	-0.485034	-0.702975	-0.894979	-1.03303	-1.1117	-1.126	-1.09653	-1.04865	
0.79418	0.677583	0.543369	0.408777	0.301909	0.239377	0.234189	0.263916	0.311922	0.368901	0.416652	0.435385	0.410992	0.311321	0.140229	-0.0690319	-0.295186	-0.517881	-0.729518	-0.908318	-1.0293	-1.09083	-1.09321	-1.04865	-0.986165	
0.690771	0.534974	0.372506	0.230711	0.122868	0.0608103	0.0524593	0.0841249	0.146788	0.227294	0.299953	0.342207	0.33547	0.253737	0.102343	-0.0987422	-0.325856	-0.552582	-0.756176	-0.914481	-1.01138	-1.05946	-1.05282	-1.0017	-0.92338	
0.563453	0.377234	0.193639	0.0370278	-0.0784646	-0.143457	-0.152264	-0.110476	-0.0290032	0.0713025	0.166314	0.231108	0.243911	0.185398	0.0546593	-0.134866	-0.358002	-0.581981	-0.773998	-0.91216	-0.991011	-1.02558	-1.01056	-0.952114	-0.861372	
0.426014	0.219059	0.0205665	-0.155202	-0.285322	-0.358118	-0.361236	-0.304543	-0.205104	-0.0819047	0.034607	0.12337	0.160671	0.119801	0.000882366	-0.178915	-0.39545	-0.610644	-0.789125	-0.911342	-0.980204	-0.996108	-0.962725	-0.890593	-0.788993	
0.302682	0.0828298	-0.128292	-0.319468	-0.465008	-0.542132	-0.54605	-0.476061	-0.35521	-0.213479	-0.0755548	0.0371777	0.087544	0.0589219	-0.0479069	-0.219537	-0.423854	-0.625762	-0.795858	-0.910806	-0.973741	-0.978342	-0.923605	-0.832835	-0.724599	
0.224073	-0.0103395	-0.229355	-0.426829	-0.577846	-0.658959	-0.664144	-0.588236	-0.454349	-0.295007	-0.143145	-0.0197045	0.0372314	0.015191	-0.0816373	-0.239056	-0.428935	-0.62191	-0.785463	-0.898985	-0.966311	-0.966276	-0.90169	-0.800856	-0.685162	
0.211704	-0.0283894	-0.247741	-0.447328	-0.597288	-0.680824	-0.685483	-0.60737	-0.471568	-0.308349	-0.152854	-0.0291598	0.028823	0.00817791	-0.0870765	-0.240362	-0.428743	-0.618369	-0.781953	-0.894656	-0.963032	-0.962757	-0.897574	-0.794104	-0.678411	
0.263438	0.0382783	-0.17654	-0.370371	-0.519784	-0.598496	-0.603546	-0.531527	-0.403737	-0.253355	-0.109365	0.00951423	0.0630902	0.0375158	-0.0641904	-0.230083	-0.427987	-0.62597	-0.792937	-0.907037	-0.971251	-0.973504	-0.912918	-0.816996	-0.704944	
0.373072	0.161664	-0.0426945	-0.225823	-0.362884	-0.437495	-0.440538	-0.377348	-0.268821	-0.138475	-0.0128309	0.0864669	0.129606	0.0947459	-0.0196019	-0.196911	-0.409277	-0.619169	-0.793653	-0.912023	-0.977571	-0.987531	-0.945414	-0.865578	-0.760806	
0.508777	0.312281	0.122748	-0.0417019	-0.162311	-0.230587	-0.236108	-0.189051	-0.101289	0.00916856	0.112141	0.186013	0.209886	0.158721	0.0331466	-0.151707	-0.372812	-0.593446	-0.779989	-0.91094	-0.985382	-1.01268	-0.991176	-0.928532	-0.833406	
0.642284	0.473695	0.301615	0.15455	0.0443089	-0.0178955	-0.0275515	0.00713551	0.0780233	0.165475	0.247437	0.299019	0.29883	0.226836	0.0847952	-0.112153	-0.338156	-0.564564	-0.764183	-0.914486	-1.00284	-1.04571	-1.03675	-0.983127	-0.899733	
0.755508	0.622781	0.477039	0.340495	0.233964	0.171718	0.164973	0.194502	0.24705	0.314586	0.372767	0.400976	0.384227	0.290812	0.126117	-0.0806847	-0.307522	-0.532934	-0.740945	-0.911862	-1.02344	-1.07861	-1.07688	-1.02977	-0.960091	
0.843573	0.750192	0.6311	0.501748	0.394297	0.33343	0.329297	0.359633	0.403352	0.446801	0.477665	0.481346	0.442645	0.3344	0.159241	-0.0527275	-0.275699	-0.496561	-0.712685	-0.900999	-1.03348	-1.10601	-1.11494	-1.07796	-1.02502	
0.896944	0.837672	0.742714	0.629463	0.527536	0.470135	0.462629	0.490695	0.529526	0.562328	0.569483	0.547538	0.480383	0.35502	0.176944	-0.0321498	-0.251411	-0.473334	-0.69325	-0.885294	-1.02713	-1.11183	-1.1373	-1.11831	-1.07888	
0.91602	0.881211	0.813727	0.720278	0.634732	0.581718	0.569476	0.589277	0.618957	0.645681	0.642243	0.599131	0.507244	0.365086	0.183784	-0.0184339	-0.234098	-0.456505	-0.674095	-0.855338	-0.993606	-1.08145	-1.12353	-1.12409	-1.09857	
0.892982	0.886593	0.841431	0.767315	0.698718	0.657655	0.643563	0.654523	0.67444	0.689749	0.674877	0.625805	0.521395	0.372186	0.194972	0.00231055	-0.198852	-0.408991	-0.615332	-0.78611	-0.920988	-1.01206	-1.05943	-1.0722	-1.06132	
0.827602	0.83769	0.808208	0.755488	0.706858	0.680635	0.675313	0.686451	0.696514	0.696979	0.672065	0.621917	0.522293	0.380075	0.211468	0.0309622	-0.14855	-0.329497	-0.508855	-0.665973	-0.800184	-0.892652	-0.93882	-0.95712	-0.964389	
0.719063	0.737317	0.725232	0.689623	0.661266	0.651986	0.66102	0.678933	0.687949	0.680074	0.647184	0.594648	0.508817	0.383891	0.23278	0.0728108	-0.0847453	-0.237346	-0.384216	-0.521826	-0.648455	-0.733217	-0.768932	-0.784937	-0.806624	
0.568742	0.594613	0.5934	0.578604	0.574208	0.588039	0.618262	0.649991	0.666352	0.654846	0.622611	0.572871	0.49542	0.389616	0.263459	0.126814	-0.00727566	-0.135542	-0.253374	-0.36136	-0.460435	-0.530904	-0.557363	-0.573091	-0.60476	
0.380268	0.411264	0.429477	0.43983	0.464006	0.506809	0.563453	0.613305	0.6389	0.634291	0.607902	0.560655	0.492726	0.398225	0.293306	0.189816	0.0831067	-0.0205957	-0.112748	-0.192629	-0.258886	-0.310054	-0.334064	-0.352311	-0.384655	
0.179366	0.214242	0.252456	0.289365	0.34459	0.422331	0.510261	0.585124	0.629873	0.636858	0.62089	0.575946	0.511834	0.424998	0.333058	0.254578	0.178564	0.101699	0.0328408	-0.0232682	-0.0640379	-0.0945828	-0.113319	-0.131802	-0.159121	
-0.0196017	0.0235744	0.0843818	0.152489	0.240502	0.347988	0.462411	0.566552	0.640744	0.675186	0.671665	0.629497	0.560215	0.473122	0.386811	0.321709	0.270042	0.226308	0.184908	0.149704	0.127233	0.109598	0.0998167	0.086453	0.0597507	
-0.183945	-0.134135	-0.0523039	0.0422962	0.153224	0.285196	0.424481	0.556637	0.660918	0.724864	0.735973	0.696708	0.628037	0.544076	0.46343	0.404649	0.365797	0.345996	0.33177	0.318165	0.308805	0.298373	0.292417	0.280998	0.249764	
-0.309897	-0.254075	-0.164675	-0.0594139	0.0650727	0.213879	0.374207	0.535383	0.668625	0.756525	0.780637	0.755825	0.697297	0.624954	0.552459	0.496196	0.463389	0.455298	0.460207	0.467938	0.468322	0.460518	0.445265	0.42196	0.381295	
-0.400432	-0.351088	-0.272026	-0.1665	-0.0375287	0.118866	0.297933	0.480927	0.635189	0.745293	0.789774	0.792042	0.756872	0.699276	0.630628	0.569244	0.538657	0.539801	0.556171	0.580114	0.594007	0.580162	0.545032	0.496011	0.432353	
-0.465266	-0.426778	-0.367847	-0.28158	-0.157923	0.000627971	0.187826	0.380734	0.550588	0.679875	0.753267	0.789483	0.787764	0.748397	0.685459	0.623605	0.593429	0.597222	0.618947	0.644665	0.662568	0.646663	0.59415	0.516869	0.428814	
