-0.292671	-0.469913	-0.598658	-0.682834	-0.728582	-0.74473	-0.751565	-0.731589	-0.670969	-0.584562	-0.478615	-0.377049	-0.289336	-0.221406	-0.163943	-0.103486	-0.0421739	0.00963248	0.0433125	0.0560108	0.0370139	-0.0266844	-0.129624	-0.256856	-0.378822	
-0.469913	-0.623889	-0.720219	-0.780135	-0.809875	-0.811454	-0.795299	-0.751668	-0.676644	-0.587294	-0.491718	-0.404116	-0.332319	-0.275144	-0.223671	-0.155257	-0.0668066	0.0217128	0.0983373	0.146045	0.152192	0.102975	-0.000677861	-0.137057	-0.270082	
-0.598658	-0.720219	-0.788069	-0.828422	-0.841917	-0.829408	-0.788159	-0.722993	-0.639218	-0.552743	-0.470323	-0.395975	-0.337919	-0.292744	-0.24505	-0.170341	-0.0630957	0.0505086	0.152696	0.214524	0.232245	0.194355	0.0886042	-0.0489019	-0.196745	
-0.682834	-0.780135	-0.828422	-0.843099	-0.827291	-0.791252	-0.728381	-0.646427	-0.565361	-0.487695	-0.420322	-0.358681	-0.311686	-0.274934	-0.225969	-0.150871	-0.0368838	0.085946	0.189476	0.253343	0.270853	0.23726	0.139873	0.00149317	-0.153342	
-0.728582	-0.809875	-0.841917	-0.827291	-0.787449	-0.726329	-0.641912	-0.549849	-0.466405	-0.399007	-0.351098	-0.309401	-0.276487	-0.246399	-0.197108	-0.121382	-0.0107373	0.108971	0.204904	0.26161	0.272367	0.239194	0.152932	0.0205583	-0.128798	
-0.74473	-0.811454	-0.829408	-0.791252	-0.726329	-0.642459	-0.547311	-0.451016	-0.369431	-0.31929	-0.292551	-0.268148	-0.245329	-0.215055	-0.168253	-0.100018	-0.00626223	0.0957912	0.180389	0.22565	0.233119	0.205539	0.137146	0.0297049	-0.0992699	
-0.751565	-0.795299	-0.788159	-0.728381	-0.641912	-0.547311	-0.452593	-0.3619	-0.290867	-0.260558	-0.253293	-0.237787	-0.219091	-0.188188	-0.147054	-0.0980888	-0.0309494	0.0471391	0.113184	0.146784	0.15125	0.129709	0.089151	0.0207632	-0.0679009	
-0.731589	-0.751668	-0.722993	-0.646427	-0.549849	-0.451016	-0.3619	-0.283183	-0.236057	-0.229517	-0.237538	-0.234093	-0.215797	-0.184734	-0.154458	-0.123375	-0.0782472	-0.0253545	0.0227204	0.0446272	0.04218	0.0296999	0.0199262	-0.00105931	-0.0349474	
-0.670969	-0.676644	-0.639218	-0.565361	-0.466405	-0.369431	-0.290867	-0.236057	-0.215944	-0.230995	-0.252278	-0.25367	-0.235279	-0.209898	-0.190412	-0.171776	-0.14719	-0.112147	-0.0786204	-0.0668555	-0.0670525	-0.0635086	-0.041239	-0.0113719	0.00985933	
-0.584562	-0.587294	-0.552743	-0.487695	-0.399007	-0.31929	-0.260558	-0.229517	-0.230995	-0.251979	-0.273676	-0.274005	-0.259186	-0.243099	-0.233878	-0.228546	-0.218371	-0.200444	-0.182681	-0.176473	-0.169469	-0.145861	-0.0927391	-0.0173909	0.0512972	
-0.478615	-0.491718	-0.470323	-0.420322	-0.351098	-0.292551	-0.253293	-0.237538	-0.252278	-0.273676	-0.290976	-0.29249	-0.281975	-0.272576	-0.268612	-0.273141	-0.276438	-0.277497	-0.280906	-0.278663	-0.264231	-0.221398	-0.140872	-0.0333543	0.0771279	
-0.377049	-0.404116	-0.395975	-0.358681	-0.309401	-0.268148	-0.237787	-0.234093	-0.25367	-0.274005	-0.29249	-0.299784	-0.293233	-0.292141	-0.296311	-0.30859	-0.331672	-0.352382	-0.37081	-0.368875	-0.33991	-0.274984	-0.174751	-0.0460292	0.0954558	
-0.289336	-0.332319	-0.337919	-0.311686	-0.276487	-0.245329	-0.219091	-0.215797	-0.235279	-0.259186	-0.281975	-0.293233	-0.299432	-0.304245	-0.315263	-0.339509	-0.375789	-0.407329	-0.431764	-0.423089	-0.374761	-0.298341	-0.188	-0.0519323	0.102388	
-0.221406	-0.275144	-0.292744	-0.274934	-0.246399	-0.215055	-0.188188	-0.184734	-0.209898	-0.243099	-0.272576	-0.292141	-0.304245	-0.313695	-0.33124	-0.364173	-0.407163	-0.444301	-0.462974	-0.43966	-0.37678	-0.287385	-0.175109	-0.041572	0.119273	
-0.163943	-0.223671	-0.24505	-0.225969	-0.197108	-0.168253	-0.147054	-0.154458	-0.190412	-0.233878	-0.268612	-0.296311	-0.315263	-0.33124	-0.357519	-0.393943	-0.437782	-0.468523	-0.471498	-0.431888	-0.353858	-0.257443	-0.146	-0.0149742	0.145488	
-0.103486	-0.155257	-0.170341	-0.150871	-0.121382	-0.100018	-0.0980888	-0.123375	-0.171776	-0.228546	-0.273141	-0.30859	-0.339509	-0.364173	-0.393943	-0.430208	-0.468526	-0.485246	-0.469953	-0.414812	-0.323632	-0.222276	-0.108876	0.0235272	0.183668	
-0.0421739	-0.0668066	-0.0630957	-0.0368838	-0.0107373	-0.00626223	-0.0309494	-0.0782472	-0.14719	-0.218371	-0.276438	-0.331672	-0.375789	-0.407163	-0.437782	-0.468526	-0.491183	-0.496213	-0.460762	-0.388254	-0.290756	-0.178001	-0.0601048	0.0779602	0.237284	
0.00963248	0.0217128	0.0505086	0.085946	0.108971	0.0957912	0.0471391	-0.0253545	-0.112147	-0.200444	-0.277497	-0.352382	-0.407329	-0.444301	-0.468523	-0.485246	-0.496213	-0.480442	-0.427049	-0.340036	-0.232084	-0.114775	0.00746575	0.145951	0.29405	
0.0433125	0.0983373	0.152696	0.189476	0.204904	0.180389	0.113184	0.0227204	-0.0786204	-0.182681	-0.280906	-0.37081	-0.431764	-0.462974	-0.471498	-0.469953	-0.460762	-0.427049	-0.355218	-0.25306	-0.139882	-0.0196403	0.101261	0.228896	0.353825	
0.0560108	0.146045	0.214524	0.253343	0.26161	0.22565	0.146784	0.0446272	-0.0668555	-0.176473	-0.278663	-0.368875	-0.423089	-0.43966	-0.431888	-0.414812	-0.388254	-0.340036	-0.25306	-0.140177	-0.0249057	0.0904062	0.200166	0.309015	0.398174	
0.0370139	0.152192	0.232245	0.270853	0.272367	0.233119	0.15125	0.04218	-0.0670525	-0.169469	-0.264231	-0.33991	-0.374761	-0.37678	-0.353858	-0.323632	-0.290756	-0.232084	-0.139882	-0.0249057	0.0856458	0.18831	0.283126	0.3652	0.422225	
-0.0266844	0.102975	0.194355	0.23726	0.239194	0.205539	0.129709	0.0296999	-0.0635086	-0.145861	-0.221398	-0.274984	-0.298341	-0.287385	-0.257443	-0.222276	-0.178001	-0.114775	-0.0196403	0.0904062	0.18831	0.270092	0.342316	0.395614	0.419398	
-0.129624	-0.000677861	0.0886042	0.139873	0.152932	0.137146	0.089151	0.0199262	-0.041239	-0.0927391	-0.140872	-0.174751	-0.188	-0.175109	-0.146	-0.108876	-0.0601048	0.00746575	0.101261	0.200166	0.283126	0.342316	0.386969	0.411276	0.402969	
-0.256856	-0.137057	-0.0489019	0.00149317	0.0205583	0.0297049	0.0207632	-0.00105931	-0.0113719	-0.0173909	-0.0333543	-0.0460292	-0.0519323	-0.041572	-0.0149742	0.0235272	0.0779602	0.145951	0.228896	0.309015	0.3652	0.395614	0.411276	0.401149	0.36807	
-0.378822	-0.270082	-0.196745	-0.153342	-0.128798	-0.0992699	-0.0679009	-0.0349474	0.00985933	0.0512972	0.0771279	0.0954558	0.102388	0.119273	0.145488	0.183668	0.237284	0.29405	0.353825	0.398174	0.422225	0.419398	0.402969	0.36807	0.31276	
-0.487749	-0.393751	-0.339051	-0.306831	-0.281419	-0.236347	-0.168515	-0.0851752	0.00807636	0.0960529	0.165996	0.218779	0.254644	0.285956	0.321178	0.363444	0.411575	0.449629	0.473077	0.47432	0.456245	0.421615	0.375249	0.317203	0.251163	
-0.600699	-0.524058	-0.48059	-0.458883	-0.4324	-0.373577	-0.277862	-0.153808	-0.0165965	0.116018	0.230558	0.325273	0.393891	0.445954	0.49326	0.539962	0.58212	0.600052	0.585133	0.542896	0.484434	0.417546	0.3453	0.265166	0.19011	
-0.708129	-0.646935	-0.621278	-0.602053	-0.565024	-0.493964	-0.373077	-0.213444	-0.0427352	0.123672	0.281043	0.415794	0.519005	0.593904	0.651033	0.69871	0.726892	0.720435	0.668999	0.585319	0.497105	0.409157	0.31703	0.227342	0.144439	
-0.801847	-0.750317	-0.722285	-0.699874	-0.656309	-0.576454	-0.441825	-0.25983	-0.0644051	0.13436	0.327317	0.495124	0.627519	0.715806	0.777084	0.81861	0.832046	0.801959	0.716363	0.602935	0.487018	0.384257	0.282257	0.183713	0.104433	
-0.854516	-0.803861	-0.774339	-0.747832	-0.6973	-0.612962	-0.471596	-0.279455	-0.0706305	0.14389	0.357793	0.547459	0.697074	0.7942	0.854909	0.890193	0.887536	0.838666	0.730244	0.59403	0.465379	0.355067	0.250019	0.153815	0.0786455	
-0.861906	-0.811501	-0.784149	-0.755401	-0.702312	-0.61839	-0.475954	-0.280936	-0.0709005	0.144976	0.363818	0.556752	0.708989	0.808584	0.868966	0.90227	0.89701	0.843903	0.731213	0.590875	0.459863	0.349054	0.242916	0.148519	0.0739546	
-0.829473	-0.77887	-0.748133	-0.724425	-0.678485	-0.595642	-0.458123	-0.271052	-0.0684924	0.13905	0.342228	0.520497	0.661359	0.753573	0.8146	0.853477	0.860152	0.821571	0.725276	0.60137	0.478575	0.371622	0.267935	0.168944	0.0916484	
-0.748048	-0.692327	-0.66794	-0.648198	-0.607695	-0.532181	-0.403798	-0.234151	-0.0521343	0.127193	0.29978	0.448832	0.565001	0.646915	0.705986	0.752666	0.774348	0.758154	0.692719	0.59499	0.495895	0.4012	0.304083	0.210895	0.127899	
-0.64497	-0.575119	-0.539002	-0.5189	-0.488815	-0.425238	-0.319431	-0.179458	-0.0276404	0.119134	0.252508	0.36353	0.445605	0.507783	0.558996	0.606249	0.644487	0.652694	0.623015	0.563621	0.491903	0.415318	0.333667	0.248652	0.169618	
-0.532061	-0.444648	-0.394183	-0.367799	-0.343113	-0.291247	-0.211609	-0.111742	0.000335883	0.106601	0.193543	0.262624	0.311885	0.350849	0.390662	0.435801	0.481303	0.511579	0.519856	0.502699	0.468233	0.420108	0.363009	0.29571	0.226082	
-0.422601	-0.320311	-0.255077	-0.215268	-0.18946	-0.154153	-0.106696	-0.0527629	0.0124197	0.0723548	0.116353	0.147958	0.164625	0.186687	0.215082	0.25411	0.306084	0.355935	0.401982	0.429882	0.43763	0.421927	0.393055	0.348718	0.288117	
-0.308102	-0.191193	-0.107685	-0.0598755	-0.0387109	-0.0200631	-0.0133206	-0.0126302	-0.000567854	0.0124608	0.0123202	0.0108362	0.00869429	0.0200592	0.0459036	0.0840865	0.1395	0.204301	0.279705	0.347338	0.391345	0.408803	0.411562	0.390758	0.347879	
-0.17883	-0.0537517	0.0354837	0.0878499	0.10419	0.0982706	0.0656853	0.0129481	-0.029568	-0.0639045	-0.100603	-0.126231	-0.135889	-0.124919	-0.0966622	-0.0585684	-0.00798706	0.0610723	0.151735	0.244753	0.318341	0.366829	0.400402	0.410608	0.391905	
-0.0638283	0.0674409	0.158951	0.205392	0.211592	0.18277	0.115759	0.026159	-0.0568202	-0.128241	-0.193085	-0.238298	-0.257883	-0.244897	-0.214568	-0.17919	-0.131888	-0.0669967	0.0278915	0.134929	0.226928	0.299862	0.361745	0.40353	0.414128	
0.0173351	0.140599	0.224832	0.26455	0.264927	0.227417	0.145583	0.0378506	-0.0673204	-0.163241	-0.252002	-0.319173	-0.34763	-0.344413	-0.317132	-0.283565	-0.24693	-0.185985	-0.0921064	0.0210156	0.127555	0.222656	0.309198	0.380682	0.423932	
0.0528258	0.152784	0.226955	0.265385	0.270934	0.232181	0.15187	0.0457122	-0.0664467	-0.174272	-0.274847	-0.36011	-0.407384	-0.418068	-0.403841	-0.381176	-0.351545	-0.298416	-0.208807	-0.0935029	0.0203266	0.13136	0.236389	0.334127	0.410566	
0.0518099	0.122719	0.182687	0.220087	0.232785	0.203507	0.130592	0.0358453	-0.0710997	-0.179281	-0.2811	-0.373444	-0.433892	-0.459358	-0.461159	-0.452894	-0.43524	-0.395659	-0.316577	-0.209793	-0.0950398	0.0243455	0.141709	0.263651	0.37392	
0.0250726	0.0541216	0.0945603	0.131553	0.151337	0.133357	0.0765789	-0.00493483	-0.0973412	-0.192349	-0.278656	-0.360639	-0.418782	-0.455458	-0.474345	-0.483286	-0.487626	-0.463587	-0.402631	-0.309924	-0.199052	-0.0801578	0.0425732	0.177927	0.318329	
-0.0189327	-0.0304966	-0.0167693	0.0125691	0.0379526	0.0348208	-0.000134845	-0.0572809	-0.134099	-0.211922	-0.276726	-0.339878	-0.389617	-0.423029	-0.452379	-0.478984	-0.496082	-0.493964	-0.451452	-0.372699	-0.271941	-0.156383	-0.0360506	0.102695	0.259654	
-0.078629	-0.121098	-0.130533	-0.107959	-0.0800488	-0.064856	-0.0730875	-0.107449	-0.163435	-0.225491	-0.274863	-0.317531	-0.353417	-0.381336	-0.41189	-0.44663	-0.479154	-0.491081	-0.467628	-0.406028	-0.311651	-0.205795	-0.0912078	0.0441608	0.203702	
-0.140952	-0.199779	-0.219415	-0.201199	-0.171376	-0.144108	-0.129309	-0.143608	-0.183436	-0.231832	-0.269652	-0.29939	-0.322542	-0.342006	-0.370658	-0.407441	-0.450455	-0.475259	-0.471404	-0.425625	-0.341589	-0.243854	-0.132057	-0.00210489	0.1587	
-0.197224	-0.25451	-0.27555	-0.257255	-0.22905	-0.198016	-0.172225	-0.171219	-0.201523	-0.238569	-0.270091	-0.293808	-0.307857	-0.319477	-0.340489	-0.376042	-0.418978	-0.455614	-0.468816	-0.43848	-0.369764	-0.275988	-0.164527	-0.0320375	0.129156	
-0.260855	-0.308058	-0.318417	-0.296958	-0.2658	-0.235051	-0.208397	-0.204997	-0.224929	-0.251802	-0.277779	-0.291616	-0.300542	-0.307762	-0.321196	-0.349141	-0.389555	-0.423613	-0.447517	-0.434067	-0.378567	-0.297844	-0.186132	-0.0507784	0.106808	
-0.339339	-0.373168	-0.371091	-0.338036	-0.294428	-0.258614	-0.231304	-0.227876	-0.248389	-0.269713	-0.288906	-0.298172	-0.29635	-0.297139	-0.304849	-0.321484	-0.350747	-0.377497	-0.399472	-0.396044	-0.358683	-0.28822	-0.183226	-0.049666	0.0987643	
-0.43731	-0.45524	-0.438501	-0.393987	-0.334346	-0.283102	-0.248383	-0.238573	-0.255482	-0.276076	-0.293544	-0.297546	-0.287693	-0.282167	-0.280483	-0.287941	-0.298663	-0.308313	-0.319376	-0.317072	-0.298398	-0.245628	-0.15652	-0.0394125	0.0864289	
