-0.0242752	0.0244483	0.0708985	0.115633	0.150532	0.157983	0.13161	0.0893049	0.0428196	-0.00293771	-0.0610855	-0.111402	-0.140154	-0.150423	-0.15973	-0.167086	-0.175692	-0.177853	-0.179695	-0.17721	-0.176741	-0.172445	-0.159392	-0.158302	-0.164976	
-0.0133471	0.0339956	0.0888562	0.145385	0.190999	0.199786	0.166316	0.111797	0.0552723	0.00549969	-0.0443275	-0.0837024	-0.0882364	-0.0674947	-0.0454582	-0.0278641	-0.0234254	-0.0236445	-0.0387562	-0.0627077	-0.100995	-0.141092	-0.179435	-0.22468	-0.275941	
-0.0175785	0.0298541	0.0937072	0.158723	0.211471	0.221753	0.182464	0.119699	0.054649	-0.000759665	-0.0405517	-0.0596595	-0.0357824	0.0189327	0.0748719	0.115868	0.133257	0.13675	0.111882	0.0636241	-0.000970026	-0.0784104	-0.167121	-0.262579	-0.358796	
-0.0152578	0.0409667	0.109197	0.174238	0.222717	0.231899	0.196349	0.136392	0.0675551	0.00488393	-0.0377762	-0.041215	0.00948494	0.092003	0.178443	0.241659	0.27331	0.284471	0.259363	0.193366	0.107047	-0.00239448	-0.13261	-0.273709	-0.408241	
0.00828457	0.0759096	0.148861	0.206841	0.251038	0.260317	0.227115	0.173655	0.106337	0.0326206	-0.0171431	-0.0147041	0.0456526	0.145343	0.250199	0.33308	0.383501	0.408493	0.391474	0.327663	0.226231	0.0922536	-0.0723455	-0.252255	-0.422214	
0.0637755	0.136837	0.210049	0.268952	0.311288	0.320046	0.288926	0.235279	0.167449	0.0911728	0.0329049	0.0273992	0.0799448	0.17556	0.288798	0.394289	0.470923	0.512224	0.51141	0.457795	0.355351	0.204323	0.0130804	-0.195675	-0.392446	
0.144379	0.223904	0.303242	0.370977	0.41597	0.424066	0.392601	0.332084	0.256419	0.174555	0.108561	0.0867813	0.117343	0.197279	0.308687	0.428245	0.531136	0.593165	0.604924	0.568636	0.474329	0.314373	0.106705	-0.122062	-0.339661	
0.236137	0.3283	0.424593	0.508823	0.555629	0.563591	0.532278	0.461265	0.366837	0.271535	0.190367	0.147698	0.15402	0.212043	0.312331	0.434934	0.558715	0.64518	0.679218	0.659613	0.570744	0.4102	0.194073	-0.0425636	-0.267905	
0.311897	0.428538	0.550557	0.652079	0.709035	0.717433	0.681291	0.594959	0.478307	0.355895	0.255089	0.187281	0.168366	0.207256	0.296229	0.419445	0.557933	0.667899	0.725472	0.722329	0.640446	0.487595	0.284283	0.0608557	-0.15521	
0.355956	0.498903	0.643851	0.76972	0.843756	0.855563	0.807103	0.698369	0.557495	0.410962	0.283741	0.190225	0.147723	0.165166	0.249024	0.378893	0.52727	0.652757	0.729967	0.742955	0.678269	0.546612	0.371279	0.180575	-0.0123628	
0.355561	0.519731	0.684174	0.827142	0.919521	0.936459	0.872104	0.744927	0.586587	0.42002	0.26912	0.154056	0.0882412	0.0887888	0.166444	0.30281	0.461011	0.594528	0.689869	0.728559	0.696213	0.602412	0.465578	0.306858	0.142471	
0.303028	0.484597	0.661861	0.810189	0.910829	0.928728	0.858204	0.725695	0.557323	0.374523	0.206626	0.0764327	-0.00379158	-0.0129695	0.0550971	0.190845	0.355897	0.502636	0.616329	0.686168	0.697004	0.646942	0.553257	0.434321	0.298175	
0.198956	0.390236	0.571958	0.719326	0.812119	0.827963	0.764342	0.636366	0.465867	0.274044	0.0954163	-0.0405748	-0.122262	-0.130871	-0.0667693	0.0622638	0.229809	0.392041	0.524672	0.620542	0.671327	0.667887	0.620826	0.545745	0.447086	
0.0586608	0.249469	0.430205	0.569313	0.652429	0.666432	0.609547	0.492678	0.324643	0.13409	-0.0469181	-0.180793	-0.259642	-0.258321	-0.191125	-0.0726678	0.0891955	0.259433	0.406517	0.523584	0.60931	0.652591	0.658913	0.63296	0.578053	
-0.101347	0.0856584	0.255478	0.381433	0.45664	0.469311	0.41804	0.311832	0.157754	-0.0276969	-0.202565	-0.335868	-0.409422	-0.401068	-0.32756	-0.21325	-0.0588947	0.110824	0.270034	0.409279	0.521937	0.606471	0.662594	0.68496	0.674754	
-0.272948	-0.0858382	0.0796893	0.204069	0.279191	0.291696	0.240955	0.134485	-0.0155242	-0.198278	-0.375777	-0.503909	-0.567461	-0.555926	-0.479648	-0.363066	-0.212347	-0.0457377	0.117543	0.274275	0.409981	0.522228	0.616085	0.681374	0.716105	
-0.437913	-0.243645	-0.0713253	0.0626985	0.14447	0.159054	0.102771	-0.0126957	-0.170379	-0.36041	-0.543674	-0.67189	-0.72871	-0.718817	-0.648173	-0.53445	-0.378418	-0.211289	-0.0457099	0.118162	0.272138	0.407385	0.52606	0.620674	0.691593	
-0.567706	-0.371967	-0.191387	-0.0470259	0.0413622	0.0562214	-0.00364116	-0.128123	-0.296319	-0.490711	-0.67403	-0.813416	-0.881626	-0.883779	-0.829315	-0.725309	-0.566635	-0.389183	-0.213936	-0.0442379	0.114758	0.26559	0.401097	0.513151	0.605956	
-0.643097	-0.451895	-0.267227	-0.113699	-0.0246079	-0.010543	-0.0687077	-0.200519	-0.376062	-0.567047	-0.752057	-0.905702	-1.00477	-1.036	-1.00021	-0.906194	-0.756761	-0.572703	-0.383389	-0.210592	-0.0527188	0.0992314	0.243549	0.371743	0.481918	
-0.647838	-0.454356	-0.268457	-0.114588	-0.0248048	-0.00983483	-0.0696041	-0.201139	-0.378173	-0.570209	-0.761207	-0.936347	-1.07502	-1.14863	-1.14204	-1.06042	-0.919438	-0.743862	-0.550526	-0.370556	-0.214253	-0.0680779	0.072975	0.206595	0.326343	
-0.575065	-0.371344	-0.187126	-0.0394778	0.0524786	0.0684469	0.00512356	-0.122515	-0.294858	-0.491886	-0.701056	-0.904371	-1.08096	-1.19698	-1.22974	-1.16581	-1.03323	-0.866905	-0.682086	-0.502847	-0.34532	-0.203125	-0.0732246	0.0531113	0.172818	
-0.44025	-0.222308	-0.0348443	0.114666	0.20782	0.223939	0.160431	0.0298377	-0.142891	-0.349303	-0.582499	-0.811443	-1.01365	-1.15805	-1.22236	-1.19031	-1.08527	-0.934144	-0.765565	-0.59708	-0.437927	-0.291021	-0.161515	-0.0418026	0.0709076	
-0.247567	-0.0155741	0.183021	0.332069	0.419559	0.434794	0.374769	0.249907	0.0681466	-0.151219	-0.397994	-0.64788	-0.872851	-1.03572	-1.12403	-1.13149	-1.06731	-0.94802	-0.796332	-0.636158	-0.47778	-0.32647	-0.187002	-0.0616397	0.0435098	
-0.00993488	0.232849	0.440398	0.586762	0.663782	0.676639	0.62582	0.507103	0.321855	0.0891115	-0.162377	-0.42265	-0.661478	-0.844237	-0.954499	-0.997779	-0.9788	-0.897325	-0.765505	-0.604036	-0.438541	-0.280426	-0.134397	-0.00609878	0.091789	
0.268145	0.51612	0.719441	0.858099	0.929071	0.940297	0.894148	0.783489	0.603968	0.37126	0.106224	-0.163331	-0.411678	-0.613526	-0.74861	-0.820905	-0.833202	-0.776185	-0.661326	-0.504291	-0.329101	-0.167962	-0.0199384	0.108426	0.197178	
0.548956	0.800524	0.993277	1.12272	1.19574	1.20928	1.15826	1.05238	0.886124	0.654345	0.382247	0.0975837	-0.15721	-0.369737	-0.528041	-0.627824	-0.653692	-0.605653	-0.495374	-0.341749	-0.168601	-0.00366327	0.146247	0.267009	0.341204	
0.800524	1.04817	1.23644	1.36521	1.43651	1.44922	1.40012	1.29533	1.13106	0.905481	0.632658	0.342499	0.07984	-0.145815	-0.319212	-0.430654	-0.462926	-0.411718	-0.298969	-0.151661	0.0170638	0.186092	0.338037	0.453235	0.51258	
0.993277	1.23644	1.43431	1.57175	1.6435	1.65546	1.60851	1.49654	1.32205	1.09498	0.830952	0.55081	0.281865	0.0457818	-0.134363	-0.244864	-0.278283	-0.228829	-0.122958	0.0154316	0.183777	0.361828	0.521311	0.633286	0.68321	
1.12272	1.36521	1.57175	1.72565	1.81067	1.82579	1.76804	1.64108	1.45248	1.22307	0.96645	0.693899	0.430794	0.195431	0.0130242	-0.0935288	-0.122793	-0.0809512	0.015714	0.143425	0.306391	0.496207	0.665631	0.782459	0.829219	
1.19574	1.43651	1.6435	1.81067	1.91538	1.93452	1.86161	1.71607	1.52366	1.29631	1.03713	0.768245	0.514063	0.287414	0.105177	-0.00271468	-0.0336776	0.0088989	0.0999453	0.220398	0.38137	0.575832	0.754528	0.880522	0.927302	
1.20928	1.44922	1.65546	1.82579	1.93452	1.9541	1.87836	1.72859	1.53594	1.30982	1.0485	0.780189	0.528457	0.303632	0.121023	0.0127233	-0.0194233	0.0235558	0.114232	0.233225	0.393744	0.589512	0.769881	0.897798	0.945506	
1.15826	1.40012	1.60851	1.76804	1.86161	1.87836	1.81347	1.67967	1.48794	1.2586	1.00175	0.73195	0.47222	0.240901	0.0576854	-0.0489073	-0.0774102	-0.0362444	0.0570591	0.181192	0.34289	0.534863	0.708719	0.829342	0.876441	
1.05238	1.29533	1.49654	1.64108	1.71607	1.72859	1.67967	1.56173	1.38159	1.15338	0.893341	0.616384	0.349223	0.110901	-0.0700188	-0.178617	-0.21086	-0.164071	-0.0622886	0.0716751	0.238304	0.422008	0.585215	0.697687	0.745371	
0.886124	1.13106	1.32205	1.45248	1.52366	1.53594	1.48794	1.38159	1.21394	0.989831	0.71939	0.432421	0.164939	-0.0647182	-0.24172	-0.354119	-0.387618	-0.335841	-0.224517	-0.0804813	0.0879593	0.259597	0.414277	0.527651	0.58264	
0.654345	0.905481	1.09498	1.22307	1.29631	1.30982	1.2586	1.15338	0.989831	0.760206	0.486951	0.198136	-0.0593562	-0.276275	-0.441685	-0.548368	-0.57727	-0.529131	-0.417525	-0.265547	-0.0952854	0.0711948	0.221934	0.339962	0.408449	
0.382247	0.632658	0.830952	0.96645	1.03713	1.0485	1.00175	0.893341	0.71939	0.486951	0.217238	-0.0581186	-0.308315	-0.516563	-0.661163	-0.745147	-0.764414	-0.712453	-0.601427	-0.445895	-0.269991	-0.107421	0.0406049	0.167396	0.250515	
0.0975837	0.342499	0.55081	0.693899	0.768245	0.780189	0.73195	0.616384	0.432421	0.198136	-0.0581186	-0.320765	-0.564484	-0.754494	-0.874956	-0.930507	-0.925854	-0.85694	-0.733149	-0.572198	-0.401944	-0.241752	-0.0944562	0.0331331	0.127977	
-0.15721	0.07984	0.281865	0.430794	0.514063	0.528457	0.47222	0.349223	0.164939	-0.0593562	-0.308315	-0.564484	-0.795587	-0.96648	-1.06289	-1.08524	-1.04	-0.936226	-0.791666	-0.631758	-0.472491	-0.3177	-0.175741	-0.0481456	0.0544312	
-0.369737	-0.145815	0.0457818	0.195431	0.287414	0.303632	0.240901	0.110901	-0.0647182	-0.276275	-0.516563	-0.754494	-0.96648	-1.11846	-1.19251	-1.1767	-1.08759	-0.947026	-0.785322	-0.620739	-0.46166	-0.31363	-0.18005	-0.0587569	0.0506176	
-0.528041	-0.319212	-0.134363	0.0130242	0.105177	0.121023	0.0576854	-0.0700188	-0.24172	-0.441685	-0.661163	-0.874956	-1.06289	-1.19251	-1.23991	-1.18586	-1.06142	-0.899908	-0.720241	-0.544642	-0.38695	-0.243383	-0.115964	0.00677797	0.124698	
-0.627824	-0.430654	-0.244864	-0.0935288	-0.00271468	0.0127233	-0.0489073	-0.178617	-0.354119	-0.548368	-0.745147	-0.930507	-1.08524	-1.1767	-1.18586	-1.11019	-0.971867	-0.8005	-0.610082	-0.428475	-0.271713	-0.12791	0.00889913	0.140797	0.261591	
-0.653692	-0.462926	-0.278283	-0.122793	-0.0336776	-0.0194233	-0.0774102	-0.21086	-0.387618	-0.57727	-0.764414	-0.925854	-1.04	-1.08759	-1.06142	-0.971867	-0.826388	-0.644358	-0.451454	-0.276364	-0.119252	0.0303316	0.174971	0.307018	0.422829	
-0.605653	-0.411718	-0.228829	-0.0809512	0.0088989	0.0235558	-0.0362444	-0.164071	-0.335841	-0.529131	-0.712453	-0.85694	-0.936226	-0.947026	-0.899908	-0.8005	-0.644358	-0.462461	-0.281365	-0.109967	0.0484325	0.201606	0.341442	0.460493	0.56102	
-0.495374	-0.298969	-0.122958	0.015714	0.0999453	0.114232	0.0570591	-0.0622886	-0.224517	-0.417525	-0.601427	-0.733149	-0.791666	-0.785322	-0.720241	-0.610082	-0.451454	-0.281365	-0.112986	0.0533187	0.210349	0.353731	0.480494	0.582514	0.663347	
-0.341749	-0.151661	0.0154316	0.143425	0.220398	0.233225	0.181192	0.0716751	-0.0804813	-0.265547	-0.445895	-0.572198	-0.631758	-0.620739	-0.544642	-0.428475	-0.276364	-0.109967	0.0533187	0.213786	0.358005	0.479784	0.584288	0.663471	0.714456	
-0.168601	0.0170638	0.183777	0.306391	0.38137	0.393744	0.34289	0.238304	0.0879593	-0.0952854	-0.269991	-0.401944	-0.472491	-0.46166	-0.38695	-0.271713	-0.119252	0.0484325	0.210349	0.358005	0.480063	0.577057	0.650651	0.690827	0.698848	
-0.00366327	0.186092	0.361828	0.496207	0.575832	0.589512	0.534863	0.422008	0.259597	0.0711948	-0.107421	-0.241752	-0.3177	-0.31363	-0.243383	-0.12791	0.0303316	0.201606	0.353731	0.479784	0.577057	0.638793	0.665221	0.65971	0.622099	
0.146247	0.338037	0.521311	0.665631	0.754528	0.769881	0.708719	0.585215	0.414277	0.221934	0.0406049	-0.0944562	-0.175741	-0.18005	-0.115964	0.00889913	0.174971	0.341442	0.480494	0.584288	0.650651	0.665221	0.640117	0.583654	0.502322	
0.267009	0.453235	0.633286	0.782459	0.880522	0.897798	0.829342	0.697687	0.527651	0.339962	0.167396	0.0331331	-0.0481456	-0.0587569	0.00677797	0.140797	0.307018	0.460493	0.582514	0.663471	0.690827	0.65971	0.583654	0.481979	0.358937	
0.341204	0.51258	0.68321	0.829219	0.927302	0.945506	0.876441	0.745371	0.58264	0.408449	0.250515	0.127977	0.0544312	0.0506176	0.124698	0.261591	0.422829	0.56102	0.663347	0.714456	0.698848	0.622099	0.502322	0.358937	0.205166	
