-0.404574	-0.414517	-0.435988	-0.457813	-0.472725	-0.475623	-0.464616	-0.44545	-0.422115	-0.407062	-0.40483	-0.412387	-0.428916	-0.463779	-0.498275	-0.525538	-0.557251	-0.584815	-0.57942	-0.540877	-0.478357	-0.377381	-0.242529	-0.0880943	0.0597331	
-0.462259	-0.475909	-0.496395	-0.516254	-0.530488	-0.532609	-0.52336	-0.504576	-0.483953	-0.466809	-0.456866	-0.455301	-0.467683	-0.49209	-0.514876	-0.537169	-0.56289	-0.584153	-0.583117	-0.561691	-0.517542	-0.444773	-0.338771	-0.214011	-0.0932211	
-0.516708	-0.527337	-0.537212	-0.54371	-0.548778	-0.548041	-0.547264	-0.539393	-0.53267	-0.520413	-0.508684	-0.495922	-0.500538	-0.507763	-0.517118	-0.529223	-0.548551	-0.553097	-0.548203	-0.534299	-0.507541	-0.457942	-0.380866	-0.286403	-0.193364	
-0.540531	-0.542212	-0.540093	-0.53405	-0.529006	-0.527123	-0.53229	-0.537645	-0.542389	-0.541903	-0.533953	-0.518941	-0.510281	-0.502277	-0.492634	-0.491308	-0.496698	-0.490228	-0.479751	-0.467386	-0.445043	-0.409265	-0.357114	-0.287031	-0.217243	
-0.510883	-0.504084	-0.494685	-0.484376	-0.474645	-0.473105	-0.479636	-0.490738	-0.500273	-0.50873	-0.51175	-0.501136	-0.482034	-0.459048	-0.434296	-0.416087	-0.405259	-0.389699	-0.375443	-0.360384	-0.331339	-0.291305	-0.245211	-0.196649	-0.154401	
-0.42368	-0.414607	-0.405221	-0.396602	-0.386616	-0.385964	-0.391165	-0.402267	-0.410067	-0.419995	-0.430192	-0.426034	-0.40263	-0.373989	-0.343405	-0.312437	-0.285177	-0.26139	-0.236968	-0.206563	-0.163218	-0.115015	-0.0656388	-0.0265612	-0.00970247	
-0.283243	-0.278425	-0.276218	-0.269724	-0.262653	-0.26151	-0.266332	-0.273921	-0.277665	-0.280607	-0.288695	-0.286567	-0.268335	-0.247096	-0.225887	-0.188711	-0.145522	-0.106729	-0.0692547	-0.013968	0.0461463	0.101746	0.146069	0.178494	0.17794	
-0.106264	-0.109073	-0.115088	-0.113852	-0.112457	-0.111684	-0.114017	-0.114677	-0.112223	-0.106596	-0.106592	-0.105593	-0.0980728	-0.091458	-0.0817109	-0.0487386	0.00863458	0.0642692	0.121687	0.191888	0.264559	0.321935	0.367004	0.391511	0.381073	
0.0762646	0.069357	0.0604553	0.0512501	0.044728	0.0425404	0.0478038	0.0564803	0.0660359	0.0735165	0.0790577	0.0770477	0.0734936	0.0717757	0.079673	0.107159	0.163036	0.225898	0.296651	0.378962	0.457314	0.513509	0.564255	0.593882	0.581937	
0.231973	0.227289	0.220758	0.20519	0.192543	0.189191	0.199314	0.215147	0.225431	0.229788	0.234215	0.232749	0.224317	0.226302	0.239321	0.261814	0.302568	0.358666	0.427393	0.515056	0.605444	0.670673	0.724366	0.757291	0.749452	
0.334902	0.331995	0.331015	0.321408	0.314154	0.31166	0.318755	0.327595	0.332744	0.332225	0.338684	0.340478	0.338213	0.345916	0.363852	0.376484	0.399585	0.444957	0.507294	0.590439	0.686048	0.772399	0.834208	0.865397	0.850489	
0.381873	0.376785	0.380183	0.3857	0.391086	0.392265	0.388406	0.382325	0.377592	0.378491	0.38836	0.397017	0.402128	0.412852	0.4267	0.433355	0.44754	0.483423	0.54133	0.617525	0.707724	0.799335	0.876271	0.912272	0.889814	
0.387441	0.381638	0.386319	0.399695	0.412864	0.415171	0.40608	0.390582	0.382268	0.38408	0.393918	0.401884	0.414671	0.425143	0.431039	0.435727	0.458417	0.489565	0.536329	0.603415	0.687965	0.77183	0.849912	0.895685	0.878396	
0.362483	0.361216	0.363878	0.371543	0.378655	0.379189	0.374961	0.366612	0.361461	0.361881	0.361803	0.361797	0.375267	0.392125	0.393732	0.399868	0.431793	0.468538	0.503846	0.559136	0.636441	0.71343	0.782857	0.827105	0.822853	
0.30704	0.310672	0.31117	0.308269	0.303446	0.301076	0.306033	0.31082	0.311812	0.308296	0.3015	0.291868	0.299256	0.317993	0.328713	0.340078	0.376258	0.415905	0.452446	0.503335	0.571541	0.641813	0.703377	0.740196	0.73819	
0.234453	0.237469	0.238998	0.231192	0.2218	0.218643	0.226951	0.236748	0.239585	0.235109	0.23118	0.221372	0.216635	0.227488	0.246254	0.269955	0.30727	0.345884	0.384937	0.440509	0.504965	0.56564	0.619916	0.65055	0.64343	
0.156143	0.156436	0.15952	0.15538	0.149705	0.148881	0.153014	0.158259	0.158061	0.155374	0.159912	0.156933	0.146109	0.146174	0.166619	0.195138	0.23353	0.27259	0.318051	0.377789	0.446094	0.503145	0.547805	0.570605	0.555522	
0.0826307	0.0799697	0.0850555	0.0861797	0.0871759	0.087329	0.0872957	0.0853398	0.0816646	0.0799069	0.0893505	0.0943165	0.088951	0.0878938	0.102349	0.126097	0.15998	0.2051	0.262566	0.331412	0.403644	0.463066	0.498815	0.508249	0.488176	
0.0225886	0.0189275	0.0219286	0.0282398	0.0328348	0.0338378	0.030478	0.0247151	0.0194615	0.0199384	0.027409	0.033977	0.0408791	0.0477852	0.053155	0.0648556	0.0987367	0.151267	0.219545	0.294073	0.366945	0.428353	0.465124	0.46762	0.438134	
-0.018548	-0.0258838	-0.0266189	-0.0197254	-0.01284	-0.012454	-0.0163383	-0.0243023	-0.026877	-0.0219284	-0.0176892	-0.0200186	-0.00874848	0.0107191	0.0151686	0.0184514	0.0531148	0.112217	0.180162	0.253995	0.32546	0.388827	0.433823	0.444296	0.411381	
-0.0449419	-0.0512546	-0.0536071	-0.0505129	-0.0494155	-0.0493048	-0.0500046	-0.0524745	-0.0531002	-0.047134	-0.0446762	-0.0536707	-0.0495081	-0.0241465	-0.00492208	0.0049805	0.0363245	0.0878324	0.149728	0.222486	0.301316	0.370579	0.420925	0.436999	0.400071	
-0.0709495	-0.0680555	-0.0636117	-0.0694146	-0.0787444	-0.0811607	-0.0734783	-0.0652463	-0.0653111	-0.0704581	-0.0698953	-0.0708652	-0.0690544	-0.0527696	-0.025559	0.00258818	0.0350377	0.0738609	0.125413	0.200045	0.289405	0.369981	0.419697	0.428547	0.386672	
-0.0950601	-0.0842129	-0.0766587	-0.0849918	-0.0972637	-0.0994421	-0.0907728	-0.0784754	-0.079263	-0.0917911	-0.0936234	-0.0823567	-0.0733413	-0.0685409	-0.0524761	-0.0176577	0.0271858	0.0692694	0.118415	0.186344	0.271871	0.355985	0.410817	0.417103	0.371737	
-0.0984968	-0.0995474	-0.0985938	-0.0989073	-0.098033	-0.0975741	-0.098355	-0.0986481	-0.0990709	-0.0999452	-0.0957878	-0.0886888	-0.0808143	-0.0743391	-0.064297	-0.036042	0.0138648	0.0708139	0.127839	0.190351	0.261358	0.338269	0.395645	0.40835	0.370116	
-0.0897946	-0.107752	-0.114006	-0.103913	-0.092516	-0.0897405	-0.0983493	-0.110936	-0.112866	-0.0974027	-0.0830922	-0.0883571	-0.0933116	-0.0786653	-0.0562749	-0.032341	0.00842696	0.066732	0.133497	0.200965	0.269214	0.336502	0.386929	0.400051	0.367155	
-0.096833	-0.111345	-0.112921	-0.105586	-0.101253	-0.100595	-0.103318	-0.110387	-0.113856	-0.103088	-0.0901177	-0.0946303	-0.0998606	-0.0820969	-0.0541875	-0.0298044	0.00301405	0.0561993	0.125921	0.203939	0.27928	0.343106	0.381125	0.38812	0.359657	
-0.111345	-0.105803	-0.100252	-0.104483	-0.113772	-0.115771	-0.108788	-0.101	-0.102536	-0.109489	-0.110027	-0.103854	-0.0913519	-0.0744002	-0.0578479	-0.0377844	-0.00149365	0.0531014	0.124569	0.205575	0.28355	0.343945	0.376618	0.382343	0.356298	
-0.112921	-0.100252	-0.0956808	-0.104802	-0.115276	-0.116906	-0.109837	-0.0982015	-0.096464	-0.108062	-0.116123	-0.106337	-0.0848298	-0.0674587	-0.0589914	-0.0403212	0.000680661	0.0588502	0.128113	0.206999	0.284034	0.346613	0.381125	0.386393	0.357044	
-0.105586	-0.104483	-0.104802	-0.107251	-0.109099	-0.109067	-0.108164	-0.105489	-0.104081	-0.105577	-0.105288	-0.101469	-0.09065	-0.0755959	-0.0593609	-0.0344939	0.00790336	0.0622839	0.126409	0.199858	0.278181	0.349533	0.393457	0.396579	0.353301	
-0.101253	-0.113772	-0.115276	-0.109099	-0.10522	-0.104188	-0.107302	-0.112988	-0.116011	-0.106862	-0.0945081	-0.0948721	-0.0998824	-0.0880615	-0.0620248	-0.0283886	0.0130942	0.0645303	0.123629	0.191883	0.269991	0.351475	0.405659	0.406827	0.351136	
-0.100595	-0.115771	-0.116906	-0.109067	-0.104188	-0.103156	-0.106282	-0.114304	-0.118335	-0.10742	-0.0913958	-0.0932117	-0.101443	-0.0911528	-0.0622564	-0.0276217	0.0140503	0.0646327	0.123584	0.189756	0.267015	0.350161	0.407455	0.409288	0.350353	
-0.103318	-0.108788	-0.109837	-0.108164	-0.107302	-0.106282	-0.107541	-0.109141	-0.110244	-0.105814	-0.0997478	-0.0980088	-0.0953955	-0.0813117	-0.0604524	-0.0312309	0.0103164	0.0637854	0.125495	0.196344	0.274237	0.350678	0.399643	0.401499	0.352556	
-0.110387	-0.101	-0.0982015	-0.105489	-0.112988	-0.114304	-0.109141	-0.100322	-0.097982	-0.107055	-0.112887	-0.105089	-0.0856972	-0.0694407	-0.0589202	-0.0387094	0.00348984	0.0601403	0.127735	0.204927	0.282693	0.347825	0.38498	0.389797	0.355769	
-0.113856	-0.102536	-0.096464	-0.104081	-0.116011	-0.118335	-0.110244	-0.097982	-0.098025	-0.109547	-0.115942	-0.105989	-0.0870432	-0.0696206	-0.0589262	-0.0399293	-0.00148424	0.0552037	0.126067	0.207246	0.285067	0.345071	0.377166	0.382765	0.357216	
-0.103088	-0.109489	-0.108062	-0.105577	-0.106862	-0.10742	-0.105814	-0.107055	-0.109547	-0.106101	-0.0981582	-0.0991069	-0.0975284	-0.0800779	-0.0554389	-0.0328589	0.000532077	0.0533372	0.12407	0.204028	0.280757	0.34315	0.378438	0.384849	0.357022	
-0.0901177	-0.110027	-0.116123	-0.105288	-0.0945081	-0.0913958	-0.0997478	-0.112887	-0.115942	-0.0981582	-0.0825372	-0.0898433	-0.0984025	-0.0809715	-0.0540745	-0.029507	0.00655419	0.0627624	0.131188	0.203001	0.274023	0.33993	0.385416	0.395138	0.36434	
-0.0946303	-0.103854	-0.106337	-0.101469	-0.0948721	-0.0932117	-0.0980088	-0.105089	-0.105989	-0.0991069	-0.0898433	-0.0883123	-0.0854312	-0.0761035	-0.062059	-0.0362988	0.0110584	0.0701647	0.13157	0.195055	0.262954	0.335666	0.390795	0.404851	0.369399	
-0.0998606	-0.0913519	-0.0848298	-0.09065	-0.0998824	-0.101443	-0.0953955	-0.0856972	-0.0870432	-0.0975284	-0.0984025	-0.0854312	-0.0749769	-0.0713894	-0.06064	-0.0274055	0.0214556	0.0700432	0.121548	0.185945	0.26544	0.347728	0.405064	0.413364	0.37017	
-0.0820969	-0.0744002	-0.0674587	-0.0755959	-0.0880615	-0.0911528	-0.0813117	-0.0694407	-0.0696206	-0.0800779	-0.0809715	-0.0761035	-0.0713894	-0.0606675	-0.036589	-0.00382257	0.0329153	0.0709841	0.119978	0.19267	0.282127	0.366176	0.417475	0.424256	0.37949	
-0.0541875	-0.0578479	-0.0589914	-0.0593609	-0.0620248	-0.0622564	-0.0604524	-0.0589202	-0.0589262	-0.0554389	-0.0540745	-0.062059	-0.06064	-0.036589	-0.0116201	0.00556268	0.0356838	0.0810551	0.138819	0.213004	0.297204	0.370491	0.420485	0.434343	0.39609	
-0.0298044	-0.0377844	-0.0403212	-0.0344939	-0.0283886	-0.0276217	-0.0312309	-0.0387094	-0.0399293	-0.0328589	-0.029507	-0.0362988	-0.0274055	-0.00382257	0.00556268	0.00978592	0.0429375	0.100441	0.166441	0.240456	0.313084	0.377581	0.42539	0.440156	0.406152	
0.00301405	-0.00149365	0.000680661	0.00790336	0.0130942	0.0140503	0.0103164	0.00348984	-0.00148424	0.000532077	0.00655419	0.0110584	0.0214556	0.0329153	0.0356838	0.0429375	0.0778429	0.133692	0.203495	0.277972	0.34978	0.411878	0.452181	0.456056	0.42433	
0.0561993	0.0531014	0.0588502	0.0622839	0.0645303	0.0646327	0.0637854	0.0601403	0.0552037	0.0533372	0.0627624	0.0701647	0.0700432	0.0709841	0.0810551	0.100441	0.133692	0.182279	0.244586	0.316435	0.389238	0.450436	0.484644	0.489179	0.46599	
0.125921	0.124569	0.128113	0.126409	0.123629	0.123584	0.125495	0.127735	0.126067	0.12407	0.131188	0.13157	0.121548	0.119978	0.138819	0.166441	0.203495	0.244586	0.293999	0.356804	0.427373	0.485476	0.525461	0.543205	0.526029	
0.203939	0.205575	0.206999	0.199858	0.191883	0.189756	0.196344	0.204927	0.207246	0.204028	0.203001	0.195055	0.185945	0.19267	0.213004	0.240456	0.277972	0.316435	0.356804	0.414325	0.479395	0.537613	0.588646	0.616712	0.606123	
0.27928	0.28355	0.284034	0.278181	0.269991	0.267015	0.274237	0.282693	0.285067	0.280757	0.274023	0.262954	0.26544	0.282127	0.297204	0.313084	0.34978	0.389238	0.427373	0.479395	0.544697	0.611114	0.670384	0.704286	0.700356	
0.343106	0.343945	0.346613	0.349533	0.351475	0.350161	0.350678	0.347825	0.345071	0.34315	0.33993	0.335666	0.347728	0.366176	0.370491	0.377581	0.411878	0.450436	0.485476	0.537613	0.611114	0.685251	0.751548	0.793189	0.791944	
0.381125	0.376618	0.381125	0.393457	0.405659	0.407455	0.399643	0.38498	0.377166	0.378438	0.385416	0.390795	0.405064	0.417475	0.420485	0.42539	0.452181	0.484644	0.525461	0.588646	0.670384	0.751548	0.825683	0.872806	0.860207	
0.38812	0.382343	0.386393	0.396579	0.406827	0.409288	0.401499	0.389797	0.382765	0.384849	0.395138	0.404851	0.413364	0.424256	0.434343	0.440156	0.456056	0.489179	0.543205	0.616712	0.704286	0.793189	0.872806	0.913455	0.891732	
0.359657	0.356298	0.357044	0.353301	0.351136	0.350353	0.352556	0.355769	0.357216	0.357022	0.36434	0.369399	0.37017	0.37949	0.39609	0.406152	0.42433	0.46599	0.526029	0.606123	0.700356	0.791944	0.860207	0.891732	0.873061	
