1.31792	1.30432	1.29247	1.28356	1.27844	1.27756	1.281	1.28846	1.29926	1.31232	1.32626	1.33932	1.34947	1.35443	1.3517	1.33863	1.31243	1.27025	1.2093	1.12714	1.02252	0.896468	0.753316	0.601208	0.451343	
1.18118	1.15122	1.12676	1.10914	1.09925	1.09759	1.10423	1.11886	1.14072	1.16867	1.20113	1.23613	1.27128	1.3039	1.33106	1.34974	1.35694	1.34981	1.32561	1.28144	1.21423	1.12118	1.00111	0.856252	0.693912	
0.931994	0.885547	0.848804	0.822896	0.808566	0.806194	0.815835	0.837233	0.869783	0.912515	0.964028	1.02242	1.08526	1.14956	1.21174	1.26788	1.31382	1.34549	1.35956	1.35351	1.32517	1.2721	1.19134	1.08022	0.938337	
0.591758	0.53422	0.489655	0.458696	0.441731	0.438925	0.45032	0.475777	0.515013	0.567474	0.632339	0.708336	0.793663	0.885923	0.98184	1.07734	1.16763	1.24691	1.30912	1.34922	1.3638	1.35106	1.30998	1.23923	1.13639	
0.214619	0.152691	0.105366	0.0728267	0.0550731	0.052084	0.0639109	0.0905098	0.131957	0.188105	0.258718	0.343257	0.440681	0.549483	0.667535	0.791524	0.917654	1.04105	1.15481	1.2509	1.32161	1.36092	1.36562	1.33533	1.27144	
-0.163068	-0.224184	-0.270127	-0.30133	-0.318285	-0.321164	-0.310047	-0.2847	-0.244793	-0.189763	-0.119296	-0.0330673	0.0687917	0.185304	0.315342	0.456422	0.604721	0.756835	0.908184	1.05194	1.17947	1.28107	1.34751	1.37197	1.35237	
-0.509741	-0.562313	-0.600626	-0.626178	-0.639865	-0.6421	-0.633268	-0.61259	-0.579709	-0.533022	-0.471378	-0.393383	-0.297603	-0.183572	-0.0517529	0.097651	0.260961	0.433308	0.610332	0.786534	0.955209	1.1083	1.23616	1.32805	1.37254	
-0.773669	-0.8098	-0.8349	-0.851073	-0.859327	-0.860637	-0.855132	-0.842238	-0.820928	-0.789654	-0.745887	-0.687443	-0.611874	-0.515931	-0.399282	-0.260319	-0.0980915	0.0833295	0.278687	0.48136	0.68304	0.875217	1.04917	1.19673	1.30903	
-0.929332	-0.945192	-0.954921	-0.959971	-0.962062	-0.962575	-0.960594	-0.957106	-0.949062	-0.936261	-0.914966	-0.882028	-0.83449	-0.767974	-0.678347	-0.565843	-0.426515	-0.259505	-0.0673575	0.14553	0.371147	0.598352	0.815087	1.00794	1.16984	
-0.97214	-0.965994	-0.958666	-0.951884	-0.947946	-0.947347	-0.94982	-0.955679	-0.96282	-0.969526	-0.973584	-0.971008	-0.956483	-0.927468	-0.875039	-0.796339	-0.689377	-0.550931	-0.381164	-0.182004	0.0430548	0.285538	0.534635	0.775554	0.985693	
-0.900259	-0.874753	-0.852444	-0.836838	-0.828101	-0.826199	-0.833215	-0.845306	-0.866106	-0.889696	-0.916656	-0.943569	-0.965008	-0.976006	-0.971525	-0.9407	-0.879153	-0.780999	-0.644343	-0.469845	-0.26154	-0.0238616	0.230801	0.497119	0.75845	
-0.75149	-0.714104	-0.685171	-0.665461	-0.654255	-0.652327	-0.660103	-0.675987	-0.701806	-0.736131	-0.777768	-0.823672	-0.874295	-0.919362	-0.956848	-0.975908	-0.969699	-0.927026	-0.842706	-0.710099	-0.532439	-0.311558	-0.0576791	0.208636	0.490511	
-0.57333	-0.535765	-0.508503	-0.488876	-0.47959	-0.477936	-0.483321	-0.500078	-0.522086	-0.557154	-0.601986	-0.656462	-0.719948	-0.790837	-0.86159	-0.92265	-0.965038	-0.977873	-0.950353	-0.876589	-0.746546	-0.568508	-0.332876	-0.0629099	0.218169	
-0.419077	-0.391897	-0.372441	-0.360254	-0.355376	-0.353449	-0.357779	-0.367455	-0.382978	-0.406543	-0.439194	-0.487686	-0.545209	-0.619485	-0.704891	-0.799466	-0.883318	-0.951631	-0.97904	-0.965498	-0.890989	-0.758946	-0.57474	-0.323483	-0.040759	
-0.333902	-0.318739	-0.312156	-0.309955	-0.305786	-0.306981	-0.308332	-0.30974	-0.317888	-0.326633	-0.342469	-0.368404	-0.408342	-0.465288	-0.538946	-0.635831	-0.742028	-0.848347	-0.934227	-0.977534	-0.974226	-0.893082	-0.753977	-0.550213	-0.284554	
-0.309332	-0.308761	-0.307845	-0.308557	-0.305954	-0.308258	-0.307314	-0.307182	-0.308539	-0.309062	-0.313731	-0.318176	-0.334568	-0.360248	-0.411481	-0.484151	-0.59037	-0.706049	-0.830088	-0.922078	-0.977098	-0.970288	-0.88424	-0.728239	-0.497654	
-0.316623	-0.317533	-0.312868	-0.310127	-0.311157	-0.308737	-0.310623	-0.313493	-0.313745	-0.318046	-0.319273	-0.319843	-0.323954	-0.326124	-0.340511	-0.375868	-0.450505	-0.560495	-0.693464	-0.827379	-0.927643	-0.978717	-0.957057	-0.85933	-0.674296	
-0.30685	-0.296033	-0.290846	-0.284243	-0.282523	-0.281238	-0.28245	-0.288306	-0.292711	-0.302923	-0.311328	-0.320084	-0.325789	-0.333897	-0.332229	-0.336841	-0.363902	-0.437542	-0.554406	-0.698355	-0.838545	-0.944476	-0.978932	-0.938043	-0.80918	
-0.268104	-0.25827	-0.250983	-0.245642	-0.24388	-0.243189	-0.245196	-0.24907	-0.254704	-0.263607	-0.277376	-0.292056	-0.30868	-0.327556	-0.339025	-0.335904	-0.333892	-0.363473	-0.443858	-0.57631	-0.72494	-0.867588	-0.959911	-0.974679	-0.901477	
-0.241179	-0.233097	-0.234478	-0.229867	-0.230802	-0.231271	-0.228935	-0.23381	-0.234119	-0.2366	-0.244959	-0.255428	-0.265293	-0.293165	-0.325537	-0.345437	-0.336395	-0.334641	-0.36927	-0.468303	-0.61543	-0.775241	-0.906473	-0.9729	-0.955654	
-0.237171	-0.238206	-0.236563	-0.234537	-0.232736	-0.234913	-0.233171	-0.233479	-0.238897	-0.236726	-0.238668	-0.249028	-0.247182	-0.250619	-0.280518	-0.323563	-0.341819	-0.33441	-0.338315	-0.395722	-0.513742	-0.675511	-0.835996	-0.943957	-0.976786	
-0.236399	-0.236305	-0.224563	-0.225639	-0.223406	-0.221608	-0.226631	-0.224336	-0.232329	-0.237574	-0.23509	-0.249316	-0.255334	-0.247828	-0.249051	-0.288876	-0.325242	-0.336339	-0.325936	-0.350685	-0.440671	-0.585659	-0.75692	-0.895945	-0.97268	
-0.220075	-0.217297	-0.200855	-0.210291	-0.203691	-0.199038	-0.211109	-0.200408	-0.211099	-0.220859	-0.219101	-0.23034	-0.255312	-0.2597	-0.243896	-0.259497	-0.30121	-0.328634	-0.327534	-0.328151	-0.385552	-0.507321	-0.681058	-0.841056	-0.950283	
-0.214927	-0.203559	-0.203004	-0.207058	-0.202956	-0.201065	-0.206922	-0.204771	-0.202411	-0.209021	-0.217274	-0.202577	-0.226005	-0.251265	-0.253557	-0.251271	-0.282568	-0.314942	-0.325128	-0.316208	-0.353658	-0.449154	-0.609808	-0.78361	-0.917698	
-0.215117	-0.200785	-0.210619	-0.202221	-0.200213	-0.205582	-0.19792	-0.209025	-0.205534	-0.205617	-0.223135	-0.212372	-0.2172	-0.230468	-0.243716	-0.24054	-0.269155	-0.302102	-0.323685	-0.314072	-0.330237	-0.40549	-0.551187	-0.729948	-0.8824	
-0.20475	-0.194084	-0.202142	-0.189583	-0.191046	-0.196379	-0.186086	-0.199951	-0.196658	-0.198871	-0.212673	-0.214589	-0.217544	-0.229291	-0.239575	-0.236255	-0.255743	-0.291944	-0.317363	-0.310844	-0.31819	-0.376427	-0.505382	-0.680929	-0.846088	
-0.194084	-0.190907	-0.191677	-0.188807	-0.188444	-0.190008	-0.187586	-0.19061	-0.190966	-0.191856	-0.199261	-0.20109	-0.211019	-0.228644	-0.241	-0.231794	-0.246108	-0.279853	-0.314095	-0.311889	-0.310255	-0.353446	-0.470314	-0.6441	-0.814332	
-0.202142	-0.191677	-0.201765	-0.189255	-0.190576	-0.196625	-0.185295	-0.200487	-0.195952	-0.194977	-0.209902	-0.206471	-0.20017	-0.212255	-0.236273	-0.233324	-0.242435	-0.273361	-0.308727	-0.311264	-0.30576	-0.340708	-0.445071	-0.613668	-0.789127	
-0.189583	-0.188807	-0.189255	-0.183489	-0.182985	-0.187178	-0.180547	-0.187148	-0.188593	-0.189032	-0.196452	-0.205992	-0.20827	-0.218305	-0.233621	-0.230695	-0.236204	-0.267521	-0.303354	-0.31072	-0.305889	-0.332073	-0.427798	-0.59374	-0.771316	
-0.191046	-0.188444	-0.190576	-0.182985	-0.185194	-0.187699	-0.181917	-0.18984	-0.18927	-0.189127	-0.196176	-0.203498	-0.201831	-0.214145	-0.232017	-0.230549	-0.236358	-0.264992	-0.304154	-0.31043	-0.30221	-0.327969	-0.420577	-0.582913	-0.760614	
-0.196379	-0.190008	-0.196625	-0.187178	-0.187699	-0.191904	-0.183841	-0.194127	-0.192387	-0.19224	-0.203366	-0.203308	-0.19857	-0.209701	-0.233868	-0.231513	-0.236102	-0.263814	-0.301157	-0.310953	-0.303316	-0.327558	-0.418009	-0.580456	-0.759999	
-0.186086	-0.187586	-0.185295	-0.180547	-0.181917	-0.183841	-0.180258	-0.184025	-0.186813	-0.186798	-0.191415	-0.204735	-0.208794	-0.219674	-0.232702	-0.229816	-0.235527	-0.266309	-0.303222	-0.310649	-0.305133	-0.329772	-0.424005	-0.588488	-0.765875	
-0.199951	-0.19061	-0.200487	-0.187148	-0.18984	-0.194127	-0.184025	-0.197573	-0.194642	-0.193658	-0.20745	-0.207112	-0.200985	-0.211736	-0.234479	-0.231426	-0.241583	-0.270378	-0.307788	-0.312112	-0.30301	-0.336568	-0.437925	-0.603922	-0.781561	
-0.196658	-0.190966	-0.195952	-0.188593	-0.18927	-0.192387	-0.186813	-0.194642	-0.191919	-0.19368	-0.203279	-0.202999	-0.206387	-0.222736	-0.239864	-0.233824	-0.243803	-0.2762	-0.310263	-0.310599	-0.310162	-0.348577	-0.458049	-0.630613	-0.804161	
-0.198871	-0.191856	-0.194977	-0.189032	-0.189127	-0.19224	-0.186798	-0.193658	-0.19368	-0.194839	-0.203422	-0.207069	-0.215762	-0.230857	-0.240088	-0.233375	-0.250841	-0.287075	-0.317474	-0.311849	-0.314072	-0.365362	-0.489786	-0.665415	-0.83326	
-0.212673	-0.199261	-0.209902	-0.196452	-0.196176	-0.203366	-0.191415	-0.20745	-0.203279	-0.203422	-0.223199	-0.218571	-0.218059	-0.226512	-0.240775	-0.238187	-0.263355	-0.298735	-0.320141	-0.313858	-0.324428	-0.391107	-0.531885	-0.710184	-0.867716	
-0.214589	-0.20109	-0.206471	-0.205992	-0.203498	-0.203308	-0.204735	-0.207112	-0.202999	-0.207069	-0.218571	-0.200892	-0.218588	-0.24318	-0.252008	-0.247388	-0.278027	-0.309518	-0.325369	-0.31287	-0.341845	-0.431607	-0.585788	-0.761333	-0.903189	
-0.217544	-0.211019	-0.20017	-0.20827	-0.201831	-0.19857	-0.208794	-0.200985	-0.206387	-0.215762	-0.218059	-0.218588	-0.24548	-0.258933	-0.248264	-0.254208	-0.291647	-0.323004	-0.325772	-0.323742	-0.3726	-0.481206	-0.651143	-0.817523	-0.937295	
-0.229291	-0.228644	-0.212255	-0.218305	-0.214145	-0.209701	-0.219674	-0.211736	-0.222736	-0.230857	-0.226512	-0.24318	-0.258933	-0.253691	-0.243422	-0.275031	-0.316317	-0.335046	-0.326875	-0.33864	-0.415504	-0.552907	-0.725665	-0.873733	-0.965987	
-0.239575	-0.241	-0.236273	-0.233621	-0.232017	-0.233868	-0.232702	-0.234479	-0.239864	-0.240088	-0.240775	-0.252008	-0.248264	-0.243422	-0.264587	-0.310388	-0.336991	-0.336284	-0.33076	-0.375973	-0.482088	-0.636595	-0.804442	-0.927077	-0.978104	
-0.236255	-0.231794	-0.233324	-0.230695	-0.230549	-0.231513	-0.229816	-0.231426	-0.233824	-0.233375	-0.238187	-0.247388	-0.254208	-0.275031	-0.310388	-0.340641	-0.341142	-0.332695	-0.353069	-0.433551	-0.571293	-0.736183	-0.880348	-0.963778	-0.967795	
-0.255743	-0.246108	-0.242435	-0.236204	-0.236358	-0.236102	-0.235527	-0.241583	-0.243803	-0.250841	-0.263355	-0.278027	-0.291647	-0.316317	-0.336991	-0.341142	-0.330991	-0.34674	-0.407805	-0.530908	-0.681834	-0.831078	-0.941526	-0.978739	-0.927726	
-0.291944	-0.279853	-0.273361	-0.267521	-0.264992	-0.263814	-0.266309	-0.270378	-0.2762	-0.287075	-0.298735	-0.309518	-0.323004	-0.335046	-0.336284	-0.332695	-0.34674	-0.402188	-0.506569	-0.647917	-0.793192	-0.918274	-0.977013	-0.956968	-0.850723	
-0.317363	-0.314095	-0.308727	-0.303354	-0.304154	-0.301157	-0.303222	-0.307788	-0.310263	-0.317474	-0.320141	-0.325369	-0.325772	-0.326875	-0.33076	-0.353069	-0.407805	-0.506569	-0.635762	-0.777914	-0.897873	-0.969943	-0.970285	-0.89675	-0.734001	
-0.310844	-0.311889	-0.311264	-0.31072	-0.31043	-0.310953	-0.310649	-0.312112	-0.310599	-0.311849	-0.313858	-0.31287	-0.323742	-0.33864	-0.375973	-0.433551	-0.530908	-0.647917	-0.777914	-0.889506	-0.961435	-0.979987	-0.921334	-0.786775	-0.572616	
-0.31819	-0.310255	-0.30576	-0.305889	-0.30221	-0.303316	-0.305133	-0.30301	-0.310162	-0.314072	-0.324428	-0.341845	-0.3726	-0.415504	-0.482088	-0.571293	-0.681834	-0.793192	-0.897873	-0.961435	-0.984408	-0.932996	-0.81151	-0.626451	-0.3746	
-0.376427	-0.353446	-0.340708	-0.332073	-0.327969	-0.327558	-0.329772	-0.336568	-0.348577	-0.365362	-0.391107	-0.431607	-0.481206	-0.552907	-0.636595	-0.736183	-0.831078	-0.918274	-0.969943	-0.979987	-0.932996	-0.817771	-0.653308	-0.420475	-0.141177	
-0.505382	-0.470314	-0.445071	-0.427798	-0.420577	-0.418009	-0.424005	-0.437925	-0.458049	-0.489786	-0.531885	-0.585788	-0.651143	-0.725665	-0.804442	-0.880348	-0.941526	-0.977013	-0.970285	-0.921334	-0.81151	-0.653308	-0.436693	-0.168792	0.113331	
-0.680929	-0.6441	-0.613668	-0.59374	-0.582913	-0.580456	-0.588488	-0.603922	-0.630613	-0.665415	-0.710184	-0.761333	-0.817523	-0.873733	-0.927077	-0.963778	-0.978739	-0.956968	-0.89675	-0.786775	-0.626451	-0.420475	-0.168792	0.0985934	0.379596	
-0.846088	-0.814332	-0.789127	-0.771316	-0.760614	-0.759999	-0.765875	-0.781561	-0.804161	-0.83326	-0.867716	-0.903189	-0.937295	-0.965987	-0.978104	-0.967795	-0.927726	-0.850723	-0.734001	-0.572616	-0.3746	-0.141177	0.113331	0.379596	0.654284	
