0.164601	0.277559	0.37179	0.436422	0.477729	0.485167	0.455616	0.40166	0.317828	0.211332	0.0916045	-0.0316688	-0.143165	-0.222113	-0.264314	-0.261798	-0.218583	-0.148112	-0.0580867	0.048331	0.170957	0.28192	0.378695	0.461919	0.525288	
-0.0173391	0.0624425	0.135254	0.185599	0.22437	0.233028	0.202294	0.158242	0.0934186	0.0147922	-0.0669818	-0.154188	-0.233325	-0.291994	-0.321805	-0.311168	-0.256353	-0.163937	-0.0556946	0.0644255	0.19447	0.310215	0.402952	0.483372	0.553294	
-0.204148	-0.160338	-0.12109	-0.090296	-0.0593128	-0.0508427	-0.0774738	-0.108116	-0.143704	-0.186707	-0.228891	-0.271737	-0.309846	-0.341974	-0.356388	-0.335269	-0.27257	-0.167483	-0.0437231	0.081426	0.212158	0.325364	0.415284	0.495928	0.57388	
-0.36008	-0.354885	-0.352961	-0.347342	-0.326675	-0.319935	-0.340143	-0.352363	-0.353953	-0.358197	-0.362323	-0.365566	-0.367695	-0.374734	-0.372743	-0.344065	-0.277253	-0.171741	-0.0458371	0.0820969	0.214612	0.327877	0.421236	0.504819	0.589774	
-0.459881	-0.489124	-0.519545	-0.539754	-0.537833	-0.534607	-0.54079	-0.530376	-0.501477	-0.470791	-0.446659	-0.423351	-0.394862	-0.381341	-0.371217	-0.342533	-0.282806	-0.190527	-0.0759837	0.051182	0.186681	0.307157	0.407578	0.496304	0.586469	
-0.498052	-0.546942	-0.596217	-0.633466	-0.647379	-0.648082	-0.641797	-0.613723	-0.567194	-0.517148	-0.472114	-0.429515	-0.383164	-0.356412	-0.354656	-0.345346	-0.3022	-0.224928	-0.124627	-0.00666201	0.12579	0.247062	0.351102	0.444345	0.540434	
-0.463585	-0.520718	-0.574763	-0.61407	-0.635805	-0.639011	-0.624844	-0.592531	-0.543845	-0.485724	-0.433828	-0.385469	-0.336619	-0.314584	-0.333073	-0.353685	-0.337258	-0.27852	-0.1924	-0.0923189	0.0239901	0.13553	0.235756	0.334885	0.443658	
-0.366653	-0.417812	-0.4587	-0.483655	-0.494358	-0.495584	-0.489531	-0.470138	-0.436809	-0.386239	-0.340815	-0.300411	-0.265222	-0.263726	-0.305852	-0.35872	-0.376362	-0.35313	-0.294122	-0.21589	-0.126388	-0.0262505	0.074799	0.186082	0.318038	
-0.225152	-0.252735	-0.271025	-0.271606	-0.261279	-0.258133	-0.267601	-0.27351	-0.262009	-0.236083	-0.208142	-0.181655	-0.171421	-0.197706	-0.265065	-0.348728	-0.409401	-0.433362	-0.416616	-0.36888	-0.303399	-0.218165	-0.117334	0.00810976	0.167387	
-0.0585093	-0.0552944	-0.0477707	-0.0243677	-0.000134455	0.00596203	-0.0136466	-0.0404411	-0.0536446	-0.0574508	-0.0574735	-0.0553056	-0.0745831	-0.133852	-0.226045	-0.335089	-0.434536	-0.506455	-0.540787	-0.534675	-0.501283	-0.436162	-0.334068	-0.190681	-0.00906056	
0.10239	0.136637	0.176459	0.223931	0.260466	0.267443	0.241406	0.195368	0.151363	0.115206	0.086985	0.0640691	0.0139479	-0.0756564	-0.195472	-0.333927	-0.468074	-0.581803	-0.658651	-0.693687	-0.696314	-0.655543	-0.560886	-0.407516	-0.206972	
0.254031	0.3151	0.384849	0.452056	0.495886	0.502505	0.473835	0.412684	0.342985	0.275996	0.22609	0.177385	0.0951293	-0.02145	-0.168702	-0.336396	-0.502605	-0.643139	-0.75413	-0.82464	-0.857347	-0.848923	-0.776116	-0.624803	-0.417188	
0.40304	0.48381	0.569221	0.642349	0.682311	0.689024	0.662279	0.601834	0.518229	0.433947	0.361868	0.285844	0.174823	0.0313818	-0.139476	-0.325002	-0.511508	-0.668933	-0.802491	-0.901822	-0.967446	-0.987008	-0.938873	-0.801704	-0.597388	
0.530806	0.626948	0.717463	0.783759	0.817572	0.822823	0.801021	0.748019	0.664547	0.569116	0.476874	0.378389	0.251739	0.0937141	-0.0898722	-0.282373	-0.476161	-0.648537	-0.795327	-0.915138	-1.0033	-1.04162	-1.0128	-0.89667	-0.710303	
0.621359	0.726027	0.812917	0.867258	0.895667	0.900154	0.88197	0.838221	0.763658	0.664148	0.5579	0.446959	0.321635	0.169092	-0.00859964	-0.194839	-0.384532	-0.566207	-0.727135	-0.860938	-0.966174	-1.02304	-1.00871	-0.916989	-0.760771	
0.66959	0.773942	0.853875	0.905142	0.929118	0.933492	0.917493	0.878228	0.809137	0.713217	0.602124	0.488057	0.374019	0.244033	0.0887092	-0.0812297	-0.259168	-0.435962	-0.6048	-0.750217	-0.870332	-0.943854	-0.95083	-0.8852	-0.76068	
0.668509	0.760497	0.837046	0.891434	0.916392	0.920689	0.904313	0.862232	0.793274	0.707222	0.606984	0.50402	0.410846	0.31277	0.190395	0.0395012	-0.12461	-0.2932	-0.456402	-0.607885	-0.742346	-0.828691	-0.853508	-0.81828	-0.72593	
0.628372	0.702301	0.767212	0.817259	0.845715	0.849954	0.831449	0.789454	0.729988	0.658556	0.580946	0.501521	0.427446	0.361424	0.275668	0.150542	0.00633191	-0.145888	-0.298694	-0.448549	-0.586433	-0.688264	-0.72636	-0.710752	-0.650936	
0.567449	0.617475	0.658169	0.693815	0.71721	0.722505	0.704949	0.673132	0.634576	0.588792	0.531689	0.475492	0.426035	0.382568	0.325398	0.240063	0.127351	-0.000371274	-0.136143	-0.27501	-0.410354	-0.518951	-0.572385	-0.572454	-0.537428	
0.485672	0.518522	0.541213	0.556056	0.575736	0.582365	0.562328	0.547612	0.5287	0.499574	0.462747	0.42882	0.402561	0.379775	0.349068	0.298977	0.230907	0.138868	0.0232559	-0.101646	-0.225805	-0.330303	-0.391985	-0.406331	-0.396936	
0.402443	0.424288	0.440509	0.446253	0.456056	0.4591	0.449238	0.444028	0.432226	0.411061	0.39043	0.372778	0.363755	0.361104	0.352953	0.339787	0.312919	0.259557	0.175322	0.0657068	-0.0411242	-0.136482	-0.198013	-0.225852	-0.243965	
0.327155	0.336694	0.354558	0.356873	0.356489	0.357978	0.355705	0.357811	0.344242	0.329055	0.327392	0.326287	0.329886	0.337625	0.352026	0.366408	0.367195	0.347624	0.297154	0.218268	0.133556	0.0506548	-0.0154208	-0.0593504	-0.103607	
0.265174	0.26258	0.273211	0.268837	0.262506	0.263165	0.264396	0.274395	0.266491	0.260791	0.275549	0.289167	0.305105	0.322581	0.350138	0.381768	0.404643	0.407285	0.386874	0.34656	0.290261	0.222604	0.149081	0.0807498	0.0109885	
0.214496	0.20034	0.190299	0.174501	0.161012	0.158516	0.167982	0.184871	0.196534	0.207592	0.227744	0.252605	0.282861	0.313853	0.349883	0.398215	0.442874	0.466757	0.470258	0.452954	0.419339	0.360594	0.281172	0.188824	0.088905	
0.164502	0.134111	0.105267	0.0770616	0.0563832	0.0532105	0.067282	0.0935499	0.122851	0.152349	0.183176	0.220502	0.264166	0.307871	0.359628	0.421042	0.48592	0.535514	0.56142	0.563891	0.536146	0.47392	0.379744	0.259491	0.130773	
0.114955	0.0640355	0.0149315	-0.0247213	-0.055169	-0.0603162	-0.0384539	-0.00188534	0.0431909	0.0953229	0.144569	0.194852	0.243344	0.300931	0.370783	0.451949	0.535969	0.60654	0.655642	0.675726	0.645815	0.572211	0.457807	0.314764	0.163397	
0.0640355	-0.011071	-0.0803561	-0.129597	-0.160194	-0.16606	-0.143417	-0.102681	-0.0408673	0.0344389	0.106286	0.175131	0.236393	0.30541	0.388206	0.479787	0.578391	0.670484	0.74144	0.775697	0.752288	0.672249	0.545969	0.383927	0.209271	
0.0149315	-0.0803561	-0.170996	-0.227381	-0.253652	-0.258348	-0.240601	-0.198805	-0.119052	-0.0221435	0.0688509	0.157739	0.239701	0.322655	0.404605	0.49873	0.610367	0.727061	0.814845	0.853702	0.836313	0.762018	0.633925	0.461565	0.262313	
-0.0247213	-0.129597	-0.227381	-0.29037	-0.311235	-0.312988	-0.303152	-0.257855	-0.170932	-0.0664526	0.0368076	0.135635	0.231962	0.322834	0.409044	0.508611	0.636846	0.773181	0.868106	0.906894	0.887334	0.82378	0.705615	0.53269	0.319099	
-0.055169	-0.160194	-0.253652	-0.311235	-0.327664	-0.329662	-0.321116	-0.281912	-0.200453	-0.0982072	0.0122906	0.119632	0.221991	0.319883	0.414316	0.524672	0.65912	0.799977	0.895706	0.930032	0.914249	0.85492	0.743616	0.576622	0.359307	
-0.0603162	-0.16606	-0.258348	-0.312988	-0.329662	-0.331277	-0.322132	-0.285967	-0.205986	-0.103457	0.00793	0.117096	0.221526	0.320607	0.416326	0.53078	0.664755	0.804642	0.900485	0.934301	0.918395	0.859605	0.749825	0.583482	0.366285	
-0.0384539	-0.143417	-0.240601	-0.303152	-0.321116	-0.322132	-0.314773	-0.27087	-0.184618	-0.0808836	0.0256636	0.127912	0.226276	0.320196	0.410619	0.513496	0.645954	0.786722	0.881565	0.919263	0.900978	0.839818	0.724594	0.554529	0.338892	
-0.00188534	-0.102681	-0.198805	-0.257855	-0.281912	-0.285967	-0.27087	-0.228093	-0.143719	-0.0411165	0.0552306	0.149106	0.238923	0.325807	0.407642	0.503429	0.621597	0.746814	0.839335	0.878903	0.860428	0.790717	0.666602	0.491931	0.285182	
0.0431909	-0.0408673	-0.119052	-0.170932	-0.200453	-0.205986	-0.184618	-0.143719	-0.0740058	0.0105283	0.0905767	0.168843	0.237553	0.312242	0.395796	0.488607	0.591953	0.694657	0.772881	0.809494	0.789196	0.71036	0.581707	0.414965	0.229562	
0.0953229	0.0344389	-0.0221435	-0.0664526	-0.0982072	-0.103457	-0.0808836	-0.0411165	0.0105283	0.0712319	0.129922	0.18587	0.23796	0.299876	0.377083	0.46346	0.554223	0.633164	0.691098	0.71797	0.689557	0.612562	0.492549	0.339922	0.180299	
0.144569	0.106286	0.0688509	0.0368076	0.0122906	0.00793	0.0256636	0.0552306	0.0905767	0.129922	0.16713	0.209638	0.25593	0.305998	0.363835	0.43336	0.505759	0.563519	0.599873	0.608795	0.580128	0.513745	0.410929	0.281777	0.142388	
0.194852	0.175131	0.157739	0.135635	0.119632	0.117096	0.127912	0.149106	0.168843	0.18587	0.209638	0.238673	0.275076	0.310663	0.353158	0.406212	0.459439	0.493756	0.505611	0.496265	0.467187	0.408388	0.325217	0.2217	0.110071	
0.243344	0.236393	0.239701	0.231962	0.221991	0.221526	0.226276	0.238923	0.237553	0.23796	0.25593	0.275076	0.296413	0.319166	0.348654	0.387862	0.419258	0.429639	0.419713	0.390676	0.344668	0.28164	0.205238	0.12804	0.0460748	
0.300931	0.30541	0.322655	0.322834	0.319883	0.320607	0.320196	0.325807	0.312242	0.299876	0.305998	0.310663	0.319166	0.329886	0.351505	0.373467	0.383545	0.37344	0.335529	0.273033	0.199854	0.123112	0.0540498	6.32695e-05	-0.0537857	
0.370783	0.388206	0.404605	0.409044	0.414316	0.416326	0.410619	0.407642	0.395796	0.377083	0.363835	0.353158	0.348654	0.351505	0.353035	0.352432	0.337615	0.299274	0.228471	0.12882	0.0301651	-0.0609403	-0.123864	-0.157057	-0.185213	
0.451949	0.479787	0.49873	0.508611	0.524672	0.53078	0.513496	0.503429	0.488607	0.46346	0.43336	0.406212	0.387862	0.373467	0.352432	0.317321	0.266764	0.189963	0.0855271	-0.0330157	-0.151138	-0.252244	-0.313579	-0.333642	-0.335896	
0.535969	0.578391	0.610367	0.636846	0.65912	0.664755	0.645954	0.621597	0.591953	0.554223	0.505759	0.459439	0.419258	0.383545	0.337615	0.266764	0.171392	0.0566113	-0.0716429	-0.205568	-0.337109	-0.445673	-0.503993	-0.50957	-0.483667	
0.60654	0.670484	0.727061	0.773181	0.799977	0.804642	0.786722	0.746814	0.694657	0.633164	0.563519	0.493756	0.429639	0.37344	0.299274	0.189963	0.0566113	-0.0875775	-0.233811	-0.379792	-0.517341	-0.623168	-0.667159	-0.65819	-0.609828	
0.655642	0.74144	0.814845	0.868106	0.895706	0.900485	0.881565	0.839335	0.772881	0.691098	0.599873	0.505611	0.419713	0.335529	0.228471	0.0855271	-0.0716429	-0.233811	-0.394068	-0.546779	-0.683466	-0.775816	-0.806624	-0.780198	-0.700943	
0.675726	0.775697	0.853702	0.906894	0.930032	0.934301	0.919263	0.878903	0.809494	0.71797	0.608795	0.496265	0.390676	0.273033	0.12882	-0.0330157	-0.205568	-0.379792	-0.546779	-0.695612	-0.822601	-0.901109	-0.915506	-0.86258	-0.751267	
0.645815	0.752288	0.836313	0.887334	0.914249	0.918395	0.900978	0.860428	0.789196	0.689557	0.580128	0.467187	0.344668	0.199854	0.0301651	-0.151138	-0.337109	-0.517341	-0.683466	-0.822601	-0.933217	-0.996834	-0.990888	-0.908926	-0.765825	
0.572211	0.672249	0.762018	0.82378	0.85492	0.859605	0.839818	0.790717	0.71036	0.612562	0.513745	0.408388	0.28164	0.123112	-0.0609403	-0.252244	-0.445673	-0.623168	-0.775816	-0.901109	-0.996834	-1.04254	-1.01883	-0.912814	-0.737425	
0.457807	0.545969	0.633925	0.705615	0.743616	0.749825	0.724594	0.666602	0.581707	0.492549	0.410929	0.325217	0.205238	0.0540498	-0.123864	-0.313579	-0.503993	-0.667159	-0.806624	-0.915506	-0.990888	-1.01883	-0.979906	-0.8498	-0.651162	
0.314764	0.383927	0.461565	0.53269	0.576622	0.583482	0.554529	0.491931	0.414965	0.339922	0.281777	0.2217	0.12804	6.32695e-05	-0.157057	-0.333642	-0.50957	-0.65819	-0.780198	-0.86258	-0.908926	-0.912814	-0.8498	-0.703904	-0.495675	
0.163397	0.209271	0.262313	0.319099	0.359307	0.366285	0.338892	0.285182	0.229562	0.180299	0.142388	0.110071	0.0460748	-0.0537857	-0.185213	-0.335896	-0.483667	-0.609828	-0.700943	-0.751267	-0.765825	-0.737425	-0.651162	-0.495675	-0.291398	
