-0.569848	-0.748312	-0.879646	-0.95942	-0.997942	-1.00425	-0.978908	-0.917443	-0.807277	-0.645443	-0.453168	-0.274475	-0.141984	-0.0566657	-0.0127958	-0.00818077	-0.0466287	-0.117775	-0.196524	-0.256031	-0.299954	-0.346863	-0.403695	-0.475576	-0.537337	
-0.40915	-0.558688	-0.671103	-0.73296	-0.767364	-0.774817	-0.748268	-0.701563	-0.608776	-0.472968	-0.306421	-0.146479	-0.0401083	0.0207604	0.0378633	0.0137246	-0.0491262	-0.137947	-0.22688	-0.296141	-0.352638	-0.412334	-0.474419	-0.542962	-0.607266	
-0.257123	-0.371229	-0.457981	-0.508321	-0.541567	-0.548447	-0.523165	-0.481644	-0.409591	-0.306674	-0.176545	-0.0568106	0.0221305	0.0571228	0.0513095	0.00742292	-0.0784866	-0.173702	-0.261494	-0.33025	-0.391005	-0.459159	-0.5243	-0.587913	-0.647338	
-0.131988	-0.210511	-0.267762	-0.313986	-0.347122	-0.352074	-0.330003	-0.28717	-0.235392	-0.166067	-0.0803963	-0.0073408	0.0412949	0.0559351	0.038947	-0.0182841	-0.112634	-0.209483	-0.288	-0.348185	-0.406605	-0.470768	-0.534843	-0.591549	-0.646001	
-0.0419007	-0.080856	-0.11549	-0.156977	-0.189616	-0.195481	-0.17258	-0.130774	-0.0948738	-0.057424	-0.0200628	0.00587913	0.0193826	0.0175143	-0.00446038	-0.0626638	-0.148223	-0.230989	-0.289347	-0.33214	-0.378781	-0.435312	-0.494797	-0.552258	-0.607238	
0.0127842	0.0182759	0.00707171	-0.0176742	-0.0454406	-0.0524617	-0.0296194	-0.00136982	0.0151272	0.0171911	0.00358906	-0.013558	-0.0345009	-0.0499254	-0.0707996	-0.119635	-0.183816	-0.241678	-0.275214	-0.29802	-0.328638	-0.368532	-0.416404	-0.470562	-0.525358	
0.0504301	0.095489	0.117305	0.11309	0.0973533	0.0941258	0.106329	0.118323	0.107503	0.0705522	0.0151824	-0.0450197	-0.0943868	-0.124244	-0.148346	-0.183384	-0.224598	-0.254418	-0.264271	-0.269878	-0.28456	-0.30648	-0.336763	-0.375507	-0.4233	
0.0874877	0.172598	0.226092	0.249965	0.250984	0.250209	0.252236	0.238749	0.198822	0.124068	0.030244	-0.0634378	-0.143529	-0.19293	-0.229858	-0.261707	-0.284211	-0.291876	-0.278431	-0.264397	-0.260522	-0.263263	-0.270647	-0.289574	-0.322874	
0.128568	0.254766	0.34675	0.406642	0.430145	0.431995	0.420127	0.374443	0.295703	0.181524	0.0489693	-0.074889	-0.181575	-0.257666	-0.309067	-0.346014	-0.361396	-0.351358	-0.324039	-0.290021	-0.264755	-0.248554	-0.233959	-0.227606	-0.238796	
0.1774	0.338239	0.4718	0.565273	0.611635	0.618735	0.589393	0.514761	0.396119	0.243136	0.0801863	-0.0721626	-0.201335	-0.301148	-0.372619	-0.415764	-0.432885	-0.421944	-0.386907	-0.344444	-0.305651	-0.274659	-0.246544	-0.215533	-0.20052	
0.237618	0.418691	0.580654	0.696177	0.758041	0.768874	0.727175	0.633215	0.487492	0.310571	0.129237	-0.0390549	-0.18596	-0.307639	-0.398099	-0.456649	-0.485952	-0.489787	-0.463465	-0.421822	-0.377874	-0.336128	-0.297789	-0.249511	-0.2084	
0.29533	0.486345	0.663078	0.789869	0.861889	0.873335	0.825399	0.721515	0.559511	0.372614	0.182487	0.00718886	-0.149967	-0.287897	-0.389923	-0.462165	-0.506447	-0.529995	-0.526351	-0.495983	-0.456749	-0.414508	-0.36731	-0.307627	-0.249829	
0.353189	0.537821	0.710729	0.836406	0.90579	0.917568	0.871098	0.768362	0.609713	0.428008	0.241107	0.0665137	-0.0984551	-0.24831	-0.361683	-0.443357	-0.499608	-0.54372	-0.558708	-0.550476	-0.526717	-0.486827	-0.442531	-0.374874	-0.303107	
0.397668	0.565392	0.720566	0.831655	0.893469	0.90402	0.86216	0.771256	0.630097	0.465271	0.29613	0.130032	-0.036101	-0.189928	-0.313195	-0.402604	-0.468341	-0.526415	-0.560943	-0.57369	-0.568223	-0.541486	-0.496205	-0.427725	-0.350463	
0.428258	0.56581	0.688136	0.775955	0.823674	0.831181	0.800182	0.728377	0.617371	0.484759	0.342664	0.195997	0.0393872	-0.11348	-0.240453	-0.33588	-0.40761	-0.471245	-0.521148	-0.555271	-0.575615	-0.569929	-0.534114	-0.471069	-0.391867	
0.445444	0.541925	0.62175	0.679678	0.709164	0.713539	0.695188	0.647832	0.576357	0.485857	0.381579	0.26529	0.129847	-0.0131918	-0.14092	-0.242379	-0.321885	-0.388372	-0.449808	-0.507585	-0.553397	-0.574784	-0.560307	-0.508765	-0.435466	
0.449504	0.503687	0.541496	0.567037	0.580326	0.582486	0.573887	0.552471	0.521199	0.472101	0.412029	0.329458	0.222633	0.0996198	-0.0303745	-0.13853	-0.226513	-0.299486	-0.369271	-0.444259	-0.513623	-0.560219	-0.565551	-0.536266	-0.477791	
0.442909	0.459734	0.463471	0.464024	0.464747	0.464861	0.464366	0.463387	0.462687	0.451393	0.424389	0.374224	0.300568	0.195468	0.0738091	-0.0412491	-0.138599	-0.211919	-0.291883	-0.37927	-0.463582	-0.528931	-0.553905	-0.544644	-0.505359	
0.420008	0.411889	0.392988	0.376226	0.370467	0.369607	0.372624	0.384938	0.405122	0.41864	0.416887	0.393653	0.348999	0.268197	0.155074	0.0375714	-0.0627327	-0.1392	-0.220331	-0.313071	-0.40181	-0.473587	-0.51217	-0.521131	-0.506111	
0.376878	0.349943	0.315342	0.288433	0.278047	0.277507	0.282175	0.302585	0.336918	0.367373	0.385935	0.386985	0.374239	0.324626	0.230389	0.123123	0.0266835	-0.0516323	-0.136287	-0.236231	-0.332931	-0.408267	-0.455527	-0.47949	-0.479464	
0.315384	0.269525	0.221279	0.184112	0.170708	0.169166	0.175917	0.204303	0.249668	0.298808	0.336419	0.366827	0.390295	0.375665	0.314741	0.224319	0.137626	0.0614114	-0.0334469	-0.141937	-0.245424	-0.328985	-0.382209	-0.414319	-0.428219	
0.245059	0.185074	0.124342	0.080418	0.0622098	0.0601759	0.0699604	0.103648	0.159969	0.221929	0.27737	0.332665	0.385003	0.407747	0.378945	0.317024	0.251703	0.180084	0.089973	-0.0219535	-0.131157	-0.216509	-0.279261	-0.321305	-0.344993	
0.168764	0.10929	0.049941	0.0106709	-0.00672418	-0.00878567	0.00116746	0.0312266	0.0847862	0.145322	0.203755	0.269625	0.340059	0.390694	0.398314	0.373917	0.3386	0.289569	0.213324	0.11385	0.0126971	-0.0721081	-0.137708	-0.191082	-0.227909	
0.102279	0.0513238	0.00268701	-0.0300408	-0.0434015	-0.0452192	-0.0374435	-0.0128705	0.030854	0.0822009	0.134259	0.198652	0.270773	0.335842	0.372645	0.382432	0.383172	0.363804	0.31579	0.245179	0.165529	0.0903952	0.0248002	-0.0355821	-0.0858043	
0.0443618	0.0033068	-0.0363962	-0.0583552	-0.0701906	-0.0718086	-0.0640836	-0.0475249	-0.0131977	0.0273025	0.0725169	0.131192	0.199814	0.272774	0.33088	0.374131	0.404028	0.411289	0.395441	0.356498	0.305768	0.252282	0.193888	0.132906	0.0793474	
-0.00322839	-0.040311	-0.0725856	-0.0911407	-0.101558	-0.103564	-0.0959521	-0.0815883	-0.0541223	-0.0189376	0.0240176	0.0781149	0.140736	0.214311	0.288161	0.353935	0.405405	0.436294	0.448283	0.448559	0.436788	0.410839	0.372902	0.318828	0.260285	
-0.040311	-0.0750265	-0.0999633	-0.116555	-0.126907	-0.12865	-0.121437	-0.107616	-0.0862208	-0.0555248	-0.0150936	0.031808	0.0842482	0.152692	0.235886	0.319132	0.389536	0.441528	0.486096	0.527877	0.558647	0.569058	0.551767	0.509177	0.447377	
-0.0725856	-0.0999633	-0.116267	-0.124743	-0.13315	-0.135209	-0.128051	-0.119839	-0.107833	-0.0851542	-0.0509845	-0.0135772	0.0288676	0.0909381	0.180484	0.27994	0.36328	0.434837	0.509176	0.590137	0.664865	0.712676	0.720006	0.686376	0.618097	
-0.0911407	-0.116555	-0.124743	-0.133103	-0.139748	-0.141274	-0.136035	-0.127558	-0.121441	-0.102996	-0.0715405	-0.0409644	-0.00835497	0.0474312	0.140826	0.247766	0.34283	0.427546	0.523217	0.635202	0.741327	0.815549	0.840438	0.815029	0.738639	
-0.101558	-0.126907	-0.13315	-0.139748	-0.146631	-0.14818	-0.14277	-0.134912	-0.131349	-0.113645	-0.0823123	-0.0539928	-0.0236925	0.0291196	0.124926	0.237286	0.334755	0.425192	0.531223	0.657557	0.781758	0.872569	0.907111	0.886101	0.805989	
-0.103564	-0.12865	-0.135209	-0.141274	-0.14818	-0.150184	-0.144079	-0.136734	-0.133217	-0.115473	-0.0840087	-0.0557072	-0.025877	0.0271241	0.122798	0.236429	0.334187	0.424715	0.532616	0.660998	0.787995	0.881599	0.918754	0.898013	0.817006	
-0.0959521	-0.121437	-0.128051	-0.136035	-0.14277	-0.144079	-0.139099	-0.130687	-0.125759	-0.10801	-0.0769276	-0.0475105	-0.0170855	0.0371356	0.131798	0.24082	0.338188	0.42596	0.527335	0.647049	0.762219	0.844164	0.873349	0.850562	0.771963	
-0.0815883	-0.107616	-0.119839	-0.127558	-0.134912	-0.136734	-0.130687	-0.122596	-0.114111	-0.093709	-0.0609786	-0.0274223	0.011403	0.0704809	0.161686	0.265579	0.353149	0.431121	0.515343	0.609991	0.699792	0.759633	0.775317	0.745314	0.673586	
-0.0541223	-0.0862208	-0.107833	-0.121441	-0.131349	-0.133217	-0.125759	-0.114111	-0.09586	-0.0683876	-0.0302981	0.0131659	0.0608258	0.127443	0.213157	0.303441	0.380254	0.439754	0.49759	0.555288	0.60379	0.629085	0.621375	0.582839	0.51853	
-0.0189376	-0.0555248	-0.0851542	-0.102996	-0.113645	-0.115473	-0.10801	-0.093709	-0.0683876	-0.0346388	0.00754738	0.0595136	0.118561	0.190357	0.268921	0.341661	0.400638	0.440295	0.464768	0.481683	0.487327	0.475068	0.445036	0.395708	0.335753	
0.0240176	-0.0150936	-0.0509845	-0.0715405	-0.0823123	-0.0840087	-0.0769276	-0.0609786	-0.0302981	0.00754738	0.0519997	0.107808	0.175109	0.249127	0.313829	0.368183	0.407065	0.424055	0.419685	0.395438	0.359082	0.31546	0.264322	0.205289	0.149877	
0.0781149	0.031808	-0.0135772	-0.0409644	-0.0539928	-0.0557072	-0.0475105	-0.0274223	0.0131659	0.0595136	0.107808	0.170939	0.240898	0.310216	0.356512	0.379586	0.393669	0.385212	0.350511	0.292429	0.223719	0.156183	0.0915728	0.0302275	-0.0222518	
0.140736	0.0842482	0.0288676	-0.00835497	-0.0236925	-0.025877	-0.0170855	0.011403	0.0608258	0.118561	0.175109	0.240898	0.314293	0.371539	0.39215	0.381969	0.360541	0.323604	0.256671	0.167795	0.0739618	-0.00824516	-0.073982	-0.130928	-0.173289	
0.214311	0.152692	0.0909381	0.0474312	0.0291196	0.0271241	0.0371356	0.0704809	0.127443	0.190357	0.249127	0.310216	0.371539	0.407439	0.392813	0.345779	0.291817	0.226948	0.141253	0.0319091	-0.0764079	-0.162044	-0.227246	-0.274173	-0.302634	
0.288161	0.235886	0.180484	0.140826	0.124926	0.122798	0.131798	0.161686	0.213157	0.268921	0.313829	0.356512	0.39215	0.392813	0.34512	0.263869	0.184257	0.108857	0.0136318	-0.0972846	-0.203244	-0.287854	-0.344827	-0.38066	-0.398328	
0.353935	0.319132	0.27994	0.247766	0.237286	0.236429	0.24082	0.265579	0.303441	0.341661	0.368183	0.379586	0.381969	0.345779	0.263869	0.162686	0.0693997	-0.00830543	-0.0975874	-0.20084	-0.301016	-0.379658	-0.429071	-0.457167	-0.462708	
0.405405	0.389536	0.36328	0.34283	0.334755	0.334187	0.338188	0.353149	0.380254	0.400638	0.407065	0.393669	0.360541	0.291817	0.184257	0.0693997	-0.0300759	-0.107912	-0.189006	-0.284372	-0.375317	-0.447459	-0.490326	-0.506214	-0.498086	
0.436294	0.441528	0.434837	0.427546	0.425192	0.424715	0.42596	0.431121	0.439754	0.440295	0.424055	0.385212	0.323604	0.226948	0.108857	-0.00830543	-0.107912	-0.181611	-0.263409	-0.353281	-0.439821	-0.50953	-0.540427	-0.538718	-0.509393	
0.448283	0.486096	0.509176	0.523217	0.531223	0.532616	0.527335	0.515343	0.49759	0.464768	0.419685	0.350511	0.256671	0.141253	0.0136318	-0.0975874	-0.189006	-0.263409	-0.337302	-0.417918	-0.495257	-0.550122	-0.563757	-0.543388	-0.491854	
0.448559	0.527877	0.590137	0.635202	0.657557	0.660998	0.647049	0.609991	0.555288	0.481683	0.395438	0.292429	0.167795	0.0319091	-0.0972846	-0.20084	-0.284372	-0.353281	-0.417918	-0.483638	-0.538853	-0.570765	-0.564569	-0.520873	-0.452825	
0.436788	0.558647	0.664865	0.741327	0.781758	0.787995	0.762219	0.699792	0.60379	0.487327	0.359082	0.223719	0.0739618	-0.0764079	-0.203244	-0.301016	-0.375317	-0.439821	-0.495257	-0.538853	-0.569716	-0.575149	-0.547087	-0.487151	-0.409267	
0.410839	0.569058	0.712676	0.815549	0.872569	0.881599	0.844164	0.759633	0.629085	0.475068	0.31546	0.156183	-0.00824516	-0.162044	-0.287854	-0.379658	-0.447459	-0.50953	-0.550122	-0.570765	-0.575149	-0.555288	-0.511741	-0.445263	-0.366619	
0.372902	0.551767	0.720006	0.840438	0.907111	0.918754	0.873349	0.775317	0.621375	0.445036	0.264322	0.0915728	-0.073982	-0.227246	-0.344827	-0.429071	-0.490326	-0.540427	-0.563757	-0.564569	-0.547087	-0.511741	-0.467754	-0.39799	-0.323588	
0.318828	0.509177	0.686376	0.815029	0.886101	0.898013	0.850562	0.745314	0.582839	0.395708	0.205289	0.0302275	-0.130928	-0.274173	-0.38066	-0.457167	-0.506214	-0.538718	-0.543388	-0.520873	-0.487151	-0.445263	-0.39799	-0.334841	-0.270637	
0.260285	0.447377	0.618097	0.738639	0.805989	0.817006	0.771963	0.673586	0.51853	0.335753	0.149877	-0.0222518	-0.173289	-0.302634	-0.398328	-0.462708	-0.498086	-0.509393	-0.491854	-0.452825	-0.409267	-0.366619	-0.323588	-0.270637	-0.222474	
