-0.843274	-0.81789	-0.768365	-0.699474	-0.627886	-0.561502	-0.501478	-0.448751	-0.410478	-0.384229	-0.365717	-0.337332	-0.293133	-0.22644	-0.139858	-0.0273157	0.109584	0.24472	0.369853	0.470916	0.531293	0.563704	0.582082	0.59844	0.640583	
-0.81789	-0.826124	-0.811857	-0.779819	-0.735687	-0.688662	-0.638755	-0.593024	-0.557356	-0.527043	-0.497701	-0.450591	-0.379194	-0.2851	-0.16902	-0.0316913	0.112256	0.25331	0.3812	0.48294	0.540367	0.570634	0.59517	0.620691	0.670211	
-0.768365	-0.811857	-0.836306	-0.837069	-0.820718	-0.798544	-0.763938	-0.726482	-0.686389	-0.643286	-0.597504	-0.528936	-0.424296	-0.296733	-0.151584	0.00397357	0.144538	0.279298	0.401308	0.490464	0.538003	0.557693	0.580464	0.622505	0.677375	
-0.699474	-0.779819	-0.837069	-0.869789	-0.881598	-0.881528	-0.869759	-0.835455	-0.778374	-0.712786	-0.638763	-0.542554	-0.410899	-0.252317	-0.0891216	0.0685066	0.199789	0.321267	0.420346	0.484727	0.509533	0.515029	0.537046	0.586819	0.650519	
-0.627886	-0.735687	-0.820718	-0.881598	-0.91975	-0.938961	-0.935644	-0.898011	-0.823005	-0.725401	-0.612463	-0.481885	-0.326406	-0.155619	0.00831263	0.152878	0.27086	0.369527	0.436319	0.471063	0.468274	0.456762	0.47042	0.515705	0.579285	
-0.561502	-0.688662	-0.798544	-0.881528	-0.938961	-0.970716	-0.959756	-0.901265	-0.798141	-0.66475	-0.517782	-0.355231	-0.188608	-0.0281145	0.117959	0.243203	0.339345	0.408937	0.441617	0.439066	0.414248	0.384359	0.381703	0.410085	0.468919	
-0.501478	-0.638755	-0.763938	-0.869759	-0.935644	-0.959756	-0.925469	-0.838012	-0.707674	-0.539807	-0.355192	-0.174429	-0.0103122	0.130112	0.248926	0.343549	0.403588	0.43375	0.431161	0.39405	0.344003	0.296298	0.269177	0.276213	0.318749	
-0.448751	-0.593024	-0.726482	-0.835455	-0.898011	-0.901265	-0.838012	-0.717101	-0.551442	-0.350523	-0.138105	0.048624	0.204582	0.321008	0.400818	0.450029	0.460075	0.444236	0.399657	0.327483	0.246395	0.178261	0.127556	0.111888	0.133109	
-0.410478	-0.557356	-0.686389	-0.778374	-0.823005	-0.798141	-0.707674	-0.551442	-0.34595	-0.116367	0.110944	0.301601	0.441674	0.529862	0.565705	0.551681	0.50317	0.434641	0.345619	0.240858	0.128698	0.0316324	-0.038005	-0.0738712	-0.0806032	
-0.384229	-0.527043	-0.643286	-0.712786	-0.725401	-0.66475	-0.539807	-0.350523	-0.116367	0.137342	0.363621	0.547672	0.667801	0.722492	0.708559	0.631533	0.524776	0.404935	0.272583	0.135384	0.00258538	-0.116456	-0.207721	-0.262826	-0.288672	
-0.365717	-0.497701	-0.597504	-0.638763	-0.612463	-0.517782	-0.355192	-0.138105	0.110944	0.363621	0.585897	0.752506	0.84178	0.855987	0.792682	0.667627	0.510951	0.347184	0.183484	0.0239589	-0.118655	-0.250376	-0.354893	-0.42177	-0.452564	
-0.337332	-0.450591	-0.528936	-0.542554	-0.481885	-0.355231	-0.174429	0.048624	0.301601	0.547672	0.752506	0.882243	0.928926	0.903509	0.805363	0.647803	0.461768	0.266191	0.0764689	-0.0882376	-0.227081	-0.353555	-0.457871	-0.522252	-0.551676	
-0.293133	-0.379194	-0.424296	-0.410899	-0.326406	-0.188608	-0.0103122	0.204582	0.441674	0.667801	0.84178	0.928926	0.932576	0.871333	0.746175	0.570878	0.3659	0.15539	-0.0391928	-0.197716	-0.327723	-0.429055	-0.51152	-0.564822	-0.586968	
-0.22644	-0.2851	-0.296733	-0.252317	-0.155619	-0.0281145	0.130112	0.321008	0.529862	0.722492	0.855987	0.903509	0.871333	0.775271	0.632931	0.444623	0.233378	0.0288589	-0.153481	-0.304235	-0.41328	-0.483964	-0.538981	-0.567852	-0.579605	
-0.139858	-0.16902	-0.151584	-0.0891216	0.00831263	0.117959	0.248926	0.400818	0.565705	0.708559	0.792682	0.805363	0.746175	0.632931	0.478615	0.284574	0.0791132	-0.111131	-0.274353	-0.407319	-0.489837	-0.527916	-0.542323	-0.546403	-0.548284	
-0.0273157	-0.0316913	0.00397357	0.0685066	0.152878	0.243203	0.343549	0.450029	0.551681	0.631533	0.667627	0.647803	0.570878	0.444623	0.284574	0.0921359	-0.0995882	-0.270032	-0.40408	-0.49912	-0.547869	-0.552489	-0.534128	-0.516781	-0.504153	
0.109584	0.112256	0.144538	0.199789	0.27086	0.339345	0.403588	0.460075	0.50317	0.524776	0.510951	0.461768	0.3659	0.233378	0.0791132	-0.0995882	-0.276863	-0.417975	-0.514504	-0.568088	-0.576664	-0.55215	-0.513888	-0.482042	-0.450652	
0.24472	0.25331	0.279298	0.321267	0.369527	0.408937	0.43375	0.444236	0.434641	0.404935	0.347184	0.266191	0.15539	0.0288589	-0.111131	-0.270032	-0.417975	-0.535975	-0.600135	-0.612487	-0.583311	-0.53282	-0.480936	-0.437013	-0.395211	
0.369853	0.3812	0.401308	0.420346	0.436319	0.441617	0.431161	0.399657	0.345619	0.272583	0.183484	0.0764689	-0.0391928	-0.153481	-0.274353	-0.40408	-0.514504	-0.600135	-0.639277	-0.624712	-0.576943	-0.507589	-0.444388	-0.388941	-0.338361	
0.470916	0.48294	0.490464	0.484727	0.471063	0.439066	0.39405	0.327483	0.240858	0.135384	0.0239589	-0.0882376	-0.197716	-0.304235	-0.407319	-0.49912	-0.568088	-0.612487	-0.624712	-0.599106	-0.547342	-0.47416	-0.408477	-0.34669	-0.292724	
0.531293	0.540367	0.538003	0.509533	0.468274	0.414248	0.344003	0.246395	0.128698	0.00258538	-0.118655	-0.227081	-0.327723	-0.41328	-0.489837	-0.547869	-0.576664	-0.583311	-0.576943	-0.547342	-0.49289	-0.429311	-0.367668	-0.30901	-0.264316	
0.563704	0.570634	0.557693	0.515029	0.456762	0.384359	0.296298	0.178261	0.0316324	-0.116456	-0.250376	-0.353555	-0.429055	-0.483964	-0.527916	-0.552489	-0.55215	-0.53282	-0.507589	-0.47416	-0.429311	-0.381461	-0.330327	-0.280754	-0.247798	
0.582082	0.59517	0.580464	0.537046	0.47042	0.381703	0.269177	0.127556	-0.038005	-0.207721	-0.354893	-0.457871	-0.51152	-0.538981	-0.542323	-0.534128	-0.513888	-0.480936	-0.444388	-0.408477	-0.367668	-0.330327	-0.291728	-0.25797	-0.245796	
0.59844	0.620691	0.622505	0.586819	0.515705	0.410085	0.276213	0.111888	-0.0738712	-0.262826	-0.42177	-0.522252	-0.564822	-0.567852	-0.546403	-0.516781	-0.482042	-0.437013	-0.388941	-0.34669	-0.30901	-0.280754	-0.25797	-0.25243	-0.267995	
0.640583	0.670211	0.677375	0.650519	0.579285	0.468919	0.318749	0.133109	-0.0806032	-0.288672	-0.452564	-0.551676	-0.586968	-0.579605	-0.548284	-0.504153	-0.450652	-0.395211	-0.338361	-0.292724	-0.264316	-0.247798	-0.245796	-0.267995	-0.306307	
0.70453	0.738836	0.745666	0.723702	0.65982	0.546172	0.376822	0.161777	-0.0776588	-0.306622	-0.479118	-0.574646	-0.603953	-0.592963	-0.556822	-0.499792	-0.43876	-0.376903	-0.314825	-0.27007	-0.252378	-0.242643	-0.248406	-0.284405	-0.332577	
0.777043	0.817086	0.828458	0.80788	0.737768	0.614143	0.427699	0.189764	-0.0729882	-0.319455	-0.501349	-0.600831	-0.632196	-0.618049	-0.580875	-0.520342	-0.449527	-0.380373	-0.314879	-0.269486	-0.254934	-0.252859	-0.265464	-0.300589	-0.345956	
0.847419	0.898884	0.91749	0.892331	0.808278	0.668589	0.466606	0.213752	-0.0633881	-0.321047	-0.512717	-0.623385	-0.663531	-0.650031	-0.612656	-0.547953	-0.469941	-0.389864	-0.317718	-0.26782	-0.251894	-0.26044	-0.281333	-0.316376	-0.358159	
0.904656	0.973206	0.995592	0.966431	0.870473	0.712416	0.492019	0.229227	-0.0512128	-0.312974	-0.520073	-0.647808	-0.694741	-0.690048	-0.647069	-0.57195	-0.488426	-0.40583	-0.334124	-0.283184	-0.259394	-0.264047	-0.285854	-0.318237	-0.36105	
0.947496	1.02528	1.05162	1.01482	0.905644	0.737304	0.511908	0.242874	-0.0438326	-0.314172	-0.528983	-0.669634	-0.726575	-0.721416	-0.669033	-0.586894	-0.496454	-0.415414	-0.351471	-0.303509	-0.271115	-0.272225	-0.288656	-0.312239	-0.352021	
0.957082	1.03471	1.06256	1.02302	0.91142	0.740781	0.515586	0.245883	-0.0419181	-0.314228	-0.532433	-0.675237	-0.733355	-0.726341	-0.673384	-0.590667	-0.499776	-0.416914	-0.354677	-0.308086	-0.275241	-0.274527	-0.290064	-0.311149	-0.34803	
0.923819	0.998278	1.02198	0.989892	0.888186	0.725468	0.501177	0.234755	-0.0479742	-0.313089	-0.522509	-0.656628	-0.708907	-0.70543	-0.658034	-0.578973	-0.49164	-0.410847	-0.34273	-0.292129	-0.263717	-0.266453	-0.286279	-0.315896	-0.358783	
0.872024	0.930076	0.950782	0.924025	0.835279	0.687184	0.47781	0.22087	-0.057688	-0.317352	-0.516404	-0.633031	-0.675358	-0.665662	-0.626548	-0.558718	-0.47848	-0.396102	-0.322057	-0.271053	-0.253972	-0.262236	-0.284149	-0.319298	-0.361158	
0.806041	0.850437	0.864634	0.842354	0.766234	0.637353	0.445198	0.199951	-0.0702454	-0.321945	-0.50657	-0.610006	-0.645019	-0.630079	-0.592663	-0.531559	-0.456603	-0.38321	-0.315944	-0.26849	-0.253578	-0.256739	-0.273122	-0.307367	-0.350933	
0.732658	0.768985	0.777144	0.756477	0.692034	0.575095	0.398369	0.1733	-0.075945	-0.31311	-0.489539	-0.585184	-0.614091	-0.601474	-0.564968	-0.505606	-0.441867	-0.377098	-0.313414	-0.268861	-0.253488	-0.246308	-0.253896	-0.290559	-0.338261	
0.664918	0.696502	0.70258	0.678154	0.610317	0.499181	0.34173	0.144963	-0.0799821	-0.295671	-0.462921	-0.560761	-0.5921	-0.584349	-0.550227	-0.500595	-0.442686	-0.384031	-0.324622	-0.279062	-0.255579	-0.242529	-0.245686	-0.275087	-0.319762	
0.611397	0.63796	0.643359	0.611396	0.538804	0.43036	0.290481	0.117322	-0.0796582	-0.276109	-0.436899	-0.536472	-0.576074	-0.573275	-0.546632	-0.511043	-0.468432	-0.419015	-0.367457	-0.323349	-0.287548	-0.264911	-0.250021	-0.256596	-0.283069	
0.587647	0.603723	0.59458	0.553929	0.485481	0.388967	0.266678	0.116354	-0.0560579	-0.233492	-0.387134	-0.489531	-0.53722	-0.553841	-0.545031	-0.526697	-0.501001	-0.462512	-0.422011	-0.384141	-0.344218	-0.309484	-0.276638	-0.253431	-0.251048	
0.572219	0.58113	0.565165	0.520691	0.458619	0.379849	0.282586	0.155239	-0.000262848	-0.158072	-0.295907	-0.398578	-0.464278	-0.508347	-0.535398	-0.546608	-0.536309	-0.511382	-0.480718	-0.445729	-0.403494	-0.361483	-0.315076	-0.270467	-0.245631	
0.546318	0.554069	0.547231	0.511753	0.462275	0.400504	0.323243	0.216461	0.0872411	-0.0463166	-0.173809	-0.279614	-0.370693	-0.444642	-0.509338	-0.554932	-0.570294	-0.564191	-0.550187	-0.519432	-0.468336	-0.410165	-0.352316	-0.296626	-0.255864	
0.50013	0.51146	0.514553	0.499317	0.473795	0.431509	0.374924	0.294744	0.195808	0.080227	-0.0342038	-0.145494	-0.253562	-0.353692	-0.446591	-0.52428	-0.57578	-0.604324	-0.609079	-0.5805	-0.52702	-0.457636	-0.392815	-0.330783	-0.279502	
0.414369	0.425974	0.441728	0.450411	0.454435	0.44395	0.41914	0.373425	0.305421	0.217864	0.117866	0.00703164	-0.106484	-0.218129	-0.332802	-0.447798	-0.54165	-0.610893	-0.638708	-0.619248	-0.56983	-0.495917	-0.429908	-0.371345	-0.317491	
0.29569	0.307049	0.331417	0.364747	0.400462	0.426811	0.437227	0.429656	0.400961	0.353628	0.281945	0.18835	0.07448	-0.0475203	-0.179401	-0.327547	-0.461275	-0.568615	-0.622922	-0.621264	-0.581317	-0.52267	-0.466401	-0.417199	-0.372907	
0.164872	0.169579	0.198552	0.250196	0.312805	0.370527	0.419327	0.457523	0.47816	0.478145	0.445271	0.384124	0.280994	0.149591	-0.000372438	-0.171798	-0.338936	-0.469615	-0.551944	-0.589519	-0.581825	-0.546448	-0.501439	-0.465339	-0.428289	
0.0260465	0.0253933	0.0620627	0.122853	0.203087	0.285505	0.371421	0.457721	0.534793	0.590526	0.607069	0.575357	0.491117	0.361294	0.20228	0.0140157	-0.172868	-0.332201	-0.451954	-0.529276	-0.562565	-0.555129	-0.527843	-0.503737	-0.483776	
-0.098515	-0.115439	-0.0881561	-0.0241874	0.0689002	0.17116	0.291285	0.42519	0.565764	0.683323	0.748224	0.747798	0.681383	0.562332	0.40425	0.209997	0.00962206	-0.173735	-0.326284	-0.446486	-0.516453	-0.540916	-0.539751	-0.534709	-0.531737	
-0.194421	-0.241838	-0.241395	-0.18663	-0.0880115	0.0324528	0.179706	0.356562	0.549935	0.725903	0.839986	0.872867	0.828722	0.723564	0.576353	0.384452	0.174522	-0.0243003	-0.199677	-0.34575	-0.444699	-0.502905	-0.543263	-0.561723	-0.569119	
-0.269195	-0.34456	-0.375201	-0.349391	-0.258879	-0.122895	0.0488755	0.25592	0.483553	0.696764	0.856884	0.927469	0.914901	0.839029	0.706403	0.525304	0.316445	0.106089	-0.0858031	-0.240996	-0.363913	-0.453178	-0.524514	-0.569198	-0.588053	
-0.321411	-0.42405	-0.490722	-0.494414	-0.422781	-0.288568	-0.10659	0.115022	0.364369	0.604429	0.797056	0.910044	0.939335	0.899678	0.789238	0.623611	0.428964	0.224829	0.0310206	-0.132602	-0.269061	-0.386168	-0.484397	-0.546126	-0.572165	
-0.356117	-0.482301	-0.574056	-0.604095	-0.562725	-0.453981	-0.281496	-0.0596264	0.192216	0.442803	0.661492	0.814835	0.887541	0.88582	0.806994	0.66728	0.496306	0.31808	0.14261	-0.0208749	-0.163115	-0.295291	-0.402193	-0.4692	-0.500415	
