0.504165	0.451412	0.414442	0.397741	0.384708	0.351859	0.307501	0.253974	0.185846	0.12033	0.0819499	0.0797756	0.0907858	0.104582	0.117324	0.136867	0.189286	0.279009	0.391908	0.509564	0.603023	0.646825	0.644832	0.608703	0.53794	
0.451412	0.44775	0.45153	0.461685	0.468174	0.447131	0.402694	0.341793	0.263501	0.192155	0.149803	0.138705	0.139024	0.1395	0.141628	0.158682	0.207391	0.28558	0.389837	0.50179	0.596861	0.642759	0.630228	0.57005	0.475398	
0.414442	0.45153	0.4938	0.536107	0.557602	0.549285	0.50293	0.43357	0.350898	0.272784	0.223303	0.199054	0.186181	0.17028	0.156432	0.158921	0.191969	0.255785	0.347484	0.443186	0.51812	0.549251	0.529062	0.459015	0.359123	
0.397741	0.461685	0.536107	0.603622	0.638282	0.64053	0.6036	0.534599	0.445634	0.356038	0.287749	0.248163	0.220073	0.187508	0.153801	0.139985	0.153338	0.203051	0.272429	0.339316	0.384906	0.398106	0.37292	0.303824	0.212023	
0.384708	0.468174	0.557602	0.638282	0.687779	0.704329	0.680371	0.619819	0.533615	0.437535	0.350675	0.285572	0.238017	0.189011	0.141987	0.113095	0.109315	0.135905	0.176839	0.215366	0.236091	0.235453	0.201921	0.142711	0.0706114	
0.351859	0.447131	0.549285	0.64053	0.704329	0.732199	0.719985	0.667892	0.588121	0.495108	0.399722	0.314904	0.245996	0.188677	0.132962	0.091627	0.0645269	0.0616969	0.0816317	0.0942868	0.0913656	0.0727178	0.0371451	0.00184464	-0.038661	
0.307501	0.402694	0.50293	0.6036	0.680371	0.719985	0.713738	0.677183	0.62136	0.541155	0.443247	0.351186	0.272562	0.205446	0.137445	0.0743294	0.0219267	-0.00194706	-0.0058738	-0.0222225	-0.0495981	-0.0827193	-0.109021	-0.116073	-0.120676	
0.253974	0.341793	0.43357	0.534599	0.619819	0.667892	0.677183	0.67044	0.648366	0.58825	0.494641	0.401379	0.318311	0.236274	0.153283	0.0685521	-0.00665919	-0.0591028	-0.0985531	-0.141028	-0.183986	-0.216466	-0.228261	-0.215115	-0.182426	
0.185846	0.263501	0.350898	0.445634	0.533615	0.588121	0.62136	0.648366	0.656672	0.623547	0.543549	0.453465	0.363097	0.261024	0.166656	0.0717432	-0.0308872	-0.119606	-0.192201	-0.253792	-0.298041	-0.322936	-0.319014	-0.281739	-0.224675	
0.12033	0.192155	0.272784	0.356038	0.437535	0.495108	0.541155	0.58825	0.623547	0.613417	0.55611	0.477977	0.388333	0.282302	0.179213	0.070562	-0.0548889	-0.174561	-0.270176	-0.346212	-0.396046	-0.408323	-0.385064	-0.325992	-0.248541	
0.0819499	0.149803	0.223303	0.287749	0.350675	0.399722	0.443247	0.494641	0.543549	0.55611	0.529833	0.473244	0.401681	0.309896	0.201687	0.0759938	-0.0663465	-0.209355	-0.327202	-0.418237	-0.473328	-0.478421	-0.443446	-0.369811	-0.271929	
0.0797756	0.138705	0.199054	0.248163	0.285572	0.314904	0.351186	0.401379	0.453465	0.477977	0.473244	0.444916	0.401783	0.327264	0.221694	0.0945584	-0.0567393	-0.219918	-0.364706	-0.470334	-0.528219	-0.537236	-0.497023	-0.411125	-0.291383	
0.0907858	0.139024	0.186181	0.220073	0.238017	0.245996	0.272562	0.318311	0.363097	0.388333	0.401681	0.401783	0.382767	0.323608	0.23164	0.111855	-0.0423949	-0.217884	-0.380416	-0.496254	-0.563618	-0.57748	-0.530354	-0.42772	-0.291912	
0.104582	0.1395	0.17028	0.187508	0.189011	0.188677	0.205446	0.236274	0.261024	0.282302	0.309896	0.327264	0.323608	0.288568	0.218895	0.113464	-0.0392523	-0.213166	-0.373072	-0.499477	-0.574728	-0.588547	-0.53338	-0.419	-0.264769	
0.117324	0.141628	0.156432	0.153801	0.141987	0.132962	0.137445	0.153283	0.166656	0.179213	0.201687	0.221694	0.23164	0.218895	0.172045	0.0859587	-0.0459464	-0.199691	-0.347395	-0.474751	-0.548656	-0.559098	-0.505794	-0.388296	-0.232356	
0.136867	0.158682	0.158921	0.139985	0.113095	0.091627	0.0743294	0.0685521	0.0717432	0.070562	0.0759938	0.0945584	0.111855	0.113464	0.0859587	0.0278237	-0.0708448	-0.196221	-0.323504	-0.434135	-0.49673	-0.498267	-0.439693	-0.328262	-0.182285	
0.189286	0.207391	0.191969	0.153338	0.109315	0.0645269	0.0219267	-0.00665919	-0.0308872	-0.0548889	-0.0663465	-0.0567393	-0.0423949	-0.0392523	-0.0459464	-0.0708448	-0.132918	-0.22009	-0.309506	-0.389569	-0.431034	-0.419331	-0.352157	-0.244821	-0.115898	
0.279009	0.28558	0.255785	0.203051	0.135905	0.0616969	-0.00194706	-0.0591028	-0.119606	-0.174561	-0.209355	-0.219918	-0.217884	-0.213166	-0.199691	-0.196221	-0.22009	-0.25837	-0.303656	-0.348371	-0.366612	-0.341084	-0.273106	-0.1724	-0.0599161	
0.391908	0.389837	0.347484	0.272429	0.176839	0.0816317	-0.0058738	-0.0985531	-0.192201	-0.270176	-0.327202	-0.364706	-0.380416	-0.373072	-0.347395	-0.323504	-0.309506	-0.303656	-0.311408	-0.324272	-0.318337	-0.278841	-0.21215	-0.120726	-0.0215523	
0.509564	0.50179	0.443186	0.339316	0.215366	0.0942868	-0.0222225	-0.141028	-0.253792	-0.346212	-0.418237	-0.470334	-0.496254	-0.499477	-0.474751	-0.434135	-0.389569	-0.348371	-0.324272	-0.306778	-0.275055	-0.223547	-0.161411	-0.0815486	0.00286221	
0.603023	0.596861	0.51812	0.384906	0.236091	0.0913656	-0.0495981	-0.183986	-0.298041	-0.396046	-0.473328	-0.528219	-0.563618	-0.574728	-0.548656	-0.49673	-0.431034	-0.366612	-0.318337	-0.275055	-0.227793	-0.171028	-0.115689	-0.0515988	0.019282	
0.646825	0.642759	0.549251	0.398106	0.235453	0.0727178	-0.0827193	-0.216466	-0.322936	-0.408323	-0.478421	-0.537236	-0.57748	-0.588547	-0.559098	-0.498267	-0.419331	-0.341084	-0.278841	-0.223547	-0.171028	-0.117814	-0.0724753	-0.0268461	0.0209913	
0.644832	0.630228	0.529062	0.37292	0.201921	0.0371451	-0.109021	-0.228261	-0.319014	-0.385064	-0.443446	-0.497023	-0.530354	-0.53338	-0.505794	-0.439693	-0.352157	-0.273106	-0.21215	-0.161411	-0.115689	-0.0724753	-0.0361159	-0.0143854	0.00376833	
0.608703	0.57005	0.459015	0.303824	0.142711	0.00184464	-0.116073	-0.215115	-0.281739	-0.325992	-0.369811	-0.411125	-0.42772	-0.419	-0.388296	-0.328262	-0.244821	-0.1724	-0.120726	-0.0815486	-0.0515988	-0.0268461	-0.0143854	-0.0258217	-0.0555098	
0.53794	0.475398	0.359123	0.212023	0.0706114	-0.038661	-0.120676	-0.182426	-0.224675	-0.248541	-0.271929	-0.291383	-0.291912	-0.264769	-0.232356	-0.182285	-0.115898	-0.0599161	-0.0215523	0.00286221	0.019282	0.0209913	0.00376833	-0.0555098	-0.136677	
0.446746	0.357639	0.237171	0.107879	-0.00492872	-0.0840106	-0.129087	-0.152922	-0.165167	-0.165187	-0.159588	-0.153057	-0.135141	-0.0993328	-0.0637716	-0.0279462	0.0203789	0.0617684	0.084042	0.0937137	0.0948469	0.0706596	0.0151732	-0.0883966	-0.228992	
0.360874	0.242494	0.114298	0.00131924	-0.0836122	-0.129772	-0.137874	-0.127188	-0.107167	-0.0779637	-0.0448178	-0.0150273	0.0130558	0.0529363	0.0895698	0.124044	0.164619	0.195283	0.207977	0.20039	0.171656	0.11339	0.0165598	-0.134472	-0.31991	
0.294504	0.15261	0.0177285	-0.0882994	-0.157641	-0.178687	-0.155547	-0.108595	-0.0565196	0.000694111	0.0563264	0.103393	0.138542	0.175749	0.219298	0.264567	0.301685	0.325394	0.330639	0.305979	0.248706	0.155758	0.017072	-0.178258	-0.401822	
0.263097	0.101758	-0.0448251	-0.154042	-0.218013	-0.222427	-0.174033	-0.10332	-0.0224399	0.059376	0.131932	0.186128	0.222617	0.264388	0.320151	0.373093	0.410569	0.428189	0.422116	0.386281	0.312846	0.196711	0.0235316	-0.203631	-0.456376	
0.256328	0.0837411	-0.0747373	-0.191523	-0.254311	-0.246687	-0.181627	-0.0948506	-0.000678998	0.0946435	0.178386	0.234198	0.27095	0.319377	0.381349	0.435969	0.478256	0.49611	0.478898	0.436822	0.359684	0.226317	0.0262196	-0.218402	-0.489664	
0.255099	0.080994	-0.078611	-0.197263	-0.260098	-0.251846	-0.182968	-0.0904726	0.00417808	0.101337	0.187148	0.243514	0.280849	0.330747	0.392103	0.447433	0.491127	0.509781	0.489358	0.44565	0.369394	0.231508	0.0261727	-0.22168	-0.495938	
0.258589	0.0915635	-0.0608168	-0.172961	-0.236337	-0.234528	-0.178165	-0.101233	-0.0124447	0.0769335	0.154529	0.208877	0.245331	0.290593	0.349938	0.403436	0.443258	0.46062	0.44912	0.410207	0.334551	0.210815	0.0254314	-0.210348	-0.471679	
0.277888	0.127198	-0.0117959	-0.117926	-0.18355	-0.197768	-0.163592	-0.105988	-0.0409762	0.0266495	0.0898353	0.140481	0.177313	0.214994	0.263713	0.312599	0.349516	0.37021	0.371763	0.342152	0.27555	0.172757	0.0189506	-0.19026	-0.427294	
0.330573	0.202821	0.0722938	-0.0370067	-0.114505	-0.149341	-0.144162	-0.117553	-0.0846315	-0.0447155	-0.00197695	0.0367823	0.0678139	0.106485	0.14471	0.183615	0.222127	0.24942	0.259438	0.244547	0.203314	0.129198	0.0162905	-0.154193	-0.355092	
0.411036	0.309467	0.185761	0.0644558	-0.0354727	-0.101579	-0.131925	-0.14314	-0.142214	-0.130586	-0.113135	-0.0976256	-0.0742664	-0.0362705	1.51994e-05	0.0329063	0.0771942	0.113699	0.131125	0.134678	0.125579	0.0891755	0.0165747	-0.104792	-0.265923	
0.502309	0.429727	0.312531	0.171476	0.0397862	-0.0574253	-0.123616	-0.169065	-0.200363	-0.216152	-0.22797	-0.236883	-0.23018	-0.197971	-0.164784	-0.120898	-0.0616319	-0.0125572	0.0187502	0.0375162	0.0491995	0.0411427	0.00947868	-0.0680376	-0.172503	
0.584687	0.535874	0.42187	0.26912	0.114909	-0.0126207	-0.117	-0.202877	-0.260301	-0.296457	-0.333027	-0.366535	-0.376567	-0.360874	-0.329235	-0.272001	-0.19535	-0.128228	-0.0811713	-0.0478909	-0.0229954	-0.00865117	-0.00724126	-0.0367309	-0.0868122	
0.634468	0.610852	0.506177	0.350082	0.180498	0.0227162	-0.113529	-0.226549	-0.307574	-0.365053	-0.41768	-0.467279	-0.49496	-0.493722	-0.465321	-0.400545	-0.312303	-0.235991	-0.17801	-0.131167	-0.0920772	-0.0545885	-0.0259667	-0.0161056	-0.0151773	
0.651018	0.644242	0.547341	0.393358	0.225618	0.059574	-0.0958249	-0.223991	-0.324971	-0.403789	-0.469253	-0.526985	-0.565666	-0.574732	-0.54641	-0.482116	-0.398964	-0.31823	-0.255207	-0.200916	-0.148427	-0.0984744	-0.0560588	-0.0192392	0.0171149	
0.627273	0.622782	0.535869	0.393891	0.239378	0.0861929	-0.0627024	-0.19866	-0.310479	-0.405353	-0.480891	-0.537957	-0.576561	-0.587783	-0.560485	-0.504857	-0.433364	-0.361837	-0.306065	-0.256301	-0.205486	-0.149631	-0.0977631	-0.0409013	0.022297	
0.551871	0.543811	0.477068	0.361096	0.225877	0.0949662	-0.0321021	-0.159266	-0.273531	-0.369869	-0.445325	-0.499133	-0.528746	-0.536728	-0.511679	-0.466328	-0.412037	-0.359978	-0.325255	-0.296264	-0.257132	-0.202431	-0.143277	-0.0687294	0.0101439	
0.439708	0.434509	0.386697	0.300702	0.193471	0.0884066	-0.0104804	-0.11464	-0.218516	-0.303565	-0.367075	-0.412555	-0.433268	-0.428633	-0.40289	-0.371316	-0.343732	-0.322253	-0.317197	-0.318284	-0.301298	-0.25676	-0.19071	-0.104018	-0.0106184	
0.322898	0.325312	0.289795	0.229402	0.151203	0.068644	-0.00341964	-0.0755739	-0.150237	-0.215552	-0.259396	-0.28146	-0.286833	-0.280088	-0.259693	-0.247978	-0.256518	-0.275784	-0.304822	-0.336364	-0.345098	-0.31419	-0.24676	-0.149804	-0.0430843	
0.220952	0.234606	0.213917	0.169231	0.116849	0.05912	0.00796024	-0.0301935	-0.0684149	-0.105081	-0.12501	-0.122112	-0.111667	-0.108436	-0.106872	-0.118905	-0.166139	-0.235076	-0.306376	-0.371915	-0.40406	-0.38658	-0.318704	-0.212734	-0.090695	
0.152856	0.17487	0.167901	0.140968	0.108373	0.0796296	0.0515841	0.0357772	0.0302422	0.0214154	0.0206088	0.0365979	0.054094	0.0568984	0.0377813	-0.00706731	-0.0907617	-0.20277	-0.316939	-0.416353	-0.471113	-0.46801	-0.405203	-0.296298	-0.156862	
0.123812	0.145339	0.154399	0.145476	0.12767	0.114164	0.111565	0.11943	0.129743	0.138231	0.153948	0.174	0.188048	0.182451	0.143281	0.0672139	-0.0521153	-0.194909	-0.336332	-0.45941	-0.530382	-0.537942	-0.483742	-0.368517	-0.215614	
0.109121	0.139036	0.163763	0.173094	0.169335	0.165628	0.177752	0.203362	0.222109	0.239428	0.267913	0.28789	0.289615	0.26445	0.204313	0.10507	-0.0407489	-0.208826	-0.364706	-0.492599	-0.568569	-0.581353	-0.526252	-0.409239	-0.251846	
0.0971313	0.13989	0.179825	0.207599	0.218855	0.223495	0.245106	0.285378	0.322849	0.347051	0.367725	0.376405	0.364209	0.313795	0.229609	0.115572	-0.039629	-0.216441	-0.380089	-0.501092	-0.571367	-0.586225	-0.535469	-0.426662	-0.283016	
0.083442	0.13832	0.193932	0.237009	0.265415	0.284331	0.31869	0.368107	0.418514	0.444347	0.445988	0.430279	0.398097	0.329371	0.227796	0.102539	-0.0498315	-0.219391	-0.373719	-0.483557	-0.545017	-0.555917	-0.513767	-0.42169	-0.295522	
0.0779757	0.142709	0.211226	0.268949	0.321244	0.364705	0.40479	0.455516	0.506896	0.525715	0.509471	0.463701	0.402964	0.3185	0.210321	0.0820242	-0.0651034	-0.216727	-0.345023	-0.441436	-0.497587	-0.503388	-0.466054	-0.387952	-0.280836	
