-0.817833	-0.77309	-0.738799	-0.725676	-0.733398	-0.735085	-0.727936	-0.730459	-0.757736	-0.799439	-0.843436	-0.853285	-0.798096	-0.680975	-0.512071	-0.308603	-0.0985152	0.0762558	0.188985	0.225371	0.20746	0.16356	0.105924	0.053458	0.0102324	
-0.986048	-0.964334	-0.95629	-0.964666	-0.979375	-0.983087	-0.970484	-0.958261	-0.958716	-0.976778	-0.996075	-0.983314	-0.916646	-0.791177	-0.613469	-0.401389	-0.18918	-0.0104154	0.104968	0.140626	0.119931	0.0707281	0.00804594	-0.0493983	-0.105552	
-1.08322	-1.0962	-1.11568	-1.14164	-1.16034	-1.16426	-1.15036	-1.1256	-1.10315	-1.08776	-1.07221	-1.02857	-0.945789	-0.818288	-0.640575	-0.432865	-0.229407	-0.0621805	0.0395476	0.0666316	0.0381329	-0.0176583	-0.0873587	-0.153839	-0.215677	
-1.09164	-1.14077	-1.18692	-1.2281	-1.25637	-1.25912	-1.24296	-1.20329	-1.16	-1.1113	-1.06147	-0.992474	-0.894571	-0.767696	-0.598753	-0.410029	-0.226409	-0.0860905	-0.00811928	-0.00274662	-0.0450809	-0.103263	-0.176193	-0.249839	-0.329076	
-1.01859	-1.0957	-1.16693	-1.2283	-1.27066	-1.27732	-1.24942	-1.19233	-1.1259	-1.04906	-0.973751	-0.886894	-0.781438	-0.654211	-0.502503	-0.34368	-0.194473	-0.0901927	-0.0382612	-0.0494976	-0.104172	-0.172846	-0.248764	-0.335023	-0.433887	
-0.888553	-0.9912	-1.08746	-1.16863	-1.22437	-1.2333	-1.19575	-1.12188	-1.03112	-0.930228	-0.827868	-0.729337	-0.618582	-0.498263	-0.37023	-0.24462	-0.134206	-0.0621846	-0.0388922	-0.0612146	-0.124726	-0.210967	-0.308258	-0.415976	-0.531734	
-0.732688	-0.85806	-0.974922	-1.06864	-1.12484	-1.13528	-1.09595	-1.01592	-0.906837	-0.78323	-0.65869	-0.547683	-0.443603	-0.338334	-0.237276	-0.143149	-0.0605585	-0.0108719	-0.00689285	-0.0431749	-0.117129	-0.216384	-0.333033	-0.465649	-0.598568	
-0.581472	-0.720729	-0.848689	-0.948387	-1.00181	-1.01016	-0.975873	-0.892814	-0.774134	-0.637313	-0.500096	-0.381676	-0.285766	-0.198825	-0.117492	-0.0461765	0.0145863	0.0454336	0.0366246	-0.00907152	-0.0931967	-0.202209	-0.327629	-0.468467	-0.613412	
-0.460345	-0.598368	-0.730123	-0.836229	-0.892762	-0.900536	-0.865745	-0.777104	-0.652409	-0.515642	-0.378599	-0.256632	-0.158918	-0.0774899	-0.00760263	0.0490956	0.0890602	0.100705	0.0813004	0.0316901	-0.0522751	-0.1687	-0.300238	-0.439791	-0.584426	
-0.370882	-0.504851	-0.637762	-0.74757	-0.809282	-0.818506	-0.778856	-0.686085	-0.558855	-0.42431	-0.292831	-0.170485	-0.0664815	0.0211526	0.0862539	0.129215	0.150535	0.146324	0.122378	0.0712187	-0.0115805	-0.127332	-0.258787	-0.395635	-0.527096	
-0.30329	-0.44469	-0.580041	-0.68785	-0.750461	-0.761158	-0.718771	-0.627538	-0.500457	-0.359598	-0.223854	-0.105269	-0.00171531	0.0861863	0.148961	0.184889	0.189735	0.172561	0.142679	0.0944842	0.0106317	-0.09969	-0.216367	-0.336245	-0.447989	
-0.257029	-0.413906	-0.556858	-0.66516	-0.731378	-0.74258	-0.697585	-0.604547	-0.474271	-0.318959	-0.171968	-0.0525087	0.045422	0.12758	0.185281	0.217148	0.217577	0.184229	0.14264	0.092539	0.0171187	-0.0783295	-0.174977	-0.26589	-0.351716	
-0.239022	-0.407912	-0.564721	-0.687078	-0.763727	-0.777673	-0.724044	-0.618267	-0.474054	-0.305226	-0.147491	-0.02032	0.0818542	0.16539	0.217138	0.240208	0.235334	0.197316	0.143973	0.0863614	0.0224245	-0.0493885	-0.12263	-0.188189	-0.244377	
-0.249391	-0.427171	-0.598768	-0.740154	-0.828453	-0.843041	-0.783678	-0.659961	-0.49839	-0.319415	-0.153159	-0.0134215	0.102729	0.195419	0.252666	0.26869	0.255211	0.219512	0.169665	0.108391	0.0449023	-0.0113304	-0.0613267	-0.103636	-0.136037	
-0.278852	-0.466981	-0.654071	-0.808747	-0.899673	-0.914134	-0.854039	-0.721945	-0.543588	-0.35291	-0.174056	-0.0153535	0.115835	0.220384	0.291861	0.318013	0.303141	0.264246	0.218288	0.159553	0.0940102	0.0386003	0.00271614	-0.0144832	-0.0262949	
-0.301952	-0.499334	-0.693121	-0.849599	-0.935358	-0.948763	-0.892702	-0.762807	-0.579213	-0.379555	-0.189351	-0.0161317	0.129321	0.245059	0.332565	0.377855	0.373904	0.334619	0.280365	0.221816	0.158271	0.0998591	0.0658746	0.0629052	0.0674772	
-0.29295	-0.490285	-0.676871	-0.822739	-0.904854	-0.917601	-0.864082	-0.741619	-0.567659	-0.371658	-0.178135	-0.000587835	0.153532	0.281137	0.379564	0.435288	0.444023	0.41068	0.351702	0.284149	0.220226	0.164734	0.127192	0.121825	0.127751	
-0.239786	-0.425733	-0.594187	-0.725218	-0.802612	-0.817712	-0.763214	-0.651656	-0.496048	-0.31518	-0.127583	0.0475794	0.201936	0.335697	0.435735	0.490251	0.500367	0.475349	0.418251	0.344028	0.271871	0.216174	0.184236	0.169993	0.165069	
-0.140929	-0.307344	-0.453193	-0.566578	-0.634777	-0.647032	-0.599986	-0.50276	-0.368356	-0.209609	-0.0374506	0.125327	0.270857	0.396936	0.488753	0.531706	0.534749	0.511753	0.461208	0.391468	0.315589	0.257394	0.229976	0.214273	0.194679	
-0.00813969	-0.146484	-0.270042	-0.365563	-0.415619	-0.424359	-0.390082	-0.313328	-0.198294	-0.0652915	0.082502	0.226973	0.352702	0.459126	0.531723	0.558342	0.546264	0.516085	0.467442	0.407509	0.342346	0.283105	0.250698	0.231105	0.205202	
0.150812	0.0460793	-0.0498348	-0.122338	-0.151937	-0.156173	-0.138123	-0.0840791	0.0066144	0.107278	0.222293	0.340434	0.438302	0.510514	0.553128	0.558128	0.528125	0.484353	0.429176	0.376704	0.327949	0.279203	0.241176	0.211386	0.182891	
0.33291	0.272983	0.217404	0.179114	0.17041	0.169451	0.172927	0.198331	0.250863	0.307462	0.375855	0.449393	0.505983	0.535747	0.536696	0.511028	0.461218	0.404279	0.345113	0.298081	0.266386	0.236271	0.2041	0.1682	0.132771	
0.533967	0.530108	0.531222	0.537557	0.547237	0.547565	0.542063	0.532974	0.530459	0.530901	0.541346	0.551597	0.550992	0.535213	0.493409	0.429139	0.352969	0.284321	0.22514	0.187668	0.167339	0.149932	0.130026	0.0955147	0.0550306	
0.746436	0.81146	0.882717	0.939756	0.967491	0.970574	0.954934	0.908427	0.840266	0.770476	0.712636	0.650486	0.579955	0.507443	0.421768	0.321535	0.220165	0.137919	0.0799135	0.0509752	0.0421826	0.0379283	0.0306343	0.00485193	-0.0407074	
0.971035	1.11724	1.25582	1.36243	1.42227	1.43151	1.39266	1.30321	1.17494	1.02929	0.886768	0.745755	0.602807	0.462066	0.324849	0.192932	0.0711864	-0.0252532	-0.0895875	-0.115383	-0.112532	-0.0996839	-0.0907542	-0.106135	-0.150105	
1.20789	1.43631	1.63164	1.78726	1.88877	1.90735	1.83594	1.69864	1.51946	1.30226	1.06494	0.834397	0.61801	0.41193	0.220374	0.0528072	-0.0908351	-0.20511	-0.277662	-0.30321	-0.290053	-0.260292	-0.240209	-0.246188	-0.281582	
1.43631	1.73403	1.98922	2.1901	2.31511	2.33802	2.25056	2.07711	1.84173	1.55979	1.24487	0.930704	0.640339	0.372406	0.132409	-0.0737124	-0.246616	-0.384171	-0.471668	-0.502249	-0.482786	-0.440999	-0.412567	-0.408821	-0.429311	
1.63164	1.98922	2.3105	2.55229	2.67846	2.69869	2.61659	2.41987	2.12384	1.77786	1.40738	1.0303	0.66819	0.337438	0.0517467	-0.187128	-0.384406	-0.544013	-0.651053	-0.694493	-0.674874	-0.619553	-0.574975	-0.556707	-0.567163	
1.78726	2.1901	2.55229	2.82099	2.95717	2.97892	2.89051	2.6746	2.34197	1.9522	1.53386	1.10716	0.694474	0.315731	-0.00808641	-0.274258	-0.490765	-0.66856	-0.790846	-0.847662	-0.831984	-0.767503	-0.705004	-0.668581	-0.674223	
1.88877	2.31511	2.67846	2.95717	3.11941	3.14862	3.03663	2.80225	2.46863	2.06645	1.61039	1.14552	0.711461	0.314366	-0.0297287	-0.316445	-0.551721	-0.743072	-0.872501	-0.931605	-0.920875	-0.857745	-0.787343	-0.738449	-0.736914	
1.90735	2.33802	2.69869	2.97892	3.14862	3.17955	3.06153	2.82194	2.49088	2.08775	1.62298	1.15087	0.712516	0.314496	-0.0330877	-0.323461	-0.562225	-0.75771	-0.886136	-0.944913	-0.934303	-0.872485	-0.802057	-0.750645	-0.747752	
1.83594	2.25056	2.61659	2.89051	3.03663	3.06153	2.96368	2.74034	2.40435	2.00674	1.57137	1.12726	0.70375	0.313542	-0.0204031	-0.295561	-0.520453	-0.704814	-0.831816	-0.8898	-0.876284	-0.812098	-0.745205	-0.70268	-0.705016	
1.69864	2.07711	2.41987	2.6746	2.80225	2.82194	2.74034	2.53561	2.22056	1.85307	1.46256	1.06495	0.679072	0.326059	0.0228946	-0.227284	-0.431491	-0.59862	-0.712748	-0.762937	-0.744334	-0.683774	-0.63127	-0.605797	-0.61457	
1.51946	1.84173	2.12384	2.34197	2.46863	2.49088	2.40435	2.22056	1.96004	1.65226	1.31325	0.971476	0.651211	0.358247	0.0997276	-0.121005	-0.304593	-0.451132	-0.546046	-0.581801	-0.561591	-0.514402	-0.480397	-0.471541	-0.486879	
1.30226	1.55979	1.77786	1.9522	2.06645	2.08775	2.00674	1.85307	1.65226	1.40885	1.13787	0.8714	0.625255	0.394457	0.183726	0.0003956	-0.155486	-0.278198	-0.355506	-0.381702	-0.365866	-0.331302	-0.308105	-0.31038	-0.340115	
1.06494	1.24487	1.40738	1.53386	1.61039	1.62298	1.57137	1.46256	1.31325	1.13787	0.957066	0.781952	0.608938	0.441339	0.281866	0.136631	0.0075105	-0.0960343	-0.162877	-0.189028	-0.181465	-0.161098	-0.146583	-0.158156	-0.199923	
0.834397	0.930704	1.0303	1.10716	1.14552	1.15087	1.12726	1.06495	0.971476	0.8714	0.781952	0.689346	0.591091	0.49087	0.385077	0.272393	0.162916	0.0756292	0.0144268	-0.0125518	-0.0165342	-0.0140918	-0.014913	-0.0365022	-0.0823481	
0.61801	0.640339	0.66819	0.694474	0.711461	0.712516	0.70375	0.679072	0.651211	0.625255	0.608938	0.591091	0.56304	0.526932	0.467608	0.388304	0.301993	0.227658	0.170205	0.136668	0.120891	0.10806	0.0925568	0.061015	0.0186783	
0.41193	0.372406	0.337438	0.315731	0.314366	0.314496	0.313542	0.326059	0.358247	0.394457	0.441339	0.49087	0.526932	0.538895	0.5232	0.482346	0.421636	0.36037	0.300771	0.25721	0.229952	0.205687	0.178576	0.14238	0.104627	
0.220374	0.132409	0.0517467	-0.00808641	-0.0297287	-0.0330877	-0.0204031	0.0228946	0.0997276	0.183726	0.281866	0.385077	0.467608	0.5232	0.549964	0.54404	0.50702	0.458176	0.400946	0.349844	0.30817	0.267844	0.230882	0.197558	0.165979	
0.0528072	-0.0737124	-0.187128	-0.274258	-0.316445	-0.323461	-0.295561	-0.227284	-0.121005	0.0003956	0.136631	0.272393	0.388304	0.482346	0.54404	0.563026	0.544187	0.509062	0.457706	0.401004	0.342256	0.285516	0.249934	0.226427	0.200406	
-0.0908351	-0.246616	-0.384406	-0.490765	-0.551721	-0.562225	-0.520453	-0.431491	-0.304593	-0.155486	0.0075105	0.162916	0.301993	0.421636	0.50702	0.544187	0.541949	0.517056	0.468529	0.403211	0.330007	0.270403	0.241598	0.225735	0.201872	
-0.20511	-0.384171	-0.544013	-0.66856	-0.743072	-0.75771	-0.704814	-0.59862	-0.451132	-0.278198	-0.0960343	0.0756292	0.227658	0.36037	0.458176	0.509062	0.517056	0.49363	0.439259	0.365571	0.29003	0.233901	0.205091	0.188768	0.178213	
-0.277662	-0.471668	-0.651053	-0.790846	-0.872501	-0.886136	-0.831816	-0.712748	-0.546046	-0.355506	-0.162877	0.0144268	0.170205	0.300771	0.400946	0.457706	0.468529	0.439259	0.380208	0.308439	0.241614	0.187136	0.150739	0.141529	0.143822	
-0.30321	-0.502249	-0.694493	-0.847662	-0.931605	-0.944913	-0.8898	-0.762937	-0.581801	-0.381702	-0.189028	-0.0125518	0.136668	0.25721	0.349844	0.401004	0.403211	0.365571	0.308439	0.247052	0.184069	0.126427	0.0907636	0.0885076	0.0960684	
-0.290053	-0.482786	-0.674874	-0.831984	-0.920875	-0.934303	-0.876284	-0.744334	-0.561591	-0.365866	-0.181465	-0.0165342	0.120891	0.229952	0.30817	0.342256	0.330007	0.29003	0.241614	0.184069	0.119281	0.0616841	0.0280093	0.0186935	0.0141456	
-0.260292	-0.440999	-0.619553	-0.767503	-0.857745	-0.872485	-0.812098	-0.683774	-0.514402	-0.331302	-0.161098	-0.0140918	0.10806	0.205687	0.267844	0.285516	0.270403	0.233901	0.187136	0.126427	0.0616841	0.0073839	-0.035701	-0.0677183	-0.0921286	
-0.240209	-0.412567	-0.574975	-0.705004	-0.787343	-0.802057	-0.745205	-0.63127	-0.480397	-0.308105	-0.146583	-0.014913	0.0925568	0.178576	0.230882	0.249934	0.241598	0.205091	0.150739	0.0907636	0.0280093	-0.035701	-0.0991218	-0.1555	-0.200768	
-0.246188	-0.408821	-0.556707	-0.668581	-0.738449	-0.750645	-0.70268	-0.605797	-0.471541	-0.31038	-0.158156	-0.0365022	0.061015	0.14238	0.197558	0.226427	0.225735	0.188768	0.141529	0.0885076	0.0186935	-0.0677183	-0.1555	-0.235568	-0.309569	
-0.281582	-0.429311	-0.567163	-0.674223	-0.736914	-0.747752	-0.705016	-0.61457	-0.486879	-0.340115	-0.199923	-0.0823481	0.0186783	0.104627	0.165979	0.200406	0.201872	0.178213	0.143822	0.0960684	0.0141456	-0.0921286	-0.200768	-0.309569	-0.411401	
