0.89871	0.772154	0.599447	0.395657	0.182072	-0.020732	-0.190184	-0.320291	-0.400272	-0.422866	-0.414663	-0.396918	-0.371533	-0.328214	-0.274255	-0.22338	-0.192803	-0.203263	-0.266137	-0.36154	-0.456677	-0.52875	-0.5942	-0.665969	-0.740078	
0.772154	0.668173	0.525978	0.346809	0.145451	-0.0477273	-0.214248	-0.347023	-0.430143	-0.461054	-0.460561	-0.451427	-0.430029	-0.392763	-0.343772	-0.287044	-0.243911	-0.233675	-0.264346	-0.320269	-0.372172	-0.415614	-0.461047	-0.518412	-0.594999	
0.599447	0.525978	0.41738	0.265938	0.0881096	-0.0824926	-0.233419	-0.349854	-0.423243	-0.460029	-0.467314	-0.462374	-0.449804	-0.423113	-0.385945	-0.3334	-0.283573	-0.258072	-0.25909	-0.274973	-0.292884	-0.317061	-0.351024	-0.402447	-0.47648	
0.395657	0.346809	0.265938	0.144654	0.00265764	-0.133765	-0.248993	-0.329986	-0.37764	-0.407367	-0.420457	-0.425176	-0.429241	-0.425143	-0.408248	-0.366703	-0.317783	-0.275349	-0.247922	-0.238193	-0.232287	-0.244618	-0.277723	-0.329674	-0.402545	
0.182072	0.145451	0.0881096	0.00265764	-0.0974092	-0.185976	-0.252301	-0.287302	-0.303113	-0.315691	-0.328038	-0.341581	-0.365351	-0.382364	-0.389173	-0.369535	-0.330365	-0.281851	-0.244994	-0.226165	-0.209374	-0.208611	-0.237748	-0.287117	-0.360602	
-0.020732	-0.0477273	-0.0824926	-0.133765	-0.185976	-0.218722	-0.227115	-0.21453	-0.192797	-0.180398	-0.18926	-0.216139	-0.262118	-0.30393	-0.332511	-0.338234	-0.3138	-0.270072	-0.236514	-0.218603	-0.19699	-0.189806	-0.214048	-0.264012	-0.340149	
-0.190184	-0.214248	-0.233419	-0.248993	-0.252301	-0.227115	-0.177505	-0.113169	-0.0475377	-0.00403028	-0.0070637	-0.0490316	-0.117444	-0.184606	-0.239901	-0.270298	-0.270416	-0.249301	-0.224814	-0.204651	-0.182748	-0.170248	-0.190431	-0.243001	-0.322151	
-0.320291	-0.347023	-0.349854	-0.329986	-0.287302	-0.21453	-0.113169	0.00246835	0.114059	0.185005	0.192186	0.147724	0.0635409	-0.0332676	-0.112268	-0.170152	-0.207577	-0.216166	-0.204928	-0.183798	-0.162281	-0.152924	-0.173269	-0.225441	-0.311997	
-0.400272	-0.430143	-0.423243	-0.37764	-0.303113	-0.192797	-0.0475377	0.114059	0.258234	0.347329	0.375225	0.337751	0.243362	0.128093	0.0323452	-0.050078	-0.115846	-0.15101	-0.152745	-0.140149	-0.132811	-0.139375	-0.168932	-0.230144	-0.319293	
-0.422866	-0.461054	-0.460029	-0.407367	-0.315691	-0.180398	-0.00403028	0.185005	0.347329	0.459086	0.513484	0.489351	0.401466	0.289694	0.18612	0.0884634	0.00433081	-0.0466437	-0.0671655	-0.0759372	-0.0896569	-0.115317	-0.163389	-0.238323	-0.332884	
-0.414663	-0.460561	-0.467314	-0.420457	-0.328038	-0.18926	-0.0070637	0.192186	0.375225	0.513484	0.589005	0.580652	0.511685	0.416814	0.318436	0.219758	0.137459	0.0827483	0.0410377	0.00418899	-0.0282638	-0.0768148	-0.151258	-0.245279	-0.355335	
-0.396918	-0.451427	-0.462374	-0.425176	-0.341581	-0.216139	-0.0490316	0.147724	0.337751	0.489351	0.580652	0.594253	0.556294	0.492636	0.418384	0.342305	0.277941	0.220375	0.157837	0.0973129	0.0389387	-0.0349077	-0.13531	-0.254476	-0.381438	
-0.371533	-0.430029	-0.449804	-0.429241	-0.365351	-0.262118	-0.117444	0.0635409	0.243362	0.401466	0.511685	0.556294	0.552814	0.527727	0.492685	0.451237	0.402	0.344143	0.274487	0.195423	0.110438	0.00731614	-0.115237	-0.249265	-0.390414	
-0.328214	-0.392763	-0.423113	-0.425143	-0.382364	-0.30393	-0.184606	-0.0332676	0.128093	0.289694	0.416814	0.492636	0.527727	0.543041	0.54527	0.523742	0.47778	0.424316	0.359618	0.276277	0.170522	0.0469484	-0.0888928	-0.227264	-0.370876	
-0.274255	-0.343772	-0.385945	-0.408248	-0.389173	-0.332511	-0.239901	-0.112268	0.0323452	0.18612	0.318436	0.418384	0.492685	0.54527	0.569693	0.555766	0.516738	0.468675	0.40816	0.32539	0.212386	0.0800403	-0.0581951	-0.191644	-0.322075	
-0.22338	-0.287044	-0.3334	-0.366703	-0.369535	-0.338234	-0.270298	-0.170152	-0.050078	0.0884634	0.219758	0.342305	0.451237	0.523742	0.555766	0.55894	0.537784	0.498651	0.439626	0.356592	0.2453	0.112342	-0.0265064	-0.150953	-0.262487	
-0.192803	-0.243911	-0.283573	-0.317783	-0.330365	-0.3138	-0.270416	-0.207577	-0.115846	0.00433081	0.137459	0.277941	0.402	0.47778	0.516738	0.537784	0.539041	0.513804	0.460534	0.38226	0.275517	0.148402	0.0206582	-0.088407	-0.181283	
-0.203263	-0.233675	-0.258072	-0.275349	-0.281851	-0.270072	-0.249301	-0.216166	-0.15101	-0.0466437	0.0827483	0.220375	0.344143	0.424316	0.468675	0.498651	0.513804	0.506868	0.472375	0.403475	0.299122	0.182836	0.0771349	-0.0105816	-0.0811032	
-0.266137	-0.264346	-0.25909	-0.247922	-0.244994	-0.236514	-0.224814	-0.204928	-0.152745	-0.0671655	0.0410377	0.157837	0.274487	0.359618	0.40816	0.439626	0.460534	0.472375	0.461364	0.399967	0.303317	0.198991	0.115748	0.05548	0.0144925	
-0.36154	-0.320269	-0.274973	-0.238193	-0.226165	-0.218603	-0.204651	-0.183798	-0.140149	-0.0759372	0.00418899	0.0973129	0.195423	0.276277	0.32539	0.356592	0.38226	0.403475	0.399967	0.353371	0.272015	0.191325	0.137888	0.114306	0.115938	
-0.456677	-0.372172	-0.292884	-0.232287	-0.209374	-0.19699	-0.182748	-0.162281	-0.132811	-0.0896569	-0.0282638	0.0389387	0.110438	0.170522	0.212386	0.2453	0.275517	0.299122	0.303317	0.272015	0.221952	0.174267	0.160008	0.184614	0.237247	
-0.52875	-0.415614	-0.317061	-0.244618	-0.208611	-0.189806	-0.170248	-0.152924	-0.139375	-0.115317	-0.0768148	-0.0349077	0.00731614	0.0469484	0.0800403	0.112342	0.148402	0.182836	0.198991	0.191325	0.174267	0.169471	0.202247	0.280115	0.386802	
-0.5942	-0.461047	-0.351024	-0.277723	-0.237748	-0.214048	-0.190431	-0.173269	-0.168932	-0.163389	-0.151258	-0.13531	-0.115237	-0.0888928	-0.0581951	-0.0265064	0.0206582	0.0771349	0.115748	0.137888	0.160008	0.202247	0.282079	0.408092	0.55941	
-0.665969	-0.518412	-0.402447	-0.329674	-0.287117	-0.264012	-0.243001	-0.225441	-0.230144	-0.238323	-0.245279	-0.254476	-0.249265	-0.227264	-0.191644	-0.150953	-0.088407	-0.0105816	0.05548	0.114306	0.184614	0.280115	0.408092	0.570662	0.749086	
-0.740078	-0.594999	-0.47648	-0.402545	-0.360602	-0.340149	-0.322151	-0.311997	-0.319293	-0.332884	-0.355335	-0.381438	-0.390414	-0.370876	-0.322075	-0.262487	-0.181283	-0.0811032	0.0144925	0.115938	0.237247	0.386802	0.55941	0.749086	0.934497	
-0.808035	-0.674834	-0.559286	-0.487005	-0.44701	-0.432255	-0.421834	-0.416783	-0.429307	-0.448987	-0.480896	-0.516469	-0.52902	-0.503763	-0.439166	-0.357907	-0.255781	-0.134325	-0.00740719	0.138862	0.30723	0.50205	0.710868	0.918244	1.10332	
-0.868536	-0.747693	-0.638736	-0.568664	-0.536156	-0.526975	-0.524054	-0.526434	-0.545971	-0.577365	-0.617193	-0.655811	-0.658341	-0.620025	-0.537809	-0.432129	-0.309469	-0.169015	-0.00850595	0.179162	0.393535	0.621428	0.851374	1.06833	1.2532	
-0.920782	-0.812905	-0.711413	-0.643929	-0.615761	-0.612605	-0.616482	-0.632063	-0.660167	-0.697594	-0.743359	-0.774465	-0.766512	-0.710861	-0.610465	-0.480543	-0.337198	-0.17859	0.00831055	0.236005	0.487163	0.742305	0.984176	1.20221	1.38321	
-0.965739	-0.86969	-0.779774	-0.713938	-0.683798	-0.677372	-0.691119	-0.720711	-0.758523	-0.799833	-0.840821	-0.866057	-0.844411	-0.774657	-0.658751	-0.507062	-0.344411	-0.169968	0.0406132	0.290938	0.568491	0.844921	1.10024	1.31539	1.48033	
-0.996091	-0.908583	-0.82874	-0.764002	-0.728387	-0.71792	-0.735983	-0.776593	-0.821455	-0.86309	-0.900101	-0.917999	-0.888754	-0.809039	-0.684076	-0.51945	-0.341855	-0.152224	0.071869	0.332086	0.618717	0.909389	1.17845	1.39007	1.5352	
-1.00089	-0.915945	-0.837553	-0.772033	-0.737018	-0.725476	-0.742733	-0.787128	-0.83288	-0.873862	-0.91174	-0.926903	-0.896005	-0.814296	-0.687964	-0.520465	-0.339972	-0.147581	0.0789221	0.339821	0.626646	0.921277	1.19257	1.40339	1.54478	
-0.980862	-0.888411	-0.803061	-0.738003	-0.70481	-0.696959	-0.713671	-0.747307	-0.789128	-0.83099	-0.869696	-0.891563	-0.866355	-0.791804	-0.671667	-0.513815	-0.343567	-0.162246	0.0541271	0.30995	0.592918	0.876511	1.13805	1.35108	1.50736	
-0.939828	-0.836624	-0.739865	-0.672419	-0.645113	-0.640791	-0.648797	-0.670461	-0.702222	-0.741902	-0.78616	-0.815072	-0.80142	-0.740238	-0.632942	-0.493727	-0.342362	-0.177702	0.0197118	0.258342	0.522386	0.786774	1.03324	1.25043	1.42628	
-0.889912	-0.77478	-0.668515	-0.599732	-0.568935	-0.563451	-0.562364	-0.569459	-0.592966	-0.626596	-0.670311	-0.705479	-0.704761	-0.658777	-0.569109	-0.454089	-0.323331	-0.175589	-0.00426258	0.201831	0.430748	0.670566	0.905782	1.12417	1.30944	
-0.833648	-0.70488	-0.59175	-0.519838	-0.483379	-0.470026	-0.463571	-0.460733	-0.475684	-0.50091	-0.535703	-0.574212	-0.583106	-0.553311	-0.481654	-0.390765	-0.280551	-0.15118	-0.00959499	0.152908	0.340293	0.548814	0.767668	0.980258	1.16454	
-0.768278	-0.627447	-0.509504	-0.435973	-0.393619	-0.376308	-0.360766	-0.35277	-0.361466	-0.376482	-0.40314	-0.433786	-0.446006	-0.425127	-0.370203	-0.302643	-0.21307	-0.104086	0.00309696	0.122822	0.263162	0.432633	0.621829	0.819497	1.00491	
-0.695548	-0.547724	-0.4299	-0.356585	-0.314193	-0.291224	-0.27112	-0.256987	-0.262995	-0.273929	-0.287863	-0.304839	-0.305693	-0.285058	-0.245134	-0.197151	-0.12778	-0.0413345	0.0365739	0.111683	0.202847	0.321129	0.467036	0.641089	0.82432	
-0.622158	-0.481381	-0.368663	-0.296411	-0.254861	-0.230925	-0.208247	-0.189606	-0.189405	-0.190941	-0.186159	-0.181274	-0.167548	-0.143656	-0.111952	-0.0778881	-0.0250852	0.040451	0.0894824	0.125298	0.166519	0.228331	0.327524	0.469685	0.633888	
-0.55445	-0.4332	-0.32907	-0.255153	-0.217347	-0.195982	-0.173273	-0.157285	-0.147727	-0.131563	-0.10431	-0.0723744	-0.0393764	-0.00653338	0.0246681	0.0564737	0.0960745	0.137995	0.162565	0.165641	0.163115	0.176866	0.228538	0.32698	0.45396	
-0.488083	-0.390363	-0.301216	-0.234621	-0.205214	-0.19075	-0.17558	-0.155982	-0.133194	-0.0976505	-0.0442401	0.0128055	0.0718304	0.122917	0.160326	0.193361	0.225583	0.252643	0.26048	0.238039	0.201136	0.169406	0.173694	0.219732	0.293564	
-0.40113	-0.341572	-0.28229	-0.235046	-0.219921	-0.209756	-0.195774	-0.174893	-0.135983	-0.0805192	-0.00868213	0.0737374	0.162403	0.236596	0.284032	0.315937	0.343522	0.365167	0.364634	0.322933	0.253242	0.184435	0.14559	0.140243	0.161659	
-0.302595	-0.285806	-0.264353	-0.243018	-0.23589	-0.229403	-0.216494	-0.197404	-0.148726	-0.0706205	0.0256337	0.132796	0.243378	0.328597	0.378613	0.409269	0.432025	0.449294	0.442744	0.387288	0.294963	0.198611	0.125851	0.0783038	0.0534657	
-0.222502	-0.24113	-0.255795	-0.261587	-0.264887	-0.253831	-0.239181	-0.213449	-0.154716	-0.0577803	0.0652262	0.1961	0.317349	0.400386	0.446549	0.477578	0.495635	0.496437	0.472374	0.406263	0.30419	0.192402	0.0951886	0.0176058	-0.0422121	
-0.19065	-0.235086	-0.270571	-0.299639	-0.310395	-0.297341	-0.263594	-0.214323	-0.13468	-0.0201951	0.113263	0.255396	0.380872	0.457038	0.498392	0.524342	0.532949	0.514649	0.466814	0.392129	0.286223	0.16321	0.0441309	-0.0570976	-0.141737	
-0.207761	-0.266879	-0.311552	-0.347014	-0.355682	-0.33152	-0.273327	-0.188372	-0.0792629	0.0516015	0.182922	0.314636	0.432118	0.506824	0.5413	0.552432	0.540999	0.506964	0.449137	0.367275	0.257354	0.126353	-0.0102477	-0.129493	-0.233622	
-0.252446	-0.321114	-0.366041	-0.393821	-0.384671	-0.338662	-0.255926	-0.137355	-0.00150681	0.146581	0.279031	0.387542	0.477061	0.541192	0.569104	0.56049	0.527038	0.481901	0.421753	0.339337	0.225861	0.0925214	-0.0462289	-0.175806	-0.298924	
-0.307573	-0.375198	-0.410185	-0.42033	-0.387162	-0.317297	-0.208628	-0.0678439	0.0866907	0.246934	0.377044	0.463368	0.514379	0.545545	0.559168	0.540728	0.495531	0.444442	0.382703	0.299736	0.189521	0.0610214	-0.0772371	-0.214554	-0.354147	
-0.35582	-0.416712	-0.440783	-0.429073	-0.373194	-0.280204	-0.145513	0.0245081	0.197322	0.35686	0.475631	0.533186	0.544238	0.535558	0.516555	0.485794	0.439021	0.382354	0.313786	0.23144	0.136415	0.023905	-0.105361	-0.242283	-0.386299	
-0.388407	-0.444718	-0.458759	-0.427119	-0.350667	-0.232956	-0.0746274	0.117364	0.305385	0.459589	0.557781	0.583617	0.559198	0.510469	0.450612	0.388628	0.331768	0.273367	0.205951	0.136668	0.0671539	-0.0178241	-0.127525	-0.254449	-0.388	
-0.408236	-0.457441	-0.465399	-0.422236	-0.332582	-0.197988	-0.0202396	0.179712	0.368405	0.514313	0.595928	0.594476	0.537334	0.452795	0.361718	0.269246	0.192987	0.137688	0.0870705	0.0397403	-0.00175375	-0.0605972	-0.145435	-0.249055	-0.366579	
