0.650836	1.10089	1.51628	1.84429	2.04141	2.07584	1.94125	1.66077	1.27435	0.830794	0.389745	0.00826201	-0.287188	-0.499571	-0.628347	-0.666067	-0.627655	-0.542964	-0.429833	-0.31258	-0.227878	-0.185259	-0.174139	-0.185158	-0.188764	
0.708196	1.1291	1.52162	1.84283	2.04313	2.07867	1.94044	1.66142	1.29189	0.876985	0.460312	0.0879773	-0.211103	-0.436805	-0.591961	-0.665077	-0.657498	-0.594519	-0.495158	-0.375383	-0.271324	-0.207287	-0.178273	-0.1794	-0.191098	
0.768631	1.15115	1.51258	1.81877	2.01554	2.05086	1.91395	1.64437	1.29988	0.922482	0.53976	0.183362	-0.11712	-0.354639	-0.533484	-0.64282	-0.671715	-0.636117	-0.55744	-0.446065	-0.329669	-0.243329	-0.193242	-0.177124	-0.18735	
0.829714	1.16676	1.4897	1.77107	1.95549	1.9888	1.85985	1.60977	1.29862	0.965626	0.624972	0.292169	-0.00614574	-0.253963	-0.452938	-0.596329	-0.665675	-0.663355	-0.61068	-0.517903	-0.400844	-0.29615	-0.22353	-0.184103	-0.181266	
0.888785	1.17589	1.45371	1.69933	1.86122	1.89046	1.77717	1.5581	1.28868	1.0048	0.711895	0.410545	0.11996	-0.136074	-0.35164	-0.524202	-0.634746	-0.671517	-0.649658	-0.583072	-0.478487	-0.364681	-0.272411	-0.208552	-0.180886	
0.943246	1.17843	1.40513	1.60384	1.73299	1.75614	1.66616	1.48984	1.27044	1.03853	0.796038	0.533046	0.257905	-0.00259928	-0.231712	-0.427204	-0.575467	-0.655307	-0.669424	-0.6342	-0.553934	-0.444071	-0.338574	-0.254176	-0.198939	
0.990709	1.17369	1.34384	1.48575	1.57374	1.58916	1.52868	1.40526	1.24355	1.06538	0.873129	0.653135	0.402498	0.144097	-0.0954225	-0.307984	-0.486873	-0.609798	-0.664869	-0.664753	-0.617231	-0.526156	-0.418439	-0.319793	-0.239749	
1.02889	1.15992	1.26897	1.34729	1.3893	1.39613	1.3685	1.30444	1.20644	1.08355	0.939639	0.764174	0.546652	0.300041	0.0549617	-0.17006	-0.370956	-0.531937	-0.630936	-0.66938	-0.659059	-0.599429	-0.503791	-0.40197	-0.305947	
1.0552	1.13405	1.17916	1.1921	1.18828	1.18667	1.19145	1.18768	1.15627	1.09034	0.992827	0.860582	0.682199	0.458888	0.216445	-0.0168679	-0.232023	-0.42183	-0.563461	-0.643597	-0.672169	-0.652426	-0.583239	-0.489187	-0.392843	
1.06624	1.09191	1.07335	1.02538	0.981305	0.972476	1.00526	1.05619	1.08954	1.08178	1.03019	0.938592	0.801435	0.612003	0.384019	0.148348	-0.0753532	-0.28314	-0.460475	-0.583886	-0.651699	-0.674147	-0.645729	-0.571629	-0.482048	
1.0575	1.02924	0.951893	0.853903	0.779778	0.765778	0.818915	0.912881	1.00327	1.05284	1.04856	0.996051	0.898754	0.749815	0.549706	0.321548	0.0940314	-0.122516	-0.323437	-0.487432	-0.596305	-0.6572	-0.675271	-0.640963	-0.566583	
1.02384	0.943236	0.817553	0.685544	0.594269	0.57758	0.641723	0.762822	0.896719	0.998673	1.04353	1.03122	0.971384	0.864135	0.702922	0.496194	0.271843	0.0521461	-0.158965	-0.352583	-0.504242	-0.603217	-0.660387	-0.675593	-0.639998	
0.961035	0.834363	0.675927	0.528349	0.433006	0.41603	0.481982	0.613005	0.772604	0.916511	1.00994	1.04124	1.0185	0.950287	0.832773	0.661888	0.453111	0.23475	0.0218046	-0.184451	-0.370616	-0.512741	-0.605979	-0.660944	-0.675294	
0.868	0.707424	0.534896	0.389331	0.300804	0.285429	0.345798	0.471373	0.637527	0.807723	0.943783	1.02148	1.03896	1.00739	0.931704	0.80553	0.628693	0.421462	0.209725	0.00268943	-0.198477	-0.377905	-0.514198	-0.605	-0.658786	
0.748743	0.571312	0.403127	0.273314	0.198743	0.186103	0.236269	0.345298	0.50095	0.67885	0.844912	0.96698	1.02922	1.03582	0.997769	0.916202	0.784005	0.604965	0.401544	0.196231	-0.00516118	-0.200706	-0.374719	-0.508796	-0.600031	
0.612746	0.437181	0.288142	0.182226	0.124633	0.115105	0.153343	0.240066	0.373066	0.540843	0.719154	0.875812	0.983769	1.03352	1.03253	0.990178	0.904738	0.769693	0.591717	0.393307	0.193955	-0.00168128	-0.191116	-0.360944	-0.495588	
0.473154	0.315699	0.194692	0.115103	0.0740652	0.0674384	0.0943374	0.157939	0.262346	0.406522	0.578194	0.75246	0.898889	0.99491	1.03561	1.02985	0.98514	0.898198	0.76363	0.589436	0.396684	0.202849	0.0130517	-0.170003	-0.336226	
0.343351	0.214502	0.124062	0.0687523	0.0416609	0.03739	0.0549268	0.0981121	0.173743	0.287274	0.436901	0.608758	0.777492	0.914708	1.00167	1.03649	1.02827	0.983033	0.897136	0.766261	0.598211	0.411743	0.223128	0.0389204	-0.137866	
0.233514	0.136869	0.0744411	0.0387845	0.0221641	0.0196053	0.0302338	0.0574646	0.108177	0.190417	0.3092	0.461232	0.631324	0.794351	0.924159	1.00503	1.03675	1.02801	0.984018	0.901645	0.7774	0.617762	0.438606	0.255269	0.0760765	
0.148613	0.0819316	0.0420242	0.0206482	0.0111483	0.00971956	0.0157229	0.0317076	0.0632639	0.118236	0.204523	0.326115	0.478403	0.645574	0.803392	0.927919	1.00555	1.03663	1.02912	0.988012	0.911329	0.79624	0.647318	0.477174	0.299872	
0.0884533	0.045997	0.0223143	0.0103713	0.00530133	0.00455605	0.0077233	0.0164772	0.0347406	0.0687432	0.126325	0.214782	0.337116	0.487902	0.651441	0.804876	0.926283	1.00331	1.03602	1.03142	0.994702	0.9254	0.821437	0.685484	0.52674	
0.0492425	0.0242237	0.0111467	0.00491539	0.0023838	0.00201987	0.0035838	0.00806528	0.0179175	0.0374304	0.0728566	0.131693	0.22056	0.341723	0.489496	0.648921	0.798853	0.919127	0.99796	1.03448	1.03455	1.0036	0.942885	0.851359	0.730322	
0.0256583	0.0119747	0.00524115	0.00219903	0.00101404	0.000847363	0.00157151	0.00372028	0.00868431	0.0190994	0.0392596	0.0752042	0.133964	0.221539	0.339749	0.483147	0.638017	0.785142	0.90592	0.988677	1.03118	1.03784	1.01416	0.96298	0.884685	
0.0125265	0.00556185	0.00232154	0.000929247	0.000408332	0.000336596	0.000651596	0.00161833	0.0039591	0.0091421	0.0197871	0.0400401	0.075604	0.132991	0.217665	0.331275	0.469007	0.618757	0.763403	0.885829	0.97427	1.02493	1.04048	1.02609	0.985858	
0.00573738	0.00242998	0.00096967	0.000371203	0.000155766	0.000126701	0.000255656	0.000664497	0.00169953	0.00410999	0.00934056	0.0199048	0.0397053	0.0740264	0.128836	0.20915	0.316654	0.447458	0.59132	0.733364	0.858043	0.953606	1.01477	1.04238	1.0408	
0.00246898	0.000999961	0.000382354	0.000140309	5.6339e-05	4.52345e-05	9.50016e-05	0.000257814	0.000687813	0.00173783	0.00413615	0.00925531	0.0194413	0.0382834	0.0705903	0.121779	0.196487	0.296588	0.419301	0.556426	0.695522	0.822902	0.927274	1.00234	1.04731	
0.000999961	0.000388161	0.000142518	5.02385e-05	1.934e-05	1.53323e-05	3.347e-05	9.46325e-05	0.000262803	0.000692226	0.00172127	0.00403362	0.00889611	0.0184433	0.0359055	0.0655898	0.11238	0.180614	0.272488	0.386492	0.516675	0.653344	0.785201	0.902153	0.997624	
0.000382354	0.000142518	5.0334e-05	1.70746e-05	6.31232e-06	4.94252e-06	1.1201e-05	3.29351e-05	9.5044e-05	0.000260517	0.000675458	0.00165412	0.00382149	0.00832031	0.0170571	0.0329042	0.0597076	0.101924	0.163777	0.248031	0.354739	0.480525	0.618835	0.761238	0.89932	
0.000140309	5.02385e-05	1.70746e-05	5.57693e-06	1.98092e-06	1.53177e-06	3.60308e-06	1.1011e-05	3.3004e-05	9.4102e-05	0.000254303	0.000650544	0.00157378	0.0035973	0.00776373	0.0158128	0.0303876	0.055105	0.0943474	0.152676	0.233893	0.339964	0.470165	0.620794	0.785599	
5.6339e-05	1.934e-05	6.31232e-06	1.98092e-06	6.74294e-07	5.14198e-07	1.25844e-06	4.00563e-06	1.24967e-05	3.71387e-05	0.000104806	0.000280536	0.000711609	0.00170922	0.00388481	0.00835088	0.0169728	0.0326145	0.0592669	0.101911	0.165986	0.256435	0.376482	0.526455	0.703049	
4.52345e-05	1.53323e-05	4.94252e-06	1.53177e-06	5.14198e-07	3.89702e-07	9.65205e-07	3.11183e-06	9.83039e-06	2.959e-05	8.46054e-05	0.000229532	0.000590313	0.001438	0.00331559	0.00723178	0.0149158	0.0290874	0.0536386	0.0935769	0.154576	0.24207	0.359987	0.509432	0.687731	
9.50016e-05	3.347e-05	1.1201e-05	3.60308e-06	1.25844e-06	9.65205e-07	2.30121e-06	7.14195e-06	2.17412e-05	6.30009e-05	0.000173187	0.000451102	0.00111228	0.00259408	0.00571863	0.0119106	0.0234323	0.0435484	0.0764899	0.127087	0.200012	0.298738	0.424461	0.575362	0.746471	
0.000257814	9.46325e-05	3.29351e-05	1.1011e-05	4.00563e-06	3.11183e-06	7.14195e-06	2.13125e-05	6.24193e-05	0.000173754	0.000457898	0.00114081	0.002684	0.00595741	0.0124647	0.0245697	0.0456126	0.0797594	0.131446	0.204408	0.3005	0.418731	0.554955	0.70247	0.853358	
0.000687813	0.000262803	9.5044e-05	3.3004e-05	1.24967e-05	9.83039e-06	2.17412e-05	6.24193e-05	0.000176014	0.000471071	0.0011912	0.00284145	0.00638545	0.0135033	0.0268449	0.0501343	0.0879205	0.144795	0.224083	0.326331	0.448213	0.582508	0.719429	0.848922	0.963047	
0.00173783	0.000692226	0.000260517	9.4102e-05	3.71387e-05	2.959e-05	6.30009e-05	0.000173754	0.000471071	0.00121035	0.00293221	0.00668543	0.0143246	0.028806	0.0543063	0.0959024	0.158579	0.245571	0.35647	0.485959	0.624036	0.758059	0.875947	0.969197	1.03441	
0.00413615	0.00172127	0.000675458	0.000254303	0.000104806	8.46054e-05	0.000173187	0.000457898	0.0011912	0.00293221	0.00679002	0.0147602	0.0300706	0.0573305	0.102164	0.170027	0.264201	0.383508	0.520861	0.663792	0.797296	0.907968	0.987487	1.03377	1.04963	
0.00925531	0.00403362	0.00165412	0.000650544	0.000280536	0.000229532	0.000451102	0.00114081	0.00284145	0.00668543	0.0147602	0.030505	0.0589062	0.106112	0.178091	0.27828	0.404887	0.549225	0.696554	0.829821	0.934814	1.00403	1.03719	1.03848	1.01298	
0.0194413	0.00889611	0.00382149	0.00157378	0.000711609	0.000590313	0.00111228	0.002684	0.00638545	0.0143246	0.0300706	0.0589062	0.10746	0.182247	0.287009	0.419566	0.569866	0.721078	0.854246	0.954561	1.0156	1.03898	1.03008	0.993445	0.931015	
0.0382834	0.0184433	0.00832031	0.0035973	0.00170922	0.001438	0.00259408	0.00595741	0.0135033	0.028806	0.0573305	0.106112	0.182247	0.289964	0.427023	0.582358	0.737276	0.870965	0.967946	1.0228	1.03888	1.02234	0.97675	0.902291	0.798882	
0.0705903	0.0359055	0.0170571	0.00776373	0.00388481	0.00331559	0.00571863	0.0124647	0.0268449	0.0543063	0.102164	0.178091	0.287009	0.427023	0.586537	0.745311	0.880657	0.976121	1.02692	1.03784	1.0155	0.962205	0.87646	0.758285	0.613096	
0.121779	0.0655898	0.0329042	0.0158128	0.00835088	0.00723178	0.0119106	0.0245697	0.0501343	0.0959024	0.170027	0.27828	0.419566	0.582358	0.745311	0.883827	0.979977	1.02899	1.03671	1.01015	0.950316	0.85425	0.722687	0.56411	0.39152	
0.196487	0.11238	0.0597076	0.0303876	0.0169728	0.0149158	0.0234323	0.0456126	0.0879205	0.158579	0.264201	0.404887	0.569866	0.737276	0.880657	0.979977	1.02962	1.03604	1.00675	0.941828	0.837027	0.694015	0.524537	0.344138	0.164294	
0.296588	0.180614	0.101924	0.055105	0.0326145	0.0290874	0.0435484	0.0797594	0.144795	0.245571	0.383508	0.549225	0.721078	0.870965	0.976121	1.02899	1.03604	1.00559	0.937395	0.826095	0.673965	0.495737	0.309126	0.124551	-0.0537419	
0.419301	0.272488	0.163777	0.0943474	0.0592669	0.0536386	0.0764899	0.131446	0.224083	0.35647	0.520861	0.696554	0.854246	0.967946	1.02692	1.03671	1.00675	0.937395	0.822345	0.663669	0.478344	0.286197	0.0966444	-0.0877379	-0.260214	
0.556426	0.386492	0.248031	0.152676	0.101911	0.0935769	0.127087	0.204408	0.326331	0.485959	0.663792	0.829821	0.954561	1.0228	1.03784	1.01015	0.941828	0.826095	0.663669	0.472539	0.274887	0.0800279	-0.110798	-0.288701	-0.438147	
0.695522	0.516675	0.354739	0.233893	0.165986	0.154576	0.200012	0.3005	0.448213	0.624036	0.797296	0.934814	1.0156	1.03888	1.0155	0.950316	0.837027	0.673965	0.478344	0.274887	0.0745006	-0.122501	-0.305896	-0.456184	-0.564266	
0.822902	0.653344	0.480525	0.339964	0.256435	0.24207	0.298738	0.418731	0.582508	0.758059	0.907968	1.00403	1.03898	1.02234	0.962205	0.85425	0.694015	0.495737	0.286197	0.0800279	-0.122501	-0.311635	-0.464763	-0.571724	-0.639773	
0.927274	0.785201	0.618835	0.470165	0.376482	0.359987	0.424461	0.554955	0.719429	0.875947	0.987487	1.03719	1.03008	0.97675	0.87646	0.722687	0.524537	0.309126	0.0966444	-0.110798	-0.305896	-0.464763	-0.574028	-0.642687	-0.674706	
1.00234	0.902153	0.761238	0.620794	0.526455	0.509432	0.575362	0.70247	0.848922	0.969197	1.03377	1.03848	0.993445	0.902291	0.758285	0.56411	0.344138	0.124551	-0.0877379	-0.288701	-0.456184	-0.571724	-0.642687	-0.675636	-0.660421	
1.04731	0.997624	0.89932	0.785599	0.703049	0.687731	0.746471	0.853358	0.963047	1.03441	1.04963	1.01298	0.931015	0.798882	0.613096	0.39152	0.164294	-0.0537419	-0.260214	-0.438147	-0.564266	-0.639773	-0.674706	-0.660421	-0.598354	
