0.313191	0.215966	0.133493	0.0675239	0.0255766	0.0182528	0.0475609	0.104881	0.180636	0.272849	0.373356	0.448206	0.459906	0.407685	0.31443	0.193995	0.065927	-0.0384508	-0.105077	-0.131388	-0.121687	-0.106996	-0.108238	-0.113521	-0.112747	
0.341505	0.301177	0.26519	0.240428	0.229699	0.228441	0.234834	0.253632	0.285542	0.325132	0.364014	0.382501	0.356848	0.290252	0.207988	0.119123	0.0241345	-0.0593541	-0.117592	-0.146738	-0.140449	-0.118047	-0.109908	-0.112532	-0.115054	
0.374348	0.393951	0.406207	0.423775	0.444381	0.449085	0.432607	0.412229	0.398892	0.383534	0.355959	0.311912	0.245783	0.164495	0.091939	0.0345931	-0.0229726	-0.0801553	-0.12535	-0.155192	-0.157705	-0.133826	-0.114995	-0.112517	-0.115533	
0.411267	0.492749	0.55531	0.615205	0.66492	0.674947	0.637648	0.579224	0.519187	0.446894	0.350555	0.240397	0.131465	0.035263	-0.0298983	-0.0591729	-0.0779908	-0.104435	-0.132039	-0.156912	-0.168754	-0.152444	-0.126321	-0.113933	-0.11398	
0.451244	0.595464	0.710563	0.811435	0.885759	0.899982	0.845827	0.75239	0.64431	0.513382	0.348937	0.172803	0.0199798	-0.0915699	-0.152285	-0.160269	-0.143237	-0.135595	-0.141603	-0.155743	-0.171748	-0.167912	-0.143318	-0.122414	-0.112749	
0.493006	0.699585	0.868956	1.00799	1.10085	1.11784	1.05204	0.928295	0.77152	0.580844	0.351962	0.114465	-0.0815059	-0.209526	-0.268948	-0.264392	-0.219802	-0.177855	-0.157928	-0.155926	-0.168672	-0.176727	-0.160845	-0.136607	-0.119622	
0.535541	0.802357	1.02601	1.19903	1.30406	1.32243	1.25024	1.10187	0.89741	0.647325	0.360311	0.0705753	-0.165123	-0.311771	-0.373681	-0.365168	-0.305351	-0.234644	-0.186287	-0.162946	-0.162998	-0.176615	-0.175542	-0.154758	-0.131479	
0.578623	0.900852	1.17557	1.37738	1.48959	1.50832	1.43355	1.26621	1.01782	0.711598	0.374852	0.0454009	-0.223196	-0.391003	-0.460811	-0.455873	-0.39406	-0.305745	-0.230812	-0.183528	-0.163033	-0.168953	-0.179539	-0.172943	-0.152438	
0.623062	0.991939	1.31	1.53492	1.65207	1.67087	1.59471	1.41285	1.12779	0.773382	0.39717	0.0418045	-0.249713	-0.439866	-0.524735	-0.530466	-0.478204	-0.386887	-0.292552	-0.221683	-0.177586	-0.164488	-0.173449	-0.178304	-0.17208	
0.670459	1.07227	1.42102	1.6634	1.7864	1.8058	1.72654	1.53271	1.22166	0.832977	0.429856	0.0614329	-0.241622	-0.452292	-0.559615	-0.583634	-0.549638	-0.47006	-0.36892	-0.27903	-0.211764	-0.172797	-0.168053	-0.17539	-0.175982	
0.722426	1.13837	1.50114	1.7555	1.88733	1.90838	1.82256	1.61782	1.29382	0.890382	0.475975	0.105311	-0.199139	-0.425151	-0.559905	-0.610414	-0.601153	-0.545033	-0.45245	-0.353061	-0.26865	-0.203041	-0.17057	-0.171348	-0.175673	
0.779416	1.18708	1.54538	1.80588	1.94901	1.97269	1.87739	1.663	1.33985	0.944418	0.537581	0.174114	-0.1249	-0.359263	-0.521688	-0.60595	-0.626921	-0.601562	-0.532685	-0.436372	-0.342974	-0.261721	-0.197441	-0.170055	-0.171991	
0.839638	1.21627	1.55268	1.81184	1.96497	1.99136	1.88699	1.66715	1.35805	0.992528	0.613859	0.267506	-0.0226069	-0.259136	-0.444158	-0.565849	-0.622638	-0.630818	-0.596847	-0.520759	-0.425947	-0.338145	-0.258666	-0.196437	-0.170238	
0.898845	1.22584	1.52618	1.77336	1.92897	1.95664	1.8488	1.63308	1.35029	1.03157	0.699952	0.382571	0.103898	-0.13151	-0.330728	-0.486919	-0.584864	-0.628343	-0.631277	-0.592118	-0.513277	-0.421811	-0.337428	-0.259984	-0.200332	
0.95159	1.2181	1.47187	1.69246	1.83673	1.86284	1.76209	1.566	1.32147	1.05924	0.787513	0.512128	0.250269	0.0169085	-0.189135	-0.369531	-0.508851	-0.593092	-0.630491	-0.631097	-0.589738	-0.512004	-0.423696	-0.340576	-0.265501	
0.99342	1.19692	1.3959	1.57252	1.6885	1.70951	1.62866	1.4712	1.27728	1.07508	0.867227	0.644397	0.409617	0.181126	-0.0286306	-0.221017	-0.391292	-0.519928	-0.596502	-0.631217	-0.630939	-0.590658	-0.517178	-0.431664	-0.348432	
1.02225	1.16516	1.30189	1.41813	1.49115	1.50411	1.45391	1.3523	1.22107	1.07979	0.932102	0.765518	0.570188	0.356104	0.144712	-0.0533153	-0.238553	-0.402095	-0.524081	-0.597117	-0.630905	-0.630923	-0.594523	-0.527652	-0.445621	
1.03717	1.12188	1.18996	1.23588	1.25886	1.26248	1.24777	1.21139	1.15162	1.07275	0.97895	0.864468	0.716416	0.531902	0.327622	0.125674	-0.0653889	-0.245381	-0.403818	-0.522475	-0.595165	-0.629438	-0.630788	-0.599651	-0.540492	
1.03528	1.06147	1.05868	1.0353	1.01146	1.00654	1.02454	1.05093	1.06386	1.04939	1.00628	0.936575	0.834867	0.69233	0.512083	0.313862	0.118401	-0.067271	-0.242305	-0.396689	-0.514581	-0.589411	-0.625653	-0.628929	-0.602358	
1.00962	0.976505	0.908672	0.829017	0.770583	0.759622	0.801199	0.876389	0.952705	1.00143	1.01025	0.981693	0.920084	0.821803	0.681197	0.504482	0.311587	0.121451	-0.0592566	-0.229066	-0.379652	-0.497778	-0.575832	-0.61479	-0.619337	
0.951352	0.86294	0.745622	0.631286	0.555048	0.541259	0.59437	0.697338	0.817873	0.921022	0.98305	0.998286	0.973384	0.91393	0.817236	0.679429	0.507619	0.32042	0.135381	-0.0400708	-0.203603	-0.348821	-0.465101	-0.544108	-0.583529	
0.855491	0.724518	0.580365	0.455189	0.377211	0.363498	0.416986	0.526104	0.666523	0.806532	0.916655	0.979854	0.995209	0.971054	0.91308	0.819212	0.686635	0.522077	0.342189	0.163654	-0.00448894	-0.158436	-0.293129	-0.400454	-0.472479	
0.726227	0.573097	0.426002	0.309791	0.241556	0.229858	0.27603	0.374552	0.511864	0.665895	0.809482	0.918381	0.979801	0.994862	0.972026	0.916934	0.82847	0.704752	0.55163	0.383648	0.216894	0.0623498	-0.0742168	-0.188378	-0.274662	
0.577451	0.424738	0.293755	0.19858	0.145665	0.13681	0.172166	0.250838	0.368665	0.514863	0.670619	0.812272	0.918856	0.979726	0.996504	0.977329	0.928278	0.849886	0.741555	0.608345	0.462614	0.319348	0.190503	0.0830364	0.00044584	
0.428093	0.294059	0.189898	0.119757	0.0827106	0.0766546	0.101112	0.157745	0.248388	0.371387	0.518044	0.671661	0.810967	0.917187	0.980855	1.00359	0.993391	0.957458	0.898619	0.817852	0.71924	0.61196	0.507735	0.416549	0.344077	
0.295391	0.190018	0.115018	0.0679307	0.0442412	0.0404554	0.0559157	0.0931081	0.156439	0.249608	0.372155	0.516568	0.667888	0.807105	0.917526	0.990767	1.02851	1.03882	1.02998	1.00652	0.969756	0.920979	0.863712	0.803258	0.744581	
0.190018	0.114792	0.0653577	0.0362831	0.0223214	0.0201389	0.0291496	0.051641	0.0922421	0.156572	0.24896	0.36961	0.512343	0.664489	0.809925	0.934461	1.03084	1.10029	1.14953	1.18546	1.21103	1.22461	1.22238	1.20117	1.1601	
0.115018	0.0653577	0.0350797	0.0183513	0.0106761	0.00950241	0.0144012	0.0270831	0.051305	0.0924735	0.156628	0.248636	0.369894	0.516469	0.678895	0.84436	1.00065	1.13981	1.2594	1.36046	1.44386	1.50745	1.54587	1.55268	1.52333	
0.0679307	0.0362831	0.0183513	0.0090445	0.00496911	0.00435979	0.00693069	0.0138422	0.0278173	0.0532739	0.0961978	0.163431	0.261184	0.392948	0.557499	0.747939	0.952521	1.15709	1.34807	1.5146	1.649	1.74599	1.80175	1.81368	1.78089	
0.0442412	0.0223214	0.0106761	0.00496911	0.00257879	0.00222881	0.00371852	0.00787346	0.0167346	0.0339093	0.0648901	0.117025	0.198755	0.317869	0.478893	0.680347	0.913015	1.16035	1.40129	1.61475	1.78392	1.89895	1.95713	1.96126	1.91707	
0.0404554	0.0201389	0.00950241	0.00435979	0.00222881	0.0019176	0.00323971	0.00696288	0.0150075	0.0308279	0.0598021	0.109318	0.188154	0.304819	0.464884	0.667938	0.905384	1.16038	1.41054	1.63276	1.80832	1.9263	1.98423	1.98608	1.93912	
0.0559157	0.0291496	0.0144012	0.00693069	0.00371852	0.00323971	0.0052498	0.0107431	0.0221096	0.0433844	0.0803495	0.140159	0.230187	0.356073	0.519363	0.715662	0.934234	1.15957	1.37442	1.56313	1.71397	1.81979	1.87747	1.88684	1.84976	
0.0931081	0.051641	0.0270831	0.0138422	0.00787346	0.00696288	0.0107431	0.0206854	0.040114	0.0740687	0.1287	0.20993	0.321437	0.462567	0.627227	0.804696	0.982388	1.14933	1.29844	1.42633	1.53109	1.60986	1.65785	1.66955	1.64091	
0.156439	0.0922421	0.051305	0.0278173	0.0167346	0.0150075	0.0221096	0.040114	0.0733696	0.127586	0.208086	0.317325	0.452443	0.604225	0.75871	0.901428	1.02241	1.11908	1.19514	1.25626	1.30545	1.34105	1.35791	1.35047	1.31549	
0.249608	0.156572	0.0924735	0.0532739	0.0339093	0.0308279	0.0433844	0.0740687	0.127586	0.208756	0.319467	0.455617	0.605707	0.752683	0.879123	0.973485	1.03372	1.06586	1.07868	1.07845	1.06714	1.04419	1.00942	0.964453	0.912326	
0.372155	0.24896	0.156628	0.0961978	0.0648901	0.0598021	0.0803495	0.1287	0.208086	0.319467	0.457809	0.610065	0.756898	0.87845	0.96153	1.00367	1.01114	0.992514	0.953284	0.895396	0.820912	0.73532	0.647402	0.566321	0.49853	
0.516568	0.36961	0.248636	0.163431	0.117025	0.109318	0.140159	0.20993	0.317325	0.455617	0.610065	0.759233	0.881044	0.960791	0.995672	0.992115	0.958009	0.896755	0.808283	0.694925	0.565391	0.433075	0.31109	0.208547	0.129861	
0.667888	0.512343	0.369894	0.261184	0.198755	0.188154	0.230187	0.321437	0.452443	0.605707	0.756898	0.881044	0.961284	0.994089	0.986176	0.945238	0.87307	0.767664	0.631184	0.474369	0.312851	0.160319	0.0253931	-0.0869366	-0.172821	
0.807105	0.664489	0.516469	0.392948	0.317869	0.304819	0.356073	0.462567	0.604225	0.752683	0.87845	0.960791	0.994089	0.98482	0.940865	0.863181	0.748393	0.598749	0.426956	0.250158	0.0810151	-0.0741201	-0.210729	-0.322748	-0.403156	
0.917526	0.809925	0.678895	0.557499	0.478893	0.464884	0.519363	0.627227	0.75871	0.879123	0.96153	0.995672	0.986176	0.940865	0.860354	0.740182	0.582502	0.401869	0.217028	0.0395569	-0.126514	-0.276745	-0.402657	-0.495357	-0.549532	
0.990767	0.934461	0.84436	0.747939	0.680347	0.667938	0.715662	0.804696	0.901428	0.973485	1.00367	0.992115	0.945238	0.863181	0.740182	0.57742	0.39056	0.20015	0.0173888	-0.155418	-0.313182	-0.444434	-0.539212	-0.594623	-0.612783	
1.02851	1.03084	1.00065	0.952521	0.913015	0.905384	0.934234	0.982388	1.02241	1.03372	1.01114	0.958009	0.87307	0.748393	0.582502	0.39056	0.194866	0.00732484	-0.170839	-0.333821	-0.466975	-0.559531	-0.611908	-0.629042	-0.614686	
1.03882	1.10029	1.13981	1.15709	1.16035	1.16038	1.15957	1.14933	1.11908	1.06586	0.992514	0.896755	0.767664	0.598749	0.401869	0.20015	0.00732484	-0.175795	-0.343505	-0.478528	-0.56893	-0.618272	-0.633639	-0.616744	-0.570166	
1.02998	1.14953	1.2594	1.34807	1.40129	1.41054	1.37442	1.29844	1.19514	1.07868	0.953284	0.808283	0.631184	0.426956	0.217028	0.0173888	-0.170839	-0.343505	-0.482126	-0.572704	-0.620678	-0.635017	-0.614689	-0.56094	-0.485535	
1.00652	1.18546	1.36046	1.5146	1.61475	1.63276	1.56313	1.42633	1.25626	1.07845	0.895396	0.694925	0.474369	0.250158	0.0395569	-0.155418	-0.333821	-0.478528	-0.572704	-0.621334	-0.635529	-0.6125	-0.551926	-0.470535	-0.385851	
0.969756	1.21103	1.44386	1.649	1.78392	1.80832	1.71397	1.53109	1.30545	1.06714	0.820912	0.565391	0.312851	0.0810151	-0.126514	-0.313182	-0.466975	-0.56893	-0.620678	-0.635529	-0.611633	-0.546609	-0.460682	-0.375509	-0.296997	
0.920979	1.22461	1.50745	1.74599	1.89895	1.9263	1.81979	1.60986	1.34105	1.04419	0.73532	0.433075	0.160319	-0.0741201	-0.276745	-0.444434	-0.559531	-0.618272	-0.635017	-0.6125	-0.546609	-0.457319	-0.370835	-0.291198	-0.223321	
0.863712	1.22238	1.54587	1.80175	1.95713	1.98423	1.87747	1.65785	1.35791	1.00942	0.647402	0.31109	0.0253931	-0.210729	-0.402657	-0.539212	-0.611908	-0.633639	-0.614689	-0.551926	-0.460682	-0.370835	-0.289305	-0.218249	-0.177361	
0.803258	1.20117	1.55268	1.81368	1.96126	1.98608	1.88684	1.66955	1.35047	0.964453	0.566321	0.208547	-0.0869366	-0.322748	-0.495357	-0.594623	-0.629042	-0.616744	-0.56094	-0.470535	-0.375509	-0.291198	-0.218249	-0.175884	-0.169888	
0.744581	1.1601	1.52333	1.78089	1.91707	1.93912	1.84976	1.64091	1.31549	0.912326	0.49853	0.129861	-0.172821	-0.403156	-0.549532	-0.612783	-0.614686	-0.570166	-0.485535	-0.385851	-0.296997	-0.223321	-0.177361	-0.169888	-0.175086	
