-0.223881	-0.398477	-0.56844	-0.716258	-0.811396	-0.827952	-0.76291	-0.631631	-0.467807	-0.292454	-0.129685	0.00593283	0.108975	0.185629	0.23454	0.244013	0.193036	0.0951954	-0.0407728	-0.200269	-0.352092	-0.465307	-0.523704	-0.533954	-0.507869	
-0.294144	-0.451252	-0.609199	-0.745302	-0.836546	-0.853575	-0.789037	-0.667446	-0.51528	-0.355161	-0.208888	-0.0899292	0.00413899	0.0775848	0.130876	0.145572	0.0950084	-0.00932915	-0.151102	-0.315188	-0.46249	-0.562044	-0.598402	-0.576787	-0.519272	
-0.334891	-0.469854	-0.610831	-0.732041	-0.815736	-0.832802	-0.771231	-0.662843	-0.527083	-0.386372	-0.264293	-0.166928	-0.0903078	-0.026736	0.019444	0.0280705	-0.0189947	-0.127008	-0.275322	-0.434308	-0.570179	-0.642947	-0.650011	-0.599701	-0.50881	
-0.34261	-0.449328	-0.565466	-0.662737	-0.732985	-0.748325	-0.695117	-0.607152	-0.49665	-0.3824	-0.290027	-0.220746	-0.162848	-0.115121	-0.0829673	-0.0878597	-0.144151	-0.253659	-0.39943	-0.552189	-0.67164	-0.720046	-0.696611	-0.615693	-0.494466	
-0.326977	-0.400248	-0.477064	-0.546974	-0.595325	-0.604407	-0.56998	-0.506554	-0.430831	-0.354515	-0.294041	-0.256497	-0.225527	-0.196583	-0.182464	-0.197835	-0.264183	-0.377492	-0.512799	-0.645019	-0.743757	-0.773995	-0.730545	-0.626135	-0.479705	
-0.298862	-0.325156	-0.359861	-0.39544	-0.419401	-0.423294	-0.407331	-0.374268	-0.338991	-0.307481	-0.291958	-0.289226	-0.290491	-0.289005	-0.290508	-0.312628	-0.378068	-0.480437	-0.599329	-0.706136	-0.774776	-0.788757	-0.741062	-0.635125	-0.483932	
-0.269826	-0.242324	-0.231633	-0.234677	-0.236926	-0.237636	-0.235873	-0.231751	-0.235963	-0.256982	-0.292254	-0.327015	-0.361512	-0.382184	-0.396369	-0.423324	-0.476977	-0.553019	-0.643457	-0.722629	-0.767951	-0.765687	-0.717894	-0.628301	-0.48996	
-0.232603	-0.15697	-0.106421	-0.0817201	-0.0714277	-0.0708119	-0.0764208	-0.0934797	-0.133247	-0.200322	-0.281579	-0.353879	-0.417604	-0.46114	-0.486003	-0.511513	-0.549182	-0.593974	-0.645354	-0.692522	-0.718954	-0.708453	-0.666237	-0.595891	-0.490755	
-0.189868	-0.0789057	0.00804726	0.059277	0.0828277	0.0873993	0.0711559	0.0331526	-0.0399262	-0.14426	-0.258478	-0.364505	-0.449264	-0.509375	-0.542001	-0.556225	-0.569726	-0.588101	-0.607542	-0.625862	-0.630088	-0.616983	-0.589977	-0.548637	-0.49364	
-0.161024	-0.0242679	0.0940148	0.177997	0.219558	0.22691	0.199543	0.132419	0.0264276	-0.105567	-0.245811	-0.373956	-0.466639	-0.52747	-0.552289	-0.544726	-0.528235	-0.517773	-0.514592	-0.513804	-0.502329	-0.492848	-0.487092	-0.48748	-0.485872	
-0.164038	-0.00941879	0.134517	0.248604	0.308498	0.318099	0.279049	0.185197	0.0507489	-0.10253	-0.2538	-0.386743	-0.469903	-0.515737	-0.517867	-0.481951	-0.435717	-0.394911	-0.363794	-0.346609	-0.335254	-0.337186	-0.35709	-0.398074	-0.449637	
-0.183618	-0.0279098	0.127186	0.258673	0.333755	0.346943	0.295676	0.184865	0.0354747	-0.122276	-0.270659	-0.389503	-0.455383	-0.477381	-0.449858	-0.384075	-0.309267	-0.243304	-0.185921	-0.155997	-0.153491	-0.178878	-0.222333	-0.295494	-0.385745	
-0.211975	-0.0682327	0.0829356	0.223217	0.312988	0.329379	0.26717	0.142037	-0.00740514	-0.156973	-0.287426	-0.385143	-0.42746	-0.420862	-0.358575	-0.264734	-0.170293	-0.0831433	-0.00905881	0.0306607	0.024493	-0.0252241	-0.102456	-0.202078	-0.321447	
-0.242034	-0.11766	0.0278381	0.167795	0.261012	0.278338	0.212337	0.0871936	-0.0615887	-0.195559	-0.304632	-0.373992	-0.392059	-0.357692	-0.269949	-0.156623	-0.0505743	0.0529486	0.145162	0.194402	0.18433	0.111617	-0.00133153	-0.136706	-0.282716	
-0.270564	-0.164114	-0.0259393	0.105491	0.187847	0.202823	0.145201	0.0300545	-0.110508	-0.233295	-0.315565	-0.351718	-0.341352	-0.289808	-0.198	-0.0855423	0.0265412	0.142054	0.248099	0.31018	0.300099	0.213315	0.0731342	-0.0920512	-0.264933	
-0.265357	-0.182278	-0.0642133	0.0506336	0.117896	0.12848	0.0841174	-0.014738	-0.137982	-0.236869	-0.295707	-0.305602	-0.276661	-0.223973	-0.148102	-0.0522292	0.0554588	0.174535	0.283696	0.351078	0.342944	0.25296	0.103329	-0.0761159	-0.265756	
-0.216117	-0.15952	-0.0680221	0.0209281	0.0717668	0.0796542	0.0467244	-0.0294284	-0.126147	-0.198029	-0.233552	-0.230888	-0.202753	-0.161854	-0.109557	-0.0358924	0.0519201	0.154494	0.251391	0.310913	0.304096	0.221924	0.0798411	-0.0956288	-0.282519	
-0.124475	-0.0863226	-0.0239827	0.0326539	0.0600124	0.0640466	0.0472142	0.00148076	-0.0628397	-0.113672	-0.132102	-0.124144	-0.108011	-0.0978112	-0.0775766	-0.0340351	0.0256076	0.0972468	0.171886	0.217494	0.208608	0.137964	0.0105613	-0.150476	-0.318105	
-0.00540882	0.0175526	0.0529841	0.0825903	0.0961872	0.0975761	0.0900493	0.066371	0.0312972	0.00120033	-0.00857485	0.00138913	0.0053725	-0.0148916	-0.0345183	-0.0294209	-0.00578533	0.0339079	0.078083	0.102314	0.090551	0.029602	-0.0803605	-0.222482	-0.36658	
0.132341	0.130546	0.138328	0.152728	0.166872	0.17024	0.159008	0.143082	0.132636	0.130666	0.135932	0.139677	0.130114	0.092807	0.040033	-0.000877987	-0.0208774	-0.0176211	-0.00426868	-0.00546499	-0.0244666	-0.0786984	-0.177614	-0.303424	-0.423583	
0.280204	0.253376	0.234558	0.237334	0.247597	0.249956	0.241529	0.233363	0.243694	0.269908	0.292125	0.289795	0.264489	0.212608	0.137793	0.0521536	-0.0165799	-0.0548099	-0.073643	-0.0987405	-0.133646	-0.192481	-0.280799	-0.386184	-0.478289	
0.401505	0.364943	0.333291	0.32072	0.321091	0.3217	0.320067	0.325592	0.350595	0.387642	0.415558	0.4136	0.383002	0.32259	0.229691	0.116693	0.0105882	-0.0680705	-0.123178	-0.174297	-0.231698	-0.298539	-0.372803	-0.446125	-0.505557	
0.478642	0.448193	0.412249	0.391245	0.38933	0.390231	0.388885	0.401599	0.432686	0.468857	0.487081	0.484343	0.458603	0.399383	0.296725	0.169609	0.0453093	-0.0645451	-0.155527	-0.232017	-0.299535	-0.363578	-0.413614	-0.455659	-0.485689	
0.521622	0.505588	0.478544	0.461001	0.462214	0.464495	0.460175	0.468795	0.495746	0.517029	0.525576	0.51763	0.494162	0.439949	0.336286	0.19492	0.0574404	-0.0691695	-0.183139	-0.26908	-0.333438	-0.374865	-0.400738	-0.417137	-0.426727	
0.54132	0.544786	0.54187	0.533848	0.532403	0.532682	0.532417	0.538803	0.544185	0.543985	0.538089	0.531694	0.506138	0.452441	0.349538	0.201361	0.0489023	-0.0833435	-0.198243	-0.28349	-0.328193	-0.339775	-0.334767	-0.327267	-0.316991	
0.554251	0.578656	0.594223	0.587428	0.578517	0.577211	0.583088	0.59301	0.587467	0.562896	0.545573	0.532457	0.498858	0.437362	0.334001	0.191725	0.0476574	-0.0791342	-0.184198	-0.25057	-0.274029	-0.255368	-0.223743	-0.194615	-0.170569	
0.578656	0.613884	0.627418	0.617527	0.602618	0.599122	0.61097	0.62571	0.622157	0.593595	0.557983	0.522809	0.473542	0.401513	0.301069	0.178777	0.0618103	-0.0466901	-0.13581	-0.17917	-0.175887	-0.137525	-0.0877323	-0.0422943	-0.0134776	
0.594223	0.627418	0.634968	0.618406	0.599982	0.596074	0.610344	0.630183	0.63401	0.61055	0.564099	0.505097	0.438825	0.367577	0.275519	0.175171	0.0862836	0.00523083	-0.0565006	-0.0712113	-0.0436983	0.00557394	0.0614591	0.112717	0.137578	
0.587428	0.617527	0.618406	0.601339	0.583116	0.579132	0.593352	0.613018	0.621071	0.60296	0.557865	0.490853	0.418575	0.349702	0.272122	0.185061	0.109293	0.0490636	0.0201917	0.0346634	0.0817732	0.142908	0.202554	0.248416	0.259827	
0.578517	0.602618	0.599982	0.583116	0.570181	0.567775	0.57678	0.593345	0.604507	0.591141	0.553507	0.492256	0.417932	0.347807	0.278543	0.198768	0.121735	0.0687972	0.0619285	0.0961913	0.1579	0.232677	0.295738	0.330036	0.325647	
0.577211	0.599122	0.596074	0.579132	0.567775	0.565686	0.573143	0.589441	0.600712	0.589215	0.552967	0.494316	0.41945	0.348625	0.280305	0.20259	0.123562	0.0715826	0.0685953	0.105458	0.171211	0.249175	0.312708	0.34444	0.336542	
0.583088	0.61097	0.610344	0.593352	0.57678	0.573143	0.585648	0.604723	0.613778	0.597507	0.555516	0.490243	0.416658	0.347777	0.274457	0.190607	0.115593	0.0597452	0.0416113	0.0655248	0.11911	0.185929	0.24779	0.288236	0.292871	
0.59301	0.62571	0.630183	0.613018	0.593345	0.589441	0.604723	0.62497	0.631367	0.609224	0.562807	0.497586	0.428285	0.357948	0.271929	0.177431	0.0962597	0.0253369	-0.0230731	-0.0252425	0.00972459	0.0640918	0.120543	0.171494	0.19172	
0.587467	0.622157	0.63401	0.621071	0.604507	0.600712	0.613778	0.631367	0.629699	0.603729	0.561448	0.516584	0.459374	0.386716	0.288464	0.176308	0.0711358	-0.0268988	-0.106536	-0.13933	-0.124913	-0.082755	-0.0285228	0.020504	0.0491879	
0.562896	0.593595	0.61055	0.60296	0.591141	0.589215	0.597507	0.609224	0.603729	0.573922	0.550836	0.530014	0.490975	0.424218	0.321503	0.185936	0.0513867	-0.0700759	-0.169742	-0.226232	-0.240499	-0.212054	-0.172077	-0.13516	-0.10859	
0.545573	0.557983	0.564099	0.557865	0.553507	0.552967	0.555516	0.562807	0.561448	0.550836	0.540445	0.533418	0.505604	0.449811	0.347215	0.199425	0.0464313	-0.0847649	-0.196368	-0.275954	-0.312255	-0.311276	-0.294214	-0.277102	-0.260397	
0.532457	0.522809	0.505097	0.490853	0.492256	0.494316	0.490243	0.497586	0.516584	0.530014	0.533418	0.525289	0.500551	0.448248	0.344681	0.199333	0.0545554	-0.0751325	-0.192043	-0.278896	-0.336501	-0.366957	-0.381138	-0.388209	-0.389683	
0.498858	0.473542	0.438825	0.418575	0.417932	0.41945	0.416658	0.428285	0.459374	0.490975	0.505604	0.500551	0.476438	0.419164	0.315893	0.183381	0.0540508	-0.0644718	-0.167245	-0.249035	-0.31694	-0.373967	-0.414301	-0.445302	-0.466598	
0.437362	0.401513	0.367577	0.349702	0.347807	0.348625	0.347777	0.357948	0.386716	0.424218	0.449811	0.448248	0.419164	0.358046	0.259776	0.140474	0.0251014	-0.0671503	-0.137223	-0.199165	-0.262934	-0.330992	-0.396094	-0.456276	-0.503205	
0.334001	0.301069	0.275519	0.272122	0.278543	0.280305	0.274457	0.271929	0.288464	0.321503	0.347215	0.344681	0.315893	0.259776	0.176796	0.0777676	-0.00883752	-0.0631236	-0.0961579	-0.132085	-0.175707	-0.238436	-0.321331	-0.415136	-0.494498	
0.191725	0.178777	0.175171	0.185061	0.198768	0.20259	0.190607	0.177431	0.176308	0.185936	0.199425	0.199333	0.183381	0.140474	0.0777676	0.0176358	-0.0212174	-0.0342186	-0.0336053	-0.0441831	-0.0684596	-0.123083	-0.218255	-0.337446	-0.446733	
0.0476574	0.0618103	0.0862836	0.109293	0.121735	0.123562	0.115593	0.0962597	0.0711358	0.0513867	0.0464313	0.0545554	0.0540508	0.0251014	-0.00883752	-0.0212174	-0.0143142	0.0119933	0.0433121	0.0571583	0.043628	-0.014064	-0.118803	-0.253517	-0.388367	
-0.0791342	-0.0466901	0.00523083	0.0490636	0.0687972	0.0715826	0.0597452	0.0253369	-0.0268988	-0.0700759	-0.0847649	-0.0751325	-0.0644718	-0.0671503	-0.0631236	-0.0342186	0.0119933	0.0710579	0.134201	0.172326	0.161838	0.0948538	-0.024233	-0.178492	-0.336964	
-0.184198	-0.13581	-0.0565006	0.0201917	0.0619285	0.0685953	0.0416113	-0.0230731	-0.106536	-0.169742	-0.196368	-0.192043	-0.167245	-0.137223	-0.0961579	-0.0336053	0.0433121	0.134201	0.223625	0.278045	0.270781	0.194015	0.0564315	-0.113494	-0.293829	
-0.25057	-0.17917	-0.0712113	0.0346634	0.0961913	0.105458	0.0655248	-0.0252425	-0.13933	-0.226232	-0.275954	-0.278896	-0.249035	-0.199165	-0.132085	-0.0441831	0.0571583	0.172326	0.278045	0.343951	0.33683	0.248406	0.0999962	-0.0799046	-0.270955	
-0.274029	-0.175887	-0.0436983	0.0817732	0.1579	0.171211	0.11911	0.00972459	-0.124913	-0.240499	-0.312255	-0.336501	-0.31694	-0.262934	-0.175707	-0.0684596	0.043628	0.161838	0.270781	0.33683	0.326768	0.237636	0.0917351	-0.0811378	-0.262806	
-0.255368	-0.137525	0.00557394	0.142908	0.232677	0.249175	0.185929	0.0640918	-0.082755	-0.212054	-0.311276	-0.366957	-0.373967	-0.330992	-0.238436	-0.123083	-0.014064	0.0948538	0.194015	0.248406	0.237636	0.157904	0.0321997	-0.116509	-0.273614	
-0.223743	-0.0877323	0.0614591	0.202554	0.295738	0.312708	0.24779	0.120543	-0.0285228	-0.172077	-0.294214	-0.381138	-0.414301	-0.396094	-0.321331	-0.218255	-0.118803	-0.024233	0.0564315	0.0999962	0.0917351	0.0321997	-0.0590225	-0.17252	-0.302794	
-0.194615	-0.0422943	0.112717	0.248416	0.330036	0.34444	0.288236	0.171494	0.020504	-0.13516	-0.277102	-0.388209	-0.445302	-0.456276	-0.415136	-0.337446	-0.253517	-0.178492	-0.113494	-0.0799046	-0.0811378	-0.116509	-0.17252	-0.255019	-0.358101	
-0.170569	-0.0134776	0.137578	0.259827	0.325647	0.336542	0.292871	0.19172	0.0491879	-0.10859	-0.260397	-0.389683	-0.466598	-0.503205	-0.494498	-0.446733	-0.388367	-0.336964	-0.293829	-0.270955	-0.262806	-0.273614	-0.302794	-0.358101	-0.426305	
