0.304058	0.232607	0.164903	0.103028	0.0554743	0.046028	0.0813461	0.139257	0.204688	0.275231	0.347086	0.419067	0.491729	0.559033	0.614288	0.6503	0.656656	0.651728	0.664231	0.699191	0.737942	0.770266	0.808001	0.854756	0.905521	
0.313477	0.246386	0.182001	0.1217	0.0738182	0.0638448	0.0999232	0.157216	0.220345	0.286428	0.354896	0.426185	0.496766	0.561894	0.617462	0.657499	0.670813	0.677377	0.704106	0.747619	0.78507	0.812131	0.844263	0.885156	0.940515	
0.299778	0.238629	0.180795	0.125354	0.0828825	0.075577	0.105572	0.158348	0.2151	0.274732	0.337015	0.400347	0.460906	0.508443	0.553995	0.592709	0.619576	0.64081	0.675163	0.720773	0.75352	0.775959	0.808637	0.857199	0.918424	
0.267635	0.216293	0.166182	0.113304	0.0738443	0.0653638	0.0952197	0.144222	0.196864	0.24696	0.300315	0.350345	0.387444	0.41667	0.446139	0.478908	0.513496	0.551066	0.591388	0.630304	0.658102	0.678963	0.714329	0.776576	0.856024	
0.222578	0.179958	0.136228	0.0903373	0.0597539	0.0547397	0.0752531	0.117367	0.163458	0.204861	0.249393	0.284683	0.299975	0.306907	0.320983	0.345096	0.38035	0.419585	0.455983	0.489059	0.517656	0.544964	0.591032	0.669765	0.76533	
0.163804	0.126987	0.0959762	0.0679061	0.055425	0.0549085	0.0607696	0.0839934	0.114379	0.147402	0.188161	0.215062	0.21567	0.205193	0.202973	0.2149	0.244226	0.274235	0.294039	0.316047	0.345229	0.38954	0.456979	0.549247	0.650321	
0.10057	0.0780663	0.0678937	0.0613306	0.0645014	0.0656257	0.0615665	0.0641061	0.0733462	0.0899792	0.11946	0.139992	0.133104	0.118091	0.0992907	0.0951015	0.111563	0.128156	0.131114	0.139111	0.16928	0.224468	0.308838	0.41404	0.523028	
0.0469426	0.0413526	0.0468321	0.0580713	0.0725441	0.077251	0.0630842	0.0507417	0.0426539	0.0432818	0.0542332	0.0593344	0.047554	0.0317729	0.0111712	-0.00366605	-0.00402435	-0.00399137	-0.00814888	-0.00410257	0.0214564	0.0764765	0.166645	0.269356	0.376401	
-0.00999075	-0.00401831	0.0112023	0.0339027	0.0537332	0.0609673	0.0417549	0.0203854	0.000758964	-0.00862433	-0.011012	-0.0169237	-0.0295036	-0.0448178	-0.0618714	-0.0757952	-0.0780284	-0.086266	-0.0958185	-0.0960328	-0.0745548	-0.0306971	0.0450162	0.131284	0.230197	
-0.0770416	-0.0634048	-0.040898	-0.0149626	0.00451787	0.010466	-0.00696153	-0.03002	-0.0551813	-0.0722393	-0.0828879	-0.0896942	-0.0920797	-0.099821	-0.106743	-0.118074	-0.116113	-0.121245	-0.13295	-0.13945	-0.131808	-0.0959938	-0.0407624	0.0296305	0.110449	
-0.140766	-0.120395	-0.096993	-0.0748881	-0.057946	-0.0532456	-0.0676331	-0.0878919	-0.111082	-0.132744	-0.150223	-0.152003	-0.139272	-0.124919	-0.11615	-0.122822	-0.127681	-0.134503	-0.144509	-0.160226	-0.166104	-0.142452	-0.1013	-0.0460737	0.0141784	
-0.188766	-0.164405	-0.142871	-0.12785	-0.117736	-0.115971	-0.12298	-0.136438	-0.154589	-0.179795	-0.196953	-0.1887	-0.160588	-0.128602	-0.112822	-0.115598	-0.126337	-0.136189	-0.149745	-0.172911	-0.188402	-0.186422	-0.157939	-0.106321	-0.049779	
-0.212867	-0.196412	-0.18257	-0.178427	-0.177499	-0.177083	-0.177996	-0.179833	-0.189932	-0.207537	-0.214642	-0.196949	-0.161742	-0.126425	-0.106922	-0.105431	-0.11204	-0.122648	-0.144953	-0.176427	-0.201285	-0.215987	-0.205358	-0.16249	-0.103864	
-0.218277	-0.212845	-0.213201	-0.222231	-0.230439	-0.229669	-0.227503	-0.215153	-0.212141	-0.216427	-0.217682	-0.200232	-0.163674	-0.130297	-0.11149	-0.110022	-0.105125	-0.108751	-0.134863	-0.177278	-0.209723	-0.222602	-0.221898	-0.196067	-0.148091	
-0.226607	-0.224274	-0.229543	-0.248292	-0.268262	-0.271763	-0.258092	-0.235007	-0.224838	-0.225642	-0.225049	-0.207366	-0.175218	-0.147244	-0.133729	-0.127028	-0.113821	-0.112866	-0.129529	-0.164414	-0.201064	-0.216234	-0.213682	-0.198337	-0.173661	
-0.234761	-0.234053	-0.239523	-0.256551	-0.276546	-0.280338	-0.26505	-0.245409	-0.235232	-0.23448	-0.234671	-0.224396	-0.200532	-0.179906	-0.171351	-0.155847	-0.131569	-0.118968	-0.12243	-0.142289	-0.171041	-0.190577	-0.190336	-0.184209	-0.172441	
-0.238154	-0.235063	-0.239495	-0.248756	-0.255483	-0.258954	-0.250075	-0.244493	-0.235789	-0.235822	-0.241601	-0.244445	-0.236546	-0.227003	-0.22061	-0.190691	-0.151299	-0.124861	-0.120831	-0.124951	-0.1361	-0.148559	-0.155399	-0.159678	-0.154164	
-0.238607	-0.226919	-0.222772	-0.227378	-0.234024	-0.235735	-0.230157	-0.223997	-0.223957	-0.233154	-0.247536	-0.258598	-0.263424	-0.264884	-0.258596	-0.229218	-0.183889	-0.14314	-0.124008	-0.119838	-0.118019	-0.114906	-0.12288	-0.1379	-0.140609	
-0.231877	-0.214606	-0.206921	-0.209113	-0.213017	-0.213325	-0.211778	-0.20645	-0.209803	-0.224371	-0.243095	-0.258506	-0.272309	-0.281773	-0.281009	-0.26211	-0.226552	-0.1817	-0.146187	-0.129079	-0.116719	-0.105837	-0.109434	-0.124779	-0.131738	
-0.21527	-0.205991	-0.205019	-0.203296	-0.195672	-0.193175	-0.200243	-0.205004	-0.205234	-0.210428	-0.224216	-0.243082	-0.264024	-0.280377	-0.290429	-0.281598	-0.259959	-0.227912	-0.189157	-0.156891	-0.13053	-0.112012	-0.105467	-0.114637	-0.123478	
-0.207392	-0.207094	-0.206626	-0.204525	-0.200432	-0.200179	-0.202222	-0.206538	-0.207152	-0.206629	-0.210131	-0.225098	-0.242721	-0.260558	-0.283369	-0.291484	-0.283253	-0.262244	-0.228373	-0.184055	-0.145072	-0.117568	-0.104328	-0.108716	-0.115808	
-0.21087	-0.217292	-0.21889	-0.221885	-0.225411	-0.227912	-0.222997	-0.220024	-0.217667	-0.214363	-0.205877	-0.20574	-0.215405	-0.230762	-0.259568	-0.281405	-0.285635	-0.273163	-0.244125	-0.195241	-0.1516	-0.126522	-0.116612	-0.118247	-0.121614	
-0.207609	-0.221958	-0.233849	-0.238255	-0.233189	-0.2306	-0.237081	-0.236851	-0.227135	-0.213759	-0.20056	-0.194162	-0.199084	-0.211468	-0.236284	-0.264579	-0.278087	-0.270866	-0.245334	-0.206836	-0.171963	-0.15356	-0.146775	-0.146891	-0.141777	
-0.208648	-0.223543	-0.233142	-0.233015	-0.22679	-0.224388	-0.230637	-0.234774	-0.228505	-0.214449	-0.200062	-0.190955	-0.191487	-0.202805	-0.222872	-0.243932	-0.260452	-0.264551	-0.252385	-0.226775	-0.201885	-0.18875	-0.184446	-0.182978	-0.164247	
-0.216064	-0.22609	-0.223075	-0.214965	-0.21571	-0.217006	-0.2142	-0.219509	-0.226677	-0.221074	-0.208087	-0.197529	-0.194852	-0.200512	-0.210493	-0.223585	-0.243245	-0.254753	-0.247435	-0.236048	-0.225416	-0.216329	-0.211613	-0.205004	-0.174294	
-0.222436	-0.224073	-0.219914	-0.209117	-0.199982	-0.199197	-0.204747	-0.215698	-0.223266	-0.223697	-0.21902	-0.211458	-0.20683	-0.209675	-0.208711	-0.21059	-0.225324	-0.237388	-0.238808	-0.236254	-0.230582	-0.220836	-0.216253	-0.201683	-0.162206	
-0.224073	-0.220548	-0.221151	-0.2137	-0.19741	-0.193417	-0.207196	-0.219545	-0.2207	-0.222487	-0.225639	-0.224468	-0.223139	-0.220151	-0.210672	-0.20517	-0.210536	-0.221685	-0.232352	-0.236309	-0.228371	-0.217096	-0.204695	-0.179132	-0.13926	
-0.219914	-0.221151	-0.216409	-0.209947	-0.207445	-0.207039	-0.20857	-0.213415	-0.219795	-0.22046	-0.220673	-0.229217	-0.235913	-0.226156	-0.209841	-0.205401	-0.205403	-0.214756	-0.234386	-0.241818	-0.233678	-0.220909	-0.196755	-0.159287	-0.116388	
-0.209117	-0.2137	-0.209947	-0.204491	-0.210929	-0.21351	-0.206227	-0.20663	-0.213315	-0.211037	-0.210803	-0.225967	-0.238397	-0.230231	-0.210092	-0.202329	-0.205468	-0.218916	-0.241043	-0.255124	-0.253463	-0.235269	-0.197429	-0.1477	-0.0969186	
-0.199982	-0.19741	-0.207445	-0.210929	-0.20831	-0.20818	-0.210001	-0.210108	-0.201359	-0.196451	-0.209047	-0.223359	-0.231353	-0.230827	-0.210349	-0.193833	-0.204587	-0.226281	-0.246007	-0.270016	-0.276397	-0.248264	-0.199554	-0.142122	-0.0818255	
-0.199197	-0.193417	-0.207039	-0.21351	-0.20818	-0.20668	-0.212154	-0.211416	-0.198154	-0.193962	-0.210077	-0.222965	-0.227551	-0.231794	-0.211825	-0.191809	-0.203268	-0.227419	-0.24926	-0.27375	-0.280633	-0.248679	-0.19902	-0.141258	-0.0782479	
-0.204747	-0.207196	-0.20857	-0.206227	-0.210001	-0.212154	-0.206958	-0.207385	-0.208523	-0.204989	-0.209177	-0.224112	-0.236568	-0.230673	-0.209745	-0.198345	-0.205817	-0.222615	-0.241908	-0.260844	-0.263746	-0.24273	-0.199044	-0.144825	-0.0903328	
-0.215698	-0.219545	-0.213415	-0.20663	-0.210108	-0.211416	-0.207385	-0.209706	-0.218105	-0.217449	-0.216224	-0.22893	-0.238517	-0.228247	-0.209987	-0.205362	-0.205015	-0.214864	-0.237781	-0.247254	-0.240051	-0.224658	-0.195876	-0.153891	-0.108244	
-0.223266	-0.2207	-0.219795	-0.213315	-0.201359	-0.198154	-0.208523	-0.218105	-0.220419	-0.222131	-0.225148	-0.227746	-0.228987	-0.222512	-0.210366	-0.205235	-0.207186	-0.217314	-0.232052	-0.237655	-0.229153	-0.217279	-0.200735	-0.170135	-0.129611	
-0.223697	-0.222487	-0.22046	-0.211037	-0.196451	-0.193962	-0.204989	-0.217449	-0.222131	-0.223485	-0.222746	-0.216785	-0.213389	-0.214532	-0.209819	-0.20738	-0.218307	-0.230496	-0.235506	-0.235686	-0.229662	-0.219434	-0.212342	-0.193893	-0.153369	
-0.21902	-0.225639	-0.220673	-0.210803	-0.209047	-0.210077	-0.209177	-0.216224	-0.225148	-0.222746	-0.212245	-0.202731	-0.198937	-0.203584	-0.20859	-0.216934	-0.235765	-0.248454	-0.244766	-0.236646	-0.229326	-0.220375	-0.215954	-0.206822	-0.17235	
-0.211458	-0.224468	-0.229217	-0.225967	-0.223359	-0.222965	-0.224112	-0.22893	-0.227746	-0.216785	-0.202731	-0.192508	-0.191712	-0.199889	-0.217322	-0.235616	-0.253815	-0.261141	-0.251072	-0.232466	-0.213463	-0.202227	-0.197739	-0.194305	-0.170472	
-0.20683	-0.223139	-0.235913	-0.238397	-0.231353	-0.227551	-0.236568	-0.238517	-0.228987	-0.213389	-0.198937	-0.191712	-0.194363	-0.208061	-0.230849	-0.256943	-0.271283	-0.268441	-0.249025	-0.215044	-0.183364	-0.166327	-0.162123	-0.162209	-0.151309	
-0.209675	-0.220151	-0.226156	-0.230231	-0.230827	-0.231794	-0.230673	-0.228247	-0.222512	-0.214532	-0.203584	-0.199889	-0.208061	-0.221146	-0.248578	-0.274378	-0.283891	-0.273824	-0.244371	-0.198512	-0.157737	-0.135691	-0.127169	-0.127592	-0.128245	
-0.208711	-0.210672	-0.209841	-0.210092	-0.210349	-0.211825	-0.209745	-0.209987	-0.210366	-0.209819	-0.20859	-0.217322	-0.230849	-0.248578	-0.275358	-0.289812	-0.28644	-0.269075	-0.238313	-0.190211	-0.146958	-0.11902	-0.106602	-0.110145	-0.115626	
-0.21059	-0.20517	-0.205401	-0.202329	-0.193833	-0.191809	-0.198345	-0.205362	-0.205235	-0.20738	-0.216934	-0.235616	-0.256943	-0.274378	-0.289812	-0.287273	-0.271147	-0.243536	-0.206193	-0.168989	-0.137565	-0.1152	-0.104884	-0.111199	-0.120472	
-0.225324	-0.210536	-0.205403	-0.205468	-0.204587	-0.203268	-0.205817	-0.205015	-0.207186	-0.218307	-0.235765	-0.253815	-0.271283	-0.283891	-0.28644	-0.271147	-0.241343	-0.200759	-0.162636	-0.13886	-0.120494	-0.106635	-0.107404	-0.121268	-0.128632	
-0.237388	-0.221685	-0.214756	-0.218916	-0.226281	-0.227419	-0.222615	-0.214864	-0.217314	-0.230496	-0.248454	-0.261141	-0.268441	-0.273824	-0.269075	-0.243536	-0.200759	-0.156879	-0.129524	-0.120848	-0.115493	-0.108814	-0.115755	-0.131987	-0.137173	
-0.238808	-0.232352	-0.234386	-0.241043	-0.246007	-0.24926	-0.241908	-0.237781	-0.232052	-0.235506	-0.244766	-0.251072	-0.249025	-0.244371	-0.238313	-0.206193	-0.162636	-0.129524	-0.120551	-0.121652	-0.126765	-0.132214	-0.140493	-0.149634	-0.147394	
-0.236254	-0.236309	-0.241818	-0.255124	-0.270016	-0.27375	-0.260844	-0.247254	-0.237655	-0.235686	-0.236646	-0.232466	-0.215044	-0.198512	-0.190211	-0.168989	-0.13886	-0.120848	-0.121652	-0.134637	-0.155645	-0.174193	-0.177515	-0.175261	-0.166143	
-0.230582	-0.228371	-0.233678	-0.253463	-0.276397	-0.280633	-0.263746	-0.240051	-0.229153	-0.229662	-0.229326	-0.213463	-0.183364	-0.157737	-0.146958	-0.137565	-0.120494	-0.115493	-0.126765	-0.155645	-0.191309	-0.208849	-0.206145	-0.19377	-0.176106	
-0.220836	-0.217096	-0.220909	-0.235269	-0.248264	-0.248679	-0.24273	-0.224658	-0.217279	-0.219434	-0.220375	-0.202227	-0.166327	-0.135691	-0.11902	-0.1152	-0.106635	-0.108814	-0.132214	-0.174193	-0.208849	-0.222027	-0.22084	-0.200594	-0.161096	
-0.216253	-0.204695	-0.196755	-0.197429	-0.199554	-0.19902	-0.199044	-0.195876	-0.200735	-0.212342	-0.215954	-0.197739	-0.162123	-0.127169	-0.106602	-0.104884	-0.107404	-0.115755	-0.140493	-0.177515	-0.206145	-0.22084	-0.215961	-0.179624	-0.123605	
-0.201683	-0.179132	-0.159287	-0.1477	-0.142122	-0.141258	-0.144825	-0.153891	-0.170135	-0.193893	-0.206822	-0.194305	-0.162209	-0.127592	-0.110145	-0.111199	-0.121268	-0.131987	-0.149634	-0.175261	-0.19377	-0.200594	-0.179624	-0.129959	-0.0711341	
-0.162206	-0.13926	-0.116388	-0.0969186	-0.0818255	-0.0782479	-0.0903328	-0.108244	-0.129611	-0.153369	-0.17235	-0.170472	-0.151309	-0.128245	-0.115626	-0.120472	-0.128632	-0.137173	-0.147394	-0.166143	-0.176106	-0.161096	-0.123605	-0.0711341	-0.0150515	
