0.919655	0.867692	0.827458	0.790103	0.761568	0.755931	0.776945	0.812358	0.85054	0.897118	0.959221	1.03915	1.12133	1.18238	1.20653	1.19068	1.1527	1.08333	0.976308	0.835027	0.661188	0.465753	0.268246	0.0798894	-0.0949734	
0.82572	0.794992	0.777922	0.758222	0.740184	0.736171	0.749337	0.770877	0.787493	0.811183	0.856174	0.933347	1.02406	1.09182	1.12356	1.11866	1.09945	1.05375	0.977217	0.870444	0.727145	0.550751	0.361645	0.166991	-0.0320962	
0.706831	0.689191	0.696336	0.703962	0.700166	0.69906	0.702958	0.701151	0.690023	0.695859	0.73473	0.808304	0.89449	0.964866	1.00026	1.00895	1.00882	0.997482	0.962055	0.892146	0.784657	0.643438	0.473946	0.286526	0.0769859	
0.578317	0.568844	0.584882	0.611327	0.627882	0.630124	0.619782	0.595868	0.572462	0.570903	0.59917	0.657766	0.735064	0.802512	0.843485	0.868415	0.89129	0.912343	0.9178	0.889208	0.8243	0.721396	0.581539	0.41112	0.214431	
0.432549	0.432144	0.458717	0.493556	0.514719	0.517515	0.50437	0.47291	0.440521	0.428195	0.44687	0.492547	0.557606	0.618627	0.666028	0.712249	0.759652	0.80696	0.846107	0.856211	0.82987	0.769128	0.670273	0.531517	0.360415	
0.263742	0.275431	0.314285	0.35985	0.38975	0.395869	0.375019	0.332963	0.288112	0.264827	0.271582	0.301772	0.353716	0.417657	0.477245	0.544069	0.622184	0.703064	0.764329	0.801901	0.816564	0.799401	0.743734	0.647598	0.51573	
0.0710343	0.105668	0.158453	0.204067	0.235411	0.240439	0.219325	0.177498	0.126731	0.0810733	0.0682089	0.0926032	0.144492	0.213655	0.291564	0.38077	0.484873	0.590039	0.677142	0.741574	0.790085	0.813251	0.804041	0.755111	0.668221	
-0.125559	-0.0752903	-0.0166775	0.0229572	0.0442036	0.0466108	0.033563	0.00189435	-0.0507119	-0.108857	-0.139191	-0.123354	-0.0663536	0.00990613	0.108849	0.227479	0.358598	0.489853	0.604855	0.69587	0.771461	0.833959	0.872836	0.863277	0.808299	
-0.30552	-0.258658	-0.211234	-0.177059	-0.167064	-0.167601	-0.170183	-0.195711	-0.238371	-0.288956	-0.321472	-0.312479	-0.258647	-0.172417	-0.0569938	0.0888985	0.249329	0.406522	0.553481	0.677279	0.7831	0.875099	0.950025	0.973035	0.936992	
-0.468437	-0.431225	-0.397753	-0.379164	-0.375028	-0.375694	-0.375985	-0.388827	-0.416136	-0.455017	-0.479291	-0.464878	-0.40943	-0.320053	-0.194378	-0.0342833	0.141704	0.324107	0.499675	0.657518	0.796751	0.914525	1.01467	1.06299	1.04043	
-0.589335	-0.566614	-0.551261	-0.546093	-0.541024	-0.540544	-0.543316	-0.549155	-0.557536	-0.582135	-0.593118	-0.575441	-0.524726	-0.435098	-0.304944	-0.143007	0.0350752	0.230353	0.426185	0.607106	0.775166	0.923125	1.0453	1.11141	1.10771	
-0.654634	-0.643856	-0.645154	-0.651181	-0.65469	-0.655686	-0.652394	-0.647582	-0.642226	-0.650921	-0.655802	-0.643513	-0.603984	-0.526575	-0.407396	-0.250124	-0.0716366	0.124663	0.325763	0.514501	0.695163	0.866596	1.01225	1.10174	1.12617	
-0.665243	-0.657505	-0.672395	-0.698337	-0.71739	-0.722178	-0.707126	-0.682582	-0.66089	-0.659827	-0.675369	-0.681879	-0.653612	-0.594275	-0.49677	-0.355634	-0.192165	-0.010622	0.184857	0.371219	0.557467	0.742624	0.908267	1.02627	1.07898	
-0.646677	-0.632373	-0.649087	-0.687367	-0.721348	-0.728739	-0.70326	-0.662429	-0.636115	-0.63651	-0.667197	-0.692483	-0.682443	-0.641832	-0.567818	-0.459643	-0.323909	-0.166703	0.00664678	0.188339	0.381351	0.578431	0.753239	0.890375	0.967105	
-0.607476	-0.58259	-0.594037	-0.637273	-0.67352	-0.680515	-0.654726	-0.608723	-0.583228	-0.593609	-0.632788	-0.667874	-0.678945	-0.662355	-0.613998	-0.54677	-0.45083	-0.330369	-0.18573	-0.014386	0.181962	0.384375	0.566484	0.718731	0.816718	
-0.545836	-0.511793	-0.515799	-0.553551	-0.586289	-0.591529	-0.569643	-0.528811	-0.50851	-0.528596	-0.57464	-0.620645	-0.655553	-0.663316	-0.643166	-0.613071	-0.565101	-0.486287	-0.368538	-0.213103	-0.0206328	0.185534	0.375847	0.536659	0.647444	
-0.477461	-0.436328	-0.428927	-0.44705	-0.469217	-0.472889	-0.457416	-0.433521	-0.429863	-0.457431	-0.511241	-0.564744	-0.614094	-0.652728	-0.673174	-0.672833	-0.660155	-0.617455	-0.523142	-0.37886	-0.199916	-0.000520437	0.189753	0.352238	0.465047	
-0.415441	-0.379701	-0.357483	-0.350753	-0.356953	-0.359888	-0.351725	-0.352033	-0.369949	-0.399161	-0.44537	-0.503225	-0.561561	-0.624634	-0.677702	-0.71176	-0.729985	-0.708534	-0.631921	-0.505249	-0.345591	-0.169025	0.00408791	0.155174	0.271072	
-0.368946	-0.329497	-0.30481	-0.289664	-0.286219	-0.287386	-0.286741	-0.297538	-0.317637	-0.352172	-0.395808	-0.445716	-0.504535	-0.576569	-0.651015	-0.712133	-0.752917	-0.7478	-0.6843	-0.584569	-0.460119	-0.320421	-0.177584	-0.0439015	0.0702147	
-0.32415	-0.287691	-0.268516	-0.263685	-0.255759	-0.254307	-0.260438	-0.26598	-0.277082	-0.308577	-0.34919	-0.390835	-0.442188	-0.519393	-0.602083	-0.673575	-0.722279	-0.731682	-0.693385	-0.628056	-0.547318	-0.453134	-0.338168	-0.224892	-0.1146	
-0.287668	-0.263572	-0.255979	-0.261343	-0.259461	-0.258018	-0.261285	-0.258824	-0.258035	-0.276167	-0.30773	-0.344173	-0.389626	-0.454174	-0.533813	-0.608654	-0.662587	-0.691057	-0.685543	-0.650445	-0.606699	-0.555992	-0.479762	-0.388526	-0.286185	
-0.265038	-0.252059	-0.261459	-0.275217	-0.279339	-0.278736	-0.278105	-0.268302	-0.252931	-0.257792	-0.276356	-0.297663	-0.329005	-0.378765	-0.454044	-0.52757	-0.587611	-0.63367	-0.661507	-0.660651	-0.651436	-0.631966	-0.585496	-0.516561	-0.427419	
-0.255632	-0.258996	-0.281405	-0.295709	-0.297731	-0.299123	-0.296426	-0.290047	-0.265297	-0.257081	-0.254679	-0.257928	-0.276827	-0.320294	-0.386081	-0.447578	-0.507205	-0.567039	-0.614843	-0.652082	-0.672444	-0.676612	-0.6507	-0.603607	-0.531958	
-0.269325	-0.286479	-0.306508	-0.317235	-0.319151	-0.320764	-0.317672	-0.313381	-0.29395	-0.276738	-0.259412	-0.248545	-0.251457	-0.288547	-0.341246	-0.389871	-0.442654	-0.502231	-0.561863	-0.617379	-0.661235	-0.690439	-0.684335	-0.652707	-0.591594	
-0.303034	-0.324145	-0.334419	-0.337275	-0.335293	-0.336246	-0.335961	-0.336635	-0.329396	-0.312585	-0.287574	-0.262756	-0.250568	-0.270612	-0.305404	-0.347301	-0.39554	-0.446188	-0.506573	-0.570156	-0.627497	-0.672359	-0.683633	-0.669156	-0.619683	
-0.342587	-0.358121	-0.355049	-0.34507	-0.339863	-0.339867	-0.3417	-0.351508	-0.357992	-0.352125	-0.320423	-0.280552	-0.258784	-0.258587	-0.277228	-0.307632	-0.351198	-0.395942	-0.450233	-0.519522	-0.584399	-0.634482	-0.659383	-0.664204	-0.62268	
-0.358121	-0.364508	-0.360318	-0.348948	-0.341566	-0.339647	-0.345291	-0.356166	-0.363434	-0.363801	-0.340178	-0.300247	-0.268904	-0.25157	-0.258063	-0.27526	-0.311277	-0.359225	-0.412075	-0.480763	-0.556013	-0.615239	-0.650745	-0.655756	-0.60566	
-0.355049	-0.360318	-0.350029	-0.347268	-0.346877	-0.347273	-0.346815	-0.348378	-0.356396	-0.359215	-0.343643	-0.318498	-0.290387	-0.269011	-0.255205	-0.261747	-0.287618	-0.334957	-0.397597	-0.480589	-0.565528	-0.629511	-0.668188	-0.663651	-0.596378	
-0.34507	-0.348948	-0.347268	-0.349972	-0.349144	-0.348391	-0.350342	-0.347936	-0.348833	-0.346987	-0.341753	-0.326587	-0.303194	-0.283913	-0.26513	-0.260527	-0.275435	-0.321553	-0.405355	-0.511385	-0.608789	-0.670728	-0.70101	-0.677155	-0.594912	
-0.339863	-0.341566	-0.346877	-0.349144	-0.350301	-0.351318	-0.349872	-0.347294	-0.344101	-0.340041	-0.338313	-0.326969	-0.306109	-0.28642	-0.267512	-0.253384	-0.269436	-0.323506	-0.420893	-0.541672	-0.642625	-0.708051	-0.726034	-0.685892	-0.592984	
-0.339867	-0.339647	-0.347273	-0.348391	-0.351318	-0.352403	-0.349476	-0.348101	-0.342896	-0.338733	-0.338642	-0.32886	-0.308517	-0.285322	-0.26692	-0.251394	-0.269439	-0.326006	-0.423924	-0.546886	-0.648433	-0.715903	-0.732181	-0.687951	-0.593087	
-0.3417	-0.345291	-0.346815	-0.350342	-0.349872	-0.349476	-0.350891	-0.347761	-0.346342	-0.343047	-0.339492	-0.326307	-0.303749	-0.28602	-0.267252	-0.257931	-0.272272	-0.320268	-0.411769	-0.526193	-0.625312	-0.688461	-0.712312	-0.681265	-0.593282	
-0.351508	-0.356166	-0.348378	-0.347936	-0.347294	-0.348101	-0.347761	-0.347711	-0.353391	-0.354627	-0.34379	-0.323409	-0.298517	-0.27745	-0.259818	-0.261383	-0.281123	-0.32781	-0.397791	-0.49061	-0.580941	-0.643389	-0.680835	-0.668981	-0.596126	
-0.357992	-0.363434	-0.356396	-0.348833	-0.344101	-0.342896	-0.346342	-0.353391	-0.360733	-0.362779	-0.342473	-0.30807	-0.275791	-0.255203	-0.2542	-0.267349	-0.299326	-0.348487	-0.404147	-0.475949	-0.555475	-0.617599	-0.654969	-0.656577	-0.599267	
-0.352125	-0.363801	-0.359215	-0.346987	-0.340041	-0.338733	-0.343047	-0.354627	-0.362779	-0.360823	-0.330404	-0.288823	-0.263032	-0.254614	-0.267721	-0.292964	-0.334488	-0.379543	-0.431898	-0.500516	-0.569225	-0.622564	-0.652528	-0.660486	-0.617516	
-0.320423	-0.340178	-0.343643	-0.341753	-0.338313	-0.338642	-0.339492	-0.34379	-0.342473	-0.330404	-0.300966	-0.269218	-0.252692	-0.265703	-0.29385	-0.331549	-0.377395	-0.424487	-0.483267	-0.550396	-0.61038	-0.657668	-0.673912	-0.668829	-0.623737	
-0.280552	-0.300247	-0.318498	-0.326587	-0.326969	-0.32886	-0.326307	-0.323409	-0.30807	-0.288823	-0.269218	-0.252944	-0.249668	-0.279683	-0.325829	-0.371638	-0.422651	-0.479923	-0.540393	-0.598723	-0.650032	-0.687444	-0.689313	-0.663069	-0.606488	
-0.258784	-0.268904	-0.290387	-0.303194	-0.306109	-0.308517	-0.303749	-0.298517	-0.275791	-0.263032	-0.252692	-0.249668	-0.263284	-0.305265	-0.366208	-0.421554	-0.478502	-0.539893	-0.593199	-0.641111	-0.671376	-0.68556	-0.667491	-0.626898	-0.56032	
-0.258587	-0.25157	-0.269011	-0.283913	-0.28642	-0.285322	-0.28602	-0.27745	-0.255203	-0.254614	-0.265703	-0.279683	-0.305265	-0.352154	-0.424746	-0.494067	-0.554741	-0.606918	-0.644595	-0.660317	-0.664247	-0.653726	-0.615421	-0.556426	-0.474388	
-0.277228	-0.258063	-0.255205	-0.26513	-0.267512	-0.26692	-0.267252	-0.259818	-0.2542	-0.267721	-0.29385	-0.325829	-0.366208	-0.424746	-0.501581	-0.577226	-0.634095	-0.669971	-0.679059	-0.656363	-0.625811	-0.589958	-0.527459	-0.445223	-0.346913	
-0.307632	-0.27526	-0.261747	-0.260527	-0.253384	-0.251394	-0.257931	-0.261383	-0.267349	-0.292964	-0.331549	-0.371638	-0.421554	-0.494067	-0.577226	-0.650747	-0.700529	-0.717133	-0.691683	-0.638412	-0.57435	-0.497841	-0.397853	-0.292808	-0.185441	
-0.351198	-0.311277	-0.287618	-0.275435	-0.269436	-0.269439	-0.272272	-0.281123	-0.299326	-0.334488	-0.377395	-0.422651	-0.478502	-0.554741	-0.634095	-0.700529	-0.746475	-0.746269	-0.691836	-0.605889	-0.498158	-0.375828	-0.243728	-0.118647	-0.00621785	
-0.395942	-0.359225	-0.334957	-0.321553	-0.323506	-0.326006	-0.320268	-0.32781	-0.348487	-0.379543	-0.424487	-0.479923	-0.539893	-0.606918	-0.669971	-0.717133	-0.746269	-0.731904	-0.659209	-0.542411	-0.39529	-0.231853	-0.0714604	0.0743751	0.1901	
-0.450233	-0.412075	-0.397597	-0.405355	-0.420893	-0.423924	-0.411769	-0.397791	-0.404147	-0.431898	-0.483267	-0.540393	-0.593199	-0.644595	-0.679059	-0.691683	-0.691836	-0.659209	-0.57343	-0.434335	-0.261749	-0.0699167	0.11658	0.275208	0.389355	
-0.519522	-0.480763	-0.480589	-0.511385	-0.541672	-0.546886	-0.526193	-0.49061	-0.475949	-0.500516	-0.550396	-0.598723	-0.641111	-0.660317	-0.656363	-0.638412	-0.605889	-0.542411	-0.434335	-0.284165	-0.0964143	0.109132	0.300827	0.463725	0.575212	
-0.584399	-0.556013	-0.565528	-0.608789	-0.642625	-0.648433	-0.625312	-0.580941	-0.555475	-0.569225	-0.61038	-0.650032	-0.671376	-0.664247	-0.625811	-0.57435	-0.498158	-0.39529	-0.261749	-0.0964143	0.0998729	0.303971	0.489778	0.646383	0.751198	
-0.634482	-0.615239	-0.629511	-0.670728	-0.708051	-0.715903	-0.688461	-0.643389	-0.617599	-0.622564	-0.657668	-0.687444	-0.68556	-0.653726	-0.589958	-0.497841	-0.375828	-0.231853	-0.0699167	0.109132	0.303971	0.50368	0.680387	0.823879	0.909794	
-0.659383	-0.650745	-0.668188	-0.70101	-0.726034	-0.732181	-0.712312	-0.680835	-0.654969	-0.652528	-0.673912	-0.689313	-0.667491	-0.615421	-0.527459	-0.397853	-0.243728	-0.0714604	0.11658	0.300827	0.489778	0.680387	0.851486	0.97839	1.04093	
-0.664204	-0.655756	-0.663651	-0.677155	-0.685892	-0.687951	-0.681265	-0.668981	-0.656577	-0.660486	-0.668829	-0.663069	-0.626898	-0.556426	-0.445223	-0.292808	-0.118647	0.0743751	0.275208	0.463725	0.646383	0.823879	0.97839	1.0792	1.1161	
-0.62268	-0.60566	-0.596378	-0.594912	-0.592984	-0.593087	-0.593282	-0.596126	-0.599267	-0.617516	-0.623737	-0.606488	-0.56032	-0.474388	-0.346913	-0.185441	-0.00621785	0.1901	0.389355	0.575212	0.751198	0.909794	1.04093	1.1161	1.1224	
