1.47344	1.38109	1.26423	1.13973	1.03963	0.96256	0.902276	0.857066	0.820625	0.784854	0.749117	0.713079	0.672886	0.632887	0.592137	0.550989	0.511308	0.473856	0.436504	0.404237	0.371752	0.344263	0.318203	0.295886	0.276152	
1.38109	1.32086	1.20975	1.09835	1.01503	0.950326	0.910817	0.888187	0.873918	0.858159	0.843013	0.824857	0.800663	0.778	0.749698	0.722376	0.693801	0.665008	0.636881	0.610139	0.583517	0.560336	0.537266	0.518027	0.500109	
1.26423	1.20975	1.10834	1.01655	0.935549	0.874341	0.844669	0.834576	0.834255	0.837197	0.848225	0.849271	0.851588	0.84977	0.840826	0.832521	0.817932	0.803379	0.78614	0.769336	0.750748	0.735062	0.716989	0.703894	0.688521	
1.13973	1.09835	1.01655	0.921248	0.821098	0.753138	0.722247	0.714202	0.722044	0.747553	0.773453	0.792569	0.818751	0.830026	0.842739	0.849513	0.852161	0.851957	0.850822	0.844676	0.841267	0.833096	0.827656	0.820121	0.814108	
1.03963	1.01503	0.935549	0.821098	0.707099	0.633071	0.589046	0.571058	0.582318	0.609249	0.633351	0.668518	0.701455	0.725572	0.756365	0.77602	0.795547	0.811916	0.824257	0.832997	0.84316	0.844527	0.852777	0.850577	0.85594	
0.96256	0.950326	0.874341	0.753138	0.633071	0.538118	0.466106	0.433897	0.432773	0.445918	0.472144	0.511875	0.543555	0.580709	0.617272	0.644168	0.67545	0.699527	0.719672	0.741183	0.754784	0.769473	0.781257	0.788699	0.798843	
0.902276	0.910817	0.844669	0.722247	0.589046	0.466106	0.374317	0.324686	0.304586	0.307322	0.328317	0.357603	0.384872	0.42294	0.452	0.48311	0.515081	0.539275	0.566508	0.589954	0.608314	0.630656	0.643164	0.660431	0.670588	
0.857066	0.888187	0.834576	0.714202	0.571058	0.433897	0.324686	0.253443	0.214798	0.20078	0.208184	0.223169	0.245563	0.274474	0.297785	0.329286	0.354288	0.380532	0.40644	0.42835	0.449699	0.470591	0.484598	0.504005	0.512365	
0.820625	0.873918	0.834255	0.722044	0.582318	0.432773	0.304586	0.214798	0.155782	0.127662	0.121709	0.126518	0.141906	0.160166	0.179995	0.202372	0.222239	0.243388	0.263316	0.280957	0.299723	0.314737	0.32979	0.34343	0.353496	
0.784854	0.858159	0.837197	0.747553	0.609249	0.445918	0.307322	0.20078	0.127662	0.0872067	0.0700039	0.0656574	0.0706524	0.0820321	0.0923451	0.107926	0.120787	0.135569	0.150059	0.163239	0.177544	0.189235	0.20176	0.211766	0.221529	
0.749117	0.843013	0.848225	0.773453	0.633351	0.472144	0.328317	0.208184	0.121709	0.0700039	0.042503	0.026128	0.027349	0.0291892	0.035106	0.0463319	0.0529605	0.0648913	0.074059	0.0833512	0.0934973	0.101374	0.10969	0.117327	0.122761	
0.713079	0.824857	0.849271	0.792569	0.668518	0.511875	0.357603	0.223169	0.126518	0.0656574	0.026128	0.00825996	0.0042618	4.90803e-05	0.00614564	0.00989436	0.0139573	0.0212983	0.0254086	0.0306621	0.0377408	0.0397941	0.0482508	0.0492882	0.0562091	
0.672886	0.800663	0.851588	0.818751	0.701455	0.543555	0.384872	0.245563	0.141906	0.0706524	0.027349	0.0042618	-0.00761221	-0.0134235	-0.012457	-0.0129117	-0.0103182	-0.00618363	-0.00514608	0.000697319	0.00252131	0.00640666	0.0103771	0.0117088	0.0163996	
0.632887	0.778	0.84977	0.830026	0.725572	0.580709	0.42294	0.274474	0.160166	0.0820321	0.0291892	4.90803e-05	-0.0134235	-0.022073	-0.0216896	-0.0228564	-0.0202013	-0.0187267	-0.0168609	-0.0145233	-0.0132325	-0.0113312	-0.00961939	-0.00887962	-0.00656299	
0.592137	0.749698	0.840826	0.842739	0.756365	0.617272	0.452	0.297785	0.179995	0.0923451	0.035106	0.00614564	-0.012457	-0.0216896	-0.0229484	-0.0266784	-0.02587	-0.0253826	-0.0261208	-0.0240202	-0.0242493	-0.0231437	-0.0216952	-0.0220682	-0.0196323	
0.550989	0.722376	0.832521	0.849513	0.77602	0.644168	0.48311	0.329286	0.202372	0.107926	0.0463319	0.00989436	-0.0129117	-0.0228564	-0.0266784	-0.0311299	-0.0284551	-0.0298534	-0.0289036	-0.0267083	-0.0281031	-0.025122	-0.0261049	-0.0247826	-0.0241794	
0.511308	0.693801	0.817932	0.852161	0.795547	0.67545	0.515081	0.354288	0.222239	0.120787	0.0529605	0.0139573	-0.0103182	-0.0202013	-0.02587	-0.0284551	-0.0277639	-0.0295987	-0.0282756	-0.0286127	-0.0290871	-0.0277045	-0.0291251	-0.0277312	-0.0283062	
0.473856	0.665008	0.803379	0.851957	0.811916	0.699527	0.539275	0.380532	0.243388	0.135569	0.0648913	0.0212983	-0.00618363	-0.0187267	-0.0253826	-0.0298534	-0.0295987	-0.0312718	-0.0307153	-0.0302978	-0.0307738	-0.0292578	-0.0302173	-0.0286203	-0.0293853	
0.436504	0.636881	0.78614	0.850822	0.824257	0.719672	0.566508	0.40644	0.263316	0.150059	0.074059	0.0254086	-0.00514608	-0.0168609	-0.0261208	-0.0289036	-0.0282756	-0.0307153	-0.0286227	-0.0290354	-0.029425	-0.0276378	-0.0294666	-0.0275956	-0.0287676	
0.404237	0.610139	0.769336	0.844676	0.832997	0.741183	0.589954	0.42835	0.280957	0.163239	0.0833512	0.0306621	0.000697319	-0.0145233	-0.0240202	-0.0267083	-0.0286127	-0.0302978	-0.0290354	-0.0307409	-0.0299707	-0.0296475	-0.0310171	-0.0287067	-0.0311283	
0.371752	0.583517	0.750748	0.841267	0.84316	0.754784	0.608314	0.449699	0.299723	0.177544	0.0934973	0.0377408	0.00252131	-0.0132325	-0.0242493	-0.0281031	-0.0290871	-0.0307738	-0.029425	-0.0299707	-0.0291408	-0.0288001	-0.0287234	-0.0280536	-0.0283033	
0.344263	0.560336	0.735062	0.833096	0.844527	0.769473	0.630656	0.470591	0.314737	0.189235	0.101374	0.0397941	0.00640666	-0.0113312	-0.0231437	-0.025122	-0.0277045	-0.0292578	-0.0276378	-0.0296475	-0.0288001	-0.0285147	-0.0302797	-0.0277843	-0.0307397	
0.318203	0.537266	0.716989	0.827656	0.852777	0.781257	0.643164	0.484598	0.32979	0.20176	0.10969	0.0482508	0.0103771	-0.00961939	-0.0216952	-0.0261049	-0.0291251	-0.0302173	-0.0294666	-0.0310171	-0.0287234	-0.0302797	-0.028492	-0.0289628	-0.0285175	
0.295886	0.518027	0.703894	0.820121	0.850577	0.788699	0.660431	0.504005	0.34343	0.211766	0.117327	0.0492882	0.0117088	-0.00887962	-0.0220682	-0.0247826	-0.0277312	-0.0286203	-0.0275956	-0.0287067	-0.0280536	-0.0277843	-0.0289628	-0.0272071	-0.0294365	
0.276152	0.500109	0.688521	0.814108	0.85594	0.798843	0.670588	0.512365	0.353496	0.221529	0.122761	0.0562091	0.0163996	-0.00656299	-0.0196323	-0.0241794	-0.0283062	-0.0293853	-0.0287676	-0.0311283	-0.0283033	-0.0307397	-0.0285175	-0.0294365	-0.0288336	
0.260038	0.485377	0.678528	0.807967	0.85323	0.802097	0.681182	0.527464	0.365254	0.229412	0.129617	0.057819	0.0167801	-0.006741	-0.020648	-0.0245127	-0.0282483	-0.0283493	-0.0282159	-0.028672	-0.0277454	-0.0280245	-0.0279903	-0.0272746	-0.0284402	
0.246156	0.473174	0.667509	0.803395	0.855953	0.808873	0.689427	0.532812	0.370996	0.235973	0.132697	0.0618774	0.0200523	-0.00450336	-0.0184707	-0.0231441	-0.0273988	-0.0285715	-0.0280552	-0.0303365	-0.0279494	-0.0302022	-0.0283506	-0.0293137	-0.0287343	
0.236804	0.463772	0.660956	0.798689	0.854028	0.810921	0.694573	0.541656	0.379156	0.241221	0.137467	0.0639069	0.020943	-0.00493133	-0.01919	-0.0239162	-0.0286058	-0.0282982	-0.028725	-0.0292816	-0.027715	-0.0288262	-0.0276791	-0.0277463	-0.0281558	
0.228812	0.457302	0.655207	0.797016	0.855035	0.813318	0.699641	0.545194	0.381885	0.244511	0.139012	0.0652764	0.021613	-0.00352759	-0.0181847	-0.0229604	-0.026945	-0.0279808	-0.0277148	-0.0292663	-0.027704	-0.0292737	-0.0279924	-0.02883	-0.0283203	
0.226067	0.45383	0.652361	0.793902	0.8544	0.815478	0.701024	0.547445	0.384979	0.246693	0.14071	0.0668925	0.0234273	-0.00377375	-0.0180731	-0.0232713	-0.0286313	-0.0283692	-0.0289082	-0.0300534	-0.0277913	-0.0297102	-0.0277966	-0.0283492	-0.0283301	
0.224414	0.453102	0.652299	0.795561	0.854181	0.81363	0.702014	0.549131	0.385455	0.246772	0.141124	0.0660063	0.0214223	-0.00353267	-0.018612	-0.0232207	-0.0269605	-0.0276833	-0.0276716	-0.0284122	-0.0276036	-0.0284016	-0.0277293	-0.0282194	-0.0279885	
0.227822	0.455689	0.653254	0.794573	0.855241	0.81569	0.700184	0.545185	0.383052	0.245711	0.139482	0.0668271	0.0237626	-0.00355141	-0.0175971	-0.0230021	-0.0285246	-0.0285666	-0.0289192	-0.0307082	-0.0278715	-0.0304375	-0.0279823	-0.0289282	-0.0285476	
0.232934	0.460838	0.658906	0.798886	0.853585	0.810481	0.697248	0.544558	0.381097	0.242596	0.138625	0.0636747	0.019741	-0.00441189	-0.0195209	-0.0235707	-0.0272074	-0.0276559	-0.0276981	-0.0280028	-0.0276522	-0.0278029	-0.0278122	-0.0276427	-0.0280694	
0.242153	0.469203	0.663703	0.8009	0.856389	0.811048	0.691532	0.534956	0.373861	0.238402	0.134116	0.0639775	0.0217287	-0.00433893	-0.0180028	-0.0233658	-0.0285068	-0.0289284	-0.0289419	-0.031094	-0.0279669	-0.0308408	-0.0280665	-0.0293472	-0.0285671	
0.254151	0.480336	0.674472	0.806295	0.853023	0.803829	0.685362	0.531289	0.368535	0.232117	0.131378	0.0583931	0.0168544	-0.00609393	-0.02059	-0.0239137	-0.0274984	-0.0278919	-0.0276944	-0.028162	-0.0278092	-0.0276679	-0.0282536	-0.0272964	-0.0286068	
0.269119	0.494	0.683413	0.812054	0.85637	0.800688	0.674813	0.51695	0.357846	0.225046	0.125064	0.0583856	0.0173326	-0.00603656	-0.0194489	-0.0242994	-0.0285985	-0.0294188	-0.0289756	-0.0310627	-0.0281847	-0.0306739	-0.0282099	-0.0293793	-0.0285121	
0.28776	0.510854	0.697765	0.816894	0.851868	0.792699	0.665469	0.508884	0.348094	0.215818	0.119668	0.0510365	0.0129545	-0.0084795	-0.0215294	-0.0245292	-0.0278275	-0.0284684	-0.0278311	-0.0288991	-0.0280531	-0.0281533	-0.0287718	-0.0274331	-0.0292277	
0.308627	0.529455	0.711381	0.825801	0.852748	0.783888	0.650221	0.491372	0.335153	0.206124	0.112622	0.0498365	0.0110921	-0.00852012	-0.0217476	-0.0253743	-0.0286273	-0.0298891	-0.0288273	-0.0306352	-0.028611	-0.0298583	-0.0288076	-0.0288645	-0.028873	
0.333408	0.550994	0.727188	0.829809	0.84839	0.774759	0.636165	0.477254	0.320947	0.194482	0.104502	0.0428198	0.00780187	-0.0113653	-0.0224556	-0.025969	-0.0282811	-0.0294693	-0.0284252	-0.0298047	-0.0285077	-0.0289509	-0.0290237	-0.02804	-0.0293157	
0.360341	0.574448	0.745084	0.838717	0.843328	0.760405	0.617948	0.457797	0.305678	0.182494	0.0966519	0.0386789	0.00425803	-0.0117601	-0.0239888	-0.0261275	-0.0284867	-0.0301761	-0.0284717	-0.0302867	-0.0291729	-0.0290377	-0.0299761	-0.0282247	-0.0299788	
0.390561	0.59893	0.76108	0.843325	0.838719	0.746738	0.596931	0.437574	0.288685	0.169185	0.0875018	0.0339684	0.000933084	-0.0145532	-0.0240678	-0.0283814	-0.0287858	-0.0307221	-0.0293956	-0.0299806	-0.0293526	-0.0289777	-0.029101	-0.0283818	-0.0287269	
0.423541	0.626746	0.780094	0.847736	0.827177	0.729368	0.577013	0.415101	0.269958	0.155403	0.0772302	0.0269819	-0.0019323	-0.0156075	-0.0248961	-0.0268267	-0.0284287	-0.0302841	-0.0285877	-0.0305447	-0.0297529	-0.0293315	-0.0309315	-0.0285231	-0.0309903	
0.458222	0.652966	0.796744	0.852887	0.817632	0.706683	0.549541	0.391882	0.252057	0.141516	0.0695565	0.0230786	-0.00692705	-0.018236	-0.0265803	-0.0306057	-0.0289591	-0.031432	-0.029738	-0.0288952	-0.03006	-0.0274173	-0.0292568	-0.0274609	-0.0280593	
0.496565	0.682648	0.811682	0.851465	0.803024	0.687118	0.525405	0.363758	0.230131	0.126343	0.0566004	0.0174007	-0.0075472	-0.0192803	-0.0245036	-0.0283243	-0.0287244	-0.0302012	-0.0298144	-0.030479	-0.0301405	-0.0299769	-0.030114	-0.0293288	-0.0296324	
0.534678	0.710968	0.828019	0.851312	0.78289	0.655887	0.49637	0.340856	0.210969	0.11343	0.0497811	0.0101489	-0.0129725	-0.0224477	-0.0276883	-0.0304394	-0.0279623	-0.0298155	-0.0278837	-0.0266332	-0.028232	-0.0248011	-0.0274429	-0.0248786	-0.0259561	
0.575899	0.738464	0.837009	0.846985	0.765963	0.628918	0.46391	0.308612	0.188844	0.0978017	0.039324	0.00936022	-0.0123783	-0.0213168	-0.0240108	-0.0288111	-0.0276936	-0.0278519	-0.0287906	-0.0261445	-0.0270548	-0.0253318	-0.0242046	-0.0245193	-0.021978	
0.616529	0.767682	0.846363	0.834335	0.7377	0.595708	0.436179	0.284774	0.16786	0.0865274	0.0301701	0.000923861	-0.0138823	-0.0231919	-0.022566	-0.0246782	-0.0222223	-0.0215546	-0.0201004	-0.0186741	-0.0176286	-0.0165826	-0.0150417	-0.0149689	-0.0127278	
0.656835	0.791871	0.852286	0.825054	0.711274	0.557695	0.399098	0.256223	0.14899	0.0749073	0.0287473	0.0028392	-0.0102262	-0.017228	-0.0174013	-0.0181537	-0.0161317	-0.012706	-0.0119744	-0.0068282	-0.00584431	-0.00213656	0.000520089	0.00196933	0.00547263	
0.696879	0.815309	0.849293	0.803424	0.683282	0.524685	0.369038	0.231663	0.131451	0.0666272	0.0243269	0.00565815	-0.00219545	-0.00646634	-0.0022671	-0.000667861	0.00327993	0.00849012	0.0117475	0.0164773	0.0217612	0.0238022	0.0309906	0.0311671	0.0380958	
0.735244	0.837251	0.849781	0.780045	0.646852	0.487643	0.338945	0.213512	0.122322	0.0677236	0.0345222	0.0171081	0.0168174	0.0144341	0.0215982	0.0287037	0.0344027	0.0445819	0.0512331	0.0589484	0.0679679	0.0728333	0.0819365	0.0860133	0.092733	
