-0.0796874	0.0600035	0.164681	0.231882	0.271385	0.279894	0.25016	0.195876	0.105996	-0.0192938	-0.180192	-0.358211	-0.523161	-0.658938	-0.748003	-0.775155	-0.737824	-0.647061	-0.52231	-0.387921	-0.252368	-0.128072	-0.0476017	-0.00388487	0.011911	
-0.165892	0.0024369	0.136797	0.230564	0.284491	0.294764	0.256501	0.179636	0.0603853	-0.0940471	-0.281611	-0.484001	-0.670891	-0.820266	-0.917257	-0.945169	-0.898896	-0.78583	-0.628237	-0.456571	-0.284401	-0.138622	-0.0480887	-0.00430295	0.0178578	
-0.229876	-0.0302235	0.136142	0.254215	0.322469	0.332882	0.288483	0.188825	0.0417932	-0.146914	-0.360908	-0.579362	-0.776489	-0.935064	-1.03308	-1.06325	-1.01746	-0.889321	-0.707661	-0.515265	-0.322751	-0.167411	-0.0753345	-0.0313526	-0.00479847	
-0.246785	-0.0226449	0.165801	0.305592	0.383155	0.39501	0.345385	0.227955	0.0579028	-0.154301	-0.388873	-0.619377	-0.824711	-0.989031	-1.10138	-1.13648	-1.09027	-0.956821	-0.763979	-0.559189	-0.367805	-0.218516	-0.126094	-0.0770036	-0.048878	
-0.211223	0.0237909	0.228405	0.381782	0.473571	0.490923	0.426255	0.297016	0.110303	-0.115547	-0.356523	-0.593438	-0.805087	-0.977874	-1.10092	-1.14854	-1.1062	-0.976862	-0.79445	-0.59432	-0.414261	-0.274301	-0.184372	-0.129651	-0.0954549	
-0.139353	0.0947112	0.308849	0.481946	0.591341	0.611935	0.534357	0.384671	0.183735	-0.0444789	-0.281488	-0.514725	-0.724621	-0.901863	-1.03197	-1.08877	-1.05997	-0.948534	-0.789492	-0.613548	-0.450831	-0.319327	-0.234597	-0.18179	-0.14325	
-0.0436452	0.187832	0.403798	0.589615	0.705239	0.724998	0.646127	0.483728	0.277124	0.0491381	-0.181011	-0.40659	-0.609362	-0.780616	-0.91192	-0.972711	-0.957871	-0.867862	-0.734122	-0.588831	-0.450766	-0.344168	-0.271786	-0.230006	-0.196699	
0.0577033	0.282421	0.497174	0.675541	0.788599	0.80822	0.730356	0.573695	0.371322	0.147234	-0.0729336	-0.281544	-0.469692	-0.630648	-0.750468	-0.81417	-0.808229	-0.736644	-0.626705	-0.51083	-0.408106	-0.330346	-0.275666	-0.250575	-0.235378	
0.139137	0.349345	0.554628	0.723627	0.832019	0.851187	0.776328	0.62779	0.433358	0.222555	0.0172596	-0.166503	-0.329068	-0.469638	-0.572812	-0.629811	-0.62599	-0.568075	-0.479448	-0.390179	-0.321488	-0.277274	-0.253737	-0.246908	-0.253275	
0.186324	0.374589	0.561578	0.722252	0.825788	0.844288	0.772234	0.63074	0.450034	0.261064	0.0781951	-0.0815556	-0.214678	-0.324892	-0.403294	-0.436858	-0.423355	-0.369421	-0.298466	-0.235303	-0.196256	-0.18635	-0.204058	-0.232248	-0.258041	
0.18872	0.353696	0.523675	0.673553	0.770529	0.789384	0.719871	0.588036	0.422234	0.253371	0.0959536	-0.0404538	-0.144451	-0.218458	-0.262279	-0.266046	-0.224838	-0.160357	-0.0977362	-0.0570558	-0.0475695	-0.0734304	-0.134752	-0.201972	-0.249138	
0.144491	0.295357	0.455166	0.590163	0.67652	0.692469	0.63158	0.514126	0.360061	0.202549	0.064439	-0.0433393	-0.114306	-0.148826	-0.151458	-0.124883	-0.054021	0.0288158	0.0964023	0.123389	0.111784	0.0555876	-0.0378362	-0.137583	-0.20849	
0.0777721	0.213415	0.362262	0.486491	0.558287	0.570389	0.522557	0.416441	0.273128	0.128944	0.00964441	-0.0675122	-0.101121	-0.102573	-0.0733979	-0.0128075	0.0860639	0.189353	0.272195	0.302413	0.275709	0.197795	0.0852473	-0.0364082	-0.133392	
0.0106683	0.127886	0.252013	0.357153	0.418065	0.427836	0.387994	0.297659	0.177829	0.0543801	-0.044119	-0.0926833	-0.100114	-0.0727345	-0.00988933	0.0836176	0.206568	0.324837	0.413254	0.453328	0.425827	0.333484	0.209653	0.074412	-0.0524819	
-0.0451187	0.0384381	0.135888	0.227721	0.285241	0.295149	0.256191	0.174592	0.0772049	-0.014544	-0.0829052	-0.105315	-0.0870204	-0.0351361	0.0562442	0.167618	0.299364	0.420341	0.508839	0.555201	0.535518	0.445789	0.310653	0.156029	0.00527125	
-0.0749813	-0.021918	0.0506227	0.129776	0.184143	0.193892	0.156193	0.0828024	0.00560174	-0.0560802	-0.0930309	-0.0872166	-0.0470769	0.024634	0.128435	0.241484	0.36024	0.468662	0.553697	0.597019	0.581374	0.499937	0.363478	0.194431	0.0188668	
-0.0552301	-0.0303012	0.0198829	0.0776931	0.118304	0.126084	0.0965483	0.0441028	-0.0126575	-0.0490872	-0.0550189	-0.0287943	0.0265285	0.103211	0.202946	0.303415	0.39775	0.483477	0.549897	0.57912	0.55697	0.48149	0.354162	0.186144	-0.000373905	
-0.00231832	-0.00274781	0.0265059	0.0607904	0.0883871	0.0945256	0.0730648	0.0402962	0.00649329	-0.0074919	0.0138601	0.0581759	0.12162	0.191651	0.271127	0.34862	0.412513	0.464052	0.504828	0.513935	0.48431	0.409176	0.286314	0.129999	-0.0535118	
0.06069	0.0402627	0.0464494	0.0608938	0.0800506	0.0845465	0.0683084	0.0514995	0.0400967	0.0489315	0.0868399	0.141383	0.204721	0.269446	0.329926	0.385632	0.417476	0.429808	0.437042	0.418593	0.377104	0.298712	0.181787	0.042832	-0.125034	
0.113985	0.0738822	0.0597359	0.0585244	0.069197	0.0716821	0.0616563	0.0585233	0.0654401	0.095047	0.146439	0.204899	0.268748	0.32863	0.376146	0.409235	0.410004	0.387599	0.358263	0.311964	0.249585	0.168531	0.0684429	-0.0478861	-0.189556	
0.134424	0.0822695	0.0535886	0.0392046	0.0355015	0.0349773	0.0366428	0.0463781	0.0685187	0.111176	0.173105	0.240962	0.307377	0.359637	0.39101	0.399083	0.371197	0.324071	0.268573	0.202641	0.128738	0.0529852	-0.0227451	-0.105978	-0.217154	
0.110932	0.0476654	-0.00135383	-0.0381492	-0.0630087	-0.0674395	-0.0496182	-0.0173606	0.0264253	0.0835552	0.157309	0.240169	0.311483	0.358718	0.375308	0.363475	0.318183	0.25372	0.174285	0.093352	0.0223433	-0.0331876	-0.0752921	-0.125187	-0.200647	
0.0348906	-0.0523383	-0.133985	-0.200003	-0.245716	-0.253936	-0.22117	-0.16235	-0.0862118	-0.00107586	0.0926423	0.19303	0.279453	0.328005	0.335834	0.312261	0.258911	0.183663	0.0911938	0.00530566	-0.0559927	-0.0878662	-0.100686	-0.120331	-0.157112	
-0.0890587	-0.209583	-0.329081	-0.429606	-0.49165	-0.50294	-0.460035	-0.372994	-0.257651	-0.137788	-0.0163908	0.100032	0.201586	0.259872	0.274412	0.249195	0.193952	0.118618	0.0263985	-0.0525847	-0.0945223	-0.102824	-0.0902109	-0.0781493	-0.0767419	
-0.249672	-0.409996	-0.570519	-0.706842	-0.789663	-0.803337	-0.74765	-0.629929	-0.474784	-0.312924	-0.158236	-0.0196735	0.0964016	0.173671	0.201162	0.186282	0.13515	0.0611298	-0.0198562	-0.0826309	-0.102125	-0.0840546	-0.0462152	7.58272e-05	0.0343689	
-0.436798	-0.638912	-0.839435	-1.01098	-1.11106	-1.12801	-1.06138	-0.913076	-0.720957	-0.516714	-0.321672	-0.149499	-0.00977066	0.0867002	0.130848	0.126631	0.0849916	0.0223316	-0.0366131	-0.0733499	-0.0616251	-0.0129904	0.0495675	0.119335	0.174889	
-0.638912	-0.891149	-1.13369	-1.3352	-1.45172	-1.47133	-1.39358	-1.22157	-0.991575	-0.73851	-0.497622	-0.285968	-0.109024	0.015195	0.0748996	0.0808263	0.0559978	0.0137044	-0.022196	-0.0318372	0.00898872	0.0911843	0.179625	0.264235	0.334032	
-0.839435	-1.13369	-1.41652	-1.64224	-1.76757	-1.78767	-1.70531	-1.51673	-1.25073	-0.955258	-0.674938	-0.421953	-0.204963	-0.0459085	0.0405299	0.0608074	0.0531758	0.0336063	0.0200006	0.0317868	0.0958569	0.204458	0.319723	0.421157	0.49899	
-1.01098	-1.3352	-1.64224	-1.87072	-1.9974	-2.01802	-1.93443	-1.74506	-1.46411	-1.13863	-0.82581	-0.536167	-0.284927	-0.0933795	0.0181522	0.0538953	0.0613012	0.0596571	0.0679143	0.103921	0.1828	0.30352	0.436835	0.551586	0.642712	
-1.11106	-1.45172	-1.76757	-1.9974	-2.12604	-2.14747	-2.06093	-1.87201	-1.58443	-1.24673	-0.915365	-0.607163	-0.336106	-0.127948	0.00668423	0.0593788	0.0777816	0.0835611	0.102403	0.153882	0.240001	0.361863	0.504528	0.63156	0.73677	
-1.12801	-1.47133	-1.78767	-2.01802	-2.14747	-2.16895	-2.0816	-1.89284	-1.60391	-1.2649	-0.930436	-0.619175	-0.345407	-0.134422	0.00513416	0.061018	0.0812141	0.089263	0.109567	0.162456	0.250166	0.371889	0.515318	0.645737	0.754724	
-1.06138	-1.39358	-1.70531	-1.93443	-2.06093	-2.0816	-1.9979	-1.80895	-1.52453	-1.19282	-0.870531	-0.570696	-0.309488	-0.108697	0.0124203	0.054895	0.0671283	0.0697712	0.0839066	0.127973	0.21089	0.332924	0.470928	0.590876	0.687521	
-0.913076	-1.22157	-1.51673	-1.74506	-1.87201	-1.89284	-1.80895	-1.61853	-1.34434	-1.03434	-0.739781	-0.472192	-0.239757	-0.0660832	0.0301383	0.0570463	0.0560648	0.043738	0.0400432	0.0615006	0.13162	0.247206	0.371004	0.478049	0.561192	
-0.720957	-0.991575	-1.25073	-1.46411	-1.58443	-1.60391	-1.52453	-1.34434	-1.09838	-0.827987	-0.569553	-0.340643	-0.148088	-0.0108844	0.0595169	0.070262	0.0518973	0.019372	-0.00770544	-0.00846451	0.0432909	0.136711	0.235903	0.327451	0.400888	
-0.516714	-0.73851	-0.955258	-1.13863	-1.24673	-1.2649	-1.19282	-1.03434	-0.827987	-0.603692	-0.391392	-0.203557	-0.0507303	0.0565155	0.105894	0.105822	0.0702227	0.0141242	-0.0350409	-0.0596306	-0.0363205	0.0259134	0.0981441	0.175149	0.236626	
-0.321672	-0.497622	-0.674938	-0.82581	-0.915365	-0.930436	-0.870531	-0.739781	-0.569553	-0.391392	-0.221173	-0.0704857	0.0537615	0.137477	0.172529	0.16172	0.113686	0.0435469	-0.0296054	-0.0834387	-0.0914664	-0.062156	-0.0131161	0.0436595	0.0883271	
-0.149499	-0.285968	-0.421953	-0.536167	-0.607163	-0.619175	-0.570696	-0.472192	-0.340643	-0.203557	-0.0704857	0.0538992	0.161154	0.226978	0.245625	0.223596	0.169317	0.0935735	0.00421174	-0.068927	-0.102422	-0.100165	-0.0782974	-0.0520515	-0.036786	
-0.00977066	-0.109024	-0.204963	-0.284927	-0.336106	-0.345407	-0.309488	-0.239757	-0.148088	-0.0507303	0.0537615	0.161154	0.253494	0.303699	0.313407	0.287743	0.232992	0.157625	0.0634616	-0.0212855	-0.0749484	-0.0977635	-0.0999625	-0.107348	-0.128739	
0.0867002	0.015195	-0.0459085	-0.0933795	-0.127948	-0.134422	-0.108697	-0.0660832	-0.0108844	0.0565155	0.137477	0.226978	0.303699	0.351401	0.362281	0.345422	0.295944	0.224696	0.138425	0.0544815	-0.0142931	-0.0599872	-0.0894729	-0.1276	-0.1871	
0.130848	0.0748996	0.0405299	0.0181522	0.00668423	0.00513416	0.0124203	0.0301383	0.0595169	0.105894	0.172529	0.245625	0.313407	0.362281	0.387549	0.386753	0.350248	0.296215	0.231355	0.158625	0.0847777	0.0154498	-0.0474281	-0.116529	-0.214146	
0.126631	0.0808263	0.0608074	0.0538953	0.0593788	0.061018	0.054895	0.0570463	0.070262	0.105822	0.16172	0.223596	0.287743	0.345422	0.386753	0.409635	0.397928	0.364323	0.323337	0.267782	0.198918	0.118745	0.0266844	-0.0768902	-0.206436	
0.0849916	0.0559978	0.0531758	0.0613012	0.0777816	0.0812141	0.0671283	0.0560648	0.0518973	0.0702227	0.113686	0.169317	0.232992	0.295944	0.350248	0.397928	0.41801	0.414452	0.406301	0.37711	0.327759	0.24788	0.136442	0.00525103	-0.153207	
0.0223316	0.0137044	0.0336063	0.0596571	0.0835611	0.089263	0.0697712	0.043738	0.019372	0.0141242	0.0435469	0.0935735	0.157625	0.224696	0.296215	0.364323	0.414452	0.451103	0.479448	0.477786	0.445085	0.368764	0.246713	0.0966822	-0.0814572	
-0.0366131	-0.022196	0.0200006	0.0679143	0.102403	0.109567	0.0839066	0.0400432	-0.00770544	-0.0350409	-0.0296054	0.00421174	0.0634616	0.138425	0.231355	0.323337	0.406301	0.479448	0.535983	0.557949	0.532657	0.457504	0.33346	0.170177	-0.0180718	
-0.0733499	-0.0318372	0.0317868	0.103921	0.153882	0.162456	0.127973	0.0615006	-0.00846451	-0.0596306	-0.0834387	-0.068927	-0.0212855	0.0544815	0.158625	0.267782	0.37711	0.477786	0.557949	0.596957	0.578982	0.500761	0.367622	0.196353	0.0150478	
-0.0616251	0.00898872	0.0958569	0.1828	0.240001	0.250166	0.21089	0.13162	0.0432909	-0.0363205	-0.0914664	-0.102422	-0.0749484	-0.0142931	0.0847777	0.198918	0.327759	0.445085	0.532657	0.578982	0.562718	0.475795	0.338849	0.177089	0.0158057	
-0.0129904	0.0911843	0.204458	0.30352	0.361863	0.371889	0.332924	0.247206	0.136711	0.0259134	-0.062156	-0.100165	-0.0977635	-0.0599872	0.0154498	0.118745	0.24788	0.368764	0.457504	0.500761	0.475795	0.382951	0.25375	0.11191	-0.0245495	
0.0495675	0.179625	0.319723	0.436835	0.504528	0.515318	0.470928	0.371004	0.235903	0.0981441	-0.0131161	-0.0782974	-0.0999625	-0.0894729	-0.0474281	0.0266844	0.136442	0.246713	0.33346	0.367622	0.338849	0.25375	0.136683	0.00940404	-0.10047	
0.119335	0.264235	0.421157	0.551586	0.63156	0.645737	0.590876	0.478049	0.327451	0.175149	0.0436595	-0.0520515	-0.107348	-0.1276	-0.116529	-0.0768902	0.00525103	0.0966822	0.170177	0.196353	0.177089	0.11191	0.00940404	-0.100763	-0.181341	
0.174889	0.334032	0.49899	0.642712	0.73677	0.754724	0.687521	0.561192	0.400888	0.236626	0.0883271	-0.036786	-0.128739	-0.1871	-0.214146	-0.206436	-0.153207	-0.0814572	-0.0180718	0.0150478	0.0158057	-0.0245495	-0.10047	-0.181341	-0.238186	
