-0.345252	-0.416625	-0.456886	-0.471205	-0.468771	-0.46668	-0.471696	-0.464672	-0.436414	-0.37748	-0.287657	-0.171893	-0.0413332	0.0968025	0.227563	0.319416	0.361906	0.352386	0.303349	0.22387	0.118959	0.00742869	-0.0784813	-0.114123	-0.0922271	
-0.562485	-0.668395	-0.737639	-0.774548	-0.788112	-0.789321	-0.782388	-0.755596	-0.700378	-0.609268	-0.485014	-0.342599	-0.19021	-0.0395476	0.0879576	0.166658	0.194347	0.170453	0.108507	0.0268196	-0.0680508	-0.157686	-0.218616	-0.236867	-0.203965	
-0.755541	-0.884618	-0.983141	-1.04761	-1.07872	-1.08552	-1.06276	-1.01398	-0.927414	-0.811631	-0.662272	-0.502132	-0.337852	-0.180896	-0.0617491	0.00402443	0.0112362	-0.0235337	-0.0938431	-0.170153	-0.247442	-0.314755	-0.345192	-0.339394	-0.290989	
-0.897027	-1.04345	-1.16656	-1.25649	-1.30352	-1.31274	-1.27956	-1.20815	-1.09553	-0.959195	-0.795797	-0.624649	-0.458039	-0.307319	-0.20049	-0.150826	-0.157209	-0.199646	-0.266821	-0.331305	-0.386686	-0.43109	-0.446825	-0.423611	-0.360808	
-0.969624	-1.12885	-1.26841	-1.37447	-1.42934	-1.43956	-1.4019	-1.31639	-1.1876	-1.03508	-0.866476	-0.693126	-0.534897	-0.401742	-0.310859	-0.274118	-0.288164	-0.330611	-0.389932	-0.443896	-0.483327	-0.507887	-0.508978	-0.479936	-0.41239	
-0.969716	-1.12712	-1.27036	-1.37862	-1.4396	-1.44899	-1.40932	-1.31917	-1.18656	-1.03387	-0.872799	-0.715597	-0.575683	-0.464673	-0.388851	-0.356547	-0.373326	-0.417021	-0.46652	-0.510464	-0.534512	-0.541542	-0.526765	-0.487241	-0.429346	
-0.91008	-1.05104	-1.18718	-1.29618	-1.364	-1.37737	-1.32836	-1.23573	-1.1069	-0.965828	-0.827046	-0.694613	-0.574485	-0.476961	-0.411574	-0.38085	-0.399953	-0.447384	-0.496977	-0.531744	-0.538888	-0.528067	-0.50204	-0.465433	-0.417758	
-0.806287	-0.929591	-1.05447	-1.16169	-1.23676	-1.25197	-1.19653	-1.10058	-0.980537	-0.854045	-0.73927	-0.634967	-0.531668	-0.442873	-0.381374	-0.354568	-0.374362	-0.420119	-0.468586	-0.497502	-0.496077	-0.469995	-0.440467	-0.417544	-0.391218	
-0.676155	-0.789338	-0.906192	-1.00792	-1.08161	-1.09621	-1.04218	-0.94923	-0.837138	-0.719099	-0.619356	-0.537693	-0.458582	-0.384856	-0.326991	-0.299156	-0.312438	-0.352303	-0.393606	-0.418634	-0.413343	-0.38207	-0.353862	-0.340065	-0.340777	
-0.543133	-0.652858	-0.768857	-0.869564	-0.937982	-0.950792	-0.90213	-0.811699	-0.700436	-0.583592	-0.490789	-0.421731	-0.366928	-0.313954	-0.260289	-0.224418	-0.221105	-0.250396	-0.288664	-0.311946	-0.298835	-0.264785	-0.243219	-0.242303	-0.263522	
-0.434029	-0.539691	-0.660551	-0.769801	-0.840498	-0.851844	-0.804713	-0.707193	-0.587661	-0.472863	-0.383861	-0.320586	-0.272629	-0.229415	-0.174511	-0.128067	-0.108843	-0.118659	-0.149808	-0.172565	-0.155695	-0.119086	-0.109833	-0.132127	-0.18222	
-0.36474	-0.46584	-0.590653	-0.709618	-0.785203	-0.797962	-0.747111	-0.641214	-0.514339	-0.401168	-0.317096	-0.25012	-0.196125	-0.1442	-0.0769622	-0.0165261	0.0194295	0.0287658	0.0188919	0.00475575	0.0134571	0.0346169	0.0251613	-0.0260401	-0.109856	
-0.33413	-0.438502	-0.562806	-0.678424	-0.751754	-0.764137	-0.714621	-0.612189	-0.487251	-0.372639	-0.283278	-0.209808	-0.143008	-0.0744079	0.0141899	0.102138	0.163189	0.19102	0.195574	0.1914	0.185336	0.17166	0.128395	0.0506579	-0.0634777	
-0.329999	-0.442366	-0.559651	-0.658814	-0.721146	-0.731656	-0.689507	-0.602243	-0.490449	-0.372789	-0.272729	-0.191974	-0.113967	-0.0249749	0.0889912	0.208693	0.304025	0.351329	0.359184	0.349883	0.328849	0.283203	0.200801	0.0889354	-0.0506318	
-0.3394	-0.448974	-0.550527	-0.629152	-0.680385	-0.690181	-0.654076	-0.584473	-0.491688	-0.382809	-0.278663	-0.190193	-0.100599	0.0114284	0.149384	0.293872	0.415579	0.48249	0.493936	0.470685	0.427263	0.354971	0.2394	0.0879495	-0.0765294	
-0.348054	-0.44228	-0.522238	-0.585262	-0.626854	-0.634863	-0.605686	-0.549207	-0.47597	-0.386748	-0.289447	-0.193599	-0.08732	0.0419503	0.194969	0.352047	0.485359	0.567731	0.587325	0.557786	0.491473	0.393161	0.256245	0.0800705	-0.104137	
-0.337635	-0.415328	-0.479783	-0.528564	-0.556171	-0.559825	-0.542386	-0.501679	-0.442734	-0.370147	-0.284015	-0.183019	-0.0645746	0.0743803	0.230231	0.387265	0.521826	0.606585	0.633648	0.605314	0.52911	0.412839	0.262407	0.0853799	-0.0955396	
-0.288898	-0.354467	-0.405048	-0.435533	-0.444372	-0.444775	-0.440331	-0.420558	-0.377024	-0.31669	-0.240357	-0.14382	-0.0268313	0.109226	0.25771	0.406832	0.528528	0.60327	0.627664	0.604781	0.534675	0.416398	0.262282	0.093725	-0.0688779	
-0.183904	-0.236897	-0.265453	-0.272587	-0.270177	-0.26836	-0.272728	-0.2703	-0.251233	-0.207697	-0.14408	-0.0609943	0.0418575	0.158236	0.284202	0.40922	0.506904	0.556301	0.566803	0.545012	0.48568	0.382406	0.239635	0.0846742	-0.0570131	
-0.0146362	-0.0382902	-0.034169	-0.0140345	-0.00234407	-0.00158227	-0.00828763	-0.0262707	-0.0394077	-0.027134	0.00900649	0.063943	0.136732	0.220641	0.301295	0.380927	0.440948	0.461241	0.454022	0.426807	0.376261	0.293754	0.180723	0.0518188	-0.0717151	
0.214154	0.232038	0.277687	0.327578	0.353101	0.357149	0.340854	0.299637	0.247435	0.218399	0.211015	0.218658	0.245823	0.282193	0.309402	0.327241	0.336524	0.327245	0.305169	0.274534	0.229594	0.1683	0.0887479	-0.00835549	-0.11377	
0.468111	0.536057	0.620714	0.698544	0.74268	0.750858	0.721081	0.654471	0.568438	0.493187	0.435186	0.393072	0.364606	0.342781	0.311694	0.270802	0.226535	0.182439	0.148425	0.115363	0.0791315	0.0376906	-0.0155873	-0.0851913	-0.172602	
0.718034	0.835958	0.955066	1.05614	1.12106	1.13325	1.08753	0.998421	0.884317	0.764738	0.653239	0.561581	0.479785	0.392507	0.298317	0.205318	0.118362	0.0466174	0.00111167	-0.0282194	-0.0508488	-0.0708543	-0.100416	-0.149621	-0.222525	
0.953045	1.10652	1.24957	1.37041	1.44992	1.4656	1.40804	1.30141	1.16571	1.01514	0.860212	0.718745	0.585541	0.441154	0.287337	0.142232	0.0201838	-0.0731979	-0.126527	-0.149258	-0.155599	-0.157231	-0.171864	-0.206324	-0.266833	
1.16673	1.34163	1.50405	1.63767	1.71818	1.73174	1.67748	1.56265	1.40851	1.23749	1.0581	0.875365	0.690256	0.496783	0.292258	0.097476	-0.0622777	-0.174032	-0.23418	-0.252458	-0.246076	-0.238198	-0.244598	-0.271041	-0.325523	
1.36367	1.55225	1.73029	1.86452	1.93292	1.94355	1.89961	1.79157	1.62634	1.43925	1.24718	1.04121	0.814336	0.569322	0.314917	0.0712481	-0.124698	-0.254323	-0.323602	-0.347139	-0.344244	-0.332632	-0.329788	-0.348505	-0.401612	
1.55225	1.75337	1.92832	2.05384	2.12091	2.13141	2.08782	1.98532	1.82823	1.63448	1.42773	1.20471	0.948465	0.658697	0.352375	0.0633384	-0.167578	-0.31612	-0.395706	-0.433997	-0.448061	-0.446459	-0.438133	-0.449426	-0.504578	
1.73029	1.92832	2.08167	2.19502	2.27208	2.28663	2.23182	2.1309	1.99527	1.81406	1.59765	1.35562	1.07837	0.758019	0.413575	0.0835889	-0.184165	-0.358748	-0.455671	-0.507059	-0.54067	-0.558355	-0.560499	-0.574766	-0.627053	
1.86452	2.05384	2.19502	2.29974	2.37244	2.38608	2.33445	2.24031	2.11592	1.94512	1.7328	1.48297	1.18769	0.845684	0.474632	0.115348	-0.180867	-0.380385	-0.49777	-0.565132	-0.61229	-0.64885	-0.670676	-0.694821	-0.741051	
1.93292	2.12091	2.27208	2.37244	2.42384	2.43086	2.39878	2.31854	2.1871	2.01082	1.80859	1.56472	1.25945	0.898075	0.507497	0.13178	-0.1755	-0.383822	-0.517466	-0.60173	-0.660132	-0.706676	-0.73999	-0.77068	-0.814362	
1.94355	2.13141	2.28663	2.38608	2.43086	2.43614	2.4099	2.33351	2.19918	2.02083	1.82095	1.58004	1.27301	0.907994	0.513154	0.133538	-0.17437	-0.383092	-0.519467	-0.60821	-0.669842	-0.716899	-0.751281	-0.783573	-0.825969	
1.89961	2.08782	2.23182	2.33445	2.39878	2.4099	2.36597	2.27724	2.15089	1.97905	1.77108	1.52206	1.22176	0.871747	0.491734	0.123746	-0.179264	-0.383016	-0.507651	-0.583271	-0.635804	-0.677318	-0.704653	-0.732052	-0.777486	
1.79157	1.98532	2.1309	2.24031	2.31854	2.33351	2.27724	2.1779	2.0492	1.87407	1.65778	1.41054	1.12522	0.795865	0.440281	0.0970116	-0.184188	-0.370353	-0.475408	-0.532014	-0.571475	-0.597244	-0.607658	-0.625937	-0.675477	
1.62634	1.82823	1.99527	2.11592	2.1871	2.19918	2.15089	2.0492	1.90046	1.70982	1.49768	1.26705	1.0018	0.697809	0.374201	0.0686624	-0.176989	-0.335823	-0.421669	-0.464831	-0.486918	-0.493081	-0.487069	-0.498075	-0.552357	
1.43925	1.63448	1.81406	1.94512	2.01082	2.02083	1.97905	1.87407	1.70982	1.51783	1.31995	1.10732	0.86799	0.603355	0.327134	0.0649095	-0.144618	-0.281009	-0.354124	-0.383118	-0.386104	-0.376702	-0.370162	-0.384581	-0.439156	
1.24718	1.42773	1.59765	1.7328	1.80859	1.82095	1.77108	1.65778	1.49768	1.31995	1.13461	0.940628	0.737236	0.523898	0.299762	0.0848783	-0.0896837	-0.208504	-0.271987	-0.290727	-0.283799	-0.273434	-0.276349	-0.300669	-0.352926	
1.04121	1.20471	1.35562	1.48297	1.56472	1.58004	1.52206	1.41054	1.26705	1.10732	0.940628	0.780177	0.625838	0.461751	0.287293	0.12214	-0.0153385	-0.11629	-0.171872	-0.192083	-0.192075	-0.189361	-0.200663	-0.230811	-0.288905	
0.814336	0.948465	1.07837	1.18769	1.25945	1.27301	1.22176	1.12522	1.0018	0.86799	0.737236	0.625838	0.523129	0.411627	0.292818	0.178678	0.0774112	-0.00344556	-0.0525692	-0.0793704	-0.0960754	-0.107473	-0.129214	-0.171949	-0.238983	
0.569322	0.658697	0.758019	0.845684	0.898075	0.907994	0.871747	0.795865	0.697809	0.603355	0.523898	0.461751	0.411627	0.363638	0.307422	0.2453	0.182469	0.126577	0.0875819	0.0549419	0.0238912	-0.0094243	-0.0528025	-0.113194	-0.194664	
0.314917	0.352375	0.413575	0.474632	0.507497	0.513154	0.491734	0.440281	0.374201	0.327134	0.299762	0.287293	0.292818	0.307422	0.31202	0.305122	0.292548	0.268966	0.241844	0.210586	0.168836	0.115053	0.0461068	-0.038819	-0.136495	
0.0712481	0.0633384	0.0835889	0.115348	0.13178	0.133538	0.123746	0.0970116	0.0686624	0.0649095	0.0848783	0.12214	0.178678	0.2453	0.305122	0.361162	0.401729	0.410642	0.396885	0.368531	0.320067	0.245694	0.147167	0.0309751	-0.0851993	
-0.124698	-0.167578	-0.184165	-0.180867	-0.1755	-0.17437	-0.179264	-0.184188	-0.176989	-0.144618	-0.0896837	-0.0153385	0.0774112	0.182469	0.292548	0.401729	0.486229	0.523961	0.527918	0.503592	0.448165	0.353535	0.221262	0.0757924	-0.0595303	
-0.254323	-0.31612	-0.358748	-0.380385	-0.383822	-0.383092	-0.383016	-0.370353	-0.335823	-0.281009	-0.208504	-0.11629	-0.00344556	0.126577	0.268966	0.410642	0.523961	0.590685	0.60986	0.588564	0.522426	0.40856	0.256671	0.0919458	-0.0610628	
-0.323602	-0.395706	-0.455671	-0.49777	-0.517466	-0.519467	-0.507651	-0.475408	-0.421669	-0.354124	-0.271987	-0.171872	-0.0525692	0.0875819	0.241844	0.396885	0.527918	0.60986	0.637674	0.61134	0.537103	0.417268	0.263433	0.0903536	-0.0848204	
-0.347139	-0.433997	-0.507059	-0.565132	-0.60173	-0.60821	-0.583271	-0.532014	-0.464831	-0.383118	-0.290727	-0.192083	-0.0793704	0.0549419	0.210586	0.368531	0.503592	0.588564	0.61134	0.582082	0.509458	0.402354	0.259513	0.0804693	-0.105203	
-0.344244	-0.448061	-0.54067	-0.61229	-0.660132	-0.669842	-0.635804	-0.571475	-0.486918	-0.386104	-0.283799	-0.192075	-0.0960754	0.0238912	0.168836	0.320067	0.448165	0.522426	0.537103	0.509458	0.456127	0.373236	0.247799	0.0838464	-0.0905265	
-0.332632	-0.446459	-0.558355	-0.64885	-0.706676	-0.716899	-0.677318	-0.597244	-0.493081	-0.376702	-0.273434	-0.189361	-0.107473	-0.0094243	0.115053	0.245694	0.353535	0.40856	0.417268	0.402354	0.373236	0.317049	0.22017	0.0918928	-0.0570105	
-0.329788	-0.438133	-0.560499	-0.670676	-0.73999	-0.751281	-0.704653	-0.607658	-0.487069	-0.370162	-0.276349	-0.200663	-0.129214	-0.0528025	0.0461068	0.147167	0.221262	0.256671	0.263433	0.259513	0.247799	0.22017	0.161235	0.0710179	-0.0538557	
-0.348505	-0.449426	-0.574766	-0.694821	-0.77068	-0.783573	-0.732052	-0.625937	-0.498075	-0.384581	-0.300669	-0.230811	-0.171949	-0.113194	-0.038819	0.0309751	0.0757924	0.0919458	0.0903536	0.0804693	0.0838464	0.0918928	0.0710179	0.00914506	-0.0876795	
-0.401612	-0.504578	-0.627053	-0.741051	-0.814362	-0.825969	-0.777486	-0.675477	-0.552357	-0.439156	-0.352926	-0.288905	-0.238983	-0.194664	-0.136495	-0.0851993	-0.0595303	-0.0610628	-0.0848204	-0.105203	-0.0905265	-0.0570105	-0.0538557	-0.0876795	-0.151478	
