0.19792	0.256698	0.302986	0.331891	0.341941	0.342425	0.338722	0.316792	0.277302	0.222518	0.159117	0.098565	0.0427381	-0.0202875	-0.0711792	-0.103139	-0.1189	-0.137966	-0.153244	-0.156525	-0.142606	-0.124031	-0.101432	-0.0672177	-0.00152904	
0.322639	0.39334	0.440252	0.473726	0.487388	0.488619	0.481928	0.455103	0.41455	0.353635	0.274039	0.196668	0.127209	0.0609923	-0.00105822	-0.0433617	-0.0788725	-0.111932	-0.135839	-0.148852	-0.137382	-0.111107	-0.0782557	-0.0327121	0.0381509	
0.429453	0.505412	0.556295	0.600979	0.627605	0.632903	0.614085	0.575029	0.527676	0.463367	0.375102	0.28678	0.20782	0.140609	0.0774313	0.0274655	-0.0206108	-0.0651759	-0.098249	-0.116372	-0.10769	-0.0779862	-0.0385305	0.0228916	0.111909	
0.508291	0.579058	0.635906	0.687766	0.726524	0.735005	0.705158	0.657457	0.602419	0.538592	0.458888	0.372305	0.292971	0.221533	0.156965	0.104083	0.0505832	0.00633568	-0.0306675	-0.0508963	-0.0432955	-0.00939038	0.0461776	0.126713	0.226613	
0.544398	0.610634	0.666628	0.720481	0.763371	0.772156	0.739942	0.688239	0.63418	0.571807	0.502858	0.431309	0.363686	0.300374	0.235054	0.177447	0.131515	0.10158	0.0751573	0.062767	0.075836	0.11984	0.19538	0.287464	0.388021	
0.537751	0.592679	0.642906	0.693768	0.735161	0.742914	0.712986	0.662785	0.614048	0.559154	0.507325	0.456364	0.406434	0.361343	0.306779	0.256295	0.22746	0.217377	0.219672	0.236127	0.267076	0.320206	0.402255	0.499041	0.591561	
0.480188	0.520367	0.565412	0.613915	0.64856	0.65639	0.63002	0.585097	0.537956	0.494287	0.465182	0.443996	0.416062	0.393288	0.360569	0.340354	0.345308	0.366617	0.400045	0.448711	0.501594	0.567837	0.649395	0.738082	0.808936	
0.389549	0.41163	0.449594	0.485022	0.511722	0.518336	0.496898	0.464807	0.425641	0.395889	0.388519	0.394351	0.400894	0.404666	0.403826	0.422516	0.469578	0.53107	0.59374	0.668762	0.744821	0.821504	0.903261	0.973585	1.02463	
0.284112	0.291335	0.313768	0.333336	0.348532	0.352869	0.339959	0.322304	0.299953	0.284313	0.292408	0.319023	0.352987	0.393985	0.434955	0.492602	0.576394	0.67263	0.773111	0.874711	0.965281	1.0453	1.12443	1.18611	1.22092	
0.172256	0.160994	0.164783	0.165926	0.168314	0.170005	0.166814	0.165372	0.16233	0.164102	0.190596	0.234416	0.285845	0.351467	0.431031	0.525584	0.641123	0.767674	0.900427	1.02907	1.13708	1.22144	1.29382	1.34961	1.37279	
0.0613763	0.0241482	0.00193542	-0.0184061	-0.0238659	-0.0226964	-0.0226265	-0.00642885	0.0140505	0.0442531	0.0928282	0.154055	0.220946	0.303378	0.407293	0.526427	0.666733	0.816713	0.970117	1.12032	1.24429	1.33773	1.40195	1.44493	1.4572	
-0.0410497	-0.109592	-0.165695	-0.206033	-0.221061	-0.222469	-0.215515	-0.184153	-0.134019	-0.0699571	0.00667478	0.08979	0.177309	0.281613	0.400561	0.527006	0.675439	0.839661	1.00807	1.16599	1.297	1.39457	1.45483	1.48259	1.47374	
-0.135805	-0.237048	-0.320472	-0.377021	-0.40641	-0.411195	-0.392178	-0.346565	-0.272514	-0.178394	-0.0676221	0.0471859	0.161261	0.288871	0.419434	0.553608	0.702637	0.868794	1.04029	1.19136	1.31112	1.40003	1.45911	1.4765	1.4466	
-0.212502	-0.348322	-0.455687	-0.525504	-0.562028	-0.567123	-0.543935	-0.488373	-0.395264	-0.269226	-0.123783	0.0243074	0.172727	0.322458	0.466772	0.616087	0.765879	0.919011	1.06931	1.19755	1.29483	1.36268	1.41424	1.43132	1.3952	
-0.259467	-0.42869	-0.5621	-0.643806	-0.685116	-0.691536	-0.664015	-0.60151	-0.48724	-0.329829	-0.151802	0.031451	0.216492	0.391252	0.551232	0.705206	0.851599	0.981083	1.09141	1.18147	1.25121	1.30579	1.34413	1.34988	1.31348	
-0.275942	-0.470642	-0.620266	-0.71814	-0.771259	-0.780816	-0.744659	-0.665047	-0.537012	-0.357429	-0.14691	0.0769952	0.297993	0.494747	0.665845	0.817223	0.944837	1.04882	1.11984	1.1661	1.19964	1.23135	1.24574	1.23172	1.19755	
-0.247281	-0.468524	-0.644558	-0.764764	-0.830043	-0.841544	-0.796963	-0.699875	-0.544697	-0.340696	-0.0976569	0.163128	0.409362	0.61905	0.789285	0.927663	1.03129	1.10235	1.14149	1.14515	1.13319	1.1276	1.11446	1.08652	1.05291	
-0.175987	-0.425963	-0.637032	-0.783424	-0.857335	-0.868871	-0.820365	-0.705039	-0.516406	-0.279937	-0.0124539	0.264369	0.522715	0.736609	0.898099	1.01953	1.09922	1.13638	1.13387	1.09951	1.04937	0.997421	0.95438	0.917657	0.890587	
-0.0948288	-0.364391	-0.595932	-0.766946	-0.858301	-0.872361	-0.812995	-0.672816	-0.462661	-0.205847	0.075085	0.354921	0.614129	0.826086	0.97201	1.06724	1.12131	1.1299	1.08848	1.0205	0.94035	0.85656	0.787448	0.747404	0.732243	
-0.0268886	-0.301312	-0.543381	-0.728352	-0.831166	-0.848303	-0.77996	-0.625897	-0.40272	-0.1397	0.14331	0.422656	0.678045	0.881338	1.00926	1.06991	1.09414	1.07826	1.01056	0.91286	0.807422	0.708367	0.633898	0.590377	0.581133	
0.0229962	-0.25093	-0.501669	-0.689081	-0.783392	-0.79743	-0.737657	-0.587014	-0.355887	-0.0875523	0.189828	0.461389	0.707729	0.899542	1.00628	1.03855	1.02866	0.982207	0.893142	0.777046	0.656435	0.556456	0.490116	0.454815	0.449113	
0.0446197	-0.220983	-0.466343	-0.647381	-0.735971	-0.747743	-0.693595	-0.549509	-0.323773	-0.0618991	0.204418	0.4592	0.687032	0.859133	0.942085	0.951988	0.916299	0.845443	0.740135	0.615887	0.497289	0.406157	0.3535	0.330094	0.332584	
0.0224431	-0.218835	-0.440814	-0.607251	-0.695287	-0.708857	-0.651964	-0.516374	-0.311083	-0.0752211	0.168684	0.397525	0.591581	0.731217	0.790475	0.782316	0.734973	0.654868	0.546298	0.425914	0.321106	0.249306	0.217136	0.211376	0.233348	
-0.0333476	-0.241056	-0.434955	-0.581035	-0.654147	-0.664095	-0.619775	-0.50084	-0.321805	-0.116965	0.0915656	0.281598	0.432451	0.533473	0.566949	0.54727	0.491787	0.412126	0.307848	0.202638	0.125489	0.0886311	0.0857884	0.107645	0.15369	
-0.122826	-0.290153	-0.448404	-0.56418	-0.616314	-0.62254	-0.59218	-0.502122	-0.355445	-0.190315	-0.023156	0.123677	0.231025	0.29705	0.309844	0.276903	0.217644	0.136169	0.0412025	-0.0375176	-0.0754316	-0.0739251	-0.0400898	0.0136527	0.0844155	
-0.2447	-0.365087	-0.469754	-0.546378	-0.586554	-0.592438	-0.566897	-0.504682	-0.409514	-0.294373	-0.169492	-0.0640666	0.00357231	0.0407027	0.0367886	-0.00413966	-0.0660855	-0.142545	-0.222799	-0.27051	-0.269974	-0.235256	-0.169375	-0.0802705	0.0190348	
-0.365087	-0.43827	-0.491622	-0.530617	-0.557046	-0.561628	-0.543136	-0.508776	-0.461508	-0.396287	-0.318224	-0.25696	-0.224805	-0.216519	-0.236446	-0.278976	-0.338013	-0.402595	-0.455793	-0.474806	-0.450307	-0.385187	-0.28474	-0.161542	-0.0296075	
-0.469754	-0.491622	-0.509262	-0.519355	-0.52407	-0.525036	-0.521225	-0.514606	-0.499146	-0.478609	-0.456115	-0.438946	-0.435547	-0.454393	-0.487116	-0.525468	-0.574354	-0.624013	-0.645689	-0.633628	-0.590047	-0.504095	-0.376279	-0.23	-0.0656567	
-0.546378	-0.530617	-0.519355	-0.512525	-0.505799	-0.50452	-0.509266	-0.516599	-0.525365	-0.539657	-0.557114	-0.574105	-0.59491	-0.63043	-0.672751	-0.712616	-0.752725	-0.780865	-0.775971	-0.73962	-0.678324	-0.577496	-0.439321	-0.277645	-0.093792	
-0.586554	-0.557046	-0.52407	-0.505799	-0.501963	-0.502405	-0.503101	-0.514686	-0.542722	-0.575959	-0.603779	-0.638043	-0.678533	-0.719414	-0.763444	-0.813541	-0.850823	-0.860796	-0.844146	-0.798915	-0.723112	-0.615606	-0.472336	-0.298428	-0.102512	
-0.592438	-0.561628	-0.525036	-0.50452	-0.502405	-0.50412	-0.501889	-0.514429	-0.54602	-0.581366	-0.60942	-0.646268	-0.69129	-0.732374	-0.775783	-0.830056	-0.866617	-0.873475	-0.855652	-0.809259	-0.730478	-0.621533	-0.477393	-0.300926	-0.101967	
-0.566897	-0.543136	-0.521225	-0.509266	-0.503101	-0.501889	-0.506224	-0.515506	-0.53372	-0.557465	-0.581858	-0.608605	-0.638081	-0.675794	-0.720191	-0.763641	-0.801977	-0.820816	-0.810006	-0.768897	-0.700783	-0.596151	-0.456031	-0.289266	-0.100337	
-0.504682	-0.508776	-0.514606	-0.516599	-0.514686	-0.514429	-0.515506	-0.51639	-0.510776	-0.506324	-0.502853	-0.500532	-0.507529	-0.535049	-0.572329	-0.609675	-0.653886	-0.696347	-0.706142	-0.682089	-0.631279	-0.539476	-0.405289	-0.251919	-0.0777819	
-0.409514	-0.461508	-0.499146	-0.525365	-0.542722	-0.54602	-0.53372	-0.510776	-0.478248	-0.431547	-0.37586	-0.332107	-0.312561	-0.316004	-0.341503	-0.381892	-0.437851	-0.496972	-0.537874	-0.54444	-0.51222	-0.436862	-0.324345	-0.19057	-0.0457352	
-0.294373	-0.396287	-0.478609	-0.539657	-0.575959	-0.581366	-0.557465	-0.506324	-0.431547	-0.337179	-0.229746	-0.141802	-0.0890223	-0.0626818	-0.0730544	-0.116325	-0.178137	-0.250191	-0.320427	-0.356662	-0.345101	-0.297744	-0.21777	-0.114492	-0.00208594	
-0.169492	-0.318224	-0.456115	-0.557114	-0.603779	-0.60942	-0.581858	-0.502853	-0.37586	-0.229746	-0.0794057	0.0507672	0.141972	0.195942	0.201437	0.164801	0.104205	0.0245325	-0.066467	-0.13295	-0.154057	-0.138761	-0.0921176	-0.0249007	0.0563691	
-0.0640666	-0.25696	-0.438946	-0.574105	-0.638043	-0.646268	-0.608605	-0.500532	-0.332107	-0.141802	0.0507672	0.223526	0.356146	0.442171	0.466756	0.441737	0.384792	0.303608	0.202979	0.107406	0.0444983	0.0234149	0.0355578	0.0702253	0.125855	
0.00357231	-0.224805	-0.435547	-0.59491	-0.678533	-0.69129	-0.638081	-0.507529	-0.312561	-0.0890223	0.141972	0.356146	0.533777	0.658352	0.707478	0.694481	0.643116	0.562901	0.455645	0.340439	0.245187	0.184874	0.163122	0.167757	0.199354	
0.0407027	-0.216519	-0.454393	-0.63043	-0.719414	-0.732374	-0.675794	-0.535049	-0.316004	-0.0626818	0.195942	0.442171	0.658352	0.818943	0.892395	0.893089	0.852502	0.776363	0.668434	0.543768	0.428909	0.344849	0.299261	0.281398	0.290332	
0.0367886	-0.236446	-0.487116	-0.672751	-0.763444	-0.775783	-0.720191	-0.572329	-0.341503	-0.0730544	0.201437	0.466756	0.707478	0.892395	0.989793	1.0133	0.99086	0.932817	0.835804	0.71537	0.594174	0.496412	0.435079	0.404309	0.401569	
-0.00413966	-0.278976	-0.525468	-0.712616	-0.813541	-0.830056	-0.763641	-0.609675	-0.381892	-0.116325	0.164801	0.441737	0.694481	0.893089	1.0133	1.06194	1.07223	1.04459	0.968381	0.862085	0.749182	0.647707	0.575252	0.533133	0.525259	
-0.0660855	-0.338013	-0.574354	-0.752725	-0.850823	-0.866617	-0.801977	-0.653886	-0.437851	-0.178137	0.104205	0.384792	0.643116	0.852502	0.99086	1.07223	1.11557	1.11474	1.06207	0.980381	0.889027	0.798435	0.723931	0.682463	0.670599	
-0.142545	-0.402595	-0.624013	-0.780865	-0.860796	-0.873475	-0.820816	-0.696347	-0.496972	-0.250191	0.0245325	0.303608	0.562901	0.776363	0.932817	1.04459	1.11474	1.13907	1.1198	1.0716	1.00931	0.941818	0.887215	0.848986	0.827075	
-0.222799	-0.455793	-0.645689	-0.775971	-0.844146	-0.855652	-0.810006	-0.706142	-0.537874	-0.320427	-0.066467	0.202979	0.455645	0.668434	0.835804	0.968381	1.06207	1.1198	1.1427	1.13049	1.10219	1.07841	1.05293	1.02026	0.987579	
-0.27051	-0.474806	-0.633628	-0.73962	-0.798915	-0.809259	-0.768897	-0.682089	-0.54444	-0.356662	-0.13295	0.107406	0.340439	0.543768	0.71537	0.862085	0.980381	1.0716	1.13049	1.15987	1.17474	1.19252	1.19714	1.17733	1.14365	
-0.269974	-0.450307	-0.590047	-0.678324	-0.723112	-0.730478	-0.700783	-0.631279	-0.51222	-0.345101	-0.154057	0.0444983	0.245187	0.428909	0.594174	0.749182	0.889027	1.00931	1.10219	1.17474	1.23165	1.27913	1.309	1.30648	1.27052	
-0.235256	-0.385187	-0.504095	-0.577496	-0.615606	-0.621533	-0.596151	-0.539476	-0.436862	-0.297744	-0.138761	0.0234149	0.184874	0.344849	0.496412	0.647707	0.798435	0.941818	1.07841	1.19252	1.27913	1.34178	1.38856	1.4029	1.36676	
-0.169375	-0.28474	-0.376279	-0.439321	-0.472336	-0.477393	-0.456031	-0.405289	-0.324345	-0.21777	-0.0921176	0.0355578	0.163122	0.299261	0.435079	0.575252	0.723931	0.887215	1.05293	1.19714	1.309	1.38856	1.44548	1.46295	1.42898	
-0.0802705	-0.161542	-0.23	-0.277645	-0.298428	-0.300926	-0.289266	-0.251919	-0.19057	-0.114492	-0.0249007	0.0702253	0.167757	0.281398	0.404309	0.533133	0.682463	0.848986	1.02026	1.17733	1.30648	1.4029	1.46295	1.48498	1.46604	
0.0190348	-0.0296075	-0.0656567	-0.093792	-0.102512	-0.101967	-0.100337	-0.0777819	-0.0457352	-0.00208594	0.0563691	0.125855	0.199354	0.290332	0.401569	0.525259	0.670599	0.827075	0.987579	1.14365	1.27052	1.36676	1.42898	1.46604	1.47137	
