-0.0400323	-0.112862	-0.153292	-0.155379	-0.129019	-0.0744416	-0.0121697	0.0636395	0.157115	0.244671	0.309575	0.345942	0.350374	0.315871	0.250473	0.170145	0.101012	0.0535833	0.00942897	-0.0331012	-0.0623011	-0.0809595	-0.106485	-0.138455	-0.163442	
-0.112862	-0.196699	-0.245564	-0.255099	-0.23493	-0.192881	-0.133191	-0.0489812	0.0601936	0.177888	0.283973	0.360021	0.396725	0.392006	0.353594	0.290103	0.22263	0.160929	0.0988173	0.0477778	0.0156803	-0.0104223	-0.0495497	-0.0879807	-0.117772	
-0.153292	-0.245564	-0.308085	-0.328809	-0.325156	-0.303145	-0.256103	-0.17884	-0.0680062	0.0714628	0.213389	0.32479	0.397109	0.431184	0.430898	0.397158	0.342631	0.275165	0.203211	0.1454	0.107301	0.069541	0.0200619	-0.0237617	-0.0583233	
-0.155379	-0.255099	-0.328809	-0.367814	-0.38833	-0.388999	-0.362741	-0.307832	-0.211676	-0.0646423	0.0956328	0.232039	0.338687	0.41369	0.455738	0.460203	0.430223	0.372474	0.301792	0.240271	0.19263	0.146005	0.0903963	0.0413761	-0.000638455	
-0.129019	-0.23493	-0.325156	-0.38833	-0.430179	-0.451081	-0.454447	-0.433326	-0.357491	-0.219507	-0.0619768	0.0868434	0.221786	0.332968	0.415546	0.46075	0.467463	0.435738	0.380859	0.318466	0.265028	0.216131	0.160313	0.104614	0.0533377	
-0.0744416	-0.192881	-0.303145	-0.388999	-0.451081	-0.503093	-0.546401	-0.553613	-0.50013	-0.390497	-0.25343	-0.102361	0.051044	0.189453	0.305695	0.392669	0.444076	0.455381	0.428319	0.375873	0.327689	0.287836	0.237707	0.176551	0.119498	
-0.0121697	-0.133191	-0.256103	-0.362741	-0.454447	-0.546401	-0.617503	-0.642489	-0.620323	-0.550849	-0.439187	-0.295099	-0.13855	0.0125496	0.153596	0.275091	0.372539	0.430126	0.438719	0.409315	0.380923	0.358784	0.317232	0.257298	0.200315	
0.0636395	-0.0489812	-0.17884	-0.307832	-0.433326	-0.553613	-0.642489	-0.693174	-0.70926	-0.67369	-0.586222	-0.4623	-0.319561	-0.165403	-0.0112732	0.136106	0.268687	0.365077	0.411282	0.418408	0.422319	0.419814	0.391477	0.341669	0.296033	
0.157115	0.0601936	-0.0680062	-0.211676	-0.357491	-0.50013	-0.620323	-0.70926	-0.756724	-0.747661	-0.693028	-0.604836	-0.482753	-0.334987	-0.176138	-0.0152311	0.13676	0.257828	0.340137	0.393336	0.432281	0.4507	0.439888	0.413619	0.389184	
0.244671	0.177888	0.0714628	-0.0646423	-0.219507	-0.390497	-0.550849	-0.67369	-0.747661	-0.775371	-0.769626	-0.722155	-0.628983	-0.497262	-0.344339	-0.181305	-0.0261677	0.106114	0.221718	0.316736	0.388106	0.42667	0.44239	0.447814	0.454435	
0.309575	0.283973	0.213389	0.0956328	-0.0619768	-0.25343	-0.439187	-0.586222	-0.693028	-0.769626	-0.811783	-0.80753	-0.751566	-0.647021	-0.50754	-0.351689	-0.203397	-0.06298	0.0759708	0.201555	0.296248	0.360363	0.406863	0.447656	0.489005	
0.345942	0.360021	0.32479	0.232039	0.0868434	-0.102361	-0.295099	-0.4623	-0.604836	-0.722155	-0.80753	-0.849811	-0.841188	-0.773031	-0.658153	-0.520322	-0.377188	-0.231488	-0.0799607	0.0584274	0.174478	0.267084	0.346397	0.418561	0.494742	
0.350374	0.396725	0.397109	0.338687	0.221786	0.051044	-0.13855	-0.319561	-0.482753	-0.628983	-0.751566	-0.841188	-0.882337	-0.861248	-0.788602	-0.673711	-0.537168	-0.389862	-0.241657	-0.0965279	0.0397762	0.162926	0.270759	0.370357	0.476311	
0.315871	0.392006	0.431184	0.41369	0.332968	0.189453	0.0125496	-0.165403	-0.334987	-0.497262	-0.647021	-0.773031	-0.861248	-0.898203	-0.87504	-0.79159	-0.670057	-0.538637	-0.399398	-0.248648	-0.0916541	0.0557727	0.189118	0.312887	0.44202	
0.250473	0.353594	0.430898	0.455738	0.415546	0.305695	0.153596	-0.0112732	-0.176138	-0.344339	-0.50754	-0.658153	-0.788602	-0.87504	-0.900313	-0.856472	-0.774332	-0.670949	-0.542511	-0.383654	-0.213781	-0.0485866	0.108577	0.256741	0.403313	
0.170145	0.290103	0.397158	0.460203	0.46075	0.392669	0.275091	0.136106	-0.0152311	-0.181305	-0.351689	-0.520322	-0.673711	-0.79159	-0.856472	-0.868079	-0.8392	-0.771328	-0.654177	-0.496771	-0.324881	-0.149206	0.0301066	0.201813	0.365232	
0.101012	0.22263	0.342631	0.430223	0.467463	0.444076	0.372539	0.268687	0.13676	-0.0261677	-0.203397	-0.377188	-0.537168	-0.670057	-0.774332	-0.8392	-0.861433	-0.826847	-0.731663	-0.589315	-0.425869	-0.246556	-0.0520649	0.141023	0.323879	
0.0535833	0.160929	0.275165	0.372474	0.435738	0.455381	0.430126	0.365077	0.257828	0.106114	-0.06298	-0.231488	-0.389862	-0.538637	-0.670949	-0.771328	-0.826847	-0.826304	-0.763447	-0.646469	-0.49887	-0.326837	-0.129671	0.0781639	0.278693	
0.00942897	0.0988173	0.203211	0.301792	0.380859	0.428319	0.438719	0.411282	0.340137	0.221718	0.0759708	-0.0799607	-0.241657	-0.399398	-0.542511	-0.654177	-0.731663	-0.763447	-0.734899	-0.645582	-0.520743	-0.368598	-0.18252	0.0257003	0.227647	
-0.0331012	0.0477778	0.1454	0.240271	0.318466	0.375873	0.409315	0.418408	0.393336	0.316736	0.201555	0.0584274	-0.0965279	-0.248648	-0.383654	-0.496771	-0.589315	-0.646469	-0.645582	-0.583403	-0.486969	-0.361838	-0.199651	-0.0144895	0.15854	
-0.0623011	0.0156803	0.107301	0.19263	0.265028	0.327689	0.380923	0.422319	0.432281	0.388106	0.296248	0.174478	0.0397762	-0.0916541	-0.213781	-0.324881	-0.425869	-0.49887	-0.520743	-0.486969	-0.419962	-0.325041	-0.199626	-0.0655646	0.0483368	
-0.0809595	-0.0104223	0.069541	0.146005	0.216131	0.287836	0.358784	0.419814	0.4507	0.42667	0.360363	0.267084	0.162926	0.0557727	-0.0485866	-0.149206	-0.246556	-0.326837	-0.368598	-0.361838	-0.325041	-0.266505	-0.194177	-0.129879	-0.0901725	
-0.106485	-0.0495497	0.0200619	0.0903963	0.160313	0.237707	0.317232	0.391477	0.439888	0.44239	0.406863	0.346397	0.270759	0.189118	0.108577	0.0301066	-0.0520649	-0.129671	-0.18252	-0.199651	-0.199626	-0.194177	-0.188175	-0.196414	-0.223565	
-0.138455	-0.0879807	-0.0237617	0.0413761	0.104614	0.176551	0.257298	0.341669	0.413619	0.447814	0.447656	0.418561	0.370357	0.312887	0.256741	0.201813	0.141023	0.0781639	0.0257003	-0.0144895	-0.0655646	-0.129879	-0.196414	-0.265345	-0.342843	
-0.163442	-0.117772	-0.0583233	-0.000638455	0.0533377	0.119498	0.200315	0.296033	0.389184	0.454435	0.489005	0.494742	0.476311	0.44202	0.403313	0.365232	0.323879	0.278693	0.227647	0.15854	0.0483368	-0.0901725	-0.223565	-0.342843	-0.455883	
-0.171807	-0.135287	-0.0884167	-0.0431533	0.00166496	0.0633025	0.146734	0.250325	0.359795	0.449998	0.518287	0.561794	0.57916	0.572643	0.553921	0.530094	0.500038	0.458079	0.394492	0.292309	0.13202	-0.0628369	-0.24978	-0.41116	-0.555237	
-0.164063	-0.140683	-0.110705	-0.0826208	-0.0522724	0.0022286	0.0842883	0.194005	0.316061	0.427102	0.524367	0.604174	0.662044	0.695467	0.708446	0.701546	0.668008	0.604912	0.509625	0.375057	0.185771	-0.0385044	-0.25778	-0.453532	-0.624853	
-0.15842	-0.137868	-0.116544	-0.102038	-0.0864754	-0.0456075	0.0291118	0.137749	0.266344	0.391903	0.512373	0.626027	0.727375	0.806646	0.855967	0.860824	0.810958	0.709934	0.573615	0.409175	0.20492	-0.0267946	-0.257252	-0.470385	-0.665109	
-0.167054	-0.143814	-0.119817	-0.105395	-0.0959534	-0.0649651	-0.00355637	0.0938931	0.218589	0.352079	0.495622	0.645242	0.789282	0.907781	0.980482	0.987385	0.916838	0.782468	0.61008	0.418684	0.20189	-0.02939	-0.253576	-0.467531	-0.67659	
-0.18446	-0.158276	-0.127032	-0.104886	-0.0907946	-0.0640342	-0.0142668	0.0681135	0.182561	0.319791	0.482242	0.662308	0.83758	0.977616	1.05874	1.06027	0.977426	0.824742	0.632355	0.421565	0.193471	-0.036351	-0.250369	-0.456134	-0.672693	
-0.187278	-0.161456	-0.129269	-0.104919	-0.090065	-0.0631623	-0.0158868	0.0627384	0.175063	0.312232	0.479277	0.665669	0.846998	0.991044	1.07215	1.07312	0.98756	0.833188	0.637089	0.422955	0.19223	-0.03749	-0.248757	-0.452745	-0.669841	
-0.174208	-0.149254	-0.122183	-0.105235	-0.0941382	-0.0655607	-0.00919932	0.0820431	0.202055	0.337567	0.489329	0.653152	0.811995	0.940827	1.01829	1.02248	0.946423	0.802609	0.620658	0.419644	0.197588	-0.0331033	-0.252891	-0.463262	-0.676358	
-0.159649	-0.138562	-0.117486	-0.104612	-0.0935837	-0.0572962	0.0124576	0.117777	0.246697	0.375859	0.505844	0.633585	0.752546	0.849393	0.909698	0.917115	0.858241	0.743118	0.590685	0.415226	0.20578	-0.026167	-0.255446	-0.470758	-0.672046	
-0.161392	-0.140216	-0.114669	-0.0930128	-0.0686693	-0.0196466	0.0600838	0.17079	0.296435	0.414788	0.521234	0.61452	0.689219	0.740792	0.769368	0.767841	0.729276	0.651129	0.540021	0.393027	0.197289	-0.0318106	-0.258194	-0.463244	-0.644919	
-0.16939	-0.138772	-0.0989703	-0.0602284	-0.0209081	0.0389189	0.122358	0.228397	0.343581	0.442271	0.523375	0.581716	0.61483	0.62315	0.615585	0.599119	0.56896	0.521769	0.446874	0.331962	0.157751	-0.0517697	-0.254525	-0.431407	-0.586751	
-0.169239	-0.126252	-0.0706941	-0.0174374	0.0334562	0.0979639	0.18005	0.279573	0.379077	0.455004	0.502745	0.524097	0.519272	0.494814	0.463007	0.429899	0.39489	0.353128	0.29962	0.216971	0.0850467	-0.0791342	-0.236008	-0.373139	-0.498964	
-0.149845	-0.101121	-0.0382585	0.024265	0.0831673	0.152536	0.23309	0.32216	0.403695	0.450226	0.464328	0.448598	0.412206	0.364124	0.315171	0.267953	0.215236	0.160822	0.109309	0.058513	-0.0165334	-0.11106	-0.205583	-0.295612	-0.38838	
-0.119434	-0.0660728	0.001064	0.0695674	0.137853	0.213717	0.293884	0.372518	0.429919	0.445522	0.42329	0.375659	0.310505	0.238877	0.168667	0.0997762	0.0262187	-0.0468753	-0.100207	-0.126843	-0.145352	-0.166589	-0.189231	-0.223339	-0.272422	
-0.0896993	-0.0246261	0.0506428	0.124291	0.19433	0.269697	0.345078	0.411582	0.449421	0.434739	0.380657	0.300087	0.207772	0.110641	0.0153055	-0.0772482	-0.169883	-0.250117	-0.29809	-0.301059	-0.277866	-0.238102	-0.191187	-0.156464	-0.145107	
-0.070185	0.0059412	0.0935382	0.174784	0.245753	0.311939	0.373121	0.424136	0.443197	0.407692	0.32487	0.214407	0.0909484	-0.0308114	-0.146813	-0.255294	-0.356335	-0.433527	-0.463788	-0.441516	-0.385886	-0.304471	-0.198201	-0.0909308	-0.00598561	
-0.0468993	0.0327949	0.128616	0.220212	0.295395	0.354637	0.396077	0.419517	0.41077	0.348216	0.243118	0.107288	-0.0405904	-0.185709	-0.315693	-0.428722	-0.525673	-0.590127	-0.598797	-0.547788	-0.463008	-0.349476	-0.200354	-0.0326294	0.119796	
-0.00840571	0.0758778	0.17715	0.275061	0.355961	0.408968	0.429225	0.416884	0.364135	0.262896	0.128821	-0.0219886	-0.183044	-0.34017	-0.481884	-0.594657	-0.678835	-0.721768	-0.705258	-0.627004	-0.512811	-0.371011	-0.192911	0.00906925	0.203517	
0.0360991	0.136195	0.246168	0.344717	0.415709	0.449218	0.439555	0.389501	0.295214	0.154281	-0.00675753	-0.170955	-0.330379	-0.484422	-0.623266	-0.73083	-0.795594	-0.808436	-0.759651	-0.654282	-0.514712	-0.349379	-0.154781	0.0551247	0.259203	
0.0797946	0.197582	0.317467	0.409938	0.458837	0.453628	0.401418	0.313193	0.189908	0.029654	-0.146735	-0.319292	-0.478998	-0.617872	-0.735549	-0.817592	-0.855234	-0.833695	-0.750748	-0.618027	-0.460301	-0.28218	-0.0848559	0.115249	0.30589	
0.139758	0.262256	0.377019	0.452526	0.467929	0.417343	0.31701	0.191671	0.0476681	-0.117701	-0.291298	-0.463684	-0.62106	-0.745799	-0.826329	-0.861021	-0.853695	-0.799519	-0.689035	-0.536548	-0.366583	-0.188919	-0.00172598	0.178495	0.349744	
0.218835	0.330052	0.420635	0.461576	0.438684	0.344571	0.204819	0.0491585	-0.111153	-0.279156	-0.445654	-0.604409	-0.746665	-0.847972	-0.889584	-0.866722	-0.805371	-0.716032	-0.591697	-0.431473	-0.259608	-0.0892858	0.0768649	0.234866	0.387681	
0.293194	0.381099	0.435462	0.435119	0.369903	0.23929	0.0704027	-0.103392	-0.272053	-0.43821	-0.594851	-0.731871	-0.83805	-0.896666	-0.89359	-0.824507	-0.715578	-0.594586	-0.459545	-0.305569	-0.141406	0.0134025	0.156912	0.289803	0.427007	
0.339852	0.399261	0.415609	0.372508	0.269724	0.108864	-0.0768512	-0.258585	-0.425675	-0.579519	-0.714756	-0.820791	-0.880832	-0.882495	-0.829455	-0.726728	-0.593663	-0.450594	-0.305866	-0.158868	-0.0139818	0.120115	0.238154	0.347932	0.463591	
0.352378	0.37904	0.35785	0.278481	0.142582	-0.0404719	-0.233326	-0.407436	-0.560414	-0.690676	-0.791318	-0.853424	-0.864576	-0.813232	-0.713605	-0.584652	-0.443699	-0.295515	-0.143654	-0.00259565	0.121512	0.226384	0.318282	0.401475	0.490683	
0.32733	0.318973	0.262548	0.153857	-0.0004443	-0.194276	-0.384032	-0.539421	-0.661432	-0.756057	-0.816021	-0.830005	-0.792251	-0.701118	-0.569313	-0.420534	-0.274494	-0.131873	0.0145578	0.146563	0.249657	0.324722	0.384757	0.438915	0.493996	
