0.294003	0.214579	0.129255	0.0575892	0.0185626	0.011252	0.0383579	0.0977421	0.180305	0.263571	0.33276	0.375159	0.395595	0.409468	0.414628	0.398893	0.36427	0.329544	0.307806	0.307203	0.328229	0.379041	0.459206	0.564539	0.67858	
0.399953	0.326467	0.247532	0.178534	0.138662	0.131264	0.158986	0.217543	0.294936	0.371877	0.435733	0.475327	0.497311	0.514073	0.51691	0.500803	0.471005	0.440278	0.410285	0.386016	0.37509	0.395023	0.460078	0.561927	0.672767	
0.45056	0.390063	0.326124	0.271161	0.236838	0.229147	0.254725	0.301908	0.364602	0.427649	0.482402	0.521094	0.54524	0.567112	0.56879	0.549813	0.512758	0.478567	0.44579	0.40972	0.380596	0.381631	0.431732	0.520045	0.629577	
0.459472	0.410266	0.361628	0.325072	0.301514	0.297842	0.313483	0.345838	0.389841	0.440251	0.484885	0.521504	0.550716	0.567333	0.565768	0.544512	0.506603	0.466605	0.429131	0.389262	0.351398	0.339952	0.37713	0.452292	0.555984	
0.43711	0.400551	0.369155	0.348004	0.331566	0.327677	0.340927	0.359742	0.386545	0.422863	0.457096	0.488795	0.513555	0.522497	0.515275	0.492956	0.458506	0.424083	0.387445	0.34222	0.297829	0.279522	0.303435	0.364168	0.460997	
0.389634	0.37259	0.357197	0.347441	0.336012	0.332144	0.342927	0.352722	0.365751	0.383335	0.39972	0.421397	0.44065	0.445883	0.438882	0.418316	0.386218	0.357442	0.327333	0.283767	0.241817	0.217369	0.224959	0.271996	0.359419	
0.311696	0.314433	0.317955	0.323001	0.320613	0.319653	0.322596	0.320716	0.315551	0.312449	0.312948	0.326359	0.347446	0.353782	0.356381	0.34076	0.309875	0.28161	0.256935	0.225371	0.191487	0.166922	0.16092	0.19079	0.255615	
0.205572	0.223354	0.248308	0.27078	0.280874	0.280317	0.277319	0.258182	0.232761	0.211139	0.204072	0.219728	0.246454	0.263027	0.271561	0.263913	0.24188	0.221589	0.199966	0.176217	0.15531	0.132729	0.109631	0.121309	0.1683	
0.0986576	0.120722	0.154976	0.187222	0.206249	0.206415	0.197777	0.168619	0.133712	0.105109	0.0965919	0.114706	0.145444	0.171678	0.189735	0.196058	0.188592	0.183259	0.17203	0.154509	0.134253	0.11234	0.0842001	0.0798443	0.104161	
0.00936484	0.0269143	0.0542661	0.0805098	0.0941015	0.0942656	0.0885692	0.0655163	0.0370322	0.0142505	0.00970761	0.0296215	0.0619719	0.0954007	0.119955	0.14318	0.152562	0.161269	0.163672	0.151912	0.13013	0.0985681	0.0733434	0.0581695	0.0658129	
-0.0538321	-0.0500239	-0.0362718	-0.0220936	-0.0190279	-0.0199667	-0.0192583	-0.0297046	-0.0454422	-0.0540015	-0.0483932	-0.0274345	0.00550305	0.0355099	0.0618443	0.0918029	0.116636	0.135886	0.146144	0.144466	0.12234	0.0841762	0.0562295	0.0440382	0.0527684	
-0.0935664	-0.110528	-0.113866	-0.108797	-0.106921	-0.106742	-0.107004	-0.111904	-0.114113	-0.101574	-0.0809039	-0.0576339	-0.0321971	-0.0116432	0.0175175	0.053481	0.0866474	0.106627	0.114489	0.111559	0.0882934	0.0595025	0.035138	0.0275403	0.0400733	
-0.126333	-0.148432	-0.160009	-0.162178	-0.163297	-0.164564	-0.162002	-0.16191	-0.154394	-0.136006	-0.112028	-0.0891767	-0.0712323	-0.0555279	-0.0284151	0.0116029	0.0476022	0.0702242	0.0772879	0.0673663	0.0438081	0.0259093	0.0186148	0.0241545	0.0408678	
-0.161528	-0.176496	-0.187383	-0.197892	-0.206162	-0.2104	-0.200368	-0.192719	-0.180523	-0.16808	-0.149649	-0.131303	-0.120955	-0.106012	-0.0766316	-0.0302078	0.00522738	0.0307923	0.0458173	0.0470382	0.0297008	0.0086546	0.0126943	0.0371692	0.0625709	
-0.187147	-0.199511	-0.213338	-0.226902	-0.233367	-0.234204	-0.229685	-0.219781	-0.205024	-0.192224	-0.180247	-0.176325	-0.177205	-0.164105	-0.127574	-0.0772776	-0.0354113	-0.000673825	0.023919	0.0401655	0.0398974	0.0231399	0.0248997	0.05828	0.0986492	
-0.20322	-0.204315	-0.210919	-0.22586	-0.236232	-0.237429	-0.231592	-0.216018	-0.206096	-0.203723	-0.202476	-0.208971	-0.222587	-0.21884	-0.184806	-0.136338	-0.0876131	-0.049217	-0.0169477	0.017591	0.0402539	0.0424003	0.0476717	0.0852171	0.128336	
-0.205205	-0.188623	-0.183055	-0.200739	-0.223594	-0.225631	-0.212971	-0.186472	-0.184047	-0.199183	-0.214812	-0.230751	-0.247777	-0.247846	-0.225525	-0.197927	-0.160452	-0.12248	-0.0749286	-0.0221455	0.0202128	0.0423512	0.0625577	0.099638	0.13661	
-0.199531	-0.17642	-0.169759	-0.18698	-0.206615	-0.209778	-0.195846	-0.174509	-0.170371	-0.189526	-0.213741	-0.237208	-0.25406	-0.255422	-0.248571	-0.238139	-0.21794	-0.187711	-0.132907	-0.0611498	-0.00493637	0.0262482	0.0586275	0.097087	0.129818	
-0.201628	-0.183369	-0.175605	-0.188988	-0.207457	-0.210717	-0.196092	-0.179354	-0.177965	-0.193634	-0.212601	-0.23085	-0.244036	-0.250501	-0.25411	-0.252885	-0.241972	-0.22287	-0.174623	-0.0991993	-0.0374967	0.00174929	0.0418467	0.0827986	0.113654	
-0.214912	-0.197433	-0.185002	-0.195731	-0.217059	-0.220529	-0.205199	-0.186475	-0.190264	-0.208472	-0.221065	-0.224746	-0.22622	-0.231249	-0.238958	-0.251657	-0.252652	-0.241022	-0.205541	-0.14291	-0.0798618	-0.0319177	0.00948583	0.0526442	0.0870927	
-0.222947	-0.211009	-0.203378	-0.208305	-0.214018	-0.212781	-0.212496	-0.203623	-0.206481	-0.219679	-0.224202	-0.212287	-0.203652	-0.204726	-0.213686	-0.23724	-0.252328	-0.251335	-0.230028	-0.189196	-0.130382	-0.0762235	-0.0317454	0.014673	0.0556678	
-0.220381	-0.223992	-0.22114	-0.214099	-0.20231	-0.196913	-0.210665	-0.218431	-0.223891	-0.223693	-0.21238	-0.193161	-0.182386	-0.184465	-0.195622	-0.223446	-0.24668	-0.255068	-0.246077	-0.223972	-0.177129	-0.118553	-0.0661042	-0.0194079	0.0259441	
-0.216206	-0.23386	-0.230484	-0.215784	-0.203668	-0.201808	-0.210171	-0.224949	-0.234981	-0.225434	-0.198399	-0.175489	-0.167774	-0.175597	-0.194512	-0.218507	-0.238779	-0.254616	-0.256257	-0.237466	-0.19682	-0.139232	-0.0836216	-0.0397584	-0.000313661	
-0.207177	-0.234526	-0.239928	-0.224746	-0.20817	-0.204607	-0.217444	-0.235191	-0.239587	-0.219422	-0.189619	-0.170884	-0.167745	-0.178451	-0.198831	-0.219596	-0.232688	-0.243725	-0.242598	-0.224923	-0.19371	-0.147944	-0.0983869	-0.0593003	-0.0298995	
-0.20414	-0.226631	-0.236915	-0.222371	-0.19457	-0.187083	-0.211242	-0.234537	-0.232814	-0.21284	-0.192123	-0.180975	-0.183207	-0.197868	-0.2152	-0.224166	-0.221293	-0.220847	-0.223665	-0.212903	-0.188561	-0.156172	-0.117869	-0.0827891	-0.0556749	
-0.210985	-0.220868	-0.21894	-0.199245	-0.174581	-0.168535	-0.188911	-0.213325	-0.222183	-0.215258	-0.205937	-0.204726	-0.213129	-0.21989	-0.222773	-0.21916	-0.207036	-0.198855	-0.202759	-0.206161	-0.194764	-0.172926	-0.140543	-0.106422	-0.0714825	
-0.220868	-0.218065	-0.205268	-0.183276	-0.167597	-0.165823	-0.175674	-0.196634	-0.214537	-0.219966	-0.223518	-0.232067	-0.235477	-0.2284	-0.216375	-0.202739	-0.189121	-0.17736	-0.181896	-0.199146	-0.204888	-0.187093	-0.159833	-0.128116	-0.0766372	
-0.21894	-0.205268	-0.200117	-0.191248	-0.182698	-0.182658	-0.187028	-0.1971	-0.202818	-0.212132	-0.230692	-0.241136	-0.234467	-0.224221	-0.21199	-0.190993	-0.178615	-0.170955	-0.174372	-0.200076	-0.217456	-0.199452	-0.170913	-0.136293	-0.0699464	
-0.199245	-0.183276	-0.191248	-0.206449	-0.214558	-0.216889	-0.210152	-0.197931	-0.184082	-0.189836	-0.214333	-0.226537	-0.21925	-0.213503	-0.212179	-0.20005	-0.191335	-0.186429	-0.192778	-0.216684	-0.230996	-0.211514	-0.177137	-0.134397	-0.059727	
-0.174581	-0.167597	-0.182698	-0.214558	-0.244514	-0.251371	-0.227571	-0.194544	-0.170844	-0.169541	-0.186523	-0.204936	-0.206736	-0.201032	-0.209391	-0.217637	-0.212417	-0.204077	-0.216019	-0.233036	-0.236851	-0.219583	-0.182011	-0.131903	-0.0577355	
-0.168535	-0.165823	-0.182658	-0.216889	-0.251371	-0.259666	-0.231613	-0.195076	-0.169847	-0.165374	-0.179234	-0.199344	-0.20522	-0.196578	-0.205777	-0.21972	-0.216578	-0.207208	-0.21808	-0.234701	-0.237354	-0.222846	-0.18466	-0.132008	-0.0582338	
-0.188911	-0.175674	-0.187028	-0.210152	-0.227571	-0.231613	-0.218149	-0.196064	-0.177272	-0.180738	-0.203028	-0.217759	-0.212974	-0.208989	-0.212728	-0.208664	-0.199801	-0.193616	-0.204531	-0.22541	-0.234277	-0.213959	-0.178413	-0.132779	-0.0576609	
-0.213325	-0.196634	-0.1971	-0.197931	-0.194544	-0.195076	-0.196064	-0.198091	-0.19562	-0.204642	-0.227299	-0.237331	-0.229075	-0.220345	-0.211412	-0.191513	-0.181239	-0.175825	-0.178542	-0.204414	-0.223105	-0.2055	-0.17441	-0.13627	-0.0654836	
-0.222183	-0.214537	-0.202818	-0.184082	-0.170844	-0.169847	-0.177272	-0.19562	-0.210984	-0.218848	-0.228451	-0.238547	-0.237811	-0.228369	-0.214147	-0.19606	-0.18284	-0.171862	-0.176053	-0.198011	-0.209656	-0.19188	-0.164802	-0.133365	-0.07548	
-0.215258	-0.219966	-0.212132	-0.189836	-0.169541	-0.165374	-0.180738	-0.204642	-0.218848	-0.217674	-0.212882	-0.216425	-0.223876	-0.225457	-0.221766	-0.213573	-0.199826	-0.189406	-0.194308	-0.20395	-0.198804	-0.178772	-0.149273	-0.115985	-0.0749256	
-0.205937	-0.223518	-0.230692	-0.214333	-0.186523	-0.179234	-0.203028	-0.227299	-0.228451	-0.212882	-0.196652	-0.188923	-0.194044	-0.207181	-0.220274	-0.223956	-0.216119	-0.212077	-0.215342	-0.209894	-0.18971	-0.162286	-0.127469	-0.0924116	-0.0626919	
-0.204726	-0.232067	-0.241136	-0.226537	-0.204936	-0.199344	-0.217759	-0.237331	-0.238547	-0.216425	-0.188923	-0.173111	-0.171551	-0.185305	-0.204732	-0.221361	-0.227982	-0.235001	-0.235528	-0.219041	-0.190377	-0.150111	-0.105177	-0.0682238	-0.0415775	
-0.213129	-0.235477	-0.234467	-0.21925	-0.206736	-0.20522	-0.212974	-0.229075	-0.237811	-0.223876	-0.194044	-0.171551	-0.166354	-0.174537	-0.194763	-0.217786	-0.236745	-0.252006	-0.252691	-0.234501	-0.197651	-0.144398	-0.08925	-0.046658	-0.0115708	
-0.21989	-0.2284	-0.224221	-0.213503	-0.201032	-0.196578	-0.208989	-0.220345	-0.228369	-0.225457	-0.207181	-0.185305	-0.174537	-0.180191	-0.194954	-0.221318	-0.243562	-0.255371	-0.252881	-0.233523	-0.188446	-0.128519	-0.0742044	-0.0292234	0.0150784	
-0.222773	-0.216375	-0.21199	-0.212179	-0.209391	-0.205777	-0.212728	-0.211412	-0.214147	-0.221766	-0.220274	-0.204732	-0.194763	-0.194954	-0.203829	-0.229876	-0.250028	-0.253396	-0.23629	-0.204306	-0.151082	-0.0953584	-0.0480545	-0.000493139	0.0431845	
-0.21916	-0.202739	-0.190993	-0.20005	-0.217637	-0.21972	-0.208664	-0.191513	-0.19606	-0.213573	-0.223956	-0.221361	-0.217786	-0.221318	-0.229876	-0.247658	-0.253953	-0.246644	-0.217132	-0.162294	-0.0991249	-0.0479023	-0.0057196	0.0378732	0.0750783	
-0.207036	-0.189121	-0.178615	-0.191335	-0.212417	-0.216578	-0.199801	-0.181239	-0.18284	-0.199826	-0.216119	-0.227982	-0.236745	-0.243562	-0.250028	-0.253953	-0.246778	-0.230921	-0.187232	-0.115544	-0.0531139	-0.0110326	0.0303447	0.0726035	0.103848	
-0.198855	-0.17736	-0.170955	-0.186429	-0.204077	-0.207208	-0.193616	-0.175825	-0.171862	-0.189406	-0.212077	-0.235001	-0.252006	-0.255371	-0.253396	-0.246644	-0.230921	-0.204876	-0.152116	-0.0766174	-0.0165615	0.0181232	0.0539501	0.0928044	0.12453	
-0.202759	-0.181896	-0.174372	-0.192778	-0.216019	-0.21808	-0.204531	-0.178542	-0.176053	-0.194308	-0.215342	-0.235528	-0.252691	-0.252881	-0.23629	-0.217132	-0.187232	-0.152116	-0.0999274	-0.0384849	0.010777	0.0370024	0.0629467	0.0999657	0.134762	
-0.206161	-0.199146	-0.200076	-0.216684	-0.233036	-0.234701	-0.22541	-0.204414	-0.198011	-0.20395	-0.209894	-0.219041	-0.234501	-0.233523	-0.204306	-0.162294	-0.115544	-0.0766174	-0.0384849	0.00320255	0.0334391	0.0446743	0.0558236	0.0932252	0.134333	
-0.194764	-0.204888	-0.217456	-0.230996	-0.236851	-0.237354	-0.234277	-0.223105	-0.209656	-0.198804	-0.18971	-0.190377	-0.197651	-0.188446	-0.151082	-0.0991249	-0.0531139	-0.0165615	0.010777	0.0334391	0.0430113	0.0325331	0.034074	0.0685306	0.111898	
-0.172926	-0.187093	-0.199452	-0.211514	-0.219583	-0.222846	-0.213959	-0.2055	-0.19188	-0.178772	-0.162286	-0.150111	-0.144398	-0.128519	-0.0953584	-0.0479023	-0.0110326	0.0181232	0.0370024	0.0446743	0.0325331	0.0116605	0.0151755	0.0453233	0.076545	
-0.140543	-0.159833	-0.170913	-0.177137	-0.182011	-0.18466	-0.178413	-0.17441	-0.164802	-0.149273	-0.127469	-0.105177	-0.08925	-0.0742044	-0.0480545	-0.0057196	0.0303447	0.0539501	0.0629467	0.0558236	0.034074	0.0151755	0.0144466	0.0278284	0.0475152	
-0.106422	-0.128116	-0.136293	-0.134397	-0.131903	-0.132008	-0.132779	-0.13627	-0.133365	-0.115985	-0.0924116	-0.0682238	-0.046658	-0.0292234	-0.000493139	0.0378732	0.0726035	0.0928044	0.0999657	0.0932252	0.0685306	0.0453233	0.0278284	0.0242038	0.0371941	
-0.0714825	-0.0766372	-0.0699464	-0.059727	-0.0577355	-0.0582338	-0.0576609	-0.0654836	-0.07548	-0.0749256	-0.0626919	-0.0415775	-0.0115708	0.0150784	0.0431845	0.0750783	0.103848	0.12453	0.134762	0.134333	0.111898	0.076545	0.0475152	0.0371941	0.0484497	
