0.374916	0.397234	0.410106	0.399959	0.365683	0.32261	0.271603	0.222757	0.182794	0.159006	0.144786	0.127894	0.0967281	0.0596996	0.0187864	-0.0396649	-0.127757	-0.229444	-0.317769	-0.36848	-0.375117	-0.340312	-0.252018	-0.108639	0.0669126	
0.397234	0.425121	0.434849	0.414063	0.369284	0.318733	0.274811	0.246989	0.229437	0.214112	0.206566	0.184944	0.151907	0.111026	0.0635099	-0.00174299	-0.0965846	-0.190381	-0.267459	-0.309897	-0.310222	-0.27438	-0.184426	-0.0420408	0.129412	
0.410106	0.434849	0.443459	0.416441	0.366848	0.321015	0.295633	0.289373	0.290242	0.292509	0.294335	0.286763	0.258355	0.216804	0.163571	0.0888691	-0.01016	-0.107517	-0.181471	-0.224314	-0.231677	-0.200575	-0.12324	0.00672267	0.163386	
0.399959	0.414063	0.416441	0.389152	0.356947	0.33424	0.336252	0.358072	0.389927	0.419436	0.435764	0.440894	0.422381	0.387452	0.329897	0.243328	0.132005	0.0228764	-0.0576784	-0.110566	-0.134689	-0.124584	-0.0737794	0.0276579	0.165144	
0.365683	0.369284	0.366848	0.356947	0.356102	0.370985	0.411969	0.468611	0.535776	0.594602	0.632472	0.648056	0.641069	0.613126	0.552254	0.449505	0.318784	0.193272	0.0979241	0.0250113	-0.0280814	-0.0554908	-0.0301109	0.0409347	0.156812	
0.32261	0.318733	0.321015	0.33424	0.370985	0.431893	0.518283	0.61448	0.714707	0.799799	0.861009	0.890492	0.894856	0.863124	0.788455	0.67043	0.529152	0.386279	0.262211	0.156293	0.0704017	0.0123346	0.0120885	0.054768	0.139953	
0.271603	0.274811	0.295633	0.336252	0.411969	0.518283	0.646027	0.781892	0.907017	1.01617	1.09893	1.13963	1.14388	1.10441	1.01672	0.888523	0.734289	0.568058	0.406132	0.268875	0.157199	0.0792278	0.0526629	0.0674301	0.123882	
0.222757	0.246989	0.289373	0.358072	0.468611	0.61448	0.781892	0.944866	1.08686	1.21134	1.31017	1.36162	1.35645	1.30994	1.21481	1.0778	0.91105	0.718065	0.525617	0.360875	0.227676	0.130325	0.0805935	0.0745331	0.105273	
0.182794	0.229437	0.290242	0.389927	0.535776	0.714707	0.907017	1.08686	1.23819	1.36667	1.46557	1.51636	1.51226	1.46226	1.35637	1.20856	1.03288	0.830045	0.619891	0.431786	0.281714	0.171616	0.105883	0.0741587	0.0748261	
0.159006	0.214112	0.292509	0.419436	0.594602	0.799799	1.01617	1.21134	1.36667	1.48034	1.55969	1.60235	1.60032	1.54489	1.43641	1.28386	1.10537	0.902435	0.686209	0.495519	0.340119	0.221623	0.132951	0.0614812	0.026963	
0.144786	0.206566	0.294335	0.435764	0.632472	0.861009	1.09893	1.31017	1.46557	1.55969	1.61439	1.64183	1.63404	1.5738	1.46639	1.3203	1.14091	0.937455	0.730504	0.549398	0.398736	0.27051	0.151887	0.0446073	-0.0319812	
0.127894	0.184944	0.286763	0.440894	0.648056	0.890492	1.13963	1.36162	1.51636	1.60235	1.64183	1.65181	1.62796	1.56711	1.4647	1.3237	1.14426	0.951978	0.765374	0.59969	0.449306	0.309631	0.170466	0.0320159	-0.085632	
0.0967281	0.151907	0.258355	0.422381	0.641069	0.894856	1.14388	1.35645	1.51226	1.60032	1.63404	1.62796	1.59404	1.53849	1.44064	1.29866	1.12586	0.954702	0.796132	0.649643	0.508041	0.359603	0.202155	0.0341696	-0.120884	
0.0596996	0.111026	0.216804	0.387452	0.613126	0.863124	1.10441	1.30994	1.46226	1.54489	1.5738	1.56711	1.53849	1.48932	1.39263	1.25424	1.1001	0.952469	0.820199	0.700265	0.577992	0.430674	0.254335	0.0589427	-0.136952	
0.0187864	0.0635099	0.163571	0.329897	0.552254	0.788455	1.01672	1.21481	1.35637	1.43641	1.46639	1.4647	1.44064	1.39263	1.31277	1.19493	1.06808	0.947743	0.842951	0.751182	0.646574	0.503605	0.319456	0.0998399	-0.136416	
-0.0396649	-0.00174299	0.0888691	0.243328	0.449505	0.67043	0.888523	1.0778	1.20856	1.28386	1.3203	1.3237	1.29866	1.25424	1.19493	1.111	1.01648	0.93251	0.862513	0.791638	0.701707	0.568938	0.385718	0.154305	-0.108773	
-0.127757	-0.0965846	-0.01016	0.132005	0.318784	0.529152	0.734289	0.91105	1.03288	1.10537	1.14091	1.14426	1.12586	1.1001	1.06808	1.01648	0.9634	0.921811	0.88543	0.829138	0.750667	0.632108	0.457856	0.226049	-0.045613	
-0.229444	-0.190381	-0.107517	0.0228764	0.193272	0.386279	0.568058	0.718065	0.830045	0.902435	0.937455	0.951978	0.954702	0.952469	0.947743	0.93251	0.921811	0.914771	0.90025	0.866387	0.808359	0.711052	0.557776	0.336724	0.0610691	
-0.317769	-0.267459	-0.181471	-0.0576784	0.0979241	0.262211	0.406132	0.525617	0.619891	0.686209	0.730504	0.765374	0.796132	0.820199	0.842951	0.862513	0.88543	0.90025	0.913294	0.9126	0.883766	0.812842	0.685448	0.483116	0.20952	
-0.36848	-0.309897	-0.224314	-0.110566	0.0250113	0.156293	0.268875	0.360875	0.431786	0.495519	0.549398	0.59969	0.649643	0.700265	0.751182	0.791638	0.829138	0.866387	0.9126	0.953117	0.957269	0.914782	0.816403	0.637662	0.375867	
-0.375117	-0.310222	-0.231677	-0.134689	-0.0280814	0.0704017	0.157199	0.227676	0.281714	0.340119	0.398736	0.449306	0.508041	0.577992	0.646574	0.701707	0.750667	0.808359	0.883766	0.957269	0.998028	0.988063	0.920781	0.770494	0.529348	
-0.340312	-0.27438	-0.200575	-0.124584	-0.0554908	0.0123346	0.0792278	0.130325	0.171616	0.221623	0.27051	0.309631	0.359603	0.430674	0.503605	0.568938	0.632108	0.711052	0.812842	0.914782	0.988063	1.01259	0.975274	0.854353	0.642661	
-0.252018	-0.184426	-0.12324	-0.0737794	-0.0301109	0.0120885	0.0526629	0.0805935	0.105883	0.132951	0.151887	0.170466	0.202155	0.254335	0.319456	0.385718	0.457856	0.557776	0.685448	0.816403	0.920781	0.975274	0.965633	0.872388	0.693097	
-0.108639	-0.0420408	0.00672267	0.0276579	0.0409347	0.054768	0.0674301	0.0745331	0.0741587	0.0614812	0.0446073	0.0320159	0.0341696	0.0589427	0.0998399	0.154305	0.226049	0.336724	0.483116	0.637662	0.770494	0.854353	0.872388	0.805434	0.654179	
0.0669126	0.129412	0.163386	0.165144	0.156812	0.139953	0.123882	0.105273	0.0748261	0.026963	-0.0319812	-0.085632	-0.120884	-0.136952	-0.136416	-0.108773	-0.045613	0.0610691	0.20952	0.375867	0.529348	0.642661	0.693097	0.654179	0.528828	
0.249661	0.313169	0.342634	0.340065	0.315629	0.274546	0.231727	0.181443	0.113448	0.0285693	-0.0691502	-0.164993	-0.244005	-0.310459	-0.359528	-0.366021	-0.32676	-0.23819	-0.101376	0.0640959	0.228604	0.36736	0.451121	0.441711	0.346961	
0.43611	0.508817	0.54933	0.549518	0.509908	0.443492	0.366408	0.27797	0.172771	0.0509656	-0.0820013	-0.218246	-0.343559	-0.454284	-0.543752	-0.593999	-0.587713	-0.524217	-0.406658	-0.254202	-0.0843427	0.0726043	0.178258	0.198296	0.134638	
0.610739	0.704505	0.756191	0.760784	0.717159	0.628685	0.513102	0.384479	0.242695	0.0908741	-0.0703561	-0.238275	-0.408985	-0.564261	-0.690362	-0.779626	-0.805431	-0.765069	-0.675017	-0.535615	-0.359659	-0.193299	-0.0765816	-0.0316207	-0.0708563	
0.748979	0.852113	0.912801	0.923081	0.877363	0.776395	0.634266	0.480586	0.31862	0.149071	-0.0290149	-0.226145	-0.436416	-0.633823	-0.79595	-0.916251	-0.967686	-0.953224	-0.878836	-0.746399	-0.571443	-0.402823	-0.278726	-0.221007	-0.246738	
0.832296	0.941372	0.999513	1.00861	0.962317	0.855898	0.70406	0.538912	0.369256	0.195061	0.00398164	-0.209102	-0.438694	-0.664177	-0.852286	-0.988697	-1.06163	-1.07052	-1.00237	-0.869426	-0.703393	-0.534656	-0.402513	-0.343807	-0.36668	
0.847444	0.956782	1.01268	1.02157	0.975931	0.868217	0.714245	0.547465	0.377193	0.202706	0.00899003	-0.205644	-0.437771	-0.669554	-0.861426	-0.999611	-1.07726	-1.09185	-1.02428	-0.89062	-0.727269	-0.559454	-0.425039	-0.366636	-0.389998	
0.788768	0.89515	0.95654	0.96714	0.920476	0.817028	0.669473	0.510004	0.343641	0.170795	-0.0128322	-0.217895	-0.438815	-0.649847	-0.824899	-0.953071	-1.01436	-1.01061	-0.93918	-0.806807	-0.635644	-0.466747	-0.338872	-0.279762	-0.30352	
0.671782	0.77092	0.826495	0.833996	0.790208	0.694691	0.56646	0.42562	0.274018	0.113396	-0.0567338	-0.236447	-0.424134	-0.596857	-0.737614	-0.841175	-0.877191	-0.846557	-0.765261	-0.629636	-0.45247	-0.284345	-0.165296	-0.113326	-0.145842	
0.508866	0.58982	0.635406	0.637138	0.593408	0.517816	0.425376	0.320531	0.198825	0.063968	-0.0805621	-0.230633	-0.375202	-0.502946	-0.607007	-0.673535	-0.681322	-0.626695	-0.520372	-0.373897	-0.20109	-0.0393674	0.0717092	0.102518	0.0498559	
0.32416	0.389521	0.421931	0.420597	0.389929	0.338565	0.283388	0.217893	0.135596	0.0362623	-0.0773195	-0.189632	-0.286578	-0.371697	-0.438092	-0.462001	-0.434765	-0.356103	-0.225651	-0.0645206	0.101675	0.248874	0.343089	0.345913	0.263802	
0.139566	0.202261	0.232197	0.230095	0.214781	0.188326	0.162319	0.131737	0.086538	0.0241883	-0.050611	-0.120982	-0.173555	-0.209876	-0.229271	-0.21328	-0.158753	-0.058416	0.0865256	0.255169	0.413896	0.537792	0.602455	0.575155	0.461539	
-0.0400281	0.0241636	0.0664536	0.0787494	0.0822904	0.083289	0.0832501	0.0809154	0.0695521	0.0424941	0.00892729	-0.0199327	-0.0315788	-0.0208089	0.00633506	0.0506114	0.120705	0.231691	0.381211	0.541364	0.68377	0.779744	0.810024	0.75382	0.612591	
-0.200794	-0.132099	-0.0757812	-0.0390442	-0.00647046	0.025233	0.0548758	0.0739639	0.0897837	0.10126	0.106701	0.114381	0.135842	0.177912	0.234607	0.298095	0.37134	0.47776	0.614217	0.755702	0.872028	0.938302	0.939428	0.856806	0.689692	
-0.311265	-0.246048	-0.176483	-0.110092	-0.0523086	0.00499005	0.0618348	0.104132	0.140134	0.183855	0.22306	0.254437	0.297832	0.36276	0.435063	0.502047	0.569254	0.656675	0.769585	0.883504	0.969559	1.00559	0.97988	0.870495	0.672111	
-0.367153	-0.300824	-0.223543	-0.134545	-0.0437143	0.0417225	0.121109	0.184104	0.232457	0.28781	0.344774	0.391912	0.449829	0.523246	0.594586	0.654473	0.709643	0.775594	0.861134	0.945325	0.999989	1.00486	0.94972	0.810818	0.580365	
-0.375495	-0.315359	-0.232468	-0.124557	0.00155133	0.11954	0.221137	0.303678	0.367277	0.428818	0.486032	0.53871	0.593393	0.652553	0.712413	0.758921	0.800811	0.846562	0.905155	0.960198	0.978909	0.949176	0.863163	0.695353	0.440626	
-0.343691	-0.289228	-0.202153	-0.0815735	0.0667249	0.21849	0.348247	0.456402	0.54085	0.605556	0.654072	0.695808	0.736243	0.771602	0.805634	0.835839	0.865718	0.889121	0.915998	0.931484	0.915556	0.855136	0.738908	0.546002	0.276289	
-0.267938	-0.223846	-0.140616	-0.0136942	0.151176	0.333433	0.500987	0.638205	0.744907	0.815714	0.852861	0.87511	0.88975	0.897403	0.903396	0.903353	0.908864	0.910698	0.905422	0.883563	0.836771	0.749552	0.606282	0.391544	0.115753	
-0.168423	-0.135524	-0.0511586	0.0860835	0.266216	0.471113	0.669024	0.836612	0.954532	1.02709	1.06267	1.06848	1.05586	1.03959	1.01857	0.981281	0.944717	0.918791	0.892436	0.843355	0.771765	0.660998	0.494286	0.265697	-0.00851397	
-0.0714498	-0.0369047	0.0511088	0.200957	0.398973	0.615259	0.828187	1.01451	1.14179	1.21552	1.25105	1.25513	1.23157	1.19328	1.14482	1.07284	0.994154	0.927734	0.8722	0.807351	0.721337	0.593551	0.412366	0.179664	-0.0875877	
-0.00169027	0.0405345	0.137605	0.298892	0.516037	0.745631	0.969914	1.16378	1.30129	1.37923	1.41259	1.41308	1.38839	1.34043	1.26856	1.16453	1.04947	0.941695	0.850119	0.768092	0.670305	0.530738	0.345344	0.120165	-0.128958	
0.044631	0.093	0.196566	0.36816	0.593676	0.838847	1.07513	1.27829	1.42611	1.50805	1.53582	1.53103	1.5054	1.4569	1.36571	1.23274	1.08891	0.952312	0.830124	0.721673	0.606636	0.460472	0.280576	0.0737475	-0.139169	
0.0814251	0.13639	0.243395	0.410664	0.632344	0.886231	1.13393	1.34297	1.49848	1.58457	1.61634	1.60837	1.57588	1.52316	1.42416	1.28211	1.11574	0.953374	0.806309	0.669306	0.534749	0.385695	0.220253	0.0411942	-0.129783	
0.117487	0.172842	0.277963	0.436001	0.647965	0.89599	1.14562	1.3651	1.52017	1.60678	1.6441	1.64694	1.61675	1.55703	1.45773	1.31725	1.13957	0.95414	0.778063	0.62022	0.471623	0.327133	0.180945	0.0305255	-0.102052	
0.138577	0.199652	0.293618	0.440234	0.641594	0.876492	1.12052	1.33838	1.49289	1.58201	1.62848	1.64878	1.63591	1.57512	1.46856	1.32498	1.14496	0.945547	0.744946	0.569215	0.419266	0.287268	0.159389	0.0389289	-0.0551595	
