0.266785	0.143053	0.00334283	-0.118477	-0.200288	-0.21642	-0.156902	-0.0489104	0.0877013	0.220223	0.326052	0.373155	0.346865	0.264714	0.152545	0.0367813	-0.0837757	-0.172595	-0.219943	-0.219846	-0.16224	-0.0603927	0.0860148	0.266552	0.447632	
0.150993	0.0172213	-0.123424	-0.245922	-0.326226	-0.340754	-0.284878	-0.176627	-0.0390166	0.0993515	0.216704	0.273349	0.262828	0.204943	0.125976	0.0427038	-0.0388496	-0.101489	-0.133314	-0.11429	-0.0399035	0.0815303	0.245719	0.435062	0.61777	
0.00129383	-0.139227	-0.279514	-0.398463	-0.469761	-0.480906	-0.434006	-0.331381	-0.196541	-0.0535022	0.0764412	0.157868	0.173445	0.148411	0.102596	0.0537768	0.0101821	-0.0235505	-0.0307858	0.0112422	0.106356	0.253539	0.436776	0.631847	0.806088	
-0.163078	-0.308423	-0.44003	-0.545226	-0.60791	-0.617646	-0.576325	-0.485838	-0.364108	-0.220984	-0.0809134	0.0251079	0.0781724	0.0846791	0.0704219	0.0555424	0.0457849	0.0449475	0.0714439	0.143339	0.262917	0.426465	0.620325	0.818161	0.985504	
-0.321174	-0.460375	-0.57836	-0.672941	-0.732369	-0.744106	-0.70076	-0.619517	-0.510731	-0.377654	-0.237419	-0.112704	-0.0293101	0.00727281	0.0262482	0.043164	0.0638029	0.0963995	0.15988	0.265625	0.412291	0.585151	0.776923	0.971822	1.13642	
-0.447337	-0.572606	-0.677211	-0.766588	-0.826307	-0.837238	-0.794618	-0.715269	-0.616618	-0.499608	-0.36517	-0.232303	-0.1339	-0.0722173	-0.0250926	0.0190565	0.063723	0.127796	0.228419	0.371673	0.54344	0.722279	0.912318	1.10044	1.25406	
-0.521148	-0.635532	-0.731641	-0.819777	-0.882165	-0.892955	-0.850311	-0.767907	-0.675769	-0.569526	-0.446591	-0.325582	-0.22692	-0.153433	-0.0874108	-0.0260771	0.0379913	0.125481	0.262089	0.438183	0.631699	0.826626	1.01135	1.18911	1.33633	
-0.548813	-0.645116	-0.733865	-0.820951	-0.881095	-0.891384	-0.850961	-0.769092	-0.682062	-0.58789	-0.490105	-0.399026	-0.320524	-0.253087	-0.182658	-0.106092	-0.0211651	0.0916048	0.259302	0.458098	0.662723	0.866874	1.05619	1.23051	1.37509	
-0.550982	-0.618918	-0.693262	-0.76918	-0.820441	-0.829691	-0.793811	-0.724297	-0.647928	-0.57802	-0.512091	-0.457727	-0.408117	-0.352392	-0.289704	-0.207926	-0.106405	0.0259328	0.201425	0.406913	0.619323	0.82181	1.0195	1.20517	1.35984	
-0.534454	-0.5633	-0.606	-0.651519	-0.681531	-0.688201	-0.665155	-0.62542	-0.577954	-0.546006	-0.516545	-0.494163	-0.47418	-0.440898	-0.392608	-0.317274	-0.21462	-0.078643	0.0914218	0.288562	0.501179	0.710451	0.921115	1.12198	1.29373	
-0.478226	-0.471123	-0.472963	-0.480496	-0.492806	-0.496318	-0.484904	-0.475235	-0.470713	-0.47428	-0.487771	-0.506056	-0.517899	-0.517441	-0.488582	-0.429483	-0.336907	-0.213336	-0.0663695	0.116957	0.319625	0.53456	0.760224	0.981226	1.17653	
-0.384911	-0.341765	-0.311947	-0.285182	-0.282151	-0.28324	-0.282196	-0.299416	-0.329311	-0.36532	-0.417695	-0.472027	-0.524051	-0.555452	-0.550416	-0.514488	-0.448894	-0.35178	-0.235039	-0.0814445	0.100944	0.309437	0.542317	0.782077	0.994279	
-0.261401	-0.191861	-0.135932	-0.0864193	-0.065633	-0.063264	-0.0745935	-0.114443	-0.168519	-0.231246	-0.309251	-0.389622	-0.471307	-0.527922	-0.551075	-0.549085	-0.521482	-0.463574	-0.387274	-0.277049	-0.13156	0.0586724	0.29474	0.544858	0.771546	
-0.117147	-0.0271735	0.0474852	0.108955	0.143857	0.1492	0.127436	0.073516	0.00481687	-0.0796315	-0.176196	-0.275222	-0.371995	-0.446422	-0.499511	-0.535175	-0.548734	-0.538872	-0.510434	-0.451655	-0.346494	-0.178466	0.0486998	0.299769	0.540125	
0.0304791	0.128013	0.214206	0.283731	0.328274	0.334812	0.306117	0.244259	0.163855	0.0709373	-0.0332852	-0.139351	-0.24303	-0.337655	-0.420951	-0.487044	-0.532608	-0.564904	-0.581606	-0.57178	-0.510978	-0.367494	-0.154784	0.0848595	0.318958	
0.143057	0.246311	0.336687	0.408237	0.454507	0.463234	0.430227	0.36817	0.284189	0.185322	0.0816332	-0.0178592	-0.120783	-0.221515	-0.317214	-0.397999	-0.471625	-0.536528	-0.594062	-0.620294	-0.590174	-0.479681	-0.304262	-0.0969699	0.114862	
0.184234	0.285636	0.380831	0.457199	0.504348	0.513655	0.479357	0.413794	0.32621	0.223598	0.131027	0.0477608	-0.0364975	-0.123711	-0.208866	-0.288963	-0.3768	-0.465692	-0.549896	-0.601492	-0.601292	-0.535712	-0.409715	-0.247849	-0.0687459	
0.148266	0.245948	0.340578	0.421277	0.46949	0.477777	0.445124	0.375316	0.285159	0.185795	0.100666	0.0383776	-0.0158398	-0.0722508	-0.130625	-0.19285	-0.276921	-0.373522	-0.468096	-0.542516	-0.575631	-0.554387	-0.477753	-0.363154	-0.220002	
0.0520046	0.140387	0.230033	0.307549	0.354524	0.362918	0.330718	0.263522	0.176706	0.0861002	0.00911176	-0.0356201	-0.0589677	-0.0774994	-0.0986485	-0.134858	-0.195633	-0.278172	-0.372751	-0.466319	-0.532223	-0.552877	-0.525107	-0.453073	-0.341551	
-0.0923761	-0.0198021	0.0634091	0.132541	0.181688	0.190953	0.156563	0.0925112	0.0137818	-0.0655598	-0.125048	-0.151266	-0.148809	-0.132536	-0.112622	-0.113957	-0.138661	-0.192996	-0.280396	-0.388043	-0.481144	-0.534329	-0.54733	-0.518762	-0.439388	
-0.269162	-0.20901	-0.133044	-0.0650734	-0.0183506	-0.00953149	-0.0425769	-0.104288	-0.179213	-0.247641	-0.292509	-0.301884	-0.276041	-0.224994	-0.166546	-0.119784	-0.105254	-0.131447	-0.202162	-0.306006	-0.413392	-0.492548	-0.542654	-0.551084	-0.501734	
-0.452841	-0.399208	-0.324122	-0.256565	-0.212227	-0.204152	-0.235792	-0.29476	-0.370371	-0.434868	-0.468598	-0.462727	-0.416863	-0.337703	-0.240357	-0.150358	-0.0947406	-0.0855414	-0.126589	-0.217492	-0.329861	-0.432891	-0.518329	-0.559742	-0.536429	
-0.60638	-0.550034	-0.471632	-0.40467	-0.360602	-0.351263	-0.383933	-0.442631	-0.519449	-0.587892	-0.620116	-0.606569	-0.543169	-0.43915	-0.30988	-0.185834	-0.0919069	-0.0425272	-0.050756	-0.119867	-0.231647	-0.357486	-0.465625	-0.530496	-0.534502	
-0.702508	-0.637624	-0.555204	-0.478598	-0.426451	-0.416577	-0.453406	-0.522985	-0.60472	-0.681673	-0.719319	-0.705479	-0.630682	-0.508326	-0.357102	-0.206047	-0.0844702	-0.00240068	0.0251053	-0.022922	-0.128444	-0.263511	-0.383358	-0.471728	-0.51064	
-0.731247	-0.659191	-0.566983	-0.47518	-0.411539	-0.39962	-0.444385	-0.52875	-0.623773	-0.706851	-0.753513	-0.743791	-0.666799	-0.534911	-0.369608	-0.201064	-0.0588925	0.0453945	0.0976529	0.0736709	-0.0237881	-0.160844	-0.293161	-0.404458	-0.479165	
-0.694501	-0.607403	-0.498928	-0.392554	-0.318737	-0.305221	-0.357131	-0.454711	-0.565266	-0.66367	-0.724567	-0.721605	-0.652601	-0.519991	-0.343985	-0.160026	-0.000484812	0.115784	0.178426	0.169127	0.0818122	-0.056458	-0.206431	-0.338378	-0.445307	
-0.607403	-0.502172	-0.366886	-0.24296	-0.162189	-0.147969	-0.203715	-0.313987	-0.449192	-0.570753	-0.646787	-0.655144	-0.592782	-0.466251	-0.287017	-0.0934057	0.0815176	0.210909	0.278236	0.272743	0.181978	0.0371951	-0.126201	-0.28474	-0.422548	
-0.498928	-0.366886	-0.207055	-0.0620205	0.0256935	0.0400078	-0.0186499	-0.144504	-0.304205	-0.451901	-0.5496	-0.568497	-0.513937	-0.389573	-0.212888	-0.0135305	0.169139	0.304778	0.37385	0.365269	0.270233	0.117937	-0.0624364	-0.242912	-0.410936	
-0.392554	-0.24296	-0.0620205	0.102368	0.200081	0.217245	0.150808	0.0092312	-0.172174	-0.338808	-0.452014	-0.486001	-0.444209	-0.323176	-0.144326	0.0546801	0.242589	0.384924	0.452371	0.438444	0.340749	0.183354	-0.00765255	-0.205161	-0.403525	
-0.318737	-0.162189	0.0256935	0.200081	0.306842	0.324837	0.253353	0.100139	-0.0883397	-0.262559	-0.38294	-0.429914	-0.39719	-0.279962	-0.098384	0.102994	0.290866	0.432577	0.500113	0.48414	0.3877	0.222103	0.0201579	-0.196571	-0.40951	
-0.305221	-0.147969	0.0400078	0.217245	0.324837	0.342561	0.270879	0.115332	-0.074089	-0.248723	-0.370097	-0.419284	-0.388278	-0.271317	-0.0900918	0.112596	0.299576	0.440888	0.509356	0.493439	0.395348	0.227349	0.0238611	-0.195952	-0.412473	
-0.357131	-0.203715	-0.0186499	0.150808	0.253353	0.270879	0.201956	0.0544454	-0.131106	-0.302146	-0.419063	-0.458941	-0.421656	-0.302885	-0.122352	0.0777912	0.266443	0.40883	0.475208	0.459865	0.363739	0.203763	0.00755061	-0.199184	-0.405036	
-0.454711	-0.313987	-0.144504	0.0092312	0.100139	0.115332	0.0544454	-0.0780672	-0.247648	-0.404084	-0.509369	-0.533928	-0.484302	-0.360514	-0.183623	0.0155706	0.200547	0.339401	0.407604	0.397421	0.300861	0.145912	-0.0391301	-0.225833	-0.406666	
-0.565266	-0.449192	-0.304205	-0.172174	-0.0883397	-0.074089	-0.131106	-0.247648	-0.392175	-0.524806	-0.609058	-0.621128	-0.561418	-0.436786	-0.258097	-0.0614721	0.116973	0.249441	0.318667	0.311876	0.218985	0.0711567	-0.0992988	-0.267583	-0.416986	
-0.66367	-0.570753	-0.451901	-0.338808	-0.262559	-0.248723	-0.302146	-0.404084	-0.524806	-0.630813	-0.697662	-0.700194	-0.633506	-0.50195	-0.323792	-0.13563	0.0308835	0.152352	0.216443	0.211016	0.123168	-0.0175815	-0.172358	-0.314612	-0.434438	
-0.724567	-0.646787	-0.5496	-0.452014	-0.38294	-0.370097	-0.419063	-0.509369	-0.609058	-0.697662	-0.749472	-0.740652	-0.667009	-0.534286	-0.363759	-0.188882	-0.0395661	0.0697731	0.128408	0.110336	0.0181393	-0.118351	-0.25903	-0.377949	-0.465038	
-0.721605	-0.655144	-0.568497	-0.486001	-0.429914	-0.419284	-0.458941	-0.533928	-0.621128	-0.700194	-0.740652	-0.729521	-0.651975	-0.524429	-0.366638	-0.208145	-0.0772456	0.0150548	0.0533428	0.0163606	-0.086148	-0.222899	-0.345997	-0.444989	-0.498688	
-0.652601	-0.592782	-0.513937	-0.444209	-0.39719	-0.388278	-0.421656	-0.484302	-0.561418	-0.633506	-0.667009	-0.651975	-0.583269	-0.471275	-0.332318	-0.196074	-0.0895832	-0.026531	-0.019584	-0.0811519	-0.191064	-0.322575	-0.436515	-0.509698	-0.526716	
-0.519991	-0.466251	-0.389573	-0.323176	-0.279962	-0.271317	-0.302885	-0.360514	-0.436786	-0.50195	-0.534286	-0.524429	-0.471275	-0.38132	-0.269294	-0.165442	-0.0943284	-0.0678009	-0.096071	-0.178463	-0.291439	-0.404619	-0.500843	-0.552498	-0.53942	
-0.343985	-0.287017	-0.212888	-0.144326	-0.098384	-0.0900918	-0.122352	-0.183623	-0.258097	-0.323792	-0.363759	-0.366638	-0.332318	-0.269294	-0.195687	-0.130069	-0.0988568	-0.11232	-0.172472	-0.27249	-0.382126	-0.471055	-0.535426	-0.558111	-0.519524	
-0.160026	-0.0934057	-0.0135305	0.0546801	0.102994	0.112596	0.0777912	0.0155706	-0.0614721	-0.13563	-0.188882	-0.208145	-0.196074	-0.165442	-0.130069	-0.112976	-0.122512	-0.164957	-0.246767	-0.354545	-0.456122	-0.520114	-0.548291	-0.534518	-0.468691	
-0.000484812	0.0815176	0.169139	0.242589	0.290866	0.299576	0.266443	0.200547	0.116973	0.0308835	-0.0395661	-0.0772456	-0.0895832	-0.0943284	-0.0988568	-0.122512	-0.169168	-0.242023	-0.33509	-0.436591	-0.513281	-0.547379	-0.537764	-0.483637	-0.384133	
0.115784	0.210909	0.304778	0.384924	0.432577	0.440888	0.40883	0.339401	0.249441	0.152352	0.0697731	0.0150548	-0.026531	-0.0678009	-0.11232	-0.164957	-0.242023	-0.335842	-0.429981	-0.511996	-0.559478	-0.556239	-0.498643	-0.400535	-0.270359	
0.178426	0.278236	0.37385	0.452371	0.500113	0.509356	0.475208	0.407604	0.318667	0.216443	0.128408	0.0533428	-0.019584	-0.096071	-0.172472	-0.246767	-0.33509	-0.429981	-0.520824	-0.582106	-0.594078	-0.546269	-0.440661	-0.299224	-0.134566	
0.169127	0.272743	0.365269	0.438444	0.48414	0.493439	0.459865	0.397421	0.311876	0.211016	0.110336	0.0163606	-0.0811519	-0.178463	-0.27249	-0.354545	-0.436591	-0.511996	-0.582106	-0.618939	-0.600852	-0.507414	-0.35131	-0.160781	0.0387193	
0.0818122	0.181978	0.270233	0.340749	0.3877	0.395348	0.363739	0.300861	0.218985	0.123168	0.0181393	-0.086148	-0.191064	-0.291439	-0.382126	-0.456122	-0.513281	-0.559478	-0.594078	-0.600852	-0.553063	-0.420851	-0.221022	0.0079815	0.235113	
-0.056458	0.0371951	0.117937	0.183354	0.222103	0.227349	0.203763	0.145912	0.0711567	-0.0175815	-0.118351	-0.222899	-0.322575	-0.404619	-0.471055	-0.520114	-0.547379	-0.556239	-0.546269	-0.507414	-0.420851	-0.263018	-0.0388717	0.209592	0.449941	
-0.206431	-0.126201	-0.0624364	-0.00765255	0.0201579	0.0238611	0.00755061	-0.0391301	-0.0992988	-0.172358	-0.25903	-0.345997	-0.436515	-0.500843	-0.535426	-0.548291	-0.537764	-0.498643	-0.440661	-0.35131	-0.221022	-0.0388717	0.193038	0.445579	0.678527	
-0.338378	-0.28474	-0.242912	-0.205161	-0.196571	-0.195952	-0.199184	-0.225833	-0.267583	-0.314612	-0.377949	-0.444989	-0.509698	-0.552498	-0.558111	-0.534518	-0.483637	-0.400535	-0.299224	-0.160781	0.0079815	0.209592	0.445579	0.68949	0.907937	
-0.445307	-0.422548	-0.410936	-0.403525	-0.40951	-0.412473	-0.405036	-0.406666	-0.416986	-0.434438	-0.465038	-0.498688	-0.526716	-0.53942	-0.519524	-0.468691	-0.384133	-0.270359	-0.134566	0.0387193	0.235113	0.449941	0.678527	0.907937	1.11162	
