-0.0787353	-0.0764887	-0.0804086	-0.0799275	-0.0650141	-0.0556573	-0.0465747	-0.0388278	-0.0335865	-0.0223244	-0.0154349	0.000160681	0.0152254	0.0311347	0.0496747	0.0673662	0.0855378	0.10178	0.120601	0.133922	0.151518	0.16386	0.177945	0.189474	0.200178	
-0.0764887	-0.0826425	-0.0842946	-0.0724758	-0.0633734	-0.0636051	-0.0602405	-0.0587317	-0.0519008	-0.0460928	-0.0379702	-0.0255641	-0.0193228	-0.00732126	0.000830526	0.0112144	0.0189075	0.0306364	0.038518	0.0494962	0.0595549	0.0686494	0.0788406	0.0873692	0.0947895	
-0.0804086	-0.0842946	-0.0752941	-0.0656834	-0.0678758	-0.0701357	-0.0664409	-0.0620819	-0.056752	-0.0530366	-0.0452141	-0.0432472	-0.0391444	-0.0339856	-0.0310383	-0.0251453	-0.0198329	-0.0121421	-0.00728857	0.00274164	0.00691125	0.0161222	0.0209076	0.0277016	0.0322093	
-0.0799275	-0.0724758	-0.0656834	-0.0674477	-0.0744855	-0.0710468	-0.0626655	-0.0601345	-0.0578549	-0.0546349	-0.0536699	-0.0541712	-0.0501202	-0.0486573	-0.0445836	-0.0401942	-0.035241	-0.0317706	-0.02633	-0.0230635	-0.0194284	-0.0153781	-0.0130601	-0.00967368	-0.00707001	
-0.0650141	-0.0633734	-0.0678758	-0.0744855	-0.0737027	-0.0597952	-0.0577691	-0.0618747	-0.0595111	-0.0595246	-0.0590868	-0.0566938	-0.0521488	-0.0502276	-0.0464943	-0.0439893	-0.0428254	-0.0408277	-0.0393219	-0.0386828	-0.0362018	-0.0355482	-0.0334205	-0.0320399	-0.0305122	
-0.0556573	-0.0636051	-0.0701357	-0.0710468	-0.0597952	-0.055257	-0.0672067	-0.0650263	-0.0595874	-0.0581043	-0.0554841	-0.0517281	-0.0490213	-0.0516813	-0.0483572	-0.0506377	-0.0493576	-0.0486204	-0.0477087	-0.0463442	-0.0443597	-0.0436118	-0.0411922	-0.0406419	-0.0387521	
-0.0465747	-0.0602405	-0.0664409	-0.0626655	-0.0577691	-0.0672067	-0.0682503	-0.0544429	-0.0533921	-0.0548494	-0.0540239	-0.0512023	-0.056467	-0.0548024	-0.0513211	-0.0538941	-0.0481875	-0.0487079	-0.0458236	-0.0453426	-0.042908	-0.0439983	-0.0406736	-0.0430524	-0.0396421	
-0.0388278	-0.0587317	-0.0620819	-0.0601345	-0.0618747	-0.0650263	-0.0544429	-0.0505128	-0.0595118	-0.0587127	-0.0540065	-0.0551227	-0.0560615	-0.0463679	-0.0500551	-0.0473254	-0.0447041	-0.0469963	-0.0457517	-0.0451086	-0.0470296	-0.0450972	-0.0463324	-0.0459335	-0.0453944	
-0.0335865	-0.0519008	-0.056752	-0.0578549	-0.0595111	-0.0595874	-0.0533921	-0.0595118	-0.0610685	-0.0512184	-0.0505203	-0.0525885	-0.0471239	-0.0464637	-0.0527434	-0.046263	-0.0501701	-0.0501089	-0.0475511	-0.0484697	-0.0484761	-0.044509	-0.048542	-0.0425928	-0.0466365	
-0.0223244	-0.0460928	-0.0530366	-0.0546349	-0.0595246	-0.0581043	-0.0548494	-0.0587127	-0.0512184	-0.0486001	-0.0528914	-0.0517746	-0.0489547	-0.0527667	-0.0510124	-0.0456693	-0.0507708	-0.0443188	-0.0448583	-0.0454246	-0.0419873	-0.0432635	-0.043266	-0.0404145	-0.0444577	
-0.0154349	-0.0379702	-0.0452141	-0.0536699	-0.0590868	-0.0554841	-0.0540239	-0.0540065	-0.0505203	-0.0528914	-0.0534027	-0.0504818	-0.0479473	-0.0501909	-0.044004	-0.045765	-0.0463872	-0.0421152	-0.0464556	-0.0440483	-0.0437967	-0.0464185	-0.0431943	-0.0457621	-0.0446595	
0.000160681	-0.0255641	-0.0432472	-0.0541712	-0.0566938	-0.0517281	-0.0512023	-0.0551227	-0.0525885	-0.0517746	-0.0504818	-0.0463717	-0.047469	-0.0474121	-0.0445473	-0.0484503	-0.0452813	-0.0461819	-0.0465724	-0.0446066	-0.0446418	-0.0450768	-0.0413581	-0.0451739	-0.0397155	
0.0152254	-0.0193228	-0.0391444	-0.0501202	-0.0521488	-0.0490213	-0.056467	-0.0560615	-0.0471239	-0.0489547	-0.0479473	-0.047469	-0.0483804	-0.0477515	-0.0467947	-0.0466175	-0.0448723	-0.0438652	-0.0436139	-0.0414365	-0.0424403	-0.0408168	-0.0410822	-0.0414393	-0.0401689	
0.0311347	-0.00732126	-0.0339856	-0.0486573	-0.0502276	-0.0516813	-0.0548024	-0.0463679	-0.0464637	-0.0527667	-0.0501909	-0.0474121	-0.0477515	-0.0466982	-0.0422265	-0.0452169	-0.0417333	-0.0427839	-0.0430714	-0.0422494	-0.043192	-0.0429975	-0.0424589	-0.0434121	-0.0418305	
0.0496747	0.000830526	-0.0310383	-0.0445836	-0.0464943	-0.0483572	-0.0513211	-0.0500551	-0.0527434	-0.0510124	-0.044004	-0.0445473	-0.0467947	-0.0422265	-0.0445228	-0.0465151	-0.0424873	-0.0458411	-0.0437229	-0.0423654	-0.0434773	-0.0409326	-0.0410183	-0.0411494	-0.0388232	
0.0673662	0.0112144	-0.0251453	-0.0401942	-0.0439893	-0.0506377	-0.0538941	-0.0473254	-0.046263	-0.0456693	-0.045765	-0.0484503	-0.0466175	-0.0452169	-0.0465151	-0.0435084	-0.0415001	-0.0431513	-0.0394128	-0.0404202	-0.0409378	-0.0382021	-0.041753	-0.0384319	-0.0409174	
0.0855378	0.0189075	-0.0198329	-0.035241	-0.0428254	-0.0493576	-0.0481875	-0.0447041	-0.0501701	-0.0507708	-0.0463872	-0.0452813	-0.0448723	-0.0417333	-0.0424873	-0.0415001	-0.041471	-0.0428023	-0.0410032	-0.0431236	-0.0414531	-0.0417228	-0.0419195	-0.0404153	-0.0413428	
0.10178	0.0306364	-0.0121421	-0.0317706	-0.0408277	-0.0486204	-0.0487079	-0.0469963	-0.0501089	-0.0443188	-0.0421152	-0.0461819	-0.0438652	-0.0427839	-0.0458411	-0.0431513	-0.0428023	-0.043129	-0.0406407	-0.0407955	-0.0400978	-0.0385175	-0.0397904	-0.0374434	-0.0392293	
0.120601	0.038518	-0.00728857	-0.02633	-0.0393219	-0.0477087	-0.0458236	-0.0457517	-0.0475511	-0.0448583	-0.0464556	-0.0465724	-0.0436139	-0.0430714	-0.0437229	-0.0394128	-0.0410032	-0.0406407	-0.038246	-0.041135	-0.0389034	-0.03961	-0.0404786	-0.038573	-0.0407129	
0.133922	0.0494962	0.00274164	-0.0230635	-0.0386828	-0.0463442	-0.0453426	-0.0451086	-0.0484697	-0.0454246	-0.0440483	-0.0446066	-0.0414365	-0.0422494	-0.0423654	-0.0404202	-0.0431236	-0.0407955	-0.041135	-0.0417356	-0.0394307	-0.0405411	-0.039603	-0.0382224	-0.0399868	
0.151518	0.0595549	0.00691125	-0.0194284	-0.0362018	-0.0443597	-0.042908	-0.0470296	-0.0484761	-0.0419873	-0.0437967	-0.0446418	-0.0424403	-0.043192	-0.0434773	-0.0409378	-0.0414531	-0.0400978	-0.0389034	-0.0394307	-0.0375904	-0.0386701	-0.0373814	-0.0379025	-0.0377142	
0.16386	0.0686494	0.0161222	-0.0153781	-0.0355482	-0.0436118	-0.0439983	-0.0450972	-0.044509	-0.0432635	-0.0464185	-0.0450768	-0.0408168	-0.0429975	-0.0409326	-0.0382021	-0.0417228	-0.0385175	-0.03961	-0.0405411	-0.0386701	-0.0401247	-0.0396199	-0.0384428	-0.0403353	
0.177945	0.0788406	0.0209076	-0.0130601	-0.0334205	-0.0411922	-0.0406736	-0.0463324	-0.048542	-0.043266	-0.0431943	-0.0413581	-0.0410822	-0.0424589	-0.0410183	-0.041753	-0.0419195	-0.0397904	-0.0404786	-0.039603	-0.0373814	-0.0396199	-0.0357984	-0.0383271	-0.0361004	
0.189474	0.0873692	0.0277016	-0.00967368	-0.0320399	-0.0406419	-0.0430524	-0.0459335	-0.0425928	-0.0404145	-0.0457621	-0.0451739	-0.0414393	-0.0434121	-0.0411494	-0.0384319	-0.0404153	-0.0374434	-0.038573	-0.0382224	-0.0379025	-0.0384428	-0.0383271	-0.0380897	-0.0388767	
0.200178	0.0947895	0.0322093	-0.00707001	-0.0305122	-0.0387521	-0.0396421	-0.0453944	-0.0466365	-0.0444577	-0.0446595	-0.0397155	-0.0401689	-0.0418305	-0.0388232	-0.0409174	-0.0413428	-0.0392293	-0.0407129	-0.0399868	-0.0377142	-0.0403353	-0.0361004	-0.0388767	-0.0362035	
0.209077	0.103043	0.0374289	-0.00548296	-0.0292414	-0.0381333	-0.0420352	-0.0459816	-0.0423953	-0.0398089	-0.0439602	-0.043787	-0.0419308	-0.0430862	-0.0410846	-0.039696	-0.040172	-0.0373194	-0.0388266	-0.0369209	-0.0373637	-0.0375101	-0.0366856	-0.037666	-0.0370226	
0.217141	0.106924	0.0400479	-0.00246788	-0.02777	-0.0368815	-0.0394404	-0.0452779	-0.0445115	-0.0438612	-0.0456319	-0.0399483	-0.0401758	-0.041579	-0.0382553	-0.039894	-0.0401137	-0.0385346	-0.0398899	-0.0393466	-0.0379871	-0.0398919	-0.036743	-0.039072	-0.0365793	
0.22213	0.113598	0.0443093	-0.00242052	-0.0274419	-0.0365537	-0.0410932	-0.0451686	-0.0425058	-0.041105	-0.043252	-0.0418768	-0.0416817	-0.0424264	-0.0401598	-0.040434	-0.0405035	-0.0376037	-0.0396122	-0.0370936	-0.0372563	-0.0376798	-0.0358636	-0.0374693	-0.0360483	
0.227297	0.114557	0.0446898	0.000108672	-0.025953	-0.0355788	-0.0397199	-0.045814	-0.0431733	-0.0423126	-0.0451681	-0.0408856	-0.0408806	-0.0416186	-0.0390008	-0.0395254	-0.0391296	-0.0379203	-0.0389712	-0.0380188	-0.0379444	-0.0387853	-0.0368551	-0.0388945	-0.0365286	
0.228407	0.118218	0.0473871	-0.000719364	-0.026591	-0.0359162	-0.040279	-0.0442057	-0.0426809	-0.0428838	-0.0438209	-0.0403989	-0.0409496	-0.0418286	-0.0388417	-0.0404795	-0.0408063	-0.0379671	-0.0402912	-0.0380165	-0.0374709	-0.0384367	-0.0358714	-0.0375897	-0.0359584	
0.229778	0.116951	0.0462647	0.000564717	-0.0255579	-0.0350924	-0.040393	-0.0464572	-0.0423869	-0.0408332	-0.0440995	-0.0418899	-0.0417254	-0.0418862	-0.0402195	-0.0395318	-0.0387901	-0.0374538	-0.0383976	-0.036814	-0.0377364	-0.0377249	-0.0366777	-0.0384975	-0.0363471	
0.227588	0.116759	0.0464007	-0.000683938	-0.0267254	-0.036014	-0.0395612	-0.0438472	-0.0433637	-0.0442302	-0.044676	-0.0394717	-0.040273	-0.0414255	-0.037822	-0.0404428	-0.0409581	-0.0383672	-0.0407222	-0.0389634	-0.0377025	-0.0392935	-0.0360636	-0.0379859	-0.0361105	
0.224618	0.113803	0.0445143	-0.00102801	-0.0266294	-0.0357019	-0.0413334	-0.0466255	-0.0417561	-0.040009	-0.0436276	-0.0429608	-0.0422034	-0.042382	-0.0411556	-0.0393483	-0.0390357	-0.037087	-0.0382142	-0.0362938	-0.0376223	-0.0371706	-0.0367637	-0.0380549	-0.0365916	
0.219414	0.109425	0.0417234	-0.00233322	-0.02791	-0.0366823	-0.0391617	-0.0446424	-0.0446698	-0.0446066	-0.0448875	-0.0390454	-0.0401017	-0.0412245	-0.0377738	-0.0407229	-0.0410695	-0.0388529	-0.0408623	-0.0395401	-0.0377412	-0.0398941	-0.03602	-0.0385037	-0.0360557	
0.212492	0.105256	0.0390504	-0.00449201	-0.0289011	-0.0374998	-0.0420617	-0.0459298	-0.0416298	-0.040312	-0.0442974	-0.0439202	-0.0420342	-0.0429997	-0.0412599	-0.0389357	-0.0397205	-0.0369081	-0.0384841	-0.036736	-0.0376934	-0.037423	-0.0372321	-0.0377651	-0.0373882	
0.204012	0.0969644	0.0340229	-0.00555917	-0.0300388	-0.0380273	-0.0397204	-0.0464501	-0.0458682	-0.0436883	-0.0443891	-0.0396374	-0.0405631	-0.0413487	-0.0391121	-0.0409224	-0.0412092	-0.039287	-0.0405075	-0.0396703	-0.0376533	-0.0399588	-0.0360807	-0.038837	-0.0361141	
0.194264	0.0916868	0.0298013	-0.0094153	-0.0319268	-0.0401298	-0.0419942	-0.0448204	-0.0431394	-0.0418468	-0.0453369	-0.0441468	-0.0414449	-0.043344	-0.0406713	-0.039056	-0.0406972	-0.037349	-0.0392926	-0.0380205	-0.0378251	-0.0384688	-0.0375378	-0.0378404	-0.0380706	
0.182263	0.0807972	0.0238016	-0.0103749	-0.0327869	-0.0405385	-0.0417126	-0.0477664	-0.0459573	-0.042173	-0.0443279	-0.0418661	-0.041228	-0.0420564	-0.0412066	-0.0401416	-0.0414297	-0.03935	-0.0396246	-0.0398118	-0.0377388	-0.0396749	-0.0371475	-0.0387046	-0.0373186	
0.170506	0.0739192	0.0175292	-0.0153185	-0.0350857	-0.0427512	-0.0416486	-0.0448561	-0.0466913	-0.0434481	-0.0449166	-0.0437044	-0.0413097	-0.0429852	-0.0409484	-0.0403994	-0.0416498	-0.0388748	-0.0401963	-0.039321	-0.0379319	-0.0393844	-0.0372456	-0.0381326	-0.0378248	
0.155772	0.062439	0.0112277	-0.0168082	-0.0358649	-0.0444342	-0.0442352	-0.0465924	-0.0455483	-0.0424789	-0.045824	-0.04471	-0.041553	-0.043053	-0.0421322	-0.0386333	-0.0417892	-0.0392221	-0.0390537	-0.0408703	-0.0382868	-0.0400802	-0.0393263	-0.0384734	-0.0399094	
0.141694	0.053872	0.00377964	-0.02211	-0.0376707	-0.0449582	-0.0434403	-0.0467281	-0.0497843	-0.0432835	-0.042721	-0.0444805	-0.0423144	-0.0425119	-0.043844	-0.0418961	-0.0421716	-0.0409686	-0.0399974	-0.0396511	-0.0382508	-0.038684	-0.0374682	-0.0377872	-0.0375496	
0.12576	0.0427558	-0.00302698	-0.024662	-0.0392099	-0.0480749	-0.0455675	-0.0440515	-0.0473883	-0.0463229	-0.0471042	-0.0454886	-0.0421551	-0.0427159	-0.041357	-0.0389379	-0.042096	-0.0403425	-0.0400951	-0.0427704	-0.0395114	-0.0416175	-0.0409189	-0.0391024	-0.0415738	
0.109249	0.0340623	-0.0100763	-0.0299742	-0.0398375	-0.0477452	-0.0485967	-0.0475295	-0.0488097	-0.0427218	-0.0424091	-0.047451	-0.0440644	-0.043598	-0.047086	-0.0417355	-0.0420363	-0.0419529	-0.0385697	-0.0395559	-0.0390885	-0.0371977	-0.039827	-0.0368928	-0.0395083	
0.0921432	0.0226658	-0.0168866	-0.0335138	-0.0423991	-0.048716	-0.0471966	-0.0453625	-0.0512771	-0.0501463	-0.0449593	-0.0443447	-0.0441589	-0.040633	-0.0425226	-0.0423797	-0.0422536	-0.0436199	-0.0420889	-0.0434045	-0.0414563	-0.0418147	-0.0409626	-0.0399855	-0.0402849	
0.0751515	0.0152507	-0.0230523	-0.0387337	-0.0435965	-0.0508403	-0.0525369	-0.0452111	-0.0463579	-0.0467977	-0.0462966	-0.048627	-0.0463637	-0.0453049	-0.0454198	-0.0420818	-0.0410581	-0.0420097	-0.038945	-0.040659	-0.0407132	-0.0387735	-0.0422647	-0.0386442	-0.0418591	
0.0557802	0.00375813	-0.0281829	-0.0420834	-0.0453769	-0.0481702	-0.0528861	-0.0507084	-0.0503985	-0.0494356	-0.043528	-0.0450874	-0.0464383	-0.0419388	-0.0461871	-0.0453878	-0.043019	-0.0455026	-0.0427329	-0.0419657	-0.0428287	-0.0398022	-0.0412971	-0.0398058	-0.0393957	
0.039984	-0.00368537	-0.0339342	-0.0475642	-0.0493794	-0.0503847	-0.0517117	-0.047281	-0.0491265	-0.0524191	-0.0486993	-0.0462661	-0.0484537	-0.0446965	-0.0425974	-0.0458559	-0.0407524	-0.0441797	-0.0426086	-0.0422727	-0.0431542	-0.0422719	-0.0416574	-0.0430422	-0.0400613	
0.0204552	-0.0143089	-0.0362154	-0.0487898	-0.0514211	-0.0511951	-0.0568527	-0.0518617	-0.0458364	-0.0503582	-0.0490871	-0.046738	-0.0479659	-0.0479314	-0.0444531	-0.0465665	-0.0439835	-0.0431466	-0.044049	-0.0417266	-0.042881	-0.0421874	-0.0415473	-0.0426785	-0.0409763	
0.00642282	-0.0234455	-0.0428117	-0.0528539	-0.0538699	-0.0497125	-0.0532411	-0.0569376	-0.0508674	-0.0493223	-0.0496532	-0.0473132	-0.0474573	-0.0479173	-0.0459909	-0.0472623	-0.0451682	-0.0452164	-0.0444838	-0.0432308	-0.0430507	-0.0426696	-0.0410804	-0.0428885	-0.039864	
-0.00988368	-0.0324921	-0.043431	-0.0546687	-0.0591743	-0.0538401	-0.0518959	-0.0533485	-0.0526397	-0.0538429	-0.0513341	-0.0485466	-0.0475837	-0.0480221	-0.0439134	-0.0474831	-0.0458635	-0.0445861	-0.0476495	-0.0445981	-0.0452779	-0.0464128	-0.0425449	-0.0462425	-0.0420677	
