0.0515339	0.296423	0.548522	0.765554	0.900556	0.923745	0.831869	0.64216	0.398368	0.146997	-0.0786518	-0.250951	-0.363312	-0.416831	-0.409727	-0.347858	-0.24022	-0.109782	0.0206409	0.133749	0.222907	0.299121	0.355576	0.386583	0.382263	
0.0450231	0.28963	0.5426	0.760493	0.896893	0.920376	0.827211	0.636621	0.392125	0.139315	-0.083058	-0.248491	-0.354224	-0.398441	-0.381466	-0.31416	-0.204093	-0.0699401	0.0631867	0.179154	0.268247	0.329592	0.358923	0.352834	0.305108	
0.0496516	0.286549	0.530751	0.743703	0.874047	0.895907	0.808577	0.622394	0.385148	0.142074	-0.0754027	-0.23584	-0.334123	-0.372621	-0.351779	-0.280016	-0.165145	-0.0270024	0.10885	0.220341	0.296349	0.339071	0.339699	0.298216	0.208562	
0.0547332	0.290793	0.53192	0.740248	0.870764	0.892611	0.804181	0.62186	0.388543	0.145957	-0.0680784	-0.225436	-0.324971	-0.364134	-0.341948	-0.266598	-0.14479	0.00129578	0.142507	0.254538	0.318441	0.333847	0.297737	0.216128	0.0950602	
0.0592415	0.30324	0.552619	0.769759	0.902145	0.923757	0.835645	0.646051	0.403839	0.154053	-0.0684556	-0.232351	-0.333391	-0.369666	-0.346266	-0.271772	-0.149608	-0.00136698	0.143575	0.254046	0.30547	0.296713	0.228109	0.112303	-0.0345966	
0.0760891	0.332838	0.589858	0.810352	0.94656	0.969415	0.877568	0.684638	0.43789	0.175916	-0.0587572	-0.231679	-0.343628	-0.38847	-0.369982	-0.299457	-0.179332	-0.0351498	0.100277	0.202839	0.244079	0.218403	0.134555	0.00325849	-0.153475	
0.103833	0.367773	0.629062	0.852246	0.986383	1.00862	0.919244	0.725457	0.474429	0.207457	-0.0385597	-0.227973	-0.354827	-0.414766	-0.406039	-0.341944	-0.23125	-0.0893737	0.0434458	0.135782	0.165054	0.121213	0.024039	-0.105802	-0.254887	
0.112637	0.385362	0.656075	0.882283	1.02027	1.04399	0.949916	0.754382	0.496051	0.219261	-0.0344887	-0.235638	-0.368726	-0.434867	-0.439856	-0.384476	-0.279549	-0.144847	-0.0148482	0.0722585	0.0935566	0.0431192	-0.0667638	-0.201101	-0.333953	
0.102846	0.38421	0.658045	0.883831	1.02346	1.04686	0.951983	0.757243	0.496568	0.212543	-0.0477837	-0.255571	-0.39837	-0.467107	-0.469562	-0.413426	-0.308664	-0.180036	-0.0538699	0.0324543	0.0469235	-0.00757414	-0.114793	-0.249688	-0.375622	
0.0737551	0.353169	0.622209	0.84538	0.977523	0.999539	0.911234	0.718967	0.464211	0.184324	-0.0795251	-0.289825	-0.432855	-0.497209	-0.493502	-0.431045	-0.317106	-0.180079	-0.0528218	0.0308537	0.0430089	-0.0185208	-0.122459	-0.248251	-0.368876	
0.0105644	0.278915	0.541051	0.75507	0.885224	0.908728	0.818978	0.633842	0.387697	0.115166	-0.134942	-0.329911	-0.45679	-0.506218	-0.486925	-0.408798	-0.286818	-0.146037	-0.0223986	0.0571112	0.0685773	-0.000579784	-0.105614	-0.217632	-0.319941	
-0.0580494	0.183571	0.426466	0.618912	0.736297	0.758338	0.675401	0.511812	0.283334	0.0357072	-0.188641	-0.367761	-0.467162	-0.492207	-0.450558	-0.353625	-0.231333	-0.0903204	0.0311393	0.0988322	0.107103	0.0478981	-0.0535007	-0.157784	-0.237602	
-0.127129	0.0838231	0.299327	0.466731	0.572178	0.592852	0.516005	0.374246	0.172605	-0.0464796	-0.238596	-0.387467	-0.458664	-0.458105	-0.400436	-0.290909	-0.159561	-0.0274857	0.0880475	0.152601	0.156604	0.110118	0.0254323	-0.0650326	-0.133027	
-0.172138	0.0122384	0.193908	0.342875	0.43174	0.446644	0.386706	0.259429	0.0863003	-0.100052	-0.269636	-0.388598	-0.439602	-0.421282	-0.343394	-0.225177	-0.0911853	0.0323334	0.139133	0.202691	0.207736	0.169491	0.107665	0.0375007	-0.0261133	
-0.175649	-0.0167411	0.143824	0.273472	0.349429	0.362773	0.311221	0.20044	0.0495275	-0.113978	-0.259086	-0.359365	-0.393621	-0.358371	-0.277557	-0.164545	-0.0386572	0.0751101	0.167607	0.226326	0.243863	0.215236	0.165321	0.111873	0.0637917	
-0.118922	0.0211687	0.163712	0.269775	0.338322	0.3518	0.301778	0.210997	0.0807027	-0.0660027	-0.189704	-0.276769	-0.306172	-0.270769	-0.193122	-0.0909265	0.0164225	0.108557	0.178323	0.224885	0.241854	0.224894	0.181915	0.130077	0.0858995	
0.0139056	0.134123	0.250922	0.340199	0.392645	0.402509	0.365713	0.290498	0.182741	0.0612286	-0.0522213	-0.130644	-0.158223	-0.138058	-0.0704325	0.00852994	0.0770435	0.139056	0.177941	0.195654	0.19979	0.186104	0.143442	0.0866869	0.0343299	
0.211942	0.309635	0.403547	0.481697	0.520992	0.527913	0.502418	0.437511	0.348538	0.251181	0.151978	0.0819687	0.0553986	0.0575408	0.0905415	0.131113	0.154122	0.164595	0.162559	0.147544	0.125162	0.0943203	0.0455501	-0.0131903	-0.0717827	
0.475865	0.558759	0.629338	0.68453	0.712079	0.714496	0.699012	0.654432	0.587315	0.510958	0.424137	0.352301	0.308978	0.284169	0.277065	0.266272	0.235932	0.183019	0.124505	0.076075	0.0266309	-0.0188805	-0.0770252	-0.148887	-0.211429	
0.78671	0.860091	0.914546	0.948795	0.967472	0.968943	0.958476	0.930889	0.883835	0.817906	0.74018	0.662236	0.58736	0.527353	0.468072	0.389087	0.299055	0.189545	0.0754557	-0.0160577	-0.0887351	-0.147627	-0.211952	-0.28168	-0.34382	
1.12181	1.1923	1.23529	1.2601	1.27223	1.27355	1.26706	1.24593	1.21305	1.15237	1.07392	0.983766	0.874356	0.766085	0.641633	0.497856	0.342145	0.173018	0.0184812	-0.11147	-0.206691	-0.275508	-0.337454	-0.394225	-0.446798	
1.46117	1.5308	1.56343	1.57824	1.58151	1.58089	1.58057	1.5707	1.54792	1.49273	1.40703	1.29196	1.14705	0.983195	0.79751	0.593803	0.370507	0.148757	-0.0479567	-0.198664	-0.299112	-0.372199	-0.423578	-0.469174	-0.499072	
1.76733	1.82979	1.85347	1.86159	1.85555	1.85343	1.86044	1.85827	1.84295	1.79713	1.70713	1.57173	1.39305	1.17739	0.935099	0.670618	0.399994	0.149313	-0.0798506	-0.24951	-0.355042	-0.423986	-0.457274	-0.479858	-0.487449	
2.00266	2.0578	2.07131	2.06554	2.05488	2.05257	2.06131	2.06972	2.06694	2.03161	1.94464	1.80344	1.60218	1.34833	1.06275	0.754561	0.447846	0.168312	-0.068887	-0.24501	-0.355544	-0.407438	-0.424632	-0.422188	-0.402365	
2.16579	2.20149	2.19733	2.16636	2.14608	2.14334	2.15512	2.18716	2.20385	2.18589	2.11622	1.97239	1.76051	1.48689	1.17128	0.842409	0.516352	0.219704	-0.0141608	-0.181689	-0.283274	-0.321898	-0.317064	-0.28504	-0.240154	
2.24713	2.25142	2.22232	2.17569	2.13999	2.13447	2.1582	2.20479	2.24233	2.25532	2.20898	2.07658	1.87065	1.59101	1.25865	0.919083	0.595746	0.309974	0.0858235	-0.0755875	-0.160661	-0.179752	-0.149779	-0.0854123	-0.0180708	
2.25142	2.23168	2.17687	2.10566	2.06142	2.0549	2.0829	2.14815	2.21285	2.25057	2.23221	2.12585	1.93063	1.65696	1.32889	0.990535	0.674083	0.400725	0.197184	0.0576369	-0.01017	-0.00560217	0.050266	0.143348	0.241508	
2.22232	2.17687	2.09258	1.99734	1.94051	1.93118	1.96807	2.05399	2.14622	2.20982	2.21858	2.134	1.95043	1.68654	1.36788	1.03996	0.738201	0.484692	0.303549	0.190819	0.142823	0.166282	0.25249	0.375087	0.49847	
2.17569	2.10566	1.99734	1.90141	1.83095	1.81723	1.86932	1.9555	2.06404	2.15581	2.18034	2.11798	1.95444	1.69881	1.38902	1.06907	0.782947	0.555812	0.388573	0.288995	0.263737	0.307371	0.412046	0.557584	0.704764	
2.13999	2.06142	1.94051	1.83095	1.75716	1.74326	1.79631	1.89283	2.01577	2.11623	2.15371	2.10494	1.94642	1.69677	1.39794	1.08557	0.806468	0.590469	0.434968	0.352165	0.336557	0.390409	0.511506	0.669421	0.831769	
2.13447	2.0549	1.93118	1.81723	1.74326	1.72879	1.7819	1.88236	2.00774	2.10941	2.14982	2.10282	1.9444	1.69599	1.39923	1.08681	0.80866	0.595243	0.442922	0.365084	0.349293	0.404359	0.530249	0.690432	0.855301	
2.1582	2.0829	1.96807	1.86932	1.79631	1.7819	1.83648	1.92442	2.03882	2.13693	2.16627	2.11123	1.9523	1.699	1.3943	1.07758	0.794984	0.574587	0.412088	0.318533	0.299195	0.34887	0.459231	0.610732	0.766632	
2.20479	2.14815	2.05399	1.9555	1.89283	1.88236	1.92442	2.01309	2.11343	2.18837	2.20549	2.12911	1.95313	1.69273	1.37678	1.05419	0.759034	0.515892	0.341189	0.234052	0.196496	0.227666	0.323424	0.456843	0.588514	
2.24233	2.21285	2.14622	2.06404	2.01577	2.00774	2.03882	2.11343	2.18895	2.23682	2.23006	2.13303	1.94236	1.67315	1.34879	1.01269	0.700828	0.434839	0.241301	0.113501	0.0529191	0.0648974	0.1332	0.238613	0.347582	
2.25532	2.25057	2.20982	2.15581	2.11623	2.10941	2.13693	2.18837	2.23682	2.26144	2.2239	2.10277	1.90031	1.62083	1.28981	0.949162	0.629169	0.347636	0.130133	-0.0245285	-0.103245	-0.111343	-0.0729414	0.00288817	0.0830957	
2.20898	2.23221	2.21858	2.18034	2.15371	2.14982	2.16627	2.20549	2.23006	2.2239	2.16328	2.02172	1.81067	1.53315	1.2084	0.873459	0.54702	0.253082	0.0214163	-0.143577	-0.238916	-0.271534	-0.254815	-0.209094	-0.157484	
2.07658	2.12585	2.134	2.11798	2.10494	2.10282	2.11123	2.12911	2.13303	2.10277	2.02172	1.87837	1.67144	1.40814	1.10958	0.790845	0.472903	0.18382	-0.0530105	-0.225734	-0.334106	-0.381217	-0.390657	-0.377836	-0.346396	
1.87065	1.93063	1.95043	1.95444	1.94642	1.9444	1.9523	1.95313	1.94236	1.90031	1.81067	1.67144	1.48214	1.24895	0.986056	0.702901	0.417294	0.154153	-0.0797635	-0.255418	-0.364383	-0.42557	-0.452778	-0.46567	-0.462181	
1.59101	1.65696	1.68654	1.69881	1.69677	1.69599	1.699	1.69273	1.67315	1.62083	1.53315	1.40814	1.24895	1.06431	0.855002	0.625558	0.380134	0.145695	-0.0663367	-0.225162	-0.326249	-0.400035	-0.443858	-0.480486	-0.502488	
1.25865	1.32889	1.36788	1.38902	1.39794	1.39923	1.3943	1.37678	1.34879	1.28981	1.2084	1.10958	0.986056	0.855002	0.706065	0.539188	0.355101	0.162522	-0.00938447	-0.148765	-0.247104	-0.31863	-0.378201	-0.431663	-0.475105	
0.919083	0.990535	1.03996	1.06907	1.08557	1.08681	1.07758	1.05419	1.01269	0.949162	0.873459	0.790845	0.702901	0.625558	0.539188	0.433384	0.317941	0.184987	0.0547683	-0.0544355	-0.138052	-0.200773	-0.264521	-0.328828	-0.388953	
0.595746	0.674083	0.738201	0.782947	0.806468	0.80866	0.794984	0.759034	0.700828	0.629169	0.54702	0.472903	0.417294	0.380134	0.355101	0.317941	0.264199	0.188028	0.105073	0.0404051	-0.017774	-0.0689556	-0.130439	-0.203844	-0.267254	
0.309974	0.400725	0.484692	0.555812	0.590469	0.595243	0.574587	0.515892	0.434839	0.347636	0.253082	0.18382	0.154153	0.145695	0.162522	0.184987	0.188028	0.172725	0.149497	0.122211	0.0882085	0.0512375	-0.00180813	-0.0660276	-0.125823	
0.0858235	0.197184	0.303549	0.388573	0.434968	0.442922	0.412088	0.341189	0.241301	0.130133	0.0214163	-0.0530105	-0.0797635	-0.0663367	-0.00938447	0.0547683	0.105073	0.149497	0.174345	0.179009	0.172774	0.154084	0.110051	0.0536726	-0.00187036	
-0.0755875	0.0576369	0.190819	0.288995	0.352165	0.365084	0.318533	0.234052	0.113501	-0.0245285	-0.143577	-0.225734	-0.255418	-0.225162	-0.148765	-0.0544355	0.0404051	0.122211	0.179009	0.215585	0.22938	0.215872	0.173958	0.119491	0.0725195	
-0.160661	-0.01017	0.142823	0.263737	0.336557	0.349293	0.299195	0.196496	0.0529191	-0.103245	-0.238916	-0.334106	-0.364383	-0.326249	-0.247104	-0.138052	-0.017774	0.0882085	0.172774	0.22938	0.248903	0.224719	0.177942	0.126391	0.082367	
-0.179752	-0.00560217	0.166282	0.307371	0.390409	0.404359	0.34887	0.227666	0.0648974	-0.111343	-0.271534	-0.381217	-0.42557	-0.400035	-0.31863	-0.200773	-0.0689556	0.0512375	0.154084	0.215872	0.224719	0.190064	0.134818	0.0731388	0.0147783	
-0.149779	0.050266	0.25249	0.412046	0.511506	0.530249	0.459231	0.323424	0.1332	-0.0729414	-0.254815	-0.390657	-0.452778	-0.443858	-0.378201	-0.264521	-0.130439	-0.00180813	0.110051	0.173958	0.177942	0.134818	0.0596478	-0.0235568	-0.0903251	
-0.0854123	0.143348	0.375087	0.557584	0.669421	0.690432	0.610732	0.456843	0.238613	0.00288817	-0.209094	-0.377836	-0.46567	-0.480486	-0.431663	-0.328828	-0.203844	-0.0660276	0.0536726	0.119491	0.126391	0.0731388	-0.0235568	-0.123775	-0.197466	
-0.0180708	0.241508	0.49847	0.704764	0.831769	0.855301	0.766632	0.588514	0.347582	0.0830957	-0.157484	-0.346396	-0.462181	-0.502488	-0.475105	-0.388953	-0.267254	-0.125823	-0.00187036	0.0725195	0.082367	0.0147783	-0.0903251	-0.197466	-0.290555	
