0.165725	-0.0371489	-0.217053	-0.346501	-0.420189	-0.433095	-0.3827	-0.275151	-0.113783	0.0832938	0.289259	0.490834	0.676779	0.833019	0.961456	1.06164	1.1207	1.12732	1.0846	1.00611	0.896703	0.750215	0.579505	0.41264	0.271953	
0.15175	-0.0577196	-0.243348	-0.38302	-0.463503	-0.47701	-0.423039	-0.305328	-0.136373	0.0659411	0.281631	0.495494	0.697406	0.86666	0.998973	1.10074	1.15801	1.15461	1.09175	0.990097	0.860362	0.706329	0.543276	0.39097	0.26369	
0.10375	-0.103055	-0.28863	-0.434694	-0.514104	-0.526824	-0.475684	-0.353427	-0.180333	0.0192806	0.233535	0.449056	0.657947	0.837744	0.973008	1.0756	1.13043	1.11847	1.04476	0.93057	0.787931	0.630821	0.484798	0.35726	0.244625	
0.0278686	-0.177124	-0.361845	-0.510987	-0.596926	-0.609836	-0.555153	-0.426388	-0.25404	-0.055585	0.1554	0.365695	0.573878	0.761032	0.904068	0.997897	1.03816	1.01509	0.934044	0.808893	0.664166	0.514717	0.384741	0.282108	0.181988	
-0.0656872	-0.27215	-0.464914	-0.618948	-0.707135	-0.722237	-0.663272	-0.532521	-0.352471	-0.148475	0.0587946	0.26004	0.458507	0.639056	0.778894	0.865584	0.882453	0.84106	0.74871	0.62038	0.48809	0.356562	0.241453	0.150745	0.0699917	
-0.180241	-0.39622	-0.599336	-0.75986	-0.8556	-0.871667	-0.808039	-0.668661	-0.481699	-0.266124	-0.0568521	0.133632	0.314285	0.474423	0.600174	0.670476	0.672375	0.610997	0.517818	0.397392	0.275925	0.166128	0.0684512	-0.0149081	-0.0805233	
-0.32349	-0.542068	-0.750191	-0.920519	-1.02459	-1.04138	-0.971934	-0.823719	-0.628738	-0.4106	-0.198613	-0.0204808	0.134869	0.273516	0.379022	0.43132	0.42555	0.358889	0.260435	0.147883	0.0433455	-0.0457815	-0.123965	-0.193963	-0.243339	
-0.481899	-0.690625	-0.89069	-1.0585	-1.16121	-1.1779	-1.10892	-0.96387	-0.772984	-0.564837	-0.363237	-0.193243	-0.0549058	0.056933	0.135035	0.167768	0.153677	0.0838126	-0.0203324	-0.129589	-0.216391	-0.28879	-0.348674	-0.391299	-0.407436	
-0.62115	-0.809256	-0.992273	-1.14597	-1.2469	-1.26402	-1.19474	-1.05832	-0.884268	-0.695889	-0.513444	-0.35603	-0.234717	-0.150196	-0.0955607	-0.0886803	-0.125722	-0.20172	-0.308768	-0.4214	-0.504225	-0.560224	-0.595539	-0.601104	-0.577393	
-0.704724	-0.872103	-1.04114	-1.18303	-1.27848	-1.29513	-1.22872	-1.10195	-0.941261	-0.769992	-0.610459	-0.472146	-0.370886	-0.317884	-0.297522	-0.318085	-0.376425	-0.466382	-0.581497	-0.696794	-0.782153	-0.832481	-0.843219	-0.811248	-0.741997	
-0.715524	-0.869567	-1.0248	-1.15679	-1.24679	-1.26516	-1.199	-1.08151	-0.933336	-0.775119	-0.632658	-0.519784	-0.445593	-0.417172	-0.430364	-0.479191	-0.568627	-0.686774	-0.818741	-0.940733	-1.0317	-1.07592	-1.06285	-0.995988	-0.888175	
-0.657156	-0.794641	-0.933625	-1.0543	-1.13113	-1.14439	-1.09213	-0.985023	-0.851277	-0.710335	-0.584877	-0.492893	-0.444157	-0.43993	-0.47798	-0.560073	-0.690019	-0.851283	-1.014	-1.15269	-1.25032	-1.28674	-1.25324	-1.15637	-1.01749	
-0.537816	-0.66187	-0.783043	-0.889394	-0.955723	-0.96666	-0.921902	-0.828259	-0.711365	-0.586252	-0.473916	-0.401924	-0.379017	-0.392403	-0.455021	-0.573128	-0.738384	-0.934892	-1.13241	-1.30218	-1.41287	-1.44901	-1.40218	-1.28299	-1.11749	
-0.378916	-0.490479	-0.605349	-0.707032	-0.767204	-0.776273	-0.737282	-0.649324	-0.536747	-0.421723	-0.323115	-0.268243	-0.266481	-0.303708	-0.389922	-0.532269	-0.723677	-0.945635	-1.16652	-1.35496	-1.48435	-1.53198	-1.48423	-1.35221	-1.16318	
-0.210247	-0.311642	-0.421403	-0.518464	-0.582932	-0.595454	-0.54918	-0.462322	-0.355955	-0.24836	-0.163682	-0.127838	-0.141351	-0.198851	-0.309622	-0.477125	-0.685155	-0.915477	-1.13888	-1.33201	-1.46974	-1.52056	-1.47872	-1.34772	-1.14702	
-0.0774893	-0.170375	-0.269983	-0.352085	-0.410924	-0.423546	-0.378817	-0.305626	-0.211497	-0.111235	-0.0377314	-0.00984584	-0.0312445	-0.104249	-0.233593	-0.416728	-0.629545	-0.849257	-1.06043	-1.24194	-1.36619	-1.41643	-1.38999	-1.27101	-1.07263	
-0.00830667	-0.0855112	-0.166543	-0.232113	-0.278299	-0.289153	-0.252535	-0.195707	-0.118406	-0.0371803	0.0266593	0.0543815	0.0307733	-0.0445224	-0.17658	-0.356812	-0.557082	-0.754376	-0.940738	-1.09082	-1.19363	-1.24435	-1.23155	-1.13629	-0.957394	
0.00179744	-0.0608123	-0.120893	-0.168482	-0.198651	-0.203258	-0.182716	-0.142377	-0.0853422	-0.022425	0.0344127	0.0622503	0.0394304	-0.0272023	-0.146602	-0.303792	-0.469916	-0.628456	-0.778673	-0.897866	-0.983455	-1.03009	-1.03092	-0.968403	-0.817741	
-0.0284148	-0.078424	-0.1147	-0.13581	-0.149669	-0.150076	-0.14313	-0.123521	-0.0954738	-0.0492541	0.00123927	0.0277079	0.0145141	-0.0396369	-0.1357	-0.256048	-0.374305	-0.490135	-0.598702	-0.687302	-0.755509	-0.798463	-0.819404	-0.787272	-0.677655	
-0.0750025	-0.103184	-0.111515	-0.1089	-0.104334	-0.104841	-0.106143	-0.111339	-0.108717	-0.0880688	-0.0546733	-0.0317417	-0.0334254	-0.0651966	-0.129561	-0.202657	-0.275606	-0.342778	-0.409961	-0.47549	-0.534735	-0.586061	-0.625684	-0.625307	-0.558205	
-0.115236	-0.109268	-0.0856622	-0.060428	-0.0373588	-0.0335787	-0.0493981	-0.0761097	-0.100971	-0.11545	-0.108602	-0.0933523	-0.0907628	-0.10051	-0.120821	-0.146321	-0.175426	-0.197134	-0.226712	-0.276775	-0.341252	-0.413265	-0.477363	-0.509804	-0.478091	
-0.124793	-0.0829054	-0.0240661	0.0341458	0.0705173	0.0768952	0.0517563	0.000987355	-0.0612243	-0.110764	-0.138233	-0.146676	-0.141454	-0.128207	-0.113859	-0.0972929	-0.0780133	-0.0681322	-0.0773058	-0.122412	-0.19921	-0.293432	-0.381404	-0.441905	-0.441234	
-0.0962817	-0.0100084	0.0889299	0.182949	0.240792	0.251683	0.210643	0.129556	0.0283637	-0.0642713	-0.135163	-0.172621	-0.174868	-0.152299	-0.111454	-0.0625093	-0.0154205	0.0115542	0.017708	-0.0228559	-0.113673	-0.2299	-0.343004	-0.42122	-0.44189	
-0.0311991	0.102542	0.249995	0.38177	0.468478	0.483794	0.423541	0.305829	0.16226	0.018133	-0.0921473	-0.158743	-0.180576	-0.161998	-0.114275	-0.0544177	0.00648539	0.0508513	0.0597342	0.0203562	-0.0778379	-0.207778	-0.341466	-0.442666	-0.487292	
0.0856221	0.261806	0.456071	0.631196	0.750516	0.772635	0.688586	0.529522	0.339756	0.151566	0.000617566	-0.0984371	-0.148135	-0.151599	-0.122115	-0.0667287	-0.00680651	0.0418775	0.0515119	0.0129864	-0.0884414	-0.232523	-0.383345	-0.509236	-0.574716	
0.262216	0.481835	0.721351	0.940113	1.08263	1.1071	1.00907	0.814864	0.577403	0.345456	0.149705	0.008622	-0.0757002	-0.117542	-0.123519	-0.0931618	-0.0464463	-0.00664037	0.00144179	-0.0412932	-0.150616	-0.310319	-0.477687	-0.615483	-0.700231	
0.481835	0.747588	1.02733	1.2772	1.44137	1.47093	1.35673	1.13365	0.860238	0.584632	0.34232	0.159713	0.030805	-0.059353	-0.103722	-0.108063	-0.0892406	-0.0649602	-0.0683178	-0.129507	-0.248138	-0.417639	-0.597008	-0.746795	-0.848444	
0.721351	1.02733	1.33877	1.60871	1.78225	1.81437	1.69226	1.45522	1.15333	0.840884	0.554957	0.326046	0.149019	0.0142666	-0.0655391	-0.105018	-0.114374	-0.116136	-0.140985	-0.22279	-0.355241	-0.530258	-0.714166	-0.87809	-0.997332	
0.940113	1.2772	1.60871	1.8871	2.0595	2.09055	1.97036	1.72997	1.41241	1.07339	0.74899	0.474445	0.256952	0.0869965	-0.0287365	-0.0937033	-0.125355	-0.153726	-0.201097	-0.296928	-0.447538	-0.631549	-0.817048	-0.993434	-1.12461	
1.08263	1.44137	1.78225	2.0595	2.23347	2.26323	2.1444	1.90232	1.58303	1.22469	0.87848	0.575298	0.325071	0.131568	-0.0013159	-0.0806223	-0.133236	-0.176679	-0.241102	-0.350901	-0.511976	-0.692386	-0.880253	-1.06547	-1.21076	
1.1071	1.47093	1.81437	2.09055	2.26323	2.29231	2.17533	1.93377	1.61456	1.25064	0.901866	0.593208	0.33777	0.13981	0.00332606	-0.0795852	-0.133867	-0.178708	-0.249574	-0.363088	-0.524958	-0.701997	-0.890275	-1.0774	-1.22756	
1.00907	1.35673	1.69226	1.97036	2.1444	2.17533	2.05475	1.81292	1.49484	1.14673	0.811455	0.522789	0.28958	0.108484	-0.0157388	-0.086897	-0.129188	-0.165384	-0.219233	-0.321003	-0.477562	-0.66187	-0.848506	-1.02942	-1.16516	
0.814864	1.13365	1.45522	1.72997	1.90232	1.93377	1.81292	1.5748	1.26373	0.939907	0.636813	0.388443	0.195108	0.0456572	-0.0503534	-0.101978	-0.119017	-0.132871	-0.167907	-0.255376	-0.394585	-0.573828	-0.758107	-0.92712	-1.05208	
0.577403	0.860238	1.15333	1.41241	1.58303	1.61456	1.49484	1.26373	0.978381	0.687377	0.426975	0.226839	0.0777641	-0.0317965	-0.090033	-0.108435	-0.102046	-0.0867481	-0.0977793	-0.168074	-0.2916	-0.462601	-0.644765	-0.800227	-0.909301	
0.345456	0.584632	0.840884	1.07339	1.22469	1.25064	1.14673	0.939907	0.687377	0.43698	0.222212	0.0646052	-0.0361563	-0.0970236	-0.118084	-0.101337	-0.0647964	-0.0298201	-0.0249985	-0.0736596	-0.186716	-0.350924	-0.524557	-0.666267	-0.757818	
0.149705	0.34232	0.554957	0.74899	0.87848	0.901866	0.811455	0.636813	0.426975	0.222212	0.0537611	-0.0616398	-0.123307	-0.14075	-0.124881	-0.0774517	-0.0200919	0.0258691	0.0346654	-0.00335535	-0.107006	-0.258637	-0.416026	-0.547337	-0.621003	
0.008622	0.159713	0.326046	0.474445	0.575298	0.593208	0.522789	0.388443	0.226839	0.0646052	-0.0616398	-0.139959	-0.172738	-0.160836	-0.116988	-0.0565182	0.00492536	0.0531301	0.0633344	0.0234319	-0.0765333	-0.211076	-0.351668	-0.463628	-0.517233	
-0.0757002	0.030805	0.149019	0.256952	0.325071	0.33777	0.28958	0.195108	0.0777641	-0.0361563	-0.123307	-0.172738	-0.180727	-0.158052	-0.112215	-0.0567485	-0.00175317	0.0320336	0.0398684	0.000885953	-0.0938474	-0.215924	-0.338681	-0.424914	-0.454404	
-0.117542	-0.059353	0.0142666	0.0869965	0.131568	0.13981	0.108484	0.0456572	-0.0317965	-0.0970236	-0.14075	-0.160836	-0.158052	-0.138719	-0.112144	-0.080464	-0.0478585	-0.03058	-0.0323389	-0.0750895	-0.158325	-0.262173	-0.360111	-0.428106	-0.436459	
-0.123519	-0.103722	-0.0655391	-0.0287365	-0.0013159	0.00332606	-0.0157388	-0.0503534	-0.090033	-0.118084	-0.124881	-0.116988	-0.112215	-0.112144	-0.117908	-0.1261	-0.133814	-0.141035	-0.161059	-0.208682	-0.277436	-0.358957	-0.431572	-0.476673	-0.459202	
-0.0931618	-0.108063	-0.105018	-0.0937033	-0.0806223	-0.0795852	-0.086897	-0.101978	-0.108435	-0.101337	-0.0774517	-0.0565182	-0.0567485	-0.080464	-0.1261	-0.178751	-0.236632	-0.284169	-0.3347	-0.393121	-0.452679	-0.511111	-0.561328	-0.573127	-0.52052	
-0.0464463	-0.0892406	-0.114374	-0.125355	-0.133236	-0.133867	-0.129188	-0.119017	-0.102046	-0.0647964	-0.0200919	0.00492536	-0.00175317	-0.0478585	-0.133814	-0.236632	-0.334758	-0.431522	-0.523899	-0.602037	-0.665274	-0.709901	-0.73813	-0.717803	-0.626086	
-0.00664037	-0.0649602	-0.116136	-0.153726	-0.176679	-0.178708	-0.165384	-0.132871	-0.0867481	-0.0298201	0.0258691	0.0531301	0.0320336	-0.03058	-0.141035	-0.284169	-0.431522	-0.573696	-0.707705	-0.814415	-0.893213	-0.937721	-0.945712	-0.895566	-0.760411	
0.00144179	-0.0683178	-0.140985	-0.201097	-0.241102	-0.249574	-0.219233	-0.167907	-0.0977793	-0.0249985	0.0346654	0.0633344	0.0398684	-0.0323389	-0.161059	-0.3347	-0.523899	-0.707705	-0.880186	-1.01768	-1.11255	-1.16194	-1.15459	-1.0726	-0.903054	
-0.0412932	-0.129507	-0.22279	-0.296928	-0.350901	-0.363088	-0.321003	-0.255376	-0.168074	-0.0736596	-0.00335535	0.0234319	0.000885953	-0.0750895	-0.208682	-0.393121	-0.602037	-0.814415	-1.01768	-1.18797	-1.30363	-1.35449	-1.33389	-1.22291	-1.03036	
-0.150616	-0.248138	-0.355241	-0.447538	-0.511976	-0.524958	-0.477562	-0.394585	-0.2916	-0.186716	-0.107006	-0.0765333	-0.0938474	-0.158325	-0.277436	-0.452679	-0.665274	-0.893213	-1.11255	-1.30363	-1.4387	-1.48878	-1.45277	-1.32518	-1.12342	
-0.310319	-0.417639	-0.530258	-0.631549	-0.692386	-0.701997	-0.66187	-0.573828	-0.462601	-0.350924	-0.258637	-0.211076	-0.215924	-0.262173	-0.358957	-0.511111	-0.709901	-0.937721	-1.16194	-1.35449	-1.48878	-1.539	-1.49291	-1.35994	-1.16406	
-0.477687	-0.597008	-0.714166	-0.817048	-0.880253	-0.890275	-0.848506	-0.758107	-0.644765	-0.524557	-0.416026	-0.351668	-0.338681	-0.360111	-0.431572	-0.561328	-0.73813	-0.945712	-1.15459	-1.33389	-1.45277	-1.49291	-1.44493	-1.31818	-1.14296	
-0.615483	-0.746795	-0.87809	-0.993434	-1.06547	-1.0774	-1.02942	-0.92712	-0.800227	-0.666267	-0.547337	-0.463628	-0.424914	-0.428106	-0.476673	-0.573127	-0.717803	-0.895566	-1.0726	-1.22291	-1.32518	-1.35994	-1.31818	-1.21225	-1.06289	
-0.700231	-0.848444	-0.997332	-1.12461	-1.21076	-1.22756	-1.16516	-1.05208	-0.909301	-0.757818	-0.621003	-0.517233	-0.454404	-0.436459	-0.459202	-0.52052	-0.626086	-0.760411	-0.903054	-1.03036	-1.12342	-1.16406	-1.14296	-1.06289	-0.942487	
