0.173621	0.0874037	0.0400427	0.0170962	0.00780962	0.00647468	0.0121675	0.0286336	0.0646292	0.133502	0.249647	0.420026	0.632922	0.852601	1.03032	1.13004	1.14661	1.09364	0.974753	0.782717	0.530346	0.255585	-0.0152526	-0.27395	-0.495929	
0.127452	0.0613405	0.0269226	0.0110161	0.00481645	0.00394236	0.00770401	0.0189309	0.0445764	0.0962204	0.188478	0.332985	0.527905	0.748659	0.95068	1.0898	1.14705	1.13094	1.05157	0.902793	0.683711	0.422741	0.154332	-0.109822	-0.355977	
0.0898465	0.0412973	0.01735	0.00679953	0.00284305	0.00229646	0.0046719	0.0119945	0.0294861	0.0665717	0.13675	0.254051	0.424553	0.635572	0.851398	1.02536	1.12507	1.14807	1.10714	1.00285	0.826381	0.590646	0.331011	0.0688039	-0.189244	
0.0606241	0.0265924	0.0106877	0.00401016	0.00160264	0.00127701	0.00270704	0.00726381	0.018652	0.0440759	0.0950273	0.185839	0.327849	0.519249	0.736283	0.936237	1.07736	1.14241	1.13988	1.07829	0.949709	0.751625	0.510029	0.255771	-0.00237091	
0.0390315	0.0163312	0.006277	0.00225456	0.00086097	0.000676545	0.00149537	0.00419412	0.0112523	0.0278419	0.0630351	0.12986	0.242098	0.406336	0.611584	0.824762	1.00159	1.1105	1.14829	1.12683	1.04623	0.895875	0.684798	0.444987	0.195902	
0.0239075	0.00954034	0.00350648	0.00120575	0.000439979	0.000340879	0.000785909	0.00230369	0.00645763	0.0167327	0.0397898	0.0863788	0.170276	0.303182	0.485336	0.696639	0.897992	1.04878	1.12991	1.14781	1.11142	1.01311	0.84607	0.630402	0.395958	
0.0138947	0.00528897	0.00185924	0.000612258	0.000213536	0.000163095	0.000392276	0.00120127	0.00351759	0.00954344	0.0238329	0.0545166	0.113643	0.214756	0.366071	0.560693	0.770826	0.955317	1.081	1.14042	1.14429	1.09534	0.981902	0.804704	0.590554	
0.00764476	0.00277693	0.000934061	0.000294725	9.82931e-05	7.40059e-05	0.000185675	0.000593673	0.00181517	0.00515423	0.0135118	0.0325531	0.071733	0.143849	0.261191	0.427486	0.628875	0.832212	0.997942	1.102	1.14575	1.13971	1.08033	0.955939	0.774877	
0.00397419	0.00137857	0.000443984	0.000134325	4.28681e-05	3.18166e-05	8.3241e-05	0.000277682	0.000885946	0.00263121	0.00723559	0.0183461	0.0427014	0.0908049	0.175557	0.307125	0.484325	0.687357	0.880413	1.02813	1.11519	1.14831	1.13531	1.06834	0.938161	
0.00194922	0.000646276	0.000199454	5.79101e-05	1.76999e-05	1.29507e-05	3.53144e-05	0.000122798	0.000408497	0.00126785	0.00365378	0.00973977	0.0239178	0.0538716	0.110779	0.207013	0.350047	0.533994	0.73471	0.916159	1.04838	1.12313	1.14946	1.13205	1.06119	
0.000901043	0.000285855	8.46217e-05	2.36013e-05	6.91544e-06	4.98882e-06	1.4169e-05	5.13058e-05	0.000177786	0.000576059	0.0017378	0.00486392	0.0125839	0.0299746	0.065456	0.130465	0.236333	0.387655	0.574584	0.770435	0.940734	1.06088	1.12747	1.14991	1.13062	
0.000392298	0.000119229	3.38923e-05	9.08992e-06	2.55611e-06	1.81836e-06	5.37478e-06	2.02443e-05	7.29983e-05	0.00024665	0.000777889	0.00228273	0.00621202	0.0156199	0.0361505	0.0766969	0.148557	0.261699	0.418038	0.604863	0.794639	0.955462	1.06719	1.1291	1.14997	
0.000160824	4.68863e-05	1.28129e-05	3.30822e-06	8.93813e-07	6.27119e-07	1.92747e-06	7.54303e-06	2.8272e-05	9.9493e-05	0.000327594	0.00100635	0.00287546	0.00761723	0.0186425	0.0419985	0.0867659	0.163776	0.281532	0.439768	0.624151	0.80767	0.961332	1.06817	1.12836	
6.20815e-05	1.73848e-05	4.57276e-06	1.13792e-06	2.95738e-07	2.04694e-07	6.53558e-07	2.65432e-06	1.03291e-05	3.78111e-05	0.000129793	0.000416708	0.00124788	0.00347538	0.00897341	0.0214097	0.0470414	0.0948615	0.175006	0.294606	0.451904	0.632135	0.809821	0.958789	1.06397	
2.25729e-05	6.0799e-06	1.54113e-06	3.70049e-07	9.26239e-08	6.32579e-08	2.09605e-07	8.82413e-07	3.56102e-06	1.35422e-05	4.83926e-05	0.000162114	0.000507856	0.00148384	0.00403227	0.0101613	0.0236733	0.0508334	0.100307	0.181408	0.300126	0.453951	0.628715	0.801148	0.947645	
7.73492e-06	2.00657e-06	4.90751e-07	1.13833e-07	2.74736e-08	1.85184e-08	6.36145e-08	2.77282e-07	1.15908e-06	4.5733e-06	1.69884e-05	5.92857e-05	0.000193931	0.00059321	0.00169257	0.00449283	0.011065	0.0252146	0.0530217	0.102632	0.182499	0.297761	0.44583	0.613932	0.781444	
2.49963e-06	6.25376e-07	1.47751e-07	3.31446e-08	7.72245e-09	5.13862e-09	1.82819e-08	8.24113e-08	3.56424e-07	1.45726e-06	5.61928e-06	2.0396e-05	6.95411e-05	0.000222248	0.000664284	0.00185255	0.00480884	0.0115905	0.0258773	0.0533963	0.101634	0.178195	0.287651	0.427864	0.587997	
7.62459e-07	1.84208e-07	4.20908e-08	9.14156e-09	2.05853e-09	1.35256e-09	4.97865e-09	2.31844e-08	1.03629e-07	4.38503e-07	1.75283e-06	6.60699e-06	2.34398e-05	7.81163e-05	0.000244052	0.000713285	0.00194602	0.00494528	0.0116808	0.0255925	0.051921	0.0974004	0.168824	0.27041	0.400809	
2.19729e-07	5.13271e-08	1.13554e-08	2.39028e-09	5.20788e-10	3.37968e-10	1.28581e-09	6.179e-09	2.85125e-08	1.24719e-07	5.16122e-07	2.01734e-06	7.43482e-06	2.57899e-05	8.40457e-05	0.000256828	0.0007345	0.0019621	0.00488661	0.0113259	0.0243901	0.0487384	0.090299	0.155087	0.247094	
5.98871e-08	1.35418e-08	2.9039e-09	5.93036e-10	1.25151e-10	8.02355e-11	3.15205e-10	1.5615e-09	7.43091e-09	3.35621e-08	1.43607e-07	5.81248e-07	2.22186e-06	8.00818e-06	2.71693e-05	8.66172e-05	0.00025903	0.000725376	0.00189891	0.00463955	0.0105646	0.0223934	0.0441489	0.0809323	0.138003	
1.54531e-08	3.38639e-09	7.04593e-10	1.39738e-10	2.85926e-11	1.81137e-11	7.34087e-11	3.74527e-10	1.83625e-09	8.55415e-09	3.78001e-08	1.5822e-07	6.2639e-07	2.34202e-06	8.25709e-06	2.74074e-05	8.55115e-05	0.000250388	0.000687018	0.00176386	0.0042319	0.00947793	0.0197999	0.038568	0.070063	
3.77933e-09	8.03487e-10	1.62369e-10	3.13012e-11	6.21599e-12	3.8921e-12	1.62571e-11	8.53412e-11	4.30669e-10	2.06719e-09	9.42304e-09	4.07381e-08	1.66808e-07	6.45998e-07	2.36278e-06	8.15012e-06	2.64741e-05	8.08668e-05	0.000231957	0.000623973	0.00157229	0.00370747	0.00817501	0.0168501	0.0324679	
8.77015e-10	1.81075e-10	3.55725e-11	6.67166e-12	1.28706e-12	7.96691e-13	3.42681e-12	1.84926e-11	9.59682e-11	4.74164e-10	2.22726e-09	9.93372e-09	4.20145e-08	1.68293e-07	6.37577e-07	2.28149e-06	7.70086e-06	2.44862e-05	7.32505e-05	0.000205915	0.000543354	0.00134463	0.00311853	0.00677587	0.0137926	
1.93319e-10	3.87999e-11	7.41656e-12	1.35441e-12	2.5405e-13	1.55495e-13	6.88166e-13	3.81444e-12	2.03391e-11	1.03346e-10	4.99722e-10	2.2968e-09	1.00221e-08	4.14668e-08	1.62484e-07	6.02205e-07	2.10844e-06	6.9651e-06	2.16836e-05	6.35466e-05	0.000175136	0.00045354	0.00110289	0.00251746	0.00539366	
4.05225e-11	7.91318e-12	1.473e-12	2.62133e-13	4.78476e-14	2.89639e-14	1.31784e-13	7.49693e-13	4.10395e-12	2.14262e-11	1.06551e-10	5.04147e-10	2.26699e-09	9.67681e-09	3.91651e-08	1.5012e-07	5.44309e-07	1.86475e-06	6.02957e-06	1.8382e-05	5.27882e-05	0.000142683	0.000362769	0.000867258	0.00194932	
8.08611e-12	1.53768e-12	2.78961e-13	4.84128e-14	8.60627e-15	5.15345e-15	2.40879e-14	1.40532e-13	7.89185e-13	4.23004e-12	2.16146e-11	1.05179e-10	4.86875e-10	2.14162e-09	8.94175e-09	3.53977e-08	1.32716e-07	4.70756e-07	1.57814e-06	4.99518e-06	1.49151e-05	4.19803e-05	0.000111313	0.00027795	0.000653498	
1.53768e-12	2.84981e-13	5.04249e-14	8.54021e-15	1.47968e-15	8.76639e-16	4.20633e-15	2.51493e-14	1.44776e-13	7.96056e-13	4.17609e-12	2.08803e-11	9.94023e-11	4.5009e-10	1.93636e-09	7.90685e-09	3.06122e-08	1.12258e-07	3.89534e-07	1.27784e-06	3.95954e-06	1.15808e-05	3.19521e-05	8.31304e-05	0.000203913	
2.78961e-13	5.04249e-14	8.70826e-15	1.4403e-15	2.43394e-16	1.42696e-16	7.02386e-16	4.30082e-15	2.53625e-14	1.42956e-13	7.69326e-13	3.94906e-12	1.93164e-11	8.99452e-11	3.983e-10	1.67567e-09	6.69082e-09	2.53315e-08	9.08503e-08	3.08384e-07	9.89934e-07	3.00306e-06	8.60436e-06	2.32751e-05	5.94288e-05	
4.84128e-14	8.54021e-15	1.4403e-15	2.32758e-16	3.83856e-17	2.22735e-17	1.12408e-16	7.04517e-16	4.25369e-15	2.45635e-14	1.35523e-13	7.13724e-13	3.58454e-12	1.71517e-11	7.81155e-11	3.38303e-10	1.39188e-09	5.43523e-09	2.01265e-08	7.06134e-08	2.3455e-07	7.37091e-07	2.19028e-06	6.15165e-06	1.63268e-05	
8.60627e-15	1.47968e-15	2.43394e-16	3.83856e-17	6.17095e-18	3.54498e-18	1.83687e-17	1.17964e-16	7.30014e-16	4.32376e-15	2.44856e-14	1.32463e-13	6.83946e-13	3.36744e-12	1.57955e-11	7.05215e-11	2.99417e-10	1.20785e-09	4.62553e-09	1.68025e-08	5.78527e-08	1.88682e-07	5.82574e-07	1.70219e-06	4.70532e-06	
5.15345e-15	8.76639e-16	1.42696e-16	2.22735e-17	3.54498e-18	2.04553e-18	1.07304e-17	6.95044e-17	4.33854e-16	2.59265e-15	1.48182e-14	8.09314e-14	4.22014e-13	2.09911e-12	9.95069e-12	4.49147e-11	1.92865e-10	7.87167e-10	3.05114e-09	1.12224e-08	3.91397e-08	1.29349e-07	4.04831e-07	1.19939e-06	3.36272e-06	
2.40879e-14	4.20633e-15	7.02386e-16	1.12408e-16	1.83687e-17	1.07304e-17	5.47961e-17	3.46015e-16	2.10499e-15	1.22516e-14	6.81531e-14	3.62022e-13	1.8346e-12	8.86148e-12	4.07587e-11	1.78353e-10	7.41797e-10	2.92981e-09	1.09791e-08	3.90036e-08	1.31258e-07	4.18157e-07	1.26038e-06	3.59279e-06	9.68338e-06	
1.40532e-13	2.51493e-14	4.30082e-15	7.04517e-16	1.17964e-16	6.95044e-17	3.46015e-16	2.13477e-15	1.26853e-14	7.20709e-14	3.91078e-13	2.0249e-12	9.99451e-12	4.69806e-11	2.10111e-10	8.93154e-10	3.60521e-09	1.38053e-08	5.01046e-08	1.72205e-07	5.60023e-07	1.72208e-06	5.00425e-06	1.37367e-05	3.56112e-05	
7.89185e-13	1.44776e-13	2.53625e-14	4.25369e-15	7.30014e-16	4.33854e-16	2.10499e-15	1.26853e-14	7.36105e-14	4.08131e-13	2.15971e-12	1.08968e-11	5.23692e-11	2.3949e-10	1.04109e-09	4.29763e-09	1.68295e-08	6.24571e-08	2.19453e-07	7.29386e-07	2.29124e-06	6.79774e-06	1.90365e-05	5.02994e-05	0.000125373	
4.23004e-12	7.96056e-13	1.42956e-13	2.45635e-14	4.32376e-15	2.59265e-15	1.22516e-14	7.20709e-14	4.08131e-13	2.20676e-12	1.13792e-11	5.59023e-11	2.61365e-10	1.16173e-09	4.9038e-09	1.96365e-08	7.45131e-08	2.67659e-07	9.0923e-07	2.91805e-06	8.84022e-06	2.52615e-05	6.80489e-05	0.000172734	0.000413101	
2.16146e-11	4.17609e-12	7.69326e-13	1.35523e-13	2.44856e-14	1.48182e-14	6.81531e-14	3.91078e-13	2.15971e-12	1.13792e-11	5.7132e-11	2.73038e-10	1.24069e-09	5.35445e-09	2.19221e-08	8.50495e-08	3.12312e-07	1.0843e-06	3.55542e-06	1.09995e-05	3.20771e-05	8.81088e-05	0.000227813	0.000554247	0.00126864	
1.05179e-10	2.08803e-11	3.94906e-12	7.13724e-13	1.32463e-13	8.09314e-14	3.62022e-13	2.0249e-12	1.08968e-11	5.59023e-11	2.73038e-10	1.26818e-09	5.59498e-09	2.34185e-08	9.28836e-08	3.48667e-07	1.23722e-06	4.14511e-06	1.30971e-05	3.89852e-05	0.000109215	0.000287717	0.000712313	0.00165664	0.00361912	
4.86875e-10	9.94023e-11	1.93164e-11	3.58454e-12	6.83946e-13	4.22014e-13	1.8346e-12	9.99451e-12	5.23692e-11	2.61365e-10	1.24069e-09	5.59498e-09	2.39395e-08	9.70654e-08	3.72466e-07	1.35088e-06	4.6248e-06	1.49265e-05	4.53602e-05	0.00012964	0.000348093	0.000877318	0.00207411	0.00459779	0.00955649	
2.14162e-09	4.5009e-10	8.99452e-11	1.71517e-11	3.36744e-12	2.09911e-12	8.86148e-12	4.69806e-11	2.3949e-10	1.16173e-09	5.35445e-09	2.34185e-08	9.70654e-08	3.80753e-07	1.41154e-06	4.93866e-06	1.62847e-05	5.0536e-05	0.000147398	0.000403554	0.00103594	0.00249098	0.00560663	0.0118075	0.0232678	
8.94175e-09	1.93636e-09	3.983e-10	7.81155e-11	1.57955e-11	9.95069e-12	4.07587e-11	2.10111e-10	1.04109e-09	4.9038e-09	2.19221e-08	9.28836e-08	3.72466e-07	1.41154e-06	5.0479e-06	1.7009e-05	5.39179e-05	0.000160552	0.000448422	0.00117312	0.00287101	0.00656611	0.0140227	0.0279538	0.0520223	
3.53977e-08	7.90685e-09	1.67567e-09	3.38303e-10	7.05215e-11	4.49147e-11	1.78353e-10	8.93154e-10	4.29763e-09	1.96365e-08	8.50495e-08	3.48667e-07	1.35088e-06	4.93866e-06	1.7009e-05	5.50943e-05	0.000167558	0.00047767	0.00127434	0.00317666	0.00738883	0.0160177	0.0323364	0.0607714	0.106351	
1.32716e-07	3.06122e-08	6.69082e-09	1.39188e-09	2.99417e-10	1.92865e-10	7.41797e-10	3.60521e-09	1.68295e-08	7.45131e-08	3.12312e-07	1.23722e-06	4.6248e-06	1.62847e-05	5.39179e-05	0.000167558	0.000487831	0.00132813	0.00337511	0.00799215	0.0176074	0.0360438	0.068502	0.120838	0.197958	
4.70756e-07	1.12258e-07	2.53315e-08	5.43523e-09	1.20785e-09	7.87167e-10	2.92981e-09	1.38053e-08	6.24571e-08	2.67659e-07	1.0843e-06	4.14511e-06	1.49265e-05	5.0536e-05	0.000160552	0.00047767	0.00132813	0.00344392	0.0083115	0.0186329	0.0387355	0.0745708	0.132832	0.218928	0.334218	
1.57814e-06	3.89534e-07	9.08503e-08	2.01265e-08	4.62553e-09	3.05114e-09	1.09791e-08	5.01046e-08	2.19453e-07	9.0923e-07	3.55542e-06	1.30971e-05	4.53602e-05	0.000147398	0.000448422	0.00127434	0.00337511	0.0083115	0.0189874	0.0401517	0.0784465	0.141403	0.235001	0.360263	0.510509	
4.99518e-06	1.27784e-06	3.08384e-07	7.06134e-08	1.68025e-08	1.12224e-08	3.90036e-08	1.72205e-07	7.29386e-07	2.91805e-06	1.09995e-05	3.89852e-05	0.00012964	0.000403554	0.00117312	0.00317666	0.00799215	0.0186329	0.0401517	0.0797791	0.145868	0.245097	0.378392	0.537569	0.705534	
1.49151e-05	3.95954e-06	9.89934e-07	2.3455e-07	5.78527e-08	3.91397e-08	1.31258e-07	5.60023e-07	2.29124e-06	8.84022e-06	3.20771e-05	0.000109215	0.000348093	0.00103594	0.00287101	0.00738883	0.0176074	0.0387355	0.0784465	0.145868	0.24854	0.387684	0.554095	0.72822	0.886379	
4.19803e-05	1.15808e-05	3.00306e-06	7.37091e-07	1.88682e-07	1.29349e-07	4.18157e-07	1.72208e-06	6.79774e-06	2.52615e-05	8.81088e-05	0.000287717	0.000877318	0.00249098	0.00656611	0.0160177	0.0360438	0.0745708	0.141403	0.245097	0.387684	0.559648	0.739521	0.900928	1.02407	
0.000111313	3.19521e-05	8.60436e-06	2.19028e-06	5.82574e-07	4.04831e-07	1.26038e-06	5.00425e-06	1.90365e-05	6.80489e-05	0.000227813	0.000712313	0.00207411	0.00560663	0.0140227	0.0323364	0.068502	0.132832	0.235001	0.378392	0.554095	0.739521	0.905692	1.03061	1.10835	
0.00027795	8.31304e-05	2.32751e-05	6.15165e-06	1.70219e-06	1.19939e-06	3.59279e-06	1.37367e-05	5.02994e-05	0.000172734	0.000554247	0.00165664	0.00459779	0.0118075	0.0279538	0.0607714	0.120838	0.218928	0.360263	0.537569	0.72822	0.900928	1.03061	1.11004	1.14619	
0.000653498	0.000203913	5.94288e-05	1.63268e-05	4.70532e-06	3.36272e-06	9.68338e-06	3.56112e-05	0.000125373	0.000413101	0.00126864	0.00361912	0.00955649	0.0232678	0.0520223	0.106351	0.197958	0.334218	0.510509	0.705534	0.886379	1.02407	1.10835	1.14619	1.14402	
