0.478543	0.379944	0.22711	0.0450917	-0.130452	-0.274779	-0.383729	-0.451952	-0.472449	-0.449367	-0.406121	-0.347617	-0.290894	-0.252185	-0.23203	-0.20715	-0.155198	-0.0827649	0.00270474	0.0944312	0.192453	0.295482	0.393246	0.472815	0.538784	
0.379944	0.302887	0.17272	0.0117905	-0.142234	-0.264855	-0.356762	-0.414545	-0.4379	-0.423951	-0.391687	-0.345623	-0.295678	-0.255495	-0.231261	-0.206475	-0.157501	-0.0909748	-0.00421116	0.100317	0.212933	0.329424	0.44629	0.551855	0.642051	
0.22711	0.17272	0.069095	-0.0556524	-0.166688	-0.249018	-0.309028	-0.344278	-0.355192	-0.345217	-0.324087	-0.296005	-0.263565	-0.227377	-0.198046	-0.167378	-0.126078	-0.073674	0.00166807	0.106414	0.230956	0.369298	0.50795	0.630246	0.734797	
0.0450917	0.0117905	-0.0556524	-0.129137	-0.180546	-0.21404	-0.231127	-0.227977	-0.215722	-0.203567	-0.190644	-0.182916	-0.169067	-0.143524	-0.120083	-0.0996126	-0.0777547	-0.0489996	0.00959859	0.115906	0.248506	0.395815	0.544573	0.682749	0.800428	
-0.130452	-0.142234	-0.166688	-0.180546	-0.172199	-0.151936	-0.11412	-0.0680622	-0.0326702	-0.0142076	-0.00476448	-0.00665052	-0.00290493	0.00373998	0.00147061	-0.00934504	-0.020658	-0.0174131	0.0255549	0.124358	0.256509	0.403748	0.546939	0.681313	0.804663	
-0.274779	-0.264855	-0.249018	-0.21404	-0.151936	-0.0698351	0.0269855	0.113401	0.175399	0.205041	0.215547	0.208507	0.199564	0.17868	0.13975	0.0937875	0.0483189	0.0271406	0.0465818	0.121753	0.235106	0.366248	0.498287	0.623809	0.743429	
-0.383729	-0.356762	-0.309028	-0.231127	-0.11412	0.0269855	0.175065	0.30076	0.387539	0.433501	0.445525	0.43286	0.403646	0.350394	0.279789	0.198444	0.122186	0.0756502	0.068898	0.10744	0.184648	0.287256	0.397292	0.511815	0.628247	
-0.451952	-0.414545	-0.344278	-0.227977	-0.0680622	0.113401	0.30076	0.45944	0.573629	0.642662	0.665563	0.64981	0.604772	0.525713	0.420316	0.302863	0.196407	0.125534	0.0865661	0.0834874	0.118726	0.182752	0.266358	0.368667	0.487957	
-0.472449	-0.4379	-0.355192	-0.215722	-0.0326702	0.175399	0.387539	0.573629	0.714543	0.812964	0.854111	0.843958	0.789206	0.690513	0.555573	0.408494	0.276023	0.176752	0.103805	0.0600638	0.0496945	0.0779063	0.147219	0.240351	0.353327	
-0.449367	-0.423951	-0.345217	-0.203567	-0.0142076	0.205041	0.433501	0.642662	0.812964	0.937854	0.998107	0.99305	0.930815	0.818043	0.667283	0.502987	0.34574	0.21101	0.103801	0.0284518	-0.0152512	-0.0072948	0.0477857	0.130569	0.237705	
-0.406121	-0.391687	-0.324087	-0.190644	-0.00476448	0.215547	0.445525	0.665563	0.854111	0.998107	1.07659	1.08153	1.02248	0.909401	0.756712	0.583756	0.407236	0.249229	0.116953	0.0135801	-0.0558499	-0.0694553	-0.0326878	0.0426501	0.153623	
-0.347617	-0.345623	-0.296005	-0.182916	-0.00665052	0.208507	0.43286	0.64981	0.843958	0.99305	1.08153	1.09805	1.05508	0.965129	0.831879	0.664806	0.481222	0.309056	0.152039	0.0203589	-0.0705198	-0.104695	-0.0859183	-0.0182411	0.0916213	
-0.290894	-0.295678	-0.263565	-0.169067	-0.00290493	0.199564	0.403646	0.604772	0.789206	0.930815	1.02248	1.05508	1.04186	0.982725	0.874854	0.728087	0.556865	0.374442	0.199062	0.0486891	-0.0648436	-0.121353	-0.118779	-0.0574388	0.0473889	
-0.252185	-0.255495	-0.227377	-0.143524	0.00373998	0.17868	0.350394	0.525713	0.690513	0.818043	0.909401	0.965129	0.982725	0.957281	0.885531	0.768266	0.614985	0.438978	0.259379	0.0931983	-0.0390413	-0.114339	-0.123738	-0.0744363	0.0330293	
-0.23203	-0.231261	-0.198046	-0.120083	0.00147061	0.13975	0.279789	0.420316	0.555573	0.667283	0.756712	0.831879	0.874854	0.885531	0.85538	0.768921	0.638242	0.480512	0.310488	0.138657	-0.00297619	-0.0881633	-0.103077	-0.0588398	0.0467312	
-0.20715	-0.206475	-0.167378	-0.0996126	-0.00934504	0.0937875	0.198444	0.302863	0.408494	0.502987	0.583756	0.664806	0.728087	0.768266	0.768921	0.713562	0.61416	0.488507	0.335368	0.17148	0.0373178	-0.0475436	-0.0670077	-0.0269511	0.0766924	
-0.155198	-0.157501	-0.126078	-0.0777547	-0.020658	0.0483189	0.122186	0.196407	0.276023	0.34574	0.407236	0.481222	0.556865	0.614985	0.638242	0.61416	0.555293	0.462478	0.338159	0.197611	0.074535	-0.00657855	-0.0315063	0.00579901	0.101239	
-0.0827649	-0.0909748	-0.073674	-0.0489996	-0.0174131	0.0271406	0.0756502	0.125534	0.176752	0.21101	0.249229	0.309056	0.374442	0.438978	0.480512	0.488507	0.462478	0.399164	0.308347	0.200427	0.0925378	0.0159966	-0.00675133	0.0193371	0.103915	
0.00270474	-0.00421116	0.00166807	0.00959859	0.0255549	0.0465818	0.068898	0.0865661	0.103805	0.103801	0.116953	0.152039	0.199062	0.259379	0.310488	0.335368	0.338159	0.308347	0.250809	0.173776	0.0853868	0.0181875	-0.00846611	0.00636189	0.0813042	
0.0944312	0.100317	0.106414	0.115906	0.124358	0.121753	0.10744	0.0834874	0.0600638	0.0284518	0.0135801	0.0203589	0.0486891	0.0931983	0.138657	0.17148	0.197611	0.200427	0.173776	0.121849	0.0566511	-0.0020547	-0.0359112	-0.0253324	0.0439918	
0.192453	0.212933	0.230956	0.248506	0.256509	0.235106	0.184648	0.118726	0.0496945	-0.0152512	-0.0558499	-0.0705198	-0.0648436	-0.0390413	-0.00297619	0.0373178	0.074535	0.0925378	0.0853868	0.0566511	0.0157723	-0.0380872	-0.0737269	-0.062678	0.00346224	
0.295482	0.329424	0.369298	0.395815	0.403748	0.366248	0.287256	0.182752	0.0779063	-0.0072948	-0.0694553	-0.104695	-0.121353	-0.114339	-0.0881633	-0.0475436	-0.00657855	0.0159966	0.0181875	-0.0020547	-0.0380872	-0.0815814	-0.105225	-0.0866363	-0.0148272	
0.393246	0.44629	0.50795	0.544573	0.546939	0.498287	0.397292	0.266358	0.147219	0.0477857	-0.0326878	-0.0859183	-0.118779	-0.123738	-0.103077	-0.0670077	-0.0315063	-0.00675133	-0.00846611	-0.0359112	-0.0737269	-0.105225	-0.109089	-0.0719661	0.0199759	
0.472815	0.551855	0.630246	0.682749	0.681313	0.623809	0.511815	0.368667	0.240351	0.130569	0.0426501	-0.0182411	-0.0574388	-0.0744363	-0.0588398	-0.0269511	0.00579901	0.0193371	0.00636189	-0.0253324	-0.062678	-0.0866363	-0.0719661	-0.00861944	0.107097	
0.538784	0.642051	0.734797	0.800428	0.804663	0.743429	0.628247	0.487957	0.353327	0.237705	0.153623	0.0916213	0.0473889	0.0330293	0.0467312	0.0766924	0.101239	0.103915	0.0813042	0.0439918	0.00346224	-0.0148272	0.0199759	0.107097	0.24697	
0.602091	0.714855	0.818937	0.891488	0.903821	0.84675	0.741258	0.611886	0.478111	0.368923	0.290222	0.230808	0.198075	0.193572	0.212599	0.234932	0.247678	0.24039	0.210199	0.163361	0.114155	0.105167	0.153709	0.270844	0.443987	
0.66039	0.78132	0.888512	0.960773	0.97287	0.922549	0.833482	0.72345	0.602219	0.50618	0.440671	0.397727	0.380951	0.382782	0.401746	0.42218	0.421596	0.39844	0.354808	0.299137	0.256516	0.256733	0.315425	0.458769	0.67318	
0.707353	0.847724	0.952256	1.01737	1.02206	0.973905	0.900004	0.810325	0.706923	0.633175	0.590112	0.565836	0.56039	0.568137	0.580057	0.595409	0.584208	0.546247	0.496958	0.440548	0.405836	0.409023	0.482524	0.647233	0.895377	
0.742549	0.900542	1.00842	1.06311	1.05732	1.00986	0.943757	0.866638	0.78471	0.735763	0.712941	0.702805	0.70647	0.71739	0.724239	0.7284	0.707183	0.665757	0.620165	0.570897	0.536839	0.540207	0.622104	0.799725	1.06808	
0.762803	0.92806	1.04676	1.09439	1.07929	1.03455	0.968771	0.895652	0.830949	0.793899	0.783629	0.79011	0.800543	0.803516	0.809742	0.806814	0.783337	0.7457	0.697849	0.657374	0.628992	0.634333	0.705062	0.885156	1.16034	
0.767189	0.932525	1.05438	1.10079	1.0829	1.03931	0.974143	0.900726	0.838356	0.803899	0.795926	0.805606	0.819419	0.817463	0.823834	0.818625	0.797284	0.759135	0.709619	0.672455	0.645584	0.651674	0.717661	0.897773	1.17446	
0.752051	0.915063	1.02669	1.07781	1.06796	1.02214	0.95529	0.881539	0.807796	0.764347	0.74853	0.74576	0.750384	0.760287	0.767094	0.767502	0.74452	0.704282	0.658663	0.612583	0.580402	0.584829	0.66448	0.843065	1.11439	
0.723412	0.871159	0.97595	1.03707	1.03743	0.989845	0.919735	0.835772	0.740999	0.678497	0.64388	0.624946	0.62451	0.634516	0.643245	0.653881	0.638365	0.5977	0.549789	0.496351	0.461208	0.463871	0.54286	0.714781	0.973907	
0.680623	0.808251	0.914188	0.984534	0.994704	0.945949	0.863673	0.761968	0.647336	0.559197	0.501879	0.466889	0.455062	0.458679	0.475349	0.49534	0.489862	0.460132	0.412169	0.354615	0.317078	0.320005	0.383782	0.535522	0.764792	
0.626413	0.74192	0.847527	0.921106	0.934976	0.880192	0.781732	0.658781	0.52856	0.42382	0.349521	0.295346	0.268871	0.267362	0.288053	0.308584	0.316061	0.30295	0.268212	0.216573	0.168442	0.163982	0.21579	0.344438	0.533653	
0.564736	0.672997	0.770825	0.840237	0.847954	0.787074	0.674467	0.537534	0.402266	0.288337	0.205835	0.143168	0.102709	0.0919768	0.107739	0.134145	0.154917	0.153496	0.128672	0.0883446	0.0427932	0.0274908	0.0692653	0.168188	0.319818	
0.500467	0.58997	0.673867	0.732923	0.732436	0.673281	0.558171	0.415369	0.283926	0.170582	0.0831772	0.0218302	-0.0211662	-0.0385345	-0.0248882	0.00683057	0.0370929	0.0460521	0.0280278	-0.00545202	-0.0425774	-0.0642083	-0.0409618	0.0310433	0.155651	
0.427866	0.490453	0.558945	0.601731	0.601041	0.548246	0.442642	0.304739	0.181314	0.078233	-0.00661509	-0.065156	-0.100496	-0.111078	-0.0919706	-0.0584753	-0.0240683	-0.00239471	-0.00867618	-0.0378661	-0.0758928	-0.103755	-0.100756	-0.0532298	0.0494527	
0.335287	0.376804	0.425899	0.456218	0.462809	0.420344	0.330509	0.214072	0.10195	0.0098114	-0.0600871	-0.102804	-0.128082	-0.125643	-0.101819	-0.0628159	-0.0242141	0.0007382	0.00434024	-0.019249	-0.0568069	-0.0949374	-0.109943	-0.085601	-0.00807368	
0.234045	0.259181	0.285315	0.306108	0.314678	0.286227	0.224242	0.141279	0.0559917	-0.0183616	-0.0684967	-0.0919965	-0.0943302	-0.0764889	-0.0449857	-0.00419458	0.0359217	0.0555628	0.0531406	0.0311007	-0.00540367	-0.0558826	-0.0891192	-0.076363	-0.00878523	
0.132124	0.144784	0.154277	0.16678	0.174239	0.164276	0.133543	0.0928675	0.051076	0.00636353	-0.0193318	-0.0217335	-0.00246369	0.0341964	0.0770271	0.113076	0.145169	0.156532	0.139745	0.0964785	0.0419115	-0.0145526	-0.0499958	-0.0394912	0.0269151	
0.0397143	0.0364427	0.0400799	0.0472009	0.0589515	0.0697341	0.0796796	0.0810983	0.0825786	0.070218	0.0721941	0.0949659	0.135308	0.190892	0.24097	0.268418	0.281244	0.266029	0.221744	0.155265	0.0753956	0.0120444	-0.0179084	-0.00498985	0.0680997	
-0.0495466	-0.0591171	-0.0471659	-0.0308076	-0.00591636	0.0288394	0.0676728	0.10604	0.144955	0.164447	0.192721	0.24418	0.302305	0.36625	0.41342	0.430535	0.416507	0.366166	0.287902	0.193354	0.0927249	0.0198172	-0.00259144	0.0173322	0.0965994	
-0.127753	-0.132532	-0.106916	-0.0680881	-0.0224341	0.0361113	0.0988642	0.163221	0.232312	0.288578	0.340729	0.410906	0.48417	0.546592	0.577663	0.5672	0.522318	0.441544	0.330356	0.202281	0.0852834	0.00481152	-0.0197833	0.013848	0.105702	
-0.19035	-0.189939	-0.152116	-0.0912102	-0.0142234	0.0743433	0.166438	0.257451	0.35202	0.438418	0.512677	0.591327	0.661971	0.710293	0.720701	0.677743	0.594783	0.482514	0.339651	0.183226	0.0530088	-0.0300738	-0.0522027	-0.0125748	0.0884958	
-0.224253	-0.223072	-0.18669	-0.112059	-0.00251214	0.121837	0.247611	0.374353	0.496696	0.601787	0.689249	0.768218	0.820093	0.843494	0.826975	0.753581	0.633981	0.487564	0.323395	0.152689	0.0128478	-0.0731653	-0.0895907	-0.0470579	0.0574711	
-0.242092	-0.244454	-0.215077	-0.133707	0.00426321	0.164247	0.32385	0.485439	0.639266	0.761148	0.852091	0.916858	0.945016	0.934307	0.879718	0.774751	0.629298	0.459898	0.282332	0.112442	-0.0247402	-0.105265	-0.118858	-0.0724363	0.036331	
-0.273003	-0.277829	-0.249222	-0.159916	-3.18871e-05	0.194783	0.385682	0.577121	0.755049	0.891443	0.982719	1.02472	1.02433	0.977414	0.883266	0.747674	0.583007	0.400703	0.223272	0.0653662	-0.0570341	-0.121664	-0.123807	-0.0667538	0.03736	
-0.323107	-0.325237	-0.283363	-0.179104	-0.00640868	0.204555	0.423436	0.635419	0.827608	0.974568	1.06532	1.08673	1.05442	0.977493	0.853092	0.692564	0.512252	0.33486	0.168374	0.0288922	-0.0705747	-0.113588	-0.101835	-0.0370431	0.0710135	
-0.384554	-0.375267	-0.313106	-0.187332	-0.00426052	0.214362	0.442494	0.662827	0.855524	1.00335	1.08674	1.09651	1.04253	0.936383	0.789362	0.616579	0.435472	0.271829	0.129534	0.0147556	-0.0641262	-0.086646	-0.0569859	0.0158936	0.126812	
