1.489	1.41526	1.26632	1.04904	0.802011	0.559613	0.346785	0.174935	0.0485339	-0.0361746	-0.0917857	-0.127276	-0.133384	-0.0978934	-0.0270154	0.0636104	0.16224	0.259154	0.344744	0.413497	0.46347	0.497713	0.510125	0.499387	0.479876	
1.41526	1.37433	1.25727	1.08054	0.862033	0.635671	0.432086	0.25656	0.115493	0.00668827	-0.0701473	-0.115982	-0.135101	-0.11973	-0.0662278	0.00904868	0.100374	0.205329	0.30497	0.387335	0.454453	0.503942	0.525382	0.520293	0.508629	
1.26632	1.25727	1.18055	1.05434	0.876472	0.680346	0.494499	0.322092	0.171421	0.0479937	-0.0396035	-0.0928704	-0.123001	-0.121156	-0.0845273	-0.0224978	0.0584178	0.157639	0.2554	0.341239	0.419502	0.479327	0.511044	0.51179	0.507311	
1.04904	1.08054	1.05434	0.979598	0.854609	0.700152	0.537232	0.372187	0.221498	0.0957919	-0.00383328	-0.0744643	-0.118236	-0.127471	-0.105478	-0.050165	0.0267322	0.119463	0.208693	0.29092	0.369053	0.434709	0.475134	0.487722	0.487599	
0.802011	0.862033	0.876472	0.854609	0.791122	0.688765	0.56061	0.412232	0.268532	0.141348	0.023278	-0.0667907	-0.118871	-0.140772	-0.131507	-0.0814452	-0.00741531	0.0757885	0.155833	0.226448	0.29838	0.367785	0.423746	0.45657	0.47008	
0.559613	0.635671	0.680346	0.700152	0.688765	0.639729	0.550994	0.431068	0.298926	0.16742	0.0398147	-0.0582514	-0.121362	-0.154413	-0.156425	-0.118429	-0.05608	0.0139267	0.0820273	0.145852	0.210787	0.286578	0.362959	0.418864	0.45375	
0.346785	0.432086	0.494499	0.537232	0.56061	0.550994	0.508672	0.423091	0.306365	0.181486	0.0551208	-0.0504847	-0.124186	-0.170293	-0.180122	-0.155024	-0.11307	-0.0591354	0.00104005	0.0582778	0.123788	0.212841	0.306644	0.386575	0.447237	
0.174935	0.25656	0.322092	0.372187	0.412232	0.431068	0.423091	0.374241	0.286798	0.179476	0.0631658	-0.0459212	-0.13587	-0.199328	-0.218533	-0.209305	-0.181393	-0.136174	-0.0822697	-0.0253473	0.0473616	0.148962	0.259917	0.362106	0.449032	
0.0485339	0.115493	0.171421	0.221498	0.268532	0.298926	0.306365	0.286798	0.230304	0.144754	0.0462521	-0.0572237	-0.155922	-0.23421	-0.266014	-0.267587	-0.24542	-0.20114	-0.14862	-0.0889922	-0.0101196	0.0943625	0.216791	0.34124	0.451528	
-0.0361746	0.00668827	0.0479937	0.0957919	0.141348	0.16742	0.181486	0.179476	0.144754	0.0758841	-0.00726206	-0.0967117	-0.187953	-0.262624	-0.29998	-0.304328	-0.28315	-0.24062	-0.187034	-0.12422	-0.0464861	0.054625	0.17985	0.321516	0.449594	
-0.0917857	-0.0701473	-0.0396035	-0.00383328	0.023278	0.0398147	0.0551208	0.0631658	0.0462521	-0.00726206	-0.0771622	-0.148609	-0.220355	-0.283736	-0.316268	-0.321816	-0.303886	-0.266397	-0.215155	-0.151059	-0.0716921	0.0263319	0.153472	0.299414	0.438589	
-0.127276	-0.115982	-0.0928704	-0.0744643	-0.0667907	-0.0582514	-0.0504847	-0.0459212	-0.0572237	-0.0967117	-0.148609	-0.196659	-0.251908	-0.299897	-0.328069	-0.333902	-0.325962	-0.298466	-0.252558	-0.190728	-0.107599	-0.00289113	0.125012	0.27171	0.420016	
-0.133384	-0.135101	-0.123001	-0.118236	-0.118871	-0.121362	-0.124186	-0.13587	-0.155922	-0.187953	-0.220355	-0.251908	-0.295177	-0.330387	-0.354862	-0.366124	-0.365663	-0.343346	-0.297709	-0.237845	-0.154425	-0.044908	0.083232	0.232233	0.393279	
-0.0978934	-0.11973	-0.121156	-0.127471	-0.140772	-0.154413	-0.170293	-0.199328	-0.23421	-0.262624	-0.283736	-0.299897	-0.330387	-0.360064	-0.390636	-0.416287	-0.424381	-0.400006	-0.350041	-0.283997	-0.193764	-0.0813812	0.0474119	0.202554	0.369184	
-0.0270154	-0.0662278	-0.0845273	-0.105478	-0.131507	-0.156425	-0.180122	-0.218533	-0.266014	-0.29998	-0.316268	-0.328069	-0.354862	-0.390636	-0.438495	-0.473266	-0.482099	-0.461853	-0.406854	-0.324684	-0.220506	-0.0990648	0.0346912	0.18594	0.34638	
0.0636104	0.00904868	-0.0224978	-0.050165	-0.0814452	-0.118429	-0.155024	-0.209305	-0.267587	-0.304328	-0.321816	-0.333902	-0.366124	-0.416287	-0.473266	-0.506785	-0.517523	-0.506176	-0.453004	-0.357998	-0.238549	-0.103413	0.0346765	0.175107	0.314518	
0.16224	0.100374	0.0584178	0.0267322	-0.00741531	-0.05608	-0.11307	-0.181393	-0.24542	-0.28315	-0.303886	-0.325962	-0.365663	-0.424381	-0.482099	-0.517523	-0.532449	-0.527911	-0.479652	-0.382947	-0.256377	-0.111495	0.0293322	0.152241	0.273121	
0.259154	0.205329	0.157639	0.119463	0.0757885	0.0139267	-0.0591354	-0.136174	-0.20114	-0.24062	-0.266397	-0.298466	-0.343346	-0.400006	-0.461853	-0.506176	-0.527911	-0.52764	-0.486826	-0.397854	-0.271603	-0.126641	0.00656932	0.113647	0.218988	
0.344744	0.30497	0.2554	0.208693	0.155833	0.0820273	0.00104005	-0.0822697	-0.14862	-0.187034	-0.215155	-0.252558	-0.297709	-0.350041	-0.406854	-0.453004	-0.479652	-0.486826	-0.461202	-0.386508	-0.273726	-0.145971	-0.0328875	0.0567491	0.14002	
0.413497	0.387335	0.341239	0.29092	0.226448	0.145852	0.0582778	-0.0253473	-0.0889922	-0.12422	-0.151059	-0.190728	-0.237845	-0.283997	-0.324684	-0.357998	-0.382947	-0.397854	-0.386508	-0.336202	-0.254348	-0.161859	-0.0783322	-0.0200251	0.0282488	
0.46347	0.454453	0.419502	0.369053	0.29838	0.210787	0.123788	0.0473616	-0.0101196	-0.0464861	-0.0716921	-0.107599	-0.154425	-0.193764	-0.220506	-0.238549	-0.256377	-0.271603	-0.273726	-0.254348	-0.214065	-0.161587	-0.118913	-0.104077	-0.100138	
0.497713	0.503942	0.479327	0.434709	0.367785	0.286578	0.212841	0.148962	0.0943625	0.054625	0.0263319	-0.00289113	-0.044908	-0.0813812	-0.0990648	-0.103413	-0.111495	-0.126641	-0.145971	-0.161859	-0.161587	-0.154186	-0.165381	-0.197378	-0.230695	
0.510125	0.525382	0.511044	0.475134	0.423746	0.362959	0.306644	0.259917	0.216791	0.17985	0.153472	0.125012	0.083232	0.0474119	0.0346912	0.0346765	0.0293322	0.00656932	-0.0328875	-0.0783322	-0.118913	-0.165381	-0.232247	-0.306769	-0.368755	
0.499387	0.520293	0.51179	0.487722	0.45657	0.418864	0.386575	0.362106	0.34124	0.321516	0.299414	0.27171	0.232233	0.202554	0.18594	0.175107	0.152241	0.113647	0.0567491	-0.0200251	-0.104077	-0.197378	-0.306769	-0.408306	-0.503686	
0.479876	0.508629	0.507311	0.487599	0.47008	0.45375	0.447237	0.449032	0.451528	0.449594	0.438589	0.420016	0.393279	0.369184	0.34638	0.314518	0.273121	0.218988	0.14002	0.0282488	-0.100138	-0.230695	-0.368755	-0.503686	-0.636434	
0.465746	0.500203	0.502025	0.485175	0.472367	0.473148	0.490021	0.512752	0.530536	0.543944	0.554324	0.558064	0.548174	0.529414	0.501169	0.461983	0.408824	0.333281	0.224302	0.0769673	-0.0842989	-0.24527	-0.415603	-0.588358	-0.756721	
0.458214	0.499899	0.507977	0.494684	0.485898	0.493516	0.525286	0.561616	0.589594	0.616637	0.648606	0.67475	0.678332	0.666682	0.643179	0.608632	0.546337	0.443547	0.302426	0.131214	-0.0562579	-0.250784	-0.458003	-0.662632	-0.859149	
0.440503	0.497164	0.521533	0.521393	0.513737	0.522107	0.558869	0.604328	0.642247	0.679876	0.723005	0.760319	0.779217	0.780584	0.767568	0.733442	0.658678	0.530047	0.364773	0.173767	-0.0408578	-0.271674	-0.505097	-0.731831	-0.946999	
0.412143	0.483876	0.525279	0.541027	0.543007	0.553847	0.591956	0.643319	0.691289	0.73405	0.777481	0.817124	0.848206	0.866184	0.857306	0.817253	0.729515	0.58472	0.397746	0.182271	-0.05918	-0.312091	-0.560023	-0.799381	-1.02915	
0.387995	0.467811	0.518399	0.548724	0.561284	0.576095	0.614071	0.667785	0.722874	0.772235	0.814702	0.853156	0.889088	0.913907	0.902203	0.854824	0.761621	0.608086	0.404393	0.167148	-0.0896663	-0.348559	-0.601379	-0.85296	-1.08989	
0.383051	0.46329	0.517021	0.549385	0.564693	0.580852	0.618144	0.671745	0.728216	0.778853	0.821737	0.859418	0.896853	0.920229	0.909332	0.859805	0.765907	0.611527	0.403212	0.162274	-0.0967663	-0.356597	-0.609235	-0.864118	-1.10198	
0.40086	0.476865	0.52233	0.545547	0.552066	0.564359	0.602621	0.655435	0.706388	0.75194	0.794622	0.834434	0.867901	0.890121	0.880019	0.837666	0.746989	0.597187	0.40267	0.177175	-0.0721155	-0.328672	-0.579706	-0.823658	-1.0572	
0.429701	0.49341	0.525821	0.530932	0.526466	0.534968	0.572168	0.621216	0.663261	0.703084	0.746409	0.78623	0.810727	0.819078	0.808803	0.772207	0.691776	0.556081	0.38135	0.181822	-0.0443981	-0.286304	-0.526964	-0.759281	-0.981051	
0.452726	0.499341	0.512696	0.504287	0.494986	0.503583	0.53864	0.579316	0.61101	0.643429	0.680894	0.712313	0.722524	0.714946	0.69591	0.662312	0.595246	0.481577	0.330217	0.15091	-0.0468415	-0.25619	-0.475423	-0.690451	-0.89489	
0.462897	0.499848	0.503517	0.486683	0.476969	0.481531	0.504946	0.533196	0.555049	0.574214	0.594359	0.608553	0.60341	0.587447	0.560453	0.522334	0.465536	0.379664	0.256843	0.0990077	-0.0736547	-0.246995	-0.432551	-0.619288	-0.800459	
0.472788	0.504058	0.503878	0.485763	0.47014	0.461884	0.465822	0.477306	0.486611	0.491564	0.488057	0.477253	0.457101	0.434769	0.408833	0.372363	0.325227	0.263299	0.173671	0.046799	-0.0962811	-0.239256	-0.388777	-0.538645	-0.686366	
0.491988	0.515964	0.510934	0.488737	0.46439	0.435598	0.413583	0.399529	0.389068	0.375863	0.357013	0.331276	0.29676	0.268955	0.250237	0.230408	0.199448	0.154877	0.0897712	-0.000285033	-0.102606	-0.212317	-0.333841	-0.447302	-0.557605	
0.507944	0.525501	0.513308	0.482792	0.439645	0.387713	0.34062	0.301797	0.266835	0.235762	0.210683	0.182311	0.139984	0.10715	0.0927006	0.0907324	0.0809325	0.051753	0.00525779	-0.0521483	-0.109866	-0.176018	-0.262665	-0.349018	-0.422934	
0.505976	0.5159	0.496057	0.454547	0.39256	0.319051	0.251572	0.193732	0.141757	0.101528	0.0739824	0.0451982	0.00431942	-0.0329175	-0.0473418	-0.0481664	-0.05371	-0.0701273	-0.0978861	-0.126599	-0.141731	-0.155879	-0.190011	-0.2404	-0.285771	
0.479468	0.477309	0.446215	0.397946	0.327099	0.239344	0.156929	0.0849145	0.0291177	-0.00882161	-0.0347553	-0.0677215	-0.113267	-0.150478	-0.173381	-0.18577	-0.199369	-0.21462	-0.222061	-0.216779	-0.193715	-0.157741	-0.135098	-0.139323	-0.151344	
0.435373	0.41578	0.373717	0.322364	0.255122	0.171286	0.0820867	0.000763673	-0.0604389	-0.0954998	-0.12159	-0.160761	-0.208342	-0.251405	-0.285537	-0.312379	-0.335608	-0.351146	-0.345153	-0.306358	-0.240838	-0.164496	-0.095474	-0.0531348	-0.0229214	
0.374545	0.340116	0.290803	0.242298	0.184211	0.108287	0.0243895	-0.0605146	-0.126837	-0.162953	-0.19082	-0.229768	-0.275378	-0.325748	-0.377005	-0.418847	-0.44557	-0.456706	-0.437228	-0.371455	-0.268489	-0.153375	-0.0512736	0.0275401	0.0989265	
0.294893	0.247086	0.198271	0.155634	0.108972	0.0415293	-0.0350552	-0.114622	-0.180547	-0.220367	-0.246917	-0.281622	-0.327136	-0.382265	-0.443699	-0.491218	-0.514688	-0.516844	-0.482083	-0.397518	-0.274708	-0.134114	-0.00771674	0.0928766	0.191221	
0.201755	0.140937	0.0964121	0.0631339	0.0252319	-0.0289346	-0.093171	-0.164672	-0.229595	-0.267724	-0.291339	-0.317788	-0.360153	-0.418573	-0.478018	-0.516238	-0.534544	-0.531021	-0.484789	-0.390737	-0.263222	-0.116774	0.0224708	0.139289	0.253761	
0.102685	0.0441437	0.00787802	-0.0215145	-0.0527496	-0.0944922	-0.140434	-0.200682	-0.261813	-0.299155	-0.317443	-0.332761	-0.367741	-0.422695	-0.479335	-0.512907	-0.525269	-0.517157	-0.465787	-0.368471	-0.24522	-0.105709	0.0342474	0.167745	0.298614	
0.00774814	-0.0382564	-0.0627164	-0.0878636	-0.116267	-0.146079	-0.173163	-0.217348	-0.269296	-0.304533	-0.321192	-0.332409	-0.36115	-0.402385	-0.455655	-0.49037	-0.499194	-0.482845	-0.42805	-0.339214	-0.22892	-0.101248	0.034425	0.1817	0.335018	
-0.072925	-0.102473	-0.109728	-0.121613	-0.141068	-0.158746	-0.178791	-0.211876	-0.252632	-0.282575	-0.300906	-0.313895	-0.341136	-0.371806	-0.409207	-0.439634	-0.449478	-0.424822	-0.372929	-0.301297	-0.205627	-0.0908314	0.0393259	0.194883	0.359541	
-0.124319	-0.133706	-0.127052	-0.12654	-0.131168	-0.13879	-0.146574	-0.16551	-0.191424	-0.221064	-0.248061	-0.272976	-0.311115	-0.342638	-0.367672	-0.384567	-0.387203	-0.364769	-0.31774	-0.256268	-0.172353	-0.061352	0.0669684	0.218447	0.384127	
-0.134124	-0.126783	-0.10766	-0.0952801	-0.0917002	-0.08704	-0.0835111	-0.0843852	-0.097863	-0.133831	-0.1774	-0.217899	-0.268318	-0.310836	-0.337244	-0.343949	-0.339569	-0.315044	-0.270281	-0.209523	-0.12584	-0.0186945	0.109158	0.256695	0.409276	
-0.108683	-0.0919027	-0.0637861	-0.0355513	-0.0176343	-0.00433492	0.00920538	0.0177415	0.0052681	-0.041834	-0.105788	-0.167657	-0.231878	-0.289429	-0.320214	-0.325652	-0.311233	-0.27737	-0.228514	-0.164999	-0.0839891	0.0165481	0.143901	0.289663	0.432207	
