0.0620323	0.0519834	0.0523991	0.0743517	0.107279	0.143831	0.184369	0.224966	0.27026	0.310516	0.355673	0.400538	0.442208	0.486367	0.525978	0.565122	0.598412	0.632823	0.658119	0.685824	0.705662	0.725515	0.740922	0.754872	0.765113	
0.0519834	0.0164798	0.00748281	0.0220101	0.0405878	0.0606018	0.08581	0.114778	0.144576	0.177197	0.215668	0.250382	0.289286	0.326182	0.362051	0.395849	0.429167	0.459092	0.487282	0.514752	0.537072	0.560539	0.578622	0.596191	0.610695	
0.0523991	0.00748281	-0.00491691	-0.00224869	-0.00375146	0.00434691	0.0218974	0.0392909	0.0607815	0.0865571	0.112135	0.137233	0.165166	0.19081	0.217733	0.244783	0.271801	0.297141	0.324118	0.34687	0.370753	0.391116	0.410299	0.427019	0.441964	
0.0743517	0.0220101	-0.00224869	-0.0227206	-0.0343245	-0.0222475	-0.0119638	-0.00204014	0.0125589	0.0267233	0.0403765	0.0548362	0.0737869	0.0902395	0.111365	0.131651	0.151946	0.173045	0.192697	0.211405	0.229943	0.24577	0.261504	0.27478	0.286711	
0.107279	0.0405878	-0.00375146	-0.0343245	-0.0345598	-0.0270265	-0.0313848	-0.0270517	-0.0203148	-0.0130909	-0.00695562	0.00687035	0.0194394	0.0299119	0.0467774	0.0568954	0.0719066	0.0837321	0.0970763	0.108568	0.121758	0.131432	0.143973	0.151739	0.162252	
0.143831	0.0606018	0.00434691	-0.0222475	-0.0270265	-0.040226	-0.0477883	-0.040009	-0.0348841	-0.0317801	-0.0245862	-0.0134695	-0.0136845	-0.00378752	0.00215288	0.00672507	0.0165039	0.0227849	0.0312342	0.0397644	0.047843	0.0552898	0.0640547	0.0692045	0.0774584	
0.184369	0.08581	0.0218974	-0.0119638	-0.0313848	-0.0477883	-0.0441004	-0.0376446	-0.0409925	-0.039584	-0.0331915	-0.0349563	-0.0345697	-0.0245258	-0.0263366	-0.0180091	-0.012645	-0.00841391	-0.00243925	0.00417328	0.00616415	0.0149502	0.0152801	0.0227893	0.0236297	
0.224966	0.114778	0.0392909	-0.00204014	-0.0270517	-0.040009	-0.0376446	-0.0445352	-0.0485968	-0.0433696	-0.0423778	-0.0437052	-0.0357382	-0.0331636	-0.0344391	-0.0257911	-0.0277769	-0.0244655	-0.020736	-0.0207499	-0.0176343	-0.014294	-0.0154253	-0.00891645	-0.0118191	
0.27026	0.144576	0.0607815	0.0125589	-0.0203148	-0.0348841	-0.0409925	-0.0485968	-0.0450698	-0.0423826	-0.0427141	-0.0414825	-0.0370122	-0.0412582	-0.0383407	-0.0358319	-0.0395108	-0.0334633	-0.0345698	-0.0332988	-0.029085	-0.0303248	-0.0265157	-0.025295	-0.025113	
0.310516	0.177197	0.0865571	0.0267233	-0.0130909	-0.0317801	-0.039584	-0.0433696	-0.0423826	-0.0426133	-0.0445111	-0.0432351	-0.0419449	-0.0446773	-0.038632	-0.0411629	-0.0384186	-0.035742	-0.0368227	-0.0338971	-0.0326857	-0.0341545	-0.0295637	-0.0333386	-0.0289694	
0.355673	0.215668	0.112135	0.0403765	-0.00695562	-0.0245862	-0.0331915	-0.0423778	-0.0427141	-0.0445111	-0.0452204	-0.0420663	-0.0423812	-0.0408796	-0.0385515	-0.0399228	-0.0374372	-0.0380976	-0.0381434	-0.0370548	-0.0378003	-0.0376604	-0.0360896	-0.0384795	-0.0346265	
0.400538	0.250382	0.137233	0.0548362	0.00687035	-0.0134695	-0.0349563	-0.0437052	-0.0414825	-0.0432351	-0.0420663	-0.0407935	-0.0400903	-0.0412264	-0.0394497	-0.0410279	-0.0400804	-0.039736	-0.0400497	-0.0382187	-0.0388678	-0.0369944	-0.0371524	-0.0361825	-0.0356381	
0.442208	0.289286	0.165166	0.0737869	0.0194394	-0.0136845	-0.0345697	-0.0357382	-0.0370122	-0.0419449	-0.0423812	-0.0400903	-0.0433007	-0.042233	-0.0391164	-0.0421288	-0.0373611	-0.0386515	-0.0373041	-0.0362784	-0.0365354	-0.0362556	-0.035368	-0.0369619	-0.0348095	
0.486367	0.326182	0.19081	0.0902395	0.0299119	-0.00378752	-0.0245258	-0.0331636	-0.0412582	-0.0446773	-0.0408796	-0.0412264	-0.042233	-0.0367861	-0.0388598	-0.0385446	-0.0360119	-0.0390301	-0.0375885	-0.0372496	-0.0395086	-0.0363867	-0.0391032	-0.0369153	-0.0375148	
0.525978	0.362051	0.217733	0.111365	0.0467774	0.00215288	-0.0263366	-0.0344391	-0.0383407	-0.038632	-0.0385515	-0.0394497	-0.0391164	-0.0388598	-0.0407905	-0.0394796	-0.0388769	-0.0403073	-0.0368405	-0.0383394	-0.0368502	-0.0353565	-0.0370392	-0.0339289	-0.0362084	
0.565122	0.395849	0.244783	0.131651	0.0568954	0.00672507	-0.0180091	-0.0257911	-0.0358319	-0.0411629	-0.0399228	-0.0410279	-0.0421288	-0.0385446	-0.0394796	-0.0371325	-0.036554	-0.0364325	-0.0351715	-0.0361307	-0.0353154	-0.0356378	-0.0360856	-0.0352329	-0.036432	
0.598412	0.429167	0.271801	0.151946	0.0719066	0.0165039	-0.012645	-0.0277769	-0.0395108	-0.0384186	-0.0374372	-0.0400804	-0.0373611	-0.0360119	-0.0388769	-0.036554	-0.037495	-0.0385587	-0.0367474	-0.0380233	-0.0372202	-0.0362292	-0.0374279	-0.0349649	-0.0368909	
0.632823	0.459092	0.297141	0.173045	0.0837321	0.0227849	-0.00841391	-0.0244655	-0.0334633	-0.035742	-0.0380976	-0.039736	-0.0386515	-0.0390301	-0.0403073	-0.0364325	-0.0385587	-0.036519	-0.0349399	-0.0365784	-0.0337089	-0.0349743	-0.0344419	-0.0333673	-0.0349431	
0.658119	0.487282	0.324118	0.192697	0.0970763	0.0312342	-0.00243925	-0.020736	-0.0345698	-0.0368227	-0.0381434	-0.0400497	-0.0373041	-0.0375885	-0.0368405	-0.0351715	-0.0367474	-0.0349399	-0.0357911	-0.0361492	-0.0348913	-0.036493	-0.0352088	-0.0355543	-0.0360707	
0.685824	0.514752	0.34687	0.211405	0.108568	0.0397644	0.00417328	-0.0207499	-0.0332988	-0.0338971	-0.0370548	-0.0382187	-0.0362784	-0.0372496	-0.0383394	-0.0361307	-0.0380233	-0.0365784	-0.0361492	-0.0365043	-0.0348199	-0.0355215	-0.034202	-0.0343424	-0.0339048	
0.705662	0.537072	0.370753	0.229943	0.121758	0.047843	0.00616415	-0.0176343	-0.029085	-0.0326857	-0.0378003	-0.0388678	-0.0365354	-0.0395086	-0.0368502	-0.0353154	-0.0372202	-0.0337089	-0.0348913	-0.0348199	-0.032959	-0.0351086	-0.0332467	-0.0341264	-0.0344238	
0.725515	0.560539	0.391116	0.24577	0.131432	0.0552898	0.0149502	-0.014294	-0.0303248	-0.0341545	-0.0376604	-0.0369944	-0.0362556	-0.0363867	-0.0353565	-0.0356378	-0.0362292	-0.0349743	-0.036493	-0.0355215	-0.0351086	-0.0364032	-0.033706	-0.036164	-0.0334015	
0.740922	0.578622	0.410299	0.261504	0.143973	0.0640547	0.0152801	-0.0154253	-0.0265157	-0.0295637	-0.0360896	-0.0371524	-0.035368	-0.0391032	-0.0370392	-0.0360856	-0.0374279	-0.0344419	-0.0352088	-0.034202	-0.0332467	-0.033706	-0.0327148	-0.0329209	-0.0329603	
0.754872	0.596191	0.427019	0.27478	0.151739	0.0692045	0.0227893	-0.00891645	-0.025295	-0.0333386	-0.0384795	-0.0361825	-0.0369619	-0.0369153	-0.0339289	-0.0352329	-0.0349649	-0.0333673	-0.0355543	-0.0343424	-0.0341264	-0.036164	-0.0329209	-0.0364775	-0.0330085	
0.765113	0.610695	0.441964	0.286711	0.162252	0.0774584	0.0236297	-0.0118191	-0.025113	-0.0289694	-0.0346265	-0.0356381	-0.0348095	-0.0375148	-0.0362084	-0.036432	-0.0368909	-0.0349431	-0.0360707	-0.0339048	-0.0344238	-0.0334015	-0.0329603	-0.0330085	-0.0323243	
0.775495	0.622433	0.453563	0.296949	0.168148	0.0809679	0.028696	-0.00588614	-0.0213827	-0.0313852	-0.0381615	-0.0356147	-0.0371516	-0.0374564	-0.0341569	-0.0353186	-0.0345812	-0.0329922	-0.0345677	-0.0334459	-0.0332818	-0.0349094	-0.0323662	-0.0354246	-0.0324491	
0.780543	0.632691	0.464695	0.305112	0.17572	0.0869439	0.0296376	-0.00762607	-0.0231432	-0.0295777	-0.0343432	-0.0347583	-0.0350278	-0.0364604	-0.0348984	-0.0361359	-0.0359804	-0.0345083	-0.0363898	-0.0336848	-0.0350047	-0.0338118	-0.0332311	-0.0337351	-0.0324103	
0.788098	0.639531	0.470843	0.311451	0.179405	0.0895805	0.0329953	-0.00458636	-0.0198458	-0.0297187	-0.0367998	-0.0351127	-0.0367122	-0.0372465	-0.0349375	-0.0357503	-0.0347611	-0.0335768	-0.0343741	-0.0329744	-0.0332872	-0.0335906	-0.0322395	-0.0341518	-0.0318697	
0.78912	0.644989	0.477755	0.316064	0.183679	0.0921368	0.0329075	-0.0043169	-0.0208261	-0.0300662	-0.0350277	-0.0345383	-0.0356716	-0.036414	-0.0338546	-0.0356061	-0.0351003	-0.0336198	-0.0359688	-0.0334637	-0.0347399	-0.0342829	-0.0332331	-0.0343907	-0.0327293	
0.79334	0.647388	0.479001	0.318045	0.184811	0.0942039	0.035127	-0.00456507	-0.0201326	-0.0289798	-0.0351915	-0.0347012	-0.0359694	-0.0365755	-0.0355948	-0.0361735	-0.0352251	-0.0343907	-0.034863	-0.0328693	-0.033885	-0.0327606	-0.0324515	-0.0332676	-0.0315409	
0.791745	0.64809	0.480942	0.319035	0.185541	0.092961	0.0337907	-0.00262278	-0.0192166	-0.0303332	-0.0361525	-0.0347348	-0.0364244	-0.0368899	-0.0332597	-0.035215	-0.0344327	-0.0328472	-0.0352851	-0.033297	-0.034113	-0.0346471	-0.0329952	-0.0348847	-0.0329056	
0.791798	0.645994	0.477955	0.316738	0.184183	0.0942864	0.0343981	-0.00579256	-0.021275	-0.0288333	-0.0339981	-0.0345615	-0.0352101	-0.0361652	-0.036066	-0.0364128	-0.0358549	-0.0349524	-0.0355209	-0.0329844	-0.0345073	-0.0324224	-0.0328057	-0.0327551	-0.0315988	
0.788422	0.642061	0.474344	0.313834	0.181049	0.0896713	0.032745	-0.0027943	-0.0192067	-0.0308948	-0.0372787	-0.0350788	-0.037077	-0.0371772	-0.0330414	-0.0350454	-0.034068	-0.0325046	-0.0348718	-0.0333017	-0.0336753	-0.0350093	-0.0327077	-0.0353756	-0.0328433	
0.7837	0.63547	0.467517	0.307661	0.177603	0.0894233	0.0305912	-0.00802413	-0.0225596	-0.0288157	-0.0336626	-0.0348599	-0.0346951	-0.0365853	-0.0363773	-0.0364889	-0.0365215	-0.0350507	-0.0359261	-0.0332144	-0.0347039	-0.0325096	-0.0330715	-0.0325486	-0.0320033	
0.778396	0.626596	0.458157	0.300605	0.170566	0.0828806	0.0298388	-0.00512417	-0.0211958	-0.0319271	-0.0379539	-0.0354777	-0.037354	-0.0369058	-0.0333528	-0.034996	-0.0342135	-0.032739	-0.0349677	-0.0335612	-0.0337193	-0.0353047	-0.0326301	-0.0357275	-0.0327019	
0.768805	0.615826	0.447509	0.29107	0.165204	0.0795115	0.0244019	-0.010525	-0.0238324	-0.0291028	-0.0344917	-0.035597	-0.0347705	-0.0377451	-0.0363306	-0.0364712	-0.0369277	-0.0346941	-0.0359739	-0.0335812	-0.0343892	-0.0332009	-0.0330787	-0.0329332	-0.0325607	
0.760295	0.601456	0.43268	0.279823	0.155224	0.0731233	0.0243928	-0.00975939	-0.0247445	-0.0328073	-0.0378537	-0.0360963	-0.03696	-0.0365337	-0.0345511	-0.0349616	-0.0351801	-0.033475	-0.0353567	-0.0340752	-0.034033	-0.0352531	-0.0329168	-0.0354255	-0.0328336	
0.746221	0.586753	0.417966	0.267255	0.147265	0.0654835	0.0173655	-0.01277	-0.0258775	-0.0305458	-0.0362159	-0.0366106	-0.0356072	-0.0385386	-0.0358827	-0.0363558	-0.0368028	-0.0343278	-0.0359559	-0.0342262	-0.0341002	-0.034601	-0.0330098	-0.034207	-0.0330509	
0.732554	0.566819	0.398412	0.252372	0.136446	0.0601308	0.0154825	-0.0156511	-0.0283206	-0.0328157	-0.0374213	-0.0371589	-0.0361995	-0.0372536	-0.0364773	-0.0349894	-0.0368546	-0.0341969	-0.0354436	-0.0347468	-0.033868	-0.0349136	-0.0333232	-0.0343508	-0.0335172	
0.714088	0.547821	0.379477	0.236504	0.124965	0.0498481	0.0103875	-0.0156679	-0.0300016	-0.0334231	-0.0374822	-0.0378119	-0.036524	-0.037651	-0.0359088	-0.0360616	-0.0365507	-0.0349151	-0.0362785	-0.0353272	-0.034736	-0.0359939	-0.0336214	-0.0355868	-0.0336124	
0.693935	0.523078	0.356293	0.219398	0.114705	0.0433439	0.00391194	-0.0201349	-0.030457	-0.0329717	-0.0378487	-0.0385601	-0.0365922	-0.0392342	-0.0379574	-0.035275	-0.0380147	-0.0342868	-0.0349101	-0.0353533	-0.0329356	-0.0350738	-0.0334267	-0.0337455	-0.0345395	
0.669908	0.499151	0.33342	0.199763	0.100992	0.0350465	0.00165708	-0.0210299	-0.0356287	-0.0360028	-0.037059	-0.0391413	-0.0362894	-0.0359936	-0.0376778	-0.0358208	-0.0373581	-0.036967	-0.0367513	-0.0368895	-0.036121	-0.0361007	-0.0353546	-0.0351633	-0.0347628	
0.643315	0.470351	0.308043	0.18161	0.0893318	0.0248911	-0.00678927	-0.0218737	-0.0323177	-0.0360606	-0.0391802	-0.0400212	-0.0393062	-0.0397226	-0.0382382	-0.0357275	-0.0372129	-0.034337	-0.0345276	-0.0357204	-0.0330211	-0.0360295	-0.0340122	-0.0349154	-0.0355809	
0.612216	0.441629	0.282105	0.1598	0.0773209	0.0201784	-0.0113605	-0.0278352	-0.0386131	-0.0366642	-0.0364379	-0.0398242	-0.0360311	-0.036866	-0.0402979	-0.0367853	-0.0391148	-0.0390972	-0.036607	-0.0381684	-0.0363794	-0.0351523	-0.0366716	-0.0331525	-0.0360374	
0.57935	0.408831	0.255752	0.139736	0.0617314	0.0103963	-0.0148878	-0.0250622	-0.0366164	-0.0415969	-0.0396493	-0.0413939	-0.0417065	-0.0368864	-0.0386425	-0.0360125	-0.0358015	-0.0361514	-0.0355054	-0.0363356	-0.0361756	-0.0363468	-0.0368256	-0.036125	-0.0370893	
0.541819	0.376331	0.228818	0.119859	0.0515017	0.0032654	-0.0245978	-0.031663	-0.0370261	-0.0382799	-0.0383315	-0.0393389	-0.0396734	-0.039746	-0.0409086	-0.039557	-0.0388074	-0.0394824	-0.0361254	-0.0377281	-0.0356916	-0.0350653	-0.0361541	-0.0336131	-0.0358525	
0.502366	0.339576	0.201351	0.0981426	0.0364893	0.000382284	-0.0247918	-0.0339664	-0.0404893	-0.04382	-0.039993	-0.0412725	-0.0407339	-0.0364655	-0.0393841	-0.0376744	-0.0370602	-0.038993	-0.0376649	-0.0375505	-0.0392194	-0.0359522	-0.0392078	-0.0356734	-0.0379341	
0.46111	0.304951	0.175533	0.080528	0.0221378	-0.0108631	-0.0298594	-0.0345253	-0.0378387	-0.0426479	-0.0416569	-0.0400524	-0.0441279	-0.0399165	-0.0399045	-0.0411205	-0.0366695	-0.039288	-0.0369636	-0.0367334	-0.0375063	-0.0361151	-0.0366868	-0.0369152	-0.0354655	
0.416342	0.265266	0.148232	0.0632234	0.0129535	-0.0138893	-0.0358585	-0.0408939	-0.0394688	-0.0429101	-0.0426935	-0.0397764	-0.0413437	-0.041763	-0.0383735	-0.0419648	-0.038581	-0.0391111	-0.0391986	-0.0371288	-0.0379783	-0.0369625	-0.036089	-0.037198	-0.0349576	
0.374643	0.229973	0.121148	0.0449874	-0.00166825	-0.0191339	-0.0330035	-0.04399	-0.0427032	-0.0431526	-0.044282	-0.0416597	-0.0408467	-0.0414953	-0.0393135	-0.0402485	-0.0394096	-0.0390646	-0.0391473	-0.0382419	-0.0381121	-0.0376419	-0.0365776	-0.0371327	-0.0352016	
