-0.73334	-0.625814	-0.493244	-0.349032	-0.200887	-0.0590581	0.0491023	0.11587	0.143096	0.155813	0.176762	0.210932	0.263239	0.324416	0.399147	0.481311	0.555313	0.612796	0.654215	0.700818	0.766368	0.830117	0.871271	0.885006	0.875767	
-0.625814	-0.54079	-0.427628	-0.300464	-0.170748	-0.0458198	0.0557613	0.11868	0.137253	0.134492	0.139166	0.149576	0.175386	0.213062	0.273774	0.355351	0.443281	0.511191	0.569065	0.629616	0.692597	0.750954	0.783776	0.789837	0.776863	
-0.493244	-0.427628	-0.340176	-0.231792	-0.120578	-0.00596699	0.0932866	0.154512	0.166091	0.156051	0.144448	0.127994	0.120698	0.128212	0.16933	0.242366	0.328369	0.403401	0.475773	0.545578	0.604275	0.647933	0.667297	0.660337	0.642108	
-0.349032	-0.300464	-0.231792	-0.141884	-0.0429321	0.0629598	0.152277	0.207918	0.22379	0.216472	0.198441	0.16727	0.137413	0.116566	0.126312	0.172956	0.243947	0.322578	0.400855	0.470539	0.519907	0.54893	0.557823	0.541349	0.515502	
-0.200887	-0.170748	-0.120578	-0.0429321	0.0549266	0.151324	0.230558	0.288063	0.309816	0.304529	0.290834	0.262634	0.226492	0.185368	0.158407	0.174375	0.22827	0.298738	0.371384	0.425385	0.45477	0.46685	0.461833	0.438611	0.404494	
-0.0590581	-0.0458198	-0.00596699	0.0629598	0.151324	0.244597	0.32267	0.380915	0.405649	0.406669	0.404796	0.390878	0.357199	0.306249	0.26132	0.251958	0.283738	0.335674	0.386261	0.41502	0.420222	0.406928	0.381851	0.344117	0.294228	
0.0491023	0.0557613	0.0932866	0.152277	0.230558	0.32267	0.40613	0.469165	0.505354	0.523785	0.536025	0.531408	0.502637	0.457746	0.40722	0.381462	0.390432	0.413888	0.43447	0.43577	0.414697	0.378064	0.327918	0.267357	0.193972	
0.11587	0.11868	0.154512	0.207918	0.288063	0.380915	0.469165	0.546501	0.609555	0.651024	0.67643	0.682444	0.665876	0.629416	0.58081	0.545308	0.53622	0.532478	0.523151	0.494549	0.442359	0.374483	0.294335	0.206199	0.105476	
0.143096	0.137253	0.166091	0.22379	0.309816	0.405649	0.505354	0.609555	0.698232	0.764111	0.808568	0.834315	0.83815	0.808801	0.763812	0.721095	0.690182	0.662303	0.627645	0.566487	0.478033	0.374544	0.263771	0.147192	0.0231864	
0.155813	0.134492	0.156051	0.216472	0.304529	0.406669	0.523785	0.651024	0.764111	0.850682	0.919582	0.969855	0.991474	0.976614	0.934748	0.881767	0.82828	0.77654	0.714527	0.621113	0.500092	0.371151	0.232399	0.0875527	-0.0562736	
0.176762	0.139166	0.144448	0.198441	0.290834	0.404796	0.536025	0.67643	0.808568	0.919582	1.00825	1.07288	1.11117	1.10747	1.07035	1.01054	0.938852	0.859476	0.762951	0.636608	0.496392	0.351039	0.190711	0.023241	-0.130734	
0.210932	0.149576	0.127994	0.16727	0.262634	0.390878	0.531408	0.682444	0.834315	0.969855	1.07288	1.14796	1.19512	1.19852	1.16285	1.09589	1.00091	0.886281	0.749475	0.59621	0.440093	0.282807	0.115732	-0.0521121	-0.197592	
0.263239	0.175386	0.120698	0.137413	0.226492	0.357199	0.502637	0.665876	0.83815	0.991474	1.11117	1.19512	1.2472	1.25782	1.21698	1.13176	1.00659	0.855476	0.685658	0.50798	0.332075	0.162278	0.00491931	-0.142823	-0.265856	
0.324416	0.213062	0.128212	0.116566	0.185368	0.306249	0.457746	0.629416	0.808801	0.976614	1.10747	1.19852	1.25782	1.27117	1.21943	1.11088	0.956118	0.775703	0.578842	0.377739	0.185078	0.0150323	-0.124836	-0.243225	-0.338998	
0.399147	0.273774	0.16933	0.126312	0.158407	0.26132	0.40722	0.58081	0.763812	0.934748	1.07035	1.16285	1.21698	1.21943	1.15182	1.02504	0.856213	0.658355	0.442059	0.228272	0.0326598	-0.129934	-0.251469	-0.350776	-0.416872	
0.481311	0.355351	0.242366	0.172956	0.174375	0.251958	0.381462	0.545308	0.721095	0.881767	1.01054	1.09589	1.13176	1.11088	1.02504	0.888866	0.711784	0.50577	0.282109	0.0685369	-0.113169	-0.256798	-0.363415	-0.436973	-0.475169	
0.555313	0.443281	0.328369	0.243947	0.22827	0.283738	0.390432	0.53622	0.690182	0.82828	0.938852	1.00091	1.00659	0.956118	0.856213	0.711784	0.534977	0.327543	0.105968	-0.0948329	-0.255242	-0.375571	-0.458971	-0.50435	-0.509276	
0.612796	0.511191	0.403401	0.322578	0.298738	0.335674	0.413888	0.532478	0.662303	0.77654	0.859476	0.886281	0.855476	0.775703	0.658355	0.50577	0.327543	0.123474	-0.0885045	-0.267055	-0.397246	-0.485819	-0.534222	-0.544762	-0.521084	
0.654215	0.569065	0.475773	0.400855	0.371384	0.386261	0.43447	0.523151	0.627645	0.714527	0.762951	0.749475	0.685658	0.578842	0.442059	0.282109	0.105968	-0.0885045	-0.277701	-0.425688	-0.519925	-0.566354	-0.574755	-0.554164	-0.511321	
0.700818	0.629616	0.545578	0.470539	0.425385	0.41502	0.43577	0.494549	0.566487	0.621113	0.636608	0.59621	0.50798	0.377739	0.228272	0.0685369	-0.0948329	-0.267055	-0.425688	-0.53731	-0.591811	-0.596085	-0.572128	-0.537099	-0.483014	
0.766368	0.692597	0.604275	0.519907	0.45477	0.420222	0.414697	0.442359	0.478033	0.500092	0.496392	0.440093	0.332075	0.185078	0.0326598	-0.113169	-0.255242	-0.397246	-0.519925	-0.591811	-0.603508	-0.576975	-0.539449	-0.500732	-0.444011	
0.830117	0.750954	0.647933	0.54893	0.46685	0.406928	0.378064	0.374483	0.374544	0.371151	0.351039	0.282807	0.162278	0.0150323	-0.129934	-0.256798	-0.375571	-0.485819	-0.566354	-0.596085	-0.576975	-0.534943	-0.495987	-0.455748	-0.401557	
0.871271	0.783776	0.667297	0.557823	0.461833	0.381851	0.327918	0.294335	0.263771	0.232399	0.190711	0.115732	0.00491931	-0.124836	-0.251469	-0.363415	-0.458971	-0.534222	-0.574755	-0.572128	-0.539449	-0.495987	-0.453679	-0.418836	-0.369782	
0.885006	0.789837	0.660337	0.541349	0.438611	0.344117	0.267357	0.206199	0.147192	0.0875527	0.023241	-0.0521121	-0.142823	-0.243225	-0.350776	-0.436973	-0.50435	-0.544762	-0.554164	-0.537099	-0.500732	-0.455748	-0.418836	-0.39255	-0.354898	
0.875767	0.776863	0.642108	0.515502	0.404494	0.294228	0.193972	0.105476	0.0231864	-0.0562736	-0.130734	-0.197592	-0.265856	-0.338998	-0.416872	-0.475169	-0.509276	-0.521084	-0.511321	-0.483014	-0.444011	-0.401557	-0.369782	-0.354898	-0.327805	
0.856601	0.752298	0.615117	0.478415	0.351867	0.228053	0.112427	0.00509477	-0.0972141	-0.188868	-0.264386	-0.321151	-0.367846	-0.410662	-0.454966	-0.481924	-0.487706	-0.472663	-0.443536	-0.406656	-0.371101	-0.339868	-0.315322	-0.30235	-0.289472	
0.831662	0.717364	0.573134	0.419162	0.277221	0.149555	0.0294362	-0.0872437	-0.19969	-0.295975	-0.367071	-0.416667	-0.449051	-0.466753	-0.479707	-0.477039	-0.454796	-0.413158	-0.367054	-0.327994	-0.301133	-0.282275	-0.267009	-0.259376	-0.263314	
0.792038	0.660763	0.508257	0.350889	0.20914	0.0830233	-0.0403693	-0.162535	-0.274771	-0.364264	-0.428982	-0.476668	-0.506109	-0.513886	-0.502308	-0.473907	-0.422754	-0.361666	-0.310258	-0.272577	-0.248495	-0.231881	-0.222577	-0.230583	-0.248787	
0.745514	0.596101	0.439003	0.287292	0.157435	0.0402753	-0.0872993	-0.208627	-0.311567	-0.39313	-0.456363	-0.510734	-0.542803	-0.548606	-0.523532	-0.473271	-0.400658	-0.324334	-0.269749	-0.23538	-0.212767	-0.198377	-0.194594	-0.209774	-0.241487	
0.708437	0.547211	0.383667	0.238177	0.121315	0.0131892	-0.111529	-0.226651	-0.320119	-0.400049	-0.470317	-0.530332	-0.563136	-0.565252	-0.535483	-0.478338	-0.394576	-0.307739	-0.246702	-0.21306	-0.198391	-0.191913	-0.187609	-0.198651	-0.237354	
0.701635	0.537527	0.373281	0.228995	0.114477	0.00798491	-0.115405	-0.228374	-0.320145	-0.400643	-0.472715	-0.534294	-0.564989	-0.567659	-0.535825	-0.479974	-0.394416	-0.304873	-0.242427	-0.208486	-0.196273	-0.192592	-0.186515	-0.197002	-0.236043	
0.728093	0.573454	0.413476	0.264751	0.140534	0.0272024	-0.0995835	-0.218445	-0.317258	-0.39767	-0.463109	-0.520088	-0.553454	-0.557098	-0.530323	-0.47506	-0.397023	-0.315704	-0.25786	-0.224769	-0.205028	-0.193174	-0.190242	-0.204201	-0.239836	
0.773432	0.634039	0.479689	0.324598	0.186458	0.06383	-0.0622463	-0.185312	-0.294152	-0.379976	-0.442848	-0.492136	-0.52267	-0.529833	-0.511042	-0.472316	-0.411782	-0.344751	-0.292589	-0.256493	-0.231737	-0.215592	-0.208428	-0.221184	-0.24516	
0.817781	0.697855	0.549603	0.392442	0.248578	0.120143	-0.000866061	-0.119847	-0.233574	-0.328157	-0.396673	-0.445296	-0.475045	-0.487052	-0.489454	-0.475523	-0.441036	-0.391098	-0.341173	-0.302268	-0.277572	-0.261103	-0.24857	-0.246955	-0.256899	
0.84792	0.740226	0.600856	0.4568	0.322735	0.197371	0.0787405	-0.0338851	-0.141	-0.235878	-0.310458	-0.363633	-0.402697	-0.433369	-0.465021	-0.480278	-0.475717	-0.449211	-0.412098	-0.37427	-0.341692	-0.31618	-0.295173	-0.282125	-0.27623	
0.868768	0.768359	0.632325	0.503045	0.386798	0.269943	0.162217	0.065113	-0.0263016	-0.111067	-0.186712	-0.24964	-0.309528	-0.370365	-0.435118	-0.480986	-0.502822	-0.50375	-0.48638	-0.454225	-0.41584	-0.376735	-0.347883	-0.335529	-0.313034	
0.883183	0.786	0.653612	0.531027	0.425755	0.325514	0.239315	0.166969	0.098138	0.0292002	-0.040242	-0.113002	-0.194552	-0.285068	-0.381149	-0.456123	-0.510507	-0.539073	-0.540371	-0.518798	-0.480843	-0.435704	-0.400843	-0.379663	-0.346431	
0.880062	0.789455	0.667299	0.55378	0.454635	0.36821	0.305079	0.260351	0.218298	0.174792	0.122543	0.0474674	-0.0564366	-0.174389	-0.294635	-0.39727	-0.482358	-0.543356	-0.569629	-0.558998	-0.525118	-0.48107	-0.440008	-0.407444	-0.363076	
0.850207	0.767639	0.659252	0.555527	0.467069	0.398393	0.359175	0.343927	0.330756	0.316998	0.288804	0.216612	0.0987294	-0.0439354	-0.181883	-0.303542	-0.413134	-0.509234	-0.573356	-0.587816	-0.56175	-0.518852	-0.477982	-0.43911	-0.386155	
0.793431	0.717294	0.623561	0.53333	0.461687	0.416556	0.402169	0.416411	0.437547	0.449103	0.439409	0.378075	0.262284	0.113318	-0.0375934	-0.17592	-0.307933	-0.437585	-0.544476	-0.599214	-0.596405	-0.560815	-0.522947	-0.483346	-0.42699	
0.725492	0.654758	0.570966	0.493413	0.44	0.420003	0.429215	0.476422	0.533794	0.574755	0.5813	0.53405	0.437448	0.298971	0.147323	-0.00809698	-0.163745	-0.323928	-0.469445	-0.56595	-0.602489	-0.592596	-0.560984	-0.524286	-0.468467	
0.670281	0.592672	0.504161	0.430159	0.395799	0.400273	0.437688	0.514626	0.606979	0.681186	0.715258	0.689007	0.614747	0.498077	0.355055	0.193552	0.0213363	-0.166108	-0.343207	-0.476999	-0.556533	-0.585472	-0.578669	-0.550183	-0.501655	
0.630503	0.534491	0.432511	0.354213	0.328291	0.357938	0.423933	0.529702	0.650533	0.754107	0.824058	0.834618	0.789449	0.698384	0.573243	0.417187	0.238817	0.0372913	-0.166851	-0.334096	-0.450001	-0.52332	-0.555617	-0.551796	-0.51976	
0.580726	0.473042	0.359725	0.275776	0.255575	0.302789	0.398977	0.535288	0.67887	0.807579	0.908479	0.957374	0.948249	0.886036	0.779148	0.632387	0.455583	0.24892	0.0300773	-0.163121	-0.312066	-0.420863	-0.492061	-0.524706	-0.516873	
0.512565	0.391555	0.276686	0.199664	0.192395	0.260716	0.38136	0.538747	0.707748	0.859619	0.98261	1.0608	1.08617	1.05367	0.962441	0.822337	0.644726	0.437271	0.213527	0.00320762	-0.169952	-0.304725	-0.403238	-0.466191	-0.491366	
0.432723	0.30498	0.195258	0.140464	0.159275	0.252326	0.39291	0.563582	0.746143	0.914592	1.04856	1.13964	1.18743	1.18216	1.10689	0.975894	0.803178	0.601152	0.380899	0.165687	-0.0264216	-0.182811	-0.29891	-0.388786	-0.443887	
0.352071	0.233638	0.139516	0.11572	0.170316	0.286075	0.436779	0.610385	0.790832	0.961828	1.09595	1.18857	1.24789	1.25854	1.20079	1.08453	0.921637	0.73277	0.526818	0.318735	0.123494	-0.0448503	-0.176853	-0.286108	-0.370124	
0.286596	0.189012	0.121517	0.127346	0.210278	0.337848	0.486609	0.65347	0.830304	0.989868	1.11484	1.20225	1.25675	1.26936	1.2254	1.13026	0.993239	0.828728	0.647567	0.460553	0.276162	0.105067	-0.0457537	-0.18241	-0.29407	
0.230206	0.157967	0.123341	0.154657	0.249166	0.38029	0.522094	0.678584	0.839027	0.982537	1.09215	1.17081	1.22009	1.22679	1.18962	1.11749	1.00979	0.880483	0.729514	0.56603	0.402812	0.239581	0.0746907	-0.0864677	-0.224969	
0.188124	0.142334	0.138036	0.186637	0.281011	0.401077	0.536912	0.681232	0.820746	0.942629	1.03699	1.10573	1.14848	1.14766	1.11197	1.04982	0.970177	0.877059	0.764393	0.627238	0.480592	0.330678	0.165631	-0.0055004	-0.157734	
