-0.373449	-0.501618	-0.594218	-0.66173	-0.708007	-0.718006	-0.683067	-0.623589	-0.542776	-0.429398	-0.279437	-0.120902	0.00234224	0.0787683	0.117072	0.123785	0.107199	0.0727208	0.0324765	-0.00972752	-0.0761165	-0.157999	-0.234368	-0.284951	-0.305113	
-0.148786	-0.252076	-0.320204	-0.376855	-0.413063	-0.41993	-0.394429	-0.344146	-0.282245	-0.195036	-0.0691198	0.0745875	0.181738	0.251257	0.286727	0.290685	0.263309	0.216576	0.156002	0.0886769	0.00664558	-0.0839294	-0.162831	-0.20604	-0.208549	
0.0851734	0.0117396	-0.0289969	-0.0615961	-0.0796793	-0.082681	-0.0713143	-0.0426012	-0.00711307	0.0506083	0.147192	0.258967	0.340418	0.391955	0.415799	0.410823	0.369381	0.309479	0.234106	0.144889	0.0513318	-0.0399034	-0.112814	-0.145149	-0.136204	
0.289072	0.248514	0.239697	0.240552	0.244532	0.245502	0.241907	0.239575	0.242688	0.268193	0.328536	0.402698	0.452191	0.483302	0.493447	0.472434	0.420486	0.348121	0.259831	0.164661	0.0641263	-0.0276752	-0.0914849	-0.110496	-0.0908769	
0.432801	0.430221	0.456647	0.498781	0.528527	0.531897	0.51397	0.47335	0.437237	0.428497	0.447827	0.481228	0.504476	0.516483	0.511508	0.47926	0.420885	0.343849	0.251797	0.155231	0.0523985	-0.0412331	-0.103661	-0.117036	-0.0834604	
0.506625	0.54361	0.613193	0.694148	0.751698	0.761965	0.721706	0.645774	0.568259	0.51733	0.498659	0.494063	0.496188	0.498326	0.482866	0.444498	0.388749	0.313476	0.228235	0.132579	0.0241949	-0.0753654	-0.14105	-0.157648	-0.120016	
0.520115	0.596365	0.701274	0.814337	0.891578	0.905352	0.851422	0.747469	0.635754	0.547244	0.488205	0.45481	0.443926	0.439646	0.428715	0.39975	0.352199	0.287325	0.209549	0.113701	-0.00220575	-0.11232	-0.183814	-0.204355	-0.172611	
0.493673	0.604464	0.734754	0.861175	0.94688	0.962485	0.902427	0.787444	0.655276	0.535237	0.441117	0.384239	0.363178	0.359808	0.362314	0.356179	0.329004	0.278405	0.206561	0.108863	-0.00980458	-0.127892	-0.21187	-0.249769	-0.234921	
0.437484	0.570665	0.711661	0.835224	0.915753	0.931097	0.874291	0.764266	0.627596	0.488097	0.370838	0.295334	0.267309	0.271441	0.293156	0.31643	0.320969	0.295554	0.237375	0.143557	0.0266584	-0.0962756	-0.201727	-0.274109	-0.292448	
0.354135	0.493599	0.632577	0.745173	0.81187	0.824414	0.777729	0.682596	0.550829	0.40801	0.282209	0.199079	0.170598	0.184493	0.226879	0.278725	0.318643	0.328294	0.296324	0.220784	0.113273	-0.0164362	-0.14709	-0.254923	-0.318785	
0.246924	0.37851	0.507707	0.605634	0.659714	0.669306	0.632026	0.551719	0.432454	0.297707	0.178632	0.0982855	0.0743272	0.100507	0.162272	0.244074	0.323611	0.37342	0.374155	0.3251	0.2336	0.0939054	-0.0587624	-0.195409	-0.294177	
0.111047	0.228008	0.342693	0.42689	0.476563	0.486485	0.450542	0.380557	0.276515	0.154941	0.0534151	-0.0170148	-0.0299886	0.0170321	0.107951	0.225294	0.343965	0.429583	0.458389	0.433511	0.35717	0.22282	0.0610333	-0.0863973	-0.206438	
-0.0473182	0.0517892	0.146436	0.216362	0.260624	0.270257	0.236765	0.178105	0.0917738	-0.0104782	-0.0935065	-0.143077	-0.1404	-0.0695484	0.0628926	0.220708	0.377102	0.494505	0.549324	0.54364	0.480098	0.353058	0.202852	0.0554262	-0.0760057	
-0.226344	-0.148497	-0.0707879	-0.0171036	0.0192878	0.0272334	-0.000580787	-0.0468818	-0.114417	-0.198737	-0.256262	-0.273111	-0.240046	-0.139132	0.0315491	0.230963	0.418333	0.561001	0.63651	0.645533	0.591031	0.479644	0.34709	0.213003	0.0807017	
-0.401196	-0.356778	-0.304252	-0.269476	-0.243653	-0.237418	-0.258663	-0.288537	-0.334097	-0.387381	-0.407388	-0.383383	-0.312128	-0.175892	0.0230272	0.249316	0.464215	0.626185	0.715684	0.736802	0.691886	0.595704	0.483011	0.36078	0.232947	
-0.526621	-0.53091	-0.516264	-0.504245	-0.496073	-0.494052	-0.500869	-0.510644	-0.525947	-0.531889	-0.508299	-0.446815	-0.344693	-0.182357	0.0348974	0.272565	0.496723	0.669097	0.764323	0.789996	0.75551	0.671689	0.569393	0.457549	0.340693	
-0.598357	-0.64542	-0.667691	-0.686401	-0.703929	-0.707658	-0.694344	-0.674714	-0.656074	-0.621033	-0.557073	-0.465996	-0.34156	-0.164818	0.0570028	0.294848	0.513535	0.675525	0.763928	0.787887	0.757326	0.683739	0.59231	0.493562	0.39707	
-0.610729	-0.683908	-0.740721	-0.797856	-0.843021	-0.852316	-0.818843	-0.763139	-0.707751	-0.642573	-0.557087	-0.447349	-0.311118	-0.136745	0.0700474	0.294014	0.495621	0.637061	0.707568	0.723227	0.693584	0.629552	0.55441	0.477753	0.406075	
-0.559951	-0.648014	-0.736827	-0.822272	-0.882921	-0.893503	-0.850891	-0.772362	-0.683358	-0.595228	-0.503859	-0.394066	-0.260015	-0.102595	0.0763911	0.263594	0.426946	0.534486	0.582031	0.582264	0.554568	0.504981	0.450639	0.402143	0.361051	
-0.454058	-0.551558	-0.661064	-0.761148	-0.824753	-0.835632	-0.791715	-0.704209	-0.594347	-0.491508	-0.399149	-0.306012	-0.193882	-0.0652758	0.0744227	0.205459	0.305343	0.366015	0.388323	0.375931	0.350333	0.32045	0.29313	0.277579	0.273918	
-0.315165	-0.41357	-0.527456	-0.633922	-0.702479	-0.71458	-0.667408	-0.572418	-0.457984	-0.352198	-0.265404	-0.194586	-0.118724	-0.0326302	0.0508237	0.113506	0.145551	0.157033	0.156926	0.138743	0.11767	0.109475	0.117208	0.140268	0.175318	
-0.158219	-0.245885	-0.359071	-0.465535	-0.540724	-0.554967	-0.501365	-0.40402	-0.289534	-0.189803	-0.120653	-0.0817897	-0.0484794	-0.0193317	0.00090333	-0.00305947	-0.0232444	-0.047698	-0.0696771	-0.0936106	-0.10417	-0.0916829	-0.0472839	0.0198838	0.0914122	
0.00559828	-0.0665876	-0.172571	-0.275879	-0.343143	-0.354973	-0.308411	-0.216299	-0.106432	-0.0177018	0.0251887	0.0228751	0.00501308	-0.020526	-0.0626716	-0.12051	-0.178957	-0.228955	-0.266743	-0.287066	-0.279949	-0.23586	-0.158751	-0.0585179	0.0417048	
0.156842	0.106686	0.0124341	-0.0802649	-0.135718	-0.145591	-0.107924	-0.0269433	0.0716516	0.144604	0.156513	0.115531	0.0473856	-0.0327325	-0.126346	-0.225899	-0.314321	-0.37829	-0.41511	-0.420109	-0.386354	-0.308828	-0.196655	-0.0770105	0.0388681	
0.26877	0.249221	0.185786	0.113867	0.0665553	0.0589092	0.0906815	0.155479	0.227851	0.268292	0.250689	0.183605	0.0774777	-0.0494261	-0.182532	-0.31417	-0.427149	-0.500111	-0.527073	-0.50818	-0.443672	-0.325573	-0.17796	-0.0328184	0.0949553	
0.33575	0.35144	0.325731	0.278926	0.240528	0.232261	0.261154	0.308193	0.344409	0.348554	0.301401	0.207121	0.0690705	-0.0920245	-0.254303	-0.400709	-0.523157	-0.597603	-0.610906	-0.562027	-0.458486	-0.299732	-0.116891	0.050013	0.1961	
0.35144	0.399754	0.408791	0.389748	0.364062	0.358096	0.378847	0.403838	0.406952	0.377156	0.295597	0.168765	0.0040196	-0.174461	-0.34938	-0.500303	-0.616063	-0.677494	-0.670232	-0.584805	-0.433149	-0.232872	-0.0256068	0.159753	0.322243	
0.325731	0.408791	0.44173	0.445391	0.429702	0.424606	0.440051	0.446434	0.426864	0.366186	0.247245	0.0842556	-0.0976208	-0.28577	-0.463318	-0.613228	-0.714539	-0.74832	-0.706566	-0.585865	-0.394279	-0.163715	0.06229	0.267167	0.446211	
0.278926	0.389748	0.445391	0.459271	0.449551	0.445538	0.45666	0.455433	0.418115	0.330733	0.185187	-0.00141728	-0.197551	-0.391121	-0.570912	-0.716251	-0.807033	-0.818628	-0.740555	-0.584449	-0.367734	-0.117198	0.125652	0.345668	0.538968	
0.240528	0.364062	0.429702	0.449551	0.438146	0.433623	0.447081	0.442254	0.396444	0.297064	0.140913	-0.0535526	-0.260083	-0.464895	-0.642584	-0.781641	-0.869722	-0.872278	-0.769503	-0.585965	-0.347852	-0.0848057	0.16734	0.393786	0.590427	
0.232261	0.358096	0.424606	0.445538	0.433623	0.429202	0.442933	0.437612	0.391346	0.289108	0.133436	-0.0626571	-0.270686	-0.478851	-0.655074	-0.792946	-0.880189	-0.882368	-0.775488	-0.58619	-0.343124	-0.0774533	0.175994	0.403945	0.599305	
0.261154	0.378847	0.440051	0.45666	0.447081	0.442933	0.454171	0.451489	0.409467	0.315376	0.16394	-0.0273391	-0.228301	-0.426245	-0.60577	-0.747902	-0.836996	-0.843889	-0.753789	-0.585251	-0.359617	-0.102518	0.144971	0.368319	0.564354	
0.308193	0.403838	0.446434	0.455433	0.442254	0.437612	0.451489	0.453734	0.426126	0.353957	0.221854	0.0479298	-0.140193	-0.330443	-0.508683	-0.657614	-0.753728	-0.776494	-0.719636	-0.58477	-0.381903	-0.143066	0.0910275	0.302559	0.488024	
0.344409	0.406952	0.426864	0.418115	0.396444	0.391346	0.409467	0.426126	0.41894	0.375691	0.280191	0.137905	-0.0339489	-0.217085	-0.39359	-0.544568	-0.654655	-0.706415	-0.68652	-0.586636	-0.417187	-0.202191	0.0117037	0.205477	0.374412	
0.348554	0.377156	0.366186	0.330733	0.297064	0.289108	0.315376	0.353957	0.375691	0.366353	0.305994	0.19972	0.0496835	-0.120557	-0.290054	-0.438577	-0.559797	-0.631452	-0.638112	-0.574843	-0.451953	-0.276927	-0.0831782	0.0906968	0.244607	
0.301401	0.295597	0.247245	0.185187	0.140913	0.133436	0.16394	0.221854	0.280191	0.305994	0.276519	0.199874	0.0803971	-0.0617958	-0.208	-0.347842	-0.467181	-0.541855	-0.563878	-0.533317	-0.454906	-0.320236	-0.157877	-0.00271606	0.131639	
0.207121	0.168765	0.0842556	-0.00141728	-0.0535526	-0.0626571	-0.0273391	0.0479298	0.137905	0.19972	0.199874	0.146505	0.0618776	-0.038383	-0.149267	-0.263045	-0.362749	-0.430391	-0.46274	-0.459625	-0.414407	-0.321433	-0.195208	-0.0660729	0.0544849	
0.0690705	0.0040196	-0.0976208	-0.197551	-0.260083	-0.270686	-0.228301	-0.140193	-0.0339489	0.0496835	0.0803971	0.0618776	0.0226875	-0.0246509	-0.0887679	-0.164163	-0.235316	-0.292431	-0.332312	-0.347164	-0.330449	-0.272828	-0.182301	-0.0741183	0.0341416	
-0.0920245	-0.174461	-0.28577	-0.391121	-0.464895	-0.478851	-0.426245	-0.330443	-0.217085	-0.120557	-0.0617958	-0.038383	-0.0246509	-0.0186753	-0.0243572	-0.0507435	-0.0880266	-0.123798	-0.153702	-0.177845	-0.181782	-0.158151	-0.100474	-0.0178182	0.0669464	
-0.254303	-0.34938	-0.463318	-0.570912	-0.642584	-0.655074	-0.60577	-0.508683	-0.39359	-0.290054	-0.208	-0.149267	-0.0887679	-0.0243572	0.0336088	0.0681817	0.0772597	0.072692	0.064315	0.043586	0.0255767	0.0254282	0.0480476	0.0889767	0.138736	
-0.400709	-0.500303	-0.613228	-0.716251	-0.781641	-0.792946	-0.747902	-0.657614	-0.544568	-0.438577	-0.347842	-0.263045	-0.164163	-0.0507435	0.0681817	0.172632	0.244052	0.285141	0.298123	0.282449	0.258242	0.237644	0.223439	0.221973	0.234446	
-0.523157	-0.616063	-0.714539	-0.807033	-0.869722	-0.880189	-0.836996	-0.753728	-0.654655	-0.559797	-0.467181	-0.362749	-0.235316	-0.0880266	0.0772597	0.244052	0.384541	0.474559	0.511479	0.505641	0.479568	0.437084	0.392255	0.356481	0.329411	
-0.597603	-0.677494	-0.74832	-0.818628	-0.872278	-0.882368	-0.843889	-0.776494	-0.706415	-0.631452	-0.541855	-0.430391	-0.292431	-0.123798	0.072692	0.285141	0.474559	0.603904	0.666338	0.676274	0.646901	0.588161	0.520652	0.455011	0.394773	
-0.610906	-0.670232	-0.706566	-0.740555	-0.769503	-0.775488	-0.753789	-0.719636	-0.68652	-0.638112	-0.563878	-0.46274	-0.332312	-0.153702	0.064315	0.298123	0.511479	0.666338	0.748877	0.770481	0.740054	0.669753	0.58503	0.49404	0.40744	
-0.562027	-0.584805	-0.585865	-0.584449	-0.585965	-0.58619	-0.585251	-0.58477	-0.586636	-0.574843	-0.533317	-0.459625	-0.347164	-0.177845	0.043586	0.282449	0.505641	0.676274	0.770481	0.796244	0.763866	0.68482	0.585274	0.478179	0.368394	
-0.458486	-0.433149	-0.394279	-0.367734	-0.347852	-0.343124	-0.359617	-0.381903	-0.417187	-0.451953	-0.454906	-0.414407	-0.330449	-0.181782	0.0255767	0.258242	0.479568	0.646901	0.740054	0.763866	0.724235	0.632904	0.52577	0.407065	0.283362	
-0.299732	-0.232872	-0.163715	-0.117198	-0.0848057	-0.0774533	-0.102518	-0.143066	-0.202191	-0.276927	-0.320236	-0.321433	-0.272828	-0.158151	0.0254282	0.237644	0.437084	0.588161	0.669753	0.68482	0.632904	0.528441	0.403789	0.275946	0.144265	
-0.116891	-0.0256068	0.06229	0.125652	0.16734	0.175994	0.144971	0.0910275	0.0117037	-0.0831782	-0.157877	-0.195208	-0.182301	-0.100474	0.0480476	0.223439	0.392255	0.520652	0.58503	0.585274	0.52577	0.403789	0.260448	0.117287	-0.0154152	
0.050013	0.159753	0.267167	0.345668	0.393786	0.403945	0.368319	0.302559	0.205477	0.0906968	-0.00271606	-0.0660729	-0.0741183	-0.0178182	0.0889767	0.221973	0.356481	0.455011	0.49404	0.478179	0.407065	0.275946	0.117287	-0.0320668	-0.158047	
0.1961	0.322243	0.446211	0.538968	0.590427	0.599305	0.564354	0.488024	0.374412	0.244607	0.131639	0.0544849	0.0341416	0.0669464	0.138736	0.234446	0.329411	0.394773	0.40744	0.368394	0.283362	0.144265	-0.0154152	-0.158047	-0.266649	
