0.671154	0.716944	0.741034	0.739654	0.726533	0.707926	0.68893	0.671261	0.641979	0.588519	0.512989	0.420058	0.330504	0.247413	0.182908	0.142638	0.110957	0.0759208	0.0179015	-0.078266	-0.209616	-0.339867	-0.444536	-0.510903	-0.548546	
0.716944	0.754281	0.766819	0.745016	0.693935	0.642213	0.59725	0.564201	0.525344	0.47209	0.402901	0.328795	0.2541	0.191058	0.147192	0.113492	0.0851317	0.0507099	-0.0111324	-0.118235	-0.25997	-0.394459	-0.500406	-0.573606	-0.621413	
0.741034	0.766819	0.760462	0.712584	0.62756	0.543109	0.476269	0.423069	0.374264	0.320571	0.259415	0.201357	0.145961	0.103357	0.0711383	0.0419584	0.0203525	-0.00619393	-0.0677063	-0.169533	-0.295879	-0.417876	-0.505407	-0.571968	-0.617201	
0.739654	0.745016	0.712584	0.638443	0.531557	0.425438	0.339786	0.269637	0.209308	0.150667	0.0925963	0.0447959	0.00754616	-0.0232772	-0.0523077	-0.0807253	-0.0992585	-0.114071	-0.156008	-0.232232	-0.322673	-0.409291	-0.474488	-0.52235	-0.547955	
0.726533	0.693935	0.62756	0.531557	0.415204	0.299479	0.200517	0.122671	0.0512646	-0.0167139	-0.0765311	-0.125737	-0.156899	-0.181584	-0.210643	-0.229335	-0.242963	-0.245512	-0.265144	-0.30317	-0.348489	-0.39039	-0.424536	-0.43935	-0.431651	
0.707926	0.642213	0.543109	0.425438	0.299479	0.18083	0.0704175	-0.0192149	-0.100613	-0.175908	-0.24076	-0.29885	-0.334499	-0.357667	-0.379696	-0.39155	-0.395384	-0.387879	-0.384414	-0.383751	-0.385135	-0.382306	-0.3732	-0.34169	-0.297736	
0.68893	0.59725	0.476269	0.339786	0.200517	0.0704175	-0.0504567	-0.155749	-0.251277	-0.332158	-0.404707	-0.464641	-0.506441	-0.52684	-0.537184	-0.537037	-0.531413	-0.517469	-0.495331	-0.466328	-0.43016	-0.386645	-0.322726	-0.244318	-0.166465	
0.671261	0.564201	0.423069	0.269637	0.122671	-0.0192149	-0.155749	-0.28731	-0.398909	-0.486116	-0.559697	-0.61688	-0.650096	-0.66538	-0.666125	-0.65517	-0.642866	-0.619288	-0.581506	-0.534964	-0.469511	-0.384888	-0.275259	-0.15463	-0.0435922	
0.641979	0.525344	0.374264	0.209308	0.0512646	-0.100613	-0.251277	-0.398909	-0.524953	-0.630068	-0.703299	-0.74663	-0.763769	-0.764707	-0.752418	-0.73601	-0.718443	-0.688131	-0.64416	-0.574666	-0.479272	-0.357948	-0.211053	-0.060183	0.0739968	
0.588519	0.47209	0.320571	0.150667	-0.0167139	-0.175908	-0.332158	-0.486116	-0.630068	-0.746969	-0.822506	-0.854204	-0.850692	-0.830502	-0.808885	-0.790385	-0.7665	-0.733944	-0.673377	-0.572235	-0.446696	-0.29443	-0.121822	0.044683	0.195364	
0.512989	0.402901	0.259415	0.0925963	-0.0765311	-0.24076	-0.404707	-0.559697	-0.703299	-0.822506	-0.900788	-0.927521	-0.911962	-0.879639	-0.84533	-0.819033	-0.791428	-0.751574	-0.666168	-0.532752	-0.379497	-0.203677	-0.0159222	0.160604	0.318946	
0.420058	0.328795	0.201357	0.0447959	-0.125737	-0.29885	-0.464641	-0.61688	-0.74663	-0.854204	-0.927521	-0.953143	-0.933637	-0.889046	-0.845374	-0.813823	-0.779018	-0.722614	-0.614829	-0.462868	-0.290508	-0.105068	0.0883205	0.27	0.424939	
0.330504	0.2541	0.145961	0.00754616	-0.156899	-0.334499	-0.506441	-0.650096	-0.763769	-0.850692	-0.911962	-0.933637	-0.911099	-0.860108	-0.81167	-0.770898	-0.721239	-0.649091	-0.529974	-0.371541	-0.19919	-0.0175637	0.173985	0.34909	0.493247	
0.247413	0.191058	0.103357	-0.0232772	-0.181584	-0.357667	-0.52684	-0.66538	-0.764707	-0.830502	-0.879639	-0.889046	-0.860108	-0.808999	-0.757337	-0.698081	-0.626959	-0.532834	-0.412681	-0.262282	-0.0973815	0.0659817	0.236531	0.396147	0.526654	
0.182908	0.147192	0.0711383	-0.0523077	-0.210643	-0.379696	-0.537184	-0.666125	-0.752418	-0.808885	-0.84533	-0.845374	-0.81167	-0.757337	-0.687156	-0.604899	-0.50908	-0.399762	-0.276388	-0.133347	0.0191487	0.157781	0.292387	0.423708	0.532633	
0.142638	0.113492	0.0419584	-0.0807253	-0.229335	-0.39155	-0.537037	-0.65517	-0.73601	-0.790385	-0.819033	-0.813823	-0.770898	-0.698081	-0.604899	-0.498187	-0.37908	-0.256306	-0.131629	0.00786772	0.140822	0.252998	0.352804	0.453861	0.534823	
0.110957	0.0851317	0.0203525	-0.0992585	-0.242963	-0.395384	-0.531413	-0.642866	-0.718443	-0.7665	-0.791428	-0.779018	-0.721239	-0.626959	-0.50908	-0.37908	-0.242457	-0.107462	0.0208595	0.147356	0.250631	0.335051	0.409255	0.481849	0.533347	
0.0759208	0.0507099	-0.00619393	-0.114071	-0.245512	-0.387879	-0.517469	-0.619288	-0.688131	-0.733944	-0.751574	-0.722614	-0.649091	-0.532834	-0.399762	-0.256306	-0.107462	0.0325655	0.157565	0.261696	0.332961	0.39046	0.448138	0.490856	0.515202	
0.0179015	-0.0111324	-0.0677063	-0.156008	-0.265144	-0.384414	-0.495331	-0.581506	-0.64416	-0.673377	-0.666168	-0.614829	-0.529974	-0.412681	-0.276388	-0.131629	0.0208595	0.157565	0.270044	0.345748	0.383458	0.412903	0.444387	0.463472	0.46669	
-0.078266	-0.118235	-0.169533	-0.232232	-0.30317	-0.383751	-0.466328	-0.534964	-0.574666	-0.572235	-0.532752	-0.462868	-0.371541	-0.262282	-0.133347	0.00786772	0.147356	0.261696	0.345748	0.393392	0.403368	0.404841	0.411394	0.407748	0.396742	
-0.209616	-0.25997	-0.295879	-0.322673	-0.348489	-0.385135	-0.43016	-0.469511	-0.479272	-0.446696	-0.379497	-0.290508	-0.19919	-0.0973815	0.0191487	0.140822	0.250631	0.332961	0.383458	0.403368	0.395945	0.376951	0.362765	0.343578	0.325805	
-0.339867	-0.394459	-0.417876	-0.409291	-0.39039	-0.382306	-0.386645	-0.384888	-0.357948	-0.29443	-0.203677	-0.105068	-0.0175637	0.0659817	0.157781	0.252998	0.335051	0.39046	0.412903	0.404841	0.376951	0.342041	0.310398	0.279888	0.254031	
-0.444536	-0.500406	-0.505407	-0.474488	-0.424536	-0.3732	-0.322726	-0.275259	-0.211053	-0.121822	-0.0159222	0.0883205	0.173985	0.236531	0.292387	0.352804	0.409255	0.448138	0.444387	0.411394	0.362765	0.310398	0.260166	0.218781	0.177276	
-0.510903	-0.573606	-0.571968	-0.52235	-0.43935	-0.34169	-0.244318	-0.15463	-0.060183	0.044683	0.160604	0.27	0.34909	0.396147	0.423708	0.453861	0.481849	0.490856	0.463472	0.407748	0.343578	0.279888	0.218781	0.161338	0.107153	
-0.548546	-0.621413	-0.617201	-0.547955	-0.431651	-0.297736	-0.166465	-0.0435922	0.0739968	0.195364	0.318946	0.424939	0.493247	0.526654	0.532633	0.534823	0.533347	0.515202	0.46669	0.396742	0.325805	0.254031	0.177276	0.107153	0.0491014	
-0.585141	-0.661943	-0.648848	-0.556801	-0.419849	-0.25708	-0.0959353	0.056646	0.200705	0.342091	0.466472	0.556327	0.60997	0.624011	0.614579	0.590693	0.557057	0.507204	0.443711	0.374695	0.310369	0.238809	0.147786	0.0601724	-0.0102667	
-0.615617	-0.690812	-0.667442	-0.559157	-0.397095	-0.209853	-0.0195571	0.163104	0.332364	0.482918	0.604859	0.679512	0.711242	0.705084	0.669407	0.614638	0.550237	0.475692	0.404266	0.337624	0.282078	0.215181	0.119355	0.0160834	-0.0613105	
-0.633503	-0.703197	-0.670155	-0.543613	-0.360525	-0.147177	0.0702689	0.279522	0.462862	0.614239	0.7295	0.791301	0.800613	0.767359	0.704878	0.62068	0.52721	0.433589	0.35146	0.279667	0.2266	0.167735	0.0790409	-0.0202636	-0.0959155	
-0.650516	-0.707756	-0.658346	-0.51128	-0.310316	-0.077551	0.161489	0.384705	0.577695	0.733625	0.840764	0.885482	0.876946	0.819219	0.728679	0.615499	0.493803	0.383862	0.292357	0.217218	0.164742	0.112288	0.035344	-0.0522645	-0.12534	
-0.653669	-0.708239	-0.647096	-0.485758	-0.2697	-0.0286742	0.218626	0.453601	0.659187	0.819354	0.926326	0.963122	0.933457	0.854114	0.740783	0.607689	0.472055	0.358062	0.2653	0.188354	0.130034	0.0727693	-0.00104076	-0.0827874	-0.153618	
-0.652684	-0.706547	-0.645422	-0.480862	-0.260588	-0.0177012	0.228877	0.465226	0.674061	0.837006	0.9448	0.979506	0.943504	0.859429	0.742109	0.606945	0.468503	0.352978	0.262882	0.184217	0.123852	0.0658289	-0.00780109	-0.0905087	-0.159653	
-0.654134	-0.709437	-0.652941	-0.499072	-0.291703	-0.05499	0.189222	0.418326	0.616213	0.773489	0.879318	0.920195	0.903625	0.836915	0.7356	0.612295	0.482784	0.370948	0.276793	0.20139	0.147016	0.0933355	0.0183779	-0.0653061	-0.136919	
-0.640638	-0.704797	-0.666886	-0.532051	-0.340657	-0.118201	0.108679	0.323779	0.510895	0.664617	0.776297	0.830705	0.832304	0.788232	0.715109	0.618912	0.514289	0.412435	0.326305	0.253073	0.19997	0.144594	0.0616453	-0.0333615	-0.107874	
-0.623545	-0.697284	-0.670087	-0.555548	-0.384518	-0.187134	0.0148564	0.209584	0.38541	0.536207	0.656037	0.726689	0.748855	0.732553	0.685504	0.618257	0.542294	0.460738	0.384997	0.316763	0.26322	0.199189	0.104787	0.000312395	-0.0766768	
-0.598556	-0.675425	-0.658388	-0.559042	-0.412766	-0.239435	-0.0666796	0.0978746	0.252998	0.399699	0.52327	0.606117	0.652087	0.657693	0.639619	0.604465	0.557703	0.496376	0.429354	0.361848	0.301616	0.23223	0.137717	0.0419881	-0.0328179	
-0.562815	-0.637954	-0.631146	-0.552833	-0.426829	-0.281184	-0.137219	-0.00320754	0.124261	0.25444	0.379181	0.479219	0.542661	0.568436	0.568366	0.559873	0.546543	0.515837	0.460511	0.389369	0.319896	0.246782	0.16393	0.087969	0.024902	
-0.527314	-0.595442	-0.592615	-0.534741	-0.438396	-0.324963	-0.212721	-0.108344	-0.00405032	0.106129	0.225738	0.335562	0.410735	0.452072	0.47127	0.489845	0.505742	0.503637	0.466661	0.4039	0.33614	0.268687	0.201853	0.139424	0.0829108	
-0.475941	-0.532523	-0.534138	-0.496326	-0.4337	-0.362995	-0.291723	-0.227075	-0.150049	-0.0529104	0.0574819	0.163646	0.247711	0.302665	0.345524	0.393774	0.438817	0.466762	0.454643	0.411443	0.35543	0.29805	0.242857	0.19484	0.147709	
-0.385645	-0.441425	-0.456553	-0.43785	-0.405444	-0.38123	-0.363877	-0.343111	-0.301178	-0.226849	-0.129067	-0.0276778	0.0592946	0.133725	0.211872	0.293621	0.366108	0.415223	0.425405	0.407929	0.371073	0.328615	0.289361	0.255675	0.223222	
-0.264207	-0.31636	-0.34782	-0.358701	-0.365606	-0.384391	-0.41383	-0.43882	-0.43464	-0.388978	-0.311605	-0.217891	-0.128575	-0.0326287	0.076577	0.187815	0.28538	0.354827	0.394245	0.402808	0.388052	0.363372	0.342472	0.317229	0.29742	
-0.128286	-0.173132	-0.218048	-0.267698	-0.321221	-0.384514	-0.45316	-0.510745	-0.539034	-0.524547	-0.473812	-0.394963	-0.303189	-0.196831	-0.0723244	0.0633898	0.192468	0.294847	0.364398	0.401265	0.403561	0.395473	0.393266	0.382044	0.368147	
-0.0157157	-0.0482576	-0.104074	-0.183113	-0.2781	-0.383675	-0.484142	-0.564546	-0.619824	-0.636621	-0.616147	-0.55831	-0.470368	-0.356025	-0.221189	-0.0768987	0.0724193	0.201781	0.305173	0.369661	0.394744	0.413276	0.434101	0.442984	0.439169	
0.0564595	0.0307003	-0.0256702	-0.126783	-0.25156	-0.386292	-0.508789	-0.604808	-0.672943	-0.715015	-0.725165	-0.686002	-0.606993	-0.488007	-0.352266	-0.207732	-0.0555293	0.0851962	0.205695	0.298651	0.357266	0.403234	0.45176	0.485161	0.499728	
0.0988929	0.0736378	0.0121912	-0.103471	-0.243605	-0.392427	-0.527348	-0.635515	-0.707295	-0.754808	-0.77798	-0.761213	-0.696819	-0.593387	-0.46686	-0.329738	-0.188143	-0.0503647	0.0784223	0.196836	0.286941	0.361244	0.428211	0.488227	0.528889	
0.12899	0.101365	0.0325183	-0.0907407	-0.236501	-0.394813	-0.535311	-0.650638	-0.730085	-0.781901	-0.808481	-0.801141	-0.752516	-0.670841	-0.568416	-0.451065	-0.324075	-0.196341	-0.0705677	0.0650561	0.187557	0.288379	0.376872	0.466305	0.535179	
0.165571	0.132964	0.0587195	-0.0638295	-0.218981	-0.385601	-0.538023	-0.662379	-0.745721	-0.800932	-0.833934	-0.831931	-0.795546	-0.735427	-0.655646	-0.563875	-0.458771	-0.343701	-0.220008	-0.0775758	0.0683988	0.196291	0.315793	0.43463	0.533057	
0.218255	0.172323	0.0897678	-0.0349883	-0.193341	-0.366494	-0.532217	-0.667708	-0.761077	-0.821645	-0.865197	-0.869843	-0.839243	-0.788466	-0.731045	-0.662744	-0.58148	-0.480887	-0.359573	-0.213556	-0.0529617	0.101408	0.259031	0.408152	0.531015	
0.296139	0.2258	0.127761	-0.00514955	-0.166845	-0.344482	-0.516858	-0.657545	-0.76555	-0.843645	-0.900093	-0.916845	-0.892377	-0.840124	-0.791916	-0.744768	-0.687169	-0.60618	-0.486829	-0.329362	-0.159951	0.0152794	0.200983	0.371357	0.510524	
0.384004	0.298777	0.178365	0.0287842	-0.139459	-0.315674	-0.483351	-0.633411	-0.756393	-0.85558	-0.924529	-0.950142	-0.929844	-0.881697	-0.835983	-0.801031	-0.761279	-0.698661	-0.584587	-0.428761	-0.254354	-0.0683651	0.125749	0.305759	0.457143	
0.476284	0.373223	0.235443	0.0723385	-0.098276	-0.266138	-0.431457	-0.584864	-0.724061	-0.840846	-0.91833	-0.94355	-0.926024	-0.889361	-0.849462	-0.821107	-0.791105	-0.745751	-0.650689	-0.508113	-0.34483	-0.163774	0.0268761	0.207112	0.365024	
