-0.61779	-0.656631	-0.686007	-0.70208	-0.69853	-0.695504	-0.703231	-0.694088	-0.669938	-0.633783	-0.591504	-0.547662	-0.483955	-0.383263	-0.253961	-0.114273	0.00419507	0.0796665	0.123166	0.154639	0.185401	0.225389	0.287653	0.372581	0.473842	
-0.684554	-0.720295	-0.735225	-0.730025	-0.719795	-0.717081	-0.726204	-0.734315	-0.728867	-0.700675	-0.659013	-0.608814	-0.5342	-0.431709	-0.295889	-0.148385	-0.0250836	0.0538666	0.0962786	0.12219	0.14927	0.176582	0.214539	0.278299	0.354376	
-0.666297	-0.6872	-0.683092	-0.657609	-0.637774	-0.635068	-0.647938	-0.674163	-0.688515	-0.677091	-0.646652	-0.602253	-0.534428	-0.443127	-0.321642	-0.185247	-0.0724362	-0.00175724	0.0352984	0.0548799	0.0757036	0.093407	0.115891	0.151479	0.20091	
-0.576937	-0.57655	-0.548812	-0.505366	-0.47215	-0.464994	-0.490217	-0.531782	-0.56877	-0.579799	-0.56816	-0.544105	-0.501808	-0.428637	-0.332581	-0.231827	-0.143033	-0.0905914	-0.0702582	-0.0600869	-0.0416395	-0.0263936	-0.0139512	-0.00216959	0.0258891	
-0.441157	-0.417228	-0.371292	-0.30796	-0.263042	-0.25307	-0.287056	-0.345307	-0.402467	-0.434168	-0.446563	-0.455897	-0.4453	-0.403509	-0.342394	-0.283674	-0.229634	-0.203568	-0.197584	-0.198438	-0.18974	-0.176847	-0.171135	-0.166382	-0.145936	
-0.283655	-0.239494	-0.175138	-0.0918928	-0.0365203	-0.0254004	-0.0647421	-0.141903	-0.217338	-0.267469	-0.305495	-0.346028	-0.375941	-0.380857	-0.361953	-0.345551	-0.3311	-0.327503	-0.335419	-0.344664	-0.347596	-0.341078	-0.337175	-0.332558	-0.308994	
-0.124421	-0.0549492	0.0297697	0.12582	0.189723	0.200132	0.157273	0.0683766	-0.0231857	-0.0978042	-0.162943	-0.233486	-0.307844	-0.363077	-0.388873	-0.411361	-0.426755	-0.443885	-0.465581	-0.477388	-0.487153	-0.494542	-0.494121	-0.484301	-0.45669	
0.0250188	0.122512	0.229908	0.337282	0.409077	0.421074	0.372759	0.273786	0.164805	0.0634557	-0.0317274	-0.129261	-0.239468	-0.34025	-0.413841	-0.466007	-0.50661	-0.541085	-0.568643	-0.58187	-0.594118	-0.608632	-0.61552	-0.61303	-0.589038	
0.165792	0.294049	0.418003	0.532555	0.612826	0.628722	0.569842	0.465915	0.344166	0.217237	0.0911247	-0.0307449	-0.165215	-0.302137	-0.41503	-0.499828	-0.565945	-0.613996	-0.640946	-0.651748	-0.659767	-0.678769	-0.700734	-0.713542	-0.706564	
0.305349	0.44891	0.580657	0.697361	0.783801	0.801665	0.736996	0.629972	0.502897	0.364089	0.216162	0.0712308	-0.0789924	-0.239205	-0.385685	-0.501467	-0.595588	-0.661221	-0.68746	-0.697433	-0.705437	-0.724459	-0.756002	-0.788315	-0.798187	
0.431262	0.576151	0.704825	0.812983	0.90097	0.920804	0.851784	0.750612	0.629672	0.490742	0.339313	0.181642	0.0167783	-0.158487	-0.328129	-0.47339	-0.594701	-0.682028	-0.715913	-0.726298	-0.73719	-0.760053	-0.795768	-0.830598	-0.846018	
0.527927	0.660069	0.774675	0.86765	0.949139	0.96586	0.90391	0.812935	0.709152	0.581911	0.444439	0.289513	0.113767	-0.0737481	-0.256081	-0.416794	-0.563181	-0.665761	-0.714633	-0.731768	-0.74578	-0.768544	-0.802234	-0.836616	-0.846966	
0.594568	0.705355	0.797345	0.872608	0.928566	0.938895	0.898982	0.828957	0.74479	0.641348	0.517529	0.36826	0.193769	0.00183554	-0.179311	-0.342345	-0.497429	-0.614697	-0.679817	-0.710594	-0.728116	-0.751814	-0.785069	-0.812588	-0.817335	
0.61799	0.711778	0.781094	0.831921	0.864127	0.870442	0.847524	0.802763	0.742735	0.657634	0.552796	0.418662	0.256042	0.0773354	-0.0910531	-0.252105	-0.404571	-0.527955	-0.60746	-0.656281	-0.690563	-0.722126	-0.752771	-0.776653	-0.781685	
0.619999	0.690694	0.736051	0.757778	0.766799	0.769309	0.762253	0.746734	0.711767	0.651927	0.563152	0.449701	0.309004	0.161031	0.0133223	-0.140523	-0.292555	-0.416507	-0.507843	-0.579643	-0.634592	-0.685353	-0.724736	-0.749568	-0.751056	
0.611655	0.65191	0.665805	0.661344	0.653646	0.652845	0.657976	0.665168	0.659936	0.631907	0.570846	0.481964	0.371554	0.25106	0.12246	-0.0159324	-0.164567	-0.288455	-0.389109	-0.481826	-0.570175	-0.645267	-0.702771	-0.732514	-0.736062	
0.592842	0.599133	0.585487	0.560184	0.545045	0.543078	0.552338	0.575391	0.595844	0.598392	0.574713	0.515506	0.433351	0.337316	0.227073	0.109667	-0.0242747	-0.151237	-0.268688	-0.380768	-0.496505	-0.596217	-0.67258	-0.715529	-0.725165	
0.555704	0.535737	0.501165	0.460726	0.443791	0.44142	0.451321	0.483603	0.524156	0.549554	0.55818	0.531123	0.474844	0.398823	0.312123	0.223184	0.112389	-0.0117513	-0.144777	-0.277948	-0.406992	-0.523454	-0.617967	-0.67797	-0.701886	
0.502843	0.467668	0.420618	0.370983	0.348375	0.346426	0.358037	0.399485	0.449936	0.490855	0.513205	0.508053	0.477269	0.424098	0.365537	0.309238	0.22846	0.115966	-0.0192465	-0.163533	-0.297262	-0.416927	-0.517061	-0.590895	-0.629246	
0.433241	0.397184	0.344249	0.288782	0.260082	0.256412	0.273132	0.321084	0.377285	0.421374	0.445088	0.45248	0.445847	0.423245	0.393427	0.364724	0.312321	0.223911	0.109207	-0.0229768	-0.15309	-0.273128	-0.371175	-0.452499	-0.510039	
0.360285	0.330573	0.278764	0.220865	0.188185	0.183071	0.204	0.25417	0.312622	0.350565	0.371644	0.385649	0.396346	0.400489	0.399627	0.391859	0.362716	0.308338	0.223244	0.114811	-0.000595188	-0.114319	-0.211039	-0.292348	-0.364785	
0.282176	0.249589	0.203154	0.153105	0.118308	0.1127	0.135943	0.182371	0.232351	0.27156	0.294887	0.318324	0.345923	0.370493	0.392832	0.40926	0.407892	0.381973	0.326626	0.239352	0.141653	0.0441686	-0.0431263	-0.118004	-0.195703	
0.187933	0.147673	0.104415	0.0642312	0.0358719	0.0312299	0.0502895	0.0876942	0.130957	0.171873	0.214468	0.25683	0.299233	0.339623	0.382556	0.424706	0.453564	0.45591	0.420082	0.354879	0.277936	0.210964	0.14564	0.0731464	-0.0158545	
0.100079	0.0468318	0.00559719	-0.0265643	-0.0515638	-0.0581566	-0.0373534	-0.00837439	0.0290259	0.0770086	0.136258	0.194789	0.251399	0.307349	0.364674	0.427584	0.48192	0.511568	0.498514	0.458806	0.412504	0.373067	0.325711	0.256321	0.160383	
0.020409	-0.0345585	-0.0722717	-0.0998317	-0.122605	-0.12778	-0.108959	-0.0845128	-0.0512048	-0.00420736	0.0613686	0.132021	0.202867	0.274331	0.347972	0.421163	0.490669	0.541938	0.557084	0.545808	0.526694	0.511998	0.48204	0.420223	0.322777	
-0.0406252	-0.0844618	-0.112014	-0.135142	-0.160039	-0.164876	-0.146288	-0.119662	-0.0978348	-0.0600736	-0.00614288	0.0667148	0.151856	0.245163	0.33143	0.403066	0.47676	0.536683	0.580505	0.605787	0.617153	0.620295	0.608542	0.558497	0.474043	
-0.0844618	-0.11052	-0.124555	-0.142013	-0.165863	-0.173196	-0.151428	-0.130668	-0.117075	-0.0967219	-0.0585066	0.0113546	0.105134	0.210948	0.30084	0.370593	0.439306	0.508959	0.574431	0.632501	0.677641	0.705448	0.713088	0.682139	0.615446	
-0.112014	-0.124555	-0.128072	-0.138833	-0.159741	-0.165473	-0.146983	-0.131063	-0.12581	-0.118587	-0.0930543	-0.0291217	0.0633803	0.165428	0.25217	0.317527	0.388884	0.468646	0.551363	0.634538	0.710625	0.766633	0.794931	0.788439	0.739885	
-0.135142	-0.142013	-0.138833	-0.138555	-0.150311	-0.153914	-0.142973	-0.13691	-0.14147	-0.139912	-0.118478	-0.0596775	0.0271354	0.119314	0.196217	0.259361	0.337335	0.423535	0.519512	0.621522	0.720688	0.805778	0.86101	0.875286	0.841745	
-0.160039	-0.165863	-0.159741	-0.150311	-0.151017	-0.153104	-0.14891	-0.155343	-0.164213	-0.165849	-0.141866	-0.0833808	0.000915495	0.0868372	0.161203	0.228877	0.311143	0.405541	0.503256	0.609812	0.721577	0.828196	0.906426	0.948303	0.929331	
-0.164876	-0.173196	-0.165473	-0.153914	-0.153104	-0.155559	-0.150826	-0.160901	-0.170963	-0.171571	-0.147198	-0.0890137	-0.00463064	0.0819568	0.155357	0.225189	0.308095	0.403769	0.501108	0.607852	0.722798	0.832966	0.915267	0.96259	0.948856	
-0.146288	-0.151428	-0.146983	-0.142973	-0.14891	-0.150826	-0.144915	-0.144181	-0.150227	-0.151494	-0.128156	-0.0693701	0.0149637	0.102862	0.178614	0.242903	0.322783	0.413224	0.510743	0.616067	0.721131	0.817097	0.882756	0.908656	0.879985	
-0.119662	-0.130668	-0.131063	-0.13691	-0.155343	-0.160901	-0.144181	-0.131027	-0.131597	-0.125658	-0.103113	-0.0426841	0.0477131	0.146905	0.228517	0.29302	0.367442	0.448952	0.53847	0.629975	0.716807	0.784024	0.822961	0.824037	0.782793	
-0.0978348	-0.117075	-0.12581	-0.14147	-0.164213	-0.170963	-0.150227	-0.131597	-0.120093	-0.107431	-0.0744552	-0.00605487	0.0880928	0.193844	0.283809	0.351824	0.419964	0.494711	0.56755	0.635687	0.69379	0.733152	0.748496	0.727637	0.667669	
-0.0600736	-0.0967219	-0.118587	-0.139912	-0.165849	-0.171571	-0.151494	-0.125658	-0.107431	-0.0771269	-0.02952	0.0422411	0.132268	0.232914	0.321806	0.391769	0.463762	0.527333	0.580695	0.620529	0.645086	0.657492	0.6524	0.60971	0.532047	
-0.00614288	-0.0585066	-0.0930543	-0.118478	-0.141866	-0.147198	-0.128156	-0.103113	-0.0744552	-0.02952	0.0332182	0.105644	0.182891	0.263082	0.341444	0.415298	0.48828	0.543518	0.571217	0.573813	0.565645	0.558375	0.535972	0.478187	0.384336	
0.0667148	0.0113546	-0.0291217	-0.0596775	-0.0833808	-0.0890137	-0.0693701	-0.0426841	-0.00605487	0.0422411	0.105644	0.170489	0.232101	0.293285	0.358062	0.426101	0.487685	0.527753	0.525446	0.495738	0.461497	0.432333	0.391099	0.325074	0.226818	
0.151856	0.105134	0.0633803	0.0271354	0.000915495	-0.00463064	0.0149637	0.0477131	0.0880928	0.132268	0.182891	0.232101	0.280133	0.327359	0.375385	0.427453	0.467622	0.480942	0.453218	0.39793	0.332678	0.277433	0.220368	0.148552	0.0562814	
0.245163	0.210948	0.165428	0.119314	0.0868372	0.0819568	0.102862	0.146905	0.193844	0.232914	0.263082	0.293285	0.327359	0.358266	0.389428	0.416252	0.427026	0.412666	0.366188	0.287319	0.196555	0.110311	0.0305629	-0.0419131	-0.124395	
0.33143	0.30084	0.25217	0.196217	0.161203	0.155357	0.178614	0.228517	0.283809	0.321806	0.341444	0.358062	0.375385	0.389428	0.397462	0.398753	0.379593	0.337012	0.265189	0.164889	0.0578427	-0.0512386	-0.145723	-0.225966	-0.300097	
0.403066	0.370593	0.317527	0.259361	0.228877	0.225189	0.242903	0.29302	0.351824	0.391769	0.415298	0.426101	0.427453	0.416252	0.398753	0.378182	0.33554	0.260741	0.157833	0.0345629	-0.091454	-0.210111	-0.308191	-0.388848	-0.454192	
0.47676	0.439306	0.388884	0.337335	0.311143	0.308095	0.322783	0.367442	0.419964	0.463762	0.48828	0.487685	0.467622	0.427026	0.379593	0.33554	0.266443	0.16178	0.0320006	-0.10958	-0.243304	-0.361964	-0.462768	-0.540881	-0.585851	
0.536683	0.508959	0.468646	0.423535	0.405541	0.403769	0.413224	0.448952	0.494711	0.527333	0.543518	0.527753	0.480942	0.412666	0.337012	0.260741	0.16178	0.04106	-0.0945105	-0.23466	-0.366757	-0.486095	-0.583705	-0.649736	-0.679904	
0.580505	0.574431	0.551363	0.519512	0.503256	0.501108	0.510743	0.53847	0.56755	0.580695	0.571217	0.525446	0.453218	0.366188	0.265189	0.157833	0.0320006	-0.0945105	-0.219455	-0.340583	-0.462127	-0.570321	-0.654871	-0.705015	-0.719382	
0.605787	0.632501	0.634538	0.621522	0.609812	0.607852	0.616067	0.629975	0.635687	0.620529	0.573813	0.495738	0.39793	0.287319	0.164889	0.0345629	-0.10958	-0.23466	-0.340583	-0.441046	-0.542451	-0.628018	-0.692566	-0.726607	-0.731626	
0.617153	0.677641	0.710625	0.720688	0.721577	0.722798	0.721131	0.716807	0.69379	0.645086	0.565645	0.461497	0.332678	0.196555	0.0578427	-0.091454	-0.243304	-0.366757	-0.462127	-0.542451	-0.609624	-0.669536	-0.715577	-0.741779	-0.743737	
0.620295	0.705448	0.766633	0.805778	0.828196	0.832966	0.817097	0.784024	0.733152	0.657492	0.558375	0.432333	0.277433	0.110311	-0.0512386	-0.210111	-0.361964	-0.486095	-0.570321	-0.628018	-0.669536	-0.708334	-0.740853	-0.76453	-0.767912	
0.608542	0.713088	0.794931	0.86101	0.906426	0.915267	0.882756	0.822961	0.748496	0.6524	0.535972	0.391099	0.220368	0.0305629	-0.145723	-0.308191	-0.462768	-0.583705	-0.654871	-0.692566	-0.715577	-0.740853	-0.772826	-0.797274	-0.802722	
0.558497	0.682139	0.788439	0.875286	0.948303	0.96259	0.908656	0.824037	0.727637	0.60971	0.478187	0.325074	0.148552	-0.0419131	-0.225966	-0.388848	-0.540881	-0.649736	-0.705015	-0.726607	-0.741779	-0.76453	-0.797274	-0.830551	-0.837204	
0.474043	0.615446	0.739885	0.841745	0.929331	0.948856	0.879985	0.782793	0.667669	0.532047	0.384336	0.226818	0.0562814	-0.124395	-0.300097	-0.454192	-0.585851	-0.679904	-0.719382	-0.731626	-0.743737	-0.767912	-0.802722	-0.837204	-0.851637	
