0.927387	0.833318	0.731266	0.62682	0.541033	0.482662	0.437725	0.400624	0.37585	0.35864	0.343783	0.3362	0.344732	0.371671	0.420111	0.470146	0.503032	0.513009	0.48727	0.408921	0.298977	0.185718	0.081018	-0.00747367	-0.0659884	
0.833318	0.724913	0.608965	0.50288	0.421586	0.359311	0.308649	0.273342	0.245461	0.225566	0.211391	0.206727	0.205501	0.213796	0.243881	0.272435	0.285507	0.278648	0.237701	0.152145	0.0531875	-0.0367551	-0.115543	-0.184433	-0.22509	
0.731266	0.608965	0.490161	0.388017	0.30605	0.239555	0.188261	0.154287	0.119364	0.0862353	0.0613083	0.049618	0.0322466	0.0206126	0.0308748	0.0365803	0.0329521	0.0114031	-0.0463797	-0.130012	-0.210833	-0.279385	-0.331999	-0.376964	-0.400372	
0.62682	0.50288	0.388017	0.288155	0.204893	0.138608	0.0898828	0.0512565	0.000140098	-0.0485938	-0.0871086	-0.118523	-0.153082	-0.184777	-0.196598	-0.208355	-0.227566	-0.263078	-0.324826	-0.396303	-0.462153	-0.516506	-0.551371	-0.579526	-0.581025	
0.541033	0.421586	0.30605	0.204893	0.127556	0.0689232	0.0208434	-0.0292224	-0.0922962	-0.159459	-0.22495	-0.277726	-0.328872	-0.382623	-0.420596	-0.447133	-0.480188	-0.529746	-0.586809	-0.644003	-0.692316	-0.728922	-0.753287	-0.76348	-0.743279	
0.482662	0.359311	0.239555	0.138608	0.0689232	0.0168609	-0.0355147	-0.0962302	-0.166654	-0.2496	-0.336856	-0.411475	-0.480506	-0.545539	-0.594969	-0.639806	-0.690297	-0.745236	-0.801266	-0.848908	-0.880892	-0.89872	-0.90796	-0.898344	-0.859008	
0.437725	0.308649	0.188261	0.0898828	0.0208434	-0.0355147	-0.0917309	-0.159921	-0.236615	-0.327256	-0.421838	-0.511626	-0.589571	-0.653324	-0.705099	-0.762682	-0.82107	-0.880479	-0.938754	-0.979237	-0.997052	-0.997994	-0.987018	-0.960305	-0.916575	
0.400624	0.273342	0.154287	0.0512565	-0.0292224	-0.0962302	-0.159921	-0.235864	-0.316218	-0.400438	-0.495075	-0.586253	-0.660638	-0.719133	-0.770889	-0.823904	-0.874408	-0.928748	-0.981947	-1.01408	-1.01541	-1.00136	-0.97363	-0.936797	-0.895991	
0.37585	0.245461	0.119364	0.000140098	-0.0922962	-0.166654	-0.236615	-0.316218	-0.397823	-0.477077	-0.562426	-0.646674	-0.708051	-0.749694	-0.783319	-0.820723	-0.858439	-0.898387	-0.933695	-0.952858	-0.940597	-0.907728	-0.868206	-0.83156	-0.799119	
0.35864	0.225566	0.0862353	-0.0485938	-0.159459	-0.2496	-0.327256	-0.400438	-0.477077	-0.550789	-0.613022	-0.669851	-0.708486	-0.72658	-0.73707	-0.747595	-0.763798	-0.790359	-0.809815	-0.813215	-0.791986	-0.753247	-0.707318	-0.669526	-0.638069	
0.343783	0.211391	0.0613083	-0.0871086	-0.22495	-0.336856	-0.421838	-0.495075	-0.562426	-0.613022	-0.642777	-0.653908	-0.648837	-0.635302	-0.621228	-0.61564	-0.623933	-0.638442	-0.646392	-0.641077	-0.615075	-0.574308	-0.52518	-0.481436	-0.449059	
0.3362	0.206727	0.049618	-0.118523	-0.277726	-0.411475	-0.511626	-0.586253	-0.646674	-0.669851	-0.653908	-0.603945	-0.546425	-0.502313	-0.471556	-0.463441	-0.470696	-0.478992	-0.481971	-0.469199	-0.43838	-0.397881	-0.353928	-0.306605	-0.275302	
0.344732	0.205501	0.0322466	-0.153082	-0.328872	-0.480506	-0.589571	-0.660638	-0.708051	-0.708486	-0.648837	-0.546425	-0.445817	-0.372009	-0.329465	-0.31275	-0.320497	-0.333382	-0.336749	-0.320844	-0.289286	-0.254056	-0.211327	-0.172314	-0.145866	
0.371671	0.213796	0.0206126	-0.184777	-0.382623	-0.545539	-0.653324	-0.719133	-0.749694	-0.72658	-0.635302	-0.502313	-0.372009	-0.269449	-0.208437	-0.183582	-0.183292	-0.202807	-0.220475	-0.21376	-0.186572	-0.151055	-0.113986	-0.0824864	-0.0604753	
0.420111	0.243881	0.0308748	-0.196598	-0.420596	-0.594969	-0.705099	-0.770889	-0.783319	-0.73707	-0.621228	-0.471556	-0.329465	-0.208437	-0.125227	-0.0887361	-0.0867768	-0.107704	-0.138179	-0.141739	-0.121432	-0.0875064	-0.0578961	-0.0306931	-0.00631637	
0.470146	0.272435	0.0365803	-0.208355	-0.447133	-0.639806	-0.762682	-0.823904	-0.820723	-0.747595	-0.61564	-0.463441	-0.31275	-0.183582	-0.0887361	-0.0413312	-0.0330827	-0.0545127	-0.0848343	-0.096415	-0.0851619	-0.0534788	-0.0312691	-0.00435898	0.025962	
0.503032	0.285507	0.0329521	-0.227566	-0.480188	-0.690297	-0.82107	-0.874408	-0.858439	-0.763798	-0.623933	-0.470696	-0.320497	-0.183292	-0.0867768	-0.0330827	-0.0119289	-0.020561	-0.0404076	-0.0593028	-0.0597317	-0.0408537	-0.0239682	0.00517004	0.0474571	
0.513009	0.278648	0.0114031	-0.263078	-0.529746	-0.745236	-0.880479	-0.928748	-0.898387	-0.790359	-0.638442	-0.478992	-0.333382	-0.202807	-0.107704	-0.0545127	-0.020561	-0.00637008	-0.00729648	-0.0263776	-0.0425061	-0.0438239	-0.0288344	0.00709824	0.0616588	
0.48727	0.237701	-0.0463797	-0.324826	-0.586809	-0.801266	-0.938754	-0.981947	-0.933695	-0.809815	-0.646392	-0.481971	-0.336749	-0.220475	-0.138179	-0.0848343	-0.0404076	-0.00729648	-0.00145329	-0.0170001	-0.0364553	-0.0467144	-0.0281691	0.0173182	0.0794419	
0.408921	0.152145	-0.130012	-0.396303	-0.644003	-0.848908	-0.979237	-1.01408	-0.952858	-0.813215	-0.641077	-0.469199	-0.320844	-0.21376	-0.141739	-0.096415	-0.0593028	-0.0263776	-0.0170001	-0.0210321	-0.0333661	-0.0397983	-0.0197311	0.0319014	0.0910612	
0.298977	0.0531875	-0.210833	-0.462153	-0.692316	-0.880892	-0.997052	-1.01541	-0.940597	-0.791986	-0.615075	-0.43838	-0.289286	-0.186572	-0.121432	-0.0851619	-0.0597317	-0.0425061	-0.0364553	-0.0333661	-0.0367603	-0.0280863	-0.00162419	0.0454959	0.0977517	
0.185718	-0.0367551	-0.279385	-0.516506	-0.728922	-0.89872	-0.997994	-1.00136	-0.907728	-0.753247	-0.574308	-0.397881	-0.254056	-0.151055	-0.0875064	-0.0534788	-0.0408537	-0.0438239	-0.0467144	-0.0397983	-0.0280863	-0.00828084	0.0245845	0.0668922	0.107551	
0.081018	-0.115543	-0.331999	-0.551371	-0.753287	-0.90796	-0.987018	-0.97363	-0.868206	-0.707318	-0.52518	-0.353928	-0.211327	-0.113986	-0.0578961	-0.0312691	-0.0239682	-0.0288344	-0.0281691	-0.0197311	-0.00162419	0.0245845	0.0535029	0.0874956	0.11835	
-0.00747367	-0.184433	-0.376964	-0.579526	-0.76348	-0.898344	-0.960305	-0.936797	-0.83156	-0.669526	-0.481436	-0.306605	-0.172314	-0.0824864	-0.0306931	-0.00435898	0.00517004	0.00709824	0.0173182	0.0319014	0.0454959	0.0668922	0.0874956	0.107457	0.123761	
-0.0659884	-0.22509	-0.400372	-0.581025	-0.743279	-0.859008	-0.916575	-0.895991	-0.799119	-0.638069	-0.449059	-0.275302	-0.145866	-0.0604753	-0.00631637	0.025962	0.0474571	0.0616588	0.0794419	0.0910612	0.0977517	0.107551	0.11835	0.123761	0.120723	
-0.0878029	-0.225737	-0.380386	-0.53975	-0.687389	-0.800355	-0.855158	-0.839132	-0.74925	-0.597311	-0.420587	-0.26	-0.13729	-0.0504917	0.00644217	0.0447385	0.0740825	0.104586	0.128022	0.138902	0.141692	0.131003	0.121937	0.113519	0.0961766	
-0.0714943	-0.191434	-0.327554	-0.470718	-0.60669	-0.713972	-0.768701	-0.755896	-0.673007	-0.539065	-0.384682	-0.244894	-0.129952	-0.0473299	0.0152711	0.0628624	0.0969858	0.131087	0.156716	0.166482	0.156179	0.1304	0.101586	0.0728043	0.0334728	
-0.0250281	-0.134577	-0.260462	-0.391874	-0.507115	-0.599579	-0.651779	-0.643391	-0.571615	-0.462634	-0.341683	-0.225348	-0.11957	-0.0336916	0.0311495	0.0849311	0.118912	0.146002	0.163308	0.164518	0.142891	0.103124	0.0584707	0.00422784	-0.0591937	
0.0313935	-0.0736504	-0.193944	-0.314598	-0.411242	-0.487727	-0.535948	-0.530847	-0.472839	-0.39159	-0.30478	-0.207405	-0.106395	-0.0148692	0.0489808	0.0980606	0.128811	0.146068	0.152305	0.143312	0.113312	0.0572703	-0.0050283	-0.0726609	-0.150547	
0.0772589	-0.0288444	-0.151589	-0.264408	-0.346675	-0.40737	-0.452592	-0.455487	-0.409404	-0.350769	-0.283914	-0.199188	-0.0963988	-0.00644061	0.0575446	0.10576	0.133197	0.138213	0.135277	0.11528	0.0739328	0.0185459	-0.04587	-0.120739	-0.209942	
0.0864434	-0.0201603	-0.143584	-0.257108	-0.334758	-0.391927	-0.436677	-0.442454	-0.39907	-0.345264	-0.280367	-0.196209	-0.0957158	-0.00650487	0.0591105	0.109045	0.135982	0.136609	0.130058	0.110337	0.066877	0.0117264	-0.053235	-0.12851	-0.22076	
0.0529697	-0.0529906	-0.173593	-0.290075	-0.380679	-0.449555	-0.496222	-0.494472	-0.441434	-0.370561	-0.294186	-0.203342	-0.100901	-0.00992362	0.053238	0.100407	0.1295	0.142733	0.14597	0.131165	0.0956316	0.0387215	-0.0253068	-0.0968302	-0.180297	
-0.00282629	-0.109965	-0.232402	-0.359618	-0.465927	-0.552821	-0.603816	-0.595873	-0.529975	-0.431988	-0.326146	-0.21753	-0.114754	-0.0251899	0.0393391	0.0919706	0.124623	0.148309	0.159987	0.157857	0.134364	0.086188	0.0332353	-0.0271457	-0.09725	
-0.0554258	-0.170258	-0.301401	-0.439698	-0.568076	-0.670154	-0.724242	-0.713785	-0.634737	-0.509622	-0.367238	-0.23711	-0.125964	-0.0439586	0.0202676	0.071561	0.106064	0.138081	0.161934	0.168711	0.152485	0.122438	0.0879012	0.0480581	-0.0017739	
-0.0857702	-0.215903	-0.362218	-0.514294	-0.658178	-0.770103	-0.824317	-0.809857	-0.721483	-0.576452	-0.407635	-0.254662	-0.135273	-0.0491722	0.0100562	0.0516769	0.0829234	0.116547	0.142014	0.153487	0.151617	0.133784	0.116787	0.100448	0.0757211	
-0.0794137	-0.230443	-0.397613	-0.568845	-0.724245	-0.83766	-0.894731	-0.875291	-0.781899	-0.62325	-0.438281	-0.268111	-0.141255	-0.0548114	0.000134471	0.034643	0.0609691	0.0817626	0.100759	0.11237	0.117947	0.119687	0.123387	0.123798	0.114915	
-0.0349306	-0.204804	-0.391271	-0.584852	-0.760318	-0.885918	-0.944505	-0.921439	-0.819719	-0.656796	-0.466745	-0.291377	-0.159668	-0.0727611	-0.020375	0.00842138	0.0215279	0.0275645	0.0421082	0.0557364	0.0656709	0.0840809	0.102313	0.115006	0.12409	
0.0425608	-0.145057	-0.35047	-0.56375	-0.759482	-0.907703	-0.978232	-0.959827	-0.852788	-0.691497	-0.507173	-0.33363	-0.194616	-0.100336	-0.0467701	-0.0215233	-0.0141532	-0.0168986	-0.0132014	-0.00107158	0.0160055	0.040744	0.0660504	0.0956559	0.121752	
0.142557	-0.070244	-0.30197	-0.531724	-0.74005	-0.903597	-0.994784	-0.991711	-0.891425	-0.734419	-0.555271	-0.381765	-0.237234	-0.135871	-0.0749866	-0.0438092	-0.0342813	-0.0401045	-0.0436185	-0.0365009	-0.0207597	0.00276999	0.036461	0.0758269	0.111692	
0.252708	0.0158345	-0.23936	-0.486242	-0.708596	-0.889587	-0.999654	-1.0111	-0.929979	-0.778162	-0.599812	-0.421848	-0.276403	-0.173345	-0.108086	-0.0725258	-0.052671	-0.0448734	-0.0428275	-0.0373036	-0.0341114	-0.0211366	0.00756727	0.0531262	0.101825	
0.366869	0.112252	-0.163352	-0.423378	-0.664302	-0.863843	-0.988356	-1.01735	-0.951123	-0.807563	-0.633333	-0.459493	-0.308636	-0.204327	-0.136361	-0.0950897	-0.0630827	-0.034832	-0.0252541	-0.0258393	-0.0357179	-0.0355892	-0.012646	0.03723	0.0931466	
0.461579	0.207824	-0.0781729	-0.352987	-0.610229	-0.822056	-0.958771	-0.999096	-0.94409	-0.813352	-0.646458	-0.47868	-0.333465	-0.221483	-0.143037	-0.0915498	-0.048417	-0.0131163	-0.00649227	-0.0173168	-0.0335561	-0.0451769	-0.0261676	0.0235568	0.0856525	
0.508377	0.267382	-0.00755751	-0.285171	-0.55243	-0.767671	-0.904235	-0.950775	-0.914163	-0.799649	-0.642468	-0.480981	-0.336348	-0.211537	-0.120902	-0.0680622	-0.0282296	-0.00508244	-0.0018845	-0.0197402	-0.0398541	-0.0459578	-0.0291349	0.00968748	0.0676406	
0.510263	0.286047	0.0274554	-0.2387	-0.498267	-0.711839	-0.844586	-0.895349	-0.87407	-0.774373	-0.629977	-0.474461	-0.32642	-0.189103	-0.0924237	-0.0384301	-0.0123009	-0.0123015	-0.0238003	-0.0440873	-0.0516539	-0.0409437	-0.0250619	0.00572981	0.0543022	
0.485523	0.279133	0.0363087	-0.214806	-0.45812	-0.659436	-0.786701	-0.844469	-0.835249	-0.752627	-0.617537	-0.465163	-0.313661	-0.180818	-0.0850153	-0.0339574	-0.0211433	-0.0397314	-0.067179	-0.081616	-0.0743253	-0.0459823	-0.0268426	0.00084907	0.0352548	
0.441341	0.256811	0.0347418	-0.200555	-0.431865	-0.61284	-0.727237	-0.79223	-0.798325	-0.740503	-0.616678	-0.466347	-0.319529	-0.195234	-0.104997	-0.0641899	-0.0606961	-0.0821843	-0.113588	-0.121573	-0.105246	-0.0710238	-0.0443249	-0.0173748	0.008862	
0.388928	0.224583	0.0231999	-0.191024	-0.399733	-0.566738	-0.674474	-0.739247	-0.76317	-0.730958	-0.629261	-0.487821	-0.351547	-0.239957	-0.169296	-0.140501	-0.138059	-0.15923	-0.183715	-0.181127	-0.15575	-0.12111	-0.0873033	-0.0578021	-0.0360947	
0.35293	0.20608	0.024997	-0.167558	-0.351014	-0.508168	-0.617598	-0.685986	-0.725964	-0.717533	-0.644155	-0.527455	-0.412552	-0.326598	-0.27804	-0.257601	-0.263467	-0.278637	-0.287207	-0.273387	-0.243039	-0.208064	-0.165981	-0.131286	-0.107252	
0.337172	0.206091	0.0439167	-0.131852	-0.297873	-0.438586	-0.544232	-0.618592	-0.674935	-0.68841	-0.653707	-0.579834	-0.503956	-0.448357	-0.412569	-0.401618	-0.409386	-0.4185	-0.420392	-0.405981	-0.373447	-0.335092	-0.292827	-0.24689	-0.216734	
0.339538	0.20848	0.0559804	-0.100383	-0.247176	-0.368989	-0.458204	-0.532303	-0.597129	-0.636561	-0.649351	-0.637498	-0.610653	-0.584081	-0.563133	-0.555736	-0.562936	-0.574345	-0.579968	-0.57093	-0.543315	-0.501845	-0.453977	-0.407953	-0.376476	
