-0.419294	-0.432906	-0.430035	-0.407809	-0.380394	-0.374256	-0.396383	-0.422885	-0.434354	-0.426204	-0.404223	-0.371465	-0.328243	-0.269554	-0.190538	-0.0961656	0.00640551	0.127193	0.251406	0.359819	0.450407	0.518603	0.552258	0.554492	0.53032	
-0.343566	-0.34641	-0.344128	-0.333277	-0.316312	-0.31148	-0.326776	-0.341416	-0.346535	-0.344833	-0.33968	-0.324656	-0.299264	-0.263564	-0.217391	-0.16095	-0.0904073	0.00910119	0.124732	0.235203	0.327687	0.400329	0.445102	0.465942	0.458602	
-0.262363	-0.257638	-0.258943	-0.2607	-0.25533	-0.253976	-0.258878	-0.260424	-0.257349	-0.260164	-0.265097	-0.270731	-0.261895	-0.246281	-0.233805	-0.216272	-0.179256	-0.107821	-0.00845604	0.0995291	0.195191	0.273979	0.332074	0.375339	0.383305	
-0.192146	-0.190253	-0.200587	-0.213647	-0.220558	-0.222076	-0.217012	-0.205948	-0.192951	-0.190121	-0.200507	-0.224898	-0.239623	-0.245829	-0.258705	-0.26694	-0.252633	-0.201776	-0.120472	-0.0219363	0.0768543	0.163274	0.235678	0.296996	0.321237	
-0.164312	-0.168429	-0.186037	-0.205986	-0.222259	-0.225087	-0.214072	-0.193574	-0.174865	-0.162974	-0.175491	-0.20701	-0.236991	-0.257124	-0.282981	-0.30717	-0.30657	-0.271667	-0.201853	-0.110406	-0.00614422	0.0903351	0.177437	0.242344	0.274528	
-0.183103	-0.190884	-0.216139	-0.248604	-0.271647	-0.275602	-0.259843	-0.229033	-0.199179	-0.183276	-0.191667	-0.219722	-0.251271	-0.27604	-0.307689	-0.336822	-0.341292	-0.304637	-0.233995	-0.139797	-0.037701	0.0602968	0.144765	0.20235	0.234848	
-0.245342	-0.262572	-0.300211	-0.341728	-0.369228	-0.373422	-0.35514	-0.31739	-0.27604	-0.248931	-0.247653	-0.260383	-0.274863	-0.293189	-0.317034	-0.334113	-0.3269	-0.279521	-0.198586	-0.103441	-0.00933468	0.0759393	0.144162	0.18667	0.213025	
-0.340325	-0.377006	-0.426615	-0.467672	-0.486919	-0.488982	-0.477654	-0.445386	-0.396346	-0.352591	-0.326672	-0.308748	-0.292764	-0.28631	-0.282682	-0.27322	-0.245079	-0.189526	-0.113215	-0.0271414	0.0574772	0.126879	0.178138	0.206525	0.226963	
-0.420198	-0.486626	-0.55183	-0.591374	-0.603896	-0.604468	-0.599227	-0.571317	-0.514451	-0.44615	-0.383816	-0.331823	-0.28269	-0.245457	-0.208882	-0.169154	-0.118959	-0.0606187	0.00198738	0.0736514	0.148014	0.207887	0.240232	0.256351	0.265572	
-0.465173	-0.559994	-0.63611	-0.678442	-0.691027	-0.692817	-0.68607	-0.657631	-0.593219	-0.504759	-0.406301	-0.31633	-0.23293	-0.162861	-0.100995	-0.0406881	0.0233161	0.0864963	0.14359	0.202887	0.269113	0.321154	0.3361	0.331512	0.324372	
-0.460205	-0.568102	-0.649486	-0.693355	-0.711496	-0.714641	-0.702865	-0.671265	-0.604556	-0.505634	-0.388302	-0.266246	-0.150447	-0.0530603	0.0292689	0.099442	0.168863	0.239063	0.297158	0.345103	0.400069	0.442697	0.447256	0.422946	0.387598	
-0.389629	-0.504294	-0.590851	-0.641671	-0.662766	-0.665197	-0.652742	-0.615555	-0.543104	-0.438082	-0.312442	-0.176584	-0.0442477	0.0709201	0.16142	0.237577	0.309963	0.380031	0.44118	0.48602	0.522465	0.552993	0.549441	0.504885	0.439406	
-0.254402	-0.378447	-0.478896	-0.543997	-0.570691	-0.574051	-0.558059	-0.510359	-0.422669	-0.304285	-0.179802	-0.0462119	0.0844341	0.201617	0.292882	0.372834	0.441595	0.506238	0.56206	0.604323	0.633219	0.64874	0.630578	0.568676	0.48002	
-0.0821927	-0.207718	-0.320481	-0.397568	-0.436513	-0.44302	-0.41728	-0.356966	-0.256099	-0.131549	-0.0125494	0.106424	0.230704	0.342635	0.429697	0.505057	0.566261	0.618677	0.657794	0.687097	0.706561	0.708311	0.673018	0.595586	0.4941	
0.104901	-0.00970061	-0.114674	-0.199714	-0.25026	-0.258521	-0.225011	-0.152005	-0.0536256	0.0604731	0.16471	0.266014	0.377224	0.485157	0.566755	0.631738	0.683054	0.725304	0.745423	0.748923	0.742527	0.725327	0.674819	0.58149	0.46754	
0.28374	0.188929	0.100992	0.023591	-0.0275106	-0.036705	-0.000841302	0.0679467	0.152843	0.246609	0.333903	0.417605	0.518016	0.61671	0.695187	0.751945	0.786372	0.815561	0.824589	0.801644	0.763293	0.719467	0.653764	0.550687	0.421289	
0.443113	0.363288	0.286463	0.218662	0.178513	0.171792	0.198977	0.257256	0.332189	0.411568	0.486945	0.55818	0.644783	0.731588	0.806729	0.858895	0.880055	0.890543	0.881301	0.841879	0.777773	0.701597	0.619334	0.512955	0.375647	
0.573132	0.49323	0.41604	0.355034	0.325148	0.321537	0.339061	0.388667	0.461738	0.542078	0.616174	0.686046	0.764917	0.838129	0.900277	0.94312	0.953592	0.941817	0.910384	0.852211	0.773306	0.677119	0.573479	0.458214	0.32318	
0.665842	0.573775	0.486619	0.418762	0.387471	0.383284	0.401499	0.455865	0.537932	0.629122	0.717082	0.794285	0.865659	0.924225	0.966725	0.990304	0.991487	0.968654	0.914941	0.835231	0.742757	0.635377	0.51686	0.391408	0.25544	
0.696088	0.585282	0.483902	0.405989	0.361723	0.353847	0.38402	0.449275	0.542728	0.651399	0.759978	0.853364	0.921769	0.969939	1.00002	1.01079	1.00166	0.97222	0.90581	0.809236	0.700046	0.58091	0.45378	0.321231	0.1832	
0.648063	0.521397	0.412355	0.328438	0.276141	0.267048	0.303356	0.375442	0.475202	0.596198	0.725954	0.841611	0.919987	0.971252	1.00246	1.01086	0.993708	0.948095	0.870195	0.767947	0.645926	0.515233	0.380235	0.246313	0.112642	
0.537196	0.400923	0.286889	0.199967	0.148514	0.139426	0.174617	0.248737	0.352027	0.480743	0.62472	0.763775	0.866245	0.93566	0.977694	0.989461	0.964265	0.899373	0.804786	0.697665	0.575034	0.437349	0.29507	0.16193	0.0330491	
0.383787	0.242596	0.125482	0.0410638	-0.00952344	-0.0190747	0.0167418	0.0869777	0.192386	0.324543	0.477264	0.634348	0.769208	0.868159	0.929297	0.949517	0.918274	0.837771	0.726912	0.609672	0.478149	0.335775	0.189856	0.0537334	-0.0652252	
0.204981	0.0639208	-0.0452065	-0.125566	-0.175905	-0.18484	-0.149825	-0.0806548	0.0157457	0.145337	0.301123	0.472721	0.634714	0.767792	0.857128	0.889574	0.855367	0.763313	0.642515	0.511047	0.369499	0.218285	0.0652573	-0.0739528	-0.184206	
0.02245	-0.113985	-0.217548	-0.299444	-0.355153	-0.365337	-0.325573	-0.252566	-0.15895	-0.0369335	0.12202	0.297778	0.474967	0.630099	0.744992	0.798362	0.77772	0.689524	0.568368	0.427502	0.270414	0.102201	-0.0653282	-0.211784	-0.313973	
-0.144569	-0.280718	-0.386877	-0.473449	-0.535552	-0.547523	-0.502324	-0.423256	-0.326454	-0.20249	-0.0470353	0.1314	0.314747	0.479854	0.610561	0.686025	0.68677	0.615368	0.499325	0.350407	0.178664	-0.00781866	-0.188228	-0.34184	-0.440125	
-0.280718	-0.420342	-0.535184	-0.627947	-0.689186	-0.700345	-0.657319	-0.575244	-0.46899	-0.339886	-0.1832	-0.00795306	0.172466	0.34073	0.479461	0.567556	0.587776	0.531754	0.421262	0.263036	0.0719512	-0.13084	-0.314923	-0.460656	-0.550718	
-0.386877	-0.535184	-0.662396	-0.759131	-0.817223	-0.827193	-0.787943	-0.70443	-0.589312	-0.449197	-0.286542	-0.114345	0.057891	0.224368	0.36848	0.462148	0.49558	0.451774	0.344967	0.180643	-0.0269227	-0.242222	-0.422319	-0.551825	-0.633585	
-0.473449	-0.627947	-0.759131	-0.852662	-0.90811	-0.918699	-0.879476	-0.801462	-0.684016	-0.538059	-0.370896	-0.193588	-0.0253446	0.138034	0.282558	0.381131	0.422924	0.389819	0.28075	0.10702	-0.110236	-0.32401	-0.49174	-0.608271	-0.679085	
-0.535552	-0.689186	-0.817223	-0.90811	-0.962353	-0.972496	-0.934618	-0.857816	-0.743834	-0.600226	-0.429006	-0.245719	-0.0751523	0.0873032	0.230898	0.332289	0.38686	0.361244	0.245786	0.0601006	-0.163263	-0.368049	-0.523097	-0.629829	-0.698689	
-0.547523	-0.700345	-0.827193	-0.918699	-0.972496	-0.982316	-0.945212	-0.867765	-0.754546	-0.612029	-0.439816	-0.254952	-0.0847589	0.0780083	0.221965	0.323548	0.381303	0.357753	0.240522	0.0516941	-0.172238	-0.375632	-0.527212	-0.632192	-0.701396	
-0.502324	-0.657319	-0.787943	-0.879476	-0.934618	-0.945212	-0.90582	-0.829696	-0.713505	-0.567238	-0.397924	-0.21844	-0.049386	0.112993	0.257436	0.35759	0.403636	0.373944	0.263023	0.0846812	-0.136268	-0.346545	-0.507912	-0.620088	-0.689394	
-0.423256	-0.575244	-0.70443	-0.801462	-0.857816	-0.867765	-0.829696	-0.747314	-0.630578	-0.486742	-0.322486	-0.148781	0.0203425	0.186061	0.330745	0.426674	0.462723	0.423824	0.316868	0.148903	-0.0630142	-0.279676	-0.456002	-0.578899	-0.655918	
-0.326454	-0.46899	-0.589312	-0.684016	-0.743834	-0.754546	-0.713505	-0.630578	-0.519519	-0.386631	-0.227776	-0.0548317	0.123295	0.291197	0.432111	0.52287	0.54979	0.499094	0.390239	0.229634	0.0309443	-0.178315	-0.361397	-0.501312	-0.5881	
-0.20249	-0.339886	-0.449197	-0.538059	-0.600226	-0.612029	-0.567238	-0.486742	-0.386631	-0.260471	-0.10623	0.0715275	0.25479	0.421728	0.556168	0.638183	0.646903	0.582628	0.468987	0.315794	0.137361	-0.0557208	-0.238878	-0.391271	-0.486902	
-0.0470353	-0.1832	-0.286542	-0.370896	-0.429006	-0.439816	-0.397924	-0.322486	-0.227776	-0.10623	0.0526759	0.22919	0.409011	0.570171	0.692576	0.755507	0.742895	0.660836	0.541579	0.397606	0.234218	0.0583126	-0.115148	-0.264811	-0.3658	
0.1314	-0.00795306	-0.114345	-0.193588	-0.245719	-0.254952	-0.21844	-0.148781	-0.0548317	0.0715275	0.22919	0.402961	0.57286	0.716782	0.817781	0.857117	0.825635	0.732855	0.610847	0.475182	0.327661	0.170702	0.0127246	-0.128571	-0.235972	
0.314747	0.172466	0.057891	-0.0253446	-0.0751523	-0.0847589	-0.049386	0.0203425	0.123295	0.25479	0.409011	0.57286	0.719091	0.832647	0.903568	0.928092	0.894655	0.809236	0.693483	0.570133	0.435109	0.289508	0.141536	0.00420078	-0.110371	
0.479854	0.34073	0.224368	0.138034	0.0873032	0.0780083	0.112993	0.186061	0.291197	0.421728	0.570171	0.716782	0.832647	0.912889	0.960997	0.975955	0.948111	0.876658	0.774482	0.664601	0.539744	0.400827	0.256221	0.122726	-0.00424855	
0.610561	0.479461	0.36848	0.282558	0.230898	0.221965	0.257436	0.330745	0.432111	0.556168	0.692576	0.817781	0.903568	0.960997	0.995338	1.00454	0.98398	0.930825	0.846055	0.742229	0.61969	0.485137	0.34726	0.213665	0.0826124	
0.686025	0.567556	0.462148	0.381131	0.332289	0.323548	0.35759	0.426674	0.52287	0.638183	0.755507	0.857117	0.928092	0.975955	1.00454	1.01355	1.00064	0.966293	0.896386	0.796098	0.680809	0.556539	0.426402	0.292222	0.155164	
0.68677	0.587776	0.49558	0.422924	0.38686	0.381303	0.403636	0.462723	0.54979	0.646903	0.742895	0.825635	0.894655	0.948111	0.98398	1.00064	0.997335	0.973423	0.912918	0.825008	0.725876	0.614242	0.49191	0.36384	0.226119	
0.615368	0.531754	0.451774	0.389819	0.361244	0.357753	0.373944	0.423824	0.499094	0.582628	0.660836	0.732855	0.809236	0.876658	0.930825	0.966293	0.973423	0.955173	0.914457	0.84765	0.763783	0.662363	0.552286	0.432186	0.297144	
0.499325	0.421262	0.344967	0.28075	0.245786	0.240522	0.263023	0.316868	0.390239	0.468987	0.541579	0.610847	0.693483	0.774482	0.846055	0.896386	0.912918	0.914457	0.896824	0.850208	0.779197	0.693538	0.602375	0.49329	0.356633	
0.350407	0.263036	0.180643	0.10702	0.0601006	0.0516941	0.0846812	0.148903	0.229634	0.315794	0.397606	0.475182	0.570133	0.664601	0.742229	0.796098	0.825008	0.84765	0.850208	0.820417	0.770733	0.71316	0.641667	0.537317	0.402124	
0.178664	0.0719512	-0.0269227	-0.110236	-0.163263	-0.172238	-0.136268	-0.0630142	0.0309443	0.137361	0.234218	0.327661	0.435109	0.539744	0.61969	0.680809	0.725876	0.763783	0.779197	0.770733	0.750274	0.724774	0.667965	0.56951	0.449849	
-0.00781866	-0.13084	-0.242222	-0.32401	-0.368049	-0.375632	-0.346545	-0.279676	-0.178315	-0.0557208	0.0583126	0.170702	0.289508	0.400827	0.485137	0.556539	0.614242	0.662363	0.693538	0.71316	0.724774	0.719081	0.67817	0.593867	0.48783	
-0.188228	-0.314923	-0.422319	-0.49174	-0.523097	-0.527212	-0.507912	-0.456002	-0.361397	-0.238878	-0.115148	0.0127246	0.141536	0.256221	0.34726	0.426402	0.49191	0.552286	0.602375	0.641667	0.667965	0.67817	0.652932	0.585227	0.489761	
-0.34184	-0.460656	-0.551825	-0.608271	-0.629829	-0.632192	-0.620088	-0.578899	-0.501312	-0.391271	-0.264811	-0.128571	0.00420078	0.122726	0.213665	0.292222	0.36384	0.432186	0.49329	0.537317	0.56951	0.593867	0.585227	0.533059	0.457758	
-0.440125	-0.550718	-0.633585	-0.679085	-0.698689	-0.701396	-0.689394	-0.655918	-0.5881	-0.486902	-0.3658	-0.235972	-0.110371	-0.00424855	0.0826124	0.155164	0.226119	0.297144	0.356633	0.402124	0.449849	0.48783	0.489761	0.457758	0.409525	
