0.207167	0.195738	0.159177	0.105456	0.055016	0.00874939	-0.0415201	-0.0782717	-0.0858624	-0.062119	-0.0294945	-0.00799824	-0.00759464	-0.0247635	-0.0439868	-0.0495393	-0.0540213	-0.0646889	-0.0727249	-0.0725524	-0.0643729	-0.0424187	-0.00345193	0.0446499	0.0849382	
0.195738	0.207066	0.203627	0.182285	0.150207	0.11282	0.0637092	0.0277184	0.0156242	0.0231237	0.0280899	0.0210233	0.00274658	-0.0261899	-0.0465526	-0.045338	-0.0450061	-0.0476104	-0.0445527	-0.0388469	-0.0272451	-0.00465282	0.0276341	0.0536963	0.0645597	
0.159177	0.203627	0.236029	0.244879	0.230493	0.199335	0.165912	0.150073	0.148104	0.145198	0.122696	0.0874058	0.0473274	0.00300968	-0.0274593	-0.0306709	-0.027953	-0.0232084	-0.0145714	-0.00647725	0.00967637	0.0327827	0.0527374	0.0644037	0.0526415	
0.105456	0.182285	0.244879	0.28176	0.288651	0.270604	0.257927	0.261924	0.269046	0.261677	0.230766	0.179982	0.123509	0.0589061	0.00888341	-0.0108669	-0.0141468	0.000381184	0.0208658	0.0352016	0.0524821	0.0754433	0.0925065	0.0871804	0.0510456	
0.055016	0.150207	0.230493	0.288651	0.317312	0.322614	0.329965	0.345276	0.358623	0.355503	0.326658	0.27125	0.200782	0.119814	0.0493356	0.0113071	0.0072272	0.0260911	0.0569888	0.0853588	0.112785	0.133645	0.143268	0.12534	0.0672833	
0.00874939	0.11282	0.199335	0.270604	0.322614	0.350929	0.376247	0.398749	0.418493	0.422212	0.395334	0.334685	0.255662	0.166392	0.0823161	0.0350778	0.0296919	0.0517049	0.0936408	0.135616	0.170477	0.191792	0.19426	0.165493	0.103541	
-0.0415201	0.0637092	0.165912	0.257927	0.329965	0.376247	0.407091	0.429612	0.449554	0.458867	0.437713	0.382906	0.302421	0.20638	0.121066	0.069157	0.0594623	0.08278	0.134484	0.179883	0.21364	0.233759	0.233753	0.209334	0.161615	
-0.0782717	0.0277184	0.150073	0.261924	0.345276	0.398749	0.429612	0.447994	0.464259	0.471967	0.461024	0.41666	0.337177	0.248006	0.170085	0.122326	0.10962	0.130089	0.1765	0.218175	0.253971	0.272002	0.271751	0.261839	0.239017	
-0.0858624	0.0156242	0.148104	0.269046	0.358623	0.418493	0.449554	0.464259	0.470075	0.47572	0.469054	0.427816	0.355144	0.279349	0.208584	0.160632	0.149971	0.168176	0.209151	0.249834	0.285173	0.305089	0.313001	0.32254	0.324924	
-0.062119	0.0231237	0.145198	0.261677	0.355503	0.422212	0.458867	0.471967	0.47572	0.471763	0.455691	0.416906	0.357927	0.293332	0.235666	0.20464	0.202723	0.219795	0.254429	0.294681	0.325859	0.347912	0.371446	0.397757	0.419511	
-0.0294945	0.0280899	0.122696	0.230766	0.326658	0.395334	0.437713	0.461024	0.469054	0.455691	0.432763	0.402299	0.358899	0.308024	0.27535	0.276474	0.292158	0.315082	0.342851	0.369234	0.391886	0.415945	0.451579	0.494522	0.534544	
-0.00799824	0.0210233	0.0874058	0.179982	0.27125	0.334685	0.382906	0.41666	0.427816	0.416906	0.402299	0.38486	0.361127	0.337252	0.340996	0.374804	0.414334	0.451526	0.476831	0.492225	0.511744	0.538003	0.567195	0.608404	0.654332	
-0.00759464	0.00274658	0.0473274	0.123509	0.200782	0.255662	0.302421	0.337177	0.355144	0.357927	0.358899	0.361127	0.365193	0.376036	0.417079	0.486779	0.561824	0.621368	0.65785	0.67859	0.694075	0.706511	0.718974	0.747086	0.78317	
-0.0247635	-0.0261899	0.00300968	0.0589061	0.119814	0.166392	0.20638	0.248006	0.279349	0.293332	0.308024	0.337252	0.376036	0.429808	0.511662	0.621797	0.737433	0.823318	0.873841	0.905442	0.916387	0.905656	0.896021	0.891442	0.906631	
-0.0439868	-0.0465526	-0.0274593	0.00888341	0.0493356	0.0823161	0.121066	0.170085	0.208584	0.235666	0.27535	0.340996	0.417079	0.511662	0.640084	0.788708	0.933699	1.04546	1.11728	1.15277	1.14716	1.11007	1.0602	1.01526	1.00274	
-0.0495393	-0.045338	-0.0306709	-0.0108669	0.0113071	0.0350778	0.069157	0.122326	0.160632	0.20464	0.276474	0.374804	0.486779	0.621797	0.788708	0.967841	1.13358	1.2647	1.34714	1.3748	1.34616	1.27531	1.18502	1.09951	1.04846	
-0.0540213	-0.0450061	-0.027953	-0.0141468	0.0072272	0.0296919	0.0594623	0.10962	0.149971	0.202723	0.292158	0.414334	0.561824	0.737433	0.933699	1.13358	1.31242	1.44847	1.52758	1.53935	1.48358	1.37689	1.24338	1.1164	1.0206	
-0.0646889	-0.0476104	-0.0232084	0.000381184	0.0260911	0.0517049	0.08278	0.130089	0.168176	0.219795	0.315082	0.451526	0.621368	0.823318	1.04546	1.2647	1.44847	1.57992	1.64534	1.63046	1.53882	1.39277	1.21802	1.0471	0.900761	
-0.0727249	-0.0445527	-0.0145714	0.0208658	0.0569888	0.0936408	0.134484	0.1765	0.209151	0.254429	0.342851	0.476831	0.65785	0.873841	1.11728	1.34714	1.52758	1.64534	1.68473	1.63506	1.5034	1.31888	1.1078	0.894282	0.692611	
-0.0725524	-0.0388469	-0.00647725	0.0352016	0.0853588	0.135616	0.179883	0.218175	0.249834	0.294681	0.369234	0.492225	0.67859	0.905442	1.15277	1.3748	1.53935	1.63046	1.63506	1.55058	1.38289	1.15974	0.913857	0.664542	0.423063	
-0.0643729	-0.0272451	0.00967637	0.0524821	0.112785	0.170477	0.21364	0.253971	0.285173	0.325859	0.391886	0.511744	0.694075	0.916387	1.14716	1.34616	1.48358	1.53882	1.5034	1.38289	1.18339	0.929568	0.656348	0.374309	0.106021	
-0.0424187	-0.00465282	0.0327827	0.0754433	0.133645	0.191792	0.233759	0.272002	0.305089	0.347912	0.415945	0.538003	0.706511	0.905656	1.11007	1.27531	1.37689	1.39277	1.31888	1.15974	0.929568	0.647682	0.347078	0.0491112	-0.228859	
-0.00345193	0.0276341	0.0527374	0.0925065	0.143268	0.19426	0.233753	0.271751	0.313001	0.371446	0.451579	0.567195	0.718974	0.896021	1.0602	1.18502	1.24338	1.21802	1.1078	0.913857	0.656348	0.347078	0.020932	-0.296541	-0.570661	
0.0446499	0.0536963	0.0644037	0.0871804	0.12534	0.165493	0.209334	0.261839	0.32254	0.397757	0.494522	0.608404	0.747086	0.891442	1.01526	1.09951	1.1164	1.0471	0.894282	0.664542	0.374309	0.0491112	-0.296541	-0.618731	-0.874827	
0.0849382	0.0645597	0.0526415	0.0510456	0.0672833	0.103541	0.161615	0.239017	0.324924	0.419511	0.534544	0.654332	0.78317	0.906631	1.00274	1.04846	1.0206	0.900761	0.692611	0.423063	0.106021	-0.228859	-0.570661	-0.874827	-1.11054	
0.0961169	0.0559389	0.0188555	-0.0064146	-0.0125074	0.0211277	0.0926764	0.18713	0.302957	0.429701	0.562734	0.69686	0.828149	0.946859	1.02878	1.03565	0.956791	0.784912	0.529867	0.222004	-0.113143	-0.455515	-0.785585	-1.06225	-1.26432	
0.0751092	0.023854	-0.0329497	-0.0762355	-0.102138	-0.0761068	0.00594696	0.118447	0.263324	0.424923	0.579123	0.736943	0.883843	1.00516	1.06785	1.04576	0.924825	0.711166	0.418887	0.0761476	-0.272174	-0.615593	-0.92542	-1.17971	-1.34464	
0.024743	-0.0353887	-0.10069	-0.159588	-0.192484	-0.169133	-0.0829718	0.0445174	0.21535	0.40581	0.591798	0.775425	0.94345	1.06975	1.11853	1.0682	0.91604	0.675303	0.35535	-0.00760433	-0.370553	-0.712061	-1.00418	-1.23331	-1.36906	
-0.0321055	-0.0990156	-0.171134	-0.238792	-0.269393	-0.241448	-0.156454	-0.0237548	0.166752	0.382595	0.599053	0.802321	0.989155	1.12853	1.17486	1.10063	0.923853	0.662073	0.324935	-0.046351	-0.420401	-0.762207	-1.04566	-1.24742	-1.3557	
-0.07132	-0.14045	-0.223847	-0.289585	-0.317151	-0.286517	-0.197943	-0.0611053	0.137513	0.366962	0.595888	0.814178	1.01605	1.1681	1.20706	1.12467	0.938188	0.660827	0.313688	-0.0721682	-0.454662	-0.789542	-1.05827	-1.24116	-1.32913	
-0.0787846	-0.148612	-0.232478	-0.298943	-0.32589	-0.294518	-0.205748	-0.0677187	0.13257	0.362398	0.592748	0.816052	1.02225	1.17436	1.21273	1.12934	0.941676	0.663065	0.314209	-0.076314	-0.461461	-0.792806	-1.05969	-1.23962	-1.32085	
-0.0506061	-0.119081	-0.196004	-0.262604	-0.29252	-0.262665	-0.177399	-0.0423957	0.151905	0.375264	0.599285	0.808972	1.00175	1.14827	1.19085	1.1114	0.928993	0.660057	0.317826	-0.0587042	-0.435914	-0.775748	-1.05252	-1.24581	-1.34563	
0.000961605	-0.0621712	-0.129931	-0.193974	-0.225685	-0.200964	-0.115554	0.0144839	0.194678	0.396548	0.595952	0.78762	0.964194	1.09441	1.14243	1.08136	0.917619	0.667412	0.340259	-0.0253576	-0.393511	-0.736218	-1.02557	-1.24254	-1.36676	
0.0576654	0.0030383	-0.0585282	-0.108167	-0.138499	-0.11543	-0.0302046	0.0896613	0.244926	0.41897	0.584596	0.752853	0.908678	1.03132	1.08611	1.05335	0.919301	0.693826	0.388822	0.034732	-0.318934	-0.66098	-0.962304	-1.20736	-1.36019	
0.0916933	0.0459827	0.000353426	-0.0325409	-0.0475493	-0.0169423	0.0594575	0.160772	0.288603	0.429496	0.569927	0.713208	0.848953	0.968619	1.04332	1.03772	0.939703	0.749983	0.479072	0.15637	-0.184073	-0.527837	-0.850578	-1.11795	-1.30394	
0.0937936	0.063107	0.0415998	0.0296725	0.0368197	0.0726278	0.136247	0.221051	0.319555	0.425415	0.547582	0.671706	0.799479	0.919207	1.01013	1.03972	0.991346	0.849702	0.620902	0.336887	0.0116952	-0.327168	-0.665191	-0.957737	-1.18192	
0.0626754	0.0601647	0.0627494	0.0769812	0.106647	0.143951	0.193079	0.255488	0.325217	0.407458	0.511668	0.627189	0.761257	0.895273	1.00426	1.07347	1.07452	0.985676	0.81123	0.564979	0.262973	-0.066376	-0.412324	-0.729305	-0.978781	
0.0151536	0.0388035	0.0597837	0.0934851	0.140203	0.186926	0.226892	0.269051	0.316561	0.38169	0.467869	0.582153	0.728704	0.892561	1.04051	1.1493	1.1897	1.14795	1.02216	0.814169	0.544019	0.227537	-0.109726	-0.432605	-0.698091	
-0.0284888	0.00818643	0.0406169	0.0844069	0.139304	0.195702	0.236292	0.27408	0.308546	0.357242	0.429235	0.549051	0.709914	0.90132	1.09031	1.2401	1.32465	1.32424	1.2355	1.06177	0.821666	0.526999	0.217068	-0.0878095	-0.366747	
-0.0577057	-0.0195895	0.0193836	0.0613221	0.122484	0.180783	0.224134	0.262925	0.29513	0.334507	0.399787	0.521644	0.700625	0.913635	1.13488	1.32197	1.44591	1.48617	1.43465	1.29905	1.08694	0.822114	0.537289	0.247528	-0.0267643	
-0.0707173	-0.0352865	-0.00125468	0.0414926	0.0966593	0.150412	0.194592	0.234409	0.265079	0.308967	0.37961	0.499135	0.685124	0.913175	1.15501	1.36883	1.52453	1.60177	1.59017	1.49117	1.31127	1.07516	0.817557	0.554086	0.300003	
-0.0737041	-0.0427982	-0.0113812	0.0270466	0.0686134	0.111022	0.153679	0.194011	0.225831	0.270645	0.353404	0.483472	0.667117	0.888382	1.13679	1.36585	1.54115	1.64925	1.67639	1.6133	1.46604	1.26494	1.03911	0.810849	0.59133	
-0.068323	-0.0468095	-0.0198191	0.00955471	0.038312	0.0675975	0.101566	0.147274	0.183467	0.232059	0.326215	0.463763	0.638904	0.846388	1.07815	1.30338	1.48768	1.6151	1.67074	1.64169	1.53474	1.37401	1.18423	0.995915	0.826813	
-0.0576504	-0.0469243	-0.0271065	-0.0105014	0.0117783	0.0352561	0.0650302	0.113305	0.153884	0.207009	0.300003	0.429611	0.588219	0.777038	0.982961	1.19182	1.37266	1.50756	1.58299	1.58591	1.51645	1.39384	1.24345	1.09904	0.984682	
-0.0508413	-0.0448959	-0.0290486	-0.0137257	0.00665039	0.0285671	0.0605891	0.113065	0.152052	0.201299	0.282523	0.391299	0.517387	0.669285	0.849183	1.03716	1.20904	1.34395	1.42646	1.44923	1.40985	1.32473	1.21734	1.11581	1.04743	
-0.0479202	-0.0474138	-0.0320724	-0.00184309	0.0298176	0.058312	0.0953272	0.147209	0.185463	0.219274	0.272343	0.352182	0.44256	0.553031	0.698636	0.859887	1.01459	1.13553	1.21369	1.24638	1.23288	1.18254	1.11611	1.05545	1.02775	
-0.0333391	-0.0365024	-0.012137	0.0352166	0.0883013	0.129985	0.169467	0.213876	0.249976	0.268687	0.290775	0.334079	0.388449	0.458307	0.559088	0.685769	0.814061	0.910732	0.96954	1.00444	1.00956	0.988965	0.965026	0.944499	0.949945	
-0.013396	-0.00817445	0.0296877	0.0984109	0.169104	0.221356	0.264336	0.301434	0.324175	0.331938	0.338799	0.350211	0.367417	0.395318	0.452046	0.536366	0.628506	0.698548	0.740195	0.765565	0.779895	0.783294	0.788686	0.805712	0.833758	
-0.00519651	0.0145948	0.0720291	0.158056	0.244425	0.30467	0.353273	0.387653	0.401412	0.395114	0.386284	0.37612	0.362271	0.351956	0.37044	0.418131	0.471022	0.515912	0.544071	0.55978	0.578275	0.601089	0.623968	0.661307	0.70478	
-0.0189084	0.0267325	0.109189	0.211693	0.307635	0.374387	0.419345	0.448238	0.457711	0.443047	0.422655	0.396248	0.36001	0.317629	0.298518	0.312726	0.337423	0.365371	0.391222	0.410856	0.431399	0.458051	0.492643	0.537383	0.582522	
