1.37727	1.2991	1.17123	1.01868	0.874302	0.753741	0.661997	0.596892	0.553632	0.509037	0.43672	0.327683	0.203638	0.0986338	0.0249359	-0.00186354	0.0230044	0.0905191	0.194902	0.340366	0.491738	0.620251	0.708715	0.742315	0.717	
1.2991	1.26171	1.16956	1.04822	0.93395	0.836658	0.756001	0.682799	0.621581	0.555462	0.462086	0.327917	0.183995	0.0675237	-0.0119295	-0.0477167	-0.025127	0.0388345	0.137582	0.269108	0.406011	0.523346	0.61148	0.663232	0.658384	
1.17123	1.16956	1.11969	1.0397	0.960121	0.88873	0.819589	0.748955	0.675838	0.591698	0.47918	0.32847	0.167347	0.0288663	-0.0678656	-0.11636	-0.0996461	-0.0436661	0.041238	0.150957	0.262932	0.365333	0.451868	0.515814	0.532641	
1.01868	1.04822	1.0397	1.00909	0.96672	0.920925	0.866962	0.800507	0.716245	0.613816	0.484782	0.325957	0.141983	-0.0209474	-0.135037	-0.193104	-0.192179	-0.157547	-0.0928865	-0.00956791	0.0783299	0.166263	0.249056	0.315848	0.346759	
0.874302	0.93395	0.960121	0.96672	0.960091	0.934107	0.890192	0.825045	0.737727	0.622429	0.480776	0.304092	0.104631	-0.0691388	-0.191745	-0.260352	-0.290724	-0.285289	-0.251587	-0.198971	-0.133921	-0.0596198	0.0160557	0.0758477	0.111854	
0.753741	0.836658	0.88873	0.920925	0.934107	0.914829	0.878898	0.824147	0.741756	0.618081	0.455397	0.267408	0.065743	-0.108852	-0.23787	-0.324298	-0.379916	-0.407952	-0.408941	-0.391347	-0.35141	-0.293228	-0.235203	-0.184718	-0.153181	
0.661997	0.756001	0.819589	0.866962	0.890192	0.878898	0.849334	0.805314	0.723738	0.590844	0.422414	0.235459	0.0441537	-0.127991	-0.264661	-0.367937	-0.447182	-0.504531	-0.539879	-0.556426	-0.548684	-0.52112	-0.489012	-0.454532	-0.429852	
0.596892	0.682799	0.748955	0.800507	0.825045	0.824147	0.805314	0.760784	0.668482	0.53466	0.375004	0.200595	0.0283363	-0.126077	-0.260792	-0.377908	-0.476056	-0.554702	-0.615731	-0.664102	-0.693479	-0.706845	-0.710058	-0.702411	-0.693786	
0.553632	0.621581	0.675838	0.716245	0.737727	0.741756	0.723738	0.668482	0.5704	0.443698	0.29601	0.141389	0.00190028	-0.119357	-0.239092	-0.355895	-0.460061	-0.551688	-0.636028	-0.71214	-0.777175	-0.828899	-0.868095	-0.893789	-0.903062	
0.509037	0.555462	0.591698	0.613816	0.622429	0.618081	0.590844	0.53466	0.443698	0.327847	0.202597	0.075542	-0.0311039	-0.124136	-0.220343	-0.320226	-0.420651	-0.521943	-0.621373	-0.718381	-0.811895	-0.890898	-0.952702	-0.996674	-1.01535	
0.43672	0.462086	0.47918	0.484782	0.480776	0.455397	0.422414	0.375004	0.29601	0.202597	0.109599	0.0168189	-0.0642189	-0.133733	-0.203752	-0.287071	-0.382355	-0.48205	-0.580818	-0.687834	-0.800429	-0.892032	-0.957614	-1.00113	-1.01495	
0.327683	0.327917	0.32847	0.325957	0.304092	0.267408	0.235459	0.200595	0.141389	0.075542	0.0168189	-0.0435411	-0.0914552	-0.132983	-0.182583	-0.255825	-0.340796	-0.428083	-0.516822	-0.620603	-0.732202	-0.819412	-0.88164	-0.917606	-0.919462	
0.203638	0.183995	0.167347	0.141983	0.104631	0.065743	0.0441537	0.0283363	0.00190028	-0.0311039	-0.0642189	-0.0914552	-0.104913	-0.122269	-0.160146	-0.221464	-0.293681	-0.37199	-0.452154	-0.538092	-0.625303	-0.696366	-0.748295	-0.771202	-0.755419	
0.0986338	0.0675237	0.0288663	-0.0209474	-0.0691388	-0.108852	-0.127991	-0.126077	-0.119357	-0.124136	-0.133733	-0.132983	-0.122269	-0.126106	-0.151189	-0.197837	-0.256874	-0.326202	-0.39363	-0.454643	-0.514166	-0.563428	-0.59131	-0.585021	-0.54591	
0.0249359	-0.0119295	-0.0678656	-0.135037	-0.191745	-0.23787	-0.264661	-0.260792	-0.239092	-0.220343	-0.203752	-0.182583	-0.160146	-0.151189	-0.164471	-0.199915	-0.243911	-0.293383	-0.337701	-0.376813	-0.415405	-0.438028	-0.428031	-0.380746	-0.311321	
-0.00186354	-0.0477167	-0.11636	-0.193104	-0.260352	-0.324298	-0.367937	-0.377908	-0.355895	-0.320226	-0.287071	-0.255825	-0.221464	-0.197837	-0.199915	-0.225119	-0.255202	-0.280502	-0.301565	-0.321586	-0.336829	-0.326527	-0.273453	-0.185347	-0.0798911	
0.0230044	-0.025127	-0.0996461	-0.192179	-0.290724	-0.379916	-0.447182	-0.476056	-0.460061	-0.420651	-0.382355	-0.340796	-0.293681	-0.256874	-0.243911	-0.255202	-0.274246	-0.288513	-0.294856	-0.299095	-0.285805	-0.235212	-0.143612	-0.017682	0.126293	
0.0905191	0.0388345	-0.0436661	-0.157547	-0.285289	-0.407952	-0.504531	-0.554702	-0.551688	-0.521943	-0.48205	-0.428083	-0.37199	-0.326202	-0.293383	-0.280502	-0.288513	-0.293836	-0.29298	-0.280756	-0.236855	-0.151727	-0.0283926	0.127481	0.307406	
0.194902	0.137582	0.041238	-0.0928865	-0.251587	-0.408941	-0.539879	-0.615731	-0.636028	-0.621373	-0.580818	-0.516822	-0.452154	-0.39363	-0.337701	-0.301565	-0.294856	-0.29298	-0.280895	-0.250287	-0.181177	-0.0767718	0.0672821	0.253572	0.458865	
0.340366	0.269108	0.150957	-0.00956791	-0.198971	-0.391347	-0.556426	-0.664102	-0.71214	-0.718381	-0.687834	-0.620603	-0.538092	-0.454643	-0.376813	-0.321586	-0.299095	-0.280756	-0.250287	-0.197236	-0.115649	-0.00210192	0.159281	0.363677	0.579481	
0.491738	0.406011	0.262932	0.0783299	-0.133921	-0.35141	-0.548684	-0.693479	-0.777175	-0.811895	-0.800429	-0.732202	-0.625303	-0.514166	-0.415405	-0.336829	-0.285805	-0.236855	-0.181177	-0.115649	-0.0248498	0.099807	0.270783	0.468674	0.667613	
0.620251	0.523346	0.365333	0.166263	-0.0596198	-0.293228	-0.52112	-0.706845	-0.828899	-0.890898	-0.892032	-0.819412	-0.696366	-0.563428	-0.438028	-0.326527	-0.235212	-0.151727	-0.0767718	-0.00210192	0.099807	0.235744	0.395952	0.565157	0.73699	
0.708715	0.61148	0.451868	0.249056	0.0160557	-0.235203	-0.489012	-0.710058	-0.868095	-0.952702	-0.957614	-0.88164	-0.748295	-0.59131	-0.428031	-0.273453	-0.143612	-0.0283926	0.0672821	0.159281	0.270783	0.395952	0.526719	0.661668	0.802418	
0.742315	0.663232	0.515814	0.315848	0.0758477	-0.184718	-0.454532	-0.702411	-0.893789	-0.996674	-1.00113	-0.917606	-0.771202	-0.585021	-0.380746	-0.185347	-0.017682	0.127481	0.253572	0.363677	0.468674	0.565157	0.661668	0.764359	0.860757	
0.717	0.658384	0.532641	0.346759	0.111854	-0.153181	-0.429852	-0.693786	-0.903062	-1.01535	-1.01495	-0.919462	-0.755419	-0.54591	-0.311321	-0.0798911	0.126293	0.307406	0.458865	0.579481	0.667613	0.73699	0.802418	0.860757	0.906041	
0.628887	0.607293	0.513028	0.348425	0.123212	-0.141187	-0.422334	-0.689015	-0.899591	-1.00956	-1.00272	-0.894484	-0.71237	-0.482006	-0.225878	0.0362286	0.280548	0.489666	0.656513	0.77509	0.85143	0.896929	0.922557	0.931036	0.930692	
0.491364	0.50729	0.451479	0.315236	0.105749	-0.153106	-0.427867	-0.683635	-0.879373	-0.97897	-0.964089	-0.843842	-0.644083	-0.396482	-0.124831	0.157545	0.432659	0.66508	0.837295	0.952824	1.01451	1.03267	1.01504	0.978369	0.940439	
0.329895	0.381465	0.361014	0.255799	0.0729034	-0.166871	-0.424919	-0.665015	-0.844784	-0.926507	-0.894011	-0.759537	-0.548735	-0.292746	-0.0168367	0.276293	0.571301	0.819511	0.993811	1.09735	1.13674	1.12333	1.07271	1.00375	0.927946	
0.184781	0.26157	0.272611	0.196746	0.0379728	-0.178001	-0.41629	-0.64126	-0.80531	-0.864425	-0.808119	-0.661727	-0.450843	-0.194755	0.085618	0.384442	0.686558	0.937023	1.10968	1.20206	1.2183	1.17783	1.10005	1.00395	0.897909	
0.0878679	0.183402	0.216534	0.1588	0.0154529	-0.188227	-0.411454	-0.625028	-0.775935	-0.817321	-0.745984	-0.596702	-0.390692	-0.132934	0.158437	0.464213	0.761915	1.00624	1.17653	1.26773	1.27214	1.21195	1.11054	0.990529	0.87079	
0.0695458	0.171053	0.208433	0.153383	0.011028	-0.188687	-0.41038	-0.620999	-0.76997	-0.808612	-0.734677	-0.586017	-0.381824	-0.122314	0.172074	0.479719	0.775774	1.0167	1.18847	1.27912	1.28237	1.2179	1.11088	0.986759	0.86463	
0.138874	0.22306	0.244397	0.177637	0.0268615	-0.183447	-0.414181	-0.633929	-0.791226	-0.841592	-0.777891	-0.62949	-0.420404	-0.164206	0.120851	0.422116	0.722266	0.970919	1.14241	1.23411	1.24335	1.19374	1.10599	0.998951	0.885479	
0.267914	0.331546	0.324013	0.230921	0.0588759	-0.170441	-0.420859	-0.655266	-0.829225	-0.901965	-0.859885	-0.719781	-0.507789	-0.251267	0.0252283	0.320977	0.621123	0.872244	1.04617	1.14364	1.1731	1.1483	1.08679	1.00666	0.916941	
0.42734	0.457993	0.417119	0.293575	0.0929807	-0.159388	-0.428539	-0.677779	-0.866882	-0.960141	-0.938984	-0.813553	-0.608249	-0.356118	-0.0819257	0.205583	0.490635	0.730563	0.903768	1.01499	1.06918	1.075	1.04224	0.991508	0.938376	
0.57942	0.573035	0.493217	0.339008	0.119851	-0.144358	-0.423978	-0.687886	-0.893642	-0.999943	-0.990784	-0.877632	-0.688773	-0.45087	-0.1867	0.0849976	0.342101	0.560947	0.730298	0.848819	0.920227	0.9553	0.96294	0.951834	0.936923	
0.688684	0.643587	0.529366	0.351493	0.119148	-0.145129	-0.42497	-0.690908	-0.903245	-1.01675	-1.01312	-0.9122	-0.740951	-0.523365	-0.279523	-0.0343869	0.18765	0.38042	0.540243	0.660291	0.74327	0.803036	0.853898	0.892741	0.917869	
0.739896	0.667631	0.527537	0.331955	0.0935072	-0.17006	-0.442821	-0.699236	-0.899522	-1.007	-1.01061	-0.92203	-0.768697	-0.572772	-0.355079	-0.144999	0.0384525	0.198508	0.335366	0.451217	0.549067	0.634334	0.719152	0.805361	0.881095	
0.729065	0.638151	0.482164	0.279476	0.0425877	-0.212827	-0.475096	-0.707775	-0.880294	-0.972573	-0.977581	-0.900113	-0.762433	-0.593096	-0.412906	-0.24153	-0.0965244	0.0299897	0.137305	0.23647	0.348092	0.462693	0.579207	0.701785	0.826745	
0.661864	0.561946	0.401403	0.199973	-0.0290414	-0.269962	-0.508784	-0.70969	-0.846595	-0.917832	-0.92064	-0.846745	-0.719964	-0.578179	-0.437927	-0.31005	-0.203106	-0.106647	-0.0246027	0.0563213	0.163518	0.298451	0.447955	0.603171	0.763474	
0.546886	0.456716	0.305572	0.113242	-0.10459	-0.328411	-0.538382	-0.699917	-0.799605	-0.845967	-0.841137	-0.770488	-0.656427	-0.536219	-0.427796	-0.337152	-0.270272	-0.207487	-0.143317	-0.0747648	0.0199001	0.150368	0.32015	0.508264	0.696568	
0.401937	0.32427	0.196378	0.0254478	-0.174742	-0.378366	-0.556983	-0.678364	-0.739659	-0.756797	-0.73304	-0.665857	-0.572959	-0.478561	-0.392826	-0.329091	-0.297044	-0.267976	-0.227542	-0.168386	-0.0832141	0.0339796	0.201289	0.406868	0.618225	
0.250116	0.187935	0.0834668	-0.0610367	-0.232021	-0.403595	-0.54808	-0.636921	-0.667885	-0.660096	-0.622641	-0.556353	-0.486585	-0.418724	-0.353486	-0.309835	-0.296868	-0.290453	-0.272402	-0.232252	-0.15693	-0.0482298	0.102692	0.298514	0.511188	
0.126884	0.0733038	-0.0133938	-0.134832	-0.274789	-0.411616	-0.521785	-0.580218	-0.585835	-0.562414	-0.521223	-0.462986	-0.403413	-0.353673	-0.311811	-0.288855	-0.291302	-0.293698	-0.289418	-0.27075	-0.214973	-0.120226	0.0124389	0.180211	0.371462	
0.0458918	-0.00361387	-0.0807382	-0.181771	-0.292367	-0.394309	-0.472558	-0.510149	-0.497793	-0.461027	-0.422425	-0.375754	-0.324731	-0.284004	-0.263443	-0.266194	-0.281041	-0.291606	-0.294876	-0.292559	-0.267484	-0.201244	-0.095569	0.0430252	0.201717	
0.00188426	-0.0451952	-0.116799	-0.198739	-0.276523	-0.349427	-0.402136	-0.41983	-0.399629	-0.360138	-0.323683	-0.289019	-0.249552	-0.220122	-0.216779	-0.23703	-0.262539	-0.282592	-0.29646	-0.309906	-0.314253	-0.288701	-0.219306	-0.114847	0.00612366	
0.007979	-0.0328067	-0.0942027	-0.165515	-0.22565	-0.278031	-0.309305	-0.309741	-0.287128	-0.260724	-0.235138	-0.209265	-0.182488	-0.168135	-0.176842	-0.20775	-0.245892	-0.284747	-0.319679	-0.350352	-0.380183	-0.39067	-0.363662	-0.299862	-0.216292	
0.0642987	0.0319552	-0.0149214	-0.0729545	-0.124943	-0.165518	-0.186779	-0.182079	-0.16674	-0.16205	-0.161046	-0.150808	-0.134674	-0.133257	-0.153662	-0.195413	-0.248277	-0.311165	-0.370033	-0.422624	-0.473322	-0.512161	-0.526209	-0.504299	-0.454062	
0.15853	0.132846	0.10744	0.0717676	0.0299885	-0.00972518	-0.0286196	-0.0361974	-0.0476949	-0.0685773	-0.092765	-0.108102	-0.109423	-0.120917	-0.154104	-0.209712	-0.277329	-0.35205	-0.42848	-0.504579	-0.580282	-0.643159	-0.686732	-0.700355	-0.676094	
0.277152	0.269419	0.263907	0.253669	0.22406	0.186583	0.15904	0.130181	0.0828627	0.029752	-0.0177284	-0.0650173	-0.0984611	-0.128849	-0.173114	-0.24191	-0.321775	-0.404739	-0.489882	-0.587824	-0.691751	-0.773728	-0.833556	-0.865239	-0.860541	
0.397133	0.412425	0.421811	0.425397	0.415039	0.381955	0.348338	0.305685	0.234061	0.151391	0.0719511	-0.00747621	-0.0763925	-0.135173	-0.196002	-0.274848	-0.366411	-0.461883	-0.556994	-0.66466	-0.779362	-0.871285	-0.936343	-0.976757	-0.986321	
