0.0538003	0.085837	0.100309	0.0862953	0.0446187	-0.0204349	-0.100071	-0.181745	-0.242179	-0.25416	-0.206241	-0.10529	0.0288436	0.174301	0.314612	0.452777	0.587686	0.704612	0.80032	0.873539	0.905285	0.923268	0.949488	0.978173	1.00164	
0.085837	0.117733	0.130039	0.112612	0.0742243	0.0129898	-0.0667955	-0.142819	-0.187753	-0.184564	-0.129488	-0.0269335	0.112821	0.260732	0.399243	0.529468	0.647768	0.742977	0.815378	0.865233	0.876502	0.876422	0.886196	0.907738	0.932073	
0.100309	0.130039	0.142383	0.128292	0.0949255	0.0435772	-0.0270612	-0.0830835	-0.106331	-0.0889519	-0.03369	0.0651081	0.206306	0.353829	0.491181	0.610632	0.702071	0.773038	0.816447	0.832353	0.811987	0.786815	0.779101	0.786598	0.806392	
0.0862953	0.112612	0.128292	0.120285	0.0906078	0.0475503	0.00439251	-0.0178055	-0.00966531	0.0264903	0.0874403	0.186729	0.319755	0.458863	0.580709	0.67926	0.747688	0.789784	0.800006	0.772543	0.718011	0.664915	0.634879	0.63129	0.642779	
0.0446187	0.0742243	0.0949255	0.0906078	0.0609489	0.0295134	0.0237108	0.0479146	0.0988912	0.164409	0.240791	0.337905	0.454678	0.569887	0.665986	0.733506	0.773902	0.787822	0.764268	0.694759	0.604202	0.519343	0.467159	0.445112	0.448932	
-0.0204349	0.0129898	0.0435772	0.0475503	0.0295134	0.0222226	0.0578264	0.130636	0.227255	0.325552	0.41619	0.507585	0.602722	0.681901	0.736596	0.769423	0.777145	0.756286	0.702805	0.606729	0.484406	0.368668	0.295516	0.257114	0.24611	
-0.100071	-0.0667955	-0.0270612	0.00439251	0.0237108	0.0578264	0.135531	0.252073	0.381247	0.498845	0.599397	0.69324	0.765189	0.80698	0.818621	0.805746	0.772677	0.71328	0.629046	0.502011	0.351969	0.216054	0.122852	0.0727802	0.0546896	
-0.181745	-0.142819	-0.0830835	-0.0178055	0.0479146	0.130636	0.252073	0.402741	0.554405	0.685476	0.79135	0.873284	0.920644	0.929419	0.901917	0.840535	0.759004	0.657808	0.534827	0.380928	0.22235	0.0790511	-0.0284247	-0.089459	-0.119489	
-0.242179	-0.187753	-0.106331	-0.00966531	0.0988912	0.227255	0.381247	0.554405	0.716512	0.859616	0.966836	1.02916	1.04652	1.02265	0.950192	0.841776	0.718905	0.579089	0.423179	0.256748	0.0999552	-0.0424162	-0.156471	-0.230777	-0.28084	
-0.25416	-0.184564	-0.0889519	0.0264903	0.164409	0.325552	0.498845	0.685476	0.859616	1.0089	1.10864	1.14422	1.12825	1.06419	0.94428	0.797463	0.641775	0.472961	0.299678	0.129584	-0.0222389	-0.156011	-0.265673	-0.346855	-0.405858	
-0.206241	-0.129488	-0.03369	0.0874403	0.240791	0.41619	0.599397	0.79135	0.966836	1.10864	1.18954	1.19677	1.13715	1.02688	0.870797	0.692978	0.510576	0.326384	0.15106	-0.014806	-0.152661	-0.264585	-0.355602	-0.42823	-0.48161	
-0.10529	-0.0269335	0.0651081	0.186729	0.337905	0.507585	0.69324	0.873284	1.02916	1.14422	1.19677	1.16707	1.06224	0.91078	0.725932	0.521389	0.31974	0.136053	-0.0266155	-0.170836	-0.276591	-0.359242	-0.423523	-0.473272	-0.511556	
0.0288436	0.112821	0.206306	0.319755	0.454678	0.602722	0.765189	0.920644	1.04652	1.12825	1.13715	1.06224	0.920281	0.73201	0.522002	0.305891	0.103049	-0.0663292	-0.205207	-0.31665	-0.388315	-0.435501	-0.46515	-0.482076	-0.50088	
0.174301	0.260732	0.353829	0.458863	0.569887	0.681901	0.80698	0.929419	1.02265	1.06419	1.02688	0.91078	0.73201	0.513585	0.288684	0.0785322	-0.106561	-0.255747	-0.364962	-0.437178	-0.474333	-0.481802	-0.474789	-0.463773	-0.465658	
0.314612	0.399243	0.491181	0.580709	0.665986	0.736596	0.818621	0.901917	0.950192	0.94428	0.870797	0.725932	0.522002	0.288684	0.0681954	-0.126994	-0.287297	-0.412839	-0.495052	-0.531245	-0.531765	-0.500053	-0.463233	-0.440181	-0.428739	
0.452777	0.529468	0.610632	0.67926	0.733506	0.769423	0.805746	0.840535	0.841776	0.797463	0.692978	0.521389	0.305891	0.0785322	-0.126994	-0.294193	-0.426929	-0.524738	-0.584648	-0.593167	-0.560163	-0.496771	-0.435387	-0.400637	-0.385413	
0.587686	0.647768	0.702071	0.747688	0.773902	0.777145	0.772677	0.759004	0.718905	0.641775	0.510576	0.31974	0.103049	-0.106561	-0.287297	-0.426929	-0.529444	-0.596094	-0.630338	-0.618004	-0.555589	-0.473572	-0.403854	-0.357363	-0.328488	
0.704612	0.742977	0.773038	0.789784	0.787822	0.756286	0.71328	0.657808	0.579089	0.472961	0.326384	0.136053	-0.0663292	-0.255747	-0.412839	-0.524738	-0.596094	-0.634558	-0.640456	-0.611926	-0.541142	-0.453313	-0.377768	-0.316002	-0.273443	
0.80032	0.815378	0.816447	0.800006	0.764268	0.702805	0.629046	0.534827	0.423179	0.299678	0.15106	-0.0266155	-0.205207	-0.364962	-0.495052	-0.584648	-0.630338	-0.640456	-0.623383	-0.587023	-0.52062	-0.438351	-0.356048	-0.283118	-0.226111	
0.873539	0.865233	0.832353	0.772543	0.694759	0.606729	0.502011	0.380928	0.256748	0.129584	-0.014806	-0.170836	-0.31665	-0.437178	-0.531245	-0.593167	-0.618004	-0.611926	-0.587023	-0.548363	-0.48941	-0.418048	-0.341061	-0.26612	-0.207098	
0.905285	0.876502	0.811987	0.718011	0.604202	0.484406	0.351969	0.22235	0.0999552	-0.0222389	-0.152661	-0.276591	-0.388315	-0.474333	-0.531765	-0.560163	-0.555589	-0.541142	-0.52062	-0.48941	-0.446566	-0.392854	-0.32508	-0.256102	-0.210371	
0.923268	0.876422	0.786815	0.664915	0.519343	0.368668	0.216054	0.0790511	-0.0424162	-0.156011	-0.264585	-0.359242	-0.435501	-0.481802	-0.500053	-0.496771	-0.473572	-0.453313	-0.438351	-0.418048	-0.392854	-0.359797	-0.310781	-0.257613	-0.227994	
0.949488	0.886196	0.779101	0.634879	0.467159	0.295516	0.122852	-0.0284247	-0.156471	-0.265673	-0.355602	-0.423523	-0.46515	-0.474789	-0.463233	-0.435387	-0.403854	-0.377768	-0.356048	-0.341061	-0.32508	-0.310781	-0.287617	-0.262056	-0.250506	
0.978173	0.907738	0.786598	0.63129	0.445112	0.257114	0.0727802	-0.089459	-0.230777	-0.346855	-0.42823	-0.473272	-0.482076	-0.463773	-0.440181	-0.400637	-0.357363	-0.316002	-0.283118	-0.26612	-0.256102	-0.257613	-0.262056	-0.262079	-0.265744	
1.00164	0.932073	0.806392	0.642779	0.448932	0.24611	0.0546896	-0.119489	-0.28084	-0.405858	-0.48161	-0.511556	-0.50088	-0.465658	-0.428739	-0.385413	-0.328488	-0.273443	-0.226111	-0.207098	-0.210371	-0.227994	-0.250506	-0.265744	-0.280317	
1.0203	0.949773	0.835924	0.675267	0.481012	0.270725	0.0622491	-0.138025	-0.319685	-0.449337	-0.523001	-0.54549	-0.527855	-0.483493	-0.431042	-0.380699	-0.317728	-0.252906	-0.198068	-0.178921	-0.191135	-0.220323	-0.256875	-0.284094	-0.304135	
1.03766	0.968553	0.868762	0.722893	0.532482	0.314414	0.0836686	-0.140687	-0.334327	-0.475903	-0.555978	-0.574756	-0.549392	-0.497403	-0.436052	-0.38142	-0.3201	-0.249078	-0.199658	-0.185583	-0.198914	-0.236006	-0.279234	-0.311497	-0.331184	
1.05396	0.989123	0.897302	0.765719	0.58331	0.361229	0.116325	-0.119634	-0.3231	-0.474867	-0.563356	-0.587151	-0.559752	-0.502394	-0.439255	-0.380872	-0.327274	-0.268247	-0.225771	-0.21354	-0.227898	-0.262508	-0.300537	-0.332201	-0.353559	
1.0752	1.02029	0.926418	0.801904	0.629862	0.406665	0.160179	-0.0823869	-0.299307	-0.462131	-0.560519	-0.595331	-0.567856	-0.50286	-0.433375	-0.377519	-0.338562	-0.299176	-0.263452	-0.248186	-0.261195	-0.292959	-0.326855	-0.35131	-0.364008	
1.09657	1.04705	0.957988	0.832334	0.668535	0.443345	0.193169	-0.0523487	-0.276002	-0.450923	-0.564939	-0.605326	-0.571759	-0.504358	-0.433965	-0.380411	-0.346201	-0.318103	-0.287891	-0.277995	-0.290679	-0.317127	-0.3463	-0.360172	-0.36419	
1.10117	1.05275	0.964244	0.839038	0.676855	0.450263	0.20001	-0.0453037	-0.26962	-0.448281	-0.566279	-0.606342	-0.571377	-0.503943	-0.434537	-0.382759	-0.347885	-0.32079	-0.29039	-0.283245	-0.296562	-0.322156	-0.348752	-0.359799	-0.361617	
1.08458	1.03308	0.940299	0.81535	0.64707	0.422879	0.175452	-0.0684938	-0.289523	-0.457488	-0.561725	-0.600051	-0.57011	-0.503115	-0.432574	-0.377601	-0.3421	-0.308877	-0.275651	-0.262284	-0.274919	-0.304288	-0.337011	-0.35721	-0.365707	
1.06146	1.00051	0.907475	0.779921	0.602501	0.379935	0.133984	-0.105368	-0.313901	-0.46951	-0.561749	-0.590046	-0.562881	-0.503374	-0.437935	-0.379486	-0.331952	-0.281548	-0.240707	-0.226537	-0.239957	-0.274517	-0.310121	-0.339303	-0.358587	
1.04456	0.976087	0.881113	0.741773	0.553155	0.333283	0.0948742	-0.135406	-0.332646	-0.478618	-0.562789	-0.581968	-0.554515	-0.499664	-0.4375	-0.381049	-0.322112	-0.252934	-0.207619	-0.195735	-0.209601	-0.245983	-0.288725	-0.320949	-0.341764	
1.02686	0.956995	0.849077	0.693457	0.500943	0.286999	0.06954	-0.141151	-0.328558	-0.462694	-0.537774	-0.557938	-0.537759	-0.490902	-0.433211	-0.381513	-0.318117	-0.249116	-0.195077	-0.177527	-0.190875	-0.224706	-0.263881	-0.294403	-0.314445	
1.00957	0.939838	0.817518	0.653066	0.458169	0.251831	0.0549168	-0.128528	-0.298594	-0.424651	-0.498996	-0.525681	-0.512079	-0.471851	-0.428428	-0.382431	-0.321674	-0.263533	-0.211832	-0.191824	-0.199273	-0.221704	-0.251037	-0.272248	-0.289746	
0.988119	0.91818	0.793169	0.633894	0.443626	0.249044	0.0621816	-0.103894	-0.252232	-0.372858	-0.451976	-0.489219	-0.487554	-0.46142	-0.433799	-0.39306	-0.344056	-0.295864	-0.256783	-0.239338	-0.234645	-0.243318	-0.255529	-0.261314	-0.27047	
0.961299	0.893003	0.780827	0.631183	0.454992	0.276751	0.0986721	-0.0578674	-0.191107	-0.301846	-0.387296	-0.445803	-0.47272	-0.470157	-0.452531	-0.418434	-0.383117	-0.351069	-0.325328	-0.310753	-0.295795	-0.28758	-0.276666	-0.262805	-0.257785	
0.932566	0.879086	0.780984	0.64958	0.494325	0.333862	0.172941	0.0306426	-0.0919131	-0.202928	-0.302989	-0.386443	-0.449536	-0.480316	-0.483788	-0.469527	-0.443275	-0.421598	-0.404761	-0.387006	-0.367016	-0.342491	-0.303236	-0.259927	-0.236724	
0.911704	0.875803	0.800816	0.695092	0.568135	0.434611	0.293317	0.161438	0.0401077	-0.0774593	-0.199955	-0.311723	-0.408644	-0.479919	-0.522549	-0.537264	-0.522353	-0.505434	-0.488618	-0.461842	-0.427166	-0.381756	-0.319225	-0.255177	-0.216146	
0.890905	0.874073	0.827579	0.75314	0.659318	0.559204	0.442852	0.317135	0.192873	0.066504	-0.0741185	-0.217397	-0.350632	-0.456358	-0.535553	-0.584343	-0.597828	-0.588209	-0.563824	-0.527042	-0.4735	-0.408162	-0.334577	-0.260686	-0.206267	
0.833938	0.838476	0.827238	0.793525	0.741268	0.669663	0.582719	0.475723	0.356117	0.229722	0.0831173	-0.0880617	-0.254122	-0.398781	-0.514923	-0.593619	-0.632063	-0.633523	-0.611822	-0.573548	-0.509884	-0.430783	-0.35002	-0.274896	-0.214675	
0.745203	0.774696	0.793333	0.798002	0.783776	0.73934	0.683582	0.612421	0.519243	0.404185	0.255258	0.0689412	-0.124464	-0.303632	-0.451011	-0.554207	-0.613812	-0.640925	-0.635856	-0.603322	-0.534018	-0.448076	-0.368108	-0.301183	-0.252091	
0.636748	0.688804	0.733241	0.767569	0.782572	0.772341	0.751745	0.720308	0.664944	0.575109	0.436046	0.243307	0.0304374	-0.171195	-0.342484	-0.470503	-0.560395	-0.615034	-0.638067	-0.619177	-0.550902	-0.463794	-0.392726	-0.340443	-0.306312	
0.507906	0.579057	0.650094	0.710653	0.75306	0.776024	0.795686	0.810327	0.793947	0.737094	0.620568	0.439654	0.221877	0.00144216	-0.194847	-0.351102	-0.472322	-0.558056	-0.607893	-0.606599	-0.559893	-0.4886	-0.422933	-0.38338	-0.362814	
0.370187	0.451733	0.541562	0.623376	0.696916	0.752498	0.815464	0.880238	0.908934	0.886752	0.800925	0.645153	0.435351	0.202264	-0.0135928	-0.198446	-0.347832	-0.462429	-0.535862	-0.561122	-0.548151	-0.501827	-0.453262	-0.426104	-0.414408	
0.230561	0.317489	0.409961	0.509421	0.611164	0.7067	0.815223	0.922874	1.0004	1.02221	0.96926	0.840722	0.649865	0.422423	0.197294	-0.0083109	-0.183528	-0.323968	-0.42167	-0.477803	-0.499718	-0.491671	-0.472232	-0.454691	-0.449574	
0.0871889	0.173075	0.266527	0.376938	0.502216	0.636928	0.785521	0.928486	1.04135	1.10886	1.09876	1.006	0.8489	0.647594	0.430491	0.215138	0.0176316	-0.144674	-0.272015	-0.368759	-0.426794	-0.458214	-0.472457	-0.477166	-0.489034	
-0.0543916	0.0257409	0.118205	0.23681	0.383095	0.546448	0.725714	0.897375	1.04179	1.14333	1.17981	1.13233	1.01241	0.845751	0.649577	0.43862	0.233482	0.0541359	-0.0990578	-0.230876	-0.322814	-0.392345	-0.443637	-0.480034	-0.510893	
-0.17131	-0.0937151	-0.000220549	0.122061	0.27707	0.451131	0.638029	0.827642	0.99618	1.13009	1.20131	1.19478	1.11635	0.9887	0.82143	0.631438	0.440142	0.255047	0.0817016	-0.0775502	-0.203654	-0.304388	-0.385958	-0.451515	-0.499227	
