0.506215	0.477486	0.427847	0.373937	0.335224	0.327135	0.355968	0.406086	0.45959	0.497332	0.511737	0.501651	0.482248	0.459473	0.438535	0.410305	0.369526	0.317611	0.276782	0.246257	0.225656	0.208356	0.189893	0.170334	0.153266	
0.483267	0.459781	0.411871	0.364222	0.333941	0.328335	0.349541	0.391444	0.442175	0.477962	0.4829	0.460844	0.427299	0.392144	0.359869	0.320229	0.27332	0.229115	0.205556	0.193909	0.192145	0.183659	0.159276	0.132127	0.116264	
0.408741	0.397355	0.365468	0.332032	0.308027	0.302756	0.320632	0.351544	0.385918	0.407286	0.402942	0.371287	0.321691	0.271346	0.230228	0.189698	0.147639	0.114006	0.102713	0.110628	0.123082	0.122277	0.0964697	0.0669172	0.0512774	
0.296662	0.301659	0.285858	0.269771	0.261831	0.260119	0.265723	0.278623	0.296387	0.301651	0.28102	0.235839	0.172657	0.112541	0.0666402	0.0229239	-0.0149703	-0.0360366	-0.0313801	-0.00750306	0.019282	0.0231222	0.0016828	-0.0265681	-0.0368102	
0.162862	0.182101	0.183248	0.186154	0.191392	0.192879	0.188242	0.183994	0.183277	0.173898	0.138233	0.0793136	0.000530865	-0.072793	-0.13014	-0.174984	-0.206346	-0.211789	-0.195777	-0.154506	-0.113276	-0.097885	-0.113685	-0.132131	-0.139014	
0.0283686	0.0621327	0.0798581	0.0952288	0.104239	0.106213	0.0994925	0.0867768	0.0698181	0.0450941	-0.00389715	-0.0801593	-0.179746	-0.270796	-0.337891	-0.383529	-0.408933	-0.400201	-0.363473	-0.301554	-0.246001	-0.220629	-0.226184	-0.237	-0.238229	
-0.0788589	-0.0265982	0.00246685	0.0257953	0.0446155	0.0476387	0.0344087	0.011868	-0.0131362	-0.0541007	-0.125359	-0.227396	-0.343437	-0.449822	-0.523864	-0.565504	-0.575035	-0.549681	-0.495323	-0.417711	-0.343969	-0.30624	-0.304615	-0.309621	-0.310581	
-0.162065	-0.0865612	-0.0328324	0.0128731	0.040258	0.0461919	0.0261459	-0.0124558	-0.0644628	-0.127669	-0.223408	-0.349052	-0.484681	-0.599492	-0.671519	-0.692346	-0.680174	-0.634452	-0.561799	-0.474067	-0.392873	-0.341816	-0.33127	-0.339005	-0.347769	
-0.218487	-0.108481	-0.0172577	0.0576348	0.101645	0.108872	0.0791918	0.0157081	-0.0706478	-0.171505	-0.296913	-0.447154	-0.592324	-0.707344	-0.766387	-0.762179	-0.714464	-0.637925	-0.542305	-0.451435	-0.374274	-0.322094	-0.306214	-0.314474	-0.336019	
-0.235404	-0.0812372	0.0452315	0.144049	0.20565	0.216016	0.173771	0.0881931	-0.0280233	-0.170078	-0.338765	-0.515666	-0.664924	-0.765897	-0.797449	-0.757308	-0.677955	-0.576771	-0.459724	-0.358062	-0.279887	-0.232135	-0.221443	-0.238589	-0.276645	
-0.219108	-0.0338558	0.125047	0.250304	0.321319	0.333769	0.285415	0.181204	0.0321635	-0.141959	-0.339381	-0.53504	-0.689175	-0.772881	-0.77473	-0.700042	-0.587575	-0.459921	-0.328973	-0.221355	-0.137727	-0.087518	-0.0890122	-0.127334	-0.187613	
-0.179373	0.0261858	0.206331	0.347992	0.430872	0.44511	0.388652	0.269504	0.101399	-0.0946087	-0.307591	-0.504838	-0.654679	-0.723469	-0.701281	-0.597115	-0.457865	-0.304406	-0.162165	-0.0511755	0.0261479	0.0711139	0.0562017	-0.0109086	-0.106306	
-0.118526	0.100568	0.289718	0.434285	0.519905	0.534193	0.476406	0.353565	0.180864	-0.0285271	-0.252639	-0.447657	-0.578316	-0.621659	-0.571536	-0.447837	-0.289358	-0.120806	0.0252964	0.126721	0.18262	0.200665	0.167371	0.0816072	-0.0458427	
-0.0493001	0.170563	0.363964	0.510175	0.5922	0.606252	0.551189	0.429178	0.252154	0.0404954	-0.181108	-0.366971	-0.477515	-0.4874	-0.404313	-0.259204	-0.0918596	0.0734738	0.205263	0.293057	0.323958	0.300298	0.231165	0.127009	-0.0188057	
0.0244877	0.23876	0.430799	0.577196	0.66024	0.675324	0.618001	0.4965	0.319023	0.110607	-0.0974298	-0.262476	-0.349159	-0.332624	-0.227034	-0.0727193	0.0954828	0.254018	0.367342	0.426416	0.4278	0.362217	0.247232	0.109728	-0.0481387	
0.113881	0.314435	0.495075	0.633538	0.717192	0.730633	0.674427	0.556572	0.390751	0.193476	-0.00101565	-0.148696	-0.210795	-0.182463	-0.0720627	0.0867342	0.249933	0.390377	0.481931	0.506522	0.467311	0.367506	0.220587	0.0522498	-0.12044	
0.204678	0.385713	0.55369	0.683416	0.751343	0.762108	0.717645	0.612083	0.455365	0.277625	0.0994035	-0.039759	-0.0908096	-0.0545597	0.0492037	0.192995	0.335766	0.451542	0.526062	0.523245	0.445509	0.31023	0.143786	-0.0393763	-0.218609	
0.283581	0.449287	0.600448	0.714469	0.776339	0.787869	0.745764	0.6516	0.511731	0.351274	0.186447	0.0573456	0.00562125	0.0341272	0.117451	0.23756	0.35103	0.436776	0.485949	0.465973	0.365162	0.204572	0.0185011	-0.171606	-0.345609	
0.348725	0.498975	0.63432	0.734899	0.795237	0.807032	0.764014	0.679783	0.555847	0.409237	0.261139	0.141649	0.0748586	0.0787809	0.135267	0.22851	0.314695	0.375303	0.394393	0.34955	0.227157	0.0533097	-0.144242	-0.331029	-0.485081	
0.402377	0.536325	0.653431	0.740106	0.795224	0.804285	0.76646	0.691762	0.587089	0.456356	0.320212	0.200247	0.123936	0.104828	0.132757	0.19087	0.248931	0.283491	0.272425	0.20122	0.0624869	-0.114969	-0.312131	-0.486399	-0.617475	
0.425926	0.54057	0.636132	0.705572	0.742661	0.74804	0.724816	0.667121	0.581855	0.473258	0.353114	0.241193	0.162586	0.122415	0.123901	0.143731	0.164925	0.170223	0.135896	0.0402129	-0.102037	-0.276585	-0.46094	-0.617964	-0.724101	
0.425256	0.495375	0.549904	0.595174	0.620517	0.624345	0.609017	0.569733	0.518089	0.45582	0.372133	0.280805	0.202187	0.145234	0.121906	0.114981	0.104285	0.0793266	0.0193826	-0.0919748	-0.23599	-0.399004	-0.55518	-0.686286	-0.767473	
0.375129	0.390973	0.394337	0.395059	0.394914	0.395714	0.393944	0.39521	0.39296	0.384098	0.355635	0.307412	0.245715	0.192878	0.153972	0.123088	0.0865795	0.036682	-0.0443905	-0.156872	-0.294981	-0.441597	-0.564973	-0.662579	-0.723763	
0.273261	0.223683	0.161691	0.101669	0.0691715	0.0660128	0.0843338	0.136057	0.199671	0.25538	0.294486	0.306928	0.292486	0.26344	0.222253	0.180952	0.131738	0.0615612	-0.0318009	-0.138102	-0.258308	-0.379286	-0.478015	-0.549397	-0.597671	
0.128377	-0.0120262	-0.14892	-0.261535	-0.328088	-0.339577	-0.293957	-0.198193	-0.0684827	0.0736333	0.198765	0.2806	0.329278	0.340896	0.318464	0.284718	0.235645	0.161633	0.0754414	-0.0264644	-0.131094	-0.227053	-0.309643	-0.371595	-0.410964	
-0.0611384	-0.293555	-0.508007	-0.673627	-0.774016	-0.793433	-0.721825	-0.581488	-0.383626	-0.152516	0.059621	0.219688	0.340302	0.41201	0.429361	0.414747	0.373514	0.310245	0.238085	0.151349	0.0581885	-0.0205673	-0.0908746	-0.157858	-0.206223	
-0.293555	-0.592595	-0.873219	-1.1011	-1.23842	-1.26262	-1.16854	-0.973224	-0.708216	-0.41321	-0.120752	0.136825	0.332256	0.460525	0.529516	0.54285	0.516221	0.470377	0.412306	0.344109	0.268351	0.196994	0.129689	0.0551092	-0.0119584	
-0.508007	-0.873219	-1.22046	-1.49839	-1.65767	-1.68223	-1.5777	-1.34314	-1.01673	-0.654297	-0.290088	0.0465616	0.3113	0.495734	0.610795	0.653362	0.644061	0.615598	0.574131	0.519154	0.45717	0.391205	0.320762	0.240002	0.157271	
-0.673627	-1.1011	-1.49839	-1.80822	-1.98817	-2.01812	-1.89808	-1.63568	-1.26676	-0.844756	-0.422259	-0.0361098	0.287598	0.52628	0.671838	0.732934	0.73938	0.723729	0.698083	0.654281	0.601277	0.537719	0.465694	0.383749	0.291261	
-0.774016	-1.23842	-1.65767	-1.98817	-2.18795	-2.22326	-2.08583	-1.80268	-1.41441	-0.961539	-0.501253	-0.0826605	0.274813	0.544075	0.703752	0.78092	0.799677	0.784916	0.761336	0.733301	0.68522	0.619955	0.549841	0.46926	0.366876	
-0.793433	-1.26262	-1.68223	-2.01812	-2.22326	-2.26084	-2.11772	-1.82938	-1.43819	-0.983955	-0.51564	-0.0894277	0.274702	0.546475	0.708588	0.788411	0.811258	0.796148	0.772242	0.745996	0.69975	0.634022	0.563897	0.484177	0.380398	
-0.721825	-1.16854	-1.5777	-1.89808	-2.08583	-2.11772	-1.9905	-1.7198	-1.33998	-0.901099	-0.460079	-0.0602552	0.280358	0.535413	0.688792	0.756534	0.768409	0.753652	0.730598	0.693506	0.642098	0.57891	0.507764	0.425378	0.328324	
-0.581488	-0.973224	-1.34314	-1.63568	-1.80268	-1.82938	-1.7198	-1.47275	-1.12619	-0.738501	-0.348715	0.0109219	0.301695	0.50892	0.638196	0.688477	0.686625	0.664478	0.630321	0.578918	0.521697	0.456649	0.385226	0.303964	0.217447	
-0.383626	-0.708216	-1.01673	-1.26676	-1.41441	-1.43819	-1.33998	-1.12619	-0.835639	-0.513736	-0.191802	0.101639	0.324557	0.475255	0.564172	0.591325	0.570512	0.531024	0.478914	0.41773	0.347815	0.27874	0.210833	0.13293	0.0583981	
-0.152516	-0.41321	-0.654297	-0.844756	-0.961539	-0.983955	-0.901099	-0.738501	-0.513736	-0.255787	-0.010505	0.187913	0.339406	0.43436	0.471452	0.466447	0.430922	0.375299	0.308581	0.228495	0.141888	0.0676749	-0.000584082	-0.0698908	-0.125517	
0.059621	-0.120752	-0.290088	-0.422259	-0.501253	-0.51564	-0.460079	-0.348715	-0.191802	-0.010505	0.149932	0.260075	0.336163	0.371576	0.362836	0.335553	0.288213	0.217238	0.136255	0.0398031	-0.0608699	-0.148622	-0.225338	-0.288621	-0.329856	
0.219688	0.136825	0.0465616	-0.0361098	-0.0826605	-0.0894277	-0.0602552	0.0109219	0.101639	0.187913	0.260075	0.300392	0.310247	0.293849	0.257833	0.217673	0.168192	0.0933196	0.000492972	-0.1047	-0.216587	-0.327568	-0.419106	-0.484271	-0.527464	
0.340302	0.332256	0.3113	0.287598	0.274813	0.274702	0.280358	0.301695	0.324557	0.339406	0.336163	0.310247	0.264429	0.219371	0.177643	0.140243	0.0962568	0.0366607	-0.0495835	-0.159887	-0.292437	-0.429462	-0.541541	-0.627652	-0.682237	
0.41201	0.460525	0.495734	0.52628	0.544075	0.546475	0.535413	0.50892	0.475255	0.43436	0.371576	0.293849	0.219371	0.161312	0.12971	0.112314	0.0911562	0.0559957	-0.013516	-0.127403	-0.27097	-0.427484	-0.570391	-0.687693	-0.760667	
0.429361	0.529516	0.610795	0.671838	0.703752	0.708588	0.688792	0.638196	0.564172	0.471452	0.362836	0.257833	0.177643	0.12971	0.121162	0.129542	0.136065	0.128459	0.0839412	-0.0184675	-0.161496	-0.332576	-0.507066	-0.656198	-0.752053	
0.414747	0.54285	0.653362	0.732934	0.78092	0.788411	0.756534	0.688477	0.591325	0.466447	0.335553	0.217673	0.140243	0.112314	0.129542	0.170811	0.215791	0.23934	0.21795	0.13641	-0.00425059	-0.182221	-0.37609	-0.543041	-0.664162	
0.373514	0.516221	0.644061	0.73938	0.799677	0.811258	0.768409	0.686625	0.570512	0.430922	0.288213	0.168192	0.0962568	0.0911562	0.136065	0.215791	0.291074	0.341797	0.349342	0.293749	0.162566	-0.0134494	-0.212249	-0.395116	-0.539534	
0.310245	0.470377	0.615598	0.723729	0.784916	0.796148	0.753652	0.664478	0.531024	0.375299	0.217238	0.0933196	0.0366607	0.0559957	0.128459	0.23934	0.341797	0.416098	0.453272	0.424848	0.315409	0.149029	-0.0432313	-0.233773	-0.401203	
0.238085	0.412306	0.574131	0.698083	0.761336	0.772242	0.730598	0.630321	0.478914	0.308581	0.136255	0.000492972	-0.0495835	-0.013516	0.0839412	0.21795	0.349342	0.453272	0.519701	0.509092	0.420988	0.273178	0.0987651	-0.0883825	-0.265731	
0.151349	0.344109	0.519154	0.654281	0.733301	0.745996	0.693506	0.578918	0.41773	0.228495	0.0398031	-0.1047	-0.159887	-0.127403	-0.0184675	0.13641	0.293749	0.424848	0.509092	0.521711	0.465548	0.351147	0.196091	0.0209178	-0.156866	
0.0581885	0.268351	0.45717	0.601277	0.68522	0.69975	0.642098	0.521697	0.347815	0.141888	-0.0608699	-0.216587	-0.292437	-0.27097	-0.161496	-0.00425059	0.162566	0.315409	0.420988	0.465548	0.451348	0.371737	0.241982	0.0899287	-0.0734497	
-0.0205673	0.196994	0.391205	0.537719	0.619955	0.634022	0.57891	0.456649	0.27874	0.0676749	-0.148622	-0.327568	-0.429462	-0.427484	-0.332576	-0.182221	-0.0134494	0.149029	0.273178	0.351147	0.371737	0.330894	0.243544	0.12719	-0.0230261	
-0.0908746	0.129689	0.320762	0.465694	0.549841	0.563897	0.507764	0.385226	0.210833	-0.000584082	-0.225338	-0.419106	-0.541541	-0.570391	-0.507066	-0.37609	-0.212249	-0.0432313	0.0987651	0.196091	0.241982	0.243544	0.198246	0.106771	-0.0295844	
-0.157858	0.0551092	0.240002	0.383749	0.46926	0.484177	0.425378	0.303964	0.13293	-0.0698908	-0.288621	-0.484271	-0.627652	-0.687693	-0.656198	-0.543041	-0.395116	-0.233773	-0.0883825	0.0209178	0.0899287	0.12719	0.106771	0.030305	-0.0792592	
-0.206223	-0.0119584	0.157271	0.291261	0.366876	0.380398	0.328324	0.217447	0.0583981	-0.125517	-0.329856	-0.527464	-0.682237	-0.760667	-0.752053	-0.664162	-0.539534	-0.401203	-0.265731	-0.156866	-0.0734497	-0.0230261	-0.0295844	-0.0792592	-0.152126	
