0.129891	0.0284137	-0.0416767	-0.0846166	-0.123695	-0.179525	-0.259785	-0.353267	-0.441176	-0.517719	-0.565639	-0.566549	-0.503822	-0.383012	-0.222683	-0.0409615	0.150893	0.342147	0.516156	0.642923	0.703994	0.685442	0.603678	0.478858	0.342545	
0.0284137	-0.062529	-0.11831	-0.146796	-0.165111	-0.197695	-0.260709	-0.346195	-0.431372	-0.512718	-0.570805	-0.587754	-0.545585	-0.43866	-0.287215	-0.107805	0.0851785	0.281647	0.467585	0.614733	0.700335	0.707186	0.644052	0.529452	0.395081	
-0.0416767	-0.11831	-0.164689	-0.184519	-0.191398	-0.207111	-0.258766	-0.334927	-0.420152	-0.506669	-0.571306	-0.607371	-0.582897	-0.494792	-0.355036	-0.18029	0.0102397	0.209458	0.403886	0.566972	0.676149	0.706914	0.664674	0.562751	0.432204	
-0.0846166	-0.146796	-0.184519	-0.201009	-0.199507	-0.205798	-0.245814	-0.312666	-0.401426	-0.488728	-0.565244	-0.617315	-0.613045	-0.547844	-0.421765	-0.256571	-0.0703639	0.129479	0.328358	0.505343	0.635201	0.688922	0.669829	0.580588	0.458765	
-0.123695	-0.165111	-0.191398	-0.199507	-0.192377	-0.190906	-0.217682	-0.280321	-0.368116	-0.459885	-0.547689	-0.613186	-0.631496	-0.587769	-0.478934	-0.325242	-0.144969	0.0531875	0.25276	0.441966	0.585845	0.664536	0.663362	0.592062	0.47606	
-0.179525	-0.197695	-0.207111	-0.205798	-0.190906	-0.176885	-0.191025	-0.24076	-0.323341	-0.41599	-0.508847	-0.586891	-0.624394	-0.603441	-0.514347	-0.376176	-0.203942	-0.0134322	0.186346	0.379335	0.537093	0.634287	0.652467	0.597523	0.489277	
-0.259785	-0.260709	-0.258766	-0.245814	-0.217682	-0.191025	-0.182527	-0.213348	-0.284084	-0.368515	-0.463272	-0.546679	-0.599761	-0.598036	-0.528672	-0.404371	-0.242673	-0.0576351	0.1387	0.335117	0.503108	0.616728	0.653879	0.614289	0.516009	
-0.353267	-0.346195	-0.334927	-0.312666	-0.280321	-0.24076	-0.213348	-0.226723	-0.277705	-0.351654	-0.43918	-0.519932	-0.579908	-0.590026	-0.533777	-0.421148	-0.26503	-0.0847269	0.11006	0.310073	0.485887	0.616939	0.670207	0.649266	0.559931	
-0.441176	-0.431372	-0.420152	-0.401426	-0.368116	-0.323341	-0.284084	-0.277705	-0.310852	-0.371747	-0.448558	-0.524271	-0.586981	-0.603859	-0.559592	-0.454614	-0.302259	-0.124801	0.0731973	0.275255	0.463915	0.609374	0.68403	0.680883	0.605963	
-0.517719	-0.512718	-0.506669	-0.488728	-0.459885	-0.41599	-0.368515	-0.351654	-0.371747	-0.423517	-0.493369	-0.566069	-0.62966	-0.653658	-0.619218	-0.520327	-0.372577	-0.193199	0.00592992	0.214661	0.413506	0.575985	0.671028	0.688434	0.629209	
-0.565639	-0.570805	-0.571306	-0.565244	-0.547689	-0.508847	-0.463272	-0.43918	-0.448558	-0.493369	-0.557158	-0.626726	-0.692611	-0.723922	-0.699919	-0.611673	-0.468264	-0.292432	-0.0914907	0.119604	0.327669	0.503869	0.618391	0.655085	0.612932	
-0.566549	-0.587754	-0.607371	-0.617315	-0.613186	-0.586891	-0.546679	-0.519932	-0.524271	-0.566069	-0.626726	-0.69816	-0.768018	-0.807736	-0.798084	-0.719692	-0.585837	-0.413032	-0.213358	-0.000994231	0.214138	0.401526	0.533852	0.588751	0.563256	
-0.503822	-0.545585	-0.582897	-0.613045	-0.631496	-0.624394	-0.599761	-0.579908	-0.586981	-0.62966	-0.692611	-0.768018	-0.842179	-0.893572	-0.89615	-0.831873	-0.70817	-0.541	-0.34527	-0.13308	0.0854175	0.281491	0.428741	0.499476	0.490201	
-0.383012	-0.43866	-0.494792	-0.547844	-0.587769	-0.603441	-0.598036	-0.590026	-0.603859	-0.653658	-0.723922	-0.807736	-0.893572	-0.958483	-0.979689	-0.932961	-0.823866	-0.667022	-0.477963	-0.269552	-0.050979	0.151088	0.309538	0.394761	0.399909	
-0.222683	-0.287215	-0.355036	-0.421765	-0.478934	-0.514347	-0.528672	-0.533777	-0.559592	-0.619218	-0.699919	-0.798084	-0.89615	-0.979689	-1.02115	-0.995134	-0.90502	-0.761371	-0.582943	-0.381956	-0.16635	0.0369184	0.203617	0.29969	0.316986	
-0.0409615	-0.107805	-0.18029	-0.256571	-0.325242	-0.376176	-0.404371	-0.421148	-0.454614	-0.520327	-0.611673	-0.719692	-0.831873	-0.932961	-0.995134	-0.992697	-0.923552	-0.796695	-0.633201	-0.441912	-0.234873	-0.0330931	0.136837	0.240379	0.26763	
0.150893	0.0851785	0.0102397	-0.0703639	-0.144969	-0.203942	-0.242673	-0.26503	-0.302259	-0.372577	-0.468264	-0.585837	-0.70817	-0.823866	-0.90502	-0.923552	-0.874098	-0.764604	-0.61413	-0.434547	-0.235398	-0.0370178	0.134086	0.244572	0.278728	
0.342147	0.281647	0.209458	0.129479	0.0531875	-0.0134322	-0.0576351	-0.0847269	-0.124801	-0.193199	-0.292432	-0.413032	-0.541	-0.667022	-0.761371	-0.796695	-0.764604	-0.668315	-0.530981	-0.36038	-0.169126	0.0252486	0.198214	0.312747	0.355414	
0.516156	0.467585	0.403886	0.328358	0.25276	0.186346	0.1387	0.11006	0.0731973	0.00592992	-0.0914907	-0.213358	-0.34527	-0.477963	-0.582943	-0.633201	-0.61413	-0.530981	-0.403045	-0.239928	-0.0556078	0.137977	0.310801	0.433035	0.481753	
0.642923	0.614733	0.566972	0.505343	0.441966	0.379335	0.335117	0.310073	0.275255	0.214661	0.119604	-0.000994231	-0.13308	-0.269552	-0.381956	-0.441912	-0.434547	-0.36038	-0.239928	-0.0834476	0.0976879	0.288037	0.464593	0.590861	0.64858	
0.703994	0.700335	0.676149	0.635201	0.585845	0.537093	0.503108	0.485887	0.463915	0.413506	0.327669	0.214138	0.0854175	-0.050979	-0.16635	-0.234873	-0.235398	-0.169126	-0.0556078	0.0976879	0.273235	0.464941	0.641385	0.775373	0.838967	
0.685442	0.707186	0.706914	0.688922	0.664536	0.634287	0.616728	0.616939	0.609374	0.575985	0.503869	0.401526	0.281491	0.151088	0.0369184	-0.0330931	-0.0370178	0.0252486	0.137977	0.288037	0.464941	0.65563	0.837328	0.976133	1.04879	
0.603678	0.644052	0.664674	0.669829	0.663362	0.652467	0.653879	0.670207	0.68403	0.671028	0.618391	0.533852	0.428741	0.309538	0.203617	0.136837	0.134086	0.198214	0.310801	0.464593	0.641385	0.837328	1.02219	1.17002	1.24996	
0.478858	0.529452	0.562751	0.580588	0.592062	0.597523	0.614289	0.649266	0.680883	0.688434	0.655085	0.588751	0.499476	0.394761	0.29969	0.240379	0.244572	0.312747	0.433035	0.590861	0.775373	0.976133	1.17002	1.32599	1.41699	
0.342545	0.395081	0.432204	0.458765	0.47606	0.489277	0.516009	0.559931	0.605963	0.629209	0.612932	0.563256	0.490201	0.399909	0.316986	0.26763	0.278728	0.355414	0.481753	0.64858	0.838967	1.04879	1.24996	1.41699	1.51724	
0.216238	0.2635	0.29871	0.322443	0.34131	0.356948	0.385944	0.435678	0.48854	0.522062	0.516	0.477727	0.415049	0.334975	0.261455	0.218575	0.237398	0.319362	0.454265	0.627375	0.826525	1.04323	1.25406	1.4298	1.54107	
0.113463	0.154206	0.182412	0.202926	0.216864	0.228286	0.254649	0.301696	0.355798	0.391798	0.391068	0.358059	0.301613	0.228207	0.159689	0.122309	0.144429	0.231543	0.370746	0.549976	0.754081	0.977648	1.19435	1.37882	1.49713	
0.0398395	0.0718425	0.0939163	0.106656	0.114357	0.120175	0.141104	0.184318	0.23559	0.271914	0.270745	0.239312	0.184162	0.11175	0.0453355	0.00785443	0.031529	0.119401	0.26124	0.442968	0.650912	0.87774	1.09989	1.28887	1.41422	
-0.00807467	0.0189732	0.0344205	0.0422043	0.0445151	0.0449011	0.060007	0.0979303	0.145541	0.177776	0.17549	0.142119	0.0858474	0.0137446	-0.0539919	-0.0913395	-0.0684931	0.019277	0.161877	0.344582	0.553905	0.783105	1.00701	1.20021	1.32803	
-0.0316631	-0.00905221	0.00375673	0.00808071	0.00621261	0.00233224	0.0143659	0.0486522	0.0931958	0.124885	0.120021	0.0860083	0.028907	-0.0451244	-0.113144	-0.152374	-0.130777	-0.0435994	0.09794	0.280946	0.490405	0.719818	0.945431	1.13903	1.26972	
-0.0360204	-0.0133016	-0.00168172	0.00142891	-0.000225932	-0.00357797	0.00699757	0.0414583	0.085779	0.115315	0.110928	0.0756778	0.0176582	-0.0557876	-0.124841	-0.163857	-0.141911	-0.0555346	0.0871653	0.269532	0.479587	0.709373	0.934646	1.12951	1.25946	
-0.0198565	0.00468248	0.0191592	0.0258436	0.0255272	0.0230917	0.0371712	0.0727809	0.118815	0.151697	0.147755	0.114656	0.0584186	-0.0148976	-0.082307	-0.120637	-0.098758	-0.0107634	0.13058	0.31391	0.522938	0.752198	0.977169	1.17009	1.29985	
0.0175239	0.0473044	0.0663986	0.076227	0.0822524	0.0866378	0.104415	0.14642	0.196213	0.230093	0.228995	0.196286	0.140487	0.068728	0.00154426	-0.0356804	-0.0116991	0.0756286	0.218969	0.400597	0.609969	0.837804	1.06093	1.25217	1.37847	
0.0807784	0.117661	0.143782	0.162138	0.172702	0.181181	0.206046	0.250968	0.304359	0.341631	0.340697	0.309373	0.254254	0.181436	0.11455	0.0774044	0.0999503	0.188252	0.32782	0.508966	0.71424	0.939489	1.15863	1.34482	1.46659	
0.171815	0.216348	0.249139	0.27106	0.289219	0.304441	0.332148	0.38271	0.436313	0.470958	0.467857	0.431693	0.371881	0.295223	0.223935	0.183608	0.204662	0.288269	0.426365	0.601306	0.803712	1.02287	1.23681	1.41615	1.53067	
0.290045	0.340856	0.378242	0.405425	0.422754	0.437185	0.465919	0.512096	0.562153	0.590603	0.579011	0.535066	0.46711	0.381354	0.302938	0.256456	0.270473	0.349979	0.479017	0.649174	0.842418	1.05547	1.26029	1.43094	1.53573	
0.42429	0.476185	0.512205	0.533776	0.549502	0.559408	0.580508	0.621195	0.658626	0.673045	0.646862	0.587224	0.504632	0.405985	0.315775	0.260323	0.267688	0.338514	0.46216	0.622544	0.810403	1.01385	1.21147	1.37121	1.46656	
0.557478	0.602853	0.629903	0.641982	0.641908	0.638239	0.646283	0.669991	0.692	0.687239	0.642758	0.565595	0.467169	0.353511	0.251906	0.187666	0.187068	0.252662	0.367389	0.522878	0.701811	0.899797	1.08756	1.23878	1.32267	
0.659082	0.689007	0.698072	0.68957	0.673531	0.65121	0.641288	0.6487	0.648892	0.623591	0.558269	0.462621	0.347785	0.221381	0.10985	0.0402963	0.0365276	0.0985035	0.211316	0.361781	0.539028	0.730789	0.914318	1.05584	1.13208	
0.706068	0.712664	0.698371	0.667104	0.625995	0.584546	0.556117	0.545356	0.528936	0.484184	0.40379	0.293562	0.168373	0.033429	-0.0818526	-0.151763	-0.154309	-0.0901834	0.0224584	0.174065	0.349701	0.540797	0.718956	0.854963	0.921763	
0.675754	0.657283	0.618549	0.564526	0.506183	0.448074	0.407526	0.384851	0.354431	0.297182	0.204461	0.086503	-0.0453806	-0.182088	-0.296372	-0.360506	-0.35653	-0.286192	-0.168558	-0.013716	0.16514	0.355867	0.532504	0.661697	0.722108	
0.574194	0.532613	0.474405	0.403835	0.331329	0.265687	0.218219	0.190901	0.153973	0.0887164	-0.00775948	-0.130234	-0.261492	-0.396619	-0.504446	-0.559051	-0.544995	-0.465666	-0.340849	-0.180839	0.00241543	0.19414	0.368807	0.492302	0.544776	
0.414696	0.358728	0.289089	0.210029	0.132956	0.0659768	0.0202602	-0.00808154	-0.0463949	-0.115326	-0.214229	-0.335243	-0.465837	-0.594315	-0.693746	-0.735611	-0.708863	-0.618489	-0.484956	-0.317476	-0.129443	0.0651011	0.237378	0.355694	0.400227	
0.228374	0.163932	0.0895665	0.00919547	-0.0669029	-0.129798	-0.170796	-0.195158	-0.234606	-0.304008	-0.401758	-0.521123	-0.645058	-0.766021	-0.852184	-0.878057	-0.836079	-0.731848	-0.587236	-0.411432	-0.215486	-0.019338	0.153071	0.264375	0.302585	
0.0346094	-0.0313785	-0.105419	-0.184583	-0.256234	-0.310308	-0.343312	-0.362311	-0.397053	-0.46621	-0.559181	-0.671842	-0.789075	-0.895977	-0.967019	-0.973284	-0.912212	-0.792964	-0.634223	-0.447973	-0.243922	-0.0430155	0.127029	0.234426	0.26371	
-0.151921	-0.21796	-0.287882	-0.358431	-0.421646	-0.464519	-0.484258	-0.495382	-0.524952	-0.586897	-0.672929	-0.774575	-0.878003	-0.96913	-1.01819	-1.00203	-0.92027	-0.782718	-0.610901	-0.412828	-0.201097	0.00217232	0.170445	0.269478	0.291453	
-0.322731	-0.382162	-0.444343	-0.504682	-0.551274	-0.575148	-0.578068	-0.574186	-0.593362	-0.647617	-0.721431	-0.811699	-0.902146	-0.974118	-1.00398	-0.964625	-0.862968	-0.710991	-0.525013	-0.319744	-0.100892	0.10165	0.264443	0.354415	0.364702	
-0.461545	-0.509718	-0.554141	-0.59376	-0.622506	-0.624085	-0.606873	-0.592224	-0.600692	-0.645817	-0.711112	-0.788294	-0.866586	-0.922827	-0.931871	-0.87484	-0.756095	-0.592794	-0.399765	-0.188112	0.0298437	0.229538	0.380856	0.458162	0.454553	
-0.549432	-0.578743	-0.606244	-0.623832	-0.626931	-0.608025	-0.572365	-0.546953	-0.552717	-0.593977	-0.655291	-0.72831	-0.799195	-0.843383	-0.838735	-0.764856	-0.635338	-0.463686	-0.265283	-0.0527445	0.164812	0.35536	0.494954	0.555697	0.537516	
-0.572276	-0.583423	-0.589887	-0.590677	-0.578788	-0.543101	-0.499895	-0.473435	-0.479573	-0.523006	-0.584301	-0.653989	-0.721263	-0.755699	-0.737251	-0.653469	-0.513005	-0.339196	-0.137932	0.0732791	0.284609	0.465562	0.587286	0.631662	0.596017	
