-0.0668675	-0.00257404	0.0701859	0.128766	0.157913	0.148238	0.102672	0.0398157	-0.0287318	-0.102701	-0.164088	-0.222285	-0.288611	-0.36491	-0.448114	-0.525082	-0.57899	-0.600927	-0.590253	-0.543352	-0.456908	-0.327994	-0.160261	0.0342118	0.227608	
-0.00257404	0.0529405	0.121638	0.181497	0.212758	0.212979	0.184103	0.134317	0.0628744	-0.0281127	-0.119079	-0.211444	-0.309259	-0.415731	-0.51936	-0.608119	-0.665933	-0.68403	-0.666123	-0.606638	-0.502511	-0.355264	-0.171601	0.0342575	0.233094	
0.0701859	0.121638	0.184077	0.232043	0.258711	0.275042	0.270268	0.233071	0.162727	0.0625688	-0.0494229	-0.169708	-0.303261	-0.446186	-0.580467	-0.691536	-0.760035	-0.777379	-0.746572	-0.670332	-0.549821	-0.38559	-0.187514	0.0298534	0.23728	
0.128766	0.181497	0.232043	0.266397	0.296363	0.331007	0.340267	0.315555	0.258879	0.16819	0.0520958	-0.0881107	-0.252699	-0.434102	-0.600508	-0.733418	-0.815244	-0.837837	-0.810246	-0.733037	-0.602616	-0.424405	-0.212605	0.0160876	0.230636	
0.157913	0.212758	0.258711	0.296363	0.336468	0.375688	0.394269	0.392918	0.364609	0.294077	0.179738	0.0280284	-0.160008	-0.365382	-0.553175	-0.709582	-0.811967	-0.854292	-0.842069	-0.771764	-0.643546	-0.46351	-0.245689	-0.0141245	0.196904	
0.148238	0.212979	0.275042	0.331007	0.375688	0.419455	0.460951	0.492453	0.489188	0.434425	0.327795	0.172033	-0.0246541	-0.244695	-0.456806	-0.635706	-0.760012	-0.824842	-0.827917	-0.768499	-0.650352	-0.480215	-0.276647	-0.0630338	0.135383	
0.102672	0.184103	0.270268	0.340267	0.394269	0.460951	0.537416	0.595789	0.613421	0.586835	0.498196	0.350882	0.150857	-0.0881105	-0.322783	-0.522442	-0.667078	-0.749652	-0.767623	-0.728488	-0.631931	-0.479763	-0.29475	-0.101246	0.0728532	
0.0398157	0.134317	0.233071	0.315555	0.392918	0.492453	0.595789	0.67592	0.728606	0.738241	0.674487	0.539846	0.335696	0.0850834	-0.160393	-0.37077	-0.531304	-0.634411	-0.676117	-0.660384	-0.583987	-0.454464	-0.295636	-0.131638	0.0109697	
-0.0287318	0.0628744	0.162727	0.258879	0.364609	0.489188	0.613421	0.728606	0.821967	0.868654	0.833883	0.715507	0.518385	0.27175	0.0239382	-0.2028	-0.384305	-0.506058	-0.569564	-0.57267	-0.513818	-0.407142	-0.276646	-0.150017	-0.0486302	
-0.102701	-0.0281127	0.0625688	0.16819	0.294077	0.434425	0.586835	0.738241	0.868654	0.952106	0.953856	0.864132	0.686801	0.452806	0.196665	-0.0433066	-0.236405	-0.377446	-0.459605	-0.475779	-0.437423	-0.357463	-0.249316	-0.150514	-0.0801938	
-0.164088	-0.119079	-0.0494229	0.0520958	0.179738	0.327795	0.498196	0.674487	0.833883	0.953856	0.997142	0.944404	0.801504	0.589466	0.33985	0.107903	-0.0890596	-0.246154	-0.342357	-0.379145	-0.360322	-0.29153	-0.20181	-0.124775	-0.0709419	
-0.222285	-0.211444	-0.169708	-0.0881107	0.0280284	0.172033	0.350882	0.539846	0.715507	0.864132	0.944404	0.935111	0.829195	0.649007	0.435283	0.227635	0.0351117	-0.121984	-0.217601	-0.259625	-0.243871	-0.181808	-0.10588	-0.0425094	-0.0137627	
-0.288611	-0.309259	-0.303261	-0.252699	-0.160008	-0.0246541	0.150857	0.335696	0.518385	0.686801	0.801504	0.829195	0.767841	0.642946	0.480133	0.302698	0.137142	0.00742786	-0.0776535	-0.108361	-0.0839367	-0.0259782	0.0416188	0.0946536	0.112077	
-0.36491	-0.415731	-0.446186	-0.434102	-0.365382	-0.244695	-0.0881105	0.0850834	0.27175	0.452806	0.589466	0.649007	0.642946	0.581458	0.473776	0.346837	0.227446	0.134474	0.0738748	0.0676703	0.107331	0.1735	0.246847	0.292686	0.299456	
-0.448114	-0.51936	-0.580467	-0.600508	-0.553175	-0.456806	-0.322783	-0.160393	0.0239382	0.196665	0.33985	0.435283	0.480133	0.473776	0.423135	0.363447	0.301884	0.252112	0.230367	0.257719	0.322227	0.400478	0.482695	0.530419	0.530734	
-0.525082	-0.608119	-0.691536	-0.733418	-0.709582	-0.635706	-0.522442	-0.37077	-0.2028	-0.0433066	0.107903	0.227635	0.302698	0.346837	0.363447	0.36424	0.352395	0.347326	0.374547	0.437244	0.531003	0.63672	0.728838	0.782824	0.787698	
-0.57899	-0.665933	-0.760035	-0.815244	-0.811967	-0.760012	-0.667078	-0.531304	-0.384305	-0.236405	-0.0890596	0.0351117	0.137142	0.227446	0.301884	0.352395	0.390895	0.43526	0.506545	0.603832	0.726461	0.858776	0.964673	1.03393	1.04679	
-0.600927	-0.68403	-0.777379	-0.837837	-0.854292	-0.824842	-0.749652	-0.634411	-0.506058	-0.377446	-0.246154	-0.121984	0.00742786	0.134474	0.252112	0.347326	0.43526	0.530318	0.635579	0.763154	0.911118	1.0595	1.17505	1.25679	1.28741	
-0.590253	-0.666123	-0.746572	-0.810246	-0.842069	-0.827917	-0.767623	-0.676117	-0.569564	-0.459605	-0.342357	-0.217601	-0.0776535	0.0738748	0.230367	0.374547	0.506545	0.635579	0.76836	0.92258	1.09008	1.24535	1.36721	1.44684	1.47482	
-0.543352	-0.606638	-0.670332	-0.733037	-0.771764	-0.768499	-0.728488	-0.660384	-0.57267	-0.475779	-0.379145	-0.259625	-0.108361	0.0676703	0.257719	0.437244	0.603832	0.763154	0.92258	1.09372	1.26071	1.4028	1.51838	1.58564	1.5989	
-0.456908	-0.502511	-0.549821	-0.602616	-0.643546	-0.650352	-0.631931	-0.583987	-0.513818	-0.437423	-0.360322	-0.243871	-0.0839367	0.107331	0.322227	0.531003	0.726461	0.911118	1.09008	1.26071	1.41079	1.53521	1.62258	1.65722	1.65519	
-0.327994	-0.355264	-0.38559	-0.424405	-0.46351	-0.480215	-0.479763	-0.454464	-0.407142	-0.357463	-0.29153	-0.181808	-0.0259782	0.1735	0.400478	0.63672	0.858776	1.0595	1.24535	1.4028	1.53521	1.63426	1.67735	1.67188	1.63588	
-0.160261	-0.171601	-0.187514	-0.212605	-0.245689	-0.276647	-0.29475	-0.295636	-0.276646	-0.249316	-0.20181	-0.10588	0.0416188	0.246847	0.482695	0.728838	0.964673	1.17505	1.36721	1.51838	1.62258	1.67735	1.6731	1.62882	1.5547	
0.0342118	0.0342575	0.0298534	0.0160876	-0.0141245	-0.0630338	-0.101246	-0.131638	-0.150017	-0.150514	-0.124775	-0.0425094	0.0946536	0.292686	0.530419	0.782824	1.03393	1.25679	1.44684	1.58564	1.65722	1.67188	1.62882	1.53745	1.42617	
0.227608	0.233094	0.23728	0.230636	0.196904	0.135383	0.0728532	0.0109697	-0.0486302	-0.0801938	-0.0709419	-0.0137627	0.112077	0.299456	0.530734	0.787698	1.04679	1.28741	1.47482	1.5989	1.65519	1.63588	1.5547	1.42617	1.27507	
0.398579	0.406136	0.413069	0.4077	0.367329	0.293871	0.204096	0.107653	0.0103253	-0.0514951	-0.063259	-0.0267651	0.0883497	0.264119	0.489239	0.751496	1.01653	1.26481	1.45889	1.58361	1.6242	1.56949	1.45496	1.30475	1.12855	
0.529391	0.539836	0.544332	0.535271	0.487672	0.401024	0.288736	0.155209	0.0265369	-0.0664657	-0.0987268	-0.0722338	0.0291071	0.195306	0.414441	0.679768	0.959135	1.22002	1.42125	1.54324	1.56696	1.49635	1.36463	1.18808	0.99594	
0.612237	0.623756	0.626612	0.610246	0.557687	0.464167	0.330455	0.168877	0.0141166	-0.102141	-0.15086	-0.135814	-0.0460424	0.112739	0.32985	0.59527	0.881796	1.1585	1.37128	1.49329	1.51422	1.43713	1.28914	1.09467	0.890735	
0.662324	0.672086	0.673543	0.647351	0.591428	0.492306	0.338583	0.158802	-0.0162064	-0.147951	-0.213101	-0.197467	-0.111458	0.0380579	0.255325	0.526783	0.8241	1.10328	1.32645	1.45478	1.47058	1.38382	1.2211	1.02538	0.822167	
0.681421	0.693248	0.691866	0.661146	0.603815	0.501125	0.33993	0.146326	-0.0372018	-0.178991	-0.251448	-0.235665	-0.157753	-0.00888457	0.209911	0.479502	0.783527	1.07041	1.30032	1.42846	1.44157	1.35823	1.19229	0.987101	0.781287	
0.682952	0.695684	0.693796	0.663113	0.605481	0.502884	0.340623	0.144869	-0.0395409	-0.183578	-0.256746	-0.242831	-0.166328	-0.0172058	0.201652	0.470076	0.773454	1.0639	1.29617	1.42394	1.43736	1.35518	1.18926	0.98139	0.77403	
0.673739	0.683352	0.683784	0.655081	0.597927	0.497117	0.338377	0.152952	-0.027228	-0.163524	-0.233437	-0.216284	-0.132192	0.015133	0.232731	0.504873	0.806564	1.08731	1.31369	1.44244	1.45584	1.36943	1.20402	1.00607	0.802679	
0.635792	0.64661	0.649044	0.628723	0.574802	0.478803	0.336962	0.166541	0.00233726	-0.11979	-0.175674	-0.161721	-0.0753459	0.0803148	0.298474	0.565235	0.855633	1.13424	1.35159	1.47582	1.49631	1.41517	1.25956	1.06411	0.858532	
0.567348	0.578838	0.582365	0.571182	0.521204	0.430947	0.310516	0.164232	0.0250184	-0.0791918	-0.117854	-0.0968386	-0.000155262	0.163127	0.379763	0.64583	0.927816	1.1966	1.4026	1.52293	1.54495	1.47056	1.333	1.14831	0.949929	
0.456764	0.465454	0.471272	0.465352	0.421415	0.34245	0.242852	0.131599	0.0210729	-0.0539045	-0.074338	-0.0416297	0.0688549	0.239639	0.461802	0.726529	0.997815	1.24901	1.44572	1.57008	1.60163	1.53971	1.41725	1.25507	1.07343	
0.299388	0.306194	0.312243	0.306985	0.270837	0.205291	0.131573	0.0560576	-0.0195065	-0.0623164	-0.0606761	-0.0148919	0.10602	0.289891	0.519522	0.777537	1.03789	1.28267	1.47212	1.59656	1.64763	1.61235	1.51603	1.3783	1.2151	
0.113226	0.11582	0.115829	0.104835	0.0740369	0.019016	-0.028007	-0.0705843	-0.105393	-0.118985	-0.099592	-0.0256884	0.107341	0.300923	0.535249	0.790431	1.04634	1.27687	1.46455	1.59525	1.65944	1.66016	1.60278	1.49523	1.36654	
-0.0842396	-0.0904406	-0.101095	-0.121561	-0.152458	-0.191075	-0.216796	-0.228954	-0.224096	-0.206823	-0.169429	-0.077245	0.0657732	0.268788	0.507772	0.755905	0.998	1.21217	1.40474	1.5526	1.64211	1.68076	1.65935	1.59519	1.50781	
-0.265254	-0.285532	-0.309826	-0.34292	-0.379823	-0.401124	-0.408171	-0.39338	-0.355995	-0.314946	-0.255409	-0.152282	0.000607286	0.204121	0.435035	0.676721	0.9045	1.10963	1.299	1.45373	1.5763	1.65812	1.68154	1.66257	1.61043	
-0.410125	-0.448458	-0.488805	-0.536617	-0.577556	-0.588343	-0.576883	-0.537561	-0.47612	-0.410884	-0.337791	-0.222297	-0.0627299	0.131605	0.351504	0.573485	0.781657	0.973378	1.15484	1.31944	1.46337	1.5804	1.65122	1.66955	1.65588	
-0.513912	-0.570338	-0.627441	-0.68701	-0.726861	-0.72776	-0.697019	-0.63606	-0.555736	-0.465598	-0.378502	-0.260377	-0.10475	0.0782434	0.281551	0.471059	0.648915	0.820648	0.989587	1.1637	1.32433	1.45894	1.56546	1.62153	1.63029	
-0.575939	-0.647278	-0.721646	-0.785784	-0.821374	-0.811454	-0.759347	-0.677731	-0.577969	-0.473818	-0.364055	-0.241054	-0.0970008	0.0650375	0.235455	0.396181	0.542663	0.683415	0.827486	0.989719	1.15967	1.31149	1.43386	1.51075	1.5318	
-0.600867	-0.68137	-0.770379	-0.832908	-0.856413	-0.833573	-0.763825	-0.658586	-0.538728	-0.418051	-0.292351	-0.167289	-0.0322801	0.104783	0.237808	0.354006	0.461117	0.571128	0.686795	0.825643	0.983854	1.13628	1.2547	1.3367	1.36982	
-0.591812	-0.678029	-0.772809	-0.830553	-0.836011	-0.793186	-0.707658	-0.579008	-0.440297	-0.299135	-0.157547	-0.0346927	0.0802311	0.186938	0.279959	0.34721	0.405298	0.472584	0.558743	0.668952	0.801582	0.940731	1.05214	1.12743	1.14722	
-0.549744	-0.635719	-0.725293	-0.772805	-0.757804	-0.693304	-0.588027	-0.441913	-0.282083	-0.127393	0.0247777	0.148404	0.23291	0.297217	0.339122	0.361005	0.369227	0.381964	0.427959	0.504963	0.610169	0.728289	0.825659	0.884033	0.892001	
-0.480599	-0.557568	-0.628999	-0.659022	-0.620044	-0.533404	-0.408111	-0.249453	-0.0702442	0.0969681	0.243348	0.350825	0.409695	0.423319	0.398661	0.365299	0.324797	0.292669	0.289916	0.331411	0.407888	0.495111	0.580767	0.630863	0.631966	
-0.397992	-0.45786	-0.50158	-0.5039	-0.443761	-0.331791	-0.18458	-0.0159455	0.171048	0.350704	0.49118	0.564806	0.581169	0.543132	0.457144	0.356178	0.259565	0.183411	0.13727	0.143565	0.191365	0.262024	0.339427	0.384372	0.387214	
-0.318537	-0.351106	-0.360224	-0.324683	-0.242245	-0.111979	0.0577645	0.238027	0.422723	0.598177	0.723336	0.76415	0.723891	0.625017	0.48455	0.323544	0.175147	0.0591292	-0.0185583	-0.0402485	-0.0106998	0.0489608	0.116825	0.166869	0.180897	
-0.24783	-0.250232	-0.221541	-0.15082	-0.0429485	0.0979196	0.277032	0.466257	0.645657	0.802757	0.897488	0.903988	0.814246	0.653432	0.458389	0.26276	0.0778836	-0.0714879	-0.163086	-0.203363	-0.184225	-0.123869	-0.0532007	0.00650039	0.027836	
-0.186433	-0.155464	-0.0962895	-0.000888988	0.123489	0.27128	0.445788	0.628502	0.795871	0.928929	0.987792	0.952045	0.823668	0.622783	0.384915	0.161003	-0.0365253	-0.195642	-0.293025	-0.334985	-0.319836	-0.254007	-0.170308	-0.0996392	-0.0548485	
