-0.358812	-0.445283	-0.532381	-0.605739	-0.635974	-0.608081	-0.521013	-0.387664	-0.229058	-0.0565765	0.108911	0.229751	0.28031	0.252848	0.136799	-0.0538919	-0.285407	-0.511304	-0.694777	-0.822877	-0.903131	-0.94201	-0.953638	-0.953789	-0.94431	
-0.445283	-0.571478	-0.685065	-0.767934	-0.80587	-0.78363	-0.698052	-0.561753	-0.38943	-0.19455	0.00656105	0.166999	0.25628	0.265201	0.181486	0.0197093	-0.188662	-0.403722	-0.586263	-0.717564	-0.80335	-0.859047	-0.891231	-0.905839	-0.906401	
-0.532381	-0.685065	-0.819969	-0.906565	-0.951271	-0.937255	-0.862195	-0.730083	-0.549801	-0.333601	-0.109784	0.0847898	0.211699	0.267119	0.236683	0.121704	-0.0499809	-0.249371	-0.427741	-0.565469	-0.664731	-0.739901	-0.788284	-0.814406	-0.823144	
-0.605739	-0.767934	-0.906565	-1.00445	-1.06065	-1.06076	-1.00096	-0.876136	-0.693169	-0.46992	-0.231774	-0.0112223	0.158803	0.266951	0.290446	0.232012	0.0997921	-0.0705969	-0.245662	-0.395099	-0.513595	-0.608371	-0.667186	-0.705463	-0.71551	
-0.635974	-0.80587	-0.951271	-1.06065	-1.12344	-1.13332	-1.08559	-0.973126	-0.797045	-0.578003	-0.338744	-0.0971392	0.111157	0.263021	0.334557	0.327568	0.239582	0.0971268	-0.0669131	-0.220303	-0.350584	-0.460341	-0.540935	-0.593905	-0.609342	
-0.608081	-0.78363	-0.937255	-1.06076	-1.13332	-1.14547	-1.10501	-1.00769	-0.849015	-0.64977	-0.419072	-0.17734	0.0509736	0.235231	0.355333	0.396336	0.347812	0.236405	0.0987414	-0.0421873	-0.17753	-0.302202	-0.409754	-0.483704	-0.511548	
-0.521013	-0.698052	-0.862195	-1.00096	-1.08559	-1.10501	-1.07548	-0.989033	-0.850689	-0.676587	-0.476516	-0.256209	-0.0266815	0.177903	0.33154	0.406719	0.402935	0.339261	0.24235	0.117934	-0.0189648	-0.153442	-0.278919	-0.371176	-0.420044	
-0.387664	-0.561753	-0.730083	-0.876136	-0.973126	-1.00769	-0.989033	-0.920417	-0.815804	-0.680091	-0.518669	-0.3264	-0.113467	0.0866452	0.247288	0.352658	0.399726	0.393501	0.337843	0.23689	0.108234	-0.0288057	-0.160112	-0.266642	-0.336529	
-0.229058	-0.38943	-0.549801	-0.693169	-0.797045	-0.849015	-0.850689	-0.815804	-0.754592	-0.668083	-0.546554	-0.388513	-0.205889	-0.0251054	0.133922	0.264784	0.350913	0.389376	0.376447	0.31157	0.203902	0.0734491	-0.0588717	-0.175917	-0.269767	
-0.0565765	-0.19455	-0.333601	-0.46992	-0.578003	-0.64977	-0.676587	-0.680091	-0.668083	-0.629097	-0.553586	-0.436348	-0.288709	-0.127643	0.0286147	0.166591	0.272121	0.339661	0.366147	0.338997	0.259605	0.148115	0.0208801	-0.103523	-0.218765	
0.108911	0.00656105	-0.109784	-0.231774	-0.338744	-0.419072	-0.476516	-0.518669	-0.546554	-0.553586	-0.525292	-0.451764	-0.336324	-0.201257	-0.0628782	0.0656228	0.17859	0.264426	0.318402	0.322304	0.271211	0.184976	0.0703172	-0.0512142	-0.173906	
0.229751	0.166999	0.0847898	-0.0112223	-0.0971392	-0.17734	-0.256209	-0.3264	-0.388513	-0.436348	-0.451764	-0.413082	-0.334147	-0.235704	-0.131307	-0.0228912	0.0844857	0.179161	0.254337	0.281471	0.253448	0.188782	0.0949231	-0.014257	-0.134918	
0.28031	0.25628	0.211699	0.158803	0.111157	0.0509736	-0.0266815	-0.113467	-0.205889	-0.288709	-0.336324	-0.334147	-0.295811	-0.237246	-0.170154	-0.0913185	0.000912633	0.101496	0.191274	0.235097	0.228135	0.189052	0.11768	0.0184576	-0.102672	
0.252848	0.265201	0.267119	0.266951	0.263021	0.235231	0.177903	0.0866452	-0.0251054	-0.127643	-0.201257	-0.235704	-0.237246	-0.215821	-0.18715	-0.139534	-0.062685	0.0327001	0.123105	0.181279	0.203847	0.195043	0.143604	0.0542563	-0.0623398	
0.136799	0.181486	0.236683	0.290446	0.334557	0.355333	0.33154	0.247288	0.133922	0.0286147	-0.0628782	-0.131307	-0.170154	-0.18715	-0.190914	-0.167479	-0.111132	-0.0308077	0.0593067	0.140269	0.195025	0.210415	0.182165	0.113689	0.00761369	
-0.0538919	0.0197093	0.121704	0.232012	0.327568	0.396336	0.406719	0.352658	0.264784	0.166591	0.0656228	-0.0228912	-0.0913185	-0.139534	-0.167479	-0.172527	-0.144952	-0.0802995	0.016462	0.116959	0.192235	0.230791	0.232424	0.191945	0.0981264	
-0.285407	-0.188662	-0.0499809	0.0997921	0.239582	0.347812	0.402935	0.399726	0.350913	0.272121	0.17859	0.0844857	0.000912633	-0.062685	-0.111132	-0.144952	-0.143228	-0.0854326	0.0103121	0.114971	0.204726	0.265791	0.292249	0.267448	0.185818	
-0.511304	-0.403722	-0.249371	-0.0705969	0.0971268	0.236405	0.339261	0.393501	0.389376	0.339661	0.264426	0.179161	0.101496	0.0327001	-0.0308077	-0.0802995	-0.0854326	-0.0368275	0.0466163	0.144938	0.243017	0.314688	0.344387	0.326089	0.251935	
-0.694777	-0.586263	-0.427741	-0.245662	-0.0669131	0.0987414	0.24235	0.337843	0.376447	0.366147	0.318402	0.254337	0.191274	0.123105	0.0593067	0.016462	0.0103121	0.0466163	0.112773	0.201582	0.29137	0.354643	0.378372	0.359387	0.291531	
-0.822877	-0.717564	-0.565469	-0.395099	-0.220303	-0.0421873	0.117934	0.23689	0.31157	0.338997	0.322304	0.281471	0.235097	0.181279	0.140269	0.116959	0.114971	0.144938	0.201582	0.271027	0.339236	0.384616	0.398899	0.378146	0.310442	
-0.903131	-0.80335	-0.664731	-0.513595	-0.350584	-0.17753	-0.0189648	0.108234	0.203902	0.259605	0.271211	0.253448	0.228135	0.203847	0.195025	0.192235	0.204726	0.243017	0.29137	0.339236	0.380319	0.405986	0.410787	0.389995	0.331775	
-0.94201	-0.859047	-0.739901	-0.608371	-0.460341	-0.302202	-0.153442	-0.0288057	0.0734491	0.148115	0.184976	0.188782	0.189052	0.195043	0.210415	0.230791	0.265791	0.314688	0.354643	0.384616	0.405986	0.414248	0.414521	0.402853	0.365045	
-0.953638	-0.891231	-0.788284	-0.667186	-0.540935	-0.409754	-0.278919	-0.160112	-0.0588717	0.0208801	0.0703172	0.0949231	0.11768	0.143604	0.182165	0.232424	0.292249	0.344387	0.378372	0.398899	0.410787	0.414521	0.417131	0.42059	0.408248	
-0.953789	-0.905839	-0.814406	-0.705463	-0.593905	-0.483704	-0.371176	-0.266642	-0.175917	-0.103523	-0.0512142	-0.014257	0.0184576	0.0542563	0.113689	0.191945	0.267448	0.326089	0.359387	0.378146	0.389995	0.402853	0.42059	0.442777	0.462329	
-0.94431	-0.906401	-0.823144	-0.71551	-0.609342	-0.511548	-0.420044	-0.336529	-0.269767	-0.218765	-0.173906	-0.134918	-0.102672	-0.0623398	0.00761369	0.0981264	0.185818	0.251935	0.291531	0.310442	0.331775	0.365045	0.408248	0.462329	0.519989	
-0.928729	-0.886057	-0.805072	-0.698794	-0.587863	-0.496377	-0.427598	-0.375791	-0.336428	-0.305804	-0.279327	-0.257043	-0.233198	-0.189576	-0.114881	-0.021471	0.0681879	0.134698	0.171544	0.19929	0.238465	0.299105	0.375753	0.464945	0.570235	
-0.916642	-0.855828	-0.762078	-0.647365	-0.534634	-0.450867	-0.403749	-0.378553	-0.364463	-0.359218	-0.362359	-0.366919	-0.354922	-0.30749	-0.230268	-0.135954	-0.0510243	0.00263211	0.0353004	0.0716045	0.131149	0.218089	0.328564	0.456063	0.605083	
-0.885889	-0.808017	-0.700181	-0.575674	-0.461808	-0.386784	-0.357562	-0.355204	-0.366282	-0.388374	-0.417376	-0.43836	-0.4332	-0.387841	-0.313889	-0.226984	-0.154409	-0.114767	-0.0900614	-0.0534133	0.0122952	0.119025	0.263854	0.432143	0.622585	
-0.840919	-0.752551	-0.630469	-0.498347	-0.388826	-0.32682	-0.30923	-0.320815	-0.355184	-0.403162	-0.447366	-0.472833	-0.4716	-0.430179	-0.361797	-0.283072	-0.224406	-0.19885	-0.186813	-0.158482	-0.0908348	0.0298883	0.1978	0.393975	0.619876	
-0.81098	-0.712966	-0.577931	-0.438485	-0.339232	-0.290412	-0.279086	-0.291754	-0.336893	-0.402656	-0.457485	-0.487523	-0.491065	-0.450702	-0.38054	-0.303378	-0.252663	-0.243035	-0.244564	-0.221409	-0.14544	-0.0138718	0.157181	0.358837	0.605939	
-0.804606	-0.704039	-0.567256	-0.429079	-0.329782	-0.28385	-0.272585	-0.286321	-0.333069	-0.39994	-0.456858	-0.488722	-0.493325	-0.453292	-0.381786	-0.304194	-0.256406	-0.24996	-0.256695	-0.232783	-0.154408	-0.0211166	0.149646	0.350159	0.60218	
-0.826584	-0.734589	-0.606048	-0.46954	-0.365456	-0.309106	-0.294731	-0.307382	-0.347918	-0.405091	-0.454085	-0.481303	-0.481946	-0.440811	-0.372663	-0.295307	-0.239856	-0.221703	-0.214851	-0.189254	-0.118087	0.00723549	0.177622	0.378774	0.614712	
-0.867638	-0.784876	-0.672088	-0.544887	-0.431169	-0.36058	-0.336865	-0.342048	-0.363313	-0.395882	-0.431672	-0.455295	-0.451699	-0.408115	-0.336611	-0.254027	-0.187789	-0.153066	-0.132872	-0.0993908	-0.0339167	0.0791444	0.235907	0.418046	0.623743	
-0.907901	-0.839276	-0.738997	-0.620416	-0.506917	-0.426725	-0.386937	-0.371142	-0.367329	-0.373171	-0.387921	-0.400562	-0.392398	-0.345417	-0.268288	-0.175565	-0.0952212	-0.047354	-0.0171773	0.0205486	0.0843115	0.180542	0.305157	0.448365	0.614251	
-0.924073	-0.875192	-0.790956	-0.681918	-0.570128	-0.480716	-0.421917	-0.381584	-0.351808	-0.331128	-0.315713	-0.304139	-0.284576	-0.239272	-0.163272	-0.0687497	0.0201594	0.0813284	0.116624	0.148557	0.197303	0.269103	0.358369	0.462416	0.585666	
-0.937772	-0.89988	-0.818886	-0.7133	-0.604911	-0.510063	-0.426583	-0.356011	-0.301022	-0.257467	-0.218833	-0.184186	-0.15426	-0.112582	-0.0404751	0.0514731	0.140893	0.209046	0.247978	0.270325	0.297646	0.340883	0.397269	0.465465	0.541982	
-0.951641	-0.90879	-0.820839	-0.712278	-0.604869	-0.500127	-0.3965	-0.29896	-0.215962	-0.151702	-0.100562	-0.0618534	-0.0285321	0.00991425	0.0749984	0.159827	0.241004	0.30271	0.339431	0.357118	0.371659	0.391716	0.418398	0.452429	0.485557	
-0.95409	-0.897633	-0.800672	-0.685899	-0.565745	-0.444288	-0.320467	-0.207172	-0.108814	-0.0296622	0.0221533	0.0533497	0.0812286	0.111655	0.160063	0.223002	0.289497	0.343284	0.375322	0.394852	0.405772	0.412235	0.4192	0.42814	0.428099	
-0.949506	-0.875241	-0.762454	-0.635327	-0.49647	-0.348177	-0.205874	-0.0827281	0.0199535	0.0974896	0.140804	0.153381	0.163837	0.179323	0.203597	0.235675	0.281437	0.331767	0.369194	0.39452	0.411351	0.415988	0.415783	0.409384	0.381145	
-0.923043	-0.828222	-0.697452	-0.555145	-0.397138	-0.228499	-0.0731749	0.0535223	0.153653	0.218439	0.24135	0.231886	0.216634	0.205224	0.20686	0.212332	0.232871	0.275832	0.320646	0.360773	0.39233	0.40973	0.412276	0.394954	0.343867	
-0.860723	-0.757146	-0.608944	-0.445427	-0.275044	-0.0979719	0.0635869	0.18759	0.272164	0.312094	0.307056	0.27618	0.236497	0.193115	0.165762	0.151114	0.153812	0.185604	0.23909	0.300136	0.357364	0.394869	0.405194	0.383444	0.318169	
-0.751939	-0.644273	-0.487866	-0.309745	-0.130645	0.0429689	0.195238	0.301761	0.357077	0.362416	0.327269	0.271922	0.215779	0.151466	0.0941814	0.0585553	0.0527556	0.0846857	0.146007	0.227785	0.310622	0.367721	0.387594	0.367187	0.299503	
-0.591597	-0.482372	-0.325162	-0.141966	0.0318861	0.182594	0.304692	0.377558	0.390607	0.356395	0.290486	0.213027	0.140272	0.071158	0.00511073	-0.0445531	-0.0500117	-0.00628271	0.0700724	0.16547	0.262296	0.332817	0.360549	0.342018	0.270844	
-0.378773	-0.276485	-0.129213	0.0340386	0.187555	0.309267	0.3829	0.40303	0.371611	0.303238	0.217118	0.124011	0.040662	-0.0256509	-0.0812852	-0.123515	-0.126652	-0.071665	0.0203207	0.122843	0.21722	0.284181	0.314616	0.293797	0.215626	
-0.144041	-0.0595144	0.0586465	0.186172	0.301146	0.386525	0.413872	0.378744	0.305381	0.212852	0.112593	0.02105	-0.0556123	-0.112294	-0.148727	-0.165721	-0.149968	-0.0888366	0.00851658	0.113146	0.194468	0.24254	0.255831	0.223478	0.135111	
0.0675719	0.123754	0.199539	0.277032	0.341595	0.382218	0.371957	0.297029	0.191032	0.0871377	-0.0102971	-0.0886109	-0.140685	-0.171431	-0.185489	-0.172549	-0.127093	-0.0541454	0.038572	0.129021	0.193695	0.218158	0.201052	0.143641	0.042424	
0.21739	0.242891	0.265817	0.286834	0.301717	0.292114	0.247124	0.156147	0.0409562	-0.0638335	-0.145357	-0.194351	-0.211206	-0.204995	-0.190465	-0.152955	-0.0837748	0.00668187	0.0959466	0.162244	0.198403	0.200148	0.157341	0.0745111	-0.0384648	
0.279865	0.270113	0.242528	0.211442	0.180011	0.13117	0.0599915	-0.0294856	-0.131904	-0.22579	-0.284098	-0.295944	-0.274069	-0.230671	-0.179097	-0.113184	-0.0269119	0.0733505	0.16506	0.213579	0.217366	0.1907	0.127499	0.0316509	-0.088931	
0.258586	0.212306	0.144825	0.0628956	-0.00842749	-0.082448	-0.163716	-0.242476	-0.317123	-0.37923	-0.408864	-0.385377	-0.321781	-0.239447	-0.149589	-0.0521675	0.0488147	0.147131	0.228843	0.26354	0.243549	0.188256	0.103814	-0.00107806	-0.121352	
0.164403	0.0775571	-0.0261072	-0.138864	-0.240626	-0.322699	-0.390185	-0.445264	-0.487349	-0.511952	-0.502179	-0.443209	-0.341549	-0.220174	-0.0942964	0.0276769	0.140145	0.230558	0.292957	0.307666	0.266557	0.189391	0.0819695	-0.0351206	-0.156943	
