-0.366607	-0.368781	-0.349689	-0.322668	-0.290733	-0.267133	-0.263101	-0.283903	-0.351503	-0.454421	-0.571929	-0.670833	-0.720942	-0.718835	-0.6505	-0.531169	-0.380539	-0.223514	-0.0917644	0.00507385	0.0610597	0.0852315	0.0894352	0.0951489	0.0779577	
-0.368781	-0.331129	-0.274487	-0.218028	-0.175846	-0.1494	-0.142069	-0.166621	-0.235255	-0.341609	-0.468978	-0.58851	-0.674053	-0.703744	-0.659371	-0.544359	-0.388308	-0.229628	-0.0930724	0.00889032	0.0806468	0.125506	0.147619	0.162586	0.149097	
-0.349689	-0.274487	-0.18188	-0.0969531	-0.0389223	-0.00781724	-0.0041688	-0.0390027	-0.107182	-0.215108	-0.353308	-0.498154	-0.618715	-0.678659	-0.658921	-0.562751	-0.424159	-0.278587	-0.140586	-0.0274797	0.0615577	0.127543	0.166763	0.188427	0.185472	
-0.322668	-0.218028	-0.0969531	0.0132302	0.0953484	0.13859	0.146625	0.115026	0.0370501	-0.0818213	-0.242815	-0.408781	-0.555065	-0.640804	-0.648636	-0.588055	-0.483549	-0.362007	-0.230456	-0.107399	0.00248219	0.0945238	0.156209	0.191119	0.204805	
-0.290733	-0.175846	-0.0389223	0.0953484	0.200444	0.261454	0.283348	0.263096	0.187578	0.0576781	-0.115704	-0.301649	-0.467651	-0.576203	-0.618219	-0.597152	-0.537935	-0.449566	-0.340588	-0.217161	-0.0906877	0.0264657	0.120019	0.182301	0.217965	
-0.267133	-0.1494	-0.00781724	0.13859	0.261454	0.342399	0.3912	0.394791	0.332944	0.205181	0.0311355	-0.163579	-0.346389	-0.481296	-0.559256	-0.58399	-0.570139	-0.521596	-0.438435	-0.326345	-0.194756	-0.058012	0.0667216	0.164694	0.215279	
-0.263101	-0.142069	-0.0041688	0.146625	0.283348	0.3912	0.469821	0.502195	0.463643	0.352415	0.187427	-0.00707224	-0.19692	-0.356488	-0.471162	-0.546	-0.575861	-0.566894	-0.516472	-0.421941	-0.290385	-0.139408	0.00545888	0.124081	0.189425	
-0.283903	-0.166621	-0.0390027	0.115026	0.263096	0.394791	0.502195	0.5661	0.556291	0.470408	0.323807	0.14054	-0.0493325	-0.222142	-0.361218	-0.471065	-0.544633	-0.580816	-0.567084	-0.489588	-0.359655	-0.207603	-0.056526	0.071232	0.156558	
-0.351503	-0.235255	-0.107182	0.0370501	0.187578	0.332944	0.463643	0.556291	0.583264	0.533389	0.412326	0.25016	0.0773756	-0.0844557	-0.230587	-0.364815	-0.482698	-0.557316	-0.57519	-0.522836	-0.412306	-0.271127	-0.113918	0.0277235	0.137664	
-0.454421	-0.341609	-0.215108	-0.0818213	0.0576781	0.205181	0.352415	0.470408	0.533389	0.518662	0.438826	0.320479	0.189294	0.0515139	-0.0932401	-0.247997	-0.391879	-0.492566	-0.542627	-0.53119	-0.454994	-0.323091	-0.161912	-0.00221419	0.131399	
-0.571929	-0.468978	-0.353308	-0.242815	-0.115704	0.0311355	0.187427	0.323807	0.412326	0.438826	0.4153	0.357397	0.276326	0.165638	0.0313849	-0.124434	-0.275134	-0.398481	-0.483882	-0.510622	-0.463488	-0.346698	-0.191914	-0.0239052	0.129238	
-0.670833	-0.58851	-0.498154	-0.408781	-0.301649	-0.163579	-0.00707224	0.14054	0.25016	0.320479	0.357397	0.357056	0.320889	0.241401	0.133838	-0.00590892	-0.156367	-0.29777	-0.406103	-0.457245	-0.437953	-0.347671	-0.208402	-0.0409345	0.119806	
-0.720942	-0.674053	-0.618715	-0.555065	-0.467651	-0.346389	-0.19692	-0.0493325	0.0773756	0.189294	0.276326	0.320889	0.32035	0.27827	0.200651	0.0820451	-0.0601898	-0.198745	-0.313444	-0.381783	-0.390333	-0.33038	-0.210429	-0.056394	0.102504	
-0.718835	-0.703744	-0.678659	-0.640804	-0.576203	-0.481296	-0.356488	-0.222142	-0.0844557	0.0515139	0.165638	0.241401	0.27827	0.272064	0.22042	0.128012	0.0112259	-0.10974	-0.221091	-0.298828	-0.325956	-0.29411	-0.202118	-0.0668499	0.0844802	
-0.6505	-0.659371	-0.658921	-0.648636	-0.618219	-0.559256	-0.471162	-0.361218	-0.230587	-0.0932401	0.0313849	0.133838	0.200651	0.22042	0.197419	0.13594	0.0485894	-0.0544103	-0.153112	-0.22724	-0.266096	-0.255347	-0.187058	-0.0664043	0.079604	
-0.531169	-0.544359	-0.562751	-0.588055	-0.597152	-0.58399	-0.546	-0.471065	-0.364815	-0.247997	-0.124434	-0.00590892	0.0820451	0.128012	0.13594	0.105783	0.0431239	-0.0353679	-0.113922	-0.180562	-0.223558	-0.220673	-0.161367	-0.0529512	0.0926107	
-0.380539	-0.388308	-0.424159	-0.483549	-0.537935	-0.570139	-0.575861	-0.544633	-0.482698	-0.391879	-0.275134	-0.156367	-0.0601898	0.0112259	0.0485894	0.0431239	0.00610806	-0.0503786	-0.110295	-0.167744	-0.203337	-0.195905	-0.139788	-0.0357467	0.114964	
-0.223514	-0.229628	-0.278587	-0.362007	-0.449566	-0.521596	-0.566894	-0.580816	-0.557316	-0.492566	-0.398481	-0.29777	-0.198745	-0.10974	-0.0544103	-0.0353679	-0.0503786	-0.0889456	-0.137031	-0.178504	-0.204277	-0.194373	-0.133803	-0.0263971	0.136103	
-0.0917644	-0.0930724	-0.140586	-0.230456	-0.340588	-0.438435	-0.516472	-0.567084	-0.57519	-0.542627	-0.483882	-0.406103	-0.313444	-0.221091	-0.153112	-0.113922	-0.110295	-0.137031	-0.167876	-0.197586	-0.220703	-0.212756	-0.147057	-0.0292829	0.138219	
0.00507385	0.00889032	-0.0274797	-0.107399	-0.217161	-0.326345	-0.421941	-0.489588	-0.522836	-0.53119	-0.510622	-0.457245	-0.381783	-0.298828	-0.22724	-0.180562	-0.167744	-0.178504	-0.197586	-0.220652	-0.244529	-0.238615	-0.17117	-0.0518328	0.118812	
0.0610597	0.0806468	0.0615577	0.00248219	-0.0906877	-0.194756	-0.290385	-0.359655	-0.412306	-0.454994	-0.463488	-0.437953	-0.390333	-0.325956	-0.266096	-0.223558	-0.203337	-0.204277	-0.220703	-0.244529	-0.264938	-0.258605	-0.195987	-0.0836133	0.0780143	
0.0852315	0.125506	0.127543	0.0945238	0.0264657	-0.058012	-0.139408	-0.207603	-0.271127	-0.323091	-0.346698	-0.347671	-0.33038	-0.29411	-0.255347	-0.220673	-0.195905	-0.194373	-0.212756	-0.238615	-0.258605	-0.25368	-0.202866	-0.112281	0.0211565	
0.0894352	0.147619	0.166763	0.156209	0.120019	0.0667216	0.00545888	-0.056526	-0.113918	-0.161912	-0.191914	-0.208402	-0.210429	-0.202118	-0.187058	-0.161367	-0.139788	-0.133803	-0.147057	-0.17117	-0.195987	-0.202866	-0.179295	-0.130873	-0.0452202	
0.0951489	0.162586	0.188427	0.191119	0.182301	0.164694	0.124081	0.071232	0.0277235	-0.00221419	-0.0239052	-0.0409345	-0.056394	-0.0668499	-0.0664043	-0.0529512	-0.0357467	-0.0263971	-0.0292829	-0.0518328	-0.0836133	-0.112281	-0.130873	-0.137515	-0.125165	
0.0779577	0.149097	0.185472	0.204805	0.217965	0.215279	0.189425	0.156558	0.137664	0.131399	0.129238	0.119806	0.102504	0.0844802	0.079604	0.0926107	0.114964	0.136103	0.138219	0.118812	0.0780143	0.0211565	-0.0452202	-0.125165	-0.212975	
0.0310399	0.107081	0.154793	0.189986	0.213756	0.220174	0.208928	0.197906	0.204081	0.228245	0.254202	0.265167	0.258512	0.24725	0.245051	0.263196	0.298652	0.329763	0.34104	0.32248	0.268973	0.178122	0.0519335	-0.110611	-0.302366	
-0.0280538	0.0424093	0.0963697	0.140748	0.167788	0.176738	0.184905	0.203089	0.239102	0.295123	0.354781	0.399317	0.420919	0.423788	0.428396	0.451553	0.491916	0.531901	0.549047	0.529478	0.461079	0.331284	0.135177	-0.111635	-0.388371	
-0.09359	-0.0231835	0.0334396	0.0763833	0.100193	0.111282	0.133048	0.178273	0.252318	0.3497	0.447804	0.527463	0.576476	0.599165	0.617823	0.648298	0.690225	0.730586	0.744963	0.715825	0.632049	0.466622	0.202817	-0.12198	-0.476969	
-0.145145	-0.0743856	-0.0202919	0.0158902	0.0345256	0.0473701	0.0786152	0.146275	0.257188	0.397302	0.531132	0.639362	0.711601	0.754275	0.787684	0.823148	0.864306	0.899958	0.907728	0.866901	0.764077	0.566287	0.253308	-0.134103	-0.562617	
-0.163879	-0.0981261	-0.0527481	-0.0286076	-0.0118159	0.00385821	0.0427035	0.124955	0.259229	0.425396	0.58202	0.710197	0.804344	0.86289	0.900789	0.933391	0.967613	0.999625	1.00569	0.960366	0.837877	0.612885	0.274419	-0.147865	-0.621081	
-0.163583	-0.0983574	-0.0577472	-0.0364609	-0.0211504	-0.00162133	0.0380613	0.12052	0.257907	0.429541	0.590263	0.723041	0.820518	0.882818	0.921531	0.952184	0.985556	1.01454	1.02224	0.976432	0.84926	0.618274	0.275168	-0.151458	-0.631778	
-0.1575	-0.0888012	-0.0364324	-0.00482261	0.0129354	0.0253793	0.0603983	0.136226	0.259199	0.411805	0.55642	0.673864	0.756533	0.805501	0.841303	0.877315	0.915791	0.949889	0.955797	0.913315	0.801989	0.591191	0.265598	-0.139372	-0.590401	
-0.116818	-0.0453579	0.0103886	0.0509607	0.0726771	0.0853201	0.110881	0.16499	0.25431	0.370042	0.483528	0.575461	0.633536	0.664707	0.69007	0.723043	0.765543	0.804156	0.815585	0.780928	0.690292	0.512198	0.22587	-0.126911	-0.513229	
-0.054152	0.0153364	0.070239	0.115598	0.141464	0.151179	0.166024	0.196137	0.246362	0.317441	0.392481	0.451638	0.484604	0.495191	0.505045	0.530127	0.571109	0.612572	0.630082	0.607187	0.533095	0.388803	0.163932	-0.115337	-0.423446	
0.00786121	0.0827402	0.134274	0.173587	0.200401	0.207941	0.203957	0.203943	0.221224	0.258011	0.296754	0.319607	0.32307	0.316522	0.316415	0.336917	0.374887	0.410449	0.424664	0.406854	0.347471	0.240641	0.0871594	-0.109301	-0.336553	
0.0623667	0.13618	0.176542	0.203223	0.220677	0.22332	0.202951	0.178027	0.168731	0.174132	0.182826	0.180189	0.164657	0.14757	0.143111	0.158142	0.186868	0.211086	0.216578	0.197621	0.152505	0.0829495	-0.0060267	-0.118158	-0.249444	
0.0921432	0.160499	0.190755	0.199086	0.200608	0.18973	0.156102	0.111179	0.0764782	0.0553846	0.0400353	0.0248318	0.00763972	-0.00749217	-0.0101197	0.00179604	0.0189665	0.03298	0.0318111	0.0106943	-0.0241006	-0.0633269	-0.0999549	-0.134527	-0.160212	
0.0924424	0.156328	0.177751	0.173306	0.148171	0.111401	0.0584875	-0.00110006	-0.0542335	-0.0964528	-0.124439	-0.14245	-0.151581	-0.152071	-0.143487	-0.123117	-0.103778	-0.0975496	-0.105736	-0.129498	-0.15706	-0.171716	-0.164211	-0.135762	-0.0756885	
0.08703	0.134838	0.145373	0.122665	0.0674588	-0.00674445	-0.080255	-0.145813	-0.208498	-0.259921	-0.287456	-0.296515	-0.28795	-0.264052	-0.235287	-0.203427	-0.178944	-0.175721	-0.193397	-0.218938	-0.240144	-0.238623	-0.196681	-0.120694	-0.00392441	
0.0747531	0.103439	0.0920083	0.0418298	-0.042087	-0.139023	-0.230402	-0.300183	-0.359322	-0.407701	-0.423728	-0.410216	-0.37518	-0.320616	-0.268334	-0.228925	-0.205896	-0.205627	-0.223723	-0.248821	-0.267954	-0.261162	-0.202172	-0.0965439	0.0564768	
0.0315195	0.0402604	0.0103759	-0.061601	-0.166571	-0.276132	-0.37344	-0.441773	-0.483523	-0.508194	-0.50041	-0.457943	-0.393102	-0.316576	-0.247498	-0.201473	-0.185624	-0.191764	-0.208572	-0.23128	-0.253558	-0.247463	-0.18171	-0.0638552	0.104787	
-0.0483774	-0.0478068	-0.0915212	-0.179815	-0.291716	-0.396139	-0.48364	-0.544063	-0.563302	-0.54579	-0.503272	-0.434347	-0.347344	-0.257837	-0.186637	-0.142434	-0.134287	-0.154799	-0.179833	-0.206139	-0.230129	-0.223433	-0.156025	-0.036143	0.133228	
-0.166455	-0.171233	-0.22154	-0.309312	-0.40917	-0.493003	-0.552484	-0.582275	-0.571763	-0.519707	-0.438292	-0.346573	-0.248428	-0.156554	-0.0959589	-0.067352	-0.0739668	-0.108221	-0.149435	-0.185773	-0.209471	-0.200046	-0.137027	-0.0250381	0.139741	
-0.316616	-0.324044	-0.365979	-0.436242	-0.504916	-0.55506	-0.576737	-0.5639	-0.518949	-0.437332	-0.327854	-0.215462	-0.117866	-0.0377791	0.00878942	0.0131074	-0.0150788	-0.0636596	-0.118987	-0.170152	-0.201139	-0.191826	-0.134902	-0.0309452	0.124468	
-0.473892	-0.48444	-0.509927	-0.550322	-0.577418	-0.582309	-0.562978	-0.504902	-0.415275	-0.309383	-0.18678	-0.0658215	0.0267899	0.082951	0.103161	0.0837291	0.0314036	-0.0374414	-0.108139	-0.17172	-0.212762	-0.208473	-0.151382	-0.0462683	0.10114	
-0.607009	-0.620699	-0.628419	-0.631763	-0.616197	-0.575243	-0.506063	-0.409066	-0.285765	-0.154534	-0.0297042	0.0811605	0.157836	0.187896	0.176626	0.127847	0.0510456	-0.0423804	-0.133482	-0.204848	-0.246888	-0.240939	-0.177666	-0.0620349	0.0829575	
-0.699845	-0.694717	-0.67985	-0.652771	-0.601405	-0.519015	-0.407237	-0.282007	-0.144652	-0.00463939	0.115135	0.20172	0.251295	0.257245	0.216546	0.13574	0.0313895	-0.0829264	-0.190247	-0.268001	-0.300509	-0.278546	-0.197221	-0.06809	0.0801628	
-0.726957	-0.694612	-0.652327	-0.598516	-0.519047	-0.407623	-0.266099	-0.121454	0.0113657	0.133964	0.235553	0.294022	0.30858	0.280947	0.213755	0.105767	-0.0282925	-0.1606	-0.275189	-0.348177	-0.365011	-0.317335	-0.207782	-0.0613164	0.0945835	
-0.696895	-0.627469	-0.550681	-0.471471	-0.372657	-0.240132	-0.0849312	0.0632993	0.180852	0.268666	0.327622	0.347248	0.326309	0.261284	0.166016	0.0339805	-0.115034	-0.258017	-0.370796	-0.429007	-0.42195	-0.343632	-0.211536	-0.048213	0.113488	
-0.616242	-0.520463	-0.412132	-0.3105	-0.190245	-0.0466028	0.110868	0.253115	0.351175	0.395067	0.395467	0.361588	0.299886	0.200886	0.0751447	-0.0751233	-0.22603	-0.357681	-0.454654	-0.492534	-0.456414	-0.348514	-0.199053	-0.0310334	0.126681	
