0.685268	0.749165	0.788897	0.79574	0.756961	0.668349	0.546029	0.406116	0.266867	0.138777	0.0332617	-0.0452971	-0.0904912	-0.115557	-0.135325	-0.152586	-0.156551	-0.145292	-0.12593	-0.110092	-0.0865644	-0.0427338	0.0175838	0.0768495	0.133675	
0.749165	0.809161	0.848806	0.847324	0.798131	0.704485	0.580357	0.440734	0.302099	0.181278	0.0733614	-0.00768319	-0.0623493	-0.0988827	-0.127507	-0.14797	-0.142809	-0.122624	-0.0928775	-0.05702	-0.0211533	0.0351228	0.100552	0.168062	0.242262	
0.788897	0.848806	0.874302	0.863625	0.811554	0.720206	0.605258	0.482455	0.367566	0.260566	0.153175	0.0556647	-0.0168243	-0.0641189	-0.0971994	-0.116657	-0.107851	-0.0805779	-0.0388925	0.00816264	0.0565197	0.114144	0.180646	0.25312	0.338871	
0.79574	0.847324	0.863625	0.853165	0.803775	0.726844	0.636412	0.548328	0.460936	0.369187	0.269592	0.16451	0.0757122	0.010417	-0.032308	-0.0513481	-0.0415803	-0.0097194	0.0319214	0.0820829	0.135571	0.194126	0.263886	0.33874	0.424351	
0.756961	0.798131	0.811554	0.803775	0.770101	0.725673	0.675308	0.629248	0.575544	0.509159	0.427435	0.327216	0.230793	0.146619	0.089586	0.0644721	0.0679452	0.090995	0.118007	0.157738	0.210318	0.274115	0.338241	0.403825	0.474355	
0.668349	0.704485	0.720206	0.726844	0.725673	0.724988	0.724355	0.723067	0.710721	0.679873	0.622007	0.538656	0.439504	0.349966	0.284545	0.246853	0.224361	0.217139	0.221335	0.243025	0.283475	0.341384	0.387759	0.436842	0.486909	
0.546029	0.580357	0.605258	0.636412	0.675308	0.724355	0.775303	0.823124	0.857441	0.86439	0.830646	0.76989	0.684674	0.599002	0.52645	0.468556	0.418478	0.377833	0.35275	0.339663	0.349243	0.38137	0.407128	0.43249	0.457521	
0.406116	0.440734	0.482455	0.548328	0.629248	0.723067	0.823124	0.91967	1.0044	1.0488	1.03947	0.996048	0.93385	0.854197	0.774774	0.699607	0.622528	0.55518	0.493587	0.438266	0.407834	0.403982	0.403808	0.396221	0.390987	
0.266867	0.302099	0.367566	0.460936	0.575544	0.710721	0.857441	1.0044	1.13375	1.20977	1.22778	1.20252	1.15277	1.07691	0.997887	0.912989	0.814643	0.711768	0.614174	0.523477	0.454991	0.40973	0.36971	0.331097	0.302532	
0.138777	0.181278	0.260566	0.369187	0.509159	0.679873	0.86439	1.0488	1.20977	1.32411	1.37125	1.36318	1.31888	1.25174	1.17288	1.07586	0.95344	0.820031	0.691263	0.569409	0.465881	0.38231	0.309642	0.254262	0.206755	
0.0332617	0.0733614	0.153175	0.269592	0.427435	0.622007	0.830646	1.03947	1.22778	1.37125	1.44705	1.45509	1.42151	1.36652	1.28551	1.17331	1.03199	0.877644	0.726215	0.580579	0.452762	0.343006	0.251618	0.179788	0.116591	
-0.0452971	-0.00768319	0.0556647	0.16451	0.327216	0.538656	0.76989	0.996048	1.20252	1.36318	1.45509	1.48441	1.46967	1.42294	1.3408	1.22122	1.07474	0.906822	0.739388	0.583929	0.449686	0.32799	0.216981	0.122924	0.0403151	
-0.0904912	-0.0623493	-0.0168243	0.0757122	0.230793	0.439504	0.684674	0.93385	1.15277	1.31888	1.42151	1.46967	1.47257	1.42726	1.35064	1.24263	1.10464	0.93786	0.767208	0.611609	0.472213	0.341008	0.211286	0.0918849	-0.0208088	
-0.115557	-0.0988827	-0.0641189	0.010417	0.146619	0.349966	0.599002	0.854197	1.07691	1.25174	1.36652	1.42294	1.42726	1.38544	1.32429	1.24052	1.1243	0.980239	0.826789	0.67608	0.525688	0.380156	0.233123	0.0835755	-0.0639228	
-0.135325	-0.127507	-0.0971994	-0.032308	0.089586	0.284545	0.52645	0.774774	0.997887	1.17288	1.28551	1.3408	1.35064	1.32429	1.27383	1.21239	1.1302	1.02708	0.905877	0.764921	0.612965	0.457103	0.287767	0.106548	-0.0792407	
-0.152586	-0.14797	-0.116657	-0.0513481	0.0644721	0.246853	0.468556	0.699607	0.912989	1.07586	1.17331	1.22122	1.24263	1.24052	1.21239	1.18055	1.14051	1.08114	0.989944	0.871496	0.7282	0.566201	0.380243	0.166499	-0.057518	
-0.156551	-0.142809	-0.107851	-0.0415803	0.0679452	0.224361	0.418478	0.622528	0.814643	0.95344	1.03199	1.07474	1.10464	1.1243	1.1302	1.14051	1.146	1.12281	1.06304	0.973492	0.848367	0.691484	0.498346	0.264929	0.0062574	
-0.145292	-0.122624	-0.0805779	-0.0097194	0.090995	0.217139	0.377833	0.55518	0.711768	0.820031	0.877644	0.906822	0.93786	0.980239	1.02708	1.08114	1.12281	1.13991	1.11863	1.05641	0.9512	0.807066	0.614354	0.372374	0.0979622	
-0.12593	-0.0928775	-0.0388925	0.0319214	0.118007	0.221335	0.35275	0.493587	0.614174	0.691263	0.726215	0.739388	0.767208	0.826789	0.905877	0.989944	1.06304	1.11863	1.13056	1.09392	1.01534	0.891833	0.706559	0.462701	0.187806	
-0.110092	-0.05702	0.00816264	0.0820829	0.157738	0.243025	0.339663	0.438266	0.523477	0.569409	0.580579	0.583929	0.611609	0.67608	0.764921	0.871496	0.973492	1.05641	1.09392	1.08334	1.03905	0.942298	0.767325	0.528994	0.256431	
-0.0865644	-0.0211533	0.0565197	0.135571	0.210318	0.283475	0.349243	0.407834	0.454991	0.465881	0.452762	0.449686	0.472213	0.525688	0.612965	0.7282	0.848367	0.9512	1.01534	1.03905	1.0255	0.9533	0.793508	0.563938	0.300213	
-0.0427338	0.0351228	0.114144	0.194126	0.274115	0.341384	0.38137	0.403982	0.40973	0.38231	0.343006	0.32799	0.341008	0.380156	0.457103	0.566201	0.691484	0.807066	0.891833	0.942298	0.9533	0.90294	0.765011	0.554463	0.308797	
0.0175838	0.100552	0.180646	0.263886	0.338241	0.387759	0.407128	0.403808	0.36971	0.309642	0.251618	0.216981	0.211286	0.233123	0.287767	0.380243	0.498346	0.614354	0.706559	0.767325	0.793508	0.765011	0.655268	0.480647	0.263304	
0.0768495	0.168062	0.25312	0.33874	0.403825	0.436842	0.43249	0.396221	0.331097	0.254262	0.179788	0.122924	0.0918849	0.0835755	0.106548	0.166499	0.264929	0.372374	0.462701	0.528994	0.563938	0.554463	0.480647	0.34665	0.171628	
0.133675	0.242262	0.338871	0.424351	0.474355	0.486909	0.457521	0.390987	0.302532	0.206755	0.116591	0.0403151	-0.0208088	-0.0639228	-0.0792407	-0.057518	0.0062574	0.0979622	0.187806	0.256431	0.300213	0.308797	0.263304	0.171628	0.0390916	
0.19792	0.322639	0.429453	0.508291	0.544398	0.537751	0.480188	0.389549	0.284112	0.172256	0.0613763	-0.0410497	-0.135805	-0.212502	-0.259467	-0.275942	-0.247281	-0.175987	-0.0948288	-0.0268886	0.0229962	0.0446197	0.0224431	-0.0333476	-0.122826	
0.256698	0.39334	0.505412	0.579058	0.610634	0.592679	0.520367	0.41163	0.291335	0.160994	0.0241482	-0.109592	-0.237048	-0.348322	-0.42869	-0.470642	-0.468524	-0.425963	-0.364391	-0.301312	-0.25093	-0.220983	-0.218835	-0.241056	-0.290153	
0.302986	0.440252	0.556295	0.635906	0.666628	0.642906	0.565412	0.449594	0.313768	0.164783	0.00193542	-0.165695	-0.320472	-0.455687	-0.5621	-0.620266	-0.644558	-0.637032	-0.595932	-0.543381	-0.501669	-0.466343	-0.440814	-0.434955	-0.448404	
0.331891	0.473726	0.600979	0.687766	0.720481	0.693768	0.613915	0.485022	0.333336	0.165926	-0.0184061	-0.206033	-0.377021	-0.525504	-0.643806	-0.71814	-0.764764	-0.783424	-0.766946	-0.728352	-0.689081	-0.647381	-0.607251	-0.581035	-0.56418	
0.341941	0.487388	0.627605	0.726524	0.763371	0.735161	0.64856	0.511722	0.348532	0.168314	-0.0238659	-0.221061	-0.40641	-0.562028	-0.685116	-0.771259	-0.830043	-0.857335	-0.858301	-0.831166	-0.783392	-0.735971	-0.695287	-0.654147	-0.616314	
0.342425	0.488619	0.632903	0.735005	0.772156	0.742914	0.65639	0.518336	0.352869	0.170005	-0.0226964	-0.222469	-0.411195	-0.567123	-0.691536	-0.780816	-0.841544	-0.868871	-0.872361	-0.848303	-0.79743	-0.747743	-0.708857	-0.664095	-0.62254	
0.338722	0.481928	0.614085	0.705158	0.739942	0.712986	0.63002	0.496898	0.339959	0.166814	-0.0226265	-0.215515	-0.392178	-0.543935	-0.664015	-0.744659	-0.796963	-0.820365	-0.812995	-0.77996	-0.737657	-0.693595	-0.651964	-0.619775	-0.59218	
0.316792	0.455103	0.575029	0.657457	0.688239	0.662785	0.585097	0.464807	0.322304	0.165372	-0.00642885	-0.184153	-0.346565	-0.488373	-0.60151	-0.665047	-0.699875	-0.705039	-0.672816	-0.625897	-0.587014	-0.549509	-0.516374	-0.50084	-0.502122	
0.277302	0.41455	0.527676	0.602419	0.63418	0.614048	0.537956	0.425641	0.299953	0.16233	0.0140505	-0.134019	-0.272514	-0.395264	-0.48724	-0.537012	-0.544697	-0.516406	-0.462661	-0.40272	-0.355887	-0.323773	-0.311083	-0.321805	-0.355445	
0.222518	0.353635	0.463367	0.538592	0.571807	0.559154	0.494287	0.395889	0.284313	0.164102	0.0442531	-0.0699571	-0.178394	-0.269226	-0.329829	-0.357429	-0.340696	-0.279937	-0.205847	-0.1397	-0.0875523	-0.0618991	-0.0752211	-0.116965	-0.190315	
0.159117	0.274039	0.375102	0.458888	0.502858	0.507325	0.465182	0.388519	0.292408	0.190596	0.0928282	0.00667478	-0.0676221	-0.123783	-0.151802	-0.14691	-0.0976569	-0.0124539	0.075085	0.14331	0.189828	0.204418	0.168684	0.0915656	-0.023156	
0.098565	0.196668	0.28678	0.372305	0.431309	0.456364	0.443996	0.394351	0.319023	0.234416	0.154055	0.08979	0.0471859	0.0243074	0.031451	0.0769952	0.163128	0.264369	0.354921	0.422656	0.461389	0.4592	0.397525	0.281598	0.123677	
0.0427381	0.127209	0.20782	0.292971	0.363686	0.406434	0.416062	0.400894	0.352987	0.285845	0.220946	0.177309	0.161261	0.172727	0.216492	0.297993	0.409362	0.522715	0.614129	0.678045	0.707729	0.687032	0.591581	0.432451	0.231025	
-0.0202875	0.0609923	0.140609	0.221533	0.300374	0.361343	0.393288	0.404666	0.393985	0.351467	0.303378	0.281613	0.288871	0.322458	0.391252	0.494747	0.61905	0.736609	0.826086	0.881338	0.899542	0.859133	0.731217	0.533473	0.29705	
-0.0711792	-0.00105822	0.0774313	0.156965	0.235054	0.306779	0.360569	0.403826	0.434955	0.431031	0.407293	0.400561	0.419434	0.466772	0.551232	0.665845	0.789285	0.898099	0.97201	1.00926	1.00628	0.942085	0.790475	0.566949	0.309844	
-0.103139	-0.0433617	0.0274655	0.104083	0.177447	0.256295	0.340354	0.422516	0.492602	0.525584	0.526427	0.527006	0.553608	0.616087	0.705206	0.817223	0.927663	1.01953	1.06724	1.06991	1.03855	0.951988	0.782316	0.54727	0.276903	
-0.1189	-0.0788725	-0.0206108	0.0505832	0.131515	0.22746	0.345308	0.469578	0.576394	0.641123	0.666733	0.675439	0.702637	0.765879	0.851599	0.944837	1.03129	1.09922	1.12131	1.09414	1.02866	0.916299	0.734973	0.491787	0.217644	
-0.137966	-0.111932	-0.0651759	0.00633568	0.10158	0.217377	0.366617	0.53107	0.67263	0.767674	0.816713	0.839661	0.868794	0.919011	0.981083	1.04882	1.10235	1.13638	1.1299	1.07826	0.982207	0.845443	0.654868	0.412126	0.136169	
-0.153244	-0.135839	-0.098249	-0.0306675	0.0751573	0.219672	0.400045	0.59374	0.773111	0.900427	0.970117	1.00807	1.04029	1.06931	1.09141	1.11984	1.14149	1.13387	1.08848	1.01056	0.893142	0.740135	0.546298	0.307848	0.0412025	
-0.156525	-0.148852	-0.116372	-0.0508963	0.062767	0.236127	0.448711	0.668762	0.874711	1.02907	1.12032	1.16599	1.19136	1.19755	1.18147	1.1661	1.14515	1.09951	1.0205	0.91286	0.777046	0.615887	0.425914	0.202638	-0.0375176	
-0.142606	-0.137382	-0.10769	-0.0432955	0.075836	0.267076	0.501594	0.744821	0.965281	1.13708	1.24429	1.297	1.31112	1.29483	1.25121	1.19964	1.13319	1.04937	0.94035	0.807422	0.656435	0.497289	0.321106	0.125489	-0.0754316	
-0.124031	-0.111107	-0.0779862	-0.00939038	0.11984	0.320206	0.567837	0.821504	1.0453	1.22144	1.33773	1.39457	1.40003	1.36268	1.30579	1.23135	1.1276	0.997421	0.85656	0.708367	0.556456	0.406157	0.249306	0.0886311	-0.0739251	
-0.101432	-0.0782557	-0.0385305	0.0461776	0.19538	0.402255	0.649395	0.903261	1.12443	1.29382	1.40195	1.45483	1.45911	1.41424	1.34413	1.24574	1.11446	0.95438	0.787448	0.633898	0.490116	0.3535	0.217136	0.0857884	-0.0400898	
-0.0672177	-0.0327121	0.0228916	0.126713	0.287464	0.499041	0.738082	0.973585	1.18611	1.34961	1.44493	1.48259	1.4765	1.43132	1.34988	1.23172	1.08652	0.917657	0.747404	0.590377	0.454815	0.330094	0.211376	0.107645	0.0136527	
-0.00152904	0.0381509	0.111909	0.226613	0.388021	0.591561	0.808936	1.02463	1.22092	1.37279	1.4572	1.47374	1.4466	1.3952	1.31348	1.19755	1.05291	0.890587	0.732243	0.581133	0.449113	0.332584	0.233348	0.15369	0.0844155	
