1.20332	1.1076	0.982693	0.827079	0.660042	0.50175	0.366709	0.24912	0.153375	0.0868739	0.0453808	0.0229234	0.0213564	0.0365837	0.0516641	0.0562617	0.0489434	0.0347763	0.0214061	-0.00128756	-0.038174	-0.06425	-0.073182	-0.0640368	-0.055222	
1.1076	1.05883	0.968033	0.83954	0.689013	0.541429	0.408402	0.288539	0.186666	0.111078	0.04954	0.00170158	-0.0245657	-0.02749	-0.0135069	-0.00607734	-0.0086394	-0.0147483	-0.0226709	-0.045461	-0.081888	-0.105254	-0.110755	-0.105879	-0.104699	
0.982693	0.968033	0.908484	0.815439	0.695224	0.56331	0.437346	0.323147	0.229338	0.147262	0.0699899	0.00480257	-0.0402149	-0.0573144	-0.046339	-0.0344681	-0.0304583	-0.0302508	-0.0386485	-0.0620546	-0.0949096	-0.116078	-0.120511	-0.128402	-0.142359	
0.827079	0.83954	0.815439	0.75958	0.6653	0.546712	0.43348	0.338138	0.261388	0.181257	0.101463	0.0310119	-0.0224122	-0.0485486	-0.0461641	-0.0315063	-0.0226747	-0.023885	-0.031369	-0.0513377	-0.0786563	-0.0979472	-0.110001	-0.134397	-0.163563	
0.660042	0.689013	0.695224	0.6653	0.592026	0.495111	0.409026	0.338645	0.279054	0.209627	0.131385	0.0676629	0.0163072	-0.0172874	-0.020541	-0.00918613	-0.0041345	-0.0102601	-0.0158219	-0.0295921	-0.0501777	-0.0739358	-0.099332	-0.133459	-0.171941	
0.50175	0.541429	0.56331	0.546712	0.495111	0.432161	0.374107	0.327386	0.284876	0.223152	0.156283	0.101836	0.05693	0.0222191	0.0118716	0.0101851	0.00552579	-0.00497962	-0.00665053	-0.00666409	-0.0239454	-0.0528497	-0.0881088	-0.124733	-0.16107	
0.366709	0.408402	0.437346	0.43348	0.409026	0.374107	0.339689	0.309931	0.276324	0.227091	0.172085	0.12794	0.0933877	0.0613928	0.0378033	0.0197287	0.0020367	-0.00930121	-0.00140105	0.0106591	-0.00136342	-0.0323913	-0.0692372	-0.102446	-0.131317	
0.24912	0.288539	0.323147	0.338138	0.338645	0.327386	0.309931	0.289257	0.258164	0.215404	0.167128	0.134125	0.113465	0.0876102	0.0593381	0.0323128	0.0104894	0.00278818	0.0165681	0.0298224	0.0195882	-0.0117648	-0.0483612	-0.074587	-0.0991084	
0.153375	0.186666	0.229338	0.261388	0.279054	0.284876	0.276324	0.258164	0.223728	0.17965	0.137228	0.114925	0.104985	0.0871691	0.0663619	0.0434141	0.0300668	0.0304057	0.0437125	0.0567511	0.0491101	0.0230891	-0.00739709	-0.031689	-0.0561886	
0.0868739	0.111078	0.147262	0.181257	0.209627	0.223152	0.227091	0.215404	0.17965	0.137956	0.104249	0.0845108	0.0758112	0.0667333	0.057259	0.0527105	0.0513305	0.0575825	0.0700799	0.0808531	0.0806318	0.0638527	0.0427922	0.0197582	-0.00712089	
0.0453808	0.04954	0.0699899	0.101463	0.131385	0.156283	0.172085	0.167128	0.137228	0.104249	0.0730626	0.0529045	0.0399018	0.0358315	0.0450653	0.0558711	0.0619413	0.0687809	0.0793458	0.0877683	0.0964839	0.0910909	0.0829764	0.0684894	0.0421524	
0.0229234	0.00170158	0.00480257	0.0310119	0.0676629	0.101836	0.12794	0.134125	0.114925	0.0845108	0.0529045	0.0229758	-0.000469032	-0.00283115	0.0154793	0.031883	0.0414189	0.0504174	0.0644431	0.0789246	0.094645	0.104091	0.112073	0.110846	0.0908775	
0.0213564	-0.0245657	-0.0402149	-0.0224122	0.0163072	0.05693	0.0933877	0.113465	0.104985	0.0758112	0.0399018	-0.000469032	-0.0359153	-0.0468851	-0.035437	-0.0215667	-0.0113265	0.00799274	0.0350452	0.0598364	0.0866503	0.110239	0.135551	0.147663	0.134881	
0.0365837	-0.02749	-0.0573144	-0.0485486	-0.0172874	0.0222191	0.0613928	0.0876102	0.0871691	0.0667333	0.0358315	-0.00283115	-0.0468851	-0.0760735	-0.0844957	-0.0840207	-0.0750249	-0.0476491	-0.00834393	0.0276265	0.0651859	0.104154	0.143737	0.167235	0.164747	
0.0516641	-0.0135069	-0.046339	-0.0461641	-0.020541	0.0118716	0.0378033	0.0593381	0.0663619	0.057259	0.0450653	0.0154793	-0.035437	-0.0844957	-0.117178	-0.135038	-0.132892	-0.107071	-0.0664054	-0.023026	0.0228812	0.0756865	0.123168	0.158304	0.171625	
0.0562617	-0.00607734	-0.0344681	-0.0315063	-0.00918613	0.0101851	0.0197287	0.0323128	0.0434141	0.0527105	0.0558711	0.031883	-0.0215667	-0.0840207	-0.135038	-0.163167	-0.172966	-0.155394	-0.121606	-0.0778891	-0.0260787	0.0303832	0.0816071	0.122138	0.158686	
0.0489434	-0.0086394	-0.0304583	-0.0226747	-0.0041345	0.00552579	0.0020367	0.0104894	0.0300668	0.0513305	0.0619413	0.0414189	-0.0113265	-0.0750249	-0.132892	-0.172966	-0.194479	-0.193703	-0.173277	-0.133364	-0.0809596	-0.0227467	0.0286815	0.0796796	0.140735	
0.0347763	-0.0147483	-0.0302508	-0.023885	-0.0102601	-0.00497962	-0.00930121	0.00278818	0.0304057	0.0575825	0.0687809	0.0504174	0.00799274	-0.0476491	-0.107071	-0.155394	-0.193703	-0.214929	-0.217906	-0.19649	-0.152845	-0.0989533	-0.0452919	0.0226507	0.112454	
0.0214061	-0.0226709	-0.0386485	-0.031369	-0.0158219	-0.00665053	-0.00140105	0.0165681	0.0437125	0.0700799	0.0793458	0.0644431	0.0350452	-0.00834393	-0.0664054	-0.121606	-0.173277	-0.217906	-0.253141	-0.257976	-0.23191	-0.185552	-0.123289	-0.0396296	0.0790528	
-0.00128756	-0.045461	-0.0620546	-0.0513377	-0.0295921	-0.00666409	0.0106591	0.0298224	0.0567511	0.0808531	0.0877683	0.0789246	0.0598364	0.0276265	-0.023026	-0.0778891	-0.133364	-0.19649	-0.257976	-0.291816	-0.282014	-0.241819	-0.178383	-0.0811985	0.0483106	
-0.038174	-0.081888	-0.0949096	-0.0786563	-0.0501777	-0.0239454	-0.00136342	0.0195882	0.0491101	0.0806318	0.0964839	0.094645	0.0866503	0.0651859	0.0228812	-0.0260787	-0.0809596	-0.152845	-0.23191	-0.282014	-0.285113	-0.252834	-0.194128	-0.102358	0.0243301	
-0.06425	-0.105254	-0.116078	-0.0979472	-0.0739358	-0.0528497	-0.0323913	-0.0117648	0.0230891	0.0638527	0.0910909	0.104091	0.110239	0.104154	0.0756865	0.0303832	-0.0227467	-0.0989533	-0.185552	-0.241819	-0.252834	-0.23138	-0.184421	-0.106526	0.00583178	
-0.073182	-0.110755	-0.120511	-0.110001	-0.099332	-0.0881088	-0.0692372	-0.0483612	-0.00739709	0.0427922	0.0829764	0.112073	0.135551	0.143737	0.123168	0.0816071	0.0286815	-0.0452919	-0.123289	-0.178383	-0.194128	-0.184421	-0.157772	-0.097247	-0.00627722	
-0.0640368	-0.105879	-0.128402	-0.134397	-0.133459	-0.124733	-0.102446	-0.074587	-0.031689	0.0197582	0.0684894	0.110846	0.147663	0.167235	0.158304	0.122138	0.0796796	0.0226507	-0.0396296	-0.0811985	-0.102358	-0.106526	-0.097247	-0.0631828	-0.000500831	
-0.055222	-0.104699	-0.142359	-0.163563	-0.171941	-0.16107	-0.131317	-0.0991084	-0.0561886	-0.00712089	0.0421524	0.0908775	0.134881	0.164747	0.171625	0.158686	0.140735	0.112454	0.0790528	0.0483106	0.0243301	0.00583178	-0.00627722	-0.000500831	0.0188009	
-0.0492908	-0.0984818	-0.141966	-0.175531	-0.19191	-0.185335	-0.158173	-0.125786	-0.0867126	-0.0436275	0.00313562	0.0509099	0.0971676	0.136862	0.166993	0.187971	0.205429	0.213154	0.209898	0.193953	0.166332	0.13648	0.104491	0.0760651	0.0459389	
-0.0377446	-0.0803548	-0.1264	-0.169574	-0.195905	-0.197636	-0.179273	-0.150024	-0.11862	-0.0855019	-0.0470465	-0.00166632	0.0464002	0.0987862	0.159144	0.215915	0.26874	0.310651	0.332765	0.330705	0.301178	0.258978	0.209677	0.145788	0.0657014	
-0.0387607	-0.0706029	-0.109076	-0.152662	-0.184365	-0.194673	-0.185689	-0.166838	-0.146886	-0.124163	-0.0907644	-0.0454513	0.00911565	0.0743677	0.151828	0.236817	0.31182	0.379271	0.43145	0.444652	0.420816	0.371555	0.302312	0.20559	0.0781874	
-0.0502987	-0.0767954	-0.109584	-0.148635	-0.172978	-0.178642	-0.176528	-0.167974	-0.167095	-0.162721	-0.138309	-0.0886535	-0.0242062	0.0536261	0.150064	0.249812	0.34231	0.432912	0.508291	0.542975	0.524281	0.466986	0.380268	0.250233	0.0842277	
-0.0695076	-0.0933004	-0.119782	-0.148282	-0.160922	-0.160335	-0.160542	-0.163925	-0.181605	-0.193015	-0.174847	-0.122225	-0.0483776	0.0397541	0.143571	0.254107	0.355736	0.462106	0.559221	0.608736	0.597759	0.535122	0.433877	0.281643	0.0880758	
-0.0741003	-0.0978842	-0.121874	-0.148153	-0.158452	-0.155884	-0.156394	-0.163147	-0.184239	-0.19904	-0.182231	-0.128763	-0.0530532	0.0369289	0.141588	0.253977	0.357152	0.466513	0.568409	0.621212	0.611832	0.548935	0.444442	0.287968	0.0894841	
-0.0574418	-0.0831407	-0.113964	-0.149115	-0.168661	-0.170932	-0.170243	-0.166066	-0.173819	-0.177035	-0.155911	-0.104736	-0.0358915	0.0468417	0.14817	0.2526	0.350012	0.448254	0.532924	0.574822	0.559228	0.498923	0.405675	0.264654	0.0855093	
-0.0421896	-0.0708954	-0.106356	-0.149027	-0.178833	-0.189398	-0.183615	-0.168847	-0.155862	-0.139874	-0.108982	-0.0625118	-0.0040577	0.0666838	0.150525	0.243079	0.324764	0.401684	0.464423	0.485536	0.464733	0.412329	0.335771	0.225609	0.0810231	
-0.0358909	-0.0750795	-0.118323	-0.162988	-0.193403	-0.198256	-0.184058	-0.158154	-0.130184	-0.101042	-0.0652666	-0.0201043	0.0297867	0.0873139	0.156379	0.225562	0.289025	0.34188	0.375357	0.378744	0.350399	0.304881	0.247668	0.170356	0.0709973	
-0.0449485	-0.0918179	-0.136901	-0.174501	-0.194604	-0.191812	-0.168185	-0.136122	-0.100041	-0.060564	-0.0161304	0.0301325	0.0767768	0.121441	0.162984	0.199127	0.23155	0.253689	0.261274	0.250605	0.222374	0.187338	0.14858	0.10612	0.0551777	
-0.0531188	-0.104185	-0.144589	-0.171614	-0.182828	-0.172598	-0.14213	-0.109806	-0.0675042	-0.0206232	0.0279251	0.0772198	0.122186	0.156023	0.170936	0.171237	0.16673	0.152749	0.131727	0.106229	0.080814	0.0572811	0.0368606	0.0295373	0.0294533	
-0.059602	-0.104892	-0.134378	-0.14631	-0.150009	-0.139556	-0.114234	-0.0839873	-0.0410119	0.00966761	0.0592808	0.105426	0.146069	0.169697	0.16665	0.137177	0.103358	0.0562057	0.00432163	-0.0327137	-0.0556228	-0.0654554	-0.0645996	-0.0412264	0.00586131	
-0.0707587	-0.108398	-0.122019	-0.118163	-0.111048	-0.103033	-0.0827482	-0.0595987	-0.017683	0.0338188	0.078286	0.113347	0.142924	0.156273	0.13899	0.0988723	0.0479968	-0.0208924	-0.0937093	-0.144137	-0.161698	-0.157703	-0.137793	-0.0871204	-0.0061203	
-0.0704246	-0.109978	-0.119197	-0.102867	-0.0846158	-0.0667082	-0.0470302	-0.0270502	0.0109591	0.0557597	0.0874461	0.107525	0.120554	0.120344	0.0962929	0.0522336	-0.000763242	-0.0775145	-0.162499	-0.219204	-0.232739	-0.215688	-0.176865	-0.105376	-0.000558768	
-0.0510895	-0.0929155	-0.105489	-0.0871057	-0.0588601	-0.0344798	-0.0123729	0.00895426	0.0399809	0.0754015	0.0960848	0.0988846	0.0963242	0.080177	0.0431318	-0.00405369	-0.0580245	-0.132283	-0.215837	-0.268743	-0.275368	-0.246626	-0.191597	-0.104951	0.0169569	
-0.0154903	-0.0602739	-0.0753618	-0.0630437	-0.0373014	-0.0117397	0.00911818	0.0287096	0.0561958	0.0827489	0.0917171	0.0858535	0.070695	0.0423755	-0.004972	-0.0574035	-0.112981	-0.180359	-0.250724	-0.292756	-0.288755	-0.252029	-0.189321	-0.0929171	0.0372878	
0.014245	-0.0286375	-0.045459	-0.0369086	-0.0201786	-0.00484519	0.00481614	0.0234667	0.0501545	0.0747545	0.0830619	0.0702482	0.0456758	0.00617373	-0.0493725	-0.105661	-0.159691	-0.213052	-0.259603	-0.276572	-0.257427	-0.21266	-0.149551	-0.0584469	0.0664938	
0.0298145	-0.0170449	-0.032671	-0.026643	-0.0125262	-0.00746582	-0.00832437	0.00701755	0.0343696	0.0621051	0.0729063	0.0555853	0.0186012	-0.0322246	-0.0918942	-0.143149	-0.187714	-0.218173	-0.23406	-0.222286	-0.185137	-0.134792	-0.0771167	-0.00360523	0.0991764	
0.0431874	-0.011617	-0.0295571	-0.0222844	-0.00659434	0.0015472	-0.00420866	0.00499549	0.0287222	0.0528226	0.0638312	0.044618	-0.00518391	-0.0665556	-0.125092	-0.169028	-0.196744	-0.204386	-0.191593	-0.157782	-0.107227	-0.050049	0.00108701	0.0589766	0.130527	
0.0548599	-0.00553353	-0.0321826	-0.0263642	-0.00521318	0.00923131	0.01265	0.0228772	0.0367016	0.0513896	0.0592785	0.0359521	-0.0176999	-0.081884	-0.137246	-0.169749	-0.184309	-0.172716	-0.143151	-0.100011	-0.0468001	0.0109479	0.0621494	0.10626	0.152426	
0.0555382	-0.00960304	-0.0408499	-0.0406484	-0.016911	0.0108406	0.0298601	0.0478753	0.0564223	0.0551295	0.0496559	0.0234381	-0.0295644	-0.0847746	-0.125729	-0.148485	-0.15047	-0.127346	-0.0889718	-0.0449457	0.00359132	0.0581416	0.10792	0.144746	0.167434	
0.0432264	-0.0222154	-0.0547527	-0.0505706	-0.0215268	0.0160015	0.0513425	0.07635	0.0794055	0.0625516	0.038739	0.0033035	-0.0439019	-0.0816371	-0.0998824	-0.107132	-0.10034	-0.0722883	-0.031016	0.00864419	0.0504491	0.0961651	0.139037	0.168609	0.170825	
0.0262902	-0.0289726	-0.0516598	-0.0367414	-0.000512367	0.0401436	0.0800007	0.103805	0.0982543	0.0721877	0.0367225	-0.00489755	-0.0440128	-0.0610194	-0.0567199	-0.0463257	-0.0360053	-0.0124012	0.0203304	0.0497387	0.0806933	0.109796	0.14166	0.157584	0.149068	
0.01951	-0.0113288	-0.0152596	0.0073483	0.045999	0.0839778	0.113778	0.125758	0.111297	0.0806631	0.047012	0.0124	-0.0161582	-0.021037	-0.00295907	0.0124791	0.0226474	0.0352741	0.053365	0.0723592	0.0918716	0.107312	0.122305	0.12714	0.10999	
0.0343843	0.0282671	0.0414911	0.0713762	0.1043	0.13211	0.152839	0.151559	0.125411	0.0947174	0.0640521	0.040314	0.0243524	0.0217263	0.0362606	0.0508515	0.0578741	0.0651522	0.0757911	0.0857038	0.0971549	0.0968999	0.0952597	0.0860184	0.0617872	
