-0.0658943	-0.0720035	-0.0576149	-0.0425761	-0.0392326	-0.0377892	-0.0407997	-0.0501918	-0.0678341	-0.0708901	-0.0537651	-0.0310731	-0.0111607	0.00882851	0.0365893	0.0697895	0.104862	0.146034	0.178741	0.192798	0.195347	0.183586	0.162553	0.146138	0.149247	
0.0217445	0.00843771	0.0162023	0.0225271	0.0247509	0.026941	0.0225538	0.0200135	0.00977315	0.0132035	0.0417121	0.0802606	0.124785	0.168931	0.206405	0.237461	0.262979	0.287573	0.311474	0.320914	0.320093	0.309801	0.299195	0.297946	0.314905	
0.0497955	0.0330127	0.0315263	0.0305344	0.0341107	0.0369801	0.0309473	0.0315609	0.0312751	0.0404085	0.0725133	0.12708	0.201308	0.266867	0.315296	0.3447	0.358315	0.371567	0.394519	0.409189	0.416427	0.421629	0.426383	0.445487	0.482609	
0.0318195	0.0101392	0.000808932	-0.00593012	-0.00249143	-0.00135672	-0.00495293	-0.00320108	0.00615455	0.0201875	0.0585133	0.131561	0.227475	0.311508	0.366057	0.392662	0.400415	0.408881	0.42876	0.454899	0.477468	0.499165	0.529611	0.57404	0.63949	
-0.00620503	-0.0386138	-0.0579714	-0.073037	-0.0773973	-0.0780178	-0.0756965	-0.0646892	-0.046802	-0.0218927	0.0267766	0.116102	0.220992	0.310185	0.365686	0.392836	0.402754	0.406381	0.425533	0.459635	0.497369	0.539867	0.602921	0.678518	0.76976	
-0.0490631	-0.0943985	-0.132329	-0.162712	-0.184956	-0.188044	-0.173637	-0.145391	-0.109397	-0.0699207	-0.00645783	0.0916882	0.194792	0.276233	0.333233	0.358144	0.369609	0.375849	0.396281	0.435948	0.490937	0.558352	0.64923	0.75736	0.867417	
-0.086119	-0.148739	-0.20894	-0.261846	-0.304983	-0.313081	-0.281898	-0.230645	-0.173014	-0.112006	-0.0419162	0.0533031	0.149036	0.226894	0.285001	0.312099	0.32466	0.332522	0.35436	0.399637	0.471733	0.564476	0.685698	0.817879	0.937499	
-0.124629	-0.201143	-0.281122	-0.355366	-0.413539	-0.424524	-0.382057	-0.311684	-0.233282	-0.154552	-0.0799959	0.0035341	0.0948622	0.177244	0.237913	0.26744	0.28185	0.292572	0.320712	0.371284	0.449822	0.560774	0.69609	0.83953	0.967272	
-0.166998	-0.253805	-0.347692	-0.438524	-0.499544	-0.511201	-0.467558	-0.386098	-0.290847	-0.201711	-0.11686	-0.0399424	0.044747	0.134423	0.19961	0.232761	0.252197	0.274652	0.302412	0.353753	0.431893	0.544624	0.682455	0.830699	0.962575	
-0.210363	-0.315704	-0.422323	-0.516963	-0.582639	-0.595911	-0.547689	-0.462676	-0.359166	-0.251522	-0.153011	-0.0732335	0.0125007	0.101266	0.172688	0.220979	0.253992	0.286201	0.319125	0.362675	0.43277	0.538617	0.66691	0.807289	0.935237	
-0.262703	-0.388267	-0.502939	-0.5995	-0.665728	-0.678385	-0.630995	-0.543432	-0.436161	-0.312951	-0.192546	-0.0948606	-0.00461033	0.0852121	0.166295	0.234884	0.291694	0.334621	0.370345	0.40884	0.467693	0.553466	0.662212	0.77913	0.884769	
-0.314277	-0.453921	-0.573899	-0.673197	-0.739256	-0.750595	-0.706025	-0.615196	-0.505172	-0.370328	-0.234395	-0.11479	-0.0126488	0.0902834	0.18794	0.280542	0.358936	0.413009	0.450088	0.48495	0.533945	0.590077	0.660135	0.736038	0.803384	
-0.350087	-0.498423	-0.627068	-0.728017	-0.792911	-0.804423	-0.759284	-0.670701	-0.553067	-0.40952	-0.266546	-0.135875	-0.0122016	0.111374	0.230707	0.3476	0.44075	0.507136	0.543338	0.574143	0.607946	0.630982	0.651754	0.681289	0.702557	
-0.364579	-0.516755	-0.653591	-0.756862	-0.814838	-0.824612	-0.786097	-0.699532	-0.574992	-0.425827	-0.277309	-0.140793	0.0012451	0.146371	0.285338	0.414582	0.517539	0.589347	0.634051	0.663572	0.682454	0.675395	0.648793	0.624971	0.601975	
-0.347136	-0.502558	-0.638612	-0.732882	-0.781744	-0.789356	-0.758008	-0.682072	-0.560568	-0.410464	-0.255196	-0.116099	0.0327579	0.185587	0.330304	0.461856	0.568623	0.644571	0.693229	0.724872	0.737241	0.70611	0.644413	0.581043	0.518468	
-0.295643	-0.441729	-0.559043	-0.636989	-0.675132	-0.68037	-0.657109	-0.594739	-0.493028	-0.355519	-0.206993	-0.069394	0.0707818	0.212376	0.350589	0.480537	0.5866	0.660916	0.70983	0.737919	0.744562	0.70175	0.623239	0.536883	0.4567	
-0.226713	-0.343332	-0.42555	-0.473691	-0.497113	-0.500759	-0.486008	-0.448219	-0.380527	-0.277141	-0.146739	-0.0197217	0.105368	0.226088	0.343618	0.459228	0.561301	0.637042	0.687713	0.717341	0.719455	0.675748	0.593569	0.49828	0.412739	
-0.13349	-0.205362	-0.247042	-0.265899	-0.276478	-0.277702	-0.271448	-0.255585	-0.225702	-0.165973	-0.0780408	0.0191981	0.118549	0.215883	0.311314	0.407052	0.502705	0.584873	0.644397	0.677769	0.679129	0.6373	0.560988	0.466874	0.378002	
-0.0192205	-0.0401652	-0.0367584	-0.0237784	-0.0155673	-0.0132007	-0.0197449	-0.0315365	-0.0414589	-0.030412	0.00267678	0.0561121	0.121989	0.195105	0.267022	0.340441	0.419786	0.50501	0.575812	0.614433	0.614421	0.574715	0.504276	0.41733	0.335956	
0.109552	0.139481	0.185234	0.230852	0.261199	0.267628	0.244601	0.204759	0.15636	0.11874	0.103329	0.1102	0.139644	0.18517	0.235896	0.286533	0.344015	0.417254	0.483311	0.522005	0.519665	0.482869	0.417944	0.344082	0.278263	
0.267881	0.33833	0.418839	0.487218	0.530725	0.537881	0.508184	0.448709	0.37069	0.293565	0.23663	0.200194	0.189181	0.196024	0.21363	0.24304	0.277879	0.3278	0.377194	0.402606	0.396964	0.3601	0.302631	0.2446	0.203643	
0.44452	0.546741	0.655038	0.73901	0.786881	0.795493	0.762519	0.692746	0.591167	0.483146	0.392764	0.321729	0.273387	0.232761	0.205258	0.201737	0.214389	0.241591	0.267941	0.271495	0.256734	0.220924	0.17513	0.14012	0.120408	
0.622052	0.754109	0.88255	0.973392	1.0258	1.03575	0.998346	0.924989	0.807639	0.673199	0.552704	0.453667	0.369824	0.288207	0.214332	0.166078	0.151118	0.154886	0.159484	0.139965	0.109418	0.0731901	0.0452338	0.0301472	0.0290928	
0.801959	0.95213	1.08609	1.18294	1.23462	1.24206	1.20958	1.13021	1.00901	0.861894	0.714698	0.581409	0.464511	0.347608	0.232155	0.144476	0.0932869	0.0675808	0.04334	0.00414317	-0.0419847	-0.0783298	-0.088226	-0.07886	-0.0642192	
0.971079	1.12522	1.25454	1.34772	1.39772	1.40572	1.3731	1.29614	1.18068	1.03533	0.873647	0.71943	0.570303	0.421311	0.274784	0.1452	0.0512841	-0.0168386	-0.0724483	-0.127701	-0.181376	-0.216971	-0.219957	-0.197645	-0.163574	
1.13602	1.28486	1.39857	1.47945	1.52071	1.52684	1.50063	1.43483	1.33497	1.19921	1.03769	0.870806	0.694187	0.515153	0.338284	0.169411	0.0297845	-0.0892764	-0.193504	-0.269321	-0.33006	-0.361418	-0.359376	-0.331173	-0.284145	
1.28486	1.41996	1.5148	1.57745	1.60439	1.60672	1.59294	1.54329	1.46266	1.34334	1.19036	1.02415	0.835385	0.630436	0.421033	0.216799	0.0300217	-0.141508	-0.293634	-0.405585	-0.484495	-0.515789	-0.508637	-0.475031	-0.416283	
1.39857	1.5148	1.59044	1.63177	1.64706	1.64729	1.64186	1.60951	1.55052	1.44948	1.31409	1.15836	0.967744	0.747932	0.513272	0.278034	0.0503072	-0.164341	-0.359634	-0.511326	-0.615213	-0.654129	-0.641103	-0.597897	-0.532826	
1.47945	1.57745	1.63177	1.65327	1.65912	1.65993	1.65668	1.64368	1.60387	1.52356	1.40399	1.254	1.06211	0.83478	0.589408	0.333113	0.0776006	-0.171756	-0.395605	-0.577821	-0.704336	-0.754725	-0.743847	-0.697594	-0.630317	
1.52071	1.60439	1.64706	1.65912	1.66523	1.66517	1.66207	1.65392	1.62588	1.55951	1.45099	1.3052	1.11368	0.885183	0.634626	0.371049	0.0943405	-0.176312	-0.413627	-0.61075	-0.747902	-0.80985	-0.805964	-0.764293	-0.696239	
1.52684	1.60672	1.64729	1.65993	1.66517	1.66465	1.66294	1.65368	1.6277	1.56453	1.45887	1.3129	1.12301	0.894405	0.64261	0.378541	0.0983193	-0.175542	-0.416204	-0.615338	-0.754636	-0.81861	-0.817531	-0.775537	-0.708241	
1.50063	1.59294	1.64186	1.65668	1.66207	1.66294	1.6591	1.65074	1.6174	1.54266	1.42763	1.28026	1.08744	0.859023	0.611824	0.350498	0.0854461	-0.174263	-0.405111	-0.595014	-0.727222	-0.782787	-0.774305	-0.730352	-0.662508	
1.43483	1.54329	1.60951	1.64368	1.65392	1.65368	1.65074	1.626	1.57472	1.48268	1.35447	1.20117	1.01152	0.787734	0.546535	0.301654	0.0617426	-0.168076	-0.37656	-0.54207	-0.656342	-0.699312	-0.685881	-0.639797	-0.573722	
1.33497	1.46266	1.55052	1.60387	1.62588	1.6277	1.6174	1.57472	1.50313	1.39068	1.2436	1.08175	0.890982	0.678834	0.458329	0.240679	0.0360699	-0.154084	-0.323917	-0.452529	-0.540818	-0.5748	-0.564807	-0.527443	-0.46536	
1.19921	1.34334	1.44948	1.52356	1.55951	1.56453	1.54266	1.48268	1.39068	1.26037	1.10204	0.933014	0.749245	0.559132	0.368988	0.185508	0.0269827	-0.113301	-0.237793	-0.326167	-0.393053	-0.423446	-0.419519	-0.388795	-0.33729	
1.03769	1.19036	1.31409	1.40399	1.45099	1.45887	1.42763	1.35447	1.2436	1.10204	0.938826	0.777994	0.617805	0.45666	0.297723	0.152508	0.0404455	-0.0484717	-0.120351	-0.182923	-0.238724	-0.272432	-0.274035	-0.249285	-0.209115	
0.870806	1.02415	1.15836	1.254	1.3052	1.3129	1.28026	1.20117	1.08175	0.933014	0.777994	0.635027	0.504268	0.37452	0.245992	0.141678	0.0740184	0.0333347	-0.00256022	-0.049439	-0.0982413	-0.135137	-0.140677	-0.123969	-0.102124	
0.694187	0.835385	0.967744	1.06211	1.11368	1.12301	1.08744	1.01152	0.890982	0.749245	0.617805	0.504268	0.408301	0.311718	0.21965	0.154679	0.126542	0.119388	0.113595	0.0861629	0.0477372	0.0119289	-0.00887162	-0.0134533	-0.00876702	
0.515153	0.630436	0.747932	0.83478	0.885183	0.894405	0.859023	0.787734	0.678834	0.559132	0.45666	0.37452	0.311718	0.253504	0.207379	0.18682	0.189192	0.207354	0.225374	0.219123	0.198282	0.162459	0.123923	0.0971232	0.0847554	
0.338284	0.421033	0.513272	0.589408	0.634626	0.64261	0.611824	0.546535	0.458329	0.368988	0.297723	0.245992	0.21965	0.207379	0.208063	0.226012	0.252385	0.293144	0.333697	0.350276	0.342371	0.305576	0.251884	0.203461	0.171255	
0.169411	0.216799	0.278034	0.333113	0.371049	0.378541	0.350498	0.301654	0.240679	0.185508	0.152508	0.141678	0.154679	0.18682	0.226012	0.268793	0.316814	0.380581	0.441121	0.47667	0.473313	0.436884	0.375393	0.306083	0.24917	
0.0297845	0.0300217	0.0503072	0.0776006	0.0943405	0.0983193	0.0854461	0.0617426	0.0360699	0.0269827	0.0404455	0.0740184	0.126542	0.189192	0.252385	0.316814	0.388087	0.470688	0.541804	0.581406	0.579985	0.542021	0.472812	0.391246	0.315245	
-0.0892764	-0.141508	-0.164341	-0.171756	-0.176312	-0.175542	-0.174263	-0.168076	-0.154084	-0.113301	-0.0484717	0.0333347	0.119388	0.207354	0.293144	0.380581	0.470688	0.554536	0.620065	0.655143	0.656791	0.615292	0.542552	0.450258	0.363054	
-0.193504	-0.293634	-0.359634	-0.395605	-0.413627	-0.416204	-0.405111	-0.37656	-0.323917	-0.237793	-0.120351	-0.00256022	0.113595	0.225374	0.333697	0.441121	0.541804	0.620065	0.6735	0.704178	0.705455	0.662225	0.581743	0.486621	0.399091	
-0.269321	-0.405585	-0.511326	-0.577821	-0.61075	-0.615338	-0.595014	-0.54207	-0.452529	-0.326167	-0.182923	-0.049439	0.0861629	0.219123	0.350276	0.47667	0.581406	0.655143	0.704178	0.732353	0.735748	0.692772	0.611246	0.520017	0.436766	
-0.33006	-0.484495	-0.615213	-0.704336	-0.747902	-0.754636	-0.727222	-0.656342	-0.540818	-0.393053	-0.238724	-0.0982413	0.0477372	0.198282	0.342371	0.473313	0.579985	0.656791	0.705455	0.735748	0.746763	0.708527	0.638348	0.563466	0.49121	
-0.361418	-0.515789	-0.654129	-0.754725	-0.80985	-0.81861	-0.782787	-0.699312	-0.5748	-0.423446	-0.272432	-0.135137	0.0119289	0.162459	0.305576	0.436884	0.542021	0.615292	0.662225	0.692772	0.708527	0.690848	0.648225	0.606583	0.565963	
-0.359376	-0.508637	-0.641103	-0.743847	-0.805964	-0.817531	-0.774305	-0.685881	-0.564807	-0.419519	-0.274035	-0.140677	-0.00887162	0.123923	0.251884	0.375393	0.472812	0.542552	0.581743	0.611246	0.638348	0.648225	0.649591	0.657433	0.661602	
-0.331173	-0.475031	-0.597897	-0.697594	-0.764293	-0.775537	-0.730352	-0.639797	-0.527443	-0.388795	-0.249285	-0.123969	-0.0134533	0.0971232	0.203461	0.306083	0.391246	0.450258	0.486621	0.520017	0.563466	0.606583	0.657433	0.715196	0.764397	
-0.284145	-0.416283	-0.532826	-0.630317	-0.696239	-0.708241	-0.662508	-0.573722	-0.46536	-0.33729	-0.209115	-0.102124	-0.00876702	0.0847554	0.171255	0.24917	0.315245	0.363054	0.399091	0.436766	0.49121	0.565963	0.661602	0.764397	0.855917	
