-0.950162	-1.02348	-1.05284	-1.03809	-0.97431	-0.857401	-0.691608	-0.483716	-0.254574	-0.0372544	0.150107	0.301382	0.404043	0.456508	0.471202	0.462875	0.43481	0.402693	0.393876	0.412416	0.462091	0.520754	0.574521	0.611867	0.613701	
-1.02348	-1.05716	-1.03777	-0.974423	-0.870239	-0.714948	-0.513019	-0.291647	-0.0667686	0.138507	0.308154	0.434242	0.513862	0.547875	0.547461	0.522175	0.479628	0.43945	0.416172	0.417151	0.443653	0.481479	0.514807	0.527052	0.513744	
-1.05284	-1.03777	-0.96865	-0.854136	-0.704741	-0.517799	-0.302902	-0.084743	0.125235	0.31392	0.45922	0.558488	0.616576	0.630067	0.604198	0.555912	0.498169	0.447046	0.416364	0.406107	0.411189	0.426009	0.436039	0.430037	0.406194	
-1.03809	-0.974423	-0.854136	-0.680203	-0.484642	-0.276376	-0.0653564	0.130766	0.309603	0.464485	0.575781	0.649716	0.689101	0.680074	0.630444	0.563077	0.490072	0.427485	0.39063	0.373457	0.361864	0.352236	0.345333	0.328907	0.304145	
-0.97431	-0.870239	-0.704741	-0.484642	-0.252849	-0.0328532	0.164152	0.329584	0.466405	0.577631	0.651719	0.696652	0.714461	0.685314	0.624883	0.547774	0.464982	0.39266	0.348728	0.325681	0.301066	0.278581	0.2619	0.244747	0.224942	
-0.857401	-0.714948	-0.517799	-0.276376	-0.0328532	0.181611	0.353791	0.481325	0.576861	0.64492	0.682473	0.699364	0.691182	0.653918	0.593171	0.515146	0.430682	0.352982	0.300188	0.263804	0.232112	0.208057	0.190185	0.178997	0.168233	
-0.691608	-0.513019	-0.302902	-0.0653564	0.164152	0.353791	0.490034	0.577553	0.627218	0.654148	0.66254	0.651251	0.626309	0.586088	0.531419	0.457475	0.380512	0.311077	0.25209	0.205937	0.176255	0.156153	0.14044	0.132201	0.129754	
-0.483716	-0.291647	-0.084743	0.130766	0.329584	0.481325	0.577553	0.615348	0.618785	0.610499	0.594752	0.568803	0.536072	0.501739	0.449585	0.37665	0.312014	0.254736	0.201842	0.161295	0.143182	0.131801	0.113776	0.104593	0.104724	
-0.254574	-0.0667686	0.125235	0.309603	0.466405	0.576861	0.627218	0.618785	0.581046	0.538955	0.500516	0.466568	0.440944	0.412453	0.358427	0.285596	0.22618	0.180616	0.143246	0.123517	0.124182	0.120543	0.102936	0.089808	0.087166	
-0.0372544	0.138507	0.31392	0.464485	0.577631	0.64492	0.654148	0.610499	0.538955	0.461256	0.399682	0.366591	0.34916	0.322831	0.270713	0.203657	0.147618	0.111111	0.0940411	0.0966601	0.112768	0.114673	0.101621	0.0867961	0.0744419	
0.150107	0.308154	0.45922	0.575781	0.651719	0.682473	0.66254	0.594752	0.500516	0.399682	0.326849	0.293188	0.270479	0.2414	0.198117	0.142451	0.0942058	0.0715813	0.073007	0.0913089	0.111547	0.117299	0.108338	0.0917768	0.0681765	
0.301382	0.434242	0.558488	0.649716	0.696652	0.699364	0.651251	0.568803	0.466568	0.366591	0.293188	0.249382	0.217773	0.1895	0.154448	0.109051	0.071897	0.0652508	0.0774221	0.0961849	0.114731	0.1168	0.105375	0.0857918	0.0552536	
0.404043	0.513862	0.616576	0.689101	0.714461	0.691182	0.626309	0.536072	0.440944	0.34916	0.270479	0.217773	0.185982	0.162638	0.13242	0.0965968	0.0755554	0.08244	0.0954413	0.114157	0.130392	0.125244	0.102032	0.0718878	0.0396279	
0.456508	0.547875	0.630067	0.680074	0.685314	0.653918	0.586088	0.501739	0.412453	0.322831	0.2414	0.1895	0.162638	0.142264	0.11988	0.101579	0.0975682	0.109575	0.126076	0.151214	0.170178	0.159854	0.12277	0.0786164	0.0386489	
0.471202	0.547461	0.604198	0.630444	0.624883	0.593171	0.531419	0.449585	0.358427	0.270713	0.198117	0.154448	0.13242	0.11988	0.116986	0.121056	0.125684	0.142066	0.16802	0.201972	0.22242	0.212624	0.175264	0.121691	0.07051	
0.462875	0.522175	0.555912	0.563077	0.547774	0.515146	0.457475	0.37665	0.285596	0.203657	0.142451	0.109051	0.0965968	0.101579	0.121056	0.137538	0.150708	0.17986	0.221225	0.261499	0.28251	0.282832	0.25939	0.207428	0.144439	
0.43481	0.479628	0.498169	0.490072	0.464982	0.430682	0.380512	0.312014	0.22618	0.147618	0.0942058	0.071897	0.0755554	0.0975682	0.125684	0.150708	0.18031	0.228158	0.285108	0.331742	0.360876	0.376987	0.367852	0.32287	0.251473	
0.402693	0.43945	0.447046	0.427485	0.39266	0.352982	0.311077	0.254736	0.180616	0.111111	0.0715813	0.0652508	0.08244	0.109575	0.142066	0.17986	0.228158	0.290791	0.357211	0.418245	0.463739	0.491213	0.48939	0.445991	0.370983	
0.393876	0.416172	0.416364	0.39063	0.348728	0.300188	0.25209	0.201842	0.143246	0.0940411	0.073007	0.0774221	0.0954413	0.126076	0.16802	0.221225	0.285108	0.357211	0.439749	0.518528	0.579453	0.612677	0.6075	0.562791	0.485876	
0.412416	0.417151	0.406107	0.373457	0.325681	0.263804	0.205937	0.161295	0.123517	0.0966601	0.0913089	0.0961849	0.114157	0.151214	0.201972	0.261499	0.331742	0.418245	0.518528	0.612081	0.67999	0.715725	0.70857	0.661681	0.588393	
0.462091	0.443653	0.411189	0.361864	0.301066	0.232112	0.176255	0.143182	0.124182	0.112768	0.111547	0.114731	0.130392	0.170178	0.22242	0.28251	0.360876	0.463739	0.579453	0.67999	0.753601	0.792718	0.789489	0.745303	0.672177	
0.520754	0.481479	0.426009	0.352236	0.278581	0.208057	0.156153	0.131801	0.120543	0.114673	0.117299	0.1168	0.125244	0.159854	0.212624	0.282832	0.376987	0.491213	0.612677	0.715725	0.792718	0.840642	0.845467	0.80724	0.727856	
0.574521	0.514807	0.436039	0.345333	0.2619	0.190185	0.14044	0.113776	0.102936	0.101621	0.108338	0.105375	0.102032	0.12277	0.175264	0.25939	0.367852	0.48939	0.6075	0.70857	0.789489	0.845467	0.864111	0.830067	0.740421	
0.611867	0.527052	0.430037	0.328907	0.244747	0.178997	0.132201	0.104593	0.089808	0.0867961	0.0917768	0.0857918	0.0718878	0.0786164	0.121691	0.207428	0.32287	0.445991	0.562791	0.661681	0.745303	0.80724	0.830067	0.797673	0.701507	
0.613701	0.513744	0.406194	0.304145	0.224942	0.168233	0.129754	0.104724	0.087166	0.0744419	0.0681765	0.0552536	0.0396279	0.0386489	0.07051	0.144439	0.251473	0.370983	0.485876	0.588393	0.672177	0.727856	0.740421	0.701507	0.607496	
0.587397	0.483713	0.376615	0.280932	0.204927	0.151531	0.119186	0.099845	0.0850411	0.0668722	0.042356	0.0165606	-0.00368355	-0.0077764	0.0149603	0.0740331	0.16422	0.274325	0.389446	0.495159	0.577029	0.617279	0.612839	0.563567	0.46592	
0.533154	0.436536	0.343751	0.261207	0.19179	0.139051	0.103219	0.0856032	0.0768624	0.0604486	0.0281478	-0.010539	-0.0403137	-0.0538331	-0.0417596	0.00241899	0.0787302	0.175972	0.282145	0.378478	0.445247	0.473418	0.459069	0.400524	0.288835	
0.468334	0.381002	0.299898	0.234369	0.174707	0.124872	0.0895205	0.0682069	0.0628413	0.0547445	0.02342	-0.020901	-0.065269	-0.100585	-0.106387	-0.071092	-0.000343411	0.0912387	0.182626	0.259637	0.309954	0.329155	0.313805	0.244383	0.111769	
0.406128	0.330729	0.263199	0.207122	0.154866	0.111735	0.0768672	0.054501	0.0482251	0.0445393	0.0179551	-0.0281171	-0.0850577	-0.139817	-0.160053	-0.128649	-0.0577416	0.0250019	0.102436	0.163701	0.201901	0.212712	0.188352	0.110646	-0.0332415	
0.37011	0.308662	0.248613	0.194882	0.140745	0.0973245	0.0657696	0.0434985	0.038939	0.0371888	0.0114962	-0.0365531	-0.100574	-0.165254	-0.189836	-0.159439	-0.0923795	-0.0190156	0.0477003	0.105559	0.139652	0.140549	0.104029	0.020686	-0.11961	
0.365447	0.30659	0.247586	0.193523	0.138085	0.093714	0.0620699	0.0409359	0.0363091	0.035884	0.00988025	-0.0390828	-0.10451	-0.170169	-0.195718	-0.164664	-0.0995104	-0.028136	0.0378942	0.0952452	0.130227	0.128283	0.0891847	0.00535287	-0.133929	
0.387242	0.317895	0.254719	0.200643	0.14869	0.106298	0.0723318	0.0494622	0.0438678	0.0409745	0.015378	-0.0315737	-0.0920778	-0.15179	-0.174253	-0.144084	-0.0743472	0.00410336	0.0764592	0.135239	0.169979	0.176559	0.147175	0.0672414	-0.0761764	
0.441618	0.358722	0.28272	0.222071	0.166216	0.11872	0.0841803	0.0618636	0.0565568	0.0510064	0.0215131	-0.0234167	-0.0736635	-0.117822	-0.130854	-0.0974743	-0.0265124	0.0627646	0.148289	0.217885	0.26258	0.278876	0.261579	0.188224	0.048852	
0.507349	0.414603	0.327436	0.251812	0.18604	0.134138	0.0971844	0.0790463	0.0716593	0.058353	0.0256303	-0.016289	-0.0513259	-0.0725442	-0.0673776	-0.0273491	0.046008	0.140137	0.240529	0.328811	0.389203	0.41358	0.398463	0.335792	0.215395	
0.568596	0.466961	0.36447	0.273222	0.199353	0.145638	0.11325	0.0943497	0.0826988	0.0642421	0.0348965	0.00361859	-0.0201672	-0.0263085	-0.00688579	0.0454552	0.129294	0.233948	0.34624	0.450889	0.527815	0.562856	0.552567	0.49913	0.398042	
0.606631	0.503466	0.394167	0.293519	0.216219	0.162279	0.126912	0.104582	0.0862329	0.0708486	0.0573978	0.0396663	0.023067	0.0210336	0.0488394	0.117146	0.21712	0.333585	0.449486	0.553991	0.638573	0.687754	0.693242	0.650448	0.556288	
0.616872	0.524301	0.421909	0.319107	0.236784	0.175253	0.13215	0.104635	0.088213	0.0811546	0.0830398	0.0754628	0.0602009	0.0627411	0.101335	0.18297	0.297144	0.419401	0.535178	0.63518	0.718371	0.779677	0.799954	0.766054	0.67017	
0.593247	0.523378	0.436513	0.340439	0.255772	0.184863	0.135737	0.1082	0.0960073	0.0954496	0.10229	0.0984643	0.090108	0.104782	0.153953	0.241201	0.353843	0.476977	0.594028	0.693599	0.775994	0.835467	0.858135	0.825212	0.73172	
0.543209	0.495716	0.430828	0.349573	0.27161	0.200856	0.149253	0.124959	0.11458	0.111123	0.11554	0.113152	0.117756	0.147258	0.200967	0.277115	0.377616	0.495263	0.615438	0.717754	0.79632	0.847624	0.858022	0.821869	0.738217	
0.485899	0.458213	0.41656	0.357041	0.290868	0.220931	0.167576	0.13849	0.124347	0.115916	0.115846	0.117806	0.13084	0.17027	0.222199	0.284743	0.368753	0.47702	0.596811	0.699393	0.774412	0.817041	0.815857	0.773766	0.699552	
0.429174	0.425258	0.406831	0.369319	0.316738	0.251119	0.192479	0.152591	0.122311	0.102786	0.10005	0.104139	0.12261	0.161052	0.213333	0.272861	0.344817	0.438497	0.545573	0.642562	0.712958	0.748854	0.742706	0.696028	0.624095	
0.397718	0.412947	0.409986	0.382357	0.33828	0.284092	0.23113	0.182442	0.132631	0.0923545	0.0788566	0.0847895	0.10239	0.135242	0.181208	0.238347	0.305926	0.382639	0.472514	0.558283	0.62259	0.657604	0.650605	0.604886	0.528794	
0.395726	0.42781	0.431638	0.409111	0.371559	0.329432	0.286449	0.233045	0.164298	0.102284	0.0696595	0.0689248	0.0876183	0.115464	0.150801	0.195809	0.25113	0.317534	0.389283	0.457171	0.510119	0.540191	0.538243	0.494342	0.417951	
0.420781	0.46243	0.475969	0.462283	0.432812	0.397649	0.35199	0.288588	0.206771	0.130224	0.0815381	0.0652856	0.0761	0.101241	0.13117	0.160036	0.197424	0.251992	0.312628	0.364381	0.399273	0.420821	0.415764	0.372473	0.298997	
0.453846	0.506676	0.533384	0.534103	0.514584	0.481391	0.426187	0.349435	0.25931	0.178966	0.120764	0.0915916	0.0846634	0.0983837	0.122444	0.142073	0.160742	0.196913	0.246008	0.287775	0.311214	0.317571	0.30015	0.251442	0.184537	
0.470116	0.539605	0.585681	0.60439	0.595946	0.563873	0.503744	0.421379	0.329776	0.244361	0.17663	0.137192	0.117951	0.111163	0.118789	0.12873	0.136146	0.156572	0.187899	0.224942	0.244972	0.238036	0.205395	0.150784	0.0949255	
0.466208	0.551739	0.623679	0.663424	0.66375	0.632001	0.565784	0.483695	0.394384	0.305146	0.22612	0.177073	0.151759	0.13332	0.116899	0.10814	0.108936	0.121715	0.1418	0.170246	0.190419	0.179772	0.140329	0.0914887	0.0464342	
0.430051	0.532938	0.627895	0.69189	0.708405	0.679608	0.612135	0.52342	0.431426	0.341472	0.259634	0.206377	0.176627	0.155013	0.126819	0.0966082	0.0832462	0.0926147	0.10625	0.126486	0.143361	0.135184	0.106113	0.0703431	0.035636	
0.349048	0.471439	0.586937	0.670276	0.708186	0.698772	0.642495	0.555806	0.455563	0.359092	0.284344	0.235726	0.202883	0.176695	0.143809	0.101462	0.0703531	0.0698385	0.0829943	0.102048	0.119044	0.118533	0.103142	0.0803716	0.0491449	
0.215085	0.363998	0.503507	0.609401	0.67282	0.691999	0.66048	0.586404	0.48582	0.383181	0.31012	0.273377	0.246543	0.216765	0.177191	0.126347	0.0819849	0.065368	0.0724979	0.0917627	0.11237	0.116905	0.108056	0.0909648	0.0636093	
