0.498679	0.499958	0.491018	0.476902	0.475644	0.50205	0.571681	0.677075	0.788899	0.896285	1.00653	1.11141	1.1943	1.236	1.24124	1.2181	1.15483	1.04379	0.899635	0.747497	0.607816	0.492774	0.407542	0.349881	0.313638	
0.499958	0.519586	0.5213	0.522149	0.5333	0.580842	0.672667	0.799595	0.934105	1.05778	1.16808	1.25599	1.30494	1.29747	1.25399	1.18755	1.08533	0.94254	0.782552	0.620549	0.472176	0.345849	0.247561	0.17345	0.119911	
0.491018	0.5213	0.534006	0.552032	0.583121	0.648917	0.760944	0.899347	1.0456	1.1747	1.28142	1.34884	1.35589	1.30125	1.20547	1.0918	0.953488	0.794951	0.629664	0.470536	0.328319	0.200705	0.0945507	0.00475213	-0.0604535	
0.476902	0.522149	0.552032	0.585262	0.631469	0.713348	0.839666	0.988318	1.13364	1.25347	1.33497	1.36729	1.3322	1.23469	1.09798	0.94314	0.778132	0.60558	0.442472	0.298553	0.172555	0.0526006	-0.0548842	-0.143867	-0.21335	
0.475644	0.5333	0.583121	0.631469	0.694553	0.792537	0.921599	1.0626	1.19253	1.28602	1.32509	1.30844	1.22995	1.10141	0.937944	0.755085	0.568727	0.39157	0.236126	0.109753	0.00357215	-0.100679	-0.194787	-0.268856	-0.321962	
0.50205	0.580842	0.648917	0.713348	0.792537	0.886857	0.999231	1.11845	1.21716	1.26231	1.25118	1.18806	1.06756	0.912733	0.734074	0.538302	0.345161	0.176318	0.0351273	-0.0748218	-0.16109	-0.240949	-0.30971	-0.357183	-0.387791	
0.571681	0.672667	0.760944	0.839666	0.921599	0.999231	1.0782	1.1558	1.20643	1.20315	1.13818	1.01859	0.86019	0.682292	0.495841	0.299099	0.116239	-0.0378401	-0.160173	-0.242635	-0.297751	-0.344738	-0.390098	-0.414087	-0.425989	
0.677075	0.799595	0.899347	0.988318	1.0626	1.11845	1.1558	1.18217	1.17481	1.11171	0.989119	0.815916	0.620817	0.421706	0.23672	0.0519346	-0.118785	-0.250088	-0.335923	-0.377785	-0.400153	-0.416343	-0.435375	-0.439764	-0.433739	
0.788899	0.934105	1.0456	1.13364	1.19253	1.21716	1.20643	1.17481	1.10708	0.987393	0.804207	0.585275	0.360069	0.155185	-0.0246975	-0.190337	-0.331074	-0.425689	-0.46981	-0.482164	-0.474776	-0.460456	-0.446693	-0.427603	-0.40931	
0.896285	1.05778	1.1747	1.25347	1.28602	1.26231	1.20315	1.11171	0.987393	0.816956	0.591206	0.345849	0.110589	-0.0896969	-0.2588	-0.396958	-0.49897	-0.55557	-0.569941	-0.55601	-0.523957	-0.482605	-0.437801	-0.395865	-0.363865	
1.00653	1.16808	1.28142	1.33497	1.32509	1.25118	1.13818	0.989119	0.804207	0.591206	0.345894	0.107301	-0.110827	-0.295671	-0.440893	-0.54913	-0.615506	-0.643669	-0.631066	-0.590862	-0.54042	-0.482806	-0.419058	-0.359955	-0.317185	
1.11141	1.25599	1.34884	1.36729	1.30844	1.18806	1.01859	0.815916	0.585275	0.345849	0.107301	-0.11174	-0.303015	-0.454076	-0.562473	-0.638197	-0.68065	-0.684146	-0.650201	-0.592195	-0.531378	-0.468835	-0.395969	-0.327928	-0.283366	
1.1943	1.30494	1.35589	1.3322	1.22995	1.06756	0.86019	0.620817	0.360069	0.110589	-0.110827	-0.303015	-0.457716	-0.556178	-0.620815	-0.669509	-0.689528	-0.667825	-0.615381	-0.552947	-0.496205	-0.43982	-0.372745	-0.306615	-0.268953	
1.236	1.29747	1.30125	1.23469	1.10141	0.912733	0.682292	0.421706	0.155185	-0.0896969	-0.295671	-0.454076	-0.556178	-0.606038	-0.634189	-0.652479	-0.645042	-0.607404	-0.545997	-0.483527	-0.435214	-0.394554	-0.35022	-0.299212	-0.271059	
1.24124	1.25399	1.20547	1.09798	0.937944	0.734074	0.495841	0.23672	-0.0246975	-0.2588	-0.440893	-0.562473	-0.620815	-0.634189	-0.619892	-0.601616	-0.574658	-0.527997	-0.458754	-0.395723	-0.356787	-0.331449	-0.310188	-0.285882	-0.275794	
1.2181	1.18755	1.0918	0.94314	0.755085	0.538302	0.299099	0.0519346	-0.190337	-0.396958	-0.54913	-0.638197	-0.669509	-0.652479	-0.601616	-0.546992	-0.509522	-0.458583	-0.381286	-0.313017	-0.276325	-0.265275	-0.261192	-0.263463	-0.266888	
1.15483	1.08533	0.953488	0.778132	0.568727	0.345161	0.116239	-0.118785	-0.331074	-0.49897	-0.615506	-0.68065	-0.689528	-0.645042	-0.574658	-0.509522	-0.46649	-0.405935	-0.320569	-0.253353	-0.222065	-0.215428	-0.222641	-0.23739	-0.253446	
1.04379	0.94254	0.794951	0.60558	0.39157	0.176318	-0.0378401	-0.250088	-0.425689	-0.55557	-0.643669	-0.684146	-0.667825	-0.607404	-0.527997	-0.458583	-0.405935	-0.346062	-0.275605	-0.217611	-0.190322	-0.18511	-0.201178	-0.225048	-0.251737	
0.899635	0.782552	0.629664	0.442472	0.236126	0.0351273	-0.160173	-0.335923	-0.46981	-0.569941	-0.631066	-0.650201	-0.615381	-0.545997	-0.458754	-0.381286	-0.320569	-0.275605	-0.233691	-0.196737	-0.181361	-0.186397	-0.211287	-0.236915	-0.265324	
0.747497	0.620549	0.470536	0.298553	0.109753	-0.0748218	-0.242635	-0.377785	-0.482164	-0.55601	-0.590862	-0.592195	-0.552947	-0.483527	-0.395723	-0.313017	-0.253353	-0.217611	-0.196737	-0.187644	-0.198657	-0.221968	-0.248067	-0.2682	-0.280489	
0.607816	0.472176	0.328319	0.172555	0.00357215	-0.16109	-0.297751	-0.400153	-0.474776	-0.523957	-0.54042	-0.531378	-0.496205	-0.435214	-0.356787	-0.276325	-0.222065	-0.190322	-0.181361	-0.198657	-0.232466	-0.265018	-0.288857	-0.300068	-0.294864	
0.492774	0.345849	0.200705	0.0526006	-0.100679	-0.240949	-0.344738	-0.416343	-0.460456	-0.482605	-0.482806	-0.468835	-0.43982	-0.394554	-0.331449	-0.265275	-0.215428	-0.18511	-0.186397	-0.221968	-0.265018	-0.29267	-0.313742	-0.316273	-0.300046	
0.407542	0.247561	0.0945507	-0.0548842	-0.194787	-0.30971	-0.390098	-0.435375	-0.446693	-0.437801	-0.419058	-0.395969	-0.372745	-0.35022	-0.310188	-0.261192	-0.222641	-0.201178	-0.211287	-0.248067	-0.288857	-0.313742	-0.325645	-0.314738	-0.284793	
0.349881	0.17345	0.00475213	-0.143867	-0.268856	-0.357183	-0.414087	-0.439764	-0.427603	-0.395865	-0.359955	-0.327928	-0.306615	-0.299212	-0.285882	-0.263463	-0.23739	-0.225048	-0.236915	-0.2682	-0.300068	-0.316273	-0.314738	-0.290611	-0.259987	
0.313638	0.119911	-0.0604535	-0.21335	-0.321962	-0.387791	-0.425989	-0.433739	-0.40931	-0.363865	-0.317185	-0.283366	-0.268953	-0.271059	-0.275794	-0.266888	-0.253446	-0.251737	-0.265324	-0.280489	-0.294864	-0.300046	-0.284793	-0.259987	-0.235528	
0.292439	0.08365	-0.110477	-0.264121	-0.359798	-0.41128	-0.432282	-0.425431	-0.393524	-0.343745	-0.29314	-0.263606	-0.256952	-0.264939	-0.281674	-0.284817	-0.275432	-0.277295	-0.285245	-0.288473	-0.287471	-0.276797	-0.254518	-0.23616	-0.22436	
0.286127	0.0593997	-0.144	-0.296444	-0.384631	-0.427892	-0.438468	-0.423768	-0.392126	-0.341591	-0.289604	-0.259804	-0.255635	-0.266034	-0.283112	-0.29317	-0.291611	-0.288639	-0.288987	-0.284714	-0.269894	-0.248802	-0.230305	-0.225535	-0.22569	
0.302706	0.0601252	-0.152983	-0.30833	-0.402625	-0.449216	-0.46043	-0.445229	-0.407832	-0.35404	-0.300503	-0.261404	-0.248761	-0.253153	-0.26533	-0.2808	-0.287145	-0.285226	-0.288947	-0.285614	-0.254815	-0.225235	-0.217749	-0.225239	-0.234532	
0.337124	0.0828067	-0.139504	-0.30489	-0.414342	-0.4765	-0.498284	-0.48395	-0.439421	-0.377619	-0.315306	-0.261878	-0.23199	-0.225085	-0.236755	-0.257341	-0.270481	-0.282754	-0.299016	-0.295973	-0.257409	-0.221543	-0.213677	-0.228199	-0.245693	
0.362532	0.103252	-0.122399	-0.297894	-0.415366	-0.490601	-0.526783	-0.516067	-0.470032	-0.401212	-0.328861	-0.263102	-0.215706	-0.197463	-0.21386	-0.235464	-0.254733	-0.285254	-0.308291	-0.298676	-0.264185	-0.228634	-0.207656	-0.227623	-0.256614	
0.367056	0.107926	-0.120326	-0.295763	-0.414991	-0.493398	-0.530955	-0.520641	-0.473291	-0.405178	-0.331624	-0.262835	-0.210162	-0.189726	-0.209052	-0.232988	-0.250902	-0.285717	-0.309324	-0.299079	-0.267144	-0.230228	-0.205772	-0.226434	-0.260094	
0.349195	0.0920275	-0.131166	-0.302462	-0.41575	-0.483465	-0.512667	-0.499822	-0.454175	-0.388401	-0.321098	-0.262263	-0.22552	-0.214049	-0.226761	-0.245997	-0.262691	-0.283763	-0.303945	-0.297352	-0.259539	-0.224566	-0.211238	-0.228268	-0.250281	
0.31605	0.0680052	-0.150021	-0.308572	-0.408569	-0.460492	-0.474527	-0.45921	-0.418218	-0.362498	-0.306467	-0.261572	-0.242176	-0.24214	-0.253959	-0.273138	-0.281876	-0.28339	-0.291847	-0.29003	-0.254609	-0.221341	-0.216059	-0.226753	-0.238876	
0.289751	0.0561037	-0.150841	-0.303284	-0.392098	-0.435224	-0.444445	-0.429235	-0.396863	-0.34526	-0.292793	-0.260434	-0.25485	-0.263759	-0.277868	-0.290349	-0.292399	-0.287928	-0.287831	-0.283522	-0.262323	-0.237207	-0.223244	-0.224182	-0.228629	
0.287851	0.0718364	-0.125951	-0.279327	-0.371314	-0.418491	-0.433945	-0.423205	-0.391628	-0.340503	-0.289312	-0.260598	-0.25619	-0.266063	-0.284375	-0.290274	-0.283384	-0.28421	-0.288813	-0.288175	-0.281647	-0.266472	-0.243627	-0.229888	-0.223458	
0.303711	0.104127	-0.0826645	-0.235473	-0.338895	-0.398603	-0.42875	-0.430273	-0.401483	-0.354473	-0.305406	-0.272845	-0.261323	-0.26595	-0.276599	-0.273581	-0.26189	-0.263348	-0.27526	-0.284788	-0.29259	-0.291441	-0.272564	-0.248733	-0.229467	
0.332609	0.149048	-0.0234858	-0.174536	-0.292209	-0.369916	-0.419525	-0.438191	-0.420771	-0.381711	-0.340025	-0.306591	-0.287826	-0.284772	-0.27945	-0.263031	-0.243367	-0.23497	-0.248199	-0.273509	-0.298618	-0.311158	-0.303282	-0.278297	-0.249637	
0.381911	0.21593	0.0562374	-0.0927437	-0.227079	-0.332159	-0.402584	-0.439259	-0.438446	-0.419842	-0.393931	-0.366951	-0.343927	-0.328549	-0.30023	-0.262504	-0.228288	-0.210134	-0.221619	-0.257337	-0.296483	-0.317787	-0.324278	-0.307126	-0.275517	
0.454985	0.302911	0.156101	0.00715565	-0.140463	-0.269962	-0.363491	-0.424176	-0.45702	-0.465354	-0.457816	-0.440545	-0.415284	-0.379125	-0.323264	-0.262559	-0.21672	-0.190069	-0.195271	-0.231933	-0.274823	-0.302156	-0.320581	-0.318378	-0.296089	
0.558152	0.418608	0.274675	0.124079	-0.0382891	-0.193929	-0.316461	-0.405956	-0.467702	-0.50782	-0.518437	-0.506822	-0.473874	-0.417996	-0.345276	-0.270611	-0.217469	-0.185456	-0.18044	-0.207801	-0.246702	-0.277391	-0.30036	-0.308559	-0.29973	
0.689575	0.559005	0.411521	0.246675	0.0660087	-0.111077	-0.266575	-0.38893	-0.481838	-0.545929	-0.5714	-0.567322	-0.529785	-0.463668	-0.377766	-0.294034	-0.236873	-0.202799	-0.187283	-0.189695	-0.211497	-0.240373	-0.265252	-0.281473	-0.286484	
0.838659	0.717065	0.564487	0.381992	0.182035	-0.0129026	-0.197331	-0.35635	-0.477239	-0.566023	-0.61675	-0.628599	-0.589454	-0.518777	-0.431174	-0.350991	-0.289819	-0.249368	-0.218112	-0.191157	-0.185066	-0.198016	-0.224368	-0.248387	-0.270908	
0.988668	0.879563	0.728643	0.538352	0.326492	0.116289	-0.0908387	-0.290283	-0.449112	-0.56626	-0.643093	-0.674688	-0.649907	-0.584713	-0.502004	-0.429389	-0.372472	-0.318044	-0.258679	-0.207492	-0.183539	-0.180632	-0.200618	-0.226667	-0.256702	
1.11543	1.03225	0.892092	0.709209	0.495641	0.274131	0.0505751	-0.176475	-0.375913	-0.527195	-0.63145	-0.686294	-0.685459	-0.633805	-0.559351	-0.493094	-0.44611	-0.383585	-0.301051	-0.237099	-0.207774	-0.201165	-0.210856	-0.229841	-0.251156	
1.19858	1.15142	1.03963	0.878269	0.680298	0.459409	0.222894	-0.0198657	-0.249617	-0.442471	-0.580938	-0.660117	-0.682175	-0.653017	-0.59251	-0.530803	-0.491443	-0.436629	-0.354701	-0.285481	-0.250912	-0.243482	-0.244639	-0.252506	-0.260348	
1.23563	1.23037	1.16174	1.03755	0.866128	0.656918	0.418006	0.163267	-0.0933859	-0.318264	-0.488926	-0.596066	-0.642591	-0.643846	-0.612438	-0.577844	-0.545795	-0.497604	-0.425784	-0.360834	-0.322777	-0.303492	-0.290291	-0.278093	-0.273926	
1.24192	1.28327	1.26603	1.18322	1.03961	0.843781	0.60837	0.345912	0.0812602	-0.16018	-0.358263	-0.502006	-0.584137	-0.617836	-0.63037	-0.634886	-0.618453	-0.576354	-0.511587	-0.449814	-0.405866	-0.371248	-0.336291	-0.295207	-0.274154	
1.21638	1.30873	1.34084	1.29969	1.18329	1.00867	0.790825	0.540734	0.274452	0.0248788	-0.189601	-0.368758	-0.503364	-0.581361	-0.630978	-0.667535	-0.67691	-0.647919	-0.590864	-0.527627	-0.474241	-0.424077	-0.364704	-0.302636	-0.267976	
1.14807	1.28106	1.35952	1.36167	1.28452	1.14609	0.958499	0.73924	0.494507	0.249679	0.0173954	-0.192545	-0.370912	-0.501628	-0.592706	-0.657429	-0.691252	-0.683875	-0.642849	-0.581751	-0.520419	-0.458662	-0.386434	-0.317849	-0.274749	
1.05075	1.20681	1.31481	1.35469	1.32513	1.23286	1.0962	0.924727	0.718568	0.492846	0.247645	0.0168619	-0.191419	-0.365718	-0.497366	-0.591875	-0.648071	-0.666557	-0.644269	-0.595562	-0.539841	-0.478797	-0.41023	-0.346431	-0.301705	
