-0.581283	-0.613545	-0.601651	-0.558828	-0.519701	-0.478463	-0.421416	-0.358422	-0.307067	-0.267602	-0.226604	-0.181814	-0.141451	-0.126763	-0.12565	-0.120434	-0.104073	-0.0649117	0.00299203	0.0944938	0.194519	0.274499	0.328914	0.360129	0.377559	
-0.613545	-0.611432	-0.567178	-0.508613	-0.463211	-0.415715	-0.35832	-0.30743	-0.280823	-0.275116	-0.268187	-0.250625	-0.239751	-0.248337	-0.26276	-0.267039	-0.249649	-0.199775	-0.115778	-0.00460614	0.120731	0.236999	0.333045	0.407068	0.457553	
-0.601651	-0.567178	-0.503666	-0.435781	-0.372299	-0.305491	-0.247328	-0.211079	-0.205842	-0.228497	-0.255012	-0.278019	-0.310142	-0.347932	-0.38352	-0.404116	-0.389697	-0.330728	-0.235423	-0.111349	0.0323565	0.181281	0.311325	0.423497	0.508878	
-0.558828	-0.508613	-0.435781	-0.349176	-0.260674	-0.176838	-0.112741	-0.0816025	-0.0928127	-0.142151	-0.209626	-0.275167	-0.346131	-0.415477	-0.475648	-0.518078	-0.521274	-0.468621	-0.373239	-0.236759	-0.0822905	0.0837007	0.244158	0.393166	0.515909	
-0.519701	-0.463211	-0.372299	-0.260674	-0.148086	-0.0496439	0.0188598	0.0513802	0.0324223	-0.0324604	-0.124047	-0.22326	-0.328723	-0.433472	-0.52416	-0.593189	-0.622735	-0.596204	-0.515578	-0.389399	-0.237145	-0.0616117	0.122581	0.302535	0.455462	
-0.478463	-0.415715	-0.305491	-0.176838	-0.0496439	0.0517266	0.126155	0.164134	0.148169	0.0851291	-0.00663769	-0.122406	-0.256374	-0.396514	-0.520894	-0.623698	-0.690814	-0.702305	-0.654991	-0.551458	-0.413121	-0.241857	-0.0509534	0.141953	0.318222	
-0.421416	-0.35832	-0.247328	-0.112741	0.0188598	0.126155	0.207922	0.250273	0.247511	0.204086	0.120463	-0.00493345	-0.159531	-0.321976	-0.478135	-0.616941	-0.723539	-0.781369	-0.772296	-0.699278	-0.584126	-0.441052	-0.266929	-0.0751089	0.118644	
-0.358422	-0.30743	-0.211079	-0.0816025	0.0513802	0.164134	0.250273	0.312128	0.338395	0.317914	0.246024	0.12078	-0.041493	-0.223335	-0.411647	-0.582614	-0.726108	-0.823307	-0.859019	-0.830893	-0.754073	-0.643562	-0.488964	-0.309218	-0.117357	
-0.307067	-0.280823	-0.205842	-0.0928127	0.0324223	0.148169	0.247511	0.338395	0.392913	0.391402	0.337563	0.228665	0.0728009	-0.119637	-0.322688	-0.520512	-0.692407	-0.826516	-0.912601	-0.937667	-0.907956	-0.830878	-0.70222	-0.544505	-0.367885	
-0.267602	-0.275116	-0.228497	-0.142151	-0.0324604	0.0851291	0.204086	0.317914	0.391402	0.413139	0.381043	0.290729	0.143293	-0.0373192	-0.236688	-0.444846	-0.633065	-0.798033	-0.926078	-0.997631	-1.00973	-0.962648	-0.870568	-0.74003	-0.590157	
-0.226604	-0.268187	-0.255012	-0.209626	-0.124047	-0.00663769	0.120463	0.246024	0.337563	0.381043	0.361604	0.289713	0.167907	0.0115317	-0.168216	-0.363498	-0.549388	-0.725817	-0.882507	-0.99123	-1.03964	-1.02162	-0.953852	-0.855575	-0.74173	
-0.181814	-0.250625	-0.278019	-0.275167	-0.22326	-0.122406	-0.00493345	0.12078	0.228665	0.290729	0.289713	0.240755	0.159306	0.0410624	-0.106005	-0.275642	-0.455774	-0.631586	-0.797299	-0.928275	-1.00041	-1.00813	-0.957954	-0.887417	-0.807207	
-0.141451	-0.239751	-0.310142	-0.346131	-0.328723	-0.256374	-0.159531	-0.041493	0.0728009	0.143293	0.167907	0.159306	0.125875	0.0477763	-0.0652357	-0.205242	-0.365611	-0.534372	-0.695512	-0.827372	-0.904615	-0.921737	-0.892712	-0.844404	-0.788866	
-0.126763	-0.248337	-0.347932	-0.415477	-0.433472	-0.396514	-0.321976	-0.223335	-0.119637	-0.0373192	0.0115317	0.0410624	0.0477763	0.0153587	-0.0511161	-0.153025	-0.284865	-0.429828	-0.569783	-0.683775	-0.757646	-0.779624	-0.764569	-0.728037	-0.692932	
-0.12565	-0.26276	-0.38352	-0.475648	-0.52416	-0.520894	-0.478135	-0.411647	-0.322688	-0.236688	-0.168216	-0.106005	-0.0652357	-0.0511161	-0.0704451	-0.124253	-0.209347	-0.312336	-0.416792	-0.503866	-0.565126	-0.59292	-0.587924	-0.558343	-0.535661	
-0.120434	-0.267039	-0.404116	-0.518078	-0.593189	-0.623698	-0.616941	-0.582614	-0.520512	-0.444846	-0.363498	-0.275642	-0.205242	-0.153025	-0.124253	-0.123872	-0.152391	-0.19881	-0.257928	-0.311133	-0.355231	-0.383487	-0.383647	-0.364232	-0.349001	
-0.104073	-0.249649	-0.389697	-0.521274	-0.622735	-0.690814	-0.723539	-0.726108	-0.692407	-0.633065	-0.549388	-0.455774	-0.365611	-0.284865	-0.209347	-0.152391	-0.120314	-0.111654	-0.123773	-0.142287	-0.16163	-0.178392	-0.177259	-0.166466	-0.158352	
-0.0649117	-0.199775	-0.330728	-0.468621	-0.596204	-0.702305	-0.781369	-0.823307	-0.826516	-0.798033	-0.725817	-0.631586	-0.534372	-0.429828	-0.312336	-0.19881	-0.111654	-0.0535243	-0.0197237	-0.00184483	0.00294385	0.00310275	0.00988875	0.0219908	0.0263287	
0.00299203	-0.115778	-0.235423	-0.373239	-0.515578	-0.654991	-0.772296	-0.859019	-0.912601	-0.926078	-0.882507	-0.797299	-0.695512	-0.569783	-0.416792	-0.257928	-0.123773	-0.0197237	0.0584653	0.110875	0.141754	0.158811	0.174303	0.187585	0.187774	
0.0944938	-0.00460614	-0.111349	-0.236759	-0.389399	-0.551458	-0.699278	-0.830893	-0.937667	-0.997631	-0.99123	-0.928275	-0.827372	-0.683775	-0.503866	-0.311133	-0.142287	-0.00184483	0.110875	0.195359	0.251426	0.287673	0.311866	0.318869	0.311094	
0.194519	0.120731	0.0323565	-0.0822905	-0.237145	-0.413121	-0.584126	-0.754073	-0.907956	-1.00973	-1.03964	-1.00041	-0.904615	-0.757646	-0.565126	-0.355231	-0.16163	0.00294385	0.141754	0.251426	0.322949	0.369165	0.392983	0.394401	0.383392	
0.274499	0.236999	0.181281	0.0837007	-0.0616117	-0.241857	-0.441052	-0.643562	-0.830878	-0.962648	-1.02162	-1.00813	-0.921737	-0.779624	-0.59292	-0.383487	-0.178392	0.00310275	0.158811	0.287673	0.369165	0.413007	0.43125	0.429721	0.418844	
0.328914	0.333045	0.311325	0.244158	0.122581	-0.0509534	-0.266929	-0.488964	-0.70222	-0.870568	-0.953852	-0.957954	-0.892712	-0.764569	-0.587924	-0.383647	-0.177259	0.00988875	0.174303	0.311866	0.392983	0.43125	0.447627	0.444337	0.426429	
0.360129	0.407068	0.423497	0.393166	0.302535	0.141953	-0.0751089	-0.309218	-0.544505	-0.74003	-0.855575	-0.887417	-0.844404	-0.728037	-0.558343	-0.364232	-0.166466	0.0219908	0.187585	0.318869	0.394401	0.429721	0.444337	0.442221	0.422914	
0.377559	0.457553	0.508878	0.515909	0.455462	0.318222	0.118644	-0.117357	-0.367885	-0.590157	-0.74173	-0.807207	-0.788866	-0.692932	-0.535661	-0.349001	-0.158352	0.0263287	0.187774	0.311094	0.383392	0.418844	0.426429	0.422914	0.413572	
0.37088	0.480248	0.567849	0.609036	0.57823	0.472455	0.300646	0.0752855	-0.182231	-0.424596	-0.61453	-0.721059	-0.733767	-0.663342	-0.524385	-0.346703	-0.159784	0.0224872	0.183387	0.304591	0.372214	0.406182	0.411853	0.403682	0.395695	
0.335386	0.480072	0.612512	0.687402	0.687905	0.611343	0.459405	0.241452	-0.0130533	-0.267605	-0.486765	-0.632679	-0.679501	-0.635559	-0.519435	-0.352806	-0.166161	0.0165341	0.179165	0.304388	0.373169	0.400311	0.405497	0.395556	0.380692	
0.288126	0.461553	0.631087	0.745222	0.779727	0.733835	0.595809	0.38478	0.131474	-0.139545	-0.381498	-0.552645	-0.631774	-0.61208	-0.514711	-0.36256	-0.17535	0.0158082	0.18034	0.309608	0.384261	0.405734	0.401985	0.38691	0.372567	
0.23683	0.432672	0.629076	0.775418	0.851261	0.83221	0.709413	0.501669	0.246657	-0.0363218	-0.29934	-0.492539	-0.591836	-0.590859	-0.509155	-0.365989	-0.1782	0.0180928	0.18474	0.314273	0.398788	0.422447	0.405573	0.3817	0.371593	
0.206893	0.411003	0.616279	0.784763	0.887775	0.886894	0.774948	0.573036	0.315273	0.0253058	-0.251676	-0.459092	-0.568296	-0.578608	-0.502933	-0.360318	-0.177092	0.0177085	0.189997	0.320513	0.401267	0.425756	0.408429	0.378558	0.367768	
0.202696	0.407962	0.613222	0.784878	0.892805	0.89478	0.786447	0.585865	0.32688	0.034544	-0.243499	-0.452576	-0.563492	-0.576309	-0.502229	-0.359178	-0.17673	0.0165922	0.190475	0.320898	0.400047	0.425104	0.408417	0.377431	0.365541	
0.221292	0.421602	0.623656	0.78128	0.87078	0.860281	0.741759	0.536194	0.280141	-0.00521555	-0.27579	-0.476968	-0.580051	-0.583821	-0.506086	-0.364256	-0.177879	0.0188033	0.186885	0.316623	0.401802	0.425689	0.407127	0.37999	0.370426	
0.267154	0.450984	0.632108	0.760432	0.811387	0.777153	0.645567	0.436493	0.182432	-0.0951431	-0.344783	-0.524568	-0.614207	-0.603593	-0.513162	-0.365231	-0.177619	0.0164091	0.182136	0.311501	0.390694	0.412508	0.402951	0.384814	0.372217	
0.31753	0.47477	0.623505	0.714129	0.727576	0.662441	0.515777	0.300242	0.0468408	-0.212828	-0.442464	-0.600217	-0.660052	-0.626054	-0.517143	-0.356701	-0.169822	0.0160741	0.179031	0.306374	0.37653	0.400734	0.403772	0.39152	0.376147	
0.35947	0.482735	0.587823	0.641516	0.622496	0.529535	0.367713	0.146093	-0.110667	-0.359267	-0.561816	-0.685096	-0.711081	-0.651896	-0.522852	-0.348441	-0.161606	0.0191165	0.180885	0.303747	0.371141	0.402594	0.408754	0.399776	0.388632	
0.377894	0.469344	0.534671	0.556244	0.507537	0.38254	0.193036	-0.0391612	-0.293754	-0.524543	-0.691947	-0.773693	-0.767196	-0.680829	-0.529641	-0.346742	-0.157821	0.026274	0.18635	0.307426	0.378016	0.413221	0.419476	0.41408	0.407423	
0.36908	0.430901	0.461979	0.446166	0.367756	0.214673	0.00354434	-0.233511	-0.476129	-0.682884	-0.811391	-0.855839	-0.822855	-0.713731	-0.547673	-0.35641	-0.162609	0.0245608	0.189125	0.31646	0.391136	0.425889	0.437369	0.435955	0.420336	
0.343971	0.365303	0.35802	0.306189	0.196389	0.0272663	-0.191728	-0.418565	-0.641173	-0.82116	-0.917601	-0.931304	-0.875073	-0.751372	-0.577186	-0.376644	-0.173587	0.0150499	0.181217	0.317794	0.395784	0.432676	0.449254	0.445932	0.425312	
0.299066	0.277845	0.236032	0.148962	0.012172	-0.167244	-0.374164	-0.586658	-0.785101	-0.930776	-0.998768	-0.992783	-0.913636	-0.77697	-0.595585	-0.387563	-0.179191	0.0051527	0.164474	0.298554	0.381255	0.423462	0.44018	0.437709	0.424459	
0.230004	0.16926	0.0926349	-0.0169008	-0.169278	-0.348007	-0.531192	-0.714725	-0.882966	-0.997126	-1.04023	-1.01218	-0.91893	-0.771918	-0.579602	-0.369022	-0.170203	0.00245872	0.14951	0.268349	0.343834	0.389133	0.411201	0.411832	0.401418	
0.134384	0.0452511	-0.0551071	-0.17634	-0.331075	-0.499492	-0.65679	-0.804257	-0.931791	-1.01028	-1.01847	-0.96422	-0.865564	-0.719003	-0.5322	-0.330256	-0.149848	0.0014614	0.125511	0.220282	0.28449	0.327583	0.35211	0.355943	0.345513	
0.0376493	-0.0746086	-0.188925	-0.322056	-0.469217	-0.619457	-0.749799	-0.855593	-0.93011	-0.961523	-0.933123	-0.85573	-0.753444	-0.61955	-0.454488	-0.280632	-0.130801	-0.0101437	0.082356	0.148449	0.189883	0.214696	0.234107	0.245266	0.242825	
-0.0411347	-0.169416	-0.295963	-0.435322	-0.57068	-0.690874	-0.786912	-0.845292	-0.867612	-0.855373	-0.792554	-0.699935	-0.600742	-0.487601	-0.35549	-0.221291	-0.115058	-0.0383801	0.0147283	0.0466509	0.060896	0.0679414	0.0775347	0.0920224	0.0946676	
-0.0917395	-0.234359	-0.371716	-0.507162	-0.618999	-0.702158	-0.753206	-0.771487	-0.751218	-0.701527	-0.62063	-0.527213	-0.433077	-0.342733	-0.24884	-0.168759	-0.113609	-0.0845586	-0.0791224	-0.0827592	-0.0919905	-0.101912	-0.0988873	-0.0898529	-0.0829613	
-0.116251	-0.26299	-0.402817	-0.525387	-0.611074	-0.656239	-0.664122	-0.643825	-0.593127	-0.523531	-0.439146	-0.347205	-0.267181	-0.202994	-0.155428	-0.132562	-0.136588	-0.160643	-0.200311	-0.239879	-0.274401	-0.299996	-0.300487	-0.28447	-0.272371	
-0.124176	-0.266307	-0.394993	-0.495361	-0.554619	-0.564371	-0.536869	-0.483467	-0.404712	-0.320796	-0.246096	-0.171849	-0.118508	-0.0875952	-0.0876346	-0.120511	-0.183466	-0.263629	-0.35172	-0.425784	-0.481276	-0.510273	-0.508018	-0.482562	-0.462333	
-0.12575	-0.254586	-0.363373	-0.440967	-0.472065	-0.449558	-0.385473	-0.298673	-0.199343	-0.114562	-0.0570601	-0.0143363	0.00622955	-0.00701354	-0.0544169	-0.138275	-0.253766	-0.385131	-0.511106	-0.615289	-0.685021	-0.709597	-0.698676	-0.664611	-0.636105	
-0.132338	-0.241357	-0.325401	-0.37505	-0.371368	-0.311964	-0.22496	-0.113405	-0.00174088	0.0735902	0.107884	0.115719	0.100232	0.0396291	-0.0563589	-0.181474	-0.332213	-0.493508	-0.648798	-0.775113	-0.851866	-0.871128	-0.848219	-0.805988	-0.759829	
-0.163577	-0.244168	-0.289452	-0.302647	-0.264865	-0.175005	-0.0643207	0.0601521	0.171888	0.23738	0.246175	0.212281	0.150281	0.0477868	-0.0868488	-0.245778	-0.41885	-0.592668	-0.758609	-0.893161	-0.96846	-0.981098	-0.940161	-0.879502	-0.809666	
-0.209395	-0.262282	-0.264064	-0.23595	-0.162616	-0.0496311	0.0750723	0.201114	0.300633	0.35285	0.338997	0.274214	0.166981	0.0249425	-0.14136	-0.327394	-0.512173	-0.689331	-0.851499	-0.97047	-1.03129	-1.02545	-0.96393	-0.877401	-0.778018	
