0.840075	0.762861	0.680917	0.615173	0.56349	0.521176	0.491896	0.488674	0.495153	0.519461	0.573207	0.646684	0.725793	0.803711	0.877528	0.938769	0.984214	0.998782	0.974014	0.913493	0.822413	0.71353	0.580151	0.431583	0.281664	
0.762861	0.695533	0.621562	0.568605	0.526481	0.496435	0.480733	0.490678	0.511802	0.544088	0.599365	0.673975	0.760098	0.84469	0.910274	0.959612	0.99499	0.994107	0.948923	0.87135	0.770271	0.651503	0.521472	0.379766	0.238573	
0.680917	0.621562	0.560789	0.512634	0.474801	0.451469	0.454559	0.486955	0.528134	0.567574	0.621423	0.69253	0.773977	0.842735	0.883892	0.906189	0.91824	0.892623	0.831318	0.744711	0.641426	0.522634	0.402937	0.277862	0.153401	
0.615173	0.568605	0.512634	0.456369	0.420711	0.408093	0.425416	0.470601	0.526296	0.581283	0.638899	0.702255	0.763604	0.805076	0.813789	0.797998	0.771128	0.716866	0.644384	0.556654	0.459192	0.351629	0.246438	0.140975	0.0365425	
0.56349	0.526481	0.474801	0.420711	0.387877	0.378193	0.395709	0.448409	0.519294	0.585258	0.639919	0.689558	0.727667	0.739708	0.713737	0.658512	0.587699	0.508075	0.42313	0.337676	0.249413	0.162072	0.0733647	-0.0105876	-0.0905081	
0.521176	0.496435	0.451469	0.408093	0.378193	0.366629	0.386179	0.446899	0.51949	0.580117	0.625951	0.661976	0.670512	0.649583	0.597597	0.513565	0.411616	0.309885	0.214513	0.125244	0.0471706	-0.0238724	-0.0931647	-0.154874	-0.201707	
0.491896	0.480733	0.454559	0.425416	0.395709	0.386179	0.415795	0.471465	0.528599	0.574833	0.609717	0.619617	0.588303	0.537229	0.468387	0.369403	0.25253	0.142107	0.0381471	-0.0571971	-0.131567	-0.192777	-0.24502	-0.281903	-0.291548	
0.488674	0.490678	0.486955	0.470601	0.448409	0.446899	0.471465	0.505683	0.540702	0.56678	0.573359	0.544992	0.479733	0.402153	0.31706	0.210505	0.0999865	-0.00699067	-0.113537	-0.210828	-0.281005	-0.335294	-0.37309	-0.384534	-0.361932	
0.495153	0.511802	0.528134	0.526296	0.519294	0.51949	0.528599	0.540702	0.549172	0.53791	0.504652	0.447956	0.358734	0.25776	0.154391	0.0541315	-0.0420962	-0.140113	-0.243125	-0.328408	-0.387157	-0.430478	-0.452318	-0.441706	-0.400018	
0.519461	0.544088	0.567574	0.581283	0.585258	0.580117	0.574833	0.56678	0.53791	0.482119	0.415181	0.335582	0.230543	0.112821	0.00492088	-0.0859859	-0.170017	-0.258241	-0.344428	-0.406759	-0.44547	-0.468468	-0.468277	-0.440348	-0.394819	
0.573207	0.599365	0.621423	0.638899	0.639919	0.625951	0.609717	0.573359	0.504652	0.415181	0.318974	0.220573	0.1058	-0.0145634	-0.122526	-0.20864	-0.285674	-0.356452	-0.416084	-0.453482	-0.467347	-0.463164	-0.439062	-0.400733	-0.359365	
0.646684	0.673975	0.69253	0.702255	0.689558	0.661976	0.619617	0.544992	0.447956	0.335582	0.220573	0.11008	-0.0043054	-0.123303	-0.228653	-0.315426	-0.385799	-0.432514	-0.461948	-0.473366	-0.461703	-0.431746	-0.39321	-0.350413	-0.312146	
0.725793	0.760098	0.773977	0.763604	0.727667	0.670512	0.588303	0.479733	0.358734	0.230543	0.1058	-0.0043054	-0.113384	-0.219263	-0.315388	-0.401468	-0.463025	-0.483682	-0.481992	-0.466712	-0.430146	-0.384691	-0.342103	-0.299174	-0.2597	
0.803711	0.84469	0.842735	0.805076	0.739708	0.649583	0.537229	0.402153	0.25776	0.112821	-0.0145634	-0.123303	-0.219263	-0.304366	-0.385161	-0.459602	-0.503768	-0.502519	-0.480627	-0.442	-0.388413	-0.336796	-0.29605	-0.253791	-0.215472	
0.877528	0.910274	0.883892	0.813789	0.713737	0.597597	0.468387	0.31706	0.154391	0.00492088	-0.122526	-0.228653	-0.315388	-0.385161	-0.440838	-0.479509	-0.494259	-0.483202	-0.451595	-0.399834	-0.340544	-0.292482	-0.252246	-0.212198	-0.181608	
0.938769	0.959612	0.906189	0.797998	0.658512	0.513565	0.369403	0.210505	0.0541315	-0.0859859	-0.20864	-0.315426	-0.401468	-0.459602	-0.479509	-0.470941	-0.459492	-0.438611	-0.398688	-0.342954	-0.293421	-0.253252	-0.215818	-0.181511	-0.165758	
0.984214	0.99499	0.91824	0.771128	0.587699	0.411616	0.25253	0.0999865	-0.0420962	-0.170017	-0.285674	-0.385799	-0.463025	-0.503768	-0.494259	-0.459492	-0.426389	-0.386948	-0.3366	-0.288934	-0.251159	-0.220008	-0.193108	-0.175941	-0.175789	
0.998782	0.994107	0.892623	0.716866	0.508075	0.309885	0.142107	-0.00699067	-0.140113	-0.258241	-0.356452	-0.432514	-0.483682	-0.502519	-0.483202	-0.438611	-0.386948	-0.33042	-0.28325	-0.244447	-0.210468	-0.186253	-0.181494	-0.186797	-0.19991	
0.974014	0.948923	0.831318	0.644384	0.42313	0.214513	0.0381471	-0.113537	-0.243125	-0.344428	-0.416084	-0.461948	-0.481992	-0.480627	-0.451595	-0.398688	-0.3366	-0.28325	-0.245371	-0.210946	-0.17786	-0.165654	-0.177916	-0.196853	-0.213953	
0.913493	0.87135	0.744711	0.556654	0.337676	0.125244	-0.0571971	-0.210828	-0.328408	-0.406759	-0.453482	-0.473366	-0.466712	-0.442	-0.399834	-0.342954	-0.288934	-0.244447	-0.210946	-0.183055	-0.168731	-0.17107	-0.185028	-0.197368	-0.210317	
0.822413	0.770271	0.641426	0.459192	0.249413	0.0471706	-0.131567	-0.281005	-0.387157	-0.44547	-0.467347	-0.461703	-0.430146	-0.388413	-0.340544	-0.293421	-0.251159	-0.210468	-0.17786	-0.168731	-0.180915	-0.195567	-0.19993	-0.197502	-0.197415	
0.71353	0.651503	0.522634	0.351629	0.162072	-0.0238724	-0.192777	-0.335294	-0.430478	-0.468468	-0.463164	-0.431746	-0.384691	-0.336796	-0.292482	-0.253252	-0.220008	-0.186253	-0.165654	-0.17107	-0.195567	-0.212736	-0.213069	-0.198806	-0.186733	
0.580151	0.521472	0.402937	0.246438	0.0733647	-0.0931647	-0.24502	-0.37309	-0.452318	-0.468277	-0.439062	-0.39321	-0.342103	-0.29605	-0.252246	-0.215818	-0.193108	-0.181494	-0.177916	-0.185028	-0.19993	-0.213069	-0.212864	-0.197644	-0.181784	
0.431583	0.379766	0.277862	0.140975	-0.0105876	-0.154874	-0.281903	-0.384534	-0.441706	-0.440348	-0.400733	-0.350413	-0.299174	-0.253791	-0.212198	-0.181511	-0.175941	-0.186797	-0.196853	-0.197368	-0.197502	-0.198806	-0.197644	-0.187708	-0.179313	
0.281664	0.238573	0.153401	0.0365425	-0.0905081	-0.201707	-0.291548	-0.361932	-0.400018	-0.394819	-0.359365	-0.312146	-0.2597	-0.215472	-0.181608	-0.165758	-0.175789	-0.19991	-0.213953	-0.210317	-0.197415	-0.186733	-0.181784	-0.179313	-0.177588	
0.154441	0.107396	0.0299014	-0.0690668	-0.168416	-0.243495	-0.291909	-0.324997	-0.34396	-0.341292	-0.320039	-0.284374	-0.236245	-0.195441	-0.171711	-0.168743	-0.187443	-0.211196	-0.222705	-0.215432	-0.198455	-0.180141	-0.171075	-0.167957	-0.170286	
0.037426	-0.0116929	-0.0827867	-0.165938	-0.23925	-0.279806	-0.290473	-0.290586	-0.288602	-0.281176	-0.269683	-0.250998	-0.220193	-0.194217	-0.181788	-0.183889	-0.19632	-0.208415	-0.211201	-0.207353	-0.197318	-0.180226	-0.161688	-0.151993	-0.159637	
-0.0630239	-0.117846	-0.179011	-0.237784	-0.280988	-0.293974	-0.282618	-0.263064	-0.242938	-0.222508	-0.210011	-0.207376	-0.203898	-0.205056	-0.207883	-0.207255	-0.204019	-0.196939	-0.191383	-0.192449	-0.19579	-0.184175	-0.16185	-0.147847	-0.160845	
-0.135795	-0.196313	-0.252255	-0.292559	-0.307912	-0.294823	-0.266019	-0.236695	-0.20783	-0.178077	-0.164011	-0.1734	-0.193882	-0.217651	-0.230596	-0.226595	-0.212699	-0.19602	-0.181103	-0.177131	-0.181768	-0.182535	-0.174929	-0.168402	-0.173538	
-0.165821	-0.239946	-0.301651	-0.334366	-0.332722	-0.299943	-0.256575	-0.219059	-0.186848	-0.15766	-0.147353	-0.166117	-0.196557	-0.226341	-0.238833	-0.232744	-0.220984	-0.205109	-0.182686	-0.161252	-0.157386	-0.170371	-0.188885	-0.193018	-0.181979	
-0.171441	-0.246818	-0.310361	-0.344037	-0.339557	-0.302761	-0.255334	-0.21585	-0.183559	-0.154406	-0.145887	-0.165768	-0.197929	-0.227238	-0.238618	-0.232519	-0.222003	-0.207834	-0.182661	-0.157159	-0.150129	-0.166912	-0.191205	-0.198171	-0.182685	
-0.151631	-0.218455	-0.275878	-0.310803	-0.317802	-0.295864	-0.261321	-0.228661	-0.197743	-0.167612	-0.154098	-0.16823	-0.194108	-0.222285	-0.235885	-0.230866	-0.217391	-0.199742	-0.181198	-0.169673	-0.172118	-0.178351	-0.181828	-0.179344	-0.178161	
-0.0973709	-0.152969	-0.210781	-0.261665	-0.292656	-0.29481	-0.275709	-0.251543	-0.227334	-0.201963	-0.188545	-0.19012	-0.197566	-0.209564	-0.218449	-0.216504	-0.20706	-0.194428	-0.184833	-0.186421	-0.192109	-0.185165	-0.165794	-0.153783	-0.165663	
-0.00416707	-0.0562682	-0.12395	-0.197549	-0.259438	-0.288218	-0.28866	-0.27909	-0.268846	-0.257196	-0.246183	-0.234798	-0.213633	-0.197932	-0.191722	-0.193328	-0.199607	-0.203462	-0.20348	-0.201994	-0.197798	-0.181459	-0.160044	-0.147511	-0.158305	
0.105767	0.0583504	-0.0167584	-0.110385	-0.199219	-0.260251	-0.291941	-0.310537	-0.321224	-0.3173	-0.301593	-0.272285	-0.230038	-0.192753	-0.173035	-0.17298	-0.191178	-0.211952	-0.220246	-0.213676	-0.197578	-0.179051	-0.166635	-0.161556	-0.16518	
0.228731	0.18445	0.10327	-0.00524095	-0.121236	-0.217871	-0.291676	-0.347645	-0.378518	-0.3745	-0.343407	-0.3003	-0.248497	-0.205527	-0.175107	-0.164966	-0.180269	-0.205997	-0.219833	-0.213764	-0.198244	-0.183463	-0.177678	-0.175749	-0.175638	
0.369751	0.32258	0.227898	0.0987102	-0.042996	-0.175531	-0.288497	-0.378575	-0.427785	-0.423394	-0.3843	-0.333285	-0.281741	-0.236639	-0.198126	-0.172107	-0.17343	-0.191291	-0.203897	-0.202459	-0.19682	-0.193323	-0.190506	-0.183891	-0.178812	
0.522458	0.4659	0.35355	0.204622	0.0390217	-0.119349	-0.262979	-0.381913	-0.452133	-0.459948	-0.42498	-0.377289	-0.325515	-0.280064	-0.236268	-0.201067	-0.1845	-0.18282	-0.185931	-0.190423	-0.199477	-0.208192	-0.207921	-0.19396	-0.180733	
0.662344	0.600442	0.474616	0.308959	0.126815	-0.0520599	-0.214839	-0.352971	-0.442485	-0.470938	-0.455509	-0.416887	-0.367704	-0.319251	-0.275846	-0.237668	-0.208311	-0.181926	-0.168443	-0.176187	-0.198599	-0.214924	-0.215051	-0.19922	-0.184167	
0.781392	0.72446	0.595063	0.417171	0.2144	0.018574	-0.156608	-0.303523	-0.406516	-0.457399	-0.467947	-0.451332	-0.411762	-0.366608	-0.319542	-0.276988	-0.238647	-0.199028	-0.169399	-0.167687	-0.187775	-0.204439	-0.206431	-0.198176	-0.192279	
0.879769	0.833446	0.705066	0.518613	0.303	0.0922385	-0.0899089	-0.241975	-0.354258	-0.424722	-0.46242	-0.471269	-0.453911	-0.420916	-0.375928	-0.321626	-0.27319	-0.23011	-0.196146	-0.174714	-0.171975	-0.179975	-0.190493	-0.197059	-0.2054	
0.953845	0.921255	0.799462	0.611283	0.389138	0.178188	-0.001873	-0.154975	-0.280688	-0.372598	-0.434089	-0.469202	-0.477809	-0.467863	-0.43351	-0.377424	-0.316403	-0.267391	-0.232089	-0.199134	-0.171063	-0.164632	-0.179415	-0.198035	-0.21468	
0.99348	0.980904	0.871428	0.689086	0.474418	0.271051	0.100195	-0.0500373	-0.181826	-0.293715	-0.381749	-0.44561	-0.48439	-0.495138	-0.473351	-0.42473	-0.366887	-0.309354	-0.266888	-0.230054	-0.195323	-0.17487	-0.178832	-0.191551	-0.207887	
0.994598	0.999805	0.913466	0.753576	0.556436	0.369744	0.207182	0.0578057	-0.0806568	-0.205021	-0.315166	-0.407272	-0.475835	-0.507955	-0.492745	-0.453282	-0.412195	-0.364433	-0.313504	-0.270082	-0.23451	-0.206355	-0.187643	-0.179534	-0.184882	
0.959929	0.976671	0.912612	0.788383	0.63208	0.474084	0.322809	0.165173	0.0154052	-0.11943	-0.240346	-0.346226	-0.430713	-0.482495	-0.488261	-0.465894	-0.446174	-0.418806	-0.373973	-0.320015	-0.275875	-0.239593	-0.205519	-0.176197	-0.166396	
0.903668	0.931357	0.894314	0.809979	0.694282	0.567503	0.432577	0.276846	0.113677	-0.0328495	-0.159099	-0.265164	-0.351438	-0.416954	-0.458934	-0.47758	-0.481207	-0.467415	-0.432925	-0.378336	-0.321224	-0.276126	-0.236284	-0.197884	-0.172163	
0.833966	0.873997	0.862331	0.811966	0.733531	0.632597	0.512675	0.369639	0.216376	0.0680944	-0.0598194	-0.167698	-0.258457	-0.33648	-0.408925	-0.472187	-0.50504	-0.498551	-0.472034	-0.427415	-0.369909	-0.318381	-0.277693	-0.23615	-0.200508	
0.75788	0.794617	0.80381	0.784535	0.736999	0.665215	0.568506	0.449435	0.318978	0.183457	0.0565731	-0.0527772	-0.157061	-0.254423	-0.3454	-0.42932	-0.485759	-0.495919	-0.484225	-0.458773	-0.414542	-0.365507	-0.323068	-0.280195	-0.240787	
0.678186	0.708338	0.72473	0.726269	0.706147	0.669683	0.611731	0.521846	0.415364	0.296831	0.176646	0.0654649	-0.0474523	-0.162929	-0.265104	-0.352427	-0.41963	-0.456338	-0.47234	-0.473166	-0.450613	-0.413931	-0.372821	-0.329686	-0.290803	
0.601399	0.626549	0.648163	0.665104	0.661125	0.642313	0.618085	0.567244	0.485984	0.385901	0.280295	0.176038	0.0607257	-0.0600645	-0.168132	-0.253792	-0.327988	-0.389421	-0.438149	-0.465217	-0.468487	-0.453068	-0.42248	-0.38182	-0.34172	
