-0.436597	-0.241347	-0.027874	0.173582	0.352515	0.490513	0.570957	0.590461	0.56602	0.512209	0.449294	0.398118	0.368248	0.36573	0.380888	0.412127	0.458102	0.507287	0.555114	0.609985	0.66235	0.709884	0.765362	0.814986	0.858261	
-0.241347	-0.0448396	0.171044	0.375436	0.559991	0.69858	0.772267	0.775728	0.733361	0.670246	0.603839	0.552011	0.521975	0.515812	0.523375	0.540793	0.565751	0.588456	0.606603	0.629805	0.651237	0.672386	0.699485	0.718769	0.735917	
-0.027874	0.171044	0.39136	0.604708	0.787047	0.911839	0.963004	0.940786	0.882186	0.806729	0.732754	0.674006	0.634481	0.617548	0.61046	0.606026	0.606606	0.60781	0.603818	0.607271	0.610728	0.606174	0.602309	0.592838	0.579951	
0.173582	0.375436	0.604708	0.819415	0.986342	1.08421	1.10735	1.06573	0.990249	0.901169	0.81705	0.746787	0.6944	0.658944	0.62828	0.599845	0.580872	0.567049	0.552208	0.543579	0.528487	0.505088	0.480917	0.451583	0.426513	
0.352515	0.559991	0.787047	0.986342	1.12107	1.18379	1.18189	1.11877	1.0267	0.926391	0.835892	0.758757	0.692141	0.63628	0.588024	0.545993	0.514944	0.492897	0.466613	0.439431	0.410427	0.377601	0.346613	0.321385	0.299432	
0.490513	0.69858	0.911839	1.08421	1.18379	1.21827	1.18999	1.10687	1.00012	0.890656	0.793257	0.701526	0.617947	0.55106	0.500912	0.459837	0.428816	0.400544	0.362425	0.325077	0.289606	0.25639	0.228691	0.206009	0.185842	
0.570957	0.772267	0.963004	1.10735	1.18189	1.18999	1.13923	1.04236	0.927105	0.810366	0.698959	0.593117	0.505426	0.441723	0.397311	0.359305	0.322458	0.287331	0.250814	0.215567	0.187518	0.165338	0.139378	0.116693	0.0954016	
0.590461	0.775728	0.940786	1.06573	1.11877	1.10687	1.04236	0.942289	0.823714	0.696011	0.575356	0.471918	0.393904	0.335651	0.292197	0.249923	0.209128	0.178317	0.15116	0.127647	0.11113	0.0921276	0.0657787	0.0463123	0.0291027	
0.56602	0.733361	0.882186	0.990249	1.0267	1.00012	0.927105	0.823714	0.693249	0.557895	0.443797	0.356152	0.290078	0.235643	0.192633	0.15426	0.120788	0.0968946	0.0799738	0.0599945	0.0413603	0.0273163	0.00947686	-0.00156655	-0.00995122	
0.512209	0.670246	0.806729	0.901169	0.926391	0.890656	0.810366	0.696011	0.557895	0.431278	0.333664	0.258192	0.197097	0.144552	0.107382	0.0792523	0.0535767	0.037742	0.027226	0.00868366	-0.00471375	-0.0138382	-0.027102	-0.030812	-0.0350812	
0.449294	0.603839	0.732754	0.81705	0.835892	0.793257	0.698959	0.575356	0.443797	0.333664	0.245125	0.173116	0.116095	0.0713196	0.0424642	0.0229728	0.00860655	-0.00148605	-0.0104063	-0.024646	-0.0346038	-0.0394077	-0.0462473	-0.0504768	-0.0547632	
0.398118	0.552011	0.674006	0.746787	0.758757	0.701526	0.593117	0.471918	0.356152	0.258192	0.173116	0.106922	0.0597636	0.0229341	-0.00169625	-0.011846	-0.0214324	-0.0343774	-0.0400731	-0.0475783	-0.0522245	-0.0520423	-0.0542205	-0.056915	-0.0621962	
0.368248	0.521975	0.634481	0.6944	0.692141	0.617947	0.505426	0.393904	0.290078	0.197097	0.116095	0.0597636	0.0203111	-0.0108099	-0.0264683	-0.0314123	-0.0435803	-0.0566858	-0.0585849	-0.0591541	-0.0586462	-0.0586761	-0.0614841	-0.0664033	-0.0693523	
0.36573	0.515812	0.617548	0.658944	0.63628	0.55106	0.441723	0.335651	0.235643	0.144552	0.0713196	0.0229341	-0.0108099	-0.0280936	-0.0375801	-0.0478518	-0.0585384	-0.0641205	-0.0616339	-0.0609671	-0.0660954	-0.0712759	-0.070292	-0.0698118	-0.0686335	
0.380888	0.523375	0.61046	0.62828	0.588024	0.500912	0.397311	0.292197	0.192633	0.107382	0.0424642	-0.00169625	-0.0264683	-0.0375801	-0.0548951	-0.0674388	-0.0660122	-0.0630536	-0.0630769	-0.0634955	-0.06868	-0.0732994	-0.0686963	-0.0689656	-0.069777	
0.412127	0.540793	0.606026	0.599845	0.545993	0.459837	0.359305	0.249923	0.15426	0.0792523	0.0229728	-0.011846	-0.0314123	-0.0478518	-0.0674388	-0.0715611	-0.0628264	-0.0650817	-0.0740453	-0.0721118	-0.0702938	-0.0684083	-0.0615869	-0.0661794	-0.0714841	
0.458102	0.565751	0.606606	0.580872	0.514944	0.428816	0.322458	0.209128	0.120788	0.0535767	0.00860655	-0.0214324	-0.0435803	-0.0585384	-0.0660122	-0.0628264	-0.0620371	-0.0716327	-0.0774567	-0.0701362	-0.0683334	-0.0700661	-0.0689079	-0.0708561	-0.0676973	
0.507287	0.588456	0.60781	0.567049	0.492897	0.400544	0.287331	0.178317	0.0968946	0.037742	-0.00148605	-0.0343774	-0.0566858	-0.0641205	-0.0630536	-0.0650817	-0.0716327	-0.0717294	-0.0677013	-0.0648056	-0.0674516	-0.0702233	-0.0735373	-0.0736197	-0.0664785	
0.555114	0.606603	0.603818	0.552208	0.466613	0.362425	0.250814	0.15116	0.0799738	0.027226	-0.0104063	-0.0400731	-0.0585849	-0.0616339	-0.0630769	-0.0740453	-0.0774567	-0.0677013	-0.0670061	-0.0708675	-0.0679422	-0.0681541	-0.0689091	-0.062359	-0.0649188	
0.609985	0.629805	0.607271	0.543579	0.439431	0.325077	0.215567	0.127647	0.0599945	0.00868366	-0.024646	-0.0475783	-0.0591541	-0.0609671	-0.0634955	-0.0721118	-0.0701362	-0.0648056	-0.0708675	-0.0743415	-0.0700297	-0.0684463	-0.0667248	-0.0643928	-0.0692083	
0.66235	0.651237	0.610728	0.528487	0.410427	0.289606	0.187518	0.11113	0.0413603	-0.00471375	-0.0346038	-0.0522245	-0.0586462	-0.0660954	-0.06868	-0.0702938	-0.0683334	-0.0674516	-0.0679422	-0.0700297	-0.069157	-0.0639939	-0.0688132	-0.0719957	-0.0683806	
0.709884	0.672386	0.606174	0.505088	0.377601	0.25639	0.165338	0.0921276	0.0273163	-0.0138382	-0.0394077	-0.0520423	-0.0586761	-0.0712759	-0.0732994	-0.0684083	-0.0700661	-0.0702233	-0.0681541	-0.0684463	-0.0639939	-0.0637781	-0.0721141	-0.0684656	-0.061614	
0.765362	0.699485	0.602309	0.480917	0.346613	0.228691	0.139378	0.0657787	0.00947686	-0.027102	-0.0462473	-0.0542205	-0.0614841	-0.070292	-0.0686963	-0.0615869	-0.0689079	-0.0735373	-0.0689091	-0.0667248	-0.0688132	-0.0721141	-0.0646515	-0.061636	-0.0669294	
0.814986	0.718769	0.592838	0.451583	0.321385	0.206009	0.116693	0.0463123	-0.00156655	-0.030812	-0.0504768	-0.056915	-0.0664033	-0.0698118	-0.0689656	-0.0661794	-0.0708561	-0.0736197	-0.062359	-0.0643928	-0.0719957	-0.0684656	-0.061636	-0.0650589	-0.071944	
0.858261	0.735917	0.579951	0.426513	0.299432	0.185842	0.0954016	0.0291027	-0.00995122	-0.0350812	-0.0547632	-0.0621962	-0.0693523	-0.0686335	-0.069777	-0.0714841	-0.0676973	-0.0664785	-0.0649188	-0.0692083	-0.0683806	-0.061614	-0.0669294	-0.071944	-0.0662442	
0.898212	0.750131	0.567617	0.406882	0.27459	0.164226	0.0710663	0.0114351	-0.019524	-0.0425627	-0.055821	-0.0656732	-0.0668722	-0.0644108	-0.066779	-0.0719752	-0.066609	-0.066562	-0.0745587	-0.0664558	-0.0648226	-0.0681081	-0.0648109	-0.0655064	-0.0620695	
0.927554	0.754303	0.560221	0.391549	0.255231	0.146616	0.0568365	0.00355082	-0.024203	-0.0466443	-0.0572659	-0.0693508	-0.0684381	-0.0646545	-0.0706581	-0.0735294	-0.0664904	-0.065463	-0.0718073	-0.0634348	-0.0633969	-0.0707718	-0.0659721	-0.0625898	-0.0646437	
0.949679	0.756183	0.559621	0.380688	0.239518	0.129355	0.0471064	-0.0015055	-0.0323346	-0.0515515	-0.06138	-0.0710495	-0.068647	-0.0665829	-0.0725202	-0.0695865	-0.0650832	-0.0640137	-0.0671626	-0.0700167	-0.0652025	-0.0645747	-0.069093	-0.0658946	-0.0649734	
0.961812	0.756435	0.557492	0.372141	0.222485	0.112438	0.0397039	-0.00578436	-0.0395057	-0.0532142	-0.0614044	-0.0655133	-0.0655593	-0.0701167	-0.0689358	-0.0663152	-0.0709768	-0.0710786	-0.0671571	-0.0675027	-0.0651062	-0.0641215	-0.0665701	-0.0635869	-0.0622947	
0.966717	0.758386	0.556943	0.372383	0.21416	0.105548	0.0410893	-0.00871139	-0.040735	-0.0566275	-0.0646778	-0.0633226	-0.0702054	-0.0736085	-0.0663147	-0.0664156	-0.070514	-0.0687291	-0.0640663	-0.0659511	-0.0684757	-0.0664302	-0.0640431	-0.0661394	-0.0671861	
0.967499	0.758995	0.55678	0.373237	0.212595	0.104634	0.0420069	-0.00979283	-0.0401708	-0.0581386	-0.0655775	-0.062991	-0.0722544	-0.0733469	-0.0664646	-0.0674152	-0.0687863	-0.066724	-0.0632689	-0.067179	-0.0699703	-0.0654184	-0.062709	-0.0679139	-0.0703226	
0.964048	0.756756	0.556714	0.371413	0.217573	0.108314	0.0395937	-0.00693117	-0.0404063	-0.0542212	-0.0618705	-0.0637399	-0.0668141	-0.0714787	-0.0675842	-0.0668711	-0.0718778	-0.0713381	-0.0664023	-0.0662306	-0.0660835	-0.0647309	-0.0652186	-0.0637158	-0.0628777	
0.955813	0.756687	0.559452	0.376995	0.232813	0.121964	0.0434677	-0.00314109	-0.0366013	-0.0526055	-0.0620605	-0.0696575	-0.0672171	-0.0684182	-0.0705183	-0.066993	-0.0672774	-0.0665483	-0.0666899	-0.0697904	-0.0655169	-0.0641885	-0.0694186	-0.0657092	-0.0627642	
0.937003	0.754934	0.559212	0.386578	0.248755	0.139599	0.052997	0.00121008	-0.0263657	-0.0485833	-0.0589626	-0.0699989	-0.0692523	-0.0651758	-0.0728135	-0.0726367	-0.0651225	-0.0651364	-0.0692953	-0.0654654	-0.064201	-0.0678323	-0.0667731	-0.0642115	-0.0668365	
0.911133	0.752624	0.563781	0.399918	0.26616	0.156969	0.0641659	0.00713394	-0.0213247	-0.0440684	-0.0563679	-0.0671433	-0.0666556	-0.0637148	-0.0682602	-0.0730776	-0.0663325	-0.0666582	-0.0748613	-0.0644386	-0.0642753	-0.0704618	-0.0645407	-0.0624506	-0.0618106	
0.875574	0.742895	0.575147	0.418044	0.289549	0.177609	0.0847267	0.0214015	-0.0148166	-0.0380865	-0.0557155	-0.0648997	-0.0679567	-0.0669359	-0.0679307	-0.0714253	-0.0669879	-0.0649892	-0.0694327	-0.0694254	-0.0663865	-0.0633778	-0.0674918	-0.0712394	-0.0630512	
0.832169	0.725383	0.587188	0.440529	0.312266	0.198084	0.108921	0.0395957	-0.0041276	-0.031746	-0.0515743	-0.0584297	-0.0687766	-0.0698713	-0.0697584	-0.0693245	-0.07067	-0.0711448	-0.0619023	-0.0654139	-0.0704748	-0.0650855	-0.0629758	-0.0684905	-0.0717058	
0.786339	0.7083	0.599413	0.469559	0.335992	0.218753	0.129855	0.0570242	0.00400596	-0.0300895	-0.0482953	-0.0548149	-0.0633887	-0.0700016	-0.0679237	-0.0617568	-0.0696935	-0.0739964	-0.0663286	-0.0661803	-0.0713043	-0.0724455	-0.0618896	-0.0610906	-0.0700247	
0.731874	0.683008	0.604997	0.495828	0.364899	0.244461	0.154732	0.0821505	0.0199577	-0.0197764	-0.0422077	-0.0529387	-0.0590797	-0.0714072	-0.0720697	-0.0650552	-0.0695583	-0.0712966	-0.0692167	-0.0684216	-0.0644229	-0.0667729	-0.0706185	-0.0657157	-0.0620514	
0.680745	0.658374	0.608773	0.519407	0.397544	0.275614	0.178838	0.104731	0.0363134	-0.00736288	-0.0367089	-0.0516993	-0.0588443	-0.0688605	-0.0710012	-0.0711652	-0.06949	-0.0689802	-0.067266	-0.0676402	-0.0670256	-0.0634659	-0.0704373	-0.0713779	-0.0653413	
0.63235	0.639198	0.609566	0.539151	0.428316	0.310694	0.203092	0.120111	0.05135	0.00194865	-0.0296822	-0.0503022	-0.0591665	-0.062207	-0.0646991	-0.0704091	-0.0678846	-0.0654941	-0.0702157	-0.0738136	-0.0708211	-0.0662356	-0.0671241	-0.068668	-0.0701	
0.57631	0.615272	0.60412	0.548523	0.455378	0.347424	0.2364	0.141143	0.072727	0.019899	-0.0151515	-0.0430499	-0.0589177	-0.060452	-0.0640521	-0.0738971	-0.0749518	-0.0664145	-0.0687708	-0.0738021	-0.0680827	-0.0677622	-0.0682123	-0.060885	-0.0657597	
0.52577	0.595415	0.60609	0.560417	0.482715	0.385809	0.273	0.167453	0.0898948	0.0344013	-0.00474208	-0.0370151	-0.0580031	-0.0638723	-0.0627781	-0.0697726	-0.0761323	-0.0698323	-0.0654783	-0.0657138	-0.0679306	-0.070339	-0.0713716	-0.0687325	-0.0664959	
0.478114	0.57612	0.608023	0.57571	0.505948	0.418255	0.308028	0.19557	0.10954	0.0456201	0.00366206	-0.0275586	-0.0494888	-0.0614961	-0.063876	-0.0615132	-0.0647891	-0.0724453	-0.0747008	-0.067302	-0.0675468	-0.0708503	-0.0720232	-0.0741111	-0.0670373	
0.428523	0.55005	0.605091	0.590759	0.531957	0.446219	0.344899	0.23251	0.140822	0.068923	0.0170169	-0.0145804	-0.0360052	-0.0522478	-0.0684304	-0.0687028	-0.0610301	-0.0684761	-0.0774556	-0.0723287	-0.0692504	-0.0680561	-0.0640146	-0.0669046	-0.069414	
0.391701	0.529226	0.608637	0.615887	0.570441	0.483407	0.381734	0.275346	0.176216	0.0957659	0.0338274	-0.00676019	-0.0284256	-0.0415674	-0.0613172	-0.0715483	-0.0655115	-0.0628293	-0.0665442	-0.067634	-0.0703919	-0.0703682	-0.0641734	-0.0677477	-0.0717387	
0.370189	0.51781	0.61429	0.646734	0.616024	0.529841	0.422374	0.317334	0.21725	0.127242	0.0579862	0.0110199	-0.0190538	-0.0322238	-0.0438766	-0.0557814	-0.0624859	-0.0636848	-0.0612518	-0.0611636	-0.0677759	-0.074811	-0.0718677	-0.0695454	-0.067749	
0.363961	0.51682	0.625152	0.678204	0.668371	0.58822	0.477321	0.368724	0.267354	0.175383	0.096436	0.044494	0.00704543	-0.0195597	-0.0313265	-0.0382709	-0.0511188	-0.0618217	-0.0612519	-0.0598795	-0.0610754	-0.0632394	-0.0654908	-0.0692009	-0.0698158	
0.383632	0.537222	0.656242	0.723986	0.731175	0.66682	0.554802	0.438075	0.327499	0.232249	0.148388	0.0854602	0.0425933	0.00780817	-0.0135521	-0.0204115	-0.0306346	-0.0449485	-0.049699	-0.0538402	-0.0560582	-0.0541052	-0.0555156	-0.0610152	-0.0659228	
0.426653	0.580723	0.706712	0.787255	0.803508	0.755942	0.655222	0.530929	0.406037	0.301453	0.214619	0.14427	0.0902924	0.049086	0.0224214	0.00669515	-0.00463462	-0.0149202	-0.0229949	-0.0347885	-0.0432093	-0.046724	-0.0508075	-0.0532725	-0.0581662	
