0.11665	-0.0388623	-0.198088	-0.34094	-0.431185	-0.44628	-0.385594	-0.258725	-0.102879	0.055782	0.201672	0.323249	0.423728	0.495551	0.536798	0.55332	0.54753	0.532274	0.508075	0.462128	0.389188	0.286495	0.160958	0.0209022	-0.122926	
0.135575	-0.0172915	-0.171871	-0.312211	-0.401708	-0.416361	-0.356366	-0.231326	-0.0793672	0.0755581	0.219047	0.338158	0.441156	0.521162	0.568467	0.587503	0.576754	0.544501	0.494864	0.418898	0.319726	0.201188	0.0752222	-0.0534674	-0.184344	
0.159933	0.0158768	-0.1332	-0.26864	-0.355036	-0.369491	-0.311237	-0.190757	-0.0438238	0.103752	0.237601	0.35074	0.448623	0.5258	0.57498	0.594542	0.580992	0.53752	0.469983	0.375464	0.258414	0.130302	0.00291653	-0.119043	-0.236024	
0.173858	0.0458179	-0.0852222	-0.205663	-0.283389	-0.296044	-0.243992	-0.136449	-0.0065559	0.123515	0.243062	0.347428	0.442377	0.522462	0.578429	0.598172	0.576821	0.523563	0.43992	0.329429	0.201123	0.0618944	-0.0681554	-0.186547	-0.300227	
0.190971	0.0753921	-0.0417522	-0.148655	-0.219281	-0.230938	-0.183085	-0.0872208	0.0281574	0.146107	0.252509	0.34891	0.445751	0.528715	0.58826	0.611272	0.582469	0.509328	0.401125	0.265028	0.121069	-0.0202262	-0.151425	-0.26341	-0.370559	
0.215298	0.104365	-0.00976597	-0.11612	-0.182803	-0.194237	-0.149354	-0.0540553	0.0586001	0.171735	0.277501	0.373511	0.467614	0.552723	0.613568	0.630175	0.588638	0.492464	0.359203	0.200823	0.0356183	-0.115531	-0.248884	-0.357216	-0.451589	
0.236728	0.123873	0.00897028	-0.0900544	-0.155369	-0.168056	-0.12122	-0.0335014	0.0768329	0.192979	0.300407	0.404256	0.505032	0.594091	0.650795	0.652484	0.592151	0.470301	0.309426	0.129039	-0.0515832	-0.2109	-0.347292	-0.459421	-0.551943	
0.262652	0.152029	0.0387241	-0.0577047	-0.119891	-0.131188	-0.087207	-0.00338581	0.106735	0.219155	0.325401	0.433219	0.531697	0.616843	0.670331	0.658975	0.577053	0.429377	0.240029	0.0443423	-0.144072	-0.311921	-0.447245	-0.557079	-0.647994	
0.300951	0.195716	0.0919345	0.00331881	-0.0559804	-0.0666313	-0.0247853	0.053332	0.15334	0.260346	0.35841	0.452534	0.542141	0.611627	0.647776	0.618156	0.513059	0.351104	0.147072	-0.0621186	-0.252525	-0.419236	-0.553493	-0.651703	-0.727368	
0.341867	0.254722	0.169295	0.0931706	0.046754	0.0389941	0.0699558	0.137218	0.219749	0.307267	0.390618	0.465795	0.534989	0.581967	0.590653	0.538484	0.414435	0.230887	0.0159068	-0.198506	-0.389815	-0.5465	-0.676918	-0.760069	-0.801476	
0.391775	0.330507	0.259612	0.201712	0.164391	0.155321	0.184321	0.234828	0.301389	0.368964	0.426346	0.479777	0.515809	0.532404	0.512603	0.426837	0.277365	0.0734229	-0.148242	-0.360432	-0.548575	-0.690802	-0.795934	-0.856382	-0.864663	
0.44085	0.402937	0.351302	0.315874	0.287361	0.279044	0.304735	0.334512	0.382066	0.428697	0.457739	0.4825	0.484767	0.463374	0.4036	0.287643	0.119681	-0.0937396	-0.319401	-0.523254	-0.693122	-0.818961	-0.892651	-0.917943	-0.890173	
0.473296	0.463166	0.440227	0.416271	0.401545	0.398476	0.409594	0.429617	0.455547	0.470506	0.47431	0.460559	0.421186	0.363276	0.270064	0.133668	-0.0423849	-0.25186	-0.466555	-0.648605	-0.795213	-0.898927	-0.941128	-0.928993	-0.863649	
0.471903	0.490249	0.497741	0.49699	0.497261	0.497547	0.496686	0.498259	0.494444	0.480535	0.454833	0.406905	0.337447	0.24687	0.130497	-0.0198823	-0.196106	-0.382299	-0.571565	-0.730007	-0.84532	-0.916495	-0.934145	-0.889023	-0.786614	
0.441869	0.486038	0.51543	0.535265	0.545922	0.549034	0.540356	0.524134	0.499981	0.461168	0.406046	0.330898	0.234095	0.117552	-0.0107083	-0.152966	-0.311599	-0.47236	-0.626316	-0.75551	-0.839156	-0.877667	-0.86577	-0.793122	-0.669623	
0.382248	0.445238	0.490602	0.527192	0.545867	0.548237	0.537232	0.506968	0.464372	0.410515	0.334143	0.238381	0.126653	-0.00192665	-0.132433	-0.259241	-0.392109	-0.520174	-0.632168	-0.727526	-0.786098	-0.792358	-0.744496	-0.648014	-0.506223	
0.300392	0.376748	0.441988	0.490088	0.520959	0.525965	0.504637	0.464406	0.403723	0.332398	0.247802	0.138279	0.0176833	-0.108456	-0.237561	-0.345963	-0.43895	-0.528247	-0.602305	-0.657625	-0.684262	-0.66493	-0.589087	-0.465112	-0.304384	
0.223313	0.319619	0.402266	0.458734	0.498528	0.506948	0.476741	0.427475	0.355815	0.262364	0.162994	0.0417771	-0.0939418	-0.21615	-0.331267	-0.415944	-0.47121	-0.521166	-0.552705	-0.568084	-0.552453	-0.495316	-0.392345	-0.248509	-0.0847163	
0.173235	0.292257	0.396791	0.475557	0.52544	0.536054	0.499417	0.43137	0.337332	0.221312	0.0970584	-0.0423189	-0.187093	-0.316507	-0.418798	-0.476836	-0.50063	-0.497324	-0.481845	-0.46173	-0.408002	-0.316636	-0.185292	-0.0278812	0.136571	
0.170706	0.317765	0.453368	0.560592	0.623574	0.63637	0.590937	0.500723	0.374761	0.230276	0.0736916	-0.0932616	-0.248522	-0.386782	-0.48038	-0.513972	-0.505087	-0.460938	-0.407459	-0.342723	-0.256627	-0.144693	0.00429929	0.164581	0.318017	
0.22963	0.415545	0.583004	0.718546	0.797087	0.810055	0.757822	0.642668	0.484734	0.30712	0.109705	-0.0815659	-0.255535	-0.402032	-0.482532	-0.506337	-0.473172	-0.401758	-0.321595	-0.22547	-0.1153	0.0175715	0.161455	0.308063	0.440134	
0.366073	0.588615	0.791739	0.951687	1.04759	1.06412	0.999109	0.862343	0.672893	0.457188	0.226635	0.00659074	-0.190471	-0.345809	-0.428072	-0.444697	-0.395496	-0.303873	-0.201487	-0.0979808	0.0158907	0.150131	0.280593	0.40254	0.500675	
0.578641	0.839359	1.0803	1.26986	1.38281	1.4026	1.32516	1.16388	0.939809	0.684385	0.418868	0.166606	-0.047875	-0.211153	-0.30536	-0.319285	-0.271841	-0.187308	-0.0768738	0.0328304	0.143037	0.258898	0.364452	0.451946	0.508789	
0.870722	1.1766	1.4524	1.67128	1.80076	1.82173	1.73563	1.54897	1.29152	0.994808	0.68717	0.401428	0.157362	-0.0245514	-0.131661	-0.163376	-0.127749	-0.0506943	0.048081	0.154341	0.256578	0.349618	0.423628	0.473431	0.494935	
1.22681	1.58122	1.90081	2.15106	2.30031	2.32542	2.22484	2.01093	1.71542	1.36945	1.01819	0.690118	0.407161	0.198978	0.064893	0.00672537	0.0217196	0.085801	0.170561	0.262499	0.347912	0.416694	0.463509	0.473299	0.459166	
1.62273	2.03092	2.39701	2.68462	2.85448	2.88331	2.76863	2.52331	2.18528	1.78725	1.38212	1.0069	0.685821	0.442266	0.27404	0.186018	0.166289	0.198284	0.267576	0.35143	0.421276	0.46329	0.477395	0.456508	0.412831	
2.03092	2.49008	2.89979	3.22165	3.40912	3.44042	3.31495	3.04165	2.66238	2.2162	1.75711	1.33153	0.964867	0.679157	0.475668	0.348186	0.294761	0.304482	0.350963	0.419291	0.474207	0.49263	0.47829	0.429211	0.360822	
2.39701	2.89979	3.35423	3.70733	3.91323	3.94834	3.80929	3.5103	3.09055	2.60058	2.09578	1.62378	1.21906	0.897069	0.657718	0.495924	0.410289	0.395257	0.42316	0.472419	0.510395	0.509496	0.468309	0.388626	0.296495	
2.68462	3.22165	3.70733	4.07985	4.29925	4.33765	4.18755	3.87261	3.42569	2.90195	2.3605	1.85476	1.42084	1.06863	0.801712	0.61528	0.501635	0.457457	0.474661	0.514296	0.536877	0.51859	0.451907	0.358305	0.247584	
2.85448	3.40912	3.91323	4.29925	4.52565	4.56521	4.41043	4.08498	3.62037	3.07879	2.51812	1.99162	1.53995	1.17179	0.887811	0.683764	0.555843	0.501451	0.509768	0.537113	0.551041	0.523397	0.442956	0.335334	0.212864	
2.88331	3.44042	3.94834	4.33765	4.56521	4.60446	4.44957	4.12164	3.65274	3.1096	2.54514	2.01368	1.56039	1.18898	0.902083	0.696615	0.566752	0.511252	0.515755	0.540184	0.554062	0.524731	0.442022	0.328891	0.203894	
2.76863	3.31495	3.80929	4.18755	4.41043	4.44957	4.29685	3.97721	3.52241	2.98952	2.43794	1.92278	1.4799	1.11903	0.844377	0.649074	0.527854	0.477559	0.490603	0.526117	0.544082	0.520586	0.447375	0.348982	0.232593	
2.52331	3.04165	3.5103	3.87261	4.08498	4.12164	3.97721	3.67072	3.23848	2.73261	2.21237	1.72547	1.30735	0.973419	0.721125	0.548043	0.450395	0.422413	0.447213	0.491434	0.52186	0.514203	0.461388	0.374503	0.274613	
2.18528	2.66238	3.09055	3.42569	3.62037	3.65274	3.52241	3.23848	2.84186	2.37845	1.89984	1.45335	1.07105	0.769217	0.550576	0.409874	0.343742	0.344322	0.381274	0.441283	0.490443	0.500976	0.476008	0.413311	0.334793	
1.78725	2.2162	2.60058	2.90195	3.07879	3.1096	2.98952	2.73261	2.37845	1.95957	1.53257	1.13831	0.799282	0.538872	0.357459	0.252875	0.217873	0.24117	0.301819	0.381163	0.445074	0.476138	0.47885	0.447807	0.394469	
1.38212	1.75711	2.09578	2.3605	2.51812	2.54514	2.43794	2.21237	1.89984	1.53257	1.16189	0.813736	0.51597	0.295538	0.146467	0.0792524	0.0815472	0.132771	0.213233	0.30056	0.379772	0.43814	0.471432	0.467149	0.440244	
1.0069	1.33153	1.62378	1.85476	1.99162	2.01368	1.92278	1.72547	1.45335	1.13831	0.813736	0.512038	0.253079	0.0612841	-0.0552693	-0.0971632	-0.06818	0.0059196	0.098541	0.19867	0.29529	0.379057	0.442443	0.476875	0.483246	
0.685821	0.964867	1.21906	1.42084	1.53995	1.56039	1.4799	1.30735	1.07105	0.799282	0.51597	0.253079	0.027593	-0.142233	-0.238629	-0.259558	-0.216234	-0.134752	-0.0276715	0.0838565	0.191188	0.297677	0.390022	0.462884	0.505657	
0.442266	0.679157	0.897069	1.06863	1.17179	1.18898	1.11903	0.973419	0.769217	0.538872	0.295538	0.0612841	-0.142233	-0.300574	-0.388344	-0.401405	-0.349366	-0.258672	-0.151162	-0.0449783	0.0671275	0.195893	0.318237	0.426449	0.507751	
0.27404	0.475668	0.657718	0.801712	0.887811	0.902083	0.844377	0.721125	0.550576	0.357459	0.146467	-0.0552693	-0.238629	-0.388344	-0.467166	-0.489009	-0.448773	-0.367072	-0.276774	-0.175884	-0.0626277	0.0740551	0.213899	0.35227	0.472535	
0.186018	0.348186	0.495924	0.61528	0.683764	0.696615	0.649074	0.548043	0.409874	0.252875	0.0792524	-0.0971632	-0.259558	-0.401405	-0.489009	-0.517018	-0.496567	-0.441069	-0.3761	-0.295552	-0.197973	-0.0767396	0.071239	0.227112	0.374037	
0.166289	0.294761	0.410289	0.501635	0.555843	0.566752	0.527854	0.450395	0.343742	0.217873	0.0815472	-0.06818	-0.216234	-0.349366	-0.448773	-0.496567	-0.506613	-0.484226	-0.452016	-0.414624	-0.34763	-0.247706	-0.106259	0.0547437	0.215876	
0.198284	0.304482	0.395257	0.457457	0.501451	0.511252	0.477559	0.422413	0.344322	0.24117	0.132771	0.0059196	-0.134752	-0.258672	-0.367072	-0.441069	-0.484226	-0.513749	-0.526202	-0.527797	-0.49582	-0.423443	-0.308446	-0.158476	0.00579232	
0.267576	0.350963	0.42316	0.474661	0.509768	0.515755	0.490603	0.447213	0.381274	0.301819	0.213233	0.098541	-0.0276715	-0.151162	-0.276774	-0.3761	-0.452016	-0.526202	-0.584555	-0.623441	-0.633316	-0.600323	-0.514387	-0.381987	-0.218303	
0.35143	0.419291	0.472419	0.514296	0.537113	0.540184	0.526117	0.491434	0.441283	0.381163	0.30056	0.19867	0.0838565	-0.0449783	-0.175884	-0.295552	-0.414624	-0.527797	-0.623441	-0.703454	-0.750682	-0.747342	-0.686896	-0.578447	-0.428587	
0.421276	0.474207	0.510395	0.536877	0.551041	0.554062	0.544082	0.52186	0.490443	0.445074	0.379772	0.29529	0.191188	0.0671275	-0.0626277	-0.197973	-0.34763	-0.49582	-0.633316	-0.750682	-0.823899	-0.848683	-0.822148	-0.740132	-0.610186	
0.46329	0.49263	0.509496	0.51859	0.523397	0.524731	0.520586	0.514203	0.500976	0.476138	0.43814	0.379057	0.297677	0.195893	0.0740551	-0.0767396	-0.247706	-0.423443	-0.600323	-0.747342	-0.848683	-0.906506	-0.914414	-0.857879	-0.744958	
0.477395	0.47829	0.468309	0.451907	0.442956	0.442022	0.447375	0.461388	0.476008	0.47885	0.471432	0.442443	0.390022	0.318237	0.213899	0.071239	-0.106259	-0.308446	-0.514387	-0.686896	-0.822148	-0.914414	-0.945331	-0.918497	-0.837958	
0.456508	0.429211	0.388626	0.358305	0.335334	0.328891	0.348982	0.374503	0.413311	0.447807	0.467149	0.476875	0.462884	0.426449	0.35227	0.227112	0.0547437	-0.158476	-0.381987	-0.578447	-0.740132	-0.857879	-0.918497	-0.92915	-0.886167	
0.412831	0.360822	0.296495	0.247584	0.212864	0.203894	0.232593	0.274613	0.334793	0.394469	0.440244	0.483246	0.505657	0.507751	0.472535	0.374037	0.215876	0.00579232	-0.218303	-0.428587	-0.610186	-0.744958	-0.837958	-0.886167	-0.880717	
