-0.426469	-0.434043	-0.387544	-0.302347	-0.197129	-0.0972127	-0.0339937	-0.00889411	-0.0226497	-0.0735163	-0.155504	-0.248975	-0.323812	-0.361488	-0.362679	-0.321806	-0.250698	-0.16286	-0.0645105	0.0514054	0.174759	0.306541	0.448912	0.600792	0.75699	
-0.434043	-0.40516	-0.317288	-0.195576	-0.0607412	0.0605355	0.142046	0.183594	0.183962	0.138011	0.0566715	-0.0497756	-0.151143	-0.223609	-0.264685	-0.269065	-0.234323	-0.167758	-0.0735123	0.040511	0.153599	0.272559	0.400233	0.541461	0.691051	
-0.387544	-0.317288	-0.19635	-0.0558798	0.0938791	0.231393	0.331917	0.389726	0.400175	0.359448	0.279241	0.161326	0.0339107	-0.0768089	-0.161424	-0.207623	-0.209552	-0.172212	-0.0988872	-0.000855264	0.0955219	0.193393	0.309113	0.445797	0.594305	
-0.302347	-0.195576	-0.0558798	0.0942991	0.252191	0.398796	0.510408	0.578056	0.600432	0.568328	0.488387	0.362832	0.210187	0.0637362	-0.0566621	-0.138788	-0.175943	-0.17288	-0.136135	-0.0740536	0.00164429	0.0864265	0.191503	0.320348	0.46905	
-0.197129	-0.0607412	0.0938791	0.252191	0.41157	0.553308	0.664436	0.739814	0.771274	0.744479	0.662499	0.534362	0.369839	0.200931	0.0509292	-0.0668674	-0.138025	-0.172281	-0.171	-0.142827	-0.0956223	-0.031977	0.0617998	0.187336	0.334096	
-0.0972127	0.0605355	0.231393	0.398796	0.553308	0.685894	0.800496	0.879924	0.907806	0.875632	0.788665	0.661649	0.498085	0.322353	0.153146	0.00784949	-0.0942469	-0.158798	-0.194595	-0.203236	-0.182828	-0.134784	-0.0471807	0.0703053	0.220887	
-0.0339937	0.142046	0.331917	0.510408	0.664436	0.800496	0.919916	0.994739	1.01446	0.977287	0.885425	0.758465	0.597407	0.418315	0.235386	0.0712068	-0.0525004	-0.147748	-0.218189	-0.259616	-0.261533	-0.219852	-0.130845	-0.00901946	0.145674	
-0.00889411	0.183594	0.389726	0.578056	0.739814	0.879924	0.994739	1.06114	1.0795	1.04312	0.956566	0.832292	0.675245	0.498396	0.310422	0.133786	-0.0130722	-0.132436	-0.228198	-0.290554	-0.310801	-0.273566	-0.179978	-0.0514692	0.11254	
-0.0226497	0.183962	0.400175	0.600432	0.771274	0.907806	1.01446	1.0795	1.10223	1.07342	0.997498	0.879797	0.731527	0.562132	0.377621	0.192695	0.0297044	-0.111078	-0.224494	-0.299542	-0.324544	-0.287028	-0.195759	-0.0625754	0.107143	
-0.0735163	0.138011	0.359448	0.568328	0.744479	0.875632	0.977287	1.04312	1.07342	1.05466	0.994774	0.888015	0.750407	0.592983	0.413916	0.23347	0.0667035	-0.0810346	-0.205302	-0.287034	-0.314418	-0.280121	-0.188657	-0.0538874	0.116009	
-0.155504	0.0566715	0.279241	0.488387	0.662499	0.788665	0.885425	0.956566	0.997498	0.994774	0.949427	0.85247	0.72576	0.581024	0.421434	0.259082	0.102853	-0.0476206	-0.174899	-0.256502	-0.284563	-0.253037	-0.168166	-0.0410015	0.118434	
-0.248975	-0.0497756	0.161326	0.362832	0.534362	0.661649	0.758465	0.832292	0.879797	0.888015	0.85247	0.77686	0.673901	0.551072	0.415726	0.273482	0.125326	-0.0196983	-0.137268	-0.213905	-0.2385	-0.21042	-0.138221	-0.0304673	0.11291	
-0.323812	-0.151143	0.0339107	0.210187	0.369839	0.498085	0.597407	0.675245	0.731527	0.750407	0.72576	0.673901	0.596088	0.499368	0.386376	0.257275	0.119034	-0.00677064	-0.116011	-0.191136	-0.205613	-0.17479	-0.110219	-0.0167197	0.107784	
-0.361488	-0.223609	-0.0768089	0.0637362	0.200931	0.322353	0.418315	0.498396	0.562132	0.592983	0.581024	0.551072	0.499368	0.420243	0.319503	0.200843	0.0793945	-0.029401	-0.123243	-0.184861	-0.192279	-0.157207	-0.0937068	-0.0100701	0.0881758	
-0.362679	-0.264685	-0.161424	-0.0566621	0.0509292	0.153146	0.235386	0.310422	0.377621	0.413916	0.421434	0.415726	0.386376	0.319503	0.222203	0.112063	0.00578015	-0.0840076	-0.156287	-0.197565	-0.19704	-0.158012	-0.09822	-0.0304728	0.0458231	
-0.321806	-0.269065	-0.207623	-0.138788	-0.0668674	0.00784949	0.0712068	0.133786	0.192695	0.23347	0.259082	0.273482	0.257275	0.200843	0.112063	0.00853718	-0.0829632	-0.151622	-0.198974	-0.228143	-0.228771	-0.190182	-0.131791	-0.0764329	-0.0148455	
-0.250698	-0.234323	-0.209552	-0.175943	-0.138025	-0.0942469	-0.0525004	-0.0130722	0.0297044	0.0667035	0.102853	0.125326	0.119034	0.0793945	0.00578015	-0.0829632	-0.157152	-0.20853	-0.246772	-0.273436	-0.274378	-0.238608	-0.186193	-0.133171	-0.0774644	
-0.16286	-0.167758	-0.172212	-0.17288	-0.172281	-0.158798	-0.147748	-0.132436	-0.111078	-0.0810346	-0.0476206	-0.0196983	-0.00677064	-0.029401	-0.0840076	-0.151622	-0.20853	-0.257243	-0.298276	-0.327337	-0.323851	-0.289224	-0.24017	-0.176979	-0.111473	
-0.0645105	-0.0735123	-0.0988872	-0.136135	-0.171	-0.194595	-0.218189	-0.228198	-0.224494	-0.205302	-0.174899	-0.137268	-0.116011	-0.123243	-0.156287	-0.198974	-0.246772	-0.298276	-0.340447	-0.369478	-0.361402	-0.321371	-0.256755	-0.172156	-0.0854568	
0.0514054	0.040511	-0.000855264	-0.0740536	-0.142827	-0.203236	-0.259616	-0.290554	-0.299542	-0.287034	-0.256502	-0.213905	-0.191136	-0.184861	-0.197565	-0.228143	-0.273436	-0.327337	-0.369478	-0.385246	-0.360226	-0.30132	-0.213201	-0.10715	0.00275077	
0.174759	0.153599	0.0955219	0.00164429	-0.0956223	-0.182828	-0.261533	-0.310801	-0.324544	-0.314418	-0.284563	-0.2385	-0.205613	-0.192279	-0.19704	-0.228771	-0.274378	-0.323851	-0.361402	-0.360226	-0.308774	-0.219892	-0.105987	0.0219781	0.158498	
0.306541	0.272559	0.193393	0.0864265	-0.031977	-0.134784	-0.219852	-0.273566	-0.287028	-0.280121	-0.253037	-0.21042	-0.17479	-0.157207	-0.158012	-0.190182	-0.238608	-0.289224	-0.321371	-0.30132	-0.219892	-0.0995784	0.0497938	0.222099	0.390562	
0.448912	0.400233	0.309113	0.191503	0.0617998	-0.0471807	-0.130845	-0.179978	-0.195759	-0.188657	-0.168166	-0.138221	-0.110219	-0.0937068	-0.09822	-0.131791	-0.186193	-0.24017	-0.256755	-0.213201	-0.105987	0.0497938	0.245612	0.464251	0.676007	
0.600792	0.541461	0.445797	0.320348	0.187336	0.0703053	-0.00901946	-0.0514692	-0.0625754	-0.0538874	-0.0410015	-0.0304673	-0.0167197	-0.0100701	-0.0304728	-0.0764329	-0.133171	-0.176979	-0.172156	-0.10715	0.0219781	0.222099	0.464251	0.725982	0.983255	
0.75699	0.691051	0.594305	0.46905	0.334096	0.220887	0.145674	0.11254	0.107143	0.116009	0.118434	0.11291	0.107784	0.0881758	0.0458231	-0.0148455	-0.0774644	-0.111473	-0.0854568	0.00275077	0.158498	0.390562	0.676007	0.983255	1.29144	
0.904419	0.844417	0.742739	0.623731	0.500362	0.391498	0.324632	0.296752	0.290205	0.291978	0.290771	0.275133	0.243811	0.201517	0.139348	0.0627984	-0.0129393	-0.0489533	-0.0145525	0.0943156	0.280445	0.53894	0.866456	1.2229	1.57799	
1.04328	0.987244	0.886117	0.775077	0.667395	0.569117	0.507093	0.4774	0.459478	0.451755	0.443822	0.418348	0.373122	0.315409	0.234818	0.135739	0.0438476	0.00245863	0.0335719	0.150055	0.355918	0.648178	1.02251	1.43402	1.83935	
1.16315	1.10385	1.01027	0.909833	0.816455	0.734694	0.679192	0.638773	0.607148	0.584729	0.565341	0.531014	0.478054	0.400159	0.30635	0.192272	0.0859009	0.0338704	0.055032	0.175442	0.397061	0.723574	1.13432	1.59885	2.05811	
1.24679	1.18338	1.09607	1.00716	0.928031	0.865052	0.81788	0.768567	0.721036	0.685945	0.658183	0.615968	0.552656	0.457584	0.351857	0.233716	0.120862	0.0544483	0.0699517	0.199244	0.435935	0.778965	1.20671	1.70171	2.20092	
1.28722	1.22401	1.13818	1.05791	0.991924	0.942246	0.901257	0.850184	0.792072	0.753109	0.719973	0.668476	0.596084	0.497955	0.374895	0.254433	0.141753	0.0716834	0.0928294	0.22322	0.46346	0.808593	1.24957	1.7483	2.26581	
1.29304	1.23113	1.14399	1.06512	1.00414	0.953174	0.915078	0.86358	0.804207	0.764237	0.731391	0.677458	0.602588	0.505938	0.378585	0.257331	0.145747	0.077413	0.0995991	0.228192	0.466609	0.813828	1.25836	1.7569	2.27484	
1.26807	1.20361	1.11828	1.03307	0.959324	0.903899	0.859416	0.808476	0.756057	0.718746	0.687489	0.641195	0.575216	0.476734	0.362931	0.245371	0.130819	0.061236	0.0787171	0.209745	0.449425	0.793386	1.22657	1.72531	2.23616	
1.20131	1.14099	1.0499	0.953926	0.866935	0.791645	0.739732	0.694676	0.656682	0.628505	0.605995	0.568221	0.510315	0.425045	0.327994	0.21134	0.101364	0.0430692	0.0605931	0.184053	0.412889	0.749358	1.16759	1.64761	2.12498	
1.09431	1.03735	0.938942	0.832208	0.730036	0.638611	0.578225	0.545235	0.521915	0.508907	0.496115	0.466951	0.41864	0.353535	0.266955	0.159143	0.061403	0.0165777	0.0445313	0.162218	0.373833	0.680805	1.07223	1.50659	1.93402	
0.961544	0.903217	0.801011	0.685881	0.567984	0.4628	0.397542	0.370326	0.360493	0.358692	0.355203	0.335999	0.297605	0.248966	0.178488	0.094005	0.0119569	-0.0258864	0.00790697	0.121706	0.316888	0.587537	0.934628	1.31139	1.68572	
0.817455	0.752863	0.653827	0.531141	0.399644	0.28704	0.215508	0.18507	0.180311	0.187058	0.187952	0.17767	0.161408	0.132248	0.0819157	0.0152531	-0.0518532	-0.0852004	-0.0548225	0.043132	0.211436	0.454185	0.755303	1.08138	1.40909	
0.663187	0.600266	0.50447	0.378381	0.243218	0.127081	0.0488632	0.0104026	0.00189578	0.0113699	0.0197956	0.0228802	0.0301843	0.0276509	-0.00172159	-0.0542615	-0.112408	-0.151334	-0.136586	-0.0633628	0.0757603	0.290311	0.550589	0.830061	1.10829	
0.508403	0.455367	0.36154	0.239985	0.109503	-0.00462196	-0.0859976	-0.132806	-0.147228	-0.140706	-0.122378	-0.0991272	-0.0768315	-0.0621922	-0.0717871	-0.10936	-0.164381	-0.215338	-0.2238	-0.172075	-0.056904	0.117991	0.333135	0.568777	0.797042	
0.362535	0.321997	0.237368	0.126036	0.000765493	-0.103407	-0.188979	-0.241286	-0.255823	-0.248461	-0.224709	-0.186573	-0.151835	-0.134392	-0.135819	-0.167392	-0.218755	-0.272153	-0.299308	-0.269019	-0.175783	-0.0432647	0.123384	0.314476	0.500507	
0.225905	0.200199	0.132723	0.0337356	-0.0724564	-0.167973	-0.250649	-0.303842	-0.31812	-0.308936	-0.279194	-0.233114	-0.198231	-0.182069	-0.184974	-0.217758	-0.264285	-0.31171	-0.347387	-0.3404	-0.277788	-0.175251	-0.0480262	0.095211	0.242628	
0.100393	0.0860536	0.0384814	-0.0445241	-0.126398	-0.198455	-0.264802	-0.303754	-0.315644	-0.304293	-0.274448	-0.230746	-0.203871	-0.194055	-0.202501	-0.232868	-0.277653	-0.330681	-0.371587	-0.380334	-0.345295	-0.275143	-0.177504	-0.0643312	0.0564462	
-0.0195791	-0.0290348	-0.0613665	-0.113715	-0.162206	-0.201439	-0.239607	-0.258208	-0.259764	-0.244752	-0.214243	-0.173288	-0.152507	-0.153675	-0.177578	-0.213096	-0.259374	-0.312141	-0.35453	-0.379993	-0.367131	-0.321269	-0.246566	-0.153326	-0.0575247	
-0.125054	-0.13312	-0.147293	-0.162184	-0.175949	-0.1762	-0.179001	-0.173754	-0.1598	-0.133758	-0.102538	-0.0711145	-0.0527588	-0.0688031	-0.114951	-0.173189	-0.225243	-0.275172	-0.316667	-0.346632	-0.341732	-0.30575	-0.253558	-0.182453	-0.108863	
-0.217287	-0.211115	-0.198976	-0.178725	-0.155912	-0.124013	-0.0939493	-0.0639291	-0.0299856	0.00506938	0.041673	0.0655062	0.0671837	0.0338828	-0.0325928	-0.113328	-0.179101	-0.228211	-0.267036	-0.294712	-0.294159	-0.259167	-0.209177	-0.153915	-0.0970189	
-0.296182	-0.259905	-0.213552	-0.158634	-0.10012	-0.0388308	0.0172918	0.0713644	0.124842	0.164589	0.195873	0.215258	0.201733	0.151562	0.0681536	-0.0306311	-0.115899	-0.176138	-0.218069	-0.244737	-0.245918	-0.208534	-0.152467	-0.0990703	-0.0409996	
-0.351122	-0.271453	-0.185338	-0.0942925	-0.00100727	0.090919	0.16588	0.236569	0.302105	0.341075	0.355812	0.35941	0.336679	0.273389	0.179069	0.0710108	-0.0299935	-0.110986	-0.17298	-0.208209	-0.206648	-0.167342	-0.108473	-0.0470582	0.0234401	
-0.366514	-0.243244	-0.114389	0.0115308	0.137954	0.253327	0.34438	0.423362	0.489354	0.522998	0.518309	0.498339	0.456127	0.382343	0.283452	0.169138	0.0540288	-0.0481878	-0.13323	-0.187148	-0.19182	-0.154711	-0.0916161	-0.0139554	0.0735119	
-0.343964	-0.18432	-0.0129951	0.149315	0.30122	0.427994	0.527551	0.606724	0.666041	0.690167	0.670736	0.626244	0.55975	0.471206	0.364167	0.239163	0.107555	-0.0115877	-0.116646	-0.186924	-0.197737	-0.165471	-0.102474	-0.0125017	0.102532	
-0.282654	-0.0930415	0.109564	0.302881	0.471399	0.59981	0.696906	0.772493	0.823017	0.835375	0.803445	0.738207	0.645685	0.533607	0.408086	0.271631	0.126101	-0.0114835	-0.124501	-0.201458	-0.223003	-0.194474	-0.12585	-0.024579	0.111402	
-0.19286	0.0162082	0.235712	0.443974	0.616654	0.742123	0.838689	0.911082	0.955442	0.958398	0.917018	0.826415	0.707553	0.570248	0.420855	0.266988	0.114627	-0.0353785	-0.159569	-0.2399	-0.267049	-0.236361	-0.156935	-0.036969	0.116564	
