0.62327	0.641535	0.654835	0.649929	0.635555	0.633182	0.643827	0.654819	0.648768	0.63097	0.61	0.59031	0.580327	0.582694	0.596921	0.621357	0.651446	0.677998	0.684501	0.665328	0.612316	0.514598	0.38244	0.234895	0.0907751	
0.663802	0.673603	0.684931	0.6872	0.688011	0.6887	0.687102	0.687169	0.678529	0.667278	0.657177	0.641799	0.63844	0.652011	0.677666	0.714016	0.749124	0.7799	0.79084	0.764564	0.700253	0.592579	0.45361	0.31249	0.174184	
0.645079	0.636467	0.640423	0.648832	0.661368	0.664199	0.653256	0.643393	0.636742	0.640505	0.649386	0.649046	0.662498	0.696149	0.740927	0.791313	0.832047	0.862583	0.867571	0.833323	0.766162	0.659204	0.520778	0.384394	0.257096	
0.576614	0.549428	0.54119	0.555962	0.57344	0.576667	0.564152	0.544967	0.543461	0.564588	0.592845	0.619465	0.657757	0.709831	0.774403	0.832136	0.879666	0.912058	0.914651	0.877518	0.805029	0.699125	0.574495	0.444023	0.322313	
0.472509	0.437227	0.419044	0.429413	0.44197	0.443929	0.435625	0.4208	0.426789	0.457712	0.496907	0.544595	0.602679	0.679107	0.763588	0.833944	0.891961	0.924951	0.921177	0.882268	0.803399	0.701828	0.590865	0.468419	0.350239	
0.334341	0.299221	0.283379	0.285867	0.293558	0.294928	0.289203	0.282519	0.290895	0.317521	0.366592	0.430918	0.510114	0.61245	0.714605	0.792079	0.856756	0.890524	0.886974	0.842239	0.759734	0.66048	0.55403	0.442235	0.328475	
0.197672	0.160344	0.139592	0.130253	0.124803	0.12269	0.128213	0.134444	0.150421	0.179987	0.230631	0.304271	0.40046	0.515662	0.629414	0.715885	0.778967	0.812799	0.807668	0.758501	0.676166	0.573727	0.469605	0.364522	0.255896	
0.0854597	0.035265	-0.000731014	-0.0252983	-0.0462081	-0.0523535	-0.033547	-0.0123554	0.0195958	0.0633958	0.122472	0.204931	0.3093	0.420352	0.530675	0.612754	0.666253	0.69766	0.694489	0.640914	0.557495	0.454844	0.345702	0.2366	0.14225	
0.00413283	-0.0616585	-0.116092	-0.158715	-0.190508	-0.197031	-0.173109	-0.134433	-0.0849552	-0.023669	0.0499956	0.137603	0.239208	0.344401	0.439103	0.508653	0.555063	0.573633	0.558249	0.501223	0.407346	0.296545	0.185879	0.0824877	0.0110161	
-0.0386326	-0.117458	-0.184735	-0.238907	-0.270286	-0.274854	-0.255536	-0.207255	-0.146825	-0.0715484	0.0172307	0.108948	0.203023	0.297572	0.372435	0.427133	0.463353	0.467647	0.436217	0.363191	0.254227	0.138195	0.0288923	-0.0629353	-0.107369	
-0.0219391	-0.11085	-0.186888	-0.24595	-0.273853	-0.278001	-0.260475	-0.213092	-0.143018	-0.0585664	0.0352496	0.127941	0.212513	0.288347	0.343389	0.377393	0.394505	0.387638	0.343248	0.260639	0.144329	0.0230253	-0.087894	-0.16206	-0.183056	
0.057106	-0.036483	-0.119237	-0.174471	-0.203401	-0.208803	-0.188675	-0.145188	-0.0717898	0.0195464	0.109727	0.192604	0.264361	0.316979	0.347225	0.358699	0.357401	0.33477	0.282141	0.194536	0.0789244	-0.0403928	-0.139718	-0.194981	-0.194475	
0.169515	0.0890788	0.0116158	-0.0428374	-0.0702131	-0.0749918	-0.0564212	-0.0136189	0.0567641	0.137925	0.212425	0.276909	0.329763	0.364362	0.377948	0.372649	0.349149	0.307563	0.243331	0.15528	0.0471768	-0.0624641	-0.140932	-0.168804	-0.149727	
0.296955	0.241344	0.184076	0.144344	0.122734	0.120083	0.132597	0.166375	0.217365	0.275763	0.327422	0.372695	0.404902	0.426389	0.428957	0.40809	0.364052	0.305678	0.227292	0.142157	0.0504687	-0.0372818	-0.0929257	-0.0950029	-0.0545971	
0.443005	0.415572	0.383505	0.361382	0.343533	0.339703	0.353392	0.373807	0.402012	0.434017	0.454833	0.47187	0.483027	0.484155	0.476367	0.450187	0.394305	0.318739	0.238104	0.161656	0.0879941	0.0293368	0.00192904	0.0146632	0.064302	
0.572203	0.576854	0.576731	0.573425	0.565983	0.563462	0.570156	0.576701	0.577398	0.574327	0.570109	0.560177	0.540369	0.521318	0.501455	0.469241	0.417609	0.340168	0.265566	0.202066	0.147039	0.112057	0.108068	0.131484	0.187669	
0.656221	0.694813	0.732156	0.75902	0.765169	0.763818	0.763972	0.744528	0.71062	0.67073	0.637216	0.603404	0.559386	0.518889	0.490998	0.457186	0.416494	0.356728	0.29877	0.254687	0.218967	0.196359	0.200564	0.232653	0.286026	
0.692209	0.766741	0.841453	0.90056	0.923319	0.923867	0.914279	0.867611	0.79741	0.720725	0.654429	0.597579	0.531394	0.475528	0.445175	0.42209	0.40237	0.372361	0.340975	0.318608	0.294155	0.277288	0.278299	0.302075	0.349222	
0.691936	0.796083	0.900912	0.98533	1.02253	1.02661	1.00633	0.939537	0.838915	0.732219	0.637104	0.559687	0.477573	0.416853	0.386595	0.379508	0.38392	0.390015	0.393239	0.394612	0.37524	0.352036	0.335934	0.340618	0.374254	
0.657367	0.777711	0.897817	0.996184	1.04142	1.04828	1.02005	0.942524	0.826429	0.704813	0.592978	0.500612	0.414892	0.357359	0.334399	0.340475	0.36595	0.401567	0.432172	0.451202	0.443122	0.408146	0.372686	0.359142	0.372897	
0.59897	0.720025	0.836248	0.925151	0.971456	0.978827	0.949296	0.876476	0.768175	0.647066	0.530671	0.429102	0.350016	0.302387	0.295664	0.319892	0.36157	0.413604	0.464042	0.48944	0.482046	0.443272	0.394735	0.360342	0.352831	
0.511565	0.619946	0.719671	0.793294	0.838789	0.846632	0.814403	0.753334	0.661197	0.554428	0.450291	0.356911	0.292704	0.270355	0.282365	0.323005	0.377458	0.438166	0.492159	0.516893	0.498103	0.452687	0.393943	0.345113	0.317879	
0.411575	0.491505	0.563291	0.622202	0.658697	0.665787	0.639438	0.589286	0.520659	0.444797	0.362307	0.291986	0.260019	0.2679	0.303987	0.36342	0.424982	0.484847	0.531089	0.54212	0.506945	0.445145	0.371756	0.31069	0.25803	
0.311005	0.351852	0.384527	0.413525	0.439637	0.444569	0.425454	0.39611	0.366174	0.328072	0.286822	0.257908	0.260881	0.301289	0.366606	0.436356	0.503691	0.556827	0.585833	0.572444	0.510189	0.422399	0.333325	0.252974	0.183005	
0.212931	0.198039	0.180762	0.180583	0.188362	0.189581	0.183649	0.178667	0.190154	0.207384	0.223619	0.255798	0.305288	0.378695	0.458975	0.529267	0.587423	0.624811	0.632068	0.598135	0.507113	0.393651	0.281876	0.179328	0.0958761	
0.128122	0.0502827	-0.0214012	-0.0567051	-0.0771867	-0.0809969	-0.0664466	-0.0398588	0.018558	0.0975337	0.176169	0.272247	0.370384	0.472639	0.567048	0.637073	0.68146	0.696831	0.675002	0.612904	0.498044	0.354396	0.21843	0.099849	0.00368687	
0.0502827	-0.0817913	-0.195965	-0.268868	-0.312274	-0.320165	-0.289181	-0.230381	-0.130771	-0.00408129	0.135838	0.292017	0.437169	0.570639	0.685339	0.759132	0.794314	0.783501	0.72868	0.629937	0.483956	0.309647	0.147866	0.00857847	-0.0882239	
-0.0214012	-0.195965	-0.339368	-0.440504	-0.501377	-0.513458	-0.470045	-0.384594	-0.25762	-0.094856	0.098027	0.305435	0.494122	0.660342	0.795795	0.879483	0.907686	0.871938	0.781396	0.644442	0.463618	0.261899	0.0768677	-0.0740121	-0.167828	
-0.0567051	-0.268868	-0.440504	-0.569062	-0.655145	-0.670714	-0.609767	-0.496004	-0.342968	-0.14506	0.0834799	0.322792	0.54264	0.729326	0.877472	0.977359	0.999326	0.942509	0.820911	0.65261	0.447852	0.229962	0.0256286	-0.128041	-0.225488	
-0.0771867	-0.312274	-0.501377	-0.655145	-0.75291	-0.770856	-0.702879	-0.567304	-0.393033	-0.176749	0.0814242	0.342528	0.575794	0.771442	0.924881	1.02329	1.04064	0.971054	0.834068	0.6496	0.433618	0.209793	0.000331755	-0.15741	-0.253525	
-0.0809969	-0.320165	-0.513458	-0.670714	-0.770856	-0.78939	-0.719823	-0.580142	-0.403177	-0.182114	0.0809637	0.346013	0.582101	0.779574	0.931813	1.03073	1.04655	0.973548	0.833161	0.647971	0.429968	0.207114	-0.00333227	-0.162962	-0.258483	
-0.0664466	-0.289181	-0.470045	-0.609767	-0.702879	-0.719823	-0.654216	-0.530024	-0.3671	-0.159482	0.0819589	0.331694	0.558027	0.748896	0.900806	1.00178	1.0215	0.959265	0.829447	0.652462	0.441389	0.219424	0.0121603	-0.142022	-0.239792	
-0.0398588	-0.230381	-0.384594	-0.496004	-0.567304	-0.580142	-0.530024	-0.433867	-0.296864	-0.119733	0.0888258	0.31214	0.514968	0.691561	0.833277	0.923762	0.949331	0.903764	0.798685	0.649342	0.457501	0.248104	0.053545	-0.0999599	-0.194177	
0.018558	-0.130771	-0.25762	-0.342968	-0.393033	-0.403177	-0.3671	-0.296864	-0.185423	-0.0438588	0.119532	0.297831	0.46067	0.607526	0.731278	0.80828	0.840726	0.819577	0.750811	0.636597	0.475396	0.289003	0.118387	-0.0263713	-0.12192	
0.0975337	-0.00408129	-0.094856	-0.14506	-0.176749	-0.182114	-0.159482	-0.119733	-0.0438588	0.0570234	0.160143	0.28087	0.398486	0.512392	0.613849	0.685746	0.725193	0.729998	0.694966	0.619412	0.494143	0.338078	0.190875	0.0637732	-0.0338676	
0.176169	0.135838	0.098027	0.0834799	0.0814242	0.0809637	0.0819589	0.0888258	0.119532	0.160143	0.202702	0.260881	0.329665	0.414677	0.500971	0.56957	0.622336	0.651338	0.648982	0.604177	0.503823	0.377932	0.257151	0.148345	0.0594628	
0.272247	0.292017	0.305435	0.322792	0.342528	0.346013	0.331694	0.31214	0.297831	0.28087	0.260881	0.253501	0.274181	0.328602	0.400067	0.472467	0.538326	0.585523	0.606084	0.584377	0.509742	0.412391	0.314349	0.224741	0.149319	
0.370384	0.437169	0.494122	0.54264	0.575794	0.582101	0.558027	0.514968	0.46067	0.398486	0.329665	0.274181	0.255772	0.27593	0.325235	0.389129	0.452903	0.511961	0.552893	0.553859	0.509189	0.437025	0.357968	0.290098	0.229688	
0.472639	0.570639	0.660342	0.729326	0.771442	0.779574	0.748896	0.691561	0.607526	0.512392	0.414677	0.328602	0.27593	0.265808	0.286182	0.334433	0.392664	0.453919	0.504761	0.526064	0.50171	0.451703	0.387911	0.333868	0.296282	
0.567048	0.685339	0.795795	0.877472	0.924881	0.931813	0.900806	0.833277	0.731278	0.613849	0.500971	0.400067	0.325235	0.286182	0.2865	0.317026	0.364358	0.42149	0.475909	0.501918	0.489975	0.449295	0.396967	0.356775	0.341486	
0.637073	0.759132	0.879483	0.977359	1.02329	1.03073	1.00178	0.923762	0.80828	0.685746	0.56957	0.472467	0.389129	0.334433	0.317026	0.329932	0.362197	0.405743	0.44476	0.467693	0.462349	0.426077	0.384719	0.360829	0.366323	
0.68146	0.794314	0.907686	0.999326	1.04064	1.04655	1.0215	0.949331	0.840726	0.725193	0.622336	0.538326	0.452903	0.392664	0.364358	0.362197	0.375959	0.395557	0.411349	0.420564	0.405092	0.375999	0.352146	0.350871	0.376102	
0.696831	0.783501	0.871938	0.942509	0.971054	0.973548	0.959265	0.903764	0.819577	0.729998	0.651338	0.585523	0.511961	0.453919	0.42149	0.405743	0.395557	0.379567	0.361648	0.34862	0.326738	0.309715	0.304097	0.320602	0.363579	
0.675002	0.72868	0.781396	0.820911	0.834068	0.833161	0.829447	0.798685	0.750811	0.694966	0.648982	0.606084	0.552893	0.504761	0.475909	0.44476	0.411349	0.361648	0.313931	0.278378	0.247724	0.228699	0.233516	0.264175	0.315796	
0.612904	0.629937	0.644442	0.65261	0.6496	0.647971	0.652462	0.649342	0.636597	0.619412	0.604177	0.584377	0.553859	0.526064	0.501918	0.467693	0.420564	0.34862	0.278378	0.222383	0.175686	0.146239	0.147275	0.174973	0.231352	
0.498044	0.483956	0.463618	0.447852	0.433618	0.429968	0.441389	0.457501	0.475396	0.494143	0.503823	0.509742	0.509189	0.50171	0.489975	0.462349	0.405092	0.326738	0.247724	0.175686	0.110028	0.0611326	0.0445918	0.0619688	0.114198	
0.354396	0.309647	0.261899	0.229962	0.209793	0.207114	0.219424	0.248104	0.289003	0.338078	0.377932	0.412391	0.437025	0.451703	0.449295	0.426077	0.375999	0.309715	0.228699	0.146239	0.0611326	-0.0142242	-0.0583575	-0.0541876	-0.00832546	
0.21843	0.147866	0.0768677	0.0256286	0.000331755	-0.00333227	0.0121603	0.053545	0.118387	0.190875	0.257151	0.314349	0.357968	0.387911	0.396967	0.384719	0.352146	0.304097	0.233516	0.147275	0.0445918	-0.0583575	-0.129406	-0.144489	-0.116635	
0.099849	0.00857847	-0.0740121	-0.128041	-0.15741	-0.162962	-0.142022	-0.0999599	-0.0263713	0.0637732	0.148345	0.224741	0.290098	0.333868	0.356775	0.360829	0.350871	0.320602	0.264175	0.174973	0.0619688	-0.0541876	-0.144489	-0.191001	-0.182889	
0.00368687	-0.0882239	-0.167828	-0.225488	-0.253525	-0.258483	-0.239792	-0.194177	-0.12192	-0.0338676	0.0594628	0.149319	0.229688	0.296282	0.341486	0.366323	0.376102	0.363579	0.315796	0.231352	0.114198	-0.00832546	-0.116635	-0.182889	-0.195302	
