-0.0587747	0.136222	0.321509	0.470461	0.55817	0.572447	0.513842	0.386705	0.213032	0.0183279	-0.166506	-0.309058	-0.375941	-0.366937	-0.300485	-0.189288	-0.051064	0.104349	0.246889	0.351759	0.417778	0.42971	0.38929	0.314126	0.235821	
-0.0913188	0.100601	0.275542	0.411023	0.485618	0.497483	0.448515	0.335746	0.173657	-0.0140778	-0.20262	-0.351142	-0.421188	-0.41081	-0.335431	-0.22013	-0.0797248	0.076669	0.227261	0.343456	0.415331	0.436762	0.404749	0.322733	0.232313	
-0.114868	0.062795	0.226603	0.350289	0.414876	0.425311	0.383443	0.282601	0.130906	-0.0430703	-0.218208	-0.35386	-0.421059	-0.413068	-0.339393	-0.21647	-0.0656294	0.0924173	0.236402	0.346733	0.412624	0.435487	0.39662	0.306518	0.20349	
-0.110514	0.0457794	0.197293	0.30692	0.364474	0.373588	0.33604	0.247464	0.108718	-0.0479183	-0.2011	-0.32105	-0.381002	-0.378383	-0.30706	-0.186859	-0.0352672	0.123166	0.260331	0.358591	0.408973	0.41858	0.371261	0.276038	0.163318	
-0.0633629	0.0715106	0.197916	0.287006	0.337352	0.34508	0.312351	0.238186	0.125161	-0.00976613	-0.14246	-0.253075	-0.31142	-0.311594	-0.246211	-0.139441	0.00026576	0.145485	0.271772	0.355166	0.390507	0.381636	0.32272	0.222407	0.108278	
0.0222408	0.137173	0.236033	0.304952	0.343935	0.349525	0.325006	0.266771	0.18049	0.0680092	-0.0445802	-0.144785	-0.210007	-0.216574	-0.164705	-0.0733677	0.0439971	0.159297	0.25727	0.319815	0.341311	0.312781	0.245685	0.14787	0.0407007	
0.145296	0.241482	0.31948	0.370816	0.402781	0.408657	0.385976	0.342457	0.276335	0.184329	0.0850254	-0.0134336	-0.0851657	-0.0984058	-0.0637513	0.000913462	0.0825945	0.158133	0.219275	0.254916	0.258548	0.223008	0.160571	0.0785447	-0.0164634	
0.279775	0.374987	0.446683	0.489926	0.519541	0.526666	0.502933	0.466925	0.407395	0.319966	0.215704	0.108011	0.0313781	0.0107496	0.0265315	0.0583975	0.0956892	0.126418	0.144024	0.154573	0.145544	0.114636	0.0747937	0.0182137	-0.0575288	
0.405207	0.514652	0.595718	0.639983	0.664547	0.669439	0.651438	0.61703	0.551845	0.450989	0.332409	0.21184	0.12328	0.0839532	0.0742068	0.0712935	0.0637529	0.047797	0.0255197	0.0151714	0.000285508	-0.0177868	-0.0248327	-0.0421902	-0.0788575	
0.506717	0.635518	0.728514	0.780233	0.804532	0.807457	0.793329	0.752183	0.679332	0.559958	0.422799	0.28496	0.17437	0.10633	0.0626903	0.0261844	-0.0138929	-0.0695897	-0.122795	-0.15674	-0.170442	-0.166158	-0.139281	-0.115614	-0.102937	
0.576948	0.722308	0.824644	0.880857	0.903454	0.906044	0.893722	0.850585	0.770462	0.637745	0.482462	0.327392	0.191166	0.0873235	0.00286708	-0.0664895	-0.138151	-0.222416	-0.300553	-0.349714	-0.356176	-0.319583	-0.258014	-0.197319	-0.149945	
0.604549	0.763704	0.879528	0.936277	0.951852	0.953383	0.945954	0.908818	0.817433	0.6712	0.502429	0.332871	0.173163	0.030033	-0.0940042	-0.199885	-0.306362	-0.414129	-0.506224	-0.553017	-0.545367	-0.48742	-0.393756	-0.294486	-0.205742	
0.590918	0.757258	0.878575	0.938212	0.956592	0.958576	0.949155	0.909477	0.812832	0.660328	0.482583	0.29542	0.108834	-0.0685667	-0.227075	-0.365407	-0.500156	-0.627429	-0.726846	-0.768614	-0.740234	-0.658093	-0.538015	-0.406231	-0.279259	
0.548975	0.711259	0.823103	0.884112	0.908182	0.911498	0.897394	0.852909	0.763062	0.617986	0.436175	0.232103	0.0181178	-0.184837	-0.366817	-0.529326	-0.685063	-0.832643	-0.939289	-0.97335	-0.927355	-0.81979	-0.675743	-0.516868	-0.356859	
0.486995	0.637496	0.740808	0.790278	0.808984	0.810934	0.799958	0.766526	0.685105	0.552803	0.37335	0.158617	-0.0635767	-0.278362	-0.471824	-0.652493	-0.824543	-0.982316	-1.09028	-1.12304	-1.07763	-0.955912	-0.785719	-0.602018	-0.418573	
0.418534	0.550431	0.630944	0.667594	0.678209	0.67944	0.673888	0.650283	0.588045	0.478923	0.310258	0.0988388	-0.121604	-0.330202	-0.521555	-0.70724	-0.885894	-1.0504	-1.15792	-1.18927	-1.15285	-1.03228	-0.847715	-0.638822	-0.43587	
0.35134	0.454811	0.505537	0.526284	0.535481	0.537312	0.531108	0.516132	0.47991	0.401422	0.255999	0.0603073	-0.142948	-0.332633	-0.51076	-0.689166	-0.867678	-1.0308	-1.14223	-1.1825	-1.1498	-1.03198	-0.840425	-0.618587	-0.404922	
0.290034	0.367501	0.395811	0.396559	0.390571	0.390085	0.393324	0.398262	0.384255	0.327874	0.216384	0.0608195	-0.110571	-0.27432	-0.437782	-0.609875	-0.786612	-0.945066	-1.05584	-1.10543	-1.07188	-0.951319	-0.760647	-0.539836	-0.332185	
0.25298	0.301167	0.311155	0.291397	0.269702	0.265107	0.280683	0.305642	0.310049	0.276419	0.204322	0.0967625	-0.0329192	-0.170438	-0.315411	-0.482367	-0.655516	-0.804661	-0.909939	-0.957012	-0.926893	-0.812126	-0.633416	-0.42933	-0.238994	
0.241237	0.252403	0.23617	0.198696	0.168054	0.162418	0.183895	0.223014	0.248693	0.2497	0.21829	0.15426	0.0641747	-0.0458062	-0.175536	-0.330861	-0.49184	-0.634492	-0.736451	-0.779761	-0.754973	-0.651374	-0.49129	-0.311063	-0.147288	
0.233838	0.212695	0.176085	0.121964	0.0747317	0.0650751	0.100694	0.155517	0.200113	0.227377	0.236403	0.214305	0.158627	0.0739702	-0.0388003	-0.176325	-0.321572	-0.459363	-0.558816	-0.597647	-0.574045	-0.485065	-0.345528	-0.193521	-0.0666893	
0.212743	0.166767	0.112363	0.0440988	-0.015501	-0.027978	0.0172011	0.086015	0.147797	0.194007	0.236735	0.253348	0.226741	0.1676	0.0771456	-0.0424652	-0.17418	-0.298576	-0.386199	-0.414111	-0.383122	-0.304725	-0.186231	-0.0630739	0.0277726	
0.179137	0.102316	0.0204917	-0.0634647	-0.119473	-0.12895	-0.0908486	-0.0142503	0.0709178	0.148167	0.219975	0.26322	0.263671	0.228882	0.163691	0.0669599	-0.0457169	-0.145087	-0.209461	-0.219002	-0.176882	-0.103475	-0.00343837	0.088876	0.13801	
0.124532	0.0128252	-0.101632	-0.201587	-0.262756	-0.273387	-0.231162	-0.145661	-0.0328442	0.0810865	0.180876	0.245054	0.268848	0.258694	0.22042	0.151882	0.0751119	0.0099123	-0.0227621	-0.00777977	0.0436391	0.114766	0.19313	0.252284	0.273693	
0.0351296	-0.10693	-0.245791	-0.364252	-0.439843	-0.454126	-0.400822	-0.296789	-0.163809	-0.0195539	0.106653	0.189579	0.233359	0.24784	0.240994	0.211817	0.175742	0.156761	0.169051	0.209131	0.264115	0.329104	0.390677	0.428058	0.430365	
-0.0938124	-0.252821	-0.415335	-0.547615	-0.623563	-0.636395	-0.585609	-0.47359	-0.318569	-0.155587	-0.0118628	0.0936207	0.160131	0.201216	0.227104	0.238782	0.246839	0.27143	0.325257	0.391656	0.459403	0.525826	0.577316	0.603152	0.59356	
-0.252821	-0.420723	-0.591736	-0.728199	-0.795658	-0.80569	-0.763701	-0.653271	-0.489944	-0.3183	-0.161958	-0.031821	0.0697191	0.143509	0.196581	0.235698	0.279331	0.339107	0.41803	0.511748	0.604695	0.683891	0.743074	0.766743	0.744679	
-0.415335	-0.591736	-0.75152	-0.879138	-0.953912	-0.965294	-0.916768	-0.807612	-0.658542	-0.486145	-0.31158	-0.15585	-0.0256665	0.0796744	0.152741	0.210638	0.279662	0.360205	0.458113	0.580882	0.70013	0.793674	0.860675	0.886757	0.852051	
-0.547615	-0.728199	-0.879138	-1.0021	-1.08345	-1.09803	-1.04119	-0.932123	-0.79245	-0.622193	-0.436268	-0.263664	-0.114957	0.00487567	0.0929522	0.166632	0.252658	0.35209	0.47137	0.612268	0.744419	0.849924	0.922587	0.944361	0.908102	
-0.623563	-0.795658	-0.953912	-1.08345	-1.16069	-1.17333	-1.12178	-1.01016	-0.861531	-0.693616	-0.514201	-0.330696	-0.172048	-0.0537485	0.03887	0.129763	0.227429	0.338868	0.476067	0.622523	0.758242	0.874372	0.943737	0.959629	0.928377	
-0.636395	-0.80569	-0.965294	-1.09803	-1.17333	-1.18453	-1.13619	-1.02297	-0.871816	-0.705325	-0.528206	-0.342949	-0.18155	-0.0653497	0.0275849	0.123471	0.222379	0.336456	0.477344	0.624008	0.759697	0.877407	0.946633	0.96084	0.930514	
-0.585609	-0.763701	-0.916768	-1.04119	-1.12178	-1.13619	-1.07992	-0.97049	-0.828025	-0.659092	-0.474367	-0.296111	-0.142668	-0.0226621	0.0685864	0.149162	0.240523	0.345644	0.473525	0.617907	0.752219	0.862638	0.93468	0.953716	0.919931	
-0.47359	-0.653271	-0.807612	-0.932123	-1.01016	-1.02297	-0.97049	-0.861583	-0.718911	-0.54662	-0.365565	-0.202831	-0.0640397	0.0499903	0.130181	0.194635	0.271025	0.359307	0.465645	0.597151	0.723346	0.821617	0.891553	0.917142	0.879292	
-0.318569	-0.489944	-0.658542	-0.79245	-0.861531	-0.871816	-0.828025	-0.718911	-0.558536	-0.386147	-0.222767	-0.0819694	0.032362	0.120296	0.181505	0.227556	0.283796	0.352873	0.439201	0.544207	0.648803	0.734912	0.797392	0.821684	0.794905	
-0.155587	-0.3183	-0.486145	-0.622193	-0.693616	-0.705325	-0.659092	-0.54662	-0.386147	-0.218629	-0.0700061	0.0452096	0.124586	0.177631	0.215808	0.240842	0.264142	0.304257	0.370431	0.448092	0.524102	0.593543	0.646929	0.671476	0.656861	
-0.0118628	-0.161958	-0.31158	-0.436268	-0.514201	-0.528206	-0.474367	-0.365565	-0.222767	-0.0700061	0.0645241	0.156264	0.207551	0.232186	0.238672	0.226672	0.208589	0.20731	0.237457	0.288165	0.346904	0.411518	0.467444	0.498375	0.49565	
0.0936207	-0.031821	-0.15585	-0.263664	-0.330696	-0.342949	-0.296111	-0.202831	-0.0819694	0.0452096	0.156264	0.227134	0.260441	0.260243	0.233689	0.179424	0.118037	0.0715996	0.0555593	0.0799558	0.132965	0.201305	0.273296	0.32212	0.334821	
0.160131	0.0697191	-0.0256665	-0.114957	-0.172048	-0.18155	-0.142668	-0.0640397	0.032362	0.124586	0.207551	0.260441	0.269726	0.244911	0.189933	0.103802	0.0048424	-0.0835386	-0.136322	-0.136345	-0.0896397	-0.0165041	0.0731528	0.15256	0.189198	
0.201216	0.143509	0.0796744	0.00487567	-0.0537485	-0.0653497	-0.0226621	0.0499903	0.120296	0.177631	0.232186	0.260243	0.244911	0.195526	0.115363	0.00425091	-0.121914	-0.237036	-0.316481	-0.338204	-0.303439	-0.227363	-0.115199	-0.00426661	0.0695828	
0.227104	0.196581	0.152741	0.0929522	0.03887	0.0275849	0.0685864	0.130181	0.181505	0.215808	0.238672	0.233689	0.189933	0.115363	0.0107605	-0.119482	-0.259593	-0.393166	-0.489599	-0.524195	-0.498536	-0.415164	-0.284623	-0.14364	-0.0312898	
0.238782	0.235698	0.210638	0.166632	0.129763	0.123471	0.149162	0.194635	0.227556	0.240842	0.226672	0.179424	0.103802	0.00425091	-0.119482	-0.268149	-0.422951	-0.563049	-0.664971	-0.707306	-0.684117	-0.585749	-0.433075	-0.264141	-0.115089	
0.246839	0.279331	0.279662	0.252658	0.227429	0.222379	0.240523	0.271025	0.283796	0.264142	0.208589	0.118037	0.0048424	-0.121914	-0.259593	-0.422951	-0.59255	-0.738807	-0.842401	-0.887336	-0.859074	-0.748654	-0.577301	-0.382365	-0.200998	
0.27143	0.339107	0.360205	0.35209	0.338868	0.336456	0.345644	0.359307	0.352873	0.304257	0.20731	0.0715996	-0.0835386	-0.237036	-0.393166	-0.563049	-0.738807	-0.895017	-1.00276	-1.05232	-1.02045	-0.900864	-0.713819	-0.497429	-0.295627	
0.325257	0.41803	0.458113	0.47137	0.476067	0.477344	0.473525	0.465645	0.439201	0.370431	0.237457	0.0555593	-0.136322	-0.316481	-0.489599	-0.664971	-0.842401	-1.00276	-1.11551	-1.16124	-1.12829	-1.00848	-0.81607	-0.593134	-0.380164	
0.391656	0.511748	0.580882	0.612268	0.622523	0.624008	0.617907	0.597151	0.544207	0.448092	0.288165	0.0799558	-0.136345	-0.338204	-0.524195	-0.707306	-0.887336	-1.05232	-1.16124	-1.19443	-1.15985	-1.04204	-0.854435	-0.638163	-0.429076	
0.459403	0.604695	0.70013	0.744419	0.758242	0.759697	0.752219	0.723346	0.648803	0.524102	0.346904	0.132965	-0.0896397	-0.303439	-0.498536	-0.684117	-0.859074	-1.02045	-1.12829	-1.15985	-1.11809	-0.99441	-0.817323	-0.622876	-0.43088	
0.525826	0.683891	0.793674	0.849924	0.874372	0.877407	0.862638	0.821617	0.734912	0.593543	0.411518	0.201305	-0.0165041	-0.227363	-0.415164	-0.585749	-0.748654	-0.900864	-1.00848	-1.04204	-0.99441	-0.880084	-0.723871	-0.555924	-0.385614	
0.577316	0.743074	0.860675	0.922587	0.943737	0.946633	0.93468	0.891553	0.797392	0.646929	0.467444	0.273296	0.0731528	-0.115199	-0.284623	-0.433075	-0.577301	-0.713819	-0.81607	-0.854435	-0.817323	-0.723871	-0.594884	-0.451431	-0.310635	
0.603152	0.766743	0.886757	0.944361	0.959629	0.96084	0.953716	0.917142	0.821684	0.671476	0.498375	0.32212	0.15256	-0.00426661	-0.14364	-0.264141	-0.382365	-0.497429	-0.593134	-0.638163	-0.622876	-0.555924	-0.451431	-0.338428	-0.233598	
0.59356	0.744679	0.852051	0.908102	0.928377	0.930514	0.919931	0.879292	0.794905	0.656861	0.49565	0.334821	0.189198	0.0695828	-0.0312898	-0.115089	-0.200998	-0.295627	-0.380164	-0.429076	-0.43088	-0.385614	-0.310635	-0.233598	-0.170579	
