0.719928	0.83504	0.933583	1.00008	1.038	1.04401	1.01913	0.963446	0.878263	0.766408	0.646206	0.522739	0.409895	0.309328	0.216284	0.13508	0.068376	0.0251715	-0.0127779	-0.0573425	-0.110203	-0.163454	-0.225342	-0.289361	-0.355666	
0.838585	0.945474	1.03335	1.09395	1.13105	1.13749	1.11218	1.06035	0.984193	0.88276	0.767437	0.636098	0.505203	0.37719	0.257179	0.152316	0.0650012	0.00131536	-0.053713	-0.112465	-0.175561	-0.233876	-0.289137	-0.352058	-0.420982	
0.942084	1.04369	1.12523	1.1818	1.21814	1.22565	1.19872	1.15047	1.07901	0.986166	0.866636	0.725793	0.575947	0.427614	0.289876	0.174506	0.0815311	0.00595207	-0.0662683	-0.144129	-0.213811	-0.278385	-0.329912	-0.393914	-0.463311	
1.01503	1.11102	1.18172	1.22904	1.25756	1.26332	1.24238	1.20303	1.14218	1.0579	0.937937	0.786337	0.624289	0.459909	0.307911	0.192801	0.104191	0.0318291	-0.0467429	-0.132239	-0.209043	-0.269972	-0.323123	-0.386076	-0.453573	
1.02364	1.11312	1.17478	1.21026	1.23184	1.23615	1.21996	1.19201	1.14095	1.06349	0.951714	0.805147	0.643573	0.477225	0.32554	0.216261	0.141435	0.0816164	0.01021	-0.074707	-0.149671	-0.203146	-0.246981	-0.297888	-0.35998	
0.963591	1.04766	1.10887	1.14768	1.16818	1.17153	1.15799	1.12663	1.07496	1.00043	0.8995	0.773809	0.633983	0.485258	0.352111	0.259793	0.19911	0.150388	0.0919634	0.0200478	-0.0453163	-0.0835432	-0.108592	-0.147533	-0.208564	
0.86554	0.949888	1.01566	1.06052	1.08598	1.09089	1.07307	1.03592	0.978953	0.900801	0.810433	0.709415	0.59806	0.481621	0.381659	0.312948	0.271172	0.236765	0.195098	0.145822	0.0978949	0.0761694	0.0613821	0.0292773	-0.0344701	
0.747613	0.830881	0.900941	0.952565	0.980778	0.984069	0.967461	0.923434	0.861354	0.781546	0.698883	0.622726	0.549547	0.477221	0.413189	0.370321	0.346908	0.331282	0.312308	0.294583	0.278994	0.274066	0.262913	0.2277	0.158366	
0.619929	0.699142	0.768793	0.821232	0.846891	0.850431	0.835093	0.791975	0.729165	0.651128	0.578166	0.52829	0.494538	0.467678	0.441185	0.417216	0.41552	0.425118	0.43275	0.447805	0.470761	0.486306	0.478573	0.436376	0.361055	
0.507395	0.574847	0.637422	0.682111	0.703025	0.705796	0.693102	0.65841	0.600895	0.533594	0.473	0.441449	0.431075	0.434932	0.434699	0.434002	0.455968	0.498223	0.540664	0.587647	0.644352	0.681251	0.675171	0.624596	0.543691	
0.408263	0.463273	0.519768	0.559771	0.580666	0.584238	0.569865	0.538696	0.486036	0.429378	0.3798	0.35473	0.349592	0.363091	0.380321	0.405963	0.454574	0.526283	0.608514	0.697903	0.786597	0.843373	0.84611	0.791383	0.694178	
0.310689	0.370221	0.427751	0.472025	0.498118	0.50222	0.484783	0.447399	0.393956	0.333619	0.280384	0.243948	0.231669	0.237763	0.266652	0.319707	0.394482	0.496178	0.621656	0.76099	0.890123	0.96782	0.978717	0.925738	0.812493	
0.205095	0.286235	0.361556	0.417413	0.453383	0.460674	0.433993	0.38704	0.318049	0.237271	0.160857	0.100236	0.0683503	0.0629689	0.0909961	0.160259	0.267142	0.405234	0.576765	0.76472	0.93049	1.03014	1.05347	1.00497	0.889724	
0.0906507	0.204912	0.304626	0.380248	0.426832	0.435539	0.402186	0.338561	0.24723	0.136245	0.0240184	-0.075808	-0.136104	-0.161838	-0.141468	-0.0653258	0.0692764	0.248724	0.463173	0.681617	0.87512	1.00482	1.05187	1.01682	0.908177	
-0.0361068	0.107913	0.231168	0.328783	0.387549	0.397986	0.357859	0.27362	0.160372	0.022486	-0.127185	-0.270728	-0.372948	-0.427937	-0.416889	-0.333263	-0.176885	0.0408885	0.288374	0.528185	0.738511	0.894538	0.973526	0.959218	0.865952	
-0.168437	0.00722559	0.154002	0.268908	0.341167	0.354581	0.303672	0.204491	0.0694994	-0.0958366	-0.28124	-0.470193	-0.624815	-0.714664	-0.716753	-0.628784	-0.453747	-0.216257	0.0514396	0.312181	0.541094	0.712962	0.818096	0.834367	0.772438	
-0.295547	-0.089294	0.0826237	0.213043	0.290759	0.305363	0.250688	0.140488	-0.0161341	-0.208939	-0.43375	-0.660865	-0.855923	-0.982788	-1.0076	-0.923284	-0.745305	-0.50198	-0.225039	0.0525971	0.301992	0.493428	0.620685	0.675023	0.663112	
-0.399622	-0.160635	0.0332808	0.171626	0.248507	0.261405	0.20979	0.0958373	-0.0767261	-0.299412	-0.55723	-0.815059	-1.03951	-1.19695	-1.25297	-1.19244	-1.0272	-0.78345	-0.506686	-0.221559	0.0451286	0.261295	0.421934	0.522615	0.559482	
-0.451415	-0.190887	0.02331	0.169188	0.248946	0.262185	0.208803	0.0904722	-0.0980354	-0.343024	-0.620901	-0.900361	-1.14867	-1.32896	-1.42021	-1.40205	-1.26955	-1.04304	-0.769829	-0.479659	-0.199661	0.0479766	0.25245	0.395088	0.468671	
-0.431619	-0.164747	0.0567918	0.212846	0.296925	0.311429	0.254782	0.128186	-0.0700122	-0.320418	-0.607163	-0.902346	-1.16877	-1.37256	-1.49224	-1.51435	-1.42701	-1.23645	-0.97533	-0.68612	-0.392934	-0.118192	0.119272	0.297591	0.399903	
-0.350939	-0.083364	0.13967	0.30095	0.392277	0.407603	0.3464	0.212039	0.0122935	-0.240337	-0.523449	-0.821049	-1.09551	-1.31623	-1.46142	-1.51845	-1.47432	-1.32647	-1.09524	-0.812279	-0.510636	-0.222883	0.0267348	0.224858	0.354966	
-0.210869	0.0533693	0.277011	0.437438	0.52825	0.543283	0.482429	0.349191	0.149218	-0.101714	-0.379487	-0.665128	-0.935786	-1.16707	-1.33856	-1.42464	-1.41025	-1.30174	-1.10496	-0.842723	-0.549572	-0.265881	-0.0160339	0.182042	0.3271	
-0.0185375	0.242285	0.462965	0.621909	0.70708	0.721196	0.664438	0.535241	0.337171	0.0882693	-0.180538	-0.452292	-0.712142	-0.951021	-1.13781	-1.24455	-1.25312	-1.17083	-1.00218	-0.773225	-0.508161	-0.246227	-0.0173603	0.170467	0.310458	
0.214772	0.46658	0.684896	0.845042	0.932317	0.946635	0.888634	0.756961	0.559616	0.317876	0.0568881	-0.204845	-0.460462	-0.694879	-0.880562	-0.993307	-1.01948	-0.9578	-0.817452	-0.623688	-0.406149	-0.188434	0.0122447	0.180191	0.309704	
0.4638	0.704088	0.913225	1.07486	1.17026	1.18543	1.12217	0.984423	0.792209	0.56255	0.311695	0.0540903	-0.196415	-0.417594	-0.590586	-0.700862	-0.741055	-0.700571	-0.587124	-0.427342	-0.255695	-0.0855107	0.0753523	0.214175	0.327768	
0.710742	0.934885	1.12767	1.28118	1.37441	1.39154	1.32658	1.19485	1.01567	0.804375	0.563684	0.313827	0.0712136	-0.140393	-0.300971	-0.406488	-0.452162	-0.428016	-0.34178	-0.219947	-0.0892055	0.0412862	0.160711	0.270162	0.369924	
0.934885	1.14328	1.31635	1.45062	1.53046	1.5434	1.49039	1.37535	1.21679	1.02217	0.797889	0.561249	0.328728	0.123255	-0.0355798	-0.138706	-0.187773	-0.178452	-0.12191	-0.0323129	0.0671621	0.167637	0.25485	0.335622	0.424629	
1.12767	1.31635	1.46742	1.57519	1.6351	1.64447	1.60553	1.51575	1.38178	1.2075	1.00054	0.777297	0.549087	0.346081	0.187792	0.0837779	0.0310402	0.0247088	0.0586071	0.124401	0.19992	0.277249	0.340385	0.39803	0.479481	
1.28118	1.45062	1.57519	1.66286	1.70857	1.71578	1.68618	1.61489	1.50538	1.3546	1.16059	0.937997	0.708615	0.505452	0.349707	0.242441	0.181899	0.165	0.193573	0.245499	0.304601	0.362083	0.402826	0.446071	0.520165	
1.37441	1.53046	1.6351	1.70857	1.7511	1.75831	1.72987	1.66725	1.57745	1.44329	1.25683	1.02848	0.792844	0.593714	0.442135	0.329609	0.262757	0.242383	0.270992	0.32165	0.369306	0.412564	0.443121	0.475875	0.542963	
1.39154	1.5434	1.64447	1.71578	1.75831	1.76491	1.73752	1.67536	1.58825	1.45956	1.27313	1.04365	0.806733	0.609016	0.457193	0.345366	0.276286	0.254831	0.28514	0.335921	0.381142	0.421437	0.451271	0.480747	0.54702	
1.32658	1.49039	1.60553	1.68618	1.72987	1.73752	1.70846	1.64164	1.54138	1.39775	1.20836	0.983259	0.750818	0.548799	0.395863	0.286022	0.22231	0.20337	0.231469	0.281887	0.336234	0.386865	0.420836	0.460423	0.531159	
1.19485	1.37535	1.51575	1.61489	1.66725	1.67536	1.64164	1.56043	1.43656	1.27184	1.07078	0.849154	0.621448	0.418081	0.260194	0.155337	0.100383	0.0888868	0.118651	0.177846	0.245517	0.314529	0.368942	0.41956	0.498011	
1.01567	1.21679	1.38178	1.50538	1.57745	1.58825	1.54138	1.43656	1.28788	1.1002	0.882821	0.652697	0.423346	0.219425	0.05986	-0.0434681	-0.093766	-0.0901922	-0.0442859	0.0337933	0.123358	0.214486	0.291094	0.361509	0.447129	
0.804375	1.02217	1.2075	1.3546	1.44329	1.45956	1.39775	1.27184	1.1002	0.89586	0.66041	0.415373	0.176725	-0.0321237	-0.191245	-0.29547	-0.342247	-0.323475	-0.249397	-0.141674	-0.0251436	0.0920187	0.197604	0.295894	0.390693	
0.563684	0.797889	1.00054	1.16059	1.25683	1.27313	1.20836	1.07078	0.882821	0.66041	0.413878	0.158309	-0.0894092	-0.305929	-0.472872	-0.580951	-0.624744	-0.591858	-0.488528	-0.343219	-0.188471	-0.0354895	0.108451	0.234538	0.342297	
0.313827	0.561249	0.777297	0.937997	1.02848	1.04365	0.983259	0.849154	0.652697	0.415373	0.158309	-0.101477	-0.356156	-0.585901	-0.767242	-0.879163	-0.911582	-0.858542	-0.729029	-0.548882	-0.350538	-0.152548	0.0332695	0.190385	0.314281	
0.0712136	0.328728	0.549087	0.708615	0.792844	0.806733	0.750818	0.621448	0.423346	0.176725	-0.0894092	-0.356156	-0.612831	-0.851785	-1.04098	-1.15108	-1.16753	-1.09359	-0.936007	-0.721967	-0.473855	-0.227273	-0.0090201	0.171745	0.307519	
-0.140393	0.123255	0.346081	0.505452	0.593714	0.609016	0.548799	0.418081	0.219425	-0.0321237	-0.305929	-0.585901	-0.851785	-1.08681	-1.26631	-1.36277	-1.35723	-1.26088	-1.07642	-0.826533	-0.542082	-0.264345	-0.0208798	0.174165	0.319074	
-0.300971	-0.0355798	0.187792	0.349707	0.442135	0.457193	0.395863	0.260194	0.05986	-0.191245	-0.472872	-0.767242	-1.04098	-1.26631	-1.42311	-1.49123	-1.46148	-1.33109	-1.11283	-0.836412	-0.535491	-0.247405	0.00393992	0.203852	0.342497	
-0.406488	-0.138706	0.0837779	0.242441	0.329609	0.345366	0.286022	0.155337	-0.0434681	-0.29547	-0.580951	-0.879163	-1.15108	-1.36277	-1.49123	-1.52836	-1.45972	-1.2859	-1.03567	-0.7478	-0.449759	-0.167892	0.0760123	0.265747	0.378805	
-0.452162	-0.187773	0.0310402	0.181899	0.262757	0.276286	0.22231	0.100383	-0.093766	-0.342247	-0.624744	-0.911582	-1.16753	-1.35723	-1.46148	-1.45972	-1.34439	-1.13117	-0.860851	-0.56967	-0.284916	-0.0247155	0.195517	0.352251	0.437888	
-0.428016	-0.178452	0.0247088	0.165	0.242383	0.254831	0.20337	0.0888868	-0.0901922	-0.323475	-0.591858	-0.858542	-1.09359	-1.26088	-1.33109	-1.2859	-1.13117	-0.891408	-0.615901	-0.329641	-0.0563632	0.171769	0.349616	0.46755	0.521633	
-0.34178	-0.12191	0.0586071	0.193573	0.270992	0.28514	0.231469	0.118651	-0.0442859	-0.249397	-0.488528	-0.729029	-0.936007	-1.07642	-1.11283	-1.03567	-0.860851	-0.615901	-0.339301	-0.0561171	0.20053	0.400978	0.539066	0.611868	0.620193	
-0.219947	-0.0323129	0.124401	0.245499	0.32165	0.335921	0.281887	0.177846	0.0337933	-0.141674	-0.343219	-0.548882	-0.721967	-0.826533	-0.836412	-0.7478	-0.56967	-0.329641	-0.0561171	0.211489	0.448813	0.627732	0.74188	0.771547	0.729274	
-0.0892055	0.0671621	0.19992	0.304601	0.369306	0.381142	0.336234	0.245517	0.123358	-0.0251436	-0.188471	-0.350538	-0.473855	-0.542082	-0.535491	-0.449759	-0.284916	-0.0563632	0.20053	0.448813	0.666025	0.828851	0.919608	0.916914	0.833097	
0.0412862	0.167637	0.277249	0.362083	0.412564	0.421437	0.386865	0.314529	0.214486	0.0920187	-0.0354895	-0.152548	-0.227273	-0.264345	-0.247405	-0.167892	-0.0247155	0.171769	0.400978	0.627732	0.828851	0.971042	1.03029	1.00259	0.898086	
0.160711	0.25485	0.340385	0.402826	0.443121	0.451271	0.420836	0.368942	0.291094	0.197604	0.108451	0.0332695	-0.0090201	-0.0208798	0.00393992	0.0760123	0.195517	0.349616	0.539066	0.74188	0.919608	1.03029	1.06115	1.01753	0.904315	
0.270162	0.335622	0.39803	0.446071	0.475875	0.480747	0.460423	0.41956	0.361509	0.295894	0.234538	0.190385	0.171745	0.174165	0.203852	0.265747	0.352251	0.46755	0.611868	0.771547	0.916914	1.00259	1.01753	0.965513	0.84996	
0.369924	0.424629	0.479481	0.520165	0.542963	0.54702	0.531159	0.498011	0.447129	0.390693	0.342297	0.314281	0.307519	0.319074	0.342497	0.378805	0.437888	0.521633	0.620193	0.729274	0.833097	0.898086	0.904315	0.84996	0.745321	
