1.20304	1.21223	1.21623	1.20893	1.20284	1.2011	1.20619	1.21388	1.21575	1.20591	1.20664	1.23515	1.28169	1.32154	1.33627	1.32121	1.2866	1.21707	1.08978	0.895101	0.647137	0.362843	0.069213	-0.207907	-0.460994	
1.11944	1.13745	1.14542	1.14076	1.13618	1.13507	1.13831	1.14413	1.14319	1.12592	1.11658	1.13761	1.18381	1.23821	1.2769	1.29856	1.30724	1.28273	1.20801	1.06034	0.842358	0.571945	0.282066	0.011303	-0.234917	
0.951563	0.968448	0.97893	0.981192	0.979147	0.978359	0.980211	0.980994	0.973857	0.957488	0.949912	0.975208	1.02727	1.09428	1.16263	1.22469	1.27655	1.29789	1.27059	1.17227	0.994149	0.752436	0.489118	0.230852	-0.011995	
0.716254	0.727325	0.737993	0.734399	0.726586	0.725463	0.730626	0.738076	0.73302	0.719222	0.718163	0.749719	0.81368	0.894982	0.985239	1.08748	1.17867	1.24211	1.25752	1.21185	1.08533	0.890108	0.661603	0.418823	0.183543	
0.434942	0.431703	0.431295	0.419236	0.409233	0.408279	0.413991	0.427252	0.43248	0.43263	0.441081	0.480497	0.552681	0.650083	0.761057	0.896225	1.01741	1.11295	1.16991	1.1739	1.10109	0.957829	0.771568	0.554372	0.336557	
0.127404	0.104957	0.0883837	0.0734467	0.0648748	0.0633774	0.0697527	0.0821577	0.0981382	0.117193	0.147151	0.201558	0.282523	0.383243	0.507919	0.661708	0.810956	0.936274	1.02533	1.0637	1.03569	0.943782	0.802599	0.623484	0.439208	
-0.181483	-0.218164	-0.24171	-0.256429	-0.263594	-0.264808	-0.259801	-0.248684	-0.228547	-0.19864	-0.147879	-0.0707425	0.0261261	0.13341	0.264111	0.422363	0.589292	0.733381	0.842382	0.902744	0.90536	0.858719	0.763419	0.634904	0.498825	
-0.449039	-0.494111	-0.522473	-0.535153	-0.536699	-0.535993	-0.537069	-0.529299	-0.507311	-0.469362	-0.409138	-0.317886	-0.207549	-0.0817774	0.0601036	0.217221	0.381699	0.529996	0.65074	0.726959	0.751617	0.736484	0.685522	0.608665	0.525915	
-0.647662	-0.698805	-0.727746	-0.737475	-0.734558	-0.733404	-0.737397	-0.733591	-0.712862	-0.671598	-0.601825	-0.50656	-0.387594	-0.251148	-0.097096	0.0624355	0.217911	0.35848	0.470684	0.546832	0.587553	0.601619	0.589567	0.557969	0.52132	
-0.7488	-0.808309	-0.835858	-0.847849	-0.848596	-0.847459	-0.849866	-0.842588	-0.821801	-0.777123	-0.699306	-0.60262	-0.488924	-0.355697	-0.205498	-0.0468476	0.0964816	0.216452	0.315502	0.386286	0.437261	0.474964	0.496313	0.499769	0.497719	
-0.74338	-0.800247	-0.834616	-0.845268	-0.846322	-0.846217	-0.845851	-0.841491	-0.81671	-0.769147	-0.697409	-0.611759	-0.508821	-0.393615	-0.257453	-0.120142	0.000545192	0.099151	0.179903	0.246102	0.304287	0.360445	0.411659	0.442405	0.461821	
-0.653748	-0.700233	-0.72796	-0.73442	-0.7328	-0.731361	-0.733724	-0.732749	-0.713859	-0.674562	-0.616024	-0.545179	-0.463385	-0.373	-0.267928	-0.160431	-0.065767	0.0058668	0.0671656	0.12394	0.191054	0.270147	0.343063	0.391614	0.430505	
-0.505138	-0.536927	-0.552745	-0.552362	-0.548208	-0.548494	-0.550375	-0.553706	-0.545914	-0.519486	-0.476306	-0.41444	-0.355733	-0.298518	-0.232468	-0.160777	-0.105037	-0.0640931	-0.0234667	0.0286282	0.103812	0.196746	0.280799	0.342785	0.401742	
-0.302307	-0.32549	-0.338159	-0.33998	-0.332534	-0.329967	-0.337526	-0.340279	-0.33128	-0.313134	-0.281152	-0.233476	-0.188659	-0.161152	-0.145345	-0.125767	-0.114509	-0.104003	-0.0803082	-0.0369987	0.0328878	0.122085	0.205407	0.273425	0.347953	
-0.0767539	-0.0994907	-0.115964	-0.125571	-0.12104	-0.118092	-0.125135	-0.121454	-0.106241	-0.0869114	-0.0591868	-0.0243073	0.00978382	0.00956453	-0.0179391	-0.0465123	-0.0753792	-0.0931089	-0.092571	-0.0659529	-0.0174641	0.0418753	0.110069	0.188199	0.28078	
0.140332	0.111701	0.0841761	0.0614999	0.0535848	0.0530442	0.0561891	0.0741255	0.100491	0.128482	0.1588	0.18778	0.200886	0.180873	0.13081	0.0710355	0.0129205	-0.036972	-0.0661162	-0.0675277	-0.0556288	-0.0311772	0.0245743	0.108355	0.218954	
0.330709	0.295339	0.247736	0.20557	0.186253	0.182946	0.194667	0.229002	0.277421	0.317474	0.34949	0.370674	0.369745	0.339671	0.280355	0.200978	0.119018	0.0392581	-0.0225791	-0.0588215	-0.0820667	-0.0792226	-0.0335932	0.0489267	0.157573	
0.467211	0.427077	0.368587	0.311621	0.281858	0.277605	0.295835	0.343719	0.405627	0.453423	0.484278	0.49995	0.496084	0.467708	0.406369	0.321763	0.227469	0.126258	0.0395759	-0.02771	-0.0812336	-0.102005	-0.0724514	-0.00367058	0.0894311	
0.53713	0.493187	0.436997	0.376218	0.333612	0.32685	0.355986	0.411563	0.472259	0.520991	0.554819	0.568946	0.567593	0.549692	0.501355	0.426362	0.333753	0.229141	0.126097	0.0284027	-0.0583573	-0.108013	-0.101328	-0.0590643	0.00808061	
0.557289	0.51131	0.454266	0.389783	0.340091	0.331752	0.366553	0.428132	0.490217	0.539818	0.57799	0.594884	0.601925	0.596376	0.569274	0.511998	0.428714	0.328882	0.216806	0.094945	-0.0202807	-0.101555	-0.134263	-0.128892	-0.0946389	
0.536191	0.492093	0.430485	0.363473	0.316354	0.307685	0.340974	0.403393	0.469451	0.520558	0.557946	0.589607	0.611617	0.622484	0.612913	0.573683	0.507434	0.417048	0.302541	0.164596	0.0235321	-0.0985888	-0.182411	-0.222441	-0.214187	
0.482662	0.434444	0.376845	0.317994	0.274917	0.266034	0.297935	0.352884	0.412223	0.463901	0.511262	0.558783	0.598064	0.624795	0.629014	0.604306	0.558914	0.487512	0.374489	0.227275	0.0645362	-0.0958065	-0.231837	-0.315894	-0.343871	
0.424112	0.360032	0.306433	0.258474	0.217195	0.208868	0.240164	0.287239	0.337246	0.397622	0.462183	0.516199	0.562619	0.601206	0.617722	0.610167	0.582158	0.523872	0.417927	0.26645	0.0897097	-0.09993	-0.276237	-0.39788	-0.456872	
0.368439	0.295844	0.236178	0.192284	0.156488	0.148396	0.176838	0.217631	0.269072	0.339929	0.406891	0.463412	0.516897	0.561562	0.592723	0.602689	0.58477	0.534616	0.43018	0.270863	0.074998	-0.133698	-0.325968	-0.472318	-0.55704	
0.309359	0.238015	0.173182	0.125242	0.0929919	0.0869516	0.110471	0.151636	0.210144	0.281922	0.347517	0.406877	0.464663	0.513236	0.556266	0.584891	0.57746	0.527563	0.421678	0.252434	0.0417114	-0.177385	-0.381968	-0.541809	-0.641422	
0.245974	0.178464	0.119184	0.0778496	0.0515495	0.0456761	0.065888	0.100803	0.152054	0.219598	0.285049	0.344924	0.401926	0.458351	0.517405	0.554039	0.54989	0.502913	0.393233	0.22134	0.0120014	-0.2119	-0.429729	-0.601305	-0.715287	
0.178464	0.117931	0.0758407	0.0553948	0.0428928	0.0393574	0.0496964	0.0661895	0.097474	0.153206	0.214995	0.272749	0.332363	0.404895	0.473051	0.508391	0.505102	0.461074	0.355522	0.189539	-0.0126602	-0.234817	-0.456579	-0.642195	-0.768758	
0.119184	0.0758407	0.0591824	0.0648674	0.0737916	0.0754086	0.0687135	0.0596316	0.0657428	0.0992991	0.15103	0.2096	0.277355	0.350012	0.41184	0.448787	0.449098	0.402689	0.301454	0.154427	-0.0324742	-0.24801	-0.470282	-0.664174	-0.803339	
0.0778496	0.0553948	0.0648674	0.0988084	0.131626	0.138262	0.113806	0.0767743	0.0553729	0.0658548	0.103761	0.164459	0.232733	0.295573	0.34634	0.383476	0.387609	0.343248	0.252271	0.123965	-0.0457488	-0.252824	-0.469263	-0.667744	-0.81223	
0.0515495	0.0428928	0.0737916	0.131626	0.182452	0.192649	0.154924	0.0951032	0.0508618	0.0434314	0.0729767	0.130467	0.193444	0.253185	0.301352	0.3341	0.340938	0.308358	0.228707	0.111056	-0.0458422	-0.245383	-0.463545	-0.664985	-0.812034	
0.0456761	0.0393574	0.0754086	0.138262	0.192649	0.203649	0.163052	0.0990693	0.0495081	0.0377535	0.0671038	0.122866	0.184951	0.244639	0.292748	0.325507	0.333112	0.303356	0.225384	0.109087	-0.0442169	-0.241775	-0.463357	-0.664328	-0.811917	
0.065888	0.0496964	0.0687135	0.113806	0.154924	0.163052	0.13242	0.0851178	0.0531335	0.0554935	0.0893624	0.149533	0.215593	0.276296	0.324823	0.360198	0.36555	0.325512	0.239321	0.116092	-0.0471428	-0.250775	-0.466774	-0.666617	-0.812001	
0.100803	0.0661895	0.0596316	0.0767743	0.0951032	0.0990693	0.0851178	0.0645269	0.0599668	0.0841611	0.13003	0.189957	0.259214	0.32786	0.385465	0.422567	0.423791	0.37717	0.27956	0.141264	-0.0389131	-0.251378	-0.471032	-0.667375	-0.809722	
0.152054	0.097474	0.0657428	0.0553729	0.0508618	0.0495081	0.0531335	0.0599668	0.0809804	0.128552	0.187476	0.244821	0.308104	0.382945	0.450137	0.48659	0.484155	0.439343	0.335804	0.175862	-0.020772	-0.24071	-0.463863	-0.653656	-0.785271	
0.219598	0.153206	0.0992991	0.0658548	0.0434314	0.0377535	0.0554935	0.0841611	0.128552	0.193295	0.257953	0.316877	0.374079	0.436658	0.501211	0.537134	0.533023	0.488577	0.37975	0.208326	0.00111664	-0.222505	-0.442047	-0.619506	-0.739344	
0.285049	0.214995	0.15103	0.103761	0.0729767	0.0671038	0.0893624	0.13003	0.187476	0.257953	0.323739	0.383259	0.44067	0.491872	0.540864	0.574754	0.569488	0.519199	0.411755	0.240255	0.0292019	-0.19281	-0.403732	-0.567963	-0.672143	
0.344924	0.272749	0.2096	0.164459	0.130467	0.122866	0.149533	0.189957	0.244821	0.316877	0.383259	0.440602	0.496803	0.542888	0.579371	0.596705	0.583393	0.534144	0.429759	0.265854	0.0618254	-0.151145	-0.347783	-0.499842	-0.593181	
0.401926	0.332363	0.277355	0.232733	0.193444	0.184951	0.215593	0.259214	0.308104	0.374079	0.44067	0.496803	0.544714	0.586481	0.609037	0.608111	0.585006	0.530605	0.426497	0.271848	0.0880862	-0.110547	-0.294765	-0.428645	-0.497677	
0.458351	0.404895	0.350012	0.295573	0.253185	0.244639	0.276296	0.32786	0.382945	0.436658	0.491872	0.542888	0.586481	0.617744	0.627279	0.609003	0.571589	0.506049	0.395209	0.246416	0.0788568	-0.0943705	-0.250408	-0.350551	-0.39198	
0.517405	0.473051	0.41184	0.34634	0.301352	0.292748	0.324823	0.385465	0.450137	0.501211	0.540864	0.579371	0.609037	0.627279	0.622897	0.589778	0.531496	0.448075	0.334687	0.191333	0.0404995	-0.0982675	-0.203368	-0.260248	-0.265857	
0.554039	0.508391	0.448787	0.383476	0.3341	0.325507	0.360198	0.422567	0.48659	0.537134	0.574754	0.596705	0.608111	0.609003	0.589778	0.539669	0.46302	0.365393	0.251518	0.12295	-0.00271348	-0.0996381	-0.151481	-0.164852	-0.140799	
0.54989	0.505102	0.449098	0.387609	0.340938	0.333112	0.36555	0.423791	0.484155	0.533023	0.569488	0.583393	0.585006	0.571589	0.531496	0.46302	0.373648	0.270104	0.162711	0.0544198	-0.0442785	-0.105924	-0.11348	-0.0843502	-0.0302668	
0.502913	0.461074	0.402689	0.343248	0.308358	0.303356	0.325512	0.37717	0.439343	0.488577	0.519199	0.534144	0.530605	0.506049	0.448075	0.365393	0.270104	0.166116	0.072653	-0.00774614	-0.0744391	-0.106704	-0.0848341	-0.0251346	0.059118	
0.393233	0.355522	0.301454	0.252271	0.228707	0.225384	0.239321	0.27956	0.335804	0.37975	0.411755	0.429759	0.426497	0.395209	0.334687	0.251518	0.162711	0.072653	-0.000602955	-0.0499726	-0.0854427	-0.0910837	-0.050918	0.0278527	0.131754	
0.22134	0.189539	0.154427	0.123965	0.111056	0.109087	0.116092	0.141264	0.175862	0.208326	0.240255	0.265854	0.271848	0.246416	0.191333	0.12295	0.0544198	-0.00774614	-0.0499726	-0.0656526	-0.0683649	-0.0535058	-0.00152808	0.0828946	0.194259	
0.0120014	-0.0126602	-0.0324742	-0.0457488	-0.0458422	-0.0442169	-0.0471428	-0.0389131	-0.020772	0.00111664	0.0292019	0.0618254	0.0880862	0.0788568	0.0404995	-0.00271348	-0.0442785	-0.0744391	-0.0854427	-0.0683649	-0.0337833	0.0105635	0.0729824	0.153918	0.25565	
-0.2119	-0.234817	-0.24801	-0.252824	-0.245383	-0.241775	-0.250775	-0.251378	-0.24071	-0.222505	-0.19281	-0.151145	-0.110547	-0.0943705	-0.0982675	-0.0996381	-0.105924	-0.106704	-0.0910837	-0.0535058	0.0105635	0.0898741	0.168262	0.239864	0.321406	
-0.429729	-0.456579	-0.470282	-0.469263	-0.463545	-0.463357	-0.466774	-0.471032	-0.463863	-0.442047	-0.403732	-0.347783	-0.294765	-0.250408	-0.203368	-0.151481	-0.11348	-0.0848341	-0.050918	-0.00152808	0.0729824	0.168262	0.253167	0.318403	0.38309	
-0.601305	-0.642195	-0.664174	-0.667744	-0.664985	-0.664328	-0.666617	-0.667375	-0.653656	-0.619506	-0.567963	-0.499842	-0.428645	-0.350551	-0.260248	-0.164852	-0.0843502	-0.0251346	0.0278527	0.0828946	0.153918	0.239864	0.318403	0.372942	0.421032	
-0.715287	-0.768758	-0.803339	-0.81223	-0.812034	-0.811917	-0.812001	-0.809722	-0.785271	-0.739344	-0.672143	-0.593181	-0.497677	-0.39198	-0.265857	-0.140799	-0.0302668	0.059118	0.131754	0.194259	0.25565	0.321406	0.38309	0.421032	0.447365	
