1.03031	1.06752	1.10037	1.13698	1.1672	1.17329	1.15101	1.11404	1.08145	1.04524	1.00507	0.956115	0.901833	0.852993	0.818941	0.789469	0.733888	0.650171	0.54585	0.424328	0.299764	0.176407	0.0506146	-0.0712575	-0.159489	
0.970337	1.00224	1.03197	1.07212	1.10399	1.11035	1.08755	1.04677	1.01384	0.983779	0.947474	0.895589	0.84177	0.80868	0.794913	0.786628	0.752876	0.689935	0.601845	0.495172	0.37969	0.258146	0.129645	0.00332921	-0.0832011	
0.857747	0.898325	0.933352	0.968812	1.00023	1.00682	0.983578	0.946427	0.913116	0.874157	0.832118	0.782406	0.738811	0.723379	0.73568	0.760644	0.760308	0.726031	0.658819	0.570204	0.467087	0.346347	0.21453	0.090788	0.0074726	
0.696056	0.747522	0.790938	0.828777	0.860014	0.866255	0.842881	0.805717	0.766617	0.716436	0.668056	0.62591	0.598594	0.607348	0.653526	0.712654	0.750707	0.750886	0.710866	0.641739	0.552838	0.444046	0.320876	0.204491	0.126742	
0.494924	0.548644	0.601232	0.643871	0.672656	0.677665	0.657055	0.619946	0.570409	0.515817	0.467143	0.436725	0.433194	0.468205	0.547335	0.642439	0.719361	0.753002	0.7456	0.706722	0.641295	0.555565	0.453274	0.350976	0.270739	
0.281046	0.320784	0.36631	0.406804	0.433559	0.438954	0.419023	0.384439	0.33809	0.296673	0.260773	0.247444	0.266174	0.325616	0.431631	0.555332	0.662162	0.730215	0.760511	0.758687	0.727047	0.675408	0.603493	0.520418	0.438125	
0.0702101	0.0841488	0.109773	0.142302	0.168977	0.17466	0.153958	0.122897	0.0926838	0.0752162	0.0644095	0.0720953	0.106872	0.183782	0.308863	0.452875	0.589342	0.689677	0.759822	0.803974	0.818062	0.805409	0.765085	0.705519	0.621926	
-0.125158	-0.140876	-0.132928	-0.109163	-0.0838482	-0.0767603	-0.0985811	-0.12378	-0.141365	-0.132859	-0.111191	-0.0806288	-0.0305511	0.05901	0.192745	0.342652	0.495319	0.629612	0.737125	0.826368	0.891741	0.924494	0.917764	0.882288	0.81326	
-0.293614	-0.327285	-0.335887	-0.317278	-0.293768	-0.286921	-0.307506	-0.330074	-0.334891	-0.308982	-0.266516	-0.214428	-0.149956	-0.050386	0.0784567	0.226735	0.38163	0.533175	0.674419	0.803234	0.917615	1.00152	1.02989	1.02409	0.97946	
-0.41382	-0.455381	-0.470417	-0.461534	-0.448594	-0.445488	-0.456649	-0.467602	-0.465722	-0.431848	-0.384383	-0.325215	-0.248116	-0.154866	-0.0412423	0.0970393	0.249476	0.408436	0.569867	0.731753	0.880727	1.00675	1.08347	1.1171	1.10534	
-0.47707	-0.521492	-0.539533	-0.540723	-0.542002	-0.542333	-0.540849	-0.540919	-0.532633	-0.496582	-0.447675	-0.395379	-0.330319	-0.252937	-0.162365	-0.0471849	0.0965647	0.251752	0.416658	0.59546	0.773653	0.933849	1.05715	1.14	1.16689	
-0.499243	-0.532427	-0.5469	-0.555798	-0.562801	-0.562561	-0.559832	-0.550772	-0.540308	-0.513983	-0.473157	-0.429226	-0.387717	-0.333826	-0.270402	-0.194113	-0.0818378	0.0577319	0.216219	0.405203	0.606547	0.796022	0.956973	1.08278	1.15273	
-0.484245	-0.508303	-0.515261	-0.518902	-0.514278	-0.512042	-0.518121	-0.516925	-0.512314	-0.496218	-0.46391	-0.429021	-0.409469	-0.392388	-0.364864	-0.326995	-0.253739	-0.144107	0.00214517	0.188178	0.394848	0.604926	0.803244	0.963141	1.06988	
-0.44042	-0.46426	-0.463982	-0.449243	-0.440946	-0.439024	-0.444656	-0.458451	-0.46713	-0.452168	-0.422005	-0.401216	-0.405671	-0.422535	-0.435457	-0.431535	-0.393889	-0.317435	-0.195164	-0.0272312	0.164945	0.380731	0.604061	0.799149	0.945011	
-0.385578	-0.402672	-0.404858	-0.384069	-0.372123	-0.370643	-0.377224	-0.397942	-0.406657	-0.39305	-0.375438	-0.37219	-0.390368	-0.429066	-0.47871	-0.509309	-0.50097	-0.450329	-0.353916	-0.213372	-0.0404109	0.160824	0.387104	0.607009	0.785317	
-0.338504	-0.349191	-0.349888	-0.337054	-0.327983	-0.327054	-0.332274	-0.34546	-0.350537	-0.344119	-0.331238	-0.332558	-0.363566	-0.422316	-0.495314	-0.55235	-0.569687	-0.536631	-0.464368	-0.358874	-0.216235	-0.0356242	0.179966	0.40234	0.600277	
-0.283372	-0.29488	-0.307023	-0.313472	-0.311264	-0.309615	-0.313476	-0.310681	-0.299874	-0.287543	-0.280567	-0.292596	-0.331686	-0.396386	-0.480668	-0.556713	-0.591751	-0.581011	-0.541232	-0.465945	-0.356565	-0.205113	-0.0125143	0.202841	0.412072	
-0.224024	-0.234376	-0.257575	-0.28855	-0.307279	-0.310386	-0.297902	-0.271125	-0.241361	-0.225986	-0.227867	-0.254815	-0.303664	-0.371976	-0.455871	-0.536506	-0.579892	-0.593575	-0.582222	-0.539138	-0.459775	-0.33823	-0.168267	0.0326877	0.24111	
-0.17601	-0.187859	-0.221746	-0.262898	-0.293344	-0.298224	-0.277395	-0.238401	-0.199449	-0.177127	-0.185195	-0.227068	-0.290809	-0.362	-0.439804	-0.50886	-0.551616	-0.580318	-0.592734	-0.579255	-0.521838	-0.4198	-0.279805	-0.104112	0.0863393	
-0.162428	-0.179994	-0.214153	-0.254297	-0.287766	-0.294426	-0.270454	-0.228544	-0.193624	-0.165415	-0.171034	-0.215059	-0.28201	-0.353635	-0.418276	-0.475319	-0.51602	-0.54775	-0.572643	-0.574171	-0.538125	-0.460275	-0.35369	-0.216254	-0.0567949	
-0.183277	-0.20293	-0.232209	-0.264595	-0.296721	-0.303394	-0.278901	-0.243512	-0.215377	-0.187891	-0.185658	-0.218882	-0.280137	-0.341798	-0.388307	-0.428216	-0.459644	-0.482443	-0.506454	-0.521699	-0.510369	-0.461939	-0.390293	-0.287681	-0.170852	
-0.221228	-0.241736	-0.267709	-0.293903	-0.320367	-0.325688	-0.305405	-0.278008	-0.252083	-0.227792	-0.218049	-0.23854	-0.283359	-0.325006	-0.352984	-0.373725	-0.389554	-0.397718	-0.417171	-0.444531	-0.452951	-0.438855	-0.405404	-0.3411	-0.257003	
-0.262028	-0.285383	-0.305569	-0.32691	-0.347519	-0.352403	-0.335648	-0.313951	-0.293844	-0.271206	-0.253679	-0.261886	-0.285563	-0.300951	-0.304749	-0.308836	-0.315292	-0.323801	-0.34173	-0.374106	-0.396511	-0.410397	-0.408937	-0.385532	-0.331694	
-0.28885	-0.315245	-0.331676	-0.350152	-0.364608	-0.367114	-0.357375	-0.338208	-0.322861	-0.298984	-0.279491	-0.27691	-0.274389	-0.26172	-0.24461	-0.239046	-0.245408	-0.262688	-0.290938	-0.326647	-0.363399	-0.391609	-0.413942	-0.420155	-0.39142	
-0.303551	-0.328492	-0.349958	-0.36492	-0.370192	-0.36965	-0.368553	-0.35596	-0.338986	-0.311816	-0.295014	-0.283129	-0.264415	-0.23533	-0.203782	-0.186418	-0.189085	-0.218374	-0.263376	-0.310173	-0.356571	-0.393998	-0.436491	-0.456907	-0.442174	
-0.317026	-0.336805	-0.358498	-0.366195	-0.365418	-0.364314	-0.366805	-0.362964	-0.346817	-0.323554	-0.308773	-0.295386	-0.274824	-0.238421	-0.197139	-0.167673	-0.165548	-0.202371	-0.259127	-0.317231	-0.367187	-0.417334	-0.470424	-0.49673	-0.490934	
-0.336805	-0.349386	-0.358026	-0.348926	-0.335256	-0.332011	-0.34338	-0.355927	-0.35457	-0.341757	-0.331383	-0.321952	-0.299804	-0.259566	-0.217264	-0.18649	-0.180354	-0.211535	-0.271191	-0.328424	-0.379597	-0.440659	-0.493719	-0.524872	-0.532359	
-0.358498	-0.358026	-0.339253	-0.30545	-0.27362	-0.267827	-0.290835	-0.327191	-0.352427	-0.360393	-0.354414	-0.340358	-0.317057	-0.284006	-0.244869	-0.218916	-0.214952	-0.240259	-0.287658	-0.332806	-0.38067	-0.441605	-0.495941	-0.537517	-0.54893	
-0.366195	-0.348926	-0.30545	-0.247622	-0.200265	-0.190539	-0.225518	-0.283267	-0.334322	-0.362107	-0.366764	-0.35725	-0.33751	-0.307836	-0.274742	-0.255766	-0.257249	-0.277345	-0.304538	-0.326323	-0.362445	-0.421199	-0.492334	-0.546855	-0.55397	
-0.365418	-0.335256	-0.27362	-0.200265	-0.147696	-0.138032	-0.175636	-0.243613	-0.314036	-0.356854	-0.370214	-0.367259	-0.356119	-0.332026	-0.304113	-0.289804	-0.289219	-0.302291	-0.309856	-0.318308	-0.351436	-0.410943	-0.48608	-0.549837	-0.559739	
-0.364314	-0.332011	-0.267827	-0.190539	-0.138032	-0.127587	-0.16551	-0.235897	-0.310422	-0.354927	-0.369493	-0.368374	-0.3604	-0.336594	-0.310879	-0.296649	-0.295035	-0.306091	-0.310032	-0.316893	-0.350259	-0.409245	-0.484137	-0.548184	-0.560857	
-0.366805	-0.34338	-0.290835	-0.225518	-0.175636	-0.16551	-0.202266	-0.264846	-0.325496	-0.360442	-0.369833	-0.36297	-0.345757	-0.318056	-0.287869	-0.271205	-0.272769	-0.289449	-0.308163	-0.322544	-0.356234	-0.415118	-0.48995	-0.549789	-0.556269	
-0.362964	-0.355927	-0.327191	-0.283267	-0.243613	-0.235897	-0.264846	-0.310841	-0.346958	-0.362834	-0.36006	-0.346366	-0.324804	-0.293543	-0.255443	-0.231931	-0.231552	-0.256048	-0.295436	-0.331093	-0.374491	-0.434072	-0.494787	-0.541319	-0.551535	
-0.346817	-0.35457	-0.352427	-0.334322	-0.314036	-0.310422	-0.325496	-0.346958	-0.355104	-0.351051	-0.342069	-0.330985	-0.307384	-0.269421	-0.228545	-0.200068	-0.192913	-0.220514	-0.276728	-0.331138	-0.381841	-0.444641	-0.496403	-0.531355	-0.542286	
-0.323554	-0.341757	-0.360393	-0.362107	-0.356854	-0.354927	-0.360442	-0.362834	-0.351051	-0.329337	-0.316017	-0.30504	-0.284375	-0.246097	-0.202758	-0.171313	-0.167351	-0.203136	-0.263285	-0.322358	-0.372955	-0.428476	-0.481888	-0.510052	-0.509049	
-0.308773	-0.331383	-0.354414	-0.366764	-0.370214	-0.369493	-0.369833	-0.36006	-0.342069	-0.316017	-0.300367	-0.286555	-0.265506	-0.232897	-0.197067	-0.17396	-0.175165	-0.208663	-0.259097	-0.311289	-0.359266	-0.401779	-0.450311	-0.473766	-0.461593	
-0.295386	-0.321952	-0.340358	-0.35725	-0.367259	-0.368374	-0.36297	-0.346366	-0.330985	-0.30504	-0.286555	-0.279657	-0.269213	-0.248524	-0.224873	-0.214719	-0.21998	-0.242163	-0.277065	-0.316444	-0.358033	-0.388947	-0.42002	-0.433124	-0.412781	
-0.274824	-0.299804	-0.317057	-0.33751	-0.356119	-0.3604	-0.345757	-0.324804	-0.307384	-0.284375	-0.265506	-0.269213	-0.282078	-0.285667	-0.280346	-0.280752	-0.286674	-0.297671	-0.318466	-0.352023	-0.379993	-0.40094	-0.410143	-0.400499	-0.357477	
-0.238421	-0.259566	-0.284006	-0.307836	-0.332026	-0.336594	-0.318056	-0.293543	-0.269421	-0.246097	-0.232897	-0.248524	-0.285667	-0.317144	-0.336018	-0.348724	-0.35988	-0.3666	-0.384942	-0.413934	-0.427894	-0.427085	-0.408091	-0.360603	-0.288206	
-0.197139	-0.217264	-0.244869	-0.274742	-0.304113	-0.310879	-0.287869	-0.255443	-0.228545	-0.202758	-0.197067	-0.224873	-0.280346	-0.336018	-0.374583	-0.407362	-0.432741	-0.448861	-0.470489	-0.491968	-0.489709	-0.454946	-0.397259	-0.309706	-0.207241	
-0.167673	-0.18649	-0.218916	-0.255766	-0.289804	-0.296649	-0.271205	-0.231931	-0.200068	-0.171313	-0.17396	-0.214719	-0.280752	-0.348724	-0.407362	-0.458496	-0.496038	-0.52588	-0.551102	-0.5577	-0.53177	-0.465401	-0.373396	-0.248904	-0.106887	
-0.165548	-0.180354	-0.214952	-0.257249	-0.289219	-0.295035	-0.272769	-0.231552	-0.192913	-0.167351	-0.175165	-0.21998	-0.286674	-0.35988	-0.432741	-0.496038	-0.538319	-0.570122	-0.589664	-0.583641	-0.534054	-0.441105	-0.313952	-0.153519	0.0269849	
-0.202371	-0.211535	-0.240259	-0.277345	-0.302291	-0.306091	-0.289449	-0.256048	-0.220514	-0.203136	-0.208663	-0.242163	-0.297671	-0.3666	-0.448861	-0.52588	-0.570122	-0.590832	-0.589106	-0.559273	-0.490007	-0.376339	-0.217643	-0.0248376	0.177984	
-0.259127	-0.271191	-0.287658	-0.304538	-0.309856	-0.310032	-0.308163	-0.295436	-0.276728	-0.263285	-0.259097	-0.277065	-0.318466	-0.384942	-0.470489	-0.551102	-0.589664	-0.589106	-0.562209	-0.499361	-0.402467	-0.264483	-0.080301	0.13003	0.341289	
-0.317231	-0.328424	-0.332806	-0.326323	-0.318308	-0.316893	-0.322544	-0.331093	-0.331138	-0.322358	-0.311289	-0.316444	-0.352023	-0.413934	-0.491968	-0.5577	-0.583641	-0.559273	-0.499361	-0.406224	-0.276573	-0.106267	0.100017	0.32038	0.524155	
-0.367187	-0.379597	-0.38067	-0.362445	-0.351436	-0.350259	-0.356234	-0.374491	-0.381841	-0.372955	-0.359266	-0.358033	-0.379993	-0.427894	-0.489709	-0.53177	-0.534054	-0.490007	-0.402467	-0.276573	-0.114638	0.078661	0.303122	0.525764	0.713194	
-0.417334	-0.440659	-0.441605	-0.421199	-0.410943	-0.409245	-0.415118	-0.434072	-0.444641	-0.428476	-0.401779	-0.388947	-0.40094	-0.427085	-0.454946	-0.465401	-0.441105	-0.376339	-0.264483	-0.106267	0.078661	0.290195	0.517616	0.725045	0.885598	
-0.470424	-0.493719	-0.495941	-0.492334	-0.48608	-0.484137	-0.48995	-0.494787	-0.496403	-0.481888	-0.450311	-0.42002	-0.410143	-0.408091	-0.397259	-0.373396	-0.313952	-0.217643	-0.080301	0.100017	0.303122	0.517616	0.727915	0.901914	1.0239	
-0.49673	-0.524872	-0.537517	-0.546855	-0.549837	-0.548184	-0.549789	-0.541319	-0.531355	-0.510052	-0.473766	-0.433124	-0.400499	-0.360603	-0.309706	-0.248904	-0.153519	-0.0248376	0.13003	0.32038	0.525764	0.725045	0.901914	1.04097	1.1263	
-0.490934	-0.532359	-0.54893	-0.55397	-0.559739	-0.560857	-0.556269	-0.551535	-0.542286	-0.509049	-0.461593	-0.412781	-0.357477	-0.288206	-0.207241	-0.106887	0.0269849	0.177984	0.341289	0.524155	0.713194	0.885598	1.0239	1.1263	1.17068	
