0.408719	0.443888	0.4882	0.519774	0.532102	0.523663	0.496928	0.462884	0.419862	0.367139	0.302805	0.229125	0.152522	0.0898044	0.0662976	0.0892937	0.14707	0.225779	0.295063	0.341974	0.37783	0.409938	0.429911	0.432906	0.395945	
0.443888	0.483284	0.533609	0.583294	0.617057	0.627257	0.613686	0.586913	0.541988	0.477593	0.389826	0.278455	0.156459	0.0520486	-0.00416962	-0.00487865	0.0378193	0.114832	0.195246	0.267	0.337203	0.404578	0.461253	0.497715	0.500942	
0.4882	0.533609	0.598484	0.667053	0.716611	0.74112	0.737262	0.70469	0.646162	0.567296	0.452813	0.30031	0.14315	0.00828363	-0.0720866	-0.0953675	-0.0663149	0.00911386	0.110106	0.216898	0.321107	0.418179	0.505561	0.570989	0.599666	
0.519774	0.583294	0.667053	0.752151	0.814905	0.847336	0.843235	0.801739	0.731098	0.631975	0.488752	0.306641	0.12486	-0.0267138	-0.13221	-0.177942	-0.161191	-0.0825526	0.0459542	0.19096	0.326564	0.451156	0.564362	0.649168	0.694457	
0.532102	0.617057	0.716611	0.814905	0.887293	0.921857	0.917147	0.872006	0.79058	0.667495	0.49994	0.300024	0.106267	-0.0613082	-0.18436	-0.248203	-0.240187	-0.158642	-0.00692108	0.174416	0.345889	0.500875	0.636381	0.734529	0.783041	
0.523663	0.627257	0.74112	0.847336	0.921857	0.952718	0.947002	0.90475	0.817848	0.680365	0.498947	0.284376	0.0703272	-0.115435	-0.24916	-0.316356	-0.310444	-0.220023	-0.0495151	0.163083	0.371899	0.559375	0.711249	0.816189	0.864055	
0.496928	0.613686	0.737262	0.843235	0.917147	0.947002	0.938231	0.898473	0.810799	0.668136	0.477848	0.246042	0.00785894	-0.194503	-0.335251	-0.402291	-0.385694	-0.28073	-0.0897341	0.150483	0.39251	0.608284	0.774672	0.885664	0.928664	
0.462884	0.586913	0.70469	0.801739	0.872006	0.90475	0.898473	0.860411	0.771919	0.619603	0.4091	0.16171	-0.0919971	-0.302602	-0.444391	-0.500679	-0.468604	-0.343899	-0.136279	0.120147	0.386178	0.621868	0.804895	0.923825	0.963298	
0.419862	0.541988	0.646162	0.731098	0.79058	0.817848	0.810799	0.771919	0.675824	0.510785	0.287889	0.0365382	-0.219803	-0.433902	-0.571366	-0.615314	-0.562074	-0.417213	-0.198366	0.0710538	0.348233	0.59181	0.786035	0.905223	0.926912	
0.367139	0.477593	0.567296	0.631975	0.667495	0.680365	0.668136	0.619603	0.510785	0.336609	0.117125	-0.126113	-0.373955	-0.58289	-0.711047	-0.736853	-0.662322	-0.506599	-0.280459	-0.0103818	0.264796	0.51167	0.706836	0.817621	0.821909	
0.302805	0.389826	0.452813	0.488752	0.49994	0.498947	0.477848	0.4091	0.287889	0.117125	-0.0882676	-0.306601	-0.536738	-0.731554	-0.843025	-0.85182	-0.765072	-0.60252	-0.377787	-0.115727	0.149738	0.388281	0.575678	0.674614	0.670584	
0.229125	0.278455	0.30031	0.306641	0.300024	0.284376	0.246042	0.16171	0.0365382	-0.126113	-0.306601	-0.502373	-0.70709	-0.876097	-0.966469	-0.967909	-0.876324	-0.711627	-0.489667	-0.231168	0.021349	0.24568	0.418067	0.509169	0.501958	
0.152522	0.156459	0.14315	0.12486	0.106267	0.0703272	0.00785894	-0.0919971	-0.219803	-0.373955	-0.536738	-0.70709	-0.872884	-1.00077	-1.06743	-1.06613	-0.981668	-0.824106	-0.606725	-0.356462	-0.114446	0.0990595	0.259635	0.350186	0.345675	
0.0898044	0.0520486	0.00828363	-0.0267138	-0.0613082	-0.115435	-0.194503	-0.302602	-0.433902	-0.58289	-0.731554	-0.876097	-1.00077	-1.08778	-1.13661	-1.13726	-1.06383	-0.92189	-0.717622	-0.476018	-0.241827	-0.0357901	0.12079	0.206802	0.202257	
0.0662976	-0.00416962	-0.0720866	-0.13221	-0.18436	-0.24916	-0.335251	-0.444391	-0.571366	-0.711047	-0.843025	-0.966469	-1.06743	-1.13661	-1.1785	-1.18186	-1.12372	-0.998375	-0.807866	-0.573644	-0.344281	-0.144808	0.00762765	0.0874764	0.0775951	
0.0892937	-0.00487865	-0.0953675	-0.177942	-0.248203	-0.316356	-0.402291	-0.500679	-0.615314	-0.736853	-0.85182	-0.967909	-1.06613	-1.13726	-1.18186	-1.1951	-1.15479	-1.04822	-0.866632	-0.641753	-0.417915	-0.221431	-0.0734679	-0.000726918	-0.0106007	
0.14707	0.0378193	-0.0663149	-0.161191	-0.240187	-0.310444	-0.385694	-0.468604	-0.562074	-0.662322	-0.765072	-0.876324	-0.981668	-1.06383	-1.12372	-1.15479	-1.13507	-1.04413	-0.877978	-0.671527	-0.456696	-0.265625	-0.12396	-0.0575848	-0.0636751	
0.225779	0.114832	0.00911386	-0.0825526	-0.158642	-0.220023	-0.28073	-0.343899	-0.417213	-0.506599	-0.60252	-0.711627	-0.824106	-0.92189	-0.998375	-1.04822	-1.04413	-0.971879	-0.836956	-0.657771	-0.460103	-0.282354	-0.15167	-0.0872405	-0.0893212	
0.295063	0.195246	0.110106	0.0459542	-0.00692108	-0.0495151	-0.0897341	-0.136279	-0.198366	-0.280459	-0.377787	-0.489667	-0.606725	-0.717622	-0.807866	-0.866632	-0.877978	-0.836956	-0.736985	-0.594384	-0.428171	-0.271429	-0.15534	-0.0943151	-0.0909562	
0.341974	0.267	0.216898	0.19096	0.174416	0.163083	0.150483	0.120147	0.0710538	-0.0103818	-0.115727	-0.231168	-0.356462	-0.476018	-0.573644	-0.641753	-0.671527	-0.657771	-0.594384	-0.49037	-0.363275	-0.231096	-0.127214	-0.0714183	-0.0661951	
0.37783	0.337203	0.321107	0.326564	0.345889	0.371899	0.39251	0.386178	0.348233	0.264796	0.149738	0.021349	-0.114446	-0.241827	-0.344281	-0.417915	-0.456696	-0.460103	-0.428171	-0.363275	-0.273832	-0.168837	-0.0820876	-0.0313233	-0.0196296	
0.409938	0.404578	0.418179	0.451156	0.500875	0.559375	0.608284	0.621868	0.59181	0.51167	0.388281	0.24568	0.0990595	-0.0357901	-0.144808	-0.221431	-0.265625	-0.282354	-0.271429	-0.231096	-0.168837	-0.095691	-0.0401345	0.000264513	0.024408	
0.429911	0.461253	0.505561	0.564362	0.636381	0.711249	0.774672	0.804895	0.786035	0.706836	0.575678	0.418067	0.259635	0.12079	0.00762765	-0.0734679	-0.12396	-0.15167	-0.15534	-0.127214	-0.0820876	-0.0401345	-0.0103936	0.0216759	0.0576116	
0.432906	0.497715	0.570989	0.649168	0.734529	0.816189	0.885664	0.923825	0.905223	0.817621	0.674614	0.509169	0.350186	0.206802	0.0874764	-0.000726918	-0.0575848	-0.0872405	-0.0943151	-0.0714183	-0.0313233	0.000264513	0.0216759	0.0483367	0.0843871	
0.395945	0.500942	0.599666	0.694457	0.783041	0.864055	0.928664	0.963298	0.926912	0.821909	0.670584	0.501958	0.345675	0.202257	0.0775951	-0.0106007	-0.0636751	-0.0893212	-0.0909562	-0.0661951	-0.0196296	0.024408	0.0576116	0.0843871	0.129633	
0.325848	0.467026	0.593213	0.69701	0.787774	0.86149	0.911331	0.917992	0.856398	0.732875	0.572332	0.404481	0.2524	0.117461	0.00753142	-0.0699589	-0.11757	-0.137346	-0.133437	-0.0985372	-0.0345875	0.0273863	0.0806095	0.127117	0.190919	
0.236166	0.405852	0.55128	0.664785	0.755528	0.820759	0.846752	0.822014	0.733073	0.594603	0.426269	0.252842	0.105347	-0.0114516	-0.0958811	-0.150432	-0.18484	-0.196571	-0.184246	-0.1415	-0.0685422	0.00904493	0.0848385	0.159506	0.249754	
0.147962	0.335785	0.493069	0.61459	0.703807	0.756395	0.759323	0.70377	0.589908	0.442466	0.269267	0.0962888	-0.0461956	-0.15074	-0.218813	-0.252959	-0.265204	-0.256387	-0.227654	-0.17661	-0.0989769	-0.00557436	0.0932705	0.188231	0.291695	
0.0693638	0.263909	0.429658	0.557898	0.647162	0.686438	0.669851	0.590815	0.466075	0.311655	0.135094	-0.0350618	-0.178665	-0.281054	-0.338475	-0.35513	-0.345	-0.308708	-0.258178	-0.194428	-0.10808	0.00104282	0.11498	0.220039	0.327812	
0.0185698	0.210491	0.379333	0.51637	0.605094	0.631301	0.599563	0.512337	0.383702	0.230595	0.0528441	-0.122146	-0.271181	-0.374925	-0.426344	-0.431434	-0.406905	-0.353746	-0.280883	-0.197205	-0.0986844	0.0212148	0.140626	0.248338	0.358814	
0.00843977	0.199852	0.368709	0.508475	0.596371	0.620135	0.585706	0.496878	0.368676	0.216818	0.0380345	-0.137911	-0.289194	-0.39289	-0.44323	-0.445586	-0.420145	-0.363699	-0.285702	-0.19697	-0.0957114	0.0263928	0.146466	0.253811	0.366288	
0.0448093	0.239225	0.406834	0.538875	0.62771	0.66099	0.637554	0.553751	0.426323	0.271897	0.0949582	-0.0769943	-0.222891	-0.325237	-0.378973	-0.390538	-0.373328	-0.328673	-0.268204	-0.196374	-0.105461	0.00841208	0.126101	0.232749	0.341285	
0.114418	0.306378	0.467678	0.590894	0.680472	0.728269	0.723496	0.656664	0.536538	0.385595	0.210991	0.0398216	-0.101653	-0.20492	-0.268516	-0.295261	-0.298121	-0.277838	-0.240706	-0.185918	-0.106065	-0.00545731	0.100211	0.201081	0.305909	
0.200205	0.378789	0.528691	0.646649	0.736146	0.796702	0.813243	0.776025	0.676019	0.533657	0.362712	0.188525	0.0430939	-0.0669133	-0.144099	-0.190055	-0.215676	-0.22091	-0.203278	-0.157257	-0.0825969	0.000943564	0.087035	0.171052	0.268971	
0.291049	0.444497	0.579945	0.687686	0.77918	0.849227	0.89002	0.883256	0.811251	0.681785	0.517233	0.347588	0.197313	0.0693745	-0.0299966	-0.0995115	-0.143655	-0.160885	-0.154149	-0.115302	-0.046283	0.021804	0.0833686	0.141493	0.21582	
0.371092	0.491486	0.601394	0.700298	0.789793	0.868266	0.928087	0.953849	0.908053	0.795154	0.640808	0.472191	0.317074	0.176009	0.0546953	-0.0307104	-0.0816677	-0.105606	-0.104066	-0.0758422	-0.0233721	0.0287194	0.0691411	0.101728	0.153337	
0.42362	0.503861	0.586435	0.672557	0.759937	0.842347	0.911615	0.950257	0.925768	0.832121	0.684799	0.518715	0.360188	0.216027	0.0935276	0.00386629	-0.0524482	-0.0806319	-0.0863536	-0.0636379	-0.02248	0.011637	0.0369186	0.0614506	0.0993656	
0.433744	0.478591	0.535664	0.60283	0.681375	0.75976	0.826416	0.860522	0.84484	0.76376	0.627717	0.465707	0.305794	0.165072	0.0501262	-0.0332982	-0.0870387	-0.117213	-0.123295	-0.0984055	-0.0574449	-0.022529	0.000963377	0.0308171	0.0681837	
0.42	0.429257	0.454718	0.498552	0.558476	0.625	0.681049	0.70211	0.676085	0.597537	0.471431	0.322273	0.170115	0.0337233	-0.0769595	-0.1557	-0.201881	-0.224105	-0.219878	-0.184573	-0.129947	-0.070714	-0.0272238	0.00975906	0.0393171	
0.391444	0.365097	0.360147	0.377508	0.409196	0.449935	0.483962	0.486121	0.45133	0.3686	0.249116	0.115861	-0.0243656	-0.155332	-0.260195	-0.334084	-0.375353	-0.383777	-0.361741	-0.309219	-0.232321	-0.139691	-0.0643322	-0.0175967	-7.56372e-05	
0.357461	0.295187	0.259396	0.246832	0.245685	0.248439	0.24879	0.227896	0.183247	0.100672	-0.00813143	-0.127675	-0.256513	-0.380027	-0.47974	-0.551071	-0.585193	-0.579811	-0.529609	-0.441323	-0.33015	-0.208164	-0.109864	-0.0556548	-0.0495889	
0.315702	0.224912	0.152397	0.103557	0.0648662	0.0334576	0.00321864	-0.0375384	-0.0942524	-0.175013	-0.275388	-0.38787	-0.508226	-0.622764	-0.716599	-0.778079	-0.797652	-0.768902	-0.683738	-0.556305	-0.40577	-0.258833	-0.147992	-0.0888998	-0.0842237	
0.256621	0.148198	0.0478201	-0.0350794	-0.105437	-0.160425	-0.212829	-0.269544	-0.33806	-0.423519	-0.519026	-0.629371	-0.743624	-0.847519	-0.929868	-0.984324	-0.985575	-0.92526	-0.80394	-0.63816	-0.451444	-0.281556	-0.156421	-0.0928423	-0.0929623	
0.177019	0.0654392	-0.0408725	-0.137394	-0.216394	-0.284911	-0.354556	-0.429521	-0.514509	-0.609557	-0.708363	-0.817835	-0.926676	-1.01472	-1.08178	-1.12101	-1.10827	-1.02332	-0.868066	-0.671739	-0.462407	-0.275407	-0.13779	-0.0720972	-0.076469	
0.109622	0.00762649	-0.0901951	-0.17798	-0.253572	-0.323406	-0.40593	-0.498969	-0.605313	-0.718115	-0.827444	-0.941597	-1.04263	-1.11688	-1.16633	-1.18611	-1.15367	-1.05448	-0.877264	-0.658347	-0.437859	-0.242887	-0.0971287	-0.027243	-0.0356741	
0.0697792	-0.0107953	-0.0883776	-0.158444	-0.21783	-0.284054	-0.371872	-0.47787	-0.601053	-0.733759	-0.858942	-0.978023	-1.07606	-1.1447	-1.18583	-1.19199	-1.14103	-1.02319	-0.836496	-0.605186	-0.377073	-0.179698	-0.0288531	0.0481929	0.0376874	
0.0750734	0.0230238	-0.0305426	-0.075432	-0.116984	-0.175955	-0.258431	-0.368666	-0.499146	-0.645934	-0.787978	-0.922848	-1.03521	-1.11144	-1.1564	-1.15801	-1.09013	-0.95504	-0.756618	-0.518025	-0.286692	-0.082715	0.0721447	0.155687	0.148741	
0.123993	0.110783	0.0843354	0.0597142	0.0352291	-0.00896134	-0.0795297	-0.183024	-0.313493	-0.464673	-0.621796	-0.781792	-0.930409	-1.04016	-1.09871	-1.09852	-1.01792	-0.865399	-0.652254	-0.405746	-0.167491	0.0420499	0.201657	0.290741	0.286726	
0.198286	0.22959	0.236547	0.23164	0.219883	0.197241	0.148965	0.0578238	-0.067584	-0.226659	-0.398928	-0.585124	-0.775546	-0.930163	-1.01055	-1.01025	-0.921169	-0.757701	-0.536412	-0.280478	-0.0326509	0.186989	0.353153	0.444379	0.437902	
0.274121	0.34756	0.395209	0.41859	0.422754	0.415555	0.388842	0.31378	0.189511	0.0219346	-0.173365	-0.38273	-0.603955	-0.790054	-0.893909	-0.898526	-0.808136	-0.644495	-0.421425	-0.160725	0.0995429	0.33215	0.513849	0.609068	0.602966	
