0.425412	0.571839	0.684049	0.746722	0.771155	0.76639	0.743982	0.71696	0.679344	0.615153	0.535062	0.442443	0.321657	0.178507	0.0265531	-0.127485	-0.267947	-0.382155	-0.470104	-0.534667	-0.58193	-0.62586	-0.657098	-0.658934	-0.632515	
0.571839	0.676185	0.744967	0.778369	0.783306	0.766293	0.744857	0.728392	0.700683	0.653918	0.598436	0.524483	0.423804	0.306962	0.179057	0.044633	-0.0802139	-0.195968	-0.305374	-0.401856	-0.475354	-0.531403	-0.569671	-0.58319	-0.568079	
0.684049	0.744967	0.787731	0.804601	0.796469	0.771616	0.756402	0.746554	0.725409	0.696666	0.65859	0.603363	0.530914	0.445391	0.339914	0.227125	0.112947	-0.0034567	-0.122192	-0.2347	-0.333099	-0.402582	-0.449067	-0.474098	-0.471204	
0.746722	0.778369	0.804601	0.817567	0.810102	0.798291	0.788635	0.778091	0.761408	0.744493	0.716837	0.681021	0.636301	0.578166	0.502669	0.411541	0.304774	0.187946	0.0618688	-0.0666127	-0.178245	-0.254909	-0.303201	-0.333464	-0.341318	
0.771155	0.783306	0.796469	0.810102	0.821041	0.825143	0.824496	0.822305	0.812116	0.7965	0.778533	0.759	0.732621	0.694563	0.642279	0.568816	0.471524	0.361556	0.235286	0.102179	-0.0161094	-0.10067	-0.153848	-0.186783	-0.203104	
0.76639	0.766293	0.771616	0.798291	0.825143	0.842435	0.850274	0.852338	0.842358	0.829258	0.818779	0.808882	0.788788	0.766395	0.734469	0.67696	0.596454	0.499079	0.381731	0.255282	0.13569	0.0426277	-0.0173404	-0.0600455	-0.0910127	
0.743982	0.744857	0.756402	0.788635	0.824496	0.850274	0.85885	0.852604	0.833324	0.823214	0.820622	0.814156	0.79798	0.78362	0.763415	0.726416	0.675048	0.595133	0.493338	0.38324	0.26969	0.171369	0.096119	0.0336721	-0.0128332	
0.71696	0.728392	0.746554	0.778091	0.822305	0.852338	0.852604	0.830914	0.803102	0.789463	0.782576	0.773169	0.759897	0.748386	0.740657	0.727296	0.701315	0.645615	0.567096	0.479687	0.377762	0.283166	0.200198	0.114488	0.0396178	
0.679344	0.700683	0.725409	0.761408	0.812116	0.842358	0.833324	0.803102	0.767036	0.74471	0.724964	0.70237	0.682479	0.669933	0.673214	0.684765	0.680721	0.653157	0.603592	0.543538	0.469985	0.386804	0.291879	0.184805	0.0776117	
0.615153	0.653918	0.696666	0.744493	0.7965	0.829258	0.823214	0.789463	0.74471	0.69724	0.658349	0.618631	0.589346	0.573709	0.584844	0.609837	0.628633	0.628497	0.612395	0.577618	0.531091	0.460163	0.358532	0.232339	0.0947024	
0.535062	0.598436	0.65859	0.716837	0.778533	0.818779	0.820622	0.782576	0.724964	0.658349	0.594149	0.539312	0.502487	0.490567	0.50243	0.529591	0.560013	0.583759	0.5935	0.58268	0.552354	0.489099	0.380178	0.238859	0.0854837	
0.442443	0.524483	0.603363	0.681021	0.759	0.808882	0.814156	0.773169	0.70237	0.618631	0.539312	0.483159	0.443958	0.430012	0.438877	0.460673	0.494392	0.528972	0.548312	0.55364	0.530269	0.467146	0.366939	0.225618	0.0666725	
0.321657	0.423804	0.530914	0.636301	0.732621	0.788788	0.79798	0.759897	0.682479	0.589346	0.502487	0.443958	0.410914	0.393867	0.389396	0.400246	0.42515	0.46464	0.490099	0.499956	0.475876	0.419909	0.329006	0.199416	0.0546028	
0.178507	0.306962	0.445391	0.578166	0.694563	0.766395	0.78362	0.748386	0.669933	0.573709	0.490567	0.430012	0.393867	0.365471	0.343721	0.342341	0.354468	0.387051	0.418363	0.424953	0.400605	0.356121	0.279882	0.176261	0.0613342	
0.0265531	0.179057	0.339914	0.502669	0.642279	0.734469	0.763415	0.740657	0.673214	0.584844	0.50243	0.438877	0.389396	0.343721	0.30528	0.287944	0.291623	0.314316	0.337438	0.336021	0.317113	0.284226	0.229585	0.156518	0.0776199	
-0.127485	0.044633	0.227125	0.411541	0.568816	0.67696	0.726416	0.727296	0.684765	0.609837	0.529591	0.460673	0.400246	0.342341	0.287944	0.25346	0.244845	0.248498	0.253469	0.249626	0.231625	0.208817	0.181323	0.137367	0.0913385	
-0.267947	-0.0802139	0.112947	0.304774	0.471524	0.596454	0.675048	0.701315	0.680721	0.628633	0.560013	0.494392	0.42515	0.354468	0.291623	0.244845	0.212581	0.196111	0.178077	0.160527	0.142945	0.131333	0.120376	0.106943	0.0981389	
-0.382155	-0.195968	-0.0034567	0.187946	0.361556	0.499079	0.595133	0.645615	0.653157	0.628497	0.583759	0.528972	0.46464	0.387051	0.314316	0.248498	0.196111	0.150081	0.103564	0.0715756	0.0593569	0.0585232	0.0652327	0.080654	0.10469	
-0.470104	-0.305374	-0.122192	0.0618688	0.235286	0.381731	0.493338	0.567096	0.603592	0.612395	0.5935	0.548312	0.490099	0.418363	0.337438	0.253469	0.178077	0.103564	0.0360496	-0.00289032	-0.0126268	-0.0016692	0.0225704	0.0566362	0.110478	
-0.534667	-0.401856	-0.2347	-0.0666127	0.102179	0.255282	0.38324	0.479687	0.543538	0.577618	0.58268	0.55364	0.499956	0.424953	0.336021	0.249626	0.160527	0.0715756	-0.00289032	-0.0461832	-0.0555592	-0.0356831	-0.00164272	0.048919	0.126181	
-0.58193	-0.475354	-0.333099	-0.178245	-0.0161094	0.13569	0.26969	0.377762	0.469985	0.531091	0.552354	0.530269	0.475876	0.400605	0.317113	0.231625	0.142945	0.0593569	-0.0126268	-0.0555592	-0.0597309	-0.0340611	0.00551083	0.065062	0.15372	
-0.62586	-0.531403	-0.402582	-0.254909	-0.10067	0.0426277	0.171369	0.283166	0.386804	0.460163	0.489099	0.467146	0.419909	0.356121	0.284226	0.208817	0.131333	0.0585232	-0.0016692	-0.0356831	-0.0340611	-0.00535268	0.0404884	0.108642	0.202993	
-0.657098	-0.569671	-0.449067	-0.303201	-0.153848	-0.0173404	0.096119	0.200198	0.291879	0.358532	0.380178	0.366939	0.329006	0.279882	0.229585	0.181323	0.120376	0.0652327	0.0225704	-0.00164272	0.00551083	0.0404884	0.0987226	0.17491	0.270838	
-0.658934	-0.58319	-0.474098	-0.333464	-0.186783	-0.0600455	0.0336721	0.114488	0.184805	0.232339	0.238859	0.225618	0.199416	0.176261	0.156518	0.137367	0.106943	0.080654	0.0566362	0.048919	0.065062	0.108642	0.17491	0.2555	0.346197	
-0.632515	-0.568079	-0.471204	-0.341318	-0.203104	-0.0910127	-0.0128332	0.0396178	0.0776117	0.0947024	0.0854837	0.0666725	0.0546028	0.0613342	0.0776199	0.0913385	0.0981389	0.10469	0.110478	0.126181	0.15372	0.202993	0.270838	0.346197	0.431711	
-0.579689	-0.527321	-0.445451	-0.33409	-0.209946	-0.115616	-0.0602669	-0.0335281	-0.0252824	-0.0386858	-0.0597975	-0.0774617	-0.0716981	-0.053129	-0.0170998	0.0308199	0.0788397	0.121949	0.168098	0.213379	0.261371	0.322779	0.393459	0.460942	0.532209	
-0.52246	-0.477591	-0.40666	-0.309594	-0.206932	-0.129963	-0.0965483	-0.0993867	-0.120205	-0.153439	-0.182463	-0.19885	-0.190505	-0.161463	-0.110828	-0.0457	0.0341417	0.115647	0.201035	0.286109	0.366477	0.448858	0.524945	0.582369	0.636791	
-0.476217	-0.431029	-0.362227	-0.277512	-0.195053	-0.138514	-0.122249	-0.149309	-0.196287	-0.248409	-0.284768	-0.301241	-0.2892	-0.25515	-0.200419	-0.122804	-0.0175389	0.101231	0.222699	0.344295	0.458791	0.561274	0.638119	0.690338	0.728447	
-0.431594	-0.384415	-0.320589	-0.251851	-0.186596	-0.148354	-0.14996	-0.19215	-0.256799	-0.319721	-0.361699	-0.374811	-0.361527	-0.333935	-0.278894	-0.180241	-0.051772	0.0975118	0.251101	0.397777	0.534836	0.646	0.720257	0.763036	0.784706	
-0.403716	-0.353345	-0.291573	-0.23245	-0.184112	-0.156946	-0.167165	-0.219019	-0.293733	-0.361009	-0.40627	-0.418898	-0.406993	-0.374521	-0.313247	-0.205379	-0.0600063	0.113387	0.281924	0.442043	0.588676	0.699421	0.764672	0.799952	0.810378	
-0.399326	-0.347882	-0.286254	-0.227298	-0.183015	-0.157883	-0.16884	-0.222676	-0.300018	-0.367549	-0.413769	-0.425092	-0.415766	-0.380003	-0.315859	-0.207235	-0.0591775	0.11783	0.288411	0.451714	0.599863	0.709525	0.771989	0.804473	0.81533	
-0.417575	-0.369252	-0.307446	-0.243571	-0.185274	-0.152589	-0.159628	-0.206357	-0.274677	-0.340267	-0.384088	-0.396443	-0.382958	-0.355391	-0.298883	-0.194989	-0.0575339	0.102874	0.264665	0.417148	0.559692	0.671758	0.74277	0.782402	0.798611	
-0.458422	-0.411862	-0.344022	-0.265789	-0.190634	-0.141717	-0.132577	-0.16709	-0.222902	-0.28066	-0.318728	-0.333864	-0.321491	-0.289771	-0.234138	-0.148592	-0.0337451	0.0963324	0.232052	0.3663	0.491785	0.59835	0.675387	0.723313	0.75515	
-0.50305	-0.458895	-0.38963	-0.296937	-0.202487	-0.134101	-0.107448	-0.121515	-0.152264	-0.19358	-0.226124	-0.242723	-0.232554	-0.200688	-0.147557	-0.0785021	0.0128521	0.110683	0.209869	0.310293	0.405394	0.496791	0.573034	0.629074	0.676482	
-0.555194	-0.507551	-0.431228	-0.326245	-0.209842	-0.122143	-0.0770519	-0.0615971	-0.0654332	-0.0868863	-0.111521	-0.127526	-0.121088	-0.0979707	-0.0555293	0.00255021	0.0635642	0.12136	0.183774	0.244948	0.304526	0.374064	0.446248	0.508916	0.57448	
-0.614241	-0.554724	-0.462984	-0.34052	-0.207694	-0.101675	-0.0318362	0.0108401	0.0356713	0.0395538	0.0251077	0.00557279	0.00258394	0.0158032	0.0410972	0.0697154	0.0931335	0.11449	0.135433	0.161441	0.195588	0.248738	0.317344	0.390452	0.470393	
-0.651595	-0.580331	-0.476308	-0.338866	-0.193929	-0.0733769	0.0144651	0.083329	0.14132	0.178531	0.178314	0.162078	0.141097	0.130267	0.126085	0.119359	0.103098	0.0893819	0.0752433	0.0767584	0.0974826	0.142624	0.210153	0.289389	0.378581	
-0.661537	-0.578517	-0.462634	-0.317971	-0.169287	-0.0362156	0.0689923	0.165231	0.250073	0.310098	0.326342	0.3142	0.280812	0.240548	0.201831	0.164696	0.114615	0.0706315	0.0351562	0.0155284	0.0255799	0.0651028	0.127476	0.206021	0.300347	
-0.64111	-0.549165	-0.422567	-0.276674	-0.12554	0.0155073	0.139603	0.250139	0.350283	0.422858	0.450903	0.432645	0.388243	0.330575	0.265299	0.199451	0.127358	0.0602517	0.00684903	-0.0223572	-0.019586	0.0106189	0.0613077	0.132773	0.228276	
-0.599719	-0.499619	-0.365186	-0.213469	-0.0542923	0.0938544	0.22687	0.337227	0.437962	0.507186	0.531979	0.508837	0.457422	0.384947	0.305643	0.222251	0.137393	0.058426	-0.010098	-0.0509438	-0.0521314	-0.0252081	0.0165957	0.0798145	0.17009	
-0.554967	-0.434182	-0.276477	-0.114033	0.0524348	0.206092	0.337936	0.440385	0.515318	0.560206	0.573169	0.549207	0.494383	0.418869	0.331344	0.244012	0.152926	0.0644869	-0.00966252	-0.0536194	-0.0614713	-0.0394919	-0.00267526	0.0520159	0.136006	
-0.498383	-0.346206	-0.168115	0.00993829	0.180871	0.331483	0.450375	0.533764	0.581002	0.600092	0.591015	0.552829	0.496803	0.424653	0.339114	0.252919	0.170903	0.0882888	0.0164949	-0.0243897	-0.0347073	-0.0190259	0.010058	0.0511438	0.115134	
-0.420376	-0.240818	-0.0510662	0.138306	0.313847	0.453851	0.555737	0.615376	0.635546	0.62486	0.589943	0.537852	0.476847	0.401479	0.325406	0.251729	0.189089	0.130142	0.0741647	0.0395987	0.028521	0.0324208	0.0461308	0.0706767	0.106834	
-0.316863	-0.127282	0.0663444	0.259098	0.428175	0.55945	0.646845	0.683421	0.672462	0.630472	0.57079	0.509292	0.440738	0.365791	0.299344	0.245498	0.205207	0.178647	0.149083	0.123951	0.108648	0.10157	0.0967516	0.0959218	0.101222	
-0.185503	-0.00633106	0.182365	0.370323	0.532164	0.647133	0.708459	0.719374	0.685864	0.619135	0.541747	0.473472	0.407662	0.34486	0.286586	0.247415	0.229659	0.225359	0.221012	0.214804	0.196212	0.17674	0.157787	0.126209	0.0939131	
-0.0364052	0.124807	0.294564	0.46809	0.616547	0.714463	0.749604	0.735981	0.678723	0.595613	0.51189	0.445322	0.392467	0.340638	0.295809	0.271387	0.270868	0.287113	0.304125	0.301151	0.283394	0.255268	0.21111	0.14941	0.0842478	
0.118302	0.257389	0.405619	0.550325	0.675705	0.756335	0.77804	0.745387	0.66843	0.574657	0.49324	0.432157	0.390571	0.355127	0.326509	0.318859	0.328343	0.357199	0.386462	0.389665	0.367574	0.327512	0.259221	0.168431	0.0683101	
0.266955	0.378835	0.49811	0.614647	0.71846	0.779354	0.791306	0.754242	0.675943	0.581263	0.494341	0.43523	0.401963	0.382061	0.370537	0.376977	0.396339	0.434121	0.462793	0.472904	0.447664	0.396347	0.31016	0.188683	0.0544963	
0.397019	0.486486	0.576361	0.664696	0.750691	0.802554	0.808181	0.76857	0.694568	0.604903	0.521662	0.464993	0.428848	0.413889	0.418422	0.436182	0.467652	0.505269	0.526635	0.534714	0.51156	0.450366	0.354134	0.216556	0.06016	
0.500593	0.572079	0.638609	0.702883	0.770025	0.815801	0.819371	0.778994	0.714722	0.642539	0.571063	0.514495	0.474894	0.462625	0.473694	0.500048	0.532997	0.562775	0.577396	0.574365	0.548657	0.485654	0.377708	0.234902	0.0777691	
