0.212692	0.271444	0.320782	0.365783	0.39401	0.398729	0.37998	0.339742	0.291779	0.23719	0.17472	0.112412	0.058733	0.0233882	0.00651443	0.009061	0.0241261	0.0386712	0.0417442	0.036226	0.0278441	0.0113124	-0.0363717	-0.103107	-0.176342	
0.321869	0.403502	0.476308	0.537707	0.577045	0.583435	0.557364	0.502386	0.43346	0.355799	0.267864	0.171666	0.0810495	0.00447515	-0.0568315	-0.0966129	-0.112793	-0.121368	-0.12901	-0.138984	-0.143496	-0.15004	-0.178436	-0.217538	-0.250994	
0.422608	0.523455	0.62027	0.702495	0.757983	0.768038	0.729237	0.655783	0.562685	0.46417	0.355	0.230793	0.108947	-0.00745134	-0.109637	-0.191226	-0.243272	-0.271699	-0.284005	-0.291357	-0.287295	-0.274687	-0.26822	-0.27379	-0.274464	
0.48573	0.61978	0.744711	0.85032	0.915856	0.928362	0.882184	0.790731	0.670794	0.540662	0.400926	0.256825	0.113253	-0.028482	-0.16627	-0.28385	-0.359181	-0.397558	-0.406789	-0.39967	-0.37601	-0.33419	-0.289637	-0.258867	-0.227535	
0.507135	0.67154	0.825339	0.945603	1.01852	1.0324	0.980714	0.878999	0.734678	0.574593	0.404469	0.23539	0.0712554	-0.0902816	-0.246846	-0.381905	-0.471154	-0.5085	-0.505735	-0.469641	-0.40896	-0.329086	-0.249147	-0.182244	-0.124668	
0.4803	0.663397	0.829406	0.961887	1.04458	1.06107	1.00118	0.887474	0.732242	0.555428	0.364089	0.169882	-0.021714	-0.199474	-0.360537	-0.493677	-0.574425	-0.596735	-0.570016	-0.499469	-0.398115	-0.274019	-0.16016	-0.0620723	0.0105397	
0.391088	0.582426	0.753833	0.887037	0.972546	0.988055	0.927995	0.812036	0.654598	0.469193	0.271176	0.064465	-0.140506	-0.332312	-0.494707	-0.616713	-0.67442	-0.664429	-0.60315	-0.491029	-0.344096	-0.184709	-0.0353275	0.0833204	0.159315	
0.24373	0.430938	0.595874	0.727962	0.812219	0.826999	0.768711	0.652622	0.501151	0.319482	0.127615	-0.0759882	-0.284656	-0.4732	-0.63041	-0.738934	-0.770813	-0.725948	-0.613523	-0.452057	-0.262638	-0.0802002	0.0824601	0.211766	0.289755	
0.0499715	0.217041	0.369749	0.500236	0.588861	0.605332	0.542786	0.425134	0.28111	0.117327	-0.0557739	-0.246082	-0.447338	-0.629267	-0.775373	-0.861713	-0.861068	-0.776408	-0.618986	-0.41533	-0.197316	0.00101582	0.169163	0.300292	0.379672	
-0.169452	-0.0232313	0.123402	0.24615	0.327589	0.344059	0.283863	0.177109	0.0357019	-0.110548	-0.261004	-0.426737	-0.607716	-0.782819	-0.915878	-0.973103	-0.936262	-0.811416	-0.622371	-0.390561	-0.16196	0.0424437	0.214154	0.340263	0.414542	
-0.369979	-0.240662	-0.104944	0.00513601	0.0739595	0.086716	0.0378991	-0.0566362	-0.185811	-0.318903	-0.448875	-0.588008	-0.739759	-0.895287	-1.00884	-1.04789	-0.98652	-0.838995	-0.626038	-0.37624	-0.145129	0.048998	0.210181	0.329184	0.404996	
-0.514413	-0.400628	-0.281196	-0.180731	-0.11794	-0.107019	-0.149253	-0.237924	-0.351862	-0.470476	-0.5798	-0.690044	-0.814437	-0.943123	-1.03808	-1.06368	-0.991656	-0.839054	-0.620229	-0.376058	-0.153289	0.0295686	0.170903	0.276553	0.347247	
-0.583161	-0.486277	-0.376575	-0.285537	-0.230297	-0.220852	-0.258371	-0.336674	-0.442207	-0.547451	-0.634046	-0.7159	-0.815876	-0.926187	-1.00392	-1.0171	-0.948979	-0.810662	-0.612878	-0.390353	-0.186018	-0.021421	0.0988328	0.188637	0.248807	
-0.558728	-0.478985	-0.385892	-0.308456	-0.260446	-0.251792	-0.285751	-0.351704	-0.441902	-0.529271	-0.598889	-0.66398	-0.742663	-0.832595	-0.901765	-0.921189	-0.874727	-0.766056	-0.603954	-0.41948	-0.248792	-0.106913	-0.00112912	0.0707189	0.110622	
-0.440281	-0.381161	-0.31382	-0.247949	-0.201469	-0.191547	-0.226349	-0.286283	-0.35554	-0.417448	-0.470917	-0.526112	-0.593505	-0.668424	-0.740544	-0.778012	-0.766651	-0.699968	-0.587366	-0.450329	-0.324774	-0.223242	-0.140968	-0.0868126	-0.0654269	
-0.257393	-0.223588	-0.17729	-0.121501	-0.0765829	-0.0668841	-0.101204	-0.15549	-0.206691	-0.245399	-0.27541	-0.318418	-0.380312	-0.452003	-0.534317	-0.600296	-0.628457	-0.612608	-0.557319	-0.484996	-0.419803	-0.368025	-0.320859	-0.288215	-0.27863	
-0.0427228	-0.033426	-0.00809239	0.0342962	0.0755069	0.0842112	0.0520803	0.0076862	-0.0252306	-0.0405508	-0.0480438	-0.0733359	-0.12631	-0.199213	-0.295221	-0.395773	-0.472347	-0.515203	-0.528637	-0.527829	-0.531482	-0.532798	-0.526337	-0.52184	-0.525877	
0.168771	0.156764	0.160307	0.189276	0.22525	0.233793	0.204161	0.16944	0.155218	0.163907	0.17366	0.166273	0.130027	0.0593519	-0.054589	-0.190619	-0.315605	-0.414735	-0.4958	-0.565357	-0.636161	-0.689346	-0.72625	-0.751602	-0.763113	
0.345351	0.312839	0.300242	0.313946	0.332288	0.336884	0.322174	0.302775	0.304497	0.331761	0.364749	0.378735	0.357282	0.287356	0.158927	0.000304914	-0.158486	-0.303741	-0.439385	-0.574145	-0.701383	-0.804887	-0.878794	-0.927957	-0.942698	
0.464097	0.411794	0.38048	0.371329	0.365644	0.365179	0.368926	0.375027	0.396237	0.441245	0.499106	0.538851	0.529705	0.465396	0.343324	0.184082	0.00672232	-0.170685	-0.353843	-0.543797	-0.718418	-0.862824	-0.969241	-1.03231	-1.04793	
0.517397	0.445994	0.391185	0.352199	0.332048	0.329492	0.341138	0.374443	0.422231	0.486839	0.563411	0.628307	0.645084	0.599922	0.501275	0.353055	0.173493	-0.0229694	-0.244679	-0.476502	-0.686114	-0.859332	-0.986216	-1.05056	-1.05213	
0.492402	0.408601	0.345293	0.29501	0.267305	0.262801	0.280721	0.324228	0.380517	0.456796	0.548524	0.636694	0.68599	0.675329	0.61	0.48482	0.319608	0.112998	-0.131887	-0.386905	-0.619628	-0.805196	-0.932862	-0.985528	-0.971104	
0.419944	0.323644	0.262004	0.221853	0.192032	0.185977	0.208026	0.245128	0.293925	0.378819	0.484526	0.587062	0.662429	0.692661	0.664727	0.566698	0.413416	0.203808	-0.0486495	-0.307388	-0.543232	-0.723536	-0.837361	-0.873058	-0.837216	
0.330584	0.23433	0.174689	0.144784	0.128408	0.12554	0.136641	0.160414	0.205641	0.289613	0.393345	0.498012	0.591652	0.652507	0.659814	0.590572	0.44902	0.246322	0.00925261	-0.24334	-0.475112	-0.646945	-0.739507	-0.752046	-0.692381	
0.241969	0.164678	0.109823	0.0858751	0.0866496	0.0893341	0.083872	0.0962388	0.13921	0.209684	0.293675	0.394256	0.493883	0.566825	0.59832	0.558444	0.439991	0.25941	0.0391395	-0.198091	-0.417893	-0.580487	-0.660881	-0.649718	-0.559671	
0.168484	0.10997	0.0744583	0.0642413	0.0752599	0.079562	0.0669548	0.0674394	0.0925692	0.143637	0.210291	0.293726	0.385365	0.466664	0.516069	0.494208	0.399776	0.245146	0.0441596	-0.173416	-0.373258	-0.520721	-0.585882	-0.551812	-0.435515	
0.10997	0.0747616	0.0696441	0.0863072	0.105732	0.109843	0.0943099	0.0752953	0.068781	0.0927316	0.140688	0.20464	0.285958	0.377949	0.439418	0.433117	0.360303	0.224851	0.0442532	-0.149474	-0.324303	-0.448981	-0.495035	-0.444772	-0.312683	
0.0744583	0.0696441	0.0901506	0.123844	0.151108	0.156194	0.136008	0.103488	0.0754778	0.0687553	0.0919243	0.145421	0.225297	0.31524	0.378719	0.392145	0.340355	0.221955	0.0604783	-0.111044	-0.265651	-0.366522	-0.39076	-0.329482	-0.184379	
0.0642413	0.0863072	0.123844	0.158508	0.182288	0.187801	0.169541	0.138447	0.101023	0.0689997	0.0716643	0.118299	0.189811	0.267508	0.331774	0.37118	0.34673	0.245138	0.0977569	-0.0608257	-0.203297	-0.29412	-0.305048	-0.232698	-0.0782173	
0.0752599	0.105732	0.151108	0.182288	0.19557	0.198516	0.189734	0.165789	0.124137	0.0831415	0.0773254	0.109283	0.164263	0.236684	0.308354	0.359242	0.35465	0.275562	0.137393	-0.0170285	-0.15724	-0.247358	-0.252647	-0.172311	-0.0121441	
0.079562	0.109843	0.156194	0.187801	0.198516	0.20057	0.194013	0.171578	0.128932	0.0874502	0.0806246	0.108663	0.159031	0.231785	0.305018	0.357432	0.356818	0.283498	0.146375	-0.00797334	-0.147242	-0.237915	-0.244132	-0.161697	-0.000115228	
0.0669548	0.0943099	0.136008	0.169541	0.189734	0.194013	0.17941	0.150791	0.111148	0.0735188	0.0717726	0.113089	0.177893	0.252294	0.319366	0.364995	0.350773	0.257693	0.114842	-0.0415003	-0.182122	-0.271847	-0.279675	-0.202774	-0.0459794	
0.0674394	0.0752953	0.103488	0.138447	0.165789	0.171578	0.150791	0.117578	0.0849148	0.0667736	0.0801264	0.131553	0.209988	0.295341	0.358838	0.382519	0.34041	0.228764	0.0732289	-0.0914598	-0.240148	-0.33481	-0.352897	-0.287684	-0.138293	
0.0925692	0.068781	0.0754778	0.101023	0.124137	0.128932	0.111148	0.0849148	0.0679528	0.0795317	0.11822	0.176394	0.256686	0.349352	0.41314	0.414209	0.348985	0.220192	0.0485316	-0.135684	-0.302006	-0.416758	-0.453035	-0.397799	-0.260497	
0.143637	0.0927316	0.0687553	0.0689997	0.0831415	0.0874502	0.0735188	0.0667736	0.0795317	0.121235	0.181117	0.255987	0.343143	0.428788	0.483559	0.467772	0.382759	0.237265	0.0431642	-0.165381	-0.354993	-0.493406	-0.552204	-0.511433	-0.387368	
0.210291	0.140688	0.0919243	0.0716643	0.0773254	0.0806246	0.0717726	0.0801264	0.11822	0.181117	0.257757	0.352502	0.450763	0.526803	0.566097	0.534281	0.425886	0.255122	0.0431648	-0.186472	-0.399107	-0.557206	-0.632439	-0.610992	-0.509217	
0.293726	0.20464	0.145421	0.118299	0.109283	0.108663	0.113089	0.131553	0.176394	0.255987	0.352502	0.457562	0.554817	0.622627	0.640606	0.583918	0.450905	0.255211	0.0250276	-0.222184	-0.450478	-0.61848	-0.705931	-0.70883	-0.637849	
0.385365	0.285958	0.225297	0.189811	0.164263	0.159031	0.177893	0.209988	0.256686	0.343143	0.450763	0.554817	0.638868	0.683113	0.670491	0.583172	0.43325	0.225991	-0.0224294	-0.280205	-0.515253	-0.691982	-0.795999	-0.823348	-0.778343	
0.466664	0.377949	0.31524	0.267508	0.236684	0.231785	0.252294	0.295341	0.349352	0.428788	0.526803	0.622627	0.683113	0.688866	0.637977	0.52478	0.36489	0.15591	-0.0950602	-0.353188	-0.58788	-0.773619	-0.898425	-0.944904	-0.921984	
0.516069	0.439418	0.378719	0.331774	0.308354	0.305018	0.319366	0.358838	0.41314	0.483559	0.566097	0.640606	0.670491	0.637977	0.552013	0.4105	0.235756	0.0346842	-0.197206	-0.441144	-0.663069	-0.843158	-0.97148	-1.03237	-1.02776	
0.494208	0.433117	0.392145	0.37118	0.359242	0.357432	0.364995	0.382519	0.414209	0.467772	0.534281	0.583918	0.583172	0.52478	0.4105	0.255234	0.074622	-0.112472	-0.31245	-0.520752	-0.710555	-0.868743	-0.985457	-1.05069	-1.06262	
0.399776	0.360303	0.340355	0.34673	0.35465	0.356818	0.350773	0.34041	0.348985	0.382759	0.425886	0.450905	0.43325	0.36489	0.235756	0.074622	-0.0934943	-0.253917	-0.409115	-0.566994	-0.714493	-0.835427	-0.922746	-0.978967	-0.995604	
0.245146	0.224851	0.221955	0.245138	0.275562	0.283498	0.257693	0.228764	0.220192	0.237265	0.255122	0.255211	0.225991	0.15591	0.0346842	-0.112472	-0.253917	-0.371452	-0.476533	-0.573249	-0.667586	-0.741774	-0.794899	-0.83048	-0.8429	
0.0441596	0.0442532	0.0604783	0.0977569	0.137393	0.146375	0.114842	0.0732289	0.0485316	0.0431642	0.0431648	0.0250276	-0.0224294	-0.0950602	-0.197206	-0.31245	-0.409115	-0.476533	-0.517417	-0.545022	-0.57635	-0.598787	-0.609604	-0.617219	-0.625012	
-0.173416	-0.149474	-0.111044	-0.0608257	-0.0170285	-0.00797334	-0.0415003	-0.0914598	-0.135684	-0.165381	-0.186472	-0.222184	-0.280205	-0.353188	-0.441144	-0.520752	-0.566994	-0.573249	-0.545022	-0.501295	-0.463372	-0.432205	-0.400879	-0.379473	-0.375245	
-0.373258	-0.324303	-0.265651	-0.203297	-0.15724	-0.147242	-0.182122	-0.240148	-0.302006	-0.354993	-0.399107	-0.450478	-0.515253	-0.58788	-0.663069	-0.710555	-0.714493	-0.667586	-0.57635	-0.463372	-0.359901	-0.278024	-0.2089	-0.16242	-0.145909	
-0.520721	-0.448981	-0.366522	-0.29412	-0.247358	-0.237915	-0.271847	-0.33481	-0.416758	-0.493406	-0.557206	-0.61848	-0.691982	-0.773619	-0.843158	-0.868743	-0.835427	-0.741774	-0.598787	-0.432205	-0.278024	-0.149747	-0.0519983	0.0132535	0.0445044	
-0.585882	-0.495035	-0.39076	-0.305048	-0.252647	-0.244132	-0.279675	-0.352897	-0.453035	-0.552204	-0.632439	-0.705931	-0.795999	-0.898425	-0.97148	-0.985457	-0.922746	-0.794899	-0.609604	-0.400879	-0.2089	-0.0519983	0.0623887	0.145645	0.198635	
-0.551812	-0.444772	-0.329482	-0.232698	-0.172311	-0.161697	-0.202774	-0.287684	-0.397799	-0.511433	-0.610992	-0.70883	-0.823348	-0.944904	-1.03237	-1.05069	-0.978967	-0.83048	-0.617219	-0.379473	-0.16242	0.0132535	0.145645	0.244763	0.312544	
-0.435515	-0.312683	-0.184379	-0.0782173	-0.0121441	-0.000115228	-0.0459794	-0.138293	-0.260497	-0.387368	-0.509217	-0.637849	-0.778343	-0.921984	-1.02776	-1.06262	-0.995604	-0.8429	-0.625012	-0.375245	-0.145909	0.0445044	0.198635	0.312544	0.387471	
