-0.0584732	0.010792	0.0661648	0.0942389	0.107114	0.118441	0.115503	0.0839673	0.0489543	0.0121284	-0.025962	-0.0616141	-0.0984372	-0.14566	-0.195416	-0.248465	-0.307125	-0.357942	-0.37845	-0.356031	-0.301738	-0.224685	-0.130006	-0.0202288	0.101388	
0.010792	0.0936367	0.16511	0.210827	0.230455	0.23291	0.216297	0.18149	0.142441	0.0900332	0.0308747	-0.0284093	-0.0912428	-0.157764	-0.231021	-0.312496	-0.396411	-0.474611	-0.518055	-0.505377	-0.43899	-0.33638	-0.208438	-0.0605285	0.100689	
0.0661648	0.16511	0.26001	0.328047	0.357868	0.359111	0.34083	0.30493	0.261818	0.199607	0.119592	0.0396398	-0.0386303	-0.12012	-0.217115	-0.32847	-0.440458	-0.548089	-0.617086	-0.623164	-0.565854	-0.448497	-0.289841	-0.108658	0.0848144	
0.0942389	0.210827	0.328047	0.421423	0.470366	0.48925	0.481356	0.453206	0.416891	0.350644	0.256124	0.160844	0.071875	-0.02674	-0.146618	-0.280938	-0.425186	-0.566288	-0.669049	-0.705259	-0.666361	-0.55096	-0.374735	-0.165578	0.064707	
0.107114	0.230455	0.357868	0.470366	0.549483	0.600157	0.617113	0.612499	0.591426	0.532649	0.436637	0.339038	0.240499	0.124585	-0.0190859	-0.184497	-0.362953	-0.533803	-0.666161	-0.736213	-0.722704	-0.619069	-0.446455	-0.225183	0.0289055	
0.118441	0.23291	0.359111	0.48925	0.600157	0.6884	0.750978	0.781283	0.781601	0.739958	0.660265	0.564558	0.452243	0.315902	0.149434	-0.0461395	-0.260396	-0.457478	-0.61805	-0.71641	-0.729621	-0.648161	-0.492289	-0.274135	-0.0114894	
0.115503	0.216297	0.34083	0.481356	0.617113	0.750978	0.868587	0.947517	0.98318	0.970074	0.910302	0.812911	0.687491	0.539997	0.363367	0.148809	-0.0899192	-0.320238	-0.518764	-0.642786	-0.681879	-0.633201	-0.499928	-0.297856	-0.0470955	
0.0839673	0.18149	0.30493	0.453206	0.612499	0.781283	0.947517	1.07562	1.16063	1.18859	1.15505	1.06741	0.942961	0.794625	0.610727	0.383489	0.125309	-0.131834	-0.358232	-0.508824	-0.580515	-0.565825	-0.464649	-0.294708	-0.0709385	
0.0489543	0.142441	0.261818	0.416891	0.591426	0.781601	0.98318	1.16063	1.29167	1.35738	1.3529	1.29161	1.18339	1.03481	0.851688	0.621823	0.349517	0.074599	-0.162331	-0.329656	-0.42625	-0.440157	-0.375341	-0.244441	-0.0636056	
0.0121284	0.0900332	0.199607	0.350644	0.532649	0.739958	0.970074	1.18859	1.35738	1.45211	1.48298	1.45695	1.37169	1.23569	1.05678	0.82588	0.553815	0.279893	0.0400735	-0.13799	-0.244354	-0.275551	-0.241253	-0.150696	-0.0201196	
-0.025962	0.0308747	0.119592	0.256124	0.436637	0.660265	0.910302	1.15505	1.3529	1.48298	1.5508	1.55869	1.50104	1.38817	1.21663	0.992043	0.735606	0.469133	0.229008	0.0475981	-0.0609585	-0.103746	-0.0935336	-0.0382155	0.0450574	
-0.0616141	-0.0284093	0.0396398	0.160844	0.339038	0.564558	0.812911	1.06741	1.29161	1.45695	1.55869	1.60311	1.57823	1.4799	1.31559	1.10553	0.867113	0.612152	0.379338	0.202691	0.087681	0.0353446	0.0376438	0.0677215	0.10914	
-0.0984372	-0.0912428	-0.0386303	0.071875	0.240499	0.452243	0.687491	0.942961	1.18339	1.37169	1.50104	1.57823	1.58067	1.49344	1.33873	1.14452	0.920314	0.682048	0.463756	0.295901	0.189955	0.137161	0.122262	0.129072	0.147945	
-0.14566	-0.157764	-0.12012	-0.02674	0.124585	0.315902	0.539997	0.794625	1.03481	1.23569	1.38817	1.4799	1.49344	1.41824	1.27457	1.09664	0.886949	0.671487	0.478486	0.324147	0.225085	0.171574	0.145228	0.136532	0.147336	
-0.195416	-0.231021	-0.217115	-0.146618	-0.0190859	0.149434	0.363367	0.610727	0.851688	1.05678	1.21663	1.31559	1.33873	1.27457	1.14678	0.98414	0.792853	0.594008	0.418658	0.278421	0.185512	0.133426	0.103251	0.0998454	0.112852	
-0.248465	-0.312496	-0.32847	-0.280938	-0.184497	-0.0461395	0.148809	0.383489	0.621823	0.82588	0.992043	1.10553	1.14452	1.09664	0.98414	0.834463	0.652838	0.464534	0.300716	0.174251	0.0904848	0.0395677	0.0200915	0.0281678	0.0552912	
-0.307125	-0.396411	-0.440458	-0.425186	-0.362953	-0.260396	-0.0899192	0.125309	0.349517	0.553815	0.735606	0.867113	0.920314	0.886949	0.792853	0.652838	0.476562	0.29633	0.144024	0.0257606	-0.0517886	-0.0873895	-0.0866822	-0.0600837	-0.0177678	
-0.357942	-0.474611	-0.548089	-0.566288	-0.533803	-0.457478	-0.320238	-0.131834	0.074599	0.279893	0.469133	0.612152	0.682048	0.671487	0.594008	0.464534	0.29633	0.119514	-0.0252342	-0.133347	-0.202533	-0.2258	-0.2063	-0.160154	-0.103962	
-0.37845	-0.518055	-0.617086	-0.669049	-0.666161	-0.61805	-0.518764	-0.358232	-0.162331	0.0400735	0.229008	0.379338	0.463756	0.478486	0.418658	0.300716	0.144024	-0.0252342	-0.163402	-0.268821	-0.335871	-0.358609	-0.330733	-0.272212	-0.199973	
-0.356031	-0.505377	-0.623164	-0.705259	-0.736213	-0.71641	-0.642786	-0.508824	-0.329656	-0.13799	0.0475981	0.202691	0.295901	0.324147	0.278421	0.174251	0.0257606	-0.133347	-0.268821	-0.382984	-0.453452	-0.475617	-0.447363	-0.381197	-0.291203	
-0.301738	-0.43899	-0.565854	-0.666361	-0.722704	-0.729621	-0.681879	-0.580515	-0.42625	-0.244354	-0.0609585	0.087681	0.189955	0.225085	0.185512	0.0904848	-0.0517886	-0.202533	-0.335871	-0.453452	-0.536381	-0.565754	-0.541183	-0.466206	-0.363895	
-0.224685	-0.33638	-0.448497	-0.55096	-0.619069	-0.648161	-0.633201	-0.565825	-0.440157	-0.275551	-0.103746	0.0353446	0.137161	0.171574	0.133426	0.0395677	-0.0873895	-0.2258	-0.358609	-0.475617	-0.565754	-0.604586	-0.594863	-0.524347	-0.416167	
-0.130006	-0.208438	-0.289841	-0.374735	-0.446455	-0.492289	-0.499928	-0.464649	-0.375341	-0.241253	-0.0935336	0.0376438	0.122262	0.145228	0.103251	0.0200915	-0.0866822	-0.2063	-0.330733	-0.447363	-0.541183	-0.594863	-0.591917	-0.531821	-0.426327	
-0.0202288	-0.0605285	-0.108658	-0.165578	-0.225183	-0.274135	-0.297856	-0.294708	-0.244441	-0.150696	-0.0382155	0.0677215	0.129072	0.136532	0.0998454	0.0281678	-0.0600837	-0.160154	-0.272212	-0.381197	-0.466206	-0.524347	-0.531821	-0.485522	-0.391833	
0.101388	0.100689	0.0848144	0.064707	0.0289055	-0.0114894	-0.0470955	-0.0709385	-0.0636056	-0.0201196	0.0450574	0.10914	0.147945	0.147336	0.112852	0.0552912	-0.0177678	-0.103962	-0.199973	-0.291203	-0.363895	-0.416167	-0.426327	-0.391833	-0.305989	
0.233552	0.273073	0.297875	0.308224	0.301079	0.273013	0.22979	0.187102	0.145685	0.1259	0.135966	0.159219	0.174417	0.167558	0.138396	0.090539	0.0319977	-0.0407656	-0.123248	-0.199342	-0.257925	-0.289086	-0.294436	-0.26432	-0.189106	
0.373778	0.458672	0.526361	0.564757	0.581055	0.563099	0.509537	0.437288	0.352573	0.282351	0.239767	0.220241	0.204809	0.190353	0.161843	0.118524	0.0682039	0.0136473	-0.0472403	-0.102643	-0.14514	-0.166117	-0.169403	-0.139177	-0.0751145	
0.508928	0.641856	0.742802	0.808572	0.837899	0.823039	0.757082	0.655311	0.539791	0.434787	0.350708	0.28298	0.237287	0.207512	0.173339	0.129636	0.0899923	0.0567303	0.021645	-0.0145665	-0.0473544	-0.065756	-0.0679486	-0.0385876	0.0177142	
0.620951	0.786324	0.914294	1.00084	1.03617	1.02263	0.948493	0.828327	0.689532	0.558341	0.441604	0.33836	0.268647	0.220567	0.177014	0.130578	0.104499	0.0935487	0.0743391	0.0435324	0.0120053	-0.0039247	0.00313146	0.0343046	0.0888005	
0.693507	0.873472	1.01998	1.11549	1.15538	1.14335	1.06401	0.928551	0.775537	0.637534	0.497729	0.374693	0.284261	0.226869	0.18163	0.135125	0.113775	0.115638	0.104363	0.0778771	0.045935	0.022928	0.0348796	0.0751432	0.131275	
0.706503	0.888682	1.03918	1.13368	1.17686	1.16503	1.08335	0.944865	0.790233	0.651507	0.508958	0.380995	0.285621	0.226537	0.183727	0.135948	0.114368	0.119108	0.107368	0.0819395	0.0512606	0.0277038	0.039296	0.0811733	0.137169	
0.655848	0.8289	0.965245	1.05754	1.09477	1.08128	1.00561	0.877618	0.731781	0.596428	0.468534	0.3556	0.277054	0.224666	0.177915	0.132683	0.109327	0.104063	0.0899585	0.0617259	0.0289097	0.00950342	0.0201593	0.0553268	0.110432	
0.55754	0.705575	0.818583	0.89378	0.925532	0.911329	0.841308	0.731641	0.60631	0.48859	0.390669	0.306985	0.251044	0.212839	0.175315	0.129023	0.0960815	0.0730893	0.0451953	0.011037	-0.0201892	-0.0354809	-0.0354287	-0.00654453	0.0485294	
0.429799	0.533572	0.615464	0.665702	0.688062	0.673003	0.61399	0.528543	0.43041	0.34532	0.284556	0.245472	0.217019	0.19798	0.16873	0.125773	0.0786592	0.0315975	-0.0181265	-0.0638961	-0.101552	-0.122669	-0.12611	-0.0954634	-0.0351999	
0.289488	0.346636	0.388649	0.409957	0.413605	0.390057	0.343259	0.290195	0.230322	0.187698	0.175605	0.182235	0.185901	0.176862	0.148375	0.103784	0.0489905	-0.01754	-0.0929149	-0.161306	-0.213419	-0.238461	-0.241957	-0.211896	-0.141403	
0.152604	0.168274	0.167911	0.161042	0.136278	0.100456	0.061155	0.0306239	0.0183712	0.0364505	0.0805115	0.127749	0.158468	0.154715	0.121934	0.0680483	0.00188087	-0.0786003	-0.16941	-0.25528	-0.32216	-0.365969	-0.375001	-0.343402	-0.260886	
0.0271003	0.00260203	-0.0339028	-0.0749557	-0.126924	-0.173268	-0.202106	-0.211086	-0.177314	-0.101452	-0.00713336	0.0832482	0.135134	0.13869	0.10431	0.0383325	-0.0440404	-0.139095	-0.244239	-0.34615	-0.425703	-0.4843	-0.494819	-0.45282	-0.363451	
-0.0874832	-0.151468	-0.218719	-0.294478	-0.362452	-0.411562	-0.426407	-0.403948	-0.32936	-0.21158	-0.0758849	0.047982	0.123316	0.139079	0.098864	0.0199329	-0.0787409	-0.188927	-0.310287	-0.425536	-0.517215	-0.573465	-0.573965	-0.519339	-0.418643	
-0.188441	-0.287956	-0.388726	-0.485519	-0.557275	-0.594138	-0.588879	-0.534611	-0.423255	-0.269459	-0.106233	0.0306354	0.12759	0.159542	0.117778	0.0276768	-0.0903083	-0.222917	-0.352758	-0.469131	-0.561841	-0.607328	-0.600852	-0.53429	-0.425423	
-0.273532	-0.401922	-0.525137	-0.629419	-0.691577	-0.707895	-0.673551	-0.585678	-0.441702	-0.265972	-0.0848521	0.0594495	0.162853	0.198649	0.161817	0.0660075	-0.0711244	-0.217644	-0.351028	-0.469176	-0.555443	-0.586768	-0.568992	-0.494247	-0.38821	
-0.337117	-0.483977	-0.608018	-0.698128	-0.742053	-0.732729	-0.668482	-0.546752	-0.377172	-0.189141	-0.00459395	0.149015	0.246516	0.277857	0.235121	0.136282	-0.00991094	-0.166067	-0.29982	-0.416391	-0.491491	-0.516479	-0.488744	-0.417796	-0.322476	
-0.374583	-0.519964	-0.627145	-0.692581	-0.703125	-0.66679	-0.578836	-0.428533	-0.237528	-0.039165	0.147833	0.301341	0.389664	0.411006	0.356776	0.245096	0.0920651	-0.0723482	-0.210192	-0.318594	-0.385996	-0.40744	-0.37893	-0.318624	-0.237664	
-0.370972	-0.497975	-0.582747	-0.614084	-0.592951	-0.527538	-0.405655	-0.228708	-0.0272144	0.17778	0.367608	0.513272	0.589641	0.590924	0.521152	0.395388	0.231926	0.0567982	-0.0851204	-0.189588	-0.256977	-0.280471	-0.255856	-0.203327	-0.141943	
-0.329523	-0.429275	-0.485403	-0.483275	-0.433119	-0.342431	-0.184292	0.0204883	0.237745	0.442302	0.628688	0.76623	0.824947	0.798684	0.711939	0.575852	0.402564	0.22382	0.0748249	-0.0400958	-0.113741	-0.142776	-0.133673	-0.0980504	-0.0505987	
-0.271728	-0.346488	-0.37354	-0.338666	-0.255183	-0.131296	0.0541476	0.282543	0.516214	0.719678	0.891601	1.01282	1.0587	1.01597	0.910875	0.765006	0.585617	0.40115	0.241842	0.119422	0.0379086	-0.00800119	-0.0202907	-0.00601474	0.0276684	
-0.215661	-0.262506	-0.26053	-0.19848	-0.0835159	0.0746067	0.281966	0.525125	0.765862	0.971359	1.13259	1.23589	1.26449	1.2073	1.08536	0.92856	0.74255	0.547362	0.377524	0.2437	0.153958	0.100553	0.0736501	0.0747238	0.0922161	
-0.165171	-0.186259	-0.155953	-0.0723532	0.0707887	0.25301	0.473832	0.72562	0.966342	1.16913	1.3267	1.42133	1.43743	1.36686	1.22905	1.05721	0.85434	0.647529	0.462659	0.313676	0.216795	0.164908	0.135477	0.126154	0.137068	
-0.116116	-0.117187	-0.0705644	0.034453	0.197011	0.400518	0.630989	0.887	1.12804	1.32255	1.46241	1.54701	1.55618	1.47427	1.32304	1.13568	0.917042	0.687068	0.478609	0.315746	0.213183	0.160063	0.139272	0.138439	0.152903	
-0.0761228	-0.0527686	0.00869761	0.124846	0.300947	0.522064	0.765482	1.02089	1.25376	1.43059	1.54329	1.60266	1.58969	1.49557	1.33483	1.13116	0.89845	0.649715	0.421801	0.248079	0.134339	0.0815474	0.0784249	0.0981151	0.128483	
-0.0405182	0.00745622	0.0868422	0.217307	0.396611	0.623316	0.87549	1.12555	1.3346	1.47976	1.56155	1.58344	1.53869	1.43299	1.26497	1.04492	0.796517	0.534272	0.295312	0.115143	0.00448088	-0.042814	-0.036962	0.00722076	0.0717045	
