0.380015	0.229205	0.0647859	-0.0825072	-0.181599	-0.200648	-0.129939	0.00233508	0.162751	0.32453	0.443192	0.477989	0.420064	0.283833	0.109403	-0.0785535	-0.244001	-0.372299	-0.446752	-0.445818	-0.366695	-0.221388	-0.0297505	0.184705	0.396573	
0.236897	0.0752377	-0.103521	-0.254805	-0.35628	-0.376082	-0.302564	-0.168941	0.0028179	0.177048	0.308658	0.370397	0.346204	0.246898	0.107669	-0.0407356	-0.175383	-0.275396	-0.327081	-0.307463	-0.208418	-0.0507831	0.151791	0.374105	0.586174	
0.0538141	-0.124166	-0.306516	-0.455515	-0.549899	-0.56744	-0.500957	-0.372004	-0.198397	-0.014687	0.14363	0.247038	0.272941	0.224192	0.13161	0.0245761	-0.073966	-0.151388	-0.184529	-0.141033	-0.0208397	0.149035	0.356101	0.57816	0.779097	
-0.135363	-0.325935	-0.504745	-0.651703	-0.738217	-0.751904	-0.694822	-0.568679	-0.400037	-0.211328	-0.027503	0.118458	0.192948	0.19626	0.153314	0.0911068	0.031332	-0.0218768	-0.0340306	0.0326477	0.168743	0.350711	0.556711	0.772284	0.964068	
-0.289903	-0.488361	-0.664898	-0.808743	-0.897181	-0.911568	-0.852738	-0.72659	-0.562719	-0.370371	-0.171128	-0.00107895	0.107846	0.152045	0.147724	0.127786	0.106571	0.0876607	0.109577	0.201776	0.353079	0.539015	0.739942	0.947114	1.12488	
-0.398293	-0.595534	-0.770958	-0.914214	-1.0056	-1.02299	-0.957986	-0.832741	-0.669406	-0.478901	-0.277207	-0.0969808	0.0295296	0.098911	0.12425	0.135307	0.145006	0.172146	0.238789	0.354691	0.519185	0.707468	0.899716	1.08828	1.24741	
-0.464508	-0.650166	-0.82134	-0.965634	-1.05888	-1.07632	-1.01003	-0.884038	-0.720795	-0.540605	-0.350098	-0.17798	-0.0469027	0.0382556	0.0875749	0.124055	0.164794	0.234893	0.339842	0.479936	0.652363	0.834806	1.02031	1.19351	1.34031	
-0.501852	-0.667834	-0.826311	-0.963094	-1.05342	-1.06978	-1.00637	-0.885108	-0.732873	-0.568888	-0.402072	-0.251389	-0.129443	-0.0396972	0.0253133	0.0833437	0.154503	0.255987	0.387419	0.545367	0.721282	0.901808	1.07387	1.23514	1.37734	
-0.514353	-0.649497	-0.784729	-0.902042	-0.981145	-0.994263	-0.940659	-0.834332	-0.70514	-0.567555	-0.434674	-0.310741	-0.209056	-0.133786	-0.0692321	0.00540689	0.0960806	0.213852	0.36279	0.530769	0.70623	0.884315	1.0494	1.21066	1.35972	
-0.489272	-0.586132	-0.679809	-0.768875	-0.831228	-0.842922	-0.798719	-0.71605	-0.623835	-0.528143	-0.434344	-0.351215	-0.282353	-0.229272	-0.175346	-0.102358	-0.00360366	0.118284	0.264089	0.431653	0.606211	0.778484	0.950703	1.12474	1.2902	
-0.430601	-0.476132	-0.524652	-0.576636	-0.611915	-0.619164	-0.593063	-0.546428	-0.49407	-0.449247	-0.401642	-0.359606	-0.33413	-0.311225	-0.278283	-0.214659	-0.123083	-0.00767373	0.128595	0.280824	0.438183	0.599136	0.784133	0.982345	1.16481	
-0.328407	-0.32915	-0.336484	-0.350677	-0.363357	-0.367181	-0.356235	-0.34153	-0.331024	-0.327881	-0.332369	-0.34391	-0.356326	-0.363549	-0.349485	-0.301157	-0.229212	-0.135452	-0.0237974	0.101572	0.232356	0.382137	0.573896	0.790128	0.990712	
-0.198275	-0.160031	-0.133549	-0.115235	-0.105947	-0.103887	-0.110686	-0.124812	-0.148634	-0.180475	-0.229693	-0.287885	-0.335548	-0.369974	-0.376105	-0.352463	-0.308001	-0.243738	-0.169556	-0.0768526	0.0304651	0.166429	0.351168	0.571665	0.785831	
-0.0562802	0.0140036	0.0647267	0.105722	0.131295	0.136138	0.118049	0.0821739	0.0359826	-0.0258396	-0.102527	-0.184536	-0.25828	-0.312909	-0.348287	-0.356995	-0.35329	-0.331009	-0.297178	-0.240175	-0.152086	-0.0287249	0.149542	0.365466	0.585864	
0.0800164	0.16545	0.235299	0.290886	0.323551	0.329488	0.306887	0.259111	0.195781	0.114326	0.0299722	-0.0607041	-0.147063	-0.21774	-0.279038	-0.32151	-0.361554	-0.387929	-0.398107	-0.376226	-0.299858	-0.172525	0.00178823	0.203356	0.417411	
0.174716	0.259176	0.34251	0.407656	0.448397	0.454218	0.42818	0.371035	0.294322	0.206973	0.127645	0.0438871	-0.0395663	-0.120322	-0.196043	-0.264542	-0.336492	-0.404233	-0.447156	-0.45126	-0.393358	-0.271189	-0.107314	0.0759501	0.271205	
0.200207	0.27749	0.364295	0.439365	0.490897	0.499993	0.46367	0.396505	0.312081	0.229549	0.161133	0.0935778	0.0226837	-0.0461704	-0.11638	-0.192354	-0.280598	-0.365996	-0.436148	-0.462015	-0.426664	-0.33026	-0.193981	-0.0406518	0.123599	
0.154148	0.229172	0.313996	0.397421	0.458353	0.470751	0.425939	0.34859	0.26266	0.182156	0.118703	0.0668303	0.0187991	-0.0204734	-0.0643279	-0.125937	-0.20984	-0.2931	-0.373522	-0.420103	-0.413161	-0.352651	-0.259881	-0.144557	-0.010959	
0.0437016	0.113794	0.197099	0.284159	0.345544	0.357468	0.313427	0.232435	0.145785	0.0696559	0.0123571	-0.020161	-0.0352217	-0.0424561	-0.0567981	-0.0929555	-0.150141	-0.214355	-0.287682	-0.349171	-0.375788	-0.361174	-0.312042	-0.232267	-0.127886	
-0.113361	-0.0544334	0.0250412	0.10396	0.154418	0.163357	0.12844	0.058344	-0.0246926	-0.0925965	-0.13648	-0.144971	-0.128722	-0.106105	-0.0885486	-0.0898651	-0.104033	-0.137417	-0.19842	-0.268664	-0.322325	-0.354207	-0.350917	-0.30482	-0.222443	
-0.302677	-0.253989	-0.183908	-0.121322	-0.0807353	-0.0737285	-0.101318	-0.157119	-0.226758	-0.287098	-0.313378	-0.296985	-0.256047	-0.202182	-0.14607	-0.100768	-0.0713749	-0.0743031	-0.116181	-0.192101	-0.268848	-0.335154	-0.368936	-0.353036	-0.29232	
-0.495272	-0.463481	-0.402048	-0.345041	-0.306515	-0.298809	-0.326605	-0.377657	-0.440313	-0.487335	-0.494964	-0.465513	-0.398971	-0.30892	-0.215215	-0.127617	-0.0621172	-0.0352666	-0.0541359	-0.117847	-0.207043	-0.298571	-0.365342	-0.375207	-0.329973	
-0.659824	-0.631613	-0.577262	-0.524347	-0.483594	-0.475617	-0.505864	-0.554808	-0.611477	-0.653008	-0.657523	-0.624392	-0.541456	-0.418815	-0.287281	-0.163013	-0.0659579	-0.00887606	0.00619314	-0.0386335	-0.133085	-0.241515	-0.330153	-0.362597	-0.343406	
-0.779311	-0.744221	-0.687078	-0.638428	-0.60235	-0.594079	-0.622197	-0.665413	-0.722597	-0.769321	-0.780268	-0.744641	-0.650559	-0.506873	-0.346251	-0.193861	-0.0691338	0.022061	0.0655929	0.0402063	-0.0508897	-0.170091	-0.277327	-0.339163	-0.352221	
-0.845584	-0.79572	-0.724606	-0.666006	-0.630905	-0.623507	-0.64933	-0.698676	-0.767609	-0.831244	-0.848567	-0.804966	-0.703685	-0.555504	-0.381858	-0.207893	-0.0565305	0.0642827	0.129109	0.119997	0.040711	-0.0815488	-0.209711	-0.307897	-0.367772	
-0.839452	-0.773686	-0.682378	-0.604744	-0.564712	-0.559219	-0.583632	-0.647851	-0.737733	-0.819308	-0.851614	-0.813697	-0.712946	-0.565933	-0.380982	-0.186211	-0.0141119	0.116796	0.190056	0.193668	0.124446	0.000517007	-0.141751	-0.279208	-0.394952	
-0.773686	-0.685951	-0.568209	-0.458459	-0.393232	-0.383066	-0.425491	-0.521013	-0.640552	-0.744208	-0.797151	-0.771737	-0.684424	-0.536896	-0.339457	-0.131501	0.0517415	0.19075	0.266407	0.274494	0.211934	0.0791079	-0.0898334	-0.263069	-0.421523	
-0.682378	-0.568209	-0.414003	-0.264686	-0.167661	-0.150995	-0.216997	-0.351518	-0.508753	-0.643674	-0.717991	-0.710578	-0.630051	-0.47962	-0.273018	-0.0549994	0.133541	0.274527	0.352602	0.36119	0.288426	0.138027	-0.0527782	-0.256047	-0.452171	
-0.604744	-0.458459	-0.264686	-0.0773825	0.0402162	0.0600098	-0.0191253	-0.185286	-0.383817	-0.555501	-0.651749	-0.660305	-0.579735	-0.422884	-0.214763	0.0177223	0.218908	0.361209	0.430674	0.430475	0.347348	0.185735	-0.0238276	-0.256312	-0.488357	
-0.564712	-0.393232	-0.167661	0.0402162	0.167912	0.190124	0.103014	-0.0777062	-0.305978	-0.50731	-0.616748	-0.624426	-0.540554	-0.382848	-0.176257	0.0641484	0.276805	0.423766	0.486097	0.47538	0.383091	0.215219	-0.00756464	-0.260419	-0.514298	
-0.559219	-0.383066	-0.150995	0.0600098	0.190124	0.212908	0.123937	-0.0602142	-0.292861	-0.500233	-0.610615	-0.616271	-0.531859	-0.375361	-0.169098	0.0718872	0.2876	0.436858	0.497605	0.481563	0.388582	0.220605	-0.00381675	-0.262243	-0.520043	
-0.583632	-0.425491	-0.216997	-0.0191253	0.103014	0.123937	0.0412814	-0.132111	-0.344839	-0.53053	-0.634168	-0.644484	-0.562095	-0.404169	-0.196113	0.0407234	0.246401	0.390827	0.456404	0.452613	0.365565	0.199871	-0.0157078	-0.257905	-0.500149	
-0.647851	-0.521013	-0.351518	-0.185286	-0.0777062	-0.0602142	-0.132111	-0.281771	-0.455803	-0.605029	-0.688368	-0.688378	-0.608395	-0.455376	-0.247866	-0.0243967	0.168988	0.309898	0.385809	0.391263	0.31404	0.158235	-0.0399001	-0.254868	-0.46745	
-0.737733	-0.640552	-0.508753	-0.383817	-0.305978	-0.292861	-0.344839	-0.455803	-0.589985	-0.704658	-0.766116	-0.747809	-0.664043	-0.515828	-0.313659	-0.102012	0.0827514	0.223453	0.300451	0.310047	0.245066	0.104764	-0.0739443	-0.259868	-0.432181	
-0.819308	-0.744208	-0.643674	-0.555501	-0.50731	-0.500233	-0.53053	-0.605029	-0.704658	-0.79536	-0.83588	-0.801346	-0.705891	-0.55902	-0.368458	-0.167606	0.010151	0.144495	0.218808	0.22421	0.158866	0.0334521	-0.118692	-0.270743	-0.405656	
-0.851614	-0.797151	-0.717991	-0.651749	-0.616748	-0.610615	-0.634168	-0.688368	-0.766116	-0.83588	-0.857458	-0.815492	-0.711847	-0.563304	-0.386911	-0.204384	-0.0431744	0.0828971	0.152673	0.150286	0.0744204	-0.0482549	-0.18107	-0.295553	-0.378541	
-0.813697	-0.771737	-0.710578	-0.660305	-0.624426	-0.616271	-0.644484	-0.688378	-0.747809	-0.801346	-0.815492	-0.775714	-0.67919	-0.531699	-0.363837	-0.202544	-0.0667682	0.0382917	0.0917855	0.0721153	-0.014844	-0.135091	-0.252235	-0.326845	-0.35638	
-0.712946	-0.684424	-0.630051	-0.579735	-0.540554	-0.531859	-0.562095	-0.608395	-0.664043	-0.705891	-0.711847	-0.67919	-0.590644	-0.458006	-0.312578	-0.176004	-0.06849	0.00177918	0.029197	-0.00695263	-0.101354	-0.215918	-0.310745	-0.354796	-0.346653	
-0.565933	-0.536896	-0.47962	-0.422884	-0.382848	-0.375361	-0.404169	-0.455376	-0.515828	-0.55902	-0.563304	-0.531699	-0.458006	-0.353182	-0.244862	-0.14176	-0.0627829	-0.024079	-0.0295606	-0.0860944	-0.177674	-0.277179	-0.354719	-0.372912	-0.336855	
-0.380982	-0.339457	-0.273018	-0.214763	-0.176257	-0.169098	-0.196113	-0.247866	-0.313659	-0.368458	-0.386911	-0.363837	-0.312578	-0.244862	-0.172757	-0.109349	-0.065268	-0.0564164	-0.0901881	-0.162946	-0.246609	-0.324013	-0.371375	-0.365804	-0.311967	
-0.186211	-0.131501	-0.0549994	0.0177223	0.0641484	0.0718872	0.0407234	-0.0243967	-0.102012	-0.167606	-0.204384	-0.202544	-0.176004	-0.14176	-0.109349	-0.0934165	-0.0886547	-0.108498	-0.162206	-0.237551	-0.300528	-0.347175	-0.359534	-0.326577	-0.25336	
-0.0141119	0.0517415	0.133541	0.218908	0.276805	0.2876	0.246401	0.168988	0.0827514	0.010151	-0.0431744	-0.0667682	-0.06849	-0.0627829	-0.065268	-0.0886547	-0.130253	-0.183843	-0.252851	-0.316601	-0.355436	-0.360877	-0.330561	-0.264124	-0.168776	
0.116796	0.19075	0.274527	0.361209	0.423766	0.436858	0.390827	0.309898	0.223453	0.144495	0.0828971	0.0382917	0.00177918	-0.024079	-0.0564164	-0.108498	-0.183843	-0.260916	-0.339881	-0.394401	-0.40105	-0.357024	-0.281916	-0.181099	-0.0603657	
0.190056	0.266407	0.352602	0.430674	0.486097	0.497605	0.456404	0.385809	0.300451	0.218808	0.152673	0.0917855	0.029197	-0.0295606	-0.0901881	-0.162206	-0.252851	-0.339881	-0.416695	-0.449532	-0.424614	-0.342098	-0.223053	-0.084362	0.0684143	
0.193668	0.274494	0.36119	0.430475	0.47538	0.481563	0.452613	0.391263	0.310047	0.22421	0.150286	0.0721153	-0.00695263	-0.0860944	-0.162946	-0.237551	-0.316601	-0.394401	-0.449532	-0.463594	-0.41465	-0.300029	-0.143897	0.028711	0.211298	
0.124446	0.211934	0.288426	0.347348	0.383091	0.388582	0.365565	0.31404	0.245066	0.158866	0.0744204	-0.014844	-0.101354	-0.177674	-0.246609	-0.300528	-0.355436	-0.40105	-0.424614	-0.41465	-0.344238	-0.216522	-0.0450605	0.149425	0.358365	
0.000517007	0.0791079	0.138027	0.185735	0.215219	0.220605	0.199871	0.158235	0.104764	0.0334521	-0.0482549	-0.135091	-0.215918	-0.277179	-0.324013	-0.347175	-0.360877	-0.357024	-0.342098	-0.300029	-0.216522	-0.0930187	0.0839237	0.294926	0.513783	
-0.141751	-0.0898334	-0.0527782	-0.0238276	-0.00756464	-0.00381675	-0.0157078	-0.0399001	-0.0739443	-0.118692	-0.18107	-0.252235	-0.310745	-0.354719	-0.371375	-0.359534	-0.330561	-0.281916	-0.223053	-0.143897	-0.0450605	0.0839237	0.2654	0.484537	0.703726	
-0.279208	-0.263069	-0.256047	-0.256312	-0.260419	-0.262243	-0.257905	-0.254868	-0.259868	-0.270743	-0.295553	-0.326845	-0.354796	-0.372912	-0.365804	-0.326577	-0.264124	-0.181099	-0.084362	0.028711	0.149425	0.294926	0.484537	0.704357	0.910626	
-0.394952	-0.421523	-0.452171	-0.488357	-0.514298	-0.520043	-0.500149	-0.46745	-0.432181	-0.405656	-0.378541	-0.35638	-0.346653	-0.336855	-0.311967	-0.25336	-0.168776	-0.0603657	0.0684143	0.211298	0.358365	0.513783	0.703726	0.910626	1.09999	
