-0.0696162	-0.297973	-0.472479	-0.584484	-0.612728	-0.549473	-0.410684	-0.234892	-0.0350442	0.168729	0.357898	0.528314	0.670217	0.778859	0.871204	0.950665	1.01837	1.08221	1.13029	1.13408	1.09826	1.03581	0.957573	0.853229	0.714522	
-0.297973	-0.532248	-0.69554	-0.778465	-0.769364	-0.666596	-0.48439	-0.264535	-0.0324316	0.185585	0.382579	0.553522	0.684028	0.78032	0.864113	0.934037	0.993974	1.0529	1.09789	1.10262	1.06374	0.997235	0.910624	0.804941	0.674515	
-0.472479	-0.69554	-0.839973	-0.900682	-0.863144	-0.73184	-0.522722	-0.270374	-0.0233292	0.194753	0.385043	0.541271	0.657283	0.743884	0.820638	0.882374	0.932196	0.979038	1.01074	1.0079	0.966142	0.90593	0.829049	0.734163	0.617161	
-0.584484	-0.778465	-0.900682	-0.935723	-0.880513	-0.737333	-0.520688	-0.261203	-0.0117722	0.199031	0.369721	0.503142	0.601954	0.68171	0.746153	0.797543	0.837565	0.867115	0.885036	0.876469	0.834294	0.778241	0.715228	0.640396	0.54794	
-0.612728	-0.769364	-0.863144	-0.880513	-0.817269	-0.682708	-0.482383	-0.237965	0.000803485	0.195093	0.343204	0.453592	0.542079	0.614096	0.663047	0.692547	0.716708	0.7385	0.751806	0.737478	0.694797	0.643894	0.592871	0.535778	0.469642	
-0.549473	-0.666596	-0.73184	-0.737333	-0.682708	-0.566152	-0.398695	-0.185091	0.0285475	0.199968	0.323632	0.4159	0.494886	0.555965	0.584501	0.594149	0.599382	0.610871	0.61673	0.597383	0.554271	0.509536	0.474947	0.43831	0.386788	
-0.410684	-0.48439	-0.522722	-0.520688	-0.482383	-0.398695	-0.266604	-0.0992304	0.0705211	0.204482	0.301135	0.377932	0.444042	0.493401	0.509633	0.49829	0.483284	0.478032	0.471533	0.446867	0.413683	0.383162	0.36292	0.339449	0.297599	
-0.234892	-0.264535	-0.270374	-0.261203	-0.237965	-0.185091	-0.0992304	0.00737814	0.119408	0.208039	0.270968	0.328157	0.382071	0.420726	0.428735	0.407442	0.379499	0.354882	0.328876	0.300118	0.273703	0.254585	0.242757	0.23107	0.197918	
-0.0350442	-0.0324316	-0.0233292	-0.0117722	0.000803485	0.0285475	0.0705211	0.119408	0.166684	0.202714	0.230731	0.267736	0.314113	0.345666	0.351667	0.332281	0.296176	0.25235	0.206211	0.17498	0.145555	0.123915	0.117597	0.108819	0.0813241	
0.168729	0.185585	0.194753	0.199031	0.195093	0.199968	0.204482	0.208039	0.202714	0.192347	0.189111	0.213024	0.250415	0.277357	0.286495	0.272919	0.230088	0.167845	0.107774	0.0701008	0.0317917	0.00509239	-0.0146468	-0.0362344	-0.0665354	
0.357898	0.382579	0.385043	0.369721	0.343204	0.323632	0.301135	0.270968	0.230731	0.189111	0.167525	0.179356	0.209647	0.237714	0.252003	0.235413	0.185983	0.116558	0.0454149	-0.0121092	-0.0678249	-0.116846	-0.160579	-0.196172	-0.228533	
0.528314	0.553522	0.541271	0.503142	0.453592	0.4159	0.377932	0.328157	0.267736	0.213024	0.179356	0.174454	0.199932	0.235991	0.254657	0.237673	0.18461	0.108174	0.0137797	-0.0746712	-0.158345	-0.238756	-0.30578	-0.353842	-0.394041	
0.670217	0.684028	0.657283	0.601954	0.542079	0.494886	0.444042	0.382071	0.314113	0.250415	0.209647	0.199932	0.227927	0.270031	0.287932	0.273361	0.217374	0.121352	0.000768508	-0.125585	-0.243281	-0.348768	-0.432748	-0.497393	-0.550614	
0.778859	0.78032	0.743884	0.68171	0.614096	0.555965	0.493401	0.420726	0.345666	0.277357	0.237714	0.235991	0.270031	0.31899	0.345798	0.326867	0.256912	0.136794	-0.0126594	-0.173531	-0.322535	-0.445378	-0.542938	-0.62741	-0.693375	
0.871204	0.864113	0.820638	0.746153	0.663047	0.584501	0.509633	0.428735	0.351667	0.286495	0.252003	0.254657	0.287932	0.345798	0.384835	0.361511	0.278627	0.138071	-0.0407986	-0.225784	-0.385755	-0.518576	-0.633016	-0.733253	-0.810071	
0.950665	0.934037	0.882374	0.797543	0.692547	0.594149	0.49829	0.407442	0.332281	0.272919	0.235413	0.237673	0.273361	0.326867	0.361511	0.341522	0.258962	0.111746	-0.0801514	-0.275253	-0.444249	-0.588249	-0.705293	-0.803041	-0.881518	
1.01837	0.993974	0.932196	0.837565	0.716708	0.599382	0.483284	0.379499	0.296176	0.230088	0.185983	0.18461	0.217374	0.256912	0.278627	0.258962	0.179972	0.0392491	-0.1449	-0.334454	-0.505606	-0.650915	-0.763052	-0.843191	-0.899926	
1.08221	1.0529	0.979038	0.867115	0.7385	0.610871	0.478032	0.354882	0.25235	0.167845	0.116558	0.108174	0.121352	0.136794	0.138071	0.111746	0.0392491	-0.0894986	-0.243189	-0.406075	-0.562107	-0.690275	-0.781902	-0.84125	-0.874697	
1.13029	1.09789	1.01074	0.885036	0.751806	0.61673	0.471533	0.328876	0.206211	0.107774	0.0454149	0.0137797	0.000768508	-0.0126594	-0.0407986	-0.0801514	-0.1449	-0.243189	-0.360595	-0.484974	-0.609848	-0.712876	-0.775504	-0.812848	-0.821993	
1.13408	1.10262	1.0079	0.876469	0.737478	0.597383	0.446867	0.300118	0.17498	0.0701008	-0.0121092	-0.0746712	-0.125585	-0.173531	-0.225784	-0.275253	-0.334454	-0.406075	-0.484974	-0.569914	-0.656813	-0.725438	-0.75797	-0.766683	-0.751951	
1.09826	1.06374	0.966142	0.834294	0.694797	0.554271	0.413683	0.273703	0.145555	0.0317917	-0.0678249	-0.158345	-0.243281	-0.322535	-0.385755	-0.444249	-0.505606	-0.562107	-0.609848	-0.656813	-0.706925	-0.737755	-0.742101	-0.724652	-0.689231	
1.03581	0.997235	0.90593	0.778241	0.643894	0.509536	0.383162	0.254585	0.123915	0.00509239	-0.116846	-0.238756	-0.348768	-0.445378	-0.518576	-0.588249	-0.650915	-0.690275	-0.712876	-0.725438	-0.737755	-0.72719	-0.705476	-0.671145	-0.62295	
0.957573	0.910624	0.829049	0.715228	0.592871	0.474947	0.36292	0.242757	0.117597	-0.0146468	-0.160579	-0.30578	-0.432748	-0.542938	-0.633016	-0.705293	-0.763052	-0.781902	-0.775504	-0.75797	-0.742101	-0.705476	-0.654027	-0.60079	-0.543287	
0.853229	0.804941	0.734163	0.640396	0.535778	0.43831	0.339449	0.23107	0.108819	-0.0362344	-0.196172	-0.353842	-0.497393	-0.62741	-0.733253	-0.803041	-0.843191	-0.84125	-0.812848	-0.766683	-0.724652	-0.671145	-0.60079	-0.530316	-0.45934	
0.714522	0.674515	0.617161	0.54794	0.469642	0.386788	0.297599	0.197918	0.0813241	-0.0665354	-0.228533	-0.394041	-0.550614	-0.693375	-0.810071	-0.881518	-0.899926	-0.874697	-0.821993	-0.751951	-0.689231	-0.62295	-0.543287	-0.45934	-0.382435	
0.549482	0.518084	0.479714	0.434393	0.380229	0.311023	0.23144	0.141944	0.0398028	-0.0958022	-0.257572	-0.42431	-0.580205	-0.724979	-0.843344	-0.914868	-0.920189	-0.877274	-0.801161	-0.711805	-0.632473	-0.556524	-0.475581	-0.391952	-0.321528	
0.375521	0.351842	0.330896	0.30241	0.261837	0.204537	0.142101	0.0768859	-0.00547026	-0.120426	-0.270559	-0.429415	-0.578871	-0.719155	-0.831265	-0.893391	-0.897603	-0.850017	-0.767771	-0.662855	-0.564019	-0.482395	-0.410386	-0.336685	-0.281392	
0.215236	0.196209	0.183142	0.166504	0.137293	0.0980039	0.0566035	0.0146465	-0.0437849	-0.135388	-0.261891	-0.406476	-0.549516	-0.676052	-0.778583	-0.836799	-0.845363	-0.803482	-0.722037	-0.617483	-0.514549	-0.429216	-0.358146	-0.298224	-0.265046	
0.100528	0.0800621	0.0688827	0.0581823	0.0379046	0.0153457	-0.00806645	-0.0318089	-0.0706667	-0.135961	-0.237788	-0.370698	-0.504012	-0.611944	-0.702237	-0.768578	-0.787876	-0.752781	-0.677824	-0.57714	-0.475729	-0.387926	-0.31518	-0.265689	-0.253539	
0.0404576	0.0125942	0.00554506	-0.00198498	-0.0185115	-0.0257589	-0.0380337	-0.0574375	-0.0833621	-0.137393	-0.221567	-0.33363	-0.458802	-0.562334	-0.647686	-0.716831	-0.741375	-0.716938	-0.645216	-0.546954	-0.443041	-0.351867	-0.278385	-0.239333	-0.247058	
0.0310029	0.000741041	-0.00554711	-0.0122062	-0.0279707	-0.0321674	-0.0413681	-0.0607319	-0.0853713	-0.139028	-0.218882	-0.32578	-0.449221	-0.553528	-0.637668	-0.706983	-0.732606	-0.710054	-0.639627	-0.540945	-0.435949	-0.3449	-0.271365	-0.235514	-0.246488	
0.0697262	0.0467307	0.0374803	0.0275739	0.00950968	-0.00558118	-0.0245497	-0.0448154	-0.0776231	-0.13641	-0.229067	-0.354212	-0.48467	-0.588419	-0.675906	-0.745205	-0.766242	-0.735577	-0.662664	-0.563777	-0.461232	-0.37107	-0.297883	-0.253442	-0.249663	
0.163192	0.143735	0.13165	0.118248	0.0933868	0.0609781	0.0274406	-0.00593712	-0.0556458	-0.136919	-0.253011	-0.393645	-0.532204	-0.650419	-0.748194	-0.808483	-0.822354	-0.782945	-0.703004	-0.59978	-0.499223	-0.414012	-0.341295	-0.284981	-0.260518	
0.307705	0.287131	0.27051	0.247387	0.210316	0.159966	0.105921	0.0508376	-0.0222442	-0.127423	-0.269941	-0.423022	-0.570481	-0.70668	-0.815323	-0.874004	-0.878892	-0.832808	-0.751134	-0.644861	-0.541515	-0.456408	-0.38663	-0.319458	-0.272702	
0.48023	0.451989	0.420935	0.38333	0.335567	0.270943	0.197772	0.116715	0.0217727	-0.106564	-0.265189	-0.430078	-0.583643	-0.726775	-0.84316	-0.911489	-0.916256	-0.869403	-0.788924	-0.692056	-0.604594	-0.526437	-0.449519	-0.36811	-0.302416	
0.650705	0.614569	0.564469	0.505686	0.43752	0.360187	0.273989	0.177122	0.0660283	-0.0782275	-0.241165	-0.408236	-0.566168	-0.710228	-0.828894	-0.901777	-0.912739	-0.879711	-0.816301	-0.73837	-0.669474	-0.598417	-0.516397	-0.431412	-0.355658	
0.802036	0.755933	0.689561	0.605369	0.511181	0.420025	0.325131	0.221555	0.100249	-0.0481401	-0.209611	-0.370922	-0.520399	-0.657343	-0.768644	-0.838048	-0.869432	-0.858464	-0.820773	-0.763333	-0.712401	-0.654035	-0.578919	-0.501893	-0.427463	
0.919681	0.8706	0.793915	0.686945	0.570581	0.461755	0.355246	0.238988	0.115693	-0.0224251	-0.174926	-0.326511	-0.459883	-0.577629	-0.675104	-0.746092	-0.797753	-0.808646	-0.792861	-0.764346	-0.737282	-0.692859	-0.632558	-0.5724	-0.509417	
1.0063	0.965105	0.87711	0.754052	0.623976	0.494126	0.373526	0.249356	0.120099	-0.00318728	-0.135205	-0.267972	-0.385517	-0.486949	-0.565428	-0.638269	-0.700814	-0.731263	-0.742194	-0.742131	-0.742845	-0.720435	-0.68621	-0.644083	-0.591514	
1.07528	1.03919	0.943718	0.81259	0.674492	0.535721	0.40086	0.265178	0.135731	0.0196176	-0.0886896	-0.191059	-0.287349	-0.375111	-0.442465	-0.50528	-0.566904	-0.618172	-0.6551	-0.688102	-0.722255	-0.735596	-0.730087	-0.705594	-0.664885	
1.12374	1.0919	0.995146	0.863277	0.723037	0.581283	0.433577	0.288392	0.162938	0.0551471	-0.0341769	-0.108334	-0.174134	-0.236093	-0.292889	-0.345513	-0.405547	-0.470127	-0.536067	-0.60545	-0.677418	-0.731463	-0.752459	-0.749738	-0.725952	
1.13771	1.10503	1.01464	0.885418	0.749784	0.613248	0.46409	0.318036	0.192437	0.0912643	0.0212585	-0.0229794	-0.0501032	-0.0763676	-0.115797	-0.160546	-0.222	-0.307645	-0.409339	-0.51806	-0.628183	-0.717773	-0.768473	-0.794421	-0.79389	
1.10565	1.07426	0.994474	0.876052	0.746101	0.614321	0.476828	0.344717	0.233329	0.14126	0.087034	0.0704384	0.0749041	0.0787246	0.0692598	0.0383883	-0.0312182	-0.149551	-0.289737	-0.437178	-0.581591	-0.701721	-0.781279	-0.833237	-0.857356	
1.04417	1.01826	0.951264	0.850431	0.725971	0.60422	0.480075	0.369024	0.279189	0.206586	0.159491	0.158003	0.183225	0.214258	0.228829	0.20693	0.130901	-0.00626871	-0.179935	-0.361769	-0.529696	-0.669061	-0.775294	-0.84693	-0.893546	
0.978508	0.958357	0.902813	0.814674	0.702284	0.59574	0.491481	0.395933	0.319188	0.259367	0.218941	0.21944	0.256192	0.305329	0.335097	0.316641	0.234417	0.0889711	-0.102219	-0.296505	-0.468208	-0.615937	-0.732234	-0.82331	-0.894996	
0.904799	0.893558	0.84755	0.768553	0.676243	0.589539	0.506921	0.422747	0.346242	0.2842	0.249814	0.252556	0.286377	0.344218	0.383096	0.360656	0.276815	0.131935	-0.0548676	-0.245883	-0.40933	-0.545536	-0.662348	-0.764375	-0.845266	
0.817723	0.815232	0.775407	0.709339	0.636721	0.571249	0.504059	0.428292	0.351669	0.283442	0.246214	0.246995	0.28112	0.333879	0.367588	0.346385	0.26927	0.139742	-0.022929	-0.193887	-0.349373	-0.477325	-0.583214	-0.674995	-0.744069	
0.71727	0.725352	0.694196	0.635769	0.572699	0.522454	0.46698	0.399639	0.329366	0.26309	0.222255	0.214601	0.245003	0.289407	0.309079	0.293505	0.233577	0.128504	-0.00241389	-0.144885	-0.276781	-0.389256	-0.47737	-0.550388	-0.60929	
0.5889	0.611233	0.592609	0.54614	0.490756	0.449327	0.405352	0.35109	0.286844	0.22788	0.190104	0.181883	0.206999	0.246339	0.26438	0.24935	0.195555	0.111881	0.0066538	-0.0955218	-0.192638	-0.283968	-0.359162	-0.413718	-0.458984	
0.428685	0.454517	0.452356	0.427627	0.391369	0.362753	0.333429	0.294142	0.242955	0.195171	0.168888	0.173292	0.201428	0.232899	0.248625	0.230734	0.180075	0.108973	0.0291735	-0.0394962	-0.104595	-0.166444	-0.219973	-0.260118	-0.294964	
