1.19399	1.19588	1.17333	1.1217	1.05568	0.981218	0.891548	0.79193	0.698828	0.632682	0.60184	0.587916	0.577161	0.535844	0.443536	0.306943	0.147918	-0.0307804	-0.198644	-0.316358	-0.375221	-0.376166	-0.317548	-0.207492	-0.0630664	
1.19588	1.21217	1.20284	1.15961	1.09779	1.03152	0.95053	0.867886	0.793847	0.748554	0.732338	0.729291	0.722476	0.676333	0.567877	0.407608	0.23454	0.0485187	-0.123121	-0.240979	-0.301777	-0.300817	-0.236017	-0.117006	0.036793	
1.17333	1.20284	1.20174	1.16445	1.10361	1.03807	0.968969	0.901231	0.844734	0.816616	0.821042	0.837748	0.834072	0.784227	0.670032	0.507629	0.329364	0.141502	-0.0298235	-0.150815	-0.214637	-0.213365	-0.142966	-0.0223537	0.13177	
1.1217	1.15961	1.16445	1.12792	1.06987	1.00621	0.947969	0.89066	0.847405	0.835441	0.862972	0.893149	0.894885	0.850169	0.751136	0.601992	0.424616	0.240631	0.0740594	-0.0482452	-0.116257	-0.116631	-0.052104	0.0578748	0.200914	
1.05568	1.09779	1.10361	1.06987	1.01364	0.942959	0.882715	0.832641	0.803096	0.805095	0.838544	0.881348	0.896106	0.87017	0.796221	0.664914	0.500475	0.324032	0.165962	0.0427971	-0.0289228	-0.0353801	0.010383	0.103684	0.232539	
0.981218	1.03152	1.03807	1.00621	0.942959	0.861231	0.790489	0.745792	0.7225	0.724644	0.762647	0.813339	0.841148	0.827125	0.769244	0.658937	0.512627	0.353112	0.20734	0.0899505	0.0189922	0.00204554	0.0310481	0.111579	0.233061	
0.891548	0.95053	0.968969	0.947969	0.882715	0.790489	0.713401	0.659291	0.625869	0.625875	0.662829	0.711885	0.734309	0.7196	0.663086	0.562874	0.435302	0.298757	0.172485	0.0679133	0.00260827	-0.0194479	0.00396932	0.0829479	0.202029	
0.79193	0.867886	0.901231	0.89066	0.832641	0.745792	0.659291	0.584041	0.538339	0.534522	0.559293	0.584291	0.588629	0.56155	0.49167	0.390849	0.278989	0.165692	0.0585166	-0.0270481	-0.0774917	-0.0896758	-0.0590774	0.0217456	0.138869	
0.698828	0.793847	0.844734	0.847405	0.803096	0.7225	0.625869	0.538339	0.482115	0.4621	0.456892	0.441263	0.410503	0.355726	0.269082	0.170256	0.0709552	-0.0292349	-0.119021	-0.182322	-0.20762	-0.196975	-0.149928	-0.0651423	0.0470072	
0.632682	0.748554	0.816616	0.835441	0.805095	0.724644	0.625875	0.534522	0.4621	0.415992	0.37087	0.300605	0.212872	0.116999	0.0159127	-0.0831098	-0.180381	-0.270915	-0.340878	-0.378172	-0.377841	-0.337347	-0.264461	-0.16999	-0.0564932	
0.60184	0.732338	0.821042	0.862972	0.838544	0.762647	0.662829	0.559293	0.456892	0.37087	0.277192	0.14449	-0.00216147	-0.136993	-0.256551	-0.364663	-0.460652	-0.534677	-0.575418	-0.585126	-0.557256	-0.48485	-0.385195	-0.273359	-0.150449	
0.587916	0.729291	0.837748	0.893149	0.881348	0.813339	0.711885	0.584291	0.441263	0.300605	0.14449	-0.0434016	-0.232171	-0.399128	-0.539237	-0.652612	-0.739775	-0.789781	-0.80005	-0.771899	-0.705388	-0.601751	-0.477665	-0.347808	-0.207969	
0.577161	0.722476	0.834072	0.894885	0.896106	0.841148	0.734309	0.588629	0.410503	0.212872	-0.00216147	-0.232171	-0.45293	-0.648387	-0.802398	-0.913901	-0.985794	-1.0179	-0.999188	-0.926823	-0.814043	-0.675154	-0.524597	-0.368363	-0.209335	
0.535844	0.676333	0.784227	0.850169	0.87017	0.827125	0.7196	0.56155	0.355726	0.116999	-0.136993	-0.399128	-0.648387	-0.863776	-1.02354	-1.12359	-1.17361	-1.18041	-1.13077	-1.0169	-0.862741	-0.688248	-0.503453	-0.318397	-0.140455	
0.443536	0.567877	0.670032	0.751136	0.796221	0.769244	0.663086	0.49167	0.269082	0.0159127	-0.256551	-0.539237	-0.802398	-1.02354	-1.17866	-1.26152	-1.28134	-1.24998	-1.16111	-1.01157	-0.825058	-0.62038	-0.40595	-0.198889	-0.0111309	
0.306943	0.407608	0.507629	0.601992	0.664914	0.658937	0.562874	0.390849	0.170256	-0.0831098	-0.364663	-0.652612	-0.913901	-1.12359	-1.26152	-1.32292	-1.31132	-1.23708	-1.10105	-0.915805	-0.700922	-0.470042	-0.241386	-0.0301164	0.155637	
0.147918	0.23454	0.329364	0.424616	0.500475	0.512627	0.435302	0.278989	0.0709552	-0.180381	-0.460652	-0.739775	-0.985794	-1.17361	-1.28134	-1.31132	-1.26923	-1.15111	-0.974005	-0.756893	-0.513257	-0.263535	-0.0348925	0.161104	0.331905	
-0.0307804	0.0485187	0.141502	0.240631	0.324032	0.353112	0.298757	0.165692	-0.0292349	-0.270915	-0.534677	-0.789781	-1.0179	-1.18041	-1.24998	-1.23708	-1.15111	-0.993844	-0.781402	-0.53704	-0.271012	-0.018038	0.192134	0.3642	0.504383	
-0.198644	-0.123121	-0.0298235	0.0740594	0.165962	0.20734	0.172485	0.0585166	-0.119021	-0.340878	-0.575418	-0.80005	-0.999188	-1.13077	-1.16111	-1.10105	-0.974005	-0.781402	-0.540608	-0.272755	-0.00696427	0.222376	0.404233	0.547237	0.652038	
-0.316358	-0.240979	-0.150815	-0.0482452	0.0427971	0.0899505	0.0679133	-0.0270481	-0.182322	-0.378172	-0.585126	-0.771899	-0.926823	-1.0169	-1.01157	-0.915805	-0.756893	-0.53704	-0.272755	-0.00390717	0.23896	0.431105	0.577843	0.683802	0.742019	
-0.375221	-0.301777	-0.214637	-0.116257	-0.0289228	0.0189922	0.00260827	-0.0774917	-0.20762	-0.377841	-0.557256	-0.705388	-0.814043	-0.862741	-0.825058	-0.700922	-0.513257	-0.271012	-0.00696427	0.23896	0.448324	0.607869	0.710206	0.758369	0.764053	
-0.376166	-0.300817	-0.213365	-0.116631	-0.0353801	0.00204554	-0.0194479	-0.0896758	-0.196975	-0.337347	-0.48485	-0.601751	-0.675154	-0.688248	-0.62038	-0.470042	-0.263535	-0.018038	0.222376	0.431105	0.607869	0.728798	0.777	0.765724	0.724699	
-0.317548	-0.236017	-0.142966	-0.052104	0.010383	0.0310481	0.00396932	-0.0590774	-0.149928	-0.264461	-0.385195	-0.477665	-0.524597	-0.503453	-0.40595	-0.241386	-0.0348925	0.192134	0.404233	0.577843	0.710206	0.777	0.77111	0.717729	0.64028	
-0.207492	-0.117006	-0.0223537	0.0578748	0.103684	0.111579	0.0829479	0.0217456	-0.0651423	-0.16999	-0.273359	-0.347808	-0.368363	-0.318397	-0.198889	-0.0301164	0.161104	0.3642	0.547237	0.683802	0.758369	0.765724	0.717729	0.630505	0.519837	
-0.0630664	0.036793	0.13177	0.200914	0.232539	0.233061	0.202029	0.138869	0.0470072	-0.0564932	-0.150449	-0.207969	-0.209335	-0.140455	-0.0111309	0.155637	0.331905	0.504383	0.652038	0.742019	0.764053	0.724699	0.64028	0.519837	0.378182	
0.113451	0.218796	0.311578	0.372033	0.393033	0.381482	0.340453	0.26707	0.16587	0.052921	-0.0430859	-0.0932576	-0.0771362	0.0062131	0.142901	0.306524	0.470856	0.614921	0.719038	0.767485	0.749771	0.675474	0.556847	0.406126	0.247205	
0.296846	0.409265	0.498002	0.547185	0.556061	0.530048	0.473798	0.385713	0.266421	0.13512	0.0270357	-0.0209246	0.0122924	0.113242	0.25284	0.412227	0.569365	0.692105	0.762757	0.7766	0.73136	0.631399	0.489016	0.321883	0.153627	
0.467839	0.575802	0.659423	0.702823	0.703202	0.664829	0.590509	0.478515	0.334159	0.180815	0.0591812	0.0101083	0.0540114	0.166332	0.309568	0.466074	0.622542	0.734949	0.78477	0.7758	0.710414	0.598618	0.450305	0.279077	0.10518	
0.599605	0.704495	0.784814	0.823123	0.816794	0.764483	0.671065	0.533785	0.365189	0.19559	0.0653268	0.01013	0.0549591	0.175116	0.327943	0.488294	0.640364	0.744763	0.786256	0.770146	0.695241	0.578295	0.432437	0.264771	0.094448	
0.674014	0.779083	0.86107	0.896408	0.880265	0.817363	0.710151	0.558027	0.374707	0.194909	0.0568465	-0.00647427	0.0343001	0.164455	0.3323	0.497559	0.642276	0.737232	0.782209	0.771434	0.694919	0.57217	0.424949	0.263633	0.101926	
0.687756	0.79247	0.873939	0.908615	0.891787	0.825577	0.717019	0.561643	0.37618	0.194232	0.0536899	-0.0127556	0.0278497	0.159833	0.332616	0.498552	0.640481	0.735119	0.781	0.773613	0.696422	0.57204	0.424652	0.264057	0.104737	
0.636097	0.741456	0.822397	0.858908	0.84789	0.791049	0.690745	0.546628	0.370861	0.196603	0.0630904	0.00464629	0.0476746	0.172886	0.331543	0.493466	0.641847	0.741866	0.784905	0.769359	0.692864	0.573815	0.428161	0.263234	0.0962674	
0.526811	0.632309	0.713892	0.755905	0.754082	0.710435	0.628112	0.504998	0.350083	0.189154	0.0635841	0.0126808	0.0580922	0.173136	0.319266	0.476895	0.633032	0.742865	0.787731	0.773711	0.703281	0.589436	0.442034	0.271323	0.0972333	
0.367725	0.480176	0.566764	0.612391	0.617703	0.586353	0.523701	0.426654	0.297816	0.157875	0.0440209	-0.00370498	0.0351923	0.141363	0.281664	0.439525	0.596107	0.713895	0.773808	0.777192	0.723053	0.616591	0.469748	0.299741	0.129308	
0.187396	0.295352	0.387039	0.44369	0.458689	0.441874	0.394791	0.317198	0.209724	0.0899278	-0.0100896	-0.0591289	-0.0362238	0.0548716	0.193097	0.354907	0.515512	0.649089	0.738946	0.77228	0.742951	0.65659	0.525914	0.367499	0.204496	
0.00495827	0.107353	0.201323	0.266534	0.294569	0.2902	0.2572	0.190241	0.094888	-0.0111634	-0.104429	-0.157434	-0.151929	-0.0779274	0.0552294	0.220799	0.391486	0.552771	0.682654	0.755496	0.759501	0.70519	0.606867	0.472724	0.322707	
-0.154375	-0.0598301	0.0357545	0.111642	0.150689	0.156223	0.126391	0.0660465	-0.0224344	-0.126421	-0.224711	-0.29113	-0.303178	-0.244556	-0.120945	0.047657	0.232952	0.424113	0.594746	0.712221	0.764281	0.751334	0.688753	0.588265	0.463857	
-0.278218	-0.193464	-0.0992634	-0.0125463	0.0426981	0.0570569	0.029497	-0.032421	-0.119857	-0.228581	-0.342136	-0.427338	-0.463026	-0.429304	-0.321552	-0.154923	0.0465866	0.264958	0.465665	0.625767	0.735539	0.777772	0.753688	0.68669	0.595968	
-0.360134	-0.282301	-0.19224	-0.0977437	-0.0232635	0.00784067	-0.0164111	-0.0832714	-0.183026	-0.311063	-0.446678	-0.553251	-0.615929	-0.614206	-0.534081	-0.376899	-0.168317	0.071408	0.300276	0.494706	0.655821	0.756476	0.781868	0.75174	0.695887	
-0.382181	-0.309412	-0.222903	-0.124781	-0.0390077	0.00643045	-0.0112509	-0.0864629	-0.207702	-0.366942	-0.533197	-0.667948	-0.76127	-0.795602	-0.745452	-0.609999	-0.412524	-0.165795	0.0909867	0.322428	0.51945	0.665174	0.74641	0.769537	0.754564	
-0.347148	-0.271667	-0.182784	-0.0830694	0.00683829	0.0548963	0.0365744	-0.0519946	-0.197104	-0.382608	-0.579178	-0.748889	-0.884794	-0.958114	-0.93972	-0.832584	-0.661656	-0.431688	-0.16448	0.0978719	0.326905	0.505702	0.636327	0.721142	0.758827	
-0.252529	-0.17788	-0.0852225	0.0192387	0.111653	0.156397	0.126408	0.0208828	-0.148158	-0.360175	-0.583211	-0.794154	-0.976331	-1.09227	-1.10827	-1.03213	-0.891398	-0.687119	-0.435003	-0.163478	0.0955623	0.309749	0.478432	0.608737	0.696225	
-0.101973	-0.0243616	0.0693201	0.170222	0.256824	0.29145	0.246876	0.121378	-0.0674811	-0.302236	-0.555173	-0.798368	-1.01687	-1.1679	-1.2215	-1.1898	-1.08576	-0.913659	-0.689692	-0.434321	-0.165493	0.0812083	0.280543	0.441384	0.56803	
0.0777774	0.160834	0.254308	0.350758	0.429885	0.448812	0.380044	0.233862	0.0308725	-0.21826	-0.493686	-0.76476	-1.00385	-1.18172	-1.27516	-1.28932	-1.23095	-1.09627	-0.904099	-0.676123	-0.421671	-0.167917	0.0556212	0.242315	0.401938	
0.245716	0.339272	0.437626	0.533554	0.602287	0.603652	0.514258	0.34653	0.130899	-0.122047	-0.404611	-0.691133	-0.947153	-1.14915	-1.27603	-1.32648	-1.30382	-1.21182	-1.05821	-0.859172	-0.633043	-0.393716	-0.163132	0.044418	0.22579	
0.39215	0.508078	0.609103	0.696193	0.74915	0.731119	0.627851	0.453248	0.229252	-0.0240436	-0.300911	-0.587415	-0.852242	-1.07039	-1.22016	-1.29494	-1.30166	-1.25401	-1.14617	-0.982069	-0.783969	-0.568579	-0.346976	-0.135486	0.0533333	
0.505579	0.640579	0.745643	0.817491	0.847732	0.809681	0.702784	0.539033	0.324448	0.076725	-0.186458	-0.458813	-0.715297	-0.935515	-1.09486	-1.18828	-1.22682	-1.21894	-1.15531	-1.027	-0.858693	-0.671308	-0.473138	-0.278212	-0.0950447	
0.565689	0.710788	0.821212	0.883445	0.890595	0.84082	0.733175	0.582168	0.392455	0.175386	-0.0580271	-0.301416	-0.534585	-0.739036	-0.89684	-1.00546	-1.06942	-1.0933	-1.06237	-0.973431	-0.843186	-0.689072	-0.525339	-0.357241	-0.190786	
0.584927	0.728837	0.839432	0.897765	0.892246	0.829231	0.725279	0.589036	0.431088	0.267022	0.084884	-0.121513	-0.323093	-0.502016	-0.648473	-0.762041	-0.843975	-0.886053	-0.884141	-0.838234	-0.753204	-0.63666	-0.50269	-0.3634	-0.21623	
0.59459	0.729783	0.828681	0.877737	0.856323	0.782577	0.683124	0.570648	0.452673	0.346017	0.228379	0.072289	-0.0930239	-0.241509	-0.369319	-0.480458	-0.574074	-0.638852	-0.667585	-0.66293	-0.620989	-0.53652	-0.427446	-0.308282	-0.178833	
