-0.139465	-0.138004	-0.140352	-0.143125	-0.147459	-0.149363	-0.144744	-0.141032	-0.139272	-0.137884	-0.143096	-0.149928	-0.151699	-0.156914	-0.158299	-0.14637	-0.137146	-0.12938	-0.117604	-0.113363	-0.118785	-0.135433	-0.163747	-0.202483	-0.252126	
-0.120605	-0.126037	-0.139096	-0.149199	-0.155735	-0.158016	-0.152216	-0.143227	-0.131637	-0.121646	-0.122204	-0.130445	-0.14092	-0.15511	-0.166385	-0.167005	-0.163951	-0.154947	-0.140106	-0.129691	-0.123963	-0.127935	-0.142227	-0.168726	-0.217199	
-0.127363	-0.131626	-0.137431	-0.141132	-0.143869	-0.145027	-0.142056	-0.13896	-0.134118	-0.128857	-0.124842	-0.122988	-0.129227	-0.143284	-0.157463	-0.165383	-0.170649	-0.168388	-0.153676	-0.141043	-0.134195	-0.130304	-0.134584	-0.151455	-0.185288	
-0.139082	-0.13437	-0.134211	-0.131305	-0.125162	-0.124401	-0.128777	-0.133359	-0.134009	-0.137182	-0.138482	-0.132251	-0.128181	-0.128327	-0.134031	-0.145528	-0.158572	-0.167868	-0.16631	-0.157287	-0.147451	-0.139388	-0.134746	-0.142699	-0.166082	
-0.140671	-0.134024	-0.127786	-0.121364	-0.117156	-0.116863	-0.119371	-0.125329	-0.131256	-0.138569	-0.13998	-0.135462	-0.134646	-0.128397	-0.121103	-0.124242	-0.135162	-0.150449	-0.162291	-0.169629	-0.169109	-0.157573	-0.146351	-0.14437	-0.152756	
-0.134752	-0.125643	-0.122846	-0.121568	-0.115508	-0.113538	-0.119233	-0.123201	-0.123335	-0.131509	-0.135639	-0.130084	-0.130767	-0.127374	-0.120393	-0.121516	-0.124675	-0.134937	-0.150484	-0.164375	-0.175772	-0.17251	-0.157554	-0.149979	-0.147167	
-0.119333	-0.115034	-0.117209	-0.120918	-0.122467	-0.122723	-0.121841	-0.118745	-0.115006	-0.118115	-0.120225	-0.120631	-0.128842	-0.129564	-0.125188	-0.127986	-0.126816	-0.126965	-0.135481	-0.148433	-0.162966	-0.170067	-0.16574	-0.157109	-0.14722	
-0.10846	-0.107923	-0.11271	-0.121054	-0.124734	-0.124006	-0.122903	-0.116829	-0.108291	-0.10805	-0.108833	-0.111524	-0.125872	-0.132944	-0.132048	-0.135594	-0.129847	-0.121921	-0.121147	-0.124946	-0.138447	-0.152781	-0.164918	-0.173199	-0.164344	
-0.112615	-0.11008	-0.111324	-0.114576	-0.114834	-0.114332	-0.115323	-0.112941	-0.109648	-0.111608	-0.11317	-0.113078	-0.119285	-0.123901	-0.124709	-0.129359	-0.12621	-0.119317	-0.119851	-0.120974	-0.126445	-0.138797	-0.155097	-0.17403	-0.17752	
-0.119336	-0.123029	-0.116038	-0.106293	-0.100699	-0.0992591	-0.103685	-0.112375	-0.121117	-0.121714	-0.1154	-0.111284	-0.109817	-0.107948	-0.111124	-0.12158	-0.125631	-0.124151	-0.125601	-0.126071	-0.126447	-0.129955	-0.141251	-0.157414	-0.168124	
-0.115483	-0.115041	-0.108952	-0.105659	-0.104071	-0.102754	-0.104507	-0.107415	-0.112743	-0.115781	-0.115317	-0.111702	-0.104592	-0.101942	-0.105308	-0.11537	-0.126062	-0.130744	-0.132499	-0.127371	-0.120305	-0.118993	-0.124742	-0.135889	-0.148111	
-0.0983012	-0.098756	-0.100148	-0.105412	-0.113943	-0.116363	-0.109146	-0.100926	-0.0998618	-0.097857	-0.103067	-0.115403	-0.114949	-0.112202	-0.111763	-0.107801	-0.110912	-0.119608	-0.127381	-0.127772	-0.11964	-0.116537	-0.121894	-0.126665	-0.134677	
-0.0953276	-0.101926	-0.103844	-0.104409	-0.106182	-0.106473	-0.10514	-0.103933	-0.103448	-0.0969164	-0.097301	-0.109478	-0.113387	-0.115125	-0.116387	-0.107439	-0.101064	-0.104034	-0.115201	-0.126714	-0.127483	-0.124073	-0.125612	-0.124623	-0.125404	
-0.105305	-0.108541	-0.104199	-0.0986827	-0.0980609	-0.0990089	-0.0982899	-0.10132	-0.107985	-0.106601	-0.103711	-0.103227	-0.0982072	-0.104289	-0.11382	-0.109435	-0.107403	-0.106286	-0.106309	-0.117739	-0.128234	-0.130564	-0.127483	-0.120245	-0.117376	
-0.102833	-0.103992	-0.103578	-0.0995179	-0.0960154	-0.0959709	-0.0977103	-0.10168	-0.105087	-0.103316	-0.102397	-0.10312	-0.0966342	-0.0966448	-0.107039	-0.109312	-0.11237	-0.11545	-0.10716	-0.10423	-0.11469	-0.127224	-0.128954	-0.12014	-0.116749	
-0.0999757	-0.0970511	-0.0976801	-0.0991127	-0.0995771	-0.0992293	-0.0986712	-0.098341	-0.0968029	-0.0987674	-0.101352	-0.100636	-0.100276	-0.100871	-0.102742	-0.104373	-0.108678	-0.113704	-0.110784	-0.102947	-0.102824	-0.11655	-0.12779	-0.126073	-0.123102	
-0.0984631	-0.0919032	-0.093587	-0.097631	-0.099929	-0.101016	-0.099508	-0.0954054	-0.0912431	-0.095806	-0.100396	-0.099457	-0.102695	-0.103441	-0.0999256	-0.0993759	-0.10353	-0.108644	-0.109657	-0.108476	-0.104923	-0.10653	-0.116638	-0.127155	-0.130908	
-0.0961706	-0.0911215	-0.0967063	-0.0995599	-0.0943493	-0.0929309	-0.0983294	-0.0989571	-0.0917639	-0.0940358	-0.0980241	-0.0970675	-0.104558	-0.103964	-0.0951208	-0.096098	-0.0991728	-0.103195	-0.108407	-0.112562	-0.11428	-0.108527	-0.104321	-0.116678	-0.131106	
-0.0997623	-0.100614	-0.0987526	-0.0932257	-0.091091	-0.0903356	-0.0910651	-0.0971705	-0.0999226	-0.100819	-0.0963444	-0.086688	-0.0940419	-0.10364	-0.0995254	-0.100083	-0.100955	-0.0994784	-0.103581	-0.109429	-0.113806	-0.111052	-0.101691	-0.106249	-0.125416	
-0.0981242	-0.0959746	-0.0931996	-0.0926971	-0.0934773	-0.093042	-0.0925551	-0.0934022	-0.0949803	-0.0972632	-0.0970899	-0.0919745	-0.0901976	-0.0937338	-0.100201	-0.107089	-0.103781	-0.0980833	-0.0988211	-0.10302	-0.108896	-0.109351	-0.104858	-0.10432	-0.115815	
-0.0901929	-0.0860872	-0.0863529	-0.0946304	-0.097687	-0.0976416	-0.0971981	-0.0890398	-0.0850756	-0.0882314	-0.0941122	-0.103094	-0.102401	-0.0913865	-0.0909521	-0.101872	-0.101041	-0.0944143	-0.096961	-0.101124	-0.10723	-0.112801	-0.114518	-0.111634	-0.108146	
-0.0891839	-0.0978111	-0.0942574	-0.0895464	-0.0901606	-0.0913317	-0.0900472	-0.0910257	-0.0978871	-0.0933964	-0.0868746	-0.095117	-0.0995934	-0.0951048	-0.0895746	-0.0924501	-0.10174	-0.102136	-0.101508	-0.10177	-0.0998226	-0.104405	-0.114964	-0.115788	-0.104716	
-0.091406	-0.0979873	-0.0964573	-0.0890918	-0.0875623	-0.0881617	-0.0872423	-0.0929954	-0.0995277	-0.0936503	-0.0899431	-0.0907906	-0.0872325	-0.0951934	-0.100319	-0.0913575	-0.0951706	-0.104836	-0.105506	-0.102104	-0.0967377	-0.0950926	-0.107632	-0.116903	-0.105522	
-0.0893697	-0.0872616	-0.0886321	-0.0894792	-0.0940778	-0.0956012	-0.0905267	-0.088995	-0.0881927	-0.0869797	-0.0929706	-0.0957978	-0.088492	-0.093707	-0.10625	-0.0961964	-0.0856723	-0.0940487	-0.100446	-0.100426	-0.100882	-0.100884	-0.106612	-0.117534	-0.112774	
-0.0923764	-0.0894776	-0.0878496	-0.0909768	-0.0902623	-0.0887163	-0.0916457	-0.0899489	-0.0875485	-0.0915958	-0.0923626	-0.0942607	-0.0927147	-0.0866276	-0.0952013	-0.0980722	-0.091982	-0.0958699	-0.0991572	-0.101429	-0.102189	-0.103794	-0.102361	-0.103818	-0.113005	
-0.0952465	-0.0874314	-0.0876019	-0.0952656	-0.0876458	-0.0827448	-0.0937176	-0.0918284	-0.0844724	-0.0936693	-0.0948622	-0.0883	-0.0925428	-0.0907812	-0.0871641	-0.0948966	-0.100601	-0.0978505	-0.0962265	-0.100081	-0.101328	-0.104696	-0.100861	-0.0935547	-0.10903	
-0.0874314	-0.0870654	-0.0932347	-0.0904092	-0.0878612	-0.0887881	-0.0888648	-0.0924132	-0.0898314	-0.0868072	-0.089636	-0.0860357	-0.0935648	-0.101676	-0.0880634	-0.0908866	-0.101682	-0.0937613	-0.0908827	-0.0944631	-0.101234	-0.108257	-0.104545	-0.0980969	-0.107891	
-0.0876019	-0.0932347	-0.0937908	-0.0823084	-0.0881708	-0.0942744	-0.0830132	-0.0877801	-0.0964532	-0.0889822	-0.0869547	-0.088317	-0.092643	-0.0965867	-0.0885966	-0.0900099	-0.097288	-0.0977236	-0.0953894	-0.0939251	-0.102375	-0.105183	-0.103088	-0.101694	-0.104236	
-0.0952656	-0.0904092	-0.0823084	-0.0847448	-0.0929869	-0.0953031	-0.0878389	-0.0813812	-0.0869805	-0.0941833	-0.0928115	-0.0906158	-0.0892214	-0.0885179	-0.0933957	-0.0934071	-0.091295	-0.0984599	-0.098999	-0.0971132	-0.100414	-0.0982342	-0.101767	-0.106056	-0.104999	
-0.0876458	-0.0878612	-0.0881708	-0.0929869	-0.0879626	-0.0837259	-0.0916449	-0.0914857	-0.0871099	-0.0875321	-0.088885	-0.0934174	-0.0901549	-0.0875678	-0.0959973	-0.0957308	-0.0914153	-0.0923157	-0.0976375	-0.101597	-0.096284	-0.0961234	-0.103019	-0.112061	-0.109263	
-0.0827448	-0.0887881	-0.0942744	-0.0953031	-0.0837259	-0.0780302	-0.0916886	-0.0973034	-0.0904405	-0.0843008	-0.0854157	-0.0940742	-0.0913689	-0.0879076	-0.096268	-0.0961485	-0.0911691	-0.0901089	-0.0977221	-0.10277	-0.0955771	-0.096957	-0.103685	-0.113721	-0.10991	
-0.0937176	-0.0888648	-0.0830132	-0.0878389	-0.0916449	-0.0916886	-0.0902698	-0.0838401	-0.0851074	-0.0928798	-0.0928293	-0.091269	-0.088626	-0.0877915	-0.0955258	-0.0945693	-0.0899713	-0.0961927	-0.0994698	-0.0990458	-0.0982031	-0.0967631	-0.102429	-0.108664	-0.106338	
-0.0918284	-0.0924132	-0.0877801	-0.0813812	-0.0914857	-0.0973034	-0.0838401	-0.0829439	-0.0927244	-0.0921765	-0.0902159	-0.0894432	-0.0907604	-0.0927685	-0.0896868	-0.0906923	-0.0956203	-0.0994562	-0.0972304	-0.0951364	-0.10135	-0.1019	-0.102438	-0.102576	-0.103617	
-0.0844724	-0.0898314	-0.0964532	-0.0869805	-0.0871099	-0.0904405	-0.0851074	-0.0927244	-0.0951436	-0.0850626	-0.0859336	-0.087308	-0.0946644	-0.101283	-0.0879547	-0.0903148	-0.100455	-0.0940882	-0.0910595	-0.0931493	-0.102528	-0.108827	-0.104604	-0.100234	-0.10666	
-0.0936693	-0.0868072	-0.0889822	-0.0941833	-0.0875321	-0.0843008	-0.0928798	-0.0921765	-0.0850626	-0.0916588	-0.0942253	-0.0863514	-0.0920358	-0.0956599	-0.0874721	-0.0932281	-0.101559	-0.0963497	-0.0939207	-0.0980191	-0.101526	-0.105662	-0.101553	-0.0942989	-0.108607	
-0.0948622	-0.089636	-0.0869547	-0.0928115	-0.088885	-0.0854157	-0.0928293	-0.0902159	-0.0859336	-0.0942253	-0.094222	-0.0914285	-0.0923138	-0.0869864	-0.0907516	-0.0967937	-0.0964034	-0.0975534	-0.0987791	-0.102096	-0.10116	-0.103413	-0.101241	-0.0978367	-0.111631	
-0.0883	-0.0860357	-0.088317	-0.0906158	-0.0934174	-0.0940742	-0.091269	-0.0894432	-0.087308	-0.0863514	-0.0914285	-0.097216	-0.0920075	-0.0907574	-0.10284	-0.0978185	-0.0860251	-0.0927543	-0.0994225	-0.0999182	-0.102008	-0.103844	-0.105737	-0.113935	-0.113942	
-0.0925428	-0.0935648	-0.092643	-0.0892214	-0.0901549	-0.0913689	-0.088626	-0.0907604	-0.0946644	-0.0920358	-0.0923138	-0.0920075	-0.0857014	-0.0941091	-0.104327	-0.0937807	-0.0904831	-0.101673	-0.104384	-0.100741	-0.0985143	-0.0958323	-0.105977	-0.118018	-0.107593	
-0.0907812	-0.101676	-0.0965867	-0.0885179	-0.0875678	-0.0879076	-0.0877915	-0.0927685	-0.101283	-0.0956599	-0.0869864	-0.0907574	-0.0941091	-0.096227	-0.093273	-0.0907096	-0.100296	-0.1047	-0.103548	-0.102632	-0.0976675	-0.0992915	-0.112377	-0.115809	-0.10437	
-0.0871641	-0.0880634	-0.0885966	-0.0933957	-0.0959973	-0.096268	-0.0955258	-0.0896868	-0.0879547	-0.0874721	-0.0907516	-0.10284	-0.104327	-0.093273	-0.0888108	-0.0968976	-0.101032	-0.0961444	-0.0976244	-0.10176	-0.10473	-0.111084	-0.11676	-0.114056	-0.106935	
-0.0948966	-0.0908866	-0.0900099	-0.0934071	-0.0957308	-0.0961485	-0.0945693	-0.0906923	-0.0903148	-0.0932281	-0.0967937	-0.0978185	-0.0937807	-0.0907096	-0.0968976	-0.106639	-0.103881	-0.0967748	-0.0975431	-0.101844	-0.107664	-0.110154	-0.108228	-0.106611	-0.112221	
-0.100601	-0.101682	-0.097288	-0.091295	-0.0914153	-0.0911691	-0.0899713	-0.0956203	-0.100455	-0.101559	-0.0964034	-0.0860251	-0.0904831	-0.100296	-0.101032	-0.103881	-0.102039	-0.0984445	-0.102135	-0.106498	-0.111617	-0.111	-0.102202	-0.104499	-0.12146	
-0.0978505	-0.0937613	-0.0977236	-0.0984599	-0.0923157	-0.0901089	-0.0961927	-0.0994562	-0.0940882	-0.0963497	-0.0975534	-0.0927543	-0.101673	-0.1047	-0.0961444	-0.0967748	-0.0984445	-0.101357	-0.106805	-0.111512	-0.115917	-0.110495	-0.102442	-0.112018	-0.12929	
-0.0962265	-0.0908827	-0.0953894	-0.098999	-0.0976375	-0.0977221	-0.0994698	-0.0972304	-0.0910595	-0.0939207	-0.0987791	-0.0994225	-0.104384	-0.103548	-0.0976244	-0.0975431	-0.102135	-0.106805	-0.1088	-0.111062	-0.108603	-0.10567	-0.110726	-0.122961	-0.132352	
-0.100081	-0.0944631	-0.0939251	-0.0971132	-0.101597	-0.10277	-0.0990458	-0.0951364	-0.0931493	-0.0980191	-0.102096	-0.0999182	-0.100741	-0.102632	-0.10176	-0.101844	-0.106498	-0.111512	-0.111062	-0.105323	-0.102081	-0.111839	-0.124002	-0.128115	-0.126849	
-0.101328	-0.101234	-0.102375	-0.100414	-0.096284	-0.0955771	-0.0982031	-0.10135	-0.102528	-0.101526	-0.10116	-0.102008	-0.0985143	-0.0976675	-0.10473	-0.107664	-0.111617	-0.115917	-0.108603	-0.102081	-0.108786	-0.123192	-0.129944	-0.122898	-0.118396	
-0.104696	-0.108257	-0.105183	-0.0982342	-0.0961234	-0.096957	-0.0967631	-0.1019	-0.108827	-0.105662	-0.103413	-0.103844	-0.0958323	-0.0992915	-0.111084	-0.110154	-0.111	-0.110495	-0.10567	-0.111839	-0.123192	-0.130467	-0.127996	-0.118775	-0.116188	
-0.100861	-0.104545	-0.103088	-0.101767	-0.103019	-0.103685	-0.102429	-0.102438	-0.104604	-0.101553	-0.101241	-0.105737	-0.105977	-0.112377	-0.11676	-0.108228	-0.102202	-0.102442	-0.110726	-0.124002	-0.129944	-0.127996	-0.126344	-0.123457	-0.121364	
-0.0935547	-0.0980969	-0.101694	-0.106056	-0.112061	-0.113721	-0.108664	-0.102576	-0.100234	-0.0942989	-0.0978367	-0.113935	-0.118018	-0.115809	-0.114056	-0.106611	-0.104499	-0.112018	-0.122961	-0.128115	-0.122898	-0.118775	-0.123457	-0.125659	-0.130452	
-0.10903	-0.107891	-0.104236	-0.104999	-0.109263	-0.10991	-0.106338	-0.103617	-0.10666	-0.108607	-0.111631	-0.113942	-0.107593	-0.10437	-0.106935	-0.112221	-0.12146	-0.12929	-0.132352	-0.126849	-0.118396	-0.116188	-0.121364	-0.130452	-0.142125	
