0.717306	0.637493	0.532172	0.413695	0.300686	0.191618	0.0854254	-0.0177988	-0.127271	-0.249361	-0.382605	-0.506549	-0.612277	-0.71405	-0.821365	-0.912962	-0.978128	-1.01763	-1.02405	-1.00464	-0.957889	-0.894346	-0.81458	-0.709872	-0.570374	
0.637493	0.541094	0.424421	0.29937	0.181645	0.072659	-0.0201271	-0.104411	-0.192165	-0.293556	-0.403626	-0.504778	-0.585379	-0.661741	-0.738728	-0.796974	-0.836831	-0.861945	-0.868194	-0.847282	-0.792457	-0.710694	-0.613205	-0.499388	-0.354459	
0.532172	0.424421	0.303847	0.17981	0.0616424	-0.0421383	-0.117039	-0.17784	-0.240413	-0.30846	-0.380984	-0.446606	-0.494037	-0.539319	-0.585342	-0.611932	-0.621361	-0.628027	-0.629321	-0.603809	-0.542031	-0.453767	-0.350447	-0.231728	-0.0944461	
0.413695	0.29937	0.17981	0.0689938	-0.033345	-0.118515	-0.177669	-0.222335	-0.25419	-0.279702	-0.301706	-0.326039	-0.34575	-0.369572	-0.383126	-0.377834	-0.364565	-0.352588	-0.339275	-0.30237	-0.235963	-0.143038	-0.0420944	0.0637624	0.173731	
0.300686	0.181645	0.0616424	-0.033345	-0.109594	-0.162335	-0.197449	-0.217618	-0.214136	-0.200012	-0.188253	-0.182141	-0.175567	-0.170636	-0.155322	-0.131289	-0.101381	-0.0722079	-0.0415584	0.00979596	0.0894184	0.182693	0.268942	0.353207	0.433477	
0.191618	0.072659	-0.0421383	-0.118515	-0.162335	-0.180877	-0.182663	-0.16829	-0.133573	-0.0935628	-0.0598315	-0.029582	-0.00822003	0.0180605	0.0565199	0.101193	0.146436	0.191261	0.240257	0.301625	0.384892	0.470953	0.546691	0.613201	0.66537	
0.0854254	-0.0201271	-0.117039	-0.177669	-0.197449	-0.182663	-0.14687	-0.101312	-0.0413877	0.0237041	0.0770191	0.1238	0.154827	0.186472	0.236749	0.301324	0.363092	0.419058	0.477174	0.540841	0.616988	0.694368	0.757733	0.804291	0.82959	
-0.0177988	-0.104411	-0.17784	-0.222335	-0.217618	-0.16829	-0.101312	-0.0296774	0.0479218	0.137743	0.213054	0.272137	0.306668	0.344662	0.405128	0.472665	0.532216	0.58951	0.654676	0.716988	0.783697	0.845381	0.883158	0.899774	0.899468	
-0.127271	-0.192165	-0.240413	-0.25419	-0.214136	-0.133573	-0.0413877	0.0479218	0.145761	0.255514	0.342986	0.406072	0.451881	0.498441	0.552093	0.607758	0.656163	0.70619	0.766532	0.822333	0.871865	0.906094	0.916401	0.90911	0.8879	
-0.249361	-0.293556	-0.30846	-0.279702	-0.200012	-0.0935628	0.0237041	0.137743	0.255514	0.372668	0.459196	0.526664	0.583684	0.627606	0.666374	0.707203	0.743611	0.780137	0.821901	0.854849	0.87467	0.885063	0.881228	0.857909	0.818399	
-0.382605	-0.403626	-0.380984	-0.301706	-0.188253	-0.0598315	0.0770191	0.213054	0.342986	0.459196	0.55264	0.62571	0.681778	0.716586	0.74822	0.772877	0.790259	0.805202	0.821114	0.826808	0.822063	0.813567	0.794413	0.76326	0.717346	
-0.506549	-0.504778	-0.446606	-0.326039	-0.182141	-0.029582	0.1238	0.272137	0.406072	0.526664	0.62571	0.697591	0.741289	0.767294	0.783851	0.786835	0.782519	0.776505	0.771084	0.759768	0.74046	0.709962	0.680977	0.651999	0.611836	
-0.612277	-0.585379	-0.494037	-0.34575	-0.175567	-0.00822003	0.154827	0.306668	0.451881	0.583684	0.681778	0.741289	0.764155	0.777462	0.773734	0.755927	0.736556	0.719655	0.702165	0.676414	0.644139	0.60252	0.570501	0.539239	0.496827	
-0.71405	-0.661741	-0.539319	-0.369572	-0.170636	0.0180605	0.186472	0.344662	0.498441	0.627606	0.716586	0.767294	0.777462	0.76307	0.736234	0.7051	0.677121	0.649582	0.625541	0.596954	0.554401	0.50178	0.456635	0.418265	0.373363	
-0.821365	-0.738728	-0.585342	-0.383126	-0.155322	0.0565199	0.236749	0.405128	0.552093	0.666374	0.74822	0.783851	0.773734	0.736234	0.695805	0.659532	0.620981	0.580783	0.544886	0.512369	0.465501	0.404737	0.344658	0.292775	0.25274	
-0.912962	-0.796974	-0.611932	-0.377834	-0.131289	0.101193	0.301324	0.472665	0.607758	0.707203	0.772877	0.786835	0.755927	0.7051	0.659532	0.621615	0.571136	0.510478	0.464903	0.425227	0.369356	0.303412	0.239689	0.190325	0.150368	
-0.978128	-0.836831	-0.621361	-0.364565	-0.101381	0.146436	0.363092	0.532216	0.656163	0.743611	0.790259	0.782519	0.736556	0.677121	0.620981	0.571136	0.506892	0.435457	0.377312	0.330139	0.271409	0.207889	0.147118	0.101701	0.0698877	
-1.01763	-0.861945	-0.628027	-0.352588	-0.0722079	0.191261	0.419058	0.58951	0.70619	0.780137	0.805202	0.776505	0.719655	0.649582	0.580783	0.510478	0.435457	0.35099	0.281348	0.231568	0.177436	0.121067	0.0647838	0.0255127	0.00102907	
-1.02405	-0.868194	-0.629321	-0.339275	-0.0415584	0.240257	0.477174	0.654676	0.766532	0.821901	0.821114	0.771084	0.702165	0.625541	0.544886	0.464903	0.377312	0.281348	0.199569	0.145669	0.0942843	0.0415099	-0.00243858	-0.0390499	-0.0586002	
-1.00464	-0.847282	-0.603809	-0.30237	0.00979596	0.301625	0.540841	0.716988	0.822333	0.854849	0.826808	0.759768	0.676414	0.596954	0.512369	0.425227	0.330139	0.231568	0.145669	0.0830195	0.0268793	-0.0241049	-0.0620582	-0.0910445	-0.104821	
-0.957889	-0.792457	-0.542031	-0.235963	0.0894184	0.384892	0.616988	0.783697	0.871865	0.87467	0.822063	0.74046	0.644139	0.554401	0.465501	0.369356	0.271409	0.177436	0.0942843	0.0268793	-0.0330152	-0.076646	-0.107689	-0.123668	-0.134911	
-0.894346	-0.710694	-0.453767	-0.143038	0.182693	0.470953	0.694368	0.845381	0.906094	0.885063	0.813567	0.709962	0.60252	0.50178	0.404737	0.303412	0.207889	0.121067	0.0415099	-0.0241049	-0.076646	-0.104143	-0.123097	-0.13261	-0.143412	
-0.81458	-0.613205	-0.350447	-0.0420944	0.268942	0.546691	0.757733	0.883158	0.916401	0.881228	0.794413	0.680977	0.570501	0.456635	0.344658	0.239689	0.147118	0.0647838	-0.00243858	-0.0620582	-0.107689	-0.123097	-0.125955	-0.126226	-0.13184	
-0.709872	-0.499388	-0.231728	0.0637624	0.353207	0.613201	0.804291	0.899774	0.90911	0.857909	0.76326	0.651999	0.539239	0.418265	0.292775	0.190325	0.101701	0.0255127	-0.0390499	-0.0910445	-0.123668	-0.13261	-0.126226	-0.123104	-0.121863	
-0.570374	-0.354459	-0.0944461	0.173731	0.433477	0.66537	0.82959	0.899468	0.8879	0.818399	0.717346	0.611836	0.496827	0.373363	0.25274	0.150368	0.0698877	0.00102907	-0.0586002	-0.104821	-0.134911	-0.143412	-0.13184	-0.121863	-0.129741	
-0.409153	-0.198946	0.0394222	0.275703	0.497921	0.690149	0.825156	0.878666	0.853407	0.772746	0.673869	0.568874	0.449895	0.325721	0.212722	0.116998	0.0456301	-0.00896607	-0.0627493	-0.10638	-0.134472	-0.148871	-0.146595	-0.139587	-0.149138	
-0.257648	-0.0592363	0.150445	0.354254	0.538701	0.692756	0.803026	0.847759	0.818317	0.740369	0.645866	0.539019	0.417669	0.293106	0.182719	0.0884452	0.0241003	-0.0178906	-0.0592524	-0.101112	-0.12799	-0.145683	-0.161235	-0.169133	-0.172613	
-0.126709	0.0543187	0.237166	0.406907	0.559113	0.681159	0.768244	0.808082	0.786341	0.71994	0.632732	0.525576	0.404469	0.282659	0.169129	0.0747566	0.00777984	-0.0324392	-0.0631863	-0.0982324	-0.123018	-0.141936	-0.162257	-0.183427	-0.18847	
-0.0217003	0.142521	0.303998	0.445659	0.568636	0.663148	0.728661	0.759342	0.749014	0.699091	0.620061	0.516773	0.400898	0.28398	0.168336	0.0680152	-0.00784132	-0.0528478	-0.0807703	-0.106545	-0.12523	-0.141137	-0.155052	-0.174875	-0.184972	
0.0451079	0.199049	0.347493	0.473748	0.577139	0.656238	0.706423	0.724784	0.721526	0.683042	0.605321	0.508642	0.402462	0.286787	0.170329	0.0585815	-0.025787	-0.0742763	-0.104511	-0.125658	-0.133457	-0.141502	-0.150695	-0.163465	-0.172149	
0.0575448	0.207571	0.354363	0.479665	0.580284	0.656339	0.703869	0.719869	0.717545	0.68045	0.604218	0.509087	0.402567	0.286354	0.169106	0.057774	-0.0288855	-0.0785395	-0.111327	-0.131419	-0.133832	-0.140126	-0.150175	-0.161969	-0.168593	
0.010259	0.171114	0.32566	0.458533	0.571542	0.658646	0.716704	0.741978	0.735602	0.691833	0.61261	0.512951	0.401581	0.285135	0.170195	0.063498	-0.0160773	-0.0628649	-0.0895788	-0.113384	-0.12968	-0.142473	-0.152911	-0.16892	-0.179917	
-0.0810635	0.0921622	0.265798	0.423239	0.563308	0.673564	0.75168	0.78844	0.771798	0.711396	0.628255	0.522458	0.402591	0.28266	0.167262	0.0724054	0.00254678	-0.0395834	-0.0688431	-0.0996195	-0.121847	-0.140636	-0.159371	-0.182381	-0.189937	
-0.202309	-0.0104857	0.188379	0.378208	0.549134	0.689756	0.790922	0.833426	0.806098	0.731349	0.639754	0.532029	0.410459	0.286951	0.175082	0.0806836	0.0163594	-0.02245	-0.0593836	-0.0994251	-0.125915	-0.14428	-0.163642	-0.177793	-0.180238	
-0.346555	-0.140154	0.0870381	0.310385	0.51724	0.693027	0.817615	0.867061	0.838351	0.757543	0.660344	0.554718	0.43431	0.309614	0.19915	0.104552	0.0363055	-0.0120063	-0.0610929	-0.104275	-0.13228	-0.148588	-0.153656	-0.151055	-0.157437	
-0.506162	-0.292184	-0.0396143	0.216477	0.461999	0.678281	0.830897	0.89375	0.8748	0.799366	0.698508	0.594518	0.477596	0.353881	0.236268	0.136864	0.059776	-0.00463215	-0.0619664	-0.106614	-0.135907	-0.146387	-0.136545	-0.126558	-0.137288	
-0.658759	-0.444202	-0.177856	0.108168	0.386422	0.636675	0.817865	0.901618	0.902923	0.844516	0.745859	0.636981	0.524349	0.401845	0.276245	0.172428	0.0878661	0.0136678	-0.0490104	-0.0982657	-0.129467	-0.137312	-0.127282	-0.121232	-0.123476	
-0.775913	-0.571419	-0.305413	-0.000894337	0.302621	0.574363	0.777979	0.891676	0.915539	0.873489	0.784066	0.671043	0.558615	0.440902	0.321804	0.21889	0.127265	0.047672	-0.0185885	-0.0749142	-0.114404	-0.127394	-0.126118	-0.124544	-0.125681	
-0.86494	-0.672557	-0.412911	-0.102893	0.217586	0.502084	0.721925	0.863055	0.913105	0.885548	0.806376	0.696777	0.587796	0.482412	0.381178	0.27669	0.181338	0.0973582	0.0230311	-0.0404063	-0.0914062	-0.112861	-0.124903	-0.130763	-0.140333	
-0.934302	-0.7629	-0.509991	-0.200905	0.12714	0.420383	0.649318	0.811424	0.888274	0.880104	0.819468	0.730201	0.628286	0.532955	0.440814	0.343647	0.246946	0.155366	0.0721756	0.0045178	-0.0521806	-0.0893155	-0.11643	-0.13007	-0.14169	
-0.988543	-0.82838	-0.582705	-0.279001	0.0383555	0.331974	0.569479	0.742737	0.842994	0.863905	0.82516	0.75243	0.664386	0.582335	0.496408	0.404981	0.307737	0.210788	0.126224	0.0605959	0.00105727	-0.0481861	-0.0832769	-0.106446	-0.118671	
-1.01982	-0.863947	-0.623874	-0.328895	-0.0243679	0.262816	0.501782	0.680178	0.790236	0.836909	0.82517	0.767983	0.69335	0.615307	0.532539	0.450112	0.35893	0.260271	0.175262	0.11868	0.0663166	0.0140108	-0.0267028	-0.0613122	-0.0790891	
-1.02382	-0.867036	-0.629378	-0.348212	-0.0609324	0.210252	0.44171	0.615202	0.729625	0.796708	0.811771	0.774567	0.712808	0.639829	0.565593	0.489744	0.40972	0.320443	0.245148	0.19407	0.14225	0.0877763	0.0363787	-0.00176459	-0.0245213	
-0.997564	-0.848578	-0.624379	-0.359244	-0.0896774	0.163644	0.386112	0.554075	0.675084	0.75738	0.795859	0.779605	0.729106	0.665667	0.60472	0.546054	0.478069	0.402283	0.33939	0.290571	0.233093	0.17227	0.112327	0.069981	0.0419069	
-0.941716	-0.814602	-0.617013	-0.372825	-0.119383	0.119569	0.326755	0.498247	0.628535	0.722517	0.780282	0.785447	0.748063	0.693507	0.644386	0.604125	0.547298	0.481333	0.43135	0.388335	0.329717	0.263628	0.201663	0.153643	0.115616	
-0.861132	-0.765101	-0.598764	-0.382707	-0.146425	0.0740732	0.262052	0.432012	0.574722	0.682998	0.759601	0.786406	0.767482	0.724245	0.681602	0.644636	0.600917	0.552828	0.512938	0.47866	0.427905	0.364318	0.301412	0.248718	0.209174	
-0.75726	-0.693067	-0.558804	-0.377636	-0.166327	0.0324251	0.203551	0.366823	0.518801	0.642851	0.728687	0.775757	0.779203	0.753412	0.719172	0.684923	0.654215	0.622128	0.593284	0.563455	0.520067	0.46346	0.410685	0.366802	0.324007	
-0.652749	-0.615367	-0.510918	-0.354154	-0.173784	0.000747492	0.166191	0.319503	0.469734	0.602872	0.697821	0.752839	0.769751	0.773584	0.761004	0.736525	0.712452	0.691923	0.672429	0.644014	0.606449	0.560766	0.525622	0.492284	0.447978	
-0.550992	-0.538876	-0.467849	-0.334484	-0.179325	-0.0199858	0.138421	0.2886	0.425598	0.550512	0.650077	0.717846	0.754033	0.77582	0.7838	0.778214	0.767725	0.75627	0.744794	0.727357	0.702993	0.666364	0.636187	0.607525	0.56753	
-0.433982	-0.446002	-0.40857	-0.311174	-0.185498	-0.0471396	0.0960733	0.238989	0.370242	0.487581	0.584402	0.658032	0.71008	0.741273	0.768851	0.785284	0.793572	0.799024	0.805382	0.80305	0.792403	0.774811	0.749624	0.71865	0.675204	
