-0.483189	-0.587985	-0.67771	-0.741718	-0.776936	-0.78315	-0.75951	-0.706608	-0.62673	-0.526508	-0.41385	-0.292016	-0.176442	-0.0841612	-0.005952	0.064717	0.135699	0.216884	0.301693	0.379685	0.443489	0.494667	0.529193	0.519383	0.459283	
-0.455443	-0.575849	-0.685187	-0.770382	-0.816194	-0.822597	-0.793914	-0.723303	-0.620929	-0.504648	-0.379473	-0.244794	-0.120374	-0.0266004	0.0335623	0.088406	0.143437	0.210048	0.285123	0.355777	0.41595	0.470971	0.511512	0.514216	0.466909	
-0.417033	-0.553401	-0.684799	-0.78958	-0.850459	-0.860348	-0.820096	-0.731284	-0.607196	-0.47218	-0.334022	-0.192003	-0.0679068	0.023924	0.0764813	0.116385	0.153937	0.199927	0.25316	0.308371	0.368526	0.424963	0.464807	0.47058	0.427131	
-0.379478	-0.535002	-0.689195	-0.815632	-0.889914	-0.903133	-0.852053	-0.745055	-0.597827	-0.440974	-0.287547	-0.138891	-0.0158444	0.0736958	0.121544	0.1485	0.171284	0.196133	0.225001	0.265356	0.319961	0.373073	0.405137	0.402715	0.360472	
-0.348437	-0.526029	-0.698111	-0.842322	-0.93133	-0.946945	-0.885696	-0.761332	-0.595849	-0.419687	-0.244115	-0.0870103	0.0371596	0.121393	0.167852	0.186842	0.195656	0.200276	0.212397	0.241377	0.282098	0.325292	0.34454	0.332125	0.280834	
-0.33311	-0.535023	-0.720702	-0.878208	-0.977489	-0.99447	-0.926999	-0.788426	-0.611895	-0.414448	-0.217087	-0.0498425	0.0783468	0.166998	0.217034	0.232139	0.229927	0.226597	0.232837	0.255032	0.279658	0.296554	0.295304	0.267954	0.206232	
-0.346636	-0.565882	-0.763087	-0.932068	-1.03783	-1.05556	-0.983977	-0.835155	-0.648168	-0.434198	-0.220474	-0.0337145	0.111194	0.217568	0.274109	0.288676	0.283812	0.283084	0.286958	0.296355	0.30047	0.291675	0.267755	0.222734	0.158608	
-0.373375	-0.611585	-0.828548	-1.01051	-1.12668	-1.14752	-1.06711	-0.906874	-0.701661	-0.469945	-0.230312	-0.0162349	0.151478	0.269546	0.336942	0.356342	0.355081	0.351548	0.351549	0.350465	0.336688	0.316726	0.279608	0.217545	0.142962	
-0.395818	-0.660599	-0.906489	-1.10444	-1.22653	-1.24824	-1.16401	-0.992946	-0.762468	-0.502298	-0.239548	-0.00370175	0.190126	0.327713	0.403125	0.428734	0.432504	0.425739	0.420327	0.40935	0.383536	0.352506	0.307901	0.240735	0.15985	
-0.415947	-0.707647	-0.981655	-1.20178	-1.33376	-1.35689	-1.26622	-1.07878	-0.820948	-0.53203	-0.247534	0.00777075	0.22229	0.37394	0.452558	0.487245	0.500447	0.497132	0.487239	0.470706	0.44403	0.409524	0.357264	0.291859	0.210539	
-0.420636	-0.73319	-1.02976	-1.26539	-1.40598	-1.43032	-1.33393	-1.13373	-0.856616	-0.544272	-0.242869	0.0287051	0.242277	0.394593	0.483655	0.53189	0.555089	0.553224	0.539268	0.52109	0.497791	0.465243	0.416416	0.361449	0.291174	
-0.392931	-0.708456	-1.00937	-1.24853	-1.38577	-1.40813	-1.3177	-1.1151	-0.832559	-0.518891	-0.213027	0.0509412	0.261569	0.411695	0.50612	0.559379	0.585206	0.590233	0.578927	0.56069	0.538378	0.506363	0.46479	0.420429	0.363888	
-0.324917	-0.618433	-0.892687	-1.11409	-1.24844	-1.27097	-1.18097	-0.98905	-0.732275	-0.442453	-0.156124	0.0951245	0.294469	0.433616	0.515514	0.564346	0.588763	0.601116	0.600686	0.591299	0.571113	0.536751	0.499412	0.463209	0.418089	
-0.205103	-0.4628	-0.695694	-0.881315	-1.00228	-1.02443	-0.93942	-0.776324	-0.560638	-0.309078	-0.0542045	0.165215	0.33741	0.458026	0.520781	0.556024	0.576415	0.592508	0.602928	0.605198	0.592903	0.56766	0.535857	0.50302	0.466414	
-0.0262676	-0.24233	-0.436025	-0.590499	-0.693383	-0.712883	-0.639127	-0.503554	-0.323515	-0.113161	0.0987512	0.275425	0.407684	0.500038	0.540842	0.550238	0.555278	0.569122	0.586014	0.595326	0.596016	0.590275	0.570415	0.539746	0.504634	
0.202082	0.0289074	-0.134445	-0.270796	-0.3582	-0.373839	-0.312727	-0.193648	-0.0380964	0.132703	0.302426	0.440871	0.530981	0.581336	0.590823	0.565596	0.545915	0.54553	0.556355	0.571558	0.588104	0.602115	0.594392	0.566291	0.529561	
0.477449	0.329516	0.186189	0.0678198	-0.00197882	-0.0120363	0.0330545	0.134575	0.271118	0.418627	0.558888	0.656238	0.703209	0.70852	0.679473	0.623041	0.572632	0.543155	0.536393	0.55181	0.581132	0.602908	0.603554	0.584562	0.549985	
0.784313	0.653639	0.526458	0.423284	0.361627	0.352187	0.392807	0.481553	0.600595	0.734153	0.846581	0.909218	0.918843	0.885173	0.813726	0.727478	0.646332	0.583229	0.543133	0.54057	0.564942	0.589437	0.602753	0.596007	0.56527	
1.10118	0.989553	0.869692	0.768296	0.704775	0.693291	0.737095	0.825841	0.940806	1.06024	1.14742	1.18626	1.16911	1.10288	0.995933	0.874506	0.756221	0.654047	0.576631	0.545026	0.551362	0.574446	0.592652	0.594214	0.573325	
1.39537	1.29882	1.17982	1.07188	1.0067	0.995029	1.03983	1.13314	1.25236	1.36053	1.43643	1.46612	1.43124	1.33495	1.20104	1.04581	0.886661	0.742102	0.632141	0.568664	0.549053	0.558911	0.572651	0.57637	0.559256	
1.63438	1.53391	1.40988	1.29463	1.22532	1.2131	1.26032	1.3603	1.48574	1.59823	1.67935	1.71211	1.67012	1.55899	1.40209	1.21721	1.02455	0.842474	0.700969	0.608278	0.556445	0.539312	0.538006	0.536314	0.51754	
1.80494	1.67907	1.53574	1.41065	1.33215	1.31839	1.37205	1.48174	1.6217	1.75912	1.8596	1.90351	1.86912	1.75895	1.58313	1.37267	1.15171	0.937162	0.758515	0.629126	0.545241	0.498787	0.478041	0.462322	0.445262	
1.89192	1.73017	1.56028	1.41468	1.3259	1.31195	1.37118	1.49677	1.66155	1.83014	1.96757	2.03373	2.01546	1.90217	1.71679	1.49537	1.24848	1.00161	0.785264	0.611388	0.48587	0.411175	0.370143	0.340084	0.316523	
1.86971	1.67464	1.47105	1.30724	1.21387	1.19762	1.2609	1.39916	1.59105	1.79616	1.96476	2.06715	2.06849	1.96297	1.78809	1.56409	1.29708	1.02346	0.771511	0.555482	0.386635	0.271582	0.202561	0.155557	0.129301	
1.73908	1.51424	1.27805	1.08898	0.983637	0.96541	1.03616	1.1939	1.41818	1.65279	1.85586	1.98852	2.02215	1.9422	1.78224	1.55898	1.28603	0.99239	0.71111	0.454517	0.24329	0.088093	-0.0200508	-0.0847754	-0.120053	
1.52769	1.27262	1.00567	0.789256	0.663385	0.641295	0.727395	0.91013	1.16329	1.42993	1.6622	1.82956	1.89744	1.85064	1.71196	1.49866	1.22418	0.910942	0.598192	0.307021	0.0590414	-0.139693	-0.284095	-0.371032	-0.413642	
1.27262	0.981053	0.68603	0.44363	0.30021	0.275601	0.372254	0.579465	0.860554	1.15994	1.42552	1.62223	1.72133	1.71115	1.60249	1.40364	1.11992	0.78749	0.456935	0.146388	-0.138633	-0.382081	-0.564363	-0.680282	-0.730783	
1.00567	0.68603	0.368386	0.108206	-0.0458961	-0.0719876	0.0318301	0.254228	0.555488	0.880839	1.1776	1.40457	1.5382	1.55841	1.47238	1.28369	1.00094	0.664435	0.320494	-0.0088457	-0.318982	-0.598612	-0.822502	-0.973267	-1.0328	
0.789256	0.44363	0.108206	-0.159222	-0.315271	-0.342556	-0.236132	-0.00932913	0.304115	0.653976	0.976822	1.23195	1.3856	1.42562	1.35456	1.1724	0.89695	0.564323	0.208916	-0.137811	-0.46532	-0.769819	-1.03075	-1.20861	-1.27147	
0.663385	0.30021	-0.0458961	-0.315271	-0.472654	-0.500556	-0.392494	-0.165142	0.155576	0.520956	0.863333	1.13554	1.29489	1.3424	1.28212	1.10619	0.832689	0.50192	0.144514	-0.217468	-0.562004	-0.882712	-1.1615	-1.34581	-1.41025	
0.641295	0.275601	-0.0719876	-0.342556	-0.500556	-0.52836	-0.42002	-0.192013	0.130344	0.497337	0.8441	1.11837	1.28039	1.32876	1.2691	1.09434	0.821081	0.491671	0.13546	-0.231262	-0.580503	-0.903754	-1.18426	-1.36762	-1.43405	
0.727395	0.372254	0.0318301	-0.236132	-0.392494	-0.42002	-0.31314	-0.0861408	0.230415	0.588449	0.920639	1.1835	1.34076	1.38506	1.31862	1.13976	0.86517	0.5338	0.176521	-0.176664	-0.510733	-0.823735	-1.09503	-1.27725	-1.34058	
0.91013	0.579465	0.254228	-0.00932913	-0.165142	-0.192013	-0.0861408	0.138754	0.444924	0.780966	1.08848	1.32837	1.47147	1.5008	1.42151	1.2359	0.955858	0.620941	0.271534	-0.0651263	-0.382656	-0.673466	-0.912763	-1.07677	-1.13796	
1.16329	0.860554	0.555488	0.304115	0.155576	0.130344	0.230415	0.444924	0.736084	1.04559	1.32458	1.53305	1.64704	1.64958	1.5517	1.35704	1.07224	0.736314	0.400711	0.083371	-0.214156	-0.47285	-0.672189	-0.801259	-0.856082	
1.42993	1.15994	0.880839	0.653976	0.520956	0.497337	0.588449	0.780966	1.04559	1.32685	1.57075	1.75103	1.83062	1.7989	1.67234	1.46464	1.18622	0.86454	0.542634	0.242968	-0.0201325	-0.237762	-0.396674	-0.49467	-0.539273	
1.6622	1.42552	1.1776	0.976822	0.863333	0.8441	0.920639	1.08848	1.32458	1.57075	1.7872	1.93248	1.98104	1.91339	1.75986	1.54002	1.26705	0.965953	0.671592	0.399385	0.173218	0.00146522	-0.121613	-0.194291	-0.233578	
1.82956	1.62223	1.40457	1.23195	1.13554	1.11837	1.1835	1.32837	1.53305	1.75103	1.93248	2.04754	2.06099	1.96405	1.79517	1.57076	1.29943	1.01763	0.753829	0.521078	0.335238	0.20319	0.119355	0.0657406	0.0368149	
1.89744	1.72133	1.5382	1.3856	1.29489	1.28039	1.34076	1.47147	1.64704	1.83062	1.98104	2.06099	2.04938	1.93653	1.75413	1.53095	1.27438	1.01569	0.784815	0.59409	0.450511	0.360423	0.310258	0.273404	0.248954	
1.85064	1.71115	1.55841	1.42562	1.3424	1.32876	1.38506	1.5008	1.64958	1.7989	1.91339	1.96405	1.93653	1.82508	1.64285	1.42636	1.19545	0.96827	0.773628	0.625816	0.527623	0.471347	0.442418	0.420239	0.400786	
1.71196	1.60249	1.47238	1.35456	1.28212	1.2691	1.31862	1.42151	1.5517	1.67234	1.75986	1.79517	1.75413	1.64285	1.47886	1.28275	1.07746	0.881614	0.726687	0.621661	0.556398	0.526392	0.517138	0.511559	0.493486	
1.49866	1.40364	1.28369	1.1724	1.10619	1.09434	1.13976	1.2359	1.35704	1.46464	1.54002	1.57076	1.53095	1.42636	1.28275	1.11551	0.942026	0.78189	0.658915	0.583468	0.551967	0.552771	0.562185	0.56332	0.545911	
1.22418	1.11992	1.00094	0.89695	0.832689	0.821081	0.86517	0.955858	1.07224	1.18622	1.26705	1.29943	1.27438	1.19545	1.07746	0.942026	0.806423	0.686843	0.596033	0.551692	0.54867	0.567647	0.585404	0.588931	0.570615	
0.910942	0.78749	0.664435	0.564323	0.50192	0.491671	0.5338	0.620941	0.736314	0.86454	0.965953	1.01763	1.01569	0.96827	0.881614	0.78189	0.686843	0.609298	0.553881	0.5406	0.559059	0.583509	0.600015	0.597824	0.570346	
0.598192	0.456935	0.320494	0.208916	0.144514	0.13546	0.176521	0.271534	0.400711	0.542634	0.671592	0.753829	0.784815	0.773628	0.726687	0.658915	0.596033	0.553881	0.535567	0.545653	0.574812	0.598125	0.604077	0.590095	0.556966	
0.307021	0.146388	-0.0088457	-0.137811	-0.217468	-0.231262	-0.176664	-0.0651263	0.083371	0.242968	0.399385	0.521078	0.59409	0.625816	0.621661	0.583468	0.551692	0.5406	0.545653	0.562844	0.586033	0.604505	0.59917	0.574533	0.538011	
0.0590414	-0.138633	-0.318982	-0.46532	-0.562004	-0.580503	-0.510733	-0.382656	-0.214156	-0.0201325	0.173218	0.335238	0.450511	0.527623	0.556398	0.551967	0.54867	0.559059	0.574812	0.586033	0.592788	0.596607	0.582181	0.551649	0.515398	
-0.139693	-0.382081	-0.598612	-0.769819	-0.882712	-0.903754	-0.823735	-0.673466	-0.47285	-0.237762	0.00146522	0.20319	0.360423	0.471347	0.526392	0.552771	0.567647	0.583509	0.598125	0.604505	0.596607	0.577366	0.549971	0.518163	0.483365	
-0.284095	-0.564363	-0.822502	-1.03075	-1.1615	-1.18426	-1.09503	-0.912763	-0.672189	-0.396674	-0.121613	0.119355	0.310258	0.442418	0.517138	0.562185	0.585404	0.600015	0.604077	0.59917	0.582181	0.549971	0.51367	0.479543	0.437621	
-0.371032	-0.680282	-0.973267	-1.20861	-1.34581	-1.36762	-1.27725	-1.07677	-0.801259	-0.49467	-0.194291	0.0657406	0.273404	0.420239	0.511559	0.56332	0.588931	0.597824	0.590095	0.574533	0.551649	0.518163	0.479543	0.438445	0.388036	
-0.413642	-0.730783	-1.0328	-1.27147	-1.41025	-1.43405	-1.34058	-1.13796	-0.856082	-0.539273	-0.233578	0.0368149	0.248954	0.400786	0.493486	0.545911	0.570615	0.570346	0.556966	0.538011	0.515398	0.483365	0.437621	0.388036	0.32258	
