0.0901965	0.0449627	0.0170616	-0.00805012	-0.0260073	-0.0305384	-0.015473	0.00609721	0.0327417	0.0697443	0.124987	0.190638	0.255057	0.308726	0.356538	0.408379	0.457563	0.481791	0.479479	0.457003	0.413556	0.342121	0.258302	0.172245	0.103629	
0.164722	0.103773	0.0654474	0.0403568	0.0213402	0.017014	0.0323283	0.0540665	0.0857557	0.138261	0.205768	0.267522	0.322819	0.372585	0.413865	0.446691	0.469992	0.466526	0.430265	0.372763	0.297469	0.209467	0.119262	0.0369189	-0.0368922	
0.264761	0.195769	0.151924	0.126059	0.107299	0.102307	0.118293	0.139715	0.175254	0.235356	0.306553	0.356351	0.393765	0.427639	0.453725	0.4585	0.447318	0.407823	0.339142	0.249876	0.154707	0.0580255	-0.0291968	-0.105126	-0.177092	
0.378178	0.317309	0.274059	0.248907	0.229956	0.22554	0.240509	0.262537	0.297435	0.353132	0.412052	0.443354	0.456975	0.465048	0.463753	0.437525	0.390869	0.317469	0.22106	0.112355	0.0110454	-0.0806512	-0.160921	-0.231056	-0.300278	
0.483505	0.447328	0.415888	0.393517	0.37676	0.372956	0.38586	0.406105	0.433736	0.469751	0.498715	0.504101	0.492141	0.468988	0.431009	0.37461	0.300503	0.203768	0.0895992	-0.0243627	-0.118219	-0.194273	-0.26381	-0.331615	-0.39786	
0.566783	0.571367	0.563432	0.551428	0.540428	0.537698	0.546798	0.558564	0.569452	0.570428	0.556327	0.526348	0.489359	0.433519	0.358042	0.272464	0.182505	0.0747462	-0.0450118	-0.154393	-0.233993	-0.291263	-0.350233	-0.416876	-0.481639	
0.614396	0.667524	0.694894	0.704785	0.704417	0.704377	0.705417	0.700659	0.680876	0.638808	0.57381	0.504129	0.437784	0.355133	0.246765	0.137988	0.03776	-0.068796	-0.183779	-0.281024	-0.345524	-0.386267	-0.432657	-0.493397	-0.554015	
0.633962	0.733123	0.803134	0.845063	0.862183	0.864667	0.85484	0.823176	0.764313	0.676445	0.566682	0.455963	0.359334	0.253535	0.126564	0.00028163	-0.105749	-0.207146	-0.306993	-0.387866	-0.437141	-0.467555	-0.500588	-0.546164	-0.597263	
0.634419	0.769	0.879422	0.958645	0.997292	1.00364	0.978786	0.916068	0.815909	0.690607	0.547392	0.404376	0.275501	0.151354	0.0145595	-0.118433	-0.231447	-0.324427	-0.406373	-0.46497	-0.499174	-0.520472	-0.544687	-0.570998	-0.604266	
0.617905	0.772388	0.911322	1.0216	1.08228	1.09253	1.05182	0.960862	0.830057	0.681228	0.51998	0.355516	0.199855	0.0561575	-0.0852852	-0.219895	-0.333813	-0.418826	-0.478534	-0.515393	-0.531569	-0.541304	-0.557824	-0.574238	-0.591138	
0.587722	0.746527	0.893051	1.01708	1.09306	1.10627	1.05391	0.947041	0.806903	0.652551	0.48693	0.313464	0.1415	-0.0193082	-0.167405	-0.297339	-0.403565	-0.472633	-0.510226	-0.525285	-0.528818	-0.52568	-0.533621	-0.55026	-0.569105	
0.548066	0.697922	0.829528	0.94455	1.02125	1.0362	0.980545	0.878834	0.751903	0.610861	0.449234	0.27804	0.102357	-0.0673273	-0.222424	-0.344816	-0.431463	-0.47864	-0.49554	-0.497852	-0.496286	-0.492144	-0.494809	-0.513847	-0.545901	
0.488829	0.619376	0.720358	0.805321	0.866628	0.878727	0.83398	0.755999	0.662202	0.544952	0.397443	0.235425	0.0715478	-0.0929124	-0.244919	-0.356266	-0.417889	-0.439928	-0.445425	-0.44692	-0.45181	-0.455895	-0.465543	-0.486751	-0.524845	
0.401999	0.505445	0.569997	0.615707	0.64785	0.655187	0.630156	0.590167	0.534181	0.448779	0.32299	0.183413	0.0424313	-0.0952517	-0.226215	-0.318627	-0.36142	-0.36714	-0.371511	-0.387436	-0.407884	-0.426324	-0.447965	-0.477248	-0.513922	
0.294521	0.364234	0.39562	0.404407	0.40677	0.407313	0.405274	0.400888	0.380813	0.326888	0.237485	0.133606	0.0315251	-0.064895	-0.152255	-0.218831	-0.25481	-0.266167	-0.282253	-0.318694	-0.363945	-0.401063	-0.437858	-0.477815	-0.516751	
0.166678	0.196357	0.199047	0.182913	0.166213	0.163143	0.174575	0.194373	0.200571	0.181796	0.138914	0.0902649	0.0393026	-0.00353526	-0.0401552	-0.0731733	-0.111868	-0.14721	-0.188	-0.244216	-0.311341	-0.373432	-0.427888	-0.478978	-0.519105	
0.0216826	0.00641668	-0.0188328	-0.0471924	-0.0659036	-0.0688398	-0.0568118	-0.03022	-0.00245723	0.0163207	0.0291313	0.0444317	0.0579698	0.0697488	0.0806106	0.0752035	0.0374689	-0.0241866	-0.0955747	-0.174451	-0.260526	-0.344635	-0.420402	-0.479513	-0.515276	
-0.12831	-0.191104	-0.245069	-0.279664	-0.289628	-0.289997	-0.285838	-0.261596	-0.214276	-0.154267	-0.0872256	-0.00855878	0.0682764	0.134359	0.179055	0.191868	0.157355	0.086383	-0.00930611	-0.117242	-0.227968	-0.330475	-0.415415	-0.474514	-0.496101	
-0.258432	-0.362446	-0.44482	-0.487353	-0.493573	-0.491952	-0.492739	-0.466756	-0.399343	-0.302088	-0.188625	-0.0604608	0.0680923	0.177365	0.249175	0.269617	0.239172	0.169523	0.0656447	-0.0688362	-0.210486	-0.329053	-0.409764	-0.449316	-0.449608	
-0.355069	-0.488315	-0.591734	-0.651537	-0.6679	-0.669083	-0.66181	-0.621625	-0.533987	-0.411176	-0.26581	-0.10386	0.0558911	0.193118	0.284386	0.314619	0.285694	0.219574	0.116928	-0.0246147	-0.181065	-0.307247	-0.375181	-0.389486	-0.363138	
-0.430507	-0.575257	-0.69305	-0.774425	-0.813713	-0.81926	-0.79565	-0.730608	-0.625966	-0.491303	-0.331237	-0.152236	0.0201245	0.164624	0.265874	0.306136	0.285125	0.222114	0.128417	0.00261041	-0.133866	-0.241298	-0.292192	-0.288055	-0.247094	
-0.489023	-0.635413	-0.760536	-0.861113	-0.918159	-0.928371	-0.889957	-0.805232	-0.687336	-0.550214	-0.38996	-0.212009	-0.0452682	0.0899332	0.1862	0.233543	0.2264	0.180984	0.109115	0.0189295	-0.071384	-0.135313	-0.158202	-0.145988	-0.105038	
-0.525273	-0.666684	-0.796278	-0.900984	-0.960596	-0.970211	-0.931247	-0.842445	-0.720277	-0.583264	-0.434092	-0.277157	-0.135945	-0.0242792	0.0582832	0.105775	0.117897	0.105462	0.0778881	0.0374061	0.00101342	-0.0136087	-0.00305476	0.0217731	0.0557753	
-0.544529	-0.675645	-0.798843	-0.893031	-0.938572	-0.945653	-0.916464	-0.841717	-0.726596	-0.597229	-0.468253	-0.349023	-0.250502	-0.170922	-0.103504	-0.0530031	-0.0197914	0.0107445	0.0408244	0.0629926	0.0817231	0.110809	0.15278	0.193488	0.228865	
-0.571855	-0.674216	-0.77472	-0.846406	-0.876193	-0.879662	-0.862589	-0.808062	-0.716006	-0.611939	-0.517175	-0.442485	-0.389379	-0.342069	-0.284852	-0.22571	-0.165773	-0.0921718	-0.00145533	0.0872346	0.166142	0.238827	0.308007	0.364655	0.404387	
-0.610918	-0.662393	-0.718365	-0.763467	-0.781871	-0.784468	-0.773465	-0.739126	-0.684399	-0.630413	-0.586046	-0.554054	-0.533365	-0.506589	-0.456223	-0.386706	-0.300495	-0.184203	-0.0393866	0.110286	0.245368	0.361146	0.457383	0.527388	0.573547	
-0.662393	-0.648048	-0.647411	-0.659297	-0.667014	-0.668392	-0.663444	-0.651846	-0.645279	-0.655962	-0.670704	-0.676408	-0.671942	-0.6516	-0.602449	-0.526712	-0.418074	-0.264935	-0.073423	0.122633	0.300293	0.452231	0.578013	0.670899	0.729789	
-0.718365	-0.647411	-0.590736	-0.561402	-0.546474	-0.544375	-0.554106	-0.576644	-0.621205	-0.690078	-0.75555	-0.79276	-0.800453	-0.77897	-0.723852	-0.636714	-0.510149	-0.330478	-0.110045	0.114632	0.319825	0.502789	0.66431	0.790983	0.872859	
-0.763467	-0.659297	-0.561402	-0.486354	-0.437266	-0.42857	-0.462837	-0.528867	-0.61771	-0.723087	-0.817144	-0.879003	-0.902617	-0.883522	-0.814075	-0.705314	-0.558475	-0.367758	-0.141053	0.0920321	0.316899	0.532584	0.733897	0.896273	0.995979	
-0.781871	-0.667014	-0.546474	-0.437266	-0.358155	-0.34329	-0.399869	-0.500832	-0.618186	-0.737791	-0.841884	-0.917652	-0.957885	-0.943566	-0.861881	-0.729785	-0.566721	-0.374507	-0.156844	0.0726013	0.309519	0.552166	0.784787	0.968903	1.07467	
-0.784468	-0.668392	-0.544375	-0.42857	-0.34329	-0.327387	-0.388217	-0.496492	-0.618422	-0.740306	-0.84471	-0.923447	-0.966563	-0.954276	-0.869441	-0.732745	-0.565551	-0.373824	-0.158676	0.0691276	0.308308	0.556846	0.795356	0.983498	1.08898	
-0.773465	-0.663444	-0.554106	-0.462837	-0.399869	-0.388217	-0.432962	-0.515163	-0.618133	-0.730883	-0.830809	-0.899207	-0.930803	-0.913646	-0.83902	-0.719366	-0.56489	-0.372664	-0.149443	0.0824198	0.313124	0.541212	0.75735	0.930114	1.03365	
-0.739126	-0.651846	-0.576644	-0.528867	-0.500832	-0.496492	-0.515163	-0.555141	-0.618411	-0.705045	-0.784192	-0.832689	-0.84598	-0.82542	-0.764745	-0.669993	-0.534876	-0.34907	-0.123494	0.106667	0.320344	0.516446	0.693702	0.83577	0.926115	
-0.684399	-0.645279	-0.621205	-0.61771	-0.618186	-0.618422	-0.618133	-0.618411	-0.632647	-0.668191	-0.705626	-0.724557	-0.725162	-0.704274	-0.653938	-0.574618	-0.458927	-0.293625	-0.0878836	0.12186	0.311873	0.475819	0.615198	0.720637	0.788587	
-0.630413	-0.655962	-0.690078	-0.723087	-0.737791	-0.740306	-0.730883	-0.705045	-0.668191	-0.63985	-0.618776	-0.603035	-0.589691	-0.566955	-0.517437	-0.445583	-0.34987	-0.217897	-0.0528977	0.117692	0.271543	0.402951	0.51029	0.588193	0.637914	
-0.586046	-0.670704	-0.75555	-0.817144	-0.841884	-0.84471	-0.830809	-0.784192	-0.705626	-0.618776	-0.542848	-0.485513	-0.447291	-0.409626	-0.355826	-0.292552	-0.221845	-0.131004	-0.017555	0.0965508	0.199415	0.289704	0.369749	0.431014	0.472763	
-0.554054	-0.676408	-0.79276	-0.879003	-0.917652	-0.923447	-0.899207	-0.832689	-0.724557	-0.603035	-0.485513	-0.383911	-0.303636	-0.237908	-0.175325	-0.122092	-0.0784658	-0.0303122	0.0240431	0.0731007	0.115476	0.162272	0.215103	0.2624	0.29934	
-0.533365	-0.671942	-0.800453	-0.902617	-0.957885	-0.966563	-0.930803	-0.84598	-0.725162	-0.589691	-0.447291	-0.303636	-0.17803	-0.0789388	-0.00290064	0.0450241	0.0656543	0.069412	0.0639322	0.0468755	0.0324763	0.0355146	0.0590925	0.0900536	0.123806	
-0.506589	-0.6516	-0.77897	-0.883522	-0.943566	-0.954276	-0.913646	-0.82542	-0.704274	-0.566955	-0.409626	-0.237908	-0.0789388	0.0480999	0.139646	0.187898	0.188027	0.154166	0.0972125	0.0257776	-0.0432904	-0.0870638	-0.0968091	-0.0800812	-0.0419686	
-0.456223	-0.602449	-0.723852	-0.814075	-0.861881	-0.869441	-0.83902	-0.764745	-0.653938	-0.517437	-0.355826	-0.175325	-0.00290064	0.139646	0.241079	0.284602	0.268571	0.209829	0.123081	0.0093665	-0.110409	-0.202626	-0.243488	-0.235601	-0.193566	
-0.386706	-0.526712	-0.636714	-0.705314	-0.729785	-0.732745	-0.719366	-0.669993	-0.574618	-0.445583	-0.292552	-0.122092	0.0450241	0.187898	0.284602	0.318946	0.291959	0.226668	0.12643	-0.0113123	-0.164022	-0.286149	-0.348087	-0.354229	-0.320168	
-0.300495	-0.418074	-0.510149	-0.558475	-0.566721	-0.565551	-0.56489	-0.534876	-0.458927	-0.34987	-0.221845	-0.0784658	0.0656543	0.188027	0.268571	0.291959	0.262719	0.194489	0.09036	-0.0501746	-0.200927	-0.324408	-0.400998	-0.43023	-0.419848	
-0.184203	-0.264935	-0.330478	-0.367758	-0.374507	-0.373824	-0.372664	-0.34907	-0.293625	-0.217897	-0.131004	-0.0303122	0.069412	0.154166	0.209829	0.226668	0.194489	0.123477	0.0224389	-0.0975085	-0.220414	-0.329978	-0.414403	-0.46771	-0.480984	
-0.0393866	-0.073423	-0.110045	-0.141053	-0.156844	-0.158676	-0.149443	-0.123494	-0.0878836	-0.0528977	-0.017555	0.0240431	0.0639322	0.0972125	0.123081	0.12643	0.09036	0.0224389	-0.0603586	-0.150164	-0.245143	-0.336962	-0.418557	-0.478696	-0.5101	
0.110286	0.122633	0.114632	0.0920321	0.0726013	0.0691276	0.0824198	0.106667	0.12186	0.117692	0.0965508	0.0731007	0.0468755	0.0257776	0.0093665	-0.0113123	-0.0501746	-0.0975085	-0.150164	-0.214883	-0.28914	-0.361209	-0.424014	-0.479243	-0.51862	
0.245368	0.300293	0.319825	0.316899	0.309519	0.308308	0.313124	0.320344	0.311873	0.271543	0.199415	0.115476	0.0324763	-0.0432904	-0.110409	-0.164022	-0.200927	-0.220414	-0.245143	-0.28914	-0.343938	-0.39035	-0.434123	-0.478682	-0.518635	
0.361146	0.452231	0.502789	0.532584	0.552166	0.556846	0.541212	0.516446	0.475819	0.402951	0.289704	0.162272	0.0355146	-0.0870638	-0.202626	-0.286149	-0.324408	-0.329978	-0.336962	-0.361209	-0.39035	-0.416111	-0.443522	-0.47712	-0.513784	
0.457383	0.578013	0.66431	0.733897	0.784787	0.795356	0.75735	0.693702	0.615198	0.51029	0.369749	0.215103	0.0590925	-0.0968091	-0.243488	-0.348087	-0.400998	-0.414403	-0.418557	-0.424014	-0.434123	-0.443522	-0.457715	-0.481109	-0.518438	
0.527388	0.670899	0.790983	0.896273	0.968903	0.983498	0.930114	0.83577	0.720637	0.588193	0.431014	0.2624	0.0900536	-0.0800812	-0.235601	-0.354229	-0.43023	-0.46771	-0.478696	-0.479243	-0.478682	-0.47712	-0.481109	-0.500432	-0.536717	
0.573547	0.729789	0.872859	0.995979	1.07467	1.08898	1.03365	0.926115	0.788587	0.637914	0.472763	0.29934	0.123806	-0.0419686	-0.193566	-0.320168	-0.419848	-0.480984	-0.5101	-0.51862	-0.518635	-0.513784	-0.518438	-0.536717	-0.560026	
