-0.466613	-0.455331	-0.39906	-0.305596	-0.181288	-0.0614632	0.0186995	0.0519034	0.0438401	-0.0111548	-0.0922481	-0.181698	-0.25442	-0.299659	-0.313587	-0.282559	-0.21815	-0.136262	-0.0521269	0.0432481	0.150739	0.278126	0.421458	0.572986	0.727511	
-0.455331	-0.408893	-0.314624	-0.186013	-0.0329996	0.104433	0.197307	0.24858	0.256644	0.209516	0.124266	0.0154809	-0.0882051	-0.167886	-0.214687	-0.22437	-0.195922	-0.138998	-0.0649671	0.0225156	0.119402	0.231342	0.3567	0.495299	0.641937	
-0.39906	-0.314624	-0.181988	-0.0268475	0.136357	0.282678	0.389753	0.454165	0.471147	0.427585	0.336594	0.213262	0.0836252	-0.0295592	-0.114419	-0.163127	-0.174358	-0.148737	-0.0944519	-0.021543	0.059469	0.148075	0.257745	0.388982	0.534485	
-0.305596	-0.186013	-0.0268475	0.136063	0.297774	0.449075	0.56348	0.63313	0.655382	0.617548	0.524742	0.39554	0.245274	0.103765	-0.0118051	-0.0971078	-0.144955	-0.156348	-0.137063	-0.0924755	-0.0270582	0.0486465	0.145053	0.268166	0.412566	
-0.181288	-0.0329996	0.136357	0.297774	0.453212	0.595724	0.704301	0.775305	0.801386	0.768012	0.674469	0.545097	0.384773	0.224541	0.0860339	-0.0293994	-0.110846	-0.161371	-0.175038	-0.158824	-0.117557	-0.0579077	0.0295135	0.1468	0.290221	
-0.0614632	0.104433	0.282678	0.449075	0.595724	0.723242	0.825077	0.892165	0.911335	0.869519	0.773847	0.647335	0.491479	0.33062	0.175647	0.0359579	-0.0722935	-0.149615	-0.197242	-0.210161	-0.18966	-0.147225	-0.0711444	0.0400613	0.191884	
0.0186995	0.197307	0.389753	0.56348	0.704301	0.825077	0.922528	0.980832	0.986981	0.936849	0.841011	0.720486	0.57281	0.41381	0.248228	0.0918517	-0.0310593	-0.131599	-0.206974	-0.250216	-0.25693	-0.222632	-0.143148	-0.0257261	0.129196	
0.0519034	0.24858	0.454165	0.63313	0.775305	0.892165	0.980832	1.02552	1.02621	0.976523	0.890533	0.773812	0.631765	0.475246	0.305741	0.143994	0.0105085	-0.106523	-0.202877	-0.267703	-0.293875	-0.26262	-0.175457	-0.0499521	0.109334	
0.0438401	0.256644	0.471147	0.655382	0.801386	0.911335	0.986981	1.02621	1.0317	0.992832	0.916434	0.805033	0.668287	0.516813	0.350348	0.184018	0.0390429	-0.0888065	-0.193796	-0.267319	-0.294546	-0.262287	-0.173702	-0.0447988	0.1174	
-0.0111548	0.209516	0.427585	0.617548	0.768012	0.869519	0.936849	0.976523	0.992832	0.967054	0.904979	0.801978	0.67014	0.525467	0.365964	0.202794	0.0571721	-0.0685741	-0.172972	-0.248528	-0.275131	-0.240099	-0.146883	-0.0140161	0.139452	
-0.0922481	0.124266	0.336594	0.524742	0.674469	0.773847	0.841011	0.890533	0.916434	0.904979	0.851674	0.753826	0.628596	0.49415	0.352481	0.207441	0.0729922	-0.0512868	-0.15283	-0.219953	-0.238073	-0.201956	-0.110818	0.0158713	0.153818	
-0.181698	0.0154809	0.213262	0.39554	0.545097	0.647335	0.720486	0.773812	0.805033	0.801978	0.753826	0.670429	0.560262	0.44147	0.320739	0.196828	0.0724304	-0.0414439	-0.12897	-0.184083	-0.192636	-0.155587	-0.075375	0.0267518	0.147046	
-0.25442	-0.0882051	0.0836252	0.245274	0.384773	0.491479	0.57281	0.631765	0.668287	0.67014	0.628596	0.560262	0.469722	0.372086	0.27262	0.163888	0.0501218	-0.0477594	-0.121381	-0.163661	-0.163011	-0.124738	-0.0548024	0.0313817	0.129492	
-0.299659	-0.167886	-0.0295592	0.103765	0.224541	0.33062	0.41381	0.475246	0.516813	0.525467	0.49415	0.44147	0.372086	0.286704	0.196181	0.0961275	-0.00549673	-0.0855709	-0.144603	-0.175248	-0.164241	-0.116883	-0.0522674	0.0190465	0.0971052	
-0.313587	-0.214687	-0.114419	-0.0118051	0.0860339	0.175647	0.248228	0.305741	0.350348	0.365964	0.352481	0.320739	0.27262	0.196181	0.100477	7.40776e-05	-0.0889811	-0.153675	-0.195315	-0.209036	-0.18544	-0.132568	-0.0751681	-0.0144978	0.0459026	
-0.282559	-0.22437	-0.163127	-0.0971078	-0.0293994	0.0359579	0.0918517	0.143994	0.184018	0.202794	0.207441	0.196828	0.163888	0.0961275	7.40776e-05	-0.0977007	-0.180249	-0.232774	-0.256618	-0.25731	-0.23331	-0.180217	-0.118181	-0.0652565	-0.0149104	
-0.21815	-0.195922	-0.174358	-0.144955	-0.110846	-0.0722935	-0.0310593	0.0105085	0.0390429	0.0571721	0.0729922	0.0724304	0.0501218	-0.00549673	-0.0889811	-0.180249	-0.253551	-0.298724	-0.317032	-0.318507	-0.296746	-0.239382	-0.175527	-0.120805	-0.071919	
-0.136262	-0.138998	-0.148737	-0.156348	-0.161371	-0.149615	-0.131599	-0.106523	-0.0888065	-0.0685741	-0.0512868	-0.0414439	-0.0477594	-0.0855709	-0.153675	-0.232774	-0.298724	-0.337646	-0.360804	-0.372802	-0.34837	-0.292347	-0.22625	-0.156699	-0.0912967	
-0.0521269	-0.0649671	-0.0944519	-0.137063	-0.175038	-0.197242	-0.206974	-0.202877	-0.193796	-0.172972	-0.15283	-0.12897	-0.121381	-0.144603	-0.195315	-0.256618	-0.317032	-0.360804	-0.391201	-0.403567	-0.372542	-0.312957	-0.2336	-0.136997	-0.0495242	
0.0432481	0.0225156	-0.021543	-0.0924755	-0.158824	-0.210161	-0.250216	-0.267703	-0.267319	-0.248528	-0.219953	-0.184083	-0.163661	-0.175248	-0.209036	-0.25731	-0.318507	-0.372802	-0.403567	-0.399585	-0.355421	-0.27653	-0.172562	-0.0519347	0.0581214	
0.150739	0.119402	0.059469	-0.0270582	-0.117557	-0.18966	-0.25693	-0.293875	-0.294546	-0.275131	-0.238073	-0.192636	-0.163011	-0.164241	-0.18544	-0.23331	-0.296746	-0.34837	-0.372542	-0.355421	-0.290534	-0.179479	-0.0452196	0.0989444	0.240067	
0.278126	0.231342	0.148075	0.0486465	-0.0579077	-0.147225	-0.222632	-0.26262	-0.262287	-0.240099	-0.201956	-0.155587	-0.124738	-0.116883	-0.132568	-0.180217	-0.239382	-0.292347	-0.312957	-0.27653	-0.179479	-0.0384256	0.129691	0.314674	0.489496	
0.421458	0.3567	0.257745	0.145053	0.0295135	-0.0711444	-0.143148	-0.175457	-0.173702	-0.146883	-0.110818	-0.075375	-0.0548024	-0.0522674	-0.0751681	-0.118181	-0.175527	-0.22625	-0.2336	-0.172562	-0.0452196	0.129691	0.340499	0.566784	0.781534	
0.572986	0.495299	0.388982	0.268166	0.1468	0.0400613	-0.0257261	-0.0499521	-0.0447988	-0.0140161	0.0158713	0.0267518	0.0313817	0.0190465	-0.0144978	-0.0652565	-0.120805	-0.156699	-0.136997	-0.0519347	0.0989444	0.314674	0.566784	0.832852	1.08889	
0.727511	0.641937	0.534485	0.412566	0.290221	0.191884	0.129196	0.109334	0.1174	0.139452	0.153818	0.147046	0.129492	0.0971052	0.0459026	-0.0149104	-0.071919	-0.0912967	-0.0495242	0.0581214	0.240067	0.489496	0.781534	1.08889	1.39234	
0.878798	0.79569	0.685343	0.567897	0.455493	0.363353	0.309832	0.288941	0.287938	0.295691	0.293579	0.275071	0.235617	0.183078	0.114378	0.0405042	-0.0194397	-0.0390301	0.0110538	0.142779	0.357158	0.638671	0.970616	1.32263	1.66805	
1.02164	0.942036	0.831949	0.718274	0.617898	0.535731	0.487742	0.459645	0.445553	0.437431	0.422422	0.392091	0.33729	0.268315	0.184228	0.0919526	0.0163805	-0.00733964	0.0482415	0.195862	0.428778	0.742512	1.12454	1.52926	1.91912	
1.1411	1.0627	0.957382	0.849436	0.759097	0.691877	0.64554	0.608452	0.581389	0.553164	0.528302	0.486785	0.421562	0.334279	0.23647	0.124056	0.0334715	0.00365989	0.05612	0.214858	0.469777	0.814928	1.23429	1.68805	2.12685	
1.22573	1.14822	1.04824	0.950603	0.872164	0.816448	0.772968	0.726932	0.680204	0.636248	0.603292	0.554407	0.481569	0.379557	0.263712	0.142625	0.0473041	0.00762907	0.0565801	0.227468	0.5051	0.86943	1.30565	1.78593	2.26062	
1.2723	1.19692	1.09807	1.00972	0.943627	0.891256	0.852892	0.799639	0.735267	0.687958	0.647222	0.591715	0.512114	0.407372	0.276178	0.154681	0.0538843	0.00861277	0.0689068	0.245382	0.524842	0.895019	1.3441	1.83512	2.3249	
1.27955	1.20518	1.10538	1.01972	0.957004	0.902094	0.867061	0.81163	0.743206	0.697275	0.655155	0.595857	0.516349	0.412288	0.279455	0.156887	0.0560749	0.0102565	0.0732605	0.25027	0.528435	0.900326	1.35081	1.84364	2.3348	
1.24934	1.17242	1.07364	0.979789	0.90676	0.853892	0.812048	0.761838	0.708443	0.661451	0.624414	0.573643	0.498154	0.393274	0.269423	0.148568	0.0498103	0.0077642	0.0609029	0.233943	0.514915	0.882052	1.32374	1.81101	2.2948	
1.17918	1.10134	0.998175	0.894278	0.808667	0.746043	0.701156	0.66049	0.625325	0.590406	0.562476	0.516902	0.448273	0.354019	0.250328	0.132909	0.0402481	0.00580188	0.0552456	0.219173	0.485081	0.840813	1.26775	1.73367	2.18858	
1.07297	0.993564	0.885244	0.773324	0.677211	0.601379	0.553267	0.522205	0.50305	0.487356	0.468027	0.432997	0.373417	0.297746	0.207898	0.106691	0.0241127	-0.00159763	0.0543859	0.206761	0.446298	0.772833	1.17353	1.59983	2.01004	
0.937892	0.855866	0.745337	0.629838	0.522299	0.433556	0.382448	0.359068	0.353793	0.354774	0.34699	0.323934	0.277228	0.218946	0.142946	0.0627962	-0.00229931	-0.0229793	0.0290288	0.168492	0.391621	0.685718	1.03738	1.40921	1.7719	
0.788981	0.703185	0.594666	0.474628	0.355266	0.259104	0.200235	0.180312	0.185942	0.202481	0.210667	0.198387	0.171286	0.130666	0.0723953	0.00675273	-0.0502611	-0.067776	-0.0226626	0.095243	0.291778	0.554398	0.860932	1.18464	1.50547	
0.634613	0.552914	0.446056	0.323672	0.200382	0.0965082	0.0310518	0.00980484	0.016975	0.0458877	0.0702057	0.0735418	0.0692385	0.0494248	0.00933756	-0.0455339	-0.102112	-0.130395	-0.0987239	-0.00557501	0.155984	0.385762	0.654705	0.937837	1.2131	
0.480803	0.41073	0.307888	0.191219	0.0738943	-0.0317347	-0.100447	-0.12913	-0.126684	-0.0973216	-0.062784	-0.0372493	-0.0217854	-0.0242221	-0.0508306	-0.0964096	-0.151749	-0.19785	-0.195617	-0.124995	0.0117048	0.204205	0.431493	0.672943	0.903401	
0.334644	0.279945	0.189515	0.0840573	-0.0272823	-0.120289	-0.195752	-0.233649	-0.232252	-0.208614	-0.17171	-0.127636	-0.0995495	-0.0917081	-0.110199	-0.154946	-0.213947	-0.26737	-0.284408	-0.237805	-0.127245	0.0252829	0.210273	0.4124	0.602893	
0.199015	0.162035	0.0925497	0.00210355	-0.0957589	-0.176515	-0.248261	-0.289349	-0.290128	-0.269243	-0.230015	-0.183517	-0.152598	-0.148439	-0.165824	-0.214922	-0.277036	-0.327113	-0.350422	-0.327112	-0.250747	-0.126451	0.020606	0.178863	0.332788	
0.0850103	0.06008	0.0102524	-0.0682101	-0.145273	-0.204681	-0.257391	-0.283019	-0.283721	-0.265497	-0.234029	-0.193412	-0.168051	-0.175514	-0.204093	-0.251467	-0.314161	-0.368914	-0.396282	-0.38683	-0.336157	-0.245085	-0.129004	0.000310607	0.122312	
-0.0156981	-0.0313957	-0.0670739	-0.122362	-0.171542	-0.207039	-0.229241	-0.233386	-0.227636	-0.207901	-0.184584	-0.155822	-0.143587	-0.161291	-0.205183	-0.259459	-0.318972	-0.367541	-0.399817	-0.406817	-0.371236	-0.305253	-0.216833	-0.111029	-0.015263	
-0.102859	-0.110883	-0.129929	-0.152399	-0.171457	-0.1724	-0.165134	-0.14814	-0.134031	-0.112837	-0.0951864	-0.0800486	-0.0800709	-0.111374	-0.172857	-0.245694	-0.309155	-0.348487	-0.374516	-0.38843	-0.362182	-0.306661	-0.237166	-0.15661	-0.0815906	
-0.186607	-0.175815	-0.168279	-0.152647	-0.135148	-0.106618	-0.0738117	-0.0378918	-0.0144046	0.00453739	0.0216129	0.0246186	0.00831278	-0.0408152	-0.118107	-0.204865	-0.274564	-0.316955	-0.335973	-0.342413	-0.31985	-0.261834	-0.197801	-0.139331	-0.0862226	
-0.259798	-0.2175	-0.172387	-0.120639	-0.0655413	-0.0119564	0.0388979	0.087262	0.12345	0.141648	0.152496	0.147013	0.118142	0.0542776	-0.0376767	-0.133956	-0.212792	-0.262085	-0.282509	-0.281138	-0.258441	-0.203236	-0.14059	-0.0885299	-0.0401201	
-0.306546	-0.223546	-0.138294	-0.050051	0.0363303	0.117538	0.18247	0.237881	0.282225	0.299994	0.293992	0.271881	0.230302	0.157185	0.0602272	-0.0397645	-0.126135	-0.185525	-0.219412	-0.226209	-0.200967	-0.149093	-0.0906482	-0.0331919	0.0225872	
-0.309685	-0.190077	-0.0675627	0.0540043	0.166826	0.267546	0.348448	0.408401	0.451473	0.463299	0.438463	0.393687	0.332539	0.251073	0.159389	0.0601293	-0.0360959	-0.109548	-0.16202	-0.186815	-0.170746	-0.119381	-0.057457	0.00809299	0.0783169	
-0.276163	-0.123543	0.0353414	0.1863	0.3186	0.426688	0.510028	0.570831	0.609182	0.613968	0.575727	0.512273	0.431585	0.339831	0.245351	0.140874	0.0322441	-0.0596132	-0.127626	-0.164594	-0.159658	-0.119048	-0.0520094	0.0287018	0.118667	
-0.213911	-0.0286002	0.160143	0.336409	0.48421	0.587744	0.663761	0.71908	0.752231	0.751054	0.705685	0.628767	0.525836	0.415914	0.304568	0.187229	0.0660568	-0.0403387	-0.121679	-0.172314	-0.177654	-0.140233	-0.0644039	0.0298147	0.141175	
-0.127827	0.0827643	0.290261	0.477014	0.626176	0.726529	0.79582	0.847762	0.876494	0.869661	0.817499	0.724167	0.603949	0.474403	0.34171	0.205375	0.075118	-0.0467585	-0.14355	-0.206321	-0.220172	-0.183203	-0.0963411	0.0219984	0.153749	
