-0.633502	-0.614663	-0.599974	-0.5897	-0.58408	-0.583184	-0.58701	-0.59553	-0.608543	-0.625801	-0.646827	-0.670877	-0.696976	-0.723655	-0.749014	-0.770822	-0.785978	-0.791277	-0.783153	-0.757421	-0.710891	-0.640472	-0.54292	-0.417137	-0.265087	
-0.484133	-0.46308	-0.447184	-0.436329	-0.430495	-0.429468	-0.433419	-0.442203	-0.456161	-0.475143	-0.499466	-0.528793	-0.562878	-0.600978	-0.641639	-0.683081	-0.722752	-0.756762	-0.781667	-0.79252	-0.784334	-0.754044	-0.698149	-0.61275	-0.495747	
-0.341535	-0.324749	-0.312443	-0.30438	-0.300055	-0.299254	-0.302116	-0.308492	-0.319056	-0.333927	-0.353911	-0.379565	-0.411306	-0.449591	-0.494362	-0.544355	-0.598795	-0.654356	-0.707078	-0.752831	-0.784181	-0.794698	-0.780297	-0.736815	-0.660971	
-0.250034	-0.240812	-0.234527	-0.230681	-0.228541	-0.228349	-0.229527	-0.232803	-0.237823	-0.2459	-0.2569	-0.272584	-0.293563	-0.321006	-0.356558	-0.400346	-0.452322	-0.512792	-0.577816	-0.644905	-0.708926	-0.760602	-0.791536	-0.794781	-0.763816	
-0.213824	-0.211315	-0.210298	-0.20961	-0.209361	-0.209546	-0.209464	-0.210352	-0.21093	-0.213067	-0.216058	-0.22136	-0.230058	-0.243391	-0.262853	-0.291817	-0.329609	-0.379164	-0.439989	-0.509044	-0.584623	-0.660943	-0.72841	-0.777609	-0.798307	
-0.217374	-0.218546	-0.219432	-0.21978	-0.220324	-0.220092	-0.220173	-0.219456	-0.219169	-0.217797	-0.217281	-0.216032	-0.215758	-0.217578	-0.221513	-0.231468	-0.250269	-0.278952	-0.32275	-0.381033	-0.452712	-0.534513	-0.619931	-0.698319	-0.760904	
-0.227777	-0.227028	-0.225309	-0.22463	-0.223897	-0.22349	-0.224492	-0.2244	-0.22659	-0.226804	-0.228414	-0.228667	-0.228233	-0.226825	-0.225923	-0.223047	-0.225043	-0.231858	-0.249273	-0.281677	-0.333905	-0.405275	-0.493206	-0.587661	-0.676333	
-0.210697	-0.205653	-0.20183	-0.199501	-0.197551	-0.197799	-0.19842	-0.200935	-0.203877	-0.208819	-0.213273	-0.219289	-0.22506	-0.228808	-0.233324	-0.234592	-0.233132	-0.23155	-0.232285	-0.239483	-0.259529	-0.302332	-0.368514	-0.460512	-0.561496	
-0.177776	-0.172683	-0.170281	-0.166874	-0.166605	-0.166116	-0.166446	-0.169454	-0.170691	-0.176754	-0.181028	-0.18886	-0.197244	-0.207456	-0.215794	-0.227187	-0.233629	-0.237764	-0.236576	-0.237802	-0.237566	-0.251763	-0.284942	-0.347558	-0.440162	
-0.155907	-0.154153	-0.153069	-0.151599	-0.152348	-0.151275	-0.152119	-0.152496	-0.153482	-0.15497	-0.157864	-0.161712	-0.166682	-0.176611	-0.185412	-0.198957	-0.212977	-0.228456	-0.236756	-0.241665	-0.241398	-0.236937	-0.247501	-0.27403	-0.340484	
-0.156027	-0.155865	-0.154436	-0.156792	-0.154378	-0.156141	-0.155497	-0.154907	-0.156677	-0.154278	-0.156441	-0.155195	-0.1564	-0.157366	-0.162833	-0.168152	-0.180324	-0.194592	-0.216581	-0.231792	-0.247851	-0.245118	-0.240974	-0.242909	-0.268205	
-0.158415	-0.157671	-0.155267	-0.155867	-0.153225	-0.154766	-0.15433	-0.15493	-0.157072	-0.157647	-0.159889	-0.160861	-0.162962	-0.161397	-0.163662	-0.161374	-0.165838	-0.16865	-0.180832	-0.198671	-0.224204	-0.246936	-0.248796	-0.245739	-0.241678	
-0.14342	-0.140932	-0.139402	-0.135869	-0.137409	-0.135298	-0.137075	-0.138452	-0.139177	-0.144165	-0.145271	-0.151291	-0.155024	-0.160124	-0.164318	-0.167447	-0.166905	-0.170811	-0.169557	-0.175148	-0.188579	-0.219194	-0.242489	-0.249487	-0.243261	
-0.130506	-0.127901	-0.128033	-0.126291	-0.127294	-0.126244	-0.126786	-0.127624	-0.127451	-0.130047	-0.13084	-0.134675	-0.138065	-0.143711	-0.149772	-0.159642	-0.163606	-0.170193	-0.174313	-0.17206	-0.170946	-0.187793	-0.218785	-0.244688	-0.246558	
-0.130314	-0.129551	-0.129907	-0.129165	-0.129525	-0.128894	-0.129379	-0.129193	-0.129201	-0.129748	-0.129817	-0.129693	-0.132147	-0.132289	-0.134902	-0.142216	-0.14876	-0.157877	-0.171703	-0.180458	-0.171688	-0.169338	-0.187929	-0.222276	-0.247927	
-0.132155	-0.127224	-0.128812	-0.125732	-0.126346	-0.126647	-0.12547	-0.128991	-0.127524	-0.130553	-0.132617	-0.132033	-0.134912	-0.137379	-0.133331	-0.138187	-0.139345	-0.138447	-0.148028	-0.17183	-0.182572	-0.172477	-0.172765	-0.194422	-0.228862	
-0.119613	-0.117479	-0.116596	-0.115859	-0.113868	-0.116105	-0.113883	-0.115833	-0.118057	-0.116664	-0.123189	-0.124375	-0.125982	-0.135308	-0.135382	-0.136608	-0.147298	-0.14454	-0.135537	-0.145835	-0.17033	-0.176887	-0.169939	-0.178181	-0.210333	
-0.11115	-0.116893	-0.112064	-0.114006	-0.113724	-0.1123	-0.115349	-0.111144	-0.116283	-0.112745	-0.11414	-0.118751	-0.114667	-0.121941	-0.128225	-0.126138	-0.134984	-0.150549	-0.144856	-0.138357	-0.154726	-0.170787	-0.172251	-0.166301	-0.189062	
-0.114464	-0.120541	-0.112201	-0.117084	-0.115474	-0.112537	-0.119058	-0.111783	-0.119386	-0.116639	-0.116534	-0.120858	-0.11928	-0.115494	-0.126227	-0.121962	-0.121389	-0.135389	-0.149457	-0.138763	-0.145476	-0.160594	-0.170726	-0.167004	-0.175076	
-0.113668	-0.110235	-0.106996	-0.109086	-0.106721	-0.105927	-0.108709	-0.106839	-0.108499	-0.112171	-0.112	-0.113144	-0.124716	-0.114345	-0.125456	-0.128478	-0.122344	-0.120294	-0.13842	-0.140428	-0.141795	-0.154359	-0.165758	-0.164015	-0.165026	
-0.111207	-0.10061	-0.108223	-0.10417	-0.10378	-0.107923	-0.101058	-0.109983	-0.101693	-0.107785	-0.10813	-0.103962	-0.113043	-0.112872	-0.113536	-0.124318	-0.130309	-0.126459	-0.132435	-0.134071	-0.134404	-0.14764	-0.16195	-0.166672	-0.159778	
-0.110105	-0.106242	-0.109446	-0.106117	-0.106202	-0.108087	-0.104586	-0.109131	-0.106537	-0.108861	-0.109987	-0.109893	-0.110773	-0.112375	-0.111239	-0.114194	-0.116712	-0.121448	-0.132915	-0.138905	-0.132119	-0.140352	-0.155685	-0.163844	-0.158134	
-0.105931	-0.101336	-0.103863	-0.100375	-0.101304	-0.10194	-0.0997579	-0.103886	-0.10108	-0.104945	-0.105918	-0.106742	-0.110876	-0.113716	-0.112516	-0.119584	-0.120416	-0.115002	-0.123065	-0.134975	-0.132264	-0.13579	-0.149649	-0.164728	-0.158008	
-0.102463	-0.0991002	-0.102018	-0.0996547	-0.0993995	-0.101675	-0.0978599	-0.102408	-0.0993224	-0.101133	-0.10306	-0.101791	-0.104303	-0.109676	-0.106757	-0.114174	-0.12102	-0.11901	-0.118819	-0.133461	-0.130941	-0.133782	-0.14418	-0.159094	-0.15831	
-0.103064	-0.10203	-0.10437	-0.100363	-0.101965	-0.102635	-0.100102	-0.103835	-0.102359	-0.103433	-0.104684	-0.107145	-0.101701	-0.111855	-0.104829	-0.108314	-0.114571	-0.119736	-0.119093	-0.129722	-0.130345	-0.129832	-0.140743	-0.158722	-0.158048	
-0.0974472	-0.099469	-0.0968677	-0.0960361	-0.0974472	-0.0946198	-0.0980402	-0.0951308	-0.0986663	-0.0982887	-0.0995362	-0.103818	-0.103652	-0.10916	-0.110093	-0.112885	-0.114425	-0.112414	-0.113876	-0.128945	-0.13128	-0.129967	-0.136096	-0.154421	-0.158497	
-0.099469	-0.0985776	-0.100788	-0.0978	-0.0993841	-0.0995681	-0.0980479	-0.100377	-0.0995275	-0.0993471	-0.101041	-0.101545	-0.0975974	-0.106927	-0.101842	-0.105767	-0.116534	-0.120933	-0.114311	-0.124788	-0.128802	-0.128436	-0.13387	-0.151862	-0.159152	
-0.0968677	-0.100788	-0.0971534	-0.0964841	-0.098082	-0.0946523	-0.0989058	-0.0949487	-0.099646	-0.0987015	-0.0991176	-0.105573	-0.101263	-0.108186	-0.108068	-0.107795	-0.108969	-0.113364	-0.112484	-0.124765	-0.130395	-0.127987	-0.133138	-0.149961	-0.156908	
-0.0960361	-0.0978	-0.0964841	-0.0953006	-0.0970424	-0.0949576	-0.0971986	-0.0955663	-0.0981343	-0.0967911	-0.098635	-0.100723	-0.0982234	-0.105309	-0.105042	-0.106468	-0.114118	-0.11698	-0.112987	-0.122664	-0.12849	-0.127618	-0.129838	-0.148279	-0.159444	
-0.0974472	-0.0993841	-0.098082	-0.0970424	-0.0981377	-0.0963932	-0.0981543	-0.0966834	-0.098651	-0.0984884	-0.0984525	-0.102657	-0.0985891	-0.105503	-0.103633	-0.105576	-0.110932	-0.116749	-0.110878	-0.121887	-0.129092	-0.127626	-0.131863	-0.147131	-0.156574	
-0.0946198	-0.0995681	-0.0946523	-0.0949576	-0.0963932	-0.0929411	-0.0977798	-0.093263	-0.09896	-0.096761	-0.0985455	-0.103645	-0.099963	-0.106654	-0.108584	-0.106607	-0.109204	-0.11367	-0.113207	-0.12295	-0.129291	-0.12706	-0.129707	-0.147573	-0.15812	
-0.0980402	-0.0980479	-0.0989058	-0.0971986	-0.0981543	-0.0977798	-0.0973136	-0.0982213	-0.097855	-0.0980949	-0.0985529	-0.100093	-0.0971147	-0.104326	-0.101081	-0.105239	-0.114622	-0.119423	-0.111249	-0.121491	-0.128199	-0.127647	-0.131172	-0.147352	-0.158207	
-0.0951308	-0.100377	-0.0949487	-0.0955663	-0.0966834	-0.093263	-0.0982213	-0.0936051	-0.0991624	-0.0978867	-0.0986081	-0.105146	-0.101408	-0.10804	-0.109673	-0.10866	-0.108726	-0.112492	-0.112345	-0.124391	-0.13069	-0.127587	-0.132431	-0.149641	-0.156695	
-0.0986663	-0.0995275	-0.099646	-0.0981343	-0.098651	-0.09896	-0.097855	-0.0991624	-0.0995884	-0.0984991	-0.100842	-0.101787	-0.0979999	-0.106466	-0.102608	-0.105187	-0.11475	-0.119928	-0.114385	-0.125068	-0.128412	-0.127873	-0.132598	-0.150025	-0.15985	
-0.0982887	-0.0993471	-0.0987015	-0.0967911	-0.0984884	-0.096761	-0.0980949	-0.0978867	-0.0984991	-0.0999451	-0.0996782	-0.103561	-0.101837	-0.108969	-0.106776	-0.110965	-0.11461	-0.11542	-0.112626	-0.12617	-0.130976	-0.129401	-0.136754	-0.15447	-0.157064	
-0.0995362	-0.101041	-0.0991176	-0.098635	-0.0984525	-0.0985455	-0.0985529	-0.0986081	-0.100842	-0.0996782	-0.10241	-0.105206	-0.102679	-0.109775	-0.108403	-0.110728	-0.114429	-0.115962	-0.117293	-0.131082	-0.130707	-0.129678	-0.137696	-0.15547	-0.159241	
-0.103818	-0.101545	-0.105573	-0.100723	-0.102657	-0.103645	-0.100093	-0.105146	-0.101787	-0.103561	-0.105206	-0.104661	-0.102766	-0.111547	-0.104203	-0.109122	-0.117759	-0.121072	-0.119626	-0.13096	-0.129883	-0.13206	-0.14348	-0.15957	-0.158106	
-0.103652	-0.0975974	-0.101263	-0.0982234	-0.0985891	-0.099963	-0.0971147	-0.101408	-0.0979999	-0.101837	-0.102679	-0.102766	-0.108667	-0.11077	-0.111076	-0.120881	-0.12326	-0.114903	-0.119992	-0.133738	-0.132385	-0.135577	-0.14634	-0.16313	-0.158422	
-0.10916	-0.106927	-0.108186	-0.105309	-0.105503	-0.106654	-0.104326	-0.10804	-0.106466	-0.108969	-0.109775	-0.111547	-0.11077	-0.114455	-0.111864	-0.114211	-0.114089	-0.118734	-0.130075	-0.138251	-0.133391	-0.137271	-0.153924	-0.163858	-0.156199	
-0.110093	-0.101842	-0.108068	-0.105042	-0.103633	-0.108584	-0.101081	-0.109673	-0.102608	-0.106776	-0.108403	-0.104203	-0.111076	-0.111864	-0.111337	-0.120498	-0.127386	-0.126483	-0.132452	-0.135733	-0.131637	-0.14404	-0.158992	-0.166028	-0.161003	
-0.112885	-0.105767	-0.107795	-0.106468	-0.105576	-0.106607	-0.105239	-0.10866	-0.105187	-0.110965	-0.110728	-0.109122	-0.120881	-0.114211	-0.120498	-0.127678	-0.125838	-0.121244	-0.134591	-0.137248	-0.1396	-0.15254	-0.165528	-0.16551	-0.160454	
-0.114425	-0.116534	-0.108969	-0.114118	-0.110932	-0.109204	-0.114622	-0.108726	-0.11475	-0.11461	-0.114429	-0.117759	-0.12326	-0.114089	-0.127386	-0.125838	-0.120402	-0.127092	-0.146245	-0.140859	-0.143901	-0.157463	-0.167713	-0.165052	-0.171167	
-0.112414	-0.120933	-0.113364	-0.11698	-0.116749	-0.11367	-0.119423	-0.112492	-0.119928	-0.11542	-0.115962	-0.121072	-0.114903	-0.118734	-0.126483	-0.121244	-0.127092	-0.147058	-0.149401	-0.137101	-0.150187	-0.16629	-0.172865	-0.166655	-0.181863	
-0.113876	-0.114311	-0.112484	-0.112987	-0.110878	-0.113207	-0.111249	-0.112345	-0.114385	-0.112626	-0.117293	-0.119626	-0.119992	-0.130075	-0.132452	-0.134591	-0.146245	-0.149401	-0.136563	-0.14055	-0.163547	-0.17552	-0.170731	-0.17189	-0.20262	
-0.128945	-0.124788	-0.124765	-0.122664	-0.121887	-0.12295	-0.121491	-0.124391	-0.125068	-0.12617	-0.131082	-0.13096	-0.133738	-0.138251	-0.135733	-0.137248	-0.140859	-0.137101	-0.14055	-0.161355	-0.180528	-0.175524	-0.170853	-0.187578	-0.22037	
-0.13128	-0.128802	-0.130395	-0.12849	-0.129092	-0.129291	-0.128199	-0.13069	-0.128412	-0.130976	-0.130707	-0.129883	-0.132385	-0.133391	-0.131637	-0.1396	-0.143901	-0.150187	-0.163547	-0.180528	-0.17748	-0.168053	-0.179406	-0.209433	-0.241771	
-0.129967	-0.128436	-0.127987	-0.127618	-0.127626	-0.12706	-0.127647	-0.127587	-0.127873	-0.129401	-0.129678	-0.13206	-0.135577	-0.137271	-0.14404	-0.15254	-0.157463	-0.16629	-0.17552	-0.175524	-0.168053	-0.177648	-0.206064	-0.238352	-0.249272	
-0.136096	-0.13387	-0.133138	-0.129838	-0.131863	-0.129707	-0.131172	-0.132431	-0.132598	-0.136754	-0.137696	-0.14348	-0.14634	-0.153924	-0.158992	-0.165528	-0.167713	-0.172865	-0.170731	-0.170853	-0.179406	-0.206064	-0.2353	-0.249076	-0.244002	
-0.154421	-0.151862	-0.149961	-0.148279	-0.147131	-0.147573	-0.147352	-0.149641	-0.150025	-0.15447	-0.15547	-0.15957	-0.16313	-0.163858	-0.166028	-0.16551	-0.165052	-0.166655	-0.17189	-0.187578	-0.209433	-0.238352	-0.249076	-0.247882	-0.241364	
-0.158497	-0.159152	-0.156908	-0.159444	-0.156574	-0.15812	-0.158207	-0.156695	-0.15985	-0.157064	-0.159241	-0.158106	-0.158422	-0.156199	-0.161003	-0.160454	-0.171167	-0.181863	-0.20262	-0.22037	-0.241771	-0.249272	-0.244002	-0.241364	-0.251665	
