0.501546	0.469501	0.45775	0.473179	0.501877	0.524534	0.524136	0.482922	0.39208	0.259785	0.1012	-0.0746348	-0.246628	-0.406582	-0.538794	-0.632729	-0.684093	-0.708149	-0.70011	-0.665683	-0.619392	-0.582052	-0.545984	-0.511641	-0.48887	
0.469501	0.403354	0.358667	0.334714	0.329129	0.335774	0.33669	0.298518	0.21976	0.106788	-0.0293578	-0.183509	-0.336515	-0.476401	-0.59242	-0.664105	-0.691709	-0.698022	-0.686517	-0.648443	-0.605145	-0.573291	-0.543349	-0.512772	-0.4965	
0.45775	0.358667	0.286505	0.23634	0.209885	0.202287	0.20151	0.173672	0.109034	0.0123849	-0.1087	-0.24142	-0.374799	-0.487086	-0.578942	-0.628623	-0.64263	-0.644002	-0.634163	-0.603888	-0.571328	-0.549321	-0.525672	-0.508567	-0.503108	
0.473179	0.334714	0.23634	0.170524	0.132749	0.123251	0.129889	0.120136	0.0717581	-0.0134803	-0.123543	-0.239794	-0.345383	-0.429789	-0.496514	-0.53199	-0.539403	-0.542059	-0.537939	-0.521389	-0.50711	-0.494484	-0.482169	-0.482191	-0.492201	
0.501877	0.329129	0.209885	0.132749	0.0916298	0.0941703	0.117743	0.128352	0.0989973	0.0313196	-0.0586718	-0.150044	-0.234046	-0.302331	-0.353209	-0.377065	-0.386236	-0.393264	-0.394279	-0.390564	-0.39681	-0.39893	-0.402085	-0.41944	-0.439223	
0.524534	0.335774	0.202287	0.123251	0.0941703	0.107705	0.140443	0.169917	0.175054	0.140899	0.0838948	0.0169496	-0.0511582	-0.108239	-0.151172	-0.178003	-0.200552	-0.211869	-0.214406	-0.220993	-0.245539	-0.265792	-0.283915	-0.312655	-0.332961	
0.524136	0.33669	0.20151	0.129889	0.117743	0.140443	0.186782	0.240599	0.277789	0.28082	0.259295	0.222882	0.175503	0.125678	0.0793298	0.0370497	0.00292217	-0.0189215	-0.0289089	-0.0478481	-0.0795563	-0.112718	-0.136595	-0.164374	-0.179517	
0.482922	0.298518	0.173672	0.120136	0.128352	0.169917	0.240599	0.317418	0.383501	0.422323	0.438146	0.43014	0.397611	0.350426	0.301633	0.25436	0.208828	0.168788	0.136851	0.109568	0.0759873	0.0432062	0.0245469	0.0135646	0.00356586	
0.39208	0.21976	0.109034	0.0717581	0.0989973	0.175054	0.277789	0.383501	0.481203	0.558583	0.602505	0.605899	0.576814	0.533814	0.489784	0.440238	0.385034	0.327628	0.275122	0.239245	0.206317	0.181226	0.175796	0.183768	0.180103	
0.259785	0.106788	0.0123849	-0.0134803	0.0313196	0.140899	0.28082	0.422323	0.558583	0.665751	0.722102	0.731285	0.706174	0.665649	0.614034	0.559416	0.500245	0.437594	0.374951	0.336549	0.309542	0.293498	0.296077	0.310528	0.314639	
0.1012	-0.0293578	-0.1087	-0.123543	-0.0586718	0.0838948	0.259295	0.438146	0.602505	0.722102	0.790531	0.81134	0.789414	0.735466	0.67264	0.608826	0.545297	0.479621	0.425231	0.395236	0.378885	0.368814	0.370544	0.377268	0.384624	
-0.0746348	-0.183509	-0.24142	-0.239794	-0.150044	0.0169496	0.222882	0.43014	0.605899	0.731285	0.81134	0.839656	0.811036	0.749039	0.678378	0.60102	0.524641	0.466236	0.430739	0.410644	0.400225	0.399245	0.39954	0.394514	0.395341	
-0.246628	-0.336515	-0.374799	-0.345383	-0.234046	-0.0511582	0.175503	0.397611	0.576814	0.706174	0.789414	0.811036	0.779126	0.713822	0.634947	0.544594	0.467442	0.424109	0.400429	0.380766	0.373279	0.382217	0.383741	0.372223	0.364421	
-0.406582	-0.476401	-0.487086	-0.429789	-0.302331	-0.108239	0.125678	0.350426	0.533814	0.665649	0.735466	0.749039	0.713822	0.642177	0.555296	0.469145	0.402155	0.366855	0.344129	0.324553	0.318128	0.325172	0.325715	0.317125	0.306357	
-0.538794	-0.59242	-0.578942	-0.496514	-0.353209	-0.151172	0.0793298	0.301633	0.489784	0.614034	0.67264	0.678378	0.634947	0.555296	0.475779	0.402837	0.342576	0.305486	0.28257	0.265933	0.255146	0.248871	0.245289	0.243304	0.235033	
-0.632729	-0.664105	-0.628623	-0.53199	-0.377065	-0.178003	0.0370497	0.25436	0.440238	0.559416	0.608826	0.60102	0.544594	0.469145	0.402837	0.339056	0.281528	0.241217	0.216003	0.198592	0.181933	0.163467	0.155186	0.15734	0.155978	
-0.684093	-0.691709	-0.64263	-0.539403	-0.386236	-0.200552	0.00292217	0.208828	0.385034	0.500245	0.545297	0.524641	0.467442	0.402155	0.342576	0.281528	0.224987	0.181781	0.151924	0.130194	0.107699	0.0850138	0.0736716	0.0780749	0.0856088	
-0.708149	-0.698022	-0.644002	-0.542059	-0.393264	-0.211869	-0.0189215	0.168788	0.327628	0.437594	0.479621	0.466236	0.424109	0.366855	0.305486	0.241217	0.181781	0.137064	0.103908	0.0719568	0.0465852	0.0306916	0.0215948	0.0228869	0.0340233	
-0.70011	-0.686517	-0.634163	-0.537939	-0.394279	-0.214406	-0.0289089	0.136851	0.275122	0.374951	0.425231	0.430739	0.400429	0.344129	0.28257	0.216003	0.151924	0.103908	0.0598064	0.0163378	-0.0026049	-0.00142978	-0.00828825	-0.0151818	-0.0108191	
-0.665683	-0.648443	-0.603888	-0.521389	-0.390564	-0.220993	-0.0478481	0.109568	0.239245	0.336549	0.395236	0.410644	0.380766	0.324553	0.265933	0.198592	0.130194	0.0719568	0.0163378	-0.0291123	-0.0381909	-0.0308749	-0.0363474	-0.0468732	-0.0513138	
-0.619392	-0.605145	-0.571328	-0.50711	-0.39681	-0.245539	-0.0795563	0.0759873	0.206317	0.309542	0.378885	0.400225	0.373279	0.318128	0.255146	0.181933	0.107699	0.0465852	-0.0026049	-0.0381909	-0.053522	-0.0575564	-0.0608218	-0.0635177	-0.0734293	
-0.582052	-0.573291	-0.549321	-0.494484	-0.39893	-0.265792	-0.112718	0.0432062	0.181226	0.293498	0.368814	0.399245	0.382217	0.325172	0.248871	0.163467	0.0850138	0.0306916	-0.00142978	-0.0308749	-0.0575564	-0.0747277	-0.0787887	-0.0800415	-0.0871553	
-0.545984	-0.543349	-0.525672	-0.482169	-0.402085	-0.283915	-0.136595	0.0245469	0.175796	0.296077	0.370544	0.39954	0.383741	0.325715	0.245289	0.155186	0.0736716	0.0215948	-0.00828825	-0.0363474	-0.0608218	-0.0787887	-0.095369	-0.103637	-0.103197	
-0.511641	-0.512772	-0.508567	-0.482191	-0.41944	-0.312655	-0.164374	0.0135646	0.183768	0.310528	0.377268	0.394514	0.372223	0.317125	0.243304	0.15734	0.0780749	0.0228869	-0.0151818	-0.0468732	-0.0635177	-0.0800415	-0.103637	-0.113774	-0.105445	
-0.48887	-0.4965	-0.503108	-0.492201	-0.439223	-0.332961	-0.179517	0.00356586	0.180103	0.314639	0.384624	0.395341	0.364421	0.306357	0.235033	0.155978	0.0856088	0.0340233	-0.0108191	-0.0513138	-0.0734293	-0.0871553	-0.103197	-0.105445	-0.0990401	
-0.485894	-0.4995	-0.511387	-0.501087	-0.444173	-0.332693	-0.177833	0.00167749	0.175102	0.314146	0.391906	0.404514	0.366644	0.301011	0.229266	0.157631	0.0942212	0.0427298	-0.00649139	-0.0556078	-0.0827234	-0.0921465	-0.0978531	-0.101099	-0.101397	
-0.485716	-0.510438	-0.526101	-0.514399	-0.448957	-0.325693	-0.165795	0.0081627	0.173705	0.310969	0.391843	0.404641	0.363751	0.297767	0.23345	0.168047	0.0997908	0.0386159	-0.014427	-0.0596568	-0.0826435	-0.0878835	-0.094893	-0.104094	-0.111437	
-0.489705	-0.528916	-0.548038	-0.528327	-0.451937	-0.321577	-0.158209	0.0151162	0.174635	0.303463	0.379649	0.395624	0.361471	0.303338	0.242984	0.174839	0.0984202	0.0314816	-0.0184233	-0.0568092	-0.0755749	-0.084278	-0.0941178	-0.104129	-0.112416	
-0.498552	-0.551118	-0.568056	-0.536071	-0.447189	-0.310295	-0.147719	0.0210277	0.173238	0.293592	0.366897	0.389846	0.369638	0.317152	0.249078	0.168863	0.0900073	0.0300151	-0.0138249	-0.0506264	-0.0731199	-0.0865089	-0.0995956	-0.105242	-0.108591	
-0.508547	-0.568851	-0.581429	-0.536968	-0.438986	-0.302303	-0.142179	0.0249169	0.173675	0.287488	0.357043	0.387707	0.379478	0.330655	0.251618	0.160864	0.0834121	0.031791	-0.00777622	-0.0468183	-0.0712131	-0.0878958	-0.104894	-0.11123	-0.104638	
-0.509229	-0.570832	-0.583083	-0.537268	-0.437735	-0.29914	-0.139817	0.0259493	0.173614	0.286395	0.356106	0.387249	0.381383	0.332059	0.251616	0.15911	0.0820379	0.0313491	-0.00804646	-0.0466451	-0.0715248	-0.0884684	-0.107435	-0.113399	-0.104764	
-0.503474	-0.559882	-0.574615	-0.536627	-0.443332	-0.307111	-0.145357	0.0227323	0.173282	0.290515	0.361878	0.388986	0.373931	0.323211	0.250064	0.165814	0.0873579	0.0305095	-0.0111266	-0.0482513	-0.0715607	-0.0876945	-0.102105	-0.106999	-0.105683	
-0.492205	-0.537294	-0.556888	-0.533309	-0.451765	-0.316778	-0.152982	0.0181431	0.173844	0.298926	0.374441	0.392715	0.364433	0.308483	0.246144	0.173178	0.0952521	0.0302045	-0.0172747	-0.0541131	-0.0742215	-0.0849446	-0.0963399	-0.103863	-0.111105	
-0.487045	-0.517552	-0.534707	-0.52022	-0.450512	-0.324955	-0.162797	0.0109519	0.173904	0.308206	0.387451	0.401295	0.361583	0.299214	0.237462	0.172072	0.0998586	0.0355964	-0.0167575	-0.0593929	-0.0795828	-0.0851699	-0.0934582	-0.104825	-0.113083	
-0.485449	-0.502461	-0.516135	-0.50574	-0.445535	-0.328789	-0.172788	0.00394843	0.174181	0.313503	0.394074	0.406355	0.366202	0.298274	0.229727	0.161299	0.0971541	0.0419584	-0.00936437	-0.0583997	-0.0846843	-0.0911016	-0.0964949	-0.102704	-0.106642	
-0.486541	-0.496616	-0.505402	-0.495834	-0.442458	-0.335896	-0.181537	0.00104117	0.177979	0.315011	0.387508	0.398798	0.36477	0.303926	0.231564	0.156135	0.0895175	0.0392163	-0.00749661	-0.0524576	-0.0778274	-0.0900933	-0.100459	-0.101592	-0.0978496	
-0.500143	-0.503455	-0.504435	-0.485808	-0.428852	-0.322777	-0.172539	0.00935817	0.183934	0.313916	0.380142	0.39275	0.368002	0.312742	0.240783	0.156611	0.0808044	0.0265352	-0.0144848	-0.0492392	-0.0670279	-0.0829021	-0.104855	-0.11119	-0.102658	
-0.531963	-0.53121	-0.517667	-0.479676	-0.406658	-0.295202	-0.147784	0.0194981	0.178636	0.301803	0.373351	0.397867	0.379386	0.32325	0.244973	0.155866	0.0737418	0.020686	-0.0121526	-0.0408056	-0.061108	-0.0785088	-0.100184	-0.110652	-0.105933	
-0.567711	-0.560901	-0.539765	-0.489039	-0.399211	-0.272027	-0.122621	0.0346318	0.176607	0.291934	0.368367	0.400386	0.385378	0.326257	0.246901	0.158306	0.0786051	0.025917	-0.00299132	-0.031608	-0.0589495	-0.0774124	-0.0862162	-0.0902004	-0.0944519	
-0.603427	-0.59136	-0.561895	-0.502609	-0.398853	-0.255715	-0.0939004	0.0614015	0.194384	0.300939	0.373459	0.398963	0.376061	0.320461	0.251896	0.174533	0.0981297	0.0396169	-0.00242725	-0.0345129	-0.0556004	-0.0657421	-0.0681421	-0.0685654	-0.0784159	
-0.647409	-0.630104	-0.589474	-0.515029	-0.392167	-0.228659	-0.0588673	0.097251	0.225859	0.325205	0.387971	0.405176	0.375715	0.319897	0.261038	0.192014	0.121567	0.0602662	0.00480086	-0.0374609	-0.0468527	-0.0425969	-0.0471408	-0.0550587	-0.0626752	
-0.688452	-0.674206	-0.624372	-0.532199	-0.392319	-0.215665	-0.0339113	0.126145	0.25872	0.355925	0.41071	0.42165	0.391725	0.335357	0.275409	0.209002	0.142663	0.0910749	0.0407948	-0.00501083	-0.0190346	-0.0125005	-0.0190931	-0.0289223	-0.0287295	
-0.708986	-0.695798	-0.642034	-0.541999	-0.394837	-0.213528	-0.0240107	0.154897	0.305615	0.411633	0.454991	0.449236	0.413739	0.357484	0.295514	0.229697	0.168193	0.123128	0.0870323	0.0497102	0.0254687	0.0162294	0.00840834	0.0067763	0.0159307	
-0.696741	-0.696147	-0.644277	-0.540296	-0.389137	-0.207026	-0.00735054	0.191597	0.361827	0.47585	0.519302	0.498312	0.446084	0.384716	0.325149	0.263331	0.205662	0.162031	0.131397	0.106564	0.081441	0.0596099	0.0484645	0.0534177	0.063577	
-0.657783	-0.679397	-0.637049	-0.537062	-0.381002	-0.187024	0.0224452	0.236164	0.41868	0.53686	0.583691	0.569282	0.51019	0.438965	0.376242	0.314348	0.257604	0.216203	0.188758	0.170038	0.151181	0.12989	0.119472	0.122969	0.125595	
-0.581432	-0.627053	-0.604409	-0.515015	-0.366009	-0.164664	0.0612685	0.28288	0.471134	0.591619	0.646634	0.648278	0.599334	0.519546	0.445805	0.377615	0.318769	0.280402	0.256606	0.23991	0.227288	0.216104	0.210417	0.209715	0.203501	
-0.464103	-0.527075	-0.527001	-0.458955	-0.324861	-0.126338	0.106677	0.329899	0.516611	0.646959	0.710934	0.721532	0.68383	0.608495	0.522438	0.441612	0.377534	0.342694	0.31954	0.301358	0.293433	0.296308	0.295402	0.289444	0.278486	
-0.312139	-0.394208	-0.422516	-0.380891	-0.263757	-0.076231	0.155924	0.380363	0.55981	0.690273	0.77004	0.78894	0.75611	0.687991	0.605018	0.514268	0.440816	0.401986	0.379787	0.36001	0.353302	0.362729	0.364305	0.353666	0.343818	
-0.144308	-0.246198	-0.296073	-0.28448	-0.185175	-0.0107362	0.204795	0.419779	0.597209	0.724931	0.807543	0.834398	0.803543	0.740572	0.666978	0.583419	0.504113	0.45204	0.422511	0.404028	0.394482	0.398182	0.39825	0.390505	0.387236	
0.0314973	-0.0897118	-0.160966	-0.170172	-0.0953138	0.0571021	0.245682	0.437885	0.608991	0.730872	0.803914	0.829851	0.805652	0.747029	0.680838	0.612575	0.544058	0.47951	0.432508	0.406722	0.393861	0.386648	0.388034	0.389342	0.39524	
