-0.0449854	-0.0742614	-0.101198	-0.10908	-0.10437	-0.102517	-0.108521	-0.106446	-0.0862247	-0.0563017	-0.0293961	-0.00613034	0.0255306	0.0761251	0.144648	0.209928	0.263379	0.312682	0.361356	0.391192	0.406874	0.418614	0.429482	0.423514	0.38368	
0.000267535	-0.0291049	-0.0615779	-0.0810387	-0.0838298	-0.0828431	-0.0843323	-0.0711486	-0.0422875	-0.0109639	0.0183907	0.0585082	0.108737	0.169685	0.241013	0.311945	0.360839	0.395631	0.423052	0.438881	0.43772	0.428917	0.406644	0.362289	0.287657	
0.0434546	0.0125537	-0.0243598	-0.0555813	-0.0678772	-0.0690674	-0.0628528	-0.0385457	-0.00150575	0.0310028	0.0656063	0.120903	0.189434	0.256854	0.323496	0.385527	0.422277	0.435747	0.437763	0.432395	0.412312	0.379351	0.326654	0.248528	0.146007	
0.102091	0.067003	0.0260227	-0.0121748	-0.0345477	-0.0369284	-0.0239541	0.00999782	0.0509423	0.0877394	0.129736	0.195895	0.271598	0.338587	0.391879	0.431225	0.44215	0.429498	0.404535	0.375689	0.333037	0.275371	0.195773	0.0946926	-0.0278421	
0.191566	0.148173	0.106445	0.0659132	0.0388793	0.0347932	0.0526017	0.0898954	0.131308	0.173219	0.224247	0.292329	0.35883	0.412199	0.444902	0.451319	0.425385	0.382306	0.334554	0.283768	0.219628	0.13676	0.0371733	-0.0787762	-0.210772	
0.29908	0.250003	0.209281	0.173417	0.14799	0.143833	0.160979	0.194705	0.232851	0.277934	0.33449	0.393922	0.435269	0.460155	0.465942	0.438483	0.374594	0.303922	0.240504	0.177449	0.0970507	-0.00387911	-0.11839	-0.239036	-0.372189	
0.413932	0.36728	0.332923	0.306983	0.290423	0.287982	0.298251	0.322199	0.352161	0.394194	0.444074	0.484	0.488046	0.473163	0.445104	0.389371	0.29767	0.20753	0.134911	0.066186	-0.0228321	-0.134933	-0.259549	-0.3839	-0.510414	
0.509821	0.481952	0.462213	0.450979	0.448556	0.448409	0.448873	0.456607	0.473457	0.498165	0.5254	0.531448	0.495352	0.434217	0.370301	0.291941	0.190663	0.0921837	0.0147011	-0.0587281	-0.151753	-0.266961	-0.394255	-0.520995	-0.638904	
0.574794	0.583609	0.589844	0.598315	0.609926	0.613169	0.602659	0.592709	0.586075	0.579561	0.564298	0.528032	0.450948	0.351153	0.252264	0.160444	0.0623165	-0.0313022	-0.113847	-0.193676	-0.290475	-0.403812	-0.523701	-0.643533	-0.750234	
0.613594	0.67211	0.716393	0.747987	0.771212	0.775905	0.758894	0.729761	0.691556	0.638891	0.571865	0.486741	0.375806	0.247895	0.127816	0.0263328	-0.0611436	-0.147123	-0.233449	-0.323655	-0.422488	-0.531851	-0.639031	-0.738711	-0.822574	
0.625327	0.737078	0.826387	0.883969	0.914545	0.919611	0.899656	0.852884	0.776204	0.6722	0.552191	0.422324	0.281768	0.140515	0.0122362	-0.0918336	-0.176399	-0.256834	-0.348476	-0.445228	-0.542395	-0.640063	-0.731048	-0.803788	-0.849665	
0.612439	0.768552	0.899772	0.982236	1.01826	1.02322	1.00154	0.939003	0.825726	0.67644	0.514801	0.350341	0.187788	0.0403532	-0.0827742	-0.186516	-0.274802	-0.360968	-0.45247	-0.547736	-0.633758	-0.712709	-0.780759	-0.82691	-0.834734	
0.582607	0.764145	0.922275	1.02295	1.06622	1.07113	1.04657	0.969884	0.833061	0.655932	0.47182	0.287518	0.111634	-0.0391139	-0.155649	-0.255116	-0.35168	-0.447917	-0.538285	-0.617461	-0.685158	-0.742379	-0.785785	-0.805373	-0.783747	
0.540828	0.724414	0.885715	0.994459	1.04541	1.05276	1.0212	0.936439	0.793625	0.615359	0.427997	0.240788	0.061344	-0.0912379	-0.207846	-0.305631	-0.403974	-0.507399	-0.594582	-0.656019	-0.698633	-0.737036	-0.760252	-0.755335	-0.708851	
0.480195	0.643271	0.78611	0.889184	0.946039	0.954581	0.918614	0.832136	0.704316	0.546478	0.377194	0.200104	0.0310563	-0.119642	-0.241547	-0.343631	-0.436636	-0.532675	-0.615936	-0.667088	-0.692094	-0.709588	-0.715121	-0.689021	-0.61961	
0.40129	0.52883	0.639732	0.726383	0.778806	0.787959	0.752708	0.677621	0.575071	0.454102	0.316634	0.166757	0.0184256	-0.11961	-0.246023	-0.355686	-0.444377	-0.525981	-0.600765	-0.654429	-0.676166	-0.678586	-0.660476	-0.613511	-0.527558	
0.307064	0.391961	0.468567	0.529825	0.566651	0.572204	0.548771	0.494799	0.423953	0.34181	0.250179	0.141417	0.0287456	-0.0883426	-0.20735	-0.321692	-0.411784	-0.487063	-0.55527	-0.610736	-0.638622	-0.633573	-0.595561	-0.526395	-0.430134	
0.19916	0.239876	0.282987	0.314587	0.327525	0.328351	0.321905	0.29722	0.257451	0.215226	0.173695	0.12117	0.0536913	-0.0317952	-0.13485	-0.242598	-0.337315	-0.420276	-0.491557	-0.544555	-0.568012	-0.559815	-0.513353	-0.435324	-0.334109	
0.0758289	0.071874	0.0785154	0.0790723	0.0694191	0.0658105	0.0757503	0.079628	0.0744823	0.0726542	0.0832603	0.0876238	0.0729703	0.0235826	-0.0549266	-0.149273	-0.241406	-0.335527	-0.41811	-0.468577	-0.479146	-0.459813	-0.415851	-0.344976	-0.249906	
-0.0519797	-0.103079	-0.138795	-0.169266	-0.194344	-0.200368	-0.18019	-0.151663	-0.118583	-0.0740643	-0.0171304	0.0343742	0.0646846	0.0557716	0.00547223	-0.0684664	-0.150459	-0.243993	-0.333647	-0.387126	-0.3896	-0.360702	-0.315105	-0.255142	-0.168757	
-0.160825	-0.256257	-0.337894	-0.397422	-0.434202	-0.440918	-0.41459	-0.364426	-0.291339	-0.199844	-0.104176	-0.0242387	0.0368636	0.0634371	0.0486425	0.000674444	-0.0619772	-0.143148	-0.227469	-0.283614	-0.292233	-0.26467	-0.218765	-0.157005	-0.0730716	
-0.253735	-0.382832	-0.500173	-0.587243	-0.636827	-0.645967	-0.61079	-0.539422	-0.432595	-0.305227	-0.183768	-0.0881814	-0.0110404	0.0435895	0.0639995	0.0512771	0.0156812	-0.0432408	-0.111819	-0.161962	-0.175283	-0.157092	-0.112614	-0.0455797	0.0467864	
-0.355847	-0.496199	-0.63059	-0.736557	-0.802932	-0.814775	-0.768381	-0.67704	-0.552235	-0.411077	-0.279147	-0.173248	-0.0824879	-0.00856897	0.0407613	0.0630843	0.0646274	0.0381557	-0.00316554	-0.033581	-0.0376112	-0.0181048	0.0228004	0.0909821	0.183919	
-0.471594	-0.604455	-0.7319	-0.842666	-0.917719	-0.932564	-0.878074	-0.779456	-0.656482	-0.524336	-0.395914	-0.281205	-0.174693	-0.0845644	-0.0183259	0.0320255	0.0736737	0.0944343	0.0962196	0.100141	0.120207	0.151734	0.194721	0.253988	0.334039	
-0.58448	-0.697653	-0.803007	-0.894836	-0.960953	-0.973653	-0.926023	-0.841809	-0.740994	-0.630239	-0.513814	-0.39657	-0.278148	-0.176113	-0.0978377	-0.0267454	0.0545485	0.129518	0.187778	0.237331	0.287243	0.335215	0.379599	0.427764	0.480777	
-0.68845	-0.781491	-0.854653	-0.909365	-0.945241	-0.952628	-0.92598	-0.878838	-0.813134	-0.727675	-0.626768	-0.518052	-0.401536	-0.292644	-0.198319	-0.0986142	0.0238171	0.15174	0.265994	0.365041	0.451116	0.518764	0.567852	0.601495	0.623372	
-0.781491	-0.849254	-0.888177	-0.898684	-0.900001	-0.899881	-0.899224	-0.894592	-0.868902	-0.811477	-0.732224	-0.643641	-0.540839	-0.428973	-0.309181	-0.168235	0.00124498	0.174556	0.332954	0.475577	0.600721	0.696498	0.752572	0.770884	0.754	
-0.854653	-0.888177	-0.890648	-0.869107	-0.848145	-0.844423	-0.858798	-0.883652	-0.893133	-0.871354	-0.825389	-0.763782	-0.674939	-0.555708	-0.406893	-0.222338	-0.0082906	0.203859	0.396175	0.572723	0.732027	0.852752	0.915664	0.915264	0.861796	
-0.909365	-0.898684	-0.869107	-0.832664	-0.810195	-0.806504	-0.821273	-0.854117	-0.888921	-0.907864	-0.903984	-0.869596	-0.785047	-0.651591	-0.477863	-0.264763	-0.0203305	0.222994	0.445987	0.650284	0.829805	0.961058	1.02061	1.00621	0.929151	
-0.945241	-0.900001	-0.848145	-0.810195	-0.79519	-0.793908	-0.801785	-0.830767	-0.879056	-0.929343	-0.95972	-0.943604	-0.856538	-0.707958	-0.519503	-0.294836	-0.0372024	0.226295	0.473935	0.698057	0.886688	1.01491	1.06699	1.04424	0.962073	
-0.952628	-0.899881	-0.844423	-0.806504	-0.793908	-0.793089	-0.799135	-0.826643	-0.87696	-0.933577	-0.970573	-0.958167	-0.869899	-0.718261	-0.527117	-0.301274	-0.042119	0.225094	0.477464	0.706019	0.895407	1.02276	1.07226	1.04906	0.966601	
-0.92598	-0.899224	-0.858798	-0.821273	-0.801785	-0.799135	-0.811051	-0.842514	-0.884091	-0.917705	-0.930132	-0.904501	-0.819272	-0.678649	-0.497533	-0.278227	-0.0269721	0.225881	0.460651	0.674261	0.858872	0.989109	1.0458	1.02695	0.94664	
-0.878838	-0.894592	-0.883652	-0.854117	-0.830767	-0.826643	-0.842514	-0.872631	-0.893421	-0.888185	-0.858865	-0.80887	-0.722861	-0.598478	-0.438742	-0.24061	-0.0127043	0.213041	0.417653	0.606367	0.775157	0.902533	0.965044	0.958655	0.893244	
-0.813134	-0.868902	-0.893133	-0.888921	-0.879056	-0.87696	-0.884091	-0.893421	-0.882834	-0.83854	-0.77121	-0.69276	-0.596331	-0.482305	-0.350843	-0.19161	-0.00302764	0.186436	0.359307	0.516106	0.656561	0.763475	0.823355	0.833808	0.801256	
-0.727675	-0.811477	-0.871354	-0.907864	-0.929343	-0.933577	-0.917705	-0.888185	-0.83854	-0.763674	-0.670104	-0.568139	-0.456461	-0.346503	-0.243192	-0.127819	0.0128521	0.160147	0.29299	0.410742	0.512131	0.590897	0.642381	0.670436	0.677454	
-0.626768	-0.732224	-0.825389	-0.903984	-0.95972	-0.970573	-0.930132	-0.858865	-0.77121	-0.670104	-0.559201	-0.443715	-0.324429	-0.219234	-0.135315	-0.0542763	0.0432296	0.139628	0.22135	0.290465	0.354338	0.408979	0.454885	0.497602	0.539034	
-0.518052	-0.643641	-0.763782	-0.869596	-0.943604	-0.958167	-0.904501	-0.80887	-0.69276	-0.568139	-0.443715	-0.326784	-0.214734	-0.119023	-0.048069	0.0110669	0.0679829	0.110406	0.133528	0.155266	0.186253	0.224113	0.267558	0.322992	0.393567	
-0.401536	-0.540839	-0.674939	-0.785047	-0.856538	-0.869899	-0.819272	-0.722861	-0.596331	-0.456461	-0.324429	-0.214734	-0.11762	-0.0368109	0.0208877	0.055092	0.0726523	0.06336	0.0379602	0.0196078	0.0240141	0.0471786	0.08849	0.154017	0.243346	
-0.292644	-0.428973	-0.555708	-0.651591	-0.707958	-0.718261	-0.678649	-0.598478	-0.482305	-0.346503	-0.219234	-0.119023	-0.0368109	0.0267532	0.0594189	0.0613483	0.0390769	-0.00773742	-0.067249	-0.111045	-0.12306	-0.105966	-0.063184	0.00505453	0.0993132	
-0.198319	-0.309181	-0.406893	-0.477863	-0.519503	-0.527117	-0.497533	-0.438742	-0.350843	-0.243192	-0.135315	-0.048069	0.0208877	0.0594189	0.0592487	0.0243384	-0.0281075	-0.101463	-0.180577	-0.236033	-0.247768	-0.223936	-0.178631	-0.114512	-0.0278006	
-0.0986142	-0.168235	-0.222338	-0.264763	-0.294836	-0.301274	-0.278227	-0.24061	-0.19161	-0.127819	-0.0542763	0.0110669	0.055092	0.0613483	0.0243384	-0.0394286	-0.114886	-0.204493	-0.293923	-0.348864	-0.352557	-0.322764	-0.276553	-0.217186	-0.132586	
0.0238171	0.00124498	-0.0082906	-0.0203305	-0.0372024	-0.042119	-0.0269721	-0.0127043	-0.00302764	0.0128521	0.0432296	0.0679829	0.0726523	0.0390769	-0.0281075	-0.114886	-0.204043	-0.299949	-0.386542	-0.437257	-0.443375	-0.41916	-0.375395	-0.309051	-0.218023	
0.15174	0.174556	0.203859	0.222994	0.226295	0.225094	0.225881	0.213041	0.186436	0.160147	0.139628	0.110406	0.06336	-0.00773742	-0.101463	-0.204493	-0.299949	-0.388017	-0.463078	-0.514529	-0.533211	-0.52171	-0.475455	-0.399067	-0.299363	
0.265994	0.332954	0.396175	0.445987	0.473935	0.477464	0.460651	0.417653	0.359307	0.29299	0.22135	0.133528	0.0379602	-0.067249	-0.180577	-0.293923	-0.386542	-0.463078	-0.53108	-0.585642	-0.614024	-0.607404	-0.564689	-0.489794	-0.390955	
0.365041	0.475577	0.572723	0.650284	0.698057	0.706019	0.674261	0.606367	0.516106	0.410742	0.290465	0.155266	0.0196078	-0.111045	-0.236033	-0.348864	-0.437257	-0.514529	-0.585642	-0.6411	-0.665048	-0.663534	-0.636161	-0.579842	-0.488991	
0.451116	0.600721	0.732027	0.829805	0.886688	0.895407	0.858872	0.775157	0.656561	0.512131	0.354338	0.186253	0.0240141	-0.12306	-0.247768	-0.352557	-0.443375	-0.533211	-0.614024	-0.665048	-0.687431	-0.697582	-0.694303	-0.65981	-0.582757	
0.518764	0.696498	0.852752	0.961058	1.01491	1.02276	0.989109	0.902533	0.763475	0.590897	0.408979	0.224113	0.0471786	-0.105966	-0.223936	-0.322764	-0.41916	-0.52171	-0.607404	-0.663534	-0.697582	-0.72761	-0.743826	-0.729609	-0.674073	
0.567852	0.752572	0.915664	1.02061	1.06699	1.07226	1.0458	0.965044	0.823355	0.642381	0.454885	0.267558	0.08849	-0.063184	-0.178631	-0.276553	-0.375395	-0.475455	-0.564689	-0.636161	-0.694303	-0.743826	-0.778212	-0.787998	-0.756163	
0.601495	0.770884	0.915264	1.00621	1.04424	1.04906	1.02695	0.958655	0.833808	0.670436	0.497602	0.322992	0.154017	0.00505453	-0.114512	-0.217186	-0.309051	-0.399067	-0.489794	-0.579842	-0.65981	-0.729609	-0.787998	-0.823093	-0.818501	
0.623372	0.754	0.861796	0.929151	0.962073	0.966601	0.94664	0.893244	0.801256	0.677454	0.539034	0.393567	0.243346	0.0993132	-0.0278006	-0.132586	-0.218023	-0.299363	-0.390955	-0.488991	-0.582757	-0.674073	-0.756163	-0.818501	-0.847961	
