0.000152077	3.92908e-05	9.4394e-06	2.12286e-06	4.88177e-07	3.20911e-07	1.15975e-06	5.24394e-06	2.2434e-05	8.94003e-05	0.000330556	0.00112966	0.00355296	0.0102358	0.0268698	0.0639035	0.136846	0.262221	0.44706	0.675691	0.906355	1.08955	1.19849	1.23766	1.21427	
7.42074e-05	1.84638e-05	4.27952e-06	9.29722e-07	2.06205e-07	1.33818e-07	5.01565e-07	2.34759e-06	1.04023e-05	4.30074e-05	0.000165293	0.000588423	0.00193242	0.00582844	0.0160657	0.0402514	0.0911242	0.185256	0.336191	0.541981	0.774929	0.98757	1.13908	1.21932	1.23863	
3.41518e-05	8.18251e-06	1.82953e-06	3.83929e-07	8.21279e-08	5.26079e-08	2.04524e-07	9.90975e-07	4.54865e-06	1.95134e-05	7.79679e-05	0.000289168	0.000991751	0.00313228	0.00906816	0.023942	0.0573271	0.123745	0.239349	0.412549	0.631422	0.859	1.04844	1.17179	1.23144	
1.48018e-05	3.41534e-06	7.36731e-07	1.49358e-07	3.08206e-08	1.94854e-08	7.8568e-08	3.9403e-07	1.87339e-06	8.33835e-06	3.46333e-05	0.000133808	0.000479208	0.00158465	0.00481773	0.0134027	0.0339408	0.0777996	0.16047	0.296116	0.486556	0.710537	0.925932	1.09165	1.19289	
6.03465e-06	1.34139e-06	2.79239e-07	5.47047e-08	1.08933e-08	6.797e-09	2.84175e-08	1.47471e-07	7.26066e-07	3.35207e-06	1.44685e-05	5.8213e-05	0.000217611	0.000753096	0.00240328	0.00704108	0.018848	0.0458567	0.100837	0.199267	0.352013	0.553854	0.77623	0.976099	1.12089	
2.31256e-06	4.95437e-07	9.95732e-08	1.88583e-08	3.6255e-09	2.23261e-09	9.67469e-09	5.19296e-08	2.64655e-07	1.26681e-06	5.67951e-06	2.37833e-05	9.27445e-05	0.000335673	0.0011235	0.00346348	0.00979087	0.0252584	0.0591573	0.125104	0.237609	0.403464	0.611027	0.827184	1.0113	
8.32625e-07	1.72031e-07	3.33993e-08	6.11842e-09	1.13628e-09	6.90608e-10	3.10016e-09	1.72024e-08	9.0704e-08	4.4989e-07	2.09369e-06	9.11871e-06	3.7064e-05	0.000140167	0.000491539	0.00159257	0.00474814	0.0129696	0.0323036	0.0729976	0.148891	0.272793	0.44731	0.655815	0.863424	
2.81627e-07	5.61572e-08	1.0539e-08	1.86856e-09	3.35449e-10	2.01233e-10	9.35214e-10	5.36138e-09	2.92294e-08	1.50125e-07	7.24677e-07	3.27987e-06	1.38825e-05	5.47974e-05	0.000201096	0.000683825	0.00214687	0.00619815	0.0163853	0.0394815	0.0863013	0.170327	0.302272	0.481077	0.687	
8.95036e-08	1.72383e-08	3.12942e-09	5.37372e-10	9.3321e-11	5.52602e-11	2.65697e-10	1.57261e-09	8.85879e-09	4.708e-08	2.3553e-07	1.10674e-06	4.87296e-06	2.00526e-05	7.69058e-05	0.000274056	0.000904438	0.00275439	0.00771098	0.0197626	0.04617	0.0978958	0.187616	0.323924	0.503065	
2.67377e-08	4.97821e-09	8.74889e-10	1.45606e-10	2.44794e-11	1.43099e-11	7.113e-11	4.34358e-10	2.52635e-09	1.38814e-08	7.19077e-08	3.50451e-07	1.60335e-06	6.86982e-06	2.74956e-05	0.000102513	0.000354976	0.00113795	0.00336552	0.00914946	0.0227761	0.0517121	0.106676	0.199261	0.33622	
7.51258e-09	1.35337e-09	2.30439e-10	3.71981e-11	6.05898e-12	3.49693e-12	1.79561e-11	1.13044e-10	6.78347e-10	3.85041e-09	2.06339e-08	1.04193e-07	4.94759e-07	2.2044e-06	9.19401e-06	3.58048e-05	0.000129844	0.000437208	0.00136269	0.00391856	0.0103607	0.0250993	0.0555177	0.111763	0.204235	
1.98685e-09	3.46624e-10	5.72286e-11	8.96696e-12	1.41621e-12	8.07085e-13	4.2777e-12	2.77434e-11	1.71629e-10	1.00552e-09	5.56912e-09	2.91072e-08	1.43286e-07	6.63004e-07	2.87736e-06	1.16851e-05	4.4296e-05	0.000156332	0.000512242	0.00155374	0.00434947	0.011202	0.0264611	0.0571612	0.112635	
4.95038e-10	8.37121e-11	1.34125e-11	2.04145e-12	3.12875e-13	1.76084e-13	9.62576e-13	6.42651e-12	4.09535e-11	2.47439e-10	1.41507e-09	7.6471e-09	3.89808e-08	1.87077e-07	8.43603e-07	3.56681e-06	1.4108e-05	5.20792e-05	0.000178972	0.000571072	0.00168734	0.00460381	0.0115676	0.0266957	0.0564542	
1.16314e-10	1.90819e-11	2.96937e-12	4.39353e-13	6.53938e-14	3.63495e-14	2.04785e-13	1.40639e-12	9.22512e-12	5.74326e-11	3.38831e-10	1.89131e-09	9.97191e-09	4.95752e-08	2.31961e-07	1.01948e-06	4.20008e-06	1.61848e-05	5.82025e-05	0.000194865	0.000605935	0.00174562	0.00464775	0.0114102	0.025774	
2.5799e-11	4.10966e-12	6.21598e-13	8.9475e-14	1.29434e-14	7.10694e-15	4.12315e-14	2.91065e-13	1.96371e-12	1.25868e-11	7.65353e-11	4.40833e-10	2.40146e-09	1.23524e-08	5.98895e-08	2.73204e-07	1.17038e-06	4.69906e-06	1.76455e-05	6.18393e-05	0.000201814	0.000611971	0.00172051	0.00447534	0.0107502	
5.40779e-12	8.37143e-13	1.23169e-13	1.72602e-14	2.42853e-15	1.31737e-15	7.86453e-15	5.70268e-14	3.95426e-13	2.60739e-12	1.63266e-11	9.69443e-11	5.4507e-10	2.89744e-09	1.45381e-08	6.87379e-08	3.05712e-07	1.2766e-06	4.99574e-06	1.8285e-05	6.24699e-05	0.000198821	0.00058832	0.00161552	0.00410979	
1.07243e-12	1.61464e-13	2.31257e-14	3.15716e-15	4.32373e-16	2.31745e-16	1.42258e-15	1.05884e-14	7.54061e-14	5.11109e-13	3.29288e-12	2.01381e-11	1.16746e-10	6.40632e-10	3.3225e-09	1.626e-08	7.49656e-08	3.25045e-07	1.32313e-06	5.04725e-06	1.80098e-05	6.00023e-05	0.00018632	0.000538324	0.00144494	
2.01434e-13	2.95193e-14	4.11867e-15	5.48156e-16	7.31201e-17	3.87289e-17	2.44284e-16	1.86513e-15	1.36324e-14	9.49118e-14	6.28646e-13	3.95624e-12	2.36253e-11	1.33689e-10	7.15836e-10	3.62148e-09	1.72839e-08	7.76939e-08	3.28405e-07	1.30313e-06	4.84598e-06	1.68604e-05	5.47938e-05	0.000166072	0.000468757	
3.58761e-14	5.12113e-15	6.96541e-16	9.04317e-17	1.17575e-17	6.15487e-18	3.98635e-17	3.12012e-16	2.33902e-15	1.67152e-14	1.13733e-13	7.35917e-13	4.52274e-12	2.63655e-11	1.45594e-10	7.60524e-10	3.75244e-09	1.7462e-08	7.65221e-08	3.15295e-07	1.21955e-06	4.4214e-06	1.50016e-05	4.7567e-05	0.000140765	
6.0655e-15	8.43963e-16	1.11975e-16	1.41903e-17	1.7994e-18	9.31098e-19	6.18818e-18	4.96222e-17	3.81295e-16	2.79494e-15	1.95213e-14	1.2977e-13	8.20062e-13	4.92027e-12	2.79924e-11	1.50807e-10	7.68303e-10	3.69626e-09	1.6768e-08	7.16236e-08	2.87636e-07	1.08446e-06	3.83304e-06	1.26839e-05	3.92469e-05	
9.7453e-16	1.32264e-16	1.71289e-17	2.12008e-18	2.62363e-19	1.34212e-19	9.14735e-19	7.51056e-18	5.91173e-17	4.44194e-16	3.1825e-15	2.17182e-14	1.41007e-13	8.6997e-13	5.09424e-12	2.82758e-11	1.48573e-10	7.38035e-10	3.46121e-09	1.53035e-08	6.37036e-08	2.49315e-07	9.16147e-07	3.15689e-06	1.01888e-05	
1.48956e-16	1.97322e-17	2.49583e-18	3.01881e-19	3.64801e-20	1.84511e-20	1.28885e-19	1.08293e-18	8.72661e-18	6.71708e-17	4.93337e-16	3.45364e-15	2.30197e-14	1.45922e-13	8.78668e-13	5.0198e-12	2.71746e-11	1.39219e-10	6.74106e-10	3.08091e-09	1.32733e-08	5.38343e-08	2.0529e-07	7.35155e-07	2.46949e-06	
2.16826e-17	2.80521e-18	3.46741e-19	4.10073e-20	4.8417e-21	2.42158e-21	1.73263e-20	1.48898e-19	1.22771e-18	9.67496e-18	7.27954e-17	5.22416e-16	3.57213e-15	2.32467e-14	1.43822e-13	8.44914e-13	4.70766e-12	2.48468e-11	1.2407e-10	5.85394e-10	2.60656e-09	1.09391e-08	4.3218e-08	1.6055e-07	5.60206e-07	
3.00885e-18	3.80404e-19	4.59752e-20	5.31908e-21	6.13939e-22	3.03682e-22	2.22439e-21	1.95416e-20	1.64778e-19	1.32869e-18	1.02354e-17	7.52518e-17	5.27489e-16	3.52156e-15	2.23671e-14	1.35004e-13	7.73483e-13	4.20152e-12	2.16121e-11	1.05147e-10	4.83256e-10	2.09566e-09	8.56484e-09	3.29521e-08	1.19223e-07	
3.98435e-19	4.92531e-20	5.8234e-21	6.5942e-22	7.44434e-23	3.64224e-23	2.72971e-22	2.45031e-21	2.11188e-20	1.74153e-19	1.37275e-18	1.03332e-17	7.42049e-17	5.07853e-16	3.30898e-15	2.05036e-14	1.20688e-13	6.74067e-13	3.56816e-12	1.78807e-11	8.47256e-11	3.79168e-10	1.60083e-09	6.36912e-09	2.38557e-08	
5.03966e-20	6.0945e-21	7.0528e-22	7.8203e-23	8.63927e-24	4.18141e-24	3.20488e-23	2.93811e-22	2.58712e-21	2.18068e-20	1.7579e-19	1.35399e-18	9.95505e-18	6.97981e-17	4.66201e-16	2.96331e-15	1.79056e-14	1.02737e-13	5.59129e-13	2.88304e-12	1.40687e-11	6.48983e-11	2.82689e-10	1.16151e-09	4.49711e-09	
6.0945e-21	7.21362e-22	8.17451e-23	8.87964e-24	9.6038e-25	4.59884e-25	3.60304e-24	3.37197e-23	3.03203e-22	2.61102e-21	2.15143e-20	1.69469e-19	1.27494e-18	9.15194e-18	6.26219e-17	4.08025e-16	2.52895e-15	1.48945e-14	8.32667e-14	4.41368e-13	2.21583e-12	1.05246e-11	4.72431e-11	2.00209e-10	8.00226e-10	
7.0528e-22	8.17451e-23	9.07511e-24	9.66144e-25	1.02348e-25	4.8495e-26	3.88198e-25	3.70717e-24	3.40252e-23	2.99212e-22	2.51881e-21	2.02801e-20	1.56029e-19	1.14602e-18	8.02815e-18	5.35847e-17	3.4043e-16	2.05648e-15	1.17998e-14	6.42413e-14	3.31495e-13	1.61957e-12	7.48382e-12	3.26741e-11	1.34653e-10	
7.8203e-23	8.87964e-24	9.66144e-25	1.00845e-25	1.04679e-26	4.90852e-27	4.01295e-26	3.90897e-25	3.66064e-24	3.28589e-23	2.82474e-22	2.3236e-21	1.82732e-20	1.37259e-19	9.83855e-19	6.72302e-18	4.37534e-17	2.70914e-16	1.59433e-15	8.90841e-15	4.72107e-14	2.37053e-13	1.12659e-12	5.0625e-12	2.14892e-11	
8.63927e-24	9.6038e-25	1.02348e-25	1.04679e-26	1.0642e-27	4.94775e-28	4.1355e-27	4.11083e-26	3.92971e-25	3.60231e-24	3.16395e-23	2.66037e-22	2.13965e-21	1.64454e-20	1.20684e-19	8.44789e-19	5.63539e-18	3.57889e-17	2.16165e-16	1.2405e-15	6.75673e-15	3.48951e-14	1.70702e-13	7.9019e-13	3.45801e-12	
4.18141e-24	4.59884e-25	4.8495e-26	4.90852e-27	4.94775e-28	2.39817e-28	2.04136e-27	2.04161e-26	1.96364e-25	1.81144e-24	1.60141e-23	1.35564e-22	1.09794e-21	8.50015e-21	6.28486e-20	4.4339e-19	2.98186e-18	1.90976e-17	1.16368e-16	6.73941e-16	3.70599e-15	1.93305e-14	9.55449e-14	4.47062e-13	1.97838e-12	
3.20488e-23	3.60304e-24	3.88198e-25	4.01295e-26	4.1355e-27	2.04136e-27	1.70098e-26	1.6645e-25	1.56587e-24	1.41221e-23	1.22e-22	1.00872e-21	7.97529e-21	6.02429e-20	4.34357e-19	2.98647e-18	1.95624e-17	1.21957e-16	7.22904e-16	4.07003e-15	2.17428e-14	1.10101e-13	5.27936e-13	2.39474e-12	1.02661e-11	
2.93811e-22	3.37197e-23	3.70717e-24	3.90897e-25	4.11083e-26	2.04161e-26	1.6645e-25	1.59717e-24	1.4729e-23	1.30165e-22	1.10138e-21	8.91522e-21	6.89745e-20	5.09576e-19	3.59156e-18	2.41262e-17	1.54311e-16	9.38782e-16	5.42685e-15	2.97777e-14	1.54932e-13	7.63561e-13	3.56081e-12	1.56971e-11	6.53483e-11	
2.58712e-21	3.03203e-22	3.40252e-23	3.66064e-24	3.92971e-25	1.96364e-25	1.56587e-24	1.4729e-23	1.33113e-22	1.15234e-21	9.54701e-21	7.56308e-20	5.7237e-19	4.1342e-18	2.84723e-17	1.86784e-16	1.16599e-15	6.91896e-15	3.89866e-14	2.0838e-13	1.05535e-12	5.05906e-12	2.29308e-11	9.81749e-11	3.96631e-10	
2.18068e-20	2.61102e-21	2.99212e-22	3.28589e-23	3.60231e-24	1.81144e-24	1.41221e-23	1.30165e-22	1.15234e-21	9.76744e-21	7.91958e-20	6.1369e-19	4.5406e-18	3.2046e-17	2.15525e-16	1.37988e-15	8.40125e-15	4.85897e-14	2.66667e-13	1.3872e-12	6.83245e-12	3.18275e-11	1.40072e-10	5.81786e-10	2.2783e-09	
1.7579e-19	2.15143e-20	2.51881e-21	2.82474e-22	3.16395e-23	1.60141e-23	1.22e-22	1.10138e-21	9.54701e-21	7.91958e-20	6.28112e-19	4.75846e-18	3.44007e-17	2.37087e-16	1.55611e-15	9.71643e-15	5.76546e-14	3.24746e-13	1.73439e-12	8.77302e-12	4.19814e-11	1.89836e-10	8.10276e-10	3.26102e-09	1.23624e-08	
1.35399e-18	1.69469e-19	2.02801e-20	2.3236e-21	2.66037e-22	1.35564e-22	1.00872e-21	8.91522e-21	7.56308e-20	6.1369e-19	4.75846e-18	3.52232e-17	2.48659e-16	1.67241e-15	1.07049e-14	6.51405e-14	3.76407e-13	2.06303e-12	1.07124e-11	5.26375e-11	2.44463e-10	1.07185e-09	4.43163e-09	1.72591e-08	6.32489e-08	
9.95505e-18	1.27494e-18	1.56029e-19	1.82732e-20	2.13965e-21	1.09794e-21	7.97529e-21	6.89745e-20	5.7237e-19	4.5406e-18	3.44007e-17	2.48659e-16	1.71307e-15	1.12361e-14	7.00878e-14	4.15306e-13	2.33498e-12	1.24415e-11	6.27491e-11	2.99197e-10	1.34707e-09	5.7197e-09	2.28768e-08	8.60911e-08	3.0451e-07	
6.97981e-17	9.15194e-18	1.14602e-18	1.37259e-19	1.64454e-20	8.50015e-21	6.02429e-20	5.09576e-19	4.1342e-18	3.2046e-17	2.37087e-16	1.67241e-15	1.12361e-14	7.18186e-14	4.36228e-13	2.51496e-12	1.37456e-11	7.11322e-11	3.48092e-10	1.60875e-09	7.01281e-09	2.87974e-08	1.11259e-07	4.03942e-07	1.37667e-06	
4.66201e-16	6.26219e-17	8.02815e-18	9.83855e-19	1.20684e-19	6.28486e-20	4.34357e-19	3.59156e-18	2.84723e-17	2.15525e-16	1.55611e-15	1.07049e-14	7.00878e-14	4.36228e-13	2.57797e-12	1.44477e-11	7.6687e-11	3.8502e-10	1.82602e-09	8.16969e-09	3.44347e-08	1.36552e-07	5.08795e-07	1.77907e-06	5.83108e-06	
2.96331e-15	4.08025e-16	5.35847e-17	6.72302e-18	8.44789e-19	4.4339e-19	2.98647e-18	2.41262e-17	1.86784e-16	1.37988e-15	9.71643e-15	6.51405e-14	4.15306e-13	2.51496e-12	1.44477e-11	7.86328e-11	4.04919e-10	1.97014e-09	9.04439e-09	3.91201e-08	1.59199e-07	6.08672e-07	2.18339e-06	7.33861e-06	2.30837e-05	
1.79056e-14	2.52895e-15	3.4043e-16	4.37534e-17	5.63539e-18	2.98186e-18	1.95624e-17	1.54311e-16	1.16599e-15	8.40125e-15	5.76546e-14	3.76407e-13	2.33498e-12	1.37456e-11	7.6687e-11	4.04919e-10	2.02064e-09	9.51602e-09	4.223e-08	1.76332e-07	6.9171e-07	2.54535e-06	8.77323e-06	2.82848e-05	8.51866e-05	
1.02737e-13	1.48945e-14	2.05648e-15	2.70914e-16	3.57889e-17	1.90976e-17	1.21957e-16	9.38782e-16	6.91896e-15	4.85897e-14	3.24746e-13	2.06303e-12	1.24415e-11	7.11322e-11	3.8502e-10	1.97014e-09	9.51602e-09	4.33202e-08	1.85573e-07	7.46835e-07	2.81913e-06	9.96509e-06	3.29332e-05	0.000101606	0.000292239	
5.59129e-13	8.32667e-14	1.17998e-14	1.59433e-15	2.16165e-16	1.16368e-16	7.22904e-16	5.42685e-15	3.89866e-14	2.66667e-13	1.73439e-12	1.07124e-11	6.27491e-11	3.48092e-10	1.82602e-09	9.04439e-09	4.223e-08	1.85573e-07	7.66162e-07	2.96679e-06	1.07559e-05	3.6445e-05	0.000115216	0.000339281	0.000929236	
2.88304e-12	4.41368e-13	6.42413e-14	8.90841e-15	1.2405e-15	6.73941e-16	4.07003e-15	2.97777e-14	2.0838e-13	1.3872e-12	8.77302e-12	5.26375e-11	2.99197e-10	1.60875e-09	8.16969e-09	3.91201e-08	1.76332e-07	7.46835e-07	2.96679e-06	1.10331e-05	3.83377e-05	0.000124233	0.000374722	0.00105017	0.00273009	
1.40687e-11	2.21583e-12	3.31495e-13	4.72107e-14	6.75673e-15	3.70599e-15	2.17428e-14	1.54932e-13	1.05535e-12	6.83245e-12	4.19814e-11	2.44463e-10	1.34707e-09	7.01281e-09	3.44347e-08	1.59199e-07	6.9171e-07	2.81913e-06	1.07559e-05	3.83377e-05	0.000127391	0.00039379	0.00113004	0.00300442	0.00738706	
6.48983e-11	1.05246e-11	1.61957e-12	2.37053e-13	3.48951e-14	1.93305e-14	1.10101e-13	7.63561e-13	5.05906e-12	3.18275e-11	1.89836e-10	1.07185e-09	5.7197e-09	2.87974e-08	1.36552e-07	6.08672e-07	2.54535e-06	9.96509e-06	3.6445e-05	0.000124233	0.00039379	0.00115797	0.00315156	0.00792084	0.0183466	
2.82689e-10	4.72431e-11	7.48382e-12	1.12659e-12	1.70702e-13	9.55449e-14	5.27936e-13	3.56081e-12	2.29308e-11	1.40072e-10	8.10276e-10	4.43163e-09	2.28768e-08	1.11259e-07	5.08795e-07	2.18339e-06	8.77323e-06	3.29332e-05	0.000115216	0.000374722	0.00113004	0.00315156	0.00810698	0.0191869	0.0416848	
1.16151e-09	2.00209e-10	3.26741e-11	5.0625e-12	7.9019e-13	4.47062e-13	2.39474e-12	1.56971e-11	9.81749e-11	5.81786e-10	3.26102e-09	1.72591e-08	8.60911e-08	4.03942e-07	1.77907e-06	7.33861e-06	2.82848e-05	0.000101606	0.000339281	0.00105017	0.00300442	0.00792084	0.0191869	0.0425826	0.0863731	
4.49711e-09	8.00226e-10	1.34653e-10	2.14892e-11	3.45801e-12	1.97838e-12	1.02661e-11	6.53483e-11	3.96631e-10	2.2783e-09	1.23624e-08	6.32489e-08	3.0451e-07	1.37667e-06	5.83108e-06	2.30837e-05	8.51866e-05	0.000292239	0.000929236	0.00273009	0.00738706	0.0183466	0.0416848	0.0863731	0.162785	
