-0.178588	-0.241625	-0.267874	-0.253676	-0.20828	-0.133613	-0.0481693	0.0500491	0.163107	0.271848	0.345672	0.383137	0.388964	0.355582	0.291108	0.213836	0.150645	0.108106	0.0641868	0.0140732	-0.0237447	-0.0465135	-0.0793913	-0.119037	-0.145041	
-0.241625	-0.318233	-0.357426	-0.354661	-0.321375	-0.266175	-0.189121	-0.0819282	0.0523776	0.189508	0.302859	0.382916	0.425952	0.425655	0.389559	0.329033	0.268872	0.215349	0.158373	0.101187	0.0630427	0.0338403	-0.0129728	-0.0644865	-0.0986011	
-0.267874	-0.357426	-0.412518	-0.42617	-0.412765	-0.383861	-0.326542	-0.225727	-0.0896271	0.0655831	0.213783	0.331145	0.410417	0.450062	0.454219	0.42528	0.378993	0.321392	0.257306	0.199216	0.160806	0.121157	0.0623914	0.00285943	-0.0374515	
-0.253676	-0.354661	-0.42617	-0.460906	-0.474478	-0.477937	-0.445507	-0.367452	-0.24885	-0.0901186	0.0766888	0.218716	0.329006	0.409349	0.458151	0.469693	0.448639	0.399491	0.339496	0.28726	0.247351	0.200042	0.134357	0.072419	0.0244287	
-0.20828	-0.321375	-0.412765	-0.474478	-0.518671	-0.546859	-0.54306	-0.501553	-0.409911	-0.261486	-0.0956344	0.0557902	0.189147	0.30434	0.393584	0.447718	0.461369	0.435437	0.393962	0.351348	0.313571	0.26517	0.203507	0.140684	0.0863421	
-0.133613	-0.266175	-0.383861	-0.477937	-0.546859	-0.601683	-0.63739	-0.632372	-0.564814	-0.438998	-0.291672	-0.14075	0.00968874	0.15029	0.272175	0.366664	0.421317	0.434676	0.422665	0.397095	0.367876	0.33278	0.283935	0.224568	0.166309	
-0.0481693	-0.189121	-0.326542	-0.445507	-0.54306	-0.63739	-0.709904	-0.728144	-0.686521	-0.598878	-0.479645	-0.333717	-0.177697	-0.0254184	0.117278	0.242535	0.338488	0.39489	0.418447	0.414401	0.405791	0.393929	0.365208	0.314248	0.259599	
0.0500491	-0.0819282	-0.225727	-0.367452	-0.501553	-0.632372	-0.728144	-0.76926	-0.766757	-0.722119	-0.628373	-0.496517	-0.350013	-0.197169	-0.0455766	0.10065	0.226999	0.320968	0.37567	0.40087	0.420671	0.436208	0.429523	0.395359	0.355629	
0.163107	0.0523776	-0.0896271	-0.24885	-0.409911	-0.564814	-0.686521	-0.766757	-0.80791	-0.797906	-0.734767	-0.633585	-0.506856	-0.360537	-0.205858	-0.05075	0.0940941	0.209366	0.291701	0.350737	0.402166	0.440954	0.45671	0.450323	0.437231	
0.271848	0.189508	0.0655831	-0.0901186	-0.261486	-0.438998	-0.598878	-0.722119	-0.797906	-0.826437	-0.812225	-0.754866	-0.655868	-0.521483	-0.372547	-0.214316	-0.0663932	0.0584769	0.164642	0.259123	0.337537	0.393062	0.43347	0.462922	0.487157	
0.345672	0.302859	0.213783	0.0766888	-0.0956344	-0.291672	-0.479645	-0.628373	-0.734767	-0.812225	-0.853422	-0.844181	-0.779747	-0.670783	-0.531911	-0.37937	-0.236831	-0.108646	0.018987	0.141902	0.237471	0.307265	0.372346	0.439634	0.503425	
0.383137	0.382916	0.331145	0.218716	0.0557902	-0.14075	-0.333717	-0.496517	-0.633585	-0.754866	-0.844181	-0.882529	-0.866776	-0.792658	-0.675764	-0.537879	-0.404694	-0.271777	-0.128089	0.00993985	0.118514	0.204324	0.294627	0.392263	0.492543	
0.388964	0.425952	0.410417	0.329006	0.189147	0.00968874	-0.177697	-0.350013	-0.506856	-0.655868	-0.779747	-0.866776	-0.90104	-0.873145	-0.793428	-0.68166	-0.55733	-0.420237	-0.273282	-0.128531	-0.00592893	0.10324	0.215023	0.335016	0.462327	
0.355582	0.425655	0.450062	0.409349	0.30434	0.15029	-0.0254184	-0.197169	-0.360537	-0.521483	-0.670783	-0.792658	-0.873145	-0.898818	-0.870207	-0.791634	-0.680655	-0.553807	-0.415088	-0.267905	-0.124836	0.00843257	0.141004	0.276832	0.421593	
0.291108	0.389559	0.454219	0.458151	0.393584	0.272175	0.117278	-0.0455766	-0.205858	-0.372547	-0.531911	-0.675764	-0.793428	-0.870207	-0.890163	-0.847408	-0.767419	-0.666782	-0.544466	-0.391849	-0.232242	-0.0768971	0.0758007	0.228685	0.381805	
0.213836	0.329033	0.42528	0.469693	0.447718	0.366664	0.242535	0.10065	-0.05075	-0.214316	-0.37937	-0.537879	-0.68166	-0.791634	-0.847408	-0.849413	-0.815515	-0.751929	-0.644143	-0.493544	-0.32776	-0.160054	0.0142494	0.184583	0.343526	
0.150645	0.268872	0.378993	0.448639	0.461369	0.421317	0.338488	0.226999	0.0940941	-0.0663932	-0.236831	-0.404694	-0.55733	-0.680655	-0.767419	-0.815515	-0.829299	-0.794699	-0.704201	-0.565052	-0.408526	-0.236613	-0.0479745	0.138927	0.304461	
0.108106	0.215349	0.321392	0.399491	0.435437	0.434676	0.39489	0.320968	0.209366	0.0584769	-0.108646	-0.271777	-0.420237	-0.553807	-0.666782	-0.751929	-0.794699	-0.783215	-0.7124	-0.595287	-0.454826	-0.292387	-0.103364	0.0902667	0.26352	
0.0641868	0.158373	0.257306	0.339496	0.393962	0.422665	0.418447	0.37567	0.291701	0.164642	0.018987	-0.128089	-0.273282	-0.415088	-0.544466	-0.644143	-0.704201	-0.7124	-0.665885	-0.5697	-0.450537	-0.309457	-0.139605	0.0465193	0.215046	
0.0140732	0.101187	0.199216	0.28726	0.351348	0.397095	0.414401	0.40087	0.350737	0.259123	0.141902	0.00993985	-0.128531	-0.267905	-0.391849	-0.493544	-0.565052	-0.595287	-0.5697	-0.4944	-0.398274	-0.287767	-0.148828	0.00823095	0.147802	
-0.0237447	0.0630427	0.160806	0.247351	0.313571	0.367876	0.405791	0.420671	0.402166	0.337537	0.237471	0.118514	-0.00592893	-0.124836	-0.232242	-0.32776	-0.408526	-0.454826	-0.450537	-0.398274	-0.329242	-0.248302	-0.147689	-0.0395399	0.041843	
-0.0465135	0.0338403	0.121157	0.200042	0.26517	0.33278	0.393929	0.436208	0.440954	0.393062	0.307265	0.204324	0.10324	0.00843257	-0.0768971	-0.160054	-0.236613	-0.292387	-0.309457	-0.287767	-0.248302	-0.199948	-0.144166	-0.100918	-0.0908752	
-0.0793913	-0.0129728	0.0623914	0.134357	0.203507	0.283935	0.365208	0.429523	0.45671	0.43347	0.372346	0.294627	0.215023	0.141004	0.0758007	0.0142494	-0.0479745	-0.103364	-0.139605	-0.148828	-0.147689	-0.144166	-0.146249	-0.169001	-0.223292	
-0.119037	-0.0644865	0.00285943	0.072419	0.140684	0.224568	0.314248	0.395359	0.450323	0.462922	0.439634	0.392263	0.335016	0.276832	0.228685	0.184583	0.138927	0.0902667	0.0465193	0.00823095	-0.0395399	-0.100918	-0.169001	-0.24818	-0.344307	
-0.145041	-0.0986011	-0.0374515	0.0244287	0.0863421	0.166309	0.259599	0.355629	0.437231	0.487157	0.503425	0.492543	0.462327	0.421593	0.381805	0.343526	0.304461	0.26352	0.215046	0.147802	0.041843	-0.0908752	-0.223292	-0.344307	-0.465023	
-0.149135	-0.111738	-0.0655501	-0.0187445	0.0299469	0.104167	0.201232	0.310261	0.415213	0.497357	0.553306	0.583483	0.589194	0.57165	0.541838	0.503601	0.462465	0.415118	0.350191	0.246573	0.0890594	-0.100924	-0.280917	-0.434531	-0.573441	
-0.144946	-0.117621	-0.0870497	-0.05994	-0.0279375	0.0363384	0.132636	0.251867	0.37676	0.489484	0.583253	0.655141	0.700908	0.716547	0.70778	0.67565	0.622435	0.547697	0.443325	0.299567	0.106267	-0.112065	-0.318553	-0.496023	-0.654006	
-0.145639	-0.120197	-0.0973739	-0.0818314	-0.0651496	-0.0155555	0.0721793	0.191409	0.328223	0.46381	0.589607	0.700454	0.788642	0.844832	0.865264	0.839367	0.765186	0.646148	0.49264	0.309693	0.0972327	-0.1291	-0.342248	-0.532746	-0.706147	
-0.156776	-0.131383	-0.106175	-0.0904826	-0.0769672	-0.0347068	0.0419144	0.151714	0.285234	0.429989	0.580221	0.728544	0.861401	0.95714	0.999861	0.971176	0.869017	0.708884	0.513097	0.301037	0.0741761	-0.152936	-0.363504	-0.554031	-0.735508	
-0.171063	-0.146586	-0.118688	-0.0959249	-0.0757966	-0.03249	0.0383076	0.135491	0.257678	0.401324	0.566102	0.744697	0.91229	1.03544	1.08765	1.04934	0.926139	0.74057	0.523348	0.293524	0.0571287	-0.172611	-0.377983	-0.563281	-0.745992	
-0.173594	-0.150606	-0.121942	-0.0980238	-0.0763365	-0.0314325	0.038225	0.13322	0.252574	0.395058	0.563198	0.747457	0.922851	1.05076	1.1041	1.06348	0.935707	0.746864	0.525597	0.293654	0.0542996	-0.175581	-0.380454	-0.5639	-0.746666	
-0.162614	-0.136849	-0.110732	-0.0924226	-0.0767326	-0.0350812	0.0389289	0.143151	0.271999	0.416847	0.573538	0.736312	0.885076	0.99414	1.04159	1.00863	0.896768	0.724035	0.518036	0.296847	0.065754	-0.162902	-0.370883	-0.559342	-0.741524	
-0.148973	-0.123888	-0.100476	-0.0863717	-0.0729706	-0.0273441	0.0554404	0.172192	0.309781	0.450761	0.587816	0.713476	0.820048	0.892476	0.923328	0.897637	0.812152	0.675849	0.503207	0.307784	0.0886738	-0.137787	-0.351	-0.542526	-0.720256	
-0.144568	-0.118604	-0.0925029	-0.0709875	-0.0455218	0.0125166	0.106227	0.226414	0.357625	0.48138	0.588469	0.676543	0.738056	0.769574	0.772245	0.743526	0.683175	0.591258	0.467578	0.307142	0.105521	-0.117802	-0.328587	-0.513185	-0.67806	
-0.147363	-0.114944	-0.0753419	-0.036748	0.00529307	0.0767885	0.174301	0.288267	0.401612	0.496078	0.568078	0.61491	0.636836	0.630955	0.608371	0.572083	0.527194	0.471622	0.392632	0.273578	0.0994195	-0.104578	-0.298215	-0.462527	-0.609434	
-0.148666	-0.1051	-0.0491605	0.00752256	0.0648514	0.142547	0.237993	0.33937	0.430458	0.493422	0.524748	0.53059	0.513531	0.481573	0.44432	0.405977	0.367051	0.325821	0.273267	0.191989	0.0642695	-0.0943722	-0.248086	-0.383357	-0.511394	
-0.13213	-0.0813313	-0.0156006	0.0517942	0.117823	0.200773	0.291766	0.379463	0.445764	0.473547	0.466299	0.432491	0.385893	0.333989	0.290139	0.249382	0.207607	0.163043	0.11773	0.0685116	-0.00264623	-0.0927495	-0.188045	-0.285198	-0.392595	
-0.0955496	-0.0344863	0.0370016	0.108078	0.178035	0.260867	0.346696	0.417707	0.455754	0.446418	0.399121	0.333444	0.261682	0.194715	0.136611	0.08359	0.0282938	-0.0247204	-0.0651398	-0.0863926	-0.103395	-0.124078	-0.151967	-0.198842	-0.27223	
-0.0577667	0.017229	0.0996106	0.175054	0.241161	0.315026	0.385065	0.436992	0.450053	0.410491	0.333331	0.239449	0.147543	0.0610194	-0.0156077	-0.0908249	-0.162267	-0.218986	-0.244731	-0.235667	-0.210408	-0.17774	-0.143827	-0.127426	-0.144974	
-0.0333436	0.0523522	0.147193	0.230858	0.296269	0.355052	0.402601	0.428832	0.420347	0.362396	0.26697	0.154214	0.0380902	-0.0706505	-0.170091	-0.261253	-0.342445	-0.393252	-0.397866	-0.357144	-0.299276	-0.230398	-0.146641	-0.0632421	-0.00989877	
-0.00347038	0.0828724	0.181703	0.270567	0.335829	0.385285	0.410142	0.408723	0.372299	0.293022	0.183777	0.0570319	-0.0764482	-0.209397	-0.327243	-0.427537	-0.503287	-0.541035	-0.523835	-0.457311	-0.371288	-0.272745	-0.148439	-0.00890406	0.110426	
0.0440629	0.134357	0.232079	0.316597	0.376598	0.413693	0.419241	0.387872	0.317344	0.204219	0.0699534	-0.0704135	-0.214009	-0.356421	-0.486427	-0.587631	-0.652857	-0.669483	-0.632225	-0.544232	-0.434005	-0.304248	-0.145965	0.0311692	0.191391	
0.0917572	0.193426	0.296291	0.375865	0.419331	0.432425	0.408109	0.347554	0.24573	0.102572	-0.0579169	-0.215198	-0.362126	-0.499836	-0.621294	-0.715038	-0.765254	-0.761575	-0.700189	-0.592366	-0.459661	-0.304549	-0.120817	0.0714518	0.245352	
0.131475	0.247109	0.357843	0.432126	0.45496	0.430905	0.366007	0.269407	0.14461	-0.0136612	-0.184694	-0.352266	-0.504193	-0.631375	-0.729611	-0.794607	-0.822467	-0.797137	-0.714192	-0.583169	-0.432762	-0.262668	-0.071964	0.1193	0.288111	
0.186134	0.30334	0.407595	0.465037	0.458016	0.393492	0.284401	0.154307	0.00946578	-0.152962	-0.32062	-0.483638	-0.633048	-0.749762	-0.818049	-0.838939	-0.825298	-0.774605	-0.673066	-0.525932	-0.36202	-0.191888	-0.0102399	0.166801	0.328636	
0.260039	0.367466	0.446052	0.466953	0.42014	0.314231	0.170371	0.0144198	-0.14293	-0.309363	-0.471354	-0.621531	-0.751372	-0.844205	-0.879695	-0.853954	-0.791067	-0.705333	-0.589132	-0.436031	-0.272009	-0.110548	0.0506512	0.210658	0.36614	
0.333224	0.415433	0.456468	0.433165	0.343348	0.20186	0.03266	-0.136319	-0.2993	-0.463293	-0.618434	-0.750239	-0.846537	-0.893691	-0.885973	-0.821032	-0.719891	-0.601523	-0.469414	-0.320128	-0.169065	-0.0263049	0.11433	0.256395	0.405799	
0.379072	0.430551	0.43116	0.365305	0.238065	0.0677922	-0.115498	-0.289144	-0.449933	-0.605055	-0.740625	-0.84371	-0.89715	-0.89002	-0.829964	-0.731779	-0.610911	-0.475771	-0.330591	-0.185637	-0.0548288	0.0640441	0.184503	0.311039	0.446574	
0.390204	0.404286	0.366967	0.266116	0.110845	-0.0802751	-0.272071	-0.438876	-0.585941	-0.720344	-0.824477	-0.882871	-0.887298	-0.830112	-0.726049	-0.597822	-0.468436	-0.332316	-0.185715	-0.0442359	0.0688589	0.163635	0.263011	0.370595	0.482741	
0.364303	0.339745	0.265273	0.137853	-0.0323501	-0.231491	-0.423641	-0.578617	-0.697582	-0.794732	-0.856685	-0.866159	-0.820204	-0.723941	-0.592003	-0.444486	-0.305499	-0.176029	-0.0400004	0.0899271	0.191274	0.266235	0.34239	0.422454	0.501737	
