0.422084	0.349253	0.256428	0.15536	0.0912731	0.0795509	0.123565	0.214568	0.315279	0.393871	0.46315	0.522857	0.570347	0.607987	0.617597	0.590489	0.542272	0.479592	0.390726	0.28267	0.172142	0.0884479	0.0478892	0.032285	0.0276525	
0.422787	0.328817	0.220839	0.117875	0.0541808	0.044266	0.0859124	0.177279	0.287311	0.386219	0.47333	0.538972	0.588603	0.622664	0.626928	0.587009	0.516858	0.421721	0.303068	0.175924	0.0626506	-0.0207489	-0.064166	-0.0860948	-0.100767	
0.413466	0.308224	0.201678	0.110715	0.0573314	0.046813	0.0850744	0.161817	0.265328	0.372462	0.470713	0.544271	0.595105	0.621078	0.613518	0.561195	0.470045	0.349079	0.204668	0.0656663	-0.0532915	-0.126821	-0.16411	-0.185094	-0.201579	
0.395801	0.292959	0.198412	0.128518	0.0886786	0.0803938	0.109509	0.166556	0.253161	0.355513	0.449572	0.522961	0.57462	0.594339	0.573011	0.509448	0.402254	0.263654	0.108669	-0.0370559	-0.155705	-0.2232	-0.249624	-0.260736	-0.27397	
0.3556	0.262481	0.183293	0.137163	0.112852	0.106403	0.126643	0.160276	0.227441	0.319132	0.405662	0.475471	0.520807	0.536277	0.507587	0.443769	0.329132	0.183781	0.0320655	-0.108011	-0.213602	-0.276362	-0.295987	-0.302119	-0.307174	
0.2765	0.193095	0.131006	0.104947	0.0924624	0.0901431	0.0990847	0.116869	0.164069	0.242746	0.325213	0.394841	0.441143	0.449778	0.422913	0.366506	0.265136	0.136132	0.000688079	-0.124252	-0.211673	-0.258836	-0.273275	-0.28568	-0.296269	
0.159429	0.081588	0.0307547	0.0157409	0.0134959	0.0146003	0.0132957	0.0220391	0.0565206	0.127092	0.208187	0.282591	0.336448	0.34765	0.332991	0.289712	0.214803	0.117916	0.0154499	-0.079256	-0.148978	-0.182219	-0.198385	-0.217177	-0.245898	
0.0164916	-0.0584894	-0.1033	-0.114444	-0.112257	-0.111348	-0.114293	-0.110376	-0.0815548	-0.0157384	0.0673225	0.149934	0.208061	0.23146	0.234669	0.217118	0.179693	0.123944	0.062947	0.00175685	-0.0445204	-0.0678264	-0.0927457	-0.124057	-0.171827	
-0.142114	-0.212561	-0.253755	-0.268267	-0.272186	-0.273062	-0.270473	-0.261761	-0.233047	-0.173455	-0.0897975	-0.00138015	0.0681129	0.108137	0.13376	0.152998	0.164071	0.159936	0.139801	0.109627	0.0825325	0.0600293	0.025629	-0.0212446	-0.0875018	
-0.307701	-0.375445	-0.419488	-0.442042	-0.454771	-0.458638	-0.447888	-0.430496	-0.396069	-0.337007	-0.257011	-0.165607	-0.0792648	-0.00805996	0.0504409	0.110145	0.1695	0.216862	0.241386	0.240628	0.223911	0.193646	0.149318	0.0855882	0.00540422	
-0.471538	-0.541522	-0.585764	-0.611912	-0.633449	-0.637054	-0.622107	-0.596676	-0.5628	-0.501622	-0.421573	-0.326714	-0.222175	-0.122879	-0.0207106	0.0833505	0.189447	0.277474	0.339383	0.369537	0.361047	0.325014	0.267495	0.19403	0.101882	
-0.618412	-0.682686	-0.721957	-0.748884	-0.775262	-0.778336	-0.76115	-0.732284	-0.702041	-0.646419	-0.570622	-0.470522	-0.353151	-0.234845	-0.102222	0.0429239	0.191776	0.312358	0.404761	0.460043	0.469976	0.438292	0.376907	0.299107	0.200774	
-0.727612	-0.776431	-0.811267	-0.839712	-0.864712	-0.869195	-0.851142	-0.822869	-0.791844	-0.749248	-0.687428	-0.594989	-0.474293	-0.341576	-0.193382	-0.0271778	0.147099	0.303554	0.429542	0.508877	0.539305	0.522238	0.467729	0.387138	0.284225	
-0.798315	-0.831532	-0.857155	-0.885012	-0.906919	-0.912601	-0.895054	-0.868077	-0.841467	-0.81396	-0.766839	-0.69059	-0.58559	-0.456576	-0.300244	-0.123761	0.0628802	0.249314	0.411295	0.525212	0.579111	0.578919	0.531963	0.453882	0.352062	
-0.841305	-0.859485	-0.872334	-0.891675	-0.906898	-0.90988	-0.898955	-0.879151	-0.863973	-0.8509	-0.818239	-0.760178	-0.682266	-0.574432	-0.423119	-0.239917	-0.0401464	0.165988	0.356679	0.498703	0.574867	0.592267	0.561063	0.495954	0.397673	
-0.859353	-0.859479	-0.856105	-0.858034	-0.859272	-0.858909	-0.858888	-0.856064	-0.857976	-0.860683	-0.849837	-0.817154	-0.764989	-0.679577	-0.545201	-0.365227	-0.155662	0.0577408	0.253382	0.411523	0.514074	0.553581	0.541773	0.496935	0.415363	
-0.852978	-0.832638	-0.804254	-0.781569	-0.773145	-0.770913	-0.777681	-0.79326	-0.821506	-0.846777	-0.858947	-0.852596	-0.822241	-0.755553	-0.642029	-0.480843	-0.282029	-0.0751607	0.113266	0.26987	0.387821	0.451504	0.47073	0.451637	0.390859	
-0.816219	-0.773249	-0.719436	-0.67336	-0.652171	-0.650658	-0.661744	-0.699101	-0.751807	-0.801099	-0.834286	-0.849469	-0.842908	-0.80295	-0.718999	-0.584772	-0.415354	-0.230088	-0.0581144	0.0879137	0.207416	0.293413	0.346746	0.360705	0.329789	
-0.740014	-0.684394	-0.62088	-0.560764	-0.524339	-0.518234	-0.542359	-0.595742	-0.659773	-0.718381	-0.769516	-0.807364	-0.828267	-0.824509	-0.775622	-0.675336	-0.545697	-0.401179	-0.254512	-0.119609	-0.00102222	0.102725	0.186946	0.237497	0.239286	
-0.648589	-0.585629	-0.522868	-0.464959	-0.428524	-0.422105	-0.446825	-0.498452	-0.560759	-0.623155	-0.684182	-0.737508	-0.782631	-0.81133	-0.801205	-0.74346	-0.661999	-0.564191	-0.450678	-0.331844	-0.210192	-0.0932003	0.00902892	0.0844989	0.120597	
-0.563964	-0.49487	-0.432345	-0.385586	-0.361795	-0.358303	-0.373718	-0.41067	-0.468411	-0.536334	-0.603988	-0.663468	-0.723043	-0.776808	-0.804019	-0.794608	-0.759888	-0.701726	-0.620745	-0.522789	-0.403337	-0.277333	-0.167099	-0.0773341	-0.00477506	
-0.492263	-0.427034	-0.374284	-0.336163	-0.315595	-0.311595	-0.326497	-0.356778	-0.40398	-0.465436	-0.534285	-0.600945	-0.666357	-0.727957	-0.776713	-0.807438	-0.816022	-0.793223	-0.741622	-0.66896	-0.567535	-0.446349	-0.327672	-0.22241	-0.122569	
-0.440344	-0.383247	-0.339658	-0.307309	-0.288116	-0.285092	-0.297605	-0.325637	-0.364488	-0.415839	-0.480439	-0.550216	-0.615797	-0.671351	-0.724585	-0.778343	-0.820986	-0.834887	-0.816983	-0.76651	-0.683339	-0.580017	-0.468683	-0.354213	-0.233721	
-0.404245	-0.352022	-0.31032	-0.286231	-0.281353	-0.280845	-0.282676	-0.29802	-0.333914	-0.382426	-0.439911	-0.500464	-0.556877	-0.606848	-0.660935	-0.727977	-0.795462	-0.84195	-0.851106	-0.820358	-0.759914	-0.685825	-0.593538	-0.475346	-0.342311	
-0.368069	-0.325551	-0.298556	-0.28716	-0.287651	-0.288723	-0.286256	-0.292086	-0.312958	-0.349379	-0.397895	-0.446722	-0.489881	-0.538169	-0.600585	-0.674996	-0.755844	-0.823881	-0.857383	-0.8511	-0.816218	-0.765136	-0.69275	-0.586169	-0.447122	
-0.331634	-0.315756	-0.318623	-0.32246	-0.321043	-0.320023	-0.322102	-0.320853	-0.315759	-0.322131	-0.352199	-0.390533	-0.424657	-0.468666	-0.533776	-0.613538	-0.703301	-0.789719	-0.843206	-0.859755	-0.851312	-0.818669	-0.759753	-0.667195	-0.533454	
-0.315756	-0.326112	-0.349095	-0.368514	-0.373489	-0.373372	-0.371715	-0.358375	-0.334589	-0.317828	-0.319189	-0.340184	-0.370057	-0.407337	-0.464507	-0.547214	-0.645281	-0.740377	-0.812805	-0.851941	-0.862915	-0.846046	-0.801592	-0.725947	-0.603132	
-0.318623	-0.349095	-0.380858	-0.409283	-0.419982	-0.421123	-0.415546	-0.393543	-0.36139	-0.33108	-0.303975	-0.301374	-0.32743	-0.359507	-0.404904	-0.484011	-0.581864	-0.680589	-0.773302	-0.839878	-0.869556	-0.866635	-0.834003	-0.76353	-0.645404	
-0.32246	-0.368514	-0.409283	-0.436481	-0.441445	-0.441112	-0.440513	-0.422802	-0.385679	-0.341156	-0.298011	-0.282311	-0.298001	-0.323395	-0.362295	-0.430251	-0.520773	-0.626907	-0.740872	-0.832463	-0.883031	-0.892547	-0.862771	-0.791014	-0.671642	
-0.321043	-0.373489	-0.419982	-0.441445	-0.439528	-0.438085	-0.441802	-0.432529	-0.394417	-0.340795	-0.29734	-0.281779	-0.283732	-0.301687	-0.341335	-0.398992	-0.481222	-0.598845	-0.728426	-0.829486	-0.892968	-0.912383	-0.886485	-0.817697	-0.695903	
-0.320023	-0.373372	-0.421123	-0.441112	-0.438085	-0.43651	-0.44071	-0.433273	-0.395027	-0.339958	-0.297809	-0.282071	-0.281536	-0.297678	-0.33814	-0.393349	-0.474281	-0.595949	-0.72676	-0.827823	-0.894307	-0.917493	-0.891904	-0.821381	-0.698936	
-0.322102	-0.371715	-0.415546	-0.440513	-0.441802	-0.44071	-0.44287	-0.428792	-0.390555	-0.341692	-0.297296	-0.280598	-0.290112	-0.313435	-0.351962	-0.414543	-0.501414	-0.612112	-0.734215	-0.831505	-0.888173	-0.901666	-0.873704	-0.803364	-0.683024	
-0.320853	-0.358375	-0.393543	-0.422802	-0.432529	-0.433273	-0.428792	-0.407152	-0.37235	-0.336085	-0.300718	-0.291045	-0.314199	-0.343563	-0.384951	-0.460336	-0.556498	-0.65766	-0.758281	-0.83576	-0.874213	-0.87653	-0.845733	-0.774094	-0.655795	
-0.315759	-0.334589	-0.36139	-0.385679	-0.394417	-0.395027	-0.390555	-0.37235	-0.344648	-0.322033	-0.311274	-0.323197	-0.351786	-0.386302	-0.438816	-0.521549	-0.620801	-0.716753	-0.7971	-0.846936	-0.865186	-0.853938	-0.815035	-0.743951	-0.62407	
-0.322131	-0.317828	-0.33108	-0.341156	-0.340795	-0.339958	-0.341692	-0.336085	-0.322033	-0.317369	-0.336529	-0.369337	-0.401369	-0.442897	-0.505969	-0.587095	-0.680161	-0.77162	-0.833282	-0.858071	-0.857779	-0.831902	-0.778977	-0.693027	-0.563491	
-0.352199	-0.319189	-0.303975	-0.298011	-0.29734	-0.297809	-0.297296	-0.300718	-0.311274	-0.336529	-0.379089	-0.42401	-0.463377	-0.510223	-0.574608	-0.650903	-0.735998	-0.812506	-0.85402	-0.856597	-0.833067	-0.790209	-0.723693	-0.621928	-0.483499	
-0.390533	-0.340184	-0.301374	-0.282311	-0.281779	-0.282071	-0.280598	-0.291045	-0.323197	-0.369337	-0.42401	-0.479914	-0.53033	-0.579769	-0.636504	-0.707451	-0.781575	-0.83713	-0.85632	-0.835133	-0.784538	-0.72056	-0.637582	-0.522925	-0.386225	
-0.424657	-0.370057	-0.32743	-0.298001	-0.283732	-0.281536	-0.290112	-0.314199	-0.351786	-0.401369	-0.463377	-0.53033	-0.5936	-0.646261	-0.699512	-0.759304	-0.813343	-0.841451	-0.834816	-0.791885	-0.717857	-0.625798	-0.520549	-0.402726	-0.276096	
-0.468666	-0.407337	-0.359507	-0.323395	-0.301687	-0.297678	-0.313435	-0.343563	-0.386302	-0.442897	-0.510223	-0.579769	-0.646261	-0.706623	-0.758326	-0.799589	-0.823107	-0.815138	-0.777359	-0.714007	-0.619205	-0.503783	-0.386215	-0.277491	-0.168857	
-0.533776	-0.464507	-0.404904	-0.362295	-0.341335	-0.33814	-0.351962	-0.384951	-0.438816	-0.505969	-0.574608	-0.636504	-0.699512	-0.758326	-0.796429	-0.805327	-0.788832	-0.744925	-0.674963	-0.586386	-0.473524	-0.348059	-0.23402	-0.13708	-0.0522336	
-0.613538	-0.547214	-0.484011	-0.430251	-0.398992	-0.393349	-0.414543	-0.460336	-0.521549	-0.587095	-0.650903	-0.707451	-0.759304	-0.799589	-0.805327	-0.767276	-0.704575	-0.62324	-0.523733	-0.412656	-0.290305	-0.168482	-0.0626387	0.0186785	0.0697401	
-0.703301	-0.645281	-0.581864	-0.520773	-0.481222	-0.474281	-0.501414	-0.556498	-0.620801	-0.680161	-0.735998	-0.781575	-0.813343	-0.823107	-0.788832	-0.704575	-0.593561	-0.468884	-0.334914	-0.205161	-0.085201	0.0237091	0.116903	0.179661	0.194775	
-0.789719	-0.740377	-0.680589	-0.626907	-0.598845	-0.595949	-0.612112	-0.65766	-0.716753	-0.77162	-0.812506	-0.83713	-0.841451	-0.815138	-0.744925	-0.62324	-0.468884	-0.297729	-0.13489	0.00726986	0.125567	0.219154	0.286206	0.314485	0.296723	
-0.843206	-0.812805	-0.773302	-0.740872	-0.728426	-0.72676	-0.734215	-0.758281	-0.7971	-0.833282	-0.85402	-0.85632	-0.834816	-0.777359	-0.674963	-0.523733	-0.334914	-0.13489	0.0483151	0.200861	0.321325	0.393948	0.426839	0.420498	0.370593	
-0.859755	-0.851941	-0.839878	-0.832463	-0.829486	-0.827823	-0.831505	-0.83576	-0.846936	-0.858071	-0.856597	-0.835133	-0.791885	-0.714007	-0.586386	-0.412656	-0.205161	0.00726986	0.200861	0.361113	0.47096	0.52082	0.519763	0.484263	0.41065	
-0.851312	-0.862915	-0.869556	-0.883031	-0.892968	-0.894307	-0.888173	-0.874213	-0.865186	-0.857779	-0.833067	-0.784538	-0.717857	-0.619205	-0.473524	-0.290305	-0.085201	0.125567	0.321325	0.47096	0.558381	0.583346	0.559378	0.501825	0.408813	
-0.818669	-0.846046	-0.866635	-0.892547	-0.912383	-0.917493	-0.901666	-0.87653	-0.853938	-0.831902	-0.790209	-0.72056	-0.625798	-0.503783	-0.348059	-0.168482	0.0237091	0.219154	0.393948	0.52082	0.583346	0.589897	0.54876	0.474925	0.373718	
-0.759753	-0.801592	-0.834003	-0.862771	-0.886485	-0.891904	-0.873704	-0.845733	-0.815035	-0.778977	-0.723693	-0.637582	-0.520549	-0.386215	-0.23402	-0.0626387	0.116903	0.286206	0.426839	0.519763	0.559378	0.54876	0.497066	0.415989	0.312822	
-0.667195	-0.725947	-0.76353	-0.791014	-0.817697	-0.821381	-0.803364	-0.774094	-0.743951	-0.693027	-0.621928	-0.522925	-0.402726	-0.277491	-0.13708	0.0186785	0.179661	0.314485	0.420498	0.484263	0.501825	0.474925	0.415989	0.337087	0.237043	
-0.533454	-0.603132	-0.645404	-0.671642	-0.695903	-0.698936	-0.683024	-0.655795	-0.62407	-0.563491	-0.483499	-0.386225	-0.276096	-0.168857	-0.0522336	0.0697401	0.194775	0.296723	0.370593	0.41065	0.408813	0.373718	0.312822	0.237043	0.141754	
