0.758492	0.559952	0.346873	0.15204	-0.00301222	-0.106018	-0.154154	-0.139623	-0.061018	0.0649945	0.219159	0.371355	0.490752	0.537587	0.497958	0.392138	0.240137	0.0671982	-0.0983901	-0.236795	-0.362631	-0.49254	-0.618445	-0.716972	-0.760801	
0.559952	0.344823	0.121643	-0.0746149	-0.227998	-0.329386	-0.372355	-0.356335	-0.285617	-0.160205	0.00279749	0.165918	0.293553	0.359758	0.350244	0.275408	0.153362	0.00794114	-0.141073	-0.280376	-0.418839	-0.561862	-0.699564	-0.812119	-0.875641	
0.346873	0.121643	-0.0980103	-0.285664	-0.431847	-0.522	-0.556725	-0.542235	-0.473578	-0.343929	-0.173151	-0.0116861	0.116643	0.199009	0.21981	0.180946	0.0963198	-0.0153686	-0.1484	-0.288671	-0.435312	-0.582599	-0.724892	-0.845632	-0.927177	
0.15204	-0.0746149	-0.285664	-0.464788	-0.597205	-0.67405	-0.705997	-0.689185	-0.614473	-0.47597	-0.307695	-0.155715	-0.0292576	0.0661061	0.116568	0.11538	0.0732245	-0.00476233	-0.120192	-0.256325	-0.401861	-0.547762	-0.690003	-0.815427	-0.910803	
-0.00301222	-0.227998	-0.431847	-0.597205	-0.713915	-0.784914	-0.813288	-0.786358	-0.697502	-0.558001	-0.401967	-0.261097	-0.1386	-0.0339832	0.0411921	0.0769666	0.0737568	0.0270025	-0.0660776	-0.18624	-0.321474	-0.461963	-0.603543	-0.729283	-0.837476	
-0.106018	-0.329386	-0.522	-0.67405	-0.784914	-0.852892	-0.871848	-0.826509	-0.730022	-0.599956	-0.457708	-0.326711	-0.209109	-0.100941	-0.0052452	0.0606757	0.088255	0.0712588	0.0111959	-0.0797514	-0.195629	-0.32961	-0.467964	-0.594324	-0.713853	
-0.154154	-0.372355	-0.556725	-0.705997	-0.813288	-0.871848	-0.871261	-0.812678	-0.718567	-0.598223	-0.466091	-0.342641	-0.233388	-0.125371	-0.0173198	0.0655476	0.113684	0.128078	0.110548	0.0586886	-0.0345514	-0.158733	-0.294633	-0.423196	-0.558462	
-0.139623	-0.356335	-0.542235	-0.689185	-0.786358	-0.826509	-0.812678	-0.753433	-0.663659	-0.549211	-0.424591	-0.31173	-0.213251	-0.110684	-0.00423155	0.0804419	0.142844	0.190575	0.220636	0.208313	0.14144	0.0290042	-0.103407	-0.240624	-0.394503	
-0.061018	-0.285617	-0.473578	-0.614473	-0.697502	-0.730022	-0.718567	-0.663659	-0.575708	-0.464643	-0.350687	-0.250203	-0.163746	-0.0757606	0.0146981	0.0928488	0.167683	0.249461	0.320806	0.345843	0.305662	0.209453	0.0785481	-0.0715294	-0.244108	
0.0649945	-0.160205	-0.343929	-0.47597	-0.558001	-0.599956	-0.598223	-0.549211	-0.464643	-0.3641	-0.266363	-0.181291	-0.114972	-0.0544202	0.011469	0.0809212	0.16862	0.274489	0.377278	0.432343	0.420475	0.34132	0.212085	0.0509147	-0.134053	
0.219159	0.00279749	-0.173151	-0.307695	-0.401967	-0.457708	-0.466091	-0.424591	-0.350687	-0.266363	-0.187369	-0.124651	-0.0889426	-0.0611207	-0.018939	0.0467481	0.139787	0.258238	0.378231	0.457373	0.469553	0.405951	0.282024	0.118725	-0.0653167	
0.371355	0.165918	-0.0116861	-0.155715	-0.261097	-0.326711	-0.342641	-0.31173	-0.250203	-0.181291	-0.124651	-0.0920156	-0.08864	-0.0878343	-0.0582903	0.00216584	0.0931151	0.210393	0.337732	0.430765	0.457899	0.408087	0.296776	0.148208	-0.021481	
0.490752	0.293553	0.116643	-0.0292576	-0.1386	-0.209109	-0.233388	-0.213251	-0.163746	-0.114972	-0.0889426	-0.08864	-0.110834	-0.122336	-0.102023	-0.0488906	0.031057	0.140957	0.266074	0.360117	0.393452	0.357324	0.272794	0.154889	0.0148176	
0.537587	0.359758	0.199009	0.0661061	-0.0339832	-0.100941	-0.125371	-0.110684	-0.0757606	-0.0544202	-0.0611207	-0.0878343	-0.122336	-0.143436	-0.134623	-0.0974716	-0.0334833	0.0614583	0.170198	0.251619	0.281516	0.263894	0.214621	0.140505	0.0395566	
0.497958	0.350244	0.21981	0.116568	0.0411921	-0.0052452	-0.0173198	-0.00423155	0.0146981	0.011469	-0.018939	-0.0582903	-0.102023	-0.134623	-0.145319	-0.127877	-0.0843954	-0.0153464	0.0647899	0.121478	0.147568	0.149173	0.140475	0.112933	0.0605694	
0.392138	0.275408	0.180946	0.11538	0.0769666	0.0606757	0.0655476	0.0804419	0.0928488	0.0809212	0.0467481	0.00216584	-0.0488906	-0.0974716	-0.127877	-0.130934	-0.114368	-0.0782894	-0.0353806	-0.0014564	0.0207239	0.0433531	0.0701384	0.0903254	0.0925925	
0.240137	0.153362	0.0963198	0.0732245	0.0737568	0.088255	0.113684	0.142844	0.167683	0.16862	0.139787	0.0931151	0.031057	-0.0334833	-0.0843954	-0.114368	-0.13069	-0.134259	-0.123597	-0.109674	-0.0876359	-0.0510351	0.00630142	0.0709026	0.133607	
0.0671982	0.00794114	-0.0153686	-0.00476233	0.0270025	0.0712588	0.128078	0.190575	0.249461	0.274489	0.258238	0.210393	0.140957	0.0614583	-0.0153464	-0.0782894	-0.134259	-0.171864	-0.189288	-0.189219	-0.173071	-0.128417	-0.0493593	0.0571125	0.176916	
-0.0983901	-0.141073	-0.1484	-0.120192	-0.0660776	0.0111959	0.110548	0.220636	0.320806	0.377278	0.378231	0.337732	0.266074	0.170198	0.0647899	-0.0353806	-0.123597	-0.189288	-0.22607	-0.242534	-0.234898	-0.189321	-0.0919151	0.0484257	0.215765	
-0.236795	-0.280376	-0.288671	-0.256325	-0.18624	-0.0797514	0.0586886	0.208313	0.345843	0.432343	0.457373	0.430765	0.360117	0.251619	0.121478	-0.0014564	-0.109674	-0.189219	-0.242534	-0.272364	-0.274389	-0.225522	-0.113962	0.051331	0.248027	
-0.362631	-0.418839	-0.435312	-0.401861	-0.321474	-0.195629	-0.0345514	0.14144	0.305662	0.420475	0.469553	0.457899	0.393452	0.281516	0.147568	0.0207239	-0.0876359	-0.173071	-0.234898	-0.274389	-0.278291	-0.224679	-0.102855	0.0718727	0.279412	
-0.49254	-0.561862	-0.582599	-0.547762	-0.461963	-0.32961	-0.158733	0.0290042	0.209453	0.34132	0.405951	0.408087	0.357324	0.263894	0.149173	0.0433531	-0.0510351	-0.128417	-0.189321	-0.225522	-0.224679	-0.16493	-0.043319	0.126079	0.325441	
-0.618445	-0.699564	-0.724892	-0.690003	-0.603543	-0.467964	-0.294633	-0.103407	0.0785481	0.212085	0.282024	0.296776	0.272794	0.214621	0.140475	0.0701384	0.00630142	-0.0493593	-0.0919151	-0.113962	-0.102855	-0.043319	0.0675285	0.216661	0.395598	
-0.716972	-0.812119	-0.845632	-0.815427	-0.729283	-0.594324	-0.423196	-0.240624	-0.0715294	0.0509147	0.118725	0.148208	0.154889	0.140505	0.112933	0.0903254	0.0709026	0.0571125	0.0484257	0.051331	0.0718727	0.126079	0.216661	0.338725	0.48798	
-0.760801	-0.875641	-0.927177	-0.910803	-0.837476	-0.713853	-0.558462	-0.394503	-0.244108	-0.134053	-0.0653167	-0.021481	0.0148176	0.0395566	0.0605694	0.0925925	0.133607	0.176916	0.215765	0.248027	0.279412	0.325441	0.395598	0.48798	0.603649	
-0.742943	-0.876954	-0.951695	-0.963938	-0.920885	-0.830191	-0.705346	-0.567053	-0.43412	-0.330144	-0.25844	-0.201995	-0.144645	-0.0869677	-0.0204458	0.0708805	0.178262	0.286296	0.376065	0.442275	0.487617	0.532666	0.587346	0.653847	0.73179	
-0.677424	-0.825349	-0.926881	-0.976454	-0.980108	-0.935241	-0.850207	-0.739638	-0.620817	-0.520878	-0.444929	-0.379386	-0.30442	-0.218192	-0.109392	0.0354953	0.202866	0.367249	0.504859	0.605379	0.673473	0.726647	0.775753	0.818967	0.857477	
-0.602877	-0.763911	-0.890123	-0.976768	-1.02197	-1.01947	-0.970103	-0.885288	-0.782761	-0.688465	-0.610361	-0.533683	-0.438449	-0.323143	-0.178271	0.00677014	0.215114	0.419931	0.594553	0.730276	0.826356	0.898021	0.947507	0.971646	0.970021	
-0.544652	-0.724743	-0.87603	-0.988782	-1.06221	-1.086	-1.062	-1.00051	-0.915241	-0.830023	-0.748033	-0.654872	-0.533398	-0.387108	-0.213042	-0.00254627	0.228949	0.457022	0.659739	0.825803	0.952688	1.04479	1.09976	1.10816	1.07304	
-0.514474	-0.714105	-0.882986	-1.01137	-1.09578	-1.13114	-1.12061	-1.07384	-1.0029	-0.924149	-0.838055	-0.729667	-0.585046	-0.415744	-0.222434	0.000910967	0.242172	0.48212	0.700473	0.888335	1.03599	1.14474	1.20363	1.20353	1.14692	
-0.50874	-0.712315	-0.885429	-1.01554	-1.10249	-1.13943	-1.13105	-1.08791	-1.01935	-0.942452	-0.855609	-0.743605	-0.59494	-0.420269	-0.223863	0.00197902	0.244954	0.486424	0.708438	0.899483	1.0522	1.16326	1.22393	1.22182	1.16192	
-0.529459	-0.718328	-0.877722	-0.998761	-1.07767	-1.10745	-1.09011	-1.03515	-0.956855	-0.874613	-0.790887	-0.6912	-0.55866	-0.401953	-0.218247	-0.0015259	0.234955	0.469053	0.678948	0.855743	0.992023	1.09239	1.14881	1.15328	1.10745	
-0.576359	-0.744081	-0.880887	-0.978917	-1.03792	-1.04795	-1.00997	-0.935381	-0.839546	-0.74907	-0.669903	-0.5869	-0.482079	-0.353584	-0.196389	0.000817628	0.220357	0.435977	0.623348	0.771429	0.880741	0.960203	1.01224	1.02919	1.01335	
-0.647532	-0.800194	-0.911461	-0.976901	-0.998135	-0.971671	-0.902009	-0.801453	-0.688971	-0.590506	-0.513446	-0.444375	-0.361572	-0.264582	-0.140118	0.0223211	0.208668	0.391358	0.544638	0.659586	0.737785	0.797835	0.846111	0.881607	0.903601	
-0.720251	-0.860417	-0.9459	-0.971929	-0.947011	-0.874116	-0.765044	-0.638423	-0.51114	-0.408826	-0.335306	-0.274652	-0.210765	-0.140918	-0.0574941	0.0569266	0.190032	0.322369	0.432507	0.512009	0.56594	0.612474	0.664457	0.721025	0.783781	
-0.761148	-0.884124	-0.944591	-0.938109	-0.874078	-0.761024	-0.616292	-0.461718	-0.319113	-0.211869	-0.141842	-0.0927068	-0.0465294	-0.00861222	0.0313118	0.0863506	0.154229	0.223337	0.28257	0.32816	0.364035	0.408606	0.471338	0.553112	0.653951	
-0.741604	-0.844233	-0.884097	-0.857723	-0.774915	-0.642238	-0.475273	-0.299342	-0.137567	-0.0208615	0.046715	0.0824461	0.101279	0.103966	0.0951652	0.0939059	0.0968396	0.104589	0.113981	0.128054	0.152974	0.203226	0.28563	0.39545	0.531945	
-0.663124	-0.748898	-0.776983	-0.743333	-0.656477	-0.520337	-0.346742	-0.156891	0.0210606	0.15125	0.22057	0.240751	0.22949	0.188209	0.132887	0.0796925	0.0321511	-0.00955364	-0.0401473	-0.0532497	-0.0382168	0.0195903	0.122973	0.26177	0.429538	
-0.544225	-0.618238	-0.640421	-0.605152	-0.519154	-0.385732	-0.213336	-0.0232578	0.159906	0.294192	0.361986	0.3691	0.327509	0.247197	0.146599	0.0539713	-0.0303428	-0.100851	-0.156647	-0.188352	-0.183502	-0.123078	-0.00420306	0.158443	0.350894	
-0.414268	-0.475973	-0.494911	-0.46048	-0.377315	-0.247739	-0.0818893	0.100435	0.272437	0.396263	0.452991	0.44682	0.386806	0.279188	0.150643	0.0291721	-0.0747016	-0.159231	-0.221985	-0.262226	-0.264706	-0.20873	-0.0851862	0.0890777	0.295393	
-0.287363	-0.335276	-0.346828	-0.313839	-0.238616	-0.12291	0.026765	0.188115	0.337507	0.435834	0.471228	0.450768	0.381693	0.270034	0.135037	0.00815544	-0.102342	-0.185111	-0.243138	-0.277707	-0.281757	-0.231134	-0.114509	0.0568317	0.259957	
-0.156782	-0.197783	-0.204236	-0.173179	-0.112159	-0.021774	0.0945939	0.222389	0.337935	0.406709	0.416785	0.381471	0.310228	0.208271	0.0916558	-0.0203453	-0.117959	-0.191014	-0.234422	-0.257236	-0.25362	-0.207793	-0.103615	0.0479315	0.229727	
-0.00168973	-0.0519053	-0.0664499	-0.046785	-0.00525866	0.0516228	0.125294	0.206005	0.28135	0.318057	0.307879	0.2618	0.191233	0.105326	0.016977	-0.061394	-0.13152	-0.181333	-0.207121	-0.213268	-0.200612	-0.155213	-0.0685114	0.0531422	0.193352	
0.172019	0.0963812	0.0542487	0.0464783	0.0603627	0.0867148	0.122799	0.163518	0.199846	0.209618	0.184936	0.137116	0.0718096	0.00133917	-0.0591359	-0.1018	-0.13373	-0.151929	-0.152859	-0.144872	-0.124366	-0.084347	-0.0170181	0.0646486	0.151413	
0.335646	0.231292	0.151256	0.103301	0.0810004	0.076907	0.0895135	0.107421	0.122529	0.113368	0.0805758	0.0346807	-0.0205645	-0.0757358	-0.113864	-0.126994	-0.122541	-0.102413	-0.0727586	-0.0473115	-0.0251813	0.00385236	0.0436538	0.0823734	0.108166	
0.462672	0.327002	0.210773	0.121363	0.0600253	0.0254476	0.0197347	0.0330755	0.0472774	0.0385463	0.00472029	-0.0373418	-0.0836624	-0.122555	-0.141246	-0.131701	-0.0983564	-0.0416341	0.0237473	0.0711121	0.0951087	0.105261	0.111569	0.103189	0.0718922	
0.531219	0.365403	0.21516	0.0930152	0.000452551	-0.0601554	-0.0803978	-0.067377	-0.0389179	-0.0290807	-0.0469771	-0.0803743	-0.118644	-0.143968	-0.142409	-0.113107	-0.0564166	0.0290094	0.128234	0.200228	0.228833	0.218458	0.185797	0.130235	0.0475716	
0.51942	0.327925	0.156037	0.0127334	-0.0943587	-0.165274	-0.190902	-0.173259	-0.129515	-0.090871	-0.0783695	-0.0900339	-0.117867	-0.133335	-0.116781	-0.0692724	0.00462666	0.109877	0.229882	0.321108	0.353038	0.324357	0.252786	0.151954	0.0259227	
0.425793	0.222911	0.0441508	-0.10138	-0.210129	-0.278065	-0.297641	-0.271817	-0.214673	-0.153588	-0.108166	-0.0886888	-0.0967457	-0.101921	-0.0763162	-0.0179256	0.0694075	0.184351	0.312666	0.407495	0.438599	0.393443	0.29205	0.153669	-0.00543807	
0.281642	0.0700359	-0.105775	-0.244514	-0.343058	-0.403652	-0.414548	-0.376827	-0.308018	-0.22954	-0.15921	-0.107666	-0.0850006	-0.0697093	-0.0334907	0.0299142	0.123107	0.24219	0.366074	0.452472	0.470971	0.413518	0.292721	0.134015	-0.0467741	
