-0.544621	-0.586201	-0.590685	-0.553855	-0.471062	-0.340781	-0.164143	0.0360315	0.249021	0.458341	0.628919	0.744353	0.786296	0.764537	0.690286	0.573042	0.421031	0.250281	0.096769	-0.0325214	-0.132719	-0.187763	-0.183927	-0.121433	-0.0203093	
-0.586201	-0.609051	-0.598237	-0.549749	-0.454427	-0.306126	-0.10997	0.111619	0.348009	0.574705	0.764694	0.89008	0.945263	0.932052	0.864565	0.746857	0.577542	0.382387	0.197147	0.0356216	-0.0975595	-0.182874	-0.196139	-0.15388	-0.0661593	
-0.590685	-0.598237	-0.56814	-0.500489	-0.394369	-0.233408	-0.0239143	0.213519	0.459831	0.688868	0.876746	1.00187	1.06466	1.05851	0.994501	0.871509	0.695251	0.489645	0.289202	0.106904	-0.0525026	-0.162337	-0.196573	-0.170617	-0.104549	
-0.553855	-0.549749	-0.500489	-0.414221	-0.289227	-0.113775	0.0989015	0.336341	0.571332	0.786853	0.957225	1.07266	1.13191	1.13084	1.06528	0.938132	0.761949	0.561438	0.359167	0.168271	-0.00598079	-0.125338	-0.176191	-0.166859	-0.129287	
-0.471062	-0.454427	-0.394369	-0.289227	-0.14843	0.0314061	0.238041	0.460795	0.673823	0.860992	1.00722	1.1054	1.14828	1.1408	1.07705	0.955647	0.79054	0.596912	0.39928	0.211405	0.0451365	-0.0750076	-0.140421	-0.153953	-0.141551	
-0.340781	-0.306126	-0.233408	-0.113775	0.0314061	0.199642	0.383273	0.574857	0.7606	0.918711	1.03696	1.10803	1.1317	1.1175	1.06147	0.951379	0.800191	0.621238	0.434565	0.255137	0.0979592	-0.0219572	-0.0965447	-0.126244	-0.135427	
-0.164143	-0.10997	-0.0239143	0.0989015	0.238041	0.383273	0.526174	0.675723	0.825038	0.959005	1.05811	1.10765	1.11659	1.09062	1.03866	0.943525	0.811547	0.65631	0.482017	0.307521	0.150556	0.0316054	-0.0470667	-0.0910515	-0.117796	
0.0360315	0.111619	0.213519	0.336341	0.460795	0.574857	0.675723	0.778885	0.888407	0.990045	1.0681	1.11182	1.11213	1.07668	1.02288	0.946943	0.840828	0.703996	0.537286	0.365469	0.214085	0.0970151	0.00571561	-0.0549694	-0.0984193	
0.249021	0.348009	0.459831	0.571332	0.673823	0.7606	0.825038	0.888407	0.954791	1.02169	1.08004	1.11278	1.10614	1.07115	1.02301	0.966715	0.877919	0.749479	0.593486	0.429451	0.286056	0.164022	0.0592561	-0.0177513	-0.0753949	
0.458341	0.574705	0.688868	0.786853	0.860992	0.918711	0.959005	0.990045	1.02169	1.05622	1.09245	1.1113	1.09581	1.06313	1.02504	0.977547	0.899851	0.781987	0.635904	0.482854	0.34109	0.215756	0.10957	0.0228251	-0.0438883	
0.628919	0.764694	0.876746	0.957225	1.00722	1.03696	1.05811	1.0681	1.08004	1.09245	1.10348	1.0984	1.07866	1.05063	1.01442	0.963731	0.895329	0.790794	0.656279	0.507324	0.369536	0.247988	0.143203	0.0602693	-0.00470319	
0.744353	0.89008	1.00187	1.07266	1.1054	1.10803	1.10765	1.11182	1.11278	1.1113	1.0984	1.07839	1.05731	1.03075	0.992337	0.935093	0.866237	0.767183	0.637218	0.497527	0.365992	0.250483	0.153843	0.0842877	0.0337524	
0.786296	0.945263	1.06466	1.13191	1.14828	1.1317	1.11659	1.11213	1.10614	1.09581	1.07866	1.05731	1.03586	1.00536	0.962887	0.901787	0.821533	0.718391	0.594497	0.462331	0.339821	0.234079	0.15378	0.101259	0.0648071	
0.764537	0.932052	1.05851	1.13084	1.1408	1.1175	1.09062	1.07668	1.07115	1.06313	1.05063	1.03075	1.00536	0.974829	0.930115	0.862031	0.769027	0.664983	0.552998	0.427844	0.311411	0.219033	0.152318	0.112215	0.09139	
0.690286	0.864565	0.994501	1.06528	1.07705	1.06147	1.03866	1.02288	1.02301	1.02504	1.01442	0.992337	0.962887	0.930115	0.885772	0.811906	0.717225	0.617648	0.511488	0.393518	0.281304	0.198028	0.141007	0.111675	0.108036	
0.573042	0.746857	0.871509	0.938132	0.955647	0.951379	0.943525	0.946943	0.966715	0.977547	0.963731	0.935093	0.901787	0.862031	0.811906	0.748981	0.668925	0.576643	0.466508	0.34731	0.237291	0.15936	0.113388	0.0990699	0.111379	
0.421031	0.577542	0.695251	0.761949	0.79054	0.800191	0.811547	0.840828	0.877919	0.899851	0.895329	0.866237	0.821533	0.769027	0.717225	0.668925	0.604049	0.513489	0.40074	0.282354	0.177023	0.107074	0.07774	0.0872993	0.123632	
0.250281	0.382387	0.489645	0.561438	0.596912	0.621238	0.65631	0.703996	0.749479	0.781987	0.790794	0.767183	0.718391	0.664983	0.617648	0.576643	0.513489	0.427876	0.318593	0.208335	0.11153	0.0493375	0.0385883	0.0746321	0.138013	
0.096769	0.197147	0.289202	0.359167	0.39928	0.434565	0.482017	0.537286	0.593486	0.635904	0.656279	0.637218	0.594497	0.552998	0.511488	0.466508	0.40074	0.318593	0.222172	0.123487	0.0420289	-0.00116203	0.0079475	0.0643623	0.143093	
-0.0325214	0.0356216	0.106904	0.168271	0.211405	0.255137	0.307521	0.365469	0.429451	0.482854	0.507324	0.497527	0.462331	0.427844	0.393518	0.34731	0.282354	0.208335	0.123487	0.0407378	-0.0230335	-0.0454682	-0.0195494	0.0469649	0.135704	
-0.132719	-0.0975595	-0.0525026	-0.00598079	0.0451365	0.0979592	0.150556	0.214085	0.286056	0.34109	0.369536	0.365992	0.339821	0.311411	0.281304	0.237291	0.177023	0.11153	0.0420289	-0.0230335	-0.0737039	-0.0908015	-0.058915	0.0164634	0.116999	
-0.187763	-0.182874	-0.162337	-0.125338	-0.0750076	-0.0219572	0.0316054	0.0970151	0.164022	0.215756	0.247988	0.250483	0.234079	0.219033	0.198028	0.15936	0.107074	0.0493375	-0.00116203	-0.0454682	-0.0908015	-0.11257	-0.0803011	-0.00184706	0.0974266	
-0.183927	-0.196139	-0.196573	-0.176191	-0.140421	-0.0965447	-0.0470667	0.00571561	0.0592561	0.10957	0.143203	0.153843	0.15378	0.152318	0.141007	0.113388	0.07774	0.0385883	0.0079475	-0.0195494	-0.058915	-0.0803011	-0.0521456	0.0113039	0.0874254	
-0.121433	-0.15388	-0.170617	-0.166859	-0.153953	-0.126244	-0.0910515	-0.0549694	-0.0177513	0.0228251	0.0602693	0.0842877	0.101259	0.112215	0.111675	0.0990699	0.0872993	0.0746321	0.0643623	0.0469649	0.0164634	-0.00184706	0.0113039	0.0455033	0.0966403	
-0.0203093	-0.0661593	-0.104549	-0.129287	-0.141551	-0.135427	-0.117796	-0.0984193	-0.0753949	-0.0438883	-0.00470319	0.0337524	0.0648071	0.09139	0.108036	0.111379	0.123632	0.138013	0.143093	0.135704	0.116999	0.0974266	0.0874254	0.0966403	0.122639	
0.0956275	0.0398525	-0.0200947	-0.0726042	-0.113852	-0.137503	-0.145146	-0.137395	-0.125491	-0.103798	-0.0640213	-0.0156658	0.0299893	0.0723782	0.107097	0.136394	0.17767	0.217166	0.235084	0.239676	0.230759	0.206795	0.180806	0.165726	0.162565	
0.215016	0.14134	0.064404	-0.00371369	-0.0632743	-0.113885	-0.150048	-0.167274	-0.16987	-0.158624	-0.122026	-0.0705431	-0.0155646	0.0409669	0.100202	0.168217	0.243871	0.307134	0.347382	0.363548	0.355963	0.329801	0.291411	0.249421	0.21294	
0.32767	0.237651	0.1411	0.0559425	-0.021507	-0.0918775	-0.149715	-0.188521	-0.205043	-0.202367	-0.180698	-0.13346	-0.0721992	-0.00188619	0.0868702	0.196169	0.300857	0.392544	0.458387	0.488366	0.481686	0.452641	0.39909	0.327493	0.263557	
0.421706	0.304152	0.187741	0.0869067	-0.00127953	-0.081164	-0.151258	-0.203338	-0.228315	-0.235804	-0.223546	-0.189308	-0.131108	-0.0439287	0.0744422	0.213311	0.342388	0.456162	0.539986	0.579569	0.579251	0.544878	0.474558	0.385414	0.304806	
0.46995	0.331587	0.198209	0.0870948	-0.00360165	-0.0833827	-0.154039	-0.209358	-0.238885	-0.24695	-0.239042	-0.217615	-0.167451	-0.0692522	0.0636942	0.215623	0.363414	0.494591	0.580406	0.623052	0.627992	0.586825	0.505431	0.412631	0.324423	
0.477739	0.335361	0.198301	0.0850523	-0.00493677	-0.0837486	-0.153544	-0.209224	-0.239084	-0.247079	-0.240353	-0.221534	-0.172692	-0.0731549	0.0612853	0.215017	0.36703	0.501729	0.586391	0.628969	0.635637	0.592597	0.508986	0.416923	0.326911	
0.446496	0.31867	0.195653	0.0898744	-0.00125191	-0.0816735	-0.152844	-0.206811	-0.23466	-0.243291	-0.232454	-0.204655	-0.149607	-0.0563014	0.0699245	0.21549	0.353292	0.474734	0.560717	0.602289	0.604638	0.567396	0.491859	0.399475	0.315389	
0.369241	0.26937	0.164638	0.072003	-0.010166	-0.08572	-0.149528	-0.195742	-0.215818	-0.217419	-0.200743	-0.15789	-0.0967676	-0.0198618	0.0815114	0.204539	0.319317	0.420935	0.495902	0.530366	0.525654	0.495277	0.434558	0.354149	0.281695	
0.261288	0.181142	0.0972052	0.0227377	-0.044503	-0.103803	-0.150219	-0.175531	-0.184712	-0.178137	-0.146074	-0.0948117	-0.0365219	0.024285	0.0949807	0.180867	0.268966	0.343052	0.393853	0.41575	0.407921	0.380208	0.336853	0.282037	0.234044	
0.144454	0.081877	0.0140183	-0.0463432	-0.0951271	-0.130652	-0.149555	-0.151402	-0.143937	-0.125926	-0.0865876	-0.03713	0.0126628	0.061848	0.105521	0.148471	0.203608	0.252008	0.277826	0.286937	0.279495	0.254586	0.223261	0.198854	0.181626	
0.02457	-0.0249588	-0.0718298	-0.108559	-0.133208	-0.138384	-0.130344	-0.114352	-0.0962322	-0.0688005	-0.0290665	0.0142087	0.0515108	0.0848872	0.107899	0.12	0.14326	0.168611	0.177571	0.175028	0.161091	0.139728	0.122501	0.12158	0.137053	
-0.0835468	-0.123047	-0.148205	-0.154489	-0.150404	-0.129937	-0.101421	-0.0733224	-0.042287	-0.00548967	0.0335172	0.0632726	0.0855613	0.102329	0.108703	0.10169	0.099109	0.0972261	0.0949043	0.0807759	0.0548356	0.036507	0.0402238	0.064124	0.105337	
-0.166003	-0.185157	-0.191639	-0.177518	-0.151089	-0.113726	-0.0691214	-0.0225783	0.0249919	0.0727968	0.106886	0.122461	0.129686	0.133452	0.12556	0.103938	0.077137	0.0483316	0.0257442	0.00340357	-0.0332068	-0.0530918	-0.029309	0.022811	0.0886681	
-0.193361	-0.196294	-0.185476	-0.153939	-0.107586	-0.0570312	-0.00393761	0.0575147	0.119376	0.170534	0.203381	0.209391	0.198747	0.188812	0.171865	0.137333	0.091168	0.0391292	-0.00400281	-0.040891	-0.0838814	-0.106523	-0.0750246	8.55882e-05	0.0913524	
-0.16161	-0.139248	-0.104811	-0.0620625	-0.00975629	0.0443907	0.097263	0.163226	0.235126	0.289566	0.319625	0.318096	0.295229	0.271768	0.244429	0.201289	0.143405	0.0808006	0.0191456	-0.0377335	-0.0862316	-0.104671	-0.0722325	0.00582619	0.108876	
-0.0768264	-0.0213721	0.0399169	0.0948843	0.141321	0.189106	0.241946	0.30132	0.369236	0.423897	0.449272	0.443273	0.411553	0.378681	0.346441	0.301511	0.238029	0.167474	0.0875695	0.0120833	-0.0456113	-0.0638188	-0.0345601	0.0355304	0.129174	
0.0418644	0.129271	0.213806	0.281567	0.322021	0.360834	0.410704	0.46774	0.52649	0.574154	0.597477	0.581477	0.54159	0.503362	0.465002	0.419093	0.352953	0.273449	0.181715	0.0888194	0.015251	-0.0188369	-0.00173074	0.0590665	0.141544	
0.185991	0.305581	0.407215	0.479811	0.517893	0.546773	0.589064	0.640094	0.689977	0.726458	0.739737	0.717872	0.670686	0.621891	0.576931	0.533843	0.470029	0.386535	0.281675	0.175571	0.0838287	0.0279664	0.024792	0.0705715	0.141434	
0.353312	0.500435	0.615003	0.68344	0.714628	0.730138	0.750802	0.789628	0.830773	0.856543	0.85775	0.831152	0.783137	0.727971	0.677362	0.634191	0.571031	0.481825	0.369382	0.254221	0.15138	0.0835372	0.0612704	0.0818365	0.130153	
0.516187	0.684647	0.80633	0.872407	0.89435	0.895671	0.894403	0.907857	0.936175	0.952352	0.939988	0.9094	0.872077	0.826975	0.775704	0.718753	0.645839	0.554137	0.442698	0.323193	0.214424	0.139865	0.100269	0.0945347	0.114809	
0.647903	0.823399	0.95287	1.02138	1.03472	1.02327	1.0065	0.996332	1.00289	1.00734	0.99555	0.970869	0.941086	0.906877	0.859333	0.788614	0.69846	0.602328	0.4953	0.377448	0.265986	0.185075	0.132102	0.107598	0.109593	
0.740603	0.911769	1.03933	1.11219	1.12232	1.10088	1.07339	1.05737	1.05254	1.04822	1.03728	1.01763	0.989797	0.958798	0.915144	0.843098	0.747134	0.644207	0.536054	0.414504	0.300235	0.211554	0.149227	0.113586	0.0999985	
0.783998	0.946975	1.0702	1.13923	1.15151	1.1305	1.10943	1.10087	1.09462	1.08397	1.06869	1.04789	1.02477	0.994524	0.950357	0.887126	0.801472	0.697346	0.577895	0.447775	0.328068	0.228077	0.153421	0.106812	0.076379	
0.770183	0.920887	1.03529	1.10266	1.1283	1.12248	1.11641	1.1179	1.11505	1.10835	1.09163	1.07076	1.04951	1.02089	0.980623	0.921802	0.84981	0.749849	0.621	0.484841	0.356824	0.245184	0.154317	0.0915083	0.0463838	
0.683087	0.823576	0.933987	1.01049	1.05297	1.07115	1.08317	1.08985	1.09623	1.10373	1.10396	1.09039	1.06972	1.04324	1.00712	0.95384	0.885769	0.785077	0.653283	0.50789	0.372274	0.252639	0.150217	0.0713334	0.0113714	
