-0.0626564	-0.0296578	-0.0247686	-0.0372829	-0.0475999	-0.0490397	-0.0425423	-0.0287434	-0.024747	-0.045869	-0.0945882	-0.159511	-0.223201	-0.276061	-0.31223	-0.328445	-0.335991	-0.337977	-0.317963	-0.273902	-0.21616	-0.137005	-0.0222001	0.121464	0.268789	
-0.298628	-0.260522	-0.244163	-0.249229	-0.260989	-0.263879	-0.25387	-0.244679	-0.251074	-0.281216	-0.329841	-0.387162	-0.427239	-0.437902	-0.419716	-0.390452	-0.359261	-0.336438	-0.302912	-0.257007	-0.199349	-0.127232	-0.0170593	0.12314	0.269463	
-0.528915	-0.488713	-0.46436	-0.456962	-0.463684	-0.468307	-0.457696	-0.459266	-0.477213	-0.511407	-0.556835	-0.597487	-0.605087	-0.567595	-0.496636	-0.426576	-0.364188	-0.313804	-0.272138	-0.228732	-0.173799	-0.108949	-0.0145736	0.113603	0.249726	
-0.711541	-0.679907	-0.650991	-0.636592	-0.634026	-0.634614	-0.634068	-0.643647	-0.666549	-0.69968	-0.729898	-0.752106	-0.732021	-0.65544	-0.554412	-0.454472	-0.364136	-0.292003	-0.239364	-0.20359	-0.156196	-0.0963246	-0.0188883	0.0911301	0.216304	
-0.826808	-0.799937	-0.771884	-0.746521	-0.732899	-0.731275	-0.739391	-0.760395	-0.788875	-0.816573	-0.838582	-0.84242	-0.803079	-0.709885	-0.591506	-0.472271	-0.36659	-0.278181	-0.228724	-0.205835	-0.170235	-0.120079	-0.0499096	0.049236	0.163617	
-0.841445	-0.81362	-0.781722	-0.754571	-0.736236	-0.733717	-0.745463	-0.770267	-0.800534	-0.831823	-0.852063	-0.853514	-0.81383	-0.725233	-0.6083	-0.48548	-0.374834	-0.291673	-0.250339	-0.236919	-0.213043	-0.171017	-0.101062	-0.00475822	0.100458	
-0.757977	-0.718323	-0.679312	-0.651516	-0.637618	-0.635645	-0.644417	-0.666292	-0.702135	-0.742792	-0.776445	-0.790007	-0.767211	-0.700697	-0.603059	-0.494179	-0.402295	-0.34134	-0.316724	-0.307696	-0.288428	-0.249482	-0.178953	-0.0775464	0.0255519	
-0.600337	-0.541465	-0.488984	-0.455907	-0.443829	-0.441623	-0.449782	-0.472181	-0.519152	-0.577045	-0.631679	-0.669801	-0.677414	-0.642494	-0.577288	-0.501032	-0.439412	-0.410246	-0.409478	-0.409567	-0.397162	-0.364706	-0.295783	-0.191027	-0.0812229	
-0.389452	-0.312979	-0.244806	-0.196776	-0.174886	-0.172836	-0.185007	-0.22266	-0.283949	-0.358753	-0.436428	-0.505126	-0.548626	-0.557036	-0.533816	-0.502274	-0.475183	-0.474312	-0.496384	-0.517188	-0.521179	-0.499038	-0.438502	-0.339458	-0.224755	
-0.160688	-0.0665109	0.0167882	0.086692	0.126552	0.132754	0.106377	0.0477204	-0.032666	-0.121451	-0.220829	-0.317109	-0.396572	-0.448536	-0.477305	-0.49442	-0.507686	-0.536364	-0.583593	-0.629866	-0.656962	-0.64254	-0.585846	-0.491715	-0.378843	
0.0662499	0.17792	0.276065	0.35854	0.411341	0.421375	0.38412	0.31163	0.218738	0.112697	-0.0072164	-0.131652	-0.247679	-0.344903	-0.429812	-0.496269	-0.546972	-0.603454	-0.669947	-0.73118	-0.77437	-0.771595	-0.721199	-0.629775	-0.52101	
0.253238	0.394476	0.512362	0.609413	0.666472	0.675441	0.638049	0.554887	0.443416	0.312618	0.162134	0.0126434	-0.130257	-0.264618	-0.390332	-0.496813	-0.58271	-0.666555	-0.751586	-0.82238	-0.868028	-0.874516	-0.835204	-0.748037	-0.637223	
0.403428	0.567561	0.706853	0.807175	0.860645	0.868642	0.834416	0.752534	0.627067	0.47145	0.299612	0.127553	-0.0386037	-0.198574	-0.354428	-0.491461	-0.608547	-0.715973	-0.815458	-0.891076	-0.935174	-0.944026	-0.918209	-0.84533	-0.738078	
0.531283	0.699329	0.839776	0.936013	0.981618	0.988159	0.959406	0.884818	0.759785	0.600814	0.425559	0.244228	0.0606474	-0.115809	-0.290317	-0.453281	-0.599461	-0.730522	-0.841664	-0.925273	-0.972911	-0.97981	-0.958194	-0.899254	-0.803201	
0.628485	0.781238	0.907047	0.994391	1.03751	1.04293	1.01675	0.947069	0.835033	0.692472	0.530146	0.356307	0.172998	-0.00930704	-0.188193	-0.36982	-0.541449	-0.690949	-0.815458	-0.912303	-0.970612	-0.984835	-0.961232	-0.906648	-0.820808	
0.691799	0.819636	0.922164	0.991997	1.03281	1.03937	1.01266	0.953987	0.863988	0.745587	0.607604	0.453653	0.288519	0.116427	-0.0632635	-0.253691	-0.437558	-0.599797	-0.73472	-0.847005	-0.924546	-0.951747	-0.932252	-0.875865	-0.790386	
0.714977	0.816785	0.890915	0.938081	0.966716	0.972407	0.952183	0.912278	0.849603	0.758071	0.647577	0.527342	0.393166	0.242123	0.0681781	-0.12465	-0.308281	-0.472405	-0.614811	-0.739303	-0.834224	-0.876585	-0.866133	-0.812516	-0.731148	
0.69428	0.768072	0.81525	0.83814	0.847024	0.84793	0.843145	0.826943	0.789984	0.726106	0.645889	0.565442	0.469977	0.346765	0.192502	0.0114685	-0.167672	-0.327793	-0.475414	-0.609561	-0.714722	-0.771298	-0.771268	-0.726716	-0.659312	
0.641211	0.682889	0.707896	0.704763	0.693966	0.691812	0.699881	0.708936	0.696776	0.658606	0.615204	0.570677	0.510968	0.424341	0.301613	0.148408	-0.0164142	-0.174302	-0.320342	-0.456205	-0.57026	-0.64042	-0.658577	-0.632513	-0.587659	
0.569942	0.583488	0.581035	0.563028	0.539813	0.535115	0.552268	0.57574	0.58446	0.576448	0.563001	0.553491	0.52844	0.482368	0.401353	0.283291	0.140933	-0.00463234	-0.14641	-0.278639	-0.399431	-0.489551	-0.53489	-0.537585	-0.524989	
0.507467	0.489733	0.462903	0.428938	0.40124	0.396832	0.415981	0.449623	0.480145	0.50109	0.516061	0.532019	0.539862	0.53054	0.48399	0.400966	0.289947	0.172216	0.0447161	-0.0866923	-0.214093	-0.323142	-0.395347	-0.42768	-0.450322	
0.443449	0.404239	0.359322	0.31746	0.289588	0.284921	0.304203	0.341961	0.38603	0.428094	0.465077	0.501258	0.535268	0.554709	0.535311	0.481882	0.410761	0.327944	0.223474	0.0986683	-0.0321315	-0.147536	-0.235729	-0.294771	-0.352736	
0.373087	0.323605	0.27341	0.231515	0.201123	0.195829	0.217171	0.256213	0.302619	0.353721	0.402557	0.453827	0.502336	0.539705	0.545327	0.524414	0.4942	0.450621	0.374433	0.269237	0.147317	0.0319058	-0.0683589	-0.150934	-0.242292	
0.300139	0.247495	0.201716	0.159524	0.125853	0.118517	0.143996	0.184719	0.228574	0.278568	0.333678	0.392958	0.451313	0.500701	0.530438	0.542557	0.549397	0.541895	0.500752	0.425874	0.32654	0.215459	0.101894	-0.00246296	-0.120995	
0.230147	0.176844	0.129896	0.084955	0.0483499	0.0399951	0.0678011	0.11196	0.157104	0.208175	0.26683	0.331517	0.397422	0.458363	0.507255	0.544027	0.58455	0.611287	0.610606	0.574175	0.499604	0.400845	0.280706	0.154565	0.0129137	
0.164444	0.10646	0.0532945	0.00823926	-0.0249669	-0.0319436	-0.00687196	0.0347103	0.0841846	0.141064	0.20244	0.271905	0.343525	0.415552	0.483117	0.543258	0.61327	0.676502	0.711341	0.706979	0.657764	0.574555	0.457237	0.316524	0.146923	
0.10646	0.0401697	-0.0170864	-0.0602238	-0.0840783	-0.0880438	-0.0718819	-0.0363386	0.0152323	0.0794528	0.148062	0.219501	0.292578	0.371098	0.455167	0.544375	0.643491	0.737468	0.802381	0.824196	0.801083	0.738028	0.625505	0.469062	0.269852	
0.0532945	-0.0170864	-0.0779125	-0.11764	-0.135174	-0.137952	-0.126625	-0.0964445	-0.0438584	0.0244929	0.0989716	0.173697	0.243979	0.322579	0.419471	0.531936	0.658438	0.775223	0.865393	0.91561	0.918305	0.874463	0.768382	0.596088	0.374689	
0.00823926	-0.0602238	-0.11764	-0.157177	-0.17632	-0.178168	-0.167316	-0.13603	-0.0847463	-0.0198162	0.0531095	0.130879	0.201798	0.280536	0.38079	0.50784	0.647675	0.787951	0.902797	0.97673	0.999973	0.967415	0.86745	0.696423	0.462282	
-0.0249669	-0.0840783	-0.135174	-0.17632	-0.19798	-0.200766	-0.187759	-0.153468	-0.105162	-0.0497997	0.0173176	0.0949997	0.17052	0.252368	0.352731	0.482177	0.630723	0.787732	0.924575	1.01376	1.04264	1.01097	0.917562	0.752673	0.517909	
-0.0319436	-0.0880438	-0.137952	-0.178168	-0.200766	-0.203659	-0.189725	-0.155584	-0.10855	-0.0554481	0.009253	0.0871238	0.164333	0.247389	0.348279	0.477454	0.627342	0.787207	0.92859	1.02078	1.04858	1.01707	0.925078	0.761236	0.528201	
-0.00687196	-0.0718819	-0.126625	-0.167316	-0.187759	-0.189725	-0.178033	-0.145442	-0.0948974	-0.0341821	0.0367974	0.11449	0.187021	0.267092	0.367817	0.496273	0.639919	0.788485	0.913521	0.995009	1.02223	0.989821	0.892798	0.724985	0.489417	
0.0347103	-0.0363386	-0.0964445	-0.13603	-0.153468	-0.155584	-0.145442	-0.114606	-0.0626743	0.00568259	0.0808814	0.156446	0.226757	0.305138	0.403515	0.52403	0.656098	0.782895	0.882983	0.94317	0.955732	0.917989	0.813993	0.640559	0.412478	
0.0841846	0.0152323	-0.0438584	-0.0847463	-0.105162	-0.10855	-0.0948974	-0.0626743	-0.00999658	0.0557767	0.127604	0.200278	0.272204	0.351131	0.441747	0.540691	0.653039	0.75615	0.830905	0.863827	0.851249	0.796618	0.686889	0.522325	0.31318	
0.141064	0.0794528	0.0244929	-0.0198162	-0.0497997	-0.0554481	-0.0341821	0.00568259	0.0557767	0.116194	0.180031	0.250582	0.323429	0.398533	0.472523	0.545059	0.625673	0.703089	0.750107	0.756151	0.717882	0.642537	0.526587	0.3806	0.198441	
0.20244	0.148062	0.0989716	0.0531095	0.0173176	0.009253	0.0367974	0.0808814	0.127604	0.180031	0.240073	0.30654	0.374985	0.440955	0.497458	0.542912	0.595853	0.636515	0.651395	0.62909	0.564428	0.471002	0.351153	0.218723	0.0669081	
0.271905	0.219501	0.173697	0.130879	0.0949997	0.0871238	0.11449	0.156446	0.200278	0.250582	0.30654	0.368679	0.43007	0.484108	0.522294	0.544829	0.565232	0.571305	0.546373	0.487124	0.397168	0.290698	0.173087	0.0597716	-0.0677249	
0.343525	0.292578	0.243979	0.201798	0.17052	0.164333	0.187021	0.226757	0.272204	0.323429	0.374985	0.43007	0.482821	0.525521	0.541126	0.533748	0.519206	0.490768	0.427724	0.333016	0.219391	0.104621	-0.00102673	-0.092409	-0.195988	
0.415552	0.371098	0.322579	0.280536	0.252368	0.247389	0.267092	0.305138	0.351131	0.398533	0.440955	0.484108	0.525521	0.553509	0.543905	0.503258	0.449056	0.381135	0.28722	0.168507	0.0389224	-0.075859	-0.16863	-0.238009	-0.309504	
0.483117	0.455167	0.419471	0.38079	0.352731	0.348279	0.367817	0.403515	0.441747	0.472523	0.497458	0.522294	0.541126	0.543905	0.509065	0.437538	0.342615	0.238044	0.1192	-0.0106061	-0.140042	-0.25363	-0.333669	-0.376617	-0.413499	
0.543258	0.544375	0.531936	0.50784	0.482177	0.477454	0.496273	0.52403	0.540691	0.545059	0.542912	0.544829	0.533748	0.503258	0.437538	0.334614	0.202742	0.0665323	-0.0709735	-0.202625	-0.326154	-0.424982	-0.481232	-0.496509	-0.497622	
0.61327	0.643491	0.658438	0.647675	0.630723	0.627342	0.639919	0.656098	0.653039	0.625673	0.595853	0.565232	0.519206	0.449056	0.342615	0.202742	0.0466635	-0.108772	-0.253106	-0.387731	-0.504849	-0.582191	-0.610497	-0.595094	-0.562731	
0.676502	0.737468	0.775223	0.787951	0.787732	0.787207	0.788485	0.782895	0.75615	0.703089	0.636515	0.571305	0.490768	0.381135	0.238044	0.0665323	-0.108772	-0.267562	-0.415734	-0.551752	-0.660149	-0.721357	-0.727356	-0.689175	-0.62969	
0.711341	0.802381	0.865393	0.902797	0.924575	0.92859	0.913521	0.882983	0.830905	0.750107	0.651395	0.546373	0.427724	0.28722	0.1192	-0.0709735	-0.253106	-0.415734	-0.560808	-0.689835	-0.789315	-0.838136	-0.831308	-0.780412	-0.703422	
0.706979	0.824196	0.91561	0.97673	1.01376	1.02078	0.995009	0.94317	0.863827	0.756151	0.62909	0.487124	0.333016	0.168507	-0.0106061	-0.202625	-0.387731	-0.551752	-0.689835	-0.807073	-0.892913	-0.925902	-0.910061	-0.853338	-0.76827	
0.657764	0.801083	0.918305	0.999973	1.04264	1.04858	1.02223	0.955732	0.851249	0.717882	0.564428	0.397168	0.219391	0.0389224	-0.140042	-0.326154	-0.504849	-0.660149	-0.789315	-0.892913	-0.957875	-0.977156	-0.954308	-0.898625	-0.814184	
0.574555	0.738028	0.874463	0.967415	1.01097	1.01707	0.989821	0.917989	0.796618	0.642537	0.471002	0.290698	0.104621	-0.075859	-0.25363	-0.424982	-0.582191	-0.721357	-0.838136	-0.925902	-0.977156	-0.985255	-0.961964	-0.907221	-0.816225	
0.457237	0.625505	0.768382	0.86745	0.917562	0.925078	0.892798	0.813993	0.686889	0.526587	0.351153	0.173087	-0.00102673	-0.16863	-0.333669	-0.481232	-0.610497	-0.727356	-0.831308	-0.910061	-0.954308	-0.961964	-0.940234	-0.872876	-0.769952	
0.316524	0.469062	0.596088	0.696423	0.752673	0.761236	0.724985	0.640559	0.522325	0.3806	0.218723	0.0597716	-0.092409	-0.238009	-0.376617	-0.496509	-0.595094	-0.689175	-0.780412	-0.853338	-0.898625	-0.907221	-0.872876	-0.790559	-0.679016	
0.146923	0.269852	0.374689	0.462282	0.517909	0.528201	0.489417	0.412478	0.31318	0.198441	0.0669081	-0.0677249	-0.195988	-0.309504	-0.413499	-0.497622	-0.562731	-0.62969	-0.703422	-0.76827	-0.814184	-0.816225	-0.769952	-0.679016	-0.570444	
