-0.170162	-0.167353	-0.189433	-0.232217	-0.283197	-0.316291	-0.334535	-0.352886	-0.375328	-0.40731	-0.444083	-0.457761	-0.452949	-0.444646	-0.416668	-0.36039	-0.294576	-0.232669	-0.157297	-0.0586554	0.0625459	0.187265	0.31827	0.457204	0.606493	
-0.167353	-0.152982	-0.169469	-0.200921	-0.235686	-0.267732	-0.292219	-0.311873	-0.329546	-0.36394	-0.409844	-0.439082	-0.458403	-0.478371	-0.474265	-0.436436	-0.384292	-0.331611	-0.264098	-0.1735	-0.0540291	0.0751617	0.216274	0.367422	0.530399	
-0.189433	-0.169469	-0.169823	-0.181607	-0.205156	-0.240268	-0.262724	-0.274167	-0.287928	-0.317755	-0.356196	-0.387488	-0.423548	-0.463483	-0.479799	-0.464316	-0.430016	-0.385842	-0.325579	-0.242503	-0.129571	0.00361422	0.151032	0.308531	0.46923	
-0.232217	-0.200921	-0.181607	-0.176584	-0.191823	-0.21597	-0.230253	-0.241379	-0.256299	-0.271641	-0.291241	-0.319032	-0.362054	-0.405982	-0.436349	-0.441804	-0.427219	-0.392471	-0.340977	-0.268087	-0.165487	-0.0351764	0.114002	0.267033	0.416371	
-0.283197	-0.235686	-0.205156	-0.191823	-0.189342	-0.1951	-0.204973	-0.219791	-0.231119	-0.230619	-0.234541	-0.255424	-0.287986	-0.324224	-0.359118	-0.376933	-0.373354	-0.348269	-0.306672	-0.245031	-0.157509	-0.0400645	0.097156	0.235046	0.364191	
-0.316291	-0.267732	-0.240268	-0.21597	-0.1951	-0.190897	-0.195823	-0.207187	-0.213578	-0.205459	-0.198071	-0.202004	-0.215904	-0.240221	-0.269492	-0.282117	-0.278043	-0.260767	-0.225458	-0.173338	-0.10299	-0.0133131	0.0943509	0.202281	0.303217	
-0.334535	-0.292219	-0.262724	-0.230253	-0.204973	-0.195823	-0.192498	-0.200109	-0.205797	-0.195552	-0.175451	-0.160772	-0.156972	-0.168463	-0.180852	-0.175637	-0.166212	-0.149841	-0.116244	-0.0674966	-0.0182928	0.0341578	0.0932805	0.157574	0.217816	
-0.352886	-0.311873	-0.274167	-0.241379	-0.219791	-0.207187	-0.200109	-0.205123	-0.211012	-0.199568	-0.169213	-0.134081	-0.111368	-0.102664	-0.0888073	-0.0635067	-0.0433719	-0.0220332	0.0160907	0.0603025	0.0898392	0.100706	0.103664	0.111554	0.119053	
-0.375328	-0.329546	-0.287928	-0.256299	-0.231119	-0.213578	-0.205797	-0.211012	-0.221161	-0.214984	-0.174771	-0.122388	-0.0802631	-0.0422401	0.00193712	0.0488829	0.0817288	0.114099	0.1521	0.187913	0.197131	0.172549	0.122724	0.0712276	0.0195905	
-0.40731	-0.36394	-0.317755	-0.271641	-0.230619	-0.205459	-0.195552	-0.199568	-0.214984	-0.210429	-0.167925	-0.113649	-0.054025	0.0171832	0.0931143	0.157585	0.20778	0.247368	0.277468	0.293047	0.279555	0.226064	0.136171	0.0328255	-0.0732127	
-0.444083	-0.409844	-0.356196	-0.291241	-0.234541	-0.198071	-0.175451	-0.169213	-0.174771	-0.167925	-0.137421	-0.0911992	-0.0178087	0.0800772	0.173739	0.255651	0.321164	0.363345	0.37496	0.361981	0.319358	0.241809	0.126013	-0.0128799	-0.156518	
-0.457761	-0.439082	-0.387488	-0.319032	-0.255424	-0.202004	-0.160772	-0.134081	-0.122388	-0.113649	-0.0911992	-0.0481441	0.0297169	0.126669	0.227056	0.321351	0.395298	0.429822	0.422651	0.381404	0.309126	0.211299	0.0818492	-0.0715	-0.229144	
-0.452949	-0.458403	-0.423548	-0.362054	-0.287986	-0.215904	-0.156972	-0.111368	-0.0802631	-0.054025	-0.0178087	0.0297169	0.0904281	0.172232	0.270116	0.362223	0.420816	0.438373	0.41599	0.354035	0.258762	0.145085	0.0113881	-0.138196	-0.289409	
-0.444646	-0.478371	-0.463483	-0.405982	-0.324224	-0.240221	-0.168463	-0.102664	-0.0422401	0.0171832	0.0800772	0.126669	0.172232	0.240919	0.325709	0.386983	0.410861	0.404376	0.366263	0.290938	0.183813	0.0635644	-0.0666494	-0.199261	-0.333666	
-0.416668	-0.474265	-0.479799	-0.436349	-0.359118	-0.269492	-0.180852	-0.0888073	0.00193712	0.0931143	0.173739	0.227056	0.270116	0.325709	0.375177	0.391035	0.376551	0.339401	0.278655	0.192095	0.0845743	-0.0331321	-0.150883	-0.261264	-0.37557	
-0.36039	-0.436436	-0.464316	-0.441804	-0.376933	-0.282117	-0.175637	-0.0635067	0.0488829	0.157585	0.255651	0.321351	0.362223	0.386983	0.391035	0.365887	0.316383	0.245422	0.158279	0.0626893	-0.0429354	-0.150808	-0.252036	-0.340817	-0.433625	
-0.294576	-0.384292	-0.430016	-0.427219	-0.373354	-0.278043	-0.166212	-0.0433719	0.0817288	0.20778	0.321164	0.395298	0.420816	0.410861	0.376551	0.316383	0.23554	0.138073	0.0354992	-0.0685827	-0.172319	-0.269711	-0.355694	-0.429945	-0.495779	
-0.232669	-0.331611	-0.385842	-0.392471	-0.348269	-0.260767	-0.149841	-0.0220332	0.114099	0.247368	0.363345	0.429822	0.438373	0.404376	0.339401	0.245422	0.138073	0.0301767	-0.0774173	-0.184178	-0.284867	-0.371578	-0.449901	-0.512378	-0.5466	
-0.157297	-0.264098	-0.325579	-0.340977	-0.306672	-0.225458	-0.116244	0.0160907	0.1521	0.277468	0.37496	0.422651	0.41599	0.366263	0.278655	0.158279	0.0354992	-0.0774173	-0.183076	-0.285317	-0.375917	-0.454819	-0.52427	-0.57011	-0.57206	
-0.0586554	-0.1735	-0.242503	-0.268087	-0.245031	-0.173338	-0.0674966	0.0603025	0.187913	0.293047	0.361981	0.381404	0.354035	0.290938	0.192095	0.0626893	-0.0685827	-0.184178	-0.285317	-0.37523	-0.455567	-0.522616	-0.571454	-0.587402	-0.56773	
0.0625459	-0.0540291	-0.129571	-0.165487	-0.157509	-0.10299	-0.0182928	0.0898392	0.197131	0.279555	0.319358	0.309126	0.258762	0.183813	0.0845743	-0.0429354	-0.172319	-0.284867	-0.375917	-0.455567	-0.523249	-0.5687	-0.580357	-0.56411	-0.533662	
0.187265	0.0751617	0.00361422	-0.0351764	-0.0400645	-0.0133131	0.0341578	0.100706	0.172549	0.226064	0.241809	0.211299	0.145085	0.0635644	-0.0331321	-0.150808	-0.269711	-0.371578	-0.454819	-0.522616	-0.5687	-0.578887	-0.556147	-0.517948	-0.48412	
0.31827	0.216274	0.151032	0.114002	0.097156	0.0943509	0.0932805	0.103664	0.122724	0.136171	0.126013	0.0818492	0.0113881	-0.0666494	-0.150883	-0.252036	-0.355694	-0.449901	-0.52427	-0.571454	-0.580357	-0.556147	-0.513896	-0.470379	-0.429712	
0.457204	0.367422	0.308531	0.267033	0.235046	0.202281	0.157574	0.111554	0.0712276	0.0328255	-0.0128799	-0.0715	-0.138196	-0.199261	-0.261264	-0.340817	-0.429945	-0.512378	-0.57011	-0.587402	-0.56411	-0.517948	-0.470379	-0.424064	-0.376815	
0.606493	0.530399	0.46923	0.416371	0.364191	0.303217	0.217816	0.119053	0.0195905	-0.0732127	-0.156518	-0.229144	-0.289409	-0.333666	-0.37557	-0.433625	-0.495779	-0.5466	-0.57206	-0.56773	-0.533662	-0.48412	-0.429712	-0.376815	-0.325156	
0.753343	0.691385	0.631082	0.563498	0.48565	0.388269	0.257601	0.106644	-0.0449118	-0.180618	-0.29124	-0.374453	-0.434861	-0.474816	-0.506153	-0.538118	-0.555388	-0.552226	-0.538494	-0.521463	-0.495478	-0.451343	-0.39253	-0.331176	-0.281806	
0.887868	0.848419	0.790524	0.706997	0.595256	0.453046	0.274301	0.0791392	-0.108149	-0.271491	-0.403301	-0.502231	-0.573308	-0.615294	-0.634207	-0.634543	-0.603799	-0.550321	-0.498709	-0.466921	-0.442532	-0.408181	-0.355954	-0.300574	-0.258084	
0.995282	0.981519	0.929567	0.826295	0.67741	0.492672	0.277651	0.0572445	-0.148552	-0.33073	-0.485591	-0.607417	-0.690706	-0.72775	-0.724435	-0.693694	-0.631553	-0.548208	-0.468477	-0.41057	-0.373055	-0.343053	-0.31198	-0.279867	-0.256936	
1.07554	1.07925	1.02712	0.908884	0.734122	0.521055	0.282917	0.0454832	-0.174015	-0.372875	-0.54877	-0.688754	-0.779094	-0.805841	-0.781038	-0.727495	-0.648649	-0.552279	-0.453828	-0.371441	-0.311236	-0.277499	-0.264404	-0.2661	-0.273453	
1.12615	1.13308	1.08057	0.955674	0.769761	0.542693	0.288471	0.0357258	-0.198265	-0.409818	-0.595858	-0.743119	-0.834114	-0.855739	-0.819548	-0.753636	-0.664575	-0.560208	-0.453231	-0.356376	-0.280087	-0.235739	-0.230753	-0.256963	-0.293291	
1.13553	1.14288	1.08909	0.963724	0.777079	0.547763	0.290905	0.0339466	-0.203452	-0.417414	-0.605152	-0.75231	-0.844064	-0.864817	-0.828025	-0.759828	-0.668554	-0.562712	-0.454199	-0.356038	-0.27612	-0.22981	-0.224851	-0.256451	-0.298293	
1.1	1.10591	1.05411	0.932027	0.750833	0.530732	0.284824	0.0410002	-0.184864	-0.389778	-0.570574	-0.714689	-0.805112	-0.829803	-0.799061	-0.739461	-0.655273	-0.554777	-0.452251	-0.362557	-0.294972	-0.256251	-0.247832	-0.260998	-0.282049	
1.03025	1.02555	0.973832	0.86373	0.702792	0.504543	0.279501	0.0518582	-0.158888	-0.347719	-0.512182	-0.642284	-0.729818	-0.762244	-0.749819	-0.708564	-0.638758	-0.549039	-0.46053	-0.392268	-0.345608	-0.315563	-0.292417	-0.273995	-0.262178	
0.934679	0.905259	0.850271	0.758911	0.631607	0.471337	0.275739	0.0687227	-0.127404	-0.298833	-0.439444	-0.547914	-0.623924	-0.665269	-0.675217	-0.662733	-0.617232	-0.549373	-0.48525	-0.44344	-0.41579	-0.383882	-0.339499	-0.290927	-0.254785	
0.809575	0.755751	0.695679	0.62199	0.531795	0.417183	0.267561	0.0967228	-0.0715582	-0.220179	-0.339497	-0.427402	-0.491778	-0.532458	-0.560255	-0.57955	-0.576889	-0.55182	-0.522343	-0.500629	-0.476834	-0.436906	-0.37855	-0.31734	-0.269597	
0.666239	0.594972	0.533866	0.475137	0.413206	0.339089	0.236042	0.116662	-0.00509235	-0.117226	-0.212555	-0.289388	-0.347693	-0.389373	-0.426026	-0.474704	-0.519996	-0.550744	-0.560973	-0.550903	-0.519192	-0.470798	-0.414085	-0.35682	-0.305667	
0.515628	0.431703	0.372832	0.327619	0.288181	0.243903	0.183268	0.115575	0.0518427	-0.00882279	-0.0704407	-0.134881	-0.199231	-0.252063	-0.305597	-0.376475	-0.457452	-0.530092	-0.576752	-0.583688	-0.552897	-0.503731	-0.454087	-0.406	-0.35632	
0.373301	0.275548	0.21344	0.175542	0.153162	0.13849	0.118468	0.105765	0.101202	0.0952247	0.0720943	0.0218822	-0.0475772	-0.120192	-0.195428	-0.288765	-0.386932	-0.47805	-0.546966	-0.58207	-0.576072	-0.541087	-0.496441	-0.452107	-0.408656	
0.238541	0.129993	0.0610163	0.0227151	0.0129584	0.02793	0.0575934	0.102462	0.154751	0.193143	0.199598	0.163827	0.0941632	0.0126949	-0.0808653	-0.192335	-0.305761	-0.403715	-0.48402	-0.544719	-0.577462	-0.573104	-0.540567	-0.498595	-0.462632	
0.112425	-0.00328351	-0.0782913	-0.116444	-0.114105	-0.0698357	0.00134201	0.0960725	0.191254	0.262842	0.292422	0.273131	0.215546	0.136572	0.0381213	-0.0864928	-0.211959	-0.320631	-0.40802	-0.483868	-0.544998	-0.577603	-0.573711	-0.546194	-0.514429	
-0.0122982	-0.128838	-0.200503	-0.230223	-0.212704	-0.147112	-0.0474423	0.0742602	0.196025	0.292021	0.348821	0.355922	0.318954	0.250824	0.150502	0.0214337	-0.110423	-0.225496	-0.323728	-0.40901	-0.485278	-0.545072	-0.580179	-0.581991	-0.557173	
-0.120477	-0.230715	-0.295351	-0.31523	-0.284926	-0.20602	-0.097554	0.0340757	0.167327	0.285875	0.372536	0.409808	0.395682	0.340534	0.247062	0.120999	-0.00561182	-0.120318	-0.225063	-0.322872	-0.408652	-0.483574	-0.546907	-0.582161	-0.573873	
-0.2055	-0.307811	-0.363955	-0.373705	-0.334011	-0.249732	-0.138543	-0.0083702	0.129154	0.260469	0.371639	0.431836	0.434373	0.39384	0.318638	0.212494	0.0973634	-0.0125837	-0.120599	-0.226162	-0.323192	-0.406081	-0.482403	-0.539626	-0.560693	
-0.269619	-0.363485	-0.413458	-0.415424	-0.365453	-0.27301	-0.161875	-0.0361959	0.0938681	0.224525	0.341095	0.414371	0.432319	0.411408	0.364241	0.290397	0.19771	0.094465	-0.0110808	-0.116834	-0.219707	-0.312612	-0.39495	-0.464848	-0.51849	
-0.333797	-0.416475	-0.452497	-0.438233	-0.37739	-0.281792	-0.172032	-0.0547923	0.0638427	0.179214	0.284323	0.35495	0.390841	0.400567	0.387917	0.348636	0.286155	0.202902	0.10801	0.00922218	-0.0960545	-0.199952	-0.294576	-0.376168	-0.459202	
-0.397295	-0.46201	-0.475979	-0.441805	-0.369523	-0.276865	-0.180428	-0.0791991	0.0212558	0.12071	0.207666	0.265999	0.30937	0.354804	0.385463	0.384176	0.355292	0.304841	0.232983	0.143294	0.0361699	-0.0785887	-0.190001	-0.290483	-0.396447	
-0.437125	-0.481842	-0.474434	-0.42014	-0.338953	-0.253163	-0.174907	-0.0983875	-0.0248496	0.048443	0.119269	0.166904	0.210416	0.275519	0.348517	0.39169	0.400252	0.382165	0.335922	0.255992	0.147963	0.0272015	-0.0990568	-0.222761	-0.349117	
-0.450125	-0.466964	-0.439802	-0.380314	-0.30217	-0.224404	-0.160524	-0.107095	-0.0656681	-0.0272287	0.0197162	0.0671214	0.119851	0.196119	0.290726	0.373983	0.419996	0.429237	0.400357	0.332841	0.231183	0.114307	-0.0194431	-0.163292	-0.308839	
-0.456536	-0.446585	-0.401399	-0.335099	-0.267219	-0.206008	-0.157453	-0.122671	-0.103716	-0.0908811	-0.0656791	-0.0203545	0.0523427	0.143496	0.243422	0.339605	0.410994	0.439681	0.426024	0.374678	0.292432	0.187596	0.0560156	-0.0985344	-0.255595	
-0.45372	-0.424635	-0.368379	-0.300784	-0.241446	-0.198749	-0.168898	-0.154588	-0.153741	-0.146716	-0.121688	-0.0776495	0.000194987	0.101029	0.198095	0.285894	0.356717	0.397627	0.40107	0.376405	0.320892	0.235499	0.112755	-0.0341041	-0.186881	
