0.0963241	-0.0118396	-0.119778	-0.202651	-0.260231	-0.272447	-0.229048	-0.156015	-0.0568216	0.055562	0.145843	0.19763	0.212588	0.183353	0.128449	0.0622491	-0.0022919	-0.057503	-0.0880066	-0.0954688	-0.072371	-0.0207255	0.0491624	0.120634	0.187501	
0.090897	-0.0470196	-0.183671	-0.287679	-0.359782	-0.373149	-0.321404	-0.228808	-0.104724	0.0392247	0.158717	0.246348	0.297376	0.301194	0.267717	0.219366	0.158262	0.0920204	0.0357555	0.00262134	-0.00295932	0.0187195	0.0610127	0.108755	0.150018	
0.136967	-0.0245031	-0.184491	-0.310501	-0.394652	-0.409984	-0.350064	-0.239111	-0.0919013	0.0756319	0.218081	0.328639	0.401667	0.429598	0.412765	0.367624	0.294629	0.207353	0.120164	0.0545507	0.0219358	0.0189669	0.0409892	0.0737139	0.103852	
0.216659	0.0367086	-0.137903	-0.279726	-0.368219	-0.385527	-0.322317	-0.200219	-0.0351352	0.146634	0.311779	0.442669	0.528438	0.560214	0.543257	0.483706	0.383588	0.264597	0.145789	0.0493844	-0.0105069	-0.0302168	-0.0212694	0.00444304	0.0273992	
0.322602	0.132419	-0.0530552	-0.201159	-0.288017	-0.302311	-0.244624	-0.118015	0.0554007	0.248401	0.42687	0.571435	0.657421	0.680339	0.641447	0.553855	0.420762	0.265662	0.110618	-0.0139344	-0.0964656	-0.13601	-0.141932	-0.121987	-0.0966131	
0.450757	0.263299	0.0778041	-0.0753801	-0.163446	-0.177897	-0.119218	0.010913	0.187122	0.376646	0.555338	0.693073	0.767	0.775105	0.716991	0.595977	0.429229	0.240511	0.0503541	-0.111202	-0.219885	-0.273255	-0.287294	-0.26774	-0.23573	
0.591547	0.423521	0.249104	0.0941807	0.00263018	-0.0137773	0.0485565	0.182122	0.354153	0.525538	0.682746	0.798354	0.853845	0.847159	0.774662	0.630253	0.430852	0.204509	-0.0179355	-0.207676	-0.34001	-0.406862	-0.425881	-0.409657	-0.370145	
0.733867	0.587699	0.430106	0.290018	0.205748	0.191102	0.248522	0.369382	0.52496	0.677331	0.809137	0.894508	0.927561	0.902422	0.814601	0.651486	0.433526	0.175356	-0.0752467	-0.28628	-0.430377	-0.511537	-0.540109	-0.533244	-0.497008	
0.868483	0.739423	0.605605	0.491577	0.419485	0.407564	0.456344	0.556579	0.68474	0.819777	0.931687	0.996067	1.00236	0.954843	0.844093	0.670243	0.445149	0.180427	-0.0900085	-0.323358	-0.485646	-0.579831	-0.620269	-0.62884	-0.599977	
0.988251	0.878853	0.763823	0.663693	0.597804	0.585986	0.63187	0.720938	0.832391	0.947822	1.03773	1.08443	1.07709	1.01501	0.889217	0.708224	0.479402	0.215551	-0.0595701	-0.307506	-0.496763	-0.614545	-0.669119	-0.685882	-0.66555	
1.07572	0.979711	0.871009	0.769498	0.703205	0.690309	0.738694	0.827148	0.937159	1.04048	1.11521	1.14674	1.13655	1.07643	0.95612	0.776702	0.543642	0.274188	-0.00555943	-0.25531	-0.459266	-0.599966	-0.678653	-0.706338	-0.703715	
1.11922	1.02298	0.910788	0.802982	0.734248	0.721588	0.770342	0.864332	0.979759	1.08337	1.16233	1.1988	1.19461	1.14129	1.03656	0.867308	0.64271	0.37178	0.0904305	-0.168397	-0.376843	-0.537874	-0.645506	-0.697288	-0.710732	
1.11752	1.00562	0.879093	0.760465	0.693336	0.681533	0.726582	0.827428	0.957044	1.07485	1.17281	1.2309	1.24189	1.20434	1.11901	0.970617	0.76316	0.50599	0.230699	-0.0346404	-0.256817	-0.434182	-0.566214	-0.651536	-0.69102	
1.06818	0.934238	0.78699	0.655184	0.581476	0.570909	0.616654	0.730537	0.876015	1.01637	1.13948	1.22615	1.25881	1.24919	1.19073	1.07151	0.890893	0.658887	0.396362	0.1316	-0.102249	-0.293408	-0.442939	-0.554541	-0.62375	
0.979297	0.824227	0.660862	0.51214	0.424261	0.41063	0.467859	0.597166	0.759419	0.917871	1.06752	1.18294	1.24729	1.26927	1.24371	1.1564	1.01018	0.810495	0.574029	0.324001	0.0870415	-0.114151	-0.277149	-0.404976	-0.49804	
0.880274	0.702931	0.52152	0.359607	0.262475	0.245969	0.311591	0.451252	0.630372	0.810265	0.979205	1.11506	1.21188	1.27052	1.27786	1.22167	1.11227	0.949798	0.751051	0.530891	0.309982	0.105548	-0.0672257	-0.212623	-0.313459	
0.793916	0.593722	0.399532	0.231791	0.129117	0.10975	0.182296	0.32621	0.515433	0.714369	0.902347	1.05306	1.17113	1.25658	1.29563	1.27614	1.20485	1.07941	0.916823	0.739389	0.551634	0.360921	0.186242	0.0334298	-0.0794262	
0.728308	0.518838	0.317633	0.147457	0.0396579	0.02061	0.0953204	0.243612	0.436701	0.645617	0.844117	1.01019	1.14244	1.24207	1.29998	1.31126	1.27704	1.19548	1.07234	0.931557	0.782376	0.622036	0.458207	0.310077	0.194319	
0.695168	0.48631	0.278073	0.104284	-0.000366622	-0.0171316	0.0526426	0.201882	0.401221	0.613271	0.813476	0.984869	1.12479	1.22972	1.30046	1.33246	1.32589	1.27879	1.19935	1.09686	0.984405	0.858685	0.719416	0.586644	0.473969	
0.681166	0.477917	0.271048	0.0929673	-0.0113156	-0.0283148	0.0407815	0.193782	0.394214	0.600694	0.798207	0.96959	1.1063	1.21231	1.29065	1.33359	1.34076	1.31768	1.27705	1.21408	1.13792	1.04675	0.941464	0.826586	0.724862	
0.667581	0.473319	0.273458	0.0929092	-0.0138359	-0.0318798	0.0392725	0.195983	0.394227	0.589787	0.780905	0.951654	1.08461	1.18443	1.25811	1.30307	1.31939	1.31371	1.30039	1.27779	1.23757	1.17826	1.10233	1.01296	0.923704	
0.648895	0.452334	0.251366	0.0767713	-0.022417	-0.0385595	0.0267771	0.174743	0.372212	0.571551	0.757348	0.914376	1.03801	1.13427	1.19964	1.23643	1.25691	1.26806	1.27585	1.28217	1.27374	1.24765	1.20149	1.13575	1.06405	
0.604428	0.40311	0.205905	0.0411523	-0.0598844	-0.0767728	-0.00852136	0.134024	0.322632	0.52532	0.713154	0.856295	0.962624	1.0506	1.11296	1.14393	1.1642	1.18044	1.19858	1.22782	1.25521	1.26374	1.24644	1.20232	1.14139	
0.516415	0.32619	0.140372	-0.0261159	-0.139098	-0.159841	-0.0801137	0.0699745	0.250724	0.440657	0.623609	0.767618	0.868007	0.943002	0.996715	1.02218	1.03725	1.05651	1.08719	1.1343	1.19357	1.23654	1.24816	1.22096	1.17001	
0.396612	0.21774	0.0263291	-0.144098	-0.250205	-0.268039	-0.196166	-0.0468948	0.141177	0.327478	0.495293	0.638667	0.746002	0.809597	0.842936	0.863706	0.879571	0.901657	0.943511	1.00756	1.08777	1.16013	1.19822	1.19408	1.15536	
0.247741	0.0617018	-0.139524	-0.306508	-0.398697	-0.413328	-0.352845	-0.213977	-0.0193165	0.17761	0.341367	0.471336	0.574218	0.63624	0.661111	0.675577	0.689156	0.711217	0.763684	0.844392	0.939256	1.0354	1.10396	1.124	1.09859	
0.0617018	-0.126855	-0.319716	-0.484778	-0.586061	-0.603028	-0.534939	-0.391259	-0.204583	-0.0114696	0.160352	0.288199	0.375918	0.43596	0.467358	0.476766	0.481988	0.501395	0.557824	0.657013	0.775885	0.892789	0.982863	1.02385	1.004	
-0.139524	-0.319716	-0.502039	-0.67284	-0.782178	-0.801083	-0.72659	-0.574146	-0.391818	-0.21208	-0.0357612	0.102813	0.182993	0.234329	0.269129	0.273308	0.271765	0.297002	0.361547	0.468741	0.605542	0.739471	0.848213	0.90667	0.895636	
-0.306508	-0.484778	-0.67284	-0.843336	-0.947133	-0.964076	-0.895324	-0.745748	-0.559309	-0.376756	-0.205444	-0.0662946	0.0187105	0.0653784	0.0895739	0.0928189	0.0960169	0.126156	0.192924	0.303676	0.450102	0.601046	0.72452	0.794875	0.791659	
-0.398697	-0.586061	-0.782178	-0.947133	-1.04876	-1.06656	-0.996731	-0.854207	-0.665805	-0.469973	-0.304132	-0.180077	-0.0872946	-0.0322544	-0.0155237	-0.0131762	-0.00635121	0.0185576	0.0869355	0.20471	0.357844	0.521619	0.656869	0.726534	0.724245	
-0.413328	-0.603028	-0.801083	-0.964076	-1.06656	-1.08428	-1.01347	-0.872328	-0.6842	-0.484778	-0.320634	-0.200361	-0.105499	-0.0478291	-0.0335006	-0.0305385	-0.0225277	0.0004022	0.0668068	0.18733	0.343162	0.510173	0.645355	0.714419	0.711068	
-0.352845	-0.534939	-0.72659	-0.895324	-0.996731	-1.01347	-0.945422	-0.79992	-0.611567	-0.423555	-0.25464	-0.120945	-0.032386	0.0158297	0.036861	0.0400599	0.0448632	0.0732684	0.142164	0.25508	0.404163	0.560199	0.689466	0.761465	0.76044	
-0.213977	-0.391259	-0.574146	-0.745748	-0.854207	-0.872328	-0.79992	-0.646725	-0.463127	-0.284846	-0.110372	0.0314353	0.112397	0.160101	0.191199	0.195579	0.194758	0.222835	0.288017	0.396986	0.538429	0.680175	0.794407	0.858641	0.850679	
-0.0193165	-0.204583	-0.391818	-0.559309	-0.665805	-0.6842	-0.611567	-0.463127	-0.279721	-0.0927504	0.0820898	0.213578	0.296719	0.354655	0.389244	0.395217	0.396287	0.417591	0.478292	0.581618	0.708223	0.831904	0.930927	0.978723	0.961941	
0.17761	-0.0114696	-0.21208	-0.376756	-0.469973	-0.484778	-0.423555	-0.284846	-0.0927504	0.105784	0.272362	0.399016	0.495629	0.558122	0.583808	0.59614	0.607745	0.628906	0.681763	0.770316	0.874581	0.979647	1.0574	1.08628	1.06352	
0.341367	0.160352	-0.0357612	-0.205444	-0.304132	-0.320634	-0.25464	-0.110372	0.0820898	0.272362	0.437377	0.575315	0.682709	0.744197	0.772954	0.791128	0.807103	0.828847	0.876168	0.946372	1.03257	1.1144	1.16513	1.17114	1.13839	
0.471336	0.288199	0.102813	-0.0662946	-0.180077	-0.200361	-0.120945	0.0314353	0.213578	0.399016	0.575315	0.721377	0.824839	0.894402	0.939434	0.963604	0.977986	0.998715	1.03354	1.08838	1.15712	1.21311	1.23388	1.21535	1.16894	
0.574218	0.375918	0.182993	0.0187105	-0.0872946	-0.105499	-0.032386	0.112397	0.296719	0.495629	0.682709	0.824839	0.926802	1.01006	1.07024	1.0991	1.11711	1.13471	1.15808	1.19463	1.23507	1.25772	1.25272	1.21601	1.15921	
0.63624	0.43596	0.234329	0.0653784	-0.0322544	-0.0478291	0.0158297	0.160101	0.354655	0.558122	0.744197	0.894402	1.01006	1.10438	1.16804	1.20284	1.22351	1.23802	1.25	1.26618	1.27191	1.25991	1.22525	1.16791	1.1014	
0.661111	0.467358	0.269129	0.0895739	-0.0155237	-0.0335006	0.036861	0.191199	0.389244	0.583808	0.772954	0.939434	1.07024	1.16804	1.23883	1.27995	1.29892	1.30055	1.29773	1.28722	1.2601	1.21352	1.14978	1.07006	0.98755	
0.675577	0.476766	0.273308	0.0928189	-0.0131762	-0.0305385	0.0400599	0.195579	0.395217	0.59614	0.791128	0.963604	1.0991	1.20284	1.27995	1.32529	1.33672	1.32111	1.29181	1.24593	1.18439	1.1065	1.01294	0.907759	0.810959	
0.689156	0.481988	0.271765	0.0960169	-0.00635121	-0.0225277	0.0448632	0.194758	0.396287	0.607745	0.807103	0.977986	1.11711	1.22351	1.29892	1.33672	1.3365	1.29955	1.23677	1.15068	1.05237	0.940618	0.814502	0.689005	0.579608	
0.711217	0.501395	0.297002	0.126156	0.0185576	0.0004022	0.0732684	0.222835	0.417591	0.628906	0.828847	0.998715	1.13471	1.23802	1.30055	1.32111	1.29955	1.23424	1.12838	1.00242	0.867709	0.721006	0.565474	0.422557	0.307953	
0.763684	0.557824	0.361547	0.192924	0.0869355	0.0668068	0.142164	0.288017	0.478292	0.681763	0.876168	1.03354	1.15808	1.25	1.29773	1.29181	1.23677	1.12838	0.980446	0.818498	0.646172	0.466505	0.29442	0.142506	0.0265356	
0.844392	0.657013	0.468741	0.303676	0.20471	0.18733	0.25508	0.396986	0.581618	0.770316	0.946372	1.08838	1.19463	1.26618	1.28722	1.24593	1.15068	1.00242	0.818498	0.615285	0.406053	0.205044	0.0299591	-0.120622	-0.225387	
0.939256	0.775885	0.605542	0.450102	0.357844	0.343162	0.404163	0.538429	0.708223	0.874581	1.03257	1.15712	1.23507	1.27191	1.2601	1.18439	1.05237	0.867709	0.646172	0.406053	0.172746	-0.0311711	-0.198676	-0.333645	-0.430699	
1.0354	0.892789	0.739471	0.601046	0.521619	0.510173	0.560199	0.680175	0.831904	0.979647	1.1144	1.21311	1.25772	1.25991	1.21352	1.1065	0.940618	0.721006	0.466505	0.205044	-0.0311711	-0.226938	-0.382047	-0.500688	-0.580634	
1.10396	0.982863	0.848213	0.72452	0.656869	0.645355	0.689466	0.794407	0.930927	1.0574	1.16513	1.23388	1.25272	1.22525	1.14978	1.01294	0.814502	0.565474	0.29442	0.0299591	-0.198676	-0.382047	-0.52198	-0.618954	-0.671147	
1.124	1.02385	0.90667	0.794875	0.726534	0.714419	0.761465	0.858641	0.978723	1.08628	1.17114	1.21535	1.21601	1.16791	1.07006	0.907759	0.689005	0.422557	0.142506	-0.120622	-0.333645	-0.500688	-0.618954	-0.684156	-0.706473	
1.09859	1.004	0.895636	0.791659	0.724245	0.711068	0.76044	0.850679	0.961941	1.06352	1.13839	1.16894	1.15921	1.1014	0.98755	0.810959	0.579608	0.307953	0.0265356	-0.225387	-0.430699	-0.580634	-0.671147	-0.706473	-0.710243	
