-0.46463	-0.303218	-0.159811	-0.0443943	0.0300932	0.0416582	-0.00774272	-0.109962	-0.242934	-0.398994	-0.562889	-0.715575	-0.842822	-0.933793	-0.994418	-1.01425	-1.00439	-0.975718	-0.94024	-0.887159	-0.803886	-0.713118	-0.631357	-0.565476	-0.503559	
-0.318908	-0.172143	-0.045877	0.0562241	0.123479	0.136692	0.0885244	-0.00145989	-0.119187	-0.258229	-0.411977	-0.566201	-0.70095	-0.811606	-0.885232	-0.911197	-0.893773	-0.86216	-0.828467	-0.782921	-0.720373	-0.647478	-0.587597	-0.542293	-0.50146	
-0.123238	-0.00196275	0.0943908	0.167674	0.214692	0.223016	0.190183	0.126217	0.0397192	-0.0715294	-0.206393	-0.350821	-0.483804	-0.596262	-0.679918	-0.714773	-0.701785	-0.672267	-0.641922	-0.606497	-0.564283	-0.521358	-0.488161	-0.460551	-0.436087	
0.105668	0.194165	0.253366	0.291454	0.314962	0.318075	0.303599	0.270012	0.221223	0.144641	0.0396293	-0.0829091	-0.204901	-0.308994	-0.391525	-0.438359	-0.450386	-0.438381	-0.419626	-0.3962	-0.370083	-0.34466	-0.331307	-0.328648	-0.327075	
0.344797	0.400261	0.424225	0.434568	0.441957	0.443841	0.438105	0.428892	0.412973	0.370782	0.297369	0.207268	0.111746	0.0180974	-0.0701406	-0.13833	-0.17905	-0.193057	-0.193243	-0.180567	-0.163133	-0.153641	-0.154142	-0.167967	-0.184971	
0.565849	0.592156	0.593956	0.584113	0.575107	0.574494	0.579146	0.59045	0.595453	0.579605	0.53814	0.4807	0.412162	0.332682	0.24464	0.153229	0.0840105	0.0486797	0.0342172	0.0334032	0.0359993	0.0290556	0.0205196	0.000689919	-0.0339775	
0.742025	0.75012	0.734072	0.706078	0.687402	0.683059	0.697504	0.722608	0.746308	0.748005	0.728053	0.694887	0.648496	0.589363	0.5109	0.411448	0.32516	0.276325	0.25023	0.23821	0.228075	0.207823	0.185035	0.163901	0.125803	
0.846617	0.843414	0.820954	0.788222	0.765342	0.761342	0.776824	0.80812	0.836977	0.846947	0.842358	0.830022	0.806603	0.7646	0.701055	0.612269	0.527513	0.471887	0.44183	0.425691	0.407101	0.374775	0.346241	0.323026	0.283323	
0.873777	0.860307	0.841626	0.820126	0.805518	0.801492	0.814012	0.832627	0.853584	0.868135	0.881576	0.888633	0.884787	0.863339	0.817988	0.749565	0.680325	0.629333	0.594218	0.573596	0.553395	0.526825	0.501273	0.478213	0.436116	
0.844698	0.821637	0.809044	0.802057	0.799927	0.798436	0.801202	0.805203	0.815828	0.83445	0.860793	0.884679	0.899954	0.898922	0.876132	0.831839	0.779368	0.733919	0.698542	0.676479	0.655892	0.639076	0.624483	0.607062	0.566126	
0.781747	0.756546	0.746766	0.747191	0.751606	0.750225	0.750312	0.745241	0.750982	0.769824	0.80315	0.8394	0.864276	0.876183	0.868419	0.850171	0.814184	0.778029	0.750099	0.734995	0.718906	0.705909	0.69945	0.686863	0.65526	
0.700408	0.659788	0.639659	0.642153	0.650391	0.651558	0.646264	0.638508	0.649065	0.682611	0.727368	0.766825	0.792403	0.811289	0.820791	0.826092	0.814548	0.794983	0.773412	0.759051	0.751897	0.741593	0.732615	0.714836	0.695401	
0.591336	0.539394	0.509129	0.506321	0.514004	0.517041	0.508815	0.50553	0.524023	0.569436	0.622741	0.665265	0.694585	0.716906	0.748381	0.777827	0.79322	0.792213	0.777777	0.760976	0.750973	0.75091	0.749623	0.734248	0.712207	
0.460048	0.413552	0.381926	0.371326	0.373556	0.374283	0.371647	0.374897	0.398494	0.440881	0.489092	0.532923	0.574099	0.618519	0.670502	0.714641	0.743481	0.75699	0.756222	0.745402	0.736917	0.744539	0.751186	0.745998	0.720188	
0.330814	0.290367	0.26123	0.248608	0.250029	0.250843	0.248447	0.253678	0.276828	0.313667	0.355716	0.39728	0.446242	0.51063	0.579554	0.637384	0.678332	0.702163	0.712578	0.717604	0.723809	0.733554	0.745028	0.75299	0.729926	
0.221057	0.186657	0.156642	0.140231	0.141693	0.141988	0.140039	0.147478	0.173991	0.20631	0.242216	0.275299	0.320723	0.395492	0.472906	0.540441	0.593092	0.638675	0.66823	0.687402	0.710192	0.732453	0.750985	0.757642	0.743805	
0.131426	0.110839	0.0853354	0.0576052	0.0420165	0.0403302	0.0484728	0.0740776	0.101615	0.123482	0.14321	0.166339	0.211917	0.283271	0.358073	0.424635	0.489446	0.551715	0.611479	0.660571	0.699707	0.738593	0.767379	0.770729	0.754911	
0.0631683	0.0494254	0.0266477	-0.0021135	-0.0253217	-0.0267315	-0.0141884	0.0165187	0.0412817	0.0590434	0.0655169	0.0741723	0.113345	0.178513	0.247032	0.307727	0.376454	0.449146	0.539437	0.625912	0.685724	0.739291	0.779928	0.790282	0.774594	
-0.000578416	-0.0101816	-0.0268411	-0.0461213	-0.0608697	-0.0601374	-0.0535226	-0.0346904	-0.0164194	-0.00263569	-0.00101173	0.00129728	0.0311661	0.0888376	0.150784	0.20923	0.281392	0.363696	0.469755	0.576042	0.661348	0.727841	0.779844	0.806257	0.804912	
-0.0659017	-0.061964	-0.0627083	-0.074938	-0.0833996	-0.083942	-0.0795413	-0.0673568	-0.0602776	-0.0645463	-0.0657186	-0.0561091	-0.0299927	0.0169179	0.0741593	0.132276	0.204089	0.293529	0.403639	0.51964	0.621293	0.700817	0.764391	0.810931	0.834489	
-0.109283	-0.105003	-0.102531	-0.107118	-0.106234	-0.105437	-0.10789	-0.103982	-0.102405	-0.109326	-0.105536	-0.0923725	-0.0704856	-0.031322	0.0203632	0.0725503	0.139067	0.229216	0.338266	0.456027	0.566336	0.657685	0.733141	0.800748	0.851151	
-0.124645	-0.135369	-0.139264	-0.136122	-0.127498	-0.123989	-0.13365	-0.138403	-0.138295	-0.129724	-0.116462	-0.101575	-0.0827431	-0.0583116	-0.0264482	0.0154731	0.0833943	0.168736	0.270174	0.381332	0.494928	0.600341	0.692744	0.783816	0.855002	
-0.127729	-0.150157	-0.154109	-0.146509	-0.144502	-0.142128	-0.146176	-0.150908	-0.154709	-0.137664	-0.112548	-0.095009	-0.0844984	-0.0784578	-0.065105	-0.0334228	0.0241733	0.0993032	0.196319	0.30385	0.420344	0.543768	0.659695	0.763767	0.847725	
-0.136239	-0.158611	-0.162885	-0.158633	-0.155085	-0.154233	-0.157128	-0.161408	-0.162251	-0.146968	-0.118096	-0.0935935	-0.0873959	-0.0932063	-0.0925724	-0.0672044	-0.0152018	0.0520662	0.140399	0.244709	0.363569	0.49472	0.62953	0.741965	0.824684	
-0.152177	-0.169979	-0.176747	-0.173126	-0.15877	-0.154997	-0.167526	-0.176936	-0.173233	-0.16102	-0.13617	-0.111306	-0.103991	-0.109449	-0.107756	-0.0820225	-0.027724	0.0392352	0.114689	0.211886	0.323962	0.452104	0.589848	0.707411	0.791075	
-0.170866	-0.178367	-0.174293	-0.165193	-0.156714	-0.154966	-0.160737	-0.171804	-0.177772	-0.174934	-0.160094	-0.141599	-0.130526	-0.126449	-0.11815	-0.0864755	-0.0279794	0.0385632	0.102521	0.181842	0.285053	0.407214	0.540138	0.660421	0.75159	
-0.178367	-0.17779	-0.161599	-0.146912	-0.151072	-0.154238	-0.146811	-0.153758	-0.172978	-0.179655	-0.174185	-0.162873	-0.152805	-0.142776	-0.119777	-0.0796065	-0.0317777	0.0246608	0.0857382	0.153518	0.245156	0.36334	0.489467	0.613187	0.721578	
-0.174293	-0.161599	-0.151891	-0.146453	-0.151389	-0.154612	-0.147636	-0.148104	-0.157962	-0.17015	-0.177415	-0.169453	-0.15705	-0.146941	-0.119538	-0.0773097	-0.042679	0.00350479	0.0614195	0.12477	0.215513	0.332878	0.457779	0.587883	0.709735	
-0.165193	-0.146912	-0.146453	-0.158759	-0.169365	-0.173467	-0.163131	-0.150649	-0.144667	-0.156987	-0.17256	-0.165635	-0.150907	-0.140933	-0.120801	-0.0867491	-0.0586408	-0.0216647	0.0315708	0.103638	0.20302	0.320964	0.45071	0.588892	0.711697	
-0.156714	-0.151072	-0.151389	-0.169365	-0.199457	-0.20719	-0.180768	-0.15643	-0.149608	-0.154344	-0.15871	-0.157532	-0.14927	-0.135097	-0.115761	-0.0915851	-0.0708814	-0.0421448	0.0103488	0.099864	0.205937	0.321922	0.456281	0.598558	0.717505	
-0.154966	-0.154238	-0.154612	-0.173467	-0.20719	-0.216844	-0.185904	-0.15968	-0.153111	-0.154538	-0.15571	-0.155189	-0.148291	-0.131217	-0.113796	-0.0921229	-0.0707899	-0.04289	0.00892027	0.0990646	0.207295	0.321625	0.458758	0.601285	0.716728	
-0.160737	-0.146811	-0.147636	-0.163131	-0.180768	-0.185904	-0.170498	-0.15255	-0.145033	-0.154623	-0.166624	-0.162502	-0.150434	-0.139487	-0.119539	-0.089856	-0.0651896	-0.0320079	0.019998	0.100692	0.203331	0.320988	0.452187	0.59278	0.715422	
-0.171804	-0.153758	-0.148104	-0.150649	-0.15643	-0.15968	-0.15255	-0.148216	-0.150484	-0.16462	-0.177232	-0.168905	-0.154399	-0.144515	-0.120263	-0.0805829	-0.0490005	-0.00591357	0.0502674	0.114407	0.207995	0.325413	0.452459	0.585743	0.708648	
-0.177772	-0.172978	-0.157962	-0.144667	-0.149608	-0.153111	-0.145033	-0.150484	-0.168303	-0.177273	-0.176173	-0.166915	-0.156949	-0.146827	-0.119238	-0.0765822	-0.0350552	0.0163959	0.077298	0.142461	0.231456	0.349028	0.47369	0.59999	0.714824	
-0.174934	-0.179655	-0.17015	-0.156987	-0.154344	-0.154538	-0.154623	-0.16462	-0.177273	-0.178158	-0.166883	-0.152359	-0.140749	-0.133754	-0.119859	-0.0848774	-0.0287272	0.0350856	0.0967323	0.170032	0.268129	0.389003	0.518854	0.640401	0.737732	
-0.160094	-0.174185	-0.177415	-0.17256	-0.15871	-0.15571	-0.166624	-0.177232	-0.176173	-0.166883	-0.146498	-0.123163	-0.113708	-0.115231	-0.112933	-0.0857392	-0.0284216	0.0392661	0.109702	0.199357	0.309044	0.434294	0.570951	0.689736	0.775104	
-0.141599	-0.162873	-0.169453	-0.165635	-0.157532	-0.155189	-0.162502	-0.168905	-0.166915	-0.152359	-0.123163	-0.0983114	-0.0925485	-0.100218	-0.0990227	-0.0740522	-0.0233348	0.0431174	0.126678	0.23048	0.34652	0.477663	0.614978	0.730368	0.813411	
-0.130526	-0.152805	-0.15705	-0.150907	-0.14927	-0.148291	-0.150434	-0.154399	-0.156949	-0.140749	-0.113708	-0.0925485	-0.0843493	-0.0840663	-0.0780711	-0.0494927	0.00537039	0.0769617	0.171264	0.275981	0.394505	0.522603	0.649017	0.756135	0.838808	
-0.126449	-0.142776	-0.146941	-0.140933	-0.135097	-0.131217	-0.139487	-0.144515	-0.146827	-0.133754	-0.115231	-0.100218	-0.0840663	-0.0676122	-0.0429276	-0.00628351	0.0584562	0.140486	0.23983	0.350137	0.464282	0.577328	0.677749	0.775733	0.85441	
-0.11815	-0.119777	-0.119538	-0.120801	-0.115761	-0.113796	-0.119539	-0.120263	-0.119238	-0.119859	-0.112933	-0.0990227	-0.0780711	-0.0429276	0.00139384	0.0501554	0.117542	0.206554	0.312771	0.426603	0.539315	0.635732	0.717641	0.793981	0.852747	
-0.0864755	-0.0796065	-0.0773097	-0.0867491	-0.0915851	-0.0921229	-0.089856	-0.0805829	-0.0765822	-0.0848774	-0.0857392	-0.0740522	-0.0494927	-0.00628351	0.0501554	0.107087	0.175695	0.265586	0.376912	0.495854	0.601325	0.685654	0.753639	0.809113	0.844243	
-0.0279794	-0.0317777	-0.042679	-0.0586408	-0.0708814	-0.0707899	-0.0651896	-0.0490005	-0.0350552	-0.0287272	-0.0284216	-0.0233348	0.00537039	0.0584562	0.117542	0.175695	0.248863	0.335666	0.443682	0.55372	0.646699	0.719129	0.776159	0.809705	0.816614	
0.0385632	0.0246608	0.00350479	-0.0216647	-0.0421448	-0.04289	-0.0320079	-0.00591357	0.0163959	0.0350856	0.0392661	0.0431174	0.0769617	0.140486	0.206554	0.265586	0.335666	0.412032	0.51048	0.607211	0.67853	0.736281	0.78188	0.797867	0.786148	
0.102521	0.0857382	0.0614195	0.0315708	0.0103488	0.00892027	0.019998	0.0502674	0.077298	0.0967323	0.109702	0.126678	0.171264	0.23983	0.312771	0.376912	0.443682	0.51048	0.583498	0.648697	0.694754	0.739707	0.772982	0.778079	0.761094	
0.181842	0.153518	0.12477	0.103638	0.099864	0.0990646	0.100692	0.114407	0.142461	0.170032	0.199357	0.23048	0.275981	0.350137	0.426603	0.495854	0.55372	0.607211	0.648697	0.67633	0.705488	0.734653	0.757353	0.761431	0.748205	
0.285053	0.245156	0.215513	0.20302	0.205937	0.207295	0.203331	0.207995	0.231456	0.268129	0.309044	0.34652	0.394505	0.464282	0.539315	0.601325	0.646699	0.67853	0.694754	0.705488	0.718276	0.732032	0.745427	0.754727	0.735775	
0.407214	0.36334	0.332878	0.320964	0.321922	0.321625	0.320988	0.325413	0.349028	0.389003	0.434294	0.477663	0.522603	0.577328	0.635732	0.685654	0.719129	0.736281	0.739707	0.734653	0.732032	0.739942	0.74879	0.748924	0.722969	
0.540138	0.489467	0.457779	0.45071	0.456281	0.458758	0.452187	0.452459	0.47369	0.518854	0.570951	0.614978	0.649017	0.677749	0.717641	0.753639	0.776159	0.78188	0.772982	0.757353	0.745427	0.74879	0.751983	0.741004	0.716496	
0.660421	0.613187	0.587883	0.588892	0.598558	0.601285	0.59278	0.585743	0.59999	0.640401	0.689736	0.730368	0.756135	0.775733	0.793981	0.809113	0.809705	0.797867	0.778079	0.761431	0.754727	0.748924	0.741004	0.721836	0.702709	
0.75159	0.721578	0.709735	0.711697	0.717505	0.716728	0.715422	0.708648	0.714824	0.737732	0.775104	0.813411	0.838808	0.85441	0.852747	0.844243	0.816614	0.786148	0.761094	0.748205	0.735775	0.722969	0.716496	0.702709	0.677147	
