-0.198662	-0.213051	-0.205824	-0.186334	-0.160508	-0.139359	-0.12623	-0.124551	-0.11805	-0.0935882	-0.0529831	-0.0115514	0.0311622	0.0852679	0.149404	0.221243	0.278833	0.310393	0.32156	0.314618	0.282342	0.218386	0.142019	0.0644386	-0.015464	
-0.213051	-0.228218	-0.226662	-0.207453	-0.176963	-0.147527	-0.121064	-0.100142	-0.0753244	-0.028486	0.0458925	0.120982	0.196171	0.274883	0.348071	0.414066	0.452755	0.4567	0.42764	0.369579	0.289362	0.184296	0.0653283	-0.0536532	-0.16773	
-0.205824	-0.226662	-0.234546	-0.22012	-0.19154	-0.157834	-0.118414	-0.0813525	-0.0378859	0.0329617	0.131178	0.235567	0.337938	0.426883	0.502757	0.560596	0.578939	0.554127	0.483595	0.385337	0.274768	0.140065	-0.00866344	-0.153283	-0.293944	
-0.186334	-0.207453	-0.22012	-0.208751	-0.180537	-0.140365	-0.0914546	-0.0404054	0.0191661	0.101276	0.213894	0.335711	0.446342	0.53337	0.597735	0.631002	0.621053	0.57138	0.480601	0.365305	0.23804	0.0897498	-0.0760197	-0.244671	-0.406066	
-0.160508	-0.176963	-0.19154	-0.180537	-0.148612	-0.100027	-0.0373623	0.0334067	0.107839	0.200429	0.316245	0.433664	0.531179	0.59035	0.61928	0.615647	0.57885	0.517441	0.418528	0.295512	0.166529	0.0180887	-0.153994	-0.328041	-0.490551	
-0.139359	-0.147527	-0.157834	-0.140365	-0.100027	-0.036035	0.0470573	0.137342	0.227659	0.323013	0.424223	0.520968	0.586511	0.60461	0.591647	0.54834	0.484836	0.405699	0.29685	0.173952	0.0477002	-0.0925348	-0.249073	-0.406214	-0.550623	
-0.12623	-0.121064	-0.118414	-0.0914546	-0.0373623	0.0470573	0.148743	0.258716	0.360881	0.44783	0.524398	0.58748	0.610534	0.585019	0.530232	0.449565	0.358539	0.262157	0.147147	0.0185863	-0.111281	-0.237824	-0.366298	-0.48619	-0.586048	
-0.124551	-0.100142	-0.0813525	-0.0404054	0.0334067	0.137342	0.258716	0.384849	0.488938	0.559297	0.600919	0.618465	0.596076	0.534031	0.445403	0.335243	0.224663	0.111296	-0.018235	-0.155906	-0.283786	-0.389174	-0.478858	-0.553392	-0.610869	
-0.11805	-0.0753244	-0.0378859	0.0191661	0.107839	0.227659	0.360881	0.488938	0.584895	0.631342	0.63215	0.606354	0.550597	0.463462	0.350094	0.220183	0.0877615	-0.0509251	-0.189246	-0.320035	-0.433409	-0.512596	-0.566796	-0.606026	-0.627889	
-0.0935882	-0.028486	0.0329617	0.101276	0.200429	0.323013	0.44783	0.559297	0.631342	0.643237	0.606679	0.54878	0.469348	0.369838	0.245249	0.0993019	-0.0534158	-0.203399	-0.333958	-0.44908	-0.545156	-0.601757	-0.625681	-0.632857	-0.624829	
-0.0529831	0.0458925	0.131178	0.213894	0.316245	0.424223	0.524398	0.600919	0.63215	0.606679	0.538671	0.448013	0.350598	0.245648	0.110523	-0.039934	-0.189417	-0.329646	-0.44101	-0.533154	-0.607295	-0.644613	-0.648053	-0.632792	-0.598842	
-0.0115514	0.120982	0.235567	0.335711	0.433664	0.520968	0.58748	0.618465	0.606354	0.54878	0.448013	0.327299	0.211802	0.0885155	-0.0527565	-0.190979	-0.324714	-0.43975	-0.516775	-0.573037	-0.617998	-0.639755	-0.628389	-0.591744	-0.538674	
0.0311622	0.196171	0.337938	0.446342	0.531179	0.586511	0.610534	0.596076	0.550597	0.469348	0.350598	0.211802	0.0697779	-0.0723236	-0.212157	-0.340212	-0.452117	-0.531317	-0.572369	-0.592683	-0.603048	-0.595301	-0.557717	-0.506107	-0.454646	
0.0852679	0.274883	0.426883	0.53337	0.59035	0.60461	0.585019	0.534031	0.463462	0.369838	0.245648	0.0885155	-0.0723236	-0.220086	-0.351667	-0.457284	-0.538441	-0.590267	-0.611962	-0.604709	-0.572063	-0.525222	-0.46837	-0.410509	-0.361343	
0.149404	0.348071	0.502757	0.597735	0.61928	0.591647	0.530232	0.445403	0.350094	0.245249	0.110523	-0.0527565	-0.212157	-0.351667	-0.454154	-0.52749	-0.584329	-0.616769	-0.622015	-0.585067	-0.517179	-0.453402	-0.393838	-0.332616	-0.285524	
0.221243	0.414066	0.560596	0.631002	0.615647	0.54834	0.449565	0.335243	0.220183	0.0993019	-0.039934	-0.190979	-0.340212	-0.457284	-0.52749	-0.57751	-0.605729	-0.606438	-0.5833	-0.524415	-0.449894	-0.387884	-0.334511	-0.283195	-0.244022	
0.278833	0.452755	0.578939	0.621053	0.57885	0.484836	0.358539	0.224663	0.0877615	-0.0534158	-0.189417	-0.324714	-0.452117	-0.538441	-0.584329	-0.605729	-0.593255	-0.557553	-0.512384	-0.452652	-0.384683	-0.325658	-0.28419	-0.251001	-0.228458	
0.310393	0.4567	0.554127	0.57138	0.517441	0.405699	0.262157	0.111296	-0.0509251	-0.203399	-0.329646	-0.43975	-0.531317	-0.590267	-0.616769	-0.606438	-0.557553	-0.496263	-0.43763	-0.37802	-0.318425	-0.270069	-0.244676	-0.237038	-0.240714	
0.32156	0.42764	0.483595	0.480601	0.418528	0.29685	0.147147	-0.018235	-0.189246	-0.333958	-0.44101	-0.516775	-0.572369	-0.611962	-0.622015	-0.5833	-0.512384	-0.43763	-0.36446	-0.306639	-0.265759	-0.232457	-0.222816	-0.240339	-0.258394	
0.314618	0.369579	0.385337	0.365305	0.295512	0.173952	0.0185863	-0.155906	-0.320035	-0.44908	-0.533154	-0.573037	-0.592683	-0.604709	-0.585067	-0.524415	-0.452652	-0.37802	-0.306639	-0.265624	-0.241857	-0.219103	-0.218199	-0.239762	-0.256265	
0.282342	0.289362	0.274768	0.23804	0.166529	0.0477002	-0.111281	-0.283786	-0.433409	-0.545156	-0.607295	-0.617998	-0.603048	-0.572063	-0.517179	-0.449894	-0.384683	-0.318425	-0.265759	-0.241857	-0.233889	-0.232368	-0.234775	-0.238426	-0.239522	
0.218386	0.184296	0.140065	0.0897498	0.0180887	-0.0925348	-0.237824	-0.389174	-0.512596	-0.601757	-0.644613	-0.639755	-0.595301	-0.525222	-0.453402	-0.387884	-0.325658	-0.270069	-0.232457	-0.219103	-0.232368	-0.255573	-0.256826	-0.23891	-0.221956	
0.142019	0.0653283	-0.00866344	-0.0760197	-0.153994	-0.249073	-0.366298	-0.478858	-0.566796	-0.625681	-0.648053	-0.628389	-0.557717	-0.46837	-0.393838	-0.334511	-0.28419	-0.244676	-0.222816	-0.218199	-0.234775	-0.256826	-0.25281	-0.230977	-0.214892	
0.0644386	-0.0536532	-0.153283	-0.244671	-0.328041	-0.406214	-0.48619	-0.553392	-0.606026	-0.632857	-0.632792	-0.591744	-0.506107	-0.410509	-0.332616	-0.283195	-0.251001	-0.237038	-0.240339	-0.239762	-0.238426	-0.23891	-0.230977	-0.218327	-0.207178	
-0.015464	-0.16773	-0.293944	-0.406066	-0.490551	-0.550623	-0.586048	-0.610869	-0.627889	-0.624829	-0.598842	-0.538674	-0.454646	-0.361343	-0.285524	-0.244022	-0.228458	-0.240714	-0.258394	-0.256265	-0.239522	-0.221956	-0.214892	-0.207178	-0.194501	
-0.0903235	-0.278254	-0.435728	-0.561874	-0.646915	-0.682628	-0.67453	-0.655788	-0.630401	-0.594244	-0.538567	-0.470647	-0.401381	-0.327478	-0.265818	-0.229362	-0.227819	-0.24756	-0.258463	-0.256037	-0.23536	-0.211224	-0.204701	-0.199627	-0.195725	
-0.157166	-0.384826	-0.569696	-0.704987	-0.783877	-0.792687	-0.75035	-0.686727	-0.618647	-0.547244	-0.468662	-0.403511	-0.353539	-0.308494	-0.263929	-0.23448	-0.238008	-0.24744	-0.249003	-0.247491	-0.23017	-0.206754	-0.195018	-0.19793	-0.208114	
-0.205364	-0.468841	-0.675397	-0.817021	-0.885035	-0.877973	-0.814694	-0.71606	-0.609644	-0.503374	-0.409372	-0.344371	-0.307645	-0.286768	-0.264878	-0.253136	-0.253814	-0.250217	-0.243352	-0.233369	-0.219764	-0.20186	-0.190386	-0.203739	-0.215672	
-0.235054	-0.526617	-0.75246	-0.896391	-0.955482	-0.941605	-0.865562	-0.743468	-0.601276	-0.466089	-0.36253	-0.296246	-0.268257	-0.266585	-0.27361	-0.279534	-0.270487	-0.252098	-0.23323	-0.215563	-0.208046	-0.20347	-0.201004	-0.207764	-0.207098	
-0.260141	-0.568154	-0.804602	-0.944492	-0.994749	-0.972862	-0.8873	-0.750095	-0.584596	-0.436677	-0.333929	-0.274792	-0.254493	-0.265453	-0.290695	-0.296904	-0.272604	-0.239504	-0.214419	-0.204095	-0.208953	-0.22142	-0.221898	-0.200306	-0.183277	
-0.265795	-0.576749	-0.81414	-0.953177	-1.00102	-0.976988	-0.890142	-0.749153	-0.580513	-0.431052	-0.328591	-0.272757	-0.253187	-0.266398	-0.295601	-0.299636	-0.27162	-0.23581	-0.209559	-0.201667	-0.210044	-0.227586	-0.227837	-0.196889	-0.175978	
-0.245505	-0.545762	-0.776458	-0.920064	-0.975442	-0.958177	-0.878839	-0.748163	-0.595367	-0.453192	-0.34764	-0.284522	-0.258721	-0.263299	-0.281364	-0.288296	-0.27313	-0.248721	-0.225722	-0.209726	-0.206793	-0.209649	-0.20972	-0.205191	-0.197498	
-0.218735	-0.494386	-0.709238	-0.852108	-0.91688	-0.906515	-0.837303	-0.728357	-0.606566	-0.487929	-0.389312	-0.322648	-0.289818	-0.277661	-0.267493	-0.263791	-0.261152	-0.251363	-0.23977	-0.22693	-0.215299	-0.200205	-0.192024	-0.206927	-0.214979	
-0.179456	-0.421488	-0.615797	-0.753479	-0.828377	-0.829813	-0.77677	-0.698369	-0.614181	-0.528605	-0.443991	-0.378432	-0.334904	-0.300735	-0.263993	-0.241068	-0.243818	-0.247676	-0.246276	-0.241932	-0.226397	-0.20514	-0.192547	-0.200324	-0.212402	
-0.118343	-0.322185	-0.491336	-0.622146	-0.705729	-0.730396	-0.707131	-0.669362	-0.626407	-0.576209	-0.509956	-0.44278	-0.381491	-0.318471	-0.263786	-0.229788	-0.230985	-0.248409	-0.256004	-0.253221	-0.232455	-0.208743	-0.200921	-0.197975	-0.200344	
-0.0461808	-0.212169	-0.350495	-0.468943	-0.554347	-0.605163	-0.622735	-0.630428	-0.630766	-0.615375	-0.577404	-0.512698	-0.43382	-0.345753	-0.274113	-0.234843	-0.225609	-0.243697	-0.260538	-0.258561	-0.239256	-0.216623	-0.209393	-0.203038	-0.193111	
0.032151	-0.0996287	-0.209538	-0.309859	-0.393728	-0.46561	-0.527732	-0.578201	-0.617333	-0.631582	-0.622523	-0.572678	-0.485396	-0.389554	-0.310482	-0.264751	-0.240461	-0.238134	-0.248783	-0.24737	-0.239417	-0.231971	-0.223487	-0.21355	-0.201693	
0.111398	0.0171378	-0.0674484	-0.144835	-0.224947	-0.313256	-0.416627	-0.51029	-0.584488	-0.629708	-0.64323	-0.616287	-0.537588	-0.445029	-0.369001	-0.313295	-0.270288	-0.239725	-0.227972	-0.225605	-0.235611	-0.250868	-0.245235	-0.225854	-0.212616	
0.188571	0.137341	0.0809639	0.0248159	-0.0491968	-0.153267	-0.289241	-0.42671	-0.536357	-0.614659	-0.648859	-0.638908	-0.583633	-0.503541	-0.429912	-0.365943	-0.30724	-0.256573	-0.22415	-0.215757	-0.23383	-0.25976	-0.258859	-0.236384	-0.2177	
0.259527	0.250126	0.223474	0.181684	0.11069	-0.00576667	-0.161223	-0.328664	-0.469557	-0.573227	-0.627486	-0.630405	-0.60283	-0.554349	-0.490336	-0.422751	-0.358858	-0.29762	-0.251494	-0.2316	-0.232345	-0.242188	-0.245181	-0.239676	-0.231748	
0.305607	0.339985	0.342794	0.315316	0.244729	0.124133	-0.0339597	-0.209007	-0.368607	-0.490827	-0.565292	-0.592555	-0.59818	-0.594156	-0.560175	-0.49503	-0.425227	-0.353287	-0.289199	-0.256015	-0.237143	-0.220782	-0.222422	-0.239232	-0.251033	
0.321384	0.407154	0.446017	0.436513	0.370573	0.248772	0.0966554	-0.0736913	-0.242548	-0.381811	-0.479513	-0.540317	-0.582081	-0.612386	-0.612639	-0.564186	-0.490738	-0.414039	-0.337977	-0.285909	-0.253541	-0.224173	-0.218514	-0.240596	-0.260026	
0.316587	0.44898	0.530532	0.539803	0.483034	0.365544	0.219147	0.061211	-0.107056	-0.258109	-0.378473	-0.475294	-0.551847	-0.602189	-0.622187	-0.600266	-0.540262	-0.472741	-0.40819	-0.34736	-0.29444	-0.252678	-0.233618	-0.237248	-0.249172	
0.294466	0.458101	0.574411	0.605597	0.557745	0.455636	0.320629	0.180634	0.0330604	-0.114281	-0.247317	-0.374393	-0.488484	-0.562898	-0.600386	-0.609455	-0.581249	-0.532671	-0.481718	-0.423446	-0.358279	-0.302121	-0.266701	-0.24275	-0.230534	
0.246967	0.43353	0.572897	0.632548	0.604043	0.524534	0.413452	0.290117	0.167929	0.0386913	-0.100237	-0.245202	-0.387483	-0.49246	-0.552351	-0.591917	-0.605147	-0.591561	-0.556923	-0.495168	-0.423583	-0.362484	-0.31335	-0.268993	-0.234239	
0.177608	0.376321	0.529538	0.615902	0.623029	0.577574	0.500821	0.403167	0.299079	0.188782	0.0503401	-0.109392	-0.265577	-0.397233	-0.485794	-0.549369	-0.594821	-0.616714	-0.613423	-0.565033	-0.490623	-0.426461	-0.368172	-0.309857	-0.265278	
0.110032	0.304389	0.459126	0.561775	0.604989	0.602661	0.565445	0.501687	0.420941	0.323215	0.19517	0.0336035	-0.128521	-0.275596	-0.397074	-0.490248	-0.561484	-0.604165	-0.620452	-0.602151	-0.552317	-0.495778	-0.43649	-0.376294	-0.327747	
0.0515222	0.228064	0.375191	0.484453	0.558835	0.598285	0.604978	0.575019	0.51917	0.432239	0.310909	0.164501	0.0136603	-0.133306	-0.27187	-0.391819	-0.492222	-0.559483	-0.590909	-0.59957	-0.592574	-0.568561	-0.52186	-0.467032	-0.417419	
0.00397288	0.150458	0.277572	0.382239	0.476896	0.552802	0.602976	0.615595	0.587993	0.519153	0.409472	0.280179	0.154665	0.0230997	-0.118831	-0.252586	-0.37793	-0.478526	-0.540145	-0.582165	-0.614662	-0.62687	-0.605761	-0.560867	-0.506155	
-0.0357313	0.0766243	0.172938	0.262928	0.363596	0.464629	0.552407	0.611212	0.625114	0.585294	0.503978	0.400662	0.296333	0.185712	0.0473389	-0.0991264	-0.243668	-0.376378	-0.474694	-0.552669	-0.616214	-0.648049	-0.646274	-0.622741	-0.578858	
