0.181103	0.139969	0.111613	0.0947892	0.085921	0.0833166	0.0908166	0.10329	0.127233	0.163115	0.213183	0.283641	0.37306	0.456891	0.514162	0.547917	0.552079	0.515318	0.431001	0.312416	0.172524	0.00466314	-0.173512	-0.342458	-0.482325	
0.181307	0.0997929	0.0364392	-0.0092272	-0.0321585	-0.0347162	-0.0214363	0.0160629	0.0722333	0.146625	0.237201	0.344886	0.473456	0.59272	0.6757	0.720434	0.725636	0.686358	0.597795	0.472747	0.317153	0.138041	-0.0543782	-0.233918	-0.381507	
0.153341	0.0269773	-0.0795485	-0.156078	-0.186857	-0.189137	-0.173925	-0.114635	-0.0185354	0.100482	0.237921	0.387435	0.54778	0.696104	0.804257	0.864153	0.873453	0.835882	0.744145	0.608588	0.447802	0.262897	0.061382	-0.123496	-0.273501	
0.12649	-0.0493553	-0.205411	-0.316516	-0.365957	-0.372518	-0.342789	-0.257439	-0.115325	0.0549249	0.234852	0.417135	0.610074	0.779698	0.902438	0.977814	0.995048	0.953708	0.85724	0.708558	0.538418	0.349658	0.152236	-0.0302563	-0.175181	
0.109004	-0.105626	-0.306372	-0.456026	-0.528214	-0.539049	-0.493583	-0.374739	-0.18937	0.0229337	0.236778	0.447423	0.657646	0.842547	0.969605	1.04562	1.07006	1.03094	0.925537	0.765565	0.586098	0.398743	0.217265	0.0537939	-0.0818393	
0.103432	-0.142679	-0.371304	-0.54334	-0.630907	-0.64465	-0.588021	-0.449003	-0.23869	0.00589661	0.244874	0.474776	0.69309	0.877606	0.999973	1.06604	1.08938	1.05546	0.946423	0.78202	0.596086	0.414965	0.251141	0.1108	-0.00430081	
0.116972	-0.143307	-0.384871	-0.558989	-0.651554	-0.667054	-0.605552	-0.464516	-0.245017	0.0137863	0.264503	0.495187	0.705752	0.879462	0.995143	1.0582	1.07539	1.03873	0.927023	0.762506	0.580684	0.414545	0.272657	0.150068	0.0510705	
0.14312	-0.106299	-0.341347	-0.508489	-0.597917	-0.611828	-0.553752	-0.418002	-0.205049	0.044482	0.285653	0.503445	0.694418	0.849949	0.957161	1.01748	1.02752	0.984043	0.875727	0.71984	0.553444	0.407961	0.285937	0.175434	0.0883874	
0.170968	-0.045678	-0.253938	-0.414238	-0.500218	-0.513396	-0.458213	-0.326129	-0.132136	0.0855694	0.293834	0.482414	0.651069	0.785186	0.88169	0.935811	0.945245	0.897404	0.796112	0.659508	0.516924	0.391444	0.287686	0.192753	0.115264	
0.189497	0.0156942	-0.16042	-0.310149	-0.394295	-0.407594	-0.352449	-0.226177	-0.0554377	0.120841	0.288193	0.442014	0.584995	0.69896	0.778923	0.827122	0.835923	0.792265	0.704744	0.588304	0.470572	0.361471	0.265888	0.187562	0.129308	
0.190371	0.0586414	-0.080576	-0.206599	-0.283112	-0.295845	-0.244669	-0.133805	0.00281222	0.138731	0.26558	0.383709	0.495673	0.591316	0.659693	0.701037	0.708217	0.67088	0.596196	0.503404	0.413597	0.322332	0.2345	0.173029	0.139492	
0.163903	0.0670439	-0.0264922	-0.114666	-0.172025	-0.181662	-0.143266	-0.0625347	0.0291626	0.124906	0.220627	0.311161	0.394962	0.469518	0.529675	0.558612	0.561989	0.52801	0.47	0.406923	0.346476	0.278495	0.207624	0.165036	0.154353	
0.115452	0.0545615	0.00344309	-0.0465497	-0.0840384	-0.091069	-0.0641042	-0.0163914	0.0330486	0.0904836	0.15501	0.225179	0.285111	0.335941	0.381057	0.4	0.399907	0.372973	0.337985	0.307325	0.278212	0.240014	0.199782	0.183879	0.196166	
0.044736	0.0192435	0.000609789	-0.0158247	-0.0330469	-0.0357808	-0.0235991	-0.00563602	0.0108766	0.0327745	0.0677858	0.118324	0.159001	0.184685	0.207244	0.217131	0.219926	0.209128	0.196996	0.20055	0.206424	0.207568	0.215591	0.237695	0.270273	
-0.0427811	-0.0446324	-0.0376512	-0.0242937	-0.0197909	-0.0185472	-0.0215535	-0.0320049	-0.0431399	-0.0451289	-0.0374116	-0.0142561	0.00782207	0.0123288	0.0146013	0.0149618	0.0259606	0.0361892	0.0548417	0.0917141	0.138026	0.187317	0.240601	0.298151	0.35535	
-0.143969	-0.126785	-0.100593	-0.0662686	-0.0418529	-0.0372166	-0.0540793	-0.0875925	-0.117143	-0.137466	-0.152563	-0.160911	-0.169032	-0.179379	-0.186979	-0.18643	-0.166855	-0.132532	-0.0764375	-0.00745203	0.0743504	0.164982	0.259832	0.348135	0.433493	
-0.253561	-0.222195	-0.17956	-0.131091	-0.0954658	-0.0888022	-0.114353	-0.159669	-0.206306	-0.241805	-0.271394	-0.305108	-0.336788	-0.358278	-0.366003	-0.359937	-0.337062	-0.283845	-0.197484	-0.0951	0.0191513	0.144774	0.274253	0.397447	0.514784	
-0.36205	-0.318925	-0.262646	-0.207175	-0.169677	-0.162005	-0.189671	-0.239151	-0.297966	-0.345376	-0.387788	-0.433663	-0.468994	-0.494755	-0.504447	-0.493278	-0.468211	-0.410685	-0.304567	-0.169311	-0.0218844	0.138922	0.297364	0.448126	0.590882	
-0.448655	-0.393645	-0.33328	-0.28068	-0.241675	-0.233713	-0.262987	-0.311121	-0.369716	-0.427324	-0.479804	-0.527673	-0.559094	-0.577868	-0.587589	-0.578631	-0.550918	-0.489394	-0.376525	-0.225032	-0.0453995	0.143312	0.323692	0.490408	0.642273	
-0.493493	-0.436302	-0.375701	-0.323663	-0.28577	-0.278104	-0.306484	-0.353239	-0.411961	-0.470654	-0.527565	-0.577104	-0.599629	-0.609434	-0.616743	-0.614164	-0.589791	-0.525594	-0.410978	-0.254034	-0.0626538	0.140562	0.331885	0.50124	0.652713	
-0.493826	-0.435735	-0.369544	-0.312793	-0.278401	-0.271617	-0.295968	-0.344644	-0.409272	-0.471339	-0.527228	-0.575113	-0.596997	-0.608083	-0.616909	-0.620351	-0.604461	-0.542854	-0.425708	-0.26317	-0.0685137	0.13478	0.322954	0.48628	0.627114	
-0.455945	-0.399518	-0.329224	-0.272434	-0.242964	-0.237922	-0.256906	-0.303736	-0.371711	-0.435741	-0.483444	-0.522081	-0.552216	-0.579621	-0.604426	-0.615245	-0.600418	-0.541104	-0.423324	-0.258514	-0.063986	0.124517	0.293708	0.442766	0.573284	
-0.399329	-0.347739	-0.282894	-0.230486	-0.203888	-0.199707	-0.216201	-0.259472	-0.322313	-0.381055	-0.423074	-0.454615	-0.491721	-0.542043	-0.59053	-0.607875	-0.587433	-0.522074	-0.405488	-0.247054	-0.0614679	0.109261	0.253885	0.379203	0.492583	
-0.35139	-0.303254	-0.241922	-0.186546	-0.15146	-0.14515	-0.169902	-0.218195	-0.279435	-0.33434	-0.37369	-0.404839	-0.444877	-0.507253	-0.570815	-0.594607	-0.567998	-0.491921	-0.374042	-0.22765	-0.066123	0.0847344	0.20807	0.309694	0.396772	
-0.316087	-0.26822	-0.200917	-0.133839	-0.0860139	-0.0764488	-0.111349	-0.173138	-0.242828	-0.299004	-0.338762	-0.372854	-0.413477	-0.474318	-0.533496	-0.554807	-0.525223	-0.448359	-0.334872	-0.207919	-0.0802836	0.0418987	0.146799	0.229203	0.293116	
-0.282434	-0.226114	-0.151642	-0.0713977	-0.011497	0.000251668	-0.0433596	-0.118612	-0.198584	-0.262404	-0.303891	-0.335389	-0.379221	-0.433988	-0.482671	-0.498797	-0.472114	-0.401081	-0.297521	-0.187064	-0.0814977	0.0118278	0.0893549	0.147389	0.182518	
-0.226114	-0.171469	-0.0954883	-0.0134855	0.0488555	0.0616615	0.0156675	-0.0619947	-0.143493	-0.206829	-0.25163	-0.289965	-0.327655	-0.380233	-0.423931	-0.441499	-0.41527	-0.352063	-0.262238	-0.163254	-0.0759484	-0.00302679	0.0439933	0.0636247	0.0661286	
-0.151642	-0.0954883	-0.0334319	0.03864	0.0989501	0.111466	0.0660754	-0.00522711	-0.0718037	-0.12971	-0.182445	-0.226497	-0.265644	-0.310525	-0.355205	-0.37905	-0.354812	-0.29285	-0.213115	-0.13108	-0.0608309	-0.0105467	0.00662759	-0.0114201	-0.0559741	
-0.0713977	-0.0134855	0.03864	0.101398	0.155682	0.166824	0.125787	0.0629517	0.00682387	-0.0466335	-0.109771	-0.166836	-0.213551	-0.25494	-0.297547	-0.32615	-0.303101	-0.237962	-0.160661	-0.0903979	-0.0375154	-0.0146359	-0.0296068	-0.0835588	-0.16828	
-0.011497	0.0488555	0.0989501	0.155682	0.202901	0.212739	0.177439	0.120965	0.0687255	0.0150625	-0.0560322	-0.127087	-0.184624	-0.228139	-0.265428	-0.289367	-0.264604	-0.199958	-0.123673	-0.0594601	-0.0245998	-0.0232891	-0.0585988	-0.132603	-0.238116	
0.000251668	0.0616615	0.111466	0.166824	0.212739	0.222478	0.188261	0.133178	0.0814043	0.0271375	-0.0454463	-0.119244	-0.180358	-0.223531	-0.258964	-0.281678	-0.256942	-0.192005	-0.116532	-0.0541513	-0.0216493	-0.0243699	-0.0644667	-0.14074	-0.249852	
-0.0433596	0.0156675	0.0660754	0.125787	0.177439	0.188261	0.149016	0.0890068	0.0350868	-0.0174576	-0.084576	-0.147851	-0.199069	-0.240381	-0.281256	-0.309009	-0.285657	-0.220755	-0.143291	-0.0754633	-0.0306831	-0.0183515	-0.0433554	-0.107383	-0.203138	
-0.118612	-0.0619947	-0.00522711	0.0629517	0.120965	0.133178	0.0890068	0.0213168	-0.0399652	-0.0956255	-0.152484	-0.201578	-0.242567	-0.2852	-0.329657	-0.356093	-0.332933	-0.269668	-0.191421	-0.115163	-0.0517499	-0.0118076	-0.00759747	-0.0410483	-0.102816	
-0.198584	-0.143493	-0.0718037	0.00682387	0.0687255	0.0814043	0.0350868	-0.0399652	-0.116351	-0.178409	-0.225891	-0.265772	-0.303486	-0.352708	-0.396644	-0.416682	-0.390914	-0.329098	-0.244113	-0.151536	-0.0712209	-0.00688604	0.0278919	0.0330272	0.016813	
-0.262404	-0.206829	-0.12971	-0.0466335	0.0150625	0.0271375	-0.0174576	-0.0956255	-0.178409	-0.242837	-0.285359	-0.319437	-0.360834	-0.414975	-0.460503	-0.476222	-0.449852	-0.382267	-0.28388	-0.178086	-0.080356	0.00391422	0.0702513	0.113407	0.13697	
-0.303891	-0.25163	-0.182445	-0.109771	-0.0560322	-0.0454463	-0.084576	-0.152484	-0.225891	-0.285359	-0.325532	-0.358291	-0.40183	-0.459359	-0.513765	-0.532929	-0.504637	-0.429328	-0.319076	-0.199629	-0.0826434	0.0275557	0.122309	0.19694	0.249831	
-0.335389	-0.289965	-0.226497	-0.166836	-0.127087	-0.119244	-0.147851	-0.201578	-0.265772	-0.319437	-0.358291	-0.391697	-0.430576	-0.494938	-0.558566	-0.582544	-0.553628	-0.476139	-0.359515	-0.219862	-0.0720116	0.0680455	0.185117	0.278136	0.356463	
-0.379221	-0.327655	-0.265644	-0.213551	-0.184624	-0.180358	-0.199069	-0.242567	-0.303486	-0.360834	-0.40183	-0.430576	-0.470888	-0.527242	-0.58405	-0.603994	-0.580634	-0.510829	-0.39402	-0.239869	-0.061182	0.102182	0.236781	0.35313	0.455279	
-0.433988	-0.380233	-0.310525	-0.25494	-0.228139	-0.223531	-0.240381	-0.2852	-0.352708	-0.414975	-0.459359	-0.494938	-0.527242	-0.564993	-0.599405	-0.612356	-0.595649	-0.535172	-0.418315	-0.254898	-0.063283	0.118357	0.278235	0.417675	0.543765	
-0.482671	-0.423931	-0.355205	-0.297547	-0.265428	-0.258964	-0.281256	-0.329657	-0.396644	-0.460503	-0.513765	-0.558566	-0.58405	-0.599405	-0.612917	-0.618852	-0.605145	-0.544949	-0.426764	-0.262327	-0.0666246	0.13208	0.313807	0.473398	0.609014	
-0.498797	-0.441499	-0.37905	-0.32615	-0.289367	-0.281678	-0.309009	-0.356093	-0.416682	-0.476222	-0.532929	-0.582544	-0.603994	-0.612356	-0.618852	-0.618538	-0.597704	-0.534032	-0.418613	-0.260109	-0.0672986	0.137826	0.329363	0.49748	0.645966	
-0.472114	-0.41527	-0.354812	-0.303101	-0.264604	-0.256942	-0.285657	-0.332933	-0.390914	-0.449852	-0.504637	-0.553628	-0.580634	-0.595649	-0.605145	-0.597704	-0.570177	-0.507973	-0.394378	-0.239101	-0.0525687	0.143499	0.330026	0.498732	0.652094	
-0.401081	-0.352063	-0.29285	-0.237962	-0.199958	-0.192005	-0.220755	-0.269668	-0.329098	-0.382267	-0.429328	-0.476139	-0.510829	-0.535172	-0.544949	-0.534032	-0.507973	-0.44837	-0.338539	-0.195222	-0.0327211	0.140908	0.308299	0.46735	0.615574	
-0.297521	-0.262238	-0.213115	-0.160661	-0.123673	-0.116532	-0.143291	-0.191421	-0.244113	-0.28388	-0.319076	-0.359515	-0.39402	-0.418315	-0.426764	-0.418613	-0.394378	-0.338539	-0.242542	-0.125728	0.00067839	0.140007	0.28259	0.418117	0.546821	
-0.187064	-0.163254	-0.13108	-0.0903979	-0.0594601	-0.0541513	-0.0754633	-0.115163	-0.151536	-0.178086	-0.199629	-0.219862	-0.239869	-0.254898	-0.262327	-0.260109	-0.239101	-0.195222	-0.125728	-0.04449	0.0505696	0.156363	0.265938	0.367357	0.465178	
-0.0814977	-0.0759484	-0.0608309	-0.0375154	-0.0245998	-0.0216493	-0.0306831	-0.0517499	-0.0712209	-0.080356	-0.0826434	-0.0720116	-0.061182	-0.063283	-0.0666246	-0.0672986	-0.0525687	-0.0327211	0.00067839	0.0505696	0.111751	0.17863	0.24918	0.31982	0.387201	
0.0118278	-0.00302679	-0.0105467	-0.0146359	-0.0232891	-0.0243699	-0.0183515	-0.0118076	-0.00688604	0.00391422	0.0275557	0.0680455	0.102182	0.118357	0.13208	0.137826	0.143499	0.140908	0.140007	0.156363	0.17863	0.198526	0.225657	0.262709	0.304844	
0.0893549	0.0439933	0.00662759	-0.0296068	-0.0585988	-0.0644667	-0.0433554	-0.00759747	0.0278919	0.0702513	0.122309	0.185117	0.236781	0.278235	0.313807	0.329363	0.330026	0.308299	0.28259	0.265938	0.24918	0.225657	0.203304	0.201909	0.222188	
0.147389	0.0636247	-0.0114201	-0.0835588	-0.132603	-0.14074	-0.107383	-0.0410483	0.0330272	0.113407	0.19694	0.278136	0.35313	0.417675	0.473398	0.49748	0.498732	0.46735	0.418117	0.367357	0.31982	0.262709	0.201909	0.168176	0.167729	
0.182518	0.0661286	-0.0559741	-0.16828	-0.238116	-0.249852	-0.203138	-0.102816	0.016813	0.13697	0.249831	0.356463	0.455279	0.543765	0.609014	0.645966	0.652094	0.615574	0.546821	0.465178	0.387201	0.304844	0.222188	0.167729	0.14299	
