0.482757	0.330711	0.187214	0.0688378	-0.0012416	-0.0073485	0.0517929	0.164173	0.294576	0.434047	0.568124	0.661722	0.707811	0.70696	0.683327	0.657999	0.630378	0.604406	0.572126	0.519029	0.43998	0.356264	0.29254	0.235082	0.173227	
0.330711	0.177946	0.0310545	-0.0916737	-0.174501	-0.194022	-0.141416	-0.0307709	0.108381	0.266864	0.423491	0.548235	0.630426	0.666948	0.678915	0.682654	0.68297	0.681667	0.671716	0.642907	0.580562	0.50152	0.433908	0.367704	0.297387	
0.187214	0.0310545	-0.11857	-0.249999	-0.345431	-0.380281	-0.343612	-0.243152	-0.106269	0.0570131	0.22346	0.373422	0.492279	0.56137	0.601097	0.633409	0.661332	0.687308	0.713706	0.722605	0.686773	0.627581	0.572766	0.510341	0.441183	
0.0688378	-0.0916737	-0.249999	-0.392177	-0.502257	-0.560054	-0.544855	-0.460681	-0.331935	-0.170409	0.00164784	0.171389	0.310846	0.400052	0.464366	0.520095	0.572041	0.625766	0.683896	0.728579	0.733614	0.712799	0.682455	0.637718	0.587667	
-0.0012416	-0.174501	-0.345431	-0.502257	-0.634935	-0.719416	-0.72887	-0.669116	-0.555039	-0.399484	-0.229176	-0.0533875	0.100273	0.212826	0.297759	0.367195	0.432488	0.501909	0.584836	0.66511	0.712735	0.733657	0.738382	0.728866	0.715004	
-0.0073485	-0.194022	-0.380281	-0.560054	-0.719416	-0.832678	-0.878625	-0.854232	-0.759699	-0.622942	-0.465412	-0.285047	-0.117514	0.0126475	0.109975	0.187415	0.262567	0.34469	0.441976	0.542065	0.626055	0.691329	0.734841	0.767372	0.802155	
0.0517929	-0.141416	-0.343612	-0.544855	-0.72887	-0.878625	-0.970825	-0.985737	-0.927814	-0.824056	-0.680023	-0.506495	-0.341197	-0.200598	-0.0902837	-0.00148351	0.0815661	0.167759	0.269369	0.383807	0.499452	0.599989	0.677799	0.756253	0.844864	
0.164173	-0.0307709	-0.243152	-0.460681	-0.669116	-0.854232	-0.985737	-1.04721	-1.03448	-0.963656	-0.84926	-0.705293	-0.552211	-0.405494	-0.286845	-0.195372	-0.111131	-0.0187927	0.0875936	0.209665	0.348654	0.480797	0.593801	0.714856	0.849812	
0.294576	0.108381	-0.106269	-0.331935	-0.555039	-0.759699	-0.927814	-1.03448	-1.0631	-1.03764	-0.963489	-0.850658	-0.715642	-0.576747	-0.466741	-0.380992	-0.295061	-0.202288	-0.100353	0.0290644	0.192581	0.354241	0.501835	0.66241	0.835638	
0.434047	0.266864	0.0570131	-0.170409	-0.399484	-0.622942	-0.824056	-0.963656	-1.03764	-1.0517	-1.00522	-0.926139	-0.819364	-0.702339	-0.605749	-0.52475	-0.448961	-0.369071	-0.271947	-0.137471	0.0382752	0.225757	0.415042	0.61423	0.813566	
0.568124	0.423491	0.22346	0.00164784	-0.229176	-0.465412	-0.680023	-0.84926	-0.963489	-1.00522	-0.994383	-0.953625	-0.873313	-0.773662	-0.682964	-0.611415	-0.551764	-0.48458	-0.398859	-0.272803	-0.0951335	0.113996	0.338289	0.563401	0.776456	
0.661722	0.548235	0.373422	0.171389	-0.0533875	-0.285047	-0.506495	-0.705293	-0.850658	-0.926139	-0.953625	-0.938235	-0.875858	-0.79223	-0.711927	-0.645982	-0.590676	-0.533656	-0.457761	-0.339946	-0.17502	0.0331309	0.270856	0.502706	0.71224	
0.707811	0.630426	0.492279	0.310846	0.100273	-0.117514	-0.341197	-0.552211	-0.715642	-0.819364	-0.873313	-0.875858	-0.838657	-0.781791	-0.70649	-0.630288	-0.570529	-0.512479	-0.43385	-0.32874	-0.189544	0.00258781	0.226116	0.431177	0.609247	
0.70696	0.666948	0.56137	0.400052	0.212826	0.0126475	-0.200598	-0.405494	-0.576747	-0.702339	-0.773662	-0.79223	-0.781791	-0.736613	-0.651679	-0.567388	-0.500098	-0.429828	-0.345631	-0.249802	-0.131302	0.0269305	0.19992	0.349486	0.475376	
0.683327	0.678915	0.601097	0.464366	0.297759	0.109975	-0.0902837	-0.286845	-0.466741	-0.605749	-0.682964	-0.711927	-0.70649	-0.651679	-0.563189	-0.472764	-0.38289	-0.291348	-0.199664	-0.113086	-0.0261544	0.0760236	0.180191	0.264589	0.328485	
0.657999	0.682654	0.633409	0.520095	0.367195	0.187415	-0.00148351	-0.195372	-0.380992	-0.52475	-0.611415	-0.645982	-0.630288	-0.567388	-0.472764	-0.352286	-0.220266	-0.103885	-0.0133033	0.0515146	0.0986437	0.134488	0.157187	0.172391	0.179157	
0.630378	0.68297	0.661332	0.572041	0.432488	0.262567	0.0815661	-0.111131	-0.295061	-0.448961	-0.551764	-0.590676	-0.570529	-0.500098	-0.38289	-0.220266	-0.0488407	0.0864479	0.176888	0.227782	0.233636	0.18961	0.12629	0.0796751	0.0357151	
0.604406	0.681667	0.687308	0.625766	0.501909	0.34469	0.167759	-0.0187927	-0.202288	-0.369071	-0.48458	-0.533656	-0.512479	-0.429828	-0.291348	-0.103885	0.0864479	0.239814	0.342638	0.380802	0.340551	0.233049	0.109863	0.00476536	-0.0999503	
0.572126	0.671716	0.713706	0.683896	0.584836	0.441976	0.269369	0.0875936	-0.100353	-0.271947	-0.398859	-0.457761	-0.43385	-0.345631	-0.199664	-0.0133033	0.176888	0.342638	0.444084	0.45838	0.392864	0.265636	0.108931	-0.054992	-0.221552	
0.519029	0.642907	0.722605	0.728579	0.66511	0.542065	0.383807	0.209665	0.0290644	-0.137471	-0.272803	-0.339946	-0.32874	-0.249802	-0.113086	0.0515146	0.227782	0.380802	0.45838	0.456194	0.388844	0.263953	0.0920594	-0.113326	-0.324855	
0.43998	0.580562	0.686773	0.733614	0.712735	0.626055	0.499452	0.348654	0.192581	0.0382752	-0.0951335	-0.17502	-0.189544	-0.131302	-0.0261544	0.0986437	0.233636	0.340551	0.392864	0.388844	0.327384	0.213606	0.0389971	-0.189385	-0.420717	
0.356264	0.50152	0.627581	0.712799	0.733657	0.691329	0.599989	0.480797	0.354241	0.225757	0.113996	0.0331309	0.00258781	0.0269305	0.0760236	0.134488	0.18961	0.233049	0.265636	0.263953	0.213606	0.109894	-0.0651028	-0.288346	-0.504931	
0.29254	0.433908	0.572766	0.682455	0.738382	0.734841	0.677799	0.593801	0.501835	0.415042	0.338289	0.270856	0.226116	0.19992	0.180191	0.157187	0.12629	0.109863	0.108931	0.0920594	0.0389971	-0.0651028	-0.216589	-0.388841	-0.569188	
0.235082	0.367704	0.510341	0.637718	0.728866	0.767372	0.756253	0.714856	0.66241	0.61423	0.563401	0.502706	0.431177	0.349486	0.264589	0.172391	0.0796751	0.00476536	-0.054992	-0.113326	-0.189385	-0.288346	-0.388841	-0.49644	-0.635061	
0.173227	0.297387	0.441183	0.587667	0.715004	0.802155	0.844864	0.849812	0.835638	0.813566	0.776456	0.71224	0.609247	0.475376	0.328485	0.179157	0.0357151	-0.0999503	-0.221552	-0.324855	-0.420717	-0.504931	-0.569188	-0.635061	-0.718774	
0.115834	0.230774	0.373866	0.534957	0.693468	0.829144	0.927056	0.983888	1.00968	1.0095	0.979391	0.903294	0.767379	0.582167	0.37409	0.16894	-0.0259348	-0.213156	-0.381826	-0.520022	-0.623978	-0.695423	-0.746294	-0.78328	-0.806279	
0.0658111	0.166762	0.30313	0.470165	0.654236	0.836062	0.992972	1.11052	1.18156	1.2029	1.17022	1.07069	0.897977	0.665143	0.403419	0.145601	-0.0959521	-0.321895	-0.526901	-0.692746	-0.801871	-0.863993	-0.899564	-0.905867	-0.878348	
0.0322571	0.116649	0.240273	0.40513	0.605724	0.824843	1.03673	1.21368	1.3305	1.37249	1.3322	1.20671	1.00146	0.732352	0.42844	0.122527	-0.163744	-0.423919	-0.653717	-0.83454	-0.949617	-1.007	-1.02159	-0.99371	-0.920653	
0.0136058	0.0871971	0.201079	0.363069	0.572912	0.816911	1.06775	1.28691	1.43614	1.48958	1.43895	1.29383	1.07121	0.787919	0.462868	0.119927	-0.212994	-0.511695	-0.759609	-0.945585	-1.0646	-1.11607	-1.10355	-1.03711	-0.929921	
-0.00347005	0.0690933	0.183128	0.34857	0.566991	0.826349	1.09728	1.33547	1.49548	1.54597	1.48207	1.32411	1.09873	0.821921	0.498742	0.138546	-0.230122	-0.564436	-0.831639	-1.02401	-1.14265	-1.18046	-1.13753	-1.03953	-0.92333	
-0.00773349	0.0654933	0.180631	0.347397	0.56792	0.830107	1.10395	1.34483	1.50553	1.55424	1.48757	1.32711	1.10183	0.827893	0.506308	0.143358	-0.231519	-0.572501	-0.844776	-1.03999	-1.15803	-1.19112	-1.14103	-1.03737	-0.921632	
0.00650996	0.0786667	0.19186	0.354504	0.567857	0.819335	1.08004	1.30963	1.46563	1.51885	1.46335	1.31224	1.08675	0.804793	0.478366	0.125328	-0.223846	-0.537193	-0.793246	-0.982609	-1.10166	-1.14699	-1.12177	-1.04184	-0.928514	
0.0239296	0.102577	0.221145	0.384545	0.589058	0.819898	1.0499	1.24627	1.3789	1.42688	1.38247	1.2485	1.03385	0.755836	0.441101	0.118818	-0.186745	-0.462322	-0.699304	-0.882108	-0.999072	-1.05496	-1.05991	-1.01736	-0.928219	
0.0500603	0.144694	0.27603	0.443257	0.635054	0.832767	1.01337	1.15514	1.24496	1.27557	1.23954	1.12944	0.942999	0.692975	0.412541	0.135735	-0.123184	-0.363432	-0.58029	-0.753619	-0.865108	-0.925071	-0.952254	-0.945103	-0.899609	
0.094405	0.204769	0.346091	0.510309	0.680442	0.834403	0.955628	1.03633	1.0788	1.08785	1.05815	0.973242	0.823405	0.61846	0.387021	0.160049	-0.0536745	-0.256907	-0.441526	-0.592598	-0.698697	-0.765798	-0.811203	-0.835912	-0.837733	
0.14937	0.269598	0.414146	0.566729	0.707607	0.815024	0.878913	0.904714	0.905968	0.892053	0.859268	0.79081	0.674353	0.520525	0.349272	0.177566	0.0128731	-0.145316	-0.287061	-0.405307	-0.505293	-0.583821	-0.642091	-0.696217	-0.754208	
0.21081	0.339399	0.4828	0.618244	0.723177	0.781604	0.791178	0.767502	0.731581	0.694361	0.650154	0.589613	0.504986	0.401863	0.292093	0.176744	0.0637658	-0.0364919	-0.122161	-0.198521	-0.283899	-0.377791	-0.460648	-0.5487	-0.666415	
0.270029	0.408768	0.549132	0.666853	0.73605	0.74789	0.708381	0.639544	0.563383	0.493817	0.428651	0.365947	0.312234	0.263907	0.217006	0.163129	0.104986	0.0661172	0.0438509	0.0129102	-0.0482183	-0.152364	-0.284211	-0.428616	-0.593243	
0.328078	0.473112	0.605134	0.701352	0.737681	0.710679	0.63307	0.527828	0.413845	0.301288	0.202728	0.126066	0.0904451	0.0962477	0.119514	0.145494	0.163647	0.182741	0.20495	0.200074	0.151459	0.0482783	-0.121386	-0.328579	-0.532052	
0.405043	0.548345	0.66379	0.726672	0.723344	0.654921	0.542307	0.404063	0.259475	0.113249	-0.014074	-0.0965092	-0.118678	-0.0728926	0.0122852	0.114769	0.221423	0.303261	0.347827	0.345054	0.288134	0.17998	0.00432818	-0.227536	-0.457334	
0.490236	0.622186	0.713579	0.735859	0.68854	0.577985	0.43096	0.263896	0.0914274	-0.0711155	-0.207652	-0.279919	-0.277727	-0.205073	-0.0789417	0.0713984	0.235626	0.373928	0.440853	0.436801	0.371036	0.249827	0.0763342	-0.14075	-0.364476	
0.553999	0.663822	0.721576	0.705009	0.619503	0.482631	0.313805	0.134499	-0.0531285	-0.223483	-0.354046	-0.416342	-0.395493	-0.309032	-0.163807	0.0158237	0.201774	0.366338	0.460064	0.465946	0.398195	0.27052	0.105523	-0.0773326	-0.264407	
0.59295	0.678273	0.698152	0.648532	0.533253	0.382543	0.2062	0.0222971	-0.162906	-0.333465	-0.453297	-0.506519	-0.48357	-0.397994	-0.25552	-0.0647187	0.12798	0.28796	0.393333	0.422116	0.367824	0.248088	0.109137	-0.0202866	-0.150497	
0.620208	0.683066	0.67127	0.59341	0.458742	0.294104	0.11546	-0.0756619	-0.258404	-0.41821	-0.526723	-0.569357	-0.548742	-0.47237	-0.346086	-0.171446	0.0105723	0.153065	0.248059	0.295361	0.282155	0.208076	0.116758	0.0468902	-0.0197715	
0.646869	0.683666	0.645463	0.541385	0.393981	0.217	0.0317663	-0.162191	-0.347733	-0.494588	-0.587049	-0.622413	-0.604836	-0.539679	-0.436661	-0.29911	-0.149801	-0.0252556	0.0635287	0.121294	0.153078	0.158191	0.145046	0.133881	0.120436	
0.673279	0.680428	0.614437	0.487133	0.326514	0.14266	-0.0529243	-0.248051	-0.430879	-0.572245	-0.652478	-0.683421	-0.673819	-0.615874	-0.527339	-0.427891	-0.322067	-0.21998	-0.127455	-0.0493155	0.0211596	0.0983269	0.172259	0.22905	0.268524	
0.698745	0.673675	0.578559	0.427385	0.248965	0.0543939	-0.152625	-0.35391	-0.528283	-0.660131	-0.734913	-0.759022	-0.754171	-0.706042	-0.618236	-0.533024	-0.458968	-0.381116	-0.293903	-0.200148	-0.0924741	0.0443543	0.19104	0.315977	0.417964	
0.711766	0.650025	0.525979	0.351769	0.150785	-0.0606267	-0.281605	-0.491572	-0.659173	-0.772118	-0.834097	-0.842713	-0.817691	-0.769793	-0.69099	-0.609736	-0.547569	-0.485754	-0.405859	-0.305692	-0.174109	0.00773731	0.214119	0.398664	0.55812	
0.68631	0.586255	0.426252	0.232787	0.0123672	-0.213925	-0.437698	-0.64415	-0.798698	-0.886561	-0.926375	-0.919024	-0.86448	-0.790518	-0.71433	-0.645577	-0.58899	-0.533404	-0.457564	-0.344514	-0.189746	0.0138881	0.250552	0.475653	0.675208	
0.611323	0.478536	0.28568	0.0708248	-0.158592	-0.395361	-0.612566	-0.794318	-0.922057	-0.976486	-0.981156	-0.952394	-0.88111	-0.787082	-0.698841	-0.631015	-0.574909	-0.512495	-0.432243	-0.309135	-0.134029	0.076733	0.309147	0.540693	0.755082	
