-0.60617	-0.398043	-0.190312	-0.00635683	0.134348	0.21722	0.255841	0.255054	0.227499	0.175162	0.123811	0.0983408	0.118549	0.193119	0.317589	0.480794	0.668822	0.850908	0.98791	1.05371	1.04233	0.943014	0.76429	0.517428	0.225266	
-0.398043	-0.194185	0.0017373	0.171322	0.292807	0.352431	0.357398	0.319147	0.25242	0.1652	0.0840778	0.0358441	0.0423252	0.104853	0.226276	0.38927	0.579194	0.768869	0.914717	0.99508	1.00311	0.923996	0.757075	0.520442	0.240607	
-0.190312	0.0017373	0.177846	0.322786	0.418874	0.454518	0.428511	0.360107	0.257672	0.141346	0.0368275	-0.0221282	-0.021351	0.0402146	0.159878	0.324628	0.508276	0.693626	0.842409	0.93787	0.962702	0.903088	0.747194	0.520397	0.250829	
-0.00635683	0.171322	0.322786	0.439415	0.505675	0.515882	0.464499	0.368667	0.245961	0.110455	-0.00554361	-0.0690576	-0.0696333	-0.00697053	0.107864	0.263988	0.441179	0.615173	0.763089	0.861029	0.899548	0.858394	0.720319	0.50749	0.25251	
0.134348	0.292807	0.418874	0.505675	0.537086	0.519931	0.447701	0.335489	0.202999	0.0684748	-0.0371034	-0.09655	-0.102077	-0.0502997	0.0528637	0.199103	0.366728	0.527711	0.662147	0.760479	0.805888	0.776085	0.657586	0.468062	0.243	
0.21722	0.352431	0.454518	0.515882	0.519931	0.47421	0.38377	0.264458	0.13543	0.0176536	-0.0664315	-0.115988	-0.122228	-0.0847306	-0.00087108	0.123538	0.273065	0.419046	0.541256	0.639516	0.684504	0.663014	0.570977	0.419189	0.233105	
0.255841	0.357398	0.428511	0.464499	0.447701	0.38377	0.283491	0.162757	0.0464069	-0.0427514	-0.0998923	-0.132127	-0.138532	-0.111414	-0.0520888	0.043039	0.167581	0.299554	0.414067	0.507328	0.553074	0.545106	0.483263	0.37138	0.220282	
0.255054	0.319147	0.360107	0.368667	0.335489	0.264458	0.162757	0.0554366	-0.0424775	-0.103442	-0.130547	-0.147003	-0.153891	-0.140613	-0.104234	-0.0295801	0.0724333	0.185256	0.289596	0.379314	0.433447	0.441613	0.408985	0.331129	0.221443	
0.227499	0.25242	0.257672	0.245961	0.202999	0.13543	0.0464069	-0.0424775	-0.104321	-0.137403	-0.14806	-0.160159	-0.177481	-0.178362	-0.155882	-0.0968398	-0.0113294	0.0890411	0.191803	0.283413	0.337779	0.356307	0.353474	0.315249	0.252044	
0.175162	0.1652	0.141346	0.110455	0.0684748	0.0176536	-0.0427514	-0.103442	-0.137403	-0.151269	-0.156268	-0.175258	-0.205607	-0.222719	-0.212629	-0.168171	-0.0890689	0.0119179	0.123933	0.214138	0.264181	0.29614	0.323044	0.327153	0.310124	
0.123811	0.0840778	0.0368275	-0.00554361	-0.0371034	-0.0664315	-0.0998923	-0.130547	-0.14806	-0.156268	-0.171559	-0.197347	-0.234613	-0.266794	-0.271629	-0.239041	-0.157995	-0.0517777	0.0589731	0.154848	0.215978	0.267827	0.32011	0.355935	0.383762	
0.0983408	0.0358441	-0.0221282	-0.0690576	-0.09655	-0.115988	-0.132127	-0.147003	-0.160159	-0.175258	-0.197347	-0.230538	-0.270751	-0.310821	-0.32769	-0.300149	-0.225826	-0.127048	-0.0155878	0.0948711	0.183756	0.256107	0.330055	0.400602	0.464438	
0.118549	0.0423252	-0.021351	-0.0696333	-0.102077	-0.122228	-0.138532	-0.153891	-0.177481	-0.205607	-0.234613	-0.270751	-0.313559	-0.354255	-0.373607	-0.355119	-0.295111	-0.205972	-0.0893514	0.0367399	0.147083	0.24137	0.341628	0.444437	0.539071	
0.193119	0.104853	0.0402146	-0.00697053	-0.0502997	-0.0847306	-0.111414	-0.140613	-0.178362	-0.222719	-0.266794	-0.310821	-0.354255	-0.388229	-0.404176	-0.395378	-0.347535	-0.261766	-0.148281	-0.0200316	0.103202	0.219374	0.339143	0.464105	0.584904	
0.317589	0.226276	0.159878	0.107864	0.0528637	-0.00087108	-0.0520888	-0.104234	-0.155882	-0.212629	-0.271629	-0.32769	-0.373607	-0.404176	-0.417514	-0.408992	-0.369053	-0.29517	-0.195264	-0.0742613	0.0581346	0.187885	0.316486	0.45555	0.596478	
0.480794	0.38927	0.324628	0.263988	0.199103	0.123538	0.043039	-0.0295801	-0.0968398	-0.168171	-0.239041	-0.300149	-0.355119	-0.395378	-0.408992	-0.395581	-0.362721	-0.305644	-0.221075	-0.107694	0.0193062	0.146869	0.277342	0.422218	0.568613	
0.668822	0.579194	0.508276	0.441179	0.366728	0.273065	0.167581	0.0724333	-0.0113294	-0.0890689	-0.157995	-0.225826	-0.295111	-0.347535	-0.369053	-0.362721	-0.349374	-0.306791	-0.231224	-0.127155	-0.0120351	0.105036	0.233937	0.372683	0.508839	
0.850908	0.768869	0.693626	0.615173	0.527711	0.419046	0.299554	0.185256	0.0890411	0.0119179	-0.0517777	-0.127048	-0.205972	-0.261766	-0.29517	-0.305644	-0.306791	-0.280102	-0.21838	-0.131093	-0.0314607	0.0750974	0.19328	0.317739	0.432265	
0.98791	0.914717	0.842409	0.763089	0.662147	0.541256	0.414067	0.289596	0.191803	0.123933	0.0589731	-0.0155878	-0.0893514	-0.148281	-0.195264	-0.221075	-0.231224	-0.21838	-0.183855	-0.120676	-0.03956	0.0540671	0.163356	0.27192	0.364493	
1.05371	0.99508	0.93787	0.861029	0.760479	0.639516	0.507328	0.379314	0.283413	0.214138	0.154848	0.0948711	0.0367399	-0.0200316	-0.0742613	-0.107694	-0.127155	-0.131093	-0.120676	-0.0872722	-0.0315659	0.0434966	0.139043	0.23631	0.317623	
1.04233	1.00311	0.962702	0.899548	0.805888	0.684504	0.553074	0.433447	0.337779	0.264181	0.215978	0.183756	0.147083	0.103202	0.0581346	0.0193062	-0.0120351	-0.0314607	-0.03956	-0.0315659	-0.00482512	0.045998	0.121849	0.205646	0.283706	
0.943014	0.923996	0.903088	0.858394	0.776085	0.663014	0.545106	0.441613	0.356307	0.29614	0.267827	0.256107	0.24137	0.219374	0.187885	0.146869	0.105036	0.0750974	0.0540671	0.0434966	0.045998	0.0753707	0.133584	0.202176	0.273536	
0.76429	0.757075	0.747194	0.720319	0.657586	0.570977	0.483263	0.408985	0.353474	0.323044	0.32011	0.330055	0.341628	0.339143	0.316486	0.277342	0.233937	0.19328	0.163356	0.139043	0.121849	0.133584	0.177252	0.234933	0.308187	
0.517428	0.520442	0.520397	0.50749	0.468062	0.419189	0.37138	0.331129	0.315249	0.327153	0.355935	0.400602	0.444437	0.464105	0.45555	0.422218	0.372683	0.317739	0.27192	0.23631	0.205646	0.202176	0.234933	0.297881	0.38767	
0.225266	0.240607	0.250829	0.25251	0.243	0.233105	0.220282	0.221443	0.252044	0.310124	0.383762	0.464438	0.539071	0.584904	0.596478	0.568613	0.508839	0.432265	0.364493	0.317623	0.283706	0.273536	0.308187	0.38767	0.499988	
-0.0970136	-0.069024	-0.0455369	-0.0250303	-0.00301018	0.0243698	0.0563304	0.103974	0.181096	0.287382	0.412401	0.533543	0.632745	0.701028	0.725607	0.698039	0.626644	0.530289	0.44186	0.383731	0.349886	0.345744	0.393048	0.494614	0.621554	
-0.424912	-0.394664	-0.361109	-0.315892	-0.257974	-0.187453	-0.106703	-0.0103409	0.111915	0.26867	0.441256	0.601117	0.727274	0.810753	0.840012	0.806697	0.720825	0.611241	0.507948	0.436461	0.399762	0.407412	0.473315	0.58887	0.730637	
-0.718629	-0.696893	-0.658196	-0.597455	-0.507018	-0.391884	-0.256425	-0.103651	0.0719677	0.268556	0.47592	0.66253	0.805107	0.894804	0.923799	0.890677	0.798286	0.679578	0.567247	0.481144	0.441317	0.46132	0.53878	0.660922	0.812341	
-0.939205	-0.929205	-0.890634	-0.815847	-0.698867	-0.546738	-0.364191	-0.161874	0.0569971	0.284622	0.505939	0.702619	0.851052	0.942209	0.971085	0.941595	0.853145	0.733971	0.610702	0.515222	0.473979	0.499242	0.586175	0.716013	0.869566	
-1.05454	-1.05644	-1.02218	-0.943985	-0.809885	-0.634085	-0.425241	-0.195669	0.0457879	0.28391	0.510027	0.709902	0.865314	0.961237	0.987594	0.962278	0.886135	0.770847	0.639046	0.536195	0.49068	0.508964	0.599802	0.740824	0.894842	
-1.07232	-1.07719	-1.0443	-0.965397	-0.828379	-0.648866	-0.43543	-0.201057	0.0427676	0.28128	0.508431	0.708932	0.866253	0.96333	0.98898	0.964515	0.89237	0.777214	0.64338	0.539626	0.492748	0.508546	0.599761	0.743298	0.898497	
-0.998223	-0.993386	-0.956017	-0.879137	-0.754003	-0.590048	-0.394066	-0.178965	0.0521366	0.287181	0.510634	0.70841	0.859696	0.952889	0.980499	0.952874	0.869229	0.751692	0.623727	0.525272	0.483216	0.506368	0.595179	0.730067	0.883329	
-0.817187	-0.800884	-0.761814	-0.695006	-0.592551	-0.460991	-0.305846	-0.13042	0.0648187	0.27495	0.490207	0.682064	0.828274	0.918	0.947524	0.914991	0.822956	0.702792	0.586547	0.496123	0.455693	0.479192	0.56145	0.685044	0.838639	
-0.548871	-0.520929	-0.484355	-0.432525	-0.361023	-0.272521	-0.168983	-0.0514724	0.09127	0.264886	0.454177	0.627444	0.761158	0.848163	0.878285	0.844673	0.753807	0.639808	0.533161	0.455624	0.416891	0.429896	0.500888	0.620062	0.766211	
-0.228909	-0.199421	-0.171208	-0.140334	-0.104026	-0.0599878	-0.0103575	0.0572004	0.152365	0.279424	0.423958	0.560503	0.671192	0.7462	0.773658	0.743472	0.666822	0.564634	0.468848	0.406165	0.371724	0.371495	0.426968	0.534557	0.66818	
0.0988963	0.120108	0.136077	0.143926	0.146172	0.15085	0.156045	0.174947	0.224284	0.300679	0.39514	0.491799	0.576504	0.632099	0.649578	0.622891	0.559338	0.473884	0.397184	0.345516	0.312265	0.303302	0.341317	0.430527	0.548711	
0.405239	0.412432	0.416005	0.408918	0.381064	0.348555	0.314249	0.289587	0.291526	0.322186	0.366962	0.426015	0.482913	0.513448	0.512949	0.481816	0.427955	0.365238	0.310877	0.271236	0.237444	0.229806	0.2621	0.330178	0.429718	
0.6718	0.669249	0.663597	0.642286	0.588052	0.515684	0.443778	0.38273	0.34292	0.328061	0.33654	0.359592	0.383809	0.389021	0.370636	0.334005	0.288893	0.242963	0.208347	0.178951	0.155645	0.160649	0.199005	0.257222	0.335079	
0.880647	0.867397	0.851248	0.814999	0.739931	0.635141	0.527916	0.434316	0.357606	0.308061	0.289768	0.28589	0.280212	0.266314	0.238663	0.198204	0.155302	0.121088	0.096356	0.0798238	0.0737727	0.0964213	0.148565	0.211362	0.28177	
1.01326	0.98253	0.949636	0.893834	0.803831	0.683472	0.555508	0.441193	0.348341	0.277662	0.235866	0.21309	0.184908	0.150262	0.110654	0.0702221	0.0336937	0.0103621	-0.00366535	-0.00417337	0.012029	0.053618	0.121554	0.199532	0.27471	
1.05866	1.00782	0.956816	0.884808	0.786924	0.665866	0.532565	0.407086	0.310575	0.238652	0.183386	0.133873	0.0835883	0.0299994	-0.0217928	-0.05741	-0.0814392	-0.0927437	-0.0897532	-0.0673207	-0.0230937	0.0424299	0.130389	0.223011	0.303369	
1.02328	0.95515	0.88799	0.808388	0.70593	0.584051	0.455049	0.326929	0.230755	0.164848	0.10112	0.0304433	-0.038506	-0.0973357	-0.149112	-0.17846	-0.192292	-0.185554	-0.16188	-0.110359	-0.038655	0.0486196	0.152918	0.257128	0.343037	
0.912759	0.834209	0.758983	0.679317	0.58562	0.471139	0.34752	0.22891	0.130477	0.0567221	-0.00778779	-0.0845311	-0.162022	-0.218804	-0.257812	-0.275492	-0.280588	-0.259277	-0.207794	-0.129519	-0.0362705	0.0654364	0.180242	0.297415	0.402658	
0.744215	0.657915	0.584527	0.512765	0.433347	0.333025	0.221882	0.117459	0.0275278	-0.0510328	-0.117139	-0.187779	-0.262739	-0.317714	-0.342807	-0.342801	-0.336673	-0.300676	-0.228526	-0.130067	-0.020765	0.0921569	0.216853	0.351019	0.479153	
0.554611	0.462168	0.396425	0.33346	0.265414	0.182135	0.089452	0.00843702	-0.0647092	-0.139889	-0.211777	-0.2752	-0.335451	-0.380876	-0.397573	-0.385032	-0.359184	-0.307696	-0.227373	-0.117102	0.00470394	0.128938	0.259859	0.403481	0.54797	
0.378449	0.287803	0.222412	0.166481	0.106727	0.0443148	-0.0181028	-0.0785103	-0.136677	-0.199596	-0.264289	-0.322651	-0.370779	-0.404231	-0.416759	-0.406088	-0.367938	-0.30085	-0.207742	-0.0903154	0.0418175	0.1723	0.3022	0.444916	0.589731	
0.238035	0.146669	0.0808826	0.032771	-0.0149641	-0.0569108	-0.0917835	-0.129416	-0.172825	-0.222391	-0.272084	-0.321814	-0.366231	-0.397067	-0.411866	-0.404336	-0.360688	-0.278333	-0.169445	-0.0432938	0.0850556	0.208302	0.3326	0.464016	0.593922	
0.14162	0.0603132	-0.00370443	-0.051469	-0.0875193	-0.112091	-0.131712	-0.151568	-0.17992	-0.215053	-0.250132	-0.287767	-0.33071	-0.369165	-0.387931	-0.374118	-0.318844	-0.230859	-0.114535	0.0139356	0.130416	0.233617	0.343	0.456176	0.561613	
0.100273	0.031695	-0.0294136	-0.0771828	-0.106547	-0.123873	-0.137894	-0.151245	-0.168226	-0.187616	-0.212063	-0.246299	-0.287547	-0.328818	-0.347833	-0.323035	-0.253882	-0.159778	-0.0461119	0.0711403	0.16973	0.250767	0.335064	0.419147	0.49628	
0.109133	0.0584816	0.0062382	-0.0382877	-0.0664794	-0.091095	-0.115833	-0.13838	-0.151153	-0.160577	-0.17964	-0.209453	-0.248386	-0.283947	-0.294573	-0.264287	-0.184713	-0.080238	0.0302458	0.131332	0.202297	0.262997	0.323382	0.3725	0.41522	
