-0.387429	-0.38963	-0.385222	-0.379282	-0.375025	-0.373417	-0.377928	-0.382294	-0.388714	-0.389185	-0.381241	-0.368176	-0.379248	-0.419826	-0.481471	-0.554163	-0.639618	-0.712676	-0.748981	-0.750214	-0.724639	-0.668689	-0.58629	-0.486471	-0.363428	
-0.290216	-0.292561	-0.301856	-0.310265	-0.309302	-0.308597	-0.310785	-0.306163	-0.295518	-0.290045	-0.293094	-0.300768	-0.323885	-0.368711	-0.43152	-0.506986	-0.59149	-0.655995	-0.673647	-0.644888	-0.5896	-0.514062	-0.421718	-0.311343	-0.179014	
-0.225006	-0.226347	-0.249972	-0.271636	-0.274229	-0.273852	-0.274206	-0.260794	-0.234005	-0.221959	-0.238096	-0.269998	-0.307377	-0.353036	-0.411662	-0.48403	-0.557854	-0.605436	-0.599969	-0.543407	-0.453407	-0.354204	-0.249634	-0.129972	0.0141214	
-0.199308	-0.198192	-0.230614	-0.260208	-0.266691	-0.266173	-0.264818	-0.244896	-0.209002	-0.193373	-0.220771	-0.274004	-0.326534	-0.373217	-0.42485	-0.487181	-0.542184	-0.563339	-0.533671	-0.45335	-0.334652	-0.206624	-0.0872184	0.0408143	0.19177	
-0.215769	-0.210232	-0.239544	-0.270072	-0.277995	-0.278804	-0.274503	-0.254222	-0.219235	-0.208058	-0.242423	-0.309894	-0.375315	-0.426784	-0.471209	-0.518291	-0.547007	-0.536961	-0.480799	-0.383242	-0.243166	-0.0889381	0.0536121	0.189852	0.343323	
-0.26214	-0.247409	-0.264065	-0.284942	-0.292483	-0.293205	-0.288805	-0.273666	-0.251608	-0.251634	-0.290221	-0.360914	-0.433264	-0.489961	-0.528101	-0.554455	-0.551587	-0.507559	-0.425032	-0.311069	-0.158334	0.0165657	0.182336	0.331554	0.478604	
-0.322263	-0.297102	-0.29276	-0.296889	-0.297466	-0.29774	-0.297024	-0.294645	-0.293151	-0.309131	-0.350632	-0.41606	-0.486064	-0.542774	-0.573248	-0.575568	-0.538174	-0.46107	-0.35331	-0.221701	-0.0571894	0.128999	0.31229	0.473323	0.612326	
-0.383253	-0.346052	-0.320061	-0.301573	-0.288481	-0.286717	-0.295073	-0.31263	-0.333832	-0.366978	-0.411074	-0.469435	-0.527164	-0.57411	-0.590351	-0.568708	-0.497889	-0.391678	-0.262107	-0.111703	0.0677089	0.260831	0.447724	0.611847	0.740386	
-0.43695	-0.39055	-0.346408	-0.304147	-0.273259	-0.267415	-0.289803	-0.329333	-0.372626	-0.417617	-0.466344	-0.516923	-0.558	-0.579499	-0.572268	-0.52378	-0.425662	-0.293433	-0.145588	0.0235731	0.220534	0.421423	0.600613	0.749103	0.857528	
-0.474481	-0.422863	-0.366235	-0.304719	-0.256639	-0.247708	-0.282078	-0.342197	-0.400821	-0.454132	-0.503908	-0.549834	-0.569312	-0.556883	-0.51187	-0.435315	-0.313658	-0.162674	0.00265324	0.186516	0.397254	0.603262	0.769038	0.884106	0.952373	
-0.495024	-0.443078	-0.380727	-0.30858	-0.252739	-0.241639	-0.282351	-0.352151	-0.420063	-0.475027	-0.522811	-0.558409	-0.556164	-0.503212	-0.414851	-0.301749	-0.160201	0.00677728	0.185275	0.381181	0.594149	0.794103	0.939567	1.01335	1.02367	
-0.508951	-0.462179	-0.400386	-0.330547	-0.279541	-0.269566	-0.306198	-0.372087	-0.439595	-0.492093	-0.530065	-0.54797	-0.518805	-0.429748	-0.297426	-0.14607	0.0215052	0.200291	0.388242	0.587124	0.790499	0.965606	1.07794	1.10798	1.05987	
-0.522901	-0.488346	-0.436065	-0.381532	-0.346948	-0.340848	-0.36445	-0.413184	-0.469077	-0.512014	-0.531865	-0.521547	-0.461205	-0.340783	-0.176202	0.0116021	0.207082	0.400995	0.587956	0.776935	0.953501	1.08693	1.14944	1.13042	1.03317	
-0.528254	-0.517329	-0.487068	-0.457674	-0.445684	-0.443556	-0.451556	-0.47349	-0.506841	-0.526915	-0.519394	-0.472259	-0.377673	-0.231223	-0.0465734	0.164615	0.385707	0.592513	0.7723	0.930964	1.06217	1.1387	1.1416	1.06871	0.929224	
-0.495324	-0.523352	-0.528806	-0.530949	-0.539321	-0.54178	-0.534396	-0.529234	-0.52709	-0.510256	-0.461701	-0.3755	-0.24689	-0.0800374	0.114615	0.333122	0.562267	0.771743	0.932175	1.04563	1.10963	1.11652	1.05617	0.931352	0.755825	
-0.419568	-0.500801	-0.553798	-0.588389	-0.61414	-0.618403	-0.601091	-0.568479	-0.525484	-0.455047	-0.356454	-0.227585	-0.0723646	0.11047	0.307569	0.519644	0.734004	0.92158	1.04884	1.10716	1.09873	1.03025	0.911169	0.746736	0.5475	
-0.31588	-0.45718	-0.561615	-0.629632	-0.669934	-0.676936	-0.649392	-0.592387	-0.503806	-0.376125	-0.219157	-0.049766	0.128662	0.317802	0.512157	0.706208	0.885568	1.02498	1.09845	1.10042	1.02859	0.900359	0.735314	0.547199	0.342254	
-0.193634	-0.389374	-0.541126	-0.64225	-0.700595	-0.709975	-0.671229	-0.586385	-0.456778	-0.275388	-0.0671257	0.142787	0.338262	0.528203	0.707514	0.873458	1.00287	1.07552	1.07949	1.02103	0.903773	0.740568	0.553893	0.355893	0.153997	
-0.0583489	-0.290211	-0.477445	-0.61024	-0.69003	-0.703635	-0.649334	-0.536334	-0.371715	-0.155015	0.0895839	0.327319	0.53696	0.717756	0.870562	0.99158	1.06115	1.06047	0.990217	0.872407	0.718688	0.544916	0.360335	0.170299	-0.0227211	
0.0813425	-0.163841	-0.369872	-0.527944	-0.628187	-0.646019	-0.576682	-0.43852	-0.251972	-0.0197135	0.235517	0.484164	0.695292	0.861884	0.976413	1.04271	1.04567	0.977394	0.845148	0.677771	0.496995	0.32035	0.154896	-0.0117313	-0.183723	
0.221344	-0.0137421	-0.220775	-0.388636	-0.500372	-0.52038	-0.442791	-0.29267	-0.10084	0.125231	0.368196	0.602463	0.798732	0.939479	1.01413	1.02377	0.965553	0.841367	0.667103	0.47094	0.272896	0.0975263	-0.0497676	-0.183069	-0.320278	
0.36948	0.162973	-0.0226473	-0.1789	-0.284243	-0.303888	-0.229645	-0.089218	0.0856191	0.285803	0.495292	0.692883	0.850186	0.952167	0.983906	0.947963	0.841845	0.678312	0.478849	0.27026	0.0688072	-0.104247	-0.235625	-0.340876	-0.436528	
0.513166	0.355496	0.213018	0.0946375	0.0128089	-0.00188389	0.0550869	0.162952	0.295753	0.44949	0.608315	0.749938	0.849455	0.896258	0.883995	0.813222	0.681128	0.497523	0.287971	0.0793779	-0.114932	-0.273522	-0.386696	-0.463507	-0.52303	
0.63827	0.546407	0.469946	0.407503	0.363309	0.354617	0.38663	0.44372	0.513776	0.600667	0.692558	0.766037	0.796243	0.780436	0.72064	0.624313	0.483062	0.301699	0.100022	-0.0957579	-0.269888	-0.402644	-0.48379	-0.530431	-0.558342	
0.735196	0.727159	0.729319	0.733142	0.728633	0.727702	0.731526	0.732338	0.726781	0.73109	0.741137	0.737161	0.695902	0.616941	0.51137	0.391082	0.25046	0.0872161	-0.085354	-0.248104	-0.387659	-0.481834	-0.525567	-0.537462	-0.541762	
0.818377	0.901707	0.98759	1.05344	1.08572	1.09026	1.07039	1.01809	0.936961	0.851098	0.768952	0.680207	0.566119	0.428594	0.279909	0.137272	-0.0027105	-0.140492	-0.269325	-0.380515	-0.469472	-0.520693	-0.527856	-0.514264	-0.500706	
0.901707	1.07532	1.23483	1.35317	1.41248	1.42202	1.38344	1.28935	1.1422	0.971775	0.796981	0.620215	0.432653	0.239226	0.0541962	-0.106395	-0.242312	-0.353095	-0.433559	-0.485246	-0.517421	-0.522963	-0.501542	-0.470749	-0.450525	
0.98759	1.23483	1.4524	1.60742	1.68623	1.69827	1.64762	1.52356	1.32727	1.08854	0.832958	0.574013	0.314164	0.0679316	-0.147411	-0.31542	-0.439561	-0.520993	-0.558197	-0.559225	-0.540998	-0.5061	-0.456327	-0.412261	-0.387202	
1.05344	1.35317	1.60742	1.78634	1.87646	1.89065	1.83206	1.68962	1.46183	1.17695	0.862489	0.537745	0.216525	-0.0760618	-0.313522	-0.479839	-0.583621	-0.635203	-0.639387	-0.606912	-0.556074	-0.488443	-0.411087	-0.346559	-0.31478	
1.08572	1.41248	1.68623	1.87646	1.97299	1.98795	1.92547	1.77364	1.52993	1.22113	0.873584	0.509701	0.148879	-0.173723	-0.42488	-0.586202	-0.6722	-0.701865	-0.686386	-0.638495	-0.571548	-0.485139	-0.384847	-0.301321	-0.258968	
1.09026	1.42202	1.69827	1.89065	1.98795	2.00319	1.94008	1.78669	1.54068	1.2278	0.875037	0.504075	0.136542	-0.191692	-0.444966	-0.605092	-0.687446	-0.712689	-0.694136	-0.643524	-0.574756	-0.484505	-0.380372	-0.292265	-0.248282	
1.07039	1.38344	1.64762	1.83206	1.92547	1.94008	1.87955	1.73251	1.49658	1.19972	0.868522	0.524528	0.18389	-0.123169	-0.367329	-0.531537	-0.626965	-0.668388	-0.662758	-0.622657	-0.563218	-0.486463	-0.397945	-0.324926	-0.288402	
1.01809	1.28935	1.52356	1.68962	1.77364	1.78669	1.73251	1.59988	1.38922	1.12916	0.84715	0.559017	0.272811	0.0067189	-0.218341	-0.386354	-0.502925	-0.571942	-0.594867	-0.580087	-0.546951	-0.497411	-0.436738	-0.385089	-0.358353	
0.936961	1.1422	1.32727	1.46183	1.52993	1.54068	1.49658	1.38922	1.22029	1.02024	0.810809	0.599799	0.382689	0.167647	-0.0302383	-0.195341	-0.327461	-0.427143	-0.488978	-0.519005	-0.529064	-0.517901	-0.485017	-0.449338	-0.427061	
0.851098	0.971775	1.08854	1.17695	1.22113	1.2278	1.19972	1.12916	1.02024	0.89915	0.779344	0.655243	0.511971	0.351917	0.187779	0.0371474	-0.102114	-0.228927	-0.33852	-0.425491	-0.492046	-0.524858	-0.520259	-0.498893	-0.481719	
0.768952	0.796981	0.832958	0.862489	0.873584	0.875037	0.868522	0.84715	0.810809	0.779344	0.753235	0.716017	0.645999	0.542915	0.419658	0.289604	0.149598	-0.00424814	-0.159958	-0.304168	-0.424741	-0.5024	-0.530682	-0.530863	-0.526804	
0.680207	0.620215	0.574013	0.537745	0.509701	0.504075	0.524528	0.559017	0.599799	0.655243	0.716017	0.759661	0.761458	0.720272	0.641476	0.535614	0.393808	0.218697	0.0261061	-0.158838	-0.321333	-0.439802	-0.506144	-0.538777	-0.55657	
0.566119	0.432653	0.314164	0.216525	0.148879	0.136542	0.18389	0.272811	0.382689	0.511971	0.645999	0.761458	0.834451	0.856309	0.825413	0.743111	0.606204	0.420632	0.212166	0.00634245	-0.181363	-0.331012	-0.432613	-0.497614	-0.544067	
0.428594	0.239226	0.0679316	-0.0760618	-0.173723	-0.191692	-0.123169	0.0067189	0.167647	0.351917	0.542915	0.720272	0.856309	0.938188	0.952207	0.901345	0.78212	0.608295	0.402651	0.19264	-0.00718196	-0.176075	-0.300902	-0.395299	-0.475806	
0.279909	0.0541962	-0.147411	-0.313522	-0.42488	-0.444966	-0.367329	-0.218341	-0.0302383	0.187779	0.419658	0.641476	0.825413	0.952207	1.01032	0.999782	0.920718	0.778308	0.592275	0.389326	0.188472	0.0135737	-0.12738	-0.248584	-0.369304	
0.137272	-0.106395	-0.31542	-0.479839	-0.586202	-0.605092	-0.531537	-0.386354	-0.195341	0.0371474	0.289604	0.535614	0.743111	0.901345	0.999782	1.04307	1.02032	0.928023	0.776623	0.595017	0.406173	0.229297	0.0718689	-0.0819767	-0.241186	
-0.0027105	-0.242312	-0.439561	-0.583621	-0.6722	-0.687446	-0.626965	-0.502925	-0.327461	-0.102114	0.149598	0.393808	0.606204	0.78212	0.920718	1.02032	1.06365	1.03479	0.937547	0.798071	0.632038	0.456722	0.278527	0.0966616	-0.0896083	
-0.140492	-0.353095	-0.520993	-0.635203	-0.701865	-0.712689	-0.668388	-0.571942	-0.427143	-0.228927	-0.00424814	0.218697	0.420632	0.608295	0.778308	0.928023	1.03479	1.07812	1.05238	0.969021	0.836535	0.666467	0.478569	0.28154	0.08218	
-0.269325	-0.433559	-0.558197	-0.639387	-0.686386	-0.694136	-0.662758	-0.594867	-0.488978	-0.33852	-0.159958	0.0261061	0.212166	0.402651	0.592275	0.776623	0.937547	1.05238	1.09912	1.07737	0.985205	0.840292	0.663692	0.469956	0.265467	
-0.380515	-0.485246	-0.559225	-0.606912	-0.638495	-0.643524	-0.622657	-0.580087	-0.519005	-0.425491	-0.304168	-0.158838	0.00634245	0.19264	0.389326	0.595017	0.798071	0.969021	1.07737	1.11255	1.07743	0.982303	0.842846	0.666814	0.463013	
-0.469472	-0.517421	-0.540998	-0.556074	-0.571548	-0.574756	-0.563218	-0.546951	-0.529064	-0.492046	-0.424741	-0.321333	-0.181363	-0.00718196	0.188472	0.406173	0.632038	0.836535	0.985205	1.07743	1.11233	1.08885	1.00397	0.86092	0.674366	
-0.520693	-0.522963	-0.5061	-0.488443	-0.485139	-0.484505	-0.486463	-0.497411	-0.517901	-0.524858	-0.5024	-0.439802	-0.331012	-0.176075	0.0135737	0.229297	0.456722	0.666467	0.840292	0.982303	1.08885	1.13873	1.11586	1.02163	0.866653	
-0.527856	-0.501542	-0.456327	-0.411087	-0.384847	-0.380372	-0.397945	-0.436738	-0.485017	-0.520259	-0.530682	-0.506144	-0.432613	-0.300902	-0.12738	0.0718689	0.278527	0.478569	0.663692	0.842846	1.00397	1.11586	1.15592	1.1156	1.00163	
-0.514264	-0.470749	-0.412261	-0.346559	-0.301321	-0.292265	-0.324926	-0.385089	-0.449338	-0.498893	-0.530863	-0.538777	-0.497614	-0.395299	-0.248584	-0.0819767	0.0966616	0.28154	0.469956	0.666814	0.86092	1.02163	1.1156	1.1272	1.05754	
-0.500706	-0.450525	-0.387202	-0.31478	-0.258968	-0.248282	-0.288402	-0.358353	-0.427061	-0.481719	-0.526804	-0.55657	-0.544067	-0.475806	-0.369304	-0.241186	-0.0896083	0.08218	0.265467	0.463013	0.674366	0.866653	1.00163	1.05754	1.04376	
