0.262633	0.390253	0.484596	0.537128	0.555825	0.556538	0.548143	0.510123	0.433418	0.315224	0.18349	0.0586791	-0.0550719	-0.143705	-0.188093	-0.187894	-0.145338	-0.0688914	0.0160911	0.0870196	0.125036	0.134697	0.127208	0.111989	0.0765134	
0.177791	0.297383	0.395113	0.454401	0.476294	0.47867	0.466749	0.424057	0.340931	0.225786	0.107229	-0.000888974	-0.0859866	-0.143526	-0.155421	-0.123262	-0.0596234	0.0240903	0.10823	0.15852	0.165367	0.137275	0.0987596	0.062911	0.013297	
0.0822803	0.168981	0.251913	0.308511	0.332976	0.337702	0.321439	0.278548	0.20462	0.115608	0.0347071	-0.0384343	-0.0872714	-0.111716	-0.0925854	-0.0284874	0.0540127	0.135939	0.207102	0.239825	0.22098	0.164477	0.0992279	0.0436502	-0.0196573	
-0.0186934	0.0266633	0.0801899	0.126099	0.151536	0.15598	0.138845	0.100508	0.0474178	-0.00116487	-0.042105	-0.0665805	-0.0724997	-0.0570673	-0.0105569	0.0709252	0.161893	0.24192	0.297282	0.310215	0.269671	0.191713	0.112839	0.0411148	-0.0323892	
-0.139632	-0.135557	-0.115389	-0.0846112	-0.058753	-0.0550259	-0.0721767	-0.103777	-0.129562	-0.139422	-0.134451	-0.106638	-0.0657061	-0.00412825	0.0701851	0.155037	0.243712	0.321405	0.370422	0.371941	0.307861	0.2171	0.133526	0.0549647	-0.019049	
-0.268921	-0.306004	-0.316833	-0.305318	-0.283956	-0.27942	-0.296452	-0.314262	-0.313806	-0.287112	-0.232618	-0.153912	-0.066865	0.0301079	0.128262	0.216758	0.300484	0.370284	0.411308	0.404617	0.332934	0.236024	0.144474	0.0674565	-0.00418066	
-0.381112	-0.452189	-0.487894	-0.502659	-0.49299	-0.487781	-0.500813	-0.496461	-0.469258	-0.414928	-0.320329	-0.200393	-0.0730796	0.057693	0.17132	0.264594	0.345415	0.404399	0.423641	0.396714	0.323825	0.228503	0.137009	0.0567539	-0.0153863	
-0.45905	-0.548926	-0.60635	-0.643762	-0.655064	-0.654825	-0.651676	-0.624261	-0.574361	-0.500547	-0.384759	-0.237957	-0.0785243	0.0786574	0.208918	0.302783	0.377358	0.427211	0.422869	0.369787	0.286351	0.191069	0.102661	0.018586	-0.0569581	
-0.500374	-0.599935	-0.66672	-0.718007	-0.746067	-0.749954	-0.732879	-0.689264	-0.628985	-0.545723	-0.41719	-0.255242	-0.081194	0.0880649	0.227234	0.324772	0.393819	0.425354	0.403821	0.335432	0.240264	0.139316	0.05382	-0.0260162	-0.0953633	
-0.501886	-0.607027	-0.678723	-0.731261	-0.762664	-0.767631	-0.746194	-0.702371	-0.638573	-0.549426	-0.416856	-0.253696	-0.0835428	0.0788089	0.21398	0.313733	0.380194	0.395094	0.359437	0.288039	0.192415	0.0936841	0.0117351	-0.0620081	-0.118456	
-0.470289	-0.573102	-0.642433	-0.688157	-0.713481	-0.716859	-0.70046	-0.663364	-0.60408	-0.516176	-0.390405	-0.243558	-0.0880861	0.0566089	0.179968	0.272957	0.326687	0.332689	0.293013	0.221436	0.138925	0.0541471	-0.0202233	-0.0835354	-0.124253	
-0.411096	-0.502718	-0.560173	-0.598788	-0.618738	-0.619939	-0.609949	-0.57773	-0.528387	-0.452231	-0.3435	-0.220545	-0.0925799	0.0280881	0.132456	0.207829	0.23959	0.233509	0.198051	0.13331	0.0585838	-0.00784767	-0.0574222	-0.0949213	-0.10673	
-0.340057	-0.413387	-0.463216	-0.492783	-0.504704	-0.505038	-0.499699	-0.477574	-0.435521	-0.372283	-0.286969	-0.191339	-0.09487	-0.00569631	0.0735125	0.12268	0.128661	0.105997	0.0693751	0.0182059	-0.0383311	-0.0796332	-0.0886355	-0.0808228	-0.0587546	
-0.268528	-0.323597	-0.365851	-0.388413	-0.393594	-0.39316	-0.3918	-0.377396	-0.342798	-0.291072	-0.23412	-0.172281	-0.110006	-0.0516059	-0.00363004	0.0163006	0.000597468	-0.0367147	-0.077705	-0.108223	-0.130525	-0.132566	-0.104109	-0.0528817	0.0037137	
-0.218636	-0.248695	-0.274717	-0.294372	-0.305437	-0.306057	-0.300373	-0.283308	-0.259214	-0.231033	-0.201483	-0.172866	-0.140381	-0.109151	-0.0907847	-0.0973893	-0.126904	-0.1719	-0.208595	-0.220054	-0.203629	-0.16013	-0.0912413	-0.0051205	0.0774937	
-0.173872	-0.181233	-0.196759	-0.223188	-0.247603	-0.252353	-0.234823	-0.206664	-0.18557	-0.176463	-0.17235	-0.16988	-0.166217	-0.16792	-0.180057	-0.206691	-0.242785	-0.282442	-0.306576	-0.294156	-0.24611	-0.160736	-0.0501259	0.0622273	0.157753	
-0.122087	-0.117929	-0.135525	-0.173101	-0.203734	-0.208509	-0.187959	-0.149814	-0.121993	-0.118476	-0.130996	-0.152044	-0.178336	-0.210509	-0.246873	-0.284486	-0.322096	-0.355303	-0.365766	-0.332374	-0.256483	-0.145044	-0.00558184	0.129391	0.233205	
-0.0745472	-0.0650926	-0.0850716	-0.129468	-0.162412	-0.16742	-0.1456	-0.101886	-0.069116	-0.0687248	-0.0872122	-0.123305	-0.172701	-0.224271	-0.271754	-0.314666	-0.350417	-0.378691	-0.377823	-0.328271	-0.235585	-0.111536	0.0344016	0.174586	0.285889	
-0.0346265	-0.0256197	-0.0466181	-0.0936996	-0.130489	-0.137346	-0.111388	-0.063783	-0.0295656	-0.0289169	-0.0476017	-0.0846224	-0.144254	-0.205608	-0.258776	-0.306359	-0.343039	-0.36237	-0.353507	-0.295039	-0.192321	-0.0669026	0.0691004	0.196093	0.301052	
-0.00121123	-0.00548107	-0.0339841	-0.081396	-0.112778	-0.117454	-0.0973674	-0.0522961	-0.0132108	-0.000469566	-0.0101088	-0.0455155	-0.103201	-0.160156	-0.216251	-0.269122	-0.311809	-0.330645	-0.317081	-0.257906	-0.153984	-0.0343539	0.0852506	0.190167	0.273017	
0.0260618	0.00419409	-0.03965	-0.0849862	-0.110156	-0.114071	-0.0980699	-0.0590431	-0.0120064	0.0211981	0.0226835	-0.0112896	-0.0634389	-0.111613	-0.161717	-0.217489	-0.265897	-0.289426	-0.277897	-0.222396	-0.131294	-0.0305866	0.064538	0.141781	0.201256	
0.0417482	0.0109635	-0.036789	-0.0813067	-0.109165	-0.114139	-0.0948313	-0.0561206	-0.00726636	0.0332603	0.0419447	0.0151244	-0.0275054	-0.0674443	-0.111023	-0.161438	-0.211899	-0.241174	-0.237082	-0.196105	-0.128837	-0.0571201	0.00607741	0.0558323	0.0954401	
0.0582485	0.0288408	-0.0177233	-0.0603526	-0.0899027	-0.0960165	-0.0743303	-0.0352872	0.0106907	0.0510132	0.0572754	0.0371689	0.00604757	-0.0287103	-0.067932	-0.108883	-0.153534	-0.187105	-0.194799	-0.178447	-0.144042	-0.101719	-0.0678556	-0.0485396	-0.0337649	
0.071951	0.0521469	0.0137644	-0.0163832	-0.0362942	-0.0402878	-0.0254501	4.87681e-05	0.0377754	0.0675068	0.070283	0.0517605	0.03377	0.0100226	-0.0185826	-0.0524328	-0.0900711	-0.129328	-0.155248	-0.167439	-0.165694	-0.150431	-0.146962	-0.161858	-0.177051	
0.0898089	0.0827527	0.0656791	0.0537694	0.0422506	0.0390868	0.0490961	0.0602777	0.075417	0.0896759	0.0837871	0.0698339	0.0571442	0.0414746	0.0223958	-0.00646083	-0.0443957	-0.0843449	-0.123158	-0.16018	-0.184428	-0.199867	-0.232061	-0.277872	-0.320482	
0.104667	0.119653	0.131849	0.140329	0.137326	0.135472	0.140222	0.136131	0.124841	0.110648	0.0961768	0.0793468	0.0641922	0.0477787	0.0333456	0.0107111	-0.0202261	-0.0582966	-0.101133	-0.153335	-0.201203	-0.246142	-0.310073	-0.383935	-0.448961	
0.119653	0.16157	0.200603	0.236524	0.251758	0.252453	0.245281	0.21645	0.176793	0.136311	0.0968938	0.0631584	0.0381504	0.0162981	0.00655984	-0.000996591	-0.0150817	-0.0479701	-0.0951824	-0.154719	-0.221487	-0.291676	-0.376987	-0.467852	-0.548289	
0.131849	0.200603	0.268535	0.33131	0.370758	0.377172	0.351152	0.295161	0.227647	0.159779	0.0906596	0.0322635	-0.00754911	-0.0306391	-0.0402414	-0.0358362	-0.0377686	-0.067447	-0.11472	-0.170829	-0.241391	-0.328425	-0.423812	-0.5219	-0.613423	
0.140329	0.236524	0.33131	0.419719	0.480064	0.490253	0.448933	0.368895	0.274273	0.178708	0.0866316	0.00876709	-0.0457344	-0.075458	-0.0849659	-0.0822509	-0.0853776	-0.113501	-0.155216	-0.201379	-0.263353	-0.348571	-0.450263	-0.557022	-0.656133	
0.137326	0.251758	0.370758	0.480064	0.557829	0.571711	0.516605	0.416724	0.299591	0.181522	0.0773514	-0.00644958	-0.0725205	-0.105234	-0.110438	-0.110477	-0.121379	-0.148182	-0.186836	-0.228994	-0.279602	-0.354583	-0.458596	-0.57431	-0.67941	
0.135472	0.252453	0.377172	0.490253	0.571711	0.586471	0.528177	0.424807	0.302392	0.180682	0.0745224	-0.00970125	-0.0781393	-0.110468	-0.11455	-0.114216	-0.127711	-0.153691	-0.191384	-0.23437	-0.281835	-0.354304	-0.458593	-0.575227	-0.682082	
0.140222	0.245281	0.351152	0.448933	0.516605	0.528177	0.481386	0.39265	0.28742	0.18175	0.0835386	0.00177366	-0.058384	-0.0896346	-0.0979654	-0.097047	-0.103113	-0.130375	-0.170691	-0.21424	-0.271418	-0.352271	-0.455411	-0.56676	-0.667966	
0.136131	0.21645	0.295161	0.368895	0.416724	0.424807	0.39265	0.326116	0.24806	0.1683	0.0890712	0.0215753	-0.0237067	-0.0497271	-0.0595733	-0.0546364	-0.0553329	-0.0845301	-0.130393	-0.182137	-0.250322	-0.338406	-0.437353	-0.538133	-0.632681	
0.124841	0.176793	0.227647	0.274273	0.299591	0.302392	0.28742	0.24806	0.196592	0.146177	0.0939475	0.0513828	0.0206849	-0.00183516	-0.0115199	-0.0117038	-0.0202055	-0.051478	-0.09938	-0.158682	-0.228808	-0.307816	-0.398216	-0.492091	-0.577495	
0.110648	0.136311	0.159779	0.178708	0.181522	0.180682	0.18175	0.1683	0.146177	0.120445	0.0982856	0.0759999	0.05792	0.0391468	0.0266713	0.00902704	-0.0160919	-0.0522881	-0.096609	-0.152827	-0.209577	-0.264571	-0.338764	-0.421678	-0.493163	
0.0961768	0.0968938	0.0906596	0.0866316	0.0773514	0.0745224	0.0835386	0.0890712	0.0939475	0.0982856	0.089479	0.0756139	0.0631829	0.0479786	0.0316166	0.00423056	-0.0324241	-0.0711468	-0.112635	-0.157031	-0.191186	-0.218448	-0.264325	-0.321423	-0.374056	
0.0793468	0.0631584	0.0322635	0.00876709	-0.00644958	-0.00970125	0.00177366	0.0215753	0.0513828	0.0759999	0.0756139	0.0584471	0.0433658	0.0244725	-0.000297895	-0.030953	-0.068581	-0.109027	-0.141563	-0.164748	-0.173391	-0.170966	-0.181035	-0.208883	-0.23558	
0.0641922	0.0381504	-0.00754911	-0.0457344	-0.0725205	-0.0781393	-0.058384	-0.0237067	0.0206849	0.05792	0.0631829	0.0433658	0.0181545	-0.0136894	-0.0488114	-0.0865708	-0.127919	-0.163879	-0.178539	-0.173	-0.152371	-0.120809	-0.0990376	-0.0929738	-0.089976	
0.0477787	0.0162981	-0.0306391	-0.075458	-0.105234	-0.110468	-0.0896346	-0.0497271	-0.00183516	0.0391468	0.0479786	0.0244725	-0.0136894	-0.0512688	-0.0935592	-0.140303	-0.189673	-0.220139	-0.219974	-0.188166	-0.133267	-0.0740959	-0.0223414	0.0155974	0.0459302	
0.0333456	0.00655984	-0.0402414	-0.0849659	-0.110438	-0.11455	-0.0979654	-0.0595733	-0.0115199	0.0266713	0.0316166	-0.000297895	-0.0488114	-0.0935592	-0.140825	-0.194737	-0.244939	-0.270717	-0.262001	-0.210924	-0.127517	-0.0377015	0.0445027	0.110655	0.162465	
0.0107111	-0.000996591	-0.0358362	-0.0822509	-0.110477	-0.114216	-0.097047	-0.0546364	-0.0117038	0.00902704	0.00423056	-0.030953	-0.0865708	-0.140303	-0.194737	-0.249222	-0.294283	-0.315155	-0.302217	-0.242966	-0.14247	-0.029054	0.0822418	0.176023	0.249278	
-0.0202261	-0.0150817	-0.0377686	-0.0853776	-0.121379	-0.127711	-0.103113	-0.0553329	-0.0202055	-0.0160919	-0.0324241	-0.068581	-0.127919	-0.189673	-0.244939	-0.294283	-0.333661	-0.350729	-0.339309	-0.280187	-0.175418	-0.0517009	0.0786786	0.198251	0.294946	
-0.0582966	-0.0479701	-0.067447	-0.113501	-0.148182	-0.153691	-0.130375	-0.0845301	-0.051478	-0.0522881	-0.0711468	-0.109027	-0.163879	-0.220139	-0.270717	-0.315155	-0.350729	-0.375233	-0.370825	-0.316784	-0.219582	-0.0933244	0.0494919	0.185607	0.296817	
-0.101133	-0.0951824	-0.11472	-0.155216	-0.186836	-0.191384	-0.170691	-0.130393	-0.09938	-0.096609	-0.112635	-0.141563	-0.178539	-0.219974	-0.262001	-0.302217	-0.339309	-0.370825	-0.376352	-0.335945	-0.251629	-0.133559	0.0108718	0.150447	0.258335	
-0.153335	-0.154719	-0.170829	-0.201379	-0.228994	-0.23437	-0.21424	-0.182137	-0.158682	-0.152827	-0.157031	-0.164748	-0.173	-0.188166	-0.210924	-0.242966	-0.280187	-0.316784	-0.335945	-0.313826	-0.254576	-0.156564	-0.0323818	0.0904764	0.188914	
-0.201203	-0.221487	-0.241391	-0.263353	-0.279602	-0.281835	-0.271418	-0.250322	-0.228808	-0.209577	-0.191186	-0.173391	-0.152371	-0.133267	-0.127517	-0.14247	-0.175418	-0.219582	-0.251629	-0.254576	-0.224402	-0.162955	-0.0763557	0.0206065	0.110214	
-0.246142	-0.291676	-0.328425	-0.348571	-0.354583	-0.354304	-0.352271	-0.338406	-0.307816	-0.264571	-0.218448	-0.170966	-0.120809	-0.0740959	-0.0377015	-0.029054	-0.0517009	-0.0933244	-0.133559	-0.156564	-0.162955	-0.146478	-0.103823	-0.0367079	0.0313155	
-0.310073	-0.376987	-0.423812	-0.450263	-0.458596	-0.458593	-0.455411	-0.437353	-0.398216	-0.338764	-0.264325	-0.181035	-0.0990376	-0.0223414	0.0445027	0.0822418	0.0786786	0.0494919	0.0108718	-0.0323818	-0.0763557	-0.103823	-0.0970582	-0.0713968	-0.0344823	
-0.383935	-0.467852	-0.5219	-0.557022	-0.57431	-0.575227	-0.56676	-0.538133	-0.492091	-0.421678	-0.321423	-0.208883	-0.0929738	0.0155974	0.110655	0.176023	0.198251	0.185607	0.150447	0.0904764	0.0206065	-0.0367079	-0.0713968	-0.091896	-0.0905826	
-0.448961	-0.548289	-0.613423	-0.656133	-0.67941	-0.682082	-0.667966	-0.632681	-0.577495	-0.493163	-0.374056	-0.23558	-0.089976	0.0459302	0.162465	0.249278	0.294946	0.296817	0.258335	0.188914	0.110214	0.0313155	-0.0344823	-0.0905826	-0.12111	
