-0.281281	-0.116154	0.0712263	0.264146	0.446587	0.598848	0.702165	0.754334	0.762582	0.725699	0.655959	0.547379	0.403279	0.235261	0.0542233	-0.120912	-0.253058	-0.322589	-0.330427	-0.281652	-0.199394	-0.0901709	0.0324544	0.150398	0.257492	
-0.116154	0.0506951	0.243891	0.439576	0.615534	0.748472	0.827249	0.860999	0.853868	0.799058	0.707721	0.58676	0.433744	0.251654	0.058218	-0.126038	-0.269548	-0.342532	-0.342313	-0.282703	-0.192965	-0.0725242	0.0575864	0.17677	0.271366	
0.0712263	0.243891	0.437092	0.624251	0.781038	0.883989	0.938655	0.95876	0.934962	0.857927	0.742267	0.602539	0.437755	0.24822	0.0538155	-0.129988	-0.268877	-0.327094	-0.311332	-0.241266	-0.139874	-0.0176085	0.103815	0.217164	0.302286	
0.264146	0.439576	0.624251	0.792943	0.92103	0.99694	1.02993	1.02628	0.973825	0.871773	0.734453	0.573217	0.393956	0.202169	0.0159411	-0.150066	-0.266889	-0.298235	-0.25948	-0.172068	-0.0603048	0.0565803	0.169225	0.272835	0.350527	
0.446587	0.615534	0.781038	0.92103	1.02059	1.0747	1.08408	1.04594	0.960531	0.836141	0.671796	0.48308	0.293609	0.110566	-0.0548619	-0.186196	-0.26296	-0.267717	-0.204884	-0.0965452	0.0257944	0.140326	0.2497	0.348873	0.42003	
0.598848	0.748472	0.883989	0.99694	1.0747	1.10687	1.08437	1.00796	0.891944	0.740581	0.548962	0.342394	0.146328	-0.0187264	-0.149488	-0.238978	-0.276216	-0.246351	-0.150402	-0.0214299	0.11804	0.244611	0.352215	0.441123	0.505856	
0.702165	0.827249	0.938655	1.02993	1.08408	1.08437	1.02948	0.917867	0.767504	0.585495	0.37493	0.165977	-0.0160787	-0.153971	-0.242173	-0.288399	-0.284519	-0.217038	-0.0887482	0.060079	0.213526	0.344746	0.454698	0.536698	0.59024	
0.754334	0.860999	0.95876	1.02628	1.04594	1.00796	0.917867	0.77988	0.601623	0.398122	0.183458	-0.016661	-0.174897	-0.273493	-0.317199	-0.313367	-0.258173	-0.153209	-0.00509732	0.151596	0.304103	0.434792	0.53958	0.620052	0.661312	
0.762582	0.853868	0.934962	0.973825	0.960531	0.891944	0.767504	0.601623	0.401563	0.192143	-0.0128386	-0.185499	-0.301074	-0.351592	-0.348865	-0.294019	-0.189606	-0.0547686	0.104254	0.258112	0.389691	0.495686	0.586401	0.659725	0.699994	
0.725699	0.799058	0.857927	0.871773	0.836141	0.740581	0.585495	0.398122	0.192143	-0.0121798	-0.190772	-0.314683	-0.375338	-0.375826	-0.324896	-0.222025	-0.081575	0.0689942	0.226662	0.36382	0.45862	0.529649	0.60053	0.661509	0.696561	
0.655959	0.707721	0.742267	0.734453	0.671796	0.548962	0.37493	0.183458	-0.0128386	-0.190772	-0.324786	-0.39429	-0.399266	-0.348623	-0.251354	-0.114261	0.0437873	0.200705	0.343992	0.450972	0.513634	0.550348	0.590929	0.631658	0.660222	
0.547379	0.58676	0.602539	0.573217	0.48308	0.342394	0.165977	-0.016661	-0.185499	-0.314683	-0.39429	-0.413045	-0.372078	-0.28049	-0.149593	0.0079547	0.170244	0.324766	0.446558	0.521702	0.55753	0.567018	0.573162	0.585146	0.594286	
0.403279	0.433744	0.437755	0.393956	0.293609	0.146328	-0.0160787	-0.174897	-0.301074	-0.375338	-0.399266	-0.372078	-0.296653	-0.177706	-0.0310442	0.131266	0.294587	0.429724	0.522295	0.565672	0.574523	0.559912	0.541771	0.525843	0.510265	
0.235261	0.251654	0.24822	0.202169	0.110566	-0.0187264	-0.153971	-0.273493	-0.351592	-0.375826	-0.348623	-0.28049	-0.177706	-0.0467629	0.102766	0.255586	0.397921	0.504235	0.563108	0.578676	0.559383	0.525346	0.491632	0.449169	0.411821	
0.0542233	0.058218	0.0538155	0.0159411	-0.0548619	-0.149488	-0.242173	-0.317199	-0.348865	-0.324896	-0.251354	-0.149593	-0.0310442	0.102766	0.244227	0.374577	0.484757	0.555518	0.58016	0.56876	0.525521	0.471086	0.415751	0.352322	0.297541	
-0.120912	-0.126038	-0.129988	-0.150066	-0.186196	-0.238978	-0.288399	-0.313367	-0.294019	-0.222025	-0.114261	0.0079547	0.131266	0.255586	0.374577	0.474707	0.555361	0.594274	0.586714	0.546367	0.475105	0.394695	0.319173	0.249623	0.187468	
-0.253058	-0.269548	-0.268877	-0.266889	-0.26296	-0.276216	-0.284519	-0.258173	-0.189606	-0.081575	0.0437873	0.170244	0.294587	0.397921	0.484757	0.555361	0.599249	0.601964	0.566712	0.504463	0.409658	0.30446	0.21447	0.141329	0.0791034	
-0.322589	-0.342532	-0.327094	-0.298235	-0.267717	-0.246351	-0.217038	-0.153209	-0.0547686	0.0689942	0.200705	0.324766	0.429724	0.504235	0.555518	0.594274	0.601964	0.573505	0.515811	0.433031	0.330491	0.220607	0.120863	0.043097	-0.0157798	
-0.330427	-0.342313	-0.311332	-0.25948	-0.204884	-0.150402	-0.0887482	-0.00509732	0.104254	0.226662	0.343992	0.446558	0.522295	0.563108	0.58016	0.586714	0.566712	0.515811	0.443224	0.351333	0.249896	0.145001	0.0520749	-0.0224861	-0.0807564	
-0.281652	-0.282703	-0.241266	-0.172068	-0.0965452	-0.0214299	0.060079	0.151596	0.258112	0.36382	0.450972	0.521702	0.565672	0.578676	0.56876	0.546367	0.504463	0.433031	0.351333	0.260033	0.163024	0.0688495	-0.00951625	-0.0752124	-0.129068	
-0.199394	-0.192965	-0.139874	-0.0603048	0.0257944	0.11804	0.213526	0.304103	0.389691	0.45862	0.513634	0.55753	0.574523	0.559383	0.525521	0.475105	0.409658	0.330491	0.249896	0.163024	0.0754033	-0.0069403	-0.0682574	-0.122212	-0.163161	
-0.0901709	-0.0725242	-0.0176085	0.0565803	0.140326	0.244611	0.344746	0.434792	0.495686	0.529649	0.550348	0.567018	0.559912	0.525346	0.471086	0.394695	0.30446	0.220607	0.145001	0.0688495	-0.0069403	-0.067356	-0.112943	-0.154447	-0.190789	
0.0324544	0.0575864	0.103815	0.169225	0.2497	0.352215	0.454698	0.53958	0.586401	0.60053	0.590929	0.573162	0.541771	0.491632	0.415751	0.319173	0.21447	0.120863	0.0520749	-0.00951625	-0.0682574	-0.112943	-0.147429	-0.17511	-0.201478	
0.150398	0.17677	0.217164	0.272835	0.348873	0.441123	0.536698	0.620052	0.659725	0.661509	0.631658	0.585146	0.525843	0.449169	0.352322	0.249623	0.141329	0.043097	-0.0224861	-0.0752124	-0.122212	-0.154447	-0.17511	-0.187012	-0.199413	
0.257492	0.271366	0.302286	0.350527	0.42003	0.505856	0.59024	0.661312	0.699994	0.696561	0.660222	0.594286	0.510265	0.411821	0.297541	0.187468	0.0791034	-0.0157798	-0.0807564	-0.129068	-0.163161	-0.190789	-0.201478	-0.199413	-0.197214	
0.340628	0.330895	0.341083	0.383751	0.451308	0.537619	0.611085	0.667282	0.704165	0.704687	0.665661	0.592212	0.496	0.384287	0.258691	0.135239	0.0261945	-0.0622935	-0.119378	-0.154041	-0.180236	-0.208142	-0.21698	-0.206596	-0.196291	
0.407149	0.370568	0.361491	0.390514	0.45104	0.53099	0.604796	0.659146	0.688851	0.688974	0.643673	0.569748	0.475498	0.355577	0.22581	0.101612	-0.0018675	-0.0838789	-0.136274	-0.163773	-0.191317	-0.216257	-0.223825	-0.212242	-0.200903	
0.469869	0.410789	0.386786	0.39744	0.450912	0.5228	0.596927	0.650693	0.672348	0.662809	0.612145	0.535919	0.437289	0.321253	0.199563	0.0820298	-0.013625	-0.0864267	-0.137655	-0.170895	-0.198675	-0.2221	-0.224515	-0.206855	-0.195983	
0.528633	0.456861	0.41936	0.418179	0.466554	0.531502	0.598602	0.648883	0.663602	0.646526	0.590585	0.501437	0.398085	0.293585	0.188229	0.0811338	-0.015347	-0.088919	-0.141239	-0.173906	-0.194844	-0.209585	-0.207937	-0.197626	-0.193695	
0.56599	0.488688	0.439301	0.441469	0.483	0.540227	0.605212	0.654653	0.665348	0.640531	0.582301	0.487148	0.381193	0.280745	0.1808	0.0819593	-0.0116202	-0.0917235	-0.142671	-0.17283	-0.187051	-0.18638	-0.180804	-0.179478	-0.183057	
0.571088	0.493384	0.442241	0.446126	0.485803	0.54161	0.608105	0.657853	0.667699	0.640744	0.582088	0.485648	0.380774	0.279215	0.179098	0.0818835	-0.0106745	-0.0912052	-0.142565	-0.172364	-0.183949	-0.180002	-0.172913	-0.174421	-0.178565	
0.547294	0.47241	0.429841	0.428619	0.474048	0.536062	0.600295	0.650556	0.662814	0.642512	0.585574	0.493035	0.38786	0.286697	0.185384	0.0822603	-0.013659	-0.0899137	-0.14218	-0.174418	-0.192628	-0.200359	-0.197385	-0.190928	-0.190861	
0.494905	0.42924	0.399219	0.403935	0.455824	0.524546	0.59701	0.649142	0.668154	0.65542	0.602667	0.520482	0.419822	0.308205	0.193504	0.0801762	-0.016011	-0.0879556	-0.138992	-0.172327	-0.197086	-0.219298	-0.219787	-0.203939	-0.194549	
0.431954	0.386582	0.37056	0.392179	0.449364	0.525186	0.600272	0.65545	0.681167	0.678574	0.629898	0.557492	0.462637	0.342329	0.214117	0.0920237	-0.00740007	-0.0856357	-0.137276	-0.167142	-0.196595	-0.220259	-0.225096	-0.211045	-0.200386	
0.368311	0.347181	0.349325	0.387937	0.453063	0.538091	0.611688	0.664786	0.699411	0.700635	0.659641	0.585656	0.489403	0.374098	0.245147	0.118945	0.0111816	-0.0741178	-0.128546	-0.15874	-0.183558	-0.210961	-0.221333	-0.20952	-0.197706	
0.294039	0.299392	0.322858	0.368982	0.437716	0.524009	0.601808	0.666247	0.705273	0.702774	0.66541	0.595446	0.503794	0.399429	0.280842	0.16511	0.0559278	-0.0367587	-0.0989153	-0.141837	-0.172576	-0.200858	-0.209161	-0.202231	-0.196845	
0.195122	0.218031	0.256097	0.308817	0.382051	0.470399	0.562005	0.641991	0.680384	0.679179	0.64571	0.589525	0.520492	0.433146	0.328196	0.223572	0.115894	0.018299	-0.0478562	-0.099189	-0.141055	-0.170515	-0.185902	-0.192815	-0.19787	
0.0800617	0.107642	0.151045	0.211947	0.291493	0.389956	0.490768	0.57491	0.618506	0.627076	0.607746	0.577617	0.535013	0.475004	0.390618	0.290494	0.183221	0.0863647	0.0202565	-0.0372271	-0.0902943	-0.1294	-0.158755	-0.179867	-0.200664	
-0.0414712	-0.0202105	0.0313376	0.102722	0.184912	0.289649	0.391643	0.479565	0.533235	0.558967	0.565891	0.568853	0.552	0.51234	0.450074	0.36427	0.266139	0.178823	0.105388	0.0354617	-0.0331682	-0.086505	-0.127811	-0.164271	-0.198169	
-0.15815	-0.148508	-0.0926967	-0.0135277	0.0728452	0.171496	0.268909	0.359516	0.434914	0.486999	0.528935	0.563707	0.570486	0.546282	0.503418	0.442428	0.366791	0.286464	0.20845	0.124356	0.0400435	-0.0337682	-0.0883413	-0.135784	-0.174862	
-0.252227	-0.249813	-0.203728	-0.129053	-0.0478407	0.0340167	0.122529	0.214296	0.314078	0.407234	0.481584	0.539451	0.573012	0.574071	0.554513	0.520792	0.470163	0.394062	0.310734	0.221298	0.127786	0.0378961	-0.0331234	-0.0963321	-0.144213	
-0.316483	-0.323985	-0.28873	-0.229358	-0.16521	-0.101011	-0.0308898	0.0574863	0.167275	0.285705	0.392361	0.482256	0.54448	0.57447	0.580069	0.573974	0.545045	0.485075	0.408553	0.316732	0.215536	0.114654	0.0268001	-0.0436961	-0.100855	
-0.33323	-0.350893	-0.328321	-0.289483	-0.24951	-0.214088	-0.170775	-0.0974409	0.00787122	0.132269	0.261158	0.379058	0.472542	0.533115	0.570133	0.596554	0.591888	0.554315	0.489439	0.400236	0.298609	0.190106	0.0912732	0.0131902	-0.0452432	
-0.288132	-0.307866	-0.30222	-0.29007	-0.274313	-0.272743	-0.266178	-0.222267	-0.139641	-0.0224231	0.106658	0.234191	0.352906	0.445779	0.517781	0.57662	0.605639	0.594306	0.549341	0.478742	0.378296	0.269532	0.173751	0.0991039	0.0380374	
-0.181529	-0.190698	-0.193642	-0.205542	-0.224736	-0.261137	-0.293206	-0.297479	-0.256644	-0.167958	-0.051079	0.0732624	0.198444	0.315429	0.422689	0.510776	0.576946	0.60148	0.582719	0.533185	0.451583	0.359138	0.277683	0.206892	0.14388	
-0.0182642	-0.0175061	-0.0226378	-0.053943	-0.112489	-0.190831	-0.26583	-0.321622	-0.333888	-0.290506	-0.201371	-0.0882907	0.0327275	0.164187	0.298156	0.416355	0.515779	0.573584	0.584326	0.560864	0.506842	0.442682	0.378794	0.311811	0.252379	
0.164364	0.174871	0.169855	0.126425	0.0413463	-0.0751566	-0.194584	-0.296161	-0.356248	-0.361226	-0.31475	-0.232154	-0.121804	0.0111052	0.159227	0.304618	0.433559	0.526202	0.571594	0.577057	0.548427	0.506677	0.464714	0.412233	0.367523	
0.337666	0.363744	0.365015	0.31782	0.219486	0.0764658	-0.077716	-0.222427	-0.329038	-0.382329	-0.385054	-0.341112	-0.253145	-0.127973	0.0210672	0.181607	0.339045	0.463237	0.542941	0.574391	0.571271	0.547742	0.524052	0.497427	0.472258	
0.493234	0.529592	0.539263	0.503347	0.406687	0.260828	0.0893491	-0.0855877	-0.23937	-0.346276	-0.403578	-0.403415	-0.348198	-0.243178	-0.103922	0.056594	0.221283	0.369991	0.47996	0.542738	0.568613	0.569306	0.563287	0.56307	0.562198	
0.617889	0.663256	0.689759	0.672067	0.597541	0.466547	0.289449	0.0995756	-0.0875819	-0.248214	-0.361437	-0.409768	-0.394232	-0.326045	-0.213342	-0.0654935	0.0946675	0.251539	0.387993	0.481199	0.532826	0.55742	0.584082	0.614618	0.637015	
