0.871633	0.695001	0.483039	0.256293	0.0331682	-0.161699	-0.316009	-0.40951	-0.431266	-0.393894	-0.317344	-0.226961	-0.133386	-0.0622271	-0.0222391	0.00208462	-0.00658208	-0.0633015	-0.139225	-0.210861	-0.288519	-0.375526	-0.477083	-0.5863	-0.695321	
0.695001	0.532226	0.332579	0.112213	-0.0988387	-0.276785	-0.411027	-0.488696	-0.492797	-0.432674	-0.326847	-0.195775	-0.0668179	0.0293826	0.0950348	0.139284	0.14307	0.104457	0.0410638	-0.0321148	-0.114897	-0.206745	-0.313741	-0.429937	-0.542702	
0.483039	0.332579	0.145087	-0.0618295	-0.256178	-0.418474	-0.530772	-0.579758	-0.55521	-0.46526	-0.324955	-0.16148	-0.000379408	0.126452	0.221761	0.284292	0.304127	0.284128	0.23272	0.161838	0.072201	-0.0295658	-0.144334	-0.267918	-0.386655	
0.256293	0.112213	-0.0618295	-0.248318	-0.424396	-0.565795	-0.651605	-0.667943	-0.610622	-0.483229	-0.30761	-0.116992	0.0719219	0.230348	0.343389	0.412266	0.444482	0.444239	0.406399	0.340844	0.241077	0.12544	0.00763431	-0.11525	-0.233802	
0.0331682	-0.0988387	-0.256178	-0.424396	-0.579655	-0.695281	-0.749213	-0.731012	-0.635763	-0.473954	-0.275433	-0.0603324	0.146222	0.318024	0.442139	0.520733	0.560685	0.564415	0.533303	0.467258	0.360506	0.241904	0.132415	0.0127739	-0.102398	
-0.161699	-0.276785	-0.418474	-0.565795	-0.695281	-0.783615	-0.807386	-0.756283	-0.625517	-0.43711	-0.219182	0.0113174	0.221633	0.391277	0.517281	0.603424	0.646175	0.643963	0.607278	0.535402	0.429469	0.312831	0.209085	0.103844	0.00496003	
-0.316009	-0.411027	-0.530772	-0.651605	-0.749213	-0.807386	-0.803794	-0.724861	-0.576205	-0.372111	-0.142016	0.0867637	0.284439	0.441571	0.566242	0.653851	0.694831	0.687912	0.639951	0.555277	0.454329	0.347258	0.248477	0.157193	0.0809941	
-0.40951	-0.488696	-0.579758	-0.667943	-0.731012	-0.756283	-0.724861	-0.632988	-0.480929	-0.277857	-0.0560228	0.153047	0.325195	0.468555	0.582708	0.663346	0.703702	0.68723	0.627702	0.536511	0.440499	0.349028	0.26647	0.199001	0.139631	
-0.431266	-0.492797	-0.55521	-0.610622	-0.635763	-0.625517	-0.576205	-0.480929	-0.337383	-0.154979	0.0351894	0.21262	0.363369	0.48813	0.581191	0.640243	0.666194	0.63893	0.571194	0.484189	0.401817	0.329674	0.274984	0.229667	0.192439	
-0.393894	-0.432674	-0.46526	-0.483229	-0.473954	-0.43711	-0.372111	-0.277857	-0.154979	-0.0113788	0.137468	0.275587	0.394996	0.488752	0.553345	0.582457	0.583814	0.551766	0.485531	0.408435	0.350518	0.314613	0.29017	0.270291	0.261276	
-0.317344	-0.326847	-0.324955	-0.30761	-0.275433	-0.219182	-0.142016	-0.0560228	0.0351894	0.137468	0.238427	0.335063	0.416112	0.475648	0.509199	0.50974	0.485632	0.443034	0.382574	0.324939	0.297456	0.29791	0.307629	0.322453	0.345615	
-0.226961	-0.195775	-0.16148	-0.116992	-0.0603324	0.0113174	0.0867637	0.153047	0.21262	0.275587	0.335063	0.38646	0.425113	0.449946	0.454784	0.433715	0.390655	0.337149	0.279309	0.246253	0.255182	0.288835	0.328372	0.377244	0.438992	
-0.133386	-0.0668179	-0.000379408	0.0719219	0.146222	0.221633	0.284439	0.325195	0.363369	0.394996	0.416112	0.425113	0.419313	0.408263	0.391556	0.359889	0.309249	0.249453	0.199911	0.18536	0.219571	0.284149	0.359539	0.439776	0.534705	
-0.0622271	0.0293826	0.126452	0.230348	0.318024	0.391277	0.441571	0.468555	0.48813	0.488752	0.475648	0.449946	0.408263	0.368724	0.335103	0.295674	0.24578	0.193547	0.156921	0.162141	0.214336	0.301108	0.406133	0.517924	0.640886	
-0.0222391	0.0950348	0.221761	0.343389	0.442139	0.517281	0.566242	0.582708	0.581191	0.553345	0.509199	0.454784	0.391556	0.335103	0.289962	0.247373	0.209883	0.174771	0.159561	0.187166	0.255209	0.359962	0.487383	0.617594	0.753386	
0.00208462	0.139284	0.284292	0.412266	0.520733	0.603424	0.653851	0.663346	0.640243	0.582457	0.50974	0.433715	0.359889	0.295674	0.247373	0.209597	0.189384	0.183081	0.200735	0.258161	0.346435	0.465915	0.602185	0.735069	0.8691	
-0.00658208	0.14307	0.304127	0.444482	0.560685	0.646175	0.694831	0.703702	0.666194	0.583814	0.485632	0.390655	0.309249	0.24578	0.209883	0.189384	0.185502	0.211666	0.268744	0.358264	0.469613	0.599217	0.728386	0.84798	0.961908	
-0.0633015	0.104457	0.284128	0.444239	0.564415	0.643963	0.687912	0.68723	0.63893	0.551766	0.443034	0.337149	0.249453	0.193547	0.174771	0.183081	0.211666	0.269093	0.359032	0.471277	0.59295	0.717686	0.831391	0.933315	1.02405	
-0.139225	0.0410638	0.23272	0.406399	0.533303	0.607278	0.639951	0.627702	0.571194	0.485531	0.382574	0.279309	0.199911	0.156921	0.159561	0.200735	0.268744	0.359032	0.468511	0.585172	0.702473	0.81235	0.910046	0.985727	1.05087	
-0.210861	-0.0321148	0.161838	0.340844	0.467258	0.535402	0.555277	0.536511	0.484189	0.408435	0.324939	0.246253	0.18536	0.162141	0.187166	0.258161	0.358264	0.471277	0.585172	0.696424	0.795763	0.8778	0.949377	1.00068	1.03744	
-0.288519	-0.114897	0.072201	0.241077	0.360506	0.429469	0.454329	0.440499	0.401817	0.350518	0.297456	0.255182	0.219571	0.214336	0.255209	0.346435	0.469613	0.59295	0.702473	0.795763	0.868371	0.916012	0.958382	0.985867	0.996432	
-0.375526	-0.206745	-0.0295658	0.12544	0.241904	0.312831	0.347258	0.349028	0.329674	0.314613	0.29791	0.288835	0.284149	0.301108	0.359962	0.465915	0.599217	0.717686	0.81235	0.8778	0.916012	0.934721	0.944735	0.950434	0.942973	
-0.477083	-0.313741	-0.144334	0.00763431	0.132415	0.209085	0.248477	0.26647	0.274984	0.29017	0.307629	0.328372	0.359539	0.406133	0.487383	0.602185	0.728386	0.831391	0.910046	0.949377	0.958382	0.944735	0.92738	0.905065	0.876029	
-0.5863	-0.429937	-0.267918	-0.11525	0.0127739	0.103844	0.157193	0.199001	0.229667	0.270291	0.322453	0.377244	0.439776	0.517924	0.617594	0.735069	0.84798	0.933315	0.985727	1.00068	0.985867	0.950434	0.905065	0.856153	0.799926	
-0.695321	-0.542702	-0.386655	-0.233802	-0.102398	0.00496003	0.0809941	0.139631	0.192439	0.261276	0.345615	0.438992	0.534705	0.640886	0.753386	0.8691	0.961908	1.02405	1.05087	1.03744	0.996432	0.942973	0.876029	0.799926	0.716227	
-0.786824	-0.635988	-0.480373	-0.323745	-0.181245	-0.0662279	0.0219054	0.0916385	0.165087	0.261355	0.377803	0.508859	0.639799	0.772947	0.896253	0.999241	1.06863	1.1073	1.11055	1.07416	1.01328	0.936389	0.846074	0.740989	0.636529	
-0.858247	-0.704041	-0.541327	-0.385445	-0.242908	-0.123351	-0.0236559	0.062755	0.15778	0.276558	0.423708	0.590225	0.754138	0.909143	1.04365	1.13047	1.17535	1.18464	1.15774	1.1016	1.02391	0.922436	0.812034	0.690104	0.569267	
-0.92881	-0.766929	-0.604269	-0.447549	-0.310588	-0.185953	-0.0688334	0.0389473	0.161846	0.307124	0.478164	0.673283	0.865264	1.03736	1.17313	1.23999	1.25924	1.23614	1.18171	1.10715	1.0126	0.897418	0.770592	0.635692	0.510018	
-1.00268	-0.831142	-0.660967	-0.502874	-0.368435	-0.243497	-0.12046	0.00867485	0.162056	0.337226	0.527975	0.739264	0.950105	1.13362	1.26768	1.32314	1.31652	1.26531	1.18858	1.09812	0.990099	0.867424	0.726458	0.584667	0.461433	
-1.05593	-0.874322	-0.688917	-0.532525	-0.401203	-0.280522	-0.156532	-0.0146824	0.154717	0.342926	0.553039	0.777472	0.997917	1.18915	1.31654	1.36838	1.35143	1.28687	1.19321	1.0894	0.974142	0.842479	0.698175	0.559194	0.435265	
-1.06736	-0.881788	-0.692309	-0.537686	-0.406822	-0.287177	-0.162514	-0.0179705	0.153224	0.342116	0.556303	0.783314	1.00641	1.1973	1.32248	1.37487	1.35726	1.292	1.19436	1.0874	0.972277	0.837617	0.696177	0.557472	0.431754	
-1.02755	-0.851931	-0.675615	-0.517666	-0.384814	-0.261686	-0.138196	-0.00273112	0.158527	0.342365	0.54097	0.758645	0.973888	1.16138	1.29278	1.34623	1.33398	1.27517	1.19008	1.09415	0.981885	0.855863	0.711031	0.570198	0.448021	
-0.959396	-0.793651	-0.62983	-0.472429	-0.335954	-0.21046	-0.0896853	0.02687	0.163397	0.321345	0.500363	0.702531	0.903124	1.08052	1.21636	1.27729	1.28446	1.2491	1.18579	1.10421	1.00366	0.885717	0.75323	0.613912	0.488186	
-0.885765	-0.728627	-0.565023	-0.408853	-0.26907	-0.147573	-0.0411841	0.0541703	0.158583	0.286748	0.444708	0.624418	0.800219	0.962585	1.09853	1.1772	1.21307	1.20939	1.1701	1.10621	1.02169	0.913493	0.795601	0.668703	0.545271	
-0.816942	-0.665517	-0.507067	-0.350105	-0.206253	-0.0890899	0.00340188	0.0777849	0.160481	0.26561	0.394739	0.53987	0.685348	0.827557	0.955574	1.05236	1.1121	1.13917	1.13197	1.08788	1.02018	0.931914	0.834163	0.720917	0.608138	
-0.734358	-0.582796	-0.428709	-0.274308	-0.138167	-0.0274727	0.0546869	0.11827	0.179325	0.260256	0.357285	0.465958	0.574958	0.69293	0.81053	0.921489	1.00484	1.05801	1.07539	1.05132	1.0017	0.940542	0.863771	0.774469	0.683424	
-0.631468	-0.476977	-0.316891	-0.164907	-0.0363759	0.0623891	0.125118	0.174899	0.214081	0.265131	0.330034	0.401133	0.476118	0.56559	0.670353	0.788514	0.894301	0.970709	1.01258	1.01643	0.990379	0.948353	0.894515	0.835595	0.766801	
-0.519475	-0.359375	-0.192991	-0.0406439	0.0861219	0.167372	0.210398	0.237758	0.255859	0.280784	0.312792	0.346048	0.390216	0.45067	0.53945	0.655617	0.777655	0.87364	0.942503	0.972424	0.972035	0.948534	0.919027	0.885789	0.846178	
-0.414586	-0.247776	-0.0736853	0.078982	0.197922	0.270341	0.306553	0.314533	0.306306	0.305588	0.301916	0.30367	0.314193	0.341299	0.410131	0.520735	0.651717	0.764805	0.853794	0.908171	0.933637	0.938832	0.937998	0.932696	0.918378	
-0.321765	-0.15009	0.0326117	0.195647	0.312348	0.381575	0.411476	0.403112	0.371234	0.332868	0.294659	0.266976	0.242853	0.245903	0.292838	0.38952	0.519484	0.643072	0.747489	0.829839	0.889277	0.92549	0.954262	0.973207	0.976028	
-0.241557	-0.064042	0.12835	0.304505	0.428563	0.49671	0.51602	0.497923	0.450746	0.382784	0.309915	0.245689	0.194201	0.178209	0.210261	0.290907	0.400969	0.519529	0.632206	0.738997	0.828825	0.895223	0.956261	0.998259	1.02331	
-0.167434	0.0123091	0.206644	0.383751	0.511406	0.583099	0.609062	0.593285	0.536875	0.453984	0.357027	0.260862	0.187758	0.153516	0.164928	0.218582	0.300677	0.401647	0.514745	0.630653	0.741363	0.842617	0.92998	0.995779	1.04941	
-0.094274	0.0810298	0.266691	0.433001	0.556305	0.632738	0.6737	0.668385	0.615892	0.52875	0.421107	0.313632	0.227608	0.174973	0.164165	0.186016	0.230733	0.301832	0.401317	0.516359	0.638475	0.758707	0.8673	0.958844	1.03988	
-0.0234693	0.132227	0.300414	0.44856	0.566147	0.650054	0.697324	0.703851	0.661437	0.575538	0.470198	0.370436	0.285576	0.224848	0.196126	0.185787	0.192099	0.229912	0.301997	0.403223	0.520343	0.649627	0.771828	0.885278	0.990461	
0.00400439	0.146175	0.297338	0.429436	0.541407	0.626919	0.676559	0.685006	0.656134	0.586718	0.502841	0.41784	0.341092	0.276583	0.231442	0.198989	0.184651	0.192136	0.225914	0.295275	0.394107	0.518534	0.654501	0.78324	0.909554	
-0.010129	0.116359	0.251329	0.376	0.478492	0.556348	0.606394	0.619174	0.607702	0.568486	0.512981	0.449742	0.381357	0.320458	0.272797	0.231187	0.200442	0.175361	0.171769	0.211219	0.285891	0.396407	0.528735	0.662303	0.800663	
-0.0437208	0.0583569	0.167408	0.280724	0.373023	0.446209	0.495191	0.517984	0.529671	0.519101	0.492896	0.455014	0.402695	0.355252	0.316467	0.274336	0.228498	0.182147	0.152131	0.166225	0.224708	0.319052	0.434626	0.555828	0.684966	
-0.101262	-0.0235913	0.0553386	0.140429	0.221245	0.295577	0.351215	0.38508	0.416632	0.435545	0.442634	0.437052	0.414736	0.39098	0.367556	0.332552	0.281013	0.222857	0.17828	0.170601	0.212942	0.286716	0.374659	0.468411	0.576496	
-0.188315	-0.142515	-0.0946547	-0.0396311	0.0248552	0.0997448	0.171291	0.226466	0.275796	0.326624	0.369641	0.403449	0.424608	0.434022	0.428984	0.403486	0.356724	0.298935	0.243386	0.218873	0.239051	0.286566	0.340517	0.401609	0.4767	
-0.282331	-0.275683	-0.26063	-0.232543	-0.189751	-0.127277	-0.0491048	0.0312403	0.109246	0.193744	0.278685	0.356909	0.42138	0.467739	0.489435	0.479526	0.446678	0.399193	0.340352	0.291741	0.279339	0.293008	0.314536	0.343556	0.382492	
