-0.191255	0.057266	0.311748	0.52537	0.658053	0.680889	0.590248	0.404315	0.161076	-0.0955895	-0.320252	-0.485118	-0.571003	-0.58055	-0.528729	-0.413587	-0.242784	-0.0416293	0.16032	0.345004	0.474616	0.542772	0.572143	0.582304	0.585993	
-0.0927627	0.138659	0.381682	0.586082	0.710514	0.731587	0.647115	0.470916	0.23661	-0.00317804	-0.214179	-0.366277	-0.444461	-0.449669	-0.398744	-0.289796	-0.120176	0.0772918	0.286781	0.481094	0.616107	0.685969	0.713616	0.716693	0.701987	
0.0190316	0.230794	0.456288	0.644885	0.756748	0.77664	0.699746	0.539274	0.321581	0.100261	-0.0921844	-0.232569	-0.300563	-0.297772	-0.238523	-0.128444	0.0358612	0.227534	0.429458	0.616143	0.746399	0.812421	0.830942	0.816281	0.781977	
0.144718	0.336498	0.539341	0.712016	0.816002	0.833915	0.76343	0.614195	0.418597	0.2173	0.0473494	-0.0800317	-0.144447	-0.141603	-0.0817778	0.0287396	0.183142	0.368655	0.555897	0.720835	0.835575	0.894378	0.906286	0.874912	0.822498	
0.284929	0.451001	0.627681	0.781593	0.879561	0.896557	0.829621	0.693556	0.522179	0.348327	0.201491	0.0914572	0.0258108	0.0137498	0.0580958	0.151308	0.289079	0.457906	0.627569	0.768964	0.862918	0.912875	0.918509	0.88297	0.830384	
0.426591	0.567326	0.715897	0.847814	0.936765	0.952757	0.890843	0.77168	0.627161	0.480609	0.355629	0.258595	0.190769	0.154072	0.163129	0.223281	0.328797	0.474083	0.623198	0.746974	0.82764	0.867532	0.867794	0.83573	0.79802	
0.5508	0.66826	0.787318	0.89717	0.972455	0.98651	0.93336	0.83323	0.716453	0.596258	0.488491	0.398351	0.321129	0.25617	0.219998	0.233149	0.298375	0.407347	0.537056	0.649579	0.72478	0.760298	0.764096	0.747661	0.730113	
0.633651	0.728407	0.822092	0.910229	0.971999	0.982691	0.939776	0.858827	0.766183	0.670974	0.578189	0.486643	0.392204	0.296111	0.216595	0.183227	0.202671	0.270041	0.370028	0.476128	0.553993	0.59198	0.614192	0.627985	0.640484	
0.658347	0.735939	0.810362	0.880108	0.928025	0.93639	0.90258	0.839807	0.765849	0.689443	0.60827	0.510563	0.394259	0.267535	0.151492	0.0743573	0.0492448	0.0740415	0.138822	0.233201	0.320474	0.375786	0.423602	0.473892	0.523246	
0.625996	0.698316	0.763323	0.820511	0.858212	0.865043	0.838048	0.788023	0.724825	0.65536	0.576482	0.471929	0.333333	0.179535	0.0312306	-0.0899311	-0.158348	-0.170929	-0.133001	-0.0571148	0.031803	0.110285	0.18648	0.271696	0.359121	
0.553384	0.628464	0.693674	0.74541	0.781975	0.788955	0.762164	0.716719	0.65526	0.584823	0.500206	0.386988	0.228878	0.0460724	-0.134661	-0.296982	-0.407536	-0.449023	-0.42963	-0.367395	-0.283561	-0.191202	-0.0818614	0.041915	0.176296	
0.459808	0.53856	0.604299	0.659235	0.70003	0.710309	0.677335	0.628073	0.566062	0.493067	0.402146	0.276969	0.101811	-0.108657	-0.320991	-0.515108	-0.655397	-0.724561	-0.722836	-0.669951	-0.58618	-0.478857	-0.343895	-0.174582	0.012145	
0.361603	0.43857	0.500098	0.553809	0.597488	0.607082	0.573314	0.522808	0.463615	0.396024	0.301524	0.169762	-0.01371	-0.236885	-0.469531	-0.685367	-0.847513	-0.945908	-0.972411	-0.932664	-0.84473	-0.72392	-0.568603	-0.369465	-0.135123	
0.279335	0.349353	0.403318	0.448776	0.480994	0.488584	0.462674	0.423258	0.371666	0.310568	0.22025	0.0884773	-0.0882426	-0.307695	-0.547065	-0.779554	-0.965648	-1.09498	-1.15268	-1.12804	-1.04078	-0.911913	-0.746674	-0.529449	-0.265187	
0.232601	0.292087	0.336204	0.368045	0.384182	0.387218	0.37527	0.351564	0.310804	0.259175	0.180594	0.0619932	-0.100965	-0.308202	-0.547378	-0.794045	-1.00591	-1.16697	-1.25408	-1.25378	-1.17995	-1.0554	-0.885681	-0.65407	-0.371542	
0.235406	0.273717	0.301644	0.320265	0.327644	0.328996	0.324072	0.311035	0.285347	0.253141	0.198128	0.102445	-0.0440468	-0.238765	-0.468785	-0.719826	-0.954815	-1.1447	-1.26535	-1.30452	-1.26622	-1.15944	-0.988988	-0.751479	-0.460211	
0.282508	0.290949	0.292814	0.296915	0.301407	0.303657	0.299099	0.294048	0.291436	0.288008	0.265253	0.198315	0.0741191	-0.103368	-0.315192	-0.556254	-0.809227	-1.0315	-1.18962	-1.27743	-1.28622	-1.20683	-1.04848	-0.815922	-0.530872	
0.34771	0.333943	0.31232	0.299599	0.298135	0.298705	0.298417	0.305241	0.324813	0.345137	0.344403	0.307679	0.216332	0.0665582	-0.123319	-0.348369	-0.603772	-0.850033	-1.04333	-1.17154	-1.21942	-1.17181	-1.03874	-0.833082	-0.56399	
0.402038	0.372153	0.332218	0.302114	0.285626	0.282418	0.294049	0.317811	0.356661	0.392423	0.410116	0.40285	0.356462	0.249427	0.0827267	-0.12561	-0.368861	-0.615178	-0.831335	-0.994214	-1.07336	-1.05572	-0.955877	-0.782387	-0.539975	
0.42923	0.377127	0.322417	0.278671	0.249223	0.243247	0.265069	0.303158	0.354639	0.409888	0.451974	0.473937	0.467538	0.407117	0.279034	0.0948964	-0.127481	-0.358065	-0.577683	-0.763022	-0.869734	-0.879569	-0.80705	-0.659172	-0.443457	
0.421916	0.349464	0.282851	0.234655	0.20259	0.195453	0.220719	0.260843	0.321068	0.392995	0.461169	0.508974	0.524257	0.499755	0.42096	0.283839	0.0893291	-0.124582	-0.331013	-0.512181	-0.626869	-0.655023	-0.602007	-0.473889	-0.283948	
0.379267	0.295241	0.222674	0.17011	0.139431	0.133718	0.155548	0.19852	0.264422	0.345159	0.429093	0.499097	0.536932	0.53625	0.500854	0.417954	0.263733	0.071723	-0.116042	-0.276198	-0.379805	-0.410106	-0.367607	-0.255447	-0.0939624	
0.306961	0.223226	0.145957	0.0881942	0.0567412	0.0508709	0.0726309	0.119253	0.191517	0.273438	0.359274	0.446322	0.511876	0.540089	0.532529	0.486662	0.379253	0.227137	0.0673409	-0.0727775	-0.162515	-0.183248	-0.135665	-0.0337096	0.102937	
0.22157	0.138565	0.0606331	0.00147474	-0.0314267	-0.0376244	-0.0144396	0.0336494	0.106514	0.188179	0.273501	0.364121	0.448963	0.50745	0.523542	0.498943	0.428612	0.325745	0.205094	0.087152	0.0129255	0.00738295	0.0663146	0.167598	0.284251	
0.132505	0.0477663	-0.0244033	-0.0793186	-0.112648	-0.118276	-0.0953579	-0.0486059	0.0167376	0.097628	0.184756	0.273365	0.362124	0.437784	0.479804	0.47632	0.434754	0.368353	0.281639	0.193386	0.140956	0.151562	0.217723	0.31445	0.420073	
0.0418084	-0.0383589	-0.104907	-0.155305	-0.187833	-0.194549	-0.170445	-0.127252	-0.0667187	0.00819141	0.0958213	0.186593	0.272908	0.353108	0.408972	0.430794	0.416312	0.371548	0.308563	0.249878	0.227502	0.254793	0.325755	0.420215	0.517231	
-0.0383589	-0.113408	-0.173457	-0.222438	-0.252256	-0.256894	-0.237742	-0.194499	-0.1389	-0.0700201	0.0124317	0.101927	0.190499	0.267825	0.330647	0.369484	0.378435	0.351745	0.305894	0.27669	0.280014	0.321932	0.399872	0.498836	0.594505	
-0.104907	-0.173457	-0.23242	-0.277821	-0.30293	-0.30716	-0.290632	-0.252548	-0.198149	-0.133835	-0.0579549	0.0264688	0.112169	0.193441	0.260694	0.309103	0.333033	0.322461	0.297733	0.293938	0.319312	0.372559	0.458717	0.563187	0.660023	
-0.155305	-0.222438	-0.277821	-0.320978	-0.345062	-0.348682	-0.333558	-0.296418	-0.245924	-0.183702	-0.110478	-0.0315032	0.0534833	0.138632	0.211371	0.262761	0.296403	0.302928	0.295683	0.307158	0.345661	0.412839	0.509945	0.619148	0.712491	
-0.187833	-0.252256	-0.30293	-0.345062	-0.372021	-0.376344	-0.358801	-0.320484	-0.273781	-0.215108	-0.143229	-0.0648926	0.0209321	0.107966	0.180791	0.231388	0.273219	0.295823	0.299033	0.314072	0.356897	0.437824	0.550694	0.662205	0.750918	
-0.194549	-0.256894	-0.30716	-0.348682	-0.376344	-0.381394	-0.362017	-0.324757	-0.278371	-0.221075	-0.149208	-0.0705098	0.0141707	0.10247	0.174294	0.225002	0.26886	0.294465	0.301549	0.315445	0.359324	0.443448	0.559603	0.673253	0.758654	
-0.170445	-0.237742	-0.290632	-0.333558	-0.358801	-0.362017	-0.346478	-0.308672	-0.260861	-0.198999	-0.12546	-0.047588	0.0374827	0.123318	0.197976	0.248985	0.285483	0.299321	0.296763	0.310972	0.350883	0.423918	0.528172	0.638143	0.730053	
-0.127252	-0.194499	-0.252548	-0.296418	-0.320484	-0.324757	-0.308672	-0.271859	-0.218663	-0.155619	-0.0812879	0.000682772	0.0850927	0.168459	0.237873	0.28841	0.316491	0.312412	0.295948	0.300046	0.33267	0.390895	0.480496	0.586942	0.683124	
-0.0667187	-0.1389	-0.198149	-0.245924	-0.273781	-0.278371	-0.260861	-0.218663	-0.16351	-0.0971639	-0.0181972	0.0701019	0.158845	0.236875	0.300801	0.344044	0.360673	0.340264	0.302248	0.28373	0.296712	0.34324	0.423722	0.525563	0.621776	
0.00819141	-0.0700201	-0.133835	-0.183702	-0.215108	-0.221075	-0.198999	-0.155619	-0.0971639	-0.0247367	0.0612419	0.152164	0.239757	0.318615	0.377429	0.407284	0.403181	0.366601	0.309794	0.262959	0.25116	0.284667	0.359239	0.454172	0.550017	
0.0958213	0.0124317	-0.0579549	-0.110478	-0.143229	-0.149208	-0.12546	-0.0812879	-0.0181972	0.0612419	0.149479	0.238505	0.325143	0.404547	0.453713	0.460445	0.430002	0.372851	0.297756	0.220688	0.180173	0.197866	0.26553	0.361402	0.462115	
0.186593	0.101927	0.0264688	-0.0315032	-0.0648926	-0.0705098	-0.047588	0.000682772	0.0701019	0.152164	0.238505	0.327724	0.415862	0.482686	0.510291	0.49334	0.434346	0.348774	0.242231	0.136571	0.0696633	0.0701504	0.132853	0.231996	0.34489	
0.272908	0.190499	0.112169	0.0534833	0.0209321	0.0141707	0.0374827	0.0850927	0.158845	0.239757	0.325143	0.415862	0.49075	0.53229	0.533318	0.497195	0.406471	0.273949	0.129971	-0.00249762	-0.0862966	-0.101537	-0.0498209	0.0521656	0.179425	
0.353108	0.267825	0.193441	0.138632	0.107966	0.10247	0.123318	0.168459	0.236875	0.318615	0.404547	0.482686	0.53229	0.541656	0.518919	0.453285	0.318072	0.140134	-0.0387683	-0.190561	-0.289162	-0.316435	-0.272902	-0.165983	-0.0150717	
0.408972	0.330647	0.260694	0.211371	0.180791	0.174294	0.197976	0.237873	0.300801	0.377429	0.453713	0.510291	0.533318	0.518919	0.45884	0.344513	0.164652	-0.0415877	-0.241202	-0.414575	-0.525957	-0.556594	-0.509127	-0.388139	-0.209638	
0.430794	0.369484	0.309103	0.262761	0.231388	0.225002	0.248985	0.28841	0.344044	0.407284	0.460445	0.49334	0.497195	0.453285	0.344513	0.176376	-0.035859	-0.260195	-0.475916	-0.663117	-0.776236	-0.795211	-0.731709	-0.591875	-0.386197	
0.416312	0.378435	0.333033	0.296403	0.273219	0.26886	0.285483	0.316491	0.360673	0.403181	0.430002	0.434346	0.406471	0.318072	0.164652	-0.035859	-0.271966	-0.51196	-0.732386	-0.905963	-0.997737	-0.991633	-0.903218	-0.741172	-0.509812	
0.371548	0.351745	0.322461	0.302928	0.295823	0.294465	0.299321	0.312412	0.340264	0.366601	0.372851	0.348774	0.273949	0.140134	-0.0415877	-0.260195	-0.51196	-0.761901	-0.965694	-1.10913	-1.16988	-1.13424	-1.01442	-0.821713	-0.562557	
0.308563	0.305894	0.297733	0.295683	0.299033	0.301549	0.296763	0.295948	0.302248	0.309794	0.297756	0.242231	0.129971	-0.0387683	-0.241202	-0.475916	-0.732386	-0.965694	-1.13945	-1.24405	-1.26991	-1.20311	-1.05352	-0.829923	-0.549385	
0.249878	0.27669	0.293938	0.307158	0.314072	0.315445	0.310972	0.300046	0.28373	0.262959	0.220688	0.136571	-0.00249762	-0.190561	-0.414575	-0.663117	-0.905963	-1.10913	-1.24405	-1.30328	-1.28352	-1.18684	-1.01978	-0.781584	-0.491496	
0.227502	0.280014	0.319312	0.345661	0.356897	0.359324	0.350883	0.33267	0.296712	0.25116	0.180173	0.0696633	-0.0862966	-0.289162	-0.525957	-0.776236	-0.997737	-1.16988	-1.26991	-1.28352	-1.22159	-1.10268	-0.9308	-0.695953	-0.408747	
0.254793	0.321932	0.372559	0.412839	0.437824	0.443448	0.423918	0.390895	0.34324	0.284667	0.197866	0.0701504	-0.101537	-0.316435	-0.556594	-0.795211	-0.991633	-1.13424	-1.20311	-1.18684	-1.10268	-0.973407	-0.806197	-0.582629	-0.31079	
0.325755	0.399872	0.458717	0.509945	0.550694	0.559603	0.528172	0.480496	0.423722	0.359239	0.26553	0.132853	-0.0498209	-0.272902	-0.509127	-0.731709	-0.903218	-1.01442	-1.05352	-1.01978	-0.9308	-0.806197	-0.645861	-0.439101	-0.190061	
0.420215	0.498836	0.563187	0.619148	0.662205	0.673253	0.638143	0.586942	0.525563	0.454172	0.361402	0.231996	0.0521656	-0.165983	-0.388139	-0.591875	-0.741172	-0.821713	-0.829923	-0.781584	-0.695953	-0.582629	-0.439101	-0.254852	-0.0477047	
0.517231	0.594505	0.660023	0.712491	0.750918	0.758654	0.730053	0.683124	0.621776	0.550017	0.462115	0.34489	0.179425	-0.0150717	-0.209638	-0.386197	-0.509812	-0.562557	-0.549385	-0.491496	-0.408747	-0.31079	-0.190061	-0.0477047	0.107685	
