-0.177702	-0.239413	-0.296938	-0.339874	-0.366132	-0.370369	-0.352655	-0.316115	-0.26329	-0.202359	-0.13884	-0.0664709	0.0185501	0.0938073	0.14348	0.160997	0.15398	0.121481	0.0771013	0.0308763	-0.00355013	-0.0128844	0.000927147	0.037063	0.0922951	
-0.371229	-0.44313	-0.502392	-0.535665	-0.55175	-0.555296	-0.543803	-0.518688	-0.468821	-0.402317	-0.318146	-0.222529	-0.107396	0.00478213	0.101278	0.168246	0.211328	0.222457	0.2117	0.193473	0.181666	0.183579	0.19073	0.206311	0.233295	
-0.489935	-0.570966	-0.631346	-0.662759	-0.676284	-0.678363	-0.670086	-0.647121	-0.598107	-0.524712	-0.431462	-0.316644	-0.189211	-0.0549548	0.0761964	0.185347	0.27576	0.332734	0.357492	0.358395	0.353699	0.348979	0.339976	0.322856	0.317395	
-0.556454	-0.638196	-0.695016	-0.71874	-0.724951	-0.725563	-0.722204	-0.708345	-0.664018	-0.592753	-0.492258	-0.367025	-0.229338	-0.0828437	0.0706324	0.213825	0.342268	0.435881	0.486059	0.49698	0.485918	0.469245	0.440238	0.395589	0.359393	
-0.56673	-0.645435	-0.695329	-0.712649	-0.711086	-0.710211	-0.712924	-0.705996	-0.669342	-0.601575	-0.505035	-0.380281	-0.244752	-0.0957886	0.0684382	0.236855	0.393159	0.512068	0.572611	0.582784	0.565989	0.534806	0.488981	0.425222	0.366611	
-0.534612	-0.601499	-0.637707	-0.644716	-0.638751	-0.636536	-0.643264	-0.643142	-0.620467	-0.564126	-0.481455	-0.368283	-0.240202	-0.095358	0.0660991	0.23942	0.409027	0.53778	0.603604	0.616966	0.601947	0.559528	0.497154	0.418173	0.344956	
-0.471234	-0.50895	-0.516805	-0.511341	-0.501566	-0.499271	-0.507771	-0.515484	-0.515089	-0.48988	-0.433792	-0.343661	-0.228218	-0.0911968	0.0585451	0.222593	0.386745	0.518219	0.589883	0.612711	0.602192	0.557232	0.476959	0.385764	0.306277	
-0.375181	-0.370743	-0.343338	-0.317486	-0.302905	-0.301384	-0.309924	-0.331304	-0.361071	-0.377618	-0.360407	-0.3057	-0.212467	-0.0948207	0.0370394	0.186688	0.338845	0.468946	0.55204	0.585879	0.577849	0.527804	0.436169	0.336824	0.251127	
-0.252146	-0.208464	-0.150194	-0.105937	-0.0835436	-0.0801209	-0.0939877	-0.13004	-0.184816	-0.238309	-0.261821	-0.247085	-0.190633	-0.103741	0.00885295	0.144178	0.285013	0.406249	0.495901	0.538587	0.530388	0.476858	0.389533	0.288824	0.203673	
-0.12257	-0.0517082	0.0229266	0.0796261	0.10995	0.115497	0.094937	0.0483363	-0.0210815	-0.0961851	-0.152305	-0.173151	-0.153263	-0.0988701	-0.00940028	0.108879	0.231505	0.334839	0.419497	0.468	0.467187	0.419732	0.343349	0.255234	0.180528	
-0.000347552	0.0879746	0.170618	0.23062	0.26356	0.269139	0.247126	0.197397	0.123003	0.0339581	-0.0452628	-0.0946045	-0.102602	-0.073022	-0.0111627	0.0819114	0.183947	0.269533	0.339856	0.390175	0.397865	0.360896	0.296909	0.227956	0.17871	
0.0999511	0.202114	0.296074	0.366129	0.401212	0.406666	0.384507	0.327653	0.241837	0.140957	0.0437131	-0.018745	-0.0395703	-0.025945	0.0126927	0.0729432	0.148423	0.21922	0.274465	0.313563	0.330114	0.306983	0.260494	0.216422	0.202529	
0.181832	0.29312	0.399639	0.482018	0.525458	0.532841	0.504056	0.43678	0.337348	0.224815	0.124656	0.0550413	0.0247738	0.0302115	0.0538286	0.0887465	0.139647	0.189924	0.223666	0.248857	0.261617	0.258591	0.242261	0.235575	0.254849	
0.257668	0.362769	0.472669	0.5641	0.618917	0.628445	0.591321	0.513192	0.407133	0.298198	0.204397	0.137321	0.0981356	0.0930531	0.107561	0.129722	0.158544	0.18362	0.198798	0.213685	0.225883	0.234403	0.244591	0.272887	0.317332	
0.33329	0.428215	0.52692	0.618504	0.675721	0.684664	0.647365	0.565057	0.467922	0.369612	0.286274	0.22302	0.183144	0.167595	0.173425	0.188939	0.202858	0.205564	0.19952	0.202879	0.210224	0.222359	0.245609	0.297987	0.363171	
0.395571	0.480485	0.565607	0.641107	0.691233	0.700259	0.664864	0.597769	0.51482	0.428009	0.354918	0.301709	0.267916	0.257479	0.2568	0.260934	0.272143	0.263075	0.237253	0.216364	0.205966	0.211376	0.237249	0.294739	0.369283	
0.43588	0.505911	0.575452	0.636443	0.672749	0.678131	0.654917	0.601597	0.534142	0.463115	0.400051	0.3588	0.340276	0.341192	0.341311	0.341806	0.346741	0.33443	0.298222	0.247331	0.206385	0.199183	0.219517	0.265539	0.334254	
0.438526	0.492792	0.547445	0.596887	0.624698	0.628922	0.611579	0.56854	0.514762	0.459661	0.412163	0.385871	0.380723	0.395981	0.412037	0.417417	0.415128	0.393185	0.347152	0.280495	0.218821	0.19103	0.197139	0.225623	0.275065	
0.395853	0.435974	0.480682	0.52258	0.549297	0.55391	0.535969	0.498623	0.453473	0.410969	0.379326	0.369951	0.381047	0.41482	0.45109	0.474732	0.471164	0.431854	0.372651	0.301346	0.229506	0.18012	0.162145	0.16801	0.202118	
0.312458	0.345298	0.387003	0.428092	0.454412	0.4596	0.440504	0.404255	0.36139	0.3242	0.301974	0.31059	0.346821	0.398003	0.452486	0.491603	0.491698	0.444705	0.374515	0.297165	0.221637	0.160142	0.118358	0.100787	0.112118	
0.20193	0.229866	0.269224	0.307994	0.332603	0.336696	0.31999	0.285499	0.245258	0.210617	0.197492	0.220816	0.277978	0.3455	0.412881	0.461798	0.470742	0.438197	0.372974	0.290094	0.208838	0.13884	0.0836239	0.0443766	0.0247212	
0.0793852	0.0996504	0.136154	0.172697	0.196914	0.201448	0.184247	0.15152	0.113509	0.0838453	0.0832592	0.11383	0.180331	0.263636	0.345158	0.405375	0.430808	0.419001	0.370228	0.293445	0.202102	0.123678	0.0619356	0.00719871	-0.039823	
-0.0365029	-0.0238744	0.0134757	0.0580367	0.0895198	0.095795	0.0729345	0.0317747	-0.0113063	-0.0350214	-0.0285038	0.00932114	0.081572	0.17345	0.270985	0.345709	0.385769	0.392146	0.362746	0.294706	0.209028	0.123808	0.0493306	-0.0130527	-0.0733473	
-0.121031	-0.106784	-0.065421	-0.0132275	0.0256339	0.0327486	0.0054078	-0.0451422	-0.0923353	-0.119663	-0.112409	-0.0742029	-0.00228064	0.0943438	0.200533	0.293321	0.356023	0.382637	0.365471	0.313935	0.237401	0.151567	0.0685001	-0.00432926	-0.0747071	
-0.169042	-0.14427	-0.0878751	-0.0238239	0.0243248	0.0331652	-0.00150792	-0.0617108	-0.124466	-0.16364	-0.165008	-0.12606	-0.0546333	0.047502	0.158792	0.264365	0.349213	0.394182	0.392992	0.354751	0.290571	0.208181	0.124902	0.045414	-0.0348368	
-0.169926	-0.13084	-0.05908	0.0178236	0.0713304	0.0811643	0.0432002	-0.02752	-0.104545	-0.159156	-0.175362	-0.145066	-0.0750174	0.0311027	0.152635	0.270498	0.366654	0.4275	0.441714	0.4152	0.360283	0.288615	0.212105	0.134032	0.0424871	
-0.13084	-0.0801785	-0.000823699	0.0811839	0.139436	0.150307	0.108697	0.0335169	-0.0505697	-0.114558	-0.144464	-0.127331	-0.0630383	0.0480846	0.178154	0.302	0.403253	0.475146	0.505947	0.494216	0.451707	0.389568	0.32257	0.241719	0.136757	
-0.05908	-0.000823699	0.0783356	0.155247	0.213374	0.224383	0.182415	0.11016	0.0296282	-0.0388975	-0.0810004	-0.0810674	-0.02545	0.0846378	0.215997	0.34313	0.445373	0.524882	0.569126	0.574003	0.54504	0.495498	0.432321	0.341022	0.22332	
0.0178236	0.0811839	0.155247	0.22409	0.274258	0.284746	0.247327	0.184434	0.110364	0.0411091	-0.0109789	-0.025398	0.0230845	0.12259	0.253979	0.383444	0.486853	0.5705	0.625381	0.642806	0.631266	0.589396	0.517961	0.416779	0.286018	
0.0713304	0.139436	0.213374	0.274258	0.318521	0.32742	0.294621	0.239683	0.169802	0.0961327	0.0395408	0.0173953	0.0577565	0.149508	0.277407	0.409328	0.513882	0.597619	0.656711	0.686962	0.687122	0.646619	0.566997	0.453617	0.319035	
0.0811643	0.150307	0.224383	0.284746	0.32742	0.335341	0.304316	0.250564	0.180955	0.106416	0.0487141	0.0247965	0.0645405	0.154754	0.280805	0.414014	0.518916	0.602216	0.661413	0.694736	0.695899	0.6562	0.575265	0.459632	0.324201	
0.0432002	0.108697	0.182415	0.247327	0.294621	0.304316	0.26881	0.210249	0.138565	0.0673829	0.0121843	-0.00536523	0.039949	0.135487	0.265553	0.395539	0.49986	0.584644	0.641985	0.663844	0.658669	0.618306	0.542406	0.43617	0.302897	
-0.02752	0.0335169	0.11016	0.184434	0.239683	0.250564	0.210249	0.14094	0.0634147	-0.00598705	-0.0519838	-0.0589884	-0.00609054	0.10059	0.232166	0.359862	0.463295	0.54448	0.592977	0.603977	0.580931	0.535681	0.470939	0.375152	0.251385	
-0.104545	-0.0505697	0.0296282	0.110364	0.169802	0.180955	0.138565	0.0634147	-0.0210674	-0.0866052	-0.121739	-0.110927	-0.0506702	0.0610558	0.19276	0.318308	0.419592	0.494481	0.531878	0.526443	0.489442	0.432122	0.367459	0.283112	0.173685	
-0.159156	-0.114558	-0.0388975	0.0411091	0.0961327	0.106416	0.0673829	-0.00598705	-0.0866052	-0.146233	-0.16753	-0.142298	-0.0738864	0.0341339	0.160261	0.281226	0.380225	0.446112	0.466244	0.445745	0.395123	0.327578	0.254792	0.17702	0.0797	
-0.175362	-0.144464	-0.0810004	-0.0109789	0.0395408	0.0487141	0.0121843	-0.0519838	-0.121739	-0.16753	-0.175033	-0.137818	-0.066045	0.0375655	0.151801	0.261861	0.353454	0.404892	0.410204	0.375912	0.316043	0.237185	0.15628	0.0760844	-0.00761989	
-0.145066	-0.127331	-0.0810674	-0.025398	0.0173953	0.0247965	-0.00536523	-0.0589884	-0.110927	-0.142298	-0.137818	-0.0991021	-0.027476	0.0712227	0.179096	0.277809	0.350653	0.385404	0.37375	0.327871	0.256336	0.171361	0.087122	0.0104731	-0.0637224	
-0.0750174	-0.0630383	-0.02545	0.0230845	0.0577565	0.0645405	0.039949	-0.00609054	-0.0506702	-0.0738864	-0.066045	-0.027476	0.0454806	0.138968	0.241857	0.323461	0.371277	0.385296	0.361129	0.299626	0.217612	0.131304	0.052064	-0.0135581	-0.0784949	
0.0311027	0.0480846	0.0846378	0.12259	0.149508	0.154754	0.135487	0.10059	0.0610558	0.0341339	0.0375655	0.0712227	0.138968	0.226852	0.315576	0.380842	0.41247	0.407618	0.367061	0.29366	0.202512	0.12062	0.0547294	-0.00418018	-0.0565212	
0.152635	0.178154	0.215997	0.253979	0.277407	0.280805	0.265553	0.232166	0.19276	0.160261	0.151801	0.179096	0.241857	0.315576	0.388163	0.441253	0.456398	0.432146	0.372466	0.291089	0.205294	0.132078	0.0738119	0.0276242	-0.00445265	
0.270498	0.302	0.34313	0.383444	0.409328	0.414014	0.395539	0.359862	0.318308	0.281226	0.261861	0.277809	0.323461	0.380842	0.441253	0.484099	0.48722	0.444056	0.373008	0.293028	0.216412	0.151577	0.102327	0.0757714	0.0757418	
0.366654	0.403253	0.445373	0.486853	0.513882	0.518916	0.49986	0.463295	0.419592	0.380225	0.353454	0.350653	0.371277	0.41247	0.456398	0.48722	0.485402	0.439692	0.375187	0.30246	0.228469	0.172822	0.144533	0.140753	0.167665	
0.4275	0.475146	0.524882	0.5705	0.597619	0.602216	0.584644	0.54448	0.494481	0.446112	0.404892	0.385404	0.385296	0.407618	0.432146	0.444056	0.439692	0.410935	0.360704	0.291095	0.225228	0.188182	0.18518	0.204438	0.247517	
0.441714	0.505947	0.569126	0.625381	0.656711	0.661413	0.641985	0.592977	0.531878	0.466244	0.410204	0.37375	0.361129	0.367061	0.372466	0.373008	0.375187	0.360704	0.320256	0.261116	0.209832	0.195149	0.210866	0.251462	0.312403	
0.4152	0.494216	0.574003	0.642806	0.686962	0.694736	0.663844	0.603977	0.526443	0.445745	0.375912	0.327871	0.299626	0.29366	0.291089	0.293028	0.30246	0.291095	0.261116	0.227369	0.205415	0.20688	0.231304	0.284631	0.359521	
0.360283	0.451707	0.54504	0.631266	0.687122	0.695899	0.658669	0.580931	0.489442	0.395123	0.316043	0.256336	0.217612	0.202512	0.205294	0.216412	0.228469	0.225228	0.209832	0.205415	0.208129	0.217834	0.24298	0.30052	0.371283	
0.288615	0.389568	0.495498	0.589396	0.646619	0.6562	0.618306	0.535681	0.432122	0.327578	0.237185	0.171361	0.131304	0.12062	0.132078	0.151577	0.172822	0.188182	0.195149	0.20688	0.217834	0.229271	0.246008	0.28552	0.338837	
0.212105	0.32257	0.432321	0.517961	0.566997	0.575265	0.542406	0.470939	0.367459	0.254792	0.15628	0.087122	0.052064	0.0547294	0.0738119	0.102327	0.144533	0.18518	0.210866	0.231304	0.24298	0.246008	0.242452	0.250171	0.280677	
0.134032	0.241719	0.341022	0.416779	0.453617	0.459632	0.43617	0.375152	0.283112	0.17702	0.0760844	0.0104731	-0.0135581	-0.00418018	0.0276242	0.0757714	0.140753	0.204438	0.251462	0.284631	0.30052	0.28552	0.250171	0.220006	0.220232	
0.0424871	0.136757	0.22332	0.286018	0.319035	0.324201	0.302897	0.251385	0.173685	0.0797	-0.00761989	-0.0637224	-0.0784949	-0.0565212	-0.00445265	0.0757418	0.167665	0.247517	0.312403	0.359521	0.371283	0.338837	0.280677	0.220232	0.18535	
