-0.205639	-0.268503	-0.285598	-0.260738	-0.203043	-0.133086	-0.0782932	-0.0439834	-0.00759353	0.0280127	0.0698147	0.112605	0.164548	0.203796	0.217672	0.213478	0.209137	0.215785	0.225922	0.233504	0.228343	0.231442	0.251238	0.274011	0.296171	
-0.268503	-0.37342	-0.435189	-0.439395	-0.393241	-0.324974	-0.269518	-0.221331	-0.171476	-0.115968	-0.053827	0.00394365	0.0677588	0.121332	0.16528	0.19339	0.225402	0.260531	0.290877	0.315027	0.326328	0.340899	0.355488	0.363431	0.357289	
-0.285598	-0.435189	-0.53182	-0.558171	-0.52718	-0.469473	-0.421178	-0.374614	-0.316722	-0.245235	-0.166882	-0.101544	-0.0325289	0.0376483	0.101269	0.155862	0.210488	0.270501	0.324648	0.37205	0.406665	0.42866	0.439289	0.432613	0.408041	
-0.260738	-0.439395	-0.558171	-0.608332	-0.599277	-0.567735	-0.533926	-0.495904	-0.436808	-0.358291	-0.277096	-0.199402	-0.121061	-0.0394933	0.0323683	0.0992301	0.168789	0.246806	0.326558	0.396758	0.457238	0.495304	0.507037	0.490944	0.449695	
-0.203043	-0.393241	-0.52718	-0.599277	-0.618731	-0.623434	-0.611218	-0.58487	-0.534678	-0.464909	-0.384635	-0.298992	-0.214208	-0.129995	-0.0485525	0.0274674	0.104999	0.197016	0.298716	0.396586	0.482005	0.54083	0.557752	0.536816	0.489476	
-0.133086	-0.324974	-0.469473	-0.567735	-0.623434	-0.648277	-0.650196	-0.637424	-0.608868	-0.552754	-0.479803	-0.396354	-0.308069	-0.223774	-0.13984	-0.0611291	0.023038	0.127547	0.248214	0.368323	0.474235	0.551621	0.578767	0.562566	0.516094	
-0.0782932	-0.269518	-0.421178	-0.533926	-0.611218	-0.650196	-0.667807	-0.668318	-0.651485	-0.608748	-0.545192	-0.468262	-0.38582	-0.304811	-0.220779	-0.133974	-0.0457517	0.0637489	0.193699	0.325225	0.444354	0.531442	0.565439	0.552975	0.510429	
-0.0439834	-0.221331	-0.374614	-0.495904	-0.58487	-0.637424	-0.668318	-0.679249	-0.658859	-0.621403	-0.566644	-0.49931	-0.423794	-0.341548	-0.255785	-0.167479	-0.0784196	0.0281905	0.157816	0.290525	0.40993	0.490208	0.514945	0.501768	0.462298	
-0.00759353	-0.171476	-0.316722	-0.436808	-0.534678	-0.608868	-0.651485	-0.658859	-0.637934	-0.599153	-0.545141	-0.47821	-0.404365	-0.322064	-0.23876	-0.159035	-0.0752008	0.0237364	0.145487	0.266139	0.368401	0.424745	0.433889	0.415204	0.371995	
0.0280127	-0.115968	-0.245235	-0.358291	-0.464909	-0.552754	-0.608748	-0.621403	-0.599153	-0.552894	-0.490882	-0.419944	-0.341711	-0.260081	-0.184932	-0.113331	-0.0386045	0.0505726	0.149769	0.243	0.316541	0.344847	0.336451	0.303448	0.251963	
0.0698147	-0.053827	-0.166882	-0.277096	-0.384635	-0.479803	-0.545192	-0.566644	-0.545141	-0.490882	-0.416861	-0.333218	-0.248763	-0.164059	-0.0942569	-0.0291061	0.030855	0.0989237	0.165848	0.219537	0.25551	0.250598	0.21943	0.174084	0.116679	
0.112605	0.00394365	-0.101544	-0.199402	-0.298992	-0.396354	-0.468262	-0.49931	-0.47821	-0.419944	-0.333218	-0.23629	-0.136492	-0.044396	0.0285936	0.0866264	0.133062	0.177162	0.208924	0.214832	0.198117	0.155391	0.0971455	0.0391862	-0.0314738	
0.164548	0.0677588	-0.0325289	-0.121061	-0.214208	-0.308069	-0.38582	-0.423794	-0.404365	-0.341711	-0.248763	-0.136492	-0.0184855	0.0803461	0.159594	0.217276	0.258582	0.27821	0.268581	0.221419	0.148568	0.0642677	-0.0260167	-0.109846	-0.194943	
0.203796	0.121332	0.0376483	-0.0394933	-0.129995	-0.223774	-0.304811	-0.341548	-0.322064	-0.260081	-0.164059	-0.044396	0.0803461	0.187599	0.274821	0.338227	0.371463	0.369831	0.325432	0.233055	0.107912	-0.0290659	-0.155912	-0.266585	-0.360934	
0.217672	0.16528	0.101269	0.0323683	-0.0485525	-0.13984	-0.220779	-0.255785	-0.23876	-0.184932	-0.0942569	0.0285936	0.159594	0.274821	0.361485	0.422293	0.448541	0.431391	0.359556	0.229583	0.0551609	-0.130519	-0.288825	-0.417649	-0.522774	
0.213478	0.19339	0.155862	0.0992301	0.0274674	-0.0611291	-0.133974	-0.167479	-0.159035	-0.113331	-0.0291061	0.0866264	0.217276	0.338227	0.422293	0.473795	0.48784	0.451283	0.348658	0.185566	-0.0206562	-0.23226	-0.413164	-0.560347	-0.67346	
0.209137	0.225402	0.210488	0.168789	0.104999	0.023038	-0.0457517	-0.0784196	-0.0752008	-0.0386045	0.030855	0.133062	0.258582	0.371463	0.448541	0.48784	0.487024	0.41802	0.281889	0.0978729	-0.115884	-0.33508	-0.534041	-0.685315	-0.791018	
0.215785	0.260531	0.270501	0.246806	0.197016	0.127547	0.0637489	0.0281905	0.0237364	0.0505726	0.0989237	0.177162	0.27821	0.369831	0.431391	0.451283	0.41802	0.320318	0.168213	-0.0166167	-0.228934	-0.44885	-0.641268	-0.779403	-0.864572	
0.225922	0.290877	0.324648	0.326558	0.298716	0.248214	0.193699	0.157816	0.145487	0.149769	0.165848	0.208924	0.268581	0.325432	0.359556	0.348658	0.281889	0.168213	0.0226239	-0.154037	-0.352102	-0.547287	-0.714342	-0.837365	-0.912372	
0.233504	0.315027	0.37205	0.396758	0.396586	0.368323	0.325225	0.290525	0.266139	0.243	0.219537	0.214832	0.221419	0.233055	0.229583	0.185566	0.0978729	-0.0166167	-0.154037	-0.310879	-0.47149	-0.619629	-0.755672	-0.867439	-0.926433	
0.228343	0.326328	0.406665	0.457238	0.482005	0.474235	0.444354	0.40993	0.368401	0.316541	0.25551	0.198117	0.148568	0.107912	0.0551609	-0.0206562	-0.115884	-0.228934	-0.352102	-0.47149	-0.581151	-0.684596	-0.784571	-0.861494	-0.893517	
0.231442	0.340899	0.42866	0.495304	0.54083	0.551621	0.531442	0.490208	0.424745	0.344847	0.250598	0.155391	0.0642677	-0.0290659	-0.130519	-0.23226	-0.33508	-0.44885	-0.547287	-0.619629	-0.684596	-0.748368	-0.798868	-0.825617	-0.832055	
0.251238	0.355488	0.439289	0.507037	0.557752	0.578767	0.565439	0.514945	0.433889	0.336451	0.21943	0.0971455	-0.0260167	-0.155912	-0.288825	-0.413164	-0.534041	-0.641268	-0.714342	-0.755672	-0.784571	-0.798868	-0.793626	-0.782836	-0.767185	
0.274011	0.363431	0.432613	0.490944	0.536816	0.562566	0.552975	0.501768	0.415204	0.303448	0.174084	0.0391862	-0.109846	-0.266585	-0.417649	-0.560347	-0.685315	-0.779403	-0.837365	-0.867439	-0.861494	-0.825617	-0.782836	-0.742544	-0.70183	
0.296171	0.357289	0.408041	0.449695	0.489476	0.516094	0.510429	0.462298	0.371995	0.251963	0.116679	-0.0314738	-0.194943	-0.360934	-0.522774	-0.67346	-0.791018	-0.864572	-0.912372	-0.926433	-0.893517	-0.832055	-0.767185	-0.70183	-0.633746	
0.314175	0.345277	0.371797	0.396489	0.421566	0.444092	0.444748	0.401156	0.30487	0.174151	0.03059	-0.127422	-0.29842	-0.468446	-0.628192	-0.762376	-0.855106	-0.914755	-0.942171	-0.929868	-0.878308	-0.804145	-0.722991	-0.641955	-0.569219	
0.337326	0.339106	0.341809	0.34373	0.349638	0.362826	0.364957	0.32423	0.230362	0.0975617	-0.0588863	-0.234086	-0.41539	-0.590381	-0.736703	-0.84012	-0.908922	-0.948957	-0.950695	-0.910975	-0.84222	-0.749949	-0.648204	-0.564045	-0.500278	
0.370112	0.341101	0.315918	0.29328	0.27712	0.279708	0.280491	0.241416	0.152933	0.0202923	-0.142829	-0.328208	-0.520625	-0.697604	-0.827515	-0.906869	-0.953662	-0.968183	-0.942131	-0.878314	-0.785874	-0.673883	-0.563069	-0.477728	-0.41947	
0.409261	0.353	0.294595	0.244145	0.210191	0.203594	0.200343	0.16397	0.082469	-0.044769	-0.205476	-0.395225	-0.59252	-0.764547	-0.881518	-0.948486	-0.976625	-0.96897	-0.923769	-0.838447	-0.720427	-0.593749	-0.483282	-0.399742	-0.346627	
0.43932	0.364746	0.284797	0.214338	0.168876	0.152256	0.146013	0.11667	0.0460809	-0.0695472	-0.225046	-0.423303	-0.626666	-0.793441	-0.904688	-0.965235	-0.983746	-0.966197	-0.915622	-0.817533	-0.682372	-0.54299	-0.427458	-0.349437	-0.306718	
0.443298	0.36799	0.282854	0.209108	0.159547	0.142638	0.137684	0.110047	0.041066	-0.0736364	-0.227605	-0.42562	-0.631266	-0.798916	-0.909043	-0.968312	-0.982966	-0.966031	-0.913846	-0.813783	-0.675994	-0.533045	-0.416215	-0.339223	-0.300746	
0.424195	0.357905	0.28977	0.229224	0.190839	0.179693	0.173979	0.139866	0.0633911	-0.0582879	-0.217236	-0.411246	-0.610324	-0.778885	-0.892925	-0.957119	-0.981849	-0.967747	-0.918908	-0.827267	-0.701725	-0.569842	-0.456908	-0.375871	-0.326709	
0.384885	0.344745	0.306108	0.272615	0.248067	0.247101	0.246987	0.208701	0.122122	-0.00988936	-0.172405	-0.358936	-0.55442	-0.730413	-0.85424	-0.927078	-0.964769	-0.969394	-0.934464	-0.861702	-0.758006	-0.639447	-0.529487	-0.444513	-0.387375	
0.34957	0.339167	0.331103	0.323863	0.321194	0.329748	0.331281	0.291387	0.200124	0.0672149	-0.0933022	-0.274007	-0.45997	-0.636636	-0.77686	-0.869372	-0.928825	-0.958931	-0.949919	-0.900515	-0.822749	-0.722101	-0.614996	-0.529883	-0.468684	
0.322768	0.341239	0.358446	0.374564	0.393338	0.412007	0.413762	0.371845	0.275043	0.142544	-0.00626438	-0.170588	-0.344717	-0.516575	-0.672321	-0.794003	-0.877264	-0.929891	-0.947264	-0.92309	-0.865656	-0.785607	-0.695182	-0.612076	-0.542816	
0.30293	0.352928	0.39403	0.429328	0.463213	0.489273	0.486547	0.440052	0.347342	0.222405	0.0845914	-0.0669268	-0.233693	-0.401405	-0.564274	-0.7115	-0.819436	-0.887511	-0.928194	-0.932872	-0.891922	-0.824458	-0.753498	-0.680556	-0.607889	
0.28418	0.362175	0.424947	0.47688	0.521941	0.547792	0.538703	0.488863	0.400995	0.286529	0.154798	0.0140916	-0.142903	-0.304582	-0.461092	-0.6094	-0.733903	-0.818666	-0.873677	-0.89956	-0.881199	-0.831685	-0.778443	-0.728053	-0.674535	
0.259566	0.35984	0.438624	0.504008	0.551812	0.576163	0.5656	0.513857	0.429619	0.324138	0.201519	0.0740462	-0.0603289	-0.202709	-0.344111	-0.47644	-0.600121	-0.703138	-0.768708	-0.804265	-0.818633	-0.811222	-0.788894	-0.765641	-0.741144	
0.238821	0.346845	0.434341	0.503156	0.55403	0.569393	0.551038	0.505513	0.432984	0.346265	0.240724	0.132401	0.0283123	-0.0812563	-0.198036	-0.308887	-0.419076	-0.531276	-0.619586	-0.676018	-0.726039	-0.771783	-0.798717	-0.80849	-0.806245	
0.22698	0.331151	0.416696	0.475626	0.50939	0.509503	0.484658	0.448851	0.397297	0.333072	0.258138	0.184292	0.11592	0.0527383	-0.0211556	-0.107651	-0.203997	-0.317348	-0.431777	-0.532213	-0.622931	-0.710277	-0.791825	-0.849257	-0.870577	
0.232899	0.32094	0.387225	0.422648	0.433392	0.413733	0.374949	0.340512	0.310813	0.276488	0.237259	0.210889	0.194377	0.186395	0.164377	0.106721	0.0148562	-0.0990718	-0.231588	-0.376176	-0.516972	-0.645649	-0.768539	-0.869832	-0.918927	
0.229649	0.301438	0.344506	0.355784	0.338662	0.29693	0.246779	0.211781	0.194643	0.18785	0.188787	0.214518	0.253653	0.293143	0.313897	0.29047	0.213375	0.0977353	-0.0446508	-0.214927	-0.400305	-0.57809	-0.732921	-0.85294	-0.923223	
0.220022	0.27306	0.293437	0.28	0.237288	0.174934	0.114454	0.0778689	0.0710916	0.0898157	0.127717	0.192486	0.279131	0.358529	0.409423	0.417455	0.370488	0.26519	0.113174	-0.0697165	-0.278769	-0.491945	-0.675391	-0.806579	-0.886735	
0.210824	0.239545	0.234005	0.198259	0.140225	0.0622461	-0.00530906	-0.0385497	-0.038958	-0.00495753	0.0566611	0.151077	0.268862	0.374912	0.447768	0.480223	0.468098	0.387061	0.241494	0.0555744	-0.15876	-0.379942	-0.579406	-0.726937	-0.824472	
0.210681	0.204949	0.177631	0.12698	0.0571528	-0.0291905	-0.0997426	-0.132494	-0.125983	-0.0844255	-0.00539246	0.106078	0.235713	0.355206	0.43729	0.484564	0.493879	0.44464	0.328296	0.154641	-0.0564978	-0.272289	-0.462085	-0.613155	-0.726031	
0.217614	0.178425	0.123199	0.058721	-0.0177057	-0.10691	-0.185451	-0.220861	-0.207079	-0.155373	-0.0673839	0.053797	0.185845	0.303559	0.388643	0.446187	0.468937	0.444814	0.361484	0.217083	0.0272898	-0.171796	-0.339737	-0.475936	-0.585742	
0.211718	0.140243	0.064234	-0.00903369	-0.0968919	-0.190899	-0.271899	-0.307162	-0.2884	-0.230091	-0.135124	-0.0136761	0.114211	0.224863	0.312896	0.376385	0.406932	0.399269	0.34403	0.235906	0.0895236	-0.0688723	-0.209108	-0.327854	-0.425901	
0.18361	0.0913687	-0.00388154	-0.0887224	-0.180181	-0.273402	-0.353203	-0.391858	-0.372134	-0.308372	-0.213495	-0.0979436	0.0238239	0.126136	0.209035	0.268791	0.30676	0.317276	0.292119	0.22558	0.131247	0.0272514	-0.0771794	-0.172748	-0.261922	
0.132105	0.0284742	-0.0751499	-0.168239	-0.264833	-0.360984	-0.435498	-0.469741	-0.449602	-0.389642	-0.300124	-0.195956	-0.0887101	0.00564964	0.0813449	0.138065	0.182261	0.216122	0.231983	0.216771	0.177428	0.118805	0.0484451	-0.0180905	-0.0955476	
0.0874463	-0.0305423	-0.139308	-0.245457	-0.35084	-0.447471	-0.515923	-0.541271	-0.520154	-0.4634	-0.38385	-0.295371	-0.205635	-0.117748	-0.0471577	0.0141242	0.0673371	0.12633	0.180126	0.215287	0.231821	0.211712	0.169937	0.12073	0.0593196	
