0.170166	0.144674	0.123536	0.104651	0.0891447	0.0856594	0.0973456	0.116377	0.135697	0.159418	0.187611	0.210143	0.21592	0.217545	0.212165	0.186551	0.144713	0.0970585	0.0484889	0.0303206	0.0501455	0.108259	0.184636	0.259518	0.313242	
0.238028	0.266283	0.288132	0.301231	0.305546	0.306004	0.303976	0.294535	0.276583	0.249023	0.224094	0.202078	0.177074	0.156961	0.141014	0.109424	0.0658981	0.0286155	-0.000723188	-0.00927644	0.00822458	0.0525872	0.110948	0.162227	0.194575	
0.316151	0.387315	0.44696	0.494056	0.521156	0.5255	0.508285	0.466823	0.413192	0.344672	0.275554	0.214566	0.161677	0.114178	0.0760779	0.0377158	-0.000634027	-0.0199107	-0.016316	-0.0114202	-0.00674832	0.00766061	0.0347191	0.0571392	0.0666812	
0.375395	0.472649	0.564738	0.646248	0.702393	0.712048	0.673254	0.599078	0.510344	0.41394	0.319913	0.233953	0.151485	0.0820933	0.0253775	-0.0221628	-0.0521653	-0.0527467	-0.0281219	-0.00891995	-0.0115457	-0.0265647	-0.0373964	-0.0451531	-0.0599918	
0.402292	0.512191	0.632928	0.747986	0.827779	0.841327	0.786546	0.680869	0.559705	0.445694	0.338642	0.23488	0.133441	0.0484822	-0.0166899	-0.0632703	-0.0836501	-0.071709	-0.0383726	-0.0112186	-0.0155891	-0.0428924	-0.0798839	-0.117682	-0.15644	
0.393688	0.516033	0.65177	0.783137	0.869791	0.884563	0.825411	0.707149	0.569667	0.440653	0.326867	0.216707	0.10666	0.0196629	-0.0432643	-0.081081	-0.088382	-0.0614065	-0.0241595	0.00371227	-0.000211459	-0.0337404	-0.0853026	-0.14498	-0.20616	
0.342237	0.469288	0.609467	0.7422	0.823618	0.837529	0.782522	0.665909	0.524289	0.391012	0.274668	0.170306	0.0723165	-0.00510334	-0.0559889	-0.0771192	-0.0652769	-0.0228694	0.0239746	0.0543917	0.0530684	0.0210265	-0.0345542	-0.110126	-0.193995	
0.237272	0.353151	0.487073	0.609646	0.687416	0.7013	0.648078	0.539097	0.405684	0.280577	0.177923	0.0939694	0.0262265	-0.0276604	-0.0559085	-0.0532621	-0.0167047	0.0427462	0.106307	0.150685	0.155467	0.121656	0.0593275	-0.033779	-0.14027	
0.0856043	0.177055	0.288038	0.392113	0.461756	0.474716	0.42566	0.331385	0.220582	0.118316	0.0450408	-0.00676546	-0.0380455	-0.0528	-0.0465741	-0.00612316	0.0584214	0.139936	0.22053	0.275217	0.287553	0.247299	0.167497	0.0580957	-0.0651269	
-0.0948708	-0.039858	0.0414136	0.120622	0.173252	0.183172	0.145549	0.0753034	-0.00929816	-0.0768019	-0.113084	-0.12532	-0.110748	-0.0807539	-0.032786	0.0449663	0.13913	0.244387	0.343554	0.406638	0.422987	0.377441	0.279975	0.155411	0.0231863	
-0.281771	-0.26492	-0.214944	-0.168803	-0.137437	-0.131389	-0.154442	-0.194143	-0.246879	-0.279905	-0.277328	-0.248528	-0.189866	-0.113325	-0.0202602	0.08934	0.212579	0.339925	0.456728	0.523173	0.538049	0.496529	0.396608	0.266846	0.132479	
-0.447424	-0.469812	-0.460443	-0.445556	-0.431115	-0.42765	-0.43939	-0.453876	-0.46892	-0.460872	-0.417791	-0.345011	-0.248726	-0.132718	-0.00241753	0.134422	0.277581	0.425909	0.558317	0.630619	0.64523	0.6055	0.513831	0.391335	0.261058	
-0.567599	-0.630783	-0.661307	-0.669556	-0.664206	-0.660432	-0.668948	-0.666578	-0.646755	-0.597043	-0.516612	-0.409428	-0.282108	-0.144892	0.0108915	0.166223	0.324461	0.485511	0.632048	0.725894	0.750373	0.714931	0.630309	0.517058	0.393779	
-0.634125	-0.727546	-0.786915	-0.807693	-0.806859	-0.80465	-0.808924	-0.799288	-0.756033	-0.674507	-0.567185	-0.436229	-0.292828	-0.145871	0.0131951	0.175358	0.346139	0.511788	0.667158	0.779983	0.827677	0.803324	0.725089	0.619878	0.507662	
-0.632437	-0.742751	-0.816432	-0.850172	-0.857555	-0.857493	-0.854883	-0.834726	-0.776375	-0.680164	-0.55607	-0.415449	-0.272412	-0.130226	0.0173964	0.16904	0.3395	0.509228	0.663822	0.785018	0.853818	0.847005	0.780967	0.679414	0.571309	
-0.571735	-0.687097	-0.767969	-0.813755	-0.837825	-0.841382	-0.826048	-0.789775	-0.724191	-0.621173	-0.495317	-0.364946	-0.236754	-0.111078	0.0159415	0.151322	0.30667	0.469771	0.61695	0.734063	0.807812	0.82024	0.774013	0.686131	0.578039	
-0.486209	-0.593138	-0.672338	-0.728735	-0.761829	-0.766951	-0.745138	-0.697414	-0.62852	-0.531516	-0.417014	-0.305256	-0.196344	-0.0899855	0.0168733	0.13645	0.268904	0.403938	0.53278	0.636519	0.702162	0.723417	0.699971	0.63279	0.533373	
-0.401344	-0.486289	-0.556	-0.613386	-0.642123	-0.646429	-0.628607	-0.580926	-0.515719	-0.437362	-0.343944	-0.250289	-0.157877	-0.0665898	0.021808	0.122263	0.229155	0.330331	0.423817	0.504061	0.56291	0.579583	0.562618	0.514084	0.429273	
-0.309557	-0.36919	-0.421226	-0.466733	-0.487371	-0.489459	-0.47865	-0.440848	-0.390717	-0.334302	-0.270461	-0.203255	-0.125664	-0.052549	0.0170313	0.0967369	0.17752	0.246962	0.302807	0.353516	0.396764	0.414819	0.401216	0.360869	0.294488	
-0.206894	-0.240017	-0.271615	-0.302612	-0.314557	-0.315343	-0.310051	-0.284831	-0.252255	-0.221473	-0.18394	-0.144429	-0.0947784	-0.0416481	0.0111621	0.0629631	0.112391	0.153279	0.179677	0.201655	0.227265	0.243141	0.237895	0.208704	0.159854	
-0.0951272	-0.106763	-0.120576	-0.13683	-0.144124	-0.145285	-0.141017	-0.127405	-0.111703	-0.100701	-0.085959	-0.0729311	-0.0591268	-0.0335349	-0.00225903	0.0230933	0.0417312	0.0559083	0.0619882	0.0646814	0.0741876	0.0773289	0.0762499	0.062456	0.0330721	
0.0246477	0.0292487	0.0263805	0.0189967	0.0155361	0.0150713	0.0173802	0.0230374	0.0294225	0.0270926	0.0186145	0.004316	-0.0155995	-0.0265969	-0.0230876	-0.0199347	-0.0232521	-0.0283671	-0.0409189	-0.05564	-0.0658702	-0.0794294	-0.084474	-0.0823083	-0.0800316	
0.137982	0.157206	0.164209	0.167343	0.175158	0.177133	0.170186	0.165231	0.161772	0.146853	0.118634	0.0782162	0.0313269	-0.00839361	-0.0389988	-0.0643743	-0.0863149	-0.109079	-0.140441	-0.174078	-0.20513	-0.230546	-0.235096	-0.216511	-0.181117	
0.233524	0.262619	0.281901	0.301706	0.319962	0.323751	0.309815	0.289461	0.270832	0.247362	0.206729	0.149844	0.0851899	0.0227474	-0.0434543	-0.103859	-0.155256	-0.197345	-0.240915	-0.292588	-0.340635	-0.374482	-0.371606	-0.332525	-0.264822	
0.308115	0.339943	0.368943	0.39219	0.40776	0.410883	0.399547	0.379125	0.351885	0.32191	0.281104	0.216792	0.136787	0.0501164	-0.0433328	-0.134607	-0.215956	-0.281819	-0.344016	-0.41566	-0.481808	-0.517863	-0.500104	-0.430306	-0.32281	
0.35355	0.384482	0.421056	0.443469	0.45123	0.45246	0.447554	0.432459	0.399056	0.365705	0.330447	0.265419	0.17947	0.0713043	-0.0475395	-0.163334	-0.269873	-0.366138	-0.451884	-0.537994	-0.614111	-0.641791	-0.601514	-0.501423	-0.352288	
0.384482	0.417554	0.449696	0.468504	0.473581	0.47416	0.471217	0.459675	0.430857	0.397802	0.361183	0.296999	0.202789	0.0821827	-0.0523554	-0.187174	-0.318427	-0.441418	-0.550817	-0.652298	-0.727298	-0.743802	-0.678742	-0.540042	-0.350705	
0.421056	0.449696	0.471894	0.484632	0.487823	0.488765	0.486439	0.478785	0.4594	0.434031	0.39352	0.320288	0.215064	0.0822718	-0.0608912	-0.211066	-0.361823	-0.504634	-0.628063	-0.733793	-0.804672	-0.809892	-0.723026	-0.547635	-0.31605	
0.443469	0.468504	0.484632	0.49008	0.489509	0.489365	0.489631	0.48833	0.476205	0.454848	0.417131	0.343192	0.225305	0.0782864	-0.0730988	-0.235914	-0.401711	-0.558263	-0.68658	-0.784265	-0.843298	-0.835471	-0.736523	-0.54385	-0.283088	
0.45123	0.473581	0.487823	0.489509	0.478757	0.475943	0.485228	0.490833	0.480133	0.461623	0.428949	0.362772	0.237365	0.0792752	-0.0790683	-0.245717	-0.418712	-0.584019	-0.718559	-0.813618	-0.85683	-0.837108	-0.733257	-0.532675	-0.260106	
0.45246	0.47416	0.488765	0.489365	0.475943	0.473323	0.484385	0.491538	0.480952	0.462707	0.430952	0.366669	0.240358	0.079331	-0.0796141	-0.246092	-0.420376	-0.587671	-0.723413	-0.817912	-0.858613	-0.835701	-0.729919	-0.529404	-0.25559	
0.447554	0.471217	0.486439	0.489631	0.485228	0.484385	0.487851	0.489392	0.47836	0.458353	0.423398	0.352057	0.230057	0.0781812	-0.076144	-0.241915	-0.411934	-0.572404	-0.702581	-0.798668	-0.850793	-0.83785	-0.73691	-0.539895	-0.272521	
0.432459	0.459675	0.478785	0.48833	0.490833	0.491538	0.489392	0.484477	0.468193	0.44503	0.404447	0.329353	0.218846	0.0806923	-0.0662344	-0.22154	-0.378727	-0.528185	-0.653623	-0.756963	-0.82452	-0.82466	-0.731437	-0.546361	-0.301145	
0.399056	0.430857	0.4594	0.476205	0.480133	0.480952	0.47836	0.468193	0.443289	0.41263	0.373738	0.306643	0.209329	0.0837202	-0.0550849	-0.196078	-0.335868	-0.467718	-0.584439	-0.689629	-0.762737	-0.774669	-0.70077	-0.546427	-0.33892	
0.365705	0.397802	0.434031	0.454848	0.461623	0.462707	0.458353	0.44503	0.41263	0.378035	0.343391	0.279947	0.190436	0.076505	-0.0498339	-0.174253	-0.290338	-0.397809	-0.494009	-0.586425	-0.662924	-0.685859	-0.636088	-0.521373	-0.356279	
0.330447	0.361183	0.39352	0.417131	0.428949	0.430952	0.423398	0.404447	0.373738	0.343391	0.304617	0.238099	0.155599	0.05941	-0.0444223	-0.14561	-0.237644	-0.315763	-0.386759	-0.464355	-0.536281	-0.570058	-0.543393	-0.462485	-0.338012	
0.265419	0.296999	0.320288	0.343192	0.362772	0.366669	0.352057	0.329353	0.306643	0.279947	0.238099	0.1788	0.106279	0.0349285	-0.0426301	-0.117208	-0.181463	-0.231609	-0.281858	-0.341791	-0.397059	-0.433061	-0.425546	-0.374324	-0.291776	
0.17947	0.202789	0.215064	0.225305	0.237365	0.240358	0.230057	0.218846	0.209329	0.190436	0.155599	0.106279	0.0525533	0.00267019	-0.0426622	-0.0814617	-0.113456	-0.143713	-0.180695	-0.220892	-0.25897	-0.287976	-0.289887	-0.264681	-0.216383	
0.0713043	0.0821827	0.0822718	0.0782864	0.0792752	0.079331	0.0781812	0.0806923	0.0837202	0.076505	0.05941	0.0349285	0.00267019	-0.0207103	-0.0309493	-0.0379297	-0.04769	-0.059903	-0.0804929	-0.103391	-0.122098	-0.141258	-0.147395	-0.137915	-0.1227	
-0.0475395	-0.0523554	-0.0608912	-0.0730988	-0.0790683	-0.0796141	-0.076144	-0.0662344	-0.0550849	-0.0498339	-0.0444223	-0.0426301	-0.0426622	-0.0309493	-0.00981715	0.0065826	0.0148317	0.0206596	0.0195377	0.0152855	0.0178119	0.0147005	0.0123112	0.00465079	-0.0134181	
-0.163334	-0.187174	-0.211066	-0.235914	-0.245717	-0.246092	-0.241915	-0.22154	-0.196078	-0.174253	-0.14561	-0.117208	-0.0814617	-0.0379297	0.0065826	0.0473376	0.0836413	0.113838	0.131533	0.144415	0.162434	0.174478	0.17241	0.149563	0.107804	
-0.269873	-0.318427	-0.361823	-0.401711	-0.418712	-0.420376	-0.411934	-0.378727	-0.335868	-0.290338	-0.237644	-0.181463	-0.113456	-0.04769	0.0148317	0.0836413	0.152493	0.210585	0.25371	0.291664	0.328419	0.347213	0.335936	0.299467	0.239945	
-0.366138	-0.441418	-0.504634	-0.558263	-0.584019	-0.587671	-0.572404	-0.528185	-0.467718	-0.397809	-0.315763	-0.231609	-0.143713	-0.059903	0.0206596	0.113838	0.210585	0.298	0.375546	0.445018	0.49816	0.514623	0.49926	0.45393	0.376324	
-0.451884	-0.550817	-0.628063	-0.68658	-0.718559	-0.723413	-0.702581	-0.653623	-0.584439	-0.494009	-0.386759	-0.281858	-0.180695	-0.0804929	0.0195377	0.131533	0.25371	0.375546	0.491318	0.586734	0.650541	0.670521	0.650696	0.592443	0.498913	
-0.537994	-0.652298	-0.733793	-0.784265	-0.813618	-0.817912	-0.798668	-0.756963	-0.689629	-0.586425	-0.464355	-0.341791	-0.220892	-0.103391	0.0152855	0.144415	0.291664	0.445018	0.586734	0.700046	0.770969	0.788658	0.753112	0.672555	0.566278	
-0.614111	-0.727298	-0.804672	-0.843298	-0.85683	-0.858613	-0.850793	-0.82452	-0.762737	-0.662924	-0.536281	-0.397059	-0.25897	-0.122098	0.0178119	0.162434	0.328419	0.49816	0.650541	0.770969	0.844276	0.845716	0.786141	0.688779	0.580628	
-0.641791	-0.743802	-0.809892	-0.835471	-0.837108	-0.835701	-0.83785	-0.82466	-0.774669	-0.685859	-0.570058	-0.433061	-0.287976	-0.141258	0.0147005	0.174478	0.347213	0.514623	0.670521	0.788658	0.845716	0.827509	0.753768	0.649847	0.540309	
-0.601514	-0.678742	-0.723026	-0.736523	-0.733257	-0.729919	-0.73691	-0.731437	-0.70077	-0.636088	-0.543393	-0.425546	-0.289887	-0.147395	0.0123112	0.17241	0.335936	0.49926	0.650696	0.753112	0.786141	0.753768	0.671025	0.562128	0.443104	
-0.501423	-0.540042	-0.547635	-0.54385	-0.532675	-0.529404	-0.539895	-0.546361	-0.546427	-0.521373	-0.462485	-0.374324	-0.264681	-0.137915	0.00465079	0.149563	0.299467	0.45393	0.592443	0.672555	0.688779	0.649847	0.562128	0.442859	0.315576	
-0.352288	-0.350705	-0.31605	-0.283088	-0.260106	-0.25559	-0.272521	-0.301145	-0.33892	-0.356279	-0.338012	-0.291776	-0.216383	-0.1227	-0.0134181	0.107804	0.239945	0.376324	0.498913	0.566278	0.580628	0.540309	0.443104	0.315576	0.181751	
