-0.469386	-0.432826	-0.375002	-0.330156	-0.306823	-0.300252	-0.321998	-0.364755	-0.408857	-0.437849	-0.423476	-0.352369	-0.21352	-0.0235015	0.192179	0.412262	0.620233	0.796398	0.931021	1.01398	1.01892	0.961834	0.881351	0.780281	0.665871	
-0.432826	-0.338127	-0.229827	-0.150508	-0.10862	-0.0949273	-0.123888	-0.191848	-0.266826	-0.324336	-0.343612	-0.306606	-0.199787	-0.0384261	0.150734	0.351952	0.553247	0.73297	0.878061	0.970212	0.99096	0.951892	0.875169	0.771566	0.65493	
-0.375002	-0.229827	-0.0874162	0.0147611	0.0787592	0.10481	0.0770996	0.000598393	-0.100328	-0.192397	-0.249912	-0.253437	-0.188821	-0.0608131	0.101451	0.286925	0.476008	0.653472	0.8072	0.912425	0.955319	0.936444	0.867817	0.764391	0.649146	
-0.330156	-0.150508	0.0147611	0.144739	0.233151	0.275896	0.25677	0.17748	0.0592173	-0.0645478	-0.163046	-0.207504	-0.182033	-0.0912184	0.0445272	0.217215	0.404764	0.583347	0.738976	0.850976	0.909046	0.907014	0.854738	0.764282	0.65162	
-0.306823	-0.10862	0.0787592	0.233151	0.346133	0.40966	0.400823	0.316582	0.182353	0.0351344	-0.0953265	-0.172064	-0.186374	-0.131889	-0.015828	0.142208	0.324867	0.508246	0.668677	0.787803	0.857463	0.87119	0.836992	0.766699	0.658935	
-0.300252	-0.0949273	0.10481	0.275896	0.40966	0.48429	0.485474	0.407365	0.266589	0.107147	-0.0400636	-0.139916	-0.185355	-0.165824	-0.0760117	0.0671929	0.240769	0.423707	0.587241	0.714303	0.793032	0.821447	0.815995	0.771072	0.676642	
-0.321998	-0.123888	0.0770996	0.25677	0.400823	0.485474	0.499115	0.435065	0.307258	0.150514	0.000816333	-0.114114	-0.180774	-0.187509	-0.124357	-0.00463975	0.155444	0.330613	0.498813	0.634219	0.723248	0.771778	0.794198	0.774943	0.70565	
-0.364755	-0.191848	0.000598393	0.17748	0.316582	0.407365	0.435065	0.394012	0.291755	0.15478	0.0160673	-0.103073	-0.183792	-0.208807	-0.166886	-0.0699414	0.0720908	0.239817	0.407732	0.557904	0.668644	0.740561	0.777754	0.778756	0.744344	
-0.408857	-0.266826	-0.100328	0.0592173	0.182353	0.266589	0.307258	0.291755	0.223895	0.118078	-0.00163527	-0.117783	-0.207499	-0.248316	-0.22649	-0.144847	-0.0202903	0.137361	0.312381	0.47758	0.612799	0.712608	0.773667	0.796779	0.789582	
-0.437849	-0.324336	-0.192397	-0.0645478	0.0351344	0.107147	0.150514	0.15478	0.118078	0.047316	-0.0514767	-0.163443	-0.258603	-0.310507	-0.30738	-0.245539	-0.137283	0.0125692	0.190814	0.37252	0.534564	0.670535	0.76033	0.815057	0.841624	
-0.423476	-0.343612	-0.249912	-0.163046	-0.0953265	-0.0400636	0.000816333	0.0160673	-0.00163527	-0.0514767	-0.134395	-0.243309	-0.344019	-0.40212	-0.414212	-0.372342	-0.27631	-0.135663	0.0455773	0.24016	0.429805	0.601625	0.737955	0.835499	0.892677	
-0.352369	-0.306606	-0.253437	-0.207504	-0.172064	-0.139916	-0.114114	-0.103073	-0.117783	-0.163443	-0.243309	-0.343219	-0.443626	-0.505272	-0.527325	-0.50507	-0.422174	-0.287773	-0.108779	0.0939322	0.31025	0.518319	0.694968	0.832473	0.921801	
-0.21352	-0.199787	-0.188821	-0.182033	-0.186374	-0.185355	-0.180774	-0.183792	-0.207499	-0.258603	-0.344019	-0.443626	-0.535804	-0.603757	-0.640061	-0.633591	-0.569477	-0.449938	-0.277095	-0.0591036	0.185469	0.416402	0.615901	0.778932	0.900837	
-0.0235015	-0.0384261	-0.0608131	-0.0912184	-0.131889	-0.165824	-0.187509	-0.208807	-0.248316	-0.310507	-0.40212	-0.505272	-0.603757	-0.683712	-0.734312	-0.748524	-0.708772	-0.608688	-0.442894	-0.221556	0.0261175	0.270954	0.485731	0.671827	0.825624	
0.192179	0.150734	0.101451	0.0445272	-0.015828	-0.0760117	-0.124357	-0.166886	-0.22649	-0.30738	-0.414212	-0.527325	-0.640061	-0.734312	-0.804073	-0.839625	-0.825976	-0.753228	-0.603126	-0.393337	-0.15684	0.0877847	0.316318	0.526568	0.709097	
0.412262	0.351952	0.286925	0.217215	0.142208	0.0671929	-0.00463975	-0.0699414	-0.144847	-0.245539	-0.372342	-0.50507	-0.633591	-0.748524	-0.839625	-0.903096	-0.917026	-0.866151	-0.736886	-0.556691	-0.347225	-0.115102	0.129476	0.365193	0.571629	
0.620233	0.553247	0.476008	0.404764	0.324867	0.240769	0.155444	0.0720908	-0.0202903	-0.137283	-0.27631	-0.422174	-0.569477	-0.708772	-0.825976	-0.917026	-0.958108	-0.9367	-0.842028	-0.69911	-0.519852	-0.300863	-0.051703	0.197733	0.425744	
0.796398	0.73297	0.653472	0.583347	0.508246	0.423707	0.330613	0.239817	0.137361	0.0125692	-0.135663	-0.287773	-0.449938	-0.608688	-0.753228	-0.866151	-0.9367	-0.951919	-0.900791	-0.793698	-0.645774	-0.440291	-0.194022	0.0608369	0.304486	
0.931021	0.878061	0.8072	0.738976	0.668677	0.587241	0.498813	0.407732	0.312381	0.190814	0.0455773	-0.108779	-0.277095	-0.442894	-0.603126	-0.736886	-0.842028	-0.900791	-0.893142	-0.821196	-0.693174	-0.510585	-0.279038	-0.0212885	0.23537	
1.01398	0.970212	0.912425	0.850976	0.787803	0.714303	0.634219	0.557904	0.47758	0.37252	0.24016	0.0939322	-0.0591036	-0.221556	-0.393337	-0.556691	-0.69911	-0.793698	-0.821196	-0.77903	-0.665842	-0.500319	-0.285797	-0.0350531	0.224338	
1.01892	0.99096	0.955319	0.909046	0.857463	0.793032	0.723248	0.668644	0.612799	0.534564	0.429805	0.31025	0.185469	0.0261175	-0.15684	-0.347225	-0.519852	-0.645774	-0.693174	-0.665842	-0.572813	-0.420783	-0.22061	0.0135286	0.255487	
0.961834	0.951892	0.936444	0.907014	0.87119	0.821447	0.771778	0.740561	0.712608	0.670535	0.601625	0.518319	0.416402	0.270954	0.0877847	-0.115102	-0.300863	-0.440291	-0.510585	-0.500319	-0.420783	-0.282029	-0.105155	0.0995588	0.309328	
0.881351	0.875169	0.867817	0.854738	0.836992	0.815995	0.794198	0.777754	0.773667	0.76033	0.737955	0.694968	0.615901	0.485731	0.316318	0.129476	-0.051703	-0.194022	-0.279038	-0.285797	-0.22061	-0.105155	0.0417762	0.204552	0.3644	
0.780281	0.771566	0.764391	0.764282	0.766699	0.771072	0.774943	0.778756	0.796779	0.815057	0.835499	0.832473	0.778932	0.671827	0.526568	0.365193	0.197733	0.0608369	-0.0212885	-0.0350531	0.0135286	0.0995588	0.204552	0.307067	0.400932	
0.665871	0.65493	0.649146	0.65162	0.658935	0.676642	0.70565	0.744344	0.789582	0.841624	0.892677	0.921801	0.900837	0.825624	0.709097	0.571629	0.425744	0.304486	0.23537	0.224338	0.255487	0.309328	0.3644	0.400932	0.420477	
0.557589	0.549131	0.543422	0.538004	0.540165	0.565081	0.618664	0.690323	0.75997	0.833777	0.909896	0.966128	0.972638	0.928477	0.844776	0.733507	0.619673	0.530226	0.482858	0.472316	0.482154	0.502705	0.510391	0.489529	0.435335	
0.490352	0.476401	0.457578	0.438662	0.43128	0.457161	0.528086	0.619815	0.712628	0.806403	0.900083	0.974616	1.0082	0.990741	0.932849	0.856885	0.781745	0.722139	0.694953	0.682414	0.677727	0.670747	0.635645	0.556308	0.433542	
0.449788	0.427458	0.39308	0.357173	0.341481	0.367889	0.441588	0.544382	0.652594	0.769214	0.883412	0.977314	1.02753	1.02567	0.991668	0.94537	0.905864	0.873621	0.86025	0.850962	0.832618	0.80126	0.729317	0.602311	0.418052	
0.434787	0.404255	0.35007	0.297602	0.271243	0.296019	0.371984	0.476199	0.594141	0.729571	0.861841	0.973276	1.03506	1.04885	1.03202	1.00562	0.99499	0.987616	0.979936	0.968663	0.944718	0.892828	0.788267	0.62413	0.396059	
0.435418	0.400199	0.335253	0.271006	0.230713	0.248193	0.321959	0.429813	0.561669	0.708511	0.844927	0.962571	1.03143	1.05754	1.05424	1.04813	1.0548	1.06185	1.05653	1.03954	1.00451	0.934706	0.814771	0.633248	0.382233	
0.436175	0.399805	0.334301	0.268934	0.224481	0.239582	0.312709	0.420801	0.558042	0.704733	0.842006	0.959852	1.03043	1.05816	1.05811	1.05798	1.06835	1.07461	1.06999	1.05236	1.01483	0.941864	0.81844	0.633816	0.379072	
0.434253	0.40118	0.341348	0.282699	0.251244	0.273102	0.348195	0.454135	0.577189	0.718365	0.853486	0.96873	1.0342	1.05437	1.04323	1.02418	1.02216	1.02292	1.01718	1.00295	0.974755	0.914991	0.803065	0.629361	0.389061	
0.440827	0.415002	0.37289	0.329749	0.310095	0.336742	0.411667	0.515465	0.627434	0.752587	0.875742	0.97769	1.03258	1.03628	1.00958	0.972436	0.94625	0.924148	0.912782	0.90367	0.882802	0.842958	0.75636	0.613363	0.408839	
0.471459	0.454301	0.428768	0.403986	0.393659	0.419298	0.492101	0.589528	0.690114	0.793121	0.893656	0.97557	1.01593	1.00677	0.959267	0.896297	0.835259	0.787283	0.767105	0.755377	0.744653	0.72801	0.677407	0.577238	0.42907	
0.526336	0.516135	0.506876	0.496913	0.49472	0.520988	0.582506	0.663697	0.742858	0.824046	0.907959	0.972063	0.990914	0.957652	0.883954	0.787463	0.689279	0.611838	0.572704	0.561997	0.564675	0.573248	0.563873	0.518916	0.436683	
0.61914	0.60985	0.604608	0.60446	0.610643	0.631963	0.671867	0.724784	0.780439	0.842252	0.904549	0.944805	0.93459	0.872922	0.770853	0.641243	0.506667	0.397633	0.336882	0.326232	0.349092	0.389637	0.424344	0.437547	0.427517	
0.735755	0.724929	0.718375	0.721477	0.727448	0.73721	0.751704	0.768168	0.797128	0.830042	0.862607	0.873747	0.833987	0.738593	0.603511	0.452515	0.292947	0.16014	0.0821547	0.0685094	0.11056	0.184043	0.269787	0.345296	0.409125	
0.843393	0.836727	0.829676	0.821668	0.813458	0.804518	0.792985	0.783267	0.78701	0.78556	0.78148	0.756237	0.685261	0.562921	0.402861	0.226012	0.0495784	-0.0912333	-0.177086	-0.188136	-0.130168	-0.0254354	0.106601	0.247365	0.381791	
0.932481	0.925568	0.914532	0.891729	0.86181	0.823267	0.784324	0.75894	0.741323	0.711452	0.661321	0.593056	0.5008	0.361796	0.181349	-0.0180115	-0.203144	-0.344803	-0.423141	-0.420925	-0.345988	-0.215371	-0.0493182	0.140046	0.331918	
0.999803	0.980381	0.954382	0.915301	0.869969	0.809626	0.746189	0.702687	0.657488	0.593143	0.501354	0.396339	0.281295	0.125722	-0.0587359	-0.257095	-0.43771	-0.570387	-0.626674	-0.604958	-0.518224	-0.371189	-0.179084	0.0452377	0.275907	
1.0265	0.988099	0.937523	0.881391	0.821403	0.751809	0.675458	0.606754	0.535978	0.439867	0.317086	0.179493	0.0376402	-0.123449	-0.300508	-0.475249	-0.631191	-0.740324	-0.776045	-0.741878	-0.636829	-0.476345	-0.267954	-0.0224879	0.232762	
0.971655	0.922503	0.85658	0.789326	0.722205	0.64363	0.558254	0.47179	0.380788	0.264792	0.122929	-0.0300152	-0.194832	-0.359391	-0.524747	-0.670082	-0.78984	-0.863308	-0.871519	-0.812422	-0.690163	-0.51585	-0.291053	-0.0347216	0.224383	
0.855933	0.795503	0.718797	0.649436	0.576438	0.492282	0.399885	0.307894	0.206626	0.0814296	-0.0662394	-0.220533	-0.38627	-0.550113	-0.70164	-0.822423	-0.9066	-0.939418	-0.906784	-0.813525	-0.674547	-0.477512	-0.236449	0.0202515	0.269798	
0.695197	0.629022	0.548473	0.47813	0.399597	0.314178	0.225313	0.137212	0.0390424	-0.0814315	-0.225465	-0.374036	-0.528072	-0.676801	-0.805739	-0.906204	-0.958603	-0.950132	-0.871501	-0.744417	-0.578509	-0.363817	-0.113832	0.137824	0.372368	
0.498072	0.434068	0.364027	0.292481	0.213339	0.13439	0.0560366	-0.0175273	-0.0992921	-0.207461	-0.340113	-0.479129	-0.615215	-0.7398	-0.840395	-0.915303	-0.939866	-0.900036	-0.78378	-0.617106	-0.419153	-0.193554	0.0539184	0.297532	0.51265	
0.280422	0.22949	0.173085	0.109765	0.0431303	-0.0240672	-0.0829397	-0.134522	-0.200049	-0.289114	-0.404338	-0.525114	-0.643841	-0.744724	-0.822775	-0.869734	-0.867551	-0.803233	-0.659652	-0.460624	-0.233725	0.00698566	0.242719	0.463701	0.656135	
0.0608513	0.0352144	0.000696844	-0.0420843	-0.0915692	-0.137965	-0.170223	-0.199664	-0.248147	-0.316418	-0.41177	-0.517869	-0.621878	-0.708222	-0.766037	-0.786959	-0.757711	-0.669366	-0.509085	-0.289764	-0.0447915	0.201343	0.421114	0.6162	0.782739	
-0.141991	-0.139408	-0.143474	-0.152993	-0.172934	-0.185374	-0.191412	-0.201689	-0.230213	-0.285355	-0.373669	-0.474499	-0.56714	-0.638271	-0.680141	-0.682186	-0.628133	-0.514808	-0.343609	-0.122398	0.125787	0.364499	0.569713	0.742327	0.877018	
-0.305	-0.272708	-0.23623	-0.205397	-0.185684	-0.165155	-0.147139	-0.140553	-0.158527	-0.205207	-0.286567	-0.385333	-0.482259	-0.545967	-0.573793	-0.556678	-0.480354	-0.351467	-0.17589	0.033248	0.262553	0.480806	0.668868	0.818041	0.919795	
-0.402459	-0.336693	-0.258788	-0.18908	-0.133721	-0.0866163	-0.0503493	-0.0353221	-0.0493133	-0.095977	-0.176201	-0.28141	-0.383771	-0.44357	-0.4586	-0.426196	-0.334831	-0.195988	-0.0147013	0.183274	0.38207	0.569658	0.72426	0.83877	0.90928	
