0.315331	0.428939	0.539455	0.627357	0.675465	0.684288	0.65144	0.578816	0.473702	0.362249	0.243046	0.123149	0.0109115	-0.0704759	-0.0988778	-0.0789189	-0.0144841	0.0704685	0.154069	0.22814	0.293661	0.351462	0.384445	0.383489	0.355112	
0.287575	0.399115	0.504121	0.588737	0.640478	0.650021	0.614211	0.540441	0.442937	0.331919	0.220045	0.110054	0.0111792	-0.0532182	-0.0706316	-0.0483924	0.0165975	0.0998383	0.18051	0.248161	0.309755	0.363222	0.400583	0.403121	0.368503	
0.28185	0.397019	0.504309	0.590852	0.648049	0.658822	0.6179	0.541064	0.44204	0.328075	0.214814	0.113954	0.0287391	-0.0316114	-0.044907	-0.0163137	0.0449227	0.121725	0.1923	0.255724	0.317716	0.366697	0.394329	0.389404	0.347644	
0.290675	0.41811	0.531335	0.620994	0.675944	0.685381	0.647762	0.570532	0.466285	0.3412	0.221037	0.125683	0.0495237	-0.0091151	-0.0267961	0.00293592	0.0521908	0.116597	0.18307	0.242636	0.297687	0.336306	0.350988	0.330353	0.274384	
0.317112	0.451705	0.57419	0.668909	0.725669	0.733862	0.696559	0.616234	0.504166	0.369702	0.246675	0.149497	0.0721199	0.00870563	-0.0193881	0.00215204	0.0471247	0.101083	0.15978	0.210698	0.252743	0.279552	0.278986	0.238804	0.167139	
0.357491	0.494425	0.622702	0.713993	0.768659	0.778001	0.740533	0.664229	0.548605	0.411441	0.28391	0.175882	0.0890438	0.0215627	-0.0130704	-0.00442056	0.0299863	0.0756229	0.122127	0.161108	0.187427	0.201547	0.186458	0.131914	0.049663	
0.38741	0.526325	0.647099	0.728775	0.775056	0.783798	0.75108	0.684643	0.57859	0.442736	0.308604	0.189341	0.0906987	0.0247055	-0.0128662	-0.0175068	0.00300817	0.0379586	0.0750147	0.098908	0.107057	0.104244	0.075359	0.0131012	-0.0737328	
0.380052	0.512527	0.625191	0.694739	0.729001	0.733702	0.712409	0.657793	0.561643	0.433697	0.302095	0.178418	0.0747956	0.0104194	-0.0224163	-0.0352595	-0.029704	-0.00773209	0.0177294	0.0281944	0.0178964	-0.00939937	-0.0561097	-0.124937	-0.205357	
0.324023	0.452595	0.554652	0.61593	0.6355	0.637246	0.628025	0.58421	0.49773	0.376717	0.246581	0.128184	0.0383585	-0.0175521	-0.0492734	-0.063856	-0.0683476	-0.061543	-0.0525716	-0.0561452	-0.0830281	-0.137386	-0.204881	-0.274615	-0.331335	
0.232959	0.353284	0.453045	0.51874	0.536112	0.535113	0.530472	0.484935	0.396737	0.282188	0.159985	0.0544147	-0.0223531	-0.0740151	-0.104997	-0.119932	-0.125444	-0.12559	-0.131262	-0.152341	-0.196848	-0.270063	-0.348526	-0.407304	-0.435713	
0.134812	0.255627	0.357507	0.431236	0.464232	0.469064	0.449401	0.391005	0.299326	0.183952	0.0643006	-0.0317959	-0.103405	-0.155729	-0.185258	-0.195753	-0.19387	-0.188174	-0.201562	-0.236048	-0.294123	-0.373291	-0.449222	-0.496472	-0.500517	
0.0582302	0.1744	0.279579	0.362101	0.409646	0.41762	0.385906	0.315395	0.21934	0.104719	-0.0109114	-0.110465	-0.182698	-0.227985	-0.253426	-0.261743	-0.249697	-0.239985	-0.256709	-0.294379	-0.355574	-0.435925	-0.503045	-0.538083	-0.523368	
0.0137369	0.126396	0.233505	0.325925	0.389521	0.401072	0.356958	0.272503	0.170606	0.0584582	-0.0521836	-0.15232	-0.229372	-0.27422	-0.294607	-0.293167	-0.280394	-0.273984	-0.287214	-0.318961	-0.377103	-0.44791	-0.502022	-0.526994	-0.497983	
0.0204795	0.132866	0.242261	0.33895	0.40501	0.41629	0.370612	0.282758	0.177937	0.0648796	-0.0455972	-0.14519	-0.22362	-0.272034	-0.292776	-0.296107	-0.295215	-0.300188	-0.313969	-0.338706	-0.375005	-0.419263	-0.460513	-0.474852	-0.436196	
0.0988342	0.20354	0.312539	0.40834	0.470495	0.481576	0.438766	0.353247	0.247386	0.140491	0.0358043	-0.0641894	-0.153054	-0.220879	-0.251013	-0.270178	-0.286626	-0.309873	-0.333359	-0.351862	-0.368086	-0.384501	-0.403034	-0.399616	-0.353315	
0.239337	0.340234	0.439988	0.532134	0.595158	0.606387	0.562433	0.478407	0.380344	0.2803	0.17937	0.0824726	-0.0178192	-0.107062	-0.163002	-0.20321	-0.24026	-0.282792	-0.320533	-0.345976	-0.357388	-0.354905	-0.343531	-0.328102	-0.28508	
0.413713	0.505054	0.595351	0.689381	0.755508	0.767174	0.721473	0.633198	0.540881	0.45007	0.359983	0.263773	0.153598	0.0526136	-0.0233712	-0.0830964	-0.148699	-0.217696	-0.278492	-0.322876	-0.341172	-0.332937	-0.306422	-0.284083	-0.239254	
0.590058	0.67726	0.76308	0.852273	0.91978	0.931727	0.885118	0.797811	0.712184	0.624402	0.53729	0.439408	0.330806	0.227716	0.143881	0.0668459	-0.0236583	-0.121232	-0.212072	-0.280041	-0.315151	-0.314586	-0.287035	-0.258865	-0.213408	
0.753366	0.840514	0.920083	0.993365	1.05275	1.06546	1.02067	0.948921	0.874317	0.787857	0.700958	0.608517	0.505719	0.403396	0.316145	0.227438	0.114816	-0.0123698	-0.13476	-0.229584	-0.285291	-0.300129	-0.285445	-0.259498	-0.214358	
0.903325	0.986747	1.05692	1.10978	1.14836	1.15737	1.12657	1.08028	1.0162	0.938177	0.851474	0.763509	0.669354	0.573469	0.482307	0.378682	0.243862	0.0942246	-0.0548169	-0.178546	-0.259238	-0.290843	-0.294079	-0.273968	-0.224416	
1.02956	1.11133	1.16758	1.20285	1.22389	1.2274	1.21306	1.18387	1.13671	1.06489	0.978163	0.896143	0.812016	0.720983	0.618473	0.50128	0.349978	0.179915	0.0147076	-0.132195	-0.233412	-0.284293	-0.30056	-0.277733	-0.222141	
1.12904	1.19998	1.24777	1.27009	1.2824	1.28485	1.27592	1.25887	1.22288	1.15952	1.08195	1.00395	0.922643	0.832673	0.728834	0.598546	0.436181	0.261757	0.0872178	-0.0774168	-0.201576	-0.270488	-0.29001	-0.262365	-0.200625	
1.2001	1.2642	1.30164	1.30942	1.31676	1.31853	1.31279	1.30631	1.28343	1.22814	1.15771	1.08804	1.01255	0.925526	0.824958	0.693164	0.532115	0.357259	0.182187	0.00777395	-0.140035	-0.229731	-0.255455	-0.227933	-0.158781	
1.24418	1.29778	1.32816	1.33505	1.33293	1.33305	1.33369	1.33378	1.31308	1.2673	1.20876	1.14979	1.08735	1.01054	0.909207	0.784404	0.633371	0.466767	0.291142	0.113085	-0.0506451	-0.157227	-0.191673	-0.166297	-0.0977375	
1.27	1.31836	1.34332	1.35001	1.34494	1.34502	1.34829	1.34765	1.33154	1.28959	1.2441	1.20381	1.15401	1.08655	0.989516	0.872476	0.727208	0.567937	0.394921	0.213045	0.0454651	-0.0638524	-0.0992409	-0.0740005	-0.0113041	
1.30047	1.3421	1.36232	1.36226	1.35719	1.35649	1.35978	1.36319	1.35431	1.31741	1.27967	1.25564	1.22075	1.16082	1.07219	0.957832	0.814878	0.657022	0.485345	0.306875	0.148696	0.0431542	0.009105	0.0358239	0.100224	
1.3421	1.36283	1.38166	1.38876	1.38832	1.38699	1.38933	1.38622	1.37071	1.35153	1.32726	1.30673	1.28055	1.2288	1.15095	1.03977	0.901339	0.744092	0.574155	0.404045	0.252211	0.152435	0.122274	0.149662	0.220658	
1.36232	1.38166	1.40431	1.42471	1.43725	1.43686	1.43165	1.41268	1.39087	1.3702	1.3501	1.3346	1.3151	1.27247	1.20378	1.10394	0.977995	0.827572	0.662615	0.49991	0.358477	0.261978	0.230348	0.255843	0.323555	
1.36226	1.38876	1.42471	1.46471	1.49017	1.49403	1.47827	1.43997	1.40343	1.37058	1.3544	1.3422	1.32103	1.2885	1.23316	1.15009	1.0424	0.912044	0.75587	0.59175	0.452511	0.359479	0.325362	0.342221	0.401204	
1.35719	1.38832	1.43725	1.49017	1.52094	1.5258	1.50556	1.4591	1.40644	1.36674	1.34861	1.33794	1.32403	1.29954	1.25006	1.17986	1.09444	0.978423	0.822457	0.657117	0.513925	0.423855	0.391193	0.396464	0.4405	
1.35649	1.38699	1.43686	1.49403	1.5258	1.52996	1.51047	1.46046	1.40483	1.36553	1.34861	1.33829	1.32478	1.30188	1.25237	1.18625	1.10715	0.990524	0.834353	0.668628	0.524839	0.434827	0.40353	0.4065	0.446076	
1.35978	1.38933	1.43165	1.47827	1.50556	1.51047	1.49195	1.45044	1.4058	1.36929	1.35193	1.34035	1.32182	1.29411	1.24138	1.16397	1.06512	0.944036	0.788031	0.623468	0.482384	0.390692	0.356864	0.368762	0.421846	
1.36319	1.38622	1.41268	1.43997	1.4591	1.46046	1.45044	1.42271	1.39764	1.37153	1.35325	1.34032	1.31971	1.28045	1.21781	1.12479	1.00461	0.860202	0.699923	0.537163	0.398194	0.303464	0.270003	0.292924	0.358089	
1.35431	1.37071	1.39087	1.40343	1.40644	1.40483	1.4058	1.39764	1.37849	1.36162	1.34037	1.32064	1.29843	1.25027	1.17544	1.06706	0.933746	0.778786	0.609237	0.442752	0.29502	0.196625	0.167055	0.194454	0.264839	
1.31741	1.35153	1.3702	1.37058	1.36674	1.36553	1.36929	1.37153	1.36162	1.33226	1.29864	1.27745	1.24669	1.1898	1.1062	0.992341	0.849988	0.69127	0.520517	0.345766	0.190392	0.0867746	0.0540455	0.0812049	0.149145	
1.27967	1.32726	1.3501	1.3544	1.34861	1.34861	1.35193	1.35325	1.34037	1.29864	1.25619	1.22441	1.18055	1.11623	1.0216	0.906377	0.762102	0.604845	0.432331	0.250277	0.086291	-0.0219333	-0.0573428	-0.0314729	0.0300359	
1.25564	1.30673	1.3346	1.3422	1.33794	1.33829	1.34035	1.34032	1.32064	1.27745	1.22441	1.17193	1.11426	1.04169	0.941543	0.820189	0.67191	0.508907	0.334256	0.154736	-0.0130274	-0.121698	-0.157202	-0.132207	-0.0660609	
1.22075	1.28055	1.3151	1.32103	1.32403	1.32478	1.32182	1.31971	1.29843	1.24669	1.18055	1.11426	1.04437	0.960919	0.859458	0.729924	0.573413	0.401185	0.224623	0.0490109	-0.106004	-0.204333	-0.233693	-0.207121	-0.1371	
1.16082	1.2288	1.27247	1.2885	1.29954	1.30188	1.29411	1.28045	1.25027	1.1898	1.11623	1.04169	0.960919	0.871194	0.769065	0.636533	0.472754	0.297551	0.123195	-0.0476899	-0.182242	-0.25828	-0.27906	-0.251618	-0.186209	
1.07219	1.15095	1.20378	1.23316	1.25006	1.25237	1.24138	1.21781	1.17544	1.1062	1.0216	0.941543	0.859458	0.769065	0.664046	0.541205	0.384873	0.212119	0.0417693	-0.112681	-0.22198	-0.280342	-0.299309	-0.273259	-0.215989	
0.957832	1.03977	1.10394	1.15009	1.17986	1.18625	1.16397	1.12479	1.06706	0.992341	0.906377	0.820189	0.729924	0.636533	0.541205	0.432112	0.290403	0.130779	-0.0258977	-0.160377	-0.249711	-0.288799	-0.297594	-0.277931	-0.226198	
0.814878	0.901339	0.977995	1.0424	1.09444	1.10715	1.06512	1.00461	0.933746	0.849988	0.762102	0.67191	0.573413	0.472754	0.384873	0.290403	0.167423	0.0323178	-0.102047	-0.207964	-0.273567	-0.295514	-0.288338	-0.265059	-0.218481	
0.657022	0.744092	0.827572	0.912044	0.978423	0.990524	0.944036	0.860202	0.778786	0.69127	0.604845	0.508907	0.401185	0.297551	0.212119	0.130779	0.0323178	-0.0786903	-0.181952	-0.261187	-0.304007	-0.308172	-0.284737	-0.255521	-0.210711	
0.485345	0.574155	0.662615	0.75587	0.822457	0.834353	0.788031	0.699923	0.609237	0.520517	0.432331	0.334256	0.224623	0.123195	0.0417693	-0.0258977	-0.102047	-0.181952	-0.254524	-0.306827	-0.331794	-0.325233	-0.296585	-0.272051	-0.226294	
0.306875	0.404045	0.49991	0.59175	0.657117	0.668628	0.623468	0.537163	0.442752	0.345766	0.250277	0.154736	0.0490109	-0.0476899	-0.112681	-0.160377	-0.207964	-0.261187	-0.306827	-0.339326	-0.351737	-0.345902	-0.325654	-0.307442	-0.263303	
0.148696	0.252211	0.358477	0.452511	0.513925	0.524839	0.482384	0.398194	0.29502	0.190392	0.086291	-0.0130274	-0.106004	-0.182242	-0.22198	-0.249711	-0.273567	-0.304007	-0.331794	-0.351737	-0.364517	-0.372136	-0.377939	-0.368579	-0.323335	
0.0431542	0.152435	0.261978	0.359479	0.423855	0.434827	0.390692	0.303464	0.196625	0.0867746	-0.0219333	-0.121698	-0.204333	-0.25828	-0.280342	-0.288799	-0.295514	-0.308172	-0.325233	-0.345902	-0.372136	-0.404242	-0.439585	-0.446689	-0.404185	
0.009105	0.122274	0.230348	0.325362	0.391193	0.40353	0.356864	0.270003	0.167055	0.0540455	-0.0573428	-0.157202	-0.233693	-0.27906	-0.299309	-0.297594	-0.288338	-0.284737	-0.296585	-0.325654	-0.377939	-0.439585	-0.488388	-0.509265	-0.476901	
0.0358239	0.149662	0.255843	0.342221	0.396464	0.4065	0.368762	0.292924	0.194454	0.0812049	-0.0314729	-0.132207	-0.207121	-0.251618	-0.273259	-0.277931	-0.265059	-0.255521	-0.272051	-0.307442	-0.368579	-0.446689	-0.509265	-0.540525	-0.518692	
0.100224	0.220658	0.323555	0.401204	0.4405	0.446076	0.421846	0.358089	0.264839	0.149145	0.0300359	-0.0660609	-0.1371	-0.186209	-0.215989	-0.226198	-0.218481	-0.210711	-0.226294	-0.263303	-0.323335	-0.404185	-0.476901	-0.518692	-0.51542	
