0.247087	0.205666	0.143972	0.0891264	0.0598123	0.0555726	0.0744644	0.119584	0.182473	0.233579	0.258304	0.253912	0.246484	0.223696	0.184106	0.131101	0.0686934	0.0139227	-0.0292653	-0.0735083	-0.12256	-0.160761	-0.177181	-0.160518	-0.11031	
0.370892	0.316481	0.240604	0.17826	0.146294	0.14258	0.161305	0.212486	0.287006	0.353037	0.385421	0.378424	0.347992	0.289549	0.209393	0.117569	0.0286939	-0.0377896	-0.0804181	-0.118198	-0.151052	-0.171526	-0.167962	-0.131732	-0.0641219	
0.48585	0.417799	0.332564	0.262247	0.226827	0.221448	0.243141	0.301627	0.383679	0.462936	0.506769	0.503511	0.458573	0.375679	0.258511	0.131383	0.0195709	-0.0567243	-0.105848	-0.14264	-0.162774	-0.16215	-0.130774	-0.0703748	0.010963	
0.595451	0.518947	0.424872	0.342057	0.296933	0.290333	0.318477	0.388652	0.482418	0.567868	0.622729	0.624384	0.574312	0.476372	0.332159	0.174707	0.0423255	-0.0441987	-0.105439	-0.151119	-0.169692	-0.152054	-0.0966617	-0.00411031	0.100204	
0.695566	0.610363	0.507943	0.41712	0.366877	0.359633	0.39107	0.468947	0.56965	0.665587	0.725616	0.736362	0.686516	0.580406	0.42191	0.24608	0.0943322	-0.0116082	-0.0933919	-0.15721	-0.17783	-0.14831	-0.0659627	0.0544939	0.184959	
0.775284	0.682429	0.572668	0.482006	0.435667	0.429612	0.457834	0.532289	0.63883	0.742075	0.812636	0.83212	0.786622	0.674532	0.511936	0.326767	0.157292	0.0239234	-0.0863021	-0.163252	-0.185321	-0.142096	-0.0389367	0.10042	0.246994	
0.830107	0.729351	0.617354	0.527428	0.483227	0.477062	0.504247	0.576077	0.684355	0.793358	0.872801	0.900496	0.86336	0.752323	0.586432	0.39709	0.211447	0.0464273	-0.0906062	-0.177017	-0.198897	-0.144867	-0.0302357	0.117438	0.274484	
0.846816	0.743924	0.633093	0.544275	0.496043	0.48819	0.519908	0.593139	0.698941	0.808841	0.894251	0.933917	0.91355	0.815103	0.649706	0.448148	0.241702	0.0465695	-0.11399	-0.210409	-0.22624	-0.167743	-0.0468229	0.103999	0.263901	
0.844042	0.73505	0.617378	0.521961	0.461367	0.450314	0.493012	0.57576	0.68697	0.803414	0.89427	0.940087	0.93134	0.844109	0.681785	0.467935	0.241339	0.0246993	-0.153163	-0.258504	-0.278651	-0.221028	-0.102752	0.0500323	0.213503	
0.813581	0.695231	0.570064	0.463109	0.397008	0.385113	0.431093	0.52381	0.644263	0.768953	0.867331	0.918629	0.910964	0.8343	0.675246	0.45587	0.213426	-0.0229961	-0.212651	-0.325929	-0.353653	-0.30404	-0.197012	-0.050883	0.118571	
0.752012	0.636252	0.506429	0.39726	0.33308	0.321364	0.365838	0.458408	0.584134	0.709138	0.805848	0.857581	0.847934	0.768753	0.612506	0.393109	0.144436	-0.0983641	-0.295466	-0.413737	-0.448155	-0.412596	-0.323572	-0.190615	-0.0257034	
0.654127	0.552115	0.430067	0.326496	0.268847	0.259856	0.29761	0.384293	0.503609	0.617546	0.699006	0.743085	0.726511	0.638739	0.47717	0.261135	0.0231855	-0.207643	-0.394275	-0.510049	-0.552612	-0.528209	-0.454896	-0.340641	-0.191149	
0.507286	0.427094	0.325191	0.235715	0.191719	0.185277	0.212963	0.285052	0.387597	0.478769	0.540944	0.56712	0.537593	0.443696	0.279577	0.0697975	-0.147575	-0.350315	-0.518366	-0.622046	-0.666038	-0.646436	-0.574023	-0.464463	-0.33171	
0.322434	0.260178	0.179565	0.112731	0.081928	0.076801	0.0961639	0.149562	0.228353	0.300661	0.342971	0.343276	0.294852	0.193037	0.0307459	-0.169195	-0.365504	-0.537872	-0.677287	-0.759636	-0.78393	-0.75174	-0.666769	-0.5521	-0.430972	
0.109854	0.0608463	-0.00275951	-0.052976	-0.075725	-0.0792945	-0.0654869	-0.0258041	0.0360795	0.0937239	0.119161	0.092702	0.0187258	-0.0954791	-0.254152	-0.440983	-0.612123	-0.744741	-0.845125	-0.889124	-0.87764	-0.815633	-0.712938	-0.595292	-0.484744	
-0.121073	-0.154659	-0.20115	-0.240217	-0.253778	-0.254993	-0.248826	-0.218822	-0.172956	-0.130177	-0.122743	-0.168581	-0.259698	-0.382585	-0.537951	-0.705894	-0.848653	-0.94262	-0.990672	-0.9862	-0.927218	-0.824916	-0.697408	-0.577476	-0.475293	
-0.330746	-0.344238	-0.377806	-0.408596	-0.413709	-0.413312	-0.412766	-0.392339	-0.356253	-0.33156	-0.34346	-0.403318	-0.502419	-0.630807	-0.782723	-0.929317	-1.04328	-1.09853	-1.09717	-1.03507	-0.924344	-0.781152	-0.624424	-0.492798	-0.39043	
-0.478638	-0.478706	-0.504193	-0.527417	-0.533187	-0.532455	-0.531715	-0.515369	-0.487526	-0.472941	-0.502647	-0.570207	-0.671193	-0.802706	-0.95002	-1.08052	-1.1695	-1.19163	-1.14348	-1.02918	-0.863833	-0.675031	-0.490393	-0.338298	-0.223742	
-0.544149	-0.532891	-0.544103	-0.56363	-0.572474	-0.573829	-0.569039	-0.55225	-0.535623	-0.53534	-0.570958	-0.645268	-0.751434	-0.878334	-1.01967	-1.14167	-1.21284	-1.21083	-1.12778	-0.970438	-0.761099	-0.529118	-0.308753	-0.130562	0.00344265	
-0.518855	-0.491947	-0.486083	-0.493248	-0.507398	-0.511434	-0.498876	-0.487819	-0.487726	-0.505079	-0.550141	-0.631138	-0.743887	-0.872969	-1.00264	-1.11335	-1.17536	-1.15561	-1.04734	-0.85971	-0.618727	-0.353805	-0.105744	0.099718	0.251601	
-0.414532	-0.365666	-0.338107	-0.330336	-0.339919	-0.342929	-0.332736	-0.33261	-0.352087	-0.392531	-0.454839	-0.541636	-0.660094	-0.795429	-0.921647	-1.02268	-1.07338	-1.04463	-0.918998	-0.707419	-0.441755	-0.156551	0.106209	0.323257	0.484975	
-0.23733	-0.161514	-0.115114	-0.0973855	-0.0967063	-0.0976983	-0.0957812	-0.104795	-0.138896	-0.204956	-0.288618	-0.391133	-0.518158	-0.665664	-0.802539	-0.902178	-0.939564	-0.901771	-0.770185	-0.547506	-0.271299	0.0224624	0.291131	0.511081	0.670197	
-0.00732279	0.0903423	0.15697	0.190595	0.198305	0.198451	0.196099	0.173953	0.121369	0.0342589	-0.0736302	-0.197547	-0.344328	-0.51102	-0.66381	-0.770385	-0.807143	-0.763693	-0.629094	-0.409971	-0.137133	0.150436	0.41524	0.630589	0.78323	
0.242411	0.360201	0.450663	0.501138	0.514421	0.514958	0.509903	0.47587	0.399927	0.291843	0.1626	0.00773346	-0.175716	-0.368076	-0.532958	-0.646207	-0.690192	-0.648639	-0.515967	-0.301358	-0.0400886	0.227484	0.474054	0.680029	0.822662	
0.475881	0.616222	0.730435	0.79615	0.819509	0.822583	0.80912	0.763651	0.665715	0.534253	0.380661	0.190569	-0.0308238	-0.248926	-0.42986	-0.549999	-0.598607	-0.566814	-0.437551	-0.231204	0.0153024	0.257601	0.477249	0.661796	0.795279	
0.677179	0.842665	0.971516	1.05209	1.08698	1.0914	1.07059	1.01007	0.899418	0.747952	0.560644	0.339734	0.0928467	-0.149773	-0.352114	-0.485731	-0.544631	-0.515411	-0.399121	-0.210007	0.0186569	0.240848	0.437519	0.601085	0.718404	
0.842665	1.0285	1.16985	1.26093	1.30639	1.31407	1.28355	1.21244	1.09074	0.922714	0.710563	0.465627	0.197912	-0.0647594	-0.292091	-0.451506	-0.527284	-0.511643	-0.405733	-0.235529	-0.0249525	0.18373	0.364719	0.507306	0.606614	
0.971516	1.16985	1.31818	1.41486	1.4638	1.47166	1.43963	1.36313	1.23472	1.05629	0.83243	0.565574	0.27405	-0.0108155	-0.256325	-0.436843	-0.532134	-0.53236	-0.436231	-0.275901	-0.0826556	0.110206	0.271942	0.39267	0.478291	
1.05209	1.26093	1.41486	1.5203	1.57092	1.57859	1.54715	1.46267	1.32843	1.14183	0.903569	0.623129	0.314429	0.0119172	-0.244168	-0.438396	-0.547834	-0.554176	-0.463476	-0.311537	-0.12774	0.0507853	0.191385	0.293302	0.370567	
1.08698	1.30639	1.4638	1.57092	1.62518	1.63328	1.59879	1.51276	1.37668	1.18166	0.93166	0.639444	0.324861	0.0160715	-0.249773	-0.452196	-0.558676	-0.560957	-0.468138	-0.320888	-0.147032	0.0241281	0.15306	0.240472	0.30835	
1.0914	1.31407	1.47166	1.57859	1.63328	1.64147	1.60614	1.52043	1.38482	1.18725	0.935424	0.640421	0.325521	0.0155006	-0.25192	-0.45659	-0.56121	-0.560917	-0.467521	-0.321346	-0.149863	0.0199178	0.147293	0.23271	0.297695	
1.07059	1.28355	1.43963	1.54715	1.59879	1.60614	1.57449	1.48838	1.35239	1.16251	0.91842	0.633268	0.32156	0.0153417	-0.244833	-0.443247	-0.553504	-0.558793	-0.467404	-0.318312	-0.138644	0.0362104	0.171478	0.266137	0.339575	
1.01007	1.21244	1.36313	1.46267	1.51276	1.52043	1.48838	1.40909	1.27841	1.09653	0.867759	0.594118	0.293981	0.00141368	-0.248829	-0.435805	-0.53841	-0.542273	-0.449431	-0.292058	-0.103578	0.0834731	0.2354	0.348575	0.430481	
0.899418	1.09074	1.23472	1.32843	1.37668	1.38482	1.35239	1.27841	1.15389	0.981772	0.763678	0.509087	0.232436	-0.0388603	-0.274442	-0.443583	-0.527386	-0.518892	-0.416493	-0.250941	-0.0474355	0.15467	0.328934	0.462125	0.555308	
0.747952	0.922714	1.05629	1.14183	1.18166	1.18725	1.16251	1.09653	0.981772	0.823156	0.623487	0.392185	0.137371	-0.113669	-0.325922	-0.468918	-0.534354	-0.508213	-0.396878	-0.215965	0.00514286	0.221232	0.411433	0.567822	0.677529	
0.560644	0.710563	0.83243	0.903569	0.93166	0.935424	0.91842	0.867759	0.763678	0.623487	0.457052	0.254005	0.0205162	-0.206803	-0.396667	-0.520712	-0.572113	-0.541945	-0.416569	-0.216262	0.0229727	0.256608	0.466135	0.641611	0.769188	
0.339734	0.465627	0.565574	0.623129	0.639444	0.640421	0.633268	0.594118	0.509087	0.392185	0.254005	0.0846468	-0.114408	-0.317682	-0.487963	-0.603456	-0.649957	-0.61162	-0.480171	-0.268296	-0.0123087	0.245565	0.481842	0.679696	0.818712	
0.0928467	0.197912	0.27405	0.314429	0.324861	0.325521	0.32156	0.293981	0.232436	0.137371	0.0205162	-0.114408	-0.274963	-0.450531	-0.608821	-0.718549	-0.758278	-0.71436	-0.58012	-0.363414	-0.0941575	0.186635	0.445905	0.65858	0.807484	
-0.149773	-0.0647594	-0.0108155	0.0119172	0.0160715	0.0155006	0.0153417	0.00141368	-0.0388603	-0.113669	-0.206803	-0.317682	-0.450531	-0.60481	-0.748727	-0.849709	-0.885056	-0.844137	-0.710825	-0.48815	-0.213001	0.0807442	0.349271	0.568469	0.724871	
-0.352114	-0.292091	-0.256325	-0.244168	-0.249773	-0.25192	-0.244833	-0.248829	-0.274442	-0.325922	-0.396667	-0.487963	-0.608821	-0.748727	-0.877652	-0.976974	-1.02201	-0.989461	-0.86078	-0.642613	-0.37023	-0.0804613	0.185657	0.404909	0.566735	
-0.485731	-0.451506	-0.436843	-0.438396	-0.452196	-0.45659	-0.443247	-0.435805	-0.443583	-0.468918	-0.520712	-0.603456	-0.718549	-0.849709	-0.976974	-1.08245	-1.14041	-1.1163	-1	-0.802182	-0.550069	-0.275716	-0.0206349	0.190931	0.348564	
-0.544631	-0.527284	-0.532134	-0.547834	-0.558676	-0.56121	-0.553504	-0.53841	-0.527386	-0.534354	-0.572113	-0.649957	-0.758278	-0.885056	-1.02201	-1.14041	-1.20745	-1.19709	-1.10354	-0.932675	-0.710004	-0.462505	-0.230104	-0.0396597	0.102046	
-0.515411	-0.511643	-0.53236	-0.554176	-0.560957	-0.560917	-0.558793	-0.542273	-0.518892	-0.508213	-0.541945	-0.61162	-0.71436	-0.844137	-0.989461	-1.1163	-1.19709	-1.2083	-1.14419	-1.01159	-0.826283	-0.619956	-0.420702	-0.259785	-0.138104	
-0.399121	-0.405733	-0.436231	-0.463476	-0.468138	-0.467521	-0.467404	-0.449431	-0.416493	-0.396878	-0.416569	-0.480171	-0.58012	-0.710825	-0.86078	-1	-1.10354	-1.14419	-1.12335	-1.03949	-0.906657	-0.745357	-0.578327	-0.439231	-0.332992	
-0.210007	-0.235529	-0.275901	-0.311537	-0.320888	-0.321346	-0.318312	-0.292058	-0.250941	-0.215965	-0.216262	-0.268296	-0.363414	-0.48815	-0.642613	-0.802182	-0.932675	-1.01159	-1.03949	-1.01209	-0.932899	-0.814325	-0.674803	-0.551721	-0.451585	
0.0186569	-0.0249525	-0.0826556	-0.12774	-0.147032	-0.149863	-0.138644	-0.103578	-0.0474355	0.00514286	0.0229727	-0.0123087	-0.0941575	-0.213001	-0.37023	-0.550069	-0.710004	-0.826283	-0.906657	-0.932899	-0.903458	-0.825797	-0.714162	-0.596254	-0.489159	
0.240848	0.18373	0.110206	0.0507853	0.0241281	0.0199178	0.0362104	0.0834731	0.15467	0.221232	0.256608	0.245565	0.186635	0.0807442	-0.0804613	-0.275716	-0.462505	-0.619956	-0.745357	-0.814325	-0.825797	-0.78356	-0.691651	-0.57516	-0.459076	
0.437519	0.364719	0.271942	0.191385	0.15306	0.147293	0.171478	0.2354	0.328934	0.411433	0.466135	0.481842	0.445905	0.349271	0.185657	-0.0206349	-0.230104	-0.420702	-0.578327	-0.674803	-0.714162	-0.691651	-0.615491	-0.504624	-0.376816	
0.601085	0.507306	0.39267	0.293302	0.240472	0.23271	0.266137	0.348575	0.462125	0.567822	0.641611	0.679696	0.65858	0.568469	0.404909	0.190931	-0.0396597	-0.259785	-0.439231	-0.551721	-0.596254	-0.57516	-0.504624	-0.39413	-0.251706	
0.718404	0.606614	0.478291	0.370567	0.30835	0.297695	0.339575	0.430481	0.555308	0.677529	0.769188	0.818712	0.807484	0.724871	0.566735	0.348564	0.102046	-0.138104	-0.332992	-0.451585	-0.489159	-0.459076	-0.376816	-0.251706	-0.0922129	
