0.0823247	-0.229098	-0.49025	-0.678073	-0.779825	-0.795495	-0.729657	-0.575172	-0.341389	-0.045583	0.272349	0.56037	0.786778	0.926586	0.978126	0.955638	0.86096	0.71134	0.531839	0.336333	0.145198	-0.0375929	-0.207277	-0.347146	-0.445556	
0.129854	-0.189552	-0.459263	-0.654502	-0.75926	-0.775798	-0.70806	-0.547123	-0.305435	-0.00168142	0.325291	0.61929	0.842225	0.970746	1.00223	0.948273	0.821567	0.644058	0.442447	0.238706	0.0484098	-0.126614	-0.284812	-0.415794	-0.501596	
0.189385	-0.14403	-0.428256	-0.634454	-0.748651	-0.766627	-0.691762	-0.521485	-0.265489	0.0534601	0.389035	0.685317	0.900858	1.00959	1.01231	0.926548	0.770594	0.569656	0.351055	0.139184	-0.0491778	-0.217929	-0.363741	-0.478509	-0.546342	
0.245913	-0.0972077	-0.393089	-0.610014	-0.729711	-0.748485	-0.670308	-0.490565	-0.223061	0.10642	0.449673	0.748683	0.955178	1.04061	1.01406	0.892075	0.701103	0.478278	0.249852	0.0397285	-0.140148	-0.297331	-0.430678	-0.525065	-0.566585	
0.305384	-0.0445301	-0.348106	-0.572815	-0.69865	-0.719035	-0.635917	-0.448677	-0.174161	0.16395	0.510172	0.802119	0.995152	1.05598	0.993627	0.836139	0.615593	0.372653	0.138181	-0.0684213	-0.232696	-0.363982	-0.471671	-0.538263	-0.554283	
0.369491	0.0250219	-0.285668	-0.51847	-0.649049	-0.671666	-0.583657	-0.389303	-0.106614	0.231419	0.568813	0.844851	1.00688	1.03269	0.933675	0.744297	0.507357	0.255726	0.0290435	-0.158602	-0.303502	-0.40678	-0.486398	-0.526425	-0.514726	
0.424218	0.0946082	-0.210416	-0.438918	-0.570862	-0.594689	-0.503746	-0.313007	-0.0339072	0.293279	0.610672	0.863135	0.990537	0.9811	0.851088	0.633336	0.386683	0.145322	-0.0656106	-0.228941	-0.349982	-0.432303	-0.48131	-0.501535	-0.478076	
0.471399	0.158175	-0.134451	-0.356781	-0.488513	-0.511142	-0.42082	-0.234221	0.0358163	0.348171	0.641045	0.86365	0.963512	0.921592	0.766718	0.537648	0.286519	0.0531581	-0.14643	-0.292703	-0.391045	-0.454537	-0.483831	-0.482813	-0.452188	
0.513442	0.214827	-0.0684928	-0.296045	-0.427845	-0.449399	-0.362129	-0.168649	0.0972496	0.396075	0.673638	0.868519	0.939736	0.873484	0.699378	0.458616	0.205186	-0.0214943	-0.209129	-0.344383	-0.431768	-0.476641	-0.489763	-0.471148	-0.43383	
0.545527	0.261535	-0.0199285	-0.243841	-0.377961	-0.402596	-0.309455	-0.117965	0.144407	0.436043	0.693897	0.867861	0.9168	0.830856	0.641818	0.395035	0.14645	-0.0741928	-0.252547	-0.383328	-0.462041	-0.490314	-0.493945	-0.470341	-0.434253	
0.568128	0.307901	0.0338626	-0.185234	-0.319616	-0.345655	-0.24974	-0.062883	0.195866	0.469189	0.701063	0.853185	0.874691	0.773829	0.578645	0.331996	0.0888841	-0.127447	-0.294562	-0.412293	-0.483494	-0.502999	-0.491103	-0.469657	-0.445451	
0.586086	0.354747	0.105373	-0.0991539	-0.228392	-0.253872	-0.160531	0.0153449	0.253215	0.499793	0.698893	0.815005	0.812298	0.696529	0.493323	0.249187	0.0136232	-0.190491	-0.350168	-0.456441	-0.515165	-0.523676	-0.496937	-0.476015	-0.46282	
0.608322	0.416057	0.202179	0.00972939	-0.108798	-0.129101	-0.0487126	0.119576	0.331253	0.536266	0.696515	0.765485	0.728623	0.595181	0.38482	0.146163	-0.0793595	-0.275098	-0.429189	-0.522725	-0.566305	-0.563414	-0.527049	-0.494407	-0.482442	
0.624214	0.480426	0.305665	0.141315	0.0371183	0.0197445	0.0898752	0.235581	0.412782	0.571935	0.682849	0.710727	0.641077	0.48868	0.275733	0.0335731	-0.193925	-0.381179	-0.524466	-0.61052	-0.637989	-0.618491	-0.5715	-0.525881	-0.504273	
0.638277	0.543733	0.409314	0.280794	0.189983	0.17346	0.237836	0.354915	0.492255	0.608064	0.661976	0.642439	0.545421	0.37067	0.152765	-0.0815615	-0.308236	-0.488595	-0.62011	-0.695432	-0.700351	-0.658411	-0.596685	-0.540825	-0.505717	
0.633429	0.592999	0.507919	0.409096	0.338769	0.325807	0.375113	0.468234	0.56248	0.624351	0.626975	0.55803	0.429468	0.245553	0.0248934	-0.198617	-0.410831	-0.584105	-0.691759	-0.739026	-0.726472	-0.661299	-0.575518	-0.506345	-0.460858	
0.595759	0.611315	0.578075	0.519343	0.474261	0.464501	0.497916	0.556251	0.602113	0.608699	0.561274	0.454268	0.301177	0.118076	-0.093394	-0.30306	-0.487168	-0.632824	-0.710485	-0.726731	-0.687244	-0.6051	-0.510304	-0.425475	-0.365621	
0.53481	0.597776	0.613193	0.588501	0.564356	0.561633	0.576492	0.605389	0.611024	0.564662	0.476077	0.338191	0.172884	0.00181681	-0.186137	-0.361476	-0.515112	-0.627653	-0.672363	-0.658214	-0.5848	-0.486268	-0.382049	-0.289895	-0.222327	
0.455424	0.552464	0.605146	0.614499	0.609853	0.610566	0.612233	0.612615	0.580123	0.498083	0.378253	0.225212	0.0670581	-0.0872885	-0.238872	-0.373247	-0.489442	-0.55727	-0.563582	-0.518391	-0.429858	-0.320096	-0.203911	-0.10635	-0.0290323	
0.372457	0.493815	0.574433	0.617961	0.630188	0.630951	0.625275	0.596572	0.530339	0.426103	0.281809	0.127668	-0.0136775	-0.144284	-0.249295	-0.342874	-0.410103	-0.429398	-0.40581	-0.326193	-0.220202	-0.108151	0.0076802	0.11532	0.203866	
0.307981	0.451785	0.562632	0.631889	0.66226	0.667244	0.648132	0.594811	0.500933	0.36967	0.209594	0.0580537	-0.0685653	-0.165423	-0.22685	-0.275403	-0.296156	-0.277598	-0.21759	-0.11416	0.00979839	0.133402	0.246157	0.356401	0.450506	
0.294707	0.462444	0.602607	0.698482	0.749821	0.758088	0.724337	0.646832	0.522473	0.364203	0.188512	0.0324135	-0.0858509	-0.161384	-0.190456	-0.194288	-0.169639	-0.107973	-0.00852203	0.109778	0.235415	0.362747	0.47446	0.583153	0.676181	
0.34681	0.542558	0.717184	0.850035	0.922258	0.933316	0.886415	0.776815	0.615691	0.426788	0.228561	0.0602518	-0.0535825	-0.113145	-0.119703	-0.0888265	-0.0279389	0.062086	0.178732	0.310151	0.436687	0.5476	0.647815	0.744027	0.823171	
0.478396	0.707835	0.917943	1.08146	1.17649	1.19209	1.12913	0.98994	0.795818	0.570408	0.347505	0.162981	0.0379035	-0.0158551	-0.0115229	0.0389409	0.122936	0.22668	0.347338	0.46817	0.575909	0.664121	0.736322	0.802893	0.860349	
0.685653	0.948649	1.1934	1.38535	1.50424	1.52429	1.44314	1.27816	1.05085	0.789026	0.542309	0.335604	0.190069	0.127403	0.129958	0.185076	0.276932	0.382688	0.488223	0.578492	0.64215	0.689829	0.725596	0.749736	0.771034	
0.949551	1.2424	1.51962	1.74921	1.88508	1.90793	1.81676	1.61924	1.35745	1.06531	0.786201	0.553025	0.389252	0.307031	0.294768	0.342673	0.42154	0.504847	0.573281	0.622171	0.640075	0.630079	0.615804	0.594755	0.575587	
1.2424	1.56751	1.87668	2.13101	2.28552	2.31214	2.20739	1.98719	1.69542	1.37085	1.0602	0.796026	0.598893	0.485099	0.448466	0.472976	0.528874	0.583408	0.609681	0.60438	0.566256	0.506253	0.442022	0.377493	0.325657	
1.51962	1.87668	2.22054	2.49925	2.67347	2.70412	2.58346	2.34279	2.01867	1.6605	1.31925	1.02038	0.786905	0.638312	0.571382	0.565321	0.593267	0.614518	0.596984	0.54061	0.449983	0.347557	0.243399	0.14144	0.0605138	
1.74921	2.13101	2.49925	2.80527	2.98843	3.02075	2.8959	2.63213	2.28253	1.90171	1.52545	1.19472	0.933668	0.748734	0.649588	0.619958	0.617429	0.60352	0.552483	0.456374	0.334528	0.197042	0.06014	-0.057752	-0.155071	
1.88508	2.28552	2.67347	2.98843	3.18296	3.21793	3.08301	2.81162	2.4451	2.04442	1.65173	1.2994	1.01475	0.808289	0.688797	0.6394	0.619084	0.587313	0.517121	0.395954	0.250762	0.0982953	-0.0530864	-0.183465	-0.287922	
1.90793	2.31214	2.70412	3.02075	3.21793	3.25304	3.11598	2.84346	2.47334	2.06891	1.6736	1.31725	1.0269	0.817333	0.695487	0.641094	0.620218	0.586099	0.50976	0.384515	0.234806	0.0816162	-0.0718009	-0.20705	-0.313549	
1.81676	2.20739	2.58346	2.8959	3.08301	3.11598	2.9887	2.71912	2.36199	1.97314	1.58667	1.24645	0.975036	0.778629	0.669687	0.631001	0.619133	0.595449	0.535375	0.427235	0.294963	0.149106	0.00380208	-0.11822	-0.21862	
1.61924	1.98719	2.34279	2.63213	2.81162	2.84346	2.71912	2.46976	2.1339	1.76472	1.41019	1.09698	0.851937	0.688854	0.607657	0.592213	0.606656	0.612814	0.581476	0.507466	0.402003	0.283266	0.165122	0.0544704	-0.0346669	
1.35745	1.69542	2.01867	2.28253	2.4451	2.47334	2.36199	2.1339	1.82917	1.49093	1.1684	0.890088	0.677311	0.549989	0.502017	0.514123	0.560759	0.602976	0.609805	0.582565	0.522147	0.445274	0.363954	0.282121	0.217531	
1.06531	1.37085	1.6605	1.90171	2.04442	2.06891	1.97314	1.76472	1.49093	1.18624	0.893505	0.649241	0.474738	0.380431	0.359572	0.400049	0.468727	0.540551	0.593752	0.622004	0.618322	0.586662	0.550777	0.513272	0.481258	
0.786201	1.0602	1.31925	1.52545	1.65173	1.6736	1.58667	1.41019	1.1684	0.893505	0.636059	0.417403	0.265224	0.196421	0.19371	0.248902	0.337792	0.4376	0.52936	0.60412	0.650479	0.675003	0.692748	0.697729	0.70158	
0.553025	0.796026	1.02038	1.19472	1.2994	1.31725	1.24645	1.09698	0.890088	0.649241	0.417403	0.225005	0.0917204	0.0363362	0.0415254	0.0951238	0.184521	0.291424	0.40874	0.518418	0.61048	0.685487	0.744441	0.795588	0.840177	
0.389252	0.598893	0.786905	0.933668	1.01475	1.0269	0.975036	0.851937	0.677311	0.474738	0.265224	0.0917204	-0.0243848	-0.0802142	-0.0804153	-0.0396376	0.0317703	0.12741	0.248282	0.379232	0.501435	0.604563	0.693729	0.780549	0.852503	
0.307031	0.485099	0.638312	0.748734	0.808289	0.817333	0.778629	0.688854	0.549989	0.380431	0.196421	0.0363362	-0.0802142	-0.148932	-0.166983	-0.156678	-0.114165	-0.0376659	0.0694053	0.194635	0.320616	0.443016	0.55312	0.657979	0.746031	
0.294768	0.448466	0.571382	0.649588	0.688797	0.695487	0.669687	0.607657	0.502017	0.359572	0.19371	0.0415254	-0.0804153	-0.166983	-0.21388	-0.243947	-0.247017	-0.212316	-0.13475	-0.024237	0.100955	0.228812	0.341455	0.451495	0.547282	
0.342673	0.472976	0.565321	0.619958	0.6394	0.641094	0.631001	0.592213	0.514123	0.400049	0.248902	0.0951238	-0.0396376	-0.156678	-0.243947	-0.319045	-0.36659	-0.370621	-0.333324	-0.243103	-0.128589	-0.0120179	0.101179	0.210279	0.301879	
0.42154	0.528874	0.593267	0.617429	0.619084	0.620218	0.619133	0.606656	0.560759	0.468727	0.337792	0.184521	0.0317703	-0.114165	-0.247017	-0.36659	-0.463849	-0.510931	-0.505049	-0.445808	-0.351273	-0.241214	-0.123177	-0.0210874	0.0608877	
0.504847	0.583408	0.614518	0.60352	0.587313	0.586099	0.595449	0.612814	0.602976	0.540551	0.4376	0.291424	0.12741	-0.0376659	-0.212316	-0.370621	-0.510931	-0.607896	-0.637314	-0.610756	-0.529442	-0.425138	-0.315234	-0.221681	-0.151037	
0.573281	0.609681	0.596984	0.552483	0.517121	0.50976	0.535375	0.581476	0.609805	0.593752	0.52936	0.40874	0.248282	0.0694053	-0.13475	-0.333324	-0.505049	-0.637314	-0.70218	-0.706818	-0.652719	-0.563997	-0.4667	-0.378299	-0.314844	
0.622171	0.60438	0.54061	0.456374	0.395954	0.384515	0.427235	0.507466	0.582565	0.622004	0.60412	0.518418	0.379232	0.194635	-0.024237	-0.243103	-0.445808	-0.610756	-0.706818	-0.741068	-0.71907	-0.647374	-0.555673	-0.479494	-0.428097	
0.640075	0.566256	0.449983	0.334528	0.250762	0.234806	0.294963	0.402003	0.522147	0.618322	0.650479	0.61048	0.501435	0.320616	0.100955	-0.128589	-0.351273	-0.529442	-0.652719	-0.71907	-0.717025	-0.665078	-0.593642	-0.532943	-0.494226	
0.630079	0.506253	0.347557	0.197042	0.0982953	0.0816162	0.149106	0.283266	0.445274	0.586662	0.675003	0.685487	0.604563	0.443016	0.228812	-0.0120179	-0.241214	-0.425138	-0.563997	-0.647374	-0.665078	-0.637012	-0.586046	-0.536451	-0.50938	
0.615804	0.442022	0.243399	0.06014	-0.0530864	-0.0718009	0.00380208	0.165122	0.363954	0.550777	0.692748	0.744441	0.693729	0.55312	0.341455	0.101179	-0.123177	-0.315234	-0.4667	-0.555673	-0.593642	-0.586046	-0.544822	-0.505838	-0.490611	
0.594755	0.377493	0.14144	-0.057752	-0.183465	-0.20705	-0.11822	0.0544704	0.282121	0.513272	0.697729	0.795588	0.780549	0.657979	0.451495	0.210279	-0.0210874	-0.221681	-0.378299	-0.479494	-0.532943	-0.536451	-0.505838	-0.48185	-0.470777	
0.575587	0.325657	0.0605138	-0.155071	-0.287922	-0.313549	-0.21862	-0.0346669	0.217531	0.481258	0.70158	0.840177	0.852503	0.746031	0.547282	0.301879	0.0608877	-0.151037	-0.314844	-0.428097	-0.494226	-0.50938	-0.490611	-0.470777	-0.451731	
