0.884332	0.943983	0.953654	0.924597	0.883001	0.836832	0.800838	0.785737	0.783141	0.780696	0.774702	0.764146	0.734971	0.683308	0.604122	0.504232	0.395999	0.288009	0.18601	0.0829138	-0.0163502	-0.104862	-0.182704	-0.265892	-0.344444	
0.943983	1.02639	1.06172	1.06359	1.04828	1.01802	0.987181	0.976129	0.97395	0.970114	0.952787	0.917984	0.863325	0.790335	0.68951	0.564408	0.440465	0.321088	0.212446	0.115234	0.0269548	-0.0479877	-0.105897	-0.15498	-0.200644	
0.953654	1.06172	1.12646	1.16335	1.17228	1.15776	1.12937	1.11372	1.10718	1.09167	1.04961	0.984994	0.90858	0.82397	0.711496	0.583502	0.460249	0.342225	0.231924	0.140417	0.0596413	-0.00530368	-0.0425961	-0.0585962	-0.0634155	
0.924597	1.06359	1.16335	1.22598	1.25326	1.25256	1.22889	1.20133	1.17433	1.13101	1.06267	0.973115	0.875442	0.775067	0.662421	0.54618	0.436025	0.326667	0.226111	0.142583	0.0717984	0.0182366	-9.79045e-05	0.00868951	0.0394217	
0.883001	1.04828	1.17228	1.25326	1.30321	1.31025	1.27667	1.22144	1.16234	1.09045	0.995835	0.882247	0.762328	0.652294	0.547415	0.444459	0.347798	0.254376	0.174615	0.10578	0.0549378	0.0230301	0.0229115	0.0448373	0.0945118	
0.836832	1.01802	1.15776	1.25256	1.31025	1.31056	1.25884	1.17769	1.08632	0.978939	0.856934	0.727719	0.600341	0.487289	0.388688	0.297389	0.213757	0.143823	0.0860889	0.042433	0.0205426	0.0234205	0.0391197	0.0674183	0.11717	
0.800838	0.987181	1.12937	1.22889	1.27667	1.25884	1.18913	1.08818	0.961901	0.820665	0.681268	0.552157	0.422154	0.307105	0.214544	0.135026	0.0665335	0.0200127	-0.0124446	-0.0277563	-0.0155401	0.0186642	0.0506403	0.0813698	0.123952	
0.785737	0.976129	1.11372	1.20133	1.22144	1.17769	1.08818	0.958618	0.803605	0.644634	0.502407	0.373093	0.243355	0.133364	0.046381	-0.0251965	-0.0774264	-0.0963896	-0.10202	-0.0897496	-0.0510974	0.00169693	0.0454393	0.0796615	0.115919	
0.783141	0.97395	1.10718	1.17433	1.16234	1.08632	0.961901	0.803605	0.636016	0.471393	0.322588	0.194796	0.0809549	-0.0187866	-0.103197	-0.169133	-0.196951	-0.191311	-0.172922	-0.139581	-0.0846776	-0.0286968	0.0192346	0.0578594	0.0899843	
0.780696	0.970114	1.09167	1.13101	1.09045	0.978939	0.820665	0.644634	0.471393	0.29578	0.140833	0.024665	-0.0698555	-0.155395	-0.228663	-0.271617	-0.276485	-0.253228	-0.21965	-0.169613	-0.111192	-0.0597143	-0.013407	0.0290289	0.0557234	
0.774702	0.952787	1.04961	1.06267	0.995835	0.856934	0.681268	0.502407	0.322588	0.140833	-0.0129894	-0.125438	-0.208171	-0.272794	-0.313278	-0.326349	-0.312388	-0.277972	-0.233751	-0.181265	-0.130204	-0.0855177	-0.0434095	-0.00456974	0.0135951	
0.764146	0.917984	0.984994	0.973115	0.882247	0.727719	0.552157	0.373093	0.194796	0.024665	-0.125438	-0.240178	-0.315813	-0.353087	-0.360529	-0.345341	-0.315018	-0.267545	-0.220075	-0.177335	-0.137459	-0.100052	-0.0707564	-0.0473663	-0.03824	
0.734971	0.863325	0.90858	0.875442	0.762328	0.600341	0.422154	0.243355	0.0809549	-0.0698555	-0.208171	-0.315813	-0.375834	-0.393738	-0.375682	-0.34186	-0.298481	-0.24303	-0.195603	-0.161084	-0.127744	-0.101992	-0.0970215	-0.096652	-0.0936436	
0.683308	0.790335	0.82397	0.775067	0.652294	0.487289	0.307105	0.133364	-0.0187866	-0.155395	-0.272794	-0.353087	-0.393738	-0.394258	-0.362722	-0.322797	-0.278796	-0.224233	-0.180047	-0.148095	-0.118252	-0.107527	-0.126491	-0.145019	-0.146998	
0.604122	0.68951	0.711496	0.662421	0.547415	0.388688	0.214544	0.046381	-0.103197	-0.228663	-0.313278	-0.360529	-0.375682	-0.362722	-0.326906	-0.286952	-0.244797	-0.200946	-0.169635	-0.143227	-0.12077	-0.121814	-0.14881	-0.170723	-0.177318	
0.504232	0.564408	0.583502	0.54618	0.444459	0.297389	0.135026	-0.0251965	-0.169133	-0.271617	-0.326349	-0.345341	-0.34186	-0.322797	-0.286952	-0.241149	-0.200374	-0.174124	-0.159945	-0.147107	-0.140181	-0.148411	-0.163309	-0.171401	-0.177628	
0.395999	0.440465	0.460249	0.436025	0.347798	0.213757	0.0665335	-0.0774264	-0.196951	-0.276485	-0.312388	-0.315018	-0.298481	-0.278796	-0.244797	-0.200374	-0.167965	-0.152339	-0.149284	-0.155882	-0.169963	-0.178673	-0.175985	-0.165594	-0.164865	
0.288009	0.321088	0.342225	0.326667	0.254376	0.143823	0.0200127	-0.0963896	-0.191311	-0.253228	-0.277972	-0.267545	-0.24303	-0.224233	-0.200946	-0.174124	-0.152339	-0.139112	-0.144786	-0.169833	-0.190284	-0.193149	-0.184329	-0.168152	-0.156278	
0.18601	0.212446	0.231924	0.226111	0.174615	0.0860889	-0.0124446	-0.10202	-0.172922	-0.21965	-0.233751	-0.220075	-0.195603	-0.180047	-0.169635	-0.159945	-0.149284	-0.144786	-0.161605	-0.184365	-0.189951	-0.185743	-0.185351	-0.172131	-0.152342	
0.0829138	0.115234	0.140417	0.142583	0.10578	0.042433	-0.0277563	-0.0897496	-0.139581	-0.169613	-0.181265	-0.177335	-0.161084	-0.148095	-0.143227	-0.147107	-0.155882	-0.169833	-0.184365	-0.186769	-0.176186	-0.173543	-0.177855	-0.166924	-0.14765	
-0.0163502	0.0269548	0.0596413	0.0717984	0.0549378	0.0205426	-0.0155401	-0.0510974	-0.0846776	-0.111192	-0.130204	-0.137459	-0.127744	-0.118252	-0.12077	-0.140181	-0.169963	-0.190284	-0.189951	-0.176186	-0.16566	-0.163003	-0.161685	-0.151205	-0.144657	
-0.104862	-0.0479877	-0.00530368	0.0182366	0.0230301	0.0234205	0.0186642	0.00169693	-0.0286968	-0.0597143	-0.0855177	-0.100052	-0.101992	-0.107527	-0.121814	-0.148411	-0.178673	-0.193149	-0.185743	-0.173543	-0.163003	-0.152894	-0.144499	-0.142006	-0.148994	
-0.182704	-0.105897	-0.0425961	-9.79045e-05	0.0229115	0.0391197	0.0506403	0.0454393	0.0192346	-0.013407	-0.0434095	-0.0707564	-0.0970215	-0.126491	-0.14881	-0.163309	-0.175985	-0.184329	-0.185351	-0.177855	-0.161685	-0.144499	-0.140017	-0.144509	-0.157866	
-0.265892	-0.15498	-0.0585962	0.00868951	0.0448373	0.0674183	0.0813698	0.0796615	0.0578594	0.0290289	-0.00456974	-0.0473663	-0.096652	-0.145019	-0.170723	-0.171401	-0.165594	-0.168152	-0.172131	-0.166924	-0.151205	-0.142006	-0.144509	-0.149128	-0.155958	
-0.344444	-0.200644	-0.0634155	0.0394217	0.0945118	0.11717	0.123952	0.115919	0.0899843	0.0557234	0.0135951	-0.03824	-0.0936436	-0.146998	-0.177318	-0.177628	-0.164865	-0.156278	-0.152342	-0.14765	-0.144657	-0.148994	-0.157866	-0.155958	-0.150781	
-0.404186	-0.2268	-0.0548009	0.0781041	0.151121	0.176743	0.173323	0.150731	0.110998	0.0628694	0.00731982	-0.050066	-0.100319	-0.144811	-0.173306	-0.17893	-0.168622	-0.154424	-0.142331	-0.139981	-0.146152	-0.158685	-0.167623	-0.161616	-0.146153	
-0.448039	-0.238461	-0.0347835	0.121833	0.205392	0.227526	0.212683	0.176543	0.122574	0.0599884	-0.00738311	-0.0695708	-0.113332	-0.14476	-0.16324	-0.168532	-0.163498	-0.152441	-0.142535	-0.143414	-0.153525	-0.162285	-0.163848	-0.152568	-0.14137	
-0.485795	-0.240174	-0.0104156	0.162319	0.254133	0.275628	0.249395	0.194088	0.121906	0.049037	-0.0203395	-0.0786773	-0.116398	-0.139355	-0.15071	-0.153045	-0.150929	-0.147306	-0.144467	-0.150554	-0.159186	-0.160344	-0.149863	-0.136927	-0.137478	
-0.510381	-0.240663	0.00854715	0.194596	0.294989	0.319911	0.286932	0.213137	0.117377	0.0298275	-0.0376797	-0.0846199	-0.110581	-0.12818	-0.137512	-0.140867	-0.144772	-0.151528	-0.156167	-0.158384	-0.157676	-0.151884	-0.144136	-0.137244	-0.143264	
-0.515846	-0.234644	0.0174318	0.204607	0.3114	0.344574	0.313003	0.226832	0.111168	0.00883799	-0.0602749	-0.0964322	-0.11043	-0.119453	-0.12626	-0.131857	-0.145225	-0.164539	-0.172251	-0.162858	-0.145261	-0.138097	-0.144257	-0.149697	-0.149026	
-0.516427	-0.235012	0.0183675	0.206686	0.313682	0.348053	0.316766	0.229653	0.110542	0.00465506	-0.0648457	-0.0998825	-0.110691	-0.118199	-0.123339	-0.129694	-0.145693	-0.168172	-0.176498	-0.163113	-0.142094	-0.134593	-0.14539	-0.152958	-0.150655	
-0.514122	-0.237471	0.0136665	0.200466	0.304372	0.33252	0.299466	0.218998	0.114086	0.0204231	-0.0475223	-0.0891456	-0.110516	-0.124331	-0.132749	-0.136497	-0.144628	-0.157056	-0.162932	-0.160454	-0.152741	-0.146613	-0.143548	-0.141553	-0.145447	
-0.498349	-0.241833	-0.00197031	0.17772	0.272649	0.294836	0.264923	0.202495	0.121365	0.0427492	-0.0259887	-0.0807353	-0.113418	-0.134545	-0.144806	-0.147699	-0.147273	-0.147212	-0.147823	-0.15383	-0.160536	-0.158063	-0.14648	-0.134375	-0.139426	
-0.463472	-0.238729	-0.0248067	0.137891	0.225042	0.246375	0.227354	0.183864	0.123293	0.0563893	-0.013566	-0.075305	-0.116928	-0.143156	-0.158415	-0.162385	-0.158776	-0.150035	-0.142776	-0.14641	-0.156205	-0.161752	-0.157753	-0.145626	-0.13883	
-0.423377	-0.233866	-0.0480381	0.0960147	0.173772	0.198346	0.189992	0.162383	0.116933	0.0627248	0.00209587	-0.0583232	-0.105726	-0.145256	-0.169466	-0.175938	-0.167901	-0.154378	-0.142087	-0.140584	-0.148872	-0.160667	-0.16843	-0.160448	-0.144687	
-0.370704	-0.212801	-0.0614437	0.053918	0.117486	0.141184	0.144318	0.130348	0.0992838	0.0599572	0.0131699	-0.0399322	-0.0945996	-0.146069	-0.177541	-0.179203	-0.166708	-0.154599	-0.14651	-0.142385	-0.144096	-0.153364	-0.163214	-0.159401	-0.148516	
-0.29905	-0.174975	-0.0619899	0.0191	0.0620546	0.0851937	0.0967151	0.0940702	0.0720262	0.042465	0.00615559	-0.0412041	-0.0942188	-0.147274	-0.175197	-0.174356	-0.163554	-0.161986	-0.163679	-0.158675	-0.147745	-0.144152	-0.149602	-0.151279	-0.153967	
-0.21491	-0.125278	-0.0506294	0.000265935	0.0288681	0.0480132	0.0622001	0.0589093	0.0352375	0.00455637	-0.0268909	-0.0610049	-0.0981461	-0.135745	-0.159986	-0.167295	-0.171817	-0.178032	-0.182328	-0.175919	-0.158173	-0.142166	-0.140414	-0.145884	-0.158268	
-0.136526	-0.0736232	-0.0238963	0.00682915	0.0196339	0.0290081	0.0325528	0.0211183	-0.0086678	-0.040519	-0.0676751	-0.087149	-0.0980213	-0.112918	-0.130392	-0.154298	-0.178882	-0.190929	-0.185988	-0.176146	-0.163253	-0.148838	-0.14117	-0.142253	-0.153304	
-0.05317	-0.0043506	0.0309822	0.0470631	0.0395086	0.0187103	-0.00339563	-0.0302063	-0.0611222	-0.0899531	-0.112262	-0.121804	-0.11532	-0.109951	-0.117476	-0.141516	-0.175342	-0.193504	-0.188015	-0.172892	-0.163745	-0.158704	-0.154035	-0.145864	-0.145007	
0.0421638	0.0786329	0.107084	0.112806	0.0831393	0.0308848	-0.0266614	-0.0772821	-0.1192	-0.145626	-0.160311	-0.161613	-0.147495	-0.135166	-0.132567	-0.143039	-0.161504	-0.180321	-0.188723	-0.182704	-0.170989	-0.169507	-0.172606	-0.161314	-0.145888	
0.145183	0.172683	0.19324	0.190581	0.145774	0.0664234	-0.0212894	-0.100478	-0.162066	-0.201478	-0.21349	-0.203058	-0.181287	-0.166641	-0.159588	-0.154743	-0.150675	-0.153279	-0.172141	-0.187569	-0.185313	-0.180443	-0.183496	-0.171473	-0.150827	
0.246605	0.275726	0.296559	0.28465	0.220105	0.119056	0.00606716	-0.0989096	-0.185226	-0.240965	-0.260973	-0.247369	-0.221917	-0.204271	-0.186775	-0.167496	-0.149225	-0.137886	-0.148968	-0.176746	-0.192735	-0.191799	-0.185412	-0.170134	-0.154605	
0.352458	0.392325	0.412209	0.392105	0.310516	0.184061	0.0449686	-0.0886199	-0.19707	-0.269609	-0.301092	-0.297788	-0.276861	-0.257341	-0.226843	-0.188112	-0.160346	-0.145512	-0.145714	-0.160859	-0.180441	-0.187237	-0.180389	-0.165439	-0.160307	
0.461277	0.514018	0.533414	0.501435	0.40481	0.263011	0.106231	-0.0494731	-0.186008	-0.277921	-0.323735	-0.334866	-0.325946	-0.306406	-0.270846	-0.223217	-0.185367	-0.164873	-0.155952	-0.149955	-0.151662	-0.161216	-0.169139	-0.168983	-0.172579	
0.565994	0.641573	0.660486	0.615287	0.506006	0.351594	0.181621	0.0156799	-0.133009	-0.25011	-0.321526	-0.356624	-0.363103	-0.347044	-0.311161	-0.269056	-0.226754	-0.189827	-0.165836	-0.143959	-0.126347	-0.130647	-0.155089	-0.17321	-0.180433	
0.65437	0.75307	0.782761	0.731959	0.610029	0.445994	0.267558	0.0969742	-0.0541998	-0.18675	-0.29192	-0.358676	-0.389857	-0.383978	-0.350014	-0.310143	-0.267515	-0.215456	-0.175385	-0.144942	-0.117709	-0.111871	-0.136582	-0.158675	-0.163321	
0.717917	0.837528	0.876298	0.835054	0.717502	0.554068	0.37327	0.195005	0.0388422	-0.104893	-0.2369	-0.335806	-0.388566	-0.399062	-0.373798	-0.336403	-0.291892	-0.2357	-0.187999	-0.154895	-0.122884	-0.103696	-0.108889	-0.117229	-0.116089	
0.754704	0.897666	0.955548	0.934881	0.833226	0.675187	0.500561	0.321402	0.148095	-0.0144877	-0.161149	-0.274877	-0.345079	-0.373565	-0.369886	-0.345486	-0.309405	-0.257562	-0.210448	-0.171263	-0.134768	-0.10132	-0.0814197	-0.0664973	-0.0600367	
0.771709	0.941997	1.02551	1.02898	0.952465	0.806195	0.62898	0.449592	0.268975	0.0905222	-0.0625118	-0.176329	-0.256349	-0.309713	-0.336306	-0.337729	-0.316696	-0.276928	-0.230851	-0.182292	-0.135067	-0.0929103	-0.0543177	-0.0208732	-0.0059892	
