8.08298e-05	2.00669e-05	4.63745e-06	1.00382e-06	2.21574e-07	1.43416e-07	5.40147e-07	2.53838e-06	1.12846e-05	4.6776e-05	0.000180109	0.000641816	0.00210798	0.0063522	0.0174737	0.0436348	0.0983205	0.198645	0.357673	0.571215	0.808082	1.01845	1.16255	1.23316	1.24082	
3.83488e-05	9.17242e-06	2.04579e-06	4.27931e-07	9.11414e-08	5.82414e-08	2.27437e-07	1.10596e-06	5.09075e-06	2.18842e-05	8.75516e-05	0.000324833	0.00111338	0.00351035	0.0101325	0.0266355	0.0633993	0.135808	0.26019	0.443376	0.669773	0.898447	1.08171	1.19485	1.2431	
1.71438e-05	3.95033e-06	8.5028e-07	1.7187e-07	3.53214e-08	2.22808e-08	9.02197e-08	4.53965e-07	2.16377e-06	9.6475e-06	4.01062e-05	0.000154944	0.000554286	0.00182872	0.00553973	0.0153328	0.0385657	0.0876368	0.178825	0.325734	0.527199	0.757113	0.969882	1.12589	1.21515	
7.21188e-06	1.60115e-06	3.32639e-07	6.4983e-08	1.28892e-08	8.02524e-09	3.36911e-08	1.75392e-07	8.6556e-07	4.00228e-06	1.72867e-05	6.95306e-05	0.00025956	0.000895937	0.00284777	0.00829736	0.0220496	0.0531505	0.115537	0.22515	0.391232	0.60411	0.829759	1.02309	1.1555	
2.85194e-06	6.10284e-07	1.2241e-07	2.31188e-08	4.42728e-09	2.72076e-09	1.18388e-08	6.37443e-08	3.25619e-07	1.56097e-06	7.00262e-06	2.93133e-05	0.000114142	0.000412005	0.00137336	0.00420986	0.0118125	0.0301857	0.0698678	0.145642	0.271903	0.452556	0.670239	0.886455	1.06052	
1.05952e-06	2.18637e-07	4.23594e-08	7.7376e-09	1.43131e-09	8.68175e-10	3.91379e-09	2.17864e-08	1.15147e-07	5.72027e-07	2.66394e-06	1.1599e-05	4.70805e-05	0.000177584	0.000620281	0.00199858	0.00591512	0.0160067	0.0394051	0.0877796	0.175981	0.315929	0.506071	0.723177	0.927637	
3.69675e-07	7.36091e-08	1.37831e-08	2.43637e-09	4.35595e-10	2.60788e-10	1.21735e-09	7.00205e-09	3.82707e-08	1.96904e-07	9.51313e-07	4.30523e-06	1.82014e-05	7.16761e-05	0.000262064	0.0008865	0.00276384	0.00790828	0.0206729	0.0491296	0.105608	0.20431	0.354207	0.548981	0.761839	
1.21137e-07	2.32916e-08	4.21781e-09	7.21924e-10	1.24833e-10	7.37717e-11	3.56356e-10	2.11666e-09	1.19563e-08	6.36674e-08	3.18875e-07	1.49867e-06	6.59313e-06	2.70772e-05	0.000103505	0.000367091	0.00120371	0.00363539	0.010071	0.025478	0.058588	0.121886	0.228396	0.384178	0.579416	
3.72902e-08	6.92905e-09	1.21436e-09	2.01396e-10	3.37054e-11	1.96628e-11	9.82215e-11	6.02063e-10	3.51235e-09	1.93431e-08	1.00347e-07	4.89327e-07	2.23776e-06	9.57326e-06	3.82093e-05	0.000141863	0.00048841	0.0015539	0.00455177	0.0122273	0.0299959	0.0669116	0.135154	0.246289	0.403929	
1.07891e-08	1.93904e-09	3.29138e-10	5.29284e-11	8.57974e-12	4.94137e-12	2.55067e-11	1.61233e-10	9.70749e-10	5.52456e-09	2.96597e-08	1.49916e-07	7.11891e-07	3.16856e-06	1.31861e-05	5.11708e-05	0.00018464	0.000617566	0.00190833	0.00542874	0.0141644	0.033766	0.0732612	0.144157	0.256526	
2.93591e-09	5.10791e-10	8.40417e-11	1.31139e-11	2.06057e-12	1.17174e-12	6.2453e-12	4.06822e-11	2.52597e-10	1.48431e-09	8.23936e-09	4.31244e-08	2.12399e-07	9.82324e-07	4.2564e-06	1.72367e-05	6.50659e-05	0.00022831	0.000742464	0.00223064	0.00617087	0.0156653	0.0363677	0.0769577	0.148019	
7.52009e-10	1.26766e-10	2.0233e-11	3.0658e-12	4.67314e-13	2.62406e-13	1.44303e-12	9.67962e-12	6.19332e-11	3.75461e-10	2.15294e-09	1.16565e-08	5.948e-08	2.85484e-07	1.28614e-06	5.42642e-06	2.13907e-05	7.85812e-05	0.000268305	0.000849031	0.00248269	0.00668812	0.016548	0.0374944	0.0775926	
1.8148e-10	2.96665e-11	4.59704e-12	6.7691e-13	1.00171e-13	5.55489e-14	3.14933e-13	2.1738e-12	1.43217e-11	8.94991e-11	5.29649e-10	2.96343e-09	1.56489e-08	7.78508e-08	3.64152e-07	1.59826e-06	6.5676e-06	2.52091e-05	9.01657e-05	0.000299747	0.00092374	0.0026318	0.00691336	0.0167002	0.0370094	
4.13047e-11	6.55346e-12	9.8668e-13	1.41292e-13	2.03144e-14	1.11266e-14	6.49848e-14	4.61227e-13	3.1266e-12	2.01245e-11	1.22802e-10	7.09335e-10	3.87219e-09	1.99424e-08	9.6722e-08	4.40934e-07	1.88558e-06	7.54786e-06	2.82193e-05	9.83131e-05	0.000318412	0.000956379	0.00265759	0.00681633	0.0161024	
8.87566e-12	1.36794e-12	2.00264e-13	2.79089e-14	3.90151e-15	2.1109e-15	1.2691e-14	9.25539e-14	6.45081e-13	4.27311e-12	2.68631e-11	1.60038e-10	9.0216e-10	4.80439e-09	2.41298e-08	1.14093e-07	5.06926e-07	2.11235e-06	8.23835e-06	3.00095e-05	0.000101879	0.000321646	0.000942317	0.00255646	0.00641016	
1.80265e-12	2.70103e-13	3.84786e-14	5.22228e-15	7.10346e-16	3.79698e-16	2.34814e-15	1.7584e-14	1.25918e-13	8.57739e-13	5.55047e-12	3.40734e-11	1.98147e-10	1.08991e-09	5.66154e-09	2.7727e-08	1.27803e-07	5.53432e-07	2.24731e-06	8.5409e-06	3.03202e-05	0.000100344	0.00030898	0.000883565	0.00234241	
3.46436e-13	5.05046e-14	7.00632e-15	9.26672e-16	1.22733e-16	6.48213e-17	4.1205e-16	3.16629e-15	2.32791e-14	1.62947e-13	1.08449e-12	6.85397e-12	4.10775e-11	2.33125e-10	1.25099e-09	6.33753e-09	3.02612e-08	1.35963e-07	5.73817e-07	2.27076e-06	8.41072e-06	2.91053e-05	9.39319e-05	0.000282239	0.000788311	
6.30703e-14	8.95263e-15	1.21027e-15	1.56098e-16	2.01443e-17	1.05136e-17	6.86484e-17	5.40952e-16	4.08064e-15	2.93294e-14	2.00608e-13	1.30414e-12	8.04769e-12	4.70761e-11	2.60676e-10	1.36438e-09	6.73974e-09	3.1372e-08	1.37382e-07	5.65055e-07	2.17919e-06	7.86722e-06	2.65433e-05	8.35628e-05	0.000245114	
1.08895e-14	1.50614e-15	1.98544e-16	2.49875e-17	3.14402e-18	1.62175e-18	1.08697e-17	8.77819e-17	6.78965e-16	5.00744e-15	3.51722e-14	2.35008e-13	1.49187e-12	8.98637e-12	5.12938e-11	2.77056e-10	1.41407e-09	6.80975e-09	3.08951e-08	1.31848e-07	5.28455e-07	1.98616e-06	6.98928e-06	2.29947e-05	7.06342e-05	
1.78507e-15	2.40736e-16	3.09653e-17	3.805e-18	4.67084e-19	2.38149e-19	1.63742e-18	1.3544e-17	1.07348e-16	8.11834e-16	5.85162e-15	4.01541e-14	2.62008e-13	1.62367e-12	9.54396e-12	5.31413e-11	2.79909e-10	1.39276e-09	6.53715e-09	2.89014e-08	1.2018e-07	4.69347e-07	1.71903e-06	5.89663e-06	1.89195e-05	
2.78127e-16	3.65971e-17	4.59608e-18	5.51733e-19	6.61164e-20	3.33254e-20	2.34907e-19	1.98901e-18	1.61447e-17	1.25121e-16	9.24846e-16	6.51288e-15	4.36465e-14	2.78029e-13	1.68138e-12	9.64114e-12	5.23501e-11	2.68815e-10	1.30361e-09	5.96207e-09	2.56804e-08	1.04031e-07	3.95815e-07	1.41263e-06	4.72331e-06	
4.12326e-17	5.29703e-18	6.4988e-19	7.62565e-20	8.9258e-21	4.44815e-21	3.2126e-20	2.78301e-19	2.3121e-18	1.83515e-17	1.39013e-16	1.00394e-15	6.90476e-15	4.51744e-14	2.80823e-13	1.6567e-12	9.26378e-12	4.90359e-11	2.45391e-10	1.15945e-09	5.16555e-09	2.16713e-08	8.55065e-08	3.16899e-07	1.10192e-06	
5.82238e-18	7.307e-19	8.76282e-20	1.00558e-20	1.15032e-21	5.66854e-22	4.19239e-21	3.71373e-20	3.15621e-19	2.56415e-18	1.98933e-17	1.47236e-16	1.03851e-15	6.97313e-15	4.45218e-14	2.69988e-13	1.5532e-12	8.46624e-12	4.36712e-11	2.12909e-10	9.79803e-10	4.25092e-09	1.73657e-08	6.67192e-08	2.40811e-07	
7.83912e-19	9.6161e-20	1.12781e-20	1.26637e-21	1.4165e-22	6.90317e-23	5.22538e-22	4.73089e-21	4.1109e-20	3.41656e-19	2.71315e-18	2.05668e-17	1.48672e-16	1.02377e-15	6.70832e-15	4.17815e-14	2.47066e-13	1.38545e-12	7.35863e-12	3.69751e-11	1.75548e-10	7.86568e-10	3.32209e-09	1.32106e-08	4.94087e-08	
1.00732e-19	1.20845e-20	1.38683e-21	1.52441e-22	1.66815e-23	8.04077e-24	6.22621e-23	5.75861e-22	5.11372e-21	4.34544e-20	3.53019e-19	2.73916e-18	2.02799e-17	1.4312e-16	9.61753e-16	6.14739e-15	3.73335e-14	2.15177e-13	1.17566e-12	6.08203e-12	2.97567e-11	1.37526e-10	5.9972e-10	2.46485e-09	9.53794e-09	
1.23659e-20	1.45156e-21	1.63077e-22	1.75561e-23	1.88038e-24	8.96588e-25	7.09846e-24	6.70395e-23	6.08094e-22	5.28075e-21	4.38641e-20	3.48184e-19	2.63864e-18	1.9072e-17	1.31345e-16	8.60947e-16	5.36564e-15	3.17593e-14	1.78336e-13	9.48932e-13	4.77929e-12	2.27578e-11	1.02342e-10	4.34165e-10	1.73576e-09	
1.45156e-21	1.66804e-22	1.83539e-23	1.93603e-24	2.03053e-25	9.57852e-26	7.75019e-25	7.47075e-24	6.91877e-23	6.13728e-22	5.20976e-21	4.22829e-20	3.27803e-19	2.42519e-18	1.71054e-17	1.14903e-16	7.34333e-16	4.46016e-15	2.57177e-14	1.40625e-13	7.28379e-13	3.56975e-12	1.6536e-11	7.2322e-11	2.98343e-10	
1.63077e-22	1.83539e-23	1.97881e-24	2.04604e-25	2.10225e-26	9.8122e-27	8.11018e-26	7.97605e-25	7.53862e-24	6.82753e-23	5.92007e-22	4.91021e-21	3.89215e-20	2.94571e-19	2.12658e-18	1.46297e-17	9.58097e-17	5.96695e-16	3.53024e-15	1.98198e-14	1.0548e-13	5.31549e-13	2.53371e-12	1.14118e-11	4.85173e-11	
1.75561e-23	1.93603e-24	2.04604e-25	2.0745e-26	2.08896e-27	9.64858e-28	8.14337e-27	8.16779e-26	7.87551e-25	7.27944e-24	6.44457e-23	5.46003e-22	4.423e-21	3.42265e-20	2.52769e-19	1.77983e-18	1.19372e-17	7.61812e-17	4.62136e-16	2.66203e-15	1.45451e-14	7.53048e-14	3.6904e-13	1.7101e-12	7.48567e-12	
1.88038e-24	2.03053e-25	2.10225e-26	2.08896e-27	2.06062e-28	9.43725e-29	8.14149e-28	8.33163e-27	8.19902e-26	7.73787e-25	6.99762e-24	6.05879e-23	5.01826e-22	3.97252e-21	3.0028e-20	2.16534e-19	1.48815e-18	9.73773e-18	6.0607e-17	3.58426e-16	2.01205e-15	1.07101e-14	5.40024e-14	2.57668e-13	1.16228e-12	
8.96588e-25	9.57852e-26	9.8122e-27	9.64858e-28	9.43725e-29	4.5235e-29	3.97651e-28	4.09363e-27	4.05255e-26	3.84818e-25	3.5022e-24	3.05229e-23	2.54533e-22	2.02917e-21	1.54509e-20	1.12267e-19	7.77688e-19	5.13084e-18	3.22087e-17	1.92188e-16	1.08894e-15	5.85284e-15	2.98107e-14	1.43742e-13	6.55508e-13	
7.09846e-24	7.75019e-25	8.11018e-26	8.14337e-27	8.14149e-28	3.97651e-28	3.42293e-27	3.44837e-26	3.33955e-25	3.10083e-24	2.7582e-23	2.34836e-22	1.91214e-21	1.48766e-20	1.10488e-19	7.82609e-19	5.28171e-18	3.39291e-17	2.07253e-16	1.20259e-15	6.62176e-15	3.45635e-14	1.70846e-13	7.98904e-13	3.53068e-12	
6.70395e-23	7.47075e-24	7.97605e-25	8.16779e-26	8.33163e-27	4.09363e-27	3.44837e-26	3.40703e-25	3.23498e-24	2.9438e-23	2.56518e-22	2.13859e-21	1.70432e-20	1.29715e-19	9.41967e-19	6.52032e-18	4.29791e-17	2.69501e-16	1.60595e-15	9.08475e-15	4.87358e-14	2.47671e-13	1.19108e-12	5.41497e-12	2.32493e-11	
6.08094e-22	6.91877e-23	7.53862e-24	7.87551e-25	8.19902e-26	4.05255e-26	3.33955e-25	3.23498e-24	3.01065e-23	2.68417e-22	2.29056e-21	1.86927e-20	1.45749e-19	1.08477e-18	7.69917e-18	5.2059e-17	3.35004e-16	2.04953e-15	1.19083e-14	6.564e-14	3.4288e-13	1.6955e-12	7.92819e-12	3.50198e-11	1.45976e-10	
5.28075e-21	6.13728e-22	6.82753e-23	7.27944e-24	7.73787e-25	3.84818e-25	3.10083e-24	2.9438e-23	2.68417e-22	2.34359e-21	1.95763e-20	1.56303e-19	1.19175e-18	8.66891e-18	6.00999e-17	3.96707e-16	2.49056e-15	1.48557e-14	8.40968e-14	4.51316e-13	2.29357e-12	1.10254e-11	5.00781e-11	2.14689e-10	8.67838e-10	
4.38641e-20	5.20976e-21	5.92007e-22	6.44457e-23	6.99762e-24	3.5022e-24	2.7582e-23	2.56518e-22	2.29056e-21	1.95763e-20	1.59987e-19	1.24911e-18	9.30806e-18	6.61347e-17	4.47576e-16	2.88213e-15	1.76401e-14	1.02506e-13	5.64901e-13	2.94898e-12	1.45664e-11	6.80011e-11	2.99693e-10	1.24554e-09	4.87648e-09	
3.48184e-19	4.22829e-20	4.91021e-21	5.46003e-22	6.05879e-23	3.05229e-23	2.34836e-22	2.13859e-21	1.86927e-20	1.56303e-19	1.24911e-18	9.53135e-18	6.93742e-17	4.81157e-16	3.17659e-15	1.9941e-14	1.18894e-13	6.72522e-13	3.60477e-12	1.82879e-11	8.77096e-11	3.97208e-10	1.69657e-09	6.82684e-09	2.58523e-08	
2.63864e-18	3.27803e-19	3.89215e-20	4.423e-21	5.01826e-22	2.54533e-22	1.91214e-21	1.70432e-20	1.45749e-19	1.19175e-18	9.30806e-18	6.93742e-17	4.92898e-16	3.33483e-15	2.14622e-14	1.31241e-13	7.61646e-13	4.18998e-12	2.18233e-11	1.07485e-10	4.99984e-10	2.1939e-09	9.06997e-09	3.52874e-08	1.29057e-07	
1.9072e-17	2.42519e-18	2.94571e-19	3.42265e-20	3.97252e-21	2.02917e-21	1.48766e-20	1.29715e-19	1.08477e-18	8.66891e-18	6.61347e-17	4.81157e-16	3.33483e-15	2.19945e-14	1.37884e-13	8.20656e-13	4.63163e-12	2.47569e-11	1.25169e-10	5.97841e-10	2.69402e-09	1.14391e-08	4.57096e-08	1.71683e-07	6.05424e-07	
1.31345e-16	1.71054e-17	2.12658e-18	2.52769e-19	3.0028e-20	1.54509e-20	1.10488e-19	9.41967e-19	7.69917e-18	6.00999e-17	4.47576e-16	3.17659e-15	2.14622e-14	1.37884e-13	8.41319e-13	4.86951e-12	2.67018e-11	1.38536e-10	6.79176e-10	3.14206e-09	1.36985e-08	5.62055e-08	2.1675e-07	7.84627e-07	2.66306e-06	
8.60947e-16	1.14903e-16	1.46297e-17	1.77983e-18	2.16534e-19	1.12267e-19	7.82609e-19	6.52032e-18	5.2059e-17	3.96707e-16	2.88213e-15	1.9941e-14	1.31241e-13	8.20656e-13	4.86951e-12	2.73833e-11	1.45743e-10	7.33161e-10	3.48113e-09	1.55788e-08	6.56187e-08	2.59766e-07	9.65151e-07	3.36115e-06	1.09578e-05	
5.36564e-15	7.34333e-16	9.58097e-17	1.19372e-17	1.48815e-18	7.77688e-19	5.28171e-18	4.29791e-17	3.35004e-16	2.49056e-15	1.76401e-14	1.18894e-13	7.61646e-13	4.63163e-12	2.67018e-11	1.45743e-10	7.52087e-10	3.66405e-09	1.68279e-08	7.27481e-08	2.95585e-07	1.12708e-06	4.0272e-06	1.3465e-05	4.20724e-05	
3.17593e-14	4.46016e-15	5.96695e-16	7.61812e-17	9.73773e-18	5.13084e-18	3.39291e-17	2.69501e-16	2.04953e-15	1.48557e-14	1.02506e-13	6.72522e-13	4.18998e-12	2.47569e-11	1.38536e-10	7.33161e-10	3.66405e-09	1.7266e-08	7.65962e-08	3.19388e-07	1.24975e-06	4.58162e-06	1.57116e-05	5.03226e-05	0.000150327	
1.78336e-13	2.57177e-14	3.53024e-15	4.62136e-16	6.0607e-17	3.22087e-17	2.07253e-16	1.60595e-15	1.19083e-14	8.40968e-14	5.64901e-13	3.60477e-12	2.18233e-11	1.25169e-10	6.79176e-10	3.48113e-09	1.68279e-08	7.65962e-08	3.27738e-07	1.31596e-06	4.94996e-06	1.74119e-05	5.71782e-05	0.000175	0.000498432	
9.48932e-13	1.40625e-13	1.98198e-14	2.66203e-15	3.58426e-16	1.92188e-16	1.20259e-15	9.08475e-15	6.564e-14	4.51316e-13	2.94898e-12	1.82879e-11	1.07485e-10	5.97841e-10	3.14206e-09	1.55788e-08	7.27481e-08	3.19388e-07	1.31596e-06	5.07916e-06	1.83293e-05	6.17275e-05	0.000193632	0.000564752	0.00152895	
4.77929e-12	7.28379e-13	1.0548e-13	1.45451e-14	2.01205e-15	1.08894e-15	6.62176e-15	4.87358e-14	3.4288e-13	2.29357e-12	1.45664e-11	8.77096e-11	4.99984e-10	2.69402e-09	1.36985e-08	6.56187e-08	2.95585e-07	1.24975e-06	4.94996e-06	1.83293e-05	6.33222e-05	0.000203671	0.000608648	0.00168654	0.00432535	
2.27578e-11	3.56975e-12	5.31549e-13	7.53048e-14	1.07101e-14	5.85284e-15	3.45635e-14	2.47671e-13	1.6955e-12	1.10254e-11	6.80011e-11	3.97208e-10	2.1939e-09	1.14391e-08	5.62055e-08	2.59766e-07	1.12708e-06	4.58162e-06	1.74119e-05	6.17275e-05	0.000203671	0.000624015	0.00177123	0.0046473	0.011248	
1.02342e-10	1.6536e-11	2.53371e-12	3.6904e-13	5.40024e-14	2.98107e-14	1.70846e-13	1.19108e-12	7.92819e-12	5.00781e-11	2.99693e-10	1.69657e-09	9.06997e-09	4.57096e-08	2.1675e-07	9.65151e-07	4.0272e-06	1.57116e-05	5.71782e-05	0.000193632	0.000608648	0.00177123	0.00475974	0.0117815	0.0267996	
4.34165e-10	7.2322e-11	1.14118e-11	1.7101e-12	2.57668e-13	1.43742e-13	7.98904e-13	5.41497e-12	3.50198e-11	2.14689e-10	1.24554e-09	6.82684e-09	3.52874e-08	1.71683e-07	7.84627e-07	3.36115e-06	1.3465e-05	5.03226e-05	0.000175	0.000564752	0.00168654	0.0046473	0.0117815	0.0274015	0.0583183	
1.73576e-09	2.98343e-10	4.85173e-11	7.48567e-12	1.16228e-12	6.55508e-13	3.53068e-12	2.32493e-11	1.45976e-10	8.67838e-10	4.87648e-09	2.58523e-08	1.29057e-07	6.05424e-07	2.66306e-06	1.09578e-05	4.20724e-05	0.000150327	0.000498432	0.00152895	0.00432535	0.011248	0.0267996	0.0583183	0.115582	
