1.09802	1.04498	0.945391	0.808531	0.647998	0.481672	0.311979	0.139856	-0.0383797	-0.226676	-0.42012	-0.589552	-0.724516	-0.813393	-0.847036	-0.830548	-0.75813	-0.629594	-0.456842	-0.263695	-0.0760805	0.0777871	0.178245	0.219821	0.211407	
1.04498	1.06489	1.03024	0.941442	0.813957	0.665614	0.499813	0.322547	0.132661	-0.0695304	-0.27756	-0.458616	-0.598784	-0.693306	-0.7334	-0.723981	-0.664543	-0.55233	-0.39927	-0.22911	-0.0674326	0.0570044	0.128213	0.144614	0.118224	
0.945391	1.03024	1.06003	1.03122	0.952512	0.834697	0.688781	0.517862	0.322645	0.107854	-0.113532	-0.301435	-0.446994	-0.545477	-0.592483	-0.59206	-0.541192	-0.441343	-0.305606	-0.158613	-0.0266562	0.0642006	0.100256	0.080727	0.0213805	
0.808531	0.941442	1.03122	1.06445	1.03771	0.96377	0.852359	0.698048	0.502766	0.284029	0.0635462	-0.126123	-0.273879	-0.378194	-0.436121	-0.443454	-0.402728	-0.315239	-0.192817	-0.0663854	0.0347706	0.0890107	0.0865512	0.029734	-0.0605265	
0.647998	0.813957	0.952512	1.03771	1.06566	1.04247	0.968351	0.829834	0.643848	0.439564	0.229083	0.0441147	-0.103761	-0.21216	-0.275036	-0.287436	-0.253154	-0.176473	-0.0737126	0.0241022	0.0935042	0.115913	0.0810048	-0.0060248	-0.124118	
0.481672	0.665614	0.834697	0.96377	1.04247	1.06196	1.01373	0.895311	0.734859	0.548379	0.349829	0.17183	0.0309733	-0.0685955	-0.126816	-0.137808	-0.110113	-0.0479611	0.0359209	0.112008	0.155683	0.150661	0.0905571	-0.0203203	-0.159578	
0.311979	0.499813	0.688781	0.852359	0.968351	1.01373	0.990673	0.904169	0.763395	0.584888	0.395979	0.232731	0.110825	0.027478	-0.020305	-0.0276189	0.00157855	0.0641247	0.14204	0.207737	0.237032	0.21161	0.127668	-0.00188554	-0.152455	
0.139856	0.322547	0.517862	0.698048	0.829834	0.895311	0.904169	0.83858	0.702934	0.530709	0.364534	0.226219	0.125512	0.0634652	0.0319136	0.0422823	0.091664	0.167844	0.251903	0.317165	0.334848	0.29594	0.208376	0.077263	-0.0759197	
-0.0383797	0.132661	0.322645	0.502766	0.643848	0.734859	0.763395	0.702934	0.570714	0.416165	0.273122	0.150074	0.0705127	0.033506	0.0318159	0.0811914	0.166321	0.267699	0.369101	0.442359	0.463899	0.430485	0.34205	0.211404	0.0643228	
-0.226676	-0.0695304	0.107854	0.284029	0.439564	0.548379	0.584888	0.530709	0.416165	0.279102	0.144588	0.035707	-0.0220708	-0.0295025	0.00920623	0.0965948	0.214017	0.349602	0.482854	0.579349	0.620634	0.59987	0.517756	0.393958	0.248864	
-0.42012	-0.27756	-0.113532	0.0635462	0.229083	0.349829	0.395979	0.364534	0.273122	0.144588	0.0230971	-0.0657262	-0.103011	-0.0870834	-0.0212774	0.0910368	0.243613	0.41904	0.582378	0.70802	0.773575	0.768116	0.703605	0.601288	0.475448	
-0.589552	-0.458616	-0.301435	-0.126123	0.0441147	0.17183	0.232731	0.226219	0.150074	0.035707	-0.0657262	-0.137967	-0.161448	-0.129424	-0.0440133	0.0925661	0.279365	0.485721	0.670911	0.816869	0.900743	0.916598	0.879054	0.804495	0.707156	
-0.724516	-0.598784	-0.446994	-0.273879	-0.103761	0.0309733	0.110825	0.125512	0.0705127	-0.0220708	-0.103011	-0.161448	-0.177238	-0.138648	-0.0417994	0.117042	0.322555	0.539462	0.741235	0.908917	1.01291	1.05188	1.04242	0.9929	0.921001	
-0.813393	-0.693306	-0.545477	-0.378194	-0.21216	-0.0685955	0.027478	0.0634652	0.033506	-0.0295025	-0.0870834	-0.129424	-0.138648	-0.094515	0.0117341	0.176606	0.383316	0.607751	0.824655	0.99569	1.10794	1.1649	1.16809	1.14229	1.10459	
-0.847036	-0.7334	-0.592483	-0.436121	-0.275036	-0.126816	-0.020305	0.0319136	0.0318159	0.00920623	-0.0212774	-0.0440133	-0.0417994	0.0117341	0.126451	0.286868	0.490366	0.715056	0.923893	1.08302	1.19342	1.25056	1.26031	1.25319	1.22959	
-0.830548	-0.723981	-0.59206	-0.443454	-0.287436	-0.137808	-0.0276189	0.0422823	0.0811914	0.0965948	0.0910368	0.0925661	0.117042	0.176606	0.286868	0.440357	0.643059	0.85565	1.03692	1.17996	1.27393	1.31535	1.32036	1.30948	1.28684	
-0.75813	-0.664543	-0.541192	-0.402728	-0.253154	-0.110113	0.00157855	0.091664	0.166321	0.214017	0.243613	0.279365	0.322555	0.383316	0.490366	0.643059	0.823755	1.00297	1.15595	1.27118	1.33105	1.34556	1.33241	1.30037	1.27237	
-0.629594	-0.55233	-0.441343	-0.315239	-0.176473	-0.0479611	0.0641247	0.167844	0.267699	0.349602	0.41904	0.485721	0.539462	0.607751	0.715056	0.85565	1.00297	1.14599	1.26305	1.33279	1.35328	1.33342	1.29431	1.2387	1.18948	
-0.456842	-0.39927	-0.305606	-0.192817	-0.0737126	0.0359209	0.14204	0.251903	0.369101	0.482854	0.582378	0.670911	0.741235	0.824655	0.923893	1.03692	1.15595	1.26305	1.33869	1.35712	1.33127	1.2765	1.20307	1.12466	1.05903	
-0.263695	-0.22911	-0.158613	-0.0663854	0.0241022	0.112008	0.207737	0.317165	0.442359	0.579349	0.70802	0.816869	0.908917	0.99569	1.08302	1.17996	1.27118	1.33279	1.35712	1.33054	1.26822	1.1845	1.07854	0.978952	0.898067	
-0.0760805	-0.0674326	-0.0266562	0.0347706	0.0935042	0.155683	0.237032	0.334848	0.463899	0.620634	0.773575	0.900743	1.01291	1.10794	1.19342	1.27393	1.33105	1.35328	1.33127	1.26822	1.17289	1.05622	0.932318	0.822286	0.72759	
0.0777871	0.0570044	0.0642006	0.0890107	0.115913	0.150661	0.21161	0.29594	0.430485	0.59987	0.768116	0.916598	1.05188	1.1649	1.25056	1.31535	1.34556	1.33342	1.2765	1.1845	1.05622	0.911493	0.782277	0.664491	0.563246	
0.178245	0.128213	0.100256	0.0865512	0.0810048	0.0905571	0.127668	0.208376	0.34205	0.517756	0.703605	0.879054	1.04242	1.16809	1.26031	1.32036	1.33241	1.29431	1.20307	1.07854	0.932318	0.782277	0.648517	0.52334	0.420307	
0.219821	0.144614	0.080727	0.029734	-0.0060248	-0.0203203	-0.00188554	0.077263	0.211404	0.393958	0.601288	0.804495	0.9929	1.14229	1.25319	1.30948	1.30037	1.2387	1.12466	0.978952	0.822286	0.664491	0.52334	0.40631	0.311655	
0.211407	0.118224	0.0213805	-0.0605265	-0.124118	-0.159578	-0.152455	-0.0759197	0.0643228	0.248864	0.475448	0.707156	0.921001	1.10459	1.22959	1.28684	1.27237	1.18948	1.05903	0.898067	0.72759	0.563246	0.420307	0.311655	0.227455	
0.167379	0.0608861	-0.0609656	-0.171641	-0.258839	-0.311381	-0.308273	-0.228149	-0.0863866	0.106809	0.350003	0.611467	0.852225	1.06296	1.20829	1.26599	1.24766	1.15189	1.00545	0.826921	0.646083	0.491619	0.353187	0.24292	0.163997	
0.106642	-0.00892434	-0.146736	-0.284542	-0.389237	-0.454796	-0.449596	-0.366788	-0.223295	-0.0155995	0.239018	0.524801	0.793148	1.02797	1.19495	1.25605	1.23021	1.12264	0.961149	0.777236	0.595446	0.433928	0.29661	0.194413	0.121626	
0.0489682	-0.0704225	-0.219747	-0.375516	-0.49908	-0.568906	-0.56276	-0.480609	-0.331092	-0.117304	0.14799	0.448899	0.745987	1.00351	1.17983	1.25211	1.22562	1.11035	0.93783	0.745659	0.559529	0.390178	0.25556	0.160909	0.0921476	
-0.000360376	-0.121496	-0.278962	-0.4457	-0.585562	-0.653325	-0.64518	-0.56128	-0.405974	-0.18578	0.0903157	0.401508	0.717938	0.988575	1.17532	1.25385	1.21862	1.09712	0.922365	0.722167	0.529844	0.370882	0.242433	0.142495	0.0734277	
-0.0280843	-0.149009	-0.309221	-0.484609	-0.630244	-0.700298	-0.688387	-0.60715	-0.447803	-0.222997	0.0541648	0.372511	0.702291	0.980931	1.17142	1.25584	1.21999	1.09508	0.913634	0.713534	0.521691	0.354347	0.22705	0.130912	0.0646147	
-0.0318702	-0.15228	-0.313158	-0.490081	-0.636625	-0.707676	-0.695003	-0.615588	-0.454933	-0.23059	0.0471475	0.365999	0.698704	0.979909	1.16949	1.25683	1.22165	1.09675	0.913278	0.712321	0.521485	0.350117	0.222581	0.128455	0.063116	
-0.0150041	-0.135759	-0.295598	-0.465551	-0.609126	-0.677002	-0.667186	-0.583839	-0.42641	-0.204181	0.074504	0.388197	0.710255	0.984663	1.1744	1.25526	1.21713	1.09402	0.917435	0.717052	0.524267	0.36483	0.237558	0.136593	0.0693702	
0.0279651	-0.0924539	-0.245612	-0.406422	-0.537014	-0.606588	-0.600167	-0.516765	-0.365261	-0.148976	0.120459	0.426327	0.733458	0.996704	1.17656	1.25175	1.22371	1.10584	0.930953	0.735581	0.545555	0.379461	0.248293	0.151862	0.0836262	
0.083242	-0.0349568	-0.177302	-0.323953	-0.43553	-0.504136	-0.498492	-0.415857	-0.270403	-0.0595151	0.199521	0.492043	0.771971	1.01719	1.18836	1.2542	1.22784	1.11599	0.949888	0.763023	0.580343	0.414271	0.277326	0.179285	0.108036	
0.143428	0.0327961	-0.0963473	-0.218453	-0.312811	-0.371255	-0.367332	-0.28569	-0.143969	0.0558917	0.304247	0.576307	0.826942	1.04753	1.20382	1.26071	1.23825	1.13828	0.985349	0.804329	0.623194	0.467551	0.32954	0.221471	0.145332	
0.197457	0.0986289	-0.00950539	-0.102841	-0.176889	-0.219951	-0.215363	-0.137971	0.00339186	0.189676	0.422933	0.667712	0.893321	1.08793	1.21929	1.27727	1.26325	1.17489	1.03678	0.867482	0.691497	0.530762	0.390468	0.281493	0.199029	
0.2215	0.137908	0.0604726	-0.00327157	-0.0506139	-0.0734274	-0.0603784	0.0171989	0.154179	0.337574	0.553222	0.767076	0.964877	1.12844	1.24498	1.30174	1.28775	1.21556	1.09678	0.945399	0.783325	0.621942	0.477969	0.365267	0.275474	
0.201727	0.141018	0.0983895	0.0695541	0.0511965	0.0513549	0.0797678	0.1602	0.292651	0.47219	0.666678	0.852547	1.02672	1.16001	1.26005	1.31734	1.32039	1.27382	1.17069	1.03645	0.886454	0.733335	0.596825	0.474138	0.373542	
0.124916	0.0925551	0.0855686	0.0953224	0.109	0.133156	0.184679	0.266547	0.401429	0.572596	0.747697	0.907452	1.05382	1.17149	1.25753	1.32047	1.34413	1.32068	1.24885	1.14269	1.00566	0.857682	0.727632	0.605011	0.501475	
-0.00954858	-0.0124969	0.015427	0.0624585	0.10905	0.160071	0.234085	0.325512	0.458069	0.620661	0.779767	0.915141	1.03501	1.13785	1.2233	1.29649	1.33987	1.34688	1.31299	1.23839	1.12843	0.998575	0.87075	0.758417	0.660967	
-0.186145	-0.161251	-0.101881	-0.0212907	0.0563625	0.134923	0.2247	0.330318	0.456828	0.602957	0.742131	0.85762	0.959556	1.04747	1.13298	1.22456	1.30248	1.34786	1.35054	1.30794	1.2333	1.13648	1.02186	0.917366	0.829926	
-0.381257	-0.332279	-0.246762	-0.140996	-0.0328059	0.068606	0.171964	0.282108	0.403316	0.52737	0.638946	0.735888	0.814121	0.899934	0.993415	1.09875	1.20809	1.29688	1.35257	1.35221	1.31037	1.24452	1.1566	1.068	0.996981	
-0.564464	-0.495232	-0.389979	-0.268795	-0.136506	-0.0160583	0.0948953	0.202258	0.309555	0.405251	0.487223	0.563906	0.62268	0.697927	0.803862	0.932239	1.06713	1.19678	1.29946	1.34839	1.34943	1.31533	1.26289	1.19952	1.1428	
-0.712536	-0.625392	-0.506727	-0.372758	-0.226635	-0.0887487	0.0225029	0.119719	0.205731	0.266285	0.312703	0.361609	0.409947	0.471852	0.579347	0.730642	0.898008	1.06216	1.20078	1.29937	1.34496	1.34625	1.32327	1.28118	1.24572	
-0.809138	-0.706571	-0.578493	-0.433592	-0.279211	-0.130998	-0.0200353	0.0576949	0.112475	0.141435	0.148145	0.163165	0.19556	0.255519	0.36404	0.516085	0.713287	0.914382	1.0841	1.21897	1.30046	1.33213	1.3319	1.31364	1.29001	
-0.846417	-0.735132	-0.597489	-0.445019	-0.28604	-0.136395	-0.0280363	0.0308918	0.0452422	0.0387017	0.0179023	0.00405667	0.0146038	0.0713401	0.185679	0.34271	0.546703	0.769109	0.96821	1.12099	1.22674	1.2791	1.28859	1.28364	1.26083	
-0.833273	-0.716052	-0.570347	-0.407051	-0.243558	-0.0973191	0.00358735	0.0466085	0.0281404	-0.0202423	-0.0664704	-0.101618	-0.107377	-0.0592551	0.0507243	0.215124	0.419948	0.645735	0.862554	1.02971	1.14335	1.2023	1.20827	1.19109	1.16252	
-0.766611	-0.643071	-0.492801	-0.321335	-0.152028	-0.0139021	0.0730551	0.0966359	0.0513121	-0.0301163	-0.102585	-0.155324	-0.168188	-0.128467	-0.0273961	0.135641	0.342538	0.563406	0.771505	0.943758	1.05288	1.09987	1.09893	1.05843	0.999284	
-0.647545	-0.519407	-0.364598	-0.190277	-0.0194624	0.110969	0.179111	0.181084	0.111996	0.00554575	-0.08733	-0.154125	-0.174347	-0.138657	-0.0475499	0.0993028	0.296095	0.507958	0.700624	0.85585	0.946586	0.972328	0.946559	0.881652	0.795938	
-0.492049	-0.354497	-0.194329	-0.0173114	0.150464	0.274494	0.326438	0.305387	0.220639	0.0964229	-0.0177436	-0.0986183	-0.129444	-0.106051	-0.0325684	0.0888251	0.25734	0.446547	0.618913	0.753812	0.827419	0.830067	0.775197	0.684195	0.5696	
