-0.0223893	-0.0180396	0.00586437	0.0707626	0.172586	0.273866	0.353649	0.405073	0.425887	0.404402	0.351123	0.2742	0.189328	0.108307	0.0404481	0.0142787	0.0263439	0.0660871	0.137882	0.23786	0.324532	0.36508	0.359679	0.290893	0.159709	
-0.0180396	-0.010387	0.0256263	0.099268	0.204604	0.305281	0.380076	0.422906	0.430688	0.401561	0.341986	0.258004	0.164064	0.0759589	0.00693681	-0.0175265	0.00725358	0.0608109	0.147616	0.263661	0.366241	0.426955	0.436262	0.378533	0.252469	
0.00586437	0.0256263	0.0732753	0.149587	0.251222	0.351591	0.417786	0.449565	0.447264	0.41529	0.348261	0.248066	0.137741	0.0411786	-0.0261242	-0.0454845	-0.0102549	0.063759	0.169789	0.295288	0.40628	0.478512	0.49968	0.452093	0.344782	
0.0707626	0.099268	0.149587	0.223567	0.316726	0.40413	0.452839	0.474166	0.465132	0.423263	0.345381	0.232357	0.111863	0.0102878	-0.0514494	-0.062925	-0.0161735	0.0808223	0.20586	0.337134	0.448485	0.522545	0.547828	0.513257	0.437145	
0.172586	0.204604	0.251222	0.316726	0.390163	0.451058	0.488048	0.496428	0.471677	0.414702	0.327601	0.212243	0.08415	-0.0178988	-0.0693752	-0.0695893	-0.00985938	0.104635	0.242275	0.376437	0.483976	0.55685	0.58773	0.57646	0.541309	
0.273866	0.305281	0.351591	0.40413	0.451058	0.493602	0.516576	0.508776	0.465572	0.398731	0.311021	0.192348	0.0662289	-0.0286443	-0.0677885	-0.0539317	0.0210053	0.145981	0.287142	0.41798	0.522453	0.595227	0.63877	0.659599	0.662691	
0.353649	0.380076	0.417786	0.452839	0.488048	0.516576	0.52641	0.504049	0.456809	0.392891	0.303009	0.189009	0.0778237	-0.00187763	-0.0294034	0.00158815	0.0954133	0.224913	0.359785	0.485815	0.587896	0.660933	0.716668	0.762916	0.793729	
0.405073	0.422906	0.449565	0.474166	0.496428	0.508776	0.504049	0.48113	0.442365	0.387133	0.306248	0.21007	0.126228	0.0696319	0.0592285	0.111464	0.21953	0.344267	0.469208	0.588742	0.684513	0.753126	0.809928	0.866836	0.914954	
0.425887	0.430688	0.447264	0.465132	0.471677	0.465572	0.456809	0.442365	0.419323	0.383351	0.32254	0.249361	0.1944	0.168971	0.182692	0.254445	0.36905	0.492432	0.615076	0.725371	0.808933	0.865082	0.912553	0.964353	1.01986	
0.404402	0.401561	0.41529	0.423263	0.414702	0.398731	0.392891	0.387133	0.383351	0.37604	0.343611	0.298571	0.277312	0.285704	0.324172	0.407494	0.526207	0.657044	0.778986	0.874291	0.935159	0.973141	1.00481	1.04429	1.10224	
0.351123	0.341986	0.348261	0.345381	0.327601	0.311021	0.303009	0.306248	0.32254	0.343611	0.346709	0.341683	0.358164	0.403029	0.46599	0.561711	0.687627	0.821678	0.938203	1.01068	1.0442	1.05811	1.06937	1.09691	1.14986	
0.2742	0.258004	0.248066	0.232357	0.212243	0.192348	0.189009	0.21007	0.249361	0.298571	0.341683	0.377379	0.432818	0.511813	0.602657	0.715449	0.841315	0.965634	1.05914	1.10702	1.11259	1.09757	1.09042	1.10319	1.14396	
0.189328	0.164064	0.137741	0.111863	0.08415	0.0662289	0.0778237	0.126228	0.1944	0.277312	0.358164	0.432818	0.519763	0.625604	0.73691	0.858453	0.973696	1.06205	1.11611	1.13091	1.10625	1.06349	1.03723	1.03724	1.05963	
0.108307	0.0759589	0.0411786	0.0102878	-0.0178988	-0.0286443	-0.00187763	0.0696319	0.168971	0.285704	0.403029	0.511813	0.625604	0.744299	0.860507	0.976428	1.06123	1.1016	1.10531	1.08045	1.01953	0.946624	0.899978	0.882079	0.890342	
0.0404481	0.00693681	-0.0261242	-0.0514494	-0.0693752	-0.0677885	-0.0294034	0.0592285	0.182692	0.324172	0.46599	0.602657	0.73691	0.860507	0.966923	1.04918	1.08337	1.07279	1.0288	0.956062	0.855428	0.751349	0.678175	0.640213	0.638055	
0.0142787	-0.0175265	-0.0454845	-0.062925	-0.0695893	-0.0539317	0.00158815	0.111464	0.254445	0.407494	0.561711	0.715449	0.858453	0.976428	1.04918	1.06634	1.03385	0.96777	0.869521	0.743217	0.605775	0.47995	0.381639	0.32591	0.320466	
0.0263439	0.00725358	-0.0102549	-0.0161735	-0.00985938	0.0210053	0.0954133	0.21953	0.36905	0.526207	0.687627	0.841315	0.973696	1.06123	1.08337	1.03385	0.933952	0.806364	0.643853	0.465388	0.300236	0.158286	0.0458425	-0.0195533	-0.0284711	
0.0660871	0.0608109	0.063759	0.0808223	0.104635	0.145981	0.224913	0.344267	0.492432	0.657044	0.821678	0.965634	1.06205	1.1016	1.07279	0.96777	0.806364	0.61101	0.393938	0.17488	-0.0170496	-0.173226	-0.288076	-0.348244	-0.362866	
0.137882	0.147616	0.169789	0.20586	0.242275	0.287142	0.359785	0.469208	0.615076	0.778986	0.938203	1.05914	1.11611	1.10531	1.0288	0.869521	0.643853	0.393938	0.140917	-0.102939	-0.317814	-0.481559	-0.58588	-0.633094	-0.645176	
0.23786	0.263661	0.295288	0.337134	0.376437	0.41798	0.485815	0.588742	0.725371	0.874291	1.01068	1.10702	1.13091	1.08045	0.956062	0.743217	0.465388	0.17488	-0.102939	-0.363774	-0.578766	-0.731252	-0.822425	-0.856062	-0.856237	
0.324532	0.366241	0.40628	0.448485	0.483976	0.522453	0.587896	0.684513	0.808933	0.935159	1.0442	1.11259	1.10625	1.01953	0.855428	0.605775	0.300236	-0.0170496	-0.317814	-0.578766	-0.769138	-0.892709	-0.969851	-0.992693	-0.976083	
0.36508	0.426955	0.478512	0.522545	0.55685	0.595227	0.660933	0.753126	0.865082	0.973141	1.05811	1.09757	1.06349	0.946624	0.751349	0.47995	0.158286	-0.173226	-0.481559	-0.731252	-0.892709	-0.986738	-1.03933	-1.04104	-1.00694	
0.359679	0.436262	0.49968	0.547828	0.58773	0.63877	0.716668	0.809928	0.912553	1.00481	1.06937	1.09042	1.03723	0.899978	0.678175	0.381639	0.0458425	-0.288076	-0.58588	-0.822425	-0.969851	-1.03933	-1.05653	-1.0271	-0.975481	
0.290893	0.378533	0.452093	0.513257	0.57646	0.659599	0.762916	0.866836	0.964353	1.04429	1.09691	1.10319	1.03724	0.882079	0.640213	0.32591	-0.0195533	-0.348244	-0.633094	-0.856062	-0.992693	-1.04104	-1.0271	-0.975164	-0.911663	
0.159709	0.252469	0.344782	0.437145	0.541309	0.662691	0.793729	0.914954	1.01986	1.10224	1.14986	1.14396	1.05963	0.890342	0.638055	0.320466	-0.0284711	-0.362866	-0.645176	-0.856237	-0.976083	-1.00694	-0.975481	-0.911663	-0.842078	
-0.0125905	0.0851971	0.19956	0.330641	0.479059	0.640602	0.801151	0.947231	1.07206	1.16439	1.20987	1.19073	1.0928	0.911685	0.655858	0.339476	-0.0096196	-0.350984	-0.636745	-0.834793	-0.937355	-0.954911	-0.912055	-0.841753	-0.769868	
-0.208517	-0.101663	0.0356171	0.202684	0.396811	0.600652	0.795673	0.971189	1.11313	1.21004	1.25095	1.22513	1.12421	0.939274	0.675934	0.359488	0.0136952	-0.327319	-0.613552	-0.804264	-0.894568	-0.899644	-0.84698	-0.7723	-0.696007	
-0.402394	-0.284786	-0.128699	0.0662142	0.297794	0.545804	0.779177	0.981707	1.13634	1.23374	1.27033	1.24332	1.14258	0.954515	0.685227	0.367181	0.0290193	-0.305583	-0.587354	-0.771101	-0.850057	-0.842121	-0.778991	-0.700977	-0.620507	
-0.567724	-0.432804	-0.260104	-0.0481322	0.210127	0.492099	0.757155	0.980578	1.14155	1.23875	1.27461	1.24482	1.14419	0.955363	0.686141	0.369512	0.0335666	-0.294762	-0.568835	-0.742831	-0.815461	-0.799092	-0.72371	-0.637369	-0.55201	
-0.667323	-0.520311	-0.336841	-0.117661	0.152626	0.455209	0.740021	0.975743	1.13991	1.23642	1.27053	1.23932	1.13682	0.951847	0.685493	0.3686	0.031322	-0.294396	-0.557318	-0.723262	-0.795417	-0.777451	-0.690866	-0.592487	-0.506066	
-0.685181	-0.534766	-0.350597	-0.130842	0.140765	0.446596	0.736159	0.974336	1.13933	1.23584	1.26952	1.23723	1.13596	0.950734	0.685794	0.367757	0.0295602	-0.294228	-0.555151	-0.718948	-0.791258	-0.773386	-0.683708	-0.583205	-0.497449	
-0.616451	-0.476092	-0.297701	-0.0819002	0.183067	0.475206	0.749726	0.979379	1.14189	1.23851	1.2733	1.24284	1.14148	0.954957	0.686062	0.369165	0.0329679	-0.293759	-0.563242	-0.734443	-0.806706	-0.788319	-0.708009	-0.617001	-0.53061	
-0.47371	-0.349935	-0.187321	0.015926	0.25972	0.523101	0.770162	0.981643	1.13948	1.23717	1.2734	1.24567	1.14489	0.955791	0.685903	0.36833	0.0322937	-0.299394	-0.578355	-0.75867	-0.833948	-0.821699	-0.753894	-0.673513	-0.5914	
-0.288184	-0.177145	-0.0316393	0.147765	0.358714	0.580149	0.790911	0.977416	1.12477	1.22206	1.26115	1.23455	1.13395	0.947073	0.681048	0.364238	0.0211318	-0.317512	-0.603071	-0.790553	-0.876594	-0.876828	-0.82011	-0.744006	-0.665378	
-0.0886323	0.0117288	0.135463	0.281276	0.447748	0.626582	0.799986	0.958152	1.09081	1.18581	1.22936	1.20683	1.10613	0.923606	0.664537	0.348312	7.35347e-05	-0.342971	-0.628748	-0.823429	-0.920371	-0.933395	-0.88694	-0.813776	-0.740369	
0.0940467	0.189165	0.290254	0.397839	0.519705	0.656285	0.799467	0.929124	1.04104	1.12767	1.1746	1.1626	1.07211	0.896988	0.643949	0.326691	-0.0228738	-0.359822	-0.644238	-0.849349	-0.9618	-0.986917	-0.950484	-0.884256	-0.8135	
0.2453	0.334747	0.415189	0.486678	0.56514	0.664216	0.778143	0.887989	0.986061	1.06509	1.11581	1.1175	1.0437	0.882851	0.635164	0.318606	-0.0285404	-0.358324	-0.640727	-0.859566	-0.99015	-1.03044	-1.00827	-0.950845	-0.884178	
0.340485	0.422151	0.488754	0.540227	0.586873	0.648834	0.736211	0.832811	0.932584	1.01869	1.07751	1.09278	1.03493	0.889507	0.658468	0.352833	0.012503	-0.318641	-0.610474	-0.841631	-0.985411	-1.0462	-1.04902	-1.0088	-0.951924	
0.369192	0.437573	0.494705	0.539487	0.575129	0.616389	0.684987	0.776476	0.884663	0.985947	1.06156	1.09223	1.04976	0.92429	0.717514	0.436341	0.108736	-0.224777	-0.530853	-0.774786	-0.929757	-1.01366	-1.05252	-1.04188	-0.999822	
0.347097	0.396389	0.44008	0.482643	0.516874	0.555445	0.619491	0.713878	0.833204	0.951981	1.05138	1.10706	1.08895	0.989485	0.811924	0.553023	0.240783	-0.0839544	-0.389964	-0.647281	-0.824205	-0.935708	-1.00502	-1.02089	-0.997898	
0.276592	0.308233	0.343372	0.385707	0.424029	0.463543	0.531205	0.631121	0.762683	0.902405	1.02803	1.11391	1.12524	1.05966	0.918477	0.688208	0.396649	0.0941407	-0.194487	-0.456906	-0.664571	-0.806628	-0.892806	-0.922776	-0.915752	
0.176389	0.192827	0.219375	0.258856	0.297382	0.341866	0.411159	0.518684	0.661711	0.820807	0.973163	1.08429	1.12728	1.0995	1.00305	0.821751	0.572376	0.304538	0.0417099	-0.210535	-0.428829	-0.590955	-0.689676	-0.730863	-0.739169	
0.0903579	0.0911375	0.102699	0.129103	0.159145	0.202451	0.279469	0.394019	0.542014	0.707981	0.871758	1.00787	1.08797	1.10622	1.05857	0.932276	0.745594	0.52624	0.292605	0.0623723	-0.140629	-0.301402	-0.412912	-0.468257	-0.483494	
0.0384235	0.0255201	0.0156341	0.0171747	0.0301586	0.0668725	0.145152	0.269093	0.417937	0.578356	0.742012	0.89318	1.01325	1.08296	1.08354	1.01115	0.88678	0.731781	0.54495	0.348178	0.172485	0.0247973	-0.0898569	-0.155196	-0.1665	
0.0156313	-0.0121791	-0.0375582	-0.0508927	-0.0531191	-0.0313611	0.0326967	0.150248	0.297168	0.451969	0.609481	0.76479	0.906969	1.0157	1.06922	1.0578	0.997751	0.908232	0.784998	0.636792	0.487686	0.354871	0.249471	0.188821	0.181777	
0.0241176	-0.00974092	-0.0407443	-0.0625692	-0.0754799	-0.0687605	-0.0246729	0.0721439	0.204344	0.351979	0.499173	0.645041	0.784116	0.908386	1.00452	1.0628	1.0714	1.03897	0.975409	0.881883	0.765128	0.650839	0.566397	0.521147	0.517718	
0.0783065	0.0456823	0.00974429	-0.0207579	-0.0452929	-0.0510902	-0.020111	0.058328	0.168122	0.296899	0.425694	0.546224	0.669498	0.790176	0.905008	1.01201	1.07866	1.09897	1.08335	1.04036	0.964304	0.87813	0.821497	0.795586	0.799085	
0.156417	0.126817	0.0966737	0.0683484	0.0385873	0.0228309	0.0412237	0.0998874	0.180801	0.277712	0.373154	0.462761	0.560708	0.673075	0.788101	0.909652	1.01618	1.08531	1.11931	1.1183	1.07986	1.02641	0.992141	0.985735	1.00151	
0.240116	0.220745	0.203628	0.183074	0.160123	0.139873	0.141956	0.17404	0.223773	0.286215	0.344294	0.396175	0.465288	0.556288	0.65692	0.774554	0.897776	1.01098	1.09066	1.12616	1.12027	1.09414	1.07999	1.08719	1.12054	
0.323129	0.310786	0.311258	0.303467	0.285063	0.267262	0.259568	0.268198	0.293246	0.324825	0.343681	0.355512	0.388026	0.446859	0.521472	0.623807	0.75058	0.883157	0.993045	1.05646	1.0783	1.08031	1.08371	1.10622	1.15522	
