-0.580543	-0.595481	-0.573689	-0.533038	-0.484134	-0.437555	-0.409682	-0.400556	-0.413285	-0.433134	-0.438263	-0.40859	-0.359992	-0.298867	-0.23299	-0.152875	-0.0473695	0.0766791	0.200933	0.315376	0.430911	0.535798	0.640212	0.744805	0.843578	
-0.595481	-0.57365	-0.530484	-0.474518	-0.411349	-0.361539	-0.33015	-0.317856	-0.322482	-0.328653	-0.317832	-0.275609	-0.209124	-0.130499	-0.0455773	0.0414581	0.144414	0.260421	0.378277	0.490441	0.596282	0.690244	0.769966	0.850906	0.919035	
-0.573689	-0.530484	-0.46821	-0.399272	-0.327704	-0.273546	-0.238068	-0.222184	-0.21542	-0.209282	-0.181807	-0.1253	-0.0467028	0.0440999	0.139566	0.231774	0.336787	0.452228	0.566025	0.669921	0.754972	0.828523	0.886267	0.941776	0.978814	
-0.533038	-0.474518	-0.399272	-0.318656	-0.247498	-0.189476	-0.143731	-0.120568	-0.113849	-0.0959057	-0.0460183	0.0206654	0.103832	0.198793	0.299599	0.40184	0.507007	0.624631	0.7373	0.826569	0.888096	0.935153	0.968996	0.993038	0.995	
-0.484134	-0.411349	-0.327704	-0.247498	-0.179519	-0.122861	-0.0757047	-0.04202	-0.0226009	0.0175733	0.0775122	0.147021	0.227496	0.3199	0.422103	0.53107	0.638019	0.750663	0.852286	0.931688	0.97646	0.995258	0.997669	0.981831	0.952722	
-0.437555	-0.361539	-0.273546	-0.189476	-0.122861	-0.0767644	-0.0397143	0.00132295	0.0406067	0.0965692	0.163985	0.232725	0.307089	0.390054	0.487751	0.595441	0.705068	0.808406	0.894025	0.955933	0.981631	0.982635	0.961388	0.918443	0.863586	
-0.409682	-0.33015	-0.238068	-0.143731	-0.0757047	-0.0397143	-0.0131938	0.0265834	0.0739978	0.129966	0.197498	0.263249	0.325412	0.394456	0.47639	0.575636	0.682069	0.775713	0.848629	0.890468	0.902361	0.891372	0.857273	0.801184	0.732779	
-0.400556	-0.317856	-0.222184	-0.120568	-0.04202	0.00132295	0.0265834	0.0594855	0.0982037	0.140212	0.191257	0.242546	0.286822	0.334301	0.394143	0.473597	0.562503	0.63753	0.695502	0.733196	0.749428	0.736306	0.697261	0.637113	0.573747	
-0.413285	-0.322482	-0.21542	-0.113849	-0.0226009	0.0406067	0.0739978	0.0982037	0.119603	0.134506	0.152098	0.168519	0.185694	0.20645	0.236916	0.286439	0.347453	0.406433	0.459272	0.50381	0.533413	0.535843	0.51073	0.461479	0.40441	
-0.433134	-0.328653	-0.209282	-0.0959057	0.0175733	0.0965692	0.129966	0.140212	0.134506	0.111955	0.082414	0.0607206	0.0410304	0.0264832	0.0281779	0.0547391	0.09081	0.131907	0.183848	0.240254	0.288114	0.314001	0.315894	0.287279	0.239569	
-0.438263	-0.317832	-0.181807	-0.0460183	0.0775122	0.163985	0.197498	0.191257	0.152098	0.082414	0.00615707	-0.0651114	-0.131979	-0.186144	-0.202153	-0.188404	-0.162007	-0.127912	-0.0741919	-0.00426335	0.0635424	0.111439	0.135941	0.124399	0.09148	
-0.40859	-0.275609	-0.1253	0.0206654	0.147021	0.232725	0.263249	0.242546	0.168519	0.0607206	-0.0651114	-0.195925	-0.313755	-0.397044	-0.421872	-0.405549	-0.373208	-0.328275	-0.263927	-0.183662	-0.102492	-0.0390443	0.00119973	0.00593121	-0.0129078	
-0.359992	-0.209124	-0.0467028	0.103832	0.227496	0.307089	0.325412	0.286822	0.185694	0.0410304	-0.131979	-0.313755	-0.471836	-0.568832	-0.591941	-0.563875	-0.51204	-0.447001	-0.365619	-0.269515	-0.181258	-0.11098	-0.0631687	-0.0481824	-0.0598533	
-0.298867	-0.130499	0.0440999	0.198793	0.3199	0.390054	0.394456	0.334301	0.20645	0.0264832	-0.186144	-0.397044	-0.568832	-0.665774	-0.685687	-0.650864	-0.57755	-0.482964	-0.378566	-0.26986	-0.175207	-0.100149	-0.0540691	-0.0419671	-0.0548533	
-0.23299	-0.0455773	0.139566	0.299599	0.422103	0.487751	0.47639	0.394143	0.236916	0.0281779	-0.202153	-0.421872	-0.591941	-0.685687	-0.703003	-0.659399	-0.567074	-0.442244	-0.313611	-0.196697	-0.101688	-0.0332018	0.00559229	0.00689511	-0.00785285	
-0.152875	0.0414581	0.231774	0.40184	0.53107	0.595441	0.575636	0.473597	0.286439	0.0547391	-0.188404	-0.405549	-0.563875	-0.650864	-0.659399	-0.600184	-0.486427	-0.335498	-0.189083	-0.0699102	0.0175562	0.0714751	0.0983497	0.0936735	0.0753407	
-0.0473695	0.144414	0.336787	0.507007	0.638019	0.705068	0.682069	0.562503	0.347453	0.09081	-0.162007	-0.373208	-0.51204	-0.57755	-0.567074	-0.486427	-0.353759	-0.190686	-0.0342176	0.0849419	0.16564	0.210731	0.226683	0.215515	0.188327	
0.0766791	0.260421	0.452228	0.624631	0.750663	0.808406	0.775713	0.63753	0.406433	0.131907	-0.127912	-0.328275	-0.447001	-0.482964	-0.442244	-0.335498	-0.190686	-0.0306957	0.12722	0.24784	0.32591	0.369867	0.375987	0.354296	0.31216	
0.200933	0.378277	0.566025	0.7373	0.852286	0.894025	0.848629	0.695502	0.459272	0.183848	-0.0741919	-0.263927	-0.365619	-0.378566	-0.313611	-0.189083	-0.0342176	0.12722	0.281621	0.401511	0.478041	0.517619	0.516898	0.486116	0.434433	
0.315376	0.490441	0.669921	0.826569	0.931688	0.955933	0.890468	0.733196	0.50381	0.240254	-0.00426335	-0.183662	-0.269515	-0.26986	-0.196697	-0.0699102	0.0849419	0.24784	0.401511	0.523965	0.600334	0.628313	0.625789	0.599242	0.550541	
0.430911	0.596282	0.754972	0.888096	0.97646	0.981631	0.902361	0.749428	0.533413	0.288114	0.0635424	-0.102492	-0.181258	-0.175207	-0.101688	0.0175562	0.16564	0.32591	0.478041	0.600334	0.671728	0.696782	0.696039	0.678375	0.63564	
0.535798	0.690244	0.828523	0.935153	0.995258	0.982635	0.891372	0.736306	0.535843	0.314001	0.111439	-0.0390443	-0.11098	-0.100149	-0.0332018	0.0714751	0.210731	0.369867	0.517619	0.628313	0.696782	0.726978	0.730321	0.715784	0.679215	
0.640212	0.769966	0.886267	0.968996	0.997669	0.961388	0.857273	0.697261	0.51073	0.315894	0.135941	0.00119973	-0.0631687	-0.0540691	0.00559229	0.0983497	0.226683	0.375987	0.516898	0.625789	0.696039	0.730321	0.734334	0.724006	0.699202	
0.744805	0.850906	0.941776	0.993038	0.981831	0.918443	0.801184	0.637113	0.461479	0.287279	0.124399	0.00593121	-0.0481824	-0.0419671	0.00689511	0.0936735	0.215515	0.354296	0.486116	0.599242	0.678375	0.715784	0.724006	0.714935	0.694914	
0.843578	0.919035	0.978814	0.995	0.952722	0.863586	0.732779	0.573747	0.40441	0.239569	0.09148	-0.0129078	-0.0598533	-0.0548533	-0.00785285	0.0753407	0.188327	0.31216	0.434433	0.550541	0.63564	0.679215	0.699202	0.694914	0.674973	
0.917051	0.961697	0.986458	0.971852	0.909287	0.80541	0.667199	0.514491	0.350378	0.185472	0.0487961	-0.0433189	-0.0884908	-0.0808928	-0.0325546	0.0438896	0.144116	0.256152	0.3691	0.483616	0.578805	0.631028	0.656921	0.663874	0.653213	
0.987002	0.994996	0.976427	0.9329	0.850854	0.735228	0.600016	0.45176	0.288687	0.125795	-0.00284471	-0.0851387	-0.126424	-0.118955	-0.0723656	0.00114254	0.0982225	0.20443	0.310551	0.421236	0.52272	0.586843	0.612179	0.627649	0.632806	
1.05326	1.02789	0.973551	0.903792	0.80475	0.677833	0.53468	0.375808	0.212461	0.0623323	-0.0593611	-0.140687	-0.179153	-0.169972	-0.118572	-0.0380281	0.0594474	0.168002	0.280526	0.388482	0.483671	0.550364	0.586785	0.607513	0.61806	
1.10953	1.05805	0.982791	0.893298	0.778969	0.639907	0.483099	0.307908	0.141932	0.00140242	-0.112082	-0.193415	-0.2303	-0.217338	-0.158935	-0.069221	0.0383078	0.157306	0.276823	0.381223	0.466641	0.536099	0.579017	0.603577	0.610446	
1.14304	1.0775	0.994598	0.889736	0.766846	0.621661	0.44899	0.261299	0.0949533	-0.0407132	-0.14928	-0.23031	-0.269062	-0.248419	-0.181163	-0.0861146	0.0315628	0.161783	0.281203	0.38163	0.469066	0.538173	0.575598	0.600459	0.609411	
1.14835	1.08071	0.996961	0.889498	0.765664	0.619074	0.441473	0.252111	0.0866251	-0.0486403	-0.155568	-0.23759	-0.276887	-0.254645	-0.184126	-0.0880534	0.0303765	0.162898	0.283006	0.38237	0.471149	0.538845	0.574582	0.599286	0.609754	
1.12645	1.06771	0.988388	0.891344	0.772372	0.630742	0.467218	0.285587	0.119345	-0.0189393	-0.12963	-0.210545	-0.248583	-0.2322	-0.170194	-0.0780537	0.0342236	0.158646	0.278718	0.380864	0.465693	0.53614	0.57772	0.60256	0.609423	
1.07701	1.04041	0.976407	0.89809	0.792094	0.660295	0.511783	0.346741	0.183187	0.0373896	-0.0815228	-0.163143	-0.200446	-0.189689	-0.136575	-0.0519101	0.0494125	0.160989	0.276382	0.382932	0.474091	0.542092	0.582326	0.60469	0.61377	
1.0144	1.00816	0.973435	0.918863	0.829919	0.709699	0.572765	0.421941	0.25887	0.100922	-0.0246437	-0.106587	-0.146631	-0.139192	-0.0908154	-0.0153234	0.0810329	0.187637	0.294817	0.404464	0.504963	0.569917	0.599013	0.616919	0.626161	
0.944947	0.975178	0.983152	0.957113	0.886193	0.777766	0.640662	0.490762	0.327569	0.161768	0.0285862	-0.0581901	-0.102253	-0.0936971	-0.0467732	0.0267947	0.125158	0.234628	0.343618	0.455919	0.554904	0.612738	0.638041	0.648943	0.645205	
0.875966	0.938611	0.985301	0.988537	0.937425	0.841458	0.706294	0.55028	0.382867	0.218674	0.0758527	-0.0237818	-0.0703669	-0.0642102	-0.0156815	0.0654059	0.172021	0.289738	0.408946	0.525662	0.614102	0.660464	0.684196	0.683795	0.665769	
0.786263	0.880782	0.960153	0.997119	0.971571	0.897087	0.773865	0.610751	0.438454	0.269459	0.11227	-0.000105088	-0.0497342	-0.044494	0.00186652	0.0873844	0.206622	0.339537	0.467489	0.582284	0.664158	0.703497	0.716366	0.708368	0.68761	
0.681534	0.801822	0.90884	0.97984	0.993321	0.946286	0.837127	0.67569	0.49286	0.308185	0.135349	0.00788055	-0.0534363	-0.0455524	0.0096096	0.0991377	0.225066	0.370359	0.507415	0.618171	0.691149	0.726686	0.731443	0.721978	0.701015	
0.576844	0.723003	0.853412	0.95027	0.998622	0.977684	0.880343	0.72285	0.528917	0.318918	0.125306	-0.0195823	-0.0890595	-0.0780945	-0.0120422	0.0864568	0.219587	0.376598	0.522151	0.630156	0.698878	0.730715	0.734632	0.721795	0.689662	
0.475106	0.636116	0.786191	0.908216	0.985331	0.983238	0.90015	0.74856	0.537937	0.300333	0.0845443	-0.0744428	-0.150157	-0.142333	-0.0719447	0.042261	0.18807	0.348258	0.498176	0.615744	0.685902	0.713551	0.714197	0.697157	0.657097	
0.361429	0.533026	0.705371	0.854086	0.954567	0.97149	0.899217	0.74238	0.517658	0.261951	0.0243699	-0.150036	-0.232503	-0.228973	-0.15546	-0.0308288	0.121325	0.283304	0.437382	0.561276	0.635486	0.660559	0.65802	0.635909	0.589579	
0.247686	0.424294	0.609407	0.77639	0.887011	0.921387	0.868663	0.713717	0.478797	0.206347	-0.0474875	-0.233532	-0.327605	-0.335043	-0.264881	-0.137617	0.0183228	0.180892	0.334923	0.455516	0.531737	0.566875	0.564973	0.534459	0.482535	
0.127194	0.307638	0.498948	0.671988	0.793563	0.845393	0.807684	0.662623	0.427999	0.151517	-0.109441	-0.304621	-0.417387	-0.442026	-0.390043	-0.274621	-0.124765	0.0351219	0.190889	0.311166	0.388964	0.432439	0.435637	0.408115	0.361673	
0.00114152	0.189158	0.382438	0.55338	0.682642	0.747808	0.721566	0.594851	0.372255	0.106241	-0.149287	-0.356946	-0.487561	-0.541357	-0.519419	-0.428258	-0.290448	-0.127935	0.0305622	0.150225	0.22968	0.273302	0.284706	0.270728	0.237693	
-0.113797	0.080236	0.271655	0.442758	0.573773	0.639305	0.618246	0.509341	0.310469	0.0680694	-0.178887	-0.394432	-0.54501	-0.625244	-0.627658	-0.560607	-0.4394	-0.280933	-0.1291	-0.0104314	0.0739349	0.123283	0.146096	0.139395	0.117664	
-0.203367	-0.0113452	0.175937	0.340565	0.465905	0.530547	0.514499	0.423246	0.254401	0.0369874	-0.199079	-0.418065	-0.585392	-0.677245	-0.692083	-0.643129	-0.542085	-0.40625	-0.269508	-0.150646	-0.058558	0.00490289	0.0390432	0.0365873	0.0207783	
-0.27335	-0.0967949	0.0828799	0.23876	0.35915	0.427737	0.425432	0.356794	0.216746	0.0242293	-0.197718	-0.414117	-0.586052	-0.681952	-0.70121	-0.663474	-0.582409	-0.475227	-0.361228	-0.248835	-0.152176	-0.0790535	-0.0351395	-0.0267451	-0.040082	
-0.33667	-0.179071	-0.0113605	0.141074	0.263257	0.338439	0.351246	0.304299	0.193746	0.0341225	-0.156666	-0.35337	-0.519824	-0.617051	-0.638918	-0.60867	-0.546896	-0.470683	-0.380749	-0.279363	-0.18857	-0.11519	-0.0674279	-0.0521761	-0.0635469	
-0.391184	-0.251439	-0.0958175	0.0518594	0.177758	0.261207	0.287991	0.261214	0.174669	0.0525605	-0.0918758	-0.245363	-0.382363	-0.473228	-0.49796	-0.476274	-0.437793	-0.386167	-0.315297	-0.229138	-0.144678	-0.0783445	-0.0334615	-0.0237622	-0.0389472	
-0.430319	-0.305417	-0.162684	-0.0209727	0.104568	0.191868	0.224759	0.211746	0.159289	0.0729476	-0.0232462	-0.118099	-0.204589	-0.272791	-0.293163	-0.280783	-0.253861	-0.21673	-0.160673	-0.0860868	-0.0122806	0.0435233	0.0747158	0.0707504	0.043161	
