0.165702	0.0217468	-0.080588	-0.141036	-0.149478	-0.106809	-0.0607057	-0.0435649	-0.0614229	-0.0970702	-0.148401	-0.218095	-0.311327	-0.408287	-0.483726	-0.531929	-0.539223	-0.500531	-0.43582	-0.351506	-0.263447	-0.200187	-0.179992	-0.206258	-0.270096	
0.0217468	-0.116723	-0.202793	-0.241342	-0.227081	-0.163577	-0.0983304	-0.0541254	-0.0394091	-0.0441845	-0.0713478	-0.138381	-0.236802	-0.344414	-0.441761	-0.512251	-0.543505	-0.531074	-0.48198	-0.397556	-0.292839	-0.20945	-0.169072	-0.169315	-0.199545	
-0.080588	-0.202793	-0.272643	-0.293706	-0.260002	-0.180671	-0.0924123	-0.0280447	0.013023	0.0344101	0.0224468	-0.0428876	-0.144202	-0.264489	-0.3882	-0.489445	-0.547608	-0.564771	-0.5386	-0.462577	-0.353754	-0.255033	-0.18926	-0.159592	-0.152412	
-0.141036	-0.241342	-0.293706	-0.294844	-0.236882	-0.133643	-0.0262188	0.0558774	0.111018	0.144	0.136578	0.0723897	-0.0381966	-0.176036	-0.329155	-0.464299	-0.561691	-0.612382	-0.604065	-0.536431	-0.433014	-0.324041	-0.237688	-0.17381	-0.129975	
-0.149478	-0.227081	-0.260002	-0.236882	-0.15414	-0.036649	0.0823776	0.178399	0.239272	0.27242	0.264013	0.19618	0.0787383	-0.0796297	-0.263084	-0.44041	-0.576613	-0.6548	-0.671934	-0.622405	-0.528186	-0.417126	-0.313894	-0.222026	-0.142031	
-0.106809	-0.163577	-0.180671	-0.133643	-0.036649	0.0859613	0.212074	0.316299	0.37673	0.402065	0.385847	0.315911	0.184646	0.00298925	-0.213055	-0.427044	-0.59397	-0.698726	-0.736695	-0.710713	-0.637427	-0.531316	-0.414296	-0.293114	-0.182129	
-0.0607057	-0.0983304	-0.0924123	-0.0262188	0.0823776	0.212074	0.339966	0.435237	0.488895	0.506493	0.482498	0.406221	0.262209	0.0566122	-0.184295	-0.420914	-0.608163	-0.735258	-0.797619	-0.80236	-0.754177	-0.657412	-0.529527	-0.388608	-0.246831	
-0.0435649	-0.0541254	-0.0280447	0.0558774	0.178399	0.316299	0.435237	0.520171	0.563715	0.571236	0.541802	0.460318	0.309106	0.0955654	-0.150084	-0.394432	-0.604598	-0.757037	-0.849975	-0.88462	-0.852343	-0.764226	-0.634985	-0.488025	-0.32441	
-0.0614229	-0.0394091	0.013023	0.111018	0.239272	0.37673	0.488895	0.563715	0.602353	0.599102	0.557121	0.464412	0.311461	0.111818	-0.118944	-0.357918	-0.576543	-0.753256	-0.865585	-0.92003	-0.900297	-0.824971	-0.707084	-0.564937	-0.396179	
-0.0970702	-0.0441845	0.0344101	0.144	0.27242	0.402065	0.506493	0.571236	0.599102	0.588106	0.537424	0.437993	0.286371	0.0992509	-0.109974	-0.326536	-0.528904	-0.702663	-0.820288	-0.884279	-0.880758	-0.822206	-0.721963	-0.591997	-0.429061	
-0.148401	-0.0713478	0.0224468	0.136578	0.264013	0.385847	0.482498	0.541802	0.557121	0.537424	0.482837	0.3881	0.249179	0.083781	-0.0929968	-0.273031	-0.451141	-0.612342	-0.726436	-0.790984	-0.800884	-0.766035	-0.689016	-0.575911	-0.420751	
-0.218095	-0.138381	-0.0428876	0.0723897	0.19618	0.315911	0.406221	0.460318	0.464412	0.437993	0.3881	0.310212	0.202256	0.076633	-0.0581744	-0.199222	-0.347229	-0.491569	-0.601276	-0.667267	-0.691714	-0.674001	-0.615142	-0.517296	-0.374719	
-0.311327	-0.236802	-0.144202	-0.0381966	0.0787383	0.184646	0.262209	0.309106	0.311461	0.286371	0.249179	0.202256	0.138622	0.060563	-0.0200188	-0.113976	-0.224817	-0.346093	-0.448973	-0.520159	-0.5627	-0.565544	-0.522885	-0.433863	-0.302314	
-0.408287	-0.344414	-0.264489	-0.176036	-0.0796297	0.00298925	0.0566122	0.0955654	0.111818	0.0992509	0.083781	0.076633	0.060563	0.039961	0.0149431	-0.0294012	-0.0976411	-0.187733	-0.284629	-0.366375	-0.422617	-0.44641	-0.425892	-0.356144	-0.241315	
-0.483726	-0.441761	-0.3882	-0.329155	-0.263084	-0.213055	-0.184295	-0.150084	-0.118944	-0.109974	-0.0929968	-0.0581744	-0.0200188	0.0149431	0.0360237	0.0351648	0.00303751	-0.0590704	-0.143928	-0.224521	-0.289758	-0.336225	-0.336755	-0.289375	-0.194293	
-0.531929	-0.512251	-0.489445	-0.464299	-0.44041	-0.427044	-0.420914	-0.394432	-0.357918	-0.326536	-0.273031	-0.199222	-0.113976	-0.0294012	0.0351648	0.0662027	0.0588722	0.0182202	-0.0426424	-0.116047	-0.190934	-0.244602	-0.258052	-0.23288	-0.155837	
-0.539223	-0.543505	-0.547608	-0.561691	-0.576613	-0.59397	-0.608163	-0.604598	-0.576543	-0.528904	-0.451141	-0.347229	-0.224817	-0.0976411	0.00303751	0.0588722	0.0780141	0.0592364	0.0147856	-0.0466922	-0.115804	-0.15925	-0.185239	-0.181083	-0.121469	
-0.500531	-0.531074	-0.564771	-0.612382	-0.6548	-0.698726	-0.735258	-0.757037	-0.753256	-0.702663	-0.612342	-0.491569	-0.346093	-0.187733	-0.0590704	0.0182202	0.0592364	0.0668361	0.043479	-0.000550976	-0.0516953	-0.0887964	-0.119011	-0.124744	-0.0841277	
-0.43582	-0.48198	-0.5386	-0.604065	-0.671934	-0.736695	-0.797619	-0.849975	-0.865585	-0.820288	-0.726436	-0.601276	-0.448973	-0.284629	-0.143928	-0.0426424	0.0147856	0.043479	0.043671	0.0273887	0.00014323	-0.035533	-0.066118	-0.077316	-0.0508148	
-0.351506	-0.397556	-0.462577	-0.536431	-0.622405	-0.710713	-0.80236	-0.88462	-0.92003	-0.884279	-0.790984	-0.667267	-0.520159	-0.366375	-0.224521	-0.116047	-0.0466922	-0.000550976	0.0273887	0.0326569	0.0258136	0.00364767	-0.0285725	-0.0510962	-0.0356132	
-0.263447	-0.292839	-0.353754	-0.433014	-0.528186	-0.637427	-0.754177	-0.852343	-0.900297	-0.880758	-0.800884	-0.691714	-0.5627	-0.422617	-0.289758	-0.190934	-0.115804	-0.0516953	0.00014323	0.0258136	0.0335138	0.0220537	-0.00951626	-0.0358759	-0.0263556	
-0.200187	-0.20945	-0.255033	-0.324041	-0.417126	-0.531316	-0.657412	-0.764226	-0.824971	-0.822206	-0.766035	-0.674001	-0.565544	-0.44641	-0.336225	-0.244602	-0.15925	-0.0887964	-0.035533	0.00364767	0.0220537	0.0124628	-0.0144239	-0.0301648	-0.0225944	
-0.179992	-0.169072	-0.18926	-0.237688	-0.313894	-0.414296	-0.529527	-0.634985	-0.707084	-0.721963	-0.689016	-0.615142	-0.522885	-0.425892	-0.336755	-0.258052	-0.185239	-0.119011	-0.066118	-0.0285725	-0.00951626	-0.0144239	-0.0305841	-0.0434068	-0.0477042	
-0.206258	-0.169315	-0.159592	-0.17381	-0.222026	-0.293114	-0.388608	-0.488025	-0.564937	-0.591997	-0.575911	-0.517296	-0.433863	-0.356144	-0.289375	-0.23288	-0.181083	-0.124744	-0.077316	-0.0510962	-0.0358759	-0.0301648	-0.0434068	-0.0711769	-0.102989	
-0.270096	-0.199545	-0.152412	-0.129975	-0.142031	-0.182129	-0.246831	-0.32441	-0.396179	-0.429061	-0.420751	-0.374719	-0.302314	-0.241315	-0.194293	-0.155837	-0.121469	-0.0841277	-0.0508148	-0.0356132	-0.0263556	-0.0225944	-0.0477042	-0.102989	-0.180044	
-0.350517	-0.24441	-0.161409	-0.104667	-0.082728	-0.086575	-0.109892	-0.150283	-0.202639	-0.234037	-0.228519	-0.192024	-0.137517	-0.0886236	-0.0535288	-0.0268519	-0.00485153	0.0112674	0.0233759	0.0232955	0.0200156	0.007115	-0.0415219	-0.140234	-0.280459	
-0.430887	-0.290275	-0.175357	-0.0915626	-0.0374466	-0.000112537	0.0171873	0.0130966	-0.00962809	-0.0304839	-0.0266344	0.00268848	0.0389387	0.0779916	0.10914	0.127719	0.139086	0.144279	0.137956	0.123117	0.0935708	0.0477059	-0.0332424	-0.179509	-0.38852	
-0.501625	-0.324952	-0.182855	-0.0812747	0.00369304	0.0715907	0.121894	0.156186	0.163549	0.156562	0.165444	0.188123	0.207523	0.232947	0.257775	0.270288	0.281055	0.283741	0.270444	0.239902	0.18642	0.103126	-0.0256769	-0.222402	-0.486734	
-0.558664	-0.350948	-0.187307	-0.0676595	0.0359904	0.125238	0.195224	0.251303	0.285733	0.301252	0.320188	0.341119	0.351799	0.356486	0.364708	0.381834	0.400002	0.401772	0.383747	0.348714	0.274239	0.152087	-0.0250194	-0.265324	-0.56801	
-0.596224	-0.370966	-0.193118	-0.0612064	0.0521444	0.151375	0.233217	0.300055	0.352763	0.388888	0.417279	0.435493	0.439513	0.430097	0.425241	0.443565	0.464518	0.469555	0.462747	0.421948	0.325819	0.178381	-0.0237053	-0.291037	-0.620073	
-0.603712	-0.375247	-0.194444	-0.0602756	0.0546302	0.155721	0.239834	0.308388	0.365734	0.405997	0.435746	0.452363	0.454327	0.442673	0.436064	0.453193	0.472754	0.48048	0.478002	0.436703	0.335357	0.182679	-0.0225535	-0.293502	-0.626866	
-0.576085	-0.359932	-0.190215	-0.0642919	0.0444073	0.139216	0.214444	0.275378	0.318344	0.342805	0.365463	0.38675	0.395487	0.392465	0.394122	0.412433	0.433966	0.436514	0.420902	0.382929	0.299745	0.16546	-0.0259628	-0.278877	-0.59313	
-0.526107	-0.335635	-0.184156	-0.0760672	0.0181195	0.0954628	0.155681	0.200924	0.220106	0.221492	0.234173	0.254973	0.269846	0.286962	0.307065	0.320839	0.332697	0.334448	0.31907	0.286042	0.224408	0.125119	-0.0240302	-0.240679	-0.521842	
-0.46079	-0.305872	-0.180179	-0.0878886	-0.0208932	0.0308483	0.062224	0.0740016	0.0630845	0.0470015	0.0523043	0.0790293	0.108014	0.142928	0.170938	0.186782	0.197748	0.200978	0.191429	0.168928	0.128682	0.0680967	-0.030404	-0.196139	-0.429508	
-0.383185	-0.263083	-0.166279	-0.0980492	-0.063382	-0.0511349	-0.0573803	-0.0829623	-0.123384	-0.151538	-0.147065	-0.114053	-0.0673393	-0.0220399	0.0113095	0.03417	0.05085	0.0612691	0.0649279	0.0598009	0.0468608	0.0218128	-0.0376468	-0.155119	-0.32346	
-0.300883	-0.216267	-0.154422	-0.117763	-0.115888	-0.142021	-0.191063	-0.25513	-0.320988	-0.354902	-0.347508	-0.305329	-0.239656	-0.183612	-0.142636	-0.109547	-0.0793034	-0.0518568	-0.0269158	-0.0181976	-0.0119163	-0.0122692	-0.0461447	-0.117762	-0.218586	
-0.228377	-0.179257	-0.15465	-0.153874	-0.188613	-0.24678	-0.33088	-0.424327	-0.501105	-0.530491	-0.518421	-0.465975	-0.386232	-0.315643	-0.256886	-0.208739	-0.165849	-0.11567	-0.072029	-0.0494051	-0.0369601	-0.0302656	-0.0458162	-0.0828213	-0.130284	
-0.185405	-0.164457	-0.173944	-0.210329	-0.27544	-0.365966	-0.474277	-0.577648	-0.652928	-0.673853	-0.648734	-0.580737	-0.491861	-0.403654	-0.323704	-0.253451	-0.18851	-0.12517	-0.0732966	-0.0414061	-0.0232852	-0.0231658	-0.036885	-0.0542421	-0.0670667	
-0.18629	-0.187663	-0.223974	-0.285705	-0.374447	-0.48491	-0.608756	-0.716586	-0.782171	-0.786119	-0.740084	-0.655277	-0.554233	-0.443733	-0.342774	-0.254545	-0.171693	-0.101966	-0.0498019	-0.00825113	0.0112716	0.00228191	-0.0208864	-0.0328405	-0.0285498	
-0.233871	-0.254954	-0.311077	-0.388493	-0.484156	-0.59764	-0.720509	-0.822683	-0.875748	-0.863105	-0.792274	-0.689686	-0.569253	-0.436839	-0.312338	-0.216796	-0.136508	-0.0682246	-0.013531	0.0190425	0.0318735	0.0221639	-0.00849	-0.0316884	-0.0231403	
-0.315076	-0.356188	-0.420592	-0.49737	-0.588487	-0.686305	-0.789333	-0.879676	-0.920727	-0.891343	-0.801166	-0.681903	-0.540828	-0.39181	-0.251871	-0.146678	-0.0754396	-0.0212049	0.0177631	0.0311295	0.0304917	0.0131755	-0.0189857	-0.0444609	-0.0316587	
-0.403963	-0.452278	-0.51424	-0.583301	-0.659473	-0.733275	-0.806878	-0.870694	-0.894972	-0.852802	-0.758637	-0.632888	-0.480921	-0.320119	-0.178437	-0.0707846	-0.00739307	0.0280964	0.0381531	0.0313925	0.0131756	-0.0174579	-0.0491186	-0.064515	-0.0430571	
-0.477629	-0.515569	-0.559836	-0.616603	-0.668904	-0.721622	-0.767263	-0.801685	-0.806062	-0.756519	-0.663791	-0.540623	-0.3908	-0.227589	-0.0910335	-0.00408805	0.0433173	0.0604019	0.0464366	0.0141924	-0.0282952	-0.0662823	-0.0953472	-0.103454	-0.0688624	
-0.527973	-0.54306	-0.559175	-0.587752	-0.615705	-0.643773	-0.666522	-0.673166	-0.654679	-0.60408	-0.520033	-0.40738	-0.273431	-0.13051	-0.0183365	0.0456724	0.0749678	0.0669016	0.0299252	-0.0264637	-0.08939	-0.129052	-0.158254	-0.158334	-0.107008	
-0.540797	-0.530378	-0.518376	-0.508226	-0.501498	-0.500931	-0.502652	-0.484228	-0.44827	-0.409158	-0.344287	-0.256815	-0.156219	-0.0542527	0.0264768	0.0681616	0.0705801	0.0380431	-0.0155666	-0.0845422	-0.158647	-0.208548	-0.227156	-0.212332	-0.142054	
-0.506651	-0.47401	-0.433408	-0.387684	-0.337136	-0.301456	-0.282666	-0.24983	-0.215433	-0.19777	-0.165903	-0.114604	-0.0555584	0.000759383	0.0390696	0.0515175	0.0301258	-0.0227353	-0.0973988	-0.175989	-0.246155	-0.29875	-0.305395	-0.266007	-0.178372	
-0.441418	-0.385329	-0.31405	-0.236037	-0.150665	-0.0806309	-0.0375437	-0.000792906	0.0224739	0.0181921	0.0153546	0.0241979	0.0290582	0.0308579	0.0255229	0.000378797	-0.0524845	-0.130421	-0.224707	-0.306588	-0.366549	-0.399558	-0.388001	-0.327824	-0.221195	
-0.352069	-0.279609	-0.190675	-0.0909168	0.0195724	0.11677	0.186178	0.229361	0.236405	0.214338	0.183585	0.152829	0.108697	0.0523054	-0.00548384	-0.0795408	-0.172215	-0.282301	-0.382254	-0.458923	-0.507442	-0.518474	-0.484073	-0.402207	-0.275599	
-0.252657	-0.175801	-0.0808928	0.0330895	0.154364	0.270088	0.357378	0.409018	0.410639	0.383336	0.338316	0.27079	0.178585	0.071882	-0.0427532	-0.165635	-0.300295	-0.436951	-0.543365	-0.61031	-0.641505	-0.631832	-0.579539	-0.484566	-0.346505	
-0.173437	-0.0930126	0.0028741	0.117165	0.243747	0.365157	0.458484	0.516581	0.526354	0.503503	0.449566	0.360441	0.231953	0.080944	-0.0806851	-0.245405	-0.412203	-0.566612	-0.679394	-0.744679	-0.760697	-0.732842	-0.663764	-0.557505	-0.407714	
