-0.368857	-0.393915	-0.358357	-0.285024	-0.204834	-0.13188	-0.0864732	-0.0696291	-0.0884157	-0.133931	-0.213035	-0.305552	-0.380349	-0.412789	-0.40226	-0.355346	-0.280786	-0.1886	-0.07547	0.0578302	0.19524	0.330926	0.47102	0.620772	0.775309	
-0.393915	-0.382682	-0.306476	-0.197744	-0.0876488	0.0124745	0.0825988	0.114168	0.105467	0.0624499	-0.0132075	-0.112301	-0.207512	-0.272866	-0.30793	-0.306152	-0.266332	-0.192066	-0.0815026	0.0535876	0.18283	0.30804	0.439169	0.583126	0.735701	
-0.358357	-0.306476	-0.204359	-0.081723	0.0500489	0.173686	0.265459	0.314939	0.318523	0.282955	0.213782	0.106322	-0.0145371	-0.120821	-0.202053	-0.243897	-0.237081	-0.189393	-0.101296	0.0146701	0.126221	0.237065	0.359552	0.499781	0.649636	
-0.285024	-0.197744	-0.081723	0.0549194	0.204902	0.340896	0.446479	0.511496	0.532106	0.506229	0.439207	0.321068	0.173391	0.027266	-0.0949963	-0.172791	-0.199815	-0.183781	-0.130786	-0.0528327	0.0312511	0.125658	0.239863	0.374455	0.525002	
-0.204834	-0.0876488	0.0500489	0.204902	0.364314	0.50256	0.615931	0.693768	0.726413	0.705015	0.635563	0.510861	0.349206	0.177788	0.0200979	-0.0965209	-0.15835	-0.175545	-0.1609	-0.122435	-0.0694296	0.00119548	0.102365	0.233878	0.384457	
-0.13188	0.0124745	0.173686	0.340896	0.50256	0.642664	0.767529	0.855381	0.889903	0.868233	0.792314	0.665279	0.498122	0.311099	0.131344	-0.0151628	-0.110547	-0.1637	-0.187541	-0.190973	-0.170125	-0.113203	-0.0143328	0.111754	0.259164	
-0.0864732	0.0825988	0.265459	0.446479	0.615931	0.767529	0.903125	0.992189	1.02621	1.00331	0.920042	0.787315	0.615679	0.419673	0.224354	0.0567886	-0.0696996	-0.159229	-0.222592	-0.258717	-0.25449	-0.204524	-0.107761	0.0188301	0.172673	
-0.0696291	0.114168	0.314939	0.511496	0.693768	0.855381	0.992189	1.08136	1.11728	1.09599	1.01169	0.881317	0.71207	0.517158	0.315594	0.127702	-0.0317669	-0.153558	-0.245976	-0.303116	-0.31295	-0.269198	-0.173532	-0.0423408	0.12339	
-0.0884157	0.105467	0.318523	0.532106	0.726413	0.889903	1.02621	1.11728	1.15632	1.13868	1.06493	0.943388	0.785424	0.599792	0.39999	0.20197	0.0230396	-0.127615	-0.246589	-0.320337	-0.340772	-0.299854	-0.207456	-0.0713924	0.10128	
-0.133931	0.0624499	0.282955	0.506229	0.705015	0.868233	1.00331	1.09599	1.13868	1.12902	1.07028	0.962126	0.82056	0.65035	0.457058	0.263894	0.0790677	-0.0891649	-0.229051	-0.313996	-0.340708	-0.307825	-0.221348	-0.0874954	0.0926131	
-0.213035	-0.0132075	0.213782	0.439207	0.635563	0.792314	0.920042	1.01169	1.06493	1.07028	1.03085	0.939946	0.815625	0.662586	0.487761	0.309828	0.131519	-0.0410957	-0.188602	-0.282612	-0.319019	-0.293164	-0.21727	-0.0930581	0.0838329	
-0.305552	-0.112301	0.106322	0.321068	0.510861	0.665279	0.787315	0.881317	0.943388	0.962126	0.939946	0.874515	0.780229	0.65516	0.505791	0.344363	0.174218	0.00393905	-0.141628	-0.238485	-0.278018	-0.259293	-0.195669	-0.0815691	0.0817138	
-0.380349	-0.207512	-0.0145371	0.173391	0.349206	0.498122	0.615679	0.71207	0.785424	0.82056	0.815625	0.780229	0.716349	0.619671	0.491636	0.342864	0.184539	0.0312894	-0.109675	-0.211699	-0.244056	-0.222275	-0.16284	-0.0611035	0.0856603	
-0.412789	-0.272866	-0.120821	0.027266	0.177788	0.311099	0.419673	0.517158	0.599792	0.65035	0.662586	0.65516	0.619671	0.546844	0.435161	0.299959	0.160901	0.0241222	-0.100819	-0.188921	-0.216444	-0.195947	-0.135293	-0.0410832	0.0780126	
-0.40226	-0.30793	-0.202053	-0.0949963	0.0200979	0.131344	0.224354	0.315594	0.39999	0.457058	0.487761	0.505791	0.491636	0.435161	0.33979	0.222325	0.100768	-0.0135814	-0.113915	-0.182293	-0.206762	-0.18506	-0.124584	-0.0491119	0.0455329	
-0.355346	-0.306152	-0.243897	-0.172791	-0.0965209	-0.0151628	0.0567886	0.127702	0.20197	0.263894	0.309828	0.344363	0.342864	0.299959	0.222325	0.118537	0.0202129	-0.0654498	-0.139193	-0.196717	-0.220256	-0.199596	-0.149072	-0.0883225	-0.0125797	
-0.280786	-0.266332	-0.237081	-0.199815	-0.15835	-0.110547	-0.0696996	-0.0317669	0.0230396	0.0790677	0.131519	0.174218	0.184539	0.160901	0.100768	0.0202129	-0.0535824	-0.114893	-0.175171	-0.225567	-0.246815	-0.235496	-0.196587	-0.142995	-0.0770824	
-0.1886	-0.192066	-0.189393	-0.183781	-0.175545	-0.1637	-0.159229	-0.153558	-0.127615	-0.0891649	-0.0410957	0.00393905	0.0312894	0.0241222	-0.0135814	-0.0654498	-0.114893	-0.174334	-0.232321	-0.274847	-0.292425	-0.280731	-0.245925	-0.189141	-0.12259	
-0.07547	-0.0815026	-0.101296	-0.130786	-0.1609	-0.187541	-0.222592	-0.245976	-0.246589	-0.229051	-0.188602	-0.141628	-0.109675	-0.100819	-0.113915	-0.139193	-0.175171	-0.232321	-0.285362	-0.325294	-0.338984	-0.317564	-0.267186	-0.197356	-0.113898	
0.0578302	0.0535876	0.0146701	-0.0528327	-0.122435	-0.190973	-0.258717	-0.303116	-0.320337	-0.313996	-0.282612	-0.238485	-0.211699	-0.188921	-0.182293	-0.196717	-0.225567	-0.274847	-0.325294	-0.357917	-0.351603	-0.311725	-0.240835	-0.15149	-0.0447065	
0.19524	0.18283	0.126221	0.0312511	-0.0694296	-0.170125	-0.25449	-0.31295	-0.340772	-0.340708	-0.319019	-0.278018	-0.244056	-0.216444	-0.206762	-0.220256	-0.246815	-0.292425	-0.338984	-0.351603	-0.315042	-0.250019	-0.156662	-0.042433	0.0866928	
0.330926	0.30804	0.237065	0.125658	0.00119548	-0.113203	-0.204524	-0.269198	-0.299854	-0.307825	-0.293164	-0.259293	-0.222275	-0.195947	-0.18506	-0.199596	-0.235496	-0.280731	-0.317564	-0.311725	-0.250019	-0.151391	-0.020121	0.135704	0.29695	
0.47102	0.439169	0.359552	0.239863	0.102365	-0.0143328	-0.107761	-0.173532	-0.207456	-0.221348	-0.21727	-0.195669	-0.16284	-0.135293	-0.124584	-0.149072	-0.196587	-0.245925	-0.267186	-0.240835	-0.156662	-0.020121	0.157967	0.363798	0.570602	
0.620772	0.583126	0.499781	0.374455	0.233878	0.111754	0.0188301	-0.0423408	-0.0713924	-0.0874954	-0.0930581	-0.0815691	-0.0611035	-0.0410832	-0.0491119	-0.0883225	-0.142995	-0.189141	-0.197356	-0.15149	-0.042433	0.135704	0.363798	0.61774	0.874917	
0.775309	0.735701	0.649636	0.525002	0.384457	0.259164	0.172673	0.12339	0.10128	0.0926131	0.0838329	0.0817138	0.0856603	0.0780126	0.0455329	-0.0125797	-0.0770824	-0.12259	-0.113898	-0.0447065	0.0866928	0.29695	0.570602	0.874917	1.18371	
0.919903	0.884838	0.796498	0.678347	0.5477	0.427374	0.3462	0.307419	0.291669	0.285219	0.282642	0.269754	0.249129	0.216839	0.162295	0.0845485	-0.00132041	-0.0494742	-0.0318904	0.0525223	0.208035	0.443955	0.761451	1.11838	1.48061	
1.05343	1.02116	0.935553	0.829717	0.715589	0.606291	0.529866	0.494024	0.471541	0.461757	0.457453	0.436624	0.403001	0.354311	0.278719	0.178088	0.0769969	0.0206691	0.0283367	0.113723	0.291443	0.561455	0.919418	1.33046	1.7493	
1.16996	1.1336	1.05594	0.965372	0.869722	0.776034	0.709924	0.665438	0.628984	0.611684	0.595411	0.567794	0.525766	0.459105	0.368936	0.259319	0.145761	0.0740999	0.0687205	0.151893	0.340569	0.642432	1.03659	1.49904	1.97205	
1.25162	1.20845	1.13666	1.05785	0.978834	0.907668	0.853695	0.802779	0.756971	0.731272	0.705773	0.668953	0.613776	0.531006	0.434486	0.32242	0.199612	0.113803	0.102576	0.188186	0.381908	0.697995	1.1136	1.60923	2.12213	
1.28913	1.24209	1.1733	1.1014	1.03452	0.984085	0.93697	0.888804	0.842443	0.810258	0.781802	0.734943	0.670049	0.579473	0.470837	0.352636	0.233782	0.147404	0.13165	0.215602	0.415006	0.7335	1.15885	1.65827	2.19105	
1.29471	1.24756	1.17875	1.107	1.04386	0.996584	0.949948	0.903402	0.85859	0.823264	0.795538	0.748493	0.679837	0.588936	0.475479	0.356951	0.239356	0.155534	0.138635	0.219966	0.418879	0.738698	1.16817	1.66673	2.2006	
1.2714	1.22576	1.15612	1.08067	1.00711	0.945665	0.895611	0.845544	0.797852	0.769835	0.742135	0.699702	0.641222	0.554065	0.452707	0.339256	0.216717	0.128206	0.114958	0.201754	0.397564	0.715202	1.13538	1.63411	2.15883	
1.20753	1.16918	1.09405	1.0082	0.920025	0.83438	0.772775	0.724246	0.683942	0.662728	0.642535	0.611774	0.563735	0.490886	0.398481	0.287972	0.169	0.0911759	0.0830822	0.166317	0.357335	0.667112	1.07135	1.55115	2.04278	
1.10279	1.0697	0.986952	0.887857	0.780594	0.677131	0.604422	0.565803	0.538131	0.525615	0.516667	0.493106	0.456482	0.400712	0.318364	0.211105	0.105546	0.0438569	0.0457775	0.129711	0.313678	0.598202	0.97106	1.4037	1.84487	
0.974741	0.941039	0.853051	0.740139	0.614734	0.498339	0.418437	0.382745	0.365522	0.358912	0.356765	0.340746	0.313852	0.273597	0.210476	0.12354	0.0309965	-0.0200705	-0.00459006	0.0819021	0.246652	0.49509	0.830043	1.20763	1.59176	
0.834659	0.796602	0.708883	0.586612	0.448901	0.324008	0.239769	0.195617	0.176823	0.17013	0.163332	0.156523	0.150279	0.13234	0.0908565	0.0251526	-0.0475719	-0.0935824	-0.0791916	-0.00213098	0.138168	0.358439	0.649614	0.974942	1.30534	
0.68262	0.643498	0.559145	0.433947	0.292686	0.168184	0.0780505	0.0207796	-0.00567971	-0.0194907	-0.0272933	-0.0220223	-0.00660316	0.00401712	-0.0142966	-0.0616354	-0.118271	-0.163415	-0.16591	-0.110973	0.0078994	0.200854	0.447561	0.720495	0.998802	
0.530033	0.495347	0.413739	0.291201	0.151752	0.032927	-0.0608914	-0.125734	-0.157952	-0.175173	-0.174823	-0.155611	-0.128068	-0.101173	-0.0961829	-0.125456	-0.176633	-0.224927	-0.24053	-0.207128	-0.113816	0.0399813	0.239304	0.464636	0.690071	
0.385769	0.358905	0.284021	0.169328	0.037686	-0.0780113	-0.17031	-0.235578	-0.268436	-0.278087	-0.267805	-0.239519	-0.202224	-0.176203	-0.163813	-0.181696	-0.222399	-0.269977	-0.300765	-0.286171	-0.215188	-0.10172	0.0463999	0.221392	0.400774	
0.249244	0.232956	0.169537	0.0664606	-0.0443253	-0.151912	-0.240754	-0.302252	-0.332037	-0.335004	-0.316376	-0.276632	-0.240304	-0.213045	-0.203773	-0.217239	-0.246611	-0.291012	-0.333683	-0.339825	-0.292954	-0.214869	-0.107333	0.0217157	0.161241	
0.112885	0.106622	0.0603668	-0.0192495	-0.103064	-0.186841	-0.261592	-0.312866	-0.335327	-0.331338	-0.303832	-0.261922	-0.233377	-0.207213	-0.197624	-0.211009	-0.237366	-0.284587	-0.335256	-0.360435	-0.341515	-0.292242	-0.213864	-0.116577	-0.000533105	
-0.0231181	-0.028515	-0.0565755	-0.101193	-0.147851	-0.1911	-0.241246	-0.274081	-0.28219	-0.270967	-0.234098	-0.18673	-0.157264	-0.142604	-0.145887	-0.165146	-0.198202	-0.252131	-0.303116	-0.341813	-0.350239	-0.322951	-0.26345	-0.185609	-0.0926449	
-0.146122	-0.152192	-0.159375	-0.166657	-0.172984	-0.176012	-0.187649	-0.19387	-0.178886	-0.149335	-0.104691	-0.0588604	-0.0275782	-0.0281066	-0.0557955	-0.0965708	-0.139008	-0.198892	-0.255036	-0.296365	-0.312755	-0.29719	-0.258853	-0.198724	-0.127446	
-0.246214	-0.240822	-0.222481	-0.198505	-0.169533	-0.136403	-0.109857	-0.0852673	-0.0413911	0.00911287	0.0613878	0.104942	0.122803	0.105702	0.0535924	-0.0158514	-0.078282	-0.136939	-0.196352	-0.242793	-0.262874	-0.253387	-0.217675	-0.163994	-0.0999238	
-0.328484	-0.294801	-0.246535	-0.188995	-0.127352	-0.0594589	0.00129207	0.0601029	0.127652	0.188835	0.238232	0.277481	0.279527	0.244217	0.173166	0.0777962	-0.011518	-0.0852378	-0.151748	-0.20633	-0.228756	-0.212378	-0.166676	-0.109281	-0.0383781	
-0.387359	-0.31197	-0.224798	-0.131556	-0.0322558	0.066867	0.153309	0.2378	0.319391	0.37916	0.416165	0.441871	0.434215	0.382618	0.294661	0.182327	0.069004	-0.0337935	-0.123176	-0.186817	-0.210181	-0.186959	-0.130132	-0.0625023	0.0245774	
-0.413362	-0.290535	-0.156778	-0.0258274	0.111179	0.237257	0.339113	0.435685	0.520429	0.574321	0.594024	0.59765	0.572161	0.506392	0.401276	0.273559	0.141392	0.0117698	-0.103129	-0.182972	-0.209559	-0.189623	-0.127833	-0.0393556	0.0681402	
-0.399329	-0.238089	-0.0593434	0.113127	0.280918	0.42448	0.539628	0.63661	0.714138	0.755969	0.758575	0.734111	0.681528	0.595389	0.474318	0.330435	0.179233	0.0329876	-0.104015	-0.202268	-0.231991	-0.20986	-0.150668	-0.0519148	0.0850786	
-0.339321	-0.152559	0.0580489	0.263399	0.448286	0.602209	0.722179	0.817539	0.883761	0.909049	0.892714	0.839493	0.758558	0.645026	0.504891	0.348763	0.182616	0.0174228	-0.125808	-0.225535	-0.263302	-0.244332	-0.183262	-0.0735753	0.0835374	
-0.250286	-0.051226	0.174613	0.398379	0.592608	0.747016	0.87211	0.964138	1.02144	1.03261	1.00099	0.918434	0.80436	0.66173	0.496974	0.326023	0.151194	-0.0212707	-0.168643	-0.264728	-0.303747	-0.28083	-0.210121	-0.0903518	0.0814656	
