0.110427	0.110136	0.0994923	0.0860079	0.0709696	0.0669057	0.0800658	0.0937556	0.106847	0.111569	0.110445	0.118751	0.126648	0.130293	0.130453	0.119887	0.108952	0.0998361	0.101752	0.133819	0.190318	0.25611	0.32316	0.38864	0.456795	
-0.0375756	-0.0540758	-0.0759361	-0.0959169	-0.107924	-0.110145	-0.101787	-0.0842106	-0.0631733	-0.0435119	-0.0297025	-0.0223628	-0.0236779	-0.0316249	-0.0422551	-0.0469027	-0.0474216	-0.0384061	-0.0119524	0.0340446	0.106605	0.201642	0.292956	0.382095	0.474905	
-0.169685	-0.202376	-0.238218	-0.26663	-0.275299	-0.275379	-0.272442	-0.251208	-0.21742	-0.181786	-0.155388	-0.151604	-0.163676	-0.1837	-0.204318	-0.209373	-0.198893	-0.173165	-0.128873	-0.0668589	0.0227855	0.139939	0.25825	0.371915	0.487425	
-0.280439	-0.318966	-0.362551	-0.387165	-0.392218	-0.391771	-0.390546	-0.374782	-0.337795	-0.293179	-0.269077	-0.268196	-0.28341	-0.30672	-0.33185	-0.341724	-0.327063	-0.28312	-0.221247	-0.140744	-0.0386047	0.0962001	0.247075	0.389298	0.526218	
-0.364454	-0.388073	-0.4248	-0.441176	-0.437322	-0.434865	-0.440461	-0.435316	-0.403118	-0.370132	-0.361899	-0.369974	-0.386539	-0.403618	-0.417879	-0.424636	-0.400798	-0.342169	-0.262895	-0.164559	-0.0429407	0.11401	0.290637	0.461605	0.611645	
-0.404747	-0.405997	-0.424847	-0.428524	-0.417457	-0.41318	-0.425236	-0.428587	-0.4135	-0.401694	-0.414507	-0.437773	-0.454565	-0.456381	-0.461393	-0.458354	-0.419407	-0.339759	-0.234604	-0.110066	0.0385836	0.217556	0.40678	0.590338	0.744039	
-0.39482	-0.37284	-0.37166	-0.364639	-0.346993	-0.342425	-0.357719	-0.370467	-0.371365	-0.382564	-0.417093	-0.452411	-0.46425	-0.458718	-0.448983	-0.424362	-0.370312	-0.271678	-0.138224	0.00916131	0.182474	0.380911	0.579623	0.767381	0.912285	
-0.347165	-0.309562	-0.289153	-0.266353	-0.246838	-0.243441	-0.257242	-0.281568	-0.300166	-0.329582	-0.377269	-0.41278	-0.417487	-0.401878	-0.374209	-0.331164	-0.255531	-0.13773	0.00838575	0.173358	0.364716	0.575395	0.782345	0.962205	1.093	
-0.27852	-0.230516	-0.194735	-0.159424	-0.137734	-0.134565	-0.148106	-0.180792	-0.215444	-0.257971	-0.307567	-0.333666	-0.32787	-0.300033	-0.256573	-0.194616	-0.0950733	0.0348126	0.192772	0.374865	0.574017	0.784419	0.991248	1.15622	1.26686	
-0.195665	-0.144694	-0.097329	-0.0582471	-0.0322541	-0.0272708	-0.0459739	-0.0801462	-0.124949	-0.176474	-0.214759	-0.224495	-0.214	-0.175844	-0.121673	-0.0427708	0.0826787	0.236758	0.410313	0.60641	0.806851	1.00826	1.19089	1.32845	1.40497	
-0.108935	-0.0621583	-0.012811	0.0290649	0.0500497	0.0540451	0.0399095	0.00587973	-0.0422678	-0.0917053	-0.124147	-0.123307	-0.103268	-0.0582277	0.0146357	0.118749	0.264582	0.443236	0.638625	0.841328	1.04061	1.22014	1.35973	1.45205	1.4831	
-0.0405839	-0.00758431	0.0378998	0.0798479	0.0968237	0.0975561	0.0907287	0.0561188	0.00984923	-0.0294259	-0.0523611	-0.0428064	-0.00805459	0.0483531	0.139773	0.27188	0.439567	0.639371	0.849744	1.05556	1.24339	1.39097	1.48293	1.52135	1.49905	
0.00612659	0.0230347	0.053662	0.0775725	0.0875238	0.0890289	0.0829872	0.0647777	0.0346399	0.0100189	0.00570995	0.0251205	0.0697545	0.1471	0.260661	0.414287	0.596785	0.804874	1.01996	1.2209	1.39056	1.50826	1.55363	1.53127	1.44968	
0.0408343	0.028676	0.0308173	0.0290317	0.0278672	0.0289569	0.0273544	0.0314572	0.0283619	0.0337082	0.057039	0.0908956	0.150691	0.248561	0.378683	0.544137	0.731734	0.93636	1.13877	1.32234	1.47046	1.55588	1.5565	1.48253	1.34757	
0.0629442	0.0164086	-0.0190761	-0.0489735	-0.0644161	-0.0646269	-0.0582168	-0.0306145	0.000146668	0.0438544	0.0953059	0.151362	0.231282	0.348643	0.494109	0.669842	0.851451	1.03812	1.21464	1.36067	1.46412	1.51513	1.48249	1.37038	1.19867	
0.0656983	-0.0171072	-0.0844014	-0.13314	-0.155924	-0.158698	-0.146034	-0.106318	-0.0462795	0.0316358	0.118222	0.206671	0.31409	0.453209	0.612138	0.783215	0.9524	1.11167	1.24633	1.34443	1.39772	1.40363	1.33984	1.20559	1.0114	
0.065173	-0.049654	-0.144641	-0.208843	-0.240396	-0.245219	-0.225013	-0.174874	-0.0904025	0.0176613	0.136285	0.257366	0.395474	0.553503	0.720415	0.879275	1.02636	1.15052	1.24091	1.28417	1.28864	1.24674	1.15421	1.00701	0.80816	
0.0663487	-0.0736898	-0.18969	-0.264306	-0.300006	-0.305672	-0.282349	-0.225898	-0.123772	0.00880362	0.155461	0.312319	0.476651	0.644326	0.80816	0.947582	1.06024	1.14666	1.18975	1.18312	1.13898	1.0588	0.946515	0.797644	0.604653	
0.0809837	-0.0772425	-0.206768	-0.287115	-0.329117	-0.335794	-0.30814	-0.24446	-0.133866	0.0155249	0.182555	0.365123	0.548283	0.722397	0.87141	0.981976	1.05191	1.09317	1.09204	1.04677	0.96478	0.860706	0.734767	0.583141	0.40725	
0.126313	-0.042934	-0.177273	-0.265993	-0.314605	-0.322186	-0.290315	-0.218405	-0.101997	0.0562627	0.235234	0.4251	0.613921	0.781218	0.904889	0.982484	1.01274	1.00692	0.967111	0.890777	0.788406	0.667678	0.538414	0.396391	0.239204	
0.194847	0.0305794	-0.104291	-0.204504	-0.256465	-0.263044	-0.23181	-0.148556	-0.0272998	0.126098	0.303902	0.486425	0.657473	0.802881	0.898639	0.939805	0.933535	0.891905	0.822184	0.723563	0.610359	0.489102	0.368482	0.240109	0.107907	
0.283346	0.132401	0.00500714	-0.0935527	-0.148601	-0.157763	-0.121387	-0.0382178	0.0782699	0.220988	0.37951	0.53289	0.67337	0.78142	0.839722	0.846091	0.808895	0.743274	0.658729	0.557956	0.447502	0.339341	0.231281	0.123267	0.0131027	
0.382447	0.260402	0.153263	0.0628695	0.0104754	0.00128326	0.0368347	0.114189	0.215801	0.332392	0.453826	0.558865	0.648578	0.709785	0.725273	0.702966	0.649151	0.575166	0.491797	0.403748	0.310522	0.221775	0.131314	0.0462283	-0.0467761	
0.477964	0.402941	0.328548	0.261728	0.220823	0.215129	0.240834	0.300249	0.372557	0.449037	0.517187	0.56582	0.591487	0.597665	0.573182	0.526139	0.463755	0.402775	0.336742	0.271336	0.205061	0.13792	0.0668229	-0.000435844	-0.0808993	
0.569918	0.551592	0.52128	0.489486	0.467222	0.463475	0.478461	0.508587	0.54026	0.564534	0.570597	0.55302	0.516199	0.465622	0.404208	0.336806	0.273833	0.230913	0.196703	0.164901	0.133718	0.0911235	0.034494	-0.0271227	-0.0961916	
0.642137	0.6841	0.711139	0.724186	0.726378	0.72626	0.726129	0.717609	0.696823	0.661932	0.602596	0.515659	0.421457	0.32247	0.22781	0.151004	0.0956687	0.0690127	0.0652793	0.0655461	0.0660847	0.0514502	0.0212125	-0.0198399	-0.0785586	
0.6841	0.796171	0.8856	0.947761	0.98198	0.98915	0.964206	0.914726	0.834991	0.731446	0.606683	0.463278	0.315811	0.181195	0.0679566	-0.0171609	-0.0685802	-0.0786925	-0.0603946	-0.0314557	0.00563408	0.025887	0.0283555	0.00735219	-0.0365111	
0.711139	0.8856	1.03745	1.15196	1.21597	1.2274	1.18322	1.08839	0.949264	0.783257	0.598704	0.404718	0.22073	0.0603429	-0.0650804	-0.152716	-0.200838	-0.201133	-0.164585	-0.110924	-0.0441992	0.0130734	0.048997	0.0483636	0.0117865	
0.724186	0.947761	1.15196	1.30434	1.39557	1.41043	1.3496	1.21959	1.03416	0.814025	0.584426	0.349621	0.138397	-0.0363958	-0.165564	-0.246861	-0.283095	-0.279005	-0.233961	-0.165212	-0.0829418	-0.000502066	0.0629542	0.0855697	0.0550092	
0.726378	0.98198	1.21597	1.39557	1.5	1.51873	1.44674	1.29607	1.07991	0.830271	0.570446	0.316633	0.0882627	-0.0908902	-0.219791	-0.296451	-0.329136	-0.315654	-0.26743	-0.190931	-0.102224	-0.00632534	0.0687271	0.10037	0.0736891	
0.72626	0.98915	1.2274	1.41043	1.51873	1.53832	1.4631	1.30925	1.08896	0.832591	0.567581	0.311989	0.0802604	-0.100439	-0.227519	-0.303799	-0.336298	-0.321649	-0.272957	-0.194966	-0.103363	-0.00564099	0.0699874	0.101218	0.0759734	
0.726129	0.964206	1.18322	1.3496	1.44674	1.4631	1.39783	1.25686	1.05622	0.822615	0.577913	0.332527	0.113422	-0.0635552	-0.193658	-0.272117	-0.30591	-0.297666	-0.250895	-0.178686	-0.094535	-0.00496211	0.0654042	0.0949708	0.065996	
0.717609	0.914726	1.08839	1.21959	1.29607	1.30925	1.25686	1.1469	0.987833	0.797944	0.593108	0.382026	0.185124	0.0180064	-0.109133	-0.195543	-0.239467	-0.238105	-0.198134	-0.136071	-0.0600432	0.00895833	0.0562163	0.0644741	0.0306847	
0.696823	0.834991	0.949264	1.03416	1.07991	1.08896	1.05622	0.987833	0.883213	0.755223	0.604501	0.439889	0.276365	0.130315	0.0107836	-0.0762499	-0.127126	-0.131706	-0.104992	-0.0654236	-0.0166915	0.0191602	0.035921	0.022922	-0.0173566	
0.661932	0.731446	0.783257	0.814025	0.830271	0.832591	0.822615	0.797944	0.755223	0.692153	0.606861	0.495553	0.379198	0.26377	0.161325	0.0808955	0.0280675	0.00787245	0.0135886	0.0254857	0.0421519	0.0396638	0.0213265	-0.0111114	-0.0633937	
0.602596	0.606683	0.598704	0.584426	0.570446	0.567581	0.577913	0.593108	0.604501	0.606861	0.586947	0.540418	0.480495	0.409769	0.33348	0.261131	0.200378	0.164521	0.143659	0.125042	0.106157	0.0742521	0.0272644	-0.0280705	-0.0935714	
0.515659	0.463278	0.404718	0.349621	0.316633	0.311989	0.332527	0.382026	0.439889	0.495553	0.540418	0.563508	0.563631	0.546365	0.506906	0.450929	0.38819	0.333112	0.27913	0.226607	0.174047	0.116127	0.0508057	-0.0141276	-0.0891381	
0.421457	0.315811	0.22073	0.138397	0.0882627	0.0802604	0.113422	0.185124	0.276365	0.379198	0.480495	0.563631	0.628438	0.668617	0.667452	0.634937	0.576149	0.506241	0.428233	0.347323	0.263602	0.183523	0.100821	0.0247817	-0.0628805	
0.32247	0.181195	0.0603429	-0.0363958	-0.0908902	-0.100439	-0.0635552	0.0180064	0.130315	0.26377	0.409769	0.546365	0.668617	0.75843	0.800123	0.794235	0.749432	0.677508	0.590936	0.494127	0.389883	0.289009	0.187474	0.0883122	-0.0148851	
0.22781	0.0679566	-0.0650804	-0.165564	-0.219791	-0.227519	-0.193658	-0.109133	0.0107836	0.161325	0.33348	0.506906	0.667452	0.800123	0.881563	0.908252	0.888805	0.836011	0.758954	0.657574	0.541456	0.424642	0.308878	0.188012	0.0660439	
0.151004	-0.0171609	-0.152716	-0.246861	-0.296451	-0.303799	-0.272117	-0.195543	-0.0762499	0.0808955	0.261131	0.450929	0.634937	0.794235	0.908252	0.971237	0.986534	0.965115	0.910564	0.823402	0.717475	0.594669	0.46756	0.33001	0.181625	
0.0956687	-0.0685802	-0.200838	-0.283095	-0.329136	-0.336298	-0.30591	-0.239467	-0.127126	0.0280675	0.200378	0.38819	0.576149	0.749432	0.888805	0.986534	1.0394	1.06205	1.04499	0.986361	0.894009	0.78134	0.653853	0.504714	0.335749	
0.0690127	-0.0786925	-0.201133	-0.279005	-0.315654	-0.321649	-0.297666	-0.238105	-0.131706	0.00787245	0.164521	0.333112	0.506241	0.677508	0.836011	0.965115	1.06205	1.13047	1.15494	1.13202	1.0711	0.980731	0.860672	0.710476	0.523315	
0.0652793	-0.0603946	-0.164585	-0.233961	-0.26743	-0.272957	-0.250895	-0.198134	-0.104992	0.0135886	0.143659	0.27913	0.428233	0.590936	0.758954	0.910564	1.04499	1.15494	1.22695	1.24831	1.23238	1.17412	1.07323	0.923797	0.726655	
0.0655461	-0.0314557	-0.110924	-0.165212	-0.190931	-0.194966	-0.178686	-0.136071	-0.0654236	0.0254857	0.125042	0.226607	0.347323	0.494127	0.657574	0.823402	0.986361	1.13202	1.24831	1.3253	1.35998	1.34484	1.26962	1.1286	0.931247	
0.0660847	0.00563408	-0.0441992	-0.0829418	-0.102224	-0.103363	-0.094535	-0.0600432	-0.0166915	0.0421519	0.106157	0.174047	0.263602	0.389883	0.541456	0.717475	0.894009	1.0711	1.23238	1.35998	1.44286	1.47754	1.43203	1.30944	1.12712	
0.0514502	0.025887	0.0130734	-0.000502066	-0.00632534	-0.00564099	-0.00496211	0.00895833	0.0191602	0.0396638	0.0742521	0.116127	0.183523	0.289009	0.424642	0.594669	0.78134	0.980731	1.17412	1.34484	1.47754	1.55023	1.53648	1.44566	1.29375	
0.0212125	0.0283555	0.048997	0.0629542	0.0687271	0.0699874	0.0654042	0.0562163	0.035921	0.0213265	0.0272644	0.0508057	0.100821	0.187474	0.308878	0.46756	0.653853	0.860672	1.07323	1.26962	1.43203	1.53648	1.56321	1.51809	1.41493	
-0.0198399	0.00735219	0.0483636	0.0855697	0.10037	0.101218	0.0949708	0.0644741	0.022922	-0.0111114	-0.0280705	-0.0141276	0.0247817	0.0883122	0.188012	0.33001	0.504714	0.710476	0.923797	1.1286	1.30944	1.44566	1.51809	1.53273	1.48636	
-0.0785586	-0.0365111	0.0117865	0.0550092	0.0736891	0.0759734	0.065996	0.0306847	-0.0173566	-0.0633937	-0.0935714	-0.0891381	-0.0628805	-0.0148851	0.0660439	0.181625	0.335749	0.523315	0.726655	0.931247	1.12712	1.29375	1.41493	1.48636	1.49766	
