-0.146181	-0.163609	-0.192467	-0.2124	-0.214027	-0.209308	-0.212248	-0.253141	-0.339916	-0.451136	-0.571582	-0.672136	-0.720902	-0.710855	-0.632921	-0.477797	-0.264376	-0.01734	0.253762	0.528313	0.766753	0.942945	1.0559	1.10462	1.07446	
-0.163609	-0.188281	-0.213024	-0.21906	-0.210101	-0.209901	-0.238578	-0.313263	-0.418539	-0.533415	-0.642521	-0.71193	-0.721633	-0.671364	-0.550618	-0.360628	-0.127855	0.129291	0.40135	0.659296	0.866019	1.00776	1.08803	1.10072	1.03067	
-0.192467	-0.213024	-0.221935	-0.208941	-0.207278	-0.23363	-0.29482	-0.393029	-0.50464	-0.613553	-0.697748	-0.72623	-0.694565	-0.602479	-0.440512	-0.222999	0.0224956	0.284746	0.549283	0.780884	0.95113	1.05774	1.10349	1.07694	0.967035	
-0.2124	-0.21906	-0.208941	-0.205725	-0.233544	-0.285379	-0.373154	-0.484793	-0.591507	-0.680656	-0.726054	-0.709658	-0.636915	-0.502223	-0.304167	-0.068427	0.183606	0.444542	0.691111	0.887808	1.01936	1.09057	1.09908	1.03088	0.884029	
-0.214027	-0.210101	-0.207278	-0.233544	-0.282805	-0.3616	-0.472452	-0.578787	-0.665253	-0.721374	-0.72023	-0.660006	-0.546034	-0.370268	-0.145798	0.0985987	0.351544	0.602437	0.819751	0.975752	1.0686	1.1035	1.0715	0.961368	0.784092	
-0.209308	-0.209901	-0.23363	-0.285379	-0.3616	-0.468093	-0.573638	-0.65529	-0.714553	-0.726953	-0.676583	-0.575133	-0.419959	-0.210105	0.0280485	0.273475	0.521058	0.750454	0.928528	1.0418	1.09684	1.09319	1.01808	0.869344	0.671773	
-0.212248	-0.238578	-0.29482	-0.373154	-0.472452	-0.573638	-0.65197	-0.709622	-0.730213	-0.688325	-0.593588	-0.453706	-0.260343	-0.0294744	0.210566	0.451614	0.684631	0.879669	1.01246	1.08427	1.10156	1.0561	0.937853	0.758419	0.553438	
-0.253141	-0.313263	-0.393029	-0.484793	-0.578787	-0.65529	-0.709622	-0.731086	-0.694652	-0.604097	-0.473818	-0.295648	-0.0740019	0.161831	0.39633	0.626877	0.832136	0.98213	1.06907	1.1018	1.07929	0.989516	0.832767	0.635007	0.436479	
-0.339916	-0.418539	-0.50464	-0.591507	-0.665253	-0.714553	-0.730213	-0.694652	-0.607568	-0.48302	-0.316229	-0.104576	0.126621	0.355531	0.580486	0.789456	0.952584	1.05319	1.09784	1.092	1.02623	0.893267	0.708439	0.507662	0.328134	
-0.451136	-0.533415	-0.613553	-0.680656	-0.721374	-0.726953	-0.688325	-0.604097	-0.48302	-0.322937	-0.120153	0.105106	0.32873	0.547108	0.754872	0.926066	1.03801	1.09227	1.0981	1.05095	0.940119	0.771406	0.573964	0.38567	0.234224	
-0.571582	-0.642521	-0.697748	-0.726054	-0.72023	-0.676583	-0.593588	-0.473818	-0.316229	-0.120153	0.0978416	0.315443	0.527166	0.730736	0.904987	1.02486	1.08663	1.1005	1.06683	0.974744	0.822896	0.63283	0.440454	0.277236	0.158203	
-0.672136	-0.71193	-0.72623	-0.709658	-0.660006	-0.575133	-0.453706	-0.295648	-0.104576	0.105106	0.315443	0.520553	0.71839	0.891425	1.01508	1.08191	1.10111	1.0766	0.99916	0.862989	0.682562	0.490078	0.318653	0.187899	0.100825	
-0.720902	-0.721633	-0.694565	-0.636915	-0.546034	-0.419959	-0.260343	-0.0740019	0.126621	0.32873	0.527166	0.71839	0.886748	1.00986	1.07878	1.10104	1.08229	1.01543	0.892485	0.722289	0.532621	0.356431	0.21653	0.119734	0.0604958	
-0.710855	-0.671364	-0.602479	-0.502223	-0.370268	-0.210105	-0.0294744	0.161831	0.355531	0.547108	0.730736	0.891425	1.00986	1.07768	1.10088	1.08523	1.02527	0.912476	0.751785	0.566716	0.388773	0.242514	0.13782	0.071589	0.0341193	
-0.632921	-0.550618	-0.440512	-0.304167	-0.145798	0.0280485	0.210566	0.39633	0.580486	0.754872	0.904987	1.01508	1.07878	1.10088	1.08614	1.0299	0.923993	0.771203	0.591504	0.414236	0.264392	0.153966	0.0820227	0.04011	0.0180703	
-0.477797	-0.360628	-0.222999	-0.068427	0.0985987	0.273475	0.451614	0.626877	0.789456	0.926066	1.02486	1.08191	1.10104	1.08523	1.0299	0.927748	0.780817	0.606516	0.431768	0.280938	0.167125	0.0910777	0.0456013	0.0210455	0.008983	
-0.264376	-0.127855	0.0224956	0.183606	0.351544	0.521058	0.684631	0.832136	0.952584	1.03801	1.08663	1.10111	1.08229	1.02527	0.923993	0.780817	0.611539	0.440695	0.29124	0.176424	0.0980915	0.0501745	0.023678	0.0103403	0.00419149	
-0.01734	0.129291	0.284746	0.444542	0.602437	0.750454	0.879669	0.98213	1.05319	1.09227	1.1005	1.0766	1.01543	0.912476	0.771203	0.606516	0.440695	0.294737	0.181236	0.102531	0.0534581	0.0257479	0.0114865	0.0047592	0.00183641	
0.253762	0.40135	0.549283	0.691111	0.819751	0.928528	1.01246	1.06907	1.09784	1.0981	1.06683	0.99916	0.892485	0.751785	0.591504	0.431768	0.29124	0.181236	0.10405	0.0551742	0.0270716	0.0123178	0.00520994	0.0020534	0.00075598	
0.528313	0.659296	0.780884	0.887808	0.975752	1.0418	1.08427	1.1018	1.092	1.05095	0.974744	0.862989	0.722289	0.566716	0.414236	0.280938	0.176424	0.102531	0.0551742	0.0275271	0.012755	0.00550009	0.00221183	0.000831335	0.000292671	
0.766753	0.866019	0.95113	1.01936	1.0686	1.09684	1.10156	1.07929	1.02623	0.940119	0.822896	0.682562	0.532621	0.388773	0.264392	0.167125	0.0980915	0.0534581	0.0270716	0.012755	0.00560026	0.00229549	0.000880049	0.000316189	0.000106667	
0.942945	1.00776	1.05774	1.09057	1.1035	1.09319	1.0561	0.989516	0.893267	0.771406	0.63283	0.490078	0.356431	0.242514	0.153966	0.0910777	0.0501745	0.0257479	0.0123178	0.00550009	0.00229549	0.000896903	0.000328638	0.000113121	3.66414e-05	
1.0559	1.08803	1.10349	1.09908	1.0715	1.01808	0.937853	0.832767	0.708439	0.573964	0.440454	0.318653	0.21653	0.13782	0.0820227	0.0456013	0.023678	0.0114865	0.00520994	0.00221183	0.000880049	0.000328638	0.000115357	3.81204e-05	1.18779e-05	
1.10462	1.10072	1.07694	1.03088	0.961368	0.869344	0.758419	0.635007	0.507662	0.38567	0.277236	0.187899	0.119734	0.071589	0.04011	0.0210455	0.0103403	0.0047592	0.0020534	0.000831335	0.000316189	0.000113121	3.81204e-05	1.21172e-05	3.63826e-06	
1.07446	1.03067	0.967035	0.884029	0.784092	0.671773	0.553438	0.436479	0.328134	0.234224	0.158203	0.100825	0.0604958	0.0341193	0.0180703	0.008983	0.00419149	0.00183641	0.00075598	0.000292671	0.000106667	3.66414e-05	1.18779e-05	3.63826e-06	1.05437e-06	
0.957089	0.879274	0.787488	0.684982	0.576408	0.467369	0.363696	0.270574	0.191745	0.129011	0.0821787	0.0494425	0.0280456	0.0149795	0.00752759	0.00355792	0.00158175	0.000661668	0.000260597	9.67114e-05	3.3852e-05	1.11879e-05	3.49515e-06	1.03334e-06	2.8947e-07	
0.773233	0.678139	0.578431	0.478159	0.381692	0.293153	0.215859	0.151864	0.10176	0.0647591	0.0390457	0.0222603	0.0119815	0.0060821	0.00290992	0.00131184	0.000557303	0.000223184	8.43035e-05	3.00585e-05	1.01254e-05	3.22554e-06	9.72739e-07	2.78012e-07	7.53852e-08	
0.569712	0.475945	0.386111	0.303176	0.22964	0.167235	0.116715	0.0778225	0.0494356	0.0298427	0.0170834	0.00925751	0.0047427	0.00229495	0.00104834	0.000451987	0.000183944	7.06857e-05	2.56623e-05	8.80803e-06	2.86048e-06	8.7977e-07	2.56502e-07	7.09649e-08	1.86499e-08	
0.397502	0.315698	0.243149	0.181073	0.129989	0.0896884	0.0593032	0.0374748	0.0225748	0.0129349	0.00703603	0.00362789	0.00177105	0.000817916	0.000357172	0.000147456	5.75573e-05	2.12484e-05	7.42256e-06	2.45504e-06	7.69428e-07	2.28688e-07	6.45172e-08	1.7293e-08	4.40807e-09	
0.293361	0.222745	0.163649	0.11603	0.0791805	0.0518716	0.0325398	0.019501	0.0111411	0.00605648	0.00312784	0.00153269	0.000711918	0.000313254	0.000130525	5.14962e-05	1.92395e-05	6.80901e-06	2.28376e-06	7.26358e-07	2.19225e-07	6.28356e-08	1.71182e-08	4.43635e-09	1.09471e-09	
0.275383	0.20697	0.150395	0.105386	0.0710268	0.0459255	0.0284202	0.0167945	0.0094579	0.00506689	0.00257849	0.00124496	0.000569817	0.000247088	0.000101478	3.94701e-05	1.45414e-05	5.07615e-06	1.67981e-06	5.27286e-07	1.57108e-07	4.44686e-08	1.19666e-08	3.06425e-09	7.47312e-10	
0.346327	0.269648	0.203438	0.148313	0.104187	0.0703258	0.0454891	0.0281238	0.0165801	0.00930122	0.00495622	0.00250489	0.00119941	0.000543688	0.000233202	9.46322e-05	3.63328e-05	1.32019e-05	4.54203e-06	1.48048e-06	4.57516e-07	1.34155e-07	3.73573e-08	9.888e-09	2.49006e-09	
0.494681	0.405034	0.321871	0.247471	0.183497	0.130802	0.0893585	0.0583341	0.0362913	0.0214652	0.0120456	0.00640275	0.00321952	0.0015301	0.000686949	0.000291283	0.000116661	4.41466e-05	1.57924e-05	5.344e-06	1.71197e-06	5.19652e-07	1.49598e-07	4.08847e-08	1.06183e-08	
0.691271	0.594745	0.497301	0.402736	0.314788	0.236647	0.170527	0.117406	0.0769991	0.0479755	0.028333	0.0158302	0.00835554	0.00416215	0.00195547	0.000866298	0.000361908	0.000142622	5.30486e-05	1.86368e-05	6.18935e-06	1.94494e-06	5.78888e-07	1.63367e-07	4.37608e-08	
0.889312	0.802263	0.70478	0.600709	0.494884	0.392565	0.29871	0.21724	0.15049	0.0989967	0.0616777	0.0363145	0.0201716	0.0105581	0.00520358	0.00241406	0.00105425	0.000433544	0.000167987	6.13776e-05	2.11656e-05	6.89574e-06	2.12489e-06	6.19994e-07	1.7149e-07	
1.03744	0.97871	0.9018	0.80843	0.702199	0.588458	0.473755	0.364888	0.267805	0.186624	0.123093	0.0766457	0.0449614	0.0248118	0.012869	0.00627076	0.00287067	0.00123505	0.00049969	0.000190282	6.82665e-05	2.31002e-05	7.38141e-06	2.23003e-06	6.37783e-07	
1.10274	1.08302	1.04284	0.980752	0.896976	0.794057	0.677105	0.553441	0.431571	0.319672	0.224055	0.148115	0.0921169	0.0537993	0.0294716	0.0151348	0.00728556	0.00328867	0.00139297	0.000554155	0.000207284	7.29925e-05	2.42289e-05	7.59134e-06	2.24814e-06	
1.08364	1.10192	1.10229	1.08155	1.03688	0.966735	0.871919	0.756457	0.627719	0.495532	0.370326	0.260918	0.172743	0.107209	0.0622753	0.0338301	0.0171838	0.00816415	0.00363073	0.0015129	0.000591416	0.000217186	7.50333e-05	2.44232e-05	7.50117e-06	
0.995663	1.04723	1.08354	1.102	1.09945	1.07236	1.01765	0.934084	0.823894	0.693676	0.554	0.417383	0.295318	0.195582	0.120975	0.0698002	0.0375534	0.0188448	0.00882705	0.00386374	0.00158256	0.000607481	0.000218889	7.41564e-05	2.36606e-05	
0.845355	0.930648	1.00116	1.05474	1.08944	1.10286	1.09171	1.05211	0.98103	0.878465	0.749518	0.604852	0.458773	0.325486	0.215284	0.132493	0.0758114	0.0403346	0.0199688	0.00921048	0.00396396	0.00159452	0.000600578	0.0002122	7.04624e-05	
0.629989	0.749702	0.857253	0.948339	1.01993	1.07018	1.09762	1.10003	1.0738	1.01472	0.920594	0.794522	0.646687	0.492867	0.349914	0.230665	0.140964	0.0798374	0.0419329	0.0204504	0.0092762	0.0039209	0.00154749	0.000571472	0.00019787	
0.364859	0.508233	0.648034	0.777593	0.8904	0.981374	1.04762	1.08803	1.10179	1.08651	1.03779	0.951592	0.828796	0.678759	0.518504	0.36743	0.2408	0.145783	0.0815528	0.0422062	0.0202436	0.00901757	0.0037391	0.00144653	0.000523331	
0.0888254	0.237061	0.391548	0.5469	0.695733	0.829581	0.94066	1.0237	1.0768	1.10022	1.09349	1.05291	0.973133	0.852938	0.700794	0.534942	0.377233	0.245078	0.146603	0.080817	0.0411297	0.0193682	0.00846061	0.00343733	0.00130219	
-0.16843	-0.0273062	0.125487	0.287183	0.453388	0.617232	0.769454	0.899859	0.999944	1.06559	1.09743	1.09709	1.06227	0.986812	0.867685	0.712777	0.541774	0.378889	0.243245	0.143365	0.0776904	0.0388001	0.0179073	0.00765986	0.00304552	
-0.39777	-0.270717	-0.126796	0.0306875	0.198458	0.372615	0.547422	0.714284	0.86178	0.978034	1.05562	1.09466	1.09882	1.06745	0.993857	0.873636	0.714767	0.538847	0.372325	0.23541	0.136303	0.0724278	0.0354217	0.0159946	0.00668982	
-0.580285	-0.481983	-0.358098	-0.212283	-0.0494662	0.125196	0.306725	0.489923	0.667883	0.829482	0.95993	1.04795	1.09264	1.09954	1.06942	0.994975	0.871068	0.706779	0.526225	0.35783	0.222042	0.125923	0.0654478	0.0312793	0.0137951	
-0.688648	-0.632652	-0.546346	-0.429283	-0.284183	-0.11664	0.0659342	0.25567	0.446302	0.632831	0.805622	0.94752	1.04346	1.09176	1.09963	1.06853	0.99029	0.859864	0.688765	0.504206	0.336056	0.203947	0.112955	0.0572839	0.0267009	
-0.723447	-0.708775	-0.666026	-0.591434	-0.482893	-0.341213	-0.170776	0.0198495	0.218706	0.416691	0.610418	0.792053	0.942205	1.04276	1.09219	1.09917	1.06465	0.979332	0.839541	0.660691	0.473387	0.308028	0.182213	0.0982825	0.0485225	
-0.698888	-0.722537	-0.720135	-0.687507	-0.621477	-0.519916	-0.382534	-0.210846	-0.0127166	0.195396	0.400677	0.601083	0.789747	0.944608	1.04593	1.09384	1.09788	1.05706	0.961074	0.809392	0.622704	0.434754	0.275127	0.158137	0.0828531	
-0.616865	-0.677189	-0.716427	-0.726599	-0.702731	-0.641716	-0.543478	-0.408969	-0.236064	-0.0308298	0.185751	0.397911	0.604927	0.798873	0.95444	1.05254	1.09641	1.09514	1.04444	0.934042	0.768725	0.575335	0.389744	0.23903	0.133109	
