-0.452455	-0.517896	-0.567187	-0.606059	-0.629349	-0.631914	-0.618326	-0.583927	-0.538794	-0.481232	-0.40541	-0.313771	-0.206577	-0.0946648	0.0239883	0.132043	0.200188	0.247964	0.287334	0.322352	0.35782	0.380548	0.395168	0.398433	0.395324	
-0.370196	-0.443145	-0.500706	-0.549563	-0.57735	-0.580497	-0.564436	-0.521586	-0.467221	-0.401641	-0.320439	-0.232749	-0.142555	-0.0551244	0.033072	0.102336	0.127324	0.129407	0.132071	0.151322	0.183101	0.215945	0.245761	0.2685	0.300369	
-0.27384	-0.351509	-0.424085	-0.485631	-0.520918	-0.526764	-0.503565	-0.450949	-0.381239	-0.305317	-0.22582	-0.146139	-0.0701133	-0.00786237	0.0466821	0.0728342	0.0604422	0.0285834	0.00114173	-0.000291872	0.0265211	0.0669647	0.110016	0.156878	0.216633	
-0.161122	-0.244546	-0.336516	-0.42066	-0.469102	-0.475104	-0.445593	-0.37271	-0.280726	-0.192864	-0.117057	-0.0493715	0.00843707	0.0465544	0.0587012	0.0460622	-0.000154875	-0.0547675	-0.0989328	-0.120334	-0.103335	-0.0539568	0.00182534	0.0708349	0.150003	
-0.0454563	-0.137846	-0.253794	-0.361664	-0.424505	-0.434018	-0.393906	-0.299633	-0.183185	-0.0787217	-0.00114506	0.0593183	0.102379	0.113542	0.0862757	0.033525	-0.0427787	-0.119447	-0.176729	-0.206852	-0.194163	-0.138879	-0.0606484	0.0237597	0.113243	
0.0561045	-0.0509303	-0.188269	-0.315374	-0.39005	-0.402421	-0.352755	-0.243306	-0.103716	0.0174101	0.105671	0.170052	0.2029	0.188105	0.131075	0.0438347	-0.0581544	-0.158516	-0.226612	-0.253574	-0.235022	-0.173498	-0.0805496	0.0102437	0.0978133	
0.137673	0.0131378	-0.140742	-0.280231	-0.362503	-0.375889	-0.321558	-0.201614	-0.0459667	0.0917785	0.195554	0.265996	0.288974	0.253501	0.175107	0.0729572	-0.041423	-0.154913	-0.227581	-0.247933	-0.222087	-0.159858	-0.0740447	0.00959752	0.0837165	
0.197166	0.059384	-0.10013	-0.239915	-0.319014	-0.333132	-0.279262	-0.161775	-0.00290095	0.145914	0.262195	0.340843	0.36127	0.316531	0.230567	0.123221	0.00113512	-0.114956	-0.190523	-0.201014	-0.168101	-0.105508	-0.0364275	0.022582	0.0703406	
0.26063	0.118138	-0.0468829	-0.183904	-0.264262	-0.278166	-0.223889	-0.106551	0.0516189	0.208872	0.326912	0.40272	0.41474	0.365315	0.278384	0.172439	0.0532839	-0.0538425	-0.122466	-0.130247	-0.0972435	-0.0411049	0.0164484	0.0554391	0.0787258	
0.321122	0.187138	0.0330864	-0.102126	-0.182229	-0.195401	-0.14176	-0.0259413	0.125822	0.27198	0.382289	0.443451	0.442686	0.394788	0.3101	0.203879	0.0907931	-0.00637873	-0.0600551	-0.0640867	-0.0334884	0.0219602	0.0714466	0.102084	0.110248	
0.377972	0.270478	0.138743	0.0151668	-0.0657361	-0.0808157	-0.0241478	0.0865529	0.21818	0.339416	0.424327	0.458591	0.443002	0.39158	0.309656	0.209761	0.103806	0.0216888	-0.0160907	-0.0173667	0.015252	0.0664518	0.110752	0.142889	0.14318	
0.423724	0.352149	0.252572	0.147584	0.0688663	0.0541978	0.110638	0.209868	0.314389	0.399683	0.449759	0.45491	0.417511	0.355974	0.272471	0.177866	0.0860979	0.0209032	-0.00244497	0.00615875	0.0438352	0.0935753	0.132297	0.156977	0.156371	
0.451266	0.413418	0.347694	0.26715	0.202393	0.189769	0.237056	0.315772	0.390052	0.440052	0.45985	0.438117	0.377832	0.298251	0.203907	0.109265	0.032797	-0.0140541	-0.0213502	0.001512	0.0504095	0.102445	0.132716	0.143596	0.136472	
0.452929	0.436833	0.396358	0.34171	0.299558	0.290713	0.322476	0.374321	0.42362	0.449464	0.447434	0.402001	0.31979	0.214351	0.102668	0.0027153	-0.0633787	-0.0900109	-0.0769939	-0.0356377	0.0275218	0.0854156	0.114019	0.115841	0.0972911	
0.412866	0.412941	0.385995	0.354297	0.332643	0.329022	0.344231	0.372618	0.404326	0.417301	0.392647	0.325194	0.216675	0.0848671	-0.0430024	-0.143815	-0.199691	-0.201945	-0.164665	-0.100878	-0.027572	0.035381	0.069093	0.07059	0.0484664	
0.316264	0.338737	0.329009	0.314332	0.311134	0.311249	0.312106	0.322396	0.337124	0.330515	0.281431	0.191638	0.0632236	-0.084264	-0.217316	-0.313992	-0.356267	-0.338287	-0.276022	-0.187746	-0.102003	-0.0329253	0.0104577	0.0209302	0.00530017	
0.184264	0.235532	0.244608	0.23568	0.237047	0.238181	0.235075	0.241076	0.243842	0.210333	0.131723	0.0160066	-0.126841	-0.281056	-0.410927	-0.494251	-0.51905	-0.484648	-0.3969	-0.286645	-0.179442	-0.0924966	-0.030263	-0.00317697	-0.00936783	
0.0298358	0.113766	0.141945	0.141254	0.140098	0.139205	0.140446	0.14266	0.131376	0.0701678	-0.0423985	-0.176227	-0.325493	-0.479582	-0.598879	-0.666144	-0.674071	-0.618675	-0.506724	-0.371809	-0.239083	-0.125712	-0.0432075	-0.000749176	0.00756797	
-0.130922	-0.0158812	0.0397728	0.0542225	0.0604648	0.0609852	0.0565705	0.0482169	0.0134798	-0.0788828	-0.214951	-0.361324	-0.511117	-0.649811	-0.751822	-0.797785	-0.781802	-0.70706	-0.575176	-0.418264	-0.26475	-0.126976	-0.0201731	0.0418826	0.0658386	
-0.271508	-0.137191	-0.0515505	-0.00456495	0.0224918	0.0263148	0.00878373	-0.0299094	-0.0964397	-0.213683	-0.362158	-0.512141	-0.655086	-0.776088	-0.852617	-0.871764	-0.829767	-0.733074	-0.579748	-0.40694	-0.237564	-0.0820864	0.0400606	0.118569	0.16091	
-0.371667	-0.226926	-0.112749	-0.0259927	0.0290906	0.037436	0.00160242	-0.0755079	-0.177083	-0.31155	-0.463068	-0.608065	-0.743468	-0.846544	-0.897201	-0.889363	-0.820732	-0.697135	-0.526196	-0.336038	-0.155214	0.00565311	0.12781	0.210933	0.261408	
-0.416104	-0.259136	-0.115933	0.00684566	0.084879	0.098244	0.0452115	-0.0629871	-0.200327	-0.352704	-0.507021	-0.647076	-0.770685	-0.851572	-0.878856	-0.844151	-0.749012	-0.602703	-0.417902	-0.216412	-0.0342156	0.120219	0.229614	0.302643	0.350811	
-0.388466	-0.211604	-0.038045	0.106284	0.195276	0.210184	0.150497	0.024265	-0.14033	-0.318968	-0.487022	-0.630487	-0.741746	-0.80165	-0.804868	-0.748592	-0.630392	-0.464967	-0.269993	-0.0701743	0.10537	0.239595	0.324614	0.377862	0.41667	
-0.278773	-0.0721511	0.127262	0.286521	0.376838	0.390703	0.332136	0.197293	0.0100929	-0.197083	-0.393019	-0.549385	-0.654075	-0.699205	-0.684524	-0.615271	-0.487284	-0.311507	-0.116248	0.0744711	0.235412	0.345192	0.403013	0.434238	0.454402	
-0.0888535	0.147669	0.369811	0.536044	0.628036	0.643118	0.582235	0.444626	0.240673	0.00529131	-0.220757	-0.4057	-0.52214	-0.565373	-0.545882	-0.469519	-0.337373	-0.167849	0.0169635	0.189859	0.329293	0.415007	0.45193	0.459399	0.451263	
0.15757	0.421831	0.665562	0.8493	0.953795	0.970794	0.901586	0.747306	0.524228	0.263179	0.0052546	-0.211824	-0.354264	-0.414972	-0.396392	-0.317836	-0.190307	-0.0355395	0.125281	0.266126	0.380631	0.442976	0.456272	0.436957	0.398759	
0.421831	0.712873	0.982881	1.19377	1.32139	1.34263	1.25684	1.07526	0.825834	0.53793	0.253063	0.00699343	-0.166007	-0.251276	-0.24771	-0.179073	-0.066034	0.0615965	0.189208	0.299755	0.388743	0.432857	0.428114	0.380001	0.304459	
0.665562	0.982881	1.2776	1.51604	1.66339	1.68903	1.58816	1.38154	1.10539	0.792406	0.482953	0.216203	0.0183429	-0.0953315	-0.122428	-0.0812004	0.00144587	0.100045	0.205167	0.298131	0.367618	0.398934	0.374046	0.294671	0.184767	
0.8493	1.19377	1.51604	1.77658	1.93982	1.96759	1.85653	1.62897	1.32843	0.986292	0.654597	0.378394	0.169444	0.0369784	-0.0196698	-0.0190229	0.0273185	0.103762	0.19852	0.286747	0.343992	0.354013	0.304264	0.198551	0.0682564	
0.953795	1.32139	1.66339	1.93982	2.10987	2.13878	2.02306	1.78365	1.46418	1.09992	0.749595	0.469068	0.259154	0.12133	0.0453747	0.019535	0.0402851	0.104246	0.198326	0.287748	0.329906	0.320828	0.247622	0.123981	-0.0128629	
0.970794	1.34263	1.68903	1.96759	2.13878	2.1677	2.05138	1.81029	1.48706	1.11837	0.765099	0.482849	0.274127	0.135809	0.0562813	0.0255526	0.0419696	0.10323	0.198125	0.28829	0.328012	0.313937	0.237185	0.110325	-0.0284549	
0.901586	1.25684	1.58816	1.85653	2.02306	2.05138	1.93809	1.70472	1.39516	1.04286	0.702077	0.424364	0.214317	0.0783007	0.0127581	9.3737e-05	0.0328708	0.103916	0.197692	0.286222	0.337242	0.338937	0.277765	0.16338	0.0295228	
0.747306	1.07526	1.38154	1.62897	1.78365	1.81029	1.70472	1.48945	1.2029	0.877987	0.559997	0.288149	0.0838037	-0.0383092	-0.0783151	-0.0538109	0.0147424	0.102979	0.202717	0.293316	0.35728	0.380489	0.346691	0.255722	0.136047	
0.524228	0.825834	1.10539	1.32843	1.46418	1.48706	1.39516	1.2029	0.942066	0.644876	0.349428	0.0939311	-0.0900478	-0.187578	-0.1946	-0.133984	-0.0324185	0.084022	0.20116	0.302307	0.382073	0.422126	0.409362	0.348411	0.257596	
0.263179	0.53793	0.792406	0.986292	1.09992	1.11837	1.04286	0.877987	0.644876	0.372777	0.104131	-0.125051	-0.280354	-0.350163	-0.335132	-0.259309	-0.135256	0.010114	0.15701	0.284707	0.388873	0.441948	0.448378	0.418386	0.365378	
0.0052546	0.253063	0.482953	0.654597	0.749595	0.765099	0.702077	0.559997	0.349428	0.104131	-0.134819	-0.332748	-0.459055	-0.507426	-0.487765	-0.409015	-0.277645	-0.113354	0.0641043	0.225131	0.354077	0.432041	0.459048	0.455634	0.4365	
-0.211824	0.00699343	0.216203	0.378394	0.469068	0.482849	0.424364	0.288149	0.0939311	-0.125051	-0.332748	-0.499471	-0.605868	-0.648431	-0.630011	-0.557773	-0.427336	-0.252556	-0.0601913	0.124785	0.27854	0.377479	0.427097	0.449424	0.458295	
-0.354264	-0.166007	0.0183429	0.169444	0.259154	0.274127	0.214317	0.0838037	-0.0900478	-0.280354	-0.459055	-0.605868	-0.713427	-0.765968	-0.760693	-0.697997	-0.574669	-0.403118	-0.206727	-0.00975033	0.160651	0.285204	0.358175	0.402641	0.435678	
-0.414972	-0.251276	-0.0953315	0.0369784	0.12133	0.135809	0.0783007	-0.0383092	-0.187578	-0.350163	-0.507426	-0.648431	-0.765968	-0.837609	-0.85599	-0.811969	-0.706129	-0.552736	-0.362432	-0.160259	0.0207385	0.168253	0.269495	0.335174	0.380776	
-0.396392	-0.24771	-0.122428	-0.0196698	0.0453747	0.0562813	0.0127581	-0.0783151	-0.1946	-0.335132	-0.487765	-0.630011	-0.760693	-0.85599	-0.897432	-0.877961	-0.799325	-0.665038	-0.48855	-0.292759	-0.11031	0.0495371	0.167581	0.24861	0.299056	
-0.317836	-0.179073	-0.0812004	-0.0190229	0.019535	0.0255526	9.3737e-05	-0.0538109	-0.133984	-0.259309	-0.409015	-0.557773	-0.697997	-0.811969	-0.877961	-0.886648	-0.833326	-0.725921	-0.565538	-0.385771	-0.209992	-0.0519845	0.0724304	0.154773	0.201999	
-0.190307	-0.066034	0.00144587	0.0273185	0.0402851	0.0419696	0.0328708	0.0147424	-0.0324185	-0.135256	-0.277645	-0.427336	-0.574669	-0.706129	-0.799325	-0.833326	-0.807238	-0.72494	-0.583852	-0.420589	-0.261205	-0.114001	-0.000253899	0.0690674	0.100945	
-0.0355395	0.0615965	0.100045	0.103762	0.104246	0.10323	0.103916	0.102979	0.084022	0.010114	-0.113354	-0.252556	-0.403118	-0.552736	-0.665038	-0.725921	-0.72494	-0.661022	-0.541782	-0.396436	-0.253925	-0.131316	-0.0391545	0.0112813	0.0252975	
0.125281	0.189208	0.205167	0.19852	0.198326	0.198125	0.197692	0.202717	0.20116	0.15701	0.0641043	-0.0601913	-0.206727	-0.362432	-0.48855	-0.565538	-0.583852	-0.541782	-0.443358	-0.323846	-0.206919	-0.108949	-0.0386888	-0.00586419	-0.00625655	
0.266126	0.299755	0.298131	0.286747	0.287748	0.28829	0.286222	0.293316	0.302307	0.284707	0.225131	0.124785	-0.00975033	-0.160259	-0.292759	-0.385771	-0.420589	-0.396436	-0.323846	-0.226431	-0.133693	-0.059277	-0.00896714	0.00761807	-0.0048999	
0.380631	0.388743	0.367618	0.343992	0.329906	0.328012	0.337242	0.35728	0.382073	0.388873	0.354077	0.27854	0.160651	0.0207385	-0.11031	-0.209992	-0.261205	-0.253925	-0.206919	-0.133693	-0.056589	0.00899632	0.0456462	0.049654	0.0294678	
0.442976	0.432857	0.398934	0.354013	0.320828	0.313937	0.338937	0.380489	0.422126	0.441948	0.432041	0.377479	0.285204	0.168253	0.0495371	-0.0519845	-0.114001	-0.131316	-0.108949	-0.059277	0.00899632	0.0685575	0.0997023	0.0996743	0.0785595	
0.456272	0.428114	0.374046	0.304264	0.247622	0.237185	0.277765	0.346691	0.409362	0.448378	0.459048	0.427097	0.358175	0.269495	0.167581	0.0724304	-0.000253899	-0.0391545	-0.0386888	-0.00896714	0.0456462	0.0997023	0.127677	0.134435	0.121835	
0.436957	0.380001	0.294671	0.198551	0.123981	0.110325	0.16338	0.255722	0.348411	0.418386	0.455634	0.449424	0.402641	0.335174	0.24861	0.154773	0.0690674	0.0112813	-0.00586419	0.00761807	0.049654	0.0996743	0.134435	0.154106	0.1523	
0.398759	0.304459	0.184767	0.0682564	-0.0128629	-0.0284549	0.0295228	0.136047	0.257596	0.365378	0.4365	0.458295	0.435678	0.380776	0.299056	0.201999	0.100945	0.0252975	-0.00625655	-0.0048999	0.0294678	0.0785595	0.121835	0.1523	0.151663	
