-0.772382	-0.804195	-0.855627	-0.932333	-1.02246	-1.08284	-1.07148	-0.972904	-0.799368	-0.567069	-0.29614	-0.00493469	0.294216	0.585245	0.860232	1.11686	1.32806	1.48456	1.57637	1.60431	1.57553	1.50642	1.41843	1.32682	1.23623	
-0.804195	-0.839389	-0.879228	-0.93115	-0.992297	-1.01597	-0.970336	-0.849307	-0.668538	-0.43064	-0.160591	0.12442	0.411688	0.67866	0.919826	1.13492	1.30406	1.41995	1.47146	1.46278	1.40649	1.31512	1.21325	1.11654	1.03567	
-0.855627	-0.879228	-0.902217	-0.932243	-0.949703	-0.91974	-0.833858	-0.696421	-0.510153	-0.276966	-0.0211331	0.241389	0.500501	0.743097	0.950514	1.11306	1.23207	1.29551	1.29967	1.25495	1.17246	1.06476	0.95054	0.851519	0.781256	
-0.932333	-0.93115	-0.932243	-0.921144	-0.888456	-0.809341	-0.682972	-0.519984	-0.323242	-0.107333	0.121263	0.347662	0.565558	0.770935	0.937692	1.05268	1.11807	1.12722	1.08744	1.00624	0.901938	0.777791	0.653696	0.555212	0.488858	
-1.02246	-0.992297	-0.949703	-0.888456	-0.803916	-0.680612	-0.520784	-0.338631	-0.141315	0.0572128	0.256506	0.445487	0.614779	0.77329	0.894614	0.961408	0.977433	0.938493	0.849442	0.730858	0.608854	0.47784	0.353384	0.249073	0.173223	
-1.08284	-1.01597	-0.91974	-0.809341	-0.680612	-0.529627	-0.354836	-0.167433	0.0183935	0.198445	0.374356	0.528233	0.652239	0.76042	0.837717	0.860903	0.829091	0.742632	0.60935	0.463524	0.327073	0.191688	0.0614908	-0.0545983	-0.141526	
-1.07148	-0.970336	-0.833858	-0.682972	-0.520784	-0.354836	-0.181726	-0.00526202	0.164777	0.3214	0.463882	0.584832	0.674659	0.74219	0.779698	0.766307	0.695087	0.569632	0.405263	0.236276	0.0833315	-0.0627129	-0.200169	-0.321285	-0.410612	
-0.972904	-0.849307	-0.696421	-0.519984	-0.338631	-0.167433	-0.00526202	0.154537	0.302517	0.422638	0.525105	0.619296	0.687968	0.722161	0.724861	0.680115	0.587344	0.442247	0.258952	0.0715657	-0.0993574	-0.250503	-0.387493	-0.511928	-0.607798	
-0.799368	-0.668538	-0.510153	-0.323242	-0.141315	0.0183935	0.164777	0.302517	0.41547	0.498112	0.575518	0.651019	0.700992	0.712447	0.692308	0.629647	0.517336	0.358984	0.167899	-0.0258848	-0.201381	-0.350484	-0.486848	-0.615874	-0.72288	
-0.567069	-0.43064	-0.276966	-0.107333	0.0572128	0.198445	0.3214	0.422638	0.498112	0.560139	0.623927	0.685355	0.715681	0.710927	0.675446	0.603642	0.485803	0.32684	0.137518	-0.0528299	-0.225846	-0.372393	-0.515037	-0.648636	-0.76072	
-0.29614	-0.160591	-0.0211331	0.121263	0.256506	0.374356	0.463882	0.525105	0.575518	0.623927	0.680304	0.724044	0.731624	0.71487	0.674179	0.599337	0.487524	0.339526	0.161443	-0.0225786	-0.195364	-0.345719	-0.486792	-0.61603	-0.723933	
-0.00493469	0.12442	0.241389	0.347662	0.445487	0.528233	0.584832	0.619296	0.651019	0.685355	0.724044	0.743463	0.731947	0.705034	0.668158	0.602937	0.49967	0.365004	0.204774	0.0344456	-0.125689	-0.270923	-0.40376	-0.520132	-0.615306	
0.294216	0.411688	0.500501	0.565558	0.614779	0.652239	0.674659	0.687968	0.700992	0.715681	0.731624	0.731947	0.707636	0.675379	0.642681	0.590187	0.500121	0.381831	0.24091	0.0929501	-0.040371	-0.164596	-0.278925	-0.378356	-0.450258	
0.585245	0.67866	0.743097	0.770935	0.77329	0.76042	0.74219	0.722161	0.712447	0.710927	0.71487	0.705034	0.675379	0.640409	0.60527	0.551312	0.47142	0.373365	0.263456	0.145525	0.0383593	-0.0583469	-0.148316	-0.214934	-0.262573	
0.860232	0.919826	0.950514	0.937692	0.894614	0.837717	0.779698	0.724861	0.692308	0.675446	0.674179	0.668158	0.642681	0.60527	0.548497	0.480224	0.407828	0.330214	0.252793	0.171923	0.0984639	0.032522	-0.0246779	-0.0559201	-0.0742302	
1.11686	1.13492	1.11306	1.05268	0.961408	0.860903	0.766307	0.680115	0.629647	0.603642	0.599337	0.602937	0.590187	0.551312	0.480224	0.396252	0.327802	0.269352	0.216269	0.171028	0.134526	0.105633	0.0870986	0.0868063	0.0947298	
1.32806	1.30406	1.23207	1.11807	0.977433	0.829091	0.695087	0.587344	0.517336	0.485803	0.487524	0.49967	0.500121	0.47142	0.407828	0.327802	0.264607	0.221921	0.187795	0.168852	0.162361	0.162222	0.178682	0.204432	0.23269	
1.48456	1.41995	1.29551	1.12722	0.938493	0.742632	0.569632	0.442247	0.358984	0.32684	0.339526	0.365004	0.381831	0.373365	0.330214	0.269352	0.221921	0.195316	0.182096	0.188544	0.204326	0.223367	0.255219	0.297282	0.334681	
1.57637	1.47146	1.29967	1.08744	0.849442	0.60935	0.405263	0.258952	0.167899	0.137518	0.161443	0.204774	0.24091	0.263456	0.252793	0.216269	0.187795	0.182096	0.197915	0.230972	0.261978	0.292982	0.328365	0.368428	0.399452	
1.60431	1.46278	1.25495	1.00624	0.730858	0.463524	0.236276	0.0715657	-0.0258848	-0.0528299	-0.0225786	0.0344456	0.0929501	0.145525	0.171923	0.171028	0.168852	0.188544	0.230972	0.281583	0.323067	0.354486	0.384001	0.40837	0.422196	
1.57553	1.40649	1.17246	0.901938	0.608854	0.327073	0.0833315	-0.0993574	-0.201381	-0.225846	-0.195364	-0.125689	-0.040371	0.0383593	0.0984639	0.134526	0.162361	0.204326	0.261978	0.323067	0.365561	0.392014	0.408305	0.416594	0.41165	
1.50642	1.31512	1.06476	0.777791	0.47784	0.191688	-0.0627129	-0.250503	-0.350484	-0.372393	-0.345719	-0.270923	-0.164596	-0.0583469	0.032522	0.105633	0.162222	0.223367	0.292982	0.354486	0.392014	0.406042	0.410169	0.400733	0.375793	
1.41843	1.21325	0.95054	0.653696	0.353384	0.0614908	-0.200169	-0.387493	-0.486848	-0.515037	-0.486792	-0.40376	-0.278925	-0.148316	-0.0246779	0.0870986	0.178682	0.255219	0.328365	0.384001	0.408305	0.410169	0.397999	0.370939	0.322773	
1.32682	1.11654	0.851519	0.555212	0.249073	-0.0545983	-0.321285	-0.511928	-0.615874	-0.648636	-0.61603	-0.520132	-0.378356	-0.214934	-0.0559201	0.0868063	0.204432	0.297282	0.368428	0.40837	0.416594	0.400733	0.370939	0.331587	0.269853	
1.23623	1.03567	0.781256	0.488858	0.173223	-0.141526	-0.410612	-0.607798	-0.72288	-0.76072	-0.723933	-0.615306	-0.450258	-0.262573	-0.0742302	0.0947298	0.23269	0.334681	0.399452	0.422196	0.41165	0.375793	0.322773	0.269853	0.208773	
1.14669	0.96955	0.736382	0.446312	0.122709	-0.192685	-0.460075	-0.664253	-0.787508	-0.827359	-0.79006	-0.672485	-0.494059	-0.294964	-0.0900964	0.101763	0.251579	0.356518	0.415883	0.420704	0.386019	0.327069	0.257667	0.192115	0.131361	
1.06165	0.91929	0.708399	0.427939	0.10661	-0.206672	-0.475022	-0.684443	-0.81332	-0.856528	-0.818979	-0.701336	-0.520134	-0.31576	-0.105188	0.0915253	0.246311	0.350994	0.406319	0.399548	0.340685	0.265801	0.190418	0.123352	0.062181	
0.992615	0.890076	0.698819	0.424935	0.112071	-0.19437	-0.465208	-0.678129	-0.815844	-0.862552	-0.823769	-0.710373	-0.53662	-0.330599	-0.122042	0.0713975	0.229005	0.33296	0.378233	0.364827	0.303448	0.216018	0.135433	0.0687842	0.0139896	
0.935534	0.86579	0.689998	0.433973	0.132154	-0.174016	-0.448425	-0.666475	-0.808064	-0.856331	-0.821568	-0.719092	-0.551582	-0.344776	-0.138647	0.0482774	0.206515	0.311971	0.35294	0.338592	0.278954	0.192708	0.108013	0.0407432	-0.010671	
0.89281	0.842281	0.680729	0.439258	0.144243	-0.160871	-0.438318	-0.663295	-0.807255	-0.850762	-0.819448	-0.723303	-0.561842	-0.360933	-0.158241	0.0272527	0.182083	0.289227	0.336725	0.325514	0.267938	0.187915	0.109419	0.04135	-0.0108623	
0.884708	0.837755	0.678467	0.439104	0.145626	-0.158481	-0.437344	-0.663532	-0.808185	-0.850422	-0.819408	-0.7242	-0.562807	-0.365191	-0.163874	0.023338	0.177219	0.283671	0.332652	0.322271	0.266924	0.188012	0.111971	0.0432388	-0.00853644	
0.915579	0.85557	0.686351	0.437359	0.138809	-0.167931	-0.443194	-0.664088	-0.806523	-0.853101	-0.820841	-0.721971	-0.556604	-0.351373	-0.146376	0.0390843	0.196409	0.302579	0.345054	0.331799	0.272859	0.189836	0.106305	0.0385352	-0.0132687	
0.96872	0.880508	0.695398	0.427948	0.12003	-0.185922	-0.458364	-0.673015	-0.813029	-0.860277	-0.822775	-0.713708	-0.542885	-0.33564	-0.128364	0.0619493	0.22061	0.325322	0.367737	0.352825	0.291871	0.203478	0.120167	0.053653	0.00122616	
1.03161	0.905513	0.703015	0.424661	0.106289	-0.204167	-0.473034	-0.684019	-0.816713	-0.861742	-0.822919	-0.705906	-0.526649	-0.322845	-0.112118	0.0842374	0.240028	0.344032	0.395564	0.385898	0.32398	0.243121	0.166116	0.099451	0.0407575	
1.1114	0.946949	0.723171	0.436642	0.112777	-0.202146	-0.469979	-0.676852	-0.801245	-0.841912	-0.805507	-0.687479	-0.50671	-0.303955	-0.0959217	0.0996247	0.251928	0.357084	0.416141	0.415014	0.368558	0.303045	0.230294	0.162557	0.100666	
1.20042	1.00799	0.761094	0.468909	0.149421	-0.166608	-0.434621	-0.63474	-0.754694	-0.794061	-0.755883	-0.642399	-0.469882	-0.276865	-0.0805054	0.0990188	0.242887	0.346315	0.408296	0.423785	0.404209	0.35896	0.297413	0.23947	0.178928	
1.29031	1.08197	0.819489	0.524999	0.21503	-0.0935923	-0.361294	-0.554814	-0.662786	-0.69729	-0.662175	-0.562075	-0.411634	-0.236304	-0.063513	0.0893889	0.214775	0.31304	0.382735	0.415521	0.417304	0.392933	0.354254	0.310352	0.2481	
1.38163	1.17302	0.907763	0.611278	0.309219	0.0120345	-0.25175	-0.43924	-0.539353	-0.570177	-0.540364	-0.452468	-0.321342	-0.177617	-0.0401221	0.0849824	0.188524	0.271596	0.344656	0.395028	0.412202	0.408567	0.389852	0.356436	0.300898	
1.47302	1.27454	1.01888	0.726318	0.425296	0.138872	-0.11839	-0.307101	-0.405848	-0.4299	-0.40264	-0.325381	-0.211106	-0.0964226	0.00646853	0.0967248	0.167408	0.234258	0.306506	0.366321	0.399909	0.408376	0.406538	0.389977	0.355174	
1.55088	1.3728	1.13106	0.854722	0.558577	0.273131	0.0237739	-0.162069	-0.263088	-0.286647	-0.257836	-0.18651	-0.0910091	8.95573e-05	0.0718922	0.121815	0.160836	0.210673	0.274128	0.336474	0.377326	0.399404	0.410949	0.412988	0.400806	
1.59977	1.44622	1.22617	0.966073	0.68102	0.406991	0.173849	0.00130932	-0.0992283	-0.125145	-0.093844	-0.0307422	0.0371894	0.100498	0.141489	0.155472	0.165584	0.194711	0.24375	0.299367	0.342975	0.373363	0.397173	0.414925	0.421136	
1.59456	1.47374	1.28646	1.05937	0.804316	0.550985	0.336239	0.182935	0.089603	0.0596538	0.0869264	0.135806	0.181835	0.216228	0.220503	0.196847	0.178029	0.182744	0.210194	0.251147	0.287517	0.319705	0.354056	0.388676	0.413669	
1.52973	1.4485	1.304	1.11675	0.907801	0.692734	0.506814	0.371595	0.284791	0.253635	0.270883	0.303391	0.327413	0.331221	0.29978	0.247516	0.206777	0.187914	0.18654	0.203988	0.225553	0.250086	0.285068	0.328821	0.365786	
1.39754	1.35743	1.26454	1.12875	0.968863	0.800773	0.650965	0.535244	0.459053	0.426716	0.432821	0.44882	0.455793	0.433913	0.37732	0.304461	0.246515	0.209083	0.18264	0.173308	0.176639	0.185654	0.209985	0.244533	0.27754	
1.20709	1.20877	1.16619	1.08477	0.974267	0.854549	0.744626	0.648893	0.590625	0.562515	0.559377	0.565808	0.558653	0.522058	0.451743	0.366352	0.298977	0.247757	0.202448	0.168909	0.145462	0.129612	0.126444	0.137218	0.153637	
0.966734	1.00984	1.02061	0.989777	0.927634	0.853866	0.781485	0.713099	0.672521	0.651502	0.6479	0.64658	0.62543	0.587229	0.521909	0.445645	0.375724	0.305882	0.239393	0.17396	0.114996	0.0639232	0.0219226	0.0036108	-0.0023805	
0.697172	0.777587	0.831634	0.844132	0.828183	0.796836	0.761486	0.727885	0.708623	0.700545	0.70234	0.692462	0.663393	0.62705	0.584607	0.526845	0.44988	0.360296	0.264153	0.160145	0.0656542	-0.0201598	-0.0981623	-0.150139	-0.186644	
0.412506	0.522123	0.600361	0.649781	0.680113	0.697409	0.704324	0.704749	0.710002	0.717545	0.727567	0.721892	0.694529	0.660919	0.629524	0.578466	0.492711	0.382102	0.252991	0.115749	-0.00767833	-0.120629	-0.226152	-0.313814	-0.376291	
0.113969	0.240286	0.346096	0.436147	0.514974	0.579669	0.623618	0.651301	0.675137	0.701799	0.730237	0.742044	0.725034	0.695236	0.659337	0.600401	0.502071	0.373613	0.219946	0.0579156	-0.0917377	-0.230323	-0.356789	-0.467939	-0.553658	
-0.181011	-0.0478349	0.0841139	0.213155	0.333752	0.440374	0.516234	0.563856	0.607141	0.650955	0.70207	0.735534	0.733836	0.713303	0.67442	0.601086	0.492446	0.349914	0.178942	-0.000519108	-0.171103	-0.321344	-0.460179	-0.584512	-0.689553	
