0.395284	0.292764	0.184911	0.0804673	-0.0304055	-0.143461	-0.234345	-0.284895	-0.282476	-0.245415	-0.189386	-0.114203	-0.0229213	0.0844456	0.209851	0.338254	0.471221	0.593627	0.69714	0.773091	0.812274	0.827512	0.825958	0.812818	0.788513	
0.292764	0.19019	0.0953007	0.0171963	-0.0675268	-0.149902	-0.202338	-0.2049	-0.163059	-0.0971546	-0.0299339	0.0381287	0.105327	0.185619	0.279646	0.380676	0.492499	0.602074	0.69794	0.763302	0.790181	0.796314	0.775729	0.737249	0.690393	
0.184911	0.0953007	0.0195469	-0.0405118	-0.100976	-0.148115	-0.160284	-0.12446	-0.053665	0.0379301	0.111347	0.16621	0.205586	0.255465	0.32157	0.396596	0.483415	0.577091	0.653605	0.706404	0.722282	0.715257	0.677709	0.619062	0.550843	
0.0804673	0.0171963	-0.0405118	-0.0867684	-0.113514	-0.125013	-0.106863	-0.045953	0.0460302	0.15092	0.232276	0.274513	0.293878	0.313969	0.349621	0.397726	0.456613	0.526628	0.586917	0.625794	0.635736	0.617453	0.566023	0.491114	0.402326	
-0.0304055	-0.0675268	-0.100976	-0.113514	-0.107839	-0.0877842	-0.0430514	0.0334391	0.13763	0.250704	0.335822	0.374091	0.377477	0.367692	0.367403	0.382829	0.413523	0.461624	0.50676	0.535935	0.542331	0.516159	0.459015	0.377515	0.270061	
-0.143461	-0.149902	-0.148115	-0.125013	-0.0877842	-0.0381364	0.0351139	0.127755	0.238314	0.347955	0.428615	0.46444	0.452697	0.414218	0.378925	0.360608	0.366068	0.394422	0.426988	0.445951	0.444992	0.419059	0.362727	0.280425	0.171332	
-0.234345	-0.202338	-0.160284	-0.106863	-0.0430514	0.0351139	0.133089	0.233787	0.3397	0.437273	0.508568	0.537977	0.514773	0.453892	0.389762	0.337758	0.319556	0.331828	0.352642	0.362426	0.360891	0.336723	0.285595	0.20804	0.104396	
-0.284895	-0.2049	-0.12446	-0.045953	0.0334391	0.127755	0.233787	0.337422	0.43912	0.527795	0.586301	0.59991	0.561351	0.485336	0.397255	0.322712	0.285083	0.281516	0.291753	0.298289	0.299563	0.285637	0.244963	0.181858	0.0892068	
-0.282476	-0.163059	-0.053665	0.0460302	0.13763	0.238314	0.3397	0.43912	0.536579	0.615742	0.660094	0.657456	0.60363	0.515579	0.41427	0.324639	0.271862	0.251743	0.258152	0.271665	0.281117	0.283503	0.260302	0.211847	0.132126	
-0.245415	-0.0971546	0.0379301	0.15092	0.250704	0.347955	0.437273	0.527795	0.615742	0.684847	0.720738	0.705806	0.642939	0.547595	0.442415	0.349399	0.281619	0.253206	0.261019	0.285335	0.308736	0.325203	0.321407	0.290336	0.211552	
-0.189386	-0.0299339	0.111347	0.232276	0.335822	0.428615	0.508568	0.586301	0.660094	0.720738	0.760147	0.74618	0.682728	0.587279	0.479621	0.380378	0.304513	0.273112	0.29017	0.329735	0.368652	0.400784	0.413033	0.387106	0.306717	
-0.114203	0.0381287	0.16621	0.274513	0.374091	0.46444	0.537977	0.59991	0.657456	0.705806	0.74618	0.742556	0.695608	0.613098	0.510569	0.41172	0.333184	0.29919	0.317754	0.364482	0.416784	0.466887	0.489404	0.465504	0.386561	
-0.0229213	0.105327	0.205586	0.293878	0.377477	0.452697	0.514773	0.561351	0.60363	0.642939	0.682728	0.695608	0.669676	0.601636	0.510993	0.419653	0.349136	0.318657	0.333659	0.380085	0.442041	0.500095	0.524071	0.49825	0.427276	
0.0844456	0.185619	0.255465	0.313969	0.367692	0.414218	0.453892	0.485336	0.515579	0.547595	0.587279	0.613098	0.601636	0.552491	0.479986	0.404097	0.34837	0.320179	0.325831	0.364617	0.423537	0.478742	0.503732	0.485425	0.428204	
0.209851	0.279646	0.32157	0.349621	0.367403	0.378925	0.389762	0.397255	0.41427	0.442415	0.479621	0.510569	0.510993	0.479986	0.426747	0.364924	0.317646	0.287295	0.285095	0.310141	0.351465	0.399357	0.424174	0.418416	0.379499	
0.338254	0.380676	0.396596	0.397726	0.382829	0.360608	0.337758	0.322712	0.324639	0.349399	0.380378	0.41172	0.419653	0.404097	0.364924	0.307253	0.256564	0.222752	0.2067	0.212717	0.234187	0.26638	0.287915	0.290853	0.26357	
0.471221	0.492499	0.483415	0.456613	0.413523	0.366068	0.319556	0.285083	0.271862	0.281619	0.304513	0.333184	0.349136	0.34837	0.317646	0.256564	0.193213	0.134716	0.0912279	0.0699343	0.0739413	0.0931501	0.105668	0.104854	0.0865216	
0.593627	0.602074	0.577091	0.526628	0.461624	0.394422	0.331828	0.281516	0.251743	0.253206	0.273112	0.29919	0.318657	0.320179	0.287295	0.222752	0.134716	0.0397408	-0.0457928	-0.0978098	-0.11113	-0.104775	-0.111811	-0.124645	-0.141427	
0.69714	0.69794	0.653605	0.586917	0.50676	0.426988	0.352642	0.291753	0.258152	0.261019	0.29017	0.317754	0.333659	0.325831	0.285095	0.2067	0.0912279	-0.0457928	-0.173684	-0.263452	-0.301756	-0.319419	-0.346564	-0.375013	-0.3935	
0.773091	0.763302	0.706404	0.625794	0.535935	0.445951	0.362426	0.298289	0.271665	0.285335	0.329735	0.364482	0.380085	0.364617	0.310141	0.212717	0.0699343	-0.0978098	-0.263452	-0.400905	-0.484988	-0.542695	-0.590144	-0.625818	-0.650287	
0.812274	0.790181	0.722282	0.635736	0.542331	0.444992	0.360891	0.299563	0.281117	0.308736	0.368652	0.416784	0.442041	0.423537	0.351465	0.234187	0.0739413	-0.11113	-0.301756	-0.484988	-0.631645	-0.736717	-0.811486	-0.860495	-0.890081	
0.827512	0.796314	0.715257	0.617453	0.516159	0.419059	0.336723	0.285637	0.283503	0.325203	0.400784	0.466887	0.500095	0.478742	0.399357	0.26638	0.0931501	-0.104775	-0.319419	-0.542695	-0.736717	-0.887519	-0.989798	-1.05184	-1.0838	
0.825958	0.775729	0.677709	0.566023	0.459015	0.362727	0.285595	0.244963	0.260302	0.321407	0.413033	0.489404	0.524071	0.503732	0.424174	0.287915	0.105668	-0.111811	-0.346564	-0.590144	-0.811486	-0.989798	-1.11707	-1.19245	-1.21817	
0.812818	0.737249	0.619062	0.491114	0.377515	0.280425	0.20804	0.181858	0.211847	0.290336	0.387106	0.465504	0.49825	0.485425	0.418416	0.290853	0.104854	-0.124645	-0.375013	-0.625818	-0.860495	-1.05184	-1.19245	-1.26969	-1.27811	
0.788513	0.690393	0.550843	0.402326	0.270061	0.171332	0.104396	0.0892068	0.132126	0.211552	0.306717	0.386561	0.427276	0.428204	0.379499	0.26357	0.0865216	-0.141427	-0.3935	-0.650287	-0.890081	-1.0838	-1.21817	-1.27811	-1.26072	
0.743137	0.620534	0.459452	0.283193	0.129146	0.0188443	-0.0456	-0.0520967	-0.00788444	0.0739716	0.173304	0.266687	0.323993	0.339529	0.297865	0.193295	0.0323877	-0.176317	-0.418578	-0.672002	-0.910151	-1.0929	-1.2053	-1.23568	-1.18887	
0.670701	0.513719	0.323103	0.123962	-0.0496051	-0.173697	-0.241742	-0.250654	-0.207131	-0.11741	-0.000498452	0.114291	0.192543	0.220726	0.18654	0.0966232	-0.0399598	-0.224278	-0.449194	-0.692025	-0.920775	-1.08758	-1.17633	-1.17757	-1.09995	
0.572136	0.375062	0.159605	-0.0539537	-0.24127	-0.37752	-0.459262	-0.4789	-0.433841	-0.334618	-0.197202	-0.0611738	0.0390101	0.083152	0.0696784	0.00398104	-0.107585	-0.265901	-0.469831	-0.701001	-0.914184	-1.07473	-1.15504	-1.13662	-1.03279	
0.467315	0.239951	0.00613156	-0.216013	-0.413547	-0.56972	-0.662396	-0.687844	-0.641651	-0.528646	-0.373545	-0.221797	-0.101092	-0.0336402	-0.0285579	-0.0737569	-0.165264	-0.305744	-0.48906	-0.7001	-0.901648	-1.0603	-1.14099	-1.11592	-0.99195	
0.391432	0.152119	-0.0888794	-0.320422	-0.532581	-0.704269	-0.804997	-0.829204	-0.775332	-0.652602	-0.487229	-0.323071	-0.186382	-0.105161	-0.0883201	-0.127222	-0.215203	-0.344866	-0.513076	-0.709239	-0.896955	-1.05349	-1.13529	-1.10558	-0.970625	
0.37651	0.136335	-0.105612	-0.337936	-0.555428	-0.728968	-0.831035	-0.85681	-0.79966	-0.676925	-0.508363	-0.342892	-0.201909	-0.118409	-0.0998527	-0.138649	-0.225381	-0.354883	-0.518987	-0.713106	-0.898125	-1.05385	-1.13573	-1.10472	-0.967927	
0.431458	0.197396	-0.0403349	-0.267456	-0.470192	-0.63376	-0.73017	-0.754273	-0.705783	-0.588319	-0.428404	-0.270527	-0.142657	-0.06831	-0.0574794	-0.0988456	-0.187808	-0.322462	-0.498686	-0.702671	-0.898133	-1.05596	-1.13743	-1.11071	-0.981351	
0.529492	0.317529	0.0935413	-0.122705	-0.313697	-0.457873	-0.544054	-0.567577	-0.523251	-0.418288	-0.27282	-0.130024	-0.0213182	0.0322821	0.026832	-0.029418	-0.131005	-0.281327	-0.477071	-0.70019	-0.909027	-1.06885	-1.1485	-1.12654	-1.01396	
0.633369	0.46056	0.259876	0.0535402	-0.126409	-0.254332	-0.328426	-0.341222	-0.296367	-0.203894	-0.0781066	0.0455652	0.132394	0.165602	0.139012	0.0583622	-0.0686015	-0.242436	-0.458579	-0.697983	-0.920059	-1.08296	-1.16697	-1.15838	-1.06931	
0.71752	0.582319	0.409161	0.223528	0.0614259	-0.0552017	-0.119209	-0.125208	-0.0820997	0.0028439	0.108396	0.209681	0.274934	0.295722	0.255716	0.155618	0.00440028	-0.195166	-0.431353	-0.680148	-0.915874	-1.09235	-1.19365	-1.21174	-1.15257	
0.773787	0.666545	0.519691	0.359431	0.218151	0.115636	0.0503782	0.0403099	0.0845283	0.164008	0.258319	0.342448	0.389085	0.396179	0.351736	0.241124	0.0685457	-0.152271	-0.402078	-0.659077	-0.899043	-1.08991	-1.21698	-1.2655	-1.23676	
0.804183	0.720117	0.592627	0.45814	0.337524	0.240888	0.17069	0.148777	0.185476	0.265322	0.362023	0.439939	0.474768	0.467015	0.407528	0.284353	0.101346	-0.130345	-0.382651	-0.636339	-0.874133	-1.06771	-1.20798	-1.28072	-1.27958	
0.822373	0.761667	0.6558	0.537308	0.429631	0.332289	0.257163	0.222905	0.243742	0.313777	0.408421	0.486618	0.519902	0.50148	0.425806	0.291819	0.106215	-0.116809	-0.35953	-0.606525	-0.833605	-1.01875	-1.15309	-1.23162	-1.25212	
0.828221	0.790953	0.703774	0.600993	0.496339	0.400158	0.320001	0.271499	0.276997	0.32632	0.408734	0.479913	0.51484	0.493108	0.412453	0.277032	0.100251	-0.105668	-0.328726	-0.562817	-0.770531	-0.934387	-1.04753	-1.11529	-1.14573	
0.8206	0.795566	0.722301	0.631338	0.535824	0.438227	0.354362	0.297252	0.284774	0.316833	0.383337	0.43924	0.468067	0.448263	0.372082	0.246586	0.081033	-0.108714	-0.308398	-0.509269	-0.677192	-0.801841	-0.888401	-0.942967	-0.973787	
0.79271	0.777506	0.716867	0.633723	0.542061	0.447674	0.363882	0.299134	0.275106	0.295111	0.345338	0.384291	0.403537	0.386471	0.324782	0.219007	0.0688818	-0.10742	-0.284355	-0.440694	-0.549827	-0.626303	-0.683292	-0.723284	-0.749691	
0.732014	0.728703	0.678473	0.605103	0.520713	0.437154	0.358222	0.294948	0.26448	0.270126	0.305406	0.335285	0.349617	0.338315	0.2927	0.206856	0.079379	-0.0717471	-0.215497	-0.32375	-0.377298	-0.408399	-0.444112	-0.475757	-0.496356	
0.637104	0.642913	0.609828	0.553206	0.481449	0.408373	0.340393	0.284858	0.251159	0.252744	0.275171	0.300955	0.319133	0.317942	0.282881	0.213778	0.115834	0.00342743	-0.0998449	-0.165607	-0.187474	-0.189128	-0.203806	-0.223733	-0.240821	
0.522618	0.537509	0.522186	0.484037	0.431109	0.375079	0.32203	0.281159	0.260499	0.26531	0.285614	0.312719	0.331208	0.333293	0.30301	0.241218	0.168373	0.0966647	0.0372395	0.00389146	0.00166664	0.0162189	0.02187	0.0168896	-0.000234708	
0.390411	0.424512	0.429306	0.420092	0.392695	0.359421	0.325622	0.302401	0.298751	0.318465	0.346253	0.376891	0.388194	0.378769	0.343584	0.284802	0.230337	0.189285	0.164591	0.160524	0.174538	0.200852	0.219988	0.223109	0.199909	
0.261689	0.319278	0.350701	0.367238	0.3718	0.368759	0.365853	0.36525	0.375112	0.402364	0.437958	0.469102	0.473084	0.448781	0.401866	0.34295	0.295468	0.265083	0.258145	0.276596	0.310046	0.351438	0.375869	0.374616	0.341277	
0.132546	0.221892	0.280541	0.326188	0.365623	0.39887	0.427646	0.449477	0.475178	0.50578	0.54441	0.573229	0.567139	0.524613	0.46041	0.391758	0.340881	0.311897	0.314562	0.347859	0.400939	0.453675	0.478769	0.465463	0.415843	
0.0182648	0.135589	0.222717	0.300198	0.374059	0.438455	0.493287	0.534246	0.571504	0.606929	0.647972	0.666782	0.647018	0.58613	0.501876	0.415631	0.35115	0.322087	0.333628	0.377967	0.441137	0.499108	0.523102	0.499121	0.432272	
-0.0797422	0.0642415	0.183258	0.283501	0.378588	0.464801	0.534775	0.590384	0.641153	0.685804	0.72538	0.728061	0.690099	0.613553	0.514853	0.418677	0.341629	0.308499	0.325854	0.373307	0.429971	0.485159	0.509419	0.48476	0.407908	
-0.161214	-0.00243937	0.13523	0.25383	0.357066	0.448976	0.526638	0.59746	0.665623	0.721331	0.761742	0.751911	0.692778	0.601333	0.494712	0.393652	0.315727	0.283459	0.302772	0.346726	0.39118	0.430569	0.447421	0.422367	0.341948	
