0.608991	0.550695	0.493425	0.415926	0.316501	0.193799	0.046357	-0.112662	-0.267763	-0.408262	-0.540341	-0.658073	-0.736503	-0.757385	-0.729895	-0.648421	-0.520412	-0.355806	-0.166081	0.0293876	0.189668	0.309931	0.383107	0.400227	0.370222	
0.550695	0.480939	0.396877	0.281451	0.148315	0.00134613	-0.166366	-0.349907	-0.519932	-0.661151	-0.7843	-0.878042	-0.915667	-0.879324	-0.790328	-0.658263	-0.486097	-0.292889	-0.0832509	0.121402	0.281487	0.388717	0.436725	0.420798	0.355942	
0.493425	0.396877	0.274281	0.125846	-0.0296456	-0.190487	-0.369401	-0.556737	-0.725695	-0.863858	-0.973058	-1.03177	-1.02371	-0.941689	-0.793922	-0.611716	-0.410499	-0.202973	0.0103503	0.204354	0.353565	0.439896	0.46196	0.418495	0.315906	
0.415926	0.281451	0.125846	-0.0414248	-0.213794	-0.382413	-0.554445	-0.720913	-0.873895	-1.0028	-1.08484	-1.11053	-1.07174	-0.952763	-0.762068	-0.543264	-0.324451	-0.10842	0.0979352	0.27419	0.3989	0.458614	0.456677	0.383332	0.246322	
0.316501	0.148315	-0.0296456	-0.213794	-0.39306	-0.558405	-0.707992	-0.84212	-0.963897	-1.06122	-1.11265	-1.11312	-1.05255	-0.913603	-0.709722	-0.482078	-0.255318	-0.0353149	0.160933	0.321995	0.419007	0.455693	0.430372	0.327759	0.159919	
0.193799	0.00134613	-0.190487	-0.382413	-0.558405	-0.711173	-0.824827	-0.914351	-0.984492	-1.03939	-1.06193	-1.04441	-0.971879	-0.83455	-0.646602	-0.438548	-0.226954	-0.0151648	0.173168	0.316422	0.398388	0.420994	0.375975	0.251504	0.0649959	
0.046357	-0.166366	-0.369401	-0.554445	-0.707992	-0.824827	-0.893402	-0.933631	-0.951511	-0.965638	-0.968221	-0.945877	-0.875757	-0.748908	-0.590131	-0.413157	-0.225248	-0.0396451	0.125927	0.248114	0.325891	0.345003	0.293695	0.161925	-0.0360764	
-0.112662	-0.349907	-0.556737	-0.720913	-0.84212	-0.914351	-0.933631	-0.919979	-0.903302	-0.889613	-0.871915	-0.844227	-0.780618	-0.677842	-0.548663	-0.402036	-0.241553	-0.0856607	0.0560878	0.165679	0.229268	0.240695	0.189664	0.0579249	-0.141663	
-0.267763	-0.519932	-0.725695	-0.873895	-0.963897	-0.984492	-0.951511	-0.903302	-0.867941	-0.834417	-0.805479	-0.773811	-0.723246	-0.644367	-0.536627	-0.41449	-0.283137	-0.149208	-0.0250847	0.0715894	0.12174	0.127355	0.0770087	-0.0440458	-0.234456	
-0.408262	-0.661151	-0.863858	-1.0028	-1.06122	-1.03939	-0.965638	-0.889613	-0.834417	-0.794082	-0.769312	-0.745393	-0.710091	-0.647337	-0.555558	-0.451703	-0.344768	-0.232183	-0.124805	-0.0376951	0.00977302	0.0159574	-0.0260665	-0.124296	-0.289358	
-0.540341	-0.7843	-0.973058	-1.08484	-1.11265	-1.06193	-0.968221	-0.871915	-0.805479	-0.769312	-0.758269	-0.75351	-0.736433	-0.689533	-0.615565	-0.522205	-0.423517	-0.324382	-0.224989	-0.138069	-0.0792146	-0.0607744	-0.0866408	-0.161236	-0.290735	
-0.658073	-0.878042	-1.03177	-1.11053	-1.11312	-1.04441	-0.945877	-0.844227	-0.773811	-0.745393	-0.75351	-0.772665	-0.777742	-0.758907	-0.700064	-0.606322	-0.506657	-0.409394	-0.307575	-0.206838	-0.124331	-0.0830863	-0.0891121	-0.143831	-0.24453	
-0.736503	-0.915667	-1.02371	-1.07174	-1.05255	-0.971879	-0.875757	-0.780618	-0.723246	-0.710091	-0.736433	-0.777742	-0.810603	-0.81468	-0.769341	-0.681178	-0.584123	-0.480694	-0.364019	-0.24153	-0.136303	-0.0700691	-0.0559247	-0.0883578	-0.167521	
-0.757385	-0.879324	-0.941689	-0.952763	-0.913603	-0.83455	-0.748908	-0.677842	-0.644367	-0.647337	-0.689533	-0.758907	-0.81468	-0.837135	-0.799608	-0.72486	-0.633126	-0.522645	-0.389764	-0.253789	-0.133573	-0.0449461	-0.00704055	-0.0154591	-0.0690225	
-0.729895	-0.790328	-0.793922	-0.762068	-0.709722	-0.646602	-0.590131	-0.548663	-0.536627	-0.555558	-0.615565	-0.700064	-0.769341	-0.799608	-0.780992	-0.723559	-0.642591	-0.532969	-0.397321	-0.253732	-0.116213	-0.0119958	0.0477614	0.0603555	0.0186788	
-0.648421	-0.658263	-0.611716	-0.543264	-0.482078	-0.438548	-0.413157	-0.402036	-0.41449	-0.451703	-0.522205	-0.606322	-0.681178	-0.72486	-0.723559	-0.681378	-0.610639	-0.510517	-0.389545	-0.250168	-0.1059	0.012872	0.0829377	0.102068	0.0694801	
-0.520412	-0.486097	-0.410499	-0.324451	-0.255318	-0.226954	-0.225248	-0.241553	-0.283137	-0.344768	-0.423517	-0.506657	-0.584123	-0.633126	-0.642591	-0.610639	-0.543623	-0.455259	-0.354874	-0.235813	-0.103934	0.00662386	0.0714596	0.0906209	0.0657519	
-0.355806	-0.292889	-0.202973	-0.10842	-0.0353149	-0.0151648	-0.0396451	-0.0856607	-0.149208	-0.232183	-0.324382	-0.409394	-0.480694	-0.522645	-0.532969	-0.510517	-0.455259	-0.383846	-0.301326	-0.207738	-0.106994	-0.0224139	0.0247374	0.0318816	0.00931158	
-0.166081	-0.0832509	0.0103503	0.0979352	0.160933	0.173168	0.125927	0.0560878	-0.0250847	-0.124805	-0.224989	-0.307575	-0.364019	-0.389764	-0.397321	-0.389545	-0.354874	-0.301326	-0.238336	-0.172092	-0.112204	-0.0669454	-0.0497642	-0.0622237	-0.0816384	
0.0293876	0.121402	0.204354	0.27419	0.321995	0.316422	0.248114	0.165679	0.0715894	-0.0376951	-0.138069	-0.206838	-0.24153	-0.253789	-0.253732	-0.250168	-0.235813	-0.207738	-0.172092	-0.138454	-0.122466	-0.118756	-0.137431	-0.168713	-0.184983	
0.189668	0.281487	0.353565	0.3989	0.419007	0.398388	0.325891	0.229268	0.12174	0.00977302	-0.0792146	-0.124331	-0.136303	-0.133573	-0.116213	-0.1059	-0.103934	-0.106994	-0.112204	-0.122466	-0.147123	-0.180403	-0.224089	-0.265249	-0.27825	
0.309931	0.388717	0.439896	0.458614	0.455693	0.420994	0.345003	0.240695	0.127355	0.0159574	-0.0607744	-0.0830863	-0.0700691	-0.0449461	-0.0119958	0.012872	0.00662386	-0.0224139	-0.0669454	-0.118756	-0.180403	-0.247696	-0.304143	-0.34154	-0.338389	
0.383107	0.436725	0.46196	0.456677	0.430372	0.375975	0.293695	0.189664	0.0770087	-0.0260665	-0.0866408	-0.0891121	-0.0559247	-0.00704055	0.0477614	0.0829377	0.0714596	0.0247374	-0.0497642	-0.137431	-0.224089	-0.304143	-0.358265	-0.374162	-0.340351	
0.400227	0.420798	0.418495	0.383332	0.327759	0.251504	0.161925	0.0579249	-0.0440458	-0.124296	-0.161236	-0.143831	-0.0883578	-0.0154591	0.0603555	0.102068	0.0906209	0.0318816	-0.0622237	-0.168713	-0.265249	-0.34154	-0.374162	-0.35404	-0.286812	
0.370222	0.355942	0.315906	0.246322	0.159919	0.0649959	-0.0360764	-0.141663	-0.234456	-0.289358	-0.290735	-0.24453	-0.167521	-0.0690225	0.0186788	0.0694801	0.0657519	0.00931158	-0.0816384	-0.184983	-0.27825	-0.338389	-0.340351	-0.286812	-0.192458	
0.298277	0.253986	0.181962	0.0814278	-0.0354144	-0.153225	-0.271826	-0.378809	-0.462682	-0.493016	-0.456533	-0.377193	-0.273264	-0.15473	-0.0472063	0.0142038	0.0210595	-0.0214283	-0.0979035	-0.184933	-0.260829	-0.292633	-0.268122	-0.188336	-0.0709635	
0.204594	0.13637	0.0426469	-0.0785496	-0.219244	-0.358238	-0.49214	-0.603628	-0.683397	-0.697274	-0.637504	-0.528785	-0.392922	-0.248928	-0.12555	-0.0480602	-0.0226961	-0.0487488	-0.100616	-0.1587	-0.208151	-0.217511	-0.174143	-0.0739804	0.0658631	
0.105908	0.0150993	-0.0899757	-0.221084	-0.373048	-0.523169	-0.66615	-0.784768	-0.864549	-0.872493	-0.804066	-0.674607	-0.509174	-0.337835	-0.188502	-0.0904353	-0.0494515	-0.0565923	-0.0843929	-0.11563	-0.140153	-0.130554	-0.0734714	0.0440237	0.208548	
0.0108621	-0.0934931	-0.208541	-0.3375	-0.484545	-0.642064	-0.794619	-0.919176	-0.996392	-1.00445	-0.934393	-0.793251	-0.600792	-0.398379	-0.225157	-0.108069	-0.0603723	-0.0531929	-0.0585012	-0.0709536	-0.077424	-0.0559105	0.0167823	0.148987	0.328127	
-0.0468397	-0.168296	-0.288264	-0.414125	-0.554238	-0.709622	-0.864736	-0.995728	-1.07274	-1.07886	-1.01396	-0.868988	-0.658065	-0.432895	-0.239088	-0.11229	-0.0615664	-0.043978	-0.0329075	-0.0369042	-0.0373277	-0.00955241	0.0745778	0.218062	0.400519	
-0.0581398	-0.182782	-0.301681	-0.427376	-0.567921	-0.722754	-0.875847	-1.0072	-1.08533	-1.09194	-1.02889	-0.8828	-0.667716	-0.437985	-0.240858	-0.114428	-0.061155	-0.041437	-0.0279495	-0.0295429	-0.0301659	-0.00262669	0.0845715	0.230906	0.412671	
-0.0173656	-0.129031	-0.24719	-0.374557	-0.51761	-0.674951	-0.830607	-0.957895	-1.03426	-1.04094	-0.973305	-0.829346	-0.628417	-0.414882	-0.233057	-0.110453	-0.061475	-0.0496668	-0.0475006	-0.0556352	-0.0585406	-0.0327252	0.0453132	0.181802	0.363003	
0.065713	-0.030723	-0.139716	-0.270443	-0.423294	-0.577073	-0.72337	-0.843683	-0.922722	-0.932099	-0.861982	-0.726178	-0.549687	-0.365774	-0.206385	-0.10036	-0.0553162	-0.0557423	-0.0739375	-0.0973086	-0.113112	-0.0977471	-0.0349706	0.0890766	0.261143	
0.16547	0.0878117	-0.0113983	-0.138576	-0.285065	-0.429272	-0.567497	-0.682588	-0.761709	-0.771349	-0.707186	-0.589314	-0.440374	-0.286204	-0.153206	-0.0681515	-0.0358177	-0.0547366	-0.0964369	-0.142279	-0.181303	-0.182812	-0.133771	-0.0266885	0.123386	
0.262572	0.207526	0.125842	0.0159154	-0.111863	-0.239366	-0.364656	-0.472126	-0.554247	-0.576763	-0.528506	-0.4364	-0.320766	-0.191808	-0.0785997	-0.0114386	0.0023817	-0.033771	-0.101604	-0.178313	-0.244009	-0.265692	-0.232006	-0.143497	-0.0178338	
0.345392	0.318703	0.264363	0.181034	0.0830867	-0.0206448	-0.12828	-0.23466	-0.32329	-0.368434	-0.35425	-0.295023	-0.206619	-0.101061	-0.00531542	0.0491622	0.0486694	-0.0019154	-0.08813	-0.187142	-0.274787	-0.324251	-0.315438	-0.25036	-0.146246	
0.393699	0.400485	0.383165	0.334984	0.266619	0.182815	0.0894961	-0.0151225	-0.113535	-0.183533	-0.206655	-0.179603	-0.115515	-0.0320068	0.0478513	0.0939408	0.0856304	0.0255931	-0.0700282	-0.178239	-0.274522	-0.345914	-0.365843	-0.33193	-0.25318	
0.395762	0.436772	0.452856	0.435946	0.398505	0.335097	0.250227	0.147105	0.0378064	-0.0570727	-0.110291	-0.104849	-0.0628969	-0.00493695	0.0601468	0.0971881	0.0846964	0.0321235	-0.0527963	-0.149913	-0.242329	-0.322749	-0.371055	-0.372945	-0.325155	
0.345996	0.416356	0.45655	0.465749	0.454026	0.412048	0.333722	0.229158	0.114638	0.00492877	-0.0656875	-0.0792892	-0.0587137	-0.0236953	0.0165009	0.046922	0.0385309	0.00125755	-0.0558954	-0.123218	-0.196593	-0.271866	-0.329679	-0.360453	-0.346172	
0.24243	0.330205	0.396249	0.430768	0.440365	0.414892	0.340997	0.239901	0.129561	0.0176465	-0.0667351	-0.102409	-0.104073	-0.0930501	-0.0687231	-0.0528096	-0.0550785	-0.0696793	-0.0917274	-0.119497	-0.159702	-0.207475	-0.258009	-0.299491	-0.307906	
0.0989031	0.192708	0.27092	0.330981	0.368462	0.356429	0.285494	0.19732	0.0974778	-0.0136824	-0.110256	-0.169972	-0.196083	-0.203109	-0.197123	-0.192444	-0.182847	-0.1675	-0.147241	-0.129418	-0.130657	-0.142474	-0.172171	-0.209158	-0.224952	
-0.0857155	0.000598304	0.0915751	0.173067	0.231481	0.237313	0.180201	0.104511	0.0181585	-0.0859142	-0.18774	-0.266363	-0.315351	-0.334494	-0.339456	-0.334819	-0.309927	-0.265158	-0.211834	-0.157869	-0.115293	-0.0863037	-0.0848501	-0.105505	-0.122815	
-0.283045	-0.209761	-0.116735	-0.0234319	0.0462181	0.063924	0.0305522	-0.0259167	-0.0971923	-0.188436	-0.284731	-0.369579	-0.435173	-0.47159	-0.481492	-0.464419	-0.416499	-0.351935	-0.276809	-0.193555	-0.108689	-0.0391217	-0.00226546	-0.00232429	-0.0238821	
-0.457935	-0.410928	-0.329422	-0.237576	-0.16539	-0.141401	-0.150113	-0.178234	-0.229368	-0.299443	-0.383524	-0.468309	-0.544121	-0.591926	-0.602429	-0.573777	-0.509906	-0.427847	-0.335021	-0.22596	-0.104871	-0.00286134	0.0566036	0.071504	0.0487834	
-0.60254	-0.593789	-0.532057	-0.454928	-0.391075	-0.354392	-0.338768	-0.338408	-0.363055	-0.41026	-0.483327	-0.565436	-0.642078	-0.689723	-0.693895	-0.657266	-0.587524	-0.491587	-0.37924	-0.246779	-0.104486	0.0137671	0.0837927	0.104785	0.0745722	
-0.70363	-0.74199	-0.724149	-0.676181	-0.618599	-0.563804	-0.52096	-0.492799	-0.489134	-0.513656	-0.579608	-0.66595	-0.737896	-0.772822	-0.761362	-0.710214	-0.634315	-0.528417	-0.396135	-0.252429	-0.110603	0.00126405	0.0667023	0.0824432	0.0446669	
-0.752301	-0.849793	-0.888532	-0.882528	-0.83855	-0.76402	-0.687841	-0.627894	-0.60418	-0.613781	-0.662617	-0.740419	-0.803193	-0.828791	-0.798351	-0.730082	-0.642056	-0.529608	-0.394592	-0.25457	-0.127414	-0.0330672	0.0149757	0.0167144	-0.0309652	
-0.75146	-0.908458	-1.00021	-1.03433	-1.00668	-0.924282	-0.830498	-0.744454	-0.695501	-0.688673	-0.722001	-0.77347	-0.816466	-0.829319	-0.786469	-0.70353	-0.60872	-0.501952	-0.377743	-0.248807	-0.137691	-0.0606292	-0.0378458	-0.0611265	-0.129466	
-0.695652	-0.901168	-1.0364	-1.10353	-1.09744	-1.02321	-0.925057	-0.823334	-0.755971	-0.734024	-0.749254	-0.777232	-0.793253	-0.783992	-0.731866	-0.638793	-0.538883	-0.440091	-0.333257	-0.224235	-0.131415	-0.0808098	-0.0782428	-0.124145	-0.216785	
-0.590467	-0.826891	-1.0037	-1.10245	-1.11919	-1.06026	-0.963272	-0.863932	-0.794238	-0.760009	-0.756606	-0.761764	-0.75219	-0.716729	-0.648094	-0.555574	-0.457033	-0.360069	-0.260474	-0.169717	-0.102902	-0.0758673	-0.0942858	-0.160554	-0.276569	
