0.429558	0.527756	0.615453	0.681375	0.708942	0.693172	0.651662	0.60488	0.566478	0.543239	0.521932	0.491122	0.454712	0.413883	0.354429	0.26404	0.145589	0.00693001	-0.134815	-0.258854	-0.362262	-0.431551	-0.464896	-0.48255	-0.488594	
0.527756	0.629666	0.720383	0.781399	0.794587	0.766717	0.7134	0.651377	0.601989	0.5789	0.563997	0.54768	0.539006	0.525594	0.489918	0.421192	0.315773	0.184157	0.058387	-0.0516428	-0.150114	-0.230202	-0.286815	-0.323607	-0.340979	
0.615453	0.720383	0.803786	0.841419	0.839423	0.802218	0.738953	0.664573	0.612504	0.587753	0.582501	0.589864	0.606695	0.612263	0.599798	0.55742	0.473397	0.366217	0.259579	0.158725	0.0604348	-0.0307343	-0.105547	-0.156849	-0.192511	
0.681375	0.781399	0.841419	0.855882	0.835087	0.784817	0.711692	0.639796	0.594957	0.574911	0.578351	0.603395	0.63187	0.649291	0.654265	0.634649	0.581694	0.512524	0.433337	0.347528	0.254928	0.151021	0.0547657	-0.0180499	-0.0774079	
0.708942	0.794587	0.839423	0.835087	0.795508	0.730515	0.657097	0.591021	0.550453	0.53343	0.550397	0.582005	0.613726	0.638456	0.651311	0.649673	0.634093	0.602066	0.552536	0.488035	0.4047	0.297411	0.190037	0.096909	0.00763277	
0.693172	0.766717	0.802218	0.784817	0.730515	0.663657	0.602722	0.546996	0.511676	0.501754	0.514052	0.540311	0.5719	0.596757	0.60926	0.624655	0.63873	0.642535	0.624674	0.57895	0.502816	0.405391	0.295511	0.184181	0.0730635	
0.651662	0.7134	0.738953	0.711692	0.657097	0.602722	0.556501	0.517465	0.493064	0.481812	0.47841	0.490229	0.513158	0.532575	0.547952	0.576295	0.60768	0.636102	0.64423	0.618547	0.557162	0.470896	0.366891	0.249381	0.118901	
0.60488	0.651377	0.664573	0.639796	0.591021	0.546996	0.517465	0.49649	0.476852	0.450786	0.430137	0.425898	0.436286	0.447989	0.468182	0.50364	0.546641	0.597663	0.625966	0.613183	0.567628	0.493663	0.394891	0.274203	0.131237	
0.566478	0.601989	0.612504	0.594957	0.550453	0.511676	0.493064	0.476852	0.446265	0.401823	0.363246	0.343556	0.344245	0.358915	0.381369	0.420162	0.470705	0.532549	0.576105	0.578287	0.543397	0.476509	0.381917	0.266255	0.123867	
0.543239	0.5789	0.587753	0.574911	0.53343	0.501754	0.481812	0.450786	0.401823	0.341359	0.28894	0.258515	0.248797	0.261667	0.291031	0.330758	0.389229	0.451435	0.500559	0.51502	0.493259	0.435818	0.353496	0.246237	0.115716	
0.521932	0.563997	0.582501	0.578351	0.550397	0.514052	0.47841	0.430137	0.363246	0.28894	0.223259	0.182633	0.167477	0.176062	0.201556	0.242921	0.303112	0.36171	0.408491	0.436939	0.426211	0.383843	0.319507	0.229145	0.118305	
0.491122	0.54768	0.589864	0.603395	0.582005	0.540311	0.490229	0.425898	0.343556	0.258515	0.182633	0.12715	0.101055	0.102496	0.128733	0.171347	0.219515	0.266624	0.308449	0.338233	0.340245	0.31563	0.270273	0.204864	0.120507	
0.454712	0.539006	0.606695	0.63187	0.613726	0.5719	0.513158	0.436286	0.344245	0.248797	0.167477	0.101055	0.0675991	0.0602281	0.0795912	0.115941	0.149356	0.175318	0.201912	0.220914	0.233442	0.225278	0.194188	0.162196	0.114196	
0.413883	0.525594	0.612263	0.649291	0.638456	0.596757	0.532575	0.447989	0.358915	0.261667	0.176062	0.102496	0.0602281	0.0504827	0.0622634	0.0791129	0.0914119	0.0898486	0.0937444	0.099645	0.112984	0.11712	0.110935	0.108244	0.0964135	
0.354429	0.489918	0.599798	0.654265	0.651311	0.60926	0.547952	0.468182	0.381369	0.291031	0.201556	0.128733	0.0795912	0.0622634	0.0581896	0.0489933	0.0287468	0.00248982	-0.0162147	-0.0154729	0.00144206	0.0140233	0.0316613	0.0585365	0.0777392	
0.26404	0.421192	0.55742	0.634649	0.649673	0.624655	0.576295	0.50364	0.420162	0.330758	0.242921	0.171347	0.115941	0.0791129	0.0489933	0.00850693	-0.0420913	-0.0867118	-0.116434	-0.117058	-0.0980958	-0.0712102	-0.0271171	0.0278731	0.0735846	
0.145589	0.315773	0.473397	0.581694	0.634093	0.63873	0.60768	0.546641	0.470705	0.389229	0.303112	0.219515	0.149356	0.0914119	0.0287468	-0.0420913	-0.116824	-0.168674	-0.194224	-0.193061	-0.169383	-0.124552	-0.0640832	0.0149529	0.0888313	
0.00693001	0.184157	0.366217	0.512524	0.602066	0.642535	0.636102	0.597663	0.532549	0.451435	0.36171	0.266624	0.175318	0.0898486	0.00248982	-0.0867118	-0.168674	-0.225189	-0.241596	-0.236045	-0.210479	-0.161047	-0.0838588	0.0113228	0.107094	
-0.134815	0.058387	0.259579	0.433337	0.552536	0.624674	0.64423	0.625966	0.576105	0.500559	0.408491	0.308449	0.201912	0.0937444	-0.0162147	-0.116434	-0.194224	-0.241596	-0.251614	-0.244485	-0.225417	-0.17769	-0.0923163	0.0139076	0.128338	
-0.258854	-0.0516428	0.158725	0.347528	0.488035	0.57895	0.618547	0.613183	0.578287	0.51502	0.436939	0.338233	0.220914	0.099645	-0.0154729	-0.117058	-0.193061	-0.236045	-0.244485	-0.241748	-0.225164	-0.173262	-0.0829771	0.0345058	0.163018	
-0.362262	-0.150114	0.0604348	0.254928	0.4047	0.502816	0.557162	0.567628	0.543397	0.493259	0.426211	0.340245	0.233442	0.112984	0.00144206	-0.0980958	-0.169383	-0.210479	-0.225417	-0.225164	-0.19973	-0.14506	-0.0488099	0.0804371	0.21421	
-0.431551	-0.230202	-0.0307343	0.151021	0.297411	0.405391	0.470896	0.493663	0.476509	0.435818	0.383843	0.31563	0.225278	0.11712	0.0140233	-0.0712102	-0.124552	-0.161047	-0.17769	-0.173262	-0.14506	-0.0864584	0.0159187	0.144024	0.272161	
-0.464896	-0.286815	-0.105547	0.0547657	0.190037	0.295511	0.366891	0.394891	0.381917	0.353496	0.319507	0.270273	0.194188	0.110935	0.0316613	-0.0271171	-0.0640832	-0.0838588	-0.0923163	-0.0829771	-0.0488099	0.0159187	0.106142	0.21892	0.333452	
-0.48255	-0.323607	-0.156849	-0.0180499	0.096909	0.184181	0.249381	0.274203	0.266255	0.246237	0.229145	0.204864	0.162196	0.108244	0.0585365	0.0278731	0.0149529	0.0113228	0.0139076	0.0345058	0.0804371	0.144024	0.21892	0.309954	0.397676	
-0.488594	-0.340979	-0.192511	-0.0774079	0.00763277	0.0730635	0.118901	0.131237	0.123867	0.115716	0.118305	0.120507	0.114196	0.0964135	0.0777392	0.0735846	0.0888313	0.107094	0.128338	0.163018	0.21421	0.272161	0.333452	0.397676	0.454415	
-0.479532	-0.345736	-0.215968	-0.120474	-0.0678238	-0.0293751	-0.0117526	-0.0121307	-0.024857	-0.0294785	-0.00929447	0.019052	0.0443155	0.0690294	0.0963417	0.13097	0.169561	0.20638	0.249872	0.294411	0.34788	0.401738	0.442424	0.47406	0.49669	
-0.447887	-0.33182	-0.228661	-0.159595	-0.134727	-0.124738	-0.128654	-0.141129	-0.156629	-0.157823	-0.138536	-0.0931083	-0.0346939	0.0357031	0.111281	0.18591	0.258069	0.327183	0.390444	0.44367	0.491724	0.521341	0.534321	0.535555	0.5204	
-0.399543	-0.306856	-0.237336	-0.200893	-0.19904	-0.208313	-0.22334	-0.241071	-0.255993	-0.258753	-0.240276	-0.18924	-0.107341	-0.0023073	0.114595	0.230307	0.341996	0.441805	0.527035	0.589537	0.623681	0.626987	0.612705	0.5835	0.533146	
-0.359415	-0.294464	-0.254031	-0.241098	-0.252991	-0.27495	-0.295649	-0.309033	-0.320903	-0.327394	-0.308586	-0.257406	-0.166804	-0.0342276	0.117117	0.261915	0.392717	0.511698	0.619137	0.691071	0.718854	0.712496	0.680582	0.62651	0.54959	
-0.33635	-0.291769	-0.271518	-0.275556	-0.292257	-0.318164	-0.336741	-0.347445	-0.354219	-0.359712	-0.345574	-0.296624	-0.198664	-0.0572941	0.105136	0.261104	0.406263	0.538706	0.656966	0.737863	0.76717	0.754763	0.716659	0.654255	0.561317	
-0.332191	-0.291294	-0.274997	-0.283569	-0.300067	-0.327062	-0.343305	-0.354116	-0.360634	-0.36404	-0.352399	-0.303944	-0.205617	-0.0622872	0.10068	0.257068	0.40505	0.542006	0.661078	0.745189	0.774058	0.758552	0.721187	0.659235	0.562943	
-0.348176	-0.292839	-0.261581	-0.256035	-0.271029	-0.295819	-0.316447	-0.327371	-0.337681	-0.344594	-0.327066	-0.276275	-0.182405	-0.0445974	0.113588	0.265539	0.402303	0.526866	0.639766	0.715837	0.743735	0.736197	0.700086	0.639888	0.555149	
-0.381101	-0.299746	-0.243293	-0.218015	-0.222579	-0.23669	-0.255465	-0.271953	-0.286367	-0.289777	-0.271203	-0.220465	-0.13434	-0.0160332	0.116356	0.24504	0.366421	0.476176	0.571827	0.637377	0.666712	0.66383	0.64196	0.601306	0.539562	
-0.429744	-0.321459	-0.231566	-0.175727	-0.160977	-0.160217	-0.169066	-0.184684	-0.200738	-0.202244	-0.183222	-0.134426	-0.063475	0.0204908	0.113297	0.205156	0.294436	0.376002	0.447668	0.504292	0.547442	0.565819	0.567525	0.556032	0.525825	
-0.469938	-0.343092	-0.222139	-0.136098	-0.0946726	-0.0690157	-0.0604936	-0.0664376	-0.0805147	-0.0840699	-0.062774	-0.0260018	0.0118269	0.0569216	0.104224	0.153627	0.203383	0.252899	0.303971	0.352656	0.404494	0.450644	0.481419	0.501425	0.508243	
-0.486498	-0.344277	-0.203538	-0.0961982	-0.0247697	0.0318697	0.066132	0.0726187	0.0641336	0.0577669	0.0693342	0.0825635	0.0888691	0.0864647	0.0841327	0.0949769	0.120067	0.145196	0.17576	0.214136	0.266752	0.32473	0.377987	0.429253	0.472838	
-0.486896	-0.332649	-0.172688	-0.0436755	0.0601722	0.138802	0.197855	0.218927	0.211635	0.196193	0.186384	0.172696	0.145717	0.105464	0.0674984	0.0469723	0.0449823	0.0495508	0.0594043	0.0854904	0.134669	0.194876	0.265369	0.346972	0.422023	
-0.473237	-0.30396	-0.12881	0.0238094	0.151468	0.250925	0.321709	0.350011	0.339033	0.313757	0.286575	0.24687	0.182404	0.109996	0.0425362	-0.00498079	-0.0327881	-0.046513	-0.0513461	-0.0384956	0.00126503	0.0663223	0.149349	0.253398	0.359283	
-0.447527	-0.255449	-0.0634719	0.109458	0.253272	0.362792	0.431501	0.456134	0.44126	0.40559	0.360807	0.299819	0.213152	0.114442	0.0195	-0.0560405	-0.102773	-0.133427	-0.148119	-0.141469	-0.112551	-0.0513034	0.048698	0.172516	0.296435	
-0.395366	-0.184628	0.0230869	0.214583	0.3638	0.465529	0.524483	0.541952	0.520558	0.473587	0.412117	0.333232	0.234672	0.116708	0.0069165	-0.0876871	-0.153201	-0.194821	-0.210545	-0.209099	-0.181587	-0.124808	-0.0263081	0.103554	0.237382	
-0.303043	-0.0926927	0.119223	0.311372	0.457424	0.551679	0.597875	0.598564	0.568487	0.511362	0.437919	0.342355	0.226206	0.10458	-0.00979846	-0.111588	-0.186284	-0.227535	-0.239316	-0.237883	-0.218189	-0.166005	-0.0731449	0.0504086	0.181678	
-0.186385	0.0131285	0.218407	0.399536	0.528676	0.610186	0.638228	0.624665	0.581647	0.511167	0.42366	0.323321	0.210571	0.0951512	-0.0181249	-0.11949	-0.196309	-0.241302	-0.250186	-0.243994	-0.226894	-0.177934	-0.0908472	0.0185824	0.139902	
-0.0514086	0.131782	0.323371	0.481824	0.584433	0.638165	0.642667	0.613907	0.55455	0.473061	0.381528	0.283783	0.186491	0.090628	-0.00651232	-0.101625	-0.182413	-0.236164	-0.248813	-0.242574	-0.219422	-0.170684	-0.0886242	0.0113103	0.114813	
0.0917218	0.264721	0.431734	0.555902	0.623393	0.642787	0.620239	0.566965	0.494857	0.415283	0.328379	0.238916	0.160092	0.0915348	0.0176788	-0.0616	-0.140681	-0.196003	-0.218003	-0.215127	-0.189066	-0.140418	-0.0738934	0.0121666	0.0962104	
0.219746	0.382835	0.527887	0.616425	0.645456	0.630829	0.589083	0.51901	0.438688	0.351976	0.265618	0.190326	0.1299	0.0855479	0.0427916	-0.0109355	-0.073048	-0.120786	-0.150457	-0.150685	-0.130712	-0.0960513	-0.0433809	0.0220775	0.0780099	
0.322332	0.46709	0.58821	0.65075	0.652029	0.614847	0.557735	0.482408	0.395326	0.304177	0.215788	0.144828	0.0940424	0.0691891	0.055452	0.0342371	0.00125613	-0.0332988	-0.0579074	-0.0586361	-0.040395	-0.0230191	0.00498662	0.0430375	0.073405	
0.393254	0.514259	0.609573	0.652638	0.644859	0.60293	0.53804	0.453718	0.366506	0.272602	0.184494	0.10969	0.0638004	0.0527607	0.060226	0.0676056	0.0676452	0.0555035	0.0490976	0.0524205	0.0668459	0.073667	0.078145	0.0874366	0.0877908	
0.439185	0.535116	0.611066	0.640603	0.625462	0.583001	0.522388	0.44084	0.348685	0.25144	0.168247	0.0987526	0.0625093	0.0535173	0.0695942	0.0993923	0.124955	0.140781	0.159187	0.172537	0.185464	0.183471	0.16109	0.141015	0.1087	
0.4774	0.543691	0.596639	0.615419	0.594349	0.552499	0.49909	0.42971	0.341956	0.251159	0.174175	0.113408	0.0833633	0.0803688	0.105067	0.146291	0.189645	0.228982	0.266299	0.292272	0.299623	0.281845	0.242254	0.189942	0.119431	
0.510782	0.557307	0.583902	0.586616	0.563197	0.523798	0.480386	0.425744	0.352974	0.274784	0.203636	0.157221	0.138407	0.145456	0.170562	0.212919	0.269037	0.323663	0.369407	0.40114	0.39485	0.359284	0.302786	0.221481	0.120371	
