0.737153	0.790039	0.837127	0.866561	0.864903	0.836505	0.784516	0.721692	0.649626	0.570837	0.495888	0.430465	0.376313	0.320416	0.248815	0.17973	0.121633	0.0692051	0.02301	-0.0128466	-0.0493977	-0.099689	-0.172968	-0.247236	-0.318185	
0.790039	0.80749	0.829823	0.848532	0.840082	0.808987	0.748147	0.669955	0.583197	0.482155	0.381535	0.301028	0.229016	0.16338	0.0930948	0.0286325	-0.0127443	-0.0371557	-0.0433935	-0.0372908	-0.0381824	-0.0603776	-0.106624	-0.162856	-0.227407	
0.837127	0.829823	0.836318	0.83586	0.817668	0.772387	0.701396	0.611629	0.508583	0.392911	0.28087	0.186671	0.100513	0.0335063	-0.0347729	-0.0982069	-0.128851	-0.130207	-0.101453	-0.0563824	-0.0265877	-0.0154988	-0.0314556	-0.0670698	-0.120773	
0.866561	0.848532	0.83586	0.816768	0.790292	0.735103	0.654575	0.556715	0.444121	0.323361	0.20749	0.104572	0.0176752	-0.0571306	-0.130003	-0.195331	-0.224076	-0.209658	-0.152908	-0.0746872	-0.00571216	0.0436532	0.0629745	0.047834	-0.000426169	
0.864903	0.840082	0.817668	0.790292	0.748604	0.687695	0.603664	0.504716	0.39245	0.277851	0.169155	0.0701167	-0.0154786	-0.102391	-0.189676	-0.260872	-0.291832	-0.271903	-0.196729	-0.0902901	0.021015	0.11243	0.162962	0.163012	0.119332	
0.836505	0.808987	0.772387	0.735103	0.687695	0.625473	0.541895	0.445731	0.340258	0.238025	0.146481	0.0687263	-0.011282	-0.104814	-0.201029	-0.278023	-0.316688	-0.300974	-0.224449	-0.0972	0.0462779	0.169753	0.246847	0.260712	0.218864	
0.784516	0.748147	0.701396	0.654575	0.603664	0.541895	0.465636	0.376373	0.280893	0.199065	0.132188	0.0758199	0.0111348	-0.0724355	-0.163835	-0.240252	-0.290545	-0.285392	-0.215303	-0.0811112	0.0767926	0.21691	0.311303	0.337875	0.295248	
0.721692	0.669955	0.611629	0.556715	0.504716	0.445731	0.376373	0.292107	0.225043	0.174989	0.141299	0.10449	0.0590105	-0.00870105	-0.0916242	-0.171634	-0.225765	-0.229482	-0.161542	-0.0334194	0.118513	0.257994	0.361891	0.398993	0.361449	
0.649626	0.583197	0.508583	0.444121	0.39245	0.340258	0.280893	0.225043	0.197304	0.181196	0.171171	0.152174	0.121648	0.0714852	-0.00383202	-0.0855269	-0.14238	-0.147663	-0.085435	0.0268486	0.161375	0.293739	0.396715	0.444113	0.414589	
0.570837	0.482155	0.392911	0.323361	0.277851	0.238025	0.199065	0.174989	0.181196	0.198721	0.213608	0.213051	0.196313	0.152205	0.0765667	-0.00901825	-0.062809	-0.0682226	-0.0167638	0.0775851	0.192233	0.30892	0.405273	0.457045	0.443187	
0.495888	0.381535	0.28087	0.20749	0.169155	0.146481	0.132188	0.141299	0.171171	0.213608	0.255674	0.27156	0.263997	0.220914	0.141181	0.0568481	-0.00289364	-0.0183428	0.0171205	0.0922467	0.194326	0.301471	0.388523	0.445846	0.449395	
0.430465	0.301028	0.186671	0.104572	0.0701167	0.0687263	0.0758199	0.10449	0.152174	0.213051	0.27156	0.30242	0.301117	0.260201	0.18355	0.0975723	0.0210445	-0.0173864	-0.00541444	0.0528184	0.150026	0.261221	0.352491	0.421112	0.446407	
0.376313	0.229016	0.100513	0.0176752	-0.0154786	-0.011282	0.0111348	0.0590105	0.121648	0.196313	0.263997	0.301117	0.302271	0.264465	0.189173	0.0923599	-0.00526012	-0.0666526	-0.0762865	-0.0275406	0.0725772	0.196371	0.305856	0.388969	0.430412	
0.320416	0.16338	0.0335063	-0.0571306	-0.102391	-0.104814	-0.0724355	-0.00870105	0.0714852	0.152205	0.220914	0.260201	0.264465	0.229269	0.15085	0.0424366	-0.0728815	-0.153459	-0.181956	-0.145101	-0.0428161	0.0972852	0.232447	0.339398	0.398788	
0.248815	0.0930948	-0.0347729	-0.130003	-0.189676	-0.201029	-0.163835	-0.0916242	-0.00383202	0.0765667	0.141181	0.18355	0.189173	0.15085	0.0676402	-0.0485466	-0.17174	-0.267609	-0.310769	-0.286479	-0.187328	-0.0365501	0.122448	0.254239	0.339207	
0.17973	0.0286325	-0.0982069	-0.195331	-0.260872	-0.278023	-0.240252	-0.171634	-0.0855269	-0.00901825	0.0568481	0.0975723	0.0923599	0.0424366	-0.0485466	-0.173029	-0.296362	-0.399952	-0.453046	-0.43475	-0.342941	-0.193645	-0.0259049	0.126097	0.237381	
0.121633	-0.0127443	-0.128851	-0.224076	-0.291832	-0.316688	-0.290545	-0.225765	-0.14238	-0.062809	-0.00289364	0.0210445	-0.00526012	-0.0728815	-0.17174	-0.296362	-0.421931	-0.530377	-0.592637	-0.584025	-0.501086	-0.365699	-0.199158	-0.0322375	0.0991709	
0.0692051	-0.0371557	-0.130207	-0.209658	-0.271903	-0.300974	-0.285392	-0.229482	-0.147663	-0.0682226	-0.0183428	-0.0173864	-0.0666526	-0.153459	-0.267609	-0.399952	-0.530377	-0.647054	-0.713734	-0.712426	-0.640847	-0.517133	-0.361653	-0.197639	-0.0553606	
0.02301	-0.0433935	-0.101453	-0.152908	-0.196729	-0.224449	-0.215303	-0.161542	-0.085435	-0.0167638	0.0171205	-0.00541444	-0.0762865	-0.181956	-0.310769	-0.453046	-0.592637	-0.713734	-0.79396	-0.80664	-0.746726	-0.636926	-0.495207	-0.339245	-0.201286	
-0.0128466	-0.0372908	-0.0563824	-0.0746872	-0.0902901	-0.0972	-0.0811112	-0.0334194	0.0268486	0.0775851	0.0922467	0.0528184	-0.0275406	-0.145101	-0.286479	-0.43475	-0.584025	-0.712426	-0.80664	-0.839409	-0.797628	-0.706417	-0.584015	-0.444561	-0.317206	
-0.0493977	-0.0381824	-0.0265877	-0.00571216	0.021015	0.0462779	0.0767926	0.118513	0.161375	0.192233	0.194326	0.150026	0.0725772	-0.0428161	-0.187328	-0.342941	-0.501086	-0.640847	-0.746726	-0.797628	-0.778917	-0.713492	-0.614218	-0.497476	-0.380188	
-0.099689	-0.0603776	-0.0154988	0.0436532	0.11243	0.169753	0.21691	0.257994	0.293739	0.30892	0.301471	0.261221	0.196371	0.0972852	-0.0365501	-0.193645	-0.365699	-0.517133	-0.636926	-0.706417	-0.713492	-0.670563	-0.595429	-0.492909	-0.38211	
-0.172968	-0.106624	-0.0314556	0.0629745	0.162962	0.246847	0.311303	0.361891	0.396715	0.405273	0.388523	0.352491	0.305856	0.232447	0.122448	-0.0259049	-0.199158	-0.361653	-0.495207	-0.584015	-0.614218	-0.595429	-0.535096	-0.446415	-0.341174	
-0.247236	-0.162856	-0.0670698	0.047834	0.163012	0.260712	0.337875	0.398993	0.444113	0.457045	0.445846	0.421112	0.388969	0.339398	0.254239	0.126097	-0.0322375	-0.197639	-0.339245	-0.444561	-0.497476	-0.492909	-0.446415	-0.370794	-0.26532	
-0.318185	-0.227407	-0.120773	-0.000426169	0.119332	0.218864	0.295248	0.361449	0.414589	0.443187	0.449395	0.446407	0.430412	0.398788	0.339207	0.237381	0.0991709	-0.0553606	-0.201286	-0.317206	-0.380188	-0.38211	-0.341174	-0.26532	-0.153156	
-0.376009	-0.293891	-0.194087	-0.0745546	0.0432365	0.142872	0.214937	0.273843	0.324487	0.364847	0.394611	0.417455	0.42418	0.411179	0.368269	0.2852	0.169299	0.0298867	-0.103558	-0.210793	-0.269715	-0.269666	-0.222916	-0.138968	-0.0131648	
-0.410425	-0.345399	-0.26541	-0.163813	-0.0589511	0.0325043	0.0998422	0.154373	0.200214	0.24558	0.293585	0.340574	0.371742	0.378912	0.35011	0.278473	0.179336	0.0623057	-0.0465119	-0.130761	-0.171427	-0.16241	-0.106246	-0.00618875	0.140315	
-0.426941	-0.383365	-0.329616	-0.26193	-0.182092	-0.104322	-0.0385872	0.0146148	0.0599016	0.108428	0.16731	0.233103	0.28864	0.315103	0.299671	0.241645	0.152583	0.0595657	-0.0218636	-0.076336	-0.0904137	-0.0638413	0.00165662	0.118405	0.281824	
-0.438349	-0.407996	-0.38174	-0.342308	-0.288853	-0.226616	-0.163403	-0.110168	-0.0655879	-0.0139919	0.0559621	0.131721	0.203455	0.24578	0.243174	0.19354	0.11637	0.0372601	-0.0251606	-0.050919	-0.0315565	0.0144326	0.0965144	0.223358	0.393686	
-0.445993	-0.425495	-0.411493	-0.386572	-0.345362	-0.292523	-0.233132	-0.185274	-0.141882	-0.0900203	-0.0161238	0.06404	0.142749	0.193221	0.200057	0.161657	0.0894318	0.0156901	-0.0384008	-0.0481909	-0.00582175	0.0628363	0.156276	0.289996	0.464712	
-0.448819	-0.429848	-0.415219	-0.394175	-0.353813	-0.302963	-0.245543	-0.198107	-0.15652	-0.104193	-0.0307304	0.0501572	0.130049	0.181907	0.191636	0.156207	0.0834474	0.011657	-0.0425302	-0.0502994	-0.00233393	0.0705184	0.165959	0.301886	0.476935	
-0.441037	-0.415899	-0.396991	-0.365177	-0.318037	-0.260156	-0.198233	-0.147615	-0.102566	-0.0508463	0.0220945	0.100281	0.175363	0.221606	0.222773	0.178254	0.103984	0.0273175	-0.0303836	-0.0474231	-0.0175482	0.0387656	0.126231	0.255841	0.427422	
-0.432108	-0.394206	-0.352426	-0.297078	-0.229869	-0.158752	-0.0933992	-0.0390957	0.00536006	0.0552513	0.118777	0.189489	0.252593	0.286654	0.277134	0.222079	0.138236	0.0513177	-0.021208	-0.0633143	-0.0636057	-0.0295455	0.0423762	0.163554	0.331039	
-0.418838	-0.363084	-0.291758	-0.203682	-0.106725	-0.0198767	0.0462333	0.0991815	0.14477	0.19112	0.243565	0.299388	0.341149	0.355642	0.331846	0.266806	0.171152	0.0646311	-0.0325033	-0.10515	-0.136998	-0.121518	-0.0622389	0.0452182	0.199432	
-0.392439	-0.315791	-0.222885	-0.108015	0.00543045	0.102359	0.172658	0.230084	0.278062	0.320671	0.359234	0.392164	0.408378	0.403751	0.366717	0.287406	0.179195	0.0480335	-0.0766387	-0.175599	-0.228061	-0.226201	-0.175452	-0.0855616	0.0478805	
-0.343574	-0.255103	-0.149797	-0.0274915	0.0920703	0.192373	0.26721	0.330322	0.383834	0.418643	0.434044	0.441301	0.433995	0.408572	0.356703	0.264206	0.135625	-0.0138095	-0.156221	-0.271404	-0.335409	-0.337446	-0.294964	-0.217169	-0.0994256	
-0.276485	-0.187569	-0.0851427	0.0318743	0.150286	0.249337	0.327092	0.392475	0.441176	0.459957	0.454839	0.4376	0.41132	0.369167	0.29483	0.177084	0.0260816	-0.135601	-0.280502	-0.391689	-0.449384	-0.448963	-0.405944	-0.331678	-0.224755	
-0.202618	-0.127851	-0.0442695	0.0615985	0.169442	0.260271	0.33184	0.385937	0.424845	0.432954	0.416534	0.383686	0.342941	0.279731	0.179893	0.0384007	-0.129681	-0.295172	-0.432661	-0.528564	-0.568866	-0.556516	-0.502172	-0.419449	-0.31531	
-0.127909	-0.077019	-0.0182384	0.0557827	0.137927	0.206938	0.260859	0.305394	0.339016	0.351362	0.338762	0.299899	0.242531	0.153736	0.0282176	-0.126915	-0.301487	-0.457767	-0.583451	-0.660879	-0.67716	-0.644154	-0.57587	-0.478793	-0.370131	
-0.0661122	-0.0438882	-0.02005	0.0159504	0.0616992	0.100075	0.136888	0.177024	0.217065	0.240132	0.23874	0.195877	0.121928	0.0115395	-0.130807	-0.288244	-0.452267	-0.596373	-0.707212	-0.765232	-0.757112	-0.700368	-0.612	-0.501744	-0.387734	
-0.0267089	-0.0358836	-0.041965	-0.0446473	-0.0452439	-0.0397527	-0.0177943	0.0264603	0.0787065	0.121419	0.130215	0.087311	0.00653482	-0.110726	-0.255009	-0.407002	-0.55875	-0.691684	-0.79087	-0.830799	-0.797922	-0.716714	-0.603298	-0.472687	-0.349646	
0.00768805	-0.0414962	-0.0834738	-0.12237	-0.156062	-0.177118	-0.167546	-0.11601	-0.0445949	0.0179546	0.0432822	0.0130337	-0.0633285	-0.175945	-0.310285	-0.454473	-0.59845	-0.721768	-0.807362	-0.828248	-0.775171	-0.67151	-0.537048	-0.387041	-0.252406	
0.0501328	-0.0414889	-0.121744	-0.191814	-0.248191	-0.27841	-0.266069	-0.210894	-0.130903	-0.0550875	-0.00999123	-0.0189382	-0.0775832	-0.171427	-0.291664	-0.429459	-0.562723	-0.68167	-0.753073	-0.755835	-0.688094	-0.569855	-0.419131	-0.258255	-0.116145	
0.0991953	-0.0247863	-0.133312	-0.223332	-0.29027	-0.31755	-0.295785	-0.235539	-0.151545	-0.0707973	-0.0149196	-0.000240594	-0.0353334	-0.111923	-0.215068	-0.341551	-0.468148	-0.580113	-0.643758	-0.638876	-0.56064	-0.430173	-0.266885	-0.099389	0.0381818	
0.156253	0.00944259	-0.113905	-0.212499	-0.278877	-0.298484	-0.264687	-0.197039	-0.113354	-0.0360423	0.0286685	0.0643281	0.0521241	-0.0044792	-0.0990259	-0.22379	-0.348406	-0.453455	-0.510259	-0.495336	-0.40659	-0.262177	-0.093922	0.0652092	0.185415	
0.219559	0.0652594	-0.0632488	-0.15851	-0.220856	-0.235616	-0.196803	-0.125217	-0.0375804	0.0409482	0.106272	0.149253	0.151675	0.109448	0.0240453	-0.0961398	-0.219122	-0.318885	-0.366717	-0.345306	-0.249053	-0.0973174	0.0671505	0.207977	0.303845	
0.292487	0.136184	0.00787971	-0.0863303	-0.138788	-0.144504	-0.109464	-0.041477	0.0436292	0.12532	0.191929	0.232753	0.238701	0.203076	0.12247	0.011014	-0.108806	-0.196707	-0.231086	-0.19967	-0.0980544	0.0475217	0.19301	0.310279	0.379391	
0.355982	0.202177	0.0716737	-0.0123929	-0.0490093	-0.0470447	-0.0202721	0.035092	0.105121	0.182831	0.252143	0.290279	0.291735	0.255438	0.17917	0.0779939	-0.0283118	-0.0973322	-0.115066	-0.0705866	0.0312476	0.161743	0.280368	0.372358	0.419768	
0.407492	0.271507	0.150902	0.0682628	0.034651	0.0377787	0.0523452	0.0880595	0.141306	0.208744	0.271192	0.305589	0.305447	0.266447	0.19087	0.101171	0.0170262	-0.0314518	-0.0294041	0.0253637	0.122848	0.237932	0.336002	0.409265	0.441834	
0.468673	0.347666	0.240939	0.164157	0.127669	0.114361	0.10906	0.127346	0.165766	0.215655	0.265279	0.288371	0.283638	0.240457	0.161935	0.077483	0.0117974	-0.0118401	0.0153763	0.0823571	0.182044	0.289591	0.376089	0.436784	0.449293	
