0.111889	0.0309545	-0.0215276	-0.0279885	0.0168199	0.0776379	0.125615	0.144588	0.122696	0.0594471	-0.0355484	-0.16285	-0.303958	-0.434754	-0.549679	-0.631041	-0.649035	-0.602343	-0.508241	-0.39383	-0.285253	-0.192922	-0.134669	-0.116885	-0.133469	
0.0309545	-0.0420514	-0.0826618	-0.0820643	-0.0282047	0.057573	0.139444	0.182205	0.177402	0.133013	0.0545209	-0.053835	-0.187335	-0.33097	-0.474219	-0.601539	-0.672241	-0.667123	-0.60165	-0.496549	-0.380404	-0.26143	-0.165088	-0.106269	-0.0808792	
-0.0215276	-0.0826618	-0.101537	-0.0827284	-0.0158736	0.0889713	0.186028	0.244029	0.252742	0.222752	0.160888	0.0623786	-0.0771927	-0.23858	-0.408436	-0.56925	-0.684	-0.722147	-0.690414	-0.606186	-0.487161	-0.34776	-0.222366	-0.125794	-0.062591	
-0.0279885	-0.0820643	-0.0827284	-0.0382266	0.0471131	0.158201	0.265525	0.331849	0.349554	0.323205	0.263177	0.161048	0.0170841	-0.160717	-0.354959	-0.54323	-0.685955	-0.757785	-0.758836	-0.696653	-0.579744	-0.435561	-0.293903	-0.177134	-0.084933	
0.0168199	-0.0282047	-0.0158736	0.0471131	0.14108	0.254692	0.369027	0.441744	0.460461	0.425155	0.351928	0.243904	0.0926878	-0.0995514	-0.318837	-0.528313	-0.694293	-0.790949	-0.808865	-0.763733	-0.660433	-0.519242	-0.368961	-0.233707	-0.120267	
0.0776379	0.057573	0.0889713	0.158201	0.254692	0.367051	0.47767	0.547945	0.561521	0.516963	0.430552	0.310326	0.151079	-0.0619274	-0.305182	-0.531149	-0.709879	-0.820128	-0.859559	-0.833842	-0.743215	-0.607804	-0.454599	-0.306518	-0.168604	
0.125615	0.139444	0.186028	0.265525	0.369027	0.47767	0.573159	0.631759	0.631345	0.577513	0.483391	0.356664	0.18621	-0.0426835	-0.301394	-0.540316	-0.72849	-0.84584	-0.897442	-0.886904	-0.816283	-0.696713	-0.550051	-0.388694	-0.225059	
0.144588	0.182205	0.244029	0.331849	0.441744	0.547945	0.631759	0.67241	0.660402	0.601529	0.502848	0.374622	0.1981	-0.0386703	-0.301025	-0.543937	-0.731173	-0.848484	-0.901436	-0.900227	-0.855289	-0.762277	-0.631313	-0.462409	-0.276184	
0.122696	0.177402	0.252742	0.349554	0.460461	0.561521	0.631345	0.660402	0.638342	0.583279	0.495772	0.374565	0.200609	-0.03306	-0.283104	-0.512639	-0.693563	-0.80495	-0.865875	-0.875769	-0.850994	-0.782925	-0.671075	-0.510248	-0.3176	
0.0594471	0.133013	0.222752	0.323205	0.425155	0.516963	0.577513	0.601529	0.583279	0.537812	0.465903	0.356745	0.198953	-0.00832197	-0.229677	-0.436875	-0.611804	-0.72754	-0.792245	-0.811201	-0.805248	-0.764251	-0.673137	-0.528243	-0.340914	
-0.0355484	0.0545209	0.160888	0.263177	0.351928	0.430552	0.483391	0.502848	0.495772	0.465903	0.409871	0.317156	0.185686	0.0178262	-0.162426	-0.336053	-0.491431	-0.607376	-0.676857	-0.710697	-0.72798	-0.707539	-0.634358	-0.501908	-0.319857	
-0.16285	-0.053835	0.0623786	0.161048	0.243904	0.310326	0.356664	0.374622	0.374565	0.356745	0.317156	0.250178	0.156874	0.037708	-0.093778	-0.224742	-0.348661	-0.44899	-0.522145	-0.577499	-0.617989	-0.61751	-0.557299	-0.43275	-0.257484	
-0.303958	-0.187335	-0.0771927	0.0170841	0.0926878	0.151079	0.18621	0.1981	0.200609	0.198953	0.185686	0.156874	0.115552	0.0529241	-0.0344102	-0.122662	-0.206395	-0.284571	-0.359422	-0.42859	-0.485042	-0.502639	-0.460324	-0.351856	-0.192251	
-0.434754	-0.33097	-0.23858	-0.160717	-0.0995514	-0.0619274	-0.0426835	-0.0386703	-0.03306	-0.00832197	0.0178262	0.037708	0.0529241	0.0382495	-0.0036159	-0.0446481	-0.0864263	-0.144071	-0.210124	-0.281664	-0.355451	-0.394076	-0.374809	-0.287629	-0.147335	
-0.549679	-0.474219	-0.408436	-0.354959	-0.318837	-0.305182	-0.301394	-0.301025	-0.283104	-0.229677	-0.162426	-0.093778	-0.0344102	-0.0036159	0.00466481	0.00932393	0.00803798	-0.0213541	-0.0751979	-0.154618	-0.24383	-0.298872	-0.30579	-0.248658	-0.126276	
-0.631041	-0.601539	-0.56925	-0.54323	-0.528313	-0.531149	-0.540316	-0.543937	-0.512639	-0.436875	-0.336053	-0.224742	-0.122662	-0.0446481	0.00932393	0.0556671	0.0869112	0.0814953	0.0317369	-0.0513569	-0.145169	-0.223888	-0.257934	-0.224204	-0.117429	
-0.649035	-0.672241	-0.684	-0.685955	-0.694293	-0.709879	-0.72849	-0.731173	-0.693563	-0.611804	-0.491431	-0.348661	-0.206395	-0.0864263	0.00803798	0.0869112	0.136408	0.142884	0.102472	0.0244349	-0.0666774	-0.163537	-0.216471	-0.202036	-0.115275	
-0.602343	-0.667123	-0.722147	-0.757785	-0.790949	-0.820128	-0.84584	-0.848484	-0.80495	-0.72754	-0.607376	-0.44899	-0.284571	-0.144071	-0.0213541	0.0814953	0.142884	0.15656	0.134283	0.0770316	-0.00560013	-0.0984416	-0.162452	-0.170222	-0.110272	
-0.508241	-0.60165	-0.690414	-0.758836	-0.808865	-0.859559	-0.897442	-0.901436	-0.865875	-0.792245	-0.676857	-0.522145	-0.359422	-0.210124	-0.0751979	0.0317369	0.102472	0.134283	0.138812	0.0999277	0.026267	-0.0488513	-0.112207	-0.135626	-0.0997319	
-0.39383	-0.496549	-0.606186	-0.696653	-0.763733	-0.833842	-0.886904	-0.900227	-0.875769	-0.811201	-0.710697	-0.577499	-0.42859	-0.281664	-0.154618	-0.0513569	0.0244349	0.0770316	0.0999277	0.0848909	0.03188	-0.0272144	-0.0765862	-0.10006	-0.0777443	
-0.285253	-0.380404	-0.487161	-0.579744	-0.660433	-0.743215	-0.816283	-0.855289	-0.850994	-0.805248	-0.72798	-0.617989	-0.485042	-0.355451	-0.24383	-0.145169	-0.0666774	-0.00560013	0.026267	0.03188	0.00741667	-0.0300314	-0.0610185	-0.0782778	-0.0695903	
-0.192922	-0.26143	-0.34776	-0.435561	-0.519242	-0.607804	-0.696713	-0.762277	-0.782925	-0.764251	-0.707539	-0.61751	-0.502639	-0.394076	-0.298872	-0.223888	-0.163537	-0.0984416	-0.0488513	-0.0272144	-0.0300314	-0.0424901	-0.0569665	-0.0722864	-0.0807064	
-0.134669	-0.165088	-0.222366	-0.293903	-0.368961	-0.454599	-0.550051	-0.631313	-0.671075	-0.673137	-0.634358	-0.557299	-0.460324	-0.374809	-0.30579	-0.257934	-0.216471	-0.162452	-0.112207	-0.0765862	-0.0610185	-0.0569665	-0.0708363	-0.0935941	-0.119114	
-0.116885	-0.106269	-0.125794	-0.177134	-0.233707	-0.306518	-0.388694	-0.462409	-0.510248	-0.528243	-0.501908	-0.43275	-0.351856	-0.287629	-0.248658	-0.224204	-0.202036	-0.170222	-0.135626	-0.10006	-0.0782778	-0.0722864	-0.0935941	-0.136433	-0.192139	
-0.133469	-0.0808792	-0.062591	-0.084933	-0.120267	-0.168604	-0.225059	-0.276184	-0.3176	-0.340914	-0.319857	-0.257484	-0.192251	-0.147335	-0.126276	-0.117429	-0.115275	-0.110272	-0.0997319	-0.0777443	-0.0695903	-0.0807064	-0.119114	-0.192139	-0.293763	
-0.174081	-0.0829171	-0.0285749	-0.0165302	-0.0263388	-0.0485544	-0.0723243	-0.0943496	-0.117526	-0.130902	-0.110695	-0.060909	-0.00925997	0.0205071	0.0336939	0.0345446	0.0214328	0.00551788	-0.00644911	-0.00711165	-0.0252381	-0.0671382	-0.139743	-0.252809	-0.411347	
-0.22514	-0.099204	-0.0116308	0.0359754	0.0494157	0.0484699	0.0591754	0.0685526	0.0693054	0.0750422	0.0968323	0.133131	0.174802	0.193221	0.193136	0.186695	0.170848	0.145286	0.118328	0.088348	0.0473693	-0.0249553	-0.147672	-0.318453	-0.537735	
-0.274725	-0.115288	0.00471178	0.0822754	0.111336	0.129874	0.161718	0.188207	0.214722	0.244429	0.267235	0.295485	0.327125	0.334254	0.323833	0.315362	0.296504	0.270215	0.240463	0.196279	0.124268	0.0109772	-0.156271	-0.380459	-0.660997	
-0.303344	-0.114022	0.0306007	0.117748	0.157251	0.187611	0.230164	0.271073	0.31588	0.3605	0.387215	0.405659	0.422443	0.426207	0.412977	0.395148	0.37639	0.360636	0.342617	0.289839	0.191849	0.0430275	-0.159888	-0.42502	-0.75203	
-0.316132	-0.103981	0.0532995	0.1413	0.185775	0.222432	0.26633	0.317931	0.374289	0.42445	0.451153	0.461474	0.47103	0.473831	0.457786	0.433275	0.422553	0.420562	0.40344	0.347698	0.238581	0.0701089	-0.158484	-0.450945	-0.800757	
-0.317934	-0.101972	0.0570869	0.145372	0.190932	0.228717	0.27247	0.326304	0.383685	0.434351	0.461185	0.470817	0.479776	0.481654	0.464186	0.439879	0.432772	0.431943	0.413555	0.356491	0.246509	0.0757551	-0.158608	-0.457534	-0.811276	
-0.309962	-0.109531	0.0414562	0.128856	0.170757	0.204248	0.248373	0.294571	0.344784	0.39238	0.419817	0.433769	0.446521	0.450714	0.436306	0.414811	0.39743	0.388048	0.372815	0.318859	0.214206	0.0554196	-0.158448	-0.437209	-0.776523	
-0.288813	-0.116936	0.0135403	0.0977519	0.131562	0.15619	0.192642	0.224939	0.25976	0.297143	0.321229	0.346065	0.371511	0.376799	0.363862	0.352373	0.334195	0.3109	0.284361	0.236451	0.15266	0.0233476	-0.159846	-0.400865	-0.702326	
-0.24628	-0.106369	-0.00494892	0.0552422	0.0758577	0.0828755	0.104248	0.122146	0.134041	0.149376	0.170922	0.203232	0.241562	0.255259	0.251192	0.242775	0.225018	0.199455	0.168842	0.131646	0.0792045	-0.00849534	-0.150158	-0.34425	-0.588555	
-0.193606	-0.0889453	-0.0211678	0.00602895	0.0055355	-0.00697446	-0.016635	-0.0256524	-0.0399069	-0.0464936	-0.0257374	0.0190483	0.0661665	0.0901543	0.0985708	0.0972652	0.0825813	0.0608431	0.0415228	0.0282827	0.00118318	-0.0521864	-0.144228	-0.279258	-0.461905	
-0.147274	-0.0789074	-0.0456566	-0.0544499	-0.0804696	-0.118082	-0.162052	-0.202261	-0.237407	-0.257855	-0.238082	-0.180359	-0.120388	-0.082221	-0.0643006	-0.0594286	-0.066035	-0.06967	-0.0680798	-0.0533699	-0.0561056	-0.0795836	-0.128484	-0.2152	-0.338506	
-0.120098	-0.0922085	-0.0969837	-0.137529	-0.185271	-0.2497	-0.32262	-0.388179	-0.435322	-0.457709	-0.434018	-0.366745	-0.292379	-0.236021	-0.206676	-0.189718	-0.174481	-0.153701	-0.128868	-0.0979247	-0.0783238	-0.0766513	-0.104086	-0.15821	-0.230596	
-0.12293	-0.136986	-0.179469	-0.243605	-0.313017	-0.394356	-0.486487	-0.567779	-0.61238	-0.62139	-0.588364	-0.514945	-0.425058	-0.347892	-0.291189	-0.253381	-0.219904	-0.173772	-0.128225	-0.0893902	-0.0701449	-0.0634795	-0.0791588	-0.108184	-0.144288	
-0.164604	-0.218536	-0.294294	-0.377588	-0.45857	-0.54771	-0.640784	-0.714075	-0.743542	-0.734848	-0.685182	-0.601085	-0.493633	-0.394609	-0.308242	-0.244653	-0.192222	-0.129958	-0.076468	-0.0494234	-0.0438767	-0.0482209	-0.0608526	-0.0780304	-0.0920722	
-0.245606	-0.332201	-0.43206	-0.523291	-0.606697	-0.692421	-0.772791	-0.823726	-0.829038	-0.793749	-0.725517	-0.624606	-0.497884	-0.376121	-0.270802	-0.179984	-0.106921	-0.0429849	-0.00447172	0.007667	-0.00722766	-0.0349031	-0.0580268	-0.0734184	-0.0716294	
-0.348734	-0.450611	-0.56211	-0.6556	-0.728826	-0.804959	-0.865833	-0.887877	-0.870736	-0.811847	-0.7203	-0.596504	-0.45371	-0.312962	-0.192164	-0.0893549	-0.0105363	0.0461189	0.0723499	0.0667186	0.0257073	-0.0250825	-0.0681487	-0.089782	-0.0724195	
-0.463867	-0.563032	-0.661797	-0.741014	-0.79739	-0.857157	-0.899999	-0.907111	-0.875154	-0.804083	-0.692781	-0.545394	-0.387725	-0.237723	-0.103417	0.00146797	0.074199	0.115576	0.129552	0.0996156	0.0319368	-0.0374132	-0.0956824	-0.1206	-0.0903925	
-0.568351	-0.647081	-0.717239	-0.76623	-0.807227	-0.844273	-0.874411	-0.876274	-0.834971	-0.759503	-0.641248	-0.481296	-0.314936	-0.169178	-0.0403811	0.0667489	0.13278	0.151885	0.13991	0.0893723	0.0101447	-0.0751402	-0.141646	-0.156609	-0.107728	
-0.637584	-0.678748	-0.708593	-0.723883	-0.741842	-0.76278	-0.784155	-0.786587	-0.745666	-0.665321	-0.543379	-0.392483	-0.238374	-0.108183	0.000295244	0.0904232	0.143952	0.152819	0.118701	0.0487404	-0.0392616	-0.137213	-0.19515	-0.190481	-0.11391	
-0.646624	-0.638816	-0.623115	-0.607992	-0.601816	-0.609564	-0.623046	-0.626526	-0.593239	-0.512844	-0.401512	-0.276125	-0.156212	-0.0596777	0.010366	0.0708741	0.111322	0.11212	0.0650832	-0.017297	-0.111563	-0.200249	-0.2429	-0.215328	-0.116318	
-0.588622	-0.529212	-0.474924	-0.432003	-0.405626	-0.400136	-0.401668	-0.403116	-0.378622	-0.314429	-0.23263	-0.146469	-0.0705788	-0.0210682	0.00725579	0.0290101	0.041216	0.0233516	-0.0289363	-0.110067	-0.201949	-0.265159	-0.283294	-0.23783	-0.121382	
-0.483177	-0.388679	-0.306922	-0.237995	-0.185799	-0.158063	-0.145483	-0.143455	-0.133678	-0.0976663	-0.0551033	-0.0142572	0.0198907	0.0231687	0.00095491	-0.0218792	-0.0463263	-0.0933565	-0.153576	-0.229014	-0.309373	-0.354575	-0.345577	-0.270188	-0.137232	
-0.357475	-0.244304	-0.139841	-0.0501034	0.0201809	0.0724297	0.101014	0.109705	0.112595	0.121064	0.123021	0.112182	0.0932187	0.0517515	-0.0180276	-0.0871525	-0.155121	-0.225299	-0.29809	-0.367321	-0.430925	-0.457412	-0.423865	-0.322254	-0.170914	
-0.219422	-0.104572	0.0110222	0.107403	0.188533	0.252527	0.294608	0.311283	0.312504	0.299908	0.26865	0.216096	0.143002	0.0453245	-0.0681292	-0.182046	-0.289599	-0.380701	-0.456198	-0.519034	-0.566737	-0.573099	-0.518965	-0.400632	-0.230567	
-0.0831209	0.0142618	0.126397	0.228475	0.313146	0.385873	0.437225	0.455291	0.452224	0.427526	0.377908	0.293577	0.175622	0.0260239	-0.1345	-0.292064	-0.436251	-0.547777	-0.618553	-0.660436	-0.687227	-0.675003	-0.60716	-0.477748	-0.297276	
