2.06309e-10	1.30387e-09	7.62974e-09	4.12347e-08	2.05301e-07	9.3926e-07	3.93874e-06	1.51033e-05	5.28439e-05	0.000168407	0.000488257	0.0012873	0.00308828	0.00675419	0.0135101	0.0248307	0.0421789	0.0666607	0.0987121	0.137925	0.18306	0.232219	0.283122	0.33339	0.380784	
1.30387e-09	7.9117e-09	4.43665e-08	2.29318e-07	1.08954e-06	4.74551e-06	1.88974e-05	6.86281e-05	0.000226779	0.000680653	0.00185346	0.00457828	0.0102694	0.0209711	0.0391507	0.067202	0.106798	0.158349	0.220779	0.291678	0.367743	0.445335	0.520982	0.591728	0.655287	
7.62974e-09	4.43665e-08	2.37927e-07	1.17338e-06	5.3061e-06	2.19371e-05	8.26792e-05	0.000283302	0.000880445	0.00247714	0.00630306	0.0145065	0.0302484	0.0573405	0.0993483	0.158439	0.234508	0.324991	0.425405	0.530308	0.634321	0.732894	0.822707	0.901704	0.968894	
4.12347e-08	2.29318e-07	1.17338e-06	5.50718e-06	2.36338e-05	9.24401e-05	0.000328508	0.00105756	0.00307629	0.00807005	0.0190751	0.0406483	0.0782813	0.136879	0.218816	0.322621	0.443062	0.5725	0.702756	0.82673	0.93932	1.03764	1.12071	1.18886	1.2432	
2.05301e-07	1.08954e-06	5.3061e-06	2.36338e-05	9.59408e-05	0.000353715	0.00118025	0.00355265	0.00961993	0.0233871	0.0510113	0.0999441	0.17653	0.282904	0.415118	0.563915	0.71761	0.865277	0.998868	1.1139	1.20901	1.28501	1.34387	1.38796	1.41981	
9.3926e-07	4.74551e-06	2.19371e-05	9.24401e-05	0.000353715	0.00122419	0.00381731	0.0106857	0.0267702	0.059902	0.119686	0.214009	0.344346	0.503169	0.675978	0.846697	1.00254	1.13606	1.24476	1.32947	1.3927	1.43748	1.46667	1.48315	1.49002	
3.93874e-06	1.88974e-05	8.26792e-05	0.000328508	0.00118025	0.00381731	0.0110659	0.0286345	0.0659216	0.134768	0.244799	0.396733	0.57872	0.770187	0.950943	1.10799	1.2362	1.33566	1.40874	1.45827	1.48694	1.49733	1.4924	1.4761	1.45273	
1.51033e-05	6.86281e-05	0.000283302	0.00105756	0.00355265	0.0106857	0.0286345	0.0680523	0.142941	0.265013	0.434711	0.635869	0.841479	1.02773	1.18314	1.30605	1.39805	1.46079	1.49546	1.50354	1.48771	1.45198	1.40213	1.34473	1.28518	
5.28439e-05	0.000226779	0.000880445	0.00307629	0.00961993	0.0267702	0.0659216	0.142941	0.272053	0.454609	0.67117	0.888395	1.07886	1.23352	1.35435	1.44192	1.49413	1.50984	1.49041	1.44049	1.36693	1.27788	1.18215	1.08622	0.994456	
0.000168407	0.000680653	0.00247714	0.00807005	0.0233871	0.059902	0.134768	0.265013	0.454609	0.683071	0.911461	1.1077	1.26449	1.38702	1.47234	1.51211	1.50442	1.45364	1.36793	1.25745	1.13155	0.99959	0.868685	0.742692	0.626514	
0.000488257	0.00185346	0.00630306	0.0190751	0.0510113	0.119686	0.244799	0.434711	0.67117	0.911461	1.11698	1.27933	1.40643	1.4913	1.51802	1.48645	1.40743	1.29125	1.14898	0.989744	0.822133	0.654911	0.493137	0.342574	0.20997	
0.0012873	0.00457828	0.0145065	0.0406483	0.0999441	0.214009	0.396733	0.635869	0.888395	1.1077	1.27933	1.41293	1.50021	1.51756	1.46677	1.36726	1.2275	1.05563	0.862463	0.657205	0.452289	0.256291	0.0756559	-0.0825041	-0.216075	
0.00308828	0.0102694	0.0302484	0.0782813	0.17653	0.344346	0.57872	0.841479	1.07886	1.26449	1.40643	1.50021	1.51658	1.45463	1.34196	1.18358	0.981364	0.753912	0.513854	0.276365	0.053573	-0.148767	-0.324676	-0.472673	-0.594553	
0.00675419	0.0209711	0.0573405	0.136879	0.282904	0.503169	0.770187	1.02773	1.23352	1.38702	1.4913	1.51756	1.45463	1.33358	1.16114	0.931141	0.673807	0.407823	0.143957	-0.101014	-0.322956	-0.514065	-0.673229	-0.799688	-0.895589	
0.0135101	0.0391507	0.0993483	0.218816	0.415118	0.675978	0.950943	1.18314	1.35435	1.47234	1.51802	1.46677	1.34196	1.16114	0.913027	0.631914	0.347106	0.0571565	-0.212282	-0.454253	-0.658771	-0.821592	-0.944012	-1.02753	-1.08101	
0.0248307	0.067202	0.158439	0.322621	0.563915	0.846697	1.10799	1.30605	1.44192	1.51211	1.48645	1.36726	1.18358	0.931141	0.631914	0.328084	0.0128039	-0.284049	-0.540101	-0.755949	-0.915527	-1.03114	-1.09811	-1.13258	-1.13954	
0.0421789	0.106798	0.234508	0.443062	0.71761	1.00254	1.2362	1.39805	1.49413	1.50442	1.40743	1.2275	0.981364	0.673807	0.347106	0.0128039	-0.309625	-0.578525	-0.80725	-0.971516	-1.08126	-1.13593	-1.14613	-1.12284	-1.08017	
0.0666607	0.158349	0.324991	0.5725	0.865277	1.13606	1.33566	1.46079	1.50984	1.45364	1.29125	1.05563	0.753912	0.407823	0.0571565	-0.284049	-0.578525	-0.822711	-1.00353	-1.10618	-1.15165	-1.13293	-1.08246	-1.00252	-0.925019	
0.0987121	0.220779	0.425405	0.702756	0.998868	1.24476	1.40874	1.49546	1.49041	1.36793	1.14898	0.862463	0.513854	0.143957	-0.212282	-0.540101	-0.80725	-1.00353	-1.11239	-1.15072	-1.11875	-1.04303	-0.937035	-0.830041	-0.728718	
0.137925	0.291678	0.530308	0.82673	1.1139	1.32947	1.45827	1.50354	1.44049	1.25745	0.989744	0.657205	0.276365	-0.101014	-0.454253	-0.755949	-0.971516	-1.10618	-1.15072	-1.11652	-1.02025	-0.891735	-0.753864	-0.637529	-0.549881	
0.18306	0.367743	0.634321	0.93932	1.20901	1.3927	1.48694	1.48771	1.36693	1.13155	0.822133	0.452289	0.053573	-0.322956	-0.658771	-0.915527	-1.08126	-1.15165	-1.11875	-1.02025	-0.870968	-0.717852	-0.584118	-0.497159	-0.44783	
0.232219	0.445335	0.732894	1.03764	1.28501	1.43748	1.49733	1.45198	1.27788	0.99959	0.654911	0.256291	-0.148767	-0.514065	-0.821592	-1.03114	-1.13593	-1.13293	-1.04303	-0.891735	-0.717852	-0.569486	-0.469106	-0.42899	-0.420768	
0.283122	0.520982	0.822707	1.12071	1.34387	1.46667	1.4924	1.40213	1.18215	0.868685	0.493137	0.0756559	-0.324676	-0.673229	-0.944012	-1.09811	-1.14613	-1.08246	-0.937035	-0.753864	-0.584118	-0.469106	-0.427358	-0.429473	-0.436949	
0.33339	0.591728	0.901704	1.18886	1.38796	1.48315	1.4761	1.34473	1.08622	0.742692	0.342574	-0.0825041	-0.472673	-0.799688	-1.02753	-1.13258	-1.12284	-1.00252	-0.830041	-0.637529	-0.497159	-0.42899	-0.429473	-0.436933	-0.420166	
0.380784	0.655287	0.968894	1.2432	1.41981	1.49002	1.45273	1.28518	0.994456	0.626514	0.20997	-0.216075	-0.594553	-0.895589	-1.08101	-1.13954	-1.08017	-0.925019	-0.728718	-0.549881	-0.44783	-0.420768	-0.436949	-0.420166	-0.370391	
0.423359	0.710049	1.02407	1.28527	1.44193	1.49027	1.4262	1.22789	0.911399	0.525182	0.0977273	-0.326982	-0.691256	-0.963818	-1.11225	-1.12997	-1.02829	-0.848569	-0.650821	-0.495128	-0.423637	-0.419724	-0.417261	-0.380131	-0.33055	
0.459539	0.754983	1.06754	1.3167	1.45661	1.48661	1.39999	1.17694	0.840831	0.440843	0.005773	-0.41443	-0.762411	-1.01095	-1.12835	-1.11059	-0.982493	-0.785842	-0.588683	-0.459516	-0.409351	-0.415481	-0.400545	-0.362063	-0.328837	
0.488122	0.789503	1.09985	1.33903	1.46582	1.48143	1.37716	1.13543	0.784879	0.375049	-0.0638178	-0.47835	-0.814085	-1.04317	-1.13375	-1.09054	-0.9406	-0.736818	-0.552282	-0.434764	-0.403748	-0.407226	-0.392142	-0.354666	-0.335877	
0.508257	0.813324	1.1216	1.35354	1.47113	1.47663	1.36	1.10552	0.745464	0.329503	-0.111501	-0.521986	-0.847651	-1.06155	-1.13511	-1.07396	-0.910763	-0.704368	-0.524675	-0.423915	-0.400734	-0.408079	-0.385133	-0.339853	-0.312467	
0.519401	0.826335	1.13329	1.36116	1.47368	1.47357	1.35013	1.08878	0.723738	0.304475	-0.137642	-0.545397	-0.865206	-1.07092	-1.13368	-1.0628	-0.896449	-0.688959	-0.510031	-0.41633	-0.398697	-0.403787	-0.379943	-0.336348	-0.320299	
0.521269	0.828504	1.13523	1.36241	1.47407	1.47302	1.34844	1.08599	0.720116	0.300225	-0.141911	-0.54896	-0.86831	-1.07289	-1.13336	-1.06214	-0.893122	-0.682915	-0.51022	-0.415738	-0.399013	-0.402725	-0.376298	-0.337304	-0.325662	
0.513817	0.819829	1.12746	1.35738	1.47243	1.4751	1.35506	1.09723	0.73485	0.317219	-0.124818	-0.534471	-0.856556	-1.06512	-1.13452	-1.06979	-0.902568	-0.695507	-0.518516	-0.420604	-0.40025	-0.407833	-0.3815	-0.337847	-0.309231	
0.49723	0.800326	1.10979	1.34572	1.46832	1.47931	1.36944	1.12205	0.767331	0.354582	-0.085603	-0.498643	-0.83033	-1.05196	-1.13297	-1.08294	-0.929495	-0.722462	-0.537827	-0.427955	-0.401985	-0.406945	-0.390155	-0.349805	-0.328642	
0.471944	0.770066	1.08177	1.32665	1.46083	1.48454	1.39023	1.15914	0.816914	0.41248	-0.0249429	-0.443232	-0.785795	-1.02542	-1.13087	-1.1023	-0.964236	-0.763782	-0.573282	-0.449242	-0.406875	-0.411263	-0.395425	-0.359366	-0.334004	
0.438682	0.72925	1.04284	1.29902	1.44855	1.48908	1.41543	1.20661	0.881831	0.489589	0.0581874	-0.365209	-0.722542	-0.985283	-1.12081	-1.12164	-1.00812	-0.822868	-0.623979	-0.478673	-0.417665	-0.418092	-0.409246	-0.368939	-0.325158	
0.3985	0.678327	0.992401	1.26139	1.42965	1.49071	1.44228	1.2618	0.960105	0.58427	0.162689	-0.263595	-0.636794	-0.925561	-1.0957	-1.13861	-1.0596	-0.891404	-0.693334	-0.525221	-0.437123	-0.421454	-0.432499	-0.404943	-0.351298	
0.352821	0.618133	0.930029	1.21215	1.40197	1.48683	1.4674	1.32105	1.04887	0.694656	0.286988	-0.138664	-0.524093	-0.841915	-1.053	-1.1381	-1.10694	-0.971745	-0.788574	-0.59737	-0.472849	-0.422191	-0.434446	-0.433573	-0.400654	
0.30345	0.550029	0.855692	1.14969	1.36307	1.47454	1.48705	1.37994	1.14368	0.81737	0.430911	0.00914724	-0.387152	-0.726925	-0.981177	-1.1163	-1.14137	-1.05198	-0.89224	-0.70427	-0.543875	-0.446994	-0.42593	-0.43478	-0.437712	
0.25252	0.476026	0.770029	1.0727	1.31042	1.45077	1.49701	1.43359	1.24018	0.946689	0.58889	0.181759	-0.222211	-0.581806	-0.875923	-1.0627	-1.14355	-1.11678	-1.00434	-0.835899	-0.660047	-0.521196	-0.444121	-0.423101	-0.424771	
0.202378	0.398819	0.674637	0.980453	1.24156	1.41258	1.49312	1.47568	1.33291	1.07905	0.754523	0.37201	-0.0301862	-0.40266	-0.72849	-0.967866	-1.11038	-1.14984	-1.09128	-0.971684	-0.80888	-0.65411	-0.530512	-0.460929	-0.430849	
0.155379	0.321707	0.572319	0.873344	1.15429	1.35711	1.47208	1.50001	1.41361	1.20835	0.923028	0.574652	0.185078	-0.193336	-0.541388	-0.825717	-1.02063	-1.132	-1.14656	-1.08385	-0.964234	-0.821012	-0.681604	-0.572166	-0.496865	
0.113607	0.248316	0.467161	0.75344	1.04721	1.28135	1.43123	1.50188	1.4739	1.32609	1.08648	0.780926	0.418079	0.0438768	-0.312817	-0.63316	-0.881651	-1.05205	-1.13481	-1.14601	-1.08665	-0.988448	-0.866104	-0.752161	-0.653172	
0.0785919	0.182149	0.364286	0.624948	0.920703	1.18248	1.36791	1.47808	1.50623	1.42293	1.23669	0.98018	0.658451	0.301009	-0.0537026	-0.390728	-0.67513	-0.904895	-1.05782	-1.13432	-1.14899	-1.10506	-1.03177	-0.937034	-0.846003	
0.0510874	0.126035	0.269219	0.494241	0.777905	1.0588	1.27932	1.42674	1.50498	1.4888	1.36446	1.16189	0.892773	0.568066	0.230335	-0.11102	-0.42346	-0.681072	-0.894681	-1.03585	-1.12223	-1.1471	-1.13332	-1.08624	-1.02835	
0.0309842	0.0816218	0.186954	0.369224	0.625455	0.911298	1.16276	1.34656	1.46741	1.51467	1.45958	1.31542	1.10707	0.830209	0.518854	0.202734	-0.121021	-0.409332	-0.655151	-0.852092	-0.992755	-1.08519	-1.13034	-1.14157	-1.12802	
0.0174129	0.0490883	0.120916	0.257971	0.473296	0.745296	1.01698	1.23617	1.39367	1.49417	1.51172	1.43179	1.28416	1.07483	0.801941	0.510671	0.214462	-0.0814834	-0.348959	-0.584033	-0.77281	-0.91837	-1.01958	-1.08586	-1.11896	
0.0090116	0.0272166	0.0722174	0.166886	0.333145	0.571521	0.844625	1.09383	1.28595	1.42626	1.50925	1.50408	1.41484	1.27173	1.06911	0.813907	0.542903	0.267031	0.000103922	-0.246065	-0.463827	-0.646349	-0.792491	-0.90454	-0.985687	
0.00427243	0.0138243	0.039527	0.0990358	0.215633	0.405175	0.655343	0.919181	1.14513	1.31779	1.44638	1.51568	1.49953	1.41222	1.27727	1.09108	0.863901	0.617395	0.36551	0.123138	-0.101372	-0.300742	-0.471938	-0.612654	-0.724614	
0.00184842	0.00640168	0.0197055	0.0534968	0.127068	0.262087	0.466945	0.719035	0.968706	1.17514	1.33458	1.45448	1.51652	1.50181	1.42407	1.30099	1.13741	0.942911	0.728991	0.508246	0.292797	0.091878	-0.0888526	-0.246133	-0.377575	
0.000727945	0.00269378	0.00890972	0.0261565	0.0676565	0.153062	0.300969	0.512753	0.759758	0.994847	1.18698	1.33724	1.45075	1.51247	1.50917	1.44826	1.3431	1.20458	1.04237	0.864711	0.680692	0.499544	0.32924	0.174264	0.0373883	
