-0.571098	-0.527675	-0.488608	-0.430594	-0.385243	-0.377794	-0.408335	-0.468166	-0.512188	-0.554431	-0.589296	-0.600483	-0.580555	-0.520618	-0.440071	-0.342189	-0.229638	-0.104279	0.0143951	0.116918	0.191398	0.230863	0.235801	0.201955	0.152192	
-0.593558	-0.574977	-0.549481	-0.50537	-0.461536	-0.451311	-0.486212	-0.534114	-0.565839	-0.587252	-0.600361	-0.598245	-0.556399	-0.48255	-0.38721	-0.271521	-0.140182	0.00402543	0.133269	0.233457	0.293225	0.309419	0.286249	0.234751	0.173408	
-0.584214	-0.59076	-0.589651	-0.567712	-0.535123	-0.527131	-0.554208	-0.583661	-0.591895	-0.586885	-0.578587	-0.555628	-0.500388	-0.420149	-0.324103	-0.208736	-0.0711362	0.0763257	0.206451	0.298343	0.34398	0.340091	0.29773	0.229077	0.15839	
-0.558588	-0.584492	-0.606481	-0.608957	-0.593626	-0.589655	-0.603585	-0.610118	-0.595234	-0.568299	-0.542774	-0.500655	-0.431097	-0.34483	-0.248427	-0.13921	-0.00680088	0.132262	0.24997	0.327656	0.352638	0.329754	0.271409	0.191201	0.11499	
-0.519722	-0.56645	-0.613486	-0.644615	-0.653299	-0.653397	-0.65031	-0.628267	-0.58616	-0.537725	-0.492258	-0.431363	-0.345199	-0.249426	-0.153876	-0.0528938	0.0593213	0.173918	0.269562	0.323928	0.327453	0.284278	0.209433	0.121937	0.0439839	
-0.476088	-0.547674	-0.622346	-0.684426	-0.718034	-0.722433	-0.701682	-0.650188	-0.577372	-0.504554	-0.433275	-0.3484	-0.245217	-0.134698	-0.0380477	0.0491651	0.131266	0.202454	0.262444	0.290626	0.275022	0.21977	0.136933	0.0473255	-0.0260783	
-0.438719	-0.532571	-0.634305	-0.717956	-0.769762	-0.779541	-0.742774	-0.671321	-0.573464	-0.475912	-0.37965	-0.270844	-0.151399	-0.0287299	0.0741474	0.151282	0.202027	0.230914	0.247917	0.251501	0.223208	0.161018	0.0790456	-0.0114753	-0.0802867	
-0.406494	-0.524357	-0.644363	-0.73895	-0.80019	-0.811439	-0.767694	-0.686395	-0.572847	-0.453628	-0.332591	-0.202366	-0.0704158	0.0591999	0.167013	0.237324	0.264141	0.256344	0.23667	0.213751	0.17675	0.115775	0.0348278	-0.0473298	-0.1116	
-0.377174	-0.519697	-0.64867	-0.748704	-0.808708	-0.818561	-0.778311	-0.693298	-0.573644	-0.436084	-0.286525	-0.137501	0.007343	0.141081	0.246126	0.309473	0.315348	0.276187	0.223382	0.173103	0.125621	0.0688334	0.0015729	-0.0644187	-0.115401	
-0.342823	-0.5038	-0.639018	-0.736019	-0.789744	-0.799043	-0.76253	-0.682502	-0.562194	-0.408754	-0.240867	-0.0736308	0.0783509	0.208413	0.308312	0.357323	0.349362	0.291408	0.214032	0.142672	0.0805612	0.0240853	-0.0304629	-0.0769493	-0.109873	
-0.291235	-0.458603	-0.589632	-0.680228	-0.725404	-0.732562	-0.703765	-0.630174	-0.517113	-0.360019	-0.187479	-0.01923	0.129225	0.245437	0.329305	0.360449	0.340892	0.277002	0.193464	0.113305	0.0447881	-0.0120961	-0.0591979	-0.084967	-0.103366	
-0.227437	-0.376961	-0.491108	-0.566349	-0.601373	-0.606037	-0.585115	-0.525716	-0.428034	-0.289537	-0.135022	0.0131271	0.140572	0.239238	0.299871	0.316103	0.290773	0.22724	0.153639	0.0754251	0.0073581	-0.0454757	-0.0851739	-0.0950149	-0.0933483	
-0.146695	-0.266997	-0.360887	-0.423498	-0.451062	-0.455061	-0.438403	-0.389048	-0.308962	-0.195325	-0.0753877	0.0374899	0.132225	0.200835	0.239353	0.237169	0.208015	0.154185	0.0902529	0.0276612	-0.0313616	-0.0774203	-0.103743	-0.0993172	-0.0793979	
-0.062446	-0.146882	-0.219797	-0.270751	-0.294931	-0.298878	-0.283607	-0.242852	-0.178673	-0.09574	-0.0156181	0.0541725	0.109297	0.147196	0.160772	0.147652	0.118595	0.0752244	0.0291766	-0.0172132	-0.0580922	-0.086869	-0.0965045	-0.0762474	-0.0457764	
0.0152014	-0.0287341	-0.0773847	-0.112685	-0.133969	-0.137447	-0.12285	-0.0936984	-0.0478172	-0.00136865	0.0356932	0.0604852	0.0735093	0.0807118	0.0734962	0.057644	0.0377749	0.0136679	-0.0106979	-0.0383593	-0.0607557	-0.0709533	-0.0624802	-0.0300747	0.00754151	
0.0863441	0.0838327	0.0695115	0.0509281	0.0387611	0.0359956	0.0448976	0.0620369	0.07922	0.0869661	0.0816792	0.0616285	0.036952	0.0110839	-0.0137064	-0.0305666	-0.0371625	-0.0353342	-0.0382747	-0.0426234	-0.0483701	-0.0444277	-0.0140717	0.0287652	0.0693645	
0.15167	0.194164	0.220002	0.231339	0.230982	0.230184	0.232033	0.22561	0.206949	0.169995	0.120287	0.061677	0.000575814	-0.056708	-0.100974	-0.121433	-0.117165	-0.092381	-0.0657188	-0.0466632	-0.0298845	-0.0046911	0.0413875	0.101484	0.147885	
0.210323	0.299102	0.371535	0.415854	0.433021	0.434913	0.425513	0.392784	0.331361	0.246421	0.155767	0.0615693	-0.0303752	-0.115275	-0.178996	-0.206086	-0.196558	-0.152488	-0.100269	-0.0527062	-0.0116298	0.032781	0.0991838	0.172536	0.229604	
0.26436	0.391522	0.509871	0.584979	0.619862	0.624981	0.602822	0.545747	0.441723	0.31486	0.190013	0.0689426	-0.0437091	-0.149769	-0.228757	-0.266681	-0.260236	-0.209415	-0.138181	-0.0643569	0.00230072	0.0710009	0.153788	0.238739	0.303175	
0.313708	0.470413	0.618955	0.721032	0.767305	0.773958	0.745603	0.666712	0.533063	0.37546	0.224842	0.0899267	-0.0360877	-0.152264	-0.237646	-0.284125	-0.284639	-0.235977	-0.157968	-0.0701695	0.016658	0.101585	0.191677	0.280702	0.344806	
0.358954	0.532783	0.700418	0.815819	0.870021	0.87779	0.844209	0.754563	0.603137	0.426812	0.264624	0.121445	-0.00834158	-0.122378	-0.207397	-0.253344	-0.258854	-0.220513	-0.146735	-0.0581359	0.0319903	0.121867	0.21022	0.286656	0.339383	
0.41184	0.583995	0.750553	0.865792	0.918334	0.926304	0.893472	0.80452	0.653882	0.479003	0.316891	0.175318	0.0477498	-0.0621438	-0.139678	-0.183495	-0.193152	-0.165464	-0.10635	-0.0307754	0.0485549	0.126824	0.196672	0.252556	0.283476	
0.465928	0.624067	0.769422	0.873144	0.918494	0.924197	0.898111	0.817416	0.685644	0.528217	0.379597	0.250288	0.129505	0.0314098	-0.0370945	-0.0762556	-0.0890126	-0.0767057	-0.0413664	0.00612988	0.0579088	0.107305	0.150339	0.177688	0.186099	
0.528665	0.653586	0.765092	0.842648	0.875556	0.880168	0.86058	0.801072	0.701317	0.577922	0.458682	0.346353	0.239651	0.151648	0.0866627	0.0485215	0.0276715	0.02155	0.0313539	0.0459798	0.0605721	0.0746351	0.0790183	0.0717202	0.0558214	
0.587433	0.673221	0.743085	0.792771	0.812897	0.815485	0.804283	0.765784	0.703833	0.62232	0.53566	0.448876	0.359621	0.283172	0.224515	0.182308	0.151309	0.127321	0.10557	0.0844212	0.0595896	0.0273971	-0.0105409	-0.0561396	-0.100325	
0.635809	0.677384	0.702646	0.72275	0.731481	0.732223	0.727965	0.711214	0.689179	0.653839	0.607867	0.553256	0.490375	0.432751	0.379013	0.331375	0.284433	0.232375	0.175969	0.113268	0.0446558	-0.0302945	-0.112235	-0.196776	-0.267198	
0.677384	0.663701	0.641754	0.627027	0.622598	0.622933	0.62403	0.634391	0.655183	0.67334	0.677364	0.662533	0.637016	0.601494	0.55444	0.49697	0.424944	0.33773	0.236995	0.128729	0.0164882	-0.0986291	-0.21899	-0.335345	-0.430186	
0.702646	0.641754	0.576294	0.533957	0.519891	0.518166	0.525785	0.555467	0.614315	0.68064	0.729026	0.758515	0.770128	0.761494	0.724804	0.655059	0.556985	0.429933	0.281343	0.128842	-0.0188631	-0.163595	-0.304867	-0.441428	-0.556084	
0.72275	0.627027	0.533957	0.471562	0.451655	0.450173	0.459045	0.504211	0.587271	0.686724	0.767897	0.824349	0.864797	0.873842	0.841608	0.764035	0.644265	0.48648	0.305669	0.121918	-0.0498316	-0.207431	-0.36333	-0.511379	-0.640414	
0.731481	0.622598	0.519891	0.451655	0.431722	0.430782	0.438723	0.487162	0.578725	0.690291	0.783254	0.852176	0.905126	0.924053	0.896022	0.81401	0.683975	0.511156	0.31188	0.113406	-0.0671552	-0.231198	-0.388853	-0.542061	-0.681902	
0.732223	0.622933	0.518166	0.450173	0.430782	0.429069	0.437809	0.485312	0.577923	0.691441	0.784611	0.856263	0.910444	0.930845	0.904224	0.8209	0.689784	0.514359	0.312213	0.111336	-0.0705446	-0.234904	-0.392915	-0.546603	-0.6876	
0.727965	0.62403	0.525785	0.459045	0.438723	0.437809	0.445815	0.494194	0.582057	0.688529	0.777161	0.839461	0.887044	0.900955	0.87001	0.790616	0.665135	0.499496	0.309888	0.118284	-0.0584928	-0.219315	-0.377384	-0.528229	-0.66246	
0.711214	0.634391	0.555467	0.504211	0.487162	0.485312	0.494194	0.530283	0.601264	0.682841	0.746292	0.789344	0.813619	0.814028	0.77954	0.70611	0.598188	0.457063	0.293336	0.126036	-0.0320865	-0.184087	-0.331317	-0.473296	-0.594567	
0.689179	0.655183	0.614315	0.587271	0.578725	0.577923	0.582057	0.601264	0.638357	0.677747	0.700384	0.703815	0.693676	0.668678	0.625828	0.563309	0.480798	0.377521	0.257617	0.130676	0.00279957	-0.125654	-0.257259	-0.383109	-0.486288	
0.653839	0.67334	0.68064	0.686724	0.690291	0.691441	0.688529	0.682841	0.677747	0.662799	0.636913	0.596699	0.547894	0.499133	0.447139	0.396482	0.339975	0.274489	0.201516	0.120736	0.034931	-0.0570564	-0.155072	-0.253586	-0.334732	
0.607867	0.677364	0.729026	0.767897	0.783254	0.784611	0.777161	0.746292	0.700384	0.636913	0.564773	0.490465	0.410049	0.340202	0.283921	0.239756	0.203314	0.169608	0.134758	0.0973531	0.055559	0.00541031	-0.0506164	-0.112017	-0.166711	
0.553256	0.662533	0.758515	0.824349	0.852176	0.856263	0.839461	0.789344	0.703815	0.596699	0.490465	0.386992	0.286912	0.202887	0.140237	0.10079	0.0764362	0.0631675	0.0610688	0.0621954	0.0609785	0.0576833	0.0452104	0.0229357	-0.0042766	
0.490375	0.637016	0.770128	0.864797	0.905126	0.910444	0.887044	0.813619	0.693676	0.547894	0.410049	0.286912	0.171032	0.0772538	0.0104568	-0.0273143	-0.0432466	-0.0380817	-0.0128929	0.0216055	0.0595389	0.0954067	0.124618	0.138791	0.137907	
0.432751	0.601494	0.761494	0.873842	0.924053	0.930845	0.900955	0.814028	0.668678	0.499133	0.340202	0.202887	0.0772538	-0.0290053	-0.102085	-0.14424	-0.154708	-0.132593	-0.0824044	-0.016436	0.0531707	0.121617	0.181172	0.226527	0.248307	
0.379013	0.55444	0.724804	0.841608	0.896022	0.904224	0.87001	0.77954	0.625828	0.447139	0.283921	0.140237	0.0104568	-0.102085	-0.184881	-0.230209	-0.237196	-0.203625	-0.13459	-0.0488892	0.0385523	0.126399	0.20955	0.27845	0.323295	
0.331375	0.49697	0.655059	0.764035	0.81401	0.8209	0.790616	0.70611	0.563309	0.396482	0.239756	0.10079	-0.0273143	-0.14424	-0.230209	-0.276563	-0.279923	-0.234286	-0.156845	-0.0673937	0.022954	0.111039	0.201587	0.287121	0.348069	
0.284433	0.424944	0.556985	0.644265	0.683975	0.689784	0.665135	0.598188	0.480798	0.339975	0.203314	0.0764362	-0.0432466	-0.154708	-0.237196	-0.279923	-0.275412	-0.225148	-0.149797	-0.0681592	0.00780073	0.0848318	0.171704	0.259939	0.32534	
0.232375	0.33773	0.429933	0.48648	0.511156	0.514359	0.499496	0.457063	0.377521	0.274489	0.169608	0.0631675	-0.0380817	-0.132593	-0.203625	-0.234286	-0.225148	-0.176933	-0.115968	-0.0571361	-0.00579721	0.0480128	0.122057	0.199802	0.261036	
0.175969	0.236995	0.281343	0.305669	0.31188	0.312213	0.309888	0.293336	0.257617	0.201516	0.134758	0.0610688	-0.0128929	-0.0824044	-0.13459	-0.156845	-0.149797	-0.115968	-0.0784213	-0.0488363	-0.0221134	0.01063	0.0639979	0.130432	0.18044	
0.113268	0.128729	0.128842	0.121918	0.113406	0.111336	0.118284	0.126036	0.130676	0.120736	0.0973531	0.0621954	0.0216055	-0.016436	-0.0488892	-0.0673937	-0.0681592	-0.0571361	-0.0488363	-0.0437792	-0.0413598	-0.0290975	0.00818899	0.0570557	0.099635	
0.0446558	0.0164882	-0.0188631	-0.0498316	-0.0671552	-0.0705446	-0.0584928	-0.0320865	0.00279957	0.034931	0.055559	0.0609785	0.0595389	0.0531707	0.0385523	0.022954	0.00780073	-0.00579721	-0.0221134	-0.0413598	-0.0572796	-0.0619485	-0.0445992	-0.0085512	0.03031	
-0.0302945	-0.0986291	-0.163595	-0.207431	-0.231198	-0.234904	-0.219315	-0.184087	-0.125654	-0.0570564	0.00541031	0.0576833	0.0954067	0.121617	0.126399	0.111039	0.0848318	0.0480128	0.01063	-0.0290975	-0.0619485	-0.0820233	-0.0851382	-0.0588243	-0.0252624	
-0.112235	-0.21899	-0.304867	-0.36333	-0.388853	-0.392915	-0.377384	-0.331317	-0.257259	-0.155072	-0.0506164	0.0452104	0.124618	0.181172	0.20955	0.201587	0.171704	0.122057	0.0639979	0.00818899	-0.0445992	-0.0851382	-0.10418	-0.0943402	-0.0696656	
-0.196776	-0.335345	-0.441428	-0.511379	-0.542061	-0.546603	-0.528229	-0.473296	-0.383109	-0.253586	-0.112017	0.0229357	0.138791	0.226527	0.27845	0.287121	0.259939	0.199802	0.130432	0.0570557	-0.0085512	-0.0588243	-0.0943402	-0.0983485	-0.0885751	
-0.267198	-0.430186	-0.556084	-0.640414	-0.681902	-0.6876	-0.66246	-0.594567	-0.486288	-0.334732	-0.166711	-0.0042766	0.137907	0.248307	0.323295	0.348069	0.32534	0.261036	0.18044	0.099635	0.03031	-0.0252624	-0.0696656	-0.0885751	-0.0999141	
