-0.112149	-0.0424658	0.036171	0.100473	0.149681	0.15891	0.122939	0.0633748	-0.0092219	-0.0876859	-0.142933	-0.188123	-0.23617	-0.283991	-0.325548	-0.364511	-0.380726	-0.367561	-0.330725	-0.284945	-0.236427	-0.20065	-0.171547	-0.14281	-0.101993	
-0.140089	-0.071438	-0.00164529	0.0518237	0.0939273	0.103864	0.0705231	0.0213604	-0.0425804	-0.114426	-0.172679	-0.219904	-0.267451	-0.303769	-0.335388	-0.357323	-0.358009	-0.334133	-0.295844	-0.240819	-0.174907	-0.11389	-0.0611652	-0.0132302	0.0373923	
-0.169823	-0.125905	-0.0757862	-0.033449	0.00039633	0.00845368	-0.0191466	-0.0577259	-0.105642	-0.15412	-0.18822	-0.219946	-0.258325	-0.286365	-0.308821	-0.320425	-0.309107	-0.273199	-0.225903	-0.162014	-0.0845015	-0.00343305	0.0647842	0.123112	0.174683	
-0.204718	-0.19429	-0.171604	-0.148159	-0.126093	-0.121288	-0.13887	-0.162444	-0.185693	-0.202832	-0.204382	-0.208356	-0.225751	-0.245878	-0.263508	-0.265002	-0.240731	-0.191628	-0.129938	-0.0557982	0.0217566	0.104747	0.177198	0.237819	0.283922	
-0.237567	-0.257891	-0.269284	-0.271768	-0.269253	-0.267604	-0.270671	-0.271314	-0.263739	-0.246886	-0.223187	-0.20602	-0.196806	-0.195972	-0.196438	-0.18227	-0.139813	-0.0827443	-0.0143632	0.062597	0.140243	0.215654	0.281874	0.333123	0.370523	
-0.263971	-0.309993	-0.349084	-0.374049	-0.391843	-0.394066	-0.382873	-0.360136	-0.327448	-0.282301	-0.236522	-0.197579	-0.166529	-0.13849	-0.110396	-0.07231	-0.0188268	0.0457012	0.115045	0.188687	0.258945	0.325123	0.380009	0.417962	0.441119	
-0.26908	-0.340698	-0.40176	-0.441147	-0.463688	-0.467341	-0.452505	-0.420175	-0.367104	-0.297729	-0.22729	-0.162789	-0.109856	-0.0672894	-0.0193725	0.0408835	0.108303	0.174947	0.241489	0.30555	0.36614	0.420514	0.464808	0.481643	0.485226	
-0.22748	-0.323057	-0.40262	-0.453326	-0.477869	-0.481544	-0.465442	-0.426724	-0.357737	-0.266281	-0.170957	-0.0840904	-0.0161625	0.0334171	0.0844511	0.148989	0.222815	0.294477	0.351621	0.397106	0.435992	0.472158	0.505818	0.522022	0.518059	
-0.138847	-0.24736	-0.343175	-0.41105	-0.448933	-0.45358	-0.43102	-0.373115	-0.288747	-0.182252	-0.0725558	0.030931	0.103589	0.156488	0.202544	0.253689	0.307541	0.368403	0.4123	0.435198	0.450141	0.468058	0.493296	0.514723	0.523764	
-0.00998107	-0.129835	-0.242744	-0.329848	-0.374609	-0.381402	-0.353197	-0.281438	-0.176978	-0.0583507	0.0605584	0.167138	0.238944	0.28438	0.316294	0.343404	0.361849	0.385878	0.400487	0.406316	0.40586	0.413508	0.429779	0.461029	0.493066	
0.153467	0.0223543	-0.099041	-0.191734	-0.240046	-0.24801	-0.216486	-0.14067	-0.0285054	0.10075	0.228962	0.331998	0.392622	0.418022	0.421067	0.412968	0.397069	0.380072	0.354609	0.331201	0.316769	0.321433	0.339101	0.37908	0.430885	
0.344689	0.214583	0.0955261	0.00648521	-0.0440384	-0.0531375	-0.0189369	0.0555522	0.164735	0.292514	0.418673	0.510785	0.556932	0.55618	0.525471	0.474177	0.421647	0.366285	0.309072	0.253226	0.219655	0.217459	0.239155	0.289782	0.365316	
0.562719	0.444192	0.333509	0.25562	0.208945	0.201575	0.232693	0.299101	0.396234	0.516623	0.62463	0.698841	0.723058	0.697731	0.633613	0.55124	0.45983	0.364793	0.277734	0.201347	0.1477	0.133715	0.165361	0.224199	0.312685	
0.788155	0.689332	0.597696	0.535441	0.493168	0.485997	0.515671	0.570166	0.648914	0.750875	0.835682	0.888589	0.893653	0.844967	0.75036	0.640167	0.519818	0.395332	0.277341	0.184466	0.118144	0.0923464	0.118318	0.186917	0.285754	
1.00431	0.928655	0.856001	0.80623	0.771545	0.764616	0.790182	0.833458	0.897316	0.976866	1.03791	1.07164	1.06306	0.999148	0.887908	0.754462	0.605311	0.45799	0.319659	0.210452	0.133957	0.101531	0.116482	0.179494	0.275563	
1.19588	1.13188	1.06899	1.0291	1.00815	1.00318	1.01937	1.05002	1.10538	1.17211	1.22305	1.24526	1.22861	1.15739	1.04683	0.901678	0.732449	0.563069	0.411474	0.28401	0.197408	0.157787	0.162665	0.207544	0.286786	
1.33204	1.26906	1.21401	1.17788	1.16156	1.15734	1.17023	1.19701	1.24531	1.30681	1.36409	1.39785	1.38395	1.3141	1.20921	1.07198	0.899177	0.716659	0.547298	0.403049	0.299848	0.244659	0.237308	0.267196	0.319076	
1.39521	1.32845	1.26644	1.22469	1.20376	1.20098	1.21363	1.24755	1.30128	1.36898	1.43507	1.48801	1.50022	1.45899	1.37236	1.24685	1.08224	0.899454	0.716806	0.553522	0.434031	0.364107	0.330531	0.335499	0.360129	
1.37454	1.28793	1.21091	1.1609	1.13391	1.12948	1.1469	1.18856	1.25428	1.33975	1.42616	1.50246	1.5529	1.55888	1.50891	1.40707	1.26053	1.08398	0.897968	0.723951	0.586362	0.496508	0.438023	0.40564	0.394734	
1.25916	1.1414	1.05163	0.996882	0.962494	0.955264	0.98038	1.02709	1.10114	1.21	1.33173	1.44267	1.5321	1.58672	1.58779	1.52581	1.4112	1.25447	1.07823	0.90165	0.747851	0.629522	0.544839	0.474829	0.425811	
1.06148	0.918215	0.81326	0.748338	0.712392	0.704456	0.732008	0.782167	0.871095	1.00158	1.15148	1.30112	1.43507	1.53475	1.58977	1.58875	1.5204	1.39118	1.22624	1.05755	0.897346	0.755774	0.642334	0.543743	0.45408	
0.811417	0.656665	0.535809	0.460903	0.419895	0.412521	0.441948	0.500067	0.602421	0.747879	0.912054	1.09266	1.2753	1.42551	1.5336	1.59111	1.57387	1.48188	1.33979	1.18041	1.02109	0.86954	0.727757	0.597814	0.470602	
0.539264	0.376758	0.252298	0.173766	0.126933	0.117101	0.151524	0.216436	0.321286	0.470849	0.649808	0.857009	1.07798	1.27235	1.4285	1.53612	1.57066	1.52578	1.41794	1.26963	1.10877	0.946367	0.782885	0.624673	0.467964	
0.276413	0.106625	-0.0223212	-0.099353	-0.13743	-0.14447	-0.118993	-0.0580345	0.0489248	0.203821	0.39501	0.61648	0.853238	1.0819	1.28833	1.44162	1.51797	1.51845	1.44898	1.31081	1.14356	0.96831	0.787667	0.606206	0.43133	
0.0358209	-0.132874	-0.25872	-0.33605	-0.367336	-0.372324	-0.352902	-0.29567	-0.188594	-0.0369173	0.155352	0.382464	0.628673	0.881622	1.1252	1.32116	1.43649	1.46816	1.42114	1.29928	1.12953	0.940142	0.740964	0.538664	0.347559	
-0.170961	-0.332184	-0.442437	-0.513998	-0.555337	-0.563257	-0.533743	-0.475052	-0.381848	-0.241632	-0.0515399	0.17672	0.43205	0.703065	0.966332	1.18852	1.3395	1.39809	1.36669	1.2582	1.08557	0.876311	0.653113	0.429713	0.226348	
-0.332184	-0.490432	-0.593266	-0.653707	-0.693657	-0.702813	-0.671624	-0.621116	-0.538158	-0.401122	-0.217259	0.00534616	0.266754	0.545574	0.816743	1.05867	1.24106	1.32514	1.30324	1.19524	1.01664	0.787301	0.540703	0.303124	0.0944147	
-0.442437	-0.593266	-0.702046	-0.757172	-0.782941	-0.788212	-0.769111	-0.72974	-0.643812	-0.506106	-0.336894	-0.123924	0.14044	0.422124	0.704465	0.963766	1.15886	1.25711	1.24811	1.13559	0.947986	0.704727	0.43714	0.185402	-0.0265356	
-0.513998	-0.653707	-0.757172	-0.813434	-0.836489	-0.840832	-0.825172	-0.784943	-0.70047	-0.573534	-0.413445	-0.200951	0.0623479	0.344997	0.635144	0.905721	1.10683	1.21177	1.21054	1.09893	0.902394	0.647491	0.365874	0.100234	-0.118644	
-0.555337	-0.693657	-0.782941	-0.836489	-0.865155	-0.871023	-0.850595	-0.80755	-0.734349	-0.617421	-0.448054	-0.23368	0.0174951	0.300242	0.598271	0.870402	1.07671	1.18865	1.19241	1.08181	0.873679	0.606736	0.321031	0.051559	-0.169223	
-0.563257	-0.702813	-0.788212	-0.840832	-0.871023	-0.877196	-0.855505	-0.812311	-0.742163	-0.626133	-0.453913	-0.239724	0.0082173	0.291916	0.590555	0.8623	1.07108	1.18543	1.18861	1.07736	0.867515	0.599041	0.313778	0.043281	-0.177879	
-0.533743	-0.671624	-0.769111	-0.825172	-0.850595	-0.855505	-0.837407	-0.796294	-0.715964	-0.593654	-0.430609	-0.218792	0.0404606	0.324063	0.618626	0.889316	1.09183	1.19949	1.20206	1.09079	0.888892	0.629029	0.344343	0.0758227	-0.144018	
-0.475052	-0.621116	-0.72974	-0.784943	-0.80755	-0.812311	-0.796294	-0.757246	-0.670754	-0.536771	-0.373222	-0.160442	0.104924	0.386493	0.670931	0.936691	1.13562	1.23691	1.23055	1.11795	0.927069	0.679425	0.40556	0.14732	-0.0678932	
-0.381848	-0.538158	-0.643812	-0.70047	-0.734349	-0.742163	-0.715964	-0.670754	-0.587425	-0.44919	-0.270291	-0.0518617	0.210134	0.490232	0.766411	1.01618	1.20484	1.29576	1.27895	1.16982	0.987507	0.751229	0.495275	0.253372	0.0438543	
-0.241632	-0.401122	-0.506106	-0.573534	-0.617421	-0.626133	-0.593654	-0.536771	-0.44919	-0.311256	-0.123715	0.103291	0.361989	0.637827	0.904332	1.13434	1.29922	1.36909	1.34148	1.23419	1.06066	0.842839	0.610053	0.379616	0.173486	
-0.0515399	-0.217259	-0.336894	-0.413445	-0.448054	-0.453913	-0.430609	-0.373222	-0.270291	-0.123715	0.0682823	0.296281	0.546889	0.807142	1.0613	1.26905	1.39879	1.4412	1.40227	1.28616	1.11486	0.917936	0.709695	0.499264	0.302666	
0.17672	0.00534616	-0.123924	-0.200951	-0.23368	-0.239724	-0.218792	-0.160442	-0.0518617	0.103291	0.296281	0.520604	0.761096	0.999893	1.22348	1.39553	1.48821	1.50219	1.44309	1.31082	1.14229	0.962472	0.775456	0.584524	0.402389	
0.43205	0.266754	0.14044	0.0623479	0.0174951	0.0082173	0.0404606	0.104924	0.210134	0.361989	0.546889	0.761096	0.99024	1.2004	1.37693	1.50267	1.55426	1.52916	1.43713	1.29356	1.12963	0.962086	0.790693	0.623313	0.458269	
0.703065	0.545574	0.422124	0.344997	0.300242	0.291916	0.324063	0.386493	0.490232	0.637827	0.807142	0.999893	1.2004	1.36962	1.49631	1.57479	1.57947	1.50567	1.37565	1.22035	1.06192	0.90615	0.755118	0.612706	0.472905	
0.966332	0.816743	0.704465	0.635144	0.598271	0.590555	0.618626	0.670931	0.766411	0.904332	1.0613	1.22348	1.37693	1.49631	1.57385	1.59731	1.54869	1.43269	1.27569	1.11065	0.950218	0.803237	0.678032	0.568269	0.462772	
1.18852	1.05867	0.963766	0.905721	0.870402	0.8623	0.889316	0.936691	1.01618	1.13434	1.26905	1.39553	1.50267	1.57479	1.59731	1.55798	1.46094	1.31415	1.14242	0.967746	0.810469	0.68139	0.585424	0.502571	0.437357	
1.3395	1.24106	1.15886	1.10683	1.07671	1.07108	1.09183	1.13562	1.20484	1.29922	1.39879	1.48821	1.55426	1.57947	1.54869	1.46094	1.32505	1.15505	0.971828	0.795707	0.650516	0.549948	0.481552	0.433803	0.407324	
1.39809	1.32514	1.25711	1.21177	1.18865	1.18543	1.19949	1.23691	1.29576	1.36909	1.4412	1.50219	1.52916	1.50567	1.43269	1.31415	1.15505	0.973502	0.788615	0.619253	0.493584	0.416731	0.372497	0.362594	0.374548	
1.36669	1.30324	1.24811	1.21054	1.19241	1.18861	1.20206	1.23055	1.27895	1.34148	1.40227	1.44309	1.43713	1.37565	1.27569	1.14242	0.971828	0.788615	0.612469	0.460755	0.35055	0.289231	0.272192	0.294801	0.335626	
1.2582	1.19524	1.13559	1.09893	1.08181	1.07736	1.09079	1.11795	1.16982	1.23419	1.28616	1.31082	1.29356	1.22035	1.11065	0.967746	0.795707	0.619253	0.460755	0.326638	0.234033	0.188881	0.189908	0.228723	0.297708	
1.08557	1.01664	0.947986	0.902394	0.873679	0.867515	0.888892	0.927069	0.987507	1.06066	1.11486	1.14229	1.12963	1.06192	0.950218	0.810469	0.650516	0.493584	0.35055	0.234033	0.154062	0.11918	0.13043	0.186264	0.276841	
0.876311	0.787301	0.704727	0.647491	0.606736	0.599041	0.629029	0.679425	0.751229	0.842839	0.917936	0.962472	0.962086	0.90615	0.803237	0.68139	0.549948	0.416731	0.289231	0.188881	0.11918	0.0900147	0.110923	0.179921	0.279968	
0.653113	0.540703	0.43714	0.365874	0.321031	0.313778	0.344343	0.40556	0.495275	0.610053	0.709695	0.775456	0.790693	0.755118	0.678032	0.585424	0.481552	0.372497	0.272192	0.189908	0.13043	0.110923	0.142783	0.205839	0.298474	
0.429713	0.303124	0.185402	0.100234	0.051559	0.043281	0.0758227	0.14732	0.253372	0.379616	0.499264	0.584524	0.623313	0.612706	0.568269	0.502571	0.433803	0.362594	0.294801	0.228723	0.186264	0.179921	0.205839	0.259622	0.342368	
0.226348	0.0944147	-0.0265356	-0.118644	-0.169223	-0.177879	-0.144018	-0.0678932	0.0438543	0.173486	0.302666	0.402389	0.458269	0.472905	0.462772	0.437357	0.407324	0.374548	0.335626	0.297708	0.276841	0.279968	0.298474	0.342368	0.403805	
