-0.254106	-0.243618	-0.236306	-0.231522	-0.229038	-0.228605	-0.230189	-0.233966	-0.240147	-0.249241	-0.261842	-0.278625	-0.300543	-0.328307	-0.362599	-0.404004	-0.45196	-0.505828	-0.563777	-0.62208	-0.677115	-0.723026	-0.752818	-0.761546	-0.745108	
-0.204496	-0.200972	-0.198753	-0.19743	-0.196901	-0.196736	-0.19729	-0.198185	-0.200148	-0.202938	-0.207665	-0.214515	-0.224766	-0.239539	-0.259965	-0.287672	-0.324005	-0.36896	-0.423638	-0.486087	-0.55351	-0.622674	-0.686059	-0.734702	-0.761352	
-0.198549	-0.199113	-0.199494	-0.200009	-0.200253	-0.200274	-0.200262	-0.199809	-0.199541	-0.198999	-0.198795	-0.199182	-0.200571	-0.204121	-0.211169	-0.222681	-0.241951	-0.26987	-0.308222	-0.359084	-0.420436	-0.491144	-0.568315	-0.644034	-0.708719	
-0.210586	-0.210932	-0.211067	-0.211173	-0.210912	-0.211119	-0.210839	-0.211178	-0.210717	-0.21086	-0.209812	-0.209038	-0.207446	-0.205526	-0.204402	-0.204435	-0.207317	-0.217325	-0.235024	-0.265339	-0.310275	-0.369167	-0.441268	-0.523242	-0.606566	
-0.208629	-0.205403	-0.203241	-0.20115	-0.200172	-0.200119	-0.200441	-0.20244	-0.204065	-0.207289	-0.209981	-0.212927	-0.215431	-0.216913	-0.216509	-0.216039	-0.212576	-0.210338	-0.211177	-0.218109	-0.237328	-0.27324	-0.327858	-0.401079	-0.488163	
-0.178534	-0.174007	-0.170418	-0.167808	-0.166881	-0.166256	-0.167619	-0.169081	-0.172844	-0.176356	-0.18258	-0.188417	-0.195795	-0.203807	-0.210489	-0.216805	-0.221721	-0.221892	-0.220666	-0.217806	-0.217777	-0.2254	-0.250367	-0.296621	-0.369118	
-0.150095	-0.147743	-0.145077	-0.144675	-0.143549	-0.143523	-0.144374	-0.144396	-0.147257	-0.148455	-0.152958	-0.157364	-0.163933	-0.171738	-0.182578	-0.191691	-0.20446	-0.214475	-0.222219	-0.224609	-0.225315	-0.222725	-0.224562	-0.240479	-0.278296	
-0.142041	-0.141301	-0.141167	-0.14139	-0.140764	-0.14141	-0.140856	-0.141408	-0.140982	-0.142017	-0.141725	-0.143609	-0.145769	-0.148587	-0.155554	-0.163502	-0.173915	-0.18794	-0.203338	-0.216366	-0.223876	-0.229131	-0.224832	-0.225955	-0.234832	
-0.146075	-0.145398	-0.146594	-0.144361	-0.146029	-0.144795	-0.145163	-0.146166	-0.144821	-0.147175	-0.145407	-0.146656	-0.145706	-0.14628	-0.144855	-0.14888	-0.151126	-0.159853	-0.170609	-0.190829	-0.206651	-0.224566	-0.231517	-0.228223	-0.226123	
-0.142705	-0.140299	-0.138857	-0.136718	-0.13715	-0.135953	-0.137031	-0.13796	-0.139396	-0.141496	-0.144182	-0.14649	-0.148657	-0.151903	-0.151184	-0.152582	-0.151218	-0.152114	-0.152781	-0.159538	-0.174984	-0.194355	-0.222183	-0.232316	-0.234636	
-0.124775	-0.122579	-0.119096	-0.120803	-0.117302	-0.119663	-0.118778	-0.119599	-0.122529	-0.122169	-0.127642	-0.1291	-0.134897	-0.139179	-0.146087	-0.149785	-0.156101	-0.155767	-0.159774	-0.156274	-0.159284	-0.163743	-0.186539	-0.215263	-0.231841	
-0.116505	-0.117354	-0.115961	-0.117304	-0.115718	-0.116857	-0.116396	-0.116079	-0.117177	-0.116534	-0.117905	-0.118713	-0.120976	-0.123073	-0.128826	-0.132699	-0.142843	-0.148629	-0.155231	-0.161576	-0.162708	-0.160071	-0.161838	-0.185072	-0.21339	
-0.12026	-0.120125	-0.120109	-0.118745	-0.119731	-0.118625	-0.119326	-0.119633	-0.119241	-0.1209	-0.119635	-0.121605	-0.120395	-0.121785	-0.122297	-0.123414	-0.126587	-0.135189	-0.140773	-0.151587	-0.163184	-0.165261	-0.15791	-0.162046	-0.185912	
-0.115834	-0.114542	-0.11269	-0.111988	-0.111681	-0.111152	-0.112352	-0.112414	-0.114257	-0.115924	-0.117104	-0.120429	-0.121595	-0.122998	-0.126201	-0.1255	-0.124777	-0.12746	-0.128846	-0.132124	-0.147706	-0.167005	-0.165853	-0.158606	-0.162448	
-0.106071	-0.103844	-0.104146	-0.102138	-0.103531	-0.101631	-0.103033	-0.103116	-0.102654	-0.106177	-0.105251	-0.108855	-0.113089	-0.113803	-0.11999	-0.12621	-0.125238	-0.132022	-0.134554	-0.128438	-0.125036	-0.145964	-0.165062	-0.164161	-0.159045	
-0.107526	-0.101897	-0.106108	-0.10327	-0.104115	-0.10525	-0.102367	-0.106763	-0.102296	-0.105583	-0.105198	-0.103037	-0.107121	-0.107239	-0.10584	-0.11598	-0.116444	-0.118842	-0.133897	-0.140822	-0.129881	-0.129507	-0.149141	-0.162499	-0.157605	
-0.106459	-0.103558	-0.105323	-0.103124	-0.102451	-0.10467	-0.1016	-0.105222	-0.104708	-0.104661	-0.108857	-0.107051	-0.107817	-0.113051	-0.106428	-0.110948	-0.115993	-0.110745	-0.113475	-0.133623	-0.135499	-0.129364	-0.137468	-0.15511	-0.161589	
-0.0953708	-0.0988516	-0.0955423	-0.0950083	-0.09559	-0.0940865	-0.0959797	-0.0939123	-0.0981502	-0.0955594	-0.0994541	-0.103235	-0.0995655	-0.111183	-0.108584	-0.108745	-0.116721	-0.118048	-0.108557	-0.118173	-0.133195	-0.128854	-0.132168	-0.143774	-0.157536	
-0.0911255	-0.100661	-0.0914095	-0.0972263	-0.0960209	-0.0926215	-0.100136	-0.090442	-0.100489	-0.0934199	-0.0959868	-0.0989707	-0.0958076	-0.0974316	-0.107358	-0.100788	-0.109666	-0.119297	-0.117668	-0.11165	-0.124577	-0.126364	-0.12849	-0.138575	-0.15382	
-0.098817	-0.0983009	-0.0948598	-0.0971704	-0.0955836	-0.0943076	-0.0973904	-0.0946772	-0.0969559	-0.0985178	-0.0974931	-0.0988784	-0.103496	-0.0955191	-0.104196	-0.101327	-0.0997535	-0.105656	-0.115075	-0.115157	-0.124467	-0.12468	-0.123289	-0.130094	-0.147071	
-0.0942688	-0.0897291	-0.0904799	-0.0903646	-0.0884314	-0.0908433	-0.0883747	-0.0913971	-0.0898393	-0.092016	-0.093706	-0.0932677	-0.0989885	-0.0981974	-0.103505	-0.104307	-0.106946	-0.106713	-0.107206	-0.104816	-0.117965	-0.126933	-0.123438	-0.126312	-0.140476	
-0.0922577	-0.0900186	-0.090984	-0.0903871	-0.0902675	-0.0904594	-0.0901134	-0.0909617	-0.0898895	-0.0919622	-0.0905166	-0.0916751	-0.0939297	-0.091038	-0.0973257	-0.0985245	-0.0992074	-0.107533	-0.114575	-0.107193	-0.111411	-0.121925	-0.122778	-0.122073	-0.133331	
-0.0945839	-0.0899662	-0.0912596	-0.0905411	-0.0892174	-0.0911065	-0.0887755	-0.0921567	-0.089706	-0.0928548	-0.0933606	-0.0917965	-0.0981729	-0.0930532	-0.0970622	-0.0992165	-0.0975681	-0.0977542	-0.10916	-0.10784	-0.10888	-0.120641	-0.121439	-0.122294	-0.128756	
-0.0909521	-0.0839294	-0.0882611	-0.0856119	-0.0844235	-0.0881591	-0.0824269	-0.0895665	-0.0836667	-0.0888975	-0.0888142	-0.0882539	-0.0934448	-0.0943137	-0.0937129	-0.1014	-0.0995962	-0.0993753	-0.103979	-0.107442	-0.106616	-0.117743	-0.121075	-0.118632	-0.124477	
-0.0885589	-0.0871215	-0.0889075	-0.0872767	-0.0873654	-0.0887965	-0.0864158	-0.0891991	-0.0875642	-0.0883205	-0.0890083	-0.0888262	-0.0885917	-0.091457	-0.0903348	-0.0950508	-0.0975467	-0.100905	-0.107172	-0.10515	-0.103054	-0.114498	-0.12067	-0.12047	-0.1208	
-0.0907928	-0.0852479	-0.0882661	-0.0852634	-0.0855001	-0.086548	-0.0840439	-0.0882385	-0.0848434	-0.0892267	-0.0891826	-0.0894169	-0.0937978	-0.0936285	-0.0917754	-0.0981294	-0.0943936	-0.0920262	-0.101696	-0.109405	-0.104336	-0.112794	-0.118549	-0.118928	-0.118994	
-0.0852479	-0.0833125	-0.0857991	-0.0836729	-0.0836875	-0.085885	-0.0824252	-0.0861698	-0.0842462	-0.0844736	-0.0864864	-0.0860537	-0.0852508	-0.092435	-0.0884898	-0.0954329	-0.0999332	-0.100181	-0.100693	-0.10421	-0.100935	-0.11069	-0.118579	-0.118912	-0.118248	
-0.0882661	-0.0857991	-0.087928	-0.0847434	-0.0864423	-0.085502	-0.0852304	-0.0868675	-0.0854926	-0.0881452	-0.087517	-0.0893943	-0.0895087	-0.0920399	-0.0887336	-0.0940207	-0.0926991	-0.0928171	-0.101013	-0.107773	-0.103165	-0.109328	-0.117463	-0.119102	-0.115339	
-0.0852634	-0.0836729	-0.0847434	-0.0831549	-0.0831384	-0.0843632	-0.082523	-0.0848241	-0.0843361	-0.0843943	-0.0868028	-0.0865981	-0.0869636	-0.0924771	-0.0895242	-0.0948637	-0.0976405	-0.0960319	-0.098546	-0.105741	-0.100381	-0.108353	-0.116357	-0.118587	-0.11765	
-0.0855001	-0.0836875	-0.0864423	-0.0831384	-0.0847631	-0.0846739	-0.0831325	-0.0856421	-0.0836378	-0.0855848	-0.0853897	-0.087118	-0.085524	-0.0917307	-0.0866874	-0.093517	-0.095778	-0.0958691	-0.098304	-0.1052	-0.102352	-0.108098	-0.117255	-0.118524	-0.114522	
-0.086548	-0.085885	-0.085502	-0.0843632	-0.0846739	-0.0844756	-0.0846336	-0.0852545	-0.0859133	-0.0864551	-0.0877609	-0.0887959	-0.0890601	-0.0919829	-0.0902445	-0.0935083	-0.093393	-0.0929741	-0.0997921	-0.107678	-0.101072	-0.107456	-0.115711	-0.118753	-0.116543	
-0.0840439	-0.0824252	-0.0852304	-0.082523	-0.0831325	-0.0846336	-0.0813738	-0.0850764	-0.0825968	-0.0836359	-0.0848525	-0.0852667	-0.0839776	-0.091974	-0.0865308	-0.0943361	-0.0991504	-0.0984377	-0.0972771	-0.103841	-0.101074	-0.108394	-0.117511	-0.118196	-0.116123	
-0.0882385	-0.0861698	-0.0868675	-0.0848241	-0.0856421	-0.0852545	-0.0850764	-0.0867288	-0.0857815	-0.0884183	-0.0881509	-0.0898324	-0.0908087	-0.0923656	-0.0903814	-0.0944482	-0.0920817	-0.0915224	-0.100461	-0.108639	-0.102831	-0.108926	-0.116744	-0.119014	-0.115695	
-0.0848434	-0.0842462	-0.0854926	-0.0843361	-0.0836378	-0.0859133	-0.0825968	-0.0857815	-0.0843607	-0.084294	-0.0863278	-0.0861477	-0.0852412	-0.0917746	-0.0880841	-0.0945369	-0.0988777	-0.0998202	-0.100567	-0.105053	-0.100248	-0.109562	-0.118271	-0.11819	-0.118567	
-0.0892267	-0.0844736	-0.0881452	-0.0843943	-0.0855848	-0.0864551	-0.0836359	-0.0884183	-0.084294	-0.0885922	-0.0882944	-0.0884693	-0.0913184	-0.0934563	-0.0903799	-0.0970051	-0.0958201	-0.0937478	-0.10071	-0.107134	-0.104124	-0.11296	-0.118984	-0.119528	-0.117346	
-0.0891826	-0.0864864	-0.087517	-0.0868028	-0.0853897	-0.0877609	-0.0848525	-0.0881509	-0.0863278	-0.0882944	-0.0888478	-0.0892395	-0.0910073	-0.0919557	-0.0917332	-0.096939	-0.0960994	-0.0974693	-0.105046	-0.108305	-0.102842	-0.112722	-0.119132	-0.118749	-0.121253	
-0.0894169	-0.0860537	-0.0893943	-0.0865981	-0.087118	-0.0887959	-0.0852667	-0.0898324	-0.0861477	-0.0884693	-0.0892395	-0.0879906	-0.0902491	-0.0927581	-0.0914502	-0.0967481	-0.0990555	-0.10132	-0.10603	-0.105008	-0.104611	-0.117094	-0.121714	-0.1202	-0.122433	
-0.0937978	-0.0852508	-0.0895087	-0.0869636	-0.085524	-0.0890601	-0.0839776	-0.0908087	-0.0852412	-0.0913184	-0.0910073	-0.0902491	-0.0979295	-0.0945359	-0.0965552	-0.10303	-0.0993568	-0.0962501	-0.105016	-0.10829	-0.108896	-0.119769	-0.120537	-0.120381	-0.127212	
-0.0936285	-0.092435	-0.0920399	-0.0924771	-0.0917307	-0.0919829	-0.091974	-0.0923656	-0.0917746	-0.0934563	-0.0919557	-0.0927581	-0.0945359	-0.0904894	-0.0964671	-0.0960908	-0.0957392	-0.104707	-0.115343	-0.107825	-0.110442	-0.119994	-0.122552	-0.122413	-0.130099	
-0.0917754	-0.0884898	-0.0887336	-0.0895242	-0.0866874	-0.0902445	-0.0865308	-0.0903814	-0.0880841	-0.0903799	-0.0917332	-0.0914502	-0.0965552	-0.0964671	-0.101174	-0.103933	-0.106471	-0.108458	-0.107592	-0.104651	-0.114019	-0.125233	-0.124267	-0.124031	-0.139067	
-0.0981294	-0.0954329	-0.0940207	-0.0948637	-0.093517	-0.0935083	-0.0943361	-0.0944482	-0.0945369	-0.0970051	-0.096939	-0.0967481	-0.10303	-0.0960908	-0.103933	-0.1019	-0.101241	-0.103857	-0.112031	-0.111884	-0.123243	-0.12679	-0.122825	-0.127987	-0.142856	
-0.0943936	-0.0999332	-0.0926991	-0.0976405	-0.095778	-0.093393	-0.0991504	-0.0920817	-0.0988777	-0.0958201	-0.0960994	-0.0990555	-0.0993568	-0.0957392	-0.106471	-0.101241	-0.104948	-0.114237	-0.118044	-0.113508	-0.123706	-0.124217	-0.12561	-0.134843	-0.152603	
-0.0920262	-0.100181	-0.0928171	-0.0960319	-0.0958691	-0.0929741	-0.0984377	-0.0915224	-0.0998202	-0.0937478	-0.0974693	-0.10132	-0.0962501	-0.104707	-0.108458	-0.103857	-0.114237	-0.12097	-0.112685	-0.113168	-0.129555	-0.128504	-0.131529	-0.142217	-0.155577	
-0.101696	-0.100693	-0.101013	-0.098546	-0.098304	-0.0997921	-0.0972771	-0.100461	-0.100567	-0.10071	-0.105046	-0.10603	-0.105016	-0.115343	-0.107592	-0.112031	-0.118044	-0.112685	-0.107126	-0.127523	-0.136388	-0.129179	-0.134845	-0.149494	-0.160853	
-0.109405	-0.10421	-0.107773	-0.105741	-0.1052	-0.107678	-0.103841	-0.108639	-0.105053	-0.107134	-0.108305	-0.105008	-0.10829	-0.107825	-0.104651	-0.111884	-0.113508	-0.113168	-0.127523	-0.141584	-0.132605	-0.128369	-0.143405	-0.160416	-0.159138	
-0.104336	-0.100935	-0.103165	-0.100381	-0.102352	-0.101072	-0.101074	-0.102831	-0.100248	-0.104124	-0.102842	-0.104611	-0.108896	-0.110442	-0.114019	-0.123243	-0.123706	-0.129555	-0.136388	-0.132605	-0.124223	-0.136816	-0.159578	-0.164296	-0.158352	
-0.112794	-0.11069	-0.109328	-0.108353	-0.108098	-0.107456	-0.108394	-0.108926	-0.109562	-0.11296	-0.112722	-0.117094	-0.119769	-0.119994	-0.125233	-0.12679	-0.124217	-0.128504	-0.129179	-0.128369	-0.136816	-0.160929	-0.168363	-0.161045	-0.159926	
-0.118549	-0.118579	-0.117463	-0.116357	-0.117255	-0.115711	-0.117511	-0.116744	-0.118271	-0.118984	-0.119132	-0.121714	-0.120537	-0.122552	-0.124267	-0.122825	-0.12561	-0.131529	-0.134845	-0.143405	-0.159578	-0.168363	-0.160259	-0.157845	-0.174049	
-0.118928	-0.118912	-0.119102	-0.118587	-0.118524	-0.118753	-0.118196	-0.119014	-0.11819	-0.119528	-0.118749	-0.1202	-0.120381	-0.122413	-0.124031	-0.127987	-0.134843	-0.142217	-0.149494	-0.160416	-0.164296	-0.161045	-0.157845	-0.173824	-0.203637	
-0.118994	-0.118248	-0.115339	-0.11765	-0.114522	-0.116543	-0.116123	-0.115695	-0.118567	-0.117346	-0.121253	-0.122433	-0.127212	-0.130099	-0.139067	-0.142856	-0.152603	-0.155577	-0.160853	-0.159138	-0.158352	-0.159926	-0.174049	-0.203637	-0.226261	
