0.0537346	0.102949	0.146884	0.192825	0.240731	0.291245	0.349922	0.422683	0.49361	0.537351	0.561232	0.556857	0.510236	0.420259	0.276786	0.0813386	-0.122019	-0.278639	-0.366106	-0.388259	-0.354917	-0.27054	-0.154924	-0.0131745	0.153749	
0.102949	0.101956	0.0984344	0.104505	0.114653	0.14115	0.195146	0.280615	0.378493	0.462676	0.52474	0.543296	0.511195	0.431087	0.292478	0.105043	-0.0893905	-0.239815	-0.322076	-0.342942	-0.316662	-0.246136	-0.135227	-0.00251607	0.150741	
0.146884	0.0984344	0.0440166	0.000484611	-0.0283559	-0.0297273	0.0123731	0.102371	0.222918	0.342838	0.433154	0.481641	0.475462	0.408577	0.282656	0.117203	-0.0522212	-0.187312	-0.261899	-0.284796	-0.26271	-0.198758	-0.103236	0.0190175	0.162497	
0.192825	0.104505	0.000484611	-0.0926964	-0.15711	-0.186783	-0.162574	-0.0736376	0.05788	0.198572	0.312048	0.386179	0.40406	0.362058	0.259613	0.118761	-0.0277929	-0.142484	-0.209604	-0.239718	-0.221754	-0.163769	-0.0794005	0.03864	0.1829	
0.240731	0.114653	-0.0283559	-0.15711	-0.253213	-0.30756	-0.300104	-0.220979	-0.0965243	0.0459215	0.173859	0.264436	0.304996	0.28772	0.213321	0.0981475	-0.0264998	-0.128381	-0.194704	-0.227145	-0.212449	-0.161812	-0.0813089	0.0368521	0.186757	
0.291245	0.14115	-0.0297273	-0.186783	-0.30756	-0.380542	-0.391559	-0.336104	-0.225101	-0.0887297	0.0357395	0.131989	0.187	0.193712	0.15179	0.061707	-0.0434975	-0.135888	-0.205935	-0.244772	-0.241095	-0.197067	-0.114985	0.00930427	0.161372	
0.349922	0.195146	0.0123731	-0.162574	-0.300104	-0.391559	-0.429197	-0.402294	-0.317389	-0.196108	-0.0820665	0.00883601	0.0700256	0.0964651	0.0801526	0.015028	-0.072095	-0.152272	-0.224263	-0.27502	-0.290062	-0.259287	-0.176651	-0.0501118	0.100279	
0.422683	0.280615	0.102371	-0.0736376	-0.220979	-0.336104	-0.402294	-0.408497	-0.355587	-0.26497	-0.168774	-0.090021	-0.0301847	0.00456281	0.00352146	-0.0378494	-0.103139	-0.173262	-0.245791	-0.31267	-0.352828	-0.337837	-0.261578	-0.143375	-0.000218241	
0.49361	0.378493	0.222918	0.05788	-0.0965243	-0.225101	-0.317389	-0.355587	-0.340361	-0.289944	-0.227258	-0.165342	-0.109907	-0.0705197	-0.0625518	-0.0837578	-0.12714	-0.190639	-0.270043	-0.352542	-0.412215	-0.419218	-0.362672	-0.25195	-0.112002	
0.537351	0.462676	0.342838	0.198572	0.0459215	-0.0887297	-0.196108	-0.26497	-0.289944	-0.287067	-0.26554	-0.22512	-0.175365	-0.129555	-0.106577	-0.106986	-0.138642	-0.201815	-0.283223	-0.371769	-0.445711	-0.474714	-0.44436	-0.351334	-0.220522	
0.561232	0.52474	0.433154	0.312048	0.173859	0.0357395	-0.0820665	-0.168774	-0.227258	-0.26554	-0.284415	-0.270689	-0.231138	-0.178293	-0.135406	-0.118073	-0.143195	-0.20562	-0.282536	-0.36627	-0.442354	-0.487551	-0.479431	-0.409816	-0.29412	
0.556857	0.543296	0.481641	0.386179	0.264436	0.131989	0.00883601	-0.090021	-0.165342	-0.22512	-0.270689	-0.281448	-0.251441	-0.194563	-0.139018	-0.112262	-0.129601	-0.190452	-0.261977	-0.334989	-0.410907	-0.460508	-0.45905	-0.403439	-0.312933	
0.510236	0.511195	0.475462	0.40406	0.304996	0.187	0.0700256	-0.0301847	-0.109907	-0.175365	-0.231138	-0.251441	-0.23216	-0.175047	-0.113073	-0.0876415	-0.099728	-0.148085	-0.20954	-0.274342	-0.336057	-0.374978	-0.371265	-0.329535	-0.262422	
0.420259	0.431087	0.408577	0.362058	0.28772	0.193712	0.0964651	0.00456281	-0.0705197	-0.129555	-0.178293	-0.194563	-0.175047	-0.127467	-0.0662596	-0.0316946	-0.0326225	-0.0672241	-0.115712	-0.166618	-0.208547	-0.231898	-0.22487	-0.193877	-0.141653	
0.276786	0.292478	0.282656	0.259613	0.213321	0.15179	0.0801526	0.00352146	-0.0625518	-0.106577	-0.135406	-0.139018	-0.113073	-0.0662596	-0.00614069	0.0365241	0.0507491	0.0375233	0.0105078	-0.0148923	-0.0329932	-0.0388286	-0.0362745	-0.0239535	0.0117765	
0.0813386	0.105043	0.117203	0.118761	0.0981475	0.061707	0.015028	-0.0378494	-0.0837578	-0.106986	-0.118073	-0.112262	-0.0876415	-0.0316946	0.0365241	0.0932915	0.130048	0.146191	0.152439	0.161824	0.171176	0.175995	0.165815	0.162217	0.18712	
-0.122019	-0.0893905	-0.0522212	-0.0277929	-0.0264998	-0.0434975	-0.072095	-0.103139	-0.12714	-0.138642	-0.143195	-0.129601	-0.099728	-0.0326225	0.0507491	0.130048	0.201915	0.259308	0.306539	0.344099	0.37456	0.387449	0.376671	0.367139	0.377708	
-0.278639	-0.239815	-0.187312	-0.142484	-0.128381	-0.135888	-0.152272	-0.173262	-0.190639	-0.201815	-0.20562	-0.190452	-0.148085	-0.0672241	0.0375233	0.146191	0.259308	0.36402	0.453594	0.521711	0.575018	0.59767	0.594276	0.584005	0.581395	
-0.366106	-0.322076	-0.261899	-0.209604	-0.194704	-0.205935	-0.224263	-0.245791	-0.270043	-0.283223	-0.282536	-0.261977	-0.20954	-0.115712	0.0105078	0.152439	0.306539	0.453594	0.581488	0.679486	0.753088	0.793893	0.799107	0.78586	0.771372	
-0.388259	-0.342942	-0.284796	-0.239718	-0.227145	-0.244772	-0.27502	-0.31267	-0.352542	-0.371769	-0.36627	-0.334989	-0.274342	-0.166618	-0.0148923	0.161824	0.344099	0.521711	0.679486	0.806835	0.896468	0.953341	0.966774	0.955842	0.931971	
-0.354917	-0.316662	-0.26271	-0.221754	-0.212449	-0.241095	-0.290062	-0.352828	-0.412215	-0.445711	-0.442354	-0.410907	-0.336057	-0.208547	-0.0329932	0.171176	0.37456	0.575018	0.753088	0.896468	1.00576	1.06917	1.09004	1.08584	1.06473	
-0.27054	-0.246136	-0.198758	-0.163769	-0.161812	-0.197067	-0.259287	-0.337837	-0.419218	-0.474714	-0.487551	-0.460508	-0.374978	-0.231898	-0.0388286	0.175995	0.387449	0.59767	0.793893	0.953341	1.06917	1.14473	1.17819	1.18346	1.17043	
-0.154924	-0.135227	-0.103236	-0.0794005	-0.0813089	-0.114985	-0.176651	-0.261578	-0.362672	-0.44436	-0.479431	-0.45905	-0.371265	-0.22487	-0.0362745	0.165815	0.376671	0.594276	0.799107	0.966774	1.09004	1.17819	1.23119	1.2564	1.26498	
-0.0131745	-0.00251607	0.0190175	0.03864	0.0368521	0.00930427	-0.0501118	-0.143375	-0.25195	-0.351334	-0.409816	-0.403439	-0.329535	-0.193877	-0.0239535	0.162217	0.367139	0.584005	0.78586	0.955842	1.08584	1.18346	1.2564	1.31648	1.35674	
0.153749	0.150741	0.162497	0.1829	0.186757	0.161372	0.100279	-0.000218241	-0.112002	-0.220522	-0.29412	-0.312933	-0.262422	-0.141653	0.0117765	0.18712	0.377708	0.581395	0.771372	0.931971	1.06473	1.17043	1.26498	1.35674	1.43505	
0.316895	0.306814	0.312753	0.329896	0.339795	0.320671	0.259597	0.157881	0.0395399	-0.0747668	-0.163345	-0.202984	-0.170275	-0.0718776	0.0654522	0.228616	0.404597	0.5843	0.752883	0.897634	1.02511	1.14058	1.25238	1.37067	1.48981	
0.468614	0.459214	0.461687	0.469053	0.478729	0.461728	0.400514	0.304572	0.182486	0.066444	-0.0329018	-0.0850121	-0.0684284	0.0105299	0.135345	0.278228	0.436372	0.590227	0.730314	0.855816	0.970994	1.08974	1.21648	1.3626	1.51614	
0.599978	0.601092	0.603621	0.605274	0.602901	0.580197	0.522891	0.429898	0.310856	0.191119	0.0842741	0.023842	0.0291003	0.0920258	0.201429	0.331776	0.474141	0.60682	0.720372	0.820034	0.918904	1.0354	1.17643	1.34801	1.54	
0.707201	0.717587	0.715813	0.709559	0.696274	0.671791	0.620709	0.530331	0.410579	0.282574	0.17232	0.113201	0.110631	0.162473	0.257024	0.374957	0.498414	0.613607	0.715967	0.797576	0.877206	0.988019	1.1456	1.33726	1.55646	
0.777507	0.785138	0.77411	0.762673	0.745026	0.720258	0.673119	0.587498	0.473414	0.347339	0.232776	0.172394	0.160712	0.205857	0.294471	0.398714	0.509354	0.612294	0.703064	0.778466	0.850546	0.956257	1.12032	1.32873	1.56633	
0.789513	0.795706	0.782324	0.771107	0.753971	0.72847	0.681006	0.597042	0.48521	0.360855	0.245311	0.182614	0.169732	0.214789	0.301653	0.402734	0.511111	0.612446	0.699598	0.772923	0.846067	0.949802	1.1152	1.3267	1.56675	
0.741032	0.751164	0.745994	0.736885	0.721362	0.696517	0.647658	0.558873	0.440222	0.312854	0.199669	0.141839	0.134409	0.183451	0.274384	0.386912	0.50375	0.612698	0.710747	0.790219	0.864423	0.972907	1.13351	1.33387	1.56168	
0.646103	0.65283	0.654557	0.652674	0.644903	0.620642	0.566021	0.47443	0.355221	0.230976	0.123455	0.0625633	0.0648161	0.123	0.225685	0.351208	0.486027	0.612173	0.720361	0.809945	0.900411	1.01508	1.16379	1.34292	1.54792	
0.524149	0.517232	0.519926	0.524627	0.530132	0.511976	0.451368	0.357073	0.23641	0.119177	0.0162744	-0.0402469	-0.0284173	0.043305	0.162447	0.299668	0.451787	0.595225	0.723568	0.840275	0.949841	1.06786	1.19987	1.35679	1.52538	
0.378604	0.368922	0.372225	0.385975	0.39734	0.379189	0.318721	0.218968	0.0981797	-0.0169348	-0.110292	-0.155925	-0.129812	-0.0393204	0.092688	0.246962	0.416411	0.586557	0.743872	0.880484	1.00364	1.12171	1.23964	1.36948	1.50268	
0.220386	0.213289	0.222734	0.24291	0.248454	0.225646	0.1649	0.062834	-0.0514584	-0.162449	-0.242814	-0.269958	-0.227701	-0.11609	0.0303987	0.203038	0.387726	0.582064	0.764785	0.92009	1.05123	1.16163	1.2633	1.36561	1.46066	
0.0522771	0.0572815	0.0747123	0.0945799	0.0953553	0.0684128	0.00730106	-0.0887788	-0.198421	-0.302128	-0.367316	-0.370783	-0.306609	-0.175287	-0.0119213	0.168649	0.368132	0.582242	0.779839	0.947617	1.07964	1.17989	1.26191	1.33565	1.39036	
-0.101644	-0.0850839	-0.0577572	-0.0368043	-0.0396822	-0.070088	-0.129428	-0.218124	-0.323272	-0.413584	-0.458863	-0.442531	-0.357349	-0.214933	-0.0338544	0.161511	0.371585	0.589988	0.794322	0.964357	1.09072	1.18295	1.24366	1.28223	1.30283	
-0.227491	-0.204726	-0.163544	-0.133542	-0.133757	-0.169639	-0.232614	-0.313561	-0.404909	-0.471088	-0.49169	-0.466371	-0.379164	-0.232535	-0.0379905	0.173665	0.385078	0.598265	0.800146	0.963126	1.08162	1.16194	1.20321	1.21441	1.20801	
-0.326392	-0.294647	-0.242032	-0.201951	-0.195188	-0.227341	-0.283414	-0.354925	-0.421639	-0.463373	-0.466165	-0.435901	-0.356319	-0.221203	-0.0371363	0.173712	0.382946	0.587943	0.774226	0.92406	1.03708	1.10557	1.12971	1.1288	1.11029	
-0.38092	-0.337339	-0.280966	-0.239111	-0.227194	-0.248369	-0.286514	-0.333251	-0.381347	-0.405484	-0.398178	-0.365995	-0.299536	-0.184471	-0.0230202	0.166513	0.357812	0.545485	0.711396	0.846276	0.944715	1.00384	1.02115	1.01224	0.987318	
-0.382941	-0.33717	-0.276834	-0.226225	-0.212508	-0.226058	-0.247328	-0.273678	-0.303895	-0.318377	-0.315584	-0.290506	-0.23544	-0.136929	-0.000859114	0.155147	0.322018	0.483054	0.624572	0.735224	0.813982	0.863391	0.871263	0.8584	0.840172	
-0.321744	-0.280581	-0.224658	-0.173892	-0.158665	-0.166853	-0.182556	-0.202154	-0.220597	-0.232933	-0.235761	-0.219449	-0.17194	-0.0855771	0.0277328	0.149622	0.279417	0.402612	0.507911	0.587516	0.65021	0.679453	0.679771	0.667414	0.659788	
-0.192084	-0.157233	-0.111951	-0.0792611	-0.071844	-0.0828363	-0.105747	-0.131216	-0.150375	-0.160699	-0.165108	-0.149464	-0.115593	-0.043653	0.0480473	0.1381	0.226524	0.302974	0.366892	0.416999	0.456141	0.471112	0.46291	0.454758	0.459442	
-0.00272433	0.024981	0.0478219	0.0586955	0.0476539	0.019056	-0.0187504	-0.0625162	-0.0983513	-0.115627	-0.122744	-0.114033	-0.0876048	-0.0272248	0.0463561	0.110234	0.159705	0.191264	0.213601	0.23402	0.252993	0.261581	0.249452	0.240539	0.260401	
0.203423	0.221326	0.219127	0.206281	0.171325	0.120438	0.0588168	-0.00874368	-0.0682586	-0.103592	-0.124298	-0.123915	-0.0981391	-0.0482076	0.0138863	0.0616162	0.0833905	0.0800125	0.0655865	0.0548127	0.0476985	0.0461892	0.0433818	0.0493104	0.0802604	
0.369583	0.383645	0.364947	0.327793	0.264629	0.183439	0.0955993	0.00924039	-0.0628612	-0.117094	-0.159177	-0.169994	-0.147589	-0.101958	-0.0424354	-0.00441236	0.000401075	-0.025389	-0.0670194	-0.111072	-0.144181	-0.159007	-0.152725	-0.128171	-0.0833824	
0.479911	0.485122	0.456021	0.394603	0.304377	0.195239	0.0855952	-0.0125981	-0.0917877	-0.155736	-0.210581	-0.231428	-0.212861	-0.159229	-0.0969159	-0.0684692	-0.0777957	-0.121301	-0.177688	-0.236548	-0.29111	-0.324743	-0.319182	-0.281564	-0.22079	
0.543018	0.536054	0.485776	0.400466	0.287919	0.15956	0.0363141	-0.0632467	-0.141767	-0.205334	-0.257197	-0.27341	-0.248764	-0.190235	-0.13142	-0.105663	-0.120446	-0.176344	-0.245233	-0.315299	-0.387703	-0.433861	-0.431105	-0.38181	-0.301822	
0.564764	0.538139	0.457946	0.347846	0.215381	0.078491	-0.0421012	-0.135388	-0.201895	-0.251781	-0.282758	-0.279953	-0.24476	-0.189612	-0.141083	-0.117609	-0.13914	-0.202898	-0.277324	-0.35664	-0.433016	-0.482085	-0.479122	-0.415384	-0.309022	
