-0.408893	-0.390703	-0.386543	-0.400044	-0.438727	-0.493967	-0.537391	-0.553541	-0.5478	-0.516234	-0.472578	-0.438224	-0.39837	-0.333854	-0.265636	-0.19553	-0.111702	-0.00649752	0.0975231	0.190802	0.278513	0.377834	0.476283	0.55689	0.61578	
-0.390703	-0.34319	-0.317563	-0.325605	-0.362679	-0.411707	-0.463323	-0.507345	-0.532339	-0.525879	-0.504577	-0.490476	-0.463895	-0.414282	-0.364079	-0.310686	-0.238508	-0.141018	-0.0387449	0.0575514	0.152467	0.264038	0.384525	0.496611	0.599601	
-0.386543	-0.317563	-0.27904	-0.274392	-0.290804	-0.326916	-0.381526	-0.439911	-0.480035	-0.499766	-0.508209	-0.513293	-0.499974	-0.471965	-0.442904	-0.406579	-0.346967	-0.263346	-0.166761	-0.0691269	0.0323011	0.148815	0.278875	0.415397	0.556776	
-0.400044	-0.325605	-0.274392	-0.248789	-0.246428	-0.269575	-0.314713	-0.365477	-0.411937	-0.455865	-0.48649	-0.501906	-0.50395	-0.500262	-0.49236	-0.471258	-0.429234	-0.361135	-0.27389	-0.173126	-0.0652841	0.0546536	0.187555	0.34004	0.507647	
-0.438727	-0.362679	-0.290804	-0.246428	-0.231243	-0.236089	-0.260598	-0.296406	-0.343688	-0.398211	-0.437377	-0.459786	-0.476277	-0.490604	-0.497601	-0.496123	-0.475117	-0.425213	-0.349336	-0.249701	-0.136729	-0.0118689	0.123377	0.283266	0.458879	
-0.493967	-0.411707	-0.326916	-0.269575	-0.236089	-0.216553	-0.220052	-0.239	-0.276865	-0.329424	-0.371523	-0.399501	-0.422619	-0.440585	-0.458673	-0.47701	-0.476046	-0.443803	-0.38416	-0.295483	-0.181893	-0.0524407	0.0879985	0.244127	0.411023	
-0.537391	-0.463323	-0.381526	-0.314713	-0.260598	-0.220052	-0.202183	-0.201118	-0.224507	-0.268501	-0.30887	-0.339959	-0.35796	-0.370434	-0.39082	-0.419168	-0.427072	-0.408194	-0.368328	-0.29747	-0.192688	-0.0612084	0.0797983	0.223351	0.366075	
-0.553541	-0.507345	-0.439911	-0.365477	-0.296406	-0.239	-0.201118	-0.182352	-0.186747	-0.213461	-0.252829	-0.284825	-0.295975	-0.299559	-0.315507	-0.338444	-0.34239	-0.331077	-0.306792	-0.257694	-0.169859	-0.0497714	0.080664	0.199324	0.308765	
-0.5478	-0.532339	-0.480035	-0.411937	-0.343688	-0.276865	-0.224507	-0.186747	-0.164284	-0.173881	-0.208786	-0.234723	-0.236646	-0.235702	-0.241528	-0.244937	-0.235867	-0.221313	-0.20434	-0.170808	-0.108127	-0.0146644	0.0850232	0.167704	0.236197	
-0.516234	-0.525879	-0.499766	-0.455865	-0.398211	-0.329424	-0.268501	-0.213461	-0.173881	-0.168178	-0.184709	-0.18959	-0.185421	-0.182683	-0.169906	-0.147968	-0.11934	-0.0946046	-0.0710199	-0.0460303	-0.0077358	0.0439198	0.0964974	0.132973	0.155399	
-0.472578	-0.504577	-0.508209	-0.48649	-0.437377	-0.371523	-0.30887	-0.252829	-0.208786	-0.184709	-0.169913	-0.155196	-0.14685	-0.13179	-0.0962447	-0.0503357	-0.00462034	0.0377827	0.0717786	0.0954751	0.109753	0.114822	0.11155	0.0978812	0.0701727	
-0.438224	-0.490476	-0.513293	-0.501906	-0.459786	-0.399501	-0.339959	-0.284825	-0.234723	-0.18959	-0.155196	-0.128451	-0.101749	-0.064081	-0.00946038	0.0507327	0.116712	0.174125	0.214916	0.232021	0.222836	0.182619	0.126905	0.0631171	-0.0148805	
-0.39837	-0.463895	-0.499974	-0.50395	-0.476277	-0.422619	-0.35796	-0.295975	-0.236646	-0.185421	-0.14685	-0.101749	-0.0486754	0.00664772	0.0662344	0.142344	0.226986	0.294298	0.330392	0.334148	0.299533	0.223538	0.126347	0.0181908	-0.102797	
-0.333854	-0.414282	-0.471965	-0.500262	-0.490604	-0.440585	-0.370434	-0.299559	-0.235702	-0.182683	-0.13179	-0.064081	0.00664772	0.0623826	0.12601	0.213001	0.306751	0.371619	0.397763	0.382417	0.324346	0.224387	0.0988712	-0.0439272	-0.192777	
-0.265636	-0.364079	-0.442904	-0.49236	-0.497601	-0.458673	-0.39082	-0.315507	-0.241528	-0.169906	-0.0962447	-0.00946038	0.0662344	0.12601	0.190505	0.272156	0.351119	0.402871	0.41429	0.380348	0.306137	0.193883	0.0516561	-0.111495	-0.270928	
-0.19553	-0.310686	-0.406579	-0.471258	-0.496123	-0.47701	-0.419168	-0.338444	-0.244937	-0.147968	-0.0503357	0.0507327	0.142344	0.213001	0.272156	0.326306	0.372052	0.395058	0.383959	0.33586	0.256313	0.141594	-0.0047007	-0.168561	-0.32465	
-0.111702	-0.238508	-0.346967	-0.429234	-0.475117	-0.476046	-0.427072	-0.34239	-0.235867	-0.11934	-0.00462034	0.116712	0.226986	0.306751	0.351119	0.372052	0.372009	0.348434	0.304794	0.244453	0.164709	0.0535458	-0.0799382	-0.224231	-0.368543	
-0.00649752	-0.141018	-0.263346	-0.361135	-0.425213	-0.443803	-0.408194	-0.331077	-0.221313	-0.0946046	0.0377827	0.174125	0.294298	0.371619	0.402871	0.395058	0.348434	0.274131	0.19436	0.117304	0.032087	-0.0695217	-0.176071	-0.28785	-0.414211	
0.0975231	-0.0387449	-0.166761	-0.27389	-0.349336	-0.38416	-0.368328	-0.306792	-0.20434	-0.0710199	0.0717786	0.214916	0.330392	0.397763	0.41429	0.383959	0.304794	0.19436	0.0822604	-0.0205471	-0.115391	-0.205161	-0.283407	-0.365063	-0.46357	
0.190802	0.0575514	-0.0691269	-0.173126	-0.249701	-0.295483	-0.29747	-0.257694	-0.170808	-0.0460303	0.0954751	0.232021	0.334148	0.382417	0.380348	0.33586	0.244453	0.117304	-0.0205471	-0.145612	-0.247423	-0.32843	-0.393951	-0.45417	-0.514524	
0.278513	0.152467	0.0323011	-0.0652841	-0.136729	-0.181893	-0.192688	-0.169859	-0.108127	-0.0077358	0.109753	0.222836	0.299533	0.324346	0.306137	0.256313	0.164709	0.032087	-0.115391	-0.247423	-0.349955	-0.433311	-0.498823	-0.543082	-0.560154	
0.377834	0.264038	0.148815	0.0546536	-0.0118689	-0.0524407	-0.0612084	-0.0497714	-0.0146644	0.0439198	0.114822	0.182619	0.223538	0.224387	0.193883	0.141594	0.0535458	-0.0695217	-0.205161	-0.32843	-0.433311	-0.522425	-0.585478	-0.60849	-0.591541	
0.476283	0.384525	0.278875	0.187555	0.123377	0.0879985	0.0797983	0.080664	0.0850232	0.0964974	0.11155	0.126905	0.126347	0.0988712	0.0516561	-0.0047007	-0.0799382	-0.176071	-0.283407	-0.393951	-0.498823	-0.585478	-0.630815	-0.630695	-0.593532	
0.55689	0.496611	0.415397	0.34004	0.283266	0.244127	0.223351	0.199324	0.167704	0.132973	0.0978812	0.0631171	0.0181908	-0.0439272	-0.111495	-0.168561	-0.224231	-0.28785	-0.365063	-0.45417	-0.543082	-0.60849	-0.630695	-0.611328	-0.567049	
0.61578	0.599601	0.556776	0.507647	0.458879	0.411023	0.366075	0.308765	0.236197	0.155399	0.0701727	-0.0148805	-0.102797	-0.192777	-0.270928	-0.32465	-0.368543	-0.414211	-0.46357	-0.514524	-0.560154	-0.591541	-0.593532	-0.567049	-0.521116	
0.661227	0.690921	0.68972	0.668612	0.631234	0.576618	0.512161	0.42346	0.308666	0.175742	0.0341241	-0.102231	-0.224542	-0.328129	-0.405815	-0.45796	-0.503725	-0.544692	-0.568298	-0.569063	-0.558811	-0.548655	-0.534581	-0.507155	-0.468681	
0.697469	0.767605	0.801822	0.807926	0.784261	0.729221	0.64767	0.526918	0.367897	0.184299	-0.0065205	-0.182985	-0.331139	-0.445856	-0.526809	-0.579579	-0.624001	-0.654559	-0.651364	-0.610212	-0.551113	-0.500928	-0.46416	-0.436071	-0.408664	
0.725677	0.826645	0.89528	0.93018	0.922356	0.862203	0.755706	0.596587	0.395648	0.175882	-0.0430787	-0.243609	-0.415375	-0.553667	-0.650235	-0.704191	-0.732469	-0.736574	-0.705416	-0.637227	-0.550365	-0.469269	-0.408593	-0.37024	-0.349349	
0.740824	0.872495	0.97158	1.0305	1.03063	0.959963	0.827058	0.634806	0.405531	0.167094	-0.0632312	-0.276928	-0.470963	-0.636337	-0.754466	-0.809965	-0.818445	-0.790375	-0.729995	-0.644104	-0.54675	-0.455427	-0.378455	-0.324411	-0.294532	
0.74248	0.896258	1.01662	1.0881	1.09043	1.01137	0.864046	0.657708	0.417222	0.172382	-0.0630541	-0.285092	-0.492184	-0.675172	-0.806989	-0.86687	-0.864464	-0.815135	-0.732433	-0.63358	-0.536164	-0.448223	-0.368325	-0.299619	-0.256422	
0.741997	0.901308	1.02478	1.09818	1.09981	1.01894	0.869988	0.661516	0.42029	0.174222	-0.06247	-0.28595	-0.495735	-0.680447	-0.815145	-0.875425	-0.872218	-0.818819	-0.731543	-0.630032	-0.532671	-0.446992	-0.366597	-0.295459	-0.248179	
0.74262	0.884085	0.993701	1.059	1.06076	0.986131	0.845479	0.645986	0.410424	0.168694	-0.0644084	-0.282603	-0.482792	-0.656993	-0.78113	-0.838953	-0.841765	-0.803673	-0.732543	-0.640501	-0.54291	-0.452293	-0.373408	-0.312017	-0.276429	
0.733805	0.847654	0.928733	0.97447	0.970726	0.906574	0.789021	0.614376	0.399998	0.170583	-0.0541431	-0.260534	-0.442171	-0.591424	-0.697263	-0.751012	-0.771121	-0.761733	-0.718812	-0.642942	-0.550078	-0.462674	-0.393558	-0.349364	-0.325868	
0.709745	0.792425	0.840634	0.858156	0.841481	0.785615	0.694845	0.55952	0.382376	0.182459	-0.021986	-0.209605	-0.366726	-0.490249	-0.575916	-0.629644	-0.668377	-0.69032	-0.676169	-0.622957	-0.550179	-0.485483	-0.438931	-0.407857	-0.38472	
0.676598	0.724132	0.737577	0.727544	0.694867	0.639253	0.568441	0.467235	0.335412	0.181013	0.0177005	-0.136539	-0.269901	-0.376574	-0.454928	-0.506857	-0.553905	-0.591985	-0.605128	-0.587267	-0.55533	-0.52852	-0.506011	-0.479443	-0.445184	
0.635275	0.637575	0.611865	0.573992	0.529631	0.47847	0.424333	0.354444	0.26501	0.164626	0.0568852	-0.0496666	-0.152338	-0.249273	-0.327247	-0.38073	-0.424231	-0.467901	-0.506367	-0.53777	-0.561246	-0.576491	-0.572275	-0.545182	-0.501432	
0.583163	0.539366	0.471779	0.406365	0.352586	0.310114	0.280558	0.242993	0.195445	0.142418	0.0882091	0.0335388	-0.0294881	-0.104097	-0.177807	-0.233157	-0.282784	-0.336629	-0.402491	-0.478383	-0.553017	-0.60592	-0.619094	-0.595681	-0.549889	
0.510889	0.430405	0.332395	0.245397	0.183754	0.14832	0.13703	0.130365	0.120501	0.113564	0.107743	0.10301	0.0851534	0.0434661	-0.0118561	-0.0693753	-0.13612	-0.219128	-0.313865	-0.418136	-0.519425	-0.599838	-0.635587	-0.626813	-0.585735	
0.41854	0.312439	0.199829	0.106827	0.0410508	0.00227105	-0.00548692	0.00227041	0.026376	0.0658002	0.114239	0.160761	0.185821	0.176351	0.139659	0.0861502	0.00176881	-0.112045	-0.237835	-0.356262	-0.462084	-0.551794	-0.60941	-0.623167	-0.59618	
0.316841	0.195018	0.0768313	-0.0190655	-0.0878361	-0.131	-0.142308	-0.124729	-0.0737565	0.0123609	0.112964	0.20969	0.27321	0.288741	0.265927	0.214668	0.124077	-0.007484	-0.152377	-0.282387	-0.384929	-0.471089	-0.537114	-0.574123	-0.575508	
0.226003	0.0949086	-0.0299718	-0.131146	-0.206179	-0.252795	-0.259131	-0.227442	-0.149802	-0.0329799	0.102385	0.231582	0.325319	0.364576	0.35557	0.308002	0.215402	0.085	-0.0590262	-0.188892	-0.291353	-0.371895	-0.43696	-0.491061	-0.533701	
0.135653	0.000411312	-0.127559	-0.23485	-0.312329	-0.352671	-0.34434	-0.290681	-0.193776	-0.0615701	0.0824869	0.225028	0.336191	0.396833	0.406265	0.368803	0.282601	0.163615	0.0406786	-0.0728573	-0.171378	-0.256945	-0.327507	-0.399744	-0.483919	
0.0369614	-0.0994497	-0.225925	-0.327645	-0.396796	-0.422797	-0.395215	-0.323768	-0.215134	-0.0852786	0.0525109	0.192408	0.312476	0.386169	0.412163	0.394497	0.332654	0.24167	0.148799	0.0618565	-0.0276209	-0.124559	-0.218352	-0.316761	-0.433419	
-0.0716739	-0.20186	-0.31603	-0.405537	-0.458956	-0.466429	-0.422037	-0.339342	-0.230435	-0.10855	0.013023	0.141504	0.25747	0.337463	0.376058	0.384946	0.365674	0.321113	0.262975	0.19675	0.115527	0.00748663	-0.116153	-0.247999	-0.386034	
-0.164261	-0.284381	-0.386084	-0.457469	-0.491052	-0.48	-0.42529	-0.342734	-0.242596	-0.13676	-0.0317751	0.0763798	0.176498	0.251735	0.305807	0.34613	0.374924	0.380751	0.357618	0.304336	0.225345	0.111542	-0.03177	-0.190429	-0.342508	
-0.238755	-0.344859	-0.430028	-0.485539	-0.498481	-0.467312	-0.402726	-0.325312	-0.244153	-0.161998	-0.0781235	0.0140476	0.0943882	0.158407	0.222153	0.294739	0.361894	0.404608	0.40782	0.367609	0.290264	0.17689	0.0307646	-0.135693	-0.295455	
-0.305179	-0.392696	-0.460965	-0.497939	-0.49353	-0.446743	-0.376917	-0.30458	-0.237769	-0.1795	-0.119834	-0.043766	0.0290019	0.0847548	0.149853	0.237155	0.327808	0.38866	0.410143	0.386411	0.32108	0.214942	0.0817084	-0.0719871	-0.226897	
-0.375385	-0.44645	-0.489559	-0.503364	-0.482882	-0.430401	-0.362831	-0.297059	-0.235528	-0.184477	-0.142634	-0.0881104	-0.0258492	0.0304592	0.0915733	0.173313	0.263246	0.331267	0.36391	0.360786	0.315449	0.228691	0.118242	-0.00454489	-0.139205	
-0.424529	-0.481916	-0.510208	-0.503732	-0.466921	-0.40917	-0.348549	-0.292083	-0.237546	-0.187898	-0.151446	-0.118805	-0.0813692	-0.0346113	0.0232076	0.0894353	0.163109	0.225367	0.26605	0.278726	0.259586	0.202829	0.129328	0.0469914	-0.0489024	
-0.457408	-0.499465	-0.511594	-0.494429	-0.447457	-0.384212	-0.322698	-0.267783	-0.221925	-0.188149	-0.163015	-0.143725	-0.130241	-0.106731	-0.0617636	-0.00967031	0.0436218	0.0923871	0.129992	0.152379	0.157093	0.143505	0.117652	0.0844766	0.035949	
