0.565949	0.462261	0.316771	0.146244	-0.0218147	-0.181382	-0.32125	-0.44536	-0.543511	-0.5976	-0.60248	-0.555778	-0.468528	-0.349848	-0.191781	-0.00220688	0.205077	0.409858	0.583943	0.721498	0.823971	0.87396	0.873526	0.8221	0.728797	
0.462261	0.364685	0.22685	0.0582981	-0.111102	-0.259602	-0.389622	-0.512918	-0.609024	-0.650433	-0.634445	-0.563581	-0.45774	-0.323409	-0.158198	0.0338564	0.240147	0.435558	0.605659	0.737896	0.826298	0.85597	0.830046	0.749981	0.622584	
0.316771	0.22685	0.100125	-0.0589783	-0.218252	-0.35206	-0.471565	-0.581573	-0.657886	-0.668795	-0.624549	-0.5225	-0.395125	-0.251585	-0.0899688	0.09225	0.286242	0.471396	0.629821	0.752737	0.817632	0.819639	0.76891	0.664838	0.508657	
0.146244	0.0582981	-0.0589783	-0.204129	-0.338953	-0.454368	-0.554903	-0.628019	-0.66371	-0.643737	-0.56687	-0.43806	-0.287024	-0.137093	0.0160214	0.181864	0.35187	0.512547	0.651195	0.75015	0.788504	0.766598	0.698812	0.57889	0.409356	
-0.0218147	-0.111102	-0.218252	-0.338953	-0.453062	-0.546555	-0.611408	-0.633774	-0.622284	-0.565699	-0.457776	-0.309485	-0.145537	0.00766566	0.150404	0.296651	0.436821	0.567936	0.676217	0.745566	0.759931	0.717807	0.636933	0.507851	0.328848	
-0.181382	-0.259602	-0.35206	-0.454368	-0.546555	-0.610644	-0.631175	-0.600447	-0.531832	-0.428568	-0.289675	-0.132101	0.0290718	0.174527	0.303284	0.428384	0.541413	0.642183	0.722808	0.766706	0.760391	0.706246	0.612112	0.470627	0.290272	
-0.32125	-0.389622	-0.471565	-0.554903	-0.611408	-0.631175	-0.60148	-0.520487	-0.395213	-0.24504	-0.0812079	0.0793702	0.231672	0.361462	0.473548	0.571944	0.655611	0.726992	0.781036	0.80642	0.792907	0.730488	0.630431	0.484705	0.303701	
-0.44536	-0.512918	-0.581573	-0.628019	-0.633774	-0.600447	-0.520487	-0.39198	-0.221195	-0.0379342	0.140633	0.299568	0.436065	0.543383	0.627628	0.696721	0.753752	0.801274	0.838224	0.856412	0.838923	0.771921	0.666493	0.523078	0.344269	
-0.543511	-0.609024	-0.657886	-0.66371	-0.622284	-0.531832	-0.395213	-0.221195	-0.0227113	0.171175	0.344541	0.493916	0.607463	0.68654	0.740552	0.778822	0.815243	0.844459	0.872068	0.889315	0.86754	0.801601	0.695314	0.55458	0.389511	
-0.5976	-0.650433	-0.668795	-0.643737	-0.565699	-0.428568	-0.24504	-0.0379342	0.171175	0.359013	0.51236	0.636338	0.720652	0.767549	0.792125	0.806312	0.824709	0.843603	0.859539	0.868705	0.845954	0.785429	0.687686	0.56375	0.421419	
-0.60248	-0.634445	-0.624549	-0.56687	-0.457776	-0.289675	-0.0812079	0.140633	0.344541	0.51236	0.632029	0.715824	0.76046	0.775074	0.772418	0.768599	0.779832	0.794677	0.800231	0.800441	0.776129	0.723131	0.638225	0.53442	0.423433	
-0.555778	-0.563581	-0.5225	-0.43806	-0.309485	-0.132101	0.0793702	0.299568	0.493916	0.636338	0.715824	0.748075	0.748772	0.729079	0.702282	0.689467	0.697139	0.706023	0.701462	0.689882	0.65882	0.61149	0.543214	0.469565	0.395143	
-0.468528	-0.45774	-0.395125	-0.287024	-0.145537	0.0290718	0.231672	0.436065	0.607463	0.720652	0.76046	0.748772	0.710948	0.658683	0.612943	0.586603	0.578216	0.576072	0.564118	0.543779	0.507199	0.458813	0.405768	0.358143	0.313085	
-0.349848	-0.323409	-0.251585	-0.137093	0.00766566	0.174527	0.361462	0.543383	0.68654	0.767549	0.775074	0.729079	0.658683	0.584642	0.52278	0.476066	0.442259	0.42011	0.396677	0.366581	0.321863	0.268198	0.226032	0.194652	0.16342	
-0.191781	-0.158198	-0.0899688	0.0160214	0.150404	0.303284	0.473548	0.627628	0.740552	0.792125	0.772418	0.702282	0.612943	0.52278	0.445003	0.375845	0.314173	0.262738	0.218794	0.170076	0.112064	0.0574835	0.0185721	-0.011735	-0.0382929	
-0.00220688	0.0338564	0.09225	0.181864	0.296651	0.428384	0.571944	0.696721	0.778822	0.806312	0.768599	0.689467	0.586603	0.476066	0.375845	0.28286	0.195508	0.118246	0.0443643	-0.0291901	-0.100156	-0.159913	-0.202969	-0.239959	-0.271407	
0.205077	0.240147	0.286242	0.35187	0.436821	0.541413	0.655611	0.753752	0.815243	0.824709	0.779832	0.697139	0.578216	0.442259	0.314173	0.195508	0.0898257	-0.0121687	-0.112651	-0.213208	-0.303881	-0.376721	-0.426703	-0.468384	-0.499748	
0.409858	0.435558	0.471396	0.512547	0.567936	0.642183	0.726992	0.801274	0.844459	0.843603	0.794677	0.706023	0.576072	0.42011	0.262738	0.118246	-0.0121687	-0.132565	-0.252438	-0.37358	-0.491486	-0.582548	-0.642573	-0.679791	-0.707298	
0.583943	0.605659	0.629821	0.651195	0.676217	0.722808	0.781036	0.838224	0.872068	0.859539	0.800231	0.701462	0.564118	0.396677	0.218794	0.0443643	-0.112651	-0.252438	-0.384003	-0.520559	-0.657479	-0.762436	-0.824737	-0.855749	-0.872385	
0.721498	0.737896	0.752737	0.75015	0.745566	0.766706	0.80642	0.856412	0.889315	0.868705	0.800441	0.689882	0.543779	0.366581	0.170076	-0.0291901	-0.213208	-0.37358	-0.520559	-0.664901	-0.800251	-0.901865	-0.957004	-0.975727	-0.981599	
0.823971	0.826298	0.817632	0.788504	0.759931	0.760391	0.792907	0.838923	0.86754	0.845954	0.776129	0.65882	0.507199	0.321863	0.112064	-0.100156	-0.303881	-0.491486	-0.657479	-0.800251	-0.921425	-0.999911	-1.0393	-1.04527	-1.03259	
0.87396	0.85597	0.819639	0.766598	0.717807	0.706246	0.730488	0.771921	0.801601	0.785429	0.723131	0.61149	0.458813	0.268198	0.0574835	-0.159913	-0.376721	-0.582548	-0.762436	-0.901865	-0.999911	-1.05573	-1.07276	-1.05663	-1.02425	
0.873526	0.830046	0.76891	0.698812	0.636933	0.612112	0.630431	0.666493	0.695314	0.687686	0.638225	0.543214	0.405768	0.226032	0.0185721	-0.202969	-0.426703	-0.642573	-0.824737	-0.957004	-1.0393	-1.07276	-1.06153	-1.01945	-0.968584	
0.8221	0.749981	0.664838	0.57889	0.507851	0.470627	0.484705	0.523078	0.55458	0.56375	0.53442	0.469565	0.358143	0.194652	-0.011735	-0.239959	-0.468384	-0.679791	-0.855749	-0.975727	-1.04527	-1.05663	-1.01945	-0.95731	-0.896621	
0.728797	0.622584	0.508657	0.409356	0.328848	0.290272	0.303701	0.344269	0.389511	0.421419	0.423433	0.395143	0.313085	0.16342	-0.0382929	-0.271407	-0.499748	-0.707298	-0.872385	-0.981599	-1.03259	-1.02425	-0.968584	-0.896621	-0.830662	
0.606243	0.462957	0.325089	0.215336	0.138754	0.102606	0.116956	0.163407	0.221481	0.280477	0.313785	0.316925	0.259022	0.130304	-0.0584777	-0.285827	-0.516714	-0.724444	-0.884826	-0.978302	-1.00999	-0.984965	-0.920782	-0.844952	-0.77361	
0.468715	0.299992	0.144914	0.0287854	-0.0482397	-0.0828131	-0.0639901	-0.00454289	0.0765983	0.16267	0.220549	0.241571	0.202529	0.097006	-0.0721983	-0.291739	-0.526248	-0.739317	-0.893496	-0.969639	-0.983778	-0.94478	-0.874452	-0.794511	-0.713242	
0.344055	0.158332	-0.00816268	-0.13782	-0.227003	-0.2594	-0.233488	-0.153625	-0.0391547	0.0711103	0.150049	0.184123	0.161058	0.0712387	-0.0829453	-0.297626	-0.538379	-0.752902	-0.900288	-0.968144	-0.964683	-0.910738	-0.828947	-0.736912	-0.648332	
0.253646	0.0541673	-0.129303	-0.27511	-0.369279	-0.398032	-0.358375	-0.260515	-0.128059	-0.000288725	0.0983266	0.145735	0.133903	0.0543595	-0.0967169	-0.306568	-0.541495	-0.753496	-0.900488	-0.966242	-0.956496	-0.884328	-0.783418	-0.681489	-0.590548	
0.204375	-0.00714091	-0.202099	-0.35649	-0.447784	-0.464068	-0.415417	-0.31281	-0.176114	-0.043751	0.0671025	0.126487	0.121949	0.042813	-0.105822	-0.307058	-0.53283	-0.737327	-0.887671	-0.961738	-0.949437	-0.864176	-0.749569	-0.64036	-0.551335	
0.197878	-0.0161251	-0.214127	-0.36813	-0.460442	-0.472188	-0.421659	-0.321419	-0.183868	-0.0521783	0.0621719	0.123173	0.121168	0.0414366	-0.106834	-0.30644	-0.52869	-0.733714	-0.88387	-0.961259	-0.948857	-0.86101	-0.743584	-0.632823	-0.543874	
0.228248	0.0234134	-0.16524	-0.316466	-0.408948	-0.43334	-0.389525	-0.287832	-0.152307	-0.0211933	0.0832501	0.136345	0.127282	0.0484668	-0.101474	-0.307564	-0.5387	-0.747137	-0.895726	-0.964085	-0.952971	-0.874443	-0.767201	-0.66183	-0.571423	
0.303783	0.112109	-0.0613032	-0.1974	-0.290207	-0.322781	-0.290758	-0.202891	-0.0791266	0.0401081	0.126914	0.166203	0.148333	0.063899	-0.0883516	-0.302	-0.541256	-0.755775	-0.902566	-0.967717	-0.961147	-0.899911	-0.810409	-0.71407	-0.623694	
0.415333	0.239421	0.0808164	-0.0401091	-0.122062	-0.155179	-0.134802	-0.0676685	0.028268	0.12367	0.18981	0.215901	0.18403	0.0857123	-0.0759906	-0.293011	-0.53074	-0.745112	-0.895665	-0.968247	-0.974634	-0.929775	-0.856495	-0.771965	-0.686903	
0.552007	0.39711	0.250304	0.138469	0.0636529	0.027903	0.0442593	0.094701	0.159521	0.229918	0.273739	0.28527	0.235495	0.116688	-0.0646828	-0.289343	-0.520508	-0.730507	-0.889001	-0.974357	-0.999165	-0.968677	-0.901818	-0.825684	-0.750842	
0.683145	0.560874	0.437115	0.332432	0.252889	0.215399	0.228309	0.270731	0.320784	0.36374	0.379014	0.364895	0.29307	0.150421	-0.0475001	-0.278546	-0.508521	-0.714794	-0.877964	-0.981879	-1.0246	-1.00891	-0.94929	-0.87506	-0.807275	
0.788525	0.704179	0.606953	0.516154	0.439841	0.401989	0.415197	0.453913	0.490169	0.50743	0.490417	0.439793	0.340625	0.182475	-0.0232004	-0.254458	-0.4824	-0.692637	-0.863327	-0.979259	-1.04193	-1.04517	-0.999338	-0.932375	-0.869031	
0.858546	0.804008	0.734254	0.657074	0.592651	0.561129	0.577258	0.614924	0.643274	0.641172	0.598165	0.513627	0.385579	0.212622	0.00624839	-0.21751	-0.444337	-0.658441	-0.839548	-0.967267	-1.04432	-1.06957	-1.04722	-0.995625	-0.940109	
0.880334	0.852329	0.805684	0.745712	0.689925	0.673463	0.695267	0.733444	0.763294	0.750418	0.692733	0.585942	0.43775	0.249858	0.039911	-0.178683	-0.398996	-0.61059	-0.792311	-0.929618	-1.02082	-1.0675	-1.0734	-1.04646	-1.00609	
0.849837	0.845099	0.824888	0.78496	0.748383	0.743726	0.772799	0.817894	0.84691	0.825936	0.75862	0.642206	0.488306	0.299859	0.088972	-0.12592	-0.335928	-0.531841	-0.704512	-0.846296	-0.957875	-1.02665	-1.05795	-1.05628	-1.03621	
0.768344	0.779743	0.78714	0.774278	0.759292	0.770138	0.807135	0.854772	0.885277	0.864386	0.794361	0.680104	0.531616	0.350601	0.147508	-0.0581747	-0.250899	-0.421998	-0.577087	-0.72136	-0.852684	-0.946912	-0.995991	-1.01014	-1.0097	
0.642489	0.662914	0.684406	0.696702	0.709253	0.745504	0.795261	0.84871	0.882866	0.865186	0.801526	0.698118	0.557074	0.385826	0.200357	0.0153914	-0.153224	-0.300482	-0.437163	-0.577989	-0.716769	-0.822546	-0.884032	-0.910472	-0.923004	
0.48429	0.50773	0.538007	0.571566	0.614889	0.677446	0.750847	0.817366	0.854956	0.85026	0.797632	0.705768	0.572891	0.411431	0.244845	0.087848	-0.0527792	-0.180975	-0.305877	-0.433235	-0.560762	-0.659327	-0.72089	-0.75617	-0.779428	
0.289381	0.320458	0.362998	0.417926	0.490931	0.58325	0.685751	0.77379	0.827883	0.832742	0.786691	0.701742	0.577924	0.432602	0.292491	0.164148	0.0491848	-0.0606692	-0.169938	-0.279919	-0.381081	-0.461065	-0.515251	-0.555716	-0.585836	
0.0791231	0.115789	0.168722	0.249992	0.353753	0.476124	0.607615	0.720406	0.793159	0.812549	0.770968	0.690652	0.581652	0.460817	0.349802	0.24668	0.152187	0.0642608	-0.0205175	-0.105306	-0.18322	-0.246896	-0.292553	-0.332497	-0.364782	
-0.11868	-0.0843629	-0.0190832	0.0808468	0.20877	0.353686	0.513939	0.657445	0.757193	0.798027	0.770229	0.694372	0.599502	0.502531	0.416738	0.338052	0.265525	0.203213	0.147517	0.0892922	0.0263668	-0.029355	-0.0688793	-0.101454	-0.129647	
-0.291687	-0.261535	-0.189187	-0.0767085	0.0648719	0.227271	0.407921	0.578504	0.710463	0.779647	0.774901	0.717836	0.638928	0.558099	0.489895	0.434475	0.389107	0.35548	0.325903	0.289343	0.239537	0.185495	0.145335	0.116162	0.0880219	
-0.424898	-0.40706	-0.339978	-0.22663	-0.0820121	0.0897052	0.286498	0.483016	0.643616	0.742871	0.769376	0.742505	0.690212	0.628784	0.576248	0.542169	0.524202	0.515506	0.49972	0.476447	0.437438	0.386763	0.338103	0.29873	0.260601	
-0.524836	-0.524615	-0.472482	-0.378407	-0.244213	-0.0667305	0.141722	0.357284	0.54344	0.675463	0.738204	0.751275	0.735836	0.702459	0.666873	0.650829	0.653337	0.659177	0.650699	0.635173	0.601361	0.554389	0.492817	0.430899	0.370065	
-0.590143	-0.612001	-0.590322	-0.520842	-0.402951	-0.228146	-0.0157149	0.207102	0.407983	0.565773	0.669632	0.733769	0.760557	0.761513	0.748563	0.740422	0.750373	0.763947	0.765269	0.761015	0.734868	0.684861	0.606241	0.513252	0.416313	
