-0.536951	-0.65024	-0.715805	-0.749909	-0.759175	-0.755112	-0.72707	-0.685592	-0.63753	-0.568715	-0.476146	-0.357383	-0.221495	-0.0840603	0.0262163	0.10731	0.166059	0.209559	0.237149	0.235909	0.210243	0.161793	0.0987787	0.00905216	-0.0963708	
-0.65024	-0.757274	-0.814191	-0.827115	-0.810893	-0.790572	-0.757631	-0.707242	-0.646262	-0.568327	-0.477852	-0.372909	-0.255334	-0.137557	-0.0463816	0.00972689	0.0430723	0.0632323	0.0708299	0.0568822	0.0271567	-0.0125499	-0.0600457	-0.126168	-0.207778	
-0.715805	-0.814191	-0.858563	-0.853663	-0.821291	-0.789399	-0.748752	-0.68868	-0.615827	-0.537824	-0.451784	-0.360754	-0.264218	-0.169514	-0.101141	-0.0759119	-0.0749293	-0.0801715	-0.0986671	-0.131682	-0.173381	-0.213799	-0.251628	-0.293312	-0.339513	
-0.749909	-0.827115	-0.853663	-0.836642	-0.796689	-0.751625	-0.700106	-0.634987	-0.555387	-0.471684	-0.384871	-0.3079	-0.241583	-0.186426	-0.152856	-0.149711	-0.167079	-0.20083	-0.252345	-0.308985	-0.364588	-0.407239	-0.431801	-0.448518	-0.461468	
-0.759175	-0.810893	-0.821291	-0.796689	-0.749353	-0.689709	-0.630253	-0.564094	-0.480261	-0.390191	-0.302714	-0.242965	-0.209362	-0.189246	-0.18407	-0.202407	-0.240398	-0.295304	-0.364678	-0.435854	-0.497702	-0.53475	-0.553041	-0.556762	-0.538655	
-0.755112	-0.790572	-0.789399	-0.751625	-0.689709	-0.617267	-0.554654	-0.486841	-0.400215	-0.311303	-0.234194	-0.188258	-0.172063	-0.176358	-0.196167	-0.230002	-0.278496	-0.347115	-0.422001	-0.488217	-0.542796	-0.575263	-0.588451	-0.574854	-0.525466	
-0.72707	-0.757631	-0.748752	-0.700106	-0.630253	-0.554654	-0.481773	-0.400208	-0.318597	-0.242081	-0.182574	-0.147275	-0.140652	-0.151724	-0.180854	-0.216036	-0.259859	-0.330056	-0.403304	-0.466512	-0.51008	-0.527514	-0.522159	-0.4902	-0.419729	
-0.685592	-0.707242	-0.68868	-0.634987	-0.564094	-0.486841	-0.400208	-0.312714	-0.241167	-0.179112	-0.131931	-0.103124	-0.0971816	-0.104354	-0.122771	-0.139205	-0.17191	-0.233866	-0.300505	-0.354379	-0.388612	-0.392039	-0.369272	-0.322949	-0.236752	
-0.63753	-0.646262	-0.615827	-0.555387	-0.480261	-0.400215	-0.318597	-0.241167	-0.181262	-0.118491	-0.0697424	-0.0402165	-0.0260626	-0.0160863	-0.0113596	-0.0140106	-0.0319494	-0.0795065	-0.132373	-0.171562	-0.191858	-0.18629	-0.158441	-0.0973453	-2.42498e-05	
-0.568715	-0.568327	-0.537824	-0.471684	-0.390191	-0.311303	-0.242081	-0.179112	-0.118491	-0.0527171	0.00128302	0.0407689	0.0777392	0.113128	0.13435	0.140006	0.130231	0.0994132	0.0639578	0.0434881	0.039332	0.0563258	0.0974131	0.168305	0.263389	
-0.476146	-0.477852	-0.451784	-0.384871	-0.302714	-0.234194	-0.182574	-0.131931	-0.0697424	0.00128302	0.0702004	0.140299	0.204333	0.256047	0.29236	0.307713	0.304621	0.287961	0.272222	0.269025	0.279882	0.312114	0.367616	0.442403	0.526589	
-0.357383	-0.372909	-0.360754	-0.3079	-0.242965	-0.188258	-0.147275	-0.103124	-0.0402165	0.0407689	0.140299	0.244227	0.332427	0.402587	0.454099	0.472678	0.474535	0.470658	0.466413	0.474714	0.503231	0.548893	0.606736	0.682707	0.761003	
-0.221495	-0.255334	-0.264218	-0.241583	-0.209362	-0.172063	-0.140652	-0.0971816	-0.0260626	0.0777392	0.204333	0.332427	0.442649	0.534226	0.599703	0.627304	0.635601	0.637309	0.641547	0.656969	0.692553	0.743031	0.804611	0.873253	0.933077	
-0.0840603	-0.137557	-0.169514	-0.186426	-0.189246	-0.176358	-0.151724	-0.104354	-0.0160863	0.113128	0.256047	0.402587	0.534226	0.642247	0.70756	0.743398	0.765606	0.781561	0.797781	0.816724	0.850774	0.894542	0.945546	0.991951	1.03144	
0.0262163	-0.0463816	-0.101141	-0.152856	-0.18407	-0.196167	-0.180854	-0.122771	-0.0113596	0.13435	0.29236	0.454099	0.599703	0.70756	0.774668	0.82157	0.859551	0.892662	0.920669	0.943994	0.972988	1.0072	1.03052	1.04156	1.05049	
0.10731	0.00972689	-0.0759119	-0.149711	-0.202407	-0.230002	-0.216036	-0.139205	-0.0140106	0.140006	0.307713	0.472678	0.627304	0.743398	0.82157	0.877422	0.925144	0.967049	0.995413	1.02329	1.05259	1.06965	1.06039	1.03513	1.0142	
0.166059	0.0430723	-0.0749293	-0.167079	-0.240398	-0.278496	-0.259859	-0.17191	-0.0319494	0.130231	0.304621	0.474535	0.635601	0.765606	0.859551	0.925144	0.975401	1.01468	1.0374	1.05688	1.07423	1.06983	1.036	0.991018	0.945385	
0.209559	0.0632323	-0.0801715	-0.20083	-0.295304	-0.347115	-0.330056	-0.233866	-0.0795065	0.0994132	0.287961	0.470658	0.637309	0.781561	0.892662	0.967049	1.01468	1.04483	1.05062	1.05217	1.05053	1.02316	0.968471	0.906252	0.849376	
0.237149	0.0708299	-0.0986671	-0.252345	-0.364678	-0.422001	-0.403304	-0.300505	-0.132373	0.0639578	0.272222	0.466413	0.641547	0.797781	0.920669	0.995413	1.0374	1.05062	1.03475	1.01663	0.992328	0.942691	0.866102	0.785372	0.719435	
0.235909	0.0568822	-0.131682	-0.308985	-0.435854	-0.488217	-0.466512	-0.354379	-0.171562	0.0434881	0.269025	0.474714	0.656969	0.816724	0.943994	1.02329	1.05688	1.05217	1.01663	0.974648	0.919345	0.838111	0.741516	0.646615	0.576796	
0.210243	0.0271567	-0.173381	-0.364588	-0.497702	-0.542796	-0.51008	-0.388612	-0.191858	0.039332	0.279882	0.503231	0.692553	0.850774	0.972988	1.05259	1.07423	1.05053	0.992328	0.919345	0.831048	0.720506	0.608514	0.511744	0.441444	
0.161793	-0.0125499	-0.213799	-0.407239	-0.53475	-0.575263	-0.527514	-0.392039	-0.18629	0.0563258	0.312114	0.548893	0.743031	0.894542	1.0072	1.06965	1.06983	1.02316	0.942691	0.838111	0.720506	0.605169	0.494819	0.404419	0.32742	
0.0987787	-0.0600457	-0.251628	-0.431801	-0.553041	-0.588451	-0.522159	-0.369272	-0.158441	0.0974131	0.367616	0.606736	0.804611	0.945546	1.03052	1.06039	1.036	0.968471	0.866102	0.741516	0.608514	0.494819	0.39966	0.32418	0.256796	
0.00905216	-0.126168	-0.293312	-0.448518	-0.556762	-0.574854	-0.4902	-0.322949	-0.0973453	0.168305	0.442403	0.682707	0.873253	0.991951	1.04156	1.03513	0.991018	0.906252	0.785372	0.646615	0.511744	0.404419	0.32418	0.258297	0.196194	
-0.0963708	-0.207778	-0.339513	-0.461468	-0.538655	-0.525466	-0.419729	-0.236752	-2.42498e-05	0.263389	0.526589	0.761003	0.933077	1.03144	1.05049	1.0142	0.945385	0.849376	0.719435	0.576796	0.441444	0.32742	0.256796	0.196194	0.128532	
-0.211422	-0.286146	-0.379488	-0.46219	-0.492221	-0.446184	-0.317891	-0.12368	0.116006	0.368337	0.610318	0.825978	0.976858	1.05292	1.05326	0.997444	0.912704	0.806273	0.674735	0.527887	0.386788	0.271418	0.195054	0.133947	0.0616024	
-0.321505	-0.356662	-0.407858	-0.445857	-0.432327	-0.356699	-0.211338	-0.0102738	0.221668	0.460178	0.681599	0.871437	1.00345	1.05676	1.0419	0.977925	0.878721	0.759057	0.627377	0.480387	0.340446	0.230527	0.143713	0.0755554	0.016113	
-0.418657	-0.415534	-0.423376	-0.418706	-0.373209	-0.272368	-0.116104	0.0823471	0.304596	0.531769	0.73964	0.909575	1.02262	1.05772	1.03112	0.95737	0.839658	0.70125	0.569791	0.432433	0.301389	0.196888	0.110186	0.0398955	-0.0101622	
-0.491756	-0.45672	-0.426467	-0.388573	-0.321994	-0.206884	-0.0447466	0.14773	0.361699	0.584882	0.788857	0.949493	1.04588	1.07052	1.03648	0.948607	0.8122	0.657887	0.523403	0.399312	0.28038	0.175784	0.0933716	0.0272146	-0.0240805	
-0.53041	-0.477617	-0.424942	-0.365796	-0.289139	-0.171826	-0.00478636	0.182746	0.388962	0.615613	0.821904	0.979965	1.06845	1.09062	1.04887	0.94886	0.801835	0.638865	0.495749	0.378942	0.274976	0.169966	0.0835422	0.0187745	-0.0313666	
-0.538657	-0.480275	-0.424727	-0.362375	-0.282662	-0.165426	0.00284093	0.188044	0.394559	0.622104	0.828687	0.987568	1.07498	1.09395	1.05111	0.948462	0.802052	0.636085	0.489622	0.372648	0.272637	0.171494	0.082321	0.0158683	-0.0346215	
-0.510519	-0.467492	-0.425775	-0.377194	-0.306558	-0.189682	-0.0249392	0.165207	0.375431	0.599382	0.804175	0.962887	1.05495	1.07917	1.04191	0.949031	0.806014	0.646769	0.510585	0.391053	0.277623	0.170768	0.0885263	0.0241443	-0.0271824	
-0.452095	-0.434898	-0.42578	-0.406636	-0.351011	-0.242502	-0.0834842	0.111892	0.331424	0.555657	0.760755	0.925919	1.03209	1.06164	1.03082	0.951238	0.82698	0.681904	0.549044	0.41709	0.290352	0.186793	0.102196	0.0329601	-0.0171211	
-0.361948	-0.382309	-0.415534	-0.436074	-0.408498	-0.321858	-0.171693	0.0299806	0.257458	0.490903	0.70575	0.886411	1.01098	1.05643	1.0363	0.968809	0.862404	0.736184	0.604161	0.460111	0.323353	0.216107	0.127559	0.0576346	0.00426143	
-0.256721	-0.315425	-0.392417	-0.45743	-0.468775	-0.41038	-0.274594	-0.0764391	0.160334	0.407433	0.640778	0.846533	0.989293	1.05578	1.0501	0.990763	0.899856	0.788599	0.65775	0.509402	0.367762	0.254261	0.172762	0.10905	0.0408027	
-0.142584	-0.239271	-0.356775	-0.46391	-0.522504	-0.496274	-0.380911	-0.193434	0.0460079	0.305269	0.560615	0.789428	0.953814	1.04266	1.05272	1.00686	0.93152	0.830926	0.700303	0.555802	0.417982	0.302938	0.231302	0.171487	0.0999084	
-0.0309367	-0.158063	-0.311427	-0.454302	-0.553103	-0.559963	-0.46739	-0.293378	-0.0626888	0.203717	0.475671	0.714221	0.898228	1.00966	1.04498	1.02576	0.971926	0.882223	0.755806	0.614793	0.480911	0.371275	0.296577	0.233279	0.170194	
0.0653455	-0.0842495	-0.26716	-0.439652	-0.55669	-0.586157	-0.512307	-0.35476	-0.137708	0.122611	0.395778	0.635956	0.832486	0.964762	1.03559	1.05052	1.01933	0.944269	0.832598	0.701481	0.566568	0.457146	0.367798	0.296395	0.232829	
0.139742	-0.0302525	-0.228658	-0.418127	-0.544174	-0.583321	-0.52856	-0.385269	-0.178766	0.0689993	0.331236	0.56973	0.765398	0.914516	1.01889	1.06972	1.05863	1.00301	0.914772	0.80133	0.675457	0.559345	0.454304	0.369551	0.294971	
0.192805	0.0122739	-0.190323	-0.384042	-0.515415	-0.558467	-0.519601	-0.393927	-0.191835	0.0438892	0.290219	0.520306	0.712513	0.867683	0.985659	1.06101	1.0765	1.04428	0.975683	0.888278	0.787706	0.674711	0.560941	0.464614	0.39094	
0.228502	0.0467639	-0.147664	-0.331512	-0.462378	-0.51251	-0.487606	-0.371179	-0.18277	0.0396167	0.270876	0.482806	0.668302	0.828379	0.9551	1.03629	1.06513	1.05256	1.00899	0.956139	0.887106	0.791635	0.687541	0.590921	0.521765	
0.239868	0.0674784	-0.110149	-0.275252	-0.393963	-0.449201	-0.429649	-0.323656	-0.149821	0.0541088	0.269411	0.468059	0.646183	0.804742	0.929889	1.00556	1.04485	1.05094	1.02694	0.999691	0.964078	0.90309	0.818332	0.730707	0.662477	
0.223162	0.0686609	-0.08501	-0.219468	-0.322178	-0.378182	-0.360252	-0.261796	-0.101196	0.0841094	0.280536	0.468334	0.637744	0.787421	0.904564	0.979404	1.02566	1.04974	1.04637	1.03977	1.03012	0.994713	0.930625	0.861333	0.800786	
0.185287	0.0522579	-0.0765997	-0.178733	-0.260488	-0.303914	-0.285183	-0.193184	-0.0477615	0.119846	0.299129	0.473589	0.636652	0.772494	0.873315	0.943463	0.992678	1.02977	1.0471	1.05976	1.06991	1.05606	1.01391	0.961841	0.911206	
0.133345	0.0252765	-0.0738723	-0.155061	-0.215728	-0.247444	-0.231046	-0.149407	-0.0181946	0.138496	0.308384	0.474283	0.632048	0.753758	0.837193	0.896967	0.946298	0.987905	1.01515	1.04239	1.06775	1.07665	1.05673	1.02178	0.989524	
0.0615249	-0.0200078	-0.0863957	-0.148096	-0.188656	-0.207998	-0.195316	-0.129216	-0.0119874	0.138276	0.301309	0.465717	0.614755	0.723764	0.794805	0.845644	0.888675	0.926234	0.955604	0.981591	1.01126	1.03914	1.04886	1.04443	1.04119	
-0.0357618	-0.0969881	-0.13722	-0.169662	-0.185247	-0.182461	-0.160762	-0.111105	-0.0128982	0.123837	0.272518	0.426337	0.564819	0.674266	0.738269	0.77791	0.807014	0.831528	0.852461	0.871924	0.903962	0.944901	0.986232	1.01912	1.0483	
-0.165028	-0.206416	-0.225245	-0.217206	-0.199604	-0.172133	-0.143808	-0.0988677	-0.0220189	0.0926941	0.226633	0.362467	0.481451	0.581073	0.648586	0.679814	0.692159	0.697416	0.706559	0.724453	0.759691	0.807745	0.868233	0.930021	0.981534	
-0.304552	-0.327583	-0.32318	-0.280509	-0.227553	-0.178469	-0.141431	-0.0979076	-0.0334229	0.0555123	0.16725	0.28209	0.379407	0.458292	0.515867	0.536289	0.54065	0.539882	0.538903	0.550018	0.583294	0.632252	0.691768	0.766164	0.837999	
-0.431697	-0.437574	-0.415825	-0.352398	-0.27449	-0.211689	-0.165374	-0.118422	-0.0559414	0.0177427	0.0977797	0.182545	0.256692	0.314195	0.357175	0.374836	0.373744	0.362587	0.352138	0.354236	0.372776	0.411438	0.468018	0.543815	0.625826	
