0.218498	0.187308	0.143305	0.100231	0.0750697	0.0712362	0.087907	0.124548	0.170949	0.207994	0.226732	0.225008	0.218967	0.196669	0.154328	0.100044	0.0375874	-0.0161638	-0.0580782	-0.0932429	-0.138167	-0.178848	-0.202656	-0.197863	-0.157814	
0.337761	0.288763	0.227415	0.17344	0.1427	0.138221	0.157854	0.203781	0.264877	0.320484	0.353092	0.35044	0.325404	0.271324	0.191897	0.101282	0.0135674	-0.0511801	-0.0939076	-0.125823	-0.157571	-0.185572	-0.194139	-0.173515	-0.121296	
0.451517	0.383657	0.307387	0.244664	0.209604	0.203707	0.226447	0.28032	0.352454	0.427555	0.474714	0.47628	0.437824	0.358968	0.248545	0.129719	0.0216385	-0.0527208	-0.102207	-0.138216	-0.158441	-0.165466	-0.149865	-0.108689	-0.046082	
0.5612	0.483271	0.39531	0.316423	0.27356	0.267373	0.294053	0.361017	0.448778	0.53256	0.590528	0.597874	0.551631	0.458947	0.325562	0.182794	0.0589023	-0.0241991	-0.086779	-0.134762	-0.156837	-0.146759	-0.106606	-0.0366251	0.0479508	
0.661403	0.576784	0.477147	0.388393	0.340288	0.333312	0.363441	0.438735	0.537207	0.631204	0.69332	0.709532	0.665673	0.564352	0.416584	0.256214	0.114649	0.0156705	-0.0610935	-0.127137	-0.154446	-0.134402	-0.0691824	0.0276421	0.136425	
0.737932	0.646436	0.539691	0.451768	0.4084	0.402927	0.428898	0.500304	0.603858	0.705002	0.775881	0.801841	0.763707	0.660459	0.508682	0.338062	0.181185	0.0594379	-0.0410977	-0.117037	-0.148567	-0.120732	-0.0362125	0.0808012	0.20512	
0.789629	0.691842	0.585727	0.505477	0.466867	0.461882	0.485012	0.548494	0.648504	0.754139	0.831105	0.863177	0.833888	0.735995	0.586726	0.413344	0.244118	0.0927137	-0.0348324	-0.120875	-0.151423	-0.114245	-0.0208983	0.10441	0.239004	
0.809371	0.713572	0.613126	0.537042	0.497477	0.490426	0.517112	0.578179	0.672595	0.773417	0.855159	0.892644	0.877555	0.795349	0.65012	0.467864	0.282841	0.105015	-0.0477809	-0.142946	-0.167656	-0.124264	-0.0270103	0.0966727	0.231569	
0.815352	0.7195	0.615465	0.534215	0.480972	0.470908	0.509083	0.579805	0.676836	0.779665	0.859954	0.900804	0.897356	0.826086	0.685372	0.491952	0.288585	0.092074	-0.0753989	-0.180631	-0.20687	-0.16154	-0.066302	0.0574079	0.191825	
0.798595	0.700546	0.591908	0.498889	0.440577	0.430036	0.471012	0.551557	0.656735	0.762011	0.843529	0.888232	0.886988	0.824175	0.68427	0.482765	0.263145	0.0479032	-0.128603	-0.239553	-0.272313	-0.234028	-0.147246	-0.0301139	0.109862	
0.753635	0.660505	0.549198	0.453113	0.399401	0.389691	0.426572	0.506793	0.616355	0.719645	0.797384	0.839848	0.835004	0.768381	0.626494	0.424087	0.19606	-0.0272021	-0.208808	-0.321152	-0.35893	-0.332517	-0.262508	-0.155623	-0.0185894	
0.667474	0.586815	0.48392	0.396274	0.350325	0.343478	0.372958	0.444679	0.546482	0.639383	0.70177	0.736469	0.721213	0.644006	0.4962	0.295413	0.0743413	-0.139512	-0.312113	-0.421069	-0.461488	-0.4433	-0.384564	-0.28895	-0.159663	
0.523677	0.462574	0.380399	0.308023	0.274716	0.269707	0.290088	0.348333	0.430584	0.502768	0.547215	0.564439	0.532921	0.448109	0.297315	0.101656	-0.0997094	-0.286676	-0.442258	-0.540431	-0.578729	-0.560402	-0.496259	-0.396565	-0.275657	
0.331475	0.288192	0.228286	0.178205	0.158421	0.155204	0.166849	0.205553	0.265138	0.316339	0.344288	0.336522	0.284081	0.189976	0.0408476	-0.146194	-0.326108	-0.480079	-0.606664	-0.6836	-0.703412	-0.66587	-0.582417	-0.470773	-0.354342	
0.10845	0.0775111	0.0318853	-0.00210094	-0.0121433	-0.0137036	-0.00856686	0.0157394	0.0596789	0.0994781	0.108889	0.0753106	-0.00462875	-0.114308	-0.258619	-0.429549	-0.583042	-0.694663	-0.778199	-0.816097	-0.800611	-0.733834	-0.62647	-0.505558	-0.395731	
-0.137348	-0.152001	-0.184219	-0.207514	-0.207236	-0.205477	-0.209687	-0.196131	-0.164162	-0.139085	-0.146738	-0.201483	-0.299379	-0.421267	-0.560279	-0.709181	-0.829479	-0.902804	-0.93297	-0.916921	-0.85362	-0.749293	-0.616689	-0.489285	-0.38335	
-0.359852	-0.357592	-0.379339	-0.397158	-0.391606	-0.389364	-0.396352	-0.388862	-0.364446	-0.354124	-0.380758	-0.452116	-0.558828	-0.68734	-0.824323	-0.948807	-1.0361	-1.07046	-1.05181	-0.975286	-0.856404	-0.70836	-0.548398	-0.409994	-0.300619	
-0.516697	-0.50317	-0.518494	-0.533244	-0.534782	-0.534232	-0.535093	-0.526096	-0.507485	-0.505425	-0.549084	-0.631341	-0.7436	-0.874313	-1.0075	-1.11836	-1.18035	-1.17899	-1.11385	-0.986367	-0.809289	-0.613295	-0.422682	-0.266025	-0.146495	
-0.589339	-0.563258	-0.563909	-0.575663	-0.586241	-0.588811	-0.580827	-0.568166	-0.561585	-0.574284	-0.625473	-0.717858	-0.835377	-0.961485	-1.08851	-1.19317	-1.24232	-1.21948	-1.11742	-0.946956	-0.728284	-0.48609	-0.257159	-0.0736242	0.0623629	
-0.568415	-0.523892	-0.504316	-0.506831	-0.522456	-0.527201	-0.512456	-0.503046	-0.513504	-0.547054	-0.611	-0.709026	-0.83275	-0.960947	-1.08222	-1.17829	-1.22402	-1.18996	-1.06349	-0.859007	-0.605626	-0.328849	-0.0705257	0.140454	0.292041	
-0.460811	-0.392957	-0.354697	-0.344348	-0.354204	-0.357788	-0.346565	-0.347625	-0.374028	-0.430342	-0.514132	-0.617234	-0.745069	-0.883953	-1.01046	-1.10252	-1.14072	-1.10008	-0.959752	-0.729598	-0.445996	-0.146581	0.126342	0.348103	0.507758	
-0.2724	-0.180873	-0.125804	-0.104523	-0.103118	-0.103875	-0.102614	-0.113379	-0.154164	-0.232578	-0.336165	-0.455044	-0.592406	-0.74634	-0.89051	-0.989563	-1.02067	-0.97394	-0.828625	-0.588792	-0.292834	0.0194439	0.298778	0.522423	0.678135	
-0.0205191	0.0892366	0.164692	0.200404	0.207151	0.206953	0.205719	0.183089	0.124534	0.026019	-0.0957208	-0.237204	-0.402614	-0.583533	-0.747606	-0.859851	-0.895698	-0.842387	-0.693951	-0.457784	-0.16749	0.136451	0.410759	0.629415	0.778026	
0.251248	0.379032	0.479119	0.531667	0.542425	0.542022	0.5394	0.506556	0.422754	0.304655	0.164369	-0.00580206	-0.213123	-0.428943	-0.609698	-0.72902	-0.77185	-0.721014	-0.574202	-0.344088	-0.0656809	0.214462	0.468805	0.674755	0.809942	
0.502763	0.654954	0.777093	0.847278	0.871925	0.875528	0.860913	0.812138	0.708654	0.565693	0.400927	0.194987	-0.0487881	-0.294867	-0.493108	-0.618631	-0.663536	-0.622405	-0.484036	-0.264974	-0.00380577	0.251004	0.478014	0.662228	0.786847	
0.719411	0.895	1.03045	1.11726	1.16043	1.16715	1.13882	1.07156	0.954589	0.794617	0.594341	0.355816	0.088901	-0.176938	-0.395255	-0.534942	-0.591849	-0.556594	-0.432179	-0.23212	0.0117414	0.246084	0.45164	0.616831	0.725918	
0.895	1.08945	1.2375	1.33462	1.38569	1.39474	1.35975	1.28235	1.15481	0.978634	0.755855	0.492826	0.204837	-0.0778115	-0.317148	-0.482072	-0.558842	-0.538783	-0.424296	-0.239747	-0.0130445	0.207263	0.398323	0.543068	0.636141	
1.03045	1.2375	1.39491	1.49604	1.53998	1.5468	1.51917	1.44278	1.30606	1.11869	0.884874	0.601512	0.290463	-0.0154472	-0.271711	-0.454349	-0.551821	-0.550123	-0.443382	-0.266898	-0.0549623	0.154262	0.325483	0.448328	0.526593	
1.11726	1.33462	1.49604	1.59751	1.6381	1.64344	1.62027	1.54369	1.40583	1.21063	0.961355	0.662189	0.332157	0.011035	-0.257051	-0.452015	-0.561102	-0.563632	-0.459758	-0.287285	-0.0836645	0.110735	0.262302	0.365473	0.433073	
1.16043	1.38569	1.53998	1.6381	1.68133	1.68747	1.66123	1.58593	1.45549	1.25923	0.993785	0.676741	0.34085	0.0154263	-0.262589	-0.466767	-0.573849	-0.569182	-0.456123	-0.283408	-0.0895036	0.0960728	0.234204	0.323834	0.382095	
1.16715	1.39474	1.5468	1.64344	1.68747	1.69395	1.66619	1.59179	1.46403	1.26704	0.998659	0.67718	0.340803	0.0149901	-0.265063	-0.47177	-0.577437	-0.569907	-0.454652	-0.281439	-0.0897836	0.093858	0.229847	0.318107	0.373565	
1.13882	1.35975	1.51917	1.62027	1.66123	1.66619	1.64306	1.56648	1.43092	1.23459	0.977984	0.67167	0.338888	0.0146718	-0.25758	-0.456816	-0.566663	-0.566721	-0.459827	-0.287847	-0.0882087	0.101891	0.246984	0.343542	0.407394	
1.07156	1.28235	1.44278	1.54369	1.58593	1.59179	1.56648	1.49099	1.35224	1.16161	0.92213	0.632425	0.311545	-0.000937844	-0.2627	-0.450862	-0.55443	-0.556421	-0.452252	-0.27744	-0.0692633	0.134253	0.297191	0.4112	0.484879	
0.954589	1.15481	1.30606	1.40583	1.45549	1.46403	1.43092	1.35224	1.22114	1.04038	0.812731	0.540173	0.243672	-0.0481626	-0.294436	-0.46806	-0.554116	-0.541817	-0.430088	-0.249403	-0.0293235	0.186713	0.37036	0.50608	0.592797	
0.794617	0.978634	1.11869	1.21063	1.25923	1.26704	1.23459	1.16161	1.04038	0.874011	0.661914	0.412695	0.137773	-0.134166	-0.360709	-0.510133	-0.574699	-0.543594	-0.423936	-0.230863	0.00558251	0.233132	0.432969	0.591534	0.693706	
0.594341	0.755855	0.884874	0.961355	0.993785	0.998659	0.977984	0.92213	0.812731	0.661914	0.482927	0.263787	0.00881533	-0.245523	-0.452638	-0.582242	-0.629803	-0.591492	-0.45806	-0.246001	0.00766666	0.253616	0.471359	0.646728	0.766282	
0.355816	0.492826	0.601512	0.662189	0.676741	0.67718	0.67167	0.632425	0.540173	0.412695	0.263787	0.0792285	-0.143064	-0.373125	-0.560194	-0.681364	-0.725508	-0.677873	-0.533997	-0.307773	-0.0355051	0.235333	0.478144	0.676005	0.80598	
0.088901	0.204837	0.290463	0.332157	0.34085	0.340803	0.338888	0.311545	0.243672	0.137773	0.00881533	-0.143064	-0.325526	-0.518879	-0.69026	-0.806628	-0.845628	-0.791727	-0.643412	-0.409747	-0.123796	0.171432	0.439923	0.65426	0.798264	
-0.176938	-0.0778115	-0.0154472	0.011035	0.0154263	0.0149901	0.0146718	-0.000937844	-0.0481626	-0.134166	-0.245523	-0.373125	-0.518879	-0.682048	-0.834963	-0.938582	-0.970783	-0.921028	-0.773583	-0.534378	-0.240069	0.0727169	0.35138	0.574165	0.727466	
-0.395255	-0.317148	-0.271711	-0.257051	-0.262589	-0.265063	-0.25758	-0.2627	-0.294436	-0.360709	-0.452638	-0.560194	-0.69026	-0.834963	-0.967464	-1.06083	-1.09528	-1.05167	-0.909227	-0.672733	-0.381306	-0.0755995	0.200909	0.424319	0.582983	
-0.534942	-0.482072	-0.454349	-0.452015	-0.466767	-0.47177	-0.456816	-0.450862	-0.46806	-0.510133	-0.582242	-0.681364	-0.806628	-0.938582	-1.06083	-1.15353	-1.19693	-1.16031	-1.02723	-0.811419	-0.544477	-0.257015	0.00837987	0.224954	0.38158	
-0.591849	-0.558842	-0.551821	-0.561102	-0.573849	-0.577437	-0.566663	-0.55443	-0.554116	-0.574699	-0.629803	-0.725508	-0.845628	-0.970783	-1.09528	-1.19693	-1.24422	-1.21567	-1.10291	-0.917602	-0.685219	-0.427034	-0.185129	0.0105953	0.153788	
-0.556594	-0.538783	-0.550123	-0.563632	-0.569182	-0.569907	-0.566721	-0.556421	-0.541817	-0.543594	-0.591492	-0.677873	-0.791727	-0.921028	-1.05167	-1.16031	-1.21567	-1.20357	-1.12162	-0.976307	-0.780027	-0.565084	-0.35902	-0.19337	-0.0679908	
-0.432179	-0.424296	-0.443382	-0.459758	-0.456123	-0.454652	-0.459827	-0.452252	-0.430088	-0.423936	-0.45806	-0.533997	-0.643412	-0.773583	-0.909227	-1.02723	-1.10291	-1.12162	-1.08428	-0.985946	-0.843177	-0.675793	-0.504568	-0.359761	-0.247087	
-0.23212	-0.239747	-0.266898	-0.287285	-0.283408	-0.281439	-0.287847	-0.27744	-0.249403	-0.230863	-0.246001	-0.307773	-0.409747	-0.534378	-0.672733	-0.811419	-0.917602	-0.976307	-0.985946	-0.945471	-0.861047	-0.739444	-0.595962	-0.465717	-0.359421	
0.0117414	-0.0130445	-0.0549623	-0.0836645	-0.0895036	-0.0897836	-0.0882087	-0.0692633	-0.0293235	0.00558251	0.00766666	-0.0355051	-0.123796	-0.240069	-0.381306	-0.544477	-0.685219	-0.780027	-0.843177	-0.861047	-0.827659	-0.746884	-0.629888	-0.505642	-0.398355	
0.246084	0.207263	0.154262	0.110735	0.0960728	0.093858	0.101891	0.134253	0.186713	0.233132	0.253616	0.235333	0.171432	0.0727169	-0.0755995	-0.257015	-0.427034	-0.565084	-0.675793	-0.739444	-0.746884	-0.698882	-0.605249	-0.489847	-0.375967	
0.45164	0.398323	0.325483	0.262302	0.234204	0.229847	0.246984	0.297191	0.37036	0.432969	0.471359	0.478144	0.439923	0.35138	0.200909	0.00837987	-0.185129	-0.35902	-0.504568	-0.595962	-0.629888	-0.605249	-0.535339	-0.430674	-0.311964	
0.616831	0.543068	0.448328	0.365473	0.323834	0.318107	0.343542	0.4112	0.50608	0.591534	0.646728	0.676005	0.65426	0.574165	0.424319	0.224954	0.0105953	-0.19337	-0.359761	-0.465717	-0.505642	-0.489847	-0.430674	-0.335747	-0.210353	
0.725918	0.636141	0.526593	0.433073	0.382095	0.373565	0.407394	0.484879	0.592797	0.693706	0.766282	0.80598	0.798264	0.727466	0.582983	0.38158	0.153788	-0.0679908	-0.247087	-0.359421	-0.398355	-0.375967	-0.311964	-0.210353	-0.075887	
