0.30193	0.613515	0.922868	1.18776	1.35423	1.38288	1.26948	1.03652	0.740511	0.423325	0.131635	-0.122111	-0.310964	-0.429178	-0.461955	-0.425344	-0.340152	-0.23189	-0.11307	0.00989883	0.127914	0.23065	0.326291	0.420636	0.5176	
0.286211	0.592769	0.89619	1.15436	1.31557	1.3444	1.23277	1.00789	0.716356	0.406814	0.114941	-0.133184	-0.319147	-0.424704	-0.449381	-0.406104	-0.325621	-0.228851	-0.128559	-0.03046	0.0581092	0.135451	0.216215	0.315768	0.431143	
0.266332	0.566707	0.860265	1.10835	1.26215	1.28981	1.18324	0.967865	0.68684	0.38474	0.0984003	-0.146165	-0.323643	-0.41992	-0.433646	-0.387375	-0.30993	-0.223679	-0.139435	-0.0631903	-0.00159058	0.0507486	0.11638	0.211157	0.334576	
0.245059	0.536018	0.817438	1.0519	1.19656	1.22222	1.12254	0.919403	0.65162	0.360338	0.0804061	-0.156542	-0.326668	-0.410172	-0.41694	-0.365504	-0.293071	-0.213965	-0.142915	-0.0850736	-0.0449412	-0.0132681	0.0374313	0.125419	0.243134	
0.234908	0.513721	0.780255	0.999077	1.13175	1.15659	1.06321	0.876794	0.622724	0.346777	0.0741329	-0.152255	-0.313511	-0.385445	-0.384487	-0.332112	-0.262564	-0.192626	-0.132612	-0.0915096	-0.0716459	-0.0563456	-0.0221822	0.0534637	0.157468	
0.233665	0.499396	0.749587	0.950395	1.07147	1.09308	1.00957	0.837961	0.602991	0.339852	0.0800319	-0.138548	-0.287697	-0.35182	-0.344744	-0.293933	-0.230455	-0.168747	-0.122001	-0.095751	-0.093521	-0.0934132	-0.0715981	-0.0129189	0.0732926	
0.228637	0.479786	0.71326	0.895114	1.004	1.02261	0.948667	0.793648	0.576988	0.329514	0.0808398	-0.126857	-0.267472	-0.32358	-0.315365	-0.268191	-0.212359	-0.161253	-0.125424	-0.114436	-0.123978	-0.133713	-0.119864	-0.0715105	-0.00246105	
0.211646	0.447977	0.662112	0.825672	0.920572	0.937395	0.872339	0.735261	0.5378	0.307145	0.0725668	-0.124149	-0.253173	-0.303866	-0.292759	-0.251049	-0.200986	-0.158378	-0.132405	-0.130315	-0.14876	-0.160405	-0.149788	-0.108893	-0.0517696	
0.195313	0.413793	0.609121	0.751951	0.834765	0.847479	0.793691	0.672692	0.497161	0.283223	0.0655702	-0.118676	-0.235761	-0.279846	-0.267948	-0.229474	-0.185873	-0.149271	-0.13079	-0.135966	-0.156445	-0.168991	-0.155569	-0.121185	-0.0743632	
0.193153	0.394382	0.568596	0.692689	0.761532	0.772278	0.727521	0.624524	0.469258	0.274578	0.0736706	-0.0963629	-0.20199	-0.241048	-0.228927	-0.196698	-0.158823	-0.131225	-0.120069	-0.133233	-0.156783	-0.168473	-0.155943	-0.126057	-0.0911441	
0.196668	0.379409	0.533457	0.638704	0.694665	0.703052	0.66735	0.581306	0.446337	0.270705	0.0872643	-0.0685251	-0.16371	-0.198613	-0.189096	-0.162611	-0.133497	-0.113141	-0.111857	-0.130773	-0.157388	-0.168101	-0.155158	-0.131613	-0.105342	
0.199719	0.364284	0.498863	0.585866	0.630254	0.63583	0.60933	0.538696	0.423899	0.26655	0.100989	-0.0414012	-0.12691	-0.160174	-0.154223	-0.136337	-0.115452	-0.105635	-0.112278	-0.139336	-0.16625	-0.177119	-0.162974	-0.143808	-0.125001	
0.19671	0.343646	0.45815	0.529097	0.561116	0.56566	0.546127	0.491637	0.394789	0.257087	0.108205	-0.0194939	-0.097202	-0.128455	-0.128119	-0.117704	-0.106759	-0.105549	-0.121881	-0.153788	-0.182907	-0.191178	-0.178319	-0.161417	-0.149179	
0.183222	0.311482	0.408226	0.462651	0.484661	0.487039	0.47494	0.434578	0.355511	0.236275	0.104459	-0.00965184	-0.0796767	-0.11066	-0.115585	-0.113682	-0.111219	-0.119012	-0.142214	-0.178273	-0.205301	-0.210839	-0.194316	-0.178795	-0.16662	
0.164856	0.275736	0.353669	0.393495	0.405328	0.406177	0.400771	0.373611	0.312019	0.210859	0.0967889	-0.00357573	-0.0656869	-0.0957325	-0.105552	-0.110134	-0.115277	-0.129485	-0.157892	-0.194907	-0.218349	-0.218134	-0.198359	-0.17948	-0.168046	
0.157272	0.248959	0.309604	0.334944	0.337304	0.337352	0.337055	0.323907	0.277429	0.196369	0.0984533	0.0140966	-0.0409348	-0.0682817	-0.0819849	-0.0913146	-0.101722	-0.120549	-0.151666	-0.187183	-0.205947	-0.199167	-0.176108	-0.156088	-0.14404	
0.180964	0.255415	0.299034	0.310861	0.30533	0.303288	0.309552	0.306859	0.277443	0.21259	0.133422	0.0613547	0.0152015	-0.0122111	-0.0291195	-0.0444227	-0.0610393	-0.0854732	-0.120939	-0.157292	-0.173385	-0.165155	-0.141983	-0.125126	-0.118036	
0.2325	0.290053	0.318681	0.318728	0.305355	0.303071	0.312922	0.322197	0.30499	0.258463	0.192589	0.134816	0.0921691	0.0657331	0.0418392	0.0198521	-0.00534682	-0.0380723	-0.0801345	-0.12039	-0.138708	-0.131932	-0.11578	-0.105164	-0.107695	
0.294759	0.338716	0.35408	0.343827	0.324624	0.320853	0.335457	0.352582	0.348644	0.314706	0.263607	0.213479	0.175606	0.144123	0.113584	0.0808561	0.0452118	0.00211404	-0.0496276	-0.0955006	-0.118256	-0.116806	-0.106959	-0.106391	-0.117064	
0.356563	0.387361	0.391548	0.372148	0.347763	0.343299	0.360967	0.386319	0.392077	0.371864	0.330783	0.290379	0.252258	0.218358	0.177624	0.135674	0.0882736	0.0339736	-0.0268027	-0.0803689	-0.108113	-0.112737	-0.112516	-0.119776	-0.141776	
0.413304	0.433528	0.426963	0.400245	0.370989	0.366162	0.386496	0.418492	0.433771	0.424215	0.39423	0.359433	0.32369	0.283625	0.235976	0.182825	0.125305	0.0606064	-0.00978414	-0.0685401	-0.102416	-0.112291	-0.119665	-0.136551	-0.16555	
0.467101	0.476142	0.460967	0.426445	0.394046	0.387844	0.411388	0.448769	0.47279	0.473626	0.452708	0.425142	0.389135	0.346509	0.289898	0.22905	0.161081	0.0871022	0.00933868	-0.0561392	-0.0934158	-0.10955	-0.123752	-0.146891	-0.183716	
0.504752	0.504639	0.479783	0.439694	0.402801	0.397005	0.421951	0.465524	0.496927	0.507895	0.496421	0.475006	0.441919	0.395846	0.335635	0.26745	0.194054	0.11403	0.0318125	-0.0341679	-0.0734279	-0.0891635	-0.106133	-0.131264	-0.168174	
0.52431	0.512804	0.479914	0.432289	0.392991	0.385521	0.413811	0.461752	0.501975	0.522582	0.521381	0.508322	0.478915	0.434943	0.372507	0.30408	0.228307	0.148345	0.0678814	0.00505098	-0.0275987	-0.0395104	-0.0508305	-0.070924	-0.102047	
0.521863	0.499778	0.456336	0.402899	0.358973	0.351925	0.381642	0.436027	0.4841	0.516165	0.526428	0.523572	0.502618	0.463253	0.406534	0.341404	0.271968	0.197932	0.126176	0.0751372	0.0535	0.0551425	0.0541399	0.0462936	0.0273096	
0.505252	0.470272	0.41793	0.356667	0.309994	0.301433	0.334393	0.393613	0.45097	0.493907	0.516647	0.525817	0.514476	0.484735	0.435223	0.380102	0.319359	0.257296	0.198732	0.162878	0.158894	0.175989	0.192351	0.20006	0.197783	
0.470272	0.424865	0.362541	0.295659	0.244908	0.236426	0.271086	0.335954	0.401119	0.454811	0.489547	0.510209	0.51041	0.489884	0.45164	0.406212	0.3585	0.309084	0.266204	0.247908	0.261489	0.297911	0.331225	0.357794	0.373281	
0.41793	0.362541	0.293559	0.220935	0.167974	0.158626	0.195358	0.264169	0.335876	0.398188	0.442288	0.473169	0.481854	0.470997	0.440772	0.406242	0.368547	0.3323	0.303416	0.301343	0.332869	0.386614	0.439082	0.483908	0.519589	
0.356667	0.295659	0.220935	0.145204	0.090108	0.0805807	0.118585	0.190134	0.266679	0.334566	0.386055	0.423174	0.43935	0.43402	0.411576	0.383545	0.355129	0.327892	0.310562	0.321261	0.366537	0.435478	0.50288	0.564712	0.617275	
0.309994	0.244908	0.167974	0.090108	0.0340937	0.0245168	0.0628546	0.136322	0.214644	0.286331	0.340579	0.382185	0.400921	0.399964	0.380337	0.357316	0.333173	0.312188	0.301488	0.320327	0.374634	0.453137	0.531139	0.603727	0.668769	
0.301433	0.236426	0.158626	0.0805807	0.0245168	0.0145835	0.0535836	0.126627	0.206225	0.277542	0.333447	0.374683	0.395042	0.393768	0.375543	0.352577	0.329613	0.309191	0.299618	0.319464	0.375161	0.454962	0.534592	0.609168	0.675743	
0.334393	0.271086	0.195358	0.118585	0.0628546	0.0535836	0.0913521	0.164327	0.241221	0.311572	0.363871	0.403765	0.420744	0.417968	0.39669	0.371346	0.345097	0.321034	0.307104	0.321962	0.371712	0.445655	0.518188	0.585278	0.644095	
0.393613	0.335954	0.264169	0.190134	0.136322	0.126627	0.164327	0.233928	0.308412	0.372727	0.420804	0.454019	0.466551	0.457838	0.431288	0.399566	0.365945	0.333646	0.30968	0.312951	0.350508	0.410473	0.469453	0.521443	0.563939	
0.45097	0.401119	0.335876	0.266679	0.214644	0.206225	0.241221	0.308412	0.375749	0.43383	0.47202	0.497576	0.501032	0.484781	0.449934	0.409029	0.365882	0.321856	0.285076	0.273659	0.294666	0.338722	0.379704	0.413713	0.437476	
0.493907	0.454811	0.398188	0.334566	0.286331	0.277542	0.311572	0.372727	0.43383	0.480817	0.508981	0.522568	0.516088	0.489923	0.444744	0.393608	0.337755	0.28077	0.22819	0.198961	0.202099	0.226379	0.249568	0.264521	0.268706	
0.516647	0.489547	0.442288	0.386055	0.340579	0.333447	0.363871	0.420804	0.47202	0.508981	0.523812	0.525904	0.508494	0.472483	0.41859	0.356693	0.290894	0.220963	0.1543	0.109077	0.0939838	0.102044	0.107412	0.105441	0.0929185	
0.525817	0.510209	0.473169	0.423174	0.382185	0.374683	0.403765	0.454019	0.497576	0.522568	0.525904	0.516763	0.490112	0.447744	0.386511	0.319157	0.244862	0.166632	0.0887871	0.0293886	0.000754879	-0.00698227	-0.0146466	-0.0306089	-0.0579933	
0.514476	0.51041	0.481854	0.43935	0.400921	0.395042	0.420744	0.466551	0.501032	0.516088	0.508494	0.490112	0.458349	0.412127	0.350925	0.281497	0.207003	0.126101	0.0438038	-0.0214464	-0.0591881	-0.0735603	-0.0892558	-0.113262	-0.148586	
0.484735	0.489884	0.470997	0.43402	0.399964	0.393768	0.417968	0.457838	0.484781	0.489923	0.472483	0.447744	0.412127	0.368306	0.309247	0.245418	0.174635	0.0975899	0.0176926	-0.0493748	-0.0875308	-0.104668	-0.120437	-0.145147	-0.183293	
0.435223	0.45164	0.440772	0.411576	0.380337	0.375543	0.39669	0.431288	0.449934	0.444744	0.41859	0.386511	0.350925	0.309247	0.258146	0.201506	0.139788	0.0714145	-0.00252731	-0.0637622	-0.0996727	-0.111741	-0.122149	-0.142029	-0.174611	
0.380102	0.406212	0.406242	0.383545	0.357316	0.352577	0.371346	0.399566	0.409029	0.393608	0.356693	0.319157	0.281497	0.245418	0.201506	0.154991	0.103775	0.044741	-0.0193821	-0.0760411	-0.105725	-0.112847	-0.115505	-0.126681	-0.151987	
0.319359	0.3585	0.368547	0.355129	0.333173	0.329613	0.345097	0.365945	0.365882	0.337755	0.290894	0.244862	0.207003	0.174635	0.139788	0.103775	0.0630864	0.0162573	-0.0397027	-0.0881768	-0.113243	-0.113851	-0.107625	-0.11033	-0.125752	
0.257296	0.309084	0.3323	0.327892	0.312188	0.309191	0.321034	0.333646	0.321856	0.28077	0.220963	0.166632	0.126101	0.0975899	0.0714145	0.044741	0.0162573	-0.0211325	-0.066262	-0.109388	-0.128997	-0.124286	-0.110299	-0.103591	-0.10949	
0.198732	0.266204	0.303416	0.310562	0.301488	0.299618	0.307104	0.30968	0.285076	0.22819	0.1543	0.0887871	0.0438038	0.0176926	-0.00252731	-0.0193821	-0.0397027	-0.066262	-0.104407	-0.141754	-0.15837	-0.150226	-0.129114	-0.114449	-0.111178	
0.162878	0.247908	0.301343	0.321261	0.320327	0.319464	0.321962	0.312951	0.273659	0.198961	0.109077	0.0293886	-0.0214464	-0.0493748	-0.0637622	-0.0760411	-0.0881768	-0.109388	-0.141754	-0.177605	-0.194975	-0.187062	-0.163112	-0.143782	-0.13314	
0.158894	0.261489	0.332869	0.366537	0.374634	0.375161	0.371712	0.350508	0.294666	0.202099	0.0939838	0.000754879	-0.0591881	-0.0875308	-0.0996727	-0.105725	-0.113243	-0.128997	-0.15837	-0.194975	-0.216295	-0.213298	-0.191634	-0.171966	-0.159993	
0.175989	0.297911	0.386614	0.435478	0.453137	0.454962	0.445655	0.410473	0.338722	0.226379	0.102044	-0.00698227	-0.0735603	-0.104668	-0.111741	-0.112847	-0.113851	-0.124286	-0.150226	-0.187062	-0.213298	-0.216901	-0.198999	-0.18225	-0.170705	
0.192351	0.331225	0.439082	0.50288	0.531139	0.534592	0.518188	0.469453	0.379704	0.249568	0.107412	-0.0146466	-0.0892558	-0.120437	-0.122149	-0.115505	-0.107625	-0.110299	-0.129114	-0.163112	-0.191634	-0.198999	-0.184684	-0.168819	-0.156697	
0.20006	0.357794	0.483908	0.564712	0.603727	0.609168	0.585278	0.521443	0.413713	0.264521	0.105441	-0.0306089	-0.113262	-0.145147	-0.142029	-0.126681	-0.11033	-0.103591	-0.114449	-0.143782	-0.171966	-0.18225	-0.168819	-0.150485	-0.135289	
0.197783	0.373281	0.519589	0.617275	0.668769	0.675743	0.644095	0.563939	0.437476	0.268706	0.0929185	-0.0579933	-0.148586	-0.183293	-0.174611	-0.151987	-0.125752	-0.10949	-0.111178	-0.13314	-0.159993	-0.170705	-0.156697	-0.135289	-0.11148	
