-0.40634	-0.541579	-0.683623	-0.818689	-0.908248	-0.923969	-0.861814	-0.740437	-0.597906	-0.459109	-0.33292	-0.227929	-0.154407	-0.113175	-0.112664	-0.162033	-0.275143	-0.451995	-0.652793	-0.830249	-0.955074	-1.01517	-1.0086	-0.93634	-0.802858	
-0.28156	-0.392948	-0.51171	-0.624962	-0.696863	-0.709493	-0.660136	-0.559386	-0.439774	-0.325232	-0.219124	-0.129971	-0.07722	-0.0614022	-0.0790081	-0.140433	-0.259649	-0.426528	-0.615817	-0.784204	-0.897426	-0.949691	-0.941962	-0.868715	-0.735235	
-0.111598	-0.204563	-0.305066	-0.40053	-0.458824	-0.469404	-0.429261	-0.345782	-0.243838	-0.147431	-0.061659	0.0103871	0.0394384	0.0379463	0.0101976	-0.0550757	-0.164307	-0.313052	-0.486946	-0.642909	-0.753744	-0.808656	-0.807059	-0.74496	-0.626027	
0.0738159	-0.00463437	-0.0948589	-0.181048	-0.23498	-0.245847	-0.207198	-0.130855	-0.0402291	0.0448448	0.113567	0.166601	0.185669	0.182904	0.154821	0.099029	0.00747744	-0.122066	-0.279069	-0.42781	-0.538755	-0.601396	-0.612596	-0.566818	-0.471852	
0.254823	0.182907	0.095839	0.00994339	-0.0464021	-0.0561377	-0.0173082	0.0601965	0.149297	0.228457	0.287677	0.327784	0.348938	0.358901	0.342849	0.29848	0.226622	0.11591	-0.0253574	-0.166693	-0.279705	-0.351746	-0.376831	-0.350624	-0.292071	
0.412594	0.339095	0.247079	0.16099	0.103723	0.0925836	0.133915	0.210639	0.3033	0.386467	0.443552	0.482216	0.513744	0.536277	0.534843	0.504722	0.445222	0.353834	0.234797	0.109251	-0.00271999	-0.0854077	-0.128076	-0.12947	-0.111336	
0.51504	0.435464	0.339146	0.251712	0.198241	0.189144	0.225217	0.300917	0.398082	0.485883	0.553003	0.601678	0.647544	0.683521	0.696864	0.682554	0.639493	0.563558	0.46889	0.365055	0.262947	0.174959	0.116124	0.0864574	0.0701288	
0.554771	0.466493	0.364418	0.279704	0.23024	0.222719	0.255235	0.326376	0.426267	0.5218	0.59991	0.663891	0.725077	0.771147	0.80139	0.805987	0.781907	0.726849	0.65302	0.569095	0.482815	0.401676	0.333476	0.280277	0.236788	
0.527578	0.42859	0.324403	0.241825	0.195347	0.188551	0.218647	0.287549	0.386001	0.489606	0.580227	0.659657	0.735105	0.796264	0.846423	0.87517	0.87329	0.838856	0.782659	0.71448	0.644424	0.575629	0.510478	0.445606	0.383488	
0.436117	0.328127	0.230055	0.154466	0.11272	0.106948	0.133478	0.196372	0.287454	0.392445	0.499721	0.599117	0.696144	0.780545	0.850061	0.901169	0.919697	0.900125	0.854178	0.800424	0.748529	0.691168	0.634363	0.571944	0.505182	
0.30092	0.186151	0.0958626	0.0319099	-0.00152152	-0.00516341	0.0139373	0.0670478	0.146791	0.252552	0.375812	0.502353	0.627652	0.737773	0.824099	0.888962	0.925825	0.923627	0.885708	0.843065	0.807229	0.760842	0.707942	0.65453	0.591514	
0.135753	0.0145568	-0.0707766	-0.122696	-0.142399	-0.14347	-0.13465	-0.0953388	-0.0241693	0.0829764	0.223184	0.381609	0.539021	0.676306	0.780615	0.853118	0.900736	0.916162	0.892761	0.86192	0.840988	0.806489	0.765135	0.716048	0.656445	
-0.0238269	-0.153648	-0.244195	-0.302067	-0.318057	-0.317273	-0.313009	-0.271963	-0.193427	-0.08168	0.0747677	0.256487	0.436055	0.592223	0.710371	0.794447	0.852187	0.885737	0.886587	0.873644	0.860751	0.838799	0.807705	0.767096	0.712082	
-0.162414	-0.296476	-0.400074	-0.471787	-0.496394	-0.496558	-0.4872	-0.433445	-0.340563	-0.221315	-0.058551	0.13626	0.329536	0.49527	0.622594	0.711668	0.78201	0.832527	0.855326	0.86305	0.863446	0.851292	0.836544	0.808314	0.760631	
-0.27692	-0.418616	-0.534234	-0.616789	-0.650883	-0.653812	-0.636033	-0.572639	-0.467644	-0.337956	-0.17408	0.0192193	0.216628	0.387764	0.517653	0.608153	0.687173	0.757057	0.803402	0.83153	0.852128	0.858835	0.856871	0.840747	0.807241	
-0.38399	-0.529791	-0.645784	-0.723071	-0.754984	-0.758306	-0.74094	-0.682001	-0.579614	-0.446815	-0.281695	-0.100772	0.0887263	0.263276	0.395301	0.485074	0.569628	0.652234	0.72247	0.780406	0.827065	0.856738	0.870244	0.861234	0.84062	
-0.503214	-0.640747	-0.739398	-0.793772	-0.814213	-0.816444	-0.805601	-0.765746	-0.685506	-0.562613	-0.407348	-0.235119	-0.053457	0.119255	0.256814	0.353184	0.441685	0.532477	0.622972	0.712314	0.791516	0.844476	0.875836	0.8819	0.873186	
-0.620761	-0.736696	-0.81062	-0.843637	-0.851957	-0.85163	-0.848888	-0.828193	-0.771457	-0.671708	-0.53398	-0.371835	-0.196904	-0.0333825	0.104057	0.2135	0.314648	0.415463	0.523892	0.637193	0.743687	0.821422	0.874799	0.904316	0.913456	
-0.699938	-0.791643	-0.844111	-0.862387	-0.858114	-0.855214	-0.861869	-0.855546	-0.817294	-0.74108	-0.626369	-0.483533	-0.327883	-0.181869	-0.0505304	0.0723794	0.189689	0.306538	0.428188	0.554181	0.674959	0.772793	0.846393	0.898107	0.926424	
-0.731336	-0.798605	-0.827729	-0.825336	-0.809813	-0.805144	-0.819755	-0.829767	-0.814893	-0.762391	-0.675344	-0.56227	-0.438601	-0.315975	-0.191621	-0.0616763	0.0678127	0.199521	0.335128	0.466783	0.593406	0.702993	0.791222	0.856337	0.897157	
-0.726933	-0.760957	-0.754315	-0.724082	-0.701064	-0.696925	-0.713249	-0.743146	-0.76218	-0.745883	-0.689111	-0.611713	-0.52258	-0.428231	-0.317925	-0.192389	-0.0578872	0.0890489	0.240843	0.381455	0.510512	0.62257	0.715661	0.790242	0.838158	
-0.685845	-0.675576	-0.620538	-0.561979	-0.52907	-0.524105	-0.545528	-0.59511	-0.657364	-0.688121	-0.670326	-0.627546	-0.575332	-0.510038	-0.426967	-0.317076	-0.186305	-0.0371628	0.119361	0.26744	0.397788	0.510631	0.608444	0.693595	0.755724	
-0.596591	-0.536323	-0.442653	-0.352955	-0.302304	-0.294613	-0.327133	-0.403704	-0.50138	-0.578033	-0.609718	-0.608624	-0.593331	-0.567045	-0.515292	-0.431474	-0.319333	-0.186045	-0.040582	0.106113	0.240977	0.356575	0.462119	0.561346	0.64533	
-0.461617	-0.356951	-0.234063	-0.12311	-0.0524149	-0.0396714	-0.0887152	-0.186901	-0.308067	-0.423531	-0.509186	-0.561501	-0.594606	-0.609803	-0.593843	-0.542608	-0.461003	-0.353002	-0.2206	-0.0791389	0.0511738	0.170218	0.283392	0.400403	0.513364	
-0.310265	-0.163912	-0.011599	0.118355	0.199731	0.212569	0.158331	0.0450159	-0.102576	-0.253834	-0.387342	-0.495332	-0.583945	-0.642574	-0.662862	-0.646731	-0.600148	-0.516476	-0.395085	-0.259957	-0.142654	-0.0310951	0.0926707	0.227228	0.371898	
-0.146555	0.0305675	0.212631	0.359988	0.438789	0.450976	0.400824	0.278506	0.104512	-0.0770773	-0.24678	-0.401392	-0.546911	-0.656536	-0.714887	-0.733563	-0.717504	-0.657988	-0.552585	-0.429372	-0.319705	-0.210196	-0.0823277	0.0694351	0.237256	
0.0305675	0.228479	0.422616	0.580202	0.663956	0.675592	0.623689	0.492801	0.307487	0.109478	-0.0862245	-0.279828	-0.467916	-0.626211	-0.732671	-0.788789	-0.800534	-0.764422	-0.682112	-0.573787	-0.463871	-0.347175	-0.213537	-0.0552859	0.119859	
0.212631	0.422616	0.615701	0.774728	0.872058	0.887758	0.822425	0.684927	0.502022	0.298919	0.0781484	-0.145579	-0.361908	-0.553514	-0.707898	-0.805329	-0.844208	-0.829553	-0.771841	-0.684638	-0.581693	-0.456055	-0.308955	-0.141503	0.0327156	
0.359988	0.580202	0.774728	0.939552	1.04005	1.05655	0.989342	0.84553	0.660888	0.451756	0.215813	-0.0272547	-0.262091	-0.482504	-0.666492	-0.792289	-0.854778	-0.856436	-0.816642	-0.754361	-0.663939	-0.533434	-0.372574	-0.193352	-0.0258379	
0.438789	0.663956	0.872058	1.04005	1.13328	1.14773	1.08754	0.946092	0.74982	0.530601	0.297202	0.0488468	-0.203566	-0.443502	-0.640209	-0.773446	-0.84625	-0.859839	-0.831853	-0.782295	-0.699356	-0.562475	-0.390698	-0.209392	-0.054022	
0.450976	0.675592	0.887758	1.05655	1.14773	1.16117	1.10342	0.963204	0.762993	0.542615	0.309667	0.062595	-0.194162	-0.437113	-0.636005	-0.768248	-0.842389	-0.858198	-0.832647	-0.785266	-0.703106	-0.564081	-0.389627	-0.21015	-0.0566933	
0.400824	0.623689	0.822425	0.989342	1.08754	1.10342	1.03834	0.894626	0.706209	0.492655	0.256428	0.0095797	-0.23278	-0.462928	-0.653496	-0.784663	-0.852544	-0.859395	-0.825644	-0.770578	-0.683706	-0.550739	-0.384887	-0.203736	-0.0415942	
0.278506	0.492801	0.684927	0.84553	0.946092	0.963204	0.894626	0.754339	0.572184	0.367102	0.139048	-0.0950381	-0.319117	-0.522452	-0.691377	-0.802456	-0.852077	-0.844644	-0.794171	-0.717712	-0.620074	-0.491823	-0.339411	-0.166521	0.00587334	
0.104512	0.307487	0.502022	0.660888	0.74982	0.762993	0.706209	0.572184	0.386749	0.186499	-0.0197923	-0.226075	-0.427268	-0.600253	-0.726932	-0.799766	-0.822551	-0.795416	-0.723496	-0.622469	-0.513585	-0.393567	-0.254729	-0.0943598	0.0811962	
-0.0770773	0.109478	0.298919	0.451756	0.530601	0.542615	0.492655	0.367102	0.186499	-0.00368373	-0.184494	-0.355759	-0.520025	-0.650774	-0.7277	-0.760474	-0.755101	-0.705317	-0.60892	-0.491634	-0.381693	-0.269505	-0.140812	0.0147111	0.187135	
-0.24678	-0.0862245	0.0781484	0.215813	0.297202	0.309667	0.256428	0.139048	-0.0197923	-0.184494	-0.333985	-0.462411	-0.573325	-0.651402	-0.686379	-0.684314	-0.650544	-0.576317	-0.46003	-0.329582	-0.216287	-0.106907	0.0195938	0.161436	0.317209	
-0.401392	-0.279828	-0.145579	-0.0272547	0.0488468	0.062595	0.0095797	-0.0950381	-0.226075	-0.355759	-0.462411	-0.53741	-0.592669	-0.624189	-0.622522	-0.585999	-0.518634	-0.420229	-0.291946	-0.152585	-0.0279684	0.0893691	0.207311	0.33115	0.457059	
-0.546911	-0.467916	-0.361908	-0.262091	-0.203566	-0.194162	-0.23278	-0.319117	-0.427268	-0.520025	-0.573325	-0.592669	-0.594657	-0.585685	-0.547662	-0.475731	-0.375118	-0.251367	-0.111287	0.0327429	0.167889	0.285449	0.393499	0.499118	0.594207	
-0.656536	-0.626211	-0.553514	-0.482504	-0.443502	-0.437113	-0.462928	-0.522452	-0.600253	-0.650774	-0.651402	-0.624189	-0.585685	-0.535207	-0.464706	-0.363963	-0.23806	-0.0941089	0.0587847	0.20779	0.340197	0.454	0.554634	0.644993	0.715096	
-0.714887	-0.732671	-0.707898	-0.666492	-0.640209	-0.636005	-0.653496	-0.691377	-0.726932	-0.7277	-0.686379	-0.622522	-0.547662	-0.464706	-0.364499	-0.243442	-0.109494	0.041091	0.197129	0.341589	0.471056	0.582854	0.677094	0.75544	0.808544	
-0.733563	-0.788789	-0.805329	-0.792289	-0.773446	-0.768248	-0.784663	-0.802456	-0.799766	-0.760474	-0.684314	-0.585999	-0.475731	-0.363963	-0.243442	-0.113956	0.0181673	0.156198	0.298303	0.432518	0.561048	0.672676	0.76377	0.833162	0.876453	
-0.717504	-0.800534	-0.844208	-0.854778	-0.84625	-0.842389	-0.852544	-0.852077	-0.822551	-0.755101	-0.650544	-0.518634	-0.375118	-0.23806	-0.109494	0.0181673	0.141251	0.264051	0.390635	0.518664	0.642837	0.746907	0.826891	0.884085	0.919128	
-0.657988	-0.764422	-0.829553	-0.856436	-0.859839	-0.858198	-0.859395	-0.844644	-0.795416	-0.705317	-0.576317	-0.420229	-0.251367	-0.0941089	0.041091	0.156198	0.264051	0.370941	0.484889	0.604579	0.719005	0.805287	0.867221	0.906901	0.924146	
-0.552585	-0.682112	-0.771841	-0.816642	-0.831853	-0.832647	-0.825644	-0.794171	-0.723496	-0.60892	-0.46003	-0.291946	-0.111287	0.0587847	0.197129	0.298303	0.390635	0.484889	0.583623	0.683661	0.7746	0.837248	0.877143	0.892579	0.890022	
-0.429372	-0.573787	-0.684638	-0.754361	-0.782295	-0.785266	-0.770578	-0.717712	-0.622469	-0.491634	-0.329582	-0.152585	0.0327429	0.20779	0.341589	0.432518	0.518664	0.604579	0.683661	0.754151	0.81374	0.852317	0.87315	0.867668	0.852086	
-0.319705	-0.463871	-0.581693	-0.663939	-0.699356	-0.703106	-0.683706	-0.620074	-0.513585	-0.381693	-0.216287	-0.0279684	0.167889	0.340197	0.471056	0.561048	0.642837	0.719005	0.7746	0.81374	0.843694	0.860754	0.863438	0.850685	0.82234	
-0.210196	-0.347175	-0.456055	-0.533434	-0.562475	-0.564081	-0.550739	-0.491823	-0.393567	-0.269505	-0.106907	0.0893691	0.285449	0.454	0.582854	0.672676	0.746907	0.805287	0.837248	0.852317	0.860754	0.854111	0.845547	0.822422	0.780259	
-0.0823277	-0.213537	-0.308955	-0.372574	-0.390698	-0.389627	-0.384887	-0.339411	-0.254729	-0.140812	0.0195938	0.207311	0.393499	0.554634	0.677094	0.76377	0.826891	0.867221	0.877143	0.87315	0.863438	0.845547	0.820246	0.784613	0.731573	
0.0694351	-0.0552859	-0.141503	-0.193352	-0.209392	-0.21015	-0.203736	-0.166521	-0.0943598	0.0147111	0.161436	0.33115	0.499118	0.644993	0.75544	0.833162	0.884085	0.906901	0.892579	0.867668	0.850685	0.822422	0.784613	0.737795	0.67979	
0.237256	0.119859	0.0327156	-0.0258379	-0.054022	-0.0566933	-0.0415942	0.00587334	0.0811962	0.187135	0.317209	0.457059	0.594207	0.715096	0.808544	0.876453	0.919128	0.924146	0.890022	0.852086	0.82234	0.780259	0.731573	0.67979	0.618156	
