-0.861029	-0.882334	-0.920199	-0.973922	-1.0247	-1.04154	-0.989085	-0.86	-0.665981	-0.415659	-0.134404	0.157791	0.44872	0.727022	0.979398	1.19626	1.37833	1.51753	1.60678	1.63134	1.5855	1.49621	1.39989	1.29694	1.1814	
-0.882334	-0.905804	-0.935198	-0.97788	-1.01532	-1.01333	-0.933494	-0.783593	-0.583333	-0.33689	-0.0592453	0.227022	0.500403	0.745323	0.951604	1.12323	1.27059	1.37992	1.44138	1.44277	1.37478	1.27211	1.16596	1.06371	0.957921	
-0.920199	-0.935198	-0.952088	-0.972889	-0.984024	-0.943202	-0.831577	-0.66824	-0.46319	-0.231969	0.0230463	0.283291	0.525	0.726381	0.886661	1.01611	1.12481	1.19429	1.21471	1.18482	1.10365	0.992993	0.875393	0.771897	0.676315	
-0.973922	-0.97788	-0.972889	-0.964055	-0.928195	-0.839339	-0.701156	-0.523481	-0.318665	-0.0981158	0.125868	0.341485	0.532677	0.691231	0.811569	0.903435	0.963348	0.983512	0.955105	0.891208	0.799062	0.68616	0.568605	0.462318	0.3715	
-1.0247	-1.01532	-0.984024	-0.928195	-0.83832	-0.713221	-0.561382	-0.375627	-0.167494	0.0427454	0.231938	0.399873	0.54326	0.653187	0.734438	0.790691	0.806066	0.778517	0.705594	0.610868	0.504976	0.385464	0.260352	0.150817	0.0630665	
-1.04154	-1.01333	-0.943202	-0.839339	-0.713221	-0.565789	-0.405312	-0.224789	-0.0276272	0.165671	0.328504	0.465402	0.571377	0.642195	0.685573	0.698458	0.66936	0.598488	0.492286	0.369357	0.244677	0.110499	-0.0264113	-0.142326	-0.223547	
-0.989085	-0.933494	-0.831577	-0.701156	-0.561382	-0.405312	-0.241208	-0.0688012	0.110916	0.284502	0.430008	0.542506	0.620228	0.662854	0.674801	0.645706	0.571757	0.459058	0.324468	0.177356	0.0327026	-0.113638	-0.257442	-0.376102	-0.456818	
-0.86	-0.783593	-0.66824	-0.523481	-0.375627	-0.224789	-0.0688012	0.0856824	0.243457	0.39538	0.521788	0.612985	0.670169	0.695096	0.684694	0.627526	0.519114	0.373451	0.210176	0.042044	-0.116743	-0.267257	-0.411063	-0.526512	-0.608613	
-0.665981	-0.583333	-0.46319	-0.318665	-0.167494	-0.0276272	0.110916	0.243457	0.373041	0.49925	0.603826	0.681972	0.730386	0.747801	0.720749	0.64027	0.512184	0.350055	0.165798	-0.0232783	-0.195568	-0.347187	-0.486197	-0.599227	-0.681863	
-0.415659	-0.33689	-0.231969	-0.0981158	0.0427454	0.165671	0.284502	0.39538	0.49925	0.594395	0.687686	0.757243	0.796184	0.803483	0.769765	0.681009	0.546664	0.372791	0.175577	-0.0215562	-0.199704	-0.350544	-0.490057	-0.607014	-0.694409	
-0.134404	-0.0592453	0.0230463	0.125868	0.231938	0.328504	0.430008	0.521788	0.603826	0.687686	0.767566	0.822187	0.848446	0.851356	0.82278	0.742489	0.607096	0.431359	0.229004	0.0302902	-0.139057	-0.289208	-0.431233	-0.557124	-0.649317	
0.157791	0.227022	0.283291	0.341485	0.399873	0.465402	0.542506	0.612985	0.681972	0.757243	0.822187	0.857317	0.87674	0.882354	0.863227	0.794802	0.672345	0.5056	0.311203	0.120447	-0.0455019	-0.192331	-0.332389	-0.457435	-0.542605	
0.44872	0.500403	0.525	0.532677	0.54326	0.571377	0.620228	0.670169	0.730386	0.796184	0.848446	0.87674	0.888957	0.888153	0.868249	0.816736	0.714545	0.564368	0.389788	0.213371	0.0534946	-0.0893517	-0.222634	-0.326448	-0.396179	
0.727022	0.745323	0.726381	0.691231	0.653187	0.642195	0.662854	0.695096	0.747801	0.803483	0.851356	0.882354	0.888153	0.875983	0.844835	0.796842	0.711502	0.580457	0.429068	0.27191	0.124235	-0.00894372	-0.122585	-0.200104	-0.240866	
0.979398	0.951604	0.886661	0.811569	0.734438	0.685573	0.674801	0.684694	0.720749	0.769765	0.82278	0.863227	0.868249	0.844835	0.801071	0.737466	0.651115	0.538098	0.411167	0.28111	0.155823	0.039023	-0.0445546	-0.0885596	-0.0974137	
1.19626	1.12323	1.01611	0.903435	0.790691	0.698458	0.645706	0.627526	0.64027	0.681009	0.742489	0.794802	0.816736	0.796842	0.737466	0.65144	0.554398	0.452212	0.345445	0.242462	0.150182	0.0657717	0.018714	0.0111421	0.0261587	
1.37833	1.27059	1.12481	0.963348	0.806066	0.66936	0.571757	0.519114	0.512184	0.546664	0.607096	0.672345	0.714545	0.711502	0.651115	0.554398	0.454357	0.360136	0.270413	0.192596	0.132813	0.0871054	0.0730717	0.0912853	0.120757	
1.51753	1.37992	1.19429	0.983512	0.778517	0.598488	0.459058	0.373451	0.350055	0.372791	0.431359	0.5056	0.564368	0.580457	0.538098	0.452212	0.360136	0.278637	0.213854	0.163548	0.129849	0.118451	0.127465	0.160119	0.198207	
1.60678	1.44138	1.21471	0.955105	0.705594	0.492286	0.324468	0.210176	0.165798	0.175577	0.229004	0.311203	0.389788	0.429068	0.411167	0.345445	0.270413	0.213854	0.176603	0.152279	0.145143	0.161848	0.190186	0.228392	0.262542	
1.63134	1.44277	1.18482	0.891208	0.610868	0.369357	0.177356	0.042044	-0.0232783	-0.0215562	0.0302902	0.120447	0.213371	0.27191	0.28111	0.242462	0.192596	0.163548	0.152279	0.159546	0.176969	0.207408	0.243837	0.275386	0.291748	
1.5855	1.37478	1.10365	0.799062	0.504976	0.244677	0.0327026	-0.116743	-0.195568	-0.199704	-0.139057	-0.0455019	0.0534946	0.124235	0.155823	0.150182	0.132813	0.129849	0.145143	0.176969	0.209686	0.242309	0.272386	0.292046	0.288099	
1.49621	1.27211	0.992993	0.68616	0.385464	0.110499	-0.113638	-0.267257	-0.347187	-0.350544	-0.289208	-0.192331	-0.0893517	-0.00894372	0.039023	0.0657717	0.0871054	0.118451	0.161848	0.207408	0.242309	0.268392	0.282396	0.283905	0.263935	
1.39989	1.16596	0.875393	0.568605	0.260352	-0.0264113	-0.257442	-0.411063	-0.486197	-0.490057	-0.431233	-0.332389	-0.222634	-0.122585	-0.0445546	0.018714	0.0730717	0.127465	0.190186	0.243837	0.272386	0.282396	0.278952	0.26032	0.227714	
1.29694	1.06371	0.771897	0.462318	0.150817	-0.142326	-0.376102	-0.526512	-0.599227	-0.607014	-0.557124	-0.457435	-0.326448	-0.200104	-0.0885596	0.0111421	0.0912853	0.160119	0.228392	0.275386	0.292046	0.283905	0.26032	0.219511	0.165868	
1.1814	0.957921	0.676315	0.3715	0.0630665	-0.223547	-0.456818	-0.608613	-0.681863	-0.694409	-0.649317	-0.542605	-0.396179	-0.240866	-0.0974137	0.0261587	0.120757	0.198207	0.262542	0.291748	0.288099	0.263935	0.227714	0.165868	0.097173	
1.05526	0.852141	0.591564	0.296387	-0.00332845	-0.280212	-0.510773	-0.663617	-0.738287	-0.749682	-0.703524	-0.596593	-0.444401	-0.272203	-0.10598	0.0335471	0.140687	0.226044	0.283116	0.291587	0.269567	0.231375	0.179976	0.110391	0.038761	
0.919863	0.751868	0.52446	0.249571	-0.0391716	-0.304477	-0.527032	-0.680922	-0.76125	-0.772617	-0.724437	-0.624936	-0.474955	-0.296427	-0.121885	0.03412	0.160461	0.247515	0.289512	0.281937	0.243986	0.189245	0.127069	0.0586661	-0.0063111	
0.802204	0.674867	0.478936	0.231384	-0.0391598	-0.296171	-0.514348	-0.675228	-0.76516	-0.772633	-0.72801	-0.638064	-0.495434	-0.319701	-0.141688	0.0285054	0.169731	0.256831	0.291764	0.280933	0.225805	0.15412	0.0880934	0.0210901	-0.0419911	
0.720995	0.629481	0.462559	0.231114	-0.0263276	-0.275838	-0.496326	-0.661239	-0.758695	-0.774829	-0.733312	-0.646195	-0.510264	-0.344987	-0.166772	0.0133458	0.164672	0.258394	0.295519	0.28547	0.225314	0.144514	0.0711314	0.00361882	-0.0572129	
0.674611	0.607245	0.459641	0.237774	-0.00881961	-0.253136	-0.482242	-0.65188	-0.751026	-0.776796	-0.739284	-0.650133	-0.523677	-0.370042	-0.187165	-0.00153857	0.153718	0.257336	0.299094	0.292035	0.238621	0.155256	0.067659	0.000872611	-0.050987	
0.666109	0.603101	0.458873	0.239519	-0.00390092	-0.248112	-0.47938	-0.649745	-0.749264	-0.776315	-0.740514	-0.649792	-0.528103	-0.37605	-0.190641	-0.00425278	0.150421	0.256565	0.300047	0.294438	0.242308	0.158349	0.0675056	0.000655457	-0.047655	
0.698776	0.618698	0.46084	0.23363	-0.0194878	-0.266307	-0.489932	-0.656411	-0.754717	-0.776046	-0.735873	-0.648592	-0.515948	-0.355669	-0.175901	0.00662507	0.160177	0.258409	0.297727	0.287756	0.229661	0.147728	0.068473	0.00120391	-0.0564741	
0.764906	0.65283	0.469734	0.230277	-0.0345722	-0.289307	-0.507469	-0.670004	-0.763292	-0.773067	-0.729581	-0.64183	-0.501143	-0.32984	-0.151768	0.0236777	0.169628	0.258097	0.292517	0.282057	0.223348	0.146542	0.0787044	0.0121976	-0.0515113	
0.869188	0.717454	0.502192	0.238966	-0.0423338	-0.303996	-0.523409	-0.680335	-0.764783	-0.773325	-0.726486	-0.631123	-0.484699	-0.306019	-0.129245	0.033072	0.165874	0.252141	0.290468	0.281199	0.235262	0.172684	0.109174	0.0415503	-0.0216445	
1.00086	0.810459	0.562974	0.274218	-0.0219605	-0.294443	-0.522255	-0.674681	-0.750904	-0.762986	-0.715785	-0.611007	-0.457188	-0.281776	-0.111459	0.0340465	0.148445	0.236214	0.287383	0.28735	0.259167	0.215155	0.158326	0.0885091	0.0188682	
1.13241	0.915312	0.640489	0.33874	0.0332843	-0.249048	-0.481695	-0.635125	-0.708648	-0.720644	-0.674982	-0.567291	-0.41876	-0.254722	-0.0996019	0.0307719	0.129653	0.210322	0.272691	0.293666	0.28167	0.252187	0.210403	0.143492	0.0723213	
1.25192	1.0221	0.732914	0.424585	0.113823	-0.17876	-0.412436	-0.561858	-0.635322	-0.644821	-0.59888	-0.496249	-0.357633	-0.219088	-0.0948942	0.016341	0.103545	0.176006	0.243411	0.284417	0.293512	0.278384	0.249047	0.198761	0.138034	
1.36022	1.12509	0.832682	0.52414	0.212993	-0.0770842	-0.309125	-0.461212	-0.534922	-0.540982	-0.485108	-0.385723	-0.268036	-0.158445	-0.0666623	0.0113057	0.077237	0.13816	0.20422	0.257597	0.282314	0.285249	0.273401	0.246361	0.205764	
1.45761	1.22932	0.944526	0.638626	0.336002	0.0551389	-0.173134	-0.327	-0.405468	-0.406895	-0.347242	-0.249331	-0.145265	-0.0583194	0.000489263	0.0412178	0.0762302	0.119054	0.172208	0.222363	0.255137	0.275446	0.283106	0.275732	0.25171	
1.55212	1.33494	1.06213	0.756424	0.45823	0.192087	-0.0247151	-0.176306	-0.257462	-0.262768	-0.200718	-0.104689	-0.00410699	0.0702188	0.107307	0.11474	0.113559	0.123409	0.149009	0.187452	0.222537	0.253488	0.277736	0.290897	0.280548	
1.62156	1.4232	1.15717	0.857079	0.569891	0.319625	0.118549	-0.0235439	-0.0953862	-0.0961575	-0.0407854	0.0495148	0.146087	0.210331	0.229542	0.203821	0.166053	0.146842	0.146677	0.165844	0.19079	0.223141	0.258187	0.286264	0.293543	
1.62478	1.45066	1.20914	0.93308	0.669473	0.443515	0.266148	0.143394	0.0896872	0.0957838	0.146574	0.233708	0.318685	0.366828	0.359791	0.303962	0.23774	0.192592	0.165667	0.153329	0.155767	0.179944	0.214681	0.250676	0.278966	
1.55995	1.41053	1.2083	0.977277	0.753677	0.560203	0.407188	0.308764	0.278419	0.295457	0.351839	0.429103	0.496356	0.52101	0.488147	0.409038	0.323307	0.25107	0.19719	0.157194	0.13389	0.134903	0.151815	0.188193	0.226414	
1.43948	1.31956	1.15842	0.976517	0.799928	0.645535	0.530304	0.464108	0.450512	0.481258	0.541316	0.610052	0.659125	0.66369	0.609117	0.514846	0.41598	0.325535	0.24453	0.177989	0.130113	0.0978077	0.0938	0.11918	0.15337	
1.27328	1.18539	1.06267	0.932439	0.80263	0.691389	0.621381	0.589934	0.594152	0.632296	0.694099	0.751808	0.782441	0.768746	0.70598	0.613044	0.513756	0.414893	0.314608	0.221007	0.142498	0.074469	0.0421062	0.0457006	0.0665885	
1.07068	1.0235	0.940836	0.851523	0.760844	0.695055	0.668562	0.668297	0.695253	0.740773	0.797881	0.842522	0.85257	0.827885	0.777502	0.705141	0.614737	0.506888	0.389015	0.27025	0.156912	0.051232	-0.0179973	-0.0466187	-0.0454057	
0.831766	0.832991	0.795334	0.743653	0.688605	0.662413	0.671929	0.695655	0.742505	0.795854	0.844327	0.879521	0.883328	0.865407	0.830255	0.777734	0.69395	0.569972	0.42837	0.282669	0.142011	0.0134522	-0.0894021	-0.154413	-0.181186	
0.562255	0.601983	0.610821	0.600912	0.59151	0.603811	0.640359	0.684158	0.74158	0.803177	0.852066	0.880965	0.890576	0.885735	0.861	0.813503	0.719954	0.577692	0.41242	0.241727	0.0863366	-0.0532912	-0.179765	-0.274449	-0.333639	
0.274257	0.338732	0.384157	0.421258	0.460288	0.511631	0.578397	0.639713	0.704846	0.776046	0.836119	0.866666	0.882839	0.886699	0.869685	0.807816	0.693262	0.532587	0.34554	0.16018	-0.00519483	-0.150171	-0.288366	-0.405822	-0.487059	
-0.0178213	0.056154	0.127731	0.214452	0.30229	0.385628	0.477946	0.562131	0.638658	0.7202	0.792935	0.838454	0.862828	0.866754	0.842283	0.766614	0.63363	0.460611	0.259901	0.0630788	-0.103735	-0.253563	-0.395451	-0.522645	-0.613023	
