-0.164781	-0.357562	-0.507647	-0.620485	-0.695925	-0.727659	-0.718812	-0.676546	-0.609863	-0.531467	-0.450798	-0.376239	-0.314342	-0.265488	-0.229965	-0.207875	-0.195893	-0.190343	-0.1894	-0.190682	-0.192471	-0.194517	-0.195787	-0.196455	-0.196609	
-0.357562	-0.511862	-0.627169	-0.704159	-0.730326	-0.710284	-0.658147	-0.582692	-0.497594	-0.414269	-0.339	-0.279533	-0.236754	-0.209324	-0.196685	-0.193698	-0.19483	-0.197548	-0.200413	-0.201289	-0.200816	-0.198791	-0.195347	-0.191645	-0.187401	
-0.507647	-0.627169	-0.707029	-0.73088	-0.702639	-0.645013	-0.565129	-0.473113	-0.385959	-0.30968	-0.252598	-0.218017	-0.200624	-0.197716	-0.201468	-0.205112	-0.206227	-0.204932	-0.20047	-0.193472	-0.18579	-0.177047	-0.169187	-0.161963	-0.155662	
-0.620485	-0.704159	-0.73088	-0.6996	-0.638668	-0.556387	-0.456043	-0.363113	-0.288087	-0.235047	-0.210194	-0.202609	-0.205394	-0.210477	-0.210097	-0.205318	-0.1965	-0.18618	-0.17397	-0.163082	-0.153052	-0.145123	-0.139237	-0.134539	-0.131747	
-0.695925	-0.730326	-0.702639	-0.638668	-0.553885	-0.446618	-0.347204	-0.275964	-0.227591	-0.208909	-0.208092	-0.210637	-0.213362	-0.206632	-0.196011	-0.182359	-0.168611	-0.156458	-0.145941	-0.139181	-0.134261	-0.132332	-0.13052	-0.130489	-0.130464	
-0.727659	-0.710284	-0.645013	-0.556387	-0.446618	-0.341416	-0.271667	-0.226411	-0.207419	-0.211147	-0.212542	-0.212193	-0.202012	-0.185357	-0.170497	-0.154452	-0.145464	-0.137626	-0.134921	-0.133639	-0.134523	-0.134048	-0.134645	-0.134606	-0.133833	
-0.718812	-0.658147	-0.565129	-0.456043	-0.347204	-0.271667	-0.226668	-0.204891	-0.211791	-0.216225	-0.210766	-0.198471	-0.174453	-0.158518	-0.144352	-0.138794	-0.137708	-0.136664	-0.139048	-0.138653	-0.13798	-0.134889	-0.134092	-0.129627	-0.127818	
-0.676546	-0.582692	-0.473113	-0.363113	-0.275964	-0.226411	-0.204891	-0.211826	-0.220949	-0.209137	-0.191679	-0.164546	-0.147024	-0.142389	-0.139908	-0.145113	-0.142108	-0.142933	-0.138213	-0.133614	-0.126406	-0.123433	-0.117068	-0.113854	-0.110977	
-0.609863	-0.497594	-0.385959	-0.288087	-0.227591	-0.207419	-0.211791	-0.220949	-0.208143	-0.184134	-0.159908	-0.142927	-0.146746	-0.147594	-0.149096	-0.143306	-0.135923	-0.130304	-0.120349	-0.115773	-0.110656	-0.10948	-0.104763	-0.107052	-0.104305	
-0.531467	-0.414269	-0.30968	-0.235047	-0.208909	-0.211147	-0.216225	-0.209137	-0.184134	-0.159347	-0.145098	-0.148456	-0.152771	-0.145972	-0.137635	-0.125949	-0.121994	-0.113229	-0.11197	-0.109962	-0.11095	-0.108672	-0.111096	-0.109662	-0.109934	
-0.450798	-0.339	-0.252598	-0.210194	-0.208092	-0.212542	-0.210766	-0.191679	-0.159908	-0.145098	-0.147628	-0.15289	-0.145304	-0.131	-0.121418	-0.117674	-0.114722	-0.112618	-0.114852	-0.112608	-0.112462	-0.109866	-0.109457	-0.104795	-0.104723	
-0.376239	-0.279533	-0.218017	-0.202609	-0.210637	-0.212193	-0.198471	-0.164546	-0.142927	-0.148456	-0.15289	-0.146949	-0.127361	-0.11591	-0.117687	-0.117797	-0.116675	-0.115495	-0.113474	-0.108605	-0.105362	-0.101611	-0.0979702	-0.0961309	-0.0942886	
-0.314342	-0.236754	-0.200624	-0.205394	-0.213362	-0.202012	-0.174453	-0.147024	-0.146746	-0.152771	-0.145304	-0.127361	-0.111656	-0.120877	-0.124684	-0.119319	-0.111828	-0.10799	-0.103241	-0.0968216	-0.0966638	-0.0937661	-0.0941348	-0.0934837	-0.0937559	
-0.265488	-0.209324	-0.197716	-0.210477	-0.206632	-0.185357	-0.158518	-0.142389	-0.147594	-0.145972	-0.131	-0.11591	-0.120877	-0.129813	-0.115535	-0.103662	-0.0997164	-0.102831	-0.094646	-0.0982552	-0.0986475	-0.0977586	-0.0963512	-0.0977775	-0.0933451	
-0.229965	-0.196685	-0.201468	-0.210097	-0.196011	-0.170497	-0.144352	-0.139908	-0.149096	-0.137635	-0.121418	-0.117687	-0.124684	-0.115535	-0.0983566	-0.100555	-0.107308	-0.102865	-0.0976396	-0.104094	-0.095619	-0.0935854	-0.0923878	-0.0897887	-0.0861764	
-0.207875	-0.193698	-0.205112	-0.205318	-0.182359	-0.154452	-0.138794	-0.145113	-0.143306	-0.125949	-0.117674	-0.117797	-0.119319	-0.103662	-0.100555	-0.11018	-0.105152	-0.094591	-0.095882	-0.0943395	-0.0845656	-0.0887108	-0.0870035	-0.0827204	-0.0870508	
-0.195893	-0.19483	-0.206227	-0.1965	-0.168611	-0.145464	-0.137708	-0.142108	-0.135923	-0.121994	-0.114722	-0.116675	-0.111828	-0.0997164	-0.107308	-0.105152	-0.0938873	-0.0883507	-0.0952195	-0.0873919	-0.0874413	-0.091858	-0.0867372	-0.0865977	-0.0904684	
-0.190343	-0.197548	-0.204932	-0.18618	-0.156458	-0.137626	-0.136664	-0.142933	-0.130304	-0.113229	-0.112618	-0.115495	-0.10799	-0.102831	-0.102865	-0.094591	-0.0883507	-0.0939725	-0.0964953	-0.0859206	-0.0926739	-0.0877997	-0.0838722	-0.0851332	-0.0830801	
-0.1894	-0.200413	-0.20047	-0.17397	-0.145941	-0.134921	-0.139048	-0.138213	-0.120349	-0.11197	-0.114852	-0.113474	-0.103241	-0.094646	-0.0976396	-0.095882	-0.0952195	-0.0964953	-0.0874336	-0.0848159	-0.0861652	-0.0804677	-0.0794816	-0.0826315	-0.0762161	
-0.190682	-0.201289	-0.193472	-0.163082	-0.139181	-0.133639	-0.138653	-0.133614	-0.115773	-0.109962	-0.112608	-0.108605	-0.0968216	-0.0982552	-0.104094	-0.0943395	-0.0873919	-0.0859206	-0.0848159	-0.0831351	-0.0848262	-0.0821389	-0.0837469	-0.0827816	-0.0810333	
-0.192471	-0.200816	-0.18579	-0.153052	-0.134261	-0.134523	-0.13798	-0.126406	-0.110656	-0.11095	-0.112462	-0.105362	-0.0966638	-0.0986475	-0.095619	-0.0845656	-0.0874413	-0.0926739	-0.0861652	-0.0848262	-0.0862757	-0.0811112	-0.0799316	-0.0800648	-0.0755152	
-0.194517	-0.198791	-0.177047	-0.145123	-0.132332	-0.134048	-0.134889	-0.123433	-0.10948	-0.108672	-0.109866	-0.101611	-0.0937661	-0.0977586	-0.0935854	-0.0887108	-0.091858	-0.0877997	-0.0804677	-0.0821389	-0.0811112	-0.0754112	-0.0790029	-0.0772862	-0.0748879	
-0.195787	-0.195347	-0.169187	-0.139237	-0.13052	-0.134645	-0.134092	-0.117068	-0.104763	-0.111096	-0.109457	-0.0979702	-0.0941348	-0.0963512	-0.0923878	-0.0870035	-0.0867372	-0.0838722	-0.0794816	-0.0837469	-0.0799316	-0.0790029	-0.0813173	-0.0775909	-0.0772394	
-0.196455	-0.191645	-0.161963	-0.134539	-0.130489	-0.134606	-0.129627	-0.113854	-0.107052	-0.109662	-0.104795	-0.0961309	-0.0934837	-0.0977775	-0.0897887	-0.0827204	-0.0865977	-0.0851332	-0.0826315	-0.0827816	-0.0800648	-0.0772862	-0.0775909	-0.0737535	-0.0748471	
-0.196609	-0.187401	-0.155662	-0.131747	-0.130464	-0.133833	-0.127818	-0.110977	-0.104305	-0.109934	-0.104723	-0.0942886	-0.0937559	-0.0933451	-0.0861764	-0.0870508	-0.0904684	-0.0830801	-0.0762161	-0.0810333	-0.0755152	-0.0748879	-0.0772394	-0.0748471	-0.0744503	
-0.196113	-0.183542	-0.150956	-0.129625	-0.130234	-0.133401	-0.125361	-0.10857	-0.105115	-0.109048	-0.101357	-0.093112	-0.0933209	-0.0957783	-0.0885005	-0.0834095	-0.0826231	-0.0783588	-0.0816069	-0.0822916	-0.0779655	-0.0786396	-0.0788406	-0.072906	-0.076933	
-0.195584	-0.180174	-0.146859	-0.128181	-0.130888	-0.132979	-0.122571	-0.106313	-0.10549	-0.109654	-0.100268	-0.0922725	-0.0935804	-0.0916144	-0.0833724	-0.0845172	-0.0892256	-0.083583	-0.0779637	-0.0797685	-0.0744183	-0.0744957	-0.0740241	-0.0724152	-0.0726981	
-0.194825	-0.177307	-0.144247	-0.127673	-0.130542	-0.131674	-0.121885	-0.106643	-0.104543	-0.107026	-0.0991667	-0.0921869	-0.0933056	-0.0937314	-0.0858163	-0.0847027	-0.0835101	-0.0761566	-0.0792262	-0.0801704	-0.0758762	-0.0768465	-0.0776589	-0.0727463	-0.0765029	
-0.194247	-0.175513	-0.142366	-0.126826	-0.130871	-0.132122	-0.119929	-0.103857	-0.105783	-0.109488	-0.0979935	-0.0910833	-0.0930599	-0.0908104	-0.0837955	-0.0841037	-0.0855151	-0.0805274	-0.0795528	-0.0798536	-0.0745479	-0.0761961	-0.074662	-0.0715272	-0.0736276	
-0.193915	-0.174285	-0.141298	-0.126943	-0.130926	-0.130936	-0.11979	-0.10565	-0.104802	-0.106234	-0.0980379	-0.0918445	-0.093654	-0.0924009	-0.0829495	-0.0842616	-0.0855415	-0.0788358	-0.0784692	-0.0784878	-0.0747392	-0.0746481	-0.0747425	-0.0721434	-0.0744459	
-0.193728	-0.174218	-0.141413	-0.126665	-0.1306	-0.131529	-0.119614	-0.103925	-0.105507	-0.108639	-0.0975809	-0.0908769	-0.0925913	-0.0913773	-0.0852468	-0.0849019	-0.0828927	-0.0764054	-0.0798348	-0.0801489	-0.0750458	-0.0777084	-0.0769053	-0.071802	-0.0755579	
-0.194071	-0.174832	-0.141706	-0.126924	-0.131178	-0.131478	-0.119654	-0.10503	-0.105094	-0.10742	-0.0983308	-0.0915224	-0.0939409	-0.0914728	-0.0815528	-0.0841525	-0.0874738	-0.0821562	-0.0782933	-0.078292	-0.0742003	-0.0735205	-0.0729158	-0.0718233	-0.0728106	
-0.194362	-0.176495	-0.143728	-0.127279	-0.130207	-0.131742	-0.121414	-0.105756	-0.104938	-0.107708	-0.0987894	-0.0915492	-0.0927536	-0.093565	-0.0860918	-0.0845102	-0.0819217	-0.0751605	-0.0805363	-0.0804587	-0.0762369	-0.0783423	-0.0783708	-0.0721248	-0.0768596	
-0.195183	-0.178789	-0.145588	-0.127958	-0.131203	-0.132703	-0.121544	-0.105799	-0.105553	-0.109412	-0.0998676	-0.0916775	-0.0935157	-0.0914339	-0.0832042	-0.0855458	-0.0889858	-0.0827291	-0.077623	-0.0794984	-0.0740581	-0.0740399	-0.0738725	-0.0725012	-0.0730147	
-0.195677	-0.182052	-0.149592	-0.129	-0.129796	-0.13298	-0.125154	-0.108545	-0.104175	-0.107816	-0.101776	-0.0930934	-0.0936295	-0.0958465	-0.0856029	-0.0832351	-0.083741	-0.0788173	-0.0811698	-0.080935	-0.0777709	-0.0773768	-0.0782264	-0.0725604	-0.0763738	
-0.196349	-0.185536	-0.153584	-0.130996	-0.130817	-0.133781	-0.125693	-0.10933	-0.106078	-0.110536	-0.102645	-0.0930837	-0.0926545	-0.0939971	-0.0880382	-0.0862032	-0.0879689	-0.0813574	-0.0786382	-0.081595	-0.0758386	-0.076708	-0.0770771	-0.0737591	-0.0751566	
-0.196483	-0.189777	-0.159519	-0.133321	-0.129904	-0.134353	-0.129906	-0.112836	-0.104521	-0.10906	-0.10584	-0.0960226	-0.09401	-0.0959559	-0.0865864	-0.0847566	-0.0890252	-0.0838763	-0.0791288	-0.0817778	-0.0781693	-0.0752543	-0.07831	-0.0744203	-0.0750802	
-0.196141	-0.193644	-0.166147	-0.137457	-0.13056	-0.134455	-0.131874	-0.11574	-0.106466	-0.110648	-0.106925	-0.0966594	-0.0935351	-0.0982473	-0.0920524	-0.0836767	-0.085409	-0.085116	-0.0827074	-0.0835175	-0.0810056	-0.0792851	-0.0788077	-0.0753429	-0.0757978	
-0.195204	-0.197293	-0.17372	-0.142835	-0.13149	-0.134033	-0.134757	-0.120959	-0.107343	-0.109531	-0.109822	-0.100591	-0.0932351	-0.0961083	-0.0939297	-0.0899021	-0.0910856	-0.0839197	-0.077927	-0.0825711	-0.079013	-0.0764785	-0.0815523	-0.0780704	-0.0772087	
-0.193524	-0.200223	-0.182026	-0.14945	-0.133511	-0.134765	-0.136896	-0.12438	-0.109627	-0.110999	-0.111546	-0.103479	-0.0966747	-0.0977474	-0.0931706	-0.0846017	-0.0889768	-0.0944797	-0.0846422	-0.0846515	-0.0852177	-0.0781586	-0.0776214	-0.0782922	-0.0728535	
-0.191352	-0.201296	-0.190622	-0.159138	-0.136627	-0.133034	-0.139004	-0.132268	-0.113055	-0.108984	-0.112754	-0.106803	-0.0966842	-0.100188	-0.101675	-0.0913096	-0.0852841	-0.0861065	-0.0852269	-0.082493	-0.0860167	-0.0823987	-0.0841495	-0.0822885	-0.0808552	
-0.189863	-0.201092	-0.197438	-0.169221	-0.143917	-0.134713	-0.137565	-0.135625	-0.119378	-0.112188	-0.114263	-0.111071	-0.0994664	-0.0946657	-0.100055	-0.0964516	-0.0936957	-0.0928585	-0.0868346	-0.0842174	-0.0848179	-0.0805212	-0.0799909	-0.0822711	-0.0774003	
-0.189285	-0.199191	-0.20404	-0.180622	-0.151015	-0.136947	-0.138747	-0.141195	-0.125112	-0.111413	-0.11413	-0.115826	-0.106954	-0.100025	-0.0988745	-0.0942461	-0.0913615	-0.0949635	-0.0923536	-0.0856236	-0.0904142	-0.0844438	-0.0826349	-0.0839556	-0.0801315	
-0.192674	-0.195416	-0.206541	-0.193184	-0.16307	-0.141397	-0.137195	-0.142615	-0.134421	-0.118849	-0.112647	-0.115434	-0.110058	-0.102116	-0.107192	-0.0993901	-0.0902476	-0.0913523	-0.0968513	-0.0864144	-0.090911	-0.0907314	-0.0851205	-0.0864945	-0.0871761	
-0.202175	-0.193451	-0.205748	-0.202571	-0.176751	-0.149794	-0.138478	-0.144805	-0.139491	-0.123954	-0.117473	-0.117213	-0.115456	-0.100623	-0.104236	-0.111295	-0.100112	-0.0896275	-0.0949919	-0.0903404	-0.0841592	-0.0905251	-0.0876689	-0.084311	-0.0908021	
-0.219954	-0.194487	-0.202761	-0.208923	-0.191403	-0.163592	-0.140236	-0.141901	-0.148292	-0.132673	-0.11941	-0.118635	-0.123292	-0.109442	-0.0962048	-0.104058	-0.109408	-0.101279	-0.0979905	-0.101302	-0.090681	-0.0898	-0.088883	-0.0849507	-0.0839751	
-0.250003	-0.203017	-0.198634	-0.210462	-0.202635	-0.1801	-0.153154	-0.1404	-0.147363	-0.142545	-0.126577	-0.116027	-0.124518	-0.126528	-0.107979	-0.100105	-0.100341	-0.101848	-0.0952813	-0.101746	-0.099226	-0.0983018	-0.0964194	-0.0966097	-0.0917092	
-0.293229	-0.224242	-0.198549	-0.207794	-0.211083	-0.194754	-0.167218	-0.145522	-0.148591	-0.150479	-0.138774	-0.120345	-0.113128	-0.126508	-0.123127	-0.114071	-0.107708	-0.105616	-0.0984747	-0.0951907	-0.0962226	-0.093682	-0.0944831	-0.0947656	-0.0936445	
-0.349667	-0.260403	-0.20936	-0.203368	-0.212604	-0.209237	-0.188587	-0.154835	-0.143142	-0.152368	-0.152231	-0.13966	-0.118464	-0.115412	-0.121047	-0.118866	-0.114989	-0.113159	-0.110804	-0.104044	-0.101914	-0.0985594	-0.0955066	-0.0946987	-0.093354	
-0.419527	-0.312895	-0.236274	-0.205906	-0.209248	-0.212894	-0.207237	-0.181436	-0.150491	-0.144093	-0.150855	-0.15288	-0.139101	-0.123476	-0.117778	-0.117752	-0.116176	-0.113769	-0.114703	-0.111841	-0.109478	-0.10666	-0.1048	-0.100575	-0.10028	
