0.455326	0.311012	0.156423	0.0104783	-0.0952768	-0.131547	-0.101674	-0.0428489	0.024667	0.0847176	0.135743	0.160634	0.156136	0.118273	0.0701401	0.00959893	-0.0655565	-0.150215	-0.219506	-0.248534	-0.247241	-0.205309	-0.137505	-0.0544766	0.0552357	
0.311012	0.175274	0.0273937	-0.111914	-0.211921	-0.249831	-0.231307	-0.169864	-0.0984066	-0.0212372	0.0574195	0.117015	0.151688	0.152391	0.139254	0.0989434	0.0319599	-0.0521335	-0.124311	-0.156815	-0.158746	-0.124515	-0.067779	0.00892033	0.111493	
0.156423	0.0273937	-0.114069	-0.24408	-0.342496	-0.380353	-0.362102	-0.302871	-0.228984	-0.148275	-0.0593461	0.0226447	0.0947851	0.147923	0.174967	0.162351	0.110941	0.0392829	-0.0235125	-0.0539265	-0.0573364	-0.03521	0.0137105	0.0893216	0.185541	
0.0104783	-0.111914	-0.24408	-0.375721	-0.469364	-0.506662	-0.480913	-0.421246	-0.350117	-0.277051	-0.192582	-0.0924858	0.00990269	0.103023	0.163513	0.186526	0.17188	0.130485	0.0827797	0.0477194	0.0376906	0.0521121	0.0989873	0.174947	0.260105	
-0.0952768	-0.211921	-0.342496	-0.469364	-0.559541	-0.600259	-0.579692	-0.526695	-0.46808	-0.400784	-0.314566	-0.205788	-0.089938	0.0229963	0.120526	0.184795	0.214657	0.208433	0.177949	0.145827	0.130803	0.140884	0.179485	0.247479	0.319343	
-0.131547	-0.249831	-0.380353	-0.506662	-0.600259	-0.643883	-0.638702	-0.60619	-0.565442	-0.503932	-0.421502	-0.316888	-0.196145	-0.0689853	0.05286	0.151207	0.217622	0.248818	0.245974	0.229516	0.219229	0.22693	0.257955	0.311015	0.365074	
-0.101674	-0.231307	-0.362102	-0.480913	-0.579692	-0.638702	-0.661719	-0.660716	-0.639274	-0.595016	-0.524588	-0.430251	-0.313392	-0.181188	-0.0471008	0.0771679	0.174043	0.241413	0.273328	0.279726	0.2846	0.303016	0.335415	0.376387	0.410774	
-0.0428489	-0.169864	-0.302871	-0.421246	-0.526695	-0.60619	-0.660716	-0.692476	-0.6946	-0.675982	-0.628879	-0.548485	-0.43971	-0.31167	-0.171657	-0.0319124	0.0944347	0.190806	0.255703	0.291676	0.322162	0.361879	0.402728	0.441998	0.465465	
0.024667	-0.0984066	-0.228984	-0.350117	-0.46808	-0.565442	-0.639274	-0.6946	-0.730575	-0.743451	-0.716672	-0.651918	-0.55592	-0.435498	-0.296023	-0.14722	-0.00352311	0.117879	0.212005	0.280444	0.337725	0.395934	0.453576	0.494093	0.512507	
0.0847176	-0.0212372	-0.148275	-0.277051	-0.400784	-0.503932	-0.595016	-0.675982	-0.743451	-0.779673	-0.772985	-0.725507	-0.644315	-0.532934	-0.399616	-0.246628	-0.0889927	0.0529337	0.169703	0.262803	0.345041	0.418414	0.482823	0.514973	0.518056	
0.135743	0.0574195	-0.0593461	-0.192582	-0.314566	-0.421502	-0.524588	-0.628879	-0.716672	-0.772985	-0.782936	-0.757115	-0.694118	-0.592914	-0.467002	-0.31243	-0.151434	0.00178673	0.131581	0.248262	0.35126	0.428302	0.4787	0.488208	0.471901	
0.160634	0.117015	0.0226447	-0.0924858	-0.205788	-0.316888	-0.430251	-0.548485	-0.651918	-0.725507	-0.757115	-0.753856	-0.704676	-0.612245	-0.488692	-0.343304	-0.185554	-0.0327606	0.111118	0.243727	0.353325	0.423002	0.445789	0.428299	0.380465	
0.156136	0.151688	0.0947851	0.00990269	-0.089938	-0.196145	-0.313392	-0.43971	-0.55592	-0.644315	-0.694118	-0.704676	-0.663343	-0.581728	-0.464484	-0.330219	-0.185198	-0.0383713	0.105055	0.237104	0.34024	0.398045	0.396103	0.341312	0.262267	
0.118273	0.152391	0.147923	0.103023	0.0229963	-0.0689853	-0.181188	-0.31167	-0.435498	-0.532934	-0.592914	-0.612245	-0.581728	-0.505588	-0.394896	-0.27226	-0.147503	-0.0155561	0.11696	0.236113	0.326096	0.365144	0.335929	0.243738	0.134472	
0.0701401	0.139254	0.174967	0.163513	0.120526	0.05286	-0.0471008	-0.171657	-0.296023	-0.399616	-0.467002	-0.488692	-0.464484	-0.394896	-0.295554	-0.186762	-0.0816128	0.0300077	0.144572	0.244477	0.312622	0.32611	0.269415	0.145999	9.62897e-05	
0.00959893	0.0989434	0.162351	0.186526	0.184795	0.151207	0.0771679	-0.0319124	-0.14722	-0.246628	-0.31243	-0.343304	-0.330219	-0.27226	-0.186762	-0.0932871	-0.0036548	0.089897	0.180489	0.254106	0.292728	0.280433	0.196672	0.0437386	-0.139105	
-0.0655565	0.0319599	0.110941	0.17188	0.214657	0.217622	0.174043	0.0944347	-0.00352311	-0.0889927	-0.151434	-0.185554	-0.185198	-0.147503	-0.0816128	-0.0036548	0.0771732	0.149099	0.211835	0.252496	0.258678	0.211964	0.097133	-0.0730428	-0.275107	
-0.150215	-0.0521335	0.0392829	0.130485	0.208433	0.248818	0.241413	0.190806	0.117879	0.0529337	0.00178673	-0.0327606	-0.0383713	-0.0155561	0.0300077	0.089897	0.149099	0.199785	0.232707	0.235817	0.197329	0.107548	-0.0296719	-0.203517	-0.407062	
-0.219506	-0.124311	-0.0235125	0.0827797	0.177949	0.245974	0.273328	0.255703	0.212005	0.169703	0.131581	0.111118	0.105055	0.11696	0.144572	0.180489	0.211835	0.232707	0.227862	0.176718	0.0894003	-0.0284878	-0.175646	-0.348564	-0.543152	
-0.248534	-0.156815	-0.0539265	0.0477194	0.145827	0.229516	0.279726	0.291676	0.280444	0.262803	0.248262	0.243727	0.237104	0.236113	0.244477	0.254106	0.252496	0.235817	0.176718	0.0658054	-0.0602655	-0.19408	-0.346403	-0.508675	-0.66938	
-0.247241	-0.158746	-0.0573364	0.0376906	0.130803	0.219229	0.2846	0.322162	0.337725	0.345041	0.35126	0.353325	0.34024	0.326096	0.312622	0.292728	0.258678	0.197329	0.0894003	-0.0602655	-0.216442	-0.371302	-0.525105	-0.656413	-0.768501	
-0.205309	-0.124515	-0.03521	0.0521121	0.140884	0.22693	0.303016	0.361879	0.395934	0.418414	0.428302	0.423002	0.398045	0.365144	0.32611	0.280433	0.211964	0.107548	-0.0284878	-0.19408	-0.371302	-0.540917	-0.677268	-0.772032	-0.847188	
-0.137505	-0.067779	0.0137105	0.0989873	0.179485	0.257955	0.335415	0.402728	0.453576	0.482823	0.4787	0.445789	0.396103	0.335929	0.269415	0.196672	0.097133	-0.0296719	-0.175646	-0.346403	-0.525105	-0.677268	-0.782614	-0.849538	-0.894608	
-0.0544766	0.00892033	0.0893216	0.174947	0.247479	0.311015	0.376387	0.441998	0.494093	0.514973	0.488208	0.428299	0.341312	0.243738	0.145999	0.0437386	-0.0730428	-0.203517	-0.348564	-0.508675	-0.656413	-0.772032	-0.849538	-0.886645	-0.888859	
0.0552357	0.111493	0.185541	0.260105	0.319343	0.365074	0.410774	0.465465	0.512507	0.518056	0.471901	0.380465	0.262267	0.134472	9.62897e-05	-0.139105	-0.275107	-0.407062	-0.543152	-0.66938	-0.768501	-0.847188	-0.894608	-0.888859	-0.847511	
0.192105	0.239484	0.296635	0.347531	0.381613	0.402493	0.428336	0.468063	0.499166	0.493976	0.436721	0.330311	0.190181	0.0336793	-0.13558	-0.30769	-0.464924	-0.608355	-0.730939	-0.817824	-0.877833	-0.917118	-0.919035	-0.874713	-0.807817	
0.332363	0.369618	0.408476	0.433704	0.441236	0.435023	0.433782	0.449679	0.468588	0.458795	0.400424	0.28969	0.140484	-0.0404593	-0.240035	-0.437894	-0.618831	-0.770749	-0.87873	-0.944696	-0.981909	-0.981215	-0.935987	-0.866205	-0.787374	
0.463461	0.487885	0.508839	0.510764	0.49117	0.459765	0.43426	0.425742	0.42671	0.407625	0.349397	0.246684	0.0996962	-0.0935156	-0.311877	-0.533873	-0.735214	-0.891146	-0.991269	-1.04613	-1.067	-1.03798	-0.967609	-0.878617	-0.776886	
0.569909	0.584147	0.587253	0.569719	0.530243	0.47681	0.429608	0.400779	0.381263	0.347777	0.288023	0.194645	0.0564575	-0.136485	-0.367109	-0.606855	-0.817413	-0.97635	-1.07788	-1.12496	-1.13007	-1.0902	-1.00857	-0.898752	-0.772121	
0.622493	0.633083	0.632991	0.611228	0.562242	0.492067	0.427016	0.382843	0.350632	0.30809	0.248867	0.156048	0.0225617	-0.169098	-0.408886	-0.655104	-0.861988	-1.02076	-1.12796	-1.17142	-1.16985	-1.12584	-1.03318	-0.906324	-0.770909	
0.628829	0.641544	0.641063	0.618634	0.567721	0.495031	0.428085	0.381301	0.34351	0.299865	0.239875	0.149529	0.0155249	-0.177465	-0.418214	-0.664407	-0.86829	-1.02725	-1.13566	-1.17794	-1.17613	-1.13152	-1.03538	-0.906295	-0.770228	
0.598516	0.609317	0.609837	0.588916	0.544698	0.483732	0.42751	0.391143	0.367439	0.32939	0.269356	0.17551	0.0409723	-0.150206	-0.385637	-0.629612	-0.840561	-0.999718	-1.10314	-1.14854	-1.15	-1.10788	-1.02134	-0.903405	-0.771923	
0.510611	0.530671	0.543617	0.536563	0.507358	0.466855	0.433007	0.415703	0.40713	0.382398	0.323974	0.226215	0.0819098	-0.112399	-0.335655	-0.565759	-0.772217	-0.929372	-1.02932	-1.08048	-1.09426	-1.05905	-0.984081	-0.887337	-0.773826	
0.386368	0.418915	0.450312	0.46628	0.463093	0.446244	0.434526	0.440706	0.453529	0.441061	0.38275	0.274191	0.124479	-0.063129	-0.271655	-0.479631	-0.669714	-0.823602	-0.927206	-0.988231	-1.01862	-1.00488	-0.946715	-0.8688	-0.782127	
0.249359	0.292028	0.342029	0.382324	0.405682	0.415677	0.431434	0.4624	0.488557	0.480843	0.422771	0.312575	0.167556	0.000699165	-0.18157	-0.364003	-0.531398	-0.679256	-0.795441	-0.870956	-0.920811	-0.943871	-0.925083	-0.868868	-0.797777	
0.106955	0.161248	0.229029	0.294893	0.344684	0.381635	0.420043	0.469482	0.510044	0.511139	0.458382	0.359589	0.231059	0.0917705	-0.0569755	-0.210695	-0.35415	-0.49032	-0.621465	-0.730803	-0.812169	-0.875501	-0.906244	-0.884305	-0.829876	
-0.0139679	0.0454792	0.125285	0.208505	0.277614	0.334734	0.391747	0.453131	0.505168	0.520085	0.485668	0.411392	0.310573	0.200848	0.0885143	-0.0284776	-0.153119	-0.282454	-0.424647	-0.574024	-0.702725	-0.803475	-0.870565	-0.891172	-0.874249	
-0.106813	-0.0386386	0.0414699	0.126898	0.202803	0.276717	0.351705	0.419616	0.471633	0.499089	0.485683	0.443065	0.378747	0.303789	0.22624	0.142308	0.0350285	-0.0951182	-0.241586	-0.410149	-0.580253	-0.719203	-0.812846	-0.868965	-0.897993	
-0.179125	-0.104283	-0.0191269	0.0667103	0.153297	0.23683	0.313927	0.377507	0.420297	0.447321	0.453298	0.437495	0.405157	0.36281	0.312558	0.25671	0.173978	0.0572272	-0.0847383	-0.25318	-0.434407	-0.601352	-0.72538	-0.807869	-0.872012	
-0.235687	-0.149116	-0.0515244	0.0403632	0.131179	0.219433	0.290777	0.338044	0.360135	0.374489	0.384853	0.38679	0.369702	0.348707	0.325384	0.29467	0.24735	0.168026	0.0465019	-0.111242	-0.278073	-0.441307	-0.590446	-0.70709	-0.802295	
-0.251367	-0.160749	-0.0586588	0.0403528	0.137123	0.223876	0.280042	0.302923	0.30424	0.297492	0.291807	0.291509	0.282745	0.277291	0.277597	0.274537	0.25969	0.225385	0.145664	0.0156985	-0.123516	-0.265216	-0.419445	-0.571038	-0.71199	
-0.235732	-0.142221	-0.039308	0.0662944	0.163681	0.239954	0.27814	0.272845	0.241802	0.208648	0.179622	0.165631	0.159318	0.166191	0.186772	0.213247	0.231384	0.238044	0.212608	0.137137	0.033374	-0.091595	-0.241074	-0.411633	-0.595961	
-0.182186	-0.0844699	0.0112475	0.111426	0.197489	0.251307	0.258941	0.22081	0.159325	0.103335	0.0565592	0.025983	0.0203694	0.0389338	0.0764964	0.126277	0.175778	0.215993	0.235054	0.218467	0.160157	0.0567079	-0.0857685	-0.259646	-0.461317	
-0.0983809	-0.000933031	0.0836357	0.156769	0.216447	0.23428	0.204502	0.136789	0.0477922	-0.029983	-0.0883252	-0.123842	-0.126824	-0.0957674	-0.0376837	0.033658	0.106535	0.170918	0.22207	0.249348	0.238732	0.174241	0.0489464	-0.123649	-0.327579	
-0.0193018	0.0751048	0.146078	0.185878	0.200698	0.181518	0.119437	0.0213278	-0.0876674	-0.182517	-0.248223	-0.28051	-0.273149	-0.223094	-0.14434	-0.0569228	0.0294228	0.113744	0.193776	0.254795	0.28086	0.256642	0.16072	-0.00096492	-0.194213	
0.0480671	0.126876	0.174238	0.176559	0.150897	0.0964519	0.00503218	-0.115256	-0.237025	-0.339776	-0.407777	-0.432625	-0.411772	-0.346129	-0.252312	-0.149298	-0.0509149	0.0524614	0.158646	0.248716	0.306049	0.309328	0.242001	0.106589	-0.0558429	
0.0994124	0.149161	0.162968	0.132715	0.0648979	-0.019569	-0.127472	-0.256177	-0.381795	-0.48307	-0.545806	-0.566608	-0.538721	-0.464645	-0.357461	-0.240189	-0.124025	0.000101745	0.126294	0.238845	0.321294	0.350319	0.309708	0.204052	0.0816928	
0.144277	0.155713	0.118794	0.0487322	-0.0436914	-0.145216	-0.261701	-0.390809	-0.509867	-0.60238	-0.656651	-0.67178	-0.634758	-0.556111	-0.441557	-0.311819	-0.174224	-0.0320468	0.107312	0.234912	0.333809	0.385671	0.373076	0.302613	0.211689	
0.161983	0.133975	0.0535252	-0.0510849	-0.159441	-0.269996	-0.385551	-0.507169	-0.617065	-0.697084	-0.737285	-0.739883	-0.694368	-0.606737	-0.484742	-0.343846	-0.189858	-0.0384708	0.107362	0.241638	0.34969	0.415142	0.427677	0.39662	0.335372	
0.150039	0.0842062	-0.0253627	-0.153744	-0.273924	-0.382463	-0.489696	-0.600819	-0.694922	-0.758008	-0.776208	-0.760476	-0.703663	-0.605362	-0.480537	-0.329149	-0.16936	-0.0153369	0.12103	0.245371	0.353372	0.428092	0.467595	0.467262	0.439867	
