-0.984778	-0.945694	-0.852544	-0.72996	-0.573385	-0.385952	-0.183069	0.00541573	0.153259	0.250845	0.288582	0.279125	0.239592	0.195039	0.160048	0.148646	0.173067	0.225899	0.299	0.389967	0.487367	0.584493	0.685786	0.780868	0.870762	
-0.945694	-0.890561	-0.791968	-0.664685	-0.501665	-0.304033	-0.0927438	0.0977616	0.246923	0.340332	0.373106	0.355922	0.307507	0.261569	0.23048	0.224398	0.2526	0.304377	0.369356	0.453211	0.548182	0.646236	0.756145	0.864402	0.964104	
-0.852544	-0.791968	-0.689411	-0.553467	-0.377321	-0.171033	0.0451548	0.238692	0.384701	0.469825	0.490423	0.463675	0.414872	0.374619	0.351322	0.347798	0.368959	0.408545	0.460858	0.532858	0.617634	0.708468	0.8058	0.895642	0.97987	
-0.72996	-0.664685	-0.553467	-0.399889	-0.20921	0.00691547	0.233128	0.427463	0.566067	0.633529	0.639951	0.609928	0.56172	0.52164	0.493859	0.478159	0.484048	0.512827	0.554619	0.614222	0.68349	0.74804	0.81252	0.873475	0.929603	
-0.573385	-0.501665	-0.377321	-0.20921	-0.00709404	0.220207	0.449063	0.63535	0.755208	0.80611	0.808485	0.777239	0.725044	0.673374	0.629177	0.597106	0.588286	0.602485	0.626897	0.662334	0.699558	0.734321	0.770625	0.802263	0.834054	
-0.385952	-0.304033	-0.171033	0.00691547	0.220207	0.449707	0.668661	0.832683	0.933872	0.975417	0.969509	0.9259	0.856247	0.784863	0.726296	0.683708	0.660338	0.656441	0.656689	0.659643	0.667204	0.675065	0.68258	0.693038	0.704073	
-0.183069	-0.0927438	0.0451548	0.233128	0.449063	0.668661	0.861962	1.0033	1.09034	1.11369	1.08453	1.01501	0.925131	0.839426	0.771286	0.718253	0.679303	0.65393	0.629006	0.608834	0.594939	0.583266	0.571812	0.560717	0.551061	
0.00541573	0.0977616	0.238692	0.427463	0.63535	0.832683	1.0033	1.13095	1.19826	1.19331	1.13372	1.04123	0.937272	0.837976	0.756845	0.690807	0.633307	0.58907	0.55424	0.523036	0.496828	0.475019	0.447927	0.423369	0.402187	
0.153259	0.246923	0.384701	0.566067	0.755208	0.933872	1.09034	1.19826	1.23491	1.19697	1.11331	1.00513	0.889634	0.779492	0.689616	0.613381	0.544892	0.494195	0.45341	0.415417	0.384561	0.355467	0.321545	0.294151	0.270161	
0.250845	0.340332	0.469825	0.633529	0.80611	0.975417	1.11369	1.19331	1.19697	1.13694	1.03843	0.918184	0.797686	0.685036	0.588559	0.505604	0.435638	0.382728	0.342876	0.304946	0.269106	0.240904	0.212341	0.187448	0.165459	
0.288582	0.373106	0.490423	0.639951	0.808485	0.969509	1.08453	1.13372	1.11331	1.03843	0.925457	0.798362	0.679424	0.563795	0.463027	0.386752	0.326093	0.278525	0.242535	0.204804	0.171815	0.146231	0.118887	0.100161	0.0852372	
0.279125	0.355922	0.463675	0.609928	0.777239	0.9259	1.01501	1.04123	1.00513	0.918184	0.798362	0.673016	0.553288	0.435668	0.342916	0.279742	0.22859	0.184069	0.149779	0.117952	0.0924726	0.0757466	0.0593034	0.0438227	0.0272396	
0.239592	0.307507	0.414872	0.56172	0.725044	0.856247	0.925131	0.937272	0.889634	0.797686	0.679424	0.553288	0.430788	0.324989	0.248012	0.192041	0.141832	0.0981613	0.0731783	0.0548427	0.0399211	0.0280634	0.0139014	0.00157441	-0.0112263	
0.195039	0.261569	0.374619	0.52164	0.673374	0.784863	0.839426	0.837976	0.779492	0.685036	0.563795	0.435668	0.324989	0.241527	0.174525	0.117607	0.0748616	0.0452724	0.0272038	0.0129742	-0.000320358	-0.0144226	-0.0234068	-0.0292531	-0.0347089	
0.160048	0.23048	0.351322	0.493859	0.629177	0.726296	0.771286	0.756845	0.689616	0.588559	0.463027	0.342916	0.248012	0.174525	0.105596	0.0538961	0.0301641	0.0117364	-0.00434689	-0.0141906	-0.0277713	-0.0397133	-0.0387705	-0.0407995	-0.0468753	
0.148646	0.224398	0.347798	0.478159	0.597106	0.683708	0.718253	0.690807	0.613381	0.505604	0.386752	0.279742	0.192041	0.117607	0.0538961	0.0196222	0.00308343	-0.0178264	-0.0331107	-0.0384105	-0.043018	-0.0439929	-0.0430849	-0.051434	-0.0564014	
0.173067	0.2526	0.368959	0.484048	0.588286	0.660338	0.679303	0.633307	0.544892	0.435638	0.326093	0.22859	0.141832	0.0748616	0.0301641	0.00308343	-0.0190475	-0.0361443	-0.0467306	-0.0508405	-0.0512239	-0.0531186	-0.0562695	-0.0589087	-0.0559892	
0.225899	0.304377	0.408545	0.512827	0.602485	0.656441	0.65393	0.58907	0.494195	0.382728	0.278525	0.184069	0.0981613	0.0452724	0.0117364	-0.0178264	-0.0361443	-0.0430235	-0.0502109	-0.0516199	-0.0520741	-0.0616067	-0.0646373	-0.0601884	-0.0580657	
0.299	0.369356	0.460858	0.554619	0.626897	0.656689	0.629006	0.55424	0.45341	0.342876	0.242535	0.149779	0.0731783	0.0272038	-0.00434689	-0.0331107	-0.0467306	-0.0502109	-0.0553267	-0.056646	-0.0593766	-0.0605972	-0.0559711	-0.0571398	-0.0628837	
0.389967	0.453211	0.532858	0.614222	0.662334	0.659643	0.608834	0.523036	0.415417	0.304946	0.204804	0.117952	0.0548427	0.0129742	-0.0141906	-0.0384105	-0.0508405	-0.0516199	-0.056646	-0.0626852	-0.0639498	-0.0584865	-0.0599209	-0.0617745	-0.0575835	
0.487367	0.548182	0.617634	0.68349	0.699558	0.667204	0.594939	0.496828	0.384561	0.269106	0.171815	0.0924726	0.0399211	-0.000320358	-0.0277713	-0.043018	-0.0512239	-0.0520741	-0.0593766	-0.0639498	-0.05967	-0.0570788	-0.0635226	-0.0658866	-0.0586369	
0.584493	0.646236	0.708468	0.74804	0.734321	0.675065	0.583266	0.475019	0.355467	0.240904	0.146231	0.0757466	0.0280634	-0.0144226	-0.0397133	-0.0439929	-0.0531186	-0.0616067	-0.0605972	-0.0584865	-0.0570788	-0.0609863	-0.0628988	-0.0586142	-0.0604456	
0.685786	0.756145	0.8058	0.81252	0.770625	0.68258	0.571812	0.447927	0.321545	0.212341	0.118887	0.0593034	0.0139014	-0.0234068	-0.0387705	-0.0430849	-0.0562695	-0.0646373	-0.0559711	-0.0599209	-0.0635226	-0.0628988	-0.0624449	-0.0549874	-0.0600122	
0.780868	0.864402	0.895642	0.873475	0.802263	0.693038	0.560717	0.423369	0.294151	0.187448	0.100161	0.0438227	0.00157441	-0.0292531	-0.0407995	-0.051434	-0.0589087	-0.0601884	-0.0571398	-0.0617745	-0.0658866	-0.0586142	-0.0549874	-0.0607966	-0.0655893	
0.870762	0.964104	0.97987	0.929603	0.834054	0.704073	0.551061	0.402187	0.270161	0.165459	0.0852372	0.0272396	-0.0112263	-0.0347089	-0.0468753	-0.0564014	-0.0559892	-0.0580657	-0.0628837	-0.0575835	-0.0586369	-0.0604456	-0.0600122	-0.0655893	-0.0612444	
0.95543	1.05401	1.05598	0.979553	0.862455	0.706597	0.538726	0.376974	0.24609	0.145239	0.0708276	0.0147343	-0.0196976	-0.0320263	-0.0475051	-0.0575397	-0.057839	-0.0591982	-0.0636696	-0.061276	-0.0587576	-0.0626645	-0.0609357	-0.0575892	-0.0552502	
1.02472	1.12604	1.11803	1.02648	0.885623	0.710547	0.528837	0.360925	0.23001	0.12968	0.0585505	0.00443328	-0.0252951	-0.034973	-0.0528919	-0.0608928	-0.0583005	-0.058381	-0.062162	-0.0615075	-0.0595278	-0.061246	-0.0583842	-0.0567014	-0.0599316	
1.0816	1.18134	1.1698	1.06909	0.903922	0.714875	0.519681	0.350715	0.216461	0.113994	0.0463599	-0.00392223	-0.030135	-0.0423143	-0.0567665	-0.0585852	-0.0542323	-0.0593621	-0.0624414	-0.0583302	-0.0583281	-0.0598559	-0.0632373	-0.0638146	-0.0588519	
1.12075	1.21719	1.20541	1.09614	0.913946	0.710508	0.510694	0.340867	0.205954	0.104319	0.039818	-0.00328048	-0.0298623	-0.044518	-0.0536841	-0.0570267	-0.0615271	-0.0640512	-0.0597449	-0.06128	-0.0627558	-0.0580414	-0.0583087	-0.0580715	-0.0552649	
1.1405	1.23754	1.2275	1.11295	0.924596	0.708611	0.510045	0.338597	0.199434	0.100575	0.0312329	-0.00472759	-0.0312524	-0.0529649	-0.0521033	-0.0556799	-0.0638554	-0.0599402	-0.0577184	-0.0616015	-0.0608235	-0.0602054	-0.0595493	-0.0585215	-0.0620798	
1.14375	1.24139	1.23178	1.1162	0.927385	0.708321	0.510553	0.338854	0.197604	0.100291	0.0284469	-0.00541032	-0.0313263	-0.056312	-0.0519153	-0.0552278	-0.0627726	-0.057648	-0.0592173	-0.0613374	-0.058243	-0.0607127	-0.0608694	-0.060445	-0.0655121	
1.13042	1.22682	1.21559	1.10388	0.918027	0.708692	0.509703	0.339146	0.202942	0.10257	0.0368827	-0.00306643	-0.029871	-0.0470689	-0.0527945	-0.0571525	-0.0636071	-0.0632017	-0.0592036	-0.0620549	-0.0628349	-0.0585831	-0.0567412	-0.0564563	-0.0573946	
1.09994	1.1981	1.18636	1.08226	0.908701	0.713869	0.515835	0.346191	0.211739	0.108592	0.0432742	-0.00471324	-0.0313098	-0.0428418	-0.0557402	-0.0574609	-0.0559943	-0.0616993	-0.0605747	-0.0585055	-0.0607582	-0.0594138	-0.0629488	-0.0629868	-0.0558776	
1.04911	1.15	1.14023	1.04431	0.893722	0.712691	0.525012	0.357035	0.223997	0.123871	0.0532309	0.000674127	-0.0270116	-0.0389801	-0.0548044	-0.0604455	-0.0566283	-0.058562	-0.0626126	-0.059845	-0.0586943	-0.0595907	-0.0601013	-0.0607357	-0.0604278	
0.984839	1.08502	1.08215	0.99838	0.872034	0.707958	0.534266	0.369255	0.239112	0.138974	0.0657026	0.0105718	-0.0213462	-0.0322566	-0.0497323	-0.0591136	-0.0583215	-0.058971	-0.0633281	-0.0623964	-0.0599669	-0.0622492	-0.0585185	-0.0552899	-0.0565964	
0.906225	1.00257	1.01205	0.950586	0.846015	0.706067	0.546386	0.391021	0.260299	0.156359	0.0789433	0.0210776	-0.015713	-0.033212	-0.0475691	-0.0564777	-0.0556105	-0.0585187	-0.0636698	-0.0578594	-0.0573064	-0.0629647	-0.0625239	-0.0629091	-0.057825	
0.81672	0.904981	0.929744	0.895878	0.814753	0.697866	0.557053	0.41537	0.284503	0.179212	0.0948765	0.0371262	-0.0035538	-0.0321802	-0.0432244	-0.0544943	-0.0593271	-0.0585436	-0.0592601	-0.0607488	-0.0626022	-0.0580444	-0.0555792	-0.0636078	-0.065621	
0.725208	0.800357	0.843183	0.837582	0.78377	0.686193	0.567089	0.437606	0.309354	0.201275	0.110277	0.053501	0.00856424	-0.0259975	-0.0385539	-0.0455122	-0.0572584	-0.0628832	-0.0557138	-0.0619499	-0.0659257	-0.0608869	-0.0590389	-0.0568454	-0.0626775	
0.625543	0.689337	0.747403	0.77427	0.749191	0.677719	0.578501	0.464635	0.342103	0.228938	0.134486	0.0695578	0.0223028	-0.0188272	-0.0400861	-0.042993	-0.0539185	-0.0643973	-0.058954	-0.0572201	-0.0589932	-0.0636841	-0.0636747	-0.0554242	-0.0593913	
0.525613	0.586054	0.652372	0.709435	0.713302	0.670432	0.589637	0.488698	0.373747	0.257836	0.161938	0.0849099	0.0358892	-0.00619019	-0.0339382	-0.0443332	-0.0529659	-0.0550695	-0.0599689	-0.0624497	-0.0577261	-0.0575618	-0.0628124	-0.0639546	-0.0602385	
0.429437	0.491294	0.566119	0.642145	0.677821	0.662376	0.602697	0.511212	0.401834	0.289533	0.190133	0.106501	0.0479109	0.00781938	-0.0186278	-0.0398946	-0.0501394	-0.0512137	-0.0581462	-0.0641203	-0.0627532	-0.0572129	-0.0627978	-0.0650692	-0.0567102	
0.333641	0.40069	0.487222	0.576268	0.639908	0.657185	0.620492	0.541407	0.437623	0.328078	0.227567	0.137257	0.0652625	0.0210355	-0.00855076	-0.0362997	-0.0488228	-0.0519759	-0.0560317	-0.0585842	-0.0627436	-0.0600591	-0.0558989	-0.057453	-0.0605242	
0.252521	0.328479	0.427381	0.527916	0.610506	0.656319	0.643786	0.574401	0.477664	0.365484	0.264171	0.169335	0.0866648	0.0378327	0.00372389	-0.0253681	-0.0415734	-0.0458244	-0.0515016	-0.0540469	-0.0543772	-0.0609675	-0.061344	-0.0590989	-0.0618923	
0.191654	0.271701	0.383771	0.493799	0.592509	0.657122	0.668464	0.613697	0.522316	0.412186	0.304721	0.209245	0.122288	0.0615745	0.0234051	-0.00432058	-0.0263633	-0.0395937	-0.0486834	-0.0512219	-0.0511697	-0.0586224	-0.0626947	-0.0594993	-0.0554085	
0.153914	0.23125	0.353206	0.476891	0.590254	0.671675	0.700577	0.666952	0.584298	0.476769	0.361408	0.258705	0.171987	0.0981612	0.0422661	0.0119715	-0.00650917	-0.0269566	-0.041204	-0.0445341	-0.0471649	-0.0467805	-0.0463955	-0.0553266	-0.0574349	
0.151865	0.224755	0.347296	0.485973	0.614194	0.707363	0.748617	0.728653	0.657983	0.553392	0.429778	0.315204	0.2238	0.15065	0.0815808	0.0363395	0.0188331	-0.000334241	-0.0172225	-0.0251081	-0.0351689	-0.0416735	-0.0401079	-0.0454043	-0.05166	
0.179273	0.246963	0.363575	0.509115	0.654893	0.759455	0.810326	0.803434	0.740874	0.644476	0.520338	0.394627	0.290738	0.213209	0.146381	0.0897623	0.054229	0.0309838	0.0150812	0.00152748	-0.0137791	-0.0282202	-0.0332064	-0.0350008	-0.0389217	
0.22129	0.287278	0.39672	0.543902	0.703058	0.826678	0.888613	0.896402	0.844226	0.751262	0.633069	0.504978	0.386205	0.288991	0.21705	0.161242	0.11155	0.0721871	0.0511175	0.0362005	0.0231931	0.0108036	-0.00193049	-0.0132833	-0.0230399	
0.265644	0.338806	0.44513	0.591975	0.758249	0.900055	0.980227	0.999729	0.959145	0.869283	0.749276	0.624351	0.502779	0.38792	0.301904	0.243036	0.192868	0.147897	0.115615	0.0894117	0.0689173	0.0547737	0.040488	0.0257795	0.00969097	
0.289658	0.371162	0.483987	0.630945	0.799564	0.956199	1.06032	1.09938	1.07169	0.991973	0.875173	0.747749	0.629443	0.511818	0.412383	0.341684	0.285582	0.240193	0.204916	0.167996	0.136884	0.11484	0.0916776	0.0741399	0.0595474	
