-0.382711	-0.279175	-0.164634	-0.0506276	0.0682519	0.159858	0.222554	0.274591	0.313899	0.327065	0.306867	0.254667	0.172243	0.0616974	-0.0664332	-0.201218	-0.328032	-0.424752	-0.486114	-0.525033	-0.54701	-0.541274	-0.514423	-0.470259	-0.433562	
-0.279175	-0.190305	-0.101792	-0.01484	0.070157	0.142031	0.196593	0.247608	0.290338	0.31891	0.325304	0.298567	0.233025	0.124473	-0.011313	-0.156901	-0.286065	-0.381473	-0.448134	-0.493856	-0.532118	-0.54717	-0.536459	-0.507741	-0.470299	
-0.164634	-0.101792	-0.0433236	0.0132387	0.0626863	0.110164	0.154438	0.190669	0.231259	0.274358	0.310454	0.314718	0.269344	0.174997	0.0462405	-0.0917118	-0.217743	-0.315931	-0.389404	-0.449788	-0.502805	-0.537983	-0.549194	-0.534435	-0.50015	
-0.0506276	-0.01484	0.0132387	0.0358489	0.0517592	0.0753955	0.101645	0.128986	0.172653	0.231419	0.293262	0.321459	0.292244	0.215247	0.107181	-0.0141511	-0.130909	-0.230662	-0.314199	-0.392058	-0.463045	-0.520963	-0.554541	-0.554141	-0.526365	
0.0682519	0.070157	0.0626863	0.0517592	0.0393034	0.0405038	0.0555561	0.0839179	0.133696	0.200365	0.275632	0.318616	0.305581	0.253222	0.174754	0.0755052	-0.027256	-0.127372	-0.225166	-0.321098	-0.413674	-0.492005	-0.540536	-0.555211	-0.537278	
0.159858	0.142031	0.110164	0.0753955	0.0405038	0.0210436	0.028766	0.0606862	0.112085	0.178327	0.260927	0.315124	0.324885	0.301442	0.249326	0.176066	0.0874254	-0.0155151	-0.125619	-0.243639	-0.357012	-0.4464	-0.507189	-0.532321	-0.530756	
0.222554	0.196593	0.154438	0.101645	0.0555561	0.028766	0.0347972	0.0653736	0.108413	0.166207	0.241632	0.308656	0.340001	0.340462	0.31908	0.273153	0.202305	0.102553	-0.0206011	-0.159714	-0.289088	-0.388409	-0.458526	-0.49555	-0.516314	
0.274591	0.247608	0.190669	0.128986	0.0839179	0.0606862	0.0653736	0.0886181	0.112861	0.151525	0.217253	0.28561	0.330652	0.351347	0.35867	0.341297	0.295244	0.20465	0.0762232	-0.0684336	-0.205133	-0.307934	-0.385475	-0.439359	-0.485354	
0.313899	0.290338	0.231259	0.172653	0.133696	0.112085	0.108413	0.112861	0.118578	0.144267	0.19868	0.260789	0.30926	0.340145	0.363875	0.369722	0.34172	0.265563	0.148022	0.0152224	-0.110737	-0.210465	-0.292868	-0.365542	-0.43522	
0.327065	0.31891	0.274358	0.231419	0.200365	0.178327	0.166207	0.151525	0.144267	0.160212	0.195209	0.243323	0.285449	0.319597	0.352757	0.371497	0.356355	0.297231	0.201598	0.0892825	-0.0194425	-0.118582	-0.209208	-0.297601	-0.387528	
0.306867	0.325304	0.310454	0.293262	0.275632	0.260927	0.241632	0.217253	0.19868	0.195209	0.205636	0.231368	0.258844	0.291925	0.328517	0.349138	0.349089	0.313364	0.24884	0.16766	0.0770667	-0.0222287	-0.121872	-0.226173	-0.335947	
0.254667	0.298567	0.314718	0.321459	0.318616	0.315124	0.308656	0.28561	0.260789	0.243323	0.231368	0.229913	0.242797	0.26781	0.296502	0.321352	0.337052	0.333085	0.308897	0.261471	0.1881	0.0892661	-0.0218422	-0.14649	-0.278627	
0.172243	0.233025	0.269344	0.292244	0.305581	0.324885	0.340001	0.330652	0.30926	0.285449	0.258844	0.242797	0.241259	0.258295	0.282472	0.309276	0.341233	0.365832	0.37424	0.351397	0.294233	0.195608	0.0757356	-0.0638457	-0.221752	
0.0616974	0.124473	0.174997	0.215247	0.253222	0.301442	0.340462	0.351347	0.340145	0.319597	0.291925	0.26781	0.258295	0.268087	0.287637	0.313033	0.352792	0.390901	0.415809	0.409594	0.362578	0.27215	0.150436	0.00326455	-0.167547	
-0.0664332	-0.011313	0.0462405	0.107181	0.174754	0.249326	0.31908	0.35867	0.363875	0.352757	0.328517	0.296502	0.282472	0.287637	0.300788	0.32245	0.35722	0.394995	0.422744	0.425838	0.389349	0.311614	0.197123	0.0528737	-0.115804	
-0.201218	-0.156901	-0.0917118	-0.0141511	0.0755052	0.176066	0.273153	0.341297	0.369722	0.371497	0.349138	0.321352	0.309276	0.313033	0.32245	0.335763	0.355011	0.384968	0.408799	0.414628	0.391252	0.325298	0.223762	0.0917496	-0.0622226	
-0.328032	-0.286065	-0.217743	-0.130909	-0.027256	0.0874254	0.202305	0.295244	0.34172	0.356355	0.349089	0.337052	0.341233	0.352792	0.35722	0.355011	0.357107	0.369297	0.383688	0.390566	0.371153	0.31941	0.232532	0.121081	-0.00450993	
-0.424752	-0.381473	-0.315931	-0.230662	-0.127372	-0.0155151	0.102553	0.20465	0.265563	0.297231	0.313364	0.333085	0.365832	0.390901	0.394995	0.384968	0.369297	0.367894	0.367247	0.36225	0.340792	0.291645	0.221329	0.136361	0.0482187	
-0.486114	-0.448134	-0.389404	-0.314199	-0.225166	-0.125619	-0.0206011	0.0762232	0.148022	0.201598	0.24884	0.308897	0.37424	0.415809	0.422744	0.408799	0.383688	0.367247	0.350138	0.329115	0.298947	0.25403	0.203022	0.148914	0.104857	
-0.525033	-0.493856	-0.449788	-0.392058	-0.321098	-0.243639	-0.159714	-0.0684336	0.0152224	0.0892825	0.16766	0.261471	0.351397	0.409594	0.425838	0.414628	0.390566	0.36225	0.329115	0.2917	0.253626	0.216183	0.185334	0.16721	0.163268	
-0.54701	-0.532118	-0.502805	-0.463045	-0.413674	-0.357012	-0.289088	-0.205133	-0.110737	-0.0194425	0.0770667	0.1881	0.294233	0.362578	0.389349	0.391252	0.371153	0.340792	0.298947	0.253626	0.216215	0.190195	0.182477	0.192721	0.225538	
-0.541274	-0.54717	-0.537983	-0.520963	-0.492005	-0.4464	-0.388409	-0.307934	-0.210465	-0.118582	-0.0222287	0.0892661	0.195608	0.27215	0.311614	0.325298	0.31941	0.291645	0.25403	0.216183	0.190195	0.185298	0.200042	0.236542	0.295816	
-0.514423	-0.536459	-0.549194	-0.554541	-0.540536	-0.507189	-0.458526	-0.385475	-0.292868	-0.209208	-0.121872	-0.0218422	0.0757356	0.150436	0.197123	0.223762	0.232532	0.221329	0.203022	0.185334	0.182477	0.200042	0.232686	0.29004	0.366663	
-0.470259	-0.507741	-0.534435	-0.554141	-0.555211	-0.532321	-0.49555	-0.439359	-0.365542	-0.297601	-0.226173	-0.14649	-0.0638457	0.00326455	0.0528737	0.0917496	0.121081	0.136361	0.148914	0.16721	0.192721	0.236542	0.29004	0.359565	0.451588	
-0.433562	-0.470299	-0.50015	-0.526365	-0.537278	-0.530756	-0.516314	-0.485354	-0.43522	-0.387528	-0.335947	-0.278627	-0.221752	-0.167547	-0.115804	-0.0622226	-0.00450993	0.0482187	0.104857	0.163268	0.225538	0.295816	0.366663	0.451588	0.548033	
-0.399443	-0.425308	-0.448313	-0.472645	-0.493505	-0.511228	-0.524438	-0.522805	-0.500689	-0.471587	-0.438104	-0.408451	-0.378163	-0.341878	-0.291074	-0.222304	-0.138216	-0.045695	0.054571	0.15762	0.258258	0.360002	0.455761	0.5557	0.660049	
-0.3532	-0.363308	-0.375442	-0.398408	-0.434881	-0.476343	-0.515978	-0.542275	-0.548484	-0.539072	-0.527138	-0.523623	-0.519199	-0.496063	-0.443362	-0.363871	-0.260234	-0.141555	-0.0108258	0.127946	0.264291	0.400412	0.531247	0.654827	0.773376	
-0.316942	-0.302182	-0.302393	-0.321039	-0.363513	-0.426888	-0.491314	-0.545628	-0.579276	-0.59152	-0.599623	-0.615617	-0.630123	-0.614878	-0.560034	-0.472994	-0.362968	-0.230537	-0.0798258	0.0813121	0.252185	0.422003	0.587014	0.741447	0.873136	
-0.290484	-0.263273	-0.254167	-0.264828	-0.308265	-0.378648	-0.45605	-0.531611	-0.597643	-0.637743	-0.670178	-0.706978	-0.730682	-0.712589	-0.645618	-0.548001	-0.428617	-0.28735	-0.126812	0.054849	0.248644	0.44701	0.643788	0.816801	0.960372	
-0.288839	-0.254235	-0.238211	-0.240248	-0.277164	-0.347158	-0.430132	-0.521872	-0.61023	-0.671955	-0.724325	-0.772918	-0.801385	-0.778203	-0.700305	-0.59068	-0.463419	-0.313155	-0.141503	0.051577	0.263893	0.47845	0.690838	0.874345	1.01658	
-0.290756	-0.253509	-0.237051	-0.237812	-0.271398	-0.341561	-0.426147	-0.520206	-0.612528	-0.67929	-0.734612	-0.785239	-0.814835	-0.790343	-0.7102	-0.598337	-0.469234	-0.316783	-0.142786	0.0527644	0.268534	0.48619	0.700511	0.885801	1.02703	
-0.286735	-0.256885	-0.244484	-0.25171	-0.293642	-0.36358	-0.443801	-0.526369	-0.603588	-0.653707	-0.695667	-0.738893	-0.76451	-0.744191	-0.671727	-0.568684	-0.445436	-0.300466	-0.135694	0.0517441	0.25358	0.459926	0.66527	0.843233	0.987619	
-0.304528	-0.283241	-0.278746	-0.294729	-0.337871	-0.406386	-0.477269	-0.541246	-0.587885	-0.610225	-0.627865	-0.652193	-0.671116	-0.656233	-0.598017	-0.506829	-0.394374	-0.258068	-0.102659	0.0665597	0.248586	0.430431	0.609326	0.773084	0.909991	
-0.336859	-0.33706	-0.344747	-0.367359	-0.406888	-0.457584	-0.508513	-0.545047	-0.562273	-0.561705	-0.557331	-0.562565	-0.566928	-0.54766	-0.49407	-0.411502	-0.303835	-0.178598	-0.0392232	0.109761	0.259961	0.409758	0.554538	0.690522	0.814819	
-0.382218	-0.403027	-0.420928	-0.444234	-0.471736	-0.498869	-0.522932	-0.533134	-0.522712	-0.500361	-0.475415	-0.456825	-0.436805	-0.407198	-0.356428	-0.282269	-0.189613	-0.084638	0.0300887	0.148702	0.264678	0.379818	0.488932	0.597245	0.706285	
-0.420212	-0.453783	-0.481924	-0.508566	-0.522008	-0.525279	-0.521609	-0.502056	-0.462847	-0.422961	-0.378434	-0.331464	-0.285807	-0.238286	-0.186813	-0.126718	-0.0577197	0.01178	0.0865836	0.163046	0.240763	0.322544	0.40227	0.492475	0.591314	
-0.454327	-0.493155	-0.52276	-0.545975	-0.551825	-0.533554	-0.505315	-0.458309	-0.393614	-0.334023	-0.269909	-0.198845	-0.125438	-0.0628129	-0.0121322	0.0321585	0.072309	0.101006	0.13037	0.164179	0.203576	0.258152	0.318178	0.394035	0.488379	
-0.497045	-0.526602	-0.545948	-0.557848	-0.550286	-0.521649	-0.476064	-0.409345	-0.322792	-0.244029	-0.162817	-0.0698402	0.0225886	0.0947197	0.142649	0.174386	0.189906	0.188084	0.180737	0.176076	0.184072	0.211723	0.252949	0.315206	0.398903	
-0.532952	-0.545606	-0.54621	-0.538963	-0.515802	-0.474836	-0.420624	-0.341747	-0.244778	-0.156119	-0.0623246	0.0460238	0.14893	0.226564	0.270319	0.288827	0.289258	0.266234	0.234388	0.203213	0.184922	0.18901	0.210976	0.256573	0.323501	
-0.548739	-0.541189	-0.519526	-0.487436	-0.447498	-0.395896	-0.332261	-0.250428	-0.153433	-0.0597336	0.0386028	0.151149	0.259293	0.330739	0.362705	0.369648	0.353944	0.323649	0.282108	0.237984	0.204023	0.18634	0.187623	0.209114	0.253633	
-0.535528	-0.511047	-0.472457	-0.421808	-0.358976	-0.291115	-0.214193	-0.12604	-0.0377715	0.0447472	0.132017	0.235298	0.332518	0.395695	0.416614	0.409917	0.387259	0.357246	0.318765	0.276951	0.237207	0.203162	0.181849	0.174814	0.187362	
-0.504623	-0.467433	-0.414781	-0.345613	-0.263029	-0.1715	-0.075502	0.0191838	0.0954807	0.157233	0.218505	0.293185	0.369582	0.417801	0.427992	0.413559	0.387973	0.365812	0.341987	0.313974	0.280284	0.238419	0.194691	0.15601	0.128016	
-0.452435	-0.411543	-0.347794	-0.265508	-0.167413	-0.0590595	0.0560366	0.156491	0.221884	0.262626	0.290162	0.325606	0.372113	0.403214	0.4079	0.396389	0.375301	0.368336	0.361223	0.349905	0.325532	0.277245	0.214446	0.140658	0.0704854	
-0.371347	-0.328552	-0.260567	-0.173537	-0.0676366	0.0479587	0.165139	0.264819	0.317081	0.337764	0.339113	0.338167	0.352232	0.369059	0.372872	0.365926	0.361254	0.367222	0.37619	0.380108	0.360605	0.310824	0.230126	0.128485	0.0168806	
-0.254248	-0.211438	-0.144543	-0.0619956	0.0343258	0.142228	0.248603	0.32734	0.364094	0.370872	0.352852	0.329141	0.322319	0.327812	0.334856	0.342487	0.354172	0.377636	0.398432	0.405323	0.385412	0.325445	0.229422	0.105407	-0.0391695	
-0.120218	-0.0702192	-0.00841923	0.0595914	0.136587	0.222478	0.303026	0.354331	0.368849	0.362878	0.338502	0.306852	0.292124	0.296522	0.307996	0.327665	0.357233	0.392502	0.419493	0.423916	0.392863	0.319418	0.209671	0.0688974	-0.0949793	
0.0116671	0.0726482	0.125864	0.17486	0.225413	0.283747	0.334573	0.356434	0.350889	0.333601	0.307839	0.279851	0.268137	0.275525	0.292506	0.316033	0.355531	0.394417	0.421176	0.420543	0.376998	0.291936	0.172349	0.0253763	-0.146341	
0.131173	0.193699	0.236916	0.265875	0.287925	0.318792	0.343581	0.34033	0.322868	0.29956	0.270335	0.251281	0.245981	0.259743	0.282428	0.310036	0.346074	0.378639	0.395734	0.379948	0.327625	0.230506	0.109206	-0.0343739	-0.199714	
0.224603	0.277904	0.302558	0.316534	0.320087	0.32425	0.325481	0.307729	0.282815	0.261298	0.242808	0.233483	0.240261	0.261903	0.288084	0.313738	0.336693	0.345121	0.335817	0.299901	0.23271	0.133915	0.0186122	-0.112439	-0.255336	
0.290248	0.318574	0.317452	0.310748	0.29883	0.287638	0.272189	0.245967	0.223998	0.214006	0.214341	0.229009	0.251206	0.281236	0.315714	0.337386	0.343124	0.319979	0.270759	0.204106	0.119699	0.0203835	-0.0829287	-0.195578	-0.31321	
