0.101041	0.164459	0.237934	0.301509	0.338232	0.34428	0.319914	0.265983	0.192893	0.125519	0.0628486	0.00323162	-0.0500366	-0.0952689	-0.136024	-0.171024	-0.196804	-0.224557	-0.245066	-0.247656	-0.228934	-0.18187	-0.102224	-0.000130507	0.0948712	
0.0579874	0.0764591	0.101865	0.121809	0.133361	0.13622	0.12687	0.111053	0.0860981	0.0643893	0.0474948	0.0236277	-0.00603484	-0.0347263	-0.0620156	-0.0828741	-0.0952623	-0.114485	-0.131535	-0.131709	-0.114527	-0.0766821	-0.00877595	0.082014	0.174334	
0.0257613	0.00701797	-0.00856246	-0.0243704	-0.0366356	-0.0389448	-0.0303503	-0.0144944	-1.59847e-05	0.0176794	0.0381737	0.0510285	0.0480449	0.0349448	0.0229708	0.0201951	0.0177031	0.00154767	-0.0119742	-0.0102035	0.00501137	0.0345465	0.0878163	0.173125	0.269766	
-0.00307333	-0.0554422	-0.0994362	-0.133808	-0.161978	-0.168783	-0.146648	-0.113458	-0.0744306	-0.0247885	0.030239	0.0777889	0.105992	0.113795	0.123907	0.141695	0.145703	0.131927	0.114838	0.110148	0.120179	0.139217	0.18362	0.263894	0.363681	
-0.0276118	-0.108236	-0.173524	-0.221598	-0.257354	-0.265786	-0.237195	-0.194357	-0.135724	-0.0625317	0.0255791	0.108233	0.168978	0.206369	0.238855	0.266893	0.276218	0.26494	0.243249	0.229512	0.229522	0.237535	0.272654	0.342856	0.442579	
-0.0376194	-0.140075	-0.22812	-0.297574	-0.343358	-0.351921	-0.318768	-0.2588	-0.176794	-0.0810361	0.0320661	0.145713	0.238439	0.3122	0.365403	0.397595	0.407259	0.394395	0.367597	0.347965	0.332183	0.324728	0.348264	0.410091	0.502444	
-0.0254276	-0.151178	-0.261005	-0.350145	-0.410504	-0.420335	-0.378988	-0.299185	-0.197475	-0.0779843	0.0550565	0.191133	0.319413	0.426865	0.50291	0.540997	0.549992	0.529116	0.493456	0.461541	0.431751	0.412224	0.414532	0.4569	0.540981	
-0.002139	-0.148968	-0.276027	-0.382079	-0.45293	-0.46625	-0.415667	-0.321331	-0.20302	-0.0620665	0.0904497	0.25322	0.41154	0.546718	0.647025	0.694855	0.698129	0.664302	0.614202	0.567874	0.526677	0.49487	0.479093	0.499704	0.561661	
0.0339138	-0.127643	-0.268471	-0.381878	-0.459087	-0.473871	-0.417973	-0.317725	-0.186679	-0.0324597	0.140116	0.325003	0.499471	0.65519	0.771902	0.833251	0.834155	0.79193	0.729714	0.676339	0.636875	0.59372	0.562022	0.557696	0.584754	
0.0783157	-0.100278	-0.248922	-0.365917	-0.439294	-0.453703	-0.400918	-0.300445	-0.162539	0.00313731	0.196315	0.396773	0.583529	0.742441	0.869035	0.941018	0.946212	0.905577	0.852587	0.801107	0.75694	0.711881	0.673374	0.644563	0.632215	
0.110865	-0.080699	-0.236094	-0.352435	-0.419905	-0.430493	-0.38618	-0.287407	-0.147826	0.030667	0.235543	0.44637	0.646953	0.813832	0.942798	1.02038	1.03589	1.00476	0.967354	0.930127	0.889144	0.850453	0.809438	0.76416	0.707627	
0.10877	-0.087686	-0.247295	-0.361082	-0.417818	-0.4248	-0.391602	-0.298147	-0.157284	0.0264822	0.237817	0.455052	0.661571	0.835516	0.963459	1.04637	1.07987	1.07437	1.06432	1.04611	1.01945	0.986801	0.943406	0.882894	0.786499	
0.0739376	-0.118201	-0.276031	-0.392737	-0.445708	-0.451795	-0.42194	-0.329143	-0.185612	-0.00661253	0.200803	0.41108	0.610593	0.781455	0.910696	1.00481	1.06662	1.09744	1.12166	1.12787	1.11559	1.08856	1.04263	0.966069	0.846738	
0.0187593	-0.16248	-0.310378	-0.422957	-0.478126	-0.487337	-0.45184	-0.361217	-0.225061	-0.0568368	0.135093	0.325644	0.505062	0.659777	0.788867	0.900395	0.996682	1.06789	1.12785	1.16185	1.1731	1.15648	1.10474	1.01602	0.891436	
-0.0519957	-0.212225	-0.340314	-0.440863	-0.501005	-0.5116	-0.470946	-0.383543	-0.267511	-0.117899	0.0464402	0.209814	0.362631	0.493337	0.618869	0.741807	0.868283	0.983334	1.08164	1.15102	1.1852	1.18216	1.13648	1.05279	0.929932	
-0.130164	-0.261322	-0.372839	-0.463801	-0.522734	-0.532781	-0.492696	-0.411724	-0.309087	-0.183146	-0.0515351	0.0794585	0.19707	0.303889	0.422784	0.551518	0.70218	0.858236	0.992253	1.09019	1.15352	1.17611	1.14722	1.07722	0.964406	
-0.199272	-0.307205	-0.409078	-0.495027	-0.553194	-0.562449	-0.522877	-0.445603	-0.34945	-0.242334	-0.138935	-0.0467261	0.0380251	0.126752	0.233451	0.361706	0.525997	0.709025	0.872538	0.996116	1.08732	1.13795	1.13935	1.09142	0.998758	
-0.254526	-0.346869	-0.443323	-0.527581	-0.584018	-0.594872	-0.554437	-0.479479	-0.38602	-0.289916	-0.207139	-0.142568	-0.0812919	-0.00910961	0.0789932	0.195416	0.354301	0.536532	0.716635	0.863748	0.985371	1.07233	1.10912	1.09112	1.02497	
-0.288072	-0.36992	-0.461505	-0.551436	-0.611273	-0.622684	-0.58048	-0.49886	-0.405607	-0.319118	-0.247772	-0.198065	-0.154849	-0.102946	-0.0369737	0.056686	0.192758	0.354894	0.530408	0.699457	0.859663	0.98905	1.06592	1.08722	1.05448	
-0.301821	-0.380768	-0.472732	-0.573559	-0.641573	-0.653643	-0.606749	-0.513958	-0.41514	-0.332022	-0.262257	-0.217725	-0.187195	-0.158492	-0.118551	-0.0526225	0.0535997	0.193226	0.353312	0.534197	0.721809	0.888343	1.00544	1.06035	1.05484	
-0.311939	-0.398014	-0.504234	-0.605218	-0.676426	-0.690084	-0.638882	-0.546604	-0.439125	-0.344066	-0.269159	-0.220587	-0.194652	-0.17954	-0.166498	-0.12339	-0.0457124	0.0670447	0.211574	0.393651	0.591263	0.772365	0.911122	0.989725	0.996629	
-0.332868	-0.433079	-0.548931	-0.645377	-0.7093	-0.720506	-0.676225	-0.590357	-0.479926	-0.369814	-0.287086	-0.233409	-0.206644	-0.194018	-0.183152	-0.159668	-0.109947	-0.0206816	0.104077	0.274287	0.466698	0.651118	0.797143	0.881021	0.887334	
-0.380779	-0.492618	-0.611841	-0.703072	-0.75542	-0.764205	-0.728348	-0.653572	-0.541522	-0.422298	-0.327859	-0.26229	-0.228006	-0.207609	-0.190952	-0.18313	-0.156074	-0.0918841	0.0149907	0.168982	0.347017	0.512047	0.64371	0.723631	0.732854	
-0.459241	-0.583052	-0.703678	-0.793127	-0.846341	-0.85696	-0.818789	-0.744582	-0.633268	-0.507087	-0.395652	-0.311707	-0.259758	-0.22911	-0.211574	-0.207222	-0.194056	-0.148886	-0.0590706	0.0701038	0.218005	0.352277	0.46137	0.527045	0.5405	
-0.575684	-0.709588	-0.835461	-0.937468	-1.00436	-1.01705	-0.969175	-0.879521	-0.761878	-0.628946	-0.499476	-0.391983	-0.319239	-0.27309	-0.250443	-0.243703	-0.234512	-0.202742	-0.136506	-0.0417481	0.0677893	0.17458	0.259992	0.31451	0.326762	
-0.725814	-0.879905	-1.01984	-1.13966	-1.21419	-1.22709	-1.17602	-1.07135	-0.937672	-0.788552	-0.633165	-0.500736	-0.407498	-0.348908	-0.317941	-0.305606	-0.295035	-0.270691	-0.223351	-0.159669	-0.0837301	-0.00710725	0.0534869	0.0981363	0.114536	
-0.879905	-1.06499	-1.23592	-1.37948	-1.46609	-1.48001	-1.42278	-1.29771	-1.13607	-0.954571	-0.772509	-0.628976	-0.524572	-0.453608	-0.409834	-0.385703	-0.375163	-0.358	-0.324341	-0.280173	-0.231871	-0.182211	-0.134269	-0.0980559	-0.0797442	
-1.01984	-1.23592	-1.44697	-1.62089	-1.72416	-1.74151	-1.67237	-1.52243	-1.32301	-1.10503	-0.902627	-0.751288	-0.644233	-0.571548	-0.520651	-0.482866	-0.465135	-0.452772	-0.42402	-0.387074	-0.352537	-0.322451	-0.289988	-0.257065	-0.237328	
-1.13966	-1.37948	-1.62089	-1.82966	-1.9593	-1.98117	-1.89364	-1.71081	-1.47793	-1.23289	-1.01201	-0.844048	-0.73345	-0.666418	-0.61958	-0.584806	-0.559582	-0.538783	-0.50826	-0.475508	-0.448671	-0.430159	-0.407274	-0.371475	-0.352839	
-1.21419	-1.46609	-1.72416	-1.9593	-2.11215	-2.13982	-2.03334	-1.82399	-1.57017	-1.31173	-1.08233	-0.902276	-0.783536	-0.725322	-0.688993	-0.656172	-0.621364	-0.595822	-0.565185	-0.535107	-0.508929	-0.488569	-0.459641	-0.426149	-0.415939	
-1.22709	-1.48001	-1.74151	-1.98117	-2.13982	-2.1697	-2.05703	-1.84282	-1.58492	-1.32523	-1.09508	-0.913899	-0.792931	-0.73517	-0.701672	-0.669144	-0.632789	-0.607986	-0.574925	-0.544772	-0.518867	-0.498954	-0.466559	-0.432224	-0.425317	
-1.17602	-1.42278	-1.67237	-1.89364	-2.03334	-2.05703	-1.96261	-1.76696	-1.52436	-1.27166	-1.04568	-0.871636	-0.757852	-0.694905	-0.652726	-0.619232	-0.589858	-0.565738	-0.535593	-0.504108	-0.478839	-0.459702	-0.43606	-0.401402	-0.385282	
-1.07135	-1.29771	-1.52243	-1.71081	-1.82399	-1.84282	-1.76696	-1.60418	-1.38984	-1.15983	-0.949797	-0.792577	-0.685587	-0.613348	-0.562405	-0.524827	-0.503938	-0.489766	-0.459992	-0.424618	-0.393771	-0.369812	-0.343836	-0.308451	-0.288534	
-0.937672	-1.13607	-1.32301	-1.47793	-1.57017	-1.58492	-1.52436	-1.38984	-1.21347	-1.01711	-0.826081	-0.680181	-0.573776	-0.501603	-0.453732	-0.422154	-0.40974	-0.395742	-0.365503	-0.325551	-0.283949	-0.242395	-0.199887	-0.16733	-0.148178	
-0.788552	-0.954571	-1.10503	-1.23289	-1.31173	-1.32523	-1.27166	-1.15983	-1.01711	-0.85585	-0.688997	-0.55078	-0.451733	-0.387258	-0.352083	-0.336325	-0.325569	-0.303936	-0.263197	-0.208007	-0.144102	-0.0797846	-0.0252641	0.0160125	0.0329055	
-0.633165	-0.772509	-0.902627	-1.01201	-1.08233	-1.09508	-1.04568	-0.949797	-0.826081	-0.688997	-0.550914	-0.432302	-0.351011	-0.300474	-0.274201	-0.264835	-0.256079	-0.227191	-0.168792	-0.088787	0.0071505	0.102452	0.177253	0.227531	0.241502	
-0.500736	-0.628976	-0.751288	-0.844048	-0.902276	-0.913899	-0.871636	-0.792577	-0.680181	-0.55078	-0.432302	-0.339765	-0.279689	-0.242322	-0.22366	-0.219778	-0.209324	-0.170024	-0.0895524	0.0270474	0.159304	0.281745	0.381882	0.443114	0.455395	
-0.407498	-0.524572	-0.644233	-0.73345	-0.783536	-0.792931	-0.757852	-0.685587	-0.573776	-0.451733	-0.351011	-0.279689	-0.238411	-0.214802	-0.197626	-0.191943	-0.171629	-0.116367	-0.0153286	0.130527	0.298421	0.45134	0.574199	0.648721	0.660445	
-0.348908	-0.453608	-0.571548	-0.666418	-0.725322	-0.73517	-0.694905	-0.613348	-0.501603	-0.387258	-0.300474	-0.242322	-0.214802	-0.199075	-0.185097	-0.169499	-0.130304	-0.051106	0.0662963	0.229892	0.417861	0.597971	0.739482	0.823419	0.830595	
-0.317941	-0.409834	-0.520651	-0.61958	-0.688993	-0.701672	-0.652726	-0.562405	-0.453732	-0.352083	-0.274201	-0.22366	-0.197626	-0.185097	-0.176732	-0.141211	-0.0740491	0.0292969	0.16566	0.344857	0.541338	0.725318	0.869343	0.9514	0.958915	
-0.305606	-0.385703	-0.482866	-0.584806	-0.656172	-0.669144	-0.619232	-0.524827	-0.422154	-0.336325	-0.264835	-0.219778	-0.191943	-0.169499	-0.141211	-0.085419	0.00826914	0.137043	0.29137	0.474274	0.667594	0.84208	0.970805	1.03759	1.03871	
-0.295035	-0.375163	-0.465135	-0.559582	-0.621364	-0.632789	-0.589858	-0.503938	-0.40974	-0.325569	-0.256079	-0.209324	-0.171629	-0.130304	-0.0740491	0.00826914	0.133276	0.287826	0.456826	0.631472	0.804923	0.951821	1.04579	1.08105	1.06087	
-0.270691	-0.358	-0.452772	-0.538783	-0.595822	-0.607986	-0.565738	-0.489766	-0.395742	-0.303936	-0.227191	-0.170024	-0.116367	-0.051106	0.0292969	0.137043	0.287826	0.461936	0.643659	0.800561	0.937933	1.03994	1.09212	1.08962	1.03686	
-0.223351	-0.324341	-0.42402	-0.50826	-0.565185	-0.574925	-0.535593	-0.459992	-0.365503	-0.263197	-0.168792	-0.0895524	-0.0153286	0.0662963	0.16566	0.29137	0.456826	0.643659	0.814895	0.947624	1.05046	1.1149	1.13077	1.09261	1.00951	
-0.159669	-0.280173	-0.387074	-0.475508	-0.535107	-0.544772	-0.504108	-0.424618	-0.325551	-0.208007	-0.088787	0.0270474	0.130527	0.229892	0.344857	0.474274	0.631472	0.800561	0.947624	1.05699	1.13131	1.16429	1.14583	1.08483	0.97895	
-0.0837301	-0.231871	-0.352537	-0.448671	-0.508929	-0.518867	-0.478839	-0.393771	-0.283949	-0.144102	0.0071505	0.159304	0.298421	0.417861	0.541338	0.667594	0.804923	0.937933	1.05046	1.13131	1.17672	1.18399	1.1433	1.06348	0.943472	
-0.00710725	-0.182211	-0.322451	-0.430159	-0.488569	-0.498954	-0.459702	-0.369812	-0.242395	-0.0797846	0.102452	0.281745	0.45134	0.597971	0.725318	0.84208	0.951821	1.03994	1.1149	1.16429	1.18399	1.17141	1.12076	1.03211	0.907311	
0.0534869	-0.134269	-0.289988	-0.407274	-0.459641	-0.466559	-0.43606	-0.343836	-0.199887	-0.0252641	0.177253	0.381882	0.574199	0.739482	0.869343	0.970805	1.04579	1.09212	1.13077	1.14583	1.1433	1.12076	1.0711	0.988336	0.865377	
0.0981363	-0.0980559	-0.257065	-0.371475	-0.426149	-0.432224	-0.401402	-0.308451	-0.16733	0.0160125	0.227531	0.443114	0.648721	0.823419	0.9514	1.03759	1.08105	1.08962	1.09261	1.08483	1.06348	1.03211	0.988336	0.921455	0.813572	
0.114536	-0.0797442	-0.237328	-0.352839	-0.415939	-0.425317	-0.385282	-0.288534	-0.148178	0.0329055	0.241502	0.455395	0.660445	0.830595	0.958915	1.03871	1.06087	1.03686	1.00951	0.97895	0.943472	0.907311	0.865377	0.813572	0.74066	
