0.527278	0.566944	0.597938	0.619598	0.631523	0.633519	0.625553	0.607753	0.580431	0.544137	0.499727	0.448441	0.391959	0.332408	0.272298	0.214347	0.161201	0.115085	0.0774598	0.0488022	0.028578	0.0154523	0.0076712	0.00348118	0.00143972	
0.83128	0.876081	0.910082	0.933334	0.945961	0.948062	0.939654	0.920668	0.890981	0.850498	0.799276	0.737678	0.666566	0.587472	0.502739	0.415555	0.329788	0.249598	0.178832	0.120349	0.0754676	0.0437598	0.0233043	0.0113362	0.00501749	
1.1315	1.17036	1.19881	1.21775	1.22785	1.22952	1.22282	1.20749	1.18294	1.14835	1.10278	1.04528	0.975168	0.892283	0.797317	0.692173	0.580251	0.466455	0.356779	0.257442	0.173681	0.108579	0.0623899	0.0327261	0.0155924	
1.35264	1.377	1.39383	1.40449	1.41	1.41089	1.40727	1.39876	1.38455	1.36338	1.33367	1.29357	1.24108	1.17429	1.09165	0.992362	0.877027	0.74833	0.611503	0.474191	0.345473	0.234037	0.145966	0.0830967	0.0428981	
1.46333	1.47059	1.47408	1.47543	1.4758	1.47583	1.47563	1.47477	1.4723	1.46677	1.4563	1.43864	1.41127	1.37148	1.31654	1.24379	1.15086	1.03644	0.901426	0.75009	0.590723	0.435077	0.296074	0.184117	0.103711	
1.4672	1.45528	1.4437	1.43445	1.42894	1.42798	1.43169	1.43955	1.4504	1.46248	1.47344	1.48052	1.48063	1.47048	1.44687	1.40695	1.34783	1.26642	1.15996	1.02713	0.869973	0.69575	0.517819	0.353553	0.218773	
1.35151	1.31612	1.28638	1.26452	1.25212	1.25003	1.25834	1.27656	1.30337	1.33682	1.37424	1.41215	1.44661	1.47321	1.48708	1.48408	1.46118	1.41591	1.34594	1.24865	1.12166	0.964455	0.781618	0.586474	0.400539	
1.1023	1.04405	0.997259	0.963932	0.945427	0.942346	0.954832	0.982386	1.02401	1.07792	1.14182	1.21243	1.28545	1.35623	1.41877	1.46584	1.49129	1.4905	1.46073	1.4008	1.31018	1.18797	1.03242	0.844504	0.636039	
0.754197	0.679458	0.620669	0.5796	0.557	0.553214	0.568564	0.602353	0.654283	0.722823	0.806217	0.902163	1.00684	1.11563	1.22429	1.32559	1.41076	1.47108	1.49883	1.48886	1.43942	1.35247	1.23159	1.07619	0.883609	
0.351733	0.265782	0.199561	0.153899	0.128802	0.124629	0.141395	0.178927	0.236972	0.315209	0.412139	0.526058	0.655036	0.793332	0.936498	1.08003	1.21632	1.33672	1.43127	1.4897	1.50305	1.46558	1.38024	1.25717	1.09886	
-0.0778771	-0.166846	-0.233195	-0.278691	-0.303432	-0.307331	-0.291565	-0.254136	-0.196424	-0.116449	-0.0144619	0.108331	0.251891	0.414122	0.587448	0.767013	0.945362	1.11403	1.26435	1.38669	1.47134	1.50698	1.4809	1.39516	1.2673	
-0.480075	-0.559195	-0.617081	-0.656007	-0.676609	-0.680012	-0.666846	-0.635528	-0.585334	-0.514788	-0.421464	-0.303721	-0.163681	0.00261008	0.191262	0.396825	0.612331	0.826979	1.02926	1.20772	1.35125	1.45426	1.50637	1.48676	1.39749	
-0.805937	-0.866012	-0.909437	-0.936358	-0.95039	-0.953283	-0.94286	-0.922619	-0.88558	-0.832596	-0.759004	-0.659965	-0.534345	-0.382167	-0.200312	0.00735022	0.2377	0.482381	0.729398	0.964649	1.17146	1.33162	1.4462	1.50608	1.48408	
-1.0283	-1.06258	-1.08338	-1.0947	-1.09976	-1.10062	-1.09652	-1.08797	-1.07194	-1.04442	-0.99971	-0.935299	-0.839832	-0.713768	-0.551601	-0.35638	-0.129123	0.122576	0.391524	0.662062	0.925159	1.15637	1.32864	1.45011	1.50707	
-1.12015	-1.12164	-1.11621	-1.11058	-1.10511	-1.10425	-1.10883	-1.11233	-1.1195	-1.12164	-1.11432	-1.08988	-1.0422	-0.962352	-0.842074	-0.678972	-0.47139	-0.225307	0.0510689	0.3447	0.633027	0.917958	1.16288	1.34194	1.46449	
-1.08587	-1.05528	-1.02677	-1.00429	-0.992161	-0.990732	-0.998672	-1.01815	-1.04314	-1.07218	-1.10426	-1.12349	-1.1257	-1.0974	-1.03371	-0.92026	-0.759674	-0.541191	-0.282659	0.0212811	0.337247	0.645216	0.945021	1.19076	1.37133	
-0.945582	-0.893686	-0.848252	-0.817474	-0.803516	-0.798255	-0.809021	-0.836104	-0.873589	-0.923895	-0.98108	-1.04353	-1.09886	-1.12929	-1.12776	-1.07353	-0.967378	-0.796664	-0.567208	-0.292719	0.0342865	0.367467	0.69787	1.00071	1.23936	
-0.753573	-0.689283	-0.646586	-0.616294	-0.600293	-0.596991	-0.60854	-0.631263	-0.670704	-0.727014	-0.795496	-0.881032	-0.969356	-1.05659	-1.11498	-1.13684	-1.09306	-0.989965	-0.802064	-0.556356	-0.25307	0.0889781	0.440386	0.785013	1.07809	
-0.566415	-0.516162	-0.485253	-0.464939	-0.452457	-0.453941	-0.460064	-0.473838	-0.50355	-0.543655	-0.603691	-0.689381	-0.79402	-0.913489	-1.02182	-1.10518	-1.13392	-1.09598	-0.979761	-0.778816	-0.504724	-0.171841	0.186073	0.556301	0.896369	
-0.445238	-0.421302	-0.403977	-0.398629	-0.394411	-0.392673	-0.39644	-0.400771	-0.413484	-0.434168	-0.468786	-0.520472	-0.610854	-0.732072	-0.875382	-1.00762	-1.10463	-1.13608	-1.08377	-0.942027	-0.716702	-0.407579	-0.0525006	0.328526	0.703143	
-0.405709	-0.398664	-0.396146	-0.394203	-0.392632	-0.393506	-0.39443	-0.395547	-0.3971	-0.402996	-0.412864	-0.432927	-0.479695	-0.571772	-0.707944	-0.866748	-1.01317	-1.10995	-1.13353	-1.05308	-0.878202	-0.608084	-0.268588	0.112385	0.508519	
-0.41195	-0.40586	-0.39638	-0.395093	-0.391294	-0.387806	-0.393481	-0.396293	-0.400416	-0.408713	-0.418092	-0.413411	-0.419332	-0.460024	-0.565966	-0.71847	-0.895268	-1.04083	-1.12371	-1.11175	-0.995777	-0.770779	-0.456025	-0.0843386	0.321788	
-0.394444	-0.377423	-0.372313	-0.358134	-0.355314	-0.354648	-0.354781	-0.367956	-0.374602	-0.385807	-0.41258	-0.429484	-0.422795	-0.419618	-0.469524	-0.590477	-0.765254	-0.944395	-1.08302	-1.12963	-1.06959	-0.894809	-0.612667	-0.257789	0.149601	
-0.350596	-0.338791	-0.333118	-0.316182	-0.317274	-0.319588	-0.314534	-0.327597	-0.337602	-0.341804	-0.372117	-0.410162	-0.430488	-0.415252	-0.427068	-0.49976	-0.656032	-0.842633	-1.01453	-1.11461	-1.10975	-0.985801	-0.73821	-0.40516	-0.00463467	
-0.318279	-0.323359	-0.323227	-0.305921	-0.314084	-0.318753	-0.304309	-0.316794	-0.324682	-0.321109	-0.319912	-0.364142	-0.415085	-0.421834	-0.414494	-0.447931	-0.567654	-0.748599	-0.942255	-1.08382	-1.12144	-1.04575	-0.835298	-0.525188	-0.13786	
-0.33449	-0.335455	-0.310847	-0.314182	-0.313242	-0.309445	-0.316469	-0.31034	-0.323136	-0.341539	-0.320199	-0.333739	-0.377656	-0.409574	-0.406715	-0.420882	-0.507364	-0.675491	-0.869976	-1.04243	-1.11851	-1.08343	-0.908977	-0.619605	-0.246435	
-0.335455	-0.320797	-0.29283	-0.305922	-0.297443	-0.287873	-0.307986	-0.295713	-0.305428	-0.336266	-0.325217	-0.331521	-0.358266	-0.401247	-0.40006	-0.407753	-0.46585	-0.615389	-0.810148	-1.00165	-1.10779	-1.10241	-0.960269	-0.693371	-0.332808	
-0.310847	-0.29283	-0.280623	-0.291658	-0.283401	-0.275506	-0.292051	-0.283745	-0.285876	-0.303903	-0.318324	-0.327849	-0.353871	-0.391422	-0.396397	-0.396559	-0.441149	-0.575018	-0.765512	-0.963767	-1.0923	-1.11446	-0.995187	-0.744956	-0.397104	
-0.314182	-0.305922	-0.291658	-0.297629	-0.290858	-0.287461	-0.298183	-0.291805	-0.298712	-0.314815	-0.308191	-0.309641	-0.337808	-0.385943	-0.395893	-0.394323	-0.426761	-0.549213	-0.732683	-0.937959	-1.07971	-1.11754	-1.01697	-0.779782	-0.440297	
-0.313242	-0.297443	-0.283401	-0.290858	-0.284713	-0.277005	-0.291461	-0.286161	-0.288353	-0.30944	-0.313019	-0.315036	-0.334587	-0.382386	-0.392617	-0.391953	-0.417079	-0.532985	-0.717675	-0.924213	-1.07119	-1.11818	-1.02821	-0.798472	-0.463543	
-0.309445	-0.287873	-0.275506	-0.287461	-0.277005	-0.269244	-0.288006	-0.278267	-0.280927	-0.301514	-0.316908	-0.318497	-0.336264	-0.379041	-0.392908	-0.391237	-0.418296	-0.531992	-0.714115	-0.920426	-1.0709	-1.11908	-1.02867	-0.801032	-0.468051	
-0.316469	-0.307986	-0.292051	-0.298183	-0.291461	-0.288006	-0.298405	-0.292369	-0.300168	-0.316335	-0.308065	-0.307383	-0.334691	-0.383011	-0.395458	-0.393504	-0.421583	-0.542945	-0.723137	-0.930724	-1.0765	-1.11716	-1.02242	-0.789932	-0.45229	
-0.31034	-0.295713	-0.283745	-0.291805	-0.286161	-0.278267	-0.292369	-0.286583	-0.288697	-0.305731	-0.314174	-0.322144	-0.348226	-0.390433	-0.396674	-0.394941	-0.43317	-0.560559	-0.752109	-0.954203	-1.08676	-1.11531	-1.00459	-0.761347	-0.417595	
-0.323136	-0.305428	-0.285876	-0.298712	-0.288353	-0.280927	-0.300168	-0.288697	-0.294239	-0.319238	-0.323535	-0.330843	-0.356654	-0.395813	-0.398026	-0.402139	-0.455424	-0.598521	-0.790596	-0.985106	-1.10124	-1.10733	-0.975925	-0.717363	-0.361733	
-0.341539	-0.336266	-0.303903	-0.314815	-0.30944	-0.301514	-0.316335	-0.305731	-0.319238	-0.348568	-0.324227	-0.330657	-0.36597	-0.406502	-0.40272	-0.415666	-0.48715	-0.650374	-0.845486	-1.02455	-1.11439	-1.09277	-0.932266	-0.652183	-0.283817	
-0.320199	-0.325217	-0.318324	-0.308191	-0.313019	-0.316908	-0.308065	-0.314174	-0.323535	-0.324227	-0.3142	-0.348252	-0.401577	-0.418541	-0.412758	-0.43523	-0.542005	-0.715617	-0.910659	-1.06856	-1.12222	-1.06385	-0.867607	-0.565403	-0.184286	
-0.333739	-0.331521	-0.327849	-0.309641	-0.315036	-0.318497	-0.307383	-0.322144	-0.330843	-0.330657	-0.348252	-0.392819	-0.427716	-0.418918	-0.418608	-0.474565	-0.616099	-0.804113	-0.986991	-1.10308	-1.11748	-1.01351	-0.779404	-0.456264	-0.0613711	
-0.377656	-0.358266	-0.353871	-0.337808	-0.334587	-0.336264	-0.334691	-0.348226	-0.356654	-0.36597	-0.401577	-0.427716	-0.42794	-0.414743	-0.447453	-0.549178	-0.719542	-0.901649	-1.05722	-1.12808	-1.08971	-0.934838	-0.666452	-0.320081	0.0853601	
-0.409574	-0.401247	-0.391422	-0.385943	-0.382386	-0.379041	-0.383011	-0.390433	-0.395813	-0.406502	-0.418541	-0.418918	-0.414743	-0.436464	-0.51958	-0.663852	-0.842437	-1.00632	-1.11206	-1.12231	-1.03023	-0.825273	-0.521879	-0.156332	0.250579	
-0.406715	-0.40006	-0.396397	-0.395893	-0.392617	-0.392908	-0.395458	-0.396674	-0.398026	-0.40272	-0.412758	-0.418608	-0.447453	-0.51958	-0.647938	-0.806894	-0.969267	-1.08482	-1.13458	-1.08362	-0.930485	-0.677317	-0.347006	0.0310205	0.432117	
-0.420882	-0.407753	-0.396559	-0.394323	-0.391953	-0.391237	-0.393504	-0.394941	-0.402139	-0.415666	-0.43523	-0.474565	-0.549178	-0.663852	-0.806894	-0.954702	-1.07326	-1.13371	-1.11173	-0.991317	-0.787017	-0.493089	-0.141671	0.240503	0.624541	
-0.507364	-0.46585	-0.441149	-0.426761	-0.417079	-0.418296	-0.421583	-0.43317	-0.455424	-0.48715	-0.542005	-0.616099	-0.719542	-0.842437	-0.969267	-1.07326	-1.13092	-1.11878	-1.02795	-0.852277	-0.595654	-0.26913	0.0887612	0.46421	0.819512	
-0.675491	-0.615389	-0.575018	-0.549213	-0.532985	-0.531992	-0.542945	-0.560559	-0.598521	-0.650374	-0.715617	-0.804113	-0.901649	-1.00632	-1.08482	-1.13371	-1.11878	-1.04213	-0.883139	-0.650406	-0.357511	-0.0186862	0.337489	0.694542	1.0072	
-0.869976	-0.810148	-0.765512	-0.732683	-0.717675	-0.714115	-0.723137	-0.752109	-0.790596	-0.845486	-0.910659	-0.986991	-1.05722	-1.11206	-1.13458	-1.11173	-1.02795	-0.883139	-0.665858	-0.403889	-0.0855022	0.255478	0.59629	0.916748	1.17743	
-1.04243	-1.00165	-0.963767	-0.937959	-0.924213	-0.920426	-0.930724	-0.954203	-0.985106	-1.02455	-1.06856	-1.10308	-1.12808	-1.12231	-1.08362	-0.991317	-0.852277	-0.650406	-0.403889	-0.10903	0.217066	0.535083	0.848193	1.11854	1.3225	
-1.11851	-1.10779	-1.0923	-1.07971	-1.07119	-1.0709	-1.0765	-1.08676	-1.10124	-1.11439	-1.12222	-1.11748	-1.08971	-1.03023	-0.930485	-0.787017	-0.595654	-0.357511	-0.0855022	0.217066	0.514736	0.81006	1.08154	1.28678	1.43216	
-1.08343	-1.10241	-1.11446	-1.11754	-1.11818	-1.11908	-1.11716	-1.11531	-1.10733	-1.09277	-1.06385	-1.01351	-0.934838	-0.825273	-0.677317	-0.493089	-0.26913	-0.0186862	0.255478	0.535083	0.81006	1.06874	1.26946	1.41157	1.49672	
-0.908977	-0.960269	-0.995187	-1.01697	-1.02821	-1.02867	-1.02242	-1.00459	-0.975925	-0.932266	-0.867607	-0.779404	-0.666452	-0.521879	-0.347006	-0.141671	0.0887612	0.337489	0.59629	0.848193	1.08154	1.26946	1.40424	1.49083	1.50178	
-0.619605	-0.693371	-0.744956	-0.779782	-0.798472	-0.801032	-0.789932	-0.761347	-0.717363	-0.652183	-0.565403	-0.456264	-0.320081	-0.156332	0.0310205	0.240503	0.46421	0.694542	0.916748	1.11854	1.28678	1.41157	1.49083	1.50432	1.43879	
-0.246435	-0.332808	-0.397104	-0.440297	-0.463543	-0.468051	-0.45229	-0.417595	-0.361733	-0.283817	-0.184286	-0.0613711	0.0853601	0.250579	0.432117	0.624541	0.819512	1.0072	1.17743	1.3225	1.43216	1.49672	1.50178	1.43879	1.32351	
