0.175766	0.244515	0.327046	0.402132	0.449655	0.458428	0.425137	0.359448	0.276763	0.200853	0.14734	0.124485	0.131077	0.166348	0.222351	0.296621	0.370493	0.434338	0.480545	0.511733	0.503746	0.441741	0.321046	0.163723	-0.0188922	
0.0236347	0.0854755	0.156852	0.22402	0.266532	0.274988	0.244544	0.185232	0.113367	0.0462361	-0.00143132	-0.0183353	-0.00900512	0.0283102	0.094725	0.179356	0.268851	0.357824	0.447403	0.534208	0.58931	0.580695	0.49471	0.351178	0.177622	
-0.139795	-0.101697	-0.0506162	0.00398525	0.0380739	0.0438994	0.0208789	-0.0279791	-0.0828689	-0.126677	-0.153501	-0.157004	-0.139001	-0.0949802	-0.0221834	0.0755696	0.186769	0.30171	0.424986	0.561477	0.668738	0.711318	0.669683	0.560262	0.412733	
-0.315512	-0.301093	-0.272603	-0.233238	-0.207095	-0.201326	-0.220251	-0.257067	-0.291321	-0.311235	-0.315753	-0.297357	-0.264141	-0.209001	-0.123139	-0.016928	0.102736	0.237595	0.392112	0.567966	0.721835	0.810573	0.816338	0.755202	0.650919	
-0.480678	-0.487679	-0.483285	-0.463923	-0.450245	-0.448088	-0.456521	-0.476597	-0.487983	-0.484826	-0.471021	-0.440561	-0.392485	-0.328365	-0.235099	-0.12268	0.00579254	0.153585	0.330516	0.53201	0.723581	0.859606	0.915713	0.905032	0.851915	
-0.610284	-0.639213	-0.657704	-0.658589	-0.657021	-0.65638	-0.657995	-0.659305	-0.648811	-0.622337	-0.592183	-0.554973	-0.510684	-0.451264	-0.363085	-0.246684	-0.111841	0.0441204	0.231736	0.451242	0.669962	0.847759	0.95963	1.00283	1.00038	
-0.686907	-0.733331	-0.769282	-0.78703	-0.792856	-0.7928	-0.79006	-0.778693	-0.750007	-0.705715	-0.660852	-0.625369	-0.594999	-0.553426	-0.481938	-0.378508	-0.24548	-0.0811485	0.115528	0.341328	0.572656	0.776573	0.931704	1.03432	1.08569	
-0.716431	-0.766286	-0.814516	-0.84537	-0.85531	-0.855708	-0.851479	-0.829459	-0.787203	-0.735128	-0.692989	-0.668363	-0.65565	-0.634982	-0.583739	-0.489634	-0.362809	-0.207534	-0.0231456	0.190285	0.420251	0.638952	0.827324	0.981205	1.09576	
-0.70814	-0.757807	-0.804244	-0.832511	-0.844547	-0.846108	-0.8391	-0.816999	-0.778492	-0.726821	-0.687197	-0.676663	-0.688225	-0.686463	-0.647691	-0.566192	-0.458124	-0.327011	-0.174116	0.00832766	0.218414	0.440788	0.653696	0.852429	1.02238	
-0.661672	-0.706784	-0.753074	-0.776339	-0.780693	-0.78004	-0.779772	-0.765115	-0.727496	-0.67718	-0.646093	-0.64659	-0.673085	-0.691421	-0.677343	-0.619253	-0.539468	-0.442655	-0.326886	-0.181008	-0.00413118	0.210191	0.436857	0.665559	0.875117	
-0.580606	-0.621915	-0.66368	-0.68951	-0.698537	-0.699492	-0.695062	-0.676234	-0.639655	-0.595803	-0.567494	-0.579293	-0.623334	-0.661898	-0.674574	-0.650999	-0.604162	-0.553757	-0.478467	-0.364478	-0.220786	-0.0332799	0.190349	0.432232	0.671657	
-0.487071	-0.521208	-0.561058	-0.589564	-0.59983	-0.599408	-0.595726	-0.575272	-0.537467	-0.498211	-0.478897	-0.501445	-0.563891	-0.617521	-0.649434	-0.659728	-0.654269	-0.645108	-0.618027	-0.544583	-0.43552	-0.279588	-0.0728344	0.174546	0.431799	
-0.416089	-0.433366	-0.461773	-0.478566	-0.488804	-0.490028	-0.483264	-0.470312	-0.444821	-0.420105	-0.417534	-0.445272	-0.505625	-0.568733	-0.613813	-0.652959	-0.687927	-0.715853	-0.724064	-0.69496	-0.622542	-0.496049	-0.314025	-0.0811744	0.180628	
-0.369392	-0.365366	-0.373874	-0.375924	-0.381178	-0.384345	-0.376972	-0.375098	-0.367843	-0.365405	-0.382444	-0.414645	-0.46698	-0.530768	-0.580799	-0.631243	-0.690873	-0.7521	-0.786337	-0.785266	-0.752385	-0.664767	-0.507623	-0.298385	-0.0496391	
-0.34023	-0.317886	-0.303235	-0.293173	-0.298014	-0.299772	-0.293913	-0.297776	-0.311909	-0.329705	-0.359097	-0.396036	-0.441103	-0.487697	-0.53842	-0.599975	-0.672356	-0.750934	-0.80527	-0.823371	-0.817497	-0.766385	-0.644193	-0.46505	-0.243723	
-0.32244	-0.288661	-0.259332	-0.249504	-0.248905	-0.248792	-0.248582	-0.253884	-0.275106	-0.309151	-0.341364	-0.37094	-0.400262	-0.432036	-0.480475	-0.54488	-0.623299	-0.710853	-0.782564	-0.822179	-0.831084	-0.801917	-0.721751	-0.577934	-0.388553	
-0.314885	-0.282832	-0.250875	-0.243046	-0.243415	-0.243569	-0.2431	-0.245296	-0.267498	-0.304299	-0.327244	-0.338033	-0.349651	-0.367972	-0.40351	-0.465253	-0.55142	-0.644393	-0.724694	-0.785985	-0.814893	-0.805679	-0.752601	-0.649027	-0.501508	
-0.313854	-0.294746	-0.272511	-0.263552	-0.264839	-0.265126	-0.263285	-0.266881	-0.28563	-0.307582	-0.31599	-0.305595	-0.295908	-0.297975	-0.321177	-0.37235	-0.456743	-0.552866	-0.645877	-0.720279	-0.767702	-0.777899	-0.747009	-0.675555	-0.575317	
-0.314196	-0.308669	-0.297719	-0.2906	-0.292335	-0.293457	-0.290811	-0.293002	-0.304726	-0.313087	-0.308162	-0.283698	-0.254362	-0.237509	-0.249284	-0.284645	-0.352752	-0.452571	-0.554844	-0.632442	-0.689846	-0.715324	-0.710484	-0.67387	-0.61332	
-0.322273	-0.33217	-0.323427	-0.313394	-0.30673	-0.30781	-0.309092	-0.319176	-0.329679	-0.329919	-0.306116	-0.274333	-0.243909	-0.221526	-0.215592	-0.231551	-0.276401	-0.363275	-0.460658	-0.545166	-0.609638	-0.644914	-0.664197	-0.664971	-0.645161	
-0.336881	-0.349404	-0.340799	-0.321201	-0.305846	-0.303055	-0.31387	-0.334187	-0.348032	-0.345193	-0.320719	-0.292007	-0.267648	-0.240238	-0.216792	-0.215005	-0.238551	-0.304121	-0.391061	-0.476126	-0.540934	-0.586787	-0.618096	-0.646233	-0.666915	
-0.341624	-0.347885	-0.337444	-0.312449	-0.287161	-0.279857	-0.301694	-0.329517	-0.345175	-0.34616	-0.330176	-0.308304	-0.296497	-0.275075	-0.240851	-0.217766	-0.223698	-0.274119	-0.349466	-0.422684	-0.485065	-0.536364	-0.574196	-0.615268	-0.656448	
-0.324746	-0.33442	-0.324421	-0.293876	-0.261382	-0.254051	-0.279621	-0.314384	-0.333053	-0.330126	-0.315177	-0.305883	-0.308579	-0.299587	-0.270118	-0.240468	-0.235856	-0.272308	-0.331489	-0.390193	-0.442464	-0.480169	-0.513574	-0.565633	-0.620726	
-0.286603	-0.305644	-0.302148	-0.271038	-0.24443	-0.241668	-0.25738	-0.291473	-0.30871	-0.29398	-0.280657	-0.287023	-0.301219	-0.308129	-0.292521	-0.26681	-0.263429	-0.287275	-0.325271	-0.367427	-0.403298	-0.424195	-0.449486	-0.498838	-0.566632	
-0.260273	-0.274614	-0.278299	-0.261702	-0.242693	-0.240501	-0.252823	-0.2737	-0.277906	-0.264662	-0.259762	-0.273296	-0.298952	-0.319037	-0.315076	-0.298801	-0.296091	-0.307161	-0.32479	-0.344547	-0.364941	-0.385777	-0.40945	-0.454628	-0.531133	
-0.26108	-0.267053	-0.266841	-0.259564	-0.241737	-0.236833	-0.252268	-0.26594	-0.267477	-0.263948	-0.25831	-0.272447	-0.310476	-0.338421	-0.340676	-0.328182	-0.316522	-0.313123	-0.314484	-0.318378	-0.332311	-0.355842	-0.394772	-0.455234	-0.542231	
-0.267053	-0.263862	-0.257748	-0.253317	-0.246122	-0.244422	-0.25117	-0.25584	-0.261449	-0.266969	-0.268472	-0.291981	-0.324812	-0.343461	-0.350477	-0.341558	-0.316441	-0.300418	-0.286188	-0.283444	-0.303888	-0.344016	-0.404211	-0.483147	-0.582312	
-0.266841	-0.257748	-0.251331	-0.255055	-0.26041	-0.261384	-0.258025	-0.251644	-0.254135	-0.263863	-0.272277	-0.292176	-0.316694	-0.333038	-0.340914	-0.332925	-0.306927	-0.283096	-0.256844	-0.252122	-0.281122	-0.343472	-0.425093	-0.520097	-0.62327	
-0.259564	-0.253317	-0.255055	-0.272109	-0.285602	-0.28776	-0.27838	-0.26143	-0.251859	-0.257469	-0.261495	-0.265078	-0.283657	-0.306665	-0.318957	-0.31888	-0.300897	-0.274501	-0.248719	-0.243032	-0.269958	-0.340045	-0.435342	-0.546295	-0.650437	
-0.241737	-0.246122	-0.26041	-0.285602	-0.315504	-0.322968	-0.297499	-0.269202	-0.250623	-0.242061	-0.24254	-0.242608	-0.2527	-0.276935	-0.300148	-0.308285	-0.300485	-0.275886	-0.250392	-0.241517	-0.273966	-0.343723	-0.444132	-0.556666	-0.66062	
-0.236833	-0.244422	-0.261384	-0.28776	-0.322968	-0.333616	-0.301532	-0.270344	-0.249736	-0.238265	-0.238745	-0.241402	-0.246908	-0.26903	-0.295367	-0.308776	-0.301687	-0.277017	-0.251141	-0.240543	-0.274731	-0.347209	-0.44649	-0.55619	-0.661703	
-0.252268	-0.25117	-0.258025	-0.27838	-0.297499	-0.301532	-0.28586	-0.265663	-0.252103	-0.251559	-0.253207	-0.253268	-0.268725	-0.294549	-0.310385	-0.313048	-0.29988	-0.274153	-0.249157	-0.242244	-0.270243	-0.340367	-0.438309	-0.552088	-0.656559	
-0.26594	-0.25584	-0.251644	-0.26143	-0.269202	-0.270344	-0.265663	-0.254683	-0.252186	-0.262434	-0.270224	-0.283232	-0.305461	-0.32494	-0.333402	-0.327712	-0.303493	-0.277901	-0.250871	-0.246975	-0.274754	-0.34189	-0.43044	-0.533637	-0.636002	
-0.267477	-0.261449	-0.254135	-0.251859	-0.250623	-0.249736	-0.252103	-0.252186	-0.258531	-0.265978	-0.271114	-0.295795	-0.325453	-0.340649	-0.348674	-0.339595	-0.313013	-0.293677	-0.27281	-0.268541	-0.294244	-0.343155	-0.412489	-0.497957	-0.599294	
-0.263948	-0.266969	-0.263863	-0.257469	-0.242061	-0.238265	-0.251559	-0.262434	-0.265978	-0.266778	-0.261418	-0.279352	-0.316994	-0.342136	-0.34744	-0.337542	-0.318174	-0.309361	-0.305501	-0.305065	-0.32015	-0.349214	-0.396127	-0.463566	-0.556925	
-0.25831	-0.268472	-0.272277	-0.261495	-0.24254	-0.238745	-0.253207	-0.270224	-0.271114	-0.261418	-0.257354	-0.269726	-0.302055	-0.32801	-0.326299	-0.310391	-0.30634	-0.311752	-0.32288	-0.335601	-0.3517	-0.372188	-0.400782	-0.450791	-0.530426	
-0.272447	-0.291981	-0.292176	-0.265078	-0.242608	-0.241402	-0.253268	-0.283232	-0.295795	-0.279352	-0.269726	-0.28112	-0.298608	-0.31052	-0.300033	-0.279421	-0.277464	-0.295618	-0.324638	-0.357985	-0.386987	-0.407341	-0.429983	-0.475453	-0.547627	
-0.310476	-0.324812	-0.316694	-0.283657	-0.2527	-0.246908	-0.268725	-0.305461	-0.325453	-0.316994	-0.302055	-0.298608	-0.306188	-0.304509	-0.280366	-0.250378	-0.24549	-0.276349	-0.327857	-0.38071	-0.426913	-0.456484	-0.486911	-0.539301	-0.600028	
-0.338421	-0.343461	-0.333038	-0.306665	-0.276935	-0.26903	-0.294549	-0.32494	-0.340649	-0.342136	-0.32801	-0.31052	-0.304509	-0.287903	-0.25305	-0.225602	-0.225581	-0.270521	-0.340213	-0.407854	-0.466605	-0.515043	-0.552329	-0.59837	-0.644758	
-0.340676	-0.350477	-0.340914	-0.318957	-0.300148	-0.295367	-0.310385	-0.333402	-0.348674	-0.34744	-0.326299	-0.300033	-0.280366	-0.25305	-0.22335	-0.213579	-0.230139	-0.289157	-0.370753	-0.452124	-0.516538	-0.566498	-0.600174	-0.635709	-0.666207	
-0.328182	-0.341558	-0.332925	-0.31888	-0.308285	-0.308776	-0.313048	-0.327712	-0.339595	-0.337542	-0.310391	-0.279421	-0.250378	-0.225602	-0.213579	-0.222676	-0.257073	-0.335421	-0.429471	-0.515008	-0.581353	-0.6208	-0.645792	-0.658843	-0.656791	
-0.316522	-0.316441	-0.306927	-0.300897	-0.300485	-0.301687	-0.29988	-0.303493	-0.313013	-0.318174	-0.30634	-0.277464	-0.24549	-0.225581	-0.230139	-0.257073	-0.317368	-0.414364	-0.516332	-0.59683	-0.656763	-0.685657	-0.692272	-0.670879	-0.626083	
-0.313123	-0.300418	-0.283096	-0.274501	-0.275886	-0.277017	-0.274153	-0.277901	-0.293677	-0.309361	-0.311752	-0.295618	-0.276349	-0.270521	-0.289157	-0.335421	-0.414364	-0.512787	-0.61026	-0.686545	-0.738783	-0.756427	-0.735043	-0.67632	-0.593384	
-0.314484	-0.286188	-0.256844	-0.248719	-0.250392	-0.251141	-0.249157	-0.250871	-0.27281	-0.305501	-0.32288	-0.324638	-0.327857	-0.340213	-0.370753	-0.429471	-0.516332	-0.61026	-0.695189	-0.763436	-0.800522	-0.799406	-0.754381	-0.665324	-0.536814	
-0.318378	-0.283444	-0.252122	-0.243032	-0.241517	-0.240543	-0.242244	-0.246975	-0.268541	-0.305065	-0.335601	-0.357985	-0.38071	-0.407854	-0.452124	-0.515008	-0.59683	-0.686545	-0.763436	-0.811938	-0.827256	-0.805786	-0.738944	-0.611036	-0.437381	
-0.332311	-0.303888	-0.281122	-0.269958	-0.273966	-0.274731	-0.270243	-0.274754	-0.294244	-0.32015	-0.3517	-0.386987	-0.426913	-0.466605	-0.516538	-0.581353	-0.656763	-0.738783	-0.800522	-0.827256	-0.827329	-0.786658	-0.681468	-0.516031	-0.307201	
-0.355842	-0.344016	-0.343472	-0.340045	-0.343723	-0.347209	-0.340367	-0.34189	-0.343155	-0.349214	-0.372188	-0.407341	-0.456484	-0.515043	-0.566498	-0.6208	-0.685657	-0.756427	-0.799406	-0.805786	-0.786658	-0.714653	-0.569741	-0.371862	-0.132658	
-0.394772	-0.404211	-0.425093	-0.435342	-0.444132	-0.44649	-0.438309	-0.43044	-0.412489	-0.396127	-0.400782	-0.429983	-0.486911	-0.552329	-0.600174	-0.645792	-0.692272	-0.735043	-0.754381	-0.738944	-0.681468	-0.569741	-0.397154	-0.174247	0.0850268	
-0.455234	-0.483147	-0.520097	-0.546295	-0.556666	-0.55619	-0.552088	-0.533637	-0.497957	-0.463566	-0.450791	-0.475453	-0.539301	-0.59837	-0.635709	-0.658843	-0.670879	-0.67632	-0.665324	-0.611036	-0.516031	-0.371862	-0.174247	0.069986	0.330456	
-0.542231	-0.582312	-0.62327	-0.650437	-0.66062	-0.661703	-0.656559	-0.636002	-0.599294	-0.556925	-0.530426	-0.547627	-0.600028	-0.644758	-0.666207	-0.656791	-0.626083	-0.593384	-0.536814	-0.437381	-0.307201	-0.132658	0.0850268	0.330456	0.578595	
