-0.125891	-0.0181422	0.0747798	0.14707	0.18826	0.194422	0.168006	0.106598	0.0214209	-0.0822054	-0.190699	-0.286561	-0.364162	-0.435684	-0.502377	-0.564522	-0.612671	-0.65011	-0.666425	-0.648073	-0.584579	-0.489239	-0.380772	-0.259574	-0.117111	
-0.054961	0.0399669	0.121546	0.179771	0.213176	0.218551	0.196419	0.147604	0.0748792	-0.016511	-0.1125	-0.201037	-0.279316	-0.360221	-0.450079	-0.538005	-0.61248	-0.675437	-0.722186	-0.739133	-0.714858	-0.656728	-0.57594	-0.471432	-0.332182	
0.0292315	0.103784	0.165957	0.209333	0.240712	0.246796	0.224265	0.18472	0.131156	0.0594733	-0.0166089	-0.0941826	-0.169481	-0.261574	-0.369998	-0.481261	-0.5802	-0.672096	-0.749795	-0.805781	-0.820787	-0.804353	-0.761326	-0.684897	-0.561209	
0.110378	0.162701	0.204627	0.23108	0.250252	0.253464	0.239658	0.216915	0.18133	0.132012	0.0745357	0.00272642	-0.0729948	-0.163871	-0.278606	-0.401365	-0.517854	-0.634531	-0.744997	-0.838541	-0.894228	-0.918595	-0.907328	-0.856266	-0.758049	
0.164069	0.200228	0.222476	0.233973	0.249798	0.253888	0.240605	0.22667	0.21095	0.180368	0.136917	0.0804195	0.0150181	-0.0735785	-0.18925	-0.316937	-0.442624	-0.569106	-0.698097	-0.823983	-0.91646	-0.974836	-0.993584	-0.971001	-0.906247	
0.193011	0.209978	0.21616	0.21798	0.223318	0.223717	0.21955	0.217282	0.213676	0.201175	0.175233	0.131088	0.0771712	0.00086817	-0.10637	-0.226393	-0.348839	-0.475303	-0.608408	-0.749905	-0.872477	-0.959848	-1.01327	-1.02776	-1.0017	
0.188125	0.194025	0.184484	0.166144	0.158275	0.157771	0.161233	0.17673	0.191888	0.192314	0.177205	0.146111	0.109171	0.0571942	-0.0287271	-0.130485	-0.233804	-0.349438	-0.47834	-0.627172	-0.776755	-0.896501	-0.975509	-1.02789	-1.04627	
0.150956	0.14381	0.122726	0.0920358	0.07427	0.0721861	0.0827034	0.109856	0.137986	0.149756	0.149682	0.143334	0.1317	0.107695	0.0519877	-0.0221179	-0.100686	-0.193311	-0.32022	-0.477241	-0.645197	-0.789755	-0.89847	-0.97709	-1.03577	
0.10002	0.07974	0.0461642	0.00875514	-0.0207693	-0.0259653	-0.00492621	0.03108	0.0677389	0.0934271	0.110108	0.13245	0.154278	0.159232	0.136631	0.0903528	0.0329451	-0.0391859	-0.149896	-0.301257	-0.473673	-0.639968	-0.779824	-0.890294	-0.981636	
0.054844	0.0184279	-0.0286112	-0.076937	-0.116156	-0.12486	-0.0946032	-0.0485262	0.000718323	0.0412597	0.0752901	0.119911	0.16751	0.195709	0.199934	0.180182	0.14906	0.1049	0.0193625	-0.116914	-0.285474	-0.458736	-0.622558	-0.769279	-0.892005	
0.00428076	-0.0417351	-0.0937923	-0.148374	-0.191756	-0.19989	-0.168841	-0.115421	-0.0622306	-0.0142733	0.0346876	0.0957424	0.157903	0.199203	0.218706	0.229372	0.228157	0.207761	0.152994	0.0489052	-0.102732	-0.27667	-0.454182	-0.623007	-0.77281	
-0.0538354	-0.104445	-0.146449	-0.193266	-0.226964	-0.233052	-0.209727	-0.165052	-0.120851	-0.0763066	-0.0169034	0.0454103	0.1114	0.1626	0.19646	0.228209	0.257534	0.264786	0.242925	0.174548	0.0520252	-0.114228	-0.29138	-0.461373	-0.625051	
-0.116005	-0.153952	-0.179568	-0.209829	-0.230344	-0.232282	-0.219854	-0.191365	-0.16468	-0.133569	-0.082984	-0.0223683	0.0383056	0.0906856	0.139304	0.188568	0.236899	0.274656	0.277986	0.241052	0.163649	0.0250871	-0.135999	-0.294245	-0.457631	
-0.153438	-0.183495	-0.198281	-0.2057	-0.207545	-0.207315	-0.20773	-0.201425	-0.190968	-0.167482	-0.126189	-0.073122	-0.0244378	0.0133543	0.0612321	0.122778	0.180739	0.234201	0.26534	0.266328	0.230875	0.140858	0.0145967	-0.125295	-0.281369	
-0.159338	-0.186701	-0.193632	-0.191631	-0.184853	-0.183999	-0.188915	-0.192987	-0.192333	-0.172931	-0.134397	-0.0962982	-0.0647846	-0.0392655	-0.00465412	0.0507483	0.110147	0.166476	0.22075	0.258622	0.263212	0.226687	0.153732	0.0437293	-0.102541	
-0.15718	-0.183903	-0.190003	-0.183269	-0.169985	-0.166733	-0.177982	-0.188214	-0.189114	-0.169481	-0.136396	-0.110394	-0.0909344	-0.0780439	-0.0612059	-0.0140751	0.0462541	0.102381	0.160357	0.216439	0.257247	0.265427	0.237251	0.172068	0.0541342	
-0.172734	-0.192582	-0.194414	-0.180568	-0.166531	-0.161951	-0.175364	-0.189083	-0.196051	-0.182073	-0.156906	-0.135053	-0.123697	-0.113415	-0.0956463	-0.0530216	-0.00489173	0.0471848	0.0995172	0.158752	0.218703	0.261219	0.271447	0.248082	0.165259	
-0.193606	-0.202283	-0.198651	-0.185713	-0.169343	-0.163704	-0.178964	-0.194465	-0.201801	-0.198583	-0.182435	-0.163909	-0.15252	-0.136356	-0.111473	-0.0774464	-0.0338504	0.0111367	0.0487059	0.100637	0.163836	0.227861	0.273163	0.275754	0.22246	
-0.204366	-0.206666	-0.20347	-0.196304	-0.187219	-0.185154	-0.192106	-0.201656	-0.205919	-0.206282	-0.198987	-0.181908	-0.163925	-0.145738	-0.121264	-0.0935202	-0.0603782	-0.02644	0.00190328	0.0452	0.106425	0.176647	0.238226	0.265965	0.245186	
-0.200479	-0.202479	-0.207657	-0.207427	-0.21307	-0.215439	-0.209417	-0.207668	-0.205731	-0.200563	-0.199743	-0.185254	-0.160303	-0.143656	-0.124538	-0.103013	-0.0878092	-0.0698654	-0.0461771	-0.0104047	0.0463436	0.118004	0.185725	0.231661	0.240808	
-0.19453	-0.192738	-0.200181	-0.212979	-0.235059	-0.240716	-0.221366	-0.203775	-0.195403	-0.192762	-0.197791	-0.190245	-0.165023	-0.1424	-0.122891	-0.114459	-0.113273	-0.104315	-0.0892611	-0.062973	-0.0107693	0.0565257	0.131069	0.192387	0.223429	
-0.202677	-0.188837	-0.18876	-0.20859	-0.230594	-0.232966	-0.219404	-0.194156	-0.186421	-0.196568	-0.206325	-0.198981	-0.177089	-0.15276	-0.138877	-0.136076	-0.137421	-0.132013	-0.118035	-0.0894077	-0.046543	0.00457708	0.0770193	0.154068	0.20051	
-0.205775	-0.179643	-0.167069	-0.188629	-0.210523	-0.213056	-0.200089	-0.171608	-0.171195	-0.195695	-0.215626	-0.219792	-0.203743	-0.174843	-0.158692	-0.151101	-0.157303	-0.153715	-0.13052	-0.098635	-0.0677824	-0.0292902	0.0300612	0.10795	0.165904	
-0.208307	-0.177733	-0.157603	-0.172963	-0.1933	-0.197967	-0.18219	-0.159663	-0.166843	-0.196803	-0.222493	-0.237369	-0.225955	-0.200021	-0.185072	-0.176328	-0.175905	-0.16712	-0.143229	-0.112355	-0.0895987	-0.0672759	-0.0233736	0.0454909	0.104413	
-0.210839	-0.184859	-0.167443	-0.174653	-0.190322	-0.194891	-0.181347	-0.168027	-0.175608	-0.201106	-0.22357	-0.232647	-0.224047	-0.21007	-0.19944	-0.19618	-0.19625	-0.183095	-0.158104	-0.131615	-0.119922	-0.11407	-0.0819266	-0.0177807	0.0403366	
-0.203076	-0.185583	-0.181641	-0.189527	-0.205817	-0.207704	-0.196821	-0.18327	-0.182707	-0.195168	-0.210481	-0.208921	-0.207132	-0.204545	-0.19694	-0.196002	-0.204751	-0.199149	-0.181486	-0.161102	-0.158092	-0.158232	-0.135614	-0.0793799	-0.0178235	
-0.185583	-0.189423	-0.197132	-0.199298	-0.214117	-0.217904	-0.204214	-0.197089	-0.193289	-0.185475	-0.186535	-0.180163	-0.177914	-0.185036	-0.191336	-0.197945	-0.206599	-0.204903	-0.196737	-0.185871	-0.184855	-0.186721	-0.168955	-0.126444	-0.0670752	
-0.181641	-0.197132	-0.20552	-0.200118	-0.202956	-0.204688	-0.20016	-0.203602	-0.202309	-0.187696	-0.172545	-0.159889	-0.160841	-0.180409	-0.196992	-0.206708	-0.205391	-0.200834	-0.196016	-0.191294	-0.190926	-0.198804	-0.189119	-0.162054	-0.11677	
-0.189527	-0.199298	-0.200118	-0.195769	-0.186581	-0.183077	-0.192191	-0.1993	-0.199955	-0.194751	-0.180084	-0.171265	-0.180671	-0.202621	-0.212494	-0.210311	-0.200739	-0.190315	-0.181416	-0.182096	-0.186856	-0.200103	-0.210038	-0.203408	-0.169359	
-0.205817	-0.214117	-0.202956	-0.186581	-0.166228	-0.160486	-0.178824	-0.196263	-0.212268	-0.211373	-0.195178	-0.189635	-0.202875	-0.222578	-0.237497	-0.222607	-0.197833	-0.173752	-0.166905	-0.167757	-0.177864	-0.196898	-0.223903	-0.231179	-0.211367	
-0.207704	-0.217904	-0.204688	-0.183077	-0.160486	-0.155793	-0.174291	-0.195487	-0.216244	-0.213818	-0.198198	-0.19496	-0.206067	-0.223696	-0.242913	-0.226346	-0.19739	-0.169112	-0.162126	-0.163281	-0.175949	-0.196684	-0.224811	-0.235324	-0.218873	
-0.196821	-0.204214	-0.20016	-0.192191	-0.178824	-0.174291	-0.18725	-0.197169	-0.203822	-0.201553	-0.186574	-0.179231	-0.191995	-0.213434	-0.223086	-0.214465	-0.199101	-0.183174	-0.175996	-0.176867	-0.183305	-0.199622	-0.217223	-0.216956	-0.189735	
-0.18327	-0.197089	-0.203602	-0.1993	-0.196263	-0.195487	-0.197169	-0.203022	-0.200448	-0.189233	-0.174001	-0.16115	-0.163748	-0.186702	-0.200812	-0.207762	-0.204548	-0.197974	-0.190063	-0.188989	-0.189069	-0.199449	-0.197443	-0.178618	-0.13752	
-0.182707	-0.193289	-0.202309	-0.199955	-0.212268	-0.216244	-0.203822	-0.200448	-0.198908	-0.185689	-0.178502	-0.169369	-0.168158	-0.179801	-0.1929	-0.202394	-0.206458	-0.203683	-0.19883	-0.190928	-0.190481	-0.1939	-0.177695	-0.140447	-0.0865754	
-0.195168	-0.185475	-0.187696	-0.194751	-0.211373	-0.213818	-0.201553	-0.189233	-0.185689	-0.18982	-0.201365	-0.198042	-0.19617	-0.196564	-0.193776	-0.195417	-0.205517	-0.203333	-0.189292	-0.17206	-0.171143	-0.171665	-0.150858	-0.101153	-0.0380044	
-0.210481	-0.186535	-0.172545	-0.180084	-0.195178	-0.198198	-0.186574	-0.174001	-0.178502	-0.201365	-0.220729	-0.223779	-0.218434	-0.210342	-0.199913	-0.198011	-0.201572	-0.189999	-0.167311	-0.142465	-0.134627	-0.132324	-0.105461	-0.0430089	0.0157343	
-0.208921	-0.180163	-0.159889	-0.171265	-0.189635	-0.19496	-0.179231	-0.16115	-0.169369	-0.198042	-0.223779	-0.239668	-0.228129	-0.205742	-0.193026	-0.186303	-0.184537	-0.17298	-0.147227	-0.119145	-0.101083	-0.0855988	-0.0468165	0.0197987	0.078319	
-0.207132	-0.177914	-0.160841	-0.180671	-0.202875	-0.206067	-0.191995	-0.163748	-0.168158	-0.19617	-0.218434	-0.228129	-0.215326	-0.185699	-0.169899	-0.159735	-0.163866	-0.159783	-0.136368	-0.103591	-0.0757203	-0.0428443	0.00962089	0.0843659	0.143513	
-0.204545	-0.185036	-0.180409	-0.202621	-0.222578	-0.223696	-0.213434	-0.186702	-0.179801	-0.196564	-0.210342	-0.205742	-0.185699	-0.159914	-0.145551	-0.142234	-0.146211	-0.142014	-0.123609	-0.0930334	-0.0550009	-0.0104022	0.0577127	0.137171	0.189784	
-0.19694	-0.191336	-0.196992	-0.212494	-0.237497	-0.242913	-0.223086	-0.200812	-0.1929	-0.193776	-0.199913	-0.193026	-0.169899	-0.145551	-0.12792	-0.123093	-0.123375	-0.115806	-0.103632	-0.0776595	-0.0290172	0.0330348	0.108922	0.177404	0.214736	
-0.196002	-0.197945	-0.206708	-0.210311	-0.222607	-0.226346	-0.214465	-0.207762	-0.202394	-0.195417	-0.198011	-0.186303	-0.159735	-0.142234	-0.123093	-0.105935	-0.0977667	-0.0850837	-0.0639742	-0.0328468	0.0231649	0.0939199	0.164396	0.215475	0.235191	
-0.204751	-0.206599	-0.205391	-0.200739	-0.197833	-0.19739	-0.199101	-0.204548	-0.206458	-0.205517	-0.201572	-0.184537	-0.163866	-0.146211	-0.123375	-0.0977667	-0.0721004	-0.0438655	-0.0178843	0.0231882	0.0826999	0.15339	0.217229	0.254531	0.246072	
-0.199149	-0.204903	-0.200834	-0.190315	-0.173752	-0.169112	-0.183174	-0.197974	-0.203683	-0.203333	-0.189999	-0.17298	-0.159783	-0.142014	-0.115806	-0.0850837	-0.0438655	-0.00262234	0.0307707	0.0781306	0.140251	0.20896	0.263171	0.275699	0.235065	
-0.181486	-0.196737	-0.196016	-0.181416	-0.166905	-0.162126	-0.175996	-0.190063	-0.19883	-0.189292	-0.167311	-0.147227	-0.136368	-0.123609	-0.103632	-0.0639742	-0.0178843	0.0307707	0.0779127	0.135082	0.19786	0.251102	0.276785	0.264805	0.19406	
-0.161102	-0.185871	-0.191294	-0.182096	-0.167757	-0.163281	-0.176867	-0.188989	-0.190928	-0.17206	-0.142465	-0.119145	-0.103591	-0.0930334	-0.0776595	-0.0328468	0.0231882	0.0781306	0.135082	0.194138	0.245226	0.267699	0.255015	0.208149	0.105103	
-0.158092	-0.184855	-0.190926	-0.186856	-0.177864	-0.175949	-0.183305	-0.189069	-0.190481	-0.171143	-0.134627	-0.101083	-0.0757203	-0.0550009	-0.0290172	0.0231649	0.0826999	0.140251	0.19786	0.245226	0.264484	0.248501	0.19536	0.101997	-0.0359182	
-0.158232	-0.186721	-0.198804	-0.200103	-0.196898	-0.196684	-0.199622	-0.199449	-0.1939	-0.171665	-0.132324	-0.0855988	-0.0428443	-0.0104022	0.0330348	0.0939199	0.15339	0.20896	0.251102	0.267699	0.248501	0.180472	0.0739488	-0.0556826	-0.208915	
-0.135614	-0.168955	-0.189119	-0.210038	-0.223903	-0.224811	-0.217223	-0.197443	-0.177695	-0.150858	-0.105461	-0.0468165	0.00962089	0.0577127	0.108922	0.164396	0.217229	0.263171	0.276785	0.255015	0.19536	0.0739488	-0.0759967	-0.227803	-0.38843	
-0.0793799	-0.126444	-0.162054	-0.203408	-0.231179	-0.235324	-0.216956	-0.178618	-0.140447	-0.101153	-0.0430089	0.0197987	0.0843659	0.137171	0.177404	0.215475	0.254531	0.275699	0.264805	0.208149	0.101997	-0.0556826	-0.227803	-0.394636	-0.559456	
-0.0178235	-0.0670752	-0.11677	-0.169359	-0.211367	-0.218873	-0.189735	-0.13752	-0.0865754	-0.0380044	0.0157343	0.078319	0.143513	0.189784	0.214736	0.235191	0.246072	0.235065	0.19406	0.105103	-0.0359182	-0.208915	-0.38843	-0.559456	-0.716712	
