-0.0468192	-0.0546917	-0.0603315	-0.0565239	-0.060754	-0.0593372	-0.0586669	-0.0610398	-0.0607894	-0.0487416	-0.0245696	0.00608943	0.0697107	0.17981	0.323816	0.489346	0.651993	0.78671	0.860571	0.832071	0.703768	0.516056	0.298636	0.0694439	-0.162738	
-0.0546917	-0.065031	-0.0567421	-0.0545988	-0.0609357	-0.0612834	-0.0622293	-0.0631703	-0.0644764	-0.0539482	-0.0358409	-0.0123925	0.0445721	0.141257	0.270636	0.42754	0.594893	0.750899	0.849614	0.842621	0.73674	0.571004	0.374237	0.161686	-0.0714517	
-0.0603315	-0.0567421	-0.050136	-0.0597789	-0.0667134	-0.0634565	-0.062686	-0.0678216	-0.0672145	-0.0546618	-0.0477294	-0.03166	0.0218361	0.10588	0.218272	0.363101	0.533816	0.70737	0.825195	0.840406	0.763241	0.625115	0.451733	0.254836	0.0188199	
-0.0565239	-0.0545988	-0.0597789	-0.070456	-0.0655689	-0.0588682	-0.0659481	-0.0713855	-0.0659052	-0.0618648	-0.0628439	-0.042741	0.00495301	0.0698365	0.164142	0.299137	0.472621	0.655062	0.78444	0.824605	0.78329	0.677755	0.528954	0.344666	0.103772	
-0.060754	-0.0609357	-0.0667134	-0.0655689	-0.0559653	-0.0635185	-0.0747503	-0.0728028	-0.0680761	-0.0693043	-0.0693128	-0.0503274	-0.0154133	0.0333051	0.114132	0.240347	0.410653	0.590657	0.727172	0.796869	0.796552	0.726756	0.602314	0.426344	0.179366	
-0.0593372	-0.0612834	-0.0634565	-0.0588682	-0.0635185	-0.0769552	-0.0758364	-0.0686711	-0.068738	-0.0768009	-0.0777336	-0.0583057	-0.0334386	0.000272706	0.0692704	0.186677	0.345977	0.514124	0.656717	0.758898	0.801229	0.768656	0.667044	0.494836	0.242357	
-0.0586669	-0.0622293	-0.062686	-0.0659481	-0.0747503	-0.0758364	-0.0676827	-0.0684514	-0.0794294	-0.0876248	-0.0776279	-0.0614195	-0.0547757	-0.0313125	0.0329684	0.138469	0.27698	0.427971	0.577516	0.711779	0.794977	0.798812	0.716971	0.545448	0.290934	
-0.0610398	-0.0631703	-0.0678216	-0.0713855	-0.0728028	-0.0686711	-0.0684514	-0.0806601	-0.088934	-0.0840066	-0.0739947	-0.0757834	-0.0778989	-0.0515942	0.00538942	0.0907846	0.203611	0.337489	0.494502	0.656524	0.774876	0.810776	0.745008	0.57486	0.325099	
-0.0607894	-0.0644764	-0.0672145	-0.0659052	-0.0680761	-0.068738	-0.0794294	-0.088934	-0.0849593	-0.0803977	-0.0828121	-0.092171	-0.0899578	-0.0642993	-0.0209867	0.0427207	0.129413	0.248599	0.41261	0.593662	0.73655	0.796859	0.74483	0.581832	0.346373	
-0.0487416	-0.0539482	-0.0546618	-0.0618648	-0.0693043	-0.0768009	-0.0876248	-0.0840066	-0.0803977	-0.0846253	-0.0933231	-0.103816	-0.0969953	-0.074193	-0.0458542	-0.00608464	0.0572522	0.168742	0.336004	0.521305	0.674558	0.750391	0.712465	0.567009	0.357232	
-0.0245696	-0.0358409	-0.0477294	-0.0628439	-0.0693128	-0.0777336	-0.0776279	-0.0739947	-0.0828121	-0.0933231	-0.10686	-0.110359	-0.0946404	-0.0827991	-0.076049	-0.0562285	-0.00381775	0.104876	0.263209	0.435405	0.585156	0.667716	0.646961	0.532489	0.360659	
0.00608943	-0.0123925	-0.03166	-0.042741	-0.0503274	-0.0583057	-0.0614195	-0.0757834	-0.092171	-0.103816	-0.110359	-0.0996471	-0.0935	-0.104903	-0.110407	-0.0961181	-0.045994	0.0543576	0.188463	0.333845	0.46748	0.548897	0.551135	0.481603	0.359627	
0.0697107	0.0445721	0.0218361	0.00495301	-0.0154133	-0.0334386	-0.0547757	-0.0778989	-0.0899578	-0.0969953	-0.0946404	-0.0935	-0.112212	-0.130528	-0.133977	-0.120794	-0.0725655	0.00970807	0.107366	0.216287	0.3231	0.399449	0.432213	0.418222	0.356585	
0.17981	0.141257	0.10588	0.0698365	0.0333051	0.000272706	-0.0313125	-0.0515942	-0.0642993	-0.074193	-0.0827991	-0.104903	-0.130528	-0.143354	-0.147744	-0.131961	-0.0885084	-0.0379432	0.0157062	0.0835933	0.158369	0.231531	0.300321	0.34611	0.353771	
0.323816	0.270636	0.218272	0.164142	0.114132	0.0692704	0.0329684	0.00538942	-0.0209867	-0.0458542	-0.076049	-0.110407	-0.133977	-0.147744	-0.148293	-0.127935	-0.107222	-0.0995603	-0.0870573	-0.059373	-0.0144803	0.0613924	0.166058	0.269927	0.354038	
0.489346	0.42754	0.363101	0.299137	0.240347	0.186677	0.138469	0.0907846	0.0427207	-0.00608464	-0.0562285	-0.0961181	-0.120794	-0.131961	-0.127935	-0.126247	-0.14607	-0.174729	-0.196002	-0.204852	-0.179164	-0.0945468	0.039775	0.19721	0.360734	
0.651993	0.594893	0.533816	0.472621	0.410653	0.345977	0.27698	0.203611	0.129413	0.0572522	-0.00381775	-0.045994	-0.0725655	-0.0885084	-0.107222	-0.14607	-0.199892	-0.254837	-0.30781	-0.340666	-0.317512	-0.223203	-0.0673975	0.138903	0.376159	
0.78671	0.750899	0.70737	0.655062	0.590657	0.514124	0.427971	0.337489	0.248599	0.168742	0.104876	0.0543576	0.00970807	-0.0379432	-0.0995603	-0.174729	-0.254837	-0.338145	-0.413054	-0.447093	-0.415993	-0.315785	-0.141843	0.106618	0.400118	
0.860571	0.849614	0.825195	0.78444	0.727172	0.656717	0.577516	0.494502	0.41261	0.336004	0.263209	0.188463	0.107366	0.0157062	-0.0870573	-0.196002	-0.30781	-0.413054	-0.486946	-0.507937	-0.469819	-0.362646	-0.169029	0.107296	0.431194	
0.832071	0.842621	0.840406	0.824605	0.796869	0.758898	0.711779	0.656524	0.593662	0.521305	0.435405	0.333845	0.216287	0.0835933	-0.059373	-0.204852	-0.340666	-0.447093	-0.507937	-0.518992	-0.472908	-0.35046	-0.141222	0.140973	0.471231	
0.703768	0.73674	0.763241	0.78329	0.796552	0.801229	0.794977	0.774876	0.73655	0.674558	0.585156	0.46748	0.3231	0.158369	-0.0144803	-0.179164	-0.317512	-0.415993	-0.469819	-0.472908	-0.410349	-0.271546	-0.0621949	0.206406	0.527757	
0.516056	0.571004	0.625115	0.677755	0.726756	0.768656	0.798812	0.810776	0.796859	0.750391	0.667716	0.548897	0.399449	0.231531	0.0613924	-0.0945468	-0.223203	-0.315785	-0.362646	-0.35046	-0.271546	-0.131488	0.0612298	0.307562	0.608597	
0.298636	0.374237	0.451733	0.528954	0.602314	0.667044	0.716971	0.745008	0.74483	0.712465	0.646961	0.551135	0.432213	0.300321	0.166058	0.039775	-0.0673975	-0.141843	-0.169029	-0.141222	-0.0621949	0.0612298	0.230263	0.449703	0.713108	
0.0694439	0.161686	0.254836	0.344666	0.426344	0.494836	0.545448	0.57486	0.581832	0.567009	0.532489	0.481603	0.418222	0.34611	0.269927	0.19721	0.138903	0.106618	0.107296	0.140973	0.206406	0.307562	0.449703	0.629077	0.831761	
-0.162738	-0.0714517	0.0188199	0.103772	0.179366	0.242357	0.290934	0.325099	0.346373	0.357232	0.360659	0.359627	0.356585	0.353771	0.354038	0.360734	0.376159	0.400118	0.431194	0.471231	0.527757	0.608597	0.713108	0.831761	0.956249	
-0.397839	-0.331205	-0.263847	-0.197703	-0.134508	-0.0755922	-0.0216428	0.0274082	0.0725097	0.115751	0.160416	0.210497	0.269852	0.341115	0.424179	0.514906	0.605668	0.688715	0.760828	0.82502	0.88635	0.945618	0.998854	1.04417	1.08749	
-0.62191	-0.591462	-0.556675	-0.516981	-0.471799	-0.420549	-0.36264	-0.297352	-0.22359	-0.139672	-0.0434641	0.0671204	0.193321	0.334416	0.486708	0.643558	0.796948	0.939551	1.06539	1.1684	1.24129	1.27826	1.28068	1.25956	1.23035	
-0.814155	-0.818734	-0.816766	-0.805886	-0.783197	-0.745345	-0.688787	-0.610233	-0.507272	-0.379069	-0.226865	-0.0539478	0.13494	0.334526	0.539933	0.74702	0.951413	1.14614	1.31935	1.45507	1.53844	1.56325	1.53551	1.46961	1.37994	
-0.968826	-1.00274	-1.02683	-1.03719	-1.02932	-0.998371	-0.939539	-0.848808	-0.723765	-0.564383	-0.373399	-0.156105	0.0805186	0.329038	0.582611	0.834987	1.07912	1.3052	1.50004	1.64924	1.74134	1.7711	1.73954	1.65157	1.51444	
-1.07243	-1.12554	-1.16379	-1.18231	-1.17642	-1.14205	-1.07599	-0.976017	-0.840933	-0.670513	-0.465642	-0.228765	0.0353514	0.318919	0.610945	0.897958	1.16577	1.40184	1.59721	1.74642	1.84524	1.88751	1.86451	1.76899	1.60219	
-1.09182	-1.14826	-1.18866	-1.208	-1.20173	-1.16605	-1.09822	-0.996489	-0.859947	-0.688322	-0.482002	-0.24258	0.0260256	0.316231	0.616075	0.910097	1.18213	1.419	1.6131	1.76146	1.86161	1.90699	1.8865	1.79016	1.61805	
-1.01805	-1.06097	-1.0921	-1.10712	-1.10138	-1.0701	-1.00879	-0.913848	-0.78322	-0.616979	-0.417631	-0.189889	0.0599252	0.324493	0.595727	0.864591	1.1208	1.35289	1.54908	1.69876	1.79379	1.8288	1.80064	1.70865	1.55714	
-0.880702	-0.897984	-0.907667	-0.906721	-0.891474	-0.857727	-0.801097	-0.717636	-0.604651	-0.461589	-0.290673	-0.0968444	0.113318	0.333316	0.558075	0.783799	1.00596	1.21639	1.40159	1.54473	1.63147	1.65638	1.62464	1.54782	1.43755	
-0.70313	-0.68743	-0.666349	-0.638437	-0.602103	-0.555743	-0.497794	-0.42676	-0.341183	-0.2396	-0.120756	0.0157391	0.168645	0.334794	0.50948	0.687195	0.862042	1.02737	1.17461	1.29262	1.36981	1.39981	1.38688	1.34504	1.29038	
-0.490108	-0.437322	-0.382386	-0.326196	-0.269491	-0.212839	-0.156572	-0.100597	-0.0442109	0.0142394	0.0777667	0.15053	0.236483	0.337284	0.450629	0.570118	0.687093	0.793924	0.886954	0.966298	1.03212	1.08189	1.11325	1.13	1.14306	
-0.256929	-0.172847	-0.089531	-0.0106557	0.0604673	0.121457	0.17121	0.210152	0.240089	0.263501	0.283041	0.301627	0.322579	0.34913	0.383321	0.424957	0.471346	0.518434	0.564017	0.611431	0.668688	0.741291	0.826258	0.915834	1.00734	
-0.0229973	0.0715865	0.16615	0.256199	0.336817	0.403476	0.4527	0.482631	0.49365	0.488093	0.468885	0.438494	0.399034	0.353257	0.305619	0.262641	0.232269	0.221528	0.233537	0.268467	0.329035	0.422069	0.550897	0.708185	0.880759	
0.207768	0.291046	0.37604	0.459931	0.538637	0.606922	0.659034	0.689032	0.691847	0.665178	0.61022	0.530925	0.432949	0.32304	0.209174	0.100887	0.00976775	-0.0502973	-0.0668406	-0.0357992	0.0384456	0.153034	0.312078	0.517678	0.75938	
0.431194	0.494666	0.558819	0.622303	0.682734	0.735906	0.776182	0.797006	0.790747	0.750388	0.672534	0.559162	0.417857	0.260522	0.101333	-0.045387	-0.16769	-0.255421	-0.296012	-0.276873	-0.195617	-0.0606036	0.123024	0.35947	0.647969	
0.633519	0.67527	0.713523	0.747575	0.776334	0.797567	0.807105	0.800248	0.772066	0.716747	0.629434	0.508696	0.358255	0.187827	0.0117466	-0.152612	-0.288077	-0.384225	-0.43622	-0.434209	-0.364063	-0.222262	-0.0179808	0.242213	0.556964	
0.791234	0.810328	0.818968	0.817133	0.805062	0.783917	0.753674	0.712355	0.658046	0.588359	0.500061	0.390984	0.260919	0.113363	-0.043967	-0.200437	-0.339807	-0.442893	-0.499832	-0.508341	-0.456849	-0.326947	-0.115221	0.163325	0.491342	
0.862711	0.861027	0.84437	0.811991	0.764058	0.702988	0.63401	0.561134	0.486396	0.410758	0.331922	0.246056	0.149845	0.0410907	-0.0776166	-0.201474	-0.32541	-0.433636	-0.502085	-0.518184	-0.477919	-0.365812	-0.164566	0.117088	0.445923	
0.82566	0.800655	0.764759	0.715864	0.653188	0.576237	0.488389	0.397131	0.309121	0.23051	0.163943	0.10508	0.0473279	-0.0178071	-0.0963958	-0.184083	-0.276319	-0.370862	-0.4481	-0.477041	-0.442795	-0.340909	-0.159303	0.102858	0.411901	
0.710717	0.660229	0.605933	0.547131	0.483567	0.414525	0.337639	0.254985	0.171929	0.0946544	0.0324905	-0.0116644	-0.0426791	-0.06817	-0.103617	-0.158016	-0.221642	-0.287674	-0.352085	-0.387968	-0.361756	-0.264889	-0.10219	0.122191	0.384952	
0.556774	0.493702	0.428985	0.36547	0.303913	0.24585	0.190327	0.133221	0.0748951	0.0153079	-0.0405106	-0.0815406	-0.106611	-0.116905	-0.118133	-0.132169	-0.167002	-0.206094	-0.240531	-0.261524	-0.238469	-0.149527	-0.00610883	0.17126	0.365808	
0.388793	0.331109	0.271533	0.21311	0.159347	0.110659	0.0702527	0.0352611	0.00168266	-0.0316921	-0.0705713	-0.10728	-0.1315	-0.145125	-0.141852	-0.125392	-0.120484	-0.128663	-0.130009	-0.117883	-0.0823865	-0.00324059	0.114185	0.239738	0.355649	
0.233424	0.190054	0.147295	0.1027	0.0604185	0.0223536	-0.0100742	-0.0319891	-0.04949	-0.0637041	-0.0807148	-0.10897	-0.133131	-0.146222	-0.150455	-0.131563	-0.0945137	-0.060823	-0.0243848	0.0271495	0.0892457	0.162955	0.246601	0.315787	0.353164	
0.108062	0.0783909	0.0526373	0.0290478	0.00220079	-0.0229347	-0.0497383	-0.0709388	-0.082179	-0.088965	-0.0885381	-0.0974105	-0.121157	-0.136751	-0.14033	-0.127088	-0.0797344	-0.00837375	0.072068	0.164701	0.258859	0.333642	0.380677	0.390334	0.355181	
0.0264616	0.00506847	-0.0155227	-0.0270464	-0.037432	-0.0475603	-0.0585425	-0.0785016	-0.0936793	-0.103842	-0.105135	-0.0948619	-0.0994584	-0.116341	-0.121288	-0.107433	-0.0581593	0.0361972	0.157037	0.288688	0.412457	0.492074	0.50595	0.45773	0.358504	
-0.0140332	-0.0278654	-0.0435694	-0.0585966	-0.0653634	-0.0722457	-0.0701786	-0.0730387	-0.0862347	-0.0981742	-0.110804	-0.107497	-0.0922558	-0.0900694	-0.0905627	-0.0740688	-0.0227552	0.0835826	0.233916	0.396759	0.54128	0.624071	0.611924	0.514053	0.360686	
