1.60291	1.6146	1.54616	1.38751	1.18289	0.963352	0.754559	0.574144	0.429898	0.316535	0.223363	0.151703	0.0862943	0.0307527	-0.0200478	-0.0675819	-0.110168	-0.149689	-0.185914	-0.217639	-0.24697	-0.272099	-0.294205	-0.31348	-0.329089	
1.6146	1.69816	1.67782	1.56364	1.39347	1.1887	0.98491	0.805695	0.662961	0.543007	0.451304	0.377135	0.308716	0.254565	0.199761	0.152946	0.107646	0.0673612	0.0286212	-0.00403966	-0.0369046	-0.0624131	-0.0888447	-0.108185	-0.127889	
1.54616	1.67782	1.71107	1.66315	1.54089	1.36467	1.17873	1.01073	0.864448	0.743799	0.657739	0.579045	0.519067	0.466795	0.416087	0.373307	0.330827	0.2917	0.255641	0.222148	0.190326	0.164141	0.136703	0.117322	0.095688	
1.38751	1.56364	1.66315	1.68026	1.60087	1.45944	1.30069	1.1432	1.00345	0.900468	0.819685	0.751585	0.706383	0.657964	0.618257	0.580698	0.542557	0.506992	0.475089	0.440186	0.414389	0.383941	0.362291	0.338871	0.321315	
1.18289	1.39347	1.54089	1.60087	1.56313	1.46643	1.33465	1.19464	1.07663	0.986979	0.913877	0.865334	0.829576	0.792829	0.768973	0.739431	0.712258	0.687862	0.660457	0.635893	0.614176	0.588747	0.573081	0.550363	0.538614	
0.963352	1.1887	1.36467	1.45944	1.46643	1.40376	1.29211	1.17029	1.06318	0.980046	0.920548	0.889195	0.864863	0.850978	0.843547	0.829127	0.821647	0.808398	0.794212	0.782667	0.766176	0.75335	0.740127	0.725659	0.717016	
0.754559	0.98491	1.17873	1.30069	1.33465	1.29211	1.1962	1.08216	0.980514	0.902468	0.853519	0.831525	0.820205	0.825118	0.828451	0.834075	0.840026	0.840411	0.841727	0.840639	0.835647	0.834645	0.826903	0.824761	0.818313	
0.574144	0.805695	1.01073	1.1432	1.19464	1.17029	1.08216	0.972177	0.868155	0.785707	0.735745	0.712524	0.708451	0.718971	0.733232	0.751566	0.768432	0.783507	0.79724	0.808014	0.816347	0.82475	0.827727	0.834604	0.834262	
0.429898	0.662961	0.864448	1.00345	1.07663	1.06318	0.980514	0.868155	0.753168	0.659217	0.597799	0.568851	0.560586	0.573034	0.591337	0.614958	0.640109	0.662208	0.684666	0.702784	0.719781	0.733922	0.745732	0.756233	0.763909	
0.316535	0.543007	0.743799	0.900468	0.986979	0.980046	0.902468	0.785707	0.659217	0.549135	0.476598	0.432521	0.416188	0.423634	0.435511	0.460259	0.482891	0.507025	0.530833	0.551727	0.571231	0.589853	0.603656	0.619518	0.628701	
0.223363	0.451304	0.657739	0.819685	0.913877	0.920548	0.853519	0.735745	0.597799	0.476598	0.385354	0.322627	0.296348	0.288031	0.294066	0.312254	0.330003	0.352381	0.374742	0.393451	0.415255	0.430949	0.448071	0.462067	0.473376	
0.151703	0.377135	0.579045	0.751585	0.865334	0.889195	0.831525	0.712524	0.568851	0.432521	0.322627	0.247447	0.205772	0.186475	0.185415	0.195018	0.206914	0.225183	0.240593	0.257103	0.273937	0.286268	0.30208	0.311519	0.32377	
0.0862943	0.308716	0.519067	0.706383	0.829576	0.864863	0.820205	0.708451	0.560586	0.416188	0.296348	0.205772	0.15232	0.12116	0.110002	0.110089	0.115534	0.126241	0.136365	0.14873	0.159861	0.170725	0.18135	0.190069	0.198786	
0.0307527	0.254565	0.466795	0.657964	0.792829	0.850978	0.825118	0.718971	0.573034	0.423634	0.288031	0.186475	0.12116	0.0785486	0.0608979	0.0543792	0.0546023	0.0611873	0.0675177	0.0751612	0.0841293	0.0897207	0.0990297	0.103013	0.110811	
-0.0200478	0.199761	0.416087	0.618257	0.768973	0.843547	0.828451	0.733232	0.591337	0.435511	0.294066	0.185415	0.110002	0.0608979	0.0378983	0.0240503	0.0206116	0.0226811	0.0232869	0.0294915	0.0322247	0.0369405	0.0417126	0.0442157	0.049327	
-0.0675819	0.152946	0.373307	0.580698	0.739431	0.829127	0.834075	0.751566	0.614958	0.460259	0.312254	0.195018	0.110089	0.0543792	0.0240503	0.00555011	-8.81782e-06	-0.00277016	-0.00208591	0.000809097	0.00236957	0.00587901	0.00842833	0.0102852	0.0138482	
-0.110168	0.107646	0.330827	0.542557	0.712258	0.821647	0.840026	0.768432	0.640109	0.482891	0.330003	0.206914	0.115534	0.0546023	0.0206116	-8.81782e-06	-0.00866251	-0.0120407	-0.0137516	-0.0120646	-0.0121659	-0.00999643	-0.00931659	-0.00795852	-0.00669218	
-0.149689	0.0673612	0.2917	0.506992	0.687862	0.808398	0.840411	0.783507	0.662208	0.507025	0.352381	0.225183	0.126241	0.0611873	0.0226811	-0.00277016	-0.0120407	-0.0189172	-0.0212278	-0.020609	-0.0220038	-0.020072	-0.0201297	-0.0194793	-0.0180656	
-0.185914	0.0286212	0.255641	0.475089	0.660457	0.794212	0.841727	0.79724	0.684666	0.530833	0.374742	0.240593	0.136365	0.0675177	0.0232869	-0.00208591	-0.0137516	-0.0212278	-0.0229603	-0.0233154	-0.0246901	-0.022104	-0.0240907	-0.0214838	-0.0226207	
-0.217639	-0.00403966	0.222148	0.440186	0.635893	0.782667	0.840639	0.808014	0.702784	0.551727	0.393451	0.257103	0.14873	0.0751612	0.0294915	0.000809097	-0.0120646	-0.020609	-0.0233154	-0.0250059	-0.0257675	-0.0255959	-0.0260686	-0.0256258	-0.0258123	
-0.24697	-0.0369046	0.190326	0.414389	0.614176	0.766176	0.835647	0.816347	0.719781	0.571231	0.415255	0.273937	0.159861	0.0841293	0.0322247	0.00236957	-0.0121659	-0.0220038	-0.0246901	-0.0257675	-0.0278024	-0.025205	-0.0277269	-0.0249291	-0.0265318	
-0.272099	-0.0624131	0.164141	0.383941	0.588747	0.75335	0.834645	0.82475	0.733922	0.589853	0.430949	0.286268	0.170725	0.0897207	0.0369405	0.00587901	-0.00999643	-0.020072	-0.022104	-0.0255959	-0.025205	-0.02577	-0.0264739	-0.0254218	-0.0268411	
-0.294205	-0.0888447	0.136703	0.362291	0.573081	0.740127	0.826903	0.827727	0.745732	0.603656	0.448071	0.30208	0.18135	0.0990297	0.0417126	0.00842833	-0.00931659	-0.0201297	-0.0240907	-0.0260686	-0.0277269	-0.0264739	-0.0280903	-0.0262558	-0.0274768	
-0.31348	-0.108185	0.117322	0.338871	0.550363	0.725659	0.824761	0.834604	0.756233	0.619518	0.462067	0.311519	0.190069	0.103013	0.0442157	0.0102852	-0.00795852	-0.0194793	-0.0214838	-0.0256258	-0.0249291	-0.0254218	-0.0262558	-0.0247541	-0.0265611	
-0.329089	-0.127889	0.095688	0.321315	0.538614	0.717016	0.818313	0.834262	0.763909	0.628701	0.473376	0.32377	0.198786	0.110811	0.049327	0.0138482	-0.00669218	-0.0180656	-0.0226207	-0.0258123	-0.0265318	-0.0268411	-0.0274768	-0.0265611	-0.0275186	
-0.342621	-0.14155	0.0819984	0.304841	0.521834	0.703805	0.814635	0.839216	0.77114	0.640543	0.485002	0.331482	0.205539	0.113881	0.0508903	0.0140621	-0.0062333	-0.0186548	-0.0215609	-0.0256527	-0.0251665	-0.0256604	-0.0261955	-0.0249099	-0.0263385	
-0.352854	-0.154823	0.0673143	0.292723	0.512986	0.698411	0.81105	0.837984	0.775722	0.646469	0.491633	0.339027	0.211302	0.119181	0.0544313	0.0175531	-0.00480007	-0.0167706	-0.0212544	-0.025409	-0.0253819	-0.0265085	-0.0267647	-0.026131	-0.0271766	
-0.360683	-0.162851	0.0586002	0.282168	0.503291	0.689675	0.807195	0.840618	0.779965	0.653534	0.499266	0.344939	0.216118	0.12145	0.0560568	0.017106	-0.00488837	-0.0176414	-0.0217382	-0.0257092	-0.0254122	-0.0263102	-0.0262182	-0.0256207	-0.0263565	
-0.366317	-0.170122	0.0514077	0.276612	0.497671	0.686303	0.806118	0.84006	0.782242	0.656909	0.502717	0.347849	0.218557	0.123956	0.0570584	0.0193309	-0.00382607	-0.016341	-0.020476	-0.0250719	-0.0247372	-0.0258869	-0.0262924	-0.0254019	-0.0267671	
-0.368671	-0.172551	0.0473657	0.271445	0.495027	0.683745	0.803817	0.840463	0.783672	0.659078	0.505194	0.351326	0.221125	0.125235	0.058903	0.0189725	-0.00407772	-0.0168038	-0.0218071	-0.0257634	-0.025524	-0.0269687	-0.0262688	-0.0264047	-0.0265033	
-0.369943	-0.173926	0.0478399	0.272599	0.49318	0.682216	0.804592	0.841125	0.78405	0.660066	0.506163	0.349984	0.220386	0.124912	0.0573253	0.019367	-0.00374865	-0.0165611	-0.0202531	-0.0249342	-0.024522	-0.0253505	-0.0260875	-0.0247411	-0.0264914	
-0.367121	-0.171031	0.0484489	0.273211	0.497397	0.68591	0.80464	0.839577	0.782776	0.65745	0.503345	0.350598	0.220298	0.125093	0.0589896	0.0192347	-0.00400446	-0.0165011	-0.0219263	-0.0258032	-0.0256775	-0.0273655	-0.0264182	-0.0269492	-0.0266911	
-0.363808	-0.166155	0.056437	0.280265	0.499543	0.68687	0.807168	0.841301	0.781215	0.65595	0.501462	0.345212	0.216711	0.121923	0.055376	0.0179022	-0.00441871	-0.0171978	-0.020354	-0.0250402	-0.024489	-0.025124	-0.0260303	-0.0243963	-0.0263863	
-0.356032	-0.158377	0.062144	0.287758	0.510338	0.695683	0.809112	0.837997	0.777281	0.648694	0.49418	0.342861	0.21374	0.121062	0.0561917	0.0176961	-0.00481674	-0.0169283	-0.0222843	-0.025831	-0.0260636	-0.0273533	-0.0267781	-0.0270586	-0.0269333	
-0.347531	-0.146685	0.0768579	0.299417	0.516737	0.700213	0.813685	0.839984	0.773328	0.644308	0.488257	0.333677	0.2076	0.115172	0.0514701	0.0151248	-0.00565412	-0.0180894	-0.0206765	-0.0253503	-0.0245426	-0.0253127	-0.0260167	-0.0245615	-0.0263638	
-0.334898	-0.134201	0.088881	0.314868	0.533094	0.712207	0.816403	0.835144	0.766653	0.632786	0.477853	0.328137	0.201853	0.113177	0.0506608	0.014435	-0.00651551	-0.0180557	-0.0228497	-0.0258559	-0.0266299	-0.0269002	-0.0273405	-0.0266319	-0.0272726	
-0.320332	-0.115539	0.108733	0.330359	0.544674	0.721246	0.822803	0.835809	0.759581	0.624591	0.466671	0.315964	0.193347	0.105258	0.0459049	0.0111662	-0.0073459	-0.0191998	-0.0213869	-0.0257356	-0.0249071	-0.0258218	-0.0261157	-0.0252592	-0.0263298	
-0.302693	-0.0975945	0.128743	0.353512	0.564435	0.734441	0.825549	0.829758	0.74985	0.609644	0.45397	0.306518	0.185283	0.101472	0.0429903	0.00980813	-0.00887632	-0.0195405	-0.0233674	-0.0258809	-0.0269964	-0.0262293	-0.0277972	-0.0258751	-0.0275896	
-0.281314	-0.0728309	0.15218	0.373806	0.582547	0.74761	0.832072	0.827027	0.738843	0.596332	0.437649	0.292745	0.174617	0.0930025	0.0387681	0.00616648	-0.00952899	-0.0206231	-0.0226794	-0.0259727	-0.0258892	-0.0261548	-0.0265136	-0.0259676	-0.0262401	
-0.257899	-0.0475797	0.180688	0.40211	0.603443	0.761249	0.83501	0.819609	0.725489	0.578812	0.421748	0.278787	0.164849	0.0864661	0.0344057	0.00445887	-0.0113766	-0.0206676	-0.0236139	-0.0257075	-0.02669	-0.0257115	-0.0274822	-0.0253217	-0.0273061	
-0.229788	-0.0180908	0.208135	0.429704	0.627881	0.775618	0.838727	0.812088	0.709774	0.559948	0.402658	0.264276	0.152712	0.0789155	0.03009	0.000622867	-0.0121232	-0.0221095	-0.0239454	-0.0255769	-0.0267655	-0.0252628	-0.0265958	-0.0252306	-0.0254786	
-0.198997	0.0158639	0.242667	0.459777	0.649958	0.790575	0.841616	0.801711	0.692168	0.539316	0.381557	0.246987	0.141785	0.0701716	0.02662	-0.000407885	-0.0129079	-0.0202262	-0.0231226	-0.0241082	-0.0250192	-0.0244014	-0.0250262	-0.0241688	-0.0245793	
-0.165075	0.0504578	0.277158	0.495282	0.676841	0.801751	0.840793	0.78972	0.671421	0.517143	0.362626	0.231195	0.129959	0.0636473	0.0215193	-0.00335063	-0.0133946	-0.0211378	-0.0220811	-0.0222203	-0.0234216	-0.0204624	-0.0221462	-0.0195643	-0.0200446	
-0.125717	0.0915432	0.313935	0.52709	0.703013	0.817992	0.840628	0.774168	0.649217	0.491605	0.337694	0.214524	0.119574	0.0572861	0.022428	-0.00107289	-0.00987689	-0.0145776	-0.0177188	-0.0159847	-0.0173037	-0.0156148	-0.0147643	-0.0147376	-0.0125213	
-0.0857866	0.134617	0.357164	0.56567	0.727254	0.824918	0.837	0.759131	0.625283	0.470643	0.319703	0.198623	0.11159	0.0528177	0.020657	0.00197041	-0.00497647	-0.00798327	-0.00721659	-0.00561826	-0.00377524	-0.00111302	0.000558166	0.00272579	0.00455672	
-0.0392574	0.179716	0.397523	0.603687	0.758544	0.838697	0.830156	0.739673	0.600117	0.443353	0.300641	0.18917	0.109206	0.0584189	0.0319391	0.0155459	0.0111535	0.0108189	0.0104347	0.0160583	0.0168281	0.0220022	0.0250264	0.0275693	0.0320278	
0.00990729	0.233399	0.445831	0.640481	0.782063	0.847344	0.827632	0.724814	0.580273	0.428662	0.287983	0.184016	0.114052	0.068262	0.0490511	0.0396597	0.0385111	0.0435438	0.0478666	0.0543262	0.0616654	0.0656876	0.0741427	0.0763902	0.0838152	
0.0623964	0.285794	0.498461	0.687346	0.81506	0.858181	0.820147	0.71127	0.562971	0.417237	0.291835	0.195923	0.138308	0.101676	0.0876703	0.0843658	0.0875757	0.0960594	0.10456	0.115016	0.124965	0.134096	0.143864	0.151034	0.159263	
0.12491	0.348259	0.552487	0.731826	0.850289	0.878812	0.826412	0.709365	0.563456	0.42264	0.307999	0.226803	0.179844	0.156467	0.151146	0.157505	0.166568	0.182178	0.195258	0.210164	0.224738	0.236288	0.250221	0.259122	0.270176	
0.192884	0.421113	0.625502	0.78971	0.89243	0.905364	0.841446	0.723703	0.582543	0.456165	0.356571	0.288906	0.256489	0.242879	0.246923	0.260705	0.277038	0.297314	0.317578	0.335236	0.355783	0.369761	0.387389	0.398859	0.41176	
