0.0958874	0.104503	0.140707	0.197942	0.262179	0.315824	0.359211	0.384803	0.379735	0.353272	0.32189	0.295621	0.272717	0.247006	0.207458	0.147918	0.0765914	-0.000774851	-0.0671271	-0.140671	-0.219448	-0.289133	-0.33243	-0.341975	-0.326801	
0.104503	0.176257	0.266855	0.369695	0.463596	0.533905	0.588738	0.602738	0.58206	0.543985	0.49874	0.462335	0.438265	0.422627	0.394733	0.343942	0.273679	0.20284	0.137388	0.0616132	-0.0199624	-0.0967622	-0.145592	-0.165514	-0.167713	
0.140707	0.266855	0.408045	0.554884	0.67943	0.765397	0.811569	0.810869	0.776548	0.725647	0.664991	0.610778	0.577981	0.558662	0.535907	0.49376	0.431188	0.371578	0.305256	0.225644	0.137508	0.0554759	-0.00529229	-0.0331336	-0.0498267	
0.197942	0.369695	0.554884	0.733998	0.878015	0.966142	0.998466	0.986709	0.940956	0.874992	0.796571	0.728311	0.677767	0.645141	0.61588	0.579387	0.533737	0.485426	0.422703	0.34214	0.248518	0.159018	0.0908588	0.0517779	0.0258188	
0.262179	0.463596	0.67943	0.878015	1.02823	1.11289	1.13736	1.11782	1.05978	0.981464	0.891354	0.809358	0.739427	0.689741	0.646911	0.607228	0.575804	0.539546	0.483964	0.408318	0.317945	0.222574	0.145173	0.0960177	0.0658528	
0.315824	0.533905	0.765397	0.966142	1.11289	1.198	1.2278	1.20363	1.14075	1.05469	0.959001	0.865272	0.779629	0.710218	0.646327	0.600833	0.569781	0.540539	0.495474	0.428542	0.339823	0.247214	0.16573	0.107955	0.0794704	
0.359211	0.588738	0.811569	0.998466	1.13736	1.2278	1.26585	1.25168	1.19696	1.11242	1.00719	0.901872	0.802419	0.715648	0.635623	0.576074	0.536869	0.504697	0.46287	0.402015	0.320665	0.234728	0.159394	0.106222	0.0760842	
0.384803	0.602738	0.810869	0.986709	1.11782	1.20363	1.25168	1.25742	1.21883	1.146	1.04725	0.940858	0.831186	0.72493	0.626511	0.549296	0.494442	0.454883	0.409671	0.350816	0.27361	0.196017	0.136721	0.0955153	0.0597244	
0.379735	0.58206	0.776548	0.940956	1.05978	1.14075	1.19696	1.21883	1.20555	1.15192	1.06973	0.973512	0.865473	0.74586	0.63492	0.541426	0.472667	0.417903	0.365107	0.305046	0.226895	0.154839	0.108505	0.0756589	0.0271211	
0.353272	0.543985	0.725647	0.874992	0.981464	1.05469	1.11242	1.146	1.15192	1.12113	1.06157	0.982152	0.883272	0.765488	0.653729	0.556073	0.475352	0.40937	0.350621	0.285543	0.210132	0.140584	0.0900771	0.0484406	-0.0142524	
0.32189	0.49874	0.664991	0.796571	0.891354	0.959001	1.00719	1.04725	1.06973	1.06157	1.02003	0.958463	0.873617	0.774351	0.674169	0.582286	0.503598	0.436583	0.374969	0.312005	0.240446	0.160985	0.0888669	0.0192058	-0.0630638	
0.295621	0.462335	0.610778	0.728311	0.809358	0.865272	0.901872	0.940858	0.973512	0.982152	0.958463	0.909265	0.84526	0.774581	0.696259	0.625016	0.561678	0.497102	0.436945	0.37342	0.300822	0.205972	0.106731	0.00165535	-0.106265	
0.272717	0.438265	0.577981	0.677767	0.739427	0.779629	0.802419	0.831186	0.865473	0.883272	0.873617	0.84526	0.817873	0.782877	0.736909	0.691568	0.643451	0.580959	0.520188	0.452055	0.369037	0.259718	0.132909	0.00266309	-0.137002	
0.247006	0.422627	0.558662	0.645141	0.689741	0.710218	0.715648	0.72493	0.74586	0.765488	0.774351	0.774581	0.782877	0.787068	0.778444	0.761097	0.72754	0.674348	0.607426	0.526667	0.429727	0.305437	0.161153	0.0149573	-0.150159	
0.207458	0.394733	0.535907	0.61588	0.646911	0.646327	0.635623	0.626511	0.63492	0.653729	0.674169	0.696259	0.736909	0.778444	0.800927	0.812351	0.798559	0.751023	0.680861	0.593075	0.48481	0.347957	0.192242	0.0306713	-0.15196	
0.147918	0.343942	0.49376	0.579387	0.607228	0.600833	0.576074	0.549296	0.541426	0.556073	0.582286	0.625016	0.691568	0.761097	0.812351	0.844227	0.841796	0.797076	0.726285	0.639775	0.536134	0.400071	0.234096	0.0577332	-0.133398	
0.0765914	0.273679	0.431188	0.533737	0.575804	0.569781	0.536869	0.494442	0.472667	0.475352	0.503598	0.561678	0.643451	0.72754	0.798559	0.841796	0.845751	0.809234	0.747817	0.675008	0.581862	0.450164	0.281517	0.10105	-0.0895479	
-0.000774851	0.20284	0.371578	0.485426	0.539546	0.540539	0.504697	0.454883	0.417903	0.40937	0.436583	0.497102	0.580959	0.674348	0.751023	0.797076	0.809234	0.785859	0.749097	0.698356	0.617799	0.495676	0.339286	0.160711	-0.0253248	
-0.0671271	0.137388	0.305256	0.422703	0.483964	0.495474	0.46287	0.409671	0.365107	0.350621	0.374969	0.436945	0.520188	0.607426	0.680861	0.726285	0.747817	0.749097	0.742552	0.707222	0.636016	0.526612	0.386999	0.22468	0.0508845	
-0.140671	0.0616132	0.225644	0.34214	0.408318	0.428542	0.402015	0.350816	0.305046	0.285543	0.312005	0.37342	0.452055	0.526667	0.593075	0.639775	0.675008	0.698356	0.707222	0.681933	0.618073	0.529374	0.417335	0.28554	0.140002	
-0.219448	-0.0199624	0.137508	0.248518	0.317945	0.339823	0.320665	0.27361	0.226895	0.210132	0.240446	0.300822	0.369037	0.429727	0.48481	0.536134	0.581862	0.617799	0.636016	0.618073	0.575833	0.514202	0.434453	0.342952	0.242124	
-0.289133	-0.0967622	0.0554759	0.159018	0.222574	0.247214	0.234728	0.196017	0.154839	0.140584	0.160985	0.205972	0.259718	0.305437	0.347957	0.400071	0.450164	0.495676	0.526612	0.529374	0.514202	0.4831	0.440375	0.39838	0.355959	
-0.33243	-0.145592	-0.00529229	0.0908588	0.145173	0.16573	0.159394	0.136721	0.108505	0.0900771	0.0888669	0.106731	0.132909	0.161153	0.192242	0.234096	0.281517	0.339286	0.386999	0.417335	0.434453	0.440375	0.446294	0.460477	0.482498	
-0.341975	-0.165514	-0.0331336	0.0517779	0.0960177	0.107955	0.106222	0.0955153	0.0756589	0.0484406	0.0192058	0.00165535	0.00266309	0.0149573	0.0306713	0.0577332	0.10105	0.160711	0.22468	0.28554	0.342952	0.39838	0.460477	0.535101	0.616557	
-0.326801	-0.167713	-0.0498267	0.0258188	0.0658528	0.0794704	0.0760842	0.0597244	0.0271211	-0.0142524	-0.0630638	-0.106265	-0.137002	-0.150159	-0.15196	-0.133398	-0.0895479	-0.0253248	0.0508845	0.140002	0.242124	0.355959	0.482498	0.616557	0.762874	
-0.296021	-0.157996	-0.0647309	-0.00318873	0.031916	0.0472467	0.0402158	0.0126723	-0.0309607	-0.0906053	-0.155937	-0.223307	-0.2855	-0.327097	-0.338412	-0.323279	-0.272627	-0.202151	-0.115049	0.00771939	0.156155	0.329224	0.516448	0.707215	0.909069	
-0.268722	-0.148761	-0.0725062	-0.0275992	0.000215456	0.011873	0.00378887	-0.0316064	-0.0944208	-0.173754	-0.257175	-0.348839	-0.436268	-0.495807	-0.514434	-0.498788	-0.444376	-0.364793	-0.255509	-0.101125	0.0926738	0.320253	0.561295	0.803441	1.05477	
-0.24514	-0.136348	-0.0647909	-0.0253301	-0.00422726	0.00136226	-0.0136173	-0.0608817	-0.143913	-0.248735	-0.363298	-0.481432	-0.585274	-0.650739	-0.667988	-0.650141	-0.59525	-0.503961	-0.370798	-0.18479	0.0510188	0.324204	0.610823	0.897316	1.18478	
-0.212028	-0.106409	-0.0344797	0.00762098	0.0214004	0.0156239	-0.0122541	-0.0703184	-0.168258	-0.297468	-0.438421	-0.581903	-0.704127	-0.773604	-0.785158	-0.760862	-0.706684	-0.605481	-0.454954	-0.239635	0.0327828	0.344089	0.664404	0.970984	1.27388	
-0.178159	-0.0780516	-0.00777395	0.0342947	0.0493205	0.0396003	0.00393142	-0.0640427	-0.174569	-0.31217	-0.468752	-0.630642	-0.769718	-0.846527	-0.85535	-0.82319	-0.765605	-0.658505	-0.496182	-0.26712	0.0303914	0.363816	0.696367	1.01071	1.3178	
-0.172676	-0.0746218	-0.00319851	0.0396237	0.0548087	0.0439583	0.00780178	-0.0618533	-0.173973	-0.312691	-0.472104	-0.638867	-0.780182	-0.858753	-0.868558	-0.833561	-0.775084	-0.668139	-0.503536	-0.271245	0.0303214	0.367259	0.701618	1.01703	1.32422	
-0.196298	-0.091976	-0.0220431	0.0203784	0.0340499	0.0265659	-0.00586363	-0.0688943	-0.172914	-0.306614	-0.454976	-0.606142	-0.737396	-0.809572	-0.81866	-0.791434	-0.735919	-0.631656	-0.476418	-0.253759	0.0311745	0.35338	0.68084	0.990872	1.29621	
-0.23385	-0.12676	-0.0542629	-0.0138778	0.00349035	0.00431494	-0.0153668	-0.0672407	-0.156144	-0.272455	-0.399477	-0.528293	-0.638221	-0.704973	-0.720053	-0.700223	-0.64572	-0.55076	-0.409343	-0.210317	0.0403925	0.330664	0.632304	0.929764	1.22648	
-0.259888	-0.144761	-0.0720698	-0.0311037	-0.0062404	0.00392799	-0.00590952	-0.0454496	-0.117021	-0.205797	-0.300591	-0.402327	-0.497445	-0.559954	-0.579562	-0.563509	-0.508137	-0.423705	-0.304332	-0.137912	0.0732148	0.31998	0.58102	0.842514	1.11045	
-0.284017	-0.153934	-0.0693535	-0.014569	0.0175241	0.0317876	0.0246438	-0.00615875	-0.0559794	-0.123577	-0.195462	-0.272472	-0.345228	-0.395489	-0.410337	-0.395663	-0.342623	-0.268817	-0.174231	-0.0383203	0.12816	0.323947	0.533616	0.745802	0.967351	
-0.315733	-0.165386	-0.0566885	0.0144821	0.0537756	0.0685492	0.063355	0.0418708	0.00422683	-0.0446828	-0.0988434	-0.151858	-0.195618	-0.221253	-0.227934	-0.210763	-0.164219	-0.0978936	-0.0173545	0.08374	0.20429	0.342972	0.494376	0.652095	0.822116	
-0.337906	-0.167319	-0.0393206	0.0412284	0.0828791	0.0947717	0.0926074	0.0820858	0.058914	0.0265147	-0.0120268	-0.0413459	-0.0521922	-0.0485239	-0.0401789	-0.0172544	0.0257104	0.0860699	0.155487	0.227541	0.302819	0.381012	0.468314	0.566921	0.673756	
-0.340361	-0.157103	-0.020401	0.0726833	0.122274	0.137905	0.134418	0.118768	0.0958612	0.0737498	0.0622485	0.0654202	0.0818727	0.10392	0.129017	0.16502	0.210555	0.269862	0.324591	0.367392	0.399472	0.423424	0.450766	0.488996	0.534436	
-0.310402	-0.119948	0.0274672	0.127955	0.188575	0.213206	0.202646	0.16952	0.133262	0.118085	0.130473	0.166177	0.209513	0.248286	0.287231	0.335722	0.385819	0.436406	0.47397	0.486885	0.48393	0.467095	0.441796	0.422146	0.405587	
-0.249192	-0.05286	0.103199	0.211745	0.279147	0.301719	0.285075	0.240935	0.195994	0.180263	0.208833	0.265025	0.328484	0.38363	0.432763	0.486237	0.53446	0.573284	0.596247	0.585521	0.553044	0.503618	0.438611	0.364791	0.286044	
-0.172212	0.0293425	0.189686	0.305393	0.373814	0.395616	0.371943	0.321604	0.27486	0.256493	0.285237	0.346977	0.420946	0.490224	0.553046	0.600838	0.641941	0.671649	0.683696	0.659964	0.603714	0.525002	0.425582	0.309313	0.179158	
-0.0957075	0.108001	0.275593	0.39302	0.456083	0.470515	0.440543	0.388067	0.343863	0.326063	0.349929	0.41234	0.494895	0.576926	0.647287	0.693288	0.719438	0.73055	0.732789	0.702448	0.632659	0.531481	0.401447	0.249256	0.0846945	
-0.0273675	0.177202	0.346462	0.4628	0.520165	0.525923	0.489863	0.437928	0.396732	0.385422	0.411741	0.472378	0.555899	0.649319	0.725599	0.770884	0.787217	0.772317	0.748261	0.704087	0.628688	0.510942	0.360459	0.186566	0.00384773	
0.0444492	0.243809	0.40649	0.515138	0.562797	0.558193	0.523974	0.478174	0.449654	0.447377	0.475367	0.535272	0.619767	0.708313	0.782544	0.828241	0.834906	0.802547	0.749732	0.685826	0.597486	0.469074	0.30393	0.123009	-0.0657066	
0.120965	0.317747	0.469882	0.56108	0.594326	0.5875	0.558477	0.524388	0.511165	0.521828	0.550097	0.599659	0.673711	0.749994	0.811334	0.848976	0.849134	0.806878	0.737622	0.65484	0.555841	0.421823	0.252482	0.0733294	-0.119597	
0.185334	0.377194	0.522215	0.60275	0.629984	0.625653	0.608933	0.593029	0.595012	0.612626	0.635485	0.666637	0.718587	0.772559	0.806885	0.827101	0.819676	0.773142	0.70225	0.613947	0.505242	0.367313	0.207776	0.0393542	-0.147559	
0.233232	0.413546	0.551282	0.63455	0.672842	0.683452	0.682339	0.68393	0.699498	0.719279	0.734203	0.742868	0.765216	0.785111	0.789461	0.784464	0.758759	0.708291	0.639186	0.554503	0.451802	0.321684	0.173355	0.0212692	-0.152348	
0.2641	0.433066	0.569519	0.661981	0.717576	0.750412	0.766643	0.78846	0.818554	0.837465	0.834144	0.818632	0.805805	0.786149	0.755241	0.720414	0.677408	0.619131	0.55614	0.482945	0.395009	0.279223	0.143747	0.00679452	-0.144106	
0.285571	0.449792	0.594532	0.706226	0.77926	0.829289	0.860618	0.896711	0.931538	0.945111	0.927218	0.884971	0.83381	0.776527	0.709925	0.649191	0.592655	0.52828	0.468098	0.403937	0.327999	0.227551	0.117215	-0.000108427	-0.120389	
0.311093	0.483666	0.642219	0.767356	0.857208	0.921439	0.964792	1.00491	1.03229	1.03188	0.997776	0.940933	0.863687	0.774565	0.681864	0.596519	0.523867	0.45737	0.39614	0.333049	0.262569	0.177317	0.0936442	0.0104536	-0.0819788	
