-0.886315	-0.850637	-0.785608	-0.697737	-0.587285	-0.461055	-0.333974	-0.231915	-0.145253	-0.0626591	0.00502964	0.0709664	0.161058	0.263167	0.350586	0.410974	0.453876	0.479402	0.480726	0.44742	0.406683	0.370062	0.325462	0.258086	0.185755	
-0.850637	-0.864353	-0.847703	-0.792136	-0.694504	-0.579731	-0.465834	-0.366598	-0.27932	-0.200428	-0.139138	-0.074417	0.011154	0.110381	0.206399	0.29323	0.36946	0.429675	0.459911	0.455439	0.439723	0.423388	0.38945	0.333764	0.270527	
-0.785608	-0.847703	-0.877924	-0.857995	-0.788688	-0.693264	-0.589269	-0.491913	-0.408308	-0.335826	-0.271877	-0.205096	-0.13067	-0.043877	0.0526651	0.155609	0.256826	0.344599	0.405821	0.435891	0.454327	0.460786	0.446598	0.414278	0.374076	
-0.697737	-0.792136	-0.857995	-0.878313	-0.841905	-0.769182	-0.679767	-0.590923	-0.516183	-0.447601	-0.377563	-0.311611	-0.249876	-0.176735	-0.0879422	0.0165814	0.128374	0.235126	0.321524	0.385449	0.436441	0.469343	0.482435	0.482897	0.473998	
-0.587285	-0.694504	-0.788688	-0.841905	-0.835262	-0.790453	-0.720303	-0.64748	-0.586861	-0.525241	-0.456339	-0.396208	-0.34417	-0.283547	-0.210589	-0.119115	-0.0082819	0.106098	0.208877	0.296123	0.3728	0.433544	0.479073	0.515073	0.539941	
-0.461055	-0.579731	-0.693264	-0.769182	-0.790453	-0.769393	-0.720403	-0.670273	-0.626441	-0.574594	-0.515729	-0.465414	-0.419906	-0.369791	-0.318126	-0.244452	-0.143549	-0.0289773	0.0791287	0.17797	0.271457	0.359139	0.437659	0.504173	0.563444	
-0.333974	-0.465834	-0.589269	-0.679767	-0.720303	-0.720403	-0.699539	-0.672789	-0.639347	-0.600663	-0.562352	-0.525747	-0.485552	-0.449715	-0.418317	-0.364311	-0.276306	-0.168465	-0.0618787	0.040449	0.145141	0.257699	0.363102	0.454827	0.546217	
-0.231915	-0.366598	-0.491913	-0.590923	-0.64748	-0.670273	-0.672789	-0.654337	-0.624405	-0.603324	-0.584146	-0.555013	-0.525694	-0.507837	-0.496015	-0.459865	-0.389978	-0.295762	-0.196186	-0.0944271	0.020438	0.149928	0.274031	0.384291	0.505985	
-0.145253	-0.27932	-0.408308	-0.516183	-0.586861	-0.626441	-0.639347	-0.624405	-0.603283	-0.592449	-0.572035	-0.547042	-0.533522	-0.53429	-0.535332	-0.517546	-0.471808	-0.398445	-0.311714	-0.208384	-0.0854642	0.0541779	0.187716	0.316449	0.462907	
-0.0626591	-0.200428	-0.335826	-0.447601	-0.525241	-0.574594	-0.600663	-0.603324	-0.592449	-0.57181	-0.541507	-0.521886	-0.52135	-0.52809	-0.536347	-0.537472	-0.517944	-0.472685	-0.401167	-0.298183	-0.168475	-0.0268736	0.115593	0.26349	0.428435	
0.00502964	-0.139138	-0.271877	-0.377563	-0.456339	-0.515729	-0.562352	-0.584146	-0.572035	-0.541507	-0.508668	-0.491879	-0.486287	-0.489006	-0.50266	-0.517015	-0.52156	-0.504628	-0.455321	-0.358413	-0.233041	-0.0926397	0.0587432	0.224614	0.396795	
0.0709664	-0.074417	-0.205096	-0.311611	-0.396208	-0.465414	-0.525747	-0.555013	-0.547042	-0.521886	-0.491879	-0.46249	-0.441138	-0.438767	-0.449387	-0.464506	-0.478623	-0.485219	-0.457608	-0.38075	-0.269647	-0.134521	0.0245346	0.197103	0.364114	
0.161058	0.011154	-0.13067	-0.249876	-0.34417	-0.419906	-0.485552	-0.525694	-0.533522	-0.52135	-0.486287	-0.441138	-0.409945	-0.399724	-0.397782	-0.397597	-0.407614	-0.419477	-0.411566	-0.361454	-0.273525	-0.147411	0.00607525	0.166798	0.315147	
0.263167	0.110381	-0.043877	-0.176735	-0.283547	-0.369791	-0.449715	-0.507837	-0.53429	-0.52809	-0.489006	-0.438767	-0.399724	-0.376869	-0.354009	-0.334099	-0.321836	-0.323219	-0.323248	-0.297085	-0.230731	-0.125017	0.00161366	0.128679	0.245929	
0.350586	0.206399	0.0526651	-0.0879422	-0.210589	-0.318126	-0.418317	-0.496015	-0.535332	-0.536347	-0.50266	-0.449387	-0.397782	-0.354009	-0.311156	-0.263991	-0.222759	-0.202131	-0.197145	-0.17695	-0.129066	-0.058906	0.0186524	0.0960142	0.168549	
0.410974	0.29323	0.155609	0.0165814	-0.119115	-0.244452	-0.364311	-0.459865	-0.517546	-0.537472	-0.517015	-0.464506	-0.397597	-0.334099	-0.263991	-0.188741	-0.120029	-0.0774899	-0.0508835	-0.0210075	0.00867366	0.0307135	0.0493719	0.0694362	0.0857596	
0.453876	0.36946	0.256826	0.128374	-0.0082819	-0.143549	-0.276306	-0.389978	-0.471808	-0.517944	-0.52156	-0.478623	-0.407614	-0.321836	-0.222759	-0.120029	-0.0307769	0.0374701	0.0928393	0.133979	0.141056	0.115052	0.078619	0.0413635	-0.00391317	
0.479402	0.429675	0.344599	0.235126	0.106098	-0.0289773	-0.168465	-0.295762	-0.398445	-0.472685	-0.504628	-0.485219	-0.419477	-0.323219	-0.202131	-0.0774899	0.0374701	0.13438	0.211282	0.252272	0.237262	0.175306	0.0938632	0.00442019	-0.0958978	
0.480726	0.459911	0.405821	0.321524	0.208877	0.0791287	-0.0618787	-0.196186	-0.311714	-0.401167	-0.455321	-0.457608	-0.411566	-0.323248	-0.197145	-0.0508835	0.0928393	0.211282	0.293011	0.326225	0.298363	0.214109	0.0975839	-0.034026	-0.17394	
0.44742	0.455439	0.435891	0.385449	0.296123	0.17797	0.040449	-0.0944271	-0.208384	-0.298183	-0.358413	-0.38075	-0.361454	-0.297085	-0.17695	-0.0210075	0.133979	0.252272	0.326225	0.354353	0.322794	0.22652	0.0863067	-0.0717312	-0.236013	
0.406683	0.439723	0.454327	0.436441	0.3728	0.271457	0.145141	0.020438	-0.0854642	-0.168475	-0.233041	-0.269647	-0.273525	-0.230731	-0.129066	0.00867366	0.141056	0.237262	0.298363	0.322794	0.291547	0.193312	0.0492682	-0.11702	-0.293704	
0.370062	0.423388	0.460786	0.469343	0.433544	0.359139	0.257699	0.149928	0.0541779	-0.0268736	-0.0926397	-0.134521	-0.147411	-0.125017	-0.058906	0.0307135	0.115052	0.175306	0.214109	0.22652	0.193312	0.106179	-0.0212613	-0.176718	-0.354107	
0.325462	0.38945	0.446598	0.482435	0.479073	0.437659	0.363102	0.274031	0.187716	0.115593	0.0587432	0.0245346	0.00607525	0.00161366	0.0186524	0.0493719	0.078619	0.0938632	0.0975839	0.0863067	0.0492682	-0.0212613	-0.119491	-0.247945	-0.404696	
0.258086	0.333764	0.414278	0.482897	0.515073	0.504173	0.454827	0.384291	0.316449	0.26349	0.224614	0.197103	0.166798	0.128679	0.0960142	0.0694362	0.0413635	0.00442019	-0.034026	-0.0717312	-0.11702	-0.176718	-0.247945	-0.335142	-0.448534	
0.185755	0.270527	0.374076	0.473998	0.539941	0.563444	0.546217	0.505985	0.462907	0.428435	0.396795	0.364114	0.315147	0.245929	0.168549	0.0857596	-0.00391317	-0.0958978	-0.17394	-0.236013	-0.293704	-0.354107	-0.404696	-0.448534	-0.505211	
0.125182	0.208399	0.317924	0.435922	0.535233	0.603375	0.637543	0.642412	0.629761	0.605926	0.568148	0.518906	0.448518	0.351385	0.235091	0.10018	-0.0468668	-0.189975	-0.305117	-0.390949	-0.462573	-0.524765	-0.56147	-0.571142	-0.580056	
0.0818523	0.152023	0.255721	0.382367	0.508085	0.62116	0.709151	0.764945	0.787158	0.776348	0.730533	0.658693	0.558234	0.428612	0.276988	0.104287	-0.084072	-0.26819	-0.419416	-0.529907	-0.610362	-0.668853	-0.69332	-0.685243	-0.662364	
0.0496306	0.111408	0.211189	0.342064	0.484549	0.625441	0.752106	0.850156	0.909544	0.921282	0.875596	0.781219	0.643318	0.472811	0.287508	0.0884014	-0.123179	-0.334089	-0.51284	-0.643721	-0.731069	-0.784551	-0.800922	-0.781683	-0.739842	
0.0200961	0.08128	0.184125	0.321759	0.473376	0.629633	0.778581	0.905544	0.995772	1.03087	0.99265	0.884578	0.715106	0.506106	0.28523	0.0620327	-0.164741	-0.385198	-0.57434	-0.71703	-0.814776	-0.873393	-0.885612	-0.855387	-0.796263	
-0.00323212	0.059365	0.165075	0.306393	0.465178	0.630969	0.793397	0.936808	1.04371	1.09387	1.0636	0.953377	0.77	0.536646	0.289334	0.0442402	-0.191299	-0.410979	-0.59668	-0.743465	-0.853055	-0.922012	-0.93445	-0.892548	-0.82084	
-0.00811008	0.0545201	0.16044	0.303292	0.463101	0.631289	0.796649	0.942751	1.05296	1.10487	1.07634	0.966338	0.780998	0.544115	0.290633	0.0415526	-0.196583	-0.414695	-0.599242	-0.746361	-0.858845	-0.930806	-0.943041	-0.899009	-0.824073	
0.00995175	0.0719035	0.176156	0.314848	0.469603	0.630043	0.785509	0.921052	1.01939	1.06196	1.02673	0.916789	0.7402	0.51914	0.286308	0.052605	-0.177861	-0.398673	-0.586589	-0.731862	-0.835123	-0.898099	-0.910155	-0.874078	-0.809112	
0.0373134	0.0980148	0.19846	0.332629	0.47925	0.627418	0.764562	0.875474	0.949095	0.97047	0.927378	0.825734	0.673194	0.486432	0.286345	0.0782566	-0.14056	-0.356734	-0.542272	-0.678981	-0.770286	-0.824654	-0.838643	-0.815229	-0.765972	
0.0681243	0.133769	0.235253	0.363359	0.497262	0.623507	0.728963	0.803117	0.839862	0.837798	0.790954	0.709747	0.594558	0.448726	0.284415	0.100282	-0.0983133	-0.295693	-0.459464	-0.579217	-0.661958	-0.717598	-0.73843	-0.725541	-0.694492	
0.105841	0.184375	0.292082	0.414815	0.525666	0.613052	0.669983	0.695082	0.696218	0.676012	0.63474	0.576885	0.495835	0.386851	0.255555	0.104106	-0.062372	-0.223016	-0.353572	-0.449069	-0.524833	-0.585874	-0.617621	-0.618913	-0.613212	
0.15976	0.245772	0.354281	0.462708	0.542121	0.58204	0.583503	0.560246	0.528423	0.498896	0.465147	0.427098	0.370591	0.290244	0.196937	0.091458	-0.0221029	-0.135681	-0.228123	-0.299816	-0.363035	-0.424548	-0.469161	-0.497639	-0.533577	
0.228527	0.308331	0.398884	0.481476	0.527449	0.529381	0.491112	0.430428	0.372633	0.327626	0.293761	0.265277	0.228091	0.177121	0.125542	0.0765584	0.0234834	-0.0348772	-0.0899814	-0.137392	-0.187653	-0.246369	-0.308675	-0.377991	-0.469126	
0.300974	0.369049	0.435065	0.483247	0.494138	0.465107	0.400559	0.318314	0.237836	0.173273	0.123441	0.0931397	0.0706205	0.0527991	0.049863	0.0573181	0.0645902	0.0595027	0.0469926	0.0246332	-0.0149614	-0.0798886	-0.166489	-0.279562	-0.421468	
0.354231	0.412691	0.457787	0.476891	0.453305	0.392053	0.302032	0.201601	0.109594	0.0300835	-0.0332698	-0.0733389	-0.0880152	-0.0756639	-0.0284708	0.0381855	0.100402	0.144045	0.169723	0.17394	0.139112	0.0589741	-0.0578019	-0.204158	-0.376302	
0.39195	0.433787	0.459351	0.452774	0.399744	0.307329	0.18957	0.0715087	-0.0303385	-0.11227	-0.179007	-0.218827	-0.227634	-0.192423	-0.102926	0.0181473	0.133283	0.216252	0.270156	0.291156	0.259743	0.164516	0.0247627	-0.139399	-0.318085	
0.430668	0.449098	0.443528	0.406996	0.328175	0.216151	0.0815642	-0.050972	-0.161398	-0.248647	-0.310386	-0.339762	-0.330424	-0.275246	-0.160643	-0.00820732	0.141452	0.253381	0.322554	0.349849	0.318223	0.220069	0.0751472	-0.0883309	-0.258895	
0.471092	0.461265	0.420823	0.349073	0.24518	0.119489	-0.0207097	-0.156512	-0.273204	-0.363818	-0.422057	-0.432292	-0.39691	-0.316879	-0.192202	-0.0396111	0.111924	0.23364	0.313142	0.343547	0.31332	0.22347	0.0956343	-0.0486252	-0.200003	
0.483288	0.446292	0.373425	0.273163	0.1491	0.015535	-0.124827	-0.255858	-0.364873	-0.44747	-0.489489	-0.479488	-0.419967	-0.324847	-0.199826	-0.0665269	0.0604728	0.168185	0.248988	0.286697	0.264831	0.192894	0.0964642	-0.0112127	-0.12971	
0.46711	0.395586	0.294243	0.173076	0.0387561	-0.098248	-0.234785	-0.354405	-0.445137	-0.502916	-0.518246	-0.483317	-0.413465	-0.321232	-0.211967	-0.0997939	-0.0016659	0.0786449	0.144149	0.186812	0.183898	0.142173	0.0865294	0.0279171	-0.0412811	
0.429632	0.325157	0.19621	0.0603317	-0.0768875	-0.206768	-0.332865	-0.435974	-0.502464	-0.532329	-0.520396	-0.470134	-0.399964	-0.327522	-0.245418	-0.158794	-0.0816383	-0.0297001	0.00842858	0.0435269	0.064829	0.0666318	0.0622678	0.0589241	0.0506356	
0.378429	0.242573	0.0939535	-0.0479248	-0.176578	-0.29206	-0.400663	-0.485746	-0.531258	-0.538232	-0.509401	-0.455686	-0.397518	-0.345477	-0.29285	-0.234125	-0.181423	-0.151686	-0.140447	-0.11702	-0.0760793	-0.0236557	0.0298085	0.0848809	0.135723	
0.300181	0.149278	-0.00599954	-0.14245	-0.256221	-0.350009	-0.437644	-0.503839	-0.535508	-0.531035	-0.493036	-0.441928	-0.398825	-0.367736	-0.337119	-0.307271	-0.283643	-0.27673	-0.276685	-0.255795	-0.196564	-0.103325	0.00585808	0.113793	0.215189	
0.203016	0.0498726	-0.0978561	-0.222693	-0.320764	-0.400137	-0.470423	-0.517225	-0.533136	-0.523868	-0.486266	-0.437927	-0.404305	-0.389662	-0.379478	-0.372151	-0.375231	-0.383936	-0.380796	-0.341513	-0.263265	-0.143063	0.00209888	0.152261	0.289254	
0.103544	-0.0429304	-0.176947	-0.287381	-0.375711	-0.447127	-0.509871	-0.542094	-0.5392	-0.519771	-0.488539	-0.451797	-0.425918	-0.420682	-0.427544	-0.437832	-0.452845	-0.463486	-0.444127	-0.377793	-0.275807	-0.144055	0.0155469	0.185813	0.347377	
0.0302546	-0.114208	-0.245237	-0.350552	-0.430566	-0.494446	-0.548274	-0.573977	-0.561696	-0.531391	-0.500665	-0.480391	-0.468597	-0.469108	-0.482379	-0.499151	-0.509346	-0.503418	-0.46249	-0.371893	-0.251308	-0.112832	0.0423711	0.213471	0.384801	
