0.480767	0.539489	0.587323	0.629913	0.653223	0.656618	0.641914	0.606033	0.559074	0.505784	0.443135	0.380558	0.313027	0.248083	0.184653	0.125467	0.0836833	0.0453257	0.00402184	-0.0395634	-0.0901884	-0.15058	-0.209591	-0.259173	-0.287762	
0.5506	0.61577	0.666677	0.705449	0.723811	0.726276	0.715006	0.684292	0.637043	0.579003	0.506477	0.437565	0.36107	0.287475	0.21423	0.145121	0.0894002	0.0404571	-0.00411919	-0.0495181	-0.102117	-0.161258	-0.220757	-0.271761	-0.303407	
0.605268	0.680822	0.736153	0.773683	0.790001	0.791278	0.782989	0.753498	0.705173	0.636943	0.558763	0.48231	0.402846	0.321024	0.238778	0.163461	0.0990581	0.0466724	0.00567528	-0.0346434	-0.0925915	-0.149051	-0.211507	-0.266053	-0.310694	
0.633906	0.718609	0.780022	0.817383	0.834526	0.836438	0.827053	0.798028	0.746174	0.669314	0.582944	0.501903	0.418552	0.334696	0.254116	0.182379	0.129269	0.0870167	0.0550799	0.0148586	-0.0451832	-0.110131	-0.174589	-0.23456	-0.293776	
0.637532	0.726837	0.792429	0.835602	0.854056	0.856215	0.846353	0.812198	0.756325	0.674918	0.582538	0.496027	0.413462	0.334152	0.264008	0.209403	0.17812	0.155817	0.133363	0.0966157	0.0379187	-0.02971	-0.100308	-0.1692	-0.241211	
0.61839	0.707624	0.773894	0.814441	0.832218	0.83462	0.823698	0.79316	0.737377	0.655184	0.563108	0.473843	0.392838	0.326299	0.277024	0.247943	0.245295	0.248504	0.238138	0.206847	0.157061	0.0908154	0.0125571	-0.0647525	-0.147654	
0.565054	0.650925	0.720907	0.764398	0.78025	0.781451	0.773302	0.741655	0.681715	0.600229	0.512395	0.432243	0.368551	0.323687	0.300091	0.299549	0.320012	0.346727	0.358379	0.343816	0.309762	0.246554	0.165275	0.0726835	-0.031576	
0.481138	0.568317	0.648396	0.698631	0.718666	0.722814	0.708965	0.673017	0.602532	0.51537	0.433932	0.371212	0.330884	0.31266	0.321244	0.350674	0.396964	0.448044	0.48719	0.49701	0.475221	0.415977	0.336416	0.234375	0.104116	
0.381908	0.469437	0.560992	0.624668	0.657607	0.66376	0.641121	0.591139	0.507014	0.414968	0.339383	0.290937	0.273192	0.282502	0.321474	0.390096	0.466174	0.542922	0.610334	0.647653	0.639362	0.588519	0.515414	0.41606	0.271217	
0.286705	0.375071	0.473964	0.553589	0.600775	0.609451	0.576887	0.508981	0.415154	0.319111	0.246287	0.202391	0.198341	0.227723	0.29434	0.394564	0.503229	0.606298	0.700103	0.771659	0.792379	0.763051	0.702157	0.60862	0.460417	
0.222852	0.320277	0.423864	0.511694	0.56462	0.573397	0.537918	0.46161	0.362592	0.259367	0.176229	0.119861	0.109096	0.143332	0.223839	0.342922	0.480841	0.620126	0.750047	0.861456	0.92634	0.929356	0.877841	0.783707	0.64228	
0.186271	0.30548	0.426222	0.521322	0.576008	0.585456	0.548213	0.468336	0.355231	0.232269	0.122585	0.0409591	0.004817	0.0309393	0.111468	0.240403	0.406255	0.58367	0.756009	0.910433	1.01426	1.05037	1.01736	0.927491	0.796253	
0.156783	0.309357	0.456669	0.571071	0.634242	0.644002	0.603418	0.507316	0.370579	0.216573	0.0717668	-0.0433207	-0.111657	-0.1106	-0.0376846	0.098659	0.280153	0.485988	0.69492	0.889976	1.03646	1.10697	1.10044	1.02998	0.907584	
0.120541	0.300719	0.472585	0.606632	0.685231	0.698446	0.646138	0.531726	0.372182	0.192209	0.0154576	-0.135338	-0.245713	-0.278218	-0.222246	-0.0829778	0.109712	0.331946	0.563178	0.797492	0.989235	1.09688	1.12265	1.07937	0.97394	
0.0646041	0.268593	0.462112	0.614283	0.709369	0.726574	0.659888	0.529671	0.348586	0.146653	-0.0575498	-0.24513	-0.393913	-0.458297	-0.426186	-0.299212	-0.106177	0.11974	0.363283	0.621636	0.855867	1.00809	1.07056	1.06034	0.983268	
-0.0143858	0.214482	0.431339	0.602031	0.705793	0.723946	0.652473	0.506449	0.304423	0.0778373	-0.155101	-0.375049	-0.54922	-0.642506	-0.639591	-0.537537	-0.363101	-0.136211	0.113819	0.378584	0.633502	0.829053	0.935969	0.966582	0.927836	
-0.104653	0.154131	0.390895	0.569271	0.67449	0.69235	0.621091	0.470538	0.253537	-0.000759534	-0.259631	-0.509939	-0.712497	-0.837279	-0.868929	-0.799203	-0.6412	-0.414048	-0.156297	0.112344	0.372327	0.589644	0.737556	0.812604	0.813445	
-0.197622	0.0799793	0.329171	0.512451	0.61866	0.63752	0.565026	0.41159	0.185249	-0.0855182	-0.365972	-0.639173	-0.867989	-1.02706	-1.09368	-1.05039	-0.907575	-0.689247	-0.424775	-0.147026	0.117601	0.346571	0.518934	0.628166	0.672024	
-0.28122	0.00325533	0.250182	0.436148	0.54339	0.562172	0.489273	0.332798	0.108075	-0.164942	-0.457817	-0.745533	-0.991392	-1.17712	-1.26894	-1.24767	-1.12559	-0.924831	-0.667326	-0.387356	-0.117603	0.117235	0.30167	0.437582	0.519838	
-0.331867	-0.0509453	0.188013	0.366763	0.471514	0.488832	0.418619	0.266996	0.0516563	-0.216348	-0.508774	-0.797295	-1.05065	-1.2457	-1.35807	-1.3657	-1.2726	-1.09391	-0.853451	-0.582139	-0.323528	-0.0936682	0.100546	0.253011	0.365199	
-0.326608	-0.0557441	0.172235	0.338137	0.42892	0.443843	0.383439	0.246631	0.0417777	-0.214073	-0.500728	-0.778897	-1.02737	-1.2229	-1.34963	-1.38671	-1.32504	-1.17202	-0.950829	-0.705005	-0.473644	-0.258017	-0.0592664	0.102681	0.228574	
-0.262771	-0.000165058	0.216429	0.370151	0.450276	0.463231	0.411034	0.28637	0.0930506	-0.153911	-0.429913	-0.695657	-0.93151	-1.12082	-1.25071	-1.30578	-1.2691	-1.1384	-0.945962	-0.735134	-0.534956	-0.341463	-0.157747	0.00234206	0.129238	
-0.133259	0.118636	0.325016	0.469343	0.548046	0.560649	0.509273	0.39049	0.207852	-0.0277522	-0.296295	-0.554253	-0.781527	-0.957604	-1.08159	-1.13725	-1.10996	-0.999807	-0.842474	-0.666382	-0.497685	-0.334361	-0.176954	-0.0409335	0.0762047	
0.0509893	0.292129	0.487083	0.626711	0.706848	0.720232	0.666034	0.550019	0.376469	0.152034	-0.104847	-0.358441	-0.576561	-0.742341	-0.854387	-0.904806	-0.880703	-0.7882	-0.655898	-0.510643	-0.36595	-0.233825	-0.119135	-0.0176132	0.0742646	
0.278057	0.508137	0.695766	0.829105	0.904071	0.917532	0.865291	0.756074	0.589245	0.373741	0.128809	-0.118072	-0.331498	-0.492322	-0.591283	-0.629822	-0.602472	-0.520488	-0.409305	-0.292855	-0.17815	-0.0811739	-0.006655	0.0606219	0.123408	
0.513033	0.73715	0.924476	1.05813	1.13268	1.14427	1.09518	0.984948	0.817875	0.604772	0.372697	0.137845	-0.065484	-0.218272	-0.30881	-0.337075	-0.306538	-0.233423	-0.141482	-0.0505784	0.0354453	0.100799	0.14372	0.174529	0.205763	
0.73715	0.95704	1.14473	1.28318	1.36362	1.37824	1.3224	1.20665	1.03706	0.827139	0.599774	0.374414	0.182301	0.0395618	-0.0406482	-0.0603954	-0.0225442	0.0481149	0.126424	0.190929	0.248887	0.290951	0.308391	0.307475	0.309892	
0.924476	1.14473	1.33329	1.48393	1.57725	1.59436	1.52906	1.39933	1.22447	1.01522	0.787345	0.565524	0.38408	0.252486	0.183199	0.17459	0.221958	0.297378	0.369976	0.416648	0.451439	0.471551	0.465771	0.438596	0.419042	
1.05813	1.28318	1.48393	1.64844	1.75341	1.7721	1.69935	1.5548	1.36717	1.15018	0.919093	0.703126	0.525737	0.402163	0.343215	0.34882	0.405487	0.483106	0.549521	0.592111	0.611812	0.612564	0.588911	0.539451	0.508888	
1.13268	1.36362	1.57725	1.75341	1.86095	1.87962	1.8061	1.65397	1.45169	1.22625	0.992453	0.781741	0.605557	0.48063	0.428259	0.448782	0.513334	0.589926	0.655051	0.696359	0.710962	0.698484	0.657348	0.59611	0.56199	
1.14427	1.37824	1.59436	1.7721	1.87962	1.89889	1.82439	1.67198	1.46762	1.23822	1.00518	0.795099	0.618761	0.492877	0.442832	0.464663	0.53189	0.608978	0.672907	0.714315	0.728732	0.713789	0.668196	0.605961	0.570678	
1.09518	1.3224	1.52906	1.69935	1.8061	1.82439	1.75124	1.60262	1.40816	1.18812	0.954901	0.741491	0.565688	0.442728	0.385936	0.398442	0.458604	0.536117	0.601594	0.643305	0.659556	0.654329	0.624356	0.567742	0.535308	
0.984948	1.20665	1.39933	1.5548	1.65397	1.67198	1.60262	1.46719	1.28789	1.07617	0.847128	0.627485	0.448023	0.320554	0.255455	0.252159	0.303139	0.380508	0.450747	0.493873	0.522389	0.534104	0.519904	0.483357	0.458281	
0.817875	1.03706	1.22447	1.36717	1.45169	1.46762	1.40816	1.28789	1.11652	0.907777	0.681174	0.457398	0.269614	0.131002	0.0553743	0.0401493	0.0819103	0.153625	0.228558	0.28507	0.332708	0.365687	0.373809	0.36188	0.35422	
0.604772	0.827139	1.01522	1.15018	1.22625	1.23822	1.18812	1.07617	0.907777	0.695274	0.466764	0.236686	0.0381288	-0.110881	-0.197815	-0.22262	-0.190235	-0.119536	-0.033757	0.0463486	0.121447	0.176793	0.208757	0.22588	0.245454	
0.372697	0.599774	0.787345	0.919093	0.992453	1.00518	0.954901	0.847128	0.681174	0.466764	0.226865	-0.015465	-0.225846	-0.384044	-0.479657	-0.513543	-0.484412	-0.405401	-0.302528	-0.196769	-0.0943714	-0.0108126	0.0497017	0.103165	0.153041	
0.137845	0.374414	0.565524	0.703126	0.781741	0.795099	0.741491	0.627485	0.457398	0.236686	-0.015465	-0.266757	-0.481992	-0.645438	-0.752532	-0.798845	-0.773929	-0.686255	-0.562653	-0.42898	-0.29527	-0.17644	-0.0790157	0.00827856	0.0883113	
-0.065484	0.182301	0.38408	0.525737	0.605557	0.618761	0.565688	0.448023	0.269614	0.0381288	-0.225846	-0.481992	-0.70603	-0.877394	-0.996813	-1.05087	-1.02485	-0.922645	-0.777333	-0.613645	-0.455222	-0.304026	-0.162479	-0.0398223	0.0692291	
-0.218272	0.0395618	0.252486	0.402163	0.48063	0.492877	0.442728	0.320554	0.131002	-0.110881	-0.384044	-0.645438	-0.877394	-1.06196	-1.19086	-1.24667	-1.21641	-1.09425	-0.915649	-0.719099	-0.531719	-0.349724	-0.175034	-0.0222183	0.102286	
-0.30881	-0.0406482	0.183199	0.343215	0.428259	0.442832	0.385936	0.255455	0.0553743	-0.197815	-0.479657	-0.752532	-0.996813	-1.19086	-1.31965	-1.36684	-1.31633	-1.17234	-0.96194	-0.729163	-0.51042	-0.302862	-0.107687	0.0560306	0.183591	
-0.337075	-0.0603954	0.17459	0.34882	0.448782	0.464663	0.398442	0.252159	0.0401493	-0.22262	-0.513543	-0.798845	-1.05087	-1.24667	-1.36684	-1.38579	-1.30559	-1.13743	-0.903444	-0.640564	-0.391667	-0.166569	0.0311964	0.187351	0.307803	
-0.306538	-0.0225442	0.221958	0.405487	0.513334	0.53189	0.458604	0.303139	0.0819103	-0.190235	-0.484412	-0.773929	-1.02485	-1.21641	-1.31633	-1.30559	-1.19432	-1.00165	-0.751223	-0.473602	-0.2045	0.0294105	0.217187	0.361699	0.457166	
-0.233423	0.0481149	0.297378	0.483106	0.589926	0.608978	0.536117	0.380508	0.153625	-0.119536	-0.405401	-0.686255	-0.922645	-1.09425	-1.17234	-1.13743	-1.00165	-0.789794	-0.526694	-0.2456	0.0211926	0.253701	0.431287	0.552272	0.611659	
-0.141482	0.126424	0.369976	0.549521	0.655051	0.672907	0.601594	0.450747	0.228558	-0.033757	-0.302528	-0.562653	-0.777333	-0.915649	-0.96194	-0.903444	-0.751223	-0.526694	-0.264567	0.00610067	0.267976	0.490567	0.650836	0.740434	0.759021	
-0.0505784	0.190929	0.416648	0.592111	0.696359	0.714315	0.643305	0.493873	0.28507	0.0463486	-0.196769	-0.42898	-0.613645	-0.719099	-0.729163	-0.640564	-0.473602	-0.2456	0.00610067	0.27275	0.530381	0.737228	0.861611	0.911424	0.887527	
0.0354453	0.248887	0.451439	0.611812	0.710962	0.728732	0.659556	0.522389	0.332708	0.121447	-0.0943714	-0.29527	-0.455222	-0.531719	-0.51042	-0.391667	-0.2045	0.0211926	0.267976	0.530381	0.776125	0.947515	1.02652	1.03073	0.96903	
0.100799	0.290951	0.471551	0.612564	0.698484	0.713789	0.654329	0.534104	0.365687	0.176793	-0.0108126	-0.17644	-0.304026	-0.349724	-0.302862	-0.166569	0.0294105	0.253701	0.490567	0.737228	0.947515	1.07174	1.1116	1.08057	0.98559	
0.14372	0.308391	0.465771	0.588911	0.657348	0.668196	0.624356	0.519904	0.373809	0.208757	0.0497017	-0.0790157	-0.162479	-0.175034	-0.107687	0.0311964	0.217187	0.431287	0.650836	0.861611	1.02652	1.1116	1.1177	1.05719	0.939931	
0.174529	0.307475	0.438596	0.539451	0.59611	0.605961	0.567742	0.483357	0.36188	0.22588	0.103165	0.00827856	-0.0398223	-0.0222183	0.0560306	0.187351	0.361699	0.552272	0.740434	0.911424	1.03073	1.08057	1.05719	0.973579	0.845541	
0.205763	0.309892	0.419042	0.508888	0.56199	0.570678	0.535308	0.458281	0.35422	0.245454	0.153041	0.0883113	0.0692291	0.102286	0.183591	0.307803	0.457166	0.611659	0.759021	0.887527	0.96903	0.98559	0.939931	0.845541	0.708241	
