-0.707793	-0.535842	-0.318381	-0.0729181	0.205387	0.48607	0.74023	0.965989	1.1426	1.23945	1.25821	1.21478	1.10558	0.924009	0.692849	0.460597	0.270857	0.141346	0.0658257	0.0275323	0.0104081	0.00357727	0.00112394	0.000324391	8.63858e-05	
-0.535842	-0.327502	-0.0958142	0.166856	0.443015	0.695234	0.91787	1.10439	1.22319	1.26134	1.23513	1.15117	0.999491	0.786936	0.552089	0.342952	0.188817	0.0925669	0.0406543	0.0160968	0.00578077	0.00189356	0.000568628	0.000157263	4.02228e-05	
-0.318381	-0.0958142	0.153698	0.420483	0.668442	0.885246	1.0727	1.20577	1.26085	1.24787	1.18145	1.05525	0.865077	0.636479	0.415767	0.240709	0.123918	0.0570369	0.0236173	0.00885122	0.00301965	0.000942673	0.000270568	7.17067e-05	1.76151e-05	
-0.0729181	0.166856	0.420483	0.659535	0.869032	1.05208	1.19108	1.25849	1.25588	1.20114	1.09428	0.925973	0.70938	0.484634	0.293836	0.15835	0.076201	0.0329346	0.0128615	0.00456428	0.00147979	0.000440427	0.000120865	3.07041e-05	7.24634e-06	
0.205387	0.443015	0.668442	0.869032	1.04496	1.18269	1.25603	1.26064	1.21353	1.12008	0.970368	0.768169	0.545436	0.344635	0.193687	0.0971605	0.0437321	0.0177631	0.00654785	0.00220213	0.000678999	0.0001928	5.06182e-05	1.23325e-05	2.79757e-06	
0.48607	0.695234	0.885246	1.05208	1.18269	1.255	1.26286	1.22045	1.13566	1.00006	0.81184	0.595056	0.389656	0.227373	0.11849	0.0553912	0.0233518	0.00892636	0.00311	0.000992385	0.000291317	7.89902e-05	1.98566e-05	4.64321e-06	1.01307e-06	
0.74023	0.91787	1.0727	1.19108	1.25603	1.26286	1.22268	1.14297	1.01696	0.840475	0.631488	0.425961	0.256809	0.138488	0.0670334	0.029261	0.0115771	0.00417237	0.00137622	0.000417272	0.000116767	3.02685e-05	7.29275e-06	1.63817e-06	3.44048e-07	
0.965989	1.10439	1.20577	1.25849	1.26064	1.22045	1.14297	1.02243	0.854589	0.653649	0.451344	0.279667	0.155401	0.077623	0.0349911	0.0142995	0.00532228	0.00181233	0.000566996	0.00016362	4.37101e-05	1.0846e-05	2.50742e-06	5.41609e-07	1.0959e-07	
1.1426	1.22319	1.26085	1.25588	1.21353	1.13566	1.01696	0.854589	0.661076	0.464378	0.294139	0.167664	0.0861147	0.0399742	0.0168357	0.00646013	0.00226789	0.000731339	0.000217457	5.98302e-05	1.52821e-05	3.63478e-06	8.07274e-07	1.67856e-07	3.27542e-08	
1.23945	1.26134	1.24787	1.20114	1.12008	1.00006	0.840475	0.653649	0.464378	0.299092	0.174108	0.0916135	0.0436635	0.0189079	0.0074661	0.00269835	0.000895913	0.000274252	7.76634e-05	2.041e-05	4.99249e-06	1.13981e-06	2.43501e-07	4.87932e-08	9.19111e-09	
1.25821	1.23513	1.18145	1.09428	0.970368	0.81184	0.631488	0.451344	0.294139	0.174108	0.0935171	0.0456272	0.0202672	0.00822001	0.00305395	0.00104282	0.000328354	9.56405e-05	2.58476e-05	6.50006e-06	1.5251e-06	3.34695e-07	6.88644e-08	1.33133e-08	2.42335e-09	
1.21478	1.15117	1.05525	0.925973	0.768169	0.595056	0.425961	0.279667	0.167664	0.0916135	0.0456272	0.020741	0.0086243	0.00328898	0.00115369	0.000373331	0.000111773	3.10496e-05	8.02463e-06	1.93449e-06	4.36051e-07	9.21164e-08	1.82769e-08	3.41286e-09	6.00913e-10	
1.10558	0.999491	0.865077	0.70938	0.545436	0.389656	0.256809	0.155401	0.0861147	0.0436635	0.0202672	0.0086243	0.0033712	0.00121341	0.000403184	0.000123997	3.53883e-05	9.39625e-06	2.3268e-06	5.38634e-07	1.16821e-07	2.37884e-08	4.55707e-09	8.22822e-10	1.4028e-10	
0.924009	0.786936	0.636479	0.484634	0.344635	0.227373	0.138488	0.077623	0.0399742	0.0189079	0.00822001	0.00328898	0.00121341	0.000413651	0.000130596	3.82746e-05	1.04374e-05	2.65445e-06	6.30988e-07	1.40496e-07	2.93623e-08	5.77096e-09	1.06866e-09	1.86781e-10	3.08637e-11	
0.692849	0.552089	0.415767	0.293836	0.193687	0.11849	0.0670334	0.0349911	0.0168357	0.0074661	0.00305395	0.00115369	0.000403184	0.000130596	3.92876e-05	1.10001e-05	2.87261e-06	7.01128e-07	1.60268e-07	3.43776e-08	6.93282e-09	1.31684e-09	2.35991e-10	3.99679e-11	6.40707e-12	
0.460597	0.342952	0.240709	0.15835	0.0971605	0.0553912	0.029261	0.0142995	0.00646013	0.00269835	0.00104282	0.000373331	0.000123997	3.82746e-05	1.10001e-05	2.94921e-06	7.39048e-07	1.73432e-07	3.81851e-08	7.9023e-09	1.53983e-09	2.82998e-10	4.91348e-11	8.07163e-12	1.25643e-12	
0.270857	0.188817	0.123918	0.076201	0.0437321	0.0233518	0.0115771	0.00532228	0.00226789	0.000895913	0.000328354	0.000111773	3.53883e-05	1.04374e-05	2.87261e-06	7.39048e-07	1.78055e-07	4.0243e-08	8.54745e-09	1.70894e-09	3.22164e-10	5.73551e-11	9.65769e-12	1.54033e-12	2.33025e-13	
0.141346	0.0925669	0.0570369	0.0329346	0.0177631	0.00892636	0.00417237	0.00181233	0.000731339	0.000274252	9.56405e-05	3.10496e-05	9.39625e-06	2.65445e-06	7.01128e-07	1.73432e-07	4.0243e-08	8.77392e-09	1.80029e-09	3.48201e-10	6.35805e-11	1.09767e-11	1.79431e-12	2.781e-13	4.09221e-14	
0.0658257	0.0406543	0.0236173	0.0128615	0.00654785	0.00311	0.00137622	0.000566996	0.000217457	7.76634e-05	2.58476e-05	8.02463e-06	2.3268e-06	6.30988e-07	1.60268e-07	3.81851e-08	8.54745e-09	1.80029e-09	3.57337e-10	6.69405e-11	1.18525e-11	1.98632e-12	3.15504e-13	4.75603e-14	6.81267e-15	
0.0275323	0.0160968	0.00885122	0.00456428	0.00220213	0.000992385	0.000417272	0.00016362	5.98302e-05	2.041e-05	6.50006e-06	1.93449e-06	5.38634e-07	1.40496e-07	3.43776e-08	7.9023e-09	1.70894e-09	3.48201e-10	6.69405e-11	1.21595e-11	2.08985e-12	3.40304e-13	5.25696e-14	7.71373e-15	1.07642e-15	
0.0104081	0.00578077	0.00301965	0.00147979	0.000678999	0.000291317	0.000116767	4.37101e-05	1.52821e-05	4.99249e-06	1.5251e-06	4.36051e-07	1.16821e-07	2.93623e-08	6.93282e-09	1.53983e-09	3.22164e-10	6.35805e-11	1.18525e-11	2.08985e-12	3.48993e-13	5.52675e-14	8.31022e-15	1.18786e-15	1.61598e-16	
0.00357727	0.00189356	0.000942673	0.000440427	0.0001928	7.89902e-05	3.02685e-05	1.0846e-05	3.63478e-06	1.13981e-06	3.34695e-07	9.21164e-08	2.37884e-08	5.77096e-09	1.31684e-09	2.82998e-10	5.73551e-11	1.09767e-11	1.98632e-12	3.40304e-13	5.52675e-14	8.51906e-15	1.24782e-15	1.73879e-16	2.30762e-17	
0.00112394	0.000568628	0.000270568	0.000120865	5.06182e-05	1.98566e-05	7.29275e-06	2.50742e-06	8.07274e-07	2.43501e-07	6.88644e-08	1.82769e-08	4.55707e-09	1.06866e-09	2.35991e-10	4.91348e-11	9.65769e-12	1.79431e-12	3.15504e-13	5.25696e-14	8.31022e-15	1.24782e-15	1.78175e-16	2.42206e-17	3.13784e-18	
0.000324391	0.000157263	7.17067e-05	3.07041e-05	1.23325e-05	4.64321e-06	1.63817e-06	5.41609e-07	1.67856e-07	4.87932e-08	1.33133e-08	3.41286e-09	8.22822e-10	1.86781e-10	3.99679e-11	8.07163e-12	1.54033e-12	2.781e-13	4.75603e-14	7.71373e-15	1.18786e-15	1.73879e-16	2.42206e-17	3.21401e-18	4.06712e-19	
8.63858e-05	4.02228e-05	1.76151e-05	7.24634e-06	2.79757e-06	1.01307e-06	3.44048e-07	1.0959e-07	3.27542e-08	9.19111e-09	2.42335e-09	6.00913e-10	1.4028e-10	3.08637e-11	6.40707e-12	1.25643e-12	2.33025e-13	4.09221e-14	6.81267e-15	1.07642e-15	1.61598e-16	2.30762e-17	3.13784e-18	4.06712e-19	5.03004e-20	
2.13102e-05	9.54951e-06	4.025e-06	1.59396e-06	5.92658e-07	2.06817e-07	6.77322e-08	2.08222e-08	6.01141e-09	1.63089e-09	4.16121e-10	9.99452e-11	2.26198e-11	4.82914e-12	9.73613e-13	1.85582e-13	3.34822e-14	5.72429e-15	9.28433e-16	1.43017e-16	2.09462e-17	2.91992e-18	3.87825e-19	4.91292e-20	5.94165e-21	
4.8872e-06	2.11163e-06	8.58174e-07	3.27759e-07	1.17576e-07	3.96065e-08	1.25292e-08	3.72318e-09	1.03983e-09	2.73128e-10	6.75272e-11	1.5729e-11	3.45518e-12	7.16552e-13	1.40445e-13	2.60453e-14	4.57515e-15	7.62111e-16	1.20517e-16	1.81121e-17	2.58964e-18	3.52627e-19	4.57758e-20	5.67057e-21	6.7097e-22	
1.04543e-06	4.36251e-07	1.71232e-07	6.31741e-08	2.18994e-08	7.13215e-09	2.18257e-09	6.27823e-10	1.69852e-10	4.32497e-11	1.03737e-11	2.346e-12	5.00724e-13	1.00972e-13	1.92577e-14	3.47761e-15	5.95261e-16	9.66846e-17	1.49176e-17	2.18874e-18	3.05697e-19	4.0685e-20	5.16476e-21	6.25974e-22	7.2503e-23	
2.09711e-07	8.46246e-08	3.21215e-08	1.14627e-08	3.84475e-09	1.2121e-09	3.59259e-10	1.00153e-10	2.62766e-11	6.4931e-12	1.51245e-12	3.32402e-13	6.8997e-14	1.35404e-14	2.51494e-15	4.42575e-16	7.38707e-17	1.17071e-17	1.76351e-18	2.52758e-19	3.45043e-20	4.49068e-21	5.57752e-22	6.61709e-23	7.50557e-24	
4.26713e-08	1.66287e-08	6.09601e-09	2.10155e-09	6.8123e-10	2.07662e-10	5.95487e-11	1.60716e-11	4.08511e-12	9.78673e-13	2.21177e-13	4.71973e-14	9.51917e-15	1.81648e-15	3.28297e-16	5.62553e-17	9.14907e-18	1.41371e-18	2.07761e-19	2.90686e-20	3.87589e-21	4.92976e-22	5.98681e-23	6.94829e-24	7.71362e-25	
2.67716e-08	1.03012e-08	3.72833e-09	1.26885e-09	4.06017e-10	1.22176e-10	3.45849e-11	9.21463e-12	2.31234e-12	5.46951e-13	1.22054e-13	2.572e-14	5.12317e-15	9.65612e-16	1.72392e-16	2.91838e-17	4.68956e-18	7.16051e-19	1.03998e-19	1.43819e-20	1.89559e-21	2.38359e-22	2.86212e-23	3.2848e-24	3.60645e-25	
1.0951e-07	4.36659e-08	1.63768e-08	5.77424e-09	1.91359e-09	5.96076e-10	1.7457e-10	4.80891e-11	1.24682e-11	3.04489e-12	7.01e-13	1.52284e-13	3.12474e-14	6.06242e-15	1.11331e-15	1.93725e-16	3.19761e-17	5.01189e-18	7.46741e-19	1.05873e-19	1.42983e-20	1.8412e-21	2.26283e-22	2.65674e-23	2.98254e-24	
5.55657e-07	2.29092e-07	8.88369e-08	3.23795e-08	1.10888e-08	3.56785e-09	1.07872e-09	3.06591e-10	8.19613e-11	2.0624e-11	4.88893e-12	1.0928e-12	2.30563e-13	4.59635e-14	8.66726e-15	1.54764e-15	2.61971e-16	4.20832e-17	6.42248e-18	9.32175e-19	1.28809e-19	1.69623e-20	2.13083e-21	2.55595e-22	2.93021e-23	
2.66667e-06	1.13762e-06	4.56463e-07	1.72122e-07	6.09635e-08	2.02776e-08	6.33443e-09	1.85901e-09	5.12818e-10	1.33062e-10	3.25018e-11	7.48047e-12	1.62389e-12	3.32848e-13	6.44877e-14	1.18231e-14	2.05349e-15	3.38259e-16	5.29028e-17	7.86419e-18	1.11234e-18	1.49859e-19	1.92498e-20	2.35991e-21	2.7638e-22	
1.19546e-05	5.28514e-06	2.19769e-06	8.58661e-07	3.15012e-07	1.08476e-07	3.50614e-08	1.06393e-08	3.03238e-09	8.12321e-10	2.04688e-10	4.85601e-11	1.08574e-11	2.29033e-12	4.5633e-13	8.5973e-14	1.53336e-14	2.59193e-15	4.15709e-16	6.33327e-17	9.17517e-18	1.26535e-18	1.66291e-19	2.08463e-20	2.49524e-21	
4.98913e-05	2.28984e-05	9.88509e-06	4.00877e-06	1.5259e-06	5.44888e-07	1.82511e-07	5.73499e-08	1.69127e-08	4.68377e-09	1.21905e-09	2.98461e-10	6.88075e-11	1.49534e-11	3.06686e-12	5.94292e-13	1.08936e-13	1.8911e-14	3.11273e-15	4.86346e-16	7.22132e-17	1.02007e-17	1.37232e-18	1.7601e-19	2.15435e-20	
0.000193172	9.22219e-05	4.14117e-05	1.7465e-05	6.91051e-06	2.56364e-06	8.91421e-07	2.90542e-07	8.8793e-08	2.54589e-08	6.85371e-09	1.73394e-09	4.12676e-10	9.24985e-11	1.95486e-11	3.90005e-12	7.35401e-13	1.31221e-13	2.21837e-14	3.55733e-15	5.41729e-16	7.84328e-17	1.08081e-17	1.41907e-18	1.77709e-19	
0.000691257	0.000344025	0.000161043	7.07847e-05	2.91756e-05	1.12671e-05	4.07497e-06	1.38016e-06	4.37866e-07	1.30193e-07	3.63073e-08	9.5051e-09	2.33846e-09	5.41263e-10	1.18007e-10	2.42644e-11	4.71123e-12	8.6486e-13	1.50296e-13	2.47552e-14	3.86928e-15	5.74573e-16	8.11534e-17	1.09143e-17	1.39917e-18	
0.00227657	0.001184	0.000579203	0.000265967	0.000114464	4.61201e-05	1.73872e-05	6.13202e-06	2.02344e-06	6.25032e-07	1.80865e-07	4.90735e-08	1.24981e-08	2.99124e-09	6.73609e-10	1.42912e-10	2.86023e-11	5.40716e-12	9.66797e-13	1.63701e-13	2.62823e-14	4.00584e-15	5.8031e-16	7.99939e-17	1.05043e-17	
0.006868	0.00374295	0.00191871	0.000922964	0.000415849	0.000175264	6.90411e-05	2.54122e-05	8.7405e-06	2.81046e-06	8.4543e-07	2.38145e-07	6.28846e-08	1.55852e-08	3.63001e-09	7.95623e-10	1.64324e-10	3.20245e-11	5.89707e-12	1.0274e-12	1.69574e-13	2.65488e-14	3.94757e-15	5.58122e-16	7.51176e-17	
0.0188812	0.0108157	0.00582784	0.00294569	0.00139361	0.000616135	0.000254303	9.79399e-05	3.51963e-05	1.18068e-05	3.69973e-06	1.08399e-06	2.97294e-07	7.64199e-08	1.84362e-08	4.18013e-09	8.92034e-10	1.79419e-10	3.40614e-11	6.11185e-12	1.03798e-12	1.67065e-13	2.55164e-14	3.7028e-15	5.11135e-16	
0.0470319	0.0284143	0.0161489	0.00860629	0.00428974	0.00199595	0.000865803	0.000349907	0.000131734	4.62172e-05	1.51206e-05	4.61762e-06	1.31786e-06	3.51964e-07	8.80897e-08	2.06916e-08	4.56838e-09	9.49473e-10	1.8604e-10	3.44166e-11	6.01995e-12	9.9697e-13	1.56538e-13	2.33329e-14	3.30574e-15	
0.105496	0.0674691	0.0405994	0.0229009	0.0120718	0.00593278	0.00271411	0.00115478	0.00045684	0.000168091	5.75623e-05	1.8365e-05	5.46568e-06	1.51955e-06	3.95239e-07	9.63315e-08	2.20362e-08	4.73875e-09	9.59483e-10	1.83203e-10	3.30373e-11	5.63495e-12	9.1034e-13	1.39487e-13	2.02979e-14	
0.211727	0.143896	0.0920569	0.055193	0.0308983	0.0161055	0.00780086	0.00350708	0.00146287	0.000566258	0.000203551	6.80214e-05	2.116e-05	6.13677e-06	1.662e-06	4.21045e-07	9.9949e-08	2.22704e-08	4.66566e-09	9.20558e-10	1.71332e-10	3.01267e-11	5.01229e-12	7.90158e-13	1.1819e-13	
0.377903	0.273943	0.187101	0.11977	0.0715371	0.0397285	0.0204634	0.00976135	0.00430951	0.00176111	0.000666635	0.000234007	7.62842e-05	2.31326e-05	6.53685e-06	1.72452e-06	4.25535e-07	9.8395e-08	2.13586e-08	4.36015e-09	8.38503e-10	1.52159e-10	2.60958e-11	4.23622e-12	6.51854e-13	
0.597185	0.46301	0.338872	0.232632	0.148963	0.0885787	0.0487554	0.0247906	0.011634	0.005039	0.00201574	0.000745642	0.000255456	8.12045e-05	2.39977e-05	6.60639e-06	1.69764e-06	4.08024e-07	9.19062e-08	1.94379e-08	3.86721e-09	7.25029e-10	1.28309e-10	2.14682e-11	3.40128e-12	
0.835175	0.692804	0.544531	0.402326	0.277454	0.17755	0.104976	0.0571865	0.0286636	0.0132162	0.00560928	0.00219432	0.000792575	0.000264851	8.20586e-05	2.36253e-05	6.3348e-06	1.58544e-06	3.71159e-07	8.14444e-08	1.67848e-08	3.25497e-09	5.9503e-10	1.02715e-10	1.67703e-11	
1.04142	0.920349	0.775769	0.617655	0.460229	0.318392	0.203268	0.119272	0.0641834	0.0316558	0.0143176	0.00594656	0.00227235	0.000800708	0.000260803	7.87179e-05	2.20716e-05	5.76305e-06	1.40459e-06	3.20265e-07	6.84645e-08	1.37501e-08	2.5994e-09	4.63409e-10	7.80433e-11	
1.17988	1.09927	0.986362	0.843241	0.678883	0.509128	0.352528	0.223972	0.130097	0.0689925	0.0334121	0.0147968	0.00600487	0.00223872	0.00076885	0.000243916	7.16808e-05	1.95661e-05	4.97362e-06	1.18028e-06	2.62099e-07	5.45852e-08	1.06838e-08	1.96911e-09	3.42389e-10	
1.2478	1.20914	1.13921	1.03456	0.894508	0.726181	0.546475	0.377494	0.237893	0.136368	0.0710702	0.0337147	0.0145904	0.00577611	0.00209826	0.000701628	0.000216637	6.19513e-05	1.64557e-05	4.07112e-06	9.4052e-07	2.03389e-07	4.1265e-08	7.87144e-09	1.41453e-09	
