-0.410738	-0.330225	-0.233331	-0.140803	-0.0745558	-0.061913	-0.109313	-0.194647	-0.292026	-0.381603	-0.446906	-0.48406	-0.505211	-0.517029	-0.524072	-0.53095	-0.541387	-0.550117	-0.542257	-0.518128	-0.48423	-0.43613	-0.366237	-0.276263	-0.159624	
-0.303222	-0.231704	-0.147925	-0.0683985	-0.0116361	0.000110954	-0.041638	-0.115146	-0.198656	-0.277145	-0.331873	-0.354157	-0.3608	-0.366242	-0.368468	-0.385684	-0.413744	-0.436513	-0.438295	-0.427728	-0.406784	-0.370949	-0.305388	-0.212463	-0.102968	
-0.201527	-0.14157	-0.0683203	0.00210738	0.0508713	0.0601034	0.0251163	-0.0384045	-0.113019	-0.180932	-0.221887	-0.229305	-0.217753	-0.211173	-0.211901	-0.234441	-0.274922	-0.304369	-0.312759	-0.317144	-0.310968	-0.284033	-0.227119	-0.139165	-0.0246451	
-0.124785	-0.0765644	-0.0122746	0.0462638	0.0905746	0.0988082	0.0662173	0.0128767	-0.0516215	-0.109233	-0.135556	-0.129754	-0.101313	-0.0798565	-0.0779952	-0.0954225	-0.132178	-0.170591	-0.188546	-0.207437	-0.217327	-0.198563	-0.148367	-0.064251	0.0589749	
-0.0616179	-0.0327232	0.0136463	0.0579857	0.0957467	0.105456	0.0740156	0.0326108	-0.0151326	-0.0535937	-0.0642987	-0.0512396	-0.0149425	0.0132264	0.0185711	0.0088668	-0.0190682	-0.060912	-0.0920946	-0.122474	-0.142511	-0.132963	-0.0864056	0.00897366	0.144046	
-0.00867793	-0.00437332	0.0118415	0.0334253	0.0616092	0.0690958	0.0445399	0.0194008	0.00158654	-0.00962294	-0.00187691	0.019946	0.054488	0.0798251	0.0850455	0.0776723	0.0505928	0.00808692	-0.0341348	-0.0704322	-0.0870274	-0.0767864	-0.0254187	0.0796242	0.21829	
0.0371216	0.0104892	-0.00401515	-0.00637481	0.00810087	0.0124505	-0.00145488	-0.00668507	0.00317184	0.0250868	0.056103	0.0870789	0.114654	0.13127	0.126956	0.107496	0.0725345	0.0257364	-0.0176922	-0.0433251	-0.049254	-0.0317183	0.0280314	0.136033	0.276394	
0.0686492	0.0169786	-0.027006	-0.054603	-0.0623129	-0.0625914	-0.0594787	-0.0402117	-0.00242738	0.048114	0.0983907	0.141852	0.170416	0.174829	0.156208	0.120228	0.0725228	0.0202507	-0.0167688	-0.0305487	-0.0236038	0.00303757	0.0641092	0.173532	0.309723	
0.0906655	0.0109256	-0.0568198	-0.104135	-0.136271	-0.143636	-0.118816	-0.0775529	-0.0189332	0.0593122	0.133858	0.19393	0.224755	0.219741	0.182274	0.126725	0.0608806	0.00750738	-0.019822	-0.0269089	-0.0131073	0.0189384	0.0802673	0.177845	0.30189	
0.118289	0.0145082	-0.0759937	-0.148497	-0.204822	-0.215147	-0.174206	-0.106302	-0.0240445	0.0770788	0.174626	0.248518	0.28323	0.270345	0.214686	0.129829	0.050365	-0.00809034	-0.0384378	-0.0423161	-0.0256428	0.00598014	0.0600843	0.146653	0.2564	
0.159278	0.0305606	-0.0845281	-0.182828	-0.250593	-0.262819	-0.214893	-0.126712	-0.0171449	0.107099	0.233113	0.320306	0.348621	0.324806	0.251656	0.141906	0.0457885	-0.0185508	-0.0556475	-0.0679327	-0.061509	-0.0379371	0.0105183	0.0837934	0.173978	
0.219388	0.0678402	-0.0731135	-0.189934	-0.266542	-0.281463	-0.226039	-0.123486	0.00890504	0.159433	0.299746	0.385813	0.408267	0.374421	0.286234	0.165011	0.0529792	-0.0303543	-0.0845392	-0.115295	-0.124609	-0.108303	-0.0653727	0.000195988	0.0847001	
0.271459	0.110333	-0.0454452	-0.167026	-0.244256	-0.259666	-0.203008	-0.099082	0.0446694	0.209366	0.35187	0.433493	0.448516	0.404363	0.308895	0.182816	0.0551642	-0.0479854	-0.128537	-0.181862	-0.202943	-0.193673	-0.149446	-0.0758713	0.0080709	
0.29257	0.139499	-0.0144358	-0.130354	-0.203789	-0.21559	-0.166497	-0.0649014	0.0745741	0.234606	0.366692	0.445146	0.458061	0.408599	0.309335	0.175368	0.0397076	-0.0805105	-0.175555	-0.237028	-0.263616	-0.258033	-0.21073	-0.1285	-0.0482198	
0.278509	0.14701	0.0078009	-0.103221	-0.17058	-0.181504	-0.136517	-0.0415159	0.0902867	0.228634	0.344325	0.414311	0.423685	0.370506	0.267153	0.135347	-2.73311e-06	-0.121611	-0.213906	-0.268884	-0.293984	-0.280611	-0.232609	-0.15454	-0.0779178	
0.229119	0.118242	-0.000390921	-0.101371	-0.16357	-0.175585	-0.131577	-0.0440306	0.0704809	0.18721	0.282807	0.341396	0.349533	0.299624	0.193883	0.0677931	-0.0550166	-0.163304	-0.236032	-0.2701	-0.284128	-0.267828	-0.219235	-0.150949	-0.0849004	
0.135003	0.0429585	-0.0573575	-0.141738	-0.195468	-0.205603	-0.167986	-0.0943114	0.00265914	0.100411	0.180546	0.233677	0.242485	0.197085	0.105002	-0.00389634	-0.107851	-0.196685	-0.244071	-0.253732	-0.247293	-0.222355	-0.17505	-0.119468	-0.0748588	
-0.00261124	-0.0849092	-0.174763	-0.249747	-0.297804	-0.305541	-0.27309	-0.206923	-0.120882	-0.0339557	0.0388081	0.0884084	0.0970479	0.070604	0.0123975	-0.0667713	-0.13977	-0.197814	-0.221884	-0.210551	-0.177079	-0.138568	-0.0965151	-0.0658049	-0.0434663	
-0.184882	-0.270833	-0.362097	-0.432535	-0.480683	-0.48833	-0.455174	-0.392884	-0.308592	-0.21716	-0.141762	-0.0894976	-0.0688512	-0.0742208	-0.0927034	-0.12551	-0.149953	-0.166455	-0.15795	-0.120872	-0.070372	-0.0264739	0.0035925	0.0157104	0.0159373	
-0.402097	-0.495257	-0.59067	-0.659675	-0.711595	-0.72124	-0.683949	-0.620673	-0.535873	-0.437541	-0.355844	-0.294432	-0.252098	-0.226087	-0.198336	-0.177575	-0.149243	-0.113448	-0.0681197	-0.00907254	0.0569629	0.109175	0.130174	0.123665	0.105296	
-0.634918	-0.724266	-0.812781	-0.885233	-0.936488	-0.946844	-0.908637	-0.844516	-0.760725	-0.669863	-0.585716	-0.511601	-0.443685	-0.371599	-0.296168	-0.22155	-0.140343	-0.0528201	0.0288125	0.11133	0.189689	0.245123	0.263725	0.24986	0.222148	
-0.848248	-0.928644	-1.00137	-1.06272	-1.10147	-1.10922	-1.08102	-1.02906	-0.958008	-0.881706	-0.794233	-0.708502	-0.614324	-0.50524	-0.390682	-0.266377	-0.134967	0.000821375	0.120557	0.225813	0.308601	0.364635	0.376533	0.356744	0.320278	
-0.996118	-1.05998	-1.11271	-1.15708	-1.18405	-1.18839	-1.17138	-1.13104	-1.08268	-1.02328	-0.951783	-0.870597	-0.764034	-0.630056	-0.48017	-0.312061	-0.135858	0.0278399	0.179127	0.298939	0.38456	0.435481	0.444695	0.419067	0.369025	
-1.08011	-1.11859	-1.14377	-1.16377	-1.17164	-1.17074	-1.16943	-1.1518	-1.13018	-1.09694	-1.04943	-0.981958	-0.882638	-0.740999	-0.562882	-0.359502	-0.153059	0.0288733	0.189773	0.311403	0.400562	0.450957	0.456237	0.423326	0.36507	
-1.11141	-1.11617	-1.10751	-1.09793	-1.08461	-1.0806	-1.09297	-1.10349	-1.11383	-1.11511	-1.1	-1.05321	-0.969369	-0.830088	-0.640862	-0.419611	-0.199088	-0.00503156	0.153239	0.273376	0.357546	0.398802	0.403203	0.365761	0.303661	
-1.09838	-1.06387	-1.02619	-0.988603	-0.963393	-0.959882	-0.975902	-1.01109	-1.04845	-1.08625	-1.11075	-1.09871	-1.03698	-0.915986	-0.726062	-0.494255	-0.26905	-0.0701042	0.0847926	0.197331	0.262905	0.291126	0.284628	0.243183	0.181907	
-1.06387	-0.991951	-0.924158	-0.865876	-0.833125	-0.828535	-0.848548	-0.899172	-0.963174	-1.03625	-1.0998	-1.12458	-1.09121	-0.99135	-0.811296	-0.587644	-0.358057	-0.152469	-0.00179786	0.0942866	0.140169	0.145792	0.123779	0.085578	0.0430353	
-1.02619	-0.924158	-0.825697	-0.748429	-0.702367	-0.6961	-0.724874	-0.793179	-0.882521	-0.986416	-1.07942	-1.1361	-1.13456	-1.05625	-0.895582	-0.681121	-0.451951	-0.242022	-0.0962431	-0.0164701	0.00942808	-0.00349109	-0.0330309	-0.0633353	-0.0825096	
-0.988603	-0.865876	-0.748429	-0.65864	-0.604247	-0.595388	-0.631981	-0.708667	-0.816627	-0.940432	-1.05711	-1.14474	-1.17025	-1.11071	-0.965375	-0.751633	-0.521282	-0.314196	-0.176269	-0.1107	-0.0991404	-0.117301	-0.152031	-0.184225	-0.189056	
-0.963393	-0.833125	-0.702367	-0.604247	-0.541422	-0.529989	-0.57452	-0.658067	-0.779496	-0.911823	-1.03816	-1.14345	-1.19052	-1.14457	-1.01226	-0.804981	-0.570099	-0.362403	-0.226044	-0.170347	-0.16378	-0.188396	-0.228999	-0.261542	-0.261288	
-0.959882	-0.828535	-0.6961	-0.595388	-0.529989	-0.516934	-0.564861	-0.650865	-0.774318	-0.907952	-1.03415	-1.14148	-1.19198	-1.15173	-1.02154	-0.81528	-0.578188	-0.370052	-0.234699	-0.181931	-0.175277	-0.198823	-0.243762	-0.276607	-0.274555	
-0.975902	-0.848548	-0.724874	-0.631981	-0.57452	-0.564861	-0.604033	-0.682932	-0.797165	-0.925507	-1.04869	-1.14599	-1.1816	-1.12724	-0.986891	-0.776064	-0.54421	-0.337193	-0.200601	-0.139901	-0.130838	-0.152876	-0.188436	-0.220469	-0.223298	
-1.01109	-0.899172	-0.793179	-0.708667	-0.658067	-0.650865	-0.682932	-0.756984	-0.854293	-0.967448	-1.07028	-1.13986	-1.14868	-1.08014	-0.92646	-0.711773	-0.482374	-0.27301	-0.131379	-0.0571288	-0.0384281	-0.0533451	-0.0855843	-0.115822	-0.128691	
-1.04845	-0.963174	-0.882521	-0.816627	-0.779496	-0.774318	-0.797165	-0.854293	-0.929106	-1.01521	-1.09238	-1.13068	-1.11016	-1.01849	-0.845379	-0.627154	-0.397315	-0.188711	-0.0396782	0.0495444	0.0873891	0.0835486	0.0573751	0.0231673	-0.00872761	
-1.08625	-1.03625	-0.986416	-0.940432	-0.911823	-0.907952	-0.925507	-0.967448	-1.01521	-1.06721	-1.10841	-1.11062	-1.06019	-0.947739	-0.760165	-0.529814	-0.302283	-0.101363	0.0523246	0.158198	0.216326	0.235942	0.223351	0.18139	0.12567	
-1.11075	-1.0998	-1.07942	-1.05711	-1.03816	-1.03415	-1.04869	-1.07028	-1.09238	-1.10841	-1.10852	-1.07456	-0.997707	-0.864341	-0.674123	-0.44746	-0.224432	-0.0286675	0.128188	0.24738	0.324683	0.361543	0.363188	0.323355	0.260651	
-1.09871	-1.12458	-1.1361	-1.14474	-1.14345	-1.14148	-1.14599	-1.13986	-1.13068	-1.11062	-1.07456	-1.01442	-0.921183	-0.778798	-0.593922	-0.381714	-0.168215	0.0202694	0.180685	0.301811	0.390147	0.438061	0.443156	0.408646	0.348178	
-1.03698	-1.09121	-1.13456	-1.17025	-1.19052	-1.19198	-1.1816	-1.14868	-1.11016	-1.06019	-0.997707	-0.921183	-0.814815	-0.677709	-0.514097	-0.329898	-0.139196	0.0318488	0.189011	0.310626	0.397961	0.450158	0.456527	0.427962	0.37327	
-0.915986	-0.99135	-1.05625	-1.11071	-1.14457	-1.15173	-1.12724	-1.08014	-1.01849	-0.947739	-0.864341	-0.778798	-0.677709	-0.55569	-0.42719	-0.285381	-0.134885	0.0142616	0.149013	0.262221	0.346194	0.398179	0.410552	0.388776	0.346068	
-0.726062	-0.811296	-0.895582	-0.965375	-1.01226	-1.02154	-0.986891	-0.92646	-0.845379	-0.760165	-0.674123	-0.593922	-0.514097	-0.42719	-0.334323	-0.238217	-0.13605	-0.0279405	0.0682695	0.159243	0.240418	0.297815	0.312915	0.296724	0.266551	
-0.494255	-0.587644	-0.681121	-0.751633	-0.804981	-0.81528	-0.776064	-0.711773	-0.627154	-0.529814	-0.44746	-0.381714	-0.329898	-0.285381	-0.238217	-0.196591	-0.14763	-0.0902976	-0.0301179	0.0387514	0.110371	0.163278	0.183649	0.173515	0.150735	
-0.26905	-0.358057	-0.451951	-0.521282	-0.570099	-0.578188	-0.54421	-0.482374	-0.397315	-0.302283	-0.224432	-0.168215	-0.139196	-0.134885	-0.13605	-0.14763	-0.149498	-0.14618	-0.123585	-0.0773474	-0.0208483	0.0262341	0.0516107	0.0554066	0.0474135	
-0.0701042	-0.152469	-0.242022	-0.314196	-0.362403	-0.370052	-0.337193	-0.27301	-0.188711	-0.101363	-0.0286675	0.0202694	0.0318488	0.0142616	-0.0279405	-0.0902976	-0.14618	-0.188861	-0.201306	-0.179751	-0.138301	-0.0967968	-0.0587128	-0.0362459	-0.0229227	
0.0847926	-0.00179786	-0.0962431	-0.176269	-0.226044	-0.234699	-0.200601	-0.131379	-0.0396782	0.0523246	0.128188	0.180685	0.189011	0.149013	0.0682695	-0.0301179	-0.123585	-0.201306	-0.239782	-0.242017	-0.223809	-0.192889	-0.14717	-0.100402	-0.0655755	
0.197331	0.0942866	-0.0164701	-0.1107	-0.170347	-0.181931	-0.139901	-0.0571288	0.0495444	0.158198	0.24738	0.301811	0.310626	0.262221	0.159243	0.0387514	-0.0773474	-0.179751	-0.242017	-0.265171	-0.272393	-0.253396	-0.205878	-0.142062	-0.0830905	
0.262905	0.140169	0.00942808	-0.0991404	-0.16378	-0.175277	-0.130838	-0.0384281	0.0873891	0.216326	0.324683	0.390147	0.397961	0.346194	0.240418	0.110371	-0.0208483	-0.138301	-0.223809	-0.272393	-0.294921	-0.27977	-0.23039	-0.156274	-0.0830212	
0.291126	0.145792	-0.00349109	-0.117301	-0.188396	-0.198823	-0.152876	-0.0533451	0.0835486	0.235942	0.361543	0.438061	0.450158	0.398179	0.297815	0.163278	0.0262341	-0.0967968	-0.192889	-0.253396	-0.27977	-0.271438	-0.224411	-0.142205	-0.062776	
0.284628	0.123779	-0.0330309	-0.152031	-0.228999	-0.243762	-0.188436	-0.0855843	0.0573751	0.223351	0.363188	0.443156	0.456527	0.410552	0.312915	0.183649	0.0516107	-0.0587128	-0.14717	-0.205878	-0.23039	-0.224411	-0.177833	-0.0996664	-0.0173108	
0.243183	0.085578	-0.0633353	-0.184225	-0.261542	-0.276607	-0.220469	-0.115822	0.0231673	0.18139	0.323355	0.408646	0.427962	0.388776	0.296724	0.173515	0.0554066	-0.0362459	-0.100402	-0.142062	-0.156274	-0.142205	-0.0996664	-0.0328562	0.0516478	
0.181907	0.0430353	-0.0825096	-0.189056	-0.261288	-0.274555	-0.223298	-0.128691	-0.00872761	0.12567	0.260651	0.348178	0.37327	0.346068	0.266551	0.150735	0.0474135	-0.0229227	-0.0655755	-0.0830905	-0.0830212	-0.062776	-0.0173108	0.0516478	0.137675	
