6.77199e-10	4.08392e-09	2.27927e-08	1.17432e-07	5.57109e-07	2.4275e-06	9.69106e-06	3.53648e-05	0.000117727	0.000356939	0.000984724	0.00247175	0.00565086	0.0117943	0.0225592	0.039747	0.0649123	0.0989471	0.14179	0.192356	0.248687	0.308264	0.368358	0.426349	0.479942	
4.08392e-09	2.36277e-08	1.26263e-07	6.2155e-07	2.81089e-06	1.16466e-05	4.40956e-05	0.000152182	0.000477731	0.00136194	0.0035231	0.0082715	0.017653	0.0343552	0.0612614	0.100723	0.153825	0.219945	0.296789	0.380824	0.467934	0.554075	0.635756	0.710292	0.775837	
2.27927e-08	1.26263e-07	6.44633e-07	3.02452e-06	1.30027e-05	5.107e-05	0.000182731	0.000594055	0.00175077	0.00466997	0.0112665	0.0245991	0.0487181	0.0878841	0.145285	0.221802	0.315444	0.421711	0.534621	0.647959	0.756311	0.855659	0.943525	1.01877	1.08126	
1.17432e-07	6.2155e-07	3.02452e-06	1.34886e-05	5.49562e-05	0.000203895	0.000686719	0.00209354	0.0057632	0.0143025	0.0319833	0.0645213	0.117803	0.195753	0.298367	0.421131	0.556135	0.694197	0.826924	0.948066	1.05395	1.14322	1.21621	1.27421	1.31902	
5.57109e-07	2.81089e-06	1.30027e-05	5.49562e-05	0.000211475	0.000738266	0.00233008	0.00662748	0.0169438	0.038873	0.0800211	0.148099	0.247591	0.376773	0.527286	0.686734	0.842516	0.984794	1.10772	1.2092	1.28979	1.35155	1.39708	1.42908	1.45028	
2.4275e-06	1.16466e-05	5.107e-05	0.000203895	0.000738266	0.00241463	0.00710602	0.01875	0.0442331	0.0931535	0.175219	0.295387	0.449482	0.624132	0.801774	0.966987	1.11003	1.22701	1.31815	1.38583	1.43309	1.46289	1.47804	1.48161	1.47694	
9.69106e-06	4.40956e-05	0.000182731	0.000686719	0.00233008	0.00710602	0.0193926	0.0471713	0.101968	0.195659	0.333863	0.509698	0.704042	0.893942	1.06236	1.20154	1.31042	1.39098	1.44584	1.47742	1.48807	1.48047	1.45835	1.42649	1.38953	
3.53648e-05	0.000152182	0.000594055	0.00209354	0.00662748	0.01875	0.0471713	0.105075	0.206641	0.358759	0.552362	0.762516	0.960841	1.12979	1.26509	1.36812	1.44022	1.48201	1.49417	1.47876	1.43965	1.38237	1.31409	1.24144	1.16938	
0.000117727	0.000477731	0.00175077	0.0057632	0.0169438	0.0442331	0.101968	0.206641	0.367364	0.574387	0.797763	1.00348	1.1736	1.30787	1.40871	1.47355	1.4994	1.48637	1.43824	1.36202	1.26601	1.15928	1.05003	0.94323	0.843103	
0.000356939	0.00136194	0.00466997	0.0143025	0.038873	0.0931535	0.195659	0.358759	0.574387	0.809493	1.02402	1.19808	1.3348	1.43658	1.49418	1.50089	1.45973	1.37837	1.26709	1.13606	0.994304	0.850476	0.709793	0.576241	0.455584	
0.000984724	0.0035231	0.0112665	0.0319833	0.0800211	0.175219	0.333863	0.552362	0.797763	1.02402	1.20595	1.34802	1.4531	1.50467	1.49243	1.42604	1.31759	1.17707	1.01487	0.839109	0.659167	0.482841	0.315196	0.16334	0.0323016	
0.00247175	0.0082715	0.0245991	0.0645213	0.148099	0.295387	0.509698	0.762516	1.00348	1.19808	1.34802	1.45858	1.50851	1.48253	1.39775	1.27023	1.10411	0.910186	0.699076	0.482197	0.272111	0.0756718	-0.100216	-0.250717	-0.376765	
0.00565086	0.017653	0.0487181	0.117803	0.247591	0.449482	0.704042	0.960841	1.1736	1.3348	1.4531	1.50851	1.47834	1.38237	1.24175	1.05191	0.825311	0.581997	0.33385	0.0972073	-0.120338	-0.313098	-0.47717	-0.613019	-0.722515	
0.0117943	0.0343552	0.0878841	0.195753	0.376773	0.624132	0.893942	1.12979	1.30787	1.43658	1.50467	1.48253	1.38237	1.23241	1.02384	0.768224	0.500504	0.228663	-0.0314684	-0.268557	-0.478015	-0.652929	-0.793958	-0.900623	-0.977086	
0.0225592	0.0612614	0.145285	0.298367	0.527286	0.801774	1.06236	1.26509	1.40871	1.49418	1.49243	1.39775	1.24175	1.02384	0.747962	0.460569	0.168751	-0.118869	-0.376061	-0.601615	-0.781489	-0.919577	-1.01426	-1.07374	-1.10611	
0.039747	0.100723	0.221802	0.421131	0.686734	0.966987	1.20154	1.36812	1.47355	1.50089	1.42604	1.27023	1.05191	0.768224	0.460569	0.149515	-0.166076	-0.442272	-0.678071	-0.862807	-0.993368	-1.07789	-1.11723	-1.12711	-1.11324	
0.0649123	0.153825	0.315444	0.556135	0.842516	1.11003	1.31042	1.44022	1.4994	1.45973	1.31759	1.10411	0.825311	0.500504	0.168751	-0.166076	-0.46431	-0.70967	-0.908704	-1.0364	-1.11426	-1.13237	-1.11556	-1.06603	-1.00797	
0.0989471	0.219945	0.421711	0.694197	0.984794	1.22701	1.39098	1.48201	1.48637	1.37837	1.17707	0.910186	0.581997	0.228663	-0.118869	-0.442272	-0.70967	-0.924882	-1.06028	-1.12683	-1.1305	-1.08302	-1.00635	-0.915722	-0.829249	
0.14179	0.296789	0.534621	0.826924	1.10772	1.31815	1.44584	1.49417	1.43824	1.26709	1.01487	0.699076	0.33385	-0.0314684	-0.376061	-0.678071	-0.908704	-1.06028	-1.1265	-1.12541	-1.05842	-0.960442	-0.839445	-0.731583	-0.633779	
0.192356	0.380824	0.647959	0.948066	1.2092	1.38583	1.47742	1.47876	1.36202	1.13606	0.839109	0.482197	0.0972073	-0.268557	-0.601615	-0.862807	-1.0364	-1.12683	-1.12541	-1.05285	-0.930269	-0.788621	-0.655331	-0.552679	-0.486228	
0.248687	0.467934	0.756311	1.05395	1.28979	1.43309	1.48807	1.43965	1.26601	0.994304	0.659167	0.272111	-0.120338	-0.478015	-0.781489	-0.993368	-1.11426	-1.1305	-1.05842	-0.930269	-0.769332	-0.62306	-0.509802	-0.448529	-0.418122	
0.308264	0.554075	0.855659	1.14322	1.35155	1.46289	1.48047	1.38237	1.15928	0.850476	0.482841	0.0756718	-0.313098	-0.652929	-0.919577	-1.07789	-1.13237	-1.08302	-0.960442	-0.788621	-0.62306	-0.494523	-0.43023	-0.412745	-0.418162	
0.368358	0.635756	0.943525	1.21621	1.39708	1.47804	1.45835	1.31409	1.05003	0.709793	0.315196	-0.100216	-0.47717	-0.793958	-1.01426	-1.11723	-1.11556	-1.00635	-0.839445	-0.655331	-0.509802	-0.43023	-0.418647	-0.427782	-0.422227	
0.426349	0.710292	1.01877	1.27421	1.42908	1.48161	1.42649	1.24144	0.94323	0.576241	0.16334	-0.250717	-0.613019	-0.900623	-1.07374	-1.12711	-1.06603	-0.915722	-0.731583	-0.552679	-0.448529	-0.412745	-0.427782	-0.421934	-0.388879	
0.479942	0.775837	1.08126	1.31902	1.45028	1.47694	1.38953	1.16938	0.843103	0.455584	0.0323016	-0.376765	-0.722515	-0.977086	-1.10611	-1.11324	-1.00797	-0.829249	-0.633779	-0.486228	-0.418122	-0.418162	-0.422227	-0.388879	-0.331039	
0.527278	0.83128	1.1315	1.35264	1.46333	1.4672	1.35151	1.1023	0.754197	0.351733	-0.0778771	-0.480075	-0.805937	-1.0283	-1.12015	-1.08587	-0.945582	-0.753573	-0.566415	-0.445238	-0.405709	-0.41195	-0.394444	-0.350596	-0.318279	
0.566944	0.876081	1.17036	1.377	1.47059	1.45528	1.31612	1.04405	0.679458	0.265782	-0.166846	-0.559195	-0.866012	-1.06258	-1.12164	-1.05528	-0.893686	-0.689283	-0.516162	-0.421302	-0.398664	-0.40586	-0.377423	-0.338791	-0.323359	
0.597938	0.910082	1.19881	1.39383	1.47408	1.4437	1.28638	0.997259	0.620669	0.199561	-0.233195	-0.617081	-0.909437	-1.08338	-1.11621	-1.02677	-0.848252	-0.646586	-0.485253	-0.403977	-0.396146	-0.39638	-0.372313	-0.333118	-0.323227	
0.619598	0.933334	1.21775	1.40449	1.47543	1.43445	1.26452	0.963932	0.5796	0.153899	-0.278691	-0.656007	-0.936358	-1.0947	-1.11058	-1.00429	-0.817474	-0.616294	-0.464939	-0.398629	-0.394203	-0.395093	-0.358134	-0.316182	-0.305921	
0.631523	0.945961	1.22785	1.41	1.4758	1.42894	1.25212	0.945427	0.557	0.128802	-0.303432	-0.676609	-0.95039	-1.09976	-1.10511	-0.992161	-0.803516	-0.600293	-0.452457	-0.394411	-0.392632	-0.391294	-0.355314	-0.317274	-0.314084	
0.633519	0.948062	1.22952	1.41089	1.47583	1.42798	1.25003	0.942346	0.553214	0.124629	-0.307331	-0.680012	-0.953283	-1.10062	-1.10425	-0.990732	-0.798255	-0.596991	-0.453941	-0.392673	-0.393506	-0.387806	-0.354648	-0.319588	-0.318753	
0.625553	0.939654	1.22282	1.40727	1.47563	1.43169	1.25834	0.954832	0.568564	0.141395	-0.291565	-0.666846	-0.94286	-1.09652	-1.10883	-0.998672	-0.809021	-0.60854	-0.460064	-0.39644	-0.39443	-0.393481	-0.354781	-0.314534	-0.304309	
0.607753	0.920668	1.20749	1.39876	1.47477	1.43955	1.27656	0.982386	0.602353	0.178927	-0.254136	-0.635528	-0.922619	-1.08797	-1.11233	-1.01815	-0.836104	-0.631263	-0.473838	-0.400771	-0.395547	-0.396293	-0.367956	-0.327597	-0.316794	
0.580431	0.890981	1.18294	1.38455	1.4723	1.4504	1.30337	1.02401	0.654283	0.236972	-0.196424	-0.585334	-0.88558	-1.07194	-1.1195	-1.04314	-0.873589	-0.670704	-0.50355	-0.413484	-0.3971	-0.400416	-0.374602	-0.337602	-0.324682	
0.544137	0.850498	1.14835	1.36338	1.46677	1.46248	1.33682	1.07792	0.722823	0.315209	-0.116449	-0.514788	-0.832596	-1.04442	-1.12164	-1.07218	-0.923895	-0.727014	-0.543655	-0.434168	-0.402996	-0.408713	-0.385807	-0.341804	-0.321109	
0.499727	0.799276	1.10278	1.33367	1.4563	1.47344	1.37424	1.14182	0.806217	0.412139	-0.0144619	-0.421464	-0.759004	-0.99971	-1.11432	-1.10426	-0.98108	-0.795496	-0.603691	-0.468786	-0.412864	-0.418092	-0.41258	-0.372117	-0.319912	
0.448441	0.737678	1.04528	1.29357	1.43864	1.48052	1.41215	1.21243	0.902163	0.526058	0.108331	-0.303721	-0.659965	-0.935299	-1.08988	-1.12349	-1.04353	-0.881032	-0.689381	-0.520472	-0.432927	-0.413411	-0.429484	-0.410162	-0.364142	
0.391959	0.666566	0.975168	1.24108	1.41127	1.48063	1.44661	1.28545	1.00684	0.655036	0.251891	-0.163681	-0.534345	-0.839832	-1.0422	-1.1257	-1.09886	-0.969356	-0.79402	-0.610854	-0.479695	-0.419332	-0.422795	-0.430488	-0.415085	
0.332408	0.587472	0.892283	1.17429	1.37148	1.47048	1.47321	1.35623	1.11563	0.793332	0.414122	0.00261008	-0.382167	-0.713768	-0.962352	-1.0974	-1.12929	-1.05659	-0.913489	-0.732072	-0.571772	-0.460024	-0.419618	-0.415252	-0.421834	
0.272298	0.502739	0.797317	1.09165	1.31654	1.44687	1.48708	1.41877	1.22429	0.936498	0.587448	0.191262	-0.200312	-0.551601	-0.842074	-1.03371	-1.12776	-1.11498	-1.02182	-0.875382	-0.707944	-0.565966	-0.469524	-0.427068	-0.414494	
0.214347	0.415555	0.692173	0.992362	1.24379	1.40695	1.48408	1.46584	1.32559	1.08003	0.767013	0.396825	0.00735022	-0.35638	-0.678972	-0.92026	-1.07353	-1.13684	-1.10518	-1.00762	-0.866748	-0.71847	-0.590477	-0.49976	-0.447931	
0.161201	0.329788	0.580251	0.877027	1.15086	1.34783	1.46118	1.49129	1.41076	1.21632	0.945362	0.612331	0.2377	-0.129123	-0.47139	-0.759674	-0.967378	-1.09306	-1.13392	-1.10463	-1.01317	-0.895268	-0.765254	-0.656032	-0.567654	
0.115085	0.249598	0.466455	0.74833	1.03644	1.26642	1.41591	1.4905	1.47108	1.33672	1.11403	0.826979	0.482381	0.122576	-0.225307	-0.541191	-0.796664	-0.989965	-1.09598	-1.13608	-1.10995	-1.04083	-0.944395	-0.842633	-0.748599	
0.0774598	0.178832	0.356779	0.611503	0.901426	1.15996	1.34594	1.46073	1.49883	1.43127	1.26435	1.02926	0.729398	0.391524	0.0510689	-0.282659	-0.567208	-0.802064	-0.979761	-1.08377	-1.13353	-1.12371	-1.08302	-1.01453	-0.942255	
0.0488022	0.120349	0.257442	0.474191	0.75009	1.02713	1.24865	1.4008	1.48886	1.4897	1.38669	1.20772	0.964649	0.662062	0.3447	0.0212811	-0.292719	-0.556356	-0.778816	-0.942027	-1.05308	-1.11175	-1.12963	-1.11461	-1.08382	
0.028578	0.0754676	0.173681	0.345473	0.590723	0.869973	1.12166	1.31018	1.43942	1.50305	1.47134	1.35125	1.17146	0.925159	0.633027	0.337247	0.0342865	-0.25307	-0.504724	-0.716702	-0.878202	-0.995777	-1.06959	-1.10975	-1.12144	
0.0154523	0.0437598	0.108579	0.234037	0.435077	0.69575	0.964455	1.18797	1.35247	1.46558	1.50698	1.45426	1.33162	1.15637	0.917958	0.645216	0.367467	0.0889781	-0.171841	-0.407579	-0.608084	-0.770779	-0.894809	-0.985801	-1.04575	
0.0076712	0.0233043	0.0623899	0.145966	0.296074	0.517819	0.781618	1.03242	1.23159	1.38024	1.4809	1.50637	1.4462	1.32864	1.16288	0.945021	0.69787	0.440386	0.186073	-0.0525006	-0.268588	-0.456025	-0.612667	-0.73821	-0.835298	
0.00348118	0.0113362	0.0327261	0.0830967	0.184117	0.353553	0.586474	0.844504	1.07619	1.25717	1.39516	1.48676	1.50608	1.45011	1.34194	1.19076	1.00071	0.785013	0.556301	0.328526	0.112385	-0.0843386	-0.257789	-0.40516	-0.525188	
0.00143972	0.00501749	0.0155924	0.0428981	0.103711	0.218773	0.400539	0.636039	0.883609	1.09886	1.2673	1.39749	1.48408	1.50707	1.46449	1.37133	1.23936	1.07809	0.896369	0.703143	0.508519	0.321788	0.149601	-0.00463467	-0.13786	
