0.113451	0.296846	0.467839	0.599605	0.674014	0.687756	0.636097	0.526811	0.367725	0.187396	0.00495827	-0.154375	-0.278218	-0.360134	-0.382181	-0.347148	-0.252529	-0.101973	0.0777774	0.245716	0.39215	0.505579	0.565689	0.584927	0.59459	
0.218796	0.409265	0.575802	0.704495	0.779083	0.79247	0.741456	0.632309	0.480176	0.295352	0.107353	-0.0598301	-0.193464	-0.282301	-0.309412	-0.271667	-0.17788	-0.0243616	0.160834	0.339272	0.508078	0.640579	0.710788	0.728837	0.729783	
0.311578	0.498002	0.659423	0.784814	0.86107	0.873939	0.822397	0.713892	0.566764	0.387039	0.201323	0.0357545	-0.0992634	-0.19224	-0.222903	-0.182784	-0.0852225	0.0693201	0.254308	0.437626	0.609103	0.745643	0.821212	0.839432	0.828681	
0.372033	0.547185	0.702823	0.823123	0.896408	0.908615	0.858908	0.755905	0.612391	0.44369	0.266534	0.111642	-0.0125463	-0.0977437	-0.124781	-0.0830694	0.0192387	0.170222	0.350758	0.533554	0.696193	0.817491	0.883445	0.897765	0.877737	
0.393033	0.556061	0.703202	0.816794	0.880265	0.891787	0.84789	0.754082	0.617703	0.458689	0.294569	0.150689	0.0426981	-0.0232635	-0.0390077	0.00683829	0.111653	0.256824	0.429885	0.602287	0.74915	0.847732	0.890595	0.892246	0.856323	
0.381482	0.530048	0.664829	0.764483	0.817363	0.825577	0.791049	0.710435	0.586353	0.441874	0.2902	0.156223	0.0570569	0.00784067	0.00643045	0.0548963	0.156397	0.29145	0.448812	0.603652	0.731119	0.809681	0.84082	0.829231	0.782577	
0.340453	0.473798	0.590509	0.671065	0.710151	0.717019	0.690745	0.628112	0.523701	0.394791	0.2572	0.126391	0.029497	-0.0164111	-0.0112509	0.0365744	0.126408	0.246876	0.380044	0.514258	0.627851	0.702784	0.733175	0.725279	0.683124	
0.26707	0.385713	0.478515	0.533785	0.558027	0.561643	0.546628	0.504998	0.426654	0.317198	0.190241	0.0660465	-0.032421	-0.0832714	-0.0864629	-0.0519946	0.0208828	0.121378	0.233862	0.34653	0.453248	0.539033	0.582168	0.589036	0.570648	
0.16587	0.266421	0.334159	0.365189	0.374707	0.37618	0.370861	0.350083	0.297816	0.209724	0.094888	-0.0224344	-0.119857	-0.183026	-0.207702	-0.197104	-0.148158	-0.0674811	0.0308725	0.130899	0.229252	0.324448	0.392455	0.431088	0.452673	
0.052921	0.13512	0.180815	0.19559	0.194909	0.194232	0.196603	0.189154	0.157875	0.0899278	-0.0111634	-0.126421	-0.228581	-0.311063	-0.366942	-0.382608	-0.360175	-0.302236	-0.21826	-0.122047	-0.0240436	0.076725	0.175386	0.267022	0.346017	
-0.0430859	0.0270357	0.0591812	0.0653268	0.0568465	0.0536899	0.0630904	0.0635841	0.0440209	-0.0100896	-0.104429	-0.224711	-0.342136	-0.446678	-0.533197	-0.579178	-0.583211	-0.555173	-0.493686	-0.404611	-0.300911	-0.186458	-0.0580271	0.084884	0.228379	
-0.0932576	-0.0209246	0.0101083	0.01013	-0.00647427	-0.0127556	0.00464629	0.0126808	-0.00370498	-0.0591289	-0.157434	-0.29113	-0.427338	-0.553251	-0.667948	-0.748889	-0.794154	-0.798368	-0.76476	-0.691133	-0.587415	-0.458813	-0.301416	-0.121513	0.072289	
-0.0771362	0.0122924	0.0540114	0.0549591	0.0343001	0.0278497	0.0476746	0.0580922	0.0351923	-0.0362238	-0.151929	-0.303178	-0.463026	-0.615929	-0.76127	-0.884794	-0.976331	-1.01687	-1.00385	-0.947153	-0.852242	-0.715297	-0.534585	-0.323093	-0.0930239	
0.0062131	0.113242	0.166332	0.175116	0.164455	0.159833	0.172886	0.173136	0.141363	0.0548716	-0.0779274	-0.244556	-0.429304	-0.614206	-0.795602	-0.958114	-1.09227	-1.1679	-1.18172	-1.14915	-1.07039	-0.935515	-0.739036	-0.502016	-0.241509	
0.142901	0.25284	0.309568	0.327943	0.3323	0.332616	0.331543	0.319266	0.281664	0.193097	0.0552294	-0.120945	-0.321552	-0.534081	-0.745452	-0.93972	-1.10827	-1.2215	-1.27516	-1.27603	-1.22016	-1.09486	-0.89684	-0.648473	-0.369319	
0.306524	0.412227	0.466074	0.488294	0.497559	0.498552	0.493466	0.476895	0.439525	0.354907	0.220799	0.047657	-0.154923	-0.376899	-0.609999	-0.832584	-1.03213	-1.1898	-1.28932	-1.32648	-1.29494	-1.18828	-1.00546	-0.762041	-0.480458	
0.470856	0.569365	0.622542	0.640364	0.642276	0.640481	0.641847	0.633032	0.596107	0.515512	0.391486	0.232952	0.0465866	-0.168317	-0.412524	-0.661656	-0.891398	-1.08576	-1.23095	-1.30382	-1.30166	-1.22682	-1.06942	-0.843975	-0.574074	
0.614921	0.692105	0.734949	0.744763	0.737232	0.735119	0.741866	0.742865	0.713895	0.649089	0.552771	0.424113	0.264958	0.071408	-0.165795	-0.431688	-0.687119	-0.913659	-1.09627	-1.21182	-1.25401	-1.21894	-1.0933	-0.886053	-0.638852	
0.719038	0.762757	0.78477	0.786256	0.782209	0.781	0.784905	0.787731	0.773808	0.738946	0.682654	0.594746	0.465665	0.300276	0.0909867	-0.16448	-0.435003	-0.689692	-0.904099	-1.05821	-1.14617	-1.15531	-1.06237	-0.884141	-0.667585	
0.767485	0.7766	0.7758	0.770146	0.771434	0.773613	0.769359	0.773711	0.777192	0.77228	0.755496	0.712221	0.625767	0.494706	0.322428	0.0978719	-0.163478	-0.434321	-0.676123	-0.859172	-0.982069	-1.027	-0.973431	-0.838234	-0.66293	
0.749771	0.73136	0.710414	0.695241	0.694919	0.696422	0.692864	0.703281	0.723053	0.742951	0.759501	0.764281	0.735539	0.655821	0.51945	0.326905	0.0955623	-0.165493	-0.421671	-0.633043	-0.783969	-0.858693	-0.843186	-0.753204	-0.620989	
0.675474	0.631399	0.598618	0.578295	0.57217	0.57204	0.573815	0.589436	0.616591	0.65659	0.70519	0.751334	0.777772	0.756476	0.665174	0.505702	0.309749	0.0812083	-0.167917	-0.393716	-0.568579	-0.671308	-0.689072	-0.63666	-0.53652	
0.556847	0.489016	0.450305	0.432437	0.424949	0.424652	0.428161	0.442034	0.469748	0.525914	0.606867	0.688753	0.753688	0.781868	0.74641	0.636327	0.478432	0.280543	0.0556212	-0.163132	-0.346976	-0.473138	-0.525339	-0.50269	-0.427446	
0.406126	0.321883	0.279077	0.264771	0.263633	0.264057	0.263234	0.271323	0.299741	0.367499	0.472724	0.588265	0.68669	0.75174	0.769537	0.721142	0.608737	0.441384	0.242315	0.044418	-0.135486	-0.278212	-0.357241	-0.3634	-0.308282	
0.247205	0.153627	0.10518	0.094448	0.101926	0.104737	0.0962674	0.0972333	0.129308	0.204496	0.322707	0.463857	0.595968	0.695887	0.754564	0.758827	0.696225	0.56803	0.401938	0.22579	0.0533333	-0.0950447	-0.190786	-0.21623	-0.178833	
0.108059	0.00869148	-0.0410472	-0.0460025	-0.0305204	-0.0260163	-0.0404672	-0.047321	-0.0174803	0.0628645	0.187649	0.341733	0.49968	0.632602	0.726111	0.767779	0.746392	0.662387	0.531706	0.373374	0.206766	0.0560838	-0.0515499	-0.0953365	-0.0701017	
0.00869148	-0.0920186	-0.135863	-0.132041	-0.114387	-0.110451	-0.124234	-0.138557	-0.116551	-0.0381	0.0914859	0.253446	0.423927	0.57884	0.696984	0.765597	0.775058	0.7271	0.624222	0.476974	0.31495	0.165623	0.0465549	-0.017535	-0.00120863	
-0.0410472	-0.135863	-0.167347	-0.15549	-0.137596	-0.133922	-0.147276	-0.165856	-0.155623	-0.0861221	0.0418965	0.20801	0.383644	0.543148	0.670814	0.756236	0.787525	0.761995	0.675131	0.531365	0.370326	0.2211	0.0932337	0.0171299	0.0288	
-0.0460025	-0.132041	-0.15549	-0.135543	-0.111146	-0.106517	-0.124098	-0.151073	-0.148467	-0.0874913	0.0330255	0.194977	0.367232	0.523131	0.652523	0.747203	0.786357	0.768404	0.689457	0.552838	0.391447	0.233949	0.0966395	0.0159584	0.0322722	
-0.0305204	-0.114387	-0.137596	-0.111146	-0.076812	-0.069759	-0.0952429	-0.131529	-0.131049	-0.0707972	0.0438505	0.197583	0.361828	0.515703	0.649003	0.748757	0.785641	0.761054	0.686683	0.559519	0.399881	0.230203	0.0783086	-0.00355861	0.0205082	
-0.0260163	-0.110451	-0.133922	-0.106517	-0.069759	-0.0617903	-0.0901155	-0.127324	-0.12719	-0.0663914	0.0474671	0.198556	0.362471	0.515039	0.649854	0.750785	0.785782	0.759563	0.683955	0.559797	0.400769	0.227754	0.0722813	-0.0105832	0.016001	
-0.0404672	-0.124234	-0.147276	-0.124098	-0.0952429	-0.0901155	-0.110789	-0.142107	-0.140049	-0.0808265	0.0358121	0.194952	0.363949	0.518824	0.648547	0.745911	0.78582	0.765591	0.689036	0.556521	0.396646	0.234427	0.0905778	0.00918807	0.0287772	
-0.047321	-0.138557	-0.165856	-0.151073	-0.131529	-0.127324	-0.142107	-0.163239	-0.156793	-0.0910707	0.0344417	0.199876	0.375734	0.533866	0.662529	0.752268	0.788482	0.768128	0.684655	0.542516	0.380648	0.229198	0.0984919	0.0200269	0.032314	
-0.0174803	-0.116551	-0.155623	-0.148467	-0.131049	-0.12719	-0.140049	-0.156793	-0.139615	-0.063902	0.0666308	0.230443	0.403202	0.561855	0.686056	0.762669	0.781521	0.744753	0.649867	0.504524	0.342916	0.194487	0.0720378	0.00176773	0.0150108	
0.0628645	-0.0381	-0.0861221	-0.0874913	-0.0707972	-0.0663914	-0.0808265	-0.0910707	-0.063902	0.016778	0.143833	0.301515	0.465114	0.609036	0.714465	0.767951	0.759936	0.691067	0.573524	0.420637	0.256358	0.10591	-0.00703466	-0.0592797	-0.0375244	
0.187649	0.0914859	0.0418965	0.0330255	0.0438505	0.0474671	0.0358121	0.0344417	0.0666308	0.143833	0.265078	0.412499	0.557449	0.670548	0.743827	0.765019	0.719989	0.610125	0.457621	0.289595	0.119578	-0.0302041	-0.130922	-0.163287	-0.131469	
0.341733	0.253446	0.20801	0.194977	0.197583	0.198556	0.194952	0.199876	0.230443	0.301515	0.412499	0.540567	0.652328	0.731511	0.766397	0.741026	0.649715	0.496319	0.309887	0.120202	-0.0566889	-0.202212	-0.288695	-0.303532	-0.25642	
0.49968	0.423927	0.383644	0.367232	0.361828	0.362471	0.363949	0.375734	0.403202	0.465114	0.557449	0.652328	0.730993	0.774321	0.761711	0.676153	0.53511	0.349144	0.133641	-0.0776236	-0.260822	-0.394546	-0.458695	-0.448422	-0.381775	
0.632602	0.57884	0.543148	0.523131	0.515703	0.515039	0.518824	0.533866	0.561855	0.609036	0.670548	0.731511	0.774321	0.775046	0.705398	0.563383	0.382227	0.16622	-0.0736901	-0.29902	-0.479161	-0.591944	-0.624153	-0.584128	-0.49439	
0.726111	0.696984	0.670814	0.652523	0.649003	0.649854	0.648547	0.662529	0.686056	0.714465	0.743827	0.766397	0.761711	0.705398	0.585703	0.405271	0.18767	-0.061905	-0.318052	-0.538035	-0.699894	-0.78645	-0.784089	-0.710232	-0.59194	
0.767779	0.765597	0.756236	0.747203	0.748757	0.750785	0.745911	0.752268	0.762669	0.767951	0.765019	0.741026	0.676153	0.563383	0.405271	0.194164	-0.0566478	-0.326917	-0.576323	-0.771308	-0.905617	-0.962277	-0.924522	-0.80762	-0.650985	
0.746392	0.775058	0.787525	0.786357	0.785641	0.785782	0.78582	0.788482	0.781521	0.759936	0.719989	0.649715	0.53511	0.382227	0.18767	-0.0566478	-0.326421	-0.590347	-0.816839	-0.983545	-1.08654	-1.11127	-1.0335	-0.871888	-0.669916	
0.662387	0.7271	0.761995	0.768404	0.761054	0.759563	0.765591	0.768128	0.744753	0.691067	0.610125	0.496319	0.349144	0.16622	-0.061905	-0.326917	-0.590347	-0.828771	-1.0247	-1.15676	-1.21782	-1.20067	-1.08805	-0.890099	-0.65478	
0.531706	0.624222	0.675131	0.689457	0.686683	0.683955	0.689036	0.684655	0.649867	0.573524	0.457621	0.309887	0.133641	-0.0736901	-0.318052	-0.576323	-0.816839	-1.0247	-1.18573	-1.27514	-1.28959	-1.22984	-1.08415	-0.866082	-0.604272	
0.373374	0.476974	0.531365	0.552838	0.559519	0.559797	0.556521	0.542516	0.504524	0.420637	0.289595	0.120202	-0.0776236	-0.29902	-0.538035	-0.771308	-0.983545	-1.15676	-1.27514	-1.32613	-1.30498	-1.20953	-1.03574	-0.798893	-0.520639	
0.206766	0.31495	0.370326	0.391447	0.399881	0.400769	0.396646	0.380648	0.342916	0.256358	0.119578	-0.0566889	-0.260822	-0.479161	-0.699894	-0.905617	-1.08654	-1.21782	-1.28959	-1.30498	-1.25876	-1.13947	-0.94644	-0.697954	-0.415371	
0.0560838	0.165623	0.2211	0.233949	0.230203	0.227754	0.234427	0.229198	0.194487	0.10591	-0.0302041	-0.202212	-0.394546	-0.591944	-0.78645	-0.962277	-1.11127	-1.20067	-1.22984	-1.20953	-1.13947	-1.00793	-0.808735	-0.565028	-0.29475	
-0.0515499	0.0465549	0.0932337	0.0966395	0.0783086	0.0722813	0.0905778	0.0984919	0.0720378	-0.00703466	-0.130922	-0.288695	-0.458695	-0.624153	-0.784089	-0.924522	-1.0335	-1.08805	-1.08415	-1.03574	-0.94644	-0.808735	-0.620305	-0.397247	-0.15481	
-0.0953365	-0.017535	0.0171299	0.0159584	-0.00355861	-0.0105832	0.00918807	0.0200269	0.00176773	-0.0592797	-0.163287	-0.303532	-0.448422	-0.584128	-0.710232	-0.80762	-0.871888	-0.890099	-0.866082	-0.798893	-0.697954	-0.565028	-0.397247	-0.2051	0.00456046	
-0.0701017	-0.00120863	0.0288	0.0322722	0.0205082	0.016001	0.0287772	0.032314	0.0150108	-0.0375244	-0.131469	-0.25642	-0.381775	-0.49439	-0.59194	-0.650985	-0.669916	-0.65478	-0.604272	-0.520639	-0.415371	-0.29475	-0.15481	0.00456046	0.170003	
