0.575799	0.400529	0.217373	0.0586593	-0.041434	-0.0606787	0.0106003	0.148873	0.326795	0.507953	0.668348	0.785499	0.838506	0.816738	0.717502	0.560557	0.377327	0.209216	0.0762953	-0.00928057	-0.0413112	-0.0134421	0.0703277	0.177985	0.284748	
0.519824	0.37126	0.214168	0.0753835	-0.0109533	-0.0268104	0.0332727	0.154906	0.307949	0.462916	0.596878	0.687081	0.717266	0.684452	0.589792	0.442502	0.27475	0.117843	-0.0155402	-0.102193	-0.130933	-0.092938	0.00500915	0.132794	0.257841	
0.380112	0.264635	0.141929	0.0323299	-0.0335723	-0.0438602	-0.000964439	0.0955498	0.215073	0.336151	0.439152	0.507039	0.520609	0.481006	0.395015	0.263607	0.121286	-0.015554	-0.135353	-0.215147	-0.231266	-0.176018	-0.0625879	0.0927785	0.247244	
0.166615	0.081728	-0.00714396	-0.0851823	-0.128294	-0.134	-0.107847	-0.0403731	0.045643	0.13423	0.21046	0.264202	0.272304	0.233359	0.157888	0.0465469	-0.0682418	-0.174969	-0.265964	-0.326151	-0.326932	-0.258037	-0.127198	0.0499104	0.236195	
-0.0912307	-0.154946	-0.21759	-0.264772	-0.28774	-0.289795	-0.277225	-0.238963	-0.180369	-0.117009	-0.0551027	-0.0125185	-0.00338284	-0.0392065	-0.104528	-0.188983	-0.27598	-0.346554	-0.400133	-0.42529	-0.405722	-0.326788	-0.182338	0.0163792	0.229052	
-0.359323	-0.409308	-0.450174	-0.471408	-0.4779	-0.479312	-0.474692	-0.461161	-0.427578	-0.379362	-0.330104	-0.294535	-0.287338	-0.31679	-0.369164	-0.426083	-0.477081	-0.514257	-0.529632	-0.51642	-0.467541	-0.369627	-0.214281	-0.00635791	0.226884	
-0.611818	-0.652657	-0.674968	-0.677148	-0.67619	-0.676285	-0.676496	-0.677309	-0.664613	-0.628842	-0.587597	-0.557883	-0.544315	-0.559297	-0.591491	-0.621833	-0.641173	-0.642991	-0.622815	-0.575445	-0.498757	-0.377598	-0.212024	-0.00764159	0.220951	
-0.829227	-0.859292	-0.864104	-0.848999	-0.840614	-0.83957	-0.844221	-0.85884	-0.864857	-0.843028	-0.807705	-0.774554	-0.747787	-0.737343	-0.741968	-0.745215	-0.73573	-0.704557	-0.646423	-0.572055	-0.477525	-0.35282	-0.192924	-0.0021636	0.206286	
-0.983591	-1.00137	-0.985807	-0.948068	-0.921774	-0.916888	-0.934777	-0.971587	-0.999567	-0.993989	-0.963559	-0.92257	-0.881263	-0.848048	-0.822505	-0.794499	-0.753184	-0.687955	-0.600398	-0.508589	-0.408789	-0.297923	-0.168644	-0.00762313	0.179501	
-1.05071	-1.05451	-1.01806	-0.955586	-0.904968	-0.894855	-0.931471	-0.994406	-1.04494	-1.05659	-1.03324	-0.987402	-0.934504	-0.885148	-0.831586	-0.770556	-0.700206	-0.606205	-0.503549	-0.410774	-0.319929	-0.229594	-0.139835	-0.0256469	0.1262	
-1.02227	-1.00548	-0.948021	-0.865714	-0.800208	-0.786229	-0.83533	-0.916101	-0.986968	-1.01993	-1.01398	-0.970373	-0.910445	-0.847512	-0.771935	-0.687376	-0.59726	-0.494701	-0.383667	-0.294402	-0.220677	-0.157567	-0.11056	-0.0463647	0.04984	
-0.909277	-0.865635	-0.785604	-0.691534	-0.621371	-0.607855	-0.658448	-0.747652	-0.8375	-0.895714	-0.9154	-0.884747	-0.822672	-0.750959	-0.667043	-0.573288	-0.477469	-0.374658	-0.264012	-0.171879	-0.110769	-0.0835163	-0.0807205	-0.0664431	-0.0290223	
-0.733697	-0.67384	-0.578274	-0.473771	-0.403152	-0.388522	-0.440232	-0.534383	-0.639441	-0.714339	-0.751576	-0.740562	-0.687944	-0.618266	-0.537066	-0.449872	-0.355262	-0.25577	-0.149595	-0.0609304	-0.0109044	-0.00964303	-0.0450874	-0.0718968	-0.0850766	
-0.526776	-0.459709	-0.355682	-0.241849	-0.165162	-0.151153	-0.204988	-0.307702	-0.422392	-0.50467	-0.55145	-0.561782	-0.53748	-0.483802	-0.411222	-0.332143	-0.244197	-0.15015	-0.0511557	0.0283408	0.0674128	0.0558043	0.00271356	-0.057529	-0.115768	
-0.309175	-0.231296	-0.119711	-0.0041838	0.0738755	0.0886957	0.0325598	-0.070856	-0.189921	-0.282205	-0.342412	-0.375489	-0.381586	-0.355866	-0.29856	-0.230287	-0.153761	-0.0714951	0.0127793	0.0809578	0.108962	0.0896493	0.0280504	-0.0574067	-0.154791	
-0.090009	0.0171569	0.139097	0.25026	0.324476	0.339391	0.285279	0.186225	0.0652776	-0.0497977	-0.141363	-0.203324	-0.237763	-0.242232	-0.215319	-0.169992	-0.10879	-0.0394745	0.0321698	0.0862509	0.103638	0.0748135	0.00140538	-0.0977759	-0.216593	
0.130104	0.270886	0.405617	0.515833	0.590219	0.604425	0.551696	0.453004	0.326236	0.186014	0.0539442	-0.0485228	-0.118491	-0.157824	-0.168698	-0.154242	-0.113756	-0.0554426	0.00557581	0.0493726	0.0545573	0.012699	-0.069297	-0.177038	-0.296068	
0.338486	0.500749	0.647501	0.766849	0.843661	0.858246	0.803845	0.699342	0.562322	0.403612	0.24089	0.0917779	-0.0243514	-0.103293	-0.147862	-0.156788	-0.134072	-0.0935925	-0.0472714	-0.0134257	-0.0202134	-0.0761156	-0.169722	-0.282231	-0.401282	
0.512958	0.687303	0.843983	0.969264	1.04404	1.05536	1.00615	0.899116	0.753015	0.584076	0.402217	0.216162	0.0544574	-0.0608961	-0.133873	-0.160526	-0.151718	-0.129322	-0.103025	-0.0816977	-0.0986193	-0.169144	-0.270872	-0.389517	-0.51066	
0.647405	0.829532	0.989511	1.10884	1.17118	1.17985	1.14095	1.043	0.897489	0.721807	0.529781	0.322231	0.130942	-0.012509	-0.109745	-0.156182	-0.163611	-0.154453	-0.144561	-0.140295	-0.172485	-0.25526	-0.364639	-0.486285	-0.606611	
0.75258	0.934371	1.08221	1.18141	1.23104	1.238	1.20762	1.12753	0.99871	0.827985	0.63363	0.423188	0.222702	0.0615771	-0.0551892	-0.120255	-0.146824	-0.153474	-0.160376	-0.181884	-0.238168	-0.335143	-0.452857	-0.580366	-0.698639	
0.84775	1.0117	1.12766	1.19911	1.23812	1.24371	1.21934	1.15999	1.06462	0.918002	0.734939	0.535895	0.343584	0.178417	0.0472797	-0.0348282	-0.0824023	-0.112574	-0.147402	-0.20295	-0.291595	-0.40669	-0.532336	-0.66808	-0.783496	
0.942517	1.07117	1.14989	1.1935	1.21707	1.22044	1.20555	1.16971	1.10878	0.999784	0.845257	0.664781	0.48814	0.331645	0.196907	0.0992215	0.0278105	-0.0337759	-0.104359	-0.197957	-0.320427	-0.461698	-0.605387	-0.745608	-0.856586	
1.02895	1.11324	1.15838	1.17438	1.17398	1.17206	1.17582	1.1674	1.13556	1.06795	0.957726	0.80897	0.650781	0.508706	0.38392	0.279612	0.184275	0.0849541	-0.0300186	-0.161153	-0.31404	-0.486035	-0.657567	-0.811902	-0.919554	
1.09505	1.13565	1.1448	1.12895	1.10308	1.09608	1.1186	1.14077	1.14308	1.115	1.05314	0.951237	0.824696	0.702474	0.591608	0.490416	0.378612	0.241281	0.0784316	-0.0975263	-0.281449	-0.479141	-0.679156	-0.853565	-0.972315	
1.13288	1.13585	1.10516	1.05408	1.01206	1.00388	1.03396	1.08586	1.12753	1.13845	1.11363	1.05814	0.979267	0.885703	0.790741	0.691759	0.571471	0.413321	0.215799	-0.00162458	-0.221869	-0.440087	-0.653269	-0.844883	-0.986122	
1.13585	1.10234	1.03066	0.950965	0.898294	0.888866	0.925074	0.997148	1.07723	1.12753	1.13862	1.12426	1.09007	1.03757	0.967713	0.875425	0.749497	0.580797	0.367144	0.119479	-0.133711	-0.370611	-0.59009	-0.792703	-0.958337	
1.10516	1.03066	0.930393	0.830555	0.765273	0.754766	0.798532	0.888567	0.991796	1.07974	1.13315	1.15546	1.15508	1.13779	1.10537	1.03278	0.908503	0.731607	0.507016	0.24659	-0.018996	-0.263761	-0.490861	-0.704955	-0.891744	
1.05408	0.950965	0.830555	0.715812	0.638299	0.625012	0.678248	0.782653	0.903224	1.01594	1.10294	1.1596	1.18798	1.19778	1.19399	1.14547	1.03319	0.854394	0.620211	0.356357	0.0949828	-0.147855	-0.38169	-0.607008	-0.804257	
1.01206	0.898294	0.765273	0.638299	0.554161	0.539498	0.596737	0.712201	0.846457	0.969687	1.06886	1.14857	1.2033	1.23198	1.23898	1.20236	1.10459	0.9315	0.695707	0.42934	0.172215	-0.0693421	-0.309247	-0.537097	-0.736451	
1.00388	0.888866	0.754766	0.625012	0.539498	0.525382	0.582173	0.700917	0.83676	0.961162	1.06123	1.14385	1.20554	1.23667	1.24552	1.20995	1.11473	0.945638	0.709553	0.444341	0.186732	-0.0549642	-0.294796	-0.523376	-0.721867	
1.03396	0.925074	0.798532	0.678248	0.596737	0.582173	0.638881	0.748119	0.875342	0.993579	1.08784	1.15645	1.19611	1.21574	1.21752	1.17504	1.06903	0.891706	0.656978	0.390809	0.131282	-0.110639	-0.346962	-0.573667	-0.772831	
1.08586	0.997148	0.888567	0.782653	0.712201	0.700917	0.748119	0.844505	0.954368	1.05437	1.12325	1.15952	1.17081	1.16476	1.14613	1.08378	0.963655	0.785163	0.555852	0.293649	0.0291068	-0.214903	-0.444854	-0.664815	-0.857517	
1.12753	1.07723	0.991796	0.903224	0.846457	0.83676	0.875342	0.954368	1.04576	1.11234	1.14032	1.14093	1.12135	1.08411	1.02863	0.943097	0.816426	0.64384	0.425142	0.170672	-0.0901043	-0.33201	-0.554474	-0.761578	-0.935967	
1.13845	1.12753	1.07974	1.01594	0.969687	0.961162	0.993579	1.05437	1.11234	1.13889	1.12742	1.08954	1.02931	0.951589	0.864764	0.76705	0.644307	0.480707	0.276282	0.0447539	-0.19024	-0.417033	-0.632834	-0.828106	-0.979279	
1.11363	1.13862	1.13315	1.10294	1.06886	1.06123	1.08784	1.12325	1.14032	1.12742	1.08181	0.998982	0.891227	0.778199	0.673204	0.573126	0.45695	0.310021	0.130254	-0.0626697	-0.261205	-0.467399	-0.673762	-0.856489	-0.983514	
1.05814	1.12426	1.15546	1.1596	1.14857	1.14385	1.15645	1.15952	1.14093	1.08954	0.998982	0.868624	0.720421	0.586222	0.46622	0.362525	0.260243	0.143895	0.00968566	-0.139898	-0.304175	-0.48683	-0.67112	-0.833458	-0.94413	
0.979267	1.09007	1.15508	1.18798	1.2033	1.20554	1.19611	1.17081	1.12135	1.02931	0.891227	0.720421	0.550958	0.399102	0.26751	0.165598	0.0839328	0.00900022	-0.0788448	-0.186371	-0.321698	-0.475163	-0.628538	-0.77305	-0.881655	
0.885703	1.03757	1.13779	1.19778	1.23198	1.23667	1.21574	1.16476	1.08411	0.951589	0.778199	0.586222	0.399102	0.236823	0.10245	0.0134591	-0.0435551	-0.0856541	-0.133374	-0.204605	-0.307397	-0.432112	-0.563508	-0.700415	-0.814393	
0.790741	0.967713	1.10537	1.19399	1.23898	1.24552	1.21752	1.14613	1.02863	0.864764	0.673204	0.46622	0.26751	0.10245	-0.0206756	-0.092584	-0.12712	-0.141724	-0.1587	-0.192597	-0.260874	-0.364328	-0.485048	-0.61658	-0.733953	
0.691759	0.875425	1.03278	1.14547	1.20236	1.20995	1.17504	1.08378	0.943097	0.76705	0.573126	0.362525	0.165598	0.0134591	-0.092584	-0.14672	-0.16158	-0.157961	-0.154934	-0.159652	-0.200318	-0.288387	-0.401386	-0.524339	-0.643857	
0.571471	0.749497	0.908503	1.03319	1.10459	1.11473	1.06903	0.963655	0.816426	0.644307	0.45695	0.260243	0.0839328	-0.0435551	-0.12712	-0.16158	-0.158393	-0.141565	-0.121856	-0.106575	-0.128857	-0.204612	-0.308653	-0.428482	-0.549952	
0.413321	0.580797	0.731607	0.854394	0.9315	0.945638	0.891706	0.785163	0.64384	0.480707	0.310021	0.143895	0.00900022	-0.0856541	-0.141724	-0.157961	-0.141565	-0.108184	-0.0701303	-0.0409533	-0.0524513	-0.11418	-0.211408	-0.326454	-0.447061	
0.215799	0.367144	0.507016	0.620211	0.695707	0.709553	0.656978	0.555852	0.425142	0.276282	0.130254	0.00968566	-0.0788448	-0.133374	-0.1587	-0.154934	-0.121856	-0.0701303	-0.0138535	0.0258729	0.0265562	-0.0204445	-0.107261	-0.217308	-0.335263	
-0.00162458	0.119479	0.24659	0.356357	0.42934	0.444341	0.390809	0.293649	0.170672	0.0447539	-0.0626697	-0.139898	-0.186371	-0.204605	-0.192597	-0.159652	-0.106575	-0.0409533	0.0258729	0.0757944	0.0888569	0.054819	-0.0223556	-0.125002	-0.245372	
-0.221869	-0.133711	-0.018996	0.0949828	0.172215	0.186732	0.131282	0.0291068	-0.0901043	-0.19024	-0.261205	-0.304175	-0.321698	-0.307397	-0.260874	-0.200318	-0.128857	-0.0524513	0.0265562	0.0888569	0.112555	0.0895344	0.0232939	-0.0684305	-0.17745	
-0.440087	-0.370611	-0.263761	-0.147855	-0.0693421	-0.0549642	-0.110639	-0.214903	-0.33201	-0.417033	-0.467399	-0.48683	-0.475163	-0.432112	-0.364328	-0.288387	-0.204612	-0.11418	-0.0204445	0.054819	0.0895344	0.0746071	0.0186063	-0.0535146	-0.128771	
-0.653269	-0.59009	-0.490861	-0.38169	-0.309247	-0.294796	-0.346962	-0.444854	-0.554474	-0.632834	-0.673762	-0.67112	-0.628538	-0.563508	-0.485048	-0.401386	-0.308653	-0.211408	-0.107261	-0.0223556	0.0232939	0.0186063	-0.0266	-0.0674371	-0.099338	
-0.844883	-0.792703	-0.704955	-0.607008	-0.537097	-0.523376	-0.573667	-0.664815	-0.761578	-0.828106	-0.856489	-0.833458	-0.77305	-0.700415	-0.61658	-0.524339	-0.428482	-0.326454	-0.217308	-0.125002	-0.0684305	-0.0535146	-0.0674371	-0.071334	-0.0552368	
-0.986122	-0.958337	-0.891744	-0.804257	-0.736451	-0.721867	-0.772831	-0.857517	-0.935967	-0.979279	-0.983514	-0.94413	-0.881655	-0.814393	-0.733953	-0.643857	-0.549952	-0.447061	-0.335263	-0.245372	-0.17745	-0.128771	-0.099338	-0.0552368	0.0166478	
