-0.138419	-0.186094	-0.207998	-0.220358	-0.2333	-0.235821	-0.22623	-0.212755	-0.197919	-0.160342	-0.102722	-0.0358448	0.0411366	0.113743	0.18084	0.238837	0.287152	0.312122	0.316378	0.302959	0.277885	0.224069	0.136339	0.0346735	-0.0646937	
0.0387946	-0.021878	-0.0649953	-0.0919037	-0.111473	-0.114551	-0.101251	-0.0764883	-0.0418439	0.0140477	0.072977	0.126275	0.183243	0.236715	0.284293	0.31955	0.33705	0.331794	0.303877	0.259076	0.212671	0.154152	0.0719796	-0.0226696	-0.11368	
0.19074	0.119912	0.056899	0.0115925	-0.0124161	-0.0145867	-0.00158916	0.0364178	0.0928116	0.163556	0.226253	0.273278	0.314398	0.347028	0.37011	0.375164	0.362441	0.335244	0.290622	0.227348	0.169549	0.113269	0.0501152	-0.0188968	-0.0902847	
0.324919	0.244094	0.162369	0.0997191	0.0709236	0.0680138	0.0836271	0.133907	0.210049	0.294764	0.362196	0.406282	0.434765	0.446425	0.440478	0.41409	0.369876	0.323965	0.273029	0.201919	0.14371	0.100476	0.0669806	0.0345207	-0.00526752	
0.432274	0.3418	0.248198	0.173137	0.136792	0.132843	0.152897	0.214646	0.302838	0.399334	0.471166	0.510616	0.528406	0.521943	0.491932	0.440519	0.370339	0.306227	0.246135	0.177754	0.129288	0.111704	0.115218	0.124494	0.118057	
0.508397	0.416869	0.317992	0.233199	0.185427	0.178501	0.208102	0.281892	0.376659	0.47478	0.546723	0.574891	0.578701	0.558421	0.510057	0.441021	0.358378	0.282452	0.218351	0.167333	0.147504	0.163052	0.19784	0.233637	0.251556	
0.555369	0.47267	0.371672	0.276092	0.210977	0.200097	0.244469	0.332062	0.43325	0.526268	0.584274	0.591573	0.573445	0.536977	0.480326	0.408065	0.330977	0.260472	0.202688	0.174878	0.193095	0.243143	0.304038	0.35746	0.389448	
0.553792	0.487577	0.391806	0.294808	0.223278	0.209263	0.261641	0.352149	0.450944	0.532368	0.570484	0.559897	0.523263	0.47537	0.415943	0.351986	0.28898	0.233076	0.199156	0.20621	0.25962	0.34433	0.426692	0.486558	0.527944	
0.500475	0.452159	0.366941	0.27519	0.207349	0.194171	0.243576	0.32882	0.420974	0.48657	0.506476	0.484723	0.437645	0.385163	0.337016	0.291943	0.250511	0.216932	0.209047	0.251125	0.333534	0.442588	0.540828	0.608909	0.654575	
0.399253	0.369606	0.29957	0.225416	0.168806	0.15813	0.199156	0.268121	0.34481	0.393314	0.396641	0.370807	0.324163	0.281584	0.254629	0.239235	0.225231	0.216302	0.232146	0.29711	0.400247	0.522677	0.63187	0.706496	0.74903	
0.268005	0.252834	0.207488	0.158243	0.121384	0.113035	0.141727	0.186831	0.237065	0.26701	0.261193	0.237714	0.207974	0.194011	0.201954	0.219618	0.232578	0.242783	0.273992	0.345465	0.455158	0.58507	0.695139	0.765575	0.799511	
0.133555	0.123392	0.100052	0.0739909	0.0543135	0.049358	0.0652998	0.0896844	0.115297	0.131514	0.130714	0.120752	0.119449	0.145729	0.195262	0.244414	0.282034	0.309967	0.345468	0.412701	0.513692	0.628386	0.720447	0.777024	0.793622	
0.007845	-0.00743361	-0.0208299	-0.0292698	-0.0372416	-0.0400484	-0.0324091	-0.0246825	-0.0130186	0.0015188	0.0174812	0.0365471	0.0741538	0.140324	0.222144	0.3024	0.358925	0.400463	0.439142	0.495093	0.575263	0.656835	0.714168	0.74267	0.740695	
-0.102286	-0.133092	-0.146089	-0.149114	-0.145504	-0.144731	-0.148226	-0.148434	-0.14008	-0.116965	-0.0743926	-0.0150507	0.0685595	0.171732	0.282759	0.38385	0.45448	0.500236	0.53471	0.576464	0.628376	0.671438	0.685447	0.676869	0.652458	
-0.189976	-0.241825	-0.267916	-0.273017	-0.26433	-0.262787	-0.269175	-0.273087	-0.25499	-0.214264	-0.143586	-0.0455104	0.0790698	0.217912	0.352534	0.472831	0.550285	0.590839	0.616239	0.640834	0.658892	0.655753	0.6278	0.579429	0.528072	
-0.248151	-0.321259	-0.363726	-0.377068	-0.375666	-0.374452	-0.376715	-0.372178	-0.341794	-0.281491	-0.188157	-0.0625382	0.0897628	0.25376	0.408564	0.53973	0.619415	0.656968	0.669029	0.675968	0.663649	0.620692	0.555333	0.478801	0.409537	
-0.282672	-0.37571	-0.429658	-0.453026	-0.463271	-0.464113	-0.458512	-0.441586	-0.401946	-0.32451	-0.20992	-0.0621559	0.109764	0.290178	0.452926	0.579761	0.657944	0.69157	0.693424	0.682805	0.647861	0.583253	0.496079	0.402622	0.322009	
-0.286143	-0.395347	-0.461665	-0.495618	-0.509305	-0.512121	-0.502912	-0.478145	-0.426554	-0.335343	-0.200751	-0.0373072	0.140649	0.32378	0.481932	0.594242	0.666919	0.702468	0.702535	0.67861	0.630337	0.551068	0.455287	0.356898	0.274839	
-0.250132	-0.370519	-0.447846	-0.485252	-0.496408	-0.496307	-0.491986	-0.467317	-0.406607	-0.302615	-0.162536	0.00105243	0.173637	0.338256	0.481218	0.582494	0.644856	0.680705	0.684676	0.65713	0.600643	0.514712	0.415126	0.325434	0.254854	
-0.185006	-0.296137	-0.370956	-0.409681	-0.409193	-0.404159	-0.414234	-0.390636	-0.330799	-0.234162	-0.0999935	0.0537657	0.204831	0.343215	0.461607	0.544182	0.596134	0.624503	0.623432	0.596829	0.540813	0.455295	0.360346	0.284971	0.233513	
-0.080955	-0.17382	-0.233255	-0.263949	-0.260962	-0.257909	-0.266007	-0.249298	-0.201186	-0.122563	-0.00950069	0.116376	0.235512	0.336405	0.420321	0.482553	0.519376	0.533775	0.522142	0.484289	0.432052	0.357742	0.280811	0.229052	0.206882	
0.049552	-0.0153305	-0.0489431	-0.0628667	-0.058261	-0.0546889	-0.0631103	-0.056508	-0.0318785	0.0194068	0.101637	0.186472	0.257356	0.31351	0.357493	0.387436	0.397002	0.396794	0.37378	0.333623	0.292441	0.239035	0.186282	0.163266	0.176118	
0.196027	0.171676	0.171299	0.181524	0.197915	0.20385	0.186769	0.175721	0.168539	0.183121	0.220373	0.252732	0.269895	0.280405	0.280607	0.270332	0.249359	0.227271	0.19521	0.165472	0.142452	0.118532	0.097754	0.110352	0.165025	
0.346388	0.376532	0.417189	0.459004	0.491954	0.498396	0.474104	0.434485	0.392082	0.35701	0.331292	0.304858	0.2748	0.235751	0.186082	0.135942	0.0876277	0.0464345	0.0135373	-0.00406989	-0.00170346	0.00807442	0.0311613	0.0847148	0.178307	
0.499762	0.590988	0.67323	0.740737	0.781235	0.788271	0.760757	0.702289	0.625572	0.537377	0.44407	0.355823	0.270338	0.177308	0.0770043	-0.00934461	-0.0780391	-0.124915	-0.150911	-0.14979	-0.123006	-0.0771988	-0.00941497	0.0825298	0.200127	
0.653415	0.792592	0.909585	0.99181	1.03134	1.03826	1.01216	0.947532	0.842482	0.711647	0.562284	0.407033	0.256177	0.107089	-0.031296	-0.147543	-0.228381	-0.275679	-0.288963	-0.264023	-0.217089	-0.140556	-0.038514	0.0816405	0.213713	
0.792592	0.965031	1.09996	1.19135	1.23148	1.23573	1.21383	1.14225	1.02378	0.865935	0.674149	0.462616	0.251607	0.05661	-0.114293	-0.252121	-0.346437	-0.391765	-0.388014	-0.34618	-0.277225	-0.179788	-0.0581018	0.0708782	0.201626	
0.909585	1.09996	1.2401	1.33207	1.37325	1.37729	1.35461	1.28227	1.16255	0.991631	0.771636	0.520219	0.26762	0.0350191	-0.164419	-0.322283	-0.424915	-0.462758	-0.446865	-0.393842	-0.309341	-0.197124	-0.0703734	0.0523313	0.16692	
0.99181	1.19135	1.33207	1.41924	1.46062	1.46667	1.4402	1.3732	1.25482	1.07858	0.845986	0.573295	0.289855	0.0301319	-0.189799	-0.358532	-0.463684	-0.498343	-0.475811	-0.41046	-0.318174	-0.199348	-0.0756372	0.034696	0.127317	
1.03134	1.23148	1.37325	1.46062	1.50363	1.50864	1.48319	1.41408	1.29513	1.11768	0.887218	0.610803	0.312521	0.0384404	-0.186759	-0.356327	-0.470035	-0.512235	-0.487696	-0.41464	-0.310434	-0.192896	-0.0782405	0.0199551	0.098193	
1.03826	1.23573	1.37729	1.46667	1.50864	1.51322	1.49002	1.41804	1.29931	1.12393	0.893949	0.6179	0.319044	0.0424584	-0.183838	-0.351265	-0.468065	-0.51469	-0.488891	-0.414693	-0.30855	-0.191713	-0.0793195	0.0156468	0.0913017	
1.01216	1.21383	1.35461	1.4402	1.48319	1.49002	1.46135	1.39535	1.2775	1.09936	0.866796	0.59118	0.298579	0.0315875	-0.191132	-0.362144	-0.469738	-0.505386	-0.482605	-0.412424	-0.315191	-0.197116	-0.0770529	0.0285394	0.11435	
0.947532	1.14225	1.28227	1.3732	1.41408	1.41804	1.39535	1.32405	1.2049	1.03228	0.80436	0.542252	0.277082	0.0321869	-0.177944	-0.340873	-0.444772	-0.481185	-0.460527	-0.40348	-0.316385	-0.199842	-0.0730293	0.0452001	0.150702	
0.842482	1.02378	1.16255	1.25482	1.29513	1.29931	1.2775	1.2049	1.08533	0.919849	0.715262	0.485951	0.255809	0.0446497	-0.13747	-0.284599	-0.383113	-0.424833	-0.416192	-0.369729	-0.292911	-0.189142	-0.0637582	0.0639896	0.189956	
0.711647	0.865935	0.991631	1.07858	1.11768	1.12393	1.09936	1.03228	0.919849	0.776571	0.608547	0.428649	0.251545	0.0830408	-0.069071	-0.193942	-0.280054	-0.326993	-0.334	-0.300819	-0.245337	-0.158738	-0.0475349	0.078681	0.212641	
0.562284	0.674149	0.771636	0.845986	0.887218	0.893949	0.866796	0.80436	0.715262	0.608547	0.491146	0.375583	0.265577	0.149371	0.0326159	-0.0667486	-0.140767	-0.18887	-0.209963	-0.199746	-0.16418	-0.105094	-0.0218836	0.0827764	0.20761	
0.407033	0.462616	0.520219	0.573295	0.610803	0.6179	0.59118	0.542252	0.485951	0.428649	0.375583	0.325432	0.274367	0.214541	0.143321	0.0782789	0.0205968	-0.02351	-0.0546821	-0.0657664	-0.0534493	-0.0294031	0.0124005	0.0831932	0.187365	
0.256177	0.251607	0.26762	0.289855	0.312521	0.319044	0.298579	0.277082	0.255809	0.251545	0.265577	0.274367	0.272732	0.263591	0.244691	0.218101	0.186026	0.154525	0.121035	0.0963162	0.0830201	0.0722525	0.0680349	0.0960321	0.167642	
0.107089	0.05661	0.0350191	0.0301319	0.0384404	0.0424584	0.0315875	0.0321869	0.0446497	0.0830408	0.149371	0.214541	0.263591	0.301852	0.328398	0.34309	0.340449	0.331779	0.305017	0.267738	0.233432	0.190873	0.148832	0.139463	0.168639	
-0.031296	-0.114293	-0.164419	-0.189799	-0.186759	-0.183838	-0.191132	-0.177944	-0.13747	-0.069071	0.0326159	0.143321	0.244691	0.328398	0.397621	0.447975	0.475273	0.484595	0.467691	0.426582	0.377875	0.310771	0.243182	0.202592	0.1942	
-0.147543	-0.252121	-0.322283	-0.358532	-0.356327	-0.351265	-0.362144	-0.340873	-0.284599	-0.193942	-0.0667486	0.0782789	0.218101	0.34309	0.447975	0.52279	0.569825	0.593014	0.588577	0.558583	0.502948	0.420582	0.332251	0.26509	0.223775	
-0.228381	-0.346437	-0.424915	-0.463684	-0.470035	-0.468065	-0.469738	-0.444772	-0.383113	-0.280054	-0.140767	0.0205968	0.186026	0.340449	0.475273	0.569825	0.627926	0.662275	0.665112	0.63835	0.581441	0.494782	0.395107	0.310445	0.247301	
-0.275679	-0.391765	-0.462758	-0.498343	-0.512235	-0.51469	-0.505386	-0.481185	-0.424833	-0.326993	-0.18887	-0.02351	0.154525	0.331779	0.484595	0.593014	0.662275	0.697866	0.699725	0.673389	0.62133	0.538107	0.440578	0.344133	0.265278	
-0.288963	-0.388014	-0.446865	-0.475811	-0.487696	-0.488891	-0.482605	-0.460527	-0.416192	-0.334	-0.209963	-0.0546821	0.121035	0.305017	0.467691	0.588577	0.665112	0.699725	0.698751	0.681883	0.641025	0.569932	0.478157	0.381215	0.298627	
-0.264023	-0.34618	-0.393842	-0.41046	-0.41464	-0.414693	-0.412424	-0.40348	-0.369729	-0.300819	-0.199746	-0.0657664	0.0963162	0.267738	0.426582	0.558583	0.63835	0.673389	0.681883	0.681253	0.65836	0.605248	0.529248	0.444559	0.369839	
-0.217089	-0.277225	-0.309341	-0.318174	-0.310434	-0.30855	-0.315191	-0.316385	-0.292911	-0.245337	-0.16418	-0.0534493	0.0830201	0.233432	0.377875	0.502948	0.581441	0.62133	0.641025	0.65836	0.66443	0.643243	0.598985	0.537827	0.478054	
-0.140556	-0.179788	-0.197124	-0.199348	-0.192896	-0.191713	-0.197116	-0.199842	-0.189142	-0.158738	-0.105094	-0.0294031	0.0722525	0.190873	0.310771	0.420582	0.494782	0.538107	0.569932	0.605248	0.643243	0.66851	0.665298	0.64078	0.604824	
-0.038514	-0.0581018	-0.0703734	-0.0756372	-0.0782405	-0.0793195	-0.0770529	-0.0730293	-0.0637582	-0.0475349	-0.0218836	0.0124005	0.0680349	0.148832	0.243182	0.332251	0.395107	0.440578	0.478157	0.529248	0.598985	0.665298	0.706096	0.7205	0.710516	
0.0816405	0.0708782	0.0523313	0.034696	0.0199551	0.0156468	0.0285394	0.0452001	0.0639896	0.078681	0.0827764	0.0831932	0.0960321	0.139463	0.202592	0.26509	0.310445	0.344133	0.381215	0.444559	0.537827	0.64078	0.7205	0.767961	0.776211	
0.213713	0.201626	0.16692	0.127317	0.098193	0.0913017	0.11435	0.150702	0.189956	0.212641	0.20761	0.187365	0.167642	0.168639	0.1942	0.223775	0.247301	0.265278	0.298627	0.369839	0.478054	0.604824	0.710516	0.776211	0.804457	
