0.175252	0.264102	0.339497	0.394734	0.424971	0.43002	0.409928	0.364127	0.296525	0.21227	0.121665	0.0434419	-0.00903511	-0.0283046	-0.0171644	0.00102454	0.0128896	0.0261312	0.0355497	0.042943	0.0655894	0.121968	0.212834	0.322771	0.4273	
0.19564	0.289685	0.370158	0.430891	0.463809	0.469451	0.447142	0.397779	0.32394	0.234118	0.139079	0.059317	0.0104474	-0.00323496	0.0208748	0.0589395	0.082081	0.0984948	0.112891	0.128173	0.161257	0.227168	0.317187	0.413044	0.496683	
0.220288	0.314935	0.402696	0.464495	0.495723	0.499917	0.480765	0.431159	0.351668	0.257805	0.16712	0.0906559	0.0429111	0.03765	0.0701426	0.119455	0.149452	0.168234	0.184581	0.206802	0.252016	0.324714	0.413902	0.492761	0.54976	
0.25739	0.349542	0.431311	0.48085	0.5062	0.512639	0.493076	0.455389	0.384354	0.29414	0.205531	0.133506	0.0933421	0.0930047	0.132625	0.189409	0.23218	0.251647	0.26213	0.283857	0.337961	0.415488	0.494857	0.555521	0.58716	
0.30055	0.386053	0.457384	0.497245	0.515013	0.518352	0.50598	0.477588	0.41741	0.334616	0.253967	0.190392	0.158043	0.163914	0.207182	0.266685	0.309489	0.325603	0.332614	0.349696	0.405396	0.481245	0.550626	0.598715	0.607275	
0.33621	0.409887	0.469963	0.50488	0.518515	0.521154	0.51196	0.48803	0.435855	0.365905	0.295743	0.248166	0.234782	0.24841	0.288769	0.335419	0.365881	0.378418	0.386777	0.400905	0.45148	0.518773	0.575242	0.607239	0.602453	
0.354428	0.410999	0.454909	0.484774	0.497238	0.499114	0.491093	0.46945	0.430372	0.377627	0.322502	0.287589	0.28987	0.310799	0.345014	0.3821	0.40899	0.418844	0.430813	0.45153	0.48949	0.53699	0.578259	0.600103	0.589575	
0.332787	0.373802	0.406925	0.429103	0.440166	0.443656	0.433548	0.417479	0.388403	0.34908	0.310053	0.28596	0.29	0.317777	0.357928	0.392783	0.422904	0.439674	0.463373	0.496434	0.529817	0.55806	0.586912	0.60306	0.58713	
0.250772	0.282814	0.310543	0.334665	0.353174	0.357615	0.342949	0.319889	0.295258	0.263538	0.234288	0.217443	0.226297	0.264464	0.317038	0.363496	0.404551	0.44018	0.47284	0.513589	0.555594	0.585816	0.6085	0.618834	0.598903	
0.109098	0.140517	0.175163	0.212468	0.235269	0.239611	0.223841	0.190662	0.153993	0.121496	0.091359	0.0788876	0.0944006	0.140564	0.211627	0.280513	0.336512	0.39109	0.442007	0.49254	0.548021	0.594532	0.624952	0.632854	0.615749	
-0.0820639	-0.0436633	-0.00547459	0.0366107	0.0622627	0.0672384	0.0488034	0.0126584	-0.0293439	-0.0663998	-0.103921	-0.118159	-0.0989559	-0.0486793	0.0383051	0.135245	0.222422	0.300925	0.375488	0.445072	0.516206	0.58518	0.635817	0.650073	0.632381	
-0.308572	-0.267517	-0.22639	-0.193777	-0.179764	-0.178912	-0.185415	-0.211232	-0.251177	-0.291966	-0.331543	-0.354824	-0.337874	-0.274233	-0.179073	-0.0630733	0.0576073	0.173558	0.278966	0.37749	0.476047	0.56941	0.640322	0.662669	0.651847	
-0.54724	-0.500991	-0.461609	-0.441313	-0.429075	-0.426227	-0.436017	-0.451421	-0.48355	-0.528843	-0.572094	-0.59531	-0.580585	-0.520857	-0.424503	-0.296123	-0.145833	0.0015944	0.142772	0.276577	0.40919	0.530527	0.615225	0.652028	0.652421	
-0.763966	-0.710808	-0.668902	-0.650383	-0.638767	-0.635607	-0.645862	-0.659336	-0.691114	-0.743542	-0.790706	-0.817652	-0.808777	-0.754281	-0.661312	-0.534236	-0.375349	-0.203088	-0.027727	0.139733	0.299753	0.443036	0.54457	0.594765	0.60708	
-0.923633	-0.866729	-0.824098	-0.801158	-0.785102	-0.782064	-0.793588	-0.813695	-0.847007	-0.900061	-0.955049	-0.991137	-0.994641	-0.958689	-0.8842	-0.762618	-0.599648	-0.415093	-0.219575	-0.027567	0.151838	0.307403	0.425733	0.49746	0.534215	
-1.00213	-0.94557	-0.905339	-0.873239	-0.852573	-0.85022	-0.863173	-0.891244	-0.927838	-0.978921	-1.03753	-1.08801	-1.11332	-1.11047	-1.0686	-0.964688	-0.810415	-0.624226	-0.420839	-0.21049	-0.0221907	0.144616	0.28426	0.386013	0.45253	
-0.983897	-0.922153	-0.87769	-0.840313	-0.816206	-0.812482	-0.828799	-0.861488	-0.903048	-0.957095	-1.0273	-1.09631	-1.15419	-1.19226	-1.18691	-1.12129	-1.00233	-0.835979	-0.634262	-0.419086	-0.218071	-0.0302789	0.138825	0.274329	0.372858	
-0.866423	-0.793198	-0.737002	-0.69407	-0.66504	-0.661275	-0.679548	-0.718782	-0.768439	-0.835074	-0.918418	-1.00942	-1.10479	-1.18419	-1.22858	-1.21628	-1.1464	-1.01679	-0.840006	-0.630327	-0.418954	-0.215063	-0.0156225	0.159267	0.290828	
-0.64949	-0.561082	-0.492639	-0.446447	-0.415157	-0.408772	-0.431888	-0.472401	-0.530783	-0.611888	-0.712104	-0.830026	-0.962275	-1.08397	-1.18135	-1.22984	-1.22108	-1.14854	-1.01221	-0.822113	-0.611973	-0.39696	-0.171648	0.0335192	0.200229	
-0.341009	-0.240518	-0.167274	-0.121838	-0.0959269	-0.0899025	-0.110513	-0.145137	-0.208189	-0.29764	-0.413213	-0.558166	-0.726351	-0.896242	-1.04872	-1.1625	-1.22481	-1.22109	-1.13353	-0.982002	-0.787268	-0.56642	-0.331712	-0.100645	0.103226	
0.0362397	0.137076	0.205901	0.247017	0.263198	0.265735	0.255307	0.226461	0.167627	0.0810865	-0.0426044	-0.213473	-0.413657	-0.634079	-0.852108	-1.04023	-1.174	-1.23277	-1.20225	-1.09591	-0.924145	-0.70807	-0.474732	-0.228769	-0.00224098	
0.42543	0.516713	0.57032	0.596217	0.610646	0.610518	0.604557	0.58191	0.542514	0.467173	0.349123	0.172599	-0.061179	-0.335553	-0.61807	-0.870216	-1.06985	-1.18638	-1.21174	-1.14828	-1.00625	-0.809862	-0.58258	-0.336979	-0.102195	
0.774917	0.84887	0.879947	0.887893	0.889571	0.888541	0.889506	0.884446	0.865687	0.809988	0.705069	0.528853	0.276408	-0.0327232	-0.369479	-0.684582	-0.937922	-1.09946	-1.1711	-1.14849	-1.04547	-0.875137	-0.656161	-0.415814	-0.173461	
1.04176	1.08591	1.09112	1.08414	1.07413	1.07283	1.0793	1.0897	1.09025	1.06673	0.982866	0.817263	0.561527	0.230611	-0.142047	-0.498937	-0.788862	-0.994097	-1.10337	-1.11936	-1.04862	-0.898171	-0.688306	-0.451854	-0.206587	
1.20144	1.21988	1.19835	1.16836	1.14577	1.1432	1.15724	1.18695	1.21403	1.21571	1.15704	1.01287	0.768281	0.436391	0.0519017	-0.330708	-0.650954	-0.885867	-1.02702	-1.06941	-1.01747	-0.879265	-0.67714	-0.440445	-0.204127	
1.26538	1.2589	1.21206	1.15747	1.12496	1.12096	1.14102	1.18867	1.24355	1.2703	1.23685	1.11843	0.893785	0.572379	0.194021	-0.195093	-0.536582	-0.791085	-0.94899	-1.00709	-0.965855	-0.836215	-0.638322	-0.404899	-0.168862	
1.2589	1.2242	1.15804	1.09354	1.04889	1.03901	1.073	1.13068	1.19912	1.25132	1.24615	1.15158	0.955655	0.658814	0.291379	-0.0933658	-0.442796	-0.711761	-0.883059	-0.949575	-0.909057	-0.781178	-0.588894	-0.36197	-0.129199	
1.21206	1.15804	1.08002	1.01151	0.964154	0.954111	0.989905	1.05009	1.12747	1.19632	1.21446	1.1458	0.977763	0.703569	0.355281	-0.0209177	-0.370474	-0.650504	-0.834938	-0.908224	-0.867295	-0.737978	-0.549697	-0.320773	-0.0906936	
1.15747	1.09354	1.01151	0.938379	0.894108	0.885867	0.91742	0.978828	1.06171	1.13629	1.17306	1.1315	0.979224	0.721973	0.391922	0.0239128	-0.325117	-0.605898	-0.794528	-0.873925	-0.840766	-0.718296	-0.531689	-0.293892	-0.0510712	
1.12496	1.04889	0.964154	0.894108	0.847241	0.839754	0.871257	0.933919	1.01385	1.09825	1.14703	1.11589	0.975925	0.732495	0.407437	0.0446092	-0.294349	-0.575037	-0.769957	-0.851107	-0.823491	-0.705525	-0.519019	-0.283001	-0.0279542	
1.12096	1.03901	0.954111	0.885867	0.839754	0.832114	0.863534	0.925052	1.00276	1.09211	1.14397	1.1143	0.974575	0.732479	0.408344	0.0492656	-0.287005	-0.570612	-0.7666	-0.847908	-0.820464	-0.702782	-0.515113	-0.282305	-0.0241585	
1.14102	1.073	0.989905	0.91742	0.871257	0.863534	0.895279	0.958066	1.04037	1.11758	1.16004	1.12369	0.977982	0.728088	0.400666	0.033322	-0.311533	-0.590821	-0.782712	-0.862551	-0.832918	-0.712684	-0.527039	-0.287345	-0.0396052	
1.18867	1.13068	1.05009	0.978828	0.933919	0.925052	0.958066	1.01829	1.09967	1.17067	1.19752	1.14124	0.979787	0.711809	0.372974	0.00142897	-0.349644	-0.631633	-0.817365	-0.893407	-0.855707	-0.727949	-0.540492	-0.308059	-0.0732734	
1.24355	1.19912	1.12747	1.06171	1.01385	1.00276	1.04037	1.09967	1.17141	1.23185	1.23686	1.15167	0.967826	0.681657	0.320489	-0.0615476	-0.410766	-0.684695	-0.862089	-0.931706	-0.890003	-0.761297	-0.570738	-0.344784	-0.114739	
1.2703	1.25132	1.19632	1.13629	1.09825	1.09211	1.11758	1.17067	1.23185	1.27032	1.24752	1.13878	0.92467	0.611969	0.237668	-0.150636	-0.496454	-0.757428	-0.920613	-0.982776	-0.942403	-0.814965	-0.618987	-0.387777	-0.15245	
1.23685	1.24615	1.21446	1.17306	1.14703	1.14397	1.16004	1.19752	1.23686	1.24752	1.19874	1.06586	0.827682	0.498171	0.115411	-0.271413	-0.60343	-0.846985	-0.995135	-1.04508	-0.998992	-0.864025	-0.664113	-0.42784	-0.192277	
1.11843	1.15158	1.1458	1.1315	1.11589	1.1143	1.12369	1.14124	1.15167	1.13878	1.06586	0.90654	0.654559	0.321294	-0.0595855	-0.429306	-0.730522	-0.949104	-1.07372	-1.10157	-1.04055	-0.893919	-0.688228	-0.451803	-0.210527	
0.893785	0.955655	0.977763	0.979224	0.975925	0.974575	0.977982	0.979787	0.967826	0.92467	0.827682	0.654559	0.397745	0.0787208	-0.274769	-0.609073	-0.878705	-1.05954	-1.14583	-1.13937	-1.05094	-0.89017	-0.674013	-0.436723	-0.19085	
0.572379	0.658814	0.703569	0.721973	0.732495	0.732479	0.728088	0.711809	0.681657	0.611969	0.498171	0.321294	0.0787208	-0.211876	-0.518193	-0.797492	-1.01989	-1.15483	-1.2003	-1.1532	-1.02672	-0.840583	-0.616725	-0.372464	-0.135403	
0.194021	0.291379	0.355281	0.391922	0.407437	0.408344	0.400666	0.372974	0.320489	0.237668	0.115411	-0.0595855	-0.274769	-0.518193	-0.762332	-0.975805	-1.13777	-1.22061	-1.21307	-1.12537	-0.96389	-0.753078	-0.521586	-0.275487	-0.0443004	
-0.195093	-0.0933658	-0.0209177	0.0239128	0.0446092	0.0492656	0.033322	0.00142897	-0.0615476	-0.150636	-0.271413	-0.429306	-0.609073	-0.797492	-0.975805	-1.12012	-1.2108	-1.23278	-1.1675	-1.03359	-0.847701	-0.627255	-0.392837	-0.153048	0.0613794	
-0.536582	-0.442796	-0.370474	-0.325117	-0.294349	-0.287005	-0.311533	-0.349644	-0.410766	-0.496454	-0.60343	-0.730522	-0.878705	-1.01989	-1.13777	-1.2108	-1.2304	-1.18534	-1.06692	-0.891076	-0.685126	-0.467019	-0.235859	-0.019904	0.16285	
-0.791085	-0.711761	-0.650504	-0.605898	-0.575037	-0.570612	-0.590821	-0.631633	-0.684695	-0.757428	-0.846985	-0.949104	-1.05954	-1.15483	-1.22061	-1.23278	-1.18534	-1.07577	-0.913913	-0.710245	-0.498276	-0.288964	-0.0775796	0.110602	0.254878	
-0.94899	-0.883059	-0.834938	-0.794528	-0.769957	-0.7666	-0.782712	-0.817365	-0.862089	-0.920613	-0.995135	-1.07372	-1.14583	-1.2003	-1.21307	-1.1675	-1.06692	-0.913913	-0.719815	-0.50442	-0.298783	-0.103402	0.07816	0.229454	0.340967	
-1.00709	-0.949575	-0.908224	-0.873925	-0.851107	-0.847908	-0.862551	-0.893407	-0.931706	-0.982776	-1.04508	-1.10157	-1.13937	-1.1532	-1.12537	-1.03359	-0.891076	-0.710245	-0.50442	-0.291418	-0.0987778	0.0752726	0.22643	0.341088	0.421296	
-0.965855	-0.909057	-0.867295	-0.840766	-0.823491	-0.820464	-0.832918	-0.855707	-0.890003	-0.942403	-0.998992	-1.04055	-1.05094	-1.02672	-0.96389	-0.847701	-0.685126	-0.498276	-0.298783	-0.0987778	0.0847374	0.244834	0.370693	0.454102	0.501563	
-0.836215	-0.781178	-0.737978	-0.718296	-0.705525	-0.702782	-0.712684	-0.727949	-0.761297	-0.814965	-0.864025	-0.893919	-0.89017	-0.840583	-0.753078	-0.627255	-0.467019	-0.288964	-0.103402	0.0752726	0.244834	0.393573	0.501713	0.558691	0.580161	
-0.638322	-0.588894	-0.549697	-0.531689	-0.519019	-0.515113	-0.527039	-0.540492	-0.570738	-0.618987	-0.664113	-0.688228	-0.674013	-0.616725	-0.521586	-0.392837	-0.235859	-0.0775796	0.07816	0.22643	0.370693	0.501713	0.592597	0.635369	0.639404	
-0.404899	-0.36197	-0.320773	-0.293892	-0.283001	-0.282305	-0.287345	-0.308059	-0.344784	-0.387777	-0.42784	-0.451803	-0.436723	-0.372464	-0.275487	-0.153048	-0.019904	0.110602	0.229454	0.341088	0.454102	0.558691	0.635369	0.662805	0.656316	
-0.168862	-0.129199	-0.0906936	-0.0510712	-0.0279542	-0.0241585	-0.0396052	-0.0732734	-0.114739	-0.15245	-0.192277	-0.210527	-0.19085	-0.135403	-0.0443004	0.0613794	0.16285	0.254878	0.340967	0.421296	0.501563	0.580161	0.639404	0.656316	0.640445	
