0.0472434	0.167703	0.261037	0.31793	0.336293	0.337764	0.328949	0.289016	0.208729	0.0980651	-0.0331585	-0.172113	-0.300315	-0.407122	-0.489407	-0.544052	-0.566143	-0.555621	-0.525832	-0.481286	-0.412523	-0.319545	-0.198879	-0.0370308	0.14408	
0.0264344	0.160201	0.257803	0.320026	0.343623	0.346464	0.33375	0.287042	0.203824	0.0829565	-0.0623573	-0.213941	-0.35161	-0.462885	-0.55291	-0.609152	-0.623831	-0.599208	-0.558309	-0.510595	-0.441227	-0.342395	-0.206193	-0.0223716	0.183032	
-0.00115456	0.133445	0.232879	0.293701	0.319227	0.321809	0.307823	0.26143	0.177907	0.0564313	-0.0946154	-0.259098	-0.40523	-0.518562	-0.603917	-0.656936	-0.668966	-0.640044	-0.595204	-0.545971	-0.477332	-0.377252	-0.224448	-0.0181618	0.206607	
-0.0300001	0.107385	0.211098	0.270348	0.291889	0.293722	0.282722	0.239657	0.154105	0.0286165	-0.126049	-0.297314	-0.447006	-0.556509	-0.633476	-0.683293	-0.693993	-0.670286	-0.629524	-0.580035	-0.50674	-0.402256	-0.248791	-0.0377402	0.19749	
-0.0471415	0.084164	0.186507	0.251117	0.281602	0.2864	0.267224	0.217246	0.128587	0.00860229	-0.138428	-0.300065	-0.445339	-0.553393	-0.623559	-0.669468	-0.686931	-0.676689	-0.643859	-0.594781	-0.524066	-0.419126	-0.268248	-0.0738734	0.154911	
-0.0535409	0.0634421	0.163172	0.232144	0.267666	0.273648	0.250495	0.195455	0.106049	-0.00461718	-0.13295	-0.270828	-0.399925	-0.503231	-0.576925	-0.622948	-0.639618	-0.639588	-0.620566	-0.585598	-0.529215	-0.435623	-0.297335	-0.116353	0.0962478	
-0.0329974	0.0656864	0.151461	0.205956	0.231449	0.23575	0.219368	0.177191	0.102404	0.00790331	-0.0976533	-0.210351	-0.319312	-0.414307	-0.489918	-0.541158	-0.562679	-0.566564	-0.561588	-0.541736	-0.505931	-0.437543	-0.320363	-0.158871	0.0306624	
0.0138264	0.0894168	0.143471	0.175873	0.191502	0.194418	0.184405	0.158163	0.114146	0.0450481	-0.0337682	-0.117696	-0.211277	-0.302312	-0.384756	-0.4446	-0.471748	-0.477451	-0.476855	-0.468829	-0.450992	-0.411152	-0.327296	-0.197673	-0.0318001	
0.0781537	0.124148	0.150148	0.165512	0.175738	0.177044	0.170373	0.156655	0.137766	0.0968252	0.0479105	-0.0100981	-0.0870658	-0.179224	-0.27556	-0.344927	-0.379764	-0.386979	-0.386508	-0.386034	-0.386267	-0.377298	-0.322946	-0.221663	-0.0883366	
0.143256	0.168592	0.178329	0.185597	0.191032	0.191078	0.188429	0.18048	0.174875	0.154573	0.122833	0.0774654	0.0133803	-0.0700526	-0.167727	-0.244601	-0.293126	-0.312393	-0.315889	-0.319902	-0.333281	-0.345864	-0.315253	-0.240203	-0.139116	
0.192247	0.206812	0.211988	0.216607	0.224434	0.225605	0.220314	0.212983	0.209887	0.19943	0.175728	0.134419	0.0777695	-0.00282501	-0.0922155	-0.167127	-0.221533	-0.254617	-0.271409	-0.282181	-0.300866	-0.319503	-0.300833	-0.25189	-0.184066	
0.213441	0.22607	0.232206	0.243221	0.259493	0.263075	0.250175	0.235224	0.229443	0.219449	0.199015	0.157859	0.0971683	0.0228994	-0.0559721	-0.125844	-0.181787	-0.221743	-0.239535	-0.254448	-0.274255	-0.291537	-0.28398	-0.262156	-0.23451	
0.205518	0.225404	0.240714	0.256328	0.272515	0.276837	0.262743	0.246855	0.232079	0.214064	0.190528	0.154788	0.0982384	0.0315647	-0.0412498	-0.108617	-0.164166	-0.199941	-0.213325	-0.224053	-0.244524	-0.25877	-0.265365	-0.272614	-0.281084	
0.187626	0.204691	0.224861	0.243934	0.261263	0.265528	0.251696	0.233159	0.211956	0.194152	0.174174	0.14256	0.0970476	0.035864	-0.0308011	-0.0913012	-0.143637	-0.177497	-0.186523	-0.193524	-0.21428	-0.231144	-0.251314	-0.279112	-0.307344	
0.169584	0.181006	0.196126	0.216384	0.22928	0.23111	0.223031	0.203663	0.186835	0.174028	0.160206	0.137314	0.102715	0.0490333	-0.016345	-0.0725089	-0.118538	-0.153179	-0.16447	-0.171173	-0.190958	-0.212537	-0.238827	-0.271066	-0.300251	
0.150037	0.1557	0.163371	0.171861	0.17693	0.178005	0.174931	0.166003	0.158903	0.152112	0.146528	0.132866	0.104287	0.05654	-0.0060631	-0.0656477	-0.106391	-0.13325	-0.148627	-0.163442	-0.173215	-0.190402	-0.218651	-0.250541	-0.277357	
0.119262	0.109255	0.102687	0.0910488	0.0922116	0.0943872	0.0900621	0.0976245	0.107017	0.114604	0.123327	0.1214	0.0929571	0.0383909	-0.0182498	-0.0694061	-0.104875	-0.127248	-0.142996	-0.152723	-0.159116	-0.1783	-0.204474	-0.233571	-0.263577	
0.0730876	0.0416609	0.00628509	-0.0228707	-0.0337467	-0.0331447	-0.0304348	-0.00561773	0.0267979	0.062644	0.0837346	0.0874415	0.0622045	0.0116439	-0.0441387	-0.0865524	-0.108998	-0.122384	-0.133375	-0.13576	-0.151503	-0.173331	-0.197935	-0.220613	-0.248322	
-0.00496352	-0.0539356	-0.108756	-0.152537	-0.181406	-0.18721	-0.166291	-0.127734	-0.0769298	-0.0219559	0.0111446	0.0150174	-0.000879395	-0.0390268	-0.0870796	-0.112052	-0.111272	-0.112539	-0.115355	-0.115441	-0.126629	-0.150251	-0.17405	-0.192302	-0.220004	
-0.119449	-0.179257	-0.248191	-0.302405	-0.33976	-0.347618	-0.318853	-0.272508	-0.20673	-0.141485	-0.0951641	-0.081015	-0.0887945	-0.10546	-0.126599	-0.130962	-0.1185	-0.104595	-0.0890735	-0.083354	-0.0867518	-0.103222	-0.125464	-0.141258	-0.169745	
-0.265265	-0.332088	-0.40765	-0.4749	-0.511859	-0.518847	-0.493059	-0.437587	-0.361057	-0.290917	-0.233556	-0.199838	-0.182987	-0.171508	-0.157459	-0.140826	-0.114735	-0.077314	-0.0469258	-0.0335952	-0.0355774	-0.0507681	-0.0638655	-0.0786226	-0.104178	
-0.424521	-0.499765	-0.582169	-0.655684	-0.696468	-0.703453	-0.675777	-0.61513	-0.531533	-0.453982	-0.383117	-0.326133	-0.278497	-0.230934	-0.183804	-0.135214	-0.0815304	-0.0289629	0.00571558	0.0268313	0.0303368	0.0131365	0.00502544	-0.00349755	-0.0221335	
-0.594343	-0.68111	-0.766093	-0.83243	-0.875942	-0.883971	-0.852211	-0.79634	-0.715668	-0.6293	-0.541481	-0.460932	-0.381309	-0.292965	-0.211086	-0.128701	-0.0451633	0.0261388	0.0646792	0.0831651	0.0876398	0.0767762	0.0740205	0.0707099	0.0604136	
-0.766305	-0.858238	-0.938318	-0.995528	-1.03178	-1.04025	-1.01191	-0.964312	-0.892081	-0.805115	-0.704335	-0.597222	-0.479584	-0.355434	-0.237004	-0.124396	-0.0236757	0.0560093	0.104626	0.120784	0.125941	0.123887	0.131336	0.135997	0.126224	
-0.919433	-1.00566	-1.07506	-1.12244	-1.1471	-1.15364	-1.13468	-1.09695	-1.03489	-0.95739	-0.854942	-0.723739	-0.569771	-0.416663	-0.272778	-0.13665	-0.0206092	0.0630619	0.113314	0.136836	0.148579	0.157639	0.173149	0.184766	0.175546	
-1.03618	-1.11339	-1.16656	-1.20049	-1.21649	-1.2196	-1.20764	-1.18281	-1.13708	-1.07162	-0.970825	-0.831292	-0.663715	-0.49124	-0.327937	-0.175208	-0.0462216	0.0463333	0.103264	0.13901	0.162554	0.180368	0.199157	0.212103	0.205315	
-1.11339	-1.17682	-1.21371	-1.23768	-1.24929	-1.25079	-1.24351	-1.22592	-1.19229	-1.14374	-1.05469	-0.921372	-0.753865	-0.571551	-0.397565	-0.237415	-0.100492	0.00624215	0.0856206	0.139386	0.172886	0.194448	0.219004	0.228192	0.217404	
-1.16656	-1.21371	-1.23685	-1.25255	-1.25932	-1.25884	-1.25685	-1.24429	-1.2238	-1.19015	-1.1178	-0.997358	-0.838063	-0.656072	-0.475697	-0.309594	-0.162211	-0.0366449	0.0669465	0.143506	0.185017	0.212992	0.237641	0.237733	0.22092	
-1.20049	-1.23768	-1.25255	-1.26239	-1.26187	-1.26055	-1.26331	-1.25714	-1.24521	-1.21917	-1.15977	-1.05135	-0.900679	-0.727545	-0.546364	-0.370317	-0.209087	-0.0723765	0.0477406	0.144432	0.201931	0.233669	0.253991	0.251285	0.227925	
-1.21649	-1.24929	-1.25932	-1.26187	-1.26258	-1.26227	-1.26251	-1.26055	-1.25511	-1.233	-1.18017	-1.08308	-0.942645	-0.769709	-0.584961	-0.406891	-0.243148	-0.0917317	0.0460348	0.148702	0.210434	0.251297	0.270534	0.268191	0.239528	
-1.2196	-1.25079	-1.25884	-1.26055	-1.26227	-1.2627	-1.26156	-1.25953	-1.25597	-1.23563	-1.18521	-1.09136	-0.950561	-0.776947	-0.59177	-0.414495	-0.250236	-0.0935245	0.0478645	0.150061	0.211882	0.254421	0.275166	0.271881	0.241797	
-1.20764	-1.24351	-1.25685	-1.26331	-1.26251	-1.26156	-1.26387	-1.25977	-1.25031	-1.22594	-1.16919	-1.06642	-0.919255	-0.747812	-0.565512	-0.38738	-0.224412	-0.0831432	0.0449003	0.146165	0.207203	0.2418	0.260997	0.25824	0.232992	
-1.18281	-1.22592	-1.24429	-1.25714	-1.26055	-1.25953	-1.25977	-1.25062	-1.23458	-1.2044	-1.13754	-1.02221	-0.866363	-0.688239	-0.50702	-0.336765	-0.182992	-0.0515508	0.0587895	0.143529	0.1911	0.221279	0.24461	0.241894	0.222646	
-1.13708	-1.19229	-1.2238	-1.24521	-1.25511	-1.25597	-1.25031	-1.23458	-1.20556	-1.16371	-1.0823	-0.953037	-0.788885	-0.604738	-0.427464	-0.26559	-0.125835	-0.0121208	0.0784475	0.141134	0.177597	0.201528	0.226469	0.2332	0.21926	
-1.07162	-1.14374	-1.19015	-1.21917	-1.233	-1.23563	-1.22594	-1.2044	-1.16371	-1.10563	-1.00842	-0.869703	-0.700874	-0.522763	-0.354999	-0.198475	-0.0655505	0.0328049	0.096763	0.138433	0.166647	0.185611	0.207276	0.219591	0.211582	
-0.970825	-1.05469	-1.1178	-1.15977	-1.18017	-1.18521	-1.16919	-1.13754	-1.0823	-1.00842	-0.904411	-0.768285	-0.60661	-0.445258	-0.292438	-0.148451	-0.0265314	0.0590091	0.110149	0.138592	0.155674	0.16785	0.184483	0.197517	0.190051	
-0.831292	-0.921372	-0.997358	-1.05135	-1.08308	-1.09136	-1.06642	-1.02221	-0.953037	-0.869703	-0.768285	-0.650385	-0.515614	-0.37911	-0.249407	-0.126974	-0.0199603	0.0616034	0.112388	0.129892	0.136154	0.13882	0.150634	0.158087	0.148078	
-0.663715	-0.753865	-0.838063	-0.900679	-0.942645	-0.950561	-0.919255	-0.866363	-0.788885	-0.700874	-0.60661	-0.515614	-0.421902	-0.318797	-0.221326	-0.125781	-0.034801	0.0414789	0.0840139	0.101181	0.105062	0.0979075	0.098416	0.0979433	0.0896146	
-0.49124	-0.571551	-0.656072	-0.727545	-0.769709	-0.776947	-0.747812	-0.688239	-0.604738	-0.522763	-0.445258	-0.37911	-0.318797	-0.254766	-0.195262	-0.132526	-0.0652825	-0.0054091	0.0294833	0.0504679	0.0556356	0.0395025	0.0332146	0.0273795	0.0116254	
-0.327937	-0.397565	-0.475697	-0.546364	-0.584961	-0.59177	-0.565512	-0.50702	-0.427464	-0.354999	-0.292438	-0.249407	-0.221326	-0.195262	-0.167447	-0.139885	-0.104379	-0.0600082	-0.0264009	-0.0092589	-0.0101181	-0.0257336	-0.0367704	-0.0495197	-0.0729836	
-0.175208	-0.237415	-0.309594	-0.370317	-0.406891	-0.414495	-0.38738	-0.336765	-0.26559	-0.198475	-0.148451	-0.126974	-0.125781	-0.132526	-0.139885	-0.136921	-0.120471	-0.096904	-0.0742157	-0.0656659	-0.0683457	-0.0835389	-0.101836	-0.118006	-0.145948	
-0.0462216	-0.100492	-0.162211	-0.209087	-0.243148	-0.250236	-0.224412	-0.182992	-0.125835	-0.0655505	-0.0265314	-0.0199603	-0.034801	-0.0652825	-0.104379	-0.120471	-0.113515	-0.109901	-0.106332	-0.10426	-0.112203	-0.132845	-0.157178	-0.173659	-0.20163	
0.0463333	0.00624215	-0.0366449	-0.0723765	-0.0917317	-0.0935245	-0.0831432	-0.0515508	-0.0121208	0.0328049	0.0590091	0.0616034	0.0414789	-0.0054091	-0.0600082	-0.096904	-0.109901	-0.117772	-0.127062	-0.128583	-0.144044	-0.167813	-0.191369	-0.212381	-0.239359	
0.103264	0.0856206	0.0669465	0.0477406	0.0460348	0.0478645	0.0449003	0.0587895	0.0784475	0.096763	0.110149	0.112388	0.0840139	0.0294833	-0.0264009	-0.0742157	-0.106332	-0.127062	-0.139818	-0.14598	-0.156913	-0.176709	-0.202583	-0.228152	-0.2584	
0.13901	0.139386	0.143506	0.144432	0.148702	0.150061	0.146165	0.143529	0.141134	0.138433	0.138592	0.129892	0.101181	0.0504679	-0.0092589	-0.0656659	-0.10426	-0.128583	-0.14598	-0.160566	-0.166434	-0.183335	-0.211356	-0.243229	-0.270799	
0.162554	0.172886	0.185017	0.201931	0.210434	0.211882	0.207203	0.1911	0.177597	0.166647	0.155674	0.136154	0.105062	0.0556356	-0.0101181	-0.0683457	-0.112203	-0.144044	-0.156913	-0.166434	-0.18297	-0.204211	-0.231601	-0.263065	-0.290841	
0.180368	0.194448	0.212992	0.233669	0.251297	0.254421	0.2418	0.221279	0.201528	0.185611	0.16785	0.13882	0.0979075	0.0395025	-0.0257336	-0.0835389	-0.132845	-0.167813	-0.176709	-0.183335	-0.204211	-0.223408	-0.24666	-0.278461	-0.309152	
0.199157	0.219004	0.237641	0.253991	0.270534	0.275166	0.260997	0.24461	0.226469	0.207276	0.184483	0.150634	0.098416	0.0332146	-0.0367704	-0.101836	-0.157178	-0.191369	-0.202583	-0.211356	-0.231601	-0.24666	-0.259597	-0.276199	-0.294181	
0.212103	0.228192	0.237733	0.251285	0.268191	0.271881	0.25824	0.241894	0.2332	0.219591	0.197517	0.158087	0.0979433	0.0273795	-0.0495197	-0.118006	-0.173659	-0.212381	-0.228152	-0.243229	-0.263065	-0.278461	-0.276199	-0.266649	-0.255206	
0.205315	0.217404	0.22092	0.227925	0.239528	0.241797	0.232992	0.222646	0.21926	0.211582	0.190051	0.148078	0.0896146	0.0116254	-0.0729836	-0.145948	-0.20163	-0.239359	-0.2584	-0.270799	-0.290841	-0.309152	-0.294181	-0.255206	-0.203073	
