-0.175523	-0.0281035	0.111094	0.234648	0.352409	0.472548	0.568534	0.622736	0.628605	0.58414	0.50477	0.405161	0.309288	0.216784	0.114292	-0.000724191	-0.122562	-0.241736	-0.34954	-0.439877	-0.481402	-0.460335	-0.356248	-0.185225	0.0491735	
-0.0281035	0.120194	0.251579	0.361278	0.459588	0.55457	0.624428	0.644137	0.609563	0.527007	0.416401	0.298727	0.199712	0.120864	0.0445839	-0.0413438	-0.140078	-0.239974	-0.339041	-0.424255	-0.474374	-0.462871	-0.371426	-0.205522	0.0266931	
0.111094	0.251579	0.377037	0.476744	0.552361	0.618497	0.650406	0.632603	0.561011	0.448619	0.32142	0.196746	0.102853	0.0389744	-0.0119534	-0.0727327	-0.149145	-0.235269	-0.324368	-0.407873	-0.463095	-0.462948	-0.383428	-0.224919	0.00359886	
0.234648	0.361278	0.476744	0.5588	0.610829	0.638799	0.631447	0.583163	0.485371	0.362341	0.232762	0.114326	0.0304961	-0.0181647	-0.0490768	-0.0874362	-0.147549	-0.22088	-0.304101	-0.385164	-0.44552	-0.456249	-0.388535	-0.239931	-0.0158965	
0.352409	0.459588	0.552361	0.610829	0.627355	0.610021	0.565892	0.491004	0.382593	0.26233	0.143166	0.0403562	-0.0285101	-0.0627887	-0.0739255	-0.0934116	-0.136013	-0.197047	-0.273676	-0.349312	-0.414336	-0.431044	-0.377134	-0.236114	-0.0205144	
0.472548	0.55457	0.618497	0.638799	0.610021	0.546632	0.465524	0.373045	0.264234	0.155558	0.0536364	-0.0293772	-0.084248	-0.104762	-0.100969	-0.103954	-0.128848	-0.179422	-0.245053	-0.316852	-0.379668	-0.402779	-0.357557	-0.226032	-0.0174298	
0.568534	0.624428	0.650406	0.631447	0.565892	0.465524	0.362692	0.26401	0.163187	0.0698416	-0.0150315	-0.0834123	-0.129174	-0.143571	-0.133337	-0.123972	-0.137698	-0.176324	-0.234649	-0.299074	-0.359988	-0.385273	-0.348124	-0.224499	-0.0241707	
0.622736	0.644137	0.632603	0.583163	0.491004	0.373045	0.26401	0.170119	0.0856624	0.0110705	-0.0574911	-0.112431	-0.152225	-0.16574	-0.152163	-0.138137	-0.14121	-0.173123	-0.223629	-0.283507	-0.341599	-0.369373	-0.339768	-0.225481	-0.0347306	
0.628605	0.609563	0.561011	0.485371	0.382593	0.264234	0.163187	0.0856624	0.0249927	-0.0283995	-0.0781025	-0.119729	-0.155217	-0.166838	-0.155505	-0.136768	-0.133575	-0.158756	-0.202755	-0.259014	-0.313435	-0.344021	-0.320812	-0.217124	-0.0373224	
0.58414	0.527007	0.448619	0.362341	0.26233	0.155558	0.0698416	0.0110705	-0.0283995	-0.0624766	-0.0956797	-0.127346	-0.15623	-0.168422	-0.157004	-0.1347	-0.124304	-0.140468	-0.177241	-0.226697	-0.276247	-0.306403	-0.287823	-0.193579	-0.0248229	
0.50477	0.416401	0.32142	0.232762	0.143166	0.0536364	-0.0150315	-0.0574911	-0.0781025	-0.0956797	-0.11597	-0.136673	-0.16141	-0.172104	-0.161647	-0.136644	-0.118573	-0.126508	-0.15424	-0.196781	-0.239604	-0.267872	-0.251899	-0.166524	-0.00825157	
0.405161	0.298727	0.196746	0.114326	0.0403562	-0.0293772	-0.0834123	-0.112431	-0.119729	-0.127346	-0.136673	-0.152242	-0.172909	-0.183913	-0.176096	-0.148627	-0.125334	-0.123969	-0.143009	-0.177436	-0.212451	-0.23699	-0.222004	-0.143666	0.00364259	
0.309288	0.199712	0.102853	0.0304961	-0.0285101	-0.084248	-0.129174	-0.152225	-0.155217	-0.15623	-0.16141	-0.172909	-0.191018	-0.20348	-0.197301	-0.169505	-0.141048	-0.130807	-0.141423	-0.166855	-0.193981	-0.21377	-0.198145	-0.127108	0.0107867	
0.216784	0.120864	0.0389744	-0.0181647	-0.0627887	-0.104762	-0.143571	-0.16574	-0.166838	-0.168422	-0.172104	-0.183913	-0.20348	-0.219053	-0.218487	-0.193207	-0.16269	-0.146676	-0.150116	-0.168114	-0.188493	-0.202715	-0.187645	-0.121672	0.00463522	
0.114292	0.0445839	-0.0119534	-0.0490768	-0.0739255	-0.100969	-0.133337	-0.152163	-0.155505	-0.157004	-0.161647	-0.176096	-0.197301	-0.218487	-0.224526	-0.203751	-0.174437	-0.154104	-0.152627	-0.164993	-0.178919	-0.190046	-0.17383	-0.11544	0.000828716	
-0.000724191	-0.0413438	-0.0727327	-0.0874362	-0.0934116	-0.103954	-0.123972	-0.138137	-0.136768	-0.1347	-0.136644	-0.148627	-0.169505	-0.193207	-0.203751	-0.188171	-0.159864	-0.136793	-0.132224	-0.13878	-0.14998	-0.156277	-0.142584	-0.0896194	0.0136985	
-0.122562	-0.140078	-0.149145	-0.147549	-0.136013	-0.128848	-0.137698	-0.14121	-0.133575	-0.124304	-0.118573	-0.125334	-0.141048	-0.16269	-0.174437	-0.159864	-0.130144	-0.102847	-0.0911893	-0.0926729	-0.096288	-0.0993403	-0.0835766	-0.0367874	0.0565261	
-0.241736	-0.239974	-0.235269	-0.22088	-0.197047	-0.179422	-0.176324	-0.173123	-0.158756	-0.140468	-0.126508	-0.123969	-0.130807	-0.146676	-0.154104	-0.136793	-0.102847	-0.0664139	-0.0476765	-0.037974	-0.0353083	-0.0295833	-0.012303	0.0325532	0.116422	
-0.34954	-0.339041	-0.324368	-0.304101	-0.273676	-0.245053	-0.234649	-0.223629	-0.202755	-0.177241	-0.15424	-0.143009	-0.141423	-0.150116	-0.152627	-0.132224	-0.0911893	-0.0476765	-0.0167593	0.00182968	0.0160585	0.0295541	0.0526133	0.0965508	0.173983	
-0.439877	-0.424255	-0.407873	-0.385164	-0.349312	-0.316852	-0.299074	-0.283507	-0.259014	-0.226697	-0.196781	-0.177436	-0.166855	-0.168114	-0.164993	-0.13878	-0.0926729	-0.037974	0.00182968	0.0333808	0.0567154	0.0806285	0.108875	0.153662	0.225509	
-0.481402	-0.474374	-0.463095	-0.44552	-0.414336	-0.379668	-0.359988	-0.341599	-0.313435	-0.276247	-0.239604	-0.212451	-0.193981	-0.188493	-0.178919	-0.14998	-0.096288	-0.0353083	0.0160585	0.0567154	0.090735	0.123295	0.157368	0.203317	0.27033	
-0.460335	-0.462871	-0.462948	-0.456249	-0.431044	-0.402779	-0.385273	-0.369373	-0.344021	-0.306403	-0.267872	-0.23699	-0.21377	-0.202715	-0.190046	-0.156277	-0.0993403	-0.0295833	0.0295541	0.0806285	0.123295	0.164326	0.203854	0.250704	0.31359	
-0.356248	-0.371426	-0.383428	-0.388535	-0.377134	-0.357557	-0.348124	-0.339768	-0.320812	-0.287823	-0.251899	-0.222004	-0.198145	-0.187645	-0.17383	-0.142584	-0.0835766	-0.012303	0.0526133	0.108875	0.157368	0.203854	0.246145	0.292822	0.350335	
-0.185225	-0.205522	-0.224919	-0.239931	-0.236114	-0.226032	-0.224499	-0.225481	-0.217124	-0.193579	-0.166524	-0.143666	-0.127108	-0.121672	-0.11544	-0.0896194	-0.0367874	0.0325532	0.0965508	0.153662	0.203317	0.250704	0.292822	0.335996	0.386792	
0.0491735	0.0266931	0.00359886	-0.0158965	-0.0205144	-0.0174298	-0.0241707	-0.0347306	-0.0373224	-0.0248229	-0.00825157	0.00364259	0.0107867	0.00463522	0.000828716	0.0136985	0.0565261	0.116422	0.173983	0.225509	0.27033	0.31359	0.350335	0.386792	0.427692	
0.328711	0.30652	0.281972	0.257879	0.24895	0.245358	0.231976	0.211846	0.197748	0.197865	0.200587	0.199737	0.191922	0.172461	0.152839	0.150752	0.17856	0.225797	0.27248	0.314493	0.350803	0.386092	0.414773	0.441736	0.471637	
0.64249	0.620259	0.592612	0.563519	0.545867	0.533146	0.508421	0.475994	0.447329	0.432143	0.420163	0.402977	0.380516	0.344444	0.309041	0.289791	0.301694	0.334216	0.368237	0.398558	0.424503	0.449941	0.469077	0.485837	0.504243	
0.957421	0.934081	0.901894	0.864506	0.836467	0.810845	0.773194	0.724669	0.679154	0.646595	0.615674	0.581545	0.540318	0.487189	0.434043	0.397368	0.393066	0.410881	0.431978	0.451131	0.466466	0.482929	0.492864	0.500594	0.509258	
1.22616	1.20269	1.16618	1.12062	1.08128	1.04262	0.9888	0.924236	0.860462	0.80924	0.761276	0.708774	0.651556	0.582154	0.513455	0.46216	0.443862	0.449369	0.460061	0.469234	0.476826	0.485141	0.488549	0.488967	0.490408	
1.39583	1.37178	1.33166	1.2806	1.23286	1.18411	1.12093	1.04402	0.968527	0.905554	0.844375	0.780957	0.71163	0.631186	0.552317	0.490422	0.4633	0.460661	0.463954	0.467738	0.469138	0.47366	0.472093	0.468849	0.465908	
1.42472	1.40106	1.36124	1.30866	1.26036	1.21057	1.14411	1.06595	0.987391	0.921212	0.858418	0.791707	0.720577	0.638431	0.557106	0.49435	0.465358	0.461472	0.464268	0.466207	0.46797	0.47066	0.469429	0.464866	0.461637	
1.30945	1.2854	1.24668	1.19893	1.15488	1.11104	1.0534	0.982483	0.91356	0.857141	0.802574	0.745429	0.682375	0.607428	0.534205	0.477234	0.454877	0.45631	0.463017	0.469943	0.473792	0.480797	0.481166	0.480113	0.47912	
1.07273	1.04946	1.01611	0.974923	0.943046	0.912424	0.867448	0.813048	0.759378	0.718635	0.680826	0.638534	0.590606	0.530864	0.470563	0.428276	0.417741	0.430423	0.447439	0.461739	0.474544	0.486718	0.4946	0.498541	0.504449	
0.771548	0.748404	0.718548	0.686998	0.664337	0.646568	0.617547	0.578559	0.544001	0.522418	0.502926	0.479741	0.449997	0.406819	0.364803	0.337806	0.343539	0.369818	0.398264	0.424291	0.445147	0.467444	0.482108	0.495469	0.509398	
0.450707	0.428826	0.403847	0.377631	0.366603	0.359888	0.341962	0.318092	0.297841	0.291912	0.28909	0.281719	0.268228	0.242617	0.216201	0.208094	0.22934	0.271131	0.313132	0.350154	0.383193	0.413933	0.43974	0.461979	0.487817	
0.157067	0.133865	0.109801	0.0891551	0.0814526	0.0821089	0.0730224	0.058566	0.0520625	0.0598775	0.0712301	0.07875	0.0804536	0.0688656	0.0595678	0.0660053	0.103782	0.158515	0.212107	0.260158	0.301535	0.342275	0.375676	0.408828	0.445196	
-0.0990057	-0.120135	-0.141055	-0.158425	-0.157282	-0.15046	-0.152427	-0.156799	-0.153468	-0.134389	-0.111463	-0.0926975	-0.0796566	-0.0781392	-0.0760614	-0.05416	-0.00510651	0.0615725	0.12362	0.178979	0.227763	0.273664	0.314817	0.355226	0.402879	
-0.294556	-0.313427	-0.329066	-0.338193	-0.331633	-0.31559	-0.309604	-0.304713	-0.289502	-0.259987	-0.226857	-0.198945	-0.176995	-0.168333	-0.156341	-0.127283	-0.069235	0.00135871	0.0669958	0.123822	0.173537	0.220869	0.263665	0.309278	0.364442	
-0.428959	-0.436251	-0.441343	-0.439211	-0.418806	-0.394198	-0.37918	-0.365811	-0.342835	-0.306719	-0.268726	-0.237391	-0.213449	-0.201761	-0.188544	-0.154563	-0.0964789	-0.0249934	0.0367743	0.090589	0.136099	0.179803	0.221015	0.268	0.329042	
-0.480989	-0.478431	-0.471083	-0.457284	-0.42894	-0.395661	-0.37662	-0.357964	-0.330486	-0.292436	-0.254174	-0.224864	-0.20358	-0.196027	-0.1844	-0.153795	-0.0977507	-0.0336172	0.0216256	0.0659438	0.104152	0.139733	0.176688	0.222512	0.288355	
-0.464068	-0.450234	-0.435234	-0.413081	-0.378336	-0.344491	-0.324814	-0.308036	-0.281533	-0.247532	-0.214513	-0.191691	-0.178057	-0.176435	-0.171109	-0.143361	-0.094228	-0.0366428	0.00762768	0.0430691	0.0705361	0.0983728	0.128729	0.174379	0.243825	
-0.388779	-0.375699	-0.35922	-0.337456	-0.304672	-0.273963	-0.260471	-0.24675	-0.224926	-0.196136	-0.17024	-0.155478	-0.149876	-0.156212	-0.156047	-0.133707	-0.0900937	-0.0424623	-0.00774842	0.0154655	0.0337963	0.0508582	0.0766574	0.120053	0.195861	
-0.286953	-0.28036	-0.271094	-0.253162	-0.226765	-0.203988	-0.197457	-0.19132	-0.173758	-0.153425	-0.135118	-0.129239	-0.132907	-0.146012	-0.151956	-0.133245	-0.0964187	-0.0573076	-0.0337348	-0.0207343	-0.0135325	-0.00451739	0.0146481	0.0595062	0.139961	
-0.17078	-0.179752	-0.182596	-0.175289	-0.158311	-0.147023	-0.150343	-0.15093	-0.141174	-0.127585	-0.118922	-0.121547	-0.133792	-0.153936	-0.163786	-0.14869	-0.117221	-0.0866233	-0.0727305	-0.0700122	-0.0715585	-0.0713813	-0.0551248	-0.0098142	0.079851	
-0.0496677	-0.080056	-0.101553	-0.109074	-0.107833	-0.110198	-0.125948	-0.135772	-0.132015	-0.128335	-0.126674	-0.137729	-0.157086	-0.180746	-0.192734	-0.177642	-0.14916	-0.124912	-0.117571	-0.12289	-0.130754	-0.13621	-0.121648	-0.0713095	0.0275667	
0.0699204	0.0122	-0.0342676	-0.0619398	-0.079646	-0.100792	-0.127736	-0.145982	-0.147986	-0.148117	-0.152554	-0.165685	-0.187547	-0.210445	-0.218172	-0.200061	-0.17087	-0.14971	-0.147546	-0.157239	-0.170823	-0.179314	-0.164813	-0.108231	0.00244852	
0.176684	0.0907491	0.0185764	-0.0315925	-0.0680246	-0.103998	-0.14096	-0.161517	-0.164492	-0.166589	-0.170176	-0.184073	-0.204151	-0.222387	-0.224693	-0.200314	-0.170424	-0.152054	-0.153359	-0.169079	-0.185981	-0.199273	-0.182833	-0.120353	0.00251127	
0.273125	0.166674	0.07461	0.00777187	-0.0468779	-0.0968457	-0.138846	-0.162139	-0.163233	-0.164038	-0.16801	-0.178443	-0.197385	-0.210574	-0.206074	-0.179255	-0.148987	-0.136858	-0.144289	-0.166658	-0.191313	-0.208203	-0.19356	-0.123853	0.00865546	
0.365	0.256192	0.154674	0.07574	0.00896653	-0.0551221	-0.104573	-0.130277	-0.136031	-0.139968	-0.147083	-0.161191	-0.180203	-0.192068	-0.184501	-0.155957	-0.130926	-0.124961	-0.141279	-0.171417	-0.2033	-0.225927	-0.21036	-0.135497	0.00858048	
0.466501	0.368314	0.269845	0.18219	0.0979448	0.0175367	-0.0452612	-0.081486	-0.0953095	-0.108343	-0.123133	-0.141172	-0.164767	-0.175021	-0.165881	-0.139786	-0.119267	-0.124462	-0.148153	-0.188452	-0.227625	-0.255004	-0.239461	-0.157109	-0.0034566	
