-0.149827	-0.0901692	-0.0277673	0.0307397	0.0890592	0.146536	0.193104	0.223155	0.2356	0.21473	0.167014	0.114632	0.0806864	0.0733705	0.0848692	0.102674	0.108185	0.089063	0.0618526	0.0499192	0.0541313	0.0638136	0.0669258	0.0569454	0.036593	
-0.0901692	-0.0377654	0.00129988	0.03623	0.077471	0.125904	0.167909	0.199643	0.219271	0.204504	0.160562	0.116076	0.0910674	0.0833948	0.0779783	0.0797891	0.0681928	0.0374736	0.0132027	0.00887008	0.023838	0.0437217	0.0520739	0.0406623	0.0109792	
-0.0277673	0.00129988	0.0140107	0.0259108	0.0522453	0.0926539	0.129546	0.15833	0.172703	0.157216	0.12452	0.099323	0.0824975	0.0721867	0.054789	0.0381038	0.0139558	-0.0165315	-0.0338126	-0.0309368	-0.0103176	0.0161205	0.0305423	0.0185892	-0.0153751	
0.0307397	0.03623	0.0259108	0.0143685	0.0259005	0.0562536	0.0866016	0.105285	0.103328	0.0835301	0.0635637	0.0522641	0.0373866	0.0275228	0.00696752	-0.0176667	-0.045463	-0.0698146	-0.0794917	-0.0748512	-0.0513981	-0.018837	0.00108404	-0.00732132	-0.0387202	
0.0890592	0.077471	0.0522453	0.0259005	0.0250004	0.0386474	0.0531964	0.0558936	0.0370502	0.0137823	0.00257558	-0.00240449	-0.0145962	-0.0181966	-0.0350892	-0.0598707	-0.0856899	-0.108732	-0.120717	-0.114998	-0.0882753	-0.0460409	-0.0176365	-0.0157363	-0.0411278	
0.146536	0.125904	0.0926539	0.0562536	0.0386474	0.0323099	0.0295618	0.0205221	-0.000307524	-0.0203631	-0.0298184	-0.0335729	-0.0431841	-0.0496427	-0.061863	-0.0826585	-0.10251	-0.123648	-0.139664	-0.13452	-0.103259	-0.0620216	-0.0281212	-0.0148201	-0.0335009	
0.193104	0.167909	0.129546	0.0866016	0.0531964	0.0295618	0.0119883	-0.00271079	-0.0189349	-0.0337023	-0.0389893	-0.0404555	-0.046952	-0.0536334	-0.071597	-0.0928474	-0.108424	-0.130417	-0.145514	-0.134861	-0.108892	-0.0741077	-0.0390569	-0.0221494	-0.0312704	
0.223155	0.199643	0.15833	0.105285	0.0558936	0.0205221	-0.00271079	-0.0193103	-0.0268755	-0.0323533	-0.0346889	-0.0320588	-0.0284944	-0.037233	-0.0613108	-0.087343	-0.107295	-0.124122	-0.129978	-0.116645	-0.0946018	-0.0697453	-0.0429555	-0.0282582	-0.036664	
0.2356	0.219271	0.172703	0.103328	0.0370502	-0.000307524	-0.0189349	-0.0268755	-0.0192763	-0.0116679	-0.00778662	-0.00417806	-0.0024118	-0.0156559	-0.0442255	-0.0759923	-0.0956248	-0.103056	-0.0976171	-0.0813306	-0.0630041	-0.0453877	-0.0303182	-0.0297444	-0.0399396	
0.21473	0.204504	0.157216	0.0835301	0.0137823	-0.0203631	-0.0337023	-0.0323533	-0.0116679	0.0153878	0.0357104	0.0371232	0.0288572	0.0095556	-0.0253998	-0.0610128	-0.080547	-0.082585	-0.0715126	-0.0553034	-0.0376178	-0.0224925	-0.0127026	-0.0184177	-0.0276645	
0.167014	0.160562	0.12452	0.0635637	0.00257558	-0.0298184	-0.0389893	-0.0346889	-0.00778662	0.0357104	0.0644217	0.0649435	0.0514805	0.0282279	-0.0107214	-0.0452008	-0.0641133	-0.0653176	-0.055141	-0.0421091	-0.0303488	-0.0194142	-0.00986554	-0.00224984	-0.00167151	
0.114632	0.116076	0.099323	0.0522641	-0.00240449	-0.0335729	-0.0404555	-0.0320588	-0.00417806	0.0371232	0.0649435	0.0682444	0.0596623	0.0324036	-0.00741423	-0.0403233	-0.0587119	-0.0666265	-0.058492	-0.0453127	-0.0395582	-0.0351885	-0.0172902	0.007801	0.0278032	
0.0806864	0.0910674	0.0824975	0.0373866	-0.0145962	-0.0431841	-0.046952	-0.0284944	-0.0024118	0.0288572	0.0514805	0.0596623	0.0506652	0.022752	-0.0142167	-0.0423486	-0.0670293	-0.0860114	-0.0848497	-0.0723045	-0.067545	-0.057594	-0.027731	0.0165244	0.0566887	
0.0733705	0.0833948	0.0721867	0.0275228	-0.0181966	-0.0496427	-0.0536334	-0.037233	-0.0156559	0.0095556	0.0282279	0.0324036	0.022752	-0.00178563	-0.0256437	-0.0458177	-0.0700352	-0.0924487	-0.100573	-0.101708	-0.0996686	-0.0821564	-0.0466831	0.00703076	0.0682706	
0.0848692	0.0779783	0.054789	0.00696752	-0.0350892	-0.061863	-0.071597	-0.0613108	-0.0442255	-0.0253998	-0.0107214	-0.00741423	-0.0142167	-0.0256437	-0.0335309	-0.0466994	-0.0590042	-0.0746375	-0.0985047	-0.119495	-0.125488	-0.107057	-0.0681608	-0.00452827	0.0807171	
0.102674	0.0797891	0.0381038	-0.0176667	-0.0598707	-0.0826585	-0.0928474	-0.087343	-0.0759923	-0.0610128	-0.0452008	-0.0403233	-0.0423486	-0.0458177	-0.0466994	-0.0485812	-0.0506599	-0.0618863	-0.092405	-0.126267	-0.138368	-0.124667	-0.0850941	-0.0082365	0.0960731	
0.108185	0.0681928	0.0139558	-0.045463	-0.0856899	-0.10251	-0.108424	-0.107295	-0.0956248	-0.080547	-0.0641133	-0.0587119	-0.0670293	-0.0700352	-0.0590042	-0.0506599	-0.0527418	-0.0697459	-0.103736	-0.138912	-0.153974	-0.140686	-0.0935997	-0.00686043	0.105653	
0.089063	0.0374736	-0.0165315	-0.0698146	-0.108732	-0.123648	-0.130417	-0.124122	-0.103056	-0.082585	-0.0653176	-0.0666265	-0.0860114	-0.0924487	-0.0746375	-0.0618863	-0.0697459	-0.0943711	-0.132796	-0.169426	-0.180306	-0.156412	-0.0966234	-0.00908085	0.102339	
0.0618526	0.0132027	-0.0338126	-0.0794917	-0.120717	-0.139664	-0.145514	-0.129978	-0.0976171	-0.0715126	-0.055141	-0.058492	-0.0848497	-0.100573	-0.0985047	-0.092405	-0.103736	-0.132796	-0.174375	-0.210197	-0.204546	-0.160527	-0.0925901	-0.00734674	0.103551	
0.0499192	0.00887008	-0.0309368	-0.0748512	-0.114998	-0.13452	-0.134861	-0.116645	-0.0813306	-0.0553034	-0.0421091	-0.0453127	-0.0723045	-0.101708	-0.119495	-0.126267	-0.138912	-0.169426	-0.210197	-0.229708	-0.203847	-0.146781	-0.0770649	0.00669965	0.11848	
0.0541313	0.023838	-0.0103176	-0.0513981	-0.0882753	-0.103259	-0.108892	-0.0946018	-0.0630041	-0.0376178	-0.0303488	-0.0395582	-0.067545	-0.0996686	-0.125488	-0.138368	-0.153974	-0.180306	-0.204546	-0.203847	-0.167262	-0.113265	-0.0501268	0.0273155	0.126517	
0.0638136	0.0437217	0.0161205	-0.018837	-0.0460409	-0.0620216	-0.0741077	-0.0697453	-0.0453877	-0.0224925	-0.0194142	-0.0351885	-0.057594	-0.0821564	-0.107057	-0.124667	-0.140686	-0.156412	-0.160527	-0.146781	-0.113265	-0.0637269	-0.00691421	0.0497205	0.117503	
0.0669258	0.0520739	0.0305423	0.00108404	-0.0176365	-0.0281212	-0.0390569	-0.0429555	-0.0303182	-0.0127026	-0.00986554	-0.0172902	-0.027731	-0.0466831	-0.0681608	-0.0850941	-0.0935997	-0.0966234	-0.0925901	-0.0770649	-0.0501268	-0.00691421	0.0348397	0.0608367	0.0903433	
0.0569454	0.0406623	0.0185892	-0.00732132	-0.0157363	-0.0148201	-0.0221494	-0.0282582	-0.0297444	-0.0184177	-0.00224984	0.007801	0.0165244	0.00703076	-0.00452827	-0.0082365	-0.00686043	-0.00908085	-0.00734674	0.00669965	0.0273155	0.0497205	0.0608367	0.0536828	0.0527902	
0.036593	0.0109792	-0.0153751	-0.0387202	-0.0411278	-0.0335009	-0.0312704	-0.036664	-0.0399396	-0.0276645	-0.00167151	0.0278032	0.0566887	0.0682706	0.0807171	0.0960731	0.105653	0.102339	0.103551	0.11848	0.126517	0.117503	0.0903433	0.0527902	0.0215307	
0.0109493	-0.0215945	-0.0490296	-0.0715955	-0.0712234	-0.0597142	-0.0518638	-0.049738	-0.0491174	-0.0355655	-0.00400068	0.0400958	0.0954442	0.139169	0.180763	0.21333	0.234036	0.243006	0.25084	0.261626	0.251556	0.215504	0.158797	0.088065	0.0114326	
-0.02163	-0.0605984	-0.0891585	-0.10596	-0.0999798	-0.0760503	-0.0590907	-0.0492584	-0.0455959	-0.0359981	-0.00542222	0.0487099	0.125954	0.201009	0.268379	0.320768	0.361761	0.393622	0.412975	0.411892	0.387352	0.335804	0.25754	0.149083	0.0182167	
-0.0675176	-0.113236	-0.138412	-0.144115	-0.122643	-0.0834382	-0.0485128	-0.0310265	-0.02438	-0.0183993	0.00769377	0.0637209	0.14536	0.237432	0.32693	0.401265	0.464045	0.515658	0.541947	0.537416	0.505441	0.445514	0.347221	0.205714	0.030001	
-0.127376	-0.175904	-0.19027	-0.177599	-0.139984	-0.0789075	-0.0281263	5.80414e-05	0.00814007	0.0100325	0.0308654	0.0816303	0.155484	0.251207	0.355292	0.448593	0.522102	0.579837	0.612536	0.611469	0.58255	0.514203	0.399465	0.240266	0.0394731	
-0.175489	-0.222059	-0.226297	-0.200563	-0.150268	-0.0749251	-0.009107	0.028164	0.0374524	0.0334725	0.0493741	0.093997	0.158718	0.252411	0.363873	0.466865	0.543898	0.601808	0.637665	0.643052	0.616629	0.540918	0.417268	0.252885	0.0424153	
-0.184376	-0.230817	-0.233497	-0.20479	-0.152614	-0.0754538	-0.00442108	0.0334772	0.0428317	0.0386237	0.051762	0.0966129	0.158912	0.252482	0.364361	0.468918	0.546562	0.603893	0.640584	0.647796	0.62064	0.544745	0.418765	0.253855	0.043012	
-0.149654	-0.197372	-0.20716	-0.188896	-0.145079	-0.0767536	-0.0199248	0.013156	0.0216063	0.0208732	0.0399278	0.0874561	0.15755	0.252737	0.360576	0.458591	0.533876	0.592256	0.626151	0.628178	0.600631	0.52895	0.409835	0.247666	0.0414016	
-0.0908613	-0.138313	-0.160001	-0.157633	-0.130321	-0.0819737	-0.0407453	-0.0201006	-0.0124314	-0.00737568	0.0161593	0.0705189	0.149588	0.244575	0.341315	0.424199	0.492814	0.548274	0.577836	0.573662	0.541925	0.478668	0.37275	0.222086	0.034122	
-0.0379133	-0.0797983	-0.107912	-0.121582	-0.109298	-0.0808876	-0.0566672	-0.0440209	-0.0396388	-0.0310474	-0.00187062	0.0542908	0.135334	0.219497	0.296448	0.357426	0.407788	0.448652	0.470293	0.467381	0.437438	0.383257	0.29713	0.1744	0.0236923	
-0.000932681	-0.0357634	-0.0636712	-0.0842152	-0.0839502	-0.0673191	-0.0567911	-0.0512428	-0.049189	-0.0372687	-0.00584845	0.0435021	0.109021	0.165662	0.217445	0.257855	0.285973	0.303665	0.316575	0.322288	0.306288	0.262458	0.196129	0.110504	0.0120546	
0.0266721	-0.00172645	-0.0289141	-0.0524098	-0.0531053	-0.0450355	-0.0398169	-0.0423405	-0.0441173	-0.0313808	-0.0021879	0.0334942	0.0732068	0.0967231	0.121029	0.143097	0.156675	0.155947	0.158179	0.172746	0.173805	0.152667	0.112549	0.0624542	0.01565	
0.0495058	0.0292686	0.0060429	-0.018068	-0.0231751	-0.0189032	-0.0226294	-0.0301248	-0.0337846	-0.0221142	-0.00169088	0.0164168	0.0323926	0.0301304	0.0265644	0.0305529	0.0351436	0.0317541	0.0329907	0.0473711	0.0636632	0.0741287	0.0693377	0.0498205	0.0380214	
0.0646693	0.0506554	0.029518	0.00106545	-0.0136279	-0.0189446	-0.029654	-0.0344792	-0.0277144	-0.0135132	-0.00494543	-0.00701213	-0.010367	-0.0267011	-0.0451846	-0.0585544	-0.0634465	-0.0643052	-0.0602364	-0.046319	-0.0208858	0.0150891	0.0473811	0.0603488	0.0757222	
0.0661758	0.0487599	0.0240928	-0.00829421	-0.0317706	-0.0472331	-0.0587431	-0.0589308	-0.0387746	-0.0175774	-0.0159582	-0.0297626	-0.0481656	-0.0702128	-0.0939893	-0.112651	-0.12638	-0.13679	-0.135336	-0.119843	-0.0894223	-0.040985	0.011644	0.0561745	0.108872	
0.0584191	0.0324842	0.000943538	-0.0383427	-0.07139	-0.0864138	-0.096182	-0.0850761	-0.0555659	-0.0313834	-0.0257035	-0.0387096	-0.0653931	-0.0951018	-0.121208	-0.135517	-0.152117	-0.174666	-0.190712	-0.183322	-0.146079	-0.0949107	-0.034533	0.0366076	0.124446	
0.0498809	0.0128866	-0.0248873	-0.0676974	-0.107203	-0.12413	-0.125705	-0.108731	-0.0742082	-0.0481114	-0.037368	-0.0416708	-0.0692523	-0.101602	-0.124497	-0.134567	-0.148044	-0.178146	-0.213939	-0.225187	-0.192739	-0.135659	-0.0681759	0.014258	0.123923	
0.0547997	0.00916031	-0.0346947	-0.0794691	-0.120589	-0.141403	-0.14411	-0.126125	-0.0918167	-0.0650728	-0.0495387	-0.0529801	-0.0796585	-0.101357	-0.108023	-0.107663	-0.119299	-0.14897	-0.191604	-0.222229	-0.20882	-0.157517	-0.087659	-0.00303998	0.108631	
0.0774727	0.0252426	-0.0258079	-0.0750322	-0.115298	-0.131356	-0.13886	-0.12872	-0.102228	-0.0792462	-0.0629726	-0.065124	-0.088806	-0.0974574	-0.0832507	-0.0718259	-0.0819919	-0.108461	-0.148054	-0.185535	-0.191607	-0.159941	-0.0962879	-0.00952852	0.100741	
0.103217	0.0574706	0.000913241	-0.0565675	-0.0953483	-0.111062	-0.117158	-0.114706	-0.10031	-0.082935	-0.0659904	-0.0634713	-0.0758163	-0.0800772	-0.0637219	-0.0525252	-0.0570263	-0.0781041	-0.113888	-0.148901	-0.163502	-0.147346	-0.0949428	-0.00730469	0.105651	
0.107525	0.0778309	0.0302198	-0.0286919	-0.0702134	-0.0904155	-0.0983918	-0.0963643	-0.0855583	-0.0706826	-0.0551813	-0.0490053	-0.0525337	-0.055753	-0.0525845	-0.0497389	-0.0500681	-0.0624953	-0.0944719	-0.129094	-0.1432	-0.130317	-0.0896818	-0.00846398	0.100821	
0.0921436	0.0785819	0.0481015	-0.00278416	-0.0452663	-0.0698689	-0.0804944	-0.0720267	-0.0575007	-0.0412466	-0.0262411	-0.0225101	-0.0263768	-0.0328225	-0.0376842	-0.0469489	-0.0539727	-0.066769	-0.0951655	-0.12317	-0.131982	-0.115108	-0.0755598	-0.00603825	0.0875935	
0.0759937	0.0804058	0.0660292	0.0211343	-0.0225679	-0.0537691	-0.0594466	-0.0456649	-0.025922	-0.00264911	0.0136672	0.0165021	0.00769119	-0.0126691	-0.0293826	-0.0470182	-0.0674275	-0.0873278	-0.101306	-0.110519	-0.111546	-0.09259	-0.0557807	0.00119301	0.0721449	
0.0756596	0.0873098	0.0782045	0.0331495	-0.016557	-0.0458719	-0.0490387	-0.0297511	-0.00445974	0.0229436	0.0443377	0.0515573	0.0414838	0.0145867	-0.0181565	-0.0433285	-0.0694459	-0.0918381	-0.0941814	-0.0852952	-0.080955	-0.0670956	-0.0343031	0.0150121	0.0632203	
0.097196	0.102803	0.0916223	0.0462689	-0.00715963	-0.037185	-0.0427743	-0.030267	-0.00264811	0.0345876	0.0601883	0.0661522	0.0584424	0.0302217	-0.00938103	-0.0407793	-0.0613407	-0.0734928	-0.0676295	-0.0538373	-0.0487033	-0.0434276	-0.0207976	0.011997	0.0402559	
0.145437	0.141506	0.113227	0.0593129	0.000889694	-0.031052	-0.0393891	-0.0338277	-0.00638505	0.0385365	0.0675445	0.0681967	0.0564781	0.0316908	-0.00807467	-0.0418201	-0.0598995	-0.0626495	-0.0529437	-0.0407934	-0.0320337	-0.02428	-0.0121754	0.00246831	0.00976224	
