-0.150552	-0.159874	-0.147092	-0.115055	-0.061297	0.0333637	0.151824	0.257303	0.324537	0.348789	0.329267	0.290897	0.267644	0.266396	0.269278	0.275448	0.29359	0.309628	0.306094	0.278085	0.22693	0.149633	0.040574	-0.0952208	-0.235548	
-0.159874	-0.190322	-0.19393	-0.172801	-0.124604	-0.0289091	0.0845767	0.189183	0.265697	0.309594	0.318961	0.314927	0.317865	0.334876	0.354137	0.379284	0.411348	0.441352	0.454675	0.434297	0.378469	0.28058	0.139681	-0.0324912	-0.212574	
-0.147092	-0.19393	-0.215692	-0.21202	-0.173353	-0.0918288	0.00553573	0.0950349	0.167845	0.21995	0.249001	0.271541	0.301089	0.341029	0.387185	0.443136	0.505837	0.561898	0.594217	0.589348	0.538734	0.425832	0.251491	0.0515685	-0.155787	
-0.115055	-0.172801	-0.21202	-0.22296	-0.201588	-0.14384	-0.0726271	-0.0104347	0.0460236	0.0924595	0.128925	0.16361	0.213546	0.282256	0.369014	0.469709	0.568895	0.655196	0.70898	0.717813	0.673676	0.557566	0.373905	0.157977	-0.0656347	
-0.061297	-0.124604	-0.173353	-0.201588	-0.206362	-0.183236	-0.146618	-0.116904	-0.0815163	-0.0471541	-0.0145184	0.0258612	0.0915351	0.189832	0.315597	0.459154	0.597529	0.710323	0.783276	0.811379	0.780083	0.669112	0.492786	0.281657	0.0574677	
0.0333637	-0.0289091	-0.0918288	-0.14384	-0.183236	-0.203106	-0.200745	-0.202249	-0.192555	-0.179327	-0.160453	-0.119748	-0.0409868	0.0773826	0.230549	0.403591	0.57213	0.710604	0.809313	0.85928	0.848892	0.765152	0.611629	0.416349	0.200225	
0.151824	0.0845767	0.00553573	-0.0726271	-0.146618	-0.200745	-0.228704	-0.257284	-0.278343	-0.297292	-0.299731	-0.264512	-0.185483	-0.0585813	0.1145	0.309615	0.498188	0.663092	0.789346	0.863541	0.882884	0.838542	0.728593	0.558212	0.355075	
0.257303	0.189183	0.0950349	-0.0104347	-0.116904	-0.202249	-0.257284	-0.306063	-0.352084	-0.399618	-0.4237	-0.404376	-0.337901	-0.203938	-0.0122008	0.203407	0.417798	0.605616	0.753117	0.850639	0.901983	0.89715	0.827829	0.695086	0.514281	
0.324537	0.265697	0.167845	0.0460236	-0.0815163	-0.192555	-0.278343	-0.352084	-0.421687	-0.486686	-0.52715	-0.523757	-0.461402	-0.317186	-0.117547	0.109056	0.34309	0.553556	0.724673	0.849734	0.925653	0.95058	0.917867	0.818362	0.667314	
0.348789	0.309594	0.21995	0.0924595	-0.0471541	-0.179327	-0.297292	-0.399618	-0.486686	-0.564571	-0.6136	-0.609499	-0.536195	-0.383462	-0.175277	0.0618907	0.304694	0.528949	0.724444	0.877918	0.974362	1.02063	1.01425	0.93626	0.80856	
0.329267	0.318961	0.249001	0.128925	-0.0145184	-0.160453	-0.299731	-0.4237	-0.52715	-0.6136	-0.66126	-0.647752	-0.562935	-0.402085	-0.185408	0.060309	0.305628	0.5444	0.761082	0.930775	1.04155	1.09966	1.10362	1.05004	0.954273	
0.290897	0.314927	0.271541	0.16361	0.0258612	-0.119748	-0.264512	-0.404376	-0.523757	-0.609499	-0.647752	-0.629768	-0.53348	-0.360792	-0.135625	0.110623	0.355579	0.603132	0.828183	1.00276	1.12012	1.18271	1.18712	1.15004	1.08051	
0.267644	0.317865	0.301089	0.213546	0.0915351	-0.0409868	-0.185483	-0.337901	-0.461402	-0.536195	-0.562935	-0.53348	-0.424326	-0.246145	-0.0221285	0.219969	0.464455	0.706401	0.926242	1.09723	1.20649	1.2562	1.25926	1.23329	1.17355	
0.266396	0.334876	0.341029	0.282256	0.189832	0.0773826	-0.0585813	-0.203938	-0.317186	-0.383462	-0.402085	-0.360792	-0.246145	-0.0705984	0.143455	0.380133	0.615214	0.836531	1.03292	1.18717	1.27917	1.31416	1.31911	1.28653	1.22043	
0.269278	0.354137	0.387185	0.369014	0.315597	0.230549	0.1145	-0.0122008	-0.117547	-0.175277	-0.185408	-0.135625	-0.0221285	0.143455	0.352553	0.572437	0.78223	0.972775	1.14152	1.26662	1.33747	1.36244	1.35247	1.30555	1.22551	
0.275448	0.379284	0.443136	0.469709	0.459154	0.403591	0.309615	0.203407	0.109056	0.0618907	0.060309	0.110623	0.219969	0.380133	0.572437	0.773067	0.954914	1.11301	1.24619	1.3382	1.38754	1.39595	1.36974	1.30288	1.19961	
0.29359	0.411348	0.505837	0.568895	0.597529	0.57213	0.498188	0.417798	0.34309	0.304694	0.305628	0.355579	0.464455	0.615214	0.78223	0.954914	1.11111	1.23493	1.33517	1.40015	1.42973	1.42185	1.37397	1.28416	1.15508	
0.309628	0.441352	0.561898	0.655196	0.710323	0.710604	0.663092	0.605616	0.553556	0.528949	0.5444	0.603132	0.706401	0.836531	0.972775	1.11301	1.23493	1.32863	1.40462	1.45008	1.4616	1.43745	1.36625	1.24924	1.09319	
0.306094	0.454675	0.594217	0.70898	0.783276	0.809313	0.789346	0.753117	0.724673	0.724444	0.761082	0.828183	0.926242	1.03292	1.14152	1.24619	1.33517	1.40462	1.45869	1.48314	1.47733	1.43626	1.34388	1.19997	1.01292	
0.278085	0.434297	0.589348	0.717813	0.811379	0.85928	0.863541	0.850639	0.849734	0.877918	0.930775	1.00276	1.09723	1.18717	1.26662	1.3382	1.40015	1.45008	1.48314	1.48826	1.46527	1.40104	1.2856	1.12051	0.911244	
0.22693	0.378469	0.538734	0.673676	0.780083	0.848892	0.882884	0.901983	0.925653	0.974362	1.04155	1.12012	1.20649	1.27917	1.33747	1.38754	1.42973	1.4616	1.47733	1.46527	1.42199	1.33378	1.18983	0.994258	0.756341	
0.149633	0.28058	0.425832	0.557566	0.669112	0.765152	0.838542	0.89715	0.95058	1.02063	1.09966	1.18271	1.2562	1.31416	1.36244	1.39595	1.42185	1.43745	1.43626	1.40104	1.33378	1.21509	1.04132	0.819887	0.556289	
0.040574	0.139681	0.251491	0.373905	0.492786	0.611629	0.728593	0.827829	0.917867	1.01425	1.10362	1.18712	1.25926	1.31911	1.35247	1.36974	1.37397	1.36625	1.34388	1.2856	1.18983	1.04132	0.843792	0.594872	0.308867	
-0.0952208	-0.0324912	0.0515685	0.157977	0.281657	0.416349	0.558212	0.695086	0.818362	0.93626	1.05004	1.15004	1.23329	1.28653	1.30555	1.30288	1.28416	1.24924	1.19997	1.12051	0.994258	0.819887	0.594872	0.323436	0.0228642	
-0.235548	-0.212574	-0.155787	-0.0656347	0.0574677	0.200225	0.355075	0.514281	0.667314	0.80856	0.954273	1.08051	1.17355	1.22043	1.22551	1.19961	1.15508	1.09319	1.01292	0.911244	0.756341	0.556289	0.308867	0.0228642	-0.298324	
-0.3572	-0.377801	-0.356984	-0.283491	-0.165207	-0.0186219	0.139549	0.313691	0.493243	0.666947	0.83875	0.991657	1.09519	1.13957	1.13231	1.0776	1.00129	0.911956	0.807241	0.676532	0.497475	0.268396	-0.00235664	-0.300952	-0.630193	
-0.434551	-0.502036	-0.521833	-0.474205	-0.371481	-0.234321	-0.0663256	0.124718	0.329394	0.534365	0.729227	0.905839	1.01702	1.05432	1.02834	0.958755	0.854889	0.733696	0.595077	0.427445	0.225662	-0.0241379	-0.308157	-0.618756	-0.943157	
-0.468172	-0.580092	-0.635744	-0.621675	-0.5426	-0.415775	-0.242238	-0.0335301	0.191172	0.417183	0.638146	0.828483	0.944581	0.974766	0.939415	0.853051	0.724755	0.571379	0.391317	0.191115	-0.0341774	-0.294061	-0.581524	-0.891749	-1.21015	
-0.476029	-0.620128	-0.70236	-0.714447	-0.658563	-0.541738	-0.369937	-0.154534	0.0835795	0.325122	0.566438	0.763934	0.883738	0.918472	0.881266	0.773992	0.620764	0.437886	0.224848	0.004393	-0.236726	-0.504437	-0.794514	-1.10008	-1.41304	
-0.476169	-0.635194	-0.733487	-0.754849	-0.715359	-0.610424	-0.435615	-0.220016	0.0204666	0.272366	0.520047	0.727858	0.850895	0.887575	0.841776	0.72816	0.564131	0.359077	0.126973	-0.108889	-0.35906	-0.624982	-0.91514	-1.223	-1.5354	
-0.476337	-0.637393	-0.73777	-0.761373	-0.725884	-0.621827	-0.448349	-0.231053	0.00898728	0.260799	0.51054	0.722605	0.846363	0.881493	0.834821	0.720604	0.555363	0.347573	0.111715	-0.129134	-0.379549	-0.644165	-0.935819	-1.24613	-1.55539	
-0.475846	-0.628493	-0.718138	-0.735423	-0.687894	-0.575936	-0.402613	-0.187198	0.0528829	0.299584	0.544762	0.745854	0.866374	0.903592	0.862616	0.751426	0.592217	0.398917	0.175849	-0.051135	-0.297252	-0.56467	-0.854031	-1.16007	-1.47356	
-0.473308	-0.599555	-0.667493	-0.665927	-0.596713	-0.4729	-0.300854	-0.0872322	0.143912	0.376716	0.607129	0.799715	0.917804	0.948563	0.913369	0.8175	0.678485	0.512286	0.318614	0.109405	-0.123607	-0.387928	-0.6769	-0.983984	-1.2994	
-0.452852	-0.538472	-0.573773	-0.539271	-0.44547	-0.313155	-0.140914	0.0576129	0.270443	0.485336	0.690569	0.873982	0.98768	1.02096	0.988692	0.914337	0.801111	0.666861	0.511354	0.328383	0.117498	-0.136198	-0.422075	-0.734603	-1.0569	
-0.394015	-0.43335	-0.428367	-0.364132	-0.250447	-0.106435	0.0554279	0.235309	0.425169	0.611901	0.792993	0.956715	1.06335	1.1058	1.09127	1.02914	0.940135	0.839467	0.722696	0.577583	0.389435	0.150916	-0.12714	-0.431464	-0.759067	
-0.287577	-0.281683	-0.238424	-0.154564	-0.0328023	0.113046	0.268662	0.434171	0.599142	0.752035	0.909126	1.04603	1.14273	1.18879	1.19017	1.15173	1.09451	1.02205	0.931816	0.820078	0.655122	0.442321	0.185822	-0.104787	-0.431706	
-0.152203	-0.104806	-0.031588	0.0685146	0.192612	0.331002	0.479962	0.627067	0.762398	0.88923	1.01558	1.12597	1.21344	1.26346	1.27585	1.26468	1.2375	1.19098	1.1289	1.04113	0.902654	0.718958	0.48481	0.207087	-0.103099	
-0.0117109	0.073548	0.173454	0.289119	0.410314	0.537583	0.6657	0.782257	0.885901	0.990831	1.08869	1.17655	1.25219	1.31046	1.33897	1.34844	1.34238	1.32457	1.29251	1.22509	1.11783	0.958807	0.749729	0.489783	0.19986	
0.110118	0.228929	0.361373	0.491228	0.60512	0.710874	0.80278	0.877539	0.945135	1.02653	1.10877	1.19106	1.26116	1.32004	1.36228	1.38987	1.4071	1.41445	1.40576	1.36134	1.28258	1.15074	0.968433	0.736887	0.462658	
0.199419	0.344845	0.501725	0.635887	0.744792	0.824446	0.872514	0.906547	0.941742	0.997569	1.07048	1.15169	1.23345	1.2979	1.35286	1.39633	1.43178	1.4571	1.46661	1.44557	1.3933	1.29381	1.13671	0.929959	0.681006	
0.260611	0.416508	0.57555	0.707844	0.807628	0.863276	0.879316	0.877891	0.886372	0.924377	0.983301	1.05646	1.14802	1.23188	1.30046	1.36228	1.41627	1.45837	1.4842	1.48211	1.45111	1.37796	1.25231	1.07651	0.856262	
0.297864	0.450851	0.597148	0.717444	0.799783	0.835439	0.824725	0.797709	0.780115	0.791504	0.835289	0.904699	1.00117	1.10106	1.19889	1.2885	1.3652	1.42655	1.47285	1.48968	1.47623	1.42618	1.32503	1.17264	0.976452	
0.311094	0.449901	0.578169	0.682114	0.744982	0.756246	0.719411	0.670344	0.62757	0.611249	0.635267	0.698379	0.798864	0.91896	1.04382	1.16984	1.27865	1.36215	1.42867	1.46533	1.47063	1.44022	1.36054	1.23163	1.06269	
0.301783	0.424845	0.530303	0.605839	0.646296	0.631911	0.568378	0.496722	0.431835	0.39735	0.401794	0.454702	0.56212	0.706019	0.860371	1.02099	1.16395	1.27485	1.36471	1.42172	1.44332	1.42923	1.37192	1.27167	1.13271	
0.281022	0.391351	0.468689	0.510148	0.516297	0.472921	0.386529	0.290764	0.20346	0.159708	0.159498	0.208649	0.317741	0.475436	0.658515	0.848599	1.02065	1.16534	1.2841	1.36451	1.40554	1.40708	1.37316	1.29715	1.18374	
0.270764	0.363594	0.407766	0.408627	0.371914	0.29828	0.191481	0.0734516	-0.0292425	-0.0825022	-0.0889871	-0.0377494	0.0736569	0.236872	0.440985	0.653084	0.852041	1.0291	1.18408	1.29537	1.3587	1.37781	1.36078	1.30681	1.21764	
0.267617	0.342874	0.358865	0.314737	0.237253	0.134929	0.00608066	-0.132722	-0.241883	-0.305285	-0.320601	-0.275381	-0.159941	0.010333	0.22303	0.454716	0.680671	0.890361	1.07631	1.22	1.3033	1.33484	1.3356	1.29762	1.22732	
0.265039	0.323186	0.315877	0.239093	0.127069	0.00226328	-0.140414	-0.29238	-0.413621	-0.484115	-0.506775	-0.472499	-0.360249	-0.181381	0.0384572	0.27849	0.52141	0.756591	0.968929	1.13518	1.2379	1.28064	1.28551	1.25883	1.19758	
0.278696	0.314369	0.282812	0.180763	0.047859	-0.0935479	-0.23848	-0.384953	-0.507107	-0.589517	-0.623193	-0.601402	-0.5001	-0.323814	-0.0972408	0.147716	0.393027	0.6398	0.864304	1.03913	1.15471	1.21399	1.21752	1.18594	1.12247	
0.314343	0.31782	0.25754	0.14214	0.000265935	-0.147451	-0.29041	-0.420953	-0.531666	-0.619318	-0.663274	-0.648331	-0.559206	-0.393787	-0.17358	0.0727818	0.318489	0.562155	0.784431	0.956515	1.07116	1.13273	1.13736	1.09209	1.00916	
