-1.03874	-1.01575	-0.938934	-0.835291	-0.720324	-0.607674	-0.514332	-0.452241	-0.414235	-0.373932	-0.317071	-0.238154	-0.149398	-0.0534545	0.0398862	0.116098	0.193354	0.286469	0.386955	0.478539	0.563282	0.647322	0.72738	0.812845	0.892101	
-1.01575	-1.02511	-0.975185	-0.893164	-0.797478	-0.700166	-0.615266	-0.564772	-0.539042	-0.516573	-0.48079	-0.417283	-0.33838	-0.242694	-0.147017	-0.0714942	0.00707382	0.104622	0.212808	0.321616	0.432984	0.543301	0.654082	0.784185	0.916133	
-0.938934	-0.975185	-0.947745	-0.887379	-0.810388	-0.727915	-0.6585	-0.619137	-0.606	-0.606745	-0.5921	-0.550605	-0.493182	-0.413053	-0.328624	-0.252765	-0.17226	-0.0762187	0.0402871	0.166214	0.296318	0.430286	0.573682	0.7399	0.91012	
-0.835291	-0.893164	-0.887379	-0.844203	-0.778263	-0.707934	-0.645919	-0.610054	-0.607862	-0.628121	-0.638227	-0.62796	-0.599824	-0.542073	-0.470628	-0.401623	-0.331089	-0.241345	-0.121998	0.0168849	0.171022	0.331896	0.500551	0.691033	0.887476	
-0.720324	-0.797478	-0.810388	-0.778263	-0.72219	-0.658467	-0.598498	-0.563763	-0.565253	-0.596189	-0.624888	-0.641028	-0.636808	-0.602027	-0.555178	-0.50352	-0.445147	-0.366437	-0.250296	-0.101072	0.0684278	0.246361	0.437371	0.643922	0.847358	
-0.607674	-0.700166	-0.727915	-0.707934	-0.658467	-0.597256	-0.538697	-0.49904	-0.494531	-0.526913	-0.566904	-0.600275	-0.614277	-0.60518	-0.578578	-0.533992	-0.485375	-0.421268	-0.316446	-0.171316	0.00098952	0.187833	0.384998	0.583002	0.772987	
-0.514332	-0.615266	-0.6585	-0.645919	-0.598498	-0.538697	-0.476634	-0.425469	-0.412217	-0.439427	-0.480871	-0.525723	-0.553483	-0.557413	-0.537008	-0.495569	-0.453186	-0.397744	-0.303399	-0.167572	-0.00762864	0.161851	0.336525	0.501677	0.655442	
-0.452241	-0.564772	-0.619137	-0.610054	-0.563763	-0.49904	-0.425469	-0.362099	-0.33408	-0.342139	-0.380486	-0.428972	-0.455825	-0.465456	-0.450171	-0.406674	-0.356381	-0.295779	-0.209175	-0.0936525	0.036454	0.170869	0.299627	0.403292	0.495882	
-0.414235	-0.539042	-0.606	-0.607862	-0.565253	-0.494531	-0.412217	-0.33408	-0.277074	-0.259328	-0.281559	-0.31199	-0.33256	-0.344099	-0.322193	-0.266514	-0.201676	-0.13649	-0.063172	0.0266917	0.119226	0.202341	0.265196	0.296564	0.321373	
-0.373932	-0.516573	-0.606745	-0.628121	-0.596189	-0.526913	-0.439427	-0.342139	-0.259328	-0.210919	-0.199203	-0.205289	-0.209086	-0.198239	-0.154642	-0.0848988	-0.00914014	0.0587085	0.11704	0.168288	0.205668	0.228527	0.226859	0.193526	0.154387	
-0.317071	-0.48079	-0.5921	-0.638227	-0.624888	-0.566904	-0.480871	-0.380486	-0.281559	-0.199203	-0.154516	-0.125097	-0.0909747	-0.0458463	0.0225309	0.107278	0.198391	0.271213	0.302992	0.301329	0.280779	0.242837	0.17791	0.0930007	0.00617172	
-0.238154	-0.417283	-0.550605	-0.62796	-0.641028	-0.600275	-0.525723	-0.428972	-0.31199	-0.205289	-0.125097	-0.0535439	0.0106986	0.0861449	0.179694	0.282495	0.387509	0.453927	0.456733	0.412334	0.338652	0.241357	0.126074	0.00583902	-0.122468	
-0.149398	-0.33838	-0.493182	-0.599824	-0.636808	-0.614277	-0.553483	-0.455825	-0.33256	-0.209086	-0.0909747	0.0106986	0.101744	0.208076	0.317742	0.421973	0.514428	0.563046	0.547929	0.47432	0.364711	0.232614	0.0843025	-0.0693215	-0.238587	
-0.0534545	-0.242694	-0.413053	-0.542073	-0.602027	-0.60518	-0.557413	-0.465456	-0.344099	-0.198239	-0.0458463	0.0861449	0.208076	0.329273	0.428704	0.50636	0.56747	0.593295	0.560917	0.472645	0.350478	0.200223	0.031812	-0.142051	-0.336544	
0.0398862	-0.147017	-0.328624	-0.470628	-0.555178	-0.578578	-0.537008	-0.450171	-0.322193	-0.154642	0.0225309	0.179694	0.317742	0.428704	0.499964	0.545396	0.56742	0.555714	0.504865	0.412335	0.281914	0.123475	-0.0466572	-0.226672	-0.424735	
0.116098	-0.0714942	-0.252765	-0.401623	-0.50352	-0.533992	-0.495569	-0.406674	-0.266514	-0.0848988	0.107278	0.282495	0.421973	0.50636	0.545396	0.549566	0.513578	0.460619	0.399602	0.304733	0.168888	0.00906698	-0.161495	-0.338033	-0.507827	
0.193354	0.00707382	-0.17226	-0.331089	-0.445147	-0.485375	-0.453186	-0.356381	-0.201676	-0.00914014	0.198391	0.387509	0.514428	0.56747	0.56742	0.513578	0.423211	0.34146	0.264109	0.158113	0.0170603	-0.141197	-0.300448	-0.451688	-0.578315	
0.286469	0.104622	-0.0762187	-0.241345	-0.366437	-0.421268	-0.397744	-0.295779	-0.13649	0.0587085	0.271213	0.453927	0.563046	0.593295	0.555714	0.460619	0.34146	0.224779	0.105582	-0.0245693	-0.165619	-0.304602	-0.434476	-0.552553	-0.639649	
0.386955	0.212808	0.0402871	-0.121998	-0.250296	-0.316446	-0.303399	-0.209175	-0.063172	0.11704	0.302992	0.456733	0.547929	0.560917	0.504865	0.399602	0.264109	0.105582	-0.0585756	-0.205646	-0.336562	-0.456356	-0.562588	-0.643874	-0.688915	
0.478539	0.321616	0.166214	0.0168849	-0.101072	-0.171316	-0.167572	-0.0936525	0.0266917	0.168288	0.301329	0.412334	0.47432	0.472645	0.412335	0.304733	0.158113	-0.0245693	-0.205646	-0.351556	-0.473871	-0.582357	-0.664315	-0.709388	-0.725173	
0.563282	0.432984	0.296318	0.171022	0.0684278	0.00098952	-0.00762864	0.036454	0.119226	0.205668	0.280779	0.338652	0.364711	0.350478	0.281914	0.168888	0.0170603	-0.165619	-0.336562	-0.473871	-0.581389	-0.661208	-0.713459	-0.737329	-0.735988	
0.647322	0.543301	0.430286	0.331896	0.246361	0.187833	0.161851	0.170869	0.202341	0.228527	0.242837	0.241357	0.232614	0.200223	0.123475	0.00906698	-0.141197	-0.304602	-0.456356	-0.582357	-0.661208	-0.702168	-0.722914	-0.719763	-0.694659	
0.72738	0.654082	0.573682	0.500551	0.437371	0.384998	0.336525	0.299627	0.265196	0.226859	0.17791	0.126074	0.0843025	0.031812	-0.0466572	-0.161495	-0.300448	-0.434476	-0.562588	-0.664315	-0.713459	-0.722914	-0.703928	-0.663887	-0.616449	
0.812845	0.784185	0.7399	0.691033	0.643922	0.583002	0.501677	0.403292	0.296564	0.193526	0.0930007	0.00583902	-0.0693215	-0.142051	-0.226672	-0.338033	-0.451688	-0.552553	-0.643874	-0.709388	-0.737329	-0.719763	-0.663887	-0.598248	-0.531461	
0.892101	0.916133	0.91012	0.887476	0.847358	0.772987	0.655442	0.495882	0.321373	0.154387	0.00617172	-0.122468	-0.238587	-0.336544	-0.424735	-0.507827	-0.578315	-0.639649	-0.688915	-0.725173	-0.735988	-0.694659	-0.616449	-0.531461	-0.448005	
0.946973	1.02516	1.06346	1.06839	1.03356	0.947859	0.797771	0.589781	0.355348	0.126254	-0.0764905	-0.257792	-0.417466	-0.541714	-0.62304	-0.663516	-0.685624	-0.702382	-0.711281	-0.714743	-0.69717	-0.64344	-0.563464	-0.471416	-0.390497	
0.998683	1.12915	1.20952	1.23255	1.19307	1.0848	0.901581	0.656579	0.3776	0.101808	-0.148665	-0.373529	-0.566816	-0.713352	-0.793361	-0.811274	-0.798356	-0.77048	-0.728393	-0.673275	-0.614201	-0.56158	-0.503255	-0.433726	-0.374527	
1.05174	1.22897	1.34295	1.3749	1.32026	1.1807	0.966468	0.694616	0.388778	0.0801998	-0.209767	-0.467574	-0.682669	-0.840703	-0.924379	-0.937768	-0.90165	-0.832705	-0.736644	-0.624387	-0.53073	-0.475007	-0.43671	-0.401589	-0.372534	
1.08355	1.29859	1.44047	1.48159	1.41459	1.25166	1.01602	0.727738	0.405089	0.0667776	-0.261937	-0.550734	-0.779279	-0.935672	-1.01621	-1.02446	-0.967738	-0.86286	-0.730687	-0.595611	-0.485175	-0.412032	-0.374001	-0.362872	-0.3646	
1.09503	1.33255	1.49244	1.54071	1.46804	1.29362	1.04748	0.752538	0.420829	0.0623677	-0.293836	-0.605274	-0.840737	-0.992808	-1.06948	-1.07272	-1.00032	-0.869572	-0.719909	-0.583154	-0.46631	-0.377619	-0.335677	-0.337828	-0.358515	
1.0963	1.33748	1.50053	1.54983	1.47672	1.30046	1.05283	0.757578	0.423997	0.0622238	-0.298871	-0.615219	-0.851454	-1.00258	-1.07909	-1.08082	-1.00507	-0.870388	-0.718556	-0.581225	-0.462306	-0.371276	-0.329621	-0.334109	-0.357629	
1.08974	1.31575	1.46672	1.51082	1.44133	1.27254	1.03114	0.739928	0.412033	0.064007	-0.277182	-0.577578	-0.809273	-0.963358	-1.04291	-1.04817	-0.983333	-0.867394	-0.727305	-0.589736	-0.474777	-0.394279	-0.354857	-0.349943	-0.361259	
1.06807	1.26164	1.38774	1.42321	1.36226	1.21218	0.987306	0.707434	0.394336	0.0730216	-0.231928	-0.50186	-0.723762	-0.88229	-0.965813	-0.978018	-0.933261	-0.848676	-0.735245	-0.610241	-0.508431	-0.446182	-0.409382	-0.385767	-0.369919	
1.02096	1.17103	1.26523	1.2931	1.24762	1.12719	0.931399	0.673428	0.382738	0.0926843	-0.1747	-0.412453	-0.616399	-0.769706	-0.850409	-0.865408	-0.842586	-0.797851	-0.733353	-0.652673	-0.5779	-0.525273	-0.47685	-0.422221	-0.374362	
0.966372	1.06646	1.12204	1.13587	1.10143	1.00771	0.845387	0.621022	0.36605	0.116929	-0.107035	-0.307555	-0.481905	-0.616507	-0.695826	-0.723622	-0.729351	-0.728137	-0.719246	-0.701673	-0.667166	-0.613258	-0.540592	-0.454294	-0.380242	
0.916567	0.962225	0.973982	0.961843	0.924854	0.845786	0.714227	0.534435	0.333841	0.141661	-0.0271856	-0.176957	-0.310355	-0.419016	-0.50564	-0.57199	-0.62314	-0.666081	-0.6987	-0.724269	-0.725963	-0.678305	-0.596424	-0.504845	-0.419595	
0.84726	0.838537	0.809408	0.770517	0.726296	0.660513	0.563764	0.44019	0.305977	0.176873	0.0581441	-0.044177	-0.134936	-0.216981	-0.304024	-0.406982	-0.506069	-0.592548	-0.665635	-0.718051	-0.740324	-0.712602	-0.64534	-0.571203	-0.496624	
0.760549	0.703787	0.637397	0.574702	0.518984	0.464892	0.404773	0.344106	0.281137	0.216722	0.145232	0.0780435	0.0232073	-0.0369669	-0.117548	-0.232078	-0.361945	-0.483572	-0.598971	-0.686504	-0.726354	-0.724796	-0.689603	-0.63796	-0.582805	
0.679368	0.586632	0.485797	0.397453	0.320975	0.265703	0.231519	0.224289	0.230619	0.231391	0.2202	0.196517	0.174413	0.134552	0.0567233	-0.0587836	-0.205963	-0.3574	-0.500418	-0.618885	-0.685298	-0.712969	-0.71895	-0.700805	-0.665757	
0.597856	0.477731	0.349703	0.23505	0.138119	0.0742216	0.0587667	0.0896832	0.154512	0.216786	0.268176	0.302467	0.31385	0.293226	0.221365	0.107637	-0.0450577	-0.222664	-0.38618	-0.519478	-0.616644	-0.680482	-0.72078	-0.736076	-0.726073	
0.512197	0.365876	0.217327	0.0774571	-0.03473	-0.104896	-0.104699	-0.0426513	0.0645178	0.185383	0.294533	0.385695	0.433535	0.426984	0.363911	0.254372	0.106131	-0.0794688	-0.259937	-0.402924	-0.52078	-0.61986	-0.689533	-0.725194	-0.734562	
0.424595	0.256322	0.0901527	-0.0688052	-0.193418	-0.262758	-0.253073	-0.165265	-0.0289792	0.138633	0.304887	0.442931	0.524297	0.531468	0.47373	0.366623	0.225365	0.0550438	-0.119824	-0.268289	-0.395178	-0.511056	-0.608687	-0.674284	-0.705105	
0.327706	0.147623	-0.0309875	-0.196762	-0.325057	-0.384886	-0.366038	-0.264993	-0.108851	0.083007	0.28901	0.462485	0.56521	0.587432	0.54007	0.438835	0.31178	0.177523	0.0388822	-0.0999026	-0.237237	-0.366996	-0.486662	-0.590995	-0.661054	
0.22842	0.0439702	-0.13661	-0.298274	-0.417205	-0.463183	-0.433711	-0.334145	-0.176035	0.0191961	0.231191	0.420732	0.541246	0.583966	0.566585	0.492319	0.388489	0.294873	0.203268	0.0880674	-0.0546654	-0.207307	-0.354944	-0.492383	-0.603511	
0.145224	-0.0421474	-0.221869	-0.37504	-0.481206	-0.514705	-0.4784	-0.385994	-0.240557	-0.054633	0.143757	0.325405	0.46133	0.533227	0.558001	0.539638	0.478966	0.413763	0.348685	0.250917	0.113195	-0.0475749	-0.216646	-0.384773	-0.53693	
0.0727924	-0.114861	-0.29714	-0.44215	-0.535494	-0.56197	-0.522285	-0.435671	-0.30293	-0.129251	0.0551524	0.220368	0.360801	0.461832	0.519742	0.551603	0.552726	0.5231	0.467298	0.374037	0.241397	0.0827847	-0.0879387	-0.269504	-0.459781	
-0.0147626	-0.202397	-0.37886	-0.513698	-0.58384	-0.596923	-0.552011	-0.463297	-0.340634	-0.185382	-0.0213282	0.122139	0.252667	0.373057	0.461951	0.525781	0.572992	0.585992	0.545772	0.455125	0.329576	0.174706	0.00434347	-0.173083	-0.372778	
-0.111907	-0.302307	-0.463468	-0.580646	-0.626016	-0.612871	-0.557893	-0.461245	-0.338901	-0.207231	-0.0746287	0.0388888	0.142059	0.256245	0.365975	0.463265	0.543825	0.583961	0.562546	0.481122	0.364777	0.224131	0.0651847	-0.0982724	-0.279207	
-0.202972	-0.387243	-0.529919	-0.618974	-0.642997	-0.608521	-0.539614	-0.443068	-0.32151	-0.207972	-0.112012	-0.0275421	0.0472863	0.135697	0.236327	0.343435	0.447812	0.507187	0.502062	0.444664	0.353158	0.238995	0.108772	-0.0255674	-0.17048	
-0.28793	-0.457525	-0.578019	-0.63603	-0.632468	-0.581825	-0.499296	-0.401016	-0.294569	-0.201274	-0.142486	-0.0955238	-0.0490477	0.00990281	0.0895683	0.180772	0.278899	0.350323	0.369272	0.349564	0.306898	0.243706	0.156836	0.0563768	-0.0474586	
