-0.0805155	-0.0327841	0.0254902	0.0807683	0.127141	0.172872	0.206259	0.216807	0.210517	0.205659	0.222625	0.246008	0.274819	0.309058	0.353209	0.398388	0.445693	0.498165	0.552144	0.603655	0.642441	0.659101	0.651466	0.620382	0.55588	
-0.0327841	0.0221488	0.0888972	0.145969	0.189485	0.225503	0.242176	0.230481	0.201417	0.170435	0.16758	0.177078	0.197565	0.228337	0.269526	0.309984	0.340372	0.373296	0.407741	0.441993	0.468086	0.479077	0.47629	0.456014	0.412423	
0.0254902	0.0888972	0.145964	0.197654	0.239623	0.273989	0.286188	0.263031	0.213514	0.166429	0.151752	0.153078	0.169771	0.196733	0.2363	0.26762	0.285067	0.296562	0.304382	0.309296	0.308007	0.302829	0.291761	0.275987	0.247918	
0.0807683	0.145969	0.197654	0.244835	0.285237	0.318269	0.327845	0.299801	0.243762	0.19388	0.171305	0.168783	0.186364	0.215936	0.251924	0.278255	0.28073	0.264514	0.237319	0.203145	0.164788	0.131466	0.108378	0.0886536	0.0714725	
0.127141	0.189485	0.239623	0.285237	0.328128	0.359175	0.364229	0.334371	0.28732	0.244234	0.215741	0.215487	0.238619	0.275866	0.310972	0.332281	0.315255	0.263952	0.199551	0.126536	0.0514603	-0.015401	-0.0610838	-0.0938419	-0.108082	
0.172872	0.225503	0.273989	0.318269	0.359175	0.38049	0.390644	0.37539	0.340594	0.303144	0.278653	0.28464	0.314527	0.358733	0.393097	0.397622	0.356074	0.276608	0.181297	0.0762743	-0.0356738	-0.136265	-0.209259	-0.259246	-0.27988	
0.206259	0.242176	0.286188	0.327845	0.364229	0.390644	0.408455	0.41218	0.399137	0.377894	0.35938	0.361751	0.394199	0.435381	0.460055	0.447699	0.390597	0.290037	0.166158	0.0360518	-0.102994	-0.231261	-0.331818	-0.402451	-0.437955	
0.216807	0.230481	0.263031	0.299801	0.334371	0.37539	0.41218	0.447066	0.461868	0.460329	0.449068	0.445302	0.46509	0.494279	0.505062	0.476391	0.40217	0.285079	0.145234	-0.00477455	-0.162032	-0.313526	-0.437488	-0.524319	-0.57242	
0.210517	0.201417	0.213514	0.243762	0.28732	0.340594	0.399137	0.461868	0.512274	0.532231	0.534283	0.531585	0.535809	0.544328	0.527121	0.476016	0.383291	0.256238	0.105873	-0.0584758	-0.227933	-0.394045	-0.530647	-0.625729	-0.677519	
0.205659	0.170435	0.166429	0.19388	0.244234	0.303144	0.377894	0.460329	0.532231	0.582295	0.603888	0.604559	0.590688	0.569053	0.521673	0.440934	0.329436	0.188932	0.0360814	-0.131548	-0.300359	-0.464669	-0.60339	-0.69984	-0.753978	
0.222625	0.16758	0.151752	0.171305	0.215741	0.278653	0.35938	0.449068	0.534283	0.603888	0.639682	0.640142	0.612353	0.559123	0.476577	0.363231	0.221566	0.0724271	-0.075083	-0.229949	-0.387122	-0.538598	-0.662057	-0.74973	-0.790527	
0.246008	0.177078	0.153078	0.168783	0.215487	0.28464	0.361751	0.445302	0.531585	0.604559	0.640142	0.637007	0.591963	0.508647	0.385551	0.234911	0.0695397	-0.0790391	-0.209638	-0.34686	-0.486082	-0.613623	-0.706247	-0.765795	-0.790349	
0.274819	0.197565	0.169771	0.186364	0.238619	0.314527	0.394199	0.46509	0.535809	0.590688	0.612353	0.591963	0.527401	0.417237	0.258529	0.0769482	-0.0980638	-0.239217	-0.354802	-0.469065	-0.579362	-0.670286	-0.728701	-0.758767	-0.769273	
0.309058	0.228337	0.196733	0.215936	0.275866	0.358733	0.435381	0.494279	0.544328	0.569053	0.559123	0.508647	0.417237	0.278341	0.102032	-0.0915599	-0.264789	-0.400869	-0.497152	-0.571899	-0.642022	-0.698263	-0.729459	-0.731446	-0.721884	
0.353209	0.269526	0.2363	0.251924	0.310972	0.393097	0.460055	0.505062	0.527121	0.521673	0.476577	0.385551	0.258529	0.102032	-0.0825559	-0.281836	-0.449083	-0.560452	-0.619448	-0.653397	-0.685616	-0.711299	-0.705832	-0.676171	-0.646376	
0.398388	0.309984	0.26762	0.278255	0.332281	0.397622	0.447699	0.476391	0.476016	0.440934	0.363231	0.234911	0.0769482	-0.0915599	-0.281836	-0.477438	-0.631538	-0.710067	-0.73205	-0.727815	-0.7189	-0.703068	-0.660128	-0.60694	-0.563352	
0.445693	0.340372	0.285067	0.28073	0.315255	0.356074	0.390597	0.40217	0.383291	0.329436	0.221566	0.0695397	-0.0980638	-0.264789	-0.449083	-0.631538	-0.763057	-0.818343	-0.818306	-0.784137	-0.731079	-0.669644	-0.603348	-0.539251	-0.484058	
0.498165	0.373296	0.296562	0.264514	0.263952	0.276608	0.290037	0.285079	0.256238	0.188932	0.0724271	-0.0790391	-0.239217	-0.400869	-0.560452	-0.710067	-0.818343	-0.867455	-0.859107	-0.803849	-0.724927	-0.637348	-0.555354	-0.47445	-0.41054	
0.552144	0.407741	0.304382	0.237319	0.199551	0.181297	0.166158	0.145234	0.105873	0.0360814	-0.075083	-0.209638	-0.354802	-0.497152	-0.619448	-0.73205	-0.818306	-0.859107	-0.843482	-0.781602	-0.701489	-0.606632	-0.507914	-0.418481	-0.354664	
0.603655	0.441993	0.309296	0.203145	0.126536	0.0762743	0.0360518	-0.00477455	-0.0584758	-0.131548	-0.229949	-0.34686	-0.469065	-0.571899	-0.653397	-0.727815	-0.784137	-0.803849	-0.781602	-0.72469	-0.647614	-0.552077	-0.452567	-0.37495	-0.321918	
0.642441	0.468086	0.308007	0.164788	0.0514603	-0.0356738	-0.102994	-0.162032	-0.227933	-0.300359	-0.387122	-0.486082	-0.579362	-0.642022	-0.685616	-0.7189	-0.731079	-0.724927	-0.701489	-0.647614	-0.571858	-0.484028	-0.400353	-0.336428	-0.293796	
0.659101	0.479077	0.302829	0.131466	-0.015401	-0.136265	-0.231261	-0.313526	-0.394045	-0.464669	-0.538598	-0.613623	-0.670286	-0.698263	-0.711299	-0.703068	-0.669644	-0.637348	-0.606632	-0.552077	-0.484028	-0.416624	-0.351907	-0.296818	-0.267005	
0.651466	0.47629	0.291761	0.108378	-0.0610838	-0.209259	-0.331818	-0.437488	-0.530647	-0.60339	-0.662057	-0.706247	-0.728701	-0.729459	-0.705832	-0.660128	-0.603348	-0.555354	-0.507914	-0.452567	-0.400353	-0.351907	-0.306302	-0.267289	-0.255298	
0.620382	0.456014	0.275987	0.0886536	-0.0938419	-0.259246	-0.402451	-0.524319	-0.625729	-0.69984	-0.74973	-0.765795	-0.758767	-0.731446	-0.676171	-0.60694	-0.539251	-0.47445	-0.418481	-0.37495	-0.336428	-0.296818	-0.267289	-0.254646	-0.255619	
0.55588	0.412423	0.247918	0.0714725	-0.108082	-0.27988	-0.437955	-0.57242	-0.677519	-0.753978	-0.790527	-0.790349	-0.769273	-0.721884	-0.646376	-0.563352	-0.484058	-0.41054	-0.354664	-0.321918	-0.293796	-0.267005	-0.255298	-0.255619	-0.264384	
0.466544	0.349263	0.209984	0.0545145	-0.108851	-0.279225	-0.444506	-0.583781	-0.694367	-0.771466	-0.806089	-0.801528	-0.767719	-0.707709	-0.628305	-0.53567	-0.44076	-0.363393	-0.313866	-0.282423	-0.263485	-0.255845	-0.258745	-0.271213	-0.286813	
0.390745	0.300577	0.182395	0.0446331	-0.111762	-0.280902	-0.445647	-0.588187	-0.698022	-0.772496	-0.806448	-0.802507	-0.760568	-0.694545	-0.611808	-0.508409	-0.407856	-0.338786	-0.2961	-0.268912	-0.256487	-0.260881	-0.27661	-0.300415	-0.322766	
0.338365	0.271847	0.172121	0.0451577	-0.113113	-0.287603	-0.455681	-0.599295	-0.702931	-0.768738	-0.796637	-0.783314	-0.734314	-0.671066	-0.586349	-0.478885	-0.38328	-0.322793	-0.292352	-0.278734	-0.271195	-0.278072	-0.304593	-0.334517	-0.351164	
0.305573	0.258392	0.175193	0.0510761	-0.114895	-0.298131	-0.471339	-0.61395	-0.711306	-0.766787	-0.777496	-0.747267	-0.693541	-0.631413	-0.547638	-0.445524	-0.361103	-0.311057	-0.295319	-0.296817	-0.292373	-0.299028	-0.330157	-0.362795	-0.371391	
0.29669	0.261626	0.182646	0.0525003	-0.122669	-0.314695	-0.49238	-0.630585	-0.720068	-0.767666	-0.760075	-0.718015	-0.662235	-0.596388	-0.510269	-0.414948	-0.342781	-0.309145	-0.306278	-0.314693	-0.313445	-0.316902	-0.344534	-0.380504	-0.390928	
0.295626	0.26152	0.184428	0.0516827	-0.126059	-0.320658	-0.498483	-0.632791	-0.721899	-0.767859	-0.7589	-0.713481	-0.655241	-0.588339	-0.503404	-0.409573	-0.339283	-0.307549	-0.308108	-0.317598	-0.31731	-0.320386	-0.344859	-0.383225	-0.394924	
0.299905	0.258707	0.178224	0.0527027	-0.117172	-0.303556	-0.479096	-0.621828	-0.715337	-0.767213	-0.768095	-0.732424	-0.679076	-0.615823	-0.530434	-0.431281	-0.35297	-0.310487	-0.299359	-0.304405	-0.302213	-0.308218	-0.338406	-0.37115	-0.380177	
0.322238	0.263853	0.172001	0.047192	-0.113565	-0.291476	-0.461289	-0.603904	-0.705128	-0.767215	-0.790179	-0.770099	-0.718443	-0.65637	-0.57227	-0.466194	-0.374192	-0.316181	-0.292364	-0.285709	-0.278742	-0.285215	-0.315106	-0.347218	-0.359603	
0.367709	0.287554	0.176573	0.0436448	-0.112415	-0.283178	-0.448747	-0.592361	-0.700343	-0.771257	-0.803851	-0.797892	-0.753108	-0.687278	-0.603411	-0.497183	-0.397636	-0.331908	-0.293819	-0.271531	-0.260899	-0.26687	-0.287329	-0.314324	-0.335516	
0.432875	0.327161	0.196619	0.0490539	-0.109402	-0.27839	-0.44386	-0.585601	-0.696479	-0.772995	-0.80771	-0.803791	-0.76569	-0.702425	-0.622648	-0.525422	-0.426382	-0.35172	-0.30408	-0.272763	-0.257549	-0.256477	-0.264394	-0.280783	-0.300373	
0.520942	0.387711	0.23325	0.0645208	-0.109158	-0.281438	-0.443313	-0.57944	-0.687299	-0.763769	-0.799045	-0.795758	-0.76946	-0.715923	-0.637692	-0.550749	-0.465362	-0.389077	-0.335269	-0.304085	-0.279861	-0.260548	-0.254386	-0.260329	-0.271715	
0.599461	0.442382	0.26665	0.0812734	-0.10205	-0.27057	-0.420856	-0.549634	-0.651534	-0.727438	-0.770201	-0.778296	-0.765225	-0.728883	-0.662976	-0.586845	-0.515838	-0.44669	-0.389763	-0.352247	-0.318179	-0.281478	-0.259444	-0.253917	-0.25869	
0.641767	0.469606	0.286099	0.10023	-0.0754876	-0.232568	-0.364291	-0.47571	-0.573376	-0.646805	-0.70305	-0.734425	-0.742863	-0.732405	-0.695767	-0.639465	-0.577617	-0.521446	-0.469462	-0.417551	-0.371549	-0.327706	-0.288324	-0.260152	-0.253857	
0.659555	0.480408	0.299511	0.121001	-0.0359383	-0.167967	-0.274351	-0.368102	-0.45422	-0.524482	-0.591083	-0.655129	-0.698509	-0.714574	-0.713237	-0.688643	-0.643219	-0.604416	-0.56754	-0.511467	-0.449083	-0.390731	-0.334204	-0.282973	-0.260278	
0.651406	0.474044	0.305991	0.150241	0.022465	-0.0791847	-0.157531	-0.224546	-0.295949	-0.367307	-0.450411	-0.540484	-0.619157	-0.66692	-0.698388	-0.7151	-0.706889	-0.689233	-0.664321	-0.611542	-0.537453	-0.455904	-0.379711	-0.319963	-0.282529	
0.621545	0.454409	0.309594	0.187802	0.0964723	0.032711	-0.0180143	-0.0672698	-0.126435	-0.199584	-0.292203	-0.402279	-0.514097	-0.600542	-0.665873	-0.723828	-0.764833	-0.774673	-0.751012	-0.696468	-0.620163	-0.525998	-0.431146	-0.360015	-0.311183	
0.573085	0.421107	0.30679	0.224102	0.171031	0.140146	0.114616	0.0859615	0.0418956	-0.0298725	-0.136126	-0.263887	-0.399744	-0.528107	-0.635	-0.731631	-0.807427	-0.840945	-0.822651	-0.761477	-0.683124	-0.587341	-0.485937	-0.39943	-0.339129	
0.520486	0.38773	0.300197	0.254761	0.239823	0.239558	0.241387	0.230993	0.197582	0.129258	0.0137485	-0.13176	-0.287391	-0.443619	-0.588892	-0.724197	-0.823718	-0.870446	-0.859756	-0.800359	-0.71938	-0.626886	-0.536948	-0.450599	-0.385262	
0.465909	0.35244	0.290193	0.275402	0.297229	0.328254	0.355211	0.35982	0.336224	0.275435	0.16183	0.00755404	-0.158965	-0.324199	-0.500929	-0.67204	-0.793996	-0.845401	-0.840613	-0.797025	-0.730159	-0.655218	-0.582923	-0.512491	-0.453612	
0.416352	0.323048	0.275478	0.282817	0.330579	0.386477	0.429851	0.452021	0.443981	0.400391	0.308449	0.168511	0.0043181	-0.165066	-0.354428	-0.546845	-0.692435	-0.760014	-0.770862	-0.753667	-0.726165	-0.691433	-0.637667	-0.579356	-0.530975	
0.371939	0.286735	0.251279	0.264519	0.32186	0.399254	0.461043	0.499013	0.510558	0.492829	0.435666	0.328249	0.187111	0.0247603	-0.163043	-0.361807	-0.524795	-0.622357	-0.665845	-0.684691	-0.70126	-0.711584	-0.689932	-0.648832	-0.612753	
0.325162	0.243451	0.21091	0.230275	0.291311	0.374959	0.448254	0.502511	0.542227	0.55455	0.529481	0.463244	0.358742	0.211886	0.0317521	-0.165017	-0.336454	-0.465059	-0.547777	-0.605412	-0.66057	-0.705011	-0.722711	-0.712283	-0.693866	
0.288024	0.209269	0.179648	0.197004	0.25213	0.331547	0.41118	0.477131	0.539398	0.582999	0.594427	0.563799	0.488995	0.367102	0.199827	0.0115222	-0.163939	-0.304795	-0.413854	-0.513426	-0.608086	-0.684549	-0.731863	-0.751015	-0.754733	
0.256853	0.183087	0.157753	0.17364	0.222463	0.29456	0.371145	0.450086	0.531934	0.600108	0.632038	0.623676	0.571565	0.477141	0.337936	0.17324	0.00299984	-0.142304	-0.267125	-0.396441	-0.525375	-0.639284	-0.717635	-0.764865	-0.784173	
0.232068	0.171161	0.151053	0.168202	0.212006	0.277563	0.357212	0.445936	0.533329	0.606247	0.643712	0.644239	0.60949	0.543593	0.445835	0.317466	0.164234	0.0139385	-0.127014	-0.274797	-0.42622	-0.569948	-0.682417	-0.760238	-0.793494	
