-0.083971	-0.304105	-0.488509	-0.607828	-0.662718	-0.671899	-0.636265	-0.544873	-0.384394	-0.174114	0.0527046	0.256548	0.420927	0.542368	0.604681	0.608052	0.549834	0.456353	0.367211	0.307925	0.294351	0.314457	0.347427	0.384505	0.441623	
-0.0768202	-0.297478	-0.481985	-0.600053	-0.655578	-0.664915	-0.628842	-0.537728	-0.377927	-0.167393	0.0595678	0.26714	0.439156	0.56866	0.642865	0.650788	0.592326	0.50121	0.409133	0.350196	0.335213	0.351748	0.390764	0.44631	0.534646	
-0.0474474	-0.264111	-0.437036	-0.553548	-0.609895	-0.616072	-0.583515	-0.491098	-0.338954	-0.136773	0.0828932	0.284225	0.464036	0.602134	0.689918	0.709812	0.656844	0.569393	0.476589	0.411618	0.38216	0.38637	0.42332	0.493177	0.607151	
0.00581761	-0.19625	-0.358996	-0.47265	-0.528216	-0.534306	-0.502545	-0.411058	-0.266383	-0.0784203	0.130391	0.325109	0.505455	0.654999	0.751008	0.781276	0.736483	0.650145	0.559646	0.47999	0.432634	0.418931	0.447972	0.529016	0.661196	
0.0833906	-0.0964682	-0.249212	-0.353866	-0.408264	-0.417042	-0.381524	-0.297515	-0.162048	0.00881048	0.198623	0.386438	0.562162	0.718387	0.822746	0.859012	0.824731	0.743301	0.646778	0.555153	0.487475	0.449777	0.471767	0.553353	0.690041	
0.182411	0.0294664	-0.102619	-0.192569	-0.242687	-0.252321	-0.21694	-0.144293	-0.0272745	0.119615	0.281347	0.452186	0.619978	0.770365	0.881405	0.928224	0.901999	0.834787	0.737417	0.630581	0.543076	0.484055	0.487609	0.555812	0.685714	
0.289128	0.169225	0.0712539	0.00173256	-0.0374609	-0.0442541	-0.017521	0.0402628	0.127149	0.239278	0.369025	0.511935	0.664098	0.806282	0.91685	0.973756	0.96491	0.906993	0.811122	0.690965	0.576053	0.496868	0.47378	0.52251	0.639171	
0.390563	0.304542	0.242644	0.197737	0.171999	0.169089	0.184237	0.222771	0.277556	0.352791	0.451845	0.567074	0.700953	0.831879	0.93553	0.99801	0.998787	0.941211	0.84014	0.704736	0.565411	0.464737	0.425658	0.450598	0.544671	
0.465873	0.41061	0.380294	0.359247	0.348587	0.349292	0.35249	0.370937	0.39705	0.439229	0.512131	0.60651	0.719197	0.835754	0.932499	0.989014	0.992916	0.935056	0.818158	0.668906	0.516033	0.395246	0.342856	0.353491	0.427249	
0.496424	0.465913	0.46143	0.466137	0.468884	0.470427	0.467382	0.463083	0.461887	0.481497	0.525191	0.600188	0.693446	0.785821	0.874125	0.926145	0.931758	0.878327	0.759272	0.608189	0.451523	0.32359	0.259688	0.257324	0.311963	
0.44482	0.445843	0.468604	0.504219	0.526618	0.528235	0.515907	0.482876	0.451686	0.442903	0.460386	0.519852	0.594218	0.674329	0.755796	0.808718	0.821903	0.775993	0.672629	0.531116	0.38709	0.267739	0.194629	0.179963	0.217163	
0.3165	0.33787	0.38589	0.445712	0.483722	0.48907	0.465328	0.410129	0.354907	0.32094	0.324041	0.368317	0.431165	0.508622	0.584462	0.647992	0.676858	0.646802	0.567158	0.450424	0.326487	0.219006	0.152856	0.137618	0.166736	
0.115467	0.142641	0.207235	0.278314	0.327962	0.337574	0.301862	0.236347	0.165942	0.120287	0.122524	0.163401	0.230221	0.308789	0.389263	0.464832	0.50663	0.503604	0.456202	0.375114	0.283112	0.199358	0.143758	0.132998	0.161713	
-0.146286	-0.119773	-0.0492769	0.0291379	0.0867879	0.0976464	0.0558412	-0.0168375	-0.0954152	-0.14238	-0.135034	-0.0833244	-0.00414711	0.0869831	0.18125	0.266562	0.332404	0.359632	0.351834	0.320587	0.26589	0.215282	0.177225	0.175701	0.212423	
-0.428102	-0.406728	-0.341281	-0.258943	-0.201309	-0.192912	-0.230511	-0.307513	-0.385632	-0.424672	-0.414913	-0.348629	-0.254444	-0.152089	-0.0419419	0.0574289	0.147559	0.209879	0.248697	0.269473	0.258835	0.246816	0.244052	0.263511	0.311779	
-0.699429	-0.682342	-0.614522	-0.536634	-0.478263	-0.467041	-0.509292	-0.582666	-0.65927	-0.699672	-0.680864	-0.606822	-0.50412	-0.390314	-0.276528	-0.170953	-0.0604422	0.0394753	0.130125	0.208813	0.255038	0.288091	0.320938	0.37215	0.442752	
-0.924228	-0.90376	-0.837257	-0.759207	-0.704111	-0.694241	-0.732616	-0.805325	-0.881063	-0.922677	-0.908259	-0.835244	-0.731613	-0.6196	-0.509873	-0.403011	-0.281257	-0.149432	-0.0119164	0.118787	0.224025	0.309757	0.391604	0.484706	0.582692	
-1.08349	-1.05292	-0.98672	-0.908959	-0.857588	-0.850437	-0.882969	-0.954565	-1.03016	-1.07661	-1.0748	-1.01236	-0.918816	-0.822177	-0.727109	-0.627753	-0.504887	-0.346119	-0.166836	0.00973215	0.170143	0.307696	0.437124	0.567448	0.693286	
-1.16946	-1.13034	-1.05774	-0.988271	-0.941843	-0.932585	-0.966009	-1.02864	-1.10267	-1.1607	-1.16669	-1.12687	-1.05409	-0.975319	-0.909907	-0.823814	-0.701419	-0.527724	-0.315809	-0.101461	0.101575	0.280915	0.446284	0.608911	0.759245	
-1.18951	-1.14108	-1.07237	-1.00914	-0.970258	-0.963588	-0.989871	-1.04525	-1.11423	-1.17564	-1.19479	-1.17208	-1.11866	-1.06291	-1.01947	-0.951359	-0.841506	-0.667081	-0.447317	-0.219501	0.00904786	0.21756	0.410775	0.596584	0.761762	
-1.13734	-1.09244	-1.0354	-0.98954	-0.963327	-0.958478	-0.976436	-1.0148	-1.06934	-1.12344	-1.14741	-1.14104	-1.10979	-1.08419	-1.06867	-1.02627	-0.936223	-0.771376	-0.558041	-0.327769	-0.0921691	0.131511	0.341086	0.536995	0.717889	
-1.03313	-0.99162	-0.945797	-0.917349	-0.903469	-0.900435	-0.910604	-0.932175	-0.972276	-1.01892	-1.0488	-1.06188	-1.05894	-1.06323	-1.07831	-1.06496	-0.996176	-0.857134	-0.66203	-0.438374	-0.203071	0.0329264	0.25673	0.463601	0.647001	
-0.89083	-0.843213	-0.807017	-0.788497	-0.7836	-0.782894	-0.785379	-0.797142	-0.826701	-0.871582	-0.91853	-0.957666	-0.995155	-1.03955	-1.08444	-1.10373	-1.05941	-0.943533	-0.769187	-0.552801	-0.312891	-0.0655896	0.171212	0.384804	0.564772	
-0.727314	-0.671434	-0.637409	-0.626562	-0.628678	-0.628616	-0.62689	-0.630664	-0.654763	-0.702317	-0.771675	-0.849953	-0.934983	-1.02741	-1.10665	-1.15187	-1.13123	-1.03388	-0.874676	-0.66346	-0.417011	-0.156873	0.0955072	0.314852	0.493204	
-0.583236	-0.516598	-0.485025	-0.477726	-0.482605	-0.484564	-0.479114	-0.479582	-0.500816	-0.551305	-0.64163	-0.753492	-0.882037	-1.01055	-1.1154	-1.18193	-1.17714	-1.1039	-0.961022	-0.753261	-0.501831	-0.228012	0.0378456	0.264147	0.430857	
-0.470149	-0.407764	-0.39065	-0.396268	-0.4094	-0.411981	-0.401527	-0.391165	-0.396335	-0.438775	-0.533446	-0.666057	-0.826119	-0.980277	-1.10046	-1.17685	-1.18536	-1.12615	-0.996911	-0.796109	-0.539685	-0.258343	0.0161232	0.244281	0.402227	
-0.407764	-0.362636	-0.366119	-0.390764	-0.413464	-0.417745	-0.401409	-0.375273	-0.359739	-0.382203	-0.466163	-0.605249	-0.775053	-0.937447	-1.05837	-1.12823	-1.14254	-1.09202	-0.972164	-0.77928	-0.52105	-0.234204	0.0443754	0.26966	0.413423	
-0.39065	-0.366119	-0.39427	-0.437329	-0.468879	-0.475853	-0.452157	-0.411167	-0.373631	-0.372295	-0.439139	-0.571996	-0.740646	-0.895895	-1.00602	-1.0641	-1.06941	-1.02376	-0.906859	-0.711216	-0.454801	-0.164665	0.111461	0.326304	0.44719	
-0.396268	-0.390764	-0.437329	-0.496826	-0.536731	-0.543409	-0.51637	-0.462186	-0.40466	-0.385969	-0.43545	-0.561946	-0.725856	-0.872141	-0.967757	-1.00617	-1.00267	-0.948146	-0.828234	-0.634082	-0.374241	-0.0841343	0.187039	0.390535	0.493961	
-0.4094	-0.413464	-0.468879	-0.536731	-0.578854	-0.586573	-0.557945	-0.496956	-0.431742	-0.40258	-0.442635	-0.565543	-0.723555	-0.861956	-0.947064	-0.971673	-0.95852	-0.898857	-0.774176	-0.57666	-0.316437	-0.0259253	0.239889	0.434405	0.523238	
-0.411981	-0.417745	-0.475853	-0.543409	-0.586573	-0.594948	-0.564484	-0.503697	-0.437135	-0.405468	-0.445195	-0.566428	-0.723602	-0.859883	-0.942575	-0.966272	-0.949308	-0.89115	-0.766199	-0.564968	-0.306785	-0.0156878	0.250175	0.441482	0.52594	
-0.401527	-0.401409	-0.452157	-0.51637	-0.557945	-0.564484	-0.537201	-0.479191	-0.416996	-0.393433	-0.437852	-0.56257	-0.724032	-0.867104	-0.957357	-0.988885	-0.981651	-0.923378	-0.801434	-0.607299	-0.346542	-0.056456	0.211951	0.412029	0.509416	
-0.391165	-0.375273	-0.411167	-0.462186	-0.496956	-0.503697	-0.479191	-0.43142	-0.385656	-0.376583	-0.435032	-0.565953	-0.73227	-0.883704	-0.988772	-1.03874	-1.04092	-0.99285	-0.874509	-0.679614	-0.421812	-0.131353	0.142191	0.35285	0.466	
-0.396335	-0.359739	-0.373631	-0.40466	-0.431742	-0.437135	-0.416996	-0.385656	-0.36093	-0.373572	-0.451808	-0.588672	-0.759195	-0.919459	-1.03659	-1.10309	-1.11397	-1.06768	-0.950268	-0.755965	-0.499496	-0.210624	0.0683443	0.289877	0.424025	
-0.438775	-0.382203	-0.372295	-0.385969	-0.40258	-0.405468	-0.393433	-0.376583	-0.373572	-0.409255	-0.500822	-0.637763	-0.804402	-0.964762	-1.08686	-1.16224	-1.17503	-1.11844	-0.9929	-0.796709	-0.538435	-0.254727	0.0208125	0.24948	0.404019	
-0.533446	-0.466163	-0.439139	-0.43545	-0.442635	-0.445195	-0.437852	-0.435032	-0.451808	-0.500822	-0.594779	-0.717261	-0.860154	-0.999457	-1.11265	-1.1844	-1.18526	-1.12055	-0.983527	-0.777609	-0.524177	-0.246408	0.0241373	0.251434	0.413643	
-0.666057	-0.605249	-0.571996	-0.561946	-0.565543	-0.566428	-0.56257	-0.565953	-0.588672	-0.637763	-0.717261	-0.809358	-0.913824	-1.02254	-1.1129	-1.16803	-1.1539	-1.0659	-0.912934	-0.702952	-0.454633	-0.188865	0.0690284	0.291547	0.466638	
-0.826119	-0.775053	-0.740646	-0.725856	-0.723555	-0.723602	-0.724032	-0.73227	-0.759195	-0.804402	-0.860154	-0.913824	-0.969971	-1.03398	-1.09219	-1.12278	-1.08899	-0.98026	-0.812341	-0.598426	-0.355366	-0.10301	0.139353	0.355052	0.535057	
-0.980277	-0.937447	-0.895895	-0.872141	-0.861956	-0.859883	-0.867104	-0.883704	-0.919459	-0.964762	-0.999457	-1.02254	-1.03398	-1.05205	-1.07933	-1.07838	-1.01885	-0.890747	-0.704967	-0.483894	-0.247579	-0.00744209	0.222502	0.432114	0.61372	
-1.10046	-1.05837	-1.00602	-0.967757	-0.947064	-0.942575	-0.957357	-0.988772	-1.03659	-1.08686	-1.11265	-1.1129	-1.09219	-1.07933	-1.07564	-1.04467	-0.963559	-0.806717	-0.599046	-0.370954	-0.13494	0.0936506	0.307946	0.507968	0.692334	
-1.17685	-1.12823	-1.0641	-1.00617	-0.971673	-0.966272	-0.988885	-1.03874	-1.10309	-1.16224	-1.1844	-1.16803	-1.12278	-1.07838	-1.04467	-0.986142	-0.883661	-0.711961	-0.494754	-0.264592	-0.0310935	0.184473	0.386375	0.577198	0.7481	
-1.18536	-1.14254	-1.06941	-1.00267	-0.95852	-0.949308	-0.981651	-1.04092	-1.11397	-1.17503	-1.18526	-1.1539	-1.08899	-1.01885	-0.963559	-0.883661	-0.764952	-0.588965	-0.371072	-0.148115	0.0671789	0.25968	0.437481	0.609891	0.767705	
-1.12615	-1.09202	-1.02376	-0.948146	-0.898857	-0.89115	-0.923378	-0.99285	-1.06768	-1.11844	-1.12055	-1.0659	-0.98026	-0.890747	-0.806717	-0.711961	-0.588965	-0.422691	-0.22779	-0.0348264	0.144944	0.301039	0.445981	0.590146	0.726316	
-0.996911	-0.972164	-0.906859	-0.828234	-0.774176	-0.766199	-0.801434	-0.874509	-0.950268	-0.9929	-0.983527	-0.912934	-0.812341	-0.704967	-0.599046	-0.494754	-0.371072	-0.22779	-0.0735827	0.0761123	0.204393	0.311253	0.413491	0.522915	0.631761	
-0.796109	-0.77928	-0.711216	-0.634082	-0.57666	-0.564968	-0.607299	-0.679614	-0.755965	-0.796709	-0.777609	-0.702952	-0.598426	-0.483894	-0.370954	-0.264592	-0.148115	-0.0348264	0.0761123	0.177598	0.246506	0.30095	0.351754	0.4181	0.499625	
-0.539685	-0.52105	-0.454801	-0.374241	-0.316437	-0.306785	-0.346542	-0.421812	-0.499496	-0.538435	-0.524177	-0.454633	-0.355366	-0.247579	-0.13494	-0.0310935	0.0671789	0.144944	0.204393	0.246506	0.258096	0.262784	0.273538	0.306222	0.361938	
-0.258343	-0.234204	-0.164665	-0.0841343	-0.0259253	-0.0156878	-0.056456	-0.131353	-0.210624	-0.254727	-0.246408	-0.188865	-0.10301	-0.00744209	0.0936506	0.184473	0.25968	0.301039	0.311253	0.30095	0.262784	0.226725	0.201776	0.206627	0.246786	
0.0161232	0.0443754	0.111461	0.187039	0.239889	0.250175	0.211951	0.142191	0.0683443	0.0208125	0.0241373	0.0690284	0.139353	0.222502	0.307946	0.386375	0.437481	0.445981	0.413491	0.351754	0.273538	0.201776	0.15201	0.144266	0.175416	
0.244281	0.26966	0.326304	0.390535	0.434405	0.441482	0.412029	0.35285	0.289877	0.24948	0.251434	0.291547	0.355052	0.432114	0.507968	0.577198	0.609891	0.590146	0.522915	0.4181	0.306222	0.206627	0.144266	0.130585	0.159168	
0.402227	0.413423	0.44719	0.493961	0.523238	0.52594	0.509416	0.466	0.424025	0.404019	0.413643	0.466638	0.535057	0.61372	0.692334	0.7481	0.767705	0.726316	0.631761	0.499625	0.361938	0.246786	0.175416	0.159168	0.191213	
