0.000152588	0.000206937	0.000259987	0.000303558	0.000330111	0.000334753	0.000316611	0.000279074	0.000228839	0.00017408	0.000122391	7.91636e-05	4.68552e-05	2.52315e-05	1.22902e-05	5.38617e-06	2.11435e-06	7.41088e-07	2.31518e-07	6.44398e-08	1.59931e-08	3.54573e-09	7.03996e-10	1.25555e-10	2.01806e-11	
0.000763987	0.00101076	0.00124603	0.00143593	0.0015504	0.00157031	0.00149228	0.00132949	0.00110841	0.000862298	0.000623565	0.000417139	0.000256685	0.000144388	7.37666e-05	3.40166e-05	1.40824e-05	5.21209e-06	1.72004e-06	5.05553e-07	1.32376e-07	3.09232e-08	6.45928e-09	1.20994e-09	2.03911e-10	
0.00336084	0.00433236	0.00523546	0.005951	0.00637722	0.00645096	0.00616115	0.00555112	0.00470939	0.00375098	0.00279382	0.00193623	0.00124119	0.000731032	0.000392783	0.000191168	8.37391e-05	3.28412e-05	1.14893e-05	3.57847e-06	9.91883e-07	2.44911e-07	5.39781e-08	1.06484e-08	1.88629e-09	
0.0128669	0.0161386	0.019098	0.0213961	0.0227477	0.0229802	0.0220638	0.0201161	0.0173821	0.0141922	0.0109047	0.00784431	0.00525022	0.00324631	0.00184	0.000948429	0.000441249	0.000184104	6.85575e-05	2.27182e-05	6.69159e-06	1.75275e-06	4.08969e-07	8.52255e-08	1.59128e-08	
0.042416	0.0516878	0.0598292	0.0660144	0.0696019	0.0702156	0.0677908	0.0625823	0.0551332	0.0462078	0.036689	0.0274517	0.0192316	0.0125203	0.00751166	0.00411656	0.00204289	0.000910968	0.000362786	0.0001285	4.04001e-05	1.12726e-05	2.79524e-06	6.17483e-07	1.21904e-07	
0.119009	0.140685	0.159109	0.172776	0.180584	0.181911	0.176652	0.165224	0.148544	0.127968	0.105183	0.0820395	0.0603186	0.0414784	0.0264398	0.0154721	0.00823003	0.00394294	0.00168843	0.000642704	0.000216802	6.47524e-05	1.71393e-05	4.02957e-06	8.44155e-07	
0.2809	0.321726	0.355212	0.379415	0.393016	0.395311	0.386185	0.366103	0.336135	0.297972	0.25393	0.206883	0.160052	0.116627	0.0792968	0.0497812	0.0285367	0.0147765	0.00684655	0.00281843	0.00102626	0.000329946	9.37022e-05	2.35544e-05	5.25752e-06	
0.552533	0.612895	0.660546	0.694036	0.712526	0.715622	0.703262	0.675703	0.633588	0.578096	0.511125	0.435517	0.355201	0.275011	0.200168	0.135437	0.0841444	0.0474017	0.0239348	0.0107333	0.00424861	0.00148009	0.000453688	0.000122587	2.92912e-05	
0.904077	0.972788	1.02495	1.06056	1.07986	1.08307	1.07021	1.04116	0.995646	0.933548	0.855106	0.761284	0.654425	0.538807	0.420703	0.307897	0.208401	0.128581	0.071306	0.0351228	0.0152378	0.00579634	0.00193112	0.00056434	0.00014513	
1.24919	1.3101	1.35459	1.38408	1.39979	1.40238	1.39196	1.3681	1.32977	1.2756	1.20422	1.1143	1.00486	0.876603	0.732815	0.580231	0.429042	0.291494	0.17889	0.0976496	0.0468634	0.0196385	0.00716896	0.00228207	0.000635561	
1.51495	1.55913	1.58963	1.60903	1.61907	1.6207	1.61415	1.59864	1.57281	1.53437	1.48084	1.41013	1.31958	1.20652	1.06949	0.909519	0.732023	0.548064	0.374102	0.228167	0.122312	0.0570256	0.02302	0.00804749	0.00244436	
1.68622	1.70776	1.7196	1.72561	1.72796	1.72822	1.72692	1.72259	1.71344	1.69623	1.66648	1.62036	1.55539	1.46833	1.3565	1.21752	1.05055	0.858265	0.649869	0.444645	0.26847	0.140666	0.0634242	0.0245719	0.00820435	
1.7405	1.72821	1.71368	1.70043	1.69189	1.6904	1.69609	1.70787	1.72241	1.73617	1.74378	1.73665	1.70931	1.65694	1.57596	1.46488	1.3231	1.15125	0.949928	0.723946	0.493507	0.292878	0.148934	0.0645562	0.0238963	
1.63664	1.58646	1.54202	1.50684	1.48676	1.48372	1.49648	1.52625	1.56763	1.61619	1.66767	1.71393	1.74373	1.74906	1.72056	1.65284	1.54356	1.39552	1.21574	1.00586	0.765217	0.514601	0.297122	0.14534	0.0601476	
1.39238	1.30488	1.22905	1.17412	1.14343	1.13821	1.15899	1.20437	1.27244	1.35674	1.44872	1.54519	1.6334	1.7044	1.74644	1.74826	1.70077	1.59697	1.44073	1.24936	1.02831	0.772173	0.505518	0.280464	0.130664	
1.02839	0.901278	0.797794	0.726356	0.685524	0.677568	0.706867	0.765683	0.856876	0.975388	1.11301	1.26021	1.40777	1.5417	1.65195	1.72526	1.75209	1.72344	1.62548	1.45957	1.25495	1.01887	0.744658	0.467285	0.24583	
0.563381	0.409447	0.289148	0.202504	0.155614	0.14794	0.179264	0.25072	0.357921	0.497448	0.669916	0.8626	1.06948	1.27197	1.45755	1.60776	1.70831	1.74864	1.7299	1.62989	1.45133	1.23281	0.976743	0.683415	0.404486	
0.061411	-0.109739	-0.24136	-0.33199	-0.380305	-0.38747	-0.35558	-0.282141	-0.168078	-0.0113132	0.179459	0.402926	0.649925	0.906952	1.16063	1.38984	1.57978	1.70222	1.74765	1.72691	1.61066	1.41642	1.18113	0.899509	0.591784	
-0.444853	-0.615444	-0.738774	-0.820232	-0.866241	-0.874132	-0.843154	-0.77768	-0.670246	-0.518587	-0.321829	-0.0803773	0.194716	0.495803	0.801583	1.09847	1.35657	1.57512	1.70503	1.7507	1.71181	1.56717	1.3551	1.09543	0.786433	
-0.888813	-1.03942	-1.14409	-1.20964	-1.24114	-1.2464	-1.22906	-1.17511	-1.08433	-0.955737	-0.776462	-0.546384	-0.267721	0.0565854	0.400775	0.758881	1.08832	1.3717	1.59494	1.71753	1.75175	1.67527	1.499	1.26375	0.970452	
-1.24197	-1.34875	-1.41537	-1.44658	-1.46149	-1.46565	-1.45455	-1.42901	-1.38118	-1.29148	-1.14761	-0.949726	-0.683377	-0.366753	0.000961034	0.383301	0.776804	1.12923	1.42817	1.6328	1.7385	1.73587	1.61059	1.40376	1.1336	
-1.4577	-1.50617	-1.51753	-1.51776	-1.50891	-1.50501	-1.51329	-1.51987	-1.51537	-1.48122	-1.40278	-1.25925	-1.03853	-0.745578	-0.382601	0.0244269	0.449779	0.857381	1.22309	1.50691	1.68297	1.75169	1.68751	1.51611	1.27214	
-1.53534	-1.51334	-1.46286	-1.41146	-1.38457	-1.37979	-1.39663	-1.44111	-1.49486	-1.531	-1.52692	-1.45384	-1.29916	-1.05164	-0.718255	-0.318049	0.129296	0.581314	0.99922	1.3519	1.59645	1.73128	1.73085	1.60146	1.3857	
-1.4753	-1.37819	-1.27351	-1.19856	-1.15546	-1.1458	-1.17581	-1.24055	-1.33563	-1.43887	-1.51877	-1.5364	-1.46301	-1.28287	-0.995062	-0.610427	-0.164892	0.312188	0.771903	1.18223	1.4902	1.68528	1.74578	1.66172	1.47551	
-1.32121	-1.16114	-1.02201	-0.929257	-0.899104	-0.89615	-0.910848	-0.978258	-1.09933	-1.25657	-1.4133	-1.51624	-1.53273	-1.42827	-1.20089	-0.856077	-0.422763	0.0681231	0.557528	1.01172	1.37423	1.62341	1.73977	1.70072	1.54389	
-1.11352	-0.928352	-0.804664	-0.746593	-0.728202	-0.72515	-0.735227	-0.774629	-0.870389	-1.03424	-1.24131	-1.42259	-1.5269	-1.5052	-1.34646	-1.04341	-0.633099	-0.14346	0.362901	0.851964	1.26003	1.55458	1.72007	1.72341	1.59415	
-0.928352	-0.746396	-0.680841	-0.674052	-0.675065	-0.675611	-0.675271	-0.676175	-0.705835	-0.845043	-1.06631	-1.29597	-1.47499	-1.52512	-1.43231	-1.17662	-0.799066	-0.314995	0.201691	0.713075	1.15655	1.48665	1.69273	1.73439	1.62996	
-0.804664	-0.680841	-0.674193	-0.698762	-0.67169	-0.659607	-0.69269	-0.68881	-0.665193	-0.742261	-0.926826	-1.17333	-1.40224	-1.51139	-1.47935	-1.26828	-0.918067	-0.444853	0.0748247	0.599386	1.07284	1.43003	1.66439	1.73701	1.65413	
-0.746593	-0.674052	-0.698762	-0.731073	-0.661982	-0.635758	-0.712164	-0.719659	-0.67345	-0.707493	-0.839926	-1.09063	-1.33767	-1.49232	-1.49815	-1.32313	-0.991383	-0.536776	-0.0113241	0.52031	1.00928	1.38774	1.64238	1.73599	1.66882	
-0.728202	-0.675065	-0.67169	-0.661982	-0.617095	-0.602807	-0.647739	-0.670828	-0.670817	-0.698287	-0.813469	-1.05121	-1.30042	-1.47679	-1.50207	-1.34862	-1.03228	-0.584664	-0.060105	0.476244	0.974094	1.36334	1.62917	1.73452	1.67619	
-0.72515	-0.675611	-0.659607	-0.635758	-0.602807	-0.594073	-0.623449	-0.650429	-0.66847	-0.695692	-0.811786	-1.04421	-1.29355	-1.47343	-1.50314	-1.35465	-1.04029	-0.59135	-0.0686373	0.469819	0.969023	1.35868	1.62653	1.73428	1.67744	
-0.735227	-0.675271	-0.69269	-0.712164	-0.647739	-0.623449	-0.69319	-0.708841	-0.673896	-0.701615	-0.823341	-1.06932	-1.31767	-1.48379	-1.49987	-1.33864	-1.01288	-0.560734	-0.0339071	0.498522	0.990788	1.37555	1.63617	1.7354	1.67253	
-0.774629	-0.676175	-0.68881	-0.719659	-0.670828	-0.650429	-0.708841	-0.708407	-0.667241	-0.723923	-0.883878	-1.13706	-1.37404	-1.50514	-1.48828	-1.2932	-0.953466	-0.487358	0.036272	0.564024	1.0445	1.41112	1.65465	1.73683	1.66103	
-0.870389	-0.705835	-0.665193	-0.67345	-0.670817	-0.66847	-0.673896	-0.667241	-0.676589	-0.792049	-1.00512	-1.2436	-1.44816	-1.52206	-1.45802	-1.21652	-0.8516	-0.372425	0.146191	0.664393	1.12112	1.46235	1.68088	1.73619	1.64098	
-1.03424	-0.845043	-0.742261	-0.707493	-0.698287	-0.695692	-0.701615	-0.723923	-0.792049	-0.951104	-1.16924	-1.3732	-1.51008	-1.51745	-1.38553	-1.10449	-0.704515	-0.217101	0.294017	0.794378	1.21691	1.52633	1.70964	1.72916	1.61013	
-1.24131	-1.06631	-0.926826	-0.839926	-0.813469	-0.811786	-0.823341	-0.883878	-1.00512	-1.16924	-1.34956	-1.48665	-1.53876	-1.46817	-1.26592	-0.935772	-0.513202	-0.0216371	0.476081	0.94578	1.32817	1.5965	1.73321	1.71152	1.56602	
-1.42259	-1.29597	-1.17333	-1.09063	-1.05121	-1.04421	-1.06932	-1.13706	-1.2436	-1.3732	-1.48665	-1.5375	-1.50147	-1.34962	-1.08686	-0.71678	-0.271498	0.210893	0.683405	1.11393	1.44482	1.6619	1.74543	1.67968	1.50535	
-1.5269	-1.47499	-1.40224	-1.33767	-1.30042	-1.29355	-1.31767	-1.37404	-1.44816	-1.51008	-1.53876	-1.50147	-1.37657	-1.15474	-0.834875	-0.439765	0.00630258	0.471909	0.907572	1.28468	1.5561	1.71567	1.73989	1.62843	1.42443	
-1.5052	-1.52512	-1.51139	-1.49232	-1.47679	-1.47343	-1.48379	-1.50514	-1.52206	-1.51745	-1.46817	-1.34962	-1.15474	-0.877189	-0.525233	-0.117589	0.32178	0.74652	1.13385	1.44803	1.65204	1.74735	1.70863	1.55347	1.3206	
-1.34646	-1.43231	-1.47935	-1.49815	-1.50207	-1.50314	-1.49987	-1.48828	-1.45802	-1.38553	-1.26592	-1.08686	-0.834875	-0.525233	-0.154436	0.238987	0.64474	1.02292	1.34993	1.58647	1.72085	1.74739	1.64564	1.45203	1.1921	
-1.04341	-1.17662	-1.26828	-1.32313	-1.34862	-1.35465	-1.33864	-1.2932	-1.21652	-1.10449	-0.935772	-0.71678	-0.439765	-0.117589	0.238987	0.608091	0.969894	1.27906	1.53246	1.68949	1.75288	1.70539	1.54767	1.32312	1.03862	
-0.633099	-0.799066	-0.918067	-0.991383	-1.03228	-1.04029	-1.01288	-0.953466	-0.8516	-0.704515	-0.513202	-0.271498	0.00630258	0.32178	0.64474	0.969894	1.25349	1.49954	1.66953	1.74423	1.73477	1.61608	1.41638	1.16621	0.86218	
-0.14346	-0.314995	-0.444853	-0.536776	-0.584664	-0.59135	-0.560734	-0.487358	-0.372425	-0.217101	-0.0216371	0.210893	0.471909	0.74652	1.02292	1.27906	1.49954	1.66312	1.73717	1.7435	1.65921	1.48149	1.25421	0.981004	0.670081	
0.362901	0.201691	0.0748247	-0.0113241	-0.060105	-0.0686373	-0.0339071	0.036272	0.146191	0.294017	0.476081	0.683405	0.907572	1.13385	1.34993	1.53246	1.66953	1.73717	1.74448	1.67921	1.52144	1.30953	1.06211	0.771519	0.477288	
0.851964	0.713075	0.599386	0.52031	0.476244	0.469819	0.498522	0.564024	0.664393	0.794378	0.94578	1.11393	1.28468	1.44803	1.58647	1.68949	1.74423	1.7435	1.67921	1.53508	1.33658	1.10822	0.840291	0.552206	0.30466	
1.26003	1.15655	1.07284	1.00928	0.974094	0.969023	0.990788	1.0445	1.12112	1.21691	1.32817	1.44482	1.5561	1.65204	1.72085	1.75288	1.73477	1.65921	1.52144	1.33658	1.12307	0.874505	0.600155	0.349967	0.170972	
1.55458	1.48665	1.43003	1.38774	1.36334	1.35868	1.37555	1.41112	1.46235	1.52633	1.5965	1.6619	1.71567	1.74735	1.74739	1.70539	1.61608	1.48149	1.30953	1.10822	0.874505	0.616582	0.374529	0.192408	0.0833017	
1.72007	1.69273	1.66439	1.64238	1.62917	1.62653	1.63617	1.65465	1.68088	1.70964	1.73321	1.74543	1.73989	1.70863	1.64564	1.54767	1.41638	1.25421	1.06211	0.840291	0.600155	0.374529	0.200069	0.0907911	0.0350423	
1.72341	1.73439	1.73701	1.73599	1.73452	1.73428	1.7354	1.73683	1.73619	1.72916	1.71152	1.67968	1.62843	1.55347	1.45203	1.32312	1.16621	0.981004	0.771519	0.552206	0.349967	0.192408	0.0907911	0.0366813	0.0127262	
1.59415	1.62996	1.65413	1.66882	1.67619	1.67744	1.67253	1.66103	1.64098	1.61013	1.56602	1.50535	1.42443	1.3206	1.1921	1.03862	0.86218	0.670081	0.477288	0.30466	0.170972	0.0833017	0.0350423	0.0127262	0.00400364	
