1.12243	1.30131	1.44635	1.55729	1.61773	1.62557	1.58919	1.49471	1.36437	1.19662	1.00671	0.808802	0.614441	0.444893	0.310055	0.207336	0.129042	0.0629786	0.00295024	-0.0423825	-0.0898025	-0.141867	-0.213472	-0.28833	-0.355982	
1.25107	1.42753	1.56674	1.66694	1.71981	1.72701	1.6942	1.6117	1.48784	1.32543	1.13478	0.933318	0.727798	0.542061	0.387136	0.259147	0.148778	0.045509	-0.0442989	-0.113013	-0.176105	-0.241474	-0.311854	-0.381752	-0.443815	
1.33482	1.497	1.62438	1.7112	1.75635	1.76336	1.73416	1.66439	1.55168	1.40381	1.22471	1.03527	0.831234	0.6369	0.461709	0.304697	0.158215	0.0219008	-0.0859335	-0.166726	-0.234129	-0.300728	-0.359336	-0.412022	-0.459281	
1.37341	1.51763	1.63097	1.70849	1.7486	1.75483	1.72927	1.66673	1.5664	1.43478	1.27476	1.09923	0.909241	0.717409	0.528702	0.349817	0.172802	0.0125258	-0.107664	-0.188793	-0.255078	-0.309575	-0.3577	-0.391021	-0.419834	
1.37717	1.50482	1.60556	1.67726	1.71911	1.72588	1.69796	1.63825	1.5483	1.43064	1.29221	1.13205	0.957313	0.775663	0.586391	0.389374	0.193961	0.0187587	-0.110122	-0.189514	-0.239695	-0.278625	-0.31591	-0.332567	-0.342053	
1.35934	1.46229	1.54098	1.60059	1.63413	1.63919	1.61754	1.56697	1.49655	1.40336	1.2854	1.13905	0.976346	0.803983	0.620691	0.420627	0.219886	0.0413848	-0.0883045	-0.16017	-0.189387	-0.205797	-0.224311	-0.227648	-0.216082	
1.30587	1.37915	1.42818	1.46417	1.48441	1.48835	1.47401	1.44413	1.40146	1.33795	1.24941	1.12448	0.97366	0.80804	0.632228	0.436759	0.241278	0.0730186	-0.042448	-0.0967671	-0.105109	-0.0956549	-0.0896303	-0.0748295	-0.0480962	
1.22662	1.26586	1.28439	1.29494	1.30007	1.30043	1.29791	1.28888	1.27509	1.24528	1.18732	1.08676	0.949493	0.788761	0.618342	0.438965	0.258671	0.109777	0.0174046	-0.0149166	-0.00621431	0.0207411	0.0592281	0.0987569	0.130584	
1.11879	1.12824	1.12092	1.11286	1.10829	1.10869	1.11055	1.11712	1.12628	1.12588	1.09628	1.02031	0.897983	0.745765	0.588546	0.430179	0.277361	0.15254	0.0819378	0.0681274	0.0889777	0.127627	0.193853	0.258014	0.290271	
0.9736	0.957648	0.932694	0.913109	0.905377	0.905155	0.908247	0.923958	0.947265	0.97071	0.965311	0.912697	0.812364	0.682993	0.544272	0.411353	0.285038	0.186586	0.135296	0.135201	0.17018	0.227085	0.304716	0.376288	0.406883	
0.783	0.747702	0.710478	0.680593	0.666843	0.665264	0.672747	0.69739	0.732272	0.77188	0.787555	0.759883	0.689378	0.592794	0.477943	0.364975	0.26507	0.195085	0.165151	0.179291	0.225579	0.29666	0.378572	0.442796	0.462326	
0.546309	0.502082	0.45381	0.412434	0.386683	0.38155	0.400255	0.435297	0.482987	0.529983	0.562507	0.558867	0.522691	0.458215	0.374071	0.286644	0.213425	0.173436	0.16388	0.184979	0.23247	0.306725	0.388361	0.451196	0.465823	
0.276028	0.226018	0.176568	0.127823	0.0959989	0.0907673	0.112364	0.156206	0.206221	0.256337	0.300596	0.3226	0.312958	0.278022	0.221592	0.162197	0.120394	0.103873	0.113851	0.147678	0.198512	0.264975	0.341686	0.40384	0.419929	
0.00620924	-0.0439047	-0.0940128	-0.143927	-0.178077	-0.184232	-0.160399	-0.114745	-0.0637111	-0.0142338	0.032944	0.0612556	0.0639221	0.0443005	0.0129937	-0.0134103	-0.0216308	-0.0106574	0.0212349	0.0746331	0.141344	0.205531	0.269591	0.326667	0.341677	
-0.244288	-0.284133	-0.32237	-0.36301	-0.393179	-0.39877	-0.377209	-0.339099	-0.29841	-0.259797	-0.225705	-0.205979	-0.202769	-0.212116	-0.22377	-0.224899	-0.207591	-0.163679	-0.101933	-0.0215963	0.0694269	0.143255	0.202691	0.24897	0.261776	
-0.456442	-0.467574	-0.478872	-0.504144	-0.524093	-0.527664	-0.514481	-0.487602	-0.470951	-0.461208	-0.450554	-0.449554	-0.452523	-0.452461	-0.45306	-0.44492	-0.41203	-0.342105	-0.249126	-0.141646	-0.0260189	0.0687594	0.142567	0.191745	0.202274	
-0.589875	-0.570528	-0.552371	-0.556715	-0.567703	-0.568837	-0.562039	-0.551274	-0.5621	-0.582006	-0.604601	-0.628968	-0.645142	-0.655608	-0.660136	-0.647298	-0.606796	-0.519309	-0.398166	-0.263649	-0.124247	-0.00143632	0.0947737	0.157041	0.171548	
-0.632401	-0.58046	-0.537073	-0.517948	-0.511105	-0.509882	-0.513938	-0.526924	-0.56114	-0.6115	-0.665746	-0.722242	-0.766414	-0.802848	-0.821893	-0.807109	-0.761074	-0.666178	-0.534484	-0.375061	-0.205712	-0.0529726	0.0665963	0.147649	0.177	
-0.584348	-0.501736	-0.430828	-0.384191	-0.353091	-0.347105	-0.369797	-0.40986	-0.471023	-0.550633	-0.637353	-0.730252	-0.813102	-0.8788	-0.916076	-0.907706	-0.861457	-0.775049	-0.64409	-0.466237	-0.269556	-0.0837564	0.064646	0.16632	0.221073	
-0.446838	-0.333899	-0.237581	-0.161924	-0.115776	-0.107421	-0.139549	-0.204393	-0.292857	-0.39908	-0.524214	-0.657829	-0.782686	-0.885943	-0.946821	-0.954301	-0.919049	-0.840557	-0.705205	-0.519193	-0.307553	-0.0964169	0.0834167	0.214873	0.299095	
-0.244369	-0.096134	0.0276216	0.12371	0.180195	0.189305	0.151982	0.0692918	-0.0429849	-0.182448	-0.34253	-0.513665	-0.681016	-0.822048	-0.91615	-0.954806	-0.940178	-0.866832	-0.729979	-0.537179	-0.31753	-0.0868027	0.124447	0.287826	0.399763	
-5.17475e-05	0.175853	0.32352	0.435894	0.502904	0.513966	0.469516	0.37288	0.238204	0.0736487	-0.118135	-0.319276	-0.522257	-0.696145	-0.828503	-0.90411	-0.913152	-0.856065	-0.72828	-0.539618	-0.314264	-0.0678327	0.173916	0.364474	0.505336	
0.260448	0.451355	0.606503	0.729813	0.804613	0.818108	0.76677	0.66032	0.516848	0.341015	0.130816	-0.0956141	-0.321968	-0.525877	-0.689898	-0.801726	-0.844541	-0.814823	-0.710696	-0.539035	-0.308884	-0.0464974	0.208819	0.425969	0.597218	
0.509893	0.697017	0.850695	0.971836	1.0483	1.0623	1.00876	0.903426	0.762103	0.589548	0.379838	0.14695	-0.0938682	-0.319093	-0.514856	-0.666474	-0.752312	-0.760477	-0.688454	-0.533907	-0.306165	-0.0419087	0.222931	0.461949	0.66619	
0.736072	0.912591	1.05352	1.15545	1.21651	1.22622	1.18529	1.09935	0.973488	0.810406	0.615546	0.386206	0.139545	-0.104654	-0.330388	-0.51797	-0.64516	-0.693506	-0.656153	-0.52578	-0.314388	-0.0596076	0.206967	0.46757	0.700829	
0.927119	1.08621	1.20919	1.28983	1.32887	1.33626	1.3094	1.24757	1.14005	0.994766	0.817089	0.603717	0.363491	0.102988	-0.149364	-0.373014	-0.538411	-0.624045	-0.61793	-0.521019	-0.335695	-0.0966362	0.16591	0.441222	0.692649	
1.08621	1.22388	1.31736	1.37107	1.3942	1.39716	1.38339	1.34328	1.26627	1.14534	0.987554	0.787022	0.553848	0.287363	0.0105299	-0.245718	-0.444568	-0.559813	-0.585415	-0.51961	-0.365603	-0.144841	0.115195	0.393935	0.653695	
1.20919	1.31736	1.375	1.39911	1.40754	1.40858	1.40376	1.38756	1.3456	1.25858	1.12175	0.936976	0.709123	0.440107	0.145714	-0.138332	-0.363263	-0.505724	-0.557252	-0.518456	-0.394375	-0.192745	0.0654028	0.344562	0.611634	
1.28983	1.37107	1.39911	1.40169	1.39098	1.38824	1.39761	1.40241	1.38685	1.32946	1.21496	1.05178	0.833795	0.557505	0.248664	-0.0542415	-0.304289	-0.476587	-0.552057	-0.53591	-0.429609	-0.239595	0.0149513	0.299147	0.577132	
1.32887	1.3942	1.40754	1.39098	1.36333	1.35694	1.37955	1.40368	1.40501	1.36136	1.26682	1.12448	0.910533	0.628159	0.309071	-0.00394847	-0.26567	-0.459069	-0.557608	-0.552561	-0.456116	-0.273325	-0.0176511	0.269899	0.558641	
1.33626	1.39716	1.40858	1.38824	1.35694	1.34868	1.37554	1.40352	1.40677	1.36735	1.27513	1.13732	0.924474	0.641137	0.318212	0.00520733	-0.258707	-0.456346	-0.558021	-0.555315	-0.46082	-0.279668	-0.0223769	0.264182	0.555772	
1.3094	1.38339	1.40376	1.39761	1.37955	1.37554	1.38996	1.40368	1.39663	1.34576	1.24065	1.08661	0.871419	0.592519	0.279291	-0.0296374	-0.286419	-0.468033	-0.554077	-0.544495	-0.442567	-0.255457	-0.00133671	0.285628	0.567643	
1.24757	1.34328	1.38756	1.40241	1.40368	1.40352	1.40368	1.39625	1.36597	1.2926	1.16455	0.987275	0.763075	0.491626	0.19072	-0.101841	-0.337085	-0.491592	-0.552474	-0.523195	-0.407988	-0.21272	0.0445613	0.324802	0.596058	
1.14005	1.26627	1.3456	1.38685	1.40501	1.40677	1.39663	1.36597	1.30315	1.19511	1.04622	0.851014	0.619401	0.35212	0.0678334	-0.199296	-0.409829	-0.53599	-0.572767	-0.518187	-0.376086	-0.163135	0.0954547	0.374197	0.636626	
0.994766	1.14534	1.25858	1.32946	1.36136	1.36735	1.34576	1.2926	1.19511	1.05881	0.888811	0.681539	0.444096	0.180101	-0.0825124	-0.319615	-0.499624	-0.59804	-0.604939	-0.520718	-0.347523	-0.116004	0.145174	0.423797	0.679281	
0.817089	0.987554	1.12175	1.21496	1.26682	1.27513	1.24065	1.16455	1.04622	0.888811	0.700968	0.47656	0.231328	-0.0197957	-0.256709	-0.458639	-0.601484	-0.665056	-0.640466	-0.522764	-0.32148	-0.0723183	0.193154	0.460623	0.702735	
0.603717	0.787022	0.936976	1.05178	1.12448	1.13732	1.08661	0.987275	0.851014	0.681539	0.47656	0.24428	-8.97356e-05	-0.232426	-0.440945	-0.607887	-0.710933	-0.735057	-0.677034	-0.530895	-0.308176	-0.0464612	0.220046	0.468103	0.684879	
0.363491	0.553848	0.709123	0.833795	0.910533	0.924474	0.871419	0.763075	0.619401	0.444096	0.231328	-8.97356e-05	-0.233245	-0.446591	-0.623478	-0.749986	-0.809951	-0.794345	-0.702515	-0.537928	-0.30717	-0.0420086	0.217302	0.443799	0.628225	
0.102988	0.287363	0.440107	0.557505	0.628159	0.641137	0.592519	0.491626	0.35212	0.180101	-0.0197957	-0.232426	-0.446591	-0.632914	-0.778049	-0.868657	-0.889274	-0.841958	-0.722339	-0.53903	-0.311719	-0.0584951	0.190467	0.392052	0.544468	
-0.149364	0.0105299	0.145714	0.248664	0.309071	0.318212	0.279291	0.19072	0.0678334	-0.0825124	-0.256709	-0.440945	-0.623478	-0.778049	-0.888736	-0.940941	-0.936257	-0.867848	-0.731659	-0.539295	-0.317481	-0.080708	0.144323	0.31883	0.442342	
-0.373014	-0.245718	-0.138332	-0.0542415	-0.00394847	0.00520733	-0.0296374	-0.101841	-0.199296	-0.319615	-0.458639	-0.607887	-0.749986	-0.868657	-0.940941	-0.960004	-0.93244	-0.854299	-0.718006	-0.529236	-0.313901	-0.0945342	0.0972461	0.243246	0.33794	
-0.538411	-0.444568	-0.363263	-0.304289	-0.26567	-0.258707	-0.286419	-0.337085	-0.409829	-0.499624	-0.601484	-0.710933	-0.809951	-0.889274	-0.936257	-0.93244	-0.889234	-0.807342	-0.675245	-0.492748	-0.288818	-0.091532	0.0698472	0.1818	0.248429	
-0.624045	-0.559813	-0.505724	-0.476587	-0.459069	-0.456346	-0.468033	-0.491592	-0.53599	-0.59804	-0.665056	-0.735057	-0.794345	-0.841958	-0.867848	-0.854299	-0.807342	-0.714083	-0.58224	-0.415247	-0.233386	-0.0676538	0.0628059	0.151818	0.190751	
-0.61793	-0.585415	-0.557252	-0.552057	-0.557608	-0.558021	-0.554077	-0.552474	-0.572767	-0.604939	-0.640466	-0.677034	-0.702515	-0.722339	-0.731659	-0.718006	-0.675245	-0.58224	-0.455246	-0.309058	-0.159066	-0.0246233	0.0807352	0.1509	0.168742	
-0.521019	-0.51961	-0.518456	-0.53591	-0.552561	-0.555315	-0.544495	-0.523195	-0.518187	-0.520718	-0.522764	-0.530895	-0.537928	-0.53903	-0.539295	-0.529236	-0.492748	-0.415247	-0.309058	-0.191535	-0.0671411	0.038606	0.121886	0.17496	0.186749	
-0.335695	-0.365603	-0.394375	-0.429609	-0.456116	-0.46082	-0.442567	-0.407988	-0.376086	-0.347523	-0.32148	-0.308176	-0.30717	-0.311719	-0.317481	-0.313901	-0.288818	-0.233386	-0.159066	-0.0671411	0.0344148	0.114707	0.177284	0.2227	0.234433	
-0.0966362	-0.144841	-0.192745	-0.239595	-0.273325	-0.279668	-0.255457	-0.21272	-0.163135	-0.116004	-0.0723183	-0.0464612	-0.0420086	-0.0584951	-0.080708	-0.0945342	-0.091532	-0.0676538	-0.0246233	0.038606	0.114707	0.181788	0.241672	0.294433	0.308725	
0.16591	0.115195	0.0654028	0.0149513	-0.0176511	-0.0223769	-0.00133671	0.0445613	0.0954547	0.145174	0.193154	0.220046	0.217302	0.190467	0.144323	0.0972461	0.0698472	0.0628059	0.0807352	0.121886	0.177284	0.241672	0.313636	0.375417	0.390813	
0.441222	0.393935	0.344562	0.299147	0.269899	0.264182	0.285628	0.324802	0.374197	0.423797	0.460623	0.468103	0.443799	0.392052	0.31883	0.243246	0.1818	0.151818	0.1509	0.17496	0.2227	0.294433	0.375417	0.43796	0.453189	
0.692649	0.653695	0.611634	0.577132	0.558641	0.555772	0.567643	0.596058	0.636626	0.679281	0.702735	0.684879	0.628225	0.544468	0.442342	0.33794	0.248429	0.190751	0.168742	0.186749	0.234433	0.308725	0.390813	0.453189	0.46949	
