0.742375	0.875551	0.994294	1.08142	1.12193	1.12781	1.10284	1.03457	0.925218	0.79645	0.659159	0.508426	0.352152	0.200936	0.0681774	-0.0444356	-0.133036	-0.210577	-0.268039	-0.290948	-0.280778	-0.268939	-0.254147	-0.224861	-0.194277	
0.611354	0.713486	0.794056	0.851673	0.884944	0.890346	0.868019	0.820074	0.748394	0.654114	0.542391	0.416548	0.28136	0.145658	0.0252818	-0.0759132	-0.155022	-0.220818	-0.26383	-0.272406	-0.248435	-0.233664	-0.22322	-0.200458	-0.171688	
0.468406	0.529763	0.568017	0.591907	0.614573	0.617821	0.602345	0.577594	0.548208	0.495416	0.419684	0.328541	0.227864	0.122619	0.0273661	-0.0545095	-0.121387	-0.172875	-0.202976	-0.20633	-0.187146	-0.179804	-0.18041	-0.169458	-0.145899	
0.308088	0.328412	0.32828	0.325628	0.333511	0.335241	0.328322	0.325732	0.330517	0.318567	0.286126	0.240342	0.187711	0.128338	0.0713079	0.0160607	-0.0356141	-0.0748013	-0.0987993	-0.107493	-0.10922	-0.115699	-0.131079	-0.134148	-0.123282	
0.133255	0.114173	0.0876817	0.0668174	0.0602135	0.0596359	0.0628011	0.0775312	0.104161	0.126662	0.141399	0.149879	0.154664	0.150394	0.138924	0.11331	0.0801288	0.0478969	0.0240905	-0.000194313	-0.0272053	-0.0550267	-0.0801842	-0.100087	-0.109056	
-0.040087	-0.0937603	-0.138219	-0.171869	-0.190962	-0.194397	-0.181131	-0.153493	-0.112377	-0.0630383	-0.00158685	0.0631779	0.126451	0.175653	0.208056	0.213097	0.201135	0.17579	0.146312	0.105737	0.0557934	0.00409578	-0.034858	-0.0693317	-0.0995465	
-0.186854	-0.270094	-0.332077	-0.379367	-0.408963	-0.414018	-0.393809	-0.35253	-0.297116	-0.22322	-0.124164	-0.00881694	0.101615	0.194969	0.26176	0.299875	0.313003	0.30158	0.265098	0.211469	0.146024	0.0748579	0.01407	-0.0389615	-0.0846344	
-0.294312	-0.400193	-0.48446	-0.549909	-0.586585	-0.592877	-0.568121	-0.513417	-0.435701	-0.340612	-0.215565	-0.069879	0.072443	0.191296	0.285791	0.353935	0.398078	0.404879	0.368498	0.304771	0.230493	0.149253	0.068597	-0.00283083	-0.0611466	
-0.375482	-0.496171	-0.604724	-0.688232	-0.729039	-0.734393	-0.709851	-0.642309	-0.541133	-0.42609	-0.291896	-0.135794	0.0172371	0.149863	0.263047	0.360214	0.431228	0.459578	0.43232	0.370823	0.297203	0.218735	0.132684	0.0521765	-0.0117331	
-0.435952	-0.562452	-0.686115	-0.779173	-0.818919	-0.822943	-0.801208	-0.729169	-0.613126	-0.486992	-0.354467	-0.2063	-0.056895	0.0780015	0.204231	0.318896	0.407711	0.450979	0.444858	0.401059	0.344028	0.281985	0.207169	0.124733	0.0561018	
-0.476668	-0.598525	-0.718308	-0.804748	-0.838459	-0.841296	-0.823947	-0.759176	-0.648107	-0.524906	-0.401412	-0.268709	-0.133921	-0.00377051	0.12319	0.242309	0.332418	0.387611	0.409477	0.40415	0.375677	0.339987	0.287569	0.209281	0.127405	
-0.508603	-0.613761	-0.709614	-0.774143	-0.799618	-0.801355	-0.788997	-0.740147	-0.654663	-0.550783	-0.442388	-0.32716	-0.211417	-0.0942084	0.0230857	0.133131	0.220618	0.287272	0.345159	0.389522	0.40415	0.394631	0.364748	0.300034	0.210166	
-0.531029	-0.606742	-0.665796	-0.703963	-0.720682	-0.722828	-0.713373	-0.683778	-0.632289	-0.563241	-0.478972	-0.385857	-0.290776	-0.192174	-0.0920979	0.00489248	0.0936544	0.180647	0.270034	0.358438	0.417961	0.440102	0.424021	0.372817	0.293102	
-0.544286	-0.578115	-0.600048	-0.615525	-0.625611	-0.626386	-0.621346	-0.606193	-0.587783	-0.559437	-0.515139	-0.451551	-0.380905	-0.30146	-0.219517	-0.133068	-0.0377602	0.0724357	0.186622	0.294195	0.384365	0.44239	0.44975	0.409442	0.347841	
-0.541683	-0.530673	-0.522045	-0.521987	-0.522656	-0.522062	-0.522535	-0.521357	-0.525988	-0.538311	-0.540167	-0.515602	-0.469342	-0.409448	-0.340128	-0.258644	-0.158208	-0.0340894	0.0940881	0.207397	0.30359	0.388485	0.430854	0.417544	0.377503	
-0.519493	-0.474269	-0.444513	-0.428233	-0.415594	-0.411239	-0.422821	-0.436912	-0.460772	-0.500539	-0.542314	-0.552544	-0.532565	-0.490597	-0.433821	-0.352748	-0.251356	-0.129711	-0.00159613	0.114035	0.210676	0.30083	0.371165	0.398589	0.397182	
-0.485776	-0.427584	-0.382744	-0.346273	-0.316525	-0.30945	-0.332821	-0.367779	-0.408398	-0.461676	-0.519145	-0.554436	-0.55931	-0.540788	-0.499143	-0.425398	-0.327307	-0.217822	-0.10458	0.00642231	0.104357	0.196125	0.27793	0.344265	0.39402	
-0.449841	-0.397397	-0.343163	-0.288497	-0.247459	-0.238958	-0.269881	-0.32071	-0.376165	-0.428483	-0.480993	-0.525064	-0.555996	-0.562022	-0.540291	-0.481805	-0.398756	-0.30422	-0.209941	-0.115333	-0.0205411	0.0780518	0.17701	0.273137	0.366684	
-0.407784	-0.365383	-0.311112	-0.25416	-0.216419	-0.209305	-0.236576	-0.287249	-0.344806	-0.391544	-0.431595	-0.476329	-0.524194	-0.553298	-0.550136	-0.515841	-0.460936	-0.39148	-0.315102	-0.236846	-0.1512	-0.0430283	0.0784917	0.201899	0.317533	
-0.355564	-0.317931	-0.275675	-0.239488	-0.219303	-0.215834	-0.22944	-0.25945	-0.301041	-0.34057	-0.378544	-0.421143	-0.471335	-0.510333	-0.528479	-0.524174	-0.507221	-0.47084	-0.41479	-0.345857	-0.262832	-0.1498	-0.0136773	0.120964	0.24111	
-0.301211	-0.265185	-0.246306	-0.241643	-0.244007	-0.243867	-0.242324	-0.242651	-0.255738	-0.284905	-0.327971	-0.371649	-0.41108	-0.448193	-0.486475	-0.51909	-0.538197	-0.532251	-0.495845	-0.434924	-0.351879	-0.2375	-0.105167	0.0230421	0.133377	
-0.251776	-0.228042	-0.231935	-0.251544	-0.26747	-0.27028	-0.258881	-0.239027	-0.226662	-0.238671	-0.277683	-0.320366	-0.35313	-0.386172	-0.438457	-0.498391	-0.545595	-0.560895	-0.542662	-0.495758	-0.421298	-0.316395	-0.197604	-0.0876279	0.0105778	
-0.222879	-0.220718	-0.238347	-0.261547	-0.279941	-0.282932	-0.270643	-0.247526	-0.226366	-0.218717	-0.235925	-0.268864	-0.30512	-0.345082	-0.39988	-0.464254	-0.522224	-0.556878	-0.560891	-0.535349	-0.478724	-0.390097	-0.290675	-0.198262	-0.114469	
-0.214754	-0.232588	-0.24904	-0.26288	-0.274244	-0.277048	-0.268139	-0.254947	-0.239699	-0.220968	-0.211765	-0.225833	-0.264086	-0.313653	-0.366988	-0.419474	-0.474759	-0.524706	-0.555798	-0.557064	-0.522952	-0.456109	-0.377923	-0.30755	-0.241117	
-0.223306	-0.244414	-0.253354	-0.253886	-0.256864	-0.257452	-0.255027	-0.25354	-0.24998	-0.232632	-0.211758	-0.20758	-0.231642	-0.275803	-0.326405	-0.374852	-0.426051	-0.479798	-0.524473	-0.548871	-0.54449	-0.509254	-0.460943	-0.413815	-0.368857	
-0.238282	-0.251969	-0.251599	-0.243706	-0.237929	-0.237243	-0.240457	-0.248666	-0.253541	-0.245015	-0.228987	-0.216478	-0.216987	-0.23719	-0.280037	-0.333756	-0.387951	-0.433963	-0.471655	-0.506476	-0.535094	-0.545626	-0.537449	-0.518589	-0.490351	
-0.251969	-0.255848	-0.25034	-0.236969	-0.227167	-0.225217	-0.232396	-0.245297	-0.255142	-0.254026	-0.247816	-0.237851	-0.224692	-0.221764	-0.247084	-0.296054	-0.348132	-0.386245	-0.414451	-0.453205	-0.507997	-0.56075	-0.597982	-0.613401	-0.607331	
-0.251599	-0.25034	-0.241367	-0.228655	-0.220324	-0.219461	-0.224727	-0.236528	-0.247554	-0.251053	-0.252582	-0.251916	-0.243517	-0.23299	-0.238021	-0.262132	-0.296953	-0.330595	-0.365275	-0.417086	-0.489982	-0.569689	-0.641704	-0.696	-0.719263	
-0.243706	-0.236969	-0.228655	-0.221856	-0.221991	-0.22267	-0.221548	-0.22521	-0.233707	-0.240633	-0.249541	-0.260266	-0.263715	-0.25615	-0.245035	-0.238571	-0.24584	-0.272132	-0.320179	-0.393015	-0.484032	-0.578248	-0.669996	-0.749468	-0.798626	
-0.237929	-0.227167	-0.220324	-0.221991	-0.230307	-0.232745	-0.224725	-0.219405	-0.223689	-0.233134	-0.24907	-0.268161	-0.27942	-0.274006	-0.254327	-0.228055	-0.214069	-0.230336	-0.284351	-0.373545	-0.480089	-0.585451	-0.683908	-0.771544	-0.828931	
-0.237243	-0.225217	-0.219461	-0.22267	-0.232745	-0.235272	-0.22604	-0.219086	-0.222283	-0.232087	-0.249072	-0.270004	-0.282405	-0.27731	-0.255817	-0.22615	-0.208275	-0.221934	-0.276378	-0.367853	-0.478246	-0.585656	-0.685644	-0.772877	-0.831273	
-0.240457	-0.232396	-0.224727	-0.221548	-0.224725	-0.22604	-0.222259	-0.222559	-0.229411	-0.236851	-0.248537	-0.263387	-0.271387	-0.265031	-0.249315	-0.233061	-0.230533	-0.252927	-0.303944	-0.384617	-0.482595	-0.582598	-0.677827	-0.76221	-0.815816	
-0.248666	-0.245297	-0.236528	-0.22521	-0.219405	-0.219086	-0.222559	-0.232178	-0.242424	-0.247065	-0.251116	-0.255365	-0.251774	-0.24191	-0.239404	-0.250782	-0.275096	-0.306382	-0.346917	-0.406626	-0.48676	-0.572487	-0.654551	-0.72124	-0.757083	
-0.253541	-0.255142	-0.247554	-0.233707	-0.223689	-0.222283	-0.229411	-0.242424	-0.253082	-0.254252	-0.251756	-0.244938	-0.231544	-0.223473	-0.24059	-0.281816	-0.328625	-0.365159	-0.394226	-0.437338	-0.499066	-0.564296	-0.61698	-0.649181	-0.65435	
-0.245015	-0.254026	-0.251053	-0.240633	-0.233134	-0.232087	-0.236851	-0.247065	-0.254252	-0.249792	-0.237987	-0.225192	-0.21756	-0.227069	-0.264055	-0.318137	-0.372964	-0.415128	-0.448262	-0.484129	-0.52446	-0.552923	-0.563614	-0.557286	-0.536783	
-0.228987	-0.247816	-0.252582	-0.249541	-0.24907	-0.249072	-0.248537	-0.251116	-0.251756	-0.237987	-0.217537	-0.208445	-0.223055	-0.259344	-0.307741	-0.358448	-0.410248	-0.462109	-0.505224	-0.535605	-0.544555	-0.527494	-0.493859	-0.456952	-0.418343	
-0.216478	-0.237851	-0.251916	-0.260266	-0.268161	-0.270004	-0.263387	-0.255365	-0.244938	-0.225192	-0.208445	-0.214469	-0.249518	-0.299567	-0.352036	-0.400993	-0.454245	-0.506837	-0.545859	-0.557308	-0.534915	-0.478943	-0.411499	-0.349978	-0.292348	
-0.216987	-0.224692	-0.243517	-0.263715	-0.27942	-0.282405	-0.271387	-0.251774	-0.231544	-0.21756	-0.223055	-0.249518	-0.287984	-0.332901	-0.386961	-0.447581	-0.504852	-0.54661	-0.561366	-0.547169	-0.498629	-0.417805	-0.326148	-0.242417	-0.164992	
-0.23719	-0.221764	-0.23299	-0.25615	-0.274006	-0.27731	-0.265031	-0.24191	-0.223473	-0.227069	-0.259344	-0.299567	-0.332901	-0.367147	-0.421913	-0.486376	-0.540032	-0.562701	-0.5531	-0.513914	-0.445639	-0.346173	-0.234967	-0.132219	-0.0391603	
-0.280037	-0.247084	-0.238021	-0.245035	-0.254327	-0.255817	-0.249315	-0.239404	-0.24059	-0.264055	-0.307741	-0.352036	-0.386961	-0.421913	-0.466654	-0.512952	-0.544549	-0.548576	-0.519091	-0.462933	-0.381453	-0.269891	-0.142481	-0.0207646	0.0849512	
-0.333756	-0.296054	-0.262132	-0.238571	-0.228055	-0.22615	-0.233061	-0.250782	-0.281816	-0.318137	-0.358448	-0.400993	-0.447581	-0.486376	-0.512952	-0.523064	-0.52179	-0.498541	-0.450415	-0.38385	-0.300398	-0.186375	-0.0497937	0.0841024	0.201707	
-0.387951	-0.348132	-0.296953	-0.24584	-0.214069	-0.208275	-0.230533	-0.275096	-0.328625	-0.372964	-0.410248	-0.454245	-0.504852	-0.540032	-0.544549	-0.52179	-0.481366	-0.425025	-0.356228	-0.282739	-0.199131	-0.0882022	0.0409843	0.171324	0.290481	
-0.433963	-0.386245	-0.330595	-0.272132	-0.230336	-0.221934	-0.252927	-0.306382	-0.365159	-0.415128	-0.462109	-0.506837	-0.54661	-0.562701	-0.548576	-0.498541	-0.425025	-0.339051	-0.252253	-0.165382	-0.0736767	0.0291357	0.137403	0.244523	0.349675	
-0.471655	-0.414451	-0.365275	-0.320179	-0.284351	-0.276378	-0.303944	-0.346917	-0.394226	-0.448262	-0.505224	-0.545859	-0.561366	-0.5531	-0.519091	-0.450415	-0.356228	-0.252253	-0.146865	-0.0413612	0.0564221	0.150468	0.237286	0.316292	0.385717	
-0.506476	-0.453205	-0.417086	-0.393015	-0.373545	-0.367853	-0.384617	-0.406626	-0.437338	-0.484129	-0.535605	-0.557308	-0.547169	-0.513914	-0.462933	-0.38385	-0.282739	-0.165382	-0.0413612	0.0735386	0.170971	0.260573	0.336655	0.380469	0.3996	
-0.535094	-0.507997	-0.489982	-0.484032	-0.480089	-0.478246	-0.482595	-0.48676	-0.499066	-0.52446	-0.544555	-0.534915	-0.498629	-0.445639	-0.381453	-0.300398	-0.199131	-0.0736767	0.0564221	0.170971	0.266695	0.355908	0.411372	0.413722	0.387019	
-0.545626	-0.56075	-0.569689	-0.578248	-0.585451	-0.585656	-0.582598	-0.572487	-0.564296	-0.552923	-0.527494	-0.478943	-0.417805	-0.346173	-0.269891	-0.186375	-0.0882022	0.0291357	0.150468	0.260573	0.355908	0.426842	0.447754	0.415587	0.361443	
-0.537449	-0.597982	-0.641704	-0.669996	-0.683908	-0.685644	-0.677827	-0.654551	-0.61698	-0.563614	-0.493859	-0.411499	-0.326148	-0.234967	-0.142481	-0.0497937	0.0409843	0.137403	0.237286	0.336655	0.411372	0.447754	0.439134	0.39157	0.319345	
-0.518589	-0.613401	-0.696	-0.749468	-0.771544	-0.772877	-0.76221	-0.72124	-0.649181	-0.557286	-0.456952	-0.349978	-0.242417	-0.132219	-0.0207646	0.0841024	0.171324	0.244523	0.316292	0.380469	0.413722	0.415587	0.39157	0.333172	0.245277	
-0.490351	-0.607331	-0.719263	-0.798626	-0.828931	-0.831273	-0.815816	-0.757083	-0.65435	-0.536783	-0.418343	-0.292348	-0.164992	-0.0391603	0.0849512	0.201707	0.290481	0.349675	0.385717	0.3996	0.387019	0.361443	0.319345	0.245277	0.159102	
