0.255832	0.398947	0.548475	0.697284	0.834724	0.948122	1.01558	1.02833	0.979978	0.849057	0.635855	0.38491	0.14009	-0.0723743	-0.228815	-0.334663	-0.390385	-0.39848	-0.37411	-0.317834	-0.242933	-0.165045	-0.083607	-0.00651896	0.0656291	
0.398947	0.54667	0.67954	0.794021	0.893947	0.970633	1.00011	0.989985	0.936042	0.810238	0.614822	0.380286	0.14191	-0.0665468	-0.221189	-0.324817	-0.370342	-0.370603	-0.330555	-0.255422	-0.170218	-0.0856296	-0.012961	0.0454639	0.0922986	
0.548475	0.67954	0.789155	0.879596	0.949809	0.986028	0.984541	0.962032	0.903371	0.785621	0.610778	0.391652	0.163083	-0.0402306	-0.19238	-0.290902	-0.332235	-0.325428	-0.274756	-0.191812	-0.0964657	-0.00847451	0.0525194	0.0970074	0.115785	
0.697284	0.794021	0.879596	0.94651	0.986287	0.995295	0.984094	0.954521	0.893432	0.788358	0.630687	0.425466	0.206676	0.00208451	-0.154086	-0.249737	-0.287416	-0.270973	-0.212311	-0.117851	-0.0122337	0.0757535	0.134753	0.159954	0.148824	
0.834724	0.893947	0.949809	0.986287	0.997324	0.992684	0.978741	0.952865	0.900846	0.811546	0.668446	0.481985	0.273626	0.0694127	-0.094662	-0.195606	-0.231287	-0.207295	-0.135833	-0.0288085	0.0894216	0.180425	0.23599	0.241851	0.198375	
0.948122	0.970633	0.986028	0.995295	0.992684	0.985921	0.97242	0.954259	0.917642	0.848036	0.725994	0.563948	0.371355	0.166742	-0.00368857	-0.111454	-0.150679	-0.125065	-0.041888	0.072421	0.19611	0.293042	0.34226	0.33196	0.26075	
1.01558	1.00011	0.984541	0.984094	0.978741	0.97242	0.966915	0.966073	0.950777	0.897632	0.798648	0.665067	0.492574	0.295647	0.124067	0.00389837	-0.04256	-0.0188077	0.0632634	0.177096	0.299443	0.395007	0.436225	0.420161	0.328007	
1.02833	0.989985	0.962032	0.954521	0.952865	0.954259	0.966073	0.984459	0.987835	0.949384	0.874362	0.761767	0.606605	0.428878	0.261322	0.135378	0.0802321	0.100999	0.1786	0.290006	0.407903	0.495857	0.53336	0.509026	0.403631	
0.979978	0.936042	0.903371	0.893432	0.900846	0.917642	0.950777	0.987835	1.00118	0.980214	0.925543	0.833518	0.702042	0.547638	0.383927	0.260392	0.207964	0.224485	0.305266	0.41883	0.528465	0.608969	0.643029	0.61029	0.498215	
0.849057	0.810238	0.785621	0.788358	0.811546	0.848036	0.897632	0.949384	0.980214	0.983985	0.945486	0.871298	0.766395	0.633968	0.486456	0.377226	0.327393	0.346705	0.437567	0.547934	0.653845	0.730815	0.755758	0.721464	0.609173	
0.635855	0.614822	0.610778	0.630687	0.668446	0.725994	0.798648	0.874362	0.925543	0.945486	0.926072	0.875836	0.797377	0.685442	0.569309	0.47891	0.432416	0.459721	0.548829	0.657836	0.760701	0.829672	0.855154	0.823054	0.715462	
0.38491	0.380286	0.391652	0.425466	0.481985	0.563948	0.665067	0.761767	0.833518	0.871298	0.875836	0.848006	0.78907	0.706001	0.612491	0.53606	0.501157	0.537069	0.626035	0.734382	0.835156	0.894743	0.918583	0.894281	0.79978	
0.14009	0.14191	0.163083	0.206676	0.273626	0.371355	0.492574	0.606605	0.702042	0.766395	0.797377	0.78907	0.745058	0.684274	0.612076	0.556571	0.536287	0.57164	0.658727	0.761647	0.852632	0.909817	0.935736	0.923456	0.849628	
-0.0723743	-0.0665468	-0.0402306	0.00208451	0.0694127	0.166742	0.295647	0.428878	0.547638	0.633968	0.685442	0.706001	0.684274	0.642869	0.593258	0.551242	0.542305	0.571466	0.646472	0.738881	0.812105	0.865992	0.892685	0.891457	0.845008	
-0.228815	-0.221189	-0.19238	-0.154086	-0.094662	-0.00368857	0.124067	0.261322	0.383927	0.486456	0.569309	0.612491	0.612076	0.593258	0.564339	0.535231	0.531315	0.557631	0.613407	0.683289	0.732197	0.768569	0.785724	0.782854	0.757307	
-0.334663	-0.324817	-0.290902	-0.249737	-0.195606	-0.111454	0.00389837	0.135378	0.260392	0.377226	0.47891	0.53606	0.556571	0.551242	0.535231	0.523953	0.524662	0.539916	0.566196	0.598379	0.61206	0.61791	0.620312	0.614792	0.594835	
-0.390385	-0.370342	-0.332235	-0.287416	-0.231287	-0.150679	-0.04256	0.0802321	0.207964	0.327393	0.432416	0.501157	0.536287	0.542305	0.531315	0.524662	0.518328	0.514962	0.511061	0.498735	0.470863	0.439577	0.410442	0.384278	0.35673	
-0.39848	-0.370603	-0.325428	-0.270973	-0.207295	-0.125065	-0.0188077	0.100999	0.224485	0.346705	0.459721	0.537069	0.57164	0.571466	0.557631	0.539916	0.514962	0.487321	0.440916	0.374287	0.296839	0.220342	0.156793	0.105074	0.063305	
-0.37411	-0.330555	-0.274756	-0.212311	-0.135833	-0.041888	0.0632634	0.1786	0.305266	0.437567	0.548829	0.626035	0.658727	0.646472	0.613407	0.566196	0.511061	0.440916	0.338348	0.212633	0.082283	-0.0412309	-0.136882	-0.206764	-0.262424	
-0.317834	-0.255422	-0.191812	-0.117851	-0.0288085	0.072421	0.177096	0.290006	0.41883	0.547934	0.657836	0.734382	0.761647	0.738881	0.683289	0.598379	0.498735	0.374287	0.212633	0.0280108	-0.157751	-0.321801	-0.446897	-0.536916	-0.598302	
-0.242933	-0.170218	-0.0964657	-0.0122337	0.0894216	0.19611	0.299443	0.407903	0.528465	0.653845	0.760701	0.835156	0.852632	0.812105	0.732197	0.61206	0.470863	0.296839	0.082283	-0.157751	-0.393482	-0.59115	-0.740001	-0.840355	-0.898413	
-0.165045	-0.0856296	-0.00847451	0.0757535	0.180425	0.293042	0.395007	0.495857	0.608969	0.730815	0.829672	0.894743	0.909817	0.865992	0.768569	0.61791	0.439577	0.220342	-0.0412309	-0.321801	-0.59115	-0.814609	-0.980805	-1.08927	-1.1474	
-0.083607	-0.012961	0.0525194	0.134753	0.23599	0.34226	0.436225	0.53336	0.643029	0.755758	0.855154	0.918583	0.935736	0.892685	0.785724	0.620312	0.410442	0.156793	-0.136882	-0.446897	-0.740001	-0.980805	-1.15828	-1.27433	-1.33181	
-0.00651896	0.0454639	0.0970074	0.159954	0.241851	0.33196	0.420161	0.509026	0.61029	0.721464	0.823054	0.894281	0.923456	0.891457	0.782854	0.614792	0.384278	0.105074	-0.206764	-0.536916	-0.840355	-1.08927	-1.27433	-1.39255	-1.44588	
0.0656291	0.0922986	0.115785	0.148824	0.198375	0.26075	0.328007	0.403631	0.498215	0.609173	0.715462	0.79978	0.849628	0.845008	0.757307	0.594835	0.35673	0.063305	-0.262424	-0.598302	-0.898413	-1.1474	-1.33181	-1.44588	-1.49507	
0.126062	0.115861	0.103176	0.102232	0.112344	0.135284	0.172148	0.230236	0.313603	0.417065	0.531184	0.634069	0.711389	0.735598	0.675757	0.53621	0.305056	0.0134383	-0.307687	-0.633824	-0.922087	-1.16103	-1.33622	-1.44252	-1.48034	
0.157055	0.106783	0.0611867	0.0182839	-0.0170313	-0.0345927	-0.0217357	0.0176692	0.0861642	0.182483	0.298054	0.418755	0.523245	0.580067	0.552482	0.438511	0.223768	-0.0589528	-0.366216	-0.670489	-0.934035	-1.14982	-1.30615	-1.39564	-1.41456	
0.166954	0.0752697	-0.0097712	-0.0866817	-0.154505	-0.203577	-0.219452	-0.195299	-0.135103	-0.043666	0.0725186	0.204529	0.323323	0.403402	0.409622	0.31227	0.116264	-0.151625	-0.444551	-0.719781	-0.952992	-1.13825	-1.26896	-1.33222	-1.32623	
0.160565	0.0332033	-0.0782694	-0.179908	-0.274522	-0.345928	-0.373656	-0.354077	-0.300486	-0.217898	-0.101719	0.0348042	0.166188	0.255772	0.274543	0.190036	0.00406989	-0.254256	-0.532151	-0.778822	-0.985549	-1.14066	-1.2408	-1.27955	-1.24427	
0.151746	0.0034583	-0.123695	-0.241124	-0.348251	-0.429882	-0.462927	-0.445691	-0.393208	-0.3125	-0.199057	-0.0604973	0.072463	0.165387	0.191292	0.108804	-0.07305	-0.327685	-0.598652	-0.829234	-1.01701	-1.15084	-1.23017	-1.24772	-1.19158	
0.151748	-0.000438577	-0.133277	-0.252242	-0.359254	-0.44191	-0.478657	-0.463284	-0.410623	-0.328035	-0.214204	-0.0761696	0.0535963	0.147779	0.178242	0.093542	-0.0869374	-0.340064	-0.610548	-0.838784	-1.02309	-1.15211	-1.22964	-1.24277	-1.1824	
0.15598	0.0185958	-0.0998021	-0.208925	-0.311331	-0.388577	-0.417611	-0.398293	-0.346008	-0.266024	-0.150674	-0.0132296	0.121269	0.212303	0.23293	0.150954	-0.0334098	-0.289579	-0.563749	-0.802142	-0.99968	-1.14529	-1.23453	-1.26381	-1.21871	
0.165548	0.0586179	-0.0382762	-0.126799	-0.206252	-0.265684	-0.287766	-0.266903	-0.209497	-0.121588	-0.0055179	0.129141	0.254004	0.338513	0.351425	0.261387	0.0697423	-0.193352	-0.479537	-0.743217	-0.964575	-1.13787	-1.25584	-1.30864	-1.29156	
0.163526	0.0966676	0.0342258	-0.0227248	-0.0723271	-0.103901	-0.10324	-0.0712529	-0.00710825	0.0881802	0.204592	0.329968	0.440491	0.509108	0.497443	0.389821	0.183269	-0.093115	-0.395124	-0.688328	-0.939741	-1.14341	-1.29116	-1.37092	-1.38021	
0.140998	0.115539	0.0904792	0.072844	0.0634774	0.0698289	0.0979114	0.149224	0.226445	0.325115	0.440627	0.551907	0.642212	0.678313	0.629117	0.501608	0.275884	-0.0128531	-0.328825	-0.64734	-0.926875	-1.15908	-1.32658	-1.42728	-1.45899	
0.0927313	0.105508	0.114729	0.134546	0.169602	0.217473	0.272128	0.34015	0.431139	0.541049	0.650079	0.741263	0.800553	0.807724	0.732306	0.576983	0.340034	0.0454995	-0.280318	-0.614283	-0.910901	-1.15668	-1.33925	-1.45116	-1.49674	
0.0227732	0.0656118	0.107794	0.159883	0.229692	0.310257	0.392658	0.477049	0.575193	0.686742	0.789779	0.865987	0.902256	0.880156	0.777303	0.608829	0.374606	0.0879891	-0.23103	-0.564772	-0.868561	-1.11872	-1.30446	-1.42168	-1.473	
-0.0519789	0.0121353	0.0726177	0.148996	0.244492	0.345814	0.437813	0.532244	0.639344	0.749588	0.850105	0.916391	0.936699	0.895692	0.786186	0.619742	0.399562	0.134391	-0.167355	-0.486773	-0.785652	-1.03126	-1.21173	-1.32966	-1.38614	
-0.132401	-0.0548852	0.0190266	0.102832	0.207522	0.319373	0.418059	0.516632	0.628409	0.748264	0.845515	0.908001	0.923226	0.879932	0.779149	0.619445	0.427573	0.193356	-0.0833036	-0.376521	-0.656721	-0.887449	-1.05978	-1.17181	-1.22938	
-0.211875	-0.136041	-0.0593994	0.0258835	0.130202	0.2395	0.342895	0.448746	0.565408	0.689337	0.793642	0.864887	0.88031	0.836384	0.747132	0.614467	0.458471	0.265056	0.0308201	-0.227193	-0.478435	-0.687728	-0.844044	-0.946984	-1.00463	
-0.288793	-0.221027	-0.154049	-0.0753972	0.0195709	0.122777	0.22651	0.337981	0.464904	0.591711	0.701515	0.776988	0.800065	0.771144	0.706316	0.606786	0.488866	0.343751	0.160377	-0.0471971	-0.25431	-0.432117	-0.568159	-0.664116	-0.724412	
-0.355428	-0.303814	-0.244245	-0.178004	-0.096434	0.00180383	0.10609	0.220637	0.348997	0.482013	0.591927	0.668551	0.700499	0.683523	0.641628	0.579395	0.507883	0.416459	0.28988	0.140446	-0.0124617	-0.1527	-0.261313	-0.338721	-0.397573	
-0.392052	-0.359918	-0.310427	-0.251767	-0.18325	-0.0975413	0.00802716	0.126889	0.250396	0.376622	0.490356	0.568412	0.60127	0.597058	0.576602	0.549211	0.514488	0.470815	0.403965	0.313936	0.215448	0.120023	0.0431192	-0.016242	-0.0645087	
-0.398546	-0.374736	-0.334351	-0.28722	-0.228463	-0.148272	-0.0406433	0.0796774	0.206189	0.325511	0.433431	0.506599	0.543003	0.549287	0.53858	0.529159	0.516151	0.505374	0.485844	0.453031	0.406682	0.357334	0.314646	0.276665	0.244334	
-0.363585	-0.350042	-0.314143	-0.270967	-0.217423	-0.135302	-0.0243357	0.103944	0.231341	0.34995	0.453382	0.515702	0.543381	0.542066	0.529463	0.52283	0.521868	0.530708	0.544881	0.559625	0.557867	0.549269	0.541295	0.530283	0.508183	
-0.276666	-0.268915	-0.238602	-0.198975	-0.14366	-0.0554989	0.0686934	0.204158	0.326346	0.435783	0.528732	0.577586	0.587003	0.574691	0.551327	0.529328	0.527855	0.551005	0.595889	0.652555	0.688461	0.713552	0.725729	0.722105	0.700308	
-0.141694	-0.134766	-0.107558	-0.0683255	-0.00271056	0.0925495	0.222354	0.359382	0.481006	0.574426	0.637847	0.669047	0.655783	0.622885	0.582326	0.545409	0.538397	0.566964	0.635099	0.719154	0.784522	0.833342	0.857132	0.857059	0.820482	
0.0487621	0.052693	0.0769245	0.122089	0.189497	0.287792	0.413554	0.537224	0.643063	0.716329	0.755311	0.758371	0.722362	0.669391	0.606233	0.556487	0.542496	0.574461	0.658029	0.758283	0.841617	0.899436	0.926282	0.918667	0.856466	
0.284966	0.283846	0.299421	0.33716	0.399965	0.491137	0.60171	0.703197	0.784189	0.832664	0.848349	0.828044	0.775149	0.701723	0.615543	0.548035	0.519202	0.556287	0.645249	0.75196	0.85012	0.907431	0.932177	0.911849	0.824098	
0.537305	0.523334	0.526652	0.552907	0.597825	0.664648	0.749042	0.835246	0.894231	0.919868	0.909545	0.868982	0.798688	0.69815	0.593156	0.507356	0.464351	0.496206	0.583847	0.69232	0.79561	0.860342	0.885449	0.857007	0.753038	
