-0.970117	-1.11476	-1.23554	-1.32041	-1.36583	-1.3718	-1.3441	-1.27372	-1.16676	-1.0298	-0.880358	-0.733814	-0.586816	-0.44832	-0.351768	-0.31261	-0.330613	-0.375709	-0.427333	-0.46247	-0.470217	-0.474072	-0.479827	-0.469263	-0.417896	
-0.924334	-1.04845	-1.16127	-1.25074	-1.29942	-1.30682	-1.27559	-1.20123	-1.09485	-0.975002	-0.851497	-0.732515	-0.609016	-0.491509	-0.40243	-0.369535	-0.391215	-0.440925	-0.491029	-0.517678	-0.511647	-0.494712	-0.477524	-0.451612	-0.384891	
-0.828631	-0.934194	-1.04081	-1.12656	-1.17582	-1.18403	-1.15117	-1.07863	-0.977877	-0.869667	-0.769603	-0.674305	-0.58411	-0.503519	-0.43535	-0.411845	-0.4373	-0.485263	-0.525594	-0.539225	-0.526936	-0.498927	-0.464465	-0.425244	-0.354349	
-0.706721	-0.800064	-0.894298	-0.977116	-1.02356	-1.02914	-1.00093	-0.930787	-0.837432	-0.743307	-0.656848	-0.586259	-0.531007	-0.484761	-0.444789	-0.428836	-0.452342	-0.496167	-0.522825	-0.525367	-0.51487	-0.483431	-0.437735	-0.388483	-0.323527	
-0.582103	-0.663959	-0.756312	-0.836315	-0.885149	-0.893101	-0.860296	-0.791694	-0.700897	-0.612595	-0.542713	-0.492698	-0.463529	-0.44613	-0.427359	-0.423482	-0.44507	-0.478509	-0.491206	-0.482027	-0.465262	-0.432775	-0.383303	-0.337344	-0.28901	
-0.483959	-0.556772	-0.647666	-0.732535	-0.785928	-0.795198	-0.758201	-0.684405	-0.591704	-0.509787	-0.454208	-0.42229	-0.407193	-0.398592	-0.391103	-0.394152	-0.412816	-0.432887	-0.43671	-0.418751	-0.391903	-0.354496	-0.310436	-0.274647	-0.247612	
-0.431563	-0.493805	-0.57901	-0.661688	-0.715036	-0.72348	-0.688187	-0.614259	-0.526193	-0.452728	-0.4092	-0.388795	-0.376038	-0.361141	-0.350712	-0.344778	-0.349095	-0.352342	-0.34431	-0.324227	-0.292235	-0.251007	-0.223088	-0.212641	-0.205805	
-0.423505	-0.476569	-0.548346	-0.616998	-0.659413	-0.66617	-0.638236	-0.577978	-0.503792	-0.441588	-0.403069	-0.380997	-0.361836	-0.336563	-0.307585	-0.280084	-0.258668	-0.23891	-0.220789	-0.199581	-0.168053	-0.135493	-0.12541	-0.14692	-0.172628	
-0.432334	-0.482665	-0.539699	-0.591408	-0.621124	-0.626479	-0.606161	-0.562447	-0.505068	-0.450922	-0.406975	-0.373246	-0.341915	-0.307134	-0.258713	-0.204732	-0.155748	-0.114389	-0.0828603	-0.0583011	-0.0332325	-0.0168624	-0.0267126	-0.0719837	-0.127408	
-0.439491	-0.486753	-0.526392	-0.561826	-0.581874	-0.584738	-0.571908	-0.541854	-0.503018	-0.459344	-0.408777	-0.361485	-0.315616	-0.266729	-0.202715	-0.129172	-0.0567191	0.0046578	0.0551037	0.0908378	0.114079	0.115206	0.0838301	0.0222843	-0.0524423	
-0.437229	-0.472376	-0.494849	-0.511975	-0.523558	-0.525792	-0.517441	-0.501931	-0.482495	-0.453162	-0.408614	-0.355743	-0.298298	-0.232599	-0.152821	-0.0696661	0.0181453	0.102822	0.171463	0.222114	0.253696	0.250946	0.20954	0.135933	0.0481694	
-0.412657	-0.435664	-0.441106	-0.444827	-0.446024	-0.447027	-0.444945	-0.443197	-0.438043	-0.424839	-0.391203	-0.347231	-0.286315	-0.210457	-0.123257	-0.0386338	0.0558504	0.158178	0.251155	0.318464	0.368269	0.38126	0.341777	0.254663	0.146543	
-0.363932	-0.370487	-0.36574	-0.355665	-0.347246	-0.345695	-0.351992	-0.362299	-0.369788	-0.368234	-0.35192	-0.319559	-0.266492	-0.193415	-0.109171	-0.0255973	0.067271	0.178303	0.286698	0.374201	0.442486	0.475313	0.450899	0.360325	0.234524	
-0.302945	-0.289902	-0.265647	-0.240896	-0.220391	-0.21539	-0.231544	-0.256262	-0.280142	-0.300252	-0.301201	-0.281619	-0.239446	-0.179543	-0.111225	-0.032343	0.0561898	0.160482	0.272806	0.375484	0.459686	0.504663	0.496192	0.419483	0.292478	
-0.211979	-0.172943	-0.126115	-0.0838414	-0.0551316	-0.0501826	-0.0695212	-0.108673	-0.153822	-0.198965	-0.225003	-0.223092	-0.198974	-0.170206	-0.130063	-0.0669012	0.0135392	0.112922	0.224865	0.334723	0.429142	0.477016	0.47757	0.418362	0.308495	
-0.0883639	-0.0154467	0.0640951	0.129152	0.168087	0.175659	0.148012	0.0928433	0.0171823	-0.0620803	-0.120751	-0.15078	-0.158808	-0.162832	-0.157742	-0.119949	-0.0556216	0.0367356	0.148601	0.259146	0.350514	0.402709	0.414041	0.371825	0.283012	
0.0711867	0.181887	0.29406	0.384234	0.43672	0.445992	0.410219	0.3336	0.228767	0.113397	0.0119077	-0.0663436	-0.121358	-0.164275	-0.192738	-0.190338	-0.153849	-0.0738803	0.0407474	0.154745	0.243324	0.300188	0.326339	0.303836	0.233185	
0.24269	0.39465	0.535141	0.646597	0.712708	0.723788	0.679311	0.584268	0.453222	0.304004	0.153582	0.0212959	-0.0815276	-0.166322	-0.228572	-0.262824	-0.258433	-0.195407	-0.0804586	0.0393076	0.130806	0.189236	0.221291	0.213373	0.16429	
0.405622	0.592677	0.756393	0.879347	0.95253	0.965878	0.915267	0.810795	0.662058	0.48192	0.291989	0.120419	-0.0184867	-0.136673	-0.235073	-0.302304	-0.32067	-0.276029	-0.174865	-0.0605051	0.0249988	0.0813341	0.108157	0.104694	0.0751809	
0.558126	0.758529	0.926799	1.0479	1.1159	1.12762	1.08199	0.981523	0.830677	0.640198	0.435268	0.2495	0.0898203	-0.0572894	-0.188841	-0.284566	-0.320535	-0.293215	-0.216298	-0.127732	-0.0585569	-0.00982682	0.00863991	0.00476921	-0.0190248	
0.684876	0.871868	1.02955	1.13876	1.19632	1.2053	1.16814	1.07958	0.939686	0.761507	0.569617	0.389948	0.223487	0.0601782	-0.0867929	-0.201501	-0.260514	-0.259508	-0.217375	-0.165053	-0.122282	-0.0896459	-0.0751752	-0.0820504	-0.104323	
0.786174	0.943833	1.07594	1.16494	1.2105	1.21798	1.18808	1.11721	1.00127	0.85091	0.687559	0.522412	0.357667	0.197841	0.0507971	-0.0729226	-0.158619	-0.193632	-0.185905	-0.167912	-0.158509	-0.152647	-0.156555	-0.168238	-0.189874	
0.864459	0.99019	1.0875	1.1503	1.18209	1.18701	1.16664	1.11617	1.03328	0.917281	0.781953	0.638082	0.490979	0.348176	0.211125	0.0789262	-0.0333424	-0.102629	-0.13234	-0.151721	-0.176838	-0.206178	-0.231152	-0.25105	-0.267351	
0.92094	1.01401	1.07616	1.10711	1.12184	1.12436	1.11485	1.0912	1.04301	0.96115	0.856674	0.741292	0.626315	0.506563	0.376897	0.238515	0.105472	0.00690912	-0.0634376	-0.13005	-0.190738	-0.248178	-0.288419	-0.316782	-0.330992	
0.962374	1.01981	1.04882	1.05045	1.04632	1.04561	1.04929	1.05109	1.0359	0.987292	0.920477	0.842914	0.761008	0.666046	0.548307	0.413766	0.273573	0.144398	0.0255449	-0.0928381	-0.194377	-0.273168	-0.325011	-0.363945	-0.385353	
0.99173	1.00908	1.00507	0.983757	0.963909	0.959979	0.974657	0.997488	1.01023	1.0003	0.975629	0.93888	0.889968	0.820308	0.727716	0.612456	0.468593	0.309123	0.140075	-0.0286295	-0.166268	-0.270983	-0.341037	-0.395326	-0.430946	
1.00908	0.982607	0.945105	0.90083	0.869615	0.863763	0.88591	0.926737	0.969609	0.99962	1.01769	1.01785	1.00252	0.964907	0.90446	0.810122	0.664603	0.476858	0.26739	0.0590168	-0.114676	-0.248434	-0.340171	-0.412426	-0.460681	
1.00507	0.945105	0.874544	0.810202	0.768741	0.761291	0.789773	0.847053	0.917502	0.982848	1.03359	1.06675	1.08499	1.08424	1.05333	0.975975	0.832093	0.627549	0.391318	0.152993	-0.0562157	-0.215346	-0.329651	-0.412997	-0.475995	
0.983757	0.90083	0.810202	0.730559	0.67961	0.670806	0.705709	0.775773	0.864483	0.952508	1.02531	1.08577	1.13539	1.16305	1.15599	1.09349	0.95553	0.745376	0.49029	0.227968	-0.00519787	-0.18441	-0.313827	-0.411481	-0.486717	
0.963909	0.869615	0.768741	0.67961	0.621266	0.610687	0.651448	0.730924	0.828862	0.927833	1.01449	1.09284	1.16068	1.20325	1.20834	1.15761	1.02827	0.815598	0.548414	0.271988	0.026922	-0.159597	-0.300749	-0.409089	-0.495131	
0.959979	0.863763	0.761291	0.670806	0.610687	0.599787	0.641668	0.722603	0.822538	0.922897	1.01217	1.09454	1.16468	1.2103	1.21681	1.16789	1.04178	0.827726	0.558065	0.280349	0.0320167	-0.154172	-0.297525	-0.40922	-0.497078	
0.974657	0.88591	0.789773	0.705709	0.651448	0.641668	0.679248	0.753938	0.847309	0.941331	1.02045	1.08964	1.14863	1.18346	1.18256	1.12581	0.991184	0.78038	0.51924	0.249239	0.0108027	-0.17272	-0.307911	-0.410082	-0.490727	
0.997488	0.926737	0.847053	0.775773	0.730924	0.722603	0.753938	0.81609	0.895295	0.970951	1.03183	1.07658	1.10852	1.12056	1.10087	1.02913	0.887556	0.679115	0.434766	0.186093	-0.0344476	-0.203427	-0.323415	-0.413345	-0.480359	
1.01023	0.969609	0.917502	0.864483	0.828862	0.822538	0.847309	0.895295	0.949823	0.995561	1.02805	1.04207	1.03944	1.01702	0.968608	0.881712	0.735758	0.539848	0.318727	0.0981391	-0.0906666	-0.234803	-0.337081	-0.412966	-0.468005	
1.0003	0.99962	0.982848	0.952508	0.927833	0.922897	0.941331	0.970951	0.995561	1.0015	0.994368	0.972975	0.937829	0.879725	0.800456	0.693391	0.548854	0.377071	0.189977	0.00356459	-0.148242	-0.265087	-0.342295	-0.405181	-0.444978	
0.975629	1.01769	1.03359	1.02531	1.01449	1.01217	1.02045	1.03183	1.02805	0.994368	0.944166	0.882749	0.814195	0.72864	0.618646	0.490755	0.349141	0.208526	0.0689232	-0.0705983	-0.186724	-0.27461	-0.333056	-0.377392	-0.40509	
0.93888	1.01785	1.06675	1.08577	1.09284	1.09454	1.08964	1.07658	1.04207	0.972975	0.882749	0.781857	0.680245	0.570874	0.444454	0.305855	0.168872	0.0579664	-0.0313704	-0.118143	-0.195457	-0.261081	-0.305933	-0.338272	-0.3539	
0.889968	1.00252	1.08499	1.13539	1.16068	1.16468	1.14863	1.10852	1.03944	0.937829	0.814195	0.680245	0.545168	0.410589	0.277508	0.142464	0.0196126	-0.0611887	-0.106458	-0.143587	-0.181745	-0.224689	-0.256934	-0.27961	-0.293994	
0.820308	0.964907	1.08424	1.16305	1.20325	1.2103	1.18346	1.12056	1.01702	0.879725	0.72864	0.570874	0.410589	0.257087	0.113327	-0.013692	-0.11036	-0.160321	-0.166775	-0.16187	-0.167024	-0.17497	-0.187624	-0.20308	-0.222912	
0.727716	0.90446	1.05333	1.15599	1.20834	1.21681	1.18256	1.10087	0.968608	0.800456	0.618646	0.444454	0.277508	0.113327	-0.035546	-0.153909	-0.224026	-0.23591	-0.208157	-0.170812	-0.140581	-0.116504	-0.10839	-0.115498	-0.138703	
0.612456	0.810122	0.975975	1.09349	1.15761	1.16789	1.12581	1.02913	0.881712	0.693391	0.490755	0.305855	0.142464	-0.013692	-0.153909	-0.259402	-0.302519	-0.284398	-0.220729	-0.146289	-0.0865806	-0.043257	-0.025088	-0.0315714	-0.053948	
0.468593	0.664603	0.832093	0.95553	1.02827	1.04178	0.991184	0.887556	0.735758	0.548854	0.349141	0.168872	0.0196126	-0.11036	-0.224026	-0.302519	-0.328669	-0.290283	-0.197816	-0.091411	-0.0112694	0.0431345	0.0652626	0.063409	0.0369998	
0.309123	0.476858	0.627549	0.745376	0.815598	0.827726	0.78038	0.679115	0.539848	0.377071	0.208526	0.0579664	-0.0611887	-0.160321	-0.23591	-0.284398	-0.290283	-0.23564	-0.123752	-0.00374207	0.0867334	0.144515	0.175573	0.170132	0.130717	
0.140075	0.26739	0.391318	0.49029	0.548414	0.558065	0.51924	0.434766	0.318727	0.189977	0.0689232	-0.0313704	-0.106458	-0.166775	-0.208157	-0.220729	-0.197816	-0.123752	-0.00813598	0.108855	0.198641	0.256396	0.286821	0.270854	0.207855	
-0.0286295	0.0590168	0.152993	0.227968	0.271988	0.280349	0.249239	0.186093	0.0981391	0.00356459	-0.0705983	-0.118143	-0.143587	-0.16187	-0.170812	-0.146289	-0.091411	-0.00374207	0.108855	0.219681	0.308797	0.363545	0.381102	0.346381	0.265116	
-0.166268	-0.114676	-0.0562157	-0.00519787	0.026922	0.0320167	0.0108027	-0.0344476	-0.0906666	-0.148242	-0.186724	-0.195457	-0.181745	-0.167024	-0.140581	-0.0865806	-0.0112694	0.0867334	0.198641	0.308797	0.403626	0.452505	0.456381	0.404052	0.302986	
-0.270983	-0.248434	-0.215346	-0.18441	-0.159597	-0.154172	-0.17272	-0.203427	-0.234803	-0.265087	-0.27461	-0.261081	-0.224689	-0.17497	-0.116504	-0.043257	0.0431345	0.144515	0.256396	0.363545	0.452505	0.498624	0.495465	0.425672	0.304379	
-0.341037	-0.340171	-0.329651	-0.313827	-0.300749	-0.297525	-0.307911	-0.323415	-0.337081	-0.342295	-0.333056	-0.305933	-0.256934	-0.187624	-0.10839	-0.025088	0.0652626	0.175573	0.286821	0.381102	0.456381	0.495465	0.477365	0.391162	0.262272	
-0.395326	-0.412426	-0.412997	-0.411481	-0.409089	-0.40922	-0.410082	-0.413345	-0.412966	-0.405181	-0.377392	-0.338272	-0.27961	-0.20308	-0.115498	-0.0315714	0.063409	0.170132	0.270854	0.346381	0.404052	0.425672	0.391162	0.3003	0.183434	
-0.430946	-0.460681	-0.475995	-0.486717	-0.495131	-0.497078	-0.490727	-0.480359	-0.468005	-0.444978	-0.40509	-0.3539	-0.293994	-0.222912	-0.138703	-0.053948	0.0369998	0.130717	0.207855	0.265116	0.302986	0.304379	0.262272	0.183434	0.0889438	
