3.40511e-29	1.29497e-30	4.67717e-32	1.60611e-33	5.28932e-35	1.4842e-35	4.12204e-34	1.22458e-32	3.46079e-31	9.29314e-30	2.36845e-28	5.7222e-27	1.30893e-25	2.831e-24	5.78127e-23	1.11304e-21	2.01698e-20	3.43445e-19	5.48504e-18	8.20008e-17	1.14514e-15	1.49048e-14	1.80369e-13	2.02408e-12	2.10039e-11	
3.16731e-30	1.17264e-31	4.12537e-33	1.38051e-34	4.43088e-36	1.21509e-36	3.46301e-35	1.05601e-33	3.0648e-32	8.45583e-31	2.21545e-29	5.50581e-28	1.2963e-26	2.88773e-25	6.07829e-24	1.20712e-22	2.25835e-21	3.97368e-20	6.56435e-19	1.01619e-17	1.47121e-16	1.98771e-15	2.50043e-14	2.92132e-13	3.16149e-12	
2.71996e-31	9.80756e-33	3.36197e-34	1.09675e-35	3.43189e-37	9.19224e-38	2.68726e-36	8.40851e-35	2.50518e-33	7.09893e-32	1.91128e-30	4.88368e-29	1.18292e-27	2.71273e-26	5.88207e-25	1.20425e-23	2.32446e-22	4.22338e-21	7.21106e-20	1.15494e-18	1.73185e-17	2.42639e-16	3.16927e-15	3.85018e-14	4.33943e-13	
2.16215e-32	7.59593e-34	2.53812e-35	8.07447e-37	2.46411e-38	6.44356e-39	1.93145e-37	6.19927e-36	1.89537e-34	5.51417e-33	1.52495e-31	4.00455e-30	9.97421e-29	2.35347e-27	5.254e-26	1.10825e-24	2.20559e-23	4.1352e-22	7.29198e-21	1.20733e-19	1.87343e-18	2.71912e-17	3.68375e-16	4.64783e-15	5.44835e-14	
1.5949e-33	5.46126e-35	1.77943e-36	5.52225e-38	1.64409e-39	4.19598e-40	1.28912e-38	4.24285e-37	1.33073e-35	3.97326e-34	1.12822e-32	3.04351e-31	7.79141e-30	1.89063e-28	4.34324e-27	9.43341e-26	1.93451e-24	3.74007e-23	6.80644e-22	1.16405e-20	1.86752e-19	2.80535e-18	3.93788e-17	5.15422e-16	6.27616e-15	
1.09423e-34	3.6534e-36	1.16116e-37	3.51645e-39	1.02169e-40	2.54435e-41	8.00917e-40	2.7022e-38	8.69126e-37	2.66225e-35	7.75879e-34	2.14922e-32	5.6525e-31	1.40988e-29	3.33111e-28	7.44576e-27	1.57239e-25	3.13275e-24	5.87965e-23	1.03787e-21	1.72012e-20	2.67188e-19	3.88219e-18	5.26559e-17	6.65237e-16	
6.99779e-36	2.27894e-37	7.06777e-39	2.08933e-40	5.926e-42	1.43986e-42	4.64232e-41	1.60508e-39	5.29238e-38	1.66254e-36	4.97112e-35	1.41341e-33	3.81732e-32	9.78252e-31	2.37596e-29	5.46249e-28	1.18724e-26	2.43608e-25	4.71204e-24	8.57873e-23	1.46764e-21	2.35526e-20	3.53897e-19	4.96906e-18	6.50603e-17	
4.17998e-37	1.32825e-38	4.02092e-40	1.16063e-41	3.21453e-43	7.62018e-44	2.51563e-42	8.91067e-41	3.01103e-39	9.69717e-38	2.97375e-36	8.67511e-35	2.40501e-33	6.32942e-32	1.57952e-30	3.73323e-29	8.34629e-28	1.76267e-26	3.51158e-25	6.5893e-24	1.16276e-22	1.92628e-21	2.99055e-20	4.34267e-19	5.88648e-18	
2.3366e-38	7.24719e-40	2.14212e-41	6.03928e-43	1.6338e-44	3.77875e-45	1.27693e-43	4.63245e-42	1.60373e-40	5.29334e-39	1.66424e-37	4.97946e-36	1.41645e-34	3.82663e-33	9.80742e-32	2.38182e-30	5.47453e-29	1.18934e-27	2.43886e-26	4.71368e-25	8.57344e-24	1.46508e-22	2.34816e-21	3.52331e-20	4.93945e-19	
1.22455e-39	3.70833e-41	1.07056e-42	2.94878e-44	7.79412e-46	1.75895e-46	6.08268e-45	2.25942e-43	8.01142e-42	2.70918e-40	8.72982e-39	2.67802e-37	7.81345e-36	2.16597e-34	5.69871e-33	1.42142e-31	3.35717e-30	7.49857e-29	1.58183e-27	3.14702e-26	5.8959e-25	1.03853e-23	1.71704e-22	2.65982e-21	3.85311e-20	
6.02685e-41	1.78255e-42	5.02751e-44	1.35329e-45	3.49572e-47	7.69872e-48	2.72376e-46	1.03566e-44	3.7601e-43	1.30236e-41	4.29973e-40	1.3519e-38	4.04415e-37	1.1499e-35	3.1045e-34	7.94946e-33	1.92839e-31	4.42615e-30	9.59992e-29	1.96481e-27	3.78924e-26	6.87529e-25	1.17172e-23	1.87241e-22	2.80039e-21	
2.79013e-42	8.06205e-44	2.22205e-45	5.84661e-47	1.47632e-48	3.17343e-49	1.14838e-47	4.46862e-46	1.66077e-44	5.89007e-43	1.99179e-41	6.41652e-40	1.96738e-38	5.7357e-37	1.58837e-35	4.17365e-34	1.0394e-32	2.45038e-31	5.46149e-30	1.14931e-28	2.28029e-27	4.25911e-26	7.47704e-25	1.23165e-23	1.90026e-22	
1.21684e-43	3.43593e-45	9.25676e-47	2.38136e-48	5.87937e-50	1.23376e-50	4.56561e-49	1.8177e-47	6.9136e-46	2.51002e-44	8.69138e-43	2.86791e-41	9.00983e-40	2.69233e-38	7.64484e-37	2.06052e-35	5.26587e-34	1.2745e-32	2.91772e-31	6.30977e-30	1.2872e-28	2.47345e-27	4.47001e-26	7.58483e-25	1.2063e-23	
5.00659e-45	1.38182e-46	3.63978e-48	9.15702e-50	2.21099e-51	4.53034e-52	1.71404e-50	6.98046e-49	2.71649e-47	1.00933e-45	3.57778e-44	1.20889e-42	3.89014e-41	1.1911e-39	3.46663e-38	9.58067e-37	2.51154e-35	6.23795e-34	1.46613e-32	3.25667e-31	6.82741e-30	1.34895e-28	2.50803e-27	4.38093e-26	7.17716e-25	
1.94595e-46	5.25103e-48	1.35262e-49	3.32859e-51	7.86155e-53	1.57325e-53	6.08452e-52	2.53419e-50	1.0088e-48	3.83513e-47	1.39129e-45	4.81245e-44	1.58579e-42	4.9735e-41	1.48319e-39	4.20158e-38	1.12939e-36	2.8774e-35	6.94014e-34	1.5827e-32	3.40813e-31	6.92003e-30	1.32291e-28	2.37734e-27	4.00932e-26	
7.15411e-48	1.88787e-49	4.75669e-51	1.1452e-52	2.64623e-54	5.17331e-55	2.04484e-53	8.70831e-52	3.5453e-50	1.37872e-48	5.11761e-47	1.81167e-45	6.11137e-44	1.96273e-42	5.99562e-41	1.74032e-39	4.79501e-38	1.25267e-36	3.09929e-35	7.25326e-34	1.60355e-32	3.34433e-31	6.57022e-30	1.21402e-28	2.10634e-27	
2.4908e-49	6.42912e-51	1.58479e-52	3.73353e-54	8.44205e-56	1.61268e-56	6.51376e-55	2.83587e-53	1.18051e-51	4.69514e-50	1.78276e-48	6.45743e-47	2.2294e-45	7.32981e-44	2.29285e-42	6.8173e-41	1.92467e-39	5.15389e-38	1.30754e-36	3.13895e-35	7.12152e-34	1.52486e-32	3.07705e-31	5.84287e-30	1.04233e-28	
8.22195e-51	2.07622e-52	5.00797e-54	1.15467e-55	2.5553e-57	4.77101e-58	1.9689e-56	8.76154e-55	3.72862e-53	1.51633e-51	5.8884e-50	2.18183e-48	7.70739e-47	2.59348e-45	8.30525e-44	2.52872e-42	7.31287e-41	2.00656e-39	5.218e-38	1.28448e-36	2.98934e-35	6.56857e-34	1.36083e-32	2.65413e-31	4.86567e-30	
2.57592e-52	6.36499e-54	1.50256e-55	3.39117e-57	7.34611e-59	1.34093e-59	5.6531e-58	2.57085e-56	1.11828e-54	4.64924e-53	1.8461e-51	6.99586e-50	2.52805e-48	8.7041e-47	2.85276e-45	8.89205e-44	2.63331e-42	7.40134e-41	1.97218e-39	4.97626e-38	1.18752e-36	2.67668e-35	5.69066e-34	1.13947e-32	2.14558e-31	
7.66756e-54	1.85424e-55	4.28469e-57	9.4672e-59	2.0078e-60	3.58395e-61	1.54331e-59	7.17149e-58	3.18798e-56	1.35474e-54	5.49943e-53	2.13096e-51	7.87561e-50	2.77384e-48	9.30222e-47	2.96754e-45	8.99675e-44	2.58945e-42	7.06786e-41	1.82737e-39	4.4699e-38	1.03309e-36	2.25299e-35	4.62946e-34	8.94923e-33	
2.17054e-55	5.13798e-57	1.16233e-58	2.51467e-60	5.22192e-62	9.11746e-63	4.00985e-61	1.90365e-59	8.64688e-58	3.75522e-56	1.55814e-54	6.17239e-53	2.33258e-51	8.40231e-50	2.88247e-48	9.40888e-47	2.91945e-45	8.60223e-44	2.40439e-42	6.36776e-41	1.59602e-39	3.781e-38	8.45493e-37	1.78208e-35	3.53513e-34	
5.84875e-57	1.35541e-58	3.00232e-60	6.36085e-62	1.29351e-63	2.20964e-64	9.92415e-63	4.81279e-61	2.23343e-59	9.91097e-58	4.20267e-56	1.7017e-54	6.5744e-53	2.42155e-51	8.49619e-50	2.837e-48	9.0071e-47	2.71624e-45	7.77228e-44	2.10786e-42	5.41169e-41	1.31365e-39	3.01096e-38	6.50728e-37	1.32408e-35	
1.50149e-58	3.40704e-60	7.3904e-62	1.53351e-63	3.05421e-65	5.10582e-66	2.34159e-64	1.15986e-62	5.49829e-61	2.49273e-59	1.08007e-57	4.46939e-56	1.76495e-54	6.64601e-53	2.38433e-51	8.14267e-50	2.64456e-48	8.16017e-47	2.38974e-45	6.63481e-44	1.74432e-42	4.3372e-41	1.01861e-39	2.25641e-38	4.70763e-37	
3.67539e-60	8.16701e-62	1.73506e-63	3.52648e-65	6.87956e-67	1.12575e-67	5.27141e-66	2.66662e-64	1.29114e-62	5.97954e-61	2.64698e-59	1.11922e-57	4.51688e-56	1.73851e-54	6.37639e-53	2.22664e-51	7.39606e-50	2.33456e-48	6.99547e-47	1.98776e-45	5.34988e-44	1.36216e-42	3.27686e-41	7.43761e-40	1.59047e-38	
8.58516e-62	1.86839e-63	3.888e-65	7.74121e-67	1.47937e-68	2.37014e-69	1.13308e-67	5.85319e-66	2.89432e-64	1.36909e-62	6.19101e-61	2.67443e-59	1.10287e-57	4.33812e-56	1.62633e-54	5.80596e-53	1.97196e-51	6.36598e-50	1.95135e-48	5.67334e-47	1.56273e-45	4.0733e-44	1.0034e-42	2.33277e-41	5.11118e-40	
1.91505e-63	4.08233e-65	8.32188e-67	1.62331e-68	3.0392e-70	4.76831e-71	2.32716e-69	1.22747e-67	6.19812e-66	2.99424e-64	1.38296e-62	6.10274e-61	2.57112e-59	1.0334e-57	3.95927e-56	1.44474e-54	5.01652e-53	1.65593e-51	5.19124e-50	1.54394e-48	4.3514e-47	1.16078e-45	2.92718e-44	6.9685e-43	1.56388e-41	
4.08233e-65	8.5249e-67	1.70255e-68	3.25395e-70	5.96891e-72	9.17278e-73	4.56996e-71	2.461e-69	1.26886e-67	6.25945e-66	2.95256e-64	1.33079e-62	5.72733e-61	2.35182e-59	9.20699e-58	3.43343e-56	1.21857e-54	4.11221e-53	1.31818e-51	4.00949e-50	1.15595e-48	3.15509e-47	8.14261e-46	1.98435e-44	4.56e-43	
8.32188e-67	1.70255e-68	3.33152e-70	6.23911e-72	1.12141e-73	1.68833e-74	8.58607e-73	4.72036e-71	2.48481e-69	1.25161e-67	6.02873e-66	2.77508e-64	1.21987e-62	5.11693e-61	2.04657e-59	7.79838e-58	2.82853e-56	9.75648e-55	3.19724e-53	9.9439e-52	2.93197e-50	8.18612e-49	2.16159e-47	5.39109e-46	1.26818e-44	
1.62331e-68	3.25395e-70	6.23911e-72	1.14499e-73	2.01664e-75	2.97503e-76	1.54432e-74	8.66698e-73	4.65764e-71	2.39528e-69	1.17806e-67	5.53748e-66	2.48593e-64	1.06507e-62	4.3515e-61	1.69402e-59	6.27828e-58	2.21312e-56	7.41296e-55	2.35697e-53	7.1059e-52	2.02902e-50	5.48052e-49	1.3985e-47	3.3667e-46	
3.0392e-70	5.96891e-72	1.12141e-73	2.01664e-75	3.48043e-77	5.04489e-78	2.67408e-76	1.53204e-74	8.40538e-73	4.41335e-71	2.21634e-69	1.06384e-67	4.87738e-66	2.13431e-64	8.90739e-63	3.54255e-61	1.34147e-59	4.83229e-58	1.6543e-56	5.37676e-55	1.65732e-53	4.83923e-52	1.33691e-50	3.48996e-49	8.59685e-48	
4.76831e-71	9.17278e-73	1.68833e-74	2.97503e-76	5.04489e-78	1.529e-78	8.64909e-77	4.94977e-75	2.71217e-73	1.42202e-71	7.12978e-70	3.41623e-68	1.56321e-66	6.82599e-65	2.84223e-63	1.12757e-61	4.25842e-60	1.52959e-58	5.22041e-57	1.69122e-55	5.19507e-54	1.51142e-52	4.15966e-51	1.08157e-49	2.65327e-48	
2.32716e-69	4.56996e-71	8.58607e-73	1.54432e-74	2.67408e-76	8.64909e-77	4.8009e-75	2.68917e-73	1.44209e-71	7.39904e-70	3.62989e-68	1.70159e-66	7.61653e-65	3.25293e-63	1.32455e-61	5.13779e-60	1.8968e-58	6.65893e-57	2.22076e-55	7.0285e-54	2.10871e-52	5.9905e-51	1.60943e-49	4.08392e-48	9.77434e-47	
1.22747e-67	2.461e-69	4.72036e-71	8.66698e-73	1.53204e-74	4.94977e-75	2.68917e-73	1.47597e-71	7.75507e-70	3.89828e-68	1.87352e-66	8.60303e-65	3.77172e-63	1.5776e-61	6.29042e-60	2.38904e-58	8.63469e-57	2.96717e-55	9.68466e-54	2.9993e-52	8.8038e-51	2.44642e-49	6.42784e-48	1.5948e-46	3.73125e-45	
6.19812e-66	1.26886e-67	2.48481e-69	4.65764e-71	8.40538e-73	2.71217e-73	1.44209e-71	7.75507e-70	3.99207e-68	1.96586e-66	9.25485e-65	4.16245e-63	1.78722e-61	7.32022e-60	2.85786e-58	1.06258e-56	3.75921e-55	1.26426e-53	4.03783e-52	1.22342e-50	3.51267e-49	9.54599e-48	2.45237e-46	5.94783e-45	1.35998e-43	
2.99424e-64	6.25945e-66	1.25161e-67	2.39528e-69	4.41335e-71	1.42202e-71	7.39904e-70	3.89828e-68	1.96586e-66	9.48284e-65	4.37261e-63	1.92602e-61	8.09799e-60	3.24757e-58	1.24122e-56	4.5173e-55	1.56407e-53	5.14711e-52	1.6083e-50	4.76651e-49	1.33838e-47	3.55621e-46	8.93052e-45	2.11675e-43	4.72881e-42	
1.38296e-62	2.95256e-64	6.02873e-66	1.17806e-67	2.21634e-69	7.12978e-70	3.62989e-68	1.87352e-66	9.25485e-65	4.37261e-63	1.97462e-61	8.51708e-60	3.50623e-58	1.37656e-56	5.14985e-55	1.83428e-53	6.21451e-52	2.00079e-50	6.11517e-49	1.77238e-47	4.86583e-46	1.26381e-44	3.10159e-43	7.18252e-42	1.56726e-40	
6.10274e-61	1.33079e-62	2.77508e-64	5.53748e-66	1.06384e-67	3.41623e-68	1.70159e-66	8.60303e-65	4.16245e-63	1.92602e-61	8.51708e-60	3.59692e-58	1.44962e-56	5.57077e-55	2.03964e-53	7.10869e-52	2.35623e-50	7.42017e-49	2.21784e-47	6.28487e-46	1.68659e-44	4.28097e-43	1.02645e-41	2.32168e-40	4.94664e-39	
2.57112e-59	5.72733e-61	1.21987e-62	2.48593e-64	4.87738e-66	1.56321e-66	7.61653e-65	3.77172e-63	1.78722e-61	8.09799e-60	3.50623e-58	1.44962e-56	5.71852e-55	2.15072e-53	7.70527e-52	2.62728e-50	8.51793e-49	2.62325e-47	7.66602e-46	2.12347e-44	5.56879e-43	1.38096e-41	3.23401e-40	7.14239e-39	1.48544e-37	
1.0334e-57	2.35182e-59	5.11693e-61	1.06507e-62	2.13431e-64	6.82599e-65	3.25293e-63	1.5776e-61	7.32022e-60	3.24757e-58	1.37656e-56	5.57077e-55	2.15072e-53	7.91496e-52	2.77418e-50	9.25237e-49	2.93351e-47	8.83292e-46	2.52315e-44	6.82994e-43	1.74991e-41	4.23835e-40	9.69142e-39	2.08921e-37	4.23976e-36	
3.95927e-56	9.20699e-58	2.04657e-59	4.3515e-61	8.90739e-63	2.84223e-63	1.32455e-61	6.29042e-60	2.85786e-58	1.24122e-56	5.14985e-55	2.03964e-53	7.70527e-52	2.77418e-50	9.51087e-49	3.10202e-47	9.61588e-46	2.83017e-44	7.90035e-43	2.0893e-41	5.22824e-40	1.23641e-38	2.75956e-37	5.80463e-36	1.14899e-34	
1.44474e-54	3.43343e-56	7.79838e-58	1.69402e-59	3.54255e-61	1.12757e-61	5.13779e-60	2.38904e-58	1.06258e-56	4.5173e-55	1.83428e-53	7.10869e-52	2.62728e-50	9.25237e-49	3.10202e-47	9.89187e-46	2.99729e-44	8.62076e-43	2.35103e-41	6.07248e-40	1.48369e-38	3.42476e-37	7.45832e-36	1.53022e-34	2.9533e-33	
5.01652e-53	1.21857e-54	2.82853e-56	6.27828e-58	1.34147e-59	4.25842e-60	1.8968e-58	8.63469e-57	3.75921e-55	1.56407e-53	6.21451e-52	2.35623e-50	8.51793e-49	2.93351e-47	9.61588e-46	2.99729e-44	8.87508e-43	2.49383e-41	6.64249e-40	1.67517e-38	3.99496e-37	8.99763e-36	1.91122e-34	3.82317e-33	7.19124e-32	
1.65593e-51	4.11221e-53	9.75648e-55	2.21312e-56	4.83229e-58	1.52959e-58	6.65893e-57	2.96717e-55	1.26426e-53	5.14711e-52	2.00079e-50	7.42017e-49	2.62325e-47	8.83292e-46	2.83017e-44	8.62076e-43	2.49383e-41	6.84404e-40	1.77989e-38	4.38123e-37	1.01947e-35	2.23954e-34	4.63807e-33	9.0421e-32	1.65683e-30	
5.19124e-50	1.31818e-51	3.19724e-53	7.41296e-55	1.6543e-56	5.22041e-57	2.22076e-55	9.68466e-54	4.03783e-52	1.6083e-50	6.11517e-49	2.21784e-47	7.66602e-46	2.52315e-44	7.90035e-43	2.35103e-41	6.64249e-40	1.77989e-38	4.51805e-37	1.08512e-35	2.46275e-34	5.27468e-33	1.0646e-31	2.02181e-30	3.60716e-29	
1.54394e-48	4.00949e-50	9.9439e-52	2.35697e-53	5.37676e-55	1.69122e-55	7.0285e-54	2.9993e-52	1.22342e-50	4.76651e-49	1.77238e-47	6.28487e-46	2.12347e-44	6.82994e-43	2.0893e-41	6.07248e-40	1.67517e-38	4.38123e-37	1.08512e-35	2.54195e-34	5.62472e-33	1.17405e-31	2.3083e-30	4.26831e-29	7.41095e-28	
4.3514e-47	1.15595e-48	2.93197e-50	7.1059e-52	1.65732e-53	5.19507e-54	2.10871e-52	8.8038e-51	3.51267e-49	1.33838e-47	4.86583e-46	1.68659e-44	5.56879e-43	1.74991e-41	5.22824e-40	1.48369e-38	3.99496e-37	1.01947e-35	2.46275e-34	5.62472e-33	1.21295e-31	2.46627e-30	4.72122e-29	8.49582e-28	1.43475e-26	
1.16078e-45	3.15509e-47	8.18612e-49	2.02902e-50	4.83923e-52	1.51142e-52	5.9905e-51	2.44642e-49	9.54599e-48	3.55621e-46	1.26381e-44	4.28097e-43	1.38096e-41	4.23835e-40	1.23641e-38	3.42476e-37	8.99763e-36	2.23954e-34	5.27468e-33	1.17405e-31	2.46627e-30	4.88253e-29	9.09582e-28	1.59199e-26	2.61342e-25	
2.92718e-44	8.14261e-46	2.16159e-47	5.48052e-49	1.33691e-50	4.15966e-51	1.60943e-49	6.42784e-48	2.45237e-46	8.93052e-45	3.10159e-43	1.02645e-41	3.23401e-40	9.69142e-39	2.75956e-37	7.45832e-36	1.91122e-34	4.63807e-33	1.0646e-31	2.3083e-30	4.72122e-29	9.09582e-28	1.64811e-26	2.80399e-25	4.47166e-24	
6.9685e-43	1.98435e-44	5.39109e-46	1.3985e-47	3.48996e-49	1.08157e-49	4.08392e-48	1.5948e-46	5.94783e-45	2.11675e-43	7.18252e-42	2.32168e-40	7.14239e-39	2.08921e-37	5.80463e-36	1.53022e-34	3.82317e-33	9.0421e-32	2.02181e-30	4.26831e-29	8.49582e-28	1.59199e-26	2.80399e-25	4.63436e-24	7.17484e-23	
1.56388e-41	4.56e-43	1.26818e-44	3.3667e-46	8.59685e-48	2.65327e-48	9.77434e-47	3.73125e-45	1.35998e-43	4.72881e-42	1.56726e-40	4.94664e-39	1.48544e-37	4.23976e-36	1.14899e-34	2.9533e-33	7.19124e-32	1.65683e-30	3.60716e-29	7.41095e-28	1.43475e-26	2.61342e-25	4.47166e-24	7.17484e-23	1.07759e-21	
