0.314708	0.455444	0.582278	0.693957	0.762628	0.773375	0.728165	0.630335	0.507321	0.372044	0.223322	0.0606	-0.0872957	-0.203707	-0.286602	-0.323797	-0.311713	-0.241247	-0.116076	0.051653	0.235138	0.380784	0.471084	0.518605	0.52674	
0.298959	0.43936	0.5774	0.694728	0.760769	0.771134	0.727582	0.629627	0.494449	0.356049	0.211925	0.0632935	-0.0709246	-0.179434	-0.253753	-0.278922	-0.261452	-0.195132	-0.0798266	0.0804793	0.252114	0.394628	0.483528	0.524036	0.516898	
0.300742	0.442081	0.584154	0.695481	0.751544	0.759867	0.724305	0.635084	0.499794	0.356225	0.218048	0.0807036	-0.0436462	-0.136758	-0.199431	-0.219441	-0.198253	-0.142379	-0.040557	0.10332	0.25447	0.38074	0.459888	0.486116	0.453285	
0.315859	0.454396	0.593804	0.696234	0.749893	0.758578	0.723088	0.640912	0.511917	0.370505	0.233923	0.101025	-0.0174417	-0.105236	-0.160888	-0.18083	-0.153371	-0.0997989	-0.0148137	0.107896	0.239714	0.348031	0.403908	0.404658	0.346763	
0.335764	0.47643	0.606597	0.701145	0.75079	0.759841	0.726339	0.649879	0.530302	0.393229	0.247163	0.107034	-0.0130542	-0.100973	-0.154452	-0.174059	-0.149168	-0.0935857	-0.0149408	0.0911043	0.203001	0.286697	0.314674	0.289265	0.213478	
0.339635	0.483586	0.604593	0.699753	0.750182	0.7577	0.725608	0.646786	0.534576	0.399369	0.244974	0.0949588	-0.0323227	-0.125611	-0.180438	-0.195219	-0.166172	-0.109025	-0.0313435	0.058684	0.146026	0.201426	0.207031	0.162	0.0749193	
0.304223	0.447427	0.571851	0.669927	0.722399	0.72945	0.697263	0.615208	0.499262	0.363659	0.210485	0.0566763	-0.0750311	-0.174436	-0.223716	-0.226733	-0.188495	-0.128269	-0.0582669	0.0155646	0.0791272	0.108453	0.0946611	0.0368385	-0.0494535	
0.22361	0.369831	0.4959	0.59283	0.64252	0.650663	0.618376	0.539231	0.423376	0.283616	0.130477	-0.021026	-0.150133	-0.241873	-0.280222	-0.266175	-0.215178	-0.15211	-0.0920436	-0.0364504	0.00584154	0.0134128	-0.0169019	-0.0776342	-0.152881	
0.113458	0.258414	0.385919	0.475278	0.52358	0.531441	0.499376	0.42663	0.313295	0.17247	0.0247006	-0.119067	-0.242999	-0.322079	-0.3401	-0.308387	-0.245703	-0.178024	-0.123211	-0.0843991	-0.0662949	-0.0785117	-0.118935	-0.177678	-0.240377	
-0.0021678	0.141788	0.263948	0.346136	0.396684	0.406951	0.370567	0.300888	0.194759	0.0562738	-0.0883349	-0.224057	-0.331063	-0.387771	-0.386243	-0.339857	-0.272579	-0.203179	-0.148116	-0.119706	-0.122105	-0.155039	-0.20804	-0.266824	-0.311333	
-0.0973441	0.0343525	0.15115	0.236769	0.29009	0.299272	0.262223	0.189645	0.083656	-0.0438552	-0.178339	-0.303465	-0.389313	-0.424414	-0.4082	-0.354603	-0.288673	-0.225773	-0.171188	-0.147985	-0.165775	-0.219808	-0.286495	-0.336143	-0.356288	
-0.152359	-0.0308489	0.0796028	0.170157	0.234027	0.246403	0.199857	0.119047	0.0141762	-0.10289	-0.224959	-0.328234	-0.399215	-0.431505	-0.409721	-0.349775	-0.287043	-0.229125	-0.174361	-0.154096	-0.182073	-0.246502	-0.321028	-0.361323	-0.360963	
-0.140985	-0.0340781	0.0691191	0.156811	0.219592	0.232523	0.185172	0.106983	0.00818682	-0.0980101	-0.203386	-0.287953	-0.347225	-0.37765	-0.360408	-0.311569	-0.25335	-0.201807	-0.156811	-0.140306	-0.165602	-0.230006	-0.305488	-0.340968	-0.329935	
-0.0640955	0.0272406	0.11966	0.199067	0.255401	0.26744	0.225126	0.154026	0.0645397	-0.0282265	-0.114804	-0.184035	-0.234777	-0.263494	-0.257607	-0.223827	-0.178672	-0.14197	-0.112161	-0.0999612	-0.123992	-0.183032	-0.245364	-0.276702	-0.264985	
0.0609712	0.142918	0.222662	0.292524	0.339981	0.349208	0.314617	0.252639	0.175622	0.0927633	0.0173095	-0.0395626	-0.0768083	-0.0952775	-0.103023	-0.0949824	-0.0802831	-0.0619632	-0.0463526	-0.0481979	-0.0739272	-0.123226	-0.171857	-0.201124	-0.197548	
0.22435	0.287598	0.356527	0.416524	0.451394	0.458101	0.433633	0.382691	0.315011	0.248575	0.188732	0.137815	0.107483	0.0949892	0.0861187	0.068579	0.046952	0.0353764	0.0217101	-0.00426019	-0.0387622	-0.0843229	-0.13211	-0.15671	-0.15656	
0.408239	0.452211	0.506497	0.552296	0.576977	0.581654	0.564647	0.527066	0.472562	0.425888	0.380137	0.337374	0.311888	0.298233	0.28515	0.24731	0.199694	0.153403	0.0995096	0.0382643	-0.02195	-0.0802656	-0.13345	-0.156777	-0.161182	
0.590809	0.611489	0.647821	0.684217	0.702429	0.70571	0.692973	0.664711	0.623172	0.599132	0.577158	0.55152	0.526735	0.506967	0.481671	0.432123	0.361854	0.276577	0.176267	0.0701366	-0.0225279	-0.100108	-0.165365	-0.199306	-0.206439	
0.757806	0.758327	0.774545	0.794391	0.802772	0.802922	0.799376	0.783973	0.761944	0.757625	0.75643	0.745128	0.727407	0.707729	0.671399	0.604886	0.50921	0.385187	0.241181	0.0943958	-0.0303226	-0.128947	-0.207881	-0.255291	-0.266496	
0.904639	0.891777	0.883495	0.87742	0.87533	0.873877	0.877262	0.880137	0.888717	0.898416	0.910886	0.911556	0.90267	0.880877	0.83041	0.745271	0.62878	0.473489	0.299783	0.12454	-0.0323864	-0.163635	-0.259928	-0.31495	-0.329457	
1.03368	1.01111	0.983752	0.953931	0.937895	0.93607	0.945088	0.971279	1.00134	1.02482	1.04227	1.04329	1.0339	1.00765	0.950761	0.850051	0.713265	0.541399	0.350073	0.15692	-0.0313012	-0.194596	-0.310779	-0.37672	-0.391915	
1.14359	1.12744	1.08919	1.0506	1.02627	1.02179	1.03852	1.07288	1.11397	1.13959	1.14655	1.14146	1.12735	1.09508	1.02834	0.920969	0.768649	0.57885	0.376164	0.172944	-0.0249285	-0.203895	-0.338807	-0.415359	-0.430552	
1.24396	1.23344	1.20565	1.18329	1.16242	1.15781	1.17367	1.19634	1.22352	1.24217	1.2418	1.22434	1.19408	1.14588	1.06684	0.95384	0.794234	0.601846	0.389489	0.180411	-0.0130789	-0.188856	-0.326114	-0.404032	-0.419581	
1.34438	1.34994	1.34315	1.33457	1.32727	1.32437	1.33258	1.33871	1.34848	1.34842	1.33267	1.29741	1.24151	1.16853	1.08301	0.966716	0.81059	0.622761	0.41273	0.20105	0.0128501	-0.1512	-0.277245	-0.349945	-0.356551	
1.44237	1.46977	1.49259	1.50204	1.50427	1.50247	1.50412	1.49801	1.47959	1.45504	1.41424	1.35036	1.27217	1.18222	1.08802	0.967711	0.820666	0.644542	0.444662	0.241113	0.0584919	-0.0951364	-0.208078	-0.267571	-0.253752	
1.52167	1.5846	1.64913	1.6958	1.71551	1.71781	1.70712	1.6715	1.60986	1.5473	1.47732	1.38448	1.28396	1.18458	1.07981	0.957546	0.819201	0.660079	0.482537	0.296755	0.122331	-0.0194838	-0.11736	-0.156445	-0.12543	
1.5846	1.70521	1.81488	1.89536	1.93856	1.94647	1.91665	1.85089	1.75222	1.63214	1.51611	1.39767	1.27864	1.17021	1.05847	0.940619	0.813672	0.671554	0.517527	0.352485	0.197654	0.0687688	-0.0175804	-0.0396028	0.00105603	
1.64913	1.81488	1.96996	2.08629	2.15132	2.16438	2.11769	2.02249	1.87989	1.71507	1.55453	1.40165	1.2582	1.13402	1.02517	0.924333	0.820037	0.700177	0.564764	0.415664	0.273267	0.156638	0.081751	0.0678008	0.115786	
1.6958	1.89536	2.08629	2.23667	2.32753	2.34356	2.27997	2.15348	1.97359	1.77649	1.5769	1.39851	1.24241	1.09979	0.989292	0.906648	0.830813	0.731025	0.606815	0.471077	0.339431	0.231309	0.166396	0.158376	0.203947	
1.71551	1.93856	2.15132	2.32753	2.43993	2.45999	2.38205	2.2277	2.02634	1.80462	1.58486	1.39535	1.22742	1.07463	0.96807	0.899738	0.834875	0.745832	0.629137	0.500244	0.381745	0.284478	0.227695	0.223979	0.261233	
1.71781	1.94647	2.16438	2.34356	2.45999	2.48184	2.39955	2.24194	2.03671	1.80907	1.58421	1.39266	1.22373	1.06967	0.965587	0.898558	0.833231	0.748545	0.633024	0.505934	0.389901	0.295773	0.240006	0.236521	0.272061	
1.70712	1.91665	2.11769	2.27997	2.38205	2.39955	2.32939	2.18881	1.99934	1.79113	1.58238	1.39833	1.23656	1.08723	0.978234	0.902779	0.834522	0.738152	0.618045	0.485414	0.3596	0.255862	0.194623	0.188515	0.230991	
1.6715	1.85089	2.02249	2.15348	2.2277	2.24194	2.18881	2.08195	1.92159	1.7436	1.56602	1.40019	1.25092	1.11985	1.01007	0.91639	0.824752	0.714778	0.583527	0.440557	0.301941	0.188384	0.118495	0.106788	0.154948	
1.60986	1.75222	1.87989	1.97359	2.02634	2.03671	1.99934	1.92159	1.80707	1.66632	1.53115	1.40064	1.27133	1.15745	1.04673	0.935058	0.814499	0.679602	0.534633	0.376717	0.22839	0.10505	0.0226174	0.00424088	0.0486992	
1.5473	1.63214	1.71507	1.77649	1.80462	1.80907	1.79113	1.7436	1.66632	1.58082	1.49435	1.39132	1.28399	1.18164	1.07202	0.950209	0.815835	0.664537	0.496661	0.318792	0.151384	0.0148362	-0.0778008	-0.108761	-0.0741146	
1.47732	1.51611	1.55453	1.5769	1.58486	1.58421	1.58238	1.56602	1.53115	1.49435	1.44315	1.36639	1.27919	1.18474	1.08697	0.965291	0.821888	0.651754	0.459803	0.262983	0.0822465	-0.0669278	-0.173956	-0.225668	-0.203251	
1.38448	1.39767	1.40165	1.39851	1.39535	1.39266	1.39833	1.40019	1.40064	1.39132	1.36639	1.32095	1.25619	1.17484	1.08605	0.968197	0.815819	0.631892	0.424256	0.214054	0.0287467	-0.131208	-0.252031	-0.320777	-0.320477	
1.28396	1.27864	1.2582	1.24241	1.22742	1.22373	1.23656	1.25092	1.27133	1.28399	1.27919	1.25619	1.21493	1.15676	1.07525	0.960885	0.801143	0.609708	0.398099	0.186495	-0.00519852	-0.175674	-0.309256	-0.385942	-0.399577	
1.18458	1.17021	1.13402	1.09979	1.07463	1.06967	1.08723	1.11985	1.15745	1.18164	1.18474	1.17484	1.15676	1.1198	1.04715	0.937412	0.781697	0.589303	0.380764	0.175529	-0.0209145	-0.201015	-0.339293	-0.417174	-0.433029	
1.07981	1.05847	1.02517	0.989292	0.96807	0.965587	0.978234	1.01007	1.04673	1.07202	1.08697	1.08605	1.07525	1.04715	0.987253	0.883146	0.739306	0.559538	0.364131	0.16566	-0.0298416	-0.201644	-0.325393	-0.397533	-0.412212	
0.957546	0.940619	0.924333	0.906648	0.899738	0.898558	0.902779	0.91639	0.935058	0.950209	0.965291	0.968197	0.960885	0.937412	0.883146	0.790688	0.665666	0.503723	0.321622	0.138648	-0.0321213	-0.177313	-0.282071	-0.340045	-0.354738	
0.819201	0.813672	0.820037	0.830813	0.834875	0.833231	0.834522	0.824752	0.814499	0.815835	0.821888	0.815819	0.801143	0.781697	0.739306	0.665666	0.562499	0.422697	0.265265	0.10481	-0.0326657	-0.142056	-0.227239	-0.277933	-0.291253	
0.660079	0.671554	0.700177	0.731025	0.745832	0.748545	0.738152	0.714778	0.679602	0.664537	0.651754	0.631892	0.609708	0.589303	0.559538	0.503723	0.422697	0.322812	0.203393	0.0805871	-0.0253944	-0.111477	-0.181798	-0.22223	-0.230424	
0.482537	0.517527	0.564764	0.606815	0.629137	0.633024	0.618045	0.583527	0.534633	0.496661	0.459803	0.424256	0.398099	0.380764	0.364131	0.321622	0.265265	0.203393	0.131394	0.051642	-0.0203256	-0.086151	-0.143531	-0.169364	-0.175233	
0.296755	0.352485	0.415664	0.471077	0.500244	0.505934	0.485414	0.440557	0.376717	0.318792	0.262983	0.214054	0.186495	0.175529	0.16566	0.138648	0.10481	0.0805871	0.051642	0.0132592	-0.0301889	-0.0783745	-0.128005	-0.150809	-0.15341	
0.122331	0.197654	0.273267	0.339431	0.381745	0.389901	0.3596	0.301941	0.22839	0.151384	0.0822465	0.0287467	-0.00519852	-0.0209145	-0.0298416	-0.0321213	-0.0326657	-0.0253944	-0.0203256	-0.0301889	-0.0573871	-0.103429	-0.151193	-0.178961	-0.176597	
-0.0194838	0.0687688	0.156638	0.231309	0.284478	0.295773	0.255862	0.188384	0.10505	0.0148362	-0.0669278	-0.131208	-0.175674	-0.201015	-0.201644	-0.177313	-0.142056	-0.111477	-0.086151	-0.0783745	-0.103429	-0.159441	-0.213958	-0.244835	-0.236066	
-0.11736	-0.0175804	0.081751	0.166396	0.227695	0.240006	0.194623	0.118495	0.0226174	-0.0778008	-0.173956	-0.252031	-0.309256	-0.339293	-0.325393	-0.282071	-0.227239	-0.181798	-0.143531	-0.128005	-0.151193	-0.213958	-0.286095	-0.320476	-0.307068	
-0.156445	-0.0396028	0.0678008	0.158376	0.223979	0.236521	0.188515	0.106788	0.00424088	-0.108761	-0.225668	-0.320777	-0.385942	-0.417174	-0.397533	-0.340045	-0.277933	-0.22223	-0.169364	-0.150809	-0.178961	-0.244835	-0.320476	-0.357742	-0.352746	
-0.12543	0.00105603	0.115786	0.203947	0.261233	0.272061	0.230991	0.154948	0.0486992	-0.0741146	-0.203251	-0.320477	-0.399577	-0.433029	-0.412212	-0.354738	-0.291253	-0.230424	-0.175233	-0.15341	-0.176597	-0.236066	-0.307068	-0.352746	-0.36278	
