-0.270166	-0.278219	-0.286809	-0.297673	-0.303695	-0.304699	-0.300686	-0.29183	-0.281508	-0.272916	-0.271163	-0.2911	-0.327383	-0.381824	-0.439119	-0.483604	-0.500986	-0.468163	-0.375578	-0.247983	-0.109481	0.0141876	0.110824	0.161151	0.16128	
-0.229333	-0.202571	-0.178687	-0.168085	-0.167988	-0.170473	-0.166508	-0.173018	-0.191501	-0.218112	-0.250747	-0.301214	-0.363206	-0.429847	-0.482453	-0.514644	-0.52569	-0.489447	-0.400504	-0.279087	-0.124635	0.0279941	0.150204	0.231137	0.254368	
-0.143806	-0.0798609	-0.0240731	0.00174061	0.00136456	-7.83165e-05	0.00323842	-0.00918741	-0.055266	-0.117536	-0.185648	-0.267842	-0.355405	-0.434471	-0.49088	-0.515112	-0.519676	-0.485878	-0.402065	-0.280409	-0.125042	0.0425937	0.187704	0.290404	0.328439	
-0.0310457	0.0664376	0.148915	0.179917	0.18127	0.181709	0.180926	0.168246	0.103229	0.00811645	-0.0907195	-0.200357	-0.314301	-0.414057	-0.477125	-0.501259	-0.496554	-0.454796	-0.370243	-0.249464	-0.101578	0.060751	0.207981	0.323035	0.375084	
0.0887701	0.208182	0.302724	0.344714	0.348896	0.348305	0.348933	0.326181	0.250382	0.137533	0.0136294	-0.120045	-0.254702	-0.371366	-0.443165	-0.458065	-0.444163	-0.400442	-0.317114	-0.202852	-0.0637857	0.0857103	0.228215	0.344252	0.404858	
0.183191	0.312242	0.41539	0.474831	0.491789	0.492154	0.485726	0.444766	0.358124	0.235664	0.102118	-0.043243	-0.19178	-0.316028	-0.388696	-0.398237	-0.37792	-0.337009	-0.264096	-0.156512	-0.0212284	0.115284	0.250565	0.362299	0.427257	
0.254475	0.39036	0.500259	0.563678	0.585715	0.587235	0.576517	0.531452	0.43909	0.310815	0.165585	0.00914058	-0.151462	-0.277674	-0.337556	-0.342425	-0.317834	-0.278984	-0.217442	-0.115969	0.0144134	0.148936	0.275348	0.379818	0.449381	
0.299609	0.441901	0.551247	0.61332	0.630567	0.630862	0.624487	0.582107	0.490765	0.359636	0.204603	0.039972	-0.125093	-0.250695	-0.306596	-0.307718	-0.28389	-0.241975	-0.179259	-0.0822952	0.0380163	0.167199	0.290061	0.394225	0.467405	
0.315451	0.464434	0.572403	0.632056	0.647232	0.648373	0.642085	0.602625	0.513282	0.378198	0.216582	0.0461917	-0.114606	-0.233736	-0.287032	-0.289006	-0.271138	-0.231115	-0.165233	-0.0696078	0.0435405	0.169681	0.295933	0.40072	0.473357	
0.316568	0.458452	0.559528	0.614487	0.634495	0.63812	0.625294	0.586855	0.504379	0.376903	0.219261	0.0496493	-0.102145	-0.210539	-0.25985	-0.269615	-0.256814	-0.228731	-0.169998	-0.0793763	0.0313406	0.154453	0.278566	0.385395	0.457697	
0.316618	0.440084	0.525214	0.570275	0.591737	0.595286	0.580818	0.547575	0.47902	0.370429	0.226274	0.0654891	-0.0736811	-0.167293	-0.214478	-0.235979	-0.234891	-0.222948	-0.18036	-0.105907	0.00165291	0.123212	0.241645	0.343491	0.420048	
0.313136	0.413261	0.481525	0.517018	0.530674	0.532357	0.523988	0.499202	0.444406	0.357999	0.235618	0.0981913	-0.0156014	-0.0916111	-0.140466	-0.179666	-0.202358	-0.212517	-0.194154	-0.142741	-0.051573	0.0694024	0.187227	0.282397	0.354305	
0.311742	0.391115	0.44261	0.467943	0.473721	0.473695	0.471658	0.456273	0.414727	0.347077	0.25209	0.153639	0.0697916	0.0111508	-0.037186	-0.0951087	-0.142264	-0.175611	-0.185623	-0.164522	-0.105808	-0.00880396	0.1039	0.199305	0.263497	
0.319942	0.371866	0.40628	0.42453	0.427067	0.426983	0.427018	0.415343	0.387462	0.343566	0.278214	0.215317	0.161732	0.116855	0.0750329	0.0139332	-0.0453368	-0.103993	-0.145926	-0.160863	-0.146058	-0.0895258	-0.00105874	0.0887737	0.154138	
0.320644	0.349036	0.362436	0.3776	0.386799	0.388743	0.382334	0.368346	0.355151	0.334319	0.298652	0.269721	0.239763	0.210406	0.178907	0.127045	0.0631838	-0.0106351	-0.0798813	-0.128828	-0.152793	-0.142846	-0.0962095	-0.0305705	0.0295222	
0.313274	0.315871	0.315037	0.324836	0.333705	0.335767	0.328478	0.318046	0.315441	0.314749	0.307928	0.300204	0.293603	0.2797	0.263944	0.226561	0.171016	0.096726	0.0100951	-0.0680893	-0.12667	-0.155722	-0.154379	-0.127918	-0.0827339	
0.283422	0.270902	0.259825	0.254701	0.252943	0.253156	0.253798	0.256577	0.266481	0.277721	0.292726	0.307537	0.318182	0.323754	0.326032	0.312021	0.274132	0.207772	0.11912	0.0159391	-0.0737982	-0.137365	-0.174159	-0.182581	-0.165	
0.222932	0.200554	0.183083	0.163189	0.15045	0.148404	0.156828	0.175468	0.193215	0.212609	0.243125	0.278595	0.310111	0.338428	0.365163	0.378448	0.35988	0.304029	0.218043	0.106818	-0.000511293	-0.0924704	-0.163173	-0.202473	-0.21147	
0.133288	0.0996944	0.0762938	0.0488623	0.0321245	0.0293416	0.040368	0.0661493	0.0897074	0.118091	0.159236	0.20994	0.27021	0.327716	0.383834	0.423421	0.420983	0.371295	0.289507	0.186928	0.0775105	-0.0285988	-0.125502	-0.19232	-0.224551	
0.0176192	-0.0290449	-0.0639135	-0.0945791	-0.111372	-0.113565	-0.103397	-0.0766762	-0.0439529	-0.00231324	0.0516584	0.122515	0.209046	0.298316	0.377499	0.432858	0.43975	0.400496	0.333206	0.245776	0.145537	0.0353211	-0.076712	-0.163863	-0.221434	
-0.112904	-0.173299	-0.219392	-0.255941	-0.276627	-0.279673	-0.266812	-0.234874	-0.193552	-0.138737	-0.0692276	0.0203897	0.126847	0.237339	0.331893	0.392457	0.407986	0.387755	0.345201	0.282133	0.199567	0.0969669	-0.0162916	-0.121401	-0.202681	
-0.257138	-0.333478	-0.389667	-0.429725	-0.455083	-0.459639	-0.441795	-0.407484	-0.358417	-0.290156	-0.202815	-0.0956359	0.0272337	0.144822	0.245346	0.314772	0.346401	0.352109	0.338643	0.29866	0.232117	0.142561	0.0368472	-0.0723152	-0.163024	
-0.413151	-0.503559	-0.5706	-0.613891	-0.637067	-0.640984	-0.624925	-0.590789	-0.532818	-0.452734	-0.348283	-0.226134	-0.0938131	0.0301347	0.136017	0.218884	0.276141	0.313283	0.324762	0.304045	0.255361	0.178305	0.0836064	-0.0162292	-0.0958974	
-0.577812	-0.68207	-0.757974	-0.798051	-0.81225	-0.813462	-0.806378	-0.77859	-0.716188	-0.622415	-0.503402	-0.367302	-0.227273	-0.0950136	0.0193097	0.119605	0.204444	0.27189	0.309518	0.308387	0.2781	0.221646	0.148229	0.0746339	0.0192947	
-0.749235	-0.866288	-0.944406	-0.978459	-0.981589	-0.981246	-0.982301	-0.962593	-0.902754	-0.800551	-0.66481	-0.512437	-0.360091	-0.216989	-0.0845929	0.0340835	0.139665	0.228835	0.287013	0.304918	0.29597	0.266672	0.226764	0.191188	0.167899	
-0.908449	-1.03417	-1.10445	-1.13017	-1.12999	-1.12867	-1.13196	-1.11925	-1.06879	-0.964532	-0.815207	-0.646561	-0.47729	-0.318712	-0.169023	-0.0328049	0.0898334	0.190717	0.262775	0.304226	0.319301	0.321096	0.314614	0.311125	0.315952	
-1.03417	-1.15465	-1.22126	-1.24535	-1.24667	-1.24535	-1.24777	-1.23426	-1.18798	-1.08854	-0.937808	-0.755142	-0.573918	-0.400711	-0.235444	-0.085101	0.0509655	0.163976	0.246312	0.299994	0.336514	0.364186	0.382728	0.404167	0.429047	
-1.10445	-1.22126	-1.28962	-1.32128	-1.33464	-1.33633	-1.32849	-1.30496	-1.25456	-1.15641	-1.01291	-0.834004	-0.644977	-0.461341	-0.285406	-0.12512	0.0235623	0.14433	0.232226	0.295345	0.343711	0.389705	0.428714	0.465383	0.508058	
-1.13017	-1.24535	-1.32128	-1.36889	-1.39835	-1.40409	-1.38249	-1.3433	-1.27971	-1.18105	-1.0432	-0.872375	-0.686769	-0.503619	-0.32335	-0.157916	-0.00526912	0.120115	0.220893	0.299755	0.357797	0.405879	0.450814	0.496214	0.549351	
-1.12999	-1.24667	-1.33464	-1.39835	-1.44679	-1.45625	-1.42027	-1.36253	-1.28544	-1.18046	-1.04483	-0.88094	-0.707324	-0.528712	-0.346608	-0.175533	-0.0218843	0.105015	0.213709	0.304729	0.368267	0.41117	0.453428	0.506458	0.567919	
-1.12867	-1.24535	-1.33633	-1.40409	-1.45625	-1.46654	-1.4278	-1.36539	-1.28514	-1.17905	-1.04401	-0.881426	-0.710266	-0.532967	-0.350458	-0.177917	-0.0239698	0.102182	0.212564	0.306399	0.370282	0.411814	0.453555	0.507486	0.570578	
-1.13196	-1.24777	-1.32849	-1.38249	-1.42027	-1.4278	-1.39977	-1.35296	-1.28378	-1.18268	-1.04607	-0.878648	-0.697112	-0.515443	-0.335274	-0.167491	-0.0140721	0.112572	0.217459	0.301773	0.362678	0.409552	0.453326	0.501643	0.55853	
-1.11925	-1.23426	-1.30496	-1.3433	-1.36253	-1.36539	-1.35296	-1.32293	-1.26761	-1.17051	-1.02991	-0.853845	-0.665632	-0.48044	-0.301793	-0.138886	0.0121836	0.135482	0.227048	0.29574	0.348889	0.397362	0.440325	0.481606	0.528455	
-1.06879	-1.18798	-1.25456	-1.27971	-1.28544	-1.28514	-1.28378	-1.26761	-1.2216	-1.12228	-0.973654	-0.790723	-0.605532	-0.4272	-0.25773	-0.102221	0.0394677	0.1554	0.240484	0.298176	0.339509	0.376092	0.403642	0.4321	0.464954	
-0.964532	-1.08854	-1.15641	-1.18105	-1.18046	-1.17905	-1.18268	-1.17051	-1.12228	-1.02079	-0.868821	-0.693406	-0.518786	-0.354572	-0.197118	-0.055318	0.0726626	0.17845	0.255085	0.302515	0.327875	0.340768	0.345502	0.352579	0.366196	
-0.815207	-0.937808	-1.01291	-1.0432	-1.04483	-1.04401	-1.04607	-1.02991	-0.973654	-0.868821	-0.727381	-0.568193	-0.408752	-0.259741	-0.120886	0.00483887	0.118486	0.213203	0.27756	0.305145	0.304702	0.287695	0.261894	0.240812	0.229942	
-0.646561	-0.755142	-0.834004	-0.872375	-0.88094	-0.881426	-0.878648	-0.853845	-0.790723	-0.693406	-0.568193	-0.425632	-0.281592	-0.145844	-0.0244105	0.0828647	0.176722	0.254632	0.301126	0.306654	0.285266	0.239165	0.178357	0.118724	0.0755718	
-0.47729	-0.573918	-0.644977	-0.686769	-0.707324	-0.710266	-0.697112	-0.665632	-0.605532	-0.518786	-0.408752	-0.281592	-0.145979	-0.0189912	0.0888092	0.178648	0.247626	0.297215	0.319414	0.307264	0.264953	0.1952	0.107451	0.016012	-0.0545509	
-0.318712	-0.400711	-0.461341	-0.503619	-0.528712	-0.532967	-0.515443	-0.48044	-0.4272	-0.354572	-0.259741	-0.145844	-0.0189912	0.100959	0.204102	0.278294	0.318247	0.336527	0.33318	0.300466	0.241201	0.156204	0.0541971	-0.0521059	-0.141796	
-0.169023	-0.235444	-0.285406	-0.32335	-0.346608	-0.350458	-0.335274	-0.301793	-0.25773	-0.197118	-0.120886	-0.0244105	0.0888092	0.204102	0.300923	0.364464	0.38515	0.374959	0.344614	0.291798	0.215029	0.118013	0.00739383	-0.101457	-0.188942	
-0.0328049	-0.085101	-0.12512	-0.157916	-0.175533	-0.177917	-0.167491	-0.138886	-0.102221	-0.055318	0.00483887	0.0828647	0.178648	0.278294	0.364464	0.42282	0.432638	0.399505	0.341009	0.262577	0.168835	0.0602366	-0.0537647	-0.1491	-0.216761	
0.0898334	0.0509655	0.0235623	-0.00526912	-0.0218843	-0.0239698	-0.0140721	0.0121836	0.0394677	0.0726626	0.118486	0.176722	0.247626	0.318247	0.38515	0.432638	0.434532	0.388613	0.310707	0.213113	0.106969	-0.0018099	-0.107182	-0.182253	-0.224064	
0.190717	0.163976	0.14433	0.120115	0.105015	0.102182	0.112572	0.135482	0.1554	0.17845	0.213203	0.254632	0.297215	0.336527	0.374959	0.399505	0.388613	0.334412	0.249603	0.141354	0.0310521	-0.0686618	-0.150557	-0.20185	-0.220623	
0.262775	0.246312	0.232226	0.220893	0.213709	0.212564	0.217459	0.227048	0.240484	0.255085	0.27756	0.301126	0.319414	0.33318	0.344614	0.341009	0.310707	0.249603	0.162101	0.0524318	-0.0467002	-0.12263	-0.173126	-0.194129	-0.187024	
0.304226	0.299994	0.295345	0.299755	0.304729	0.306399	0.301773	0.29574	0.298176	0.302515	0.305145	0.306654	0.307264	0.300466	0.291798	0.262577	0.213113	0.141354	0.0524318	-0.0365416	-0.107752	-0.151616	-0.166592	-0.154332	-0.120347	
0.319301	0.336514	0.343711	0.357797	0.368267	0.370282	0.362678	0.348889	0.339509	0.327875	0.304702	0.285266	0.264953	0.241201	0.215029	0.168835	0.106969	0.0310521	-0.0467002	-0.107752	-0.146233	-0.152893	-0.124909	-0.0742903	-0.0178834	
0.321096	0.364186	0.389705	0.405879	0.41117	0.411814	0.409552	0.397362	0.376092	0.340768	0.287695	0.239165	0.1952	0.156204	0.118013	0.0602366	-0.0018099	-0.0686618	-0.12263	-0.151616	-0.152893	-0.115423	-0.0425163	0.0404748	0.104654	
0.314614	0.382728	0.428714	0.450814	0.453428	0.453555	0.453326	0.440325	0.403642	0.345502	0.261894	0.178357	0.107451	0.0541971	0.00739383	-0.0537647	-0.107182	-0.150557	-0.173126	-0.166592	-0.124909	-0.0425163	0.0631618	0.15779	0.222117	
0.311125	0.404167	0.465383	0.496214	0.506458	0.507486	0.501643	0.481606	0.4321	0.352579	0.240812	0.118724	0.016012	-0.0521059	-0.101457	-0.1491	-0.182253	-0.20185	-0.194129	-0.154332	-0.0742903	0.0404748	0.15779	0.253093	0.32008	
0.315952	0.429047	0.508058	0.549351	0.567919	0.570578	0.55853	0.528455	0.464954	0.366196	0.229942	0.0755718	-0.0545509	-0.141796	-0.188942	-0.216761	-0.224064	-0.220623	-0.187024	-0.120347	-0.0178834	0.104654	0.222117	0.32008	0.397416	
