-0.517393	-0.493833	-0.419507	-0.285227	-0.117058	0.034032	0.130625	0.149714	0.0951954	-0.0179485	-0.164882	-0.324647	-0.480905	-0.601195	-0.684702	-0.756532	-0.82764	-0.863958	-0.847258	-0.792203	-0.717029	-0.638723	-0.572563	-0.52831	-0.498739	
-0.493833	-0.481567	-0.407321	-0.260814	-0.0899931	0.0641022	0.175019	0.220522	0.195659	0.10722	-0.0236575	-0.177465	-0.32448	-0.441618	-0.534556	-0.625639	-0.718057	-0.775682	-0.779105	-0.7383	-0.672939	-0.600759	-0.534261	-0.479181	-0.429386	
-0.419507	-0.407321	-0.325978	-0.185432	-0.0260557	0.126786	0.249519	0.314644	0.313826	0.251159	0.13773	-0.00053708	-0.135114	-0.253684	-0.36196	-0.468985	-0.576123	-0.654708	-0.684414	-0.666458	-0.620558	-0.559599	-0.493896	-0.428681	-0.366582	
-0.285227	-0.260814	-0.185432	-0.0639919	0.081196	0.229268	0.348963	0.417809	0.433337	0.389585	0.296757	0.178043	0.0537031	-0.073217	-0.19751	-0.315627	-0.434408	-0.534577	-0.59268	-0.603516	-0.583516	-0.537491	-0.472787	-0.401388	-0.336581	
-0.117058	-0.0899931	-0.0260557	0.081196	0.216144	0.348537	0.44998	0.515535	0.537596	0.509873	0.439989	0.341233	0.222114	0.0857125	-0.0492823	-0.176946	-0.309553	-0.431463	-0.517587	-0.559551	-0.569297	-0.54119	-0.481557	-0.412954	-0.353326	
0.034032	0.0641022	0.126786	0.229268	0.348537	0.454412	0.53513	0.58928	0.610836	0.597531	0.550507	0.467579	0.352818	0.216459	0.0784202	-0.0606065	-0.208682	-0.349605	-0.458785	-0.529218	-0.56695	-0.558467	-0.513417	-0.456468	-0.407533	
0.130625	0.175019	0.249519	0.348963	0.44998	0.53513	0.594795	0.63381	0.653511	0.654465	0.624628	0.553419	0.452132	0.329644	0.192225	0.0400548	-0.122896	-0.277394	-0.403635	-0.496024	-0.555566	-0.571718	-0.551715	-0.516721	-0.476826	
0.149714	0.220522	0.314644	0.417809	0.515535	0.58928	0.63381	0.6635	0.685857	0.695911	0.673931	0.617847	0.542541	0.439575	0.302169	0.136327	-0.0379582	-0.202688	-0.341713	-0.447386	-0.526028	-0.571581	-0.588851	-0.579481	-0.548409	
0.0951954	0.195659	0.313826	0.433337	0.537596	0.610836	0.653511	0.685857	0.711507	0.722387	0.709053	0.679374	0.635054	0.550891	0.414156	0.241426	0.0608832	-0.112384	-0.258126	-0.373334	-0.469281	-0.551027	-0.607792	-0.626012	-0.603311	
-0.0179485	0.10722	0.251159	0.389585	0.509873	0.597531	0.654465	0.695911	0.722387	0.738115	0.74635	0.748257	0.731141	0.66318	0.534717	0.364709	0.181297	0.00442659	-0.146953	-0.271057	-0.390105	-0.506196	-0.599083	-0.642113	-0.633112	
-0.164882	-0.0236575	0.13773	0.296757	0.439989	0.550507	0.624628	0.673931	0.709053	0.74635	0.784269	0.814372	0.818895	0.772688	0.664293	0.504945	0.327999	0.151786	-0.00334343	-0.144981	-0.287816	-0.431781	-0.549289	-0.615675	-0.627	
-0.324647	-0.177465	-0.00053708	0.178043	0.341233	0.467579	0.553419	0.617847	0.679374	0.748257	0.814372	0.867177	0.896647	0.881718	0.799961	0.662202	0.49946	0.330943	0.164371	-0.000295627	-0.166476	-0.326819	-0.46078	-0.550079	-0.587737	
-0.480905	-0.32448	-0.135114	0.0537031	0.222114	0.352818	0.452132	0.542541	0.635054	0.731141	0.818895	0.896647	0.958402	0.977558	0.930091	0.82172	0.684543	0.52188	0.341221	0.152162	-0.0299743	-0.200074	-0.347388	-0.459303	-0.526312	
-0.601195	-0.441618	-0.253684	-0.073217	0.0857125	0.216459	0.329644	0.439575	0.550891	0.66318	0.772688	0.881718	0.977558	1.03645	1.02947	0.963824	0.855217	0.702649	0.513409	0.312305	0.122114	-0.0566269	-0.217716	-0.351082	-0.446905	
-0.684702	-0.534556	-0.36196	-0.19751	-0.0492823	0.0784202	0.192225	0.302169	0.414156	0.534717	0.664293	0.799961	0.930091	1.02947	1.07209	1.05056	0.975764	0.843776	0.667252	0.472585	0.28124	0.0938503	-0.0818183	-0.233367	-0.358358	
-0.756532	-0.625639	-0.468985	-0.315627	-0.176946	-0.0606065	0.0400548	0.136327	0.241426	0.364709	0.504945	0.662202	0.82172	0.963824	1.05056	1.07266	1.03848	0.949289	0.81104	0.639633	0.454829	0.260027	0.0718629	-0.0996467	-0.256056	
-0.82764	-0.718057	-0.576123	-0.434408	-0.309553	-0.208682	-0.122896	-0.0379582	0.0608832	0.181297	0.327999	0.49946	0.684543	0.855217	0.975764	1.03848	1.05865	1.03354	0.951821	0.818321	0.649253	0.455849	0.255073	0.0596063	-0.132736	
-0.863958	-0.775682	-0.654708	-0.534577	-0.431463	-0.349605	-0.277394	-0.202688	-0.112384	0.00442659	0.151786	0.330943	0.52188	0.702649	0.843776	0.949289	1.03354	1.08157	1.06723	0.983683	0.848086	0.666545	0.457091	0.234135	0.00856833	
-0.847258	-0.779105	-0.684414	-0.59268	-0.517587	-0.458785	-0.403635	-0.341713	-0.258126	-0.146953	-0.00334343	0.164371	0.341221	0.513409	0.667252	0.81104	0.951821	1.06723	1.11933	1.09805	1.00885	0.851989	0.639311	0.397184	0.148173	
-0.792203	-0.7383	-0.666458	-0.603516	-0.559551	-0.529218	-0.496024	-0.447386	-0.373334	-0.271057	-0.144981	-0.000295627	0.152162	0.312305	0.472585	0.639633	0.818321	0.983683	1.09805	1.1399	1.10549	0.981949	0.783278	0.540687	0.28827	
-0.717029	-0.672939	-0.620558	-0.583516	-0.569297	-0.56695	-0.555566	-0.526028	-0.469281	-0.390105	-0.287816	-0.166476	-0.0299743	0.122114	0.28124	0.454829	0.649253	0.848086	1.00885	1.10549	1.12208	1.04479	0.882895	0.670118	0.436089	
-0.638723	-0.600759	-0.559599	-0.537491	-0.54119	-0.558467	-0.571718	-0.571581	-0.551027	-0.506196	-0.431781	-0.326819	-0.200074	-0.0566269	0.0938503	0.260027	0.455849	0.666545	0.851989	0.981949	1.04479	1.02394	0.925822	0.770099	0.580358	
-0.572563	-0.534261	-0.493896	-0.472787	-0.481557	-0.513417	-0.551715	-0.588851	-0.607792	-0.599083	-0.549289	-0.46078	-0.347388	-0.217716	-0.0818183	0.0718629	0.255073	0.457091	0.639311	0.783278	0.882895	0.925822	0.904798	0.827632	0.703525	
-0.52831	-0.479181	-0.428681	-0.401388	-0.412954	-0.456468	-0.516721	-0.579481	-0.626012	-0.642113	-0.615675	-0.550079	-0.459303	-0.351082	-0.233367	-0.0996467	0.0596063	0.234135	0.397184	0.540687	0.670118	0.770099	0.827632	0.836152	0.799558	
-0.498739	-0.429386	-0.366582	-0.336581	-0.353326	-0.407533	-0.476826	-0.548409	-0.603311	-0.633112	-0.627	-0.587737	-0.526312	-0.446905	-0.358358	-0.256056	-0.132736	0.00856833	0.148173	0.28827	0.436089	0.580358	0.703525	0.799558	0.862581	
-0.481293	-0.393794	-0.320015	-0.285861	-0.303867	-0.357678	-0.425602	-0.493718	-0.54872	-0.585103	-0.593824	-0.578524	-0.549295	-0.510293	-0.467121	-0.411805	-0.330564	-0.221271	-0.0994376	0.0352339	0.193095	0.364813	0.541997	0.718106	0.885517	
-0.47446	-0.379926	-0.298976	-0.256671	-0.264288	-0.309166	-0.368596	-0.43223	-0.485988	-0.52511	-0.542782	-0.546236	-0.550152	-0.558212	-0.569491	-0.566317	-0.526587	-0.44402	-0.337008	-0.207052	-0.0451425	0.148405	0.369393	0.617637	0.877469	
-0.481591	-0.392936	-0.309416	-0.25522	-0.247016	-0.273768	-0.319285	-0.373237	-0.422243	-0.462294	-0.487731	-0.5103	-0.546235	-0.597019	-0.655446	-0.695895	-0.692047	-0.635586	-0.544701	-0.421744	-0.25339	-0.0388057	0.222794	0.527384	0.8599	
-0.502061	-0.421168	-0.338441	-0.277209	-0.252787	-0.259248	-0.28201	-0.316842	-0.355045	-0.394931	-0.432622	-0.476765	-0.539782	-0.619705	-0.705916	-0.774643	-0.798927	-0.769176	-0.698464	-0.582663	-0.406885	-0.168982	0.124691	0.469524	0.846798	
-0.524734	-0.448948	-0.368406	-0.303507	-0.269696	-0.257798	-0.258219	-0.272087	-0.29712	-0.337282	-0.38618	-0.448003	-0.528647	-0.621772	-0.719907	-0.801599	-0.8447	-0.835856	-0.782131	-0.673266	-0.49073	-0.237517	0.0769987	0.441446	0.840986	
-0.530103	-0.454174	-0.37358	-0.308912	-0.272718	-0.257918	-0.253657	-0.262721	-0.28555	-0.325298	-0.377076	-0.442675	-0.52616	-0.621976	-0.720749	-0.805112	-0.850976	-0.846561	-0.796263	-0.688471	-0.505119	-0.248189	0.0692675	0.437763	0.839933	
-0.511946	-0.433891	-0.352165	-0.288675	-0.260253	-0.258249	-0.271058	-0.296665	-0.328404	-0.368443	-0.410969	-0.463355	-0.535267	-0.621666	-0.714563	-0.789354	-0.822984	-0.802887	-0.740266	-0.627928	-0.448789	-0.203759	0.100578	0.455044	0.844062	
-0.48854	-0.402662	-0.318866	-0.261452	-0.246062	-0.265253	-0.302798	-0.350165	-0.396055	-0.435765	-0.465956	-0.497219	-0.544701	-0.609651	-0.680943	-0.735048	-0.742804	-0.697447	-0.614305	-0.494278	-0.32312	-0.0985243	0.177029	0.500414	0.853753	
-0.475046	-0.382483	-0.300308	-0.252923	-0.254804	-0.29273	-0.347425	-0.408567	-0.460844	-0.500847	-0.520941	-0.531419	-0.548503	-0.57446	-0.60704	-0.622454	-0.598304	-0.525661	-0.424773	-0.297572	-0.133391	0.0680568	0.306221	0.57862	0.870851	
-0.477448	-0.385057	-0.307907	-0.271337	-0.286102	-0.337314	-0.402354	-0.46865	-0.523967	-0.561713	-0.57487	-0.567267	-0.550756	-0.530797	-0.508761	-0.475324	-0.410559	-0.312716	-0.196348	-0.0636348	0.0960896	0.276853	0.472192	0.678654	0.884961	
-0.490338	-0.413226	-0.345741	-0.314404	-0.333184	-0.388379	-0.457915	-0.528859	-0.583662	-0.617139	-0.617602	-0.588499	-0.539665	-0.474627	-0.402861	-0.317454	-0.21122	-0.0828108	0.0488781	0.187047	0.339798	0.496414	0.642574	0.771189	0.876516	
-0.515173	-0.458071	-0.40237	-0.373534	-0.387075	-0.435814	-0.501591	-0.569671	-0.621692	-0.644051	-0.626789	-0.571895	-0.49229	-0.394911	-0.286429	-0.164064	-0.0173516	0.14347	0.297509	0.439504	0.57801	0.697647	0.783218	0.826853	0.829014	
-0.552051	-0.511403	-0.468017	-0.444459	-0.454213	-0.490654	-0.538695	-0.588458	-0.620017	-0.622919	-0.582163	-0.502216	-0.396946	-0.274987	-0.145903	0.00148776	0.176216	0.369228	0.544555	0.689452	0.801925	0.869228	0.880408	0.836799	0.745377	
-0.610082	-0.572807	-0.533566	-0.513469	-0.520195	-0.543413	-0.56672	-0.581479	-0.577817	-0.547781	-0.483781	-0.384576	-0.262209	-0.123997	0.0213965	0.182675	0.375752	0.58505	0.772645	0.909624	0.988587	0.993011	0.925303	0.798914	0.632897	
-0.685185	-0.644093	-0.597442	-0.568318	-0.563349	-0.569688	-0.567411	-0.548367	-0.503927	-0.438144	-0.346564	-0.232318	-0.0994377	0.0495209	0.205769	0.377602	0.573986	0.780692	0.954245	1.06693	1.10248	1.04692	0.90783	0.714944	0.495504	
-0.763754	-0.714058	-0.650137	-0.598137	-0.567019	-0.548554	-0.524267	-0.481977	-0.41338	-0.31851	-0.201993	-0.0670505	0.0779119	0.234424	0.39532	0.566402	0.753916	0.934634	1.07046	1.13555	1.12248	1.01567	0.829009	0.594396	0.346779	
-0.828668	-0.767131	-0.682301	-0.601988	-0.539	-0.491154	-0.444483	-0.388057	-0.307152	-0.198907	-0.0605814	0.0983169	0.26588	0.432909	0.590369	0.745381	0.903795	1.04143	1.1195	1.1239	1.05608	0.911532	0.70176	0.456573	0.20342	
-0.863069	-0.783569	-0.672859	-0.563953	-0.471212	-0.397518	-0.331638	-0.261804	-0.1746	-0.0596107	0.087069	0.264042	0.451248	0.630062	0.777156	0.89911	1.00774	1.08421	1.09694	1.03708	0.918828	0.745817	0.533999	0.301537	0.0650146	
-0.848314	-0.746713	-0.612655	-0.478584	-0.361906	-0.268014	-0.187108	-0.106314	-0.0103235	0.108259	0.256273	0.432213	0.622722	0.799559	0.929987	1.00955	1.05531	1.0592	1.00397	0.888595	0.730863	0.540814	0.335999	0.129383	-0.077135	
-0.786562	-0.664293	-0.51234	-0.363311	-0.229324	-0.119048	-0.024602	0.066955	0.169359	0.291848	0.434831	0.598648	0.769531	0.925102	1.02672	1.06507	1.05082	0.985625	0.868023	0.710268	0.529818	0.334674	0.141123	-0.0392347	-0.209944	
-0.713248	-0.570147	-0.404733	-0.244841	-0.100633	0.0234042	0.132896	0.237823	0.347874	0.469718	0.604862	0.749831	0.89245	1.00929	1.07076	1.06668	1.00711	0.889322	0.72567	0.537948	0.348519	0.157364	-0.023194	-0.182548	-0.319556	
-0.637613	-0.480512	-0.297511	-0.1241	0.0311405	0.161217	0.276661	0.389019	0.502179	0.618498	0.736436	0.857041	0.966991	1.04179	1.05418	1.00609	0.910198	0.764367	0.576857	0.376442	0.184378	0.00284681	-0.164678	-0.304868	-0.412813	
-0.534367	-0.375206	-0.184751	0.00265093	0.167833	0.299444	0.405046	0.505164	0.607819	0.711208	0.807787	0.897722	0.973322	1.00825	0.975837	0.883327	0.757069	0.597799	0.412286	0.215963	0.0298837	-0.144061	-0.296278	-0.417425	-0.495739	
-0.389714	-0.238485	-0.0551436	0.128813	0.296648	0.425161	0.516268	0.590355	0.664632	0.745556	0.820325	0.882244	0.923836	0.922273	0.853688	0.725959	0.572464	0.406567	0.234345	0.0595867	-0.114521	-0.278656	-0.418517	-0.515947	-0.565893	
-0.227463	-0.0842223	0.0836268	0.251006	0.402791	0.521395	0.60028	0.654504	0.69857	0.747967	0.798384	0.837644	0.851236	0.817021	0.718472	0.56696	0.39392	0.220872	0.0618179	-0.0883643	-0.241175	-0.393229	-0.517691	-0.593284	-0.614126	
