-0.115124	-0.108994	-0.0776158	-0.0411723	-0.0192494	-0.016318	-0.0305109	-0.061999	-0.0988894	-0.116752	-0.102591	-0.0512671	0.0392137	0.143279	0.223028	0.275936	0.309815	0.31385	0.288629	0.237484	0.164729	0.0790999	-0.014822	-0.115947	-0.212297	
-0.0661331	-0.0696919	-0.0505949	-0.0260223	-0.0101149	-0.00622171	-0.0186722	-0.0407765	-0.0636972	-0.0715876	-0.0459634	0.0179919	0.115862	0.22409	0.317629	0.387739	0.434719	0.43769	0.405597	0.355599	0.290135	0.211907	0.135864	0.0695435	0.00250797	
-0.0192812	-0.0422239	-0.0475231	-0.0412091	-0.0399018	-0.0400341	-0.040168	-0.0454778	-0.0458676	-0.0313968	0.00818721	0.0791381	0.177561	0.286348	0.387367	0.466555	0.5138	0.51472	0.471352	0.415667	0.357604	0.294905	0.241042	0.206466	0.180708	
0.0194744	-0.0295267	-0.0669277	-0.0915705	-0.110767	-0.115558	-0.100085	-0.0778007	-0.0463352	-0.00172079	0.0579329	0.136806	0.231277	0.336966	0.435621	0.507647	0.544557	0.533834	0.485626	0.427765	0.374888	0.333135	0.307253	0.301253	0.310986	
0.0426462	-0.0352152	-0.105099	-0.160398	-0.203892	-0.21206	-0.180387	-0.128076	-0.0650631	0.0109157	0.0934327	0.183002	0.28013	0.381923	0.468788	0.521234	0.535925	0.511649	0.464934	0.409272	0.35929	0.336689	0.335546	0.355194	0.389772	
0.053343	-0.0491276	-0.14575	-0.227639	-0.292864	-0.305649	-0.257534	-0.180285	-0.0891489	0.0124172	0.115562	0.219107	0.321201	0.417662	0.488548	0.518119	0.509252	0.471319	0.418545	0.358416	0.312291	0.300526	0.317081	0.358245	0.416793	
0.0706834	-0.0508777	-0.169536	-0.277902	-0.359562	-0.374715	-0.315938	-0.214696	-0.0988572	0.0222611	0.141927	0.255834	0.35737	0.446696	0.500892	0.503342	0.47575	0.423189	0.352777	0.283757	0.235583	0.225354	0.255777	0.313622	0.392269	
0.109383	-0.0255049	-0.167981	-0.299484	-0.389104	-0.404572	-0.34261	-0.223705	-0.0818046	0.0566892	0.186535	0.304824	0.399024	0.466881	0.500293	0.483063	0.438594	0.365275	0.271994	0.183708	0.128074	0.119712	0.159564	0.232964	0.327313	
0.166379	0.0205507	-0.140274	-0.28332	-0.376495	-0.394347	-0.328271	-0.201544	-0.0437709	0.111135	0.242821	0.352046	0.433123	0.48333	0.496906	0.467152	0.398396	0.298182	0.179892	0.0683521	0.00520765	0.00234582	0.052957	0.13318	0.236168	
0.217282	0.0710446	-0.0976669	-0.242513	-0.33496	-0.35025	-0.287861	-0.160018	0.00325048	0.163554	0.287075	0.381943	0.452385	0.484582	0.48688	0.449924	0.365526	0.236505	0.0923672	-0.0363674	-0.109972	-0.115953	-0.0607587	0.0346711	0.140071	
0.23819	0.102839	-0.0573766	-0.199376	-0.28435	-0.297615	-0.242241	-0.118648	0.0402369	0.187636	0.304611	0.389497	0.447077	0.473001	0.471584	0.427499	0.327587	0.180942	0.0192623	-0.121566	-0.204104	-0.214181	-0.159817	-0.0635745	0.0369756	
0.230911	0.110665	-0.0289568	-0.163826	-0.241961	-0.254586	-0.203715	-0.0866044	0.0570578	0.184772	0.293236	0.372923	0.428233	0.454563	0.442827	0.390155	0.281085	0.123651	-0.0421775	-0.181574	-0.270508	-0.285991	-0.24127	-0.159879	-0.062892	
0.20143	0.0915414	-0.0286633	-0.148232	-0.219921	-0.233561	-0.183569	-0.0794775	0.0453078	0.15889	0.261789	0.343551	0.399997	0.422973	0.399485	0.336803	0.220752	0.0697466	-0.087203	-0.219784	-0.305167	-0.327964	-0.300641	-0.24249	-0.160721	
0.152726	0.0460908	-0.0646312	-0.166103	-0.234042	-0.246124	-0.199585	-0.106674	0.00139671	0.111626	0.210056	0.295555	0.351013	0.366695	0.336128	0.263687	0.152502	0.0194034	-0.119192	-0.240527	-0.317715	-0.346404	-0.333407	-0.29524	-0.232564	
0.0714707	-0.0349392	-0.140497	-0.228264	-0.28706	-0.297095	-0.256113	-0.178545	-0.0781392	0.0301376	0.129366	0.212866	0.260398	0.270117	0.241555	0.170447	0.072634	-0.0339572	-0.150048	-0.249307	-0.309753	-0.333441	-0.330029	-0.303701	-0.247931	
-0.0589314	-0.166646	-0.267364	-0.342837	-0.389983	-0.398834	-0.364857	-0.301006	-0.209137	-0.100829	-0.00242662	0.0765882	0.120432	0.131292	0.111239	0.055466	-0.0157667	-0.0904668	-0.174468	-0.240133	-0.273161	-0.279809	-0.268915	-0.242647	-0.19024	
-0.239688	-0.34397	-0.437423	-0.499612	-0.537141	-0.545455	-0.51636	-0.466433	-0.384053	-0.280802	-0.184898	-0.110198	-0.0644105	-0.0498769	-0.0570534	-0.0841488	-0.120247	-0.152127	-0.184344	-0.20314	-0.200874	-0.181658	-0.156369	-0.121761	-0.0683091	
-0.452256	-0.544656	-0.623331	-0.680053	-0.710641	-0.717522	-0.694559	-0.650019	-0.577986	-0.49015	-0.398114	-0.323319	-0.27302	-0.242286	-0.234099	-0.234078	-0.2272	-0.202767	-0.177707	-0.142113	-0.0968448	-0.0535437	-0.0108744	0.0331784	0.0919984	
-0.66025	-0.735925	-0.793457	-0.83582	-0.855058	-0.857603	-0.84624	-0.813209	-0.760525	-0.692679	-0.606937	-0.526731	-0.463816	-0.419655	-0.393795	-0.368189	-0.322589	-0.251495	-0.167524	-0.0785942	0.00209091	0.0730013	0.139014	0.200285	0.253339	
-0.829753	-0.892227	-0.928376	-0.945246	-0.950904	-0.950643	-0.949468	-0.935938	-0.909929	-0.857832	-0.781122	-0.695351	-0.61643	-0.557861	-0.512317	-0.462949	-0.391675	-0.285259	-0.153135	-0.0220957	0.0925367	0.190063	0.268351	0.332103	0.379785	
-0.945401	-0.99885	-1.01633	-1.01156	-1.00055	-0.998355	-1.00691	-1.01591	-1.01019	-0.970365	-0.899755	-0.809715	-0.726615	-0.657006	-0.597562	-0.528157	-0.433901	-0.296751	-0.132352	0.0335648	0.17232	0.276598	0.355534	0.410895	0.449033	
-1.00149	-1.04138	-1.04577	-1.02442	-1.00071	-0.996758	-1.01267	-1.03978	-1.04667	-1.0221	-0.962138	-0.881897	-0.80637	-0.737018	-0.665721	-0.57826	-0.466428	-0.307829	-0.12707	0.0600531	0.214179	0.326744	0.39914	0.441957	0.470093	
-1.01614	-1.03444	-1.02181	-0.984609	-0.952712	-0.946968	-0.96909	-1.00863	-1.03305	-1.02772	-0.99105	-0.929806	-0.865723	-0.804966	-0.732478	-0.637868	-0.508145	-0.335954	-0.135909	0.0589992	0.217601	0.330167	0.397578	0.433187	0.455094	
-1.00398	-0.993025	-0.956993	-0.904905	-0.867926	-0.861442	-0.886753	-0.936738	-0.981318	-1.00284	-0.99747	-0.967543	-0.92263	-0.873589	-0.808277	-0.713141	-0.568958	-0.384597	-0.171316	0.0287318	0.188693	0.294132	0.353352	0.387523	0.409609	
-0.963809	-0.91698	-0.855566	-0.796045	-0.753274	-0.744541	-0.776188	-0.830578	-0.893542	-0.947292	-0.98208	-0.990806	-0.978739	-0.948396	-0.896181	-0.801788	-0.647399	-0.451133	-0.235883	-0.0370259	0.119557	0.217891	0.280167	0.318176	0.339967	
-0.899828	-0.81874	-0.734757	-0.662241	-0.61198	-0.601942	-0.63891	-0.70378	-0.784423	-0.868824	-0.94062	-0.991248	-1.01424	-1.01121	-0.974264	-0.883077	-0.733956	-0.537982	-0.323002	-0.125592	0.025469	0.125577	0.184394	0.221114	0.237791	
-0.81874	-0.70988	-0.603872	-0.515289	-0.456023	-0.444641	-0.487477	-0.565606	-0.666517	-0.77584	-0.878947	-0.966554	-1.02145	-1.04366	-1.0232	-0.942245	-0.803432	-0.623392	-0.423462	-0.232398	-0.0812309	0.0193047	0.076269	0.106935	0.108589	
-0.734757	-0.603872	-0.47807	-0.375134	-0.306587	-0.29434	-0.341908	-0.433208	-0.55178	-0.683152	-0.809014	-0.920188	-1.00011	-1.04132	-1.03535	-0.969687	-0.852562	-0.694534	-0.511861	-0.331058	-0.185233	-0.0895059	-0.0389145	-0.0241461	-0.0440764	
-0.662241	-0.515289	-0.375134	-0.261028	-0.187921	-0.173604	-0.226176	-0.32533	-0.457266	-0.604315	-0.744916	-0.864903	-0.956502	-1.01447	-1.0232	-0.97731	-0.885316	-0.746718	-0.571674	-0.40074	-0.268262	-0.184703	-0.150666	-0.154887	-0.183215	
-0.61198	-0.456023	-0.306587	-0.187921	-0.114715	-0.10141	-0.152339	-0.254278	-0.394262	-0.550215	-0.69979	-0.825321	-0.922732	-0.986692	-1.00629	-0.977088	-0.898632	-0.774705	-0.605543	-0.44457	-0.321772	-0.250068	-0.221213	-0.229491	-0.265996	
-0.601942	-0.444641	-0.29434	-0.173604	-0.10141	-0.0884797	-0.13824	-0.240958	-0.38257	-0.539936	-0.690213	-0.818799	-0.916406	-0.982276	-1.00326	-0.976183	-0.899516	-0.780631	-0.613519	-0.453083	-0.331693	-0.260887	-0.234857	-0.24215	-0.279124	
-0.63891	-0.487477	-0.341908	-0.226176	-0.152339	-0.13824	-0.19099	-0.291176	-0.427236	-0.579098	-0.723878	-0.845706	-0.940261	-1.00077	-1.01539	-0.978315	-0.893325	-0.760454	-0.587006	-0.420813	-0.293528	-0.216386	-0.185311	-0.19287	-0.225271	
-0.70378	-0.565606	-0.433208	-0.32533	-0.254278	-0.240958	-0.291176	-0.386421	-0.510503	-0.649437	-0.781834	-0.897881	-0.98399	-1.03299	-1.03256	-0.973532	-0.867718	-0.718785	-0.540099	-0.362589	-0.221958	-0.129347	-0.0861825	-0.0796413	-0.104104	
-0.784423	-0.666517	-0.55178	-0.457266	-0.394262	-0.38257	-0.427236	-0.510503	-0.619654	-0.737888	-0.851275	-0.950253	-1.01651	-1.04616	-1.03213	-0.957178	-0.825192	-0.653556	-0.461326	-0.274338	-0.124186	-0.025227	0.0310901	0.0568331	0.049404	
-0.868824	-0.77584	-0.683152	-0.604315	-0.550215	-0.539936	-0.579098	-0.649437	-0.737888	-0.832691	-0.917891	-0.984159	-1.02087	-1.02887	-0.998026	-0.910005	-0.764446	-0.573494	-0.362882	-0.167472	-0.0158403	0.084567	0.142702	0.177096	0.188889	
-0.94062	-0.878947	-0.809014	-0.744916	-0.69979	-0.690213	-0.723878	-0.781834	-0.851275	-0.917891	-0.968671	-0.994426	-0.996074	-0.976958	-0.930134	-0.83594	-0.682273	-0.483903	-0.268715	-0.0699737	0.0836392	0.181828	0.244059	0.282608	0.303341	
-0.991248	-0.966554	-0.920188	-0.864903	-0.825321	-0.818799	-0.845706	-0.897881	-0.950253	-0.984159	-0.994426	-0.979161	-0.946303	-0.902835	-0.842575	-0.748046	-0.599007	-0.408275	-0.193681	0.00623636	0.165759	0.26744	0.326913	0.362806	0.384746	
-1.01424	-1.02145	-1.00011	-0.956502	-0.922732	-0.916406	-0.940261	-0.98399	-1.01651	-1.02087	-0.996074	-0.946303	-0.887917	-0.832119	-0.761394	-0.665775	-0.529744	-0.353693	-0.146828	0.0510542	0.210211	0.320992	0.383674	0.418421	0.440586	
-1.01121	-1.04366	-1.04132	-1.01447	-0.986692	-0.982276	-1.00077	-1.03299	-1.04616	-1.02887	-0.976958	-0.902835	-0.832119	-0.764057	-0.69153	-0.600444	-0.481441	-0.316048	-0.127637	0.0629272	0.21982	0.332683	0.4048	0.443505	0.467308	
-0.974264	-1.0232	-1.03535	-1.0232	-1.00629	-1.00326	-1.01539	-1.03256	-1.03213	-0.998026	-0.930134	-0.842575	-0.761394	-0.69153	-0.626496	-0.548515	-0.446885	-0.300827	-0.128917	0.0477326	0.194137	0.302565	0.377361	0.427363	0.462338	
-0.883077	-0.942245	-0.969687	-0.97731	-0.977088	-0.976183	-0.978315	-0.973532	-0.957178	-0.910005	-0.83594	-0.748046	-0.665775	-0.600444	-0.548515	-0.491464	-0.411085	-0.291132	-0.144147	0.00197352	0.127213	0.229178	0.310048	0.370968	0.414322	
-0.733956	-0.803432	-0.852562	-0.885316	-0.898632	-0.899516	-0.893325	-0.867718	-0.825192	-0.764446	-0.682273	-0.599007	-0.529744	-0.481441	-0.446885	-0.411085	-0.353707	-0.268214	-0.163372	-0.0559381	0.0390626	0.12165	0.194486	0.258781	0.309658	
-0.537982	-0.623392	-0.694534	-0.746718	-0.774705	-0.780631	-0.760454	-0.718785	-0.653556	-0.573494	-0.483903	-0.408275	-0.353693	-0.316048	-0.300827	-0.291132	-0.268214	-0.222535	-0.173358	-0.115593	-0.0553052	-0.00219393	0.0499518	0.100674	0.158188	
-0.323002	-0.423462	-0.511861	-0.571674	-0.605543	-0.613519	-0.587006	-0.540099	-0.461326	-0.362882	-0.268715	-0.193681	-0.146828	-0.127637	-0.128917	-0.144147	-0.163372	-0.173358	-0.182743	-0.180818	-0.161134	-0.13216	-0.100739	-0.062645	-0.00657327	
-0.125592	-0.232398	-0.331058	-0.40074	-0.44457	-0.453083	-0.420813	-0.362589	-0.274338	-0.167472	-0.0699737	0.00623636	0.0510542	0.0629272	0.0477326	0.00197352	-0.0559381	-0.115593	-0.180818	-0.228	-0.248989	-0.245785	-0.229423	-0.200043	-0.147483	
0.025469	-0.0812309	-0.185233	-0.268262	-0.321772	-0.331693	-0.293528	-0.221958	-0.124186	-0.0158403	0.0836392	0.165759	0.210211	0.21982	0.194137	0.127213	0.0390626	-0.0553052	-0.161134	-0.248989	-0.299041	-0.316957	-0.312172	-0.288039	-0.234341	
0.125577	0.0193047	-0.0895059	-0.184703	-0.250068	-0.260887	-0.216386	-0.129347	-0.025227	0.084567	0.181828	0.26744	0.320992	0.332683	0.302565	0.229178	0.12165	-0.00219393	-0.13216	-0.245785	-0.316957	-0.345337	-0.33845	-0.305712	-0.24673	
0.184394	0.076269	-0.0389145	-0.150666	-0.221213	-0.234857	-0.185311	-0.0861825	0.0310901	0.142702	0.244059	0.326913	0.383674	0.4048	0.377361	0.310048	0.194486	0.0499518	-0.100739	-0.229423	-0.312172	-0.33845	-0.316947	-0.267631	-0.194694	
0.221114	0.106935	-0.0241461	-0.154887	-0.229491	-0.24215	-0.19287	-0.0796413	0.0568331	0.177096	0.282608	0.362806	0.418421	0.443505	0.427363	0.370968	0.258781	0.100674	-0.062645	-0.200043	-0.288039	-0.305712	-0.267631	-0.195749	-0.102492	
0.237791	0.108589	-0.0440764	-0.183215	-0.265996	-0.279124	-0.225271	-0.104104	0.049404	0.188889	0.303341	0.384746	0.440586	0.467308	0.462338	0.414322	0.309658	0.158188	-0.00657327	-0.147483	-0.234341	-0.24673	-0.194694	-0.102492	-0.00338321	
