0.000502916	0.0001408	3.65726e-05	8.88246e-06	2.21854e-06	1.50395e-06	5.00414e-06	2.09346e-05	8.29026e-05	0.000305194	0.00103988	0.00326571	0.00940935	0.0247466	0.0590772	0.12725	0.24578	0.42323	0.647122	0.878603	1.06753	1.18244	1.22429	1.2028	1.10916	
0.000259364	6.9872e-05	1.74966e-05	4.10192e-06	9.8724e-07	6.60609e-07	2.28086e-06	9.88534e-06	4.05756e-05	0.000155092	0.000549781	0.00180033	0.00542241	0.0149493	0.0375259	0.0852747	0.174359	0.318857	0.518902	0.749764	0.965294	1.12207	1.20548	1.22516	1.18264	
0.000126404	3.27607e-05	7.90721e-06	1.78918e-06	4.14917e-07	2.74013e-07	9.81922e-07	4.40935e-06	1.8763e-05	7.44806e-05	0.000274751	0.000938393	0.00295537	0.008544	0.0225613	0.0541186	0.117236	0.22798	0.39575	0.610852	0.838474	1.03143	1.15825	1.21833	1.2214	
5.81142e-05	1.44905e-05	3.37121e-06	7.36281e-07	1.64542e-07	1.07234e-07	3.98833e-07	1.85548e-06	8.18531e-06	3.37434e-05	0.000129532	0.000461426	0.00151954	0.00460658	0.0127962	0.0324041	0.0743909	0.153922	0.28538	0.471805	0.693874	0.910509	1.07907	1.18147	1.22537	
2.51681e-05	6.03909e-06	1.35458e-06	2.85622e-07	6.15294e-08	3.95693e-08	1.52719e-07	7.35899e-07	3.36481e-06	1.44024e-05	5.75191e-05	0.000213647	0.000735456	0.0023372	0.00682726	0.0182451	0.0443755	0.0976852	0.193518	0.343156	0.542533	0.764376	0.965651	1.11178	1.19619	
1.02567e-05	2.36941e-06	5.12595e-07	1.0439e-07	2.16873e-08	1.37626e-08	5.51012e-08	2.74897e-07	1.30233e-06	5.78553e-06	2.4028e-05	9.30138e-05	0.000334513	0.00111366	0.00341857	0.00963372	0.0248043	0.0580498	0.122816	0.233633	0.397726	0.604248	0.820585	1.00541	1.13321	
3.93061e-06	8.74697e-07	1.82611e-07	3.59364e-08	7.20412e-09	4.5114e-09	1.87278e-08	9.66842e-08	4.74348e-07	2.1859e-06	9.43488e-06	3.80375e-05	0.000142806	0.00049763	0.00160366	0.00476027	0.012959	0.0322018	0.0726707	0.148168	0.27159	0.445796	0.654388	0.862239	1.03204	
1.41596e-06	3.03758e-07	6.12368e-08	1.16522e-08	2.25552e-09	1.39392e-09	5.99613e-09	3.20135e-08	1.62556e-07	7.7653e-07	3.48073e-06	1.46025e-05	5.71772e-05	0.000208322	0.000703925	0.00219796	0.00631682	0.0166379	0.0399776	0.087209	0.171885	0.304765	0.484695	0.691502	0.889988	
4.79472e-07	9.92365e-08	1.93326e-08	3.55936e-09	6.65766e-10	4.06083e-10	1.80889e-09	9.9809e-09	5.24165e-08	2.59367e-07	1.20633e-06	5.2613e-06	2.14625e-05	8.16623e-05	0.000288935	0.000947519	0.00286966	0.00799557	0.0204098	0.0475224	0.10048	0.192095	0.330869	0.512502	0.714971	
1.5265e-07	3.05083e-08	5.74797e-09	1.02471e-09	1.85355e-10	1.11595e-10	5.14386e-10	2.93104e-09	1.59083e-08	8.14714e-08	3.92823e-07	1.77929e-06	7.55312e-06	2.99728e-05	0.000110879	0.00038124	0.00121442	0.00357154	0.00966136	0.0239448	0.0541515	0.111298	0.207138	0.348139	0.528013	
4.57141e-08	8.8304e-09	1.61033e-09	2.78192e-10	4.87031e-11	2.89467e-11	1.37959e-10	8.11193e-10	4.54663e-09	2.40784e-08	1.20238e-07	5.65e-07	2.49286e-06	1.03031e-05	3.97897e-05	0.000143192	0.000478799	0.00148291	0.00423993	0.0111523	0.0268878	0.0592035	0.118642	0.215758	0.355443	
1.28855e-08	2.40795e-09	4.25392e-10	7.12694e-11	1.20861e-11	7.09233e-12	3.49217e-11	2.11726e-10	1.22448e-09	6.69979e-09	3.46156e-08	1.68562e-07	7.7205e-07	3.31888e-06	1.33597e-05	5.02322e-05	0.000175957	0.000572596	0.0017259	0.00480349	0.0123046	0.0289158	0.0621431	0.121793	0.217229	
3.4213e-09	6.19105e-10	1.06043e-10	1.72435e-11	2.83493e-12	1.64273e-12	8.34981e-12	5.21574e-11	3.10993e-10	1.75649e-09	9.38045e-09	4.72843e-08	2.24549e-07	1.00263e-06	4.20027e-06	1.6472e-05	6.03262e-05	0.000205804	0.000652278	0.00191529	0.00519532	0.0129812	0.0297933	0.062648	0.12044	
8.56477e-10	1.50216e-10	2.49679e-11	3.94364e-12	6.2908e-13	3.6001e-13	1.88745e-12	1.21377e-11	7.45552e-11	4.34282e-10	2.39493e-09	1.24831e-08	6.13908e-08	2.84335e-07	1.23781e-06	5.05445e-06	1.9317e-05	6.89375e-05	0.000229179	0.000707972	0.00202708	0.00536572	0.0130978	0.0294157	0.060662	
2.02349e-10	3.44293e-11	5.55778e-12	8.53346e-13	1.32184e-13	7.47202e-14	4.03739e-13	2.67085e-12	1.68869e-11	1.01359e-10	5.76649e-10	3.1047e-09	1.57936e-08	7.57785e-08	3.42316e-07	1.45309e-06	5.78464e-06	2.15508e-05	7.49743e-05	0.000243021	0.000732265	0.0020464	0.00529233	0.0126397	0.0278283	
4.5165e-11	7.46173e-12	1.17078e-12	1.74878e-13	2.63258e-14	1.47012e-14	8.18041e-14	5.56271e-13	3.61748e-12	2.23548e-11	1.31082e-10	7.28262e-10	3.82772e-09	1.90021e-08	8.89485e-08	3.91907e-07	1.6223e-06	6.29727e-06	2.2876e-05	7.76121e-05	0.000245418	0.000721803	0.00197062	0.00498487	0.0116646	
9.5343e-12	1.53077e-12	2.3364e-13	3.39755e-14	4.97435e-15	2.74465e-15	1.57157e-14	1.09772e-13	7.33672e-13	4.66404e-12	2.81623e-11	1.61295e-10	8.74979e-10	4.48889e-09	2.17451e-08	9.93004e-08	4.26738e-07	1.72276e-06	6.52148e-06	2.31057e-05	7.64766e-05	0.00023603	0.000678041	0.00180996	0.00448301	
1.90564e-12	2.9758e-13	4.42153e-14	6.26408e-15	8.9264e-16	4.86708e-16	2.86562e-15	2.05456e-14	1.41027e-13	9.21536e-13	5.72503e-12	3.37701e-11	1.88879e-10	1.00027e-09	5.00825e-09	2.36713e-08	1.05446e-07	4.41979e-07	1.74019e-06	6.42504e-06	2.2207e-05	7.173e-05	0.000216173	0.000606915	0.00158526	
3.61031e-13	5.48768e-14	7.94343e-15	1.09712e-15	1.52276e-16	8.206e-17	4.96444e-16	3.65106e-15	2.57199e-14	1.72624e-13	1.10247e-12	6.69167e-12	3.85513e-11	2.10521e-10	1.08818e-09	5.31648e-09	2.45141e-08	1.06514e-07	4.3543e-07	1.67208e-06	6.0219e-06	2.03081e-05	6.40337e-05	0.000188515	0.000517539	
6.49049e-14	9.6102e-15	1.35614e-15	1.82725e-16	2.47191e-17	1.31674e-17	8.17957e-17	6.1666e-16	4.45523e-15	3.06907e-14	2.01342e-13	1.25644e-12	7.44894e-12	4.19024e-11	2.23358e-10	1.12664e-09	5.37007e-09	2.41523e-08	1.02349e-07	4.08042e-07	1.52821e-06	5.36893e-06	1.76689e-05	5.43979e-05	0.000156497	
1.10846e-14	1.59991e-15	2.20248e-16	2.89683e-17	3.82209e-18	2.01281e-18	1.28302e-17	9.90935e-17	7.33777e-16	5.18444e-15	3.49112e-14	2.23801e-13	1.36422e-12	7.89769e-12	4.33678e-11	2.25591e-10	1.11015e-09	5.16128e-09	2.26384e-08	9.35488e-08	3.63692e-07	1.32843e-06	4.55282e-06	1.46229e-05	4.39665e-05	
1.80027e-15	2.53475e-16	3.4062e-17	4.37584e-18	5.6345e-19	2.93393e-19	1.91781e-18	1.51655e-17	1.15028e-16	8.3302e-16	5.75365e-15	3.78614e-14	2.37096e-13	1.41132e-12	7.97582e-12	4.27404e-11	2.16902e-10	1.04109e-09	4.71997e-09	2.01858e-08	8.13274e-08	3.08284e-07	1.09812e-06	3.67138e-06	1.15091e-05	
2.78351e-16	3.82555e-17	5.02126e-18	6.30422e-19	7.92688e-20	4.0818e-20	2.73445e-19	2.21266e-18	1.71802e-17	1.27445e-16	9.02283e-16	6.09025e-15	3.91499e-14	2.39412e-13	1.39117e-12	7.67225e-12	4.01092e-11	1.98522e-10	9.2912e-10	4.10666e-09	1.71204e-08	6.72385e-08	2.48476e-07	8.63041e-07	2.81466e-06	
4.10142e-17	5.50564e-18	7.06253e-19	8.67052e-20	1.06523e-20	5.42508e-21	3.72249e-20	3.08061e-19	2.44724e-18	1.85845e-17	1.34779e-16	9.32515e-16	6.1489e-15	3.85995e-14	2.30425e-13	1.30661e-12	7.02955e-12	3.58393e-11	1.7295e-10	7.89026e-10	3.39897e-09	1.38096e-08	5.28563e-08	1.90385e-07	6.44716e-07	
5.76499e-18	7.56309e-19	9.48694e-20	1.13947e-20	1.36855e-21	6.89447e-22	4.84281e-21	4.09671e-20	3.32787e-19	2.58568e-18	1.9197e-17	1.36058e-16	9.19618e-16	5.92155e-15	3.62864e-14	2.11377e-13	1.16921e-12	6.13414e-12	3.04887e-11	1.43399e-10	6.37495e-10	2.67569e-09	1.05913e-08	3.94975e-08	1.38637e-07	
7.73767e-19	9.92614e-20	1.21817e-20	1.43216e-21	1.68245e-22	8.3852e-23	6.02629e-22	5.20845e-21	4.32425e-20	3.4357e-19	2.60982e-18	1.8936e-17	1.31108e-16	8.6535e-16	5.43917e-15	3.25231e-14	1.84799e-13	9.96734e-13	5.09738e-12	2.46898e-11	1.13138e-10	4.89937e-10	2.00288e-09	7.72169e-09	2.80483e-08	
9.92614e-20	1.24581e-20	1.49657e-21	1.72303e-22	1.98084e-23	9.76812e-24	7.17908e-23	6.33642e-22	5.3741e-21	4.36397e-20	3.38981e-19	2.51645e-18	1.78366e-17	1.20593e-16	7.76935e-16	4.76493e-15	2.77896e-14	1.53957e-13	8.09357e-13	4.03305e-12	1.90287e-11	8.49193e-11	3.58075e-10	1.42522e-09	5.34971e-09	
1.21817e-20	1.49657e-21	1.76063e-22	1.98597e-23	2.23533e-24	1.09081e-24	8.19446e-24	7.38276e-23	6.3935e-22	5.30364e-21	4.21055e-20	3.19629e-19	2.31791e-18	1.60428e-17	1.05871e-16	6.65502e-16	3.98071e-15	2.26339e-14	1.22206e-13	6.25893e-13	3.03757e-12	1.39546e-11	6.0623e-11	2.48805e-10	9.63803e-10	
1.43216e-21	1.72303e-22	1.98597e-23	2.19563e-24	2.42062e-25	1.16907e-25	8.97303e-25	8.24873e-24	7.29097e-23	6.17576e-22	5.00871e-21	3.8861e-20	2.88183e-19	2.04073e-18	1.37867e-17	8.87699e-17	5.44221e-16	3.1736e-15	1.75854e-14	9.2497e-14	4.61355e-13	2.17987e-12	9.74733e-12	4.12079e-11	1.64559e-10	
1.68245e-22	1.98084e-23	2.23533e-24	2.42062e-25	2.61253e-26	1.25089e-26	9.81994e-26	9.21565e-25	8.31818e-24	7.19841e-23	5.9674e-22	4.73485e-21	3.59272e-20	2.60464e-19	1.80253e-18	1.18964e-17	7.4805e-17	4.47719e-16	2.54805e-15	1.37755e-14	7.06749e-14	3.4376e-13	1.58363e-12	6.90323e-12	2.84487e-11	
8.3852e-23	9.76812e-24	1.09081e-24	1.16907e-25	1.25089e-26	6.19969e-27	4.95127e-26	4.67651e-25	4.24838e-24	3.70101e-23	3.08924e-22	2.46866e-21	1.88701e-20	1.37852e-19	9.61581e-19	6.39867e-18	4.05804e-17	2.45047e-16	1.40756e-15	7.68312e-15	3.98143e-14	1.95679e-13	9.11242e-13	4.01699e-12	1.67477e-11	
6.02629e-22	7.17908e-23	8.19446e-24	8.97303e-25	9.81994e-26	4.95127e-26	3.86838e-25	3.57366e-24	3.17423e-23	2.70243e-22	2.20339e-21	1.71902e-20	1.28217e-19	9.1346e-19	6.21034e-18	4.02543e-17	2.48519e-16	1.45992e-15	8.15256e-15	4.32328e-14	2.17497e-13	1.03701e-12	4.6814e-12	1.99905e-11	8.0674e-11	
5.20845e-21	6.33642e-22	7.38276e-23	8.24873e-24	9.21565e-25	4.67651e-25	3.57366e-24	3.23617e-23	2.81686e-22	2.34908e-21	1.87522e-20	1.4317e-19	1.04449e-18	7.27454e-18	4.83223e-17	3.05849e-16	1.84269e-15	1.05571e-14	5.74567e-14	2.96751e-13	1.45295e-12	6.73715e-12	2.95552e-11	1.22548e-10	4.79845e-10	
4.32425e-20	5.3741e-21	6.3935e-22	7.29097e-23	8.31818e-24	4.24838e-24	3.17423e-23	2.81686e-22	2.40201e-21	1.96151e-20	1.53257e-19	1.14466e-18	8.16502e-18	5.55714e-17	3.60523e-16	2.22725e-15	1.30893e-14	7.31005e-14	3.8755e-13	1.9484e-12	9.27921e-12	4.1819e-11	1.78166e-10	7.16867e-10	2.72156e-09	
3.4357e-19	4.36397e-20	5.30364e-21	6.17576e-22	7.19841e-23	3.70101e-23	2.70243e-22	2.34908e-21	1.96151e-20	1.56776e-19	1.19829e-18	8.75072e-18	6.09967e-17	4.0544e-16	2.56724e-15	1.54696e-14	8.86143e-14	4.82035e-13	2.48732e-12	1.21615e-11	5.62826e-11	2.46278e-10	1.01786e-09	3.96946e-09	1.45932e-08	
2.60982e-18	3.38981e-19	4.21055e-20	5.00871e-21	5.9674e-22	3.08924e-22	2.20339e-21	1.87522e-20	1.53257e-19	1.19829e-18	8.95509e-18	6.39037e-17	4.35016e-16	2.82208e-15	1.74287e-14	1.0236e-13	5.7107e-13	3.02317e-12	1.51692e-11	7.20605e-11	3.23727e-10	1.37381e-09	5.5014e-09	2.07671e-08	7.38289e-08	
1.8936e-17	2.51645e-18	3.19629e-19	3.8861e-20	4.73485e-21	2.46866e-21	1.71902e-20	1.4317e-19	1.14466e-18	8.75072e-18	6.39037e-17	4.45344e-16	2.95877e-15	1.87205e-14	1.12681e-13	6.44499e-13	3.49902e-12	1.80103e-11	8.7789e-11	4.04756e-10	1.76308e-09	7.24738e-09	2.80824e-08	1.02466e-07	3.51716e-07	
1.31108e-16	1.78366e-17	2.31791e-18	2.88183e-19	3.59272e-20	1.88701e-20	1.28217e-19	1.04449e-18	8.16502e-18	6.09967e-17	4.35016e-16	2.95877e-15	1.9172e-14	1.18222e-13	6.92985e-13	3.8569e-12	2.03578e-11	1.01784e-10	4.81456e-10	2.15194e-09	9.07755e-09	3.60956e-08	1.3514e-07	4.75868e-07	1.57445e-06	
8.6535e-16	1.20593e-16	1.60428e-17	2.04073e-18	2.60464e-19	1.37852e-19	9.1346e-19	7.27454e-18	5.55714e-17	4.0544e-16	2.82208e-15	1.87205e-14	1.18222e-13	7.0994e-13	4.04925e-12	2.19098e-11	1.12325e-10	5.44928e-10	2.49849e-09	1.08126e-08	4.41106e-08	1.69422e-07	6.11908e-07	2.07586e-06	6.60782e-06	
5.43917e-15	7.76935e-16	1.05871e-16	1.37867e-17	1.80253e-18	9.61581e-19	6.21034e-18	4.83223e-17	3.60523e-16	2.56724e-15	1.74287e-14	1.12681e-13	6.92985e-13	4.04925e-12	2.24528e-11	1.17995e-10	5.86934e-10	2.75979e-09	1.225e-08	5.12607e-08	2.01945e-07	7.48008e-07	2.60165e-06	8.48679e-06	2.59372e-05	
3.25231e-14	4.76493e-15	6.65502e-16	8.87699e-17	1.18964e-17	6.39867e-18	4.02543e-17	3.05849e-16	2.22725e-15	1.54696e-14	1.0236e-13	6.44499e-13	3.8569e-12	2.19098e-11	1.17995e-10	6.01639e-10	2.90044e-09	1.3202e-08	5.66558e-08	2.28904e-07	8.69443e-07	3.10026e-06	1.03641e-05	3.2441e-05	9.4971e-05	
1.84799e-13	2.77896e-14	3.98071e-15	5.44221e-16	7.4805e-17	4.05804e-17	2.48519e-16	1.84269e-15	1.30893e-14	8.86143e-14	5.7107e-13	3.49902e-12	2.03578e-11	1.12325e-10	5.86934e-10	2.90044e-09	1.35354e-08	5.95612e-08	2.46764e-07	9.6108e-07	3.51341e-06	1.20374e-05	3.85954e-05	0.000115651	0.000323483	
9.96734e-13	1.53957e-13	2.26339e-14	3.1736e-15	4.47719e-16	2.45047e-16	1.45992e-15	1.05571e-14	7.31005e-14	4.82035e-13	3.02317e-12	1.80103e-11	1.01784e-10	5.44928e-10	2.75979e-09	1.3202e-08	5.95612e-08	2.5302e-07	1.01043e-06	3.78706e-06	1.3299e-05	4.36867e-05	0.000134031	0.000383482	0.00102189	
5.09738e-12	8.09357e-13	1.22206e-13	1.75854e-14	2.54805e-15	1.40756e-15	8.15256e-15	5.74567e-14	3.8755e-13	2.48732e-12	1.51692e-11	8.7789e-11	4.81456e-10	2.49849e-09	1.225e-08	5.66558e-08	2.46764e-07	1.01043e-06	3.8829e-06	1.39782e-05	4.70553e-05	0.000147861	0.000432944	0.00117936	0.00298454	
2.46898e-11	4.03305e-12	6.25893e-13	9.2497e-14	1.37755e-14	7.68312e-15	4.32328e-14	2.96751e-13	1.9484e-12	1.21615e-11	7.20605e-11	4.04756e-10	2.15194e-09	1.08126e-08	5.12607e-08	2.28904e-07	9.6108e-07	3.78706e-06	1.39782e-05	4.82344e-05	0.000155296	0.000465591	0.00129737	0.00335396	0.00803179	
1.13138e-10	1.90287e-11	3.03757e-12	4.61355e-13	7.06749e-14	3.98143e-14	2.17497e-13	1.45295e-12	9.27921e-12	5.62826e-11	3.23727e-10	1.76308e-09	9.07755e-09	4.41106e-08	2.01945e-07	8.69443e-07	3.51341e-06	1.3299e-05	4.70553e-05	0.000155296	0.000477005	0.00136066	0.00359676	0.0087932	0.0198474	
4.89937e-10	8.49193e-11	1.39546e-11	2.17987e-12	3.4376e-13	1.95679e-13	1.03701e-12	6.73715e-12	4.1819e-11	2.46278e-10	1.37381e-09	7.24738e-09	3.60956e-08	1.69422e-07	7.48008e-07	3.10026e-06	1.20374e-05	4.36867e-05	0.000147861	0.000465591	0.00136066	0.00368145	0.00919982	0.0211866	0.0448779	
2.00288e-09	3.58075e-10	6.0623e-11	9.74733e-12	1.58363e-12	9.11242e-13	4.6814e-12	2.95552e-11	1.78166e-10	1.01786e-09	5.5014e-09	2.80824e-08	1.3514e-07	6.11908e-07	2.60165e-06	1.03641e-05	3.85954e-05	0.000134031	0.000432944	0.00129737	0.00359676	0.00919982	0.021652	0.0467718	0.0925422	
7.72169e-09	1.42522e-09	2.48805e-10	4.12079e-11	6.90323e-12	4.01699e-12	1.99905e-11	1.22548e-10	7.16867e-10	3.96946e-09	2.07671e-08	1.02466e-07	4.75868e-07	2.07586e-06	8.48679e-06	3.2441e-05	0.000115651	0.000383482	0.00117936	0.00335396	0.0087932	0.0211866	0.0467718	0.094347	0.173524	
2.80483e-08	5.34971e-09	9.63803e-10	1.64559e-10	2.84487e-11	1.67477e-11	8.0674e-11	4.79845e-10	2.72156e-09	1.45932e-08	7.38289e-08	3.51716e-07	1.57445e-06	6.60782e-06	2.59372e-05	9.4971e-05	0.000323483	0.00102189	0.00298454	0.00803179	0.0198474	0.0448779	0.0925422	0.173524	0.295278	
