-0.384943	-0.291791	-0.202748	-0.123668	-0.0740238	-0.0673417	-0.0984673	-0.169072	-0.256196	-0.346568	-0.441901	-0.535027	-0.622782	-0.670665	-0.660711	-0.618986	-0.570075	-0.541214	-0.528038	-0.508312	-0.474839	-0.423939	-0.367899	-0.309277	-0.245721	
-0.4057	-0.2688	-0.138658	-0.0332081	0.0276888	0.0372504	-0.0025743	-0.0924183	-0.215459	-0.350979	-0.486236	-0.614313	-0.725622	-0.793937	-0.800673	-0.763879	-0.717898	-0.682076	-0.652378	-0.618101	-0.569454	-0.511971	-0.453638	-0.380205	-0.302594	
-0.359162	-0.190692	-0.0311983	0.0885253	0.154682	0.166011	0.12136	0.0229958	-0.124557	-0.292586	-0.457137	-0.613242	-0.742283	-0.829024	-0.857313	-0.839164	-0.813798	-0.789838	-0.758087	-0.7166	-0.664828	-0.610178	-0.553605	-0.478605	-0.391911	
-0.256442	-0.0718347	0.105327	0.225165	0.290785	0.303766	0.256989	0.161614	0.00273026	-0.18299	-0.367775	-0.545016	-0.689887	-0.794464	-0.842036	-0.851455	-0.851706	-0.847151	-0.824929	-0.783073	-0.740194	-0.698238	-0.654106	-0.591029	-0.510351	
-0.120722	0.0769464	0.251933	0.370924	0.432194	0.441346	0.402158	0.306981	0.150973	-0.0405453	-0.240815	-0.428152	-0.590093	-0.706528	-0.772677	-0.810094	-0.83769	-0.859112	-0.853782	-0.826365	-0.798535	-0.777159	-0.748508	-0.703406	-0.643365	
0.0381549	0.233107	0.390831	0.500641	0.552057	0.558158	0.528876	0.440961	0.301822	0.118836	-0.0828132	-0.275135	-0.449318	-0.57932	-0.665847	-0.72918	-0.787381	-0.83378	-0.854053	-0.854041	-0.853348	-0.857534	-0.848486	-0.823325	-0.781441	
0.201163	0.372612	0.505138	0.590884	0.630251	0.636322	0.611889	0.545088	0.431956	0.272221	0.0900436	-0.10343	-0.281889	-0.427684	-0.541895	-0.632027	-0.722293	-0.792159	-0.838287	-0.867178	-0.893041	-0.923422	-0.934959	-0.929197	-0.912381	
0.332363	0.47174	0.5736	0.63489	0.663303	0.668505	0.649576	0.602172	0.518057	0.391422	0.234887	0.0550218	-0.120875	-0.27785	-0.412289	-0.528422	-0.64007	-0.730291	-0.797495	-0.851631	-0.904224	-0.956287	-0.991564	-1.00784	-1.01266	
0.413989	0.513936	0.577525	0.613091	0.631236	0.633587	0.622396	0.594948	0.543178	0.45859	0.337663	0.185556	0.0241871	-0.135422	-0.28122	-0.415241	-0.540706	-0.641055	-0.725201	-0.798142	-0.869911	-0.946097	-1.00737	-1.04968	-1.0732	
0.438713	0.48905	0.513632	0.523085	0.528893	0.530548	0.525387	0.518475	0.501187	0.462806	0.390168	0.280472	0.150013	0.00426144	-0.143737	-0.28499	-0.416491	-0.527567	-0.619552	-0.702636	-0.787396	-0.876756	-0.966234	-1.04121	-1.0892	
0.406214	0.40946	0.399854	0.386507	0.382943	0.384339	0.383462	0.394098	0.40675	0.410149	0.388507	0.330685	0.243618	0.128598	-0.00361054	-0.138399	-0.266364	-0.381107	-0.48081	-0.569358	-0.658819	-0.760617	-0.872974	-0.980037	-1.05685	
0.340187	0.306283	0.264024	0.234845	0.222474	0.220601	0.228361	0.250239	0.288908	0.328631	0.35129	0.347628	0.306662	0.230116	0.12404	0.00460491	-0.112735	-0.226715	-0.33125	-0.419315	-0.508076	-0.617553	-0.743445	-0.878043	-0.984878	
0.261156	0.201614	0.142224	0.10646	0.0877405	0.0847527	0.0973913	0.124325	0.176449	0.237935	0.291938	0.331016	0.334641	0.295238	0.219975	0.123562	0.0175399	-0.0896395	-0.191658	-0.276143	-0.355858	-0.459573	-0.592101	-0.742103	-0.873506	
0.180909	0.114567	0.0546565	0.0167454	-0.00248359	-0.00469996	0.00714533	0.0361814	0.0897882	0.152848	0.224533	0.287454	0.322927	0.321724	0.275631	0.208254	0.123401	0.0264154	-0.0680619	-0.14778	-0.221682	-0.321935	-0.450335	-0.603145	-0.753094	
0.113555	0.0502741	-0.00424673	-0.0374638	-0.0567237	-0.0599606	-0.0464032	-0.0202354	0.0272899	0.086742	0.158543	0.234888	0.294255	0.318538	0.30323	0.26071	0.195562	0.116604	0.0316405	-0.0417133	-0.11358	-0.210858	-0.335351	-0.486839	-0.641434	
0.0586877	0.00212457	-0.0421685	-0.0736078	-0.0919294	-0.0955526	-0.0825977	-0.0562379	-0.0175257	0.0343899	0.10096	0.181521	0.257715	0.303336	0.314321	0.293183	0.247378	0.185794	0.112283	0.0405486	-0.0337907	-0.130206	-0.252314	-0.392826	-0.544483	
0.0123883	-0.0346072	-0.0684688	-0.0978248	-0.116725	-0.119257	-0.107369	-0.0808545	-0.0488841	-0.00874135	0.0500968	0.127418	0.210964	0.27606	0.303698	0.301101	0.277389	0.231471	0.178444	0.113386	0.0342623	-0.0576269	-0.175551	-0.310428	-0.45838	
-0.026292	-0.0597006	-0.0844268	-0.110577	-0.12878	-0.132749	-0.119639	-0.0944708	-0.0707516	-0.0404593	0.000949963	0.0686786	0.150724	0.219077	0.261359	0.269671	0.26602	0.252672	0.225727	0.181446	0.114186	0.0283755	-0.081762	-0.212635	-0.360937	
-0.0705486	-0.0872178	-0.0975908	-0.117399	-0.131994	-0.135052	-0.124904	-0.104184	-0.0917929	-0.0775002	-0.0546359	-0.002134	0.073798	0.148015	0.200112	0.222366	0.243476	0.258306	0.264841	0.243616	0.190206	0.121641	0.02172	-0.101823	-0.250309	
-0.109027	-0.1175	-0.126977	-0.143447	-0.159324	-0.162605	-0.150704	-0.132648	-0.120325	-0.11252	-0.0991394	-0.055624	0.0141234	0.0909265	0.145989	0.177716	0.214548	0.253724	0.288755	0.28908	0.254753	0.204966	0.123361	0.00999847	-0.129735	
-0.14286	-0.151543	-0.164158	-0.184807	-0.200887	-0.20498	-0.192643	-0.171878	-0.156131	-0.146162	-0.133334	-0.0934011	-0.0258398	0.0506614	0.109175	0.144443	0.189041	0.246083	0.293718	0.311615	0.2986	0.267579	0.213919	0.123876	-0.0015401	
-0.166183	-0.175728	-0.189697	-0.208959	-0.224886	-0.227964	-0.216411	-0.197219	-0.179974	-0.169922	-0.158079	-0.125062	-0.0639731	0.00709025	0.0610734	0.0999349	0.147908	0.213024	0.274837	0.307074	0.315838	0.31462	0.288844	0.226804	0.126145	
-0.175328	-0.176866	-0.188435	-0.201151	-0.212861	-0.216037	-0.206138	-0.193989	-0.179992	-0.175859	-0.171696	-0.152426	-0.109813	-0.0543311	-0.0104741	0.028237	0.0779204	0.150551	0.219857	0.266079	0.298684	0.320713	0.329621	0.30262	0.236581	
-0.177728	-0.172454	-0.171051	-0.176171	-0.179025	-0.179205	-0.177954	-0.172996	-0.170581	-0.175983	-0.179458	-0.177482	-0.152896	-0.11682	-0.0833138	-0.046821	0.000658359	0.0717984	0.138851	0.194014	0.24373	0.288798	0.328567	0.341838	0.317911	
-0.173664	-0.16927	-0.168529	-0.167476	-0.167336	-0.16726	-0.167107	-0.168248	-0.168006	-0.171913	-0.176715	-0.181487	-0.172841	-0.15587	-0.133674	-0.10023	-0.0596584	0.00019707	0.0589243	0.109964	0.166308	0.225893	0.287628	0.338656	0.366562	
-0.175546	-0.178585	-0.181223	-0.180509	-0.177801	-0.177338	-0.179479	-0.181724	-0.179881	-0.177315	-0.17343	-0.176204	-0.176895	-0.170628	-0.154046	-0.122829	-0.0867998	-0.0435898	-0.00311109	0.0389048	0.0907279	0.151411	0.228168	0.309274	0.381562	
-0.178585	-0.193265	-0.197701	-0.19794	-0.193436	-0.191071	-0.196561	-0.198103	-0.195793	-0.185259	-0.171156	-0.17041	-0.175317	-0.178503	-0.163618	-0.131085	-0.0989479	-0.0699414	-0.0456459	-0.0142103	0.029544	0.0865663	0.164008	0.26333	0.369805	
-0.181223	-0.197701	-0.20635	-0.20081	-0.194578	-0.193824	-0.197564	-0.205251	-0.20322	-0.188065	-0.172201	-0.167719	-0.181471	-0.192456	-0.177622	-0.141475	-0.107475	-0.0893503	-0.0754782	-0.0546351	-0.0207943	0.0282029	0.103208	0.212207	0.346066	
-0.180509	-0.19794	-0.20081	-0.192425	-0.18201	-0.179121	-0.187911	-0.198229	-0.201279	-0.188335	-0.170825	-0.169287	-0.191411	-0.209904	-0.197406	-0.160539	-0.124338	-0.112669	-0.105131	-0.0841138	-0.0537849	-0.0076683	0.0655975	0.179272	0.325461	
-0.177801	-0.193436	-0.194578	-0.18201	-0.169717	-0.166847	-0.176183	-0.190159	-0.196334	-0.184513	-0.169576	-0.170584	-0.199343	-0.224829	-0.214028	-0.175804	-0.139206	-0.129359	-0.123318	-0.103371	-0.0724355	-0.0270336	0.0458837	0.163324	0.318092	
-0.177338	-0.191071	-0.193824	-0.179121	-0.166847	-0.165342	-0.172816	-0.189201	-0.195221	-0.183014	-0.169924	-0.170142	-0.201234	-0.227803	-0.217489	-0.179626	-0.141862	-0.133323	-0.126415	-0.106117	-0.0760984	-0.0298577	0.0433425	0.160528	0.317908	
-0.179479	-0.196561	-0.197564	-0.187911	-0.176183	-0.172816	-0.182773	-0.194262	-0.199036	-0.187108	-0.170169	-0.170036	-0.195328	-0.216903	-0.205164	-0.168097	-0.131538	-0.12089	-0.114754	-0.0933192	-0.0626886	-0.0168008	0.0560444	0.171499	0.321198	
-0.181724	-0.198103	-0.205251	-0.198229	-0.190159	-0.189201	-0.194262	-0.203537	-0.203315	-0.188601	-0.172139	-0.168453	-0.185571	-0.19953	-0.185382	-0.147896	-0.113249	-0.0979171	-0.0872851	-0.0678129	-0.0360724	0.0105941	0.0847675	0.196062	0.336906	
-0.179881	-0.195793	-0.20322	-0.201279	-0.196334	-0.195221	-0.199036	-0.203315	-0.200081	-0.186532	-0.171392	-0.167745	-0.176471	-0.182663	-0.167938	-0.134893	-0.101878	-0.0786998	-0.058979	-0.0313749	0.00752014	0.0623222	0.13858	0.241824	0.360929	
-0.177315	-0.185259	-0.188065	-0.188335	-0.184513	-0.183014	-0.187108	-0.188601	-0.186532	-0.18105	-0.17263	-0.174109	-0.176485	-0.173816	-0.157637	-0.126091	-0.0919835	-0.0545352	-0.0220339	0.0155465	0.0647255	0.123875	0.202165	0.292415	0.379539	
-0.17343	-0.171156	-0.172201	-0.170825	-0.169576	-0.169924	-0.170169	-0.172139	-0.171392	-0.17263	-0.174756	-0.179803	-0.175507	-0.163879	-0.145369	-0.112707	-0.0745727	-0.0213001	0.0314995	0.0794904	0.135085	0.196657	0.265671	0.329189	0.37654	
-0.176204	-0.17041	-0.167719	-0.169287	-0.170584	-0.170142	-0.170036	-0.168453	-0.167745	-0.174109	-0.179803	-0.181383	-0.164304	-0.136101	-0.106677	-0.0721843	-0.026514	0.0407761	0.105068	0.160138	0.21391	0.266768	0.316118	0.345429	0.341654	
-0.176895	-0.175317	-0.181471	-0.191411	-0.199343	-0.201234	-0.195328	-0.185571	-0.176471	-0.176485	-0.175507	-0.164304	-0.128603	-0.0809288	-0.0411924	-0.00269123	0.0462909	0.120236	0.189491	0.240148	0.281066	0.311987	0.334342	0.322956	0.272563	
-0.170628	-0.178503	-0.192456	-0.209904	-0.224829	-0.227803	-0.216903	-0.19953	-0.182663	-0.173816	-0.163879	-0.136101	-0.0809288	-0.0151967	0.0345572	0.0738579	0.122398	0.190533	0.25682	0.294816	0.313238	0.322748	0.310324	0.261257	0.173102	
-0.154046	-0.163618	-0.177622	-0.197406	-0.214028	-0.217489	-0.205164	-0.185382	-0.167938	-0.157637	-0.145369	-0.106677	-0.0411924	0.0345572	0.0933136	0.129683	0.176491	0.237736	0.290364	0.313665	0.309185	0.289137	0.246284	0.167195	0.0501682	
-0.122829	-0.131085	-0.141475	-0.160539	-0.175804	-0.179626	-0.168097	-0.147896	-0.134893	-0.126091	-0.112707	-0.0721843	-0.00269123	0.0738579	0.129683	0.163564	0.203528	0.251211	0.292744	0.301036	0.275352	0.232397	0.16186	0.0559089	-0.079554	
-0.0867998	-0.0989479	-0.107475	-0.124338	-0.139206	-0.141862	-0.131538	-0.113249	-0.101878	-0.0919835	-0.0745727	-0.026514	0.0462909	0.122398	0.176491	0.203528	0.232424	0.257384	0.27693	0.263988	0.217407	0.157096	0.0628913	-0.0569593	-0.202701	
-0.0435898	-0.0699414	-0.0893503	-0.112669	-0.129359	-0.133323	-0.12089	-0.0979171	-0.0786998	-0.0545352	-0.0213001	0.0407761	0.120236	0.190533	0.237736	0.251211	0.257384	0.256638	0.242403	0.20768	0.146344	0.0655303	-0.0404575	-0.169064	-0.318671	
-0.00311109	-0.0456459	-0.0754782	-0.105131	-0.123318	-0.126415	-0.114754	-0.0872851	-0.058979	-0.0220339	0.0314995	0.105068	0.189491	0.25682	0.290364	0.292744	0.27693	0.242403	0.199027	0.141219	0.0647493	-0.0249591	-0.140086	-0.273447	-0.420864	
0.0389048	-0.0142103	-0.0546351	-0.0841138	-0.103371	-0.106117	-0.0933192	-0.0678129	-0.0313749	0.0155465	0.0794904	0.160138	0.240148	0.294816	0.313665	0.301036	0.263988	0.20768	0.141219	0.0702414	-0.00692738	-0.101934	-0.223094	-0.360491	-0.510076	
0.0907279	0.029544	-0.0207943	-0.0537849	-0.0724355	-0.0760984	-0.0626886	-0.0360724	0.00752014	0.0647255	0.135085	0.21391	0.281066	0.313238	0.309185	0.275352	0.217407	0.146344	0.0647493	-0.00692738	-0.0782251	-0.175821	-0.29868	-0.446047	-0.600538	
0.151411	0.0865663	0.0282029	-0.0076683	-0.0270336	-0.0298577	-0.0168008	0.0105941	0.0623222	0.123875	0.196657	0.266768	0.311987	0.322748	0.289137	0.232397	0.157096	0.0655303	-0.0249591	-0.101934	-0.175821	-0.273767	-0.400828	-0.554273	-0.706417	
0.228168	0.164008	0.103208	0.0655975	0.0458837	0.0433425	0.0560444	0.0847675	0.13858	0.202165	0.265671	0.316118	0.334342	0.310324	0.246284	0.16186	0.0628913	-0.0404575	-0.140086	-0.223094	-0.29868	-0.400828	-0.532754	-0.684309	-0.824964	
0.309274	0.26333	0.212207	0.179272	0.163324	0.160528	0.171499	0.196062	0.241824	0.292415	0.329189	0.345429	0.322956	0.261257	0.167195	0.0559089	-0.0569593	-0.169064	-0.273447	-0.360491	-0.446047	-0.554273	-0.684309	-0.826853	-0.943952	
0.381562	0.369805	0.346066	0.325461	0.318092	0.317908	0.321198	0.336906	0.360929	0.379539	0.37654	0.341654	0.272563	0.173102	0.0501682	-0.079554	-0.202701	-0.318671	-0.420864	-0.510076	-0.600538	-0.706417	-0.824964	-0.943952	-1.0333	
