0.130468	0.219045	0.288376	0.334846	0.356885	0.360401	0.346326	0.310129	0.24823	0.169963	0.0602139	-0.0704839	-0.216314	-0.3648	-0.51355	-0.646498	-0.751523	-0.799234	-0.790747	-0.722609	-0.595939	-0.431691	-0.259525	-0.0941732	0.0579357	
0.282268	0.367615	0.431743	0.474241	0.495192	0.499142	0.484764	0.451673	0.395132	0.320474	0.213384	0.0733463	-0.0923752	-0.271563	-0.452261	-0.616358	-0.749994	-0.833003	-0.859017	-0.821423	-0.717629	-0.565916	-0.394466	-0.222074	-0.0591968	
0.474628	0.557854	0.616442	0.658739	0.681266	0.684637	0.670126	0.635634	0.583538	0.511848	0.407165	0.255127	0.0660679	-0.148265	-0.356799	-0.552536	-0.719655	-0.840791	-0.902183	-0.89383	-0.822659	-0.702292	-0.545098	-0.369669	-0.202905	
0.692446	0.77694	0.834161	0.879675	0.912546	0.918704	0.895431	0.853447	0.802061	0.730405	0.621288	0.454522	0.244391	0.0109817	-0.222306	-0.448225	-0.649688	-0.812855	-0.912563	-0.938695	-0.903697	-0.814799	-0.679674	-0.516064	-0.349389	
0.918393	1.01238	1.07656	1.12579	1.16262	1.1696	1.14316	1.09732	1.04086	0.960228	0.842373	0.667911	0.444123	0.194842	-0.0614031	-0.309546	-0.536534	-0.739423	-0.879396	-0.94488	-0.947184	-0.890272	-0.779794	-0.631571	-0.477862	
1.13833	1.2426	1.31076	1.35925	1.3931	1.39919	1.37483	1.3317	1.27316	1.18488	1.05637	0.877519	0.651647	0.397	0.129769	-0.138059	-0.387553	-0.619626	-0.795298	-0.900969	-0.943699	-0.923235	-0.840046	-0.715899	-0.575854	
1.33688	1.44089	1.50074	1.53652	1.56293	1.56932	1.54828	1.5164	1.46953	1.38438	1.2511	1.06952	0.851014	0.605133	0.335465	0.0567496	-0.209351	-0.456796	-0.658134	-0.798587	-0.881683	-0.897892	-0.848649	-0.757953	-0.63438	
1.47818	1.576	1.63167	1.65652	1.67293	1.67811	1.66333	1.64369	1.60337	1.52289	1.39619	1.22457	1.01976	0.789181	0.532804	0.268033	-0.00227412	-0.263094	-0.488832	-0.660182	-0.774461	-0.825829	-0.813692	-0.757004	-0.662809	
1.53698	1.62323	1.6736	1.69866	1.71467	1.71782	1.70586	1.6852	1.64733	1.57661	1.46393	1.31216	1.12804	0.926418	0.703443	0.462645	0.198708	-0.0635041	-0.299007	-0.488395	-0.623376	-0.703216	-0.727322	-0.714446	-0.663447	
1.5025	1.57711	1.62609	1.65868	1.6846	1.68956	1.6709	1.63989	1.59967	1.53599	1.44278	1.3187	1.1675	1.00266	0.815952	0.599639	0.354537	0.105311	-0.118508	-0.305705	-0.451429	-0.550674	-0.614024	-0.645076	-0.645794	
1.38129	1.44674	1.49717	1.54069	1.57042	1.57556	1.55499	1.51581	1.46806	1.40893	1.33604	1.24485	1.1266	0.989652	0.836972	0.650819	0.439065	0.22113	0.0311475	-0.13322	-0.278217	-0.394665	-0.488561	-0.56095	-0.60814	
1.1921	1.24557	1.29711	1.34109	1.37229	1.37801	1.35555	1.31635	1.26616	1.21401	1.15618	1.08371	0.99186	0.8845	0.76223	0.61616	0.446511	0.274512	0.128838	-0.00230198	-0.135168	-0.255134	-0.361727	-0.462675	-0.55184	
0.96025	1.00619	1.04854	1.08442	1.11168	1.11759	1.09712	1.06343	1.02343	0.980113	0.926908	0.865482	0.796528	0.713479	0.611995	0.500882	0.377476	0.252334	0.151197	0.0629424	-0.0340912	-0.134787	-0.24153	-0.356617	-0.47324	
0.712551	0.756094	0.792012	0.819788	0.84227	0.84723	0.830169	0.803193	0.771695	0.731115	0.682438	0.630122	0.575534	0.503864	0.419027	0.329398	0.242736	0.163466	0.109888	0.0726289	0.0234233	-0.0451367	-0.133938	-0.246767	-0.379317	
0.478567	0.523262	0.555836	0.582903	0.607172	0.612144	0.593963	0.566751	0.538011	0.497055	0.450824	0.402404	0.348184	0.278787	0.209163	0.142532	0.0910944	0.0491869	0.0335841	0.0386447	0.0391697	0.0166258	-0.0411565	-0.136548	-0.267397	
0.292173	0.335933	0.362396	0.386654	0.412459	0.417419	0.397574	0.371623	0.347764	0.311524	0.261382	0.210704	0.148419	0.0795266	0.014581	-0.032811	-0.0541212	-0.0679479	-0.0568567	-0.0187314	0.0256787	0.054364	0.0431955	-0.0167233	-0.132764	
0.167872	0.209336	0.236609	0.257665	0.276467	0.280538	0.265826	0.244973	0.221721	0.186394	0.137725	0.0800815	0.0122386	-0.062055	-0.134625	-0.180741	-0.19061	-0.179541	-0.140645	-0.0741502	0.00385243	0.0735111	0.114074	0.100453	0.0158625	
0.10389	0.144172	0.182426	0.207046	0.223118	0.227099	0.21446	0.193764	0.160778	0.120117	0.0756947	0.0153055	-0.0627333	-0.149511	-0.234106	-0.28792	-0.298746	-0.267733	-0.20206	-0.108721	-0.00330613	0.100615	0.187059	0.220942	0.178059	
0.106811	0.154718	0.197109	0.225066	0.245066	0.24947	0.233391	0.20991	0.173361	0.12596	0.0737716	0.0046304	-0.0895842	-0.192191	-0.285273	-0.349186	-0.364762	-0.322307	-0.234347	-0.114062	0.0187683	0.154999	0.284896	0.36511	0.368289	
0.18397	0.250449	0.294672	0.318459	0.331528	0.333517	0.324682	0.305859	0.271162	0.212605	0.138717	0.0463606	-0.0649005	-0.183293	-0.287117	-0.359141	-0.373519	-0.328939	-0.237024	-0.103473	0.0540185	0.224493	0.394506	0.520548	0.57154	
0.325102	0.403138	0.455156	0.475238	0.47289	0.471111	0.476214	0.46681	0.42694	0.360196	0.264618	0.143669	0.00587896	-0.124642	-0.238174	-0.309773	-0.32422	-0.288014	-0.204869	-0.0730401	0.101434	0.302327	0.498698	0.659291	0.75279	
0.48813	0.574699	0.626978	0.646531	0.638457	0.634844	0.645388	0.63901	0.599692	0.527472	0.417099	0.272468	0.116852	-0.0262584	-0.138926	-0.210709	-0.236382	-0.209991	-0.135296	-0.0118489	0.166823	0.382821	0.596863	0.778971	0.905006	
0.639767	0.73573	0.788269	0.799038	0.792108	0.790885	0.796668	0.796627	0.762777	0.682815	0.563329	0.415925	0.261995	0.111247	-0.0111746	-0.0909049	-0.129373	-0.116253	-0.0543366	0.0576156	0.236065	0.459028	0.681519	0.882415	1.03471	
0.774744	0.868027	0.916113	0.925349	0.912851	0.908148	0.921315	0.924121	0.892102	0.817309	0.702645	0.566514	0.417236	0.266055	0.133552	0.0322903	-0.0237542	-0.0261749	0.0200721	0.124765	0.298061	0.516581	0.747782	0.969101	1.15024	
0.894502	0.969609	1.01863	1.03431	1.019	1.01348	1.02992	1.02947	0.99226	0.927879	0.83431	0.706498	0.563248	0.420323	0.275369	0.144538	0.0639059	0.0445347	0.0837419	0.183766	0.349511	0.566181	0.806434	1.0434	1.242	
0.989925	1.05886	1.1081	1.13339	1.12672	1.12236	1.13328	1.12232	1.08079	1.02023	0.936151	0.824163	0.695617	0.550877	0.389826	0.235082	0.128533	0.0964557	0.135246	0.234246	0.397035	0.615528	0.861693	1.1029	1.31224	
1.05886	1.13331	1.19119	1.22436	1.23167	1.23201	1.22937	1.20789	1.1589	1.09076	1.00638	0.910879	0.792798	0.642611	0.470946	0.307545	0.183391	0.138169	0.17615	0.277365	0.441417	0.659797	0.906033	1.15262	1.37355	
1.1081	1.19119	1.25853	1.30218	1.31721	1.31884	1.31121	1.27925	1.22022	1.14209	1.056	0.958792	0.843923	0.694112	0.523866	0.354784	0.225935	0.178969	0.207571	0.30305	0.471772	0.693864	0.945173	1.20091	1.42501	
1.13339	1.22436	1.30218	1.35455	1.37354	1.37492	1.36528	1.32755	1.25753	1.17094	1.07513	0.970391	0.852706	0.710874	0.544083	0.376239	0.252859	0.205919	0.228956	0.325886	0.4984	0.720952	0.976877	1.243	1.47001	
1.12672	1.23167	1.31721	1.37354	1.3978	1.4008	1.38647	1.34406	1.26909	1.16986	1.06167	0.955781	0.843641	0.703464	0.538288	0.382799	0.271928	0.223822	0.24488	0.349032	0.524185	0.742972	1.00178	1.27295	1.50125	
1.12236	1.23201	1.31884	1.37492	1.4008	1.40473	1.38854	1.34503	1.2702	1.16676	1.05669	0.949913	0.841619	0.700257	0.535135	0.383123	0.275801	0.227786	0.248497	0.3535	0.528952	0.747763	1.00737	1.2793	1.50597	
1.13328	1.22937	1.31121	1.36528	1.38647	1.38854	1.37684	1.33724	1.26446	1.17334	1.07194	0.965938	0.849501	0.709471	0.543599	0.380549	0.261111	0.213677	0.236302	0.335918	0.509918	0.731061	0.988182	1.2572	1.48475	
1.12232	1.20789	1.27925	1.32755	1.34406	1.34503	1.33724	1.3022	1.23848	1.15751	1.06813	0.968032	0.851649	0.704966	0.536003	0.365681	0.238161	0.191557	0.217011	0.311576	0.482076	0.704966	0.958528	1.21872	1.44458	
1.08079	1.1589	1.22022	1.25753	1.26909	1.2702	1.26446	1.23848	1.18588	1.11324	1.02883	0.934242	0.819022	0.667908	0.495426	0.329432	0.202766	0.155686	0.190104	0.288901	0.454801	0.675331	0.922003	1.17214	1.39456	
1.02023	1.09076	1.14209	1.17094	1.16986	1.16676	1.17334	1.15751	1.11324	1.05147	0.966901	0.863492	0.739467	0.592378	0.426657	0.26696	0.150914	0.112891	0.152813	0.253566	0.416077	0.634077	0.880737	1.12351	1.33815	
0.936151	1.00638	1.056	1.07513	1.06167	1.05669	1.07194	1.06813	1.02883	0.966901	0.879379	0.757048	0.6194	0.476867	0.324792	0.182847	0.0913688	0.0672116	0.105737	0.203869	0.368145	0.586315	0.829429	1.06877	1.27093	
0.824163	0.910879	0.958792	0.970391	0.955781	0.949913	0.965938	0.968032	0.934242	0.863492	0.757048	0.624001	0.476846	0.32875	0.19217	0.0797785	0.0141225	0.00512165	0.0474396	0.149703	0.32028	0.536869	0.771179	1.00066	1.19038	
0.695617	0.792798	0.843923	0.852706	0.843641	0.841619	0.849501	0.851649	0.819022	0.739467	0.6194	0.476846	0.323868	0.172375	0.0453341	-0.0415514	-0.085833	-0.07935	-0.023774	0.0857222	0.262365	0.48436	0.709582	0.91863	1.08357	
0.550877	0.642611	0.694112	0.710874	0.703464	0.700257	0.709471	0.704966	0.667908	0.592378	0.476867	0.32875	0.172375	0.0250953	-0.0904841	-0.164786	-0.194925	-0.172406	-0.102443	0.0154713	0.193441	0.41359	0.633325	0.822321	0.958379	
0.389826	0.470946	0.523866	0.544083	0.538288	0.535135	0.543599	0.536003	0.495426	0.426657	0.324792	0.19217	0.0453341	-0.0904841	-0.203561	-0.274028	-0.292029	-0.260306	-0.180428	-0.0508361	0.126931	0.335561	0.538432	0.709853	0.817888	
0.235082	0.307545	0.354784	0.376239	0.382799	0.383123	0.380549	0.365681	0.329432	0.26696	0.182847	0.0797785	-0.0415514	-0.164786	-0.274028	-0.34676	-0.360377	-0.317671	-0.229273	-0.0959138	0.0701059	0.254583	0.437057	0.578357	0.646971	
0.128533	0.183391	0.225935	0.252859	0.271928	0.275801	0.261111	0.238161	0.202766	0.150914	0.0913688	0.0141225	-0.085833	-0.194925	-0.292029	-0.360377	-0.376031	-0.330765	-0.238425	-0.11077	0.0322385	0.181995	0.328964	0.428565	0.450956	
0.0964557	0.138169	0.178969	0.205919	0.223822	0.227786	0.213677	0.191557	0.155686	0.112891	0.0672116	0.00512165	-0.07935	-0.172406	-0.260306	-0.317671	-0.330765	-0.294416	-0.218476	-0.113946	0.00216488	0.11902	0.222784	0.275535	0.250342	
0.135246	0.17615	0.207571	0.228956	0.24488	0.248497	0.236302	0.217011	0.190104	0.152813	0.105737	0.0474396	-0.023774	-0.102443	-0.180428	-0.229273	-0.238425	-0.218476	-0.168544	-0.0915958	-0.00200679	0.0819631	0.141643	0.146615	0.0779759	
0.234246	0.277365	0.30305	0.325886	0.349032	0.3535	0.335918	0.311576	0.288901	0.253566	0.203869	0.149703	0.0857222	0.0154713	-0.0508361	-0.0959138	-0.11077	-0.113946	-0.0915958	-0.0419932	0.0166818	0.0634221	0.0722439	0.0316	-0.073877	
0.397035	0.441417	0.471772	0.4984	0.524185	0.528952	0.509918	0.482076	0.454801	0.416077	0.368145	0.32028	0.262365	0.193441	0.126931	0.0701059	0.0322385	0.00216488	-0.00200679	0.0166818	0.0358718	0.0347851	-0.00580784	-0.0896518	-0.216347	
0.615528	0.659797	0.693864	0.720952	0.742972	0.747763	0.731061	0.704966	0.675331	0.634077	0.586315	0.536869	0.48436	0.41359	0.335561	0.254583	0.181995	0.11902	0.0819631	0.0634221	0.0347851	-0.0172263	-0.0952625	-0.203486	-0.337229	
0.861693	0.906033	0.945173	0.976877	1.00178	1.00737	0.988182	0.958528	0.922003	0.880737	0.829429	0.771179	0.709582	0.633325	0.538432	0.437057	0.328964	0.222784	0.141643	0.0722439	-0.00580784	-0.0952625	-0.19671	-0.312415	-0.437175	
1.1029	1.15262	1.20091	1.243	1.27295	1.2793	1.2572	1.21872	1.17214	1.12351	1.06877	1.00066	0.91863	0.822321	0.709853	0.578357	0.428565	0.275535	0.146615	0.0316	-0.0896518	-0.203486	-0.312415	-0.420818	-0.523251	
1.31224	1.37355	1.42501	1.47001	1.50125	1.50597	1.48475	1.44458	1.39456	1.33815	1.27093	1.19038	1.08357	0.958379	0.817888	0.646971	0.450956	0.250342	0.0779759	-0.073877	-0.216347	-0.337229	-0.437175	-0.523251	-0.588068	
