0.17107	0.151607	0.144677	0.14107	0.128016	0.124717	0.136297	0.144007	0.147689	0.161274	0.191007	0.23212	0.266617	0.250225	0.173723	0.0530822	-0.090448	-0.233278	-0.371628	-0.497398	-0.609386	-0.70784	-0.769774	-0.780191	-0.723183	
0.207086	0.186489	0.1772	0.171201	0.160187	0.157437	0.166983	0.175166	0.181303	0.19816	0.220889	0.241946	0.244818	0.197917	0.0977742	-0.0403449	-0.191423	-0.334885	-0.455998	-0.54872	-0.623428	-0.682176	-0.717107	-0.701143	-0.622066	
0.218364	0.203175	0.195541	0.193805	0.193342	0.190826	0.19484	0.193914	0.198929	0.212107	0.22734	0.231167	0.196986	0.118123	-0.00418212	-0.14176	-0.282796	-0.412556	-0.51663	-0.586044	-0.626614	-0.649028	-0.650945	-0.610513	-0.508432	
0.209185	0.209988	0.211851	0.218208	0.225868	0.22685	0.221674	0.213652	0.210949	0.20899	0.208802	0.1913	0.133262	0.0342658	-0.0960069	-0.228295	-0.354394	-0.460968	-0.543953	-0.597736	-0.612933	-0.601923	-0.561518	-0.487121	-0.368566	
0.198308	0.22437	0.244243	0.25893	0.272568	0.274934	0.264776	0.250656	0.232956	0.209402	0.181238	0.140153	0.0635754	-0.0421081	-0.164829	-0.2897	-0.404486	-0.494492	-0.554131	-0.582165	-0.573967	-0.534556	-0.463018	-0.3596	-0.217331	
0.213267	0.260256	0.297668	0.324398	0.341271	0.346629	0.331198	0.310512	0.276021	0.233216	0.179028	0.110181	0.0162543	-0.100624	-0.217445	-0.332423	-0.432135	-0.508623	-0.550129	-0.553298	-0.519391	-0.452883	-0.362116	-0.238587	-0.0827082	
0.263768	0.326925	0.37556	0.414273	0.435729	0.439385	0.424798	0.39269	0.347836	0.291288	0.214502	0.115411	-0.00310411	-0.133909	-0.257954	-0.36308	-0.445517	-0.502165	-0.526125	-0.515351	-0.460727	-0.369864	-0.258299	-0.125501	0.028941	
0.332884	0.411553	0.469709	0.514196	0.534018	0.534317	0.52614	0.488966	0.436869	0.368168	0.269882	0.1418	0.00105701	-0.142768	-0.274329	-0.372741	-0.445168	-0.485957	-0.491682	-0.462445	-0.394225	-0.287617	-0.157278	-0.0177401	0.125805	
0.391575	0.488519	0.558001	0.604278	0.619516	0.619209	0.614829	0.579368	0.518834	0.435256	0.315012	0.166645	0.0185627	-0.13043	-0.263655	-0.359533	-0.426262	-0.458639	-0.452234	-0.403261	-0.320055	-0.202034	-0.0664273	0.0718941	0.198194	
0.424847	0.539817	0.621437	0.675215	0.695125	0.696698	0.687254	0.646658	0.57547	0.476152	0.336555	0.179078	0.0304781	-0.109757	-0.235742	-0.330171	-0.394206	-0.42273	-0.40333	-0.343904	-0.24795	-0.124837	0.00623314	0.131853	0.235951	
0.432916	0.56545	0.663895	0.731957	0.764998	0.769239	0.749346	0.694674	0.608826	0.489816	0.338669	0.176148	0.0278176	-0.104366	-0.21465	-0.298876	-0.363106	-0.385818	-0.355797	-0.282595	-0.177787	-0.0553259	0.0647691	0.164168	0.23673	
0.427096	0.576751	0.692702	0.77383	0.81878	0.825038	0.796911	0.72862	0.627873	0.489683	0.329256	0.1675	0.0214445	-0.104883	-0.20517	-0.2773	-0.332273	-0.346395	-0.309025	-0.2256	-0.112485	0.00435637	0.102986	0.163729	0.194892	
0.426162	0.586966	0.715123	0.806956	0.860366	0.867215	0.834662	0.755387	0.642923	0.492803	0.324828	0.160808	0.0168677	-0.102997	-0.200773	-0.271394	-0.316808	-0.314607	-0.266925	-0.177591	-0.0654483	0.0399195	0.110656	0.13311	0.121049	
0.438058	0.598727	0.735531	0.836664	0.892715	0.900754	0.865442	0.780651	0.657248	0.504325	0.335808	0.169323	0.023809	-0.0948453	-0.192519	-0.267943	-0.312646	-0.304442	-0.248594	-0.158063	-0.0558087	0.0297662	0.0720365	0.0620668	0.0178712	
0.452764	0.612709	0.75459	0.862055	0.919444	0.928564	0.891448	0.80256	0.672657	0.518172	0.352633	0.189142	0.0433578	-0.0797302	-0.185989	-0.265823	-0.311723	-0.312141	-0.263055	-0.179184	-0.0891758	-0.0294672	-0.0141652	-0.0434266	-0.101295	
0.459928	0.613384	0.750416	0.856781	0.920133	0.930428	0.888459	0.79705	0.670844	0.522687	0.365436	0.209925	0.0695504	-0.0546694	-0.170281	-0.259957	-0.309713	-0.318609	-0.291752	-0.231222	-0.163179	-0.121706	-0.121805	-0.161586	-0.218948	
0.447162	0.585392	0.710427	0.809474	0.874108	0.886899	0.839815	0.753684	0.637825	0.502631	0.363024	0.221623	0.0848933	-0.0389267	-0.151599	-0.247481	-0.306098	-0.326495	-0.317282	-0.286023	-0.246426	-0.218522	-0.223367	-0.26045	-0.31027	
0.399138	0.522313	0.630799	0.709953	0.765222	0.775976	0.735495	0.665658	0.568875	0.448009	0.329378	0.212999	0.0857177	-0.0362681	-0.142567	-0.232766	-0.296023	-0.327309	-0.330297	-0.317764	-0.303656	-0.290569	-0.292223	-0.32048	-0.363745	
0.318794	0.417477	0.499278	0.552175	0.590488	0.600626	0.568696	0.523201	0.453565	0.358335	0.262015	0.169763	0.0665538	-0.0420253	-0.14061	-0.223719	-0.275299	-0.305609	-0.317987	-0.317936	-0.317617	-0.316595	-0.318214	-0.332406	-0.364786	
0.204449	0.265084	0.312533	0.343748	0.367933	0.37434	0.353703	0.326611	0.286112	0.229584	0.165152	0.092014	0.0119209	-0.0652921	-0.140545	-0.207793	-0.241142	-0.256481	-0.270501	-0.28185	-0.287539	-0.290936	-0.293306	-0.296812	-0.316617	
0.0488494	0.067561	0.0846812	0.0946171	0.0993878	0.100937	0.0958352	0.0903578	0.0747926	0.0564387	0.0325518	-0.0103279	-0.0616742	-0.100125	-0.130291	-0.162816	-0.175602	-0.178532	-0.187145	-0.203536	-0.21832	-0.223691	-0.228889	-0.233394	-0.243643	
-0.141357	-0.150806	-0.160939	-0.178527	-0.19407	-0.195613	-0.186509	-0.166548	-0.154576	-0.145668	-0.135944	-0.133938	-0.137053	-0.132815	-0.117454	-0.102491	-0.0862173	-0.0805656	-0.0821152	-0.0944132	-0.116141	-0.132096	-0.142869	-0.148297	-0.150756	
-0.339342	-0.37671	-0.420453	-0.465269	-0.48916	-0.49149	-0.477711	-0.439461	-0.393569	-0.353769	-0.314024	-0.26559	-0.211869	-0.158328	-0.102002	-0.0434952	0.00901665	0.0327977	0.0357403	0.0268387	0.00254944	-0.0209558	-0.0311183	-0.0317615	-0.0294703	
-0.529775	-0.61247	-0.693838	-0.758346	-0.787494	-0.789787	-0.774836	-0.723127	-0.645428	-0.562626	-0.479425	-0.387774	-0.285952	-0.178685	-0.0717853	0.0247993	0.10679	0.153789	0.167122	0.15921	0.138161	0.113847	0.100077	0.103812	0.111871	
-0.719993	-0.851759	-0.964815	-1.04752	-1.09137	-1.0984	-1.07023	-1.00185	-0.899627	-0.774285	-0.637558	-0.499191	-0.356323	-0.199987	-0.0402608	0.0936375	0.193884	0.264042	0.300774	0.306308	0.293591	0.274463	0.259672	0.260168	0.270138	
-0.909642	-1.08365	-1.22252	-1.32308	-1.38619	-1.39796	-1.35341	-1.2668	-1.14417	-0.98301	-0.796429	-0.605358	-0.416567	-0.221195	-0.024193	0.147458	0.277052	0.370699	0.432754	0.458015	0.456813	0.444674	0.430022	0.424665	0.430928	
-1.08365	-1.29407	-1.46086	-1.57531	-1.64242	-1.65483	-1.60783	-1.51265	-1.36735	-1.17163	-0.945725	-0.708558	-0.47042	-0.239979	-0.0179753	0.190349	0.361765	0.485943	0.565343	0.606019	0.615109	0.604799	0.591324	0.580191	0.570819	
-1.22252	-1.46086	-1.65282	-1.77245	-1.82919	-1.83873	-1.80135	-1.70998	-1.54514	-1.32089	-1.06989	-0.80381	-0.528675	-0.262254	-0.0126529	0.225045	0.430875	0.585273	0.683949	0.738784	0.756617	0.744421	0.723279	0.702102	0.67681	
-1.32308	-1.57531	-1.77245	-1.88921	-1.94047	-1.94856	-1.91541	-1.82917	-1.66282	-1.42784	-1.16001	-0.875284	-0.581703	-0.291572	-0.0137967	0.248734	0.474719	0.653488	0.776031	0.843416	0.864993	0.848645	0.818553	0.787372	0.750683	
-1.38619	-1.64242	-1.82919	-1.94047	-1.99806	-2.00865	-1.96845	-1.88204	-1.72677	-1.4952	-1.21182	-0.908943	-0.607716	-0.312315	-0.0171571	0.265954	0.506332	0.701937	0.839012	0.908686	0.923503	0.90507	0.87418	0.836433	0.789001	
-1.39796	-1.65483	-1.83873	-1.94856	-2.00865	-2.02091	-1.97763	-1.8904	-1.73775	-1.50791	-1.22115	-0.912296	-0.610327	-0.314222	-0.0170646	0.270468	0.514922	0.71257	0.851841	0.919437	0.932757	0.913802	0.88188	0.842792	0.794145	
-1.35341	-1.60783	-1.80135	-1.91541	-1.96845	-1.97763	-1.94252	-1.85594	-1.694	-1.46029	-1.18571	-0.893729	-0.595727	-0.302264	-0.0158237	0.255476	0.487852	0.675717	0.805272	0.875035	0.894803	0.877851	0.847191	0.81267	0.770496	
-1.2668	-1.51265	-1.70998	-1.82917	-1.88204	-1.8904	-1.85594	-1.76773	-1.59977	-1.36827	-1.10974	-0.836161	-0.552179	-0.27318	-0.0113729	0.236057	0.450823	0.615642	0.724168	0.784445	0.804977	0.791254	0.765158	0.739422	0.709828	
-1.14417	-1.36735	-1.54514	-1.66282	-1.72677	-1.73775	-1.694	-1.59977	-1.44549	-1.23653	-0.998858	-0.748195	-0.493117	-0.248263	-0.0158079	0.205676	0.392573	0.528833	0.615221	0.661786	0.67476	0.664001	0.648566	0.63379	0.617606	
-0.98301	-1.17163	-1.32089	-1.42784	-1.4952	-1.50791	-1.46029	-1.36827	-1.23653	-1.06231	-0.858831	-0.647109	-0.437157	-0.229	-0.0218919	0.165634	0.311578	0.416398	0.485751	0.518316	0.521218	0.510658	0.496939	0.489396	0.490024	
-0.796429	-0.945725	-1.06989	-1.16001	-1.21182	-1.22115	-1.18571	-1.10974	-0.998858	-0.858831	-0.701718	-0.542027	-0.381766	-0.208233	-0.0316235	0.117172	0.226894	0.305799	0.35397	0.367021	0.35895	0.342652	0.327412	0.325553	0.335795	
-0.605358	-0.708558	-0.80381	-0.875284	-0.908943	-0.912296	-0.893729	-0.836161	-0.748195	-0.647109	-0.542027	-0.43365	-0.315328	-0.187218	-0.0573711	0.0535238	0.142728	0.200122	0.221042	0.216469	0.198266	0.176202	0.161725	0.16457	0.172946	
-0.416567	-0.47042	-0.528675	-0.581703	-0.607716	-0.610327	-0.595727	-0.552179	-0.493117	-0.437157	-0.381766	-0.315328	-0.241753	-0.166565	-0.0916723	-0.0173084	0.0491893	0.0814211	0.0866988	0.0773465	0.0544265	0.0298812	0.0179085	0.0193776	0.0249538	
-0.221195	-0.239979	-0.262254	-0.291572	-0.312315	-0.314222	-0.302264	-0.27318	-0.248263	-0.229	-0.208233	-0.187218	-0.166565	-0.144389	-0.113131	-0.0794984	-0.0488959	-0.037171	-0.036738	-0.0464382	-0.069908	-0.0902413	-0.100456	-0.104209	-0.105062	
-0.024193	-0.0179753	-0.0126529	-0.0137967	-0.0171571	-0.0170646	-0.0158237	-0.0113729	-0.0158079	-0.0218919	-0.0316235	-0.0573711	-0.0916723	-0.113131	-0.124258	-0.138218	-0.140782	-0.141129	-0.146534	-0.162577	-0.180923	-0.189828	-0.197641	-0.203366	-0.210064	
0.147458	0.190349	0.225045	0.248734	0.265954	0.270468	0.255476	0.236057	0.205676	0.165634	0.117172	0.0535238	-0.0173084	-0.0794984	-0.138218	-0.193655	-0.21936	-0.228556	-0.241102	-0.255856	-0.264079	-0.267252	-0.26996	-0.273213	-0.289049	
0.277052	0.361765	0.430875	0.474719	0.506332	0.514922	0.487852	0.450823	0.392573	0.311578	0.226894	0.142728	0.0491893	-0.0488959	-0.140782	-0.21936	-0.263486	-0.288942	-0.303273	-0.30857	-0.310753	-0.312441	-0.314846	-0.323384	-0.350817	
0.370699	0.485943	0.585273	0.653488	0.701937	0.71257	0.675717	0.615642	0.528833	0.416398	0.305799	0.200122	0.0814211	-0.037171	-0.141129	-0.228556	-0.288942	-0.321818	-0.329122	-0.32149	-0.314619	-0.307247	-0.308003	-0.331217	-0.370297	
0.432754	0.565343	0.683949	0.776031	0.839012	0.851841	0.805272	0.724168	0.615221	0.485751	0.35397	0.221042	0.0866988	-0.036738	-0.146534	-0.241102	-0.303273	-0.329122	-0.325051	-0.302954	-0.273627	-0.251818	-0.255681	-0.2901	-0.338038	
0.458015	0.606019	0.738784	0.843416	0.908686	0.919437	0.875035	0.784445	0.661786	0.518316	0.367021	0.216469	0.0773465	-0.0464382	-0.162577	-0.255856	-0.30857	-0.32149	-0.302954	-0.254345	-0.197474	-0.161524	-0.164756	-0.204774	-0.258967	
0.456813	0.615109	0.756617	0.864993	0.923503	0.932757	0.894803	0.804977	0.67476	0.521218	0.35895	0.198266	0.0544265	-0.069908	-0.180923	-0.264079	-0.310753	-0.314619	-0.273627	-0.197474	-0.114884	-0.0636739	-0.0562373	-0.0907415	-0.150465	
0.444674	0.604799	0.744421	0.848645	0.90507	0.913802	0.877851	0.791254	0.664001	0.510658	0.342652	0.176202	0.0298812	-0.0902413	-0.189828	-0.267252	-0.312441	-0.307247	-0.251818	-0.161524	-0.0636739	0.012037	0.0420232	0.0222674	-0.0290342	
0.430022	0.591324	0.723279	0.818553	0.87418	0.88188	0.847191	0.765158	0.648566	0.496939	0.327412	0.161725	0.0179085	-0.100456	-0.197641	-0.26996	-0.314846	-0.308003	-0.255681	-0.164756	-0.0562373	0.0420232	0.101798	0.110234	0.0834467	
0.424665	0.580191	0.702102	0.787372	0.836433	0.842792	0.81267	0.739422	0.63379	0.489396	0.325553	0.16457	0.0193776	-0.104209	-0.203366	-0.273213	-0.323384	-0.331217	-0.2901	-0.204774	-0.0907415	0.0222674	0.110234	0.155041	0.168425	
0.430928	0.570819	0.67681	0.750683	0.789001	0.794145	0.770496	0.709828	0.617606	0.490024	0.335795	0.172946	0.0249538	-0.105062	-0.210064	-0.289049	-0.350817	-0.370297	-0.338038	-0.258967	-0.150465	-0.0290342	0.0834467	0.168425	0.22516	
