0.476272	0.576614	0.677183	0.770279	0.855718	0.920938	0.958935	0.969634	0.966348	0.971717	0.968612	0.947292	0.920213	0.894831	0.866837	0.827479	0.78241	0.746804	0.729307	0.711286	0.673213	0.614317	0.538831	0.453693	0.367121	
0.576614	0.663772	0.749381	0.841121	0.926165	0.998776	1.04268	1.05054	1.04274	1.03573	1.02001	0.990954	0.966498	0.94421	0.915198	0.867688	0.80753	0.755044	0.724799	0.69701	0.649263	0.584973	0.512518	0.430777	0.346366	
0.677183	0.749381	0.822229	0.908561	0.993805	1.06517	1.10437	1.10302	1.08076	1.05404	1.01894	0.976637	0.935802	0.908482	0.876541	0.826366	0.76214	0.702095	0.655837	0.606627	0.553333	0.495926	0.440982	0.376657	0.307102	
0.770279	0.841121	0.908561	0.984467	1.05812	1.11604	1.14322	1.12904	1.08938	1.03658	0.974417	0.909092	0.84768	0.804348	0.764944	0.715993	0.655971	0.592104	0.530966	0.470492	0.41685	0.371552	0.337281	0.301174	0.254079	
0.855718	0.926165	0.993805	1.05812	1.11569	1.15719	1.16309	1.12712	1.06295	0.986622	0.899866	0.810058	0.724798	0.658333	0.605258	0.550598	0.4927	0.434631	0.377212	0.318417	0.271055	0.243029	0.228245	0.215456	0.188885	
0.920938	0.998776	1.06517	1.11604	1.15719	1.17719	1.15823	1.10313	1.01846	0.910063	0.795794	0.687411	0.580943	0.485985	0.410128	0.349539	0.297909	0.257571	0.217329	0.169885	0.135974	0.128306	0.133338	0.137429	0.123508	
0.958935	1.04268	1.10437	1.14322	1.16309	1.15823	1.12277	1.04882	0.939396	0.804708	0.667218	0.537595	0.416343	0.299767	0.205624	0.142316	0.10616	0.0860939	0.0619307	0.0321787	0.0172667	0.0311598	0.0495252	0.0662011	0.0630587	
0.969634	1.05054	1.10302	1.12904	1.12712	1.10313	1.04882	0.953262	0.817738	0.660624	0.509969	0.375737	0.251302	0.122066	0.0247029	-0.0296044	-0.0551148	-0.0638598	-0.0703153	-0.0787268	-0.080357	-0.0561267	-0.029267	-0.00351587	0.00805568	
0.966348	1.04274	1.08076	1.08938	1.06295	1.01846	0.939396	0.817738	0.661653	0.498252	0.345469	0.213765	0.0944198	-0.0216893	-0.105519	-0.150696	-0.167068	-0.166152	-0.159057	-0.157349	-0.148779	-0.121334	-0.0948755	-0.0677944	-0.0503155	
0.971717	1.03573	1.05404	1.03658	0.986622	0.910063	0.804708	0.660624	0.498252	0.341225	0.194685	0.0737191	-0.0315574	-0.12025	-0.188618	-0.223369	-0.229888	-0.218536	-0.206557	-0.197015	-0.181845	-0.162587	-0.146329	-0.130422	-0.112546	
0.968612	1.02001	1.01894	0.974417	0.899866	0.795794	0.667218	0.509969	0.345469	0.194685	0.0613652	-0.0373151	-0.118752	-0.189706	-0.242131	-0.263967	-0.252402	-0.231343	-0.212625	-0.195566	-0.180564	-0.172677	-0.177525	-0.180007	-0.175834	
0.947292	0.990954	0.976637	0.909092	0.810058	0.687411	0.537595	0.375737	0.213765	0.0737191	-0.0373151	-0.119015	-0.186925	-0.243427	-0.272454	-0.273444	-0.25047	-0.222853	-0.203698	-0.182009	-0.16401	-0.162721	-0.185811	-0.212739	-0.223481	
0.920213	0.966498	0.935802	0.84768	0.724798	0.580943	0.416343	0.251302	0.0944198	-0.0315574	-0.118752	-0.186925	-0.245556	-0.277655	-0.280583	-0.264559	-0.235094	-0.201732	-0.177672	-0.157536	-0.141766	-0.144856	-0.177318	-0.216897	-0.239361	
0.894831	0.94421	0.908482	0.804348	0.658333	0.485985	0.299767	0.122066	-0.0216893	-0.12025	-0.189706	-0.243427	-0.277655	-0.288497	-0.284469	-0.261414	-0.218391	-0.178167	-0.154058	-0.14254	-0.133233	-0.135326	-0.166762	-0.205814	-0.233537	
0.866837	0.915198	0.876541	0.764944	0.605258	0.410128	0.205624	0.0247029	-0.105519	-0.188618	-0.242131	-0.272454	-0.280583	-0.284469	-0.279764	-0.252402	-0.205871	-0.166128	-0.148505	-0.146654	-0.145153	-0.142287	-0.162343	-0.20117	-0.231095	
0.827479	0.867688	0.826366	0.715993	0.550598	0.349539	0.142316	-0.0296044	-0.150696	-0.223369	-0.263967	-0.273444	-0.264559	-0.261414	-0.252402	-0.219769	-0.176365	-0.152597	-0.14992	-0.15947	-0.163913	-0.165921	-0.181174	-0.215453	-0.238466	
0.78241	0.80753	0.76214	0.655971	0.4927	0.297909	0.10616	-0.0551148	-0.167068	-0.229888	-0.252402	-0.25047	-0.235094	-0.218391	-0.205871	-0.176365	-0.147166	-0.131762	-0.143493	-0.172498	-0.199133	-0.214289	-0.2202	-0.238574	-0.247558	
0.746804	0.755044	0.702095	0.592104	0.434631	0.257571	0.0860939	-0.0638598	-0.166152	-0.218536	-0.231343	-0.222853	-0.201732	-0.178167	-0.166128	-0.152597	-0.131762	-0.127683	-0.154717	-0.200422	-0.240772	-0.258196	-0.258966	-0.258	-0.25783	
0.729307	0.724799	0.655837	0.530966	0.377212	0.217329	0.0619307	-0.0703153	-0.159057	-0.206557	-0.212625	-0.203698	-0.177672	-0.154058	-0.148505	-0.14992	-0.143493	-0.154717	-0.195732	-0.240847	-0.273172	-0.283922	-0.279866	-0.267888	-0.256073	
0.711286	0.69701	0.606627	0.470492	0.318417	0.169885	0.0321787	-0.0787268	-0.157349	-0.197015	-0.195566	-0.182009	-0.157536	-0.14254	-0.146654	-0.15947	-0.172498	-0.200422	-0.240847	-0.27496	-0.294726	-0.295369	-0.279762	-0.258629	-0.234896	
0.673213	0.649263	0.553333	0.41685	0.271055	0.135974	0.0172667	-0.080357	-0.148779	-0.181845	-0.180564	-0.16401	-0.141766	-0.133233	-0.145153	-0.163913	-0.199133	-0.240772	-0.273172	-0.294726	-0.301479	-0.290436	-0.263983	-0.239604	-0.214167	
0.614317	0.584973	0.495926	0.371552	0.243029	0.128306	0.0311598	-0.0561267	-0.121334	-0.162587	-0.172677	-0.162721	-0.144856	-0.135326	-0.142287	-0.165921	-0.214289	-0.258196	-0.283922	-0.295369	-0.290436	-0.26614	-0.239411	-0.222575	-0.207528	
0.538831	0.512518	0.440982	0.337281	0.228245	0.133338	0.0495252	-0.029267	-0.0948755	-0.146329	-0.177525	-0.185811	-0.177318	-0.166762	-0.162343	-0.181174	-0.2202	-0.258966	-0.279866	-0.279762	-0.263983	-0.239411	-0.22083	-0.210474	-0.205772	
0.453693	0.430777	0.376657	0.301174	0.215456	0.137429	0.0662011	-0.00351587	-0.0677944	-0.130422	-0.180007	-0.212739	-0.216897	-0.205814	-0.20117	-0.215453	-0.238574	-0.258	-0.267888	-0.258629	-0.239604	-0.222575	-0.210474	-0.204053	-0.20739	
0.367121	0.346366	0.307102	0.254079	0.188885	0.123508	0.0630587	0.00805568	-0.0503155	-0.112546	-0.175834	-0.223481	-0.239361	-0.233537	-0.231095	-0.238466	-0.247558	-0.25783	-0.256073	-0.234896	-0.214167	-0.207528	-0.205772	-0.20739	-0.213132	
0.294078	0.274066	0.241582	0.198457	0.146083	0.0851334	0.0337181	-0.00361517	-0.0446172	-0.100302	-0.160812	-0.210059	-0.232223	-0.233676	-0.237761	-0.241905	-0.247892	-0.251152	-0.239966	-0.218473	-0.205026	-0.203487	-0.205101	-0.212526	-0.220723	
0.230254	0.210946	0.182019	0.146427	0.101237	0.0454248	0.00309384	-0.0188205	-0.0455223	-0.0881201	-0.138165	-0.177387	-0.207151	-0.225547	-0.233067	-0.24139	-0.251201	-0.248244	-0.229519	-0.213298	-0.209397	-0.211257	-0.213728	-0.216186	-0.220123	
0.174577	0.153864	0.126992	0.0953812	0.0543457	0.0118783	-0.0149961	-0.0253749	-0.0392384	-0.0716185	-0.1146	-0.148907	-0.187976	-0.221477	-0.23458	-0.248014	-0.259048	-0.247039	-0.225746	-0.215155	-0.211131	-0.218802	-0.2284	-0.222518	-0.215422	
0.1248	0.101722	0.0742131	0.0420062	0.00672945	-0.0186696	-0.0247931	-0.0210714	-0.0268917	-0.0523093	-0.0921164	-0.132128	-0.181947	-0.225368	-0.247611	-0.261362	-0.262453	-0.243074	-0.220348	-0.207628	-0.206114	-0.223066	-0.238861	-0.229514	-0.215632	
0.0829799	0.0603803	0.0353065	0.00329902	-0.0224306	-0.0320822	-0.0232725	-0.00951868	-0.0140613	-0.0323716	-0.0709158	-0.12134	-0.180361	-0.231316	-0.265393	-0.275821	-0.263258	-0.242593	-0.213804	-0.192209	-0.200924	-0.23005	-0.241387	-0.232483	-0.222007	
0.0762522	0.0532834	0.0282627	-0.00381034	-0.0266397	-0.0336123	-0.0212411	-0.00526759	-0.00758262	-0.027494	-0.0656074	-0.118952	-0.17847	-0.229797	-0.270004	-0.280378	-0.26494	-0.243099	-0.212959	-0.190567	-0.202594	-0.2329	-0.241597	-0.232826	-0.225329	
0.104833	0.0824162	0.0561791	0.0235626	-0.0081841	-0.0259382	-0.0256792	-0.0174524	-0.0227326	-0.0438159	-0.0831641	-0.127713	-0.18196	-0.229376	-0.25543	-0.266656	-0.261256	-0.242672	-0.218134	-0.200388	-0.202126	-0.225033	-0.240211	-0.231214	-0.217609	
0.154556	0.132662	0.105467	0.0735254	0.0345911	-0.00135644	-0.0203177	-0.0251225	-0.0343687	-0.0645446	-0.105716	-0.141146	-0.183749	-0.220996	-0.238283	-0.253564	-0.262081	-0.245318	-0.223551	-0.214035	-0.210335	-0.220999	-0.233995	-0.225759	-0.214338	
0.206916	0.187168	0.159587	0.126578	0.0833017	0.0317282	-0.0054261	-0.0224192	-0.04396	-0.0816076	-0.128222	-0.164156	-0.198191	-0.223637	-0.231978	-0.242867	-0.254641	-0.248291	-0.227555	-0.213968	-0.211103	-0.214389	-0.219323	-0.218555	-0.218445	
0.267556	0.248074	0.21692	0.177204	0.127681	0.0682046	0.0202354	-0.0102276	-0.0451568	-0.095274	-0.152407	-0.19798	-0.222916	-0.230772	-0.236086	-0.2412	-0.247626	-0.249328	-0.234803	-0.215144	-0.205571	-0.205457	-0.207289	-0.214221	-0.222159	
0.336628	0.315855	0.279929	0.232061	0.173154	0.110006	0.053243	0.0051388	-0.0458588	-0.107715	-0.171448	-0.221425	-0.239757	-0.235631	-0.236517	-0.242145	-0.248573	-0.255281	-0.249366	-0.226798	-0.207827	-0.204346	-0.20554	-0.209415	-0.216388	
0.417504	0.396284	0.348876	0.283826	0.207122	0.135557	0.0687994	0.00385685	-0.0597933	-0.122719	-0.178873	-0.219783	-0.229461	-0.220357	-0.215451	-0.227435	-0.243994	-0.258322	-0.263564	-0.24891	-0.228577	-0.21601	-0.208088	-0.204622	-0.208707	
0.506329	0.481221	0.417225	0.3234	0.223818	0.135554	0.0564411	-0.0186073	-0.0829629	-0.139901	-0.179468	-0.198145	-0.193681	-0.181598	-0.177118	-0.194051	-0.227028	-0.258095	-0.275457	-0.272127	-0.255015	-0.232027	-0.215425	-0.206883	-0.206212	
0.584921	0.55639	0.473421	0.357047	0.235903	0.129855	0.0389549	-0.0451624	-0.111819	-0.155981	-0.173778	-0.169248	-0.155135	-0.145767	-0.146792	-0.169296	-0.215339	-0.260108	-0.283779	-0.289474	-0.279727	-0.254276	-0.230929	-0.217262	-0.206251	
0.652251	0.625453	0.530864	0.397739	0.258053	0.130283	0.0197988	-0.0727938	-0.137246	-0.17314	-0.175784	-0.160373	-0.13907	-0.1301	-0.142304	-0.164961	-0.207776	-0.2509	-0.279862	-0.298398	-0.300271	-0.283151	-0.25471	-0.232142	-0.210598	
0.698711	0.680077	0.585429	0.447861	0.297311	0.153429	0.0228554	-0.0827378	-0.156366	-0.192727	-0.189492	-0.173979	-0.151082	-0.139984	-0.146773	-0.161403	-0.183776	-0.21776	-0.255622	-0.284324	-0.298819	-0.295212	-0.274534	-0.250802	-0.224857	
0.723657	0.715275	0.637055	0.506602	0.353521	0.198252	0.0502751	-0.073267	-0.157567	-0.201962	-0.205666	-0.195916	-0.169308	-0.147929	-0.146412	-0.153736	-0.154545	-0.172332	-0.215466	-0.25643	-0.283245	-0.290531	-0.283121	-0.267045	-0.248703	
0.737933	0.740295	0.682536	0.567368	0.412127	0.242454	0.0777383	-0.0658503	-0.163357	-0.213393	-0.22338	-0.214714	-0.191596	-0.166579	-0.156606	-0.149063	-0.133164	-0.134989	-0.168486	-0.215817	-0.254801	-0.270194	-0.269473	-0.263632	-0.259765	
0.765787	0.784735	0.736555	0.630692	0.46905	0.280233	0.0970768	-0.0599105	-0.168424	-0.226729	-0.243864	-0.238498	-0.221144	-0.200856	-0.187444	-0.163829	-0.137984	-0.126544	-0.144157	-0.18155	-0.216665	-0.233888	-0.236279	-0.246864	-0.252332	
0.809585	0.843765	0.802043	0.69251	0.527705	0.328129	0.124671	-0.0426671	-0.159621	-0.228417	-0.262526	-0.266603	-0.25394	-0.244966	-0.234647	-0.201764	-0.164109	-0.144591	-0.147907	-0.16383	-0.175509	-0.183752	-0.195924	-0.224605	-0.241586	
0.852447	0.898701	0.858455	0.747175	0.583989	0.384398	0.177274	-0.00151658	-0.12818	-0.20721	-0.255154	-0.275499	-0.27611	-0.278593	-0.272	-0.242171	-0.195659	-0.161775	-0.14996	-0.151807	-0.151351	-0.14849	-0.166636	-0.205329	-0.233512	
0.884391	0.934501	0.897693	0.789097	0.636437	0.453226	0.258038	0.077125	-0.0601796	-0.150123	-0.213644	-0.259183	-0.282017	-0.288282	-0.284574	-0.2601	-0.214137	-0.17202	-0.149065	-0.142489	-0.137006	-0.13661	-0.162968	-0.20169	-0.231836	
0.910066	0.957529	0.923332	0.828225	0.695601	0.540774	0.369112	0.199442	0.0466302	-0.0700034	-0.148821	-0.211744	-0.262023	-0.284542	-0.282664	-0.262012	-0.227827	-0.19143	-0.166611	-0.148472	-0.135436	-0.139685	-0.172977	-0.213038	-0.237602	
0.935984	0.979675	0.959264	0.883317	0.775031	0.644382	0.488081	0.325737	0.165644	0.0309849	-0.0703425	-0.147168	-0.212429	-0.259147	-0.276747	-0.270672	-0.245835	-0.215489	-0.19525	-0.173379	-0.154827	-0.155224	-0.183923	-0.218236	-0.233841	
0.962254	1.00928	1.00271	0.948404	0.863838	0.751873	0.61405	0.454219	0.289331	0.142607	0.0171635	-0.0728609	-0.147197	-0.213519	-0.257454	-0.271102	-0.253953	-0.229741	-0.209824	-0.190598	-0.175142	-0.170434	-0.183075	-0.195353	-0.198239	
