-0.311735	-0.236913	-0.140468	-0.0463029	0.0183212	0.0496172	0.0536709	0.0325381	-0.00745799	-0.0362585	-0.0348104	-0.00910182	0.0361858	0.100759	0.173993	0.231854	0.249682	0.194691	0.0705492	-0.105126	-0.301474	-0.483424	-0.631032	-0.723473	-0.753946	
-0.236913	-0.224751	-0.184427	-0.134002	-0.0941338	-0.0800664	-0.0843533	-0.109922	-0.147823	-0.163317	-0.148046	-0.111362	-0.0675452	-0.00739727	0.0600618	0.116772	0.133158	0.0800608	-0.041946	-0.212599	-0.411034	-0.600438	-0.754626	-0.861714	-0.91306	
-0.140468	-0.184427	-0.197803	-0.197908	-0.196672	-0.208175	-0.224807	-0.248359	-0.268457	-0.273187	-0.251879	-0.215383	-0.169633	-0.110639	-0.0479886	0.00895353	0.0305226	-0.0114507	-0.118718	-0.276101	-0.464043	-0.646506	-0.80253	-0.921731	-1.00236	
-0.0463029	-0.134002	-0.197908	-0.251909	-0.291499	-0.331769	-0.363614	-0.385478	-0.392831	-0.385367	-0.359553	-0.315117	-0.263111	-0.20886	-0.149257	-0.0884939	-0.0517634	-0.0758362	-0.159874	-0.295452	-0.462307	-0.62681	-0.777817	-0.901965	-1.00486	
0.0183212	-0.0941338	-0.196672	-0.291499	-0.372989	-0.434908	-0.487221	-0.519095	-0.525058	-0.505158	-0.461698	-0.399991	-0.338715	-0.282081	-0.219212	-0.15617	-0.112067	-0.119241	-0.174656	-0.280159	-0.417277	-0.558228	-0.697336	-0.819916	-0.930961	
0.0496172	-0.0800664	-0.208175	-0.331769	-0.434908	-0.520413	-0.594571	-0.64222	-0.648131	-0.613963	-0.554831	-0.475492	-0.394145	-0.316832	-0.247186	-0.182977	-0.138889	-0.126843	-0.156603	-0.23037	-0.330544	-0.446354	-0.568683	-0.688368	-0.801414	
0.0536709	-0.0843533	-0.224807	-0.363614	-0.487221	-0.594571	-0.683101	-0.740082	-0.743033	-0.696335	-0.618624	-0.51861	-0.414373	-0.318916	-0.239486	-0.170147	-0.121927	-0.0992206	-0.113147	-0.160494	-0.23049	-0.322329	-0.426623	-0.53247	-0.64435	
0.0325381	-0.109922	-0.248359	-0.385478	-0.519095	-0.64222	-0.740082	-0.795683	-0.78841	-0.726013	-0.629176	-0.514242	-0.399448	-0.297226	-0.208243	-0.13389	-0.0815776	-0.0523929	-0.0504564	-0.07981	-0.134669	-0.210397	-0.295027	-0.381049	-0.489422	
-0.00745799	-0.147823	-0.268457	-0.392831	-0.525058	-0.648131	-0.743033	-0.78841	-0.771506	-0.69838	-0.592011	-0.473897	-0.354295	-0.250112	-0.158481	-0.0855536	-0.0323712	0.00673658	0.0229988	0.00551712	-0.041529	-0.106936	-0.180119	-0.259379	-0.363855	
-0.0362585	-0.163317	-0.273187	-0.385367	-0.505158	-0.613963	-0.696335	-0.726013	-0.69838	-0.625855	-0.527837	-0.410871	-0.290912	-0.189418	-0.100904	-0.0294692	0.0246588	0.0638089	0.087602	0.0820042	0.0469908	-0.0109081	-0.087271	-0.171784	-0.27184	
-0.0348104	-0.148046	-0.251879	-0.359553	-0.461698	-0.554831	-0.618624	-0.629176	-0.592011	-0.527837	-0.439937	-0.3352	-0.226835	-0.135047	-0.0495355	0.0237256	0.0697228	0.105891	0.135043	0.142715	0.116716	0.0610338	-0.0168066	-0.103661	-0.195835	
-0.00910182	-0.111362	-0.215383	-0.315117	-0.399991	-0.475492	-0.51861	-0.514242	-0.473897	-0.410871	-0.3352	-0.251341	-0.163446	-0.0824391	-0.0046265	0.0556378	0.097646	0.138234	0.178301	0.188685	0.161656	0.108172	0.0337315	-0.0445639	-0.135046	
0.0361858	-0.0675452	-0.169633	-0.263111	-0.338715	-0.394145	-0.414373	-0.399448	-0.354295	-0.290912	-0.226835	-0.163446	-0.0886858	-0.020493	0.0374333	0.0832863	0.128869	0.179883	0.220352	0.228877	0.199448	0.145607	0.0727225	-0.00601455	-0.101221	
0.100759	-0.00739727	-0.110639	-0.20886	-0.282081	-0.316832	-0.318916	-0.297226	-0.250112	-0.189418	-0.135047	-0.0824391	-0.020493	0.0344798	0.0835578	0.132872	0.187162	0.23687	0.272481	0.278789	0.247822	0.18509	0.101562	0.00968875	-0.104545	
0.173993	0.0600618	-0.0479886	-0.149257	-0.219212	-0.247186	-0.239486	-0.208243	-0.158481	-0.100904	-0.0495355	-0.0046265	0.0374333	0.0835578	0.141942	0.203392	0.261041	0.306656	0.337204	0.339418	0.297942	0.219842	0.12023	0.00686612	-0.128682	
0.231854	0.116772	0.00895353	-0.0884939	-0.15617	-0.182977	-0.170147	-0.13389	-0.0855536	-0.0294692	0.0237256	0.0556378	0.0832863	0.132872	0.203392	0.273507	0.334094	0.383309	0.411597	0.404077	0.347285	0.250993	0.133105	0.00122211	-0.147119	
0.249682	0.133158	0.0305226	-0.0517634	-0.112067	-0.138889	-0.121927	-0.0815776	-0.0323712	0.0246588	0.0697228	0.097646	0.128869	0.187162	0.261041	0.334094	0.402446	0.455748	0.4824	0.465443	0.397835	0.287253	0.154816	0.0134978	-0.139877	
0.194691	0.0800608	-0.0114507	-0.0758362	-0.119241	-0.126843	-0.0992206	-0.0523929	0.00673658	0.0638089	0.105891	0.138234	0.179883	0.23687	0.306656	0.383309	0.455748	0.511815	0.534063	0.515162	0.448225	0.33803	0.204483	0.0591569	-0.0957345	
0.0705492	-0.041946	-0.118718	-0.159874	-0.174656	-0.156603	-0.113147	-0.0504564	0.0229988	0.087602	0.135043	0.178301	0.220352	0.272481	0.337204	0.411597	0.4824	0.534063	0.554505	0.540645	0.490715	0.396774	0.2747	0.135637	-0.0142514	
-0.105126	-0.212599	-0.276101	-0.295452	-0.280159	-0.23037	-0.160494	-0.07981	0.00551712	0.0820042	0.142715	0.188685	0.228877	0.278789	0.339418	0.404077	0.465443	0.515162	0.540645	0.547457	0.524911	0.455746	0.358234	0.238886	0.105697	
-0.301474	-0.411034	-0.464043	-0.462307	-0.417277	-0.330544	-0.23049	-0.134669	-0.041529	0.0469908	0.116716	0.161656	0.199448	0.247822	0.297942	0.347285	0.397835	0.448225	0.490715	0.524911	0.533476	0.500062	0.441308	0.356388	0.252624	
-0.483424	-0.600438	-0.646506	-0.62681	-0.558228	-0.446354	-0.322329	-0.210397	-0.106936	-0.0109081	0.0610338	0.108172	0.145607	0.18509	0.219842	0.250993	0.287253	0.33803	0.396774	0.455746	0.500062	0.512668	0.501766	0.462518	0.407558	
-0.631032	-0.754626	-0.80253	-0.777817	-0.697336	-0.568683	-0.426623	-0.295027	-0.180119	-0.087271	-0.0168066	0.0337315	0.0727225	0.101562	0.12023	0.133105	0.154816	0.204483	0.2747	0.358234	0.441308	0.501766	0.537754	0.553803	0.563328	
-0.723473	-0.861714	-0.921731	-0.901965	-0.819916	-0.688368	-0.53247	-0.381049	-0.259379	-0.171784	-0.103661	-0.0445639	-0.00601455	0.00968875	0.00686612	0.00122211	0.0134978	0.0591569	0.135637	0.238886	0.356388	0.462518	0.553803	0.63431	0.711024	
-0.753946	-0.91306	-1.00236	-1.00486	-0.930961	-0.801414	-0.64435	-0.489422	-0.363855	-0.27184	-0.195835	-0.135046	-0.101221	-0.104545	-0.128682	-0.147119	-0.139877	-0.0957345	-0.0142514	0.105697	0.252624	0.407558	0.563328	0.711024	0.853732	
-0.737907	-0.924421	-1.04667	-1.08218	-1.03133	-0.916605	-0.769557	-0.620405	-0.492752	-0.392401	-0.314336	-0.258495	-0.23664	-0.251264	-0.287286	-0.314897	-0.31173	-0.265999	-0.170055	-0.0273683	0.15006	0.354124	0.569727	0.784425	1.00532	
-0.707057	-0.920749	-1.08282	-1.15813	-1.1332	-1.03562	-0.90113	-0.759298	-0.629565	-0.523895	-0.449362	-0.408739	-0.400411	-0.423103	-0.464537	-0.499439	-0.498195	-0.439893	-0.31908	-0.147672	0.0656772	0.314642	0.585312	0.869865	1.16757	
-0.685167	-0.927663	-1.11778	-1.2218	-1.22289	-1.14826	-1.0305	-0.895963	-0.766743	-0.659914	-0.587344	-0.556596	-0.563154	-0.598204	-0.647282	-0.682145	-0.668377	-0.589621	-0.447059	-0.25162	-0.00680328	0.28838	0.614131	0.962349	1.3198	
-0.67969	-0.945215	-1.1532	-1.27231	-1.29378	-1.24433	-1.14096	-1.00855	-0.879553	-0.774849	-0.705027	-0.676684	-0.694124	-0.743868	-0.800576	-0.827719	-0.79559	-0.699675	-0.540575	-0.326551	-0.0545125	0.278321	0.648167	1.03955	1.43666	
-0.685102	-0.962533	-1.17974	-1.30858	-1.34293	-1.30634	-1.20557	-1.06679	-0.936347	-0.839507	-0.775246	-0.750094	-0.770469	-0.828735	-0.888552	-0.909531	-0.870255	-0.766803	-0.594511	-0.361736	-0.0713816	0.280786	0.669961	1.0814	1.50564	
-0.686548	-0.966867	-1.18394	-1.31277	-1.35082	-1.31742	-1.21598	-1.07478	-0.944147	-0.849657	-0.789098	-0.762718	-0.784526	-0.843016	-0.902811	-0.923307	-0.883261	-0.77994	-0.604045	-0.366342	-0.0736545	0.281121	0.672649	1.08703	1.51792	
-0.6813	-0.952393	-1.16604	-1.29066	-1.31773	-1.27442	-1.17356	-1.03934	-0.909691	-0.807748	-0.739059	-0.712494	-0.731461	-0.786264	-0.844399	-0.867945	-0.832388	-0.732476	-0.566714	-0.344362	-0.0638324	0.278295	0.659174	1.06147	1.47044	
-0.681374	-0.934315	-1.13152	-1.24245	-1.25325	-1.18942	-1.07809	-0.945459	-0.816902	-0.710474	-0.638643	-0.609087	-0.62106	-0.662471	-0.71511	-0.74706	-0.724851	-0.638107	-0.489123	-0.286384	-0.0302506	0.282357	0.628353	0.996423	1.37147	
-0.696222	-0.921477	-1.09732	-1.18581	-1.17162	-1.08233	-0.954043	-0.815007	-0.684987	-0.578071	-0.505062	-0.469462	-0.467434	-0.494081	-0.538489	-0.574981	-0.569815	-0.503697	-0.373581	-0.192289	0.0350133	0.302851	0.595503	0.907044	1.23129	
-0.726103	-0.922799	-1.06048	-1.11283	-1.07235	-0.964286	-0.821939	-0.675542	-0.547183	-0.444691	-0.367102	-0.317401	-0.300187	-0.318256	-0.356324	-0.386976	-0.386235	-0.336471	-0.23118	-0.0768011	0.114723	0.336499	0.57393	0.816663	1.0701	
-0.751412	-0.921351	-1.02371	-1.03745	-0.971523	-0.846323	-0.692983	-0.539945	-0.413112	-0.317478	-0.240526	-0.179396	-0.150468	-0.159526	-0.189956	-0.212228	-0.205706	-0.162458	-0.0761614	0.0516894	0.209807	0.384901	0.565777	0.740118	0.912843	
-0.743047	-0.887935	-0.958262	-0.947017	-0.866334	-0.734132	-0.575667	-0.42091	-0.297593	-0.209133	-0.13776	-0.0779682	-0.03989	-0.0324989	-0.0447423	-0.0557983	-0.0459463	-0.000878004	0.0767248	0.186239	0.315962	0.441355	0.558662	0.665846	0.76744	
-0.675361	-0.804233	-0.854628	-0.829546	-0.748241	-0.617226	-0.468824	-0.328375	-0.210527	-0.120211	-0.05166	0.00250305	0.0410069	0.066017	0.0770506	0.0818875	0.0995004	0.14738	0.220828	0.313009	0.410427	0.48934	0.54568	0.586448	0.62353	
-0.547834	-0.666804	-0.713415	-0.690813	-0.615363	-0.495302	-0.363514	-0.243853	-0.135994	-0.0402895	0.0320205	0.0805865	0.11861	0.153245	0.181782	0.205731	0.235889	0.286389	0.350759	0.419557	0.479709	0.51148	0.519024	0.500887	0.470362	
-0.377807	-0.490198	-0.538442	-0.528602	-0.473294	-0.375227	-0.264431	-0.162195	-0.0657307	0.0262457	0.0973223	0.143249	0.180916	0.2258	0.269553	0.312112	0.357721	0.40854	0.457636	0.502088	0.5239	0.50826	0.468635	0.400702	0.314274	
-0.183243	-0.290353	-0.350071	-0.360806	-0.333468	-0.26814	-0.186867	-0.0998271	-0.0105899	0.0715682	0.13651	0.181898	0.220947	0.27126	0.328336	0.38716	0.445027	0.494156	0.526007	0.543375	0.533121	0.476878	0.393098	0.286053	0.162328	
0.00470905	-0.105628	-0.175696	-0.208474	-0.210772	-0.181581	-0.127991	-0.057904	0.0196554	0.0886741	0.141675	0.186877	0.228192	0.278766	0.342658	0.414116	0.481233	0.531957	0.552791	0.545903	0.506093	0.421042	0.307044	0.173543	0.0292028	
0.152963	0.0387716	-0.0478676	-0.103292	-0.136045	-0.132514	-0.100168	-0.0479537	0.017228	0.0762584	0.119456	0.156521	0.19907	0.254078	0.321272	0.397612	0.47045	0.525029	0.546481	0.527869	0.465672	0.361063	0.230792	0.0862166	-0.0679625	
0.236513	0.121202	0.0227191	-0.0534049	-0.108201	-0.130317	-0.109356	-0.0673147	-0.0152624	0.0417465	0.0842398	0.112985	0.149114	0.207703	0.280443	0.355262	0.426203	0.481423	0.506404	0.487658	0.418359	0.305878	0.17156	0.0281512	-0.12679	
0.2463	0.129907	0.0236974	-0.0681981	-0.13451	-0.162048	-0.147854	-0.110254	-0.0625418	-0.00610381	0.0449866	0.0737927	0.100578	0.154283	0.227196	0.298992	0.36251	0.413337	0.4409	0.429413	0.367426	0.264096	0.139114	0.00266918	-0.147477	
0.200321	0.0858983	-0.0235897	-0.124537	-0.193328	-0.220797	-0.210491	-0.175756	-0.125637	-0.0699432	-0.0175111	0.0222258	0.0572764	0.103078	0.166511	0.232165	0.290476	0.33674	0.366167	0.364994	0.318099	0.232671	0.125314	0.00382377	-0.138185	
0.129828	0.018961	-0.0852784	-0.185026	-0.257184	-0.288542	-0.285706	-0.260225	-0.211717	-0.152546	-0.100706	-0.0505279	0.00393868	0.0541658	0.105762	0.159694	0.21586	0.263847	0.296823	0.302223	0.267642	0.19966	0.110444	0.00977008	-0.113422	
0.0601261	-0.0452276	-0.147638	-0.242515	-0.316465	-0.362202	-0.374548	-0.357974	-0.31096	-0.247809	-0.187428	-0.13022	-0.0602357	0.00264784	0.0547039	0.099946	0.148701	0.201124	0.240036	0.247433	0.21757	0.161242	0.0859529	0.00353597	-0.0984554	
0.00674868	-0.0951172	-0.198446	-0.293727	-0.374447	-0.443098	-0.47567	-0.46636	-0.424519	-0.361773	-0.291311	-0.215382	-0.134424	-0.0582681	0.0123852	0.0653264	0.108124	0.153015	0.194878	0.204485	0.176108	0.123029	0.0497822	-0.0262829	-0.117285	
-0.0270331	-0.134572	-0.238559	-0.34419	-0.439185	-0.524608	-0.580733	-0.584824	-0.545452	-0.482743	-0.399246	-0.302746	-0.202388	-0.114637	-0.0310625	0.0388632	0.0818972	0.119068	0.152579	0.162555	0.137715	0.0824015	0.00546841	-0.078782	-0.168772	
