0.316456	0.179077	0.0502893	-0.0514407	-0.113685	-0.124611	-0.0821516	0.00549286	0.124685	0.263759	0.382881	0.451772	0.469156	0.424533	0.31915	0.169977	0.00403257	-0.161691	-0.305633	-0.387726	-0.398348	-0.351151	-0.269751	-0.174987	-0.10007	
0.205142	0.0658967	-0.0775708	-0.194046	-0.2613	-0.272696	-0.227679	-0.128838	0.00624689	0.15308	0.269123	0.336575	0.354965	0.316796	0.215671	0.0621917	-0.104889	-0.260473	-0.385889	-0.448619	-0.446169	-0.397258	-0.323295	-0.245507	-0.189957	
0.113254	-0.0232127	-0.164401	-0.277659	-0.346669	-0.358904	-0.311067	-0.213746	-0.0815271	0.0622396	0.174378	0.233325	0.240281	0.199806	0.0942466	-0.0643575	-0.234906	-0.379162	-0.479864	-0.523699	-0.515068	-0.470514	-0.407691	-0.343216	-0.295657	
0.0628874	-0.0602006	-0.191912	-0.303193	-0.376313	-0.390189	-0.338224	-0.240017	-0.113891	0.0171316	0.116772	0.164622	0.159133	0.0994604	-0.0212196	-0.181755	-0.353023	-0.491534	-0.574405	-0.604662	-0.598492	-0.565227	-0.513049	-0.457679	-0.413002	
0.0869214	-0.0178141	-0.14191	-0.2526	-0.327648	-0.341563	-0.288243	-0.188916	-0.0665785	0.0492511	0.128432	0.156135	0.128244	0.0437146	-0.0973114	-0.262479	-0.428381	-0.564269	-0.643781	-0.675335	-0.677826	-0.657805	-0.614375	-0.564466	-0.525369	
0.188286	0.10558	-0.0047755	-0.113021	-0.188897	-0.202988	-0.148866	-0.0502779	0.0638356	0.159799	0.216503	0.218648	0.156746	0.0425729	-0.115922	-0.289699	-0.449522	-0.579983	-0.664998	-0.701974	-0.709431	-0.70218	-0.674679	-0.639283	-0.610103	
0.338716	0.280686	0.180889	0.0719345	0.00463024	-0.00606857	0.0382799	0.134908	0.244826	0.320991	0.350285	0.32189	0.239129	0.104393	-0.063994	-0.24457	-0.403839	-0.526192	-0.609192	-0.65503	-0.675322	-0.678913	-0.665658	-0.652697	-0.642438	
0.509745	0.457438	0.359151	0.258522	0.195125	0.184384	0.2269	0.316692	0.422614	0.494865	0.512047	0.46421	0.370175	0.224781	0.0563885	-0.118448	-0.274955	-0.398466	-0.481916	-0.535514	-0.569358	-0.585043	-0.589884	-0.601076	-0.617405	
0.66913	0.603725	0.507876	0.417112	0.355403	0.343692	0.387747	0.469688	0.566177	0.64991	0.675808	0.631667	0.536831	0.396594	0.233851	0.0724729	-0.0765826	-0.199269	-0.287513	-0.350703	-0.401061	-0.437501	-0.461998	-0.497604	-0.539701	
0.794807	0.711251	0.610275	0.523407	0.466301	0.455705	0.495841	0.572674	0.670393	0.766981	0.816466	0.796308	0.712852	0.585138	0.434342	0.285034	0.151053	0.0408096	-0.0510701	-0.12518	-0.181942	-0.23044	-0.28274	-0.346371	-0.422522	
0.866278	0.762379	0.653624	0.563914	0.509811	0.500937	0.537014	0.614383	0.718517	0.827393	0.909758	0.921911	0.858283	0.74913	0.619693	0.491031	0.372989	0.278212	0.197683	0.124116	0.0675777	0.0140831	-0.0566734	-0.154197	-0.277954	
0.884624	0.758045	0.631656	0.531956	0.473837	0.463865	0.503287	0.587456	0.705351	0.83698	0.94078	0.983464	0.951867	0.873735	0.764862	0.658503	0.564786	0.488709	0.426768	0.371189	0.317802	0.25632	0.167535	0.0394851	-0.128955	
0.835303	0.687164	0.540544	0.428397	0.359663	0.347442	0.395117	0.490736	0.62603	0.779899	0.902901	0.965022	0.972307	0.937983	0.865211	0.786657	0.718332	0.663505	0.626087	0.590956	0.54064	0.464175	0.349996	0.195134	-0.00329674	
0.699266	0.537958	0.376967	0.252214	0.177555	0.163733	0.215391	0.321612	0.471176	0.637216	0.777721	0.869092	0.919989	0.92572	0.897415	0.857948	0.822607	0.795132	0.778433	0.762841	0.720636	0.631103	0.491431	0.309693	0.0861907	
0.478678	0.306642	0.141311	0.0099004	-0.0654979	-0.07829	-0.0282913	0.0838262	0.237963	0.410876	0.569613	0.691608	0.780959	0.832109	0.851003	0.854353	0.857069	0.866461	0.874849	0.878015	0.846943	0.748636	0.590306	0.386964	0.147492	
0.186788	0.0117528	-0.150398	-0.279575	-0.359848	-0.374066	-0.318728	-0.207214	-0.0559363	0.117128	0.286066	0.435403	0.555219	0.651466	0.719573	0.769023	0.819639	0.870159	0.906412	0.927095	0.902406	0.806752	0.649582	0.443898	0.201483	
-0.145007	-0.315954	-0.468328	-0.592904	-0.674341	-0.689363	-0.631687	-0.522045	-0.380113	-0.214121	-0.0442096	0.118302	0.263574	0.39658	0.505539	0.604685	0.706992	0.803411	0.875222	0.91456	0.90141	0.82281	0.683548	0.492095	0.265115	
-0.495191	-0.649659	-0.780651	-0.889662	-0.96649	-0.98145	-0.925358	-0.82656	-0.705516	-0.559206	-0.3978	-0.239325	-0.0758506	0.0910665	0.245268	0.388612	0.532654	0.677028	0.800058	0.874025	0.884616	0.828444	0.709115	0.540165	0.336315	
-0.820348	-0.944734	-1.04957	-1.13696	-1.20177	-1.21602	-1.16668	-1.08605	-0.989263	-0.872395	-0.735257	-0.583082	-0.41268	-0.231081	-0.0451588	0.136118	0.325448	0.517245	0.690114	0.8123	0.861146	0.839381	0.746628	0.601585	0.416223	
-1.08207	-1.17694	-1.24845	-1.31391	-1.35724	-1.36431	-1.33468	-1.27524	-1.20784	-1.1226	-1.0147	-0.880077	-0.722682	-0.545086	-0.344563	-0.121941	0.114214	0.354108	0.571304	0.740416	0.83771	0.857406	0.799691	0.679904	0.518837	
-1.26831	-1.32726	-1.36765	-1.40168	-1.41856	-1.42001	-1.41147	-1.38261	-1.34461	-1.29437	-1.22132	-1.11645	-0.984662	-0.824872	-0.61824	-0.367013	-0.0868931	0.196417	0.452863	0.669533	0.818409	0.88091	0.861067	0.770898	0.63326	
-1.37954	-1.39756	-1.40417	-1.40344	-1.3928	-1.38883	-1.39973	-1.40541	-1.40044	-1.39077	-1.35062	-1.27316	-1.16824	-1.0348	-0.84377	-0.585432	-0.282278	0.030801	0.331925	0.594702	0.789512	0.896462	0.923044	0.872794	0.757006	
-1.40428	-1.38901	-1.36361	-1.32478	-1.28542	-1.27717	-1.30713	-1.34988	-1.37988	-1.40107	-1.39708	-1.34892	-1.27926	-1.17626	-1.013	-0.769477	-0.469348	-0.142452	0.191133	0.49256	0.73195	0.889825	0.95981	0.948681	0.867334	
-1.36831	-1.31097	-1.24602	-1.17677	-1.1235	-1.11348	-1.15137	-1.21875	-1.28544	-1.34819	-1.38517	-1.37965	-1.345	-1.27803	-1.14469	-0.925453	-0.642944	-0.315977	0.0387382	0.370918	0.642121	0.83896	0.951567	0.984929	0.943116	
-1.29135	-1.19221	-1.08082	-0.980992	-0.916347	-0.904527	-0.950156	-1.03795	-1.14757	-1.25469	-1.33623	-1.38118	-1.38847	-1.3558	-1.2504	-1.06043	-0.799343	-0.475709	-0.118636	0.22374	0.521295	0.750417	0.899093	0.96307	0.949142	
-1.18415	-1.04153	-0.884886	-0.749507	-0.667022	-0.650826	-0.709485	-0.826634	-0.978177	-1.13144	-1.2511	-1.34268	-1.39539	-1.39897	-1.32273	-1.16515	-0.933565	-0.631445	-0.284099	0.0567413	0.369759	0.620347	0.791605	0.874689	0.879876	
-1.04153	-0.852757	-0.662927	-0.500853	-0.403597	-0.386415	-0.452346	-0.593091	-0.774903	-0.969229	-1.13658	-1.26757	-1.36392	-1.40402	-1.36456	-1.2472	-1.04618	-0.774129	-0.450963	-0.117389	0.195115	0.454533	0.637558	0.738708	0.766923	
-0.884886	-0.662927	-0.445566	-0.272404	-0.168435	-0.150514	-0.220923	-0.369357	-0.573648	-0.797501	-1.00673	-1.18346	-1.3249	-1.39733	-1.3917	-1.30583	-1.13903	-0.894604	-0.596316	-0.276091	0.0295098	0.290356	0.484707	0.602744	0.654207	
-0.749507	-0.500853	-0.272404	-0.0951511	0.00976166	0.0268151	-0.0432714	-0.193697	-0.40565	-0.6499	-0.892456	-1.1033	-1.27211	-1.38167	-1.41243	-1.36003	-1.21794	-0.994955	-0.715864	-0.404059	-0.101537	0.162183	0.366404	0.499061	0.560802	
-0.667022	-0.403597	-0.168435	0.00976166	0.111506	0.128717	0.0600272	-0.0882931	-0.304	-0.561102	-0.81998	-1.0471	-1.2252	-1.35869	-1.41896	-1.39222	-1.27412	-1.07001	-0.795466	-0.485418	-0.178184	0.087862	0.294079	0.437277	0.505003	
-0.650826	-0.386415	-0.150514	0.0268151	0.128717	0.147031	0.0764233	-0.0709335	-0.286332	-0.544087	-0.806072	-1.03735	-1.21693	-1.35186	-1.4181	-1.39696	-1.28636	-1.08581	-0.809545	-0.50052	-0.191402	0.074621	0.281009	0.426457	0.495779	
-0.709485	-0.452346	-0.220923	-0.0432714	0.0600272	0.0764233	0.00789085	-0.141459	-0.355011	-0.606078	-0.858043	-1.07599	-1.25017	-1.37224	-1.41711	-1.37634	-1.24383	-1.02934	-0.753535	-0.443358	-0.139717	0.125131	0.330846	0.469021	0.533175	
-0.826634	-0.593091	-0.369357	-0.193697	-0.0882931	-0.0709335	-0.141459	-0.292128	-0.501085	-0.733786	-0.957849	-1.1504	-1.30554	-1.39277	-1.40145	-1.32833	-1.17167	-0.936827	-0.647621	-0.331484	-0.028368	0.233735	0.432078	0.556461	0.613387	
-0.978177	-0.774903	-0.573648	-0.40565	-0.304	-0.286332	-0.355011	-0.501085	-0.692456	-0.899056	-1.08471	-1.23426	-1.34922	-1.40161	-1.37619	-1.27271	-1.08567	-0.825259	-0.512683	-0.183774	0.12625	0.386607	0.573836	0.682257	0.720374	
-1.13144	-0.969229	-0.797501	-0.6499	-0.561102	-0.544087	-0.606078	-0.733786	-0.899056	-1.07167	-1.20845	-1.31524	-1.38549	-1.40481	-1.34274	-1.2003	-0.981	-0.690828	-0.351745	-0.0129875	0.300852	0.555951	0.733346	0.824079	0.836847	
-1.2511	-1.13658	-1.00673	-0.892456	-0.81998	-0.806072	-0.858043	-0.957849	-1.08471	-1.20845	-1.30544	-1.37107	-1.39755	-1.37832	-1.28352	-1.1057	-0.855665	-0.537991	-0.18414	0.157937	0.464474	0.704209	0.863194	0.935216	0.928883	
-1.34268	-1.26757	-1.18346	-1.1033	-1.0471	-1.03735	-1.07599	-1.1504	-1.23426	-1.31524	-1.37107	-1.38474	-1.36481	-1.31173	-1.19051	-0.982465	-0.70835	-0.381539	-0.0228021	0.315936	0.597554	0.807516	0.936511	0.984761	0.955693	
-1.39539	-1.36392	-1.3249	-1.27211	-1.2252	-1.21693	-1.25017	-1.30554	-1.34922	-1.38549	-1.39755	-1.36481	-1.30911	-1.2203	-1.06827	-0.83471	-0.540762	-0.213174	0.130762	0.446308	0.699111	0.875338	0.961454	0.968576	0.903009	
-1.39897	-1.40402	-1.39733	-1.38167	-1.35869	-1.35186	-1.37224	-1.39277	-1.40161	-1.40481	-1.37832	-1.31173	-1.2203	-1.09829	-0.918568	-0.663009	-0.358543	-0.0374636	0.27866	0.556882	0.770594	0.89776	0.943016	0.908191	0.804552	
-1.32273	-1.36456	-1.3917	-1.41243	-1.41896	-1.4181	-1.41711	-1.40145	-1.37619	-1.34274	-1.28352	-1.19051	-1.06827	-0.918568	-0.715093	-0.458382	-0.165676	0.132047	0.405579	0.641577	0.809793	0.88854	0.886775	0.812196	0.682149	
-1.16515	-1.2472	-1.30583	-1.36003	-1.39222	-1.39696	-1.37634	-1.32833	-1.27271	-1.2003	-1.1057	-0.982465	-0.83471	-0.663009	-0.458382	-0.221941	0.0322592	0.290619	0.523329	0.712032	0.829723	0.866299	0.82333	0.714782	0.563531	
-0.933565	-1.04618	-1.13903	-1.21794	-1.27412	-1.28636	-1.24383	-1.17167	-1.08567	-0.981	-0.855665	-0.70835	-0.540762	-0.358543	-0.165676	0.0322592	0.240431	0.45178	0.642816	0.783453	0.850896	0.846059	0.766484	0.631212	0.453959	
-0.631445	-0.774129	-0.894604	-0.994955	-1.07001	-1.08581	-1.02934	-0.936827	-0.825259	-0.690828	-0.537991	-0.381539	-0.213174	-0.0374636	0.132047	0.290619	0.45178	0.614736	0.759138	0.852024	0.876094	0.832139	0.721871	0.56308	0.366833	
-0.284099	-0.450963	-0.596316	-0.715864	-0.795466	-0.809545	-0.753535	-0.647621	-0.512683	-0.351745	-0.18414	-0.0228021	0.130762	0.27866	0.405579	0.523329	0.642816	0.759138	0.850567	0.900737	0.895194	0.824685	0.693487	0.510556	0.292965	
0.0567413	-0.117389	-0.276091	-0.404059	-0.485418	-0.50052	-0.443358	-0.331484	-0.183774	-0.0129875	0.157937	0.315936	0.446308	0.556882	0.641577	0.712032	0.783453	0.852024	0.900737	0.927455	0.906373	0.816509	0.665696	0.464037	0.224593	
0.369759	0.195115	0.0295098	-0.101537	-0.178184	-0.191402	-0.139717	-0.028368	0.12625	0.300852	0.464474	0.597554	0.699111	0.770594	0.809793	0.829723	0.850896	0.876094	0.895194	0.906373	0.877792	0.778727	0.618013	0.411636	0.168941	
0.620347	0.454533	0.290356	0.162183	0.087862	0.074621	0.125131	0.233735	0.386607	0.555951	0.704209	0.807516	0.875338	0.89776	0.88854	0.866299	0.846059	0.832139	0.824685	0.816509	0.778727	0.684631	0.535879	0.344768	0.112775	
0.791605	0.637558	0.484707	0.366404	0.294079	0.281009	0.330846	0.432078	0.573836	0.733346	0.863194	0.936511	0.961454	0.943016	0.886775	0.82333	0.766484	0.721871	0.693487	0.665696	0.618013	0.535879	0.412151	0.245461	0.0367486	
0.874689	0.738708	0.602744	0.499061	0.437277	0.426457	0.469021	0.556461	0.682257	0.824079	0.935216	0.984761	0.968576	0.908191	0.812196	0.714782	0.631212	0.56308	0.510556	0.464037	0.411636	0.344768	0.245461	0.107892	-0.0744038	
0.879876	0.766923	0.654207	0.560802	0.505003	0.495779	0.533175	0.613387	0.720374	0.836847	0.928883	0.955693	0.903009	0.804552	0.682149	0.563531	0.453959	0.366833	0.292965	0.224593	0.168941	0.112775	0.0367486	-0.0744038	-0.216813	
