0.3423	0.262264	0.206022	0.164981	0.135989	0.13111	0.151493	0.188322	0.236999	0.307283	0.403361	0.507699	0.603838	0.689445	0.76401	0.813617	0.830368	0.814814	0.780039	0.731953	0.677505	0.617224	0.551568	0.482138	0.429177	
0.166695	0.0623215	-0.0130851	-0.0681855	-0.100125	-0.105785	-0.0834889	-0.0377258	0.0289631	0.121916	0.240517	0.372203	0.498859	0.617796	0.719557	0.797987	0.836091	0.834192	0.804719	0.762662	0.698485	0.617264	0.531192	0.446144	0.379031	
0.0115938	-0.106179	-0.203494	-0.274854	-0.310188	-0.315452	-0.293059	-0.235988	-0.147714	-0.0376173	0.0901903	0.231168	0.371965	0.506149	0.623663	0.721708	0.78344	0.802817	0.788126	0.758332	0.694626	0.603155	0.503139	0.413477	0.340981	
-0.124883	-0.243046	-0.356424	-0.439055	-0.476829	-0.48021	-0.460274	-0.393953	-0.290276	-0.172446	-0.0489809	0.0882075	0.22855	0.364151	0.486664	0.595201	0.676326	0.720869	0.729474	0.716246	0.664755	0.582321	0.488667	0.408061	0.336053	
-0.245234	-0.353978	-0.46468	-0.547588	-0.581471	-0.58415	-0.567442	-0.502856	-0.399128	-0.288364	-0.177616	-0.0516285	0.0798651	0.206409	0.325101	0.433552	0.524998	0.590121	0.628865	0.63742	0.614051	0.55901	0.493544	0.430063	0.368691	
-0.347835	-0.437014	-0.524966	-0.591477	-0.616365	-0.618469	-0.606198	-0.556145	-0.472656	-0.383619	-0.290714	-0.179546	-0.0633818	0.046773	0.151419	0.252772	0.343244	0.425102	0.492071	0.531982	0.544338	0.536333	0.507579	0.46139	0.409688	
-0.419724	-0.481707	-0.533591	-0.571979	-0.586654	-0.587759	-0.580502	-0.551666	-0.503573	-0.445542	-0.376032	-0.285179	-0.191868	-0.103932	-0.0188281	0.0726011	0.160372	0.253764	0.34632	0.419249	0.467596	0.50712	0.519866	0.490739	0.440717	
-0.455154	-0.484561	-0.499126	-0.509338	-0.51516	-0.516261	-0.511758	-0.504182	-0.491322	-0.469207	-0.427917	-0.369203	-0.303966	-0.242135	-0.172374	-0.0876076	0.00546341	0.10545	0.214738	0.314961	0.395218	0.468309	0.514124	0.510818	0.470447	
-0.462946	-0.45816	-0.443326	-0.432611	-0.431334	-0.431296	-0.431082	-0.437858	-0.452967	-0.462456	-0.458654	-0.438875	-0.408182	-0.367257	-0.309589	-0.224462	-0.123762	-0.0199561	0.0898343	0.201958	0.307852	0.402747	0.470662	0.493747	0.483556	
-0.45533	-0.420629	-0.387073	-0.363177	-0.351377	-0.349986	-0.35667	-0.376139	-0.406452	-0.442059	-0.474175	-0.494739	-0.493003	-0.469567	-0.41885	-0.337945	-0.235276	-0.134308	-0.0321978	0.0769673	0.195757	0.306065	0.389891	0.43861	0.464789	
-0.431311	-0.377854	-0.334644	-0.299894	-0.274006	-0.269402	-0.287781	-0.320079	-0.359107	-0.408997	-0.466762	-0.513138	-0.53241	-0.522002	-0.484128	-0.416131	-0.329325	-0.237318	-0.144905	-0.0417998	0.0756378	0.19021	0.282555	0.354717	0.417126	
-0.39433	-0.336405	-0.289864	-0.24638	-0.208709	-0.201254	-0.229331	-0.27305	-0.316404	-0.369659	-0.433113	-0.488032	-0.516954	-0.523264	-0.504585	-0.463882	-0.40377	-0.33042	-0.2433	-0.149321	-0.0418087	0.0674304	0.162926	0.25218	0.345583	
-0.356564	-0.306538	-0.261885	-0.218351	-0.181382	-0.174578	-0.201011	-0.245311	-0.287875	-0.33542	-0.38915	-0.438329	-0.471758	-0.494545	-0.501378	-0.490797	-0.46416	-0.412645	-0.333578	-0.246951	-0.156893	-0.0559087	0.0479469	0.153058	0.267377	
-0.311781	-0.274499	-0.238788	-0.207728	-0.189525	-0.186746	-0.198342	-0.225415	-0.259863	-0.296384	-0.335648	-0.3751	-0.410158	-0.446552	-0.476715	-0.495019	-0.49741	-0.475066	-0.413509	-0.3376	-0.25956	-0.170891	-0.0610348	0.058473	0.181665	
-0.262146	-0.239498	-0.218061	-0.20977	-0.216697	-0.220732	-0.210879	-0.212502	-0.229479	-0.253339	-0.278923	-0.311947	-0.346327	-0.389892	-0.43874	-0.4812	-0.505316	-0.507126	-0.477936	-0.421623	-0.349089	-0.264508	-0.162863	-0.0457234	0.0763645	
-0.218793	-0.211567	-0.209759	-0.220819	-0.243857	-0.250302	-0.229894	-0.211728	-0.209752	-0.215368	-0.229292	-0.256673	-0.290956	-0.336109	-0.395365	-0.455391	-0.492239	-0.506578	-0.504847	-0.483821	-0.425502	-0.342934	-0.250829	-0.151517	-0.0419418	
-0.186103	-0.196442	-0.212819	-0.232173	-0.250509	-0.255603	-0.239537	-0.220771	-0.202536	-0.1892	-0.188457	-0.210616	-0.244099	-0.2907	-0.348204	-0.409603	-0.452715	-0.475121	-0.491261	-0.502657	-0.479753	-0.415123	-0.333055	-0.244964	-0.147683	
-0.172546	-0.19461	-0.221163	-0.235421	-0.239224	-0.239686	-0.237432	-0.229047	-0.206553	-0.179432	-0.169101	-0.183436	-0.214037	-0.257138	-0.304138	-0.349557	-0.391253	-0.430705	-0.466707	-0.499657	-0.507146	-0.477304	-0.414132	-0.332722	-0.239709	
-0.18264	-0.204209	-0.224845	-0.229147	-0.224081	-0.223488	-0.227096	-0.22912	-0.213735	-0.190089	-0.177614	-0.185618	-0.202212	-0.229576	-0.25898	-0.288662	-0.32637	-0.382417	-0.442426	-0.488292	-0.508949	-0.503197	-0.469296	-0.406387	-0.326439	
-0.205825	-0.214746	-0.215854	-0.210194	-0.209655	-0.211054	-0.209455	-0.213584	-0.216156	-0.209551	-0.203008	-0.203069	-0.200539	-0.1999	-0.210734	-0.23727	-0.279492	-0.339837	-0.406179	-0.459744	-0.487252	-0.498219	-0.491003	-0.460517	-0.408399	
-0.223543	-0.218179	-0.199224	-0.186007	-0.192045	-0.195783	-0.18684	-0.191524	-0.210978	-0.223501	-0.221613	-0.214666	-0.196406	-0.175712	-0.172002	-0.200985	-0.24919	-0.301905	-0.353719	-0.403346	-0.443799	-0.475056	-0.495908	-0.496823	-0.4767	
-0.227607	-0.217363	-0.193245	-0.176344	-0.178793	-0.181547	-0.175299	-0.184075	-0.208452	-0.225912	-0.226885	-0.217574	-0.196488	-0.172824	-0.165774	-0.188028	-0.226177	-0.262711	-0.296773	-0.339355	-0.388179	-0.440459	-0.485354	-0.514002	-0.517642	
-0.214872	-0.209213	-0.19717	-0.181572	-0.174553	-0.173989	-0.177283	-0.190479	-0.205483	-0.213316	-0.216342	-0.21611	-0.203839	-0.189354	-0.185027	-0.194332	-0.206861	-0.22154	-0.24636	-0.287015	-0.339503	-0.399828	-0.461168	-0.509053	-0.533057	
-0.192958	-0.194886	-0.195596	-0.187307	-0.179175	-0.178289	-0.183116	-0.19312	-0.196208	-0.192946	-0.197032	-0.209569	-0.213716	-0.211085	-0.209338	-0.206027	-0.195352	-0.190458	-0.208267	-0.249565	-0.301562	-0.363471	-0.428524	-0.485471	-0.520074	
-0.174743	-0.178635	-0.181816	-0.181393	-0.186512	-0.188362	-0.182974	-0.1811	-0.180708	-0.175808	-0.1774	-0.194029	-0.21217	-0.222849	-0.222921	-0.210876	-0.187873	-0.172223	-0.18345	-0.220008	-0.269412	-0.327226	-0.388511	-0.440394	-0.479136	
-0.170895	-0.174135	-0.172978	-0.177915	-0.194152	-0.199436	-0.183855	-0.173234	-0.173964	-0.172801	-0.171309	-0.184207	-0.206243	-0.224341	-0.227534	-0.214737	-0.191072	-0.17353	-0.177699	-0.204573	-0.243482	-0.291724	-0.33919	-0.379748	-0.4169	
-0.174135	-0.176879	-0.177999	-0.181373	-0.194385	-0.198274	-0.186626	-0.178122	-0.177723	-0.1749	-0.174952	-0.187703	-0.204292	-0.214971	-0.218501	-0.217116	-0.208799	-0.197257	-0.19405	-0.204117	-0.227131	-0.260197	-0.294551	-0.323434	-0.360373	
-0.172978	-0.177999	-0.182824	-0.181571	-0.181937	-0.183174	-0.181642	-0.182924	-0.180564	-0.173656	-0.176093	-0.191313	-0.198713	-0.194494	-0.194604	-0.208893	-0.222868	-0.224199	-0.216218	-0.210091	-0.212604	-0.229833	-0.252597	-0.277307	-0.314422	
-0.177915	-0.181373	-0.181571	-0.173954	-0.170899	-0.17078	-0.172103	-0.178459	-0.182716	-0.178829	-0.178784	-0.185969	-0.185378	-0.177096	-0.179451	-0.199746	-0.223097	-0.234582	-0.234954	-0.225897	-0.213232	-0.207022	-0.21289	-0.232088	-0.275979	
-0.194152	-0.194385	-0.181937	-0.170899	-0.173052	-0.174971	-0.169903	-0.1757	-0.190704	-0.196552	-0.189849	-0.181838	-0.175327	-0.175606	-0.18579	-0.203146	-0.218441	-0.23298	-0.247172	-0.249499	-0.228507	-0.199085	-0.181068	-0.192923	-0.244223	
-0.199436	-0.198274	-0.183174	-0.17078	-0.174971	-0.177112	-0.170815	-0.175819	-0.193631	-0.201535	-0.193564	-0.181547	-0.17423	-0.176836	-0.189929	-0.205781	-0.218611	-0.232195	-0.250569	-0.255929	-0.234756	-0.199111	-0.175748	-0.184978	-0.238862	
-0.183855	-0.186626	-0.181642	-0.172103	-0.169903	-0.170815	-0.170465	-0.177523	-0.185694	-0.185381	-0.182545	-0.183878	-0.180166	-0.174819	-0.180189	-0.200435	-0.220893	-0.234172	-0.239861	-0.235657	-0.218409	-0.202009	-0.197369	-0.214219	-0.261345	
-0.173234	-0.178122	-0.182924	-0.178459	-0.1757	-0.175819	-0.177523	-0.181769	-0.180959	-0.173584	-0.175993	-0.189473	-0.193798	-0.185681	-0.186012	-0.203924	-0.224651	-0.230587	-0.224858	-0.214686	-0.210446	-0.219013	-0.237064	-0.259915	-0.299065	
-0.173964	-0.177723	-0.180564	-0.182716	-0.190704	-0.193631	-0.185694	-0.180959	-0.179366	-0.174949	-0.175869	-0.190114	-0.203092	-0.207923	-0.209346	-0.214595	-0.215489	-0.209695	-0.20311	-0.20549	-0.219492	-0.247295	-0.277308	-0.304128	-0.340335	
-0.172801	-0.1749	-0.173656	-0.178829	-0.196552	-0.201535	-0.185381	-0.173584	-0.174949	-0.174102	-0.172907	-0.184526	-0.205723	-0.222307	-0.226426	-0.216408	-0.197804	-0.181357	-0.183031	-0.203375	-0.237019	-0.27905	-0.320796	-0.355939	-0.393372	
-0.171309	-0.174952	-0.176093	-0.178784	-0.189849	-0.193564	-0.182545	-0.175993	-0.175869	-0.172907	-0.17285	-0.188491	-0.209143	-0.224311	-0.225471	-0.212444	-0.186851	-0.16917	-0.177256	-0.211679	-0.257914	-0.312587	-0.368658	-0.416658	-0.455207	
-0.184207	-0.187703	-0.191313	-0.185969	-0.181838	-0.181547	-0.183878	-0.189473	-0.190114	-0.184526	-0.188491	-0.203774	-0.214677	-0.216986	-0.216743	-0.20904	-0.1921	-0.180697	-0.196503	-0.236795	-0.288793	-0.349511	-0.414242	-0.470294	-0.506788	
-0.206243	-0.204292	-0.198713	-0.185378	-0.175327	-0.17423	-0.180166	-0.193798	-0.203092	-0.205723	-0.209143	-0.214677	-0.208364	-0.198865	-0.195414	-0.199485	-0.201106	-0.207594	-0.229558	-0.270734	-0.322889	-0.384541	-0.44885	-0.501604	-0.530923	
-0.224341	-0.214971	-0.194494	-0.177096	-0.175606	-0.176836	-0.174819	-0.185681	-0.207923	-0.222307	-0.224311	-0.216986	-0.198865	-0.177588	-0.171491	-0.188333	-0.218035	-0.246122	-0.27597	-0.316535	-0.367364	-0.424355	-0.477153	-0.514822	-0.527493	
-0.227534	-0.218501	-0.194604	-0.179451	-0.18579	-0.189929	-0.180189	-0.186012	-0.209346	-0.226426	-0.225471	-0.216743	-0.195414	-0.171491	-0.164626	-0.192774	-0.23955	-0.286701	-0.330374	-0.376979	-0.421783	-0.462102	-0.493456	-0.505985	-0.496415	
-0.214737	-0.217116	-0.208893	-0.199746	-0.203146	-0.205781	-0.200435	-0.203924	-0.214595	-0.216408	-0.212444	-0.20904	-0.199485	-0.188333	-0.192774	-0.220562	-0.266435	-0.324399	-0.386854	-0.440222	-0.472536	-0.49095	-0.494759	-0.477355	-0.438015	
-0.191072	-0.208799	-0.222868	-0.223097	-0.218441	-0.218611	-0.220893	-0.224651	-0.215489	-0.197804	-0.186851	-0.1921	-0.201106	-0.218035	-0.23955	-0.266435	-0.30474	-0.364341	-0.430189	-0.479827	-0.502737	-0.503436	-0.481246	-0.430381	-0.360303	
-0.17353	-0.197257	-0.224199	-0.234582	-0.23298	-0.232195	-0.234172	-0.230587	-0.209695	-0.181357	-0.16917	-0.180697	-0.207594	-0.246122	-0.286701	-0.324399	-0.364341	-0.41149	-0.457761	-0.496444	-0.510571	-0.492385	-0.440701	-0.365104	-0.275273	
-0.177699	-0.19405	-0.216218	-0.234954	-0.247172	-0.250569	-0.239861	-0.224858	-0.20311	-0.183031	-0.177256	-0.196503	-0.229558	-0.27597	-0.330374	-0.386854	-0.430189	-0.457761	-0.481244	-0.50261	-0.4942	-0.442493	-0.366881	-0.280691	-0.185212	
-0.204573	-0.204117	-0.210091	-0.225897	-0.249499	-0.255929	-0.235657	-0.214686	-0.20549	-0.203375	-0.211679	-0.236795	-0.270734	-0.316535	-0.376979	-0.440222	-0.479827	-0.496444	-0.50261	-0.496505	-0.450652	-0.372538	-0.283622	-0.189722	-0.0860113	
-0.243482	-0.227131	-0.212604	-0.213232	-0.228507	-0.234756	-0.218409	-0.210446	-0.219492	-0.237019	-0.257914	-0.288793	-0.322889	-0.367364	-0.421783	-0.472536	-0.502737	-0.510571	-0.4942	-0.450652	-0.381668	-0.29691	-0.199558	-0.088848	0.0291305	
-0.291724	-0.260197	-0.229833	-0.207022	-0.199085	-0.199111	-0.202009	-0.219013	-0.247295	-0.27905	-0.312587	-0.349511	-0.384541	-0.424355	-0.462102	-0.49095	-0.503436	-0.492385	-0.442493	-0.372538	-0.29691	-0.210997	-0.103441	0.0178723	0.141706	
-0.33919	-0.294551	-0.252597	-0.21289	-0.181068	-0.175748	-0.197369	-0.237064	-0.277308	-0.320796	-0.368658	-0.414242	-0.44885	-0.477153	-0.493456	-0.494759	-0.481246	-0.440701	-0.366881	-0.283622	-0.199558	-0.103441	0.00391874	0.115533	0.235422	
-0.379748	-0.323434	-0.277307	-0.232088	-0.192923	-0.184978	-0.214219	-0.259915	-0.304128	-0.355939	-0.416658	-0.470294	-0.501604	-0.514822	-0.505985	-0.477355	-0.430381	-0.365104	-0.280691	-0.189722	-0.088848	0.0178723	0.115533	0.211534	0.314601	
-0.4169	-0.360373	-0.314422	-0.275979	-0.244223	-0.238862	-0.261345	-0.299065	-0.340335	-0.393372	-0.455207	-0.506788	-0.530923	-0.527493	-0.496415	-0.438015	-0.360303	-0.275273	-0.185212	-0.0860113	0.0291305	0.141706	0.235422	0.314601	0.390762	
