-0.476728	-0.59946	-0.707583	-0.793447	-0.83354	-0.838699	-0.815536	-0.745713	-0.643852	-0.52813	-0.394109	-0.247773	-0.0982917	0.0464133	0.183483	0.316498	0.433701	0.518405	0.56749	0.589515	0.577481	0.518766	0.431814	0.332865	0.23136	
-0.593547	-0.723135	-0.831509	-0.91459	-0.952853	-0.957475	-0.935233	-0.868951	-0.768707	-0.648343	-0.503819	-0.343404	-0.179171	-0.0197207	0.131945	0.277577	0.406667	0.509702	0.583339	0.62794	0.637819	0.601011	0.529609	0.436396	0.332567	
-0.668446	-0.784675	-0.880243	-0.951283	-0.982232	-0.986079	-0.968399	-0.912649	-0.825383	-0.718254	-0.58388	-0.424896	-0.258711	-0.0999023	0.0535163	0.202082	0.326557	0.428043	0.517691	0.586743	0.625185	0.621533	0.581538	0.517396	0.430505	
-0.687334	-0.782319	-0.859775	-0.915291	-0.940955	-0.944813	-0.929351	-0.885417	-0.815595	-0.727951	-0.619639	-0.490002	-0.349151	-0.208522	-0.0670927	0.0751197	0.198034	0.301086	0.399381	0.486156	0.553635	0.592697	0.599184	0.57867	0.528827	
-0.670809	-0.730615	-0.781567	-0.821277	-0.843724	-0.847282	-0.831845	-0.799533	-0.752739	-0.695953	-0.626796	-0.540545	-0.443989	-0.340622	-0.221117	-0.0897574	0.0302524	0.14396	0.263028	0.368182	0.456967	0.530196	0.579363	0.606063	0.599635	
-0.636679	-0.659163	-0.678351	-0.68889	-0.69699	-0.699581	-0.692579	-0.683211	-0.667545	-0.645638	-0.620649	-0.583953	-0.533387	-0.467965	-0.376783	-0.260924	-0.142815	-0.022817	0.112488	0.239249	0.347607	0.448336	0.532455	0.598696	0.635331	
-0.604305	-0.589948	-0.566905	-0.541702	-0.533473	-0.533165	-0.535578	-0.55615	-0.581986	-0.598894	-0.60953	-0.609205	-0.596157	-0.564456	-0.503312	-0.414805	-0.307566	-0.180999	-0.0356577	0.104488	0.230232	0.3508	0.459606	0.55474	0.625435	
-0.559945	-0.513716	-0.462204	-0.413436	-0.392264	-0.390188	-0.401006	-0.441099	-0.494057	-0.541358	-0.58517	-0.616751	-0.629334	-0.619246	-0.582958	-0.52416	-0.440942	-0.324977	-0.178131	-0.0299721	0.105958	0.241436	0.365045	0.473622	0.563363	
-0.496789	-0.437066	-0.375284	-0.321241	-0.299872	-0.298367	-0.309091	-0.35113	-0.412281	-0.472864	-0.534597	-0.591256	-0.629864	-0.638209	-0.618837	-0.582699	-0.52058	-0.428055	-0.308627	-0.171819	-0.0352983	0.104005	0.239842	0.358848	0.459696	
-0.428778	-0.36962	-0.314513	-0.27198	-0.255287	-0.25279	-0.261251	-0.295109	-0.347102	-0.404263	-0.46822	-0.532274	-0.582452	-0.6075	-0.610379	-0.600818	-0.564373	-0.498157	-0.417566	-0.317486	-0.195319	-0.0567092	0.087509	0.222183	0.338519	
-0.359587	-0.321282	-0.28615	-0.257504	-0.242427	-0.24032	-0.250044	-0.27295	-0.306298	-0.343387	-0.387686	-0.442935	-0.496743	-0.536089	-0.566425	-0.591359	-0.588865	-0.556442	-0.511191	-0.443471	-0.345731	-0.216691	-0.0657676	0.0811097	0.213963	
-0.296638	-0.279104	-0.267897	-0.263861	-0.258194	-0.256453	-0.262159	-0.265686	-0.273349	-0.289397	-0.310833	-0.345302	-0.394864	-0.451551	-0.511184	-0.567045	-0.594847	-0.591812	-0.577816	-0.534906	-0.454139	-0.346387	-0.206505	-0.0568271	0.0814615	
-0.241617	-0.237761	-0.25188	-0.274762	-0.281082	-0.280416	-0.279707	-0.262066	-0.241737	-0.238042	-0.250023	-0.277653	-0.318273	-0.375312	-0.448713	-0.520577	-0.569968	-0.591436	-0.599179	-0.582561	-0.525418	-0.442437	-0.333756	-0.201199	-0.0620713	
-0.216727	-0.22019	-0.241627	-0.271435	-0.282146	-0.283376	-0.279715	-0.254143	-0.226479	-0.216784	-0.219333	-0.237808	-0.27186	-0.319518	-0.381238	-0.44593	-0.506915	-0.55725	-0.589143	-0.593792	-0.564891	-0.512392	-0.438241	-0.34053	-0.215721	
-0.224094	-0.226918	-0.240794	-0.255865	-0.254455	-0.252494	-0.256685	-0.247376	-0.231275	-0.225273	-0.222888	-0.222725	-0.236779	-0.273402	-0.320996	-0.364912	-0.421174	-0.492218	-0.552854	-0.586121	-0.584693	-0.560615	-0.517678	-0.449746	-0.350243	
-0.24118	-0.242868	-0.239338	-0.229831	-0.219964	-0.217589	-0.224874	-0.235969	-0.24208	-0.242301	-0.23737	-0.226591	-0.219045	-0.233327	-0.267099	-0.299435	-0.345311	-0.416875	-0.488196	-0.548053	-0.583798	-0.589813	-0.576756	-0.534534	-0.452967	
-0.250254	-0.244139	-0.226064	-0.206065	-0.201239	-0.201831	-0.202416	-0.217173	-0.23785	-0.249341	-0.248601	-0.236002	-0.220114	-0.212279	-0.220157	-0.244036	-0.290412	-0.358652	-0.424028	-0.488241	-0.550851	-0.587315	-0.599504	-0.583264	-0.523716	
-0.236152	-0.231226	-0.216452	-0.197037	-0.194486	-0.195314	-0.193351	-0.208148	-0.226908	-0.234893	-0.238307	-0.235353	-0.227709	-0.216301	-0.205039	-0.212178	-0.248983	-0.308172	-0.364298	-0.420144	-0.491965	-0.554109	-0.590465	-0.595762	-0.562115	
-0.212343	-0.213612	-0.204303	-0.193573	-0.199656	-0.202269	-0.194269	-0.199778	-0.211117	-0.212112	-0.213695	-0.222003	-0.232228	-0.231115	-0.218049	-0.215877	-0.228381	-0.255981	-0.298054	-0.345829	-0.415616	-0.498753	-0.564411	-0.595931	-0.588177	
-0.191376	-0.185214	-0.186574	-0.196514	-0.20907	-0.212083	-0.201967	-0.189898	-0.184857	-0.187213	-0.19866	-0.217289	-0.236012	-0.240118	-0.226553	-0.221271	-0.22119	-0.21758	-0.24241	-0.29201	-0.353711	-0.436332	-0.517483	-0.571297	-0.591919	
-0.181858	-0.174005	-0.183939	-0.198795	-0.201476	-0.201561	-0.201411	-0.189393	-0.176876	-0.177494	-0.191218	-0.211822	-0.227016	-0.231977	-0.227378	-0.222908	-0.219985	-0.206488	-0.212656	-0.258435	-0.315067	-0.379203	-0.451287	-0.514308	-0.562286	
-0.189486	-0.188753	-0.192225	-0.193658	-0.181417	-0.177536	-0.190215	-0.19356	-0.189852	-0.189902	-0.189315	-0.192912	-0.198757	-0.208057	-0.225933	-0.236047	-0.23097	-0.216745	-0.208669	-0.229677	-0.273016	-0.322288	-0.37769	-0.444654	-0.520115	
-0.193154	-0.19528	-0.195507	-0.189397	-0.169662	-0.163065	-0.181996	-0.19528	-0.194932	-0.194661	-0.189703	-0.181338	-0.178945	-0.190897	-0.219878	-0.240022	-0.237043	-0.22727	-0.217974	-0.216854	-0.235795	-0.272325	-0.316793	-0.381164	-0.474979	
-0.18988	-0.189533	-0.18481	-0.178727	-0.175053	-0.174323	-0.17694	-0.182368	-0.187154	-0.190182	-0.189183	-0.183076	-0.178554	-0.187164	-0.209804	-0.224136	-0.225498	-0.231082	-0.232069	-0.223855	-0.222046	-0.237778	-0.273283	-0.33124	-0.423786	
-0.187664	-0.181727	-0.16962	-0.166657	-0.1847	-0.191522	-0.173147	-0.165574	-0.176846	-0.186213	-0.188907	-0.187024	-0.18529	-0.188666	-0.196418	-0.202708	-0.209834	-0.229855	-0.245267	-0.238656	-0.225515	-0.220056	-0.24176	-0.295096	-0.37242	
-0.18068	-0.17365	-0.167325	-0.167407	-0.1836	-0.189025	-0.172556	-0.165793	-0.171802	-0.177252	-0.18487	-0.18928	-0.191879	-0.192579	-0.183965	-0.184921	-0.203221	-0.226714	-0.247284	-0.24759	-0.231124	-0.216608	-0.226279	-0.27335	-0.333714	
-0.17365	-0.171684	-0.173575	-0.174089	-0.174519	-0.174122	-0.173412	-0.174336	-0.173107	-0.171471	-0.177531	-0.187072	-0.194112	-0.19329	-0.178622	-0.176719	-0.202508	-0.2257	-0.239626	-0.24536	-0.233732	-0.221071	-0.226794	-0.260962	-0.305224	
-0.167325	-0.173575	-0.183666	-0.184095	-0.161824	-0.154049	-0.176333	-0.186479	-0.177547	-0.16947	-0.166758	-0.177992	-0.193462	-0.194476	-0.186542	-0.183729	-0.196522	-0.21291	-0.2219	-0.234027	-0.240774	-0.240962	-0.247654	-0.260445	-0.278424	
-0.167407	-0.174089	-0.184095	-0.183403	-0.159786	-0.152193	-0.175521	-0.186648	-0.177888	-0.169961	-0.165549	-0.172652	-0.186228	-0.191906	-0.197055	-0.198644	-0.19386	-0.194687	-0.201397	-0.219389	-0.246003	-0.266419	-0.27606	-0.268741	-0.257807	
-0.1836	-0.174519	-0.161824	-0.159786	-0.178411	-0.185129	-0.166435	-0.158312	-0.169179	-0.180489	-0.185938	-0.179583	-0.169516	-0.175077	-0.194203	-0.208311	-0.204552	-0.19483	-0.196673	-0.210894	-0.24014	-0.273525	-0.284703	-0.268614	-0.246239	
-0.189025	-0.174122	-0.154049	-0.152193	-0.185129	-0.196576	-0.163678	-0.1482	-0.165441	-0.184411	-0.193705	-0.182461	-0.164195	-0.169297	-0.192453	-0.210539	-0.20802	-0.196352	-0.197335	-0.209202	-0.237627	-0.274168	-0.284849	-0.267404	-0.24439	
-0.172556	-0.173412	-0.176333	-0.175521	-0.166435	-0.163678	-0.172597	-0.17689	-0.174021	-0.173091	-0.173031	-0.174841	-0.179802	-0.186057	-0.19722	-0.203843	-0.197149	-0.192255	-0.197531	-0.214271	-0.244185	-0.272589	-0.282732	-0.270113	-0.252327	
-0.165793	-0.174336	-0.186479	-0.186648	-0.158312	-0.1482	-0.17689	-0.19092	-0.1793	-0.168044	-0.163142	-0.17462	-0.192443	-0.195249	-0.190942	-0.188684	-0.194665	-0.205587	-0.212971	-0.228176	-0.243488	-0.25128	-0.260107	-0.263477	-0.268531	
-0.171802	-0.173107	-0.177547	-0.177888	-0.169179	-0.165441	-0.174021	-0.1793	-0.175553	-0.171155	-0.173366	-0.183242	-0.193238	-0.1937	-0.18121	-0.177781	-0.20048	-0.222496	-0.233732	-0.241857	-0.235883	-0.227134	-0.233263	-0.258792	-0.293725	
-0.177252	-0.171471	-0.16947	-0.169961	-0.180489	-0.184411	-0.173091	-0.168044	-0.171155	-0.174586	-0.182598	-0.189032	-0.193221	-0.193444	-0.181167	-0.180179	-0.201928	-0.226174	-0.245617	-0.247684	-0.232349	-0.217856	-0.224065	-0.267671	-0.322309	
-0.18487	-0.177531	-0.166758	-0.165549	-0.185938	-0.193705	-0.173031	-0.163142	-0.173366	-0.182598	-0.187558	-0.189094	-0.189413	-0.18968	-0.189901	-0.195056	-0.206338	-0.228356	-0.247578	-0.243701	-0.228409	-0.216874	-0.232843	-0.285042	-0.355183	
-0.18928	-0.187072	-0.177992	-0.172652	-0.179583	-0.182461	-0.174841	-0.17462	-0.183242	-0.189032	-0.189094	-0.184553	-0.180632	-0.187046	-0.204745	-0.216126	-0.219218	-0.230548	-0.237642	-0.230346	-0.222555	-0.228533	-0.259142	-0.314393	-0.401966	
-0.191879	-0.194112	-0.193462	-0.186228	-0.169516	-0.164195	-0.179802	-0.192443	-0.193238	-0.193221	-0.189413	-0.180632	-0.17683	-0.188598	-0.216305	-0.235051	-0.234288	-0.229965	-0.22323	-0.217388	-0.227229	-0.256504	-0.297513	-0.359766	-0.455738	
-0.192579	-0.19329	-0.194476	-0.191906	-0.175077	-0.169297	-0.186057	-0.195249	-0.1937	-0.193444	-0.18968	-0.187046	-0.188598	-0.198943	-0.223715	-0.23997	-0.235487	-0.222149	-0.211348	-0.221619	-0.256046	-0.30052	-0.351341	-0.418449	-0.502442	
-0.183965	-0.178622	-0.186542	-0.197055	-0.194203	-0.192453	-0.19722	-0.190942	-0.18121	-0.181167	-0.189901	-0.204745	-0.216305	-0.223715	-0.228262	-0.227295	-0.222426	-0.208767	-0.208906	-0.246477	-0.298976	-0.35659	-0.421889	-0.48608	-0.545558	
-0.184921	-0.176719	-0.183729	-0.198644	-0.208311	-0.210539	-0.203843	-0.188684	-0.177781	-0.180179	-0.195056	-0.216126	-0.235051	-0.23997	-0.227295	-0.22075	-0.219794	-0.210213	-0.227	-0.276683	-0.336516	-0.41288	-0.492631	-0.552229	-0.584213	
-0.203221	-0.202508	-0.196522	-0.19386	-0.204552	-0.20802	-0.197149	-0.194665	-0.20048	-0.201928	-0.206338	-0.219218	-0.234288	-0.235487	-0.222426	-0.219794	-0.225218	-0.237469	-0.272737	-0.321268	-0.387886	-0.473326	-0.548691	-0.590574	-0.593224	
-0.226714	-0.2257	-0.21291	-0.194687	-0.19483	-0.196352	-0.192255	-0.205587	-0.222496	-0.226174	-0.228356	-0.230548	-0.229965	-0.222149	-0.208767	-0.210213	-0.237469	-0.286768	-0.338808	-0.390743	-0.462135	-0.534246	-0.58194	-0.596108	-0.573705	
-0.247284	-0.239626	-0.2219	-0.201397	-0.196673	-0.197335	-0.197531	-0.212971	-0.233732	-0.245617	-0.247578	-0.237642	-0.22323	-0.211348	-0.208906	-0.227	-0.272737	-0.338808	-0.399989	-0.461191	-0.530055	-0.577922	-0.598424	-0.591552	-0.542851	
-0.24759	-0.24536	-0.234027	-0.219389	-0.210894	-0.209202	-0.214271	-0.228176	-0.241857	-0.247684	-0.243701	-0.230346	-0.217388	-0.221619	-0.246477	-0.276683	-0.321268	-0.390743	-0.461191	-0.525632	-0.574754	-0.59323	-0.590545	-0.559121	-0.484885	
-0.231124	-0.233732	-0.240774	-0.246003	-0.24014	-0.237627	-0.244185	-0.243488	-0.235883	-0.232349	-0.228409	-0.222555	-0.227229	-0.256046	-0.298976	-0.336516	-0.387886	-0.462135	-0.530055	-0.574754	-0.587673	-0.574999	-0.543843	-0.486159	-0.394688	
-0.216608	-0.221071	-0.240962	-0.266419	-0.273525	-0.274168	-0.272589	-0.25128	-0.227134	-0.217856	-0.216874	-0.228533	-0.256504	-0.30052	-0.35659	-0.41288	-0.473326	-0.534246	-0.577922	-0.59323	-0.574999	-0.533737	-0.473168	-0.388451	-0.272974	
-0.226279	-0.226794	-0.247654	-0.27606	-0.284703	-0.284849	-0.282732	-0.260107	-0.233263	-0.224065	-0.232843	-0.259142	-0.297513	-0.351341	-0.421889	-0.492631	-0.548691	-0.58194	-0.598424	-0.590545	-0.543843	-0.473168	-0.379513	-0.259049	-0.123811	
-0.27335	-0.260962	-0.260445	-0.268741	-0.268614	-0.267404	-0.270113	-0.263477	-0.258792	-0.267671	-0.285042	-0.314393	-0.359766	-0.418449	-0.48608	-0.552229	-0.590574	-0.596108	-0.591552	-0.559121	-0.486159	-0.388451	-0.259049	-0.113983	0.0254513	
-0.333714	-0.305224	-0.278424	-0.257807	-0.246239	-0.24439	-0.252327	-0.268531	-0.293725	-0.322309	-0.355183	-0.401966	-0.455738	-0.502442	-0.545558	-0.584213	-0.593224	-0.573705	-0.542851	-0.484885	-0.394688	-0.272974	-0.123811	0.0254513	0.162877	
