0.561456	0.523532	0.456355	0.384628	0.331436	0.32133	0.359799	0.427656	0.498637	0.550748	0.566334	0.546607	0.51045	0.466902	0.422064	0.371599	0.305233	0.234555	0.181727	0.146957	0.131647	0.133956	0.140694	0.148492	0.150196	
0.524606	0.49348	0.429153	0.362051	0.316137	0.306915	0.339914	0.401256	0.470097	0.517566	0.522711	0.488069	0.436766	0.374944	0.311647	0.245015	0.174566	0.11494	0.0863163	0.076884	0.0876384	0.103379	0.109332	0.114283	0.116461	
0.437058	0.418994	0.368902	0.316383	0.277895	0.270932	0.29803	0.347551	0.400297	0.435626	0.426982	0.377908	0.305608	0.225701	0.148748	0.0804804	0.0142105	-0.0286717	-0.0330311	-0.014769	0.0142932	0.0410799	0.045487	0.0457156	0.0492748	
0.309994	0.312863	0.285718	0.25303	0.228857	0.223362	0.241827	0.272746	0.303935	0.315312	0.288927	0.223362	0.13533	0.0407308	-0.042416	-0.113997	-0.168802	-0.19111	-0.169916	-0.131082	-0.0868421	-0.0560358	-0.0495049	-0.0487862	-0.0393258	
0.167469	0.192253	0.186813	0.177236	0.172734	0.172086	0.17461	0.182774	0.191699	0.182601	0.132998	0.0501213	-0.0553237	-0.160567	-0.250844	-0.31907	-0.363357	-0.365482	-0.327172	-0.265565	-0.20569	-0.168761	-0.158637	-0.1511	-0.137552	
0.0307299	0.0766714	0.0954112	0.105659	0.108338	0.109299	0.106985	0.100897	0.0856145	0.0539725	-0.0150133	-0.117199	-0.243207	-0.361189	-0.45591	-0.521959	-0.556412	-0.539334	-0.480737	-0.398374	-0.32213	-0.273825	-0.257321	-0.24501	-0.226486	
-0.0750201	-0.008257	0.0293841	0.0542816	0.0704771	0.072936	0.0620888	0.0405714	0.00933077	-0.0437993	-0.133656	-0.257761	-0.401435	-0.534275	-0.63346	-0.69187	-0.70842	-0.672706	-0.597743	-0.494294	-0.397973	-0.335258	-0.308986	-0.29452	-0.284112	
-0.145847	-0.0555574	0.00654438	0.055411	0.0868766	0.0935247	0.0705372	0.0280631	-0.028842	-0.104961	-0.218899	-0.364578	-0.522986	-0.663273	-0.760982	-0.804712	-0.798552	-0.738232	-0.640463	-0.524238	-0.41621	-0.341989	-0.305847	-0.294299	-0.297867	
-0.187878	-0.0643365	0.0371451	0.11758	0.163446	0.171652	0.140017	0.0729335	-0.0219015	-0.134767	-0.276678	-0.444503	-0.611681	-0.748931	-0.832976	-0.84824	-0.807665	-0.718285	-0.600027	-0.474165	-0.366015	-0.289853	-0.251396	-0.24035	-0.258496	
-0.198688	-0.0305665	0.1109	0.220355	0.286689	0.298224	0.252464	0.158922	0.0287773	-0.128229	-0.309776	-0.501949	-0.669014	-0.788215	-0.839505	-0.818022	-0.744874	-0.63193	-0.490223	-0.35353	-0.240268	-0.166723	-0.136699	-0.143143	-0.179455	
-0.183462	0.0167855	0.194827	0.337699	0.425276	0.440298	0.380758	0.257569	0.0909102	-0.101558	-0.311818	-0.519516	-0.682307	-0.783274	-0.80493	-0.743678	-0.630335	-0.490458	-0.333421	-0.191622	-0.072663	0.00583595	0.023606	-0.0122498	-0.0810868	
-0.149652	0.072227	0.279432	0.447474	0.544495	0.56189	0.49505	0.354122	0.157277	-0.0593993	-0.2842	-0.491657	-0.649187	-0.730106	-0.725643	-0.632234	-0.488677	-0.318262	-0.142016	0.00332878	0.111196	0.180308	0.185137	0.118252	0.0111985	
-0.0916291	0.147405	0.364701	0.533907	0.636572	0.654163	0.58414	0.438802	0.238593	0.00520737	-0.233097	-0.43752	-0.573612	-0.625377	-0.590588	-0.475842	-0.311907	-0.124759	0.056727	0.198669	0.287622	0.327654	0.306256	0.217535	0.0778671	
-0.0272393	0.210874	0.43046	0.601019	0.703547	0.72143	0.651697	0.505663	0.302862	0.0679177	-0.165203	-0.355244	-0.471045	-0.49205	-0.423378	-0.285834	-0.111653	0.0746838	0.242082	0.368409	0.433456	0.432824	0.368342	0.250826	0.0914652	
0.0438322	0.269693	0.485848	0.658612	0.760211	0.778195	0.708425	0.562286	0.359195	0.132699	-0.0813273	-0.247478	-0.33885	-0.33443	-0.244632	-0.0973643	0.0839478	0.269982	0.414916	0.50265	0.525828	0.478608	0.366823	0.213188	0.036636	
0.127344	0.3438	0.546136	0.70338	0.797188	0.812947	0.749108	0.61545	0.428668	0.212586	0.00882127	-0.13666	-0.199557	-0.17637	-0.0755824	0.0760295	0.247741	0.415041	0.5352	0.582137	0.551787	0.455683	0.310219	0.128317	-0.0668169	
0.214304	0.40655	0.589745	0.731968	0.812301	0.825247	0.772715	0.652417	0.482913	0.290141	0.106418	-0.0308509	-0.0796388	-0.0468657	0.051764	0.1906	0.3445	0.480219	0.570731	0.583097	0.508229	0.36481	0.193819	0.00266754	-0.199159	
0.287272	0.456748	0.619896	0.743432	0.812992	0.825645	0.778353	0.674813	0.524467	0.354278	0.193278	0.0682682	0.0160499	0.0400586	0.119079	0.233028	0.359255	0.462181	0.520124	0.502853	0.39942	0.223486	0.0287223	-0.168352	-0.358333	
0.348106	0.503669	0.643774	0.743485	0.801828	0.813463	0.771118	0.68952	0.563115	0.40992	0.261193	0.144792	0.0816967	0.0838339	0.133807	0.220591	0.315279	0.387618	0.412188	0.3601	0.229516	0.0437081	-0.159075	-0.352986	-0.518188	
0.399074	0.534148	0.649479	0.731325	0.779442	0.787055	0.754667	0.686793	0.584147	0.454045	0.314428	0.194986	0.122925	0.103145	0.123027	0.181253	0.241366	0.279434	0.273408	0.196842	0.0446803	-0.140055	-0.337347	-0.518669	-0.657037	
0.422315	0.531568	0.624586	0.69015	0.720535	0.724425	0.70737	0.65393	0.571616	0.467986	0.349554	0.234138	0.155693	0.117045	0.112425	0.131182	0.157914	0.16754	0.134807	0.0376981	-0.119626	-0.301295	-0.484699	-0.645008	-0.759006	
0.4102	0.485787	0.541722	0.572769	0.589417	0.591738	0.582407	0.555426	0.512075	0.441866	0.357844	0.268945	0.190199	0.134871	0.115915	0.108194	0.104111	0.0833339	0.0249882	-0.0870621	-0.239447	-0.409207	-0.564981	-0.697902	-0.783174	
0.346252	0.367322	0.367168	0.353467	0.348896	0.34941	0.349656	0.361991	0.370674	0.356174	0.326794	0.283632	0.225947	0.177262	0.146672	0.119352	0.0917339	0.0453713	-0.0344926	-0.147014	-0.287172	-0.437938	-0.562251	-0.661384	-0.721071	
0.225632	0.1697	0.098881	0.0321496	-0.00678177	-0.0118671	0.0120484	0.0705939	0.142165	0.20557	0.248423	0.267308	0.265063	0.248551	0.213882	0.174653	0.132966	0.071344	-0.0209614	-0.126479	-0.244024	-0.367693	-0.469409	-0.54159	-0.585672	
0.0509739	-0.102219	-0.248895	-0.368363	-0.449498	-0.464196	-0.40652	-0.300128	-0.163868	-0.00861874	0.130392	0.22886	0.294718	0.32281	0.311844	0.278999	0.232378	0.168734	0.0829032	-0.0185049	-0.116895	-0.213119	-0.295715	-0.353016	-0.390809	
-0.167055	-0.416238	-0.644286	-0.823658	-0.931452	-0.952775	-0.875574	-0.723522	-0.51129	-0.26678	-0.0303305	0.160945	0.305688	0.391132	0.422081	0.412047	0.371518	0.311633	0.246032	0.16309	0.075646	-0.000392507	-0.0655606	-0.129469	-0.172526	
-0.416238	-0.738853	-1.03661	-1.27837	-1.41533	-1.43861	-1.34656	-1.14385	-0.861159	-0.546867	-0.22439	0.0681224	0.297819	0.447762	0.520741	0.536669	0.519141	0.475923	0.427217	0.371331	0.298262	0.232891	0.175132	0.10096	0.0370439	
-0.644286	-1.03661	-1.3945	-1.68087	-1.84311	-1.86733	-1.76161	-1.52199	-1.18471	-0.803452	-0.405156	-0.030964	0.270825	0.482811	0.601596	0.644348	0.648599	0.630903	0.602413	0.565979	0.510834	0.452728	0.393337	0.314788	0.228363	
-0.823658	-1.27837	-1.68087	-1.98906	-2.17058	-2.20017	-2.07906	-1.8178	-1.44774	-1.00853	-0.547393	-0.118794	0.236092	0.497176	0.654765	0.720338	0.739986	0.744765	0.73851	0.716492	0.678396	0.624445	0.562487	0.485315	0.383135	
-0.931452	-1.41533	-1.84311	-2.17058	-2.3623	-2.39725	-2.26494	-1.98785	-1.59583	-1.12906	-0.638477	-0.176449	0.219259	0.507858	0.679209	0.761198	0.795594	0.809372	0.813991	0.805211	0.778323	0.72714	0.665672	0.584231	0.476788	
-0.952775	-1.43861	-1.86733	-2.20017	-2.39725	-2.43374	-2.29635	-2.01424	-1.61947	-1.15136	-0.65587	-0.186138	0.218041	0.510136	0.682054	0.767302	0.806164	0.821743	0.82623	0.820056	0.795359	0.745359	0.683256	0.602366	0.493053	
-0.875574	-1.34656	-1.76161	-2.07906	-2.26494	-2.29635	-2.17041	-1.90306	-1.52185	-1.06719	-0.590641	-0.146992	0.226701	0.502294	0.668632	0.741706	0.766316	0.776254	0.777137	0.760782	0.726918	0.675417	0.613105	0.533832	0.42891	
-0.723522	-1.14385	-1.52199	-1.8178	-1.98785	-2.01424	-1.90306	-1.65369	-1.30128	-0.894403	-0.467225	-0.0682252	0.256284	0.489383	0.625647	0.678518	0.690424	0.682359	0.662558	0.632256	0.584743	0.528333	0.467947	0.390712	0.296146	
-0.51129	-0.861159	-1.18471	-1.44774	-1.59583	-1.61947	-1.52185	-1.30128	-0.994132	-0.653437	-0.300292	0.0282611	0.289587	0.46566	0.556584	0.583094	0.575001	0.540896	0.499887	0.452805	0.387292	0.324634	0.267159	0.189221	0.11643	
-0.26678	-0.546867	-0.803452	-1.00853	-1.12906	-1.15136	-1.06719	-0.894403	-0.653437	-0.3793	-0.10663	0.125938	0.304321	0.415474	0.4631	0.463351	0.430541	0.376623	0.31734	0.245299	0.162748	0.0922564	0.0313224	-0.0357326	-0.0868684	
-0.0303305	-0.22439	-0.405156	-0.547393	-0.638477	-0.65587	-0.590641	-0.467225	-0.300292	-0.10663	0.0720012	0.205666	0.301258	0.351177	0.356446	0.331414	0.284626	0.221632	0.144026	0.0477726	-0.0464233	-0.132984	-0.207432	-0.266569	-0.304091	
0.160945	0.0681224	-0.030964	-0.118794	-0.176449	-0.186138	-0.146992	-0.0682252	0.0282611	0.125938	0.205666	0.254895	0.27963	0.278768	0.249802	0.210824	0.167313	0.102698	0.00968961	-0.0942434	-0.202009	-0.314332	-0.408663	-0.472552	-0.513463	
0.305688	0.297819	0.270825	0.236092	0.219259	0.218041	0.226701	0.256284	0.289587	0.304321	0.301258	0.27963	0.241721	0.203963	0.169812	0.135375	0.10062	0.046587	-0.0385613	-0.149099	-0.280985	-0.421839	-0.53649	-0.623233	-0.674506	
0.391132	0.447762	0.482811	0.497176	0.507858	0.510136	0.502294	0.489383	0.46566	0.415474	0.351177	0.278768	0.203963	0.147607	0.123565	0.108672	0.0936803	0.0616763	-0.00643278	-0.119776	-0.269346	-0.431894	-0.574304	-0.693029	-0.768529	
0.422081	0.520741	0.601596	0.654765	0.679209	0.682054	0.668632	0.625647	0.556584	0.4631	0.356446	0.249802	0.169812	0.123565	0.112171	0.117535	0.131556	0.129254	0.0864292	-0.0179882	-0.174109	-0.352288	-0.525876	-0.67776	-0.779805	
0.412047	0.536669	0.644348	0.720338	0.761198	0.767302	0.741706	0.678518	0.583094	0.463351	0.331414	0.210824	0.135375	0.108672	0.117535	0.159849	0.207427	0.233401	0.215093	0.131093	-0.0248983	-0.209154	-0.402297	-0.575222	-0.704163	
0.371518	0.519141	0.648599	0.739986	0.795594	0.806164	0.766316	0.690424	0.575001	0.430541	0.284626	0.167313	0.10062	0.0936803	0.131556	0.207427	0.287952	0.346856	0.359995	0.296214	0.154996	-0.031021	-0.233067	-0.422563	-0.576043	
0.311633	0.475923	0.630903	0.744765	0.809372	0.821743	0.776254	0.682359	0.540896	0.376623	0.221632	0.102698	0.046587	0.0616763	0.129254	0.233401	0.346856	0.437289	0.482303	0.450959	0.336651	0.155047	-0.045314	-0.242992	-0.424089	
0.246032	0.427217	0.602413	0.73851	0.813991	0.82623	0.777137	0.662558	0.499887	0.31734	0.144026	0.00968961	-0.0385613	-0.00643278	0.0864292	0.215093	0.359995	0.482303	0.560082	0.559728	0.472737	0.313465	0.132086	-0.0613983	-0.260041	
0.16309	0.371331	0.565979	0.716492	0.805211	0.820056	0.760782	0.632256	0.452805	0.245299	0.0477726	-0.0942434	-0.149099	-0.119776	-0.0179882	0.131093	0.296214	0.450959	0.559728	0.593437	0.542587	0.426436	0.270839	0.0836784	-0.117106	
0.075646	0.298262	0.510834	0.678396	0.778323	0.795359	0.726918	0.584743	0.387292	0.162748	-0.0464233	-0.202009	-0.280985	-0.269346	-0.174109	-0.0248983	0.154996	0.336651	0.472737	0.542587	0.544251	0.477496	0.350861	0.183832	-0.000215392	
-0.000392507	0.232891	0.452728	0.624445	0.72714	0.745359	0.675417	0.528333	0.324634	0.0922564	-0.132984	-0.314332	-0.421839	-0.431894	-0.352288	-0.209154	-0.031021	0.155047	0.313465	0.426436	0.477496	0.459425	0.375585	0.243403	0.0774327	
-0.0655606	0.175132	0.393337	0.562487	0.665672	0.683256	0.613105	0.467947	0.267159	0.0313224	-0.207432	-0.408663	-0.53649	-0.574304	-0.525876	-0.402297	-0.233067	-0.045314	0.132086	0.270839	0.350861	0.375585	0.338376	0.239941	0.0911219	
-0.129469	0.10096	0.314788	0.485315	0.584231	0.602366	0.533832	0.390712	0.189221	-0.0357326	-0.266569	-0.472552	-0.623233	-0.693029	-0.67776	-0.575222	-0.422563	-0.242992	-0.0613983	0.0836784	0.183832	0.243403	0.239941	0.163248	0.0427024	
-0.172526	0.0370439	0.228363	0.383135	0.476788	0.493053	0.42891	0.296146	0.11643	-0.0868684	-0.304091	-0.513463	-0.674506	-0.768529	-0.779805	-0.704163	-0.576043	-0.424089	-0.260041	-0.117106	-0.000215392	0.0774327	0.0911219	0.0427024	-0.0419719	
