0.196502	0.250683	0.310493	0.359964	0.38689	0.392765	0.372911	0.3332	0.274252	0.216711	0.174846	0.165899	0.180503	0.211797	0.249729	0.293092	0.326531	0.335009	0.312518	0.263226	0.184836	0.08081	-0.0288696	-0.110742	-0.154835	
0.172545	0.19644	0.234944	0.267562	0.285417	0.288341	0.276692	0.249549	0.2112	0.179144	0.171477	0.19436	0.231588	0.27143	0.309805	0.35494	0.393083	0.410871	0.391646	0.33543	0.238157	0.112745	-0.0130358	-0.112513	-0.177506	
0.133946	0.13331	0.157399	0.181751	0.194484	0.197137	0.18796	0.168728	0.140737	0.130205	0.150751	0.207964	0.270957	0.327303	0.372162	0.421344	0.468172	0.498283	0.492848	0.435972	0.324655	0.177323	0.0310561	-0.0867662	-0.176909	
0.0935801	0.0771444	0.0950798	0.118028	0.13101	0.133127	0.124624	0.104995	0.0816593	0.0814719	0.125572	0.209736	0.302559	0.378812	0.439091	0.495291	0.551756	0.595972	0.606522	0.558268	0.438299	0.272672	0.102658	-0.0407027	-0.156582	
0.0565401	0.0332981	0.0535558	0.0802217	0.0977023	0.0993614	0.0895061	0.0643729	0.0385729	0.0403535	0.0967437	0.200642	0.317966	0.419067	0.499284	0.569711	0.636676	0.69424	0.721626	0.684879	0.567722	0.389638	0.199089	0.0256649	-0.119967	
0.0221629	0.00218053	0.0284503	0.0640911	0.0860726	0.0895368	0.0751227	0.0433282	0.00917843	0.00668557	0.0647688	0.178036	0.313962	0.439199	0.546893	0.638527	0.723987	0.797018	0.842264	0.821975	0.715948	0.540942	0.336182	0.135857	-0.043987	
0.0117596	8.64955e-05	0.0370018	0.0810314	0.109893	0.113407	0.0958957	0.0548251	0.0119058	-0.00122974	0.0507355	0.161657	0.306826	0.452305	0.588382	0.709209	0.819043	0.91375	0.976472	0.973523	0.884141	0.72045	0.514382	0.290175	0.0773581	
0.0354222	0.0374776	0.0844257	0.137565	0.17149	0.17629	0.154735	0.106337	0.0535023	0.0283595	0.0665246	0.16579	0.308856	0.466456	0.628047	0.779704	0.921472	1.04234	1.12703	1.14027	1.06926	0.921725	0.721533	0.484542	0.240588	
0.0872842	0.104377	0.160672	0.221138	0.258911	0.265048	0.239874	0.186048	0.124431	0.0871221	0.106963	0.186888	0.316921	0.476771	0.655307	0.836477	1.01176	1.16706	1.27803	1.31399	1.26221	1.13557	0.947907	0.70975	0.448647	
0.160876	0.191772	0.255556	0.319841	0.360885	0.36704	0.340343	0.282349	0.215643	0.167016	0.168337	0.223867	0.333997	0.485714	0.672468	0.875692	1.08455	1.27675	1.42322	1.48756	1.46267	1.35762	1.18753	0.955374	0.690193	
0.23475	0.277844	0.344519	0.411079	0.452245	0.45959	0.431102	0.372762	0.303024	0.247313	0.230606	0.262014	0.347338	0.484894	0.669746	0.887712	1.12395	1.35494	1.54176	1.64663	1.65696	1.58272	1.43238	1.21435	0.953788	
0.292218	0.342532	0.410166	0.474857	0.515793	0.523082	0.494658	0.437745	0.368642	0.309132	0.27777	0.286627	0.3468	0.465588	0.641567	0.864147	1.11995	1.3837	1.613	1.76472	1.82236	1.78729	1.66521	1.46447	1.21743	
0.30998	0.365188	0.429559	0.490815	0.529725	0.536801	0.509573	0.4555	0.390567	0.329827	0.288517	0.277486	0.315124	0.413588	0.576049	0.795195	1.06021	1.34812	1.61453	1.81554	1.92746	1.94233	1.85684	1.68126	1.45036	
0.267758	0.324291	0.384465	0.44074	0.476649	0.484091	0.457433	0.408802	0.347745	0.289879	0.23926	0.213405	0.228822	0.308338	0.452684	0.661733	0.925075	1.22474	1.51809	1.76279	1.93053	2.00294	1.96513	1.82614	1.62145	
0.151779	0.208773	0.263493	0.313807	0.347122	0.353489	0.329532	0.284687	0.230914	0.174423	0.11979	0.0791218	0.0781705	0.137736	0.265311	0.458645	0.713319	1.01324	1.32144	1.60011	1.81881	1.95026	1.96956	1.87891	1.71342	
-0.0220429	0.0336856	0.0827108	0.127254	0.156948	0.163524	0.140726	0.102036	0.053324	0.0018295	-0.0581921	-0.107602	-0.125086	-0.0797911	0.0294837	0.208019	0.448016	0.740409	1.052	1.35199	1.61114	1.79606	1.87275	1.83936	1.72185	
-0.209111	-0.15447	-0.111074	-0.0724333	-0.0457383	-0.0399706	-0.0602956	-0.0946648	-0.1365	-0.185474	-0.247123	-0.306728	-0.335205	-0.305811	-0.210776	-0.0506151	0.172783	0.448737	0.751873	1.05775	1.33916	1.56143	1.68483	1.70272	1.63672	
-0.381753	-0.328167	-0.289097	-0.255792	-0.231789	-0.2266	-0.245011	-0.274913	-0.311806	-0.357593	-0.423004	-0.489844	-0.531325	-0.51406	-0.436088	-0.29221	-0.0901877	0.165053	0.449864	0.747162	1.03386	1.27322	1.42607	1.48376	1.4614	
-0.530409	-0.476293	-0.441146	-0.41172	-0.390667	-0.385453	-0.402643	-0.428491	-0.461414	-0.505536	-0.574101	-0.649643	-0.701413	-0.698424	-0.634043	-0.508987	-0.326371	-0.0955846	0.166733	0.447171	0.725028	0.96678	1.13146	1.21434	1.22756	
-0.651282	-0.597576	-0.564907	-0.540052	-0.520526	-0.516557	-0.531246	-0.554512	-0.582932	-0.626129	-0.697284	-0.779578	-0.84114	-0.848292	-0.797398	-0.685576	-0.521786	-0.31106	-0.0711157	0.190273	0.454523	0.686684	0.851609	0.944075	0.97857	
-0.733114	-0.678823	-0.649546	-0.627487	-0.611002	-0.606515	-0.620651	-0.639845	-0.665795	-0.70699	-0.781	-0.868824	-0.937962	-0.95484	-0.913153	-0.814326	-0.663705	-0.471778	-0.250176	-0.00693569	0.24069	0.459701	0.613529	0.704773	0.746062	
-0.764176	-0.710433	-0.682835	-0.664764	-0.649334	-0.646289	-0.657845	-0.675386	-0.69725	-0.738365	-0.813565	-0.9067	-0.982298	-1.0067	-0.974291	-0.884349	-0.746983	-0.568893	-0.364584	-0.137436	0.0939327	0.294833	0.433526	0.510989	0.546504	
-0.741104	-0.686523	-0.66138	-0.645272	-0.632398	-0.628848	-0.640074	-0.654288	-0.674704	-0.714326	-0.792186	-0.889308	-0.971029	-1.00287	-0.977632	-0.897547	-0.769573	-0.60568	-0.414518	-0.202385	0.0135187	0.197537	0.316172	0.37648	0.394762	
-0.664126	-0.609842	-0.585804	-0.572682	-0.560704	-0.558251	-0.567419	-0.580363	-0.597706	-0.637533	-0.716179	-0.817431	-0.903942	-0.941844	-0.923942	-0.850806	-0.733288	-0.579601	-0.402018	-0.202202	-0.000990958	0.165142	0.264527	0.301465	0.297744	
-0.559786	-0.505272	-0.483207	-0.47188	-0.461825	-0.459212	-0.467789	-0.478207	-0.494088	-0.532621	-0.612617	-0.716213	-0.806537	-0.84949	-0.83633	-0.7702	-0.658844	-0.515332	-0.346253	-0.157353	0.0328128	0.184896	0.266193	0.28377	0.255543	
-0.465282	-0.41171	-0.391102	-0.382126	-0.373206	-0.37118	-0.378362	-0.387271	-0.400737	-0.438538	-0.518334	-0.623463	-0.715976	-0.761595	-0.752198	-0.688898	-0.58301	-0.4437	-0.281349	-0.0970024	0.0864791	0.230397	0.301669	0.305049	0.261107	
-0.41171	-0.359376	-0.340874	-0.33397	-0.326453	-0.324714	-0.330925	-0.33797	-0.349327	-0.385476	-0.464271	-0.569246	-0.661524	-0.707912	-0.697929	-0.635532	-0.528568	-0.390614	-0.226761	-0.0421786	0.143177	0.28729	0.35722	0.358014	0.306976	
-0.391102	-0.340874	-0.32455	-0.31963	-0.313524	-0.311893	-0.317315	-0.322428	-0.331713	-0.36563	-0.442819	-0.545934	-0.637037	-0.681198	-0.669828	-0.603987	-0.495142	-0.352888	-0.185963	0.00468838	0.195245	0.345202	0.420213	0.424232	0.374907	
-0.382126	-0.33397	-0.31963	-0.316731	-0.311432	-0.310374	-0.314611	-0.318596	-0.325399	-0.357676	-0.432191	-0.533726	-0.62179	-0.664146	-0.648849	-0.580507	-0.466801	-0.321416	-0.148732	0.0467427	0.243841	0.399321	0.479708	0.488133	0.440826	
-0.373206	-0.326453	-0.313524	-0.311432	-0.307164	-0.305752	-0.310023	-0.312488	-0.318638	-0.348914	-0.422741	-0.522093	-0.609458	-0.649292	-0.63307	-0.561717	-0.446744	-0.298143	-0.123554	0.0755958	0.275483	0.434409	0.517546	0.528343	0.482374	
-0.37118	-0.324714	-0.311893	-0.310374	-0.305752	-0.304967	-0.30847	-0.311514	-0.316575	-0.347438	-0.419987	-0.519993	-0.605937	-0.646404	-0.628681	-0.557825	-0.441484	-0.293146	-0.117468	0.0817288	0.282378	0.441386	0.524977	0.535618	0.489637	
-0.378362	-0.330925	-0.317315	-0.314611	-0.310023	-0.30847	-0.313119	-0.315971	-0.322942	-0.35376	-0.428518	-0.528514	-0.616873	-0.657526	-0.64233	-0.572158	-0.458248	-0.311061	-0.137578	0.0598693	0.258337	0.415759	0.497557	0.507581	0.460974	
-0.387271	-0.33797	-0.322428	-0.318596	-0.312488	-0.311514	-0.315971	-0.321172	-0.328755	-0.362585	-0.437916	-0.541096	-0.630212	-0.674252	-0.660566	-0.594151	-0.482878	-0.339517	-0.169947	0.0227456	0.216107	0.368307	0.445733	0.45134	0.402913	
-0.400737	-0.349327	-0.331713	-0.325399	-0.318638	-0.316575	-0.322942	-0.328755	-0.339845	-0.374515	-0.453386	-0.557199	-0.649837	-0.695023	-0.685143	-0.621356	-0.514177	-0.374765	-0.209895	-0.0231865	0.163977	0.310232	0.381752	0.383861	0.332789	
-0.438538	-0.385476	-0.36563	-0.357676	-0.348914	-0.347438	-0.35376	-0.362585	-0.374515	-0.412354	-0.491063	-0.597064	-0.689018	-0.735772	-0.72589	-0.663668	-0.55769	-0.419507	-0.257207	-0.0733683	0.109866	0.252749	0.322529	0.323332	0.27538	
-0.518334	-0.464271	-0.442819	-0.432191	-0.422741	-0.419987	-0.428518	-0.437916	-0.453386	-0.491063	-0.571651	-0.675628	-0.767592	-0.811607	-0.800435	-0.735906	-0.627197	-0.486243	-0.320144	-0.133988	0.0527523	0.200727	0.276822	0.288164	0.25221	
-0.623463	-0.569246	-0.545934	-0.533726	-0.522093	-0.519993	-0.528514	-0.541096	-0.557199	-0.597064	-0.675628	-0.778564	-0.866298	-0.906699	-0.890567	-0.820489	-0.705898	-0.556415	-0.382786	-0.187538	0.00857363	0.168289	0.260079	0.288338	0.274508	
-0.715976	-0.661524	-0.637037	-0.62179	-0.609458	-0.605937	-0.616873	-0.630212	-0.649837	-0.689018	-0.767592	-0.866298	-0.950314	-0.984748	-0.962328	-0.885579	-0.761638	-0.602609	-0.41656	-0.209774	9.80356e-05	0.177021	0.287706	0.339564	0.349261	
-0.761595	-0.707912	-0.681198	-0.664146	-0.649292	-0.646404	-0.657526	-0.674252	-0.695023	-0.735772	-0.811607	-0.906699	-0.984748	-1.01214	-0.982684	-0.896496	-0.763453	-0.590935	-0.392239	-0.171111	0.0539489	0.247681	0.37898	0.449792	0.479541	
-0.752198	-0.697929	-0.669828	-0.648849	-0.63307	-0.628681	-0.64233	-0.660566	-0.685143	-0.72589	-0.800435	-0.890567	-0.962328	-0.982684	-0.94425	-0.849744	-0.704194	-0.518701	-0.303839	-0.0672616	0.173629	0.385924	0.533874	0.621319	0.661474	
-0.688898	-0.635532	-0.603987	-0.580507	-0.561717	-0.557825	-0.572158	-0.594151	-0.621356	-0.663668	-0.735906	-0.820489	-0.885579	-0.896496	-0.849744	-0.743004	-0.585268	-0.382366	-0.150018	0.103799	0.361805	0.588502	0.750406	0.843444	0.882398	
-0.58301	-0.528568	-0.495142	-0.466801	-0.446744	-0.441484	-0.458248	-0.482878	-0.514177	-0.55769	-0.627197	-0.705898	-0.761638	-0.763453	-0.704194	-0.585268	-0.410375	-0.18837	0.0648092	0.338001	0.610427	0.84971	1.01545	1.10447	1.1278	
-0.4437	-0.390614	-0.352888	-0.321416	-0.298143	-0.293146	-0.311061	-0.339517	-0.374765	-0.419507	-0.486243	-0.556415	-0.602609	-0.590935	-0.518701	-0.382366	-0.18837	0.0566537	0.333168	0.623873	0.908771	1.14987	1.30973	1.37912	1.37233	
-0.281349	-0.226761	-0.185963	-0.148732	-0.123554	-0.117468	-0.137578	-0.169947	-0.209895	-0.257207	-0.320144	-0.382786	-0.41656	-0.392239	-0.303839	-0.150018	0.0648092	0.333168	0.629578	0.934214	1.21927	1.45104	1.58817	1.62411	1.57657	
-0.0970024	-0.0421786	0.00468838	0.0467427	0.0755958	0.0817288	0.0598693	0.0227456	-0.0231865	-0.0733683	-0.133988	-0.187538	-0.209774	-0.171111	-0.0672616	0.103799	0.338001	0.623873	0.934214	1.23791	1.50888	1.7104	1.80779	1.79602	1.69929	
0.0864791	0.143177	0.195245	0.243841	0.275483	0.282378	0.258337	0.216107	0.163977	0.109866	0.0527523	0.00857363	9.80356e-05	0.0539489	0.173629	0.361805	0.610427	0.908771	1.21927	1.50888	1.74537	1.89965	1.94254	1.8747	1.72781	
0.230397	0.28729	0.345202	0.399321	0.434409	0.441386	0.415759	0.368307	0.310232	0.252749	0.200727	0.168289	0.177021	0.247681	0.385924	0.588502	0.84971	1.14987	1.45104	1.7104	1.89965	1.99548	1.97951	1.85844	1.66777	
0.301669	0.35722	0.420213	0.479708	0.517546	0.524977	0.497557	0.445733	0.381752	0.322529	0.276822	0.260079	0.287706	0.37898	0.533874	0.750406	1.01545	1.30973	1.58817	1.80779	1.94254	1.97951	1.91194	1.74942	1.52788	
0.305049	0.358014	0.424232	0.488133	0.528343	0.535618	0.507581	0.45134	0.383861	0.323332	0.288164	0.288338	0.339564	0.449792	0.621319	0.843444	1.10447	1.37912	1.62411	1.79602	1.8747	1.85844	1.74942	1.55755	1.31624	
0.261107	0.306976	0.374907	0.440826	0.482374	0.489637	0.460974	0.402913	0.332789	0.27538	0.25221	0.274508	0.349261	0.479541	0.661474	0.882398	1.1278	1.37233	1.57657	1.69929	1.72781	1.66777	1.52788	1.31624	1.06094	
