1.04098	1.08008	1.09084	1.0712	1.02147	0.937017	0.81681	0.658448	0.476211	0.285798	0.107197	-0.0491392	-0.171163	-0.242545	-0.245944	-0.1833	-0.0723831	0.0600751	0.198029	0.322767	0.410338	0.437541	0.405029	0.332541	0.221868	
1.08008	1.13166	1.15866	1.14796	1.10803	1.03071	0.909079	0.742285	0.53974	0.32877	0.134834	-0.0257333	-0.156117	-0.231546	-0.231009	-0.160575	-0.041663	0.093432	0.229799	0.359113	0.460124	0.510013	0.505746	0.457472	0.360731	
1.09084	1.15866	1.19365	1.19822	1.17376	1.10628	0.985837	0.812523	0.597647	0.370162	0.169396	0.00149133	-0.129918	-0.206959	-0.211693	-0.148799	-0.0368282	0.100731	0.244585	0.380928	0.502999	0.577637	0.608178	0.586289	0.504822	
1.0712	1.14796	1.19822	1.2226	1.21097	1.15156	1.02982	0.852188	0.633138	0.406144	0.204054	0.0321232	-0.0981174	-0.174667	-0.183686	-0.131803	-0.0296205	0.107476	0.258419	0.405766	0.538318	0.633232	0.690881	0.693627	0.630205	
1.02147	1.10803	1.17376	1.21097	1.20747	1.1496	1.02782	0.858413	0.653053	0.43973	0.237512	0.0680531	-0.0568039	-0.135317	-0.15274	-0.111484	-0.012344	0.123605	0.280657	0.43602	0.570266	0.676213	0.744215	0.764935	0.722005	
0.937017	1.03071	1.10628	1.15156	1.1496	1.09337	0.988526	0.840763	0.657874	0.464722	0.273809	0.11398	-0.00878063	-0.0859654	-0.108266	-0.072732	0.0234212	0.159072	0.320923	0.478447	0.604896	0.704704	0.770875	0.79627	0.766822	
0.81681	0.909079	0.985837	1.02982	1.02782	0.988526	0.913453	0.797989	0.649252	0.495094	0.338383	0.193313	0.0731145	-0.00569257	-0.0288074	0.0031755	0.0927004	0.216242	0.367921	0.51704	0.634497	0.716857	0.77132	0.785941	0.761177	
0.658448	0.742285	0.812523	0.852188	0.858413	0.840763	0.797989	0.725607	0.631767	0.533813	0.425615	0.306141	0.206451	0.134442	0.105952	0.12629	0.196105	0.300931	0.423672	0.547595	0.64343	0.700712	0.73467	0.735849	0.710998	
0.476211	0.53974	0.597647	0.633138	0.653053	0.657874	0.649252	0.631767	0.601177	0.561942	0.514098	0.44809	0.38137	0.322035	0.283255	0.282587	0.328844	0.403818	0.491509	0.575577	0.634522	0.662328	0.671469	0.661299	0.627147	
0.285798	0.32877	0.370162	0.406144	0.43973	0.464722	0.495094	0.533813	0.561942	0.584259	0.598322	0.596574	0.566984	0.523257	0.479352	0.467637	0.491724	0.532673	0.575555	0.609286	0.628393	0.626616	0.607869	0.575634	0.5204	
0.107197	0.134834	0.169396	0.204054	0.237512	0.273809	0.338383	0.425615	0.514098	0.598322	0.676359	0.725506	0.72949	0.705167	0.673373	0.658912	0.662153	0.670872	0.670363	0.652013	0.623963	0.583874	0.537042	0.477219	0.409938	
-0.0491392	-0.0257333	0.00149133	0.0321232	0.0680531	0.11398	0.193313	0.306141	0.44809	0.596574	0.725506	0.812061	0.847723	0.846896	0.832579	0.816732	0.807593	0.795419	0.762298	0.695288	0.612516	0.528876	0.455692	0.383153	0.31166	
-0.171163	-0.156117	-0.129918	-0.0981174	-0.0568039	-0.00878063	0.0731145	0.206451	0.38137	0.566984	0.72949	0.847723	0.918037	0.941186	0.941557	0.932213	0.920815	0.894529	0.83276	0.727451	0.603088	0.487259	0.392866	0.310135	0.231781	
-0.242545	-0.231546	-0.206959	-0.174667	-0.135317	-0.0859654	-0.00569257	0.134442	0.322035	0.523257	0.705167	0.846896	0.941186	0.993989	1.02131	1.02875	1.01562	0.971409	0.884967	0.760164	0.615296	0.476718	0.36329	0.265834	0.183667	
-0.245944	-0.231009	-0.211693	-0.183686	-0.15274	-0.108266	-0.0288074	0.105952	0.283255	0.479352	0.673373	0.832579	0.941557	1.02131	1.07765	1.10538	1.09602	1.04058	0.94381	0.810632	0.655561	0.499308	0.367757	0.264612	0.178767	
-0.1833	-0.160575	-0.148799	-0.131803	-0.111484	-0.072732	0.0031755	0.12629	0.282587	0.467637	0.658912	0.816732	0.932213	1.02875	1.10538	1.14316	1.14385	1.09951	1.00569	0.874267	0.710574	0.541612	0.396835	0.281311	0.187404	
-0.0723831	-0.041663	-0.0368282	-0.0296205	-0.012344	0.0234212	0.0927004	0.196105	0.328844	0.491724	0.662153	0.807593	0.920815	1.01562	1.09602	1.14385	1.16245	1.1336	1.05057	0.926598	0.764453	0.587219	0.420187	0.282287	0.174096	
0.0600751	0.093432	0.100731	0.107476	0.123605	0.159072	0.216242	0.300931	0.403818	0.532673	0.670872	0.795419	0.894529	0.971409	1.04058	1.09951	1.1336	1.12482	1.06368	0.954487	0.79588	0.607798	0.417523	0.257403	0.132075	
0.198029	0.229799	0.244585	0.258419	0.280657	0.320923	0.367921	0.423672	0.491509	0.575555	0.670363	0.762298	0.83276	0.884967	0.94381	1.00569	1.05057	1.06368	1.03254	0.942798	0.783106	0.582539	0.380359	0.202849	0.057832	
0.322767	0.359113	0.380928	0.405766	0.43602	0.478447	0.51704	0.547595	0.575577	0.609286	0.652013	0.695288	0.727451	0.760164	0.810632	0.874267	0.926598	0.954487	0.942798	0.860176	0.697486	0.490555	0.279815	0.0902953	-0.070732	
0.410338	0.460124	0.502999	0.538318	0.570266	0.604896	0.634497	0.64343	0.634522	0.628393	0.623963	0.612516	0.603088	0.615296	0.655561	0.710574	0.764453	0.79588	0.783106	0.697486	0.53264	0.324752	0.114475	-0.0746764	-0.236358	
0.437541	0.510013	0.577637	0.633232	0.676213	0.704704	0.716857	0.700712	0.662328	0.626616	0.583874	0.528876	0.487259	0.476718	0.499308	0.541612	0.587219	0.607798	0.582539	0.490555	0.324752	0.112919	-0.0915298	-0.266948	-0.418029	
0.405029	0.505746	0.608178	0.690881	0.744215	0.770875	0.77132	0.73467	0.671469	0.607869	0.537042	0.455692	0.392866	0.36329	0.367757	0.396835	0.420187	0.417523	0.380359	0.279815	0.114475	-0.0915298	-0.290445	-0.455481	-0.595295	
0.332541	0.457472	0.586289	0.693627	0.764935	0.79627	0.785941	0.735849	0.661299	0.575634	0.477219	0.383153	0.310135	0.265834	0.264612	0.281311	0.282287	0.257403	0.202849	0.0902953	-0.0746764	-0.266948	-0.455481	-0.619931	-0.741637	
0.221868	0.360731	0.504822	0.630205	0.722005	0.766822	0.761177	0.710998	0.627147	0.5204	0.409938	0.31166	0.231781	0.183667	0.178767	0.187404	0.174096	0.132075	0.057832	-0.070732	-0.236358	-0.418029	-0.595295	-0.741637	-0.836137	
0.0796402	0.222344	0.374657	0.513172	0.623143	0.685284	0.69295	0.653121	0.564824	0.450603	0.335805	0.234449	0.158193	0.117416	0.107948	0.103932	0.08603	0.0332394	-0.0616936	-0.198902	-0.363979	-0.540526	-0.701162	-0.818592	-0.875026	
-0.0695534	0.0742879	0.226094	0.37068	0.490921	0.565205	0.587359	0.552193	0.465183	0.354259	0.241456	0.144428	0.0810783	0.0491185	0.0369877	0.0305159	0.0136099	-0.0448747	-0.14991	-0.286975	-0.44784	-0.61644	-0.75895	-0.849405	-0.86842	
-0.20476	-0.0631719	0.0854109	0.230712	0.348303	0.430473	0.462486	0.434905	0.353169	0.248394	0.141595	0.0542398	0.00357623	-0.0218341	-0.0359882	-0.0419702	-0.059341	-0.111936	-0.205773	-0.337376	-0.495518	-0.650899	-0.775515	-0.841834	-0.826832	
-0.303749	-0.172208	-0.0399984	0.096208	0.219108	0.310242	0.352561	0.334463	0.261371	0.157415	0.0537322	-0.0222434	-0.0667284	-0.0904252	-0.0989874	-0.103621	-0.117314	-0.157847	-0.239936	-0.365074	-0.522401	-0.672277	-0.784225	-0.829964	-0.784486	
-0.35929	-0.235541	-0.118929	0.0058737	0.127979	0.22229	0.270081	0.268827	0.204526	0.0996292	0.00095652	-0.071247	-0.118423	-0.137511	-0.140415	-0.14501	-0.155919	-0.188574	-0.267171	-0.388315	-0.542	-0.689574	-0.793811	-0.82508	-0.761915	
-0.368971	-0.245904	-0.131644	-0.0102427	0.110319	0.204661	0.25504	0.256921	0.193778	0.0882485	-0.00845022	-0.0805728	-0.128564	-0.145548	-0.148046	-0.153001	-0.162903	-0.194213	-0.272165	-0.393419	-0.546234	-0.69287	-0.796348	-0.823895	-0.758455	
-0.331178	-0.204485	-0.0796454	0.0523691	0.176464	0.269514	0.313993	0.302794	0.233684	0.129289	0.0272971	-0.0456896	-0.0905969	-0.113178	-0.118707	-0.123576	-0.136089	-0.172602	-0.252509	-0.375133	-0.531323	-0.680802	-0.78845	-0.82749	-0.772843	
-0.249908	-0.110857	0.0330616	0.175733	0.293987	0.379485	0.416611	0.392059	0.313187	0.209103	0.104438	0.0220288	-0.0258464	-0.0502793	-0.0631196	-0.0674981	-0.0846106	-0.132627	-0.220488	-0.34998	-0.507246	-0.658751	-0.7783	-0.835665	-0.808454	
-0.126328	0.016893	0.167872	0.313903	0.433791	0.511078	0.537169	0.504284	0.419661	0.311853	0.200136	0.106913	0.0498914	0.0205171	0.0069858	0.000279093	-0.015495	-0.0730127	-0.176127	-0.31127	-0.470558	-0.633722	-0.769011	-0.850017	-0.854394	
0.0192934	0.163274	0.31592	0.457376	0.572844	0.640817	0.655833	0.617624	0.528675	0.41496	0.301128	0.199936	0.127546	0.0911365	0.0800453	0.0743642	0.0558817	-0.000250849	-0.100604	-0.238542	-0.40221	-0.57717	-0.730965	-0.835434	-0.877093	
0.167652	0.308372	0.456728	0.588702	0.688157	0.739928	0.738221	0.692492	0.606423	0.495487	0.381941	0.281795	0.202057	0.156151	0.149457	0.152497	0.136247	0.0896156	0.00657062	-0.126773	-0.292761	-0.471573	-0.642345	-0.778614	-0.858457	
0.292753	0.425514	0.561267	0.675565	0.75575	0.791512	0.781485	0.728654	0.650437	0.554985	0.450248	0.354683	0.27844	0.230343	0.228122	0.242504	0.236434	0.203337	0.141635	0.0221401	-0.142855	-0.329673	-0.514138	-0.674086	-0.786645	
0.380485	0.49125	0.605707	0.700073	0.759591	0.787179	0.781634	0.739327	0.670306	0.597901	0.514688	0.426691	0.358963	0.323158	0.324092	0.347013	0.360103	0.348839	0.305359	0.201368	0.0359224	-0.165551	-0.360281	-0.524879	-0.658209	
0.430536	0.514675	0.595566	0.660952	0.707733	0.735194	0.743047	0.717467	0.66787	0.620478	0.56603	0.498199	0.447012	0.428384	0.442718	0.479568	0.518886	0.530941	0.500236	0.404654	0.239166	0.0281332	-0.175128	-0.344451	-0.490906	
0.429074	0.486495	0.539386	0.581641	0.616637	0.648024	0.67006	0.669781	0.648529	0.630181	0.609897	0.578582	0.554324	0.5571	0.591635	0.641739	0.693403	0.722191	0.704946	0.617293	0.451817	0.242475	0.0350873	-0.150271	-0.308098	
0.363467	0.404496	0.433371	0.461648	0.492148	0.532777	0.569314	0.591549	0.603104	0.618859	0.641404	0.662675	0.678965	0.703503	0.749802	0.811933	0.865753	0.896849	0.887259	0.803928	0.639986	0.432508	0.220762	0.0289899	-0.134404	
0.250928	0.283247	0.300358	0.318518	0.344901	0.386846	0.429251	0.47412	0.526823	0.590691	0.665227	0.739347	0.795414	0.838754	0.89431	0.957051	1.00588	1.02517	1.00417	0.919822	0.759053	0.554701	0.34897	0.165476	0.0134923	
0.115278	0.148494	0.158486	0.167248	0.18537	0.221998	0.274379	0.34842	0.43756	0.549774	0.672652	0.785758	0.874232	0.941784	1.00672	1.06774	1.10611	1.10702	1.05769	0.956301	0.797486	0.604307	0.40777	0.24077	0.107297	
-0.020508	0.0113414	0.0160663	0.0214449	0.0381853	0.0742521	0.138273	0.234934	0.356996	0.507341	0.665527	0.804122	0.913886	1.00271	1.07926	1.13157	1.15734	1.13608	1.05967	0.941007	0.780777	0.599782	0.422314	0.274637	0.160863	
-0.143644	-0.117108	-0.108412	-0.095762	-0.077391	-0.0405873	0.0338013	0.148719	0.296125	0.474061	0.659254	0.812338	0.92783	1.02615	1.10709	1.14885	1.15558	1.11655	1.02728	0.897693	0.734005	0.561143	0.408273	0.285459	0.185654	
-0.227443	-0.210592	-0.194796	-0.169451	-0.143484	-0.102051	-0.0236736	0.107701	0.276985	0.469596	0.66404	0.825348	0.938087	1.02677	1.0922	1.1248	1.1185	1.06673	0.969175	0.835592	0.675891	0.514174	0.37826	0.270871	0.182668	
-0.253102	-0.240389	-0.217307	-0.186213	-0.149702	-0.101403	-0.020856	0.118099	0.303801	0.504489	0.692315	0.842275	0.943268	1.0076	1.04678	1.06318	1.05099	0.999097	0.907505	0.778008	0.629052	0.482876	0.36073	0.261119	0.17758	
-0.206725	-0.194812	-0.168988	-0.136735	-0.0947723	-0.0461831	0.0344762	0.172925	0.355687	0.550223	0.721851	0.850321	0.931475	0.966009	0.975928	0.972567	0.959993	0.927229	0.853755	0.739345	0.604059	0.478277	0.376528	0.287083	0.20673	
-0.103596	-0.0821326	-0.055242	-0.0247877	0.0126236	0.0598019	0.142064	0.263486	0.421032	0.587962	0.731917	0.832218	0.882763	0.890661	0.881259	0.866398	0.856246	0.839288	0.794078	0.708993	0.607212	0.509636	0.4278	0.351782	0.27712	
0.0419281	0.0667202	0.0974693	0.130794	0.164857	0.205991	0.278083	0.377615	0.489416	0.600474	0.701458	0.766379	0.782329	0.76671	0.743213	0.727764	0.724409	0.722104	0.708495	0.670369	0.620499	0.562225	0.504295	0.437539	0.369337	
