-0.570622	-0.665999	-0.734637	-0.785565	-0.808868	-0.811464	-0.798294	-0.757553	-0.696314	-0.612295	-0.500159	-0.367463	-0.212927	-0.0435752	0.122676	0.267907	0.372593	0.419651	0.404491	0.339636	0.245359	0.150688	0.0844111	0.0520179	0.0472481	
-0.598601	-0.700352	-0.772545	-0.823403	-0.849618	-0.853727	-0.837052	-0.79517	-0.731958	-0.64289	-0.524131	-0.379343	-0.209408	-0.0249878	0.157864	0.323844	0.452531	0.523322	0.530954	0.483706	0.396555	0.29924	0.216855	0.16128	0.133992	
-0.565379	-0.665072	-0.733992	-0.781308	-0.804176	-0.807355	-0.793042	-0.755636	-0.696046	-0.609124	-0.490536	-0.346213	-0.175781	0.0158016	0.208846	0.385397	0.52633	0.608578	0.62652	0.586854	0.498045	0.389854	0.28832	0.203329	0.14587	
-0.461147	-0.551634	-0.617828	-0.662153	-0.684227	-0.688156	-0.673738	-0.638435	-0.580718	-0.500469	-0.393028	-0.254686	-0.0888836	0.0963	0.285695	0.4611	0.600893	0.681276	0.693735	0.642101	0.537538	0.409745	0.281699	0.167395	0.0801816	
-0.287027	-0.373342	-0.434574	-0.474799	-0.498204	-0.50246	-0.485652	-0.453129	-0.400684	-0.324455	-0.223363	-0.0981975	0.0497976	0.21849	0.391936	0.552592	0.678439	0.742142	0.736626	0.662599	0.528341	0.3702	0.21122	0.0655343	-0.0471813	
-0.0633115	-0.136293	-0.193399	-0.228449	-0.246055	-0.249758	-0.236982	-0.210048	-0.161432	-0.0946123	-0.0095216	0.100545	0.229887	0.374084	0.520858	0.652847	0.751534	0.791301	0.759261	0.655232	0.488951	0.295824	0.10397	-0.0678585	-0.199152	
0.191732	0.135759	0.0958706	0.0732969	0.0576496	0.0539822	0.0664689	0.0846726	0.117948	0.167539	0.233702	0.321277	0.423403	0.53612	0.648883	0.747332	0.811106	0.818199	0.761865	0.634522	0.442701	0.223022	0.00132015	-0.196388	-0.340881	
0.462306	0.431997	0.407896	0.397388	0.391229	0.389311	0.395382	0.402093	0.421078	0.449461	0.486486	0.540043	0.604024	0.680572	0.758267	0.8188	0.850973	0.83199	0.750057	0.606317	0.405186	0.174196	-0.0603016	-0.274908	-0.436435	
0.718943	0.71825	0.713329	0.715883	0.713439	0.711524	0.715949	0.71366	0.716359	0.719396	0.720286	0.736001	0.760906	0.792697	0.834474	0.87152	0.881715	0.849116	0.757947	0.60098	0.393295	0.157078	-0.0828744	-0.298823	-0.469369	
0.919172	0.939899	0.960915	0.984022	0.994339	0.995323	0.990334	0.970459	0.947964	0.927231	0.908225	0.89655	0.891114	0.895996	0.907808	0.916692	0.910559	0.872822	0.784989	0.631495	0.423723	0.186885	-0.0563741	-0.271734	-0.436164	
1.05637	1.0957	1.12718	1.15529	1.17148	1.17329	1.16321	1.13961	1.10892	1.07266	1.03317	1.00295	0.984392	0.974244	0.973613	0.974231	0.959662	0.918434	0.835744	0.698173	0.507279	0.277193	0.0354073	-0.183494	-0.347718	
1.1179	1.15647	1.19019	1.21325	1.22492	1.22771	1.21942	1.20048	1.17137	1.13353	1.0945	1.05935	1.0312	1.01773	1.01887	1.02541	1.02393	0.997777	0.930306	0.809332	0.638329	0.424821	0.192323	-0.0261612	-0.203393	
1.08759	1.11634	1.14222	1.1654	1.17928	1.18142	1.17238	1.15201	1.12662	1.09957	1.07124	1.04923	1.03502	1.03394	1.04888	1.0686	1.08856	1.09102	1.04535	0.945343	0.79725	0.599986	0.381765	0.176984	-0.000654001	
0.989259	1.00454	1.02022	1.03118	1.03921	1.04109	1.03429	1.02563	1.01089	0.994689	0.982538	0.978562	0.989442	1.00945	1.04459	1.09028	1.12632	1.15393	1.14895	1.08273	0.964267	0.79126	0.590995	0.402273	0.235241	
0.848515	0.842397	0.848568	0.845682	0.84841	0.850821	0.844986	0.849275	0.844735	0.843377	0.855685	0.865289	0.892776	0.937232	0.991283	1.06278	1.1326	1.18568	1.21174	1.18841	1.10679	0.968856	0.794418	0.621492	0.469736	
0.681379	0.664652	0.658677	0.647969	0.647408	0.64865	0.645487	0.654784	0.661426	0.673472	0.695795	0.720232	0.763845	0.82548	0.900865	0.992285	1.09248	1.17634	1.22671	1.24165	1.19902	1.09508	0.952591	0.802304	0.67019	
0.509688	0.488565	0.475864	0.465314	0.46131	0.462013	0.463619	0.470336	0.483363	0.500181	0.528589	0.572421	0.624518	0.696156	0.786626	0.883511	0.996919	1.10948	1.1924	1.23404	1.22677	1.16716	1.0617	0.937239	0.821986	
0.363651	0.338435	0.319816	0.310259	0.30403	0.301829	0.307761	0.315008	0.330262	0.352573	0.38333	0.4277	0.481437	0.554871	0.649459	0.758592	0.879278	1.00076	1.11123	1.18547	1.20567	1.17992	1.11471	1.01841	0.921092	
0.241933	0.218904	0.201581	0.187299	0.182289	0.181583	0.183933	0.195296	0.211201	0.231873	0.260237	0.2964	0.353135	0.42442	0.512091	0.628091	0.751107	0.875924	1.00035	1.10271	1.15231	1.1495	1.116	1.04889	0.973779	
0.147158	0.123074	0.10926	0.103847	0.0971491	0.0960054	0.101504	0.106702	0.116362	0.136727	0.16222	0.196255	0.248889	0.311953	0.391558	0.498229	0.624147	0.755794	0.879536	0.99347	1.0738	1.10566	1.0924	1.04731	0.993347	
0.0797063	0.0599036	0.0459862	0.0462641	0.0391818	0.0360192	0.0445779	0.0452646	0.0527751	0.0716897	0.091434	0.12116	0.16179	0.219012	0.295831	0.386886	0.504242	0.638127	0.771	0.894642	0.989454	1.05095	1.06476	1.03742	0.995471	
0.0285649	0.0227224	0.0118851	0.00250916	0.00112005	0.00121024	0.00143146	0.00687926	0.019498	0.0256688	0.0394878	0.0671969	0.096064	0.147238	0.218161	0.300074	0.406867	0.5355	0.675675	0.807961	0.919236	1.00041	1.03755	1.02853	0.994041	
-0.000986161	-0.00680552	-0.0153666	-0.0189494	-0.0198141	-0.0204556	-0.0189136	-0.0179168	-0.00998273	-0.00341802	0.00696756	0.0316432	0.0559357	0.0912865	0.152141	0.235292	0.335024	0.454552	0.594032	0.732082	0.863348	0.968039	1.02292	1.03098	1.00192	
-0.0172191	-0.0265856	-0.033513	-0.0289345	-0.0312126	-0.0331167	-0.028297	-0.0323606	-0.0308741	-0.0202747	-0.0134754	0.00152177	0.02878	0.0618911	0.108855	0.181424	0.273576	0.391015	0.534338	0.677577	0.819568	0.943933	1.02515	1.05253	1.02153	
-0.0259646	-0.0319733	-0.0360146	-0.0388437	-0.0428568	-0.0435944	-0.0410772	-0.0367645	-0.033529	-0.028764	-0.0235457	-0.017187	0.00409805	0.0365078	0.0777198	0.142206	0.230154	0.345862	0.485713	0.640088	0.80068	0.93445	1.03476	1.08236	1.05032	
-0.0365542	-0.0434222	-0.0402287	-0.0443623	-0.0431437	-0.0411325	-0.0453296	-0.0408782	-0.042578	-0.0409767	-0.0295337	-0.0215013	-0.0078943	0.0142644	0.0568137	0.118307	0.199648	0.312669	0.447539	0.610634	0.7848	0.936488	1.05424	1.11682	1.09172	
-0.0434222	-0.0462517	-0.0410133	-0.0491755	-0.0432718	-0.0399807	-0.0488792	-0.0429669	-0.0444355	-0.0456281	-0.0359293	-0.0300388	-0.0158537	0.0093912	0.0434109	0.0933341	0.177365	0.288071	0.424102	0.593809	0.771109	0.944515	1.07868	1.15151	1.13282	
-0.0402287	-0.0410133	-0.0409486	-0.0494272	-0.0490949	-0.0490328	-0.0514572	-0.043121	-0.040747	-0.0411775	-0.037017	-0.0357781	-0.0246922	0.000860422	0.0307448	0.0791921	0.162458	0.268198	0.408349	0.584363	0.772264	0.956583	1.10045	1.1827	1.16574	
-0.0443623	-0.0491755	-0.0494272	-0.0441215	-0.0447973	-0.0448267	-0.0431293	-0.0478221	-0.0497652	-0.0469575	-0.0417135	-0.0323871	-0.0234866	-0.00854947	0.0263598	0.0790904	0.149271	0.256567	0.40038	0.571275	0.767091	0.960518	1.11989	1.20671	1.19212	
-0.0431437	-0.0432718	-0.0490949	-0.0447973	-0.0479228	-0.0490928	-0.0442214	-0.0492759	-0.0449797	-0.0419792	-0.0447802	-0.0360409	-0.0250848	-0.00919114	0.0215841	0.0714923	0.143863	0.251034	0.394912	0.569748	0.767957	0.966078	1.13372	1.21757	1.20644	
-0.0411325	-0.0399807	-0.0490328	-0.0448267	-0.0490928	-0.0526405	-0.0450192	-0.0486982	-0.0436488	-0.0393358	-0.0440325	-0.0379196	-0.0263141	-0.00817945	0.0197977	0.0688426	0.144001	0.248647	0.393337	0.571852	0.769221	0.967946	1.13609	1.21939	1.20928	
-0.0453296	-0.0488792	-0.0514572	-0.0431293	-0.0442214	-0.0450192	-0.0412342	-0.0492249	-0.0503079	-0.0468236	-0.044258	-0.0325516	-0.0231242	-0.00951026	0.0249353	0.076864	0.146365	0.253507	0.398672	0.569483	0.764926	0.962256	1.1262	1.21261	1.19963	
-0.0408782	-0.0429669	-0.043121	-0.0478221	-0.0492759	-0.0486982	-0.0492249	-0.0453071	-0.0422813	-0.0416903	-0.0387794	-0.0345429	-0.025451	-0.00446221	0.0282501	0.078559	0.156667	0.262894	0.404223	0.578194	0.771691	0.960126	1.10848	1.19336	1.17704	
-0.042578	-0.0444355	-0.040747	-0.0497652	-0.0449797	-0.0436488	-0.0503079	-0.0422813	-0.0439435	-0.0443628	-0.035987	-0.0338538	-0.019435	0.00740667	0.0378142	0.0861262	0.17048	0.279253	0.416986	0.589808	0.771141	0.949044	1.08741	1.16482	1.14709	
-0.0409767	-0.0456281	-0.0411775	-0.0469575	-0.0419792	-0.0393358	-0.0468236	-0.0416903	-0.0443628	-0.0445806	-0.0329201	-0.024544	-0.0106832	0.0112559	0.0510428	0.107942	0.18974	0.302245	0.437184	0.603157	0.777104	0.938114	1.06431	1.13097	1.10876	
-0.0295337	-0.0359293	-0.037017	-0.0417135	-0.0447802	-0.0440325	-0.044258	-0.0387794	-0.035987	-0.0329201	-0.0251759	-0.0190809	-0.00297054	0.0254957	0.0678857	0.131688	0.217525	0.33119	0.467745	0.626779	0.795467	0.93556	1.04167	1.0957	1.06576	
-0.0215013	-0.0300388	-0.0357781	-0.0323871	-0.0360409	-0.0379196	-0.0325516	-0.0345429	-0.0338538	-0.024544	-0.0190809	-0.00836294	0.0188645	0.0526445	0.0957788	0.163804	0.253164	0.371306	0.514555	0.660955	0.8097	0.937472	1.02762	1.06364	1.0316	
-0.0078943	-0.0158537	-0.0246922	-0.0234866	-0.0250848	-0.0263141	-0.0231242	-0.025451	-0.019435	-0.0106832	-0.00297054	0.0188645	0.0443641	0.0768439	0.132276	0.212242	0.309096	0.426923	0.567964	0.708437	0.843237	0.95692	1.02271	1.03792	1.00893	
0.0142644	0.0093912	0.000860422	-0.00854947	-0.00919114	-0.00817945	-0.00951026	-0.00446221	0.00740667	0.0112559	0.0254957	0.0526445	0.0768439	0.122092	0.189076	0.272168	0.376842	0.500465	0.640186	0.774788	0.895986	0.986787	1.02954	1.02762	0.995552	
0.0568137	0.0434109	0.0307448	0.0263598	0.0215841	0.0197977	0.0249353	0.0282501	0.0378142	0.0510428	0.0678857	0.0957788	0.132276	0.189076	0.264038	0.349549	0.46091	0.594651	0.732608	0.858902	0.959009	1.02822	1.05294	1.03299	0.994039	
0.118307	0.0933341	0.0791921	0.0790904	0.0714923	0.0688426	0.076864	0.078559	0.0861262	0.107942	0.131688	0.163804	0.212242	0.272168	0.349549	0.450427	0.575179	0.707588	0.833653	0.952572	1.0395	1.08498	1.08197	1.04364	0.996315	
0.199648	0.177365	0.162458	0.149271	0.143863	0.144001	0.146365	0.156667	0.17048	0.18974	0.217525	0.253164	0.309096	0.376842	0.46091	0.575179	0.70018	0.827814	0.951666	1.05954	1.12311	1.13337	1.10776	1.05068	0.984641	
0.312669	0.288071	0.268198	0.256567	0.251034	0.248647	0.253507	0.262894	0.279253	0.302245	0.33119	0.371306	0.426923	0.500465	0.594651	0.707588	0.827814	0.951146	1.06959	1.15714	1.18763	1.17025	1.12056	1.03596	0.946749	
0.447539	0.424102	0.408349	0.40038	0.394912	0.393337	0.398672	0.404223	0.416986	0.437184	0.467745	0.514555	0.567964	0.640186	0.732608	0.833653	0.951666	1.06959	1.16436	1.2191	1.22331	1.17983	1.09033	0.976021	0.868226	
0.610634	0.593809	0.584363	0.571275	0.569748	0.571852	0.569483	0.578194	0.589808	0.603157	0.626779	0.660955	0.708437	0.774788	0.858902	0.952572	1.05954	1.15714	1.2191	1.24453	1.21727	1.13023	1.00179	0.862144	0.737156	
0.7848	0.771109	0.772264	0.767091	0.767957	0.769221	0.764926	0.771691	0.771141	0.777104	0.795467	0.8097	0.843237	0.895986	0.959009	1.0395	1.12311	1.18763	1.22331	1.21727	1.15122	1.026	0.864107	0.70005	0.554949	
0.936488	0.944515	0.956583	0.960518	0.966078	0.967946	0.962256	0.960126	0.949044	0.938114	0.93556	0.937472	0.95692	0.986787	1.02822	1.08498	1.13337	1.17025	1.17983	1.13023	1.026	0.867091	0.67535	0.492535	0.331032	
1.05424	1.07868	1.10045	1.11989	1.13372	1.13609	1.1262	1.10848	1.08741	1.06431	1.04167	1.02762	1.02271	1.02954	1.05294	1.08197	1.10776	1.12056	1.09033	1.00179	0.864107	0.67535	0.463439	0.265651	0.0920345	
1.11682	1.15151	1.1827	1.20671	1.21757	1.21939	1.21261	1.19336	1.16482	1.13097	1.0957	1.06364	1.03792	1.02762	1.03299	1.04364	1.05068	1.03596	0.976021	0.862144	0.70005	0.492535	0.265651	0.0515944	-0.128287	
1.09172	1.13282	1.16574	1.19212	1.20644	1.20928	1.19963	1.17704	1.14709	1.10876	1.06576	1.0316	1.00893	0.995552	0.994039	0.996315	0.984641	0.946749	0.868226	0.737156	0.554949	0.331032	0.0920345	-0.128287	-0.297508	
