-0.16717	-0.156435	-0.138988	-0.112588	-0.0916652	-0.0875303	-0.102768	-0.128968	-0.150438	-0.164205	-0.16703	-0.167796	-0.166509	-0.145165	-0.0964146	-0.0390202	0.0212398	0.0727796	0.124368	0.172	0.200446	0.215763	0.214876	0.208996	0.220674	
-0.0549209	-0.0559446	-0.0443389	-0.0242865	-0.00774014	-0.00530428	-0.0164419	-0.0367764	-0.052507	-0.0575142	-0.0461165	-0.0259334	-0.00270617	0.0350481	0.0947267	0.154431	0.20535	0.24658	0.291355	0.337391	0.365202	0.377629	0.370192	0.368294	0.39551	
0.000458818	-0.013986	-0.00935696	0.0109344	0.0303751	0.0317683	0.0212195	-0.00324969	-0.0140428	-0.00734469	0.0157718	0.0556771	0.104058	0.162309	0.227467	0.288769	0.335515	0.373332	0.414977	0.464314	0.494337	0.506528	0.508535	0.518371	0.562379	
0.015068	-0.00765412	-0.0116344	0.00576435	0.0315714	0.0364656	0.0171526	-0.00693895	-0.011914	0.004031	0.0370173	0.0914832	0.15709	0.234748	0.307349	0.368628	0.4171	0.452666	0.487756	0.529516	0.559832	0.580342	0.60377	0.641777	0.708637	
0.00961012	-0.0239329	-0.0364804	-0.0202982	0.00383339	0.00980746	-0.00975307	-0.0332791	-0.0324261	-0.00554687	0.036689	0.0999857	0.178631	0.264522	0.34042	0.399882	0.445981	0.479987	0.504426	0.535893	0.571733	0.608508	0.657776	0.732898	0.821585	
-0.000916542	-0.0452018	-0.0698697	-0.0723179	-0.0653695	-0.0637857	-0.0695355	-0.0728593	-0.0584027	-0.0190439	0.0279952	0.0926281	0.170842	0.255158	0.332468	0.393745	0.436014	0.462398	0.483336	0.510634	0.557	0.618924	0.697804	0.796736	0.90228	
-0.0206415	-0.0726314	-0.109893	-0.136879	-0.152723	-0.156505	-0.143999	-0.122055	-0.0887307	-0.0425799	0.0132713	0.0746031	0.142872	0.219943	0.292412	0.352175	0.38999	0.413568	0.435296	0.471785	0.530716	0.618931	0.724994	0.843296	0.96198	
-0.0543586	-0.113709	-0.165262	-0.213303	-0.244014	-0.250971	-0.227773	-0.185903	-0.134502	-0.0791405	-0.0164409	0.044104	0.103015	0.172657	0.242948	0.30034	0.335022	0.359078	0.384948	0.432949	0.50732	0.614388	0.744434	0.878175	1.00052	
-0.0957129	-0.170878	-0.245687	-0.305379	-0.341788	-0.348932	-0.322483	-0.272655	-0.201557	-0.125432	-0.0524533	0.0103989	0.0668531	0.127109	0.194503	0.250758	0.290417	0.321573	0.361156	0.415314	0.49638	0.612961	0.752322	0.891269	1.01453	
-0.141319	-0.238568	-0.341347	-0.415578	-0.45436	-0.459599	-0.435419	-0.37541	-0.281266	-0.17868	-0.090378	-0.0192642	0.0371505	0.0965297	0.167067	0.226287	0.27834	0.322486	0.368923	0.425083	0.505071	0.617292	0.7547	0.888599	1.00287	
-0.201611	-0.323506	-0.445764	-0.534589	-0.579096	-0.584985	-0.557754	-0.486383	-0.374684	-0.248251	-0.139444	-0.0484206	0.0243243	0.100047	0.180391	0.250942	0.311242	0.363216	0.41192	0.465636	0.538616	0.635374	0.752082	0.865946	0.962673	
-0.267097	-0.405379	-0.541507	-0.647271	-0.706578	-0.715516	-0.677134	-0.588572	-0.461124	-0.321562	-0.190529	-0.0775698	0.0238851	0.123311	0.226285	0.316065	0.383184	0.43873	0.483242	0.530551	0.588759	0.661461	0.738148	0.8201	0.886441	
-0.324836	-0.478332	-0.624156	-0.745136	-0.81713	-0.829655	-0.781176	-0.676792	-0.53777	-0.387269	-0.232542	-0.0965253	0.0330495	0.160051	0.285445	0.394624	0.475622	0.537563	0.583717	0.62322	0.663492	0.698926	0.724584	0.757411	0.789129	
-0.354217	-0.525476	-0.676681	-0.799647	-0.87309	-0.885248	-0.836405	-0.729964	-0.588946	-0.423819	-0.252645	-0.101163	0.0502511	0.200355	0.341252	0.467231	0.562465	0.632311	0.684016	0.718142	0.742861	0.743773	0.720433	0.697952	0.684467	
-0.351684	-0.530658	-0.681115	-0.795425	-0.854343	-0.861522	-0.826883	-0.731592	-0.595854	-0.424674	-0.244526	-0.0828697	0.0757034	0.239355	0.39245	0.521934	0.62579	0.70518	0.761704	0.787217	0.795892	0.768065	0.706375	0.63875	0.588756	
-0.317508	-0.493366	-0.635541	-0.729749	-0.774271	-0.780113	-0.75302	-0.678754	-0.556016	-0.389684	-0.210842	-0.0466575	0.114686	0.280327	0.431956	0.557714	0.65704	0.737583	0.792239	0.814247	0.807637	0.759089	0.677002	0.584976	0.512998	
-0.258186	-0.415992	-0.538799	-0.616706	-0.657219	-0.662541	-0.637429	-0.57481	-0.470787	-0.323297	-0.159342	0.00358064	0.162122	0.315109	0.45432	0.565135	0.654207	0.725651	0.782095	0.80555	0.792654	0.733888	0.641286	0.537951	0.455326	
-0.180882	-0.302387	-0.395733	-0.458699	-0.494446	-0.49895	-0.476803	-0.424287	-0.342891	-0.232687	-0.0959706	0.0561884	0.201558	0.334715	0.455429	0.548321	0.625367	0.688977	0.738156	0.762825	0.750142	0.689705	0.597946	0.496127	0.408682	
-0.0854397	-0.163146	-0.220838	-0.255574	-0.276498	-0.279785	-0.265799	-0.237427	-0.188025	-0.120029	-0.0227796	0.100905	0.229097	0.340274	0.441506	0.521189	0.583593	0.634798	0.673557	0.692669	0.677354	0.623741	0.539939	0.44411	0.357169	
0.0369125	0.00226233	-0.0152657	-0.0174265	-0.00966679	-0.00821438	-0.0144103	-0.0189046	-0.00580405	0.0192997	0.0743488	0.156756	0.25254	0.338762	0.417444	0.482641	0.530967	0.567993	0.596371	0.605022	0.58314	0.534469	0.463786	0.378476	0.299239	
0.197613	0.20402	0.223934	0.252813	0.282148	0.289916	0.26478	0.234884	0.21054	0.197386	0.206492	0.238999	0.287382	0.335439	0.385397	0.430304	0.466295	0.488504	0.502533	0.494948	0.464705	0.416953	0.357953	0.292341	0.228358	
0.37757	0.427608	0.490461	0.547118	0.590973	0.600198	0.566892	0.514882	0.452079	0.394966	0.35909	0.346732	0.345424	0.346802	0.351507	0.364619	0.378297	0.385592	0.380901	0.357222	0.320918	0.276256	0.229691	0.182573	0.143314	
0.562836	0.657364	0.760341	0.838094	0.883034	0.889927	0.860284	0.795819	0.69918	0.598863	0.51562	0.455789	0.409502	0.364998	0.319059	0.295197	0.280967	0.265228	0.238077	0.198756	0.15588	0.122349	0.0947214	0.0696888	0.0561897	
0.74779	0.880831	1.00973	1.09966	1.14246	1.14946	1.12122	1.05214	0.934601	0.80031	0.674078	0.56791	0.472688	0.3819	0.291451	0.216069	0.16898	0.131856	0.088033	0.036002	-0.00708061	-0.0347078	-0.0451525	-0.0405979	-0.025897	
0.942498	1.1006	1.23942	1.33602	1.37671	1.38167	1.35804	1.28431	1.15956	1.00753	0.844473	0.688065	0.54376	0.40684	0.269803	0.145757	0.0527165	-0.0123542	-0.0714974	-0.124968	-0.165724	-0.187742	-0.184611	-0.157968	-0.118235	
1.13343	1.30651	1.44954	1.54761	1.58966	1.5936	1.57132	1.49452	1.3686	1.20551	1.02033	0.824857	0.635699	0.451948	0.268379	0.0972604	-0.0408967	-0.145093	-0.229456	-0.296021	-0.341769	-0.357471	-0.340217	-0.292818	-0.227478	
1.30651	1.48812	1.62943	1.72194	1.75849	1.76231	1.74301	1.67292	1.55041	1.38262	1.18543	0.969467	0.747563	0.519787	0.292403	0.078575	-0.100791	-0.248938	-0.374411	-0.467244	-0.520511	-0.5328	-0.501858	-0.436123	-0.356719	
1.44954	1.62943	1.76209	1.84034	1.86589	1.86819	1.85566	1.80008	1.68868	1.52601	1.32629	1.10414	0.86343	0.599584	0.328589	0.0756342	-0.141933	-0.329048	-0.486054	-0.602934	-0.669266	-0.684623	-0.649854	-0.576273	-0.485603	
1.54761	1.72194	1.84034	1.89497	1.91154	1.91171	1.90534	1.8689	1.77741	1.62277	1.42383	1.19727	0.945945	0.666824	0.368227	0.0877129	-0.164878	-0.381678	-0.559378	-0.689525	-0.775994	-0.805648	-0.772956	-0.690113	-0.580188	
1.58966	1.75849	1.86589	1.91154	1.92347	1.92395	1.91828	1.89075	1.80918	1.66413	1.46493	1.23858	0.98978	0.711778	0.404914	0.104601	-0.174696	-0.414	-0.598549	-0.731311	-0.828039	-0.874298	-0.84813	-0.754632	-0.63003	
1.5936	1.76231	1.86819	1.91171	1.92395	1.92562	1.91796	1.89216	1.81257	1.66821	1.46922	1.24531	0.997101	0.72001	0.414455	0.108609	-0.1764	-0.418661	-0.603278	-0.737046	-0.834321	-0.884863	-0.861369	-0.765422	-0.636944	
1.57132	1.74301	1.85566	1.90534	1.91828	1.91796	1.91367	1.88218	1.79603	1.64601	1.4466	1.21869	0.967721	0.687964	0.383586	0.0947054	-0.169919	-0.397702	-0.579536	-0.711189	-0.803858	-0.840689	-0.810046	-0.72283	-0.605392	
1.49452	1.67292	1.80008	1.8689	1.89075	1.89216	1.88218	1.83469	1.73086	1.5706	1.37129	1.14821	0.901693	0.628995	0.344982	0.0781905	-0.153837	-0.353039	-0.519477	-0.643248	-0.716977	-0.737385	-0.702974	-0.62631	-0.528581	
1.3686	1.55041	1.68868	1.77741	1.80918	1.81257	1.79603	1.73086	1.61151	1.44522	1.2458	1.0259	0.79533	0.551287	0.305801	0.0760105	-0.11871	-0.283437	-0.423774	-0.527563	-0.585503	-0.597359	-0.563013	-0.493258	-0.410085	
1.20551	1.38262	1.52601	1.62277	1.66413	1.66821	1.64601	1.5706	1.44522	1.27902	1.0884	0.88284	0.678721	0.476669	0.275271	0.0862661	-0.0686568	-0.190236	-0.289685	-0.366621	-0.415012	-0.428852	-0.405504	-0.350068	-0.277424	
1.02033	1.18543	1.32629	1.42383	1.46493	1.46922	1.4466	1.37129	1.2458	1.0884	0.915266	0.740648	0.577697	0.422125	0.266112	0.12328	0.0114294	-0.0677005	-0.135705	-0.191881	-0.23342	-0.252853	-0.244508	-0.209357	-0.159722	
0.824857	0.969467	1.10414	1.19727	1.23858	1.24531	1.21869	1.14821	1.0259	0.88284	0.740648	0.614216	0.499582	0.390405	0.2807	0.185591	0.121345	0.0739274	0.0253296	-0.0278992	-0.0704974	-0.096008	-0.100709	-0.0863953	-0.0606401	
0.635699	0.747563	0.86343	0.945945	0.98978	0.997101	0.967721	0.901693	0.79533	0.678721	0.577697	0.499582	0.434373	0.371727	0.308037	0.264462	0.238014	0.213938	0.179401	0.133252	0.0900437	0.059282	0.0390938	0.0260708	0.0235238	
0.451948	0.519787	0.599584	0.666824	0.711778	0.72001	0.687964	0.628995	0.551287	0.476669	0.422125	0.390405	0.371727	0.354491	0.337566	0.336865	0.340238	0.33848	0.325146	0.295511	0.25588	0.215409	0.176512	0.137258	0.107776	
0.268379	0.292403	0.328589	0.368227	0.404914	0.414455	0.383586	0.344982	0.305801	0.275271	0.266112	0.2807	0.308037	0.337566	0.372081	0.404963	0.433494	0.450666	0.45766	0.443033	0.409788	0.362688	0.308206	0.249848	0.19568	
0.0972604	0.078575	0.0756342	0.0877129	0.104601	0.108609	0.0947054	0.0781905	0.0760105	0.0862661	0.12328	0.185591	0.264462	0.336865	0.404963	0.463382	0.507456	0.538121	0.560846	0.563734	0.538929	0.491047	0.425332	0.347525	0.272736	
-0.0408967	-0.100791	-0.141933	-0.164878	-0.174696	-0.1764	-0.169919	-0.153837	-0.11871	-0.0686568	0.0114294	0.121345	0.238014	0.340238	0.433494	0.507456	0.563745	0.609603	0.644796	0.659706	0.642644	0.590859	0.512381	0.419275	0.335134	
-0.145093	-0.248938	-0.329048	-0.381678	-0.414	-0.418661	-0.397702	-0.353039	-0.283437	-0.190236	-0.0677005	0.0739274	0.213938	0.33848	0.450666	0.538121	0.609603	0.669039	0.713306	0.737503	0.723416	0.666047	0.576775	0.477348	0.388881	
-0.229456	-0.374411	-0.486054	-0.559378	-0.598549	-0.603278	-0.579536	-0.519477	-0.423774	-0.289685	-0.135705	0.0253296	0.179401	0.325146	0.45766	0.560846	0.644796	0.713306	0.768899	0.792462	0.779807	0.71917	0.625504	0.521365	0.436238	
-0.296021	-0.467244	-0.602934	-0.689525	-0.731311	-0.737046	-0.711189	-0.643248	-0.527563	-0.366621	-0.191881	-0.0278992	0.133252	0.295511	0.443033	0.563734	0.659706	0.737503	0.792462	0.814003	0.803994	0.749815	0.662801	0.565274	0.488222	
-0.341769	-0.520511	-0.669266	-0.775994	-0.828039	-0.834321	-0.803858	-0.716977	-0.585503	-0.415012	-0.23342	-0.0704974	0.0900437	0.25588	0.409788	0.538929	0.642644	0.723416	0.779807	0.803994	0.804755	0.768569	0.69641	0.616106	0.555889	
-0.357471	-0.5328	-0.684623	-0.805648	-0.874298	-0.884863	-0.840689	-0.737385	-0.597359	-0.428852	-0.252853	-0.096008	0.059282	0.215409	0.362688	0.491047	0.590859	0.666047	0.71917	0.749815	0.768569	0.757261	0.716574	0.67492	0.644598	
-0.340217	-0.501858	-0.649854	-0.772956	-0.84813	-0.861369	-0.810046	-0.702974	-0.563013	-0.405504	-0.244508	-0.100709	0.0390938	0.176512	0.308206	0.425332	0.512381	0.576775	0.625504	0.662801	0.69641	0.716574	0.722565	0.732561	0.74673	
-0.292818	-0.436123	-0.576273	-0.690113	-0.754632	-0.765422	-0.72283	-0.62631	-0.493258	-0.350068	-0.209357	-0.0863953	0.0260708	0.137258	0.249848	0.347525	0.419275	0.477348	0.521365	0.565274	0.616106	0.67492	0.732561	0.796189	0.849774	
-0.227478	-0.356719	-0.485603	-0.580188	-0.63003	-0.636944	-0.605392	-0.528581	-0.410085	-0.277424	-0.159722	-0.0606401	0.0235238	0.107776	0.19568	0.272736	0.335134	0.388881	0.436238	0.488222	0.555889	0.644598	0.74673	0.849774	0.935867	
