0.383837	0.310194	0.262615	0.22661	0.199592	0.193152	0.215065	0.246931	0.288702	0.351225	0.437322	0.523494	0.602167	0.672711	0.73284	0.767859	0.774826	0.752392	0.715164	0.670499	0.621139	0.561241	0.501547	0.442516	0.39712	
0.186592	0.0889299	0.0184736	-0.0308289	-0.0585499	-0.0636174	-0.0442316	-0.00376538	0.0576326	0.144583	0.255193	0.375723	0.492872	0.604017	0.69601	0.761571	0.789298	0.780508	0.744773	0.703488	0.641277	0.559304	0.47575	0.404102	0.343144	
0.0138865	-0.0986263	-0.193589	-0.259538	-0.289915	-0.293419	-0.27611	-0.223752	-0.139286	-0.0330765	0.0903256	0.228046	0.367011	0.499605	0.612735	0.699878	0.751668	0.76412	0.742174	0.706855	0.641139	0.546573	0.446922	0.366356	0.296085	
-0.131123	-0.248244	-0.361239	-0.442138	-0.477209	-0.479951	-0.462367	-0.398247	-0.295141	-0.178646	-0.0538463	0.0859936	0.229816	0.367138	0.4908	0.592272	0.666096	0.704345	0.706665	0.68173	0.622417	0.531796	0.435581	0.356961	0.284609	
-0.252339	-0.365491	-0.478541	-0.56492	-0.602207	-0.605574	-0.586301	-0.517867	-0.411717	-0.297464	-0.180691	-0.0469921	0.0885185	0.219835	0.34233	0.451517	0.538267	0.599955	0.630229	0.624614	0.585803	0.51943	0.446288	0.377454	0.314004	
-0.355808	-0.454112	-0.547721	-0.622381	-0.656423	-0.660667	-0.640856	-0.581798	-0.492157	-0.39579	-0.291524	-0.170555	-0.0489304	0.0666709	0.178526	0.285352	0.376176	0.454415	0.511639	0.536513	0.530092	0.508953	0.470919	0.41536	0.356312	
-0.432045	-0.506062	-0.567003	-0.615059	-0.640681	-0.643756	-0.628402	-0.588447	-0.532012	-0.463148	-0.378834	-0.275418	-0.174743	-0.0796722	0.0131379	0.111841	0.202097	0.291163	0.372494	0.434751	0.467816	0.493387	0.495454	0.458096	0.397335	
-0.4691	-0.512234	-0.538014	-0.557095	-0.56972	-0.571486	-0.563028	-0.546484	-0.524142	-0.488959	-0.431717	-0.35763	-0.282274	-0.212173	-0.136275	-0.0471087	0.0485755	0.143406	0.243005	0.337209	0.412369	0.472212	0.504052	0.489527	0.439724	
-0.477717	-0.486115	-0.48385	-0.480642	-0.479421	-0.478649	-0.479971	-0.482168	-0.486203	-0.482743	-0.464319	-0.428721	-0.385983	-0.336333	-0.274319	-0.187243	-0.0859369	0.0163596	0.120813	0.233085	0.33968	0.426791	0.478924	0.48748	0.466918	
-0.470211	-0.445212	-0.42416	-0.407086	-0.392014	-0.388429	-0.400517	-0.416937	-0.436136	-0.460304	-0.48343	-0.490501	-0.478282	-0.44577	-0.39	-0.305673	-0.202854	-0.0996829	0.0046981	0.118563	0.239558	0.344783	0.41631	0.4515	0.466526	
-0.44789	-0.397931	-0.36362	-0.335951	-0.307719	-0.301617	-0.323683	-0.35302	-0.381988	-0.426446	-0.481118	-0.520645	-0.531737	-0.513885	-0.466876	-0.391418	-0.301629	-0.205584	-0.105602	0.00483611	0.122939	0.235002	0.319537	0.382182	0.434353	
-0.415275	-0.35416	-0.309732	-0.271094	-0.234751	-0.226442	-0.255283	-0.294871	-0.334566	-0.388638	-0.455395	-0.507337	-0.532475	-0.531664	-0.50276	-0.449261	-0.382692	-0.303142	-0.206186	-0.104304	0.00208064	0.109709	0.20487	0.288013	0.372558	
-0.380456	-0.32324	-0.272951	-0.229213	-0.193962	-0.187353	-0.21264	-0.255778	-0.301824	-0.356814	-0.414972	-0.463218	-0.493829	-0.512463	-0.510001	-0.485843	-0.446912	-0.386908	-0.297614	-0.202673	-0.11383	-0.0154067	0.0906638	0.195516	0.303582	
-0.336715	-0.291549	-0.24553	-0.208344	-0.188003	-0.184844	-0.198015	-0.228952	-0.272702	-0.318773	-0.362637	-0.399998	-0.433721	-0.467789	-0.49427	-0.500404	-0.487188	-0.451424	-0.382811	-0.300659	-0.220085	-0.131592	-0.0209069	0.100189	0.224595	
-0.286112	-0.255828	-0.225225	-0.208445	-0.208041	-0.210223	-0.206458	-0.216204	-0.242058	-0.274684	-0.304912	-0.337359	-0.370592	-0.414158	-0.461424	-0.496727	-0.505729	-0.492765	-0.45667	-0.398923	-0.320838	-0.227356	-0.121883	-0.0039472	0.121379	
-0.236475	-0.22232	-0.216117	-0.222191	-0.235436	-0.239237	-0.227142	-0.216866	-0.218428	-0.229965	-0.250857	-0.280285	-0.315145	-0.360467	-0.418272	-0.472814	-0.503318	-0.508154	-0.497868	-0.471559	-0.406568	-0.309865	-0.206929	-0.106119	0.00510793	
-0.194037	-0.198087	-0.215781	-0.235149	-0.246699	-0.249114	-0.240078	-0.22453	-0.204191	-0.193697	-0.2014	-0.22813	-0.263504	-0.312579	-0.368884	-0.426291	-0.46974	-0.494485	-0.502057	-0.498861	-0.462926	-0.386396	-0.294764	-0.203664	-0.105648	
-0.173097	-0.192791	-0.222697	-0.241056	-0.242856	-0.242749	-0.242549	-0.232958	-0.205187	-0.178341	-0.173725	-0.192999	-0.227431	-0.276012	-0.326411	-0.370027	-0.413544	-0.458204	-0.490144	-0.505282	-0.49443	-0.452951	-0.385128	-0.302829	-0.206598	
-0.178654	-0.201549	-0.225952	-0.23489	-0.233293	-0.233224	-0.234889	-0.232083	-0.212207	-0.186156	-0.174461	-0.185711	-0.208597	-0.244155	-0.28031	-0.313007	-0.351076	-0.407776	-0.46389	-0.500871	-0.508096	-0.490206	-0.449686	-0.384637	-0.30046	
-0.20121	-0.212797	-0.216247	-0.216476	-0.221162	-0.224208	-0.217979	-0.216401	-0.214631	-0.206112	-0.197479	-0.19875	-0.202008	-0.209768	-0.227682	-0.259373	-0.304168	-0.361957	-0.423431	-0.475048	-0.500412	-0.501982	-0.483728	-0.445665	-0.385263	
-0.223409	-0.216893	-0.20061	-0.193292	-0.203396	-0.207551	-0.196061	-0.195256	-0.210342	-0.222716	-0.221986	-0.213837	-0.195542	-0.179829	-0.183016	-0.218322	-0.271075	-0.325155	-0.373484	-0.423685	-0.46575	-0.492636	-0.503396	-0.494156	-0.461464	
-0.230975	-0.218052	-0.196296	-0.183171	-0.183821	-0.186033	-0.181377	-0.189369	-0.209319	-0.227905	-0.232484	-0.220953	-0.192578	-0.168768	-0.168882	-0.198476	-0.241972	-0.282603	-0.318278	-0.362245	-0.412554	-0.462336	-0.502415	-0.523794	-0.512874	
-0.220333	-0.215007	-0.204376	-0.185914	-0.171589	-0.16917	-0.178676	-0.19744	-0.211862	-0.218618	-0.222108	-0.218717	-0.199395	-0.183061	-0.183028	-0.197736	-0.214469	-0.235298	-0.264852	-0.310123	-0.36396	-0.423467	-0.48303	-0.526592	-0.53693	
-0.200119	-0.2069	-0.20598	-0.190318	-0.173371	-0.171066	-0.182123	-0.201374	-0.208109	-0.20256	-0.201022	-0.209797	-0.212774	-0.211466	-0.208914	-0.20344	-0.194805	-0.197733	-0.223761	-0.271343	-0.326474	-0.387972	-0.452743	-0.506826	-0.529929	
-0.182436	-0.188935	-0.189121	-0.183607	-0.18486	-0.186328	-0.183198	-0.18654	-0.190196	-0.185262	-0.182435	-0.196301	-0.215794	-0.229533	-0.226126	-0.207279	-0.182906	-0.175302	-0.195403	-0.240739	-0.294949	-0.353996	-0.414596	-0.464433	-0.495028	
-0.174652	-0.174002	-0.171588	-0.1793	-0.198172	-0.204257	-0.18615	-0.172799	-0.172637	-0.17497	-0.177735	-0.192104	-0.21213	-0.228683	-0.228943	-0.211599	-0.186148	-0.171918	-0.182178	-0.218217	-0.26579	-0.31677	-0.363502	-0.402148	-0.435062	
-0.174002	-0.169677	-0.173034	-0.184368	-0.202622	-0.207721	-0.191939	-0.176461	-0.170137	-0.171099	-0.181383	-0.200586	-0.212861	-0.217472	-0.217455	-0.215469	-0.20632	-0.195391	-0.193494	-0.211036	-0.241681	-0.277629	-0.311189	-0.340829	-0.379099	
-0.171588	-0.173034	-0.181328	-0.185998	-0.189138	-0.191004	-0.187532	-0.184197	-0.176146	-0.169841	-0.179803	-0.201527	-0.207627	-0.199174	-0.196342	-0.209375	-0.223524	-0.225729	-0.218397	-0.214944	-0.219769	-0.2364	-0.261203	-0.293594	-0.339738	
-0.1793	-0.184368	-0.185998	-0.178463	-0.173475	-0.173453	-0.175756	-0.183572	-0.186063	-0.180789	-0.180311	-0.188941	-0.1888	-0.183288	-0.186766	-0.206655	-0.228681	-0.24071	-0.238911	-0.228145	-0.212755	-0.2061	-0.218579	-0.251543	-0.307825	
-0.198172	-0.202622	-0.189138	-0.173475	-0.170767	-0.171921	-0.170158	-0.181389	-0.198972	-0.202808	-0.190535	-0.177153	-0.170048	-0.177152	-0.195274	-0.215208	-0.228844	-0.239182	-0.24613	-0.242377	-0.219409	-0.193728	-0.187364	-0.214197	-0.275355	
-0.204257	-0.207721	-0.191004	-0.173453	-0.171921	-0.173389	-0.170397	-0.182098	-0.202913	-0.209261	-0.194203	-0.175969	-0.166947	-0.177542	-0.199347	-0.219411	-0.230029	-0.238636	-0.247473	-0.246128	-0.223217	-0.193017	-0.182142	-0.205898	-0.268492	
-0.18615	-0.191939	-0.187532	-0.175756	-0.170158	-0.170397	-0.172408	-0.182892	-0.191659	-0.189076	-0.183396	-0.182965	-0.180019	-0.179085	-0.188665	-0.209378	-0.228925	-0.240665	-0.242175	-0.233948	-0.214293	-0.19911	-0.203343	-0.234808	-0.293667	
-0.172799	-0.176461	-0.184197	-0.183572	-0.181389	-0.182098	-0.182892	-0.185258	-0.179744	-0.172153	-0.178664	-0.19756	-0.20136	-0.191999	-0.190108	-0.207102	-0.227184	-0.234561	-0.228555	-0.21948	-0.214823	-0.222118	-0.243883	-0.277348	-0.32775	
-0.172637	-0.170137	-0.176146	-0.186063	-0.198972	-0.202913	-0.191659	-0.179744	-0.171762	-0.169832	-0.181429	-0.202525	-0.212209	-0.210509	-0.208834	-0.213196	-0.213912	-0.208307	-0.203009	-0.211179	-0.230975	-0.260182	-0.29032	-0.320612	-0.361153	
-0.17497	-0.171099	-0.169841	-0.180789	-0.202808	-0.209261	-0.189076	-0.172153	-0.169832	-0.173645	-0.179748	-0.195371	-0.21257	-0.225726	-0.226512	-0.214072	-0.193557	-0.179091	-0.184615	-0.213836	-0.256414	-0.30167	-0.342583	-0.375948	-0.41097	
-0.177735	-0.181383	-0.179803	-0.180311	-0.190535	-0.194203	-0.183396	-0.178664	-0.181429	-0.179748	-0.178524	-0.192432	-0.213939	-0.230624	-0.228542	-0.20866	-0.181622	-0.170359	-0.186588	-0.230063	-0.282865	-0.339699	-0.394904	-0.440883	-0.472775	
-0.192104	-0.200586	-0.201527	-0.188941	-0.177153	-0.175969	-0.182965	-0.19756	-0.202525	-0.195371	-0.192432	-0.204415	-0.215765	-0.221001	-0.217937	-0.205693	-0.189311	-0.186416	-0.21097	-0.258462	-0.314153	-0.374718	-0.439311	-0.492909	-0.519363	
-0.21213	-0.212861	-0.207627	-0.1888	-0.170048	-0.166947	-0.180019	-0.20136	-0.212209	-0.21257	-0.213939	-0.215765	-0.204811	-0.194202	-0.193281	-0.199919	-0.205003	-0.218253	-0.246597	-0.293468	-0.347334	-0.408287	-0.471543	-0.521038	-0.537309	
-0.228683	-0.217472	-0.199174	-0.183288	-0.177152	-0.177542	-0.179085	-0.191999	-0.210509	-0.225726	-0.230624	-0.221001	-0.194202	-0.171752	-0.172092	-0.196209	-0.230675	-0.263706	-0.296908	-0.339974	-0.392067	-0.446928	-0.496673	-0.528096	-0.526319	
-0.228943	-0.217455	-0.196342	-0.186766	-0.195274	-0.199347	-0.188665	-0.190108	-0.208834	-0.226512	-0.228542	-0.217937	-0.193281	-0.172092	-0.172435	-0.207439	-0.259318	-0.309426	-0.351291	-0.39873	-0.445129	-0.482515	-0.505682	-0.508834	-0.485524	
-0.211599	-0.215469	-0.209375	-0.206655	-0.215208	-0.219411	-0.209378	-0.207102	-0.213196	-0.214072	-0.20866	-0.205693	-0.199919	-0.196209	-0.207439	-0.241027	-0.290667	-0.34692	-0.4044	-0.456936	-0.490009	-0.501082	-0.49367	-0.466779	-0.417136	
-0.186148	-0.20632	-0.223524	-0.228681	-0.228844	-0.230029	-0.228925	-0.227184	-0.213912	-0.193557	-0.181622	-0.189311	-0.205003	-0.230675	-0.259318	-0.290667	-0.329633	-0.387953	-0.449136	-0.493739	-0.507731	-0.497048	-0.466107	-0.411074	-0.335565	
-0.171918	-0.195391	-0.225729	-0.24071	-0.239182	-0.238636	-0.240665	-0.234561	-0.208307	-0.179091	-0.170359	-0.186416	-0.218253	-0.263706	-0.309426	-0.34692	-0.387953	-0.438891	-0.4821	-0.505541	-0.501941	-0.471501	-0.415261	-0.338971	-0.24544	
-0.182178	-0.193494	-0.218397	-0.238911	-0.24613	-0.247473	-0.242175	-0.228555	-0.203009	-0.184615	-0.186588	-0.21097	-0.246597	-0.296908	-0.351291	-0.4044	-0.449136	-0.4821	-0.498516	-0.50259	-0.478089	-0.415093	-0.332322	-0.243726	-0.146834	
-0.218217	-0.211036	-0.214944	-0.228145	-0.242377	-0.246128	-0.233948	-0.21948	-0.211179	-0.213836	-0.230063	-0.258462	-0.293468	-0.339974	-0.39873	-0.456936	-0.493739	-0.505541	-0.50259	-0.487427	-0.432971	-0.341268	-0.240856	-0.144776	-0.0396545	
-0.26579	-0.241681	-0.219769	-0.212755	-0.219409	-0.223217	-0.214293	-0.214823	-0.230975	-0.256414	-0.282865	-0.314153	-0.347334	-0.392067	-0.445129	-0.490009	-0.507731	-0.501941	-0.478089	-0.432971	-0.358145	-0.26118	-0.157176	-0.0454175	0.0750066	
-0.31677	-0.277629	-0.2364	-0.2061	-0.193728	-0.193017	-0.19911	-0.222118	-0.260182	-0.30167	-0.339699	-0.374718	-0.408287	-0.446928	-0.482515	-0.501082	-0.497048	-0.471501	-0.415093	-0.341268	-0.26118	-0.17247	-0.0633224	0.0590412	0.185862	
-0.363502	-0.311189	-0.261203	-0.218579	-0.187364	-0.182142	-0.203343	-0.243883	-0.29032	-0.342583	-0.394904	-0.439311	-0.471543	-0.496673	-0.505682	-0.49367	-0.466107	-0.415261	-0.332322	-0.240856	-0.157176	-0.0633224	0.0455412	0.158495	0.274579	
-0.402148	-0.340829	-0.293594	-0.251543	-0.214197	-0.205898	-0.234808	-0.277348	-0.320612	-0.375948	-0.440883	-0.492909	-0.521038	-0.528096	-0.508834	-0.466779	-0.411074	-0.338971	-0.243726	-0.144776	-0.0454175	0.0590412	0.158495	0.25052	0.345545	
-0.435062	-0.379099	-0.339738	-0.307825	-0.275355	-0.268492	-0.293667	-0.32775	-0.361153	-0.41097	-0.472775	-0.519363	-0.537309	-0.526319	-0.485524	-0.417136	-0.335565	-0.24544	-0.146834	-0.0396545	0.0750066	0.185862	0.274579	0.345545	0.412138	
