1.7053e-11	1.18479e-10	7.62798e-10	4.53977e-09	2.49124e-08	1.25728e-07	5.8207e-07	2.46577e-06	9.53561e-06	3.35942e-05	0.000107644	0.000313394	0.000828891	0.00199349	0.00436921	0.00875836	0.0161364	0.0274885	0.0435864	0.0647737	0.0908305	0.120952	0.153839	0.187861	0.221253	
1.18479e-10	7.91439e-10	4.89081e-09	2.78868e-08	1.46319e-07	7.04542e-07	3.10477e-06	1.24889e-05	4.57425e-05	0.000152228	0.000459567	0.0012575	0.00311923	0.00702423	0.0144029	0.027013	0.0466186	0.0745516	0.111315	0.15637	0.208173	0.264415	0.322382	0.37931	0.432671	
7.62798e-10	4.89081e-09	2.89545e-08	1.57836e-07	7.89953e-07	3.61939e-06	1.51371e-05	5.76226e-05	0.000199139	0.000623406	0.001765	0.00451629	0.0104503	0.0219131	0.0418032	0.0729671	0.117381	0.175461	0.245807	0.325431	0.410355	0.496317	0.579388	0.656359	0.724883	
4.53977e-09	2.78868e-08	1.57836e-07	8.20645e-07	3.90755e-06	1.69856e-05	6.71915e-05	0.000241143	0.000782974	0.00229466	0.00606044	0.014418	0.0309311	0.0600175	0.105874	0.171026	0.255217	0.355213	0.465553	0.579808	0.691847	0.796716	0.89103	0.972925	1.04173	
2.49124e-08	1.46319e-07	7.89953e-07	3.90755e-06	1.76502e-05	7.25499e-05	0.000270434	0.000911107	0.0027659	0.00754711	0.0184813	0.0406102	0.0802188	0.143053	0.231889	0.344843	0.475526	0.614861	0.753459	0.883531	0.999854	1.09983	1.18298	1.25015	1.3029	
1.25728e-07	7.04542e-07	3.61939e-06	1.69856e-05	7.25499e-05	0.000280959	0.000982724	0.00309306	0.00873071	0.0220425	0.0497033	0.100136	0.180785	0.294273	0.43594	0.594813	0.757362	0.911469	1.04877	1.16512	1.25981	1.33427	1.39094	1.43248	1.46157	
5.8207e-07	3.10477e-06	1.51371e-05	6.71915e-05	0.000270434	0.000982724	0.00321035	0.00938877	0.0244893	0.05681	0.117066	0.214568	0.351521	0.519477	0.701675	0.879916	1.04055	1.17641	1.28571	1.3699	1.4318	1.47447	1.50076	1.51353	1.51614	
2.46577e-06	1.24889e-05	5.76226e-05	0.000241143	0.000911107	0.00309306	0.00938877	0.0253618	0.0607159	0.128449	0.240006	0.397343	0.58777	0.788002	0.975494	1.13688	1.26789	1.36915	1.44299	1.49175	1.5177	1.52338	1.51196	1.48803	1.45685	
9.53561e-06	4.57425e-05	0.000199139	0.000782974	0.0027659	0.00873071	0.0244893	0.0607159	0.132463	0.25366	0.42684	0.63557	0.849862	1.04312	1.20382	1.33147	1.42738	1.49187	1.52507	1.52813	1.50434	1.45868	1.39796	1.32999	1.26079	
3.35942e-05	0.000152228	0.000623406	0.00229466	0.00754711	0.0220425	0.05681	0.128449	0.25366	0.437005	0.660031	0.886524	1.08536	1.24718	1.37523	1.46868	1.52266	1.53526	1.50859	1.44878	1.36424	1.26385	1.15716	1.05116	0.949972	
0.000107644	0.000459567	0.001765	0.00606044	0.0184813	0.0497033	0.117066	0.240006	0.42684	0.660031	0.898609	1.10549	1.27163	1.40359	1.49651	1.53807	1.52664	1.46899	1.37453	1.25438	1.11788	0.974321	0.831669	0.694087	0.566948	
0.000313394	0.0012575	0.00451629	0.014418	0.0406102	0.100136	0.214568	0.397343	0.63557	0.886524	1.10549	1.27957	1.41779	1.51233	1.5425	1.50885	1.42605	1.30373	1.1523	0.981251	0.799304	0.617125	0.441376	0.278433	0.135732	
0.000828891	0.00311923	0.0104503	0.0309311	0.0802188	0.180785	0.351521	0.58777	0.849862	1.08536	1.27163	1.41779	1.5174	1.54234	1.49315	1.39357	1.24963	1.0671	0.859975	0.638735	0.418097	0.208498	0.0166868	-0.150658	-0.291456	
0.00199349	0.00702423	0.0219131	0.0600175	0.143053	0.294273	0.519477	0.788002	1.04312	1.24718	1.40359	1.51233	1.54234	1.48711	1.37712	1.2162	1.00254	0.761363	0.507182	0.25517	0.0191583	-0.195263	-0.381601	-0.538594	-0.666393	
0.00436921	0.0144029	0.0418032	0.105874	0.231889	0.43594	0.701675	0.975494	1.20382	1.37523	1.49651	1.5425	1.49315	1.37712	1.20481	0.966335	0.697504	0.41997	0.139973	-0.121008	-0.358831	-0.562359	-0.730804	-0.86193	-0.958489	
0.00875836	0.027013	0.0729671	0.171026	0.344843	0.594813	0.879916	1.13688	1.33147	1.46868	1.53807	1.50885	1.39357	1.2162	0.966335	0.675758	0.379136	0.070099	-0.21873	-0.477009	-0.694755	-0.864777	-0.99153	-1.07493	-1.12663	
0.0161364	0.0466186	0.117381	0.255217	0.475526	0.757362	1.04055	1.26789	1.42738	1.52266	1.52664	1.42605	1.24963	1.00254	0.697504	0.379136	0.0458556	-0.271591	-0.543113	-0.775549	-0.945521	-1.06914	-1.13818	-1.17134	-1.17117	
0.0274885	0.0745516	0.175461	0.355213	0.614861	0.911469	1.17641	1.36915	1.49187	1.53526	1.46899	1.30373	1.0671	0.761363	0.41997	0.070099	-0.271591	-0.562401	-0.812129	-0.994558	-1.11338	-1.17195	-1.17774	-1.14631	-1.09306	
0.0435864	0.111315	0.245807	0.465553	0.753459	1.04877	1.28571	1.44299	1.52507	1.50859	1.37453	1.1523	0.859975	0.507182	0.139973	-0.21873	-0.543113	-0.812129	-1.01374	-1.12999	-1.182	-1.16294	-1.10744	-1.01779	-0.930897	
0.0647737	0.15637	0.325431	0.579808	0.883531	1.16512	1.3699	1.49175	1.52813	1.44878	1.25438	0.981251	0.638735	0.25517	-0.121008	-0.477009	-0.775549	-0.994558	-1.12999	-1.18154	-1.15706	-1.07633	-0.96133	-0.838859	-0.727002	
0.0908305	0.208173	0.410355	0.691847	0.999854	1.25981	1.4318	1.5177	1.50434	1.36424	1.11788	0.799304	0.418097	0.0191583	-0.358831	-0.694755	-0.945521	-1.11338	-1.182	-1.15706	-1.06342	-0.924194	-0.776346	-0.646906	-0.555913	
0.120952	0.264415	0.496317	0.796716	1.09983	1.33427	1.47447	1.52338	1.45868	1.26385	0.974321	0.617125	0.208498	-0.195263	-0.562359	-0.864777	-1.06914	-1.17195	-1.16294	-1.07633	-0.924194	-0.759507	-0.609371	-0.511148	-0.457393	
0.153839	0.322382	0.579388	0.89103	1.18298	1.39094	1.50076	1.51196	1.39796	1.15716	0.831669	0.441376	0.0166868	-0.381601	-0.730804	-0.99153	-1.13818	-1.17774	-1.10744	-0.96133	-0.776346	-0.609371	-0.492325	-0.447205	-0.443946	
0.187861	0.37931	0.656359	0.972925	1.25015	1.43248	1.51353	1.48803	1.32999	1.05116	0.694087	0.278433	-0.150658	-0.538594	-0.86193	-1.07493	-1.17134	-1.14631	-1.01779	-0.838859	-0.646906	-0.511148	-0.447205	-0.447963	-0.455934	
0.221253	0.432671	0.724883	1.04173	1.3029	1.46157	1.51614	1.45685	1.26079	0.949972	0.566948	0.135732	-0.291456	-0.666393	-0.958489	-1.12663	-1.17117	-1.09306	-0.930897	-0.727002	-0.555913	-0.457393	-0.443946	-0.455934	-0.447462	
0.252287	0.480332	0.783419	1.09759	1.34311	1.48093	1.51204	1.42292	1.19487	0.858388	0.456388	0.015925	-0.40771	-0.766401	-1.02576	-1.15455	-1.15393	-1.03244	-0.843316	-0.642871	-0.499495	-0.440248	-0.447073	-0.438765	-0.394394	
0.279403	0.52062	0.831083	1.14115	1.37271	1.49306	1.5043	1.39015	1.13666	0.780863	0.364804	-0.0820412	-0.499229	-0.839038	-1.0709	-1.16519	-1.1259	-0.979244	-0.773988	-0.58068	-0.464469	-0.428923	-0.436999	-0.413978	-0.366936	
0.301299	0.552307	0.867469	1.17325	1.39345	1.50012	1.49563	1.36201	1.08956	0.719486	0.293241	-0.155938	-0.565163	-0.890891	-1.10069	-1.16603	-1.1002	-0.930164	-0.720767	-0.543487	-0.442236	-0.425511	-0.423578	-0.401137	-0.359166	
0.316972	0.574553	0.892455	1.19472	1.40676	1.50384	1.48825	1.34106	1.0557	0.67624	0.243902	-0.206198	-0.610179	-0.924379	-1.11674	-1.16371	-1.07887	-0.897112	-0.686029	-0.515499	-0.432543	-0.421278	-0.426315	-0.397014	-0.353297	
0.325734	0.586837	0.906059	1.20621	1.41369	1.50547	1.48372	1.32906	1.0368	0.652462	0.216856	-0.233745	-0.634257	-0.941858	-1.12506	-1.15988	-1.06444	-0.880178	-0.669625	-0.502482	-0.426707	-0.419358	-0.419226	-0.387074	-0.344085	
0.327209	0.588894	0.908324	1.20811	1.41482	1.50571	1.48291	1.32702	1.0337	0.648516	0.212138	-0.238394	-0.637755	-0.944563	-1.12648	-1.15932	-1.06437	-0.876528	-0.663533	-0.502482	-0.425414	-0.421777	-0.416941	-0.383916	-0.342138	
0.321337	0.580684	0.89926	1.20049	1.41026	1.50468	1.48598	1.33506	1.04636	0.664625	0.230658	-0.220221	-0.623261	-0.933346	-1.11939	-1.16215	-1.07344	-0.887144	-0.6765	-0.509449	-0.429392	-0.421425	-0.42481	-0.393552	-0.35046	
0.308365	0.562377	0.878834	1.18308	1.3996	1.5019	1.49234	1.35258	1.07445	0.700244	0.270943	-0.179019	-0.586031	-0.907054	-1.10843	-1.16362	-1.09037	-0.917258	-0.706177	-0.529805	-0.436284	-0.422724	-0.422666	-0.399303	-0.357357	
0.288857	0.534387	0.847006	1.15532	1.38198	1.49636	1.50072	1.37809	1.11647	0.75464	0.333888	-0.11475	-0.529042	-0.86267	-1.08429	-1.16567	-1.11542	-0.957807	-0.749532	-0.564319	-0.455215	-0.428102	-0.430502	-0.406824	-0.363345	
0.26369	0.497418	0.803827	1.11645	1.35611	1.48649	1.50916	1.4094	1.17054	0.825897	0.417661	-0.0263424	-0.44777	-0.798243	-1.04658	-1.16142	-1.14188	-1.00875	-0.814252	-0.615704	-0.483747	-0.436226	-0.443905	-0.428845	-0.37716	
0.234051	0.452534	0.749568	1.0656	1.32036	1.47028	1.51509	1.44339	1.23384	0.912031	0.520717	0.0852197	-0.341188	-0.710285	-0.988318	-1.14014	-1.16722	-1.06941	-0.893324	-0.687828	-0.529615	-0.447567	-0.446876	-0.452559	-0.428929	
0.201403	0.401226	0.684901	1.00203	1.27285	1.44538	1.51555	1.47623	1.30236	1.00995	0.641444	0.218339	-0.209939	-0.592404	-0.904572	-1.10013	-1.1746	-1.12578	-0.983071	-0.792866	-0.605638	-0.484631	-0.442112	-0.453786	-0.457024	
0.16742	0.345443	0.611078	0.925349	1.21166	1.40914	1.50724	1.50368	1.37149	1.11451	0.775633	0.374027	-0.0537043	-0.448129	-0.787143	-1.02879	-1.15581	-1.17032	-1.0739	-0.910561	-0.720806	-0.562686	-0.46647	-0.442506	-0.448746	
0.133872	0.287568	0.530111	0.83586	1.13507	1.35885	1.4867	1.52068	1.43603	1.22167	0.91662	0.545258	0.12929	-0.272794	-0.634179	-0.921686	-1.10252	-1.17823	-1.14465	-1.03437	-0.86508	-0.69592	-0.554308	-0.477166	-0.444008	
0.102466	0.230301	0.444869	0.734899	1.04187	1.29184	1.45092	1.52226	1.48853	1.32564	1.06079	0.725765	0.332098	-0.069789	-0.444121	-0.767679	-1.00096	-1.14514	-1.18142	-1.12891	-1.01108	-0.857145	-0.705185	-0.583814	-0.505522	
0.0746563	0.176415	0.359026	0.625218	0.931907	1.20551	1.3971	1.50476	1.52175	1.41753	1.20103	0.908986	0.549929	0.158714	-0.219844	-0.570519	-0.850523	-1.04784	-1.1587	-1.18108	-1.12732	-1.02128	-0.888601	-0.760523	-0.651541	
0.0514605	0.128426	0.276776	0.511167	0.806862	1.09789	1.32221	1.46541	1.52992	1.48833	1.32886	1.08536	0.772103	0.405455	0.0334981	-0.325688	-0.642587	-0.894939	-1.06925	-1.1593	-1.1818	-1.13637	-1.05618	-0.950158	-0.849921	
0.033337	0.0882214	0.202291	0.398487	0.670877	0.968685	1.22324	1.40188	1.50904	1.52913	1.43486	1.24589	0.98651	0.660381	0.30684	-0.0493885	-0.384832	-0.666892	-0.902624	-1.05966	-1.1535	-1.1804	-1.16089	-1.1053	-1.03541	
0.0201574	0.0567585	0.139038	0.29362	0.530778	0.820545	1.098	1.31186	1.45715	1.53283	1.50845	1.38089	1.18043	0.908575	0.587676	0.255615	-0.086677	-0.394693	-0.656997	-0.872247	-1.02319	-1.12324	-1.16712	-1.17555	-1.15386	
0.011299	0.0339396	0.0891045	0.202573	0.39549	0.660117	0.946753	1.19292	1.37375	1.49548	1.53962	1.48061	1.34084	1.13587	0.86059	0.558396	0.24737	-0.0701695	-0.355064	-0.605595	-0.805886	-0.95894	-1.06313	-1.12847	-1.15764	
0.00583444	0.0187253	0.0527981	0.129601	0.274486	0.498178	0.774293	1.04352	1.25882	1.41723	1.51976	1.53574	1.45846	1.31942	1.11606	0.851887	0.570523	0.280787	-0.0045236	-0.267437	-0.500776	-0.693882	-0.847402	-0.96201	-1.04322	
0.00276028	0.00947073	0.0287041	0.0761857	0.175507	0.348094	0.591678	0.865437	1.1115	1.30255	1.44629	1.53237	1.52996	1.44887	1.31614	1.12462	0.884758	0.62567	0.359808	0.103216	-0.135562	-0.347616	-0.529119	-0.676909	-0.794484	
0.00119145	0.00436832	0.0142263	0.0408256	0.102364	0.222381	0.415803	0.668008	0.930637	1.15462	1.32873	1.46195	1.53663	1.52883	1.45344	1.33047	1.15992	0.952392	0.7234	0.487217	0.257533	0.0436783	-0.147834	-0.313296	-0.450843	
0.000467869	0.00183072	0.00639752	0.0198221	0.0540314	0.128534	0.264893	0.470685	0.722259	0.970413	1.17681	1.33926	1.46438	1.53471	1.53349	1.47124	1.36305	1.21742	1.04406	0.852271	0.653005	0.456842	0.272845	0.106264	-0.0396306	
0.000166895	0.000695624	0.00260277	0.00868586	0.0256722	0.0667116	0.151325	0.297867	0.507538	0.752226	0.98642	1.1804	1.33458	1.45367	1.52574	1.53924	1.4978	1.41212	1.29395	1.15348	0.999044	0.83883	0.681328	0.533786	0.40019	
