0.351165	0.336818	0.328207	0.319708	0.317431	0.315451	0.319011	0.32398	0.333039	0.34508	0.359492	0.37838	0.398173	0.423315	0.448528	0.478972	0.509368	0.543645	0.578397	0.614418	0.651259	0.687101	0.721605	0.755188	0.78448	
0.567768	0.556589	0.54795	0.54162	0.538836	0.537626	0.540645	0.54484	0.553253	0.56299	0.576145	0.591263	0.6084	0.628135	0.648732	0.67131	0.695165	0.718242	0.744069	0.766563	0.790061	0.811811	0.828433	0.84454	0.85467	
0.742167	0.732921	0.727514	0.722215	0.720454	0.719466	0.721407	0.725072	0.730214	0.738588	0.746319	0.758535	0.768693	0.782446	0.795173	0.807518	0.821395	0.831121	0.841292	0.849205	0.850759	0.854123	0.848941	0.840134	0.831414	
0.839227	0.834542	0.832967	0.830845	0.829354	0.830388	0.829195	0.833169	0.83268	0.838299	0.839349	0.84427	0.847605	0.849626	0.85408	0.853154	0.854224	0.852052	0.844857	0.839399	0.824822	0.807674	0.789355	0.758191	0.731077	
0.845911	0.849307	0.849693	0.852036	0.850957	0.852751	0.850861	0.851297	0.849591	0.847108	0.846017	0.839556	0.837573	0.827905	0.82114	0.810205	0.795199	0.782116	0.760597	0.739384	0.716353	0.683767	0.656477	0.620777	0.581889	
0.763105	0.771796	0.774774	0.778216	0.780391	0.779143	0.780381	0.774781	0.774552	0.765097	0.76187	0.749796	0.740945	0.727598	0.711126	0.695519	0.672834	0.650261	0.625368	0.592341	0.564976	0.526988	0.49137	0.457029	0.418264	
0.619599	0.630868	0.635208	0.640808	0.643224	0.642545	0.643005	0.636756	0.634005	0.623668	0.615887	0.602898	0.588949	0.573301	0.554315	0.533679	0.512784	0.484853	0.462917	0.430379	0.402815	0.372031	0.337039	0.3082	0.277282	
0.461492	0.469815	0.476183	0.481669	0.483076	0.484639	0.481786	0.479245	0.47189	0.46576	0.453466	0.443876	0.427263	0.413067	0.394117	0.373937	0.353881	0.329339	0.306135	0.28245	0.254109	0.233545	0.205452	0.185338	0.166591	
0.309248	0.313451	0.321523	0.324093	0.32653	0.327687	0.324438	0.323862	0.315513	0.31248	0.300298	0.293635	0.279399	0.268106	0.252932	0.237685	0.220683	0.204129	0.183832	0.16761	0.14591	0.129074	0.111	0.0961751	0.0875518	
0.184086	0.189263	0.194463	0.197161	0.199119	0.199506	0.198016	0.195988	0.191389	0.186662	0.179613	0.17206	0.163155	0.153182	0.142739	0.131259	0.119601	0.107586	0.0951606	0.0837401	0.0706931	0.0612148	0.0496228	0.0431935	0.0418178	
0.0984835	0.100756	0.105073	0.106447	0.107784	0.108339	0.106609	0.106261	0.101695	0.100193	0.0934774	0.0902223	0.0825772	0.0768303	0.0692964	0.061433	0.0533479	0.0460656	0.0354132	0.0312521	0.0198172	0.0163764	0.0122955	0.00929314	0.0180836	
0.039549	0.0406471	0.0437741	0.0442635	0.0452476	0.0458047	0.0443581	0.0446081	0.0416334	0.0404366	0.0374176	0.0338148	0.0314789	0.0261805	0.0231443	0.0189238	0.0128031	0.0112737	0.00327889	0.000835916	-0.003088	-0.0096013	-0.00707594	-0.00760409	0.00266136	
0.00445405	0.00687586	0.00812494	0.00816512	0.0100671	0.00816249	0.0102537	0.00672998	0.00876253	0.00404832	0.00549008	0.000683834	0.000388228	-0.00294912	-0.00576284	-0.00729459	-0.0111149	-0.0129573	-0.0145295	-0.0183102	-0.0169893	-0.0194456	-0.0162624	-0.0109753	0.00299173	
-0.0124723	-0.0112897	-0.0107051	-0.0107278	-0.00966377	-0.010749	-0.00957853	-0.0112984	-0.0104556	-0.0124137	-0.0121459	-0.0141754	-0.0144297	-0.0166369	-0.0171937	-0.0196596	-0.02053	-0.0229593	-0.0240893	-0.0263725	-0.0259029	-0.0276313	-0.0215684	-0.0151682	0.00339042	
-0.0241887	-0.0221481	-0.022965	-0.0220841	-0.0220717	-0.0224633	-0.0216144	-0.0232703	-0.021631	-0.0243268	-0.022257	-0.0252101	-0.0236804	-0.0255441	-0.0256567	-0.0257133	-0.0270036	-0.0269436	-0.0265895	-0.0290186	-0.0253933	-0.0271942	-0.0217283	-0.011622	0.00589083	
-0.027014	-0.0255054	-0.0258381	-0.0258056	-0.0248434	-0.0263447	-0.0243867	-0.0268542	-0.0246861	-0.0271859	-0.0258183	-0.0274107	-0.0274916	-0.0280454	-0.028892	-0.0297956	-0.0293164	-0.0322537	-0.029277	-0.0328399	-0.0289457	-0.0277881	-0.0214926	-0.00869511	0.0147306	
-0.0292842	-0.0273285	-0.0291545	-0.0275646	-0.0286191	-0.0281026	-0.0280959	-0.028572	-0.0278589	-0.0287952	-0.0279355	-0.0288535	-0.02812	-0.0290581	-0.0281725	-0.0296789	-0.0282349	-0.0305031	-0.0288138	-0.0305428	-0.0290103	-0.0266224	-0.0215602	-0.00653972	0.0175599	
-0.0299911	-0.0294419	-0.0299037	-0.0291107	-0.0297444	-0.0291224	-0.0296711	-0.029317	-0.0298513	-0.0295642	-0.0303094	-0.0298692	-0.0308448	-0.0303587	-0.0310992	-0.031083	-0.0308222	-0.0316432	-0.0300869	-0.0306777	-0.0281728	-0.0245854	-0.0178867	-0.00164952	0.0262799	
-0.0290424	-0.0276895	-0.0289232	-0.0278053	-0.02854	-0.0281786	-0.0281811	-0.0285061	-0.0280728	-0.0286518	-0.0282919	-0.0287431	-0.0286745	-0.0292242	-0.0288824	-0.0304967	-0.028941	-0.031911	-0.0295679	-0.0311256	-0.0294679	-0.024161	-0.0179969	0.00152144	0.0324283	
-0.0295793	-0.0300336	-0.0303419	-0.029351	-0.0307539	-0.0290297	-0.0309738	-0.0288833	-0.0311789	-0.028838	-0.0312461	-0.0290868	-0.0308296	-0.0297699	-0.0299574	-0.0303496	-0.0295118	-0.0297599	-0.0300088	-0.0276578	-0.028454	-0.0219086	-0.0146671	0.00413693	0.0381525	
-0.0286633	-0.0284294	-0.0286185	-0.0279655	-0.0286933	-0.0277813	-0.0287602	-0.0279205	-0.0287977	-0.02836	-0.0289014	-0.0289983	-0.0292528	-0.0297054	-0.0299065	-0.0304756	-0.0305027	-0.0311531	-0.0303835	-0.0299814	-0.0277175	-0.0214113	-0.0124761	0.00980614	0.0458515	
-0.0283424	-0.0293186	-0.029125	-0.0288312	-0.029562	-0.0285487	-0.0298185	-0.0282697	-0.0300766	-0.0279468	-0.0302115	-0.0278913	-0.0298069	-0.0285131	-0.0288206	-0.0294586	-0.0284359	-0.0292713	-0.0297506	-0.0269496	-0.0287589	-0.0202088	-0.011569	0.0102786	0.0508448	
-0.0286943	-0.0293456	-0.0289349	-0.0284205	-0.0294419	-0.0277847	-0.0298537	-0.0277069	-0.0299676	-0.028279	-0.0297824	-0.0292996	-0.0296453	-0.0301362	-0.0301106	-0.0301287	-0.0310173	-0.0293924	-0.0306346	-0.0276427	-0.0258466	-0.0189061	-0.00740494	0.0165175	0.0566358	
-0.027407	-0.0285975	-0.0278355	-0.0282862	-0.0281727	-0.0280435	-0.0284378	-0.0277812	-0.0287394	-0.0274677	-0.029057	-0.0273265	-0.0291279	-0.027797	-0.0287886	-0.0288874	-0.0287414	-0.0293881	-0.0298333	-0.0274022	-0.0280856	-0.0188929	-0.00790266	0.0168849	0.0627131	
-0.0286826	-0.0296652	-0.0290755	-0.0287346	-0.0296995	-0.0280063	-0.0301992	-0.0277846	-0.0303207	-0.0282273	-0.0299582	-0.0291937	-0.0294139	-0.0299701	-0.0294542	-0.0295965	-0.0303242	-0.0280902	-0.0301679	-0.0258825	-0.0247505	-0.0170978	-0.00392988	0.0215602	0.0654279	
-0.0271244	-0.0284244	-0.0273149	-0.0280414	-0.0276662	-0.0277072	-0.0280079	-0.027487	-0.0283448	-0.0273723	-0.0287286	-0.0274261	-0.0291026	-0.027858	-0.029352	-0.0287239	-0.0296734	-0.0292487	-0.0301278	-0.0274185	-0.0267481	-0.0175435	-0.00411909	0.022707	0.071905	
-0.0284244	-0.0293277	-0.0287292	-0.0286862	-0.0292242	-0.0281045	-0.0296313	-0.0278482	-0.0297131	-0.0280888	-0.0293434	-0.0287657	-0.0287568	-0.0293405	-0.0286583	-0.0290048	-0.0294363	-0.0276592	-0.0295423	-0.0254305	-0.0243349	-0.0161059	-0.00190975	0.0253329	0.0725013	
-0.0273149	-0.0287292	-0.0274901	-0.0281451	-0.0279511	-0.0276558	-0.028408	-0.0274357	-0.0287804	-0.0275117	-0.0291041	-0.0278434	-0.0294321	-0.0283536	-0.0298183	-0.0288396	-0.0303149	-0.0287743	-0.0302812	-0.0267042	-0.0254065	-0.0162901	-0.00110849	0.0266415	0.077563	
-0.0280414	-0.0286862	-0.0281451	-0.0283603	-0.0284403	-0.0279824	-0.0286985	-0.0277753	-0.0287213	-0.0278835	-0.0284458	-0.0282715	-0.0281012	-0.0286205	-0.0282097	-0.0285016	-0.0290012	-0.0278223	-0.0292191	-0.0258977	-0.0243792	-0.0157534	-0.000987208	0.0278153	0.0773819	
-0.0276662	-0.0292242	-0.0279511	-0.0284403	-0.0285509	-0.0277949	-0.0291259	-0.0275279	-0.0295292	-0.0277181	-0.0297183	-0.0282986	-0.0297677	-0.0289491	-0.0299472	-0.0290819	-0.0304587	-0.0282243	-0.0302266	-0.0257482	-0.0244418	-0.0154767	0.00057693	0.0283388	0.0796097	
-0.0277072	-0.0281045	-0.0276558	-0.0279824	-0.0277949	-0.0277697	-0.0279251	-0.0276389	-0.0279068	-0.0276759	-0.027771	-0.0278388	-0.0277538	-0.0280144	-0.0281585	-0.0281682	-0.0289791	-0.0282186	-0.0292435	-0.0266272	-0.0248287	-0.0158522	-0.00107204	0.0285702	0.0793913	
-0.0280079	-0.0296313	-0.028408	-0.0286985	-0.0291259	-0.0279251	-0.0297906	-0.0276096	-0.0301886	-0.0278951	-0.0301956	-0.0287113	-0.0299121	-0.0295221	-0.029845	-0.0293759	-0.0303932	-0.0278448	-0.0301463	-0.0250943	-0.0239594	-0.0153125	0.000787782	0.0280182	0.0782977	
-0.027487	-0.0278482	-0.0274357	-0.0277753	-0.0275279	-0.0276389	-0.0276096	-0.027534	-0.027621	-0.0274778	-0.0276504	-0.0274557	-0.0278602	-0.027572	-0.0283365	-0.0280499	-0.0290318	-0.0286222	-0.0294404	-0.0271459	-0.0256708	-0.0163373	-0.0021825	0.0271386	0.0780186	
-0.0283448	-0.0297131	-0.0287804	-0.0287213	-0.0295292	-0.0279068	-0.0301886	-0.027621	-0.0304924	-0.0280527	-0.0302952	-0.0290898	-0.0297995	-0.0300016	-0.0297119	-0.0296514	-0.0304292	-0.0278101	-0.0301941	-0.0251058	-0.0240115	-0.0157914	-0.000503285	0.0260607	0.0740616	
-0.0273723	-0.0280888	-0.0275117	-0.0278835	-0.0277181	-0.0276759	-0.0278951	-0.0274778	-0.0280527	-0.0272715	-0.028238	-0.027153	-0.0284224	-0.0274241	-0.0285618	-0.0282655	-0.0289418	-0.0289401	-0.0296779	-0.0272474	-0.0267243	-0.0172285	-0.00417395	0.023462	0.0729941	
-0.0287286	-0.0293434	-0.0291041	-0.0284458	-0.0297183	-0.027771	-0.0301956	-0.0276504	-0.0302952	-0.028238	-0.0299568	-0.0293356	-0.0295178	-0.0301627	-0.0296838	-0.0297721	-0.0305601	-0.0282343	-0.0302965	-0.0259032	-0.0247519	-0.0167849	-0.00335291	0.0226026	0.0674605	
-0.0274261	-0.0287657	-0.0278434	-0.0282715	-0.0282986	-0.0278388	-0.0287113	-0.0274557	-0.0290898	-0.027153	-0.0293356	-0.0271817	-0.0292121	-0.0278715	-0.0287666	-0.028971	-0.0288673	-0.0292208	-0.0299727	-0.0271286	-0.0275746	-0.0185525	-0.00674543	0.0181961	0.0644268	
-0.0291026	-0.0287568	-0.0294321	-0.0281012	-0.0297677	-0.0277538	-0.0299121	-0.0278602	-0.0297995	-0.0284224	-0.0295178	-0.0292121	-0.029379	-0.0297518	-0.0297313	-0.0296813	-0.0303734	-0.0290859	-0.0301809	-0.027179	-0.0262983	-0.0181958	-0.00761011	0.0173331	0.0588607	
-0.027858	-0.0293405	-0.0283536	-0.0286205	-0.0289491	-0.0280144	-0.0295221	-0.027572	-0.0300016	-0.0274241	-0.0301627	-0.0278715	-0.0297518	-0.0290046	-0.0290827	-0.0300582	-0.029262	-0.0297428	-0.0303483	-0.0275774	-0.0278889	-0.0202846	-0.009808	0.0125295	0.0532095	
-0.029352	-0.0286583	-0.0298183	-0.0282097	-0.0299472	-0.0281585	-0.029845	-0.0283365	-0.0297119	-0.0285618	-0.0296838	-0.0287666	-0.0297313	-0.0290827	-0.0296659	-0.0296744	-0.0295138	-0.0300062	-0.0297161	-0.0281777	-0.0281976	-0.0201	-0.0124528	0.0100141	0.0480034	
-0.0287239	-0.0290048	-0.0288396	-0.0285016	-0.0290819	-0.0281682	-0.0293759	-0.0280499	-0.0296514	-0.0282655	-0.0297721	-0.028971	-0.0296813	-0.0300582	-0.0296744	-0.0309326	-0.0301609	-0.0309572	-0.0305492	-0.0295168	-0.0280411	-0.0223645	-0.0137234	0.00703232	0.0411041	
-0.0296734	-0.0294363	-0.0303149	-0.0290012	-0.0304587	-0.0289791	-0.0303932	-0.0290318	-0.0304292	-0.0289418	-0.0305601	-0.0288673	-0.0303734	-0.029262	-0.0295138	-0.0301609	-0.0286743	-0.0304037	-0.0292585	-0.0285263	-0.0290791	-0.0226498	-0.0165286	0.0017358	0.0345319	
-0.0292487	-0.0276592	-0.0287743	-0.0278223	-0.0282243	-0.0282186	-0.0278448	-0.0286222	-0.0278101	-0.0289401	-0.0282343	-0.0292208	-0.0290859	-0.0297428	-0.0300062	-0.0309572	-0.0304037	-0.0326606	-0.030186	-0.0323788	-0.0290072	-0.0248718	-0.0185268	0.000520165	0.0293228	
-0.0301278	-0.0295423	-0.0302812	-0.0292191	-0.0302266	-0.0292435	-0.0301463	-0.0294404	-0.0301941	-0.0296779	-0.0302965	-0.0299727	-0.0301809	-0.0303483	-0.0297161	-0.0305492	-0.0292585	-0.030186	-0.0291144	-0.0292411	-0.0278872	-0.0254819	-0.0192167	-0.00513358	0.0201179	
-0.0274185	-0.0254305	-0.0267042	-0.0258977	-0.0257482	-0.0266272	-0.0250943	-0.0271459	-0.0251058	-0.0272474	-0.0259032	-0.0271286	-0.027179	-0.0275774	-0.0281777	-0.0295168	-0.0285263	-0.0323788	-0.0292411	-0.0330873	-0.0302094	-0.0277912	-0.0225893	-0.00802505	0.0167995	
-0.0267481	-0.0243349	-0.0254065	-0.0243792	-0.0244418	-0.0248287	-0.0239594	-0.0256708	-0.0240115	-0.0267243	-0.0247519	-0.0275746	-0.0262983	-0.0278889	-0.0281976	-0.0280411	-0.0290791	-0.0290072	-0.0278872	-0.0302094	-0.0257728	-0.0269945	-0.0208467	-0.00990299	0.00891282	
-0.0175435	-0.0161059	-0.0162901	-0.0157534	-0.0154767	-0.0158522	-0.0153125	-0.0163373	-0.0157914	-0.0172285	-0.0167849	-0.0185525	-0.0181958	-0.0202846	-0.0201	-0.0223645	-0.0226498	-0.0248718	-0.0254819	-0.0277912	-0.0269945	-0.0283235	-0.0227503	-0.0147564	0.00390545	
-0.00411909	-0.00190975	-0.00110849	-0.000987208	0.00057693	-0.00107204	0.000787782	-0.0021825	-0.000503285	-0.00417395	-0.00335291	-0.00674543	-0.00761011	-0.009808	-0.0124528	-0.0137234	-0.0165286	-0.0185268	-0.0192167	-0.0225893	-0.0208467	-0.0227503	-0.0183209	-0.0124607	0.00347627	
0.022707	0.0253329	0.0266415	0.0278153	0.0283388	0.0285702	0.0280182	0.0271386	0.0260607	0.023462	0.0226026	0.0181961	0.0173331	0.0125295	0.0100141	0.00703232	0.0017358	0.000520165	-0.00513358	-0.00802505	-0.00990299	-0.0147564	-0.0124607	-0.00986265	0.00124502	
0.071905	0.0725013	0.077563	0.0773819	0.0796097	0.0793913	0.0782977	0.0780186	0.0740616	0.0729941	0.0674605	0.0644268	0.0588607	0.0532095	0.0480034	0.0411041	0.0345319	0.0293228	0.0201179	0.0167995	0.00891282	0.00390545	0.00347627	0.00124502	0.0104227	
