0.363008	0.380334	0.353891	0.281527	0.168422	0.0262982	-0.131649	-0.28854	-0.427921	-0.559207	-0.678308	-0.788358	-0.887401	-0.961996	-0.986936	-0.97383	-0.906312	-0.781568	-0.6388	-0.479887	-0.298533	-0.0973688	0.127064	0.349159	0.57228	
0.380334	0.454538	0.479762	0.449919	0.362817	0.234314	0.0806342	-0.0735876	-0.228122	-0.384888	-0.524769	-0.65295	-0.771608	-0.864333	-0.920225	-0.931869	-0.89293	-0.803574	-0.684905	-0.547187	-0.388509	-0.205958	0.00325056	0.223042	0.457192	
0.353891	0.479762	0.556777	0.575063	0.527684	0.422945	0.286783	0.135733	-0.0296051	-0.197404	-0.351246	-0.49313	-0.626763	-0.732252	-0.804223	-0.832576	-0.820044	-0.764431	-0.676773	-0.569647	-0.442562	-0.283868	-0.101111	0.108181	0.34554	
0.281527	0.449919	0.575063	0.641907	0.639983	0.562869	0.44168	0.299542	0.142826	-0.0251254	-0.188976	-0.33585	-0.469141	-0.58374	-0.660956	-0.697266	-0.702301	-0.674044	-0.620027	-0.548968	-0.455147	-0.326706	-0.175296	0.0136608	0.240336	
0.168422	0.362817	0.527684	0.639983	0.674628	0.62543	0.520233	0.39561	0.255477	0.101429	-0.0568637	-0.201979	-0.332644	-0.443257	-0.512564	-0.548508	-0.558339	-0.550027	-0.53449	-0.501882	-0.43582	-0.340772	-0.214823	-0.0529646	0.147862	
0.0262982	0.234314	0.422945	0.562869	0.62543	0.601822	0.521056	0.417017	0.294824	0.157888	0.012897	-0.121557	-0.234981	-0.328146	-0.384848	-0.413711	-0.420052	-0.423412	-0.433141	-0.430311	-0.388703	-0.323963	-0.225719	-0.0934412	0.0822213	
-0.131649	0.0806342	0.286783	0.44168	0.520233	0.521056	0.458477	0.3707	0.268262	0.1515	0.0243451	-0.0940337	-0.191953	-0.258657	-0.296716	-0.304493	-0.299597	-0.302132	-0.317466	-0.328198	-0.312889	-0.268243	-0.199483	-0.0946805	0.0576111	
-0.28854	-0.0735876	0.135733	0.299542	0.39561	0.417017	0.3707	0.29195	0.201148	0.0967714	-0.0106913	-0.111438	-0.182164	-0.214252	-0.223717	-0.215795	-0.193734	-0.18025	-0.183168	-0.196232	-0.194977	-0.17255	-0.126489	-0.0384474	0.0952733	
-0.427921	-0.228122	-0.0296051	0.142826	0.255477	0.294824	0.268262	0.201148	0.116499	0.018504	-0.0732242	-0.148281	-0.188984	-0.183669	-0.16208	-0.135821	-0.0931347	-0.0574192	-0.0370339	-0.0390851	-0.0472965	-0.0372469	-0.00122732	0.0719686	0.187328	
-0.559207	-0.384888	-0.197404	-0.0251254	0.101429	0.157888	0.1515	0.0967714	0.018504	-0.0650738	-0.14798	-0.202811	-0.207984	-0.167756	-0.113564	-0.0520059	0.0216737	0.0884437	0.13183	0.136891	0.120807	0.119253	0.147858	0.210044	0.308693	
-0.678308	-0.524769	-0.351246	-0.188976	-0.0568637	0.012897	0.0243451	-0.0106913	-0.0732242	-0.14798	-0.215106	-0.243857	-0.219301	-0.152498	-0.0571613	0.0496601	0.159091	0.258339	0.320126	0.329566	0.311955	0.300556	0.314676	0.357199	0.429961	
-0.788358	-0.65295	-0.49313	-0.33585	-0.201979	-0.121557	-0.0940337	-0.111438	-0.148281	-0.202811	-0.243857	-0.244861	-0.193586	-0.100101	0.0318115	0.176863	0.319364	0.437887	0.508489	0.52811	0.514766	0.495698	0.494327	0.509053	0.54996	
-0.887401	-0.771608	-0.626763	-0.469141	-0.332644	-0.234981	-0.191953	-0.182164	-0.188984	-0.207984	-0.219301	-0.193586	-0.123187	-0.00993834	0.144512	0.319848	0.485174	0.608504	0.681645	0.708358	0.696356	0.668879	0.651123	0.639185	0.65315	
-0.961996	-0.864333	-0.732252	-0.58374	-0.443257	-0.328146	-0.258657	-0.214252	-0.183669	-0.167756	-0.152498	-0.100101	-0.00993834	0.117787	0.285082	0.471551	0.636303	0.757713	0.828356	0.854597	0.837522	0.794868	0.748815	0.710575	0.698586	
-0.986936	-0.920225	-0.804223	-0.660956	-0.512564	-0.384848	-0.296716	-0.223717	-0.16208	-0.113564	-0.0571613	0.0318115	0.144512	0.285082	0.44669	0.626785	0.780393	0.885781	0.943386	0.953041	0.911311	0.842968	0.767521	0.709296	0.684122	
-0.97383	-0.931869	-0.832576	-0.697266	-0.548508	-0.413711	-0.304493	-0.215795	-0.135821	-0.0520059	0.0496601	0.176863	0.319848	0.471551	0.626785	0.781926	0.908774	0.980535	1.00448	0.978956	0.907822	0.812555	0.720525	0.656592	0.63121	
-0.906312	-0.89293	-0.820044	-0.702301	-0.558339	-0.420052	-0.299597	-0.193734	-0.0931347	0.0216737	0.159091	0.319364	0.485174	0.636303	0.780393	0.908774	0.992205	1.0176	0.997385	0.926197	0.824359	0.71178	0.612559	0.553334	0.538031	
-0.781568	-0.803574	-0.764431	-0.674044	-0.550027	-0.423412	-0.302132	-0.18025	-0.0574192	0.0884437	0.258339	0.437887	0.608504	0.757713	0.885781	0.980535	1.0176	0.992814	0.920306	0.804168	0.671223	0.54266	0.44257	0.394617	0.396791	
-0.6388	-0.684905	-0.676773	-0.620027	-0.53449	-0.433141	-0.317466	-0.183168	-0.0370339	0.13183	0.320126	0.508489	0.681645	0.828356	0.943386	1.00448	0.997385	0.920306	0.796696	0.634966	0.472236	0.329721	0.232198	0.1979	0.225495	
-0.479887	-0.547187	-0.569647	-0.548968	-0.501882	-0.430311	-0.328198	-0.196232	-0.0390851	0.136891	0.329566	0.52811	0.708358	0.854597	0.953041	0.978956	0.926197	0.804168	0.634966	0.442337	0.254179	0.104232	0.0146501	-0.00684051	0.0393702	
-0.298533	-0.388509	-0.442562	-0.455147	-0.43582	-0.388703	-0.312889	-0.194977	-0.0472965	0.120807	0.311955	0.514766	0.696356	0.837522	0.911311	0.907822	0.824359	0.671223	0.472236	0.254179	0.0491821	-0.103169	-0.185016	-0.192731	-0.127859	
-0.0973688	-0.205958	-0.283868	-0.326706	-0.340772	-0.323963	-0.268243	-0.17255	-0.0372469	0.119253	0.300556	0.495698	0.668879	0.794868	0.842968	0.812555	0.71178	0.54266	0.329721	0.104232	-0.103169	-0.251927	-0.329427	-0.331789	-0.259751	
0.127064	0.00325056	-0.101111	-0.175296	-0.214823	-0.225719	-0.199483	-0.126489	-0.00122732	0.147858	0.314676	0.494327	0.651123	0.748815	0.767521	0.720525	0.612559	0.44257	0.232198	0.0146501	-0.185016	-0.329427	-0.403688	-0.406968	-0.334538	
0.349159	0.223042	0.108181	0.0136608	-0.0529646	-0.0934412	-0.0946805	-0.0384474	0.0719686	0.210044	0.357199	0.509053	0.639185	0.710575	0.709296	0.656592	0.553334	0.394617	0.1979	-0.00684051	-0.192731	-0.331789	-0.406968	-0.405726	-0.328508	
0.57228	0.457192	0.34554	0.240336	0.147862	0.0822213	0.0576111	0.0952733	0.187328	0.308693	0.429961	0.54996	0.65315	0.698586	0.684122	0.63121	0.538031	0.396791	0.225495	0.0393702	-0.127859	-0.259751	-0.334538	-0.328508	-0.24311	
0.793562	0.697118	0.590591	0.478561	0.372634	0.287049	0.239121	0.252593	0.32122	0.422915	0.523847	0.623272	0.702302	0.725494	0.69862	0.644624	0.560742	0.441453	0.294213	0.136574	-0.0125677	-0.13491	-0.196873	-0.180066	-0.0884632	
0.98826	0.909406	0.812263	0.702799	0.591287	0.495086	0.426153	0.415561	0.454909	0.535685	0.62529	0.71111	0.772663	0.781298	0.748334	0.694037	0.614015	0.507746	0.384503	0.248531	0.1232	0.0246685	-0.0176947	0.0162538	0.117413	
1.14593	1.07934	0.995545	0.898671	0.788503	0.684417	0.603993	0.568257	0.580515	0.636387	0.714709	0.792703	0.843461	0.84938	0.818066	0.760689	0.67714	0.571918	0.462612	0.351046	0.253577	0.187788	0.171668	0.220127	0.321959	
1.24906	1.2004	1.1325	1.04706	0.949084	0.843096	0.74798	0.68857	0.676588	0.709713	0.777223	0.851536	0.897134	0.908948	0.888268	0.834112	0.745017	0.633619	0.524749	0.430502	0.355158	0.318947	0.334711	0.394713	0.494059	
1.3011	1.26573	1.21519	1.14251	1.04667	0.934244	0.834122	0.762674	0.736301	0.753155	0.813169	0.883122	0.928591	0.950184	0.939319	0.887234	0.791058	0.669873	0.560558	0.475784	0.417188	0.405681	0.43691	0.504261	0.600335	
1.31006	1.27742	1.2291	1.1595	1.06363	0.951279	0.849058	0.775306	0.746567	0.761491	0.820574	0.88981	0.93484	0.957403	0.949311	0.897456	0.799476	0.675506	0.566936	0.482613	0.428344	0.422064	0.456054	0.52389	0.619154	
1.27485	1.23321	1.17296	1.09315	0.997155	0.887727	0.789954	0.724715	0.705728	0.730913	0.794238	0.867033	0.912043	0.928303	0.911924	0.858992	0.767028	0.651997	0.541814	0.453054	0.385431	0.359551	0.383889	0.448451	0.545831	
1.19415	1.13411	1.05702	0.963689	0.857841	0.753747	0.667339	0.621247	0.622486	0.66949	0.743629	0.819559	0.867578	0.87515	0.846971	0.791515	0.705217	0.597514	0.490076	0.386194	0.298542	0.246114	0.242525	0.295717	0.396794	
1.05696	0.983217	0.890309	0.786247	0.674018	0.573162	0.499571	0.478689	0.507567	0.578227	0.663387	0.745899	0.802342	0.808241	0.774497	0.718658	0.638384	0.533868	0.417552	0.29192	0.177661	0.0909635	0.0579103	0.0989563	0.201035	
0.874916	0.786702	0.683097	0.570098	0.461094	0.371969	0.313971	0.318165	0.374215	0.468041	0.564407	0.657971	0.728889	0.744952	0.715347	0.661416	0.579742	0.467157	0.32993	0.180876	0.041339	-0.0739398	-0.128047	-0.10494	-0.00904377	
0.662965	0.55398	0.444807	0.336045	0.236465	0.16156	0.128946	0.156994	0.241001	0.35397	0.465844	0.575668	0.669505	0.705213	0.684531	0.631195	0.54241	0.409567	0.248589	0.074423	-0.0863903	-0.215161	-0.286702	-0.277461	-0.189119	
0.437571	0.31515	0.200241	0.101106	0.0233024	-0.0278798	-0.039557	0.0094984	0.113521	0.2456	0.383043	0.521979	0.640316	0.70102	0.695455	0.642119	0.54283	0.39042	0.202622	0.00376062	-0.174882	-0.311097	-0.386503	-0.383719	-0.302958	
0.216607	0.0901745	-0.0204769	-0.104637	-0.155167	-0.178296	-0.163264	-0.0962597	0.022968	0.16841	0.327873	0.497714	0.644901	0.732052	0.740989	0.690284	0.582932	0.417093	0.210322	-0.00202672	-0.196716	-0.339822	-0.414123	-0.416056	-0.342837	
-0.00853551	-0.124895	-0.213734	-0.269496	-0.294084	-0.288098	-0.243974	-0.158591	-0.026766	0.127642	0.303133	0.49314	0.660464	0.775818	0.812263	0.774355	0.668945	0.497481	0.28406	0.0599826	-0.145552	-0.29112	-0.367051	-0.370409	-0.297776	
-0.221749	-0.318412	-0.38321	-0.40709	-0.400775	-0.366683	-0.297959	-0.188229	-0.045927	0.11667	0.304621	0.505876	0.685532	0.82218	0.885914	0.870358	0.779133	0.618248	0.411505	0.188129	-0.0198797	-0.171492	-0.251199	-0.254871	-0.186039	
-0.408789	-0.486122	-0.522026	-0.515632	-0.479958	-0.416877	-0.325923	-0.197858	-0.0438236	0.131291	0.324386	0.525653	0.707108	0.853184	0.941816	0.955521	0.887398	0.751733	0.56874	0.364208	0.169027	0.0173936	-0.068871	-0.0847417	-0.0313084	
-0.578104	-0.632139	-0.635916	-0.593363	-0.524466	-0.436189	-0.324325	-0.189213	-0.0350021	0.13833	0.328951	0.521122	0.698193	0.843647	0.952804	1.00004	0.974286	0.877561	0.735355	0.55968	0.385236	0.238822	0.144515	0.114832	0.151064	
-0.726067	-0.758493	-0.732512	-0.654904	-0.544904	-0.426952	-0.306822	-0.179357	-0.0469695	0.10956	0.289676	0.472489	0.643289	0.791874	0.915649	0.99564	1.01524	0.969556	0.875732	0.740587	0.596324	0.461057	0.361859	0.31907	0.331219	
-0.860188	-0.86276	-0.802756	-0.694999	-0.556312	-0.420183	-0.299145	-0.186326	-0.0768264	0.0504008	0.201667	0.371029	0.540542	0.690766	0.827391	0.943857	1.00841	1.01407	0.973379	0.884824	0.770102	0.650896	0.551121	0.495828	0.486068	
-0.955057	-0.922841	-0.832299	-0.702784	-0.555296	-0.41807	-0.303112	-0.208193	-0.120204	-0.0231011	0.0929464	0.235385	0.389035	0.541392	0.69434	0.83918	0.949084	1.00384	1.01039	0.966957	0.883973	0.780964	0.685301	0.622038	0.600014	
-0.986445	-0.929575	-0.821181	-0.679905	-0.531098	-0.399535	-0.302177	-0.22208	-0.153374	-0.0901705	-0.0145992	0.0897577	0.214342	0.359479	0.517966	0.688664	0.835413	0.929028	0.975542	0.973365	0.919825	0.838972	0.755923	0.693318	0.666863	
-0.977279	-0.892028	-0.765858	-0.619494	-0.475717	-0.355028	-0.277635	-0.220527	-0.175301	-0.146937	-0.117114	-0.0511939	0.0471224	0.181083	0.347342	0.533893	0.694822	0.811294	0.878812	0.900356	0.875907	0.824546	0.765355	0.718286	0.699183	
-0.922822	-0.81209	-0.6724	-0.518346	-0.380606	-0.275837	-0.222228	-0.198405	-0.191192	-0.196199	-0.197029	-0.160818	-0.0823856	0.0360525	0.197268	0.379949	0.547014	0.670944	0.744246	0.771513	0.758667	0.726624	0.69839	0.676333	0.679641	
-0.829344	-0.702408	-0.548581	-0.390713	-0.25587	-0.169065	-0.136404	-0.144738	-0.170635	-0.210429	-0.239608	-0.230511	-0.170807	-0.0675265	0.0744336	0.232613	0.386739	0.508299	0.579716	0.603777	0.592124	0.569439	0.562439	0.56606	0.595016	
-0.723224	-0.577039	-0.40897	-0.249576	-0.117005	-0.0437453	-0.025534	-0.0525693	-0.105504	-0.175404	-0.232915	-0.249912	-0.214582	-0.137238	-0.0258419	0.0980674	0.221321	0.329938	0.396913	0.409568	0.392577	0.378779	0.38644	0.41782	0.478664	
