0.139109	0.100378	0.0605752	0.0295934	-0.00624424	-0.0599346	-0.128245	-0.20162	-0.26077	-0.282806	-0.273251	-0.233574	-0.166731	-0.0817896	0.00513584	0.0907125	0.166353	0.230186	0.278067	0.308939	0.341545	0.367725	0.365339	0.331338	0.263208	
0.100378	0.0583986	0.0165777	-0.0187806	-0.0573074	-0.109923	-0.17371	-0.245084	-0.309488	-0.34044	-0.334926	-0.291681	-0.224191	-0.134853	-0.0324821	0.0647891	0.149429	0.227688	0.292189	0.339167	0.378331	0.411864	0.411639	0.384273	0.334772	
0.0605752	0.0165777	-0.032805	-0.081311	-0.132009	-0.191135	-0.25518	-0.319606	-0.380367	-0.417522	-0.416542	-0.375847	-0.305238	-0.214653	-0.108383	-0.0114933	0.0810855	0.178161	0.262522	0.334088	0.397707	0.44091	0.457345	0.45364	0.431945	
0.0295934	-0.0187806	-0.081311	-0.143358	-0.210468	-0.284451	-0.353319	-0.41066	-0.46591	-0.505232	-0.496937	-0.454605	-0.38678	-0.301175	-0.2039	-0.112237	-0.0140977	0.0915545	0.195201	0.294336	0.390745	0.463429	0.515458	0.545938	0.561261	
-0.00624424	-0.0573074	-0.132009	-0.210468	-0.295205	-0.380712	-0.452126	-0.503873	-0.549399	-0.580037	-0.568532	-0.520818	-0.453003	-0.371923	-0.294595	-0.209257	-0.112406	-0.00699424	0.110027	0.236014	0.367157	0.490113	0.586444	0.66309	0.727789	
-0.0599346	-0.109923	-0.191135	-0.284451	-0.380712	-0.475212	-0.544784	-0.589109	-0.616976	-0.630118	-0.61194	-0.564228	-0.499251	-0.43071	-0.363487	-0.282397	-0.190172	-0.0890494	0.0320444	0.17908	0.34941	0.525321	0.671209	0.797188	0.908026	
-0.128245	-0.17371	-0.25518	-0.353319	-0.452126	-0.544784	-0.610158	-0.65035	-0.661601	-0.656091	-0.627259	-0.573	-0.508811	-0.444448	-0.380792	-0.315649	-0.234768	-0.133002	-0.0142262	0.149691	0.350076	0.561269	0.752153	0.924652	1.07655	
-0.20162	-0.245084	-0.319606	-0.41066	-0.503873	-0.589109	-0.65035	-0.680887	-0.675163	-0.645259	-0.599406	-0.535569	-0.458352	-0.39212	-0.337704	-0.290526	-0.226999	-0.139433	-0.0246096	0.143543	0.358933	0.591185	0.823677	1.03441	1.22346	
-0.26077	-0.309488	-0.380367	-0.46591	-0.549399	-0.616976	-0.661601	-0.675163	-0.648845	-0.594855	-0.529707	-0.44913	-0.358958	-0.28594	-0.240843	-0.216234	-0.177366	-0.10336	-0.000190623	0.155294	0.363706	0.603751	0.859666	1.10254	1.32517	
-0.282806	-0.34044	-0.417522	-0.505232	-0.580037	-0.630118	-0.656091	-0.645259	-0.594855	-0.522496	-0.430908	-0.324111	-0.221824	-0.150337	-0.121892	-0.116505	-0.100074	-0.0430661	0.0454245	0.180067	0.365162	0.59769	0.855127	1.1107	1.35062	
-0.273251	-0.334926	-0.416542	-0.496937	-0.568532	-0.61194	-0.627259	-0.599406	-0.529707	-0.430908	-0.30625	-0.178162	-0.0699015	0.000160177	0.0168222	0.00502378	0.00603352	0.0381284	0.10233	0.209944	0.365909	0.576599	0.822917	1.07324	1.31468	
-0.233574	-0.291681	-0.375847	-0.454605	-0.520818	-0.564228	-0.573	-0.535569	-0.44913	-0.324111	-0.178162	-0.0316991	0.084651	0.14578	0.156079	0.136443	0.114723	0.114072	0.149525	0.228126	0.360876	0.551337	0.77748	1.01185	1.24137	
-0.166731	-0.224191	-0.305238	-0.38678	-0.453003	-0.499251	-0.508811	-0.458352	-0.358958	-0.221824	-0.0699015	0.084651	0.200679	0.259333	0.268722	0.244395	0.195317	0.162311	0.169511	0.226105	0.339687	0.509357	0.709606	0.918793	1.12307	
-0.0817896	-0.134853	-0.214653	-0.301175	-0.371923	-0.43071	-0.444448	-0.39212	-0.28594	-0.150337	0.000160177	0.14578	0.259333	0.314962	0.329401	0.303479	0.244633	0.189407	0.17048	0.203125	0.295815	0.433055	0.602354	0.783192	0.954101	
0.00513584	-0.0324821	-0.108383	-0.2039	-0.294595	-0.363487	-0.380792	-0.337704	-0.240843	-0.121892	0.0168222	0.156079	0.268722	0.329401	0.351053	0.324526	0.260763	0.18982	0.153796	0.169589	0.237263	0.343789	0.480279	0.622302	0.754845	
0.0907125	0.0647891	-0.0114933	-0.112237	-0.209257	-0.282397	-0.315649	-0.290526	-0.216234	-0.116505	0.00502378	0.136443	0.244395	0.303479	0.324526	0.302278	0.242338	0.169845	0.125702	0.128715	0.173791	0.252228	0.357923	0.463009	0.556166	
0.166353	0.149429	0.0810855	-0.0140977	-0.112406	-0.190172	-0.234768	-0.226999	-0.177366	-0.100074	0.00603352	0.114723	0.195317	0.244633	0.260763	0.242338	0.193705	0.134181	0.0937279	0.0906141	0.119357	0.174485	0.244384	0.313569	0.36857	
0.230186	0.227688	0.178161	0.0915545	-0.00699424	-0.0890494	-0.133002	-0.139433	-0.10336	-0.0430661	0.0381284	0.114072	0.162311	0.189407	0.18982	0.169845	0.134181	0.0929213	0.0667751	0.0712222	0.0875029	0.118335	0.151934	0.177786	0.19344	
0.278067	0.292189	0.262522	0.195201	0.110027	0.0320444	-0.0142262	-0.0246096	-0.000190623	0.0454245	0.10233	0.149525	0.169511	0.17048	0.153796	0.125702	0.0937279	0.0667751	0.0568137	0.0659353	0.0753676	0.0839951	0.0870373	0.0779424	0.0645444	
0.308939	0.339167	0.334088	0.294336	0.236014	0.17908	0.149691	0.143543	0.155294	0.180067	0.209944	0.228126	0.226105	0.203125	0.169589	0.128715	0.0906141	0.0712222	0.0659353	0.0712385	0.0780811	0.075232	0.0589833	0.034588	0.00195345	
0.341545	0.378331	0.397707	0.390745	0.367157	0.34941	0.350076	0.358933	0.363706	0.365162	0.365909	0.360876	0.339687	0.295815	0.237263	0.173791	0.119357	0.0875029	0.0753676	0.0780811	0.0867489	0.0863999	0.0741819	0.0452497	0.00383777	
0.367725	0.411864	0.44091	0.463429	0.490113	0.525321	0.561269	0.591185	0.603751	0.59769	0.576599	0.551337	0.509357	0.433055	0.343789	0.252228	0.174485	0.118335	0.0839951	0.075232	0.0863999	0.098997	0.108802	0.0946676	0.0588796	
0.365339	0.411639	0.457345	0.515458	0.586444	0.671209	0.752153	0.823677	0.859666	0.855127	0.822917	0.77748	0.709606	0.602354	0.480279	0.357923	0.244384	0.151934	0.0870373	0.0589833	0.0741819	0.108802	0.143371	0.15744	0.141876	
0.331338	0.384273	0.45364	0.545938	0.66309	0.797188	0.924652	1.03441	1.10254	1.1107	1.07324	1.01185	0.918793	0.783192	0.622302	0.463009	0.313569	0.177786	0.0779424	0.034588	0.0452497	0.0946676	0.15744	0.201436	0.219167	
0.263208	0.334772	0.431945	0.561261	0.727789	0.908026	1.07655	1.22346	1.32517	1.35062	1.31468	1.24137	1.12307	0.954101	0.754845	0.556166	0.36857	0.19344	0.0645444	0.00195345	0.00383777	0.0588796	0.141876	0.219167	0.281625	
0.181687	0.265345	0.389803	0.555879	0.763092	0.982459	1.1982	1.38288	1.51488	1.5615	1.53753	1.45535	1.31382	1.1095	0.867341	0.623879	0.391556	0.184657	0.0349144	-0.0406634	-0.0467979	0.0108352	0.104659	0.212582	0.315318	
0.105083	0.185283	0.323591	0.516233	0.759994	1.02268	1.28055	1.50364	1.66633	1.73701	1.72533	1.63698	1.47006	1.23216	0.948698	0.660318	0.390134	0.155683	-0.00806318	-0.092049	-0.104659	-0.0507991	0.051891	0.181208	0.319321	
0.0290449	0.104684	0.2474	0.458824	0.735446	1.04146	1.34324	1.60147	1.79005	1.88114	1.87366	1.77213	1.57814	1.30996	1.0015	0.684663	0.387151	0.133128	-0.045509	-0.140387	-0.16234	-0.113949	-0.00480204	0.13974	0.301615	
-0.0274872	0.0371681	0.185484	0.417244	0.711289	1.04439	1.38076	1.67428	1.88073	1.98153	1.973	1.85551	1.64133	1.35633	1.03586	0.701328	0.37762	0.108056	-0.0827959	-0.187433	-0.210322	-0.162107	-0.0513889	0.102464	0.274028	
-0.0693168	-0.00329349	0.150597	0.391029	0.69727	1.05026	1.4047	1.71384	1.93151	2.039	2.02732	1.89949	1.67164	1.37805	1.0548	0.712667	0.378627	0.0959336	-0.106459	-0.217153	-0.242704	-0.193829	-0.0756093	0.0826387	0.259705	
-0.0780755	-0.0110838	0.144139	0.386474	0.694666	1.05159	1.40798	1.72147	1.94119	2.04984	2.03591	1.9063	1.67594	1.38155	1.05841	0.714682	0.379257	0.0944111	-0.109754	-0.222453	-0.247633	-0.199319	-0.0798874	0.0795211	0.2587	
-0.0465956	0.0176938	0.168482	0.404779	0.704177	1.04624	1.3927	1.69416	1.90543	2.00949	2.00066	1.87764	1.65708	1.36745	1.04483	0.706823	0.37695	0.100761	-0.0953443	-0.20208	-0.226276	-0.177243	-0.0632623	0.0925279	0.265955	
0.00425406	0.0748343	0.219873	0.439904	0.725157	1.04398	1.35977	1.63344	1.83149	1.92669	1.91923	1.81091	1.60786	1.33112	1.01724	0.691762	0.383592	0.123037	-0.0605354	-0.160252	-0.182763	-0.135851	-0.026097	0.123175	0.291159	
0.0729473	0.152906	0.293239	0.492918	0.75125	1.0325	1.30933	1.54575	1.7186	1.79865	1.79021	1.69766	1.51996	1.26825	0.973211	0.671742	0.38992	0.14619	-0.0236734	-0.110923	-0.128152	-0.076739	0.0296707	0.16529	0.314435	
0.152124	0.233686	0.365498	0.544016	0.765862	1.00199	1.23415	1.43505	1.57921	1.63581	1.61671	1.53239	1.38096	1.16374	0.902894	0.640655	0.391316	0.173184	0.0174863	-0.0611491	-0.0693684	-0.0128354	0.0838487	0.202164	0.31988	
0.229565	0.309066	0.41804	0.562057	0.746476	0.94308	1.13088	1.29199	1.40614	1.43919	1.40731	1.33027	1.20215	1.01824	0.803337	0.587787	0.382615	0.193899	0.0552835	-0.0133373	-0.0153661	0.0412253	0.129787	0.220038	0.299278	
0.30831	0.367597	0.447025	0.554055	0.690804	0.843665	0.987917	1.11312	1.19438	1.20955	1.17089	1.10448	1.00168	0.853437	0.677124	0.5015	0.337308	0.18547	0.0734141	0.0222594	0.030626	0.0823947	0.153899	0.211114	0.246281	
0.355272	0.403079	0.458153	0.530221	0.619023	0.723363	0.823322	0.910175	0.958698	0.958672	0.924325	0.871135	0.792788	0.674782	0.536941	0.401867	0.273906	0.163447	0.0844965	0.0501459	0.0637827	0.106698	0.152871	0.178547	0.174148	
0.370407	0.415842	0.450333	0.486838	0.531996	0.587399	0.640166	0.686017	0.706811	0.699094	0.672482	0.639097	0.587042	0.497777	0.396195	0.291779	0.200902	0.132673	0.0870377	0.0696009	0.0837465	0.104204	0.123229	0.119979	0.0910791	
0.35429	0.394335	0.417816	0.422473	0.418883	0.421909	0.435994	0.450942	0.456106	0.453197	0.444703	0.430515	0.402375	0.345824	0.275821	0.201188	0.138934	0.0977276	0.0786081	0.0780574	0.0874936	0.091597	0.0880013	0.061375	0.0202278	
0.321649	0.354053	0.36107	0.334501	0.288312	0.244671	0.226181	0.225523	0.234189	0.248212	0.26539	0.273735	0.264034	0.234451	0.190715	0.142132	0.0987852	0.0770408	0.0703893	0.0750139	0.0813579	0.0783896	0.0602975	0.0332014	-0.00413143	
0.291377	0.313436	0.29256	0.234743	0.159601	0.0877769	0.0457849	0.0360908	0.0545714	0.0926649	0.1401	0.175871	0.185896	0.176498	0.15443	0.121404	0.0874699	0.0657043	0.0589516	0.0671235	0.0749535	0.077749	0.070944	0.0534165	0.0308887	
0.251961	0.255293	0.213403	0.133709	0.0386015	-0.0436397	-0.0898468	-0.0983646	-0.0668262	-0.0107243	0.0588217	0.122772	0.159847	0.17619	0.169248	0.146407	0.113776	0.0790437	0.0600462	0.0674638	0.0809054	0.101198	0.122068	0.131997	0.134534	
0.192359	0.181568	0.120437	0.0281953	-0.0711279	-0.151087	-0.195084	-0.194612	-0.150981	-0.0818068	0.0153262	0.111045	0.178116	0.21981	0.231335	0.21355	0.170472	0.117143	0.0819329	0.0808299	0.103089	0.149669	0.204755	0.256596	0.295854	
0.123647	0.0999711	0.0246798	-0.0748959	-0.171404	-0.247015	-0.28604	-0.26857	-0.204977	-0.113986	0.00279766	0.126705	0.226068	0.282187	0.301615	0.28081	0.224832	0.157257	0.112801	0.111686	0.150477	0.218699	0.30972	0.402324	0.479598	
0.0395255	0.00736268	-0.0680201	-0.167011	-0.261976	-0.332323	-0.355945	-0.318694	-0.230035	-0.118141	0.0131318	0.149919	0.262939	0.32388	0.346391	0.322257	0.258163	0.18396	0.143732	0.154128	0.211883	0.306828	0.431682	0.557581	0.674007	
-0.0465942	-0.0938754	-0.172152	-0.26292	-0.34146	-0.404937	-0.418109	-0.368967	-0.264246	-0.134506	0.0124499	0.155461	0.268148	0.324937	0.342154	0.31544	0.254823	0.192767	0.165493	0.190731	0.273184	0.397422	0.553473	0.719928	0.876491	
-0.13401	-0.191417	-0.271881	-0.354355	-0.420679	-0.471018	-0.482981	-0.430019	-0.326866	-0.188664	-0.035419	0.115567	0.23057	0.288462	0.299816	0.273688	0.219164	0.175283	0.171374	0.218467	0.324956	0.482577	0.671094	0.869259	1.06108	
-0.209996	-0.2674	-0.350117	-0.430335	-0.495862	-0.539665	-0.547963	-0.504649	-0.412178	-0.281135	-0.132105	0.0202352	0.138129	0.19683	0.205631	0.184875	0.151251	0.136839	0.161306	0.230315	0.35511	0.53773	0.754331	0.979523	1.20017	
-0.260989	-0.320776	-0.404248	-0.483164	-0.552946	-0.595676	-0.607432	-0.576717	-0.500019	-0.389123	-0.253474	-0.11771	-0.0071021	0.0602389	0.0744012	0.0578681	0.0509583	0.0710335	0.123294	0.219204	0.364999	0.567486	0.805946	1.05124	1.28925	
