-0.085131	-0.0846209	-0.0853033	-0.0846619	-0.0851406	-0.0848743	-0.084876	-0.0851276	-0.0846779	-0.085169	-0.0845994	-0.0847836	-0.0845137	-0.0842737	-0.084247	-0.0847494	-0.0847921	-0.0874043	-0.0894128	-0.093489	-0.0996154	-0.104902	-0.111041	-0.116096	-0.119368	
-0.0852078	-0.0847965	-0.084167	-0.0835675	-0.0837101	-0.0831709	-0.0839036	-0.0836036	-0.0848665	-0.0846104	-0.0864164	-0.0860046	-0.0877857	-0.0875382	-0.0881248	-0.0881192	-0.0876808	-0.0865389	-0.0873413	-0.0857196	-0.0884299	-0.091348	-0.0973428	-0.103455	-0.113163	
-0.0754172	-0.0754784	-0.0732295	-0.0742265	-0.0726661	-0.0735016	-0.0733811	-0.0735393	-0.0750508	-0.0747887	-0.0774201	-0.0777257	-0.0804942	-0.0820871	-0.0847922	-0.086435	-0.0898691	-0.0897054	-0.0922046	-0.0912815	-0.0902779	-0.0891556	-0.0892738	-0.0912772	-0.094483	
-0.0703602	-0.0701476	-0.0700404	-0.0704434	-0.0698772	-0.0704648	-0.0699397	-0.0702938	-0.0699312	-0.0704598	-0.0698359	-0.0712423	-0.0705902	-0.0725994	-0.0735082	-0.0755346	-0.0784726	-0.0821	-0.0847626	-0.0904008	-0.0918618	-0.0953049	-0.0933428	-0.0951201	-0.0912472	
-0.0754551	-0.0737107	-0.0760262	-0.0733632	-0.0757324	-0.0738339	-0.0749449	-0.0748273	-0.074043	-0.0757228	-0.0734447	-0.0756834	-0.0733861	-0.0746411	-0.0731971	-0.0741145	-0.0725487	-0.0753667	-0.0743516	-0.0790556	-0.0811972	-0.087344	-0.0915483	-0.0944522	-0.0984923	
-0.071562	-0.0702774	-0.0703117	-0.0689876	-0.0697336	-0.0689323	-0.0695475	-0.0699609	-0.0702113	-0.0713979	-0.0721211	-0.072915	-0.0746112	-0.0748502	-0.0762723	-0.0768515	-0.0768595	-0.077206	-0.0770568	-0.0761523	-0.0779751	-0.076789	-0.0834123	-0.0854671	-0.0917981	
-0.0643339	-0.0651982	-0.0629414	-0.0649889	-0.0626619	-0.0644742	-0.0632519	-0.0638674	-0.0644928	-0.0636869	-0.0661666	-0.064768	-0.0681455	-0.0675975	-0.0708615	-0.0715399	-0.0746465	-0.0753911	-0.0785265	-0.0774915	-0.0806182	-0.0782259	-0.0781623	-0.0814337	-0.0830924	
-0.064881	-0.0653161	-0.0647424	-0.0655193	-0.0646299	-0.065477	-0.0648187	-0.0651478	-0.0650904	-0.0647711	-0.0651481	-0.0645946	-0.0650708	-0.0650118	-0.0654042	-0.0667234	-0.0674386	-0.0697353	-0.07267	-0.0742928	-0.0777985	-0.0815013	-0.0797988	-0.0808511	-0.0822307	
-0.0656288	-0.0658405	-0.0650985	-0.0652447	-0.0647953	-0.0651522	-0.0649962	-0.0653694	-0.0658321	-0.0658275	-0.0668645	-0.0667437	-0.0671246	-0.0680089	-0.0665428	-0.0679877	-0.067111	-0.0660587	-0.0687647	-0.0680843	-0.0696761	-0.075355	-0.0781889	-0.0801944	-0.0862964	
-0.0601068	-0.0616838	-0.059541	-0.0602017	-0.0598139	-0.0590709	-0.0606202	-0.0586571	-0.0614848	-0.0597612	-0.0619415	-0.0628002	-0.0627638	-0.0660974	-0.0661954	-0.0671395	-0.0710714	-0.0682434	-0.0704405	-0.0720455	-0.0671589	-0.0702671	-0.0722438	-0.0707808	-0.0757397	
-0.0592302	-0.0585381	-0.0593853	-0.0581209	-0.059978	-0.0578487	-0.0599756	-0.0584844	-0.0588034	-0.0599726	-0.0573153	-0.0607617	-0.0579959	-0.0594718	-0.0617024	-0.059509	-0.0642652	-0.0664251	-0.064778	-0.0731442	-0.0720093	-0.0703161	-0.0767016	-0.0747679	-0.0663127	
-0.064015	-0.0595728	-0.0621554	-0.0606277	-0.0605906	-0.0617607	-0.0594449	-0.0630868	-0.0590519	-0.063746	-0.0604399	-0.0624738	-0.0633601	-0.0604437	-0.0640096	-0.0616346	-0.0600464	-0.0648984	-0.0601458	-0.0630996	-0.0692682	-0.0664112	-0.0692437	-0.0809282	-0.075163	
-0.0594949	-0.0546661	-0.0577483	-0.0554961	-0.0552625	-0.0571948	-0.0537541	-0.0582595	-0.054338	-0.0580657	-0.0571603	-0.0576995	-0.0602221	-0.0602431	-0.0605374	-0.0660012	-0.0602673	-0.0672116	-0.0649723	-0.0625678	-0.0659407	-0.0680289	-0.0620814	-0.0697037	-0.0773599	
-0.0548103	-0.0555572	-0.0563266	-0.0549652	-0.0563849	-0.0555022	-0.0560672	-0.0556069	-0.0565849	-0.0548481	-0.0572957	-0.055061	-0.0561344	-0.0581575	-0.0542436	-0.0611347	-0.0581775	-0.0601387	-0.0661924	-0.0631429	-0.0654803	-0.0689455	-0.0674889	-0.063916	-0.0722557	
-0.054423	-0.0600889	-0.0554694	-0.0575008	-0.0574076	-0.055122	-0.0592947	-0.0537706	-0.0604778	-0.05426	-0.0599295	-0.0569583	-0.057989	-0.0592281	-0.0580618	-0.057224	-0.0610036	-0.0553666	-0.0609561	-0.0608451	-0.0619672	-0.0653492	-0.06912	-0.0674257	-0.0700186	
-0.053456	-0.0545157	-0.052543	-0.0534845	-0.0531314	-0.0524343	-0.0540075	-0.0523486	-0.0543409	-0.0535978	-0.0544902	-0.0553817	-0.0559553	-0.0565975	-0.0590416	-0.0580504	-0.0611265	-0.0602377	-0.0612737	-0.0601773	-0.0607752	-0.0610655	-0.0631101	-0.0640075	-0.0729906	
-0.0526788	-0.0543224	-0.0527429	-0.0540473	-0.05322	-0.0534285	-0.0538682	-0.0527772	-0.0544244	-0.0524628	-0.0544842	-0.0529469	-0.0539165	-0.0540748	-0.0542862	-0.0544633	-0.0580087	-0.0553365	-0.0618245	-0.0619126	-0.0618492	-0.0645896	-0.0661219	-0.0590704	-0.0628068	
-0.0541044	-0.0552493	-0.0534136	-0.0541069	-0.0540977	-0.0528556	-0.0550394	-0.0526775	-0.0552095	-0.0541245	-0.0546106	-0.0560421	-0.055074	-0.0556907	-0.0579772	-0.0533404	-0.0590547	-0.0548967	-0.0550144	-0.0588241	-0.0581846	-0.0584312	-0.0670391	-0.0671621	-0.063685	
-0.0523546	-0.0508841	-0.0505331	-0.0515102	-0.0498292	-0.0517036	-0.0497106	-0.0520544	-0.0498265	-0.0525035	-0.0509286	-0.0522674	-0.0538302	-0.0518797	-0.0569116	-0.0542861	-0.0575374	-0.0590655	-0.0581695	-0.0597277	-0.0601527	-0.0585223	-0.0588292	-0.0622609	-0.0624394	
-0.0534638	-0.0515846	-0.0522931	-0.0526211	-0.0511885	-0.0533465	-0.0506983	-0.0536297	-0.0507758	-0.0534808	-0.0513888	-0.0528623	-0.0523345	-0.0523151	-0.0529164	-0.0530297	-0.0530059	-0.0555691	-0.0542791	-0.0588664	-0.0588743	-0.0604475	-0.063402	-0.063032	-0.0595078	
-0.0529796	-0.050998	-0.0518089	-0.0511426	-0.0508218	-0.0516575	-0.0503287	-0.0523171	-0.0505492	-0.0528963	-0.0517075	-0.0531711	-0.0536843	-0.0533662	-0.0553305	-0.0544475	-0.0550271	-0.0564498	-0.0543684	-0.0562835	-0.0577977	-0.0562214	-0.0596213	-0.0651389	-0.0596508	
-0.0512729	-0.0485643	-0.0498496	-0.0496401	-0.0485941	-0.0505406	-0.0479098	-0.0510763	-0.0478715	-0.0510923	-0.048877	-0.0504536	-0.050946	-0.0504408	-0.0523839	-0.05359	-0.0521877	-0.0579722	-0.0544613	-0.057557	-0.0584384	-0.0581457	-0.0562682	-0.062803	-0.0610644	
-0.0529415	-0.0501482	-0.0524823	-0.0508867	-0.0509624	-0.0522271	-0.0498608	-0.0529601	-0.0501111	-0.0525986	-0.0514449	-0.0519649	-0.0520537	-0.052727	-0.0507013	-0.0543059	-0.0503118	-0.0540311	-0.0537253	-0.0548249	-0.0575027	-0.0590862	-0.0594985	-0.0615674	-0.0580052	
-0.0499157	-0.048477	-0.0492457	-0.0480992	-0.048756	-0.0482234	-0.0485446	-0.0486922	-0.0486426	-0.0495172	-0.0492043	-0.0506003	-0.050656	-0.0518434	-0.0526724	-0.0540237	-0.053334	-0.0566586	-0.0535093	-0.0549671	-0.0559023	-0.0549358	-0.0549336	-0.0644203	-0.0618165	
-0.0512659	-0.0484391	-0.0510607	-0.0494412	-0.0496649	-0.0509044	-0.0484853	-0.0516043	-0.0485535	-0.0509156	-0.0498279	-0.049714	-0.0503858	-0.050509	-0.0485575	-0.0534253	-0.0484915	-0.0540048	-0.054734	-0.0547727	-0.0579659	-0.0604622	-0.0559154	-0.0582399	-0.0587636	
-0.049787	-0.0493215	-0.049801	-0.0483118	-0.0496016	-0.0481668	-0.0495655	-0.0484731	-0.0498485	-0.0493463	-0.0501067	-0.0511172	-0.0503283	-0.0531129	-0.0513029	-0.0539975	-0.0524829	-0.053955	-0.0523988	-0.0530817	-0.0539439	-0.0548761	-0.0565195	-0.0632997	-0.0614998	
-0.0493215	-0.0475405	-0.0494045	-0.0478513	-0.0486759	-0.0487369	-0.0479093	-0.0493373	-0.0479288	-0.0490991	-0.0489182	-0.048574	-0.0496592	-0.0496984	-0.0488879	-0.0528077	-0.0496256	-0.0540799	-0.0553377	-0.0544798	-0.0572291	-0.0589603	-0.053605	-0.0579038	-0.0596391	
-0.049801	-0.0494045	-0.0499947	-0.048718	-0.0497053	-0.0487479	-0.0495534	-0.0489539	-0.0497897	-0.0494075	-0.049949	-0.0506579	-0.0496091	-0.0524771	-0.049535	-0.0533008	-0.0506445	-0.0526549	-0.0521439	-0.0526954	-0.0539521	-0.0564859	-0.0565125	-0.0604306	-0.0614692	
-0.0483118	-0.0478513	-0.048718	-0.0472202	-0.0485714	-0.0474621	-0.048289	-0.0479069	-0.0485214	-0.048192	-0.0493038	-0.0487981	-0.049812	-0.0506107	-0.0497192	-0.0528913	-0.0511617	-0.0532688	-0.054926	-0.0536368	-0.0554037	-0.0570333	-0.0542419	-0.0590613	-0.0598153	
-0.0496016	-0.0486759	-0.0497053	-0.0485714	-0.0492457	-0.048909	-0.0488551	-0.0491645	-0.0488473	-0.0492489	-0.0490064	-0.0496288	-0.0488415	-0.0508576	-0.0484574	-0.0524736	-0.0493558	-0.0529188	-0.0527874	-0.053217	-0.0552658	-0.0577683	-0.0548135	-0.0578981	-0.0615878	
-0.0481668	-0.0487369	-0.0487479	-0.0474621	-0.048909	-0.0472506	-0.0490026	-0.0474977	-0.0495329	-0.0480875	-0.0501932	-0.0496233	-0.0502479	-0.0520662	-0.0502798	-0.0533334	-0.0520284	-0.0523691	-0.0539096	-0.0528523	-0.0536219	-0.0558326	-0.0560564	-0.0605486	-0.0600305	
-0.0495655	-0.0479093	-0.0495534	-0.048289	-0.0488551	-0.0490026	-0.0481616	-0.049424	-0.0479639	-0.0492122	-0.0483377	-0.0487768	-0.0486092	-0.0495555	-0.0480528	-0.0521262	-0.0487125	-0.0536103	-0.053812	-0.0538382	-0.0567484	-0.0587178	-0.0533991	-0.0564878	-0.0610871	
-0.0484731	-0.0493373	-0.0489539	-0.0479069	-0.0491645	-0.0474977	-0.049424	-0.0476348	-0.050038	-0.0484338	-0.0505178	-0.0504688	-0.0503961	-0.0530519	-0.0507316	-0.0537573	-0.0524135	-0.0525525	-0.0529548	-0.0526994	-0.052918	-0.0549884	-0.0569228	-0.061947	-0.0609491	
-0.0498485	-0.0479288	-0.0497897	-0.0485214	-0.0488473	-0.0495329	-0.0479639	-0.050038	-0.0479161	-0.0494818	-0.0487863	-0.0485355	-0.0492776	-0.049386	-0.0481434	-0.0524914	-0.0485781	-0.0537954	-0.0545302	-0.0542433	-0.0574449	-0.0596813	-0.0538543	-0.0567379	-0.0597823	
-0.0493463	-0.0490991	-0.0494075	-0.048192	-0.0492489	-0.0480875	-0.0492122	-0.0484338	-0.0494818	-0.0493472	-0.0498177	-0.051039	-0.0502159	-0.0528944	-0.0511663	-0.0539567	-0.0522291	-0.0541982	-0.0527075	-0.0532768	-0.054004	-0.0547309	-0.0560921	-0.0624759	-0.0620383	
-0.0501067	-0.0489182	-0.049949	-0.0493038	-0.0490064	-0.0501932	-0.0483377	-0.0505178	-0.0487863	-0.0498177	-0.0501074	-0.0491647	-0.0505206	-0.0506097	-0.0491366	-0.0533662	-0.0496265	-0.0537764	-0.0543595	-0.0547575	-0.0570004	-0.0595917	-0.056023	-0.0594231	-0.0587707	
-0.0511172	-0.048574	-0.0506579	-0.0487981	-0.0496288	-0.0496233	-0.0487768	-0.0504688	-0.0485355	-0.051039	-0.0491647	-0.0512203	-0.050508	-0.0517266	-0.0512954	-0.0539525	-0.0510842	-0.0559498	-0.0534141	-0.0542406	-0.0564136	-0.0564246	-0.0554278	-0.0615968	-0.0615154	
-0.0503283	-0.0496592	-0.0496091	-0.049812	-0.0488415	-0.0502479	-0.0486092	-0.0503961	-0.0492776	-0.0502159	-0.0505206	-0.050508	-0.05138	-0.052059	-0.0516487	-0.0540204	-0.052327	-0.0552803	-0.053692	-0.0559638	-0.0567824	-0.0573259	-0.0573313	-0.0635616	-0.0596685	
-0.0531129	-0.0496984	-0.0524771	-0.0506107	-0.0508576	-0.0520662	-0.0495555	-0.0530519	-0.049386	-0.0528944	-0.0506097	-0.0517266	-0.052059	-0.0515342	-0.0514424	-0.0539569	-0.0503551	-0.05554	-0.0541273	-0.055365	-0.0577784	-0.059428	-0.0586251	-0.061259	-0.0588636	
-0.0513029	-0.0488879	-0.049535	-0.0497192	-0.0484574	-0.0502798	-0.0480528	-0.0507316	-0.0481434	-0.0511663	-0.0491366	-0.0512954	-0.0516487	-0.0514424	-0.0545753	-0.0538449	-0.0548213	-0.0586369	-0.0545264	-0.057911	-0.0588759	-0.0559126	-0.0561754	-0.0647061	-0.0616357	
-0.0539975	-0.0528077	-0.0533008	-0.0528913	-0.0524736	-0.0533334	-0.0521262	-0.0537573	-0.0524914	-0.0539567	-0.0533662	-0.0539525	-0.0540204	-0.0539569	-0.0538449	-0.0538157	-0.0535018	-0.0540127	-0.0537387	-0.0568153	-0.0570759	-0.059076	-0.0646719	-0.0645006	-0.0582801	
-0.0524829	-0.0496256	-0.0506445	-0.0511617	-0.0493558	-0.0520284	-0.0487125	-0.0524135	-0.0485781	-0.0522291	-0.0496265	-0.0510842	-0.052327	-0.0503551	-0.0548213	-0.0535018	-0.0552717	-0.0592177	-0.0575786	-0.0601798	-0.0613175	-0.0599612	-0.0582835	-0.0608355	-0.0614211	
-0.053955	-0.0540799	-0.0526549	-0.0532688	-0.0529188	-0.0523691	-0.0536103	-0.0525525	-0.0537954	-0.0541982	-0.0537764	-0.0559498	-0.0552803	-0.05554	-0.0586369	-0.0540127	-0.0592177	-0.0560342	-0.0552054	-0.058362	-0.057905	-0.0564684	-0.0651511	-0.0670444	-0.0639899	
-0.0523988	-0.0553377	-0.0521439	-0.054926	-0.0527874	-0.0539096	-0.053812	-0.0529548	-0.0545302	-0.0527075	-0.0543595	-0.0534141	-0.053692	-0.0541273	-0.0545264	-0.0537387	-0.0575786	-0.0552054	-0.0591828	-0.0617498	-0.0607509	-0.0636854	-0.0671422	-0.0607596	-0.0622414	
-0.0530817	-0.0544798	-0.0526954	-0.0536368	-0.053217	-0.0528523	-0.0538382	-0.0526994	-0.0542433	-0.0532768	-0.0547575	-0.0542406	-0.0559638	-0.055365	-0.057911	-0.0568153	-0.0601798	-0.058362	-0.0617498	-0.0604571	-0.060714	-0.0621625	-0.0632827	-0.0618045	-0.0693997	
-0.0539439	-0.0572291	-0.0539521	-0.0554037	-0.0552658	-0.0536219	-0.0567484	-0.052918	-0.0574449	-0.054004	-0.0570004	-0.0564136	-0.0567824	-0.0577784	-0.0588759	-0.0570759	-0.0613175	-0.057905	-0.0607509	-0.060714	-0.0619777	-0.0632049	-0.0665291	-0.0668543	-0.0720229	
-0.0548761	-0.0589603	-0.0564859	-0.0570333	-0.0577683	-0.0558326	-0.0587178	-0.0549884	-0.0596813	-0.0547309	-0.0595917	-0.0564246	-0.0573259	-0.059428	-0.0559126	-0.059076	-0.0599612	-0.0564684	-0.0636854	-0.0621625	-0.0632049	-0.0672709	-0.0700078	-0.0654584	-0.0698701	
-0.0565195	-0.053605	-0.0565125	-0.0542419	-0.0548135	-0.0560564	-0.0533991	-0.0569228	-0.0538543	-0.0560921	-0.056023	-0.0554278	-0.0573313	-0.0586251	-0.0561754	-0.0646719	-0.0582835	-0.0651511	-0.0671422	-0.0632827	-0.0665291	-0.0700078	-0.0633216	-0.0643702	-0.0762759	
-0.0632997	-0.0579038	-0.0604306	-0.0590613	-0.0578981	-0.0605486	-0.0564878	-0.061947	-0.0567379	-0.0624759	-0.0594231	-0.0615968	-0.0635616	-0.061259	-0.0647061	-0.0645006	-0.0608355	-0.0670444	-0.0607596	-0.0618045	-0.0668543	-0.0654584	-0.0643702	-0.0789164	-0.0783404	
-0.0614998	-0.0596391	-0.0614692	-0.0598153	-0.0615878	-0.0600305	-0.0610871	-0.0609491	-0.0597823	-0.0620383	-0.0587707	-0.0615154	-0.0596685	-0.0588636	-0.0616357	-0.0582801	-0.0614211	-0.0639899	-0.0622414	-0.0693997	-0.0720229	-0.0698701	-0.0762759	-0.0783404	-0.0675376	
