-0.210511	-0.328766	-0.399258	-0.411255	-0.389409	-0.358323	-0.339869	-0.351316	-0.377654	-0.399609	-0.41027	-0.410473	-0.415085	-0.405421	-0.362184	-0.29983	-0.240888	-0.18561	-0.123923	-0.0601141	0.00236466	0.0505324	0.0573895	0.00966279	-0.0719189	
-0.328766	-0.461849	-0.533824	-0.545199	-0.523343	-0.48401	-0.456849	-0.44663	-0.448446	-0.449516	-0.436025	-0.414837	-0.396475	-0.362705	-0.296463	-0.207842	-0.128791	-0.0664016	-0.0127139	0.0356109	0.0734034	0.0907816	0.0758656	0.0108078	-0.0827721	
-0.399258	-0.533824	-0.609079	-0.630868	-0.609928	-0.560601	-0.51078	-0.473865	-0.444312	-0.420159	-0.394004	-0.36279	-0.32861	-0.285738	-0.212551	-0.114633	-0.0251871	0.043723	0.0882895	0.117281	0.123546	0.103984	0.0595306	-0.0217075	-0.121399	
-0.411255	-0.545199	-0.630868	-0.666788	-0.64351	-0.584247	-0.515183	-0.451795	-0.393367	-0.348463	-0.307831	-0.27191	-0.234081	-0.190893	-0.123071	-0.0339228	0.0517471	0.115296	0.154683	0.170517	0.152827	0.102111	0.0270806	-0.0719852	-0.176905	
-0.389409	-0.523343	-0.609928	-0.64351	-0.620203	-0.555314	-0.473917	-0.388022	-0.308038	-0.243248	-0.198945	-0.16842	-0.135704	-0.0928996	-0.0391465	0.0306533	0.101462	0.151298	0.182654	0.18707	0.156411	0.0836817	-0.00985801	-0.121548	-0.234035	
-0.358323	-0.48401	-0.560601	-0.584247	-0.555314	-0.485991	-0.392224	-0.286766	-0.195959	-0.125163	-0.0890102	-0.0717904	-0.0531071	-0.0253118	0.0117628	0.063208	0.119176	0.15764	0.180838	0.177771	0.134788	0.0494239	-0.0531471	-0.169123	-0.283192	
-0.339869	-0.456849	-0.51078	-0.515183	-0.473917	-0.392224	-0.279728	-0.164019	-0.0776181	-0.0251296	-0.00409116	-0.00332519	-0.00652333	0.000268521	0.024226	0.0620002	0.107215	0.140262	0.15441	0.144925	0.0917178	0.00497198	-0.0980874	-0.206661	-0.314252	
-0.351316	-0.44663	-0.473865	-0.451795	-0.388022	-0.286766	-0.164019	-0.0507471	0.0232145	0.0488441	0.0439017	0.0175218	-0.00975452	-0.0213581	-0.00897548	0.0243967	0.0659368	0.0971354	0.106413	0.0948789	0.0459261	-0.0348677	-0.131379	-0.225644	-0.315798	
-0.377654	-0.448446	-0.444312	-0.393367	-0.308038	-0.195959	-0.0776181	0.0232145	0.0749166	0.075094	0.0514288	0.00867566	-0.0360651	-0.0671377	-0.0671114	-0.0429418	-0.00693666	0.0307252	0.0451564	0.0362822	-0.00299227	-0.0712368	-0.14343	-0.210568	-0.269925	
-0.399609	-0.449516	-0.420159	-0.348463	-0.243248	-0.125163	-0.0251296	0.0488441	0.075094	0.0633155	0.0268151	-0.0224818	-0.0808058	-0.125864	-0.142434	-0.132672	-0.0951022	-0.0446781	-0.0170996	-0.0132189	-0.0396177	-0.0890921	-0.132868	-0.162249	-0.177361	
-0.41027	-0.436025	-0.394004	-0.307831	-0.198945	-0.0890102	-0.00409116	0.0439017	0.0514288	0.0268151	-0.0168724	-0.0733449	-0.135039	-0.18542	-0.210928	-0.207887	-0.170433	-0.114596	-0.0708097	-0.0481198	-0.0477503	-0.0626206	-0.0727979	-0.0615257	-0.0402825	
-0.410473	-0.414837	-0.36279	-0.27191	-0.16842	-0.0717904	-0.00332519	0.0175218	0.00867566	-0.0224818	-0.0733449	-0.136311	-0.197903	-0.24074	-0.260267	-0.254807	-0.215409	-0.154802	-0.0911832	-0.0418404	-0.00677878	0.022671	0.0576462	0.0979862	0.145983	
-0.415085	-0.396475	-0.32861	-0.234081	-0.135704	-0.0531071	-0.00652333	-0.00975452	-0.0360651	-0.0808058	-0.135039	-0.197903	-0.248787	-0.281551	-0.285347	-0.261615	-0.210159	-0.132951	-0.0473832	0.0355063	0.110422	0.1744	0.239852	0.301969	0.363422	
-0.405421	-0.362705	-0.285738	-0.190893	-0.0928996	-0.0253118	0.000268521	-0.0213581	-0.0671377	-0.125864	-0.18542	-0.24074	-0.281551	-0.294126	-0.276016	-0.22524	-0.14598	-0.042639	0.0701622	0.189515	0.301349	0.392477	0.473711	0.53837	0.598403	
-0.362184	-0.296463	-0.212551	-0.123071	-0.0391465	0.0117628	0.024226	-0.00897548	-0.0671114	-0.142434	-0.210928	-0.260267	-0.285347	-0.276016	-0.22533	-0.13976	-0.0263124	0.108007	0.256678	0.415196	0.553448	0.656467	0.742634	0.80583	0.853486	
-0.29983	-0.207842	-0.114633	-0.0339228	0.0306533	0.063208	0.0620002	0.0243967	-0.0429418	-0.132672	-0.207887	-0.254807	-0.261615	-0.22524	-0.13976	-0.0121832	0.140585	0.311095	0.498844	0.683744	0.83549	0.946182	1.0264	1.08039	1.11424	
-0.240888	-0.128791	-0.0251871	0.0517471	0.101462	0.119176	0.107215	0.0659368	-0.00693666	-0.0951022	-0.170433	-0.215409	-0.210159	-0.14598	-0.0263124	0.140585	0.338967	0.54975	0.763329	0.957993	1.11481	1.23014	1.30153	1.33028	1.34795	
-0.18561	-0.0664016	0.043723	0.115296	0.151298	0.15764	0.140262	0.0971354	0.0307252	-0.0446781	-0.114596	-0.154802	-0.132951	-0.042639	0.108007	0.311095	0.54975	0.791161	1.01767	1.21479	1.36305	1.46573	1.51979	1.5328	1.52984	
-0.123923	-0.0127139	0.0882895	0.154683	0.182654	0.180838	0.15441	0.106413	0.0451564	-0.0170996	-0.0708097	-0.0911832	-0.0473832	0.0701622	0.256678	0.498844	0.763329	1.01767	1.24005	1.42278	1.55289	1.63206	1.66035	1.65225	1.6274	
-0.0601141	0.0356109	0.117281	0.170517	0.18707	0.177771	0.144925	0.0948789	0.0362822	-0.0132189	-0.0481198	-0.0418404	0.0355063	0.189515	0.415196	0.683744	0.957993	1.21479	1.42278	1.5734	1.67519	1.72536	1.72457	1.68023	1.62763	
0.00236466	0.0734034	0.123546	0.152827	0.156411	0.134788	0.0917178	0.0459261	-0.00299227	-0.0396177	-0.0477503	-0.00677878	0.110422	0.301349	0.553448	0.83549	1.11481	1.36305	1.55289	1.67519	1.73883	1.75063	1.71189	1.63824	1.55649	
0.0505324	0.0907816	0.103984	0.102111	0.0836817	0.0494239	0.00497198	-0.0348677	-0.0712368	-0.0890921	-0.0626206	0.022671	0.1744	0.392477	0.656467	0.946182	1.23014	1.46573	1.63206	1.72536	1.75063	1.71537	1.63789	1.54025	1.43128	
0.0573895	0.0758656	0.0595306	0.0270806	-0.00985801	-0.0531471	-0.0980874	-0.131379	-0.14343	-0.132868	-0.0727979	0.0576462	0.239852	0.473711	0.742634	1.0264	1.30153	1.51979	1.66035	1.72457	1.71189	1.63789	1.53063	1.40483	1.26375	
0.00966279	0.0108078	-0.0217075	-0.0719852	-0.121548	-0.169123	-0.206661	-0.225644	-0.210568	-0.162249	-0.0615257	0.0979862	0.301969	0.53837	0.80583	1.08039	1.33028	1.5328	1.65225	1.68023	1.63824	1.54025	1.40483	1.24933	1.07638	
-0.0719189	-0.0827721	-0.121399	-0.176905	-0.234035	-0.283192	-0.314252	-0.315798	-0.269925	-0.177361	-0.0402825	0.145983	0.363422	0.598403	0.853486	1.11424	1.34795	1.52984	1.6274	1.62763	1.55649	1.43128	1.26375	1.07638	0.888559	
-0.146047	-0.165626	-0.210366	-0.273146	-0.340875	-0.390245	-0.406199	-0.386154	-0.313291	-0.184921	-0.0114582	0.198061	0.42984	0.669892	0.914455	1.15605	1.36908	1.52877	1.60781	1.58439	1.48062	1.32127	1.12255	0.911208	0.7058	
-0.20047	-0.232062	-0.291385	-0.36734	-0.440798	-0.485448	-0.487397	-0.44188	-0.341095	-0.185354	0.0195881	0.253699	0.50285	0.758019	0.997057	1.20984	1.3948	1.53026	1.58851	1.54655	1.41555	1.22881	1.00518	0.771615	0.545751	
-0.255345	-0.29893	-0.375906	-0.466368	-0.544558	-0.580301	-0.561388	-0.485779	-0.3559	-0.172427	0.0524164	0.312056	0.584055	0.850352	1.08128	1.26579	1.41474	1.52188	1.55939	1.5055	1.364	1.15637	0.917639	0.670215	0.435172	
-0.301786	-0.365345	-0.457441	-0.555198	-0.630739	-0.6561	-0.621754	-0.518494	-0.357882	-0.147996	0.0975739	0.37549	0.66672	0.930298	1.14845	1.31683	1.437	1.51044	1.52527	1.46135	1.31488	1.10103	0.85078	0.598358	0.361901	
-0.323362	-0.402709	-0.505899	-0.607241	-0.684593	-0.704408	-0.661207	-0.542446	-0.358712	-0.123079	0.136599	0.423636	0.722633	0.98486	1.19394	1.35234	1.45226	1.50267	1.50658	1.43249	1.27361	1.05517	0.806434	0.555191	0.318864	
-0.327269	-0.408288	-0.513186	-0.615779	-0.694627	-0.713546	-0.669026	-0.547349	-0.358264	-0.117729	0.142923	0.431813	0.732299	0.995683	1.2023	1.3573	1.45409	1.5011	1.50458	1.42827	1.26506	1.04418	0.798299	0.548186	0.312444	
-0.313224	-0.384965	-0.482569	-0.581343	-0.656336	-0.678703	-0.640672	-0.529742	-0.358027	-0.137333	0.115751	0.399019	0.693798	0.955786	1.16962	1.33405	1.445	1.50685	1.51496	1.44677	1.29664	1.08109	0.829178	0.577614	0.341018	
-0.276126	-0.32713	-0.409873	-0.504412	-0.582535	-0.613662	-0.587517	-0.499695	-0.357388	-0.163388	0.0695304	0.337297	0.618307	0.884343	1.11073	1.28781	1.42364	1.51717	1.54511	1.4869	1.34421	1.1334	0.888854	0.638461	0.401809	
-0.221898	-0.257487	-0.324432	-0.407499	-0.482679	-0.524065	-0.518176	-0.460786	-0.349105	-0.18186	0.0309762	0.276264	0.534179	0.79522	1.03193	1.23214	1.40295	1.52763	1.57833	1.53183	1.39366	1.19652	0.967559	0.726346	0.496211	
-0.168482	-0.193648	-0.24272	-0.3101	-0.380994	-0.429115	-0.439488	-0.409326	-0.325913	-0.186763	0.00152322	0.220078	0.459039	0.704307	0.945548	1.17643	1.37967	1.5305	1.60068	1.56867	1.45318	1.28196	1.07124	0.851216	0.636831	
-0.104856	-0.118878	-0.158492	-0.2165	-0.277842	-0.326829	-0.353251	-0.346957	-0.289109	-0.180739	-0.0293392	0.166736	0.389032	0.625083	0.875035	1.12867	1.35562	1.52859	1.61839	1.60956	1.52505	1.38636	1.20629	1.00821	0.814639	
-0.021327	-0.0254519	-0.0613029	-0.11453	-0.167622	-0.215971	-0.250708	-0.263504	-0.236553	-0.169704	-0.0538566	0.116135	0.325833	0.561622	0.825275	1.09497	1.3367	1.53196	1.64345	1.65827	1.60488	1.49777	1.34973	1.18097	1.0009	
0.0450164	0.0558923	0.0314412	-0.00983897	-0.0525999	-0.0982606	-0.141117	-0.169157	-0.170852	-0.146244	-0.0708512	0.0735211	0.266379	0.501847	0.771283	1.05128	1.31739	1.52938	1.66006	1.7101	1.68514	1.60105	1.48201	1.34419	1.18989	
0.058905	0.0899687	0.0898504	0.0747634	0.0482139	0.00933888	-0.0348323	-0.0723802	-0.100273	-0.107577	-0.068363	0.0351216	0.199579	0.425681	0.69269	0.981338	1.26404	1.49284	1.64926	1.73172	1.74066	1.68758	1.59819	1.48964	1.36873	
0.0251893	0.083626	0.119037	0.135708	0.131276	0.104753	0.0596484	0.0161674	-0.0284192	-0.0592736	-0.0530934	0.00527685	0.137456	0.340311	0.597922	0.884397	1.1666	1.40941	1.59001	1.7014	1.74975	1.74335	1.68808	1.60457	1.51232	
-0.0349412	0.0519055	0.122969	0.167915	0.179245	0.165508	0.129472	0.081069	0.0249253	-0.0194805	-0.0451665	-0.027336	0.0660774	0.236257	0.47486	0.749582	1.02478	1.27973	1.48189	1.62074	1.70718	1.74316	1.72763	1.6712	1.60659	
-0.0984928	0.0077631	0.101997	0.164427	0.188511	0.18381	0.154438	0.105396	0.0443488	-0.012678	-0.0594275	-0.0685442	-0.0123173	0.118067	0.320308	0.575101	0.845864	1.10188	1.31821	1.48888	1.60943	1.67794	1.69572	1.6725	1.63843	
-0.161151	-0.044563	0.0635343	0.133517	0.165502	0.168458	0.147833	0.102865	0.0392581	-0.0299926	-0.0946734	-0.128977	-0.0999447	0.000664969	0.165237	0.384596	0.635052	0.883391	1.11113	1.30518	1.44738	1.54103	1.58549	1.59201	1.58069	
-0.219574	-0.102905	0.00592801	0.080492	0.124247	0.137482	0.123483	0.080883	0.00999845	-0.0740156	-0.147881	-0.192835	-0.180964	-0.105946	0.0256552	0.206507	0.422975	0.647751	0.868337	1.06483	1.21894	1.33193	1.39748	1.41917	1.42844	
-0.275014	-0.173626	-0.0761811	0.00215727	0.060198	0.0860214	0.079508	0.0406646	-0.0300287	-0.121215	-0.196866	-0.242402	-0.244284	-0.19724	-0.0979818	0.0466703	0.217876	0.404742	0.603577	0.793334	0.949115	1.06335	1.14003	1.18391	1.21277	
-0.337741	-0.262408	-0.174729	-0.0885969	-0.0129397	0.0307169	0.0372596	0.00283443	-0.0592508	-0.141732	-0.213622	-0.26213	-0.279666	-0.259292	-0.194455	-0.0927987	0.0345183	0.183295	0.349044	0.520332	0.664741	0.770569	0.854834	0.916952	0.958727	
-0.392475	-0.339806	-0.260645	-0.167988	-0.0730806	-0.0113429	0.00827725	-0.018994	-0.0712634	-0.136204	-0.199015	-0.25098	-0.285903	-0.290409	-0.260523	-0.196651	-0.104306	0.0105774	0.136616	0.272504	0.39644	0.493002	0.578922	0.642306	0.698275	
-0.414456	-0.386129	-0.31375	-0.217772	-0.119792	-0.0435449	-0.00561027	-0.017676	-0.0512094	-0.101613	-0.157665	-0.217491	-0.265118	-0.290555	-0.286633	-0.252747	-0.191043	-0.104771	-0.00942443	0.0875533	0.178101	0.255046	0.327466	0.392706	0.455468	
-0.41188	-0.407547	-0.348466	-0.257121	-0.15682	-0.065291	-0.00505358	0.00600085	-0.0100062	-0.0456496	-0.0983554	-0.162061	-0.220056	-0.259511	-0.273287	-0.262431	-0.219899	-0.154241	-0.0823104	-0.0198914	0.0305069	0.0747979	0.124307	0.174931	0.2308	
-0.410914	-0.427647	-0.382224	-0.293141	-0.185719	-0.0810664	-0.0019961	0.0348675	0.035676	0.00835615	-0.0379079	-0.0981423	-0.160196	-0.208537	-0.233063	-0.230789	-0.193482	-0.136298	-0.0847352	-0.0525341	-0.0390549	-0.0355795	-0.0281016	-0.00396544	0.0286495	
