-0.490571	-0.469304	-0.410452	-0.307552	-0.169086	-0.0198907	0.115076	0.213425	0.278475	0.302932	0.295305	0.259087	0.195667	0.123901	0.0756018	0.0622909	0.0857307	0.150501	0.260655	0.393312	0.521911	0.627417	0.69106	0.694223	0.624703	
-0.469304	-0.405959	-0.313911	-0.19449	-0.0523856	0.0982375	0.230746	0.320421	0.373875	0.395956	0.383345	0.33363	0.252321	0.161373	0.0825604	0.0364045	0.0294157	0.068226	0.157064	0.271416	0.398055	0.513985	0.594996	0.618528	0.573142	
-0.410452	-0.313911	-0.200172	-0.0717124	0.0623612	0.197759	0.31696	0.393335	0.437035	0.452887	0.428698	0.364798	0.272273	0.16109	0.0555736	-0.0166992	-0.0453858	-0.0240756	0.0463896	0.151232	0.276877	0.403311	0.507596	0.555884	0.540813	
-0.307552	-0.19449	-0.0717124	0.052552	0.169876	0.281535	0.379311	0.441956	0.471	0.469132	0.422965	0.341616	0.23696	0.111454	-0.00754681	-0.0882925	-0.12509	-0.115598	-0.0548853	0.0464844	0.171626	0.309775	0.433931	0.509666	0.521261	
-0.169086	-0.0523856	0.0623612	0.169876	0.258497	0.337668	0.407685	0.455166	0.472675	0.450793	0.380397	0.279913	0.159195	0.026059	-0.0922954	-0.168468	-0.205384	-0.198341	-0.140039	-0.0383389	0.0912289	0.237989	0.37991	0.476652	0.507989	
-0.0198907	0.0982375	0.197759	0.281535	0.337668	0.375987	0.411432	0.44307	0.446464	0.408597	0.322784	0.204387	0.0711686	-0.0657279	-0.17649	-0.249422	-0.28297	-0.271985	-0.214183	-0.111233	0.0224111	0.175308	0.325584	0.436445	0.485343	
0.115076	0.230746	0.31696	0.379311	0.407685	0.411432	0.416359	0.419186	0.402318	0.353008	0.260501	0.133991	-0.00830907	-0.139861	-0.247058	-0.320896	-0.348486	-0.331991	-0.273087	-0.170072	-0.0340006	0.119439	0.264176	0.380166	0.445347	
0.213425	0.320421	0.393335	0.441956	0.455166	0.44307	0.419186	0.390706	0.35237	0.297911	0.205166	0.0761734	-0.0586549	-0.181936	-0.286462	-0.360205	-0.384414	-0.365483	-0.311706	-0.213556	-0.0791346	0.0641407	0.19769	0.310378	0.388152	
0.278475	0.373875	0.437035	0.471	0.472675	0.446464	0.402318	0.35237	0.306647	0.248137	0.155141	0.0383731	-0.0825723	-0.196099	-0.294763	-0.361556	-0.382126	-0.3718	-0.331632	-0.248219	-0.128268	0.000965998	0.124555	0.237056	0.323815	
0.302932	0.395956	0.452887	0.469132	0.450793	0.408597	0.353008	0.297911	0.248137	0.184415	0.100535	0.00381754	-0.103537	-0.20839	-0.289794	-0.336714	-0.352775	-0.35285	-0.331734	-0.273797	-0.181569	-0.0692155	0.0520099	0.170905	0.266506	
0.295305	0.383345	0.428698	0.422965	0.380397	0.322784	0.260501	0.205166	0.155141	0.100535	0.0376929	-0.040098	-0.137195	-0.228372	-0.287134	-0.31409	-0.325489	-0.328779	-0.320593	-0.28969	-0.223725	-0.127705	-0.00371469	0.125846	0.229827	
0.259087	0.33363	0.364798	0.341616	0.279913	0.204387	0.133991	0.0761734	0.0383731	0.00381754	-0.040098	-0.100957	-0.177511	-0.244556	-0.286214	-0.307457	-0.316766	-0.319467	-0.320897	-0.30504	-0.256512	-0.169901	-0.0462485	0.09214	0.210956	
0.195667	0.252321	0.272273	0.23696	0.159195	0.0711686	-0.00830907	-0.0586549	-0.0825723	-0.103537	-0.137195	-0.177511	-0.2197	-0.259142	-0.291795	-0.310816	-0.320375	-0.325977	-0.331169	-0.31752	-0.268899	-0.186763	-0.0687631	0.0720422	0.20421	
0.123901	0.161373	0.16109	0.111454	0.026059	-0.0657279	-0.139861	-0.181936	-0.196099	-0.20839	-0.228372	-0.244556	-0.259142	-0.280063	-0.300407	-0.311725	-0.323587	-0.333324	-0.338929	-0.317092	-0.262986	-0.18167	-0.0687927	0.0661279	0.206649	
0.0756018	0.0825604	0.0555736	-0.00754681	-0.0922954	-0.17649	-0.247058	-0.286462	-0.294763	-0.289794	-0.287134	-0.286214	-0.291795	-0.300407	-0.304216	-0.308099	-0.321687	-0.334134	-0.336755	-0.314307	-0.263951	-0.183499	-0.0732485	0.0585203	0.203617	
0.0622909	0.0364045	-0.0166992	-0.0882925	-0.168468	-0.249422	-0.320896	-0.360205	-0.361556	-0.336714	-0.31409	-0.307457	-0.310816	-0.311725	-0.308099	-0.309118	-0.321382	-0.328458	-0.330538	-0.319315	-0.282744	-0.208445	-0.100221	0.031536	0.183201	
0.0857307	0.0294157	-0.0453858	-0.12509	-0.205384	-0.28297	-0.348486	-0.384414	-0.382126	-0.352775	-0.325489	-0.316766	-0.320375	-0.323587	-0.321687	-0.321382	-0.323204	-0.322034	-0.327878	-0.328633	-0.306967	-0.245891	-0.146082	-0.0178135	0.138673	
0.150501	0.068226	-0.0240756	-0.115598	-0.198341	-0.271985	-0.331991	-0.365483	-0.3718	-0.35285	-0.328779	-0.319467	-0.325977	-0.333324	-0.334134	-0.328458	-0.322034	-0.323612	-0.336228	-0.348521	-0.340175	-0.294885	-0.212352	-0.0898206	0.0692715	
0.260655	0.157064	0.0463896	-0.0548853	-0.140039	-0.214183	-0.273087	-0.311706	-0.331632	-0.331734	-0.320593	-0.320897	-0.331169	-0.338929	-0.336755	-0.330538	-0.327878	-0.336228	-0.358729	-0.381176	-0.385881	-0.356588	-0.288527	-0.175189	-0.0121793	
0.393312	0.271416	0.151232	0.0464844	-0.0383389	-0.111233	-0.170072	-0.213556	-0.248219	-0.273797	-0.28969	-0.30504	-0.31752	-0.317092	-0.314307	-0.319315	-0.328633	-0.348521	-0.381176	-0.42	-0.439398	-0.423971	-0.368878	-0.260696	-0.0947908	
0.521911	0.398055	0.276877	0.171626	0.0912289	0.0224111	-0.0340006	-0.0791346	-0.128268	-0.181569	-0.223725	-0.256512	-0.268899	-0.262986	-0.263951	-0.282744	-0.306967	-0.340175	-0.385881	-0.439398	-0.47384	-0.471015	-0.428621	-0.326828	-0.162776	
0.627417	0.513985	0.403311	0.309775	0.237989	0.175308	0.119439	0.0641407	0.000965998	-0.0692155	-0.127705	-0.169901	-0.186763	-0.18167	-0.183499	-0.208445	-0.245891	-0.294885	-0.356588	-0.423971	-0.471015	-0.48439	-0.453442	-0.363009	-0.210907	
0.69106	0.594996	0.507596	0.433931	0.37991	0.325584	0.264176	0.19769	0.124555	0.0520099	-0.00371469	-0.0462485	-0.0687631	-0.0687927	-0.0732485	-0.100221	-0.146082	-0.212352	-0.288527	-0.368878	-0.428621	-0.453442	-0.436459	-0.359397	-0.222153	
0.694223	0.618528	0.555884	0.509666	0.476652	0.436445	0.380166	0.310378	0.237056	0.170905	0.125846	0.09214	0.0720422	0.0661279	0.0585203	0.031536	-0.0178135	-0.0898206	-0.175189	-0.260696	-0.326828	-0.363009	-0.359397	-0.29843	-0.167773	
0.624703	0.573142	0.540813	0.521261	0.507989	0.485343	0.445347	0.388152	0.323815	0.266506	0.229827	0.210956	0.20421	0.206649	0.203617	0.183201	0.138673	0.0692715	-0.0121793	-0.0947908	-0.162776	-0.210907	-0.222153	-0.167773	-0.0321425	
0.499441	0.476539	0.472377	0.472094	0.470142	0.461786	0.442494	0.411066	0.368626	0.32527	0.299556	0.296469	0.312736	0.334406	0.346739	0.338648	0.306179	0.249955	0.182508	0.11107	0.04188	-0.0114136	-0.0240563	0.036905	0.1832	
0.340975	0.336301	0.350227	0.36965	0.382495	0.393108	0.400895	0.39468	0.375192	0.350873	0.338399	0.356822	0.399391	0.44367	0.474748	0.485995	0.472119	0.438438	0.386783	0.321581	0.252649	0.204212	0.210384	0.286851	0.439822	
0.17472	0.175501	0.196797	0.227957	0.262539	0.302553	0.336759	0.354063	0.351862	0.344643	0.351353	0.39257	0.459455	0.525076	0.576716	0.611502	0.62396	0.611766	0.577303	0.522181	0.461917	0.431766	0.458347	0.547171	0.700245	
0.0336919	0.0368857	0.0560738	0.0959844	0.147791	0.213356	0.275132	0.309918	0.32195	0.327857	0.345598	0.401357	0.487102	0.575101	0.655392	0.717053	0.745039	0.743344	0.719576	0.685366	0.646442	0.630377	0.664475	0.754539	0.914903	
-0.0471257	-0.0394034	-0.0203986	0.0179143	0.0738604	0.150838	0.227104	0.278297	0.30284	0.318375	0.339691	0.398425	0.493789	0.602345	0.707751	0.787577	0.816751	0.808829	0.791709	0.778737	0.762292	0.752756	0.781043	0.870824	1.04367	
-0.0604649	-0.0509482	-0.0320891	0.00516279	0.0603104	0.138272	0.216809	0.270905	0.299416	0.31662	0.338644	0.397373	0.494374	0.607098	0.718468	0.800229	0.82887	0.81834	0.801986	0.794869	0.78242	0.774413	0.800741	0.890189	1.06645	
-0.00657677	-0.00186063	0.0168027	0.0570683	0.112307	0.184083	0.253869	0.29587	0.313132	0.323492	0.342673	0.400357	0.491035	0.588733	0.680421	0.751168	0.780171	0.777203	0.756752	0.731757	0.70292	0.68988	0.72246	0.81233	0.977694	
0.112933	0.114747	0.135776	0.170379	0.212918	0.264771	0.310327	0.335668	0.339067	0.337488	0.350102	0.398768	0.474273	0.548588	0.610788	0.6563	0.67746	0.671391	0.642238	0.594189	0.541552	0.518411	0.549985	0.640347	0.794271	
0.27369	0.272786	0.2908	0.315852	0.337104	0.358192	0.377503	0.380448	0.368953	0.351499	0.346286	0.374481	0.427061	0.479773	0.518419	0.538555	0.535655	0.511605	0.466102	0.404002	0.336605	0.295021	0.310305	0.392545	0.546205	
0.439081	0.425217	0.429978	0.437253	0.440356	0.438298	0.428459	0.408277	0.375162	0.339958	0.319008	0.323407	0.350229	0.381083	0.400514	0.399663	0.373279	0.325155	0.264197	0.195275	0.126357	0.0728903	0.0658153	0.13309	0.283013	
0.579751	0.539703	0.519204	0.508135	0.500364	0.483646	0.451775	0.403055	0.34694	0.294325	0.261699	0.248774	0.250041	0.259481	0.26221	0.245426	0.205112	0.139633	0.0631088	-0.014258	-0.0833203	-0.134635	-0.149308	-0.0937917	0.04655	
0.674796	0.608016	0.55709	0.521841	0.497846	0.464678	0.414103	0.347478	0.275739	0.213063	0.17169	0.143491	0.127441	0.122856	0.115343	0.0906611	0.0417927	-0.0298319	-0.115185	-0.200765	-0.267848	-0.309433	-0.312061	-0.255384	-0.123974	
0.700534	0.612522	0.535222	0.472179	0.42592	0.376279	0.314493	0.245316	0.171137	0.100602	0.0492954	0.00938674	-0.0130662	-0.0167325	-0.0227366	-0.0503524	-0.0979517	-0.168055	-0.249324	-0.332979	-0.396152	-0.424932	-0.412896	-0.342489	-0.209952	
0.658934	0.551536	0.44942	0.363175	0.298042	0.237764	0.179997	0.11946	0.0521825	-0.0206369	-0.0804765	-0.124203	-0.143942	-0.140128	-0.143016	-0.168567	-0.209922	-0.266171	-0.334462	-0.407401	-0.460076	-0.478163	-0.452672	-0.367628	-0.221391	
0.567846	0.447256	0.328404	0.226049	0.147761	0.0818274	0.0259496	-0.0216083	-0.0768943	-0.138389	-0.188967	-0.22725	-0.239882	-0.233837	-0.235116	-0.257379	-0.287797	-0.326585	-0.378484	-0.437499	-0.476569	-0.480596	-0.442617	-0.344997	-0.18465	
0.446803	0.321969	0.200534	0.0947117	0.0107594	-0.0606857	-0.117879	-0.162092	-0.202348	-0.240439	-0.267693	-0.290067	-0.302714	-0.298903	-0.297612	-0.308671	-0.323826	-0.349121	-0.38628	-0.431159	-0.457343	-0.446519	-0.397178	-0.290859	-0.12407	
0.312485	0.200613	0.0848338	-0.0181269	-0.103896	-0.178284	-0.237578	-0.278079	-0.304115	-0.313338	-0.311749	-0.317337	-0.328604	-0.334262	-0.331276	-0.327778	-0.329766	-0.342025	-0.368567	-0.397238	-0.407401	-0.384437	-0.321057	-0.210475	-0.0459307	
0.189971	0.0985792	-0.00167913	-0.0972881	-0.180851	-0.25395	-0.31361	-0.348765	-0.359722	-0.34775	-0.327143	-0.320595	-0.328951	-0.338016	-0.337784	-0.330513	-0.323446	-0.327659	-0.343915	-0.359805	-0.356829	-0.317836	-0.241722	-0.122588	0.037321	
0.106308	0.0390992	-0.043093	-0.127654	-0.208665	-0.284301	-0.347049	-0.381434	-0.381317	-0.354184	-0.32782	-0.317985	-0.322859	-0.327346	-0.327537	-0.324825	-0.322368	-0.321352	-0.329223	-0.335201	-0.318758	-0.264185	-0.170843	-0.0443474	0.113313	
0.0669732	0.0289914	-0.0332312	-0.107788	-0.187903	-0.268036	-0.337901	-0.376242	-0.374977	-0.345892	-0.319876	-0.312515	-0.315413	-0.316412	-0.312104	-0.313745	-0.322552	-0.325607	-0.32893	-0.322286	-0.291983	-0.222357	-0.11631	0.0144073	0.168571	
0.065739	0.0585475	0.0209652	-0.0453469	-0.127534	-0.21019	-0.281414	-0.320401	-0.32638	-0.312652	-0.300823	-0.296476	-0.301472	-0.305557	-0.305216	-0.307267	-0.320986	-0.332607	-0.333732	-0.315571	-0.269825	-0.190778	-0.0815236	0.0504701	0.197674	
0.100445	0.127297	0.116393	0.060799	-0.0247728	-0.114563	-0.186562	-0.226791	-0.23857	-0.244871	-0.256714	-0.2638	-0.27312	-0.289037	-0.302523	-0.310689	-0.323117	-0.334473	-0.339141	-0.315377	-0.261292	-0.179914	-0.067776	0.0647423	0.206952	
0.166019	0.21625	0.22968	0.188184	0.10652	0.0154243	-0.0630809	-0.109264	-0.128664	-0.146828	-0.176327	-0.20703	-0.235808	-0.266732	-0.295425	-0.312003	-0.321988	-0.329481	-0.335393	-0.318706	-0.268147	-0.186527	-0.0710292	0.0682314	0.204195	
0.23601	0.303805	0.33093	0.302616	0.233266	0.15168	0.076827	0.0213928	-0.0109395	-0.038045	-0.0776346	-0.130968	-0.194544	-0.249717	-0.287476	-0.308119	-0.317324	-0.321047	-0.324245	-0.310951	-0.263543	-0.179945	-0.0580341	0.0825936	0.207104	
0.284475	0.367467	0.407272	0.39345	0.343356	0.278615	0.214155	0.156979	0.110471	0.0632393	0.00947512	-0.0619085	-0.153457	-0.235974	-0.286396	-0.309619	-0.319419	-0.322601	-0.319167	-0.29527	-0.238675	-0.146914	-0.0228788	0.110575	0.220686	
