-0.130513	-0.136306	-0.137064	-0.138266	-0.138821	-0.137894	-0.139308	-0.136875	-0.137683	-0.13262	-0.127772	-0.113815	-0.0906364	-0.0507262	0.0132808	0.103945	0.224476	0.365319	0.505672	0.623498	0.680373	0.667566	0.575775	0.425993	0.247499	
-0.1215	-0.127895	-0.130852	-0.13327	-0.13306	-0.134202	-0.132702	-0.132646	-0.128845	-0.125332	-0.114104	-0.0987643	-0.0666435	-0.0199146	0.0558775	0.157538	0.288058	0.432987	0.570076	0.67054	0.706369	0.660978	0.546305	0.373845	0.182061	
-0.0991015	-0.104525	-0.110419	-0.111241	-0.112582	-0.112887	-0.111456	-0.111395	-0.106286	-0.102588	-0.0885327	-0.0708295	-0.0334639	0.0196357	0.103254	0.212646	0.347954	0.490611	0.617218	0.695063	0.702468	0.626056	0.483236	0.29296	0.0844219	
-0.0815268	-0.0889438	-0.0936303	-0.094937	-0.0960132	-0.0960287	-0.0954339	-0.0945087	-0.0910072	-0.0854609	-0.0727737	-0.0511629	-0.0131191	0.0465636	0.13309	0.247921	0.381448	0.517325	0.625218	0.676937	0.650575	0.54313	0.373953	0.166377	-0.052229	
-0.103403	-0.110584	-0.114587	-0.115706	-0.115949	-0.116421	-0.115494	-0.115608	-0.112059	-0.107494	-0.0938859	-0.0717331	-0.030273	0.0326339	0.12421	0.241291	0.373642	0.499669	0.590031	0.614111	0.559994	0.423706	0.236499	0.0171016	-0.208229	
-0.16114	-0.168089	-0.172386	-0.172431	-0.172995	-0.172942	-0.172624	-0.172808	-0.170063	-0.164989	-0.151622	-0.12636	-0.0831753	-0.0138959	0.080727	0.201925	0.331529	0.447852	0.520854	0.520408	0.440748	0.286244	0.0830891	-0.135917	-0.36404	
-0.240335	-0.250838	-0.254322	-0.255077	-0.256091	-0.254694	-0.256576	-0.25374	-0.254088	-0.244259	-0.23261	-0.200524	-0.154937	-0.0777152	0.022323	0.146975	0.275252	0.38196	0.436901	0.41641	0.312219	0.144937	-0.0670969	-0.286465	-0.505848	
-0.33416	-0.34643	-0.351198	-0.352711	-0.35357	-0.35274	-0.35368	-0.351439	-0.349406	-0.339604	-0.322612	-0.288349	-0.233654	-0.151209	-0.0420823	0.0861758	0.213484	0.312783	0.351977	0.314067	0.194805	0.017157	-0.193179	-0.407726	-0.615376	
-0.421432	-0.437791	-0.443887	-0.44749	-0.447943	-0.44825	-0.447848	-0.445572	-0.441271	-0.428892	-0.407807	-0.366649	-0.305074	-0.21224	-0.0958377	0.0387716	0.16595	0.258189	0.286367	0.234497	0.106138	-0.0718142	-0.276616	-0.475829	-0.665008	
-0.479622	-0.501115	-0.510858	-0.516136	-0.518337	-0.517842	-0.517861	-0.512693	-0.506591	-0.488938	-0.461769	-0.412341	-0.33916	-0.236256	-0.106958	0.033597	0.164241	0.252352	0.271043	0.212059	0.0777195	-0.0966547	-0.289818	-0.476542	-0.642934	
-0.481109	-0.508479	-0.522319	-0.531063	-0.533401	-0.534884	-0.531861	-0.527074	-0.514621	-0.494411	-0.456992	-0.400081	-0.313458	-0.198699	-0.0579645	0.0916605	0.223521	0.30958	0.321001	0.254726	0.120939	-0.0508953	-0.230655	-0.403908	-0.553611	
-0.408169	-0.441781	-0.460251	-0.471896	-0.475569	-0.477507	-0.473274	-0.466324	-0.450033	-0.424002	-0.379205	-0.312134	-0.21449	-0.0881012	0.0628978	0.21712	0.350254	0.428232	0.432019	0.355796	0.218813	0.0496293	-0.123062	-0.285421	-0.421163	
-0.275541	-0.313948	-0.337556	-0.35075	-0.356711	-0.358074	-0.353554	-0.344258	-0.324503	-0.293719	-0.241334	-0.166349	-0.0579204	0.0774784	0.236251	0.393628	0.522887	0.593765	0.584872	0.500181	0.357644	0.188559	0.0213233	-0.135392	-0.261692	
-0.0981078	-0.141626	-0.167853	-0.183958	-0.189898	-0.192578	-0.186198	-0.176403	-0.152932	-0.118765	-0.0603145	0.0215879	0.137472	0.280253	0.442704	0.599742	0.722791	0.781522	0.761235	0.663525	0.517605	0.346279	0.183575	0.0324444	-0.0861605	
0.106937	0.0605494	0.0298501	0.0133634	0.00517883	0.00345477	0.00956141	0.021457	0.0469763	0.0851501	0.148605	0.236718	0.359404	0.50737	0.672694	0.826658	0.942054	0.987664	0.9534	0.844144	0.690026	0.517122	0.352495	0.204427	0.0878085	
0.327896	0.277216	0.244881	0.226664	0.217812	0.216277	0.222265	0.236047	0.262499	0.304702	0.370965	0.465091	0.591349	0.743719	0.907864	1.05767	1.16165	1.19347	1.14318	1.02116	0.858165	0.679368	0.511839	0.359767	0.242232	
0.54914	0.497231	0.462686	0.44397	0.434681	0.432764	0.43963	0.453213	0.481954	0.524921	0.595036	0.690984	0.820713	0.972526	1.1339	1.27411	1.36448	1.37698	1.30868	1.16827	0.992751	0.802881	0.625261	0.466386	0.339459	
0.738349	0.684871	0.650166	0.631654	0.621555	0.620875	0.626141	0.641692	0.668517	0.71446	0.782988	0.882201	1.00949	1.16058	1.3138	1.44292	1.51538	1.50767	1.41707	1.25877	1.06501	0.863305	0.670887	0.500172	0.363346	
0.865422	0.813083	0.779104	0.761077	0.751717	0.750652	0.756232	0.770437	0.797524	0.841463	0.910564	1.00678	1.1329	1.27697	1.42153	1.53506	1.58799	1.55765	1.44453	1.26556	1.05638	0.839025	0.635715	0.453747	0.307972	
0.908614	0.856842	0.824064	0.806868	0.797829	0.797169	0.801923	0.816112	0.841275	0.88546	0.951622	1.04796	1.16874	1.30889	1.44203	1.54198	1.57605	1.52458	1.39152	1.19517	0.970534	0.743996	0.528102	0.341031	0.190434	
0.868085	0.817312	0.785361	0.76913	0.76012	0.760168	0.763883	0.778151	0.801959	0.845419	0.910795	1.0048	1.12399	1.25753	1.38341	1.47001	1.48854	1.42092	1.27118	1.06391	0.830558	0.597933	0.38077	0.191031	0.044018	
0.767562	0.716033	0.684433	0.667565	0.659437	0.658514	0.663215	0.676421	0.701067	0.744332	0.810006	0.904792	1.02198	1.15427	1.27289	1.35173	1.35826	1.27809	1.11887	0.903108	0.666599	0.433754	0.216128	0.0330059	-0.107954	
0.634051	0.581184	0.548325	0.531578	0.522175	0.522585	0.525866	0.541198	0.565051	0.610864	0.677364	0.773973	0.89278	1.02349	1.14081	1.21308	1.21328	1.12634	0.960704	0.745014	0.508223	0.280016	0.0687718	-0.108403	-0.237641	
0.50151	0.445883	0.411866	0.393103	0.38424	0.38318	0.388341	0.402979	0.429793	0.476482	0.546425	0.645681	0.76643	0.899405	1.01438	1.08523	1.07983	0.988865	0.821283	0.604576	0.372417	0.148813	-0.0556198	-0.222242	-0.341176	
0.385117	0.326852	0.290408	0.270917	0.260455	0.260456	0.264741	0.281989	0.309145	0.359673	0.431866	0.534988	0.659285	0.793569	0.910719	0.978918	0.972778	0.879365	0.711119	0.497954	0.268487	0.0521223	-0.145704	-0.304979	-0.413278	
0.297805	0.236564	0.19854	0.17711	0.16664	0.165644	0.171354	0.188609	0.218516	0.270506	0.34625	0.452363	0.57923	0.716537	0.832895	0.902004	0.892558	0.798697	0.630107	0.418305	0.193775	-0.0183841	-0.209531	-0.361009	-0.460965	
0.236564	0.173175	0.133157	0.110798	0.0993736	0.0987278	0.104353	0.123216	0.154099	0.208791	0.286899	0.39587	0.525982	0.664284	0.782993	0.850107	0.841194	0.745279	0.577227	0.367391	0.144931	-0.0626423	-0.249998	-0.396627	-0.490503	
0.19854	0.133157	0.0920221	0.0686472	0.056822	0.0559959	0.062	0.0814273	0.11351	0.169678	0.249508	0.360831	0.492035	0.632622	0.750273	0.81839	0.806831	0.711236	0.542365	0.333912	0.113885	-0.0910998	-0.274752	-0.417426	-0.506374	
0.17711	0.110798	0.0686472	0.0445596	0.0326214	0.031485	0.0380563	0.0576981	0.0910122	0.147896	0.229693	0.341754	0.475269	0.615562	0.734824	0.801051	0.789938	0.692365	0.523872	0.31537	0.0964879	-0.107151	-0.289069	-0.429524	-0.516204	
0.16664	0.0993736	0.056822	0.0326214	0.0200934	0.01947	0.0254478	0.0460547	0.0788965	0.137182	0.218599	0.33241	0.465335	0.607255	0.72534	0.792532	0.779963	0.683028	0.513849	0.306546	0.0879396	-0.114083	-0.295175	-0.434444	-0.51902	
0.165644	0.0987278	0.0559959	0.031485	0.01947	0.018106	0.0250706	0.0446927	0.0788561	0.136003	0.218959	0.331532	0.465958	0.606628	0.725767	0.791822	0.779685	0.681746	0.512844	0.304464	0.0865632	-0.11647	-0.296883	-0.435819	-0.520835	
0.171354	0.104353	0.062	0.0380563	0.0254478	0.0250706	0.0307022	0.0515276	0.083792	0.142188	0.222936	0.336667	0.469183	0.6109	0.729236	0.796291	0.784469	0.687501	0.518652	0.311337	0.0921844	-0.109947	-0.291843	-0.431827	-0.517096	
0.188609	0.123216	0.0814273	0.0576981	0.0460547	0.0446927	0.0515276	0.0703897	0.103842	0.159516	0.241121	0.351983	0.484927	0.62483	0.743466	0.810488	0.799019	0.702292	0.533616	0.324491	0.105488	-0.0996134	-0.282094	-0.423426	-0.511767	
0.218516	0.154099	0.11351	0.0910122	0.0788965	0.0788561	0.083792	0.103842	0.134204	0.190563	0.268434	0.37928	0.509273	0.648986	0.767263	0.834802	0.825175	0.729453	0.561203	0.352636	0.13074	-0.0748721	-0.261015	-0.406165	-0.497432	
0.270506	0.208791	0.169678	0.147896	0.137182	0.136003	0.142188	0.159516	0.190563	0.242991	0.320435	0.427219	0.555808	0.693394	0.810564	0.878987	0.86934	0.774537	0.60617	0.394508	0.171431	-0.0394284	-0.228701	-0.377503	-0.47529	
0.34625	0.286899	0.249508	0.229693	0.218599	0.218959	0.222936	0.241121	0.268434	0.320435	0.393342	0.498194	0.623364	0.758803	0.876071	0.944168	0.937288	0.84353	0.675246	0.46328	0.235372	0.0214501	-0.173801	-0.330149	-0.434564	
0.452363	0.39587	0.360831	0.341754	0.33241	0.331532	0.336667	0.351983	0.37928	0.427219	0.498194	0.599021	0.720881	0.854748	0.969867	1.04	1.03365	0.941453	0.773616	0.557496	0.326882	0.105722	-0.0960495	-0.259012	-0.373845	
0.57923	0.525982	0.492035	0.475269	0.465335	0.465958	0.469183	0.484927	0.509273	0.555808	0.623364	0.720881	0.840667	0.971602	1.0885	1.15938	1.15759	1.06872	0.901934	0.686186	0.450657	0.224518	0.0158253	-0.15744	-0.282593	
0.716537	0.664284	0.632622	0.615562	0.607255	0.606628	0.6109	0.62483	0.648986	0.693394	0.758803	0.854748	0.971602	1.10376	1.2208	1.29703	1.30038	1.21667	1.05483	0.837877	0.601258	0.369622	0.154102	-0.0265966	-0.162993	
0.832895	0.782993	0.750273	0.734824	0.72534	0.725767	0.729236	0.743466	0.767263	0.810564	0.876071	0.969867	1.0885	1.2208	1.34385	1.42676	1.43998	1.36711	1.21261	1.00178	0.766313	0.533119	0.315053	0.127511	-0.0181537	
0.902004	0.850107	0.81839	0.801051	0.792532	0.791822	0.796291	0.810488	0.834802	0.878987	0.944168	1.04	1.15938	1.29703	1.42676	1.52081	1.54855	1.48938	1.34963	1.14765	0.919212	0.689352	0.472459	0.283418	0.134073	
0.892558	0.841194	0.806831	0.789938	0.779963	0.779685	0.784469	0.799019	0.825175	0.86934	0.937288	1.03365	1.15759	1.30038	1.43998	1.54855	1.59318	1.55467	1.43281	1.24666	1.03066	0.809156	0.599723	0.415491	0.266326	
0.798697	0.745279	0.711236	0.692365	0.683028	0.681746	0.687501	0.702292	0.729453	0.774537	0.84353	0.941453	1.06872	1.21667	1.36711	1.48938	1.55467	1.53726	1.43796	1.27092	1.07121	0.862668	0.666383	0.490385	0.35008	
0.630107	0.577227	0.542365	0.523872	0.513849	0.512844	0.518652	0.533616	0.561203	0.60617	0.675246	0.773616	0.901934	1.05483	1.21261	1.34963	1.43281	1.43796	1.36099	1.21378	1.031	0.836947	0.652875	0.489642	0.358597	
0.418305	0.367391	0.333912	0.31537	0.306546	0.304464	0.311337	0.324491	0.352636	0.394508	0.46328	0.557496	0.686186	0.837877	1.00178	1.14765	1.24666	1.27092	1.21378	1.08445	0.917406	0.734045	0.563842	0.409593	0.288748	
0.193775	0.144931	0.113885	0.0964879	0.0879396	0.0865632	0.0921844	0.105488	0.13074	0.171431	0.235372	0.326882	0.450657	0.601258	0.766313	0.919212	1.03066	1.07121	1.031	0.917406	0.759752	0.585469	0.419906	0.270318	0.154572	
-0.0183841	-0.0626423	-0.0910998	-0.107151	-0.114083	-0.11647	-0.109947	-0.0996134	-0.0748721	-0.0394284	0.0214501	0.105722	0.224518	0.369622	0.533119	0.689352	0.809156	0.862668	0.836947	0.734045	0.585469	0.413295	0.250208	0.101526	-0.0163279	
-0.209531	-0.249998	-0.274752	-0.289069	-0.295175	-0.296883	-0.291843	-0.282094	-0.261015	-0.228701	-0.173801	-0.0960495	0.0158253	0.154102	0.315053	0.472459	0.599723	0.666383	0.652875	0.563842	0.419906	0.250208	0.0855571	-0.0696392	-0.191963	
-0.361009	-0.396627	-0.417426	-0.429524	-0.434444	-0.435819	-0.431827	-0.423426	-0.406165	-0.377503	-0.330149	-0.259012	-0.15744	-0.0265966	0.127511	0.283418	0.415491	0.490385	0.489642	0.409593	0.270318	0.101526	-0.0696392	-0.228717	-0.36076	
-0.460965	-0.490503	-0.506374	-0.516204	-0.51902	-0.520835	-0.517096	-0.511767	-0.497432	-0.47529	-0.434564	-0.373845	-0.282593	-0.162993	-0.0181537	0.134073	0.266326	0.35008	0.358597	0.288748	0.154572	-0.0163279	-0.191963	-0.36076	-0.50442	
