-0.695321	-0.737299	-0.742178	-0.711084	-0.638971	-0.514445	-0.358731	-0.184586	-0.00340731	0.146809	0.256642	0.329375	0.387965	0.417626	0.407291	0.362557	0.295908	0.217448	0.14184	0.0837471	0.0544891	0.0528646	0.0807076	0.140014	0.221793	
-0.737299	-0.772405	-0.769929	-0.722395	-0.64405	-0.527043	-0.373683	-0.197453	-0.0195711	0.120692	0.219457	0.283881	0.32923	0.346989	0.3333	0.2946	0.237889	0.174999	0.126808	0.107083	0.118982	0.166213	0.245162	0.34663	0.453485	
-0.742178	-0.769929	-0.750208	-0.6902	-0.613854	-0.513175	-0.370913	-0.211618	-0.056147	0.0634618	0.145861	0.19592	0.227139	0.234946	0.224294	0.192059	0.146435	0.100098	0.0823377	0.100569	0.152896	0.242769	0.370239	0.51055	0.641181	
-0.711084	-0.722395	-0.6902	-0.6263	-0.558698	-0.475371	-0.363581	-0.24044	-0.118073	-0.0184709	0.0472799	0.0880508	0.107786	0.10824	0.0945838	0.0603061	0.018205	-0.00972792	0.00125118	0.0591643	0.152814	0.281608	0.444198	0.61673	0.764754	
-0.638971	-0.64405	-0.613854	-0.558698	-0.497714	-0.42985	-0.355422	-0.27425	-0.183728	-0.106274	-0.0589438	-0.0281378	-0.0151361	-0.0215558	-0.0480695	-0.0924019	-0.133121	-0.15197	-0.117531	-0.0222194	0.109038	0.274161	0.463287	0.653389	0.815388	
-0.514445	-0.527043	-0.513175	-0.475371	-0.42985	-0.38657	-0.347796	-0.299933	-0.237293	-0.183396	-0.15584	-0.133796	-0.128792	-0.148783	-0.187429	-0.238669	-0.281333	-0.295138	-0.25044	-0.13492	0.0233783	0.21589	0.423977	0.62229	0.793088	
-0.358731	-0.373683	-0.370913	-0.363581	-0.355422	-0.347796	-0.342695	-0.322931	-0.284946	-0.250255	-0.23041	-0.22021	-0.231938	-0.269949	-0.318902	-0.368137	-0.406334	-0.411691	-0.361262	-0.243685	-0.0759846	0.127133	0.341181	0.539406	0.706081	
-0.184586	-0.197453	-0.211618	-0.24044	-0.27425	-0.299933	-0.322931	-0.333578	-0.322001	-0.300809	-0.285311	-0.2903	-0.320958	-0.369715	-0.422242	-0.465704	-0.490656	-0.483429	-0.428757	-0.317688	-0.156333	0.0408371	0.248642	0.436595	0.587098	
-0.00340731	-0.0195711	-0.056147	-0.118073	-0.183728	-0.237293	-0.284946	-0.322001	-0.33196	-0.32431	-0.322714	-0.345892	-0.383397	-0.430809	-0.479195	-0.510602	-0.519031	-0.498477	-0.44111	-0.341325	-0.195811	-0.02095	0.164005	0.329772	0.454157	
0.146809	0.120692	0.0634618	-0.0184709	-0.106274	-0.183396	-0.250255	-0.300809	-0.32431	-0.33474	-0.353084	-0.383661	-0.416801	-0.454107	-0.492083	-0.508621	-0.500561	-0.47034	-0.411611	-0.32152	-0.194642	-0.054224	0.0907028	0.218508	0.306345	
0.256642	0.219457	0.145861	0.0472799	-0.0589438	-0.15584	-0.23041	-0.285311	-0.322714	-0.353084	-0.382568	-0.410246	-0.430451	-0.446753	-0.462119	-0.45941	-0.440493	-0.412851	-0.367563	-0.293899	-0.189549	-0.0812748	0.0261149	0.119634	0.170949	
0.329375	0.283881	0.19592	0.0880508	-0.0281378	-0.133796	-0.22021	-0.2903	-0.345892	-0.383661	-0.410246	-0.425764	-0.430487	-0.423602	-0.413466	-0.391323	-0.362286	-0.340328	-0.307998	-0.253837	-0.177904	-0.0951862	-0.0197523	0.0368408	0.0619687	
0.387965	0.32923	0.227139	0.107786	-0.0151361	-0.128792	-0.231938	-0.320958	-0.383397	-0.416801	-0.430451	-0.430487	-0.418126	-0.390118	-0.35506	-0.314993	-0.277904	-0.254244	-0.233943	-0.203056	-0.151313	-0.0947029	-0.0434922	-0.00896255	-0.00739472	
0.417626	0.346989	0.234946	0.10824	-0.0215558	-0.148783	-0.269949	-0.369715	-0.430809	-0.454107	-0.446753	-0.423602	-0.390118	-0.340876	-0.287331	-0.233267	-0.187324	-0.163087	-0.149646	-0.131765	-0.106033	-0.0712868	-0.0399585	-0.0236932	-0.035211	
0.407291	0.3333	0.224294	0.0945838	-0.0480695	-0.187429	-0.318902	-0.422242	-0.479195	-0.492083	-0.462119	-0.413466	-0.35506	-0.287331	-0.214666	-0.145012	-0.0944847	-0.0711071	-0.0593973	-0.0515065	-0.0460057	-0.0335433	-0.0207934	-0.0190211	-0.0375333	
0.362557	0.2946	0.192059	0.0603061	-0.0924019	-0.238669	-0.368137	-0.465704	-0.510602	-0.508621	-0.45941	-0.391323	-0.314993	-0.233267	-0.145012	-0.0647694	-0.014141	0.00705592	0.017793	0.0160661	0.00922575	0.00492206	0.00519846	-0.0014145	-0.0211797	
0.295908	0.237889	0.146435	0.018205	-0.133121	-0.281333	-0.406334	-0.490656	-0.519031	-0.500561	-0.440493	-0.362286	-0.277904	-0.187324	-0.0944847	-0.014141	0.0327083	0.0523446	0.0566781	0.0493055	0.0327729	0.0212765	0.0141177	0.00464365	-0.0111504	
0.217448	0.174999	0.100098	-0.00972792	-0.15197	-0.295138	-0.411691	-0.483429	-0.498477	-0.47034	-0.412851	-0.340328	-0.254244	-0.163087	-0.0711071	0.00705592	0.0523446	0.0652694	0.0653147	0.0486395	0.0265143	0.0096586	-0.00212687	-0.0129764	-0.0198398	
0.14184	0.126808	0.0823377	0.00125118	-0.117531	-0.25044	-0.361262	-0.428757	-0.44111	-0.411611	-0.367563	-0.307998	-0.233943	-0.149646	-0.0593973	0.017793	0.0566781	0.0653147	0.0561262	0.0333362	0.00937126	-0.0124678	-0.026874	-0.0345941	-0.0413572	
0.0837471	0.107083	0.100569	0.0591643	-0.0222194	-0.13492	-0.243685	-0.317688	-0.341325	-0.32152	-0.293899	-0.253837	-0.203056	-0.131765	-0.0515065	0.0160661	0.0493055	0.0486395	0.0333362	0.0133432	-0.0109799	-0.0307792	-0.0446015	-0.0573645	-0.0693735	
0.0544891	0.118982	0.152896	0.152814	0.109038	0.0233783	-0.0759846	-0.156333	-0.195811	-0.194642	-0.189549	-0.177904	-0.151313	-0.106033	-0.0460057	0.00922575	0.0327729	0.0265143	0.00937126	-0.0109799	-0.0297796	-0.0479167	-0.0653545	-0.0835604	-0.102307	
0.0528646	0.166213	0.242769	0.281608	0.274161	0.21589	0.127133	0.0408371	-0.02095	-0.054224	-0.0812748	-0.0951862	-0.0947029	-0.0712868	-0.0335433	0.00492206	0.0212765	0.0096586	-0.0124678	-0.0307792	-0.0479167	-0.0717476	-0.0980705	-0.123886	-0.14428	
0.0807076	0.245162	0.370239	0.444198	0.463287	0.423977	0.341181	0.248642	0.164005	0.0907028	0.0261149	-0.0197523	-0.0434922	-0.0399585	-0.0207934	0.00519846	0.0141177	-0.00212687	-0.026874	-0.0446015	-0.0653545	-0.0980705	-0.135514	-0.165949	-0.186589	
0.140014	0.34663	0.51055	0.61673	0.653389	0.62229	0.539406	0.436595	0.329772	0.218508	0.119634	0.0368408	-0.00896255	-0.0236932	-0.0190211	-0.0014145	0.00464365	-0.0129764	-0.0345941	-0.0573645	-0.0835604	-0.123886	-0.165949	-0.201349	-0.232549	
0.221793	0.453485	0.641181	0.764754	0.815388	0.793088	0.706081	0.587098	0.454157	0.306345	0.170949	0.0619687	-0.00739472	-0.035211	-0.0375333	-0.0211797	-0.0111504	-0.0198398	-0.0413572	-0.0693735	-0.102307	-0.14428	-0.186589	-0.232549	-0.28593	
0.304804	0.54968	0.74866	0.885779	0.949367	0.935034	0.844634	0.704259	0.536201	0.349381	0.182107	0.0440205	-0.0435876	-0.0801749	-0.0810619	-0.0566457	-0.0353408	-0.0387168	-0.0560945	-0.0848965	-0.116345	-0.153299	-0.197994	-0.258797	-0.329581	
0.376984	0.628552	0.839689	0.990181	1.06525	1.05524	0.958665	0.794281	0.590217	0.368829	0.166939	-0.000990273	-0.106874	-0.150414	-0.143059	-0.107178	-0.0837248	-0.0848246	-0.0962194	-0.113525	-0.130048	-0.158756	-0.207054	-0.27533	-0.349805	
0.434738	0.689915	0.909944	1.07185	1.15408	1.14579	1.04258	0.859194	0.626027	0.374298	0.137055	-0.0549432	-0.184218	-0.233727	-0.222241	-0.185654	-0.160945	-0.158109	-0.159553	-0.157674	-0.158774	-0.177491	-0.221197	-0.286071	-0.350615	
0.484277	0.736118	0.961736	1.12927	1.21777	1.21264	1.11083	0.914042	0.649952	0.369352	0.105726	-0.104617	-0.241757	-0.303728	-0.303563	-0.271964	-0.24521	-0.229182	-0.215788	-0.206321	-0.201538	-0.206396	-0.234971	-0.285309	-0.338058	
0.517256	0.76913	0.994511	1.16575	1.2603	1.26356	1.16626	0.958019	0.666473	0.35848	0.0776398	-0.134163	-0.272869	-0.343518	-0.357699	-0.336177	-0.302194	-0.270038	-0.24884	-0.241544	-0.238679	-0.233075	-0.241159	-0.276338	-0.324023	
0.522288	0.774417	1.00089	1.1711	1.26708	1.2743	1.1783	0.967297	0.670052	0.35704	0.0704382	-0.138641	-0.278126	-0.350742	-0.368316	-0.348347	-0.313224	-0.276227	-0.253805	-0.247019	-0.245456	-0.237132	-0.241286	-0.274015	-0.320663	
0.500628	0.752377	0.977342	1.14738	1.23866	1.23622	1.1359	0.934288	0.657233	0.364277	0.0937014	-0.119105	-0.25718	-0.323131	-0.329787	-0.302546	-0.272323	-0.249612	-0.232152	-0.223227	-0.218802	-0.21911	-0.238656	-0.281773	-0.331519	
0.455864	0.70919	0.9326	1.0968	1.1817	1.17425	1.07077	0.881594	0.636587	0.373727	0.124812	-0.0768679	-0.210147	-0.264546	-0.256284	-0.220244	-0.196314	-0.188612	-0.184074	-0.177476	-0.174397	-0.188261	-0.227384	-0.28679	-0.346805	
0.400764	0.655452	0.869994	1.02617	1.10472	1.09549	0.995147	0.822343	0.60616	0.372495	0.155403	-0.0222883	-0.139132	-0.183636	-0.172998	-0.136187	-0.111808	-0.112339	-0.120572	-0.129519	-0.139317	-0.164579	-0.212347	-0.281133	-0.352359	
0.335941	0.583535	0.787719	0.929409	0.998043	0.986128	0.893987	0.744204	0.560814	0.359567	0.179221	0.0280118	-0.06535	-0.105279	-0.103673	-0.0733468	-0.0507641	-0.0528547	-0.0681968	-0.0944046	-0.12071	-0.154413	-0.200966	-0.265977	-0.340635	
0.255256	0.493892	0.686101	0.815678	0.871333	0.852283	0.764451	0.637018	0.490965	0.327137	0.179127	0.0593989	-0.0180571	-0.0501256	-0.0527878	-0.0349411	-0.0191647	-0.0251501	-0.0457635	-0.0753254	-0.108928	-0.149639	-0.192088	-0.244282	-0.30635	
0.17091	0.389622	0.565713	0.679379	0.722167	0.694449	0.610032	0.50139	0.385284	0.260038	0.14554	0.0522485	-0.00341701	-0.0242952	-0.0233999	-0.00724168	-0.000846041	-0.0153954	-0.0368122	-0.0617777	-0.0914231	-0.132664	-0.175329	-0.214434	-0.252919	
0.101205	0.284278	0.426008	0.515153	0.541706	0.505826	0.423647	0.327735	0.234214	0.145171	0.0673029	0.00528864	-0.027318	-0.0310171	-0.0178526	0.0037379	0.0113491	-0.00694584	-0.0304165	-0.0494908	-0.0724362	-0.109258	-0.149268	-0.180954	-0.203905	
0.0599362	0.194026	0.290348	0.342511	0.347278	0.298727	0.213536	0.124212	0.0536033	0.00437289	-0.0385122	-0.0634153	-0.0728492	-0.0581536	-0.027724	0.00495022	0.0174795	0.0042261	-0.0189862	-0.0362278	-0.0544242	-0.0815211	-0.113105	-0.141394	-0.161231	
0.0509865	0.134358	0.18407	0.200514	0.171557	0.0966339	0.00149845	-0.0804417	-0.128964	-0.1396	-0.145911	-0.143977	-0.128589	-0.0923408	-0.0417641	0.00663622	0.0276472	0.0190781	-0.000276421	-0.0199026	-0.0380088	-0.0572867	-0.0771556	-0.0983898	-0.118169	
0.0684352	0.106679	0.116699	0.0923864	0.0262072	-0.0751171	-0.181287	-0.258203	-0.287761	-0.274529	-0.254788	-0.225876	-0.183945	-0.122774	-0.0501322	0.0136033	0.0427911	0.0396947	0.0240732	0.00400336	-0.0181903	-0.0363911	-0.0514134	-0.0666486	-0.0824268	
0.115674	0.116052	0.08577	0.0199627	-0.0848395	-0.211696	-0.322111	-0.391078	-0.406686	-0.379377	-0.342201	-0.289041	-0.224082	-0.143683	-0.0555287	0.0184282	0.0556055	0.0606888	0.0477645	0.0255636	0.00105628	-0.0210361	-0.0348963	-0.0437215	-0.0518396	
0.18636	0.152794	0.0886581	-0.0116634	-0.146623	-0.286039	-0.399738	-0.467782	-0.4801	-0.450559	-0.397201	-0.32983	-0.246476	-0.156907	-0.0660152	0.0127379	0.0553094	0.0662992	0.0634143	0.0437059	0.0205614	0.0016001	-0.0122172	-0.0216765	-0.027109	
0.26513	0.212754	0.126684	0.00466736	-0.144914	-0.291956	-0.413592	-0.49262	-0.515196	-0.49157	-0.430978	-0.353372	-0.267211	-0.175538	-0.0826729	-0.00358736	0.043057	0.0601948	0.0628396	0.0521079	0.0328664	0.018712	0.00976804	-0.000548921	-0.0128515	
0.338298	0.274073	0.175155	0.0427088	-0.109595	-0.257628	-0.385159	-0.478187	-0.516514	-0.50802	-0.453103	-0.379227	-0.298484	-0.212898	-0.12126	-0.0400066	0.00905972	0.0301514	0.038634	0.0342119	0.0232681	0.0149807	0.0120348	0.00401631	-0.0149897	
0.392719	0.320034	0.213167	0.0833502	-0.0643401	-0.207661	-0.339254	-0.441757	-0.49512	-0.502113	-0.463531	-0.406588	-0.339793	-0.265384	-0.186272	-0.111079	-0.0596381	-0.0374521	-0.0257174	-0.0214034	-0.0220207	-0.0172071	-0.0100791	-0.0126694	-0.0325965	
0.418061	0.345597	0.233361	0.104372	-0.0296376	-0.161941	-0.289042	-0.391478	-0.450665	-0.469703	-0.45375	-0.419867	-0.376241	-0.319759	-0.258001	-0.198117	-0.150238	-0.125742	-0.113691	-0.0998071	-0.0826127	-0.0571216	-0.0337167	-0.0240431	-0.0388906	
0.404196	0.340329	0.232897	0.110234	-0.0147908	-0.134234	-0.24433	-0.338691	-0.401946	-0.430842	-0.437042	-0.429206	-0.408954	-0.372035	-0.328842	-0.28298	-0.24184	-0.21785	-0.201477	-0.177205	-0.135651	-0.0883315	-0.0449524	-0.0181666	-0.0226925	
0.354047	0.303692	0.209854	0.0980128	-0.0208059	-0.128269	-0.221208	-0.299662	-0.359611	-0.397337	-0.419276	-0.428825	-0.427019	-0.411719	-0.391413	-0.361951	-0.329408	-0.307507	-0.2796	-0.235072	-0.169349	-0.0963635	-0.0319226	0.0135095	0.0289304	
0.289319	0.248843	0.169658	0.0662112	-0.0451312	-0.147031	-0.225289	-0.283999	-0.329323	-0.364042	-0.394594	-0.417829	-0.431999	-0.43925	-0.443355	-0.432948	-0.409875	-0.384897	-0.345918	-0.280064	-0.18683	-0.0896583	0.00518022	0.0839777	0.123761	
