-0.475635	-0.391041	-0.281232	-0.164453	-0.0550248	0.0396402	0.129411	0.221198	0.311037	0.386363	0.43376	0.451313	0.452121	0.42923	0.401505	0.374079	0.342892	0.297166	0.242578	0.187001	0.127372	0.0638801	-0.00524492	-0.0878644	-0.18426	
-0.391041	-0.290632	-0.153237	-0.00673568	0.130959	0.251837	0.365529	0.462392	0.528975	0.561941	0.562578	0.535187	0.493013	0.437383	0.385863	0.335023	0.282205	0.227322	0.166487	0.105623	0.0416014	-0.0284665	-0.107874	-0.202394	-0.30914	
-0.281232	-0.153237	0.0105434	0.186587	0.346691	0.483564	0.611671	0.71191	0.755539	0.746213	0.699504	0.621437	0.531452	0.439251	0.360706	0.281324	0.209026	0.144201	0.0751985	0.0105057	-0.0526921	-0.129059	-0.220642	-0.325726	-0.44082	
-0.164453	-0.00673568	0.186587	0.385261	0.560628	0.707764	0.839857	0.935882	0.964374	0.925864	0.83793	0.715519	0.580249	0.443744	0.322366	0.213124	0.123882	0.0558347	-0.0125708	-0.070896	-0.131413	-0.214203	-0.317125	-0.432285	-0.556446	
-0.0550248	0.130959	0.346691	0.560628	0.748264	0.908971	1.03958	1.12783	1.14391	1.07533	0.944281	0.780861	0.604084	0.42589	0.265747	0.13048	0.0332373	-0.0322081	-0.0844816	-0.129237	-0.182351	-0.263191	-0.371065	-0.491268	-0.623809	
0.0396402	0.251837	0.483564	0.707764	0.908971	1.07706	1.19884	1.27125	1.26479	1.16273	0.988425	0.789242	0.578784	0.377032	0.189095	0.0372677	-0.0640835	-0.119439	-0.147251	-0.165768	-0.197879	-0.265038	-0.360679	-0.486783	-0.626763	
0.129411	0.365529	0.611671	0.839857	1.03958	1.19884	1.30293	1.35133	1.31742	1.18475	0.973844	0.73671	0.502058	0.282771	0.0898684	-0.0603348	-0.15566	-0.191649	-0.188496	-0.179306	-0.180755	-0.216098	-0.29844	-0.422469	-0.570409	
0.221198	0.462392	0.71191	0.935882	1.12783	1.27125	1.35133	1.36567	1.29932	1.13873	0.90386	0.63369	0.375476	0.151225	-0.0349996	-0.16799	-0.235333	-0.240317	-0.203969	-0.162779	-0.134748	-0.137958	-0.199912	-0.312955	-0.460352	
0.311037	0.528975	0.755539	0.964374	1.14391	1.26479	1.31742	1.29932	1.20305	1.02753	0.776901	0.490585	0.222804	0.000547635	-0.173744	-0.280655	-0.309851	-0.27201	-0.196511	-0.120344	-0.0616869	-0.0379192	-0.072319	-0.160615	-0.298124	
0.386363	0.561941	0.746213	0.925864	1.07533	1.16273	1.18475	1.13873	1.02753	0.84364	0.59209	0.312872	0.0591781	-0.150496	-0.30403	-0.374391	-0.358579	-0.27512	-0.159172	-0.0466671	0.0374153	0.0847214	0.0801819	0.0185458	-0.10814	
0.43376	0.562578	0.699504	0.83793	0.944281	0.988425	0.973844	0.90386	0.776901	0.59209	0.360127	0.111352	-0.110287	-0.288044	-0.401468	-0.424343	-0.358823	-0.234092	-0.0807115	0.0644559	0.17397	0.246326	0.26066	0.205706	0.076573	
0.451313	0.535187	0.621437	0.715519	0.780861	0.789242	0.73671	0.63369	0.490585	0.312872	0.111352	-0.0927502	-0.274172	-0.402059	-0.456131	-0.423372	-0.30754	-0.139781	0.0436047	0.209652	0.344329	0.436065	0.456463	0.390713	0.254869	
0.452121	0.493013	0.531452	0.580249	0.604084	0.578784	0.502058	0.375476	0.222804	0.0591781	-0.110287	-0.274172	-0.401128	-0.462524	-0.451721	-0.362316	-0.197446	0.00673097	0.210099	0.39028	0.541231	0.640106	0.654789	0.574713	0.428188	
0.42923	0.437383	0.439251	0.443744	0.42589	0.377032	0.282771	0.151225	0.000547635	-0.150496	-0.288044	-0.402059	-0.462524	-0.458131	-0.384981	-0.244898	-0.0428773	0.183386	0.40229	0.59294	0.75043	0.844083	0.843245	0.752047	0.595086	
0.401505	0.385863	0.360706	0.322366	0.265747	0.189095	0.0898684	-0.0349996	-0.173744	-0.30403	-0.401468	-0.456131	-0.451721	-0.384981	-0.254255	-0.0681724	0.153038	0.382978	0.604671	0.797795	0.951963	1.03518	1.01964	0.916874	0.743075	
0.374079	0.335023	0.281324	0.213124	0.13048	0.0372677	-0.0603348	-0.16799	-0.280655	-0.374391	-0.424343	-0.423372	-0.362316	-0.244898	-0.0681724	0.150454	0.379943	0.604608	0.815755	0.997715	1.13797	1.20686	1.17897	1.05591	0.858488	
0.342892	0.282205	0.209026	0.123882	0.0332373	-0.0640835	-0.15566	-0.235333	-0.309851	-0.358579	-0.358823	-0.30754	-0.197446	-0.0428773	0.153038	0.379943	0.608091	0.825352	1.02415	1.19058	1.31699	1.37245	1.31952	1.16993	0.949803	
0.297166	0.227322	0.144201	0.0558347	-0.0322081	-0.119439	-0.191649	-0.240317	-0.27201	-0.27512	-0.234092	-0.139781	0.00673097	0.183386	0.382978	0.604608	0.825352	1.03262	1.21731	1.37262	1.48275	1.51443	1.43708	1.26975	1.03672	
0.242578	0.166487	0.0751985	-0.0125708	-0.0844816	-0.147251	-0.188496	-0.203969	-0.196511	-0.159172	-0.0807115	0.0436047	0.210099	0.40229	0.604671	0.815755	1.02415	1.21731	1.39234	1.53673	1.62279	1.62192	1.52866	1.35419	1.11239	
0.187001	0.105623	0.0105057	-0.070896	-0.129237	-0.165768	-0.179306	-0.162779	-0.120344	-0.0466671	0.0644559	0.209652	0.39028	0.59294	0.797795	0.997715	1.19058	1.37262	1.53673	1.65807	1.7079	1.68148	1.58062	1.40552	1.16013	
0.127372	0.0416014	-0.0526921	-0.131413	-0.182351	-0.197879	-0.180755	-0.134748	-0.0616869	0.0374153	0.17397	0.344329	0.541231	0.75043	0.951963	1.13797	1.31699	1.48275	1.62279	1.7079	1.72462	1.68244	1.57975	1.40648	1.1666	
0.0638801	-0.0284665	-0.129059	-0.214203	-0.263191	-0.265038	-0.216098	-0.137958	-0.0379192	0.0847214	0.246326	0.436065	0.640106	0.844083	1.03518	1.20686	1.37245	1.51443	1.62192	1.68148	1.68244	1.62871	1.52324	1.35392	1.12223	
-0.00524492	-0.107874	-0.220642	-0.317125	-0.371065	-0.360679	-0.29844	-0.199912	-0.072319	0.0801819	0.26066	0.456463	0.654789	0.843245	1.01964	1.17897	1.31952	1.43708	1.52866	1.58062	1.57975	1.52324	1.41275	1.24821	1.02652	
-0.0878644	-0.202394	-0.325726	-0.432285	-0.491268	-0.486783	-0.422469	-0.312955	-0.160615	0.0185458	0.205706	0.390713	0.574713	0.752047	0.916874	1.05591	1.16993	1.26975	1.35419	1.40552	1.40648	1.35392	1.24821	1.08846	0.86074	
-0.18426	-0.30914	-0.44082	-0.556446	-0.623809	-0.626763	-0.570409	-0.460352	-0.298124	-0.10814	0.076573	0.254869	0.428188	0.595086	0.743075	0.858488	0.949803	1.03672	1.11239	1.16013	1.1666	1.12223	1.02652	0.86074	0.620509	
-0.289668	-0.42669	-0.566793	-0.690436	-0.768801	-0.781551	-0.732875	-0.626643	-0.47139	-0.28521	-0.104099	0.0684628	0.231206	0.379213	0.509146	0.616237	0.693784	0.765617	0.827618	0.868677	0.881755	0.849326	0.749292	0.574801	0.327184	
-0.407	-0.560415	-0.708838	-0.836109	-0.919648	-0.938261	-0.897477	-0.804231	-0.664066	-0.491916	-0.314885	-0.141081	0.00786859	0.136895	0.2531	0.353788	0.424331	0.47991	0.527947	0.572043	0.593059	0.558899	0.453561	0.26943	0.0146059	
-0.512049	-0.680738	-0.837845	-0.96852	-1.05319	-1.08183	-1.05373	-0.973	-0.847894	-0.691062	-0.519686	-0.348483	-0.209634	-0.0958427	0.00840661	0.0978697	0.162477	0.209028	0.255167	0.305065	0.330523	0.292989	0.181981	-0.00780429	-0.273566	
-0.58742	-0.768304	-0.936981	-1.06944	-1.15543	-1.18812	-1.17214	-1.10415	-0.988904	-0.844253	-0.680116	-0.514928	-0.381098	-0.275387	-0.185217	-0.105323	-0.04465	0.00286749	0.0512802	0.10217	0.124705	0.0870331	-0.0293437	-0.228701	-0.504918	
-0.62218	-0.810824	-0.988616	-1.12466	-1.20687	-1.24247	-1.23731	-1.18155	-1.07255	-0.933638	-0.773308	-0.610199	-0.481844	-0.38366	-0.302673	-0.233363	-0.170262	-0.117556	-0.0669381	-0.0165273	0.00652757	-0.0314634	-0.151986	-0.362906	-0.650667	
-0.627006	-0.816703	-0.99654	-1.13327	-1.21391	-1.25172	-1.24835	-1.19509	-1.08766	-0.949847	-0.788327	-0.626312	-0.499437	-0.402393	-0.32318	-0.256871	-0.192027	-0.138445	-0.0881555	-0.0369573	-0.0133252	-0.0516723	-0.172485	-0.385561	-0.676907	
-0.605935	-0.790973	-0.964111	-1.09788	-1.18261	-1.21556	-1.20467	-1.14193	-1.02969	-0.888248	-0.726356	-0.562205	-0.430319	-0.328495	-0.242711	-0.166699	-0.105799	-0.0565207	-0.00649472	0.0435518	0.0656587	0.0283909	-0.0903438	-0.294288	-0.574747	
-0.547007	-0.721182	-0.882009	-1.01315	-1.09863	-1.13084	-1.10691	-1.03116	-0.910492	-0.759479	-0.591107	-0.421859	-0.285742	-0.175298	-0.0769953	0.00832246	0.0708399	0.117402	0.1634	0.214855	0.239907	0.201434	0.0884629	-0.104404	-0.374666	
-0.4516	-0.610982	-0.76283	-0.891765	-0.975973	-0.998063	-0.962597	-0.874517	-0.740744	-0.575287	-0.400154	-0.226566	-0.08205	0.039977	0.151706	0.247858	0.316237	0.366604	0.412962	0.459255	0.483322	0.447747	0.339695	0.15306	-0.105318	
-0.335844	-0.479591	-0.623233	-0.748677	-0.829821	-0.845018	-0.7989	-0.696991	-0.547507	-0.365594	-0.185376	-0.0135257	0.143485	0.283948	0.407819	0.513144	0.587468	0.652169	0.707803	0.74874	0.764529	0.733413	0.630422	0.452077	0.201996	
-0.224894	-0.354121	-0.488973	-0.608238	-0.680441	-0.686702	-0.633937	-0.525605	-0.364312	-0.174404	0.00863242	0.185471	0.353989	0.514579	0.655041	0.764939	0.849329	0.931136	1.00166	1.04688	1.05624	1.01653	0.921279	0.751883	0.507955	
-0.125735	-0.243997	-0.370328	-0.480822	-0.543032	-0.5418	-0.480259	-0.368034	-0.209746	-0.0241055	0.16223	0.343119	0.522832	0.696395	0.855158	0.98439	1.08896	1.18266	1.26474	1.31502	1.31745	1.26817	1.16645	1.00563	0.773293	
-0.036304	-0.144358	-0.26171	-0.361922	-0.417967	-0.408112	-0.343961	-0.240386	-0.10146	0.0628815	0.247611	0.440556	0.633231	0.81727	0.98822	1.14038	1.27042	1.37972	1.46737	1.51993	1.51959	1.46372	1.35349	1.19126	0.969272	
0.0379445	-0.0581425	-0.163258	-0.253725	-0.303816	-0.299141	-0.243282	-0.155537	-0.0446859	0.0901069	0.259359	0.453906	0.656776	0.854766	1.04041	1.20769	1.36401	1.49611	1.59488	1.64943	1.64908	1.59317	1.48537	1.31763	1.09128	
0.101872	0.0139881	-0.0816957	-0.161837	-0.210784	-0.220475	-0.189403	-0.130477	-0.046855	0.0614585	0.209153	0.387787	0.589225	0.798907	0.996845	1.17634	1.35093	1.50768	1.63424	1.70705	1.71442	1.66676	1.5638	1.39174	1.15449	
0.164246	0.0811377	-0.0139385	-0.093638	-0.14829	-0.175453	-0.177835	-0.149761	-0.0939894	-0.00868488	0.112724	0.267753	0.454584	0.660266	0.864909	1.05932	1.2461	1.42287	1.57998	1.68711	1.72226	1.68921	1.5871	1.41282	1.16856	
0.220358	0.142054	0.0482032	-0.0379801	-0.102871	-0.1545	-0.184359	-0.186883	-0.165004	-0.112112	-0.0195854	0.113482	0.285449	0.482959	0.686213	0.893244	1.09544	1.28415	1.45465	1.59219	1.66529	1.65218	1.55543	1.37985	1.13561	
0.275762	0.203749	0.116672	0.0285095	-0.0538988	-0.132191	-0.193032	-0.228855	-0.244169	-0.23079	-0.173959	-0.0663733	0.0900376	0.272599	0.473265	0.690469	0.908083	1.10934	1.2902	1.44108	1.54325	1.56251	1.47652	1.30582	1.06926	
0.326605	0.260738	0.183467	0.0959079	0.00391836	-0.0912264	-0.176662	-0.244056	-0.301565	-0.331549	-0.314426	-0.244528	-0.118138	0.0478973	0.245195	0.471118	0.696684	0.910602	1.10336	1.26509	1.38529	1.43299	1.36977	1.21113	0.984804	
0.362724	0.313911	0.250443	0.174291	0.0870616	-0.0093412	-0.10603	-0.20307	-0.300998	-0.377741	-0.407239	-0.385324	-0.304299	-0.170529	0.0182051	0.242427	0.472322	0.694633	0.900608	1.07554	1.21017	1.27378	1.23726	1.1042	0.896628	
0.391067	0.365396	0.329147	0.276944	0.207636	0.12285	0.0239503	-0.0954894	-0.226265	-0.343143	-0.42219	-0.45417	-0.425712	-0.3374	-0.186177	0.0159677	0.241683	0.469062	0.688032	0.878474	1.02758	1.10606	1.086	0.975522	0.793179	
0.417628	0.416463	0.406559	0.393102	0.359029	0.299343	0.202071	0.0714286	-0.07553	-0.220215	-0.343075	-0.432846	-0.467086	-0.436991	-0.340155	-0.18091	0.0308734	0.261053	0.481963	0.675495	0.833306	0.922792	0.915501	0.820021	0.657392	
0.444994	0.47128	0.4945	0.5244	0.531488	0.496456	0.411725	0.282048	0.128368	-0.0300188	-0.187415	-0.333334	-0.433672	-0.46863	-0.432314	-0.322007	-0.140507	0.0744358	0.285099	0.469482	0.624554	0.722616	0.731279	0.646739	0.496563	
0.454239	0.519909	0.586278	0.6631	0.711891	0.705332	0.642093	0.526574	0.378168	0.206147	0.0183253	-0.169971	-0.331083	-0.433657	-0.461856	-0.406237	-0.270031	-0.0866373	0.105404	0.278251	0.420768	0.516734	0.536311	0.464763	0.324563	
0.443194	0.55475	0.670589	0.790942	0.881175	0.910475	0.879623	0.797601	0.663714	0.480408	0.259831	0.0289692	-0.178029	-0.338357	-0.429288	-0.430132	-0.344988	-0.20318	-0.0364578	0.117892	0.238705	0.319966	0.33779	0.279765	0.148708	
