-0.227962	-0.208832	-0.18971	-0.159887	-0.131015	-0.12623	-0.14638	-0.179378	-0.201939	-0.220283	-0.237807	-0.250297	-0.252668	-0.227433	-0.17111	-0.102916	-0.0329158	0.0257253	0.0873426	0.150396	0.195849	0.226851	0.240404	0.246297	0.264508	
-0.102905	-0.0986684	-0.0874707	-0.0615295	-0.0381196	-0.0357207	-0.0495294	-0.0789116	-0.0951294	-0.10204	-0.102451	-0.0929431	-0.0772662	-0.0408824	0.0244162	0.0966556	0.161071	0.215026	0.270182	0.332272	0.376003	0.400404	0.403463	0.408038	0.439435	
-0.0301887	-0.0420616	-0.035964	-0.00870954	0.0156353	0.0179833	0.00370153	-0.0272696	-0.0419379	-0.0367383	-0.0182646	0.0117912	0.0440738	0.0976405	0.169128	0.243812	0.310514	0.364228	0.414202	0.473546	0.515523	0.534305	0.542173	0.556239	0.603176	
0.00690621	-0.017963	-0.0191712	0.0085506	0.0369114	0.0424734	0.0215957	-0.0101194	-0.0223994	-0.00465558	0.0271	0.0684541	0.116307	0.183653	0.263076	0.341615	0.410821	0.462933	0.506184	0.550818	0.586515	0.611218	0.634765	0.675016	0.739393	
0.0209052	-0.0130733	-0.0221255	0.00200691	0.0311515	0.0377685	0.0150217	-0.0158134	-0.0211515	0.00561489	0.0460394	0.0921889	0.151641	0.228958	0.313912	0.391164	0.455617	0.505409	0.537416	0.567512	0.602834	0.641927	0.686979	0.756962	0.840962	
0.0246197	-0.0176334	-0.0352096	-0.0278607	-0.00997483	-0.0069473	-0.0197645	-0.034795	-0.0287177	0.00721513	0.0490441	0.0932673	0.154195	0.236574	0.320352	0.399751	0.458076	0.498451	0.522912	0.549248	0.590757	0.650997	0.724075	0.813684	0.913716	
0.0110672	-0.0342137	-0.0608896	-0.0740198	-0.0729641	-0.0729451	-0.0739333	-0.0680203	-0.0468445	-0.00823367	0.0399804	0.0835264	0.138055	0.212413	0.290501	0.365275	0.417917	0.453249	0.47964	0.513871	0.567342	0.649708	0.744881	0.851528	0.964682	
-0.0203617	-0.0717979	-0.111232	-0.140969	-0.152742	-0.15539	-0.14735	-0.125214	-0.0884165	-0.0424146	0.0141236	0.0641091	0.109791	0.170262	0.242124	0.312422	0.361813	0.397858	0.428325	0.474818	0.546654	0.646822	0.76629	0.888914	1.0052	
-0.0620195	-0.132209	-0.195094	-0.236246	-0.257995	-0.261351	-0.247157	-0.214386	-0.159382	-0.0894001	-0.0230556	0.0358953	0.0811069	0.127118	0.192921	0.261859	0.315892	0.355722	0.4023	0.459057	0.541871	0.654305	0.786484	0.914026	1.02716	
-0.114132	-0.205259	-0.296606	-0.358697	-0.383818	-0.385858	-0.372766	-0.326013	-0.243643	-0.14946	-0.0658226	0.00579304	0.0542293	0.103305	0.169954	0.237757	0.29947	0.350595	0.404557	0.469896	0.555669	0.666167	0.797956	0.920712	1.02199	
-0.177086	-0.289731	-0.407548	-0.490415	-0.526074	-0.529832	-0.509785	-0.446843	-0.338481	-0.220158	-0.118042	-0.029178	0.0422626	0.112833	0.192674	0.265973	0.327752	0.384767	0.440559	0.504826	0.584598	0.683937	0.794515	0.900241	0.984862	
-0.244655	-0.377108	-0.515163	-0.620009	-0.673708	-0.682371	-0.646678	-0.563505	-0.432712	-0.296596	-0.170674	-0.0602342	0.0441192	0.143687	0.246155	0.332294	0.396636	0.454055	0.506703	0.562297	0.624538	0.700943	0.778229	0.854744	0.917173	
-0.30705	-0.459688	-0.609577	-0.732858	-0.802966	-0.814573	-0.768506	-0.663702	-0.52068	-0.368532	-0.214614	-0.0749125	0.0572726	0.185214	0.309432	0.410188	0.486942	0.54678	0.602389	0.648643	0.690758	0.732518	0.765224	0.795392	0.828113	
-0.343283	-0.515504	-0.670017	-0.795357	-0.870795	-0.883238	-0.832836	-0.724637	-0.579772	-0.413317	-0.237832	-0.0750772	0.0770343	0.225116	0.364627	0.481805	0.572728	0.643696	0.698992	0.73684	0.761174	0.767534	0.754579	0.736954	0.729277	
-0.347469	-0.527783	-0.680695	-0.798426	-0.863345	-0.873284	-0.831387	-0.732539	-0.593704	-0.420895	-0.237656	-0.0618014	0.101403	0.263599	0.414801	0.541025	0.640482	0.720119	0.77782	0.803905	0.805599	0.782703	0.732399	0.672086	0.633211	
-0.323398	-0.501693	-0.650163	-0.752267	-0.804514	-0.812253	-0.778674	-0.696852	-0.566336	-0.396805	-0.212311	-0.0327949	0.139263	0.309642	0.462658	0.582558	0.678602	0.759124	0.816342	0.837513	0.821949	0.775537	0.700004	0.614898	0.551391	
-0.267349	-0.434887	-0.573865	-0.669077	-0.718713	-0.725762	-0.694111	-0.617398	-0.495358	-0.335646	-0.16347	0.0142559	0.186557	0.352662	0.498652	0.60708	0.689424	0.760025	0.814302	0.833785	0.812157	0.750285	0.660912	0.563901	0.486472	
-0.19434	-0.337816	-0.455446	-0.538935	-0.583977	-0.591093	-0.561299	-0.493876	-0.387933	-0.254071	-0.0990501	0.0715468	0.23769	0.388345	0.518336	0.613293	0.679776	0.732483	0.773983	0.790201	0.767152	0.70294	0.609686	0.510937	0.430494	
-0.10545	-0.213885	-0.301355	-0.361591	-0.393158	-0.398723	-0.377701	-0.329377	-0.250745	-0.152398	-0.0236857	0.127627	0.279225	0.409849	0.523113	0.606677	0.661853	0.693831	0.713621	0.718656	0.694034	0.635122	0.549844	0.455819	0.374107	
0.0172831	-0.0541965	-0.105214	-0.133677	-0.142801	-0.144216	-0.138747	-0.120131	-0.0765741	-0.0145085	0.0746413	0.190506	0.311333	0.414697	0.504091	0.575241	0.621039	0.63874	0.644031	0.632968	0.602225	0.547706	0.476217	0.391919	0.314403	
0.173138	0.144693	0.133387	0.139424	0.154899	0.159713	0.145214	0.133613	0.13802	0.15907	0.201909	0.269144	0.343348	0.410029	0.470942	0.519603	0.553738	0.562803	0.554146	0.529315	0.487975	0.43701	0.379299	0.312362	0.244792	
0.350839	0.372145	0.406251	0.445734	0.480464	0.487502	0.461332	0.422198	0.384403	0.357169	0.348562	0.363044	0.383824	0.407217	0.428443	0.446229	0.457761	0.45162	0.428407	0.392815	0.345823	0.300094	0.256072	0.205085	0.158812	
0.538358	0.609044	0.687298	0.755563	0.794574	0.800247	0.775581	0.716708	0.640602	0.565301	0.503229	0.460483	0.429359	0.403092	0.378262	0.361706	0.34354	0.315581	0.271999	0.225949	0.181029	0.147618	0.119212	0.0931147	0.0734488	
0.725565	0.841864	0.956788	1.03973	1.08051	1.08742	1.06004	0.995156	0.889568	0.771753	0.660611	0.566191	0.479627	0.401227	0.327569	0.261862	0.209664	0.160467	0.106133	0.0540741	0.0154038	-0.00674972	-0.0195503	-0.0212472	-0.0077531	
0.926156	1.08021	1.21711	1.31093	1.35158	1.35658	1.33256	1.26118	1.13861	0.988415	0.833087	0.678969	0.536903	0.404484	0.275417	0.159085	0.0655422	-0.005596	-0.0700144	-0.123588	-0.157469	-0.170333	-0.164753	-0.139158	-0.0997079	
1.12374	1.304	1.45766	1.56009	1.60466	1.61018	1.58437	1.50574	1.36996	1.19827	1.00675	0.804403	0.612337	0.425952	0.242009	0.0760566	-0.0609534	-0.161919	-0.239037	-0.304687	-0.341279	-0.349209	-0.32525	-0.271418	-0.203635	
1.304	1.50262	1.66466	1.76841	1.81406	1.82083	1.79268	1.71403	1.57326	1.3866	1.17272	0.937266	0.702301	0.466972	0.233832	0.0208273	-0.154837	-0.291435	-0.398389	-0.480469	-0.521326	-0.525761	-0.487025	-0.411319	-0.324418	
1.45766	1.66466	1.82341	1.91881	1.95642	1.96202	1.93861	1.87027	1.73448	1.54494	1.31725	1.0619	0.797026	0.519492	0.239917	-0.0154236	-0.227473	-0.398602	-0.530517	-0.625192	-0.67329	-0.680038	-0.639167	-0.555082	-0.451465	
1.56009	1.76841	1.91881	1.99945	2.02749	2.0297	2.01578	1.95895	1.83709	1.64927	1.41395	1.14999	0.87136	0.57234	0.258978	-0.0289813	-0.27665	-0.473747	-0.622536	-0.724181	-0.784321	-0.803799	-0.764877	-0.66899	-0.543203	
1.60466	1.81406	1.95642	2.02749	2.04748	2.04968	2.03911	1.99309	1.88012	1.69514	1.45614	1.19024	0.911539	0.60933	0.283981	-0.0289549	-0.299885	-0.514567	-0.671575	-0.773667	-0.844371	-0.87576	-0.839834	-0.729422	-0.585412	
1.61018	1.82083	1.96202	2.0297	2.04968	2.05235	2.04059	1.99782	1.88621	1.70112	1.46091	1.19666	0.917582	0.616255	0.290131	-0.0281293	-0.30397	-0.522107	-0.678817	-0.780926	-0.853202	-0.887819	-0.851834	-0.739928	-0.590978	
1.58437	1.79268	1.93861	2.01578	2.03911	2.04059	2.03004	1.97742	1.85964	1.67387	1.4369	1.17068	0.891806	0.589972	0.269104	-0.0298133	-0.288667	-0.494058	-0.647085	-0.749528	-0.814635	-0.839646	-0.802331	-0.699325	-0.564879	
1.50574	1.71403	1.87027	1.95895	1.99309	1.99782	1.97742	1.91443	1.784	1.59412	1.36245	1.1035	0.830011	0.541266	0.246486	-0.0239295	-0.250945	-0.432992	-0.572554	-0.670724	-0.722868	-0.734189	-0.693916	-0.606587	-0.494316	
1.36996	1.57326	1.73448	1.83709	1.88012	1.88621	1.85964	1.784	1.64355	1.4546	1.23481	0.989237	0.740977	0.487123	0.234498	0.00391867	-0.185896	-0.336633	-0.455565	-0.543621	-0.58723	-0.590791	-0.549494	-0.4693	-0.376408	
1.19827	1.3866	1.54494	1.64927	1.69514	1.70112	1.67387	1.59412	1.4546	1.27638	1.07403	0.857351	0.647367	0.440394	0.236102	0.0509339	-0.102142	-0.216931	-0.30408	-0.377006	-0.415076	-0.421321	-0.390308	-0.326873	-0.249927	
1.00675	1.17272	1.31725	1.41395	1.45614	1.46091	1.4369	1.36245	1.23481	1.07403	0.903268	0.728122	0.564421	0.410218	0.258956	0.122223	0.0112402	-0.0697874	-0.139347	-0.196012	-0.229958	-0.240761	-0.227314	-0.189991	-0.139608	
0.804403	0.937266	1.0619	1.14999	1.19024	1.19666	1.17068	1.1035	0.989237	0.857351	0.728122	0.609578	0.501724	0.401591	0.30562	0.219659	0.151687	0.0938708	0.0362377	-0.0154208	-0.0529753	-0.0705726	-0.0767859	-0.068015	-0.0428292	
0.612337	0.702301	0.797026	0.87136	0.911539	0.917582	0.891806	0.830011	0.740977	0.647367	0.564421	0.501724	0.448174	0.401968	0.358404	0.323901	0.292502	0.256136	0.207097	0.157021	0.115224	0.0860045	0.06473	0.0481132	0.0417848	
0.425952	0.466972	0.519492	0.57234	0.60933	0.616255	0.589972	0.541266	0.487123	0.440394	0.410218	0.401591	0.401968	0.406003	0.408651	0.412985	0.413602	0.399184	0.367903	0.32818	0.281171	0.239984	0.201847	0.160022	0.123642	
0.242009	0.233832	0.239917	0.258978	0.283981	0.290131	0.269104	0.246486	0.234498	0.236102	0.258956	0.30562	0.358404	0.408651	0.454865	0.491998	0.518531	0.522562	0.508305	0.479291	0.433938	0.384807	0.332938	0.271412	0.21175	
0.0760566	0.0208273	-0.0154236	-0.0289813	-0.0289549	-0.0281293	-0.0298133	-0.0239295	0.00391867	0.0509339	0.122223	0.219659	0.323901	0.412985	0.491998	0.555225	0.597558	0.612204	0.611731	0.594111	0.559766	0.506735	0.440294	0.3634	0.289001	
-0.0609534	-0.154837	-0.227473	-0.27665	-0.299885	-0.30397	-0.288667	-0.250945	-0.185896	-0.102142	0.0112402	0.151687	0.292502	0.413602	0.518531	0.597558	0.648629	0.673804	0.686833	0.68582	0.659795	0.602346	0.52315	0.431481	0.350773	
-0.161919	-0.291435	-0.398602	-0.473747	-0.514567	-0.522107	-0.494058	-0.432992	-0.336633	-0.216931	-0.0697874	0.0938708	0.256136	0.399184	0.522562	0.612204	0.673804	0.718704	0.751152	0.764162	0.740189	0.678387	0.586531	0.489451	0.408016	
-0.239037	-0.398389	-0.530517	-0.622536	-0.671575	-0.678817	-0.647085	-0.572554	-0.455565	-0.30408	-0.139347	0.0362377	0.207097	0.367903	0.508305	0.611731	0.686833	0.751152	0.801952	0.820721	0.798313	0.734313	0.642062	0.542807	0.463249	
-0.304687	-0.480469	-0.625192	-0.724181	-0.773667	-0.780926	-0.749528	-0.670724	-0.543621	-0.377006	-0.196012	-0.0154208	0.157021	0.32818	0.479291	0.594111	0.68582	0.764162	0.820721	0.840377	0.822011	0.767263	0.685363	0.594264	0.5242	
-0.341279	-0.521326	-0.67329	-0.784321	-0.844371	-0.853202	-0.814635	-0.722868	-0.58723	-0.415076	-0.229958	-0.0529753	0.115224	0.281171	0.433938	0.559766	0.659795	0.740189	0.798313	0.822011	0.814549	0.782609	0.720198	0.648059	0.598429	
-0.349209	-0.525761	-0.680038	-0.803799	-0.87576	-0.887819	-0.839646	-0.734189	-0.590791	-0.421321	-0.240761	-0.0705726	0.0860045	0.239984	0.384807	0.506735	0.602346	0.678387	0.734313	0.767263	0.782609	0.776434	0.747519	0.711416	0.689997	
-0.32525	-0.487025	-0.639167	-0.764877	-0.839834	-0.851834	-0.802331	-0.693916	-0.549494	-0.390308	-0.227314	-0.0767859	0.06473	0.201847	0.332938	0.440294	0.52315	0.586531	0.642062	0.685363	0.720198	0.747519	0.761413	0.772376	0.78846	
-0.271418	-0.411319	-0.555082	-0.66899	-0.729422	-0.739928	-0.699325	-0.606587	-0.4693	-0.326873	-0.189991	-0.068015	0.0481132	0.160022	0.271412	0.3634	0.431481	0.489451	0.542807	0.594264	0.648059	0.711416	0.772376	0.831869	0.883672	
-0.203635	-0.324418	-0.451465	-0.543203	-0.585412	-0.590978	-0.564879	-0.494316	-0.376408	-0.249927	-0.139608	-0.0428292	0.0417848	0.123642	0.21175	0.289001	0.350773	0.408016	0.463249	0.5242	0.598429	0.689997	0.78846	0.883672	0.960914	
