0.391606	0.687739	0.944338	1.1479	1.27649	1.2994	1.21015	1.03296	0.795285	0.514659	0.197988	-0.125211	-0.419309	-0.639534	-0.761357	-0.773114	-0.695503	-0.556703	-0.370177	-0.138783	0.117463	0.344469	0.496102	0.555715	0.532972	
0.492402	0.771108	1.00634	1.18733	1.29844	1.31797	1.2416	1.0857	0.870908	0.60831	0.309609	-0.00246149	-0.291921	-0.526521	-0.673262	-0.723542	-0.683772	-0.580498	-0.41863	-0.203499	0.0436309	0.277438	0.452832	0.54705	0.555342	
0.610019	0.860722	1.06263	1.20648	1.29152	1.30475	1.24916	1.12628	0.948565	0.714942	0.441363	0.146512	-0.134032	-0.372983	-0.539221	-0.622071	-0.624857	-0.559951	-0.426988	-0.231298	0.00140532	0.228646	0.417891	0.539276	0.580169	
0.750924	0.965722	1.12187	1.22059	1.27107	1.27906	1.24636	1.16758	1.03545	0.843006	0.600114	0.32764	0.0581168	-0.180656	-0.359005	-0.470023	-0.512435	-0.491372	-0.392228	-0.222727	-0.0104361	0.202923	0.390886	0.529656	0.596512	
0.902165	1.07198	1.1764	1.2242	1.23935	1.24029	1.23346	1.20063	1.12204	0.977066	0.774051	0.527547	0.272635	0.0363254	-0.149097	-0.279963	-0.356751	-0.375594	-0.316311	-0.177721	0.00840409	0.204444	0.384619	0.526856	0.612397	
1.04162	1.16051	1.21059	1.20884	1.19031	1.18515	1.20185	1.21397	1.18866	1.09711	0.939959	0.727988	0.491451	0.262237	0.0735224	-0.0690798	-0.168585	-0.219042	-0.194879	-0.0924991	0.0660386	0.242918	0.414948	0.554975	0.646607	
1.16184	1.22796	1.22584	1.18163	1.13393	1.12472	1.16002	1.21148	1.23422	1.19676	1.09059	0.921123	0.710892	0.493714	0.305603	0.156687	0.043975	-0.0255407	-0.0308327	0.0366698	0.159719	0.315147	0.474383	0.609173	0.696791	
1.23434	1.24886	1.2042	1.12591	1.05847	1.045	1.09491	1.17462	1.23721	1.24788	1.19422	1.07311	0.897886	0.700184	0.516807	0.365389	0.246488	0.168681	0.145952	0.183088	0.271903	0.399278	0.545259	0.672132	0.755333	
1.22595	1.19792	1.12043	1.02161	0.94129	0.926552	0.983865	1.08193	1.17143	1.22159	1.216	1.14607	1.01353	0.844255	0.672753	0.522745	0.40293	0.325151	0.296838	0.31599	0.3766	0.478397	0.606785	0.728558	0.808459	
1.12553	1.06347	0.966781	0.857491	0.772844	0.757439	0.817351	0.923323	1.02759	1.10603	1.14053	1.12069	1.03566	0.905181	0.754968	0.614685	0.498861	0.427819	0.402976	0.417326	0.462329	0.544292	0.655258	0.766701	0.844589	
0.938981	0.85624	0.751648	0.642041	0.559378	0.544021	0.602955	0.707288	0.816221	0.909206	0.973945	0.995343	0.958646	0.870777	0.752189	0.628512	0.523508	0.460888	0.444189	0.460817	0.502487	0.574246	0.671222	0.769719	0.840322	
0.690053	0.598362	0.495973	0.393765	0.316857	0.303266	0.35698	0.454818	0.557769	0.655649	0.735864	0.789119	0.791769	0.748079	0.664183	0.566754	0.477324	0.427153	0.417434	0.43925	0.483022	0.554572	0.643545	0.73032	0.78841	
0.406869	0.316615	0.224125	0.13331	0.0658334	0.0532421	0.10135	0.187181	0.279781	0.371412	0.457224	0.526679	0.559866	0.551246	0.504513	0.436151	0.371645	0.336951	0.336916	0.362475	0.411288	0.487505	0.577873	0.657687	0.70472	
0.129126	0.0480704	-0.0309089	-0.107482	-0.165125	-0.175803	-0.134836	-0.0619083	0.0161551	0.096684	0.177149	0.251937	0.300449	0.318093	0.30029	0.26377	0.226949	0.215516	0.227158	0.257838	0.309736	0.391621	0.486849	0.567879	0.607438	
-0.116342	-0.184891	-0.248859	-0.311462	-0.359192	-0.368004	-0.334127	-0.273905	-0.210886	-0.144064	-0.0742449	-0.00416676	0.0490956	0.0793806	0.0833477	0.0727035	0.0679414	0.0839671	0.11612	0.156069	0.213173	0.299772	0.400674	0.486508	0.526717	
-0.306482	-0.36129	-0.411297	-0.461357	-0.499509	-0.507387	-0.479008	-0.43158	-0.381142	-0.329192	-0.271563	-0.212639	-0.163876	-0.131942	-0.118745	-0.110377	-0.0884993	-0.0410844	0.0163175	0.0741638	0.141146	0.233049	0.338621	0.429137	0.47344	
-0.433442	-0.475684	-0.513823	-0.552552	-0.583233	-0.58893	-0.567122	-0.528914	-0.491277	-0.450565	-0.407287	-0.360755	-0.323848	-0.299347	-0.288189	-0.273265	-0.232205	-0.159334	-0.0732355	0.00764184	0.0920459	0.19366	0.303024	0.397291	0.445274	
-0.508049	-0.538924	-0.566767	-0.596497	-0.619378	-0.624774	-0.606762	-0.578925	-0.549542	-0.52121	-0.48871	-0.458076	-0.434726	-0.425979	-0.426306	-0.416549	-0.369474	-0.27886	-0.169337	-0.0608256	0.0482253	0.168377	0.289582	0.389851	0.445299	
-0.53336	-0.555509	-0.575607	-0.597341	-0.614679	-0.618229	-0.605458	-0.583963	-0.563564	-0.542137	-0.521198	-0.501956	-0.494842	-0.502345	-0.520898	-0.524615	-0.481922	-0.385892	-0.258897	-0.126254	0.0130205	0.160367	0.302481	0.418373	0.483818	
-0.504721	-0.520669	-0.535424	-0.551423	-0.563397	-0.566594	-0.556584	-0.542047	-0.52589	-0.511432	-0.49589	-0.487858	-0.491602	-0.516502	-0.552729	-0.574986	-0.544787	-0.45253	-0.319951	-0.16823	-0.00217981	0.176859	0.348172	0.486742	0.570425	
-0.423588	-0.436615	-0.447867	-0.459683	-0.467706	-0.469941	-0.46326	-0.452735	-0.44098	-0.428719	-0.418342	-0.415403	-0.429495	-0.466616	-0.521209	-0.562434	-0.550237	-0.471834	-0.343631	-0.18672	-0.00114621	0.203819	0.405755	0.573827	0.680843	
-0.329179	-0.34026	-0.350196	-0.358527	-0.363519	-0.365059	-0.360666	-0.354018	-0.343966	-0.333883	-0.324258	-0.325876	-0.344464	-0.392478	-0.460244	-0.519864	-0.526376	-0.465642	-0.351197	-0.196743	-0.00393844	0.221608	0.451292	0.652416	0.793418	
-0.257576	-0.269338	-0.277907	-0.28454	-0.286424	-0.287808	-0.285187	-0.28134	-0.272758	-0.262496	-0.253554	-0.255517	-0.277757	-0.33083	-0.409464	-0.482392	-0.505828	-0.463442	-0.364477	-0.22085	-0.0263985	0.209588	0.463634	0.698276	0.879251	
-0.224743	-0.236636	-0.246039	-0.250329	-0.250772	-0.251148	-0.250512	-0.248492	-0.24047	-0.229691	-0.219117	-0.220981	-0.242597	-0.299019	-0.382527	-0.465253	-0.500881	-0.473653	-0.391038	-0.258778	-0.0712614	0.169526	0.437655	0.700629	0.920847	
-0.218768	-0.232798	-0.241579	-0.245516	-0.243451	-0.244157	-0.244309	-0.244371	-0.236452	-0.224781	-0.21295	-0.213089	-0.234428	-0.29097	-0.378297	-0.466624	-0.511847	-0.497487	-0.428972	-0.311546	-0.133194	0.101735	0.375833	0.655154	0.906145	
-0.228711	-0.242973	-0.253061	-0.255135	-0.252493	-0.252163	-0.253991	-0.254949	-0.247418	-0.234744	-0.22125	-0.220156	-0.23966	-0.296465	-0.38468	-0.477186	-0.528817	-0.52435	-0.469003	-0.364386	-0.200263	0.025311	0.293373	0.578131	0.845681	
-0.242973	-0.259117	-0.268455	-0.270619	-0.26601	-0.266155	-0.268326	-0.270862	-0.263275	-0.250059	-0.235511	-0.233002	-0.251721	-0.307678	-0.397071	-0.491707	-0.548229	-0.551573	-0.506085	-0.414389	-0.262436	-0.0513313	0.207021	0.48592	0.758412	
-0.253061	-0.268455	-0.278504	-0.278941	-0.274054	-0.273343	-0.276767	-0.279983	-0.273039	-0.259651	-0.244651	-0.242002	-0.260219	-0.316857	-0.407227	-0.504673	-0.565622	-0.57566	-0.539915	-0.458818	-0.321012	-0.123611	0.119182	0.387248	0.653518	
-0.255135	-0.270619	-0.278941	-0.279047	-0.272544	-0.272182	-0.275936	-0.280568	-0.274468	-0.261935	-0.247915	-0.246239	-0.266102	-0.324519	-0.417833	-0.518998	-0.585053	-0.602296	-0.574792	-0.504664	-0.378057	-0.19512	0.0343413	0.288675	0.546291	
-0.252493	-0.26601	-0.274054	-0.272544	-0.265825	-0.264924	-0.269443	-0.27484	-0.26974	-0.258335	-0.245459	-0.245532	-0.267173	-0.328121	-0.424407	-0.529218	-0.600133	-0.62274	-0.602543	-0.539579	-0.422448	-0.248601	-0.0300153	0.215378	0.464894	
-0.252163	-0.266155	-0.273343	-0.272182	-0.264924	-0.264289	-0.268771	-0.274411	-0.269583	-0.258331	-0.24588	-0.246203	-0.268338	-0.329803	-0.426539	-0.532272	-0.603632	-0.627674	-0.608053	-0.546881	-0.430623	-0.258853	-0.0414728	0.20182	0.450542	
-0.253991	-0.268326	-0.276767	-0.275936	-0.269443	-0.268771	-0.272878	-0.27791	-0.272177	-0.260208	-0.246587	-0.245718	-0.266389	-0.325866	-0.420669	-0.523276	-0.591913	-0.611425	-0.587745	-0.520798	-0.39902	-0.220345	0.00370695	0.253948	0.507513	
-0.254949	-0.270862	-0.279983	-0.280568	-0.27484	-0.274411	-0.27791	-0.281736	-0.27508	-0.26193	-0.247146	-0.244791	-0.263393	-0.320738	-0.411788	-0.510805	-0.573311	-0.586518	-0.553726	-0.477256	-0.343866	-0.152524	0.0848846	0.347291	0.610483	
-0.247418	-0.263275	-0.273039	-0.274468	-0.26974	-0.269583	-0.272177	-0.27508	-0.2676	-0.254263	-0.239347	-0.236585	-0.255137	-0.311005	-0.400958	-0.496214	-0.554977	-0.560743	-0.519675	-0.43212	-0.286158	-0.0805824	0.171648	0.446827	0.717475	
-0.234744	-0.250059	-0.259651	-0.261935	-0.258335	-0.258331	-0.260208	-0.26193	-0.254263	-0.241452	-0.227238	-0.225775	-0.244623	-0.301469	-0.389628	-0.483416	-0.536679	-0.53589	-0.484384	-0.385034	-0.225741	-0.00556077	0.259188	0.542719	0.813889	
-0.22125	-0.235511	-0.244651	-0.247915	-0.245459	-0.24588	-0.246587	-0.247146	-0.239347	-0.227238	-0.214784	-0.214253	-0.23528	-0.291689	-0.379961	-0.469685	-0.518331	-0.508059	-0.445442	-0.333208	-0.160467	0.0709904	0.343692	0.626668	0.8858	
-0.220156	-0.233002	-0.242002	-0.246239	-0.245532	-0.246203	-0.245718	-0.244791	-0.236585	-0.225775	-0.214253	-0.21594	-0.237057	-0.294287	-0.378881	-0.464535	-0.503913	-0.48241	-0.405481	-0.278733	-0.0945828	0.145115	0.416745	0.687949	0.922104	
-0.23966	-0.251721	-0.260219	-0.266102	-0.267173	-0.268338	-0.266389	-0.263393	-0.255137	-0.244623	-0.23528	-0.237057	-0.259755	-0.314142	-0.395549	-0.472419	-0.501587	-0.465647	-0.373422	-0.234246	-0.0417308	0.196776	0.45773	0.704857	0.901917	
-0.296465	-0.307678	-0.316857	-0.324519	-0.328121	-0.329803	-0.325866	-0.320738	-0.311005	-0.301469	-0.291689	-0.294287	-0.314142	-0.365291	-0.437329	-0.503043	-0.51655	-0.463409	-0.355231	-0.204006	-0.0100968	0.221021	0.460971	0.675922	0.832656	
-0.38468	-0.397071	-0.407227	-0.417833	-0.424407	-0.426539	-0.420669	-0.411788	-0.400958	-0.389628	-0.379961	-0.378881	-0.395549	-0.437329	-0.497809	-0.546565	-0.541942	-0.470743	-0.347121	-0.190564	-0.000598555	0.213089	0.426523	0.60767	0.726857	
-0.477186	-0.491707	-0.504673	-0.518998	-0.529218	-0.532272	-0.523276	-0.510805	-0.496214	-0.483416	-0.469685	-0.464535	-0.472419	-0.503043	-0.546565	-0.576269	-0.552956	-0.465078	-0.333468	-0.177478	-0.00275693	0.187792	0.37126	0.521047	0.613362	
-0.528817	-0.548229	-0.565622	-0.585053	-0.600133	-0.603632	-0.591913	-0.573311	-0.554977	-0.536679	-0.518331	-0.503913	-0.501587	-0.51655	-0.541942	-0.552956	-0.513957	-0.418948	-0.28785	-0.146792	0.00429474	0.164113	0.317105	0.441609	0.513227	
-0.52435	-0.551573	-0.57566	-0.602296	-0.62274	-0.627674	-0.611425	-0.586518	-0.560743	-0.53589	-0.508059	-0.48241	-0.465647	-0.463409	-0.470743	-0.465078	-0.418948	-0.324433	-0.207398	-0.0881217	0.0325914	0.162754	0.291118	0.39637	0.455557	
-0.469003	-0.506085	-0.539915	-0.574792	-0.602543	-0.608053	-0.587745	-0.553726	-0.519675	-0.484384	-0.445442	-0.405481	-0.373422	-0.355231	-0.347121	-0.333468	-0.28785	-0.207398	-0.11093	-0.019389	0.0740753	0.181935	0.294354	0.39082	0.441038	
-0.364386	-0.414389	-0.458818	-0.504664	-0.539579	-0.546881	-0.520798	-0.477256	-0.43212	-0.385034	-0.333208	-0.278733	-0.234246	-0.204006	-0.190564	-0.177478	-0.146792	-0.0881217	-0.019389	0.0471663	0.120433	0.215076	0.322021	0.41376	0.459829	
-0.200263	-0.262436	-0.321012	-0.378057	-0.422448	-0.430623	-0.39902	-0.343866	-0.286158	-0.225741	-0.160467	-0.0945828	-0.0417308	-0.0100968	-0.000598555	-0.00275693	0.00429474	0.0325914	0.0740753	0.120433	0.180456	0.26934	0.37173	0.460243	0.501774	
0.025311	-0.0513313	-0.123611	-0.19512	-0.248601	-0.258853	-0.220345	-0.152524	-0.0805824	-0.00556077	0.0709904	0.145115	0.196776	0.221021	0.213089	0.187792	0.164113	0.162754	0.181935	0.215076	0.26934	0.352763	0.450671	0.5332	0.572528	
0.293373	0.207021	0.119182	0.0343413	-0.0300153	-0.0414728	0.00370695	0.0848846	0.171648	0.259188	0.343692	0.416745	0.45773	0.460971	0.426523	0.37126	0.317105	0.291118	0.294354	0.322021	0.37173	0.450671	0.542252	0.622008	0.665149	
0.578131	0.48592	0.387248	0.288675	0.215378	0.20182	0.253948	0.347291	0.446827	0.542719	0.626668	0.687949	0.704857	0.675922	0.60767	0.521047	0.441609	0.39637	0.39082	0.41376	0.460243	0.5332	0.622008	0.705046	0.758457	
0.845681	0.758412	0.653518	0.546291	0.464894	0.450542	0.507513	0.610483	0.717475	0.813889	0.8858	0.922104	0.901917	0.832656	0.726857	0.613362	0.513227	0.455557	0.441038	0.459829	0.501774	0.572528	0.665149	0.758457	0.824327	
