-0.173372	-0.159268	-0.151089	-0.14319	-0.134652	-0.133246	-0.13954	-0.14819	-0.155291	-0.16776	-0.177756	-0.178402	-0.177651	-0.169047	-0.156282	-0.147598	-0.139325	-0.136016	-0.138674	-0.150516	-0.177933	-0.217137	-0.263826	-0.318081	-0.369344	
-0.144225	-0.139678	-0.142924	-0.149454	-0.153396	-0.153999	-0.151447	-0.145891	-0.139838	-0.142284	-0.146105	-0.150548	-0.16505	-0.172459	-0.16958	-0.166801	-0.160004	-0.152866	-0.14745	-0.149104	-0.162162	-0.181234	-0.213896	-0.2653	-0.322082	
-0.12796	-0.128189	-0.13976	-0.153258	-0.157263	-0.157062	-0.155865	-0.146068	-0.131339	-0.127802	-0.128118	-0.130247	-0.146786	-0.162464	-0.172778	-0.182144	-0.177718	-0.167157	-0.156609	-0.146745	-0.148055	-0.156164	-0.173298	-0.213654	-0.267123	
-0.13191	-0.134296	-0.13836	-0.142626	-0.143743	-0.143323	-0.143437	-0.140423	-0.135179	-0.133524	-0.128787	-0.126078	-0.13706	-0.146452	-0.155278	-0.172113	-0.178529	-0.174063	-0.165902	-0.155099	-0.147985	-0.144993	-0.152888	-0.178044	-0.215298	
-0.142392	-0.13897	-0.134147	-0.131765	-0.126611	-0.124131	-0.129811	-0.133845	-0.135963	-0.141722	-0.139848	-0.132035	-0.132558	-0.132776	-0.135369	-0.150482	-0.161919	-0.168633	-0.171616	-0.164403	-0.156773	-0.148508	-0.14713	-0.163619	-0.184393	
-0.141294	-0.135204	-0.128168	-0.123218	-0.118814	-0.117485	-0.121692	-0.126152	-0.131972	-0.139571	-0.142193	-0.139858	-0.136111	-0.127274	-0.120772	-0.128231	-0.138957	-0.151816	-0.169505	-0.177098	-0.172232	-0.161505	-0.152386	-0.153813	-0.162353	
-0.131559	-0.131429	-0.124493	-0.120137	-0.118741	-0.117513	-0.119381	-0.12287	-0.128773	-0.132121	-0.131157	-0.13222	-0.133455	-0.129075	-0.123195	-0.124012	-0.127082	-0.135268	-0.153634	-0.171167	-0.17962	-0.17475	-0.164443	-0.155152	-0.146767	
-0.117428	-0.117401	-0.118182	-0.122337	-0.125001	-0.12481	-0.123608	-0.119436	-0.117476	-0.117253	-0.120089	-0.124922	-0.126134	-0.128952	-0.131477	-0.131844	-0.130645	-0.129726	-0.138013	-0.149694	-0.16037	-0.169553	-0.170015	-0.16135	-0.147645	
-0.1045	-0.110142	-0.113428	-0.118733	-0.127807	-0.130075	-0.12261	-0.11462	-0.11211	-0.106018	-0.107173	-0.1211	-0.128217	-0.132759	-0.137057	-0.133401	-0.12789	-0.122763	-0.123195	-0.130277	-0.139211	-0.15513	-0.173214	-0.174466	-0.162273	
-0.112206	-0.117862	-0.116595	-0.113957	-0.112838	-0.112374	-0.113297	-0.115607	-0.118191	-0.1138	-0.112031	-0.116997	-0.117256	-0.123078	-0.130915	-0.128745	-0.125606	-0.121776	-0.120213	-0.123604	-0.129102	-0.142797	-0.164208	-0.17721	-0.174725	
-0.121633	-0.12371	-0.116835	-0.106417	-0.102389	-0.103127	-0.104359	-0.111689	-0.122791	-0.122926	-0.119807	-0.11691	-0.10477	-0.104589	-0.116532	-0.120704	-0.127652	-0.132118	-0.128927	-0.127827	-0.126756	-0.132286	-0.144837	-0.155442	-0.166128	
-0.111887	-0.113595	-0.111763	-0.107713	-0.106675	-0.10688	-0.106564	-0.109868	-0.113913	-0.112387	-0.112552	-0.115208	-0.108773	-0.104768	-0.110827	-0.115498	-0.125312	-0.135278	-0.132776	-0.125902	-0.120758	-0.122276	-0.129518	-0.135485	-0.150495	
-0.102884	-0.0981044	-0.101548	-0.108411	-0.114684	-0.116336	-0.110854	-0.103775	-0.0987638	-0.100235	-0.107793	-0.113675	-0.115446	-0.117062	-0.114916	-0.107584	-0.111226	-0.122865	-0.127729	-0.126511	-0.121748	-0.121001	-0.124422	-0.128159	-0.139923	
-0.102407	-0.0999431	-0.104786	-0.106773	-0.106217	-0.107055	-0.107259	-0.105954	-0.101515	-0.100893	-0.104219	-0.108258	-0.114062	-0.116905	-0.115701	-0.107902	-0.102254	-0.108595	-0.118014	-0.127392	-0.132128	-0.129094	-0.123843	-0.123458	-0.131671	
-0.108572	-0.107727	-0.108353	-0.104316	-0.0971748	-0.095184	-0.101238	-0.108063	-0.107224	-0.108503	-0.106226	-0.0987622	-0.103795	-0.108938	-0.109309	-0.113466	-0.111535	-0.107023	-0.108921	-0.118857	-0.132239	-0.134933	-0.124269	-0.118772	-0.124938	
-0.10998	-0.104158	-0.101407	-0.100405	-0.100052	-0.0998112	-0.099854	-0.101188	-0.102342	-0.108619	-0.108205	-0.0972507	-0.0986316	-0.104237	-0.104779	-0.112099	-0.118045	-0.11476	-0.106509	-0.105631	-0.118663	-0.13012	-0.12707	-0.122687	-0.125868	
-0.101975	-0.0960909	-0.0988691	-0.103062	-0.100503	-0.0988243	-0.102336	-0.101326	-0.0961431	-0.099592	-0.103809	-0.102208	-0.104589	-0.102353	-0.0998594	-0.10843	-0.112274	-0.11367	-0.113084	-0.105167	-0.107129	-0.118673	-0.125675	-0.12916	-0.130586	
-0.0973474	-0.0963009	-0.0954342	-0.0987237	-0.102145	-0.102373	-0.100606	-0.0966396	-0.0948787	-0.0969604	-0.0987825	-0.10184	-0.108381	-0.105854	-0.0979884	-0.10356	-0.106535	-0.104104	-0.111649	-0.113914	-0.107608	-0.10908	-0.121092	-0.132813	-0.134881	
-0.0973107	-0.100287	-0.0969608	-0.0956976	-0.0973877	-0.0984256	-0.0970498	-0.0957018	-0.0995423	-0.0988543	-0.0962323	-0.100124	-0.103483	-0.103358	-0.098955	-0.0984886	-0.10401	-0.10548	-0.109271	-0.117071	-0.114139	-0.103323	-0.109477	-0.126312	-0.131735	
-0.0966522	-0.102139	-0.101609	-0.0966974	-0.0916872	-0.0906647	-0.0938205	-0.0992111	-0.103717	-0.0985746	-0.0952823	-0.0977765	-0.0943644	-0.0984262	-0.105744	-0.10143	-0.0990168	-0.103976	-0.109307	-0.113898	-0.116097	-0.107482	-0.10332	-0.11428	-0.121895	
-0.0940848	-0.100411	-0.096067	-0.0910953	-0.0972152	-0.0991443	-0.0920487	-0.0933378	-0.100683	-0.0959228	-0.0934167	-0.0983013	-0.0919205	-0.0946819	-0.110522	-0.109565	-0.0997655	-0.0969074	-0.100302	-0.104937	-0.109361	-0.113167	-0.112461	-0.111842	-0.115619	
-0.0940486	-0.0903113	-0.0877758	-0.0936129	-0.0994919	-0.100252	-0.097039	-0.0899126	-0.0885608	-0.092184	-0.0975082	-0.106255	-0.100415	-0.0893599	-0.0958007	-0.101846	-0.102652	-0.102695	-0.100568	-0.102662	-0.106967	-0.11461	-0.118727	-0.110696	-0.104443	
-0.0946388	-0.0911211	-0.0952918	-0.0989796	-0.0903278	-0.0875657	-0.0968316	-0.0969391	-0.0911793	-0.0941604	-0.0956271	-0.0965159	-0.100592	-0.0976414	-0.0917496	-0.091408	-0.100592	-0.108584	-0.106142	-0.102279	-0.103058	-0.112651	-0.117917	-0.110705	-0.101257	
-0.094141	-0.0978692	-0.101983	-0.0936054	-0.0873252	-0.0870343	-0.0901159	-0.099551	-0.100141	-0.0959803	-0.0913864	-0.0830417	-0.0915441	-0.105732	-0.101811	-0.09553	-0.0991515	-0.104584	-0.10406	-0.0985867	-0.0956525	-0.105298	-0.114533	-0.113852	-0.113677	
-0.098194	-0.0884692	-0.0877595	-0.0888637	-0.0973491	-0.0999642	-0.0912618	-0.0890353	-0.0871172	-0.0932266	-0.101625	-0.0915286	-0.0918917	-0.10051	-0.0965503	-0.0959851	-0.0958508	-0.0981514	-0.103028	-0.103802	-0.104056	-0.103993	-0.108885	-0.111986	-0.118461	
-0.0966447	-0.0872062	-0.0873439	-0.0936351	-0.0941016	-0.093915	-0.0943846	-0.0896964	-0.0857655	-0.0925729	-0.0994622	-0.0956016	-0.0938175	-0.0945475	-0.0933654	-0.0965676	-0.0971094	-0.0966932	-0.0997893	-0.106153	-0.111389	-0.104484	-0.101037	-0.107829	-0.118704	
-0.0872062	-0.0960722	-0.0982379	-0.0964879	-0.085326	-0.0821167	-0.0930629	-0.0974072	-0.0985133	-0.0910335	-0.0847985	-0.095886	-0.0949901	-0.0884371	-0.0965879	-0.102229	-0.102139	-0.0971812	-0.0948142	-0.101732	-0.106986	-0.103423	-0.0970051	-0.106394	-0.121518	
-0.0873439	-0.0982379	-0.090363	-0.0867867	-0.0938685	-0.0948947	-0.0891587	-0.0876387	-0.0968801	-0.0925324	-0.084239	-0.0976453	-0.100287	-0.0892647	-0.0914152	-0.0997296	-0.100451	-0.0946404	-0.0971117	-0.101167	-0.10508	-0.107785	-0.101054	-0.107427	-0.116484	
-0.0936351	-0.0964879	-0.0867867	-0.0831325	-0.0967167	-0.100583	-0.0873329	-0.0836324	-0.0929234	-0.0960467	-0.0907823	-0.0903026	-0.097129	-0.0970229	-0.091237	-0.094406	-0.0966936	-0.0967236	-0.101956	-0.100902	-0.102448	-0.106978	-0.106775	-0.108643	-0.106419	
-0.0941016	-0.085326	-0.0938685	-0.0967167	-0.0873465	-0.0855594	-0.0937258	-0.0964755	-0.0874392	-0.0894284	-0.0982066	-0.0912281	-0.0872771	-0.0961856	-0.0998124	-0.0931445	-0.0933806	-0.101989	-0.101406	-0.099954	-0.0980056	-0.100841	-0.113746	-0.110611	-0.101983	
-0.093915	-0.0821167	-0.0948947	-0.100583	-0.0855594	-0.0814287	-0.0955861	-0.100015	-0.0854798	-0.0869552	-0.100316	-0.0928059	-0.0849784	-0.0952041	-0.101895	-0.0930557	-0.0929971	-0.102943	-0.100423	-0.0995159	-0.0962889	-0.0997669	-0.116352	-0.111297	-0.102352	
-0.0943846	-0.0930629	-0.0891587	-0.0873329	-0.0937258	-0.0955861	-0.088923	-0.088099	-0.0913534	-0.0942775	-0.0934747	-0.089012	-0.0935874	-0.0985241	-0.0940423	-0.0926876	-0.0953767	-0.0993602	-0.102379	-0.100187	-0.100321	-0.105132	-0.109916	-0.108707	-0.103728	
-0.0896964	-0.0974072	-0.0876387	-0.0836324	-0.0964755	-0.100015	-0.088099	-0.0836679	-0.0947174	-0.094428	-0.0868356	-0.0955248	-0.100233	-0.0920189	-0.0902686	-0.0972314	-0.0985877	-0.0952139	-0.0992792	-0.101262	-0.105146	-0.108412	-0.102967	-0.107301	-0.111836	
-0.0857655	-0.0985133	-0.0968801	-0.0929234	-0.0874392	-0.0854798	-0.0913534	-0.0947174	-0.0997025	-0.0914291	-0.0828301	-0.097042	-0.0966518	-0.0868499	-0.0954809	-0.103654	-0.102716	-0.0952713	-0.0944316	-0.101137	-0.10519	-0.104573	-0.0981002	-0.107023	-0.121588	
-0.0925729	-0.0910335	-0.0925324	-0.0960467	-0.0894284	-0.0869552	-0.0942775	-0.094428	-0.0914291	-0.0915394	-0.0927967	-0.0954266	-0.0946986	-0.0925245	-0.0944676	-0.0983068	-0.0988723	-0.0968499	-0.0981852	-0.105105	-0.110279	-0.103903	-0.098411	-0.107017	-0.119827	
-0.0994622	-0.0847985	-0.084239	-0.0907823	-0.0982066	-0.100316	-0.0934747	-0.0868356	-0.0828301	-0.0927967	-0.103894	-0.0947186	-0.0927734	-0.0981351	-0.0942119	-0.094516	-0.0953442	-0.0981269	-0.102077	-0.105412	-0.108781	-0.104064	-0.105797	-0.110595	-0.117739	
-0.0956016	-0.095886	-0.0976453	-0.0903026	-0.0912281	-0.0928059	-0.089012	-0.0955248	-0.097042	-0.0954266	-0.0947186	-0.084396	-0.089788	-0.104349	-0.101776	-0.0976054	-0.0987155	-0.101317	-0.102644	-0.0993354	-0.0967974	-0.104111	-0.112854	-0.113796	-0.117587	
-0.0938175	-0.0949901	-0.100287	-0.097129	-0.0872771	-0.0849784	-0.0935874	-0.100233	-0.0966518	-0.0946986	-0.0927734	-0.089788	-0.0973592	-0.10233	-0.0952179	-0.0918408	-0.0996087	-0.107233	-0.106924	-0.101147	-0.0996347	-0.110688	-0.11609	-0.111403	-0.105414	
-0.0945475	-0.0884371	-0.0892647	-0.0970229	-0.0961856	-0.0952041	-0.0985241	-0.0920189	-0.0868499	-0.0925245	-0.0981351	-0.104349	-0.10233	-0.0917915	-0.0914195	-0.0960008	-0.10218	-0.106331	-0.10303	-0.102772	-0.106463	-0.113876	-0.118952	-0.110799	-0.100949	
-0.0933654	-0.0965879	-0.0914152	-0.091237	-0.0998124	-0.101895	-0.0940423	-0.0902686	-0.0954809	-0.0944676	-0.0942119	-0.101776	-0.0952179	-0.0914195	-0.106274	-0.109273	-0.101306	-0.0978365	-0.0983711	-0.102696	-0.107488	-0.113487	-0.116576	-0.111921	-0.111422	
-0.0965676	-0.102229	-0.0997296	-0.094406	-0.0931445	-0.0930557	-0.0926876	-0.0972314	-0.103654	-0.0983068	-0.094516	-0.0976054	-0.0918408	-0.0960008	-0.109273	-0.105248	-0.0978466	-0.101208	-0.106784	-0.110709	-0.114088	-0.110309	-0.105977	-0.111699	-0.118798	
-0.0971094	-0.102139	-0.100451	-0.0966936	-0.0933806	-0.0929971	-0.0953767	-0.0985877	-0.102716	-0.0988723	-0.0953442	-0.0987155	-0.0996087	-0.10218	-0.101306	-0.0978466	-0.102337	-0.105875	-0.109193	-0.116561	-0.11575	-0.104522	-0.105606	-0.120963	-0.128484	
-0.0966932	-0.0971812	-0.0946404	-0.0967236	-0.101989	-0.102943	-0.0993602	-0.0952139	-0.0952713	-0.0968499	-0.0981269	-0.101317	-0.107233	-0.106331	-0.0978365	-0.101208	-0.105875	-0.103113	-0.11011	-0.115829	-0.109969	-0.106164	-0.11621	-0.131746	-0.135242	
-0.0997893	-0.0948142	-0.0971117	-0.101956	-0.101406	-0.100423	-0.102379	-0.0992792	-0.0944316	-0.0981852	-0.102077	-0.102644	-0.106924	-0.10303	-0.0983711	-0.106784	-0.109193	-0.11011	-0.114024	-0.108815	-0.106693	-0.113812	-0.124123	-0.131488	-0.132089	
-0.106153	-0.101732	-0.101167	-0.100902	-0.099954	-0.0995159	-0.100187	-0.101262	-0.101137	-0.105105	-0.105412	-0.0993354	-0.101147	-0.102772	-0.102696	-0.110709	-0.116561	-0.115829	-0.108815	-0.103779	-0.112462	-0.12574	-0.127792	-0.125334	-0.128054	
-0.111389	-0.106986	-0.10508	-0.102448	-0.0980056	-0.0962889	-0.100321	-0.105146	-0.10519	-0.110279	-0.108781	-0.0967974	-0.0996347	-0.106463	-0.107488	-0.114088	-0.11575	-0.109969	-0.106693	-0.112462	-0.127286	-0.134623	-0.125381	-0.119673	-0.124561	
-0.104484	-0.103423	-0.107785	-0.106978	-0.100841	-0.0997669	-0.105132	-0.108412	-0.104573	-0.103903	-0.104064	-0.104111	-0.110688	-0.113876	-0.113487	-0.110309	-0.104522	-0.106164	-0.113812	-0.12574	-0.134623	-0.132272	-0.12393	-0.120442	-0.127627	
-0.101037	-0.0970051	-0.101054	-0.106775	-0.113746	-0.116352	-0.109916	-0.102967	-0.0981002	-0.098411	-0.105797	-0.112854	-0.11609	-0.118952	-0.116576	-0.105977	-0.105606	-0.11621	-0.124123	-0.127792	-0.125381	-0.12393	-0.124011	-0.126147	-0.137254	
-0.107829	-0.106394	-0.107427	-0.108643	-0.110611	-0.111297	-0.108707	-0.107301	-0.107023	-0.107017	-0.110595	-0.113796	-0.111403	-0.110799	-0.111921	-0.111699	-0.120963	-0.131746	-0.131488	-0.125334	-0.119673	-0.120442	-0.126147	-0.131986	-0.145567	
-0.118704	-0.121518	-0.116484	-0.106419	-0.101983	-0.102352	-0.103728	-0.111836	-0.121588	-0.119827	-0.117739	-0.117587	-0.105414	-0.100949	-0.111422	-0.118798	-0.128484	-0.135242	-0.132089	-0.128054	-0.124561	-0.127627	-0.137254	-0.145567	-0.159284	
