-0.488662	-0.306793	-0.129575	0.0220712	0.121157	0.164833	0.164822	0.143292	0.10745	0.0628344	0.0247375	0.0163559	0.0583356	0.14902	0.288867	0.470888	0.665118	0.844188	0.964683	1.01733	0.997747	0.905419	0.73319	0.48764	0.20551	
-0.306793	-0.121987	0.0551035	0.195728	0.276566	0.29548	0.268216	0.215723	0.147191	0.0691053	-0.00191459	-0.0325629	-0.00672555	0.0778572	0.21255	0.394934	0.586682	0.756314	0.87743	0.936611	0.931469	0.857955	0.703475	0.482114	0.222512	
-0.129575	0.0551035	0.217563	0.335889	0.394051	0.392203	0.339119	0.255575	0.157014	0.0532151	-0.0379853	-0.0829598	-0.0694481	0.00879136	0.141498	0.315826	0.503363	0.663753	0.785337	0.85243	0.864145	0.809236	0.676808	0.47615	0.240476	
0.0220712	0.195728	0.335889	0.432477	0.469401	0.442939	0.365777	0.255919	0.135222	0.0131871	-0.0844879	-0.136129	-0.128396	-0.0612331	0.0640335	0.232899	0.418695	0.576997	0.692443	0.766463	0.793054	0.752103	0.634617	0.456059	0.248862	
0.121157	0.276566	0.394051	0.469401	0.484929	0.436837	0.340027	0.212291	0.0778873	-0.0433929	-0.134857	-0.185476	-0.183313	-0.127274	-0.0104457	0.143123	0.318208	0.468797	0.583443	0.665569	0.7013	0.670017	0.567305	0.418855	0.246465	
0.164833	0.29548	0.392203	0.442939	0.436837	0.376829	0.272106	0.141373	0.000676417	-0.113681	-0.192979	-0.232384	-0.231126	-0.18179	-0.0801616	0.0516619	0.206374	0.350408	0.465943	0.549937	0.588647	0.569363	0.488991	0.373862	0.235298	
0.164822	0.268216	0.339119	0.365777	0.340027	0.272106	0.165561	0.0424745	-0.0843002	-0.184428	-0.245905	-0.273325	-0.264779	-0.221639	-0.144579	-0.038349	0.0939243	0.229168	0.342679	0.422733	0.468763	0.468127	0.419083	0.337104	0.236358	
0.143292	0.215723	0.255575	0.255919	0.212291	0.141373	0.0424745	-0.0658877	-0.163868	-0.242635	-0.287788	-0.303936	-0.296194	-0.260311	-0.199026	-0.113291	0.00258644	0.123798	0.234365	0.314742	0.362423	0.379965	0.364007	0.321291	0.261447	
0.10745	0.147191	0.157014	0.135222	0.0778873	0.000676417	-0.0843002	-0.163868	-0.233204	-0.287636	-0.319783	-0.331237	-0.325766	-0.301926	-0.251984	-0.177312	-0.0731016	0.0420448	0.150291	0.229944	0.277668	0.312471	0.333309	0.332883	0.314188	
0.0628344	0.0691053	0.0532151	0.0131871	-0.0433929	-0.113681	-0.184428	-0.242635	-0.287636	-0.318614	-0.341044	-0.356859	-0.362627	-0.348534	-0.311639	-0.246741	-0.147357	-0.0313705	0.0772783	0.162285	0.218944	0.273035	0.327797	0.367698	0.389739	
0.0247375	-0.00191459	-0.0379853	-0.0844879	-0.134857	-0.192979	-0.245905	-0.287788	-0.319783	-0.341044	-0.360178	-0.384851	-0.402544	-0.401276	-0.379832	-0.323553	-0.229996	-0.114807	0.00399255	0.105748	0.187823	0.261438	0.343395	0.419742	0.473898	
0.0163559	-0.0325629	-0.0829598	-0.136129	-0.185476	-0.232384	-0.273325	-0.303936	-0.331237	-0.356859	-0.384851	-0.41933	-0.449491	-0.462216	-0.454518	-0.407398	-0.320808	-0.205158	-0.0768572	0.0487133	0.16071	0.263415	0.371571	0.468451	0.545239	
0.0583356	-0.00672555	-0.0694481	-0.128396	-0.183313	-0.231126	-0.264779	-0.296194	-0.325766	-0.362627	-0.402544	-0.449491	-0.499759	-0.531123	-0.529162	-0.486016	-0.402265	-0.290049	-0.156252	-0.0133234	0.12874	0.263183	0.389015	0.500742	0.597759	
0.14902	0.0778572	0.00879136	-0.0612331	-0.127274	-0.18179	-0.221639	-0.260311	-0.301926	-0.348534	-0.401276	-0.462216	-0.531123	-0.57913	-0.57971	-0.537055	-0.461526	-0.356328	-0.220558	-0.065486	0.0938688	0.244264	0.381685	0.511785	0.630733	
0.288867	0.21255	0.141498	0.0640335	-0.0104457	-0.0801616	-0.144579	-0.199026	-0.251984	-0.311639	-0.379832	-0.454518	-0.529162	-0.57971	-0.580812	-0.546598	-0.485536	-0.389323	-0.25644	-0.102389	0.053814	0.207183	0.354849	0.494323	0.621249	
0.470888	0.394934	0.315826	0.232899	0.143123	0.0516619	-0.038349	-0.113291	-0.177312	-0.246741	-0.323553	-0.407398	-0.486016	-0.537055	-0.546598	-0.522237	-0.47113	-0.382945	-0.261783	-0.122347	0.0278319	0.180682	0.323838	0.45371	0.5675	
0.665118	0.586682	0.503363	0.418695	0.318208	0.206374	0.0939243	0.00258644	-0.0731016	-0.147357	-0.229996	-0.320808	-0.402265	-0.461526	-0.485536	-0.47113	-0.420846	-0.342808	-0.240154	-0.113322	0.0283735	0.168609	0.293378	0.407545	0.506283	
0.844188	0.756314	0.663753	0.576997	0.468797	0.350408	0.229168	0.123798	0.0420448	-0.0313705	-0.114807	-0.205158	-0.290049	-0.356328	-0.389323	-0.382945	-0.342808	-0.277414	-0.191519	-0.0790011	0.0389937	0.15197	0.260451	0.364833	0.44792	
0.964683	0.87743	0.785337	0.692443	0.583443	0.465943	0.342679	0.234365	0.150291	0.0772783	0.00399255	-0.0768572	-0.156252	-0.220558	-0.25644	-0.261783	-0.240154	-0.191519	-0.123339	-0.0427471	0.0481985	0.148862	0.251018	0.344933	0.411168	
1.01733	0.936611	0.85243	0.766463	0.665569	0.549937	0.422733	0.314742	0.229944	0.162285	0.105748	0.0487133	-0.0133234	-0.065486	-0.102389	-0.122347	-0.113322	-0.0790011	-0.0427471	0.00481386	0.0788055	0.179548	0.277835	0.355763	0.4164	
0.997747	0.931469	0.864145	0.793054	0.7013	0.588647	0.468763	0.362423	0.277668	0.218944	0.187823	0.16071	0.12874	0.0938688	0.053814	0.0278319	0.0283735	0.0389937	0.0481985	0.0788055	0.145482	0.2351	0.321798	0.395592	0.457292	
0.905419	0.857955	0.809236	0.752103	0.670017	0.569363	0.468127	0.379965	0.312471	0.273035	0.261438	0.263415	0.263183	0.244264	0.207183	0.180682	0.168609	0.15197	0.148862	0.179548	0.2351	0.306291	0.385337	0.457291	0.517708	
0.73319	0.703475	0.676808	0.634617	0.567305	0.488991	0.419083	0.364007	0.333309	0.327797	0.343395	0.371571	0.389015	0.381685	0.354849	0.323838	0.293378	0.260451	0.251018	0.277835	0.321798	0.385337	0.464028	0.531408	0.591403	
0.48764	0.482114	0.47615	0.456059	0.418855	0.373862	0.337104	0.321291	0.332883	0.367698	0.419742	0.468451	0.500742	0.511785	0.494323	0.45371	0.407545	0.364833	0.344933	0.355763	0.395592	0.457291	0.531408	0.60263	0.679898	
0.20551	0.222512	0.240476	0.248862	0.246465	0.235298	0.236358	0.261447	0.314188	0.389739	0.473898	0.545239	0.597759	0.630733	0.621249	0.5675	0.506283	0.44792	0.411168	0.4164	0.457292	0.517708	0.591403	0.679898	0.783098	
-0.0932369	-0.0558745	-0.0194342	0.018284	0.051567	0.0825989	0.124584	0.189624	0.283858	0.401201	0.517938	0.613274	0.686184	0.729384	0.71978	0.658824	0.576249	0.494157	0.44368	0.446245	0.487202	0.553558	0.647551	0.759394	0.877886	
-0.399724	-0.352882	-0.299435	-0.234471	-0.159551	-0.0796637	0.00969477	0.1209	0.260221	0.411627	0.55762	0.678832	0.76398	0.801131	0.78456	0.718271	0.618164	0.514746	0.451615	0.438233	0.469038	0.547974	0.668956	0.804551	0.931354	
-0.66954	-0.622777	-0.564173	-0.481405	-0.374447	-0.244317	-0.100406	0.0627324	0.243236	0.42621	0.596453	0.73756	0.821579	0.844016	0.815829	0.738104	0.623677	0.512816	0.435934	0.408847	0.432956	0.520646	0.659742	0.812951	0.953385	
-0.872175	-0.821521	-0.760095	-0.670677	-0.542821	-0.374001	-0.182341	0.025252	0.23712	0.438905	0.624978	0.769333	0.848263	0.859547	0.816655	0.732043	0.619599	0.511498	0.429119	0.391749	0.416106	0.505642	0.646774	0.811365	0.959424	
-0.983606	-0.933995	-0.871121	-0.774055	-0.634782	-0.44478	-0.225123	0.00532347	0.231003	0.446188	0.640213	0.784133	0.856072	0.856756	0.802799	0.718091	0.617159	0.517904	0.431624	0.389238	0.410559	0.500042	0.643126	0.809301	0.954202	
-1.00213	-0.952946	-0.888672	-0.790882	-0.649852	-0.455379	-0.230651	0.00204646	0.229714	0.447934	0.643321	0.7866	0.856304	0.8551	0.79972	0.715502	0.617158	0.520648	0.433786	0.390303	0.409768	0.498862	0.643275	0.809135	0.951349	
-0.9278	-0.877007	-0.815501	-0.723011	-0.589552	-0.409916	-0.205008	0.0151406	0.234831	0.442641	0.632439	0.776208	0.852779	0.859853	0.811427	0.726396	0.617897	0.512936	0.429517	0.389324	0.412656	0.502575	0.644789	0.810536	0.958133	
-0.760171	-0.712765	-0.652029	-0.565988	-0.449684	-0.302802	-0.137136	0.0452951	0.240136	0.431684	0.609531	0.754103	0.83558	0.853368	0.8194	0.737785	0.622262	0.511282	0.430929	0.399646	0.423689	0.513108	0.653314	0.812509	0.957387	
-0.513871	-0.466979	-0.41127	-0.337303	-0.247447	-0.146084	-0.0365607	0.0957622	0.252138	0.417167	0.573961	0.703792	0.789872	0.822065	0.800793	0.730739	0.623665	0.515804	0.446563	0.426811	0.454321	0.536895	0.667211	0.810599	0.942726	
-0.216808	-0.173832	-0.129163	-0.0801896	-0.0308774	0.017841	0.0786721	0.161542	0.274182	0.40496	0.533537	0.640119	0.71934	0.761562	0.749689	0.687082	0.597351	0.504915	0.449919	0.447673	0.484897	0.556278	0.661298	0.783747	0.904295	
0.0881384	0.113892	0.139227	0.159093	0.170606	0.176215	0.192796	0.233234	0.301769	0.395123	0.492665	0.57277	0.633602	0.67316	0.664462	0.60751	0.537609	0.470561	0.427804	0.433037	0.474588	0.536239	0.616186	0.712968	0.823991	
0.376787	0.381135	0.38521	0.376052	0.352405	0.320611	0.298843	0.299506	0.327641	0.378393	0.443911	0.501399	0.541191	0.561368	0.547606	0.501001	0.449964	0.402367	0.375838	0.382122	0.42227	0.483231	0.555007	0.631701	0.72005	
0.64262	0.621868	0.603101	0.568638	0.511429	0.445541	0.389299	0.34967	0.335275	0.345526	0.375964	0.413156	0.435776	0.434446	0.411708	0.377457	0.339897	0.302813	0.289895	0.310999	0.352399	0.415394	0.492937	0.56055	0.625429	
0.845658	0.805384	0.765759	0.714053	0.637179	0.54436	0.453911	0.377112	0.323169	0.296034	0.293248	0.305892	0.31472	0.300529	0.267512	0.240089	0.221043	0.196269	0.190538	0.221386	0.271652	0.337719	0.416748	0.486689	0.545324	
0.970101	0.911207	0.850363	0.785948	0.697852	0.588482	0.474625	0.373503	0.292465	0.24006	0.216948	0.202257	0.184648	0.155598	0.115238	0.0886412	0.0850294	0.0842437	0.0870061	0.116671	0.179742	0.26185	0.34476	0.417752	0.480019	
1.01835	0.94229	0.864438	0.783666	0.686876	0.571541	0.446078	0.337115	0.251818	0.187204	0.140735	0.0950614	0.0431791	-0.00183275	-0.0390335	-0.0631169	-0.0574536	-0.0308759	-0.00685013	0.0313544	0.101403	0.199618	0.293318	0.368165	0.429258	
0.993801	0.908812	0.818668	0.727236	0.620432	0.503915	0.377776	0.270433	0.186231	0.115276	0.0475654	-0.0253191	-0.0992127	-0.159931	-0.196191	-0.207718	-0.192633	-0.149447	-0.0932315	-0.0269795	0.0562419	0.156999	0.258432	0.345501	0.408414	
0.900679	0.811322	0.7184	0.628456	0.518521	0.400237	0.279028	0.170936	0.0877074	0.0138567	-0.0668019	-0.154226	-0.238288	-0.305386	-0.339921	-0.337827	-0.304129	-0.245386	-0.165832	-0.0641326	0.0422761	0.147737	0.252116	0.353197	0.428817	
0.741096	0.658751	0.571665	0.48658	0.383029	0.267214	0.148941	0.0507883	-0.0280649	-0.101674	-0.185473	-0.278042	-0.360811	-0.422449	-0.451659	-0.440331	-0.39338	-0.319429	-0.223649	-0.101528	0.0326162	0.16216	0.27966	0.389557	0.482019	
0.548024	0.472965	0.391967	0.308559	0.212959	0.112147	0.0123346	-0.0691063	-0.137984	-0.210121	-0.290425	-0.376273	-0.456532	-0.51094	-0.525582	-0.50534	-0.454504	-0.37047	-0.25693	-0.122595	0.0251733	0.175248	0.312446	0.435319	0.542847	
0.358308	0.281037	0.206617	0.126366	0.0470205	-0.0304053	-0.105417	-0.168739	-0.225652	-0.290071	-0.362001	-0.44088	-0.517166	-0.567034	-0.571037	-0.539746	-0.483967	-0.391659	-0.261809	-0.113311	0.0401642	0.194302	0.341666	0.479816	0.602687	
0.198965	0.125804	0.0563989	-0.0171034	-0.0869747	-0.146521	-0.195052	-0.238526	-0.284708	-0.335892	-0.395704	-0.46258	-0.53477	-0.584712	-0.585745	-0.546484	-0.476145	-0.37398	-0.238844	-0.0816675	0.0777145	0.230363	0.37277	0.508138	0.633493	
0.0888322	0.020611	-0.0458424	-0.108151	-0.167694	-0.21839	-0.252051	-0.284875	-0.319025	-0.36007	-0.404228	-0.456823	-0.515842	-0.554872	-0.55409	-0.51033	-0.429273	-0.319405	-0.18442	-0.0359915	0.115815	0.258635	0.38939	0.508487	0.614453	
0.0268973	-0.0295988	-0.0855799	-0.141108	-0.190659	-0.236402	-0.273739	-0.304091	-0.330853	-0.360972	-0.393407	-0.433125	-0.470817	-0.490236	-0.484985	-0.440756	-0.355161	-0.240669	-0.109461	0.0237515	0.148307	0.26429	0.380829	0.483675	0.567838	
0.016006	-0.0208281	-0.0624632	-0.111101	-0.161536	-0.214266	-0.261413	-0.296907	-0.326267	-0.348245	-0.37074	-0.398268	-0.419654	-0.423825	-0.409211	-0.357042	-0.266636	-0.150913	-0.0282702	0.0835785	0.177418	0.261248	0.354317	0.440549	0.505421	
