0.0231075	0.134777	0.229883	0.300456	0.331578	0.334851	0.317758	0.262114	0.174608	0.07036	-0.0549191	-0.200908	-0.341929	-0.447669	-0.514406	-0.528073	-0.468879	-0.338777	-0.158677	0.0340664	0.212569	0.354312	0.451014	0.493096	0.472905	
0.0612851	0.167922	0.262304	0.324705	0.343414	0.344494	0.336466	0.292624	0.207836	0.105815	-0.0144091	-0.159601	-0.306153	-0.420461	-0.491463	-0.511886	-0.464735	-0.354366	-0.205142	-0.0471926	0.0943074	0.208546	0.284949	0.320499	0.309465	
0.132982	0.229521	0.313596	0.359321	0.368308	0.367228	0.365845	0.338244	0.264961	0.174367	0.0614404	-0.0783792	-0.227275	-0.355847	-0.441467	-0.479223	-0.455879	-0.378394	-0.269789	-0.153053	-0.0444896	0.0433217	0.0973021	0.119564	0.111561	
0.219263	0.30609	0.369598	0.403766	0.409261	0.408553	0.408262	0.387306	0.334346	0.256515	0.153707	0.0225814	-0.125094	-0.264951	-0.374991	-0.439113	-0.448351	-0.410108	-0.343069	-0.262044	-0.182167	-0.117435	-0.0877552	-0.0865735	-0.098736	
0.299148	0.366472	0.406476	0.427117	0.436286	0.436978	0.432255	0.416597	0.385105	0.329874	0.243249	0.126274	-0.0110044	-0.15665	-0.289406	-0.383639	-0.429305	-0.429388	-0.398411	-0.348292	-0.295457	-0.260956	-0.260638	-0.285741	-0.31262	
0.353273	0.396362	0.411388	0.419334	0.428272	0.430114	0.423344	0.414399	0.404412	0.374596	0.310336	0.210715	0.0875117	-0.0558257	-0.200927	-0.319219	-0.396513	-0.429246	-0.429374	-0.406211	-0.385195	-0.38789	-0.41858	-0.466031	-0.50711	
0.367157	0.395204	0.392469	0.390953	0.39226	0.391691	0.392264	0.390362	0.396977	0.381935	0.335589	0.249514	0.133358	-0.000520654	-0.147065	-0.272577	-0.367526	-0.422402	-0.443495	-0.446647	-0.455373	-0.493371	-0.552338	-0.613561	-0.662627	
0.338235	0.357015	0.350546	0.338581	0.327032	0.323268	0.333821	0.345554	0.356911	0.348906	0.31186	0.235268	0.128508	0.00454573	-0.127379	-0.248121	-0.346573	-0.413228	-0.456341	-0.487345	-0.527482	-0.592613	-0.669751	-0.740123	-0.788901	
0.266454	0.281706	0.274463	0.255608	0.232668	0.226122	0.246062	0.267561	0.281822	0.27473	0.245347	0.181176	0.0886522	-0.0168754	-0.133003	-0.240294	-0.334779	-0.409109	-0.471514	-0.53468	-0.604584	-0.686723	-0.771066	-0.846294	-0.892738	
0.162244	0.176287	0.171255	0.15529	0.133109	0.126923	0.146335	0.16569	0.176653	0.169807	0.144806	0.0941504	0.0213931	-0.0648672	-0.164373	-0.259455	-0.342095	-0.41521	-0.489823	-0.574471	-0.667106	-0.760293	-0.846173	-0.921324	-0.968367	
0.046624	0.0534431	0.0510546	0.0439599	0.0341141	0.0311189	0.0402564	0.0484625	0.052896	0.0512187	0.0335691	-0.00390398	-0.0568392	-0.125135	-0.211576	-0.29753	-0.368459	-0.435729	-0.514251	-0.606469	-0.706897	-0.804845	-0.890672	-0.960952	-1	
-0.0613586	-0.0672186	-0.0716538	-0.0706949	-0.0694374	-0.0693137	-0.0697697	-0.0714152	-0.0703203	-0.0622695	-0.0664698	-0.092486	-0.130737	-0.1835	-0.257103	-0.334021	-0.398471	-0.460822	-0.536308	-0.624188	-0.716157	-0.808357	-0.893207	-0.95678	-0.982611	
-0.13977	-0.159336	-0.172302	-0.172905	-0.174511	-0.175142	-0.173098	-0.173115	-0.166345	-0.146765	-0.136318	-0.15026	-0.181504	-0.222908	-0.280918	-0.350405	-0.413583	-0.476498	-0.545363	-0.617167	-0.692443	-0.769646	-0.848329	-0.908539	-0.926855	
-0.167513	-0.198604	-0.220573	-0.238652	-0.254804	-0.25876	-0.246053	-0.227016	-0.209117	-0.179043	-0.157134	-0.161815	-0.186635	-0.222791	-0.270069	-0.332247	-0.400869	-0.467832	-0.528963	-0.584953	-0.642003	-0.707541	-0.776902	-0.831278	-0.847291	
-0.127522	-0.164694	-0.203215	-0.242452	-0.277659	-0.284563	-0.258583	-0.218385	-0.179827	-0.141607	-0.111816	-0.106755	-0.125057	-0.160251	-0.209556	-0.273962	-0.348546	-0.420896	-0.481228	-0.530157	-0.582266	-0.642238	-0.702933	-0.745522	-0.754155	
-0.00928303	-0.0527837	-0.109124	-0.166224	-0.208579	-0.216973	-0.186058	-0.132614	-0.0746455	-0.0246547	0.00968244	0.023205	0.0103413	-0.0298494	-0.093854	-0.172974	-0.2554	-0.33399	-0.402658	-0.464186	-0.524784	-0.584448	-0.633461	-0.658433	-0.655389	
0.182291	0.128631	0.0603654	-0.00334519	-0.0403405	-0.0459855	-0.0220793	0.0327863	0.101851	0.163206	0.204994	0.222295	0.211752	0.161627	0.0782257	-0.0208129	-0.122388	-0.21545	-0.306254	-0.395379	-0.474254	-0.535484	-0.568492	-0.574514	-0.559501	
0.42186	0.363261	0.289422	0.231981	0.204001	0.200353	0.217393	0.262566	0.334335	0.400466	0.44932	0.473273	0.457721	0.398029	0.299866	0.179672	0.0503347	-0.0791226	-0.20295	-0.319696	-0.417221	-0.479109	-0.502892	-0.496437	-0.475182	
0.683068	0.621305	0.554021	0.500558	0.478716	0.476209	0.488172	0.529684	0.594152	0.659904	0.714472	0.7464	0.73198	0.661771	0.55335	0.414072	0.245738	0.0668532	-0.100354	-0.241493	-0.347043	-0.414104	-0.438381	-0.430534	-0.406107	
0.933631	0.878161	0.818242	0.769619	0.748096	0.746225	0.757709	0.795925	0.854902	0.911606	0.965203	1.00404	0.99286	0.919529	0.799492	0.640537	0.438724	0.214968	0.00938454	-0.153721	-0.269038	-0.341295	-0.373688	-0.370739	-0.342809	
1.15325	1.10258	1.04481	0.99499	0.97454	0.973003	0.983174	1.02247	1.07982	1.13391	1.18119	1.21979	1.21285	1.13842	1.00894	0.827313	0.600778	0.350462	0.119362	-0.0653178	-0.197014	-0.275082	-0.307019	-0.299866	-0.266281	
1.31994	1.26657	1.20338	1.1489	1.1288	1.12784	1.13681	1.17868	1.2419	1.30066	1.34486	1.37674	1.36895	1.2971	1.16343	0.969364	0.726494	0.464415	0.219422	0.0142805	-0.135846	-0.223416	-0.247788	-0.226586	-0.180939	
1.41795	1.3566	1.28303	1.22126	1.19494	1.19314	1.20604	1.25503	1.32772	1.39609	1.44425	1.47339	1.46217	1.39219	1.26158	1.0646	0.817239	0.545237	0.289073	0.0718353	-0.0925687	-0.183315	-0.204648	-0.171284	-0.109843	
1.44408	1.3745	1.29662	1.22566	1.1889	1.18394	1.20598	1.26599	1.34335	1.41896	1.47492	1.50836	1.49791	1.42556	1.2951	1.10111	0.854938	0.581109	0.317083	0.0944051	-0.0672339	-0.155689	-0.172065	-0.132897	-0.0597418	
1.40752	1.33398	1.25619	1.18442	1.13922	1.13209	1.16196	1.22565	1.30306	1.3793	1.44421	1.48669	1.47976	1.40691	1.27013	1.07562	0.836318	0.569464	0.309492	0.0892998	-0.06596	-0.143746	-0.152321	-0.105167	-0.0205585	
1.33535	1.24787	1.16563	1.09522	1.05079	1.04337	1.07336	1.13579	1.2135	1.30102	1.3817	1.43551	1.43753	1.36733	1.2274	1.02597	0.785777	0.52632	0.273553	0.0601164	-0.0902619	-0.160549	-0.157988	-0.0974088	0.00110589	
1.24787	1.1444	1.05338	0.989317	0.952293	0.945249	0.971478	1.02424	1.1052	1.20678	1.30376	1.36511	1.37138	1.31204	1.17624	0.973505	0.725997	0.464885	0.218013	0.0114832	-0.128894	-0.194534	-0.182854	-0.10864	0.00367417	
1.16563	1.05338	0.958217	0.896843	0.86148	0.855078	0.879666	0.929793	1.01176	1.12077	1.22543	1.28653	1.2952	1.24429	1.11771	0.915462	0.661633	0.393169	0.145366	-0.0495846	-0.174842	-0.221982	-0.198853	-0.116766	0.00167154	
1.09522	0.989317	0.896843	0.830899	0.78628	0.776271	0.810643	0.867585	0.949493	1.05294	1.15343	1.21488	1.22912	1.18775	1.06631	0.867062	0.610268	0.337431	0.0839062	-0.111753	-0.221488	-0.249028	-0.205103	-0.114846	-0.00178217	
1.05079	0.952293	0.86148	0.78628	0.725637	0.712256	0.759525	0.829771	0.914676	1.01066	1.10756	1.17409	1.19884	1.16636	1.0461	0.84559	0.589	0.312652	0.0508036	-0.153097	-0.261795	-0.273101	-0.211486	-0.112795	-0.00582771	
1.04337	0.945249	0.855078	0.776271	0.712256	0.698159	0.74775	0.822566	0.907757	1.00348	1.10014	1.16777	1.19621	1.16468	1.04497	0.843783	0.586478	0.310279	0.0456194	-0.16032	-0.269674	-0.278567	-0.212686	-0.112625	-0.0069877	
1.07336	0.971478	0.879666	0.810643	0.759525	0.74775	0.787839	0.84936	0.932629	1.03245	1.13085	1.19407	1.21175	1.17498	1.05426	0.855145	0.598521	0.323774	0.0672076	-0.132116	-0.23998	-0.259983	-0.2077	-0.113148	-0.00311281	
1.13579	1.02424	0.929793	0.867585	0.829771	0.822566	0.84936	0.901373	0.983077	1.09134	1.19533	1.25574	1.26596	1.21826	1.09473	0.893403	0.63815	0.367542	0.11772	-0.0752789	-0.19357	-0.231962	-0.201396	-0.116726	0.000415427	
1.2135	1.1052	1.01176	0.949493	0.914676	0.907757	0.932629	0.983077	1.06449	1.17044	1.2719	1.33399	1.34125	1.28569	1.15329	0.950842	0.700205	0.436411	0.189824	-0.0124184	-0.146529	-0.206706	-0.191352	-0.113624	0.00252466	
1.30102	1.20678	1.12077	1.05294	1.01066	1.00348	1.03245	1.09134	1.17044	1.26352	1.35138	1.40957	1.41383	1.34761	1.2083	1.00504	0.762869	0.503461	0.253811	0.0431201	-0.104429	-0.172967	-0.167217	-0.100666	0.0038783	
1.3817	1.30376	1.22543	1.15343	1.10756	1.10014	1.13085	1.19533	1.2719	1.35138	1.42186	1.4685	1.46533	1.39249	1.25378	1.05681	0.817839	0.555224	0.298003	0.0802931	-0.0729319	-0.14765	-0.15155	-0.0992838	-0.00920229	
1.43551	1.36511	1.28653	1.21488	1.17409	1.16777	1.19407	1.25574	1.33399	1.40957	1.4685	1.50526	1.49486	1.4227	1.29004	1.09655	0.853448	0.581192	0.318199	0.0953265	-0.0637905	-0.148207	-0.162151	-0.119747	-0.042478	
1.43753	1.37138	1.2952	1.22912	1.19884	1.19621	1.21175	1.26596	1.34125	1.41383	1.46533	1.49486	1.48392	1.41288	1.28359	1.08746	0.839537	0.56604	0.305157	0.0850471	-0.0800218	-0.17075	-0.190406	-0.154768	-0.0881241	
1.36733	1.31204	1.24429	1.18775	1.16636	1.16468	1.17498	1.21826	1.28569	1.34761	1.39249	1.4227	1.41288	1.34276	1.20937	1.01351	0.767805	0.501325	0.251939	0.0403157	-0.116521	-0.206085	-0.229208	-0.202014	-0.149954	
1.2274	1.17624	1.11771	1.06631	1.0461	1.04497	1.05426	1.09473	1.15329	1.2083	1.25378	1.29004	1.28359	1.20937	1.07744	0.889117	0.65503	0.399276	0.161544	-0.031384	-0.170424	-0.252259	-0.281382	-0.269569	-0.232152	
1.02597	0.973505	0.915462	0.867062	0.84559	0.843783	0.855145	0.893403	0.950842	1.00504	1.05681	1.09655	1.08746	1.01351	0.889117	0.721256	0.507904	0.271309	0.0535863	-0.118287	-0.2395	-0.313884	-0.34719	-0.343807	-0.313928	
0.785777	0.725997	0.661633	0.610268	0.589	0.586478	0.598521	0.63815	0.700205	0.762869	0.817839	0.853448	0.839537	0.767805	0.65503	0.507904	0.325196	0.126364	-0.0570325	-0.207187	-0.315967	-0.384814	-0.412292	-0.406589	-0.381528	
0.52632	0.464885	0.393169	0.337431	0.312652	0.310279	0.323774	0.367542	0.436411	0.503461	0.555224	0.581192	0.56604	0.501325	0.399276	0.271309	0.126364	-0.0213952	-0.16253	-0.289309	-0.390833	-0.454482	-0.476702	-0.469134	-0.446112	
0.273553	0.218013	0.145366	0.0839062	0.0508036	0.0456194	0.0672076	0.11772	0.189824	0.253811	0.298003	0.318199	0.305157	0.251939	0.161544	0.0535863	-0.0570325	-0.16253	-0.264639	-0.365487	-0.452874	-0.513813	-0.542642	-0.542308	-0.523911	
0.0601164	0.0114832	-0.0495846	-0.111753	-0.153097	-0.16032	-0.132116	-0.0752789	-0.0124184	0.0431201	0.0802931	0.0953265	0.0850471	0.0403157	-0.031384	-0.118287	-0.207187	-0.289309	-0.365487	-0.437051	-0.504182	-0.565176	-0.607487	-0.624585	-0.615912	
-0.0902619	-0.128894	-0.174842	-0.221488	-0.261795	-0.269674	-0.23998	-0.19357	-0.146529	-0.104429	-0.0729319	-0.0637905	-0.0800218	-0.116521	-0.170424	-0.2395	-0.315967	-0.390833	-0.452874	-0.504182	-0.558808	-0.618127	-0.674811	-0.710511	-0.714709	
-0.160549	-0.194534	-0.221982	-0.249028	-0.273101	-0.278567	-0.259983	-0.231962	-0.206706	-0.172967	-0.14765	-0.148207	-0.17075	-0.206085	-0.252259	-0.313884	-0.384814	-0.454482	-0.513813	-0.565176	-0.618127	-0.680467	-0.746471	-0.797143	-0.811715	
-0.157988	-0.182854	-0.198853	-0.205103	-0.211486	-0.212686	-0.2077	-0.201396	-0.191352	-0.167217	-0.15155	-0.162151	-0.190406	-0.229208	-0.281382	-0.34719	-0.412292	-0.476702	-0.542642	-0.607487	-0.674811	-0.746471	-0.821545	-0.880222	-0.897362	
-0.0974088	-0.10864	-0.116766	-0.114846	-0.112795	-0.112625	-0.113148	-0.116726	-0.113624	-0.100666	-0.0992838	-0.119747	-0.154768	-0.202014	-0.269569	-0.343807	-0.406589	-0.469134	-0.542308	-0.624585	-0.710511	-0.797143	-0.880222	-0.942158	-0.964262	
0.00110589	0.00367417	0.00167154	-0.00178217	-0.00582771	-0.0069877	-0.00311281	0.000415427	0.00252466	0.0038783	-0.00920229	-0.042478	-0.0881241	-0.149954	-0.232152	-0.313928	-0.381528	-0.446112	-0.523911	-0.615912	-0.714709	-0.811715	-0.897362	-0.964262	-0.998018	
