0.262465	0.184151	0.10584	0.0272147	-0.0381159	-0.0707568	-0.0607003	-0.0213945	0.0198672	0.0663598	0.115192	0.15391	0.181226	0.185108	0.155485	0.0854411	-0.0144915	-0.128085	-0.233499	-0.31455	-0.360161	-0.356946	-0.296268	-0.181373	-0.0328748	
0.184151	0.119229	0.0583655	-0.00886229	-0.0711967	-0.0985438	-0.0856728	-0.047878	0.00103818	0.0567848	0.110291	0.163024	0.207072	0.218657	0.191428	0.113889	-0.00102162	-0.12576	-0.243528	-0.339309	-0.403742	-0.421881	-0.37398	-0.26357	-0.102384	
0.10584	0.0583655	0.01805	-0.0333708	-0.0822485	-0.104221	-0.101408	-0.0692756	-0.0156112	0.0438301	0.103493	0.16641	0.213995	0.233845	0.213054	0.13469	0.0176285	-0.113698	-0.241253	-0.349818	-0.429035	-0.464989	-0.430252	-0.324293	-0.158195	
0.0272147	-0.00886229	-0.0333708	-0.0619647	-0.0928531	-0.114761	-0.118071	-0.084227	-0.030825	0.0274217	0.0925715	0.161425	0.218626	0.254687	0.244279	0.168366	0.0490575	-0.0909548	-0.227477	-0.349434	-0.444417	-0.49309	-0.473505	-0.376063	-0.20834	
-0.0381159	-0.0711967	-0.0822485	-0.0928531	-0.112169	-0.125893	-0.121326	-0.0913814	-0.0468294	0.0160269	0.0896236	0.16296	0.230889	0.280019	0.27871	0.211222	0.0936385	-0.0550579	-0.202225	-0.339391	-0.452359	-0.517975	-0.516899	-0.429257	-0.266171	
-0.0707568	-0.0985438	-0.104221	-0.114761	-0.125893	-0.125032	-0.113884	-0.092858	-0.0506987	0.0165134	0.091998	0.170426	0.24961	0.303852	0.309404	0.253105	0.136674	-0.0106434	-0.169955	-0.326435	-0.45599	-0.54234	-0.555161	-0.477999	-0.318722	
-0.0607003	-0.0856728	-0.101408	-0.118071	-0.121326	-0.113884	-0.108011	-0.0947888	-0.0535063	0.0145616	0.0913527	0.179786	0.264211	0.325564	0.34306	0.297656	0.186554	0.037318	-0.132487	-0.304614	-0.453368	-0.557236	-0.578933	-0.515044	-0.359744	
-0.0213945	-0.047878	-0.0692756	-0.084227	-0.0913814	-0.092858	-0.0947888	-0.0871223	-0.0574404	-0.00222243	0.0754086	0.174865	0.268173	0.342482	0.372917	0.343444	0.248342	0.104352	-0.070104	-0.261879	-0.428899	-0.549447	-0.591004	-0.537206	-0.390604	
0.0198672	0.00103818	-0.0156112	-0.030825	-0.0468294	-0.0506987	-0.0535063	-0.0574404	-0.0493352	-0.0098482	0.0634346	0.16233	0.263296	0.351181	0.400483	0.387579	0.314536	0.186145	0.0128903	-0.189212	-0.377247	-0.51711	-0.579381	-0.540041	-0.408511	
0.0663598	0.0567848	0.0438301	0.0274217	0.0160269	0.0165134	0.0145616	-0.00222243	-0.0098482	0.010395	0.0711664	0.160201	0.261018	0.35632	0.414523	0.425786	0.383446	0.276367	0.110532	-0.0925271	-0.296693	-0.456132	-0.536419	-0.517238	-0.40532	
0.115192	0.110291	0.103493	0.0925715	0.0896236	0.091998	0.0913527	0.0754086	0.0634346	0.0711664	0.111128	0.181219	0.278729	0.374557	0.435086	0.466864	0.447049	0.364005	0.216043	0.0141018	-0.200671	-0.372598	-0.468422	-0.471642	-0.376037	
0.15391	0.163024	0.16641	0.161425	0.16296	0.170426	0.179786	0.174865	0.16233	0.160201	0.181219	0.242475	0.328952	0.412195	0.474601	0.516681	0.509884	0.446139	0.318887	0.122798	-0.0929977	-0.273864	-0.386998	-0.407711	-0.33287	
0.181226	0.207072	0.213995	0.218626	0.230889	0.24961	0.264211	0.268173	0.263296	0.261018	0.278729	0.328952	0.403074	0.475082	0.536946	0.578579	0.584179	0.543573	0.423563	0.231564	0.0169011	-0.175264	-0.299049	-0.329078	-0.269218	
0.185108	0.218657	0.233845	0.254687	0.280019	0.303852	0.325564	0.342482	0.351181	0.35632	0.374557	0.412195	0.475082	0.546224	0.61119	0.656321	0.675624	0.649126	0.539675	0.363385	0.150915	-0.0488217	-0.179037	-0.225402	-0.185028	
0.155485	0.191428	0.213054	0.244279	0.27871	0.309404	0.34306	0.372917	0.400483	0.414523	0.435086	0.474601	0.536946	0.61119	0.677476	0.740066	0.783639	0.772412	0.689311	0.533396	0.327593	0.129823	-0.0156933	-0.0833663	-0.0667315	
0.0854411	0.113889	0.13469	0.168366	0.211222	0.253105	0.297656	0.343444	0.387579	0.425786	0.466864	0.516681	0.578579	0.656321	0.740066	0.819858	0.890713	0.910385	0.859526	0.730013	0.538799	0.349924	0.191163	0.100808	0.0906611	
-0.0144915	-0.00102162	0.0176285	0.0490575	0.0936385	0.136674	0.186554	0.248342	0.314536	0.383446	0.447049	0.509884	0.584179	0.675624	0.783639	0.890713	0.990808	1.03989	1.01762	0.924706	0.762402	0.585943	0.424139	0.309493	0.264765	
-0.128085	-0.12576	-0.113698	-0.0909548	-0.0550579	-0.0106434	0.037318	0.104352	0.186145	0.276367	0.364005	0.446139	0.543573	0.649126	0.772412	0.910385	1.03989	1.12614	1.14307	1.08857	0.965392	0.806749	0.648786	0.521854	0.446518	
-0.233499	-0.243528	-0.241253	-0.227477	-0.202225	-0.169955	-0.132487	-0.070104	0.0128903	0.110532	0.216043	0.318887	0.423563	0.539675	0.689311	0.859526	1.01762	1.14307	1.20608	1.19446	1.12058	0.99628	0.853862	0.725244	0.626232	
-0.31455	-0.339309	-0.349818	-0.349434	-0.339391	-0.326435	-0.304614	-0.261879	-0.189212	-0.0925271	0.0141018	0.122798	0.231564	0.363385	0.533396	0.730013	0.924706	1.08857	1.19446	1.23683	1.22028	1.13946	1.02455	0.89961	0.785351	
-0.360161	-0.403742	-0.429035	-0.444417	-0.452359	-0.45599	-0.453368	-0.428899	-0.377247	-0.296693	-0.200671	-0.0929977	0.0169011	0.150915	0.327593	0.538799	0.762402	0.965392	1.12058	1.22028	1.26237	1.22638	1.14052	1.02425	0.892763	
-0.356946	-0.421881	-0.464989	-0.49309	-0.517975	-0.54234	-0.557236	-0.549447	-0.51711	-0.456132	-0.372598	-0.273864	-0.175264	-0.0488217	0.129823	0.349924	0.585943	0.806749	0.99628	1.13946	1.22638	1.23828	1.18268	1.0726	0.927421	
-0.296268	-0.37398	-0.430252	-0.473505	-0.516899	-0.555161	-0.578933	-0.591004	-0.579381	-0.536419	-0.468422	-0.386998	-0.299049	-0.179037	-0.0156933	0.191163	0.424139	0.648786	0.853862	1.02455	1.14052	1.18268	1.13986	1.02524	0.861831	
-0.181373	-0.26357	-0.324293	-0.376063	-0.429257	-0.477999	-0.515044	-0.537206	-0.540041	-0.517238	-0.471642	-0.407711	-0.329078	-0.225402	-0.0833663	0.100808	0.309493	0.521854	0.725244	0.89961	1.02425	1.0726	1.02524	0.894173	0.693349	
-0.0328748	-0.102384	-0.158195	-0.20834	-0.266171	-0.318722	-0.359744	-0.390604	-0.408511	-0.40532	-0.376037	-0.33287	-0.269218	-0.185028	-0.0667315	0.0906611	0.264765	0.446518	0.626232	0.785351	0.892763	0.927421	0.861831	0.693349	0.443293	
0.130846	0.090661	0.053098	0.0119985	-0.0385907	-0.0836808	-0.120173	-0.158713	-0.187211	-0.204325	-0.199572	-0.181092	-0.135954	-0.0689459	0.0159866	0.132244	0.262229	0.408734	0.558491	0.687004	0.768201	0.77118	0.663793	0.44697	0.136472	
0.296332	0.291553	0.280705	0.25998	0.232162	0.20132	0.168868	0.13384	0.100493	0.0659016	0.0397965	0.030217	0.0478573	0.0848514	0.134744	0.203474	0.281991	0.382885	0.492529	0.582916	0.629693	0.594785	0.449099	0.186408	-0.185455	
0.454268	0.490783	0.509207	0.512453	0.506204	0.495868	0.478877	0.450097	0.404729	0.350594	0.298698	0.259362	0.24318	0.242714	0.25183	0.266978	0.297132	0.348605	0.413236	0.471577	0.480915	0.411487	0.236526	-0.0677394	-0.485788	
0.588892	0.659365	0.702724	0.727022	0.746268	0.755454	0.748872	0.722789	0.677365	0.608387	0.526649	0.455755	0.405949	0.374531	0.342557	0.307368	0.288626	0.298905	0.331304	0.356608	0.342635	0.250983	0.0504894	-0.275087	-0.72008	
0.675644	0.765427	0.824646	0.863317	0.897978	0.918494	0.918432	0.898881	0.848562	0.77	0.670982	0.58113	0.507375	0.450456	0.394167	0.325288	0.277642	0.259746	0.267885	0.276681	0.246761	0.142218	-0.0656999	-0.401565	-0.860508	
0.691271	0.785833	0.847574	0.888016	0.923217	0.94637	0.949473	0.931394	0.876666	0.79558	0.694755	0.603272	0.526867	0.462818	0.401629	0.327122	0.277518	0.253771	0.255205	0.264072	0.229014	0.121447	-0.0857295	-0.424858	-0.885534	
0.630624	0.710773	0.761354	0.792799	0.820507	0.835573	0.83137	0.807102	0.76157	0.688605	0.597696	0.516131	0.455015	0.41254	0.368251	0.317297	0.282768	0.279708	0.302025	0.317766	0.296905	0.199533	-0.00638319	-0.336674	-0.788399	
0.512707	0.563506	0.592639	0.605538	0.609471	0.607128	0.594635	0.567976	0.521304	0.460265	0.396731	0.344076	0.313636	0.300393	0.292705	0.286105	0.295511	0.329877	0.380246	0.423924	0.423135	0.343264	0.156324	-0.15795	-0.589575	
0.361065	0.373379	0.373683	0.362106	0.34258	0.320378	0.293565	0.260814	0.22175	0.179753	0.143302	0.122654	0.128334	0.148688	0.182791	0.231358	0.291394	0.371729	0.461931	0.540196	0.570334	0.520217	0.36299	0.0817305	-0.310673	
0.197222	0.170123	0.142482	0.109014	0.0670742	0.0266846	-0.00901817	-0.0479274	-0.0766709	-0.10061	-0.10861	-0.102099	-0.0675219	-0.00921032	0.0617914	0.159409	0.26745	0.397264	0.533799	0.646061	0.715254	0.703531	0.579013	0.343316	0.00756768	
0.0323066	-0.0274791	-0.077465	-0.124858	-0.182221	-0.233238	-0.272703	-0.306818	-0.330619	-0.336183	-0.315021	-0.280218	-0.223496	-0.146266	-0.0401296	0.102072	0.260914	0.429693	0.596337	0.745008	0.842927	0.865517	0.785745	0.598599	0.32494	
-0.124992	-0.204332	-0.264608	-0.317103	-0.372422	-0.423206	-0.463657	-0.489911	-0.498167	-0.482563	-0.444449	-0.388328	-0.314944	-0.220125	-0.0863598	0.0884152	0.283406	0.484926	0.68112	0.852165	0.971993	1.01695	0.9653	0.820906	0.601765	
-0.255869	-0.337077	-0.395588	-0.443265	-0.491766	-0.535529	-0.563664	-0.581246	-0.575257	-0.540595	-0.481879	-0.407539	-0.32341	-0.207081	-0.0529608	0.14478	0.370091	0.59242	0.800072	0.974031	1.09689	1.14461	1.10097	0.981962	0.806181	
-0.339635	-0.410859	-0.460339	-0.49417	-0.526868	-0.557902	-0.577075	-0.576755	-0.553471	-0.499981	-0.421269	-0.328812	-0.234733	-0.111761	0.0634259	0.280983	0.518714	0.742323	0.938426	1.0962	1.19645	1.22276	1.17559	1.06518	0.913861	
-0.36575	-0.417781	-0.450131	-0.470976	-0.485354	-0.496593	-0.502468	-0.484211	-0.440302	-0.367414	-0.276784	-0.171957	-0.0653821	0.0663755	0.244987	0.460286	0.690159	0.902848	1.07636	1.19494	1.25628	1.2413	1.16666	1.05398	0.917218	
-0.337958	-0.369663	-0.384773	-0.391596	-0.388889	-0.383359	-0.368154	-0.333078	-0.268549	-0.176941	-0.0741251	0.0354833	0.145579	0.281103	0.453906	0.657839	0.867276	1.04628	1.1719	1.23752	1.24494	1.1823	1.07841	0.95702	0.836083	
-0.2696	-0.28533	-0.287906	-0.278599	-0.258344	-0.234206	-0.202832	-0.146561	-0.0660783	0.0320141	0.140809	0.247026	0.352834	0.475723	0.635429	0.817177	0.988862	1.12987	1.20964	1.21937	1.16765	1.05934	0.927852	0.799486	0.693782	
-0.172572	-0.17382	-0.16614	-0.147117	-0.115538	-0.0730195	-0.0284966	0.0375517	0.121755	0.215969	0.312491	0.403898	0.506038	0.615694	0.748267	0.898722	1.03939	1.14199	1.17762	1.13878	1.03375	0.887731	0.733604	0.604819	0.519971	
-0.0595031	-0.0511528	-0.0339006	-0.005717	0.0357514	0.0795748	0.129813	0.195684	0.269508	0.348523	0.421009	0.491092	0.575743	0.672474	0.78738	0.907662	1.01877	1.08142	1.07278	0.995476	0.848581	0.676841	0.516236	0.39537	0.336002	
0.0485488	0.0705978	0.0906682	0.124686	0.169635	0.212917	0.260339	0.312967	0.364854	0.416532	0.467117	0.520647	0.585462	0.667951	0.761458	0.850326	0.932872	0.965303	0.925935	0.809841	0.628591	0.444211	0.282702	0.182547	0.159455	
0.132463	0.167278	0.187944	0.220469	0.259156	0.294828	0.333243	0.368327	0.402476	0.424531	0.451638	0.495327	0.556932	0.631752	0.7034	0.773199	0.827388	0.826501	0.756601	0.610144	0.408402	0.214708	0.0624137	-0.0148448	-0.00711193	
0.177903	0.212777	0.232223	0.25808	0.287108	0.312546	0.338997	0.361897	0.377876	0.384846	0.402776	0.439794	0.50151	0.573937	0.638385	0.689682	0.717126	0.695683	0.595349	0.42676	0.216931	0.0157482	-0.119045	-0.173113	-0.1432	
0.186393	0.216132	0.225219	0.236578	0.254558	0.276744	0.292861	0.300129	0.300566	0.30271	0.320686	0.363731	0.43271	0.503042	0.566277	0.60782	0.618944	0.585045	0.466639	0.280273	0.0658558	-0.130016	-0.255666	-0.291679	-0.238109	
0.167101	0.1832	0.187925	0.186086	0.191271	0.202491	0.215232	0.214315	0.203237	0.198928	0.217347	0.275947	0.357165	0.434717	0.497587	0.540082	0.537327	0.483306	0.360768	0.165261	-0.0495797	-0.23469	-0.35398	-0.378406	-0.310276	
0.131271	0.131345	0.128852	0.1205	0.119059	0.123041	0.125894	0.1144	0.101262	0.104748	0.136152	0.201422	0.294616	0.386744	0.447544	0.485219	0.472458	0.396015	0.257243	0.0575982	-0.158741	-0.333872	-0.436348	-0.447231	-0.360226	
