-0.19934	-0.185891	-0.183412	-0.195097	-0.211237	-0.214041	-0.201905	-0.186557	-0.183505	-0.193687	-0.205411	-0.213596	-0.217958	-0.217586	-0.21111	-0.199874	-0.179516	-0.160463	-0.167097	-0.20166	-0.244333	-0.285464	-0.322997	-0.333858	-0.303475	
-0.21809	-0.202115	-0.198694	-0.212586	-0.230675	-0.234612	-0.220028	-0.202672	-0.198613	-0.211241	-0.227815	-0.241032	-0.242047	-0.227806	-0.207333	-0.19501	-0.186235	-0.17652	-0.183554	-0.214253	-0.255463	-0.290793	-0.311211	-0.294825	-0.229512	
-0.230619	-0.214959	-0.2146	-0.22496	-0.237446	-0.239265	-0.230676	-0.217554	-0.213133	-0.222926	-0.242341	-0.25759	-0.253685	-0.226973	-0.196965	-0.184549	-0.185897	-0.188321	-0.196476	-0.218828	-0.250873	-0.277775	-0.27952	-0.233984	-0.137084	
-0.236322	-0.226672	-0.229902	-0.23303	-0.232877	-0.231429	-0.233737	-0.231282	-0.227387	-0.230317	-0.247487	-0.260078	-0.248986	-0.212242	-0.179922	-0.168282	-0.174709	-0.183606	-0.195116	-0.206602	-0.222842	-0.233073	-0.21526	-0.144582	-0.0237497	
-0.225518	-0.225525	-0.231043	-0.224841	-0.210612	-0.206461	-0.21916	-0.23035	-0.22845	-0.223628	-0.231195	-0.236051	-0.215163	-0.173237	-0.143908	-0.136873	-0.141499	-0.150295	-0.163239	-0.168959	-0.166574	-0.156206	-0.119101	-0.0340867	0.0945766	
-0.205993	-0.216544	-0.222304	-0.206827	-0.184695	-0.17834	-0.197636	-0.218185	-0.221498	-0.208985	-0.202689	-0.193066	-0.163539	-0.11951	-0.0975336	-0.0954233	-0.0967445	-0.0972104	-0.108269	-0.10985	-0.0934597	-0.0601784	-0.00707126	0.083902	0.205431	
-0.181341	-0.203209	-0.207128	-0.188691	-0.166581	-0.161352	-0.178875	-0.201729	-0.208324	-0.190669	-0.167205	-0.140259	-0.101965	-0.059293	-0.0419922	-0.0436902	-0.0406757	-0.0321661	-0.0338326	-0.0315492	-0.00558768	0.0429824	0.107966	0.193832	0.299773	
-0.156313	-0.18734	-0.193564	-0.179694	-0.166548	-0.163758	-0.173698	-0.189216	-0.193434	-0.170626	-0.132018	-0.0890727	-0.0440599	-0.00316106	0.0129718	0.0124857	0.0163049	0.0295226	0.0376832	0.0490889	0.078173	0.13139	0.197731	0.272738	0.356593	
-0.126608	-0.166516	-0.181699	-0.181431	-0.181092	-0.181142	-0.181546	-0.182201	-0.175692	-0.144353	-0.0974071	-0.0457186	0.00121204	0.0405876	0.0576048	0.0602804	0.0608708	0.0676061	0.0794268	0.100064	0.131379	0.176091	0.233096	0.294424	0.359834	
-0.0809376	-0.129427	-0.162544	-0.182001	-0.193661	-0.196539	-0.187693	-0.171823	-0.144435	-0.101391	-0.0505788	-0.00286946	0.0420472	0.0782385	0.0971415	0.0998793	0.0941382	0.0859674	0.0900303	0.114757	0.148151	0.181186	0.218881	0.265732	0.320732	
-0.00629156	-0.0641398	-0.119498	-0.15927	-0.181065	-0.184747	-0.170343	-0.137416	-0.0877283	-0.0279674	0.0207663	0.0577036	0.0912331	0.123442	0.137968	0.135717	0.118196	0.0940384	0.0823693	0.099972	0.132903	0.159193	0.180347	0.21087	0.260345	
0.0895813	0.0244837	-0.0484136	-0.10437	-0.133417	-0.13864	-0.118592	-0.0738865	-0.00522901	0.0660455	0.114001	0.134774	0.152915	0.170989	0.176319	0.159314	0.128705	0.0910447	0.0677922	0.0716826	0.0973086	0.123941	0.14296	0.164311	0.205529	
0.180567	0.115631	0.0388892	-0.0234526	-0.0585155	-0.0648215	-0.0404231	0.0113564	0.0846102	0.157838	0.201342	0.210413	0.206345	0.201735	0.18556	0.152221	0.106464	0.0635557	0.0381517	0.0358682	0.0518691	0.0794107	0.110521	0.138315	0.173451	
0.249714	0.198344	0.135952	0.0798275	0.0429298	0.0355479	0.0623898	0.112045	0.173862	0.23159	0.265397	0.26304	0.237194	0.198254	0.154121	0.101843	0.049157	0.00511837	-0.0115988	-0.00857787	0.00629519	0.0330115	0.0742207	0.117093	0.154315	
0.293317	0.270209	0.23892	0.20257	0.173282	0.166066	0.18931	0.2243	0.259201	0.285563	0.297359	0.28001	0.231497	0.159258	0.0839439	0.0189695	-0.0336035	-0.0685771	-0.0744024	-0.0567813	-0.0318697	-0.000988247	0.0425964	0.0906271	0.133025	
0.319866	0.338207	0.348272	0.346051	0.336296	0.333075	0.341939	0.348819	0.343909	0.328262	0.303553	0.259567	0.187864	0.0909796	-0.00316263	-0.0749465	-0.118812	-0.141319	-0.133162	-0.103882	-0.0639375	-0.0219709	0.0227874	0.0647601	0.101063	
0.327074	0.393554	0.451981	0.493223	0.515279	0.517283	0.504811	0.470325	0.419171	0.354137	0.283509	0.200015	0.10364	-0.00304741	-0.0956943	-0.15996	-0.194432	-0.203084	-0.18314	-0.142283	-0.0911401	-0.034588	0.01835	0.0549359	0.079135	
0.313654	0.431353	0.539782	0.629063	0.68416	0.693493	0.656107	0.578732	0.476322	0.361257	0.240203	0.115203	-0.00540019	-0.109615	-0.181305	-0.223966	-0.245629	-0.247787	-0.217446	-0.165981	-0.102023	-0.033092	0.0312815	0.0708299	0.0849648	
0.288232	0.453261	0.610249	0.739822	0.821222	0.834443	0.780177	0.666231	0.518473	0.353552	0.189636	0.0312558	-0.103673	-0.200562	-0.245127	-0.258219	-0.263232	-0.259064	-0.224145	-0.160171	-0.0827753	-0.00165084	0.0683608	0.107531	0.113993	
0.24852	0.450851	0.644224	0.799071	0.890921	0.906251	0.844438	0.712415	0.531028	0.328344	0.132905	-0.0397062	-0.17723	-0.265289	-0.292434	-0.282076	-0.266005	-0.248611	-0.203634	-0.130279	-0.0398218	0.0487164	0.117982	0.14761	0.140615	
0.196684	0.414027	0.620939	0.77869	0.867401	0.88116	0.823114	0.691134	0.501061	0.281793	0.0772163	-0.0933536	-0.220868	-0.302404	-0.324281	-0.303935	-0.268119	-0.224435	-0.158358	-0.0720796	0.0202563	0.105728	0.163405	0.177026	0.153947	
0.15372	0.354546	0.543049	0.682047	0.757021	0.768511	0.719613	0.605645	0.434144	0.232662	0.0440707	-0.108807	-0.223587	-0.299341	-0.322772	-0.300508	-0.249881	-0.178383	-0.08315	0.0151597	0.100575	0.163256	0.196401	0.188258	0.150563	
0.136724	0.288715	0.428458	0.530528	0.585417	0.593758	0.558122	0.474402	0.348127	0.196564	0.0522276	-0.0717516	-0.171995	-0.243706	-0.265329	-0.239577	-0.179906	-0.0923904	0.0172984	0.119542	0.187532	0.219197	0.215777	0.180638	0.127435	
0.120928	0.201611	0.273769	0.326039	0.355132	0.359372	0.340739	0.297254	0.232447	0.152923	0.0726893	-0.0073846	-0.086328	-0.147237	-0.159331	-0.123143	-0.0578473	0.0263999	0.125861	0.210728	0.258257	0.262645	0.231404	0.169851	0.0984656	
0.0807738	0.0847524	0.0842562	0.081345	0.0783599	0.0776515	0.0801351	0.083421	0.0852279	0.0823498	0.0757941	0.0547412	0.0164457	-0.0182127	-0.0114872	0.0360365	0.0988049	0.163413	0.228261	0.27758	0.295613	0.282343	0.23568	0.159151	0.0699565	
0.019062	-0.0481226	-0.113211	-0.170306	-0.206619	-0.213669	-0.187662	-0.137684	-0.0742731	-0.00823355	0.0576336	0.108017	0.132381	0.144413	0.176989	0.228411	0.274623	0.30445	0.324027	0.325286	0.306453	0.269131	0.212003	0.127775	0.0311216	
-0.0481226	-0.175491	-0.293835	-0.394231	-0.459344	-0.471062	-0.425879	-0.336866	-0.223948	-0.100258	0.0321116	0.158057	0.257537	0.329143	0.391623	0.440081	0.456269	0.442102	0.410765	0.362781	0.298182	0.227642	0.150058	0.0616698	-0.0302417	
-0.113211	-0.293835	-0.452134	-0.581985	-0.663159	-0.678218	-0.621517	-0.508718	-0.359563	-0.188262	0.00470463	0.200882	0.371735	0.501084	0.595035	0.642079	0.629988	0.570431	0.489423	0.391294	0.282833	0.175529	0.0771911	-0.0152048	-0.0935803	
-0.170306	-0.394231	-0.581985	-0.725463	-0.811714	-0.826704	-0.768097	-0.645316	-0.473904	-0.264048	-0.02074	0.231596	0.454943	0.627337	0.747539	0.800872	0.771606	0.677194	0.549349	0.405555	0.257945	0.12591	0.0152918	-0.0747975	-0.141088	
-0.206619	-0.459344	-0.663159	-0.811714	-0.895939	-0.910753	-0.853436	-0.729887	-0.546794	-0.313266	-0.0370881	0.248263	0.500583	0.69504	0.83215	0.892994	0.859434	0.744108	0.585343	0.407454	0.235631	0.090869	-0.0203201	-0.106378	-0.165604	
-0.213669	-0.471062	-0.678218	-0.826704	-0.910753	-0.924839	-0.868542	-0.744751	-0.560343	-0.322149	-0.0406235	0.250884	0.507255	0.705732	0.844988	0.908252	0.873542	0.755495	0.589956	0.406383	0.22934	0.0835822	-0.0275074	-0.111868	-0.17026	
-0.187662	-0.425879	-0.621517	-0.768097	-0.853436	-0.868542	-0.810023	-0.686681	-0.509136	-0.288	-0.0285063	0.239825	0.478034	0.661318	0.790226	0.846551	0.815148	0.709962	0.567609	0.407212	0.248246	0.109529	-0.00172573	-0.0904866	-0.153403	
-0.137684	-0.336866	-0.508718	-0.645316	-0.729887	-0.744751	-0.686681	-0.568146	-0.408932	-0.220596	-0.00633612	0.214855	0.408959	0.558261	0.663145	0.712524	0.691392	0.616775	0.515476	0.398671	0.273131	0.154677	0.0498354	-0.0421835	-0.115369	
-0.0742731	-0.223948	-0.359563	-0.473904	-0.546794	-0.560343	-0.509136	-0.408932	-0.279542	-0.13606	0.0216182	0.176409	0.30631	0.401791	0.47754	0.524289	0.528653	0.49535	0.444414	0.376006	0.293642	0.20752	0.120999	0.0304583	-0.0564444	
-0.00823355	-0.100258	-0.188262	-0.264048	-0.313266	-0.322149	-0.288	-0.220596	-0.13606	-0.0453034	0.0472963	0.128282	0.181603	0.217312	0.260906	0.311999	0.346426	0.359902	0.359066	0.341057	0.304104	0.25449	0.190139	0.104361	0.00847039	
0.0576336	0.0321116	0.00470463	-0.02074	-0.0370881	-0.0406235	-0.0285063	-0.00633612	0.0216182	0.0472963	0.0704964	0.0765043	0.061485	0.0429582	0.0598002	0.109493	0.167949	0.220022	0.268008	0.298709	0.302958	0.281248	0.230911	0.150796	0.0569313	
0.108017	0.158057	0.200882	0.231596	0.248263	0.250884	0.239825	0.214855	0.176409	0.128282	0.0765043	0.0187489	-0.0471544	-0.099337	-0.105622	-0.0640039	0.0012133	0.0799772	0.16743	0.239984	0.276599	0.273657	0.235327	0.166367	0.0871286	
0.132381	0.257537	0.371735	0.454943	0.500583	0.507255	0.478034	0.408959	0.30631	0.181603	0.061485	-0.0471544	-0.139942	-0.20912	-0.227766	-0.198786	-0.135919	-0.0475476	0.0611266	0.158901	0.219093	0.239097	0.222792	0.176265	0.115719	
0.144413	0.329143	0.501084	0.627337	0.69504	0.705732	0.661318	0.558261	0.401791	0.217312	0.0429582	-0.099337	-0.20912	-0.283033	-0.307087	-0.28368	-0.229127	-0.148991	-0.0455451	0.0561184	0.135615	0.186097	0.205234	0.186588	0.143076	
0.176989	0.391623	0.595035	0.747539	0.83215	0.844988	0.790226	0.663145	0.47754	0.260906	0.0598002	-0.105622	-0.227766	-0.307087	-0.329213	-0.307809	-0.265328	-0.209765	-0.131937	-0.0399367	0.0505239	0.129139	0.178367	0.18414	0.155048	
0.228411	0.440081	0.642079	0.800872	0.892994	0.908252	0.846551	0.712524	0.524289	0.311999	0.109493	-0.0640039	-0.198786	-0.28368	-0.307809	-0.292009	-0.267817	-0.241043	-0.188753	-0.110647	-0.0180141	0.0707794	0.136994	0.16092	0.147382	
0.274623	0.456269	0.629988	0.771606	0.859434	0.873542	0.815148	0.691392	0.528653	0.346426	0.167949	0.0012133	-0.135919	-0.229127	-0.265328	-0.267817	-0.264888	-0.256216	-0.218607	-0.150471	-0.0679079	0.0172487	0.0878338	0.124232	0.125816	
0.30445	0.442102	0.570431	0.677194	0.744108	0.755495	0.709962	0.616775	0.49535	0.359902	0.220022	0.0799772	-0.0475476	-0.148991	-0.209765	-0.241043	-0.256216	-0.25619	-0.223623	-0.167594	-0.0982337	-0.0239581	0.0438612	0.0843577	0.0950807	
0.324027	0.410765	0.489423	0.549349	0.585343	0.589956	0.567609	0.515476	0.444414	0.359066	0.268008	0.16743	0.0611266	-0.0455451	-0.131937	-0.188753	-0.218607	-0.223623	-0.199899	-0.154808	-0.0987926	-0.0364691	0.0213392	0.0581247	0.0778646	
0.325286	0.362781	0.391294	0.405555	0.407454	0.406383	0.407212	0.398671	0.376006	0.341057	0.298709	0.239984	0.158901	0.0561184	-0.0399367	-0.110647	-0.150471	-0.167594	-0.154808	-0.120903	-0.0758415	-0.0277053	0.018965	0.0582732	0.0894208	
0.306453	0.298182	0.282833	0.257945	0.235631	0.22934	0.248246	0.273131	0.293642	0.304104	0.302958	0.276599	0.219093	0.135615	0.0505239	-0.0180141	-0.0679079	-0.0982337	-0.0987926	-0.0758415	-0.0447328	-0.0105753	0.0331708	0.0793179	0.121066	
0.269131	0.227642	0.175529	0.12591	0.090869	0.0835822	0.109529	0.154677	0.20752	0.25449	0.281248	0.273657	0.239097	0.186097	0.129139	0.0707794	0.0172487	-0.0239581	-0.0364691	-0.0277053	-0.0105753	0.0173203	0.0599491	0.107473	0.146776	
0.212003	0.150058	0.0771911	0.0152918	-0.0203201	-0.0275074	-0.00172573	0.0498354	0.120999	0.190139	0.230911	0.235327	0.222792	0.205234	0.178367	0.136994	0.0878338	0.0438612	0.0213392	0.018965	0.0331708	0.0599491	0.0965781	0.129933	0.164923	
0.127775	0.0616698	-0.0152048	-0.0747975	-0.106378	-0.111868	-0.0904866	-0.0421835	0.0304583	0.104361	0.150796	0.166367	0.176265	0.186588	0.18414	0.16092	0.124232	0.0843577	0.0581247	0.0582732	0.0793179	0.107473	0.129933	0.152192	0.189942	
0.0311216	-0.0302417	-0.0935803	-0.141088	-0.165604	-0.17026	-0.153403	-0.115369	-0.0564444	0.00847039	0.0569313	0.0871286	0.115719	0.143076	0.155048	0.147382	0.125816	0.0950807	0.0778646	0.0894208	0.121066	0.146776	0.164923	0.189942	0.236326	
