0.0324	-0.0251998	-0.0807545	-0.132074	-0.167268	-0.175183	-0.148114	-0.101994	-0.047598	0.00855639	0.0731014	0.136744	0.173115	0.161491	0.0903428	-0.0104997	-0.11443	-0.203639	-0.259589	-0.281914	-0.254318	-0.155467	0.0187805	0.261328	0.534825	
0.023647	-0.0782042	-0.172313	-0.248943	-0.298786	-0.309528	-0.272502	-0.205589	-0.117743	-0.0185529	0.0904205	0.19449	0.257433	0.25367	0.177571	0.0572906	-0.0669665	-0.173054	-0.250985	-0.285156	-0.264409	-0.166334	0.0152976	0.26122	0.536922	
0.024955	-0.123184	-0.246959	-0.347662	-0.409937	-0.41911	-0.378357	-0.290971	-0.174863	-0.036554	0.115412	0.251721	0.34043	0.340729	0.258502	0.128537	-0.0126243	-0.129226	-0.216225	-0.256256	-0.234132	-0.132772	0.049429	0.286273	0.545704	
0.027232	-0.150244	-0.296763	-0.411751	-0.477753	-0.4873	-0.445252	-0.347059	-0.212332	-0.0468437	0.138242	0.301492	0.407255	0.418258	0.335588	0.202762	0.0595376	-0.0632202	-0.149696	-0.191556	-0.165099	-0.0616116	0.108481	0.330991	0.566996	
0.0449459	-0.153996	-0.322089	-0.444719	-0.513581	-0.525371	-0.478799	-0.377158	-0.225822	-0.0373882	0.171582	0.358387	0.47784	0.500685	0.423305	0.293664	0.150999	0.0237989	-0.0666855	-0.10942	-0.0809228	0.0175186	0.181196	0.387935	0.60738	
0.0909955	-0.129555	-0.320993	-0.454338	-0.528472	-0.542803	-0.490437	-0.381898	-0.211755	0.000374775	0.230157	0.437247	0.568494	0.59858	0.529966	0.402147	0.253583	0.124593	0.0287926	-0.016583	0.0154332	0.112047	0.264782	0.455625	0.665244	
0.163827	-0.0781895	-0.281913	-0.427534	-0.507641	-0.520743	-0.467518	-0.347995	-0.165826	0.0646096	0.310369	0.524069	0.666597	0.702695	0.640734	0.518756	0.36961	0.237571	0.141553	0.101452	0.130441	0.223563	0.362177	0.533479	0.729113	
0.254767	0.0102099	-0.195982	-0.348729	-0.430774	-0.442189	-0.391135	-0.264364	-0.0777594	0.154113	0.401307	0.60873	0.74965	0.792711	0.739253	0.627958	0.4863	0.355511	0.267163	0.231375	0.257787	0.342604	0.466468	0.615778	0.782339	
0.362126	0.130794	-0.0701751	-0.221116	-0.303344	-0.314069	-0.263501	-0.137635	0.0463956	0.267157	0.498905	0.691124	0.819249	0.865946	0.824565	0.721039	0.59188	0.470522	0.382697	0.350064	0.372273	0.434628	0.540833	0.672427	0.815047	
0.482176	0.269229	0.0754615	-0.0696694	-0.153076	-0.165963	-0.11099	0.0104954	0.187693	0.397456	0.600811	0.771676	0.886767	0.924683	0.894395	0.801355	0.675538	0.564002	0.477815	0.436896	0.446833	0.487333	0.570906	0.683415	0.802925	
0.586749	0.400227	0.219283	0.0801178	-0.00103917	-0.0158433	0.0401733	0.157339	0.324136	0.513912	0.689209	0.835269	0.932061	0.969149	0.944836	0.859237	0.740797	0.62675	0.538633	0.48328	0.472431	0.497577	0.555181	0.645342	0.744595	
0.6626	0.503141	0.337194	0.206061	0.125226	0.109793	0.167605	0.279437	0.435084	0.601582	0.746218	0.860089	0.934609	0.966511	0.942532	0.87071	0.76518	0.653942	0.565882	0.498201	0.464282	0.466675	0.509518	0.582017	0.65896	
0.678523	0.548464	0.408076	0.283694	0.208178	0.19673	0.245976	0.35418	0.49307	0.628063	0.744349	0.823849	0.876058	0.901799	0.883585	0.826246	0.735015	0.637286	0.54961	0.476302	0.432241	0.424317	0.456064	0.512147	0.569791	
0.61637	0.515266	0.400156	0.291374	0.223399	0.213081	0.257422	0.354241	0.470148	0.578859	0.661682	0.712791	0.748718	0.768902	0.766024	0.727551	0.662983	0.584299	0.502706	0.436749	0.389156	0.383383	0.413466	0.460349	0.506025	
0.475065	0.399663	0.298114	0.204961	0.14225	0.129097	0.175561	0.259265	0.359314	0.45064	0.501649	0.534102	0.554356	0.570639	0.590797	0.581604	0.55576	0.508857	0.449542	0.399972	0.362361	0.368176	0.407009	0.448268	0.474586	
0.243666	0.186382	0.107671	0.0288332	-0.0235702	-0.0329937	0.00348172	0.0741955	0.156373	0.224698	0.262159	0.283138	0.29918	0.332727	0.380054	0.413326	0.436922	0.431527	0.407643	0.387961	0.378364	0.398803	0.439262	0.47224	0.479627	
-0.0442329	-0.091446	-0.158632	-0.224417	-0.268963	-0.277572	-0.245408	-0.186304	-0.117068	-0.0591104	-0.0295943	-0.0111648	0.0133264	0.0668538	0.152621	0.242307	0.319241	0.364272	0.382241	0.392623	0.413938	0.454476	0.501889	0.534388	0.526823	
-0.357987	-0.401436	-0.462575	-0.517886	-0.554397	-0.562394	-0.53503	-0.486191	-0.425209	-0.372311	-0.340407	-0.314898	-0.276648	-0.198266	-0.0746103	0.0671898	0.194866	0.289429	0.352763	0.401601	0.458695	0.52568	0.584172	0.614077	0.603421	
-0.659475	-0.700835	-0.750101	-0.793741	-0.82045	-0.825945	-0.806546	-0.769332	-0.720079	-0.674532	-0.638755	-0.609771	-0.559581	-0.459143	-0.309407	-0.123675	0.0504912	0.189424	0.301763	0.399225	0.499277	0.597829	0.675109	0.71579	0.709688	
-0.915473	-0.942891	-0.97393	-1.00208	-1.01561	-1.01782	-1.00929	-0.986136	-0.954715	-0.926179	-0.898625	-0.876549	-0.827661	-0.719902	-0.551877	-0.336773	-0.126012	0.0557288	0.215038	0.364046	0.513707	0.655628	0.762208	0.822699	0.827863	
-1.10727	-1.11055	-1.11397	-1.1156	-1.11299	-1.11195	-1.11513	-1.11523	-1.11153	-1.10918	-1.10382	-1.09898	-1.06279	-0.963865	-0.793673	-0.565374	-0.328657	-0.10453	0.106666	0.313434	0.514983	0.695383	0.82854	0.903024	0.92438	
-1.23146	-1.20592	-1.17829	-1.15181	-1.1325	-1.12965	-1.14269	-1.16717	-1.19539	-1.22091	-1.24536	-1.2616	-1.24099	-1.15635	-0.990653	-0.76057	-0.506263	-0.25323	-0.00255707	0.251481	0.49162	0.701032	0.856519	0.946494	0.972963	
-1.29133	-1.24258	-1.18862	-1.14222	-1.1098	-1.10271	-1.1274	-1.16878	-1.22063	-1.27302	-1.3171	-1.34802	-1.34157	-1.26772	-1.1133	-0.892738	-0.633261	-0.361877	-0.0834728	0.200393	0.465196	0.687041	0.845804	0.935488	0.959879	
-1.29367	-1.22876	-1.15967	-1.09625	-1.0571	-1.04954	-1.07733	-1.13298	-1.20089	-1.26889	-1.32871	-1.36669	-1.36697	-1.30602	-1.16682	-0.959339	-0.706006	-0.421416	-0.122739	0.17369	0.449036	0.662884	0.80909	0.884464	0.891923	
-1.25297	-1.1723	-1.0859	-1.00942	-0.963167	-0.955231	-0.986605	-1.0527	-1.13805	-1.22131	-1.29587	-1.3414	-1.34455	-1.29386	-1.17098	-0.98157	-0.737126	-0.45135	-0.145202	0.157988	0.426934	0.625827	0.751179	0.799166	0.7748	
-1.17303	-1.07255	-0.967398	-0.879393	-0.826988	-0.816483	-0.853857	-0.929173	-1.02914	-1.13517	-1.22461	-1.28242	-1.29889	-1.26216	-1.16516	-0.999894	-0.768606	-0.482336	-0.168692	0.133012	0.392808	0.569991	0.663434	0.677469	0.621703	
-1.07255	-0.947094	-0.821952	-0.71835	-0.658758	-0.648501	-0.688601	-0.776644	-0.895402	-1.02418	-1.13657	-1.21109	-1.24241	-1.22672	-1.15708	-1.01869	-0.806695	-0.525274	-0.21283	0.0804209	0.325318	0.479667	0.544987	0.529965	0.445491	
-0.967398	-0.821952	-0.676875	-0.56234	-0.496392	-0.485539	-0.529342	-0.625688	-0.762478	-0.91068	-1.04339	-1.13616	-1.18117	-1.18778	-1.14726	-1.03983	-0.849008	-0.582417	-0.279128	0.00928136	0.232483	0.370467	0.415295	0.373063	0.270702	
-0.879393	-0.71835	-0.56234	-0.442189	-0.373259	-0.361551	-0.407939	-0.508935	-0.653119	-0.817404	-0.962295	-1.06643	-1.12851	-1.15203	-1.13744	-1.05865	-0.887482	-0.633546	-0.339725	-0.0647662	0.144758	0.268849	0.296788	0.243533	0.134971	
-0.826988	-0.658758	-0.496392	-0.373259	-0.302362	-0.291163	-0.33788	-0.441141	-0.591404	-0.761553	-0.913919	-1.02475	-1.0924	-1.12742	-1.12791	-1.06643	-0.909443	-0.666528	-0.381483	-0.112975	0.0854186	0.202799	0.224014	0.164764	0.054316	
-0.816483	-0.648501	-0.485539	-0.361551	-0.291163	-0.280444	-0.326164	-0.429746	-0.58152	-0.750734	-0.905401	-1.01769	-1.08464	-1.12306	-1.12574	-1.06726	-0.913228	-0.673754	-0.390956	-0.121116	0.073476	0.191366	0.213786	0.150418	0.0390545	
-0.853857	-0.688601	-0.529342	-0.407939	-0.33788	-0.326164	-0.373211	-0.475319	-0.621965	-0.790173	-0.938532	-1.0456	-1.11197	-1.14071	-1.13339	-1.06361	-0.898583	-0.648924	-0.359052	-0.0882965	0.116646	0.236772	0.260307	0.205279	0.0959547	
-0.929173	-0.776644	-0.625688	-0.508935	-0.441141	-0.429746	-0.475319	-0.573541	-0.714473	-0.870199	-1.00825	-1.1067	-1.1588	-1.17248	-1.14375	-1.04832	-0.865677	-0.604972	-0.304784	-0.0216887	0.19551	0.327858	0.364307	0.31658	0.210705	
-1.02914	-0.895402	-0.762478	-0.653119	-0.591404	-0.58152	-0.621965	-0.714473	-0.841088	-0.977031	-1.0994	-1.18111	-1.21753	-1.21166	-1.15301	-1.02699	-0.823021	-0.547536	-0.238625	0.0535789	0.28883	0.436748	0.494435	0.466354	0.37244	
-1.13517	-1.02418	-0.91068	-0.817404	-0.761553	-0.750734	-0.790173	-0.870199	-0.977031	-1.09328	-1.19073	-1.25431	-1.27776	-1.24831	-1.16214	-1.00802	-0.783285	-0.496862	-0.182327	0.115781	0.37099	0.537975	0.617834	0.620656	0.553709	
-1.22461	-1.13657	-1.04339	-0.962295	-0.913919	-0.905401	-0.938532	-1.00825	-1.0994	-1.19073	-1.27085	-1.32096	-1.32794	-1.28166	-1.16897	-0.987719	-0.748038	-0.463431	-0.153573	0.149827	0.415041	0.606915	0.721028	0.754811	0.716738	
-1.28242	-1.21109	-1.13616	-1.06643	-1.02475	-1.01769	-1.0456	-1.1067	-1.18111	-1.25431	-1.32096	-1.36057	-1.36227	-1.30588	-1.17212	-0.972073	-0.721377	-0.434615	-0.13223	0.167904	0.441607	0.649509	0.788637	0.854278	0.850285	
-1.29889	-1.24241	-1.18117	-1.12851	-1.0924	-1.08464	-1.11197	-1.1588	-1.21753	-1.27776	-1.32794	-1.36227	-1.35962	-1.29068	-1.14218	-0.926839	-0.669134	-0.39106	-0.103344	0.186894	0.458174	0.67884	0.833458	0.919178	0.939394	
-1.26216	-1.22672	-1.18778	-1.15203	-1.12742	-1.12306	-1.14071	-1.17248	-1.21166	-1.24831	-1.28166	-1.30588	-1.29068	-1.21057	-1.04966	-0.821219	-0.563526	-0.302984	-0.0399015	0.228097	0.479318	0.696193	0.856861	0.948792	0.974685	
-1.16516	-1.15708	-1.14726	-1.13744	-1.12791	-1.12574	-1.13339	-1.14375	-1.15301	-1.16214	-1.16897	-1.17212	-1.14218	-1.04966	-0.879967	-0.650511	-0.406108	-0.166888	0.0620185	0.289671	0.509181	0.701853	0.844013	0.925434	0.950756	
-0.999894	-1.01869	-1.03983	-1.05865	-1.06643	-1.06726	-1.06361	-1.04832	-1.02699	-1.00802	-0.987719	-0.972073	-0.926839	-0.821219	-0.650511	-0.428134	-0.205852	-0.00662959	0.172719	0.345	0.515534	0.674024	0.792991	0.859797	0.870945	
-0.768606	-0.806695	-0.849008	-0.887482	-0.909443	-0.913228	-0.898583	-0.865677	-0.823021	-0.783285	-0.748038	-0.721377	-0.669134	-0.563526	-0.406108	-0.205852	-0.0163968	0.140258	0.27177	0.389285	0.508853	0.623047	0.711411	0.759326	0.757138	
-0.482336	-0.525274	-0.582417	-0.633546	-0.666528	-0.673754	-0.648924	-0.604972	-0.547536	-0.496862	-0.463431	-0.434615	-0.39106	-0.302984	-0.166888	-0.00662959	0.140258	0.253312	0.336317	0.403447	0.477164	0.555797	0.620047	0.652508	0.642684	
-0.168692	-0.21283	-0.279128	-0.339725	-0.381483	-0.390956	-0.359052	-0.304784	-0.238625	-0.182327	-0.153573	-0.13223	-0.103344	-0.0399015	0.0620185	0.172719	0.27177	0.336317	0.37156	0.396424	0.430726	0.481082	0.532868	0.564635	0.55423	
0.133012	0.0804209	0.00928136	-0.0647662	-0.112975	-0.121116	-0.0882965	-0.0216887	0.0535789	0.115781	0.149827	0.167904	0.186894	0.228097	0.289671	0.345	0.389285	0.403447	0.396424	0.388956	0.391493	0.420107	0.461727	0.492545	0.493652	
0.392808	0.325318	0.232483	0.144758	0.0854186	0.073476	0.116646	0.19551	0.28883	0.37099	0.415041	0.441607	0.458174	0.479318	0.509181	0.515534	0.508853	0.477164	0.430726	0.391493	0.363745	0.375135	0.414683	0.453999	0.472204	
0.569991	0.479667	0.370467	0.268849	0.202799	0.191366	0.236772	0.327858	0.436748	0.537975	0.606915	0.649509	0.67884	0.696193	0.701853	0.674024	0.623047	0.555797	0.481082	0.420107	0.375135	0.37331	0.406474	0.450421	0.488813	
0.663434	0.544987	0.415295	0.296788	0.224014	0.213786	0.260307	0.364307	0.494435	0.617834	0.721028	0.788637	0.833458	0.856861	0.844013	0.792991	0.711411	0.620047	0.532868	0.461727	0.414683	0.406474	0.436533	0.487512	0.540269	
0.677469	0.529965	0.373063	0.243533	0.164764	0.150418	0.205279	0.31658	0.466354	0.620656	0.754811	0.854278	0.919178	0.948792	0.925434	0.859797	0.759326	0.652508	0.564635	0.492545	0.453999	0.450421	0.487512	0.553576	0.621932	
0.621703	0.445491	0.270702	0.134971	0.054316	0.0390545	0.0959547	0.210705	0.37244	0.553709	0.716738	0.850285	0.939394	0.974685	0.950756	0.870945	0.757138	0.642684	0.55423	0.493652	0.472204	0.488813	0.540269	0.621932	0.712181	
