-0.80231	-0.730816	-0.646658	-0.576642	-0.5398	-0.533019	-0.558123	-0.615104	-0.697952	-0.77646	-0.830794	-0.844414	-0.810495	-0.726535	-0.619724	-0.511713	-0.398867	-0.259361	-0.0934139	0.0855714	0.249611	0.366417	0.409045	0.383454	0.295446	
-0.921357	-0.855245	-0.771397	-0.708085	-0.678868	-0.675186	-0.692068	-0.742179	-0.821997	-0.899026	-0.944083	-0.943165	-0.891333	-0.785662	-0.653528	-0.524329	-0.406494	-0.277419	-0.126954	0.0352258	0.176243	0.261266	0.275853	0.222505	0.111246	
-0.98229	-0.928099	-0.856469	-0.807187	-0.792348	-0.790948	-0.798002	-0.832043	-0.899707	-0.965032	-0.995235	-0.97586	-0.907885	-0.789864	-0.642563	-0.496528	-0.368708	-0.249545	-0.120821	0.0134137	0.122237	0.172067	0.158199	0.0876694	-0.0404275	
-0.98513	-0.955488	-0.907185	-0.880332	-0.879019	-0.881192	-0.877396	-0.892786	-0.935857	-0.977984	-0.984535	-0.94561	-0.863066	-0.739421	-0.586799	-0.42998	-0.291847	-0.177672	-0.0741927	0.0243498	0.0935834	0.106569	0.0667801	-0.0159483	-0.146833	
-0.930404	-0.936055	-0.923965	-0.922459	-0.932718	-0.936773	-0.925701	-0.921529	-0.931241	-0.936511	-0.911974	-0.853375	-0.760099	-0.635234	-0.483935	-0.326121	-0.182983	-0.0748622	0.0048515	0.0616347	0.0873964	0.0631957	0.000541075	-0.0908097	-0.21677	
-0.822682	-0.873193	-0.905636	-0.930614	-0.949771	-0.954236	-0.939332	-0.916232	-0.887517	-0.845416	-0.783518	-0.704739	-0.604608	-0.479949	-0.333326	-0.181643	-0.0458762	0.0512147	0.106534	0.124804	0.105188	0.0475432	-0.0347648	-0.132309	-0.251801	
-0.686542	-0.785877	-0.86401	-0.916392	-0.942754	-0.948386	-0.929201	-0.88869	-0.819689	-0.728219	-0.624657	-0.524962	-0.417835	-0.29448	-0.151728	-0.0116687	0.106322	0.18052	0.211817	0.197844	0.143097	0.0570421	-0.0361477	-0.135845	-0.247033	
-0.550881	-0.693311	-0.813564	-0.891439	-0.928661	-0.934816	-0.910332	-0.850192	-0.745426	-0.609077	-0.466778	-0.342524	-0.225932	-0.101724	0.0357857	0.162684	0.254049	0.295816	0.297074	0.260148	0.183624	0.0828967	-0.0154006	-0.108646	-0.20913	
-0.441975	-0.61746	-0.768988	-0.871854	-0.922458	-0.930853	-0.897406	-0.816671	-0.682565	-0.513326	-0.340103	-0.189804	-0.0575207	0.0703761	0.201161	0.311673	0.374396	0.378232	0.345771	0.288764	0.206863	0.107477	0.0153632	-0.0674251	-0.149975	
-0.366719	-0.559296	-0.731008	-0.853911	-0.918878	-0.929914	-0.886301	-0.787065	-0.631888	-0.445082	-0.252588	-0.0805671	0.0716607	0.205008	0.325738	0.414081	0.446407	0.41383	0.34577	0.267898	0.186193	0.103278	0.0286953	-0.0378844	-0.100748	
-0.320209	-0.517546	-0.697626	-0.83244	-0.907421	-0.919641	-0.870131	-0.757887	-0.593249	-0.399719	-0.202536	-0.01562	0.151958	0.292486	0.399333	0.462083	0.462861	0.40053	0.303581	0.205346	0.123125	0.0614748	0.0159042	-0.0264004	-0.0673162	
-0.286709	-0.479564	-0.658216	-0.793513	-0.868039	-0.880592	-0.830939	-0.719109	-0.553814	-0.36447	-0.169941	0.0175307	0.192446	0.332711	0.427304	0.463305	0.436785	0.352249	0.239302	0.128553	0.0443974	2.00199e-05	-0.0143668	-0.023806	-0.0368442	
-0.241519	-0.424422	-0.592795	-0.714973	-0.778485	-0.788012	-0.74793	-0.648354	-0.495442	-0.314595	-0.131889	0.0464402	0.209868	0.341118	0.419135	0.436664	0.38872	0.292407	0.173965	0.0623818	-0.0205163	-0.0554167	-0.0482005	-0.026219	-0.0069052	
-0.184662	-0.350575	-0.49903	-0.597205	-0.640676	-0.646253	-0.620768	-0.545332	-0.414082	-0.251192	-0.0855128	0.069691	0.207217	0.311234	0.370318	0.373779	0.320015	0.221834	0.109215	0.00660915	-0.0658636	-0.090827	-0.0716886	-0.027794	0.0233402	
-0.114595	-0.253631	-0.37292	-0.441392	-0.462686	-0.463982	-0.454416	-0.406981	-0.306	-0.1704	-0.0330387	0.0900331	0.187384	0.254054	0.285275	0.282165	0.234548	0.152732	0.0556149	-0.0288488	-0.0825737	-0.0909689	-0.0606993	-0.00581615	0.0656363	
-0.0228314	-0.12204	-0.205429	-0.244266	-0.247805	-0.245277	-0.248782	-0.226145	-0.159654	-0.0622582	0.0338779	0.114027	0.16632	0.189851	0.192362	0.182059	0.152913	0.100543	0.0347081	-0.0250056	-0.0549368	-0.0418078	0.00178323	0.0627215	0.137381	
0.0907209	0.0427374	0.000200886	-0.0138664	-0.00488383	-0.00118208	-0.0115391	-0.00914524	0.0235615	0.0723775	0.114357	0.140913	0.145306	0.129314	0.10444	0.0890472	0.0777975	0.064152	0.038624	0.0140218	0.00999543	0.0440494	0.101823	0.166045	0.234908	
0.19898	0.2093	0.207767	0.216051	0.232075	0.237572	0.221843	0.210107	0.208487	0.206062	0.18428	0.151377	0.107181	0.0586022	0.0158688	-0.00183272	0.0054315	0.0272621	0.0484993	0.0658509	0.0951917	0.150276	0.218535	0.284946	0.342976	
0.286606	0.353152	0.392488	0.42198	0.447129	0.452815	0.433039	0.404611	0.371395	0.317076	0.234491	0.141008	0.0516705	-0.0235634	-0.0748751	-0.0872799	-0.0634043	-0.0108514	0.0489276	0.109698	0.174745	0.252952	0.328391	0.389279	0.433683	
0.362104	0.47719	0.554594	0.610087	0.647717	0.656221	0.626962	0.57908	0.511459	0.413399	0.278406	0.136223	0.00709335	-0.0892981	-0.144894	-0.148476	-0.107623	-0.0349687	0.0502122	0.137359	0.229966	0.325039	0.401974	0.449842	0.469986	
0.43588	0.586882	0.699981	0.784683	0.841119	0.852217	0.811083	0.736637	0.636143	0.500861	0.331814	0.156856	0.00231779	-0.111433	-0.171347	-0.168802	-0.11629	-0.0315082	0.0599284	0.15254	0.248468	0.346127	0.416623	0.447271	0.442357	
0.512871	0.685734	0.827865	0.941683	1.01751	1.03253	0.977254	0.877063	0.745727	0.585909	0.399401	0.215005	0.0516487	-0.0691921	-0.13517	-0.134272	-0.0797477	0.00417518	0.0883333	0.16275	0.238734	0.315306	0.36834	0.381966	0.357852	
0.588889	0.768817	0.928433	1.06277	1.15326	1.17078	1.10555	0.985835	0.835106	0.662868	0.477318	0.3014	0.148929	0.0319032	-0.0378065	-0.0474443	-0.00646256	0.0616665	0.121807	0.165045	0.201716	0.242001	0.265585	0.262912	0.232519	
0.667171	0.838287	0.998653	1.13718	1.23161	1.24974	1.1819	1.05768	0.904005	0.736527	0.565215	0.412085	0.281853	0.179184	0.108038	0.080911	0.0927811	0.123996	0.144296	0.142211	0.134175	0.130134	0.121076	0.101067	0.0705931	
0.753569	0.900401	1.04022	1.1633	1.24754	1.26411	1.20305	1.09256	0.957464	0.812627	0.668659	0.544471	0.441196	0.354986	0.283485	0.234658	0.205703	0.184845	0.147829	0.0930214	0.0367261	-0.00547832	-0.0447368	-0.0803835	-0.112093	
0.855753	0.962401	1.06283	1.15079	1.21326	1.22542	1.18017	1.09997	1.0036	0.899048	0.792575	0.699935	0.619239	0.543664	0.466248	0.391322	0.317375	0.236454	0.135921	0.0208945	-0.0814814	-0.158818	-0.220192	-0.270427	-0.307426	
0.962401	1.01911	1.06547	1.10711	1.1392	1.14646	1.12152	1.08282	1.03841	0.986749	0.925019	0.86336	0.797649	0.721211	0.627756	0.522552	0.404548	0.270397	0.110813	-0.0582251	-0.206401	-0.314687	-0.397548	-0.459705	-0.503712	
1.06283	1.06547	1.05532	1.04691	1.04849	1.0497	1.04668	1.05082	1.06219	1.06656	1.05143	1.01809	0.960107	0.872061	0.753642	0.614555	0.459577	0.285085	0.0851834	-0.125925	-0.311345	-0.452788	-0.558533	-0.635477	-0.684078	
1.15079	1.10711	1.04691	0.996995	0.971896	0.969023	0.98347	1.02461	1.0833	1.13712	1.16233	1.15312	1.0984	0.995823	0.850449	0.681668	0.498716	0.30194	0.0800201	-0.153773	-0.367908	-0.538771	-0.67243	-0.766723	-0.820753	
1.21326	1.1392	1.04849	0.971896	0.931349	0.92512	0.951046	1.01428	1.10317	1.1877	1.23927	1.24483	1.19208	1.07814	0.914828	0.725807	0.528049	0.320455	0.0918816	-0.152532	-0.381498	-0.574055	-0.72858	-0.838655	-0.89689	
1.22542	1.14646	1.0497	0.969023	0.92512	0.91891	0.946286	1.01397	1.10769	1.19823	1.25403	1.26285	1.20989	1.09461	0.927342	0.735618	0.534553	0.326355	0.0961167	-0.148985	-0.381379	-0.577449	-0.736842	-0.849863	-0.909628	
1.18017	1.12152	1.04668	0.98347	0.951046	0.946286	0.966638	1.01836	1.09203	1.16049	1.19874	1.19632	1.14288	1.03443	0.880843	0.701801	0.511973	0.309143	0.0838574	-0.155961	-0.377254	-0.558663	-0.701757	-0.803207	-0.858697	
1.09997	1.08282	1.05082	1.02461	1.01428	1.01397	1.01836	1.03889	1.07045	1.09642	1.09829	1.07572	1.01896	0.925517	0.795513	0.64429	0.476416	0.291674	0.0804067	-0.141595	-0.340271	-0.493971	-0.610958	-0.694447	-0.745272	
1.0036	1.03841	1.06219	1.0833	1.10317	1.10769	1.09203	1.07045	1.04889	1.01936	0.976836	0.926366	0.864916	0.784171	0.682068	0.562801	0.42961	0.276873	0.0991176	-0.0891844	-0.253115	-0.374633	-0.465844	-0.533379	-0.579162	
0.899048	0.986749	1.06656	1.13712	1.1877	1.19823	1.16049	1.09642	1.01936	0.93525	0.845684	0.766091	0.691923	0.618002	0.53502	0.449011	0.356557	0.253416	0.12749	-0.0102525	-0.131533	-0.221324	-0.291248	-0.346494	-0.386791	
0.792575	0.925019	1.05143	1.16233	1.23927	1.25403	1.19874	1.09829	0.976836	0.845684	0.716105	0.603924	0.511053	0.429613	0.357315	0.297941	0.251634	0.206477	0.144544	0.0657356	-0.00893996	-0.0654086	-0.114117	-0.155874	-0.18926	
0.699935	0.86336	1.01809	1.15312	1.24483	1.26285	1.19632	1.07572	0.926366	0.766091	0.603924	0.462463	0.342583	0.247204	0.175678	0.140651	0.136901	0.149006	0.148043	0.125759	0.0987023	0.0785056	0.0567115	0.030023	-0.000709343	
0.619239	0.797649	0.960107	1.0984	1.19208	1.20989	1.14288	1.01896	0.864916	0.691923	0.511053	0.342583	0.198542	0.0857901	0.015627	-0.000880649	0.0304828	0.086087	0.132541	0.159037	0.17811	0.200979	0.211471	0.202002	0.17151	
0.543664	0.721211	0.872061	0.995823	1.07814	1.09461	1.03443	0.925517	0.784171	0.618002	0.429613	0.247204	0.0857901	-0.0346223	-0.102749	-0.104947	-0.0538445	0.0259573	0.102758	0.165747	0.227718	0.29084	0.333354	0.340391	0.312205	
0.466248	0.627756	0.753642	0.850449	0.914828	0.927342	0.880843	0.795513	0.682068	0.53502	0.357315	0.175678	0.015627	-0.102749	-0.164879	-0.162066	-0.107105	-0.0208367	0.0692421	0.156914	0.247201	0.339333	0.404489	0.428301	0.414669	
0.391322	0.522552	0.614555	0.681668	0.725807	0.735618	0.701801	0.64429	0.562801	0.449011	0.297941	0.140651	-0.000880649	-0.104947	-0.162066	-0.162537	-0.115776	-0.0373965	0.0527206	0.144173	0.241531	0.339848	0.415639	0.456845	0.466212	
0.317375	0.404548	0.459577	0.498716	0.528049	0.534553	0.511973	0.476416	0.42961	0.356557	0.251634	0.136901	0.0304828	-0.0538445	-0.107105	-0.115776	-0.085054	-0.0229933	0.0486068	0.122538	0.200415	0.286841	0.363978	0.420134	0.456064	
0.236454	0.270397	0.285085	0.30194	0.320455	0.326355	0.309143	0.291674	0.276873	0.253416	0.206477	0.149006	0.086087	0.0259573	-0.0208367	-0.0373965	-0.0229933	0.0115411	0.0499211	0.0849588	0.128984	0.193366	0.264886	0.330184	0.383037	
0.135921	0.110813	0.0851834	0.0800201	0.0918816	0.0961167	0.0838574	0.0804067	0.0991176	0.12749	0.144544	0.148043	0.132541	0.102758	0.0692421	0.0527206	0.0486068	0.0499211	0.0428666	0.0344272	0.0430518	0.0851297	0.148013	0.21302	0.278407	
0.0208945	-0.0582251	-0.125925	-0.153773	-0.152532	-0.148985	-0.155961	-0.141595	-0.0891844	-0.0102525	0.0657356	0.125759	0.159037	0.165747	0.156914	0.144173	0.122538	0.0849588	0.0344272	-0.0124124	-0.0326789	-0.0108287	0.038266	0.101044	0.173632	
-0.0814814	-0.206401	-0.311345	-0.367908	-0.381498	-0.381379	-0.377254	-0.340271	-0.253115	-0.131533	-0.00893996	0.0987023	0.17811	0.227718	0.247201	0.241531	0.200415	0.128984	0.0430518	-0.0326789	-0.0767709	-0.0772615	-0.0410571	0.0162403	0.0911718	
-0.158818	-0.314687	-0.452788	-0.538771	-0.574055	-0.577449	-0.558663	-0.493971	-0.374633	-0.221324	-0.0654086	0.0785056	0.200979	0.29084	0.339333	0.339848	0.286841	0.193366	0.0851297	-0.0108287	-0.0772615	-0.0959857	-0.0728921	-0.0233013	0.0372361	
-0.220192	-0.397548	-0.558533	-0.67243	-0.72858	-0.736842	-0.701757	-0.610958	-0.465844	-0.291248	-0.114117	0.0567115	0.211471	0.333354	0.404489	0.415639	0.363978	0.264886	0.148013	0.038266	-0.0410571	-0.0728921	-0.0594862	-0.0278857	0.0047272	
-0.270427	-0.459705	-0.635477	-0.766723	-0.838655	-0.849863	-0.803207	-0.694447	-0.533379	-0.346494	-0.155874	0.030023	0.202002	0.340391	0.428301	0.456845	0.420134	0.330184	0.21302	0.101044	0.0162403	-0.0233013	-0.0278857	-0.0242918	-0.0249008	
-0.307426	-0.503712	-0.684078	-0.820753	-0.89689	-0.909628	-0.858697	-0.745272	-0.579162	-0.386791	-0.18926	-0.000709343	0.17151	0.312205	0.414669	0.466212	0.456064	0.383037	0.278407	0.173632	0.0911718	0.0372361	0.0047272	-0.0249008	-0.0551702	
