-0.392495	-0.384479	-0.370766	-0.354603	-0.345234	-0.343291	-0.349707	-0.364854	-0.379274	-0.390047	-0.390677	-0.372458	-0.344671	-0.304164	-0.23465	-0.129337	0.00476718	0.146311	0.273629	0.375389	0.447978	0.488434	0.499415	0.492264	0.482078	
-0.253327	-0.270777	-0.285591	-0.294268	-0.29997	-0.300714	-0.296602	-0.289469	-0.277382	-0.260762	-0.239061	-0.202279	-0.157556	-0.104615	-0.0339559	0.0638885	0.180913	0.301229	0.407429	0.491457	0.549645	0.574611	0.567392	0.545868	0.527635	
-0.131137	-0.178986	-0.223917	-0.259607	-0.279102	-0.282213	-0.269775	-0.239372	-0.197765	-0.150482	-0.101152	-0.0470529	0.0186596	0.0938331	0.17424	0.267663	0.36128	0.445784	0.520091	0.578351	0.610942	0.621468	0.604559	0.572941	0.54471	
-0.058714	-0.13186	-0.202095	-0.257987	-0.283599	-0.285028	-0.272674	-0.227402	-0.161156	-0.0877821	-0.0130594	0.0693982	0.161769	0.262209	0.354846	0.439008	0.507393	0.56164	0.60005	0.624518	0.627128	0.613504	0.591038	0.558084	0.526674	
-0.0250225	-0.127849	-0.219631	-0.283084	-0.311783	-0.315439	-0.298578	-0.249273	-0.167024	-0.0661176	0.0348736	0.142176	0.263691	0.386243	0.486356	0.554698	0.595636	0.622742	0.627279	0.621382	0.600882	0.569124	0.539025	0.507946	0.471332	
-0.00818401	-0.129976	-0.241805	-0.318401	-0.349349	-0.351711	-0.336207	-0.277678	-0.177856	-0.0562822	0.0655694	0.194346	0.334294	0.465511	0.561554	0.616123	0.631856	0.630862	0.612172	0.581067	0.542852	0.502295	0.461462	0.428309	0.40105	
0.00244048	-0.134156	-0.253367	-0.337614	-0.370181	-0.37301	-0.357268	-0.291668	-0.18501	-0.0533529	0.0855596	0.221527	0.369111	0.504525	0.591466	0.630723	0.626667	0.601169	0.562205	0.508069	0.457637	0.417405	0.377723	0.347532	0.33327	
0.00108875	-0.137332	-0.253466	-0.33556	-0.36722	-0.369323	-0.354705	-0.290904	-0.187647	-0.0552191	0.0860102	0.221419	0.365913	0.491417	0.564693	0.599223	0.585114	0.540663	0.483191	0.419291	0.365411	0.329311	0.297842	0.273532	0.267874	
0.00301562	-0.124539	-0.23311	-0.310708	-0.343956	-0.347248	-0.329041	-0.268872	-0.170329	-0.0491314	0.0799454	0.203619	0.327986	0.432995	0.500867	0.526201	0.511618	0.464385	0.397295	0.333288	0.287897	0.250919	0.226585	0.209772	0.212548	
0.0104693	-0.102252	-0.199517	-0.269059	-0.302398	-0.307433	-0.28622	-0.231791	-0.143298	-0.0352633	0.0776599	0.182933	0.274384	0.349086	0.402853	0.425155	0.416641	0.376515	0.312702	0.253317	0.211749	0.179854	0.15981	0.147889	0.161025	
0.0288614	-0.0629661	-0.147602	-0.210873	-0.245281	-0.250757	-0.228449	-0.175775	-0.0989187	-0.00814434	0.0832355	0.160462	0.218095	0.263012	0.297482	0.315918	0.310757	0.276011	0.223866	0.171733	0.134598	0.108444	0.0882782	0.0852983	0.110948	
0.0557393	-0.0150938	-0.0804408	-0.128872	-0.159661	-0.164784	-0.143676	-0.102093	-0.0428421	0.0278674	0.0944588	0.145549	0.171625	0.181106	0.192977	0.203119	0.19277	0.16826	0.13739	0.0988688	0.0640947	0.0377531	0.0244437	0.0359106	0.0728324	
0.0910681	0.0490185	0.011471	-0.0144214	-0.0391628	-0.0449195	-0.0248124	0.000306742	0.0323681	0.0752347	0.107578	0.123492	0.120413	0.10423	0.0935927	0.0894871	0.0776257	0.0657335	0.0517865	0.0333074	0.0109772	-0.0105923	-0.0140687	0.00902087	0.0584272	
0.115706	0.119519	0.125694	0.122934	0.119876	0.118871	0.121816	0.125113	0.123078	0.116883	0.11209	0.0938462	0.05778	0.0230102	-0.00401282	-0.0243463	-0.0346853	-0.0349325	-0.0292504	-0.0184653	-0.026006	-0.0356388	-0.0241185	0.00932603	0.0690986	
0.139329	0.195076	0.245865	0.275536	0.292488	0.295895	0.283582	0.260625	0.217218	0.160839	0.109378	0.0552597	-0.0052081	-0.0579219	-0.0982398	-0.130398	-0.142172	-0.128599	-0.0982169	-0.0657917	-0.0491115	-0.0400671	-0.0146967	0.0295212	0.0942835	
0.171654	0.268541	0.357221	0.422199	0.452914	0.457659	0.437421	0.38712	0.30478	0.211222	0.115392	0.0272585	-0.0520232	-0.122277	-0.177869	-0.215435	-0.231489	-0.210628	-0.164851	-0.113137	-0.0712194	-0.0340031	0.00631299	0.0588229	0.125293	
0.210779	0.340559	0.455037	0.538153	0.577933	0.584497	0.558919	0.493581	0.388602	0.263231	0.133359	0.0182816	-0.0781944	-0.162156	-0.228081	-0.271814	-0.290134	-0.273591	-0.229374	-0.168971	-0.107609	-0.0489633	0.014865	0.0904721	0.169166	
0.25137	0.397169	0.532291	0.624543	0.675913	0.683134	0.650498	0.574043	0.455773	0.308556	0.166888	0.0369401	-0.0724982	-0.16777	-0.241611	-0.295471	-0.320443	-0.31335	-0.276497	-0.222759	-0.149418	-0.0685441	0.0223983	0.119027	0.216823	
0.300844	0.452208	0.58956	0.683358	0.73415	0.742621	0.709082	0.632682	0.510685	0.361535	0.21216	0.0711503	-0.0464292	-0.149489	-0.232961	-0.28702	-0.318192	-0.327244	-0.304152	-0.256255	-0.175897	-0.0781773	0.0282216	0.137848	0.254568	
0.351186	0.495033	0.620741	0.708056	0.756131	0.76398	0.731653	0.661346	0.548779	0.40925	0.264848	0.12313	-0.00613824	-0.118036	-0.205836	-0.261683	-0.293988	-0.309194	-0.298093	-0.252077	-0.176325	-0.0755743	0.0407141	0.155003	0.270331	
0.392511	0.515777	0.623185	0.701977	0.744104	0.750837	0.723324	0.658629	0.561188	0.442977	0.313821	0.180561	0.0481561	-0.0683137	-0.157228	-0.216187	-0.249815	-0.26573	-0.259438	-0.219736	-0.147944	-0.0547676	0.0502248	0.155249	0.264523	
0.420712	0.519555	0.601087	0.663654	0.698118	0.703897	0.681142	0.628331	0.554489	0.462611	0.354186	0.236921	0.108863	-0.00270745	-0.0820503	-0.139609	-0.175681	-0.195118	-0.198518	-0.169398	-0.10568	-0.0236098	0.0644641	0.149404	0.240772	
0.442335	0.507807	0.557059	0.604344	0.628807	0.631339	0.618301	0.576901	0.528587	0.471066	0.392559	0.299984	0.192954	0.0914745	0.0219805	-0.034158	-0.0765685	-0.106055	-0.116921	-0.0972728	-0.0517692	0.0122186	0.0868908	0.152393	0.211463	
0.457736	0.481668	0.501802	0.527375	0.542242	0.541822	0.535946	0.510788	0.490223	0.468614	0.432203	0.372822	0.293893	0.212652	0.150951	0.0910548	0.0392145	0.00186017	-0.0196203	-0.0152636	0.0138439	0.0614891	0.108633	0.147485	0.174458	
0.457866	0.447808	0.438337	0.432916	0.430883	0.431105	0.432188	0.435264	0.443579	0.455286	0.454869	0.427593	0.378368	0.327471	0.279585	0.229662	0.174245	0.126994	0.09335	0.0791645	0.0831627	0.100752	0.112011	0.117132	0.116941	
0.431191	0.397581	0.36881	0.346456	0.337443	0.336626	0.34003	0.35991	0.384801	0.41766	0.449988	0.460402	0.449616	0.430514	0.40438	0.369861	0.321033	0.270309	0.226969	0.187026	0.151698	0.124292	0.102548	0.0701955	0.0387201	
0.397581	0.346845	0.312008	0.28137	0.263801	0.259965	0.272547	0.299322	0.331445	0.375369	0.430408	0.468158	0.499244	0.516237	0.519456	0.50561	0.472088	0.418825	0.365301	0.297567	0.225325	0.148582	0.0774605	0.00796616	-0.0444888	
0.36881	0.312008	0.270732	0.230085	0.203444	0.198657	0.217025	0.253977	0.294839	0.34365	0.410443	0.476907	0.536861	0.5851	0.617272	0.624895	0.605891	0.557849	0.488784	0.39753	0.29243	0.173583	0.0555814	-0.0473032	-0.12214	
0.346456	0.28137	0.230085	0.187897	0.153297	0.146037	0.172354	0.212705	0.25913	0.318039	0.395888	0.490697	0.575862	0.641994	0.690118	0.70985	0.69672	0.651464	0.575985	0.472723	0.336651	0.182418	0.0382832	-0.0868829	-0.181676	
0.337443	0.263801	0.203444	0.153297	0.109654	0.0984631	0.134928	0.181802	0.23895	0.305482	0.390724	0.498717	0.597197	0.671942	0.729787	0.754777	0.747685	0.704322	0.620698	0.507214	0.359794	0.188799	0.0207609	-0.115894	-0.215043	
0.336626	0.259965	0.198657	0.146037	0.0984631	0.0871407	0.127159	0.17562	0.235038	0.303555	0.390255	0.498381	0.598707	0.676304	0.736657	0.762353	0.755863	0.711937	0.62746	0.512741	0.364069	0.190582	0.0161682	-0.121667	-0.220469	
0.34003	0.272547	0.217025	0.172354	0.134928	0.127159	0.155128	0.198535	0.248863	0.310769	0.392091	0.496406	0.587644	0.658247	0.709682	0.732481	0.721707	0.678419	0.598874	0.490763	0.347402	0.185445	0.0307456	-0.0997706	-0.198289	
0.35991	0.299322	0.253977	0.212705	0.181802	0.17562	0.198535	0.237335	0.279842	0.333233	0.404533	0.480825	0.552183	0.609755	0.649428	0.663994	0.648505	0.600045	0.528666	0.431988	0.313176	0.1787	0.04845	-0.0653549	-0.148626	
0.384801	0.331445	0.294839	0.25913	0.23895	0.235038	0.248863	0.279842	0.316052	0.361093	0.421614	0.472056	0.515592	0.545604	0.561098	0.556187	0.529018	0.478942	0.418084	0.33862	0.253864	0.160504	0.0679391	-0.015636	-0.0770192	
0.41766	0.375369	0.34365	0.318039	0.305482	0.303555	0.310769	0.333233	0.361093	0.399935	0.443189	0.46474	0.471631	0.467046	0.452238	0.425163	0.381646	0.328531	0.282105	0.232044	0.180967	0.132759	0.0932041	0.0459502	0.00523102	
0.449988	0.430408	0.410443	0.395888	0.390724	0.390255	0.392091	0.404533	0.421614	0.443189	0.45624	0.443987	0.409164	0.370078	0.329671	0.285794	0.23298	0.18386	0.145136	0.120584	0.110354	0.111384	0.110879	0.100214	0.0873781	
0.460402	0.468158	0.476907	0.490697	0.498717	0.498381	0.496406	0.480825	0.472056	0.46474	0.443987	0.397099	0.329974	0.259982	0.203743	0.145663	0.0898673	0.0485328	0.0228282	0.0205492	0.0418434	0.079113	0.111936	0.138272	0.153746	
0.449616	0.499244	0.536861	0.575862	0.597197	0.598707	0.587644	0.552183	0.515592	0.471631	0.409164	0.329974	0.233295	0.138679	0.071558	0.0138536	-0.0315885	-0.0641003	-0.0793926	-0.065292	-0.0264923	0.031236	0.0962487	0.152967	0.198675	
0.430514	0.516237	0.5851	0.641994	0.671942	0.676304	0.658247	0.609755	0.545604	0.467046	0.370078	0.259982	0.138679	0.0309367	-0.044101	-0.10053	-0.137941	-0.162718	-0.167959	-0.142124	-0.0859587	-0.010257	0.0730285	0.149759	0.229419	
0.40438	0.519456	0.617272	0.690118	0.729787	0.736657	0.709682	0.649428	0.561098	0.452238	0.329671	0.203743	0.071558	-0.044101	-0.130122	-0.189497	-0.224825	-0.239877	-0.237464	-0.20219	-0.132335	-0.0432137	0.0545469	0.152145	0.256326	
0.369861	0.50561	0.624895	0.70985	0.754777	0.762353	0.732481	0.663994	0.556187	0.425163	0.285794	0.145663	0.0138536	-0.10053	-0.189497	-0.245991	-0.279161	-0.29484	-0.286225	-0.241443	-0.167397	-0.069325	0.0443693	0.157671	0.270497	
0.321033	0.472088	0.605891	0.69672	0.747685	0.755863	0.721707	0.648505	0.529018	0.381646	0.23298	0.0898673	-0.0315885	-0.137941	-0.224825	-0.279161	-0.310712	-0.323383	-0.305169	-0.259459	-0.180321	-0.0789824	0.0327966	0.146247	0.264038	
0.270309	0.418825	0.557849	0.651464	0.704322	0.711937	0.678419	0.600045	0.478942	0.328531	0.18386	0.0485328	-0.0641003	-0.162718	-0.239877	-0.29484	-0.323383	-0.323468	-0.290929	-0.239559	-0.162453	-0.07356	0.0246713	0.12654	0.23319	
0.226969	0.365301	0.488784	0.575985	0.620698	0.62746	0.598874	0.528666	0.418084	0.282105	0.145136	0.0228282	-0.0793926	-0.167959	-0.237464	-0.286225	-0.305169	-0.290929	-0.24982	-0.191933	-0.124663	-0.0576977	0.0180049	0.103003	0.189609	
0.187026	0.297567	0.39753	0.472723	0.507214	0.512741	0.490763	0.431988	0.33862	0.232044	0.120584	0.0205492	-0.065292	-0.142124	-0.20219	-0.241443	-0.259459	-0.239559	-0.191933	-0.134882	-0.0846082	-0.0373786	0.0109057	0.0715611	0.140662	
0.151698	0.225325	0.29243	0.336651	0.359794	0.364069	0.347402	0.313176	0.253864	0.180967	0.110354	0.0418434	-0.0264923	-0.0859587	-0.132335	-0.167397	-0.180321	-0.162453	-0.124663	-0.0846082	-0.0563902	-0.0366787	-0.00592887	0.0405345	0.105598	
0.124292	0.148582	0.173583	0.182418	0.188799	0.190582	0.185445	0.1787	0.160504	0.132759	0.111384	0.079113	0.031236	-0.010257	-0.0432137	-0.069325	-0.0789824	-0.07356	-0.0576977	-0.0373786	-0.0366787	-0.0399332	-0.0226736	0.0156493	0.0784731	
0.102548	0.0774605	0.0555814	0.0382832	0.0207609	0.0161682	0.0307456	0.04845	0.0679391	0.0932041	0.110879	0.111936	0.0962487	0.0730285	0.0545469	0.0443693	0.0327966	0.0246713	0.0180049	0.0109057	-0.00592887	-0.0226736	-0.0214899	0.00623404	0.0599598	
0.0701955	0.00796616	-0.0473032	-0.0868829	-0.115894	-0.121667	-0.0997706	-0.0653549	-0.015636	0.0459502	0.100214	0.138272	0.152967	0.149759	0.152145	0.157671	0.146247	0.12654	0.103003	0.0715611	0.0405345	0.0156493	0.00623404	0.0218992	0.0632181	
0.0387201	-0.0444888	-0.12214	-0.181676	-0.215043	-0.220469	-0.198289	-0.148626	-0.0770192	0.00523102	0.0873781	0.153746	0.198675	0.229419	0.256326	0.270497	0.264038	0.23319	0.189609	0.140662	0.105598	0.0784731	0.0599598	0.0632181	0.0946389	
