0.454639	0.458826	0.439722	0.39311	0.307833	0.190379	0.0335808	-0.157015	-0.376695	-0.608211	-0.809947	-0.946839	-1.00406	-0.976868	-0.867534	-0.697729	-0.502291	-0.305311	-0.143333	-0.0246177	0.0605414	0.105585	0.12095	0.131335	0.142637	
0.458826	0.418438	0.36236	0.289999	0.179832	0.0294403	-0.141915	-0.326351	-0.535513	-0.751918	-0.929588	-1.04458	-1.08055	-1.03929	-0.916088	-0.723836	-0.504369	-0.286944	-0.106068	0.0239646	0.098973	0.130003	0.128588	0.112287	0.102066	
0.439722	0.36236	0.284466	0.188062	0.0535627	-0.115541	-0.287915	-0.463479	-0.651502	-0.839374	-0.994261	-1.09095	-1.1127	-1.0605	-0.935001	-0.739391	-0.507277	-0.273134	-0.0767096	0.0576594	0.129165	0.142573	0.116463	0.0777844	0.0419403	
0.39311	0.289999	0.188062	0.0741447	-0.0729678	-0.241432	-0.404963	-0.565008	-0.72398	-0.87584	-1.0044	-1.08679	-1.0993	-1.04492	-0.923569	-0.735724	-0.504317	-0.270151	-0.0698611	0.0618491	0.131761	0.137376	0.0935543	0.0339389	-0.0213848	
0.307833	0.179832	0.0535627	-0.0729678	-0.209974	-0.352034	-0.493338	-0.629452	-0.760134	-0.875566	-0.977717	-1.04754	-1.0547	-1.00102	-0.888728	-0.715207	-0.496848	-0.278385	-0.0961524	0.0274899	0.0943823	0.0954456	0.0447832	-0.0238902	-0.0956361	
0.190379	0.0294403	-0.115541	-0.241432	-0.352034	-0.459313	-0.571112	-0.677434	-0.772038	-0.856835	-0.935354	-0.984627	-0.990005	-0.944624	-0.840025	-0.674048	-0.474812	-0.283161	-0.129427	-0.0214945	0.0273846	0.0193128	-0.0313847	-0.0999824	-0.180797	
0.0335808	-0.141915	-0.287915	-0.404963	-0.493338	-0.571112	-0.645481	-0.719961	-0.781426	-0.833674	-0.874967	-0.894674	-0.898698	-0.863376	-0.769388	-0.620359	-0.446663	-0.282511	-0.150739	-0.0680518	-0.0436485	-0.0642981	-0.116034	-0.182003	-0.259849	
-0.157015	-0.326351	-0.463479	-0.565008	-0.629452	-0.677434	-0.719961	-0.75464	-0.775208	-0.788842	-0.79584	-0.796449	-0.793368	-0.760937	-0.680581	-0.554529	-0.411847	-0.282879	-0.180155	-0.125384	-0.115505	-0.140472	-0.18752	-0.247288	-0.319244	
-0.376695	-0.535513	-0.651502	-0.72398	-0.760134	-0.772038	-0.781426	-0.775208	-0.751327	-0.726977	-0.707907	-0.69563	-0.684528	-0.652693	-0.586559	-0.486035	-0.370831	-0.271072	-0.200497	-0.167225	-0.162558	-0.180751	-0.218613	-0.274701	-0.339697	
-0.608211	-0.751918	-0.839374	-0.87584	-0.875566	-0.856835	-0.833674	-0.788842	-0.726977	-0.669188	-0.630673	-0.608721	-0.587782	-0.559629	-0.505893	-0.421657	-0.321729	-0.238751	-0.192959	-0.16888	-0.162468	-0.168773	-0.196531	-0.247182	-0.310929	
-0.809947	-0.929588	-0.994261	-1.0044	-0.977717	-0.935354	-0.874967	-0.79584	-0.707907	-0.630673	-0.576294	-0.5395	-0.512413	-0.484815	-0.435209	-0.364058	-0.280597	-0.206577	-0.161833	-0.137733	-0.12286	-0.117387	-0.132864	-0.172759	-0.234694	
-0.946839	-1.04458	-1.09095	-1.08679	-1.04754	-0.984627	-0.894674	-0.796449	-0.69563	-0.608721	-0.5395	-0.494117	-0.462244	-0.425623	-0.376735	-0.317892	-0.248243	-0.175937	-0.127863	-0.0962193	-0.0688323	-0.0521591	-0.0428648	-0.0626292	-0.114651	
-1.00406	-1.08055	-1.1127	-1.0993	-1.0547	-0.990005	-0.898698	-0.793368	-0.684528	-0.587782	-0.512413	-0.462244	-0.426868	-0.382716	-0.339816	-0.288176	-0.22228	-0.150053	-0.0942041	-0.0482493	-0.00705246	0.0294813	0.0612169	0.0585458	0.0246108	
-0.976868	-1.03929	-1.0605	-1.04492	-1.00102	-0.944624	-0.863376	-0.760937	-0.652693	-0.559629	-0.484815	-0.425623	-0.382716	-0.349086	-0.314488	-0.272091	-0.207501	-0.133741	-0.0690052	-0.00654236	0.0558858	0.115302	0.157587	0.165114	0.147145	
-0.867534	-0.916088	-0.935001	-0.923569	-0.888728	-0.840025	-0.769388	-0.680581	-0.586559	-0.505893	-0.435209	-0.376735	-0.339816	-0.314488	-0.296812	-0.262676	-0.200743	-0.13052	-0.0566102	0.0211757	0.0961127	0.161213	0.208254	0.224444	0.219146	
-0.697729	-0.723836	-0.739391	-0.735724	-0.715207	-0.674048	-0.620359	-0.554529	-0.486035	-0.421657	-0.364058	-0.317892	-0.288176	-0.272091	-0.262676	-0.241824	-0.197461	-0.135684	-0.055839	0.0301055	0.0978587	0.157534	0.205744	0.229247	0.237131	
-0.502291	-0.504369	-0.507277	-0.504317	-0.496848	-0.474812	-0.446663	-0.411847	-0.370831	-0.321729	-0.280597	-0.248243	-0.22228	-0.207501	-0.200743	-0.197461	-0.183465	-0.140603	-0.0703579	0.00463224	0.0614768	0.113224	0.159228	0.188825	0.201682	
-0.305311	-0.286944	-0.273134	-0.270151	-0.278385	-0.283161	-0.282511	-0.282879	-0.271072	-0.238751	-0.206577	-0.175937	-0.150053	-0.133741	-0.13052	-0.135684	-0.140603	-0.125213	-0.0895978	-0.047664	-0.0102391	0.028377	0.0712494	0.107062	0.121453	
-0.143333	-0.106068	-0.0767096	-0.0698611	-0.0961524	-0.129427	-0.150739	-0.180155	-0.200497	-0.192959	-0.161833	-0.127863	-0.0942041	-0.0690052	-0.0566102	-0.055839	-0.0703579	-0.0895978	-0.104344	-0.107197	-0.0951848	-0.0719808	-0.0297215	0.00839758	0.0262809	
-0.0246177	0.0239646	0.0576594	0.0618491	0.0274899	-0.0214945	-0.0680518	-0.125384	-0.167225	-0.16888	-0.137733	-0.0962193	-0.0482493	-0.00654236	0.0211757	0.0301055	0.00463224	-0.047664	-0.107197	-0.1526	-0.166381	-0.155915	-0.119217	-0.0777462	-0.0560979	
0.0605414	0.098973	0.129165	0.131761	0.0943823	0.0273846	-0.0436485	-0.115505	-0.162558	-0.162468	-0.12286	-0.0688323	-0.00705246	0.0558858	0.0961127	0.0978587	0.0614768	-0.0102391	-0.0951848	-0.166381	-0.20197	-0.202415	-0.174114	-0.134287	-0.11144	
0.105585	0.130003	0.142573	0.137376	0.0954456	0.0193128	-0.0642981	-0.140472	-0.180751	-0.168773	-0.117387	-0.0521591	0.0294813	0.115302	0.161213	0.157534	0.113224	0.028377	-0.0719808	-0.155915	-0.202415	-0.205416	-0.182169	-0.154783	-0.140466	
0.12095	0.128588	0.116463	0.0935543	0.0447832	-0.0313847	-0.116034	-0.18752	-0.218613	-0.196531	-0.132864	-0.0428648	0.0612169	0.157587	0.208254	0.205744	0.159228	0.0712494	-0.0297215	-0.119217	-0.174114	-0.182169	-0.171268	-0.161193	-0.157249	
0.131335	0.112287	0.0777844	0.0339389	-0.0238902	-0.0999824	-0.182003	-0.247288	-0.274701	-0.247182	-0.172759	-0.0626292	0.0585458	0.165114	0.224444	0.229247	0.188825	0.107062	0.00839758	-0.0777462	-0.134287	-0.154783	-0.161193	-0.16438	-0.167708	
0.142637	0.102066	0.0419403	-0.0213848	-0.0956361	-0.180797	-0.259849	-0.319244	-0.339697	-0.310929	-0.234694	-0.114651	0.0246108	0.147145	0.219146	0.237131	0.201682	0.121453	0.0262809	-0.0560979	-0.11144	-0.140466	-0.157249	-0.167708	-0.160862	
0.16886	0.1058	0.0236653	-0.0634491	-0.156984	-0.255156	-0.342562	-0.402882	-0.419973	-0.396016	-0.32397	-0.199786	-0.0453311	0.0882499	0.177786	0.211031	0.185	0.116101	0.0265573	-0.0536145	-0.106666	-0.139377	-0.15539	-0.158299	-0.134093	
0.214155	0.132986	0.0276303	-0.087175	-0.209038	-0.32903	-0.43027	-0.497263	-0.51586	-0.492286	-0.422523	-0.299519	-0.139585	0.00868359	0.113257	0.161539	0.151287	0.0966127	0.0147529	-0.0635515	-0.114089	-0.141204	-0.146746	-0.136029	-0.0962174	
0.272063	0.177491	0.0525397	-0.0945334	-0.247769	-0.393913	-0.513896	-0.587871	-0.613184	-0.592148	-0.520527	-0.39695	-0.239483	-0.0835104	0.0355804	0.0987483	0.106739	0.0692292	-0.00394048	-0.07564	-0.120761	-0.138055	-0.130806	-0.107711	-0.0588309	
0.333663	0.23652	0.0906038	-0.087212	-0.274032	-0.44498	-0.580064	-0.664404	-0.694451	-0.672074	-0.597045	-0.475422	-0.323881	-0.172195	-0.0461982	0.0359556	0.0676307	0.0462978	-0.0162901	-0.0798446	-0.120023	-0.131178	-0.119705	-0.0906607	-0.0252971	
0.375856	0.277142	0.123143	-0.0778646	-0.289573	-0.477575	-0.621456	-0.707791	-0.743669	-0.721515	-0.642322	-0.516788	-0.375443	-0.228355	-0.0988116	-0.00398566	0.0444602	0.0312836	-0.028609	-0.0856974	-0.116961	-0.122089	-0.112575	-0.0795784	-0.00438516	
0.383871	0.283081	0.128938	-0.0750266	-0.290705	-0.48418	-0.630234	-0.714567	-0.75172	-0.729974	-0.64951	-0.52458	-0.385216	-0.237915	-0.106944	-0.0109574	0.0406815	0.0283265	-0.032346	-0.0868148	-0.115176	-0.119801	-0.111231	-0.0776308	-0.000436995	
0.354076	0.257295	0.10645	-0.0836595	-0.282326	-0.459941	-0.599364	-0.68635	-0.719502	-0.696133	-0.6188	-0.496213	-0.349126	-0.20043	-0.0726567	0.016714	0.0561463	0.0395128	-0.020737	-0.0818162	-0.118421	-0.12756	-0.116538	-0.0855575	-0.0145875	
0.297265	0.200157	0.0660144	-0.0927333	-0.258881	-0.416245	-0.543277	-0.6216	-0.648177	-0.627039	-0.55452	-0.431878	-0.276064	-0.120849	0.00240149	0.0727027	0.0895754	0.0581894	-0.00983022	-0.0781959	-0.121457	-0.1358	-0.125612	-0.0994343	-0.0450534	
0.236346	0.14867	0.0360782	-0.0924566	-0.226674	-0.356401	-0.464653	-0.534512	-0.556052	-0.532773	-0.462108	-0.339669	-0.1802	-0.0276143	0.083277	0.137256	0.13416	0.0867207	0.0072404	-0.068988	-0.117241	-0.140837	-0.14092	-0.124081	-0.0811704	
0.18497	0.11448	0.0221811	-0.074865	-0.178878	-0.284945	-0.377476	-0.439728	-0.456997	-0.433831	-0.363299	-0.238528	-0.0812067	0.0583514	0.153548	0.193733	0.17322	0.109808	0.0238135	-0.0558087	-0.108924	-0.140013	-0.152896	-0.151438	-0.118939	
0.150188	0.100997	0.0324184	-0.0405754	-0.122008	-0.211383	-0.292457	-0.351595	-0.369702	-0.342455	-0.267504	-0.14547	0.000258824	0.127421	0.206895	0.230853	0.198128	0.120831	0.026671	-0.0533416	-0.107508	-0.1391	-0.156989	-0.165452	-0.152894	
0.135665	0.107278	0.0616548	0.0110844	-0.0531977	-0.132121	-0.211487	-0.27471	-0.299398	-0.2707	-0.194408	-0.0786464	0.049404	0.162543	0.225873	0.235049	0.196793	0.115224	0.0190454	-0.0656719	-0.122959	-0.14722	-0.159188	-0.166849	-0.166875	
0.12546	0.122147	0.101952	0.0696617	0.0189932	-0.0563179	-0.141546	-0.210178	-0.239868	-0.215005	-0.146329	-0.0473476	0.0635491	0.163585	0.217712	0.217054	0.172694	0.0877112	-0.0128629	-0.10148	-0.157503	-0.170542	-0.165998	-0.161726	-0.162786	
0.113394	0.133052	0.134913	0.12387	0.0788261	0.00188774	-0.0821868	-0.157361	-0.193239	-0.176482	-0.120471	-0.046494	0.0455052	0.136618	0.18389	0.179963	0.133512	0.0455674	-0.0561007	-0.143865	-0.194657	-0.198355	-0.178504	-0.158636	-0.147816	
0.083767	0.115483	0.140777	0.141745	0.10294	0.030987	-0.0470614	-0.122053	-0.16756	-0.163512	-0.119104	-0.0611869	0.00696648	0.0792533	0.122714	0.121601	0.0816242	0.0045736	-0.0877373	-0.165408	-0.205512	-0.208061	-0.182355	-0.145666	-0.12595	
0.0131315	0.0600349	0.0935699	0.0974469	0.0616632	0.00464018	-0.0523153	-0.116206	-0.162037	-0.164177	-0.130749	-0.0849208	-0.0304615	0.0193659	0.052867	0.0601106	0.0302137	-0.0317032	-0.104069	-0.161649	-0.185367	-0.180327	-0.146942	-0.104744	-0.081305	
-0.0910277	-0.0469646	-0.0150871	-0.00898882	-0.039568	-0.0792573	-0.110736	-0.152066	-0.183248	-0.181465	-0.15105	-0.114006	-0.0758777	-0.0448939	-0.0266609	-0.0206684	-0.0399476	-0.0727358	-0.10683	-0.128434	-0.127189	-0.108675	-0.0678067	-0.0283825	-0.00939033	
-0.235643	-0.209181	-0.188356	-0.182959	-0.199485	-0.216992	-0.225264	-0.237983	-0.238593	-0.215891	-0.184781	-0.153654	-0.12525	-0.105914	-0.101037	-0.106095	-0.114772	-0.112916	-0.0966849	-0.0716335	-0.0440885	-0.0123599	0.0302197	0.0680149	0.0829917	
-0.421422	-0.414945	-0.411636	-0.409481	-0.407295	-0.394393	-0.37755	-0.357996	-0.328618	-0.285394	-0.248187	-0.217865	-0.193038	-0.178436	-0.172561	-0.1744	-0.170157	-0.137757	-0.0781197	-0.014583	0.0358599	0.0836557	0.128599	0.159995	0.173883	
-0.620663	-0.637653	-0.648496	-0.645987	-0.630567	-0.596271	-0.552485	-0.497035	-0.439172	-0.381848	-0.33153	-0.291377	-0.263951	-0.248382	-0.240484	-0.226937	-0.194118	-0.138761	-0.0598035	0.0251116	0.0886845	0.144602	0.191784	0.218122	0.2292	
-0.805522	-0.844991	-0.863637	-0.856063	-0.826945	-0.780134	-0.714283	-0.634743	-0.550355	-0.475476	-0.40884	-0.354038	-0.320026	-0.29978	-0.286917	-0.256409	-0.199744	-0.131989	-0.0547928	0.0273029	0.100827	0.16503	0.212942	0.232482	0.232932	
-0.941729	-1.00008	-1.02004	-1.00376	-0.962789	-0.910356	-0.834097	-0.734622	-0.630241	-0.542501	-0.468192	-0.407841	-0.365451	-0.334928	-0.307357	-0.268582	-0.20438	-0.131142	-0.0626615	0.00646741	0.0764808	0.139761	0.184513	0.195638	0.182972	
-1.00396	-1.07317	-1.09975	-1.08574	-1.04021	-0.978252	-0.890832	-0.785672	-0.675769	-0.577974	-0.502114	-0.448808	-0.410327	-0.369849	-0.328443	-0.280352	-0.214463	-0.141672	-0.0822338	-0.0297245	0.0192935	0.0657472	0.102782	0.104983	0.0778498	
-0.979475	-1.06936	-1.10984	-1.10058	-1.05812	-0.992754	-0.899059	-0.796596	-0.692252	-0.600551	-0.52762	-0.480884	-0.448023	-0.406239	-0.359993	-0.303745	-0.236881	-0.16539	-0.114314	-0.0780719	-0.0452872	-0.0214996	-0.0023191	-0.0144315	-0.0594718	
-0.873186	-0.984075	-1.04058	-1.0445	-1.01145	-0.959761	-0.885076	-0.796026	-0.702197	-0.621042	-0.560043	-0.518251	-0.488935	-0.459021	-0.409446	-0.344068	-0.267305	-0.193751	-0.148525	-0.121737	-0.101867	-0.0924569	-0.099618	-0.131904	-0.191644	
