0.917001	0.826556	0.66046	0.459859	0.259437	0.0791382	-0.0739471	-0.207491	-0.312856	-0.396901	-0.471742	-0.511183	-0.520014	-0.49178	-0.431718	-0.368755	-0.333289	-0.333038	-0.35042	-0.365713	-0.370191	-0.383265	-0.419651	-0.4751	-0.535122	
0.826556	0.705869	0.518254	0.296923	0.0824455	-0.1006	-0.252036	-0.370831	-0.461559	-0.53159	-0.581481	-0.590526	-0.571964	-0.528646	-0.470412	-0.422094	-0.394929	-0.400594	-0.422501	-0.436017	-0.43051	-0.416035	-0.412503	-0.417343	-0.422592	
0.66046	0.518254	0.316338	0.0844944	-0.13664	-0.318005	-0.457307	-0.55781	-0.627089	-0.670361	-0.680986	-0.653516	-0.60317	-0.546588	-0.495205	-0.459711	-0.443781	-0.450257	-0.477897	-0.492571	-0.478472	-0.440443	-0.39025	-0.346152	-0.296587	
0.459859	0.296923	0.0844944	-0.146921	-0.363335	-0.531274	-0.650735	-0.726005	-0.768582	-0.779807	-0.754038	-0.699281	-0.628856	-0.565781	-0.524206	-0.497673	-0.489907	-0.498777	-0.527324	-0.545194	-0.523017	-0.460069	-0.366393	-0.274708	-0.175522	
0.259437	0.0824455	-0.13664	-0.363335	-0.558593	-0.708604	-0.806093	-0.854474	-0.863511	-0.841851	-0.787982	-0.714766	-0.641736	-0.586015	-0.55886	-0.547307	-0.549871	-0.560679	-0.582251	-0.593873	-0.555017	-0.461913	-0.334003	-0.199884	-0.0655889	
0.0791382	-0.1006	-0.318005	-0.531274	-0.708604	-0.846638	-0.918786	-0.931001	-0.906227	-0.850104	-0.776821	-0.700392	-0.634409	-0.594	-0.581498	-0.586002	-0.598226	-0.61008	-0.623622	-0.62136	-0.566234	-0.450844	-0.300866	-0.140879	0.0140526	
-0.0739471	-0.252036	-0.457307	-0.650735	-0.806093	-0.918786	-0.960568	-0.941604	-0.889456	-0.812208	-0.731355	-0.656431	-0.599107	-0.574149	-0.574685	-0.59591	-0.620244	-0.633842	-0.643014	-0.623621	-0.556364	-0.430689	-0.269115	-0.103481	0.0634765	
-0.207491	-0.370831	-0.55781	-0.726005	-0.854474	-0.931001	-0.941604	-0.89931	-0.825394	-0.738439	-0.655847	-0.586254	-0.540475	-0.533742	-0.552381	-0.585131	-0.618011	-0.63075	-0.627601	-0.594677	-0.518934	-0.392832	-0.240158	-0.0795115	0.0869287	
-0.312856	-0.461559	-0.627089	-0.768582	-0.863511	-0.906227	-0.889456	-0.825394	-0.737773	-0.649017	-0.567722	-0.506308	-0.482072	-0.49427	-0.528547	-0.568726	-0.598015	-0.600366	-0.584895	-0.538904	-0.456493	-0.341404	-0.202879	-0.0550701	0.102882	
-0.396901	-0.53159	-0.670361	-0.779807	-0.841851	-0.850104	-0.812208	-0.738439	-0.649017	-0.561992	-0.485173	-0.437597	-0.431937	-0.464072	-0.513527	-0.554884	-0.573521	-0.565829	-0.536135	-0.476793	-0.390595	-0.280636	-0.154392	-0.0200091	0.131922	
-0.471742	-0.581481	-0.680986	-0.754038	-0.787982	-0.776821	-0.731355	-0.655847	-0.567722	-0.485173	-0.415572	-0.388221	-0.404338	-0.455502	-0.516811	-0.550591	-0.554786	-0.532933	-0.488232	-0.420223	-0.326846	-0.219142	-0.102433	0.0258358	0.17095	
-0.511183	-0.590526	-0.653516	-0.699281	-0.714766	-0.700392	-0.656431	-0.586254	-0.506308	-0.437597	-0.388221	-0.382333	-0.418935	-0.481242	-0.537641	-0.555716	-0.538949	-0.496891	-0.437721	-0.360402	-0.257755	-0.148005	-0.0368939	0.0881036	0.224565	
-0.520014	-0.571964	-0.60317	-0.628856	-0.641736	-0.634409	-0.599107	-0.540475	-0.482072	-0.431937	-0.404338	-0.418935	-0.463453	-0.519862	-0.562417	-0.562224	-0.518955	-0.459736	-0.383545	-0.289868	-0.177993	-0.0607017	0.0490278	0.16702	0.288462	
-0.49178	-0.528646	-0.546588	-0.565781	-0.586015	-0.594	-0.574149	-0.533742	-0.49427	-0.464072	-0.455502	-0.481242	-0.519862	-0.563647	-0.581024	-0.554107	-0.488013	-0.401864	-0.30614	-0.198242	-0.0794936	0.0386498	0.139728	0.243175	0.343429	
-0.431718	-0.470412	-0.495205	-0.524206	-0.55886	-0.581498	-0.574685	-0.552381	-0.528547	-0.513527	-0.516811	-0.537641	-0.562417	-0.581024	-0.571835	-0.523828	-0.437512	-0.330281	-0.216129	-0.0956871	0.0256072	0.137136	0.227237	0.31038	0.38167	
-0.368755	-0.422094	-0.459711	-0.497673	-0.547307	-0.586002	-0.59591	-0.585131	-0.568726	-0.554884	-0.550591	-0.555716	-0.562224	-0.554107	-0.523828	-0.462917	-0.361994	-0.240607	-0.113465	0.0120698	0.125294	0.219048	0.291873	0.350575	0.390403	
-0.333289	-0.394929	-0.443781	-0.489907	-0.549871	-0.598226	-0.620244	-0.618011	-0.598015	-0.573521	-0.554786	-0.538949	-0.518955	-0.488013	-0.437512	-0.361994	-0.253553	-0.124492	0.00926714	0.126936	0.215722	0.281452	0.325271	0.354363	0.365598	
-0.333038	-0.400594	-0.450257	-0.498777	-0.560679	-0.61008	-0.633842	-0.63075	-0.600366	-0.565829	-0.532933	-0.496891	-0.459736	-0.401864	-0.330281	-0.240607	-0.124492	0.00871958	0.139215	0.239847	0.301188	0.326988	0.342862	0.343923	0.322967	
-0.35042	-0.422501	-0.477897	-0.527324	-0.582251	-0.623622	-0.643014	-0.627601	-0.584895	-0.536135	-0.488232	-0.437721	-0.383545	-0.30614	-0.216129	-0.113465	0.00926714	0.139215	0.263734	0.342719	0.368317	0.357749	0.339685	0.314388	0.268153	
-0.365713	-0.436017	-0.492571	-0.545194	-0.593873	-0.62136	-0.623621	-0.594677	-0.538904	-0.476793	-0.420223	-0.360402	-0.289868	-0.198242	-0.0956871	0.0120698	0.126936	0.239847	0.342719	0.394742	0.387041	0.347528	0.308398	0.268957	0.210543	
-0.370191	-0.43051	-0.478472	-0.523017	-0.555017	-0.566234	-0.556364	-0.518934	-0.456493	-0.390595	-0.326846	-0.257755	-0.177993	-0.0794936	0.0256072	0.125294	0.215722	0.301188	0.368317	0.387041	0.352498	0.288978	0.240057	0.199221	0.142727	
-0.383265	-0.416035	-0.440443	-0.460069	-0.461913	-0.450844	-0.430689	-0.392832	-0.341404	-0.280636	-0.219142	-0.148005	-0.0607017	0.0386498	0.137136	0.219048	0.281452	0.326988	0.357749	0.347528	0.288978	0.217306	0.162548	0.124556	0.0772062	
-0.419651	-0.412503	-0.39025	-0.366393	-0.334003	-0.300866	-0.269115	-0.240158	-0.202879	-0.154392	-0.102433	-0.0368939	0.0490278	0.139728	0.227237	0.291873	0.325271	0.342862	0.339685	0.308398	0.240057	0.162548	0.107106	0.0679876	0.0233133	
-0.4751	-0.417343	-0.346152	-0.274708	-0.199884	-0.140879	-0.103481	-0.0795115	-0.0550701	-0.0200091	0.0258358	0.0881036	0.16702	0.243175	0.31038	0.350575	0.354363	0.343923	0.314388	0.268957	0.199221	0.124556	0.0679876	0.0231669	-0.0220284	
-0.535122	-0.422592	-0.296587	-0.175522	-0.0655889	0.0140526	0.0634765	0.0869287	0.102882	0.131922	0.17095	0.224565	0.288462	0.343429	0.38167	0.390403	0.365598	0.322967	0.268153	0.210543	0.142727	0.0772062	0.0233133	-0.0220284	-0.0649813	
-0.592784	-0.430148	-0.252753	-0.0832661	0.0621723	0.167435	0.232258	0.260039	0.275119	0.296559	0.326677	0.364831	0.405412	0.427276	0.429558	0.40422	0.346207	0.277522	0.199044	0.131427	0.0711511	0.0166559	-0.0297785	-0.0729244	-0.106567	
-0.655581	-0.452575	-0.23423	-0.0190801	0.17242	0.315498	0.402503	0.444582	0.457882	0.463975	0.475512	0.48981	0.496151	0.483506	0.447977	0.388606	0.306349	0.214005	0.122719	0.0518373	0.00409004	-0.0324803	-0.0699823	-0.108982	-0.134663	
-0.733626	-0.500225	-0.237567	0.0292492	0.264317	0.44455	0.563193	0.618955	0.63014	0.621514	0.607817	0.588466	0.556092	0.507505	0.438969	0.355583	0.261852	0.159626	0.0653249	-0.00290961	-0.0372248	-0.0592874	-0.0917709	-0.129426	-0.153631	
-0.806359	-0.546693	-0.251781	0.0565771	0.337244	0.558871	0.700804	0.768774	0.775455	0.7453	0.706989	0.658949	0.596793	0.520025	0.427877	0.327925	0.224775	0.117481	0.0231448	-0.040559	-0.0626697	-0.0714601	-0.0993278	-0.139012	-0.162308	
-0.854129	-0.577633	-0.258085	0.0801356	0.388891	0.632255	0.788622	0.862279	0.864173	0.820757	0.765519	0.699541	0.6163	0.5244	0.419356	0.310456	0.205899	0.0960361	0.00278408	-0.0597151	-0.0757318	-0.0789631	-0.106369	-0.146295	-0.171152	
-0.864298	-0.584007	-0.257721	0.0868664	0.398284	0.644475	0.805444	0.878685	0.879034	0.834824	0.776443	0.705703	0.619796	0.524977	0.417245	0.307249	0.20303	0.0925243	-0.00079883	-0.0624074	-0.0785882	-0.0804471	-0.107801	-0.148168	-0.172532	
-0.828631	-0.560998	-0.25637	0.065983	0.361338	0.595202	0.743346	0.814625	0.819284	0.781673	0.735198	0.678872	0.606854	0.522462	0.424188	0.31943	0.214955	0.106382	0.0123847	-0.0503423	-0.0691392	-0.0744495	-0.101852	-0.141893	-0.165702	
-0.764877	-0.520458	-0.242939	0.0421803	0.295605	0.49243	0.621704	0.682587	0.693006	0.676358	0.651965	0.620751	0.57431	0.513012	0.434163	0.342868	0.245733	0.141564	0.0468364	-0.0193675	-0.0486877	-0.0651869	-0.0959682	-0.134566	-0.15816	
-0.685654	-0.46917	-0.233261	0.00273694	0.211062	0.369476	0.469614	0.516687	0.528828	0.529717	0.531377	0.532097	0.523851	0.496387	0.446524	0.376046	0.288311	0.189953	0.096146	0.0266882	-0.0164248	-0.0455299	-0.0803408	-0.118733	-0.14231	
-0.615756	-0.4359	-0.242705	-0.0544047	0.109027	0.228249	0.299538	0.332738	0.347987	0.363516	0.3876	0.418362	0.445608	0.453406	0.440873	0.400908	0.331862	0.253356	0.16817	0.097911	0.0426271	-0.00553902	-0.0488926	-0.089985	-0.120373	
-0.559114	-0.424974	-0.27592	-0.136025	-0.0131765	0.0755794	0.131396	0.155141	0.170077	0.197348	0.232746	0.280987	0.336882	0.37962	0.40396	0.39924	0.361532	0.307396	0.242066	0.180523	0.114565	0.0534863	0.0026835	-0.0427036	-0.081508	
-0.49905	-0.419821	-0.328247	-0.235774	-0.145566	-0.0779646	-0.037134	-0.0137525	0.00609522	0.0380298	0.0819246	0.141357	0.215789	0.284377	0.340725	0.369348	0.361871	0.338543	0.299293	0.248657	0.179673	0.108086	0.0514756	0.00610428	-0.0397282	
-0.440715	-0.413939	-0.371674	-0.32962	-0.280457	-0.237145	-0.203329	-0.176584	-0.144314	-0.102086	-0.0529868	0.0116322	0.0947751	0.180412	0.261231	0.317434	0.338826	0.345923	0.331436	0.293394	0.224458	0.146342	0.0903752	0.0492907	0.00415764	
-0.394552	-0.413036	-0.419861	-0.424195	-0.41255	-0.392705	-0.367647	-0.333207	-0.288234	-0.23149	-0.17351	-0.104586	-0.0163973	0.0806615	0.174743	0.250373	0.301138	0.333332	0.350182	0.330866	0.266577	0.192655	0.13775	0.099692	0.0548469	
-0.372846	-0.424482	-0.466314	-0.502177	-0.523656	-0.527	-0.51315	-0.474115	-0.413879	-0.349536	-0.284579	-0.213559	-0.130643	-0.031054	0.0723616	0.165857	0.244768	0.314832	0.36723	0.372849	0.328368	0.259373	0.207039	0.168231	0.11421	
-0.368313	-0.435659	-0.489474	-0.542187	-0.58537	-0.606345	-0.60299	-0.569698	-0.509747	-0.445248	-0.385559	-0.32179	-0.247298	-0.151809	-0.046945	0.0594188	0.165674	0.268819	0.358317	0.397624	0.378649	0.328633	0.285335	0.243806	0.185347	
-0.358131	-0.43082	-0.487412	-0.537183	-0.590354	-0.627197	-0.640354	-0.619459	-0.571503	-0.516077	-0.463761	-0.40963	-0.348239	-0.264829	-0.168709	-0.0625752	0.0596019	0.184215	0.302602	0.371962	0.382906	0.360197	0.331256	0.298355	0.245198	
-0.338935	-0.408057	-0.45996	-0.509036	-0.568601	-0.615655	-0.638382	-0.631777	-0.596067	-0.556945	-0.517896	-0.475012	-0.431641	-0.364941	-0.284881	-0.189798	-0.070765	0.0630075	0.191317	0.28378	0.33197	0.341885	0.344609	0.334561	0.301846	
-0.33003	-0.393714	-0.44304	-0.490489	-0.552277	-0.602415	-0.626853	-0.625207	-0.602291	-0.572834	-0.548268	-0.524583	-0.496419	-0.45491	-0.396358	-0.315092	-0.203712	-0.0729275	0.0606272	0.172218	0.250287	0.301314	0.334039	0.351609	0.350383	
-0.350261	-0.40806	-0.451046	-0.492689	-0.547745	-0.590958	-0.606401	-0.600329	-0.583227	-0.565599	-0.555979	-0.552669	-0.548397	-0.531289	-0.492498	-0.42652	-0.321876	-0.196607	-0.0662251	0.0578715	0.162304	0.246282	0.308036	0.354773	0.383169	
-0.404914	-0.449063	-0.478913	-0.512148	-0.552014	-0.581245	-0.581154	-0.563831	-0.544393	-0.532025	-0.534484	-0.549922	-0.568705	-0.575356	-0.55781	-0.503961	-0.411236	-0.29755	-0.177428	-0.0542698	0.0669358	0.172433	0.257454	0.331709	0.389781	
-0.470665	-0.505768	-0.524501	-0.546354	-0.572941	-0.586614	-0.572033	-0.539344	-0.506684	-0.483236	-0.481105	-0.507557	-0.540333	-0.57537	-0.581937	-0.544889	-0.469857	-0.374265	-0.270549	-0.157208	-0.0372977	0.0798082	0.175674	0.27125	0.361063	
-0.512752	-0.557529	-0.580484	-0.602174	-0.615897	-0.61375	-0.584793	-0.533125	-0.482112	-0.441093	-0.421933	-0.441642	-0.486113	-0.537948	-0.571261	-0.561661	-0.508484	-0.439275	-0.356161	-0.256002	-0.140805	-0.0219182	0.0855049	0.198253	0.312797	
-0.518667	-0.585939	-0.634794	-0.670984	-0.684987	-0.672876	-0.630592	-0.563839	-0.491873	-0.429343	-0.38948	-0.392828	-0.434172	-0.495512	-0.547901	-0.558741	-0.531265	-0.483165	-0.417342	-0.334608	-0.227806	-0.115382	-0.00514063	0.118454	0.249459	
-0.491747	-0.589682	-0.674265	-0.73547	-0.75963	-0.745695	-0.700375	-0.626757	-0.53972	-0.462141	-0.398994	-0.380059	-0.404893	-0.462942	-0.523759	-0.551809	-0.54891	-0.518184	-0.4684	-0.396518	-0.299811	-0.192245	-0.0785091	0.0477667	0.19094	
