-0.0889468	-0.344576	-0.571032	-0.739613	-0.84554	-0.864384	-0.790342	-0.646504	-0.440144	-0.19384	0.0719589	0.338962	0.577109	0.763594	0.878555	0.92782	0.914093	0.838843	0.712814	0.546908	0.364852	0.200585	0.0725192	-0.0118557	-0.0523182	
-0.052927	-0.289396	-0.496545	-0.651198	-0.742839	-0.758428	-0.696203	-0.564962	-0.377492	-0.148832	0.0948175	0.33199	0.538792	0.694482	0.79122	0.833638	0.818741	0.751037	0.635639	0.477618	0.298221	0.139074	0.0174837	-0.0534006	-0.072128	
-0.00459013	-0.220121	-0.412766	-0.557694	-0.639541	-0.653885	-0.598301	-0.47769	-0.301428	-0.0915973	0.124871	0.327993	0.498088	0.62386	0.702761	0.731369	0.713311	0.648931	0.538385	0.382459	0.209465	0.0608939	-0.0465978	-0.101689	-0.102442	
0.0461817	-0.14226	-0.313816	-0.447756	-0.522041	-0.534552	-0.485043	-0.372993	-0.213941	-0.0293583	0.155073	0.317807	0.451174	0.551781	0.6172	0.637295	0.609036	0.538916	0.42743	0.274466	0.109898	-0.0316421	-0.125501	-0.162365	-0.152989	
0.0949991	-0.0581785	-0.198199	-0.313798	-0.379507	-0.390433	-0.346712	-0.24894	-0.116248	0.0339181	0.179394	0.30418	0.407027	0.483819	0.534143	0.540321	0.504844	0.424028	0.304805	0.159511	0.00879701	-0.119639	-0.205776	-0.23882	-0.227306	
0.141776	0.0342521	-0.0652226	-0.149501	-0.198502	-0.206685	-0.174539	-0.101732	-0.00744704	0.0996882	0.199631	0.286409	0.363386	0.420603	0.452223	0.439409	0.395532	0.308709	0.187156	0.0503955	-0.085859	-0.201441	-0.281698	-0.317232	-0.306979	
0.205378	0.143331	0.0852693	0.0340861	0.00588282	0.000614421	0.0196943	0.0631077	0.1191	0.18141	0.239151	0.287209	0.32886	0.361022	0.370829	0.343993	0.291526	0.200249	0.0834683	-0.0425406	-0.167883	-0.274144	-0.348348	-0.383389	-0.377297	
0.2951	0.275653	0.252462	0.226599	0.214807	0.213052	0.220599	0.241266	0.26711	0.287572	0.30582	0.316407	0.317864	0.314694	0.298213	0.262182	0.207852	0.114657	-0.00394784	-0.126294	-0.236704	-0.333257	-0.401643	-0.437994	-0.43487	
0.403867	0.420607	0.4224	0.412275	0.412454	0.414012	0.411277	0.417906	0.424498	0.41056	0.392665	0.367151	0.330745	0.293963	0.246928	0.190566	0.130093	0.0401037	-0.0770607	-0.198832	-0.300617	-0.38416	-0.447645	-0.484191	-0.485455	
0.514164	0.553226	0.574767	0.579027	0.590999	0.595452	0.582294	0.577255	0.565434	0.530344	0.488038	0.433251	0.365227	0.295175	0.220504	0.134827	0.0501185	-0.0412472	-0.153415	-0.267681	-0.364145	-0.440085	-0.493071	-0.527087	-0.530985	
0.60784	0.657344	0.691134	0.70927	0.731129	0.736819	0.71763	0.699062	0.673239	0.628796	0.574793	0.504683	0.410168	0.308524	0.203315	0.0886116	-0.0214902	-0.132502	-0.249742	-0.35174	-0.440128	-0.507539	-0.550988	-0.571424	-0.563887	
0.675892	0.728158	0.761266	0.784012	0.805312	0.810282	0.793507	0.770546	0.743505	0.698887	0.638004	0.555356	0.446834	0.324245	0.18705	0.045428	-0.0865788	-0.218068	-0.346897	-0.451909	-0.530604	-0.587749	-0.617054	-0.611783	-0.585295	
0.712561	0.757494	0.780567	0.790783	0.796913	0.798684	0.793296	0.785174	0.769185	0.733721	0.670699	0.57795	0.463415	0.329863	0.170887	0.00531662	-0.149362	-0.293129	-0.42826	-0.539101	-0.620028	-0.665771	-0.671951	-0.638571	-0.585399	
0.708258	0.739352	0.742919	0.730981	0.717853	0.715721	0.724684	0.739507	0.743481	0.725635	0.66988	0.578273	0.460962	0.316683	0.147621	-0.0290362	-0.1996	-0.354341	-0.487736	-0.595419	-0.676989	-0.71324	-0.694411	-0.633292	-0.557381	
0.661165	0.676314	0.657949	0.626687	0.603656	0.599762	0.616033	0.645226	0.671687	0.67253	0.630488	0.550227	0.439455	0.293712	0.126115	-0.0481302	-0.218705	-0.379344	-0.511858	-0.612312	-0.682342	-0.705161	-0.670196	-0.592548	-0.503236	
0.585341	0.58463	0.547234	0.500411	0.469736	0.464887	0.485372	0.528373	0.571895	0.590967	0.565703	0.505164	0.410312	0.278425	0.119954	-0.0466208	-0.210062	-0.362499	-0.492285	-0.586186	-0.637973	-0.641766	-0.601856	-0.523804	-0.427297	
0.508161	0.492228	0.444083	0.388981	0.350699	0.34359	0.370499	0.42125	0.476203	0.50605	0.499749	0.460145	0.385352	0.274855	0.135394	-0.016425	-0.161548	-0.296831	-0.414509	-0.508632	-0.553722	-0.546588	-0.503549	-0.429022	-0.332915	
0.461168	0.428276	0.367018	0.309496	0.272282	0.266055	0.291296	0.342252	0.405588	0.452559	0.46216	0.43382	0.371984	0.2793	0.159669	0.0305638	-0.091405	-0.204357	-0.308626	-0.395343	-0.435334	-0.425902	-0.376729	-0.303969	-0.2182	
0.461468	0.412637	0.340402	0.282056	0.251895	0.248041	0.266755	0.313987	0.383886	0.447302	0.468333	0.441437	0.38362	0.303751	0.199836	0.0907638	-0.00821586	-0.10099	-0.187588	-0.254931	-0.285536	-0.27547	-0.232848	-0.167343	-0.0953898	
0.510099	0.455522	0.37666	0.31573	0.284826	0.280182	0.299931	0.348487	0.424331	0.493165	0.521015	0.50023	0.445486	0.367988	0.268847	0.165677	0.0802992	0.00687239	-0.0553285	-0.101498	-0.118201	-0.10883	-0.0760371	-0.0283154	0.0228267	
0.613008	0.55711	0.474496	0.406673	0.37655	0.372918	0.389624	0.44369	0.525125	0.59562	0.6251	0.608734	0.555162	0.473865	0.368342	0.26232	0.180475	0.124862	0.086146	0.0601983	0.0522085	0.0674159	0.092621	0.119402	0.146034	
0.753387	0.700975	0.618193	0.550581	0.527865	0.526832	0.536329	0.586523	0.66953	0.738115	0.760693	0.734484	0.672514	0.587255	0.479788	0.367899	0.286036	0.243395	0.225631	0.218114	0.221293	0.241522	0.263376	0.271726	0.268112	
0.891895	0.855406	0.787777	0.726804	0.703228	0.701506	0.712899	0.75988	0.830338	0.882671	0.890539	0.849819	0.774412	0.682285	0.573978	0.456704	0.373372	0.340919	0.340985	0.354764	0.375458	0.398726	0.412917	0.407617	0.382387	
1.00669	0.993129	0.950351	0.8962	0.866314	0.862318	0.880266	0.928332	0.978919	1.00579	0.995491	0.944699	0.86123	0.758624	0.640442	0.52049	0.43826	0.411379	0.422729	0.456055	0.494842	0.527537	0.536345	0.525272	0.489826	
1.09846	1.09966	1.06704	1.02059	0.991327	0.986683	1.00571	1.04849	1.08988	1.10376	1.07687	1.0134	0.922745	0.807548	0.676135	0.55431	0.478743	0.453392	0.470612	0.520947	0.581131	0.627245	0.6409	0.62325	0.577072	
1.15492	1.16211	1.13077	1.08693	1.05847	1.05371	1.0729	1.11309	1.15255	1.16382	1.12625	1.04665	0.940558	0.810885	0.667252	0.544585	0.474972	0.455841	0.483967	0.552734	0.63287	0.694182	0.715763	0.694965	0.638154	
1.16211	1.17661	1.15221	1.10685	1.0727	1.06719	1.09031	1.13485	1.1707	1.17356	1.13019	1.04066	0.913432	0.763428	0.611198	0.489393	0.422539	0.415508	0.461608	0.546635	0.641069	0.71952	0.756133	0.745336	0.689646	
1.13077	1.15221	1.13026	1.08717	1.05309	1.04719	1.07097	1.11371	1.14815	1.14469	1.09796	1.00386	0.85634	0.684158	0.527157	0.409238	0.346878	0.348985	0.408917	0.503892	0.615188	0.713262	0.772294	0.776063	0.724751	
1.08693	1.10685	1.08717	1.05303	1.02787	1.02395	1.04058	1.07363	1.10251	1.10049	1.05337	0.952948	0.797515	0.619393	0.458362	0.345673	0.288193	0.2916	0.35183	0.453324	0.576244	0.694154	0.773519	0.795369	0.746821	
1.05847	1.0727	1.05309	1.02787	1.00433	0.999871	1.01732	1.04292	1.06706	1.06987	1.02561	0.922203	0.771046	0.597903	0.431337	0.314065	0.258257	0.25754	0.312958	0.418359	0.550592	0.675589	0.771924	0.811771	0.769823	
1.05371	1.06719	1.04719	1.02395	0.999871	0.994764	1.01355	1.03814	1.06102	1.06497	1.02078	0.917807	0.76852	0.596804	0.428693	0.30962	0.254214	0.252425	0.305957	0.412574	0.546577	0.672431	0.771591	0.815579	0.775883	
1.0729	1.09031	1.07097	1.04058	1.01732	1.01355	1.02929	1.0588	1.08584	1.08526	1.03921	0.937054	0.782784	0.605699	0.442268	0.328968	0.273124	0.274704	0.333105	0.436463	0.563635	0.685688	0.772635	0.802563	0.756361	
1.11309	1.13485	1.11371	1.07363	1.04292	1.03814	1.0588	1.09823	1.13074	1.12727	1.08009	0.98343	0.830636	0.653604	0.49549	0.380246	0.319794	0.323799	0.384946	0.48319	0.599844	0.706214	0.773994	0.78393	0.733935	
1.15255	1.1707	1.14815	1.10251	1.06706	1.06102	1.08584	1.13074	1.16585	1.16513	1.12059	1.02899	0.892899	0.733495	0.579111	0.457557	0.39257	0.389962	0.443223	0.532335	0.633097	0.719717	0.765142	0.759837	0.705861	
1.16382	1.17356	1.14469	1.10049	1.06987	1.06497	1.08526	1.12727	1.16513	1.17346	1.13312	1.04876	0.934809	0.797867	0.650063	0.527298	0.459252	0.444874	0.479135	0.555633	0.641743	0.70945	0.73614	0.717356	0.660147	
1.12625	1.13019	1.09796	1.05337	1.02561	1.02078	1.03921	1.08009	1.12059	1.13312	1.10131	1.03114	0.935571	0.814684	0.678284	0.556417	0.483504	0.459292	0.479852	0.537401	0.606832	0.658431	0.674674	0.654784	0.603693	
1.04665	1.04066	1.00386	0.952948	0.922203	0.917807	0.937054	0.98343	1.02899	1.04876	1.03114	0.976329	0.88992	0.782804	0.659507	0.538381	0.458286	0.432068	0.446224	0.486645	0.532711	0.570986	0.580807	0.567701	0.528709	
0.940558	0.913432	0.85634	0.797515	0.771046	0.76852	0.782784	0.830636	0.892899	0.934809	0.935571	0.88992	0.81097	0.715051	0.603619	0.485153	0.401469	0.372498	0.378162	0.399551	0.427985	0.453519	0.464658	0.456515	0.426252	
0.810885	0.763428	0.684158	0.619393	0.597903	0.596804	0.605699	0.653604	0.733495	0.797867	0.814684	0.782804	0.715051	0.627956	0.520549	0.406471	0.324206	0.28555	0.27513	0.276314	0.285963	0.307817	0.326564	0.328807	0.314309	
0.667252	0.611198	0.527157	0.458362	0.431337	0.428693	0.442268	0.49549	0.579111	0.650063	0.678284	0.659507	0.603619	0.520549	0.413384	0.305201	0.223506	0.173149	0.143538	0.124901	0.120696	0.138148	0.162328	0.18124	0.196014	
0.544585	0.489393	0.409238	0.345673	0.314065	0.30962	0.328968	0.380246	0.457557	0.527298	0.556417	0.538381	0.485153	0.406471	0.305201	0.202034	0.118263	0.0533729	0.000645353	-0.0377733	-0.0503033	-0.0389984	-0.00972147	0.0294749	0.070969	
0.474972	0.422539	0.346878	0.288193	0.258257	0.254214	0.273124	0.319794	0.39257	0.459252	0.483504	0.458286	0.401469	0.324206	0.223506	0.118263	0.0264805	-0.0588396	-0.135673	-0.195052	-0.220168	-0.210016	-0.171914	-0.112325	-0.0482938	
0.455841	0.415508	0.348985	0.2916	0.25754	0.252425	0.274704	0.323799	0.389962	0.444874	0.459292	0.432068	0.372498	0.28555	0.173149	0.0533729	-0.0588396	-0.163534	-0.261922	-0.341573	-0.37848	-0.368908	-0.320751	-0.249496	-0.168016	
0.483967	0.461608	0.408917	0.35183	0.312958	0.305957	0.333105	0.384946	0.443223	0.479135	0.479852	0.446224	0.378162	0.27513	0.143538	0.000645353	-0.135673	-0.261922	-0.37396	-0.46712	-0.510868	-0.501797	-0.455668	-0.381839	-0.28978	
0.552734	0.546635	0.503892	0.453324	0.418359	0.412574	0.436463	0.48319	0.532335	0.555633	0.537401	0.486645	0.399551	0.276314	0.124901	-0.0377733	-0.195052	-0.341573	-0.46712	-0.560154	-0.608227	-0.606677	-0.565721	-0.489726	-0.39142	
0.63287	0.641069	0.615188	0.576244	0.550592	0.546577	0.563635	0.599844	0.633097	0.641743	0.606832	0.532711	0.427985	0.285963	0.120696	-0.0503033	-0.220168	-0.37848	-0.510868	-0.608227	-0.669889	-0.685622	-0.647872	-0.567976	-0.475165	
0.694182	0.71952	0.713262	0.694154	0.675589	0.672431	0.685688	0.706214	0.719717	0.70945	0.658431	0.570986	0.453519	0.307817	0.138148	-0.0389984	-0.210016	-0.368908	-0.501797	-0.606677	-0.685622	-0.716768	-0.690295	-0.620519	-0.538711	
0.715763	0.756133	0.772294	0.773519	0.771924	0.771591	0.772635	0.773994	0.765142	0.73614	0.674674	0.580807	0.464658	0.326564	0.162328	-0.00972147	-0.171914	-0.320751	-0.455668	-0.565721	-0.647872	-0.690295	-0.686293	-0.641295	-0.577194	
0.694965	0.745336	0.776063	0.795369	0.811771	0.815579	0.802563	0.78393	0.759837	0.717356	0.654784	0.567701	0.456515	0.328807	0.18124	0.0294749	-0.112325	-0.249496	-0.381839	-0.489726	-0.567976	-0.620519	-0.641295	-0.625015	-0.588385	
0.638154	0.689646	0.724751	0.746821	0.769823	0.775883	0.756361	0.733935	0.705861	0.660147	0.603693	0.528709	0.426252	0.314309	0.196014	0.070969	-0.0482938	-0.168016	-0.28978	-0.39142	-0.475165	-0.538711	-0.577194	-0.588385	-0.57496	
