-0.949051	-0.889958	-0.839013	-0.811228	-0.808712	-0.809362	-0.808443	-0.824193	-0.868478	-0.924728	-0.982443	-1.00888	-0.977869	-0.887105	-0.733326	-0.53103	-0.305481	-0.0956825	0.0657114	0.164475	0.21199	0.221841	0.196921	0.15	0.0911376	
-1.06947	-1.0274	-0.992692	-0.977055	-0.976896	-0.976818	-0.976508	-0.983448	-1.01223	-1.05245	-1.09279	-1.10672	-1.06958	-0.972327	-0.805783	-0.589925	-0.346433	-0.121859	0.0439642	0.139858	0.175903	0.166857	0.115962	0.0417589	-0.04132	
-1.1085	-1.08541	-1.07328	-1.07327	-1.07589	-1.07714	-1.07399	-1.07262	-1.078	-1.10007	-1.11576	-1.1114	-1.06656	-0.964126	-0.794091	-0.57185	-0.331304	-0.109749	0.045121	0.12678	0.145318	0.110357	0.0359438	-0.060265	-0.168872	
-1.06924	-1.06595	-1.07538	-1.09467	-1.10464	-1.10839	-1.09901	-1.08355	-1.06732	-1.06824	-1.06365	-1.03627	-0.977879	-0.868356	-0.700174	-0.488153	-0.267486	-0.072368	0.0560192	0.11446	0.11288	0.0571242	-0.0392125	-0.160567	-0.290615	
-0.965998	-0.992645	-1.02538	-1.06128	-1.08258	-1.08656	-1.07199	-1.04022	-1.00446	-0.977214	-0.944903	-0.893435	-0.813426	-0.698811	-0.540071	-0.353808	-0.169035	-0.0107397	0.0845772	0.113778	0.0819106	0.00271807	-0.114942	-0.259869	-0.413923	
-0.822027	-0.88661	-0.944176	-0.988572	-1.01688	-1.02167	-1.00237	-0.963574	-0.910824	-0.848713	-0.781123	-0.703102	-0.610536	-0.4978	-0.360411	-0.204083	-0.0528894	0.0650787	0.132884	0.131035	0.0664081	-0.0474562	-0.190082	-0.352017	-0.524087	
-0.664066	-0.765126	-0.846196	-0.899606	-0.934123	-0.940965	-0.915487	-0.870618	-0.800777	-0.705888	-0.602421	-0.503161	-0.40184	-0.299289	-0.190544	-0.0642535	0.0569885	0.145541	0.181058	0.152657	0.0624171	-0.0771917	-0.242942	-0.423501	-0.602669	
-0.521699	-0.644729	-0.744342	-0.812254	-0.857636	-0.867255	-0.832898	-0.774958	-0.688348	-0.572104	-0.447387	-0.332389	-0.220996	-0.122295	-0.0370792	0.0546973	0.14379	0.209329	0.224052	0.175701	0.0662522	-0.0864042	-0.265096	-0.458435	-0.642568	
-0.413313	-0.545994	-0.657102	-0.738652	-0.793052	-0.803438	-0.76408	-0.692944	-0.594053	-0.46702	-0.333266	-0.203559	-0.0810911	0.019629	0.0924654	0.15309	0.208431	0.24757	0.253712	0.198475	0.0771266	-0.0876048	-0.275768	-0.464223	-0.641139	
-0.340822	-0.480408	-0.597946	-0.68402	-0.735516	-0.744071	-0.708928	-0.63604	-0.531519	-0.397369	-0.25565	-0.112591	0.0176586	0.11535	0.179785	0.222232	0.251854	0.267254	0.25833	0.198625	0.0774755	-0.0912795	-0.27988	-0.450986	-0.598683	
-0.296417	-0.444117	-0.566382	-0.649525	-0.69572	-0.70099	-0.67315	-0.603901	-0.497324	-0.357003	-0.206101	-0.0545283	0.079212	0.170744	0.227156	0.256641	0.268997	0.264088	0.238086	0.164315	0.0459821	-0.105352	-0.272752	-0.414552	-0.528624	
-0.274367	-0.427561	-0.554363	-0.642685	-0.693157	-0.701655	-0.667762	-0.59407	-0.482599	-0.336643	-0.179881	-0.0214064	0.116248	0.206766	0.254313	0.268409	0.259045	0.234809	0.194777	0.114957	-0.00171594	-0.130457	-0.255945	-0.35867	-0.43682	
-0.265002	-0.427041	-0.563642	-0.666721	-0.734777	-0.745844	-0.699767	-0.608261	-0.485856	-0.33097	-0.166348	-0.00280936	0.144137	0.237538	0.275152	0.267334	0.235841	0.191584	0.140922	0.0650678	-0.0413459	-0.148202	-0.234599	-0.285926	-0.321739	
-0.263397	-0.440352	-0.595265	-0.716271	-0.796535	-0.810741	-0.754495	-0.64725	-0.506916	-0.335072	-0.157833	0.0110525	0.159954	0.257853	0.287835	0.261402	0.213139	0.157068	0.100091	0.029309	-0.0546046	-0.130245	-0.178734	-0.185869	-0.176459	
-0.266689	-0.465578	-0.643309	-0.782594	-0.869451	-0.884419	-0.825083	-0.703687	-0.540942	-0.347272	-0.149579	0.0307358	0.180145	0.279884	0.314473	0.285136	0.22665	0.161441	0.0971276	0.0292827	-0.0360814	-0.0789463	-0.0904086	-0.0686007	-0.027271	
-0.265989	-0.476236	-0.67051	-0.827395	-0.91979	-0.934351	-0.874007	-0.739243	-0.556686	-0.351204	-0.13961	0.0561299	0.212794	0.313755	0.354984	0.335725	0.278895	0.206973	0.135213	0.0683077	0.0153809	-0.00558507	0.0102202	0.0519154	0.101487	
-0.237452	-0.443972	-0.643737	-0.810856	-0.904784	-0.919776	-0.858031	-0.717354	-0.525615	-0.320312	-0.110748	0.0921561	0.256412	0.362781	0.406145	0.393701	0.345346	0.276025	0.199192	0.130492	0.081614	0.0668989	0.0951257	0.146386	0.198114	
-0.166877	-0.366054	-0.559059	-0.720297	-0.812321	-0.826705	-0.766267	-0.62964	-0.444655	-0.247352	-0.0453878	0.147216	0.307597	0.417975	0.465642	0.456413	0.412729	0.349979	0.275307	0.203028	0.1487	0.129655	0.15452	0.203806	0.246101	
-0.066858	-0.255656	-0.431264	-0.576661	-0.663918	-0.679549	-0.619877	-0.493932	-0.327781	-0.143632	0.0473831	0.222798	0.365481	0.470853	0.521188	0.516713	0.476376	0.416506	0.34702	0.277284	0.217345	0.188739	0.2053	0.239078	0.264758	
0.0463705	-0.122982	-0.277183	-0.403385	-0.481836	-0.496612	-0.441835	-0.331743	-0.186486	-0.0230469	0.149148	0.302388	0.423327	0.515158	0.558759	0.55727	0.523795	0.467977	0.402784	0.340561	0.282723	0.246474	0.249879	0.2644	0.267765	
0.168687	0.0274046	-0.103068	-0.210207	-0.271706	-0.281849	-0.240914	-0.150054	-0.0266399	0.111244	0.253129	0.377323	0.473995	0.545169	0.576191	0.570805	0.541942	0.492505	0.430373	0.373946	0.325218	0.289416	0.277943	0.269716	0.250955	
0.306079	0.207113	0.108146	0.0259072	-0.0157653	-0.021874	0.00456288	0.0711602	0.167197	0.26647	0.365444	0.453706	0.51666	0.557534	0.566975	0.550395	0.516282	0.467745	0.409415	0.355907	0.314976	0.286161	0.267695	0.243069	0.211902	
0.473819	0.434404	0.387726	0.34391	0.323707	0.321136	0.332797	0.36813	0.41692	0.45854	0.497032	0.530836	0.546349	0.54278	0.519534	0.482598	0.434497	0.38044	0.326324	0.277286	0.238795	0.213554	0.196461	0.172096	0.136751	
0.679367	0.709201	0.72933	0.740851	0.74868	0.750272	0.744259	0.734792	0.718544	0.692342	0.657664	0.614263	0.562025	0.505826	0.445288	0.381035	0.312064	0.242249	0.182984	0.139977	0.106174	0.081228	0.0658759	0.0477849	0.0199351	
0.908326	1.01906	1.1165	1.19458	1.23837	1.24471	1.2169	1.15111	1.05976	0.954055	0.83424	0.697642	0.56071	0.444845	0.343948	0.251005	0.157816	0.0663394	-0.00608712	-0.0482382	-0.0683829	-0.0837769	-0.0963341	-0.108298	-0.131244	
1.13495	1.34102	1.52414	1.66545	1.74528	1.75866	1.70483	1.58737	1.41795	1.21995	1.00057	0.769521	0.552323	0.368404	0.220953	0.0940771	-0.0224085	-0.129112	-0.214182	-0.259172	-0.268407	-0.26381	-0.263393	-0.26973	-0.285795	
1.34102	1.6477	1.90916	2.10754	2.2229	2.24218	2.16468	1.99665	1.75903	1.46776	1.14746	0.829706	0.539139	0.292187	0.0940907	-0.0652392	-0.204533	-0.325251	-0.417506	-0.469393	-0.473405	-0.450092	-0.430385	-0.425523	-0.435373	
1.52414	1.90916	2.23794	2.48857	2.63838	2.665	2.56234	2.34841	2.04825	1.68376	1.27967	0.879258	0.517777	0.211332	-0.025051	-0.210433	-0.372175	-0.512321	-0.6159	-0.667195	-0.65957	-0.614169	-0.573216	-0.555133	-0.559323	
1.66545	2.10754	2.48857	2.78352	2.95706	2.98692	2.86954	2.61863	2.26824	1.8482	1.38394	0.917323	0.494174	0.14243	-0.123239	-0.328703	-0.509866	-0.668029	-0.78243	-0.829646	-0.80616	-0.742139	-0.683294	-0.649105	-0.642922	
1.74528	2.2229	2.63838	2.95706	3.13797	3.16734	3.04723	2.78005	2.39845	1.94217	1.44168	0.939381	0.484474	0.108985	-0.177287	-0.400904	-0.593878	-0.758746	-0.875887	-0.923464	-0.894722	-0.825358	-0.75748	-0.705887	-0.68921	
1.75866	2.24218	2.665	2.98692	3.16734	3.19723	3.07671	2.80876	2.42075	1.9579	1.45097	0.942238	0.484144	0.104054	-0.185655	-0.414261	-0.609618	-0.773053	-0.891163	-0.937734	-0.910057	-0.839857	-0.769868	-0.715886	-0.694757	
1.70483	2.16468	2.56234	2.86954	3.04723	3.07671	2.95824	2.69782	2.33247	1.89482	1.41272	0.928254	0.488216	0.125358	-0.150745	-0.364434	-0.55118	-0.713252	-0.828894	-0.877301	-0.850094	-0.782242	-0.718794	-0.67687	-0.666774	
1.58737	1.99665	2.34841	2.61863	2.78005	2.80876	2.69782	2.46742	2.14501	1.75686	1.32596	0.895975	0.507514	0.180019	-0.0684605	-0.261873	-0.431659	-0.580048	-0.689324	-0.738417	-0.723521	-0.668905	-0.620363	-0.597067	-0.597351	
1.41795	1.75903	2.04825	2.26824	2.39845	2.42075	2.33247	2.14501	1.88191	1.5588	1.2026	0.851094	0.531657	0.259964	0.0450621	-0.124934	-0.273677	-0.401898	-0.498367	-0.550693	-0.551467	-0.520274	-0.491976	-0.481778	-0.489108	
1.21995	1.46776	1.68376	1.8482	1.94217	1.9579	1.89482	1.75686	1.5588	1.32217	1.0611	0.794961	0.547546	0.337951	0.169614	0.0287946	-0.0968029	-0.208842	-0.295723	-0.344081	-0.351383	-0.339384	-0.331312	-0.332828	-0.346964	
1.00057	1.14746	1.27967	1.38394	1.44168	1.45097	1.41272	1.32596	1.2026	1.0611	0.90302	0.727761	0.558287	0.414918	0.296436	0.190507	0.0876674	-0.0100052	-0.0892155	-0.131342	-0.146606	-0.154045	-0.162425	-0.173702	-0.193435	
0.769521	0.829706	0.879258	0.917323	0.939381	0.942238	0.928254	0.895975	0.851094	0.794961	0.727761	0.648922	0.563086	0.484371	0.407613	0.332881	0.255089	0.175466	0.111764	0.0686404	0.0405797	0.0181109	0.00266416	-0.0126763	-0.0389608	
0.552323	0.539139	0.517777	0.494174	0.484474	0.484144	0.488216	0.507514	0.531657	0.547546	0.558287	0.563086	0.554575	0.529793	0.492423	0.444855	0.388815	0.330743	0.275317	0.229681	0.191619	0.166725	0.150957	0.128558	0.0961949	
0.368404	0.292187	0.211332	0.14243	0.108985	0.104054	0.125358	0.180019	0.259964	0.337951	0.414918	0.484371	0.529793	0.555191	0.552458	0.528681	0.489725	0.439985	0.384445	0.331537	0.292097	0.265277	0.246472	0.220587	0.186106	
0.220953	0.0940907	-0.025051	-0.123239	-0.177287	-0.185655	-0.150745	-0.0684605	0.0450621	0.169614	0.296436	0.407613	0.492423	0.552458	0.576453	0.567641	0.538203	0.490026	0.428631	0.37401	0.329427	0.296193	0.280361	0.263728	0.238835	
0.0940771	-0.0652392	-0.210433	-0.328703	-0.400904	-0.414261	-0.364434	-0.261873	-0.124934	0.0287946	0.190507	0.332881	0.444855	0.528681	0.567641	0.566177	0.535491	0.482257	0.417713	0.35848	0.303495	0.266275	0.263674	0.269543	0.263011	
-0.0224085	-0.204533	-0.372175	-0.509866	-0.593878	-0.609618	-0.55118	-0.431659	-0.273677	-0.0968029	0.0876674	0.255089	0.388815	0.489725	0.538203	0.535491	0.497877	0.4391	0.372305	0.304914	0.2447	0.212783	0.224914	0.250948	0.267792	
-0.129112	-0.325251	-0.512321	-0.668029	-0.758746	-0.773053	-0.713252	-0.580048	-0.401898	-0.208842	-0.0100052	0.175466	0.330743	0.439985	0.490026	0.482257	0.4391	0.378655	0.305215	0.23333	0.175692	0.153281	0.174606	0.218337	0.255118	
-0.214182	-0.417506	-0.6159	-0.78243	-0.875887	-0.891163	-0.828894	-0.689324	-0.498367	-0.295723	-0.0892155	0.111764	0.275317	0.384445	0.428631	0.417713	0.372305	0.305215	0.228938	0.158275	0.108895	0.093262	0.121308	0.173795	0.223199	
-0.259172	-0.469393	-0.667195	-0.829646	-0.923464	-0.937734	-0.877301	-0.738417	-0.550693	-0.344081	-0.131342	0.0686404	0.229681	0.331537	0.37401	0.35848	0.304914	0.23333	0.158275	0.0915323	0.0412178	0.0241943	0.0474023	0.0945358	0.145119	
-0.268407	-0.473405	-0.65957	-0.80616	-0.894722	-0.910057	-0.850094	-0.723521	-0.551467	-0.351383	-0.146606	0.0405797	0.191619	0.292097	0.329427	0.303495	0.2447	0.175692	0.108895	0.0412178	-0.0186762	-0.0511702	-0.0504979	-0.0194862	0.0270709	
-0.26381	-0.450092	-0.614169	-0.742139	-0.825358	-0.839857	-0.782242	-0.668905	-0.520274	-0.339384	-0.154045	0.0181109	0.166725	0.265277	0.296193	0.266275	0.212783	0.153281	0.093262	0.0241943	-0.0511702	-0.113041	-0.146066	-0.140626	-0.115128	
-0.263393	-0.430385	-0.573216	-0.683294	-0.75748	-0.769868	-0.718794	-0.620363	-0.491976	-0.331312	-0.162425	0.00266416	0.150957	0.246472	0.280361	0.263674	0.224914	0.174606	0.121308	0.0474023	-0.0504979	-0.146066	-0.217405	-0.249156	-0.266927	
-0.26973	-0.425523	-0.555133	-0.649105	-0.705887	-0.715886	-0.67687	-0.597067	-0.481778	-0.332828	-0.173702	-0.0126763	0.128558	0.220587	0.263728	0.269543	0.250948	0.218337	0.173795	0.0945358	-0.0194862	-0.140626	-0.249156	-0.332332	-0.393959	
-0.285795	-0.435373	-0.559323	-0.642922	-0.68921	-0.694757	-0.666774	-0.597351	-0.489108	-0.346964	-0.193435	-0.0389608	0.0961949	0.186106	0.238835	0.263011	0.267792	0.255118	0.223199	0.145119	0.0270709	-0.115128	-0.266927	-0.393959	-0.494799	
