0.0732784	0.0459984	0.0238521	0.0110425	0.00470424	0.0040185	0.00784483	0.0178675	0.0361065	0.0616596	0.0908771	0.127987	0.172826	0.220151	0.275914	0.3366	0.399062	0.472986	0.552417	0.623049	0.677134	0.688719	0.633507	0.511362	0.329017	
0.356674	0.349834	0.343638	0.336615	0.329315	0.327882	0.332823	0.341025	0.347225	0.354289	0.358686	0.360558	0.365114	0.368658	0.379367	0.400204	0.426642	0.464131	0.506658	0.544509	0.574016	0.572623	0.518236	0.403649	0.227439	
0.616368	0.636738	0.651528	0.6602	0.667056	0.669013	0.663107	0.655926	0.643089	0.625243	0.600854	0.568715	0.533277	0.495358	0.466106	0.447253	0.439641	0.453198	0.475815	0.496069	0.511762	0.498672	0.44116	0.336107	0.171703	
0.827685	0.875548	0.91695	0.944525	0.961026	0.964472	0.952027	0.930097	0.893482	0.847549	0.79441	0.73427	0.673898	0.608548	0.547336	0.498124	0.461855	0.45005	0.457496	0.472265	0.487438	0.47752	0.424208	0.325738	0.172268	
0.982375	1.04693	1.1024	1.13753	1.15916	1.16355	1.14749	1.11919	1.07051	1.00897	0.940353	0.860057	0.776873	0.695274	0.620772	0.555481	0.505404	0.481356	0.476842	0.48912	0.509961	0.508574	0.467818	0.38001	0.232213	
1.06148	1.12779	1.18176	1.21671	1.24063	1.24566	1.22716	1.19791	1.15138	1.08932	1.01625	0.932813	0.848585	0.763048	0.684283	0.620294	0.571626	0.547009	0.543365	0.556507	0.581868	0.59181	0.564478	0.489947	0.350941	
1.05501	1.11102	1.15961	1.18617	1.20194	1.20535	1.19332	1.17278	1.13226	1.07789	1.01902	0.947507	0.871948	0.802065	0.738432	0.685791	0.652234	0.638805	0.642195	0.663924	0.69309	0.710416	0.69873	0.637843	0.510883	
0.973772	1.01068	1.04098	1.06101	1.07762	1.08113	1.06836	1.05028	1.0236	0.988858	0.949751	0.90367	0.855592	0.808537	0.76544	0.733031	0.718336	0.723989	0.744349	0.780464	0.822718	0.850425	0.853229	0.81154	0.70039	
0.836953	0.855417	0.873472	0.882645	0.889161	0.890741	0.885182	0.877495	0.863635	0.844121	0.827046	0.808208	0.788098	0.772099	0.756944	0.748489	0.754594	0.775378	0.815822	0.874159	0.933615	0.980798	1.00129	0.978965	0.895052	
0.681049	0.681405	0.680717	0.679387	0.678142	0.677236	0.679148	0.680503	0.680895	0.681094	0.681879	0.680825	0.680516	0.688003	0.698118	0.712998	0.742893	0.784999	0.842021	0.920947	1.00423	1.07681	1.12195	1.11547	1.05433	
0.516867	0.505661	0.493954	0.48581	0.482472	0.482212	0.48419	0.489556	0.501502	0.512262	0.523654	0.537849	0.552614	0.573395	0.599655	0.638094	0.689363	0.746377	0.819579	0.910994	1.00733	1.10452	1.18194	1.20331	1.16301	
0.359074	0.343478	0.331781	0.325732	0.319407	0.317642	0.323669	0.328168	0.338276	0.352513	0.371927	0.397219	0.421517	0.454088	0.489675	0.530108	0.591028	0.663059	0.748483	0.85208	0.955817	1.06326	1.16541	1.22223	1.21553	
0.233112	0.216631	0.199638	0.196763	0.192314	0.189943	0.196066	0.197292	0.208803	0.227127	0.24429	0.271878	0.302481	0.3348	0.372679	0.415958	0.471219	0.543168	0.635049	0.747404	0.868656	0.98671	1.09574	1.17623	1.20682	
0.142388	0.128366	0.11099	0.102279	0.0925377	0.0899865	0.0986206	0.106363	0.121457	0.137021	0.148689	0.167598	0.189987	0.218499	0.258123	0.307166	0.361025	0.426414	0.516302	0.62275	0.745379	0.878675	0.994102	1.07971	1.13372	
0.0665204	0.0518882	0.0427023	0.0411569	0.0366416	0.0347451	0.0395611	0.0422349	0.0471046	0.0602053	0.074903	0.0913383	0.113046	0.135541	0.162322	0.204036	0.257591	0.320605	0.400684	0.496967	0.610511	0.744775	0.874425	0.968711	1.03256	
0.014629	0.00573598	0.00113575	-0.00176396	-0.000966195	0.000546397	-0.00174591	-0.000963465	0.00378745	0.0112156	0.0219319	0.0366852	0.0547449	0.0738077	0.0964698	0.125151	0.163864	0.21972	0.294184	0.384057	0.491617	0.615878	0.747241	0.859802	0.932227	
-0.0107845	-0.0137485	-0.0206485	-0.0262729	-0.0317072	-0.0328184	-0.0281705	-0.0232776	-0.01664	-0.0112912	-0.00970373	-0.00106437	0.00840181	0.0205521	0.0445448	0.0668204	0.0951743	0.144575	0.210788	0.290704	0.392435	0.509144	0.62922	0.749177	0.834273	
-0.0314391	-0.0363094	-0.039649	-0.0392714	-0.0393392	-0.0408276	-0.0396597	-0.0384807	-0.0385714	-0.0336778	-0.02874	-0.0234197	-0.0159294	-0.0110649	0.00327879	0.0288498	0.0535853	0.0889853	0.143192	0.212699	0.307698	0.415437	0.528144	0.650317	0.748068	
-0.0441004	-0.0477552	-0.0449128	-0.0506582	-0.0456397	-0.0425334	-0.0508721	-0.0464443	-0.0464944	-0.0470285	-0.0394985	-0.0398937	-0.0318207	-0.0225062	-0.01931	-0.00312054	0.0185332	0.0486253	0.0923887	0.151436	0.24061	0.343285	0.450475	0.5717	0.678698	
-0.0484451	-0.0518162	-0.0458523	-0.0527613	-0.0538407	-0.0521252	-0.0548052	-0.0468497	-0.0493717	-0.0512352	-0.0448628	-0.0481441	-0.0435914	-0.0355144	-0.0321293	-0.0255672	-0.00762234	0.0250859	0.0599882	0.109746	0.187308	0.286569	0.392426	0.506297	0.619278	
-0.0526882	-0.0531494	-0.0514735	-0.054086	-0.0533413	-0.0524761	-0.0544086	-0.052785	-0.0521132	-0.0533155	-0.0497665	-0.0474727	-0.0526054	-0.0491815	-0.0358678	-0.0324552	-0.0226519	0.00189922	0.0353393	0.0853667	0.146063	0.233071	0.343556	0.458089	0.570658	
-0.0561664	-0.0505257	-0.0553111	-0.0556416	-0.0524592	-0.051927	-0.0537511	-0.0572362	-0.0511604	-0.0531945	-0.0573814	-0.0496837	-0.0513258	-0.0509205	-0.0440719	-0.0387412	-0.026459	-0.0147459	0.010939	0.0607572	0.117835	0.193657	0.301362	0.42147	0.537255	
-0.0542364	-0.0538246	-0.0558116	-0.0515402	-0.0548404	-0.0573185	-0.0511647	-0.0543005	-0.0550066	-0.0532275	-0.0554006	-0.0538802	-0.0497227	-0.0497146	-0.0548789	-0.0463418	-0.030744	-0.0208449	-0.00102472	0.0401737	0.0961249	0.165801	0.267155	0.384933	0.509602	
-0.0498878	-0.0550324	-0.0579597	-0.0501364	-0.054827	-0.0577764	-0.0502874	-0.0553759	-0.0579629	-0.0510466	-0.0518064	-0.0570933	-0.0544971	-0.049132	-0.0503269	-0.0496345	-0.0426973	-0.0278559	-0.00736449	0.0260865	0.0755056	0.140741	0.23932	0.355589	0.487249	
-0.0513379	-0.0527282	-0.0565455	-0.0520967	-0.0548323	-0.0558909	-0.0523514	-0.055036	-0.0538219	-0.0516707	-0.0554019	-0.0561262	-0.0556742	-0.0550851	-0.049831	-0.0457005	-0.0426366	-0.0324944	-0.0170039	0.0106706	0.0581597	0.121741	0.211228	0.328151	0.468651	
-0.0584076	-0.0565622	-0.0510091	-0.0560732	-0.0539359	-0.0511271	-0.0566227	-0.0527058	-0.0531724	-0.0591789	-0.0544504	-0.0494399	-0.0519195	-0.0561946	-0.0547001	-0.049672	-0.0469947	-0.0377745	-0.0189704	0.00193768	0.042878	0.110572	0.192948	0.304317	0.451805	
-0.0565622	-0.053617	-0.0510288	-0.058485	-0.0527448	-0.0503862	-0.0580056	-0.0536503	-0.0528291	-0.0553993	-0.0539288	-0.0543769	-0.0539708	-0.0522639	-0.051555	-0.0526323	-0.0502185	-0.0421229	-0.022481	-0.00299322	0.0279463	0.0964752	0.177902	0.287164	0.438377	
-0.0510091	-0.0510288	-0.0541473	-0.0546019	-0.0541868	-0.0556066	-0.0544964	-0.0533404	-0.0526892	-0.049962	-0.0545955	-0.0583036	-0.0566314	-0.0560385	-0.0528988	-0.0480261	-0.0446887	-0.0436666	-0.0291069	-0.00867273	0.0220767	0.0826359	0.159732	0.274729	0.425404	
-0.0560732	-0.058485	-0.0546019	-0.0516898	-0.0534446	-0.0534962	-0.0519353	-0.0535604	-0.0571975	-0.0578752	-0.0536543	-0.0500176	-0.0506145	-0.053821	-0.0556255	-0.053332	-0.0518044	-0.0452723	-0.0313466	-0.0137094	0.0220986	0.0749537	0.15325	0.271233	0.417516	
-0.0539359	-0.0527448	-0.0541868	-0.0534446	-0.0542912	-0.0543702	-0.0533426	-0.0546585	-0.0531614	-0.0530841	-0.0544131	-0.0551504	-0.0550752	-0.053307	-0.05271	-0.0540594	-0.0499117	-0.0402364	-0.0372816	-0.0152978	0.0213433	0.0643583	0.149267	0.264267	0.412932	
-0.0511271	-0.0503862	-0.0556066	-0.0534962	-0.0543702	-0.0557748	-0.0531861	-0.0547448	-0.0523449	-0.0503043	-0.0537214	-0.0578637	-0.0581393	-0.0537077	-0.0517885	-0.0530192	-0.0469644	-0.0400139	-0.0402156	-0.0137198	0.0214531	0.0614371	0.148052	0.261773	0.41222	
-0.0566227	-0.0580056	-0.0544964	-0.0519353	-0.0533426	-0.0531861	-0.05226	-0.0537953	-0.0565699	-0.058418	-0.0537639	-0.0500597	-0.0510313	-0.0519876	-0.0548857	-0.0552657	-0.0525058	-0.0449421	-0.0333121	-0.0139815	0.0213951	0.0709228	0.152074	0.269289	0.415705	
-0.0527058	-0.0536503	-0.0533404	-0.0535604	-0.0546585	-0.0547448	-0.0537953	-0.0535408	-0.0534837	-0.0524428	-0.0544976	-0.0554107	-0.0547542	-0.0563617	-0.0549465	-0.0490504	-0.0460417	-0.0434559	-0.0293913	-0.0120693	0.0215678	0.079479	0.155422	0.272599	0.420791	
-0.0531724	-0.0528291	-0.0526892	-0.0571975	-0.0531614	-0.0523449	-0.0565699	-0.0534837	-0.053407	-0.0524736	-0.0532006	-0.0573467	-0.0558645	-0.0529751	-0.0514736	-0.0504484	-0.0481435	-0.0436519	-0.02564	-0.00517272	0.0251521	0.0905194	0.170301	0.281529	0.433017	
-0.0591789	-0.0553993	-0.049962	-0.0578752	-0.0530841	-0.0503043	-0.058418	-0.0524428	-0.0524736	-0.0590961	-0.0546628	-0.0505064	-0.0516697	-0.0540548	-0.053374	-0.0518078	-0.0499725	-0.0399782	-0.0198146	0.00033866	0.0363472	0.104708	0.187384	0.296987	0.446627	
-0.0544504	-0.0539288	-0.0545955	-0.0536543	-0.0544131	-0.0537214	-0.0537639	-0.0544976	-0.0532006	-0.0546628	-0.0557142	-0.0523916	-0.0542075	-0.0576399	-0.0525075	-0.0466889	-0.0426264	-0.033308	-0.0185972	0.00612639	0.0517683	0.117202	0.202567	0.317409	0.461287	
-0.0494399	-0.0543769	-0.0583036	-0.0500176	-0.0551504	-0.0578637	-0.0500597	-0.0554107	-0.0573467	-0.0505064	-0.0523916	-0.0577855	-0.0560005	-0.0503345	-0.0485746	-0.0482191	-0.0441515	-0.0308805	-0.0113534	0.0196051	0.0679216	0.132688	0.227883	0.344796	0.479843	
-0.0519195	-0.0539708	-0.0566314	-0.0506145	-0.0550752	-0.0581393	-0.0510313	-0.0547542	-0.0558645	-0.0516697	-0.0542075	-0.0560005	-0.0511443	-0.0493691	-0.0538862	-0.0479629	-0.036108	-0.0234284	-0.00339048	0.0344876	0.0880528	0.154783	0.25564	0.37209	0.499975	
-0.0561946	-0.0522639	-0.0560385	-0.053821	-0.053307	-0.0537077	-0.0519876	-0.0563617	-0.0529751	-0.0540548	-0.0576399	-0.0503345	-0.0493691	-0.0508128	-0.0503386	-0.042591	-0.0265052	-0.0170964	0.004313	0.0516851	0.108929	0.181771	0.286604	0.406394	0.525809	
-0.0547001	-0.051555	-0.0528988	-0.0556255	-0.05271	-0.0517885	-0.0548857	-0.0549465	-0.0514736	-0.053374	-0.0525075	-0.0485746	-0.0538862	-0.0503386	-0.0375145	-0.0340593	-0.0257444	-0.00706562	0.0254225	0.0753626	0.132935	0.215377	0.326141	0.44377	0.55584	
-0.049672	-0.0526323	-0.0480261	-0.053332	-0.0540594	-0.0530192	-0.0552657	-0.0490504	-0.0504484	-0.0518078	-0.0466889	-0.0482191	-0.0479629	-0.042591	-0.0340593	-0.0292798	-0.0150363	0.0163615	0.0496802	0.0991496	0.169788	0.26409	0.372202	0.484212	0.597281	
-0.0469947	-0.0502185	-0.0446887	-0.0518044	-0.0499117	-0.0469644	-0.0525058	-0.0460417	-0.0481435	-0.0499725	-0.0426264	-0.0441515	-0.036108	-0.0265052	-0.0257444	-0.0150363	0.00705316	0.0385836	0.0771778	0.1322	0.217781	0.32014	0.425081	0.543677	0.654682	
-0.0377745	-0.0421229	-0.0436666	-0.0452723	-0.0402364	-0.0400139	-0.0449421	-0.0434559	-0.0436519	-0.0399782	-0.033308	-0.0308805	-0.0234284	-0.0170964	-0.00706562	0.0163615	0.0385836	0.0699515	0.120972	0.185981	0.278491	0.383695	0.493967	0.617778	0.718989	
-0.0189704	-0.022481	-0.0291069	-0.0313466	-0.0372816	-0.0402156	-0.0333121	-0.0293913	-0.02564	-0.0198146	-0.0185972	-0.0113534	-0.00339048	0.004313	0.0254225	0.0496802	0.0771778	0.120972	0.181913	0.258067	0.356712	0.469821	0.586634	0.706683	0.797156	
0.00193768	-0.00299322	-0.00867273	-0.0137094	-0.0152978	-0.0137198	-0.0139815	-0.0120693	-0.00517272	0.00033866	0.00612639	0.0196051	0.0344876	0.0516851	0.0753626	0.0991496	0.1322	0.185981	0.258067	0.343954	0.449846	0.571564	0.698294	0.815328	0.892863	
0.042878	0.0279463	0.0220767	0.0220986	0.0213433	0.0214531	0.0213951	0.0215678	0.0251521	0.0363472	0.0517683	0.0679216	0.0880528	0.108929	0.132935	0.169788	0.217781	0.278491	0.356712	0.449846	0.560707	0.690521	0.822952	0.925561	0.991817	
0.110572	0.0964752	0.0826359	0.0749537	0.0643583	0.0614371	0.0709228	0.079479	0.0905194	0.104708	0.117202	0.132688	0.154783	0.181771	0.215377	0.26409	0.32014	0.383695	0.469821	0.571564	0.690521	0.826859	0.948148	1.03536	1.09424	
0.192948	0.177902	0.159732	0.15325	0.149267	0.148052	0.152074	0.155422	0.170301	0.187384	0.202567	0.227883	0.25564	0.286604	0.326141	0.372202	0.425081	0.493967	0.586634	0.698294	0.822952	0.948148	1.05861	1.14178	1.18418	
0.304317	0.287164	0.274729	0.271233	0.264267	0.261773	0.269289	0.272599	0.281529	0.296987	0.317409	0.344796	0.37209	0.406394	0.44377	0.484212	0.543677	0.617778	0.706683	0.815328	0.925561	1.03536	1.14178	1.21061	1.21993	
0.451805	0.438377	0.425404	0.417516	0.412932	0.41222	0.415705	0.420791	0.433017	0.446627	0.461287	0.479843	0.499975	0.525809	0.55584	0.597281	0.654682	0.718989	0.797156	0.892863	0.991817	1.09424	1.18418	1.21993	1.19113	
