0.624265	0.553358	0.50537	0.484358	0.481243	0.483033	0.481422	0.493773	0.531449	0.593437	0.670081	0.727607	0.762785	0.788467	0.808186	0.815718	0.789814	0.73604	0.681806	0.650182	0.641973	0.628543	0.603583	0.555969	0.478839	
0.598168	0.538762	0.504097	0.497614	0.502837	0.50554	0.498869	0.498923	0.521045	0.572585	0.639297	0.699809	0.741456	0.76775	0.794134	0.811635	0.79872	0.765201	0.726536	0.709401	0.70479	0.693434	0.663409	0.60045	0.51233	
0.487373	0.43616	0.410839	0.408545	0.412896	0.414032	0.410265	0.407962	0.422338	0.464738	0.525603	0.59018	0.646676	0.688995	0.729101	0.765509	0.77886	0.779462	0.783727	0.795871	0.796536	0.77594	0.72501	0.643452	0.541692	
0.309146	0.25586	0.231441	0.230422	0.23041	0.230507	0.230977	0.229311	0.242481	0.285147	0.34927	0.420866	0.492255	0.5563	0.617238	0.682614	0.736406	0.781234	0.832755	0.878408	0.890293	0.859979	0.785479	0.685992	0.574707	
0.0958531	0.0333047	0.00163305	-0.00474281	-0.0116599	-0.0126476	-0.00777995	-0.00198483	0.0159359	0.0684259	0.140311	0.219893	0.305567	0.391983	0.481699	0.585372	0.685552	0.781708	0.869064	0.937074	0.958566	0.924248	0.838761	0.726179	0.605726	
-0.129677	-0.194011	-0.231715	-0.251831	-0.268463	-0.271837	-0.259293	-0.24091	-0.211931	-0.158249	-0.0832179	0.0040948	0.108016	0.224361	0.350743	0.491285	0.636547	0.77406	0.893568	0.974459	0.998498	0.96287	0.87989	0.767749	0.647227	
-0.325723	-0.381193	-0.426493	-0.462794	-0.49163	-0.497	-0.476199	-0.442022	-0.40025	-0.35023	-0.281963	-0.18794	-0.0672495	0.0769157	0.232998	0.401519	0.575043	0.746142	0.896582	0.996953	1.03149	0.999851	0.924113	0.825327	0.713751	
-0.466851	-0.5101	-0.55464	-0.59712	-0.625904	-0.630827	-0.610662	-0.572498	-0.527136	-0.485859	-0.429445	-0.338545	-0.210856	-0.0505268	0.128991	0.317321	0.511485	0.706925	0.883538	1.00831	1.06176	1.04537	0.98588	0.899029	0.802039	
-0.547081	-0.581284	-0.618597	-0.653609	-0.674622	-0.677597	-0.664046	-0.633928	-0.594817	-0.562469	-0.517922	-0.442047	-0.324028	-0.162981	0.0257704	0.230435	0.438643	0.648334	0.847153	0.995147	1.07476	1.08646	1.04978	0.97812	0.888946	
-0.570861	-0.596223	-0.623119	-0.647061	-0.662713	-0.665215	-0.654864	-0.633422	-0.605935	-0.581887	-0.550134	-0.4941	-0.39394	-0.244754	-0.0601664	0.146863	0.363972	0.5811	0.787662	0.956553	1.06127	1.10037	1.09294	1.039	0.959968	
-0.540536	-0.555599	-0.568106	-0.581639	-0.593067	-0.595669	-0.587157	-0.572983	-0.56094	-0.546937	-0.529071	-0.493917	-0.411122	-0.277963	-0.110279	0.0845965	0.299376	0.518828	0.723169	0.897447	1.01811	1.08316	1.10207	1.07464	1.01877	
-0.465791	-0.468816	-0.466667	-0.463101	-0.464261	-0.464286	-0.463419	-0.464443	-0.468984	-0.467373	-0.46383	-0.446151	-0.386029	-0.274372	-0.13083	0.0392198	0.235877	0.444013	0.640476	0.811395	0.941069	1.03485	1.08598	1.09315	1.06885	
-0.370418	-0.358622	-0.336892	-0.311365	-0.290611	-0.287149	-0.301751	-0.326339	-0.351468	-0.366088	-0.375724	-0.372061	-0.333454	-0.252697	-0.136393	0.005682	0.169371	0.346479	0.521753	0.68469	0.824377	0.946205	1.03685	1.08546	1.09781	
-0.268206	-0.243036	-0.204922	-0.160953	-0.123512	-0.114512	-0.144652	-0.187277	-0.229435	-0.258289	-0.279346	-0.283434	-0.264091	-0.218026	-0.141443	-0.0347321	0.0875573	0.223219	0.366216	0.516633	0.667458	0.819828	0.947043	1.03633	1.08606	
-0.170735	-0.137506	-0.0940358	-0.0419716	0.00101394	0.00928072	-0.0220746	-0.0740233	-0.122084	-0.157921	-0.18548	-0.194942	-0.191636	-0.176807	-0.142116	-0.0820263	-0.00322037	0.0919333	0.201398	0.330576	0.484908	0.660501	0.820486	0.945132	1.02689	
-0.0741948	-0.0476718	-0.00987685	0.0340225	0.0668022	0.0733876	0.0493074	0.00820825	-0.0340108	-0.0646643	-0.0869022	-0.105128	-0.119504	-0.131739	-0.136983	-0.123083	-0.0886676	-0.0279128	0.0567758	0.167717	0.318105	0.501635	0.681668	0.823913	0.923532	
0.00359578	0.0209541	0.0445041	0.0735329	0.0883034	0.0899869	0.0809052	0.056959	0.0291666	0.00997921	-0.00735823	-0.0306354	-0.0623794	-0.0956925	-0.128066	-0.147723	-0.147275	-0.111928	-0.0487012	0.0469309	0.184626	0.354815	0.527062	0.66895	0.766985	
0.0469953	0.0584754	0.0682676	0.0791174	0.0809676	0.0804005	0.0806094	0.0728971	0.0625706	0.0516728	0.0384977	0.0131822	-0.0250237	-0.0684486	-0.114298	-0.152124	-0.171986	-0.159342	-0.115637	-0.0390884	0.0786929	0.221042	0.365655	0.485748	0.574462	
0.0585095	0.0639328	0.0592695	0.0532131	0.0487716	0.0488951	0.0510953	0.056504	0.0632159	0.0617592	0.0522306	0.0305547	-0.00278404	-0.0468768	-0.0945162	-0.135371	-0.169501	-0.17634	-0.153998	-0.100361	-0.00928858	0.0971573	0.202187	0.289147	0.361316	
0.0436318	0.0444061	0.0296721	0.0153153	0.00665403	0.0058939	0.0109194	0.0231836	0.0397927	0.0457219	0.0389346	0.0269002	0.0044721	-0.0306334	-0.0695854	-0.103838	-0.139917	-0.160708	-0.159654	-0.13099	-0.0780422	-0.0131786	0.0480827	0.0971141	0.145976	
0.0137675	0.00376053	-0.0146448	-0.0345195	-0.0511484	-0.0545639	-0.0422452	-0.0226899	-0.00235966	0.0108108	0.015372	0.0116886	0.00208753	-0.0193097	-0.0470278	-0.0719232	-0.0999966	-0.124432	-0.1361	-0.136485	-0.126575	-0.109453	-0.0890611	-0.0736513	-0.0502919	
-0.0133023	-0.0451216	-0.0741095	-0.101305	-0.128523	-0.134056	-0.113615	-0.0842937	-0.0574883	-0.0251977	-0.000583391	0.00570844	0.00282626	-0.00784792	-0.0244163	-0.0397191	-0.0594856	-0.0792683	-0.100141	-0.124314	-0.154376	-0.182695	-0.203353	-0.217403	-0.219842	
-0.0388177	-0.0923289	-0.139202	-0.173956	-0.202708	-0.209557	-0.18644	-0.153863	-0.113123	-0.0589079	-0.0160297	0.00350545	0.00606096	0.00205083	-0.00290898	-0.00680085	-0.0139466	-0.0315636	-0.0601932	-0.102174	-0.162143	-0.224166	-0.284293	-0.33212	-0.359673	
-0.0725558	-0.136126	-0.193418	-0.23458	-0.257876	-0.261562	-0.246373	-0.211859	-0.160703	-0.0964521	-0.0445767	-0.0144739	0.00296001	0.00581133	0.00562812	0.0153237	0.0217902	0.0093164	-0.0226921	-0.0816461	-0.160877	-0.2448	-0.329509	-0.405715	-0.45646	
-0.113389	-0.171314	-0.224873	-0.260653	-0.27809	-0.281291	-0.269588	-0.241931	-0.194639	-0.13474	-0.0857396	-0.0444455	-0.0128318	0.00120368	0.00917159	0.0267133	0.0440565	0.0399148	0.00671271	-0.0596698	-0.152875	-0.245943	-0.339834	-0.428851	-0.500004	
-0.157337	-0.203645	-0.237193	-0.256194	-0.267157	-0.269485	-0.26099	-0.246159	-0.219575	-0.175616	-0.130434	-0.0884353	-0.051442	-0.023235	0.00256119	0.0322489	0.0554219	0.0551162	0.025716	-0.0394168	-0.131977	-0.228844	-0.329353	-0.429378	-0.514553	
-0.203645	-0.231037	-0.239986	-0.237513	-0.236348	-0.2363	-0.236688	-0.239522	-0.237355	-0.216266	-0.18427	-0.150698	-0.110929	-0.0642592	-0.0154157	0.0303002	0.0589969	0.0637223	0.0404073	-0.0172038	-0.100052	-0.199312	-0.311789	-0.426528	-0.525073	
-0.237193	-0.239986	-0.234799	-0.219469	-0.206364	-0.204684	-0.213409	-0.229034	-0.23912	-0.238939	-0.232064	-0.208497	-0.162965	-0.100487	-0.0373097	0.0139859	0.0493065	0.0682535	0.0575396	0.0157047	-0.0569643	-0.157129	-0.283146	-0.416349	-0.532303	
-0.256194	-0.237513	-0.219469	-0.199351	-0.181927	-0.177925	-0.191988	-0.211472	-0.229844	-0.249383	-0.261923	-0.249382	-0.201229	-0.129947	-0.0603055	-0.00254716	0.0392939	0.0715131	0.0797378	0.0537987	-0.00619197	-0.108426	-0.249041	-0.404962	-0.539429	
-0.267157	-0.236348	-0.206364	-0.181927	-0.16539	-0.161747	-0.174057	-0.195838	-0.223962	-0.256078	-0.276687	-0.270332	-0.228476	-0.158892	-0.0810278	-0.0137224	0.0325524	0.0703536	0.0885678	0.0793878	0.0339408	-0.0672104	-0.220488	-0.397387	-0.549084	
-0.269485	-0.2363	-0.204684	-0.177925	-0.161747	-0.158449	-0.169596	-0.192952	-0.22327	-0.257251	-0.279858	-0.273336	-0.234619	-0.165654	-0.0852289	-0.0154287	0.0322738	0.0702612	0.0891195	0.0847116	0.0417493	-0.0579228	-0.214646	-0.396317	-0.551098	
-0.26099	-0.236688	-0.213409	-0.191988	-0.174057	-0.169596	-0.184409	-0.204497	-0.226854	-0.252439	-0.268943	-0.260375	-0.213597	-0.142748	-0.0697813	-0.00774821	0.0358768	0.0710008	0.0847213	0.0658422	0.012639	-0.0902499	-0.236127	-0.401469	-0.543671	
-0.246159	-0.239522	-0.229034	-0.211472	-0.195838	-0.192952	-0.204497	-0.222498	-0.235693	-0.244195	-0.24636	-0.227294	-0.179465	-0.112075	-0.0461476	0.00679983	0.0447094	0.0696357	0.0671607	0.0316134	-0.036889	-0.138055	-0.269379	-0.410816	-0.534495	
-0.219575	-0.237355	-0.23912	-0.229844	-0.223962	-0.22327	-0.226854	-0.235693	-0.240363	-0.227956	-0.205582	-0.175746	-0.133366	-0.0800848	-0.0237031	0.0250376	0.0563236	0.0663704	0.0465204	-0.00557973	-0.0845789	-0.184261	-0.301747	-0.424006	-0.528444	
-0.175616	-0.216266	-0.238939	-0.249383	-0.256078	-0.257251	-0.252439	-0.244195	-0.227956	-0.192939	-0.150526	-0.111756	-0.0736363	-0.0383054	-0.00372083	0.0330674	0.0584151	0.0588355	0.0314587	-0.031816	-0.119919	-0.21736	-0.322586	-0.428873	-0.519203	
-0.130434	-0.18427	-0.232064	-0.261923	-0.276687	-0.279858	-0.268943	-0.24636	-0.205582	-0.150526	-0.103191	-0.0602463	-0.0254026	-0.00629883	0.00829138	0.0295007	0.0495212	0.0477407	0.0153102	-0.0513844	-0.146193	-0.241649	-0.337575	-0.430198	-0.507354	
-0.0884353	-0.150698	-0.208497	-0.249382	-0.270332	-0.273336	-0.260375	-0.227294	-0.175746	-0.111756	-0.0602463	-0.0252285	-0.00154351	0.0057992	0.0077228	0.0207773	0.0318401	0.0227977	-0.00926	-0.0722676	-0.159159	-0.247852	-0.337084	-0.419561	-0.478904	
-0.051442	-0.110929	-0.162965	-0.201229	-0.228476	-0.234619	-0.213597	-0.179465	-0.133366	-0.0736363	-0.0254026	-0.00154351	0.00620263	0.0041341	0.00166062	0.00358445	0.00188136	-0.0143435	-0.044793	-0.0941535	-0.162262	-0.234833	-0.306905	-0.367483	-0.405334	
-0.023235	-0.0642592	-0.100487	-0.129947	-0.158892	-0.165654	-0.142748	-0.112075	-0.0800848	-0.0383054	-0.00629883	0.0057992	0.0041341	-0.00324231	-0.0148363	-0.0255325	-0.0401594	-0.0593081	-0.084136	-0.115682	-0.159129	-0.202133	-0.24017	-0.267576	-0.279645	
0.00256119	-0.0154157	-0.0373097	-0.0603055	-0.0810278	-0.0852289	-0.0697813	-0.0461476	-0.0237031	-0.00372083	0.00829138	0.0077228	0.00166062	-0.0148363	-0.038342	-0.0598767	-0.0848498	-0.107667	-0.123136	-0.133677	-0.140794	-0.142654	-0.138267	-0.134172	-0.121069	
0.0322489	0.0303002	0.0139859	-0.00254716	-0.0137224	-0.0154287	-0.00774821	0.00679983	0.0250376	0.0330674	0.0295007	0.0207773	0.00358445	-0.0255325	-0.0598767	-0.0904104	-0.124227	-0.147577	-0.151839	-0.135379	-0.0996786	-0.0537165	-0.00932352	0.0258481	0.0642856	
0.0554219	0.0589969	0.0493065	0.0392939	0.0325524	0.0322738	0.0358768	0.0447094	0.0563236	0.0584151	0.0495212	0.0318401	0.00188136	-0.0401594	-0.0848498	-0.124227	-0.160655	-0.1739	-0.160939	-0.116351	-0.0393712	0.0516168	0.138908	0.210257	0.274089	
0.0551162	0.0637223	0.0682535	0.0715131	0.0703536	0.0702612	0.0710008	0.0696357	0.0663704	0.0588355	0.0477407	0.0227977	-0.0143435	-0.0593081	-0.107667	-0.147577	-0.1739	-0.169885	-0.13455	-0.0667954	0.0416156	0.170231	0.300056	0.408017	0.490974	
0.025716	0.0404073	0.0575396	0.0797378	0.0885678	0.0891195	0.0847213	0.0671607	0.0465204	0.0314587	0.0153102	-0.00926	-0.044793	-0.084136	-0.123136	-0.151839	-0.160939	-0.13455	-0.0792271	0.00929727	0.139732	0.299344	0.4626	0.598198	0.692985	
-0.0394168	-0.0172038	0.0157047	0.0537987	0.0793878	0.0847116	0.0658422	0.0316134	-0.00557973	-0.031816	-0.0513844	-0.0722676	-0.0941535	-0.115682	-0.133677	-0.135379	-0.116351	-0.0667954	0.00929727	0.114597	0.26055	0.44167	0.6222	0.765568	0.86692	
-0.131977	-0.100052	-0.0569643	-0.00619197	0.0339408	0.0417493	0.012639	-0.036889	-0.0845789	-0.119919	-0.146193	-0.159159	-0.162262	-0.159129	-0.140794	-0.0996786	-0.0393712	0.0416156	0.139732	0.26055	0.4147	0.595684	0.765792	0.899929	0.991254	
-0.228844	-0.199312	-0.157129	-0.108426	-0.0672104	-0.0579228	-0.0902499	-0.138055	-0.184261	-0.21736	-0.241649	-0.247852	-0.234833	-0.202133	-0.142654	-0.0537165	0.0516168	0.170231	0.299344	0.44167	0.595684	0.758674	0.900052	1.00431	1.06829	
-0.329353	-0.311789	-0.283146	-0.249041	-0.220488	-0.214646	-0.236127	-0.269379	-0.301747	-0.322586	-0.337575	-0.337084	-0.306905	-0.24017	-0.138267	-0.00932352	0.138908	0.300056	0.4626	0.6222	0.765792	0.900052	1.00588	1.07119	1.09865	
-0.429378	-0.426528	-0.416349	-0.404962	-0.397387	-0.396317	-0.401469	-0.410816	-0.424006	-0.428873	-0.430198	-0.419561	-0.367483	-0.267576	-0.134172	0.0258481	0.210257	0.408017	0.598198	0.765568	0.899929	1.00431	1.07119	1.09409	1.08405	
-0.514553	-0.525073	-0.532303	-0.539429	-0.549084	-0.551098	-0.543671	-0.534495	-0.528444	-0.519203	-0.507354	-0.478904	-0.405334	-0.279645	-0.121069	0.0642856	0.274089	0.490974	0.692985	0.86692	0.991254	1.06829	1.09865	1.08405	1.04024	
