-0.080414	-0.168255	-0.233742	-0.251701	-0.234188	-0.178115	-0.0917409	0.0221608	0.167297	0.337931	0.513515	0.678253	0.819529	0.93467	1.00678	1.01296	0.942158	0.81551	0.643589	0.443325	0.234542	0.0432752	-0.120447	-0.250905	-0.351808	
-0.168255	-0.237247	-0.279241	-0.263857	-0.201611	-0.107942	0.00798369	0.137157	0.286011	0.456299	0.626458	0.781252	0.916426	1.02691	1.09077	1.09204	1.02617	0.903838	0.731299	0.526387	0.310772	0.112852	-0.0479359	-0.178449	-0.276747	
-0.233742	-0.279241	-0.295938	-0.255849	-0.164513	-0.0472109	0.0852094	0.232517	0.38768	0.554143	0.717449	0.863398	0.995997	1.10134	1.15485	1.15561	1.09088	0.969563	0.801184	0.604676	0.399739	0.205608	0.0450215	-0.0885302	-0.186111	
-0.251701	-0.263857	-0.255849	-0.202967	-0.107982	0.0152763	0.152798	0.309311	0.47442	0.639253	0.796341	0.930402	1.04601	1.1347	1.17714	1.17123	1.1054	0.989254	0.835404	0.657805	0.466977	0.282451	0.125894	-0.00570046	-0.0973666	
-0.234188	-0.201611	-0.164513	-0.107982	-0.0182474	0.0987706	0.231449	0.382394	0.545007	0.705266	0.852493	0.969379	1.06025	1.12579	1.14564	1.12084	1.05516	0.951799	0.821098	0.66293	0.485511	0.320718	0.175579	0.056759	-0.0255203	
-0.178115	-0.107942	-0.0472109	0.0152763	0.0987706	0.205269	0.322416	0.455401	0.598117	0.739429	0.865686	0.963957	1.03379	1.06439	1.05589	1.0114	0.945327	0.855322	0.739335	0.598292	0.44509	0.30209	0.176891	0.0713357	-0.000335009	
-0.0917409	0.00798369	0.0852094	0.152798	0.231449	0.322416	0.412658	0.512296	0.616938	0.73028	0.839336	0.918367	0.960362	0.956793	0.922044	0.866304	0.790898	0.699011	0.590268	0.47139	0.349716	0.236596	0.13475	0.0476975	-0.0155258	
0.0221608	0.137157	0.232517	0.309311	0.382394	0.455401	0.512296	0.562646	0.621291	0.697072	0.779698	0.826284	0.83159	0.800366	0.749995	0.683416	0.601643	0.50781	0.411069	0.31636	0.224951	0.141401	0.0692213	0.00534019	-0.0476926	
0.167297	0.286011	0.38768	0.47442	0.545007	0.598117	0.616938	0.621291	0.630971	0.6628	0.695358	0.697026	0.669089	0.610357	0.538851	0.464342	0.384545	0.303146	0.226157	0.155991	0.0923447	0.038152	-0.00307641	-0.0402529	-0.0782487	
0.337931	0.456299	0.554143	0.639253	0.705266	0.739429	0.73028	0.697072	0.6628	0.633605	0.606143	0.565224	0.498996	0.408039	0.313768	0.235953	0.166793	0.103327	0.0500999	0.00875687	-0.0265871	-0.0506987	-0.063393	-0.0770652	-0.0981012	
0.513515	0.626458	0.717449	0.796341	0.852493	0.865686	0.839336	0.779698	0.695358	0.606143	0.525719	0.442728	0.338989	0.219605	0.113159	0.0386283	-0.0211429	-0.0677004	-0.0956579	-0.111699	-0.11656	-0.110713	-0.100693	-0.0971126	-0.103273	
0.678253	0.781252	0.863398	0.930402	0.969379	0.963957	0.918367	0.826284	0.697026	0.565224	0.442728	0.322902	0.194367	0.0665939	-0.03692	-0.105119	-0.154	-0.184123	-0.192748	-0.18481	-0.162708	-0.131656	-0.107404	-0.0955284	-0.0891848	
0.819529	0.916426	0.995997	1.04601	1.06025	1.03379	0.960362	0.83159	0.669089	0.498996	0.338989	0.194367	0.0610024	-0.0492616	-0.13195	-0.179221	-0.20911	-0.224277	-0.216825	-0.187977	-0.14619	-0.104626	-0.075416	-0.058442	-0.0483464	
0.93467	1.02691	1.10134	1.1347	1.12579	1.06439	0.956793	0.800366	0.610357	0.408039	0.219605	0.0665939	-0.0492616	-0.126199	-0.166207	-0.177981	-0.181367	-0.180588	-0.158888	-0.117135	-0.0709777	-0.0315821	-0.00394823	0.0145259	0.0201794	
1.00678	1.09077	1.15485	1.17714	1.14564	1.05589	0.922044	0.749995	0.538851	0.313768	0.113159	-0.03692	-0.13195	-0.166207	-0.155347	-0.124693	-0.0961306	-0.0748821	-0.0458831	-0.00239061	0.035907	0.0642179	0.0870403	0.0985607	0.0993551	
1.01296	1.09204	1.15561	1.17123	1.12084	1.0114	0.866304	0.683416	0.464342	0.235953	0.0386283	-0.105119	-0.179221	-0.177981	-0.124693	-0.0541879	0.00542228	0.0487261	0.0856912	0.125498	0.155656	0.169427	0.175902	0.178117	0.172581	
0.942158	1.02617	1.09088	1.1054	1.05516	0.945327	0.790898	0.601643	0.384545	0.166793	-0.0211429	-0.154	-0.20911	-0.181367	-0.0961306	0.00542228	0.0940912	0.16126	0.211739	0.252897	0.272736	0.269793	0.257724	0.244153	0.230238	
0.81551	0.903838	0.969563	0.989254	0.951799	0.855322	0.699011	0.50781	0.303146	0.103327	-0.0677004	-0.184123	-0.224277	-0.180588	-0.0748821	0.0487261	0.16126	0.259798	0.331788	0.377741	0.387725	0.365798	0.334248	0.299933	0.266982	
0.643589	0.731299	0.801184	0.835404	0.821098	0.739335	0.590268	0.411069	0.226157	0.0500999	-0.0956579	-0.192748	-0.216825	-0.158888	-0.0458831	0.0856912	0.211739	0.331788	0.425373	0.478479	0.482905	0.44763	0.40096	0.35134	0.29763	
0.443325	0.526387	0.604676	0.657805	0.66293	0.598292	0.47139	0.31636	0.155991	0.00875687	-0.111699	-0.18481	-0.187977	-0.117135	-0.00239061	0.125498	0.252897	0.377741	0.478479	0.536379	0.531594	0.485487	0.433417	0.374974	0.308651	
0.234542	0.310772	0.399739	0.466977	0.485511	0.44509	0.349716	0.224951	0.0923447	-0.0265871	-0.11656	-0.162708	-0.14619	-0.0709777	0.035907	0.155656	0.272736	0.387725	0.482905	0.531594	0.517565	0.46673	0.415572	0.354824	0.284035	
0.0432752	0.112852	0.205608	0.282451	0.320718	0.30209	0.236596	0.141401	0.038152	-0.0506987	-0.110713	-0.131656	-0.104626	-0.0315821	0.0642179	0.169427	0.269793	0.365798	0.44763	0.485487	0.46673	0.420251	0.365103	0.303944	0.239688	
-0.120447	-0.0479359	0.0450215	0.125894	0.175579	0.176891	0.13475	0.0692213	-0.00307641	-0.063393	-0.100693	-0.107404	-0.075416	-0.00394823	0.0870403	0.175902	0.257724	0.334248	0.40096	0.433417	0.415572	0.365103	0.301432	0.235548	0.183895	
-0.250905	-0.178449	-0.0885302	-0.00570046	0.056759	0.0713357	0.0476975	0.00534019	-0.0402529	-0.0770652	-0.0971126	-0.0955284	-0.058442	0.0145259	0.0985607	0.178117	0.244153	0.299933	0.35134	0.374974	0.354824	0.303944	0.235548	0.171164	0.121434	
-0.351808	-0.276747	-0.186111	-0.0973666	-0.0255203	-0.000335009	-0.0155258	-0.0476926	-0.0782487	-0.0981012	-0.103273	-0.0891848	-0.0483464	0.0201794	0.0993551	0.172581	0.230238	0.266982	0.29763	0.308651	0.284035	0.239688	0.183895	0.121434	0.071012	
-0.430927	-0.34836	-0.247701	-0.151312	-0.0751932	-0.0448069	-0.0536809	-0.0820932	-0.109884	-0.123351	-0.118052	-0.094034	-0.0494005	0.0152935	0.091305	0.160862	0.207191	0.226316	0.237723	0.237854	0.214955	0.181316	0.139538	0.0892782	0.0491907	
-0.487859	-0.403224	-0.292543	-0.186845	-0.106243	-0.0676533	-0.0664793	-0.0886392	-0.117918	-0.136894	-0.131866	-0.106465	-0.0641859	-0.00259728	0.0693418	0.135621	0.174446	0.18369	0.182069	0.175906	0.16078	0.135694	0.103117	0.0719257	0.0490106	
-0.528138	-0.445011	-0.331466	-0.217552	-0.127362	-0.076801	-0.063	-0.0801661	-0.11161	-0.133374	-0.131216	-0.10808	-0.0764263	-0.0299396	0.0311414	0.0924637	0.136322	0.149796	0.141143	0.134667	0.129075	0.116278	0.0980453	0.079506	0.0631827	
-0.553476	-0.481341	-0.371561	-0.249161	-0.143847	-0.0770761	-0.0539425	-0.0640634	-0.0929479	-0.118217	-0.121827	-0.108242	-0.0893815	-0.0610287	-0.0153424	0.0455197	0.097196	0.123159	0.120104	0.114902	0.117348	0.1153	0.110326	0.0990581	0.0766106	
-0.567988	-0.504199	-0.401766	-0.277649	-0.163196	-0.0868823	-0.0526088	-0.0517272	-0.07243	-0.100148	-0.115502	-0.111381	-0.103034	-0.0840711	-0.0465361	0.0112109	0.065331	0.101214	0.110076	0.112951	0.115378	0.115068	0.115099	0.105464	0.0796698	
-0.570991	-0.506893	-0.406064	-0.282864	-0.168201	-0.0888011	-0.0527374	-0.0484267	-0.0676447	-0.0960107	-0.114235	-0.113016	-0.105918	-0.0895451	-0.0516486	0.00464364	0.0583559	0.0964509	0.108602	0.114084	0.116104	0.113586	0.115203	0.104446	0.07918	
-0.560058	-0.492824	-0.38615	-0.262277	-0.151217	-0.0805427	-0.0525607	-0.0582618	-0.0842978	-0.111003	-0.119151	-0.109281	-0.0953201	-0.0716613	-0.0305597	0.0299855	0.0827149	0.112814	0.115123	0.113224	0.115573	0.115813	0.113574	0.104232	0.0793947	
-0.53975	-0.460586	-0.347218	-0.229283	-0.134037	-0.0764468	-0.05923	-0.0740186	-0.105568	-0.128287	-0.127893	-0.107288	-0.0808593	-0.0426089	0.0118709	0.0733764	0.120861	0.139421	0.130847	0.124054	0.122472	0.114757	0.102709	0.0874445	0.0688636	
-0.50603	-0.420819	-0.308539	-0.200361	-0.115573	-0.0728963	-0.0662425	-0.0859769	-0.117048	-0.137084	-0.133141	-0.109023	-0.0696521	-0.0125092	0.0559001	0.119697	0.159625	0.168963	0.162846	0.15623	0.144662	0.124656	0.0971324	0.0719078	0.0540038	
-0.455617	-0.372406	-0.266583	-0.165962	-0.0892168	-0.0562034	-0.062043	-0.0881383	-0.115878	-0.13071	-0.124696	-0.0990764	-0.0544054	0.0100457	0.0847687	0.153211	0.194483	0.208654	0.214548	0.211282	0.191297	0.160702	0.122045	0.0800347	0.0469596	
-0.386541	-0.307834	-0.214359	-0.123388	-0.0486998	-0.0209541	-0.0334636	-0.0638931	-0.0928796	-0.108536	-0.108493	-0.0893308	-0.0471104	0.0191479	0.0969307	0.168868	0.222564	0.251586	0.273831	0.280481	0.254937	0.215418	0.166166	0.106609	0.0590103	
-0.294224	-0.221586	-0.132078	-0.0470623	0.0194298	0.0390125	0.0193185	-0.0175673	-0.055108	-0.0844099	-0.0980901	-0.0922557	-0.0530546	0.0179257	0.0997197	0.176918	0.239545	0.287403	0.331001	0.349171	0.32754	0.278152	0.213669	0.14929	0.097867	
-0.176881	-0.104236	-0.0118331	0.0698624	0.124061	0.130446	0.0975068	0.042134	-0.0180547	-0.0682447	-0.0984403	-0.101533	-0.0680535	0.00517242	0.0934746	0.177415	0.252091	0.319959	0.381001	0.411166	0.392684	0.34144	0.274193	0.208973	0.159453	
-0.0259172	0.0447556	0.137408	0.216636	0.260211	0.251035	0.19497	0.112015	0.0205729	-0.0567256	-0.106214	-0.120688	-0.0913232	-0.0193689	0.0745993	0.172698	0.265423	0.353811	0.429726	0.46483	0.446592	0.398286	0.340258	0.277034	0.218725	
0.155242	0.227486	0.3184	0.390246	0.417175	0.384985	0.302818	0.189386	0.0693264	-0.0381028	-0.115397	-0.149964	-0.128328	-0.0539098	0.048124	0.16224	0.273775	0.381285	0.471566	0.515266	0.498544	0.450158	0.398097	0.337474	0.267927	
0.359119	0.440404	0.523769	0.582936	0.592589	0.538268	0.422703	0.279443	0.129876	-0.00595838	-0.115132	-0.177723	-0.172627	-0.098518	0.0138716	0.139599	0.263868	0.386738	0.486407	0.541875	0.533385	0.483892	0.432027	0.371821	0.302053	
0.566044	0.652325	0.72447	0.766042	0.760942	0.685145	0.543482	0.372566	0.196618	0.0322418	-0.103053	-0.191394	-0.207333	-0.143406	-0.0285823	0.101759	0.229777	0.353361	0.452096	0.508807	0.509639	0.469683	0.419819	0.365742	0.306258	
0.751681	0.839594	0.907108	0.931988	0.902498	0.812175	0.657459	0.469419	0.272085	0.0805503	-0.0809123	-0.189385	-0.224353	-0.175199	-0.0654001	0.0632752	0.182367	0.292043	0.373786	0.4221	0.429695	0.401309	0.362593	0.321716	0.27928	
0.896798	0.983727	1.04844	1.06372	1.01798	0.912611	0.755741	0.565155	0.351364	0.140576	-0.0417683	-0.168686	-0.217509	-0.182156	-0.0876438	0.0246233	0.123444	0.203004	0.261067	0.303843	0.319034	0.309012	0.289189	0.267342	0.246975	
0.993524	1.07327	1.13744	1.15241	1.09933	0.987646	0.837798	0.651611	0.43321	0.208173	0.01356	-0.126654	-0.192735	-0.179663	-0.112082	-0.0282762	0.0433796	0.0955121	0.136885	0.176334	0.203287	0.21023	0.209088	0.205879	0.197826	
1.01818	1.09902	1.1621	1.18093	1.14083	1.04176	0.902903	0.726189	0.509814	0.280797	0.0799924	-0.0679858	-0.154639	-0.172988	-0.144164	-0.0964719	-0.0554036	-0.0253704	0.00627051	0.0483215	0.0831186	0.1063	0.123225	0.1317	0.130118	
0.969948	1.05963	1.12951	1.15783	1.13975	1.06566	0.944976	0.781672	0.582136	0.369064	0.173769	0.021152	-0.08616	-0.146232	-0.166322	-0.160922	-0.152302	-0.143164	-0.117479	-0.074327	-0.0304836	0.00500921	0.0318792	0.0484039	0.05125	
0.868951	0.963992	1.04247	1.08603	1.09079	1.05088	0.964105	0.822343	0.648897	0.464882	0.291528	0.141856	0.0137274	-0.0850743	-0.152071	-0.187232	-0.206987	-0.216685	-0.202965	-0.167207	-0.122373	-0.0801449	-0.0503883	-0.0323231	-0.0230664	
0.737766	0.837947	0.918967	0.978955	1.00789	0.995539	0.940513	0.83347	0.689652	0.542152	0.404307	0.272558	0.138946	0.0159051	-0.0824199	-0.143398	-0.186464	-0.210344	-0.212304	-0.195573	-0.163704	-0.127008	-0.100606	-0.0856874	-0.0771908	
0.581625	0.690039	0.777072	0.852482	0.902798	0.908007	0.874812	0.803687	0.700028	0.592143	0.493701	0.395095	0.279795	0.154061	0.0469437	-0.0266747	-0.0818759	-0.12202	-0.141893	-0.147954	-0.141735	-0.123928	-0.107083	-0.0999671	-0.0994323	
