-0.34064	-0.355897	-0.380577	-0.401868	-0.4122	-0.414792	-0.406911	-0.390544	-0.365235	-0.344809	-0.339758	-0.338629	-0.342205	-0.360857	-0.387179	-0.40044	-0.412452	-0.420671	-0.415018	-0.378026	-0.318147	-0.234855	-0.128834	-0.0080738	0.103427	
-0.426595	-0.438733	-0.450873	-0.458356	-0.460196	-0.461646	-0.45919	-0.455194	-0.443677	-0.431477	-0.421717	-0.414215	-0.407465	-0.415075	-0.428784	-0.433818	-0.434664	-0.439448	-0.432219	-0.399299	-0.357892	-0.307185	-0.236735	-0.149536	-0.0725541	
-0.500947	-0.505153	-0.500493	-0.494516	-0.488593	-0.489023	-0.491416	-0.498641	-0.503501	-0.504332	-0.495265	-0.485113	-0.471198	-0.462965	-0.457377	-0.453472	-0.441381	-0.437057	-0.424225	-0.39712	-0.36297	-0.332544	-0.285843	-0.231583	-0.185962	
-0.540564	-0.534335	-0.519292	-0.506954	-0.50064	-0.499466	-0.503988	-0.513005	-0.528922	-0.539713	-0.537878	-0.529375	-0.517025	-0.491288	-0.465782	-0.448046	-0.429816	-0.412077	-0.394454	-0.365177	-0.333175	-0.305381	-0.268422	-0.232849	-0.217709	
-0.535998	-0.524746	-0.508585	-0.497557	-0.493398	-0.491985	-0.495584	-0.502217	-0.51844	-0.533221	-0.535513	-0.531913	-0.522628	-0.491329	-0.452655	-0.42584	-0.397395	-0.366665	-0.338724	-0.302148	-0.255632	-0.216439	-0.182306	-0.162818	-0.171758	
-0.47948	-0.473738	-0.463663	-0.457913	-0.453574	-0.453387	-0.455477	-0.460877	-0.46905	-0.478864	-0.478254	-0.478237	-0.472241	-0.448413	-0.413185	-0.385038	-0.343688	-0.292403	-0.244027	-0.194479	-0.132995	-0.0783154	-0.0400402	-0.0330549	-0.0643964	
-0.366424	-0.371466	-0.371731	-0.373194	-0.370109	-0.370775	-0.3716	-0.373346	-0.371358	-0.369032	-0.364529	-0.365316	-0.364231	-0.352565	-0.332203	-0.303734	-0.250252	-0.179561	-0.107948	-0.0386384	0.0338792	0.0928106	0.133212	0.137664	0.100035	
-0.212576	-0.222318	-0.233003	-0.24241	-0.245714	-0.247527	-0.243929	-0.238237	-0.226267	-0.216156	-0.211197	-0.215262	-0.214203	-0.209834	-0.200583	-0.171227	-0.108582	-0.0305725	0.0496016	0.136743	0.221437	0.288757	0.326232	0.333955	0.29902	
-0.0421875	-0.0495512	-0.0638695	-0.076533	-0.0874451	-0.0892597	-0.0821053	-0.0688497	-0.0551123	-0.0438703	-0.0427713	-0.0476748	-0.0430682	-0.0330152	-0.024586	0.00330117	0.0625746	0.132865	0.211194	0.305549	0.402033	0.482638	0.531307	0.540262	0.502722	
0.115122	0.109209	0.102198	0.0946946	0.0860512	0.0840624	0.0908921	0.0998045	0.106784	0.112477	0.117929	0.118072	0.128923	0.145412	0.161579	0.184935	0.232414	0.284812	0.357863	0.456719	0.563407	0.650497	0.711873	0.7281	0.688365	
0.243674	0.235761	0.240025	0.244353	0.245746	0.245568	0.245437	0.242546	0.236606	0.238452	0.252792	0.265874	0.277129	0.295958	0.314116	0.335617	0.370907	0.415996	0.478646	0.573168	0.682058	0.77321	0.835682	0.854367	0.820218	
0.335817	0.328044	0.338324	0.349583	0.357076	0.358237	0.353369	0.343203	0.331102	0.329602	0.348809	0.367003	0.376591	0.39243	0.414166	0.432688	0.462007	0.509832	0.571435	0.648308	0.740427	0.832679	0.895965	0.91365	0.879152	
0.390651	0.388615	0.397048	0.402556	0.405014	0.4056	0.403836	0.399332	0.391776	0.388082	0.398505	0.409984	0.416709	0.43291	0.458972	0.481694	0.507857	0.557005	0.621479	0.688309	0.756607	0.834843	0.896829	0.916863	0.879847	
0.403473	0.408064	0.408128	0.403486	0.397389	0.397303	0.400734	0.406479	0.408519	0.406107	0.402082	0.399733	0.406409	0.42488	0.451555	0.479089	0.513663	0.560832	0.622561	0.684221	0.744919	0.804464	0.852421	0.869962	0.834649	
0.370367	0.372055	0.365003	0.357386	0.351812	0.350894	0.354972	0.361722	0.369581	0.37268	0.363497	0.350991	0.355519	0.374964	0.39605	0.426083	0.470914	0.524317	0.579044	0.636276	0.697086	0.753007	0.783633	0.786007	0.75187	
0.305678	0.300742	0.293497	0.293002	0.291872	0.291768	0.291833	0.293477	0.297248	0.304756	0.302261	0.292797	0.293411	0.307133	0.323004	0.353522	0.403703	0.460782	0.516335	0.572989	0.635001	0.693046	0.717682	0.699674	0.64835	
0.223153	0.217495	0.219606	0.224067	0.224709	0.224193	0.224321	0.221676	0.217971	0.220017	0.226904	0.230621	0.233369	0.23914	0.249973	0.278412	0.326318	0.384839	0.446045	0.512441	0.577025	0.633765	0.654382	0.624791	0.551729	
0.134781	0.135072	0.143959	0.148989	0.147524	0.148332	0.148769	0.147046	0.137914	0.133367	0.142493	0.158547	0.165641	0.16978	0.180514	0.204272	0.243524	0.303244	0.377681	0.454171	0.52276	0.572836	0.588209	0.558163	0.479961	
0.0655336	0.0668305	0.0736114	0.0761324	0.0767563	0.0779835	0.0769951	0.0749722	0.0693119	0.0646303	0.0720197	0.087139	0.0943297	0.100537	0.120258	0.14812	0.178767	0.234184	0.314792	0.397536	0.467953	0.520049	0.5318	0.502464	0.430428	
0.0241371	0.0235449	0.0211554	0.0215905	0.0235188	0.0250311	0.0217034	0.0210793	0.0224591	0.0247181	0.0247699	0.0287107	0.0340158	0.0475693	0.0753546	0.111792	0.14354	0.190512	0.26322	0.342216	0.415635	0.476594	0.496848	0.466654	0.392191	
-0.010693	-0.0121121	-0.0188681	-0.0214166	-0.0232957	-0.0235902	-0.0229335	-0.0204177	-0.0148441	-0.00934026	-0.0152667	-0.0227393	-0.0136895	0.0120776	0.0420541	0.07598	0.11335	0.163973	0.229565	0.303139	0.37695	0.44517	0.473162	0.446395	0.367443	
-0.045757	-0.0469606	-0.0497851	-0.0520095	-0.0587078	-0.0598105	-0.0546689	-0.0500969	-0.0488834	-0.0453292	-0.0484437	-0.052536	-0.0421963	-0.0144295	0.0129643	0.0420178	0.0836651	0.145188	0.215053	0.284621	0.354915	0.417833	0.446257	0.424674	0.349179	
-0.0717617	-0.074084	-0.0723072	-0.0711516	-0.0736776	-0.073377	-0.0717498	-0.0710667	-0.0740272	-0.0735515	-0.0675447	-0.0570255	-0.0488415	-0.0381949	-0.0173284	0.0196899	0.07047	0.138328	0.209272	0.27384	0.336558	0.396579	0.423844	0.404592	0.329783	
-0.0862879	-0.0891936	-0.0895163	-0.0869289	-0.0812087	-0.078843	-0.0850289	-0.0888892	-0.0893537	-0.0879277	-0.0802308	-0.0620695	-0.0533228	-0.053992	-0.038001	0.00798493	0.0658359	0.132989	0.204184	0.267158	0.326048	0.383482	0.413484	0.39429	0.317422	
-0.0925516	-0.0945379	-0.0972444	-0.0962484	-0.0929723	-0.0912458	-0.0957149	-0.097408	-0.0956765	-0.0927358	-0.0894166	-0.0775705	-0.0664684	-0.056953	-0.0347595	0.00778835	0.0563003	0.119338	0.197326	0.272817	0.335266	0.388019	0.40839	0.381981	0.303821	
-0.0959485	-0.0974171	-0.0961337	-0.0969521	-0.103881	-0.105348	-0.0995969	-0.0957007	-0.0974764	-0.0964613	-0.0941076	-0.089195	-0.0793569	-0.0576521	-0.0252383	0.0108513	0.0464295	0.103371	0.187076	0.274492	0.347245	0.395409	0.401241	0.361847	0.285048	
-0.0974171	-0.0986089	-0.0980805	-0.0990581	-0.106414	-0.107445	-0.101839	-0.0974267	-0.0991566	-0.0978153	-0.0960218	-0.0916164	-0.0820333	-0.059101	-0.0264687	0.00983612	0.046764	0.104888	0.183876	0.26851	0.345385	0.40016	0.40285	0.356506	0.275807	
-0.0961337	-0.0980805	-0.105714	-0.107597	-0.102926	-0.100836	-0.106133	-0.107592	-0.101245	-0.0956461	-0.0976076	-0.0938746	-0.0800677	-0.0595311	-0.0326336	0.00438856	0.0504334	0.113924	0.189377	0.264175	0.337677	0.396555	0.408186	0.366576	0.284052	
-0.0969521	-0.0990581	-0.107597	-0.108452	-0.101977	-0.0989317	-0.106606	-0.109134	-0.102719	-0.0962798	-0.0977011	-0.0914763	-0.0777612	-0.0601724	-0.035924	0.00352049	0.052362	0.118742	0.19457	0.266494	0.33213	0.389734	0.409217	0.377229	0.292326	
-0.103881	-0.106414	-0.102926	-0.101977	-0.107032	-0.108062	-0.10374	-0.101699	-0.105478	-0.105782	-0.0984418	-0.085336	-0.0764437	-0.0666091	-0.0402234	0.00406235	0.053869	0.117377	0.194416	0.266171	0.328294	0.382221	0.40768	0.383433	0.297737	
-0.105348	-0.107445	-0.100836	-0.0989317	-0.108062	-0.109893	-0.10249	-0.098303	-0.105441	-0.1073	-0.0982538	-0.0826252	-0.0754844	-0.067037	-0.0408976	0.00542237	0.0550533	0.118634	0.194439	0.26635	0.327374	0.382148	0.408439	0.38513	0.297757	
-0.0995969	-0.101839	-0.106133	-0.106606	-0.10374	-0.10249	-0.105966	-0.107018	-0.103499	-0.0998149	-0.0983367	-0.0899902	-0.0771329	-0.0626236	-0.0377128	0.00296612	0.0530695	0.118271	0.194719	0.26586	0.330524	0.386379	0.408549	0.380062	0.295425	
-0.0957007	-0.0974267	-0.107592	-0.109134	-0.101699	-0.098303	-0.107018	-0.109593	-0.101757	-0.094578	-0.097838	-0.0933661	-0.0789914	-0.0588722	-0.0342149	0.00373761	0.0511045	0.116873	0.192078	0.265515	0.335168	0.393816	0.408609	0.371201	0.287889	
-0.0974764	-0.0991566	-0.101245	-0.102719	-0.105478	-0.105441	-0.103499	-0.101757	-0.100575	-0.0978997	-0.0966616	-0.0925986	-0.0814951	-0.0603291	-0.0292645	0.00733434	0.048315	0.107816	0.185506	0.265974	0.342468	0.398997	0.404931	0.359647	0.278294	
-0.0964613	-0.0978153	-0.0956461	-0.0962798	-0.105782	-0.1073	-0.0998149	-0.094578	-0.0978997	-0.09681	-0.0945389	-0.0900534	-0.0814155	-0.0576947	-0.0241181	0.0120599	0.0459564	0.10261	0.184512	0.272538	0.348032	0.398981	0.40167	0.357085	0.278261	
-0.0941076	-0.0960218	-0.0976076	-0.0977011	-0.0984418	-0.0982538	-0.0983367	-0.097838	-0.0966616	-0.0945389	-0.0922138	-0.084518	-0.0729	-0.0574931	-0.0302939	0.00851689	0.0512343	0.111152	0.192817	0.273999	0.340999	0.391034	0.404955	0.373432	0.29656	
-0.089195	-0.0916164	-0.0938746	-0.0914763	-0.085336	-0.0826252	-0.0899902	-0.0933661	-0.0925986	-0.0900534	-0.084518	-0.0672718	-0.0576273	-0.0557003	-0.038993	0.00712932	0.0624885	0.129058	0.202547	0.269212	0.327719	0.38346	0.411584	0.39088	0.31317	
-0.0793569	-0.0820333	-0.0800677	-0.0777612	-0.0764437	-0.0754844	-0.0771329	-0.0789914	-0.0814951	-0.0814155	-0.0729	-0.0576273	-0.0495183	-0.0464955	-0.0281912	0.0132054	0.0686563	0.136718	0.207523	0.269755	0.330193	0.389445	0.41838	0.399844	0.32391	
-0.0576521	-0.059101	-0.0595311	-0.0601724	-0.0666091	-0.067037	-0.0626236	-0.0588722	-0.0603291	-0.0576947	-0.0574931	-0.0557003	-0.0464955	-0.0239511	0.000551737	0.0319363	0.0765549	0.141583	0.212144	0.280036	0.347667	0.408744	0.436197	0.415397	0.34097	
-0.0252383	-0.0264687	-0.0326336	-0.035924	-0.0402234	-0.0408976	-0.0377128	-0.0342149	-0.0292645	-0.0241181	-0.0302939	-0.038993	-0.0281912	0.000551737	0.0302858	0.0612988	0.100358	0.15455	0.221482	0.293972	0.366943	0.433487	0.462264	0.438321	0.360746	
0.0108513	0.00983612	0.00438856	0.00352049	0.00406235	0.00542237	0.00296612	0.00373761	0.00733434	0.0120599	0.00851689	0.00712932	0.0132054	0.0319363	0.0612988	0.098611	0.132167	0.17862	0.247606	0.324065	0.398018	0.463006	0.487571	0.457481	0.380748	
0.0464295	0.046764	0.0504334	0.052362	0.053869	0.0550533	0.0530695	0.0511045	0.048315	0.0459564	0.0512343	0.0624885	0.0686563	0.0765549	0.100358	0.132167	0.162198	0.213881	0.292283	0.374135	0.445901	0.501983	0.515247	0.484958	0.413479	
0.103371	0.104888	0.113924	0.118742	0.117377	0.118634	0.118271	0.116873	0.107816	0.10261	0.111152	0.129058	0.136718	0.141583	0.15455	0.17862	0.213881	0.273345	0.351886	0.431383	0.501042	0.550538	0.563649	0.534207	0.458588	
0.187076	0.183876	0.189377	0.19457	0.194416	0.194439	0.194719	0.192078	0.185506	0.184512	0.192817	0.202547	0.207523	0.212144	0.221482	0.247606	0.292283	0.351886	0.418187	0.48926	0.554917	0.608851	0.627916	0.597438	0.51968	
0.274492	0.26851	0.264175	0.266494	0.266171	0.26635	0.26586	0.265515	0.265974	0.272538	0.273999	0.269212	0.269755	0.280036	0.293972	0.324065	0.374135	0.431383	0.48926	0.548508	0.611099	0.669134	0.693243	0.668413	0.60704	
0.347245	0.345385	0.337677	0.33213	0.328294	0.327374	0.330524	0.335168	0.342468	0.348032	0.340999	0.327719	0.330193	0.347667	0.366943	0.398018	0.445901	0.501042	0.554917	0.611099	0.67228	0.729395	0.756221	0.750207	0.712091	
0.395409	0.40016	0.396555	0.389734	0.382221	0.382148	0.386379	0.393816	0.398997	0.398981	0.391034	0.38346	0.389445	0.408744	0.433487	0.463006	0.501983	0.550538	0.608851	0.669134	0.729395	0.785903	0.825788	0.839021	0.804885	
0.401241	0.40285	0.408186	0.409217	0.40768	0.408439	0.408549	0.408609	0.404931	0.40167	0.404955	0.411584	0.41838	0.436197	0.462264	0.487571	0.515247	0.563649	0.627916	0.693243	0.756221	0.825788	0.883291	0.903214	0.867689	
0.361847	0.356506	0.366576	0.377229	0.383433	0.38513	0.380062	0.371201	0.359647	0.357085	0.373432	0.39088	0.399844	0.415397	0.438321	0.457481	0.484958	0.534207	0.597438	0.668413	0.750207	0.839021	0.903214	0.921271	0.885362	
0.285048	0.275807	0.284052	0.292326	0.297737	0.297757	0.295425	0.287889	0.278294	0.278261	0.29656	0.31317	0.32391	0.34097	0.360746	0.380748	0.413479	0.458588	0.51968	0.60704	0.712091	0.804885	0.867689	0.885362	0.85244	
