0.238793	0.228244	0.224813	0.221632	0.223079	0.223974	0.220997	0.223516	0.226757	0.233243	0.24563	0.251042	0.255208	0.258146	0.237148	0.19287	0.144402	0.0877321	0.0131104	-0.0586427	-0.115533	-0.160956	-0.186781	-0.206108	-0.225677	
-0.00152241	-0.0497023	-0.0853096	-0.113649	-0.123952	-0.124368	-0.120026	-0.0979535	-0.0651237	-0.0230681	0.0339431	0.0935681	0.155525	0.217617	0.258863	0.275274	0.276683	0.258647	0.209489	0.143885	0.0811628	0.0228615	-0.0220965	-0.0633123	-0.107576	
-0.203912	-0.290147	-0.36601	-0.425519	-0.45142	-0.454775	-0.440512	-0.392384	-0.321295	-0.24031	-0.146079	-0.0438229	0.0650727	0.172111	0.260182	0.331488	0.385397	0.407373	0.390387	0.34703	0.290408	0.220748	0.148431	0.0743786	-0.000368494	
-0.372797	-0.491549	-0.597758	-0.681205	-0.721156	-0.726541	-0.702519	-0.635085	-0.535538	-0.421778	-0.294357	-0.158332	-0.0186095	0.118037	0.242254	0.356323	0.45365	0.516911	0.534013	0.51124	0.46554	0.394191	0.302029	0.198865	0.0938718	
-0.514706	-0.648468	-0.768496	-0.859106	-0.901671	-0.907676	-0.881576	-0.809247	-0.698662	-0.570172	-0.424425	-0.260507	-0.0918602	0.065142	0.209494	0.349324	0.469751	0.555791	0.60571	0.611968	0.58174	0.518261	0.419593	0.301356	0.181564	
-0.61754	-0.754699	-0.87071	-0.951065	-0.98878	-0.994756	-0.971381	-0.907948	-0.803955	-0.674811	-0.524256	-0.349808	-0.168391	-0.000184002	0.154867	0.303303	0.429489	0.52139	0.587173	0.623201	0.625894	0.590042	0.508963	0.398453	0.281407	
-0.674015	-0.794755	-0.89502	-0.964231	-1.00007	-1.0056	-0.981661	-0.927385	-0.838624	-0.724738	-0.589134	-0.425334	-0.253266	-0.0951062	0.0557029	0.203484	0.328468	0.425443	0.508591	0.569717	0.606076	0.612839	0.56824	0.487302	0.394	
-0.680896	-0.774568	-0.855026	-0.910003	-0.943515	-0.950287	-0.926189	-0.880157	-0.809129	-0.719662	-0.618653	-0.495579	-0.359646	-0.224545	-0.0841046	0.0591705	0.184736	0.288128	0.389625	0.48195	0.549434	0.594108	0.596403	0.55748	0.500879	
-0.66767	-0.724964	-0.770645	-0.80155	-0.82731	-0.832861	-0.812441	-0.784671	-0.745042	-0.691101	-0.630176	-0.554467	-0.467965	-0.371012	-0.248957	-0.111167	0.0196119	0.137404	0.254169	0.369194	0.467752	0.544511	0.588205	0.600079	0.588712	
-0.6488	-0.66509	-0.668239	-0.663876	-0.669349	-0.671179	-0.664055	-0.666449	-0.668457	-0.656013	-0.635702	-0.604566	-0.559067	-0.494819	-0.401688	-0.285858	-0.157817	-0.0231321	0.11612	0.251627	0.369943	0.472947	0.551764	0.605411	0.639671	
-0.620559	-0.599841	-0.561535	-0.523769	-0.509473	-0.508774	-0.515958	-0.544835	-0.585672	-0.61399	-0.627914	-0.633921	-0.62679	-0.590433	-0.520557	-0.431865	-0.320106	-0.180179	-0.0252934	0.132708	0.269379	0.381507	0.482702	0.567467	0.631724	
-0.575809	-0.521149	-0.45838	-0.40951	-0.386005	-0.382071	-0.396833	-0.43652	-0.496397	-0.555342	-0.603464	-0.642042	-0.660926	-0.646376	-0.599243	-0.532817	-0.439961	-0.310604	-0.162411	-0.00476795	0.145235	0.267467	0.378195	0.485629	0.572358	
-0.51412	-0.446183	-0.379719	-0.332289	-0.304879	-0.299864	-0.318822	-0.357646	-0.418486	-0.487461	-0.552765	-0.61651	-0.656545	-0.654288	-0.62649	-0.586968	-0.520124	-0.415592	-0.292629	-0.158113	-0.0161249	0.117102	0.247067	0.375214	0.485464	
-0.448628	-0.386586	-0.331332	-0.293024	-0.263711	-0.257896	-0.280487	-0.313343	-0.362076	-0.424395	-0.483671	-0.543917	-0.59511	-0.617623	-0.618767	-0.608987	-0.57689	-0.509345	-0.419325	-0.311555	-0.181728	-0.043253	0.107299	0.258138	0.382108	
-0.373923	-0.332084	-0.304833	-0.285506	-0.260869	-0.254315	-0.275067	-0.296658	-0.319446	-0.35646	-0.401272	-0.450216	-0.499613	-0.548431	-0.594189	-0.618162	-0.612882	-0.579546	-0.522567	-0.444605	-0.331731	-0.190082	-0.0284546	0.138302	0.272516	
-0.302069	-0.281703	-0.281757	-0.287679	-0.284771	-0.283558	-0.288082	-0.284855	-0.279618	-0.291441	-0.321393	-0.36242	-0.411358	-0.474418	-0.550463	-0.606549	-0.625327	-0.615806	-0.582127	-0.531605	-0.44939	-0.322817	-0.167642	-0.00333047	0.140653	
-0.252027	-0.244289	-0.263759	-0.288526	-0.304335	-0.307618	-0.297234	-0.274692	-0.249557	-0.24559	-0.268174	-0.30089	-0.344124	-0.408527	-0.487037	-0.553841	-0.599245	-0.624533	-0.615722	-0.582985	-0.528201	-0.427986	-0.296646	-0.155709	-0.0165545	
-0.232439	-0.241306	-0.262444	-0.279111	-0.294765	-0.298012	-0.285221	-0.270087	-0.249414	-0.233337	-0.239873	-0.260609	-0.295999	-0.353766	-0.420383	-0.478235	-0.531748	-0.590766	-0.624174	-0.615364	-0.582875	-0.51273	-0.410981	-0.300545	-0.17491	
-0.246682	-0.259031	-0.260129	-0.257428	-0.267353	-0.270371	-0.259723	-0.258938	-0.260759	-0.251205	-0.24134	-0.239716	-0.259409	-0.303223	-0.35292	-0.403829	-0.458553	-0.525879	-0.594862	-0.624224	-0.614164	-0.576985	-0.51268	-0.43239	-0.322321	
-0.265273	-0.266389	-0.252517	-0.238779	-0.238684	-0.24012	-0.236945	-0.245543	-0.262754	-0.267481	-0.25819	-0.24534	-0.243251	-0.258156	-0.282497	-0.3282	-0.39659	-0.468195	-0.54579	-0.60732	-0.622752	-0.609181	-0.580905	-0.530484	-0.439955	
-0.268539	-0.266537	-0.247515	-0.227644	-0.216489	-0.215238	-0.221823	-0.237585	-0.261076	-0.271202	-0.260733	-0.249335	-0.242998	-0.23662	-0.238314	-0.271982	-0.342584	-0.41758	-0.487188	-0.555411	-0.59905	-0.614831	-0.61677	-0.595171	-0.527556	
-0.255744	-0.250693	-0.237627	-0.225849	-0.210337	-0.205981	-0.219802	-0.233078	-0.245628	-0.255568	-0.251375	-0.246652	-0.246543	-0.238794	-0.232721	-0.250436	-0.298618	-0.358059	-0.415441	-0.477592	-0.542518	-0.601502	-0.639623	-0.641918	-0.59761	
-0.228315	-0.216551	-0.220876	-0.228316	-0.219762	-0.215474	-0.22649	-0.225969	-0.215845	-0.221255	-0.239296	-0.255589	-0.258569	-0.247955	-0.240479	-0.24348	-0.261759	-0.298542	-0.345481	-0.405379	-0.483346	-0.573987	-0.646056	-0.665433	-0.63839	
-0.211056	-0.196912	-0.205697	-0.221222	-0.22885	-0.230076	-0.226164	-0.212299	-0.197383	-0.202353	-0.229733	-0.257899	-0.26319	-0.250184	-0.245158	-0.24431	-0.241042	-0.258897	-0.2975	-0.351765	-0.432161	-0.529029	-0.614773	-0.652563	-0.644563	
-0.211107	-0.20361	-0.2066	-0.211982	-0.221472	-0.224912	-0.216128	-0.20802	-0.204034	-0.206896	-0.221654	-0.237124	-0.244719	-0.247995	-0.253825	-0.256119	-0.243158	-0.239366	-0.264985	-0.311738	-0.385157	-0.473368	-0.552858	-0.608251	-0.629152	
-0.21493	-0.220902	-0.216904	-0.205138	-0.206816	-0.208924	-0.203532	-0.211581	-0.221924	-0.217645	-0.212016	-0.209651	-0.218534	-0.245602	-0.266195	-0.268312	-0.255447	-0.235281	-0.239348	-0.279281	-0.344212	-0.419455	-0.487624	-0.552463	-0.605301	
-0.220902	-0.227832	-0.213833	-0.199674	-0.202042	-0.203602	-0.19832	-0.206533	-0.224547	-0.22598	-0.210324	-0.19744	-0.205464	-0.237258	-0.263238	-0.267314	-0.2632	-0.248565	-0.238717	-0.2632	-0.311283	-0.364956	-0.420835	-0.48921	-0.56991	
-0.216904	-0.213833	-0.208647	-0.20898	-0.198767	-0.194438	-0.205827	-0.209287	-0.210655	-0.217516	-0.211395	-0.203727	-0.213757	-0.231142	-0.24445	-0.250927	-0.256706	-0.262342	-0.262638	-0.272627	-0.294937	-0.319477	-0.357671	-0.423021	-0.518261	
-0.205138	-0.199674	-0.20898	-0.215327	-0.196811	-0.190142	-0.210181	-0.21434	-0.201523	-0.201876	-0.209242	-0.217028	-0.226653	-0.227267	-0.225734	-0.233603	-0.248834	-0.270744	-0.287093	-0.289287	-0.285756	-0.286827	-0.312179	-0.374014	-0.473568	
-0.206816	-0.202042	-0.198767	-0.196811	-0.207918	-0.212523	-0.200733	-0.196723	-0.201007	-0.203406	-0.214922	-0.228367	-0.224973	-0.213025	-0.21154	-0.227895	-0.255943	-0.285178	-0.303468	-0.295243	-0.269044	-0.257925	-0.283045	-0.348594	-0.455394	
-0.208924	-0.203602	-0.194438	-0.190142	-0.212523	-0.22079	-0.197133	-0.18957	-0.200865	-0.206047	-0.218226	-0.230955	-0.222499	-0.207983	-0.208543	-0.228317	-0.259074	-0.288528	-0.306747	-0.295904	-0.264187	-0.251915	-0.277886	-0.344059	-0.453373	
-0.203532	-0.19832	-0.205827	-0.210181	-0.200733	-0.197133	-0.207224	-0.209226	-0.200257	-0.20024	-0.211106	-0.22251	-0.227651	-0.222488	-0.219013	-0.229918	-0.250033	-0.275303	-0.295292	-0.293711	-0.279158	-0.27478	-0.298885	-0.360923	-0.463439	
-0.211581	-0.206533	-0.209287	-0.21434	-0.196723	-0.18957	-0.209226	-0.213764	-0.205889	-0.209777	-0.20967	-0.208745	-0.220604	-0.23096	-0.236113	-0.242215	-0.252319	-0.26631	-0.273721	-0.280055	-0.291287	-0.30426	-0.336599	-0.400998	-0.498148	
-0.221924	-0.224547	-0.210655	-0.201523	-0.201007	-0.200865	-0.200257	-0.205889	-0.220054	-0.225322	-0.211361	-0.197884	-0.205667	-0.233672	-0.257683	-0.262744	-0.261999	-0.254806	-0.246302	-0.264443	-0.302856	-0.34456	-0.394332	-0.462289	-0.550069	
-0.217645	-0.22598	-0.217516	-0.201876	-0.203406	-0.206047	-0.20024	-0.209777	-0.225322	-0.22249	-0.210831	-0.202331	-0.210221	-0.242294	-0.268008	-0.270583	-0.259452	-0.23855	-0.235471	-0.269957	-0.329595	-0.398333	-0.46146	-0.527942	-0.593414	
-0.212016	-0.210324	-0.211395	-0.209242	-0.214922	-0.218226	-0.211106	-0.20967	-0.211361	-0.210831	-0.217118	-0.225911	-0.234978	-0.247243	-0.257992	-0.261455	-0.248432	-0.236255	-0.253183	-0.29716	-0.367962	-0.451651	-0.526051	-0.586915	-0.620796	
-0.209651	-0.19744	-0.203727	-0.217028	-0.228367	-0.230955	-0.22251	-0.208745	-0.197884	-0.202331	-0.225911	-0.251625	-0.258646	-0.249767	-0.247709	-0.248147	-0.239951	-0.248897	-0.282695	-0.334526	-0.413246	-0.507085	-0.592302	-0.637548	-0.639395	
-0.218534	-0.205464	-0.213757	-0.226653	-0.224973	-0.222499	-0.227651	-0.220604	-0.205667	-0.210221	-0.234978	-0.258646	-0.26259	-0.250537	-0.243096	-0.242056	-0.250364	-0.279907	-0.323494	-0.381691	-0.461977	-0.55831	-0.63892	-0.664775	-0.644814	
-0.245602	-0.237258	-0.231142	-0.227267	-0.213025	-0.207983	-0.222488	-0.23096	-0.233672	-0.242294	-0.247243	-0.249767	-0.250537	-0.242066	-0.235155	-0.24664	-0.283085	-0.333507	-0.38606	-0.44653	-0.517849	-0.592284	-0.645143	-0.655195	-0.618484	
-0.266195	-0.263238	-0.24445	-0.225734	-0.21154	-0.208543	-0.219013	-0.236113	-0.257683	-0.268008	-0.257992	-0.247709	-0.243096	-0.235155	-0.233091	-0.26029	-0.323226	-0.394257	-0.459973	-0.526558	-0.579393	-0.611201	-0.626861	-0.615357	-0.557376	
-0.268312	-0.267314	-0.250927	-0.233603	-0.227895	-0.228317	-0.229918	-0.242215	-0.262744	-0.270583	-0.261455	-0.248147	-0.242056	-0.24664	-0.26029	-0.30136	-0.373721	-0.448352	-0.523842	-0.590779	-0.617573	-0.614366	-0.598114	-0.559288	-0.478527	
-0.255447	-0.2632	-0.256706	-0.248834	-0.255943	-0.259074	-0.250033	-0.252319	-0.261999	-0.259452	-0.248432	-0.239951	-0.250364	-0.283085	-0.323226	-0.373721	-0.4336	-0.500907	-0.57577	-0.620769	-0.62093	-0.593837	-0.54452	-0.476718	-0.373667	
-0.235281	-0.248565	-0.262342	-0.270744	-0.285178	-0.288528	-0.275303	-0.26631	-0.254806	-0.23855	-0.236255	-0.248897	-0.279907	-0.333507	-0.394257	-0.448352	-0.500907	-0.566108	-0.617305	-0.622733	-0.598	-0.541165	-0.454039	-0.355167	-0.235394	
-0.239348	-0.238717	-0.262638	-0.287093	-0.303468	-0.306747	-0.295292	-0.273721	-0.246302	-0.235471	-0.253183	-0.282695	-0.323494	-0.38606	-0.459973	-0.523842	-0.57577	-0.617305	-0.623396	-0.59738	-0.551959	-0.464583	-0.344275	-0.214956	-0.0812715	
-0.279281	-0.2632	-0.272627	-0.289287	-0.295243	-0.295904	-0.293711	-0.280055	-0.264443	-0.269957	-0.29716	-0.334526	-0.381691	-0.44653	-0.526558	-0.590779	-0.620769	-0.622733	-0.59738	-0.554854	-0.485246	-0.368723	-0.221422	-0.0650473	0.0800039	
-0.344212	-0.311283	-0.294937	-0.285756	-0.269044	-0.264187	-0.279158	-0.291287	-0.302856	-0.329595	-0.367962	-0.413246	-0.461977	-0.517849	-0.579393	-0.617573	-0.62093	-0.598	-0.551959	-0.485246	-0.383119	-0.244896	-0.0839335	0.0843972	0.223927	
-0.419455	-0.364956	-0.319477	-0.286827	-0.257925	-0.251915	-0.27478	-0.30426	-0.34456	-0.398333	-0.451651	-0.507085	-0.55831	-0.592284	-0.611201	-0.614366	-0.593837	-0.541165	-0.464583	-0.368723	-0.244896	-0.103803	0.0526845	0.211298	0.339581	
-0.487624	-0.420835	-0.357671	-0.312179	-0.283045	-0.277886	-0.298885	-0.336599	-0.394332	-0.46146	-0.526051	-0.592302	-0.63892	-0.645143	-0.626861	-0.598114	-0.54452	-0.454039	-0.344275	-0.221422	-0.0839335	0.0526845	0.190961	0.328449	0.445619	
-0.552463	-0.48921	-0.423021	-0.374014	-0.348594	-0.344059	-0.360923	-0.400998	-0.462289	-0.527942	-0.586915	-0.637548	-0.664775	-0.655195	-0.615357	-0.559288	-0.476718	-0.355167	-0.214956	-0.0650473	0.0843972	0.211298	0.328449	0.443992	0.539158	
-0.605301	-0.56991	-0.518261	-0.473568	-0.455394	-0.453373	-0.463439	-0.498148	-0.550069	-0.593414	-0.620796	-0.639395	-0.644814	-0.618484	-0.557376	-0.478527	-0.373667	-0.235394	-0.0812715	0.0800039	0.223927	0.339581	0.445619	0.539158	0.61255	
