0.787049	0.935254	1.01711	1.03031	0.985377	0.916308	0.832279	0.74417	0.671787	0.611727	0.564295	0.530029	0.511828	0.50281	0.492601	0.472383	0.44616	0.413432	0.372946	0.336452	0.306035	0.276893	0.248319	0.225858	0.201114	
0.935254	1.06413	1.1176	1.09266	1.01113	0.91223	0.805352	0.700538	0.610704	0.54383	0.498221	0.467122	0.449537	0.433134	0.408257	0.372797	0.335836	0.297456	0.25946	0.227484	0.199489	0.173372	0.14644	0.124157	0.100577	
1.01711	1.1176	1.13339	1.07518	0.965245	0.844423	0.722593	0.605508	0.511146	0.448392	0.408339	0.378114	0.3526	0.324088	0.291927	0.255773	0.221816	0.193622	0.166495	0.137598	0.114848	0.0922989	0.0630502	0.0429746	0.0238769	
1.03031	1.09266	1.07518	0.991302	0.862329	0.728213	0.598328	0.487002	0.402987	0.351177	0.31591	0.28017	0.244893	0.210729	0.178356	0.145879	0.120224	0.100883	0.0830487	0.0649186	0.0503305	0.0322668	0.00746176	-0.00984893	-0.0282103	
0.985377	1.01113	0.965245	0.862329	0.722423	0.581128	0.461016	0.369335	0.301641	0.258513	0.221791	0.182852	0.147093	0.114799	0.0869618	0.063366	0.0437504	0.0311177	0.0228381	0.00603218	-0.00707875	-0.0185929	-0.0375974	-0.0465654	-0.0524577	
0.916308	0.91223	0.844423	0.728213	0.581128	0.445328	0.341293	0.266688	0.205885	0.160659	0.123669	0.0908093	0.0624277	0.0392137	0.0241689	0.0117677	5.57723e-05	-0.00809864	-0.0196246	-0.0398554	-0.052058	-0.0606994	-0.0684822	-0.0635402	-0.0611612	
0.832279	0.805352	0.722593	0.598328	0.461016	0.341293	0.254459	0.189404	0.127416	0.0811693	0.0470769	0.0187838	-0.00499202	-0.0194243	-0.0245881	-0.0258544	-0.0314276	-0.0406828	-0.0492516	-0.0641407	-0.0717639	-0.0718872	-0.0748483	-0.0761571	-0.0788486	
0.74417	0.700538	0.605508	0.487002	0.369335	0.266688	0.189404	0.125617	0.0665817	0.0241749	-0.00700008	-0.0303836	-0.0458833	-0.0515347	-0.0500644	-0.0506948	-0.0623169	-0.0714616	-0.073814	-0.0786976	-0.0753165	-0.071536	-0.0747699	-0.0798642	-0.0869698	
0.671787	0.610704	0.511146	0.402987	0.301641	0.205885	0.127416	0.0665817	0.0162866	-0.0206524	-0.0454684	-0.0559814	-0.0591992	-0.0589212	-0.0625629	-0.0723573	-0.0845719	-0.0899806	-0.0861483	-0.0812049	-0.0778385	-0.0780611	-0.0807942	-0.0869801	-0.0888052	
0.611727	0.54383	0.448392	0.351177	0.258513	0.160659	0.0811693	0.0241749	-0.0206524	-0.054753	-0.0707558	-0.0696305	-0.0673663	-0.0717859	-0.0820157	-0.0860498	-0.0875848	-0.0857458	-0.0795724	-0.0799549	-0.0871186	-0.0917604	-0.0899216	-0.089663	-0.0851072	
0.564295	0.498221	0.408339	0.31591	0.221791	0.123669	0.0470769	-0.00700008	-0.0454684	-0.0707558	-0.0766867	-0.0724413	-0.0775487	-0.0892361	-0.094395	-0.089337	-0.0844562	-0.0821272	-0.0825677	-0.0841825	-0.0898066	-0.0917565	-0.0849998	-0.0848964	-0.0830602	
0.530029	0.467122	0.378114	0.28017	0.182852	0.0908093	0.0187838	-0.0303836	-0.0559814	-0.0696305	-0.0724413	-0.0777573	-0.0905883	-0.096294	-0.0946061	-0.0888485	-0.0840751	-0.0858388	-0.0887906	-0.0855589	-0.0866828	-0.084947	-0.0787172	-0.084042	-0.0871692	
0.511828	0.449537	0.3526	0.244893	0.147093	0.0624277	-0.00499202	-0.0458833	-0.0591992	-0.0673663	-0.0775487	-0.0905883	-0.0945868	-0.0903517	-0.0883943	-0.0863018	-0.0845357	-0.0886376	-0.0921842	-0.086024	-0.0849102	-0.0840953	-0.0790681	-0.0821711	-0.0833813	
0.50281	0.433134	0.324088	0.210729	0.114799	0.0392137	-0.0194243	-0.0515347	-0.0589212	-0.0717859	-0.0892361	-0.096294	-0.0903517	-0.085443	-0.0858144	-0.0863927	-0.0850748	-0.0887707	-0.0916386	-0.0835903	-0.0813547	-0.0828306	-0.0824644	-0.084169	-0.0820009	
0.492601	0.408257	0.291927	0.178356	0.0869618	0.0241689	-0.0245881	-0.0500644	-0.0625629	-0.0820157	-0.094395	-0.0946061	-0.0883943	-0.0858144	-0.0863911	-0.0879654	-0.0868931	-0.0859627	-0.0834167	-0.0779255	-0.0807135	-0.0862472	-0.0870495	-0.0827465	-0.0799937	
0.472383	0.372797	0.255773	0.145879	0.063366	0.0117677	-0.0258544	-0.0506948	-0.0723573	-0.0860498	-0.089337	-0.0888485	-0.0863018	-0.0863927	-0.0879654	-0.0922689	-0.0900837	-0.0813916	-0.077442	-0.0811336	-0.0834245	-0.0820123	-0.0823055	-0.077955	-0.0771606	
0.44616	0.335836	0.221816	0.120224	0.0437504	5.57723e-05	-0.0314276	-0.0623169	-0.0845719	-0.0875848	-0.0844562	-0.0840751	-0.0845357	-0.0850748	-0.0868931	-0.0900837	-0.0839311	-0.0767804	-0.0841256	-0.0921399	-0.082148	-0.0750263	-0.0775765	-0.0734267	-0.0779948	
0.413432	0.297456	0.193622	0.100883	0.0311177	-0.00809864	-0.0406828	-0.0714616	-0.0899806	-0.0857458	-0.0821272	-0.0858388	-0.0886376	-0.0887707	-0.0859627	-0.0813916	-0.0767804	-0.0804287	-0.0873676	-0.084913	-0.0757378	-0.0779641	-0.0830035	-0.0800754	-0.080512	
0.372946	0.25946	0.166495	0.0830487	0.0228381	-0.0196246	-0.0492516	-0.073814	-0.0861483	-0.0795724	-0.0825677	-0.0887906	-0.0921842	-0.0916386	-0.0834167	-0.077442	-0.0841256	-0.0873676	-0.076641	-0.0738093	-0.0768694	-0.0794695	-0.0833531	-0.0822861	-0.0777426	
0.336452	0.227484	0.137598	0.0649186	0.00603218	-0.0398554	-0.0641407	-0.0786976	-0.0812049	-0.0799549	-0.0841825	-0.0855589	-0.086024	-0.0835903	-0.0779255	-0.0811336	-0.0921399	-0.084913	-0.0738093	-0.0804813	-0.0820694	-0.0765689	-0.0750465	-0.0727063	-0.0725545	
0.306035	0.199489	0.114848	0.0503305	-0.00707875	-0.052058	-0.0717639	-0.0753165	-0.0778385	-0.0871186	-0.0898066	-0.0866828	-0.0849102	-0.0813547	-0.0807135	-0.0834245	-0.082148	-0.0757378	-0.0768694	-0.0820694	-0.083042	-0.0782182	-0.0728253	-0.0775011	-0.0782028	
0.276893	0.173372	0.0922989	0.0322668	-0.0185929	-0.0606994	-0.0718872	-0.071536	-0.0780611	-0.0917604	-0.0917565	-0.084947	-0.0840953	-0.0828306	-0.0862472	-0.0820123	-0.0750263	-0.0779641	-0.0794695	-0.0765689	-0.0782182	-0.0777485	-0.0744259	-0.080386	-0.0805932	
0.248319	0.14644	0.0630502	0.00746176	-0.0375974	-0.0684822	-0.0748483	-0.0747699	-0.0807942	-0.0899216	-0.0849998	-0.0787172	-0.0790681	-0.0824644	-0.0870495	-0.0823055	-0.0775765	-0.0830035	-0.0833531	-0.0750465	-0.0728253	-0.0744259	-0.0754164	-0.0767408	-0.0744448	
0.225858	0.124157	0.0429746	-0.00984893	-0.0465654	-0.0635402	-0.0761571	-0.0798642	-0.0869801	-0.089663	-0.0848964	-0.084042	-0.0821711	-0.084169	-0.0827465	-0.077955	-0.0734267	-0.0800754	-0.0822861	-0.0727063	-0.0775011	-0.080386	-0.0767408	-0.0743742	-0.0703936	
0.201114	0.100577	0.0238769	-0.0282103	-0.0524577	-0.0611612	-0.0788486	-0.0869698	-0.0888052	-0.0851072	-0.0830602	-0.0871692	-0.0833813	-0.0820009	-0.0799937	-0.0771606	-0.0779948	-0.080512	-0.0777426	-0.0725545	-0.0782028	-0.0805932	-0.0744448	-0.0703936	-0.0738208	
0.172026	0.0762044	0.00352741	-0.0452094	-0.0584132	-0.0651705	-0.0810704	-0.091491	-0.0854663	-0.0777184	-0.0809066	-0.0859952	-0.0826894	-0.0803895	-0.0803743	-0.0814831	-0.0854498	-0.0758242	-0.0727552	-0.0808172	-0.0736553	-0.0708884	-0.0747237	-0.0753255	-0.0796542	
0.149816	0.0603484	-0.0063662	-0.0490358	-0.0600223	-0.0699932	-0.0823611	-0.0939772	-0.0869789	-0.0789846	-0.0872942	-0.0858658	-0.084514	-0.0797745	-0.0755206	-0.0809941	-0.0811252	-0.0714965	-0.0744849	-0.0851673	-0.0741569	-0.0707562	-0.0795592	-0.075341	-0.0720232	
0.128789	0.0440748	-0.0150945	-0.0496014	-0.067237	-0.0768406	-0.0845621	-0.0908569	-0.085736	-0.0824456	-0.0868833	-0.0823515	-0.0840573	-0.0790843	-0.0750681	-0.0825755	-0.0782149	-0.0754392	-0.0787503	-0.0774731	-0.0741476	-0.0756101	-0.0771155	-0.0716305	-0.0696955	
0.11086	0.0297576	-0.0203187	-0.0491734	-0.0740523	-0.0827956	-0.0849216	-0.0824395	-0.0835885	-0.0866396	-0.0826116	-0.0821494	-0.0824945	-0.0813489	-0.0816456	-0.0816283	-0.0772454	-0.0765204	-0.0768386	-0.0727687	-0.0757701	-0.0753733	-0.0705987	-0.0771263	-0.0798057	
0.102933	0.0239537	-0.0188772	-0.0483693	-0.0752849	-0.0900921	-0.0848753	-0.0789713	-0.0874534	-0.0910214	-0.0831292	-0.0815491	-0.079181	-0.0821984	-0.0831818	-0.0740438	-0.0761387	-0.081339	-0.0766528	-0.0736078	-0.0772517	-0.0753565	-0.0729212	-0.0744319	-0.0723458	
0.101388	0.0230049	-0.0184563	-0.0481671	-0.0748063	-0.0919384	-0.0840282	-0.0786451	-0.088189	-0.0916383	-0.0840816	-0.0806624	-0.0790942	-0.0827274	-0.0826067	-0.0720405	-0.0760056	-0.0833615	-0.0765089	-0.0726842	-0.0774587	-0.0771139	-0.0751307	-0.0718108	-0.0676847	
0.106566	0.0264757	-0.0201799	-0.04855	-0.0748244	-0.0857989	-0.0847312	-0.08019	-0.0844182	-0.0888612	-0.0825439	-0.0819711	-0.0814824	-0.082426	-0.0830596	-0.0783723	-0.0770078	-0.0782588	-0.0757199	-0.0722885	-0.0767607	-0.0756912	-0.070249	-0.0772692	-0.0798416	
0.121048	0.0374212	-0.0179808	-0.049789	-0.0709711	-0.0794151	-0.0859018	-0.0874794	-0.0845825	-0.0843452	-0.0843553	-0.0819885	-0.0824853	-0.0793301	-0.078198	-0.0824249	-0.0780082	-0.0764606	-0.0789635	-0.0757286	-0.074155	-0.0750893	-0.0735506	-0.0733471	-0.0745365	
0.141261	0.0540388	-0.00974404	-0.0491294	-0.0618939	-0.0722831	-0.0827265	-0.0935044	-0.0868551	-0.0801074	-0.0887122	-0.0849315	-0.0851026	-0.0793525	-0.0742703	-0.0818816	-0.0787916	-0.0717895	-0.0767088	-0.0827707	-0.0740277	-0.0737084	-0.0806719	-0.0728542	-0.0682779	
0.162481	0.0695202	-0.00127922	-0.0480766	-0.0591667	-0.0669267	-0.0813353	-0.0931627	-0.0859684	-0.0769859	-0.08303	-0.0862017	-0.0836397	-0.0799684	-0.078324	-0.0821397	-0.0850144	-0.073232	-0.0725741	-0.0834288	-0.0733253	-0.0695198	-0.0762998	-0.0767009	-0.0783096	
0.189025	0.0903232	0.0149202	-0.0363669	-0.0559183	-0.0623163	-0.0801964	-0.089285	-0.0875287	-0.0819002	-0.0805524	-0.0867682	-0.0827205	-0.0806854	-0.08054	-0.0784936	-0.0821075	-0.0800165	-0.075421	-0.0755007	-0.0763931	-0.0765864	-0.0733629	-0.0715933	-0.0773333	
0.216487	0.115489	0.0361348	-0.0165409	-0.0481551	-0.0615856	-0.0763233	-0.0826406	-0.0886301	-0.0885762	-0.0856715	-0.0859618	-0.0836651	-0.0842954	-0.0810409	-0.0767954	-0.0730697	-0.0795091	-0.0805693	-0.0720069	-0.0790635	-0.081833	-0.0769503	-0.0726705	-0.0702888	
0.239003	0.136868	0.0539589	-0.000495345	-0.0423368	-0.0679292	-0.075777	-0.0765334	-0.0831757	-0.0893075	-0.0846574	-0.0793252	-0.0792011	-0.0831943	-0.0855233	-0.0814123	-0.0762897	-0.0828092	-0.0836014	-0.0739496	-0.0744257	-0.0753183	-0.0758231	-0.0760119	-0.071304	
0.265232	0.162012	0.0801449	0.0225371	-0.0265466	-0.0644679	-0.0734844	-0.0722957	-0.0782306	-0.0917976	-0.0887491	-0.0820905	-0.0818442	-0.0821877	-0.0875298	-0.0819707	-0.0761439	-0.0811461	-0.0807037	-0.0751271	-0.0757379	-0.0765385	-0.0747361	-0.0789137	-0.0787099	
0.294619	0.189346	0.106565	0.0446164	-0.0104004	-0.0550603	-0.071797	-0.073019	-0.0776628	-0.0899952	-0.0919612	-0.0874028	-0.0852673	-0.0827642	-0.0829503	-0.082195	-0.0780431	-0.0743055	-0.0780467	-0.0807255	-0.080818	-0.078528	-0.0739112	-0.0804068	-0.080921	
0.323657	0.215625	0.127391	0.0582259	-0.000187219	-0.0463828	-0.0687703	-0.077997	-0.0797448	-0.0821329	-0.0856684	-0.0851199	-0.0841532	-0.0819182	-0.0780772	-0.0827331	-0.0901013	-0.0809711	-0.0754702	-0.0826726	-0.0829288	-0.0768553	-0.0724714	-0.0725037	-0.0737136	
0.357709	0.246104	0.154946	0.0757938	0.0168192	-0.0276711	-0.0546501	-0.0761512	-0.083913	-0.0790344	-0.0833287	-0.0873247	-0.0907347	-0.0885734	-0.0807719	-0.0791492	-0.0882476	-0.0877152	-0.0738506	-0.0743332	-0.079864	-0.079096	-0.0796305	-0.0781019	-0.075726	
0.397531	0.281834	0.183395	0.0940001	0.028421	-0.0115359	-0.0434821	-0.0722339	-0.0892249	-0.0830965	-0.0824421	-0.0880494	-0.09115	-0.0909512	-0.0852874	-0.0786981	-0.0780698	-0.0833473	-0.0837022	-0.0793853	-0.0746816	-0.0788662	-0.0855347	-0.0835414	-0.0793383	
0.433749	0.320364	0.20979	0.111686	0.0369475	-0.00363212	-0.0357609	-0.0671134	-0.0878464	-0.0873058	-0.0820982	-0.0841262	-0.0852142	-0.0854035	-0.0866914	-0.0865522	-0.0807458	-0.0778286	-0.0870986	-0.0919013	-0.0788467	-0.0750831	-0.0794464	-0.0743593	-0.0790214	
0.462316	0.358157	0.242033	0.135067	0.0554799	0.00719997	-0.0267618	-0.0547341	-0.0777343	-0.0868439	-0.0874589	-0.0865439	-0.0857766	-0.0861306	-0.0875286	-0.0923898	-0.0883489	-0.078588	-0.0789996	-0.0864195	-0.0842726	-0.0783545	-0.0784731	-0.0753007	-0.0781684	
0.485556	0.394559	0.277588	0.164786	0.0768177	0.0193975	-0.025128	-0.0489804	-0.0661722	-0.0843022	-0.0928008	-0.0926014	-0.087375	-0.0867027	-0.087529	-0.0897774	-0.088431	-0.0839757	-0.0798693	-0.0772776	-0.0817121	-0.0865276	-0.0867255	-0.0815066	-0.077663	
0.499499	0.424785	0.311223	0.197735	0.102426	0.0321736	-0.0224509	-0.0518973	-0.0593613	-0.0764391	-0.0924265	-0.0957852	-0.0888492	-0.0842352	-0.0858757	-0.0869886	-0.0859035	-0.088557	-0.0889737	-0.0812205	-0.0801801	-0.0838895	-0.0848603	-0.0836465	-0.0821099	
0.507564	0.443607	0.34195	0.23109	0.134464	0.0524189	-0.0113097	-0.0486916	-0.0588316	-0.0679471	-0.0829639	-0.0946102	-0.0937509	-0.0880446	-0.086745	-0.0858443	-0.0844043	-0.088985	-0.0923023	-0.0856475	-0.0840868	-0.0830027	-0.079817	-0.0831076	-0.0826015	
0.521456	0.459064	0.367731	0.26583	0.167587	0.0786638	0.00763769	-0.0378417	-0.0576564	-0.0681779	-0.0727142	-0.0826396	-0.0935167	-0.0946275	-0.0922572	-0.0877236	-0.0842305	-0.087696	-0.0909233	-0.0853401	-0.0853056	-0.0847646	-0.0786252	-0.0826947	-0.0862455	
0.548543	0.484348	0.395182	0.301954	0.206542	0.109724	0.035287	-0.0178854	-0.0510623	-0.071289	-0.0752659	-0.0732822	-0.0829777	-0.0938315	-0.0956163	-0.0892679	-0.0836009	-0.0831117	-0.0856358	-0.086065	-0.0889724	-0.0880544	-0.0817408	-0.0840605	-0.0843815	
