0.320903	0.48109	0.614914	0.714806	0.78274	0.795708	0.746502	0.658296	0.53906	0.386596	0.220068	0.0511031	-0.106892	-0.243553	-0.356007	-0.424366	-0.437648	-0.385977	-0.255508	-0.0534625	0.163157	0.345385	0.476309	0.555006	0.590311	
0.316626	0.479237	0.620926	0.73077	0.797515	0.808426	0.763799	0.669326	0.539426	0.382716	0.217231	0.055457	-0.0938499	-0.222369	-0.3248	-0.386791	-0.401539	-0.353044	-0.223695	-0.0290335	0.18196	0.357843	0.473105	0.533348	0.543165	
0.326288	0.480932	0.618193	0.72687	0.788548	0.797877	0.758278	0.666592	0.538274	0.389542	0.229321	0.0715687	-0.0686244	-0.187695	-0.280305	-0.337871	-0.349276	-0.298196	-0.177822	-0.00775231	0.177941	0.337421	0.43724	0.470663	0.450399	
0.341544	0.483429	0.610996	0.713635	0.767309	0.775853	0.741687	0.656541	0.535631	0.40028	0.248813	0.0878072	-0.0544632	-0.162091	-0.243259	-0.294248	-0.298539	-0.246789	-0.140877	0.00753899	0.165174	0.294721	0.370985	0.382598	0.33784	
0.336984	0.474406	0.591044	0.682467	0.731691	0.740091	0.707845	0.631182	0.523273	0.394228	0.244562	0.0821353	-0.0642504	-0.166967	-0.237326	-0.278165	-0.273931	-0.22219	-0.126537	0.00206065	0.132247	0.23116	0.282099	0.275149	0.209846	
0.292162	0.429283	0.545961	0.632702	0.680292	0.68928	0.656566	0.584381	0.478816	0.348993	0.199679	0.0394095	-0.106296	-0.211315	-0.272178	-0.297333	-0.281357	-0.221945	-0.133366	-0.0221917	0.0870622	0.15623	0.175753	0.150713	0.0793105	
0.205651	0.345038	0.464273	0.558044	0.61062	0.620129	0.58406	0.505669	0.395132	0.264195	0.112211	-0.044312	-0.183094	-0.285369	-0.337912	-0.340941	-0.302886	-0.235515	-0.152061	-0.0555165	0.0311284	0.0755431	0.0720821	0.0348258	-0.0347605	
0.087677	0.231808	0.355735	0.456276	0.520323	0.531336	0.48725	0.399964	0.283272	0.148139	-0.00611747	-0.15516	-0.283234	-0.378193	-0.418925	-0.394432	-0.330792	-0.252085	-0.169785	-0.0897298	-0.0277065	0.00098379	-0.00990343	-0.0489312	-0.116432	
-0.0350734	0.105101	0.231084	0.33867	0.413207	0.427964	0.373254	0.27763	0.156894	0.0229451	-0.126608	-0.273235	-0.394253	-0.473456	-0.490098	-0.444614	-0.35865	-0.264212	-0.179018	-0.112895	-0.0704153	-0.0498024	-0.0655701	-0.105082	-0.161302	
-0.143958	-0.00882388	0.115157	0.217492	0.291715	0.306478	0.251968	0.158953	0.0420964	-0.0881405	-0.230728	-0.369538	-0.480347	-0.536798	-0.526299	-0.461478	-0.361607	-0.263254	-0.1766	-0.115154	-0.0868338	-0.0811537	-0.103645	-0.141394	-0.186423	
-0.221548	-0.094741	0.0201908	0.111532	0.176371	0.190493	0.14089	0.0598002	-0.0467976	-0.170033	-0.29747	-0.416085	-0.509291	-0.542271	-0.512008	-0.43536	-0.339346	-0.244157	-0.16039	-0.101915	-0.0847507	-0.0962415	-0.128513	-0.169241	-0.198831	
-0.240846	-0.129683	-0.0246061	0.0604404	0.110813	0.118685	0.0857975	0.0123326	-0.085853	-0.197308	-0.301763	-0.397854	-0.46726	-0.482746	-0.447948	-0.375739	-0.28982	-0.205089	-0.127043	-0.0782851	-0.067472	-0.0906302	-0.132486	-0.173375	-0.187401	
-0.187536	-0.0935111	-0.00425994	0.0681401	0.10432	0.109085	0.087162	0.0278338	-0.0567582	-0.150774	-0.237992	-0.310129	-0.353625	-0.364119	-0.337983	-0.278545	-0.210707	-0.137054	-0.0728869	-0.03571	-0.0329781	-0.0638934	-0.110088	-0.144878	-0.150047	
-0.0713971	0.00097044	0.0700027	0.128401	0.157721	0.162401	0.143816	0.0960091	0.0291062	-0.0428248	-0.108938	-0.158206	-0.185368	-0.189371	-0.17297	-0.136005	-0.0886092	-0.026386	0.0239421	0.0416883	0.0243111	-0.0193012	-0.0675956	-0.0986564	-0.109378	
0.0765803	0.130171	0.181898	0.222316	0.246696	0.25097	0.234148	0.200054	0.151219	0.09739	0.0507831	0.0217846	0.0142845	0.0229279	0.0350862	0.0546763	0.0827615	0.117518	0.138724	0.134514	0.0956426	0.0352217	-0.0240955	-0.0629487	-0.0837133	
0.236266	0.271855	0.307263	0.33122	0.343891	0.345331	0.337749	0.318693	0.286453	0.249135	0.220892	0.206763	0.220878	0.250528	0.259955	0.26414	0.265909	0.264122	0.251593	0.219126	0.15513	0.0705502	-0.00660368	-0.0570692	-0.0830819	
0.402351	0.420795	0.438166	0.4411	0.43904	0.437989	0.439942	0.441021	0.429497	0.408106	0.398284	0.404768	0.434163	0.469716	0.476426	0.465976	0.442315	0.402717	0.349428	0.276777	0.18369	0.0770078	-0.0219846	-0.0867752	-0.121318	
0.5765	0.56842	0.561308	0.539635	0.520416	0.516965	0.530477	0.55427	0.566149	0.572613	0.58585	0.611576	0.651056	0.684721	0.68614	0.652187	0.598245	0.522751	0.425746	0.310952	0.181707	0.0483963	-0.0728791	-0.150908	-0.197208	
0.74358	0.701918	0.664835	0.633026	0.602398	0.59636	0.618983	0.65287	0.685927	0.726963	0.767893	0.809669	0.854356	0.881367	0.865398	0.809053	0.730284	0.622699	0.488449	0.33329	0.164464	-0.00191777	-0.141051	-0.229742	-0.284974	
0.886673	0.819185	0.758513	0.718018	0.683306	0.675538	0.702873	0.741526	0.792279	0.860286	0.923517	0.976249	1.01622	1.0323	1.0056	0.936132	0.830782	0.695096	0.53046	0.343823	0.144775	-0.0504011	-0.205017	-0.309937	-0.379236	
1.01233	0.931727	0.858506	0.807803	0.772068	0.764626	0.791969	0.835508	0.900375	0.980636	1.05387	1.10818	1.13881	1.1438	1.10873	1.02696	0.904628	0.748951	0.556908	0.347085	0.129743	-0.0837497	-0.260035	-0.386355	-0.464895	
1.13369	1.05277	0.986663	0.935328	0.899509	0.892238	0.91859	0.964385	1.02419	1.10164	1.17188	1.21293	1.22969	1.21692	1.16855	1.07383	0.944689	0.771529	0.562139	0.346141	0.118803	-0.10448	-0.295458	-0.434908	-0.517994	
1.25813	1.20189	1.15347	1.11432	1.08848	1.08365	1.10163	1.13706	1.18068	1.23642	1.28091	1.29536	1.28614	1.25052	1.18291	1.07768	0.93835	0.751655	0.536777	0.320199	0.102897	-0.10889	-0.298427	-0.440557	-0.519079	
1.39354	1.37541	1.3567	1.34471	1.33593	1.33509	1.33991	1.35197	1.36679	1.38842	1.39321	1.36716	1.31772	1.25459	1.16683	1.04927	0.899402	0.709318	0.498602	0.288094	0.0919604	-0.0979918	-0.273671	-0.398089	-0.456713	
1.52986	1.56144	1.58765	1.614	1.63195	1.63544	1.62263	1.59893	1.5713	1.54507	1.49914	1.42347	1.32844	1.23058	1.1256	1.00093	0.853179	0.67214	0.476459	0.285464	0.107454	-0.0645401	-0.220957	-0.320684	-0.351964	
1.65127	1.7464	1.83101	1.90517	1.9528	1.96047	1.92858	1.86278	1.78108	1.69164	1.58161	1.44875	1.31149	1.18221	1.06146	0.937662	0.804156	0.645118	0.47201	0.301395	0.139885	-0.0146736	-0.147256	-0.22814	-0.237479	
1.7464	1.91882	2.07472	2.20037	2.27467	2.28754	2.2371	2.13007	1.98318	1.8167	1.63651	1.44877	1.26917	1.10899	0.977919	0.86451	0.749913	0.62446	0.480527	0.330893	0.18604	0.0498146	-0.0613362	-0.124581	-0.115751	
1.83101	2.07472	2.292	2.46284	2.5634	2.58112	2.51228	2.36726	2.16563	1.93002	1.68409	1.44648	1.2305	1.04908	0.904634	0.797533	0.702028	0.605815	0.488291	0.360442	0.230651	0.111899	0.0193054	-0.0239514	-0.00516283	
1.90517	2.20037	2.46284	2.66435	2.78292	2.80432	2.72219	2.55237	2.31099	2.02431	1.72856	1.4488	1.20054	1.00089	0.852455	0.752509	0.667225	0.578382	0.481179	0.376448	0.264268	0.163781	0.0861938	0.0573637	0.082937	
1.9528	2.27467	2.5634	2.78292	2.91811	2.94256	2.84826	2.66125	2.39581	2.08354	1.75872	1.44982	1.18085	0.967412	0.816405	0.716861	0.634827	0.552593	0.473007	0.382641	0.28566	0.190952	0.119123	0.101189	0.142729	
1.96047	2.28754	2.58112	2.80432	2.94256	2.96692	2.87134	2.68025	2.41114	2.09327	1.76367	1.45051	1.17787	0.961055	0.808752	0.708828	0.628335	0.547048	0.471805	0.3824	0.28932	0.195309	0.123738	0.10736	0.154925	
1.92858	2.2371	2.51228	2.72219	2.84826	2.87134	2.7834	2.60599	2.35248	2.0535	1.74325	1.44895	1.19063	0.984818	0.836	0.736952	0.65261	0.566637	0.476793	0.379862	0.274624	0.177606	0.103783	0.0801009	0.111163	
1.86278	2.13007	2.36726	2.55237	2.66125	2.68025	2.60599	2.44898	2.22975	1.97089	1.70266	1.44783	1.21798	1.02866	0.881284	0.777737	0.688108	0.596111	0.487342	0.368597	0.245834	0.135494	0.0486833	0.0121091	0.0326824	
1.78108	1.98318	2.16563	2.31099	2.39581	2.41114	2.35248	2.22975	2.05894	1.86334	1.6558	1.4465	1.25227	1.08288	0.946133	0.835559	0.728723	0.617005	0.484799	0.344043	0.204282	0.074927	-0.0281157	-0.0830812	-0.0692959	
1.69164	1.8167	1.93002	2.02431	2.08354	2.09327	2.0535	1.97089	1.86334	1.74327	1.60633	1.45089	1.29598	1.15331	1.02903	0.908839	0.782808	0.63651	0.474081	0.311441	0.157554	0.0104687	-0.113015	-0.188326	-0.188557	
1.58161	1.63651	1.68409	1.72856	1.75872	1.76367	1.74325	1.70266	1.6558	1.60633	1.53568	1.4375	1.32557	1.21535	1.10274	0.977103	0.834619	0.65987	0.473097	0.290336	0.118285	-0.0469289	-0.193166	-0.284367	-0.307188	
1.44875	1.44877	1.44648	1.4488	1.44982	1.45051	1.44895	1.44783	1.4465	1.45089	1.4375	1.39307	1.3246	1.24772	1.15327	1.0323	0.881142	0.693162	0.487492	0.283457	0.0952466	-0.0867939	-0.256079	-0.37048	-0.417367	
1.31149	1.26917	1.2305	1.20054	1.18085	1.17787	1.19063	1.21798	1.25227	1.29598	1.32557	1.3246	1.30138	1.25576	1.17937	1.06904	0.924752	0.735689	0.520854	0.305171	0.0965081	-0.107051	-0.291772	-0.429011	-0.501799	
1.18221	1.10899	1.04908	1.00089	0.967412	0.961055	0.984818	1.02866	1.08288	1.15331	1.21535	1.24772	1.25576	1.23349	1.1791	1.08047	0.947467	0.767905	0.555557	0.339722	0.113494	-0.107624	-0.30025	-0.442502	-0.525558	
1.06146	0.977919	0.904634	0.852455	0.816405	0.808752	0.836	0.881284	0.946133	1.02903	1.10274	1.15327	1.17937	1.1791	1.13879	1.05115	0.925844	0.763075	0.561713	0.347941	0.124967	-0.0940404	-0.278521	-0.410202	-0.491611	
0.937662	0.86451	0.797533	0.752509	0.716861	0.708828	0.736952	0.777737	0.835559	0.908839	0.977103	1.0323	1.06904	1.08047	1.05115	0.977134	0.863435	0.718694	0.543596	0.346005	0.138191	-0.0648751	-0.227335	-0.341983	-0.415385	
0.804156	0.749913	0.702028	0.667225	0.634827	0.628335	0.65261	0.688108	0.728723	0.782808	0.834619	0.881142	0.924752	0.947467	0.925844	0.863435	0.773879	0.654901	0.506935	0.338167	0.156192	-0.024016	-0.168027	-0.262292	-0.322627	
0.645118	0.62446	0.605815	0.578382	0.552593	0.547048	0.566637	0.596111	0.617005	0.63651	0.65987	0.693162	0.735689	0.767905	0.763075	0.718694	0.654901	0.565561	0.453144	0.321229	0.176331	0.0302687	-0.0990744	-0.181426	-0.231577	
0.47201	0.480527	0.488291	0.481179	0.473007	0.471805	0.476793	0.487342	0.484799	0.474081	0.473097	0.487492	0.520854	0.555557	0.561713	0.543596	0.506935	0.453144	0.382215	0.29253	0.185031	0.0692892	-0.0388357	-0.109242	-0.148741	
0.301395	0.330893	0.360442	0.376448	0.382641	0.3824	0.379862	0.368597	0.344043	0.311441	0.290336	0.283457	0.305171	0.339722	0.347941	0.346005	0.338167	0.321229	0.29253	0.245082	0.171325	0.0775541	-0.00869329	-0.0647606	-0.0936221	
0.139885	0.18604	0.230651	0.264268	0.28566	0.28932	0.274624	0.245834	0.204282	0.157554	0.118285	0.0952466	0.0965081	0.113494	0.124967	0.138191	0.156192	0.176331	0.185031	0.171325	0.121929	0.0524384	-0.0127568	-0.0561719	-0.0797733	
-0.0146736	0.0498146	0.111899	0.163781	0.190952	0.195309	0.177606	0.135494	0.074927	0.0104687	-0.0469289	-0.0867939	-0.107051	-0.107624	-0.0940404	-0.0648751	-0.024016	0.0302687	0.0692892	0.0775541	0.0524384	0.00289945	-0.0485013	-0.0820972	-0.0965672	
-0.147256	-0.0613362	0.0193054	0.0861938	0.119123	0.123738	0.103783	0.0486833	-0.0281157	-0.113015	-0.193166	-0.256079	-0.291772	-0.30025	-0.278521	-0.227335	-0.168027	-0.0990744	-0.0388357	-0.00869329	-0.0127568	-0.0485013	-0.0950498	-0.12682	-0.132739	
-0.22814	-0.124581	-0.0239514	0.0573637	0.101189	0.10736	0.0801009	0.0121091	-0.0830812	-0.188326	-0.284367	-0.37048	-0.429011	-0.442502	-0.410202	-0.341983	-0.262292	-0.181426	-0.109242	-0.0647606	-0.0561719	-0.0820972	-0.12682	-0.165838	-0.174631	
-0.237479	-0.115751	-0.00516283	0.082937	0.142729	0.154925	0.111163	0.0326824	-0.0692959	-0.188557	-0.307188	-0.417367	-0.501799	-0.525558	-0.491611	-0.415385	-0.322627	-0.231577	-0.148741	-0.0936221	-0.0797733	-0.0965672	-0.132739	-0.174631	-0.197491	
