0.821573	0.694343	0.572336	0.461314	0.378031	0.323105	0.282302	0.231745	0.157803	0.0500789	-0.0937131	-0.251494	-0.404821	-0.519811	-0.598868	-0.642753	-0.646616	-0.604393	-0.515531	-0.374234	-0.199319	-0.0105883	0.159929	0.285014	0.359424	
0.694343	0.554307	0.420459	0.307266	0.230264	0.192145	0.175063	0.147929	0.097507	0.0105464	-0.123781	-0.284852	-0.452074	-0.592218	-0.704818	-0.779344	-0.805714	-0.785356	-0.713185	-0.589612	-0.433576	-0.252629	-0.068686	0.081168	0.187463	
0.572336	0.420459	0.269954	0.149217	0.0753597	0.0528136	0.0555341	0.0588248	0.0387579	-0.0229807	-0.13541	-0.287826	-0.464363	-0.629468	-0.776232	-0.888428	-0.939432	-0.936493	-0.878277	-0.770813	-0.628223	-0.455278	-0.268277	-0.100458	0.0365204	
0.461314	0.307266	0.149217	0.0223585	-0.0484585	-0.0651441	-0.0452218	-0.0180737	-0.0101716	-0.0447537	-0.12308	-0.256417	-0.433658	-0.620017	-0.801232	-0.947314	-1.02421	-1.03911	-0.997742	-0.905836	-0.777523	-0.611513	-0.420088	-0.235949	-0.0792815	
0.378031	0.230264	0.0753597	-0.0484585	-0.117066	-0.126801	-0.095234	-0.0548387	-0.0312755	-0.0371742	-0.085374	-0.194916	-0.360389	-0.553681	-0.754384	-0.927708	-1.03531	-1.0787	-1.06032	-0.98782	-0.87046	-0.712507	-0.522198	-0.32951	-0.156669	
0.323105	0.192145	0.0528136	-0.0651441	-0.126801	-0.131245	-0.0976521	-0.0495455	-0.00517071	0.0103341	-0.0128134	-0.0977953	-0.244337	-0.431596	-0.636354	-0.82969	-0.967452	-1.03643	-1.0452	-0.998399	-0.900988	-0.755243	-0.57307	-0.377923	-0.193195	
0.282302	0.175063	0.0555341	-0.0452218	-0.095234	-0.0976521	-0.0564617	0.00707681	0.0674708	0.0991683	0.0924809	0.0313569	-0.0870511	-0.259245	-0.465422	-0.66926	-0.827541	-0.920969	-0.957686	-0.935581	-0.861664	-0.739403	-0.57368	-0.380648	-0.188001	
0.231745	0.147929	0.0588248	-0.0180737	-0.0548387	-0.0495455	0.00707681	0.0860091	0.158029	0.203836	0.213135	0.180479	0.083095	-0.077953	-0.274834	-0.47385	-0.644699	-0.758646	-0.822085	-0.827862	-0.777305	-0.671059	-0.520532	-0.343218	-0.157634	
0.157803	0.097507	0.0387579	-0.0101716	-0.0312755	-0.00517071	0.0674708	0.158029	0.242159	0.308645	0.341148	0.325194	0.239163	0.0926731	-0.086497	-0.278772	-0.455274	-0.588025	-0.672131	-0.694448	-0.660291	-0.571615	-0.438707	-0.278174	-0.102776	
0.0500789	0.0105464	-0.0229807	-0.0447537	-0.0371742	0.0103341	0.0991683	0.203836	0.308645	0.404162	0.455375	0.447898	0.377622	0.255222	0.0902333	-0.0960603	-0.276723	-0.423379	-0.519396	-0.548454	-0.52228	-0.44312	-0.324685	-0.18204	-0.0178696	
-0.0937131	-0.123781	-0.13541	-0.12308	-0.085374	-0.0128134	0.0924809	0.213135	0.341148	0.455375	0.520495	0.534306	0.493942	0.392133	0.239088	0.0591222	-0.117698	-0.271135	-0.369345	-0.401497	-0.379347	-0.305129	-0.1898	-0.0590295	0.088867	
-0.251494	-0.284852	-0.287826	-0.256417	-0.194916	-0.0977953	0.0313569	0.180479	0.325194	0.447898	0.534306	0.571854	0.549919	0.468246	0.339939	0.184533	0.0233947	-0.127861	-0.230444	-0.26712	-0.24699	-0.170924	-0.0599945	0.0621356	0.194074	
-0.404821	-0.452074	-0.464363	-0.433658	-0.360389	-0.244337	-0.0870511	0.083095	0.239163	0.377622	0.493942	0.549919	0.548565	0.495052	0.399409	0.269595	0.125169	-0.0157115	-0.109064	-0.140713	-0.119432	-0.0537564	0.0428895	0.155441	0.279145	
-0.519811	-0.592218	-0.629468	-0.620017	-0.553681	-0.431596	-0.259245	-0.077953	0.0926731	0.255222	0.392133	0.468246	0.495052	0.477034	0.408785	0.296537	0.16632	0.0476966	-0.0296987	-0.0535007	-0.0327481	0.0247443	0.111435	0.217796	0.331764	
-0.598868	-0.704818	-0.776232	-0.801232	-0.754384	-0.636354	-0.465422	-0.274834	-0.086497	0.0902333	0.239088	0.339939	0.399409	0.408785	0.359698	0.266804	0.157502	0.0614066	-0.000545072	-0.0144713	0.00785719	0.0653343	0.15505	0.263379	0.36938	
-0.642753	-0.779344	-0.888428	-0.947314	-0.927708	-0.82969	-0.66926	-0.47385	-0.278772	-0.0960603	0.0591222	0.184533	0.269595	0.296537	0.266804	0.195765	0.102774	0.0293458	-0.0104473	-0.00690349	0.0322764	0.0980716	0.183032	0.284338	0.386192	
-0.646616	-0.805714	-0.939432	-1.02421	-1.03531	-0.967452	-0.827541	-0.644699	-0.455274	-0.276723	-0.117698	0.0233947	0.125169	0.16632	0.157502	0.102774	0.0278734	-0.0180504	-0.0240856	0.00287175	0.0548155	0.120285	0.201167	0.294556	0.384593	
-0.604393	-0.785356	-0.936493	-1.03911	-1.0787	-1.03643	-0.920969	-0.758646	-0.588025	-0.423379	-0.271135	-0.127861	-0.0157115	0.0476966	0.0614066	0.0293458	-0.0180504	-0.0372815	-0.0177889	0.0286344	0.086417	0.150227	0.222628	0.300716	0.368118	
-0.515531	-0.713185	-0.878277	-0.997742	-1.06032	-1.0452	-0.957686	-0.822085	-0.672131	-0.519396	-0.369345	-0.230444	-0.109064	-0.0296987	-0.000545072	-0.0104473	-0.0240856	-0.0177889	0.0249425	0.0837197	0.137774	0.191097	0.244358	0.285992	0.318897	
-0.374234	-0.589612	-0.770813	-0.905836	-0.98782	-0.998399	-0.935581	-0.827862	-0.694448	-0.548454	-0.401497	-0.26712	-0.140713	-0.0535007	-0.0144713	-0.00690349	0.00287175	0.0286344	0.0837197	0.145283	0.191145	0.223608	0.24469	0.244756	0.236097	
-0.199319	-0.433576	-0.628223	-0.777523	-0.87046	-0.900988	-0.861664	-0.777305	-0.660291	-0.52228	-0.379347	-0.24699	-0.119432	-0.0327481	0.00785719	0.0322764	0.0548155	0.086417	0.137774	0.191145	0.223525	0.231443	0.211589	0.172004	0.117198	
-0.0105883	-0.252629	-0.455278	-0.611513	-0.712507	-0.755243	-0.739403	-0.671059	-0.571615	-0.44312	-0.305129	-0.170924	-0.0537564	0.0247443	0.0653343	0.0980716	0.120285	0.150227	0.191097	0.223608	0.231443	0.204995	0.141049	0.058126	-0.0474825	
0.159929	-0.068686	-0.268277	-0.420088	-0.522198	-0.57307	-0.57368	-0.520532	-0.438707	-0.324685	-0.1898	-0.0599945	0.0428895	0.111435	0.15505	0.183032	0.201167	0.222628	0.244358	0.24469	0.211589	0.141049	0.0375706	-0.0929024	-0.247062	
0.285014	0.081168	-0.100458	-0.235949	-0.32951	-0.377923	-0.380648	-0.343218	-0.278174	-0.18204	-0.0590295	0.0621356	0.155441	0.217796	0.263379	0.284338	0.294556	0.300716	0.285992	0.244756	0.172004	0.058126	-0.0929024	-0.27221	-0.460905	
0.359424	0.187463	0.0365204	-0.0792815	-0.156669	-0.193195	-0.188001	-0.157634	-0.102776	-0.0178696	0.088867	0.194074	0.279145	0.331764	0.36938	0.386192	0.384593	0.368118	0.318897	0.236097	0.117198	-0.0474825	-0.247062	-0.460905	-0.673323	
0.393811	0.253179	0.13714	0.0436478	-0.0118706	-0.0237861	-0.00629434	0.0310134	0.0836468	0.157422	0.244152	0.328563	0.399835	0.446207	0.471709	0.478541	0.460278	0.413728	0.33813	0.21803	0.0493008	-0.166978	-0.401019	-0.638461	-0.870553	
0.406483	0.295635	0.206444	0.139782	0.10835	0.120486	0.157327	0.208549	0.264512	0.327792	0.393889	0.453902	0.514755	0.553176	0.561807	0.555776	0.522669	0.447204	0.346468	0.194428	-0.0164355	-0.264145	-0.530361	-0.798464	-1.04428	
0.414367	0.326711	0.255696	0.214398	0.20429	0.234067	0.294695	0.362311	0.426185	0.483686	0.528174	0.571469	0.620227	0.646705	0.646425	0.63028	0.575889	0.485891	0.364985	0.187026	-0.0531482	-0.325736	-0.624342	-0.911803	-1.16654	
0.424418	0.351078	0.293379	0.269648	0.275299	0.316344	0.39419	0.478827	0.549426	0.601999	0.633504	0.663795	0.701101	0.720851	0.721329	0.694228	0.622929	0.525893	0.392699	0.199865	-0.0596636	-0.362238	-0.680757	-0.970843	-1.23426	
0.431431	0.361535	0.316595	0.298877	0.314533	0.364581	0.445749	0.545843	0.621036	0.664915	0.695002	0.719715	0.746468	0.770529	0.772616	0.731499	0.65946	0.560331	0.416136	0.21212	-0.0513686	-0.370143	-0.693882	-0.997113	-1.27112	
0.433145	0.363224	0.31996	0.303976	0.320511	0.372267	0.454379	0.557035	0.633066	0.674956	0.705833	0.728265	0.754721	0.779642	0.780909	0.737363	0.66786	0.56651	0.419635	0.214836	-0.0484262	-0.369445	-0.694436	-1.00288	-1.27878	
0.427881	0.356021	0.30462	0.284304	0.294837	0.340013	0.420329	0.511749	0.585012	0.633659	0.66381	0.69191	0.723218	0.744489	0.746077	0.713156	0.640275	0.5418	0.403534	0.205713	-0.0568664	-0.368324	-0.689095	-0.983875	-1.25196	
0.418897	0.338395	0.272317	0.240095	0.236603	0.270889	0.340021	0.414171	0.48065	0.537053	0.575234	0.611705	0.656124	0.679052	0.67814	0.657041	0.595084	0.501613	0.375221	0.190742	-0.0591183	-0.344791	-0.653378	-0.941442	-1.1987	
0.409182	0.308106	0.227443	0.171296	0.149496	0.169724	0.21568	0.273434	0.332586	0.39285	0.449859	0.503316	0.558363	0.592346	0.596968	0.586443	0.544842	0.46295	0.352738	0.18812	-0.0353331	-0.291398	-0.570983	-0.850209	-1.10064	
0.400858	0.272905	0.16795	0.0854781	0.0392848	0.0375274	0.0621152	0.104154	0.157438	0.226906	0.305341	0.379149	0.447017	0.489429	0.508073	0.510944	0.486775	0.426445	0.340893	0.20827	0.0211754	-0.210296	-0.45782	-0.70649	-0.94442	
0.376415	0.217679	0.0817927	-0.0269209	-0.0949487	-0.122803	-0.114108	-0.0821215	-0.0287822	0.0519825	0.151032	0.248834	0.328444	0.378224	0.411095	0.42507	0.416463	0.389391	0.329313	0.230338	0.0906897	-0.0957394	-0.309782	-0.532346	-0.753617	
0.320494	0.128973	-0.0419304	-0.16983	-0.257732	-0.302499	-0.302273	-0.269389	-0.209999	-0.118492	-0.00173903	0.112662	0.204027	0.263128	0.306506	0.325378	0.332158	0.32967	0.299776	0.241694	0.152237	0.0192813	-0.152485	-0.348531	-0.547126	
0.216356	-0.00357543	-0.197501	-0.343724	-0.444104	-0.495337	-0.497875	-0.452206	-0.376887	-0.270372	-0.139094	-0.0110012	0.0862239	0.15168	0.19771	0.222375	0.237539	0.254172	0.262723	0.246993	0.197636	0.109597	-0.0109986	-0.162048	-0.331982	
0.0621323	-0.176662	-0.380492	-0.535588	-0.639021	-0.685603	-0.67749	-0.614711	-0.522853	-0.399589	-0.262511	-0.129413	-0.0176681	0.0564083	0.0978241	0.129578	0.150732	0.177588	0.212641	0.234049	0.226819	0.182727	0.102264	0.001444	-0.12411	
-0.124387	-0.364435	-0.562002	-0.716724	-0.812062	-0.848069	-0.819005	-0.741197	-0.630685	-0.496999	-0.356105	-0.222642	-0.0981852	-0.0133174	0.0264905	0.0563187	0.0794734	0.111613	0.15957	0.205505	0.229002	0.226101	0.188717	0.132092	0.0567582	
-0.306858	-0.529676	-0.717256	-0.858454	-0.945742	-0.965447	-0.911557	-0.814354	-0.687453	-0.544062	-0.398413	-0.266406	-0.138097	-0.0499853	-0.0097074	0.00452857	0.0213039	0.0500966	0.105338	0.165995	0.207656	0.230153	0.234756	0.218811	0.193162	
-0.4658	-0.669015	-0.840703	-0.966068	-1.0372	-1.03299	-0.955143	-0.831898	-0.688487	-0.538755	-0.389846	-0.252021	-0.128306	-0.045794	-0.0107165	-0.0138897	-0.017021	-0.000961584	0.0485529	0.109377	0.160794	0.206005	0.248267	0.273717	0.290301	
-0.574613	-0.762996	-0.920239	-1.02909	-1.07896	-1.04712	-0.942585	-0.789574	-0.628317	-0.468542	-0.318876	-0.17684	-0.0607957	0.0104698	0.0315712	0.00872034	-0.024917	-0.0335564	-0.004834	0.0470195	0.104858	0.166577	0.232722	0.297483	0.352718	
-0.635097	-0.803678	-0.943727	-1.03693	-1.05919	-1.0028	-0.87268	-0.697774	-0.514006	-0.340561	-0.183183	-0.0395841	0.0664475	0.116404	0.1159	0.0695955	0.00395491	-0.0308521	-0.0251311	0.0118501	0.0651297	0.129756	0.209012	0.298269	0.37981	
-0.649122	-0.795476	-0.916632	-0.987025	-0.97919	-0.893166	-0.739739	-0.547477	-0.353137	-0.170523	-0.0128746	0.119277	0.212148	0.244575	0.223306	0.159295	0.0728379	0.00947664	-0.0178767	-0.00460507	0.0413568	0.107993	0.189974	0.288554	0.387152	
-0.621423	-0.740486	-0.827421	-0.866678	-0.829885	-0.717684	-0.549702	-0.35642	-0.163398	0.0167927	0.168722	0.279619	0.351236	0.367632	0.326355	0.242748	0.140753	0.0533729	-0.000397526	-0.00958502	0.0181633	0.0792541	0.168032	0.274754	0.379575	
-0.554749	-0.640359	-0.69045	-0.693724	-0.634378	-0.512598	-0.339308	-0.154089	0.023556	0.193804	0.336094	0.421517	0.461178	0.456213	0.395755	0.290425	0.168273	0.0588967	-0.0121202	-0.0328332	-0.012699	0.0440671	0.131382	0.237412	0.347908	
-0.456433	-0.512584	-0.533276	-0.508584	-0.435816	-0.315374	-0.150123	0.0246656	0.186648	0.334182	0.460391	0.524212	0.532519	0.493564	0.410576	0.2881	0.149018	0.0159907	-0.0711576	-0.0988813	-0.0779927	-0.0174555	0.0736796	0.183995	0.304625	
-0.314648	-0.352375	-0.35744	-0.323909	-0.25577	-0.149961	-0.0089437	0.149837	0.299438	0.427554	0.525292	0.570802	0.555588	0.483742	0.368359	0.225024	0.0707213	-0.077764	-0.178825	-0.214664	-0.194843	-0.120234	-0.0146428	0.103153	0.231416	
-0.156439	-0.185886	-0.192128	-0.169638	-0.121113	-0.0383315	0.0753842	0.206068	0.341533	0.459414	0.531851	0.555933	0.524607	0.430465	0.285086	0.112505	-0.0585561	-0.212297	-0.312618	-0.346641	-0.325697	-0.250596	-0.135502	-0.00869406	0.131678	
