0.170535	0.363581	0.504241	0.58118	0.610126	0.609806	0.593521	0.551522	0.481279	0.384948	0.275009	0.157697	0.0463655	-0.0461263	-0.103479	-0.126182	-0.130194	-0.129753	-0.102743	-0.0310489	0.0659704	0.189181	0.337495	0.493843	0.65772	
0.363581	0.55715	0.686701	0.748176	0.768717	0.758995	0.719786	0.651976	0.560605	0.449291	0.325905	0.201601	0.0832699	-0.0190447	-0.0755174	-0.0855789	-0.0809442	-0.0743069	-0.0451296	0.024123	0.112396	0.223116	0.348742	0.477747	0.618029	
0.504241	0.686701	0.804567	0.858859	0.87824	0.860497	0.807402	0.723028	0.617797	0.497124	0.371571	0.251272	0.140636	0.0487866	0.000171051	-0.00777401	0.000229572	0.0109946	0.0385374	0.0959904	0.176136	0.276333	0.377868	0.474778	0.576001	
0.58118	0.748176	0.858859	0.91494	0.935737	0.921701	0.864956	0.773813	0.655058	0.530813	0.415701	0.311775	0.225261	0.154936	0.117074	0.108691	0.110928	0.120057	0.138392	0.181455	0.24867	0.335661	0.419389	0.480518	0.533621	
0.610126	0.768717	0.87824	0.935737	0.954934	0.941302	0.884348	0.788615	0.67071	0.556551	0.455788	0.37695	0.319745	0.274525	0.245877	0.241428	0.241198	0.239933	0.249989	0.277105	0.323333	0.387326	0.44795	0.476548	0.480817	
0.609806	0.758995	0.860497	0.921701	0.941302	0.92439	0.86603	0.772236	0.665945	0.567592	0.487348	0.435089	0.395902	0.366583	0.350795	0.34912	0.349087	0.347604	0.355293	0.365034	0.391265	0.428214	0.455286	0.448792	0.420761	
0.593521	0.719786	0.807402	0.864956	0.884348	0.86603	0.811141	0.726653	0.634267	0.551806	0.496076	0.467009	0.446053	0.427445	0.421777	0.424572	0.423025	0.419938	0.420816	0.417066	0.424449	0.430212	0.427115	0.399245	0.35101	
0.551522	0.651976	0.723028	0.773813	0.788615	0.772236	0.726653	0.658737	0.582163	0.521453	0.483946	0.466567	0.452744	0.445729	0.442718	0.445477	0.449314	0.441323	0.428423	0.415045	0.413746	0.40594	0.381458	0.342728	0.285265	
0.481279	0.560605	0.617797	0.655058	0.67071	0.665945	0.634267	0.582163	0.522726	0.475729	0.445159	0.42725	0.418384	0.415373	0.408677	0.407739	0.413366	0.400698	0.383291	0.374342	0.37618	0.365309	0.331769	0.283763	0.225608	
0.384948	0.449291	0.497124	0.530813	0.556551	0.567592	0.551806	0.521453	0.475729	0.434105	0.402932	0.381516	0.366447	0.354246	0.339981	0.33609	0.339232	0.326437	0.311438	0.310951	0.317055	0.312866	0.28386	0.232505	0.174331	
0.275009	0.325905	0.371571	0.415701	0.455788	0.487348	0.496076	0.483946	0.445159	0.402932	0.366978	0.332471	0.303206	0.280327	0.259496	0.248693	0.244779	0.238546	0.231209	0.233956	0.248503	0.251698	0.22729	0.185819	0.139455	
0.157697	0.201601	0.251272	0.311775	0.37695	0.435089	0.467009	0.466567	0.42725	0.381516	0.332471	0.279984	0.235838	0.206045	0.183794	0.16637	0.153789	0.152309	0.154632	0.160951	0.179937	0.186622	0.165251	0.137033	0.102684	
0.0463655	0.0832699	0.140636	0.225261	0.319745	0.395902	0.446053	0.452744	0.418384	0.366447	0.303206	0.235838	0.182419	0.145708	0.11806	0.0996948	0.0895223	0.0892169	0.0975475	0.105546	0.117477	0.116466	0.10314	0.085166	0.0611941	
-0.0461263	-0.0190447	0.0487866	0.154936	0.274525	0.366583	0.427445	0.445729	0.415373	0.354246	0.280327	0.206045	0.145708	0.0988881	0.0673094	0.0477356	0.038661	0.0427766	0.0579819	0.0674381	0.0677094	0.058454	0.0477974	0.0333229	0.0205743	
-0.103479	-0.0755174	0.000171051	0.117074	0.245877	0.350795	0.421777	0.442718	0.408677	0.339981	0.259496	0.183794	0.11806	0.0673094	0.0338591	0.00983476	-0.00318765	0.00153547	0.0191727	0.0328953	0.0339898	0.0235983	0.00468244	-0.016864	-0.0274724	
-0.126182	-0.0855789	-0.00777401	0.108691	0.241428	0.34912	0.424572	0.445477	0.407739	0.33609	0.248693	0.16637	0.0996948	0.0477356	0.00983476	-0.0211452	-0.0314056	-0.026523	-0.0115819	0.00435429	0.0101044	-0.00251246	-0.0274953	-0.0510081	-0.0643635	
-0.130194	-0.0809442	0.000229572	0.110928	0.241198	0.349087	0.423025	0.449314	0.413366	0.339232	0.244779	0.153789	0.0895223	0.038661	-0.00318765	-0.0314056	-0.0451782	-0.0440774	-0.0297398	-0.0146079	-0.0124615	-0.0269442	-0.0545764	-0.0816866	-0.100909	
-0.129753	-0.0743069	0.0109946	0.120057	0.239933	0.347604	0.419938	0.441323	0.400698	0.326437	0.238546	0.152309	0.0892169	0.0427766	0.00153547	-0.026523	-0.0440774	-0.0457776	-0.0359769	-0.0293375	-0.0311953	-0.049029	-0.082423	-0.117984	-0.143754	
-0.102743	-0.0451296	0.0385374	0.138392	0.249989	0.355293	0.420816	0.428423	0.383291	0.311438	0.231209	0.154632	0.0975475	0.0579819	0.0191727	-0.0115819	-0.0297398	-0.0359769	-0.0313864	-0.0318339	-0.0412078	-0.0654562	-0.105467	-0.150099	-0.193668	
-0.0310489	0.024123	0.0959904	0.181455	0.277105	0.365034	0.417066	0.415045	0.374342	0.310951	0.233956	0.160951	0.105546	0.0674381	0.0328953	0.00435429	-0.0146079	-0.0293375	-0.0318339	-0.0338129	-0.0464216	-0.0779205	-0.120973	-0.178739	-0.240465	
0.0659704	0.112396	0.176136	0.24867	0.323333	0.391265	0.424449	0.413746	0.37618	0.317055	0.248503	0.179937	0.117477	0.0677094	0.0339898	0.0101044	-0.0124615	-0.0311953	-0.0412078	-0.0464216	-0.0617153	-0.0991826	-0.146897	-0.207479	-0.268337	
0.189181	0.223116	0.276333	0.335661	0.387326	0.428214	0.430212	0.40594	0.365309	0.312866	0.251698	0.186622	0.116466	0.058454	0.0235983	-0.00251246	-0.0269442	-0.049029	-0.0654562	-0.0779205	-0.0991826	-0.131583	-0.175234	-0.228505	-0.280062	
0.337495	0.348742	0.377868	0.419389	0.44795	0.455286	0.427115	0.381458	0.331769	0.28386	0.22729	0.165251	0.10314	0.0477974	0.00468244	-0.0274953	-0.0545764	-0.082423	-0.105467	-0.120973	-0.146897	-0.175234	-0.210329	-0.247447	-0.284277	
0.493843	0.477747	0.474778	0.480518	0.476548	0.448792	0.399245	0.342728	0.283763	0.232505	0.185819	0.137033	0.085166	0.0333229	-0.016864	-0.0510081	-0.0816866	-0.117984	-0.150099	-0.178739	-0.207479	-0.228505	-0.247447	-0.26957	-0.292599	
0.65772	0.618029	0.576001	0.533621	0.480817	0.420761	0.35101	0.285265	0.225608	0.174331	0.139455	0.102684	0.0611941	0.0205743	-0.0274724	-0.0643635	-0.100909	-0.143754	-0.193668	-0.240465	-0.268337	-0.280062	-0.284277	-0.292599	-0.301029	
0.830635	0.772867	0.690747	0.601194	0.497832	0.397963	0.303564	0.224869	0.16539	0.120295	0.0900241	0.0595179	0.0328305	0.00757027	-0.0261792	-0.0682153	-0.111243	-0.163444	-0.224842	-0.276745	-0.300046	-0.303831	-0.300756	-0.299158	-0.296304	
0.998186	0.924357	0.813259	0.674205	0.51722	0.370478	0.253412	0.168186	0.107354	0.0695162	0.0397514	0.0189745	0.00540842	-0.0129156	-0.0341029	-0.0682716	-0.113238	-0.173917	-0.239278	-0.290338	-0.308678	-0.301076	-0.296793	-0.295047	-0.287359	
1.12852	1.0397	0.89896	0.713551	0.51605	0.332769	0.198569	0.110394	0.0507911	0.020826	0.000942129	-0.0104308	-0.0214851	-0.0371466	-0.0556767	-0.0830255	-0.123649	-0.175313	-0.238095	-0.288207	-0.304228	-0.30026	-0.293943	-0.283015	-0.270156	
1.21328	1.11186	0.944968	0.725794	0.50253	0.29701	0.142737	0.0462656	-0.0109981	-0.0321497	-0.0365558	-0.0392393	-0.0479981	-0.0612029	-0.0818004	-0.105745	-0.138601	-0.177361	-0.225814	-0.273635	-0.295831	-0.300676	-0.295018	-0.279111	-0.260727	
1.25502	1.14902	0.963905	0.737122	0.496417	0.275889	0.109164	-4.93051e-06	-0.0632873	-0.0819174	-0.0703743	-0.0587	-0.0601736	-0.0815657	-0.110074	-0.129799	-0.145943	-0.173224	-0.20802	-0.253459	-0.287003	-0.299063	-0.29283	-0.273741	-0.248948	
1.26105	1.15465	0.967584	0.739503	0.495546	0.273316	0.104408	-0.00704798	-0.0725243	-0.0919255	-0.0763648	-0.0614344	-0.0599889	-0.085218	-0.116737	-0.134542	-0.146389	-0.170636	-0.20354	-0.248721	-0.284369	-0.297447	-0.292056	-0.272041	-0.24532	
1.23511	1.131	0.955286	0.730407	0.498693	0.286285	0.124966	0.0233433	-0.0359252	-0.0551862	-0.0518671	-0.0485094	-0.0550849	-0.0705639	-0.0939926	-0.116598	-0.142679	-0.176064	-0.218061	-0.265898	-0.292752	-0.301002	-0.294554	-0.277493	-0.256535	
1.16752	1.0728	0.920822	0.71963	0.511136	0.31803	0.17561	0.0851166	0.0269586	0.000999981	-0.0133487	-0.0224079	-0.0327854	-0.0468997	-0.0659968	-0.0914793	-0.130514	-0.176954	-0.234642	-0.282682	-0.300292	-0.300425	-0.294765	-0.280626	-0.265027	
1.05592	0.976925	0.853641	0.695233	0.519986	0.355392	0.231755	0.145333	0.0841585	0.0496094	0.022421	0.00657726	-0.00467405	-0.0226474	-0.0414488	-0.0717691	-0.11535	-0.174509	-0.239993	-0.2919	-0.308874	-0.300423	-0.293944	-0.290101	-0.281477	
0.899756	0.835277	0.740964	0.631974	0.506294	0.388662	0.28496	0.202136	0.142227	0.100268	0.0693374	0.0424821	0.0211861	0.000707458	-0.0275109	-0.0678657	-0.112519	-0.168727	-0.232934	-0.28452	-0.304641	-0.303164	-0.301579	-0.298767	-0.292942	
0.726111	0.678927	0.619759	0.558386	0.485554	0.410671	0.330691	0.260245	0.201588	0.152018	0.120318	0.0860521	0.0492158	0.0152972	-0.0269568	-0.0668809	-0.106607	-0.15269	-0.208248	-0.258535	-0.28521	-0.294522	-0.293446	-0.296588	-0.301355	
0.55849	0.53161	0.514215	0.500854	0.478592	0.438573	0.381524	0.321768	0.261139	0.209015	0.167573	0.124343	0.0775058	0.0284387	-0.0230168	-0.057551	-0.0896834	-0.128977	-0.168353	-0.204931	-0.233725	-0.250717	-0.262976	-0.280629	-0.29697	
0.399139	0.40036	0.416685	0.446011	0.463987	0.456881	0.419848	0.368333	0.313756	0.264781	0.211559	0.154067	0.0961733	0.0418972	-0.00450831	-0.038159	-0.066335	-0.0971207	-0.122878	-0.142445	-0.169521	-0.195496	-0.224629	-0.255061	-0.285695	
0.246522	0.272439	0.31811	0.371199	0.413834	0.441517	0.430667	0.397772	0.354262	0.305324	0.245083	0.180189	0.111938	0.0544325	0.0169126	-0.0113405	-0.0372661	-0.0612919	-0.080075	-0.0939753	-0.117012	-0.147965	-0.189233	-0.236348	-0.282853	
0.112308	0.15399	0.213896	0.282245	0.34729	0.405484	0.427433	0.412492	0.374741	0.317162	0.252126	0.186802	0.119377	0.0650028	0.0309257	0.0070994	-0.0162469	-0.0362271	-0.0485407	-0.0568238	-0.0747024	-0.110841	-0.15835	-0.216052	-0.274324	
0.00514649	0.0575105	0.126263	0.205383	0.292996	0.373246	0.418834	0.413766	0.374754	0.313559	0.23948	0.166739	0.110897	0.0682453	0.0347312	0.00903303	-0.0114784	-0.0287355	-0.0350889	-0.0369862	-0.050222	-0.0843061	-0.129541	-0.191552	-0.254728	
-0.078756	-0.0214012	0.0574815	0.152258	0.258814	0.358435	0.41953	0.422405	0.37775	0.309116	0.230293	0.155891	0.100475	0.0633933	0.0265738	-0.00534422	-0.0232988	-0.0330479	-0.0301235	-0.0311511	-0.0429054	-0.0707364	-0.111459	-0.161429	-0.21309	
-0.123908	-0.067176	0.0190914	0.125326	0.241799	0.349841	0.420082	0.436552	0.39396	0.31933	0.235688	0.153921	0.0923275	0.0486106	0.00783782	-0.0209333	-0.039254	-0.0417751	-0.0350009	-0.032337	-0.0367036	-0.0560162	-0.0931563	-0.132007	-0.163862	
-0.130963	-0.0790678	0.00380224	0.113901	0.239782	0.347969	0.421209	0.447293	0.410031	0.335959	0.241968	0.151921	0.0877335	0.0383211	-0.00426515	-0.031384	-0.0468464	-0.0471216	-0.0334336	-0.021311	-0.0210429	-0.0364062	-0.0652556	-0.0954928	-0.116967	
-0.128965	-0.083997	-0.00458077	0.109147	0.242073	0.349943	0.424937	0.447874	0.41114	0.338478	0.247485	0.159837	0.0945675	0.0434692	0.00358864	-0.027374	-0.03887	-0.0350303	-0.0202496	-0.00348488	0.00162536	-0.0118429	-0.038706	-0.0625901	-0.078058	
-0.116154	-0.0830584	-0.00705959	0.111398	0.242153	0.34853	0.422374	0.442798	0.406454	0.336114	0.253159	0.176068	0.109582	0.0579271	0.0231911	-0.00434874	-0.0159535	-0.0109948	0.00511253	0.0200168	0.0233105	0.0121203	-0.00915871	-0.0322571	-0.0440338	
-0.0736296	-0.0485912	0.0226835	0.135269	0.259755	0.358373	0.423621	0.444848	0.413531	0.349105	0.271852	0.1966	0.133386	0.0840545	0.0519125	0.0315225	0.0203151	0.0251092	0.0422306	0.0531966	0.0529495	0.042656	0.0286998	0.0119003	0.00203933	
0.006198	0.039188	0.100766	0.194363	0.300395	0.382937	0.436895	0.448378	0.416775	0.360879	0.293274	0.222514	0.166533	0.125827	0.0957575	0.0776827	0.0682269	0.0695918	0.0812898	0.089452	0.0950647	0.0898366	0.0796361	0.0648716	0.0449852	
0.111092	0.152652	0.205289	0.27533	0.352527	0.418321	0.459223	0.461884	0.42268	0.375597	0.320222	0.260843	0.212323	0.180061	0.155958	0.137112	0.125224	0.124451	0.128546	0.136423	0.154629	0.159546	0.140752	0.116283	0.0860207	
0.228131	0.275602	0.32271	0.3726	0.421565	0.463476	0.481723	0.474591	0.436841	0.392752	0.352794	0.312141	0.275619	0.249305	0.227764	0.214041	0.205968	0.202019	0.200031	0.202964	0.219995	0.225352	0.201831	0.167408	0.126368	
