1.42468	1.39603	1.30846	1.17878	0.999857	0.771561	0.527443	0.315524	0.164907	0.0756046	0.0306012	0.0110122	0.00354779	0.00102989	0.000270977	6.49671e-05	1.42612e-05	2.87874e-06	5.36448e-07	9.26125e-08	1.48602e-08	2.22266e-09	3.10726e-10	4.07017e-11	5.00687e-12	
1.39603	1.3133	1.19134	1.02558	0.811804	0.574406	0.357707	0.195185	0.0935207	0.0395553	0.0148637	0.00499496	0.00151062	0.000413547	0.000103028	2.34714e-05	4.91108e-06	9.47519e-07	1.69174e-07	2.80439e-08	4.32912e-09	6.24034e-10	8.42093e-11	1.06626e-11	1.26955e-12	
1.30846	1.19134	1.03392	0.831795	0.6035	0.38808	0.219659	0.109449	0.0481931	0.0188568	0.00659595	0.00207492	0.00059032	0.000152688	3.60769e-05	7.82087e-06	1.56174e-06	2.88312e-07	4.93691e-08	7.86504e-09	1.16898e-09	1.62513e-10	2.11819e-11	2.59412e-12	2.99119e-13	
1.17878	1.02558	0.831795	0.613335	0.403946	0.235567	0.121412	0.0554299	0.0225142	0.00817846	0.00267149	0.000788875	0.000211647	5.18307e-05	1.16359e-05	2.40414e-06	4.58816e-07	8.11474e-08	1.33411e-08	2.04459e-09	2.92848e-10	3.9295e-11	4.95058e-12	5.868e-13	6.5565e-14	
0.999857	0.811804	0.6035	0.403946	0.241082	0.127831	0.0602544	0.0253238	0.0095301	0.0032267	0.00098766	0.00027459	6.96498e-05	1.61853e-05	3.45908e-06	6.82324e-07	1.24635e-07	2.11461e-08	3.3418e-09	4.93197e-10	6.81391e-11	8.83244e-12	1.07641e-12	1.23574e-13	1.33881e-14	
0.771561	0.574406	0.38808	0.235567	0.127831	0.0619491	0.0268526	0.0104433	0.00365829	0.00115915	0.000333635	8.75945e-05	2.10607e-05	4.65453e-06	9.48851e-07	1.78997e-07	3.13422e-08	5.10811e-09	7.76907e-10	1.10536e-10	1.4745e-11	1.848e-12	2.18035e-13	2.42612e-14	2.5504e-15	
0.527443	0.357707	0.219659	0.121412	0.0602544	0.0268526	0.0107663	0.00389487	0.00127581	0.000379804	0.000103146	2.56484e-05	5.86033e-06	1.2345e-06	2.40514e-07	4.34661e-08	7.30676e-09	1.14547e-09	1.67872e-10	2.30507e-11	2.97179e-12	3.60444e-13	4.12045e-14	4.44727e-15	4.53933e-16	
0.315524	0.195185	0.109449	0.0554299	0.0253238	0.0104433	0.00389487	0.00131721	0.000405202	0.000113758	2.92438e-05	6.90661e-06	1.50333e-06	3.02496e-07	5.64302e-08	9.7861e-09	1.58169e-09	2.38829e-10	3.37664e-11	4.4795e-12	5.58704e-13	6.56373e-14	7.27605e-15	7.62309e-16	7.56016e-17	
0.164907	0.0935207	0.0481931	0.0225142	0.0095301	0.00365829	0.00127581	0.000405202	0.00011753	3.12246e-05	7.6212e-06	1.71404e-06	3.56237e-07	6.86094e-08	1.22773e-08	2.04637e-09	3.18461e-10	4.63754e-11	6.33277e-12	8.12522e-13	9.81348e-14	1.11769e-14	1.20241e-15	1.22376e-16	1.18003e-17	
0.0756046	0.0395553	0.0188568	0.00817846	0.0032267	0.00115915	0.000379804	0.000113758	3.12246e-05	7.87533e-06	1.83012e-06	3.92922e-07	7.81438e-08	1.44328e-08	2.48164e-09	3.98168e-10	5.97439e-11	8.40094e-12	1.10925e-12	1.37788e-13	1.61301e-14	1.78253e-15	1.8625e-16	1.84272e-17	1.7288e-18	
0.0306012	0.0148637	0.00659595	0.00267149	0.00098766	0.000333635	0.000103146	2.92438e-05	7.6212e-06	1.83012e-06	4.05965e-07	8.33929e-08	1.59023e-08	2.82168e-09	4.6694e-10	7.22206e-11	1.04619e-11	1.42219e-12	1.81769e-13	2.18809e-14	2.48498e-15	2.66674e-16	2.70828e-17	2.60665e-18	2.38088e-19	
0.0110122	0.00499496	0.00207492	0.000788875	0.00027459	8.75945e-05	2.56484e-05	6.90661e-06	1.71404e-06	3.92922e-07	8.33929e-08	1.64244e-08	3.00866e-09	5.13733e-10	8.19422e-11	1.2234e-11	1.71306e-12	2.25384e-13	2.7912e-14	3.25917e-15	3.59389e-16	3.74821e-17	3.70263e-18	3.46913e-19	3.08686e-20	
0.00354779	0.00151062	0.00059032	0.000211647	6.96498e-05	2.10607e-05	5.86033e-06	1.50333e-06	3.56237e-07	7.81438e-08	1.59023e-08	3.00866e-09	5.30342e-10	8.72794e-11	1.34372e-11	1.93904e-12	2.62753e-13	3.34934e-14	4.02302e-15	4.56063e-16	4.88697e-17	4.95712e-18	4.76644e-19	4.35016e-20	3.77318e-21	
0.00102989	0.000413547	0.000152688	5.18307e-05	1.61853e-05	4.65453e-06	1.2345e-06	3.02496e-07	6.86094e-08	1.44328e-08	2.82168e-09	5.13733e-10	8.72794e-11	1.38638e-11	2.06288e-12	2.88062e-13	3.78161e-14	4.675e-15	5.45128e-16	6.00475e-17	6.25758e-18	6.17789e-19	5.78594e-20	5.14704e-21	4.35428e-22	
0.000270977	0.000103028	3.60769e-05	1.16359e-05	3.45908e-06	9.48851e-07	2.40514e-07	5.64302e-08	1.22773e-08	2.48164e-09	4.6694e-10	8.19422e-11	1.34372e-11	2.06288e-12	2.97024e-13	4.01808e-14	5.11546e-15	6.13891e-16	6.95516e-17	7.45031e-18	7.55621e-19	7.26575e-20	6.63225e-21	5.75409e-22	4.75045e-23	
6.49671e-05	2.34714e-05	7.82087e-06	2.40414e-06	6.82324e-07	1.78997e-07	4.34661e-08	9.7861e-09	2.04637e-09	3.98168e-10	7.22206e-11	1.2234e-11	1.93904e-12	2.88062e-13	4.01808e-14	5.27124e-15	6.51433e-16	7.59559e-17	8.3682e-18	8.72366e-19	8.61691e-20	8.07522e-21	7.18863e-22	6.08612e-23	4.90603e-24	
1.42612e-05	4.91108e-06	1.56174e-06	4.58816e-07	1.24635e-07	3.13422e-08	7.30676e-09	1.58169e-09	3.18461e-10	5.97439e-11	1.04619e-11	1.71306e-12	2.62753e-13	3.78161e-14	5.11546e-15	6.51433e-16	7.82181e-17	8.86838e-18	9.50832e-19	9.65341e-20	9.29279e-21	8.49269e-22	7.37734e-23	6.0983e-24	4.80231e-25	
2.87874e-06	9.47519e-07	2.88312e-07	8.11474e-08	2.11461e-08	5.10811e-09	1.14547e-09	2.38829e-10	4.63754e-11	8.40094e-12	1.42219e-12	2.25384e-13	3.34934e-14	4.675e-15	6.13891e-16	7.59559e-17	8.86838e-18	9.78514e-19	1.02172e-19	1.01091e-20	9.48991e-22	8.46278e-23	7.17746e-24	5.79588e-25	4.4609e-26	
5.36448e-07	1.69174e-07	4.93691e-08	1.33411e-08	3.3418e-09	7.76907e-10	1.67872e-10	3.37664e-11	6.33277e-12	1.10925e-12	1.81769e-13	2.7912e-14	4.02302e-15	5.45128e-16	6.95516e-17	8.3682e-18	9.50832e-19	1.02172e-19	1.03967e-20	1.00313e-21	9.18867e-23	8.00016e-24	6.62806e-25	5.23104e-26	3.9369e-27	
9.26125e-08	2.80439e-08	7.86504e-09	2.04459e-09	4.93197e-10	1.10536e-10	2.30507e-11	4.4795e-12	8.12522e-13	1.37788e-13	2.18809e-14	3.25917e-15	4.56063e-16	6.00475e-17	7.45031e-18	8.72366e-19	9.65341e-20	1.01091e-20	1.00313e-21	9.44411e-23	8.44596e-24	7.18323e-25	5.8164e-26	4.48862e-27	3.30472e-28	
1.48602e-08	4.32912e-09	1.16898e-09	2.92848e-10	6.81391e-11	1.4745e-11	2.97179e-12	5.58704e-13	9.81348e-14	1.61301e-14	2.48498e-15	3.59389e-16	4.88697e-17	6.25758e-18	7.55621e-19	8.61691e-20	9.29279e-21	9.48991e-22	9.18867e-23	8.44596e-24	7.37836e-25	6.13302e-26	4.85581e-27	3.66581e-28	2.64137e-29	
2.22266e-09	6.24034e-10	1.62513e-10	3.9295e-11	8.83244e-12	1.848e-12	3.60444e-13	6.56373e-14	1.11769e-14	1.78253e-15	2.66674e-16	3.74821e-17	4.95712e-18	6.17789e-19	7.26575e-20	8.07522e-21	8.49269e-22	8.46278e-23	8.00016e-24	7.18323e-25	6.13302e-26	4.98471e-27	3.86078e-28	2.85244e-29	2.01228e-30	
3.10726e-10	8.42093e-11	2.11819e-11	4.95058e-12	1.07641e-12	2.18035e-13	4.12045e-14	7.27605e-15	1.20241e-15	1.8625e-16	2.70828e-17	3.70263e-18	4.76644e-19	5.78594e-20	6.63225e-21	7.18863e-22	7.37734e-23	7.17746e-24	6.62806e-25	5.8164e-26	4.85581e-27	3.86078e-28	2.92646e-29	2.11687e-30	1.46266e-31	
4.07017e-11	1.06626e-11	2.59412e-12	5.868e-13	1.23574e-13	2.42612e-14	4.44727e-15	7.62309e-16	1.22376e-16	1.84272e-17	2.60665e-18	3.46913e-19	4.35016e-20	5.14704e-21	5.75409e-22	6.08612e-23	6.0983e-24	5.79588e-25	5.23104e-26	4.48862e-27	3.66581e-28	2.85244e-29	2.11687e-30	1.49977e-31	1.01534e-32	
5.00687e-12	1.26955e-12	2.99119e-13	6.5565e-14	1.33881e-14	2.5504e-15	4.53933e-16	7.56016e-17	1.18003e-17	1.7288e-18	2.38088e-19	3.08686e-20	3.77318e-21	4.35428e-22	4.75045e-23	4.90603e-24	4.80231e-25	4.4609e-26	3.9369e-27	3.30472e-28	2.64137e-29	2.01228e-30	1.46266e-31	1.01534e-32	6.73726e-34	
5.79632e-13	1.42426e-13	3.25346e-14	6.91796e-15	1.37116e-15	2.53696e-16	4.38839e-17	7.10772e-18	1.07958e-18	1.54004e-19	2.0664e-20	2.61179e-21	3.11399e-22	3.50713e-23	3.73612e-24	3.7695e-25	3.60644e-26	3.27585e-27	2.82826e-28	2.3235e-29	1.81825e-30	1.35673e-31	9.66245e-33	6.57417e-34	4.27705e-35	
6.3273e-14	1.50827e-14	3.34394e-15	6.90454e-16	1.32962e-16	2.39157e-17	4.02404e-18	6.34351e-19	9.38314e-20	1.30429e-20	1.70626e-21	2.10375e-22	2.4481e-23	2.6924e-24	2.80218e-25	2.76344e-26	2.58542e-27	2.29747e-28	1.94132e-29	1.5615e-30	1.19684e-31	8.75023e-33	6.10805e-34	4.07463e-35	2.59992e-36	
6.52459e-15	1.51034e-15	3.25311e-16	6.52864e-17	1.2226e-17	2.13964e-18	3.50474e-19	5.38142e-20	7.75755e-21	1.05146e-21	1.34194e-22	1.615e-23	1.83532e-24	1.97213e-25	2.00633e-26	1.9349e-27	1.77103e-28	1.5403e-29	1.27433e-30	1.00397e-31	7.53984e-33	5.40303e-34	3.6979e-35	2.41942e-36	1.51454e-37	
6.36791e-16	1.43277e-16	3.0007e-17	5.85817e-18	1.06769e-18	1.81943e-19	2.9034e-20	4.34535e-21	6.10873e-22	8.07854e-23	1.00648e-23	1.18298e-24	1.31358e-25	1.37977e-26	1.37276e-27	1.29524e-28	1.16035e-29	9.88117e-31	8.00725e-32	6.18118e-33	4.54999e-34	3.19686e-35	2.14592e-36	1.37743e-37	8.4618e-39	
6.08389e-17	1.33012e-17	2.70796e-18	5.14137e-19	9.11729e-20	1.51244e-20	2.35066e-21	3.42824e-22	4.69877e-23	6.06137e-24	7.36991e-25	8.45798e-26	9.17435e-27	9.41798e-28	9.16143e-29	8.45514e-30	7.41205e-31	6.1788e-32	4.9033e-33	3.70801e-34	2.67482e-35	1.84231e-36	1.21268e-37	7.63527e-39	4.60222e-40	
2.80149e-17	6.04884e-18	1.21577e-18	2.27818e-19	3.9863e-20	6.52355e-21	1.00005e-21	1.43836e-22	1.94399e-23	2.47262e-24	2.96415e-25	3.35381e-26	3.58655e-27	3.62986e-28	3.48127e-29	3.16778e-30	2.73815e-31	2.2508e-32	1.76144e-33	1.31374e-34	9.34739e-36	6.35088e-37	4.1242e-38	2.56208e-39	1.52391e-40	
2.52495e-16	5.61866e-17	1.1633e-17	2.24426e-18	4.04065e-19	6.80001e-20	1.07136e-20	1.58277e-21	2.19598e-22	2.86573e-23	3.52274e-24	4.08505e-25	4.47498e-26	4.63714e-27	4.55135e-28	4.2365e-29	3.74432e-30	3.14587e-31	2.51532e-32	1.91599e-33	1.39182e-34	9.65138e-36	6.39468e-37	4.05194e-38	2.45751e-39	
2.63718e-15	6.03673e-16	1.28525e-16	2.54869e-17	4.71464e-18	8.14808e-19	1.31771e-19	1.99722e-20	2.84151e-21	3.80064e-22	4.78627e-23	5.68337e-24	6.37231e-25	6.75558e-26	6.78073e-27	6.45194e-28	5.82684e-29	5.00052e-30	4.08248e-31	3.17417e-32	2.35279e-33	1.66423e-34	1.12443e-35	7.26343e-37	4.48971e-38	
2.61242e-14	6.15642e-15	1.34887e-15	2.75152e-16	5.23322e-17	9.29443e-18	1.54387e-18	2.40222e-19	3.50677e-20	4.81019e-21	6.20914e-22	7.55362e-23	8.67268e-24	9.41079e-25	9.66393e-26	9.4036e-27	8.68131e-28	7.61278e-29	6.3484e-30	5.03992e-31	3.81309e-32	2.7521e-33	1.89672e-34	1.24939e-35	7.87283e-37	
2.44638e-13	5.94089e-14	1.34079e-14	2.81594e-15	5.51135e-16	1.00674e-16	1.71896e-17	2.74781e-18	4.11867e-19	5.7976e-20	7.67572e-21	9.5723e-22	1.12607e-22	1.25134e-23	1.31534e-24	1.30952e-25	1.23636e-26	1.10832e-27	9.44438e-29	7.65866e-30	5.91653e-31	4.35874e-32	3.06522e-33	2.05957e-34	1.32342e-35	
2.16176e-12	5.41548e-13	1.26024e-13	2.72773e-14	5.49893e-15	1.03401e-15	1.81636e-16	2.98531e-17	4.59793e-18	6.64659e-19	9.03157e-20	1.15534e-20	1.39338e-21	1.58659e-22	1.708e-23	1.74067e-24	1.68152e-25	1.54162e-26	1.34295e-27	1.11284e-28	8.78163e-30	6.60594e-31	4.74182e-32	3.25105e-33	2.13092e-34	
1.79918e-11	4.65482e-12	1.11816e-12	2.49688e-13	5.18987e-14	1.00556e-14	1.8189e-15	3.07632e-16	4.87258e-17	7.23888e-18	1.01028e-18	1.32657e-19	1.64127e-20	1.9161e-21	2.11374e-22	2.2063e-23	2.18183e-24	2.04674e-25	1.82352e-26	1.54478e-27	1.24569e-28	9.57194e-30	7.01584e-31	4.90988e-32	3.28383e-33	
1.40747e-10	3.76536e-11	9.34801e-12	2.15604e-12	4.62564e-13	9.24442e-14	1.72357e-14	3.00255e-15	4.89498e-16	7.4799e-17	1.07301e-17	1.44727e-18	1.83817e-19	2.20164e-20	2.49029e-21	2.66375e-22	2.69806e-23	2.59105e-24	2.36211e-25	2.04659e-26	1.68718e-27	1.32482e-28	9.91906e-30	7.08813e-31	4.83898e-32	
1.03262e-09	2.86051e-10	7.34916e-11	1.75293e-11	3.88649e-12	8.02069e-13	1.54301e-13	2.77144e-14	4.65486e-15	7.32262e-16	1.08063e-16	1.49835e-17	1.95501e-18	2.40396e-19	2.78985e-20	3.05997e-21	3.1763e-22	3.12437e-23	2.91594e-24	2.58518e-25	2.17972e-26	1.7498e-27	1.33878e-28	9.77246e-30	6.81233e-31	
7.08825e-09	2.03626e-09	5.42175e-10	1.33924e-10	3.0725e-11	6.55581e-12	1.30286e-12	2.41533e-13	4.1837e-14	6.78184e-15	1.03048e-15	1.47006e-16	1.97199e-17	2.49126e-18	2.96837e-19	3.3406e-20	3.55582e-21	3.58459e-22	3.42672e-23	3.11022e-24	2.68341e-25	2.20321e-26	1.72332e-27	1.28549e-28	9.15361e-30	
4.54056e-08	1.35494e-08	3.7448e-09	9.59387e-10	2.28083e-10	5.0384e-11	1.03568e-11	1.98409e-12	3.54816e-13	5.93286e-14	9.29091e-15	1.36488e-15	1.88393e-16	2.4471e-17	2.9958e-18	3.46167e-19	3.78082e-20	3.90845e-21	3.82923e-22	3.56002e-23	3.14448e-24	2.64182e-25	2.11347e-26	1.61171e-27	1.17278e-28	
2.70657e-07	8.40519e-08	2.41561e-08	6.42935e-09	1.58641e-09	3.63347e-10	7.73592e-11	1.53343e-11	2.83456e-12	4.89444e-13	7.90765e-14	1.19741e-14	1.70217e-15	2.27522e-16	2.86408e-17	3.40047e-18	3.81347e-19	4.04515e-20	4.06413e-21	3.87238e-22	3.50351e-23	3.01341e-24	2.46681e-25	1.92399e-26	1.43125e-27	
1.49665e-06	4.84688e-07	1.45133e-07	4.02056e-08	1.03143e-08	2.45335e-09	5.41835e-10	1.11287e-10	2.12917e-11	3.80111e-12	6.34294e-13	9.91052e-14	1.45232e-14	1.99944e-15	2.59017e-16	3.16229e-17	3.64398e-18	3.96897e-19	4.09176e-20	3.99805e-21	3.70717e-22	3.26606e-23	2.73713e-24	2.18445e-25	1.66197e-26	
7.6513e-06	2.58996e-06	8.09788e-07	2.33976e-07	6.25274e-08	1.54733e-08	3.55085e-09	7.5684e-10	1.50084e-10	2.77387e-11	4.78663e-12	7.72563e-13	1.16831e-13	1.65822e-14	2.21264e-15	2.78009e-16	3.29429e-17	3.68691e-18	3.90287e-19	3.91309e-20	3.72081e-21	3.35955e-22	2.88384e-23	2.35616e-24	1.83424e-25	
3.60272e-05	1.278e-05	4.1827e-06	1.2634e-06	3.52468e-07	9.09274e-08	2.17212e-08	4.81268e-09	9.90741e-10	1.8984e-10	3.39208e-11	5.66233e-12	8.84629e-13	1.29579e-13	1.78264e-14	2.30714e-15	2.81357e-16	3.23809e-17	3.52214e-18	3.62599e-19	3.53781e-20	3.27561e-21	2.88161e-22	2.41144e-23	1.92178e-24	
0.000155598	5.8013e-05	1.99298e-05	6.30955e-06	1.84207e-06	4.96488e-07	1.23716e-07	2.85479e-08	6.1113e-09	1.21595e-09	2.25297e-10	3.89477e-11	6.29384e-12	9.5249e-13	1.35237e-13	1.80457e-14	2.26684e-15	2.68493e-16	3.00312e-17	3.17672e-18	3.18244e-19	3.0234e-20	2.72733e-21	2.33893e-22	1.90913e-23	
0.000613565	0.00024124	8.72666e-05	2.90422e-05	8.89696e-06	2.51161e-06	6.54314e-07	1.57573e-07	3.51436e-08	7.27332e-09	1.39963e-09	2.50932e-10	4.19977e-11	6.57446e-12	9.64445e-13	1.3282e-13	1.7202e-14	2.09866e-15	2.41575e-16	2.62764e-17	2.70469e-18	2.63819e-19	2.44178e-20	2.14717e-21	1.79599e-22	
0.00219777	0.000914727	0.000349675	0.000122737	3.95752e-05	1.17343e-05	3.20412e-06	8.07142e-07	1.87943e-07	4.05358e-08	8.11527e-09	1.51126e-09	2.62336e-10	4.25348e-11	6.4544e-12	9.18376e-13	1.22753e-13	1.54399e-14	1.83058e-15	2.04903e-16	2.16863e-17	2.1733e-18	2.06515e-19	1.86313e-20	1.59785e-21	
0.00711078	0.00314652	0.0012763	0.000474285	0.00016152	5.04601e-05	1.44829e-05	3.82611e-06	9.32287e-07	2.09985e-07	4.38178e-08	8.49017e-09	1.53091e-09	2.57448e-10	4.04619e-11	5.95511e-12	8.22349e-13	1.06744e-13	1.30469e-14	1.50408e-15	1.63803e-16	1.68775e-17	1.64761e-18	1.52597e-19	1.34258e-20	
0.0206522	0.00976402	0.00422207	0.00166825	0.000602416	0.000199	6.02288e-05	1.67343e-05	4.27786e-06	1.00852e-06	2.19806e-07	4.4395e-08	8.32919e-09	1.45495e-09	2.37159e-10	3.61491e-11	5.16307e-12	6.92328e-13	8.73187e-14	1.03765e-14	1.16376e-15	1.23375e-16	1.23818e-17	1.17801e-18	1.06391e-19	
