0.525409	0.306452	0.110084	-0.0565072	-0.193065	-0.29347	-0.366561	-0.403527	-0.411934	-0.405687	-0.384439	-0.340072	-0.284742	-0.234976	-0.192687	-0.160359	-0.141743	-0.136504	-0.137144	-0.143939	-0.152178	-0.163126	-0.175467	-0.178257	-0.179173	
0.306452	0.0912783	-0.0898682	-0.233034	-0.331956	-0.394181	-0.432399	-0.439278	-0.421534	-0.3871	-0.343395	-0.288052	-0.232566	-0.192032	-0.168889	-0.154075	-0.146265	-0.150711	-0.157194	-0.163902	-0.168358	-0.172011	-0.170109	-0.155502	-0.147067	
0.110084	-0.0898682	-0.247171	-0.355925	-0.419415	-0.449645	-0.459255	-0.443793	-0.401704	-0.343882	-0.288581	-0.234217	-0.187144	-0.160778	-0.150992	-0.146211	-0.151299	-0.163052	-0.17307	-0.182454	-0.177715	-0.166743	-0.15454	-0.13525	-0.12775	
-0.0565072	-0.233034	-0.355925	-0.432391	-0.465419	-0.468896	-0.454185	-0.415397	-0.354336	-0.286065	-0.233181	-0.192045	-0.161567	-0.146216	-0.145836	-0.151774	-0.160824	-0.170889	-0.177735	-0.176882	-0.16161	-0.149602	-0.141799	-0.128867	-0.126718	
-0.193065	-0.331956	-0.419415	-0.465419	-0.471646	-0.45262	-0.412792	-0.358622	-0.294297	-0.232645	-0.19435	-0.171407	-0.152831	-0.145426	-0.1535	-0.161472	-0.169185	-0.171262	-0.164633	-0.156243	-0.140479	-0.132361	-0.133095	-0.131173	-0.136271	
-0.29347	-0.394181	-0.449645	-0.468896	-0.45262	-0.409495	-0.35013	-0.291803	-0.236314	-0.189778	-0.166507	-0.156707	-0.151839	-0.156477	-0.168534	-0.176206	-0.174736	-0.159034	-0.14342	-0.13341	-0.121524	-0.123092	-0.133026	-0.138579	-0.142252	
-0.366561	-0.432399	-0.459255	-0.454185	-0.412792	-0.35013	-0.281531	-0.229652	-0.189967	-0.159278	-0.146438	-0.150697	-0.161019	-0.170222	-0.178886	-0.176124	-0.161547	-0.141804	-0.129248	-0.125002	-0.122613	-0.1268	-0.132345	-0.133246	-0.131049	
-0.403527	-0.439278	-0.443793	-0.415397	-0.358622	-0.291803	-0.229652	-0.19259	-0.16812	-0.148146	-0.143062	-0.156005	-0.168028	-0.170484	-0.165136	-0.153523	-0.142996	-0.131775	-0.129179	-0.132274	-0.131706	-0.130007	-0.12725	-0.12609	-0.121861	
-0.411934	-0.421534	-0.401704	-0.354336	-0.294297	-0.236314	-0.189967	-0.16812	-0.157144	-0.152502	-0.157404	-0.170726	-0.175947	-0.163407	-0.144549	-0.133125	-0.126483	-0.121469	-0.125453	-0.13104	-0.136118	-0.135549	-0.129408	-0.125204	-0.112526	
-0.405687	-0.3871	-0.343882	-0.286065	-0.232645	-0.189778	-0.159278	-0.148146	-0.152502	-0.164553	-0.171829	-0.177408	-0.171045	-0.151022	-0.133458	-0.12554	-0.121495	-0.120428	-0.124145	-0.127219	-0.131336	-0.126674	-0.118376	-0.117903	-0.113084	
-0.384439	-0.343395	-0.288581	-0.233181	-0.19435	-0.166507	-0.146438	-0.143062	-0.157404	-0.171829	-0.169425	-0.160066	-0.1488	-0.137537	-0.128229	-0.126591	-0.128415	-0.130992	-0.130424	-0.123242	-0.119247	-0.108961	-0.10194	-0.112555	-0.119693	
-0.340072	-0.288052	-0.234217	-0.192045	-0.171407	-0.156707	-0.150697	-0.156005	-0.170726	-0.177408	-0.160066	-0.139937	-0.13165	-0.126025	-0.11974	-0.123047	-0.129981	-0.135331	-0.130476	-0.118155	-0.113362	-0.106943	-0.105753	-0.11368	-0.113825	
-0.284742	-0.232566	-0.187144	-0.161567	-0.152831	-0.151839	-0.161019	-0.168028	-0.175947	-0.171045	-0.1488	-0.13165	-0.125912	-0.122328	-0.12036	-0.124828	-0.127472	-0.126437	-0.116255	-0.106912	-0.111765	-0.116254	-0.116512	-0.115203	-0.110306	
-0.234976	-0.192032	-0.160778	-0.146216	-0.145426	-0.156477	-0.170222	-0.170484	-0.163407	-0.151022	-0.137537	-0.126025	-0.122328	-0.126751	-0.131342	-0.130286	-0.122209	-0.112931	-0.103277	-0.104087	-0.113363	-0.117225	-0.115504	-0.110009	-0.106437	
-0.192687	-0.168889	-0.150992	-0.145836	-0.1535	-0.168534	-0.178886	-0.165136	-0.144549	-0.133458	-0.128229	-0.11974	-0.12036	-0.131342	-0.13497	-0.125097	-0.111661	-0.106662	-0.109571	-0.113608	-0.110867	-0.109543	-0.107074	-0.0987995	-0.102391	
-0.160359	-0.154075	-0.146211	-0.151774	-0.161472	-0.176206	-0.176124	-0.153523	-0.133125	-0.12554	-0.126591	-0.123047	-0.124828	-0.130286	-0.125097	-0.109995	-0.103832	-0.111574	-0.117714	-0.115304	-0.10677	-0.104513	-0.101387	-0.0958883	-0.104475	
-0.141743	-0.146265	-0.151299	-0.160824	-0.169185	-0.174736	-0.161547	-0.142996	-0.126483	-0.121495	-0.128415	-0.129981	-0.127472	-0.122209	-0.111661	-0.103832	-0.110403	-0.114168	-0.112209	-0.111396	-0.102587	-0.100684	-0.104166	-0.102321	-0.104088	
-0.136504	-0.150711	-0.163052	-0.170889	-0.171262	-0.159034	-0.141804	-0.131775	-0.121469	-0.120428	-0.130992	-0.135331	-0.126437	-0.112931	-0.106662	-0.111574	-0.114168	-0.105689	-0.106173	-0.106712	-0.09772	-0.101845	-0.109266	-0.104887	-0.0990137	
-0.137144	-0.157194	-0.17307	-0.177735	-0.164633	-0.14342	-0.129248	-0.129179	-0.125453	-0.124145	-0.130424	-0.130476	-0.116255	-0.103277	-0.109571	-0.117714	-0.112209	-0.106173	-0.105339	-0.0999849	-0.0978708	-0.102051	-0.103826	-0.102318	-0.0971842	
-0.143939	-0.163902	-0.182454	-0.176882	-0.156243	-0.13341	-0.125002	-0.132274	-0.13104	-0.127219	-0.123242	-0.118155	-0.106912	-0.104087	-0.113608	-0.115304	-0.111396	-0.106712	-0.0999849	-0.0991191	-0.105598	-0.102338	-0.0947443	-0.0964354	-0.0959312	
-0.152178	-0.168358	-0.177715	-0.16161	-0.140479	-0.121524	-0.122613	-0.131706	-0.136118	-0.131336	-0.119247	-0.113362	-0.111765	-0.113363	-0.110867	-0.10677	-0.102587	-0.09772	-0.0978708	-0.105598	-0.112401	-0.100589	-0.0908777	-0.0969359	-0.0951102	
-0.163126	-0.172011	-0.166743	-0.149602	-0.132361	-0.123092	-0.1268	-0.130007	-0.135549	-0.126674	-0.108961	-0.106943	-0.116254	-0.117225	-0.109543	-0.104513	-0.100684	-0.101845	-0.102051	-0.102338	-0.100589	-0.0895758	-0.0944416	-0.106739	-0.101178	
-0.175467	-0.170109	-0.15454	-0.141799	-0.133095	-0.133026	-0.132345	-0.12725	-0.129408	-0.118376	-0.10194	-0.105753	-0.116512	-0.115504	-0.107074	-0.101387	-0.104166	-0.109266	-0.103826	-0.0947443	-0.0908777	-0.0944416	-0.100694	-0.0984325	-0.0955856	
-0.178257	-0.155502	-0.13525	-0.128867	-0.131173	-0.138579	-0.133246	-0.12609	-0.125204	-0.117903	-0.112555	-0.11368	-0.115203	-0.110009	-0.0987995	-0.0958883	-0.102321	-0.104887	-0.102318	-0.0964354	-0.0969359	-0.106739	-0.0984325	-0.0834413	-0.0886566	
-0.179173	-0.147067	-0.12775	-0.126718	-0.136271	-0.142252	-0.131049	-0.121861	-0.112526	-0.113084	-0.119693	-0.113825	-0.110306	-0.106437	-0.102391	-0.104475	-0.104088	-0.0990137	-0.0971842	-0.0959312	-0.0951102	-0.101178	-0.0955856	-0.0886566	-0.0992551	
-0.173372	-0.144225	-0.12796	-0.13191	-0.142392	-0.141294	-0.131559	-0.117428	-0.1045	-0.112206	-0.121633	-0.111887	-0.102884	-0.102407	-0.108572	-0.10998	-0.101975	-0.0973474	-0.0973107	-0.0966522	-0.0940848	-0.0940486	-0.0946388	-0.094141	-0.098194	
-0.159268	-0.139678	-0.128189	-0.134296	-0.13897	-0.135204	-0.131429	-0.117401	-0.110142	-0.117862	-0.12371	-0.113595	-0.0981044	-0.0999431	-0.107727	-0.104158	-0.0960909	-0.0963009	-0.100287	-0.102139	-0.100411	-0.0903113	-0.0911211	-0.0978692	-0.0884692	
-0.151089	-0.142924	-0.13976	-0.13836	-0.134147	-0.128168	-0.124493	-0.118182	-0.113428	-0.116595	-0.116835	-0.111763	-0.101548	-0.104786	-0.108353	-0.101407	-0.0988691	-0.0954342	-0.0969608	-0.101609	-0.096067	-0.0877758	-0.0952918	-0.101983	-0.0877595	
-0.14319	-0.149454	-0.153258	-0.142626	-0.131765	-0.123218	-0.120137	-0.122337	-0.118733	-0.113957	-0.106417	-0.107713	-0.108411	-0.106773	-0.104316	-0.100405	-0.103062	-0.0987237	-0.0956976	-0.0966974	-0.0910953	-0.0936129	-0.0989796	-0.0936054	-0.0888637	
-0.134652	-0.153396	-0.157263	-0.143743	-0.126611	-0.118814	-0.118741	-0.125001	-0.127807	-0.112838	-0.102389	-0.106675	-0.114684	-0.106217	-0.0971748	-0.100052	-0.100503	-0.102145	-0.0973877	-0.0916872	-0.0972152	-0.0994919	-0.0903278	-0.0873252	-0.0973491	
-0.133246	-0.153999	-0.157062	-0.143323	-0.124131	-0.117485	-0.117513	-0.12481	-0.130075	-0.112374	-0.103127	-0.10688	-0.116336	-0.107055	-0.095184	-0.0998112	-0.0988243	-0.102373	-0.0984256	-0.0906647	-0.0991443	-0.100252	-0.0875657	-0.0870343	-0.0999642	
-0.13954	-0.151447	-0.155865	-0.143437	-0.129811	-0.121692	-0.119381	-0.123608	-0.12261	-0.113297	-0.104359	-0.106564	-0.110854	-0.107259	-0.101238	-0.099854	-0.102336	-0.100606	-0.0970498	-0.0938205	-0.0920487	-0.097039	-0.0968316	-0.0901159	-0.0912618	
-0.14819	-0.145891	-0.146068	-0.140423	-0.133845	-0.126152	-0.12287	-0.119436	-0.11462	-0.115607	-0.111689	-0.109868	-0.103775	-0.105954	-0.108063	-0.101188	-0.101326	-0.0966396	-0.0957018	-0.0992111	-0.0933378	-0.0899126	-0.0969391	-0.099551	-0.0890353	
-0.155291	-0.139838	-0.131339	-0.135179	-0.135963	-0.131972	-0.128773	-0.117476	-0.11211	-0.118191	-0.122791	-0.113913	-0.0987638	-0.101515	-0.107224	-0.102342	-0.0961431	-0.0948787	-0.0995423	-0.103717	-0.100683	-0.0885608	-0.0911793	-0.100141	-0.0871172	
-0.16776	-0.142284	-0.127802	-0.133524	-0.141722	-0.139571	-0.132121	-0.117253	-0.106018	-0.1138	-0.122926	-0.112387	-0.100235	-0.100893	-0.108503	-0.108619	-0.099592	-0.0969604	-0.0988543	-0.0985746	-0.0959228	-0.092184	-0.0941604	-0.0959803	-0.0932266	
-0.177756	-0.146105	-0.128118	-0.128787	-0.139848	-0.142193	-0.131157	-0.120089	-0.107173	-0.112031	-0.119807	-0.112552	-0.107793	-0.104219	-0.106226	-0.108205	-0.103809	-0.0987825	-0.0962323	-0.0952823	-0.0934167	-0.0975082	-0.0956271	-0.0913864	-0.101625	
-0.178402	-0.150548	-0.130247	-0.126078	-0.132035	-0.139858	-0.13222	-0.124922	-0.1211	-0.116997	-0.11691	-0.115208	-0.113675	-0.108258	-0.0987622	-0.0972507	-0.102208	-0.10184	-0.100124	-0.0977765	-0.0983013	-0.106255	-0.0965159	-0.0830417	-0.0915286	
-0.177651	-0.16505	-0.146786	-0.13706	-0.132558	-0.136111	-0.133455	-0.126134	-0.128217	-0.117256	-0.10477	-0.108773	-0.115446	-0.114062	-0.103795	-0.0986316	-0.104589	-0.108381	-0.103483	-0.0943644	-0.0919205	-0.100415	-0.100592	-0.0915441	-0.0918917	
-0.169047	-0.172459	-0.162464	-0.146452	-0.132776	-0.127274	-0.129075	-0.128952	-0.132759	-0.123078	-0.104589	-0.104768	-0.117062	-0.116905	-0.108938	-0.104237	-0.102353	-0.105854	-0.103358	-0.0984262	-0.0946819	-0.0893599	-0.0976414	-0.105732	-0.10051	
-0.156282	-0.16958	-0.172778	-0.155278	-0.135369	-0.120772	-0.123195	-0.131477	-0.137057	-0.130915	-0.116532	-0.110827	-0.114916	-0.115701	-0.109309	-0.104779	-0.0998594	-0.0979884	-0.098955	-0.105744	-0.110522	-0.0958007	-0.0917496	-0.101811	-0.0965503	
-0.147598	-0.166801	-0.182144	-0.172113	-0.150482	-0.128231	-0.124012	-0.131844	-0.133401	-0.128745	-0.120704	-0.115498	-0.107584	-0.107902	-0.113466	-0.112099	-0.10843	-0.10356	-0.0984886	-0.10143	-0.109565	-0.101846	-0.091408	-0.09553	-0.0959851	
-0.139325	-0.160004	-0.177718	-0.178529	-0.161919	-0.138957	-0.127082	-0.130645	-0.12789	-0.125606	-0.127652	-0.125312	-0.111226	-0.102254	-0.111535	-0.118045	-0.112274	-0.106535	-0.10401	-0.0990168	-0.0997655	-0.102652	-0.100592	-0.0991515	-0.0958508	
-0.136016	-0.152866	-0.167157	-0.174063	-0.168633	-0.151816	-0.135268	-0.129726	-0.122763	-0.121776	-0.132118	-0.135278	-0.122865	-0.108595	-0.107023	-0.11476	-0.11367	-0.104104	-0.10548	-0.103976	-0.0969074	-0.102695	-0.108584	-0.104584	-0.0981514	
-0.138674	-0.14745	-0.156609	-0.165902	-0.171616	-0.169505	-0.153634	-0.138013	-0.123195	-0.120213	-0.128927	-0.132776	-0.127729	-0.118014	-0.108921	-0.106509	-0.113084	-0.111649	-0.109271	-0.109307	-0.100302	-0.100568	-0.106142	-0.10406	-0.103028	
-0.150516	-0.149104	-0.146745	-0.155099	-0.164403	-0.177098	-0.171167	-0.149694	-0.130277	-0.123604	-0.127827	-0.125902	-0.126511	-0.127392	-0.118857	-0.105631	-0.105167	-0.113914	-0.117071	-0.113898	-0.104937	-0.102662	-0.102279	-0.0985867	-0.103802	
-0.177933	-0.162162	-0.148055	-0.147985	-0.156773	-0.172232	-0.17962	-0.16037	-0.139211	-0.129102	-0.126756	-0.120758	-0.121748	-0.132128	-0.132239	-0.118663	-0.107129	-0.107608	-0.114139	-0.116097	-0.109361	-0.106967	-0.103058	-0.0956525	-0.104056	
-0.217137	-0.181234	-0.156164	-0.144993	-0.148508	-0.161505	-0.17475	-0.169553	-0.15513	-0.142797	-0.132286	-0.122276	-0.121001	-0.129094	-0.134933	-0.13012	-0.118673	-0.10908	-0.103323	-0.107482	-0.113167	-0.11461	-0.112651	-0.105298	-0.103993	
-0.263826	-0.213896	-0.173298	-0.152888	-0.14713	-0.152386	-0.164443	-0.170015	-0.173214	-0.164208	-0.144837	-0.129518	-0.124422	-0.123843	-0.124269	-0.12707	-0.125675	-0.121092	-0.109477	-0.10332	-0.112461	-0.118727	-0.117917	-0.114533	-0.108885	
-0.318081	-0.2653	-0.213654	-0.178044	-0.163619	-0.153813	-0.155152	-0.16135	-0.174466	-0.17721	-0.155442	-0.135485	-0.128159	-0.123458	-0.118772	-0.122687	-0.12916	-0.132813	-0.126312	-0.11428	-0.111842	-0.110696	-0.110705	-0.113852	-0.111986	
-0.369344	-0.322082	-0.267123	-0.215298	-0.184393	-0.162353	-0.146767	-0.147645	-0.162273	-0.174725	-0.166128	-0.150495	-0.139923	-0.131671	-0.124938	-0.125868	-0.130586	-0.134881	-0.131735	-0.121895	-0.115619	-0.104443	-0.101257	-0.113677	-0.118461	
