0.687507	0.630644	0.582969	0.537636	0.501438	0.494209	0.521436	0.564354	0.611402	0.663738	0.727451	0.802158	0.870051	0.919707	0.947216	0.946209	0.919175	0.869203	0.78386	0.665716	0.522699	0.360033	0.199585	0.0536578	-0.0708658	
0.661155	0.618218	0.590845	0.571016	0.553702	0.549294	0.563571	0.581987	0.606311	0.64115	0.697971	0.763967	0.827519	0.872584	0.895847	0.893663	0.859955	0.800388	0.70384	0.579192	0.437282	0.29431	0.153204	0.0205937	-0.0948074	
0.609623	0.573874	0.559767	0.557586	0.557795	0.558127	0.557367	0.558405	0.566003	0.59277	0.641917	0.702179	0.7558	0.788983	0.799375	0.788074	0.754302	0.690067	0.590601	0.456653	0.316138	0.183082	0.0615191	-0.0570537	-0.156718	
0.525683	0.496604	0.484939	0.485793	0.492192	0.494512	0.487338	0.484512	0.489643	0.511992	0.553586	0.608487	0.651635	0.671894	0.668314	0.645113	0.608475	0.542708	0.44247	0.30849	0.169761	0.0430241	-0.0663091	-0.171372	-0.256303	
0.406953	0.383149	0.37547	0.380197	0.385144	0.3873	0.382034	0.376574	0.377997	0.396282	0.427764	0.478674	0.520928	0.534989	0.521637	0.493111	0.448482	0.374303	0.274732	0.149973	0.0133436	-0.108552	-0.20863	-0.303603	-0.380352	
0.281181	0.269349	0.26739	0.270558	0.274927	0.275713	0.272428	0.268024	0.268119	0.274288	0.299042	0.339474	0.373754	0.38307	0.367686	0.335399	0.284638	0.205189	0.102514	-0.0138838	-0.143835	-0.264565	-0.362563	-0.446828	-0.519081	
0.182007	0.17543	0.176972	0.182831	0.183239	0.183062	0.183574	0.178643	0.176136	0.177311	0.19487	0.218941	0.241323	0.239249	0.219716	0.180584	0.125892	0.0456588	-0.0547078	-0.167084	-0.286057	-0.400638	-0.494699	-0.572732	-0.642839	
0.126806	0.126513	0.130869	0.134407	0.132262	0.131369	0.133818	0.132783	0.128056	0.125727	0.130266	0.134061	0.136429	0.124041	0.0959987	0.0514696	-0.0062442	-0.0779674	-0.170512	-0.285616	-0.399347	-0.503185	-0.590512	-0.670412	-0.737983	
0.126397	0.140022	0.153574	0.157115	0.15574	0.156079	0.156037	0.157325	0.14547	0.131812	0.116814	0.095833	0.07654	0.0527807	0.0132226	-0.0385462	-0.0936006	-0.15401	-0.236637	-0.355345	-0.476658	-0.581479	-0.669998	-0.74869	-0.813854	
0.18571	0.222592	0.246721	0.253218	0.251999	0.251209	0.253086	0.2513	0.233865	0.201619	0.159341	0.110194	0.0677374	0.028402	-0.0196341	-0.0716902	-0.123102	-0.175681	-0.257463	-0.37608	-0.505365	-0.622805	-0.719076	-0.796859	-0.861563	
0.293192	0.351904	0.388381	0.400763	0.401146	0.400543	0.401366	0.396404	0.369063	0.319262	0.250691	0.177949	0.11173	0.0564925	0.00328715	-0.0449211	-0.0899887	-0.144326	-0.227889	-0.342735	-0.474111	-0.601053	-0.713784	-0.797292	-0.854645	
0.435113	0.511434	0.562581	0.588207	0.594191	0.59325	0.592071	0.576139	0.535174	0.468506	0.380868	0.29136	0.20746	0.141911	0.087325	0.0408664	-0.00324425	-0.0664299	-0.158471	-0.270274	-0.399836	-0.532069	-0.653083	-0.745922	-0.807445	
0.603535	0.693227	0.75893	0.80397	0.819984	0.819633	0.814044	0.779545	0.722851	0.641604	0.542167	0.442633	0.349611	0.276065	0.217186	0.16384	0.109268	0.0370365	-0.0647884	-0.179241	-0.314368	-0.448732	-0.567685	-0.662904	-0.733224	
0.774298	0.868742	0.941559	0.998604	1.02624	1.02797	1.0145	0.966303	0.900367	0.814035	0.711297	0.609592	0.513112	0.434077	0.367917	0.303624	0.239042	0.156718	0.0493281	-0.0751206	-0.218427	-0.354213	-0.461347	-0.551115	-0.626232	
0.914834	1.0008	1.0725	1.13544	1.17318	1.17829	1.15474	1.09975	1.03011	0.951292	0.857005	0.76362	0.671523	0.590342	0.510714	0.431819	0.357347	0.265666	0.156677	0.0344009	-0.102139	-0.231744	-0.333283	-0.420939	-0.499032	
1.00557	1.07521	1.13538	1.19374	1.23046	1.23619	1.2123	1.15969	1.09949	1.03563	0.957643	0.878025	0.797165	0.714565	0.627009	0.540871	0.456988	0.361106	0.255045	0.144894	0.0277836	-0.0878271	-0.192347	-0.285963	-0.367939	
1.03381	1.08561	1.13479	1.17848	1.20811	1.21142	1.19294	1.15324	1.10563	1.05547	1.0014	0.943222	0.875697	0.80147	0.713103	0.623034	0.533637	0.440136	0.342944	0.250368	0.151278	0.0460071	-0.0649182	-0.166945	-0.245136	
1.00186	1.03397	1.06787	1.09652	1.11176	1.1135	1.10379	1.08092	1.04732	1.01378	0.986076	0.95411	0.908108	0.848265	0.771342	0.683358	0.597234	0.510483	0.430477	0.35286	0.26282	0.16046	0.0442428	-0.0634422	-0.148314	
0.918651	0.924719	0.935395	0.94812	0.950622	0.949809	0.950645	0.940834	0.928297	0.920026	0.917825	0.912201	0.893168	0.855082	0.799949	0.730783	0.655957	0.587928	0.523482	0.454149	0.364026	0.258017	0.133033	0.0154115	-0.0804447	
0.777	0.755853	0.740285	0.732219	0.731907	0.731184	0.732451	0.73572	0.749014	0.76708	0.794469	0.819088	0.829245	0.829755	0.810687	0.768518	0.719601	0.671651	0.613015	0.543036	0.447373	0.329978	0.196618	0.0686228	-0.0325018	
0.587608	0.535262	0.488308	0.460079	0.445952	0.443069	0.453258	0.474477	0.514921	0.566225	0.621571	0.678974	0.732612	0.777301	0.803427	0.802153	0.784167	0.753499	0.703347	0.629052	0.526962	0.398806	0.254055	0.115079	0.0099531	
0.371173	0.289452	0.217126	0.160932	0.124073	0.117678	0.14318	0.192699	0.259224	0.338311	0.422661	0.519909	0.614946	0.701484	0.770341	0.813927	0.833602	0.829876	0.792805	0.719457	0.612008	0.469418	0.312103	0.167035	0.0623834	
0.152828	0.0492513	-0.042488	-0.125696	-0.182483	-0.193776	-0.152615	-0.0775012	0.0116887	0.109526	0.222271	0.352785	0.482783	0.605532	0.713242	0.802778	0.864628	0.889202	0.867273	0.802534	0.693884	0.544277	0.381306	0.229438	0.118422	
-0.0539523	-0.182804	-0.294791	-0.390178	-0.453553	-0.464744	-0.420797	-0.334893	-0.229977	-0.107532	0.0301117	0.184182	0.343076	0.498816	0.645438	0.778826	0.87978	0.931151	0.931478	0.880091	0.779701	0.635061	0.469929	0.311351	0.187417	
-0.241528	-0.39558	-0.531403	-0.633142	-0.691857	-0.700732	-0.662203	-0.57685	-0.453117	-0.304517	-0.145274	0.0200623	0.199327	0.384589	0.572144	0.746185	0.879175	0.957874	0.984782	0.953267	0.867318	0.733638	0.568966	0.404739	0.265224	
-0.422488	-0.594953	-0.740944	-0.844928	-0.895083	-0.902298	-0.871192	-0.788658	-0.657251	-0.493846	-0.313532	-0.131203	0.0678437	0.283183	0.502566	0.706656	0.868757	0.974923	1.02761	1.02499	0.957679	0.835639	0.673162	0.50031	0.346841	
-0.594953	-0.769354	-0.910031	-1.00876	-1.06	-1.06756	-1.03503	-0.955319	-0.829901	-0.668839	-0.476701	-0.270746	-0.0445738	0.192152	0.437772	0.672768	0.864483	0.996293	1.07269	1.08701	1.0382	0.928186	0.765752	0.583161	0.411669	
-0.740944	-0.910031	-1.0328	-1.11691	-1.16445	-1.17094	-1.14093	-1.07088	-0.964115	-0.814654	-0.619041	-0.392599	-0.143838	0.111143	0.379663	0.644605	0.865312	1.02233	1.11627	1.14226	1.10513	1.00199	0.835572	0.640227	0.453703	
-0.844928	-1.00876	-1.11691	-1.18467	-1.21176	-1.21471	-1.19975	-1.14906	-1.05787	-0.917554	-0.722453	-0.490286	-0.234065	0.0439761	0.340307	0.629223	0.869324	1.04523	1.15362	1.19573	1.16862	1.06175	0.887123	0.673544	0.470387	
-0.895083	-1.06	-1.16445	-1.21176	-1.21807	-1.21589	-1.21775	-1.18959	-1.10951	-0.966565	-0.777018	-0.552924	-0.294967	-0.00205232	0.318232	0.625446	0.870785	1.0539	1.17836	1.23062	1.20714	1.09412	0.907579	0.683115	0.472614	
-0.902298	-1.06756	-1.17094	-1.21471	-1.21589	-1.21196	-1.2187	-1.19507	-1.11699	-0.973807	-0.78553	-0.563034	-0.307176	-0.0110653	0.314468	0.62395	0.869724	1.05467	1.18117	1.23523	1.21336	1.09727	0.907691	0.682411	0.472042	
-0.871192	-1.03503	-1.14093	-1.19975	-1.21775	-1.2187	-1.2107	-1.17	-1.08398	-0.943361	-0.749803	-0.520696	-0.262819	0.0220432	0.329576	0.627566	0.871192	1.0501	1.16527	1.21319	1.18803	1.07924	0.899678	0.679607	0.471847	
-0.788658	-0.955319	-1.07088	-1.14906	-1.18959	-1.19507	-1.17	-1.10627	-1.00701	-0.861895	-0.666116	-0.434712	-0.181672	0.0824538	0.361352	0.636522	0.866417	1.03263	1.13265	1.16431	1.13196	1.02803	0.858665	0.656442	0.464002	
-0.657251	-0.829901	-0.964115	-1.05787	-1.10951	-1.11699	-1.08398	-1.00701	-0.887846	-0.730925	-0.53733	-0.322373	-0.0854805	0.158409	0.413267	0.660342	0.864114	1.00626	1.09057	1.10924	1.06545	0.959376	0.796683	0.609811	0.431228	
-0.493846	-0.668839	-0.814654	-0.917554	-0.966565	-0.973807	-0.943361	-0.861895	-0.730925	-0.56677	-0.380002	-0.188669	0.020961	0.246461	0.476846	0.692148	0.865868	0.982794	1.04553	1.05219	0.991775	0.874808	0.712263	0.535662	0.375834	
-0.313532	-0.476701	-0.619041	-0.722453	-0.777018	-0.78553	-0.749803	-0.666116	-0.53733	-0.380002	-0.212862	-0.042047	0.144068	0.341561	0.543264	0.730954	0.875299	0.964661	1.00231	0.982041	0.903602	0.774226	0.610333	0.443089	0.298175	
-0.131203	-0.270746	-0.392599	-0.490286	-0.552924	-0.563034	-0.520696	-0.434712	-0.322373	-0.188669	-0.042047	0.117798	0.285559	0.452996	0.616821	0.767056	0.881666	0.943608	0.953952	0.910252	0.814622	0.674507	0.509066	0.34817	0.217878	
0.0678437	-0.0445738	-0.143838	-0.234065	-0.294967	-0.307176	-0.262819	-0.181672	-0.0854805	0.020961	0.144068	0.285559	0.427523	0.563909	0.687066	0.793966	0.872643	0.908223	0.89387	0.834188	0.72722	0.578007	0.414607	0.259322	0.143697	
0.283183	0.192152	0.111143	0.0439761	-0.00205232	-0.0110653	0.0220432	0.0824538	0.158409	0.246461	0.341561	0.452996	0.563909	0.664941	0.749621	0.811746	0.84809	0.855814	0.825031	0.754118	0.644493	0.49836	0.338302	0.190396	0.0843215	
0.502566	0.437772	0.379663	0.340307	0.318232	0.314468	0.329576	0.361352	0.413267	0.476846	0.543264	0.616821	0.687066	0.749621	0.794278	0.809961	0.806051	0.785868	0.739724	0.665358	0.561617	0.427194	0.276962	0.134978	0.0300006	
0.706656	0.672768	0.644605	0.629223	0.625446	0.62395	0.627566	0.636522	0.660342	0.692148	0.730954	0.767056	0.793966	0.811746	0.809961	0.783414	0.74674	0.703975	0.648773	0.577426	0.478195	0.356772	0.219744	0.0864049	-0.0163087	
0.868757	0.864483	0.865312	0.869324	0.870785	0.869724	0.871192	0.866417	0.864114	0.865868	0.875299	0.881666	0.872643	0.84809	0.806051	0.74674	0.680055	0.621345	0.559638	0.490679	0.399048	0.289069	0.16018	0.0389444	-0.0597009	
0.974923	0.996293	1.02233	1.04523	1.0539	1.05467	1.0501	1.03263	1.00626	0.982794	0.964661	0.943608	0.908223	0.855814	0.785868	0.703975	0.621345	0.540614	0.467996	0.394588	0.30509	0.202303	0.0838392	-0.0273746	-0.117817	
1.02761	1.07269	1.11627	1.15362	1.17836	1.18117	1.16527	1.13265	1.09057	1.04553	1.00231	0.953952	0.89387	0.825031	0.739724	0.648773	0.559638	0.467996	0.377171	0.291215	0.196627	0.0939744	-0.0197799	-0.124617	-0.203096	
1.02499	1.08701	1.14226	1.19573	1.23062	1.23523	1.21319	1.16431	1.10924	1.05219	0.982041	0.910252	0.834188	0.754118	0.665358	0.577426	0.490679	0.394588	0.291215	0.187621	0.0794063	-0.0319773	-0.138519	-0.235843	-0.316515	
0.957679	1.0382	1.10513	1.16862	1.20714	1.21336	1.18803	1.13196	1.06545	0.991775	0.903602	0.814622	0.72722	0.644493	0.561617	0.478195	0.399048	0.30509	0.196627	0.0794063	-0.0508879	-0.174662	-0.277529	-0.36647	-0.446474	
0.835639	0.928186	1.00199	1.06175	1.09412	1.09727	1.07924	1.02803	0.959376	0.874808	0.774226	0.674507	0.578007	0.49836	0.427194	0.356772	0.289069	0.202303	0.0939744	-0.0319773	-0.174662	-0.310171	-0.412518	-0.49981	-0.576466	
0.673162	0.765752	0.835572	0.887123	0.907579	0.907691	0.899678	0.858665	0.796683	0.712263	0.610333	0.509066	0.414607	0.338302	0.276962	0.219744	0.16018	0.0838392	-0.0197799	-0.138519	-0.277529	-0.412518	-0.527489	-0.621834	-0.694163	
0.50031	0.583161	0.640227	0.673544	0.683115	0.682411	0.679607	0.656442	0.609811	0.535662	0.443089	0.34817	0.259322	0.190396	0.134978	0.0864049	0.0389444	-0.0273746	-0.124617	-0.235843	-0.36647	-0.49981	-0.621834	-0.716124	-0.781672	
0.346841	0.411669	0.453703	0.470387	0.472614	0.472042	0.471847	0.464002	0.431228	0.375834	0.298175	0.217878	0.143697	0.0843215	0.0300006	-0.0163087	-0.0597009	-0.117817	-0.203096	-0.316515	-0.446474	-0.576466	-0.694163	-0.781672	-0.838842	
