-0.651628	-0.524739	-0.385528	-0.24588	-0.116819	-0.00396717	0.0796197	0.141463	0.180008	0.212563	0.260856	0.35095	0.468022	0.592304	0.714205	0.806614	0.849257	0.836629	0.790348	0.71184	0.607357	0.491715	0.389967	0.292161	0.202438	
-0.524739	-0.355679	-0.176865	-0.00925074	0.128545	0.235152	0.300657	0.330662	0.336643	0.334904	0.355422	0.409329	0.492982	0.580339	0.676094	0.756224	0.802527	0.798871	0.763058	0.690099	0.586395	0.466519	0.35369	0.247028	0.156322	
-0.385528	-0.176865	0.0409221	0.222025	0.354242	0.434083	0.46116	0.450818	0.426332	0.391403	0.372502	0.392894	0.450206	0.519623	0.60245	0.684635	0.736714	0.744205	0.716231	0.651176	0.554689	0.440712	0.325536	0.218826	0.127878	
-0.24588	-0.00925074	0.222025	0.397849	0.512391	0.556872	0.542127	0.493959	0.428702	0.355069	0.302613	0.299251	0.337508	0.407205	0.496293	0.591078	0.653029	0.675984	0.652097	0.589724	0.500684	0.398757	0.289632	0.191496	0.105866	
-0.116819	0.128545	0.354242	0.512391	0.591289	0.592847	0.535755	0.451433	0.344589	0.243047	0.165698	0.142168	0.172179	0.251472	0.358002	0.466789	0.547247	0.582905	0.566167	0.504934	0.426217	0.330318	0.228842	0.141505	0.069793	
-0.00396717	0.235152	0.434083	0.556872	0.592847	0.552298	0.456777	0.334292	0.199924	0.0783661	-0.0124377	-0.0463521	-0.0116805	0.0815342	0.205942	0.325982	0.416424	0.466	0.46396	0.413673	0.339435	0.247161	0.152477	0.0765337	0.0160878	
0.0796197	0.300657	0.46116	0.542127	0.535755	0.456777	0.329202	0.17871	0.0225667	-0.114302	-0.202902	-0.225871	-0.178715	-0.0768285	0.0557208	0.181556	0.280683	0.3451	0.358221	0.317727	0.248603	0.166437	0.0832452	0.0120494	-0.047416	
0.141463	0.330662	0.450818	0.493959	0.451433	0.334292	0.17871	0.00243715	-0.166256	-0.298729	-0.37183	-0.379091	-0.32927	-0.224939	-0.0878472	0.0500315	0.155638	0.22529	0.248338	0.220528	0.163053	0.0939353	0.0222873	-0.0511796	-0.11631	
0.180008	0.336643	0.426332	0.428702	0.344589	0.199924	0.0225667	-0.166256	-0.331428	-0.452079	-0.51278	-0.511381	-0.456582	-0.351986	-0.207649	-0.0643822	0.0437171	0.114711	0.152528	0.139412	0.092934	0.0334539	-0.0340115	-0.112827	-0.184434	
0.212563	0.334904	0.391403	0.355069	0.243047	0.0783661	-0.114302	-0.298729	-0.452079	-0.565148	-0.620397	-0.610501	-0.552358	-0.446788	-0.304057	-0.157734	-0.0446536	0.036769	0.0842799	0.0836437	0.0452482	-0.0087135	-0.0835081	-0.166236	-0.238045	
0.260856	0.355422	0.372502	0.302613	0.165698	-0.0124377	-0.202902	-0.37183	-0.51278	-0.620397	-0.670435	-0.662406	-0.607085	-0.5056	-0.366641	-0.215021	-0.0901421	0.0017703	0.0536516	0.0613959	0.0269641	-0.0329976	-0.117078	-0.196811	-0.260695	
0.35095	0.409329	0.392894	0.299251	0.142168	-0.0463521	-0.225871	-0.379091	-0.511381	-0.610501	-0.662406	-0.663883	-0.617089	-0.518535	-0.384618	-0.233655	-0.0984659	0.00623323	0.0658228	0.0718615	0.032865	-0.0367701	-0.120142	-0.193999	-0.253	
0.468022	0.492982	0.450206	0.337508	0.172179	-0.0116805	-0.178715	-0.32927	-0.456582	-0.552358	-0.607085	-0.617089	-0.569995	-0.474613	-0.348226	-0.202667	-0.0558852	0.0601916	0.119052	0.117632	0.0786564	0.0121993	-0.0681648	-0.143983	-0.207532	
0.592304	0.580339	0.519623	0.407205	0.251472	0.0815342	-0.0768285	-0.224939	-0.351986	-0.446788	-0.5056	-0.518535	-0.474613	-0.380174	-0.249861	-0.0985735	0.0490295	0.15836	0.209856	0.211019	0.18012	0.122302	0.0430596	-0.0386845	-0.11163	
0.714205	0.676094	0.60245	0.496293	0.358002	0.205942	0.0557208	-0.0878472	-0.207649	-0.304057	-0.366641	-0.384618	-0.348226	-0.249861	-0.10474	0.0521904	0.186835	0.28822	0.342937	0.350455	0.318494	0.266516	0.192881	0.10907	0.0285467	
0.806614	0.756224	0.684635	0.591078	0.466789	0.325982	0.181556	0.0500315	-0.0643822	-0.157734	-0.215021	-0.233655	-0.202667	-0.0985735	0.0521904	0.201266	0.329754	0.438422	0.505823	0.51408	0.478698	0.427621	0.356995	0.271132	0.192622	
0.849257	0.802527	0.736714	0.653029	0.547247	0.416424	0.280683	0.155638	0.0437171	-0.0446536	-0.0901421	-0.0984659	-0.0558852	0.0490295	0.186835	0.329754	0.466671	0.584764	0.660104	0.679001	0.650616	0.596009	0.517247	0.431129	0.359112	
0.836629	0.798871	0.744205	0.675984	0.582905	0.466	0.3451	0.22529	0.114711	0.036769	0.0017703	0.00623323	0.0601916	0.15836	0.28822	0.438422	0.584764	0.701422	0.781257	0.814508	0.796756	0.738965	0.656986	0.572782	0.501781	
0.790348	0.763058	0.716231	0.652097	0.566167	0.46396	0.358221	0.248338	0.152528	0.0842799	0.0536516	0.0658228	0.119052	0.209856	0.342937	0.505823	0.660104	0.781257	0.86135	0.897797	0.884208	0.832175	0.756095	0.678242	0.604851	
0.71184	0.690099	0.651176	0.589724	0.504934	0.413673	0.317727	0.220528	0.139412	0.0836437	0.0613959	0.0718615	0.117632	0.211019	0.350455	0.51408	0.679001	0.814508	0.897797	0.930439	0.918919	0.871834	0.804752	0.733753	0.663594	
0.607357	0.586395	0.554689	0.500684	0.426217	0.339435	0.248603	0.163053	0.092934	0.0452482	0.0269641	0.032865	0.0786564	0.18012	0.318494	0.478698	0.650616	0.796756	0.884208	0.918919	0.909039	0.86904	0.807464	0.735924	0.663409	
0.491715	0.466519	0.440712	0.398757	0.330318	0.247161	0.166437	0.0939353	0.0334539	-0.0087135	-0.0329976	-0.0367701	0.0121993	0.122302	0.266516	0.427621	0.596009	0.738965	0.832175	0.871834	0.86904	0.838551	0.77841	0.695219	0.619197	
0.389967	0.35369	0.325536	0.289632	0.228842	0.152477	0.0832452	0.0222873	-0.0340115	-0.0835081	-0.117078	-0.120142	-0.0681648	0.0430596	0.192881	0.356995	0.517247	0.656986	0.756095	0.804752	0.807464	0.77841	0.712972	0.630445	0.558798	
0.292161	0.247028	0.218826	0.191496	0.141505	0.0765337	0.0120494	-0.0511796	-0.112827	-0.166236	-0.196811	-0.193999	-0.143983	-0.0386845	0.10907	0.271132	0.431129	0.572782	0.678242	0.733753	0.735924	0.695219	0.630445	0.56159	0.49581	
0.202438	0.156322	0.127878	0.105866	0.069793	0.0160878	-0.047416	-0.11631	-0.184434	-0.238045	-0.260695	-0.253	-0.207532	-0.11163	0.0285467	0.192622	0.359112	0.501781	0.604851	0.663594	0.663409	0.619197	0.558798	0.49581	0.425065	
0.131603	0.0863726	0.0559302	0.0355083	0.00926327	-0.0332212	-0.095612	-0.172304	-0.244629	-0.294148	-0.315352	-0.311095	-0.267398	-0.173483	-0.0376581	0.125712	0.296269	0.438743	0.539554	0.595855	0.599144	0.56088	0.501485	0.429354	0.35678	
0.0740039	0.0337589	0.00570514	-0.0114816	-0.0307168	-0.0672809	-0.129813	-0.211061	-0.286675	-0.337535	-0.359915	-0.356505	-0.312077	-0.220158	-0.0902842	0.068168	0.23981	0.38851	0.487558	0.537663	0.54241	0.512487	0.450053	0.371966	0.300605	
0.0235295	-0.00697238	-0.0230419	-0.0347312	-0.0570599	-0.0994904	-0.16476	-0.243509	-0.313278	-0.360326	-0.385791	-0.387759	-0.347401	-0.256114	-0.126769	0.0296431	0.203624	0.355794	0.45223	0.495126	0.501419	0.476126	0.416468	0.337573	0.262648	
-0.0130946	-0.0324358	-0.0361779	-0.0450707	-0.0777298	-0.131012	-0.194341	-0.261282	-0.323745	-0.37361	-0.403792	-0.410542	-0.373499	-0.281903	-0.147804	0.0116724	0.181758	0.328715	0.425054	0.473744	0.479739	0.451202	0.391886	0.316378	0.238683	
-0.0318546	-0.0480415	-0.0427821	-0.0475708	-0.0848551	-0.144242	-0.205525	-0.265618	-0.326802	-0.38178	-0.418704	-0.426759	-0.387815	-0.291946	-0.15423	0.00275146	0.161959	0.301162	0.408147	0.470595	0.47391	0.431049	0.367957	0.297712	0.227927	
-0.0360913	-0.0502356	-0.0435948	-0.0480001	-0.086669	-0.146084	-0.205484	-0.263853	-0.326056	-0.38464	-0.421705	-0.428754	-0.388322	-0.292471	-0.15431	0.00161203	0.157109	0.295323	0.405699	0.472384	0.473074	0.426511	0.361957	0.293956	0.226319	
-0.0218944	-0.0398438	-0.0391576	-0.0467672	-0.0818544	-0.138572	-0.201653	-0.265301	-0.326074	-0.377015	-0.410846	-0.418603	-0.381718	-0.288073	-0.151704	0.00725724	0.172551	0.315981	0.417491	0.471493	0.475837	0.441352	0.381999	0.308567	0.233206	
0.00601029	-0.0183867	-0.02915	-0.0399471	-0.0672004	-0.113391	-0.177373	-0.251733	-0.318615	-0.366701	-0.392948	-0.397095	-0.358356	-0.267946	-0.13714	0.0208084	0.194669	0.345737	0.440186	0.483716	0.490117	0.46571	0.406643	0.328592	0.250859	
0.0535287	0.0157209	-0.00850734	-0.0231972	-0.0416449	-0.0795457	-0.143541	-0.22537	-0.299698	-0.348294	-0.372265	-0.370852	-0.327931	-0.235408	-0.106731	0.0498365	0.222727	0.37365	0.471456	0.517903	0.524282	0.496569	0.434352	0.35527	0.283639	
0.106904	0.0640375	0.0334194	0.0136817	-0.00980531	-0.0487585	-0.110372	-0.188935	-0.263271	-0.31405	-0.334854	-0.331098	-0.286838	-0.193942	-0.0601169	0.101314	0.27196	0.41654	0.516779	0.571569	0.575403	0.540508	0.479067	0.404193	0.332635	
0.172344	0.125402	0.0963267	0.0753984	0.0449794	-0.00450424	-0.0688667	-0.141331	-0.210607	-0.261741	-0.283598	-0.276299	-0.232629	-0.138336	-0.000508805	0.164659	0.333545	0.475572	0.577468	0.635696	0.636477	0.593955	0.535185	0.469068	0.396679	
0.253769	0.20774	0.180329	0.156042	0.110734	0.0509345	-0.0125014	-0.0776712	-0.14209	-0.196822	-0.223852	-0.218498	-0.169457	-0.0684011	0.0759661	0.237959	0.400887	0.543724	0.648408	0.705478	0.705988	0.662968	0.600111	0.535443	0.467763	
0.352046	0.310122	0.281003	0.24842	0.191948	0.119429	0.0528026	-0.00795611	-0.0653637	-0.116771	-0.151325	-0.15231	-0.101029	0.00967075	0.159772	0.323059	0.481446	0.621977	0.724331	0.776366	0.779567	0.746198	0.680021	0.602662	0.534454	
0.448562	0.420077	0.394279	0.355577	0.288823	0.207955	0.132672	0.0661553	0.00788008	-0.0366804	-0.0645667	-0.0692779	-0.0187911	0.0921894	0.239817	0.402269	0.566869	0.707706	0.803554	0.846899	0.846629	0.818261	0.755823	0.670815	0.595714	
0.561265	0.539319	0.510272	0.460471	0.390118	0.304639	0.217126	0.136072	0.0700323	0.0256722	0.00575202	0.00825343	0.0549151	0.160325	0.299331	0.460122	0.631872	0.777643	0.866922	0.903715	0.896179	0.86011	0.799911	0.723797	0.649199	
0.672158	0.651688	0.616351	0.556852	0.47413	0.385387	0.292035	0.200187	0.123537	0.0714469	0.0523287	0.0604363	0.104892	0.201764	0.341714	0.503383	0.67226	0.813213	0.897838	0.930622	0.919526	0.874812	0.810519	0.7409	0.670594	
0.763262	0.738655	0.694584	0.630759	0.545718	0.448788	0.347256	0.241972	0.153012	0.0894327	0.0620167	0.0749557	0.124297	0.214938	0.350891	0.516028	0.674297	0.801045	0.881431	0.916434	0.903592	0.854262	0.781705	0.70708	0.634744	
0.821152	0.787338	0.736978	0.672693	0.582551	0.472254	0.357479	0.24131	0.135065	0.0610051	0.0277761	0.0367247	0.0922446	0.186665	0.316548	0.471538	0.621006	0.738391	0.818969	0.854551	0.83873	0.7828	0.702502	0.619963	0.547489	
0.850539	0.806772	0.74511	0.666921	0.567471	0.441489	0.311108	0.187408	0.0759806	-0.00824609	-0.0498144	-0.0530068	-0.00441161	0.0992339	0.231606	0.375902	0.516999	0.635597	0.713073	0.738524	0.714547	0.658162	0.576757	0.490879	0.420024	
0.830166	0.779236	0.709708	0.620977	0.503825	0.366168	0.224685	0.0969865	-0.0167059	-0.108139	-0.160132	-0.175869	-0.143053	-0.0374898	0.109974	0.255565	0.385964	0.499017	0.570547	0.581738	0.548058	0.495527	0.422399	0.336104	0.261023	
0.756097	0.711718	0.637074	0.535276	0.403057	0.256921	0.109024	-0.0301942	-0.146883	-0.243761	-0.305961	-0.32478	-0.290897	-0.190405	-0.0415423	0.113722	0.244238	0.34675	0.405913	0.414164	0.380087	0.329181	0.257489	0.173176	0.092587	
0.642577	0.617832	0.550909	0.441156	0.291776	0.129434	-0.0258288	-0.172095	-0.297801	-0.392651	-0.453138	-0.468119	-0.427701	-0.331729	-0.195449	-0.0403435	0.102469	0.206845	0.257783	0.262361	0.232337	0.177729	0.100207	0.0170389	-0.0600299	
0.517651	0.527524	0.477464	0.362057	0.198608	0.0194933	-0.143778	-0.293529	-0.420775	-0.515774	-0.571783	-0.583355	-0.536887	-0.442198	-0.316446	-0.170091	-0.0202553	0.0953048	0.150944	0.14859	0.11271	0.0501716	-0.0294217	-0.108093	-0.175699	
0.396145	0.440658	0.412512	0.309824	0.147961	-0.0403418	-0.214575	-0.364883	-0.494936	-0.593118	-0.645689	-0.65016	-0.604848	-0.507819	-0.377231	-0.228647	-0.0891959	0.0217607	0.0830048	0.0857551	0.0446564	-0.0255754	-0.107219	-0.180629	-0.240097	
0.291779	0.372543	0.375842	0.295786	0.148838	-0.0340524	-0.221021	-0.383219	-0.519089	-0.622613	-0.673866	-0.670356	-0.617716	-0.516871	-0.379441	-0.227722	-0.0984239	-0.00205348	0.0535076	0.0616458	0.026355	-0.0385888	-0.123523	-0.200864	-0.260746	
