0.123035	0.0168423	-0.0569387	-0.0844286	-0.0553987	0.00612059	0.0577561	0.077767	0.056478	0.00241849	-0.076533	-0.184043	-0.311356	-0.43123	-0.532669	-0.606204	-0.619628	-0.570838	-0.483629	-0.374857	-0.270952	-0.185885	-0.14185	-0.142571	-0.179537	
0.0168423	-0.0809425	-0.138911	-0.155208	-0.114142	-0.02882	0.0523322	0.0986973	0.0992713	0.0697122	0.0114808	-0.0820705	-0.20406	-0.336286	-0.464544	-0.575931	-0.635861	-0.625152	-0.563637	-0.460424	-0.343856	-0.233547	-0.156331	-0.120327	-0.11653	
-0.0569387	-0.138911	-0.174578	-0.1732	-0.119556	-0.0161049	0.0829696	0.144118	0.164354	0.15541	0.116504	0.0303536	-0.0986143	-0.246219	-0.40212	-0.546702	-0.643203	-0.673422	-0.643676	-0.560775	-0.440272	-0.309129	-0.202641	-0.130016	-0.0865562	
-0.0844286	-0.155208	-0.1732	-0.146455	-0.0676401	0.0467797	0.160571	0.232252	0.264048	0.26177	0.225036	0.135803	0.00185079	-0.163374	-0.346921	-0.519701	-0.648199	-0.715095	-0.713319	-0.646516	-0.528834	-0.391635	-0.268105	-0.170456	-0.0953786	
-0.0553987	-0.114142	-0.119556	-0.0676401	0.0262502	0.145482	0.268294	0.351981	0.385935	0.375247	0.327574	0.234219	0.0953387	-0.0851997	-0.296062	-0.499879	-0.660393	-0.751959	-0.767975	-0.719017	-0.614895	-0.480389	-0.34406	-0.224509	-0.122272	
0.00612059	-0.02882	-0.0161049	0.0467797	0.145482	0.263561	0.386308	0.474768	0.505939	0.485378	0.423667	0.322799	0.174973	-0.0293713	-0.271082	-0.499052	-0.676936	-0.786262	-0.825512	-0.798417	-0.710377	-0.580283	-0.437762	-0.297195	-0.168378	
0.0577561	0.0523322	0.0829696	0.160571	0.268294	0.386308	0.498678	0.573812	0.591092	0.562857	0.493937	0.386941	0.226845	0.000377096	-0.261173	-0.507005	-0.69631	-0.817546	-0.872301	-0.867938	-0.805131	-0.689612	-0.546144	-0.388966	-0.231376	
0.077767	0.0986973	0.144118	0.232252	0.351981	0.474768	0.573812	0.630721	0.637697	0.60171	0.526634	0.419457	0.252261	0.0154907	-0.249236	-0.499911	-0.700209	-0.829439	-0.895822	-0.907688	-0.868727	-0.775612	-0.642449	-0.477931	-0.294963	
0.056478	0.0992713	0.164354	0.264048	0.385935	0.505939	0.591092	0.637697	0.635246	0.59834	0.527376	0.41874	0.250854	0.0230253	-0.225466	-0.464308	-0.663943	-0.799528	-0.880518	-0.908115	-0.88347	-0.811252	-0.696561	-0.540284	-0.352478	
0.00241849	0.0697122	0.15541	0.26177	0.375247	0.485378	0.562857	0.60171	0.59834	0.564346	0.50257	0.396552	0.238708	0.0333956	-0.188363	-0.403807	-0.593837	-0.732113	-0.815606	-0.850549	-0.845089	-0.798668	-0.702688	-0.562719	-0.383799	
-0.076533	0.0114808	0.116504	0.225036	0.327574	0.423667	0.493937	0.526634	0.527376	0.50257	0.44731	0.353269	0.215334	0.0426552	-0.139276	-0.31648	-0.483725	-0.622162	-0.706356	-0.748256	-0.764146	-0.740333	-0.667156	-0.542463	-0.367498	
-0.184043	-0.0820705	0.0303536	0.135803	0.234219	0.322799	0.386941	0.419457	0.41874	0.396552	0.353269	0.28027	0.177985	0.0541192	-0.0802348	-0.214847	-0.35152	-0.471455	-0.55712	-0.616417	-0.654317	-0.64842	-0.588361	-0.473177	-0.306676	
-0.311356	-0.20406	-0.0986143	0.00185079	0.0953387	0.174973	0.226845	0.252261	0.250854	0.238708	0.215334	0.177985	0.129407	0.0606637	-0.0254845	-0.116967	-0.211477	-0.306992	-0.394658	-0.464616	-0.519325	-0.533564	-0.490357	-0.386364	-0.232759	
-0.43123	-0.336286	-0.246219	-0.163374	-0.0851997	-0.0293713	0.000377096	0.0154907	0.0230253	0.0333956	0.0426552	0.0541192	0.0606637	0.0439095	0.00666961	-0.0342526	-0.0829121	-0.155777	-0.235422	-0.310865	-0.383093	-0.418739	-0.401038	-0.316024	-0.183014	
-0.532669	-0.464544	-0.40212	-0.346921	-0.296062	-0.271082	-0.261173	-0.249236	-0.225466	-0.188363	-0.139276	-0.0802348	-0.0254845	0.00666961	0.0187845	0.023166	0.0149037	-0.0261204	-0.0937021	-0.176176	-0.261073	-0.316015	-0.322281	-0.270293	-0.155914	
-0.606204	-0.575931	-0.546702	-0.519701	-0.499879	-0.499052	-0.507005	-0.499911	-0.464308	-0.403807	-0.31648	-0.214847	-0.116967	-0.0342526	0.023166	0.0671418	0.0859082	0.0688115	0.0143868	-0.0684335	-0.160967	-0.237039	-0.264499	-0.236213	-0.137906	
-0.619628	-0.635861	-0.643203	-0.648199	-0.660393	-0.676936	-0.69631	-0.700209	-0.663943	-0.593837	-0.483725	-0.35152	-0.211477	-0.0829121	0.0149037	0.0859082	0.127654	0.123952	0.0798809	0.00257388	-0.0838945	-0.166338	-0.21334	-0.206193	-0.126124	
-0.570838	-0.625152	-0.673422	-0.715095	-0.751959	-0.786262	-0.817546	-0.829439	-0.799528	-0.732113	-0.622162	-0.471455	-0.306992	-0.155777	-0.0261204	0.0688115	0.123952	0.133453	0.108607	0.0547677	-0.019556	-0.0945228	-0.151483	-0.161582	-0.10927	
-0.483629	-0.563637	-0.643676	-0.713319	-0.767975	-0.825512	-0.872301	-0.895822	-0.880518	-0.815606	-0.706356	-0.55712	-0.394658	-0.235422	-0.0937021	0.0143868	0.0798809	0.108607	0.113602	0.0820186	0.021046	-0.0419006	-0.0980157	-0.119804	-0.0898238	
-0.374857	-0.460424	-0.560775	-0.646516	-0.719017	-0.798417	-0.867938	-0.907688	-0.908115	-0.850549	-0.748256	-0.616417	-0.464616	-0.310865	-0.176176	-0.0684335	0.00257388	0.0547677	0.0820186	0.0738096	0.0344141	-0.0126387	-0.0582733	-0.0872531	-0.0676087	
-0.270952	-0.343856	-0.440272	-0.528834	-0.614895	-0.710377	-0.805131	-0.868727	-0.88347	-0.845089	-0.764146	-0.654317	-0.519325	-0.383093	-0.261073	-0.160967	-0.0838945	-0.019556	0.021046	0.0344141	0.0214898	-0.00742697	-0.0406608	-0.066524	-0.0579456	
-0.185885	-0.233547	-0.309129	-0.391635	-0.480389	-0.580283	-0.689612	-0.775612	-0.811252	-0.798668	-0.740333	-0.64842	-0.533564	-0.418739	-0.316015	-0.237039	-0.166338	-0.0945228	-0.0419006	-0.0126387	-0.00742697	-0.0197891	-0.0403821	-0.0547022	-0.0586342	
-0.14185	-0.156331	-0.202641	-0.268105	-0.34406	-0.437762	-0.546144	-0.642449	-0.696561	-0.702688	-0.667156	-0.588361	-0.490357	-0.401038	-0.322281	-0.264499	-0.21334	-0.151483	-0.0980157	-0.0582733	-0.0406608	-0.0403821	-0.0561503	-0.072854	-0.0892762	
-0.142571	-0.120327	-0.130016	-0.170456	-0.224509	-0.297195	-0.388966	-0.477931	-0.540284	-0.562719	-0.542463	-0.473177	-0.386364	-0.316024	-0.270293	-0.236213	-0.206193	-0.161582	-0.119804	-0.0872531	-0.066524	-0.0547022	-0.072854	-0.110922	-0.1559	
-0.179537	-0.11653	-0.0865562	-0.0953786	-0.122272	-0.168378	-0.231376	-0.294963	-0.352478	-0.383799	-0.367498	-0.306676	-0.232759	-0.183014	-0.155914	-0.137906	-0.126124	-0.10927	-0.0898238	-0.0676087	-0.0579456	-0.0586342	-0.0892762	-0.1559	-0.246335	
-0.236352	-0.135772	-0.0700439	-0.0426876	-0.0416883	-0.0586384	-0.0834258	-0.110499	-0.149553	-0.174635	-0.158404	-0.110392	-0.0541323	-0.0188937	0.00204578	0.0127255	0.0100586	0.00257281	-0.001647	0.00143671	-0.0106737	-0.0391279	-0.0988078	-0.204515	-0.357852	
-0.297857	-0.164913	-0.0670751	-0.00464572	0.0206814	0.0322546	0.0497889	0.0554634	0.0448373	0.0372533	0.0528319	0.0876026	0.129971	0.157315	0.167218	0.16879	0.162891	0.147132	0.124995	0.0997254	0.0656553	0.00778036	-0.0974826	-0.259649	-0.478934	
-0.358265	-0.188084	-0.0589055	0.0282946	0.0759838	0.111066	0.153479	0.184965	0.203818	0.219612	0.234448	0.262658	0.291602	0.304431	0.306784	0.306248	0.296926	0.280704	0.256623	0.2172	0.152518	0.0522156	-0.0993101	-0.31501	-0.595515	
-0.397372	-0.194391	-0.0403239	0.0564424	0.116787	0.168515	0.22371	0.270339	0.31311	0.347619	0.371269	0.391467	0.405321	0.408663	0.40106	0.397004	0.392348	0.381963	0.366309	0.32273	0.23347	0.0920809	-0.102974	-0.360254	-0.68408	
-0.419439	-0.193077	-0.0258609	0.0737099	0.141034	0.20079	0.25852	0.317213	0.375128	0.422946	0.450441	0.461077	0.468826	0.466477	0.450776	0.440719	0.444489	0.447654	0.438788	0.390892	0.28391	0.120601	-0.099826	-0.387355	-0.735309	
-0.423696	-0.193655	-0.0238167	0.0766202	0.145343	0.20665	0.2648	0.325633	0.38671	0.436425	0.464749	0.473604	0.480123	0.475894	0.458463	0.448079	0.454072	0.459169	0.452109	0.402596	0.292744	0.126268	-0.0989574	-0.393024	-0.745051	
-0.407665	-0.193348	-0.0333812	0.0648163	0.128288	0.184571	0.241455	0.293591	0.343202	0.383578	0.409354	0.425711	0.436939	0.438042	0.426082	0.419257	0.417676	0.413245	0.401227	0.355804	0.258089	0.105737	-0.101913	-0.373435	-0.709078	
-0.376741	-0.192237	-0.0525551	0.0402017	0.0943422	0.137017	0.185512	0.223862	0.253551	0.278125	0.295844	0.320963	0.342775	0.35085	0.349942	0.348741	0.340761	0.324983	0.303223	0.262352	0.187064	0.0683865	-0.101821	-0.335339	-0.635109	
-0.32328	-0.17547	-0.0647949	0.00859937	0.0435137	0.0655943	0.0952358	0.11279	0.114126	0.115573	0.129935	0.161332	0.198994	0.222154	0.228065	0.227148	0.219404	0.204855	0.179561	0.145847	0.100023	0.0269052	-0.0972271	-0.281819	-0.52722	
-0.260386	-0.147604	-0.0683899	-0.0256006	-0.015511	-0.0204251	-0.0275111	-0.041124	-0.0687402	-0.0882963	-0.0720383	-0.0290712	0.020467	0.0511113	0.0686987	0.0767017	0.0722103	0.0584385	0.0454787	0.0377013	0.0172259	-0.0224902	-0.0987933	-0.22629	-0.406208	
-0.200196	-0.121824	-0.0767149	-0.071363	-0.0876429	-0.121747	-0.170914	-0.220519	-0.272431	-0.30268	-0.286985	-0.230891	-0.163131	-0.119976	-0.0956905	-0.0814258	-0.0771669	-0.0708967	-0.0605259	-0.0446866	-0.0435311	-0.0548997	-0.0943433	-0.174305	-0.288431	
-0.154013	-0.115788	-0.109952	-0.137787	-0.181099	-0.243795	-0.324509	-0.405556	-0.467912	-0.495538	-0.47722	-0.411475	-0.329672	-0.267146	-0.231514	-0.205466	-0.182574	-0.148346	-0.114959	-0.0861677	-0.0674255	-0.0575126	-0.0796716	-0.12863	-0.189356	
-0.137579	-0.136837	-0.169398	-0.226273	-0.294269	-0.38095	-0.484522	-0.579739	-0.639105	-0.651716	-0.624256	-0.548876	-0.455582	-0.374733	-0.308999	-0.260892	-0.218582	-0.162426	-0.111989	-0.073321	-0.0541213	-0.0474498	-0.0628007	-0.0866331	-0.11248	
-0.162166	-0.197411	-0.262055	-0.339541	-0.424685	-0.524113	-0.634698	-0.726662	-0.770179	-0.766845	-0.716986	-0.630812	-0.52398	-0.419276	-0.325263	-0.254348	-0.190679	-0.121599	-0.066451	-0.0318005	-0.0203281	-0.0278437	-0.0463167	-0.0585669	-0.0662817	
-0.233719	-0.297612	-0.386964	-0.474194	-0.562831	-0.661029	-0.763665	-0.837448	-0.859687	-0.831267	-0.760436	-0.658901	-0.530853	-0.402429	-0.287756	-0.195667	-0.119015	-0.0498923	-0.00426609	0.0159083	0.0112103	-0.0108023	-0.0381059	-0.0592947	-0.0565092	
-0.331282	-0.414204	-0.515681	-0.604146	-0.68327	-0.770142	-0.850095	-0.898767	-0.905039	-0.853662	-0.758152	-0.634821	-0.489165	-0.341743	-0.211787	-0.105783	-0.0313902	0.0260886	0.0591121	0.0601961	0.0323918	-0.0072851	-0.0490699	-0.0786026	-0.0624716	
-0.442041	-0.526431	-0.61627	-0.693883	-0.7549	-0.822651	-0.877461	-0.906584	-0.897867	-0.834618	-0.726429	-0.583115	-0.424146	-0.265888	-0.12512	-0.015958	0.0515954	0.0911803	0.105943	0.0837942	0.0294995	-0.0277288	-0.0797929	-0.105202	-0.0797595	
-0.539238	-0.605914	-0.668685	-0.722525	-0.767202	-0.810008	-0.847025	-0.862786	-0.838068	-0.771862	-0.66293	-0.509677	-0.343889	-0.187675	-0.0507692	0.0512698	0.111398	0.126675	0.113809	0.0692915	-0.000403703	-0.0704466	-0.128683	-0.143726	-0.101971	
-0.606317	-0.638748	-0.66289	-0.682961	-0.705858	-0.729527	-0.753243	-0.760566	-0.726284	-0.656385	-0.544611	-0.403597	-0.25012	-0.109295	0.00307733	0.0839869	0.130956	0.132881	0.0947649	0.0253697	-0.0560439	-0.136634	-0.188925	-0.189631	-0.120407	
-0.619896	-0.608665	-0.593208	-0.577718	-0.571647	-0.577298	-0.590217	-0.587487	-0.55078	-0.48437	-0.384727	-0.269085	-0.153764	-0.0515613	0.0218831	0.0784591	0.107466	0.0958818	0.0455925	-0.0358106	-0.128101	-0.209219	-0.244845	-0.224161	-0.13311	
-0.567505	-0.512866	-0.462689	-0.418914	-0.380666	-0.366701	-0.364846	-0.353363	-0.323674	-0.275924	-0.211186	-0.134829	-0.0621372	-0.00938877	0.0225579	0.0426001	0.0450832	0.0166253	-0.0457047	-0.128637	-0.217609	-0.281359	-0.29656	-0.256075	-0.147502	
-0.474192	-0.388177	-0.30878	-0.236004	-0.166822	-0.12399	-0.102718	-0.0901475	-0.0755087	-0.0553237	-0.0298932	0.00163744	0.0278809	0.0300034	0.0126235	-0.00921941	-0.039816	-0.100562	-0.175718	-0.255247	-0.332405	-0.375467	-0.367605	-0.295917	-0.170999	
-0.361169	-0.256495	-0.155892	-0.0603117	0.0272174	0.100004	0.143366	0.16416	0.164955	0.161347	0.148857	0.130202	0.104099	0.0575967	-0.00938241	-0.0805943	-0.156885	-0.244565	-0.329666	-0.400942	-0.463436	-0.486805	-0.453252	-0.354767	-0.208727	
-0.233875	-0.128467	-0.0176364	0.0861327	0.183853	0.270067	0.330349	0.36203	0.36012	0.339667	0.303464	0.243166	0.16089	0.0584285	-0.0572196	-0.174568	-0.295018	-0.405034	-0.492575	-0.557639	-0.602287	-0.603933	-0.549552	-0.438687	-0.276847	
-0.115967	-0.0221398	0.0885875	0.196359	0.295631	0.387806	0.456178	0.488037	0.488946	0.4661	0.41477	0.327281	0.201693	0.0470835	-0.115937	-0.276937	-0.433242	-0.565457	-0.650233	-0.698318	-0.723724	-0.707131	-0.639821	-0.519398	-0.347053	
