-0.975542	-0.957982	-0.921118	-0.871487	-0.833592	-0.824399	-0.854642	-0.900883	-0.946368	-0.969303	-0.985908	-0.999934	-1.00484	-0.995146	-0.951173	-0.865752	-0.730407	-0.553064	-0.33324	-0.0984769	0.107239	0.249901	0.305471	0.280068	0.185612	
-0.953852	-0.916929	-0.864102	-0.805911	-0.762652	-0.753209	-0.786323	-0.840132	-0.897771	-0.940416	-0.971061	-0.983068	-0.974416	-0.942666	-0.87586	-0.776522	-0.636575	-0.456658	-0.239207	-0.0206573	0.156289	0.265625	0.285216	0.224284	0.0888516	
-0.878388	-0.828581	-0.763756	-0.694929	-0.645768	-0.636383	-0.671532	-0.735838	-0.803901	-0.861131	-0.897735	-0.908751	-0.890203	-0.842277	-0.758443	-0.640896	-0.494025	-0.311843	-0.103527	0.0909903	0.229158	0.284879	0.248833	0.14075	-0.0325517	
-0.767506	-0.71787	-0.647351	-0.57252	-0.519738	-0.510707	-0.5471	-0.6164	-0.692133	-0.749955	-0.786811	-0.793049	-0.768018	-0.709468	-0.61289	-0.480805	-0.317231	-0.131982	0.059632	0.216497	0.302193	0.30068	0.206975	0.0442646	-0.163688	
-0.648786	-0.604906	-0.536595	-0.466407	-0.422177	-0.4123	-0.445967	-0.506191	-0.580262	-0.633817	-0.665469	-0.667795	-0.629367	-0.556816	-0.444835	-0.304259	-0.134211	0.0459607	0.213831	0.330624	0.361376	0.305905	0.165324	-0.0361892	-0.275069	
-0.548697	-0.512215	-0.456347	-0.402904	-0.371983	-0.365132	-0.388126	-0.432721	-0.491496	-0.53676	-0.557555	-0.542799	-0.484227	-0.385123	-0.257753	-0.114133	0.0463553	0.199781	0.332668	0.407088	0.394319	0.287717	0.107098	-0.117813	-0.363137	
-0.470054	-0.452134	-0.416407	-0.381613	-0.357024	-0.351964	-0.370028	-0.401599	-0.438638	-0.467016	-0.462847	-0.421243	-0.337387	-0.216681	-0.0783698	0.0623972	0.202069	0.323977	0.406511	0.433292	0.379328	0.238365	0.0328515	-0.205475	-0.438638	
-0.405582	-0.417832	-0.407091	-0.388201	-0.363929	-0.358766	-0.378078	-0.400476	-0.414741	-0.415543	-0.376925	-0.302541	-0.201181	-0.0729216	0.067529	0.199925	0.314769	0.399208	0.431168	0.405972	0.309395	0.146477	-0.0606102	-0.288712	-0.500336	
-0.353484	-0.397125	-0.41299	-0.413663	-0.398309	-0.393399	-0.408959	-0.41525	-0.405491	-0.376046	-0.305466	-0.199551	-0.08461	0.0419977	0.172657	0.288023	0.376309	0.417279	0.403839	0.334773	0.209003	0.0362501	-0.160773	-0.361809	-0.544521	
-0.315586	-0.38547	-0.426727	-0.450387	-0.452564	-0.450939	-0.453707	-0.438418	-0.4044	-0.348398	-0.25344	-0.126392	0.00373655	0.129036	0.239527	0.325557	0.380015	0.386799	0.338207	0.241135	0.103016	-0.0663372	-0.244991	-0.419231	-0.56616	
-0.289902	-0.386624	-0.449465	-0.486802	-0.503549	-0.504376	-0.496522	-0.466775	-0.41506	-0.333561	-0.216018	-0.0777174	0.05897	0.180523	0.269885	0.32263	0.341501	0.317763	0.252127	0.143428	0.00337593	-0.15196	-0.303059	-0.442563	-0.550841	
-0.276057	-0.395503	-0.471888	-0.513085	-0.531745	-0.535303	-0.522643	-0.491745	-0.431248	-0.328325	-0.190515	-0.0444673	0.0873381	0.195311	0.263339	0.293809	0.286086	0.235115	0.151985	0.0476655	-0.0770853	-0.206594	-0.321709	-0.419267	-0.481381	
-0.261349	-0.393522	-0.477612	-0.521027	-0.540383	-0.542327	-0.531565	-0.498569	-0.433275	-0.318629	-0.1695	-0.0182848	0.110041	0.200339	0.245163	0.252395	0.227609	0.157203	0.0578345	-0.0432145	-0.137971	-0.224261	-0.299669	-0.351603	-0.3673	
-0.227488	-0.358665	-0.448063	-0.498163	-0.519017	-0.521378	-0.509767	-0.472099	-0.399801	-0.283903	-0.136078	0.0164091	0.138866	0.214032	0.234607	0.212111	0.162506	0.0823609	-0.0163501	-0.112175	-0.180454	-0.221464	-0.249512	-0.25902	-0.235963	
-0.159444	-0.29041	-0.387182	-0.447991	-0.473897	-0.476698	-0.462364	-0.415743	-0.333247	-0.215002	-0.0699045	0.078667	0.188781	0.240344	0.236803	0.185506	0.103875	0.00978728	-0.0796618	-0.15346	-0.197377	-0.204614	-0.185939	-0.149403	-0.0898935	
-0.0650245	-0.201697	-0.311002	-0.383821	-0.418137	-0.421853	-0.402015	-0.344989	-0.249188	-0.12184	0.0236327	0.162227	0.254528	0.278761	0.24808	0.173935	0.0702888	-0.0388744	-0.123288	-0.170448	-0.180657	-0.159566	-0.110199	-0.0339014	0.0526435	
0.0300391	-0.118846	-0.244941	-0.332265	-0.378679	-0.387115	-0.355213	-0.28509	-0.1735	-0.0301248	0.119649	0.247596	0.322818	0.330606	0.279331	0.18764	0.0746021	-0.0363939	-0.119251	-0.150104	-0.129284	-0.080338	-0.0151001	0.0723445	0.174159	
0.10329	-0.0592751	-0.20058	-0.3029	-0.366178	-0.378288	-0.333879	-0.246185	-0.119703	0.037469	0.19492	0.3154	0.380906	0.383238	0.328277	0.232105	0.120052	0.0182407	-0.0564285	-0.0828733	-0.0517682	0.0149105	0.0884147	0.169196	0.259943	
0.14939	-0.0121354	-0.161079	-0.277486	-0.350683	-0.365537	-0.312549	-0.212242	-0.0746418	0.0850467	0.239228	0.354738	0.414997	0.419122	0.372937	0.290758	0.192546	0.106178	0.0437077	0.0204682	0.0452042	0.105211	0.17763	0.243856	0.310849	
0.185212	0.0386744	-0.110001	-0.234111	-0.308869	-0.322506	-0.269733	-0.164986	-0.0218959	0.127987	0.266627	0.372924	0.430964	0.440671	0.411001	0.354001	0.27993	0.211482	0.157506	0.134064	0.144403	0.177767	0.227249	0.27735	0.321388	
0.229831	0.105539	-0.0317621	-0.152176	-0.22043	-0.232174	-0.18557	-0.0851362	0.0512663	0.182581	0.297408	0.386874	0.437333	0.449639	0.4381	0.409613	0.363243	0.314075	0.263378	0.229341	0.220403	0.223978	0.241007	0.268417	0.2918	
0.296773	0.200555	0.0858073	-0.0158131	-0.0735255	-0.0847255	-0.0443356	0.0409222	0.156553	0.261009	0.345337	0.40604	0.436724	0.446311	0.446486	0.440426	0.417587	0.384909	0.336471	0.287981	0.255404	0.23421	0.22469	0.225455	0.228924	
0.388796	0.325486	0.245985	0.171488	0.122022	0.11137	0.148061	0.214364	0.295195	0.365638	0.414989	0.436416	0.439916	0.441582	0.444292	0.444766	0.43175	0.406295	0.358205	0.295825	0.236751	0.189487	0.159715	0.140603	0.122301	
0.499048	0.483003	0.452208	0.409998	0.369809	0.360219	0.392837	0.43642	0.472082	0.494386	0.499176	0.478322	0.447499	0.426922	0.415528	0.407092	0.392796	0.366998	0.313542	0.239055	0.158474	0.0908489	0.0498721	0.020798	-0.00714231	
0.626373	0.673861	0.695814	0.692381	0.678131	0.673874	0.687379	0.696434	0.686027	0.647688	0.590815	0.522096	0.45152	0.39336	0.349835	0.323009	0.301496	0.26945	0.208661	0.120433	0.0254835	-0.0524672	-0.0968603	-0.121342	-0.148419	
0.76371	0.881274	0.957775	1.00265	1.0326	1.03913	1.01632	0.978102	0.916969	0.815234	0.681294	0.54758	0.431504	0.331103	0.253408	0.201104	0.164385	0.124489	0.0622472	-0.0252667	-0.123557	-0.204596	-0.251591	-0.271152	-0.28309	
0.881274	1.06903	1.21222	1.31546	1.37926	1.39107	1.3464	1.25792	1.13181	0.960581	0.756372	0.555901	0.384781	0.246956	0.139457	0.0625941	0.00778706	-0.0398483	-0.0928344	-0.16667	-0.255334	-0.334559	-0.384378	-0.397701	-0.38978	
0.957775	1.21222	1.43996	1.60182	1.67912	1.6913	1.64184	1.51527	1.30814	1.06113	0.800102	0.546088	0.323384	0.144133	0.011054	-0.0832003	-0.14287	-0.185327	-0.224809	-0.282095	-0.357371	-0.426455	-0.470433	-0.477499	-0.459785	
1.00265	1.31546	1.60182	1.80873	1.90782	1.92329	1.85989	1.69744	1.43566	1.12859	0.814736	0.518192	0.260979	0.0525771	-0.102981	-0.20761	-0.263641	-0.293772	-0.317837	-0.36018	-0.423186	-0.480626	-0.515724	-0.519031	-0.499249	
1.0326	1.37926	1.67912	1.90782	2.04308	2.06778	1.97382	1.7808	1.50603	1.17508	0.816857	0.485787	0.214624	-0.00134046	-0.167876	-0.280782	-0.337705	-0.362429	-0.371422	-0.399219	-0.451289	-0.503285	-0.535979	-0.53748	-0.517915	
1.03913	1.39107	1.6913	1.92329	2.06778	2.09602	1.99261	1.79368	1.51801	1.18451	0.817007	0.477123	0.204885	-0.0126648	-0.179327	-0.293825	-0.352225	-0.375521	-0.382329	-0.40402	-0.454257	-0.505485	-0.538178	-0.541027	-0.519758	
1.01632	1.3464	1.64184	1.85989	1.97382	1.99261	1.91772	1.74085	1.47075	1.15025	0.816384	0.505144	0.239623	0.0265276	-0.13521	-0.242761	-0.29865	-0.327271	-0.344059	-0.380318	-0.438106	-0.493573	-0.52719	-0.528483	-0.509277	
0.978102	1.25792	1.51527	1.69744	1.7808	1.79368	1.74085	1.60055	1.36591	1.09105	0.808221	0.536421	0.297954	0.103873	-0.0393415	-0.138441	-0.196114	-0.233174	-0.26718	-0.318381	-0.388547	-0.452269	-0.492078	-0.497535	-0.478422	
0.916969	1.13181	1.30814	1.43566	1.50603	1.51801	1.47075	1.36591	1.20769	1.00606	0.777977	0.554179	0.361341	0.207598	0.0894029	0.00394666	-0.054923	-0.101607	-0.149519	-0.216901	-0.300211	-0.376089	-0.424641	-0.435416	-0.421753	
0.815234	0.960581	1.06113	1.12859	1.17508	1.18451	1.15025	1.09105	1.00606	0.878052	0.714335	0.552916	0.41453	0.299967	0.210535	0.147366	0.102363	0.0582488	-8.31019e-05	-0.0835723	-0.178901	-0.260342	-0.309193	-0.32626	-0.330521	
0.681294	0.756372	0.800102	0.814736	0.816857	0.817007	0.816384	0.808221	0.777977	0.714335	0.627939	0.534612	0.447107	0.371055	0.313977	0.277612	0.250694	0.216269	0.15282	0.0635471	-0.0345999	-0.114153	-0.159088	-0.181942	-0.204052	
0.54758	0.555901	0.546088	0.518192	0.485787	0.477123	0.505144	0.536421	0.554179	0.552916	0.534612	0.497163	0.450894	0.417164	0.393183	0.37859	0.363066	0.334185	0.278204	0.197074	0.110525	0.0371509	-0.00611135	-0.0336944	-0.0630276	
0.431504	0.384781	0.323384	0.260979	0.214624	0.204885	0.239623	0.297954	0.361341	0.41453	0.447107	0.450894	0.442639	0.437012	0.436927	0.435255	0.422232	0.397956	0.348091	0.282519	0.213399	0.156402	0.120673	0.0956938	0.0727552	
0.331103	0.246956	0.144133	0.0525771	-0.00134046	-0.0126648	0.0265276	0.103873	0.207598	0.299967	0.371055	0.417164	0.437012	0.44541	0.448187	0.446765	0.428941	0.399791	0.352923	0.297945	0.254455	0.22299	0.204608	0.196648	0.190617	
0.253408	0.139457	0.011054	-0.102981	-0.167876	-0.179327	-0.13521	-0.0393415	0.0894029	0.210535	0.313977	0.393183	0.436927	0.448187	0.442609	0.424297	0.388563	0.347559	0.297598	0.257787	0.240085	0.234194	0.239679	0.255728	0.271519	
0.201104	0.0625941	-0.0832003	-0.20761	-0.280782	-0.293825	-0.242761	-0.138441	0.00394666	0.147366	0.277612	0.37859	0.435255	0.446765	0.424297	0.378811	0.315706	0.254897	0.202212	0.175906	0.178903	0.199445	0.235296	0.277885	0.313962	
0.164385	0.00778706	-0.14287	-0.263641	-0.337705	-0.352225	-0.29865	-0.196114	-0.054923	0.102363	0.250694	0.363066	0.422232	0.428941	0.388563	0.315706	0.226172	0.146193	0.088624	0.0667874	0.0864295	0.136879	0.202523	0.262697	0.320289	
0.124489	-0.0398483	-0.185327	-0.293772	-0.362429	-0.375521	-0.327271	-0.233174	-0.101607	0.0582488	0.216269	0.334185	0.397956	0.399791	0.347559	0.254897	0.146193	0.0503586	-0.0197632	-0.0445523	-0.0152201	0.052576	0.127701	0.202994	0.28482	
0.0622472	-0.0928344	-0.224809	-0.317837	-0.371422	-0.382329	-0.344059	-0.26718	-0.149519	-8.31019e-05	0.15282	0.278204	0.348091	0.352923	0.297598	0.202212	0.088624	-0.0197632	-0.099815	-0.128848	-0.101242	-0.0428338	0.0263152	0.112099	0.213046	
-0.0252667	-0.16667	-0.282095	-0.36018	-0.399219	-0.40402	-0.380318	-0.318381	-0.216901	-0.0835723	0.0635471	0.197074	0.282519	0.297945	0.257787	0.175906	0.0667874	-0.0445523	-0.128848	-0.167511	-0.163784	-0.131502	-0.0743591	0.00998625	0.104705	
-0.123557	-0.255334	-0.357371	-0.423186	-0.451289	-0.454257	-0.438106	-0.388547	-0.300211	-0.178901	-0.0345999	0.110525	0.213399	0.254455	0.240085	0.178903	0.0864295	-0.0152201	-0.101242	-0.163784	-0.195052	-0.190753	-0.157722	-0.102773	-0.0314782	
-0.204596	-0.334559	-0.426455	-0.480626	-0.503285	-0.505485	-0.493573	-0.452269	-0.376089	-0.260342	-0.114153	0.0371509	0.156402	0.22299	0.234194	0.199445	0.136879	0.052576	-0.0428338	-0.131502	-0.190753	-0.216802	-0.224996	-0.216825	-0.178693	
-0.251591	-0.384378	-0.470433	-0.515724	-0.535979	-0.538178	-0.52719	-0.492078	-0.424641	-0.309193	-0.159088	-0.00611135	0.120673	0.204608	0.239679	0.235296	0.202523	0.127701	0.0263152	-0.0743591	-0.157722	-0.224996	-0.28224	-0.316526	-0.316283	
-0.271152	-0.397701	-0.477499	-0.519031	-0.53748	-0.541027	-0.528483	-0.497535	-0.435416	-0.32626	-0.181942	-0.0336944	0.0956938	0.196648	0.255728	0.277885	0.262697	0.202994	0.112099	0.00998625	-0.102773	-0.216825	-0.316526	-0.39654	-0.439288	
-0.28309	-0.38978	-0.459785	-0.499249	-0.517915	-0.519758	-0.509277	-0.478422	-0.421753	-0.330521	-0.204052	-0.0630276	0.0727552	0.190617	0.271519	0.313962	0.320289	0.28482	0.213046	0.104705	-0.0314782	-0.178693	-0.316283	-0.439288	-0.530609	
