-0.083531	-0.0594072	-0.0296446	0.0117993	0.0728504	0.152109	0.234195	0.325449	0.436712	0.538495	0.595095	0.583571	0.496011	0.342904	0.134628	-0.105538	-0.34659	-0.546469	-0.67962	-0.750303	-0.748598	-0.656852	-0.455345	-0.173051	0.150251	
-0.0594072	-0.0323344	0.00137688	0.0448083	0.10331	0.181146	0.268669	0.373222	0.49467	0.594466	0.638817	0.605454	0.49532	0.315734	0.0871764	-0.157009	-0.388797	-0.569449	-0.683322	-0.724808	-0.691276	-0.565286	-0.341618	-0.0501953	0.268298	
-0.0296446	0.00137688	0.0419416	0.0889962	0.145598	0.229139	0.333546	0.454626	0.576393	0.665973	0.691019	0.634429	0.496375	0.288745	0.046934	-0.192361	-0.402948	-0.562104	-0.651186	-0.66064	-0.587231	-0.42667	-0.185083	0.104567	0.409227	
0.0117993	0.0448083	0.0889962	0.136652	0.198193	0.298824	0.425681	0.557393	0.673709	0.748496	0.754944	0.673019	0.5056	0.277732	0.0321319	-0.189873	-0.376372	-0.509546	-0.571971	-0.543871	-0.429998	-0.238118	0.0116699	0.291328	0.574036	
0.0728504	0.10331	0.145598	0.198193	0.276029	0.397361	0.538272	0.672331	0.776776	0.835667	0.81998	0.708945	0.518335	0.279669	0.0446435	-0.15614	-0.314391	-0.419062	-0.448593	-0.380833	-0.229104	-0.0140155	0.23609	0.499483	0.757469	
0.152109	0.181146	0.229139	0.298824	0.397361	0.528405	0.670447	0.795617	0.883341	0.919064	0.871786	0.733052	0.525174	0.28913	0.0695379	-0.108106	-0.236822	-0.308317	-0.300415	-0.195448	-0.0135167	0.215474	0.459743	0.704615	0.935548	
0.234195	0.268669	0.333546	0.425681	0.538272	0.670447	0.806176	0.920871	0.988547	0.992643	0.913651	0.75159	0.538043	0.309447	0.104928	-0.0516971	-0.151014	-0.187316	-0.145126	-0.0127903	0.186486	0.418925	0.652332	0.875684	1.07567	
0.325449	0.373222	0.454626	0.557393	0.672331	0.795617	0.920871	1.0197	1.05859	1.0303	0.923732	0.750998	0.539235	0.320289	0.131157	-0.0035133	-0.0702932	-0.0724247	-0.00282015	0.144876	0.350163	0.579033	0.798645	0.996673	1.16106	
0.436712	0.49467	0.576393	0.673709	0.776776	0.883341	0.988547	1.05859	1.06572	1.00739	0.884769	0.70941	0.502072	0.29461	0.123184	0.0155025	-0.0179499	0.00906545	0.0967985	0.249424	0.453783	0.675602	0.878246	1.04726	1.16893	
0.538495	0.594466	0.665973	0.748496	0.835667	0.919064	0.992643	1.0303	1.00739	0.928908	0.796483	0.618727	0.415202	0.219841	0.0700368	-0.00947095	-0.0156036	0.0310529	0.126476	0.277357	0.477326	0.688334	0.87099	1.00372	1.07959	
0.595095	0.638817	0.691019	0.754944	0.81998	0.871786	0.913651	0.923732	0.884769	0.796483	0.658392	0.480954	0.284998	0.108901	-0.0143514	-0.0685332	-0.0555037	0.000806357	0.0978738	0.244909	0.436945	0.633888	0.788424	0.880663	0.90693	
0.583571	0.605454	0.634429	0.673019	0.708945	0.733052	0.75159	0.750998	0.70941	0.618727	0.480954	0.310339	0.131911	-0.0166887	-0.113304	-0.147443	-0.124454	-0.064071	0.0338948	0.175421	0.357792	0.532223	0.65398	0.700738	0.681616	
0.496011	0.49532	0.496375	0.5056	0.518335	0.525174	0.538043	0.539235	0.502072	0.415202	0.284998	0.131911	-0.0191775	-0.138448	-0.211664	-0.232963	-0.204948	-0.139948	-0.0414441	0.0958547	0.261093	0.408617	0.49153	0.496292	0.43852	
0.342904	0.315734	0.288745	0.277732	0.279669	0.28913	0.309447	0.320289	0.29461	0.219841	0.108901	-0.0166887	-0.138448	-0.231952	-0.289543	-0.303809	-0.271487	-0.203816	-0.104063	0.0211592	0.163886	0.276067	0.321151	0.288692	0.20393	
0.134628	0.0871764	0.046934	0.0321319	0.0446435	0.0695379	0.104928	0.131157	0.123184	0.0700368	-0.0143514	-0.113304	-0.211664	-0.289543	-0.33926	-0.348423	-0.315216	-0.244847	-0.152629	-0.0445682	0.066188	0.142746	0.153084	0.0943476	-0.00512125	
-0.105538	-0.157009	-0.192361	-0.189873	-0.15614	-0.108106	-0.0516971	-0.0035133	0.0155025	-0.00947095	-0.0685332	-0.147443	-0.232963	-0.303809	-0.348423	-0.356886	-0.323699	-0.261027	-0.182928	-0.102824	-0.0261336	0.0158274	0.000202736	-0.0735856	-0.176413	
-0.34659	-0.388797	-0.402948	-0.376372	-0.314391	-0.236822	-0.151014	-0.0702932	-0.0179499	-0.0156036	-0.0555037	-0.124454	-0.204948	-0.271487	-0.315216	-0.323699	-0.300847	-0.252629	-0.199981	-0.150014	-0.106682	-0.0911027	-0.12187	-0.199357	-0.295945	
-0.546469	-0.569449	-0.562104	-0.509546	-0.419062	-0.308317	-0.187316	-0.0724247	0.00906545	0.0310529	0.000806357	-0.064071	-0.139948	-0.203816	-0.244847	-0.261027	-0.252629	-0.228286	-0.201838	-0.179772	-0.160584	-0.159533	-0.193838	-0.264395	-0.348672	
-0.67962	-0.683322	-0.651186	-0.571971	-0.448593	-0.300415	-0.145126	-0.00282015	0.0967985	0.126476	0.0978738	0.0338948	-0.0414441	-0.104063	-0.152629	-0.182928	-0.199981	-0.201838	-0.200678	-0.198187	-0.191538	-0.193832	-0.220973	-0.278644	-0.346653	
-0.750303	-0.724808	-0.66064	-0.543871	-0.380833	-0.195448	-0.0127903	0.144876	0.249424	0.277357	0.244909	0.175421	0.0958547	0.0211592	-0.0445682	-0.102824	-0.150014	-0.179772	-0.198187	-0.205902	-0.202687	-0.19916	-0.215204	-0.257023	-0.310246	
-0.748598	-0.691276	-0.587231	-0.429998	-0.229104	-0.0135167	0.186486	0.350163	0.453783	0.477326	0.436945	0.357792	0.261093	0.163886	0.066188	-0.0261336	-0.106682	-0.160584	-0.191538	-0.202687	-0.195611	-0.184368	-0.18789	-0.217255	-0.258454	
-0.656852	-0.565286	-0.42667	-0.238118	-0.0140155	0.215474	0.418925	0.579033	0.675602	0.688334	0.633888	0.532223	0.408617	0.276067	0.142746	0.0158274	-0.0911027	-0.159533	-0.193832	-0.19916	-0.184368	-0.162129	-0.155402	-0.173671	-0.20727	
-0.455345	-0.341618	-0.185083	0.0116699	0.23609	0.459743	0.652332	0.798645	0.878246	0.87099	0.788424	0.65398	0.49153	0.321151	0.153084	0.000202736	-0.12187	-0.193838	-0.220973	-0.215204	-0.18789	-0.155402	-0.138202	-0.148775	-0.1758	
-0.173051	-0.0501953	0.104567	0.291328	0.499483	0.704615	0.875684	0.996673	1.04726	1.00372	0.880663	0.700738	0.496292	0.288692	0.0943476	-0.0735856	-0.199357	-0.264395	-0.278644	-0.257023	-0.217255	-0.173671	-0.148775	-0.151945	-0.175156	
0.150251	0.268298	0.409227	0.574036	0.757469	0.935548	1.07567	1.16106	1.16893	1.07959	0.90693	0.681616	0.43852	0.20393	-0.00512125	-0.176413	-0.295945	-0.348672	-0.346653	-0.310246	-0.258454	-0.20727	-0.1758	-0.175156	-0.194773	
0.466189	0.578461	0.703819	0.84739	1.00328	1.14901	1.24975	1.28758	1.24433	1.10129	0.880083	0.613633	0.342384	0.0923508	-0.119978	-0.28526	-0.39299	-0.430478	-0.413017	-0.362973	-0.302334	-0.24481	-0.210034	-0.205827	-0.224527	
0.745016	0.859495	0.977925	1.1025	1.22987	1.33629	1.38776	1.37119	1.27077	1.07692	0.812958	0.51715	0.230227	-0.0232772	-0.229194	-0.382354	-0.475115	-0.497192	-0.465558	-0.404406	-0.336295	-0.274866	-0.236831	-0.23129	-0.247971	
0.958174	1.08501	1.20307	1.31461	1.41307	1.47861	1.48058	1.40972	1.25977	1.02366	0.730391	0.418327	0.127414	-0.120123	-0.314041	-0.452318	-0.52959	-0.537799	-0.493857	-0.423644	-0.349783	-0.284664	-0.244875	-0.236972	-0.253263	
1.09589	1.23722	1.35929	1.45867	1.53239	1.5618	1.52102	1.40899	1.22204	0.960239	0.652223	0.336391	0.0514816	-0.184571	-0.363467	-0.48606	-0.549303	-0.544609	-0.490897	-0.412776	-0.334066	-0.266067	-0.22384	-0.214923	-0.22935	
1.16365	1.31418	1.43677	1.52923	1.5857	1.59251	1.52743	1.39121	1.18673	0.913426	0.601505	0.288877	0.011195	-0.214021	-0.381348	-0.493162	-0.545981	-0.533794	-0.472854	-0.390404	-0.308256	-0.238286	-0.195001	-0.184598	-0.198971	
1.1738	1.3261	1.45012	1.54022	1.59441	1.59714	1.52687	1.38732	1.17899	0.904028	0.591968	0.279525	0.00410762	-0.219282	-0.384341	-0.493454	-0.545049	-0.530284	-0.468863	-0.384672	-0.302227	-0.231634	-0.187844	-0.177542	-0.19114	
1.13099	1.27667	1.39846	1.49503	1.55996	1.5784	1.52598	1.40158	1.20607	0.938273	0.627705	0.313416	0.0313491	-0.199527	-0.372986	-0.490787	-0.548605	-0.54096	-0.483278	-0.403618	-0.322955	-0.254295	-0.211588	-0.201916	-0.216491	
1.02179	1.15498	1.27538	1.3814	1.46987	1.51988	1.5028	1.41383	1.24653	0.998016	0.697251	0.38186	0.0929411	-0.150665	-0.338649	-0.470139	-0.541939	-0.544027	-0.496462	-0.422256	-0.346616	-0.280061	-0.239268	-0.230973	-0.246169	
0.839483	0.957679	1.07467	1.19415	1.30926	1.39946	1.43111	1.39182	1.27072	1.05852	0.780802	0.477363	0.187089	-0.0647492	-0.26648	-0.414242	-0.500244	-0.517429	-0.480016	-0.415796	-0.34474	-0.28233	-0.243421	-0.237069	-0.253547	
0.583425	0.695712	0.817607	0.952713	1.09779	1.2284	1.30997	1.32674	1.26029	1.09607	0.856677	0.576357	0.297783	0.0446541	-0.16599	-0.326683	-0.4289	-0.459544	-0.436757	-0.381325	-0.31784	-0.258299	-0.222294	-0.217353	-0.234988	
0.28018	0.394781	0.528461	0.684657	0.856551	1.02268	1.14835	1.21592	1.20464	1.09447	0.901732	0.659547	0.403397	0.16149	-0.0502909	-0.220254	-0.335048	-0.382548	-0.373536	-0.332156	-0.275849	-0.222617	-0.189268	-0.187372	-0.206176	
-0.0463913	0.0763454	0.226572	0.405086	0.6042	0.799141	0.95875	1.06689	1.10167	1.04073	0.898512	0.699564	0.479272	0.258935	0.0574195	-0.113106	-0.237386	-0.297634	-0.305908	-0.277605	-0.233081	-0.185848	-0.158313	-0.159418	-0.180877	
-0.349607	-0.23096	-0.0730342	0.121678	0.340619	0.55829	0.743351	0.880888	0.950716	0.930985	0.833393	0.6822	0.502604	0.316975	0.136836	-0.0234812	-0.14807	-0.218818	-0.240869	-0.229579	-0.196613	-0.160315	-0.139402	-0.147193	-0.171995	
-0.589443	-0.486428	-0.338232	-0.14326	0.0837022	0.312934	0.513443	0.669174	0.760314	0.7664	0.702669	0.588893	0.451335	0.303116	0.155602	0.0168379	-0.0974132	-0.168665	-0.20126	-0.202438	-0.183078	-0.156657	-0.145849	-0.16052	-0.191174	
-0.723971	-0.653035	-0.533615	-0.361947	-0.14934	0.0742598	0.277339	0.440739	0.542459	0.562867	0.517831	0.431749	0.32544	0.215424	0.103321	-0.00316423	-0.095397	-0.156745	-0.190102	-0.200091	-0.190111	-0.175223	-0.174286	-0.199154	-0.236505	
-0.759479	-0.721137	-0.641743	-0.508077	-0.329087	-0.129853	0.0610309	0.221998	0.326761	0.352834	0.317898	0.245044	0.160663	0.0778171	0.000977332	-0.0707579	-0.131072	-0.171693	-0.195866	-0.205896	-0.201587	-0.195471	-0.206377	-0.242699	-0.29035	
-0.715147	-0.708365	-0.664661	-0.572179	-0.433287	-0.270064	-0.102516	0.0472604	0.150097	0.179904	0.14991	0.0847877	0.00868597	-0.0569375	-0.110924	-0.150706	-0.179326	-0.192488	-0.200023	-0.202413	-0.198217	-0.199019	-0.222168	-0.27321	-0.334855	
-0.607936	-0.62331	-0.606766	-0.544021	-0.441661	-0.315767	-0.180878	-0.0535416	0.036962	0.0629911	0.0343819	-0.0301695	-0.104914	-0.168016	-0.210359	-0.231084	-0.23141	-0.217795	-0.201448	-0.188599	-0.17534	-0.177552	-0.209565	-0.275653	-0.35302	
-0.433746	-0.468277	-0.473867	-0.437154	-0.363705	-0.273993	-0.173972	-0.0794798	-0.0139904	-0.00232626	-0.0374555	-0.103941	-0.182696	-0.2481	-0.29038	-0.300856	-0.282896	-0.243545	-0.201603	-0.163131	-0.131334	-0.122937	-0.157162	-0.232244	-0.324898	
-0.204608	-0.253857	-0.28112	-0.269186	-0.224592	-0.164908	-0.0985015	-0.0378617	-0.00584147	-0.0195376	-0.0696893	-0.144096	-0.226934	-0.296566	-0.340606	-0.348618	-0.31852	-0.260774	-0.191714	-0.123743	-0.0607042	-0.0312765	-0.0538649	-0.130797	-0.231339	
0.0409483	-0.00984855	-0.0510945	-0.0605865	-0.0404392	-0.00759024	0.035801	0.0689046	0.0712058	0.0288169	-0.0447931	-0.134116	-0.226323	-0.300714	-0.348002	-0.356569	-0.322532	-0.25428	-0.166312	-0.0682641	0.0285657	0.0908581	0.0889421	0.0236432	-0.0790742	
0.265224	0.228247	0.194215	0.178632	0.183242	0.197982	0.223061	0.239808	0.21959	0.152334	0.0517284	-0.0628751	-0.173811	-0.260338	-0.31402	-0.325794	-0.293181	-0.223478	-0.125749	-0.00584417	0.124702	0.222357	0.253016	0.208565	0.116982	
0.442488	0.431324	0.419581	0.419311	0.42505	0.430933	0.446106	0.449949	0.417342	0.333646	0.210146	0.0678567	-0.0714169	-0.179202	-0.245303	-0.263394	-0.233525	-0.167841	-0.0678443	0.0652729	0.222478	0.356105	0.423452	0.412713	0.342224	
0.556623	0.570493	0.589332	0.615405	0.641636	0.656424	0.670702	0.670081	0.628832	0.538911	0.402554	0.237359	0.0692703	-0.0679179	-0.154089	-0.182355	-0.157453	-0.0948496	0.00291223	0.143998	0.31964	0.484574	0.590802	0.620661	0.584844	
0.599765	0.634799	0.678417	0.733378	0.786325	0.826522	0.857233	0.861143	0.820622	0.73013	0.591782	0.415954	0.225304	0.060001	-0.0527712	-0.0977868	-0.0803638	-0.02239	0.0753807	0.219742	0.408794	0.596858	0.739466	0.813307	0.820878	
