0.678996	0.70317	0.727019	0.746019	0.760282	0.762779	0.752745	0.735064	0.713002	0.688906	0.658916	0.616096	0.569786	0.532059	0.515683	0.511047	0.492557	0.453942	0.415494	0.379923	0.344782	0.306944	0.264221	0.237926	0.227892	
0.601067	0.592142	0.589575	0.592043	0.596584	0.598034	0.593421	0.590883	0.589405	0.597998	0.600848	0.586022	0.554051	0.522528	0.505842	0.491127	0.461502	0.408153	0.33999	0.284918	0.238002	0.194595	0.157763	0.142254	0.146353	
0.543631	0.509915	0.484794	0.4682	0.463856	0.462595	0.465328	0.477724	0.49802	0.530664	0.559875	0.567104	0.545041	0.514262	0.488928	0.45843	0.41613	0.350676	0.269467	0.204362	0.159213	0.127522	0.105147	0.104741	0.120768	
0.503047	0.463016	0.423613	0.388644	0.37069	0.368152	0.378975	0.408287	0.447075	0.487261	0.525033	0.545333	0.531975	0.506494	0.473293	0.429357	0.374533	0.301694	0.222736	0.15985	0.119296	0.0968584	0.0876683	0.10507	0.138142	
0.479407	0.436241	0.383271	0.331601	0.302153	0.296664	0.317009	0.361221	0.415769	0.463302	0.50393	0.533232	0.532107	0.510299	0.474091	0.419352	0.351713	0.275702	0.20163	0.148314	0.117294	0.100474	0.105178	0.139736	0.19226	
0.464844	0.40826	0.344869	0.284388	0.249291	0.244724	0.26631	0.319015	0.383446	0.442896	0.495647	0.534183	0.54563	0.533103	0.496971	0.441591	0.367211	0.286227	0.216246	0.170385	0.149262	0.147994	0.171377	0.220612	0.287339	
0.4293	0.364484	0.300697	0.247532	0.215782	0.209423	0.232183	0.277242	0.338658	0.403501	0.466334	0.517964	0.549408	0.556806	0.538322	0.491095	0.420869	0.341117	0.275399	0.240503	0.233525	0.248808	0.29099	0.348768	0.409683	
0.359165	0.292239	0.236186	0.18962	0.159221	0.15349	0.17459	0.216777	0.268368	0.331665	0.402539	0.470626	0.531237	0.571375	0.575393	0.54013	0.477716	0.410555	0.360011	0.345183	0.357744	0.387995	0.43715	0.490459	0.538218	
0.261603	0.188902	0.131389	0.0853196	0.054403	0.0485024	0.0705007	0.111974	0.163908	0.230794	0.31179	0.403607	0.496355	0.571145	0.603347	0.582305	0.532081	0.487868	0.463347	0.469022	0.497517	0.537881	0.578859	0.619828	0.649027	
0.147413	0.05689	-0.0150999	-0.0693642	-0.0965921	-0.100997	-0.0832049	-0.0392793	0.0260366	0.108685	0.210338	0.325115	0.441352	0.54219	0.606025	0.614232	0.589995	0.57276	0.578527	0.602779	0.63915	0.678139	0.706212	0.723235	0.728995	
0.0296492	-0.0845031	-0.18011	-0.246041	-0.272689	-0.275541	-0.261177	-0.21102	-0.125633	-0.0177253	0.10555	0.239466	0.367183	0.480143	0.571736	0.621492	0.637141	0.653686	0.686608	0.731466	0.777565	0.812152	0.822689	0.812416	0.785674	
-0.0897656	-0.218289	-0.328677	-0.404076	-0.434942	-0.439006	-0.421149	-0.364437	-0.265248	-0.142505	-0.00653409	0.137444	0.272171	0.395102	0.507302	0.596127	0.662205	0.720397	0.782026	0.844021	0.898591	0.931159	0.927069	0.892058	0.831724	
-0.216334	-0.345299	-0.455381	-0.531444	-0.567685	-0.573939	-0.550017	-0.490952	-0.391906	-0.270136	-0.13303	0.00807635	0.144288	0.277993	0.407819	0.527489	0.643965	0.74965	0.845571	0.92091	0.977379	1.00522	0.997568	0.946925	0.861411	
-0.351925	-0.47067	-0.565306	-0.628129	-0.66148	-0.667525	-0.644966	-0.594032	-0.511752	-0.402273	-0.275597	-0.147956	-0.0176722	0.125196	0.276442	0.430641	0.588823	0.738276	0.86249	0.949216	1.00503	1.02843	1.02166	0.96956	0.868829	
-0.473441	-0.572174	-0.647871	-0.694972	-0.719859	-0.725311	-0.706835	-0.67015	-0.604997	-0.515126	-0.409338	-0.301896	-0.187831	-0.046715	0.123357	0.309321	0.508358	0.690972	0.838341	0.937894	0.995252	1.01771	1.00865	0.951891	0.846047	
-0.570666	-0.635795	-0.684148	-0.716779	-0.731962	-0.734121	-0.724656	-0.699976	-0.656831	-0.598451	-0.525759	-0.446335	-0.348416	-0.215648	-0.0392487	0.175343	0.406194	0.61587	0.783197	0.891284	0.951921	0.974946	0.963478	0.90353	0.800432	
-0.631666	-0.656984	-0.677863	-0.695474	-0.703906	-0.705193	-0.699505	-0.686091	-0.665764	-0.641989	-0.611584	-0.561182	-0.482493	-0.367281	-0.198529	0.0213394	0.268374	0.496286	0.677004	0.800764	0.868024	0.898696	0.893681	0.840985	0.747798	
-0.658278	-0.649267	-0.639463	-0.639212	-0.641292	-0.64224	-0.639916	-0.638084	-0.644596	-0.654892	-0.659995	-0.641884	-0.586036	-0.489628	-0.34283	-0.139848	0.0992763	0.325878	0.51377	0.650301	0.732344	0.781179	0.795569	0.767856	0.700256	
-0.658618	-0.62145	-0.579815	-0.55543	-0.550283	-0.550537	-0.552303	-0.567062	-0.604378	-0.644728	-0.6765	-0.685953	-0.656582	-0.581446	-0.461167	-0.2952	-0.0913255	0.115866	0.299783	0.447595	0.551595	0.627815	0.676703	0.691551	0.663011	
-0.641619	-0.58206	-0.513473	-0.468543	-0.45134	-0.450545	-0.458707	-0.491084	-0.554281	-0.619182	-0.668891	-0.695325	-0.689874	-0.643226	-0.554627	-0.435037	-0.283279	-0.11387	0.0549567	0.21258	0.342497	0.454399	0.545252	0.610302	0.63238	
-0.607875	-0.53099	-0.449283	-0.390607	-0.359653	-0.354268	-0.375344	-0.42228	-0.497315	-0.579363	-0.642066	-0.674876	-0.685894	-0.669601	-0.62321	-0.549152	-0.4474	-0.32397	-0.178956	-0.0205647	0.134545	0.282779	0.41125	0.514725	0.581565	
-0.563602	-0.477162	-0.391642	-0.326228	-0.280342	-0.272303	-0.30481	-0.363131	-0.440994	-0.53105	-0.603012	-0.641624	-0.660218	-0.670075	-0.663826	-0.633481	-0.571209	-0.480978	-0.36225	-0.215528	-0.0485526	0.120677	0.276519	0.402314	0.491565	
-0.517731	-0.431919	-0.345493	-0.273942	-0.224632	-0.215708	-0.250864	-0.315146	-0.395806	-0.485733	-0.556588	-0.599201	-0.63043	-0.656762	-0.677194	-0.683773	-0.653775	-0.587785	-0.490319	-0.360653	-0.203546	-0.0318945	0.136869	0.276859	0.380019	
-0.469925	-0.394049	-0.307471	-0.234469	-0.189696	-0.182207	-0.212604	-0.275744	-0.358904	-0.443431	-0.501073	-0.546271	-0.593792	-0.635532	-0.669925	-0.694545	-0.692014	-0.651616	-0.573074	-0.463647	-0.319973	-0.162669	0.00194377	0.14656	0.255998	
-0.428688	-0.363449	-0.286687	-0.219137	-0.176671	-0.169848	-0.198168	-0.257849	-0.332136	-0.406263	-0.456004	-0.499839	-0.554135	-0.605722	-0.644177	-0.675386	-0.686187	-0.670971	-0.623373	-0.539079	-0.419488	-0.283796	-0.134614	0.00267611	0.117699	
-0.387417	-0.338141	-0.28915	-0.241816	-0.203318	-0.195934	-0.22455	-0.270138	-0.317485	-0.369087	-0.412602	-0.452992	-0.497739	-0.54541	-0.591074	-0.630156	-0.653537	-0.660746	-0.646185	-0.600342	-0.515055	-0.403552	-0.270394	-0.139225	-0.0177169	
-0.338141	-0.320421	-0.311342	-0.298992	-0.282333	-0.278131	-0.292152	-0.307533	-0.315396	-0.330083	-0.352381	-0.381314	-0.415862	-0.457768	-0.509343	-0.563235	-0.606792	-0.639997	-0.656792	-0.649277	-0.602181	-0.515181	-0.396249	-0.269395	-0.139053	
-0.28915	-0.311342	-0.339261	-0.366969	-0.384037	-0.387487	-0.374724	-0.351188	-0.322366	-0.296336	-0.284411	-0.297034	-0.32874	-0.37276	-0.424125	-0.487758	-0.553657	-0.617203	-0.665653	-0.686042	-0.668197	-0.603147	-0.500828	-0.3812	-0.242376	
-0.241816	-0.298992	-0.366969	-0.431501	-0.478028	-0.486195	-0.453344	-0.39384	-0.326549	-0.261583	-0.22348	-0.224269	-0.256509	-0.303913	-0.362856	-0.435729	-0.520315	-0.608075	-0.676692	-0.712461	-0.710175	-0.659001	-0.573534	-0.458626	-0.312641	
-0.203318	-0.282333	-0.384037	-0.478028	-0.534946	-0.545416	-0.505873	-0.424198	-0.322127	-0.229242	-0.181812	-0.181341	-0.207777	-0.255958	-0.325416	-0.413722	-0.509867	-0.607395	-0.682988	-0.724743	-0.730354	-0.68928	-0.610099	-0.492835	-0.340491	
-0.195934	-0.278131	-0.387487	-0.486195	-0.545416	-0.555952	-0.515771	-0.430402	-0.321018	-0.222521	-0.17529	-0.173896	-0.199094	-0.246791	-0.318628	-0.411415	-0.50979	-0.607807	-0.685055	-0.726309	-0.735025	-0.695037	-0.616775	-0.497897	-0.343513	
-0.22455	-0.292152	-0.374724	-0.453344	-0.505873	-0.515771	-0.478454	-0.407481	-0.324944	-0.247389	-0.203552	-0.203235	-0.233303	-0.281471	-0.345313	-0.424023	-0.514082	-0.607245	-0.679197	-0.719083	-0.719968	-0.673863	-0.592093	-0.476752	-0.328382	
-0.270138	-0.307533	-0.351188	-0.39384	-0.424198	-0.430402	-0.407481	-0.369386	-0.325012	-0.283056	-0.25885	-0.26523	-0.298024	-0.343294	-0.396119	-0.463266	-0.536414	-0.611712	-0.670348	-0.698631	-0.688535	-0.629018	-0.534542	-0.417735	-0.275734	
-0.317485	-0.315396	-0.322366	-0.326549	-0.322127	-0.321018	-0.324944	-0.325012	-0.317552	-0.31509	-0.324166	-0.347072	-0.380047	-0.422062	-0.47374	-0.532352	-0.58542	-0.630296	-0.660134	-0.6651	-0.630805	-0.553581	-0.441082	-0.316608	-0.183316	
-0.369087	-0.330083	-0.296336	-0.261583	-0.229242	-0.222521	-0.247389	-0.283056	-0.31509	-0.353897	-0.391343	-0.428054	-0.468193	-0.512309	-0.560707	-0.605387	-0.635716	-0.653246	-0.650447	-0.621027	-0.552123	-0.45085	-0.323533	-0.192842	-0.0675373	
-0.412602	-0.352381	-0.284411	-0.22348	-0.181812	-0.17529	-0.203552	-0.25885	-0.324166	-0.391343	-0.439335	-0.481959	-0.533863	-0.586006	-0.627075	-0.660941	-0.67591	-0.669588	-0.635359	-0.564954	-0.457619	-0.33181	-0.189037	-0.0548094	0.0618268	
-0.452992	-0.381314	-0.297034	-0.224269	-0.181341	-0.173896	-0.203235	-0.26523	-0.347072	-0.428054	-0.481959	-0.526726	-0.579017	-0.625703	-0.66257	-0.689956	-0.694112	-0.663893	-0.597312	-0.496644	-0.36118	-0.210913	-0.052423	0.0895837	0.201402	
-0.497739	-0.415862	-0.32874	-0.256509	-0.207777	-0.199094	-0.233303	-0.298024	-0.380047	-0.468193	-0.533863	-0.579017	-0.616524	-0.648949	-0.67618	-0.692467	-0.674597	-0.618548	-0.527526	-0.406212	-0.253443	-0.0867485	0.0826714	0.225775	0.332333	
-0.54541	-0.457768	-0.37276	-0.303913	-0.255958	-0.246791	-0.281471	-0.343294	-0.422062	-0.512309	-0.586006	-0.625703	-0.648949	-0.665819	-0.671823	-0.658177	-0.610182	-0.529526	-0.420389	-0.279058	-0.115528	0.0573027	0.220271	0.35317	0.44892	
-0.591074	-0.509343	-0.424125	-0.362856	-0.325416	-0.318628	-0.345313	-0.396119	-0.47374	-0.560707	-0.627075	-0.66257	-0.67618	-0.671823	-0.642672	-0.585706	-0.501432	-0.393275	-0.258703	-0.10411	0.0586483	0.216938	0.358494	0.471797	0.549781	
-0.630156	-0.563235	-0.487758	-0.435729	-0.413722	-0.411415	-0.424023	-0.463266	-0.532352	-0.605387	-0.660941	-0.689956	-0.692467	-0.658177	-0.585706	-0.484625	-0.353528	-0.203221	-0.0434954	0.116236	0.256962	0.384746	0.491229	0.573786	0.615829	
-0.653537	-0.606792	-0.553657	-0.520315	-0.509867	-0.50979	-0.514082	-0.536414	-0.58542	-0.635716	-0.67591	-0.694112	-0.674597	-0.610182	-0.501432	-0.353528	-0.169567	0.0248525	0.203789	0.356325	0.470507	0.559692	0.62547	0.66039	0.651431	
-0.660746	-0.639997	-0.617203	-0.608075	-0.607395	-0.607807	-0.607245	-0.611712	-0.630296	-0.653246	-0.669588	-0.663893	-0.618548	-0.529526	-0.393275	-0.203221	0.0248525	0.245367	0.433817	0.574516	0.664273	0.723321	0.749773	0.737433	0.683949	
-0.646185	-0.656792	-0.665653	-0.676692	-0.682988	-0.685055	-0.679197	-0.670348	-0.660134	-0.650447	-0.635359	-0.597312	-0.527526	-0.420389	-0.258703	-0.0434954	0.203789	0.433817	0.618501	0.747635	0.820559	0.856981	0.858002	0.812801	0.727314	
-0.600342	-0.649277	-0.686042	-0.712461	-0.724743	-0.726309	-0.719083	-0.698631	-0.6651	-0.621027	-0.564954	-0.496644	-0.406212	-0.279058	-0.10411	0.116236	0.356325	0.574516	0.747635	0.861275	0.923267	0.948949	0.938071	0.879584	0.779799	
-0.515055	-0.602181	-0.668197	-0.710175	-0.730354	-0.735025	-0.719968	-0.688535	-0.630805	-0.552123	-0.457619	-0.36118	-0.253443	-0.115528	0.0586483	0.256962	0.470507	0.664273	0.820559	0.923267	0.982863	1.0045	0.994349	0.936053	0.829685	
-0.403552	-0.515181	-0.603147	-0.659001	-0.68928	-0.695037	-0.673863	-0.629018	-0.553581	-0.45085	-0.33181	-0.210913	-0.0867485	0.0573027	0.216938	0.384746	0.559692	0.723321	0.856981	0.948949	1.0045	1.02769	1.02015	0.967207	0.863148	
-0.270394	-0.396249	-0.500828	-0.573534	-0.610099	-0.616775	-0.592093	-0.534542	-0.441082	-0.323533	-0.189037	-0.052423	0.0826714	0.220271	0.358494	0.491229	0.62547	0.749773	0.858002	0.938071	0.994349	1.02015	1.01309	0.960038	0.867076	
-0.139225	-0.269395	-0.3812	-0.458626	-0.492835	-0.497897	-0.476752	-0.417735	-0.316608	-0.192842	-0.0548094	0.0895837	0.225775	0.35317	0.471797	0.573786	0.66039	0.737433	0.812801	0.879584	0.936053	0.967207	0.960038	0.917877	0.846125	
-0.0177169	-0.139053	-0.242376	-0.312641	-0.340491	-0.343513	-0.328382	-0.275734	-0.183316	-0.0675373	0.0618268	0.201402	0.332333	0.44892	0.549781	0.615829	0.651431	0.683949	0.727314	0.779799	0.829685	0.863148	0.867076	0.846125	0.805477	
