0.158862	0.114003	0.0651532	0.0308846	0.0140153	0.0115804	0.0221448	0.0488492	0.0936697	0.143364	0.17571	0.183172	0.159295	0.103687	0.0239302	-0.051258	-0.108826	-0.157785	-0.20454	-0.234656	-0.21186	-0.128959	0.000767174	0.156469	0.337962	
0.365735	0.321372	0.274469	0.245359	0.232944	0.2324	0.237985	0.260497	0.301602	0.349933	0.38293	0.39256	0.374769	0.323607	0.252429	0.172445	0.0955614	0.016518	-0.0664688	-0.133535	-0.149004	-0.100438	-0.00733062	0.120258	0.292293	
0.524604	0.484983	0.443733	0.419544	0.413373	0.415101	0.415003	0.432089	0.467082	0.509973	0.539667	0.550899	0.541356	0.500234	0.439023	0.361062	0.276204	0.173742	0.060755	-0.0379861	-0.084728	-0.070413	-0.00838495	0.094752	0.24444	
0.616273	0.590034	0.565597	0.551357	0.551053	0.551256	0.550238	0.557795	0.579554	0.606477	0.629092	0.641424	0.642841	0.625585	0.580212	0.503817	0.409217	0.295495	0.168325	0.053961	-0.0146588	-0.0278391	-0.00156201	0.070821	0.192397	
0.643175	0.636441	0.630874	0.628954	0.635049	0.636829	0.630617	0.629053	0.634208	0.640071	0.649043	0.661279	0.677908	0.687301	0.663288	0.597362	0.499185	0.379322	0.255876	0.147142	0.068285	0.0240559	0.0131074	0.0472658	0.131026	
0.614197	0.621373	0.631316	0.639571	0.648826	0.652288	0.643084	0.635007	0.625448	0.615899	0.614239	0.624087	0.652092	0.68147	0.678069	0.631171	0.549167	0.443934	0.338998	0.245319	0.159304	0.0868473	0.0375692	0.0246718	0.0648777	
0.538268	0.550858	0.567479	0.577196	0.583947	0.584754	0.580697	0.571848	0.557908	0.542308	0.536544	0.547436	0.579667	0.623485	0.636649	0.61766	0.569975	0.500297	0.424662	0.348017	0.257478	0.160355	0.0754203	0.0223209	0.0235928	
0.432456	0.440368	0.451791	0.456483	0.456686	0.45841	0.456069	0.454936	0.445417	0.434661	0.431828	0.446264	0.484264	0.537152	0.572963	0.583534	0.569137	0.534838	0.494661	0.436462	0.345648	0.237386	0.139278	0.0572167	0.0178992	
0.312924	0.313692	0.317081	0.315425	0.310485	0.31109	0.313054	0.317208	0.315321	0.312195	0.319315	0.344772	0.390848	0.450464	0.499863	0.531575	0.542691	0.533671	0.517747	0.481109	0.406831	0.300772	0.197527	0.106415	0.0466285	
0.209317	0.193671	0.188951	0.185073	0.181042	0.182891	0.182049	0.188091	0.191022	0.201098	0.224256	0.258389	0.304516	0.356344	0.412436	0.453483	0.484808	0.49657	0.496337	0.477904	0.425423	0.340109	0.239284	0.152865	0.0881708	
0.126626	0.095066	0.0756568	0.0650874	0.0647082	0.0657065	0.0640269	0.0702488	0.0858669	0.112492	0.149752	0.18655	0.217658	0.257359	0.311351	0.364461	0.411527	0.443273	0.457151	0.448494	0.414779	0.35807	0.275788	0.196555	0.128468	
0.0538525	0.0194246	-0.00883733	-0.0284044	-0.035817	-0.0369761	-0.0329548	-0.0181052	0.00763644	0.039492	0.0762525	0.106314	0.124161	0.152902	0.197118	0.256194	0.316983	0.368463	0.403485	0.414554	0.40399	0.365883	0.310609	0.250623	0.188357	
-0.0140263	-0.0496749	-0.0798953	-0.0990269	-0.106825	-0.106994	-0.103706	-0.0887215	-0.0631186	-0.0282557	0.00513649	0.0215219	0.0266467	0.0463359	0.0894773	0.150768	0.217698	0.280335	0.334616	0.375394	0.392925	0.37631	0.343568	0.30361	0.260166	
-0.0727576	-0.104504	-0.130252	-0.137119	-0.133746	-0.130839	-0.137025	-0.134478	-0.117391	-0.084907	-0.0605846	-0.0583882	-0.0630407	-0.0510249	-0.0102156	0.0494847	0.122324	0.192471	0.257197	0.314134	0.358011	0.378241	0.371578	0.352262	0.3351	
-0.119578	-0.133807	-0.142897	-0.140249	-0.137165	-0.135866	-0.139915	-0.142044	-0.139068	-0.124362	-0.117628	-0.124122	-0.132353	-0.127355	-0.0927094	-0.0405746	0.0248462	0.0930995	0.169542	0.241406	0.300611	0.353686	0.384487	0.392457	0.392325	
-0.144899	-0.145444	-0.1488	-0.143862	-0.141032	-0.141531	-0.14164	-0.147832	-0.147272	-0.143331	-0.151906	-0.168138	-0.176781	-0.169857	-0.146459	-0.110321	-0.0672882	-0.00339145	0.081589	0.164259	0.237777	0.307867	0.368393	0.403933	0.427625	
-0.155911	-0.15798	-0.164833	-0.159734	-0.151321	-0.152334	-0.153831	-0.165201	-0.161091	-0.154145	-0.162732	-0.181041	-0.192669	-0.192439	-0.179538	-0.15615	-0.133342	-0.0832555	-0.0058124	0.0813874	0.166984	0.248859	0.325966	0.389109	0.439913	
-0.167943	-0.169721	-0.174004	-0.172164	-0.170854	-0.172536	-0.17062	-0.173806	-0.172168	-0.167602	-0.171364	-0.180404	-0.1889	-0.194144	-0.189869	-0.18402	-0.179235	-0.144625	-0.0839981	-0.00658733	0.0847168	0.182534	0.270796	0.353034	0.428128	
-0.181649	-0.180861	-0.184414	-0.185477	-0.187899	-0.189689	-0.187036	-0.184112	-0.18213	-0.181137	-0.183856	-0.183723	-0.181705	-0.180009	-0.179835	-0.189887	-0.202358	-0.184866	-0.139655	-0.0770218	0.0111473	0.111687	0.205615	0.300175	0.39363	
-0.192753	-0.199011	-0.205774	-0.204091	-0.199894	-0.200169	-0.201815	-0.205695	-0.202802	-0.194946	-0.191426	-0.185873	-0.175758	-0.166761	-0.165877	-0.174775	-0.192856	-0.192535	-0.165193	-0.118869	-0.0496346	0.0400216	0.13753	0.238241	0.345468	
-0.202526	-0.211986	-0.213115	-0.206275	-0.205848	-0.208717	-0.203815	-0.211376	-0.2141	-0.206274	-0.196845	-0.189266	-0.1746	-0.162309	-0.16134	-0.162488	-0.176763	-0.186822	-0.178788	-0.148893	-0.100687	-0.0259589	0.0714183	0.174639	0.289172	
-0.207465	-0.210544	-0.204959	-0.198825	-0.201972	-0.206613	-0.197787	-0.202651	-0.2089	-0.209078	-0.203336	-0.193004	-0.178034	-0.167108	-0.164261	-0.161372	-0.172885	-0.18935	-0.195136	-0.175543	-0.137164	-0.0724356	0.0199631	0.125108	0.234874	
-0.205937	-0.202511	-0.200614	-0.19598	-0.189911	-0.18838	-0.193278	-0.199442	-0.201466	-0.204752	-0.206739	-0.198118	-0.184459	-0.174842	-0.169144	-0.169169	-0.178622	-0.187093	-0.194271	-0.186908	-0.153722	-0.0930166	-0.00817352	0.0925615	0.194285	
-0.208696	-0.200794	-0.194484	-0.189273	-0.183011	-0.181876	-0.186503	-0.192577	-0.19786	-0.205739	-0.209225	-0.20208	-0.194536	-0.190307	-0.185919	-0.181684	-0.182322	-0.182812	-0.186851	-0.183091	-0.149038	-0.089222	-0.0114196	0.0774459	0.166327	
-0.209278	-0.203218	-0.191599	-0.185244	-0.189977	-0.192223	-0.186357	-0.18713	-0.199081	-0.207995	-0.209568	-0.208621	-0.206192	-0.201838	-0.196413	-0.191327	-0.187092	-0.179134	-0.171304	-0.164332	-0.138913	-0.0839167	-0.0146505	0.0587438	0.135893	
-0.206139	-0.198754	-0.19229	-0.190984	-0.194768	-0.196765	-0.192099	-0.190755	-0.195592	-0.203572	-0.208487	-0.209567	-0.206621	-0.206236	-0.205626	-0.197457	-0.185897	-0.17356	-0.160539	-0.14962	-0.132362	-0.0938504	-0.038338	0.0260595	0.0965861	
-0.198754	-0.187828	-0.185036	-0.191063	-0.192053	-0.190721	-0.192337	-0.187677	-0.185366	-0.194388	-0.202858	-0.201611	-0.200887	-0.207458	-0.212627	-0.205987	-0.187382	-0.173622	-0.163036	-0.150472	-0.139194	-0.119137	-0.074485	-0.00850743	0.0629959	
-0.19229	-0.185036	-0.178149	-0.184419	-0.192881	-0.192321	-0.188835	-0.179708	-0.181152	-0.190369	-0.191976	-0.192386	-0.198048	-0.203555	-0.209489	-0.211516	-0.192762	-0.176591	-0.169886	-0.15542	-0.143811	-0.138788	-0.104766	-0.0383124	0.038764	
-0.190984	-0.191063	-0.184419	-0.189658	-0.201518	-0.203036	-0.195074	-0.18451	-0.188141	-0.192741	-0.187437	-0.186194	-0.193635	-0.198061	-0.202656	-0.207864	-0.193049	-0.176862	-0.165241	-0.149661	-0.14001	-0.141117	-0.119109	-0.0591476	0.0241302	
-0.194768	-0.192053	-0.192881	-0.201518	-0.208552	-0.208274	-0.205702	-0.195242	-0.1913	-0.194307	-0.192473	-0.185048	-0.185628	-0.197923	-0.205048	-0.203872	-0.192815	-0.178611	-0.158529	-0.143351	-0.138473	-0.136114	-0.122177	-0.0695026	0.0216808	
-0.196765	-0.190721	-0.192321	-0.203036	-0.208274	-0.207913	-0.206447	-0.195925	-0.189903	-0.19452	-0.195299	-0.185105	-0.183557	-0.200191	-0.209716	-0.204703	-0.193192	-0.180966	-0.159874	-0.1443	-0.137557	-0.133666	-0.120809	-0.0706496	0.0214401	
-0.192099	-0.192337	-0.188835	-0.195074	-0.205702	-0.206447	-0.200009	-0.189697	-0.190658	-0.193559	-0.188566	-0.185253	-0.190469	-0.196546	-0.201051	-0.20487	-0.193367	-0.177441	-0.160637	-0.145091	-0.139521	-0.140324	-0.121881	-0.0647407	0.022142	
-0.190755	-0.187677	-0.179708	-0.18451	-0.195242	-0.195925	-0.189697	-0.180086	-0.183592	-0.190834	-0.188567	-0.189361	-0.196917	-0.201373	-0.207173	-0.211336	-0.192942	-0.176318	-0.169727	-0.155015	-0.142477	-0.140804	-0.111884	-0.0477436	0.0315396	
-0.195592	-0.185366	-0.181152	-0.188141	-0.1913	-0.189903	-0.190658	-0.183592	-0.182193	-0.191785	-0.19883	-0.197708	-0.199449	-0.206241	-0.212465	-0.209609	-0.189733	-0.175152	-0.166326	-0.152811	-0.142169	-0.12912	-0.0886776	-0.0212148	0.0524396	
-0.203572	-0.194388	-0.190369	-0.192741	-0.194307	-0.19452	-0.193559	-0.190834	-0.191785	-0.20012	-0.207094	-0.207056	-0.204517	-0.206978	-0.208713	-0.200563	-0.186211	-0.172928	-0.159829	-0.147501	-0.133971	-0.103509	-0.0522773	0.0117491	0.0819138	
-0.208487	-0.202858	-0.191976	-0.187437	-0.192473	-0.195299	-0.188566	-0.188567	-0.19883	-0.207094	-0.209403	-0.209662	-0.20818	-0.204369	-0.200132	-0.193608	-0.186832	-0.176836	-0.165566	-0.157199	-0.135009	-0.0858807	-0.020906	0.0471806	0.119964	
-0.209567	-0.201611	-0.192386	-0.186194	-0.185048	-0.185105	-0.185253	-0.189361	-0.197708	-0.207056	-0.209662	-0.205008	-0.199565	-0.195316	-0.190781	-0.186605	-0.185216	-0.18128	-0.181033	-0.176469	-0.145895	-0.086152	-0.0114269	0.0715802	0.155918	
-0.206621	-0.200887	-0.198048	-0.193635	-0.185628	-0.183557	-0.190469	-0.196917	-0.199449	-0.204517	-0.20818	-0.199565	-0.187826	-0.180667	-0.175769	-0.174127	-0.179677	-0.185592	-0.192111	-0.187529	-0.152918	-0.0929238	-0.0113201	0.0849397	0.181908	
-0.206236	-0.207458	-0.203555	-0.198061	-0.197923	-0.200191	-0.196546	-0.201373	-0.206241	-0.206978	-0.204369	-0.195316	-0.180667	-0.169146	-0.164047	-0.163071	-0.174699	-0.188969	-0.195903	-0.181142	-0.147578	-0.0849303	0.00514674	0.110308	0.216825	
-0.205626	-0.212627	-0.209489	-0.202656	-0.205048	-0.209716	-0.201051	-0.207173	-0.212465	-0.208713	-0.200132	-0.190781	-0.175769	-0.164047	-0.16354	-0.161691	-0.173953	-0.187578	-0.186839	-0.161622	-0.117029	-0.0471187	0.0491281	0.152836	0.26622	
-0.197457	-0.205987	-0.211516	-0.207864	-0.203872	-0.204703	-0.20487	-0.211336	-0.209609	-0.200563	-0.193608	-0.186605	-0.174127	-0.163071	-0.161691	-0.168025	-0.18536	-0.18928	-0.16979	-0.130816	-0.0718733	0.0117867	0.109812	0.212439	0.323159	
-0.185897	-0.187382	-0.192762	-0.193049	-0.192815	-0.193192	-0.193367	-0.192942	-0.189733	-0.186211	-0.186832	-0.185216	-0.179677	-0.174699	-0.173953	-0.18536	-0.202051	-0.191926	-0.153755	-0.0969533	-0.0144005	0.0837979	0.179138	0.276518	0.376315	
-0.17356	-0.173622	-0.176591	-0.176862	-0.178611	-0.180966	-0.177441	-0.176318	-0.175152	-0.172928	-0.176836	-0.18128	-0.185592	-0.188969	-0.187578	-0.18928	-0.191926	-0.164534	-0.109214	-0.0378932	0.053194	0.153732	0.245592	0.333802	0.416602	
-0.160539	-0.163036	-0.169886	-0.165241	-0.158529	-0.159874	-0.160637	-0.169727	-0.166326	-0.159829	-0.165566	-0.181033	-0.192111	-0.195903	-0.186839	-0.16979	-0.153755	-0.109214	-0.0387662	0.0460942	0.133997	0.223415	0.304932	0.377167	0.438249	
-0.14962	-0.150472	-0.15542	-0.149661	-0.143351	-0.1443	-0.145091	-0.155015	-0.152811	-0.147501	-0.157199	-0.176469	-0.187529	-0.181142	-0.161622	-0.130816	-0.0969533	-0.0378932	0.0460942	0.131606	0.211715	0.285533	0.353411	0.400487	0.435175	
-0.132362	-0.139194	-0.143811	-0.14001	-0.138473	-0.137557	-0.139521	-0.142477	-0.142169	-0.133971	-0.135009	-0.145895	-0.152918	-0.147578	-0.117029	-0.0718733	-0.0144005	0.053194	0.133997	0.211715	0.275388	0.337143	0.381774	0.40154	0.409393	
-0.0938504	-0.119137	-0.138788	-0.141117	-0.136114	-0.133666	-0.140324	-0.140804	-0.12912	-0.103509	-0.0858807	-0.086152	-0.0929238	-0.0849303	-0.0471187	0.0117867	0.0837979	0.153732	0.223415	0.285533	0.337143	0.371796	0.379747	0.370106	0.360689	
-0.038338	-0.074485	-0.104766	-0.119109	-0.122177	-0.120809	-0.121881	-0.111884	-0.0886776	-0.0522773	-0.020906	-0.0114269	-0.0113201	0.00514674	0.0491281	0.109812	0.179138	0.245592	0.304932	0.353411	0.381774	0.379747	0.356074	0.323555	0.290256	
0.0260595	-0.00850743	-0.0383124	-0.0591476	-0.0695026	-0.0706496	-0.0647407	-0.0477436	-0.0212148	0.0117491	0.0471806	0.0715802	0.0849397	0.110308	0.152836	0.212439	0.276518	0.333802	0.377167	0.400487	0.40154	0.370106	0.323555	0.272398	0.21711	
0.0965861	0.0629959	0.038764	0.0241302	0.0216808	0.0214401	0.022142	0.0315396	0.0524396	0.0819138	0.119964	0.155918	0.181908	0.216825	0.26622	0.323159	0.376315	0.416602	0.438249	0.435175	0.409393	0.360689	0.290256	0.21711	0.149027	
