0.655359	0.515253	0.337455	0.146395	-0.0306854	-0.177975	-0.286319	-0.354531	-0.39028	-0.393991	-0.370995	-0.343439	-0.300266	-0.248921	-0.199736	-0.167221	-0.157694	-0.183203	-0.263315	-0.378892	-0.488295	-0.569134	-0.62253	-0.660158	-0.695715	
0.515253	0.394529	0.242219	0.0715557	-0.0912317	-0.227244	-0.32923	-0.395396	-0.431089	-0.437118	-0.422501	-0.403585	-0.364098	-0.307797	-0.254118	-0.215808	-0.191465	-0.193469	-0.23867	-0.311974	-0.380512	-0.434867	-0.473817	-0.509717	-0.555813	
0.337455	0.242219	0.124293	-0.0154416	-0.151726	-0.266053	-0.348648	-0.400713	-0.430897	-0.437291	-0.434204	-0.423408	-0.387284	-0.337722	-0.291789	-0.249598	-0.217887	-0.206792	-0.221282	-0.252845	-0.289446	-0.323304	-0.353287	-0.390643	-0.448195	
0.146395	0.0715557	-0.0154416	-0.122385	-0.222918	-0.300765	-0.349347	-0.372708	-0.384066	-0.387433	-0.397148	-0.395261	-0.372282	-0.343482	-0.309068	-0.265458	-0.231528	-0.21273	-0.207447	-0.212632	-0.227251	-0.24928	-0.274905	-0.312062	-0.38544	
-0.0306854	-0.0912317	-0.151726	-0.222918	-0.284208	-0.322899	-0.332586	-0.319394	-0.302769	-0.296226	-0.310942	-0.318994	-0.316238	-0.312525	-0.294926	-0.26161	-0.232834	-0.214607	-0.200199	-0.190665	-0.193577	-0.204623	-0.22934	-0.277819	-0.362789	
-0.177975	-0.227244	-0.266053	-0.300765	-0.322899	-0.319511	-0.280681	-0.221346	-0.173658	-0.151986	-0.165791	-0.193332	-0.218577	-0.239509	-0.244948	-0.234709	-0.221495	-0.209522	-0.195402	-0.180182	-0.170705	-0.171327	-0.198032	-0.260385	-0.354833	
-0.286319	-0.32923	-0.348648	-0.349347	-0.332586	-0.280681	-0.187855	-0.0893462	-0.0100573	0.0343022	0.0233718	-0.0251071	-0.0775336	-0.123602	-0.15721	-0.178098	-0.189787	-0.188547	-0.179596	-0.163789	-0.145275	-0.140877	-0.176108	-0.249706	-0.350027	
-0.354531	-0.395396	-0.400713	-0.372708	-0.319394	-0.221346	-0.0893462	0.0429463	0.154729	0.221902	0.223098	0.164325	0.0910073	0.0206882	-0.044975	-0.101583	-0.137576	-0.152573	-0.150925	-0.13611	-0.118373	-0.122474	-0.165069	-0.246224	-0.349542	
-0.39028	-0.431089	-0.430897	-0.384066	-0.302769	-0.173658	-0.0100573	0.154729	0.292664	0.379866	0.398323	0.346511	0.261821	0.168799	0.0745085	-0.00677074	-0.0670664	-0.101523	-0.109517	-0.101551	-0.0946429	-0.110416	-0.156704	-0.237553	-0.34274	
-0.393991	-0.437118	-0.437291	-0.387433	-0.296226	-0.151986	0.0343022	0.221902	0.379866	0.487807	0.532834	0.49884	0.40854	0.298538	0.192779	0.100913	0.0245485	-0.0242208	-0.0446328	-0.0522849	-0.059624	-0.0893714	-0.144746	-0.22858	-0.342514	
-0.370995	-0.422501	-0.434204	-0.397148	-0.310942	-0.165791	0.0233718	0.223098	0.398323	0.532834	0.60424	0.585242	0.495759	0.390391	0.293432	0.205539	0.133266	0.0795015	0.0391227	0.0107124	-0.0164993	-0.0616036	-0.132877	-0.230958	-0.353605	
-0.343439	-0.403585	-0.423408	-0.395261	-0.318994	-0.193332	-0.0251071	0.164325	0.346511	0.49884	0.585242	0.583127	0.52208	0.443415	0.368459	0.300479	0.24658	0.197499	0.142627	0.0896156	0.0436808	-0.0233233	-0.119656	-0.23598	-0.365862	
-0.300266	-0.364098	-0.387284	-0.372282	-0.316238	-0.218577	-0.0775336	0.0910073	0.261821	0.40854	0.495759	0.52208	0.50605	0.469049	0.428079	0.390084	0.360115	0.321267	0.259595	0.194772	0.122227	0.028451	-0.092758	-0.223033	-0.357843	
-0.248921	-0.307797	-0.337722	-0.343482	-0.312525	-0.239509	-0.123602	0.0206882	0.168799	0.298538	0.390391	0.443415	0.469049	0.469884	0.469875	0.461448	0.449145	0.422157	0.370963	0.302115	0.20594	0.0823061	-0.0549172	-0.194192	-0.333802	
-0.199736	-0.254118	-0.291789	-0.309068	-0.294926	-0.244948	-0.15721	-0.044975	0.0745085	0.192779	0.293432	0.368459	0.428079	0.469875	0.505837	0.522951	0.521173	0.500897	0.458932	0.385085	0.26595	0.126682	-0.0138978	-0.155553	-0.292573	
-0.167221	-0.215808	-0.249598	-0.265458	-0.26161	-0.234709	-0.178098	-0.101583	-0.00677074	0.100913	0.205539	0.300479	0.390084	0.461448	0.522951	0.563324	0.579465	0.572561	0.532764	0.449931	0.317941	0.168472	0.0251082	-0.1118	-0.243745	
-0.157694	-0.191465	-0.217887	-0.231528	-0.232834	-0.221495	-0.189787	-0.137576	-0.0670664	0.0245485	0.133266	0.24658	0.360115	0.449145	0.521173	0.579465	0.618436	0.621842	0.585851	0.504361	0.372031	0.217774	0.0744936	-0.0551806	-0.171891	
-0.183203	-0.193469	-0.206792	-0.21273	-0.214607	-0.209522	-0.188547	-0.152573	-0.101523	-0.0242208	0.0795015	0.197499	0.321267	0.422157	0.500897	0.572561	0.621842	0.634884	0.613413	0.544873	0.421629	0.269365	0.128941	0.0118135	-0.0876661	
-0.263315	-0.23867	-0.221282	-0.207447	-0.200199	-0.195402	-0.179596	-0.150925	-0.109517	-0.0446328	0.0391227	0.142627	0.259595	0.370963	0.458932	0.532764	0.585851	0.613413	0.610673	0.557352	0.445412	0.30536	0.178931	0.079587	-0.00050115	
-0.378892	-0.311974	-0.252845	-0.212632	-0.190665	-0.180182	-0.163789	-0.13611	-0.101551	-0.0522849	0.0107124	0.0896156	0.194772	0.302115	0.385085	0.449931	0.504361	0.544873	0.557352	0.515002	0.421778	0.310427	0.218091	0.149936	0.103483	
-0.488295	-0.380512	-0.289446	-0.227251	-0.193577	-0.170705	-0.145275	-0.118373	-0.0946429	-0.059624	-0.0164993	0.0436808	0.122227	0.20594	0.26595	0.317941	0.372031	0.421629	0.445412	0.421778	0.356736	0.28424	0.236633	0.221668	0.227864	
-0.569134	-0.434867	-0.323304	-0.24928	-0.204623	-0.171327	-0.140877	-0.122474	-0.110416	-0.0893714	-0.0616036	-0.0233233	0.028451	0.0823061	0.126682	0.168472	0.217774	0.269365	0.30536	0.310427	0.28424	0.251917	0.253837	0.303014	0.373937	
-0.62253	-0.473817	-0.353287	-0.274905	-0.22934	-0.198032	-0.176108	-0.165069	-0.156704	-0.144746	-0.132877	-0.119656	-0.092758	-0.0549172	-0.0138978	0.0251082	0.0744936	0.128941	0.178931	0.218091	0.236633	0.253837	0.308606	0.412652	0.542393	
-0.660158	-0.509717	-0.390643	-0.312062	-0.277819	-0.260385	-0.249706	-0.246224	-0.237553	-0.22858	-0.230958	-0.23598	-0.223033	-0.194192	-0.155553	-0.1118	-0.0551806	0.0118135	0.079587	0.149936	0.221668	0.303014	0.412652	0.558784	0.723014	
-0.695715	-0.555813	-0.448195	-0.38544	-0.362789	-0.354833	-0.350027	-0.349542	-0.34274	-0.342514	-0.353605	-0.365862	-0.357843	-0.333802	-0.292573	-0.243745	-0.171891	-0.0876661	-0.00050115	0.103483	0.227864	0.373937	0.542393	0.723014	0.908956	
-0.732549	-0.609692	-0.519969	-0.47309	-0.463682	-0.461626	-0.457799	-0.459473	-0.46217	-0.474222	-0.493739	-0.511548	-0.502832	-0.475307	-0.427092	-0.366032	-0.283592	-0.184091	-0.0691214	0.074249	0.246227	0.44463	0.661723	0.877747	1.08204	
-0.769667	-0.664451	-0.591785	-0.556066	-0.554575	-0.557822	-0.557124	-0.563513	-0.579098	-0.604568	-0.635475	-0.656542	-0.649172	-0.612228	-0.551334	-0.476776	-0.387352	-0.277477	-0.132433	0.0550187	0.274445	0.516211	0.771894	1.01991	1.24122	
-0.790623	-0.706624	-0.646572	-0.620757	-0.618069	-0.626009	-0.63278	-0.649218	-0.680574	-0.721163	-0.760189	-0.786435	-0.777316	-0.7343	-0.658889	-0.56836	-0.467184	-0.345859	-0.17784	0.0481554	0.311691	0.59434	0.88249	1.14932	1.37882	
-0.797783	-0.732659	-0.68866	-0.662812	-0.654755	-0.663157	-0.680653	-0.710474	-0.76066	-0.81409	-0.860613	-0.885551	-0.875344	-0.824116	-0.740698	-0.632315	-0.513947	-0.377631	-0.19124	0.0584339	0.355592	0.675124	0.986977	1.26165	1.48648	
-0.796938	-0.745189	-0.710017	-0.684025	-0.669345	-0.678361	-0.702864	-0.743126	-0.806423	-0.869422	-0.920498	-0.945353	-0.930319	-0.873297	-0.784002	-0.664393	-0.531862	-0.38264	-0.185267	0.0752587	0.389933	0.732594	1.06178	1.33856	1.55495	
-0.797034	-0.747384	-0.711947	-0.687762	-0.670493	-0.679129	-0.705841	-0.748511	-0.813391	-0.879	-0.931499	-0.955446	-0.939671	-0.88203	-0.789962	-0.669626	-0.534291	-0.381471	-0.183002	0.0797463	0.397114	0.743304	1.07602	1.35273	1.56724	
-0.797695	-0.739453	-0.700018	-0.672947	-0.662427	-0.671204	-0.692129	-0.727007	-0.78379	-0.841413	-0.889432	-0.914938	-0.902681	-0.848371	-0.762944	-0.648276	-0.523818	-0.381854	-0.189871	0.0652837	0.371317	0.702541	1.02217	1.29864	1.51969	
-0.795147	-0.718916	-0.665857	-0.640922	-0.636655	-0.644227	-0.655423	-0.676872	-0.715856	-0.762076	-0.804294	-0.829634	-0.821652	-0.775081	-0.695903	-0.598091	-0.490049	-0.363264	-0.187263	0.0502356	0.329255	0.627503	0.925737	1.19659	1.42576	
-0.779526	-0.683178	-0.61437	-0.583936	-0.583066	-0.58856	-0.590271	-0.600239	-0.621725	-0.653861	-0.687609	-0.711664	-0.702675	-0.663602	-0.596296	-0.51546	-0.422927	-0.30863	-0.154121	0.050149	0.288231	0.546499	0.815798	1.07337	1.29911	
-0.749144	-0.632818	-0.550876	-0.507986	-0.502701	-0.502673	-0.499889	-0.502643	-0.50994	-0.52743	-0.551992	-0.570484	-0.563113	-0.530778	-0.478661	-0.412753	-0.327053	-0.222868	-0.0949288	0.0658871	0.256574	0.47316	0.706537	0.93627	1.14796	
-0.709278	-0.576385	-0.475299	-0.41943	-0.402451	-0.397236	-0.39319	-0.393607	-0.389934	-0.39422	-0.408138	-0.423398	-0.414202	-0.389853	-0.346453	-0.293575	-0.217004	-0.12592	-0.0284769	0.0897005	0.233581	0.402021	0.592109	0.786872	0.979959	
-0.675191	-0.527266	-0.411397	-0.338582	-0.308278	-0.295435	-0.287807	-0.286119	-0.27727	-0.271168	-0.277301	-0.285716	-0.276037	-0.250402	-0.210806	-0.165735	-0.103293	-0.0292671	0.0455998	0.129134	0.222826	0.330723	0.463956	0.623864	0.797624	
-0.63817	-0.487045	-0.366233	-0.285716	-0.244498	-0.218768	-0.200899	-0.193058	-0.185192	-0.174413	-0.168627	-0.164524	-0.144608	-0.110615	-0.0708508	-0.02946	0.0219298	0.0788424	0.135962	0.187973	0.227204	0.268834	0.344907	0.466853	0.613795	
-0.593941	-0.452163	-0.335225	-0.259506	-0.212021	-0.177592	-0.149942	-0.134802	-0.125187	-0.108455	-0.0872687	-0.0583851	-0.0171232	0.027831	0.0706318	0.10996	0.158092	0.210475	0.251432	0.270265	0.261887	0.246811	0.269803	0.342636	0.43888	
-0.523872	-0.403696	-0.303715	-0.235674	-0.197403	-0.169573	-0.140239	-0.116359	-0.0975672	-0.0681865	-0.0310057	0.020224	0.0882662	0.159217	0.210442	0.257779	0.310616	0.361562	0.39048	0.376903	0.325642	0.269346	0.241488	0.252267	0.283741	
-0.425353	-0.340641	-0.267224	-0.217295	-0.190131	-0.174916	-0.155489	-0.127816	-0.0977174	-0.0540924	-4.93876e-05	0.0718595	0.167186	0.267759	0.342318	0.401682	0.45662	0.501938	0.519152	0.482881	0.399267	0.303098	0.228103	0.178502	0.15084	
-0.307606	-0.26654	-0.232219	-0.20791	-0.195821	-0.189388	-0.174853	-0.146556	-0.107296	-0.0484189	0.0270975	0.120062	0.233804	0.34564	0.434455	0.506096	0.559345	0.592546	0.596555	0.547486	0.442443	0.311752	0.196574	0.107725	0.038513	
-0.208613	-0.206428	-0.210549	-0.209743	-0.208169	-0.204467	-0.186002	-0.154134	-0.107661	-0.0351914	0.0617123	0.17644	0.298058	0.404253	0.486919	0.560767	0.61254	0.630241	0.616321	0.555248	0.435853	0.287044	0.149581	0.0381535	-0.053628	
-0.161646	-0.187452	-0.209952	-0.221688	-0.22477	-0.215868	-0.190258	-0.14589	-0.0841922	0.00122692	0.109788	0.227273	0.347364	0.441281	0.515315	0.580273	0.624917	0.631754	0.600121	0.522419	0.393333	0.238671	0.095989	-0.0286695	-0.138671	
-0.161459	-0.204653	-0.235312	-0.250591	-0.248764	-0.229367	-0.184132	-0.118657	-0.0338018	0.0676741	0.174685	0.277479	0.377447	0.456884	0.52391	0.571638	0.597906	0.596452	0.557109	0.472965	0.33952	0.187044	0.0436888	-0.0903505	-0.217708	
-0.183601	-0.236829	-0.273947	-0.290989	-0.282186	-0.24228	-0.166371	-0.0695812	0.0396961	0.154038	0.257292	0.339752	0.412008	0.467919	0.515742	0.542479	0.546574	0.530214	0.490113	0.412074	0.285909	0.142749	0.00138308	-0.139265	-0.274261	
-0.228323	-0.285578	-0.319043	-0.331766	-0.308047	-0.244016	-0.139215	-0.00618179	0.130853	0.254827	0.350696	0.412999	0.452454	0.469625	0.485239	0.487524	0.478875	0.455586	0.40897	0.338775	0.233687	0.101247	-0.0383395	-0.179356	-0.31939	
-0.279811	-0.341974	-0.36773	-0.360734	-0.315107	-0.227597	-0.0964965	0.0627428	0.225305	0.364868	0.452907	0.490293	0.492843	0.471652	0.446573	0.421083	0.39926	0.364819	0.306402	0.23934	0.156663	0.0505851	-0.0784045	-0.213042	-0.349746	
-0.328724	-0.391265	-0.411762	-0.388007	-0.318155	-0.204029	-0.0469823	0.134368	0.314654	0.467553	0.555211	0.56327	0.519733	0.456946	0.394129	0.3373	0.293028	0.247803	0.188945	0.129362	0.0736696	-0.00398364	-0.110559	-0.233105	-0.365292	
-0.360043	-0.416062	-0.43207	-0.398875	-0.316845	-0.176566	0.00591158	0.204244	0.384662	0.52859	0.60784	0.594135	0.511917	0.415243	0.325751	0.244569	0.178366	0.125112	0.0777503	0.038881	0.00443287	-0.0485135	-0.128835	-0.233805	-0.359574	
