-0.452299	-0.547324	-0.600946	-0.622427	-0.627058	-0.626935	-0.625563	-0.612936	-0.573252	-0.495609	-0.374697	-0.209818	-0.0188669	0.171377	0.331443	0.437837	0.486287	0.492382	0.476371	0.4519	0.418356	0.389907	0.376601	0.370554	0.365347	
-0.424454	-0.547487	-0.634097	-0.689799	-0.716073	-0.720305	-0.703013	-0.660635	-0.5862	-0.478388	-0.330465	-0.134533	0.0860739	0.296607	0.465679	0.580172	0.634606	0.643785	0.621792	0.579676	0.523988	0.46235	0.407141	0.350246	0.299734	
-0.338324	-0.487554	-0.603365	-0.687315	-0.736338	-0.744101	-0.712081	-0.640659	-0.537722	-0.40233	-0.231223	-0.0191258	0.211884	0.42095	0.589956	0.704846	0.760291	0.762365	0.726047	0.661137	0.57573	0.476187	0.37052	0.267328	0.179043	
-0.218236	-0.384879	-0.519621	-0.619207	-0.678589	-0.688398	-0.648395	-0.564067	-0.442716	-0.288371	-0.102906	0.113797	0.341835	0.544793	0.705951	0.815034	0.86042	0.844253	0.785534	0.687835	0.565847	0.428357	0.279493	0.133536	0.0100093	
-0.0855809	-0.262851	-0.401204	-0.497307	-0.550216	-0.557784	-0.523733	-0.44454	-0.323101	-0.161003	0.0360128	0.254194	0.473975	0.664676	0.809866	0.901111	0.930791	0.891272	0.798563	0.66438	0.502063	0.322099	0.133086	-0.0474085	-0.19398	
0.0616814	-0.11416	-0.250416	-0.34065	-0.383586	-0.389312	-0.36334	-0.292849	-0.173286	-0.0134118	0.18442	0.398731	0.602785	0.774583	0.898823	0.96845	0.973035	0.908306	0.782661	0.609215	0.400409	0.173465	-0.0521832	-0.253307	-0.405161	
0.234499	0.0579968	-0.077998	-0.164675	-0.209804	-0.214824	-0.188252	-0.11755	-0.00238906	0.15975	0.351965	0.549898	0.733187	0.885658	0.991155	1.0298	1.00447	0.90789	0.747907	0.532693	0.280824	0.0170769	-0.238709	-0.453802	-0.602887	
0.417424	0.247684	0.111143	0.0227103	-0.0245745	-0.0323512	-0.00105956	0.0700031	0.188209	0.346746	0.528624	0.714594	0.88211	1.01405	1.09107	1.09894	1.02927	0.887633	0.68583	0.436975	0.155887	-0.129626	-0.396079	-0.622162	-0.77196	
0.60642	0.442185	0.308882	0.217621	0.164389	0.156048	0.190858	0.268027	0.384673	0.538076	0.711264	0.888774	1.04393	1.15532	1.20369	1.16962	1.05458	0.864209	0.621588	0.344602	0.0419515	-0.260777	-0.528774	-0.752247	-0.903007	
0.787488	0.624941	0.495113	0.397634	0.332964	0.323718	0.36631	0.452466	0.568607	0.720135	0.891732	1.05622	1.18929	1.27821	1.30122	1.22929	1.07863	0.852261	0.575089	0.272049	-0.0427261	-0.348908	-0.614932	-0.825934	-0.967623	
0.931101	0.773178	0.632344	0.518098	0.4484	0.436876	0.48331	0.582369	0.714564	0.866194	1.03052	1.18799	1.3083	1.37353	1.3698	1.27508	1.09896	0.855389	0.56899	0.256915	-0.0573061	-0.357532	-0.617767	-0.820271	-0.952732	
1.02506	0.854697	0.704329	0.585385	0.506689	0.491214	0.547762	0.653007	0.791156	0.955425	1.12763	1.27918	1.38416	1.42464	1.39892	1.29324	1.10613	0.864858	0.594503	0.294439	-0.0109279	-0.292912	-0.535357	-0.724605	-0.853228	
1.0729	0.892779	0.729887	0.605855	0.524697	0.510199	0.566971	0.675934	0.823285	1.00114	1.17477	1.31582	1.41201	1.43628	1.386	1.26723	1.08551	0.862095	0.619614	0.355561	0.0802206	-0.178592	-0.397448	-0.564838	-0.679862	
1.07577	0.890582	0.717407	0.578992	0.498301	0.483684	0.539107	0.656629	0.818634	1.00219	1.17885	1.31309	1.39064	1.40729	1.34922	1.2243	1.05331	0.858876	0.652778	0.43472	0.206764	-0.0167007	-0.209268	-0.350858	-0.446444	
1.04723	0.857501	0.671375	0.51835	0.435218	0.422036	0.475979	0.603913	0.781919	0.972296	1.15069	1.28091	1.34607	1.35409	1.29442	1.17842	1.02639	0.869424	0.707137	0.536233	0.355862	0.180285	0.0261881	-0.0926583	-0.165333	
1.01045	0.814249	0.617512	0.458964	0.368193	0.353161	0.413198	0.547818	0.733373	0.934807	1.10988	1.23026	1.2896	1.29441	1.24256	1.14319	1.01557	0.888403	0.766931	0.642917	0.515839	0.39089	0.282131	0.197079	0.14188	
0.966437	0.774703	0.576519	0.415218	0.315518	0.297284	0.366418	0.506191	0.69342	0.894366	1.05974	1.17618	1.24056	1.24707	1.20622	1.13109	1.03042	0.926493	0.833446	0.749226	0.670724	0.593903	0.534343	0.492504	0.455973	
0.915546	0.726119	0.532907	0.374206	0.272144	0.2511	0.325439	0.46447	0.646668	0.842676	1.01182	1.13396	1.20427	1.21978	1.19596	1.14517	1.07029	0.990448	0.915445	0.856577	0.818072	0.787175	0.770004	0.764235	0.750751	
0.856517	0.664107	0.476436	0.317226	0.211534	0.190687	0.267059	0.407967	0.58693	0.780553	0.962166	1.09971	1.18065	1.21121	1.20508	1.17559	1.12051	1.06104	1.00522	0.96933	0.962207	0.970605	0.9901	1.01062	1.01234	
0.787335	0.585705	0.390703	0.217758	0.105131	0.0857218	0.162935	0.316803	0.506955	0.706571	0.904058	1.06812	1.17292	1.21679	1.22447	1.21068	1.17296	1.13126	1.09948	1.09001	1.10741	1.14339	1.18431	1.22031	1.22356	
0.709658	0.480253	0.265636	0.0792675	-0.0384323	-0.0605271	0.0229084	0.185113	0.392245	0.61731	0.843836	1.03176	1.15314	1.21313	1.22954	1.22856	1.20641	1.18469	1.17757	1.19342	1.2335	1.28604	1.33174	1.36311	1.35842	
0.596469	0.336554	0.0934007	-0.110017	-0.242585	-0.267298	-0.173707	0.00619801	0.235115	0.49247	0.745579	0.955631	1.1034	1.18792	1.21768	1.22572	1.21645	1.21032	1.22345	1.26043	1.31471	1.37316	1.41659	1.42713	1.40365	
0.42498	0.131188	-0.152024	-0.379456	-0.519126	-0.543424	-0.448287	-0.250748	0.0133332	0.309023	0.589557	0.827147	1.00387	1.11534	1.17317	1.19416	1.19715	1.20671	1.23456	1.27639	1.33306	1.38782	1.42531	1.42304	1.37505	
0.186649	-0.143785	-0.469881	-0.729939	-0.883586	-0.908335	-0.806209	-0.584298	-0.278335	0.057458	0.369957	0.638002	0.844786	0.982415	1.06773	1.10705	1.1303	1.15543	1.1916	1.23901	1.29381	1.33895	1.36109	1.34781	1.28134	
-0.109484	-0.486118	-0.85999	-1.15781	-1.32874	-1.35866	-1.24212	-0.992672	-0.639558	-0.256489	0.0958986	0.385692	0.614311	0.784992	0.897104	0.95774	1.0044	1.0502	1.09267	1.14415	1.19427	1.23097	1.24133	1.21593	1.13864	
-0.474007	-0.889415	-1.30214	-1.63492	-1.82547	-1.85982	-1.72883	-1.45019	-1.05797	-0.636478	-0.247896	0.076223	0.336359	0.537438	0.66914	0.758715	0.828908	0.894187	0.946389	0.993442	1.03353	1.06554	1.07969	1.04948	0.974767	
-0.889415	-1.33597	-1.77251	-2.12246	-2.32392	-2.35747	-2.22295	-1.92743	-1.51616	-1.06479	-0.640848	-0.273263	0.0295712	0.262302	0.428383	0.547637	0.634768	0.702846	0.757173	0.79829	0.839725	0.880588	0.8969	0.873822	0.814409	
-1.30214	-1.77251	-2.21814	-2.57209	-2.78183	-2.81485	-2.67673	-2.37331	-1.95822	-1.48856	-1.03116	-0.618903	-0.269247	0.00375783	0.20468	0.344397	0.446816	0.512315	0.56044	0.599797	0.648822	0.702732	0.728887	0.719244	0.667928	
-1.63492	-2.12246	-2.57209	-2.93038	-3.14911	-3.18528	-3.03838	-2.72851	-2.31018	-1.83118	-1.34431	-0.89335	-0.509221	-0.208575	0.0128097	0.166012	0.283029	0.355094	0.399291	0.440172	0.492788	0.557477	0.6001	0.599935	0.54997	
-1.82547	-2.32392	-2.78183	-3.14911	-3.36893	-3.4088	-3.25595	-2.94392	-2.5144	-2.02732	-1.52408	-1.05238	-0.654995	-0.343047	-0.112239	0.0531817	0.17376	0.252318	0.297581	0.34493	0.407704	0.475244	0.520361	0.518441	0.47749	
-1.85982	-2.35747	-2.81485	-3.18528	-3.4088	-3.4501	-3.29309	-2.97827	-2.54729	-2.06168	-1.55611	-1.07892	-0.679446	-0.367215	-0.135906	0.0332716	0.1534	0.231351	0.277564	0.328863	0.393996	0.461184	0.506134	0.502359	0.464523	
-1.72883	-2.22295	-2.67673	-3.03838	-3.25595	-3.29309	-3.14529	-2.83531	-2.41214	-1.92843	-1.4326	-0.972118	-0.581662	-0.274189	-0.046464	0.111076	0.230711	0.306448	0.350026	0.392947	0.449259	0.51616	0.561336	0.561228	0.514207	
-1.45019	-1.92743	-2.37331	-2.72851	-2.94392	-2.97827	-2.83531	-2.52841	-2.11339	-1.64065	-1.17082	-0.740474	-0.373757	-0.0876067	0.121836	0.267783	0.377106	0.444457	0.49046	0.530025	0.580044	0.638744	0.67251	0.66794	0.61628	
-1.05797	-1.51616	-1.95822	-2.31018	-2.5144	-2.54729	-2.41214	-2.11339	-1.69979	-1.23824	-0.800254	-0.415409	-0.0944382	0.15419	0.336208	0.465491	0.558177	0.623848	0.676629	0.716638	0.761743	0.807887	0.825526	0.807785	0.753541	
-0.636478	-1.06479	-1.48856	-1.83118	-2.02732	-2.06168	-1.92843	-1.64065	-1.23824	-0.804259	-0.401512	-0.0602405	0.215701	0.428333	0.572066	0.673917	0.7515	0.819988	0.875013	0.918989	0.957591	0.992089	1.00701	0.978349	0.909308	
-0.247896	-0.640848	-1.03116	-1.34431	-1.52408	-1.55611	-1.4326	-1.17082	-0.800254	-0.401512	-0.0334659	0.268367	0.507979	0.691268	0.810776	0.882179	0.938601	0.993595	1.03969	1.0906	1.13567	1.17004	1.18138	1.15279	1.07379	
0.076223	-0.273263	-0.618903	-0.89335	-1.05238	-1.07892	-0.972118	-0.740474	-0.415409	-0.0602405	0.268367	0.544287	0.759645	0.910974	1.00785	1.055	1.08725	1.11985	1.15776	1.20801	1.26228	1.30306	1.31863	1.30067	1.22903	
0.336359	0.0295712	-0.269247	-0.509221	-0.654995	-0.679446	-0.581662	-0.373757	-0.0944382	0.215701	0.507979	0.759645	0.948752	1.0698	1.13872	1.16703	1.17727	1.19221	1.22498	1.26852	1.32355	1.37529	1.40849	1.40165	1.34456	
0.537438	0.262302	0.00375783	-0.208575	-0.343047	-0.367215	-0.274189	-0.0876067	0.15419	0.428333	0.691268	0.910974	1.0698	1.16636	1.20647	1.21743	1.21288	1.21351	1.23376	1.273	1.3298	1.38767	1.42956	1.43373	1.40006	
0.66914	0.428383	0.20468	0.0128097	-0.112239	-0.135906	-0.046464	0.121836	0.336208	0.572066	0.810776	1.00785	1.13872	1.20647	1.22613	1.22989	1.21276	1.1975	1.19911	1.22573	1.27203	1.32899	1.37361	1.39785	1.38701	
0.758715	0.547637	0.344397	0.166012	0.0531817	0.0332716	0.111076	0.267783	0.465491	0.673917	0.882179	1.055	1.16703	1.21743	1.22989	1.22127	1.1896	1.15617	1.13431	1.13506	1.1622	1.2061	1.25031	1.28688	1.28748	
0.828908	0.634768	0.446816	0.283029	0.17376	0.1534	0.230711	0.377106	0.558177	0.7515	0.938601	1.08725	1.17727	1.21288	1.21276	1.1896	1.1417	1.0899	1.04404	1.01768	1.02037	1.04101	1.07225	1.10112	1.1044	
0.894187	0.702846	0.512315	0.355094	0.252318	0.231351	0.306448	0.444457	0.623848	0.819988	0.993595	1.11985	1.19221	1.21351	1.1975	1.15617	1.0899	1.01803	0.949713	0.900222	0.876212	0.861351	0.859734	0.865424	0.859806	
0.946389	0.757173	0.56044	0.399291	0.297581	0.277564	0.350026	0.49046	0.676629	0.875013	1.03969	1.15776	1.22498	1.23376	1.19911	1.13431	1.04404	0.949713	0.86484	0.792093	0.730408	0.672547	0.63093	0.604868	0.577485	
0.993442	0.79829	0.599797	0.440172	0.34493	0.328863	0.392947	0.530025	0.716638	0.918989	1.0906	1.20801	1.26852	1.273	1.22573	1.13506	1.01768	0.900222	0.792093	0.685889	0.578482	0.473547	0.384542	0.316476	0.267636	
1.03353	0.839725	0.648822	0.492788	0.407704	0.393996	0.449259	0.580044	0.761743	0.957591	1.13567	1.26228	1.32355	1.3298	1.27203	1.1622	1.02037	0.876212	0.730408	0.578482	0.420348	0.263819	0.127583	0.0207893	-0.0442147	
1.06554	0.880588	0.702732	0.557477	0.475244	0.461184	0.51616	0.638744	0.807887	0.992089	1.17004	1.30306	1.37529	1.38767	1.32899	1.2061	1.04101	0.861351	0.672547	0.473547	0.263819	0.0599459	-0.119699	-0.25244	-0.338894	
1.07969	0.8969	0.728887	0.6001	0.520361	0.506134	0.561336	0.67251	0.825526	1.00701	1.18138	1.31863	1.40849	1.42956	1.37361	1.25031	1.07225	0.859734	0.63093	0.384542	0.127583	-0.119699	-0.328356	-0.485551	-0.593154	
1.04948	0.873822	0.719244	0.599935	0.518441	0.502359	0.561228	0.66794	0.807785	0.978349	1.15279	1.30067	1.40165	1.43373	1.39785	1.28688	1.10112	0.865424	0.604868	0.316476	0.0207893	-0.25244	-0.485551	-0.666842	-0.792038	
0.974767	0.814409	0.667928	0.54997	0.47749	0.464523	0.514207	0.61628	0.753541	0.909308	1.07379	1.22903	1.34456	1.40006	1.38701	1.28748	1.1044	0.859806	0.577485	0.267636	-0.0442147	-0.338894	-0.593154	-0.792038	-0.923267	
