-0.789071	-0.743255	-0.679453	-0.621345	-0.585167	-0.579222	-0.603738	-0.654684	-0.718136	-0.774796	-0.797741	-0.774646	-0.702623	-0.592472	-0.448202	-0.28169	-0.114249	0.042619	0.164679	0.218463	0.198598	0.123173	0.0132708	-0.128565	-0.280194	
-0.918004	-0.910366	-0.878959	-0.843912	-0.822244	-0.818243	-0.833293	-0.864152	-0.89918	-0.919612	-0.900531	-0.834597	-0.732174	-0.600164	-0.445055	-0.268738	-0.0933015	0.065103	0.181728	0.226883	0.194533	0.098659	-0.0361324	-0.198556	-0.366202	
-0.977151	-1.00932	-1.01162	-1.00374	-0.996516	-0.995242	-1.00054	-1.0091	-1.01236	-0.995284	-0.934981	-0.82975	-0.699239	-0.551378	-0.387343	-0.208282	-0.0340054	0.115857	0.220561	0.250685	0.195068	0.0751997	-0.0836803	-0.269698	-0.455096	
-0.959841	-1.02886	-1.06756	-1.09263	-1.10127	-1.1021	-1.0981	-1.07891	-1.047	-0.991621	-0.901312	-0.777401	-0.626187	-0.463432	-0.287169	-0.10553	0.0592495	0.186435	0.263087	0.272407	0.195844	0.0488978	-0.133961	-0.337399	-0.534045	
-0.879956	-0.980877	-1.06132	-1.11492	-1.14401	-1.14842	-1.12938	-1.08658	-1.01555	-0.923743	-0.80704	-0.66801	-0.513097	-0.337373	-0.152547	0.0280208	0.178455	0.273007	0.306339	0.27325	0.165589	0.00239663	-0.195084	-0.407969	-0.605953	
-0.762638	-0.886509	-0.994881	-1.07752	-1.12483	-1.13309	-1.10119	-1.03197	-0.931604	-0.814143	-0.679054	-0.528055	-0.363942	-0.182094	0.00515273	0.176773	0.300176	0.356393	0.3448	0.268137	0.130925	-0.050092	-0.254868	-0.464704	-0.654077	
-0.636873	-0.770466	-0.892327	-0.993626	-1.0552	-1.06604	-1.02371	-0.936771	-0.82022	-0.691878	-0.551164	-0.395445	-0.22208	-0.0345588	0.150498	0.303511	0.396184	0.416218	0.369761	0.264053	0.10889	-0.0826148	-0.287202	-0.491342	-0.675877	
-0.525626	-0.665329	-0.794753	-0.904747	-0.975989	-0.988361	-0.939133	-0.841954	-0.718608	-0.582233	-0.4383	-0.283012	-0.113916	0.0667035	0.241369	0.372636	0.440864	0.43658	0.36226	0.238925	0.0821695	-0.100734	-0.291937	-0.482265	-0.654801	
-0.438547	-0.575985	-0.707392	-0.825298	-0.903699	-0.917141	-0.863558	-0.757275	-0.629967	-0.493299	-0.352911	-0.203663	-0.0485162	0.113856	0.267691	0.378142	0.430455	0.415029	0.331395	0.202107	0.0550554	-0.104695	-0.267795	-0.434887	-0.596995	
-0.367711	-0.498749	-0.630196	-0.751301	-0.833036	-0.846451	-0.791538	-0.680394	-0.552564	-0.419423	-0.289013	-0.153288	-0.0171531	0.123254	0.247707	0.331817	0.366713	0.347632	0.267635	0.151701	0.0274858	-0.0892862	-0.213488	-0.348776	-0.501125	
-0.308199	-0.434563	-0.56479	-0.683181	-0.761262	-0.774621	-0.721489	-0.613954	-0.487481	-0.357364	-0.237684	-0.124721	-0.0126845	0.0984415	0.188476	0.24121	0.25405	0.227047	0.156534	0.0686295	-0.018125	-0.0903176	-0.168091	-0.265138	-0.386337	
-0.255054	-0.368982	-0.499188	-0.61972	-0.700927	-0.715824	-0.658192	-0.550674	-0.419975	-0.297801	-0.196475	-0.114349	-0.0351856	0.0398722	0.0877404	0.107481	0.10207	0.0668932	0.00733924	-0.0599454	-0.109389	-0.132616	-0.153725	-0.201626	-0.276754	
-0.197113	-0.297304	-0.431722	-0.563916	-0.655856	-0.672852	-0.607125	-0.488431	-0.347518	-0.232799	-0.15529	-0.112996	-0.0829785	-0.0504523	-0.0391651	-0.0454704	-0.0696614	-0.118622	-0.17219	-0.215203	-0.224536	-0.202494	-0.171818	-0.163759	-0.186116	
-0.145424	-0.232877	-0.368167	-0.515637	-0.614181	-0.630763	-0.564365	-0.429177	-0.282434	-0.173006	-0.122426	-0.120299	-0.133154	-0.142973	-0.162956	-0.198951	-0.246657	-0.298982	-0.349627	-0.368907	-0.343652	-0.2866	-0.215213	-0.156644	-0.123437	
-0.115534	-0.186572	-0.311908	-0.458414	-0.561253	-0.578411	-0.508621	-0.371099	-0.231236	-0.136346	-0.102698	-0.120601	-0.165742	-0.213423	-0.261243	-0.31856	-0.383465	-0.448788	-0.498278	-0.500227	-0.452388	-0.365511	-0.260725	-0.157665	-0.072095	
-0.095946	-0.154993	-0.263944	-0.392331	-0.488324	-0.506862	-0.437598	-0.315816	-0.193381	-0.112733	-0.0888601	-0.119038	-0.18029	-0.24836	-0.315784	-0.386338	-0.461862	-0.54207	-0.59651	-0.592139	-0.52631	-0.415875	-0.280309	-0.138435	-0.00902063	
-0.078433	-0.126794	-0.216334	-0.323972	-0.408565	-0.425244	-0.362796	-0.259981	-0.158151	-0.0921822	-0.0739637	-0.106524	-0.170404	-0.243371	-0.321724	-0.406014	-0.491097	-0.57625	-0.627309	-0.622671	-0.55095	-0.424184	-0.262241	-0.0865566	0.0698574	
-0.057879	-0.0980004	-0.168112	-0.263132	-0.333998	-0.347475	-0.296052	-0.205862	-0.121761	-0.0701478	-0.0507844	-0.0734588	-0.130061	-0.206535	-0.287619	-0.378925	-0.4701	-0.549984	-0.597129	-0.590621	-0.518492	-0.387027	-0.214235	-0.0273135	0.145565	
-0.0374748	-0.0748545	-0.139224	-0.218466	-0.275927	-0.285916	-0.246303	-0.170411	-0.0974824	-0.049469	-0.0267527	-0.0363031	-0.0839159	-0.150389	-0.225529	-0.312096	-0.404646	-0.482554	-0.524692	-0.513933	-0.450693	-0.33093	-0.160969	0.0213869	0.189295	
-0.0124194	-0.0549247	-0.119204	-0.187338	-0.237129	-0.246349	-0.210595	-0.14718	-0.0783976	-0.0264646	0.000213243	-0.00313642	-0.0291176	-0.073649	-0.141916	-0.226441	-0.316224	-0.393204	-0.43517	-0.431452	-0.378646	-0.27446	-0.11855	0.0465668	0.19765	
0.00960155	-0.0311909	-0.0902769	-0.147962	-0.193046	-0.202343	-0.168239	-0.114679	-0.0534834	-0.00299309	0.0210738	0.0237681	0.0141595	-0.0123284	-0.065737	-0.140994	-0.225874	-0.301151	-0.346956	-0.354307	-0.312749	-0.222951	-0.096285	0.0434602	0.172045	
0.0393853	0.00538713	-0.0450232	-0.0962478	-0.131698	-0.138933	-0.113092	-0.0666444	-0.014068	0.0287589	0.0497707	0.0551311	0.0450413	0.0209568	-0.0108083	-0.068151	-0.149188	-0.217468	-0.262172	-0.27904	-0.255596	-0.186189	-0.0862996	0.022871	0.113292	
0.0774922	0.0588216	0.0181689	-0.0219859	-0.0440523	-0.0488151	-0.0331108	0.000362492	0.0450074	0.0719784	0.0829032	0.0833826	0.0679782	0.0450922	0.0193688	-0.0218071	-0.0830237	-0.140821	-0.18574	-0.209148	-0.196581	-0.157909	-0.0984567	-0.0283662	0.023095	
0.122919	0.12595	0.114021	0.101817	0.0911288	0.0885886	0.0973258	0.10858	0.122451	0.125207	0.120031	0.108256	0.0878913	0.0652682	0.0338772	0.00308791	-0.0358336	-0.075859	-0.116334	-0.140326	-0.139646	-0.132492	-0.111743	-0.0884373	-0.0787314	
0.173818	0.206337	0.245663	0.281441	0.292673	0.293225	0.289351	0.261623	0.221335	0.185121	0.158768	0.12928	0.097052	0.0667327	0.0340521	0.0113185	-0.0135968	-0.0439054	-0.0723112	-0.0913936	-0.100243	-0.111939	-0.12637	-0.15094	-0.179089	
0.235725	0.316077	0.413117	0.499783	0.550017	0.557069	0.525169	0.450967	0.353952	0.265233	0.197176	0.1421	0.095171	0.053342	0.02078	-0.00379754	-0.0272652	-0.0500943	-0.0709324	-0.0884393	-0.106962	-0.131836	-0.173635	-0.233075	-0.286703	
0.316077	0.461464	0.615133	0.748089	0.833312	0.848708	0.789698	0.672484	0.523462	0.371206	0.24563	0.156172	0.0840517	0.0246816	-0.017815	-0.0464784	-0.0670761	-0.0875444	-0.115087	-0.143757	-0.173191	-0.211369	-0.270138	-0.34067	-0.408717	
0.413117	0.615133	0.825651	1.00397	1.11806	1.13867	1.06014	0.901602	0.701218	0.490443	0.308051	0.162439	0.0523497	-0.0230059	-0.0734803	-0.108938	-0.131177	-0.154802	-0.195066	-0.246471	-0.291525	-0.344333	-0.405697	-0.472296	-0.538582	
0.499783	0.748089	1.00397	1.2237	1.35974	1.38412	1.29005	1.09876	0.852368	0.596387	0.364176	0.168192	0.0207903	-0.0707654	-0.129249	-0.172813	-0.205713	-0.243173	-0.298131	-0.364782	-0.432429	-0.4942	-0.544451	-0.595634	-0.657261	
0.550017	0.833312	1.11806	1.35974	1.51719	1.54558	1.43499	1.22237	0.949364	0.66094	0.391131	0.16371	0.00269972	-0.100647	-0.170219	-0.222298	-0.258988	-0.307602	-0.377669	-0.456175	-0.533579	-0.595878	-0.638983	-0.681989	-0.735728	
0.557069	0.848708	1.13867	1.38412	1.54558	1.57444	1.46117	1.24425	0.96713	0.671699	0.393496	0.16211	-0.0010263	-0.10687	-0.178991	-0.232274	-0.267606	-0.319961	-0.393851	-0.473846	-0.551615	-0.61244	-0.656382	-0.697896	-0.749174	
0.525169	0.789698	1.06014	1.29005	1.43499	1.46117	1.3605	1.15944	0.899568	0.62854	0.379041	0.167683	0.0118161	-0.0855834	-0.148102	-0.195073	-0.231387	-0.27398	-0.334336	-0.407238	-0.481472	-0.544271	-0.589776	-0.636019	-0.695554	
0.450967	0.672484	0.901602	1.09876	1.22237	1.24425	1.15944	0.985755	0.76638	0.536219	0.332592	0.165054	0.0380257	-0.0433102	-0.0972744	-0.135604	-0.160988	-0.189967	-0.236163	-0.294791	-0.348364	-0.405587	-0.464403	-0.524988	-0.588628	
0.353952	0.523462	0.701218	0.852368	0.949364	0.96713	0.899568	0.76638	0.595272	0.41851	0.269605	0.158976	0.0735711	0.00688448	-0.0390267	-0.0694908	-0.0903189	-0.109888	-0.143108	-0.179974	-0.214684	-0.259821	-0.320292	-0.391559	-0.460649	
0.265233	0.371206	0.490443	0.596387	0.66094	0.671699	0.62854	0.536219	0.41851	0.304555	0.214617	0.14787	0.0924889	0.0443894	0.00860472	-0.0175859	-0.0403182	-0.0617791	-0.0835919	-0.104303	-0.126102	-0.155756	-0.206618	-0.27292	-0.333637	
0.197176	0.24563	0.308051	0.364176	0.391131	0.393496	0.379041	0.332592	0.269605	0.214617	0.174081	0.135184	0.097556	0.0626466	0.0314858	0.00868961	-0.0152572	-0.0420167	-0.0652821	-0.0832472	-0.0964641	-0.11402	-0.139866	-0.180377	-0.220784	
0.1421	0.156172	0.162439	0.168192	0.16371	0.16211	0.167683	0.165054	0.158976	0.14787	0.135184	0.117662	0.0927899	0.0680399	0.0347786	0.00836717	-0.0226876	-0.058234	-0.0949206	-0.117019	-0.119859	-0.12109	-0.115999	-0.112327	-0.119276	
0.095171	0.0840517	0.0523497	0.0207903	0.00269972	-0.0010263	0.0118161	0.0380257	0.0735711	0.0924889	0.097556	0.0927899	0.0762669	0.0552616	0.0273055	-0.00983386	-0.0623681	-0.112392	-0.156232	-0.181001	-0.173142	-0.148438	-0.104624	-0.0527073	-0.0174072	
0.053342	0.0246816	-0.0230059	-0.0707654	-0.100647	-0.10687	-0.0855834	-0.0433102	0.00688448	0.0443894	0.0626466	0.0680399	0.0552616	0.0301132	0.00339824	-0.0459969	-0.120754	-0.186587	-0.231489	-0.250622	-0.232906	-0.174253	-0.088899	0.00563063	0.0802342	
0.02078	-0.017815	-0.0734803	-0.129249	-0.170219	-0.178991	-0.148102	-0.0972744	-0.0390267	0.00860472	0.0314858	0.0347786	0.0273055	0.00339824	-0.0404494	-0.109713	-0.193428	-0.266206	-0.311646	-0.323916	-0.289052	-0.206245	-0.0901185	0.037837	0.152936	
-0.00379754	-0.0464784	-0.108938	-0.172813	-0.222298	-0.232274	-0.195073	-0.135604	-0.0694908	-0.0175859	0.00868961	0.00836717	-0.00983386	-0.0459969	-0.109713	-0.191933	-0.278617	-0.355903	-0.400634	-0.400499	-0.351188	-0.252661	-0.108133	0.0479996	0.191277	
-0.0272652	-0.0670761	-0.131177	-0.205713	-0.258988	-0.267606	-0.231387	-0.160988	-0.0903189	-0.0403182	-0.0152572	-0.0226876	-0.0623681	-0.120754	-0.193428	-0.278617	-0.371027	-0.447725	-0.488594	-0.479986	-0.421434	-0.308503	-0.141832	0.0352389	0.19673	
-0.0500943	-0.0875444	-0.154802	-0.243173	-0.307602	-0.319961	-0.27398	-0.189967	-0.109888	-0.0617791	-0.0420167	-0.058234	-0.112392	-0.186587	-0.266206	-0.355903	-0.447725	-0.527265	-0.572104	-0.563119	-0.493445	-0.364644	-0.192436	-0.00609695	0.167606	
-0.0709324	-0.115087	-0.195066	-0.298131	-0.377669	-0.393851	-0.334336	-0.236163	-0.143108	-0.0835919	-0.0652821	-0.0949206	-0.156232	-0.231489	-0.311646	-0.400634	-0.488594	-0.572104	-0.621474	-0.617141	-0.544577	-0.41386	-0.244949	-0.0627603	0.101747	
-0.0884393	-0.143757	-0.246471	-0.364782	-0.456175	-0.473846	-0.407238	-0.294791	-0.179974	-0.104303	-0.0832472	-0.117019	-0.181001	-0.250622	-0.323916	-0.400499	-0.479986	-0.563119	-0.617141	-0.612222	-0.542841	-0.425434	-0.278177	-0.120358	0.0218499	
-0.106962	-0.173191	-0.291525	-0.432429	-0.533579	-0.551615	-0.481472	-0.348364	-0.214684	-0.126102	-0.0964641	-0.119859	-0.173142	-0.232906	-0.289052	-0.351188	-0.421434	-0.493445	-0.544577	-0.542841	-0.486636	-0.390123	-0.27209	-0.154056	-0.049918	
-0.131836	-0.211369	-0.344333	-0.4942	-0.595878	-0.61244	-0.544271	-0.405587	-0.259821	-0.155756	-0.11402	-0.12109	-0.148438	-0.174253	-0.206245	-0.252661	-0.308503	-0.364644	-0.41386	-0.425434	-0.390123	-0.319793	-0.23568	-0.157828	-0.102443	
-0.173635	-0.270138	-0.405697	-0.544451	-0.638983	-0.656382	-0.589776	-0.464403	-0.320292	-0.206618	-0.139866	-0.115999	-0.104624	-0.088899	-0.0901185	-0.108133	-0.141832	-0.192436	-0.244949	-0.278177	-0.27209	-0.23568	-0.186629	-0.157495	-0.158158	
-0.233075	-0.34067	-0.472296	-0.595634	-0.681989	-0.697896	-0.636019	-0.524988	-0.391559	-0.27292	-0.180377	-0.112327	-0.0527073	0.00563063	0.037837	0.0479996	0.0352389	-0.00609695	-0.0627603	-0.120358	-0.154056	-0.157828	-0.157495	-0.182624	-0.237221	
-0.286703	-0.408717	-0.538582	-0.657261	-0.735728	-0.749174	-0.695554	-0.588628	-0.460649	-0.333637	-0.220784	-0.119276	-0.0174072	0.0802342	0.152936	0.191277	0.19673	0.167606	0.101747	0.0218499	-0.049918	-0.102443	-0.158158	-0.237221	-0.341045	
