-0.0347534	0.094716	0.210445	0.322469	0.409524	0.444564	0.411796	0.316902	0.163299	-0.0102512	-0.171103	-0.313362	-0.411304	-0.48072	-0.519887	-0.540078	-0.546569	-0.547155	-0.540269	-0.535068	-0.524835	-0.517933	-0.508505	-0.501541	-0.494039	
0.094716	0.212726	0.331795	0.451288	0.543711	0.592977	0.583168	0.495878	0.339538	0.158973	-0.0329253	-0.20091	-0.329208	-0.427782	-0.488586	-0.528229	-0.550973	-0.562667	-0.567029	-0.570474	-0.566192	-0.567766	-0.560584	-0.561142	-0.554366	
0.210445	0.331795	0.466693	0.592471	0.694182	0.765477	0.773964	0.700283	0.560703	0.37605	0.168763	-0.0140883	-0.171918	-0.292849	-0.375806	-0.437233	-0.476964	-0.502703	-0.524281	-0.535059	-0.546702	-0.553345	-0.55799	-0.56341	-0.564233	
0.322469	0.451288	0.592471	0.721713	0.839865	0.929982	0.961737	0.919708	0.803564	0.624519	0.418575	0.221872	0.0414097	-0.0957511	-0.202452	-0.281533	-0.334987	-0.377788	-0.409023	-0.431209	-0.454203	-0.466044	-0.48278	-0.490487	-0.500886	
0.409524	0.543711	0.694182	0.839865	0.975612	1.0861	1.14692	1.13453	1.04228	0.878001	0.678993	0.471995	0.282354	0.131458	0.00798998	-0.0788081	-0.145303	-0.195879	-0.232998	-0.264985	-0.291399	-0.311358	-0.333386	-0.345323	-0.362754	
0.444564	0.592977	0.765477	0.929982	1.0861	1.2203	1.30723	1.32765	1.26512	1.1248	0.937823	0.73104	0.538618	0.374569	0.243692	0.146613	0.0717213	0.016102	-0.0274222	-0.0645147	-0.0934972	-0.120501	-0.142759	-0.16145	-0.179291	
0.411796	0.583168	0.773964	0.961737	1.14692	1.30723	1.42925	1.48838	1.46272	1.35296	1.18408	0.985407	0.789775	0.619904	0.480716	0.375741	0.295915	0.235769	0.189584	0.150876	0.120353	0.0918875	0.0696835	0.0481832	0.0318678	
0.316902	0.495878	0.700283	0.919708	1.13453	1.32765	1.48838	1.58989	1.60635	1.53295	1.3931	1.20692	1.0197	0.848916	0.706947	0.600876	0.517893	0.458279	0.411456	0.373467	0.342901	0.315275	0.292088	0.271681	0.253675	
0.163299	0.339538	0.560703	0.803564	1.04228	1.26512	1.46272	1.60635	1.66626	1.64069	1.5336	1.37311	1.20288	1.03619	0.901208	0.794989	0.714815	0.657703	0.613413	0.577939	0.55143	0.524135	0.505905	0.484386	0.470635	
-0.0102512	0.158973	0.37605	0.624519	0.878001	1.1248	1.35296	1.53295	1.64069	1.65887	1.58821	1.46	1.30547	1.15205	1.0252	0.924397	0.85181	0.802368	0.764167	0.739068	0.716923	0.698822	0.684607	0.668761	0.659152	
-0.171103	-0.0329253	0.168763	0.418575	0.678993	0.937823	1.18408	1.3931	1.5336	1.58821	1.55386	1.45227	1.31856	1.17996	1.06363	0.971821	0.910091	0.86869	0.842134	0.826234	0.813122	0.805004	0.796387	0.789533	0.783429	
-0.313362	-0.20091	-0.0140883	0.221872	0.471995	0.73104	0.985407	1.20692	1.37311	1.46	1.45227	1.3771	1.25926	1.1312	1.02176	0.935789	0.879887	0.84621	0.828377	0.821156	0.818599	0.818387	0.81971	0.819392	0.821104	
-0.411304	-0.329208	-0.171918	0.0414097	0.282354	0.538618	0.789775	1.0197	1.20288	1.30547	1.31856	1.25926	1.14869	1.02663	0.918556	0.833222	0.780929	0.751113	0.738706	0.740024	0.742717	0.752582	0.758484	0.766992	0.772566	
-0.48072	-0.427782	-0.292849	-0.0957511	0.131458	0.374569	0.619904	0.848916	1.03619	1.15205	1.17996	1.1312	1.02663	0.906489	0.793578	0.705227	0.649593	0.616253	0.606201	0.606441	0.613714	0.625575	0.635404	0.647519	0.656062	
-0.519887	-0.488586	-0.375806	-0.202452	0.00798998	0.243692	0.480716	0.706947	0.901208	1.0252	1.06363	1.02176	0.918556	0.793578	0.672346	0.575757	0.510219	0.472193	0.456745	0.455378	0.461819	0.473675	0.484427	0.49781	0.506925	
-0.540078	-0.528229	-0.437233	-0.281533	-0.0788081	0.146613	0.375741	0.600876	0.794989	0.924397	0.971821	0.935789	0.833222	0.705227	0.575757	0.468824	0.394777	0.346985	0.325801	0.318668	0.321593	0.330475	0.339335	0.350848	0.359221	
-0.546569	-0.550973	-0.476964	-0.334987	-0.145303	0.0717213	0.295915	0.517893	0.714815	0.85181	0.910091	0.879887	0.780929	0.649593	0.510219	0.394777	0.30775	0.250743	0.221242	0.206558	0.205037	0.209201	0.214745	0.224162	0.22951	
-0.547155	-0.562667	-0.502703	-0.377788	-0.195879	0.016102	0.235769	0.458279	0.657703	0.802368	0.86869	0.84621	0.751113	0.616253	0.472193	0.346985	0.250743	0.18564	0.148273	0.127712	0.122147	0.121006	0.125238	0.130067	0.134784	
-0.540269	-0.567029	-0.524281	-0.409023	-0.232998	-0.0274222	0.189584	0.411456	0.613413	0.764167	0.842134	0.828377	0.738706	0.606201	0.456745	0.325801	0.221242	0.148273	0.103974	0.0780455	0.0667861	0.0629222	0.0625938	0.0657156	0.0674065	
-0.535068	-0.570474	-0.535059	-0.431209	-0.264985	-0.0645147	0.150876	0.373467	0.577939	0.739068	0.826234	0.821156	0.740024	0.606441	0.455378	0.318668	0.206558	0.127712	0.0780455	0.0465261	0.0339113	0.0250992	0.0249628	0.0247226	0.0261462	
-0.524835	-0.566192	-0.546702	-0.454203	-0.291399	-0.0934972	0.120353	0.342901	0.55143	0.716923	0.813122	0.818599	0.742717	0.613714	0.461819	0.321593	0.205037	0.122147	0.0667861	0.0339113	0.016428	0.00705868	0.00416851	0.00253615	0.00308646	
-0.517933	-0.567766	-0.553345	-0.466044	-0.311358	-0.120501	0.0918875	0.315275	0.524135	0.698822	0.805004	0.818387	0.752582	0.625575	0.473675	0.330475	0.209201	0.121006	0.0629222	0.0250992	0.00705868	-0.00524038	-0.00853255	-0.0110861	-0.0113718	
-0.508505	-0.560584	-0.55799	-0.48278	-0.333386	-0.142759	0.0696835	0.292088	0.505905	0.684607	0.796387	0.81971	0.758484	0.635404	0.484427	0.339335	0.214745	0.125238	0.0625938	0.0249628	0.00416851	-0.00853255	-0.0121686	-0.0162794	-0.015733	
-0.501541	-0.561142	-0.56341	-0.490487	-0.345323	-0.16145	0.0481832	0.271681	0.484386	0.668761	0.789533	0.819392	0.766992	0.647519	0.49781	0.350848	0.224162	0.130067	0.0657156	0.0247226	0.00253615	-0.0110861	-0.0162794	-0.019873	-0.0206691	
-0.494039	-0.554366	-0.564233	-0.500886	-0.362754	-0.179291	0.0318678	0.253675	0.470635	0.659152	0.783429	0.821104	0.772566	0.656062	0.506925	0.359221	0.22951	0.134784	0.0674065	0.0261462	0.00308646	-0.0113718	-0.015733	-0.0206691	-0.0202193	
-0.488434	-0.55413	-0.568	-0.506796	-0.370091	-0.190878	0.0167208	0.23952	0.455425	0.646503	0.777154	0.819762	0.777713	0.664404	0.517472	0.368399	0.238075	0.140405	0.0714157	0.0285928	0.00366777	-0.0107798	-0.0168096	-0.0211206	-0.021848	
-0.482838	-0.549177	-0.567945	-0.512125	-0.381601	-0.203922	0.00558197	0.226878	0.445344	0.639846	0.773244	0.821117	0.781912	0.671182	0.523922	0.374705	0.2421	0.143373	0.0728736	0.0291271	0.00405187	-0.0110625	-0.0165241	-0.0214291	-0.0213946	
-0.479714	-0.548691	-0.569373	-0.516248	-0.38634	-0.210078	-0.00343939	0.218383	0.436587	0.632149	0.768597	0.81958	0.784411	0.675127	0.530261	0.380157	0.247364	0.14765	0.0757221	0.0316096	0.00533229	-0.00991984	-0.0160413	-0.0209651	-0.0214053	
-0.475882	-0.54604	-0.570162	-0.518277	-0.391534	-0.217288	-0.00945851	0.21163	0.430605	0.627782	0.766744	0.820435	0.786756	0.679877	0.534027	0.383989	0.250102	0.148912	0.0765618	0.0315389	0.00483714	-0.0102608	-0.0168649	-0.0214035	-0.0219358	
-0.475774	-0.545706	-0.569222	-0.520133	-0.394242	-0.21935	-0.0126258	0.208446	0.427986	0.62596	0.764647	0.819566	0.787488	0.679911	0.535929	0.385475	0.251365	0.150835	0.077636	0.0327817	0.00625286	-0.00965655	-0.0154279	-0.0208511	-0.0209107	
-0.473847	-0.545657	-0.571278	-0.519873	-0.393446	-0.220107	-0.0134067	0.20785	0.426598	0.623929	0.764857	0.819856	0.787859	0.682222	0.536909	0.386621	0.252636	0.150641	0.0777629	0.0325083	0.00498431	-0.00976989	-0.0171766	-0.0212556	-0.0223447	
-0.476602	-0.545421	-0.568488	-0.519414	-0.393911	-0.218526	-0.0108672	0.209903	0.429927	0.627965	0.765569	0.82006	0.787035	0.678879	0.534527	0.384223	0.250023	0.149943	0.0769585	0.0322115	0.00617521	-0.00998018	-0.0152106	-0.0209547	-0.0206146	
-0.477112	-0.548233	-0.571166	-0.516739	-0.387564	-0.212907	-0.006381	0.215407	0.433178	0.628743	0.767954	0.819733	0.785643	0.67836	0.532518	0.382511	0.249439	0.148227	0.0763067	0.0316099	0.00441742	-0.00993429	-0.017522	-0.021199	-0.0226853	
-0.481931	-0.547813	-0.567405	-0.514295	-0.3852	-0.207195	0.00195187	0.222875	0.442551	0.637838	0.771148	0.820819	0.782768	0.671946	0.526057	0.376468	0.243483	0.145213	0.0737799	0.030218	0.00512282	-0.0106145	-0.0153854	-0.0210887	-0.0205193	
-0.485681	-0.553258	-0.569139	-0.508357	-0.373725	-0.195841	0.0116454	0.234157	0.450157	0.642203	0.77569	0.819894	0.779914	0.668194	0.520887	0.371723	0.240641	0.141739	0.0723413	0.0288485	0.00330537	-0.0107679	-0.0176955	-0.0212161	-0.0227123	
-0.491382	-0.552758	-0.565426	-0.503971	-0.367469	-0.184842	0.0259576	0.247392	0.465557	0.654893	0.780791	0.821055	0.774243	0.658976	0.510615	0.362575	0.23222	0.137104	0.0685998	0.0272583	0.00345981	-0.0110484	-0.0156825	-0.0206825	-0.0203504	
-0.498898	-0.559432	-0.564128	-0.494028	-0.351479	-0.168539	0.0409634	0.264014	0.477539	0.663787	0.78706	0.819751	0.769904	0.651584	0.502307	0.354742	0.227048	0.13206	0.0666827	0.025221	0.00249156	-0.0113012	-0.0166926	-0.0203618	-0.0212499	
-0.504632	-0.559779	-0.56087	-0.486554	-0.33966	-0.151005	0.0613298	0.283402	0.498243	0.678497	0.793725	0.8199	0.761424	0.640232	0.489075	0.343814	0.217739	0.127078	0.0632051	0.0248294	0.00306057	-0.00951254	-0.0141524	-0.0175932	-0.0179977	
-0.515091	-0.564949	-0.554969	-0.472631	-0.319741	-0.12981	0.0823111	0.305343	0.51573	0.69261	0.801134	0.818903	0.75527	0.629634	0.478605	0.333999	0.211802	0.122586	0.0627405	0.0247896	0.00557187	-0.00708008	-0.0104453	-0.0139515	-0.0136715	
-0.52115	-0.567063	-0.550477	-0.459253	-0.300459	-0.104974	0.109011	0.331321	0.540721	0.709458	0.810082	0.818301	0.746421	0.618358	0.465541	0.324886	0.205403	0.12097	0.0640302	0.0294422	0.0114407	0.00134616	-0.00231906	-0.00347067	-0.00420842	
-0.531497	-0.567807	-0.539862	-0.44132	-0.275581	-0.0768703	0.137923	0.360476	0.566601	0.729526	0.819949	0.820015	0.740227	0.608887	0.45772	0.318902	0.205655	0.124645	0.0726331	0.0406619	0.0256121	0.0166123	0.0152894	0.013953	0.0155717	
-0.538553	-0.569683	-0.529048	-0.41802	-0.246937	-0.0433715	0.173426	0.395138	0.598192	0.753782	0.835407	0.824538	0.738887	0.604975	0.454393	0.321462	0.212625	0.137881	0.0909744	0.0626453	0.0512246	0.0449935	0.0449899	0.0468972	0.0480895	
-0.544003	-0.564028	-0.512998	-0.392126	-0.211195	-0.00234763	0.215983	0.438533	0.638665	0.784842	0.856179	0.837461	0.743569	0.610799	0.464047	0.336347	0.237358	0.168282	0.128273	0.105533	0.0968436	0.0951698	0.0966521	0.101048	0.104313	
-0.548527	-0.556814	-0.487231	-0.353262	-0.168007	0.0471529	0.269787	0.491408	0.689955	0.831097	0.891505	0.864547	0.767055	0.632744	0.491662	0.371847	0.280297	0.22079	0.187565	0.170706	0.168221	0.169478	0.175757	0.182436	0.188426	
-0.542937	-0.539635	-0.456388	-0.305234	-0.106706	0.114576	0.341041	0.565425	0.759177	0.89109	0.944029	0.909493	0.808802	0.68031	0.54617	0.43628	0.357261	0.304883	0.281119	0.270207	0.271299	0.278613	0.285255	0.296842	0.303065	
-0.529896	-0.505708	-0.40224	-0.237754	-0.0315334	0.2011	0.434911	0.660462	0.856602	0.982294	1.02365	0.984698	0.88051	0.753937	0.629673	0.528607	0.459867	0.418934	0.400777	0.39847	0.403429	0.414655	0.425306	0.437736	0.447437	
-0.499877	-0.456855	-0.330057	-0.141245	0.0791852	0.318175	0.560226	0.787932	0.976893	1.0975	1.13025	1.08438	0.981783	0.859914	0.743857	0.652833	0.593368	0.557932	0.546776	0.545515	0.553676	0.565089	0.575864	0.58878	0.597523	
-0.441413	-0.372264	-0.22542	-0.0189392	0.216574	0.46935	0.718279	0.948989	1.13554	1.24222	1.26243	1.20723	1.09883	0.97845	0.868894	0.783075	0.730484	0.700281	0.689151	0.691685	0.69574	0.708132	0.714961	0.726224	0.732507	
-0.358029	-0.25622	-0.0809268	0.147047	0.39317	0.650646	0.905351	1.12969	1.30458	1.39984	1.40077	1.33413	1.21938	1.09471	0.986073	0.901036	0.846725	0.815183	0.799871	0.796323	0.796494	0.80031	0.80413	0.80728	0.81106	
-0.231943	-0.10465	0.0918285	0.337348	0.595532	0.8558	1.1068	1.32256	1.47361	1.54228	1.5192	1.42848	1.30223	1.16806	1.05572	0.966485	0.908067	0.870002	0.847407	0.83524	0.826424	0.821641	0.816964	0.812716	0.809773	
