-0.404186	-0.448039	-0.485795	-0.510381	-0.515846	-0.516427	-0.514122	-0.498349	-0.463472	-0.423377	-0.370704	-0.29905	-0.21491	-0.136526	-0.05317	0.0421638	0.145183	0.246605	0.352458	0.461277	0.565994	0.65437	0.717917	0.754704	0.771709	
-0.2268	-0.238461	-0.240174	-0.240663	-0.234644	-0.235012	-0.237471	-0.241833	-0.238729	-0.233866	-0.212801	-0.174975	-0.125278	-0.0736232	-0.0043506	0.0786329	0.172683	0.275726	0.392325	0.514018	0.641573	0.75307	0.837528	0.897666	0.941997	
-0.0548009	-0.0347835	-0.0104156	0.00854715	0.0174318	0.0183675	0.0136665	-0.00197031	-0.0248067	-0.0480381	-0.0614437	-0.0619899	-0.0506294	-0.0238963	0.0309822	0.107084	0.19324	0.296559	0.412209	0.533414	0.660486	0.782761	0.876298	0.955548	1.02551	
0.0781041	0.121833	0.162319	0.194596	0.204607	0.206686	0.200466	0.17772	0.137891	0.0960147	0.053918	0.0191	0.000265935	0.00682915	0.0470631	0.112806	0.190581	0.28465	0.392105	0.501435	0.615287	0.731959	0.835054	0.934881	1.02898	
0.151121	0.205392	0.254133	0.294989	0.3114	0.313682	0.304372	0.272649	0.225042	0.173772	0.117486	0.0620546	0.0288681	0.0196339	0.0395086	0.0831393	0.145774	0.220105	0.310516	0.40481	0.506006	0.610029	0.717502	0.833226	0.952465	
0.176743	0.227526	0.275628	0.319911	0.344574	0.348053	0.33252	0.294836	0.246375	0.198346	0.141184	0.0851937	0.0480132	0.0290081	0.0187103	0.0308848	0.0664234	0.119056	0.184061	0.263011	0.351594	0.445994	0.554068	0.675187	0.806195	
0.173323	0.212683	0.249395	0.286932	0.313003	0.316766	0.299466	0.264923	0.227354	0.189992	0.144318	0.0967151	0.0622001	0.0325528	-0.00339563	-0.0266614	-0.0212894	0.00606716	0.0449686	0.106231	0.181621	0.267558	0.37327	0.500561	0.62898	
0.150731	0.176543	0.194088	0.213137	0.226832	0.229653	0.218998	0.202495	0.183864	0.162383	0.130348	0.0940702	0.0589093	0.0211183	-0.0302063	-0.0772821	-0.100478	-0.0989096	-0.0886199	-0.0494731	0.0156799	0.0969742	0.195005	0.321402	0.449592	
0.110998	0.122574	0.121906	0.117377	0.111168	0.110542	0.114086	0.121365	0.123293	0.116933	0.0992838	0.0720262	0.0352375	-0.0086678	-0.0611222	-0.1192	-0.162066	-0.185226	-0.19707	-0.186008	-0.133009	-0.0541998	0.0388422	0.148095	0.268975	
0.0628694	0.0599884	0.049037	0.0298275	0.00883799	0.00465506	0.0204231	0.0427492	0.0563893	0.0627248	0.0599572	0.042465	0.00455637	-0.040519	-0.0899531	-0.145626	-0.201478	-0.240965	-0.269609	-0.277921	-0.25011	-0.18675	-0.104893	-0.0144877	0.0905222	
0.00731982	-0.00738311	-0.0203395	-0.0376797	-0.0602749	-0.0648457	-0.0475223	-0.0259887	-0.013566	0.00209587	0.0131699	0.00615559	-0.0268909	-0.0676751	-0.112262	-0.160311	-0.21349	-0.260973	-0.301092	-0.323735	-0.321526	-0.29192	-0.2369	-0.161149	-0.0625118	
-0.050066	-0.0695708	-0.0786773	-0.0846199	-0.0964322	-0.0998825	-0.0891456	-0.0807353	-0.075305	-0.0583232	-0.0399322	-0.0412041	-0.0610049	-0.087149	-0.121804	-0.161613	-0.203058	-0.247369	-0.297788	-0.334866	-0.356624	-0.358676	-0.335806	-0.274877	-0.176329	
-0.100319	-0.113332	-0.116398	-0.110581	-0.11043	-0.110691	-0.110516	-0.113418	-0.116928	-0.105726	-0.0945996	-0.0942188	-0.0981461	-0.0980213	-0.11532	-0.147495	-0.181287	-0.221917	-0.276861	-0.325946	-0.363103	-0.389857	-0.388566	-0.345079	-0.256349	
-0.144811	-0.14476	-0.139355	-0.12818	-0.119453	-0.118199	-0.124331	-0.134545	-0.143156	-0.145256	-0.146069	-0.147274	-0.135745	-0.112918	-0.109951	-0.135166	-0.166641	-0.204271	-0.257341	-0.306406	-0.347044	-0.383978	-0.399062	-0.373565	-0.309713	
-0.173306	-0.16324	-0.15071	-0.137512	-0.12626	-0.123339	-0.132749	-0.144806	-0.158415	-0.169466	-0.177541	-0.175197	-0.159986	-0.130392	-0.117476	-0.132567	-0.159588	-0.186775	-0.226843	-0.270846	-0.311161	-0.350014	-0.373798	-0.369886	-0.336306	
-0.17893	-0.168532	-0.153045	-0.140867	-0.131857	-0.129694	-0.136497	-0.147699	-0.162385	-0.175938	-0.179203	-0.174356	-0.167295	-0.154298	-0.141516	-0.143039	-0.154743	-0.167496	-0.188112	-0.223217	-0.269056	-0.310143	-0.336403	-0.345486	-0.337729	
-0.168622	-0.163498	-0.150929	-0.144772	-0.145225	-0.145693	-0.144628	-0.147273	-0.158776	-0.167901	-0.166708	-0.163554	-0.171817	-0.178882	-0.175342	-0.161504	-0.150675	-0.149225	-0.160346	-0.185367	-0.226754	-0.267515	-0.291892	-0.309405	-0.316696	
-0.154424	-0.152441	-0.147306	-0.151528	-0.164539	-0.168172	-0.157056	-0.147212	-0.150035	-0.154378	-0.154599	-0.161986	-0.178032	-0.190929	-0.193504	-0.180321	-0.153279	-0.137886	-0.145512	-0.164873	-0.189827	-0.215456	-0.2357	-0.257562	-0.276928	
-0.142331	-0.142535	-0.144467	-0.156167	-0.172251	-0.176498	-0.162932	-0.147823	-0.142776	-0.142087	-0.14651	-0.163679	-0.182328	-0.185988	-0.188015	-0.188723	-0.172141	-0.148968	-0.145714	-0.155952	-0.165836	-0.175385	-0.187999	-0.210448	-0.230851	
-0.139981	-0.143414	-0.150554	-0.158384	-0.162858	-0.163113	-0.160454	-0.15383	-0.14641	-0.140584	-0.142385	-0.158675	-0.175919	-0.176146	-0.172892	-0.182704	-0.187569	-0.176746	-0.160859	-0.149955	-0.143959	-0.144942	-0.154895	-0.171263	-0.182292	
-0.146152	-0.153525	-0.159186	-0.157676	-0.145261	-0.142094	-0.152741	-0.160536	-0.156205	-0.148872	-0.144096	-0.147745	-0.158173	-0.163253	-0.163745	-0.170989	-0.185313	-0.192735	-0.180441	-0.151662	-0.126347	-0.117709	-0.122884	-0.134768	-0.135067	
-0.158685	-0.162285	-0.160344	-0.151884	-0.138097	-0.134593	-0.146613	-0.158063	-0.161752	-0.160667	-0.153364	-0.144152	-0.142166	-0.148838	-0.158704	-0.169507	-0.180443	-0.191799	-0.187237	-0.161216	-0.130647	-0.111871	-0.103696	-0.10132	-0.0929103	
-0.167623	-0.163848	-0.149863	-0.144136	-0.144257	-0.14539	-0.143548	-0.14648	-0.157753	-0.16843	-0.163214	-0.149602	-0.140414	-0.14117	-0.154035	-0.172606	-0.183496	-0.185412	-0.180389	-0.169139	-0.155089	-0.136582	-0.108889	-0.0814197	-0.0543177	
-0.161616	-0.152568	-0.136927	-0.137244	-0.149697	-0.152958	-0.141553	-0.134375	-0.145626	-0.160448	-0.159401	-0.151279	-0.145884	-0.142253	-0.145864	-0.161314	-0.171473	-0.170134	-0.165439	-0.168983	-0.17321	-0.158675	-0.117229	-0.0664973	-0.0208732	
-0.146153	-0.14137	-0.137478	-0.143264	-0.149026	-0.150655	-0.145447	-0.139426	-0.13883	-0.144687	-0.148516	-0.153967	-0.158268	-0.153304	-0.145007	-0.145888	-0.150827	-0.154605	-0.160307	-0.172579	-0.180433	-0.163321	-0.116089	-0.0600367	-0.0059892	
-0.135625	-0.13714	-0.147188	-0.152344	-0.145303	-0.14291	-0.150537	-0.151431	-0.140537	-0.134177	-0.140156	-0.156072	-0.167472	-0.163912	-0.150187	-0.14126	-0.140057	-0.149219	-0.162905	-0.17583	-0.177892	-0.159187	-0.119463	-0.0708528	-0.0159772	
-0.13714	-0.141674	-0.147836	-0.149978	-0.142033	-0.14013	-0.147181	-0.15057	-0.143879	-0.138218	-0.138217	-0.147782	-0.160454	-0.164884	-0.157546	-0.146935	-0.14114	-0.147703	-0.159796	-0.167936	-0.166791	-0.153936	-0.127007	-0.0892155	-0.0335691	
-0.147188	-0.147836	-0.140432	-0.139364	-0.142029	-0.142826	-0.139737	-0.139036	-0.144753	-0.149656	-0.14149	-0.13494	-0.143039	-0.15749	-0.161254	-0.154784	-0.145345	-0.145	-0.149441	-0.153104	-0.152504	-0.144921	-0.126594	-0.0961925	-0.0461779	
-0.152344	-0.149978	-0.139364	-0.139139	-0.14385	-0.14544	-0.140276	-0.137988	-0.145228	-0.153848	-0.147821	-0.138214	-0.139721	-0.149028	-0.155985	-0.159223	-0.157397	-0.153563	-0.147187	-0.14226	-0.139254	-0.133012	-0.117987	-0.097036	-0.0592699	
-0.145303	-0.142033	-0.142029	-0.14385	-0.140224	-0.139326	-0.142745	-0.143661	-0.140998	-0.143629	-0.147517	-0.150593	-0.147096	-0.139789	-0.139812	-0.155686	-0.170525	-0.17025	-0.153091	-0.135709	-0.127657	-0.122697	-0.11447	-0.103943	-0.0783326	
-0.14291	-0.14013	-0.142826	-0.14544	-0.139326	-0.13774	-0.143615	-0.14541	-0.140227	-0.140616	-0.147229	-0.153734	-0.149984	-0.138098	-0.135865	-0.154024	-0.173537	-0.174834	-0.155109	-0.134346	-0.124661	-0.120901	-0.11398	-0.106068	-0.0822178	
-0.150537	-0.147181	-0.139737	-0.140276	-0.142745	-0.143615	-0.140823	-0.13949	-0.1435	-0.150603	-0.147742	-0.142518	-0.141985	-0.145445	-0.149517	-0.15768	-0.162711	-0.160571	-0.149538	-0.138927	-0.134121	-0.128485	-0.116554	-0.0995539	-0.0673653	
-0.151431	-0.15057	-0.139036	-0.137988	-0.143661	-0.14541	-0.13949	-0.137214	-0.145817	-0.153744	-0.144865	-0.134251	-0.139886	-0.154544	-0.161182	-0.15769	-0.149449	-0.146752	-0.147004	-0.148199	-0.146893	-0.139983	-0.122415	-0.0959221	-0.0504153	
-0.140537	-0.143879	-0.144753	-0.145228	-0.140998	-0.140227	-0.1435	-0.145817	-0.143835	-0.142306	-0.138666	-0.141911	-0.15262	-0.161736	-0.159461	-0.150504	-0.142458	-0.145817	-0.15554	-0.162136	-0.161373	-0.150578	-0.12861	-0.0943387	-0.0401962	
-0.134177	-0.138218	-0.149656	-0.153848	-0.143629	-0.140616	-0.150603	-0.153744	-0.142306	-0.13396	-0.138865	-0.154555	-0.16704	-0.165583	-0.153306	-0.142994	-0.139729	-0.148937	-0.162822	-0.174141	-0.173968	-0.157533	-0.122781	-0.0786342	-0.0226398	
-0.140156	-0.138217	-0.14149	-0.147821	-0.147517	-0.147229	-0.147742	-0.144865	-0.138666	-0.138865	-0.144044	-0.155375	-0.163344	-0.15866	-0.146524	-0.141832	-0.144348	-0.151262	-0.161548	-0.174574	-0.180855	-0.162123	-0.116547	-0.0618949	-0.0075196	
-0.156072	-0.147782	-0.13494	-0.138214	-0.150593	-0.153734	-0.142518	-0.134251	-0.141911	-0.154555	-0.155375	-0.152172	-0.150644	-0.146317	-0.14446	-0.154529	-0.162916	-0.163331	-0.161605	-0.169965	-0.177402	-0.162472	-0.116559	-0.0617712	-0.0118947	
-0.167472	-0.160454	-0.143039	-0.139721	-0.147096	-0.149984	-0.141985	-0.139886	-0.15262	-0.16704	-0.163344	-0.150644	-0.141315	-0.139717	-0.150457	-0.170041	-0.181347	-0.179947	-0.174047	-0.169149	-0.164349	-0.147604	-0.113747	-0.0755262	-0.0400505	
-0.163912	-0.164884	-0.15749	-0.149028	-0.139789	-0.138098	-0.145445	-0.154544	-0.161736	-0.165583	-0.15866	-0.146317	-0.139717	-0.144731	-0.157337	-0.172124	-0.182047	-0.190248	-0.185681	-0.165142	-0.139216	-0.119709	-0.103478	-0.0916147	-0.0765072	
-0.150187	-0.157546	-0.161254	-0.155985	-0.139812	-0.135865	-0.149517	-0.161182	-0.159461	-0.153306	-0.146524	-0.14446	-0.150457	-0.157337	-0.161419	-0.168206	-0.182118	-0.193763	-0.185651	-0.15491	-0.124691	-0.110989	-0.112251	-0.12044	-0.118036	
-0.14126	-0.146935	-0.154784	-0.159223	-0.155686	-0.154024	-0.15768	-0.15769	-0.150504	-0.142994	-0.141832	-0.154529	-0.170041	-0.172124	-0.168206	-0.177455	-0.18797	-0.186049	-0.169631	-0.149853	-0.135085	-0.132586	-0.14162	-0.156821	-0.163456	
-0.140057	-0.14114	-0.145345	-0.157397	-0.170525	-0.173537	-0.162711	-0.149449	-0.142458	-0.139729	-0.144348	-0.162916	-0.181347	-0.182047	-0.182118	-0.18797	-0.18015	-0.159355	-0.150271	-0.153047	-0.157337	-0.163041	-0.174118	-0.19447	-0.211558	
-0.149219	-0.147703	-0.145	-0.153563	-0.17025	-0.174834	-0.160571	-0.146752	-0.145817	-0.148937	-0.151262	-0.163331	-0.179947	-0.190248	-0.193763	-0.186049	-0.159355	-0.138999	-0.142991	-0.160208	-0.179155	-0.19763	-0.214392	-0.236817	-0.258876	
-0.162905	-0.159796	-0.149441	-0.147187	-0.153091	-0.155109	-0.149538	-0.147004	-0.15554	-0.162822	-0.161548	-0.161605	-0.174047	-0.185681	-0.185651	-0.169631	-0.150271	-0.142991	-0.152675	-0.175182	-0.210949	-0.247045	-0.269692	-0.290222	-0.302971	
-0.17583	-0.167936	-0.153104	-0.14226	-0.135709	-0.134346	-0.138927	-0.148199	-0.162136	-0.174141	-0.174574	-0.169965	-0.169149	-0.165142	-0.15491	-0.149853	-0.153047	-0.160208	-0.175182	-0.206133	-0.252258	-0.294063	-0.319999	-0.332738	-0.331859	
-0.177892	-0.166791	-0.152504	-0.139254	-0.127657	-0.124661	-0.134121	-0.146893	-0.161373	-0.173968	-0.180855	-0.177402	-0.164349	-0.139216	-0.124691	-0.135085	-0.157337	-0.179155	-0.210949	-0.252258	-0.29432	-0.334383	-0.359408	-0.361724	-0.339177	
-0.159187	-0.153936	-0.144921	-0.133012	-0.122697	-0.120901	-0.128485	-0.139983	-0.150578	-0.157533	-0.162123	-0.162472	-0.147604	-0.119709	-0.110989	-0.132586	-0.163041	-0.19763	-0.247045	-0.294063	-0.334383	-0.372488	-0.392097	-0.374755	-0.323542	
-0.119463	-0.127007	-0.126594	-0.117987	-0.11447	-0.11398	-0.116554	-0.122415	-0.12861	-0.122781	-0.116547	-0.116559	-0.113747	-0.103478	-0.112251	-0.14162	-0.174118	-0.214392	-0.269692	-0.319999	-0.359408	-0.392097	-0.397975	-0.361866	-0.281737	
-0.0708528	-0.0892155	-0.0961925	-0.097036	-0.103943	-0.106068	-0.0995539	-0.0959221	-0.0943387	-0.0786342	-0.0618949	-0.0617712	-0.0755262	-0.0916147	-0.12044	-0.156821	-0.19447	-0.236817	-0.290222	-0.332738	-0.361724	-0.374755	-0.361866	-0.308423	-0.211677	
-0.0159772	-0.0335691	-0.0461779	-0.0592699	-0.0783326	-0.0822178	-0.0673653	-0.0504153	-0.0401962	-0.0226398	-0.0075196	-0.0118947	-0.0400505	-0.0765072	-0.118036	-0.163456	-0.211558	-0.258876	-0.302971	-0.331859	-0.339177	-0.323542	-0.281737	-0.211677	-0.112689	
