-0.113348	-0.204403	-0.255985	-0.250253	-0.204208	-0.139532	-0.0863402	-0.0410781	0.00900837	0.0485041	0.0885846	0.129062	0.179625	0.215313	0.219148	0.196747	0.17155	0.159692	0.156847	0.15794	0.157792	0.164686	0.185093	0.216313	0.252332	
-0.204403	-0.332115	-0.416747	-0.436438	-0.403751	-0.34207	-0.281705	-0.217173	-0.155341	-0.0976028	-0.0383867	0.020467	0.0886816	0.148329	0.183821	0.195645	0.204224	0.217801	0.231301	0.244235	0.259729	0.275822	0.294446	0.311691	0.322294	
-0.255985	-0.416747	-0.529105	-0.567765	-0.548293	-0.496661	-0.4405	-0.382926	-0.312815	-0.237037	-0.158263	-0.0833061	-0.00244006	0.0775276	0.136299	0.179084	0.213498	0.249431	0.28234	0.312929	0.34621	0.371814	0.390286	0.391823	0.380992	
-0.250253	-0.436438	-0.567765	-0.628897	-0.623384	-0.595519	-0.558741	-0.515805	-0.44697	-0.362001	-0.273637	-0.182676	-0.0894534	0.0027677	0.0797093	0.14321	0.19474	0.245053	0.298264	0.351968	0.408198	0.450596	0.467981	0.455378	0.427464	
-0.204208	-0.403751	-0.548293	-0.623384	-0.644699	-0.647511	-0.634149	-0.601864	-0.546266	-0.47073	-0.385743	-0.294075	-0.192392	-0.0923345	0.00266146	0.0780688	0.140892	0.208206	0.28567	0.368813	0.445248	0.504718	0.525559	0.509246	0.474226	
-0.139532	-0.34207	-0.496661	-0.595519	-0.647511	-0.665994	-0.668624	-0.653275	-0.619242	-0.563025	-0.491036	-0.403287	-0.299193	-0.198547	-0.1022	-0.015682	0.0637559	0.151986	0.252178	0.356306	0.45006	0.523743	0.556069	0.546006	0.510614	
-0.0863402	-0.281705	-0.4405	-0.558741	-0.634149	-0.668624	-0.683483	-0.684803	-0.667322	-0.629454	-0.567438	-0.48697	-0.395061	-0.299482	-0.202004	-0.102606	-0.00888671	0.0939193	0.211044	0.329666	0.438269	0.51983	0.555905	0.550471	0.517933	
-0.0410781	-0.217173	-0.382926	-0.515805	-0.601864	-0.653275	-0.684803	-0.698331	-0.68727	-0.655664	-0.603709	-0.532978	-0.451634	-0.360152	-0.261324	-0.161558	-0.0599205	0.0498198	0.177994	0.306913	0.42066	0.496335	0.523073	0.518693	0.487763	
0.00900837	-0.155341	-0.312815	-0.44697	-0.546266	-0.619242	-0.667322	-0.68727	-0.682132	-0.649091	-0.597649	-0.531184	-0.454395	-0.365688	-0.274955	-0.183157	-0.0853437	0.0283236	0.156842	0.281976	0.387363	0.447098	0.464462	0.45233	0.417937	
0.0485041	-0.0976028	-0.237037	-0.362001	-0.47073	-0.563025	-0.629454	-0.655664	-0.649091	-0.612241	-0.558345	-0.487539	-0.409373	-0.325571	-0.245509	-0.161385	-0.0720156	0.0319634	0.145074	0.250491	0.339351	0.381789	0.382776	0.359052	0.315809	
0.0885846	-0.0383867	-0.158263	-0.273637	-0.385743	-0.491036	-0.567438	-0.603709	-0.597649	-0.558345	-0.49354	-0.411847	-0.328523	-0.244638	-0.167908	-0.0903901	-0.017728	0.0654103	0.151437	0.225588	0.280821	0.296332	0.277885	0.243993	0.193838	
0.129062	0.020467	-0.0833061	-0.182676	-0.294075	-0.403287	-0.48697	-0.532978	-0.531184	-0.487539	-0.411847	-0.317662	-0.221673	-0.133391	-0.0538804	0.0144969	0.0772853	0.137897	0.192799	0.220108	0.225591	0.208155	0.165533	0.114871	0.0455164	
0.179625	0.0886816	-0.00244006	-0.0894534	-0.192392	-0.299193	-0.395061	-0.451634	-0.454395	-0.409373	-0.328523	-0.221673	-0.112033	-0.0179877	0.0661862	0.139572	0.199415	0.238973	0.251946	0.23116	0.188803	0.128441	0.0501461	-0.0373411	-0.125659	
0.215313	0.148329	0.0775276	0.0027677	-0.0923345	-0.198547	-0.299482	-0.360152	-0.365688	-0.325571	-0.244638	-0.133391	-0.0179877	0.0875768	0.17844	0.259822	0.31506	0.334009	0.311815	0.251564	0.161878	0.0457491	-0.0758449	-0.195458	-0.301238	
0.219148	0.183821	0.136299	0.0797093	0.00266146	-0.1022	-0.202004	-0.261324	-0.274955	-0.245509	-0.167908	-0.0538804	0.0661862	0.17844	0.273575	0.35526	0.404863	0.40576	0.356807	0.260395	0.120257	-0.0464533	-0.203763	-0.344	-0.469586	
0.196747	0.195645	0.179084	0.14321	0.0780688	-0.015682	-0.102606	-0.161558	-0.183157	-0.161385	-0.0903901	0.0144969	0.139572	0.259822	0.35526	0.42408	0.459095	0.441657	0.361465	0.229373	0.0530366	-0.140869	-0.324985	-0.48697	-0.621994	
0.17155	0.204224	0.213498	0.19474	0.140892	0.0637559	-0.00888671	-0.0599205	-0.0853437	-0.0720156	-0.017728	0.0772853	0.199415	0.31506	0.404863	0.459095	0.475589	0.425549	0.312116	0.155228	-0.0328075	-0.238934	-0.4429	-0.61409	-0.742719	
0.159692	0.217801	0.249431	0.245053	0.208206	0.151986	0.0939193	0.0498198	0.0283236	0.0319634	0.0654103	0.137897	0.238973	0.334009	0.40576	0.441657	0.425549	0.346667	0.212386	0.0485095	-0.144622	-0.355478	-0.555089	-0.717117	-0.827583	
0.156847	0.231301	0.28234	0.298264	0.28567	0.252178	0.211044	0.177994	0.156842	0.145074	0.151437	0.192799	0.251946	0.311815	0.356807	0.361465	0.312116	0.212386	0.0786904	-0.0819951	-0.272241	-0.469866	-0.650277	-0.795525	-0.890247	
0.15794	0.244235	0.312929	0.351968	0.368813	0.356306	0.329666	0.306913	0.281976	0.250491	0.225588	0.220108	0.23116	0.251564	0.260395	0.229373	0.155228	0.0485095	-0.0819951	-0.230366	-0.398655	-0.56576	-0.719583	-0.847251	-0.924928	
0.157792	0.259729	0.34621	0.408198	0.445248	0.45006	0.438269	0.42066	0.387363	0.339351	0.280821	0.225591	0.188803	0.161878	0.120257	0.0530366	-0.0328075	-0.144622	-0.272241	-0.398655	-0.530687	-0.657552	-0.773137	-0.864732	-0.915771	
0.164686	0.275822	0.371814	0.450596	0.504718	0.523743	0.51983	0.496335	0.447098	0.381789	0.296332	0.208155	0.128441	0.0457491	-0.0464533	-0.140869	-0.238934	-0.355478	-0.469866	-0.56576	-0.657552	-0.742216	-0.807698	-0.849026	-0.865506	
0.185093	0.294446	0.390286	0.467981	0.525559	0.556069	0.555905	0.523073	0.464462	0.382776	0.277885	0.165533	0.0501461	-0.0758449	-0.203763	-0.324985	-0.4429	-0.555089	-0.650277	-0.719583	-0.773137	-0.807698	-0.820059	-0.814815	-0.797838	
0.216313	0.311691	0.391823	0.455378	0.509246	0.546006	0.550471	0.518693	0.45233	0.359052	0.243993	0.114871	-0.0373411	-0.195458	-0.344	-0.48697	-0.61409	-0.717117	-0.795525	-0.847251	-0.864732	-0.849026	-0.814815	-0.772948	-0.730045	
0.252332	0.322294	0.380992	0.427464	0.474226	0.510614	0.517933	0.487763	0.417937	0.315809	0.193838	0.0455164	-0.125659	-0.301238	-0.469586	-0.621994	-0.742719	-0.827583	-0.890247	-0.924928	-0.915771	-0.865506	-0.797838	-0.730045	-0.666616	
0.286823	0.328046	0.361407	0.391538	0.423616	0.454907	0.466997	0.436746	0.358168	0.249697	0.116683	-0.0439992	-0.226263	-0.412191	-0.584434	-0.72593	-0.82832	-0.898532	-0.937768	-0.945318	-0.914119	-0.843575	-0.75742	-0.676509	-0.602286	
0.335169	0.345669	0.351041	0.355356	0.363764	0.382539	0.393435	0.36535	0.290399	0.175587	0.028074	-0.147543	-0.33704	-0.525879	-0.689828	-0.811153	-0.897752	-0.951627	-0.967118	-0.945471	-0.886368	-0.797578	-0.696313	-0.605835	-0.532951	
0.39192	0.372627	0.347106	0.31976	0.299768	0.303305	0.308221	0.280376	0.210109	0.0949951	-0.0578596	-0.241285	-0.438798	-0.625667	-0.776293	-0.883611	-0.954061	-0.986509	-0.978935	-0.929374	-0.841374	-0.734026	-0.62186	-0.522347	-0.453309	
0.450383	0.404472	0.343928	0.284656	0.241898	0.229857	0.225535	0.19742	0.131696	0.0223488	-0.126747	-0.312085	-0.512412	-0.692906	-0.832517	-0.930904	-0.988881	-1.00236	-0.972693	-0.900501	-0.787995	-0.663758	-0.54532	-0.446601	-0.382522	
0.499203	0.434334	0.348225	0.262711	0.200469	0.175149	0.167036	0.14378	0.0878602	-0.0138796	-0.159863	-0.351255	-0.551793	-0.725443	-0.858075	-0.951099	-1.00759	-1.01454	-0.97213	-0.886514	-0.758917	-0.616398	-0.492421	-0.402621	-0.34423	
0.508246	0.441601	0.348044	0.25693	0.191042	0.164872	0.157612	0.135583	0.0793615	-0.0189651	-0.164128	-0.354991	-0.558288	-0.732282	-0.86163	-0.953707	-1.01021	-1.01806	-0.972608	-0.884201	-0.754517	-0.607531	-0.481718	-0.395122	-0.337986	
0.472696	0.417244	0.346089	0.274764	0.223596	0.204742	0.197232	0.170811	0.110054	0.00277142	-0.144746	-0.33269	-0.532128	-0.709018	-0.845944	-0.941758	-0.998927	-1.00744	-0.970788	-0.892574	-0.773415	-0.641439	-0.520174	-0.424658	-0.363445	
0.414783	0.384634	0.34483	0.304466	0.274637	0.27237	0.274206	0.245813	0.176205	0.0632607	-0.0882565	-0.272402	-0.472646	-0.657495	-0.802765	-0.90589	-0.969789	-0.993823	-0.977435	-0.917611	-0.818453	-0.704551	-0.590178	-0.489543	-0.421898	
0.357797	0.356183	0.349317	0.341625	0.338658	0.35098	0.35976	0.332337	0.25998	0.144119	-0.00757304	-0.187376	-0.379791	-0.568417	-0.727933	-0.842804	-0.922251	-0.967996	-0.975136	-0.942399	-0.870738	-0.774356	-0.668186	-0.573317	-0.501799	
0.304365	0.332407	0.35562	0.376759	0.400859	0.42772	0.440114	0.410283	0.332032	0.220303	0.0816264	-0.0851734	-0.26985	-0.457824	-0.628318	-0.761347	-0.857722	-0.921346	-0.950474	-0.946163	-0.905249	-0.827507	-0.734679	-0.649998	-0.575555	
0.265305	0.325243	0.373047	0.413174	0.455188	0.490469	0.50004	0.469965	0.395818	0.291428	0.165402	0.0127325	-0.163941	-0.345014	-0.516599	-0.666726	-0.780332	-0.859624	-0.913241	-0.93793	-0.920411	-0.860839	-0.784434	-0.710586	-0.640976	
0.231571	0.31624	0.389594	0.446152	0.498029	0.533997	0.539267	0.50908	0.442049	0.344291	0.227224	0.089454	-0.072429	-0.238286	-0.396018	-0.544735	-0.671534	-0.766994	-0.840399	-0.886739	-0.891849	-0.85955	-0.810144	-0.756473	-0.704629	
0.19573	0.302068	0.391973	0.46521	0.521436	0.556414	0.558953	0.525268	0.462101	0.374907	0.265504	0.147371	0.015761	-0.124957	-0.261788	-0.393187	-0.515905	-0.625201	-0.713122	-0.774595	-0.812854	-0.826239	-0.819076	-0.798136	-0.769994	
0.171702	0.282271	0.380894	0.461736	0.519381	0.542459	0.53906	0.51156	0.459196	0.38643	0.291561	0.192203	0.0990836	-0.00238314	-0.111868	-0.21654	-0.322888	-0.438441	-0.545477	-0.629417	-0.705694	-0.771795	-0.815667	-0.836895	-0.839405	
0.159048	0.266126	0.35732	0.426853	0.471294	0.482846	0.475965	0.456838	0.416803	0.362573	0.292833	0.222302	0.166971	0.11716	0.0541606	-0.0242342	-0.113686	-0.227927	-0.352315	-0.466569	-0.582572	-0.692623	-0.789076	-0.86163	-0.899185	
0.157895	0.250386	0.326273	0.375264	0.401829	0.395998	0.374792	0.355342	0.328132	0.289471	0.250219	0.224432	0.216379	0.219541	0.209193	0.162762	0.0833333	-0.0252878	-0.155071	-0.296488	-0.451356	-0.602437	-0.742817	-0.85885	-0.927313	
0.157038	0.23586	0.29418	0.318978	0.318477	0.293795	0.258886	0.23065	0.208013	0.188118	0.183086	0.207445	0.247027	0.291592	0.323881	0.315046	0.253538	0.149677	0.0181443	-0.138631	-0.322427	-0.509583	-0.680352	-0.819788	-0.908454	
0.157848	0.224041	0.263288	0.267104	0.238048	0.191042	0.139514	0.0991072	0.0790973	0.076968	0.100578	0.161926	0.248403	0.330219	0.391526	0.416219	0.387128	0.29811	0.161855	-0.00214545	-0.195866	-0.403536	-0.596261	-0.751555	-0.855167	
0.165485	0.208203	0.227323	0.213787	0.167365	0.0975809	0.030327	-0.0174844	-0.04228	-0.0324955	0.0145713	0.101462	0.217726	0.327465	0.41154	0.459471	0.463733	0.402318	0.277761	0.116437	-0.0742018	-0.283644	-0.48845	-0.657924	-0.779977	
0.185483	0.199075	0.193679	0.164977	0.102993	0.0161249	-0.0644938	-0.121039	-0.145158	-0.126972	-0.0617309	0.0402068	0.165286	0.285678	0.380245	0.442857	0.471599	0.442104	0.347983	0.204412	0.0214148	-0.178306	-0.372637	-0.5407	-0.674691	
0.21294	0.190632	0.154649	0.106496	0.0358667	-0.0654099	-0.162223	-0.221985	-0.238759	-0.211673	-0.136859	-0.0249867	0.0974451	0.212644	0.307858	0.38572	0.43119	0.425104	0.364551	0.252791	0.0958648	-0.0846018	-0.253485	-0.401901	-0.533579	
0.220151	0.16579	0.103645	0.0358415	-0.0540621	-0.159844	-0.260194	-0.320515	-0.32966	-0.293753	-0.213547	-0.100902	0.0166594	0.12543	0.218313	0.300859	0.354734	0.36679	0.33409	0.258832	0.148091	0.0097589	-0.126769	-0.255474	-0.369438	
0.197817	0.115276	0.0306445	-0.0516277	-0.151059	-0.25768	-0.357297	-0.416646	-0.419675	-0.375886	-0.294632	-0.185778	-0.0726272	0.0261063	0.113021	0.189917	0.247719	0.278498	0.275972	0.238643	0.177534	0.0958799	0.000634537	-0.10152	-0.196684	
0.148266	0.046596	-0.0520388	-0.145982	-0.254315	-0.362895	-0.451244	-0.501108	-0.501949	-0.456979	-0.378351	-0.277992	-0.17681	-0.0872274	-0.00546355	0.0634376	0.124664	0.176378	0.215169	0.223163	0.208762	0.175621	0.120495	0.0566382	-0.0211277	
0.104944	-0.0154536	-0.127944	-0.236932	-0.350231	-0.457579	-0.537245	-0.577704	-0.572723	-0.531917	-0.462472	-0.375896	-0.287635	-0.201671	-0.124968	-0.0522952	0.0156612	0.0903561	0.164563	0.22076	0.2573	0.260076	0.232885	0.194441	0.138113	
