1.40846	1.31541	1.18229	1.00278	0.77551	0.531815	0.319023	0.166988	0.0765416	0.0309144	0.0110795	0.0035481	0.00102194	0.000266322	6.31381e-05	1.36837e-05	2.7231e-06	4.99576e-07	8.47985e-08	1.33614e-08	1.9602e-09	2.68486e-10	3.44202e-11	4.13987e-12	4.68139e-13	
1.31541	1.18897	1.02072	0.806878	0.570831	0.355539	0.193933	0.0927858	0.039131	0.0146382	0.00488898	0.00146705	0.00039785	9.80334e-05	2.20564e-05	4.55126e-06	8.64793e-07	1.51869e-07	2.47314e-08	3.74611e-09	5.29269e-10	6.99286e-11	8.66052e-12	1.00762e-12	1.10356e-13	
1.18229	1.02072	0.817296	0.590848	0.37891	0.213933	0.106284	0.0466214	0.0181506	0.00630855	0.00196904	0.000555015	0.000142022	3.31508e-05	7.08988e-06	1.39488e-06	2.53386e-07	4.26422e-08	6.66875e-09	9.71911e-10	1.32348e-10	1.68798e-11	2.02087e-12	2.27578e-13	2.41535e-14	
1.00278	0.806878	0.590848	0.386946	0.224582	0.11523	0.0523537	0.0211461	0.00763073	0.00247311	0.000723652	0.000192126	4.64977e-05	1.03024e-05	2.09816e-06	3.94196e-07	6.85519e-08	1.10689e-08	1.66419e-09	2.33592e-10	3.06851e-11	3.78085e-12	4.37881e-13	4.77612e-14	4.91516e-15	
0.77551	0.570831	0.37891	0.224582	0.118362	0.0554652	0.0231675	0.00865894	0.00290887	0.000882446	0.000242859	6.09025e-05	1.39744e-05	2.94528e-06	5.72239e-07	1.02832e-07	1.71443e-08	2.6594e-09	3.84832e-10	5.20766e-11	6.60524e-12	7.86917e-13	8.82312e-14	9.3276e-15	9.31372e-16	
0.531815	0.355539	0.213933	0.11523	0.0554652	0.023882	0.00922265	0.0032057	0.00100694	0.000287002	7.45309e-05	1.77034e-05	3.86061e-06	7.75623e-07	1.44031e-07	2.47968e-08	3.96912e-09	5.92242e-10	8.25801e-11	1.07849e-11	1.32205e-12	1.52419e-13	1.65577e-14	1.69781e-15	1.64596e-16	
0.319023	0.193933	0.106284	0.0523537	0.0231675	0.00922265	0.0033111	0.00107553	0.000317205	8.52528e-05	2.09555e-05	4.72745e-06	9.82086e-07	1.88468e-07	3.3511e-08	5.53615e-09	8.51996e-10	1.22444e-10	1.64704e-11	2.07809e-12	2.46431e-13	2.75176e-14	2.89854e-15	2.88484e-16	2.71718e-17	
0.166988	0.0927858	0.0466214	0.0211461	0.00865894	0.0032057	0.00107553	0.000327955	9.1173e-05	2.31841e-05	5.40993e-06	1.1621e-06	2.30495e-07	4.23353e-08	7.22025e-09	1.14639e-09	1.69861e-10	2.35415e-11	3.05829e-12	3.73169e-13	4.28486e-14	4.63817e-15	4.74092e-16	4.58323e-17	4.19685e-18	
0.0765416	0.039131	0.0181506	0.00763073	0.00290887	0.00100694	0.000317205	9.1173e-05	2.39779e-05	5.78695e-06	1.28544e-06	2.63553e-07	5.0015e-08	8.80856e-09	1.44337e-09	2.20579e-10	3.15095e-11	4.21642e-12	5.29595e-13	6.25558e-14	6.96137e-15	7.31072e-16	7.25698e-17	6.81929e-18	6.07474e-19	
0.0309144	0.0146382	0.00630855	0.00247311	0.000882446	0.000287002	8.52528e-05	2.31841e-05	5.78695e-06	1.32937e-06	2.81804e-07	5.52706e-08	1.00554e-08	1.70111e-09	2.68235e-10	3.95112e-11	5.44839e-12	7.04749e-13	8.56734e-14	9.80583e-15	1.0585e-15	1.07935e-16	1.04126e-17	9.51733e-19	8.25312e-20	
0.0110795	0.00488898	0.00196904	0.000723652	0.000242859	7.45309e-05	2.09555e-05	5.40993e-06	1.28544e-06	2.81804e-07	5.71414e-08	1.0743e-08	1.87717e-09	3.05548e-10	4.64317e-11	6.60114e-12	8.79757e-13	1.10122e-13	1.29697e-14	1.43974e-15	1.50881e-16	1.49503e-17	1.4027e-18	1.2479e-19	1.05406e-20	
0.0035481	0.00146705	0.000555015	0.000192126	6.09025e-05	1.77034e-05	4.72745e-06	1.1621e-06	2.63553e-07	5.52706e-08	1.0743e-08	1.93978e-09	3.26093e-10	5.11481e-11	7.50098e-12	1.03055e-12	1.32894e-13	1.61143e-14	1.84049e-15	1.98326e-16	2.01942e-17	1.94586e-18	1.77681e-19	1.53956e-20	1.26743e-21	
0.00102194	0.00039785	0.000142022	4.64977e-05	1.39744e-05	3.86061e-06	9.82086e-07	2.30495e-07	5.0015e-08	1.00554e-08	1.87717e-09	3.26093e-10	5.28236e-11	7.99552e-12	1.13306e-12	1.50612e-13	1.8813e-14	2.21202e-15	2.45227e-16	2.56728e-17	2.54185e-18	2.38349e-19	2.11957e-20	1.78982e-21	1.43691e-22	
0.000266322	9.80334e-05	3.31508e-05	1.03024e-05	2.94528e-06	7.75623e-07	1.88468e-07	4.23353e-08	8.80856e-09	1.70111e-09	3.05548e-10	5.11481e-11	7.99552e-12	1.16943e-12	1.60332e-13	2.06427e-14	2.50014e-15	2.85315e-16	3.07279e-17	3.12781e-18	3.01347e-19	2.75172e-20	2.38461e-21	1.96356e-22	1.53814e-23	
6.31381e-05	2.20564e-05	7.08988e-06	2.09816e-06	5.72239e-07	1.44031e-07	3.3511e-08	7.22025e-09	1.44337e-09	2.68235e-10	4.64317e-11	7.50098e-12	1.13306e-12	1.60332e-13	2.12911e-14	2.65787e-15	3.12423e-16	3.46349e-17	3.62663e-18	3.59201e-19	3.3699e-20	2.99855e-21	2.53376e-22	2.03564e-23	1.55673e-24	
1.36837e-05	4.55126e-06	1.39488e-06	3.94196e-07	1.02832e-07	2.47968e-08	5.53615e-09	1.14639e-09	2.20579e-10	3.95112e-11	6.60114e-12	1.03055e-12	1.50612e-13	2.06427e-14	2.65787e-15	3.22015e-16	3.67694e-17	3.96303e-18	4.03766e-19	3.89405e-20	3.55975e-21	3.08843e-22	2.54614e-23	1.99692e-24	1.4916e-25	
2.7231e-06	8.64793e-07	2.53386e-07	6.85519e-08	1.71443e-08	3.96912e-09	8.51996e-10	1.69861e-10	3.15095e-11	5.44839e-12	8.79757e-13	1.32894e-13	1.8813e-14	2.50014e-15	3.12423e-16	3.67694e-17	4.0819e-18	4.28064e-19	4.24658e-20	3.9906e-21	3.55687e-22	3.01068e-23	2.42292e-24	1.85602e-25	1.35476e-26	
4.99576e-07	1.51869e-07	4.26422e-08	1.10689e-08	2.6594e-09	5.92242e-10	1.22444e-10	2.35415e-11	4.21642e-12	7.04749e-13	1.10122e-13	1.61143e-14	2.21202e-15	2.85315e-16	3.46349e-17	3.96303e-18	4.28064e-19	4.37099e-20	4.22505e-21	3.87111e-22	3.36616e-23	2.78131e-24	2.18615e-25	1.63644e-26	1.1678e-27	
8.47985e-08	2.47314e-08	6.66875e-09	1.66419e-09	3.84832e-10	8.25801e-11	1.64704e-11	3.05829e-12	5.29595e-13	8.56734e-14	1.29697e-14	1.84049e-15	2.45227e-16	3.07279e-17	3.62663e-18	4.03766e-19	4.24658e-20	4.22505e-21	3.98186e-22	3.55922e-23	3.02111e-24	2.43798e-25	1.87254e-26	1.37035e-27	9.56487e-29	
1.33614e-08	3.74611e-09	9.71911e-10	2.33592e-10	5.20766e-11	1.07849e-11	2.07809e-12	3.73169e-13	6.25558e-14	9.80583e-15	1.43974e-15	1.98326e-16	2.56728e-17	3.12781e-18	3.59201e-19	3.89405e-20	3.9906e-21	3.87111e-22	3.55922e-23	3.10552e-24	2.5745e-25	2.03012e-26	1.52439e-27	1.09112e-28	7.45209e-30	
1.9602e-09	5.29269e-10	1.32348e-10	3.06851e-11	6.60524e-12	1.32205e-12	2.46431e-13	4.28486e-14	6.96137e-15	1.0585e-15	1.50881e-16	2.01942e-17	2.54185e-18	3.01347e-19	3.3699e-20	3.55975e-21	3.55687e-22	3.36616e-23	3.02111e-24	2.5745e-25	2.08552e-26	1.60774e-27	1.18075e-28	8.2697e-30	5.5288e-31	
2.68486e-10	6.99286e-11	1.68798e-11	3.78085e-12	7.86917e-13	1.52419e-13	2.75176e-14	4.63817e-15	7.31072e-16	1.07935e-16	1.49503e-17	1.94586e-18	2.38349e-19	2.75172e-20	2.99855e-21	3.08843e-22	3.01068e-23	2.78131e-24	2.43798e-25	2.03012e-26	1.60774e-27	1.21223e-28	8.7113e-30	5.97233e-31	3.91006e-32	
3.44202e-11	8.66052e-12	2.02087e-12	4.37881e-13	8.82312e-14	1.65577e-14	2.89854e-15	4.74092e-16	7.25698e-17	1.04126e-17	1.4027e-18	1.77681e-19	2.11957e-20	2.38461e-21	2.53376e-22	2.54614e-23	2.42292e-24	2.18615e-25	1.87254e-26	1.52439e-27	1.18075e-28	8.7113e-30	6.12788e-31	4.11403e-32	2.63854e-33	
4.13987e-12	1.00762e-12	2.27578e-13	4.77612e-14	9.3276e-15	1.69781e-15	2.88484e-16	4.58323e-17	6.81929e-18	9.51733e-19	1.2479e-19	1.53956e-20	1.78982e-21	1.96356e-22	2.03564e-23	1.99692e-24	1.85602e-25	1.63644e-26	1.37035e-27	1.09112e-28	8.2697e-30	5.97233e-31	4.11403e-32	2.7057e-33	1.70052e-34	
4.68139e-13	1.10356e-13	2.41535e-14	4.91516e-15	9.31372e-16	1.64596e-16	2.71718e-17	4.19685e-18	6.07474e-19	8.25312e-20	1.05406e-20	1.26743e-21	1.43691e-22	1.53814e-23	1.55673e-24	1.4916e-25	1.35476e-26	1.1678e-27	9.56487e-29	7.45209e-30	5.5288e-31	3.91006e-32	2.63854e-33	1.70052e-34	1.04769e-35	
4.98704e-14	1.13989e-14	2.42028e-15	4.78061e-16	8.79802e-17	1.51099e-17	2.42554e-18	3.64525e-19	5.13699e-20	6.79881e-21	8.46377e-22	9.92541e-23	1.09802e-23	1.14752e-24	1.13442e-25	1.06222e-26	9.43246e-28	7.95279e-29	6.37378e-30	4.8611e-31	3.53175e-32	2.44681e-33	1.61803e-34	1.02225e-35	6.17576e-37	
5.01414e-15	1.11241e-15	2.29359e-16	4.40155e-17	7.87439e-18	1.31537e-18	2.05492e-19	3.0072e-20	4.12892e-21	5.32712e-22	6.46828e-23	7.40226e-24	7.99533e-25	8.16211e-26	7.88563e-27	7.21925e-28	6.27048e-29	5.17334e-30	4.05877e-31	3.03137e-32	2.15753e-33	1.4648e-34	9.49546e-36	5.88261e-37	3.48594e-38	
4.76633e-16	1.02734e-16	2.05879e-17	3.84199e-18	6.68715e-19	1.08735e-19	1.65444e-20	2.35927e-21	3.1582e-22	3.97471e-23	4.7101e-24	5.26315e-25	5.55344e-26	5.54076e-27	5.234e-28	4.68708e-29	3.9838e-30	3.21754e-31	2.47207e-32	1.80873e-33	1.26155e-34	8.39616e-36	5.33713e-37	3.24324e-38	1.88568e-39	
4.2913e-17	8.994e-18	1.75332e-18	3.18426e-19	5.39636e-20	8.54768e-21	1.26754e-21	1.76252e-22	2.30174e-23	2.82743e-24	3.27182e-25	3.57171e-26	3.68345e-27	3.59345e-28	3.3205e-29	2.90985e-30	2.4212e-31	1.91504e-32	1.44142e-33	1.03353e-34	7.06661e-36	4.61188e-37	2.87557e-38	1.71449e-39	9.78323e-41	
3.77253e-18	7.68663e-19	1.45734e-19	2.57523e-20	4.24836e-21	6.5538e-22	9.46988e-23	1.28373e-23	1.63517e-24	1.96009e-25	2.21441e-26	2.36117e-27	2.37949e-28	2.26937e-29	2.05089e-30	1.75844e-31	1.4321e-32	1.10909e-33	8.17669e-35	5.74455e-36	3.84976e-37	2.46334e-38	1.50634e-39	8.81071e-41	4.93348e-42	
1.67612e-18	3.37186e-19	6.3095e-20	1.10004e-20	1.79e-21	2.72309e-22	3.8794e-23	5.1841e-24	6.50861e-25	7.68928e-26	8.56093e-27	8.99555e-28	8.93335e-29	8.3959e-30	7.47736e-31	6.31826e-32	5.07144e-33	3.87119e-34	2.81328e-35	1.94845e-36	1.28739e-37	8.12253e-39	4.89815e-40	2.82563e-41	1.56066e-42	
1.64998e-17	3.41905e-18	6.5867e-19	1.18163e-19	1.97734e-20	3.09169e-21	4.52433e-22	6.2069e-23	7.99576e-24	9.68709e-25	1.10545e-25	1.18997e-26	1.21006e-27	1.16397e-28	1.06051e-29	9.16369e-31	7.5186e-32	5.86432e-33	4.35305e-34	3.07842e-35	2.07616e-36	1.33665e-37	8.22254e-39	4.83739e-40	2.72399e-41	
1.86807e-16	3.98046e-17	7.88222e-18	1.4529e-18	2.49697e-19	4.00779e-20	6.01777e-21	8.46684e-22	1.11806e-22	1.3879e-23	1.62204e-24	1.78742e-25	1.85984e-26	1.82982e-27	1.70452e-28	1.50527e-29	1.26175e-30	1.00506e-31	7.61648e-33	5.49709e-34	3.78247e-35	2.48376e-36	1.55792e-37	9.34288e-39	5.36155e-40	
2.00683e-15	4.40042e-16	8.96362e-17	1.69885e-17	3.00061e-18	4.94726e-19	7.62676e-20	1.10116e-20	1.49144e-21	1.89797e-22	2.27288e-23	2.56519e-24	2.73243e-25	2.75087e-26	2.62102e-27	2.36651e-28	2.02733e-29	1.64981e-30	1.27683e-31	9.40804e-33	6.60668e-34	4.4261e-35	2.83159e-36	1.73145e-37	1.01285e-38	
2.03965e-14	4.60662e-15	9.66117e-16	1.88431e-16	3.42325e-17	5.80221e-18	9.19039e-19	1.36262e-19	1.89419e-20	2.4727e-21	3.03599e-22	3.51128e-23	3.83094e-24	3.94852e-25	3.84986e-26	3.55554e-27	3.11432e-28	2.59025e-29	2.04807e-30	1.54118e-31	1.10492e-32	7.55465e-34	4.93096e-35	3.07529e-36	1.83429e-37	
1.95791e-13	4.55928e-14	9.85415e-15	1.97967e-15	3.70246e-16	6.45665e-17	1.05161e-17	1.60233e-18	2.28772e-19	3.06554e-20	3.86145e-21	4.57929e-22	5.12028e-23	5.40581e-24	5.39636e-25	5.10025e-26	4.56969e-27	3.88615e-28	3.14051e-29	2.41446e-30	1.76785e-31	1.23403e-32	8.22041e-34	5.23068e-35	3.18211e-36	
1.77192e-12	4.25884e-13	9.49601e-14	1.96698e-14	3.79069e-15	6.80752e-16	1.14108e-16	1.7882e-17	2.62421e-18	3.61219e-19	4.67113e-20	5.68364e-21	6.51686e-22	7.05164e-23	7.21094e-24	6.97799e-25	6.39838e-26	5.56612e-27	4.59936e-28	3.61411e-29	2.7036e-30	1.92743e-31	1.31082e-32	8.51256e-34	5.28358e-35	
1.50892e-11	3.74774e-12	8.63053e-13	1.84522e-13	3.66806e-14	6.79019e-15	1.17243e-15	1.89132e-16	2.85519e-17	4.04023e-18	5.36759e-19	6.70559e-20	7.88938e-21	8.75468e-22	9.17592e-23	9.09638e-24	8.54027e-25	7.60343e-26	6.42707e-27	5.16401e-28	3.94838e-29	2.8759e-30	1.99754e-31	1.32438e-32	8.38943e-34	
1.20657e-10	3.10078e-11	7.38405e-12	1.63143e-12	3.34896e-13	6.39717e-14	1.13894e-14	1.89306e-15	2.94241e-16	4.28383e-17	5.85144e-18	7.51084e-19	9.07371e-20	1.03325e-20	1.11067e-21	1.12857e-22	1.08549e-23	9.89555e-25	8.56066e-26	7.03633e-27	5.50113e-28	4.09543e-29	2.90631e-30	1.96796e-31	1.27273e-32	
9.03908e-10	2.40698e-10	5.93524e-11	1.35686e-11	2.87977e-12	5.68284e-13	1.04437e-13	1.79037e-14	2.86787e-15	4.29964e-16	6.04339e-17	7.97649e-18	9.90181e-19	1.15786e-19	1.27727e-20	1.33111e-21	1.31236e-22	1.22566e-23	1.08573e-24	9.13333e-26	7.30471e-27	5.56066e-28	4.03332e-29	2.79033e-30	1.84302e-31	
6.32879e-09	1.74894e-09	4.47227e-10	1.05939e-10	2.32777e-11	4.7514e-12	9.02391e-13	1.59729e-13	2.63951e-14	4.079e-15	5.90485e-16	8.02062e-17	1.02389e-17	1.23036e-18	1.39381e-19	1.49074e-20	1.50744e-21	1.44314e-22	1.3097e-23	1.12815e-24	9.23444e-26	7.19121e-27	5.33352e-28	3.77137e-29	2.54502e-30	
4.13036e-08	1.18658e-08	3.15173e-09	7.74793e-10	1.76507e-10	3.73172e-11	7.33369e-12	1.34192e-12	2.2902e-13	3.65183e-14	5.4499e-15	7.62509e-16	1.00184e-16	1.23809e-17	1.4414e-18	1.58322e-19	1.64308e-20	1.61338e-21	1.50091e-22	1.32453e-23	1.11018e-24	8.84825e-26	6.71328e-27	4.85391e-28	3.3479e-29	
2.50535e-07	7.49652e-08	2.07206e-08	5.29531e-09	1.25273e-09	2.74742e-10	5.59479e-11	1.05967e-11	1.87001e-12	3.08017e-13	4.7438e-14	6.84319e-15	9.26212e-16	1.17815e-16	1.41068e-17	1.59244e-18	1.69727e-19	1.71046e-20	1.63208e-21	1.47641e-22	1.26781e-23	1.03467e-24	8.03424e-26	5.94241e-27	4.19091e-28	
1.40793e-06	4.3973e-07	1.26735e-07	3.37337e-08	8.3022e-09	1.89189e-09	3.99823e-10	7.84969e-11	1.43425e-11	2.44329e-12	3.88767e-13	5.78827e-14	8.07822e-15	1.0586e-15	1.30472e-16	1.51483e-17	1.65934e-18	1.71741e-19	1.68185e-20	1.5605e-21	1.37361e-22	1.14846e-23	9.13145e-25	6.91222e-26	4.98674e-27	
7.30498e-06	2.38712e-06	7.19011e-07	1.99758e-07	5.1245e-08	1.21559e-08	2.67056e-09	5.44328e-10	1.03123e-10	1.81928e-11	2.99436e-12	4.60658e-13	6.63607e-14	8.96746e-15	1.13867e-15	1.36086e-16	1.53321e-17	1.63089e-18	1.64026e-19	1.56197e-20	1.41018e-21	1.20858e-22	9.84455e-24	7.63029e-25	5.63365e-26	
3.48588e-05	1.19507e-05	3.77146e-06	1.09624e-06	2.93786e-07	7.26903e-08	1.66322e-08	3.52553e-09	6.93622e-10	1.26907e-10	2.16349e-11	3.44328e-12	5.12572e-13	7.14996e-14	9.36244e-15	1.1528e-15	1.33695e-16	1.46269e-17	1.51189e-18	1.47858e-19	1.36999e-20	1.20423e-21	1.00546e-22	7.98357e-24	6.03532e-25	
0.000152343	5.4961e-05	1.82253e-05	5.55727e-06	1.55966e-06	4.0343e-07	9.63374e-08	2.12769e-08	4.35471e-09	8.27606e-10	1.46347e-10	2.41276e-11	3.71598e-12	5.35663e-13	7.24063e-14	9.19394e-15	1.09852e-15	1.23712e-16	1.31517e-17	1.32182e-18	1.25776e-19	1.13461e-20	9.71577e-22	7.90723e-23	6.12346e-24	
0.00060689	0.00023121	8.08247e-05	2.59316e-05	7.64267e-06	2.07193e-06	5.17553e-07	1.19348e-07	2.5459e-08	5.03451e-09	9.24885e-10	1.5818e-10	2.52378e-11	3.76407e-12	5.25795e-13	6.89187e-14	8.49169e-15	9.85211e-16	1.07807e-16	1.11435e-17	1.08967e-18	1.00942e-19	8.8703e-21	7.40357e-22	5.87635e-23	
0.0021924	0.000885534	0.000327545	0.000110954	3.44478e-05	9.81559e-06	2.57137e-06	6.20547e-07	1.38257e-07	2.8502e-08	5.44903e-09	9.68259e-10	1.60266e-10	2.47625e-11	3.57879e-12	4.84749e-13	6.16525e-14	7.37587e-15	8.3146e-16	8.8458e-17	8.89543e-18	8.46769e-19	7.64068e-20	6.54397e-21	5.32642e-22	
0.00714096	0.00307187	0.00120736	0.000433495	0.000142281	4.27476e-05	1.17781e-05	2.98234e-06	6.95602e-07	1.49804e-07	2.98601e-08	5.52206e-09	9.49656e-10	1.52217e-10	2.27893e-11	3.19352e-12	4.19696e-13	5.18253e-14	6.02369e-15	6.60135e-16	6.83199e-17	6.68755e-18	6.20038e-19	5.4525e-20	4.55368e-21	
