1.15659	1.08919	0.958105	0.770122	0.532737	0.271927	0.0161567	-0.194629	-0.335312	-0.416793	-0.451869	-0.451715	-0.440897	-0.421025	-0.381037	-0.327244	-0.29145	-0.287141	-0.299789	-0.327908	-0.377098	-0.456589	-0.562449	-0.685305	-0.809655	
1.08919	1.03989	0.92213	0.74796	0.524877	0.271952	0.0227957	-0.185219	-0.332037	-0.422541	-0.466366	-0.475307	-0.483679	-0.483334	-0.454111	-0.403818	-0.358075	-0.335321	-0.326781	-0.330212	-0.355453	-0.403295	-0.480362	-0.584236	-0.6919	
0.958105	0.92213	0.820756	0.668487	0.467135	0.233123	0.00488416	-0.188264	-0.326146	-0.409246	-0.450299	-0.470576	-0.496446	-0.515362	-0.501167	-0.461664	-0.411847	-0.366582	-0.336505	-0.3236	-0.326535	-0.348794	-0.405845	-0.490547	-0.578737	
0.770122	0.74796	0.668487	0.543667	0.370251	0.170136	-0.0250974	-0.190113	-0.306645	-0.372481	-0.401303	-0.427867	-0.46741	-0.499372	-0.506353	-0.490998	-0.444517	-0.386751	-0.342256	-0.312078	-0.297466	-0.302131	-0.34237	-0.409991	-0.477697	
0.532737	0.524877	0.467135	0.370251	0.239184	0.0899902	-0.0543141	-0.176836	-0.257417	-0.298335	-0.315007	-0.347081	-0.397297	-0.4475	-0.479051	-0.485784	-0.448981	-0.389219	-0.335334	-0.294678	-0.270453	-0.269606	-0.296314	-0.346866	-0.396325	
0.271927	0.271952	0.233123	0.170136	0.0899902	0.000452136	-0.0890458	-0.158085	-0.193771	-0.205707	-0.207032	-0.233542	-0.289043	-0.356798	-0.413516	-0.437483	-0.41791	-0.371354	-0.320212	-0.27927	-0.258301	-0.256309	-0.270295	-0.300697	-0.340293	
0.0161567	0.0227957	0.00488416	-0.0250974	-0.0543141	-0.0890458	-0.121054	-0.128901	-0.114561	-0.0973775	-0.0808759	-0.0932882	-0.152331	-0.238691	-0.312662	-0.354462	-0.357991	-0.332166	-0.296377	-0.266786	-0.252025	-0.251046	-0.25368	-0.268597	-0.308541	
-0.194629	-0.185219	-0.188264	-0.190113	-0.176836	-0.158085	-0.128901	-0.0746289	-0.0149566	0.033413	0.0673845	0.0619645	-0.000256013	-0.0926522	-0.178942	-0.237166	-0.262378	-0.264231	-0.251322	-0.23992	-0.235596	-0.234548	-0.235453	-0.252825	-0.295814	
-0.335312	-0.332037	-0.326146	-0.306645	-0.257417	-0.193771	-0.114561	-0.0149566	0.0863283	0.170168	0.214604	0.214373	0.16179	0.0770466	-0.0136534	-0.0853993	-0.133386	-0.159356	-0.174617	-0.185627	-0.194697	-0.203663	-0.222593	-0.255772	-0.312155	
-0.416793	-0.422541	-0.409246	-0.372481	-0.298335	-0.205707	-0.0973775	0.033413	0.170168	0.276348	0.327376	0.339358	0.310232	0.243805	0.15878	0.0792342	0.0179297	-0.0290853	-0.0675303	-0.101001	-0.132915	-0.168452	-0.215251	-0.273406	-0.346587	
-0.451869	-0.466366	-0.450299	-0.401303	-0.315007	-0.207032	-0.0808759	0.0673845	0.214604	0.327376	0.392476	0.431131	0.435319	0.396093	0.325572	0.249488	0.176596	0.110326	0.0571658	0.00612764	-0.0585995	-0.125867	-0.199485	-0.284859	-0.376417	
-0.451715	-0.475307	-0.470576	-0.427867	-0.347081	-0.233542	-0.0932882	0.0619645	0.214373	0.339358	0.431131	0.498948	0.528051	0.51384	0.466631	0.399514	0.316005	0.237874	0.17595	0.104769	0.0139816	-0.0822728	-0.178586	-0.283498	-0.396498	
-0.440897	-0.483679	-0.496446	-0.46741	-0.397297	-0.289043	-0.152331	-0.000256013	0.16179	0.310232	0.435319	0.528051	0.578125	0.589003	0.561902	0.500311	0.413477	0.326567	0.249558	0.162279	0.0565777	-0.0516313	-0.162083	-0.283519	-0.40713	
-0.421025	-0.483334	-0.515362	-0.499372	-0.4475	-0.356798	-0.238691	-0.0926522	0.0770466	0.243805	0.396093	0.51384	0.589003	0.623529	0.607248	0.552337	0.47083	0.375275	0.279582	0.177664	0.0750627	-0.0322718	-0.147003	-0.271028	-0.387964	
-0.381037	-0.454111	-0.501167	-0.506353	-0.479051	-0.413516	-0.312662	-0.178942	-0.0136534	0.15878	0.325572	0.466631	0.561902	0.607248	0.594882	0.547182	0.471517	0.37728	0.277273	0.1777	0.0883207	-0.0104616	-0.124107	-0.238708	-0.33783	
-0.327244	-0.403818	-0.461664	-0.490998	-0.485784	-0.437483	-0.354462	-0.237166	-0.0853993	0.0792342	0.249488	0.399514	0.500311	0.552337	0.547182	0.497276	0.422741	0.336181	0.247478	0.164355	0.0916912	0.00988976	-0.0854614	-0.178784	-0.252197	
-0.29145	-0.358075	-0.411847	-0.444517	-0.448981	-0.41791	-0.357991	-0.262378	-0.133386	0.0179297	0.176596	0.316005	0.413477	0.47083	0.471517	0.422741	0.352645	0.281608	0.211173	0.140709	0.081488	0.0226482	-0.0450723	-0.110655	-0.153427	
-0.287141	-0.335321	-0.366582	-0.386751	-0.389219	-0.371354	-0.332166	-0.264231	-0.159356	-0.0290853	0.110326	0.237874	0.326567	0.375275	0.37728	0.336181	0.281608	0.229351	0.168698	0.104382	0.0584327	0.0240044	-0.0120022	-0.0408023	-0.0474727	
-0.299789	-0.326781	-0.336505	-0.342256	-0.335334	-0.320212	-0.296377	-0.251322	-0.174617	-0.0675303	0.0571658	0.17595	0.249558	0.279582	0.277273	0.247478	0.211173	0.168698	0.109931	0.0577438	0.0252152	0.0154726	0.0145133	0.0292062	0.0688302	
-0.327908	-0.330212	-0.3236	-0.312078	-0.294678	-0.27927	-0.266786	-0.23992	-0.185627	-0.101001	0.00612764	0.104769	0.162279	0.177664	0.1777	0.164355	0.140709	0.104382	0.0577438	0.0182639	0.00416365	0.0129106	0.0412302	0.0972002	0.182592	
-0.377098	-0.355453	-0.326535	-0.297466	-0.270453	-0.258301	-0.252025	-0.235596	-0.194697	-0.132915	-0.0585995	0.0139816	0.0565777	0.0750627	0.0883207	0.0916912	0.081488	0.0584327	0.0252152	0.00416365	0.00639328	0.0410277	0.0992676	0.185848	0.306155	
-0.456589	-0.403295	-0.348794	-0.302131	-0.269606	-0.256309	-0.251046	-0.234548	-0.203663	-0.168452	-0.125867	-0.0822728	-0.0516313	-0.0322718	-0.0104616	0.00988976	0.0226482	0.0240044	0.0154726	0.0129106	0.0410277	0.108563	0.200433	0.310692	0.449379	
-0.562449	-0.480362	-0.405845	-0.34237	-0.296314	-0.270295	-0.25368	-0.235453	-0.222593	-0.215251	-0.199485	-0.178586	-0.162083	-0.147003	-0.124107	-0.0854614	-0.0450723	-0.0120022	0.0145133	0.0412302	0.0992676	0.200433	0.327299	0.461871	0.611889	
-0.685305	-0.584236	-0.490547	-0.409991	-0.346866	-0.300697	-0.268597	-0.252825	-0.255772	-0.273406	-0.284859	-0.283498	-0.283519	-0.271028	-0.238708	-0.178784	-0.110655	-0.0408023	0.0292062	0.0972002	0.185848	0.310692	0.461871	0.621002	0.780073	
-0.809655	-0.6919	-0.578737	-0.477697	-0.396325	-0.340293	-0.308541	-0.295814	-0.312155	-0.346587	-0.376417	-0.396498	-0.40713	-0.387964	-0.33783	-0.252197	-0.153427	-0.0474727	0.0688302	0.182592	0.306155	0.449379	0.611889	0.780073	0.940946	
-0.917955	-0.794803	-0.666419	-0.546668	-0.454928	-0.398624	-0.375391	-0.373817	-0.394229	-0.43272	-0.472162	-0.5026	-0.515484	-0.485517	-0.412239	-0.295266	-0.160283	-0.0143783	0.142317	0.295347	0.455481	0.619545	0.783727	0.942919	1.08698	
-1.01122	-0.890966	-0.755044	-0.627575	-0.531822	-0.481386	-0.469836	-0.479527	-0.501474	-0.534201	-0.571684	-0.595774	-0.600011	-0.551888	-0.45271	-0.304574	-0.128028	0.061526	0.250828	0.434428	0.617596	0.797365	0.958219	1.096	1.20804	
-1.10897	-0.990024	-0.851063	-0.724089	-0.632529	-0.586548	-0.583612	-0.597804	-0.617378	-0.643366	-0.667473	-0.679588	-0.659818	-0.588836	-0.462695	-0.287969	-0.0775342	0.149934	0.371995	0.575404	0.771387	0.95238	1.10489	1.22213	1.3003	
-1.20448	-1.08435	-0.941344	-0.81913	-0.737015	-0.697564	-0.69362	-0.707067	-0.718731	-0.732301	-0.745172	-0.738656	-0.69945	-0.605444	-0.455286	-0.262313	-0.0314535	0.221507	0.465449	0.689345	0.889835	1.06416	1.20316	1.30528	1.36305	
-1.27299	-1.15158	-1.00529	-0.887396	-0.813264	-0.776189	-0.770592	-0.780776	-0.785142	-0.788884	-0.790101	-0.772848	-0.720326	-0.614162	-0.448673	-0.243962	-0.00430902	0.257836	0.514554	0.751661	0.957649	1.12448	1.24946	1.34221	1.39308	
-1.28678	-1.16395	-1.01788	-0.901877	-0.827568	-0.79117	-0.786325	-0.793828	-0.797228	-0.799622	-0.79672	-0.778466	-0.723825	-0.615972	-0.447677	-0.241448	-0.000132636	0.263261	0.521594	0.761429	0.969489	1.13372	1.25662	1.34753	1.39718	
-1.23637	-1.11595	-0.971484	-0.851066	-0.77353	-0.735259	-0.729651	-0.742682	-0.750539	-0.759596	-0.767906	-0.755888	-0.709686	-0.609837	-0.452206	-0.253348	-0.0180591	0.240026	0.490789	0.720689	0.923468	1.0945	1.22709	1.3247	1.37844	
-1.14859	-1.02928	-0.888416	-0.763362	-0.6743	-0.632086	-0.62952	-0.643646	-0.660946	-0.681885	-0.701985	-0.706084	-0.677646	-0.596271	-0.46013	-0.277597	-0.0572608	0.182483	0.414307	0.626342	0.823867	1.00294	1.15122	1.26148	1.32982	
-1.05014	-0.930447	-0.793416	-0.665011	-0.570278	-0.521095	-0.514366	-0.526816	-0.547861	-0.578833	-0.610902	-0.632052	-0.626549	-0.570514	-0.460446	-0.300682	-0.109167	0.0968564	0.300562	0.491761	0.682104	0.863317	1.02165	1.15079	1.24773	
-0.955302	-0.833004	-0.70088	-0.577138	-0.482286	-0.429004	-0.409702	-0.413518	-0.435265	-0.471013	-0.511633	-0.540148	-0.552035	-0.515549	-0.431934	-0.302195	-0.15066	0.0121381	0.181461	0.348858	0.519497	0.691557	0.855044	1.00614	1.1394	
-0.856007	-0.734441	-0.614152	-0.504595	-0.418648	-0.360469	-0.331758	-0.322845	-0.341827	-0.37971	-0.41457	-0.440842	-0.453526	-0.430873	-0.371869	-0.273443	-0.161289	-0.0403277	0.093674	0.224411	0.363678	0.515001	0.678244	0.84485	1.00133	
-0.735847	-0.626927	-0.525762	-0.437226	-0.366112	-0.314998	-0.281603	-0.265882	-0.275085	-0.300942	-0.320785	-0.328311	-0.333468	-0.318957	-0.280199	-0.211169	-0.131117	-0.0467139	0.041481	0.127999	0.229845	0.361761	0.519472	0.684959	0.846062	
-0.609974	-0.520456	-0.438327	-0.367878	-0.315701	-0.28093	-0.257037	-0.240429	-0.234068	-0.236906	-0.233289	-0.219406	-0.209365	-0.195891	-0.171024	-0.124698	-0.0731733	-0.0253503	0.0181184	0.0599976	0.129129	0.242181	0.380211	0.525326	0.67963	
-0.496063	-0.42981	-0.36693	-0.313912	-0.276594	-0.259652	-0.251966	-0.233429	-0.209444	-0.185581	-0.153568	-0.120079	-0.095347	-0.0767744	-0.054542	-0.0274596	-0.00362833	0.0104166	0.0141178	0.0217893	0.0616937	0.143112	0.249557	0.369379	0.51242	
-0.405188	-0.371639	-0.332402	-0.29545	-0.267149	-0.255198	-0.24996	-0.234953	-0.197631	-0.146482	-0.0858186	-0.0251826	0.0129981	0.0328636	0.0515489	0.0617922	0.0593415	0.0439642	0.0193716	0.00518175	0.0170212	0.0644148	0.135003	0.231258	0.361169	
-0.344697	-0.338345	-0.322839	-0.304768	-0.282273	-0.269224	-0.259637	-0.237712	-0.189554	-0.113352	-0.0181901	0.0706931	0.121173	0.136278	0.141068	0.134599	0.115381	0.0832931	0.0410736	0.0096779	0.00171633	0.0195338	0.0590921	0.128482	0.229922	
-0.308682	-0.326013	-0.32982	-0.328531	-0.317731	-0.300996	-0.282849	-0.245825	-0.179152	-0.0819731	0.0374523	0.149513	0.21681	0.239459	0.236361	0.213113	0.182433	0.142131	0.0874464	0.0394186	0.0143238	0.0120184	0.0234795	0.0560364	0.114121	
-0.290968	-0.33084	-0.352007	-0.36693	-0.365621	-0.350817	-0.317543	-0.259776	-0.166579	-0.0449223	0.0879289	0.21214	0.295875	0.337138	0.337724	0.30056	0.253688	0.207138	0.146879	0.0863737	0.0452176	0.0210818	-9.43153e-05	-0.0119846	-0.00115029	
-0.286995	-0.346853	-0.392379	-0.421051	-0.426421	-0.401131	-0.350471	-0.265707	-0.145648	-0.00243018	0.148509	0.282659	0.376923	0.433106	0.43508	0.388752	0.323423	0.260459	0.195974	0.127969	0.0739406	0.0250431	-0.0309208	-0.0832209	-0.112561	
-0.30826	-0.382955	-0.442133	-0.475322	-0.475546	-0.434709	-0.360713	-0.25053	-0.107517	0.0527309	0.220087	0.367283	0.467749	0.522884	0.520718	0.470369	0.396024	0.314455	0.232994	0.156137	0.0894247	0.0160286	-0.068715	-0.151804	-0.213341	
-0.360341	-0.435527	-0.488056	-0.50383	-0.486053	-0.427748	-0.333623	-0.206427	-0.0453584	0.125326	0.294032	0.441834	0.541352	0.588337	0.578759	0.5309	0.456242	0.364475	0.268088	0.174333	0.0918575	-0.00135308	-0.110177	-0.217901	-0.307123	
-0.407562	-0.474849	-0.513358	-0.504939	-0.462302	-0.382073	-0.271487	-0.129367	0.040015	0.210472	0.370231	0.498164	0.58272	0.623484	0.608608	0.556988	0.478887	0.382265	0.281979	0.178751	0.080264	-0.0243662	-0.139348	-0.260642	-0.371562	
-0.435469	-0.486572	-0.506997	-0.48232	-0.418987	-0.316232	-0.186052	-0.0362768	0.129683	0.287822	0.424501	0.527386	0.587101	0.607737	0.586378	0.526916	0.441526	0.350972	0.265994	0.172003	0.0657517	-0.0432612	-0.156426	-0.280841	-0.403653	
-0.447636	-0.477722	-0.47976	-0.442786	-0.365575	-0.253215	-0.111454	0.0437762	0.19908	0.332922	0.438131	0.516045	0.553184	0.548608	0.510733	0.446129	0.360157	0.278724	0.211471	0.133432	0.0349995	-0.0683128	-0.171528	-0.283632	-0.402801	
-0.454883	-0.472017	-0.459292	-0.410534	-0.324529	-0.212822	-0.0799997	0.0720324	0.220472	0.335703	0.410258	0.462021	0.477325	0.44909	0.38673	0.31378	0.236341	0.164468	0.107891	0.0494058	-0.0277767	-0.10712	-0.190845	-0.285183	-0.385144	
