-0.68846	-0.636831	-0.575504	-0.528534	-0.50147	-0.497245	-0.514758	-0.554804	-0.611514	-0.671893	-0.697653	-0.6614	-0.56467	-0.437896	-0.302408	-0.165428	-0.0201869	0.141516	0.31039	0.457284	0.557406	0.594897	0.555593	0.435742	0.273304	
-0.828455	-0.796286	-0.75706	-0.733186	-0.727376	-0.726029	-0.729849	-0.74475	-0.779909	-0.819217	-0.824544	-0.766397	-0.654226	-0.518589	-0.377419	-0.233194	-0.0824962	0.0712261	0.21426	0.326549	0.39324	0.40309	0.342152	0.217096	0.0533056	
-0.909824	-0.910944	-0.903259	-0.907504	-0.91868	-0.921264	-0.912163	-0.903491	-0.907193	-0.913674	-0.889416	-0.811187	-0.688714	-0.549019	-0.408177	-0.263465	-0.114281	0.0308333	0.145907	0.219485	0.247895	0.228026	0.148943	0.020278	-0.134886	
-0.930123	-0.972648	-1.00531	-1.03722	-1.06378	-1.06811	-1.04998	-1.01782	-0.98637	-0.949226	-0.889638	-0.791459	-0.66407	-0.523243	-0.385096	-0.247865	-0.11048	0.0171357	0.105109	0.139999	0.130132	0.0804018	-0.0144146	-0.143444	-0.289778	
-0.898254	-0.98637	-1.06026	-1.11994	-1.16033	-1.16666	-1.13976	-1.08557	-1.01805	-0.934953	-0.836365	-0.71811	-0.587612	-0.447525	-0.313083	-0.188067	-0.0751302	0.0241191	0.081607	0.085933	0.0427961	-0.0319695	-0.138647	-0.265058	-0.402708	
-0.822971	-0.952357	-1.06223	-1.1488	-1.20366	-1.21316	-1.17529	-1.0998	-0.999312	-0.876278	-0.740417	-0.601401	-0.46587	-0.328012	-0.198821	-0.091025	-0.011022	0.0458773	0.0683944	0.046833	-0.0161322	-0.109802	-0.222082	-0.343172	-0.471631	
-0.711731	-0.871089	-1.00905	-1.1191	-1.1916	-1.20381	-1.15404	-1.05605	-0.92997	-0.777031	-0.612033	-0.450752	-0.306031	-0.168432	-0.0480976	0.0394786	0.0816344	0.0901689	0.0703136	0.026968	-0.0454117	-0.143988	-0.258222	-0.370665	-0.490732	
-0.577679	-0.755543	-0.909963	-1.0405	-1.12891	-1.14523	-1.08238	-0.965212	-0.820428	-0.65096	-0.466715	-0.286145	-0.127144	0.0124925	0.122139	0.185279	0.190805	0.151955	0.0901421	0.0237901	-0.0489728	-0.140277	-0.244696	-0.348181	-0.457388	
-0.437251	-0.621007	-0.783647	-0.925925	-1.02576	-1.04462	-0.972997	-0.84338	-0.688505	-0.513227	-0.320439	-0.127705	0.0451342	0.188317	0.286531	0.323303	0.294462	0.216848	0.119523	0.0318387	-0.0420013	-0.117602	-0.202159	-0.289652	-0.389339	
-0.318718	-0.50168	-0.663472	-0.806754	-0.90771	-0.92686	-0.854573	-0.723436	-0.568786	-0.394046	-0.202692	-0.0072053	0.170137	0.315037	0.402158	0.415893	0.358061	0.253449	0.135054	0.0338715	-0.0407884	-0.100919	-0.156859	-0.217777	-0.30018	
-0.229945	-0.406023	-0.559439	-0.690987	-0.780701	-0.798421	-0.733327	-0.615629	-0.469645	-0.302953	-0.117732	0.066445	0.235861	0.371139	0.449125	0.445588	0.369444	0.248672	0.1239	0.0214583	-0.0510091	-0.100406	-0.130688	-0.158801	-0.213612	
-0.158264	-0.321509	-0.458238	-0.56643	-0.63641	-0.649657	-0.600002	-0.50522	-0.379763	-0.225748	-0.0560298	0.10773	0.250283	0.364397	0.427147	0.416615	0.333273	0.209219	0.0870578	-0.00637128	-0.0709364	-0.113276	-0.128973	-0.131196	-0.15516	
-0.0958204	-0.235772	-0.346423	-0.425004	-0.47093	-0.48	-0.446938	-0.381921	-0.283747	-0.154428	-0.00863017	0.120766	0.225173	0.301372	0.344063	0.328106	0.25256	0.136129	0.0254614	-0.0546854	-0.105316	-0.13787	-0.145172	-0.13353	-0.131731	
-0.0369662	-0.140651	-0.217656	-0.265676	-0.290578	-0.295652	-0.277514	-0.240113	-0.175007	-0.0806371	0.0260547	0.112291	0.16877	0.202788	0.217337	0.199382	0.138578	0.0459622	-0.0443758	-0.105415	-0.138742	-0.15545	-0.151109	-0.131397	-0.115322	
0.0306521	-0.0237562	-0.062166	-0.0827856	-0.0925325	-0.094697	-0.0872067	-0.0720661	-0.0412786	0.00765438	0.0614506	0.0931587	0.0999828	0.0909192	0.079218	0.055333	0.0136519	-0.0491168	-0.106612	-0.143006	-0.155941	-0.153602	-0.13251	-0.101763	-0.0780523	
0.118857	0.122185	0.125036	0.12795	0.129759	0.12872	0.129711	0.125982	0.123726	0.120229	0.110782	0.0792283	0.0340863	-0.0127745	-0.0482929	-0.0774326	-0.107379	-0.140503	-0.163656	-0.167625	-0.157356	-0.135518	-0.095871	-0.051176	-0.018227	
0.217446	0.28013	0.323475	0.350518	0.362731	0.364251	0.357082	0.336369	0.299765	0.244986	0.16892	0.0727316	-0.0245212	-0.104557	-0.156638	-0.189778	-0.210496	-0.223679	-0.214238	-0.183803	-0.141749	-0.0952435	-0.0360574	0.025273	0.0692446	
0.319018	0.433649	0.516314	0.569326	0.597293	0.6006	0.583973	0.540261	0.471091	0.368122	0.235732	0.080981	-0.0620493	-0.171471	-0.234963	-0.266595	-0.279453	-0.276995	-0.245387	-0.182262	-0.105509	-0.0262953	0.0569055	0.132507	0.186037	
0.40832	0.563423	0.681602	0.765585	0.813136	0.821067	0.789059	0.719325	0.614992	0.474729	0.299401	0.104828	-0.0740525	-0.206461	-0.279808	-0.307923	-0.309875	-0.295076	-0.246702	-0.162178	-0.0541587	0.0584216	0.169042	0.259376	0.314187	
0.470719	0.653102	0.802762	0.918047	0.988915	1.00061	0.952902	0.852871	0.717272	0.546863	0.348003	0.131437	-0.0654573	-0.214946	-0.297699	-0.325664	-0.319331	-0.292132	-0.233678	-0.136369	-0.0123252	0.124622	0.258183	0.361622	0.416699	
0.508094	0.705108	0.877606	1.01938	1.10976	1.12581	1.06314	0.938863	0.777153	0.589456	0.380366	0.162542	-0.0368383	-0.19064	-0.281692	-0.313949	-0.305725	-0.272412	-0.207112	-0.108459	0.0174631	0.157117	0.297119	0.404306	0.455218	
0.54105	0.739853	0.921517	1.07664	1.17789	1.19599	1.12558	0.987765	0.81498	0.621602	0.417073	0.210039	0.0246158	-0.12232	-0.213953	-0.252892	-0.251577	-0.222154	-0.162	-0.0709086	0.039136	0.161535	0.282469	0.37443	0.413837	
0.588236	0.773265	0.945941	1.09558	1.19494	1.21287	1.14346	1.0098	0.844289	0.663163	0.47444	0.289766	0.126979	-0.000454592	-0.0839296	-0.125215	-0.135697	-0.123574	-0.0829616	-0.0172117	0.0638698	0.149328	0.232252	0.288568	0.303254	
0.649849	0.805203	0.947727	1.07302	1.15696	1.17264	1.11322	1.00106	0.863967	0.712979	0.554398	0.399053	0.265789	0.163168	0.096526	0.0584774	0.0358264	0.0221545	0.0252901	0.0491665	0.0832799	0.122717	0.157023	0.170524	0.153538	
0.722289	0.830788	0.926541	1.01113	1.0708	1.08183	1.03953	0.962127	0.87061	0.767291	0.651862	0.534554	0.432857	0.356547	0.307109	0.274353	0.239555	0.193753	0.148373	0.111821	0.0861007	0.0684025	0.0547839	0.0269739	-0.0191854	
0.788198	0.838901	0.875641	0.912642	0.94246	0.948977	0.926051	0.890494	0.854244	0.810535	0.750041	0.678211	0.610989	0.557588	0.520314	0.487471	0.436863	0.357253	0.25846	0.157689	0.0638032	-0.0117297	-0.072431	-0.132136	-0.199838	
0.838901	0.824923	0.801458	0.7894	0.791278	0.792402	0.789216	0.794506	0.815448	0.835587	0.836717	0.816796	0.786333	0.753062	0.719789	0.677237	0.604494	0.489329	0.343398	0.184597	0.0322879	-0.0977036	-0.199176	-0.288002	-0.371879	
0.875641	0.801458	0.722157	0.66885	0.646023	0.643693	0.656132	0.697048	0.768257	0.848249	0.909645	0.942577	0.949438	0.933784	0.898049	0.837575	0.735948	0.586968	0.402502	0.204333	0.00988165	-0.159035	-0.297518	-0.414975	-0.520008	
0.912642	0.7894	0.66885	0.584145	0.54477	0.539066	0.5634	0.62944	0.738821	0.86512	0.975858	1.05304	1.09168	1.08915	1.04727	0.964477	0.832753	0.651609	0.439566	0.216098	-0.000850668	-0.196257	-0.363333	-0.512172	-0.643135	
0.94246	0.791278	0.646023	0.54477	0.495411	0.488666	0.518753	0.599252	0.729751	0.883455	1.02344	1.12808	1.18596	1.19123	1.14308	1.04396	0.889339	0.687089	0.457136	0.222184	-0.00601403	-0.21386	-0.40044	-0.571918	-0.725676	
0.948977	0.792402	0.643693	0.539066	0.488666	0.48124	0.512756	0.59526	0.729637	0.887643	1.03295	1.14194	1.20345	1.20941	1.16041	1.05735	0.899014	0.691865	0.45947	0.221693	-0.00749212	-0.218148	-0.407602	-0.5839	-0.741526	
0.926051	0.789216	0.656132	0.5634	0.518753	0.512756	0.539829	0.613329	0.733041	0.873113	0.998101	1.08903	1.13684	1.13852	1.09347	1.00349	0.860624	0.669941	0.448917	0.220067	-0.00296367	-0.204497	-0.381282	-0.540727	-0.682442	
0.890494	0.794506	0.697048	0.62944	0.599252	0.59526	0.613329	0.665487	0.753889	0.854198	0.937439	0.989374	1.0102	0.999939	0.962314	0.892495	0.779011	0.616091	0.419849	0.209539	0.00443207	-0.176998	-0.327762	-0.458082	-0.572839	
0.854244	0.815448	0.768257	0.738821	0.729751	0.729637	0.733041	0.753889	0.795793	0.841213	0.866869	0.868908	0.853096	0.827658	0.793565	0.745374	0.661263	0.532999	0.370092	0.193783	0.0220188	-0.12528	-0.24235	-0.342314	-0.433989	
0.810535	0.835587	0.848249	0.86512	0.883455	0.887643	0.873113	0.854198	0.841213	0.822702	0.786717	0.734789	0.682203	0.636568	0.602201	0.566239	0.508021	0.4137	0.295249	0.169339	0.0504372	-0.0480913	-0.125567	-0.196995	-0.27102	
0.750041	0.836717	0.909645	0.975858	1.02344	1.03295	0.998101	0.937439	0.866869	0.786717	0.691714	0.592317	0.503475	0.43729	0.393085	0.362045	0.321079	0.262315	0.195123	0.132941	0.0799735	0.0390649	0.00639098	-0.0351726	-0.0911573	
0.678211	0.816796	0.942577	1.05304	1.12808	1.14194	1.08903	0.989374	0.868908	0.734789	0.592317	0.450934	0.330355	0.237891	0.178889	0.14285	0.115748	0.0892909	0.074038	0.0753246	0.0869493	0.104661	0.119654	0.115903	0.0865169	
0.610989	0.786333	0.949438	1.09168	1.18596	1.20345	1.13684	1.0102	0.853096	0.682203	0.503475	0.330355	0.178245	0.0608689	-0.0169999	-0.0569063	-0.0727594	-0.0699334	-0.0425747	0.00874905	0.0733044	0.14136	0.205587	0.244798	0.246942	
0.557588	0.753062	0.933784	1.08915	1.19123	1.20941	1.13852	0.999939	0.827658	0.636568	0.43729	0.237891	0.0608689	-0.079929	-0.169215	-0.209934	-0.213086	-0.189336	-0.135223	-0.0517727	0.0482194	0.157853	0.26519	0.344808	0.375968	
0.520314	0.719789	0.898049	1.04727	1.14308	1.16041	1.09347	0.962314	0.793565	0.602201	0.393085	0.178889	-0.0169999	-0.169215	-0.261904	-0.296472	-0.290218	-0.257041	-0.192004	-0.0949789	0.0267521	0.161553	0.296989	0.400607	0.448125	
0.487471	0.677237	0.837575	0.964477	1.04396	1.05735	1.00349	0.892495	0.745374	0.566239	0.362045	0.14285	-0.0569063	-0.209934	-0.296472	-0.325367	-0.317482	-0.286583	-0.225071	-0.125519	0.000714042	0.141682	0.280403	0.387147	0.441514	
0.436863	0.604494	0.735948	0.832753	0.889339	0.899014	0.860624	0.779011	0.661263	0.508021	0.321079	0.115748	-0.0727594	-0.213086	-0.290218	-0.317482	-0.315311	-0.295613	-0.24244	-0.15192	-0.0353556	0.088635	0.209693	0.305904	0.360543	
0.357253	0.489329	0.586968	0.651609	0.687089	0.691865	0.669941	0.616091	0.532999	0.4137	0.262315	0.0892909	-0.0699334	-0.189336	-0.257041	-0.286583	-0.295613	-0.287745	-0.249428	-0.175952	-0.0858533	0.00731869	0.10152	0.182722	0.237734	
0.25846	0.343398	0.402502	0.439566	0.457136	0.45947	0.448917	0.419849	0.370092	0.295249	0.195123	0.074038	-0.0425747	-0.135223	-0.192004	-0.225071	-0.24244	-0.249428	-0.229988	-0.185771	-0.12976	-0.0707247	-0.00285695	0.0646401	0.112492	
0.157689	0.184597	0.204333	0.216098	0.222184	0.221693	0.220067	0.209539	0.193783	0.169339	0.132941	0.0753246	0.00874905	-0.0517727	-0.0949789	-0.125519	-0.15192	-0.175952	-0.185771	-0.175716	-0.153396	-0.122719	-0.0752792	-0.0244098	0.0133593	
0.0638032	0.0322879	0.00988165	-0.000850668	-0.00601403	-0.00749212	-0.00296367	0.00443207	0.0220188	0.0504372	0.0799735	0.0869493	0.0733044	0.0482194	0.0267521	0.000714042	-0.0353556	-0.0858533	-0.12976	-0.153396	-0.15791	-0.147589	-0.119917	-0.0835023	-0.0569562	
-0.0117297	-0.0977036	-0.159035	-0.196257	-0.21386	-0.218148	-0.204497	-0.176998	-0.12528	-0.0480913	0.0390649	0.104661	0.14136	0.157853	0.161553	0.141682	0.088635	0.00731869	-0.0707247	-0.122719	-0.147589	-0.157318	-0.146345	-0.122949	-0.102994	
-0.072431	-0.199176	-0.297518	-0.363333	-0.40044	-0.407602	-0.381282	-0.327762	-0.24235	-0.125567	0.00639098	0.119654	0.205587	0.26519	0.296989	0.280403	0.209693	0.10152	-0.00285695	-0.0752792	-0.119917	-0.146345	-0.150323	-0.134842	-0.126441	
-0.132136	-0.288002	-0.414975	-0.512172	-0.571918	-0.5839	-0.540727	-0.458082	-0.342314	-0.196995	-0.0351726	0.115903	0.244798	0.344808	0.400607	0.387147	0.305904	0.182722	0.0646401	-0.0244098	-0.0835023	-0.122949	-0.134842	-0.130352	-0.142995	
-0.199838	-0.371879	-0.520008	-0.643135	-0.725676	-0.741526	-0.682442	-0.572839	-0.433989	-0.27102	-0.0911573	0.0865169	0.246942	0.375968	0.448125	0.441514	0.360543	0.237734	0.112492	0.0133593	-0.0569562	-0.102994	-0.126441	-0.142995	-0.185553	
