1.00377	1.00192	1.00321	1.00857	1.01792	1.02015	1.01218	1.00494	1.002	1.00261	1.00688	1.01223	1.01311	1.00687	0.998819	0.98188	0.926852	0.837797	0.726336	0.592564	0.443127	0.287096	0.127056	-0.0296921	-0.170376	
0.922437	0.930179	0.943508	0.961598	0.980457	0.984727	0.970042	0.950347	0.934829	0.924397	0.923175	0.93154	0.938948	0.944091	0.950676	0.951455	0.917002	0.854185	0.770794	0.660134	0.52391	0.376159	0.217345	0.0546042	-0.0945356	
0.807209	0.831219	0.85499	0.879347	0.905899	0.91103	0.890375	0.863924	0.841191	0.816518	0.797338	0.800286	0.818898	0.836359	0.862105	0.885785	0.885262	0.854181	0.802316	0.724272	0.611162	0.472761	0.320484	0.154504	0.00415664	
0.651476	0.690454	0.731392	0.766518	0.794703	0.80101	0.778984	0.745747	0.70756	0.66582	0.636551	0.639637	0.662924	0.692312	0.735243	0.787727	0.827655	0.836512	0.816932	0.771867	0.688316	0.572203	0.434194	0.277526	0.128859	
0.467598	0.51182	0.558371	0.606438	0.64991	0.659884	0.625847	0.577098	0.530437	0.484168	0.451831	0.453942	0.48088	0.525061	0.590619	0.673609	0.753838	0.802883	0.810996	0.792034	0.745054	0.662142	0.551048	0.420007	0.28992	
0.263704	0.306563	0.352338	0.401365	0.444403	0.452317	0.4205	0.371116	0.32565	0.27854	0.249441	0.256739	0.292153	0.348951	0.440158	0.558308	0.66824	0.740735	0.777805	0.788463	0.775472	0.73616	0.669252	0.574178	0.467248	
0.0578725	0.0860409	0.126012	0.17697	0.213915	0.221134	0.19481	0.146471	0.100526	0.0667324	0.0510682	0.0602145	0.0999088	0.172346	0.28383	0.429842	0.566802	0.66979	0.738021	0.782692	0.809824	0.820161	0.800247	0.740319	0.652966	
-0.145297	-0.131867	-0.0986249	-0.0526209	-0.0209822	-0.0152497	-0.036877	-0.0809644	-0.12038	-0.142754	-0.141655	-0.120845	-0.074742	0.0121245	0.135778	0.29226	0.450657	0.587176	0.696764	0.786136	0.858681	0.910515	0.928541	0.90197	0.834224	
-0.333704	-0.328955	-0.300035	-0.272832	-0.253152	-0.249136	-0.263857	-0.288375	-0.318576	-0.335587	-0.321064	-0.28314	-0.222639	-0.126328	0.00568745	0.160337	0.329407	0.499044	0.647304	0.775882	0.888341	0.982433	1.03898	1.04529	1.00054	
-0.473194	-0.482254	-0.467338	-0.452691	-0.444857	-0.443223	-0.448617	-0.460805	-0.47769	-0.480602	-0.454453	-0.410828	-0.34708	-0.244996	-0.111415	0.0368114	0.208509	0.393978	0.571089	0.730972	0.880242	1.01803	1.11361	1.15146	1.13522	
-0.559351	-0.576684	-0.575245	-0.571208	-0.575665	-0.576944	-0.57272	-0.572471	-0.578541	-0.567974	-0.541345	-0.499104	-0.436804	-0.347364	-0.232222	-0.0965335	0.0682453	0.254221	0.447534	0.634791	0.815089	0.98642	1.11946	1.19674	1.21161	
-0.584534	-0.60736	-0.618523	-0.6252	-0.634728	-0.637064	-0.628847	-0.620722	-0.613657	-0.594088	-0.57109	-0.541909	-0.496332	-0.433297	-0.347493	-0.233509	-0.0891003	0.0818028	0.270638	0.46967	0.673588	0.870677	1.03845	1.16015	1.2123	
-0.566354	-0.584448	-0.599057	-0.610198	-0.623121	-0.625312	-0.615276	-0.603464	-0.590989	-0.573626	-0.556197	-0.543659	-0.529969	-0.498771	-0.445521	-0.363828	-0.245805	-0.0984578	0.0662554	0.258622	0.472352	0.686515	0.881828	1.04467	1.14243	
-0.524677	-0.527656	-0.539124	-0.555878	-0.566969	-0.568448	-0.561136	-0.546698	-0.53019	-0.526349	-0.52248	-0.524269	-0.532445	-0.53209	-0.516117	-0.471483	-0.393098	-0.278799	-0.136	0.0384691	0.245339	0.465196	0.68428	0.878829	1.01453	
-0.477224	-0.470128	-0.473026	-0.485802	-0.498461	-0.500817	-0.491484	-0.478159	-0.468607	-0.474163	-0.482584	-0.4955	-0.514094	-0.536776	-0.557876	-0.551527	-0.515989	-0.437555	-0.317917	-0.164599	0.0228913	0.240363	0.471909	0.68229	0.842938	
-0.42181	-0.412429	-0.412176	-0.421577	-0.435796	-0.440012	-0.427041	-0.415166	-0.41101	-0.417194	-0.432903	-0.454621	-0.477091	-0.517421	-0.571314	-0.604689	-0.60337	-0.557785	-0.464801	-0.332366	-0.169035	0.0290945	0.25318	0.470946	0.652819	
-0.353869	-0.344666	-0.347368	-0.36306	-0.381156	-0.386183	-0.370424	-0.352858	-0.343769	-0.349064	-0.36612	-0.398343	-0.438426	-0.493819	-0.563003	-0.628722	-0.658209	-0.635706	-0.568378	-0.467194	-0.327159	-0.150513	0.0556828	0.266666	0.461221	
-0.286145	-0.270781	-0.283377	-0.30856	-0.326081	-0.328417	-0.317483	-0.293346	-0.272089	-0.277572	-0.303191	-0.341993	-0.401954	-0.474074	-0.554736	-0.63164	-0.677376	-0.67784	-0.637749	-0.565021	-0.451669	-0.296428	-0.11237	0.08003	0.265037	
-0.230476	-0.220957	-0.236409	-0.265213	-0.282177	-0.283422	-0.273913	-0.247538	-0.224356	-0.223448	-0.247965	-0.293675	-0.36335	-0.44809	-0.534493	-0.612475	-0.665483	-0.683441	-0.67154	-0.621761	-0.535495	-0.411255	-0.255576	-0.0893018	0.0765094	
-0.2059	-0.198982	-0.218262	-0.245746	-0.267935	-0.27119	-0.255879	-0.229683	-0.20404	-0.199702	-0.222241	-0.269486	-0.340316	-0.419773	-0.50258	-0.573134	-0.624365	-0.650803	-0.653421	-0.62654	-0.57196	-0.485671	-0.373106	-0.236756	-0.0932799	
-0.206043	-0.202004	-0.227521	-0.260135	-0.283103	-0.287343	-0.271483	-0.24046	-0.209265	-0.201422	-0.219622	-0.256602	-0.314082	-0.389778	-0.462125	-0.515279	-0.555727	-0.581761	-0.591044	-0.590837	-0.57488	-0.528776	-0.45411	-0.351858	-0.230734	
-0.224277	-0.232996	-0.258499	-0.291363	-0.311256	-0.315155	-0.301785	-0.271431	-0.242046	-0.225401	-0.230352	-0.252255	-0.29304	-0.355252	-0.405831	-0.440653	-0.470896	-0.499129	-0.514231	-0.531723	-0.546607	-0.538922	-0.503144	-0.437127	-0.346077	
-0.252797	-0.271263	-0.295235	-0.324202	-0.340007	-0.340393	-0.334034	-0.306052	-0.281474	-0.257091	-0.2499	-0.250832	-0.268163	-0.303273	-0.333354	-0.360329	-0.386085	-0.415525	-0.447612	-0.475844	-0.511512	-0.531392	-0.529867	-0.494779	-0.433767	
-0.279628	-0.304754	-0.330791	-0.348995	-0.35269	-0.350604	-0.352805	-0.338695	-0.315962	-0.288876	-0.266202	-0.248204	-0.251988	-0.261001	-0.271266	-0.286828	-0.308738	-0.344582	-0.393458	-0.443084	-0.489066	-0.518719	-0.53835	-0.534008	-0.502547	
-0.304836	-0.332313	-0.353871	-0.360417	-0.35713	-0.35429	-0.360228	-0.358289	-0.341797	-0.31684	-0.285883	-0.260909	-0.252418	-0.241681	-0.234059	-0.233718	-0.249741	-0.292505	-0.352782	-0.416862	-0.471251	-0.508363	-0.540686	-0.559571	-0.547544	
-0.327942	-0.354775	-0.369379	-0.369714	-0.360705	-0.357558	-0.3666	-0.370915	-0.362563	-0.339129	-0.313572	-0.29051	-0.263439	-0.235458	-0.211256	-0.203715	-0.21657	-0.260737	-0.327169	-0.394954	-0.456778	-0.505676	-0.551586	-0.581455	-0.575924	
-0.354775	-0.376047	-0.372338	-0.358518	-0.344988	-0.342821	-0.352181	-0.367384	-0.377509	-0.36436	-0.341234	-0.317568	-0.284799	-0.249094	-0.21137	-0.197564	-0.208862	-0.247355	-0.313999	-0.386812	-0.448378	-0.503698	-0.563308	-0.604459	-0.59563	
-0.369379	-0.372338	-0.358944	-0.324389	-0.298776	-0.293766	-0.312301	-0.346035	-0.370289	-0.372169	-0.361448	-0.340663	-0.311358	-0.272218	-0.239286	-0.218026	-0.225852	-0.261338	-0.321237	-0.386948	-0.448509	-0.512437	-0.577448	-0.617812	-0.600747	
-0.369714	-0.358518	-0.324389	-0.274561	-0.2427	-0.237745	-0.258507	-0.304953	-0.347145	-0.368291	-0.364823	-0.35385	-0.336874	-0.303935	-0.27203	-0.248	-0.253848	-0.289176	-0.340721	-0.398286	-0.457946	-0.529162	-0.590785	-0.626408	-0.601964	
-0.360705	-0.344988	-0.298776	-0.2427	-0.200538	-0.191856	-0.222363	-0.277515	-0.328563	-0.358232	-0.359041	-0.354364	-0.347019	-0.324076	-0.292833	-0.271756	-0.272323	-0.30541	-0.359231	-0.413449	-0.472455	-0.539903	-0.603835	-0.638039	-0.607882	
-0.357558	-0.342821	-0.293766	-0.237745	-0.191856	-0.182672	-0.216343	-0.271818	-0.325321	-0.356047	-0.356216	-0.351382	-0.345559	-0.328132	-0.296433	-0.275694	-0.274258	-0.306764	-0.363651	-0.417595	-0.475926	-0.541249	-0.605552	-0.640766	-0.609378	
-0.3666	-0.352181	-0.312301	-0.258507	-0.222363	-0.216343	-0.240416	-0.291608	-0.338412	-0.36446	-0.363378	-0.355956	-0.344529	-0.314677	-0.28236	-0.259271	-0.262628	-0.298069	-0.349026	-0.404025	-0.464077	-0.534228	-0.596587	-0.630506	-0.604488	
-0.370915	-0.367384	-0.346035	-0.304953	-0.277515	-0.271818	-0.291608	-0.330218	-0.361722	-0.371629	-0.364427	-0.347548	-0.321206	-0.283944	-0.25259	-0.230051	-0.237536	-0.271865	-0.328763	-0.390558	-0.451532	-0.520008	-0.582775	-0.621073	-0.600187	
-0.362563	-0.377509	-0.370289	-0.347145	-0.328563	-0.325321	-0.338412	-0.361722	-0.378136	-0.369834	-0.350828	-0.32719	-0.29602	-0.258341	-0.22035	-0.202447	-0.213001	-0.249523	-0.313936	-0.385731	-0.446516	-0.50457	-0.568712	-0.611405	-0.599947	
-0.339129	-0.36436	-0.372169	-0.368291	-0.358232	-0.356047	-0.36446	-0.371629	-0.369834	-0.349201	-0.325377	-0.30155	-0.269926	-0.238133	-0.208241	-0.198245	-0.210083	-0.252732	-0.32016	-0.390588	-0.453103	-0.504827	-0.556645	-0.590631	-0.58491	
-0.313572	-0.341234	-0.361448	-0.364823	-0.359041	-0.356216	-0.363378	-0.364427	-0.350828	-0.325377	-0.296535	-0.272389	-0.256939	-0.237498	-0.222745	-0.218943	-0.233837	-0.278195	-0.34108	-0.406748	-0.465109	-0.506649	-0.544757	-0.568183	-0.560726	
-0.29051	-0.317568	-0.340663	-0.35385	-0.354364	-0.351382	-0.355956	-0.347548	-0.32719	-0.30155	-0.272389	-0.25015	-0.24947	-0.251476	-0.254026	-0.262959	-0.282049	-0.320232	-0.375364	-0.433163	-0.481422	-0.51335	-0.538001	-0.545521	-0.523049	
-0.263439	-0.284799	-0.311358	-0.336874	-0.347019	-0.345559	-0.344529	-0.321206	-0.29602	-0.269926	-0.256939	-0.24947	-0.259889	-0.283771	-0.305687	-0.329089	-0.353604	-0.385361	-0.425048	-0.460203	-0.5013	-0.526636	-0.534919	-0.512887	-0.464365	
-0.235458	-0.249094	-0.272218	-0.303935	-0.324076	-0.328132	-0.314677	-0.283944	-0.258341	-0.238133	-0.237498	-0.251476	-0.283771	-0.335727	-0.377386	-0.408468	-0.436308	-0.465103	-0.485641	-0.507199	-0.531487	-0.537144	-0.516411	-0.462264	-0.383802	
-0.211256	-0.21137	-0.239286	-0.27203	-0.292833	-0.296433	-0.28236	-0.25259	-0.22035	-0.208241	-0.222745	-0.254026	-0.305687	-0.377386	-0.443018	-0.487284	-0.522542	-0.549257	-0.559883	-0.568504	-0.567046	-0.536228	-0.477223	-0.389602	-0.279649	
-0.203715	-0.197564	-0.218026	-0.248	-0.271756	-0.275694	-0.259271	-0.230051	-0.202447	-0.198245	-0.218943	-0.262959	-0.329089	-0.408468	-0.487284	-0.551342	-0.599974	-0.626741	-0.632492	-0.616784	-0.576541	-0.506717	-0.409963	-0.287339	-0.151817	
-0.21657	-0.208862	-0.225852	-0.253848	-0.272323	-0.274258	-0.262628	-0.237536	-0.213001	-0.210083	-0.233837	-0.282049	-0.353604	-0.436308	-0.522542	-0.599974	-0.65272	-0.67558	-0.670266	-0.628917	-0.555388	-0.446422	-0.307121	-0.151699	0.00582219	
-0.260737	-0.247355	-0.261338	-0.289176	-0.30541	-0.306764	-0.298069	-0.271865	-0.249523	-0.252732	-0.278195	-0.320232	-0.385361	-0.465103	-0.549257	-0.626741	-0.67558	-0.683797	-0.657093	-0.593726	-0.490539	-0.346555	-0.17145	0.00995221	0.187945	
-0.327169	-0.313999	-0.321237	-0.340721	-0.359231	-0.363651	-0.349026	-0.328763	-0.313936	-0.32016	-0.34108	-0.375364	-0.425048	-0.485641	-0.559883	-0.632492	-0.670266	-0.657093	-0.599646	-0.511342	-0.38167	-0.212378	-0.0154047	0.189678	0.382558	
-0.394954	-0.386812	-0.386948	-0.398286	-0.413449	-0.417595	-0.404025	-0.390558	-0.385731	-0.390588	-0.406748	-0.433163	-0.460203	-0.507199	-0.568504	-0.616784	-0.628917	-0.593726	-0.511342	-0.389995	-0.23596	-0.0468654	0.171085	0.38776	0.57695	
-0.456778	-0.448378	-0.448509	-0.457946	-0.472455	-0.475926	-0.464077	-0.451532	-0.446516	-0.453103	-0.465109	-0.481422	-0.5013	-0.531487	-0.567046	-0.576541	-0.555388	-0.490539	-0.38167	-0.23596	-0.0580495	0.153507	0.383501	0.598027	0.767282	
-0.505676	-0.503698	-0.512437	-0.529162	-0.539903	-0.541249	-0.534228	-0.520008	-0.50457	-0.504827	-0.506649	-0.51335	-0.526636	-0.537144	-0.536228	-0.506717	-0.446422	-0.346555	-0.212378	-0.0468654	0.153507	0.37405	0.600563	0.803378	0.950049	
-0.551586	-0.563308	-0.577448	-0.590785	-0.603835	-0.605552	-0.596587	-0.582775	-0.568712	-0.556645	-0.544757	-0.538001	-0.534919	-0.516411	-0.477223	-0.409963	-0.307121	-0.17145	-0.0154047	0.171085	0.383501	0.600563	0.805325	0.983099	1.09814	
-0.581455	-0.604459	-0.617812	-0.626408	-0.638039	-0.640766	-0.630506	-0.621073	-0.611405	-0.590631	-0.568183	-0.545521	-0.512887	-0.462264	-0.389602	-0.287339	-0.151699	0.00995221	0.189678	0.38776	0.598027	0.803378	0.983099	1.12262	1.19181	
-0.575924	-0.59563	-0.600747	-0.601964	-0.607882	-0.609378	-0.604488	-0.600187	-0.599947	-0.58491	-0.560726	-0.523049	-0.464365	-0.383802	-0.279649	-0.151817	0.00582219	0.187945	0.382558	0.57695	0.767282	0.950049	1.09814	1.19181	1.22069	
