-0.351215	-0.46354	-0.575258	-0.672206	-0.736612	-0.760991	-0.732326	-0.660201	-0.558413	-0.433556	-0.28751	-0.113118	0.0720106	0.252058	0.416092	0.556313	0.667054	0.738382	0.760585	0.728205	0.644406	0.53547	0.437509	0.352444	0.26692	
-0.46354	-0.53317	-0.586181	-0.626904	-0.637637	-0.611419	-0.537473	-0.431046	-0.310213	-0.183092	-0.0412117	0.11474	0.277152	0.426679	0.558001	0.678034	0.77561	0.827939	0.827528	0.783263	0.694911	0.582441	0.476989	0.379598	0.280996	
-0.575258	-0.586181	-0.577592	-0.555611	-0.510763	-0.437858	-0.331659	-0.211761	-0.0872998	0.042248	0.174549	0.311299	0.448719	0.562248	0.65735	0.746222	0.818528	0.845736	0.834047	0.78481	0.696545	0.592817	0.491646	0.389307	0.276855	
-0.672206	-0.626904	-0.555611	-0.473	-0.374923	-0.265137	-0.140291	-0.0166489	0.101247	0.216866	0.326752	0.442615	0.550202	0.632276	0.697274	0.752566	0.79799	0.816798	0.803444	0.75617	0.679024	0.588261	0.49781	0.392951	0.270475	
-0.736612	-0.637637	-0.510763	-0.374923	-0.234637	-0.104586	0.0243374	0.142579	0.242412	0.332672	0.407709	0.486501	0.566418	0.620973	0.662279	0.694668	0.729228	0.755732	0.757687	0.722975	0.659941	0.583822	0.502284	0.400186	0.270389	
-0.760991	-0.611419	-0.437858	-0.265137	-0.104586	0.0341379	0.158211	0.254678	0.321935	0.373371	0.415993	0.462871	0.509776	0.543246	0.571321	0.601575	0.638151	0.680092	0.704675	0.68947	0.644935	0.582685	0.508403	0.407938	0.280562	
-0.732326	-0.537473	-0.331659	-0.140291	0.0243374	0.158211	0.255354	0.318395	0.349154	0.360794	0.372601	0.390662	0.406673	0.425099	0.450926	0.485586	0.539636	0.60082	0.646298	0.658764	0.629819	0.577485	0.507995	0.409738	0.284883	
-0.660201	-0.431046	-0.211761	-0.0166489	0.142579	0.254678	0.318395	0.339166	0.330908	0.311075	0.292807	0.283356	0.278594	0.287567	0.315831	0.366554	0.438432	0.519396	0.588259	0.627559	0.613954	0.567315	0.496278	0.396075	0.279295	
-0.558413	-0.310213	-0.0872998	0.101247	0.242412	0.321935	0.349154	0.330908	0.286447	0.238069	0.190069	0.153844	0.13154	0.136707	0.17339	0.239838	0.330522	0.435652	0.530699	0.582867	0.587468	0.548073	0.473442	0.376449	0.267	
-0.433556	-0.183092	0.042248	0.216866	0.332672	0.373371	0.360794	0.311075	0.238069	0.152832	0.0711154	0.0136642	-0.0105561	-0.00241463	0.0352721	0.11198	0.218828	0.341769	0.452362	0.521446	0.543487	0.514066	0.44288	0.354869	0.253398	
-0.28751	-0.0412117	0.174549	0.326752	0.407709	0.415993	0.372601	0.292807	0.190069	0.0711154	-0.0304986	-0.103601	-0.128014	-0.111991	-0.0700717	0.00812696	0.12045	0.24952	0.362042	0.440112	0.471674	0.454367	0.395573	0.318286	0.228686	
-0.113118	0.11474	0.311299	0.442615	0.486501	0.462871	0.390662	0.283356	0.153844	0.0136642	-0.103601	-0.173836	-0.194486	-0.179298	-0.131383	-0.0570325	0.0484756	0.170843	0.271368	0.341815	0.375301	0.360673	0.311524	0.253108	0.17954	
0.0720106	0.277152	0.448719	0.550202	0.566418	0.509776	0.406673	0.278594	0.13154	-0.0105561	-0.128014	-0.194486	-0.216991	-0.20191	-0.156076	-0.0905465	7.04059e-06	0.101561	0.186672	0.240533	0.262157	0.24164	0.192683	0.140785	0.0839756	
0.252058	0.426679	0.562248	0.632276	0.620973	0.543246	0.425099	0.287567	0.136707	-0.00241463	-0.111991	-0.179298	-0.20191	-0.187693	-0.151079	-0.0986761	-0.028059	0.0459665	0.11097	0.142804	0.142143	0.104561	0.0490557	-0.0086334	-0.0553516	
0.416092	0.558001	0.65735	0.697274	0.662279	0.571321	0.450926	0.315831	0.17339	0.0352721	-0.0700717	-0.131383	-0.156076	-0.151079	-0.125171	-0.0855275	-0.0390104	0.00589724	0.0433808	0.0486283	0.0181825	-0.035019	-0.103822	-0.176081	-0.225159	
0.556313	0.678034	0.746222	0.752566	0.694668	0.601575	0.485586	0.366554	0.239838	0.11198	0.00812696	-0.0570325	-0.0905465	-0.0986761	-0.0855275	-0.064627	-0.0430607	-0.029496	-0.0258799	-0.0485932	-0.107265	-0.176581	-0.25979	-0.340739	-0.400289	
0.667054	0.77561	0.818528	0.79799	0.729228	0.638151	0.539636	0.438432	0.330522	0.218828	0.12045	0.0484756	7.04059e-06	-0.028059	-0.0390104	-0.0430607	-0.0498886	-0.06616	-0.0943159	-0.145886	-0.224701	-0.310357	-0.407501	-0.498527	-0.569782	
0.738382	0.827939	0.845736	0.816798	0.755732	0.680092	0.60082	0.519396	0.435652	0.341769	0.24952	0.170843	0.101561	0.0459665	0.00589724	-0.029496	-0.06616	-0.115007	-0.171253	-0.247748	-0.344853	-0.446395	-0.54548	-0.63812	-0.719932	
0.760585	0.827528	0.834047	0.803444	0.757687	0.704675	0.646298	0.588259	0.530699	0.452362	0.362042	0.271368	0.186672	0.11097	0.0433808	-0.0258799	-0.0943159	-0.171253	-0.258735	-0.357228	-0.465166	-0.57328	-0.671103	-0.756549	-0.832997	
0.728205	0.783263	0.78481	0.75617	0.722975	0.68947	0.658764	0.627559	0.582867	0.521446	0.440112	0.341815	0.240533	0.142804	0.0486283	-0.0485932	-0.145886	-0.247748	-0.357228	-0.473294	-0.583224	-0.683767	-0.773252	-0.844155	-0.899048	
0.644406	0.694911	0.696545	0.679024	0.659941	0.644935	0.629819	0.613954	0.587468	0.543487	0.471674	0.375301	0.262157	0.142143	0.0181825	-0.107265	-0.224701	-0.344853	-0.465166	-0.583224	-0.683883	-0.772609	-0.844462	-0.896421	-0.924098	
0.53547	0.582441	0.592817	0.588261	0.583822	0.582685	0.577485	0.567315	0.548073	0.514066	0.454367	0.360673	0.24164	0.104561	-0.035019	-0.176581	-0.310357	-0.446395	-0.57328	-0.683767	-0.772609	-0.835211	-0.885217	-0.913586	-0.914008	
0.437509	0.476989	0.491646	0.49781	0.502284	0.508403	0.507995	0.496278	0.473442	0.44288	0.395573	0.311524	0.192683	0.0490557	-0.103822	-0.25979	-0.407501	-0.54548	-0.671103	-0.773252	-0.844462	-0.885217	-0.906951	-0.902335	-0.873527	
0.352444	0.379598	0.389307	0.392951	0.400186	0.407938	0.409738	0.396075	0.376449	0.354869	0.318286	0.253108	0.140785	-0.0086334	-0.176081	-0.340739	-0.498527	-0.63812	-0.756549	-0.844155	-0.896421	-0.913586	-0.902335	-0.872652	-0.825779	
0.26692	0.280996	0.276855	0.270475	0.270389	0.280562	0.284883	0.279295	0.267	0.253398	0.228686	0.17954	0.0839756	-0.0553516	-0.225159	-0.400289	-0.569782	-0.719932	-0.832997	-0.899048	-0.924098	-0.914008	-0.873527	-0.825779	-0.776215	
0.184861	0.181364	0.159331	0.13404	0.12283	0.127911	0.138463	0.14264	0.139896	0.135484	0.130793	0.0983334	0.0223808	-0.102814	-0.26423	-0.445062	-0.627406	-0.784764	-0.894431	-0.943331	-0.936248	-0.891866	-0.833091	-0.773829	-0.721284	
0.101751	0.0788761	0.0364854	-0.0071499	-0.0317213	-0.035252	-0.0242469	-0.00943003	0.00942373	0.028136	0.0394795	0.0215527	-0.0378947	-0.14667	-0.298904	-0.47802	-0.668063	-0.834561	-0.940501	-0.968831	-0.930884	-0.861748	-0.786505	-0.720289	-0.66393	
0.0165634	-0.0232066	-0.0800096	-0.137266	-0.173857	-0.186156	-0.17776	-0.150667	-0.104437	-0.0550179	-0.0213061	-0.0256411	-0.076368	-0.177281	-0.328878	-0.511254	-0.701983	-0.863784	-0.959386	-0.970326	-0.913418	-0.829377	-0.745433	-0.675621	-0.612669	
-0.0540686	-0.109311	-0.180212	-0.243908	-0.285158	-0.300363	-0.291493	-0.256979	-0.200418	-0.127067	-0.0622319	-0.0447294	-0.0868265	-0.193441	-0.354319	-0.545258	-0.732637	-0.874844	-0.95431	-0.958276	-0.897942	-0.809551	-0.724798	-0.644268	-0.56585	
-0.0925965	-0.15884	-0.237476	-0.3019	-0.339018	-0.351217	-0.345572	-0.3175	-0.259029	-0.174635	-0.0980128	-0.0642816	-0.0974562	-0.200677	-0.369813	-0.566364	-0.750109	-0.879549	-0.949991	-0.952295	-0.893018	-0.807727	-0.714328	-0.622292	-0.532824	
-0.0980082	-0.168476	-0.2467	-0.31095	-0.34721	-0.359072	-0.35365	-0.328144	-0.269488	-0.184243	-0.106878	-0.0687333	-0.0987844	-0.202974	-0.373975	-0.568192	-0.751718	-0.879682	-0.950219	-0.951575	-0.893109	-0.8069	-0.711542	-0.619323	-0.526967	
-0.0735744	-0.133651	-0.209402	-0.273249	-0.313868	-0.327268	-0.320357	-0.287165	-0.229129	-0.149703	-0.0773038	-0.0521335	-0.0911531	-0.19616	-0.361874	-0.557311	-0.742685	-0.877392	-0.951348	-0.954096	-0.894452	-0.808739	-0.720052	-0.633461	-0.550154	
-0.0149309	-0.0608151	-0.123396	-0.184766	-0.224047	-0.23817	-0.22929	-0.19839	-0.146253	-0.0859076	-0.0387216	-0.0346909	-0.0820626	-0.1859	-0.33968	-0.524833	-0.714547	-0.869064	-0.958479	-0.966591	-0.906362	-0.817965	-0.735012	-0.661826	-0.593218	
0.0674252	0.0374701	-0.0116701	-0.0604328	-0.0904844	-0.0980924	-0.0888662	-0.0689785	-0.0378793	-0.00703551	0.0109237	-0.00223578	-0.0571928	-0.160475	-0.311205	-0.490999	-0.682227	-0.84937	-0.951827	-0.971747	-0.924394	-0.849053	-0.768344	-0.700551	-0.642632	
0.152543	0.140681	0.110226	0.0771354	0.0607698	0.0627217	0.0744233	0.0820673	0.0862678	0.0899	0.0922328	0.0664888	-0.00321701	-0.121393	-0.278941	-0.459104	-0.645393	-0.806507	-0.915629	-0.956276	-0.936156	-0.88031	-0.814167	-0.752865	-0.698275	
0.23369	0.241588	0.230467	0.216904	0.213086	0.221917	0.229326	0.227867	0.218156	0.20721	0.189936	0.147244	0.0600886	-0.0741296	-0.240686	-0.419477	-0.594351	-0.747802	-0.85963	-0.918495	-0.930686	-0.906353	-0.858587	-0.805119	-0.75473	
0.31802	0.340829	0.344962	0.345928	0.351571	0.359644	0.362301	0.351056	0.334494	0.316805	0.284008	0.225807	0.118681	-0.0283696	-0.198568	-0.367501	-0.529335	-0.672768	-0.788028	-0.867356	-0.910269	-0.917664	-0.893261	-0.855453	-0.806611	
0.403273	0.43709	0.451143	0.458198	0.46459	0.471719	0.472922	0.459239	0.435962	0.408257	0.365498	0.289359	0.172422	0.0248065	-0.134441	-0.293176	-0.445413	-0.582875	-0.707203	-0.804013	-0.868386	-0.899838	-0.908221	-0.892778	-0.853961	
0.493664	0.539228	0.552193	0.552916	0.552617	0.55554	0.552318	0.542413	0.522382	0.489777	0.435177	0.343576	0.222804	0.083671	-0.0604028	-0.209525	-0.349056	-0.486933	-0.61397	-0.721579	-0.803315	-0.85767	-0.896646	-0.911329	-0.900554	
0.601396	0.650049	0.654682	0.642848	0.630053	0.620383	0.609999	0.597923	0.576159	0.53751	0.470435	0.376089	0.260119	0.130417	-0.00126125	-0.132564	-0.257553	-0.385289	-0.508596	-0.624171	-0.720399	-0.798911	-0.863697	-0.908276	-0.924272	
0.700136	0.753543	0.753197	0.728915	0.700464	0.6757	0.652134	0.628517	0.590756	0.536675	0.458776	0.359783	0.252406	0.146422	0.0400866	-0.0698212	-0.175779	-0.285251	-0.399968	-0.518829	-0.626008	-0.723711	-0.805483	-0.86838	-0.913647	
0.754407	0.814659	0.819604	0.788298	0.74758	0.702738	0.65627	0.60871	0.556847	0.485041	0.397824	0.303971	0.212373	0.128245	0.0503073	-0.0301587	-0.111147	-0.198786	-0.297193	-0.403289	-0.512824	-0.618605	-0.715324	-0.796864	-0.865204	
0.753563	0.833346	0.845028	0.815602	0.761414	0.693553	0.621386	0.549169	0.477474	0.38962	0.298736	0.215188	0.139194	0.074316	0.0230244	-0.026864	-0.0756493	-0.136124	-0.20427	-0.290387	-0.393892	-0.49939	-0.597547	-0.687427	-0.770266	
0.700623	0.803022	0.834808	0.808966	0.741528	0.655457	0.564633	0.470399	0.370971	0.267616	0.171984	0.0972702	0.0404065	0.00150494	-0.020851	-0.0363418	-0.0547169	-0.0846708	-0.124165	-0.185873	-0.271922	-0.364482	-0.463773	-0.557672	-0.633325	
0.605026	0.721429	0.779286	0.772734	0.707746	0.614796	0.504907	0.393225	0.273929	0.152001	0.0490752	-0.0188159	-0.0569169	-0.0724227	-0.0670598	-0.0558738	-0.0451035	-0.0428042	-0.0532159	-0.0874302	-0.155249	-0.231096	-0.320241	-0.404428	-0.469019	
0.47545	0.60751	0.693103	0.720442	0.676276	0.58282	0.462885	0.332854	0.196638	0.0614883	-0.0429725	-0.104687	-0.133298	-0.132224	-0.11019	-0.0772917	-0.0407959	-0.00888842	0.0153895	0.00977767	-0.0321439	-0.0917385	-0.166213	-0.243172	-0.295781	
0.320212	0.481175	0.601709	0.659345	0.638186	0.554723	0.434522	0.297025	0.147784	0.00868152	-0.0988694	-0.163765	-0.185812	-0.174952	-0.143115	-0.0950464	-0.0335793	0.028645	0.0835881	0.105287	0.0928134	0.0491271	-0.0113871	-0.0749239	-0.120694	
0.14541	0.339283	0.497505	0.585825	0.590878	0.525036	0.413141	0.279623	0.129799	-0.0109532	-0.125112	-0.19247	-0.215221	-0.19983	-0.157178	-0.0973449	-0.0143587	0.076973	0.1553	0.200539	0.21474	0.187867	0.136983	0.0844081	0.0325797	
-0.0387359	0.179203	0.367244	0.488422	0.521025	0.482487	0.397707	0.281123	0.142252	-0.00037915	-0.119706	-0.187218	-0.208431	-0.193772	-0.14549	-0.0730903	0.0268683	0.142286	0.236279	0.300873	0.331533	0.315853	0.268052	0.213729	0.14747	
-0.220909	0.0200462	0.228855	0.372163	0.438069	0.434427	0.379356	0.287871	0.174336	0.0441878	-0.0637217	-0.137771	-0.160268	-0.144216	-0.0992288	-0.0236592	0.087959	0.216729	0.325741	0.402501	0.435567	0.420229	0.366475	0.296987	0.212482	
