-0.747596	-0.648946	-0.526833	-0.381007	-0.231757	-0.106033	-0.00769799	0.0646698	0.126489	0.185028	0.238683	0.291331	0.340353	0.390715	0.451489	0.524164	0.59859	0.665573	0.732076	0.807648	0.888361	0.957823	0.988853	0.976159	0.947087	
-0.648946	-0.554902	-0.444107	-0.317735	-0.186424	-0.0688716	0.0204886	0.0838032	0.13464	0.180947	0.216773	0.249923	0.284651	0.329401	0.384077	0.451128	0.516623	0.583043	0.644405	0.71749	0.800588	0.860726	0.884796	0.869456	0.838731	
-0.526833	-0.444107	-0.342693	-0.235997	-0.125028	-0.0233509	0.0574336	0.119448	0.169762	0.204839	0.229936	0.25123	0.269887	0.297501	0.331991	0.382761	0.442508	0.503305	0.555004	0.616613	0.682693	0.72448	0.736844	0.720502	0.68627	
-0.381007	-0.317735	-0.235997	-0.148281	-0.0567474	0.031273	0.111707	0.178864	0.227293	0.258537	0.2821	0.297804	0.298908	0.30254	0.313729	0.346879	0.398814	0.450476	0.492321	0.534196	0.569358	0.581476	0.571468	0.543936	0.4987	
-0.231757	-0.186424	-0.125028	-0.0567474	0.0177746	0.100607	0.180111	0.246315	0.298898	0.339284	0.368372	0.385601	0.380802	0.368997	0.366014	0.377221	0.405903	0.438111	0.456456	0.470652	0.47343	0.452017	0.413892	0.360663	0.297162	
-0.106033	-0.0688716	-0.0233509	0.031273	0.100607	0.173077	0.245346	0.317525	0.383902	0.437983	0.477991	0.501681	0.502854	0.489612	0.47645	0.470372	0.471254	0.470156	0.454572	0.431802	0.39742	0.345195	0.274845	0.193935	0.113057	
-0.00769799	0.0204886	0.0574336	0.111707	0.180111	0.245346	0.312694	0.393579	0.474269	0.543142	0.599783	0.636476	0.648863	0.637906	0.623679	0.603835	0.579978	0.548633	0.497289	0.430003	0.351209	0.261089	0.164186	0.0636745	-0.0308652	
0.0646698	0.0838032	0.119448	0.178864	0.246315	0.317525	0.393579	0.481093	0.567096	0.65134	0.725018	0.773064	0.796235	0.795065	0.77992	0.749764	0.708505	0.656085	0.571904	0.45811	0.330374	0.204319	0.087459	-0.0258357	-0.133391	
0.126489	0.13464	0.169762	0.227293	0.298898	0.383902	0.474269	0.567096	0.66537	0.764378	0.853634	0.913253	0.94475	0.953623	0.935508	0.898284	0.849436	0.775059	0.655363	0.501247	0.333617	0.178657	0.0435341	-0.0843824	-0.206764	
0.185028	0.180947	0.204839	0.258537	0.339284	0.437983	0.543142	0.65134	0.764378	0.884817	0.990784	1.05879	1.09211	1.09529	1.07275	1.03185	0.969336	0.865945	0.714485	0.532445	0.340929	0.162535	0.0109142	-0.131315	-0.262858	
0.238683	0.216773	0.229936	0.2821	0.368372	0.477991	0.599783	0.725018	0.853634	0.990784	1.1131	1.18744	1.21049	1.20532	1.1736	1.11779	1.02827	0.895697	0.723765	0.528249	0.320077	0.127385	-0.0346365	-0.181324	-0.310265	
0.291331	0.249923	0.25123	0.297804	0.385601	0.501681	0.636476	0.773064	0.913253	1.05879	1.18744	1.26175	1.28084	1.27183	1.22684	1.144	1.02472	0.869796	0.687856	0.483263	0.268869	0.0715149	-0.0949758	-0.23767	-0.354144	
0.340353	0.284651	0.269887	0.298908	0.380802	0.502854	0.648863	0.796235	0.94475	1.09211	1.21049	1.28084	1.30077	1.2841	1.22314	1.11377	0.96735	0.792715	0.599389	0.393798	0.189084	0.00390527	-0.157649	-0.287671	-0.38445	
0.390715	0.329401	0.297501	0.30254	0.368997	0.489612	0.637906	0.795065	0.953623	1.09529	1.20532	1.27183	1.2841	1.25334	1.17296	1.03859	0.865663	0.668381	0.46531	0.270371	0.0905643	-0.070977	-0.210984	-0.319805	-0.391732	
0.451489	0.384077	0.331991	0.313729	0.366014	0.47645	0.623679	0.77992	0.935508	1.07275	1.1736	1.22684	1.22314	1.17296	1.07326	0.915792	0.714577	0.498494	0.295485	0.119155	-0.0303355	-0.159212	-0.268048	-0.340842	-0.384893	
0.524164	0.451128	0.382761	0.346879	0.377221	0.470372	0.603835	0.749764	0.898284	1.03185	1.11779	1.144	1.11377	1.03859	0.915792	0.73184	0.509668	0.288207	0.100385	-0.0456491	-0.162219	-0.25695	-0.325633	-0.364851	-0.376322	
0.59859	0.516623	0.442508	0.398814	0.405903	0.471254	0.579978	0.708505	0.849436	0.969336	1.02827	1.02472	0.96735	0.865663	0.714577	0.509668	0.275548	0.066183	-0.0944537	-0.207959	-0.287143	-0.341945	-0.371165	-0.374938	-0.359711	
0.665573	0.583043	0.503305	0.450476	0.438111	0.470156	0.548633	0.656085	0.775059	0.865945	0.895697	0.869796	0.792715	0.668381	0.498494	0.288207	0.066183	-0.118168	-0.250961	-0.338002	-0.384791	-0.403232	-0.400972	-0.377537	-0.337924	
0.732076	0.644405	0.555004	0.492321	0.456456	0.454572	0.497289	0.571904	0.655363	0.714485	0.723765	0.687856	0.599389	0.46531	0.295485	0.100385	-0.0944537	-0.250961	-0.364454	-0.42961	-0.45004	-0.443241	-0.415835	-0.36968	-0.309714	
0.807648	0.71749	0.616613	0.534196	0.470652	0.431802	0.430003	0.45811	0.501247	0.532445	0.528249	0.483263	0.393798	0.270371	0.119155	-0.0456491	-0.207959	-0.338002	-0.42961	-0.476592	-0.482012	-0.461271	-0.414198	-0.347097	-0.278175	
0.888361	0.800588	0.682693	0.569358	0.47343	0.39742	0.351209	0.330374	0.333617	0.340929	0.320077	0.268869	0.189084	0.0905643	-0.0303355	-0.162219	-0.287143	-0.384791	-0.45004	-0.482012	-0.485674	-0.457459	-0.397116	-0.32166	-0.252319	
0.957823	0.860726	0.72448	0.581476	0.452017	0.345195	0.261089	0.204319	0.178657	0.162535	0.127385	0.0715149	0.00390527	-0.070977	-0.159212	-0.25695	-0.341945	-0.403232	-0.443241	-0.461271	-0.457459	-0.42668	-0.367107	-0.298902	-0.233823	
0.988853	0.884796	0.736844	0.571468	0.413892	0.274845	0.164186	0.087459	0.0435341	0.0109142	-0.0346365	-0.0949758	-0.157649	-0.210984	-0.268048	-0.325633	-0.371165	-0.400972	-0.415835	-0.414198	-0.397116	-0.367107	-0.326796	-0.27072	-0.218034	
0.976159	0.869456	0.720502	0.543936	0.360663	0.193935	0.0636745	-0.0258357	-0.0843824	-0.131315	-0.181324	-0.23767	-0.287671	-0.319805	-0.340842	-0.364851	-0.374938	-0.377537	-0.36968	-0.347097	-0.32166	-0.298902	-0.27072	-0.232727	-0.200209	
0.947087	0.838731	0.68627	0.4987	0.297162	0.113057	-0.0308652	-0.133391	-0.206764	-0.262858	-0.310265	-0.354144	-0.38445	-0.391732	-0.384893	-0.376322	-0.359711	-0.337924	-0.309714	-0.278175	-0.252319	-0.233823	-0.218034	-0.200209	-0.196163	
0.90391	0.799667	0.643043	0.446286	0.236397	0.041076	-0.120685	-0.24236	-0.323504	-0.375229	-0.40936	-0.43406	-0.442819	-0.426042	-0.391783	-0.358354	-0.323929	-0.291495	-0.256902	-0.223469	-0.197553	-0.182064	-0.180219	-0.187121	-0.20188	
0.844007	0.743965	0.587266	0.391921	0.182582	-0.0204678	-0.199165	-0.339717	-0.425855	-0.465484	-0.482131	-0.485252	-0.470891	-0.430283	-0.370842	-0.317381	-0.273278	-0.239404	-0.209081	-0.180953	-0.16173	-0.157447	-0.169807	-0.192531	-0.217714	
0.780503	0.679975	0.522324	0.327922	0.123019	-0.0759844	-0.258473	-0.408405	-0.499098	-0.531645	-0.530181	-0.510094	-0.474621	-0.417916	-0.347648	-0.279666	-0.226931	-0.186099	-0.157456	-0.143373	-0.142334	-0.15653	-0.180928	-0.20908	-0.248775	
0.719473	0.614843	0.457712	0.270615	0.0734964	-0.118768	-0.292768	-0.444615	-0.542799	-0.574937	-0.561507	-0.520188	-0.4726	-0.410858	-0.335038	-0.256374	-0.190742	-0.141459	-0.11489	-0.11325	-0.130548	-0.159687	-0.194819	-0.237053	-0.287414	
0.674431	0.568133	0.419973	0.24259	0.0490467	-0.141252	-0.312175	-0.464105	-0.567366	-0.60032	-0.578929	-0.528528	-0.476807	-0.414753	-0.330174	-0.23685	-0.162274	-0.109957	-0.0870097	-0.0924595	-0.115637	-0.153352	-0.204613	-0.265927	-0.320037	
0.665826	0.560087	0.41375	0.238481	0.0459326	-0.144624	-0.315474	-0.4679	-0.571699	-0.60439	-0.58204	-0.530223	-0.48021	-0.416421	-0.330697	-0.232297	-0.15668	-0.104819	-0.0820258	-0.0883867	-0.112181	-0.150873	-0.207628	-0.272279	-0.327383	
0.698286	0.592185	0.438556	0.255407	0.0602632	-0.130157	-0.302259	-0.453932	-0.55476	-0.586987	-0.569752	-0.523533	-0.473206	-0.411914	-0.331509	-0.247453	-0.177846	-0.126795	-0.101926	-0.103035	-0.124159	-0.157891	-0.198613	-0.249213	-0.301643	
0.755343	0.653881	0.495687	0.302701	0.101385	-0.095244	-0.274549	-0.425742	-0.520193	-0.551759	-0.544539	-0.51514	-0.473364	-0.413358	-0.341625	-0.269601	-0.211416	-0.166367	-0.138418	-0.129937	-0.138042	-0.158455	-0.186971	-0.219316	-0.264404	
0.818587	0.718262	0.561704	0.366646	0.158751	-0.0432311	-0.225854	-0.371539	-0.459327	-0.495071	-0.504406	-0.497938	-0.47456	-0.426003	-0.360535	-0.300834	-0.253765	-0.217474	-0.189107	-0.166208	-0.152792	-0.15507	-0.172697	-0.197576	-0.228151	
0.881413	0.779643	0.622659	0.425695	0.215583	0.0150084	-0.1543	-0.283212	-0.366966	-0.413579	-0.440755	-0.457433	-0.457485	-0.431193	-0.385529	-0.34333	-0.304248	-0.271447	-0.238137	-0.204769	-0.180505	-0.168214	-0.172656	-0.188294	-0.206857	
0.932047	0.824401	0.66986	0.477199	0.271272	0.0830238	-0.0675522	-0.17726	-0.254208	-0.310717	-0.353918	-0.390453	-0.411829	-0.409929	-0.391967	-0.372437	-0.348023	-0.320251	-0.287464	-0.254513	-0.228444	-0.211016	-0.200252	-0.191636	-0.197237	
0.965743	0.858338	0.708408	0.527914	0.336362	0.161287	0.0253395	-0.0692617	-0.134137	-0.185796	-0.236245	-0.288141	-0.330987	-0.352606	-0.362439	-0.373057	-0.37088	-0.362579	-0.345445	-0.318064	-0.292586	-0.272033	-0.248398	-0.21814	-0.197152	
0.987434	0.882092	0.733172	0.562409	0.39353	0.242872	0.123655	0.0414642	-0.00822711	-0.0463833	-0.093766	-0.154944	-0.213338	-0.258955	-0.3009	-0.34481	-0.375466	-0.394003	-0.399695	-0.389484	-0.367023	-0.339693	-0.305071	-0.256223	-0.210119	
0.976313	0.875588	0.73311	0.580116	0.439038	0.319084	0.223754	0.156534	0.123078	0.0990456	0.0591385	0.00159355	-0.064833	-0.130215	-0.206308	-0.28791	-0.35687	-0.405192	-0.434845	-0.446007	-0.436827	-0.40534	-0.353267	-0.289233	-0.228107	
0.91902	0.828544	0.703021	0.577528	0.467155	0.378673	0.315457	0.278993	0.268987	0.266105	0.239079	0.186489	0.113087	0.0239979	-0.0837883	-0.202337	-0.311837	-0.394605	-0.449354	-0.476486	-0.478316	-0.449329	-0.386225	-0.312068	-0.243883	
0.839965	0.751051	0.643707	0.549849	0.47447	0.420191	0.400576	0.4076	0.434821	0.456324	0.445364	0.397229	0.310597	0.196182	0.0559395	-0.0958156	-0.243156	-0.361392	-0.442325	-0.482681	-0.487149	-0.462775	-0.409254	-0.336536	-0.266703	
0.761546	0.671189	0.577799	0.50892	0.462246	0.446596	0.471634	0.528666	0.596555	0.644523	0.648245	0.608687	0.518115	0.38608	0.221766	0.0379019	-0.144746	-0.290574	-0.396555	-0.454016	-0.465824	-0.452322	-0.41685	-0.361643	-0.29712	
0.691535	0.607765	0.524359	0.468178	0.44702	0.464842	0.5302	0.627056	0.731937	0.810246	0.830547	0.799442	0.716843	0.586718	0.414173	0.207791	-0.00429826	-0.177021	-0.301643	-0.379576	-0.415322	-0.421709	-0.408951	-0.376917	-0.328109	
0.626401	0.543379	0.467424	0.420112	0.419576	0.472498	0.569208	0.689881	0.824567	0.933872	0.980357	0.966853	0.900821	0.788894	0.628726	0.418622	0.186363	-0.0136875	-0.162564	-0.264723	-0.330266	-0.369698	-0.384707	-0.375842	-0.351168	
0.554551	0.47753	0.40647	0.366607	0.387372	0.46978	0.59434	0.734359	0.880137	1.01076	1.08692	1.10074	1.05883	0.973136	0.838473	0.645782	0.416738	0.198085	0.0201551	-0.111899	-0.21404	-0.293433	-0.346312	-0.370773	-0.37072	
0.478964	0.409466	0.350344	0.324203	0.367945	0.472928	0.616277	0.769796	0.92186	1.05791	1.1541	1.19762	1.1846	1.12488	1.01718	0.849616	0.63885	0.418213	0.218817	0.0534113	-0.0826338	-0.198208	-0.291729	-0.350845	-0.381549	
0.413866	0.35019	0.310452	0.305642	0.367039	0.483491	0.63239	0.790541	0.949999	1.0892	1.19588	1.25877	1.26557	1.22783	1.13992	0.995847	0.812019	0.606264	0.401729	0.213293	0.0447262	-0.103867	-0.232674	-0.328981	-0.390323	
0.35976	0.300864	0.279141	0.298881	0.375451	0.498742	0.646162	0.798444	0.951038	1.09686	1.21146	1.28028	1.29867	1.27729	1.20823	1.08926	0.93114	0.748219	0.550541	0.347451	0.151863	-0.0252026	-0.179731	-0.301728	-0.390009	
0.311257	0.263805	0.259079	0.299568	0.385926	0.504611	0.644882	0.784719	0.928403	1.0757	1.20151	1.2745	1.29377	1.28216	1.23182	1.13736	1.00783	0.84463	0.658394	0.452975	0.239838	0.0453546	-0.121076	-0.260134	-0.368223	
0.260109	0.22977	0.238717	0.290134	0.377199	0.489678	0.616905	0.747545	0.881755	1.02274	1.14962	1.22508	1.24527	1.23851	1.20169	1.13618	1.03411	0.891801	0.714962	0.515167	0.303699	0.107227	-0.0578767	-0.203221	-0.3283	
