0.0547207	0.206203	0.347125	0.467022	0.541784	0.553931	0.503476	0.398835	0.264369	0.1162	-0.0385621	-0.19058	-0.3232	-0.423885	-0.48812	-0.529104	-0.54884	-0.548787	-0.542852	-0.544283	-0.549276	-0.545553	-0.526908	-0.491323	-0.448061	
0.145392	0.322007	0.478875	0.601907	0.675014	0.687008	0.637855	0.533152	0.387761	0.217704	0.0338951	-0.153151	-0.316524	-0.441718	-0.528135	-0.585631	-0.618162	-0.634969	-0.641853	-0.658561	-0.674495	-0.673461	-0.648611	-0.616604	-0.581002	
0.220662	0.406531	0.567049	0.684734	0.757759	0.77026	0.720519	0.619021	0.47574	0.296878	0.10196	-0.100301	-0.284313	-0.431049	-0.537726	-0.613097	-0.660143	-0.687288	-0.702168	-0.72277	-0.741267	-0.740957	-0.722941	-0.7019	-0.678793	
0.284978	0.463357	0.610899	0.71262	0.766587	0.774795	0.739712	0.657682	0.52731	0.359002	0.167663	-0.0396992	-0.233237	-0.389372	-0.507862	-0.595698	-0.654427	-0.694392	-0.715355	-0.735362	-0.751817	-0.759548	-0.754392	-0.749043	-0.739903	
0.32418	0.47841	0.596855	0.672537	0.71273	0.718711	0.69348	0.631039	0.531043	0.389368	0.218802	0.0308621	-0.154472	-0.314542	-0.439358	-0.536476	-0.606572	-0.656057	-0.685526	-0.710014	-0.730075	-0.747071	-0.761378	-0.774302	-0.776592	
0.343439	0.453961	0.53647	0.590889	0.614274	0.616482	0.603732	0.562127	0.490469	0.390839	0.263214	0.112251	-0.0517391	-0.202637	-0.328218	-0.430989	-0.517512	-0.584482	-0.625601	-0.654423	-0.681146	-0.709228	-0.747534	-0.780894	-0.791631	
0.350747	0.414048	0.457177	0.483499	0.494799	0.495705	0.490183	0.469466	0.433785	0.378398	0.300115	0.190919	0.0614449	-0.0672045	-0.187063	-0.296915	-0.397025	-0.487961	-0.542397	-0.574032	-0.60949	-0.6506	-0.703691	-0.758091	-0.787455	
0.341857	0.358885	0.367675	0.373255	0.377032	0.378275	0.375235	0.369548	0.363521	0.350561	0.320579	0.258294	0.159969	0.054203	-0.053012	-0.162967	-0.272722	-0.375459	-0.451131	-0.493032	-0.530682	-0.58028	-0.643374	-0.708626	-0.760424	
0.313699	0.296784	0.277632	0.273176	0.273777	0.274135	0.273671	0.273371	0.288092	0.308756	0.313858	0.289823	0.227103	0.141986	0.0517547	-0.0537103	-0.170693	-0.280841	-0.365774	-0.415052	-0.452365	-0.505577	-0.577928	-0.649651	-0.716478	
0.272689	0.234103	0.200792	0.192698	0.193395	0.192523	0.193172	0.194866	0.218426	0.258302	0.286765	0.286451	0.252248	0.192922	0.121259	0.0258124	-0.0855455	-0.19325	-0.282109	-0.345321	-0.390381	-0.440203	-0.510645	-0.590919	-0.663808	
0.216622	0.17495	0.140946	0.128091	0.132647	0.134359	0.129042	0.133032	0.159248	0.200055	0.237802	0.253834	0.246839	0.215027	0.163054	0.0894969	-0.0077903	-0.118675	-0.213847	-0.288216	-0.341776	-0.388793	-0.450121	-0.52848	-0.603724	
0.169302	0.123888	0.0951029	0.0831062	0.0881516	0.0902757	0.0832246	0.0886225	0.110358	0.149947	0.195712	0.219852	0.235356	0.234089	0.199695	0.141906	0.0587006	-0.0457002	-0.143152	-0.225579	-0.285199	-0.33211	-0.386584	-0.454346	-0.53107	
0.132852	0.0927043	0.06265	0.0402044	0.0383473	0.0407726	0.0376585	0.0517713	0.0797548	0.115631	0.159401	0.193626	0.226332	0.245397	0.231267	0.183967	0.117165	0.0316181	-0.0636884	-0.150594	-0.206846	-0.258967	-0.314181	-0.381022	-0.454507	
0.0941505	0.0560349	0.0206436	-0.00768349	-0.0164077	-0.0171589	-0.0138512	0.00738519	0.0418546	0.0786288	0.117471	0.159342	0.203326	0.23675	0.24249	0.216436	0.167528	0.1051	0.023527	-0.0604567	-0.124562	-0.183821	-0.25141	-0.325039	-0.38932	
0.0384228	0.00927026	-0.0233498	-0.0551262	-0.0714628	-0.0741888	-0.0635846	-0.0365631	-0.0037023	0.0266514	0.0583223	0.0994116	0.156126	0.21263	0.241781	0.241411	0.216402	0.171433	0.110699	0.0331359	-0.0472389	-0.11854	-0.194514	-0.275531	-0.339078	
-0.0195661	-0.0451737	-0.0725815	-0.0990452	-0.115372	-0.119076	-0.106583	-0.0838249	-0.0556772	-0.0295102	-0.00407459	0.0344799	0.102881	0.175904	0.222225	0.245809	0.249357	0.228914	0.18671	0.116902	0.033237	-0.0519431	-0.141584	-0.224289	-0.289959	
-0.0593444	-0.0814805	-0.109784	-0.133616	-0.153416	-0.155844	-0.143726	-0.119468	-0.0930132	-0.0675495	-0.0462402	-0.00655784	0.0590746	0.136236	0.196444	0.23522	0.251055	0.254733	0.236676	0.188781	0.115362	0.0262065	-0.0669261	-0.147231	-0.220721	
-0.0757304	-0.101235	-0.131587	-0.161733	-0.179182	-0.180615	-0.171248	-0.144743	-0.112272	-0.0857898	-0.0609545	-0.0278622	0.0239034	0.0949436	0.15529	0.194498	0.224932	0.251145	0.255627	0.233726	0.17738	0.104916	0.0256048	-0.0539472	-0.132353	
-0.0953624	-0.120628	-0.148827	-0.177057	-0.185781	-0.186427	-0.182299	-0.16199	-0.130698	-0.105468	-0.0800576	-0.0542479	-0.0158794	0.0375488	0.0924811	0.134929	0.179357	0.223213	0.250674	0.25146	0.221023	0.167501	0.109544	0.0463073	-0.0237244	
-0.120651	-0.143162	-0.163931	-0.170342	-0.168889	-0.169256	-0.170304	-0.16782	-0.152507	-0.128305	-0.1118	-0.0969525	-0.0674971	-0.0306829	0.0186155	0.0747995	0.129222	0.18593	0.233169	0.25038	0.242649	0.214179	0.176155	0.132071	0.0786229	
-0.143918	-0.157328	-0.166897	-0.158481	-0.149267	-0.146232	-0.154733	-0.163898	-0.163481	-0.147911	-0.138792	-0.134337	-0.120677	-0.0923752	-0.0449964	0.0163044	0.081814	0.149859	0.201384	0.228051	0.242401	0.240759	0.225157	0.195099	0.154394	
-0.156913	-0.172069	-0.174588	-0.162206	-0.139749	-0.133334	-0.15391	-0.171623	-0.175122	-0.163605	-0.147411	-0.142002	-0.139484	-0.127025	-0.0972997	-0.040522	0.0322708	0.0993122	0.147395	0.183643	0.217466	0.239657	0.246042	0.234143	0.207337	
-0.155149	-0.176741	-0.184675	-0.179784	-0.159436	-0.15327	-0.173231	-0.184319	-0.182187	-0.165222	-0.142074	-0.135714	-0.139659	-0.139184	-0.124751	-0.076831	-0.0186347	0.0333077	0.0766863	0.114987	0.161441	0.205827	0.231547	0.239706	0.237158	
-0.154439	-0.184037	-0.197355	-0.196876	-0.182658	-0.17858	-0.192095	-0.198515	-0.191817	-0.167205	-0.138024	-0.131298	-0.135384	-0.140019	-0.139987	-0.106311	-0.057623	-0.0204905	0.00413366	0.0391345	0.0952756	0.156881	0.196686	0.218511	0.240598	
-0.160638	-0.185059	-0.196833	-0.194335	-0.179002	-0.174894	-0.188408	-0.197644	-0.191168	-0.17139	-0.145273	-0.133057	-0.134363	-0.14138	-0.142199	-0.12098	-0.0841158	-0.0548447	-0.041604	-0.0117846	0.0465155	0.112105	0.159861	0.195421	0.229509	
-0.168593	-0.177178	-0.184069	-0.178464	-0.167735	-0.163878	-0.174248	-0.183222	-0.180727	-0.17128	-0.164235	-0.155533	-0.154603	-0.157882	-0.15127	-0.130179	-0.105774	-0.0823309	-0.0677017	-0.0387437	0.0137159	0.0742714	0.118098	0.154324	0.195606	
-0.177178	-0.173995	-0.176314	-0.165442	-0.160654	-0.158956	-0.162902	-0.172332	-0.176478	-0.173851	-0.183272	-0.185016	-0.179944	-0.174138	-0.163619	-0.148924	-0.130501	-0.108	-0.0905739	-0.0627791	-0.0125738	0.0388673	0.0794659	0.110021	0.152732	
-0.184069	-0.176314	-0.174586	-0.166896	-0.16397	-0.163869	-0.165296	-0.17203	-0.176288	-0.179841	-0.192475	-0.19937	-0.18972	-0.177907	-0.169162	-0.166255	-0.155245	-0.138751	-0.119416	-0.0899944	-0.0432281	0.00266048	0.047303	0.0816612	0.120848	
-0.178464	-0.165442	-0.166896	-0.17912	-0.181329	-0.180663	-0.181317	-0.172288	-0.163292	-0.172552	-0.188442	-0.198821	-0.187716	-0.168575	-0.156805	-0.164712	-0.176393	-0.170662	-0.144969	-0.114246	-0.0733413	-0.0265465	0.0210422	0.0666758	0.108536	
-0.167735	-0.160654	-0.16397	-0.181329	-0.187924	-0.187094	-0.186548	-0.169556	-0.160373	-0.16362	-0.174315	-0.184196	-0.171074	-0.143723	-0.144157	-0.160021	-0.182303	-0.184008	-0.165349	-0.131236	-0.0907468	-0.0386566	0.0162809	0.0703985	0.112847	
-0.163878	-0.158956	-0.163869	-0.180663	-0.187094	-0.186885	-0.186017	-0.168525	-0.159982	-0.160496	-0.169863	-0.180731	-0.165972	-0.136067	-0.140091	-0.15921	-0.182918	-0.18517	-0.167845	-0.134418	-0.0937621	-0.0407867	0.017509	0.0729001	0.115015	
-0.174248	-0.162902	-0.165296	-0.181317	-0.186548	-0.186017	-0.185619	-0.17131	-0.161518	-0.168712	-0.182826	-0.193566	-0.182621	-0.159822	-0.152073	-0.162584	-0.180078	-0.178425	-0.155319	-0.122346	-0.0820132	-0.0339162	0.0169702	0.066577	0.108754	
-0.183222	-0.172332	-0.17203	-0.172288	-0.169556	-0.168525	-0.17131	-0.173258	-0.171025	-0.178057	-0.192926	-0.200732	-0.189912	-0.176263	-0.164553	-0.166705	-0.165862	-0.15288	-0.129656	-0.100411	-0.0553456	-0.0102161	0.0345951	0.0741416	0.113474	
-0.180727	-0.176478	-0.176288	-0.163292	-0.160373	-0.159982	-0.161518	-0.171025	-0.178351	-0.177005	-0.187901	-0.193022	-0.186549	-0.177413	-0.168576	-0.157851	-0.13973	-0.118973	-0.101831	-0.0736067	-0.0248349	0.023775	0.0663587	0.0968769	0.137973	
-0.17128	-0.173851	-0.179841	-0.172552	-0.16362	-0.160496	-0.168712	-0.178057	-0.177005	-0.170775	-0.172336	-0.168299	-0.166043	-0.165661	-0.155264	-0.136073	-0.115103	-0.0929779	-0.0762817	-0.0475134	0.00345752	0.0601488	0.102031	0.134915	0.178543	
-0.164235	-0.183272	-0.192475	-0.188442	-0.174315	-0.169863	-0.182826	-0.192926	-0.187901	-0.172336	-0.152367	-0.138689	-0.139517	-0.146584	-0.145036	-0.124333	-0.0929624	-0.0660192	-0.0543152	-0.0242971	0.0317129	0.0963758	0.143555	0.181695	0.218635	
-0.155533	-0.185016	-0.19937	-0.198821	-0.184196	-0.180731	-0.193566	-0.200732	-0.193022	-0.168299	-0.138689	-0.13104	-0.133637	-0.139484	-0.14124	-0.113985	-0.0699761	-0.0360198	-0.0166869	0.0146352	0.0726997	0.138297	0.181844	0.210139	0.238065	
-0.154603	-0.179944	-0.18972	-0.187716	-0.171074	-0.165972	-0.182621	-0.189912	-0.186549	-0.166043	-0.139517	-0.133637	-0.138293	-0.140268	-0.133237	-0.0894707	-0.0351005	0.00876598	0.0453806	0.0831525	0.134532	0.187103	0.219264	0.232816	0.241154	
-0.157882	-0.174138	-0.177907	-0.168575	-0.143723	-0.136067	-0.159822	-0.176263	-0.177413	-0.165661	-0.146584	-0.139484	-0.140268	-0.133233	-0.110158	-0.0573813	0.0108626	0.0737919	0.121083	0.159535	0.198443	0.229395	0.243759	0.240452	0.222263	
-0.15127	-0.163619	-0.169162	-0.156805	-0.144157	-0.140091	-0.152073	-0.164553	-0.168576	-0.155264	-0.145036	-0.14124	-0.133237	-0.110158	-0.0688638	-0.00779729	0.062815	0.132747	0.182418	0.212791	0.235188	0.244051	0.238294	0.214019	0.177836	
-0.130179	-0.148924	-0.166255	-0.164712	-0.160021	-0.15921	-0.162584	-0.166705	-0.157851	-0.136073	-0.124333	-0.113985	-0.0894707	-0.0573813	-0.00779729	0.0517257	0.109935	0.171783	0.222689	0.243802	0.246055	0.228133	0.198122	0.159784	0.112072	
-0.105774	-0.130501	-0.155245	-0.176393	-0.182303	-0.182918	-0.180078	-0.165862	-0.13973	-0.115103	-0.0929624	-0.0699761	-0.0351005	0.0108626	0.062815	0.109935	0.158553	0.208345	0.244464	0.253508	0.232399	0.187349	0.137953	0.083487	0.0200276	
-0.0823309	-0.108	-0.138751	-0.170662	-0.184008	-0.18517	-0.178425	-0.15288	-0.118973	-0.0929779	-0.0660192	-0.0360198	0.00876598	0.0737919	0.132747	0.171783	0.208345	0.242669	0.256146	0.243537	0.196641	0.132778	0.0612477	-0.0136963	-0.0906726	
-0.0677017	-0.0905739	-0.119416	-0.144969	-0.165349	-0.167845	-0.155319	-0.129656	-0.101831	-0.0762817	-0.0543152	-0.0166869	0.0453806	0.121083	0.182418	0.222689	0.244464	0.256146	0.247698	0.210511	0.143349	0.058676	-0.0303517	-0.111142	-0.187724	
-0.0387437	-0.0627791	-0.0899944	-0.114246	-0.131236	-0.134418	-0.122346	-0.100411	-0.0736067	-0.0475134	-0.0242971	0.0146352	0.0831525	0.159535	0.212791	0.243802	0.253508	0.243537	0.210511	0.14861	0.0673723	-0.0222848	-0.115799	-0.197244	-0.264631	
0.0137159	-0.0125738	-0.0432281	-0.0733413	-0.0907468	-0.0937621	-0.0820132	-0.0553456	-0.0248349	0.00345752	0.0317129	0.0726997	0.134532	0.198443	0.235188	0.246055	0.232399	0.196641	0.143349	0.0673723	-0.0165624	-0.0930511	-0.173385	-0.256306	-0.320826	
0.0742714	0.0388673	0.00266048	-0.0265465	-0.0386566	-0.0407867	-0.0339162	-0.0102161	0.023775	0.0601488	0.0963758	0.138297	0.187103	0.229395	0.244051	0.228133	0.187349	0.132778	0.058676	-0.0222848	-0.0930511	-0.156298	-0.228649	-0.304435	-0.367974	
0.118098	0.0794659	0.047303	0.0210422	0.0162809	0.017509	0.0169702	0.0345951	0.0663587	0.102031	0.143555	0.181844	0.219264	0.243759	0.238294	0.198122	0.137953	0.0612477	-0.0303517	-0.115799	-0.173385	-0.228649	-0.287744	-0.356848	-0.426268	
0.154324	0.110021	0.0816612	0.0666758	0.0703985	0.0729001	0.066577	0.0741416	0.0968769	0.134915	0.181695	0.210139	0.232816	0.240452	0.214019	0.159784	0.083487	-0.0136963	-0.111142	-0.197244	-0.256306	-0.304435	-0.356848	-0.423351	-0.49994	
0.195606	0.152732	0.120848	0.108536	0.112847	0.115015	0.108754	0.113474	0.137973	0.178543	0.218635	0.238065	0.241154	0.222263	0.177836	0.112072	0.0200276	-0.0906726	-0.187724	-0.264631	-0.320826	-0.367974	-0.426268	-0.49994	-0.576267	
