0.392156	0.5352	0.668941	0.76806	0.822358	0.823744	0.777963	0.686902	0.549905	0.386656	0.215278	0.0352348	-0.138721	-0.27596	-0.378083	-0.456673	-0.510305	-0.545656	-0.565443	-0.557001	-0.51483	-0.442954	-0.346368	-0.225436	-0.088911	
0.5352	0.664939	0.78452	0.865116	0.90207	0.897385	0.847061	0.745865	0.609023	0.446017	0.262277	0.0602339	-0.138207	-0.293169	-0.405062	-0.486896	-0.540335	-0.584035	-0.617371	-0.62023	-0.580575	-0.50164	-0.399375	-0.271172	-0.123325	
0.668941	0.78452	0.886074	0.950397	0.974005	0.954757	0.888665	0.775178	0.636657	0.480076	0.292303	0.0724582	-0.146974	-0.323599	-0.441867	-0.521494	-0.576714	-0.622595	-0.661711	-0.666683	-0.629663	-0.555994	-0.454533	-0.320997	-0.16004	
0.76806	0.865116	0.950397	1.01067	1.02555	0.994984	0.913134	0.790538	0.644614	0.481966	0.286182	0.0566831	-0.17055	-0.347644	-0.47025	-0.553458	-0.610974	-0.654782	-0.68829	-0.692381	-0.656824	-0.590247	-0.495919	-0.361207	-0.194737	
0.822358	0.90207	0.974005	1.02555	1.03344	0.990957	0.904681	0.777037	0.624812	0.450018	0.244981	0.0161218	-0.195988	-0.364362	-0.486702	-0.569738	-0.625718	-0.666441	-0.685793	-0.679769	-0.644862	-0.585611	-0.493322	-0.36173	-0.202785	
0.823744	0.897385	0.954757	0.994984	0.990957	0.934997	0.841474	0.712558	0.560195	0.384906	0.183035	-0.0335799	-0.229922	-0.385998	-0.497231	-0.565722	-0.608905	-0.634191	-0.640997	-0.632454	-0.598424	-0.536591	-0.44432	-0.325319	-0.187698	
0.777963	0.847061	0.888665	0.913134	0.904681	0.841474	0.738268	0.610714	0.465627	0.298106	0.109228	-0.0857779	-0.260081	-0.396261	-0.483885	-0.529964	-0.555973	-0.565276	-0.565655	-0.553068	-0.513959	-0.446837	-0.359235	-0.255482	-0.142233	
0.686902	0.745865	0.775178	0.790538	0.777037	0.712558	0.610714	0.492403	0.356662	0.207274	0.0384646	-0.134487	-0.280671	-0.383862	-0.438843	-0.463082	-0.475271	-0.477161	-0.476193	-0.458302	-0.41294	-0.336663	-0.248457	-0.154272	-0.0662107	
0.549905	0.609023	0.636657	0.644614	0.624812	0.560195	0.465627	0.356662	0.238728	0.111878	-0.0305549	-0.171279	-0.287438	-0.362327	-0.385691	-0.385956	-0.386149	-0.386401	-0.385738	-0.362019	-0.30869	-0.218523	-0.122365	-0.038533	0.0263299	
0.386656	0.446017	0.480076	0.481966	0.450018	0.384906	0.298106	0.207274	0.111878	0.0137994	-0.0950064	-0.201655	-0.289386	-0.340087	-0.341056	-0.3235	-0.317454	-0.313542	-0.305095	-0.266876	-0.203069	-0.108739	-0.0173714	0.0543343	0.106313	
0.215278	0.262277	0.292303	0.286182	0.244981	0.183035	0.109228	0.0384646	-0.0305549	-0.0950064	-0.157108	-0.225385	-0.284554	-0.316763	-0.310409	-0.287902	-0.27664	-0.262087	-0.238221	-0.190856	-0.125029	-0.0385598	0.0476624	0.113705	0.161341	
0.0352348	0.0602339	0.0724582	0.0566831	0.0161218	-0.0335799	-0.0857779	-0.134487	-0.171279	-0.201655	-0.225385	-0.251015	-0.276623	-0.291344	-0.283175	-0.261475	-0.24516	-0.230409	-0.200978	-0.149479	-0.0855319	-0.00853848	0.0684288	0.135199	0.185432	
-0.138721	-0.138207	-0.146974	-0.17055	-0.195988	-0.229922	-0.260081	-0.280671	-0.287438	-0.289386	-0.284554	-0.276623	-0.268288	-0.261408	-0.251586	-0.23181	-0.216434	-0.20755	-0.181121	-0.132254	-0.069695	0.00230426	0.0727995	0.134179	0.178802	
-0.27596	-0.293169	-0.323599	-0.347644	-0.364362	-0.385998	-0.396261	-0.383862	-0.362327	-0.340087	-0.316763	-0.291344	-0.261408	-0.237935	-0.222231	-0.20088	-0.187602	-0.183094	-0.160541	-0.112906	-0.0560563	0.00869452	0.074832	0.125633	0.163272	
-0.378083	-0.405062	-0.441867	-0.47025	-0.486702	-0.497231	-0.483885	-0.438843	-0.385691	-0.341056	-0.310409	-0.283175	-0.251586	-0.222231	-0.199401	-0.178393	-0.165703	-0.160198	-0.134786	-0.0908214	-0.0410605	0.0232115	0.0836985	0.125391	0.15207	
-0.456673	-0.486896	-0.521494	-0.553458	-0.569738	-0.565722	-0.529964	-0.463082	-0.385956	-0.3235	-0.287902	-0.261475	-0.23181	-0.20088	-0.178393	-0.168097	-0.154334	-0.140627	-0.118487	-0.0838255	-0.0319803	0.0329586	0.0876702	0.123605	0.142241	
-0.510305	-0.540335	-0.576714	-0.610974	-0.625718	-0.608905	-0.555973	-0.475271	-0.386149	-0.317454	-0.27664	-0.24516	-0.216434	-0.187602	-0.165703	-0.154334	-0.147969	-0.133989	-0.115107	-0.0858967	-0.0399592	0.0148434	0.0732071	0.113594	0.124537	
-0.545656	-0.584035	-0.622595	-0.654782	-0.666441	-0.634191	-0.565276	-0.477161	-0.386401	-0.313542	-0.262087	-0.230409	-0.20755	-0.183094	-0.160198	-0.140627	-0.133989	-0.128284	-0.114048	-0.0980399	-0.0626615	-0.0125278	0.0451613	0.0803165	0.0882065	
-0.565443	-0.617371	-0.661711	-0.68829	-0.685793	-0.640997	-0.565655	-0.476193	-0.385738	-0.305095	-0.238221	-0.200978	-0.181121	-0.160541	-0.134786	-0.118487	-0.115107	-0.114048	-0.111247	-0.112977	-0.100814	-0.0594737	-0.0130917	0.0105806	0.0159613	
-0.557001	-0.62023	-0.666683	-0.692381	-0.679769	-0.632454	-0.553068	-0.458302	-0.362019	-0.266876	-0.190856	-0.149479	-0.132254	-0.112906	-0.0908214	-0.0838255	-0.0858967	-0.0980399	-0.112977	-0.126502	-0.131432	-0.113852	-0.0949475	-0.0818312	-0.0862243	
-0.51483	-0.580575	-0.629663	-0.656824	-0.644862	-0.598424	-0.513959	-0.41294	-0.30869	-0.203069	-0.125029	-0.0855319	-0.069695	-0.0560563	-0.0410605	-0.0319803	-0.0399592	-0.0626615	-0.100814	-0.131432	-0.152217	-0.165485	-0.178937	-0.19125	-0.217331	
-0.442954	-0.50164	-0.555994	-0.590247	-0.585611	-0.536591	-0.446837	-0.336663	-0.218523	-0.108739	-0.0385598	-0.00853848	0.00230426	0.00869452	0.0232115	0.0329586	0.0148434	-0.0125278	-0.0594737	-0.113852	-0.165485	-0.211978	-0.25926	-0.306811	-0.358294	
-0.346368	-0.399375	-0.454533	-0.495919	-0.493322	-0.44432	-0.359235	-0.248457	-0.122365	-0.0173714	0.0476624	0.0684288	0.0727995	0.074832	0.0836985	0.0876702	0.0732071	0.0451613	-0.0130917	-0.0949475	-0.178937	-0.25926	-0.346328	-0.430172	-0.507913	
-0.225436	-0.271172	-0.320997	-0.361207	-0.36173	-0.325319	-0.255482	-0.154272	-0.038533	0.0543343	0.113705	0.135199	0.134179	0.125633	0.125391	0.123605	0.113594	0.0803165	0.0105806	-0.0818312	-0.19125	-0.306811	-0.430172	-0.551397	-0.662556	
-0.088911	-0.123325	-0.16004	-0.194737	-0.202785	-0.187698	-0.142233	-0.0662107	0.0263299	0.106313	0.161341	0.185432	0.178802	0.163272	0.15207	0.142241	0.124537	0.0882065	0.0159613	-0.0862243	-0.217331	-0.358294	-0.507913	-0.662556	-0.806782	
0.0472434	0.0264344	-0.00115456	-0.0300001	-0.0471415	-0.0535409	-0.0329974	0.0138264	0.0781537	0.143256	0.192247	0.213441	0.205518	0.187626	0.169584	0.150037	0.119262	0.0730876	-0.00496352	-0.119449	-0.265265	-0.424521	-0.594343	-0.766305	-0.919433	
0.167703	0.160201	0.133445	0.107385	0.084164	0.0634421	0.0656864	0.0894168	0.124148	0.168592	0.206812	0.22607	0.225404	0.204691	0.181006	0.1557	0.109255	0.0416609	-0.0539356	-0.179257	-0.332088	-0.499765	-0.68111	-0.858238	-1.00566	
0.261037	0.257803	0.232879	0.211098	0.186507	0.163172	0.151461	0.143471	0.150148	0.178329	0.211988	0.232206	0.240714	0.224861	0.196126	0.163371	0.102687	0.00628509	-0.108756	-0.248191	-0.40765	-0.582169	-0.766093	-0.938318	-1.07506	
0.31793	0.320026	0.293701	0.270348	0.251117	0.232144	0.205956	0.175873	0.165512	0.185597	0.216607	0.243221	0.256328	0.243934	0.216384	0.171861	0.0910488	-0.0228707	-0.152537	-0.302405	-0.4749	-0.655684	-0.83243	-0.995528	-1.12244	
0.336293	0.343623	0.319227	0.291889	0.281602	0.267666	0.231449	0.191502	0.175738	0.191032	0.224434	0.259493	0.272515	0.261263	0.22928	0.17693	0.0922116	-0.0337467	-0.181406	-0.33976	-0.511859	-0.696468	-0.875942	-1.03178	-1.1471	
0.337764	0.346464	0.321809	0.293722	0.2864	0.273648	0.23575	0.194418	0.177044	0.191078	0.225605	0.263075	0.276837	0.265528	0.23111	0.178005	0.0943872	-0.0331447	-0.18721	-0.347618	-0.518847	-0.703453	-0.883971	-1.04025	-1.15364	
0.328949	0.33375	0.307823	0.282722	0.267224	0.250495	0.219368	0.184405	0.170373	0.188429	0.220314	0.250175	0.262743	0.251696	0.223031	0.174931	0.0900621	-0.0304348	-0.166291	-0.318853	-0.493059	-0.675777	-0.852211	-1.01191	-1.13468	
0.289016	0.287042	0.26143	0.239657	0.217246	0.195455	0.177191	0.158163	0.156655	0.18048	0.212983	0.235224	0.246855	0.233159	0.203663	0.166003	0.0976245	-0.00561773	-0.127734	-0.272508	-0.437587	-0.61513	-0.79634	-0.964312	-1.09695	
0.208729	0.203824	0.177907	0.154105	0.128587	0.106049	0.102404	0.114146	0.137766	0.174875	0.209887	0.229443	0.232079	0.211956	0.186835	0.158903	0.107017	0.0267979	-0.0769298	-0.20673	-0.361057	-0.531533	-0.715668	-0.892081	-1.03489	
0.0980651	0.0829565	0.0564313	0.0286165	0.00860229	-0.00461718	0.00790331	0.0450481	0.0968252	0.154573	0.19943	0.219449	0.214064	0.194152	0.174028	0.152112	0.114604	0.062644	-0.0219559	-0.141485	-0.290917	-0.453982	-0.6293	-0.805115	-0.95739	
-0.0331585	-0.0623573	-0.0946154	-0.126049	-0.138428	-0.13295	-0.0976533	-0.0337682	0.0479105	0.122833	0.175728	0.199015	0.190528	0.174174	0.160206	0.146528	0.123327	0.0837346	0.0111446	-0.0951641	-0.233556	-0.383117	-0.541481	-0.704335	-0.854942	
-0.172113	-0.213941	-0.259098	-0.297314	-0.300065	-0.270828	-0.210351	-0.117696	-0.0100981	0.0774654	0.134419	0.157859	0.154788	0.14256	0.137314	0.132866	0.1214	0.0874415	0.0150174	-0.081015	-0.199838	-0.326133	-0.460932	-0.597222	-0.723739	
-0.300315	-0.35161	-0.40523	-0.447006	-0.445339	-0.399925	-0.319312	-0.211277	-0.0870658	0.0133803	0.0777695	0.0971683	0.0982384	0.0970476	0.102715	0.104287	0.0929571	0.0622045	-0.000879395	-0.0887945	-0.182987	-0.278497	-0.381309	-0.479584	-0.569771	
-0.407122	-0.462885	-0.518562	-0.556509	-0.553393	-0.503231	-0.414307	-0.302312	-0.179224	-0.0700526	-0.00282501	0.0228994	0.0315647	0.035864	0.0490333	0.05654	0.0383909	0.0116439	-0.0390268	-0.10546	-0.171508	-0.230934	-0.292965	-0.355434	-0.416663	
-0.489407	-0.55291	-0.603917	-0.633476	-0.623559	-0.576925	-0.489918	-0.384756	-0.27556	-0.167727	-0.0922155	-0.0559721	-0.0412498	-0.0308011	-0.016345	-0.0060631	-0.0182498	-0.0441387	-0.0870796	-0.126599	-0.157459	-0.183804	-0.211086	-0.237004	-0.272778	
-0.544052	-0.609152	-0.656936	-0.683293	-0.669468	-0.622948	-0.541158	-0.4446	-0.344927	-0.244601	-0.167127	-0.125844	-0.108617	-0.0913012	-0.0725089	-0.0656477	-0.0694061	-0.0865524	-0.112052	-0.130962	-0.140826	-0.135214	-0.128701	-0.124396	-0.13665	
-0.566143	-0.623831	-0.668966	-0.693993	-0.686931	-0.639618	-0.562679	-0.471748	-0.379764	-0.293126	-0.221533	-0.181787	-0.164166	-0.143637	-0.118538	-0.106391	-0.104875	-0.108998	-0.111272	-0.1185	-0.114735	-0.0815304	-0.0451633	-0.0236757	-0.0206092	
-0.555621	-0.599208	-0.640044	-0.670286	-0.676689	-0.639588	-0.566564	-0.477451	-0.386979	-0.312393	-0.254617	-0.221743	-0.199941	-0.177497	-0.153179	-0.13325	-0.127248	-0.122384	-0.112539	-0.104595	-0.077314	-0.0289629	0.0261388	0.0560093	0.0630619	
-0.525832	-0.558309	-0.595204	-0.629524	-0.643859	-0.620566	-0.561588	-0.476855	-0.386508	-0.315889	-0.271409	-0.239535	-0.213325	-0.186523	-0.16447	-0.148627	-0.142996	-0.133375	-0.115355	-0.0890735	-0.0469258	0.00571558	0.0646792	0.104626	0.113314	
-0.481286	-0.510595	-0.545971	-0.580035	-0.594781	-0.585598	-0.541736	-0.468829	-0.386034	-0.319902	-0.282181	-0.254448	-0.224053	-0.193524	-0.171173	-0.163442	-0.152723	-0.13576	-0.115441	-0.083354	-0.0335952	0.0268313	0.0831651	0.120784	0.136836	
-0.412523	-0.441227	-0.477332	-0.50674	-0.524066	-0.529215	-0.505931	-0.450992	-0.386267	-0.333281	-0.300866	-0.274255	-0.244524	-0.21428	-0.190958	-0.173215	-0.159116	-0.151503	-0.126629	-0.0867518	-0.0355774	0.0303368	0.0876398	0.125941	0.148579	
-0.319545	-0.342395	-0.377252	-0.402256	-0.419126	-0.435623	-0.437543	-0.411152	-0.377298	-0.345864	-0.319503	-0.291537	-0.25877	-0.231144	-0.212537	-0.190402	-0.1783	-0.173331	-0.150251	-0.103222	-0.0507681	0.0131365	0.0767762	0.123887	0.157639	
-0.198879	-0.206193	-0.224448	-0.248791	-0.268248	-0.297335	-0.320363	-0.327296	-0.322946	-0.315253	-0.300833	-0.28398	-0.265365	-0.251314	-0.238827	-0.218651	-0.204474	-0.197935	-0.17405	-0.125464	-0.0638655	0.00502544	0.0740205	0.131336	0.173149	
-0.0370308	-0.0223716	-0.0181618	-0.0377402	-0.0738734	-0.116353	-0.158871	-0.197673	-0.221663	-0.240203	-0.25189	-0.262156	-0.272614	-0.279112	-0.271066	-0.250541	-0.233571	-0.220613	-0.192302	-0.141258	-0.0786226	-0.00349755	0.0707099	0.135997	0.184766	
0.14408	0.183032	0.206607	0.19749	0.154911	0.0962478	0.0306624	-0.0318001	-0.0883366	-0.139116	-0.184066	-0.23451	-0.281084	-0.307344	-0.300251	-0.277357	-0.263577	-0.248322	-0.220004	-0.169745	-0.104178	-0.0221335	0.0604136	0.126224	0.175546	
