1.03597	1.18309	1.28988	1.36135	1.38859	1.39122	1.3778	1.32331	1.22969	1.10099	0.921884	0.707354	0.494646	0.300292	0.145244	0.0463651	-0.00612294	-0.0286453	-0.0467351	-0.0769506	-0.124883	-0.193181	-0.285731	-0.385471	-0.487208	
1.13831	1.31846	1.45492	1.55129	1.59575	1.60206	1.57503	1.49937	1.37782	1.2162	1.00749	0.766163	0.52495	0.301512	0.125322	0.014869	-0.03612	-0.0511074	-0.0541714	-0.0698412	-0.106099	-0.171878	-0.265197	-0.371442	-0.489325	
1.20335	1.40352	1.55779	1.66539	1.72212	1.73037	1.69452	1.60631	1.47105	1.28869	1.0645	0.812175	0.561924	0.329522	0.143793	0.0220392	-0.0332368	-0.0432464	-0.0337138	-0.0296995	-0.049648	-0.11091	-0.20842	-0.321564	-0.455247	
1.22925	1.43421	1.59075	1.69768	1.75657	1.76599	1.72718	1.63927	1.50287	1.31591	1.09018	0.840542	0.591757	0.364638	0.187693	0.0659075	0.00702751	-0.00388093	0.0141261	0.0294882	0.0280087	-0.0195474	-0.116909	-0.249929	-0.405642	
1.21238	1.40861	1.55484	1.65436	1.70845	1.71809	1.68056	1.60084	1.47308	1.29597	1.0792	0.844496	0.606743	0.393013	0.231156	0.127354	0.0773346	0.0712133	0.092327	0.115181	0.119668	0.0825733	-0.00549712	-0.145869	-0.325088	
1.15779	1.33563	1.46681	1.55528	1.60143	1.60974	1.57813	1.50792	1.39291	1.23477	1.03345	0.816448	0.597097	0.408313	0.26855	0.189917	0.158895	0.170732	0.197462	0.223749	0.230691	0.2026	0.124078	-0.0149872	-0.203287	
1.0576	1.21691	1.33687	1.41643	1.45417	1.45882	1.43702	1.37326	1.26955	1.12572	0.944868	0.745606	0.553161	0.390914	0.281949	0.229773	0.222245	0.254169	0.296915	0.335293	0.351184	0.33962	0.270849	0.138716	-0.0529334	
0.924231	1.06951	1.18255	1.26196	1.29677	1.30087	1.28105	1.21872	1.11848	0.986497	0.822166	0.643919	0.48016	0.345005	0.259953	0.229922	0.247919	0.304021	0.37494	0.437246	0.475393	0.480785	0.427865	0.305567	0.1174	
0.794662	0.928376	1.03872	1.12256	1.16268	1.16853	1.14401	1.07626	0.974924	0.851788	0.702179	0.53989	0.394996	0.281099	0.216711	0.206137	0.249879	0.332266	0.434322	0.527518	0.599849	0.625364	0.586413	0.478913	0.309741	
0.683093	0.818447	0.930052	1.01334	1.05511	1.06308	1.0345	0.968321	0.864914	0.740766	0.593143	0.441854	0.303223	0.204741	0.156511	0.171454	0.237492	0.34525	0.465847	0.58607	0.691262	0.754514	0.744334	0.661568	0.517005	
0.596526	0.747284	0.861983	0.939013	0.979759	0.988068	0.958292	0.898095	0.797289	0.660147	0.501096	0.347548	0.215531	0.129748	0.0980811	0.125272	0.205333	0.327315	0.465031	0.606129	0.738481	0.839112	0.871752	0.828688	0.709856	
0.534211	0.694811	0.817166	0.895199	0.943247	0.951992	0.91788	0.852875	0.749428	0.600746	0.433613	0.273836	0.138859	0.0567672	0.0360904	0.0684062	0.148702	0.272998	0.42362	0.586898	0.74295	0.868474	0.935173	0.930543	0.846541	
0.479382	0.642301	0.775309	0.866738	0.926839	0.937937	0.895347	0.816064	0.70054	0.54594	0.378793	0.21798	0.0733353	-0.0222454	-0.0479442	-0.0118602	0.073234	0.196911	0.349992	0.521687	0.690568	0.832958	0.926606	0.952017	0.90413	
0.41556	0.58365	0.726036	0.830303	0.895106	0.906794	0.861303	0.772377	0.64509	0.484588	0.310901	0.14359	-0.00660626	-0.110533	-0.150222	-0.120358	-0.0333296	0.0956521	0.243561	0.409501	0.574607	0.730285	0.847705	0.902652	0.884862	
0.339706	0.519748	0.670864	0.781745	0.838971	0.849803	0.809755	0.721613	0.583914	0.414417	0.227003	0.0457252	-0.10869	-0.210009	-0.252314	-0.236234	-0.163882	-0.0436981	0.103987	0.263796	0.424706	0.580753	0.712984	0.789306	0.795002	
0.256507	0.446175	0.607306	0.720098	0.775823	0.785123	0.749098	0.658974	0.514741	0.334841	0.137703	-0.0536939	-0.211182	-0.313857	-0.358862	-0.350714	-0.292658	-0.189005	-0.0501184	0.105254	0.265813	0.420179	0.550766	0.633704	0.662795	
0.171712	0.36467	0.528685	0.64682	0.713981	0.725848	0.680333	0.581889	0.434223	0.251604	0.0502179	-0.145916	-0.310014	-0.417597	-0.469619	-0.465466	-0.412491	-0.319783	-0.196313	-0.0512105	0.105139	0.254833	0.378717	0.463568	0.513577	
0.0896779	0.285043	0.452192	0.574323	0.652353	0.666048	0.61145	0.506381	0.357066	0.169342	-0.0317671	-0.228734	-0.400529	-0.515845	-0.569749	-0.567473	-0.51766	-0.430816	-0.322979	-0.193315	-0.0480188	0.100879	0.218643	0.303737	0.36483	
0.0156127	0.222101	0.394651	0.516312	0.594233	0.609531	0.55253	0.449146	0.297365	0.0993525	-0.107554	-0.299531	-0.471121	-0.593619	-0.650817	-0.648594	-0.601439	-0.52432	-0.425552	-0.306945	-0.17457	-0.0371701	0.0805329	0.166833	0.230385	
-0.0339552	0.178712	0.354054	0.475815	0.552936	0.568381	0.512503	0.408169	0.255257	0.0529839	-0.161199	-0.356424	-0.521403	-0.639805	-0.701026	-0.705792	-0.660734	-0.586962	-0.492833	-0.38118	-0.262228	-0.14023	-0.0227316	0.0674589	0.129511	
-0.0477129	0.16006	0.33921	0.467908	0.542188	0.555538	0.504368	0.397099	0.236535	0.0370753	-0.175102	-0.376912	-0.545015	-0.654463	-0.71009	-0.719288	-0.682201	-0.61063	-0.516821	-0.407006	-0.295241	-0.190606	-0.0814106	0.014065	0.0811347	
-0.0180611	0.186189	0.370822	0.505523	0.577447	0.588563	0.541605	0.432298	0.264318	0.0640833	-0.142607	-0.343993	-0.515511	-0.625359	-0.674576	-0.679557	-0.647769	-0.579718	-0.486192	-0.380516	-0.275069	-0.173593	-0.077507	0.0109254	0.083535	
0.0661038	0.271065	0.452591	0.588286	0.66793	0.681403	0.627439	0.513148	0.347931	0.14916	-0.0598072	-0.260078	-0.427511	-0.53991	-0.591431	-0.588346	-0.549499	-0.487118	-0.400394	-0.300346	-0.197214	-0.0939902	-0.00403479	0.0692087	0.143297	
0.209521	0.417346	0.596121	0.730207	0.815338	0.83151	0.771142	0.654773	0.493626	0.294787	0.0816587	-0.119641	-0.28205	-0.390137	-0.444253	-0.442495	-0.395854	-0.330772	-0.252363	-0.161405	-0.0633735	0.0411821	0.130931	0.192111	0.256359	
0.390036	0.606413	0.792961	0.922671	1.00197	1.01685	0.96085	0.850865	0.687336	0.477534	0.262406	0.0674596	-0.0925146	-0.198437	-0.250668	-0.254767	-0.211413	-0.142641	-0.0644224	0.0224677	0.116479	0.207959	0.288019	0.346277	0.407043	
0.597456	0.817903	1.00579	1.1357	1.21624	1.2317	1.17413	1.06417	0.899566	0.686094	0.469904	0.278435	0.117124	0.00816884	-0.0409229	-0.0441661	-0.00855065	0.0580954	0.138488	0.222891	0.307259	0.386051	0.454763	0.512864	0.569525	
0.817903	1.02804	1.21135	1.3498	1.43821	1.45398	1.3923	1.27225	1.10611	0.902815	0.689973	0.489436	0.322652	0.212002	0.164541	0.167186	0.20241	0.257492	0.331601	0.414178	0.49199	0.558677	0.619434	0.674301	0.725872	
1.00579	1.21135	1.40085	1.54627	1.62581	1.63826	1.586	1.46625	1.29062	1.08878	0.878186	0.670748	0.502177	0.396694	0.346142	0.34371	0.376729	0.426982	0.496159	0.577353	0.647248	0.704547	0.756704	0.800947	0.842081	
1.1357	1.3498	1.54627	1.68732	1.76089	1.7721	1.72478	1.61047	1.43319	1.22142	1.00656	0.802546	0.638142	0.532394	0.477474	0.467104	0.497876	0.549182	0.61628	0.69153	0.759166	0.811899	0.854022	0.883406	0.918092	
1.21624	1.43821	1.62581	1.76089	1.8501	1.86794	1.8032	1.68503	1.51936	1.30659	1.08495	0.885978	0.720813	0.606849	0.550597	0.54367	0.574606	0.628397	0.689581	0.751163	0.813787	0.874616	0.917336	0.936593	0.960511	
1.2317	1.45398	1.63826	1.7721	1.86794	1.88723	1.81668	1.69586	1.53431	1.32223	1.10022	0.901692	0.735568	0.618007	0.562864	0.558259	0.590687	0.642922	0.702094	0.760483	0.824028	0.886051	0.929187	0.946378	0.969144	
1.17413	1.3923	1.586	1.72478	1.8032	1.81668	1.76345	1.64882	1.47488	1.26183	1.04453	0.842999	0.677715	0.569487	0.514032	0.504278	0.533638	0.586264	0.651689	0.722583	0.786748	0.841876	0.884002	0.90874	0.937834	
1.06417	1.27225	1.46625	1.61047	1.68503	1.69586	1.64882	1.53181	1.35361	1.14737	0.936004	0.728696	0.562448	0.458191	0.405634	0.398414	0.431031	0.481182	0.549888	0.629505	0.698907	0.752566	0.799826	0.838126	0.877782	
0.899566	1.10611	1.29062	1.43319	1.51936	1.53431	1.47488	1.35361	1.18408	0.983603	0.771473	0.567263	0.398971	0.290385	0.241548	0.243878	0.278361	0.331012	0.402059	0.48362	0.557517	0.621396	0.679191	0.730308	0.777274	
0.686094	0.902815	1.08878	1.22142	1.30659	1.32223	1.26183	1.14737	0.983603	0.773356	0.558461	0.364303	0.201259	0.0897884	0.0423252	0.0420976	0.0776534	0.139074	0.217837	0.30125	0.383948	0.457426	0.522111	0.579329	0.635105	
0.469904	0.689973	0.878186	1.00656	1.08495	1.10022	1.04453	0.936004	0.771473	0.558461	0.342615	0.150491	-0.00981821	-0.116125	-0.167239	-0.172382	-0.133064	-0.0631804	0.016638	0.102656	0.192029	0.278033	0.353714	0.412392	0.471001	
0.278435	0.489436	0.670748	0.802546	0.885978	0.901692	0.842999	0.728696	0.567263	0.364303	0.150491	-0.0496211	-0.210336	-0.316638	-0.370084	-0.371404	-0.324214	-0.257909	-0.180833	-0.0916728	0.00560349	0.105539	0.192248	0.251817	0.314014	
0.117124	0.322652	0.502177	0.638142	0.720813	0.735568	0.677715	0.562448	0.398971	0.201259	-0.00981821	-0.210336	-0.376221	-0.486931	-0.540233	-0.53588	-0.493653	-0.430952	-0.348224	-0.251278	-0.15053	-0.0457086	0.0447104	0.111997	0.182569	
0.00816884	0.212002	0.396694	0.532394	0.606849	0.618007	0.569487	0.458191	0.290385	0.0897884	-0.116125	-0.316638	-0.486931	-0.599284	-0.648402	-0.650182	-0.615742	-0.55046	-0.458422	-0.355567	-0.251036	-0.149191	-0.0564801	0.0259676	0.100951	
-0.0409229	0.164541	0.346142	0.477474	0.550597	0.562864	0.514032	0.405634	0.241548	0.0423252	-0.167239	-0.370084	-0.540233	-0.648402	-0.700693	-0.709636	-0.675739	-0.605146	-0.511119	-0.403086	-0.2938	-0.191591	-0.0878287	0.0056891	0.0751593	
-0.0441661	0.167186	0.34371	0.467104	0.54367	0.558259	0.504278	0.398414	0.243878	0.0420976	-0.172382	-0.371404	-0.53588	-0.650182	-0.709636	-0.717454	-0.675091	-0.602552	-0.508868	-0.397426	-0.281761	-0.167288	-0.0527933	0.0405461	0.103747	
-0.00855065	0.20241	0.376729	0.497876	0.574606	0.590687	0.533638	0.431031	0.278361	0.0776534	-0.133064	-0.324214	-0.493653	-0.615742	-0.675739	-0.675091	-0.628843	-0.553286	-0.457028	-0.341666	-0.215822	-0.0845049	0.0343424	0.122023	0.184716	
0.0580954	0.257492	0.426982	0.549182	0.628397	0.642922	0.586264	0.481182	0.331012	0.139074	-0.0631804	-0.257909	-0.430952	-0.55046	-0.605146	-0.602552	-0.553286	-0.470483	-0.36728	-0.242987	-0.102446	0.0429565	0.160481	0.245585	0.308445	
0.138488	0.331601	0.496159	0.61628	0.689581	0.702094	0.651689	0.549888	0.402059	0.217837	0.016638	-0.180833	-0.348224	-0.458422	-0.511119	-0.508868	-0.457028	-0.36728	-0.24972	-0.110439	0.0426109	0.190903	0.312273	0.39723	0.453258	
0.222891	0.414178	0.577353	0.69153	0.751163	0.760483	0.722583	0.629505	0.48362	0.30125	0.102656	-0.0916728	-0.251278	-0.355567	-0.403086	-0.397426	-0.341666	-0.242987	-0.110439	0.0414128	0.20102	0.354335	0.482283	0.566128	0.603981	
0.307259	0.49199	0.647248	0.759166	0.813787	0.824028	0.786748	0.698907	0.557517	0.383948	0.192029	0.00560349	-0.15053	-0.251036	-0.2938	-0.281761	-0.215822	-0.102446	0.0426109	0.20102	0.362047	0.517062	0.650216	0.730525	0.745689	
0.386051	0.558677	0.704547	0.811899	0.874616	0.886051	0.841876	0.752566	0.621396	0.457426	0.278033	0.105539	-0.0457086	-0.149191	-0.191591	-0.167288	-0.0845049	0.0429565	0.190903	0.354335	0.517062	0.673905	0.798832	0.863587	0.856122	
0.454763	0.619434	0.756704	0.854022	0.917336	0.929187	0.884002	0.799826	0.679191	0.522111	0.353714	0.192248	0.0447104	-0.0564801	-0.0878287	-0.0527933	0.0343424	0.160481	0.312273	0.482283	0.650216	0.798832	0.903211	0.940897	0.905314	
0.512864	0.674301	0.800947	0.883406	0.936593	0.946378	0.90874	0.838126	0.730308	0.579329	0.412392	0.251817	0.111997	0.0259676	0.0056891	0.0405461	0.122023	0.245585	0.39723	0.566128	0.730525	0.863587	0.940897	0.948108	0.879549	
0.569525	0.725872	0.842081	0.918092	0.960511	0.969144	0.937834	0.877782	0.777274	0.635105	0.471001	0.314014	0.182569	0.100951	0.0751593	0.103747	0.184716	0.308445	0.453258	0.603981	0.745689	0.856122	0.905314	0.879549	0.773101	
