-0.456509	-0.386367	-0.290897	-0.16937	-0.0399791	0.0863956	0.195573	0.265424	0.277031	0.247722	0.188718	0.123725	0.0541979	-0.00728546	-0.046631	-0.0648637	-0.0618243	-0.045847	-0.0237132	0.00314516	0.0583682	0.145249	0.26121	0.396759	0.545855	
-0.386367	-0.298839	-0.181785	-0.0426895	0.0985083	0.238125	0.360809	0.435343	0.449369	0.41581	0.346165	0.268471	0.186029	0.106023	0.0437919	0.00497866	-0.0155766	-0.0291063	-0.0413798	-0.0450045	-0.0132622	0.0612348	0.166108	0.289608	0.426293	
-0.290897	-0.181785	-0.0459185	0.108121	0.261967	0.402415	0.517352	0.5866	0.597196	0.556524	0.474763	0.379328	0.285559	0.197527	0.123633	0.0654861	0.0181302	-0.0269331	-0.0694499	-0.0931758	-0.0758086	-0.0121282	0.0782491	0.185923	0.312232	
-0.16937	-0.0426895	0.108121	0.276903	0.431977	0.556245	0.652667	0.707435	0.706953	0.652823	0.560302	0.45341	0.357484	0.269437	0.18763	0.111531	0.0341447	-0.0363167	-0.0927835	-0.123682	-0.116821	-0.0662029	0.0102907	0.106141	0.227106	
-0.0399791	0.0985083	0.261967	0.431977	0.574736	0.681623	0.756824	0.788082	0.766818	0.698726	0.602767	0.493297	0.401694	0.318767	0.232816	0.143262	0.0467449	-0.0423766	-0.111129	-0.145162	-0.141095	-0.100163	-0.0352455	0.0602704	0.180101	
0.0863956	0.238125	0.402415	0.556245	0.681623	0.767286	0.812897	0.81515	0.77657	0.707352	0.617975	0.514998	0.425462	0.341738	0.258581	0.168038	0.0615172	-0.0386042	-0.112403	-0.152289	-0.157331	-0.123183	-0.0585532	0.0384924	0.160121	
0.195573	0.360809	0.517352	0.652667	0.756824	0.812897	0.821487	0.796481	0.7478	0.682656	0.601654	0.509728	0.426552	0.347197	0.271514	0.187875	0.083774	-0.014838	-0.0875361	-0.128828	-0.135493	-0.113205	-0.0603894	0.0347006	0.155638	
0.265424	0.435343	0.5866	0.707435	0.788082	0.81515	0.796481	0.756948	0.701482	0.635982	0.558562	0.478615	0.401774	0.326919	0.257672	0.182344	0.0898335	0.00877321	-0.0537708	-0.091601	-0.0993925	-0.0833596	-0.0349282	0.053848	0.163675	
0.277031	0.449369	0.597196	0.706953	0.766818	0.77657	0.7478	0.701482	0.639957	0.574919	0.501252	0.425798	0.34866	0.270591	0.204686	0.142045	0.0763793	0.0195151	-0.024631	-0.0533562	-0.0597527	-0.0374951	0.0171924	0.10214	0.188877	
0.247722	0.41581	0.556524	0.652823	0.698726	0.707352	0.682656	0.635982	0.574919	0.510257	0.434411	0.355359	0.274843	0.19557	0.129835	0.0793448	0.0322549	-0.000394764	-0.0201548	-0.0241276	-0.011961	0.022844	0.0833925	0.155355	0.220913	
0.188718	0.346165	0.474763	0.560302	0.602767	0.617975	0.601654	0.558562	0.501252	0.434411	0.3564	0.272225	0.18704	0.104701	0.0378525	-0.0115026	-0.0433647	-0.047623	-0.0346531	-0.0111564	0.0208535	0.0745251	0.140136	0.201275	0.24259	
0.123725	0.268471	0.379328	0.45341	0.493297	0.514998	0.509728	0.478615	0.425798	0.355359	0.272225	0.174011	0.0773139	-0.0103423	-0.0786898	-0.122426	-0.136346	-0.119526	-0.0791694	-0.0274829	0.0246025	0.0901435	0.159835	0.218489	0.238978	
0.0541979	0.186029	0.285559	0.357484	0.401694	0.425462	0.426552	0.401774	0.34866	0.274843	0.18704	0.0773139	-0.0348826	-0.131206	-0.203097	-0.24012	-0.239919	-0.20574	-0.14499	-0.0719633	0.000708941	0.0719228	0.135092	0.179272	0.190716	
-0.00728546	0.106023	0.197527	0.269437	0.318767	0.341738	0.347197	0.326919	0.270591	0.19557	0.104701	-0.0103423	-0.131206	-0.230934	-0.303797	-0.339982	-0.336382	-0.302034	-0.229178	-0.136856	-0.0534907	0.013627	0.0700962	0.107197	0.111724	
-0.046631	0.0437919	0.123633	0.18763	0.232816	0.258581	0.271514	0.257672	0.204686	0.129835	0.0378525	-0.0786898	-0.203097	-0.303797	-0.373945	-0.412354	-0.421282	-0.396143	-0.328621	-0.234124	-0.144863	-0.0718421	-0.00993547	0.0285247	0.0391556	
-0.0648637	0.00497866	0.0654861	0.111531	0.143262	0.168038	0.187875	0.182344	0.142045	0.0793448	-0.0115026	-0.122426	-0.24012	-0.339982	-0.412354	-0.464799	-0.490317	-0.482186	-0.43077	-0.343548	-0.241488	-0.153445	-0.082628	-0.0297198	-0.00490956	
-0.0618243	-0.0155766	0.0181302	0.0341447	0.0467449	0.0615172	0.083774	0.0898335	0.0763793	0.0322549	-0.0433647	-0.136346	-0.239919	-0.336382	-0.421282	-0.490317	-0.537963	-0.546189	-0.509009	-0.423086	-0.312352	-0.212557	-0.121769	-0.0447092	-0.00103059	
-0.045847	-0.0291063	-0.0269331	-0.0363167	-0.0423766	-0.0386042	-0.014838	0.00877321	0.0195151	-0.000394764	-0.047623	-0.119526	-0.20574	-0.302034	-0.396143	-0.482186	-0.546189	-0.57304	-0.540403	-0.44909	-0.337112	-0.219191	-0.102939	-0.00666192	0.0502762	
-0.0237132	-0.0413798	-0.0694499	-0.0927835	-0.111129	-0.112403	-0.0875361	-0.0537708	-0.024631	-0.0201548	-0.0346531	-0.0791694	-0.14499	-0.229178	-0.328621	-0.43077	-0.509009	-0.540403	-0.504192	-0.414154	-0.3006	-0.163787	-0.0238135	0.0858755	0.161756	
0.00314516	-0.0450045	-0.0931758	-0.123682	-0.145162	-0.152289	-0.128828	-0.091601	-0.0533562	-0.0241276	-0.0111564	-0.0274829	-0.0719633	-0.136856	-0.234124	-0.343548	-0.423086	-0.44909	-0.414154	-0.329832	-0.207366	-0.0558039	0.106741	0.245985	0.352532	
0.0583682	-0.0132622	-0.0758086	-0.116821	-0.141095	-0.157331	-0.135493	-0.0993925	-0.0597527	-0.011961	0.0208535	0.0246025	0.000708941	-0.0534907	-0.144863	-0.241488	-0.312352	-0.337112	-0.3006	-0.207366	-0.0701598	0.097603	0.287333	0.464349	0.604562	
0.145249	0.0612348	-0.0121282	-0.0662029	-0.100163	-0.123183	-0.113205	-0.0833596	-0.0374951	0.022844	0.0745251	0.0901435	0.0719228	0.013627	-0.0718421	-0.153445	-0.212557	-0.219191	-0.163787	-0.0558039	0.097603	0.292048	0.507987	0.712913	0.887309	
0.26121	0.166108	0.0782491	0.0102907	-0.0352455	-0.0585532	-0.0603894	-0.0349282	0.0171924	0.0833925	0.140136	0.159835	0.135092	0.0700962	-0.00993547	-0.082628	-0.121769	-0.102939	-0.0238135	0.106741	0.287333	0.507987	0.743924	0.969703	1.17504	
0.396759	0.289608	0.185923	0.106141	0.0602704	0.0384924	0.0347006	0.053848	0.10214	0.155355	0.201275	0.218489	0.179272	0.107197	0.0285247	-0.0297198	-0.0447092	-0.00666192	0.0858755	0.245985	0.464349	0.712913	0.969703	1.22066	1.45311	
0.545855	0.426293	0.312232	0.227106	0.180101	0.160121	0.155638	0.163675	0.188877	0.220913	0.24259	0.238978	0.190716	0.111724	0.0391556	-0.00490956	-0.00103059	0.0502762	0.161756	0.352532	0.604562	0.887309	1.17504	1.45311	1.70997	
0.695321	0.568574	0.449833	0.360119	0.309579	0.290384	0.279058	0.272085	0.274533	0.274651	0.266667	0.233523	0.171068	0.0881732	0.0163344	-0.0201472	-0.00694785	0.0654163	0.205232	0.422333	0.706493	1.02551	1.34799	1.655	1.93722	
0.829335	0.701213	0.583025	0.489924	0.432066	0.408537	0.388437	0.37306	0.354151	0.327839	0.288422	0.228032	0.14939	0.0567564	-0.026685	-0.0640932	-0.0397116	0.0504782	0.216325	0.46563	0.790542	1.14433	1.48742	1.81004	2.10673	
0.939586	0.818275	0.702557	0.60629	0.540082	0.501137	0.473363	0.44744	0.413275	0.37194	0.307719	0.229726	0.137488	0.0330199	-0.0655477	-0.109856	-0.0851019	0.0178628	0.214428	0.497052	0.849788	1.2321	1.59675	1.92959	2.22366	
1.02402	0.916471	0.805138	0.703932	0.625987	0.570254	0.527035	0.488939	0.447077	0.392437	0.313185	0.225413	0.124291	0.0129075	-0.0902935	-0.151659	-0.138529	-0.0253879	0.195131	0.500849	0.870635	1.27707	1.67029	2.02313	2.31472	
1.07527	0.980646	0.875936	0.770413	0.679882	0.615738	0.552559	0.505369	0.459578	0.388566	0.303109	0.213713	0.110979	-0.00314345	-0.107479	-0.183162	-0.17514	-0.0574826	0.16345	0.481111	0.875359	1.29875	1.71062	2.07576	2.37382	
1.08469	0.993319	0.889773	0.782276	0.690831	0.624725	0.556929	0.508019	0.462407	0.38526	0.30018	0.213074	0.10809	-0.00629175	-0.111802	-0.189774	-0.183046	-0.0642073	0.155295	0.475173	0.873993	1.30124	1.71738	2.08506	2.38422	
1.04911	0.946549	0.838608	0.735901	0.651506	0.591979	0.539782	0.498307	0.453091	0.392629	0.310181	0.219995	0.118013	0.00541664	-0.0982819	-0.166065	-0.155454	-0.0405983	0.181692	0.494811	0.874294	1.28865	1.69168	2.04868	2.34237	
0.976682	0.860475	0.745752	0.647547	0.577805	0.531522	0.498531	0.467327	0.430377	0.383102	0.312076	0.230031	0.132984	0.0253173	-0.0768529	-0.127798	-0.107444	0.000973673	0.209507	0.502328	0.861221	1.25316	1.62963	1.9716	2.26383	
0.876341	0.750179	0.632582	0.538597	0.477326	0.448759	0.426407	0.406735	0.380799	0.347511	0.296858	0.228207	0.144082	0.0460123	-0.0431755	-0.0824338	-0.0555217	0.0398692	0.216977	0.479738	0.81926	1.18557	1.53498	1.86115	2.15747	
0.751592	0.623535	0.504321	0.412977	0.359713	0.340237	0.32532	0.314477	0.30703	0.296076	0.275228	0.230371	0.161675	0.0745666	7.59289e-06	-0.0356387	-0.0181185	0.0615552	0.212494	0.441425	0.741533	1.07482	1.40751	1.72261	2.01251	
0.606443	0.483649	0.366706	0.279052	0.231696	0.212191	0.205478	0.207436	0.223206	0.243312	0.253192	0.238417	0.18527	0.104691	0.0337672	-0.00644074	0.00121698	0.0603909	0.183629	0.38503	0.648216	0.945427	1.24797	1.53943	1.80677	
0.455374	0.342949	0.234365	0.152122	0.105902	0.0853669	0.0818158	0.0966644	0.13727	0.183562	0.220973	0.230839	0.188527	0.113255	0.0365009	-0.0154241	-0.0209824	0.0220551	0.119675	0.292951	0.526999	0.78817	1.0555	1.31589	1.5579	
0.313929	0.214034	0.119206	0.0454575	-0.000906447	-0.0236645	-0.0270513	-0.00427711	0.0494177	0.111527	0.166332	0.187325	0.155556	0.0880341	0.00874532	-0.0586165	-0.0893138	-0.061408	0.0242927	0.166589	0.361114	0.591548	0.835467	1.07207	1.2884	
0.188194	0.0999582	0.0215687	-0.0374021	-0.0771488	-0.100982	-0.0970067	-0.0684975	-0.0205413	0.0446571	0.100292	0.11744	0.098563	0.0371048	-0.0448957	-0.123154	-0.174573	-0.17112	-0.105693	0.009963	0.172723	0.378213	0.602305	0.815402	1.0032	
0.0896521	0.0126476	-0.0545247	-0.101722	-0.128106	-0.147321	-0.130153	-0.0954602	-0.0534884	-0.000980183	0.0392057	0.0495065	0.0298758	-0.0249531	-0.114244	-0.204012	-0.271123	-0.29154	-0.248539	-0.149857	-0.0068443	0.170408	0.371459	0.56204	0.715814	
0.0204184	-0.0379621	-0.0920565	-0.125982	-0.148225	-0.159363	-0.135542	-0.0988628	-0.0598945	-0.0214927	0.000586023	-0.0075778	-0.042852	-0.101783	-0.196527	-0.302579	-0.37883	-0.404707	-0.371511	-0.284752	-0.155771	0.00120483	0.173511	0.327626	0.447182	
-0.0144292	-0.0452709	-0.0825445	-0.108988	-0.129703	-0.132434	-0.107516	-0.0720388	-0.0381249	-0.0235797	-0.0261808	-0.0583494	-0.115733	-0.192634	-0.291945	-0.399316	-0.480737	-0.509585	-0.472473	-0.385342	-0.269568	-0.127468	0.021858	0.142302	0.2295	
-0.0374177	-0.0342591	-0.0446894	-0.0607034	-0.0729879	-0.0721667	-0.0475641	-0.0187671	0.000312511	-0.00993626	-0.0441622	-0.105843	-0.184492	-0.277704	-0.37411	-0.466656	-0.536594	-0.567455	-0.533933	-0.442429	-0.330096	-0.203075	-0.0772608	0.0232461	0.0856837	
-0.0563668	-0.0211249	0.000335144	0.00387043	0.00945737	0.0195721	0.0421188	0.0550606	0.0519768	0.0171096	-0.0479266	-0.133216	-0.22988	-0.326503	-0.415906	-0.492022	-0.546976	-0.563229	-0.52939	-0.440581	-0.329059	-0.22369	-0.122295	-0.035955	0.013655	
-0.065928	-0.00457964	0.0460464	0.0799437	0.104755	0.126815	0.147844	0.146048	0.1155	0.0598615	-0.0270013	-0.131521	-0.244836	-0.342549	-0.419611	-0.47788	-0.512822	-0.510918	-0.465762	-0.380332	-0.274019	-0.181687	-0.103645	-0.0410717	-0.008921	
-0.0564571	0.0257767	0.0983233	0.157209	0.197689	0.223626	0.24054	0.22974	0.179686	0.108782	0.0165961	-0.0995845	-0.221931	-0.323113	-0.393199	-0.436135	-0.450861	-0.43171	-0.370284	-0.279314	-0.185098	-0.105291	-0.04083	0.000777852	0.0166522	
-0.0256218	0.077932	0.165927	0.235827	0.284539	0.308958	0.316077	0.298635	0.242997	0.16705	0.075586	-0.0402319	-0.163275	-0.263639	-0.335783	-0.372285	-0.372405	-0.341247	-0.267615	-0.171873	-0.0863336	-0.0195426	0.0376497	0.0752798	0.080415	
0.0280351	0.152732	0.249424	0.32164	0.368998	0.391794	0.394631	0.37116	0.316839	0.241864	0.153371	0.0410528	-0.0764692	-0.174685	-0.246875	-0.283202	-0.279911	-0.242424	-0.176193	-0.0948714	-0.0167818	0.0539253	0.113457	0.152849	0.160909	
0.096425	0.236405	0.341824	0.413251	0.453585	0.477516	0.475441	0.448049	0.395752	0.323873	0.237672	0.1348	0.0319895	-0.0594018	-0.129566	-0.169782	-0.176933	-0.153566	-0.104189	-0.0428314	0.0182842	0.0866833	0.154994	0.208963	0.225187	
0.162336	0.3148	0.436232	0.51762	0.559172	0.576689	0.565171	0.525937	0.470283	0.401891	0.323134	0.234022	0.145358	0.0619749	-0.00618004	-0.0542303	-0.0785932	-0.0732563	-0.0485962	-0.0135549	0.0261819	0.0859197	0.153989	0.213324	0.24482	
