0.653753	0.677297	0.665253	0.631696	0.559143	0.440987	0.28205	0.115672	-0.0347945	-0.15104	-0.233419	-0.289471	-0.328048	-0.35626	-0.391347	-0.433599	-0.483833	-0.549167	-0.616309	-0.649912	-0.635274	-0.58794	-0.519893	-0.426535	-0.317755	
0.677297	0.697771	0.685927	0.644617	0.558673	0.426276	0.264392	0.090214	-0.0669362	-0.191888	-0.28603	-0.356972	-0.409412	-0.453426	-0.502112	-0.559843	-0.621622	-0.685118	-0.748074	-0.771913	-0.743326	-0.670709	-0.564552	-0.427081	-0.272954	
0.665253	0.685927	0.669704	0.610308	0.507505	0.363373	0.191554	0.0117332	-0.148314	-0.281104	-0.377903	-0.458803	-0.526996	-0.584299	-0.64092	-0.70149	-0.761536	-0.818227	-0.864008	-0.869964	-0.818525	-0.71639	-0.571128	-0.390841	-0.185264	
0.631696	0.644617	0.610308	0.530798	0.406497	0.248675	0.0717784	-0.109089	-0.273815	-0.403388	-0.497278	-0.579769	-0.656818	-0.717854	-0.772521	-0.828001	-0.881424	-0.923131	-0.941515	-0.92219	-0.838431	-0.705293	-0.527718	-0.312294	-0.0590894	
0.559143	0.558673	0.507505	0.406497	0.263754	0.0933315	-0.0842048	-0.255762	-0.4142	-0.535326	-0.62522	-0.698875	-0.767544	-0.824994	-0.872452	-0.916684	-0.955606	-0.97892	-0.968513	-0.915804	-0.800641	-0.631668	-0.419987	-0.174694	0.107286	
0.440987	0.426276	0.363373	0.248675	0.0933315	-0.0842244	-0.256288	-0.417974	-0.561722	-0.671364	-0.74781	-0.804279	-0.853585	-0.893884	-0.923987	-0.94932	-0.967101	-0.967751	-0.927423	-0.839155	-0.693979	-0.491868	-0.25924	0.00306524	0.292522	
0.28205	0.264392	0.191554	0.0717784	-0.0842048	-0.256288	-0.420568	-0.575751	-0.701086	-0.788583	-0.841342	-0.873306	-0.887373	-0.895728	-0.902615	-0.905527	-0.899911	-0.873929	-0.807826	-0.695886	-0.529619	-0.309842	-0.0672672	0.199541	0.488764	
0.115672	0.090214	0.0117332	-0.109089	-0.255762	-0.417974	-0.575751	-0.70763	-0.800421	-0.856502	-0.884304	-0.88693	-0.863899	-0.839767	-0.818935	-0.793892	-0.761837	-0.706093	-0.619072	-0.494716	-0.326586	-0.110886	0.139932	0.409723	0.694495	
-0.0347945	-0.0669362	-0.148314	-0.273815	-0.4142	-0.561722	-0.701086	-0.800421	-0.858877	-0.879501	-0.872362	-0.836779	-0.779705	-0.722059	-0.671555	-0.620982	-0.561605	-0.482824	-0.387995	-0.264907	-0.10723	0.102489	0.352257	0.620572	0.893209	
-0.15104	-0.191888	-0.281104	-0.403388	-0.535326	-0.671364	-0.788583	-0.856502	-0.879501	-0.862917	-0.810717	-0.730957	-0.642289	-0.557207	-0.48036	-0.406885	-0.329086	-0.241957	-0.144787	-0.0272144	0.123339	0.321146	0.559102	0.815569	1.06836	
-0.233419	-0.28603	-0.377903	-0.497278	-0.62522	-0.74781	-0.841342	-0.884304	-0.872362	-0.810717	-0.703693	-0.579336	-0.463226	-0.358822	-0.264299	-0.177787	-0.0909518	-0.00816174	0.0859357	0.199231	0.338022	0.520481	0.739339	0.973965	1.20446	
-0.289471	-0.356972	-0.458803	-0.579769	-0.698875	-0.804279	-0.873306	-0.88693	-0.836779	-0.730957	-0.579336	-0.418777	-0.275349	-0.156542	-0.0553658	0.0394749	0.123236	0.201681	0.289776	0.39078	0.514057	0.672518	0.86411	1.07309	1.28397	
-0.328048	-0.409412	-0.526996	-0.656818	-0.767544	-0.853585	-0.887373	-0.863899	-0.779705	-0.642289	-0.463226	-0.275349	-0.110297	0.0263544	0.135437	0.226487	0.298793	0.362687	0.436149	0.521081	0.621937	0.756171	0.919733	1.10236	1.29681	
-0.35626	-0.453426	-0.584299	-0.717854	-0.824994	-0.893884	-0.895728	-0.839767	-0.722059	-0.557207	-0.358822	-0.156542	0.0263544	0.177921	0.289995	0.369049	0.422892	0.462878	0.503774	0.560487	0.643813	0.758513	0.897856	1.05692	1.22783	
-0.391347	-0.502112	-0.64092	-0.772521	-0.872452	-0.923987	-0.902615	-0.818935	-0.671555	-0.48036	-0.264299	-0.0553658	0.135437	0.289995	0.393466	0.452325	0.479145	0.489124	0.49917	0.52296	0.57881	0.670213	0.787932	0.930149	1.08085	
-0.433599	-0.559843	-0.70149	-0.828001	-0.916684	-0.94932	-0.905527	-0.793892	-0.620982	-0.406885	-0.177787	0.0394749	0.226487	0.369049	0.452325	0.479007	0.469909	0.446014	0.423562	0.415688	0.443505	0.511053	0.609337	0.734518	0.880146	
-0.483833	-0.621622	-0.761536	-0.881424	-0.955606	-0.967101	-0.899911	-0.761837	-0.561605	-0.329086	-0.0909518	0.123236	0.298793	0.422892	0.479145	0.469909	0.42043	0.353167	0.290658	0.252842	0.259257	0.315244	0.394898	0.509793	0.652211	
-0.549167	-0.685118	-0.818227	-0.923131	-0.97892	-0.967751	-0.873929	-0.706093	-0.482824	-0.241957	-0.00816174	0.201681	0.362687	0.462878	0.489124	0.446014	0.353167	0.241908	0.143348	0.0814566	0.0667285	0.101548	0.173567	0.287572	0.430309	
-0.616309	-0.748074	-0.864008	-0.941515	-0.968513	-0.927423	-0.807826	-0.619072	-0.387995	-0.144787	0.0859357	0.289776	0.436149	0.503774	0.49917	0.423562	0.290658	0.143348	0.0159654	-0.0662578	-0.0981042	-0.0854125	-0.0200876	0.0929275	0.239829	
-0.649912	-0.771913	-0.869964	-0.92219	-0.915804	-0.839155	-0.695886	-0.494716	-0.264907	-0.0272144	0.199231	0.39078	0.521081	0.560487	0.52296	0.415688	0.252842	0.0814566	-0.0662578	-0.170588	-0.217891	-0.20782	-0.146866	-0.0400394	0.100869	
-0.635274	-0.743326	-0.818525	-0.838431	-0.800641	-0.693979	-0.529619	-0.326586	-0.10723	0.123339	0.338022	0.514057	0.621937	0.643813	0.57881	0.443505	0.259257	0.0667285	-0.0981042	-0.217891	-0.272298	-0.260691	-0.197387	-0.0985832	0.0321667	
-0.58794	-0.670709	-0.71639	-0.705293	-0.631668	-0.491868	-0.309842	-0.110886	0.102489	0.321146	0.520481	0.672518	0.756171	0.758513	0.670213	0.511053	0.315244	0.101548	-0.0854125	-0.20782	-0.260691	-0.246406	-0.182933	-0.085832	0.033243	
-0.519893	-0.564552	-0.571128	-0.527718	-0.419987	-0.25924	-0.0672672	0.139932	0.352257	0.559102	0.739339	0.86411	0.919733	0.897856	0.787932	0.609337	0.394898	0.173567	-0.0200876	-0.146866	-0.197387	-0.182933	-0.11164	-0.0125954	0.0981465	
-0.426535	-0.427081	-0.390841	-0.312294	-0.174694	0.00306524	0.199541	0.409723	0.620572	0.815569	0.973965	1.07309	1.10236	1.05692	0.930149	0.734518	0.509793	0.287572	0.0929275	-0.0400394	-0.0985832	-0.085832	-0.0125954	0.091865	0.217674	
-0.317755	-0.272954	-0.185264	-0.0590894	0.107286	0.292522	0.488764	0.694495	0.893209	1.06836	1.20446	1.28397	1.29681	1.22783	1.08085	0.880146	0.652211	0.430309	0.239829	0.100869	0.0321667	0.033243	0.0981465	0.217674	0.368332	
-0.204593	-0.112971	0.0243375	0.198976	0.391682	0.586263	0.78089	0.973722	1.15512	1.30789	1.42309	1.48516	1.48029	1.39299	1.22822	1.02029	0.798801	0.580212	0.393667	0.255391	0.172362	0.163521	0.231068	0.364843	0.529983	
-0.0958749	0.0374601	0.222602	0.441295	0.65949	0.862837	1.05471	1.2339	1.39393	1.52834	1.62292	1.66573	1.6376	1.53381	1.36033	1.14954	0.933079	0.724407	0.541174	0.400977	0.311124	0.291439	0.366933	0.51056	0.684191	
0.00287929	0.175368	0.398393	0.63954	0.875496	1.09313	1.28497	1.45947	1.60633	1.71629	1.78983	1.81047	1.76768	1.65319	1.477	1.25954	1.04157	0.842445	0.661751	0.518867	0.429601	0.410278	0.485531	0.639208	0.824441	
0.0674568	0.270308	0.51769	0.773196	1.01769	1.24925	1.45336	1.63035	1.76556	1.85906	1.90889	1.91278	1.85765	1.74014	1.56449	1.34207	1.11328	0.909919	0.730896	0.593741	0.520513	0.512293	0.589188	0.742996	0.941476	
0.0886741	0.313047	0.573071	0.835864	1.08529	1.32857	1.54705	1.72925	1.86021	1.94341	1.97573	1.96225	1.90271	1.78989	1.61608	1.38691	1.14601	0.935414	0.763445	0.63538	0.570755	0.577329	0.663502	0.813417	1.00703	
0.0909981	0.319484	0.581296	0.844854	1.09485	1.34023	1.56274	1.74713	1.87788	1.95707	1.9857	1.96826	1.90998	1.79853	1.62487	1.39353	1.15002	0.939113	0.769339	0.64292	0.578586	0.588905	0.677515	0.827794	1.01654	
0.0806813	0.293086	0.546469	0.806173	1.05284	1.28973	1.50036	1.67928	1.8116	1.90078	1.94211	1.93848	1.88044	1.76501	1.59031	1.36488	1.1309	0.924163	0.746721	0.6138	0.546564	0.544048	0.624054	0.775847	0.974797	
0.0336492	0.22028	0.454545	0.701525	0.941714	1.16511	1.36084	1.5355	1.67728	1.77985	1.84351	1.85746	1.80898	1.69218	1.51608	1.29627	1.07511	0.875804	0.695388	0.553735	0.469619	0.454176	0.5292	0.683688	0.87588	
-0.0540385	0.0946699	0.2971	0.527239	0.754185	0.962715	1.15325	1.32957	1.48315	1.60819	1.69485	1.72791	1.69326	1.58419	1.40955	1.1962	0.979508	0.776489	0.595313	0.45282	0.360968	0.340119	0.416568	0.564996	0.74137	
-0.160583	-0.051318	0.105437	0.299117	0.502529	0.700359	0.894331	1.08088	1.25315	1.39913	1.50572	1.56139	1.54687	1.45222	1.28274	1.07323	0.855812	0.639751	0.452967	0.315935	0.229474	0.21534	0.286524	0.423783	0.593495	
-0.272145	-0.208776	-0.100802	0.0451838	0.222089	0.410477	0.606065	0.807481	0.999968	1.16558	1.29359	1.36619	1.37267	1.29556	1.14101	0.937568	0.71076	0.490093	0.301864	0.162322	0.0877859	0.0840646	0.14912	0.275818	0.433094	
-0.384073	-0.366645	-0.310539	-0.214454	-0.0653888	0.1169	0.313921	0.522744	0.730719	0.917858	1.06748	1.15805	1.17966	1.12431	0.990665	0.791761	0.564586	0.3428	0.149569	0.0138937	-0.0493206	-0.0400474	0.0292848	0.139184	0.275014	
-0.485939	-0.512522	-0.502913	-0.445741	-0.325927	-0.158932	0.0363857	0.246136	0.457571	0.660643	0.832453	0.946958	0.990866	0.95916	0.842202	0.656462	0.436284	0.213536	0.0194888	-0.109317	-0.1612	-0.147106	-0.0739312	0.0262403	0.141213	
-0.563295	-0.631925	-0.663012	-0.639313	-0.551535	-0.40181	-0.215275	-0.0138698	0.199591	0.412796	0.604371	0.745118	0.818605	0.81178	0.714385	0.546034	0.34398	0.126161	-0.0657355	-0.189276	-0.241279	-0.226189	-0.159729	-0.0618417	0.0516389	
-0.618854	-0.718674	-0.78291	-0.790102	-0.738203	-0.618075	-0.445621	-0.245309	-0.0299099	0.196398	0.406275	0.573708	0.671751	0.686094	0.612249	0.467443	0.277927	0.0753206	-0.0988966	-0.220184	-0.274345	-0.262378	-0.199543	-0.10266	0.0240425	
-0.649754	-0.766728	-0.856246	-0.897113	-0.878467	-0.788888	-0.636934	-0.433703	-0.206285	0.0281656	0.250002	0.435363	0.557749	0.590287	0.540776	0.420574	0.248162	0.0692876	-0.0847352	-0.197053	-0.248419	-0.237061	-0.175	-0.0720424	0.0653706	
-0.635121	-0.764221	-0.872918	-0.939478	-0.95296	-0.89807	-0.768519	-0.573793	-0.342811	-0.101465	0.128977	0.329466	0.469669	0.523474	0.50582	0.417998	0.271819	0.113904	-0.0231361	-0.114542	-0.152543	-0.142507	-0.0807566	0.0314876	0.176757	
-0.577346	-0.711482	-0.83919	-0.933823	-0.979275	-0.957625	-0.853288	-0.675254	-0.447083	-0.203884	0.0272359	0.234905	0.390062	0.478023	0.49308	0.436325	0.326344	0.199203	0.0884645	0.0190244	-0.00367508	0.0200576	0.0902446	0.203927	0.349553	
-0.508392	-0.646389	-0.784363	-0.900115	-0.9681	-0.970503	-0.892831	-0.743041	-0.532184	-0.295172	-0.0585204	0.154525	0.324309	0.439952	0.484533	0.461067	0.394028	0.308339	0.230941	0.183095	0.180841	0.229607	0.306152	0.419639	0.561044	
-0.45184	-0.584835	-0.725911	-0.850272	-0.933142	-0.957303	-0.904385	-0.782686	-0.599259	-0.377396	-0.141955	0.0748715	0.257681	0.39272	0.465807	0.478227	0.453983	0.413438	0.374921	0.354906	0.374226	0.436629	0.525236	0.645957	0.790239	
-0.408435	-0.524587	-0.664842	-0.794578	-0.890019	-0.934884	-0.904428	-0.80923	-0.651798	-0.450726	-0.229457	-0.017047	0.173529	0.325032	0.421859	0.468448	0.481667	0.479903	0.477333	0.488576	0.532149	0.612651	0.723044	0.858214	1.00627	
-0.36833	-0.471328	-0.606467	-0.739721	-0.844942	-0.906472	-0.89891	-0.831804	-0.701536	-0.525584	-0.319472	-0.11401	0.0729468	0.227412	0.337865	0.410371	0.454051	0.482301	0.510207	0.553864	0.627101	0.733402	0.864372	1.01636	1.17657	
-0.340296	-0.427255	-0.550516	-0.682831	-0.792191	-0.87129	-0.891108	-0.853487	-0.756066	-0.60714	-0.420613	-0.224999	-0.0518596	0.0913196	0.202196	0.289524	0.355981	0.411248	0.472173	0.54745	0.641915	0.767599	0.921042	1.09292	1.27965	
-0.306789	-0.379721	-0.487924	-0.611838	-0.727425	-0.824972	-0.879689	-0.879695	-0.815024	-0.695721	-0.531277	-0.358444	-0.205815	-0.0799964	0.0242505	0.118528	0.198484	0.272243	0.357415	0.452621	0.56658	0.715073	0.894591	1.09358	1.29849	
-0.258086	-0.316998	-0.411172	-0.530735	-0.655736	-0.771786	-0.856849	-0.888707	-0.861232	-0.780863	-0.654372	-0.51423	-0.387219	-0.276446	-0.178303	-0.0881152	-0.00136645	0.0798753	0.171847	0.281294	0.414339	0.588493	0.797666	1.02167	1.24342	
