-0.056721	-0.0709518	-0.0702196	-0.0670891	-0.0707729	-0.0753678	-0.074929	-0.0736284	-0.0851568	-0.0891373	-0.0820205	-0.0844341	-0.0900408	-0.0854342	-0.0563305	-0.000129366	0.0690911	0.16538	0.312065	0.495742	0.67805	0.80142	0.804115	0.67276	0.443236	
-0.0709518	-0.074347	-0.0645649	-0.0654866	-0.0753366	-0.0773547	-0.07351	-0.0806284	-0.0916354	-0.085738	-0.082201	-0.0929975	-0.100148	-0.0928221	-0.0646187	-0.0240575	0.0234773	0.108206	0.251406	0.436698	0.626904	0.759495	0.772691	0.657519	0.446933	
-0.0702196	-0.0645649	-0.0616125	-0.0758537	-0.0818165	-0.0756231	-0.0768642	-0.0866906	-0.0894872	-0.0842903	-0.0903165	-0.102486	-0.105411	-0.0955197	-0.0738134	-0.052099	-0.0206884	0.0575849	0.195106	0.375292	0.563471	0.696417	0.719279	0.626274	0.442197	
-0.0670891	-0.0654866	-0.0758537	-0.0848216	-0.0759506	-0.0728798	-0.0816922	-0.0913281	-0.0909758	-0.0872856	-0.0971688	-0.108715	-0.108222	-0.0978863	-0.086795	-0.0820572	-0.05921	0.0150311	0.142962	0.310586	0.485638	0.610467	0.643395	0.578833	0.429666	
-0.0707729	-0.0753366	-0.0818165	-0.0759506	-0.0706243	-0.0806125	-0.0926849	-0.0950657	-0.0866681	-0.0897765	-0.10813	-0.114482	-0.107494	-0.101481	-0.104597	-0.111104	-0.0896657	-0.0194114	0.094335	0.240939	0.391486	0.501797	0.546405	0.515975	0.41059	
-0.0753678	-0.0773547	-0.0756231	-0.0728798	-0.0806125	-0.0935169	-0.0948311	-0.0871713	-0.087002	-0.104846	-0.117343	-0.111375	-0.106649	-0.111867	-0.126145	-0.135256	-0.110652	-0.0467192	0.047083	0.1635	0.280349	0.373301	0.431635	0.439605	0.386878	
-0.074929	-0.07351	-0.0768642	-0.0816922	-0.0926849	-0.0948311	-0.0873736	-0.0883694	-0.101188	-0.115508	-0.114889	-0.108997	-0.11351	-0.127382	-0.147035	-0.151638	-0.122495	-0.0699675	-0.00304782	0.0754929	0.154196	0.2306	0.3041	0.353047	0.361109	
-0.0736284	-0.0806284	-0.0866906	-0.0913281	-0.0950657	-0.0871713	-0.0883694	-0.0996735	-0.111829	-0.118414	-0.112692	-0.111772	-0.124903	-0.146338	-0.164435	-0.157684	-0.128103	-0.0952674	-0.0609918	-0.0238883	0.0178712	0.0812856	0.170395	0.261405	0.336329	
-0.0851568	-0.0916354	-0.0894872	-0.0909758	-0.0866681	-0.087002	-0.101188	-0.111829	-0.119938	-0.116472	-0.108766	-0.120969	-0.14483	-0.165578	-0.17094	-0.154422	-0.135912	-0.129518	-0.129779	-0.132919	-0.121553	-0.0657024	0.0386752	0.171496	0.315634	
-0.0891373	-0.085738	-0.0842903	-0.0872856	-0.0897765	-0.104846	-0.115508	-0.118414	-0.116472	-0.107326	-0.117636	-0.145125	-0.164614	-0.173067	-0.166225	-0.152195	-0.154811	-0.176577	-0.210467	-0.247497	-0.255063	-0.200728	-0.0818161	0.0912928	0.301821	
-0.0820205	-0.082201	-0.0903165	-0.0971688	-0.10813	-0.117343	-0.114889	-0.112692	-0.108766	-0.117636	-0.145603	-0.164399	-0.171109	-0.171029	-0.160309	-0.160814	-0.189671	-0.23882	-0.301982	-0.359992	-0.372601	-0.314778	-0.181458	0.0291081	0.297226	
-0.0844341	-0.0929975	-0.102486	-0.108715	-0.114482	-0.111375	-0.108997	-0.111772	-0.120969	-0.145125	-0.164399	-0.169862	-0.172395	-0.165378	-0.161328	-0.188629	-0.244043	-0.316136	-0.398214	-0.459888	-0.465596	-0.400251	-0.250711	-0.00757635	0.303676	
-0.0900408	-0.100148	-0.105411	-0.108222	-0.107494	-0.106649	-0.11351	-0.124903	-0.14483	-0.164614	-0.171109	-0.172395	-0.167266	-0.161246	-0.18455	-0.241798	-0.315636	-0.402961	-0.488696	-0.537354	-0.528313	-0.450275	-0.281159	-0.0137477	0.322738	
-0.0854342	-0.0928221	-0.0955197	-0.0978863	-0.101481	-0.111867	-0.127382	-0.146338	-0.165578	-0.173067	-0.171029	-0.165378	-0.161246	-0.182683	-0.2393	-0.312898	-0.397911	-0.490583	-0.561426	-0.585508	-0.556683	-0.458348	-0.267807	0.0120237	0.356434	
-0.0563305	-0.0646187	-0.0738134	-0.086795	-0.104597	-0.126145	-0.147035	-0.164435	-0.17094	-0.166225	-0.160309	-0.161328	-0.18455	-0.2393	-0.311771	-0.393793	-0.485758	-0.56541	-0.605364	-0.601001	-0.546501	-0.419963	-0.211346	0.0682251	0.407679	
-0.000129366	-0.0240575	-0.052099	-0.0820572	-0.111104	-0.135256	-0.151638	-0.157684	-0.154422	-0.152195	-0.160814	-0.188629	-0.241798	-0.312898	-0.393793	-0.483349	-0.56447	-0.610663	-0.615958	-0.581793	-0.492848	-0.335886	-0.118095	0.152521	0.479126	
0.0690911	0.0234773	-0.0206884	-0.05921	-0.0896657	-0.110652	-0.122495	-0.128103	-0.135912	-0.154811	-0.189671	-0.244043	-0.315636	-0.397911	-0.485758	-0.56447	-0.611567	-0.620037	-0.593532	-0.522419	-0.393883	-0.214347	0.00361591	0.26303	0.569979	
0.16538	0.108206	0.0575849	0.0150311	-0.0194114	-0.0467192	-0.0699675	-0.0952674	-0.129518	-0.176577	-0.23882	-0.316136	-0.402961	-0.490583	-0.56541	-0.610663	-0.620037	-0.596149	-0.53234	-0.417429	-0.257012	-0.0674076	0.147923	0.396093	0.672856	
0.312065	0.251406	0.195106	0.142962	0.094335	0.047083	-0.00304782	-0.0609918	-0.129779	-0.210467	-0.301982	-0.398214	-0.488696	-0.561426	-0.605364	-0.615958	-0.593532	-0.53234	-0.423677	-0.272711	-0.0964359	0.0968823	0.310668	0.54174	0.774571	
0.495742	0.436698	0.375292	0.310586	0.240939	0.1635	0.0754929	-0.0238883	-0.132919	-0.247497	-0.359992	-0.459888	-0.537354	-0.585508	-0.601001	-0.581793	-0.522419	-0.417429	-0.272711	-0.10413	0.0784919	0.275551	0.482631	0.682989	0.86196	
0.67805	0.626904	0.563471	0.485638	0.391486	0.280349	0.154196	0.0178712	-0.121553	-0.255063	-0.372601	-0.465596	-0.528313	-0.556683	-0.546501	-0.492848	-0.393883	-0.257012	-0.0964359	0.0784919	0.266305	0.461353	0.646173	0.802741	0.927969	
0.80142	0.759495	0.696417	0.610467	0.501797	0.373301	0.2306	0.0812856	-0.0657024	-0.200728	-0.314778	-0.400251	-0.450275	-0.458348	-0.419963	-0.335886	-0.214347	-0.0674076	0.0968823	0.275551	0.461353	0.636758	0.782737	0.892314	0.971491	
0.804115	0.772691	0.719279	0.643395	0.546405	0.431635	0.3041	0.170395	0.0386752	-0.0818161	-0.181458	-0.250711	-0.281159	-0.267807	-0.211346	-0.118095	0.00361591	0.147923	0.310668	0.482631	0.646173	0.782737	0.883812	0.95194	0.991025	
0.67276	0.657519	0.626274	0.578833	0.515975	0.439605	0.353047	0.261405	0.171496	0.0912928	0.0291081	-0.00757635	-0.0137477	0.0120237	0.0682251	0.152521	0.26303	0.396093	0.54174	0.682989	0.802741	0.892314	0.95194	0.982662	0.979724	
0.443236	0.446933	0.442197	0.429666	0.41059	0.386878	0.361109	0.336329	0.315634	0.301821	0.297226	0.303676	0.322738	0.356434	0.407679	0.479126	0.569979	0.672856	0.774571	0.86196	0.927969	0.971491	0.991025	0.979724	0.928315	
0.152877	0.178174	0.203292	0.230352	0.261661	0.299228	0.344186	0.396279	0.453735	0.513715	0.573225	0.630243	0.68467	0.73842	0.794004	0.851992	0.909173	0.959485	0.997613	1.02186	1.03265	1.02766	0.998839	0.935854	0.833965	
-0.166225	-0.1092	-0.0438562	0.0314956	0.118118	0.216437	0.325697	0.443816	0.567539	0.692796	0.815141	0.930116	1.03341	1.12071	1.18757	1.23006	1.24642	1.23883	1.21312	1.17527	1.12652	1.06139	0.97129	0.851622	0.7072	
-0.469738	-0.374612	-0.264321	-0.139288	-0.000540105	0.150444	0.311915	0.481929	0.65815	0.837283	1.01429	1.18177	1.32997	1.44795	1.52601	1.55882	1.5475	1.49906	1.42274	1.32526	1.20839	1.07091	0.913527	0.742802	0.571207	
-0.710748	-0.587945	-0.444542	-0.281712	-0.101379	0.0939619	0.301394	0.517569	0.738453	0.958848	1.17189	1.3688	1.53936	1.67311	1.76128	1.79853	1.78361	1.7186	1.6075	1.45554	1.27001	1.06175	0.845516	0.638067	0.454526	
-0.854432	-0.721215	-0.563071	-0.380151	-0.173853	0.0528549	0.295205	0.546623	0.799058	1.04368	1.27181	1.47575	1.64912	1.78658	1.88285	1.93174	1.92606	1.85923	1.72856	1.53894	1.30478	1.04848	0.795593	0.568608	0.382198	
-0.879524	-0.745117	-0.584846	-0.398579	-0.187577	0.0450788	0.294185	0.552416	0.810792	1.05963	1.28984	1.49401	1.66683	1.80433	1.90215	1.95389	1.95089	1.88448	1.75051	1.55389	1.31064	1.04556	0.786217	0.556061	0.369495	
-0.781724	-0.652796	-0.50124	-0.328005	-0.13499	0.075014	0.298371	0.530596	0.766245	0.998735	1.22029	1.42216	1.59532	1.73126	1.82285	1.86469	1.85322	1.78675	1.66615	1.49625	1.28747	1.05598	0.821728	0.604388	0.419058	
-0.575817	-0.46764	-0.341999	-0.19987	-0.0428817	0.126934	0.307404	0.496315	0.691165	0.88845	1.08264	1.2654	1.42579	1.55193	1.63387	1.66653	1.65102	1.5935	1.50167	1.38145	1.23616	1.06889	0.88594	0.698436	0.520502	
-0.291848	-0.21966	-0.136273	-0.0407042	0.0675038	0.188033	0.319618	0.460002	0.606074	0.75406	0.899554	1.03722	1.16046	1.26161	1.33321	1.37028	1.37269	1.34578	1.29804	1.23627	1.16133	1.06821	0.951046	0.809543	0.652172	
0.02656	0.0631976	0.103072	0.148418	0.201455	0.263827	0.335986	0.416706	0.502971	0.590585	0.675418	0.754689	0.82746	0.893959	0.95407	1.00603	1.04651	1.07259	1.08406	1.08324	1.07135	1.04419	0.992254	0.906519	0.78598	
0.332328	0.344043	0.350657	0.353347	0.353764	0.353903	0.355891	0.361688	0.37261	0.388916	0.410027	0.435544	0.466521	0.505976	0.557876	0.624584	0.703837	0.787601	0.864888	0.927189	0.971368	0.996567	0.998394	0.967512	0.895501	
0.59034	0.582455	0.561641	0.527927	0.482034	0.425607	0.361424	0.293729	0.228381	0.172229	0.131762	0.111849	0.115306	0.143419	0.196867	0.27618	0.380545	0.504553	0.635701	0.757219	0.855836	0.926928	0.971096	0.986172	0.964533	
0.766673	0.741071	0.695217	0.628944	0.543507	0.441788	0.3282	0.208454	0.0898042	-0.0186548	-0.106619	-0.164318	-0.184711	-0.165075	-0.107322	-0.0166004	0.10163	0.243206	0.401993	0.564743	0.712579	0.830504	0.914565	0.9679	0.990941	
0.819213	0.781248	0.720567	0.636005	0.528468	0.401333	0.260715	0.11458	-0.0285388	-0.159984	-0.270811	-0.351896	-0.394819	-0.393447	-0.345716	-0.255409	-0.131838	0.0150989	0.179906	0.358118	0.537741	0.69924	0.82721	0.919518	0.982533	
0.738167	0.690718	0.626989	0.544642	0.442651	0.321628	0.184899	0.0393165	-0.105939	-0.241276	-0.357959	-0.448564	-0.50679	-0.52729	-0.505429	-0.437998	-0.327348	-0.184219	-0.0213122	0.155641	0.34434	0.533949	0.704634	0.842119	0.948018	
0.571721	0.515038	0.452516	0.382337	0.302646	0.211732	0.107981	-0.00808474	-0.132154	-0.256685	-0.372313	-0.469741	-0.54116	-0.58101	-0.586301	-0.553805	-0.477941	-0.357803	-0.204449	-0.0326665	0.152201	0.349848	0.550156	0.734035	0.890923	
0.382811	0.322021	0.263444	0.206723	0.149951	0.091091	0.0271792	-0.0458854	-0.130644	-0.226312	-0.328108	-0.427487	-0.5141	-0.577205	-0.608874	-0.607452	-0.571413	-0.492749	-0.367463	-0.207229	-0.0279643	0.16683	0.379161	0.599742	0.811668	
0.217599	0.158534	0.105427	0.060192	0.0219409	-0.012251	-0.0454617	-0.0824396	-0.128816	-0.188503	-0.262884	-0.348869	-0.439178	-0.52348	-0.586912	-0.617202	-0.613644	-0.576335	-0.49486	-0.363419	-0.19473	-0.00351776	0.211091	0.453609	0.714399	
0.102594	0.0513521	0.00351312	-0.0373596	-0.0679151	-0.0888256	-0.103109	-0.115193	-0.132459	-0.161618	-0.20723	-0.271019	-0.348881	-0.435118	-0.521208	-0.588046	-0.618976	-0.614406	-0.574561	-0.48605	-0.342777	-0.157842	0.058839	0.313832	0.610248	
0.0259859	-0.00702573	-0.0416032	-0.0767867	-0.108249	-0.131011	-0.143835	-0.147149	-0.146147	-0.150785	-0.16916	-0.20848	-0.269731	-0.34485	-0.429957	-0.518781	-0.587897	-0.618169	-0.611049	-0.56359	-0.458588	-0.290888	-0.0722914	0.193631	0.513274	
-0.0359007	-0.0498085	-0.0652051	-0.0838853	-0.107391	-0.131921	-0.152615	-0.16545	-0.166212	-0.160281	-0.157624	-0.168026	-0.204812	-0.267424	-0.34273	-0.42903	-0.519922	-0.587523	-0.613254	-0.59782	-0.530758	-0.391457	-0.177781	0.0987202	0.433652	
-0.0769713	-0.0834605	-0.0885069	-0.0934481	-0.101491	-0.116172	-0.134767	-0.155271	-0.170286	-0.172382	-0.167579	-0.161401	-0.166012	-0.202392	-0.266942	-0.343746	-0.432959	-0.523097	-0.582581	-0.59557	-0.557736	-0.448808	-0.24999	0.0311299	0.3746	
-0.091019	-0.0988675	-0.102642	-0.104828	-0.10491	-0.108227	-0.117749	-0.132582	-0.153947	-0.16907	-0.172483	-0.171053	-0.163217	-0.165619	-0.203469	-0.268686	-0.347415	-0.43859	-0.520436	-0.560123	-0.544055	-0.459065	-0.28114	-0.00705364	0.334361	
-0.0872713	-0.0976468	-0.105406	-0.109935	-0.111672	-0.108688	-0.109973	-0.115546	-0.130288	-0.154176	-0.167419	-0.171478	-0.171566	-0.162394	-0.167115	-0.207169	-0.271042	-0.350236	-0.435682	-0.493744	-0.494453	-0.425054	-0.267993	-0.0137092	0.309818	
-0.080944	-0.0849783	-0.09523	-0.103545	-0.113116	-0.11579	-0.112096	-0.110788	-0.111144	-0.128599	-0.155032	-0.167111	-0.171917	-0.16926	-0.159258	-0.169162	-0.209139	-0.268342	-0.340521	-0.401851	-0.412907	-0.352845	-0.213427	0.0111314	0.29857	
