0.717432	0.732916	0.753325	0.758452	0.731101	0.674794	0.590068	0.484777	0.374423	0.273066	0.189206	0.123745	0.0884583	0.0823498	0.105829	0.164284	0.256612	0.376272	0.515273	0.642378	0.714649	0.73198	0.705643	0.635747	0.541822	
0.732916	0.787857	0.833118	0.856052	0.838399	0.784665	0.704232	0.601569	0.491332	0.381274	0.285036	0.205389	0.151707	0.127351	0.131581	0.166394	0.236783	0.346105	0.478614	0.602794	0.674276	0.692875	0.667111	0.595097	0.483187	
0.753325	0.833118	0.897248	0.935565	0.937273	0.892435	0.820483	0.722962	0.606673	0.486375	0.377878	0.286249	0.207248	0.149829	0.120019	0.127232	0.1731	0.261595	0.378146	0.4928	0.568521	0.594512	0.573249	0.508198	0.398659	
0.758452	0.856052	0.935565	0.990216	1.01098	0.981441	0.912945	0.817395	0.701681	0.578098	0.466165	0.359664	0.252574	0.157452	0.0938242	0.0676271	0.083929	0.141431	0.239839	0.344094	0.418001	0.444856	0.428739	0.37997	0.296434	
0.731101	0.838399	0.937273	1.01098	1.0468	1.02988	0.965136	0.870302	0.760155	0.646408	0.537413	0.425083	0.297135	0.174478	0.0796876	0.019907	-0.00228022	0.0220944	0.0924539	0.172683	0.233487	0.255506	0.254144	0.23196	0.192218	
0.674794	0.784665	0.892435	0.981441	1.02988	1.01974	0.95747	0.875662	0.7894	0.696471	0.595494	0.485301	0.354883	0.210833	0.0853181	-0.0120028	-0.0682347	-0.0772275	-0.050117	-0.0019847	0.0427084	0.0654542	0.0796345	0.0880042	0.0966425	
0.590068	0.704232	0.820483	0.912945	0.965136	0.95747	0.909658	0.85072	0.789489	0.721029	0.638153	0.535447	0.407275	0.254047	0.10319	-0.0241043	-0.112244	-0.164304	-0.181432	-0.165823	-0.136772	-0.108901	-0.078341	-0.0350699	0.0210053	
0.484777	0.601569	0.722962	0.817395	0.870302	0.875662	0.85072	0.816685	0.780739	0.738874	0.678305	0.583625	0.451715	0.292911	0.124095	-0.0271123	-0.147365	-0.236928	-0.291607	-0.310642	-0.298087	-0.268176	-0.218881	-0.139051	-0.0454098	
0.374423	0.491332	0.606673	0.701681	0.760155	0.7894	0.789489	0.780739	0.775601	0.758698	0.714604	0.623036	0.489343	0.330338	0.147261	-0.0329227	-0.18178	-0.303418	-0.396028	-0.445755	-0.451509	-0.415498	-0.342851	-0.233911	-0.101838	
0.273066	0.381274	0.486375	0.578098	0.646408	0.696471	0.721029	0.738874	0.758698	0.766514	0.731571	0.645215	0.520774	0.365923	0.177752	-0.022082	-0.204101	-0.361429	-0.491629	-0.566665	-0.581432	-0.541059	-0.447834	-0.313519	-0.154477	
0.189206	0.285036	0.377878	0.466165	0.537413	0.595494	0.638153	0.678305	0.714604	0.731571	0.702178	0.631527	0.522826	0.376658	0.200403	0.00520969	-0.19789	-0.388732	-0.548913	-0.643715	-0.667411	-0.624223	-0.518748	-0.369012	-0.19618	
0.123745	0.205389	0.286249	0.359664	0.425083	0.485301	0.535447	0.583625	0.623036	0.645215	0.631527	0.579963	0.486992	0.364018	0.216252	0.0385133	-0.166597	-0.374456	-0.547211	-0.653907	-0.690069	-0.649963	-0.545614	-0.392201	-0.21213	
0.0884583	0.151707	0.207248	0.252574	0.297135	0.354883	0.407275	0.451715	0.489343	0.520774	0.522826	0.486992	0.417641	0.331195	0.219634	0.0675266	-0.122924	-0.324797	-0.492859	-0.603398	-0.649595	-0.625947	-0.535092	-0.388681	-0.2058	
0.0823498	0.127351	0.149829	0.157452	0.174478	0.210833	0.254047	0.292911	0.330338	0.365923	0.376658	0.364018	0.331195	0.280664	0.204211	0.0825355	-0.075413	-0.25247	-0.411528	-0.517401	-0.571525	-0.567324	-0.496854	-0.369214	-0.206247	
0.105829	0.131581	0.120019	0.0938242	0.0796876	0.0853181	0.10319	0.124095	0.147261	0.177752	0.200403	0.216252	0.219634	0.204211	0.163443	0.0784322	-0.0441776	-0.193028	-0.337608	-0.43786	-0.494488	-0.498586	-0.440443	-0.336629	-0.194742	
0.164284	0.166394	0.127232	0.0676271	0.019907	-0.0120028	-0.0241043	-0.0271123	-0.0329227	-0.022082	0.00520969	0.0385133	0.0675266	0.0825355	0.0784322	0.0315596	-0.0552245	-0.169141	-0.285664	-0.37408	-0.424701	-0.428464	-0.379264	-0.287423	-0.163245	
0.256612	0.236783	0.1731	0.083929	-0.00228022	-0.0682347	-0.112244	-0.147365	-0.18178	-0.204101	-0.19789	-0.166597	-0.122924	-0.075413	-0.0441776	-0.0552245	-0.103851	-0.178284	-0.262539	-0.330938	-0.369968	-0.362332	-0.30946	-0.223553	-0.113965	
0.376272	0.346105	0.261595	0.141431	0.0220944	-0.0772275	-0.164304	-0.236928	-0.303418	-0.361429	-0.388732	-0.374456	-0.324797	-0.25247	-0.193028	-0.169141	-0.178284	-0.216053	-0.268024	-0.311615	-0.327648	-0.299403	-0.233495	-0.153232	-0.0578261	
0.515273	0.478614	0.378146	0.239839	0.0924539	-0.050117	-0.181432	-0.291607	-0.396028	-0.491629	-0.548913	-0.547211	-0.492859	-0.411528	-0.337608	-0.285664	-0.262539	-0.268024	-0.287466	-0.297785	-0.28475	-0.242061	-0.173484	-0.0987586	-0.0153538	
0.642378	0.602794	0.4928	0.344094	0.172683	-0.0019847	-0.165823	-0.310642	-0.445755	-0.566665	-0.643715	-0.653907	-0.603398	-0.517401	-0.43786	-0.37408	-0.330938	-0.311615	-0.297785	-0.273524	-0.241353	-0.199021	-0.138714	-0.0718608	0.000650128	
0.714649	0.674276	0.568521	0.418001	0.233487	0.0427084	-0.136772	-0.298087	-0.451509	-0.581432	-0.667411	-0.690069	-0.649595	-0.571525	-0.494488	-0.424701	-0.369968	-0.327648	-0.28475	-0.241353	-0.200352	-0.163928	-0.118198	-0.0663321	-0.0119667	
0.73198	0.692875	0.594512	0.444856	0.255506	0.0654542	-0.108901	-0.268176	-0.415498	-0.541059	-0.624223	-0.649963	-0.625947	-0.567324	-0.498586	-0.428464	-0.362332	-0.299403	-0.242061	-0.199021	-0.163928	-0.136424	-0.111674	-0.0846613	-0.0488149	
0.705643	0.667111	0.573249	0.428739	0.254144	0.0796345	-0.078341	-0.218881	-0.342851	-0.447834	-0.518748	-0.545614	-0.535092	-0.496854	-0.440443	-0.379264	-0.30946	-0.233495	-0.173484	-0.138714	-0.118198	-0.111674	-0.120163	-0.122716	-0.116374	
0.635747	0.595097	0.508198	0.37997	0.23196	0.0880042	-0.0350699	-0.139051	-0.233911	-0.313519	-0.369012	-0.392201	-0.388681	-0.369214	-0.336629	-0.287423	-0.223553	-0.153232	-0.0987586	-0.0718608	-0.0663321	-0.0846613	-0.122716	-0.164262	-0.200478	
0.541822	0.483187	0.398659	0.296434	0.192218	0.0966425	0.0210053	-0.0454098	-0.101838	-0.154477	-0.19618	-0.21213	-0.2058	-0.206247	-0.194742	-0.163245	-0.113965	-0.0578261	-0.0153538	0.000650128	-0.0119667	-0.0488149	-0.116374	-0.200478	-0.300181	
0.436453	0.358914	0.271125	0.189716	0.128376	0.0886434	0.067351	0.0506925	0.0350024	0.00902918	-0.018151	-0.0250911	-0.0196365	-0.0264824	-0.0275376	-0.00793211	0.0238854	0.062455	0.0903665	0.0856156	0.0491488	-0.00996734	-0.108179	-0.242231	-0.395644	
0.325875	0.23452	0.142052	0.0747188	0.048217	0.0557656	0.0896455	0.130025	0.154379	0.153873	0.145875	0.145489	0.151329	0.147841	0.15097	0.164745	0.184476	0.20982	0.216927	0.187241	0.12745	0.0362281	-0.0997639	-0.272811	-0.475422	
0.224144	0.120773	0.0213513	-0.0349273	-0.0350258	0.00787124	0.084223	0.16631	0.2304	0.263829	0.281808	0.29001	0.298497	0.307844	0.317877	0.331129	0.350772	0.366857	0.355847	0.30559	0.219078	0.0924869	-0.0791587	-0.286092	-0.531607	
0.138246	0.0272562	-0.0733209	-0.122567	-0.104121	-0.0353169	0.0628789	0.169831	0.259155	0.322597	0.368124	0.396416	0.418132	0.43683	0.451785	0.471973	0.491297	0.500676	0.484067	0.421769	0.31291	0.154859	-0.0454266	-0.285476	-0.56991	
0.0800823	-0.0356244	-0.133324	-0.176155	-0.145208	-0.0609038	0.046721	0.161731	0.266518	0.346044	0.405899	0.452341	0.488339	0.513644	0.535168	0.562135	0.575408	0.577932	0.565712	0.501246	0.377594	0.203044	-0.0136077	-0.278461	-0.587585	
0.06975	-0.0473742	-0.145423	-0.186031	-0.151914	-0.0634708	0.0445682	0.158008	0.267437	0.349709	0.411082	0.460414	0.499191	0.526013	0.550424	0.577676	0.58953	0.59039	0.580139	0.516063	0.388691	0.212601	-0.00728857	-0.276373	-0.589807	
0.110264	-0.00276806	-0.101929	-0.148847	-0.12445	-0.0484928	0.0546828	0.167353	0.263407	0.334909	0.388438	0.425779	0.453717	0.474788	0.492143	0.515953	0.532953	0.539459	0.52434	0.460175	0.343877	0.177083	-0.031479	-0.282993	-0.579696	
0.187386	0.0809928	-0.0197901	-0.0733348	-0.0659972	-0.0109267	0.076394	0.170479	0.246297	0.293405	0.322773	0.33803	0.35025	0.364382	0.376447	0.391834	0.411888	0.425567	0.41064	0.354046	0.258046	0.116954	-0.0665022	-0.287176	-0.54892	
0.283857	0.186449	0.0913004	0.029452	0.0149344	0.0377994	0.0911122	0.149562	0.190518	0.203433	0.20478	0.205989	0.212672	0.214359	0.221028	0.232879	0.251559	0.272918	0.271816	0.233036	0.162174	0.0581156	-0.0935229	-0.279501	-0.500543	
0.391968	0.309018	0.219867	0.143913	0.0965185	0.0774596	0.0795745	0.0870258	0.0865381	0.0698611	0.0499008	0.0469772	0.0516385	0.0444165	0.0434415	0.0605092	0.0860422	0.118723	0.139026	0.124055	0.078371	0.00719782	-0.105111	-0.257266	-0.43006	
0.500911	0.43352	0.347902	0.255736	0.170436	0.0970672	0.0418307	-0.00669556	-0.0465097	-0.0880355	-0.12505	-0.137341	-0.130246	-0.135462	-0.130139	-0.103919	-0.0624922	-0.0132162	0.0239303	0.0325354	0.0108286	-0.0339704	-0.113232	-0.216719	-0.339763	
0.599624	0.553929	0.469171	0.350321	0.218206	0.0912847	-0.0130888	-0.102338	-0.182493	-0.251426	-0.301322	-0.32225	-0.318223	-0.307291	-0.28415	-0.241916	-0.181942	-0.117423	-0.0674653	-0.043604	-0.0453622	-0.0708299	-0.120937	-0.178705	-0.239017	
0.682279	0.644129	0.552759	0.412984	0.247814	0.0836009	-0.0628499	-0.189729	-0.303829	-0.398782	-0.463328	-0.489287	-0.482185	-0.451891	-0.404086	-0.346689	-0.278822	-0.202389	-0.143944	-0.112952	-0.0973217	-0.101758	-0.12262	-0.139605	-0.148256	
0.726267	0.687968	0.591188	0.44247	0.257692	0.0714685	-0.0971625	-0.251538	-0.390969	-0.50921	-0.588221	-0.614733	-0.597076	-0.546677	-0.481434	-0.414425	-0.345779	-0.276453	-0.216426	-0.176226	-0.147555	-0.126611	-0.11426	-0.0986233	-0.0724341	
0.727085	0.68702	0.585167	0.434565	0.246129	0.0538584	-0.12528	-0.287837	-0.441852	-0.572087	-0.658374	-0.682847	-0.648487	-0.578549	-0.503795	-0.432817	-0.373133	-0.321941	-0.27129	-0.225943	-0.185854	-0.151967	-0.113612	-0.0703416	-0.0238855	
0.678999	0.638784	0.528957	0.378553	0.201057	0.0175244	-0.155071	-0.308458	-0.45346	-0.579456	-0.661204	-0.676973	-0.629671	-0.544745	-0.46605	-0.399368	-0.350952	-0.322177	-0.295461	-0.261449	-0.224406	-0.184711	-0.128822	-0.0670067	-0.000952948	
0.570656	0.53239	0.426503	0.283133	0.125455	-0.0320908	-0.178059	-0.303751	-0.421472	-0.528972	-0.595972	-0.598641	-0.544371	-0.460873	-0.383359	-0.325683	-0.292898	-0.28783	-0.293435	-0.288997	-0.267466	-0.22302	-0.157332	-0.0846703	-0.00554083	
0.429686	0.397043	0.306344	0.177158	0.045971	-0.0708128	-0.175835	-0.262289	-0.344067	-0.417998	-0.458625	-0.449582	-0.397653	-0.320917	-0.254384	-0.216895	-0.211775	-0.236445	-0.275607	-0.306725	-0.311111	-0.275101	-0.206353	-0.128374	-0.0382601	
0.301846	0.276497	0.203008	0.101568	0.00158603	-0.076557	-0.136799	-0.187475	-0.233965	-0.270068	-0.277116	-0.251643	-0.204645	-0.145794	-0.101434	-0.0988214	-0.131283	-0.190153	-0.261831	-0.321103	-0.352448	-0.336899	-0.278371	-0.195298	-0.0915797	
0.197787	0.189301	0.140999	0.0696129	0.00591109	-0.0408641	-0.0644973	-0.0786311	-0.0964717	-0.0978519	-0.0760011	-0.0404552	-0.00465899	0.0233915	0.0333144	0.000885754	-0.0711622	-0.168742	-0.272278	-0.353434	-0.400632	-0.401255	-0.353064	-0.263569	-0.144973	
0.124241	0.141799	0.118286	0.0783096	0.0517528	0.0430974	0.0483439	0.0601844	0.0727451	0.0966491	0.124093	0.148636	0.163397	0.160368	0.134713	0.0653392	-0.0431204	-0.179242	-0.313972	-0.410443	-0.465258	-0.470392	-0.416622	-0.318674	-0.184138	
0.0887826	0.125944	0.13381	0.127427	0.132091	0.157515	0.192276	0.224601	0.258792	0.294815	0.309652	0.308444	0.291206	0.254755	0.191917	0.0850979	-0.0594728	-0.225079	-0.379334	-0.483958	-0.539648	-0.540208	-0.475574	-0.358064	-0.204739	
0.0817533	0.138065	0.181891	0.212004	0.245572	0.296426	0.348599	0.391289	0.428524	0.462397	0.467891	0.440648	0.385212	0.313453	0.216136	0.0749004	-0.103738	-0.297004	-0.461565	-0.570307	-0.621029	-0.605369	-0.52245	-0.382432	-0.205405	
0.106277	0.180399	0.252335	0.316588	0.375426	0.43715	0.487366	0.534564	0.573312	0.598877	0.592856	0.547062	0.462068	0.352945	0.219417	0.0513683	-0.150549	-0.358733	-0.530606	-0.640029	-0.680271	-0.646022	-0.545387	-0.393294	-0.20992	
0.15995	0.250979	0.339812	0.423508	0.493893	0.551876	0.599546	0.645581	0.68394	0.702919	0.67891	0.616379	0.513638	0.374179	0.207397	0.0186589	-0.187286	-0.387516	-0.555363	-0.656413	-0.684615	-0.641402	-0.534589	-0.382172	-0.206482	
