-0.293252	-0.279687	-0.269985	-0.263586	-0.26016	-0.259602	-0.261731	-0.266885	-0.275102	-0.287068	-0.303114	-0.324024	-0.350402	-0.38272	-0.421341	-0.466137	-0.516014	-0.569842	-0.624584	-0.676483	-0.721385	-0.75297	-0.765656	-0.75569	-0.719061	
-0.219955	-0.213743	-0.209683	-0.207084	-0.205857	-0.205622	-0.206497	-0.208479	-0.211922	-0.2171	-0.224842	-0.235642	-0.250798	-0.271298	-0.298199	-0.333017	-0.37598	-0.427182	-0.486415	-0.550402	-0.616246	-0.678811	-0.729554	-0.760931	-0.767048	
-0.199326	-0.198689	-0.198381	-0.198358	-0.198505	-0.198406	-0.198635	-0.198437	-0.198894	-0.19918	-0.200635	-0.203048	-0.207579	-0.215395	-0.22769	-0.246112	-0.27332	-0.309378	-0.356657	-0.414852	-0.481519	-0.555116	-0.630085	-0.696982	-0.746675	
-0.20763	-0.208719	-0.209237	-0.209826	-0.209899	-0.209975	-0.209851	-0.209481	-0.208972	-0.208207	-0.20699	-0.205914	-0.204589	-0.203895	-0.205278	-0.208891	-0.21845	-0.236119	-0.263435	-0.304674	-0.359223	-0.426045	-0.503565	-0.58589	-0.663629	
-0.215084	-0.213244	-0.211925	-0.210741	-0.209847	-0.210042	-0.209973	-0.211541	-0.212155	-0.214413	-0.215229	-0.216624	-0.216929	-0.21606	-0.214419	-0.212558	-0.20965	-0.211211	-0.217737	-0.234487	-0.266198	-0.315186	-0.38132	-0.462796	-0.551361	
-0.193669	-0.188849	-0.185612	-0.182666	-0.18164	-0.1813	-0.182115	-0.184479	-0.187306	-0.191731	-0.196846	-0.202388	-0.208482	-0.214538	-0.218282	-0.222406	-0.22264	-0.220509	-0.218138	-0.217345	-0.223338	-0.24289	-0.282711	-0.345022	-0.429842	
-0.160522	-0.15714	-0.153943	-0.152401	-0.151576	-0.151029	-0.152358	-0.152819	-0.156432	-0.158507	-0.164458	-0.169765	-0.177416	-0.186621	-0.196379	-0.205566	-0.216362	-0.22258	-0.226164	-0.225443	-0.224594	-0.223583	-0.234689	-0.263722	-0.320879	
-0.144544	-0.143518	-0.141992	-0.142738	-0.141428	-0.142092	-0.142125	-0.141908	-0.143371	-0.143457	-0.145661	-0.148048	-0.152339	-0.157226	-0.16717	-0.175631	-0.188898	-0.202367	-0.216165	-0.223688	-0.228781	-0.228627	-0.225507	-0.23253	-0.254117	
-0.145817	-0.145436	-0.146244	-0.145519	-0.145843	-0.145878	-0.145503	-0.146328	-0.145119	-0.146673	-0.144935	-0.145952	-0.145854	-0.146106	-0.148421	-0.153644	-0.15999	-0.171656	-0.187129	-0.206375	-0.219306	-0.23244	-0.230566	-0.228189	-0.228628	
-0.147723	-0.145919	-0.146182	-0.142714	-0.144826	-0.142595	-0.143927	-0.145043	-0.144826	-0.148155	-0.148048	-0.150705	-0.150815	-0.152872	-0.150229	-0.152288	-0.150456	-0.154522	-0.157703	-0.173027	-0.190252	-0.213891	-0.233177	-0.234746	-0.232643	
-0.133255	-0.129966	-0.12748	-0.126718	-0.125467	-0.125752	-0.126032	-0.127201	-0.129419	-0.130893	-0.135453	-0.138127	-0.142901	-0.148146	-0.151769	-0.155733	-0.15732	-0.157565	-0.158428	-0.156979	-0.164371	-0.176581	-0.207037	-0.228575	-0.238273	
-0.119171	-0.118756	-0.116266	-0.118685	-0.115428	-0.117948	-0.116751	-0.116868	-0.119061	-0.117592	-0.121563	-0.12178	-0.126312	-0.129374	-0.136521	-0.141322	-0.151643	-0.154143	-0.161409	-0.162832	-0.162839	-0.160988	-0.173834	-0.202948	-0.22706	
-0.120314	-0.121291	-0.120645	-0.120714	-0.120474	-0.120418	-0.120506	-0.120355	-0.120563	-0.120733	-0.120551	-0.121296	-0.121294	-0.122555	-0.124742	-0.126749	-0.134267	-0.142315	-0.149067	-0.160037	-0.16666	-0.163156	-0.159469	-0.174335	-0.205049	
-0.120222	-0.119387	-0.117681	-0.117134	-0.116676	-0.116579	-0.117155	-0.117719	-0.118961	-0.120314	-0.121168	-0.123769	-0.123374	-0.125274	-0.126468	-0.124947	-0.126097	-0.130058	-0.133422	-0.142136	-0.160979	-0.170487	-0.162583	-0.159725	-0.175153	
-0.109488	-0.109375	-0.106934	-0.106633	-0.106613	-0.105148	-0.107366	-0.106006	-0.10832	-0.110163	-0.110703	-0.115496	-0.118191	-0.11961	-0.127077	-0.128188	-0.128606	-0.133807	-0.131986	-0.126745	-0.13516	-0.16087	-0.169108	-0.16299	-0.162496	
-0.1071	-0.103172	-0.105758	-0.103204	-0.10507	-0.103793	-0.103753	-0.105638	-0.102168	-0.106775	-0.103915	-0.105269	-0.109643	-0.108258	-0.112514	-0.121698	-0.119906	-0.128614	-0.140768	-0.137506	-0.126868	-0.1384	-0.159683	-0.164356	-0.157912	
-0.110972	-0.104428	-0.108855	-0.105836	-0.105578	-0.108249	-0.10397	-0.109746	-0.105706	-0.108602	-0.110274	-0.106923	-0.111034	-0.111122	-0.1067	-0.114855	-0.115837	-0.112039	-0.125019	-0.140691	-0.133716	-0.132199	-0.146376	-0.162554	-0.159443	
-0.102701	-0.0998042	-0.101993	-0.09797	-0.0987417	-0.0997565	-0.0969304	-0.100918	-0.0997391	-0.101117	-0.104728	-0.105938	-0.105567	-0.115708	-0.107979	-0.113707	-0.118738	-0.115154	-0.110179	-0.129258	-0.134841	-0.13013	-0.137564	-0.15227	-0.160902	
-0.0924391	-0.09962	-0.0941143	-0.0960041	-0.0964089	-0.0942328	-0.0981287	-0.0929529	-0.0997756	-0.0939186	-0.0978696	-0.10119	-0.0953541	-0.106671	-0.107428	-0.106009	-0.11682	-0.122081	-0.113482	-0.116385	-0.129811	-0.128458	-0.133615	-0.146088	-0.157428	
-0.0959822	-0.103468	-0.0950067	-0.0999369	-0.0988792	-0.0949556	-0.102631	-0.0936471	-0.102423	-0.0980535	-0.0988329	-0.102004	-0.100478	-0.0972769	-0.106104	-0.100214	-0.103582	-0.113986	-0.118877	-0.11858	-0.126924	-0.124349	-0.126985	-0.137872	-0.155325	
-0.0971524	-0.0948178	-0.0926982	-0.0938986	-0.0921151	-0.0924612	-0.0931419	-0.0930228	-0.0940514	-0.0955467	-0.096994	-0.0976469	-0.103059	-0.100889	-0.106471	-0.105648	-0.106769	-0.106138	-0.108016	-0.110624	-0.126382	-0.127451	-0.124758	-0.131963	-0.148106	
-0.0918917	-0.0918928	-0.0903172	-0.091737	-0.0904857	-0.090743	-0.0915374	-0.0903002	-0.0920169	-0.0914923	-0.0921425	-0.0932736	-0.0950543	-0.0942554	-0.101909	-0.100694	-0.10525	-0.113165	-0.113451	-0.106588	-0.117455	-0.124907	-0.123804	-0.126144	-0.143467	
-0.0953482	-0.0932671	-0.0926401	-0.0929023	-0.0922938	-0.092042	-0.0927884	-0.0927081	-0.0928162	-0.094599	-0.0940339	-0.0943627	-0.0984392	-0.0928072	-0.099889	-0.0988356	-0.0982922	-0.103165	-0.113595	-0.107506	-0.115344	-0.123433	-0.123111	-0.124763	-0.135875	
-0.0936133	-0.0883305	-0.0891527	-0.0893598	-0.0868814	-0.0895943	-0.0867814	-0.0903826	-0.0878364	-0.0914105	-0.0922161	-0.0908509	-0.0990831	-0.0936916	-0.0996067	-0.101976	-0.100172	-0.100598	-0.108499	-0.108069	-0.111241	-0.121871	-0.121459	-0.121011	-0.133325	
-0.0909567	-0.0860995	-0.0896782	-0.0878778	-0.0868059	-0.0903188	-0.0851853	-0.0910808	-0.0862852	-0.0894725	-0.0894928	-0.0884552	-0.0913368	-0.092664	-0.093479	-0.0991442	-0.101161	-0.104144	-0.108027	-0.103988	-0.108316	-0.119728	-0.12282	-0.120653	-0.127005	
-0.0925869	-0.08968	-0.0898618	-0.0894572	-0.0884011	-0.0892959	-0.0883689	-0.0900965	-0.0891178	-0.0917565	-0.0917264	-0.0918262	-0.0962921	-0.0917518	-0.0950629	-0.0970381	-0.0937241	-0.096479	-0.109732	-0.109018	-0.106777	-0.11702	-0.120482	-0.119842	-0.124881	
-0.08968	-0.0827057	-0.0874791	-0.084713	-0.08362	-0.0878037	-0.0814901	-0.0889696	-0.083155	-0.0869826	-0.0883731	-0.0860834	-0.0913127	-0.0938024	-0.0924287	-0.100554	-0.101977	-0.0989586	-0.102496	-0.104383	-0.104839	-0.116615	-0.120839	-0.119609	-0.123128	
-0.0898618	-0.0874791	-0.0890184	-0.0875886	-0.0872733	-0.0884603	-0.086554	-0.0890934	-0.0873675	-0.0896388	-0.0891717	-0.0901363	-0.0909378	-0.0911788	-0.0906562	-0.0950704	-0.0939788	-0.0978265	-0.107151	-0.107877	-0.104686	-0.113937	-0.120263	-0.118534	-0.119878	
-0.0894572	-0.084713	-0.0875886	-0.085146	-0.0848318	-0.0870279	-0.0834254	-0.0881487	-0.0849611	-0.0874247	-0.0891534	-0.0875909	-0.0917201	-0.0933667	-0.0922385	-0.0977428	-0.0984454	-0.0958355	-0.10302	-0.105461	-0.102914	-0.113951	-0.119284	-0.120018	-0.121012	
-0.0884011	-0.08362	-0.0872733	-0.0848318	-0.0843978	-0.0869639	-0.0827799	-0.0878936	-0.0838056	-0.0873523	-0.0870853	-0.0874123	-0.0893301	-0.0919422	-0.0896118	-0.0974116	-0.0973677	-0.097259	-0.102396	-0.106865	-0.104099	-0.113272	-0.119881	-0.11783	-0.118762	
-0.0892959	-0.0878037	-0.0884603	-0.0870279	-0.0869639	-0.0877819	-0.0863981	-0.0884799	-0.0877158	-0.0886729	-0.0899082	-0.0896837	-0.0909673	-0.0921527	-0.0914072	-0.0940871	-0.0946755	-0.0964305	-0.105864	-0.106633	-0.102415	-0.112541	-0.11909	-0.119674	-0.119658	
-0.0883689	-0.0814901	-0.086554	-0.0834254	-0.0827799	-0.0863981	-0.0804864	-0.0876555	-0.0817814	-0.0862661	-0.0867405	-0.0857084	-0.0899857	-0.0929552	-0.090491	-0.09988	-0.100558	-0.0967016	-0.1001	-0.105589	-0.10374	-0.114296	-0.119854	-0.118456	-0.120303	
-0.0900965	-0.0889696	-0.0890934	-0.0881487	-0.0878936	-0.0884799	-0.0876555	-0.0892015	-0.0885699	-0.0901833	-0.0901194	-0.0909979	-0.0918706	-0.0915405	-0.0917166	-0.0939625	-0.0928428	-0.0966631	-0.107617	-0.108202	-0.104037	-0.11337	-0.119729	-0.118895	-0.119578	
-0.0891178	-0.083155	-0.0873675	-0.0849611	-0.0838056	-0.0877158	-0.0817814	-0.0885699	-0.0835069	-0.0866288	-0.0883649	-0.0861006	-0.0907489	-0.0930031	-0.0919514	-0.099398	-0.1015	-0.0990578	-0.102857	-0.10469	-0.103393	-0.116045	-0.120504	-0.119449	-0.123679	
-0.0917565	-0.0869826	-0.0896388	-0.0874247	-0.0873523	-0.0886729	-0.0862661	-0.0901833	-0.0866288	-0.0911201	-0.0898262	-0.0903418	-0.0944382	-0.0922902	-0.0934267	-0.0980276	-0.0956132	-0.0968033	-0.106965	-0.107996	-0.107483	-0.117117	-0.120837	-0.119152	-0.122225	
-0.0917264	-0.0883731	-0.0891717	-0.0891534	-0.0870853	-0.0899082	-0.0867405	-0.0901194	-0.0883649	-0.0898262	-0.0912827	-0.0900401	-0.0938858	-0.0921583	-0.0955389	-0.0979548	-0.0981314	-0.100883	-0.109385	-0.106408	-0.105941	-0.118055	-0.121243	-0.120545	-0.12812	
-0.0918262	-0.0860834	-0.0901363	-0.0875909	-0.0874123	-0.0896837	-0.0857084	-0.0909979	-0.0861006	-0.0903418	-0.0900401	-0.0887518	-0.0943589	-0.0932546	-0.0953009	-0.100445	-0.102128	-0.103387	-0.107625	-0.105044	-0.110658	-0.121888	-0.122705	-0.120768	-0.129523	
-0.0962921	-0.0913127	-0.0909378	-0.0917201	-0.0893301	-0.0909673	-0.0899857	-0.0918706	-0.0907489	-0.0944382	-0.0938858	-0.0943589	-0.101167	-0.0935551	-0.101721	-0.101674	-0.0973956	-0.0990956	-0.111325	-0.109062	-0.114266	-0.122377	-0.121609	-0.123464	-0.134958	
-0.0917518	-0.0938024	-0.0911788	-0.0933667	-0.0919422	-0.0921527	-0.0929552	-0.0915405	-0.0930031	-0.0922902	-0.0921583	-0.0932546	-0.0935551	-0.0927539	-0.0992237	-0.0976046	-0.102202	-0.112814	-0.114998	-0.106489	-0.115819	-0.123167	-0.124571	-0.124738	-0.139979	
-0.0950629	-0.0924287	-0.0906562	-0.0922385	-0.0896118	-0.0914072	-0.090491	-0.0917166	-0.0919514	-0.0934267	-0.0955389	-0.0953009	-0.101721	-0.0992237	-0.105979	-0.105808	-0.107809	-0.107273	-0.107443	-0.108522	-0.122175	-0.128028	-0.124667	-0.129655	-0.147401	
-0.0970381	-0.100554	-0.0950704	-0.0977428	-0.0974116	-0.0940871	-0.09988	-0.0939625	-0.099398	-0.0980276	-0.0979548	-0.100445	-0.101674	-0.0976046	-0.105808	-0.101254	-0.10324	-0.11004	-0.116003	-0.116503	-0.128092	-0.125399	-0.125061	-0.134376	-0.151204	
-0.0937241	-0.101977	-0.0939788	-0.0984454	-0.0973677	-0.0946755	-0.100558	-0.0928428	-0.1015	-0.0956132	-0.0981314	-0.102128	-0.0973956	-0.102202	-0.107809	-0.10324	-0.111003	-0.119921	-0.116636	-0.116594	-0.12718	-0.125877	-0.130883	-0.143488	-0.15853	
-0.096479	-0.0989586	-0.0978265	-0.0958355	-0.097259	-0.0964305	-0.0967016	-0.0966631	-0.0990578	-0.0968033	-0.100883	-0.103387	-0.0990956	-0.112814	-0.107273	-0.11004	-0.119921	-0.120092	-0.109725	-0.12228	-0.133832	-0.130175	-0.136575	-0.149378	-0.158649	
-0.109732	-0.102496	-0.107151	-0.10302	-0.102396	-0.105864	-0.1001	-0.107617	-0.102857	-0.106965	-0.109385	-0.107625	-0.111325	-0.114998	-0.107443	-0.116003	-0.116636	-0.109725	-0.11612	-0.13857	-0.135172	-0.130992	-0.141885	-0.158288	-0.16134	
-0.109018	-0.104383	-0.107877	-0.105461	-0.106865	-0.106633	-0.105589	-0.108202	-0.10469	-0.107996	-0.106408	-0.105044	-0.109062	-0.106489	-0.108522	-0.116503	-0.116594	-0.12228	-0.13857	-0.140939	-0.128673	-0.134219	-0.154033	-0.164553	-0.157393	
-0.106777	-0.104839	-0.104686	-0.102914	-0.104099	-0.102415	-0.10374	-0.104037	-0.103393	-0.107483	-0.105941	-0.110658	-0.114266	-0.115819	-0.122175	-0.128092	-0.12718	-0.133832	-0.135172	-0.128673	-0.128558	-0.151155	-0.167326	-0.163952	-0.160886	
-0.11702	-0.116615	-0.113937	-0.113951	-0.113272	-0.112541	-0.114296	-0.11337	-0.116045	-0.117117	-0.118055	-0.121888	-0.122377	-0.123167	-0.128028	-0.125399	-0.125877	-0.130175	-0.130992	-0.134219	-0.151155	-0.170352	-0.166537	-0.159979	-0.167726	
-0.120482	-0.120839	-0.120263	-0.119284	-0.119881	-0.11909	-0.119854	-0.119729	-0.120504	-0.120837	-0.121243	-0.122705	-0.121609	-0.124571	-0.124667	-0.125061	-0.130883	-0.136575	-0.141885	-0.154033	-0.167326	-0.166537	-0.158402	-0.165496	-0.19242	
-0.119842	-0.119609	-0.118534	-0.120018	-0.11783	-0.119674	-0.118456	-0.118895	-0.119449	-0.119152	-0.120545	-0.120768	-0.123464	-0.124738	-0.129655	-0.134376	-0.143488	-0.149378	-0.158288	-0.164553	-0.163952	-0.159979	-0.165496	-0.190958	-0.220266	
-0.124881	-0.123128	-0.119878	-0.121012	-0.118762	-0.119658	-0.120303	-0.119578	-0.123679	-0.122225	-0.12812	-0.129523	-0.134958	-0.139979	-0.147401	-0.151204	-0.15853	-0.158649	-0.16134	-0.157393	-0.160886	-0.167726	-0.19242	-0.220266	-0.23564	
