0.424246	0.427796	0.451469	0.478455	0.492939	0.495327	0.486073	0.463185	0.434797	0.423915	0.42545	0.449055	0.51407	0.60891	0.697417	0.748255	0.768468	0.737479	0.655194	0.530792	0.367116	0.170458	-0.0254887	-0.174491	-0.257437	
0.403879	0.400497	0.41047	0.421091	0.423663	0.424359	0.423128	0.415656	0.402873	0.401117	0.409786	0.435086	0.488783	0.569102	0.645354	0.687732	0.698301	0.66765	0.591999	0.477932	0.322606	0.136601	-0.0374492	-0.155352	-0.205848	
0.393568	0.387776	0.386956	0.385465	0.37852	0.376318	0.383093	0.386687	0.387856	0.389978	0.401999	0.426748	0.470188	0.530258	0.593581	0.635344	0.642713	0.610124	0.533936	0.418762	0.275847	0.106556	-0.0443274	-0.135424	-0.153148	
0.396984	0.388856	0.379186	0.365774	0.349053	0.344303	0.359261	0.374839	0.385408	0.392902	0.404892	0.426564	0.466028	0.512972	0.561712	0.595835	0.593554	0.550505	0.470112	0.360858	0.227872	0.0745854	-0.0567003	-0.123562	-0.109297	
0.419065	0.405731	0.38653	0.369179	0.356498	0.352823	0.363176	0.379725	0.398064	0.413852	0.429009	0.449893	0.483597	0.519632	0.546836	0.564593	0.548472	0.494098	0.40923	0.300107	0.170028	0.0344252	-0.0754298	-0.123343	-0.0849157	
0.459613	0.436432	0.414288	0.400119	0.397753	0.398009	0.398271	0.407288	0.426809	0.449474	0.474833	0.496375	0.522804	0.548728	0.556571	0.546199	0.508191	0.437263	0.338911	0.220114	0.0934719	-0.0266545	-0.118809	-0.145645	-0.0867074	
0.512898	0.480082	0.463428	0.461362	0.473183	0.476387	0.465761	0.460737	0.471106	0.498542	0.53343	0.557348	0.573964	0.58438	0.571131	0.528246	0.461833	0.368935	0.250002	0.119675	-0.00810849	-0.113813	-0.182137	-0.188507	-0.120206	
0.577523	0.547482	0.539488	0.553751	0.574027	0.578769	0.56266	0.543076	0.541258	0.563525	0.601367	0.625987	0.622606	0.604169	0.560393	0.4935	0.3975	0.276833	0.139214	0.000171643	-0.121119	-0.209152	-0.252316	-0.24322	-0.176482	
0.657619	0.637281	0.638722	0.659245	0.674499	0.676225	0.667346	0.6459	0.634687	0.648051	0.672042	0.678305	0.654805	0.604896	0.533177	0.435682	0.311431	0.166221	0.0129852	-0.126172	-0.229102	-0.293316	-0.319235	-0.300001	-0.236554	
0.724965	0.719768	0.724531	0.744288	0.75412	0.754655	0.750292	0.731742	0.719454	0.723191	0.725001	0.710736	0.666137	0.585583	0.483796	0.358134	0.205387	0.0379688	-0.123344	-0.253611	-0.33687	-0.37944	-0.3852	-0.355452	-0.298815	
0.754937	0.769783	0.777491	0.792553	0.806827	0.81047	0.798965	0.782307	0.772604	0.762576	0.740116	0.703252	0.634333	0.530134	0.402892	0.249253	0.070736	-0.109432	-0.272397	-0.389318	-0.452704	-0.473486	-0.454582	-0.413558	-0.359661	
0.745226	0.777657	0.790464	0.80351	0.820052	0.823363	0.81094	0.793784	0.784834	0.760559	0.717093	0.650916	0.555219	0.431725	0.279108	0.102318	-0.0913985	-0.280989	-0.438448	-0.539328	-0.585845	-0.587865	-0.544221	-0.484458	-0.419263	
0.704944	0.756639	0.784174	0.80313	0.823618	0.827873	0.812224	0.791341	0.770964	0.728137	0.661327	0.56715	0.445638	0.291509	0.116061	-0.0682356	-0.261663	-0.448535	-0.596043	-0.682897	-0.717078	-0.704262	-0.642349	-0.55768	-0.469668	
0.638913	0.724741	0.780824	0.810469	0.827526	0.830861	0.818257	0.795085	0.751262	0.676429	0.574002	0.453463	0.310523	0.138527	-0.0468425	-0.240239	-0.430131	-0.599821	-0.728648	-0.803958	-0.826474	-0.795971	-0.722538	-0.61977	-0.509669	
0.563003	0.691639	0.782403	0.827979	0.844781	0.846845	0.837254	0.805686	0.733177	0.618584	0.474384	0.324968	0.162242	-0.0186357	-0.20538	-0.399591	-0.576172	-0.721299	-0.826168	-0.884345	-0.892239	-0.84961	-0.763964	-0.643513	-0.51465	
0.507293	0.674778	0.796775	0.863778	0.882637	0.88325	0.87617	0.830052	0.729785	0.578565	0.394466	0.206877	0.0253795	-0.157165	-0.345498	-0.536359	-0.697562	-0.809229	-0.877185	-0.911586	-0.907551	-0.855346	-0.752266	-0.621117	-0.476425	
0.494978	0.689948	0.835674	0.924425	0.955927	0.957258	0.943627	0.877472	0.755614	0.576927	0.365222	0.14482	-0.0657849	-0.262178	-0.452515	-0.635726	-0.780119	-0.862568	-0.895785	-0.902552	-0.876512	-0.808677	-0.692018	-0.550678	-0.389017	
0.532851	0.749381	0.920127	1.02984	1.07895	1.08604	1.05677	0.970922	0.824858	0.623323	0.390972	0.143961	-0.097154	-0.316177	-0.514692	-0.693565	-0.822936	-0.880089	-0.886549	-0.859526	-0.800608	-0.706584	-0.573651	-0.416692	-0.244528	
0.606768	0.83743	1.02849	1.16095	1.22899	1.24115	1.19525	1.08942	0.92016	0.702284	0.457925	0.197824	-0.0611711	-0.304825	-0.521293	-0.698377	-0.81193	-0.853261	-0.840461	-0.781631	-0.687246	-0.559287	-0.405833	-0.237736	-0.0668932	
0.694516	0.934455	1.13363	1.2786	1.35876	1.37211	1.31875	1.19922	1.01983	0.79323	0.543448	0.283472	0.0203708	-0.231061	-0.456156	-0.625876	-0.731315	-0.76084	-0.726246	-0.648459	-0.530358	-0.382381	-0.215066	-0.0405912	0.120744	
0.771891	1.0052	1.20059	1.3453	1.43214	1.44765	1.3874	1.26533	1.08835	0.868604	0.62421	0.376555	0.130009	-0.108169	-0.322062	-0.482766	-0.581028	-0.600173	-0.557825	-0.470068	-0.341872	-0.188681	-0.024765	0.145824	0.296483	
0.821325	1.02253	1.20001	1.33779	1.42994	1.4453	1.38186	1.25952	1.09726	0.904007	0.692373	0.475122	0.258048	0.048484	-0.134762	-0.281173	-0.374522	-0.405198	-0.368399	-0.279383	-0.151487	0.000949329	0.159682	0.31712	0.444189	
0.844368	0.994795	1.13282	1.24922	1.33284	1.34915	1.28774	1.18242	1.05151	0.905861	0.748518	0.580139	0.405648	0.235187	0.0859756	-0.0385262	-0.135147	-0.184711	-0.170589	-0.0921973	0.0325828	0.1837	0.332442	0.463718	0.567402	
0.839067	0.91949	0.997703	1.07772	1.13398	1.14509	1.10399	1.0307	0.950544	0.871722	0.788894	0.685732	0.56113	0.436966	0.318982	0.2165	0.123519	0.0584239	0.0460749	0.0968438	0.206913	0.345985	0.476518	0.582018	0.658564	
0.797449	0.797741	0.805778	0.829079	0.848651	0.85387	0.838433	0.814323	0.798938	0.79691	0.79763	0.773108	0.711404	0.637115	0.557177	0.475517	0.387837	0.314078	0.27601	0.29461	0.371896	0.483279	0.589693	0.671463	0.718404	
0.722693	0.641049	0.57439	0.531081	0.508046	0.504607	0.519782	0.55412	0.611945	0.689485	0.770127	0.82746	0.845967	0.833526	0.794906	0.728108	0.641416	0.559608	0.504548	0.496077	0.536382	0.60841	0.681265	0.732538	0.755167	
0.641049	0.472176	0.325583	0.215006	0.149163	0.136202	0.183755	0.276187	0.409513	0.572962	0.738415	0.875943	0.970395	1.01637	1.01876	0.967848	0.877083	0.781925	0.708994	0.675359	0.682693	0.710241	0.745308	0.770979	0.778167	
0.57439	0.325583	0.0940775	-0.0880177	-0.19846	-0.219083	-0.141582	0.0130778	0.228831	0.47543	0.716541	0.92665	1.08611	1.18135	1.20877	1.16755	1.07254	0.96194	0.864279	0.808325	0.78683	0.780032	0.78238	0.788129	0.786784	
0.531081	0.215006	-0.0880177	-0.331762	-0.477984	-0.503699	-0.403166	-0.195754	0.0904168	0.40514	0.713662	0.986737	1.19042	1.31176	1.35216	1.31307	1.21188	1.08124	0.960957	0.884117	0.839718	0.816251	0.804896	0.802856	0.800375	
0.508046	0.149163	-0.19846	-0.477984	-0.646907	-0.676489	-0.560081	-0.321614	0.00650085	0.364668	0.717006	1.02914	1.26505	1.40324	1.44145	1.39565	1.28612	1.13798	0.999738	0.9064	0.857017	0.831641	0.825073	0.820948	0.815955	
0.504607	0.136202	-0.219083	-0.503699	-0.676489	-0.706248	-0.587839	-0.343913	-0.010056	0.357383	0.718918	1.03831	1.28002	1.41951	1.45617	1.41006	1.29922	1.14755	1.0029	0.906874	0.858152	0.834381	0.830008	0.824716	0.819944	
0.519782	0.183755	-0.141582	-0.403166	-0.560081	-0.587839	-0.479413	-0.257285	0.0503588	0.385678	0.715185	1.00677	1.22475	1.35475	1.39537	1.35377	1.24921	1.11075	0.983537	0.898787	0.850219	0.823923	0.813716	0.810838	0.807277	
0.55412	0.276187	0.0130778	-0.195754	-0.321614	-0.343913	-0.257285	-0.0793531	0.167047	0.443709	0.71347	0.95135	1.12987	1.23749	1.27188	1.23348	1.13579	1.01751	0.909246	0.845192	0.813477	0.798534	0.791668	0.792782	0.790429	
0.611945	0.409513	0.228831	0.0904168	0.00650085	-0.010056	0.0503588	0.167047	0.333125	0.530907	0.727483	0.894875	1.01781	1.08545	1.09965	1.05323	0.961499	0.860437	0.778635	0.735523	0.730066	0.742284	0.763474	0.780285	0.782336	
0.689485	0.572962	0.47543	0.40514	0.364668	0.357383	0.385678	0.443709	0.530907	0.642386	0.75721	0.846738	0.896858	0.9084	0.887856	0.827051	0.738501	0.652438	0.590024	0.571653	0.599437	0.652456	0.710039	0.750053	0.766347	
0.770127	0.738415	0.716541	0.713662	0.717006	0.718918	0.715185	0.71347	0.727483	0.75721	0.788774	0.798078	0.767318	0.716604	0.65247	0.577216	0.491244	0.414259	0.369405	0.376152	0.43734	0.534599	0.628999	0.699151	0.73468	
0.82746	0.875943	0.92665	0.986737	1.02914	1.03831	1.00677	0.95135	0.894875	0.846738	0.798078	0.724873	0.622257	0.517386	0.414116	0.320861	0.229343	0.160494	0.136697	0.174501	0.27356	0.403246	0.524776	0.621549	0.686465	
0.845967	0.970395	1.08611	1.19042	1.26505	1.28002	1.22475	1.12987	1.01781	0.896858	0.767318	0.622257	0.467347	0.315609	0.178046	0.0625359	-0.0330379	-0.0899088	-0.0866096	-0.0173918	0.103811	0.251876	0.394587	0.514283	0.60778	
0.833526	1.01637	1.18135	1.31176	1.40324	1.41951	1.35475	1.23749	1.08545	0.9084	0.716604	0.517386	0.315609	0.119713	-0.0486334	-0.186711	-0.28201	-0.320047	-0.290641	-0.203875	-0.0774828	0.0752796	0.230835	0.378912	0.496531	
0.794906	1.01876	1.20877	1.35216	1.44145	1.45617	1.39537	1.27188	1.09965	0.887856	0.65247	0.414116	0.178046	-0.0486334	-0.252885	-0.409465	-0.503874	-0.525469	-0.482861	-0.393559	-0.264256	-0.111516	0.0494731	0.216593	0.358676	
0.728108	0.967848	1.16755	1.31307	1.39565	1.41006	1.35377	1.23348	1.05323	0.827051	0.577216	0.320861	0.0625359	-0.186711	-0.409465	-0.575395	-0.679208	-0.703118	-0.664011	-0.581282	-0.457885	-0.306008	-0.138125	0.0359218	0.194003	
0.641416	0.877083	1.07254	1.21188	1.28612	1.29922	1.24921	1.13579	0.961499	0.738501	0.491244	0.229343	-0.0330379	-0.28201	-0.503874	-0.679208	-0.788876	-0.82545	-0.802708	-0.734867	-0.628512	-0.4915	-0.330698	-0.158826	0.00826948	
0.559608	0.781925	0.96194	1.08124	1.13798	1.14755	1.11075	1.01751	0.860437	0.652438	0.414259	0.160494	-0.0899088	-0.320047	-0.525469	-0.703118	-0.82545	-0.875085	-0.874926	-0.834194	-0.760916	-0.652309	-0.511501	-0.349244	-0.17605	
0.504548	0.708994	0.864279	0.960957	0.999738	1.0029	0.983537	0.909246	0.778635	0.590024	0.369405	0.136697	-0.0866096	-0.290641	-0.482861	-0.664011	-0.802708	-0.874926	-0.894849	-0.888628	-0.850801	-0.773584	-0.651508	-0.505028	-0.337525	
0.496077	0.675359	0.808325	0.884117	0.9064	0.906874	0.898787	0.845192	0.735523	0.571653	0.376152	0.174501	-0.0173918	-0.203875	-0.393559	-0.581282	-0.734867	-0.834194	-0.888628	-0.912441	-0.90041	-0.843084	-0.734015	-0.599409	-0.44794	
0.536382	0.682693	0.78683	0.839718	0.857017	0.858152	0.850219	0.813477	0.730066	0.599437	0.43734	0.27356	0.103811	-0.0774828	-0.264256	-0.457885	-0.628512	-0.760916	-0.850801	-0.90041	-0.904708	-0.858217	-0.76531	-0.639845	-0.504696	
0.60841	0.710241	0.780032	0.816251	0.831641	0.834381	0.823923	0.798534	0.742284	0.652456	0.534599	0.403246	0.251876	0.0752796	-0.111516	-0.306008	-0.4915	-0.652309	-0.773584	-0.843084	-0.858217	-0.822107	-0.745106	-0.635473	-0.51743	
0.681265	0.745308	0.78238	0.804896	0.825073	0.830008	0.813716	0.791668	0.763474	0.710039	0.628999	0.524776	0.394587	0.230835	0.0494731	-0.138125	-0.330698	-0.511501	-0.651508	-0.734015	-0.76531	-0.745106	-0.6778	-0.584142	-0.487484	
0.732538	0.770979	0.788129	0.802856	0.820948	0.824716	0.810838	0.792782	0.780285	0.750053	0.699151	0.621549	0.514283	0.378912	0.216593	0.0359218	-0.158826	-0.349244	-0.505028	-0.599409	-0.639845	-0.635473	-0.584142	-0.514236	-0.441189	
0.755167	0.778167	0.786784	0.800375	0.815955	0.819944	0.807277	0.790429	0.782336	0.766347	0.73468	0.686465	0.60778	0.496531	0.358676	0.194003	0.00826948	-0.17605	-0.337525	-0.44794	-0.504696	-0.51743	-0.487484	-0.441189	-0.383979	
