0.466634	0.426366	0.397962	0.38137	0.375152	0.373956	0.378331	0.389318	0.413722	0.449112	0.495309	0.543052	0.577587	0.598165	0.598699	0.58619	0.565	0.54702	0.527486	0.50078	0.472148	0.446637	0.421008	0.384328	0.334435	
0.319908	0.29875	0.288086	0.285906	0.289192	0.291124	0.286144	0.286312	0.293788	0.310283	0.335533	0.359373	0.37397	0.38468	0.39496	0.403146	0.409886	0.423242	0.43121	0.423671	0.408879	0.39419	0.376435	0.34524	0.303296	
0.143359	0.138236	0.1395	0.147815	0.161764	0.163773	0.153892	0.141721	0.138046	0.1406	0.149397	0.161748	0.169796	0.191864	0.220774	0.258642	0.297825	0.33994	0.375062	0.391911	0.394881	0.387309	0.373323	0.344663	0.310112	
-0.0417631	-0.0401012	-0.0313164	-0.0167051	-0.00360639	0.000620159	-0.0114605	-0.0255314	-0.0376613	-0.042215	-0.0398533	-0.035531	-0.022064	0.0151609	0.0733871	0.14316	0.218493	0.290421	0.3515	0.392255	0.412347	0.410752	0.396742	0.369075	0.342797	
-0.222153	-0.219355	-0.211463	-0.201257	-0.194737	-0.192629	-0.198869	-0.20712	-0.216553	-0.221644	-0.221322	-0.216353	-0.190606	-0.13496	-0.0501992	0.051709	0.163713	0.267232	0.356041	0.42063	0.452198	0.455266	0.439266	0.410572	0.389346	
-0.388147	-0.393257	-0.39339	-0.391952	-0.390738	-0.390769	-0.391168	-0.392852	-0.393712	-0.390156	-0.384924	-0.372998	-0.332305	-0.256397	-0.146598	-0.0169675	0.12249	0.250928	0.367167	0.461597	0.506097	0.515057	0.49677	0.468525	0.446547	
-0.538851	-0.551634	-0.555811	-0.558466	-0.560789	-0.562323	-0.558232	-0.55731	-0.554028	-0.544789	-0.528774	-0.500637	-0.444856	-0.352258	-0.22806	-0.076668	0.0837134	0.232879	0.367229	0.480606	0.547048	0.569413	0.556301	0.53123	0.513781	
-0.66071	-0.671614	-0.674221	-0.675858	-0.676967	-0.678377	-0.675397	-0.675691	-0.67271	-0.666803	-0.646301	-0.604994	-0.537091	-0.431683	-0.300794	-0.139551	0.0288367	0.192163	0.342211	0.465166	0.550297	0.588457	0.597927	0.585138	0.577594	
-0.741018	-0.744805	-0.740456	-0.737261	-0.731812	-0.730658	-0.735126	-0.739481	-0.742972	-0.744914	-0.728079	-0.688899	-0.618186	-0.510693	-0.372528	-0.213825	-0.0477642	0.119616	0.275593	0.413427	0.515395	0.578287	0.612596	0.622356	0.632057	
-0.786621	-0.783682	-0.768029	-0.756349	-0.74456	-0.740728	-0.751844	-0.762556	-0.777749	-0.788725	-0.775948	-0.740666	-0.680085	-0.582611	-0.448244	-0.295455	-0.133474	0.0253031	0.177633	0.32407	0.447193	0.537532	0.597838	0.637589	0.663546	
-0.79671	-0.787014	-0.76459	-0.743971	-0.72249	-0.718543	-0.734048	-0.756545	-0.778332	-0.796088	-0.78892	-0.7639	-0.721307	-0.641395	-0.527105	-0.389307	-0.241689	-0.0978551	0.0422856	0.192704	0.33966	0.464408	0.557361	0.624261	0.666948	
-0.765375	-0.752935	-0.729061	-0.702894	-0.677374	-0.674217	-0.690568	-0.719554	-0.743409	-0.763089	-0.764219	-0.757853	-0.737868	-0.681167	-0.596818	-0.487427	-0.370556	-0.252086	-0.129601	0.0209676	0.190478	0.349702	0.482997	0.574603	0.632252	
-0.700919	-0.685966	-0.661531	-0.635909	-0.616764	-0.615405	-0.625727	-0.651826	-0.676465	-0.696547	-0.706205	-0.718485	-0.725251	-0.704049	-0.655003	-0.580984	-0.504792	-0.42211	-0.317179	-0.163978	0.017399	0.198321	0.363721	0.487193	0.566892	
-0.610029	-0.597951	-0.581709	-0.560126	-0.544409	-0.541531	-0.552009	-0.57366	-0.592704	-0.604158	-0.622138	-0.652567	-0.68614	-0.704065	-0.692673	-0.656581	-0.617567	-0.571902	-0.489268	-0.346977	-0.167524	0.0221342	0.202836	0.355933	0.470769	
-0.511288	-0.501095	-0.492489	-0.473307	-0.459048	-0.454615	-0.466784	-0.485308	-0.499219	-0.505165	-0.528883	-0.576556	-0.636865	-0.690341	-0.71119	-0.706382	-0.702123	-0.695033	-0.643927	-0.525746	-0.353289	-0.16606	0.0182776	0.19301	0.343109	
-0.431739	-0.411251	-0.398399	-0.383746	-0.375346	-0.375827	-0.37887	-0.392476	-0.405947	-0.421865	-0.452326	-0.505856	-0.580964	-0.656094	-0.705289	-0.732969	-0.764281	-0.783476	-0.762201	-0.679993	-0.532611	-0.351217	-0.166213	0.0162617	0.190732	
-0.369788	-0.3435	-0.327709	-0.314439	-0.306916	-0.306638	-0.310748	-0.321938	-0.33644	-0.357632	-0.39328	-0.448176	-0.524096	-0.610338	-0.678527	-0.73481	-0.792712	-0.831849	-0.829521	-0.775411	-0.663508	-0.506962	-0.334487	-0.148566	0.0365774	
-0.32253	-0.304325	-0.294552	-0.279972	-0.268832	-0.267512	-0.274215	-0.288853	-0.301222	-0.312976	-0.3427	-0.396561	-0.474001	-0.564391	-0.642729	-0.711645	-0.780669	-0.833634	-0.845209	-0.808671	-0.727005	-0.603287	-0.45212	-0.277543	-0.104551	
-0.293357	-0.288089	-0.283488	-0.275441	-0.279938	-0.2808	-0.276653	-0.278805	-0.287689	-0.289467	-0.306237	-0.346848	-0.41425	-0.504879	-0.591106	-0.666021	-0.732103	-0.790388	-0.814851	-0.795184	-0.734358	-0.644552	-0.527992	-0.382783	-0.236792	
-0.272398	-0.276403	-0.283082	-0.289318	-0.307043	-0.311153	-0.296324	-0.284162	-0.279787	-0.271994	-0.279022	-0.302635	-0.347478	-0.428342	-0.520073	-0.602708	-0.669544	-0.723869	-0.754751	-0.754809	-0.722571	-0.667973	-0.590588	-0.486341	-0.374179	
-0.252873	-0.270145	-0.293164	-0.306805	-0.319684	-0.322991	-0.311983	-0.299425	-0.280267	-0.257042	-0.25259	-0.263747	-0.292105	-0.355619	-0.438354	-0.523459	-0.598344	-0.653872	-0.689011	-0.713234	-0.717633	-0.694526	-0.650578	-0.584854	-0.506416	
-0.255087	-0.279039	-0.302904	-0.317687	-0.329751	-0.332324	-0.32316	-0.309129	-0.290021	-0.263556	-0.245765	-0.240005	-0.254838	-0.301881	-0.361288	-0.432512	-0.511122	-0.578574	-0.624609	-0.665246	-0.696102	-0.704452	-0.697135	-0.668204	-0.622058	
-0.28112	-0.300095	-0.318705	-0.335682	-0.351069	-0.354537	-0.342731	-0.325077	-0.308136	-0.288891	-0.267736	-0.244671	-0.235905	-0.256696	-0.294324	-0.34892	-0.420084	-0.488196	-0.539385	-0.590577	-0.64364	-0.683764	-0.71219	-0.722083	-0.707293	
-0.302509	-0.31892	-0.336677	-0.350155	-0.358332	-0.359127	-0.354549	-0.342629	-0.326305	-0.308589	-0.293323	-0.269953	-0.243241	-0.236735	-0.257431	-0.297876	-0.347488	-0.402874	-0.454802	-0.51004	-0.572443	-0.639885	-0.703742	-0.746226	-0.755478	
-0.312811	-0.326811	-0.338317	-0.344429	-0.346494	-0.346469	-0.345698	-0.341429	-0.331998	-0.318192	-0.306079	-0.293128	-0.269463	-0.24621	-0.246382	-0.273491	-0.306818	-0.343481	-0.391207	-0.446151	-0.514107	-0.597707	-0.681531	-0.7452	-0.777479	
-0.319916	-0.320875	-0.319029	-0.321728	-0.326007	-0.327151	-0.32367	-0.319514	-0.319843	-0.321594	-0.316256	-0.30717	-0.291942	-0.264488	-0.249912	-0.263431	-0.285551	-0.308852	-0.348453	-0.405664	-0.476547	-0.569303	-0.667229	-0.743251	-0.788367	
-0.320875	-0.304759	-0.294155	-0.294239	-0.293263	-0.292678	-0.294206	-0.293287	-0.298885	-0.314976	-0.326105	-0.323401	-0.308725	-0.286675	-0.271627	-0.272767	-0.283311	-0.296274	-0.324745	-0.380498	-0.463277	-0.559687	-0.652636	-0.729221	-0.777868	
-0.319029	-0.294155	-0.280901	-0.274964	-0.266666	-0.264209	-0.271496	-0.278827	-0.286799	-0.308016	-0.332581	-0.340346	-0.326386	-0.30721	-0.297501	-0.286786	-0.281436	-0.288349	-0.310825	-0.365058	-0.45413	-0.548205	-0.62994	-0.704569	-0.755068	
-0.321728	-0.294239	-0.274964	-0.266441	-0.258418	-0.25623	-0.262812	-0.271328	-0.284716	-0.310257	-0.336974	-0.350255	-0.343196	-0.323748	-0.31178	-0.296778	-0.27908	-0.275093	-0.297272	-0.352048	-0.43646	-0.52731	-0.605965	-0.67816	-0.731403	
-0.326007	-0.293263	-0.266666	-0.258418	-0.252094	-0.249979	-0.256119	-0.26207	-0.280186	-0.314589	-0.339601	-0.354477	-0.357381	-0.338478	-0.321948	-0.313889	-0.292063	-0.267768	-0.286527	-0.345751	-0.424729	-0.510986	-0.589384	-0.654773	-0.706675	
-0.327151	-0.292678	-0.264209	-0.25623	-0.249979	-0.248671	-0.254166	-0.259646	-0.278395	-0.315308	-0.340467	-0.354263	-0.360422	-0.340845	-0.324808	-0.31837	-0.294635	-0.266488	-0.285013	-0.347283	-0.421889	-0.507194	-0.587727	-0.652504	-0.702848	
-0.32367	-0.294206	-0.271496	-0.262812	-0.256119	-0.254166	-0.260361	-0.267157	-0.283164	-0.312449	-0.338072	-0.353033	-0.349727	-0.330369	-0.315889	-0.303675	-0.283673	-0.270936	-0.292456	-0.347938	-0.430857	-0.519714	-0.596952	-0.66626	-0.719926	
-0.319514	-0.293287	-0.278827	-0.271328	-0.26207	-0.259646	-0.267157	-0.276282	-0.285798	-0.308139	-0.334423	-0.34492	-0.333097	-0.313521	-0.304182	-0.290051	-0.278358	-0.282806	-0.305399	-0.359524	-0.447043	-0.540621	-0.62087	-0.694847	-0.746383	
-0.319843	-0.298885	-0.286799	-0.284716	-0.280186	-0.278395	-0.283164	-0.285798	-0.292274	-0.311145	-0.329014	-0.330679	-0.316022	-0.29627	-0.283156	-0.278991	-0.283744	-0.294413	-0.319029	-0.373557	-0.460656	-0.556762	-0.644222	-0.719348	-0.768706	
-0.321594	-0.314976	-0.308016	-0.310257	-0.314589	-0.315308	-0.312449	-0.308139	-0.311145	-0.320113	-0.320686	-0.3134	-0.29857	-0.273035	-0.256319	-0.26492	-0.283184	-0.301576	-0.336721	-0.394095	-0.469566	-0.563696	-0.661808	-0.739988	-0.787235	
-0.316256	-0.326105	-0.332581	-0.336974	-0.339601	-0.340467	-0.338072	-0.334423	-0.329014	-0.320686	-0.310402	-0.298996	-0.279427	-0.252544	-0.246162	-0.267514	-0.295503	-0.326449	-0.371512	-0.427698	-0.495398	-0.583985	-0.675158	-0.745201	-0.783296	
-0.30717	-0.323401	-0.340346	-0.350255	-0.354477	-0.354263	-0.353033	-0.34492	-0.330679	-0.3134	-0.298996	-0.280713	-0.253099	-0.238725	-0.250829	-0.28634	-0.328508	-0.375933	-0.427035	-0.481334	-0.547031	-0.622233	-0.694761	-0.746184	-0.7656	
-0.291942	-0.308725	-0.326386	-0.343196	-0.357381	-0.360422	-0.349727	-0.333097	-0.316022	-0.29857	-0.279427	-0.253099	-0.23554	-0.243946	-0.275083	-0.323667	-0.386775	-0.451963	-0.503952	-0.557743	-0.61498	-0.667688	-0.712017	-0.736137	-0.731293	
-0.264488	-0.286675	-0.30721	-0.323748	-0.338478	-0.340845	-0.330369	-0.313521	-0.29627	-0.273035	-0.252544	-0.238725	-0.243946	-0.282451	-0.332319	-0.397403	-0.474789	-0.543697	-0.592407	-0.637668	-0.679486	-0.700442	-0.706215	-0.692565	-0.659809	
-0.249912	-0.271627	-0.297501	-0.31178	-0.321948	-0.324808	-0.315889	-0.304182	-0.283156	-0.256319	-0.246162	-0.250829	-0.275083	-0.332319	-0.407376	-0.487578	-0.564547	-0.625243	-0.664646	-0.696864	-0.712368	-0.701851	-0.672596	-0.622103	-0.555908	
-0.263431	-0.272767	-0.286786	-0.296778	-0.313889	-0.31837	-0.303675	-0.290051	-0.278991	-0.26492	-0.267514	-0.28634	-0.323667	-0.397403	-0.487578	-0.572761	-0.643	-0.696226	-0.727893	-0.737279	-0.720009	-0.678861	-0.614635	-0.526139	-0.427732	
-0.285551	-0.283311	-0.281436	-0.27908	-0.292063	-0.294635	-0.283673	-0.278358	-0.283744	-0.283184	-0.295503	-0.328508	-0.386775	-0.474789	-0.564547	-0.643	-0.70779	-0.764562	-0.792504	-0.780681	-0.729927	-0.654093	-0.554253	-0.424688	-0.291634	
-0.308852	-0.296274	-0.288349	-0.275093	-0.267768	-0.266488	-0.270936	-0.282806	-0.294413	-0.301576	-0.326449	-0.375933	-0.451963	-0.543697	-0.625243	-0.696226	-0.764562	-0.821127	-0.838253	-0.808205	-0.734953	-0.624622	-0.485542	-0.320263	-0.156462	
-0.348453	-0.324745	-0.310825	-0.297272	-0.286527	-0.285013	-0.292456	-0.305399	-0.319029	-0.336721	-0.371512	-0.427035	-0.503952	-0.592407	-0.664646	-0.727893	-0.792504	-0.838253	-0.841585	-0.795566	-0.696924	-0.55353	-0.388302	-0.205192	-0.0226463	
-0.405664	-0.380498	-0.365058	-0.352048	-0.345751	-0.347283	-0.347938	-0.359524	-0.373557	-0.394095	-0.427698	-0.481334	-0.557743	-0.637668	-0.696864	-0.737279	-0.780681	-0.808205	-0.795566	-0.725723	-0.592547	-0.419315	-0.237822	-0.0529944	0.128614	
-0.476547	-0.463277	-0.45413	-0.43646	-0.424729	-0.421889	-0.430857	-0.447043	-0.460656	-0.469566	-0.495398	-0.547031	-0.61498	-0.679486	-0.712368	-0.720009	-0.729927	-0.734953	-0.696924	-0.592547	-0.427872	-0.241737	-0.0557384	0.123186	0.283926	
-0.569303	-0.559687	-0.548205	-0.52731	-0.510986	-0.507194	-0.519714	-0.540621	-0.556762	-0.563696	-0.583985	-0.622233	-0.667688	-0.700442	-0.701851	-0.678861	-0.654093	-0.624622	-0.55353	-0.419315	-0.241737	-0.0520374	0.130003	0.293049	0.423384	
-0.667229	-0.652636	-0.62994	-0.605965	-0.589384	-0.587727	-0.596952	-0.62087	-0.644222	-0.661808	-0.675158	-0.694761	-0.712017	-0.706215	-0.672596	-0.614635	-0.554253	-0.485542	-0.388302	-0.237822	-0.0557384	0.130003	0.303724	0.440429	0.532625	
-0.743251	-0.729221	-0.704569	-0.67816	-0.654773	-0.652504	-0.66626	-0.694847	-0.719348	-0.739988	-0.745201	-0.746184	-0.736137	-0.692565	-0.622103	-0.526139	-0.424688	-0.320263	-0.205192	-0.0529944	0.123186	0.293049	0.440429	0.54443	0.609254	
-0.788367	-0.777868	-0.755068	-0.731403	-0.706675	-0.702848	-0.719926	-0.746383	-0.768706	-0.787235	-0.783296	-0.7656	-0.731293	-0.659809	-0.555908	-0.427732	-0.291634	-0.156462	-0.0226463	0.128614	0.283926	0.423384	0.532625	0.609254	0.657655	
