-0.179492	-0.179076	-0.180916	-0.184737	-0.173563	-0.153646	-0.137026	-0.122436	-0.117959	-0.117801	-0.117822	-0.119146	-0.116856	-0.113932	-0.107906	-0.10216	-0.0966415	-0.0922793	-0.0890451	-0.0865506	-0.0857259	-0.0844531	-0.0844865	-0.0843578	-0.0841317	
-0.179076	-0.179842	-0.18388	-0.174349	-0.14912	-0.131585	-0.119582	-0.116754	-0.121612	-0.120973	-0.12056	-0.114614	-0.107283	-0.100535	-0.0929712	-0.0900113	-0.0871226	-0.0869163	-0.0860211	-0.0874626	-0.0869984	-0.087742	-0.0878676	-0.0875641	-0.087499	
-0.180916	-0.18388	-0.175275	-0.146164	-0.125668	-0.119606	-0.118825	-0.126618	-0.124215	-0.116571	-0.108424	-0.0971815	-0.0935721	-0.0882943	-0.0888364	-0.0898929	-0.0904966	-0.0909275	-0.0910478	-0.0905085	-0.0882608	-0.0879743	-0.0850175	-0.0838943	-0.0823415	
-0.184737	-0.174349	-0.146164	-0.122939	-0.121456	-0.12337	-0.128012	-0.123898	-0.10794	-0.100323	-0.0922796	-0.0921435	-0.0931386	-0.0926936	-0.0962611	-0.0928069	-0.0918227	-0.0878147	-0.0860917	-0.0804997	-0.0798481	-0.0758358	-0.0745336	-0.0730468	-0.0720172	
-0.173563	-0.14912	-0.125668	-0.121456	-0.12576	-0.126051	-0.12058	-0.102846	-0.0953365	-0.0959312	-0.0956395	-0.0990464	-0.0945018	-0.0948799	-0.0889477	-0.0839627	-0.0808186	-0.077446	-0.0749622	-0.0733171	-0.0742	-0.0717291	-0.0742657	-0.0728989	-0.0737743	
-0.153646	-0.131585	-0.119606	-0.12337	-0.126051	-0.118674	-0.103301	-0.0940985	-0.0992174	-0.0993782	-0.0978861	-0.0924959	-0.0877882	-0.0845654	-0.077528	-0.0787165	-0.0757408	-0.0768836	-0.0753537	-0.0783731	-0.0755327	-0.0777459	-0.0760163	-0.0759741	-0.0748583	
-0.137026	-0.119582	-0.118825	-0.128012	-0.12058	-0.103301	-0.0940812	-0.0979147	-0.102151	-0.0958752	-0.0890531	-0.0839875	-0.0821935	-0.0779154	-0.0790539	-0.0795491	-0.078276	-0.0787646	-0.0774795	-0.0763137	-0.0733611	-0.0735938	-0.0695589	-0.0700469	-0.0677161	
-0.122436	-0.116754	-0.126618	-0.123898	-0.102846	-0.0940985	-0.0979147	-0.103432	-0.0976485	-0.0840116	-0.0815095	-0.0818096	-0.0805934	-0.0804689	-0.0815839	-0.078719	-0.0767898	-0.0743348	-0.0715578	-0.0687685	-0.0682865	-0.0659813	-0.0660508	-0.0653267	-0.0652455	
-0.117959	-0.121612	-0.124215	-0.10794	-0.0953365	-0.0992174	-0.102151	-0.0976485	-0.0809856	-0.0776208	-0.0865438	-0.0844753	-0.0821736	-0.0791809	-0.0771415	-0.0712951	-0.0696502	-0.0681117	-0.0665111	-0.0673149	-0.066897	-0.0669913	-0.0674158	-0.0669442	-0.0670545	
-0.117801	-0.120973	-0.116571	-0.100323	-0.0959312	-0.0993782	-0.0958752	-0.0840116	-0.0776208	-0.09052	-0.0888652	-0.0774654	-0.0735021	-0.0725316	-0.0704076	-0.0663837	-0.0722549	-0.0687431	-0.0707985	-0.0696186	-0.0694179	-0.0672132	-0.0679147	-0.0646208	-0.0660351	
-0.117822	-0.12056	-0.108424	-0.0922796	-0.0956395	-0.0978861	-0.0890531	-0.0815095	-0.0865438	-0.0888652	-0.0726862	-0.0687484	-0.0742547	-0.0754724	-0.069805	-0.0742695	-0.0736322	-0.0665738	-0.0690686	-0.0644224	-0.0630956	-0.0619435	-0.0613993	-0.0590621	-0.0610574	
-0.119146	-0.114614	-0.0971815	-0.0921435	-0.0990464	-0.0924959	-0.0839875	-0.0818096	-0.0844753	-0.0774654	-0.0687484	-0.0781956	-0.0792267	-0.0706941	-0.0684662	-0.0715983	-0.0613812	-0.0627721	-0.0640296	-0.0600094	-0.0616165	-0.0632102	-0.0593308	-0.06397	-0.0600774	
-0.116856	-0.107283	-0.0935721	-0.0931386	-0.0945018	-0.0877882	-0.0821935	-0.0805934	-0.0821736	-0.0735021	-0.0742547	-0.0792267	-0.0684298	-0.0645638	-0.0676112	-0.0660412	-0.0607709	-0.0688303	-0.0636624	-0.0632533	-0.0658039	-0.0622158	-0.0614064	-0.0638211	-0.057619	
-0.113932	-0.100535	-0.0882943	-0.0926936	-0.0948799	-0.0845654	-0.0779154	-0.0804689	-0.0791809	-0.0725316	-0.0754724	-0.0706941	-0.0645638	-0.0672232	-0.0699642	-0.0648258	-0.0648605	-0.0676367	-0.058592	-0.063197	-0.0595354	-0.0569511	-0.0588094	-0.0563846	-0.0551523	
-0.107906	-0.0929712	-0.0888364	-0.0962611	-0.0889477	-0.077528	-0.0790539	-0.0815839	-0.0771415	-0.0704076	-0.069805	-0.0684662	-0.0676112	-0.0699642	-0.0670846	-0.060575	-0.0644702	-0.0593294	-0.0578508	-0.0604648	-0.0571103	-0.0575421	-0.0601834	-0.0553566	-0.0607535	
-0.10216	-0.0900113	-0.0898929	-0.0928069	-0.0839627	-0.0787165	-0.0795491	-0.078719	-0.0712951	-0.0663837	-0.0742695	-0.0715983	-0.0660412	-0.0648258	-0.060575	-0.0609947	-0.0616589	-0.0595941	-0.0608442	-0.06108	-0.0587579	-0.0600422	-0.0586038	-0.0565852	-0.0586733	
-0.0966415	-0.0871226	-0.0904966	-0.0918227	-0.0808186	-0.0757408	-0.078276	-0.0767898	-0.0696502	-0.0722549	-0.0736322	-0.0613812	-0.0607709	-0.0648605	-0.0644702	-0.0616589	-0.0636758	-0.0605915	-0.0589235	-0.0585515	-0.0555654	-0.05586	-0.0542962	-0.0538472	-0.0540888	
-0.0922793	-0.0869163	-0.0909275	-0.0878147	-0.077446	-0.0768836	-0.0787646	-0.0743348	-0.0681117	-0.0687431	-0.0665738	-0.0627721	-0.0688303	-0.0676367	-0.0593294	-0.0595941	-0.0605915	-0.0539986	-0.0572057	-0.0563795	-0.0546982	-0.0567894	-0.0561001	-0.0548566	-0.0575036	
-0.0890451	-0.0860211	-0.0910478	-0.0860917	-0.0749622	-0.0753537	-0.0774795	-0.0715578	-0.0665111	-0.0707985	-0.0690686	-0.0640296	-0.0636624	-0.058592	-0.0578508	-0.0608442	-0.0589235	-0.0572057	-0.0608885	-0.0569905	-0.0563804	-0.0580018	-0.0531193	-0.0556834	-0.0531252	
-0.0865506	-0.0874626	-0.0905085	-0.0804997	-0.0733171	-0.0783731	-0.0763137	-0.0687685	-0.0673149	-0.0696186	-0.0644224	-0.0600094	-0.0632533	-0.063197	-0.0604648	-0.06108	-0.0585515	-0.0563795	-0.0569905	-0.0528073	-0.0543887	-0.0530548	-0.0517122	-0.053571	-0.0514276	
-0.0857259	-0.0869984	-0.0882608	-0.0798481	-0.0742	-0.0755327	-0.0733611	-0.0682865	-0.066897	-0.0694179	-0.0630956	-0.0616165	-0.0658039	-0.0595354	-0.0571103	-0.0587579	-0.0555654	-0.0546982	-0.0563804	-0.0543887	-0.0551298	-0.055274	-0.0536164	-0.0551679	-0.0528302	
-0.0844531	-0.087742	-0.0879743	-0.0758358	-0.0717291	-0.0777459	-0.0735938	-0.0659813	-0.0669913	-0.0672132	-0.0619435	-0.0632102	-0.0622158	-0.0569511	-0.0575421	-0.0600422	-0.05586	-0.0567894	-0.0580018	-0.0530548	-0.055274	-0.0533019	-0.0512422	-0.0529954	-0.0500247	
-0.0844865	-0.0878676	-0.0850175	-0.0745336	-0.0742657	-0.0760163	-0.0695589	-0.0660508	-0.0674158	-0.0679147	-0.0613993	-0.0593308	-0.0614064	-0.0588094	-0.0601834	-0.0586038	-0.0542962	-0.0561001	-0.0531193	-0.0517122	-0.0536164	-0.0512422	-0.0514696	-0.053356	-0.0496414	
-0.0843578	-0.0875641	-0.0838943	-0.0730468	-0.0728989	-0.0759741	-0.0700469	-0.0653267	-0.0669442	-0.0646208	-0.0590621	-0.06397	-0.0638211	-0.0563846	-0.0553566	-0.0565852	-0.0538472	-0.0548566	-0.0556834	-0.053571	-0.0551679	-0.0529954	-0.053356	-0.0523192	-0.0516062	
-0.0841317	-0.087499	-0.0823415	-0.0720172	-0.0737743	-0.0748583	-0.0677161	-0.0652455	-0.0670545	-0.0660351	-0.0610574	-0.0600774	-0.057619	-0.0551523	-0.0607535	-0.0586733	-0.0540888	-0.0575036	-0.0531252	-0.0514276	-0.0528302	-0.0500247	-0.0496414	-0.0516062	-0.047483	
-0.0846546	-0.0873158	-0.0803563	-0.0708782	-0.0743637	-0.0750483	-0.067103	-0.0647818	-0.0668317	-0.0629422	-0.0579001	-0.0627638	-0.0627758	-0.0579549	-0.0562613	-0.0542711	-0.0529804	-0.0537357	-0.0526814	-0.0524829	-0.0541668	-0.0511517	-0.0538783	-0.0514254	-0.0519345	
-0.0842552	-0.0865055	-0.0800476	-0.0714691	-0.0736408	-0.0727533	-0.0666367	-0.0654985	-0.0666013	-0.0643481	-0.0601378	-0.0610937	-0.0572017	-0.0532861	-0.0589763	-0.0573077	-0.0539524	-0.0570023	-0.0532958	-0.0525144	-0.0527387	-0.0504251	-0.0501549	-0.0505555	-0.0478854	
-0.0847121	-0.0869404	-0.0783613	-0.0695863	-0.0748237	-0.0746122	-0.0656559	-0.0642081	-0.0664264	-0.0620042	-0.0583355	-0.0621578	-0.0599243	-0.057604	-0.0578194	-0.0542152	-0.0529865	-0.0541486	-0.0516382	-0.0512727	-0.0530172	-0.0496143	-0.0524504	-0.0504445	-0.0507097	
-0.084542	-0.0858289	-0.078383	-0.0712769	-0.0739203	-0.0714904	-0.0658308	-0.0657439	-0.0665415	-0.0631927	-0.0587983	-0.0611404	-0.0583143	-0.0544316	-0.0575329	-0.0551523	-0.0536339	-0.0553696	-0.0523978	-0.0531021	-0.052927	-0.05065	-0.0518623	-0.0502275	-0.0494624	
-0.0845653	-0.0865105	-0.0777448	-0.0694073	-0.0746764	-0.0740033	-0.0652079	-0.0640884	-0.0660324	-0.0617544	-0.059439	-0.0622669	-0.0574537	-0.0555615	-0.0584311	-0.0554049	-0.0533337	-0.0553966	-0.0522199	-0.0509895	-0.0522917	-0.0491544	-0.0506688	-0.0497481	-0.0491572	
-0.0847864	-0.0858432	-0.0777073	-0.0707939	-0.074178	-0.0717989	-0.0655701	-0.0654822	-0.0667612	-0.0624563	-0.0575729	-0.0611425	-0.059651	-0.0566995	-0.0570261	-0.053413	-0.0533	-0.0537102	-0.0513779	-0.0529185	-0.0532023	-0.0505058	-0.0534083	-0.0502615	-0.0509889	
-0.0843291	-0.0863103	-0.0782533	-0.0700539	-0.0743488	-0.0733093	-0.0653198	-0.0644536	-0.0660368	-0.0624106	-0.0603845	-0.0620336	-0.0560869	-0.0537448	-0.0587887	-0.0567474	-0.0537058	-0.056769	-0.0529851	-0.0512843	-0.0520692	-0.0493044	-0.0495122	-0.0496899	-0.0479566	
-0.0849273	-0.0864026	-0.0780951	-0.0702953	-0.0743661	-0.0733457	-0.0658856	-0.0648461	-0.0670038	-0.0620462	-0.0571353	-0.0621132	-0.0609277	-0.0580253	-0.0565421	-0.0528986	-0.0530654	-0.0527926	-0.051452	-0.0526009	-0.0536724	-0.0505535	-0.0542257	-0.0504319	-0.0519675	
-0.0840389	-0.0865966	-0.0798732	-0.0710593	-0.0737222	-0.0730822	-0.0662333	-0.0650105	-0.066567	-0.0639403	-0.0603229	-0.0609911	-0.0562278	-0.0537096	-0.0597188	-0.0575048	-0.0540962	-0.0574992	-0.0530819	-0.0515965	-0.0522362	-0.0495918	-0.0494169	-0.0503003	-0.0475706	
-0.0849095	-0.0870886	-0.0795544	-0.0705392	-0.074594	-0.0752282	-0.0666426	-0.0642614	-0.0670481	-0.0624976	-0.0582888	-0.0636387	-0.061541	-0.0574436	-0.0560033	-0.054185	-0.0529729	-0.0533745	-0.0528926	-0.0524332	-0.0543	-0.0509965	-0.0538521	-0.0509153	-0.0518209	
-0.0838125	-0.0873486	-0.082457	-0.0721702	-0.0727907	-0.0738953	-0.0682501	-0.0655184	-0.0673463	-0.0655689	-0.0590601	-0.0602244	-0.0587329	-0.055648	-0.0601755	-0.0574116	-0.0545355	-0.0567752	-0.0531328	-0.052039	-0.0529079	-0.0503932	-0.0506796	-0.0513076	-0.0486755	
-0.0846567	-0.0875031	-0.0823048	-0.0722607	-0.0745044	-0.076499	-0.0681836	-0.0642651	-0.0669241	-0.064838	-0.0607776	-0.0635514	-0.0609549	-0.0563102	-0.0569959	-0.0569746	-0.0533851	-0.0555126	-0.0544201	-0.0520964	-0.0546382	-0.0512893	-0.0522738	-0.0519924	-0.0502968	
-0.0839825	-0.0879553	-0.0854599	-0.0739663	-0.0722541	-0.0755385	-0.0710291	-0.0661786	-0.0675136	-0.0664381	-0.0587499	-0.061559	-0.0630154	-0.0573561	-0.0582466	-0.0576201	-0.0548328	-0.0552512	-0.0550757	-0.0531026	-0.0542887	-0.0526444	-0.052374	-0.0525965	-0.050827	
-0.0845466	-0.0876009	-0.0862328	-0.0754746	-0.0737273	-0.0770731	-0.0711145	-0.0654158	-0.0671647	-0.0685407	-0.0623807	-0.0606595	-0.0610194	-0.058422	-0.0597656	-0.0591896	-0.0550594	-0.0567533	-0.0544729	-0.0516986	-0.0543161	-0.051267	-0.0514256	-0.0532904	-0.0495896	
-0.0849828	-0.0874163	-0.0884749	-0.0779842	-0.0727174	-0.0764977	-0.0740057	-0.067659	-0.0664473	-0.0676631	-0.062774	-0.063826	-0.0649148	-0.0566379	-0.0559307	-0.0598084	-0.0554256	-0.0559682	-0.0590733	-0.0545713	-0.055842	-0.0556457	-0.0521495	-0.0542563	-0.0513505	
-0.0861555	-0.087419	-0.0896374	-0.0798892	-0.0736961	-0.0775584	-0.074899	-0.0683676	-0.0677791	-0.0698772	-0.0626741	-0.0592636	-0.064847	-0.0642174	-0.0599974	-0.0594436	-0.0575654	-0.0542612	-0.054802	-0.0526758	-0.0540753	-0.0530726	-0.053534	-0.0542277	-0.0531044	
-0.0876209	-0.0861199	-0.0913361	-0.0844683	-0.0739852	-0.0759016	-0.076996	-0.0706378	-0.0663104	-0.0709359	-0.0688226	-0.0624098	-0.0620763	-0.058026	-0.0587497	-0.0618866	-0.0588438	-0.0590133	-0.0607589	-0.0558021	-0.0559513	-0.0562394	-0.0510377	-0.0548465	-0.0505649	
-0.0914676	-0.0866994	-0.090294	-0.086315	-0.0770419	-0.0775315	-0.0778207	-0.072889	-0.0675891	-0.0678376	-0.0673008	-0.0643373	-0.0681624	-0.0660197	-0.0573219	-0.0597945	-0.0589446	-0.0531937	-0.0582647	-0.0561343	-0.0555598	-0.0576878	-0.0561573	-0.0555097	-0.0574493	
-0.0941669	-0.0870409	-0.0919815	-0.0905988	-0.0777494	-0.0755271	-0.0792834	-0.0759621	-0.0700642	-0.0716898	-0.0695859	-0.0609423	-0.0625255	-0.0660597	-0.0635	-0.0608245	-0.0644056	-0.0581902	-0.0588541	-0.0574349	-0.0548581	-0.0555632	-0.0544569	-0.0533968	-0.0551977	
-0.100294	-0.0879287	-0.0891527	-0.0932013	-0.0838968	-0.0775648	-0.0783162	-0.0769493	-0.0699652	-0.0692821	-0.0754977	-0.0682374	-0.0635006	-0.0643852	-0.0620792	-0.0603156	-0.0618177	-0.060143	-0.0594667	-0.0606247	-0.0575332	-0.0585438	-0.057185	-0.05561	-0.0568022	
-0.105719	-0.0925222	-0.0892939	-0.0942227	-0.0861066	-0.0780121	-0.0805967	-0.0810829	-0.074303	-0.0676078	-0.0704707	-0.070888	-0.0677582	-0.0671646	-0.0645899	-0.061182	-0.0632494	-0.059468	-0.0598289	-0.0603534	-0.0582962	-0.0587781	-0.0594497	-0.0561253	-0.0598388	
-0.11088	-0.097203	-0.0886012	-0.094508	-0.0931871	-0.0810794	-0.0771029	-0.0813736	-0.0793276	-0.0723982	-0.0725714	-0.0678559	-0.0665129	-0.069797	-0.0686013	-0.0628311	-0.0649614	-0.0631324	-0.0573401	-0.0621137	-0.0574618	-0.0571179	-0.0597375	-0.0555897	-0.0585588	
-0.115675	-0.104172	-0.0917458	-0.0927343	-0.0939936	-0.0872725	-0.0807906	-0.0795193	-0.0807067	-0.0734471	-0.0764861	-0.0762233	-0.0640552	-0.0647571	-0.0694023	-0.0655182	-0.0634164	-0.0702738	-0.0619755	-0.0636147	-0.0639534	-0.0589623	-0.0598879	-0.0599186	-0.0547821	
-0.118962	-0.110979	-0.0948026	-0.0935213	-0.0979097	-0.0897903	-0.0833674	-0.0816554	-0.0829579	-0.0744738	-0.0703339	-0.0811853	-0.0769664	-0.0673059	-0.0673255	-0.0683768	-0.0589839	-0.0643064	-0.0639643	-0.0613413	-0.0641132	-0.0647129	-0.06094	-0.0662091	-0.0603282	
-0.119034	-0.119402	-0.103261	-0.0905388	-0.0971512	-0.0965454	-0.0869205	-0.081985	-0.0872148	-0.0842488	-0.0685443	-0.0707235	-0.076524	-0.0749715	-0.0705037	-0.0750391	-0.0695995	-0.0646178	-0.0663079	-0.0613813	-0.060716	-0.0607985	-0.059205	-0.0594426	-0.0598743	
