0.411681	0.363878	0.294302	0.211794	0.13363	0.077799	0.0491921	0.0559782	0.0929885	0.147058	0.215772	0.29417	0.371021	0.420112	0.423629	0.391165	0.338089	0.267012	0.181215	0.0988123	0.0302812	-0.0243939	-0.0687355	-0.106284	-0.123283	
0.363878	0.347734	0.316135	0.268832	0.217993	0.173616	0.144319	0.139771	0.160567	0.19764	0.25287	0.328379	0.415723	0.473833	0.497386	0.483394	0.444346	0.383705	0.306332	0.231128	0.173091	0.130959	0.0945497	0.0582951	0.0368913	
0.294302	0.316135	0.316446	0.302843	0.279285	0.24124	0.207963	0.188439	0.188809	0.206227	0.248198	0.312743	0.392072	0.460473	0.501363	0.5084	0.48092	0.426341	0.358478	0.292817	0.245438	0.220158	0.199231	0.170131	0.152758	
0.211794	0.268832	0.302843	0.31769	0.310152	0.276906	0.234781	0.197142	0.178945	0.178251	0.198272	0.236049	0.302943	0.373959	0.428656	0.450607	0.438758	0.398001	0.344929	0.290994	0.255826	0.251726	0.247043	0.233903	0.224972	
0.13363	0.217993	0.279285	0.310152	0.310518	0.275475	0.225661	0.177338	0.145746	0.124248	0.115364	0.129659	0.176337	0.238235	0.290717	0.319771	0.327559	0.310183	0.273513	0.240497	0.226941	0.236983	0.251825	0.258577	0.263588	
0.077799	0.173616	0.24124	0.276906	0.275475	0.239328	0.189663	0.138912	0.0941691	0.0529344	0.019894	0.0137625	0.0372946	0.0825239	0.123967	0.15267	0.173194	0.172868	0.159982	0.155058	0.162069	0.18754	0.223043	0.253109	0.286471	
0.0491921	0.144319	0.207963	0.234781	0.225661	0.189663	0.141265	0.0834795	0.023156	-0.0325994	-0.0826236	-0.106983	-0.0984094	-0.0659527	-0.0335565	-0.0132416	0.0046682	0.0192013	0.0290359	0.0470056	0.0756861	0.116471	0.17035	0.227137	0.287017	
0.0559782	0.139771	0.188439	0.197142	0.177338	0.138912	0.0834795	0.0208588	-0.0470088	-0.113073	-0.174821	-0.20968	-0.206223	-0.177865	-0.153606	-0.140285	-0.127146	-0.110957	-0.0909533	-0.0623236	-0.0165251	0.0397278	0.108151	0.18466	0.269755	
0.0929885	0.160567	0.188809	0.178945	0.145746	0.0941691	0.023156	-0.0470088	-0.116308	-0.185967	-0.245874	-0.278357	-0.277496	-0.252589	-0.231153	-0.213847	-0.202545	-0.191697	-0.171426	-0.1395	-0.0898727	-0.0294134	0.0465056	0.135499	0.240006	
0.147058	0.19764	0.206227	0.178251	0.124248	0.0529344	-0.0325994	-0.113073	-0.185967	-0.248725	-0.292513	-0.316158	-0.31201	-0.288513	-0.260339	-0.233201	-0.219067	-0.207193	-0.187657	-0.161564	-0.127454	-0.0795707	-0.0108295	0.0808117	0.189011	
0.215772	0.25287	0.248198	0.198272	0.115364	0.019894	-0.0826236	-0.174821	-0.245874	-0.292513	-0.316027	-0.321728	-0.302914	-0.268323	-0.231789	-0.196617	-0.173184	-0.158921	-0.150833	-0.14543	-0.136613	-0.114464	-0.0615826	0.0175499	0.115659	
0.29417	0.328379	0.312743	0.236049	0.129659	0.0137625	-0.106983	-0.20968	-0.278357	-0.316158	-0.321728	-0.301581	-0.255504	-0.198411	-0.153081	-0.108136	-0.0772477	-0.0742151	-0.0920451	-0.114775	-0.134392	-0.134637	-0.106086	-0.0500692	0.0277121	
0.371021	0.415723	0.392072	0.302943	0.176337	0.0372946	-0.0984094	-0.206223	-0.277496	-0.31201	-0.302914	-0.255504	-0.1803	-0.103811	-0.0442787	0.00730565	0.033739	0.0188037	-0.0282572	-0.0808647	-0.126018	-0.148403	-0.142398	-0.112155	-0.0571503	
0.420112	0.473833	0.460473	0.373959	0.238235	0.0825239	-0.0659527	-0.177865	-0.252589	-0.288513	-0.268323	-0.198411	-0.103811	-0.00440981	0.0708292	0.11741	0.131261	0.097838	0.0283926	-0.049397	-0.115066	-0.154339	-0.166167	-0.157411	-0.119557	
0.423629	0.497386	0.501363	0.428656	0.290717	0.123967	-0.0335565	-0.153606	-0.231153	-0.260339	-0.231789	-0.153081	-0.0442787	0.0708292	0.1512	0.192459	0.195345	0.151309	0.0710869	-0.0203522	-0.0978338	-0.14855	-0.175484	-0.18393	-0.15672	
0.391165	0.483394	0.5084	0.450607	0.319771	0.15267	-0.0132416	-0.140285	-0.213847	-0.233201	-0.196617	-0.108136	0.00730565	0.11741	0.192459	0.228129	0.228445	0.183993	0.106168	0.0167663	-0.0627712	-0.124928	-0.168678	-0.19556	-0.18523	
0.338089	0.444346	0.48092	0.438758	0.327559	0.173194	0.0046682	-0.127146	-0.202545	-0.219067	-0.173184	-0.0772477	0.033739	0.131261	0.195345	0.228445	0.229713	0.191974	0.129111	0.0579237	-0.0116074	-0.0823102	-0.139185	-0.18242	-0.191981	
0.267012	0.383705	0.426341	0.398001	0.310183	0.172868	0.0192013	-0.110957	-0.191697	-0.207193	-0.158921	-0.0742151	0.0188037	0.097838	0.151309	0.183993	0.191974	0.171687	0.139844	0.101929	0.051852	-0.0155771	-0.0822539	-0.136199	-0.164826	
0.181215	0.306332	0.358478	0.344929	0.273513	0.159982	0.0290359	-0.0909533	-0.171426	-0.187657	-0.150833	-0.0920451	-0.0282572	0.0283926	0.0710869	0.106168	0.129111	0.139844	0.142292	0.134903	0.10655	0.0532487	-0.00509247	-0.0600109	-0.103958	
0.0988123	0.231128	0.292817	0.290994	0.240497	0.155058	0.0470056	-0.0623236	-0.1395	-0.161564	-0.14543	-0.114775	-0.0808647	-0.049397	-0.0203522	0.0167663	0.0579237	0.101929	0.134903	0.145583	0.135701	0.108323	0.0729274	0.0283554	-0.0217969	
0.0302812	0.173091	0.245438	0.255826	0.226941	0.162069	0.0756861	-0.0165251	-0.0898727	-0.127454	-0.136613	-0.134392	-0.126018	-0.115066	-0.0978338	-0.0627712	-0.0116074	0.051852	0.10655	0.135701	0.144966	0.148473	0.138665	0.11378	0.0705556	
-0.0243939	0.130959	0.220158	0.251726	0.236983	0.18754	0.116471	0.0397278	-0.0294134	-0.0795707	-0.114464	-0.134637	-0.148403	-0.154339	-0.14855	-0.124928	-0.0823102	-0.0155771	0.0532487	0.108323	0.148473	0.177769	0.197129	0.193287	0.15732	
-0.0687355	0.0945497	0.199231	0.247043	0.251825	0.223043	0.17035	0.108151	0.0465056	-0.0108295	-0.0615826	-0.106086	-0.142398	-0.166167	-0.175484	-0.168678	-0.139185	-0.0822539	-0.00509247	0.0729274	0.138665	0.197129	0.242729	0.256165	0.216935	
-0.106284	0.0582951	0.170131	0.233903	0.258577	0.253109	0.227137	0.18466	0.135499	0.0808117	0.0175499	-0.0500692	-0.112155	-0.157411	-0.18393	-0.19556	-0.18242	-0.136199	-0.0600109	0.0283554	0.11378	0.193287	0.256165	0.276542	0.241238	
-0.123283	0.0368913	0.152758	0.224972	0.263588	0.286471	0.287017	0.269755	0.240006	0.189011	0.115659	0.0277121	-0.0571503	-0.119557	-0.15672	-0.18523	-0.191981	-0.164826	-0.103958	-0.0217969	0.0705556	0.15732	0.216935	0.241238	0.224319	
-0.125537	0.029439	0.144448	0.225815	0.285129	0.331388	0.360415	0.366251	0.349388	0.303187	0.228464	0.129374	0.0250789	-0.056242	-0.109495	-0.153828	-0.180748	-0.178433	-0.14166	-0.0740697	0.0151651	0.0967937	0.149863	0.176141	0.171498	
-0.117612	0.0205081	0.13303	0.228516	0.314127	0.390988	0.449863	0.474709	0.463159	0.415921	0.338974	0.231977	0.111615	0.00444696	-0.070015	-0.12962	-0.17334	-0.195324	-0.179396	-0.126539	-0.050411	0.0290119	0.084648	0.114682	0.108924	
-0.0956407	0.0290084	0.136964	0.243717	0.349508	0.452013	0.534261	0.576755	0.573734	0.528768	0.444804	0.330072	0.19293	0.0606858	-0.0415032	-0.120235	-0.183821	-0.218908	-0.213268	-0.1706	-0.105244	-0.0329395	0.0272139	0.0565736	0.0469857	
-0.0569733	0.0622917	0.166524	0.275013	0.390258	0.501505	0.600457	0.659968	0.667521	0.626717	0.538385	0.411709	0.262509	0.111095	-0.0161301	-0.114874	-0.188254	-0.230663	-0.232822	-0.203298	-0.152373	-0.0849589	-0.0302355	-0.00138837	-0.00662179	
-0.0151176	0.0970486	0.193749	0.300744	0.420033	0.537254	0.643374	0.709987	0.723412	0.686793	0.595544	0.461801	0.302022	0.136819	-0.00674548	-0.11613	-0.188571	-0.226326	-0.239603	-0.226992	-0.184367	-0.121202	-0.0715785	-0.0419845	-0.0415132	
-0.00455701	0.104874	0.198405	0.306048	0.425137	0.545131	0.651815	0.718772	0.732081	0.697338	0.605283	0.470075	0.307855	0.140632	-0.0068324	-0.116674	-0.188322	-0.22393	-0.239419	-0.231853	-0.190396	-0.127768	-0.078749	-0.0504224	-0.0475502	
-0.0391825	0.0778296	0.179918	0.287063	0.404457	0.518089	0.620816	0.684581	0.69525	0.655924	0.567211	0.436617	0.282251	0.125124	-0.00981064	-0.114818	-0.188728	-0.229899	-0.236888	-0.214838	-0.168015	-0.101807	-0.0498111	-0.0205996	-0.0235023	
-0.0821065	0.0399137	0.146359	0.255161	0.365944	0.47335	0.563442	0.613287	0.614343	0.57124	0.484993	0.365319	0.223385	0.082093	-0.0300713	-0.11753	-0.187174	-0.226072	-0.22312	-0.184615	-0.124596	-0.0550267	0.00339648	0.032811	0.0238917	
-0.110384	0.0207438	0.131356	0.231889	0.326721	0.416748	0.484968	0.517138	0.508666	0.461104	0.381617	0.271971	0.14438	0.0271332	-0.0591018	-0.12461	-0.17629	-0.205046	-0.194072	-0.145395	-0.0737884	0.00320977	0.0613822	0.0914357	0.0841621	
-0.124305	0.0252808	0.140047	0.227016	0.296619	0.353515	0.394634	0.408667	0.394391	0.348577	0.273639	0.171693	0.0611605	-0.0306269	-0.0920769	-0.142631	-0.176152	-0.18365	-0.156709	-0.0958678	-0.0107026	0.0696403	0.122966	0.150728	0.146106	
-0.124815	0.0334418	0.149313	0.224841	0.270419	0.30273	0.314462	0.307244	0.283737	0.234593	0.15987	0.0659504	-0.0270026	-0.0957875	-0.1381	-0.173356	-0.188509	-0.170616	-0.119075	-0.0424405	0.0495076	0.135387	0.191104	0.216323	0.206027	
-0.116241	0.0469231	0.160817	0.228875	0.259244	0.26553	0.250048	0.21754	0.175872	0.122577	0.0543258	-0.0212963	-0.0937233	-0.145962	-0.1778	-0.196044	-0.191353	-0.150982	-0.078863	0.00840204	0.0991562	0.182837	0.246654	0.268134	0.24023	
-0.0848868	0.0794662	0.187719	0.242486	0.255817	0.235605	0.193192	0.138127	0.0804092	0.0230472	-0.0331136	-0.0869041	-0.132654	-0.165466	-0.181999	-0.182469	-0.158408	-0.105877	-0.0281549	0.0557898	0.130027	0.199255	0.25381	0.271064	0.231191	
-0.0425544	0.116385	0.212319	0.250968	0.243628	0.20194	0.137039	0.0655451	-0.000747224	-0.0543055	-0.0970636	-0.126449	-0.149013	-0.161774	-0.161623	-0.144261	-0.107062	-0.0430254	0.0298135	0.0949365	0.146853	0.187312	0.217873	0.221935	0.184485	
0.00756104	0.15488	0.23292	0.252242	0.228676	0.170337	0.090214	0.00504113	-0.0670929	-0.11047	-0.130456	-0.137943	-0.139044	-0.134439	-0.1217	-0.0894951	-0.0402088	0.0258025	0.0876076	0.12665	0.146884	0.160806	0.162461	0.146024	0.108218	
0.0698574	0.205735	0.270901	0.27275	0.232537	0.155847	0.0567086	-0.0461682	-0.121658	-0.149404	-0.142474	-0.122943	-0.100084	-0.0783127	-0.0539982	-0.0172197	0.0295669	0.0839467	0.126615	0.144313	0.14155	0.126224	0.100487	0.0637565	0.0139167	
0.147079	0.274768	0.330862	0.322958	0.258415	0.156873	0.0348182	-0.0812342	-0.160573	-0.177733	-0.148507	-0.101456	-0.049498	-0.00305885	0.0339598	0.0706897	0.101102	0.125508	0.141242	0.141579	0.120849	0.0774798	0.0271772	-0.0249215	-0.0726235	
0.233196	0.353422	0.399805	0.377605	0.296645	0.168092	0.022875	-0.103527	-0.184582	-0.200503	-0.154974	-0.079562	0.00188568	0.0732985	0.122308	0.155513	0.16833	0.159517	0.141453	0.11744	0.0763195	0.0128859	-0.0527181	-0.108614	-0.143874	
0.312998	0.422897	0.461916	0.425136	0.324114	0.175659	0.0114589	-0.120699	-0.198931	-0.215055	-0.166808	-0.0730182	0.0334163	0.123485	0.183804	0.216393	0.219007	0.186848	0.135134	0.0758624	0.0131161	-0.0580746	-0.120365	-0.167877	-0.185979	
0.371717	0.47026	0.501014	0.450161	0.325503	0.162643	-0.00655406	-0.135747	-0.20858	-0.226401	-0.185677	-0.0922288	0.0223561	0.12817	0.198058	0.232668	0.232913	0.190399	0.116873	0.032768	-0.0444748	-0.11069	-0.159358	-0.193936	-0.190941	
0.413699	0.495568	0.508343	0.441087	0.305706	0.137155	-0.0243017	-0.147381	-0.223573	-0.248535	-0.217012	-0.135269	-0.0223456	0.0923198	0.172115	0.211075	0.212039	0.167192	0.0861152	-0.00693267	-0.0858151	-0.141154	-0.17481	-0.190434	-0.169825	
0.427726	0.487948	0.480465	0.398974	0.261224	0.100271	-0.051445	-0.166644	-0.243477	-0.277155	-0.253762	-0.179138	-0.0783556	0.0296313	0.108275	0.152438	0.160846	0.122112	0.0466231	-0.0383235	-0.109547	-0.153443	-0.171465	-0.170358	-0.136373	
0.39499	0.443851	0.422405	0.332326	0.200576	0.0542691	-0.0873315	-0.196383	-0.268538	-0.304029	-0.289975	-0.232117	-0.148213	-0.0628395	0.00383425	0.0539559	0.0758574	0.0536547	-0.00374795	-0.0680774	-0.121907	-0.15203	-0.153811	-0.132827	-0.0856384	
0.326447	0.363756	0.343235	0.259682	0.145164	0.0201564	-0.107154	-0.21275	-0.282363	-0.317739	-0.317316	-0.286346	-0.22805	-0.162761	-0.112521	-0.0637605	-0.0326746	-0.0368158	-0.0666473	-0.10105	-0.131904	-0.140646	-0.121409	-0.0763448	-0.00766318	
0.245787	0.280603	0.272046	0.210412	0.117151	0.0131823	-0.096551	-0.193324	-0.26265	-0.30454	-0.320359	-0.316044	-0.28788	-0.245016	-0.205614	-0.166275	-0.139102	-0.127655	-0.128823	-0.134188	-0.136149	-0.123882	-0.0805114	-0.0091085	0.0812648	
