-0.0712629	-0.0644999	-0.0739688	-0.0813039	-0.0788999	-0.0787053	-0.0904863	-0.0942846	-0.0858428	-0.0928837	-0.108502	-0.114764	-0.111207	-0.104814	-0.114329	-0.131292	-0.120468	-0.069672	0.0199872	0.142235	0.268805	0.374	0.44561	0.461529	0.408469	
-0.0644999	-0.071861	-0.0857827	-0.0822385	-0.0770591	-0.0848188	-0.0935262	-0.09024	-0.0895716	-0.103462	-0.113938	-0.114176	-0.109797	-0.112141	-0.132493	-0.148314	-0.132491	-0.0859903	-0.0118472	0.0814565	0.173229	0.258051	0.334051	0.378046	0.37492	
-0.0739688	-0.0857827	-0.0842476	-0.0739182	-0.0800627	-0.0918371	-0.0960719	-0.0918394	-0.0953074	-0.109918	-0.116561	-0.113734	-0.112082	-0.124909	-0.150326	-0.159286	-0.139425	-0.100438	-0.0464083	0.0123163	0.067635	0.133434	0.214103	0.287928	0.340284	
-0.0813039	-0.0822385	-0.0739182	-0.0782104	-0.0928951	-0.0989705	-0.0941538	-0.0895184	-0.103579	-0.119425	-0.117136	-0.112222	-0.119293	-0.141971	-0.164923	-0.164029	-0.143106	-0.115701	-0.0872236	-0.0665387	-0.0452257	0.00481767	0.0906136	0.195739	0.307082	
-0.0788999	-0.0770591	-0.0800627	-0.0928951	-0.0995364	-0.093596	-0.0887026	-0.0994761	-0.11907	-0.120432	-0.112072	-0.116576	-0.134185	-0.15938	-0.173154	-0.163335	-0.146483	-0.136178	-0.138149	-0.154658	-0.160873	-0.122192	-0.0303316	0.107227	0.277959	
-0.0787053	-0.0848188	-0.0918371	-0.0989705	-0.093596	-0.0893554	-0.0989933	-0.115046	-0.121757	-0.114704	-0.11499	-0.129184	-0.151208	-0.17273	-0.174209	-0.159974	-0.154569	-0.167152	-0.201358	-0.249144	-0.273769	-0.241428	-0.141509	0.0289052	0.255444	
-0.0904863	-0.0935262	-0.0960719	-0.0941538	-0.0887026	-0.0989933	-0.112557	-0.121145	-0.119946	-0.114584	-0.123954	-0.145256	-0.168528	-0.179145	-0.168447	-0.159748	-0.173898	-0.212468	-0.276142	-0.345189	-0.377938	-0.346221	-0.234962	-0.0327358	0.241826	
-0.0942846	-0.09024	-0.0918394	-0.0895184	-0.0994761	-0.115046	-0.121145	-0.122756	-0.115108	-0.118072	-0.141872	-0.166072	-0.179298	-0.174462	-0.162527	-0.171626	-0.209051	-0.272957	-0.359179	-0.43663	-0.467144	-0.429623	-0.30291	-0.0720944	0.239255	
-0.0858428	-0.0895716	-0.0953074	-0.103579	-0.11907	-0.121757	-0.119946	-0.115108	-0.115291	-0.14019	-0.166613	-0.177253	-0.176797	-0.166648	-0.168205	-0.200922	-0.261233	-0.347162	-0.444455	-0.516135	-0.53532	-0.485037	-0.338827	-0.0850963	0.249964	
-0.0928837	-0.103462	-0.109918	-0.119425	-0.120432	-0.114704	-0.114584	-0.118072	-0.14019	-0.167417	-0.175639	-0.176124	-0.171134	-0.167265	-0.192096	-0.249474	-0.330305	-0.430011	-0.522796	-0.576529	-0.577295	-0.506745	-0.338364	-0.0695443	0.276371	
-0.108502	-0.113938	-0.116561	-0.117136	-0.112072	-0.11499	-0.123954	-0.141872	-0.166613	-0.175639	-0.175348	-0.173926	-0.168425	-0.184976	-0.239577	-0.317263	-0.411705	-0.511326	-0.584391	-0.612554	-0.58853	-0.490342	-0.300231	-0.0251506	0.320889	
-0.114764	-0.114176	-0.113734	-0.112222	-0.116576	-0.129184	-0.145256	-0.166072	-0.177253	-0.176124	-0.173926	-0.169253	-0.181106	-0.232575	-0.309369	-0.397748	-0.495808	-0.579129	-0.621896	-0.620311	-0.564448	-0.433989	-0.226719	0.0469374	0.38529	
-0.111207	-0.109797	-0.112082	-0.119293	-0.134185	-0.151208	-0.168528	-0.179298	-0.176797	-0.171134	-0.168425	-0.181106	-0.229982	-0.305754	-0.389937	-0.483175	-0.570719	-0.622468	-0.630711	-0.59563	-0.501453	-0.340048	-0.122918	0.144822	0.469391	
-0.104814	-0.112141	-0.124909	-0.141971	-0.15938	-0.17273	-0.179145	-0.174462	-0.166648	-0.167265	-0.184976	-0.232575	-0.305754	-0.387525	-0.47638	-0.563988	-0.621076	-0.634099	-0.607912	-0.533741	-0.399569	-0.215218	0.00536762	0.265721	0.569349	
-0.114329	-0.132493	-0.150326	-0.164923	-0.173154	-0.174209	-0.168447	-0.162527	-0.168205	-0.192096	-0.239577	-0.309369	-0.389937	-0.47638	-0.561463	-0.620005	-0.635466	-0.612845	-0.549289	-0.431509	-0.264698	-0.0680371	0.153318	0.404339	0.676781	
-0.131292	-0.148314	-0.159286	-0.164029	-0.163335	-0.159974	-0.159748	-0.171626	-0.200922	-0.249474	-0.317263	-0.397748	-0.483175	-0.563988	-0.620005	-0.635893	-0.61471	-0.556485	-0.448873	-0.292586	-0.107264	0.0949518	0.316139	0.550778	0.780206	
-0.120468	-0.132491	-0.139425	-0.143106	-0.146483	-0.154569	-0.173898	-0.209051	-0.261233	-0.330305	-0.411705	-0.495808	-0.570719	-0.621076	-0.635466	-0.61471	-0.558601	-0.456733	-0.307623	-0.128895	0.0639255	0.269986	0.485328	0.690782	0.868907	
-0.069672	-0.0859903	-0.100438	-0.115701	-0.136178	-0.167152	-0.212468	-0.272957	-0.347162	-0.430011	-0.511326	-0.579129	-0.622468	-0.634099	-0.612845	-0.556485	-0.456733	-0.312463	-0.138937	0.04797	0.24551	0.450944	0.646451	0.810158	0.936673	
0.0199872	-0.0118472	-0.0464083	-0.0872236	-0.138149	-0.201358	-0.276142	-0.359179	-0.444455	-0.522796	-0.584391	-0.621896	-0.630711	-0.607912	-0.549289	-0.448873	-0.307623	-0.138937	0.0429445	0.234491	0.433407	0.62395	0.783276	0.900623	0.9818	
0.142235	0.0814565	0.0123163	-0.0665387	-0.154658	-0.249144	-0.345189	-0.43663	-0.516135	-0.576529	-0.612554	-0.620311	-0.59563	-0.533741	-0.431509	-0.292586	-0.128895	0.04797	0.234491	0.427897	0.613973	0.77093	0.885895	0.961133	1.00283	
0.268805	0.173229	0.067635	-0.0452257	-0.160873	-0.273769	-0.377938	-0.467144	-0.53532	-0.577295	-0.58853	-0.564448	-0.501453	-0.399569	-0.264698	-0.107264	0.0639255	0.24551	0.433407	0.613973	0.767212	0.880316	0.953811	0.992533	0.994309	
0.374	0.258051	0.133434	0.00481767	-0.122192	-0.241428	-0.346221	-0.429623	-0.485037	-0.506745	-0.490342	-0.433989	-0.340048	-0.215218	-0.0680371	0.0949518	0.269986	0.450944	0.62395	0.77093	0.880316	0.951943	0.989655	0.991126	0.947807	
0.44561	0.334051	0.214103	0.0906136	-0.0303316	-0.141509	-0.234962	-0.30291	-0.338827	-0.338364	-0.300231	-0.226719	-0.122918	0.00536762	0.153318	0.316139	0.485328	0.646451	0.783276	0.885895	0.953811	0.989655	0.99075	0.948725	0.858251	
0.461529	0.378046	0.287928	0.195739	0.107227	0.0289052	-0.0327358	-0.0720944	-0.0850963	-0.0695443	-0.0251506	0.0469374	0.144822	0.265721	0.404339	0.550778	0.690782	0.810158	0.900623	0.961133	0.992533	0.991126	0.948725	0.860015	0.730422	
0.408469	0.37492	0.340284	0.307082	0.277959	0.255444	0.241826	0.239255	0.249964	0.276371	0.320889	0.38529	0.469391	0.569349	0.676781	0.780206	0.868907	0.936673	0.9818	1.00283	0.994309	0.947807	0.858251	0.730422	0.579959	
0.313191	0.341505	0.374348	0.411267	0.451244	0.493006	0.535541	0.578623	0.623062	0.670459	0.722426	0.779416	0.839638	0.898845	0.95159	0.99342	1.02225	1.03717	1.03528	1.00962	0.951352	0.855491	0.726227	0.577451	0.428093	
0.215966	0.301177	0.393951	0.492749	0.595464	0.699585	0.802357	0.900852	0.991939	1.07227	1.13837	1.18708	1.21627	1.22584	1.2181	1.19692	1.16516	1.12188	1.06147	0.976505	0.86294	0.724518	0.573097	0.424738	0.294059	
0.133493	0.26519	0.406207	0.55531	0.710563	0.868956	1.02601	1.17557	1.31	1.42102	1.50114	1.54538	1.55268	1.52618	1.47187	1.3959	1.30189	1.18996	1.05868	0.908672	0.745622	0.580365	0.426002	0.293755	0.189898	
0.0675239	0.240428	0.423775	0.615205	0.811435	1.00799	1.19903	1.37738	1.53492	1.6634	1.7555	1.80588	1.81184	1.77336	1.69246	1.57252	1.41813	1.23588	1.0353	0.829017	0.631286	0.455189	0.309791	0.19858	0.119757	
0.0255766	0.229699	0.444381	0.66492	0.885759	1.10085	1.30406	1.48959	1.65207	1.7864	1.88733	1.94901	1.96497	1.92897	1.83673	1.6885	1.49115	1.25886	1.01146	0.770583	0.555048	0.377211	0.241556	0.145665	0.0827106	
0.0182528	0.228441	0.449085	0.674947	0.899982	1.11784	1.32243	1.50832	1.67087	1.8058	1.90838	1.97269	1.99136	1.95664	1.86284	1.70951	1.50411	1.26248	1.00654	0.759622	0.541259	0.363498	0.229858	0.13681	0.0766546	
0.0475609	0.234834	0.432607	0.637648	0.845827	1.05204	1.25024	1.43355	1.59471	1.72654	1.82256	1.87739	1.88699	1.8488	1.76209	1.62866	1.45391	1.24777	1.02454	0.801199	0.59437	0.416986	0.27603	0.172166	0.101112	
0.104881	0.253632	0.412229	0.579224	0.75239	0.928295	1.10187	1.26621	1.41285	1.53271	1.61782	1.663	1.66715	1.63308	1.566	1.4712	1.3523	1.21139	1.05093	0.876389	0.697338	0.526104	0.374552	0.250838	0.157745	
0.180636	0.285542	0.398892	0.519187	0.64431	0.77152	0.89741	1.01782	1.12779	1.22166	1.29382	1.33985	1.35805	1.35029	1.32147	1.27728	1.22107	1.15162	1.06386	0.952705	0.817873	0.666523	0.511864	0.368665	0.248388	
0.272849	0.325132	0.383534	0.446894	0.513382	0.580844	0.647325	0.711598	0.773382	0.832977	0.890382	0.944418	0.992528	1.03157	1.05924	1.07508	1.07979	1.07275	1.04939	1.00143	0.921022	0.806532	0.665895	0.514863	0.371387	
0.373356	0.364014	0.355959	0.350555	0.348937	0.351962	0.360311	0.374852	0.39717	0.429856	0.475975	0.537581	0.613859	0.699952	0.787513	0.867227	0.932102	0.97895	1.00628	1.01025	0.98305	0.916655	0.809482	0.670619	0.518044	
0.448206	0.382501	0.311912	0.240397	0.172803	0.114465	0.0705753	0.0454009	0.0418045	0.0614329	0.105311	0.174114	0.267506	0.382571	0.512128	0.644397	0.765518	0.864468	0.936575	0.981693	0.998286	0.979854	0.918381	0.812272	0.671661	
0.459906	0.356848	0.245783	0.131465	0.0199798	-0.0815059	-0.165123	-0.223196	-0.249713	-0.241622	-0.199139	-0.1249	-0.0226069	0.103898	0.250269	0.409617	0.570188	0.716416	0.834867	0.920084	0.973384	0.995209	0.979801	0.918856	0.810967	
0.407685	0.290252	0.164495	0.035263	-0.0915699	-0.209526	-0.311771	-0.391003	-0.439866	-0.452292	-0.425151	-0.359263	-0.259136	-0.13151	0.0169085	0.181126	0.356104	0.531902	0.69233	0.821803	0.91393	0.971054	0.994862	0.979726	0.917187	
0.31443	0.207988	0.091939	-0.0298983	-0.152285	-0.268948	-0.373681	-0.460811	-0.524735	-0.559615	-0.559905	-0.521688	-0.444158	-0.330728	-0.189135	-0.0286306	0.144712	0.327622	0.512083	0.681197	0.817236	0.91308	0.972026	0.996504	0.980855	
0.193995	0.119123	0.0345931	-0.0591729	-0.160269	-0.264392	-0.365168	-0.455873	-0.530466	-0.583634	-0.610414	-0.60595	-0.565849	-0.486919	-0.369531	-0.221017	-0.0533153	0.125674	0.313862	0.504482	0.679429	0.819212	0.916934	0.977329	1.00359	
0.065927	0.0241345	-0.0229726	-0.0779908	-0.143237	-0.219802	-0.305351	-0.39406	-0.478204	-0.549638	-0.601153	-0.626921	-0.622638	-0.584864	-0.508851	-0.391292	-0.238553	-0.0653889	0.118401	0.311587	0.507619	0.686635	0.82847	0.928278	0.993391	
-0.0384508	-0.0593541	-0.0801553	-0.104435	-0.135595	-0.177855	-0.234644	-0.305745	-0.386887	-0.47006	-0.545033	-0.601562	-0.630818	-0.628343	-0.593092	-0.519928	-0.402095	-0.245381	-0.067271	0.121451	0.32042	0.522077	0.704752	0.849886	0.957458	
-0.105077	-0.117592	-0.12535	-0.132039	-0.141603	-0.157928	-0.186287	-0.230812	-0.292552	-0.36892	-0.45245	-0.532685	-0.596847	-0.631277	-0.630491	-0.596502	-0.524081	-0.403818	-0.242305	-0.0592566	0.135381	0.342189	0.55163	0.741555	0.898619	
-0.131388	-0.146738	-0.155192	-0.156912	-0.155743	-0.155926	-0.162946	-0.183528	-0.221683	-0.27903	-0.353061	-0.436372	-0.520759	-0.592118	-0.631097	-0.631217	-0.597117	-0.522475	-0.396689	-0.229066	-0.0400708	0.163654	0.383648	0.608345	0.817852	
-0.121687	-0.140449	-0.157705	-0.168754	-0.171748	-0.168672	-0.162998	-0.163033	-0.177586	-0.211764	-0.26865	-0.342974	-0.425947	-0.513277	-0.589738	-0.630939	-0.630905	-0.595165	-0.514581	-0.379652	-0.203603	-0.00448894	0.216894	0.462614	0.71924	
-0.106996	-0.118047	-0.133826	-0.152444	-0.167912	-0.176727	-0.176615	-0.168953	-0.164488	-0.172797	-0.203041	-0.261721	-0.338145	-0.421811	-0.512004	-0.590658	-0.630923	-0.629438	-0.589411	-0.497778	-0.348821	-0.158436	0.0623498	0.319348	0.61196	
-0.108238	-0.109908	-0.114995	-0.126321	-0.143318	-0.160845	-0.175542	-0.179539	-0.173449	-0.168053	-0.17057	-0.197441	-0.258666	-0.337428	-0.423696	-0.517178	-0.594523	-0.630788	-0.625653	-0.575832	-0.465101	-0.293129	-0.0742168	0.190503	0.507735	
-0.113521	-0.112532	-0.112517	-0.113933	-0.122414	-0.136607	-0.154758	-0.172943	-0.178304	-0.17539	-0.171348	-0.170055	-0.196437	-0.259984	-0.340576	-0.431664	-0.527652	-0.599651	-0.628929	-0.61479	-0.544108	-0.400454	-0.188378	0.0830364	0.416549	
-0.112747	-0.115054	-0.115533	-0.11398	-0.112749	-0.119622	-0.131479	-0.152438	-0.17208	-0.175982	-0.175673	-0.171991	-0.170238	-0.200332	-0.265501	-0.348432	-0.445621	-0.540492	-0.602358	-0.619337	-0.583529	-0.472479	-0.274662	0.00044584	0.344077	
