0.0701428	0.0197363	-0.0132746	-0.0374955	-0.0590998	-0.0929094	-0.149312	-0.244684	-0.371048	-0.519623	-0.679584	-0.818251	-0.917423	-0.962261	-0.944516	-0.872131	-0.754418	-0.604487	-0.453407	-0.329178	-0.248266	-0.207814	-0.190784	-0.201202	-0.248642	
0.0197363	-0.0313111	-0.0656024	-0.0927894	-0.115196	-0.142403	-0.190462	-0.269963	-0.382801	-0.515545	-0.649854	-0.77357	-0.869775	-0.918224	-0.905386	-0.837084	-0.73197	-0.604689	-0.468	-0.354232	-0.272306	-0.216585	-0.184244	-0.183643	-0.219521	
-0.0132746	-0.0656024	-0.103815	-0.134455	-0.160896	-0.188323	-0.229936	-0.297096	-0.385478	-0.47913	-0.573088	-0.66825	-0.747209	-0.784533	-0.765891	-0.699477	-0.607945	-0.499834	-0.384221	-0.28571	-0.210676	-0.15264	-0.110936	-0.104987	-0.133715	
-0.0374955	-0.0927894	-0.134455	-0.168541	-0.195145	-0.222899	-0.260657	-0.306949	-0.359996	-0.412442	-0.46386	-0.516377	-0.559296	-0.573375	-0.541514	-0.477754	-0.395168	-0.305873	-0.213793	-0.131898	-0.0666353	-0.0158843	0.0247043	0.0315198	-0.000851019	
-0.0590998	-0.115196	-0.160896	-0.195145	-0.219662	-0.243653	-0.2593	-0.274359	-0.291491	-0.304455	-0.310809	-0.317532	-0.321853	-0.306846	-0.262584	-0.19575	-0.123423	-0.0554217	0.014017	0.0832729	0.138844	0.177021	0.206729	0.203191	0.152355	
-0.0929094	-0.142403	-0.188323	-0.222899	-0.243653	-0.245426	-0.223455	-0.198276	-0.171634	-0.136619	-0.0993231	-0.0710299	-0.0483578	-0.0161417	0.0367736	0.100477	0.161104	0.212505	0.26526	0.323526	0.36856	0.39487	0.405005	0.380712	0.305588	
-0.149312	-0.190462	-0.229936	-0.260657	-0.2593	-0.223455	-0.161481	-0.0909238	-0.0126274	0.0699565	0.143044	0.195292	0.231453	0.268275	0.31269	0.36279	0.412243	0.456345	0.500357	0.551445	0.589147	0.601757	0.58799	0.53833	0.438091	
-0.244684	-0.269963	-0.297096	-0.306949	-0.274359	-0.198276	-0.0909238	0.0334051	0.164386	0.288586	0.388827	0.458045	0.497627	0.524162	0.547681	0.579005	0.616112	0.655191	0.699184	0.7442	0.771113	0.769444	0.729207	0.651903	0.535584	
-0.371048	-0.382801	-0.385478	-0.359996	-0.291491	-0.171634	-0.0126274	0.164386	0.334728	0.483334	0.598884	0.677495	0.716292	0.731529	0.736161	0.745214	0.763978	0.798553	0.841853	0.880111	0.896909	0.881115	0.820901	0.717841	0.583268	
-0.519623	-0.515545	-0.47913	-0.412442	-0.304455	-0.136619	0.0699565	0.288586	0.483334	0.639941	0.75619	0.829465	0.866753	0.876549	0.868453	0.859862	0.864695	0.892083	0.929655	0.957967	0.965287	0.937575	0.859305	0.734867	0.574035	
-0.679584	-0.649854	-0.573088	-0.46386	-0.310809	-0.0993231	0.143044	0.388827	0.598884	0.75619	0.864073	0.925324	0.955448	0.958274	0.938853	0.921507	0.918664	0.934629	0.964264	0.985779	0.985589	0.944258	0.851601	0.70513	0.518614	
-0.818251	-0.77357	-0.66825	-0.516377	-0.317532	-0.0710299	0.195292	0.458045	0.677495	0.829465	0.925324	0.969522	0.980591	0.972199	0.949855	0.932583	0.92709	0.934662	0.953708	0.967843	0.954406	0.899375	0.79662	0.638901	0.435194	
-0.917423	-0.869775	-0.747209	-0.559296	-0.321853	-0.0483578	0.231453	0.497627	0.716292	0.866753	0.955448	0.980591	0.968402	0.941623	0.91402	0.891877	0.881245	0.886127	0.899314	0.904207	0.880478	0.813978	0.703034	0.54153	0.331347	
-0.962261	-0.918224	-0.784533	-0.573375	-0.306846	-0.0161417	0.268275	0.524162	0.731529	0.876549	0.958274	0.972199	0.941623	0.905263	0.867154	0.829049	0.804315	0.793472	0.792973	0.788609	0.758611	0.69102	0.582283	0.426285	0.225403	
-0.944516	-0.905386	-0.765891	-0.541514	-0.262584	0.0367736	0.31269	0.547681	0.736161	0.868453	0.938853	0.949855	0.91402	0.867154	0.812789	0.752907	0.697799	0.662273	0.643706	0.630644	0.601369	0.542788	0.446808	0.304488	0.11737	
-0.872131	-0.837084	-0.699477	-0.477754	-0.19575	0.100477	0.36279	0.579005	0.745214	0.859862	0.921507	0.932583	0.891877	0.829049	0.752907	0.66332	0.579911	0.519724	0.482957	0.459369	0.428735	0.377214	0.296923	0.169618	-0.00765315	
-0.754418	-0.73197	-0.607945	-0.395168	-0.123423	0.161104	0.412243	0.616112	0.763978	0.864695	0.918664	0.92709	0.881245	0.804315	0.697799	0.579911	0.470611	0.384593	0.328546	0.290023	0.248954	0.195812	0.124619	0.00946437	-0.142844	
-0.604487	-0.604689	-0.499834	-0.305873	-0.0554217	0.212505	0.456345	0.655191	0.798553	0.892083	0.934629	0.934662	0.886127	0.793472	0.662273	0.519724	0.384593	0.27551	0.198021	0.139917	0.0806184	0.0103255	-0.0695016	-0.173567	-0.297936	
-0.453407	-0.468	-0.384221	-0.213793	0.014017	0.26526	0.500357	0.699184	0.841853	0.929655	0.964264	0.953708	0.899314	0.792973	0.643706	0.482957	0.328546	0.198021	0.0977051	0.0130113	-0.0718158	-0.16389	-0.258455	-0.360333	-0.460283	
-0.329178	-0.354232	-0.28571	-0.131898	0.0832729	0.323526	0.551445	0.7442	0.880111	0.957967	0.985779	0.967843	0.904207	0.788609	0.630644	0.459369	0.290023	0.139917	0.0130113	-0.101892	-0.20821	-0.312867	-0.418092	-0.519675	-0.596016	
-0.248266	-0.272306	-0.210676	-0.0666353	0.138844	0.36856	0.589147	0.771113	0.896909	0.965287	0.985589	0.954406	0.880478	0.758611	0.601369	0.428735	0.248954	0.0806184	-0.0718158	-0.20821	-0.327704	-0.438029	-0.548261	-0.636328	-0.684046	
-0.207814	-0.216585	-0.15264	-0.0158843	0.177021	0.39487	0.601757	0.769444	0.881115	0.937575	0.944258	0.899375	0.813978	0.69102	0.542788	0.377214	0.195812	0.0103255	-0.16389	-0.312867	-0.438029	-0.552357	-0.651006	-0.715119	-0.729583	
-0.190784	-0.184244	-0.110936	0.0247043	0.206729	0.405005	0.58799	0.729207	0.820901	0.859305	0.851601	0.79662	0.703034	0.582283	0.446808	0.296923	0.124619	-0.0695016	-0.258455	-0.418092	-0.548261	-0.651006	-0.726504	-0.758596	-0.740785	
-0.201202	-0.183643	-0.104987	0.0315198	0.203191	0.380712	0.53833	0.651903	0.717841	0.734867	0.70513	0.638901	0.54153	0.426285	0.304488	0.169618	0.00946437	-0.173567	-0.360333	-0.519675	-0.636328	-0.715119	-0.758596	-0.757778	-0.70875	
-0.248642	-0.219521	-0.133715	-0.000851019	0.152355	0.305588	0.438091	0.535584	0.583268	0.574035	0.518614	0.435194	0.331347	0.225403	0.11737	-0.00765315	-0.142844	-0.297936	-0.460283	-0.596016	-0.684046	-0.729583	-0.740785	-0.70875	-0.627507	
-0.320592	-0.28588	-0.20171	-0.0794559	0.0540843	0.184384	0.302466	0.386595	0.419167	0.391591	0.312556	0.212387	0.103352	0.00154033	-0.0980703	-0.201015	-0.304783	-0.420099	-0.541736	-0.639496	-0.687981	-0.69557	-0.673042	-0.613368	-0.505974	
-0.393329	-0.35846	-0.285322	-0.182664	-0.0683355	0.0455013	0.148643	0.218659	0.23719	0.195037	0.102628	-0.00793117	-0.118936	-0.219377	-0.302669	-0.375434	-0.441917	-0.518252	-0.595946	-0.651176	-0.665212	-0.635778	-0.574588	-0.480607	-0.350995	
-0.465733	-0.429529	-0.367138	-0.281753	-0.184179	-0.0836045	0.00615811	0.0637878	0.0677699	0.0114066	-0.0902552	-0.205176	-0.312816	-0.401648	-0.465309	-0.509986	-0.547731	-0.589564	-0.621745	-0.632385	-0.615108	-0.559309	-0.462379	-0.336424	-0.18233	
-0.538003	-0.500895	-0.443683	-0.367304	-0.275956	-0.183398	-0.100648	-0.0574217	-0.0670081	-0.13262	-0.239201	-0.356974	-0.455382	-0.533104	-0.581865	-0.606913	-0.625154	-0.638938	-0.632421	-0.604677	-0.555833	-0.470275	-0.352269	-0.201473	-0.024905	
-0.593015	-0.562508	-0.50994	-0.433174	-0.335603	-0.239529	-0.160432	-0.128143	-0.151076	-0.223496	-0.32932	-0.4469	-0.541252	-0.613336	-0.656257	-0.671292	-0.673157	-0.668078	-0.643908	-0.591953	-0.512266	-0.400034	-0.266352	-0.10463	0.0826446	
-0.603476	-0.574993	-0.523417	-0.445028	-0.346924	-0.247989	-0.170377	-0.140754	-0.166681	-0.240546	-0.34647	-0.463204	-0.557295	-0.628817	-0.670794	-0.683873	-0.68167	-0.673034	-0.646659	-0.591042	-0.50431	-0.386279	-0.249025	-0.0868661	0.103321	
-0.563868	-0.528651	-0.473229	-0.397654	-0.30452	-0.212044	-0.130639	-0.0925647	-0.107748	-0.176338	-0.282193	-0.40077	-0.497005	-0.571359	-0.617408	-0.637663	-0.64818	-0.652857	-0.637058	-0.597375	-0.535213	-0.437442	-0.312831	-0.15573	0.0263486	
-0.494947	-0.458141	-0.3976	-0.317519	-0.224118	-0.12796	-0.0415479	0.0107493	0.0088999	-0.0517081	-0.156225	-0.272804	-0.376332	-0.460179	-0.516501	-0.552425	-0.582532	-0.611848	-0.626436	-0.620635	-0.591052	-0.524399	-0.417734	-0.279661	-0.116241	
-0.421733	-0.386945	-0.318977	-0.223135	-0.11663	-0.0084327	0.0883402	0.15359	0.16679	0.117736	0.0217874	-0.0906876	-0.201713	-0.298392	-0.373787	-0.434507	-0.487749	-0.549979	-0.609193	-0.646186	-0.648407	-0.6075	-0.530403	-0.423233	-0.283689	
-0.350184	-0.315391	-0.235071	-0.120267	0.00636458	0.12934	0.241654	0.320069	0.346741	0.31361	0.228417	0.123219	0.0133798	-0.0889974	-0.183562	-0.274395	-0.363517	-0.462875	-0.567169	-0.648289	-0.68147	-0.673535	-0.635819	-0.563089	-0.447674	
-0.275438	-0.243764	-0.15663	-0.0269073	0.118029	0.261578	0.387082	0.479083	0.52061	0.503284	0.437466	0.346238	0.240109	0.137074	0.0328013	-0.0852136	-0.208639	-0.348577	-0.495886	-0.617211	-0.690095	-0.72096	-0.719407	-0.675484	-0.583093	
-0.216036	-0.19356	-0.112831	0.0232769	0.188527	0.357208	0.504156	0.610079	0.667464	0.674126	0.634562	0.561757	0.461611	0.350771	0.235148	0.103559	-0.0485571	-0.222031	-0.401253	-0.553907	-0.660325	-0.727522	-0.757738	-0.744226	-0.681432	
-0.190324	-0.179123	-0.10316	0.0325142	0.210707	0.40082	0.573463	0.702488	0.783548	0.814624	0.799275	0.740349	0.645231	0.525478	0.395372	0.252734	0.0845228	-0.1076	-0.298162	-0.460431	-0.588011	-0.681572	-0.745313	-0.764261	-0.733935	
-0.198764	-0.200987	-0.133309	0.00203123	0.190607	0.401518	0.599656	0.758302	0.863059	0.91267	0.91346	0.864415	0.775054	0.652902	0.509212	0.349569	0.17108	-0.0194758	-0.201224	-0.354929	-0.482456	-0.594486	-0.684838	-0.736727	-0.738962	
-0.228404	-0.246933	-0.185923	-0.0447503	0.154953	0.381108	0.597238	0.774079	0.895048	0.959549	0.974502	0.937216	0.859146	0.736208	0.581738	0.410566	0.228808	0.0528768	-0.108164	-0.249767	-0.372308	-0.4849	-0.592671	-0.671902	-0.705503	
-0.290715	-0.318009	-0.253113	-0.104316	0.107955	0.343814	0.569872	0.758627	0.890104	0.963887	0.989631	0.966958	0.899173	0.781288	0.621927	0.449321	0.275108	0.117743	-0.0200454	-0.144806	-0.257645	-0.365088	-0.473962	-0.571533	-0.637717	
-0.399231	-0.418197	-0.341426	-0.178727	0.0424384	0.289183	0.520404	0.717445	0.858576	0.942625	0.974647	0.961523	0.903745	0.792486	0.638608	0.472508	0.312224	0.17385	0.0629877	-0.0347464	-0.128822	-0.226484	-0.326285	-0.428991	-0.519574	
-0.54266	-0.549457	-0.453971	-0.269236	-0.0281242	0.23262	0.473309	0.671903	0.815508	0.90717	0.946259	0.941165	0.890934	0.792764	0.653045	0.502183	0.358826	0.240921	0.154492	0.0870634	0.017713	-0.0614653	-0.147164	-0.249687	-0.363616	
-0.696503	-0.68335	-0.565418	-0.360088	-0.0956862	0.182813	0.430487	0.631298	0.775709	0.87301	0.922852	0.928057	0.881354	0.798133	0.681014	0.552855	0.432594	0.336879	0.272859	0.227153	0.179912	0.121045	0.0478401	-0.0614078	-0.202303	
-0.829972	-0.798564	-0.666069	-0.446015	-0.16691	0.125517	0.38309	0.593497	0.751175	0.859568	0.918688	0.929803	0.886324	0.817212	0.72939	0.628032	0.534192	0.463701	0.419104	0.39056	0.357132	0.306054	0.231429	0.108831	-0.0601169	
-0.921514	-0.883755	-0.74351	-0.519011	-0.236948	0.0621176	0.332074	0.559387	0.738553	0.863437	0.930473	0.940861	0.903957	0.85071	0.789043	0.718111	0.651124	0.605316	0.57943	0.562284	0.533437	0.478612	0.38888	0.253051	0.0688814	
-0.962785	-0.920941	-0.783649	-0.566008	-0.293266	0.0026739	0.285129	0.533213	0.733871	0.875181	0.951821	0.964315	0.93004	0.890603	0.846456	0.800741	0.764314	0.744643	0.737039	0.72926	0.699046	0.633976	0.529451	0.378173	0.183652	
-0.943345	-0.895776	-0.768487	-0.569727	-0.31886	-0.0375488	0.245493	0.509322	0.724188	0.873132	0.960305	0.979537	0.95869	0.927154	0.895864	0.867838	0.853429	0.854276	0.86336	0.864477	0.837623	0.768561	0.656976	0.497202	0.288634	
-0.863207	-0.816875	-0.703312	-0.535389	-0.320508	-0.0621308	0.21113	0.476773	0.697074	0.848479	0.940094	0.976629	0.978341	0.962443	0.938779	0.92137	0.914139	0.920923	0.937635	0.947892	0.929252	0.86947	0.76314	0.603423	0.395836	
-0.739265	-0.701272	-0.61168	-0.48541	-0.312966	-0.086566	0.166352	0.420188	0.635518	0.790722	0.893977	0.949418	0.972055	0.972	0.950206	0.93273	0.928453	0.940093	0.96506	0.98444	0.979166	0.931633	0.83514	0.682466	0.487521	
