0.928041	0.866582	0.796338	0.702682	0.589285	0.46204	0.317426	0.157426	-0.00227019	-0.143131	-0.262207	-0.352832	-0.407051	-0.42716	-0.421807	-0.406159	-0.370423	-0.322522	-0.269421	-0.217517	-0.182415	-0.16504	-0.168829	-0.186479	-0.205889	
0.866582	0.844607	0.805294	0.74648	0.67166	0.572225	0.445125	0.287157	0.114713	-0.0449811	-0.178606	-0.281432	-0.348833	-0.388423	-0.411495	-0.421915	-0.40719	-0.365543	-0.303696	-0.243242	-0.204167	-0.183784	-0.185215	-0.196633	-0.20914	
0.796338	0.805294	0.79651	0.776514	0.74249	0.67737	0.571564	0.423206	0.24661	0.0745833	-0.0781271	-0.193885	-0.276774	-0.343269	-0.3949	-0.428257	-0.428915	-0.395625	-0.336748	-0.279255	-0.238221	-0.21156	-0.203497	-0.204024	-0.207056	
0.702682	0.74648	0.776514	0.801189	0.80754	0.774017	0.689681	0.553592	0.383142	0.20517	0.0404941	-0.0858586	-0.189395	-0.289492	-0.37129	-0.426527	-0.44357	-0.425136	-0.38405	-0.335615	-0.289238	-0.251143	-0.222783	-0.207237	-0.198159	
0.589285	0.67166	0.74249	0.80754	0.850357	0.853315	0.798891	0.686122	0.531908	0.355545	0.187012	0.0430792	-0.0896264	-0.221765	-0.332781	-0.405324	-0.438691	-0.445926	-0.43109	-0.397259	-0.351758	-0.302209	-0.253378	-0.220638	-0.194942	
0.46204	0.572225	0.67737	0.774017	0.853315	0.89675	0.884119	0.802097	0.673535	0.516307	0.346111	0.185719	0.0263472	-0.131846	-0.263795	-0.350694	-0.405436	-0.44104	-0.451186	-0.438075	-0.398042	-0.34537	-0.285123	-0.23585	-0.200694	
0.317426	0.445125	0.571564	0.689681	0.798891	0.884119	0.909358	0.869162	0.78269	0.657179	0.502786	0.338976	0.166913	-0.00500385	-0.150092	-0.259862	-0.339009	-0.400711	-0.435227	-0.440423	-0.415808	-0.368813	-0.306297	-0.248855	-0.213527	
0.157426	0.287157	0.423206	0.553592	0.686122	0.802097	0.869162	0.880939	0.845267	0.765071	0.644518	0.495563	0.330552	0.158867	0.000157293	-0.132775	-0.239233	-0.324855	-0.38384	-0.413712	-0.417074	-0.388416	-0.33399	-0.280362	-0.246587	
-0.00227019	0.114713	0.24661	0.383142	0.531908	0.673535	0.78269	0.845267	0.85824	0.829081	0.754183	0.63896	0.495247	0.32971	0.159748	0.00705802	-0.125204	-0.232455	-0.313598	-0.373605	-0.406126	-0.401897	-0.365409	-0.320976	-0.292549	
-0.143131	-0.0449811	0.0745833	0.20517	0.355545	0.516307	0.657179	0.765071	0.829081	0.857089	0.837029	0.766896	0.645499	0.483875	0.309963	0.140051	-0.0115488	-0.136049	-0.237637	-0.320288	-0.377867	-0.3991	-0.38561	-0.359299	-0.338207	
-0.262207	-0.178606	-0.0781271	0.0404941	0.187012	0.346111	0.502786	0.644518	0.754183	0.837029	0.878757	0.853519	0.761805	0.620721	0.455757	0.285903	0.121272	-0.0208223	-0.142115	-0.245748	-0.329336	-0.379475	-0.395272	-0.393691	-0.38002	
-0.352832	-0.281432	-0.193885	-0.0858586	0.0430792	0.185719	0.338976	0.495563	0.63896	0.766896	0.853519	0.87568	0.825856	0.724004	0.592359	0.44007	0.271201	0.117228	-0.0194505	-0.145791	-0.252818	-0.336807	-0.384113	-0.408198	-0.406582	
-0.407051	-0.348833	-0.276774	-0.189395	-0.0896264	0.0263472	0.166913	0.330552	0.495247	0.645499	0.761805	0.825856	0.826507	0.781412	0.701509	0.581187	0.428436	0.27385	0.128715	-0.014126	-0.147903	-0.261954	-0.340745	-0.38996	-0.405923	
-0.42716	-0.388423	-0.343269	-0.289492	-0.221765	-0.131846	-0.00500385	0.158867	0.32971	0.483875	0.620721	0.724004	0.781412	0.799699	0.775981	0.699312	0.573867	0.430645	0.283065	0.12756	-0.0261264	-0.162019	-0.263709	-0.33393	-0.372267	
-0.421807	-0.411495	-0.3949	-0.37129	-0.332781	-0.263795	-0.150092	0.000157293	0.159748	0.309963	0.455757	0.592359	0.701509	0.775981	0.805341	0.777222	0.686809	0.562662	0.418916	0.25811	0.0962259	-0.049133	-0.162411	-0.249763	-0.309239	
-0.406159	-0.421915	-0.428257	-0.426527	-0.405324	-0.350694	-0.259862	-0.132775	0.00705802	0.140051	0.285903	0.44007	0.581187	0.699312	0.777222	0.795355	0.751163	0.655694	0.528429	0.379193	0.222309	0.0798306	-0.04419	-0.144327	-0.227411	
-0.370423	-0.40719	-0.428915	-0.44357	-0.438691	-0.405436	-0.339009	-0.239233	-0.125204	-0.0115488	0.121272	0.271201	0.428436	0.573867	0.686809	0.751163	0.751835	0.699679	0.607962	0.491451	0.35944	0.228203	0.0994907	-0.0164787	-0.120258	
-0.322522	-0.365543	-0.395625	-0.425136	-0.445926	-0.44104	-0.400711	-0.324855	-0.232455	-0.136049	-0.0208223	0.117228	0.27385	0.430645	0.562662	0.655694	0.699679	0.696629	0.654768	0.587062	0.490446	0.375141	0.244803	0.116109	-0.00494774	
-0.269421	-0.303696	-0.336748	-0.38405	-0.43109	-0.451186	-0.435227	-0.38384	-0.313598	-0.237637	-0.142115	-0.0194505	0.128715	0.283065	0.418916	0.528429	0.607962	0.654768	0.669262	0.651956	0.596033	0.501892	0.374393	0.244373	0.111288	
-0.217517	-0.243242	-0.279255	-0.335615	-0.397259	-0.438075	-0.440423	-0.413712	-0.373605	-0.320288	-0.245748	-0.145791	-0.014126	0.12756	0.25811	0.379193	0.491451	0.587062	0.651956	0.684391	0.666394	0.596721	0.485414	0.357595	0.223479	
-0.182415	-0.204167	-0.238221	-0.289238	-0.351758	-0.398042	-0.415808	-0.417074	-0.406126	-0.377867	-0.329336	-0.252818	-0.147903	-0.0261264	0.0962259	0.222309	0.35944	0.490446	0.596033	0.666394	0.688774	0.650801	0.565217	0.454613	0.32329	
-0.16504	-0.183784	-0.21156	-0.251143	-0.302209	-0.34537	-0.368813	-0.388416	-0.401897	-0.3991	-0.379475	-0.336807	-0.261954	-0.162019	-0.049133	0.0798306	0.228203	0.375141	0.501892	0.596721	0.650801	0.64903	0.596639	0.512795	0.399735	
-0.168829	-0.185215	-0.203497	-0.222783	-0.253378	-0.285123	-0.306297	-0.33399	-0.365409	-0.38561	-0.395272	-0.384113	-0.340745	-0.263709	-0.162411	-0.04419	0.0994907	0.244803	0.374393	0.485414	0.565217	0.596639	0.583998	0.532252	0.450039	
-0.186479	-0.196633	-0.204024	-0.207237	-0.220638	-0.23585	-0.248855	-0.280362	-0.320976	-0.359299	-0.393691	-0.408198	-0.38996	-0.33393	-0.249763	-0.144327	-0.0164787	0.116109	0.244373	0.357595	0.454613	0.512795	0.532252	0.519808	0.476736	
-0.205889	-0.20914	-0.207056	-0.198159	-0.194942	-0.200694	-0.213527	-0.246587	-0.292549	-0.338207	-0.38002	-0.406582	-0.405923	-0.372267	-0.309239	-0.227411	-0.120258	-0.00494774	0.111288	0.223479	0.32329	0.399735	0.450039	0.476736	0.485265	
-0.217131	-0.218778	-0.209525	-0.189234	-0.175299	-0.177417	-0.196365	-0.234302	-0.277644	-0.315576	-0.349367	-0.373188	-0.384311	-0.375482	-0.342946	-0.291457	-0.21603	-0.126292	-0.0287401	0.0712785	0.170507	0.260859	0.343829	0.416681	0.482463	
-0.221359	-0.227724	-0.218246	-0.197408	-0.179839	-0.180085	-0.201331	-0.23333	-0.258787	-0.276107	-0.291248	-0.310103	-0.331811	-0.349365	-0.351942	-0.332564	-0.294114	-0.238538	-0.166672	-0.0860071	0.00693116	0.112736	0.226997	0.34792	0.472234	
-0.217283	-0.238447	-0.238775	-0.222434	-0.20058	-0.196371	-0.215116	-0.232228	-0.237353	-0.232531	-0.230061	-0.240165	-0.269137	-0.307924	-0.337248	-0.35374	-0.354277	-0.336307	-0.297725	-0.23214	-0.140761	-0.0162843	0.134441	0.296895	0.4694	
-0.204489	-0.236428	-0.250397	-0.246701	-0.229972	-0.22197	-0.231565	-0.234405	-0.221366	-0.203218	-0.191783	-0.200015	-0.229849	-0.275428	-0.320986	-0.353712	-0.385952	-0.401559	-0.388915	-0.342018	-0.250756	-0.110552	0.0655242	0.259956	0.465259	
-0.188675	-0.226655	-0.249736	-0.256263	-0.24273	-0.232371	-0.239508	-0.235748	-0.21732	-0.197221	-0.184936	-0.190294	-0.217365	-0.261582	-0.307927	-0.350515	-0.399588	-0.436182	-0.443008	-0.404905	-0.314198	-0.163085	0.0296139	0.241262	0.464887	
-0.184274	-0.223578	-0.249102	-0.256841	-0.243393	-0.233467	-0.240379	-0.235318	-0.217603	-0.1977	-0.185502	-0.190553	-0.216698	-0.259808	-0.305811	-0.349869	-0.401886	-0.442129	-0.452628	-0.415956	-0.324646	-0.172009	0.0244247	0.238783	0.465027	
-0.197727	-0.232383	-0.250668	-0.252514	-0.237925	-0.228721	-0.236118	-0.235398	-0.218069	-0.198499	-0.186	-0.193652	-0.22277	-0.267968	-0.31543	-0.351915	-0.392745	-0.418704	-0.414722	-0.37325	-0.282192	-0.136801	0.0466592	0.250113	0.464417	
-0.212897	-0.239934	-0.24525	-0.233057	-0.212647	-0.205983	-0.221796	-0.232815	-0.229772	-0.218373	-0.211326	-0.21938	-0.249725	-0.292822	-0.32984	-0.355667	-0.370071	-0.366916	-0.339962	-0.281762	-0.190189	-0.0584966	0.104186	0.280997	0.468463	
-0.2208	-0.232347	-0.226218	-0.20644	-0.186602	-0.186	-0.206395	-0.232725	-0.249759	-0.257789	-0.26445	-0.280576	-0.306114	-0.332896	-0.348542	-0.343128	-0.320608	-0.28014	-0.220901	-0.147411	-0.0553518	0.0572622	0.18592	0.324739	0.469625	
-0.219646	-0.222655	-0.211447	-0.189744	-0.173791	-0.174556	-0.195569	-0.233875	-0.271131	-0.302425	-0.329546	-0.350746	-0.366526	-0.36826	-0.349697	-0.310957	-0.249734	-0.172815	-0.0845196	0.00814144	0.10523	0.201699	0.296857	0.389389	0.479088	
-0.210912	-0.213168	-0.208272	-0.193785	-0.185712	-0.189328	-0.204334	-0.239256	-0.286046	-0.330277	-0.370359	-0.397157	-0.401759	-0.37768	-0.326041	-0.255896	-0.159873	-0.053873	0.0560072	0.164754	0.264761	0.346775	0.409857	0.454109	0.485018	
-0.194626	-0.201453	-0.205174	-0.204042	-0.209806	-0.220905	-0.231841	-0.264241	-0.307158	-0.350214	-0.389586	-0.410889	-0.400546	-0.35296	-0.276892	-0.179182	-0.0593219	0.0671646	0.191629	0.305178	0.404812	0.470932	0.502601	0.505596	0.481928	
-0.174894	-0.189249	-0.202741	-0.214653	-0.238871	-0.263166	-0.281611	-0.311334	-0.347046	-0.375087	-0.396335	-0.39613	-0.363786	-0.295717	-0.199975	-0.0870555	0.0514144	0.192163	0.321667	0.435368	0.523316	0.566806	0.567724	0.53122	0.463696	
-0.164303	-0.181832	-0.206905	-0.238736	-0.281479	-0.321878	-0.344896	-0.368142	-0.390168	-0.396506	-0.388516	-0.360012	-0.297792	-0.207171	-0.0985296	0.0279662	0.176169	0.324285	0.453376	0.556161	0.621054	0.632825	0.596407	0.524513	0.422642	
-0.173278	-0.193992	-0.225144	-0.272726	-0.331512	-0.377446	-0.399089	-0.410058	-0.409527	-0.39145	-0.354681	-0.290332	-0.1973	-0.0843942	0.0349173	0.16305	0.306399	0.44647	0.562689	0.644641	0.680919	0.65715	0.584392	0.483701	0.357816	
-0.201512	-0.225034	-0.261595	-0.316714	-0.380767	-0.424477	-0.434165	-0.418163	-0.390481	-0.346632	-0.281464	-0.19085	-0.0685956	0.0651755	0.192725	0.316282	0.440024	0.55143	0.634614	0.683751	0.681554	0.623736	0.521186	0.399102	0.26511	
-0.246801	-0.277678	-0.312115	-0.365103	-0.418811	-0.449136	-0.440678	-0.399049	-0.340783	-0.273364	-0.185975	-0.0716268	0.0711093	0.221726	0.355995	0.470901	0.563503	0.630765	0.666135	0.669717	0.629186	0.543594	0.422028	0.291607	0.157574	
-0.302164	-0.342499	-0.373539	-0.410672	-0.443369	-0.447888	-0.418454	-0.352104	-0.267361	-0.178949	-0.0716709	0.0611417	0.214859	0.37216	0.507563	0.607974	0.666978	0.683541	0.664895	0.616945	0.536677	0.429203	0.298166	0.168782	0.0412945	
-0.352244	-0.39367	-0.420123	-0.439593	-0.443909	-0.422349	-0.366151	-0.275998	-0.171512	-0.0648	0.0616935	0.206483	0.365223	0.517527	0.639847	0.718302	0.736708	0.703723	0.630879	0.53284	0.413954	0.288472	0.158743	0.0364246	-0.074528	
-0.393585	-0.419675	-0.432114	-0.437729	-0.422433	-0.375122	-0.294299	-0.178505	-0.0485043	0.0768708	0.21808	0.373392	0.521928	0.65336	0.747489	0.784627	0.758764	0.679115	0.563756	0.425186	0.276551	0.13766	0.0115868	-0.0950429	-0.186707	
-0.41784	-0.417808	-0.412128	-0.397791	-0.367052	-0.303985	-0.198544	-0.0566534	0.0963121	0.24076	0.388852	0.534485	0.6589	0.752458	0.801993	0.79251	0.719622	0.605332	0.466363	0.307084	0.145283	0.000110852	-0.118693	-0.210445	-0.279943	
-0.425825	-0.399008	-0.365592	-0.324555	-0.269734	-0.189258	-0.0666447	0.0930861	0.260515	0.414424	0.55592	0.673645	0.753355	0.795726	0.79341	0.736116	0.623542	0.487343	0.339963	0.181377	0.0229246	-0.11801	-0.224149	-0.302894	-0.348739	
-0.419966	-0.367641	-0.305114	-0.230928	-0.143718	-0.0381535	0.096216	0.261584	0.431063	0.584071	0.709685	0.790092	0.813175	0.793264	0.736573	0.631831	0.489562	0.338705	0.191686	0.0430355	-0.100169	-0.224204	-0.314277	-0.371949	-0.397227	
-0.378694	-0.312244	-0.229862	-0.127691	-0.00952066	0.122092	0.271527	0.431437	0.584529	0.7243	0.82439	0.862995	0.833371	0.752662	0.639587	0.498948	0.333619	0.178284	0.0373916	-0.0965489	-0.213877	-0.310675	-0.370622	-0.405051	-0.409685	
-0.302636	-0.22411	-0.129173	-0.0149583	0.12594	0.281145	0.437393	0.587641	0.712793	0.815415	0.87736	0.871275	0.794869	0.667361	0.51296	0.347592	0.179827	0.0316788	-0.0964048	-0.209389	-0.302618	-0.365834	-0.394216	-0.402882	-0.393112	
