-0.214248	-0.252183	-0.297674	-0.336645	-0.370344	-0.379966	-0.350063	-0.314815	-0.270553	-0.226409	-0.203141	-0.197106	-0.190938	-0.184088	-0.180906	-0.179892	-0.207991	-0.267745	-0.343713	-0.4195	-0.47344	-0.48969	-0.470353	-0.42108	-0.372754	
-0.103439	-0.134425	-0.181993	-0.228663	-0.264604	-0.274051	-0.24389	-0.202085	-0.152286	-0.113087	-0.0943606	-0.0912543	-0.0899294	-0.0851637	-0.0864945	-0.0970541	-0.14464	-0.222785	-0.312629	-0.39269	-0.442744	-0.462756	-0.443927	-0.395073	-0.336011	
-0.00904874	-0.0452982	-0.0996543	-0.153206	-0.187746	-0.194125	-0.170098	-0.122232	-0.06538	-0.0212692	0.00320316	0.00540598	-0.0027245	-0.0168527	-0.0318903	-0.0612733	-0.122481	-0.204488	-0.299544	-0.378383	-0.425965	-0.436897	-0.406105	-0.347755	-0.277966	
0.0579399	0.018436	-0.0399858	-0.0979537	-0.131987	-0.137344	-0.115442	-0.0645426	-0.00325439	0.0445253	0.0713333	0.0737774	0.0500064	0.0159863	-0.0184673	-0.0669877	-0.136923	-0.221949	-0.307674	-0.377192	-0.41125	-0.404101	-0.353363	-0.273786	-0.190523	
0.085584	0.0534261	-0.00123174	-0.0602354	-0.0967201	-0.104169	-0.0777115	-0.0263139	0.0343923	0.0746725	0.0966121	0.0944136	0.0663717	0.0233657	-0.0290798	-0.0937603	-0.177047	-0.261186	-0.338749	-0.387732	-0.396313	-0.361959	-0.285808	-0.188388	-0.0936275	
0.0779271	0.057553	0.0164649	-0.0306648	-0.0637591	-0.0720113	-0.0454149	-0.00349804	0.0439155	0.0715631	0.0824262	0.0722518	0.0434668	0.000720695	-0.0633603	-0.140507	-0.230885	-0.310136	-0.368834	-0.392902	-0.372509	-0.310071	-0.211508	-0.102824	-0.00334674	
0.051776	0.041523	0.0223752	-0.000917169	-0.020908	-0.0263564	-0.00934162	0.0130048	0.0345503	0.049535	0.0493329	0.02954	-0.00644932	-0.0572404	-0.126932	-0.20393	-0.283163	-0.348823	-0.383538	-0.377071	-0.332508	-0.249004	-0.137668	-0.0217942	0.0770509	
0.022976	0.0312578	0.0371476	0.0378172	0.0309462	0.02983	0.0350524	0.0386929	0.0331567	0.0276399	0.00985399	-0.0236032	-0.0710939	-0.136404	-0.213027	-0.280571	-0.329297	-0.364093	-0.369962	-0.337822	-0.268396	-0.166012	-0.0492397	0.0617081	0.148151	
0.00312768	0.0404503	0.0690769	0.0841932	0.0844633	0.0853144	0.084644	0.0774611	0.053176	0.018976	-0.0245751	-0.0757066	-0.13296	-0.205019	-0.2837	-0.342168	-0.363006	-0.355319	-0.319234	-0.263561	-0.180908	-0.0711788	0.0459451	0.147037	0.212192	
0.00209755	0.0690976	0.118561	0.142717	0.150405	0.150413	0.147508	0.13103	0.0918982	0.0300638	-0.0393494	-0.105947	-0.173199	-0.247842	-0.319293	-0.363756	-0.366056	-0.323768	-0.249789	-0.165988	-0.0820251	0.0163885	0.122393	0.210609	0.263708	
0.0280003	0.118241	0.188999	0.228539	0.244851	0.248262	0.236964	0.208683	0.150046	0.064835	-0.0264212	-0.109039	-0.184984	-0.265106	-0.327298	-0.353461	-0.332375	-0.269775	-0.179581	-0.0849556	-0.00161583	0.0823517	0.163831	0.238569	0.281506	
0.0739349	0.182972	0.272922	0.32909	0.353751	0.357123	0.34209	0.299954	0.222185	0.118888	0.00745981	-0.0898202	-0.173566	-0.250271	-0.304454	-0.316043	-0.274887	-0.197751	-0.107091	-0.0267648	0.0431907	0.113162	0.175914	0.229929	0.259636	
0.125787	0.250035	0.357523	0.426434	0.450327	0.453752	0.439578	0.391011	0.296453	0.17631	0.0493336	-0.0629841	-0.148837	-0.217937	-0.259645	-0.258685	-0.206413	-0.122133	-0.0349418	0.0268711	0.0695042	0.11462	0.158632	0.191332	0.199886	
0.16925	0.310265	0.430872	0.505058	0.528364	0.530671	0.519276	0.467189	0.362218	0.2266	0.084509	-0.0394304	-0.127044	-0.188728	-0.220289	-0.205037	-0.141572	-0.0552361	0.0251296	0.0762914	0.0971623	0.109433	0.12644	0.139712	0.129918	
0.19916	0.355134	0.483102	0.560338	0.589031	0.592082	0.577075	0.520527	0.410836	0.262769	0.106457	-0.0268343	-0.117607	-0.171043	-0.190683	-0.163241	-0.0880055	0.00263511	0.0745189	0.113743	0.119823	0.107978	0.0927298	0.0778074	0.0513993	
0.214705	0.384785	0.523369	0.607453	0.646244	0.652432	0.627118	0.563714	0.446254	0.28352	0.11519	-0.0255474	-0.122194	-0.172104	-0.175236	-0.134469	-0.054239	0.0380678	0.105875	0.134673	0.128815	0.101656	0.0619776	0.0197228	-0.0268725	
0.223576	0.411415	0.566461	0.663636	0.716091	0.72535	0.689076	0.61185	0.480161	0.299094	0.117466	-0.0271524	-0.130657	-0.180797	-0.173543	-0.120509	-0.0383532	0.0464087	0.10606	0.125477	0.108612	0.0685585	0.0172969	-0.046275	-0.113411	
0.241153	0.444254	0.617915	0.733636	0.79952	0.812101	0.765943	0.670883	0.519917	0.322135	0.128767	-0.0248056	-0.132129	-0.182365	-0.175369	-0.124336	-0.0471389	0.0257206	0.0677826	0.0754773	0.0520534	0.00269468	-0.0584422	-0.129938	-0.207963	
0.269949	0.47946	0.669693	0.803449	0.877512	0.890937	0.840019	0.731185	0.560409	0.352879	0.154163	-0.00757558	-0.120993	-0.173762	-0.176684	-0.146188	-0.0877366	-0.0306348	-0.00432537	-0.00816932	-0.0347563	-0.0838111	-0.146758	-0.21731	-0.287898	
0.29552	0.499772	0.692518	0.835541	0.914293	0.927238	0.874322	0.757692	0.581122	0.375455	0.183932	0.0249715	-0.0929612	-0.154823	-0.177115	-0.172193	-0.140383	-0.104641	-0.0887451	-0.0973939	-0.123082	-0.164311	-0.21904	-0.281051	-0.335517	
0.301093	0.479003	0.650667	0.784841	0.867688	0.883308	0.824143	0.71038	0.550232	0.370737	0.202266	0.059641	-0.0513971	-0.12219	-0.162091	-0.180203	-0.173655	-0.16223	-0.157328	-0.159696	-0.175242	-0.205231	-0.246795	-0.296301	-0.335693	
0.267774	0.404849	0.537196	0.646269	0.721825	0.737687	0.681581	0.583913	0.459265	0.321334	0.193465	0.0854214	-0.00680154	-0.0745319	-0.123956	-0.1594	-0.175101	-0.183486	-0.185989	-0.181109	-0.180106	-0.195469	-0.224236	-0.261736	-0.291636	
0.191794	0.279521	0.36897	0.441148	0.49363	0.504991	0.465109	0.399806	0.316325	0.225053	0.149968	0.0935967	0.0363461	-0.0182957	-0.066329	-0.110538	-0.14116	-0.157552	-0.160334	-0.152149	-0.142809	-0.147868	-0.168367	-0.194211	-0.215867	
0.0887896	0.10925	0.13956	0.169472	0.195299	0.201801	0.180129	0.151991	0.120934	0.0948938	0.0851093	0.0873831	0.0798251	0.0577298	0.0270996	-0.0127652	-0.0483913	-0.0699497	-0.0746506	-0.0707811	-0.0681637	-0.073475	-0.0910124	-0.114728	-0.135491	
-0.0303459	-0.0921076	-0.134596	-0.148451	-0.14705	-0.146627	-0.148691	-0.14279	-0.112378	-0.0564115	0.00854619	0.0663459	0.111662	0.142547	0.147551	0.127869	0.0965337	0.0689246	0.0568762	0.05451	0.0524357	0.0401226	0.0145492	-0.0193438	-0.0523623	
-0.168864	-0.315898	-0.4291	-0.497946	-0.53588	-0.542491	-0.516757	-0.460767	-0.366907	-0.229144	-0.0829333	0.0433229	0.152981	0.241399	0.29325	0.301358	0.281595	0.252048	0.22886	0.218147	0.206719	0.183593	0.144601	0.0945714	0.0446778	
-0.315898	-0.538196	-0.728428	-0.865701	-0.947306	-0.962497	-0.90508	-0.790446	-0.619632	-0.406464	-0.180138	0.031758	0.215852	0.360826	0.455143	0.497456	0.490738	0.458606	0.423781	0.394619	0.368185	0.330426	0.275883	0.209798	0.142884	
-0.4291	-0.728428	-1.00252	-1.20691	-1.31687	-1.33497	-1.26184	-1.09543	-0.84385	-0.548878	-0.251079	0.0332257	0.284111	0.476676	0.611976	0.684649	0.684396	0.639638	0.585833	0.539474	0.499608	0.454214	0.389097	0.307148	0.222393	
-0.497946	-0.865701	-1.20691	-1.45787	-1.59387	-1.61681	-1.52538	-1.32111	-1.00927	-0.644376	-0.284685	0.0466571	0.339545	0.572253	0.738047	0.827151	0.823606	0.76325	0.690148	0.62804	0.578873	0.529638	0.461072	0.368741	0.268588	
-0.53588	-0.947306	-1.31687	-1.59387	-1.76249	-1.79467	-1.67493	-1.44011	-1.10372	-0.700865	-0.297364	0.0640298	0.380793	0.639988	0.820162	0.90836	0.899581	0.832793	0.748776	0.671948	0.611426	0.554362	0.484391	0.393806	0.288656	
-0.542491	-0.962497	-1.33497	-1.61681	-1.79467	-1.82856	-1.70203	-1.45926	-1.12037	-0.711377	-0.29929	0.067969	0.39068	0.654189	0.836531	0.922229	0.912392	0.846363	0.759309	0.679977	0.614922	0.556657	0.487336	0.397202	0.293063	
-0.516757	-0.90508	-1.26184	-1.52538	-1.67493	-1.70203	-1.59851	-1.38105	-1.05532	-0.671649	-0.291866	0.053562	0.357897	0.603957	0.776408	0.866506	0.861257	0.797519	0.718986	0.649261	0.596778	0.544816	0.474585	0.381898	0.278704	
-0.460767	-0.790446	-1.09543	-1.32111	-1.44011	-1.45926	-1.38105	-1.19834	-0.918799	-0.5922	-0.267901	0.037649	0.307931	0.517214	0.667347	0.749023	0.748159	0.696294	0.633718	0.58171	0.537975	0.49134	0.423977	0.336645	0.24533	
-0.366907	-0.619632	-0.84385	-1.00927	-1.10372	-1.12037	-1.05532	-0.918799	-0.714725	-0.469248	-0.212668	0.0310409	0.243608	0.408592	0.520045	0.576141	0.572683	0.536703	0.495215	0.459076	0.426037	0.383717	0.324453	0.252046	0.178172	
-0.229144	-0.406464	-0.548878	-0.644376	-0.700865	-0.711377	-0.671649	-0.5922	-0.469248	-0.301532	-0.123028	0.0370751	0.176145	0.287906	0.35688	0.377996	0.364042	0.334138	0.307273	0.28952	0.272352	0.243115	0.197925	0.142165	0.0849028	
-0.0829333	-0.180138	-0.251079	-0.284685	-0.297364	-0.29929	-0.291866	-0.267901	-0.212668	-0.123028	-0.0259074	0.0563957	0.12623	0.179529	0.203064	0.193955	0.166356	0.137747	0.120328	0.116255	0.110933	0.0954359	0.0648888	0.0237415	-0.0149658	
0.0433229	0.031758	0.0332257	0.0466571	0.0640298	0.067969	0.053562	0.037649	0.0310409	0.0370751	0.0563957	0.0809458	0.0929669	0.0904475	0.0720173	0.0393902	0.00448306	-0.0205049	-0.0268951	-0.0264408	-0.0250215	-0.0327803	-0.0530476	-0.0790286	-0.103413	
0.152981	0.215852	0.284111	0.339545	0.380793	0.39068	0.357897	0.307931	0.243608	0.176145	0.12623	0.0929669	0.0548526	0.00990707	-0.0328167	-0.0775937	-0.111738	-0.129187	-0.132868	-0.125214	-0.118335	-0.121767	-0.13982	-0.163606	-0.182886	
0.241399	0.360826	0.476676	0.572253	0.639988	0.654189	0.603957	0.517214	0.408592	0.287906	0.179529	0.0904475	0.00990707	-0.053434	-0.104363	-0.144489	-0.167139	-0.180104	-0.182786	-0.176157	-0.169035	-0.179904	-0.205497	-0.237399	-0.26387	
0.29325	0.455143	0.611976	0.738047	0.820162	0.836531	0.776408	0.667347	0.520045	0.35688	0.203064	0.0720173	-0.0328167	-0.104363	-0.148754	-0.174432	-0.177329	-0.175571	-0.174811	-0.173334	-0.182652	-0.207029	-0.242854	-0.287291	-0.322595	
0.301358	0.497456	0.684649	0.827151	0.90836	0.922229	0.866506	0.749023	0.576141	0.377996	0.193955	0.0393902	-0.0775937	-0.144489	-0.174432	-0.178518	-0.15733	-0.131202	-0.119736	-0.126924	-0.150041	-0.186749	-0.236289	-0.29416	-0.342119	
0.281595	0.490738	0.684396	0.823606	0.899581	0.912392	0.861257	0.748159	0.572683	0.364042	0.166356	0.00448306	-0.111738	-0.167139	-0.177329	-0.15733	-0.10927	-0.0603493	-0.0377874	-0.0455576	-0.0719376	-0.11848	-0.179496	-0.247458	-0.311686	
0.252048	0.458606	0.639638	0.76325	0.832793	0.846363	0.797519	0.696294	0.536703	0.334138	0.137747	-0.0205049	-0.129187	-0.180104	-0.175571	-0.131202	-0.0603493	0.00726755	0.0417176	0.0452123	0.0199436	-0.0305797	-0.0943687	-0.166464	-0.242772	
0.22886	0.423781	0.585833	0.690148	0.748776	0.759309	0.718986	0.633718	0.495215	0.307273	0.120328	-0.0268951	-0.132868	-0.182786	-0.174811	-0.119736	-0.0377874	0.0417176	0.0957723	0.110172	0.0905679	0.0458683	-0.0093531	-0.0769304	-0.151096	
0.218147	0.394619	0.539474	0.62804	0.671948	0.679977	0.649261	0.58171	0.459076	0.28952	0.116255	-0.0264408	-0.125214	-0.176157	-0.173334	-0.126924	-0.0455576	0.0452123	0.110172	0.136023	0.124722	0.0925234	0.0474344	-0.00491927	-0.0599473	
0.206719	0.368185	0.499608	0.578873	0.611426	0.614922	0.596778	0.537975	0.426037	0.272352	0.110933	-0.0250215	-0.118335	-0.169035	-0.182652	-0.150041	-0.0719376	0.0199436	0.0905679	0.124722	0.126243	0.107009	0.0802045	0.0540565	0.0203795	
0.183593	0.330426	0.454214	0.529638	0.554362	0.556657	0.544816	0.49134	0.383717	0.243115	0.0954359	-0.0327803	-0.121767	-0.179904	-0.207029	-0.186749	-0.11848	-0.0305797	0.0458683	0.0925234	0.107009	0.107916	0.112551	0.115402	0.0991668	
0.144601	0.275883	0.389097	0.461072	0.484391	0.487336	0.474585	0.423977	0.324453	0.197925	0.0648888	-0.0530476	-0.13982	-0.205497	-0.242854	-0.236289	-0.179496	-0.0943687	-0.0093531	0.0474344	0.0802045	0.112551	0.146417	0.171992	0.172414	
0.0945714	0.209798	0.307148	0.368741	0.393806	0.397202	0.381898	0.336645	0.252046	0.142165	0.0237415	-0.0790286	-0.163606	-0.237399	-0.287291	-0.29416	-0.247458	-0.166464	-0.0769304	-0.00491927	0.0540565	0.115402	0.171992	0.217283	0.23948	
0.0446778	0.142884	0.222393	0.268588	0.288656	0.293063	0.278704	0.24533	0.178172	0.0849028	-0.0149658	-0.103413	-0.182886	-0.26387	-0.322595	-0.342119	-0.311686	-0.242772	-0.151096	-0.0599473	0.0203795	0.0991668	0.172414	0.23948	0.277454	
