0.725992	0.671117	0.598032	0.519863	0.462691	0.454348	0.492062	0.566827	0.643087	0.707104	0.746815	0.763961	0.772953	0.779088	0.771918	0.749777	0.699312	0.62811	0.538208	0.435755	0.331292	0.218417	0.108159	0.0076743	-0.0794545	
0.617374	0.528265	0.409832	0.2977	0.224293	0.211328	0.261959	0.362376	0.48184	0.586641	0.652541	0.689163	0.717442	0.735994	0.740584	0.727408	0.689056	0.629642	0.554389	0.47309	0.395117	0.312039	0.233994	0.165228	0.0987167	
0.462364	0.345447	0.203252	0.0674003	-0.0166481	-0.029803	0.0255199	0.144908	0.290978	0.419184	0.513571	0.572492	0.619299	0.655136	0.671305	0.670579	0.643915	0.593734	0.53516	0.47278	0.419329	0.367123	0.323251	0.293811	0.253609	
0.292093	0.152097	-0.00663403	-0.154556	-0.248269	-0.263799	-0.201212	-0.0693649	0.0901423	0.239356	0.359345	0.446449	0.512033	0.55736	0.580307	0.58932	0.570522	0.535279	0.492593	0.455673	0.425613	0.403127	0.393206	0.39369	0.375424	
0.134068	-0.0253155	-0.199874	-0.359079	-0.462746	-0.480702	-0.409837	-0.267213	-0.094183	0.0734657	0.214849	0.326339	0.406492	0.453373	0.479336	0.488711	0.477115	0.45445	0.427443	0.413897	0.413556	0.42375	0.449564	0.47221	0.469285	
0.0109902	-0.162734	-0.3529	-0.526814	-0.639123	-0.65875	-0.581435	-0.427017	-0.237831	-0.0552357	0.0987599	0.21844	0.302481	0.351165	0.375334	0.382525	0.37909	0.364085	0.348944	0.355068	0.38105	0.427758	0.487	0.532141	0.542578	
-0.0654549	-0.24793	-0.453191	-0.640483	-0.759491	-0.77945	-0.698306	-0.533144	-0.329167	-0.133712	0.0227828	0.136496	0.213838	0.259812	0.279851	0.283386	0.280352	0.273728	0.271632	0.294949	0.349203	0.426114	0.508168	0.569467	0.590684	
-0.0868306	-0.274561	-0.492558	-0.688295	-0.813184	-0.835751	-0.748418	-0.576445	-0.36109	-0.155697	1.14873e-05	0.101598	0.16452	0.198243	0.212776	0.208971	0.202228	0.198775	0.209895	0.247973	0.323982	0.419311	0.518542	0.592755	0.627524	
-0.0552547	-0.245446	-0.463578	-0.661514	-0.788314	-0.811491	-0.722457	-0.548704	-0.331512	-0.125547	0.0329665	0.128996	0.175606	0.193748	0.194642	0.180964	0.167178	0.159419	0.181708	0.23378	0.318927	0.423184	0.529493	0.614412	0.664476	
0.0221667	-0.165187	-0.374957	-0.568308	-0.692445	-0.716889	-0.627927	-0.458101	-0.247781	-0.048391	0.111455	0.206297	0.243485	0.241232	0.222558	0.198787	0.175755	0.16533	0.193152	0.253546	0.342341	0.445733	0.55214	0.645404	0.699272	
0.119501	-0.0545134	-0.249003	-0.42679	-0.542123	-0.562818	-0.482785	-0.324963	-0.131225	0.0538711	0.206034	0.306305	0.343123	0.332578	0.294628	0.254602	0.218889	0.201368	0.22538	0.289402	0.380195	0.485274	0.589803	0.676381	0.722391	
0.22116	0.0625924	-0.118904	-0.28154	-0.384215	-0.403921	-0.330923	-0.188672	-0.00938948	0.162065	0.29908	0.394991	0.435572	0.419643	0.369059	0.311872	0.265408	0.245971	0.268351	0.33197	0.4214	0.522633	0.616647	0.680786	0.704467	
0.291247	0.148604	-0.011435	-0.156289	-0.241503	-0.256008	-0.198278	-0.0743177	0.0857591	0.237256	0.36122	0.447583	0.489834	0.48105	0.427097	0.359554	0.30482	0.280175	0.301088	0.361136	0.444015	0.534934	0.608756	0.64414	0.639253	
0.324951	0.196779	0.0531538	-0.0681095	-0.141357	-0.15376	-0.104327	0.000615314	0.138901	0.27711	0.386986	0.463694	0.499692	0.490766	0.442661	0.377753	0.322031	0.29807	0.314887	0.368444	0.441187	0.510254	0.558127	0.569286	0.544083	
0.312311	0.194511	0.0715274	-0.0312032	-0.095764	-0.108036	-0.0624622	0.0269951	0.144339	0.267696	0.36928	0.433609	0.457659	0.441854	0.398499	0.345852	0.302917	0.284954	0.301388	0.348591	0.410726	0.458314	0.480079	0.472238	0.438708	
0.236754	0.136141	0.0394377	-0.0455214	-0.102366	-0.113203	-0.0728804	0.00291779	0.0968958	0.197176	0.287153	0.336391	0.350557	0.334372	0.296556	0.258227	0.236503	0.232259	0.254887	0.298082	0.354684	0.390999	0.396846	0.379133	0.340528	
0.101898	0.0273157	-0.0464817	-0.111025	-0.16163	-0.172444	-0.134021	-0.0731663	-0.00316038	0.0733415	0.137794	0.171172	0.180651	0.172675	0.146319	0.121344	0.122062	0.149847	0.194035	0.247157	0.301562	0.331037	0.327926	0.304383	0.263314	
-0.0923146	-0.141195	-0.189115	-0.233792	-0.274531	-0.283892	-0.251583	-0.207246	-0.1613	-0.110809	-0.0703204	-0.0508162	-0.0359499	-0.0247451	-0.0319468	-0.0400836	-0.0150916	0.0497222	0.132838	0.210972	0.271739	0.299174	0.292783	0.265746	0.222883	
-0.333476	-0.365069	-0.390072	-0.416179	-0.442936	-0.450137	-0.427166	-0.400495	-0.375658	-0.346462	-0.317162	-0.299375	-0.274686	-0.241683	-0.222519	-0.203691	-0.143825	-0.0423629	0.0823103	0.195585	0.273205	0.306578	0.299684	0.26864	0.227197	
-0.599086	-0.621725	-0.634091	-0.641108	-0.655413	-0.660708	-0.645927	-0.636444	-0.628248	-0.60866	-0.583256	-0.555609	-0.519883	-0.469974	-0.415289	-0.348709	-0.239719	-0.0967211	0.0574257	0.201014	0.301737	0.348519	0.346904	0.311013	0.262333	
-0.860437	-0.875935	-0.874948	-0.866744	-0.867008	-0.869382	-0.865178	-0.871818	-0.877437	-0.868157	-0.844921	-0.80807	-0.7559	-0.682681	-0.583972	-0.455377	-0.28932	-0.109543	0.0676699	0.226521	0.344439	0.408672	0.412504	0.368338	0.306413	
-1.07091	-1.07291	-1.06456	-1.05426	-1.04656	-1.04669	-1.04986	-1.06056	-1.07039	-1.07375	-1.06089	-1.02533	-0.96005	-0.857335	-0.713366	-0.532293	-0.317211	-0.106315	0.0909421	0.263313	0.390881	0.462903	0.47611	0.430437	0.355015	
-1.20728	-1.18743	-1.17362	-1.16405	-1.15781	-1.15843	-1.16033	-1.1697	-1.1811	-1.19964	-1.21279	-1.18971	-1.11614	-0.989932	-0.811645	-0.595818	-0.356649	-0.120833	0.0997109	0.287006	0.419758	0.490175	0.502957	0.463053	0.383245	
-1.2626	-1.21039	-1.17583	-1.16063	-1.15369	-1.1526	-1.1573	-1.1683	-1.1935	-1.24121	-1.28707	-1.28653	-1.2156	-1.07592	-0.880192	-0.64357	-0.391541	-0.142514	0.0928949	0.285877	0.415518	0.475898	0.480198	0.444734	0.367293	
-1.23547	-1.14894	-1.08379	-1.05059	-1.03338	-1.03179	-1.04227	-1.06752	-1.1186	-1.20086	-1.27825	-1.30549	-1.25319	-1.12173	-0.924986	-0.678498	-0.413232	-0.15786	0.0745325	0.25705	0.373469	0.41944	0.412957	0.370262	0.291722	
-1.14746	-1.03694	-0.944932	-0.884247	-0.854063	-0.84934	-0.869285	-0.917093	-0.996552	-1.10334	-1.20588	-1.26064	-1.23979	-1.13466	-0.952689	-0.706219	-0.438273	-0.184263	0.0305837	0.189905	0.289599	0.326705	0.30922	0.254753	0.160975	
-1.03694	-0.909867	-0.796676	-0.713869	-0.669647	-0.662694	-0.691292	-0.758947	-0.861725	-0.986341	-1.10834	-1.19436	-1.20785	-1.12943	-0.963956	-0.726872	-0.465793	-0.224718	-0.0323738	0.0989194	0.177689	0.202552	0.172218	0.101898	-0.00687281	
-0.944932	-0.796676	-0.663049	-0.565427	-0.514108	-0.506872	-0.538691	-0.61836	-0.740388	-0.885832	-1.03126	-1.148	-1.18756	-1.11953	-0.958817	-0.734477	-0.484278	-0.262725	-0.0962814	0.0117885	0.0644421	0.0660923	0.0201311	-0.0717246	-0.195025	
-0.884247	-0.713869	-0.565427	-0.460932	-0.417186	-0.412737	-0.436147	-0.517164	-0.650826	-0.814876	-0.987632	-1.12679	-1.177	-1.11021	-0.947769	-0.734297	-0.502903	-0.299712	-0.152677	-0.0655371	-0.030939	-0.0466136	-0.115914	-0.228235	-0.366572	
-0.854063	-0.669647	-0.514108	-0.417186	-0.385028	-0.383663	-0.397669	-0.467113	-0.602246	-0.778277	-0.965149	-1.1172	-1.17191	-1.10269	-0.943188	-0.742707	-0.523974	-0.335205	-0.200547	-0.119832	-0.0923342	-0.116039	-0.194923	-0.324617	-0.477417	
-0.84934	-0.662694	-0.506872	-0.412737	-0.383663	-0.384034	-0.394424	-0.461	-0.594689	-0.772402	-0.961984	-1.11617	-1.17173	-1.10301	-0.944075	-0.747323	-0.53011	-0.344121	-0.210694	-0.130584	-0.103768	-0.128547	-0.208095	-0.342952	-0.496932	
-0.869285	-0.691292	-0.538691	-0.436147	-0.397669	-0.394424	-0.413551	-0.490399	-0.625767	-0.796079	-0.977078	-1.12216	-1.17419	-1.10588	-0.944093	-0.73634	-0.511328	-0.314818	-0.174314	-0.0908588	-0.0606582	-0.0807161	-0.155272	-0.274996	-0.420548	
-0.917093	-0.758947	-0.61836	-0.517164	-0.467113	-0.461	-0.490399	-0.571715	-0.699824	-0.853336	-1.01042	-1.13764	-1.18245	-1.11577	-0.954601	-0.734112	-0.491443	-0.27748	-0.1192	-0.0209681	0.0233033	0.0169369	-0.0392374	-0.13901	-0.268437	
-0.996552	-0.861725	-0.740388	-0.650826	-0.602246	-0.594689	-0.625767	-0.699824	-0.810615	-0.942947	-1.07347	-1.17176	-1.19786	-1.12557	-0.963405	-0.732062	-0.473682	-0.240575	-0.0593183	0.0635333	0.131296	0.146912	0.112569	0.0333967	-0.0810237	
-1.10334	-0.986341	-0.885832	-0.814876	-0.778277	-0.772402	-0.796079	-0.853336	-0.942947	-1.05646	-1.16709	-1.23395	-1.22688	-1.13444	-0.959459	-0.715152	-0.449864	-0.199659	0.00694353	0.15399	0.246689	0.280308	0.257008	0.19741	0.0975685	
-1.20588	-1.10834	-1.03126	-0.987632	-0.965149	-0.961984	-0.977078	-1.01042	-1.07347	-1.16709	-1.25485	-1.29333	-1.25293	-1.12994	-0.938317	-0.690263	-0.422125	-0.165934	0.0600773	0.235334	0.344892	0.386257	0.37612	0.329204	0.244523	
-1.26064	-1.19436	-1.148	-1.12679	-1.1172	-1.11617	-1.12216	-1.13764	-1.17176	-1.23395	-1.29333	-1.30365	-1.23778	-1.09866	-0.900064	-0.658664	-0.401117	-0.149178	0.0879975	0.278023	0.403688	0.458361	0.458343	0.420394	0.344873	
-1.23979	-1.20785	-1.18756	-1.177	-1.17191	-1.17173	-1.17419	-1.18245	-1.19786	-1.22688	-1.25293	-1.23778	-1.16329	-1.02928	-0.84227	-0.616648	-0.372735	-0.129683	0.0979702	0.289659	0.422443	0.489892	0.499495	0.463072	0.383018	
-1.13466	-1.12943	-1.11953	-1.11021	-1.10269	-1.10301	-1.10588	-1.11577	-1.12557	-1.13444	-1.12994	-1.09866	-1.02928	-0.916319	-0.756963	-0.559608	-0.331852	-0.109926	0.0972171	0.275214	0.40557	0.478047	0.492404	0.448253	0.370347	
-0.952689	-0.963956	-0.958817	-0.947769	-0.943188	-0.944075	-0.944093	-0.954601	-0.963405	-0.959459	-0.938317	-0.900064	-0.84227	-0.756963	-0.639199	-0.487984	-0.299775	-0.107331	0.0772245	0.241339	0.363549	0.43267	0.440356	0.394463	0.326792	
-0.706219	-0.726872	-0.734477	-0.734297	-0.742707	-0.747323	-0.73634	-0.734112	-0.732062	-0.715152	-0.690263	-0.658664	-0.616648	-0.559608	-0.487984	-0.39639	-0.265396	-0.106109	0.0581919	0.208423	0.317258	0.371841	0.371473	0.332676	0.279101	
-0.438273	-0.465793	-0.484278	-0.502903	-0.523974	-0.53011	-0.511328	-0.491443	-0.473682	-0.449864	-0.422125	-0.401117	-0.372735	-0.331852	-0.299775	-0.265396	-0.186867	-0.0692979	0.0678955	0.195866	0.282248	0.319649	0.315233	0.282037	0.23854	
-0.184263	-0.224718	-0.262725	-0.299712	-0.335205	-0.344121	-0.314818	-0.27748	-0.240575	-0.199659	-0.165934	-0.149178	-0.129683	-0.109926	-0.107331	-0.106109	-0.0692979	0.00984467	0.111405	0.201847	0.268604	0.297958	0.289693	0.261122	0.219874	
0.0305837	-0.0323738	-0.0962814	-0.152677	-0.200547	-0.210694	-0.174314	-0.1192	-0.0593183	0.00694353	0.0600773	0.0879975	0.0979702	0.0972171	0.0772245	0.0581919	0.0678955	0.111405	0.168241	0.231243	0.28634	0.313671	0.30899	0.284264	0.241655	
0.189905	0.0989194	0.0117885	-0.0655371	-0.119832	-0.130584	-0.0908588	-0.0209681	0.0635333	0.15399	0.235334	0.278023	0.289659	0.275214	0.241339	0.208423	0.195866	0.201847	0.231243	0.275672	0.331443	0.364378	0.366504	0.346074	0.306361	
0.289599	0.177689	0.0644421	-0.030939	-0.0923342	-0.103768	-0.0606582	0.0233033	0.131296	0.246689	0.344892	0.403688	0.422443	0.40557	0.363549	0.317258	0.282248	0.268604	0.28634	0.331443	0.390089	0.432572	0.446003	0.433681	0.397767	
0.326705	0.202552	0.0660923	-0.0466136	-0.116039	-0.128547	-0.0807161	0.0169369	0.146912	0.280308	0.386257	0.458361	0.489892	0.478047	0.43267	0.371841	0.319649	0.297958	0.313671	0.364378	0.432572	0.491749	0.529193	0.531868	0.501795	
0.30922	0.172218	0.0201311	-0.115914	-0.194923	-0.208095	-0.155272	-0.0392374	0.112569	0.257008	0.37612	0.458343	0.499495	0.492404	0.440356	0.371473	0.315233	0.289693	0.30899	0.366504	0.446003	0.529193	0.593512	0.618251	0.604047	
0.254753	0.101898	-0.0717246	-0.228235	-0.324617	-0.342952	-0.274996	-0.13901	0.0333967	0.19741	0.329204	0.420394	0.463072	0.448253	0.394463	0.332676	0.282037	0.261122	0.284264	0.346074	0.433681	0.531868	0.618251	0.670917	0.683258	
0.160975	-0.00687281	-0.195025	-0.366572	-0.477417	-0.496932	-0.420548	-0.268437	-0.0810237	0.0975685	0.244523	0.344873	0.383018	0.370347	0.326792	0.279101	0.23854	0.219874	0.241655	0.306361	0.397767	0.501795	0.604047	0.683258	0.721508	
