0.606271	0.766161	0.902003	0.989065	1.0309	1.03731	1.01078	0.943127	0.825704	0.670723	0.510472	0.352529	0.196607	0.0324427	-0.150191	-0.321966	-0.46019	-0.545489	-0.57402	-0.556897	-0.497647	-0.404185	-0.284218	-0.146383	0.0158737	
0.353284	0.472014	0.571787	0.638028	0.667919	0.670317	0.654678	0.60262	0.515039	0.401841	0.282879	0.1703	0.0497564	-0.0862798	-0.238337	-0.394048	-0.523009	-0.606107	-0.643645	-0.63363	-0.587277	-0.504355	-0.380184	-0.223576	-0.0415536	
0.128801	0.197657	0.258666	0.300786	0.319036	0.320427	0.311073	0.278047	0.223624	0.156687	0.0878974	0.0175936	-0.068007	-0.178022	-0.307278	-0.444807	-0.568647	-0.651433	-0.69429	-0.701412	-0.67162	-0.601659	-0.482197	-0.308116	-0.104791	
-0.0482201	-0.0273227	-0.00470978	0.0151536	0.0244916	0.0255894	0.0202863	0.00445514	-0.0179334	-0.0404411	-0.0594149	-0.0926412	-0.148581	-0.235185	-0.349267	-0.471571	-0.591691	-0.679032	-0.728313	-0.753763	-0.746026	-0.693956	-0.583746	-0.410623	-0.196683	
-0.169962	-0.192274	-0.19478	-0.194041	-0.188688	-0.185095	-0.193463	-0.194673	-0.194811	-0.18102	-0.158248	-0.161759	-0.19104	-0.259604	-0.357055	-0.469624	-0.588052	-0.680479	-0.744971	-0.786511	-0.803069	-0.772209	-0.679085	-0.525924	-0.316757	
-0.243074	-0.291971	-0.316077	-0.324132	-0.319323	-0.316837	-0.323677	-0.320809	-0.304688	-0.264115	-0.214911	-0.189793	-0.199337	-0.246456	-0.323226	-0.425502	-0.538479	-0.642596	-0.729568	-0.79748	-0.841236	-0.839173	-0.772073	-0.645651	-0.458712	
-0.266023	-0.33246	-0.378652	-0.390579	-0.38979	-0.390365	-0.390087	-0.387212	-0.354585	-0.293234	-0.225855	-0.174885	-0.167134	-0.193568	-0.249718	-0.337879	-0.447674	-0.5646	-0.677154	-0.777197	-0.850852	-0.880748	-0.849845	-0.765166	-0.610439	
-0.254212	-0.33025	-0.384563	-0.400897	-0.402578	-0.402937	-0.40198	-0.395456	-0.355435	-0.286943	-0.204267	-0.140121	-0.112652	-0.115504	-0.150234	-0.214153	-0.319053	-0.445545	-0.586145	-0.720996	-0.82509	-0.893151	-0.903042	-0.862703	-0.754001	
-0.213768	-0.292051	-0.343968	-0.36463	-0.369662	-0.368518	-0.367942	-0.356113	-0.315671	-0.248279	-0.1624	-0.0943075	-0.0526362	-0.0367827	-0.0466288	-0.0836177	-0.17306	-0.304723	-0.466768	-0.632241	-0.773281	-0.878949	-0.934418	-0.938049	-0.875823	
-0.159045	-0.226683	-0.27317	-0.294843	-0.301756	-0.302642	-0.298812	-0.284287	-0.248434	-0.18817	-0.112524	-0.0473804	-0.00244473	0.0227838	0.035477	0.0221167	-0.0466382	-0.170177	-0.341012	-0.524367	-0.691466	-0.835957	-0.937044	-0.983994	-0.965549	
-0.108504	-0.158218	-0.191341	-0.208512	-0.217174	-0.218785	-0.212856	-0.199495	-0.174082	-0.129921	-0.0737942	-0.0211619	0.0194249	0.050441	0.0808747	0.0931575	0.052847	-0.0555386	-0.217754	-0.40409	-0.592987	-0.766453	-0.906069	-0.991551	-1.00992	
-0.0760012	-0.109993	-0.12859	-0.144469	-0.155143	-0.155639	-0.149966	-0.134719	-0.118531	-0.0910229	-0.0529782	-0.0153439	0.0184781	0.0524539	0.097844	0.134136	0.123518	0.0409751	-0.100471	-0.278433	-0.477412	-0.674189	-0.844736	-0.95877	-1.00438	
-0.0703988	-0.0934988	-0.111047	-0.129488	-0.144353	-0.147018	-0.136506	-0.118047	-0.101247	-0.0805274	-0.0531177	-0.0218936	0.00467463	0.0421367	0.0971516	0.148934	0.167469	0.115536	0.00564257	-0.145672	-0.336725	-0.544126	-0.72835	-0.861877	-0.93399	
-0.0970676	-0.116198	-0.136635	-0.154673	-0.174108	-0.17904	-0.162637	-0.14403	-0.125091	-0.104443	-0.0851483	-0.0555884	-0.0276037	0.0134995	0.0822511	0.152731	0.196176	0.182644	0.113034	-0.00433611	-0.172867	-0.371018	-0.557783	-0.704477	-0.79868	
-0.141164	-0.159712	-0.18155	-0.204568	-0.224849	-0.228644	-0.213392	-0.190681	-0.167631	-0.148755	-0.128416	-0.104231	-0.0782846	-0.0308887	0.041949	0.128633	0.200053	0.22674	0.207858	0.135212	0.0021143	-0.17581	-0.35571	-0.506701	-0.625741	
-0.189121	-0.205965	-0.228633	-0.249637	-0.267615	-0.271006	-0.257601	-0.237858	-0.214365	-0.196096	-0.178283	-0.158482	-0.133045	-0.0834751	-0.00723918	0.08893	0.179418	0.240446	0.263814	0.234821	0.141612	-0.00230692	-0.158117	-0.30266	-0.432027	
-0.224526	-0.242265	-0.265022	-0.284121	-0.295994	-0.299286	-0.28936	-0.27297	-0.251725	-0.23032	-0.2158	-0.199673	-0.174361	-0.130248	-0.0546388	0.0388711	0.134064	0.218446	0.269161	0.273635	0.222252	0.120806	-0.00165212	-0.121108	-0.241462	
-0.235605	-0.257576	-0.280637	-0.301401	-0.309203	-0.30956	-0.306125	-0.289771	-0.266861	-0.243703	-0.226801	-0.218362	-0.201189	-0.164831	-0.107546	-0.0273729	0.0656938	0.152229	0.22425	0.256437	0.239961	0.19009	0.110466	0.026152	-0.0710622	
-0.237763	-0.254418	-0.273345	-0.285387	-0.284671	-0.284223	-0.286185	-0.279393	-0.262918	-0.242866	-0.234215	-0.233415	-0.225428	-0.202889	-0.160105	-0.0986902	-0.0180451	0.0685638	0.145596	0.196737	0.216166	0.209541	0.174431	0.124125	0.0535998	
-0.225635	-0.237442	-0.249359	-0.255973	-0.24725	-0.244995	-0.253321	-0.252464	-0.243324	-0.227866	-0.227296	-0.236928	-0.240371	-0.233481	-0.207868	-0.166804	-0.0995792	-0.0211447	0.0519923	0.110548	0.149411	0.173608	0.169312	0.150004	0.10966	
-0.213539	-0.220201	-0.227933	-0.225656	-0.212984	-0.209438	-0.221095	-0.228822	-0.224315	-0.214661	-0.218557	-0.232647	-0.242813	-0.243242	-0.234822	-0.210312	-0.161167	-0.102966	-0.0411598	0.0111675	0.0570084	0.100944	0.118578	0.11879	0.104038	
-0.207344	-0.210988	-0.218694	-0.213362	-0.198604	-0.195525	-0.207179	-0.218344	-0.214829	-0.207209	-0.211265	-0.223367	-0.235346	-0.240964	-0.242691	-0.234604	-0.205012	-0.162255	-0.120102	-0.0756713	-0.0240222	0.0231283	0.0556694	0.0684735	0.0671734	
-0.208982	-0.214547	-0.220718	-0.216317	-0.20396	-0.200251	-0.21151	-0.220755	-0.217418	-0.21046	-0.210984	-0.220547	-0.22792	-0.234464	-0.242298	-0.241974	-0.228096	-0.200565	-0.172242	-0.136232	-0.0851409	-0.0326642	0.00680692	0.0268788	0.0340067	
-0.220901	-0.224019	-0.232189	-0.225629	-0.217347	-0.215708	-0.22157	-0.231802	-0.227343	-0.222007	-0.22024	-0.221845	-0.223636	-0.225436	-0.235386	-0.239481	-0.237259	-0.221976	-0.201014	-0.16947	-0.115985	-0.063267	-0.0205224	-0.00298772	-0.00113537	
-0.231074	-0.234627	-0.239619	-0.237904	-0.233992	-0.232341	-0.236061	-0.239963	-0.235796	-0.233186	-0.226922	-0.223171	-0.217193	-0.213676	-0.220894	-0.227682	-0.234247	-0.227423	-0.217073	-0.189218	-0.139026	-0.0920479	-0.0503926	-0.0359747	-0.0450581	
-0.23645	-0.236985	-0.23653	-0.234945	-0.235844	-0.235403	-0.235413	-0.236428	-0.236404	-0.237938	-0.23323	-0.225972	-0.213041	-0.206461	-0.211124	-0.219392	-0.23494	-0.237445	-0.230776	-0.206567	-0.160193	-0.114018	-0.0773959	-0.0700054	-0.0925084	
-0.236985	-0.228108	-0.221817	-0.218232	-0.222402	-0.224113	-0.219123	-0.219737	-0.22475	-0.234275	-0.236673	-0.228978	-0.217917	-0.21076	-0.215709	-0.229403	-0.248792	-0.258515	-0.250625	-0.222886	-0.178007	-0.132748	-0.0984076	-0.0985053	-0.136735	
-0.23653	-0.221817	-0.20305	-0.200843	-0.206733	-0.207376	-0.203642	-0.200184	-0.213236	-0.232206	-0.239722	-0.236122	-0.224669	-0.218248	-0.222068	-0.239791	-0.26458	-0.279683	-0.274487	-0.244693	-0.201277	-0.15342	-0.117554	-0.115739	-0.161675	
-0.234945	-0.218232	-0.200843	-0.19959	-0.210069	-0.213678	-0.203569	-0.197792	-0.210838	-0.228825	-0.23913	-0.231293	-0.218951	-0.213294	-0.218305	-0.242674	-0.274237	-0.298727	-0.293686	-0.265024	-0.224052	-0.173098	-0.135848	-0.13229	-0.178092	
-0.235844	-0.222402	-0.206733	-0.210069	-0.224052	-0.228188	-0.215586	-0.205018	-0.215359	-0.23096	-0.237657	-0.224358	-0.208661	-0.199669	-0.203769	-0.233318	-0.269561	-0.303424	-0.30507	-0.279642	-0.244415	-0.192956	-0.152649	-0.144424	-0.187195	
-0.235403	-0.224113	-0.207376	-0.213678	-0.228188	-0.231598	-0.220364	-0.206913	-0.21687	-0.231974	-0.236183	-0.222806	-0.205444	-0.196233	-0.200255	-0.230187	-0.26872	-0.303042	-0.307123	-0.283399	-0.248116	-0.197531	-0.156739	-0.145551	-0.187262	
-0.235413	-0.219123	-0.203642	-0.203569	-0.215586	-0.220364	-0.20765	-0.200745	-0.21242	-0.228934	-0.238666	-0.227832	-0.214665	-0.207672	-0.212846	-0.239646	-0.273208	-0.302474	-0.298923	-0.271433	-0.232905	-0.181326	-0.142989	-0.138506	-0.183146	
-0.236428	-0.219737	-0.200184	-0.197792	-0.205018	-0.206913	-0.200745	-0.197212	-0.211065	-0.230903	-0.240716	-0.2355	-0.224659	-0.218143	-0.221831	-0.242476	-0.268954	-0.288103	-0.283049	-0.253006	-0.211008	-0.161266	-0.124749	-0.122067	-0.168385	
-0.236404	-0.22475	-0.213236	-0.210838	-0.215359	-0.21687	-0.21242	-0.211065	-0.219374	-0.232892	-0.237225	-0.231538	-0.220841	-0.214328	-0.219442	-0.234503	-0.256337	-0.267522	-0.260099	-0.231553	-0.186345	-0.141093	-0.106817	-0.10645	-0.148629	
-0.237938	-0.234275	-0.232206	-0.228825	-0.23096	-0.231974	-0.228934	-0.230903	-0.232892	-0.237329	-0.235779	-0.227283	-0.214709	-0.206916	-0.211525	-0.221456	-0.238252	-0.245148	-0.237698	-0.212462	-0.167732	-0.121364	-0.0859488	-0.0828509	-0.111955	
-0.23323	-0.236673	-0.239722	-0.23913	-0.237657	-0.236183	-0.238666	-0.240716	-0.237225	-0.235779	-0.229211	-0.223126	-0.214468	-0.209812	-0.215459	-0.2235	-0.233474	-0.229996	-0.22248	-0.196451	-0.147897	-0.101987	-0.0626523	-0.0496016	-0.0630353	
-0.225972	-0.228978	-0.236122	-0.231293	-0.224358	-0.222806	-0.227832	-0.2355	-0.231538	-0.227283	-0.223126	-0.222912	-0.220922	-0.220604	-0.230363	-0.234902	-0.236915	-0.225217	-0.208358	-0.178276	-0.125184	-0.0746596	-0.0315027	-0.0156782	-0.0182207	
-0.213041	-0.217917	-0.224669	-0.218951	-0.208661	-0.205444	-0.214665	-0.224659	-0.220841	-0.214709	-0.214468	-0.220922	-0.226287	-0.231424	-0.240562	-0.242319	-0.232963	-0.210934	-0.185927	-0.152029	-0.10055	-0.0466965	-0.00572665	0.0143646	0.0212228	
-0.206461	-0.21076	-0.218248	-0.213294	-0.199669	-0.196233	-0.207672	-0.218143	-0.214328	-0.206916	-0.209812	-0.220604	-0.231424	-0.238682	-0.243149	-0.239698	-0.216979	-0.179692	-0.14457	-0.103692	-0.0514131	-0.00280456	0.0330707	0.0497516	0.052881	
-0.211124	-0.215709	-0.222068	-0.218305	-0.203769	-0.200255	-0.212846	-0.221831	-0.219442	-0.211525	-0.215459	-0.230363	-0.240562	-0.243149	-0.240087	-0.22148	-0.1805	-0.129131	-0.0750461	-0.025894	0.0222902	0.0687991	0.0938043	0.0990891	0.0903588	
-0.219392	-0.229403	-0.239791	-0.242674	-0.233318	-0.230187	-0.239646	-0.242476	-0.234503	-0.221456	-0.2235	-0.234902	-0.242319	-0.239698	-0.22148	-0.188076	-0.127374	-0.0558993	0.0139037	0.0707329	0.113382	0.147308	0.151992	0.142152	0.114004	
-0.23494	-0.248792	-0.26458	-0.274237	-0.269561	-0.26872	-0.273208	-0.268954	-0.256337	-0.238252	-0.233474	-0.236915	-0.232963	-0.216979	-0.1805	-0.127374	-0.0520101	0.0330682	0.10877	0.164612	0.194454	0.201102	0.181081	0.143762	0.0842869	
-0.237445	-0.258515	-0.279683	-0.298727	-0.303424	-0.303042	-0.302474	-0.288103	-0.267522	-0.245148	-0.229996	-0.225217	-0.210934	-0.179692	-0.129131	-0.0558993	0.0330682	0.11991	0.196088	0.237226	0.23503	0.204389	0.142891	0.0722524	-0.0140435	
-0.230776	-0.250625	-0.274487	-0.293686	-0.30507	-0.307123	-0.298923	-0.283049	-0.260099	-0.237698	-0.22248	-0.208358	-0.185927	-0.14457	-0.0750461	0.0139037	0.10877	0.196088	0.256535	0.272418	0.235892	0.154417	0.0483497	-0.0574048	-0.169661	
-0.206567	-0.222886	-0.244693	-0.265024	-0.279642	-0.283399	-0.271433	-0.253006	-0.231553	-0.212462	-0.196451	-0.178276	-0.152029	-0.103692	-0.025894	0.0707329	0.164612	0.237226	0.272418	0.258365	0.182037	0.0533499	-0.0897044	-0.226284	-0.354843	
-0.160193	-0.178007	-0.201277	-0.224052	-0.244415	-0.248116	-0.232905	-0.211008	-0.186345	-0.167732	-0.147897	-0.125184	-0.10055	-0.0514131	0.0222902	0.113382	0.194454	0.23503	0.235892	0.182037	0.0635674	-0.101216	-0.273841	-0.424428	-0.548913	
-0.114018	-0.132748	-0.15342	-0.173098	-0.192956	-0.197531	-0.181326	-0.161266	-0.141093	-0.121364	-0.101987	-0.0746596	-0.0466965	-0.00280456	0.0687991	0.147308	0.201102	0.204389	0.154417	0.0533499	-0.101216	-0.293724	-0.479309	-0.627668	-0.732683	
-0.0773959	-0.0984076	-0.117554	-0.135848	-0.152649	-0.156739	-0.142989	-0.124749	-0.106817	-0.0859488	-0.0626523	-0.0315027	-0.00572665	0.0330707	0.0938043	0.151992	0.181081	0.142891	0.0483497	-0.0897044	-0.273841	-0.479309	-0.665915	-0.805825	-0.886753	
-0.0700054	-0.0985053	-0.115739	-0.13229	-0.144424	-0.145551	-0.138506	-0.122067	-0.10645	-0.0828509	-0.0496016	-0.0156782	0.0143646	0.0497516	0.0990891	0.142152	0.143762	0.0722524	-0.0574048	-0.226284	-0.424428	-0.627668	-0.805825	-0.927948	-0.984384	
-0.0925084	-0.136735	-0.161675	-0.178092	-0.187195	-0.187262	-0.183146	-0.168385	-0.148629	-0.111955	-0.0630353	-0.0182207	0.0212228	0.052881	0.0903588	0.114004	0.0842869	-0.0140435	-0.169661	-0.354843	-0.548913	-0.732683	-0.886753	-0.984384	-1.01439	
