-1.07813	-0.958983	-0.782296	-0.579801	-0.380872	-0.202081	-0.053191	0.057679	0.109307	0.0908018	0.0259508	-0.0565847	-0.147834	-0.229721	-0.26016	-0.224222	-0.140181	-0.0281991	0.0886125	0.205335	0.311515	0.398439	0.452868	0.472115	0.455116	
-0.958983	-0.862654	-0.728736	-0.576026	-0.418412	-0.268656	-0.125814	-0.0132758	0.0452824	0.0417882	-0.0104419	-0.0854005	-0.169852	-0.236127	-0.256309	-0.225526	-0.151873	-0.054634	0.0495709	0.150929	0.246248	0.327968	0.376398	0.383085	0.347152	
-0.782296	-0.728736	-0.651312	-0.555055	-0.4498	-0.340319	-0.218929	-0.110205	-0.0466955	-0.0389754	-0.0746443	-0.134337	-0.200876	-0.250841	-0.26641	-0.239014	-0.172943	-0.087847	0.00123881	0.0842976	0.158616	0.216085	0.248319	0.240144	0.186783	
-0.579801	-0.576026	-0.555055	-0.519884	-0.468726	-0.397411	-0.300054	-0.206854	-0.152457	-0.142352	-0.160616	-0.203434	-0.255026	-0.295117	-0.301846	-0.270287	-0.209409	-0.129978	-0.0558034	0.00231081	0.0476823	0.0749981	0.0892035	0.0595719	-0.0139442	
-0.380872	-0.418412	-0.4498	-0.468726	-0.459742	-0.417716	-0.351177	-0.288839	-0.253034	-0.251302	-0.26116	-0.288195	-0.325152	-0.347096	-0.342858	-0.309298	-0.251652	-0.18683	-0.124437	-0.0846013	-0.0610732	-0.0621173	-0.0797509	-0.130096	-0.217573	
-0.202081	-0.268656	-0.340319	-0.397411	-0.417716	-0.407966	-0.3827	-0.360245	-0.350884	-0.358572	-0.371102	-0.390222	-0.412481	-0.414445	-0.39402	-0.351031	-0.296067	-0.24068	-0.188376	-0.151517	-0.143011	-0.167201	-0.216473	-0.288235	-0.385733	
-0.053191	-0.125814	-0.218929	-0.300054	-0.351177	-0.3827	-0.408533	-0.426487	-0.444141	-0.469312	-0.493798	-0.508603	-0.512771	-0.499533	-0.462563	-0.402531	-0.337034	-0.275231	-0.219593	-0.184265	-0.186708	-0.224165	-0.288671	-0.378731	-0.489723	
0.057679	-0.0132758	-0.110205	-0.206854	-0.288839	-0.360245	-0.426487	-0.485056	-0.54353	-0.59563	-0.625962	-0.632052	-0.617338	-0.582059	-0.523624	-0.442447	-0.357836	-0.281951	-0.219326	-0.182825	-0.191641	-0.234949	-0.314461	-0.41666	-0.537032	
0.109307	0.0452824	-0.0466955	-0.152457	-0.253034	-0.350884	-0.444141	-0.54353	-0.639887	-0.708813	-0.742188	-0.739925	-0.703009	-0.640644	-0.55566	-0.453396	-0.350066	-0.265284	-0.200622	-0.161841	-0.166887	-0.206966	-0.290726	-0.405417	-0.539858	
0.0908018	0.0417882	-0.0389754	-0.142352	-0.251302	-0.358572	-0.469312	-0.59563	-0.708813	-0.791096	-0.83256	-0.823735	-0.761499	-0.664311	-0.553388	-0.425346	-0.305122	-0.209526	-0.144821	-0.111986	-0.117494	-0.156992	-0.237058	-0.363385	-0.518485	
0.0259508	-0.0104419	-0.0746443	-0.160616	-0.26116	-0.371102	-0.493798	-0.625962	-0.742188	-0.83256	-0.872134	-0.851402	-0.77139	-0.649218	-0.508164	-0.356757	-0.21982	-0.111681	-0.0461602	-0.0219867	-0.0355059	-0.0865227	-0.176408	-0.315912	-0.483089	
-0.0565847	-0.0854005	-0.134337	-0.203434	-0.288195	-0.390222	-0.508603	-0.632052	-0.739925	-0.823735	-0.851402	-0.816092	-0.719022	-0.577606	-0.419282	-0.257539	-0.105797	0.0114747	0.0720996	0.0853042	0.059327	-0.00823808	-0.121846	-0.278248	-0.45722	
-0.147834	-0.169852	-0.200876	-0.255026	-0.325152	-0.412481	-0.512771	-0.617338	-0.703009	-0.761499	-0.77139	-0.719022	-0.611817	-0.45556	-0.28547	-0.125199	0.0213917	0.126792	0.17868	0.184272	0.138052	0.0446711	-0.095424	-0.26464	-0.448816	
-0.229721	-0.236127	-0.250841	-0.295117	-0.347096	-0.414445	-0.499533	-0.582059	-0.640644	-0.664311	-0.649218	-0.577606	-0.45556	-0.294861	-0.13181	0.0175002	0.144947	0.233482	0.269817	0.255068	0.184085	0.0601458	-0.100624	-0.279527	-0.45677	
-0.26016	-0.256309	-0.26641	-0.301846	-0.342858	-0.39402	-0.462563	-0.523624	-0.55566	-0.553388	-0.508164	-0.419282	-0.28547	-0.13181	0.0179014	0.15249	0.257456	0.321041	0.334582	0.294369	0.198194	0.0467701	-0.127178	-0.313248	-0.479467	
-0.224222	-0.225526	-0.239014	-0.270287	-0.309298	-0.351031	-0.402531	-0.442447	-0.453396	-0.425346	-0.356757	-0.257539	-0.125199	0.0175002	0.15249	0.265638	0.342564	0.37065	0.353688	0.288378	0.171956	0.00931536	-0.170382	-0.349724	-0.505958	
-0.140181	-0.151873	-0.172943	-0.209409	-0.251652	-0.296067	-0.337034	-0.357836	-0.350066	-0.305122	-0.21982	-0.105797	0.0213917	0.144947	0.257456	0.342564	0.383113	0.367017	0.312509	0.221871	0.0912526	-0.0725105	-0.239877	-0.3923	-0.527062	
-0.0281991	-0.054634	-0.087847	-0.129978	-0.18683	-0.24068	-0.275231	-0.281951	-0.265284	-0.209526	-0.111681	0.0114747	0.126792	0.233482	0.321041	0.37065	0.367017	0.309272	0.214839	0.0997078	-0.0359561	-0.181018	-0.313807	-0.430943	-0.532854	
0.0886125	0.0495709	0.00123881	-0.0558034	-0.124437	-0.188376	-0.219593	-0.219326	-0.200622	-0.144821	-0.0461602	0.0720996	0.17868	0.269817	0.334582	0.353688	0.312509	0.214839	0.0888948	-0.0439611	-0.171431	-0.282939	-0.370492	-0.443147	-0.499446	
0.205335	0.150929	0.0842976	0.00231081	-0.0846013	-0.151517	-0.184265	-0.182825	-0.161841	-0.111986	-0.0219867	0.0853042	0.184272	0.255068	0.294369	0.288378	0.221871	0.0997078	-0.0439611	-0.178789	-0.291773	-0.369729	-0.410136	-0.427113	-0.422655	
0.311515	0.246248	0.158616	0.0476823	-0.0610732	-0.143011	-0.186708	-0.191641	-0.166887	-0.117494	-0.0355059	0.059327	0.138052	0.184085	0.198194	0.171956	0.0912526	-0.0359561	-0.171431	-0.291773	-0.379096	-0.418854	-0.41214	-0.371141	-0.309236	
0.398439	0.327968	0.216085	0.0749981	-0.0621173	-0.167201	-0.224165	-0.234949	-0.206966	-0.156992	-0.0865227	-0.00823808	0.0446711	0.0601458	0.0467701	0.00931536	-0.0725105	-0.181018	-0.282939	-0.369729	-0.418854	-0.414726	-0.35914	-0.265017	-0.151861	
0.452868	0.376398	0.248319	0.0892035	-0.0797509	-0.216473	-0.288671	-0.314461	-0.290726	-0.237058	-0.176408	-0.121846	-0.095424	-0.100624	-0.127178	-0.170382	-0.239877	-0.313807	-0.370492	-0.410136	-0.41214	-0.35914	-0.255965	-0.112118	0.0581339	
0.472115	0.383085	0.240144	0.0595719	-0.130096	-0.288235	-0.378731	-0.41666	-0.405417	-0.363385	-0.315912	-0.278248	-0.26464	-0.279527	-0.313248	-0.349724	-0.3923	-0.430943	-0.443147	-0.427113	-0.371141	-0.265017	-0.112118	0.0805909	0.293676	
0.455116	0.347152	0.186783	-0.0139442	-0.217573	-0.385733	-0.489723	-0.537032	-0.539858	-0.518485	-0.483089	-0.45722	-0.448816	-0.45677	-0.479467	-0.505958	-0.527062	-0.532854	-0.499446	-0.422655	-0.309236	-0.151861	0.0581339	0.293676	0.525867	
0.401889	0.280799	0.106128	-0.107336	-0.323027	-0.500125	-0.617771	-0.676333	-0.69043	-0.679853	-0.650333	-0.621869	-0.606613	-0.60081	-0.609539	-0.624034	-0.626268	-0.600326	-0.527167	-0.402396	-0.23331	-0.0246446	0.228487	0.496012	0.742336	
0.3205	0.198527	0.0160753	-0.206097	-0.428011	-0.616542	-0.748332	-0.819375	-0.838218	-0.827945	-0.793909	-0.749619	-0.715675	-0.700067	-0.700552	-0.699507	-0.682918	-0.629784	-0.522433	-0.363129	-0.148763	0.107197	0.388424	0.674377	0.934441	
0.228655	0.112156	-0.0661127	-0.28567	-0.513804	-0.71387	-0.860427	-0.945386	-0.971156	-0.947683	-0.899369	-0.838781	-0.784098	-0.754862	-0.743427	-0.730448	-0.69671	-0.623096	-0.494364	-0.310742	-0.0695434	0.220943	0.529703	0.826287	1.09102	
0.154835	0.0429206	-0.13024	-0.350357	-0.577731	-0.7829	-0.94084	-1.0342	-1.06222	-1.03131	-0.966356	-0.891479	-0.820483	-0.773435	-0.75209	-0.728772	-0.680575	-0.596789	-0.459007	-0.262032	-0.00764902	0.297269	0.627289	0.940082	1.20246	
0.114014	-0.001156	-0.170832	-0.388169	-0.617628	-0.820703	-0.983342	-1.08058	-1.1106	-1.07572	-1.00025	-0.916372	-0.836806	-0.776348	-0.748508	-0.724223	-0.662404	-0.567797	-0.436025	-0.236961	0.0313616	0.34617	0.684008	1.00307	1.26802	
0.106765	-0.00980105	-0.178738	-0.39512	-0.624614	-0.827436	-0.990648	-1.08995	-1.11949	-1.08321	-1.00543	-0.921167	-0.841324	-0.777251	-0.747034	-0.723087	-0.658789	-0.562161	-0.43223	-0.233174	0.0385146	0.355689	0.693644	1.01314	1.27943	
0.134275	0.0219418	-0.149391	-0.369371	-0.59749	-0.801772	-0.96218	-1.05691	-1.08579	-1.05316	-0.983512	-0.903218	-0.82753	-0.775326	-0.751486	-0.726547	-0.672375	-0.584462	-0.447928	-0.248707	0.0106674	0.320336	0.655344	0.971818	1.23461	
0.195532	0.0814213	-0.0942265	-0.313275	-0.541438	-0.744642	-0.896995	-0.987046	-1.01416	-0.986086	-0.930447	-0.864664	-0.802579	-0.765009	-0.749276	-0.732162	-0.692136	-0.613696	-0.47942	-0.289175	-0.0425873	0.255429	0.573864	0.87652	1.14067	
0.283821	0.163921	-0.0178977	-0.240803	-0.465341	-0.658818	-0.796327	-0.871976	-0.893954	-0.879293	-0.841176	-0.789725	-0.746633	-0.727016	-0.724337	-0.717598	-0.693596	-0.630712	-0.513713	-0.343307	-0.114772	0.15723	0.448942	0.739695	1.00262	
0.371592	0.248986	0.0698837	-0.147714	-0.366043	-0.547648	-0.671103	-0.734871	-0.751076	-0.742142	-0.711461	-0.677712	-0.65701	-0.646494	-0.650239	-0.658322	-0.654183	-0.616737	-0.528509	-0.389215	-0.200611	0.028659	0.293485	0.569816	0.822366	
0.438329	0.323302	0.156497	-0.049704	-0.258962	-0.430506	-0.539033	-0.58978	-0.598766	-0.583246	-0.5519	-0.526072	-0.51569	-0.518951	-0.536	-0.558255	-0.571806	-0.564913	-0.514887	-0.416329	-0.280357	-0.102305	0.127061	0.377167	0.615321	
0.469366	0.373221	0.22379	0.0340336	-0.16114	-0.324528	-0.421061	-0.463327	-0.457239	-0.42357	-0.380968	-0.350034	-0.339171	-0.352494	-0.384032	-0.416214	-0.448888	-0.474722	-0.468442	-0.4274	-0.348344	-0.221624	-0.0453671	0.165542	0.387853	
0.464987	0.384542	0.250907	0.0843415	-0.0951757	-0.242103	-0.321946	-0.35249	-0.334111	-0.282826	-0.226639	-0.179557	-0.160214	-0.170968	-0.201343	-0.243394	-0.302436	-0.361829	-0.401045	-0.419786	-0.398911	-0.324711	-0.20239	-0.0391367	0.151614	
0.424211	0.35209	0.232758	0.0827155	-0.0670226	-0.184264	-0.24662	-0.263315	-0.234994	-0.183401	-0.116958	-0.0482383	-0.00688304	-0.000607505	-0.0202892	-0.0611633	-0.141111	-0.237095	-0.320236	-0.389167	-0.420997	-0.398788	-0.324022	-0.209101	-0.0732683	
0.349738	0.281291	0.183582	0.0608868	-0.0589295	-0.149236	-0.198105	-0.205023	-0.178583	-0.129436	-0.0521206	0.0377074	0.107018	0.140148	0.14213	0.110298	0.0281556	-0.0934998	-0.218732	-0.328571	-0.401676	-0.423346	-0.396645	-0.334706	-0.252915	
0.249895	0.190429	0.115398	0.0221052	-0.0727401	-0.14388	-0.18038	-0.181424	-0.15849	-0.109122	-0.0223148	0.079139	0.171588	0.233778	0.263384	0.248293	0.174859	0.0472651	-0.0958227	-0.226988	-0.331159	-0.39548	-0.417576	-0.410361	-0.381326	
0.135554	0.0909932	0.0360806	-0.0307351	-0.105704	-0.171278	-0.201675	-0.200225	-0.180783	-0.127788	-0.0323427	0.0822451	0.187156	0.270143	0.325283	0.333518	0.28061	0.171173	0.0357049	-0.0996912	-0.221974	-0.320647	-0.388516	-0.440532	-0.473511	
0.0182029	-0.0132332	-0.0525899	-0.0989419	-0.160919	-0.219175	-0.252012	-0.25476	-0.237016	-0.180155	-0.0796435	0.0429324	0.152743	0.254318	0.332772	0.368937	0.349553	0.274774	0.16636	0.042012	-0.0909644	-0.222454	-0.338542	-0.439506	-0.525239	
-0.0972344	-0.115009	-0.139881	-0.178336	-0.226042	-0.274306	-0.311586	-0.325675	-0.312797	-0.262949	-0.172566	-0.0529335	0.0702383	0.186303	0.288543	0.359743	0.382943	0.34969	0.278192	0.178245	0.044105	-0.115437	-0.270951	-0.409541	-0.53202	
-0.195088	-0.200291	-0.216593	-0.249409	-0.28812	-0.329104	-0.375839	-0.408723	-0.411678	-0.376039	-0.299276	-0.194625	-0.0645334	0.0716436	0.19864	0.302246	0.365356	0.375638	0.345538	0.269577	0.146288	-0.0180333	-0.195484	-0.36593	-0.516094	
-0.253103	-0.249726	-0.259969	-0.292939	-0.332914	-0.379051	-0.440835	-0.492507	-0.515877	-0.502275	-0.447491	-0.354145	-0.219326	-0.0700426	0.0739453	0.200886	0.295525	0.346163	0.348076	0.298702	0.193877	0.0360852	-0.141555	-0.327142	-0.489453	
-0.250192	-0.250683	-0.261727	-0.303096	-0.348807	-0.409045	-0.487575	-0.562741	-0.610247	-0.622497	-0.594705	-0.515672	-0.387352	-0.228429	-0.0704994	0.0731428	0.19264	0.272783	0.300317	0.274501	0.192939	0.0571048	-0.109816	-0.292318	-0.4647	
-0.183324	-0.199926	-0.22447	-0.27385	-0.336701	-0.41655	-0.510604	-0.604642	-0.679465	-0.72426	-0.726034	-0.666108	-0.553529	-0.393798	-0.224448	-0.0682662	0.0705377	0.169994	0.217037	0.216588	0.160557	0.0555713	-0.0937835	-0.267192	-0.44951	
-0.0926678	-0.119405	-0.161586	-0.224165	-0.303016	-0.39977	-0.511582	-0.629491	-0.729848	-0.80504	-0.826009	-0.784619	-0.683206	-0.534762	-0.37065	-0.207497	-0.0547113	0.0587427	0.117006	0.12752	0.0944493	0.017056	-0.107569	-0.26951	-0.452193	
-0.0054081	-0.0383579	-0.0961098	-0.174834	-0.269084	-0.377652	-0.501509	-0.630797	-0.744896	-0.835513	-0.871468	-0.844597	-0.756701	-0.627073	-0.478536	-0.321496	-0.176783	-0.0626994	0.00107567	0.0197942	0.0021243	-0.0543765	-0.152478	-0.298969	-0.470798	
