-0.187696	-0.203018	-0.199773	-0.202177	-0.2208	-0.249429	-0.291109	-0.350148	-0.402166	-0.439447	-0.455074	-0.434892	-0.370044	-0.250782	-0.0784621	0.132198	0.352209	0.570509	0.760989	0.893024	0.946026	0.899221	0.762865	0.563586	0.321896	
-0.203018	-0.215785	-0.206127	-0.203217	-0.218254	-0.243595	-0.278347	-0.321488	-0.362158	-0.405732	-0.437877	-0.438584	-0.395536	-0.293217	-0.136323	0.0547399	0.259308	0.468368	0.66125	0.812545	0.894453	0.88674	0.788766	0.615097	0.388441	
-0.199773	-0.206127	-0.19619	-0.193177	-0.206654	-0.232822	-0.262815	-0.298988	-0.341411	-0.390452	-0.430996	-0.450196	-0.422637	-0.329828	-0.189341	-0.0157261	0.17351	0.369904	0.565589	0.733784	0.843114	0.870168	0.804186	0.656987	0.443644	
-0.202177	-0.203217	-0.193177	-0.183271	-0.190141	-0.211117	-0.23663	-0.276414	-0.324726	-0.374447	-0.424365	-0.460777	-0.446686	-0.374072	-0.250127	-0.0866271	0.0937047	0.285963	0.482999	0.660414	0.78939	0.847233	0.812573	0.692149	0.496834	
-0.2208	-0.218254	-0.206654	-0.190141	-0.184481	-0.192093	-0.212524	-0.251966	-0.292604	-0.341491	-0.406421	-0.461179	-0.466815	-0.413864	-0.301951	-0.149457	0.0186183	0.204321	0.39973	0.584576	0.731359	0.815669	0.815217	0.723622	0.545841	
-0.249429	-0.243595	-0.232822	-0.211117	-0.192093	-0.186371	-0.195872	-0.218473	-0.248665	-0.30264	-0.373939	-0.438433	-0.465608	-0.437358	-0.346355	-0.214678	-0.0605493	0.120055	0.311629	0.504404	0.670598	0.779265	0.809554	0.74318	0.584469	
-0.291109	-0.278347	-0.262815	-0.23663	-0.212524	-0.195872	-0.185243	-0.187092	-0.210062	-0.257232	-0.321752	-0.392919	-0.44097	-0.434161	-0.374754	-0.275836	-0.137808	0.0289335	0.218256	0.41517	0.589545	0.722179	0.781785	0.744645	0.612154	
-0.350148	-0.321488	-0.298988	-0.276414	-0.251966	-0.218473	-0.187092	-0.174211	-0.184708	-0.212745	-0.263139	-0.335556	-0.38997	-0.405186	-0.379429	-0.31057	-0.199649	-0.0587938	0.11592	0.306478	0.48672	0.638899	0.723701	0.723918	0.622864	
-0.402166	-0.362158	-0.341411	-0.324726	-0.292604	-0.248665	-0.210062	-0.184708	-0.175298	-0.185763	-0.228686	-0.291471	-0.338476	-0.368042	-0.365702	-0.327672	-0.246589	-0.126508	0.0284673	0.20733	0.383583	0.5447	0.652593	0.679434	0.609541	
-0.439447	-0.405732	-0.390452	-0.374447	-0.341491	-0.30264	-0.257232	-0.212745	-0.185763	-0.189268	-0.218341	-0.261035	-0.301257	-0.335907	-0.348927	-0.33208	-0.27828	-0.176897	-0.0352916	0.134472	0.307095	0.468237	0.59037	0.633995	0.590698	
-0.455074	-0.437877	-0.430996	-0.424365	-0.406421	-0.373939	-0.321752	-0.263139	-0.228686	-0.218341	-0.228413	-0.249194	-0.276334	-0.306099	-0.326803	-0.328213	-0.289582	-0.198793	-0.0683744	0.0899091	0.261499	0.421557	0.546536	0.600179	0.570771	
-0.434892	-0.438584	-0.450196	-0.460777	-0.461179	-0.438433	-0.392919	-0.335556	-0.291471	-0.261035	-0.249194	-0.247135	-0.258221	-0.273007	-0.29115	-0.307468	-0.280405	-0.203785	-0.0837818	0.066295	0.230658	0.384883	0.508777	0.569717	0.545439	
-0.370044	-0.395536	-0.422637	-0.446686	-0.466815	-0.465608	-0.44097	-0.38997	-0.338476	-0.301257	-0.276334	-0.258221	-0.243673	-0.24236	-0.261565	-0.28408	-0.266886	-0.208265	-0.103663	0.0426134	0.200606	0.350193	0.470719	0.5303	0.511412	
-0.250782	-0.293217	-0.329828	-0.374072	-0.413864	-0.437358	-0.434161	-0.405186	-0.368042	-0.335907	-0.306099	-0.273007	-0.24236	-0.231117	-0.250538	-0.274415	-0.270165	-0.225035	-0.127177	0.00695878	0.154293	0.303113	0.422558	0.483855	0.480754	
-0.0784621	-0.136323	-0.189341	-0.250127	-0.301951	-0.346355	-0.374754	-0.379429	-0.365702	-0.348927	-0.326803	-0.29115	-0.261565	-0.250538	-0.265262	-0.285374	-0.293118	-0.25844	-0.166516	-0.0422706	0.10705	0.25896	0.377664	0.447554	0.45961	
0.132198	0.0547399	-0.0157261	-0.0866271	-0.149457	-0.214678	-0.275836	-0.31057	-0.327672	-0.33208	-0.328213	-0.307468	-0.28408	-0.274415	-0.285374	-0.312086	-0.324269	-0.289645	-0.211836	-0.0912434	0.0669143	0.219181	0.343744	0.423234	0.444348	
0.352209	0.259308	0.17351	0.0937047	0.0186183	-0.0605493	-0.137808	-0.199649	-0.246589	-0.27828	-0.289582	-0.280405	-0.266886	-0.270165	-0.293118	-0.324269	-0.343813	-0.316737	-0.246691	-0.126905	0.0302556	0.180423	0.315564	0.403092	0.43809	
0.570509	0.468368	0.369904	0.285963	0.204321	0.120055	0.0289335	-0.0587938	-0.126508	-0.176897	-0.198793	-0.203785	-0.208265	-0.225035	-0.25844	-0.289645	-0.316737	-0.309014	-0.254288	-0.150262	-0.00108703	0.151918	0.288578	0.384609	0.434151	
0.760989	0.66125	0.565589	0.482999	0.39973	0.311629	0.218256	0.11592	0.0284673	-0.0352916	-0.0683744	-0.0837818	-0.103663	-0.127177	-0.166516	-0.211836	-0.246691	-0.254288	-0.217763	-0.134095	-0.0038869	0.142943	0.269313	0.36596	0.428972	
0.893024	0.812545	0.733784	0.660414	0.584576	0.504404	0.41517	0.306478	0.20733	0.134472	0.0899091	0.066295	0.0426134	0.00695878	-0.0422706	-0.0912434	-0.126905	-0.150262	-0.134095	-0.0664315	0.0347768	0.161716	0.275165	0.361091	0.429345	
0.946026	0.894453	0.843114	0.78939	0.731359	0.670598	0.589545	0.48672	0.383583	0.307095	0.261499	0.230658	0.200606	0.154293	0.10705	0.0669143	0.0302556	-0.00108703	-0.0038869	0.0347768	0.108429	0.211261	0.30404	0.37901	0.439984	
0.899221	0.88674	0.870168	0.847233	0.815669	0.779265	0.722179	0.638899	0.5447	0.468237	0.421557	0.384883	0.350193	0.303113	0.25896	0.219181	0.180423	0.151918	0.142943	0.161716	0.211261	0.286914	0.352679	0.409258	0.461998	
0.762865	0.788766	0.804186	0.812573	0.815217	0.809554	0.781785	0.723701	0.652593	0.59037	0.546536	0.508777	0.470719	0.422558	0.377664	0.343744	0.315564	0.288578	0.269313	0.275165	0.30404	0.352679	0.404892	0.454088	0.5048	
0.563586	0.615097	0.656987	0.692149	0.723622	0.74318	0.744645	0.723918	0.679434	0.633995	0.600179	0.569717	0.5303	0.483855	0.447554	0.423234	0.403092	0.384609	0.36596	0.361091	0.37901	0.409258	0.454088	0.505247	0.558934	
0.321896	0.388441	0.443644	0.496834	0.545841	0.584469	0.612154	0.622864	0.609541	0.590698	0.570771	0.545439	0.511412	0.480754	0.45961	0.444348	0.43809	0.434151	0.428972	0.429345	0.439984	0.461998	0.5048	0.558934	0.628235	
0.0668449	0.133514	0.189966	0.247136	0.304193	0.351613	0.396235	0.430514	0.451289	0.460871	0.458401	0.449584	0.429283	0.419103	0.416823	0.425748	0.44838	0.463935	0.473489	0.481184	0.491687	0.510312	0.555083	0.623383	0.710981	
-0.175813	-0.120071	-0.0662273	-0.0130513	0.0398389	0.0865134	0.138938	0.196741	0.243838	0.27736	0.29307	0.302861	0.305615	0.321308	0.350359	0.388845	0.438239	0.48291	0.517881	0.538523	0.552661	0.569725	0.612924	0.686874	0.783591	
-0.389327	-0.344296	-0.297617	-0.251615	-0.207239	-0.159466	-0.103783	-0.0356646	0.0334585	0.095119	0.132056	0.152848	0.177518	0.220979	0.282895	0.351238	0.427689	0.499807	0.559375	0.597805	0.612361	0.629027	0.670577	0.744091	0.848351	
-0.546226	-0.511373	-0.47039	-0.431374	-0.394008	-0.351118	-0.29529	-0.220205	-0.128824	-0.0553356	-0.00552021	0.0316914	0.0785315	0.143895	0.226236	0.3256	0.425896	0.522409	0.600393	0.644958	0.664942	0.67947	0.713025	0.789182	0.894441	
-0.636113	-0.607759	-0.568041	-0.533471	-0.502074	-0.460403	-0.404679	-0.324434	-0.225811	-0.141828	-0.0824137	-0.0395754	0.0193385	0.0983224	0.197697	0.311707	0.423638	0.535809	0.625963	0.677908	0.69883	0.71071	0.740838	0.813606	0.916234	
-0.652575	-0.62455	-0.585754	-0.551881	-0.520731	-0.47753	-0.422175	-0.342454	-0.24331	-0.154166	-0.0923434	-0.0502714	0.00894024	0.088844	0.193646	0.309983	0.423296	0.536059	0.628098	0.684744	0.703905	0.715876	0.747471	0.817591	0.920328	
-0.590043	-0.558473	-0.518579	-0.481801	-0.446816	-0.405803	-0.350058	-0.272691	-0.175591	-0.0991092	-0.0457405	-0.00407473	0.0496152	0.121972	0.211053	0.318799	0.425063	0.529788	0.61378	0.660185	0.681349	0.694654	0.725873	0.801139	0.90572	
-0.459531	-0.419234	-0.374768	-0.332017	-0.29098	-0.244688	-0.187916	-0.116866	-0.0390061	0.0287249	0.0726519	0.0999373	0.13328	0.187165	0.257786	0.338499	0.426104	0.509145	0.57626	0.617937	0.635103	0.650506	0.689117	0.764341	0.869319	
-0.266242	-0.214867	-0.164269	-0.113638	-0.063125	-0.0157803	0.0376509	0.10062	0.15694	0.203284	0.227131	0.241287	0.252602	0.278696	0.323239	0.373582	0.433124	0.488107	0.533673	0.563472	0.576769	0.594149	0.637713	0.710612	0.81083	
-0.0321482	0.0307351	0.0863752	0.1424	0.199149	0.246024	0.294946	0.339132	0.37196	0.389965	0.394322	0.394094	0.383235	0.383477	0.390912	0.411928	0.446018	0.473372	0.49272	0.50246	0.51474	0.533128	0.576452	0.649213	0.741819	
0.219496	0.287886	0.344648	0.401086	0.454423	0.498626	0.534635	0.555342	0.554501	0.548447	0.536244	0.515325	0.484914	0.461966	0.447691	0.440078	0.44494	0.446657	0.446629	0.45145	0.461212	0.481477	0.524839	0.584335	0.660848	
0.471006	0.529685	0.578265	0.622501	0.662715	0.69034	0.701643	0.695771	0.663391	0.627709	0.598052	0.569305	0.531897	0.490089	0.460379	0.438668	0.421931	0.408865	0.395462	0.390765	0.404362	0.431116	0.474243	0.525733	0.584715	
0.689544	0.727168	0.754571	0.773862	0.789533	0.794747	0.779512	0.734807	0.674332	0.618036	0.577772	0.543077	0.503442	0.455451	0.411064	0.381973	0.357971	0.333172	0.312513	0.311575	0.33617	0.376328	0.424344	0.474433	0.525415	
0.853608	0.857652	0.854632	0.844981	0.826173	0.802058	0.756785	0.68256	0.596202	0.524475	0.478526	0.439591	0.403534	0.356132	0.312379	0.273607	0.237265	0.209257	0.195682	0.211422	0.251469	0.314385	0.374844	0.42546	0.476278	
0.939662	0.902624	0.864543	0.823207	0.774022	0.722196	0.648075	0.552632	0.452088	0.373795	0.327536	0.29406	0.262662	0.21497	0.170016	0.130392	0.0919181	0.0628141	0.055703	0.0833146	0.147457	0.240089	0.321659	0.389589	0.447185	
0.924941	0.854832	0.786195	0.718705	0.649043	0.576312	0.489488	0.380536	0.278699	0.204732	0.158479	0.132434	0.105788	0.0642794	0.0148844	-0.0302305	-0.0662874	-0.0950329	-0.0869908	-0.029605	0.0609013	0.177969	0.284025	0.366355	0.431899	
0.821996	0.728167	0.638568	0.558305	0.476142	0.389081	0.297663	0.192096	0.0983459	0.0304471	-0.00832716	-0.0273477	-0.0485701	-0.0762657	-0.119725	-0.168934	-0.205168	-0.218578	-0.190059	-0.112224	0.00657943	0.146126	0.268714	0.361504	0.42774	
0.651784	0.548856	0.44897	0.365505	0.282592	0.195787	0.102153	0.0070654	-0.0679114	-0.12434	-0.150534	-0.160531	-0.172946	-0.191604	-0.227756	-0.263667	-0.293262	-0.293032	-0.245701	-0.150648	-0.00716675	0.146484	0.278731	0.376369	0.432922	
0.440786	0.343607	0.251525	0.168804	0.0909413	0.00957284	-0.0736107	-0.146817	-0.203056	-0.243715	-0.258886	-0.254651	-0.248647	-0.258428	-0.285865	-0.316378	-0.339688	-0.319734	-0.253893	-0.138102	0.0162037	0.166643	0.304778	0.395699	0.435985	
0.219954	0.13574	0.0593109	-0.0158898	-0.0845155	-0.156067	-0.225134	-0.27062	-0.300597	-0.316101	-0.319198	-0.303704	-0.28245	-0.276602	-0.29146	-0.320776	-0.334757	-0.301531	-0.228304	-0.10752	0.0519228	0.203044	0.332319	0.415115	0.440526	
0.00262109	-0.0627773	-0.123536	-0.187954	-0.243712	-0.29703	-0.339855	-0.357282	-0.354719	-0.345242	-0.330484	-0.299914	-0.27291	-0.261594	-0.273364	-0.295756	-0.305545	-0.272121	-0.185044	-0.0625281	0.0902264	0.243528	0.362638	0.436618	0.453476	
-0.186993	-0.235772	-0.278497	-0.330871	-0.375625	-0.407549	-0.415525	-0.399749	-0.372487	-0.345442	-0.315224	-0.278755	-0.248216	-0.236235	-0.25441	-0.275935	-0.277313	-0.236846	-0.140238	-0.0120961	0.134565	0.284367	0.403446	0.468019	0.470815	
-0.329241	-0.36162	-0.392838	-0.424757	-0.453044	-0.461593	-0.445904	-0.401082	-0.352243	-0.316447	-0.289328	-0.264583	-0.240238	-0.233964	-0.254293	-0.277871	-0.265256	-0.213238	-0.11264	0.0307605	0.183841	0.33262	0.452677	0.511204	0.49822	
-0.415717	-0.428203	-0.446403	-0.462498	-0.470325	-0.454958	-0.416685	-0.361296	-0.312621	-0.277314	-0.258777	-0.249771	-0.251593	-0.260201	-0.277619	-0.297744	-0.274777	-0.20427	-0.0909594	0.057438	0.219496	0.371501	0.494148	0.555592	0.533012	
-0.450947	-0.442707	-0.442236	-0.442478	-0.432023	-0.401933	-0.350417	-0.292005	-0.254917	-0.235025	-0.235693	-0.247395	-0.269369	-0.293154	-0.313509	-0.321275	-0.286719	-0.201997	-0.0749258	0.0792361	0.248126	0.406602	0.530825	0.588244	0.560898	
