-0.0585695	0.169162	0.396246	0.570765	0.671954	0.690006	0.620467	0.4742	0.263136	0.0302089	-0.183822	-0.337116	-0.397446	-0.352067	-0.220916	-0.0559358	0.121698	0.280316	0.393017	0.437267	0.412348	0.334183	0.224055	0.12029	0.044198	
-0.0226649	0.200239	0.421706	0.600136	0.7113	0.731707	0.653784	0.500067	0.291866	0.0641872	-0.140053	-0.27634	-0.317629	-0.255271	-0.122586	0.0333261	0.193721	0.33019	0.412886	0.426628	0.379013	0.285463	0.172093	0.0673085	-0.0122057	
0.0381141	0.248941	0.459653	0.639229	0.756314	0.778276	0.695447	0.536923	0.335046	0.11969	-0.0702899	-0.189185	-0.211223	-0.145749	-0.0239582	0.116057	0.252641	0.358414	0.409914	0.39631	0.329728	0.228436	0.116246	0.0174467	-0.0575941	
0.128947	0.321332	0.515359	0.68461	0.794715	0.813662	0.737848	0.587548	0.400088	0.203707	0.0301996	-0.0767424	-0.0950612	-0.0409853	0.0634426	0.185087	0.296014	0.374728	0.401193	0.36642	0.288038	0.185188	0.076228	-0.0183238	-0.0860797	
0.233243	0.403382	0.576665	0.727159	0.820967	0.836982	0.773199	0.641163	0.474437	0.297984	0.148766	0.0542855	0.0309685	0.0736153	0.156625	0.255623	0.341015	0.397557	0.403444	0.356553	0.271891	0.164379	0.0566358	-0.041171	-0.10867	
0.3375	0.4796	0.627767	0.754101	0.834635	0.848839	0.79333	0.681025	0.541257	0.390801	0.272384	0.198243	0.175755	0.211938	0.280199	0.353094	0.41079	0.441501	0.432987	0.379	0.28635	0.178623	0.0736878	-0.0297722	-0.113539	
0.444879	0.546014	0.660335	0.764647	0.835085	0.84862	0.797941	0.704561	0.59178	0.482462	0.397623	0.344018	0.330564	0.359938	0.414951	0.470022	0.511082	0.52783	0.510743	0.452146	0.356648	0.255557	0.151966	0.0386762	-0.063753	
0.529679	0.581649	0.6499	0.725708	0.781045	0.791782	0.751537	0.680804	0.606451	0.549329	0.504737	0.480759	0.481646	0.508974	0.555816	0.60163	0.639516	0.660237	0.644205	0.581298	0.484026	0.383931	0.278304	0.159046	0.0342275	
0.560397	0.564767	0.581679	0.61772	0.650916	0.65674	0.633495	0.593993	0.568974	0.561468	0.563002	0.58204	0.611387	0.654036	0.705896	0.759503	0.807196	0.838702	0.826315	0.763194	0.670554	0.559079	0.438958	0.306875	0.160745	
0.524935	0.477562	0.45076	0.443188	0.445207	0.444993	0.443831	0.445897	0.464901	0.503253	0.55839	0.624137	0.698009	0.77185	0.848494	0.92368	0.990971	1.03632	1.03169	0.970884	0.871223	0.745663	0.609265	0.459584	0.306291	
0.433654	0.344417	0.275168	0.22374	0.193184	0.187851	0.208517	0.252499	0.314631	0.395681	0.494681	0.603566	0.722663	0.840457	0.952416	1.0615	1.15515	1.21031	1.21678	1.16429	1.0643	0.929355	0.774995	0.618114	0.460028	
0.313626	0.181266	0.0710647	-0.01837	-0.0732865	-0.0817513	-0.0468056	0.0336841	0.134046	0.258827	0.397649	0.539985	0.697695	0.859544	1.01196	1.15502	1.27461	1.34621	1.36556	1.32831	1.23901	1.1048	0.941931	0.779308	0.617342	
0.164998	-0.00140766	-0.147481	-0.268334	-0.335076	-0.344599	-0.302575	-0.200126	-0.0624485	0.0962826	0.271413	0.44775	0.642	0.848142	1.04174	1.21323	1.35272	1.44262	1.48052	1.458	1.38582	1.26424	1.1102	0.944969	0.777534	
-0.0061784	-0.20541	-0.377322	-0.512472	-0.584221	-0.596555	-0.548412	-0.437624	-0.278003	-0.0885748	0.119806	0.333445	0.567299	0.80986	1.03615	1.23356	1.39015	1.49474	1.54822	1.54411	1.49576	1.40034	1.26686	1.10729	0.938324	
-0.179735	-0.399376	-0.584464	-0.726245	-0.808744	-0.823346	-0.766678	-0.646805	-0.478606	-0.270664	-0.0401348	0.206191	0.471377	0.736245	0.987145	1.20324	1.37147	1.49089	1.56276	1.58417	1.56221	1.49843	1.3943	1.25488	1.08632	
-0.32797	-0.556135	-0.744619	-0.890832	-0.975	-0.988686	-0.933065	-0.809019	-0.636338	-0.422881	-0.179722	0.0886937	0.365879	0.631852	0.894908	1.11978	1.29737	1.42932	1.52144	1.57393	1.58661	1.55746	1.47846	1.3573	1.19988	
-0.436493	-0.659816	-0.845786	-0.98532	-1.06353	-1.07539	-1.02492	-0.907967	-0.738988	-0.529665	-0.286997	-0.0191436	0.249412	0.512435	0.769027	0.993637	1.17342	1.3178	1.43483	1.52208	1.57109	1.56859	1.51351	1.41087	1.26844	
-0.507521	-0.714263	-0.887963	-1.00956	-1.0722	-1.08176	-1.0418	-0.943951	-0.788419	-0.593884	-0.369152	-0.124989	0.123697	0.372616	0.613174	0.831199	1.01304	1.16944	1.31709	1.43433	1.51014	1.53126	1.49493	1.40683	1.27902	
-0.546577	-0.728577	-0.876926	-0.980488	-1.02479	-1.03132	-1.004	-0.925403	-0.792197	-0.623129	-0.425929	-0.215302	0.00172501	0.220832	0.44075	0.645727	0.832761	1.00688	1.17557	1.31202	1.40364	1.43912	1.41765	1.34835	1.23887	
-0.55359	-0.701852	-0.818876	-0.903172	-0.940568	-0.944855	-0.923296	-0.857829	-0.752254	-0.616465	-0.452184	-0.277948	-0.10126	0.0804322	0.268956	0.457652	0.646193	0.836196	1.00966	1.15121	1.25073	1.29824	1.29159	1.23811	1.14998	
-0.534566	-0.649566	-0.743097	-0.80916	-0.844436	-0.849972	-0.826913	-0.773324	-0.689823	-0.583361	-0.453126	-0.312731	-0.174432	-0.0365769	0.108651	0.275761	0.451637	0.633935	0.803141	0.945113	1.04902	1.10845	1.11995	1.09064	1.03077	
-0.50153	-0.598632	-0.682857	-0.744472	-0.785164	-0.791713	-0.764343	-0.710004	-0.634415	-0.541482	-0.437491	-0.330335	-0.231086	-0.133766	-0.0288822	0.0995287	0.245486	0.407744	0.560281	0.693841	0.801869	0.883801	0.923173	0.928101	0.90477	
-0.481851	-0.576271	-0.671199	-0.752339	-0.799891	-0.807343	-0.775632	-0.707179	-0.614426	-0.518266	-0.427818	-0.345082	-0.278748	-0.218595	-0.149899	-0.0686874	0.0385726	0.168404	0.304018	0.427138	0.537401	0.632615	0.702833	0.750375	0.772397	
-0.504117	-0.614563	-0.734119	-0.838778	-0.900449	-0.911164	-0.869201	-0.779678	-0.66256	-0.545283	-0.449721	-0.376553	-0.329905	-0.300252	-0.271702	-0.23072	-0.163578	-0.0697029	0.043813	0.156689	0.266431	0.379228	0.486397	0.571902	0.635158	
-0.585045	-0.71702	-0.866504	-0.998731	-1.07861	-1.09254	-1.0377	-0.923815	-0.776128	-0.634842	-0.519427	-0.437977	-0.398996	-0.391151	-0.396433	-0.390561	-0.362049	-0.304572	-0.219514	-0.120415	4.37806e-05	0.144576	0.289139	0.41289	0.50671	
-0.716777	-0.883421	-1.06506	-1.22747	-1.32412	-1.34003	-1.27566	-1.13541	-0.955303	-0.780512	-0.632631	-0.529773	-0.483634	-0.491066	-0.521999	-0.548122	-0.55313	-0.526955	-0.468949	-0.37632	-0.243875	-0.0765353	0.0987001	0.257683	0.388756	
-0.883421	-1.0892	-1.30907	-1.49858	-1.61221	-1.63146	-1.55535	-1.39122	-1.17758	-0.961979	-0.77696	-0.647718	-0.583863	-0.583852	-0.627721	-0.682243	-0.722999	-0.724569	-0.686661	-0.604266	-0.467573	-0.286444	-0.0815021	0.110906	0.281578	
-1.06506	-1.30907	-1.55939	-1.76341	-1.88309	-1.90292	-1.82342	-1.64871	-1.41107	-1.15929	-0.938252	-0.779417	-0.686922	-0.670144	-0.715198	-0.78847	-0.858811	-0.88942	-0.869502	-0.792512	-0.655119	-0.465264	-0.239651	-0.0146082	0.19612	
-1.22747	-1.49858	-1.76341	-1.97313	-2.09567	-2.11675	-2.03371	-1.85633	-1.60787	-1.33328	-1.08231	-0.894665	-0.777418	-0.737988	-0.776582	-0.86499	-0.954591	-1.00439	-1.00218	-0.937761	-0.799369	-0.602442	-0.368636	-0.117624	0.128665	
-1.32412	-1.61221	-1.88309	-2.09567	-2.2187	-2.24045	-2.15646	-1.97716	-1.72554	-1.43727	-1.16929	-0.963057	-0.829981	-0.781015	-0.813882	-0.902086	-0.993792	-1.05942	-1.07457	-1.02142	-0.883317	-0.678597	-0.43671	-0.178726	0.0868434	
-1.34003	-1.63146	-1.90292	-2.11675	-2.24045	-2.26286	-2.17755	-1.9972	-1.74514	-1.45468	-1.18398	-0.97548	-0.838501	-0.787986	-0.819117	-0.906842	-0.999141	-1.06843	-1.08547	-1.03432	-0.897424	-0.692392	-0.446614	-0.188268	0.080157	
-1.27566	-1.55535	-1.82342	-2.03371	-2.15646	-2.17755	-2.09463	-1.91656	-1.66674	-1.38509	-1.1252	-0.928087	-0.803499	-0.75864	-0.795292	-0.884488	-0.9757	-1.03246	-1.03904	-0.979867	-0.841259	-0.639909	-0.403633	-0.14873	0.107263	
-1.13541	-1.39122	-1.64871	-1.85633	-1.97716	-1.9972	-1.91656	-1.74004	-1.49651	-1.23464	-1.00061	-0.829527	-0.726633	-0.700039	-0.742673	-0.823795	-0.903603	-0.943119	-0.929348	-0.856553	-0.718647	-0.525977	-0.296843	-0.0580333	0.167608	
-0.955303	-1.17758	-1.41107	-1.60787	-1.72554	-1.74514	-1.66674	-1.49651	-1.27221	-1.04054	-0.84076	-0.700211	-0.625261	-0.619735	-0.665515	-0.727709	-0.781363	-0.794893	-0.764752	-0.68432	-0.547731	-0.362684	-0.147308	0.0575452	0.244959	
-0.780512	-0.961979	-1.15929	-1.33328	-1.43727	-1.45468	-1.38509	-1.23464	-1.04054	-0.850152	-0.687205	-0.573958	-0.521909	-0.52839	-0.566401	-0.605343	-0.624773	-0.609522	-0.55993	-0.471405	-0.336019	-0.163445	0.0241187	0.197207	0.343924	
-0.632631	-0.77696	-0.938252	-1.08231	-1.16929	-1.18398	-1.1252	-1.00061	-0.84076	-0.687205	-0.560699	-0.471592	-0.431267	-0.431487	-0.448223	-0.45455	-0.440145	-0.395495	-0.322428	-0.226328	-0.100378	0.0555589	0.213306	0.351099	0.459076	
-0.529773	-0.647718	-0.779417	-0.894665	-0.963057	-0.97548	-0.928087	-0.829527	-0.700211	-0.573958	-0.471592	-0.396655	-0.355236	-0.334877	-0.321034	-0.295115	-0.243416	-0.16429	-0.0616204	0.04452	0.157574	0.282519	0.40475	0.506388	0.581479	
-0.483634	-0.583863	-0.686922	-0.777418	-0.829981	-0.838501	-0.803499	-0.726633	-0.625261	-0.521909	-0.431267	-0.355236	-0.297311	-0.251254	-0.198616	-0.133555	-0.042021	0.0730092	0.200138	0.320752	0.430082	0.530476	0.615212	0.677549	0.717825	
-0.491066	-0.583852	-0.670144	-0.737988	-0.781015	-0.787986	-0.75864	-0.700039	-0.619735	-0.52839	-0.431487	-0.334877	-0.251254	-0.168305	-0.0777642	0.0312351	0.161775	0.312146	0.458654	0.586557	0.696556	0.785817	0.835887	0.85815	0.853028	
-0.521999	-0.627721	-0.715198	-0.776582	-0.813882	-0.819117	-0.795292	-0.742673	-0.665515	-0.566401	-0.448223	-0.321034	-0.198616	-0.0777642	0.0494473	0.203882	0.370411	0.546089	0.708712	0.84955	0.95433	1.02258	1.0443	1.02761	0.980396	
-0.548122	-0.682243	-0.78847	-0.86499	-0.902086	-0.906842	-0.884488	-0.823795	-0.727709	-0.605343	-0.45455	-0.295115	-0.133555	0.0312351	0.203882	0.384669	0.569329	0.759086	0.932336	1.0744	1.17592	1.22717	1.22768	1.18176	1.10428	
-0.55313	-0.722999	-0.858811	-0.954591	-0.993792	-0.999141	-0.9757	-0.903603	-0.781363	-0.624773	-0.440145	-0.243416	-0.042021	0.161775	0.370411	0.569329	0.759181	0.94185	1.11329	1.25257	1.3483	1.38945	1.37341	1.31031	1.20873	
-0.526955	-0.724569	-0.88942	-1.00439	-1.05942	-1.06843	-1.03246	-0.943119	-0.794893	-0.609522	-0.395495	-0.16429	0.0730092	0.312146	0.546089	0.759086	0.94185	1.10353	1.26252	1.38934	1.47319	1.49986	1.46994	1.38955	1.26893	
-0.468949	-0.686661	-0.869502	-1.00218	-1.07457	-1.08547	-1.03904	-0.929348	-0.764752	-0.55993	-0.322428	-0.0616204	0.200138	0.458654	0.708712	0.932336	1.11329	1.26252	1.39099	1.49123	1.55266	1.56055	1.51418	1.41655	1.27961	
-0.37632	-0.604266	-0.792512	-0.937761	-1.02142	-1.03432	-0.979867	-0.856553	-0.68432	-0.471405	-0.226328	0.04452	0.320752	0.586557	0.84955	1.0744	1.25257	1.38934	1.49123	1.55828	1.58529	1.56691	1.49739	1.38489	1.23356	
-0.243875	-0.467573	-0.655119	-0.799369	-0.883317	-0.897424	-0.841259	-0.718647	-0.547731	-0.336019	-0.100378	0.157574	0.430082	0.696556	0.95433	1.17592	1.3483	1.47319	1.55266	1.58529	1.57599	1.52801	1.43443	1.30197	1.13676	
-0.0765353	-0.286444	-0.465264	-0.602442	-0.678597	-0.692392	-0.639909	-0.525977	-0.362684	-0.163445	0.0555589	0.282519	0.530476	0.785817	1.02258	1.22717	1.38945	1.49986	1.56055	1.56691	1.52801	1.4438	1.32213	1.1709	1.00063	
0.0987001	-0.0815021	-0.239651	-0.368636	-0.43671	-0.446614	-0.403633	-0.296843	-0.147308	0.0241187	0.213306	0.40475	0.615212	0.835887	1.0443	1.22768	1.37341	1.46994	1.51418	1.49739	1.43443	1.32213	1.175	1.00962	0.841942	
0.257683	0.110906	-0.0146082	-0.117624	-0.178726	-0.188268	-0.14873	-0.0580333	0.0575452	0.197207	0.351099	0.506388	0.677549	0.85815	1.02761	1.18176	1.31031	1.38955	1.41655	1.38489	1.30197	1.1709	1.00962	0.846377	0.681475	
0.388756	0.281578	0.19612	0.128665	0.0868434	0.080157	0.107263	0.167608	0.244959	0.343924	0.459076	0.581479	0.717825	0.853028	0.980396	1.10428	1.20873	1.26893	1.27961	1.23356	1.13676	1.00063	0.841942	0.681475	0.522395	
