-0.245388	-0.203277	-0.161415	-0.128037	-0.116239	-0.108314	-0.0897458	-0.0698638	-0.0439249	-0.00761113	0.0123898	0.00495572	-0.0264539	-0.0904166	-0.198729	-0.334175	-0.46847	-0.600391	-0.706662	-0.767633	-0.767084	-0.700956	-0.581884	-0.427352	-0.251031	
-0.203277	-0.159943	-0.115453	-0.0754356	-0.060102	-0.0504989	-0.0316196	-0.0135155	0.00362551	0.0226315	0.0233604	0.00606432	-0.0263281	-0.0950427	-0.220837	-0.387231	-0.560433	-0.725914	-0.860718	-0.935697	-0.937507	-0.866052	-0.736005	-0.562607	-0.361951	
-0.161415	-0.115453	-0.0663873	-0.0328743	-0.0219335	-0.0222562	-0.0134567	0.000339256	0.0133003	0.0164903	0.00334061	-0.0188215	-0.0544793	-0.122492	-0.254086	-0.436556	-0.631736	-0.81908	-0.976286	-1.05467	-1.05406	-0.981798	-0.845999	-0.661714	-0.449598	
-0.128037	-0.0754356	-0.0328743	-0.0051683	0.0029355	-0.0097736	-0.0136921	-0.00591928	0.00294041	-0.0107024	-0.0385802	-0.0643119	-0.102959	-0.174346	-0.302187	-0.47977	-0.680949	-0.883893	-1.04721	-1.12813	-1.12472	-1.04249	-0.895136	-0.70594	-0.482624	
-0.116239	-0.060102	-0.0219335	0.0029355	0.00786401	-0.0074485	-0.0197812	-0.0192064	-0.0252891	-0.0512985	-0.0834602	-0.114585	-0.159323	-0.233144	-0.351897	-0.518751	-0.713711	-0.909049	-1.06275	-1.14323	-1.12961	-1.03493	-0.878762	-0.682796	-0.452683	
-0.108314	-0.0504989	-0.0222562	-0.0097736	-0.0074485	-0.0135329	-0.0322252	-0.0467685	-0.069515	-0.100396	-0.130216	-0.165772	-0.210389	-0.280403	-0.392791	-0.545902	-0.719418	-0.888521	-1.02358	-1.08801	-1.06448	-0.960958	-0.799515	-0.602799	-0.375918	
-0.0897458	-0.0316196	-0.0134567	-0.0136921	-0.0197812	-0.0322252	-0.0568024	-0.0855548	-0.120804	-0.152483	-0.182933	-0.216568	-0.252601	-0.310741	-0.404029	-0.531711	-0.676355	-0.817024	-0.930119	-0.975498	-0.945988	-0.839328	-0.681424	-0.491576	-0.272489	
-0.0698638	-0.0135155	0.000339256	-0.00591928	-0.0192064	-0.0467685	-0.0855548	-0.134384	-0.178548	-0.207212	-0.227868	-0.244415	-0.262438	-0.305335	-0.374126	-0.467246	-0.580274	-0.694971	-0.786413	-0.820462	-0.783683	-0.683821	-0.538049	-0.359801	-0.158296	
-0.0439249	0.00362551	0.0133003	0.00294041	-0.0252891	-0.069515	-0.120804	-0.178548	-0.226258	-0.253879	-0.256851	-0.248434	-0.249339	-0.265545	-0.301431	-0.358802	-0.442527	-0.534695	-0.608095	-0.636482	-0.601848	-0.516528	-0.38839	-0.23383	-0.0589623	
-0.00761113	0.0226315	0.0164903	-0.0107024	-0.0512985	-0.100396	-0.152483	-0.207212	-0.253879	-0.274428	-0.265974	-0.243727	-0.215244	-0.190614	-0.188607	-0.216244	-0.271231	-0.341492	-0.405843	-0.437528	-0.422424	-0.361082	-0.261505	-0.137723	0.0109779	
0.0123898	0.0233604	0.00334061	-0.0385802	-0.0834602	-0.130216	-0.182933	-0.227868	-0.256851	-0.265974	-0.259052	-0.224453	-0.162188	-0.0953919	-0.0528571	-0.0496808	-0.0777771	-0.134023	-0.200122	-0.254327	-0.270053	-0.238904	-0.178538	-0.0852161	0.037671	
0.00495572	0.00606432	-0.0188215	-0.0643119	-0.114585	-0.165772	-0.216568	-0.244415	-0.248434	-0.243727	-0.224453	-0.171124	-0.0789905	0.0208929	0.095011	0.123211	0.112386	0.0594448	-0.0203803	-0.100656	-0.146395	-0.152294	-0.13297	-0.0755164	0.016977	
-0.0264539	-0.0263281	-0.0544793	-0.102959	-0.159323	-0.210389	-0.252601	-0.262438	-0.249339	-0.215244	-0.162188	-0.0789905	0.0349722	0.156326	0.249641	0.298884	0.290886	0.22694	0.128535	0.0237846	-0.0544038	-0.0930701	-0.106584	-0.0844155	-0.0277954	
-0.0904166	-0.0950427	-0.122492	-0.174346	-0.233144	-0.280403	-0.310741	-0.305335	-0.265545	-0.190614	-0.0953919	0.0208929	0.156326	0.285716	0.395629	0.450879	0.435894	0.365406	0.255824	0.131133	0.0231177	-0.0507312	-0.0943775	-0.0991609	-0.070248	
-0.198729	-0.220837	-0.254086	-0.302187	-0.351897	-0.392791	-0.404029	-0.374126	-0.301431	-0.188607	-0.0528571	0.095011	0.249641	0.395629	0.506623	0.556651	0.533552	0.460095	0.350516	0.219005	0.0981383	-0.00182394	-0.0715887	-0.101028	-0.0990424	
-0.334175	-0.387231	-0.436556	-0.47977	-0.518751	-0.545902	-0.531711	-0.467246	-0.358802	-0.216244	-0.0496808	0.123211	0.298884	0.450879	0.556651	0.598447	0.576544	0.5067	0.405534	0.288774	0.173462	0.0634198	-0.0227059	-0.0746258	-0.0958147	
-0.46847	-0.560433	-0.631736	-0.680949	-0.713711	-0.719418	-0.676355	-0.580274	-0.442527	-0.271231	-0.0777771	0.112386	0.290886	0.435894	0.533552	0.576544	0.567277	0.513314	0.433371	0.342165	0.243793	0.141064	0.0544983	-0.00869847	-0.0489004	
-0.600391	-0.725914	-0.81908	-0.883893	-0.909049	-0.888521	-0.817024	-0.694971	-0.534695	-0.341492	-0.134023	0.0594448	0.22694	0.365406	0.460095	0.5067	0.513314	0.48254	0.433984	0.376881	0.302574	0.223284	0.148029	0.0828658	0.0284352	
-0.706662	-0.860718	-0.976286	-1.04721	-1.06275	-1.02358	-0.930119	-0.786413	-0.608095	-0.405843	-0.200122	-0.0203803	0.128535	0.255824	0.350516	0.405534	0.433371	0.433984	0.423269	0.402175	0.353385	0.294196	0.231025	0.165595	0.107597	
-0.767633	-0.935697	-1.05467	-1.12813	-1.14323	-1.08801	-0.975498	-0.820462	-0.636482	-0.437528	-0.254327	-0.100656	0.0237846	0.131133	0.219005	0.288774	0.342165	0.376881	0.402175	0.413821	0.392185	0.348758	0.293503	0.230469	0.169404	
-0.767084	-0.937507	-1.05406	-1.12472	-1.12961	-1.06448	-0.945988	-0.783683	-0.601848	-0.422424	-0.270053	-0.146395	-0.0544038	0.0231177	0.0981383	0.173462	0.243793	0.302574	0.353385	0.392185	0.3981	0.374709	0.330405	0.268482	0.199714	
-0.700956	-0.866052	-0.981798	-1.04249	-1.03493	-0.960958	-0.839328	-0.683821	-0.516528	-0.361082	-0.238904	-0.152294	-0.0930701	-0.0507312	-0.00182394	0.0634198	0.141064	0.223284	0.294196	0.348758	0.374709	0.36834	0.33464	0.27042	0.19077	
-0.581884	-0.736005	-0.845999	-0.895136	-0.878762	-0.799515	-0.681424	-0.538049	-0.38839	-0.261505	-0.178538	-0.13297	-0.106584	-0.0943775	-0.0715887	-0.0227059	0.0544983	0.148029	0.231025	0.293503	0.330405	0.33464	0.304727	0.230785	0.132844	
-0.427352	-0.562607	-0.661714	-0.70594	-0.682796	-0.602799	-0.491576	-0.359801	-0.23383	-0.137723	-0.0852161	-0.0755164	-0.0844155	-0.0991609	-0.101028	-0.0746258	-0.00869847	0.0828658	0.165595	0.230469	0.268482	0.27042	0.230785	0.144348	0.0300175	
-0.251031	-0.361951	-0.449598	-0.482624	-0.452683	-0.375918	-0.272489	-0.158296	-0.0589623	0.0109779	0.037671	0.016977	-0.0277954	-0.070248	-0.0990424	-0.0958147	-0.0489004	0.0284352	0.107597	0.169404	0.199714	0.19077	0.132844	0.0300175	-0.1003	
-0.0796874	-0.165892	-0.229876	-0.246785	-0.211223	-0.139353	-0.0436452	0.0577033	0.139137	0.186324	0.18872	0.144491	0.0777721	0.0106683	-0.0451187	-0.0749813	-0.0552301	-0.00231832	0.06069	0.113985	0.134424	0.110932	0.0348906	-0.0890587	-0.249672	
0.0600035	0.0024369	-0.0302235	-0.0226449	0.0237909	0.0947112	0.187832	0.282421	0.349345	0.374589	0.353696	0.295357	0.213415	0.127886	0.0384381	-0.021918	-0.0303012	-0.00274781	0.0402627	0.0738822	0.0822695	0.0476654	-0.0523383	-0.209583	-0.409996	
0.164681	0.136797	0.136142	0.165801	0.228405	0.308849	0.403798	0.497174	0.554628	0.561578	0.523675	0.455166	0.362262	0.252013	0.135888	0.0506227	0.0198829	0.0265059	0.0464494	0.0597359	0.0535886	-0.00135383	-0.133985	-0.329081	-0.570519	
0.231882	0.230564	0.254215	0.305592	0.381782	0.481946	0.589615	0.675541	0.723627	0.722252	0.673553	0.590163	0.486491	0.357153	0.227721	0.129776	0.0776931	0.0607904	0.0608938	0.0585244	0.0392046	-0.0381492	-0.200003	-0.429606	-0.706842	
0.271385	0.284491	0.322469	0.383155	0.473571	0.591341	0.705239	0.788599	0.832019	0.825788	0.770529	0.67652	0.558287	0.418065	0.285241	0.184143	0.118304	0.0883871	0.0800506	0.069197	0.0355015	-0.0630087	-0.245716	-0.49165	-0.789663	
0.279894	0.294764	0.332882	0.39501	0.490923	0.611935	0.724998	0.80822	0.851187	0.844288	0.789384	0.692469	0.570389	0.427836	0.295149	0.193892	0.126084	0.0945256	0.0845465	0.0716821	0.0349773	-0.0674395	-0.253936	-0.50294	-0.803337	
0.25016	0.256501	0.288483	0.345385	0.426255	0.534357	0.646127	0.730356	0.776328	0.772234	0.719871	0.63158	0.522557	0.387994	0.256191	0.156193	0.0965483	0.0730648	0.0683084	0.0616563	0.0366428	-0.0496182	-0.22117	-0.460035	-0.74765	
0.195876	0.179636	0.188825	0.227955	0.297016	0.384671	0.483728	0.573695	0.62779	0.63074	0.588036	0.514126	0.416441	0.297659	0.174592	0.0828024	0.0441028	0.0402962	0.0514995	0.0585233	0.0463781	-0.0173606	-0.16235	-0.372994	-0.629929	
0.105996	0.0603853	0.0417932	0.0579028	0.110303	0.183735	0.277124	0.371322	0.433358	0.450034	0.422234	0.360061	0.273128	0.177829	0.0772049	0.00560174	-0.0126575	0.00649329	0.0400967	0.0654401	0.0685187	0.0264253	-0.0862118	-0.257651	-0.474784	
-0.0192938	-0.0940471	-0.146914	-0.154301	-0.115547	-0.0444789	0.0491381	0.147234	0.222555	0.261064	0.253371	0.202549	0.128944	0.0543801	-0.014544	-0.0560802	-0.0490872	-0.0074919	0.0489315	0.095047	0.111176	0.0835552	-0.00107586	-0.137788	-0.312924	
-0.180192	-0.281611	-0.360908	-0.388873	-0.356523	-0.281488	-0.181011	-0.0729336	0.0172596	0.0781951	0.0959536	0.064439	0.00964441	-0.044119	-0.0829052	-0.0930309	-0.0550189	0.0138601	0.0868399	0.146439	0.173105	0.157309	0.0926423	-0.0163908	-0.158236	
-0.358211	-0.484001	-0.579362	-0.619377	-0.593438	-0.514725	-0.40659	-0.281544	-0.166503	-0.0815556	-0.0404538	-0.0433393	-0.0675122	-0.0926833	-0.105315	-0.0872166	-0.0287943	0.0581759	0.141383	0.204899	0.240962	0.240169	0.19303	0.100032	-0.0196735	
-0.523161	-0.670891	-0.776489	-0.824711	-0.805087	-0.724621	-0.609362	-0.469692	-0.329068	-0.214678	-0.144451	-0.114306	-0.101121	-0.100114	-0.0870204	-0.0470769	0.0265285	0.12162	0.204721	0.268748	0.307377	0.311483	0.279453	0.201586	0.0964016	
-0.658938	-0.820266	-0.935064	-0.989031	-0.977874	-0.901863	-0.780616	-0.630648	-0.469638	-0.324892	-0.218458	-0.148826	-0.102573	-0.0727345	-0.0351361	0.024634	0.103211	0.191651	0.269446	0.32863	0.359637	0.358718	0.328005	0.259872	0.173671	
-0.748003	-0.917257	-1.03308	-1.10138	-1.10092	-1.03197	-0.91192	-0.750468	-0.572812	-0.403294	-0.262279	-0.151458	-0.0733979	-0.00988933	0.0562442	0.128435	0.202946	0.271127	0.329926	0.376146	0.39101	0.375308	0.335834	0.274412	0.201162	
-0.775155	-0.945169	-1.06325	-1.13648	-1.14854	-1.08877	-0.972711	-0.81417	-0.629811	-0.436858	-0.266046	-0.124883	-0.0128075	0.0836176	0.167618	0.241484	0.303415	0.34862	0.385632	0.409235	0.399083	0.363475	0.312261	0.249195	0.186282	
-0.737824	-0.898896	-1.01746	-1.09027	-1.1062	-1.05997	-0.957871	-0.808229	-0.62599	-0.423355	-0.224838	-0.054021	0.0860639	0.206568	0.299364	0.36024	0.39775	0.412513	0.417476	0.410004	0.371197	0.318183	0.258911	0.193952	0.13515	
-0.647061	-0.78583	-0.889321	-0.956821	-0.976862	-0.948534	-0.867862	-0.736644	-0.568075	-0.369421	-0.160357	0.0288158	0.189353	0.324837	0.420341	0.468662	0.483477	0.464052	0.429808	0.387599	0.324071	0.25372	0.183663	0.118618	0.0611298	
-0.52231	-0.628237	-0.707661	-0.763979	-0.79445	-0.789492	-0.734122	-0.626705	-0.479448	-0.298466	-0.0977362	0.0964023	0.272195	0.413254	0.508839	0.553697	0.549897	0.504828	0.437042	0.358263	0.268573	0.174285	0.0911938	0.0263985	-0.0198562	
-0.387921	-0.456571	-0.515265	-0.559189	-0.59432	-0.613548	-0.588831	-0.51083	-0.390179	-0.235303	-0.0570558	0.123389	0.302413	0.453328	0.555201	0.597019	0.57912	0.513935	0.418593	0.311964	0.202641	0.093352	0.00530566	-0.0525847	-0.0826309	
-0.252368	-0.284401	-0.322751	-0.367805	-0.414261	-0.450831	-0.450766	-0.408106	-0.321488	-0.196256	-0.0475695	0.111784	0.275709	0.425827	0.535518	0.581374	0.55697	0.48431	0.377104	0.249585	0.128738	0.0223433	-0.0559927	-0.0945223	-0.102125	
-0.128072	-0.138622	-0.167411	-0.218516	-0.274301	-0.319327	-0.344168	-0.330346	-0.277274	-0.18635	-0.0734304	0.0555876	0.197795	0.333484	0.445789	0.499937	0.48149	0.409176	0.298712	0.168531	0.0529852	-0.0331876	-0.0878662	-0.102824	-0.0840546	
-0.0476017	-0.0480887	-0.0753345	-0.126094	-0.184372	-0.234597	-0.271786	-0.275666	-0.253737	-0.204058	-0.134752	-0.0378362	0.0852473	0.209653	0.310653	0.363478	0.354162	0.286314	0.181787	0.0684429	-0.0227451	-0.0752921	-0.100686	-0.0902109	-0.0462152	
-0.00388487	-0.00430295	-0.0313526	-0.0770036	-0.129651	-0.18179	-0.230006	-0.250575	-0.246908	-0.232248	-0.201972	-0.137583	-0.0364082	0.074412	0.156029	0.194431	0.186144	0.129999	0.042832	-0.0478861	-0.105978	-0.125187	-0.120331	-0.0781493	7.58272e-05	
0.011911	0.0178578	-0.00479847	-0.048878	-0.0954549	-0.14325	-0.196699	-0.235378	-0.253275	-0.258041	-0.249138	-0.20849	-0.133392	-0.0524819	0.00527125	0.0188668	-0.000373905	-0.0535118	-0.125034	-0.189556	-0.217154	-0.200647	-0.157112	-0.0767419	0.0343689	
