-0.483416	-0.564755	-0.634232	-0.687777	-0.718889	-0.721469	-0.704761	-0.657407	-0.593632	-0.517701	-0.429108	-0.325566	-0.204961	-0.0734587	0.0684025	0.205431	0.29623	0.348903	0.383738	0.408295	0.425681	0.423215	0.410832	0.391879	0.362494	
-0.401849	-0.484385	-0.554553	-0.614678	-0.647202	-0.650909	-0.63197	-0.58086	-0.512711	-0.436878	-0.348873	-0.25354	-0.148811	-0.0428122	0.06762	0.162026	0.208844	0.219685	0.219979	0.230529	0.247544	0.259307	0.269949	0.273373	0.283537	
-0.308993	-0.389151	-0.465941	-0.530593	-0.569147	-0.576116	-0.549869	-0.494039	-0.420848	-0.3413	-0.260552	-0.175827	-0.0840182	-0.0032849	0.0737361	0.122312	0.129902	0.10962	0.0818473	0.0707267	0.0817552	0.103417	0.138261	0.169471	0.21394	
-0.206869	-0.287001	-0.37192	-0.45181	-0.501152	-0.508295	-0.476087	-0.406239	-0.320147	-0.238185	-0.163008	-0.0906294	-0.0203943	0.03823	0.0780513	0.0866784	0.0634074	0.0216985	-0.0252336	-0.0566739	-0.059517	-0.0277208	0.023054	0.0846412	0.155677	
-0.0989361	-0.187573	-0.290918	-0.389035	-0.453021	-0.464019	-0.42039	-0.331766	-0.228477	-0.131578	-0.0549233	0.00839502	0.0609959	0.0927369	0.0952744	0.0729223	0.0203911	-0.0429733	-0.1052	-0.150472	-0.159396	-0.121951	-0.0555855	0.0281105	0.113849	
0.00034529	-0.105596	-0.231743	-0.348981	-0.425206	-0.43834	-0.386451	-0.281042	-0.155481	-0.0385321	0.0518251	0.118466	0.158281	0.16553	0.138825	0.0872659	0.0107629	-0.0791502	-0.158689	-0.207528	-0.211862	-0.170085	-0.0922419	-0.00171197	0.0898938	
0.0857801	-0.0412335	-0.190333	-0.324207	-0.40843	-0.422275	-0.365979	-0.247894	-0.0998314	0.0386451	0.146615	0.21911	0.249094	0.238324	0.190671	0.12127	0.0309741	-0.0792138	-0.171446	-0.21927	-0.217212	-0.17066	-0.0945645	-0.010874	0.0705455	
0.150839	0.00884512	-0.150792	-0.28781	-0.368329	-0.382392	-0.327563	-0.210981	-0.0542942	0.0974806	0.218563	0.297252	0.328499	0.308616	0.250711	0.168965	0.0656317	-0.0506839	-0.144986	-0.187699	-0.17903	-0.133879	-0.0716894	-0.00823472	0.0455658	
0.218398	0.0738858	-0.0884743	-0.224272	-0.303903	-0.316436	-0.264205	-0.147668	0.00861578	0.16506	0.285493	0.362106	0.387962	0.364958	0.300609	0.213396	0.102769	-0.00784954	-0.0945873	-0.130232	-0.124248	-0.0844278	-0.0319303	0.0124185	0.0383793	
0.288275	0.156241	0.00530815	-0.125209	-0.204506	-0.217668	-0.164448	-0.051089	0.0956283	0.240019	0.348393	0.41381	0.429474	0.400345	0.333166	0.237889	0.125028	0.024062	-0.0474782	-0.0737301	-0.0688521	-0.0365591	0.00720881	0.0421935	0.0534935	
0.357112	0.252614	0.1288	0.00811562	-0.0712535	-0.0842659	-0.0311815	0.0783303	0.204059	0.318839	0.403558	0.443855	0.441687	0.403475	0.331978	0.239396	0.131742	0.0402999	-0.01518	-0.0379198	-0.0310247	-0.00324417	0.0310395	0.0648239	0.0706702	
0.413197	0.346251	0.257334	0.159458	0.0861521	0.0733313	0.124197	0.218235	0.312587	0.389878	0.439181	0.450041	0.425508	0.373714	0.30078	0.216382	0.12065	0.0424202	-0.00382437	-0.0239804	-0.0125454	0.0157431	0.0429927	0.0694327	0.0753319	
0.450614	0.418882	0.363627	0.292873	0.236213	0.226001	0.266059	0.336235	0.399174	0.441202	0.45731	0.437527	0.38567	0.315755	0.236955	0.15713	0.0789247	0.0184114	-0.0155513	-0.0264031	-0.00781456	0.0216545	0.0424729	0.0533059	0.0507575	
0.455576	0.448751	0.42031	0.378593	0.346403	0.341193	0.363242	0.403947	0.439884	0.455426	0.44696	0.399577	0.323114	0.232033	0.141098	0.059456	-0.00517437	-0.0475071	-0.0591622	-0.0537813	-0.0235368	0.0104275	0.029394	0.0299351	0.0179509	
0.411855	0.425689	0.417047	0.399837	0.391295	0.390107	0.395894	0.409429	0.424845	0.420379	0.387026	0.316738	0.217009	0.104531	0.00153238	-0.0813292	-0.134983	-0.152548	-0.138279	-0.105232	-0.0618709	-0.0206447	0.00196174	0.00263238	-0.0118008	
0.312545	0.354483	0.364409	0.369001	0.375578	0.3772	0.371674	0.366166	0.360572	0.334116	0.270028	0.179247	0.0623008	-0.0663784	-0.177032	-0.255641	-0.293468	-0.282972	-0.238784	-0.172221	-0.10977	-0.0603925	-0.0283827	-0.0209561	-0.0305752	
0.174915	0.249147	0.282953	0.294668	0.307007	0.310726	0.299435	0.288365	0.267665	0.209703	0.113736	-7.92372e-05	-0.129999	-0.264488	-0.377177	-0.445177	-0.462018	-0.429602	-0.353179	-0.25241	-0.160084	-0.0837848	-0.0324305	-0.0153916	-0.0197358	
0.0185225	0.125668	0.177154	0.195339	0.207395	0.209079	0.200467	0.18665	0.152811	0.0675592	-0.0628066	-0.199058	-0.337986	-0.475613	-0.579666	-0.629514	-0.623767	-0.562115	-0.454264	-0.321436	-0.194665	-0.0887641	-0.01628	0.016064	0.0188668	
-0.146457	-0.0112182	0.0643118	0.0991182	0.119374	0.123169	0.108167	0.0812357	0.0260271	-0.0862683	-0.242098	-0.395405	-0.538021	-0.66382	-0.748788	-0.772108	-0.739793	-0.655034	-0.519385	-0.358007	-0.203863	-0.0699972	0.0270951	0.0772784	0.0910429	
-0.296264	-0.143113	-0.0405005	0.0230612	0.0641279	0.0722865	0.0418842	-0.0115898	-0.0960193	-0.23067	-0.397455	-0.558446	-0.700439	-0.80993	-0.869387	-0.862859	-0.802294	-0.693299	-0.530625	-0.348277	-0.172457	-0.0190702	0.0931346	0.161262	0.193031	
-0.410712	-0.248018	-0.116923	-0.0192226	0.0471321	0.0586374	0.0126626	-0.0744459	-0.190957	-0.343885	-0.511722	-0.672033	-0.809505	-0.904474	-0.939508	-0.905849	-0.815258	-0.6769	-0.491021	-0.290496	-0.102423	0.0560822	0.170688	0.247836	0.28954	
-0.471392	-0.292686	-0.129144	0.00775523	0.0930405	0.108159	0.0494926	-0.0700338	-0.224793	-0.399587	-0.574438	-0.730013	-0.855399	-0.931003	-0.941781	-0.881875	-0.764667	-0.599956	-0.397789	-0.191366	-0.00474039	0.147181	0.252691	0.325042	0.368282	
-0.449896	-0.245137	-0.0445095	0.116678	0.213765	0.230793	0.16445	0.0260233	-0.162407	-0.369735	-0.561618	-0.721639	-0.837515	-0.889879	-0.877451	-0.798177	-0.659952	-0.477039	-0.268307	-0.0643302	0.111748	0.247536	0.334716	0.390678	0.425017	
-0.325837	-0.0888771	0.140328	0.318282	0.418287	0.434233	0.368394	0.219468	0.00606519	-0.232783	-0.454879	-0.632918	-0.74872	-0.789306	-0.759163	-0.670436	-0.525399	-0.335691	-0.13071	0.0648056	0.228128	0.341336	0.404318	0.43645	0.44898	
-0.108396	0.159971	0.413028	0.605089	0.708315	0.724936	0.658033	0.498841	0.265837	-0.00140503	-0.260391	-0.469976	-0.601435	-0.645628	-0.609209	-0.515129	-0.372776	-0.194398	-0.00378944	0.173667	0.318451	0.411292	0.450742	0.452785	0.436803	
0.171421	0.474082	0.753113	0.963076	1.08279	1.10312	1.02258	0.84728	0.590926	0.292495	-0.0019125	-0.248649	-0.412722	-0.474263	-0.44258	-0.347614	-0.209103	-0.0473284	0.114192	0.260914	0.378153	0.444521	0.457902	0.430451	0.382217	
0.474082	0.807632	1.11469	1.35328	1.4961	1.52018	1.42384	1.21971	0.936009	0.607701	0.2801	0.000612609	-0.194743	-0.286518	-0.274792	-0.190613	-0.0652684	0.0714059	0.201924	0.315503	0.402276	0.44549	0.437223	0.378811	0.291806	
0.753113	1.11469	1.44472	1.70811	1.86953	1.8975	1.78738	1.55937	1.25297	0.898377	0.542705	0.239881	0.0184339	-0.108075	-0.131295	-0.0765179	0.0209215	0.131834	0.243147	0.335081	0.400888	0.425711	0.393546	0.304103	0.181237	
0.963076	1.35328	1.70811	1.98834	2.1659	2.19748	2.07392	1.83076	1.50236	1.11933	0.74095	0.423327	0.186501	0.0406058	-0.0181045	0.000429414	0.0660199	0.154882	0.256368	0.344111	0.393201	0.394577	0.334428	0.216978	0.0683993	
1.08279	1.4961	1.86953	2.1659	2.35174	2.38442	2.25579	1.99854	1.65347	1.24811	0.849142	0.524115	0.285373	0.13161	0.0567281	0.0515871	0.0935274	0.16882	0.268331	0.354581	0.39155	0.372537	0.286944	0.149179	-0.00989486	
1.10312	1.52018	1.8975	2.19748	2.38442	2.41703	2.28846	2.02785	1.67909	1.26982	0.866594	0.539594	0.302778	0.147738	0.0702035	0.0618894	0.0988127	0.170339	0.271542	0.356591	0.391856	0.369275	0.278954	0.137186	-0.023251	
1.02258	1.42384	1.78738	2.07392	2.25579	2.28846	2.16123	1.91293	1.57682	1.18284	0.795886	0.474654	0.2351	0.0854024	0.0180365	0.0241694	0.0783545	0.161274	0.260997	0.348533	0.392293	0.384018	0.311787	0.184647	0.0300746	
0.84728	1.21971	1.55937	1.83076	1.99854	2.02785	1.91293	1.67783	1.36207	0.996843	0.63115	0.321619	0.0925545	-0.043658	-0.0823954	-0.0422005	0.0419487	0.143338	0.249606	0.339153	0.396874	0.413251	0.370955	0.26935	0.13468	
0.590926	0.936009	1.25297	1.50236	1.65347	1.67909	1.57682	1.36207	1.06877	0.72916	0.390149	0.100093	-0.106671	-0.213188	-0.21342	-0.139472	-0.0240307	0.10259	0.224455	0.326276	0.404094	0.440034	0.42213	0.35098	0.248938	
0.292495	0.607701	0.898377	1.11933	1.24811	1.26982	1.18284	0.996843	0.72916	0.418688	0.110834	-0.150141	-0.327665	-0.399774	-0.374512	-0.281595	-0.146121	0.00640287	0.154706	0.287779	0.39139	0.447406	0.452621	0.413184	0.349395	
-0.0019125	0.2801	0.542705	0.74095	0.849142	0.866594	0.795886	0.63115	0.390149	0.110834	-0.162752	-0.386533	-0.530428	-0.580272	-0.543629	-0.449014	-0.307937	-0.135363	0.0446145	0.211271	0.345979	0.429832	0.458471	0.448113	0.420364	
-0.248649	0.000612609	0.239881	0.423327	0.524115	0.539594	0.474654	0.321619	0.100093	-0.150141	-0.386533	-0.576755	-0.695666	-0.736274	-0.702128	-0.610463	-0.465816	-0.279822	-0.0782481	0.110669	0.268226	0.372746	0.426636	0.447127	0.448539	
-0.412722	-0.194743	0.0184339	0.186501	0.285373	0.302778	0.2351	0.0925545	-0.106671	-0.327665	-0.530428	-0.695666	-0.810783	-0.855829	-0.835219	-0.751336	-0.608549	-0.420609	-0.213034	-0.0108486	0.160362	0.287059	0.364407	0.411754	0.438343	
-0.474263	-0.286518	-0.108075	0.0406058	0.13161	0.147738	0.0854024	-0.043658	-0.213188	-0.399774	-0.580272	-0.736274	-0.855829	-0.921939	-0.923793	-0.854488	-0.728239	-0.555751	-0.349094	-0.143034	0.0404022	0.18708	0.286428	0.353375	0.395031	
-0.44258	-0.274792	-0.131295	-0.0181045	0.0567281	0.0702035	0.0180365	-0.0823954	-0.21342	-0.374512	-0.543629	-0.702128	-0.835219	-0.923793	-0.949386	-0.904857	-0.803135	-0.652645	-0.459242	-0.255375	-0.0658247	0.0903713	0.202325	0.279737	0.322793	
-0.347614	-0.190613	-0.0765179	0.000429414	0.0515871	0.0618894	0.0241694	-0.0422005	-0.139472	-0.281595	-0.449014	-0.610463	-0.751336	-0.854488	-0.904857	-0.886664	-0.813897	-0.693352	-0.521281	-0.330525	-0.148285	0.00809184	0.123418	0.197348	0.233911	
-0.209103	-0.0652684	0.0209215	0.0660199	0.0935274	0.0988127	0.0783545	0.0419487	-0.0240307	-0.146121	-0.307937	-0.465816	-0.608549	-0.728239	-0.803135	-0.813897	-0.770497	-0.676892	-0.529654	-0.35982	-0.196495	-0.0523951	0.0511498	0.108322	0.130039	
-0.0473284	0.0714059	0.131834	0.154882	0.16882	0.170339	0.161274	0.143338	0.10259	0.00640287	-0.135363	-0.279822	-0.420609	-0.555751	-0.652645	-0.693352	-0.676892	-0.605367	-0.486295	-0.340977	-0.201637	-0.0857056	-0.0023866	0.0371888	0.0431025	
0.114192	0.201924	0.243147	0.256368	0.268331	0.271542	0.260997	0.249606	0.224455	0.154706	0.0446145	-0.0782481	-0.213034	-0.349094	-0.459242	-0.521281	-0.529654	-0.486295	-0.397196	-0.282812	-0.176863	-0.0872494	-0.0278866	-0.00594435	-0.00746155	
0.260914	0.315503	0.335081	0.344111	0.354581	0.356591	0.348533	0.339153	0.326276	0.287779	0.211271	0.110669	-0.0108486	-0.143034	-0.255375	-0.330525	-0.35982	-0.340977	-0.282812	-0.203116	-0.130456	-0.0725918	-0.0335277	-0.023044	-0.0298698	
0.378153	0.402276	0.400888	0.393201	0.39155	0.391856	0.392293	0.396874	0.404094	0.39139	0.345979	0.268226	0.160362	0.0404022	-0.0658247	-0.148285	-0.196495	-0.201637	-0.176863	-0.130456	-0.0806378	-0.0369094	-0.0110731	-0.00814383	-0.0217821	
0.444521	0.44549	0.425711	0.394577	0.372537	0.369275	0.384018	0.413251	0.440034	0.447406	0.429832	0.372746	0.287059	0.18708	0.0903713	0.00809184	-0.0523951	-0.0857056	-0.0872494	-0.0725918	-0.0369094	-0.000320577	0.020174	0.0194679	0.00554461	
0.457902	0.437223	0.393546	0.334428	0.286944	0.278954	0.311787	0.370955	0.42213	0.452621	0.458471	0.426636	0.364407	0.286428	0.202325	0.123418	0.0511498	-0.0023866	-0.0278866	-0.0335277	-0.0110731	0.020174	0.0384399	0.0442507	0.0370503	
0.430451	0.378811	0.304103	0.216978	0.149179	0.137186	0.184647	0.26935	0.35098	0.413184	0.448113	0.447127	0.411754	0.353375	0.279737	0.197348	0.108322	0.0371888	-0.00594435	-0.023044	-0.00814383	0.0194679	0.0442507	0.0653459	0.0686307	
0.382217	0.291806	0.181237	0.0683993	-0.00989486	-0.023251	0.0300746	0.13468	0.248938	0.349395	0.420364	0.448539	0.438343	0.395031	0.322793	0.233911	0.130039	0.0431025	-0.00746155	-0.0298698	-0.0217821	0.00554461	0.0370503	0.0686307	0.0750039	
