0.104055	0.086224	0.0649334	0.0505217	0.0438164	0.0424169	0.0470425	0.0582579	0.0780886	0.0965805	0.118228	0.152077	0.190291	0.227318	0.2598	0.288037	0.316171	0.357368	0.41248	0.467383	0.499486	0.509616	0.517153	0.522345	0.514884	
0.105425	0.0604287	0.0125064	-0.0240479	-0.0418225	-0.0451052	-0.0326825	-0.00459333	0.0411221	0.0869924	0.134177	0.183558	0.23021	0.267501	0.301511	0.33253	0.354773	0.383463	0.425491	0.463521	0.477816	0.468764	0.460471	0.448892	0.426823	
0.115838	0.051843	-0.0173471	-0.0678405	-0.0920706	-0.0955357	-0.0802702	-0.0411336	0.0241454	0.0895717	0.156453	0.226643	0.286983	0.328267	0.354507	0.381111	0.399281	0.419257	0.447215	0.4646	0.455332	0.42755	0.398043	0.36679	0.32634	
0.124033	0.051369	-0.0192909	-0.079092	-0.11193	-0.117761	-0.0959385	-0.0454031	0.0230722	0.0943453	0.173522	0.264749	0.349331	0.401037	0.424642	0.439405	0.445062	0.448232	0.45325	0.443336	0.407934	0.357339	0.31061	0.263296	0.210131	
0.139373	0.0620245	-0.0103772	-0.0740803	-0.107975	-0.113574	-0.0912945	-0.0381867	0.0326235	0.107488	0.190207	0.289127	0.390435	0.458295	0.488118	0.49115	0.479493	0.458419	0.43302	0.387336	0.324656	0.259134	0.193495	0.131215	0.0717277	
0.151917	0.0722177	-0.00224117	-0.0648459	-0.0988401	-0.103776	-0.0829829	-0.0288598	0.0417376	0.119737	0.203235	0.306131	0.411394	0.480493	0.511746	0.51272	0.490802	0.446543	0.391232	0.317869	0.225664	0.136429	0.0579075	-0.0117308	-0.0731513	
0.160067	0.0728609	-0.0053197	-0.0685109	-0.105595	-0.111147	-0.0873838	-0.0330895	0.040025	0.125038	0.213908	0.312793	0.408579	0.479297	0.51084	0.503048	0.469249	0.410118	0.332996	0.235025	0.121577	0.0125505	-0.0795364	-0.152944	-0.215275	
0.154902	0.0622041	-0.018452	-0.0841873	-0.122313	-0.12746	-0.103381	-0.0469056	0.027876	0.117116	0.212006	0.306549	0.39045	0.456637	0.489212	0.476699	0.430098	0.361827	0.265775	0.148586	0.0227672	-0.0970083	-0.196314	-0.264399	-0.318792	
0.142609	0.0502064	-0.0343101	-0.100455	-0.141007	-0.148201	-0.120187	-0.063332	0.015027	0.104334	0.199849	0.290394	0.363206	0.419347	0.449091	0.437146	0.384223	0.305984	0.199646	0.0657889	-0.0728401	-0.189743	-0.273752	-0.329901	-0.368892	
0.130643	0.0422846	-0.0407438	-0.109138	-0.160277	-0.170721	-0.132967	-0.0698128	0.00750547	0.0956314	0.181571	0.255658	0.320322	0.371858	0.394295	0.378067	0.318994	0.234167	0.12391	-0.0132859	-0.149621	-0.255193	-0.319088	-0.354223	-0.375959	
0.102895	0.0247295	-0.0489967	-0.118799	-0.175788	-0.187354	-0.144024	-0.0775917	-0.00576331	0.0723187	0.145941	0.206004	0.258781	0.300851	0.316193	0.298046	0.240826	0.155237	0.0452678	-0.0817043	-0.197148	-0.28605	-0.339536	-0.360203	-0.367789	
0.045033	-0.0225329	-0.093095	-0.164256	-0.213552	-0.222372	-0.187792	-0.122154	-0.0509161	0.0196477	0.0811746	0.1325	0.17733	0.214366	0.234897	0.217375	0.164006	0.082638	-0.0236895	-0.136761	-0.233402	-0.306137	-0.354644	-0.372051	-0.365606	
-0.0482253	-0.110616	-0.179545	-0.250817	-0.299522	-0.30841	-0.274546	-0.208714	-0.137425	-0.0725342	-0.0130833	0.0387869	0.084273	0.126858	0.158101	0.154217	0.111492	0.0297582	-0.0778081	-0.188495	-0.271339	-0.325968	-0.361056	-0.369343	-0.356637	
-0.169038	-0.232256	-0.303525	-0.365959	-0.409919	-0.417795	-0.386792	-0.329404	-0.261304	-0.192994	-0.135171	-0.0798178	-0.0232958	0.0351087	0.0823376	0.103729	0.0775593	-0.00194322	-0.110465	-0.214292	-0.28637	-0.325689	-0.343455	-0.335011	-0.318371	
-0.308899	-0.378483	-0.447384	-0.503146	-0.54324	-0.551536	-0.521973	-0.470813	-0.407887	-0.335479	-0.272173	-0.209381	-0.133649	-0.0542794	0.0161795	0.0575137	0.0447877	-0.018509	-0.112288	-0.205972	-0.270348	-0.299717	-0.303752	-0.2779	-0.248827	
-0.455705	-0.526179	-0.595426	-0.652467	-0.69002	-0.698032	-0.670264	-0.619988	-0.55455	-0.483868	-0.414513	-0.338927	-0.245151	-0.144279	-0.0512161	0.00922789	0.0226849	-0.00967289	-0.082744	-0.16673	-0.223202	-0.247011	-0.23892	-0.197681	-0.149387	
-0.599522	-0.666988	-0.731687	-0.785969	-0.81852	-0.824236	-0.801993	-0.755607	-0.6933	-0.627504	-0.554081	-0.469953	-0.372285	-0.253205	-0.129774	-0.0419389	-0.000144485	0.00140868	-0.0330444	-0.0950448	-0.141982	-0.157336	-0.139779	-0.0934433	-0.0323638	
-0.730207	-0.793298	-0.844966	-0.891323	-0.914358	-0.917604	-0.903941	-0.864935	-0.814966	-0.755974	-0.689021	-0.60564	-0.494039	-0.364227	-0.227515	-0.116955	-0.0453869	-0.00896928	-0.00168423	-0.0237875	-0.0483024	-0.051423	-0.0266421	0.0184536	0.0846351	
-0.834447	-0.888285	-0.925835	-0.949377	-0.964038	-0.965982	-0.957061	-0.935433	-0.906343	-0.85655	-0.798207	-0.718544	-0.60981	-0.480993	-0.346023	-0.217838	-0.115613	-0.0468089	-0.00482681	0.0138743	0.0181249	0.0400028	0.0691322	0.111079	0.177119	
-0.881721	-0.92042	-0.944519	-0.954332	-0.959626	-0.960802	-0.956361	-0.949167	-0.932321	-0.89889	-0.850281	-0.78503	-0.699826	-0.592336	-0.467049	-0.334587	-0.215012	-0.117051	-0.0427152	0.00594338	0.0426605	0.0837294	0.124088	0.173882	0.246015	
-0.877447	-0.888891	-0.900867	-0.907965	-0.906539	-0.906499	-0.907342	-0.905705	-0.891931	-0.884707	-0.860984	-0.81802	-0.764594	-0.690757	-0.589555	-0.465776	-0.339513	-0.222749	-0.12075	-0.0474024	0.0150369	0.0718351	0.133659	0.203034	0.280519	
-0.836889	-0.828287	-0.823087	-0.826822	-0.824032	-0.822822	-0.825987	-0.82515	-0.823712	-0.834648	-0.836616	-0.823427	-0.799069	-0.759906	-0.688846	-0.589685	-0.475148	-0.35536	-0.243549	-0.141585	-0.0543739	0.0220198	0.108448	0.191753	0.277811	
-0.787677	-0.762527	-0.740751	-0.732082	-0.726855	-0.726146	-0.729156	-0.736799	-0.751985	-0.778207	-0.800097	-0.812281	-0.811882	-0.798121	-0.761355	-0.69438	-0.60119	-0.490686	-0.374633	-0.25388	-0.141201	-0.042505	0.0626368	0.157235	0.245149	
-0.734913	-0.691759	-0.660264	-0.637665	-0.628725	-0.62799	-0.632629	-0.65024	-0.677284	-0.717903	-0.758109	-0.789604	-0.810957	-0.815642	-0.808125	-0.774061	-0.713074	-0.614058	-0.486225	-0.353802	-0.228332	-0.107472	0.0143084	0.115721	0.199344	
-0.677424	-0.621172	-0.577035	-0.542922	-0.526457	-0.525324	-0.534033	-0.561989	-0.601639	-0.654745	-0.708568	-0.755607	-0.79334	-0.822521	-0.844117	-0.838412	-0.797699	-0.709031	-0.57696	-0.440057	-0.303375	-0.166251	-0.036653	0.0683469	0.146921	
-0.613776	-0.553961	-0.494962	-0.447869	-0.417972	-0.413621	-0.432462	-0.474786	-0.529704	-0.590047	-0.651278	-0.713339	-0.766263	-0.81821	-0.863469	-0.886384	-0.859712	-0.777215	-0.653525	-0.514138	-0.367793	-0.223075	-0.09374	0.0109941	0.0850789	
-0.553961	-0.483823	-0.410434	-0.354153	-0.323189	-0.317796	-0.338543	-0.385322	-0.453596	-0.526364	-0.594517	-0.6633	-0.734342	-0.802853	-0.865325	-0.913891	-0.910425	-0.836286	-0.719772	-0.583681	-0.438479	-0.288869	-0.155803	-0.0533329	0.0109548	
-0.494962	-0.410434	-0.334026	-0.277648	-0.246143	-0.240825	-0.261448	-0.308892	-0.377476	-0.461262	-0.544429	-0.626747	-0.708731	-0.789588	-0.87176	-0.933217	-0.941882	-0.883051	-0.779435	-0.653421	-0.505636	-0.359994	-0.225359	-0.122492	-0.0620729	
-0.447869	-0.354153	-0.277648	-0.225114	-0.204662	-0.201503	-0.213907	-0.252713	-0.321385	-0.409469	-0.505009	-0.599571	-0.694725	-0.788471	-0.879305	-0.940657	-0.958162	-0.920672	-0.832377	-0.709065	-0.562597	-0.41866	-0.294061	-0.194223	-0.132425	
-0.417972	-0.323189	-0.246143	-0.204662	-0.193652	-0.193611	-0.197767	-0.224249	-0.290368	-0.377329	-0.482338	-0.589607	-0.687224	-0.786408	-0.87583	-0.943691	-0.968374	-0.940674	-0.861309	-0.74422	-0.602906	-0.459631	-0.341825	-0.243322	-0.185278	
-0.413621	-0.317796	-0.240825	-0.201503	-0.193611	-0.194877	-0.196096	-0.219368	-0.284531	-0.372799	-0.480402	-0.58863	-0.685998	-0.78575	-0.87533	-0.944498	-0.969408	-0.944155	-0.865889	-0.751029	-0.612049	-0.46694	-0.35088	-0.251665	-0.19559	
-0.432462	-0.338543	-0.261448	-0.213907	-0.197767	-0.196096	-0.204546	-0.237943	-0.30592	-0.393201	-0.492874	-0.594175	-0.690561	-0.78757	-0.878071	-0.941851	-0.963077	-0.931484	-0.847306	-0.725763	-0.581376	-0.438013	-0.316878	-0.21803	-0.15664	
-0.474786	-0.385322	-0.308892	-0.252713	-0.224249	-0.219368	-0.237943	-0.283771	-0.352409	-0.438993	-0.527365	-0.614546	-0.702603	-0.788974	-0.876554	-0.937428	-0.948979	-0.899193	-0.802258	-0.678025	-0.529471	-0.384629	-0.253639	-0.151668	-0.090776	
-0.529704	-0.453596	-0.377476	-0.321385	-0.290368	-0.284531	-0.30592	-0.352409	-0.42151	-0.499946	-0.573145	-0.646472	-0.722284	-0.795537	-0.865687	-0.92207	-0.926482	-0.856717	-0.744232	-0.611975	-0.46654	-0.318649	-0.182623	-0.0810446	-0.0186066	
-0.590047	-0.526364	-0.461262	-0.409469	-0.377329	-0.372799	-0.393201	-0.438993	-0.499946	-0.564886	-0.628729	-0.693378	-0.754103	-0.812822	-0.866129	-0.900223	-0.880698	-0.801335	-0.680875	-0.542444	-0.395476	-0.247906	-0.117867	-0.013245	0.0564943	
-0.651278	-0.594517	-0.544429	-0.505009	-0.482338	-0.480402	-0.492874	-0.527365	-0.573145	-0.628729	-0.685323	-0.739806	-0.783746	-0.822699	-0.854241	-0.860076	-0.824278	-0.739044	-0.609033	-0.470527	-0.329167	-0.188636	-0.0587333	0.0466211	0.124246	
-0.713339	-0.6633	-0.626747	-0.599571	-0.589607	-0.58863	-0.594175	-0.614546	-0.646472	-0.693378	-0.739806	-0.77721	-0.805133	-0.819392	-0.823703	-0.801212	-0.750828	-0.655615	-0.524679	-0.39039	-0.26134	-0.131836	-0.00506123	0.0974055	0.178887	
-0.766263	-0.734342	-0.708731	-0.694725	-0.687224	-0.685998	-0.690561	-0.702603	-0.722284	-0.754103	-0.783746	-0.805133	-0.813006	-0.806588	-0.782172	-0.728913	-0.648602	-0.542311	-0.42159	-0.295382	-0.17614	-0.0691476	0.0433107	0.141128	0.22809	
-0.81821	-0.802853	-0.789588	-0.788471	-0.786408	-0.78575	-0.78757	-0.788974	-0.795537	-0.812822	-0.822699	-0.819392	-0.806588	-0.77916	-0.721831	-0.634518	-0.52675	-0.41042	-0.29761	-0.186061	-0.0882536	-0.00237182	0.0910761	0.179128	0.267401	
-0.863469	-0.865325	-0.87176	-0.879305	-0.87583	-0.87533	-0.878071	-0.876554	-0.865687	-0.866129	-0.854241	-0.823703	-0.782172	-0.721831	-0.632179	-0.517332	-0.393899	-0.273804	-0.165825	-0.0813334	-0.0091633	0.0542727	0.127032	0.203847	0.283485	
-0.886384	-0.913891	-0.933217	-0.940657	-0.943691	-0.944498	-0.941851	-0.937428	-0.92207	-0.900223	-0.860076	-0.801212	-0.728913	-0.634518	-0.517332	-0.386124	-0.26243	-0.155249	-0.0682892	-0.00957875	0.0377668	0.0852859	0.132859	0.190129	0.264661	
-0.859712	-0.910425	-0.941882	-0.958162	-0.968374	-0.969408	-0.963077	-0.948979	-0.926482	-0.880698	-0.824278	-0.750828	-0.648602	-0.52675	-0.393899	-0.26243	-0.151641	-0.0701541	-0.0159174	0.0159199	0.0341861	0.0641705	0.0971106	0.139984	0.208259	
-0.777215	-0.836286	-0.883051	-0.920672	-0.940674	-0.944155	-0.931484	-0.899193	-0.856717	-0.801335	-0.739044	-0.655615	-0.542311	-0.41042	-0.273804	-0.155249	-0.0701541	-0.0212912	0.00113282	-0.00374591	-0.0177642	-0.0107902	0.0148584	0.0588091	0.1242	
-0.653525	-0.719772	-0.779435	-0.832377	-0.861309	-0.865889	-0.847306	-0.802258	-0.744232	-0.680875	-0.609033	-0.524679	-0.42159	-0.29761	-0.165825	-0.0682892	-0.0159174	0.00113282	-0.0157894	-0.0638804	-0.103622	-0.115294	-0.0939191	-0.0477168	0.0165292	
-0.514138	-0.583681	-0.653421	-0.709065	-0.74422	-0.751029	-0.725763	-0.678025	-0.611975	-0.542444	-0.470527	-0.39039	-0.295382	-0.186061	-0.0813334	-0.00957875	0.0159199	-0.00374591	-0.0638804	-0.141259	-0.194001	-0.214643	-0.20342	-0.158651	-0.104274	
-0.367793	-0.438479	-0.505636	-0.562597	-0.602906	-0.612049	-0.581376	-0.529471	-0.46654	-0.395476	-0.329167	-0.26134	-0.17614	-0.0882536	-0.0091633	0.0377668	0.0341861	-0.0177642	-0.103622	-0.194001	-0.255789	-0.283251	-0.281285	-0.249314	-0.212194	
-0.223075	-0.288869	-0.359994	-0.41866	-0.459631	-0.46694	-0.438013	-0.384629	-0.318649	-0.247906	-0.188636	-0.131836	-0.0691476	-0.00237182	0.0542727	0.0852859	0.0641705	-0.0107902	-0.115294	-0.214643	-0.283251	-0.318074	-0.329614	-0.314228	-0.294255	
-0.09374	-0.155803	-0.225359	-0.294061	-0.341825	-0.35088	-0.316878	-0.253639	-0.182623	-0.117867	-0.0587333	-0.00506123	0.0433107	0.0910761	0.127032	0.132859	0.0971106	0.0148584	-0.0939191	-0.20342	-0.281285	-0.329614	-0.357385	-0.359211	-0.345033	
0.0109941	-0.0533329	-0.122492	-0.194223	-0.243322	-0.251665	-0.21803	-0.151668	-0.0810446	-0.013245	0.0466211	0.0974055	0.141128	0.179128	0.203847	0.190129	0.139984	0.0588091	-0.0477168	-0.158651	-0.249314	-0.314228	-0.359211	-0.374763	-0.364205	
0.0850789	0.0109548	-0.0620729	-0.132425	-0.185278	-0.19559	-0.15664	-0.090776	-0.0186066	0.0564943	0.124246	0.178887	0.22809	0.267401	0.283485	0.264661	0.208259	0.1242	0.0165292	-0.104274	-0.212194	-0.294255	-0.345033	-0.364205	-0.366218	
