0.224118	0.136706	0.047237	-0.0243601	-0.0651567	-0.0718421	-0.0446014	0.0156689	0.100599	0.189955	0.270136	0.326674	0.368058	0.391648	0.401306	0.395257	0.371744	0.336022	0.275971	0.184533	0.101671	0.0658141	0.0938634	0.195766	0.34873	
0.282059	0.223865	0.158544	0.107128	0.0782582	0.0734021	0.0926212	0.13622	0.196654	0.261328	0.306281	0.33451	0.344806	0.343845	0.334507	0.322828	0.309463	0.292237	0.253485	0.19345	0.150706	0.15341	0.21844	0.346621	0.514397	
0.337473	0.315973	0.278296	0.246533	0.226011	0.221753	0.236717	0.264542	0.301318	0.33214	0.338638	0.329583	0.308383	0.281974	0.253687	0.231444	0.225397	0.222524	0.204258	0.179448	0.174521	0.219868	0.320484	0.46315	0.629793	
0.382404	0.39568	0.392031	0.37648	0.360341	0.356416	0.369418	0.386654	0.396382	0.390438	0.36395	0.325067	0.278119	0.22492	0.170383	0.13357	0.124579	0.127141	0.130774	0.143352	0.179306	0.262018	0.387888	0.539808	0.704049	
0.411927	0.450365	0.470805	0.471211	0.463007	0.462051	0.467996	0.47256	0.462081	0.428299	0.383504	0.323591	0.25483	0.168101	0.0792391	0.0183457	0.00080272	0.00764541	0.0366375	0.0909672	0.170951	0.282093	0.425797	0.590631	0.757101	
0.420745	0.473719	0.512208	0.535555	0.548395	0.552312	0.541426	0.523058	0.491639	0.442287	0.384843	0.305783	0.209997	0.0910936	-0.0234868	-0.107471	-0.138097	-0.126311	-0.0758168	0.0145811	0.139396	0.284844	0.449009	0.622935	0.787048	
0.406124	0.477735	0.538557	0.582781	0.615204	0.622504	0.597096	0.557929	0.504216	0.435127	0.35987	0.260801	0.127485	-0.0171017	-0.149462	-0.243866	-0.278984	-0.261718	-0.18984	-0.0627702	0.101892	0.281265	0.465734	0.635601	0.791777	
0.364032	0.462616	0.544027	0.607323	0.653399	0.661488	0.628813	0.570939	0.497636	0.404362	0.303194	0.182926	0.0263989	-0.133919	-0.272365	-0.368872	-0.399437	-0.367425	-0.273475	-0.114422	0.0750131	0.27306	0.469008	0.639486	0.783127	
0.32515	0.438454	0.536769	0.612833	0.671336	0.683686	0.639264	0.569621	0.480243	0.371683	0.251175	0.106856	-0.0615462	-0.22353	-0.361344	-0.451769	-0.475834	-0.430151	-0.3201	-0.150582	0.0475177	0.249119	0.444462	0.614374	0.747752	
0.294549	0.416569	0.528677	0.614508	0.674987	0.688302	0.642217	0.566166	0.464406	0.343975	0.212025	0.0550341	-0.116675	-0.272875	-0.398886	-0.472885	-0.490686	-0.446035	-0.340369	-0.176412	0.0163724	0.214905	0.403779	0.561636	0.685428	
0.259478	0.399568	0.52465	0.616027	0.670673	0.680587	0.642257	0.56566	0.45235	0.31746	0.167448	0.0123666	-0.143591	-0.283287	-0.390497	-0.44695	-0.460591	-0.422804	-0.336041	-0.195358	-0.0208901	0.167271	0.352755	0.497563	0.601466	
0.223457	0.37375	0.502405	0.595332	0.648922	0.658177	0.621768	0.543703	0.428795	0.285909	0.128416	-0.0197171	-0.150938	-0.262888	-0.352091	-0.400521	-0.412136	-0.38592	-0.31831	-0.20592	-0.0624093	0.112294	0.286779	0.419778	0.510713	
0.204886	0.34449	0.465996	0.557929	0.612397	0.621511	0.584849	0.506673	0.396019	0.262389	0.117686	-0.0157524	-0.131901	-0.226731	-0.300605	-0.344034	-0.362841	-0.352778	-0.306564	-0.223278	-0.105719	0.0419056	0.191881	0.309666	0.392325	
0.197685	0.322393	0.435992	0.522099	0.573157	0.582413	0.547037	0.47402	0.370934	0.246794	0.123151	0.00820179	-0.0915942	-0.176785	-0.242163	-0.28407	-0.312668	-0.319581	-0.301076	-0.250082	-0.164248	-0.0506815	0.0638632	0.155819	0.221603	
0.19279	0.303931	0.404488	0.479254	0.526417	0.536574	0.501084	0.437675	0.347271	0.236646	0.126792	0.026489	-0.0551066	-0.124397	-0.184655	-0.23039	-0.264321	-0.283094	-0.286566	-0.269719	-0.21945	-0.151217	-0.0765649	-0.0147284	0.0329904	
0.177977	0.27364	0.35926	0.427548	0.472366	0.480601	0.448684	0.388434	0.310147	0.216115	0.121019	0.0324575	-0.0376203	-0.089399	-0.135903	-0.181672	-0.221706	-0.252619	-0.274572	-0.277508	-0.262548	-0.23563	-0.195713	-0.162065	-0.137548	
0.148198	0.230331	0.306812	0.365232	0.400113	0.406745	0.382217	0.332764	0.262708	0.180898	0.099877	0.0239192	-0.038995	-0.0795523	-0.110968	-0.145256	-0.186025	-0.228406	-0.262078	-0.275763	-0.280641	-0.285824	-0.279808	-0.275249	-0.283772	
0.100021	0.178469	0.245968	0.287183	0.309982	0.314667	0.297997	0.265338	0.208164	0.131192	0.0549385	-0.0119749	-0.0607466	-0.0875538	-0.106915	-0.126073	-0.154555	-0.195744	-0.233676	-0.255816	-0.275816	-0.303965	-0.329727	-0.353767	-0.382582	
0.0387243	0.111134	0.164515	0.190289	0.203827	0.20639	0.196221	0.177306	0.135901	0.0681948	-0.00432913	-0.0627706	-0.09897	-0.110792	-0.114405	-0.122084	-0.135553	-0.157574	-0.190566	-0.221394	-0.257423	-0.300479	-0.344866	-0.388548	-0.43434	
-0.0426824	0.0142185	0.0574831	0.072605	0.0791612	0.0807982	0.0750364	0.0664648	0.0346197	-0.0196588	-0.0752547	-0.117525	-0.143884	-0.14246	-0.129752	-0.122959	-0.124846	-0.130327	-0.149205	-0.18223	-0.226494	-0.276847	-0.331558	-0.386914	-0.439738	
-0.153675	-0.111212	-0.078012	-0.064196	-0.0599925	-0.0599122	-0.0617052	-0.070331	-0.0962217	-0.136952	-0.172496	-0.18986	-0.190429	-0.173323	-0.147643	-0.130401	-0.119493	-0.113716	-0.118676	-0.138967	-0.183242	-0.237669	-0.29785	-0.355884	-0.403963	
-0.283057	-0.263503	-0.244096	-0.233238	-0.22973	-0.229097	-0.230676	-0.238957	-0.255266	-0.275307	-0.290183	-0.281611	-0.248457	-0.205581	-0.17305	-0.147983	-0.121668	-0.100263	-0.0912962	-0.0985454	-0.13088	-0.182959	-0.238656	-0.285828	-0.321707	
-0.421859	-0.432596	-0.435071	-0.433094	-0.436259	-0.437797	-0.433574	-0.434254	-0.434972	-0.426672	-0.411876	-0.379081	-0.319388	-0.25336	-0.202243	-0.16197	-0.122083	-0.0849557	-0.0615622	-0.0570351	-0.0721866	-0.107856	-0.156144	-0.190901	-0.203531	
-0.566575	-0.607628	-0.637333	-0.655817	-0.672307	-0.676148	-0.66273	-0.645258	-0.621314	-0.584537	-0.535878	-0.47384	-0.392928	-0.305228	-0.221731	-0.153785	-0.0998897	-0.0520867	-0.0124163	0.00136475	-0.00204727	-0.0211462	-0.0527912	-0.0751072	-0.0626587	
-0.705022	-0.779389	-0.843549	-0.891287	-0.92409	-0.930518	-0.906136	-0.864558	-0.806957	-0.735875	-0.655018	-0.557553	-0.446558	-0.334738	-0.223659	-0.126001	-0.0543012	0.00469151	0.0550852	0.0803153	0.0851971	0.0799752	0.0665782	0.0609087	0.0871177	
-0.831548	-0.9481	-1.05027	-1.12941	-1.18157	-1.19064	-1.15405	-1.08505	-0.991364	-0.878838	-0.756822	-0.623853	-0.479053	-0.337246	-0.204122	-0.083852	0.00999569	0.076854	0.13157	0.167735	0.188947	0.195437	0.201364	0.213898	0.244058	
-0.9481	-1.10966	-1.25066	-1.35727	-1.4291	-1.44297	-1.39085	-1.29751	-1.16994	-1.01422	-0.847041	-0.67785	-0.501835	-0.330196	-0.169712	-0.0327566	0.076484	0.153849	0.210664	0.257195	0.293767	0.315677	0.334115	0.361346	0.39089	
-1.05027	-1.25066	-1.42609	-1.56283	-1.64849	-1.66353	-1.60435	-1.48571	-1.32496	-1.13238	-0.926139	-0.718884	-0.515635	-0.318417	-0.140271	0.0066587	0.124718	0.216126	0.284597	0.338495	0.388221	0.424525	0.452767	0.48773	0.518594	
-1.12941	-1.35727	-1.56283	-1.72064	-1.81298	-1.82956	-1.76641	-1.63217	-1.44376	-1.22238	-0.986589	-0.749119	-0.519654	-0.310213	-0.127035	0.0202016	0.14515	0.250855	0.336721	0.403799	0.459654	0.506724	0.543331	0.580887	0.61135	
-1.18157	-1.4291	-1.64849	-1.81298	-1.90736	-1.92362	-1.85977	-1.72183	-1.52164	-1.28241	-1.02767	-0.772118	-0.52749	-0.308274	-0.123102	0.0250768	0.156572	0.269569	0.365629	0.446021	0.505868	0.555045	0.597109	0.635717	0.663926	
-1.19064	-1.44297	-1.66353	-1.82956	-1.92362	-1.93931	-1.87621	-1.73789	-1.53697	-1.29329	-1.03524	-0.77667	-0.530088	-0.308042	-0.123227	0.0264822	0.158632	0.272636	0.371136	0.453764	0.515724	0.564418	0.606332	0.645153	0.67332	
-1.15405	-1.39085	-1.60435	-1.76641	-1.85977	-1.87621	-1.81222	-1.67615	-1.48079	-1.2503	-1.00552	-0.759407	-0.522077	-0.308657	-0.12449	0.0225397	0.15002	0.259435	0.350958	0.424179	0.480927	0.53028	0.569801	0.607649	0.637137	
-1.08505	-1.29751	-1.48571	-1.63217	-1.72183	-1.73789	-1.67615	-1.54992	-1.37658	-1.17197	-0.95312	-0.731771	-0.51743	-0.314623	-0.133092	0.0145375	0.135506	0.232964	0.308405	0.36652	0.419284	0.461167	0.493047	0.529013	0.560263	
-0.991364	-1.16994	-1.32496	-1.44376	-1.52164	-1.53697	-1.48079	-1.37658	-1.23624	-1.06461	-0.880626	-0.695876	-0.50893	-0.325762	-0.156554	-0.0140391	0.0990639	0.182044	0.242147	0.291646	0.3345	0.362745	0.384129	0.415362	0.445264	
-0.878838	-1.01422	-1.13238	-1.22238	-1.28241	-1.29329	-1.2503	-1.17197	-1.06461	-0.934012	-0.79363	-0.646777	-0.489413	-0.334824	-0.190576	-0.0634496	0.0371949	0.10767	0.16308	0.203384	0.230754	0.242494	0.255174	0.274996	0.304995	
-0.756822	-0.847041	-0.926139	-0.986589	-1.02767	-1.03524	-1.00552	-0.95312	-0.880626	-0.79363	-0.697243	-0.585766	-0.460832	-0.338338	-0.218215	-0.11073	-0.0305731	0.0320552	0.0848815	0.11522	0.125438	0.12524	0.119447	0.121176	0.149229	
-0.623853	-0.67785	-0.718884	-0.749119	-0.772118	-0.77667	-0.759407	-0.731771	-0.695876	-0.646777	-0.585766	-0.509568	-0.417835	-0.32039	-0.225221	-0.143688	-0.0839305	-0.031794	0.013474	0.0308026	0.0305229	0.0172407	-0.00664572	-0.0231564	-0.00336375	
-0.479053	-0.501835	-0.515635	-0.519654	-0.52749	-0.530088	-0.522077	-0.51743	-0.50893	-0.489413	-0.460832	-0.417835	-0.349541	-0.275595	-0.21151	-0.161853	-0.116923	-0.0746591	-0.0448637	-0.0361265	-0.0462471	-0.0744266	-0.117185	-0.147166	-0.149011	
-0.337246	-0.330196	-0.318417	-0.310213	-0.308274	-0.308042	-0.308657	-0.314623	-0.325762	-0.334824	-0.338338	-0.32039	-0.275595	-0.222396	-0.184794	-0.15512	-0.123357	-0.0947729	-0.0807969	-0.0830315	-0.10765	-0.155037	-0.208245	-0.249999	-0.277806	
-0.204122	-0.169712	-0.140271	-0.127035	-0.123102	-0.123227	-0.12449	-0.133092	-0.156554	-0.190576	-0.218215	-0.225221	-0.21151	-0.184794	-0.157027	-0.136415	-0.120115	-0.10815	-0.107517	-0.122777	-0.163492	-0.218127	-0.27806	-0.33251	-0.377306	
-0.083852	-0.0327566	0.0066587	0.0202016	0.0250768	0.0264822	0.0225397	0.0145375	-0.0140391	-0.0634496	-0.11073	-0.143688	-0.161853	-0.15512	-0.136415	-0.12486	-0.121749	-0.122666	-0.135786	-0.164496	-0.210157	-0.262124	-0.320013	-0.378454	-0.430223	
0.00999569	0.076484	0.124718	0.14515	0.156572	0.158632	0.15002	0.135506	0.0990639	0.0371949	-0.0305731	-0.0839305	-0.116923	-0.123357	-0.120115	-0.121749	-0.130802	-0.145114	-0.173381	-0.206427	-0.24671	-0.293181	-0.342964	-0.392224	-0.442351	
0.076854	0.153849	0.216126	0.250855	0.269569	0.272636	0.259435	0.232964	0.182044	0.10767	0.0320552	-0.031794	-0.0746591	-0.0947729	-0.10815	-0.122666	-0.145114	-0.179958	-0.217103	-0.242698	-0.270174	-0.305037	-0.339649	-0.372364	-0.40823	
0.13157	0.210664	0.284597	0.336721	0.365629	0.371136	0.350958	0.308405	0.242147	0.16308	0.0848815	0.013474	-0.0448637	-0.0807969	-0.107517	-0.135786	-0.173381	-0.217103	-0.253142	-0.270297	-0.280517	-0.296479	-0.304333	-0.311764	-0.329569	
0.167735	0.257195	0.338495	0.403799	0.446021	0.453764	0.424179	0.36652	0.291646	0.203384	0.11522	0.0308026	-0.0361265	-0.0830315	-0.122777	-0.164496	-0.206427	-0.242698	-0.270297	-0.278561	-0.273447	-0.259675	-0.233869	-0.211025	-0.199965	
0.188947	0.293767	0.388221	0.459654	0.505868	0.515724	0.480927	0.419284	0.3345	0.230754	0.125438	0.0305229	-0.0462471	-0.10765	-0.163492	-0.210157	-0.24671	-0.270174	-0.280517	-0.273447	-0.238424	-0.188061	-0.12778	-0.0780726	-0.0375966	
0.195437	0.315677	0.424525	0.506724	0.555045	0.564418	0.53028	0.461167	0.362745	0.242494	0.12524	0.0172407	-0.0744266	-0.155037	-0.218127	-0.262124	-0.293181	-0.305037	-0.296479	-0.259675	-0.188061	-0.0917829	0.00701872	0.087096	0.145683	
0.201364	0.334115	0.452767	0.543331	0.597109	0.606332	0.569801	0.493047	0.384129	0.255174	0.119447	-0.00664572	-0.117185	-0.208245	-0.27806	-0.320013	-0.342964	-0.339649	-0.304333	-0.233869	-0.12778	0.00701872	0.144486	0.252653	0.328746	
0.213898	0.361346	0.48773	0.580887	0.635717	0.645153	0.607649	0.529013	0.415362	0.274996	0.121176	-0.0231564	-0.147166	-0.249999	-0.33251	-0.378454	-0.392224	-0.372364	-0.311764	-0.211025	-0.0780726	0.087096	0.252653	0.380669	0.468781	
0.244058	0.39089	0.518594	0.61135	0.663926	0.67332	0.637137	0.560263	0.445264	0.304995	0.149229	-0.00336375	-0.149011	-0.277806	-0.377306	-0.430223	-0.442351	-0.40823	-0.329569	-0.199965	-0.0375966	0.145683	0.328746	0.468781	0.566141	
