0.149059	0.138452	0.0969625	0.0433162	0.00168038	-0.00583937	0.0238598	0.0757288	0.124329	0.149175	0.138108	0.088677	0.0198741	-0.0468099	-0.0930231	-0.117365	-0.122335	-0.117291	-0.104811	-0.0969738	-0.0859659	-0.0658011	-0.0520225	-0.0518204	-0.0720262	
0.119601	0.108596	0.060384	-0.00479842	-0.0506917	-0.0596893	-0.026792	0.0340294	0.0934152	0.119099	0.11223	0.080519	0.0314415	-0.0236137	-0.0734539	-0.105044	-0.118337	-0.122149	-0.117098	-0.108679	-0.096994	-0.0732223	-0.044133	-0.0279278	-0.0239778	
0.087177	0.0609107	0.00843383	-0.0598939	-0.113358	-0.122827	-0.0849142	-0.0185871	0.0429375	0.07965	0.0917611	0.0756659	0.0368157	-0.00934189	-0.0532758	-0.0923833	-0.112992	-0.120733	-0.119673	-0.108127	-0.0885165	-0.0484986	0.00203656	0.0439761	0.0760812	
0.059938	0.020085	-0.045887	-0.115741	-0.160735	-0.168923	-0.136779	-0.0756578	-0.00388628	0.0476424	0.0731893	0.0750563	0.0516685	0.0128746	-0.0341347	-0.0753282	-0.0994582	-0.109564	-0.111031	-0.0959012	-0.0605805	0.00280002	0.0781574	0.144719	0.201227	
0.0418851	-0.0145893	-0.0849625	-0.147386	-0.18539	-0.193117	-0.165929	-0.111925	-0.0420258	0.0218124	0.0643661	0.0835029	0.0741436	0.0444306	0.00457637	-0.0348693	-0.0668104	-0.083691	-0.0872408	-0.0651032	-0.0134639	0.0720171	0.171207	0.254202	0.325631	
0.0481007	-0.0144897	-0.0826798	-0.135502	-0.163691	-0.169608	-0.148525	-0.10696	-0.0424806	0.0252969	0.074611	0.100615	0.102063	0.0838026	0.0505215	0.0145107	-0.0216335	-0.0456732	-0.0514317	-0.0235813	0.0403528	0.142491	0.258842	0.353923	0.427158	
0.0910831	0.0358539	-0.0228276	-0.069819	-0.0923237	-0.0954215	-0.0821034	-0.0441156	0.0117182	0.0710955	0.113233	0.133442	0.134203	0.121158	0.0946959	0.0608812	0.0308095	0.00507777	-0.00100513	0.0326914	0.10792	0.214885	0.334461	0.436838	0.505467	
0.165291	0.13136	0.0889065	0.0454202	0.0242589	0.0195562	0.034879	0.0695919	0.115812	0.152941	0.179732	0.186933	0.175583	0.159182	0.13788	0.115929	0.0901357	0.071492	0.0715299	0.108283	0.183964	0.285251	0.396775	0.498855	0.564087	
0.269717	0.26194	0.242251	0.214427	0.194742	0.189649	0.204938	0.231566	0.255314	0.268085	0.267494	0.251075	0.226515	0.202789	0.184985	0.169618	0.146226	0.128604	0.133129	0.168087	0.242124	0.342243	0.445012	0.538335	0.597034	
0.383603	0.404202	0.413498	0.408536	0.394595	0.38998	0.403113	0.413629	0.40929	0.392977	0.367019	0.331564	0.296814	0.264976	0.244011	0.232277	0.213385	0.195574	0.201587	0.236003	0.296176	0.38283	0.474468	0.555885	0.603178	
0.506904	0.550305	0.584631	0.598056	0.598745	0.596258	0.599835	0.592332	0.566524	0.523892	0.481434	0.435054	0.385782	0.347649	0.323429	0.317952	0.310646	0.302102	0.304338	0.329358	0.366059	0.42075	0.495016	0.5615	0.598808	
0.640491	0.697174	0.752236	0.784607	0.798196	0.800329	0.79208	0.767571	0.720858	0.662139	0.610342	0.556074	0.500166	0.466715	0.45041	0.443345	0.443228	0.445592	0.44269	0.444917	0.448358	0.4682	0.508817	0.550934	0.576573	
0.774743	0.841142	0.906704	0.957575	0.986626	0.992629	0.971694	0.929426	0.868766	0.800277	0.739406	0.692016	0.653591	0.632462	0.629254	0.629541	0.625436	0.618295	0.600836	0.571226	0.534588	0.514494	0.517877	0.525041	0.526874	
0.899333	0.960037	1.02648	1.09263	1.13522	1.14187	1.11367	1.05449	0.986158	0.922923	0.866571	0.835218	0.824439	0.827364	0.843982	0.853498	0.842234	0.81783	0.780213	0.713933	0.630425	0.561123	0.524393	0.496218	0.462361	
0.987228	1.02929	1.08259	1.14451	1.18238	1.18833	1.16389	1.10803	1.04856	1.00318	0.966441	0.954309	0.979148	1.02204	1.06591	1.09033	1.08177	1.04166	0.975247	0.879743	0.757085	0.638072	0.552486	0.481243	0.410542	
1.00289	1.01857	1.04694	1.0839	1.1126	1.11913	1.09617	1.06186	1.02882	1.00723	1.00235	1.02704	1.08944	1.17395	1.25751	1.30509	1.31058	1.26381	1.17769	1.05239	0.897273	0.738566	0.603268	0.48929	0.382095	
0.924253	0.908026	0.911744	0.925674	0.946261	0.951926	0.933598	0.915608	0.908851	0.913379	0.950578	1.02416	1.12917	1.25475	1.37958	1.4653	1.49059	1.44659	1.35015	1.20396	1.0183	0.828802	0.654234	0.501063	0.360944	
0.74538	0.694772	0.680226	0.681092	0.688316	0.690388	0.683957	0.678347	0.686582	0.71946	0.798485	0.920092	1.07445	1.24833	1.41533	1.54355	1.60064	1.57077	1.46932	1.31142	1.1064	0.888863	0.687157	0.509191	0.354302	
0.475783	0.393091	0.357021	0.346745	0.343478	0.343569	0.344756	0.351355	0.374283	0.435953	0.552899	0.724974	0.931093	1.1496	1.35696	1.52764	1.62673	1.62559	1.53606	1.37855	1.16339	0.925561	0.703782	0.51107	0.357933	
0.151648	0.0401846	-0.0127682	-0.0299637	-0.0426642	-0.0440871	-0.0364545	-0.0205088	0.0122254	0.0987819	0.250693	0.464488	0.707794	0.955492	1.20181	1.4119	1.55134	1.58806	1.53073	1.39048	1.18358	0.946825	0.714785	0.510066	0.36012	
-0.194085	-0.319646	-0.382676	-0.407658	-0.422763	-0.425889	-0.4141	-0.395298	-0.351486	-0.252485	-0.0847611	0.150874	0.421178	0.700309	0.975287	1.21287	1.38713	1.46832	1.45209	1.34592	1.16641	0.942565	0.714201	0.513372	0.363298	
-0.539735	-0.663956	-0.722445	-0.744663	-0.753625	-0.754162	-0.748846	-0.734811	-0.693033	-0.598682	-0.428427	-0.187739	0.0960656	0.398928	0.699996	0.964846	1.17407	1.29696	1.32107	1.25827	1.11515	0.916787	0.708677	0.522288	0.379234	
-0.856605	-0.964676	-1.00963	-1.01936	-1.01103	-1.00868	-1.01645	-1.01708	-0.988317	-0.90923	-0.75477	-0.525537	-0.238211	0.0844736	0.410041	0.702747	0.942486	1.10383	1.17581	1.15366	1.05239	0.895883	0.714426	0.54217	0.410251	
-1.1065	-1.19161	-1.21658	-1.20334	-1.18326	-1.1789	-1.19461	-1.21382	-1.20795	-1.14853	-1.02216	-0.82347	-0.545421	-0.214697	0.124952	0.445003	0.715916	0.917852	1.03995	1.06419	1.00208	0.88643	0.736647	0.586874	0.458278	
-1.26895	-1.31967	-1.31891	-1.28462	-1.24763	-1.23888	-1.26856	-1.30775	-1.32476	-1.29584	-1.20784	-1.043	-0.79129	-0.474929	-0.134027	0.202235	0.506542	0.761882	0.935827	1.00625	0.985296	0.898288	0.771657	0.640935	0.513225	
-1.34442	-1.35434	-1.3202	-1.26005	-1.20342	-1.19147	-1.23489	-1.2982	-1.34524	-1.35491	-1.30876	-1.18245	-0.966278	-0.67191	-0.334268	0.0152517	0.349789	0.647122	0.864581	0.983194	1.00379	0.940925	0.827301	0.694132	0.559934	
-1.35434	-1.32128	-1.24064	-1.14263	-1.06965	-1.05691	-1.10804	-1.20094	-1.29377	-1.34807	-1.34308	-1.2552	-1.06644	-0.790646	-0.460361	-0.105183	0.255548	0.58273	0.834795	0.987034	1.0356	0.995115	0.89358	0.755583	0.608932	
-1.3202	-1.24064	-1.11329	-0.979575	-0.887084	-0.87116	-0.934758	-1.05799	-1.19335	-1.29625	-1.33095	-1.27068	-1.10432	-0.844539	-0.523543	-0.163504	0.212664	0.5598	0.831214	1.00441	1.08068	1.05828	0.959998	0.817139	0.651514	
-1.26005	-1.14263	-0.979575	-0.823059	-0.718707	-0.698574	-0.772704	-0.913488	-1.07979	-1.22191	-1.28721	-1.24865	-1.10435	-0.86414	-0.548535	-0.182922	0.198431	0.556231	0.839434	1.03081	1.13335	1.12657	1.01794	0.856421	0.672683	
-1.20342	-1.06965	-0.887084	-0.718707	-0.612179	-0.594122	-0.666436	-0.814458	-0.999587	-1.15894	-1.24212	-1.22273	-1.09184	-0.86543	-0.563325	-0.197094	0.190658	0.559038	0.854829	1.05623	1.16768	1.1686	1.05421	0.87525	0.680135	
-1.19147	-1.05691	-0.87116	-0.698574	-0.594122	-0.576932	-0.646668	-0.796512	-0.986273	-1.14668	-1.23143	-1.21763	-1.08865	-0.864695	-0.566326	-0.199717	0.190426	0.560403	0.858454	1.06325	1.1735	1.1749	1.06054	0.879478	0.679736	
-1.23489	-1.10804	-0.934758	-0.772704	-0.666436	-0.646668	-0.721063	-0.86569	-1.04128	-1.19299	-1.26771	-1.23722	-1.09911	-0.865677	-0.554874	-0.189323	0.194088	0.557167	0.845639	1.04092	1.1503	1.148	1.03525	0.86614	0.677413	
-1.2982	-1.20094	-1.05799	-0.913488	-0.814458	-0.796512	-0.86569	-0.997752	-1.14676	-1.26769	-1.31577	-1.26418	-1.10747	-0.856085	-0.536476	-0.172409	0.205499	0.556394	0.832618	1.01437	1.1024	1.08688	0.984982	0.835327	0.66216	
-1.34524	-1.29377	-1.19335	-1.07979	-0.999587	-0.986273	-1.04128	-1.14676	-1.25845	-1.33211	-1.34309	-1.2675	-1.08771	-0.817801	-0.491811	-0.135756	0.233146	0.570283	0.832283	0.993318	1.05202	1.01874	0.921257	0.781881	0.628294	
-1.35491	-1.34807	-1.29625	-1.22191	-1.15894	-1.14668	-1.19299	-1.26769	-1.33211	-1.35861	-1.32905	-1.2189	-1.01529	-0.728689	-0.393313	-0.0412017	0.304965	0.615157	0.847492	0.981861	1.01588	0.961657	0.853236	0.717487	0.578728	
-1.30876	-1.34308	-1.33095	-1.28721	-1.24212	-1.23143	-1.26771	-1.31577	-1.34309	-1.32905	-1.25769	-1.10739	-0.870028	-0.563657	-0.222694	0.120005	0.436248	0.710158	0.902533	0.993194	0.98919	0.912149	0.791304	0.661641	0.532371	
-1.18245	-1.2552	-1.27068	-1.24865	-1.22273	-1.21763	-1.23722	-1.26418	-1.2675	-1.2189	-1.10739	-0.922307	-0.652276	-0.324366	0.0167881	0.344173	0.627788	0.851871	0.995258	1.03666	0.990336	0.887584	0.749205	0.609182	0.481306	
-0.966278	-1.06644	-1.10432	-1.10435	-1.09184	-1.08865	-1.09911	-1.10747	-1.08771	-1.01529	-0.870028	-0.652276	-0.366398	-0.0388094	0.294418	0.599139	0.851089	1.02704	1.11879	1.1153	1.02948	0.890345	0.721392	0.557655	0.427142	
-0.67191	-0.790646	-0.844539	-0.86414	-0.86543	-0.864695	-0.865677	-0.856085	-0.817801	-0.728689	-0.563657	-0.324366	-0.0388094	0.272433	0.584267	0.859689	1.08153	1.22059	1.26333	1.21516	1.09039	0.906854	0.709079	0.527561	0.390215	
-0.334268	-0.460361	-0.523543	-0.548535	-0.563325	-0.566326	-0.554874	-0.536476	-0.491811	-0.393313	-0.222694	0.0167881	0.294418	0.584267	0.869774	1.11808	1.30584	1.40427	1.40423	1.31623	1.14895	0.93316	0.712214	0.516564	0.366861	
0.0152517	-0.105183	-0.163504	-0.182922	-0.197094	-0.199717	-0.189323	-0.172409	-0.135756	-0.0412017	0.120005	0.344173	0.599139	0.859689	1.11808	1.33991	1.49399	1.54893	1.50698	1.37844	1.18089	0.948245	0.716118	0.510829	0.361314	
0.349789	0.255548	0.212664	0.198431	0.190658	0.190426	0.194088	0.205499	0.233146	0.304965	0.436248	0.627788	0.851089	1.08153	1.30584	1.49399	1.60958	1.62175	1.54355	1.39095	1.1763	0.937133	0.70884	0.510173	0.358868	
0.647122	0.58273	0.5598	0.556231	0.559038	0.560403	0.557167	0.556394	0.570283	0.615157	0.710158	0.851871	1.02704	1.22059	1.40427	1.54893	1.62175	1.6022	1.50356	1.34372	1.13286	0.905207	0.695254	0.511275	0.355852	
0.864581	0.834795	0.831214	0.839434	0.854829	0.858454	0.845639	0.832618	0.832283	0.847492	0.902533	0.995258	1.11879	1.26333	1.40423	1.50698	1.54355	1.50356	1.40378	1.25219	1.05764	0.856161	0.669614	0.504549	0.355917	
0.983194	0.987034	1.00441	1.03081	1.05623	1.06325	1.04092	1.01437	0.993318	0.981861	0.993194	1.03666	1.1153	1.21516	1.31623	1.37844	1.39095	1.34372	1.25219	1.1175	0.949193	0.778038	0.625285	0.494656	0.373088	
1.00379	1.0356	1.08068	1.13335	1.16768	1.1735	1.1503	1.1024	1.05202	1.01588	0.98919	0.990336	1.02948	1.09039	1.14895	1.18089	1.1763	1.13286	1.05764	0.949193	0.813966	0.676474	0.570762	0.482398	0.397628	
0.940925	0.995115	1.05828	1.12657	1.1686	1.1749	1.148	1.08688	1.01874	0.961657	0.912149	0.887584	0.890345	0.906854	0.93316	0.948245	0.937133	0.905207	0.856161	0.778038	0.676474	0.587547	0.531985	0.487505	0.438548	
0.827301	0.89358	0.959998	1.01794	1.05421	1.06054	1.03525	0.984982	0.921257	0.853236	0.791304	0.749205	0.721392	0.709079	0.712214	0.716118	0.70884	0.695254	0.669614	0.625285	0.570762	0.531985	0.520051	0.512643	0.501441	
0.694132	0.755583	0.817139	0.856421	0.87525	0.879478	0.86614	0.835327	0.781881	0.717487	0.661641	0.609182	0.557655	0.527561	0.516564	0.510829	0.510173	0.511275	0.504549	0.494656	0.482398	0.487505	0.512643	0.541788	0.55971	
0.559934	0.608932	0.651514	0.672683	0.680135	0.679736	0.677413	0.66216	0.628294	0.578728	0.532371	0.481306	0.427142	0.390215	0.366861	0.361314	0.358868	0.355852	0.355917	0.373088	0.397628	0.438548	0.501441	0.55971	0.593313	
