0.135655	0.255076	0.362622	0.453347	0.529365	0.605846	0.683795	0.755453	0.803274	0.8184	0.79133	0.704091	0.564744	0.407126	0.240691	0.0766765	-0.0832691	-0.243157	-0.405045	-0.54181	-0.634892	-0.671334	-0.646401	-0.581233	-0.493189	
0.255076	0.375503	0.476925	0.550696	0.605422	0.642979	0.676585	0.712121	0.734449	0.733914	0.693431	0.600245	0.472875	0.339528	0.208261	0.0793927	-0.0433203	-0.167716	-0.297558	-0.412145	-0.49748	-0.541336	-0.532434	-0.483038	-0.414701	
0.362622	0.476925	0.568632	0.631286	0.663512	0.67534	0.679661	0.684061	0.683007	0.66561	0.612539	0.522831	0.416753	0.312424	0.213134	0.121902	0.0431799	-0.0331573	-0.11747	-0.208181	-0.285346	-0.336556	-0.345058	-0.319841	-0.275141	
0.453347	0.550696	0.631286	0.675628	0.685311	0.678937	0.666135	0.646582	0.625889	0.595745	0.543438	0.467907	0.385923	0.309058	0.246855	0.196682	0.162396	0.129706	0.0908618	0.0385204	-0.0183795	-0.0656283	-0.0942462	-0.0972055	-0.0832924	
0.529365	0.605422	0.663512	0.685311	0.681398	0.656713	0.61963	0.570689	0.531229	0.501063	0.458691	0.407957	0.36428	0.32716	0.30052	0.291428	0.293089	0.301271	0.304631	0.288726	0.257217	0.219536	0.180375	0.156699	0.139617	
0.605846	0.642979	0.67534	0.678937	0.656713	0.610102	0.549422	0.478463	0.424101	0.390881	0.362839	0.343628	0.341084	0.345167	0.357803	0.382925	0.417881	0.461435	0.498832	0.508945	0.495724	0.469066	0.430926	0.396833	0.355445	
0.683795	0.676585	0.679661	0.666135	0.61963	0.549422	0.472448	0.399043	0.337418	0.290268	0.269305	0.275937	0.309127	0.350785	0.399632	0.453707	0.513376	0.57487	0.628031	0.658715	0.667882	0.65995	0.630656	0.590707	0.53906	
0.755453	0.712121	0.684061	0.646582	0.570689	0.478463	0.399043	0.334539	0.266618	0.209928	0.188599	0.209897	0.265638	0.336497	0.415827	0.495316	0.564579	0.633886	0.692697	0.735244	0.769377	0.780048	0.764222	0.725934	0.666091	
0.803274	0.734449	0.683007	0.625889	0.531229	0.424101	0.337418	0.266618	0.191528	0.134395	0.116676	0.142416	0.207262	0.299348	0.404709	0.499281	0.575737	0.652005	0.719265	0.77053	0.810146	0.832532	0.824409	0.790037	0.727254	
0.8184	0.733914	0.66561	0.595745	0.501063	0.390881	0.290268	0.209928	0.134395	0.0783417	0.0609346	0.0912819	0.163924	0.269427	0.379292	0.479733	0.5662	0.651022	0.728958	0.780981	0.817261	0.836116	0.82384	0.78811	0.73107	
0.79133	0.693431	0.612539	0.543438	0.458691	0.362839	0.269305	0.188599	0.116676	0.0609346	0.0370597	0.0606584	0.130446	0.233442	0.34342	0.446759	0.541659	0.63509	0.721968	0.77596	0.803676	0.809972	0.787642	0.746381	0.690352	
0.704091	0.600245	0.522831	0.467907	0.407957	0.343628	0.275937	0.209897	0.142416	0.0912819	0.0606584	0.0674588	0.114431	0.201813	0.309642	0.41386	0.509671	0.606477	0.693757	0.749729	0.767427	0.755545	0.725793	0.671919	0.609175	
0.564744	0.472875	0.416753	0.385923	0.36428	0.341084	0.309127	0.265638	0.207262	0.163924	0.130446	0.114431	0.141156	0.205956	0.29599	0.383325	0.469474	0.561599	0.642499	0.691297	0.697227	0.670738	0.623723	0.558551	0.485771	
0.407126	0.339528	0.312424	0.309058	0.32716	0.345167	0.350785	0.336497	0.299348	0.269427	0.233442	0.201813	0.205956	0.246722	0.299289	0.354132	0.42104	0.500035	0.567547	0.604357	0.598135	0.556245	0.48869	0.411551	0.326584	
0.240691	0.208261	0.213134	0.246855	0.30052	0.357803	0.399632	0.415827	0.404709	0.379292	0.34342	0.309642	0.29599	0.299289	0.313364	0.33895	0.384958	0.435856	0.47535	0.49404	0.475186	0.424001	0.342855	0.254851	0.157452	
0.0766765	0.0793927	0.121902	0.196682	0.291428	0.382925	0.453707	0.495316	0.499281	0.479733	0.446759	0.41386	0.383325	0.354132	0.33895	0.341225	0.356943	0.377448	0.385598	0.375426	0.342488	0.28454	0.199376	0.101732	-0.0017322	
-0.0832691	-0.0433203	0.0431799	0.162396	0.293089	0.417881	0.513376	0.564579	0.575737	0.5662	0.541659	0.509671	0.469474	0.42104	0.384958	0.356943	0.335758	0.324727	0.299593	0.258717	0.208748	0.145619	0.0553548	-0.0483377	-0.155508	
-0.243157	-0.167716	-0.0331573	0.129706	0.301271	0.461435	0.57487	0.633886	0.652005	0.651022	0.63509	0.606477	0.561599	0.500035	0.435856	0.377448	0.324727	0.275711	0.215568	0.147911	0.0859647	0.0139048	-0.0841459	-0.196071	-0.311175	
-0.405045	-0.297558	-0.11747	0.0908618	0.304631	0.498832	0.628031	0.692697	0.719265	0.728958	0.721968	0.693757	0.642499	0.567547	0.47535	0.385598	0.299593	0.215568	0.133523	0.0518856	-0.0190679	-0.101048	-0.206512	-0.326677	-0.451168	
-0.54181	-0.412145	-0.208181	0.0385204	0.288726	0.508945	0.658715	0.735244	0.77053	0.780981	0.77596	0.749729	0.691297	0.604357	0.49404	0.375426	0.258717	0.147911	0.0518856	-0.0350224	-0.114926	-0.202871	-0.309686	-0.430673	-0.552338	
-0.634892	-0.49748	-0.285346	-0.0183795	0.257217	0.495724	0.667882	0.769377	0.810146	0.817261	0.803676	0.767427	0.697227	0.598135	0.475186	0.342488	0.208748	0.0859647	-0.0190679	-0.114926	-0.200989	-0.296896	-0.401624	-0.518115	-0.630081	
-0.671334	-0.541336	-0.336556	-0.0656283	0.219536	0.469066	0.65995	0.780048	0.832532	0.836116	0.809972	0.755545	0.670738	0.556245	0.424001	0.28454	0.145619	0.0139048	-0.101048	-0.202871	-0.296896	-0.390741	-0.486794	-0.589054	-0.686591	
-0.646401	-0.532434	-0.345058	-0.0942462	0.180375	0.430926	0.630656	0.764222	0.824409	0.82384	0.787642	0.725793	0.623723	0.48869	0.342855	0.199376	0.0553548	-0.0841459	-0.206512	-0.309686	-0.401624	-0.486794	-0.567884	-0.651449	-0.727638	
-0.581233	-0.483038	-0.319841	-0.0972055	0.156699	0.396833	0.590707	0.725934	0.790037	0.78811	0.746381	0.671919	0.558551	0.411551	0.254851	0.101732	-0.0483377	-0.196071	-0.326677	-0.430673	-0.518115	-0.589054	-0.651449	-0.712307	-0.756105	
-0.493189	-0.414701	-0.275141	-0.0832924	0.139617	0.355445	0.53906	0.666091	0.727254	0.73107	0.690352	0.609175	0.485771	0.326584	0.157452	-0.0017322	-0.155508	-0.311175	-0.451168	-0.552338	-0.630081	-0.686591	-0.727638	-0.756105	-0.763949	
-0.39215	-0.335103	-0.22739	-0.0704732	0.114111	0.301149	0.468283	0.583646	0.641345	0.651162	0.614864	0.528628	0.399672	0.23218	0.0535952	-0.110423	-0.267671	-0.430068	-0.570889	-0.664156	-0.730523	-0.76551	-0.775146	-0.767266	-0.73302	
-0.287744	-0.255129	-0.174169	-0.0551518	0.09215	0.249363	0.394552	0.501413	0.559044	0.57023	0.530888	0.438357	0.302593	0.136013	-0.0414157	-0.21177	-0.376488	-0.534183	-0.66745	-0.75624	-0.805068	-0.817786	-0.797917	-0.755151	-0.683789	
-0.195835	-0.176739	-0.119889	-0.0295089	0.0883781	0.218218	0.340286	0.434503	0.493189	0.49993	0.458629	0.360898	0.216239	0.0499749	-0.122831	-0.29772	-0.463759	-0.616796	-0.748076	-0.833294	-0.864529	-0.853484	-0.812552	-0.734304	-0.627294	
-0.132279	-0.122827	-0.073287	0.00427425	0.103307	0.20677	0.300122	0.381871	0.443636	0.456001	0.409759	0.303346	0.1525	-0.0159082	-0.194008	-0.370928	-0.534236	-0.682961	-0.809844	-0.891715	-0.910448	-0.885978	-0.821596	-0.714996	-0.582848	
-0.101504	-0.0943318	-0.0466877	0.0281511	0.116931	0.205693	0.284787	0.356341	0.421868	0.441162	0.387919	0.269855	0.117232	-0.056058	-0.242375	-0.415449	-0.573671	-0.72246	-0.842278	-0.918508	-0.940294	-0.911707	-0.828062	-0.707486	-0.567156	
-0.0966874	-0.0897446	-0.0422189	0.0330219	0.119776	0.206025	0.284465	0.353584	0.419936	0.439054	0.384393	0.265394	0.112373	-0.0638691	-0.251567	-0.422595	-0.578361	-0.72908	-0.84757	-0.921236	-0.945909	-0.916521	-0.830083	-0.706804	-0.566742	
-0.116417	-0.108415	-0.059644	0.0158244	0.110013	0.206057	0.290639	0.367891	0.431138	0.447366	0.398047	0.286809	0.134963	-0.0351431	-0.217429	-0.392584	-0.554219	-0.702859	-0.826694	-0.906271	-0.924818	-0.898388	-0.82444	-0.710531	-0.5733	
-0.166171	-0.151817	-0.100057	-0.016214	0.0927246	0.211348	0.321599	0.411056	0.471252	0.478738	0.435479	0.334811	0.187303	0.0207732	-0.152772	-0.329567	-0.494707	-0.645213	-0.775882	-0.860217	-0.884537	-0.866612	-0.816431	-0.725906	-0.606433	
-0.24854	-0.222439	-0.151864	-0.0461	0.087762	0.234108	0.371197	0.473624	0.530671	0.539773	0.499973	0.40612	0.265733	0.0997212	-0.0755057	-0.247774	-0.413501	-0.569067	-0.701116	-0.78855	-0.830246	-0.832727	-0.804612	-0.747642	-0.661461	
-0.34947	-0.303344	-0.207184	-0.0653134	0.103851	0.279052	0.436939	0.548476	0.606616	0.618524	0.581346	0.491786	0.360839	0.19338	0.0141463	-0.152741	-0.313063	-0.474364	-0.61218	-0.703064	-0.763504	-0.79005	-0.785938	-0.764017	-0.714528	
-0.454309	-0.383259	-0.255138	-0.0774482	0.129708	0.334517	0.513145	0.635456	0.693985	0.700529	0.661878	0.579269	0.453307	0.289583	0.115781	-0.0444765	-0.199748	-0.359381	-0.500926	-0.599036	-0.67218	-0.721202	-0.750283	-0.764442	-0.756232	
-0.547957	-0.456754	-0.303869	-0.0934224	0.15061	0.382095	0.572195	0.704774	0.768835	0.76901	0.726605	0.647848	0.530188	0.379018	0.218108	0.0611139	-0.0905227	-0.241371	-0.376366	-0.479668	-0.564628	-0.628897	-0.683824	-0.733093	-0.763583	
-0.624352	-0.517283	-0.338147	-0.0982544	0.168706	0.416933	0.615469	0.751189	0.813303	0.811878	0.772843	0.706216	0.599121	0.45786	0.30756	0.160361	0.0134208	-0.128128	-0.253351	-0.357505	-0.446751	-0.527565	-0.600907	-0.675999	-0.740367	
-0.667937	-0.543239	-0.345049	-0.080297	0.203185	0.454403	0.651124	0.777059	0.832619	0.834318	0.804477	0.746614	0.654424	0.531456	0.394216	0.253883	0.113614	-0.0225413	-0.141324	-0.243039	-0.337879	-0.428887	-0.519933	-0.614617	-0.704122	
-0.656349	-0.52179	-0.309868	-0.0383877	0.243217	0.486283	0.666492	0.777115	0.822564	0.828197	0.809191	0.765218	0.68944	0.584803	0.458504	0.322364	0.185812	0.059889	-0.0489162	-0.148327	-0.237461	-0.333736	-0.4365	-0.548358	-0.656486	
-0.585606	-0.449771	-0.241671	0.0145711	0.277122	0.506012	0.665092	0.750825	0.787317	0.796397	0.789544	0.761317	0.699091	0.607192	0.491337	0.365474	0.239702	0.122725	0.0223657	-0.0679345	-0.149868	-0.24107	-0.347	-0.467101	-0.585031	
-0.463882	-0.346535	-0.153648	0.0715324	0.30061	0.505912	0.643177	0.710937	0.741393	0.753147	0.747064	0.720692	0.666575	0.58632	0.485878	0.38335	0.284573	0.187972	0.0995017	0.0168826	-0.0578842	-0.1428	-0.250121	-0.371311	-0.495836	
-0.308676	-0.219965	-0.0654499	0.115597	0.303911	0.479362	0.59845	0.659476	0.680762	0.684994	0.673081	0.643522	0.596292	0.530386	0.454114	0.383306	0.317672	0.253815	0.182872	0.107624	0.0420194	-0.0345112	-0.135398	-0.25167	-0.37142	
-0.147202	-0.0924582	0.0132767	0.150044	0.296271	0.434413	0.537939	0.592467	0.605815	0.599082	0.578721	0.548691	0.506331	0.452065	0.405413	0.364989	0.330953	0.305431	0.265645	0.212717	0.157258	0.0915897	-0.00106606	-0.107981	-0.218556	
0.0126862	0.0299822	0.0886269	0.181085	0.291036	0.395798	0.476523	0.523421	0.531315	0.516007	0.485381	0.452861	0.416595	0.378949	0.355517	0.346389	0.346956	0.35508	0.350901	0.328537	0.288452	0.228605	0.141684	0.0418887	-0.0623827	
0.174239	0.156077	0.175632	0.225374	0.29506	0.366834	0.420931	0.448597	0.445235	0.42132	0.386026	0.352499	0.331873	0.320086	0.32177	0.337933	0.373258	0.412004	0.437978	0.446912	0.423253	0.368991	0.28518	0.192899	0.0918126	
0.341744	0.286907	0.272334	0.282911	0.314073	0.348542	0.369732	0.367786	0.340661	0.313533	0.277779	0.244443	0.24079	0.267349	0.30322	0.34577	0.404972	0.473983	0.531591	0.561867	0.550937	0.504574	0.430965	0.348437	0.258352	
0.502956	0.419675	0.374037	0.353417	0.34944	0.342638	0.325177	0.292578	0.24129	0.203844	0.169407	0.144838	0.162625	0.219446	0.296004	0.371424	0.449841	0.538212	0.615519	0.660109	0.660587	0.627378	0.572321	0.502836	0.424974	
0.651939	0.551241	0.481698	0.436068	0.389	0.340353	0.28709	0.229234	0.165022	0.115231	0.0838813	0.0812843	0.119664	0.197439	0.301247	0.401812	0.495493	0.59065	0.675912	0.730124	0.743909	0.725655	0.689651	0.631513	0.564584	
0.764594	0.663234	0.57968	0.513845	0.438489	0.353566	0.268645	0.191478	0.120767	0.0679763	0.0406239	0.0584568	0.120226	0.218492	0.328499	0.433048	0.529184	0.625422	0.713034	0.768418	0.792138	0.79218	0.767455	0.720826	0.662883	
