-0.536606	-0.47079	-0.378175	-0.275995	-0.20993	-0.199308	-0.242785	-0.336883	-0.435607	-0.515318	-0.551648	-0.515213	-0.388398	-0.179085	0.0982363	0.408842	0.712078	0.981594	1.18463	1.30249	1.34115	1.31574	1.23736	1.10753	0.958792	
-0.516543	-0.425602	-0.309327	-0.18743	-0.108743	-0.0950538	-0.148756	-0.258958	-0.381139	-0.48488	-0.547211	-0.540215	-0.453452	-0.280472	-0.0294834	0.263178	0.55861	0.823338	1.02513	1.14852	1.19891	1.19826	1.15291	1.05832	0.938411	
-0.476377	-0.357742	-0.210548	-0.0729019	0.0181418	0.0360281	-0.0295211	-0.151961	-0.30048	-0.43411	-0.524546	-0.552087	-0.507695	-0.383756	-0.176459	0.0778262	0.348652	0.594612	0.790676	0.920607	0.978956	0.997815	0.98546	0.93522	0.857644	
-0.419129	-0.266663	-0.0900352	0.0704662	0.173129	0.190215	0.120479	-0.0210231	-0.197259	-0.362939	-0.488602	-0.554915	-0.556268	-0.479127	-0.328132	-0.123384	0.103745	0.318671	0.503854	0.634634	0.706633	0.74378	0.758981	0.752479	0.717442	
-0.357216	-0.170197	0.0355589	0.217209	0.331347	0.350208	0.273206	0.113826	-0.0877	-0.286894	-0.448255	-0.553064	-0.592349	-0.556474	-0.456314	-0.309643	-0.139885	0.0384565	0.203504	0.332413	0.421201	0.475748	0.512417	0.533258	0.536282	
-0.29993	-0.0886029	0.136312	0.328521	0.448605	0.469532	0.387027	0.219606	0.00256453	-0.219281	-0.409437	-0.548478	-0.621657	-0.626344	-0.57498	-0.487422	-0.365106	-0.220587	-0.0730203	0.0567818	0.152731	0.217064	0.264867	0.308342	0.344027	
-0.25051	-0.0270341	0.193273	0.374962	0.48319	0.502886	0.427733	0.273583	0.0624376	-0.162261	-0.373749	-0.539784	-0.647112	-0.691682	-0.685779	-0.641216	-0.558294	-0.439683	-0.303573	-0.177923	-0.0809631	-0.0106604	0.0421728	0.10382	0.171558	
-0.222247	-0.00695072	0.193724	0.353757	0.444904	0.46102	0.399089	0.26454	0.0758853	-0.136059	-0.346959	-0.526572	-0.656363	-0.73688	-0.770221	-0.754912	-0.699356	-0.603422	-0.478832	-0.360288	-0.267224	-0.200938	-0.145003	-0.0703936	0.022417	
-0.229809	-0.03481	0.141727	0.274629	0.350927	0.362591	0.313164	0.200399	0.0400734	-0.151966	-0.345182	-0.525753	-0.67051	-0.76693	-0.818968	-0.822033	-0.780173	-0.699829	-0.592295	-0.486954	-0.402082	-0.345457	-0.292021	-0.218369	-0.114257	
-0.278167	-0.104471	0.0471125	0.156099	0.221854	0.233165	0.188447	0.0952743	-0.0388557	-0.207421	-0.383176	-0.555036	-0.701163	-0.799302	-0.847297	-0.847343	-0.808924	-0.733484	-0.638002	-0.550824	-0.488537	-0.444003	-0.401527	-0.344675	-0.249823	
-0.357059	-0.209695	-0.0813284	0.0164853	0.0730537	0.0832072	0.0440479	-0.0371168	-0.155383	-0.296284	-0.450077	-0.603309	-0.730102	-0.814807	-0.851245	-0.841476	-0.796796	-0.716943	-0.627559	-0.55905	-0.522226	-0.496514	-0.473197	-0.43814	-0.367922	
-0.450701	-0.327224	-0.219137	-0.136487	-0.0855834	-0.0755202	-0.111952	-0.182516	-0.282223	-0.399556	-0.527774	-0.650649	-0.748582	-0.813681	-0.835722	-0.815597	-0.761449	-0.677617	-0.599451	-0.542619	-0.51807	-0.507755	-0.495122	-0.480721	-0.444513	
-0.541328	-0.444342	-0.363168	-0.296571	-0.253111	-0.244635	-0.275393	-0.3347	-0.409843	-0.502398	-0.598806	-0.688737	-0.765929	-0.817134	-0.83404	-0.800236	-0.733052	-0.643928	-0.569195	-0.523305	-0.49923	-0.494685	-0.491751	-0.491179	-0.478313	
-0.620852	-0.559217	-0.503082	-0.458866	-0.42874	-0.423877	-0.444338	-0.484198	-0.535789	-0.59584	-0.658908	-0.7248	-0.783505	-0.826552	-0.840026	-0.801904	-0.727249	-0.63901	-0.563138	-0.513708	-0.484659	-0.478338	-0.4881	-0.500982	-0.499189	
-0.69056	-0.654158	-0.616982	-0.589454	-0.570406	-0.567816	-0.580781	-0.604471	-0.638724	-0.675772	-0.71277	-0.758343	-0.803381	-0.840058	-0.855107	-0.822758	-0.758542	-0.675725	-0.593938	-0.530618	-0.492221	-0.478742	-0.488267	-0.5072	-0.515562	
-0.730821	-0.70197	-0.672302	-0.653196	-0.642671	-0.640927	-0.648096	-0.662897	-0.689165	-0.720495	-0.745043	-0.780937	-0.819271	-0.852113	-0.879771	-0.872055	-0.83139	-0.754753	-0.666518	-0.583881	-0.525365	-0.500495	-0.503999	-0.521764	-0.538669	
-0.713214	-0.68219	-0.656833	-0.63856	-0.630924	-0.629128	-0.634908	-0.648642	-0.671466	-0.701671	-0.726734	-0.759819	-0.8021	-0.848575	-0.902385	-0.927519	-0.915204	-0.850797	-0.759948	-0.665019	-0.587973	-0.545843	-0.542858	-0.562191	-0.587455	
-0.614652	-0.583339	-0.557588	-0.536511	-0.528551	-0.527262	-0.531799	-0.547878	-0.572944	-0.602101	-0.636058	-0.68193	-0.738085	-0.811444	-0.891247	-0.949648	-0.963733	-0.926911	-0.85339	-0.758145	-0.668854	-0.615034	-0.603981	-0.628861	-0.667056	
-0.441263	-0.404007	-0.373074	-0.347186	-0.334536	-0.334233	-0.340273	-0.361648	-0.391088	-0.42507	-0.470292	-0.53016	-0.61267	-0.71674	-0.82398	-0.916667	-0.966937	-0.966993	-0.923506	-0.841706	-0.752171	-0.70111	-0.691492	-0.715394	-0.753439	
-0.189869	-0.142466	-0.107684	-0.0819104	-0.0713576	-0.0703991	-0.0761172	-0.0962475	-0.127005	-0.16838	-0.227688	-0.307329	-0.423186	-0.56341	-0.706975	-0.8322	-0.92081	-0.959924	-0.947238	-0.88878	-0.820866	-0.78154	-0.774296	-0.787913	-0.818076	
0.119202	0.170457	0.201517	0.212119	0.211096	0.209529	0.212305	0.208427	0.185096	0.143282	0.0702477	-0.0385803	-0.184083	-0.360539	-0.543052	-0.706532	-0.827879	-0.903984	-0.923816	-0.896697	-0.858717	-0.834298	-0.82705	-0.82688	-0.844064	
0.425157	0.470275	0.484002	0.47601	0.468148	0.466439	0.471866	0.483104	0.478147	0.448047	0.375782	0.253633	0.0849619	-0.122294	-0.347998	-0.552953	-0.711415	-0.818701	-0.866039	-0.870341	-0.85754	-0.842388	-0.832098	-0.826909	-0.83388	
0.689184	0.715981	0.70411	0.675277	0.657307	0.655498	0.665627	0.693155	0.714485	0.705406	0.646874	0.518422	0.334803	0.10754	-0.150093	-0.392263	-0.588972	-0.727421	-0.803004	-0.831228	-0.825216	-0.808714	-0.794398	-0.781906	-0.773303	
0.882086	0.883585	0.842895	0.791264	0.758432	0.753723	0.774349	0.822288	0.87092	0.888826	0.850755	0.729302	0.541659	0.299631	0.0211516	-0.251005	-0.483046	-0.653984	-0.755226	-0.795006	-0.788138	-0.761105	-0.733748	-0.70542	-0.673744	
0.990459	0.967392	0.904721	0.837548	0.790115	0.780425	0.815002	0.87725	0.945244	0.987926	0.972809	0.874456	0.695552	0.44721	0.151735	-0.146486	-0.405896	-0.598526	-0.711848	-0.756692	-0.743451	-0.703514	-0.655492	-0.602335	-0.539336	
1.01597	0.973149	0.893743	0.809277	0.751295	0.74048	0.781737	0.858577	0.944012	1.00572	1.00966	0.936248	0.775861	0.537578	0.244674	-0.0704782	-0.34978	-0.553826	-0.683527	-0.733223	-0.711014	-0.650724	-0.574159	-0.488193	-0.393501	
0.973149	0.912531	0.817522	0.732509	0.677796	0.66775	0.706571	0.780456	0.875836	0.955724	0.977908	0.927852	0.792511	0.577249	0.294696	-0.0194248	-0.30899	-0.521248	-0.652761	-0.702702	-0.680733	-0.600541	-0.491592	-0.373616	-0.256542	
0.893743	0.817522	0.717283	0.636908	0.592771	0.58528	0.614441	0.680992	0.776926	0.869618	0.909274	0.87722	0.768933	0.581907	0.320027	0.014954	-0.275801	-0.493691	-0.628112	-0.674923	-0.647334	-0.553522	-0.420674	-0.276461	-0.135802	
0.809277	0.732509	0.636908	0.561738	0.526499	0.521165	0.543017	0.602233	0.694197	0.783433	0.833462	0.819126	0.730453	0.565876	0.323062	0.0366218	-0.248747	-0.471291	-0.608182	-0.657434	-0.623684	-0.517637	-0.362491	-0.199509	-0.0433089	
0.751295	0.677796	0.592771	0.526499	0.493815	0.489755	0.509181	0.56246	0.643902	0.724372	0.781666	0.779147	0.707594	0.554727	0.317726	0.0430484	-0.236339	-0.461028	-0.600957	-0.648747	-0.608949	-0.491816	-0.3235	-0.151154	0.0100307	
0.74048	0.66775	0.58528	0.521165	0.489755	0.484787	0.504105	0.556156	0.634744	0.713294	0.772199	0.772043	0.704961	0.552991	0.315992	0.0428141	-0.23519	-0.46038	-0.599692	-0.646484	-0.606962	-0.488744	-0.316549	-0.141315	0.0203889	
0.781737	0.706571	0.614441	0.543017	0.509181	0.504105	0.525439	0.581599	0.669712	0.75579	0.808503	0.799508	0.717947	0.560124	0.32087	0.0405375	-0.242196	-0.465648	-0.604108	-0.653362	-0.616763	-0.505476	-0.343585	-0.17601	-0.0176951	
0.858577	0.780456	0.680992	0.602233	0.56246	0.556156	0.581599	0.64475	0.740637	0.833185	0.877999	0.853402	0.754004	0.576541	0.324273	0.0257913	-0.264393	-0.483523	-0.618985	-0.666658	-0.635846	-0.53809	-0.396058	-0.243002	-0.0938568	
0.944012	0.875836	0.776926	0.694197	0.643902	0.634744	0.669712	0.740637	0.836608	0.923503	0.953356	0.910998	0.78639	0.582144	0.306827	-0.00406872	-0.294847	-0.509847	-0.642894	-0.690455	-0.666988	-0.580954	-0.461436	-0.332725	-0.206406	
1.00572	0.955724	0.869618	0.783433	0.724372	0.713294	0.75579	0.833185	0.923503	0.992815	1.00358	0.939362	0.78825	0.558501	0.268856	-0.0471205	-0.331587	-0.540805	-0.671662	-0.72229	-0.699366	-0.629906	-0.540946	-0.441164	-0.336717	
1.00966	0.977908	0.909274	0.833462	0.781666	0.772199	0.808503	0.877999	0.953356	1.00358	0.997429	0.910115	0.737742	0.490442	0.194423	-0.113323	-0.38197	-0.578836	-0.699324	-0.74593	-0.728825	-0.681926	-0.623481	-0.557953	-0.48042	
0.936248	0.927852	0.87722	0.819126	0.779147	0.772043	0.799508	0.853402	0.910998	0.939362	0.910115	0.795625	0.610232	0.365253	0.078239	-0.204225	-0.448038	-0.630672	-0.736266	-0.778726	-0.770433	-0.738289	-0.70338	-0.666317	-0.623274	
0.775861	0.792511	0.768933	0.730453	0.707594	0.704961	0.717947	0.754004	0.78639	0.78825	0.737742	0.610232	0.42358	0.189452	-0.0776618	-0.332798	-0.543943	-0.695456	-0.783371	-0.817423	-0.811423	-0.791119	-0.772935	-0.755244	-0.738065	
0.537578	0.577249	0.581907	0.565876	0.554727	0.552991	0.560124	0.576541	0.582144	0.558501	0.490442	0.365253	0.189452	-0.0275694	-0.267476	-0.487699	-0.661971	-0.781316	-0.838752	-0.854104	-0.845366	-0.831604	-0.82051	-0.81372	-0.815399	
0.244674	0.294696	0.320027	0.323062	0.317726	0.315992	0.32087	0.324273	0.306827	0.268856	0.194423	0.078239	-0.0776618	-0.267476	-0.467518	-0.647201	-0.78258	-0.871183	-0.904075	-0.890278	-0.864052	-0.844378	-0.835994	-0.832617	-0.845603	
-0.0704782	-0.0194248	0.014954	0.0366218	0.0430484	0.0428141	0.0405375	0.0257913	-0.00406872	-0.0471205	-0.113323	-0.204225	-0.332798	-0.487699	-0.647201	-0.786872	-0.888694	-0.943369	-0.942408	-0.895149	-0.839531	-0.806919	-0.79959	-0.806845	-0.832378	
-0.34978	-0.30899	-0.275801	-0.248747	-0.236339	-0.23519	-0.242196	-0.264393	-0.294847	-0.331587	-0.38197	-0.448038	-0.543943	-0.661971	-0.78258	-0.888694	-0.954895	-0.970094	-0.939817	-0.867095	-0.783209	-0.734571	-0.727349	-0.748306	-0.784091	
-0.553826	-0.521248	-0.493691	-0.471291	-0.461028	-0.46038	-0.465648	-0.483523	-0.509847	-0.540805	-0.578836	-0.630672	-0.695456	-0.781316	-0.871183	-0.943369	-0.970094	-0.947801	-0.885312	-0.793532	-0.702541	-0.649142	-0.637172	-0.662365	-0.701524	
-0.683527	-0.652761	-0.628112	-0.608182	-0.600957	-0.599692	-0.604108	-0.618985	-0.642894	-0.671662	-0.699324	-0.736266	-0.783371	-0.838752	-0.904075	-0.942408	-0.939817	-0.885312	-0.799039	-0.702348	-0.619172	-0.570216	-0.563504	-0.585968	-0.617246	
-0.733223	-0.702702	-0.674923	-0.657434	-0.648747	-0.646484	-0.653362	-0.666658	-0.690455	-0.72229	-0.74593	-0.778726	-0.817423	-0.854104	-0.890278	-0.895149	-0.867095	-0.793532	-0.702348	-0.613688	-0.547291	-0.516503	-0.517855	-0.534235	-0.553254	
-0.711014	-0.680733	-0.647334	-0.623684	-0.608949	-0.606962	-0.616763	-0.635846	-0.666988	-0.699366	-0.728825	-0.770433	-0.811423	-0.845366	-0.864052	-0.839531	-0.783209	-0.702541	-0.619172	-0.547291	-0.501655	-0.484632	-0.491439	-0.511153	-0.523883	
-0.650724	-0.600541	-0.553522	-0.517637	-0.491816	-0.488744	-0.505476	-0.53809	-0.580954	-0.629906	-0.681926	-0.738289	-0.791119	-0.831604	-0.844378	-0.806919	-0.734571	-0.649142	-0.570216	-0.516503	-0.484632	-0.475429	-0.487983	-0.504025	-0.505655	
-0.574159	-0.491592	-0.420674	-0.362491	-0.3235	-0.316549	-0.343585	-0.396058	-0.461436	-0.540946	-0.623481	-0.70338	-0.772935	-0.82051	-0.835994	-0.79959	-0.727349	-0.637172	-0.563504	-0.517855	-0.491439	-0.487983	-0.489213	-0.495073	-0.487325	
-0.488193	-0.373616	-0.276461	-0.199509	-0.151154	-0.141315	-0.17601	-0.243002	-0.332725	-0.441164	-0.557953	-0.666317	-0.755244	-0.81372	-0.832617	-0.806845	-0.748306	-0.662365	-0.585968	-0.534235	-0.511153	-0.504025	-0.495073	-0.485789	-0.461794	
-0.393501	-0.256542	-0.135802	-0.0433089	0.0100307	0.0203889	-0.0176951	-0.0938568	-0.206406	-0.336717	-0.48042	-0.623274	-0.738065	-0.815399	-0.845603	-0.832378	-0.784091	-0.701524	-0.617246	-0.553254	-0.523883	-0.505655	-0.487325	-0.461794	-0.4043	
