-0.340581	-0.463381	-0.570575	-0.649369	-0.687287	-0.691835	-0.669067	-0.606708	-0.508302	-0.391242	-0.263899	-0.151943	-0.0772896	-0.0388995	-0.0215391	-0.00842431	0.0287835	0.0979649	0.187358	0.29012	0.382067	0.439675	0.458031	0.445455	0.411097	
-0.293776	-0.412218	-0.520775	-0.606739	-0.652166	-0.657962	-0.63075	-0.558935	-0.457218	-0.341791	-0.223095	-0.126226	-0.0670743	-0.0309689	-0.0125766	-0.0059144	0.0183017	0.0724914	0.149923	0.247092	0.343233	0.402042	0.428076	0.428577	0.414221	
-0.2478	-0.353711	-0.454428	-0.537604	-0.581903	-0.587565	-0.561254	-0.491068	-0.394949	-0.290669	-0.185303	-0.102444	-0.056924	-0.0314662	-0.0175434	-0.00892732	0.0119328	0.0547535	0.118224	0.20872	0.308597	0.383906	0.426928	0.441539	0.433964	
-0.193903	-0.286643	-0.373006	-0.441636	-0.474439	-0.4784	-0.459242	-0.404167	-0.322649	-0.230829	-0.142647	-0.0811212	-0.053736	-0.0446179	-0.0464029	-0.0428515	-0.0179168	0.0289642	0.0974246	0.19334	0.302067	0.390654	0.450879	0.480078	0.481653	
-0.134201	-0.202917	-0.266277	-0.317562	-0.345346	-0.349451	-0.331999	-0.288916	-0.229359	-0.161212	-0.0994255	-0.0671224	-0.0673628	-0.0803529	-0.0970756	-0.0984629	-0.0687794	-0.00680702	0.0845243	0.201212	0.322859	0.427102	0.50289	0.544299	0.551003	
-0.0687112	-0.101141	-0.140254	-0.172253	-0.190757	-0.192544	-0.181936	-0.153522	-0.117414	-0.0797056	-0.059492	-0.0629097	-0.0940526	-0.129282	-0.157075	-0.150381	-0.110527	-0.031921	0.0815338	0.227831	0.373408	0.49978	0.585652	0.631992	0.642691	
-0.0147435	-0.0102016	-0.0147151	-0.0181311	-0.0188516	-0.0193733	-0.0181004	-0.0172062	-0.0114543	-0.0103192	-0.02893	-0.0724578	-0.128943	-0.182583	-0.212441	-0.198746	-0.136936	-0.0335413	0.108757	0.279212	0.445517	0.590057	0.690319	0.739537	0.746569	
0.0286527	0.0709973	0.105455	0.136027	0.154045	0.156525	0.145034	0.118283	0.0857324	0.0473747	-0.00539994	-0.0755697	-0.155767	-0.221769	-0.245066	-0.214928	-0.129696	0.0052282	0.175591	0.366733	0.550978	0.707955	0.813294	0.860877	0.863171	
0.0701227	0.147102	0.210743	0.26853	0.307064	0.315088	0.28728	0.235431	0.1733	0.102212	0.0195165	-0.0677166	-0.158124	-0.229466	-0.243916	-0.194161	-0.0812293	0.0844545	0.284291	0.492115	0.68519	0.840526	0.947913	0.996109	0.993654	
0.100378	0.195542	0.282975	0.358341	0.409333	0.417909	0.383161	0.314501	0.23195	0.138895	0.0409232	-0.0565424	-0.147208	-0.210004	-0.212491	-0.148075	-0.0102997	0.187841	0.411443	0.634416	0.836856	0.988929	1.08358	1.12133	1.11258	
0.102031	0.205332	0.304708	0.389011	0.445083	0.454652	0.415724	0.340748	0.246407	0.142873	0.0418619	-0.0536135	-0.138564	-0.186649	-0.167985	-0.0840598	0.0734218	0.295019	0.543916	0.781244	0.988725	1.13207	1.21163	1.23284	1.20685	
0.0641688	0.167281	0.269521	0.360484	0.423696	0.435352	0.390372	0.308277	0.208401	0.104693	0.00622314	-0.0795723	-0.148423	-0.175847	-0.137718	-0.0258957	0.156826	0.400409	0.66786	0.918418	1.12263	1.25434	1.31171	1.30906	1.25915	
-0.0125645	0.0876434	0.197414	0.298493	0.364726	0.376419	0.330677	0.240634	0.130488	0.0260946	-0.0658543	-0.138415	-0.184158	-0.18467	-0.125392	0.0151234	0.229978	0.497397	0.78058	1.04251	1.23942	1.34679	1.37184	1.34124	1.26774	
-0.107568	-0.00776362	0.110249	0.220809	0.293503	0.304283	0.257309	0.156489	0.0386747	-0.0708787	-0.158434	-0.223589	-0.247969	-0.222526	-0.131279	0.0368354	0.27942	0.568892	0.864374	1.12153	1.30164	1.39231	1.38705	1.32202	1.22032	
-0.212205	-0.101334	0.023153	0.141114	0.215935	0.227587	0.178101	0.0727763	-0.0519409	-0.170529	-0.266312	-0.324534	-0.32782	-0.280678	-0.165175	0.0230785	0.279782	0.574498	0.879502	1.13075	1.28885	1.34958	1.3238	1.23187	1.10956	
-0.301753	-0.186299	-0.0545872	0.0705425	0.147162	0.159589	0.109046	-0.00172724	-0.134674	-0.258093	-0.357636	-0.412916	-0.409904	-0.351763	-0.224038	-0.0310365	0.218133	0.501555	0.796387	1.03789	1.18048	1.21493	1.16861	1.05955	0.925983	
-0.349904	-0.233791	-0.103042	0.0252198	0.108583	0.123887	0.0663572	-0.0490995	-0.183576	-0.3054	-0.406833	-0.46217	-0.468415	-0.419215	-0.301415	-0.117801	0.10994	0.368489	0.625606	0.838933	0.968126	0.990727	0.929754	0.820592	0.695498	
-0.342659	-0.216826	-0.0835737	0.0372577	0.114783	0.127516	0.0750321	-0.0320444	-0.163723	-0.294967	-0.403479	-0.467515	-0.486347	-0.45834	-0.367305	-0.221438	-0.0344037	0.185741	0.39921	0.569316	0.676611	0.703183	0.647895	0.5505	0.439644	
-0.248264	-0.111723	0.0245041	0.137399	0.208603	0.218512	0.172082	0.0735231	-0.0551811	-0.196147	-0.319556	-0.40747	-0.448932	-0.446541	-0.395392	-0.309185	-0.182868	-0.0186615	0.151548	0.28674	0.376482	0.400276	0.360218	0.283721	0.193186	
-0.0605026	0.0787532	0.216069	0.333046	0.410296	0.42224	0.371349	0.26608	0.134863	-0.00614843	-0.141379	-0.262647	-0.350117	-0.396634	-0.395572	-0.362092	-0.29847	-0.200102	-0.0772331	0.0287619	0.102045	0.129498	0.109438	0.0626006	-0.000458777	
0.19189	0.348561	0.495223	0.616267	0.685315	0.696109	0.651446	0.54808	0.408084	0.255913	0.0953736	-0.0608975	-0.192685	-0.297485	-0.366304	-0.38729	-0.375439	-0.339296	-0.268301	-0.183895	-0.117674	-0.0792201	-0.0745006	-0.0914388	-0.123156	
0.490189	0.670895	0.826181	0.945225	1.00204	1.01057	0.974948	0.88013	0.735842	0.565604	0.373514	0.178737	0.00359472	-0.154338	-0.288544	-0.378379	-0.42255	-0.435631	-0.405164	-0.338332	-0.268027	-0.211081	-0.175608	-0.166822	-0.178699	
0.814767	1.00363	1.15267	1.2652	1.33152	1.34248	1.29854	1.20196	1.06817	0.895201	0.683545	0.453912	0.229308	0.017448	-0.170806	-0.327244	-0.429804	-0.476573	-0.471656	-0.423285	-0.346306	-0.272638	-0.209535	-0.173128	-0.162445	
1.11751	1.30498	1.44676	1.54703	1.6069	1.6159	1.57698	1.49123	1.36719	1.19765	0.985129	0.740459	0.472557	0.203457	-0.0315823	-0.231815	-0.387122	-0.468312	-0.479289	-0.444313	-0.369198	-0.274556	-0.188462	-0.126245	-0.0934827	
1.38006	1.55568	1.68072	1.76024	1.79635	1.79898	1.77991	1.71821	1.61106	1.45642	1.25007	0.998742	0.714571	0.411471	0.131114	-0.108559	-0.3029	-0.417217	-0.442085	-0.410708	-0.336234	-0.230777	-0.13182	-0.0535491	-0.00604927	
1.59268	1.73926	1.82801	1.88313	1.90533	1.90718	1.8955	1.85462	1.7797	1.65943	1.47238	1.22683	0.940921	0.620347	0.305818	0.033649	-0.182425	-0.317061	-0.355085	-0.32643	-0.251736	-0.149008	-0.0489772	0.0375829	0.0920144	
1.73926	1.84854	1.90053	1.92382	1.93274	1.93381	1.92908	1.91171	1.87437	1.79182	1.6382	1.41182	1.12974	0.805371	0.473493	0.177799	-0.0453857	-0.185638	-0.236114	-0.212044	-0.136912	-0.0455572	0.0499829	0.138289	0.196907	
1.82801	1.90053	1.92424	1.91751	1.90209	1.89834	1.9112	1.92389	1.91477	1.86427	1.75018	1.55006	1.27537	0.958609	0.625319	0.318297	0.0899598	-0.0503901	-0.105036	-0.0801659	-0.0091757	0.0751447	0.163162	0.243321	0.297232	
1.88313	1.92382	1.91751	1.88868	1.85995	1.85267	1.87647	1.90742	1.92546	1.90698	1.82085	1.64193	1.38444	1.07606	0.746003	0.437306	0.203818	0.0662349	0.021412	0.0474411	0.111209	0.188641	0.268488	0.338684	0.383996	
1.90533	1.93274	1.90209	1.85995	1.82698	1.81936	1.84476	1.88526	1.92453	1.92579	1.84967	1.69205	1.45202	1.13601	0.807224	0.514013	0.277745	0.138687	0.104184	0.128157	0.185506	0.262914	0.337241	0.403327	0.442391	
1.90718	1.93381	1.89834	1.85267	1.81936	1.8119	1.83747	1.87944	1.9234	1.92794	1.85211	1.69829	1.46281	1.14496	0.81648	0.526123	0.289049	0.149312	0.118544	0.141705	0.19765	0.273383	0.348588	0.414624	0.452822	
1.8955	1.92908	1.9112	1.87647	1.84476	1.83747	1.86251	1.89848	1.92569	1.91732	1.83691	1.668	1.41777	1.10711	0.7779	0.475644	0.239963	0.101796	0.0618967	0.087723	0.148331	0.225647	0.302676	0.369582	0.411798	
1.85462	1.91171	1.92389	1.90742	1.88526	1.87944	1.89848	1.91909	1.92129	1.88471	1.78413	1.5914	1.32312	1.01128	0.679543	0.368853	0.13891	7.98441e-05	-0.0514136	-0.0269961	0.0417425	0.12254	0.207634	0.283873	0.334609	
1.7797	1.87437	1.91477	1.92546	1.92453	1.9234	1.92569	1.92129	1.8959	1.82547	1.68786	1.47295	1.19329	0.870123	0.535691	0.235138	0.010263	-0.130474	-0.185343	-0.161012	-0.0866358	0.00267497	0.0937671	0.180015	0.237953	
1.65943	1.79182	1.86427	1.90698	1.92579	1.92794	1.91732	1.88471	1.82547	1.72108	1.54595	1.30626	1.02124	0.698263	0.374741	0.0911448	-0.129228	-0.267304	-0.310151	-0.282734	-0.208401	-0.111145	-0.0114756	0.0771156	0.133335	
1.47238	1.6382	1.75018	1.82085	1.84967	1.85211	1.83691	1.78413	1.68786	1.54595	1.34529	1.09488	0.807827	0.496485	0.200873	-0.0520704	-0.257781	-0.382098	-0.41299	-0.381992	-0.307466	-0.201116	-0.100555	-0.0187296	0.0320392	
1.22683	1.41182	1.55006	1.64193	1.69205	1.69829	1.668	1.5914	1.47295	1.30626	1.09488	0.846848	0.570691	0.284397	0.0305716	-0.186584	-0.358877	-0.453937	-0.469608	-0.437986	-0.363459	-0.263286	-0.169623	-0.0996725	-0.0600308	
0.940921	1.12974	1.27537	1.38444	1.45202	1.46281	1.41777	1.32312	1.19329	1.02124	0.807827	0.570691	0.326308	0.0898885	-0.117647	-0.292598	-0.417848	-0.478068	-0.480636	-0.438308	-0.361198	-0.278186	-0.206625	-0.159582	-0.138972	
0.620347	0.805371	0.958609	1.07606	1.13601	1.14496	1.10711	1.01128	0.870123	0.698263	0.496485	0.284397	0.0898885	-0.0878422	-0.244395	-0.363592	-0.431334	-0.459193	-0.440134	-0.380822	-0.307526	-0.244318	-0.1964	-0.176617	-0.180224	
0.305818	0.473493	0.625319	0.746003	0.807224	0.81648	0.7779	0.679543	0.535691	0.374741	0.200873	0.0305716	-0.117647	-0.244395	-0.341551	-0.388636	-0.398211	-0.383372	-0.331192	-0.253355	-0.186176	-0.141193	-0.125132	-0.130897	-0.153388	
0.033649	0.177799	0.318297	0.437306	0.514013	0.526123	0.475644	0.368853	0.235138	0.0911448	-0.0520704	-0.186584	-0.292598	-0.363592	-0.388636	-0.375753	-0.333465	-0.260705	-0.158634	-0.0626419	0.00576369	0.0368864	0.0267704	-0.00735069	-0.058614	
-0.182425	-0.0453857	0.0899598	0.203818	0.277745	0.289049	0.239963	0.13891	0.010263	-0.129228	-0.257781	-0.358877	-0.417848	-0.431334	-0.398211	-0.333465	-0.234421	-0.0959865	0.0555397	0.179283	0.262329	0.286851	0.253333	0.187637	0.107873	
-0.317061	-0.185638	-0.0503901	0.0662349	0.138687	0.149312	0.101796	7.98441e-05	-0.130474	-0.267304	-0.382098	-0.453937	-0.478068	-0.459193	-0.383372	-0.260705	-0.0959865	0.103497	0.300757	0.455002	0.55412	0.580199	0.531191	0.440902	0.337478	
-0.355085	-0.236114	-0.105036	0.021412	0.104184	0.118544	0.0618967	-0.0514136	-0.185343	-0.310151	-0.41299	-0.469608	-0.480636	-0.440134	-0.331192	-0.158634	0.0555397	0.300757	0.540202	0.736602	0.858085	0.881206	0.819814	0.7146	0.59507	
-0.32643	-0.212044	-0.0801659	0.0474411	0.128157	0.141705	0.087723	-0.0269961	-0.161012	-0.282734	-0.381992	-0.437986	-0.438308	-0.380822	-0.253355	-0.0626419	0.179283	0.455002	0.736602	0.969265	1.10743	1.13538	1.08131	0.970455	0.837532	
-0.251736	-0.136912	-0.0091757	0.111209	0.185506	0.19765	0.148331	0.0417425	-0.0866358	-0.208401	-0.307466	-0.363459	-0.361198	-0.307526	-0.186176	0.00576369	0.262329	0.55412	0.858085	1.10743	1.25857	1.30602	1.27263	1.17279	1.04461	
-0.149008	-0.0455572	0.0751447	0.188641	0.262914	0.273383	0.225647	0.12254	0.00267497	-0.111145	-0.201116	-0.263286	-0.278186	-0.244318	-0.141193	0.0368864	0.286851	0.580199	0.881206	1.13538	1.30602	1.38735	1.37307	1.29551	1.18384	
-0.0489772	0.0499829	0.163162	0.268488	0.337241	0.348588	0.302676	0.207634	0.0937671	-0.0114756	-0.100555	-0.169623	-0.206625	-0.1964	-0.125132	0.0267704	0.253333	0.531191	0.819814	1.08131	1.27263	1.37307	1.38412	1.34053	1.2562	
0.0375829	0.138289	0.243321	0.338684	0.403327	0.414624	0.369582	0.283873	0.180015	0.0771156	-0.0187296	-0.0996725	-0.159582	-0.176617	-0.130897	-0.00735069	0.187637	0.440902	0.7146	0.970455	1.17279	1.29551	1.34053	1.32776	1.26852	
0.0920144	0.196907	0.297232	0.383996	0.442391	0.452822	0.411798	0.334609	0.237953	0.133335	0.0320392	-0.0600308	-0.138972	-0.180224	-0.153388	-0.058614	0.107873	0.337478	0.59507	0.837532	1.04461	1.18384	1.2562	1.26852	1.23266	
