0.0490955	0.00573684	-0.0341946	-0.0565245	-0.0764853	-0.10859	-0.156327	-0.208919	-0.250304	-0.253901	-0.21993	-0.161982	-0.0818022	0.014587	0.103513	0.183836	0.255869	0.313723	0.354462	0.373467	0.388849	0.388172	0.361509	0.311622	0.231871	
0.00573684	-0.0496899	-0.102199	-0.135708	-0.16097	-0.193677	-0.235908	-0.286903	-0.329093	-0.334743	-0.305874	-0.246525	-0.160401	-0.0557878	0.0426338	0.13628	0.224129	0.30336	0.371171	0.410955	0.435695	0.448397	0.426508	0.38358	0.320823	
-0.0341946	-0.102199	-0.163794	-0.2109	-0.251347	-0.29562	-0.339733	-0.388292	-0.426139	-0.432084	-0.408701	-0.353346	-0.267496	-0.161909	-0.0552187	0.0403973	0.141739	0.250533	0.342854	0.411687	0.465771	0.500283	0.498974	0.476857	0.438261	
-0.0565245	-0.135708	-0.2109	-0.275738	-0.337061	-0.400274	-0.452933	-0.49621	-0.527235	-0.535533	-0.506186	-0.447299	-0.364705	-0.268341	-0.165878	-0.070715	0.0406243	0.166434	0.277641	0.378335	0.474043	0.546359	0.587121	0.599609	0.593634	
-0.0764853	-0.16097	-0.251347	-0.337061	-0.425244	-0.504441	-0.564582	-0.599388	-0.61938	-0.617887	-0.579852	-0.519834	-0.441944	-0.350646	-0.262595	-0.171415	-0.0588822	0.0656855	0.191889	0.326228	0.469472	0.595947	0.689628	0.746098	0.783867	
-0.10859	-0.193677	-0.29562	-0.400274	-0.504441	-0.599231	-0.661741	-0.690275	-0.690856	-0.668514	-0.621574	-0.560901	-0.489347	-0.411682	-0.337819	-0.248901	-0.140698	-0.0200203	0.116186	0.277856	0.463073	0.644858	0.787449	0.895873	0.982938	
-0.156327	-0.235908	-0.339733	-0.452933	-0.564582	-0.661741	-0.726425	-0.749208	-0.732499	-0.692632	-0.636771	-0.566151	-0.493072	-0.418442	-0.352809	-0.279444	-0.190483	-0.0762148	0.0649443	0.249298	0.463807	0.686573	0.872454	1.03003	1.16283	
-0.208919	-0.286903	-0.388292	-0.49621	-0.599388	-0.690275	-0.749208	-0.765689	-0.735203	-0.675881	-0.606544	-0.525161	-0.435619	-0.361392	-0.306382	-0.259085	-0.191076	-0.0884267	0.0473643	0.236462	0.467087	0.706683	0.934213	1.1391	1.31102	
-0.250304	-0.329093	-0.426139	-0.527235	-0.61938	-0.690856	-0.732499	-0.735203	-0.692187	-0.615556	-0.530571	-0.43367	-0.333176	-0.258243	-0.214911	-0.192149	-0.149664	-0.062711	0.061693	0.236238	0.457218	0.701247	0.955073	1.19377	1.40205	
-0.253901	-0.334743	-0.432084	-0.535533	-0.617887	-0.668514	-0.692632	-0.675881	-0.615556	-0.522351	-0.420525	-0.306632	-0.198601	-0.129357	-0.104959	-0.101917	-0.0835776	-0.015744	0.0902638	0.239635	0.436206	0.670217	0.92648	1.17825	1.4059	
-0.21993	-0.305874	-0.408701	-0.506186	-0.579852	-0.621574	-0.636771	-0.606544	-0.530571	-0.420525	-0.288118	-0.160311	-0.0553372	0.00827584	0.0229747	0.00752941	0.00436995	0.0433956	0.120428	0.23717	0.404243	0.619151	0.864321	1.11312	1.34545	
-0.161982	-0.246525	-0.353346	-0.447299	-0.519834	-0.560901	-0.566151	-0.525161	-0.43367	-0.306632	-0.160311	-0.0259636	0.0750458	0.132849	0.140879	0.114536	0.0901683	0.0944689	0.138256	0.225057	0.36302	0.558275	0.786295	1.02046	1.24462	
-0.0818022	-0.160401	-0.267496	-0.364705	-0.441944	-0.489347	-0.493072	-0.435619	-0.333176	-0.198601	-0.0553372	0.0750458	0.168899	0.218063	0.221639	0.190103	0.142121	0.113247	0.132616	0.196307	0.314323	0.490137	0.693965	0.900751	1.102	
0.014587	-0.0557878	-0.161909	-0.268341	-0.350646	-0.411682	-0.418442	-0.361392	-0.258243	-0.129357	0.00827584	0.132849	0.218063	0.255387	0.253854	0.21488	0.152627	0.110385	0.107126	0.150178	0.249642	0.398335	0.569912	0.750065	0.919246	
0.103513	0.0426338	-0.0552187	-0.165878	-0.262595	-0.337819	-0.352809	-0.306382	-0.214911	-0.104959	0.0229747	0.140879	0.221639	0.253854	0.249017	0.206634	0.140036	0.0831657	0.0632777	0.0929172	0.174554	0.297829	0.441506	0.585244	0.717409	
0.183836	0.13628	0.0403973	-0.070715	-0.171415	-0.248901	-0.279444	-0.259085	-0.192149	-0.101917	0.00752941	0.114536	0.190103	0.21488	0.206634	0.164066	0.104565	0.0471593	0.0182727	0.0395439	0.106271	0.202486	0.31656	0.423432	0.518852	
0.255869	0.224129	0.141739	0.0406243	-0.0588822	-0.140698	-0.190483	-0.191076	-0.149664	-0.0835776	0.00436995	0.0901683	0.142121	0.152627	0.140036	0.104565	0.055471	0.0117024	-0.0128626	0.00479848	0.0605223	0.134124	0.21127	0.281725	0.342227	
0.313723	0.30336	0.250533	0.166434	0.0656855	-0.0200203	-0.0762148	-0.0884267	-0.062711	-0.015744	0.0433956	0.0944689	0.113247	0.110385	0.0831657	0.0471593	0.0117024	-0.0154272	-0.0285153	-8.58016e-05	0.0469598	0.0993483	0.143345	0.175091	0.199315	
0.354462	0.371171	0.342854	0.277641	0.191889	0.116186	0.0649443	0.0473643	0.061693	0.0902638	0.120428	0.138256	0.132616	0.107126	0.0632777	0.0182727	-0.0128626	-0.0285153	-0.0236627	0.0121683	0.0570837	0.0935682	0.111352	0.11229	0.107488	
0.373467	0.410955	0.411687	0.378335	0.326228	0.277856	0.249298	0.236462	0.236238	0.239635	0.23717	0.225057	0.196307	0.150178	0.0929172	0.0395439	0.00479848	-8.58016e-05	0.0121683	0.0449327	0.0833624	0.109719	0.112137	0.0986526	0.0717917	
0.388849	0.435695	0.465771	0.474043	0.469472	0.463073	0.463807	0.467087	0.457218	0.436206	0.404243	0.36302	0.314323	0.249642	0.174554	0.106271	0.0605223	0.0469598	0.0570837	0.0833624	0.121038	0.147805	0.151359	0.130724	0.0869162	
0.388172	0.448397	0.500283	0.546359	0.595947	0.644858	0.686573	0.706683	0.701247	0.670217	0.619151	0.558275	0.490137	0.398335	0.297829	0.202486	0.134124	0.0993483	0.0935682	0.109719	0.147805	0.185314	0.205655	0.193992	0.147487	
0.361509	0.426508	0.498974	0.587121	0.689628	0.787449	0.872454	0.934213	0.955073	0.92648	0.864321	0.786295	0.693965	0.569912	0.441506	0.31656	0.21127	0.143345	0.111352	0.112137	0.151359	0.205655	0.250764	0.258783	0.224353	
0.311622	0.38358	0.476857	0.599609	0.746098	0.895873	1.03003	1.1391	1.19377	1.17825	1.11312	1.02046	0.900751	0.750065	0.585244	0.423432	0.281725	0.175091	0.11229	0.0986526	0.130724	0.193992	0.258783	0.290199	0.283554	
0.231871	0.320823	0.438261	0.593634	0.783867	0.982938	1.16283	1.31102	1.40205	1.4059	1.34545	1.24462	1.102	0.919246	0.717409	0.518852	0.342227	0.199315	0.107488	0.0717917	0.0869162	0.147487	0.224353	0.283554	0.32128	
0.13909	0.236529	0.378057	0.56968	0.800697	1.03705	1.25941	1.44663	1.57154	1.6	1.55394	1.45256	1.28724	1.07222	0.830279	0.591688	0.374964	0.200141	0.0786578	0.0250075	0.0234212	0.0780734	0.165352	0.251721	0.331507	
0.0480861	0.145142	0.301337	0.519256	0.784787	1.0613	1.32079	1.54306	1.69857	1.75673	1.73023	1.62689	1.44299	1.19687	0.91488	0.634313	0.379598	0.171341	0.0270861	-0.0439149	-0.0543785	-0.00316126	0.0892276	0.198852	0.3162	
-0.0405033	0.0533047	0.219846	0.457607	0.750241	1.06486	1.36474	1.61564	1.79451	1.876	1.86162	1.75413	1.5543	1.28456	0.976178	0.665487	0.380433	0.143307	-0.0249409	-0.113665	-0.132105	-0.0847929	0.0117188	0.140235	0.284835	
-0.103063	-0.0204964	0.149756	0.405548	0.721943	1.06177	1.39178	1.67275	1.86821	1.96063	1.9467	1.82944	1.61985	1.33837	1.02174	0.692221	0.37786	0.115236	-0.0751168	-0.176575	-0.193717	-0.147157	-0.0465859	0.0884507	0.242168	
-0.149572	-0.0678218	0.109388	0.373794	0.701778	1.06307	1.41412	1.70759	1.90746	2.00306	1.98756	1.86366	1.65087	1.36794	1.04887	0.710933	0.382205	0.100703	-0.104686	-0.216257	-0.233619	-0.184551	-0.0822991	0.0595809	0.220107	
-0.159833	-0.0766007	0.101763	0.368441	0.698278	1.06423	1.41781	1.7135	1.91453	2.01044	1.99362	1.86743	1.65479	1.37198	1.0544	0.71469	0.383804	0.0983326	-0.109156	-0.223621	-0.240546	-0.191162	-0.088698	0.054425	0.217002	
-0.123726	-0.042765	0.130206	0.390318	0.712385	1.06114	1.40205	1.69046	1.88831	1.9823	1.96806	1.84801	1.63607	1.35307	1.03477	0.700887	0.378976	0.107489	-0.0908483	-0.195792	-0.212678	-0.165423	-0.0632433	0.0744014	0.230061	
-0.0682384	0.0206675	0.189613	0.434367	0.738032	1.06448	1.37648	1.63967	1.82727	1.91456	1.90148	1.78975	1.58542	1.30898	0.996297	0.676883	0.379364	0.131304	-0.0458865	-0.140521	-0.159632	-0.112653	-0.0149038	0.117033	0.267918	
0.0101554	0.107418	0.268525	0.494775	0.771273	1.06349	1.34085	1.57442	1.73972	1.80802	1.78797	1.68464	1.49378	1.23669	0.941952	0.647789	0.380674	0.15993	0.00561126	-0.071731	-0.0862715	-0.0365993	0.0577494	0.176191	0.30579	
0.103741	0.200846	0.348318	0.552168	0.79836	1.05096	1.28704	1.48979	1.62684	1.66786	1.62935	1.52703	1.35354	1.12579	0.867109	0.611019	0.378036	0.190131	0.0592448	-0.00132999	-0.00634447	0.0460107	0.135657	0.231703	0.327158	
0.194095	0.28852	0.417171	0.586667	0.793792	1.00863	1.20693	1.36998	1.4748	1.48746	1.43168	1.33094	1.17917	0.982884	0.76496	0.552026	0.359972	0.203913	0.100031	0.056425	0.0635397	0.122095	0.203214	0.274078	0.329776	
0.283279	0.362102	0.46336	0.599156	0.76291	0.933272	1.08661	1.21245	1.282	1.27346	1.20875	1.11128	0.982171	0.819491	0.640479	0.462946	0.307304	0.185586	0.11158	0.0894433	0.116305	0.179264	0.248993	0.290902	0.30074	
0.344548	0.410958	0.492189	0.595107	0.715757	0.833819	0.938037	1.01924	1.05244	1.0287	0.965253	0.880436	0.777014	0.642449	0.499027	0.36099	0.240975	0.157509	0.112854	0.107973	0.14574	0.204966	0.259517	0.276997	0.251013	
0.380036	0.442892	0.503887	0.566628	0.638376	0.707648	0.765401	0.799916	0.80398	0.771744	0.714788	0.646553	0.569643	0.464819	0.354546	0.247302	0.164807	0.118444	0.103685	0.113241	0.152247	0.196686	0.226204	0.221231	0.178545	
0.391749	0.444145	0.482995	0.50624	0.523536	0.538307	0.555913	0.563472	0.552786	0.52571	0.485619	0.435359	0.379299	0.30444	0.219963	0.141371	0.0890712	0.0680693	0.0728879	0.096483	0.133713	0.164066	0.173457	0.154102	0.106516	
0.380494	0.420661	0.434631	0.418103	0.383692	0.350831	0.331376	0.325173	0.319974	0.31328	0.297528	0.272813	0.235523	0.1839	0.119611	0.0615835	0.0233907	0.0178728	0.0304037	0.0606889	0.0977728	0.12287	0.123428	0.106576	0.0721126	
0.36329	0.390672	0.373192	0.318253	0.244056	0.177044	0.1339	0.116685	0.125146	0.143843	0.161322	0.16846	0.153281	0.11817	0.0692718	0.0209251	-0.0117011	-0.0219692	-0.0122802	0.0233496	0.0655451	0.0978809	0.107833	0.101127	0.0867461	
0.332961	0.333585	0.289698	0.213156	0.116069	0.0322458	-0.0238337	-0.0394028	-0.017954	0.0231264	0.0699766	0.106214	0.114597	0.103629	0.0700076	0.0294991	-0.00202554	-0.0242937	-0.0297754	0.00262129	0.048988	0.0934379	0.125975	0.14379	0.155446	
0.279969	0.256014	0.186	0.0914192	-0.00929318	-0.0940161	-0.147763	-0.153934	-0.119704	-0.0624217	0.0150604	0.0875464	0.126085	0.132051	0.113989	0.0812009	0.0376526	-0.000477354	-0.0206601	8.27668e-05	0.0508875	0.116808	0.179666	0.234776	0.280424	
0.215086	0.172693	0.0792172	-0.0298874	-0.128966	-0.207546	-0.246344	-0.235471	-0.179647	-0.0989741	0.00261242	0.103171	0.170941	0.190341	0.181021	0.1407	0.0840815	0.0325386	0.00387022	0.0221518	0.0845829	0.171362	0.269657	0.36304	0.444287	
0.135818	0.0804083	-0.0163666	-0.128079	-0.227576	-0.304629	-0.325433	-0.288541	-0.206078	-0.102755	0.0184085	0.132305	0.212834	0.242318	0.236328	0.19386	0.129498	0.0690995	0.0438741	0.0703495	0.14531	0.257825	0.391678	0.519653	0.63642	
0.0518998	-0.0154499	-0.117511	-0.226752	-0.3154	-0.382363	-0.391103	-0.336697	-0.236507	-0.114988	0.0193208	0.142112	0.224496	0.25944	0.255622	0.214505	0.149692	0.10195	0.0913308	0.128244	0.219865	0.357934	0.517451	0.684103	0.839547	
-0.0436263	-0.119158	-0.227087	-0.32815	-0.405676	-0.458035	-0.462348	-0.403395	-0.299472	-0.165919	-0.023702	0.10394	0.194086	0.237963	0.24045	0.205815	0.150408	0.114494	0.124388	0.179163	0.290438	0.456591	0.647691	0.843947	1.03284	
-0.133148	-0.215558	-0.322002	-0.416426	-0.491073	-0.533559	-0.537429	-0.489166	-0.391887	-0.260228	-0.115466	0.018379	0.118099	0.172838	0.17856	0.150171	0.116374	0.106088	0.138827	0.216174	0.345138	0.531937	0.752002	0.97655	1.19252	
-0.199313	-0.285375	-0.38991	-0.485199	-0.558339	-0.598816	-0.609323	-0.575789	-0.493548	-0.376396	-0.234624	-0.102574	-0.000502403	0.0612226	0.0732484	0.0524492	0.0406547	0.0660008	0.129808	0.233898	0.388265	0.596299	0.834651	1.07864	1.3097	
