0.0745998	-0.228807	-0.482162	-0.66422	-0.76217	-0.777161	-0.713968	-0.564592	-0.337649	-0.0506413	0.262286	0.548749	0.77984	0.931822	0.991961	0.970928	0.869325	0.706327	0.512112	0.305799	0.106436	-0.0811817	-0.245406	-0.374879	-0.457963	
0.129913	-0.182777	-0.44797	-0.639098	-0.741712	-0.757825	-0.691287	-0.53418	-0.29635	0.0011534	0.321825	0.611986	0.834532	0.966753	1.00126	0.946781	0.813205	0.625687	0.415899	0.207358	0.0141518	-0.161857	-0.313423	-0.430758	-0.49783	
0.192637	-0.13491	-0.413081	-0.615673	-0.726816	-0.743597	-0.671988	-0.504719	-0.253696	0.0585534	0.389158	0.678655	0.889863	0.996762	0.99766	0.908769	0.746137	0.543057	0.32482	0.115046	-0.0709344	-0.241363	-0.382823	-0.48549	-0.535833	
0.247962	-0.0885056	-0.376851	-0.58789	-0.703368	-0.720969	-0.646325	-0.471602	-0.211506	0.110996	0.447602	0.736945	0.938929	1.02171	0.990958	0.870013	0.676859	0.451606	0.227423	0.0201041	-0.156858	-0.312835	-0.44559	-0.530752	-0.556557	
0.308774	-0.0343059	-0.333118	-0.555524	-0.677059	-0.696469	-0.617332	-0.432236	-0.161658	0.169607	0.511109	0.794061	0.976643	1.03297	0.967163	0.809748	0.591132	0.349635	0.120633	-0.0819886	-0.247681	-0.381176	-0.486041	-0.543322	-0.539946	
0.374809	0.0319652	-0.276557	-0.505345	-0.634258	-0.656119	-0.569399	-0.378978	-0.0986638	0.237603	0.571181	0.839382	0.992454	1.01062	0.905964	0.716795	0.482488	0.236239	0.0141071	-0.171132	-0.315045	-0.422613	-0.497439	-0.527422	-0.499611	
0.428656	0.0992105	-0.201978	-0.429461	-0.558781	-0.57992	-0.493908	-0.304137	-0.0271638	0.297157	0.612433	0.856267	0.974953	0.955743	0.821393	0.606532	0.360761	0.124571	-0.0814275	-0.240692	-0.357491	-0.441235	-0.485071	-0.491483	-0.453332	
0.475259	0.16301	-0.122719	-0.342794	-0.470656	-0.490872	-0.4063	-0.220724	0.0429285	0.352081	0.641973	0.85061	0.939996	0.886638	0.725033	0.499669	0.253335	0.0291003	-0.161428	-0.303693	-0.394234	-0.449928	-0.472764	-0.456565	-0.411735	
0.513764	0.223958	-0.0516836	-0.272228	-0.397467	-0.417689	-0.335708	-0.148347	0.10919	0.400033	0.667586	0.847142	0.901742	0.822137	0.642162	0.408193	0.166972	-0.0497309	-0.222702	-0.34803	-0.424394	-0.456166	-0.462927	-0.433222	-0.383124	
0.538608	0.268034	-0.00309466	-0.213166	-0.33893	-0.363047	-0.274074	-0.0959594	0.154978	0.434954	0.678435	0.839775	0.871145	0.774122	0.583747	0.342557	0.106436	-0.101135	-0.26423	-0.381177	-0.44718	-0.46258	-0.452719	-0.423648	-0.381857	
0.557435	0.305781	0.0444775	-0.160645	-0.286985	-0.31128	-0.220777	-0.0468349	0.198517	0.462311	0.682353	0.821048	0.831971	0.721413	0.525246	0.288846	0.0593792	-0.142723	-0.299137	-0.40179	-0.455546	-0.462883	-0.44064	-0.41556	-0.390946	
0.56648	0.34132	0.106183	-0.0912331	-0.210373	-0.231678	-0.149652	0.0197324	0.245798	0.481146	0.676367	0.783619	0.773178	0.654219	0.455369	0.220705	-0.000535952	-0.190175	-0.337999	-0.426254	-0.467909	-0.463528	-0.432046	-0.410826	-0.404168	
0.577535	0.389577	0.18472	0.00697504	-0.102522	-0.121457	-0.0467358	0.108081	0.307208	0.507318	0.662626	0.732535	0.696771	0.562545	0.362885	0.134355	-0.0763725	-0.251983	-0.391505	-0.470676	-0.495444	-0.480437	-0.449551	-0.424597	-0.424714	
0.586062	0.445374	0.277001	0.1278	0.0318318	0.0150692	0.0812381	0.212213	0.379346	0.535424	0.643208	0.677776	0.6152	0.467107	0.267029	0.0405294	-0.17239	-0.343817	-0.468813	-0.537608	-0.548458	-0.520195	-0.48216	-0.455544	-0.452705	
0.595844	0.502229	0.374117	0.259125	0.17875	0.161786	0.221872	0.325141	0.451415	0.565956	0.623608	0.615738	0.530846	0.368357	0.161885	-0.0605736	-0.270896	-0.438411	-0.552853	-0.610842	-0.609157	-0.562186	-0.509548	-0.478899	-0.465574	
0.597121	0.554091	0.472661	0.38359	0.322996	0.310505	0.354501	0.436474	0.524056	0.585822	0.599061	0.546884	0.431203	0.262898	0.0505829	-0.166175	-0.362237	-0.524644	-0.621926	-0.654444	-0.636861	-0.577372	-0.507417	-0.459794	-0.43546	
0.56892	0.57984	0.550173	0.499482	0.46335	0.456367	0.481964	0.530031	0.572584	0.577661	0.545629	0.460908	0.32352	0.157145	-0.0480168	-0.256406	-0.437038	-0.576364	-0.645891	-0.653782	-0.6103	-0.536507	-0.458454	-0.397791	-0.358958	
0.529797	0.583584	0.598049	0.582081	0.563735	0.56174	0.573243	0.593376	0.595006	0.554947	0.480276	0.362405	0.216522	0.0516558	-0.133807	-0.311155	-0.467521	-0.57113	-0.612768	-0.595783	-0.525197	-0.436154	-0.344893	-0.275975	-0.226994	
0.468913	0.555102	0.606601	0.623215	0.623366	0.624508	0.623293	0.616779	0.580653	0.506631	0.400661	0.267127	0.127084	-0.0236766	-0.177892	-0.32078	-0.44152	-0.507305	-0.513223	-0.463444	-0.38163	-0.287153	-0.185714	-0.10569	-0.0468912	
0.398174	0.508535	0.58721	0.633629	0.6507	0.652251	0.643136	0.609869	0.543152	0.446696	0.319174	0.187581	0.0618671	-0.0627963	-0.174305	-0.281385	-0.357525	-0.381542	-0.35681	-0.284177	-0.187825	-0.0876586	0.00747594	0.0982879	0.170671	
0.349404	0.47425	0.576851	0.638364	0.668366	0.674708	0.653148	0.606065	0.519495	0.401622	0.26621	0.133665	0.0226099	-0.069412	-0.143681	-0.201674	-0.234415	-0.224106	-0.166254	-0.0799621	0.0284335	0.13747	0.234888	0.329332	0.406393	
0.335781	0.477913	0.602794	0.687732	0.734022	0.742669	0.7102	0.642115	0.531248	0.393388	0.247454	0.11519	0.0178787	-0.0499948	-0.0930534	-0.107753	-0.0993735	-0.0536699	0.0387016	0.140291	0.246497	0.351697	0.449618	0.546751	0.625027	
0.381307	0.547423	0.696607	0.809148	0.871101	0.880526	0.840183	0.747268	0.60977	0.448858	0.283528	0.143954	0.0485423	-0.00337964	-0.018137	-0.00320379	0.0415118	0.116037	0.216022	0.32638	0.433824	0.528877	0.617581	0.70618	0.778796	
0.499181	0.692369	0.870159	1.00489	1.08377	1.09768	1.04402	0.929784	0.767459	0.576007	0.3894	0.232678	0.125471	0.0781486	0.0759127	0.112273	0.179685	0.267291	0.368701	0.46971	0.559147	0.636227	0.705887	0.769242	0.824359	
0.678443	0.901991	1.1063	1.26931	1.36664	1.38246	1.3174	1.17772	0.987451	0.767131	0.553615	0.378759	0.254559	0.196487	0.19787	0.239947	0.313732	0.4012	0.48794	0.563878	0.613137	0.652453	0.688787	0.720787	0.74603	
0.908077	1.15706	1.38653	1.57702	1.68653	1.7035	1.63252	1.46936	1.25221	1.00824	0.765298	0.564306	0.420081	0.344713	0.33885	0.374322	0.439858	0.509145	0.553721	0.589373	0.598768	0.589862	0.581399	0.570237	0.562398	
1.15706	1.43102	1.68617	1.89308	2.01669	2.03748	1.95468	1.77634	1.53687	1.26666	0.998778	0.76939	0.596869	0.496682	0.470524	0.491275	0.537042	0.576356	0.583701	0.56812	0.524185	0.468066	0.411909	0.35855	0.319737	
1.38653	1.68617	1.96612	2.19115	2.32948	2.35324	2.25845	2.06485	1.80248	1.5061	1.21442	0.958417	0.756745	0.630457	0.581014	0.580315	0.600723	0.605464	0.573803	0.507603	0.413877	0.316039	0.220121	0.135415	0.0676103	
1.57702	1.89308	2.19115	2.43242	2.57594	2.60109	2.50345	2.29695	2.01644	1.704	1.38908	1.1031	0.878784	0.727311	0.650459	0.633525	0.629944	0.604087	0.537447	0.431488	0.310775	0.1796	0.0531575	-0.0547973	-0.136596	
1.68653	2.01669	2.32948	2.57594	2.72808	2.75588	2.64944	2.43828	2.14642	1.8183	1.49201	1.1895	0.947373	0.780226	0.686623	0.656906	0.637045	0.591931	0.509911	0.380654	0.237438	0.08986	-0.0514548	-0.170459	-0.260868	
1.7035	2.03748	2.35324	2.60109	2.75588	2.78447	2.67531	2.46286	2.16919	1.83646	1.50889	1.20511	0.957474	0.788885	0.693519	0.65974	0.639045	0.590939	0.505624	0.370613	0.221508	0.0734444	-0.0698318	-0.190496	-0.283904	
1.63252	1.95468	2.25845	2.50345	2.64944	2.67531	2.57565	2.36593	2.08039	1.76185	1.44027	1.14557	0.913232	0.75394	0.668048	0.645673	0.634198	0.598389	0.523973	0.406609	0.276624	0.136834	0.00189514	-0.111676	-0.196548	
1.46936	1.77634	2.06485	2.29695	2.43828	2.46286	2.36593	2.16681	1.89606	1.5922	1.29083	1.02216	0.811414	0.674378	0.613869	0.606468	0.615844	0.607356	0.560034	0.477146	0.370758	0.256918	0.148025	0.0525337	-0.0226838	
1.25221	1.53687	1.80248	2.01644	2.14642	2.16919	2.08039	1.89606	1.64783	1.36556	1.08893	0.8493	0.66337	0.553452	0.518337	0.530078	0.567243	0.593461	0.585203	0.547322	0.480829	0.408355	0.335315	0.268147	0.216729	
1.00824	1.26666	1.5061	1.704	1.8183	1.83646	1.76185	1.5922	1.36556	1.1121	0.858427	0.645009	0.491646	0.406888	0.393178	0.42503	0.482552	0.539363	0.569445	0.585998	0.575916	0.547771	0.518591	0.489978	0.470595	
0.765298	0.998778	1.21442	1.38908	1.49201	1.50889	1.44027	1.29083	1.08893	0.858427	0.633569	0.448915	0.317526	0.252818	0.253647	0.294088	0.366242	0.450084	0.520223	0.581708	0.61529	0.635159	0.655411	0.670822	0.682119	
0.564306	0.76939	0.958417	1.1031	1.1895	1.20511	1.14557	1.02216	0.8493	0.645009	0.448915	0.285039	0.171115	0.121348	0.121145	0.161842	0.233453	0.322838	0.422165	0.514469	0.589029	0.653552	0.711628	0.763604	0.80849	
0.420081	0.596869	0.756745	0.878784	0.947373	0.957474	0.913232	0.811414	0.66337	0.491646	0.317526	0.171115	0.0730598	0.0249563	0.0164297	0.0424305	0.098014	0.178003	0.279724	0.388558	0.492915	0.58268	0.66412	0.744156	0.811007	
0.344713	0.496682	0.630457	0.727311	0.780226	0.788885	0.75394	0.674378	0.553452	0.406888	0.252818	0.121348	0.0249563	-0.0358906	-0.0647149	-0.0687029	-0.0435227	0.0168104	0.113908	0.220727	0.326821	0.428103	0.52411	0.620074	0.696715	
0.33885	0.470524	0.581014	0.650459	0.686623	0.693519	0.668048	0.613869	0.518337	0.393178	0.253647	0.121145	0.0164297	-0.0647149	-0.125821	-0.164916	-0.180729	-0.157766	-0.0847204	0.00898048	0.116953	0.226308	0.325099	0.420507	0.498966	
0.374322	0.491275	0.580315	0.633525	0.656906	0.65974	0.645673	0.606468	0.530078	0.42503	0.294088	0.161842	0.0424305	-0.0687029	-0.164916	-0.252816	-0.31088	-0.320491	-0.283155	-0.205361	-0.10292	0.00168492	0.0964015	0.188547	0.263438	
0.439858	0.537042	0.600723	0.629944	0.637045	0.639045	0.634198	0.615844	0.567243	0.482552	0.366242	0.233453	0.098014	-0.0435227	-0.180729	-0.31088	-0.414906	-0.463548	-0.456268	-0.395521	-0.308519	-0.212792	-0.113214	-0.0280427	0.0370393	
0.509145	0.576356	0.605464	0.604087	0.591931	0.590939	0.598389	0.607356	0.593461	0.539363	0.450084	0.322838	0.178003	0.0168104	-0.157766	-0.320491	-0.463548	-0.552803	-0.581357	-0.551334	-0.474765	-0.382695	-0.285394	-0.212368	-0.160316	
0.553721	0.583701	0.573803	0.537447	0.509911	0.505624	0.523973	0.560034	0.585203	0.569445	0.520223	0.422165	0.279724	0.113908	-0.0847204	-0.283155	-0.456268	-0.581357	-0.639459	-0.638693	-0.583102	-0.50282	-0.420277	-0.35667	-0.313731	
0.589373	0.56812	0.507603	0.431488	0.380654	0.370613	0.406609	0.477146	0.547322	0.585998	0.581708	0.514469	0.388558	0.220727	0.00898048	-0.205361	-0.395521	-0.551334	-0.638693	-0.660238	-0.632832	-0.568607	-0.494756	-0.440771	-0.410026	
0.598768	0.524185	0.413877	0.310775	0.237438	0.221508	0.276624	0.370758	0.480829	0.575916	0.61529	0.589029	0.492915	0.326821	0.116953	-0.10292	-0.308519	-0.474765	-0.583102	-0.632832	-0.626116	-0.573648	-0.513539	-0.476533	-0.459369	
0.589862	0.468066	0.316039	0.1796	0.08986	0.0734444	0.136834	0.256918	0.408355	0.547771	0.635159	0.653552	0.58268	0.428103	0.226308	0.00168492	-0.212792	-0.382695	-0.50282	-0.568607	-0.573648	-0.537523	-0.494508	-0.467851	-0.461997	
0.581399	0.411909	0.220121	0.0531575	-0.0514548	-0.0698318	0.00189514	0.148025	0.335315	0.518591	0.655411	0.711628	0.66412	0.52411	0.325099	0.0964015	-0.113214	-0.285394	-0.420277	-0.494756	-0.513539	-0.494508	-0.462708	-0.435673	-0.434514	
0.570237	0.35855	0.135415	-0.0547973	-0.170459	-0.190496	-0.111676	0.0525337	0.268147	0.489978	0.670822	0.763604	0.744156	0.620074	0.420507	0.188547	-0.0280427	-0.212368	-0.35667	-0.440771	-0.476533	-0.467851	-0.435673	-0.413602	-0.411893	
0.562398	0.319737	0.0676103	-0.136596	-0.260868	-0.283904	-0.196548	-0.0226838	0.216729	0.470595	0.682119	0.80849	0.811007	0.696715	0.498966	0.263438	0.0370393	-0.160316	-0.313731	-0.410026	-0.459369	-0.461997	-0.434514	-0.411893	-0.395107	
