-0.402658	-0.490472	-0.55384	-0.592821	-0.615206	-0.619144	-0.603774	-0.571575	-0.518618	-0.440626	-0.339541	-0.217874	-0.0859001	0.0383528	0.139313	0.197678	0.19955	0.147878	0.0529859	-0.0608189	-0.160411	-0.230618	-0.258754	-0.236853	-0.173461	
-0.486916	-0.592796	-0.671068	-0.723609	-0.749877	-0.753367	-0.737264	-0.695189	-0.627621	-0.532837	-0.410168	-0.266031	-0.108418	0.0467304	0.179621	0.26783	0.297178	0.270855	0.196785	0.0992161	0.0108647	-0.0553804	-0.0833469	-0.0697933	-0.024569	
-0.52849	-0.643671	-0.72943	-0.788611	-0.820294	-0.825201	-0.80529	-0.756088	-0.681177	-0.578172	-0.445998	-0.288932	-0.114519	0.0582463	0.213161	0.329396	0.387837	0.387633	0.333569	0.247739	0.16487	0.0980159	0.0616767	0.0616939	0.084274	
-0.512274	-0.630125	-0.714564	-0.774056	-0.80468	-0.808503	-0.789843	-0.741063	-0.667674	-0.563512	-0.42768	-0.271179	-0.0948232	0.0877269	0.25625	0.390067	0.4697	0.488604	0.449096	0.370654	0.282344	0.201857	0.148814	0.126491	0.123686	
-0.434028	-0.543107	-0.622365	-0.67899	-0.70545	-0.708755	-0.69381	-0.647568	-0.577786	-0.4817	-0.354105	-0.200659	-0.0243474	0.157812	0.32822	0.467038	0.553502	0.578407	0.538593	0.45131	0.345209	0.238109	0.155306	0.10548	0.077401	
-0.288564	-0.393029	-0.461764	-0.510763	-0.535416	-0.538135	-0.524025	-0.483748	-0.424066	-0.334806	-0.211191	-0.0658385	0.101446	0.276744	0.438592	0.567861	0.642866	0.651993	0.596502	0.49033	0.356155	0.216784	0.0980803	0.0125459	-0.0415719	
-0.0783571	-0.17051	-0.237036	-0.285979	-0.30739	-0.309743	-0.298103	-0.258819	-0.199816	-0.118606	-0.0103029	0.118948	0.269047	0.426732	0.570854	0.6796	0.733993	0.719188	0.632017	0.493674	0.327856	0.156162	0.00686782	-0.109057	-0.190943	
0.17389	0.094971	0.0395174	-0.00203273	-0.0242528	-0.0273048	-0.013722	0.021354	0.0706096	0.139493	0.230123	0.335849	0.457828	0.582457	0.695776	0.781634	0.812293	0.773066	0.662699	0.491575	0.287836	0.0840777	-0.0939849	-0.231656	-0.328513	
0.432499	0.376996	0.343182	0.319522	0.310775	0.310228	0.31422	0.332471	0.361311	0.407412	0.474987	0.553117	0.643602	0.739606	0.818407	0.866279	0.86907	0.805282	0.673722	0.484974	0.254902	0.0252907	-0.174694	-0.330167	-0.428231	
0.689167	0.667072	0.652964	0.642854	0.639373	0.638709	0.640594	0.648335	0.660998	0.679351	0.708458	0.752144	0.807805	0.865927	0.914032	0.936091	0.912789	0.826923	0.679888	0.483509	0.247463	0.00684951	-0.205431	-0.374163	-0.479004	
0.912514	0.913258	0.918825	0.9252	0.927395	0.927926	0.927493	0.920902	0.915435	0.912482	0.914649	0.9247	0.939951	0.964516	0.985997	0.986764	0.953994	0.864723	0.713536	0.511386	0.27423	0.0361116	-0.177743	-0.349971	-0.462284	
1.06476	1.087	1.10468	1.12597	1.13715	1.13723	1.13224	1.11318	1.0938	1.07444	1.05265	1.04291	1.04211	1.04618	1.05213	1.04485	1.00836	0.925735	0.783559	0.585881	0.350511	0.111669	-0.102398	-0.271025	-0.377052	
1.13771	1.165	1.19162	1.21598	1.22807	1.2295	1.22264	1.20234	1.17597	1.14805	1.12337	1.10842	1.10427	1.10622	1.10965	1.10664	1.07295	0.999201	0.881194	0.704486	0.4822	0.252974	0.0411481	-0.128001	-0.228263	
1.13404	1.15417	1.17307	1.1915	1.20079	1.20156	1.19673	1.18087	1.16195	1.14202	1.12328	1.11184	1.11014	1.12371	1.14203	1.15454	1.15028	1.10012	0.999003	0.851352	0.655199	0.442185	0.238252	0.0704355	-0.0295204	
1.04913	1.06079	1.06579	1.07814	1.08203	1.08113	1.08173	1.06935	1.06269	1.05514	1.04463	1.05397	1.07051	1.09913	1.14311	1.17993	1.20331	1.19346	1.12631	1.00505	0.840167	0.648006	0.458499	0.300889	0.20045	
0.90817	0.902272	0.898908	0.906054	0.906977	0.90642	0.908323	0.900527	0.900567	0.905047	0.916509	0.947765	0.9854	1.03755	1.10454	1.16755	1.21644	1.24299	1.22162	1.13301	1.0028	0.844953	0.67977	0.539266	0.442375	
0.74815	0.727723	0.714208	0.705943	0.702863	0.701786	0.703368	0.711326	0.721148	0.738479	0.765043	0.80078	0.858214	0.929943	1.01473	1.11175	1.19026	1.24433	1.26371	1.22516	1.13284	1.00196	0.866644	0.749994	0.663061	
0.575769	0.546432	0.531503	0.51491	0.510455	0.511874	0.51064	0.525343	0.539351	0.56181	0.599636	0.64423	0.714702	0.799289	0.895981	1.01027	1.1173	1.20341	1.25225	1.25434	1.20771	1.11062	0.998653	0.906729	0.834731	
0.418287	0.383318	0.365574	0.353474	0.346614	0.346298	0.349662	0.360513	0.374667	0.402249	0.444204	0.496071	0.565292	0.656456	0.764522	0.88177	1.00995	1.12251	1.19555	1.22816	1.22112	1.16867	1.08154	1.00631	0.945376	
0.284081	0.256333	0.237408	0.219918	0.215602	0.215571	0.216549	0.229909	0.248279	0.271171	0.309898	0.361923	0.426687	0.518677	0.629338	0.747387	0.879222	1.00821	1.11427	1.17783	1.19523	1.17443	1.1231	1.06073	0.999793	
0.179207	0.156647	0.141631	0.122528	0.120207	0.121655	0.119378	0.133196	0.151206	0.168172	0.202923	0.251203	0.311363	0.394008	0.498111	0.621876	0.755512	0.889363	1.01352	1.10532	1.15304	1.15632	1.12771	1.07638	1.01364	
0.10901	0.0824159	0.066865	0.0619135	0.0552534	0.0532989	0.059821	0.0641086	0.0742486	0.0981412	0.12489	0.162308	0.220592	0.291079	0.385801	0.509784	0.643997	0.780706	0.913421	1.02731	1.10035	1.13064	1.12122	1.07473	1.0056	
0.0548588	0.0338275	0.0207733	0.0195078	0.013317	0.0114024	0.0179358	0.0198417	0.0271382	0.0462702	0.0664145	0.0966786	0.151105	0.218072	0.30042	0.409579	0.542041	0.688004	0.831103	0.961741	1.05385	1.10414	1.11633	1.07298	0.989443	
0.0186526	0.00455053	-0.00413053	-0.0097349	-0.0147233	-0.0156891	-0.0125546	-0.00674659	0.00101792	0.0118653	0.0303059	0.0567035	0.0956333	0.153624	0.234748	0.336991	0.463871	0.610832	0.760437	0.909964	1.02755	1.09469	1.11444	1.07345	0.980135	
-0.00681567	-0.0165528	-0.0226795	-0.0270869	-0.0269032	-0.0264705	-0.0267403	-0.0249217	-0.0196476	-0.0112354	0.00428981	0.0289237	0.0592068	0.108493	0.186294	0.283718	0.407014	0.553588	0.711581	0.869865	1.00318	1.09738	1.12506	1.08152	0.979112	
-0.0221248	-0.0256256	-0.0326387	-0.0366028	-0.035355	-0.0356768	-0.0362796	-0.03483	-0.0280365	-0.0237185	-0.0147626	0.00765272	0.037991	0.0857401	0.14821	0.237175	0.362177	0.509529	0.6796	0.846274	0.996438	1.11001	1.14597	1.10299	0.982791	
-0.0256256	-0.0324232	-0.0395654	-0.038207	-0.0426301	-0.0448382	-0.0395791	-0.0398104	-0.0353474	-0.0288383	-0.021093	-0.00436281	0.0196885	0.0610016	0.123372	0.213786	0.328723	0.476749	0.656108	0.832066	1.00328	1.12602	1.17021	1.13016	0.992582	
-0.0326387	-0.0395654	-0.0431675	-0.0412024	-0.0427265	-0.0422777	-0.0403013	-0.0431832	-0.0413635	-0.0356418	-0.027788	-0.0121965	0.00933697	0.0449137	0.108203	0.19699	0.308935	0.461596	0.641218	0.824292	1.00478	1.13928	1.19629	1.15284	1.00407	
-0.0366028	-0.038207	-0.0412024	-0.0461325	-0.0446725	-0.0445948	-0.0468092	-0.0432056	-0.0391251	-0.0372445	-0.0319236	-0.0182744	0.00664862	0.0431653	0.0951026	0.175846	0.296364	0.447002	0.626174	0.828105	1.01415	1.15541	1.21944	1.17513	1.01738	
-0.035355	-0.0426301	-0.0427265	-0.0446725	-0.0449223	-0.0452632	-0.0455025	-0.0424327	-0.0438994	-0.0390174	-0.0297924	-0.021313	0.000607124	0.0361331	0.0912008	0.173121	0.290325	0.441409	0.622249	0.827547	1.01667	1.1621	1.23014	1.18864	1.02364	
-0.0356768	-0.0448382	-0.0422777	-0.0445948	-0.0452632	-0.0435206	-0.0449747	-0.042479	-0.0444816	-0.0402199	-0.0297785	-0.0215248	-0.0010098	0.033537	0.0912328	0.174249	0.289131	0.442358	0.622811	0.825652	1.01658	1.1627	1.23138	1.19013	1.02345	
-0.0362796	-0.0395791	-0.0403013	-0.0468092	-0.0455025	-0.0449747	-0.0484329	-0.0424986	-0.0397078	-0.0380968	-0.030674	-0.0203402	0.00443869	0.0418249	0.0920459	0.172737	0.29289	0.44286	0.62251	0.828422	1.01766	1.15944	1.22534	1.18232	1.02106	
-0.03483	-0.0398104	-0.0431832	-0.0432056	-0.0424327	-0.042479	-0.0424986	-0.0429278	-0.0419396	-0.0375209	-0.0293191	-0.0152332	0.00785734	0.0438106	0.101837	0.188088	0.30373	0.455792	0.635656	0.825709	1.00675	1.14491	1.20694	1.16197	1.00932	
-0.0280365	-0.0353474	-0.0413635	-0.0391251	-0.0438994	-0.0444816	-0.0397078	-0.0419396	-0.0371909	-0.0312007	-0.0244859	-0.0072162	0.0142594	0.0523625	0.117068	0.207082	0.319474	0.469244	0.649355	0.827901	1.00385	1.13203	1.18081	1.13924	0.996918	
-0.0237185	-0.0288383	-0.0356418	-0.0372445	-0.0390174	-0.0402199	-0.0380968	-0.0375209	-0.0312007	-0.0258618	-0.0178602	0.00185148	0.0300379	0.0761986	0.136986	0.225704	0.347146	0.494145	0.668522	0.839245	0.999867	1.11694	1.1546	1.11417	0.986688	
-0.0147626	-0.021093	-0.027788	-0.0319236	-0.0297924	-0.0297785	-0.030674	-0.0293191	-0.0244859	-0.0178602	-0.0050169	0.0193059	0.0502943	0.0980256	0.169324	0.263141	0.387467	0.535706	0.698772	0.858943	0.997061	1.10057	1.13282	1.08872	0.97948	
0.00765272	-0.00436281	-0.0121965	-0.0182744	-0.021313	-0.0215248	-0.0203402	-0.0152332	-0.0072162	0.00185148	0.0193059	0.0450386	0.0780702	0.132285	0.213939	0.314551	0.439645	0.584783	0.737076	0.892398	1.01726	1.09525	1.11739	1.07541	0.979338	
0.037991	0.0196885	0.00933697	0.00664862	0.000607124	-0.0010098	0.00443869	0.00785734	0.0142594	0.0300379	0.0502943	0.0780702	0.127001	0.191546	0.271923	0.377365	0.50768	0.65517	0.801116	0.939048	1.04231	1.09846	1.11405	1.07246	0.984421	
0.0857401	0.0610016	0.0449137	0.0431653	0.0361331	0.033537	0.0418249	0.0438106	0.0523625	0.0761986	0.0980256	0.132285	0.191546	0.259226	0.348677	0.467025	0.600474	0.742485	0.879492	0.999966	1.07915	1.11818	1.11959	1.07367	0.999169	
0.14821	0.123372	0.108203	0.0951026	0.0912008	0.0912328	0.0920459	0.101837	0.117068	0.136986	0.169324	0.213939	0.271923	0.348677	0.450192	0.576077	0.71073	0.843559	0.970386	1.07343	1.13284	1.14723	1.12563	1.07682	1.01289	
0.237175	0.213786	0.19699	0.175846	0.173121	0.174249	0.172737	0.188088	0.207082	0.225704	0.263141	0.314551	0.377365	0.467025	0.576077	0.695465	0.827423	0.960782	1.07636	1.15071	1.18014	1.16858	1.12772	1.07046	1.00818	
0.362177	0.328723	0.308935	0.296364	0.290325	0.289131	0.29289	0.30373	0.319474	0.347146	0.387467	0.439645	0.50768	0.600474	0.71073	0.827423	0.958632	1.07913	1.16577	1.21104	1.21361	1.17572	1.1035	1.03345	0.973532	
0.509529	0.476749	0.461596	0.447002	0.441409	0.442358	0.44286	0.455792	0.469244	0.494145	0.535706	0.584783	0.65517	0.742485	0.843559	0.960782	1.07913	1.1756	1.23313	1.2481	1.21987	1.14109	1.03672	0.953093	0.886833	
0.6796	0.656108	0.641218	0.626174	0.622249	0.622811	0.62251	0.635656	0.649355	0.668522	0.698772	0.737076	0.801116	0.879492	0.970386	1.07636	1.16577	1.23313	1.26628	1.24498	1.17036	1.0509	0.925715	0.820004	0.737818	
0.846274	0.832066	0.824292	0.828105	0.827547	0.825652	0.828422	0.825709	0.827901	0.839245	0.858943	0.892398	0.939048	0.999966	1.07343	1.15071	1.21104	1.2481	1.24498	1.17577	1.05966	0.91381	0.760834	0.628984	0.535518	
0.996438	1.00328	1.00478	1.01415	1.01667	1.01658	1.01766	1.00675	1.00385	0.999867	0.997061	1.01726	1.04231	1.07915	1.13284	1.18014	1.21361	1.21987	1.17036	1.05966	0.908779	0.729884	0.54832	0.396488	0.297786	
1.11001	1.12602	1.13928	1.15541	1.1621	1.1627	1.15944	1.14491	1.13203	1.11694	1.10057	1.09525	1.09846	1.11818	1.14723	1.16858	1.17572	1.14109	1.0509	0.91381	0.729884	0.523427	0.325021	0.160362	0.0595862	
1.14597	1.17021	1.19629	1.21944	1.23014	1.23138	1.22534	1.20694	1.18081	1.1546	1.13282	1.11739	1.11405	1.11959	1.12563	1.12772	1.1035	1.03672	0.925715	0.760834	0.54832	0.325021	0.115779	-0.0538159	-0.153789	
1.10299	1.13016	1.15284	1.17513	1.18864	1.19013	1.18232	1.16197	1.13924	1.11417	1.08872	1.07541	1.07246	1.07367	1.07682	1.07046	1.03345	0.953093	0.820004	0.628984	0.396488	0.160362	-0.0538159	-0.222326	-0.324553	
0.982791	0.992582	1.00407	1.01738	1.02364	1.02345	1.02106	1.00932	0.996918	0.986688	0.97948	0.979338	0.984421	0.999169	1.01289	1.00818	0.973532	0.886833	0.737818	0.535518	0.297786	0.0595862	-0.153789	-0.324553	-0.435667	
