-0.430701	-0.464844	-0.476087	-0.475497	-0.467514	-0.464673	-0.472373	-0.477678	-0.471467	-0.446457	-0.405013	-0.35046	-0.287256	-0.216407	-0.134599	-0.034031	0.0635015	0.169057	0.285569	0.403174	0.505268	0.582995	0.620873	0.611894	0.570006	
-0.365802	-0.387233	-0.39191	-0.393649	-0.389867	-0.388259	-0.393002	-0.392783	-0.390798	-0.375586	-0.350376	-0.312667	-0.269092	-0.224003	-0.176077	-0.115624	-0.0544545	0.0260808	0.128062	0.246013	0.365374	0.459646	0.527519	0.556443	0.539107	
-0.295969	-0.308521	-0.313543	-0.324287	-0.33328	-0.334543	-0.329112	-0.316739	-0.31068	-0.301932	-0.287503	-0.267066	-0.241183	-0.221103	-0.209219	-0.19733	-0.178757	-0.123908	-0.0374257	0.0802719	0.207747	0.319522	0.413067	0.482463	0.498768	
-0.246107	-0.264986	-0.282941	-0.314145	-0.336099	-0.339931	-0.325149	-0.294158	-0.271054	-0.254491	-0.237363	-0.228542	-0.224457	-0.228189	-0.248668	-0.277132	-0.291196	-0.258302	-0.183532	-0.0726862	0.0585931	0.187875	0.311175	0.419292	0.473775	
-0.239674	-0.274237	-0.315709	-0.358373	-0.386568	-0.392109	-0.371795	-0.3334	-0.289621	-0.253525	-0.223366	-0.217043	-0.22455	-0.251121	-0.291903	-0.341732	-0.376102	-0.358422	-0.291925	-0.188443	-0.0558289	0.0889362	0.234957	0.368097	0.45045	
-0.264875	-0.318004	-0.381575	-0.439649	-0.472929	-0.477833	-0.456816	-0.406575	-0.343043	-0.283847	-0.24288	-0.230682	-0.245908	-0.281389	-0.331454	-0.386624	-0.419299	-0.407437	-0.346363	-0.245909	-0.116204	0.0305072	0.187294	0.325789	0.4232	
-0.32046	-0.390262	-0.474436	-0.546939	-0.589426	-0.596177	-0.568016	-0.506625	-0.423419	-0.345041	-0.291743	-0.266096	-0.268433	-0.294694	-0.34063	-0.387559	-0.409518	-0.39282	-0.331746	-0.236075	-0.116402	0.0232092	0.172019	0.303716	0.407807	
-0.39335	-0.483611	-0.586004	-0.668704	-0.717859	-0.726841	-0.692608	-0.62266	-0.52486	-0.426807	-0.35043	-0.299709	-0.272676	-0.270988	-0.295113	-0.325856	-0.333428	-0.309039	-0.254222	-0.170048	-0.0684159	0.0531079	0.184789	0.305914	0.406252	
-0.446219	-0.568042	-0.688075	-0.774911	-0.825996	-0.835208	-0.799808	-0.727071	-0.618603	-0.492892	-0.384534	-0.298299	-0.238362	-0.203229	-0.196391	-0.20515	-0.202923	-0.180147	-0.136114	-0.0721065	0.0102217	0.111176	0.218176	0.314537	0.401489	
-0.459225	-0.609176	-0.745133	-0.838501	-0.8886	-0.896987	-0.863665	-0.788227	-0.667177	-0.518774	-0.375466	-0.255512	-0.164	-0.0994711	-0.0619051	-0.0487188	-0.0382468	-0.0200108	0.00999713	0.0530137	0.109809	0.187407	0.25968	0.319135	0.379547	
-0.42747	-0.589728	-0.733053	-0.832489	-0.882087	-0.890929	-0.857531	-0.778972	-0.650823	-0.492911	-0.328981	-0.180729	-0.0559185	0.0360779	0.0927992	0.121362	0.135216	0.148808	0.168704	0.192085	0.223537	0.271508	0.309548	0.330514	0.352181	
-0.332779	-0.499097	-0.649146	-0.757333	-0.814874	-0.824229	-0.7857	-0.69887	-0.562508	-0.399395	-0.23246	-0.0692572	0.0764877	0.184094	0.2487	0.28108	0.297778	0.308403	0.318716	0.323688	0.330283	0.345943	0.355846	0.349171	0.338908	
-0.184776	-0.358519	-0.51901	-0.640002	-0.705671	-0.716306	-0.673227	-0.573124	-0.426476	-0.254209	-0.0826152	0.0795143	0.226777	0.3419	0.407284	0.436241	0.452599	0.453676	0.448717	0.436035	0.424947	0.413848	0.396976	0.368983	0.333928	
-0.00130951	-0.182908	-0.348695	-0.473604	-0.544148	-0.556751	-0.508718	-0.405043	-0.252773	-0.0737276	0.100945	0.254607	0.390039	0.504445	0.572	0.596905	0.598426	0.581399	0.550374	0.518001	0.489925	0.46299	0.426162	0.374922	0.315506	
0.192396	0.0137472	-0.148052	-0.268465	-0.342936	-0.35665	-0.304482	-0.201545	-0.0550516	0.122364	0.289909	0.435212	0.558272	0.663692	0.732849	0.75378	0.739423	0.69957	0.649136	0.595228	0.547705	0.500182	0.447575	0.371747	0.280318	
0.370054	0.209335	0.0608969	-0.0552624	-0.126002	-0.13803	-0.0897258	0.00955921	0.147346	0.306076	0.462833	0.60091	0.717425	0.814243	0.878402	0.895612	0.874234	0.819118	0.749607	0.679947	0.605182	0.533268	0.463741	0.370971	0.2529	
0.531188	0.383842	0.243012	0.135226	0.0717189	0.0606214	0.104273	0.195017	0.325185	0.473139	0.615409	0.745631	0.861303	0.949037	1.00323	1.0168	0.992035	0.92943	0.846681	0.758781	0.664008	0.572569	0.483658	0.374405	0.237288	
0.674043	0.526065	0.381944	0.274355	0.214286	0.203637	0.245	0.332863	0.466547	0.616264	0.754999	0.876583	0.980356	1.05596	1.10071	1.10639	1.07956	1.02212	0.9368	0.83533	0.72531	0.614157	0.501361	0.370835	0.22045	
0.772727	0.616215	0.464877	0.349679	0.282541	0.271012	0.316138	0.4135	0.553066	0.710961	0.860741	0.980028	1.07073	1.13329	1.16993	1.17045	1.1431	1.08829	1.00974	0.904295	0.778158	0.647656	0.511226	0.364886	0.206099	
0.805474	0.637218	0.479835	0.351426	0.272256	0.257641	0.313159	0.423832	0.571926	0.738155	0.901944	1.03723	1.12793	1.18175	1.20961	1.21093	1.18192	1.12704	1.0499	0.943124	0.80936	0.661633	0.506478	0.351488	0.194252	
0.772616	0.592588	0.421582	0.279183	0.189545	0.173199	0.236069	0.359854	0.522171	0.700958	0.876913	1.03509	1.14327	1.19944	1.22102	1.22093	1.19301	1.13746	1.05474	0.942198	0.806478	0.651435	0.486367	0.326544	0.171161	
0.681452	0.487754	0.303639	0.150657	0.0597211	0.0444036	0.105339	0.237512	0.411942	0.603875	0.796745	0.974084	1.1078	1.18734	1.21168	1.20479	1.17367	1.11055	1.01969	0.900035	0.758244	0.602887	0.439621	0.278098	0.123242	
0.547821	0.340144	0.149498	-0.00642781	-0.101798	-0.11848	-0.0530893	0.0810669	0.26057	0.464443	0.669578	0.862227	1.01613	1.12026	1.1666	1.16579	1.12409	1.05214	0.948922	0.817918	0.666554	0.505026	0.341111	0.184497	0.0399129	
0.365124	0.152635	-0.0348521	-0.188582	-0.289289	-0.307575	-0.236632	-0.101207	0.0734845	0.27822	0.495859	0.702606	0.873653	0.998606	1.0714	1.08867	1.04912	0.963321	0.847235	0.709621	0.554563	0.380773	0.206488	0.0479267	-0.0831322	
0.153152	-0.0589942	-0.246918	-0.40607	-0.511798	-0.530234	-0.456786	-0.314919	-0.137303	0.0653248	0.289028	0.503252	0.687458	0.827326	0.920591	0.961088	0.940037	0.854087	0.725179	0.58245	0.421639	0.240491	0.0541524	-0.11136	-0.233081	
-0.0702002	-0.285422	-0.480502	-0.641221	-0.745752	-0.764665	-0.691564	-0.549883	-0.366285	-0.158189	0.0642368	0.282343	0.480566	0.633262	0.742083	0.799624	0.794582	0.720107	0.591539	0.436065	0.266208	0.0768527	-0.114109	-0.279403	-0.397028	
-0.285422	-0.503738	-0.70196	-0.86311	-0.963047	-0.980445	-0.912047	-0.772356	-0.585642	-0.374661	-0.148706	0.0702468	0.269722	0.433387	0.557377	0.626976	0.633094	0.569864	0.445228	0.282368	0.0941541	-0.105943	-0.292034	-0.448057	-0.561383	
-0.480502	-0.70196	-0.89863	-1.0552	-1.15238	-1.16918	-1.10277	-0.966521	-0.784687	-0.572145	-0.33894	-0.116863	0.0791606	0.245356	0.380401	0.464722	0.480054	0.421809	0.304659	0.13821	-0.0633123	-0.271388	-0.455697	-0.60164	-0.706699	
-0.641221	-0.86311	-1.0552	-1.20704	-1.2997	-1.31591	-1.25213	-1.12162	-0.944164	-0.733228	-0.499769	-0.271227	-0.0761614	0.0903547	0.232944	0.330951	0.358919	0.313105	0.197633	0.0253389	-0.182038	-0.395201	-0.579488	-0.715104	-0.808667	
-0.745752	-0.963047	-1.15238	-1.2997	-1.38505	-1.39961	-1.34251	-1.21695	-1.04265	-0.835419	-0.605844	-0.374125	-0.173579	-0.000989249	0.141937	0.246627	0.287799	0.251321	0.136906	-0.0426549	-0.255857	-0.467492	-0.647376	-0.776608	-0.860677	
-0.764665	-0.980445	-1.16918	-1.31591	-1.39961	-1.4137	-1.35853	-1.23345	-1.05959	-0.853973	-0.624751	-0.393098	-0.19079	-0.0164572	0.125916	0.2308	0.27522	0.240349	0.125812	-0.0545412	-0.269203	-0.480383	-0.65854	-0.786202	-0.869831	
-0.691564	-0.912047	-1.10277	-1.25213	-1.34251	-1.35853	-1.29664	-1.16848	-0.992355	-0.78265	-0.551026	-0.320295	-0.12302	0.0448128	0.188384	0.2905	0.323467	0.282959	0.167999	-0.00792128	-0.217987	-0.430742	-0.613727	-0.745756	-0.834623	
-0.549883	-0.772356	-0.966521	-1.12162	-1.21695	-1.23345	-1.16848	-1.03393	-0.854539	-0.642053	-0.407782	-0.182835	0.0111262	0.178344	0.316748	0.406549	0.426844	0.372054	0.256557	0.0883037	-0.11586	-0.327375	-0.510815	-0.653385	-0.753717	
-0.366285	-0.585642	-0.784687	-0.944164	-1.04265	-1.05959	-0.992355	-0.854539	-0.668647	-0.456194	-0.227504	-0.00854819	0.189892	0.355215	0.484744	0.560191	0.569052	0.508438	0.386786	0.222595	0.0273383	-0.175893	-0.36119	-0.512818	-0.623124	
-0.158189	-0.374661	-0.572145	-0.733228	-0.835419	-0.853973	-0.78265	-0.642053	-0.456194	-0.246252	-0.0235782	0.195103	0.395302	0.553124	0.668321	0.730536	0.730575	0.661418	0.534216	0.374973	0.198721	0.00443951	-0.185294	-0.347009	-0.463311	
0.0642368	-0.148706	-0.33894	-0.499769	-0.605844	-0.624751	-0.551026	-0.407782	-0.227504	-0.0235782	0.199729	0.416153	0.605936	0.751308	0.850729	0.898919	0.885805	0.80344	0.672887	0.525901	0.36153	0.177734	-0.0111849	-0.178175	-0.297583	
0.282343	0.0702468	-0.116863	-0.271227	-0.374125	-0.393098	-0.320295	-0.182835	-0.00854819	0.195103	0.416153	0.626714	0.803877	0.935301	1.01727	1.04363	1.00968	0.92197	0.800374	0.660727	0.504012	0.327189	0.147354	-0.0138132	-0.141115	
0.480566	0.269722	0.0791606	-0.0761614	-0.173579	-0.19079	-0.12302	0.0111262	0.189892	0.395302	0.605936	0.803877	0.964414	1.07774	1.1357	1.14021	1.09727	1.02048	0.911655	0.777606	0.623734	0.457333	0.290573	0.134791	-0.00520181	
0.633262	0.433387	0.245356	0.0903547	-0.000989249	-0.0164572	0.0448128	0.178344	0.355215	0.553124	0.751308	0.935301	1.07774	1.16846	1.19889	1.19256	1.15688	1.09	0.995278	0.870807	0.725389	0.569007	0.406529	0.246192	0.0947462	
0.742083	0.557377	0.380401	0.232944	0.141937	0.125916	0.188384	0.316748	0.484744	0.668321	0.850729	1.01727	1.1357	1.19889	1.21984	1.21699	1.18947	1.13218	1.0457	0.93068	0.793736	0.637708	0.472469	0.311799	0.155383	
0.799624	0.626976	0.464722	0.330951	0.246627	0.2308	0.2905	0.406549	0.560191	0.730536	0.898919	1.04363	1.14021	1.19256	1.21699	1.21838	1.18937	1.1349	1.05601	0.947106	0.812525	0.661051	0.500277	0.343014	0.187044	
0.794582	0.633094	0.480054	0.358919	0.287799	0.27522	0.323467	0.426844	0.569052	0.730575	0.885805	1.00968	1.09727	1.15688	1.18947	1.18937	1.16184	1.10721	1.03059	0.924527	0.794051	0.655741	0.511765	0.360535	0.201309	
0.720107	0.569864	0.421809	0.313105	0.251321	0.240349	0.282959	0.372054	0.508438	0.661418	0.80344	0.92197	1.02048	1.09	1.13218	1.1349	1.10721	1.0523	0.969103	0.865041	0.747393	0.629291	0.506415	0.368617	0.213735	
0.591539	0.445228	0.304659	0.197633	0.136906	0.125812	0.167999	0.256557	0.386786	0.534216	0.672887	0.800374	0.911655	0.995278	1.0457	1.05601	1.03059	0.969103	0.883565	0.789302	0.689124	0.58963	0.491936	0.374029	0.230664	
0.436065	0.282368	0.13821	0.0253389	-0.0426549	-0.0545412	-0.00792128	0.0883037	0.222595	0.374973	0.525901	0.660727	0.777606	0.870807	0.93068	0.947106	0.924527	0.865041	0.789302	0.713347	0.627944	0.548299	0.471328	0.372097	0.245914	
0.266208	0.0941541	-0.0633123	-0.182038	-0.255857	-0.269203	-0.217987	-0.11586	0.0273383	0.198721	0.36153	0.504012	0.623734	0.725389	0.793736	0.812525	0.794051	0.747393	0.689124	0.627944	0.57065	0.512921	0.453916	0.370949	0.267344	
0.0768527	-0.105943	-0.271388	-0.395201	-0.467492	-0.480383	-0.430742	-0.327375	-0.175893	0.00443951	0.177734	0.327189	0.457333	0.569007	0.637708	0.661051	0.655741	0.629291	0.58963	0.548299	0.512921	0.478638	0.435991	0.374221	0.302344	
-0.114109	-0.292034	-0.455697	-0.579488	-0.647376	-0.65854	-0.613727	-0.510815	-0.36119	-0.185294	-0.0111849	0.147354	0.290573	0.406529	0.472469	0.500277	0.511765	0.506415	0.491936	0.471328	0.453916	0.435991	0.409721	0.37327	0.328563	
-0.279403	-0.448057	-0.60164	-0.715104	-0.776608	-0.786202	-0.745756	-0.653385	-0.512818	-0.347009	-0.178175	-0.0138132	0.134791	0.246192	0.311799	0.343014	0.360535	0.368617	0.374029	0.372097	0.370949	0.374221	0.37327	0.358186	0.337035	
-0.397028	-0.561383	-0.706699	-0.808667	-0.860677	-0.869831	-0.834623	-0.753717	-0.623124	-0.463311	-0.297583	-0.141115	-0.00520181	0.0947462	0.155383	0.187044	0.201309	0.213735	0.230664	0.245914	0.267344	0.302344	0.328563	0.337035	0.344913	
