0.0115485	-0.0391276	-0.0733743	-0.112441	-0.151217	-0.199419	-0.268331	-0.350796	-0.438761	-0.522994	-0.584432	-0.616707	-0.604064	-0.560581	-0.499597	-0.420157	-0.326364	-0.234006	-0.164166	-0.116471	-0.0900017	-0.0807663	-0.0901991	-0.115674	-0.145725	
-0.0391276	-0.0967598	-0.144087	-0.197347	-0.243849	-0.294632	-0.353849	-0.427364	-0.502511	-0.565033	-0.603519	-0.606691	-0.568468	-0.505046	-0.423003	-0.331914	-0.237735	-0.149765	-0.0847191	-0.0482004	-0.0411893	-0.0543164	-0.0893973	-0.131869	-0.173252	
-0.0733743	-0.144087	-0.208759	-0.272192	-0.32615	-0.372124	-0.415779	-0.460686	-0.509561	-0.546078	-0.555864	-0.53338	-0.482307	-0.408177	-0.31751	-0.22383	-0.137796	-0.0690804	-0.0190955	-0.00166268	-0.0185406	-0.0582201	-0.111746	-0.161433	-0.2052	
-0.112441	-0.197347	-0.272192	-0.334935	-0.387654	-0.418957	-0.439908	-0.4553	-0.472427	-0.474268	-0.460801	-0.421394	-0.365657	-0.294258	-0.210112	-0.122717	-0.0502372	-0.00245493	0.0193669	0.00796157	-0.0330733	-0.0923213	-0.152816	-0.201993	-0.242927	
-0.151217	-0.243849	-0.32615	-0.387654	-0.421147	-0.427698	-0.423804	-0.415055	-0.403098	-0.383054	-0.351697	-0.30205	-0.248549	-0.192923	-0.12212	-0.0493716	0.00494079	0.0337077	0.029739	-0.00576869	-0.0699584	-0.142858	-0.212106	-0.264362	-0.298651	
-0.199419	-0.294632	-0.372124	-0.418957	-0.427698	-0.406664	-0.377924	-0.350078	-0.317054	-0.28841	-0.24983	-0.202228	-0.157738	-0.114167	-0.0613215	-0.0112778	0.0218809	0.0343486	0.0113433	-0.0430059	-0.118254	-0.196915	-0.269444	-0.319621	-0.342954	
-0.268331	-0.353849	-0.415779	-0.439908	-0.423804	-0.377924	-0.328838	-0.285111	-0.241642	-0.208183	-0.178038	-0.147818	-0.117821	-0.0872073	-0.0541129	-0.0204181	0.00149875	0.00371265	-0.0296809	-0.0954965	-0.167678	-0.238932	-0.29731	-0.335971	-0.342161	
-0.350796	-0.427364	-0.460686	-0.4553	-0.415055	-0.350078	-0.285111	-0.234324	-0.196733	-0.168574	-0.15111	-0.134095	-0.118345	-0.102811	-0.0837635	-0.0627388	-0.0490027	-0.0518819	-0.083757	-0.146034	-0.211012	-0.264095	-0.29334	-0.305036	-0.28615	
-0.438761	-0.502511	-0.509561	-0.472427	-0.403098	-0.317054	-0.241642	-0.196733	-0.169397	-0.150553	-0.149579	-0.14973	-0.150306	-0.148836	-0.144707	-0.133018	-0.121775	-0.127846	-0.149292	-0.189548	-0.231838	-0.254624	-0.256107	-0.230833	-0.177157	
-0.522994	-0.565033	-0.546078	-0.474268	-0.383054	-0.28841	-0.208183	-0.168574	-0.150553	-0.149064	-0.163201	-0.181668	-0.194408	-0.20858	-0.217183	-0.209464	-0.20061	-0.204501	-0.20956	-0.22158	-0.225388	-0.207674	-0.171438	-0.108978	-0.0262042	
-0.584432	-0.603519	-0.555864	-0.460801	-0.351697	-0.24983	-0.178038	-0.15111	-0.149579	-0.163201	-0.193825	-0.22616	-0.250156	-0.273075	-0.283714	-0.272119	-0.255709	-0.246504	-0.232895	-0.210343	-0.174902	-0.121419	-0.0480514	0.0428644	0.152387	
-0.616707	-0.606691	-0.53338	-0.421394	-0.30205	-0.202228	-0.147818	-0.134095	-0.14973	-0.181668	-0.22616	-0.267574	-0.296174	-0.320471	-0.32109	-0.290702	-0.256745	-0.226184	-0.191961	-0.137365	-0.0654337	0.0141198	0.107067	0.219093	0.348996	
-0.604064	-0.568468	-0.482307	-0.365657	-0.248549	-0.157738	-0.117821	-0.118345	-0.150306	-0.194408	-0.250156	-0.296174	-0.32781	-0.337347	-0.314054	-0.260972	-0.200185	-0.140829	-0.0747399	0.00597379	0.0997277	0.20394	0.315691	0.434554	0.572006	
-0.560581	-0.505046	-0.408177	-0.294258	-0.192923	-0.114167	-0.0872073	-0.102811	-0.148836	-0.20858	-0.273075	-0.320471	-0.337347	-0.320765	-0.26171	-0.179025	-0.0897938	0.00434372	0.108833	0.215291	0.325134	0.442011	0.563411	0.685099	0.816929	
-0.499597	-0.423003	-0.31751	-0.210112	-0.12212	-0.0613215	-0.0541129	-0.0837635	-0.144707	-0.217183	-0.283714	-0.32109	-0.314054	-0.26171	-0.167359	-0.0507621	0.072068	0.202163	0.339205	0.465281	0.587084	0.710214	0.828161	0.936205	1.04791	
-0.420157	-0.331914	-0.22383	-0.122717	-0.0493716	-0.0112778	-0.0204181	-0.0627388	-0.133018	-0.209464	-0.272119	-0.290702	-0.260972	-0.179025	-0.0507621	0.101414	0.263839	0.431759	0.594106	0.736185	0.860143	0.972499	1.07635	1.15782	1.23539	
-0.326364	-0.237735	-0.137796	-0.0502372	0.00494079	0.0218809	0.00149875	-0.0490027	-0.121775	-0.20061	-0.255709	-0.256745	-0.200185	-0.0897938	0.072068	0.263839	0.463607	0.664258	0.851208	1.00488	1.11691	1.19951	1.26836	1.32352	1.36723	
-0.234006	-0.149765	-0.0690804	-0.00245493	0.0337077	0.0343486	0.00371265	-0.0518819	-0.127846	-0.204501	-0.246504	-0.226184	-0.140829	0.00434372	0.202163	0.431759	0.664258	0.886919	1.08031	1.22466	1.31665	1.36426	1.38975	1.40493	1.42342	
-0.164166	-0.0847191	-0.0190955	0.0193669	0.029739	0.0113433	-0.0296809	-0.083757	-0.149292	-0.20956	-0.232895	-0.191961	-0.0747399	0.108833	0.339205	0.594106	0.851208	1.08031	1.25888	1.37594	1.43195	1.436	1.41841	1.40013	1.39689	
-0.116471	-0.0482004	-0.00166268	0.00796157	-0.00576869	-0.0430059	-0.0954965	-0.146034	-0.189548	-0.22158	-0.210343	-0.137365	0.00597379	0.215291	0.465281	0.736185	1.00488	1.22466	1.37594	1.45563	1.45956	1.413	1.35407	1.31954	1.29947	
-0.0900017	-0.0411893	-0.0185406	-0.0330733	-0.0699584	-0.118254	-0.167678	-0.211012	-0.231838	-0.225388	-0.174902	-0.0654337	0.0997277	0.325134	0.587084	0.860143	1.11691	1.31665	1.43195	1.45956	1.41279	1.32401	1.23579	1.18111	1.14961	
-0.0807663	-0.0543164	-0.0582201	-0.0923213	-0.142858	-0.196915	-0.238932	-0.264095	-0.254624	-0.207674	-0.121419	0.0141198	0.20394	0.442011	0.710214	0.972499	1.19951	1.36426	1.436	1.413	1.32401	1.20898	1.09549	1.01223	0.963966	
-0.0901991	-0.0893973	-0.111746	-0.152816	-0.212106	-0.269444	-0.29731	-0.29334	-0.256107	-0.171438	-0.0480514	0.107067	0.315691	0.563411	0.828161	1.07635	1.26836	1.38975	1.41841	1.35407	1.23579	1.09549	0.956409	0.846149	0.777017	
-0.115674	-0.131869	-0.161433	-0.201993	-0.264362	-0.319621	-0.335971	-0.305036	-0.230833	-0.108978	0.0428644	0.219093	0.434554	0.685099	0.936205	1.15782	1.32352	1.40493	1.40013	1.31954	1.18111	1.01223	0.846149	0.71276	0.627419	
-0.145725	-0.173252	-0.2052	-0.242927	-0.298651	-0.342954	-0.342161	-0.28615	-0.177157	-0.0262042	0.152387	0.348996	0.572006	0.816929	1.04791	1.23539	1.36723	1.42342	1.39689	1.29947	1.14961	0.963966	0.777017	0.627419	0.524053	
-0.167997	-0.203443	-0.242382	-0.276823	-0.311428	-0.331263	-0.310728	-0.231742	-0.094307	0.0802586	0.279814	0.500496	0.734481	0.968727	1.17277	1.32402	1.42322	1.45644	1.40908	1.29371	1.12965	0.932467	0.730968	0.565903	0.453323	
-0.169164	-0.208259	-0.257302	-0.295585	-0.315494	-0.312291	-0.263062	-0.1557	0.00448411	0.20338	0.424763	0.665946	0.910632	1.13253	1.30986	1.43224	1.49467	1.49599	1.42957	1.29983	1.12111	0.908623	0.699878	0.530167	0.415396	
-0.138286	-0.183802	-0.248232	-0.301572	-0.319195	-0.30153	-0.228678	-0.0910246	0.0949552	0.314088	0.560541	0.813599	1.06378	1.28177	1.44234	1.54021	1.57414	1.54574	1.45894	1.31474	1.12233	0.908613	0.696388	0.521888	0.397162	
-0.101019	-0.149193	-0.227766	-0.300144	-0.331178	-0.309293	-0.214124	-0.0505722	0.157821	0.39324	0.649809	0.912082	1.16701	1.39896	1.56269	1.64207	1.64847	1.59628	1.49323	1.33815	1.13847	0.922673	0.710368	0.527877	0.393185	
-0.0791734	-0.129778	-0.217191	-0.302706	-0.34274	-0.318625	-0.208191	-0.0279126	0.193306	0.431347	0.690822	0.961394	1.22525	1.46906	1.64406	1.71732	1.70355	1.62955	1.51178	1.35489	1.15756	0.940557	0.722677	0.53509	0.395518	
-0.0746247	-0.12695	-0.216482	-0.303924	-0.344652	-0.319988	-0.206435	-0.0236243	0.19885	0.436844	0.698402	0.970625	1.23647	1.48091	1.65902	1.73298	1.71489	1.6359	1.51394	1.35699	1.16154	0.945684	0.724941	0.536301	0.395196	
-0.0904045	-0.139089	-0.22132	-0.300334	-0.33685	-0.314315	-0.211591	-0.0397767	0.175347	0.413676	0.671147	0.936156	1.19515	1.43358	1.60206	1.67712	1.67357	1.61224	1.5034	1.3467	1.14685	0.930092	0.71685	0.531104	0.394067	
-0.122394	-0.169234	-0.240327	-0.301451	-0.323214	-0.303052	-0.220976	-0.072133	0.123811	0.349878	0.602395	0.859602	1.11082	1.3331	1.49279	1.5824	1.60538	1.56672	1.47304	1.32378	1.12741	0.91314	0.700968	0.523174	0.394209	
-0.159734	-0.201779	-0.256029	-0.298598	-0.316344	-0.306046	-0.246649	-0.126913	0.0437456	0.250531	0.483575	0.729623	0.977104	1.19551	1.36372	1.47642	1.52641	1.5151	1.44026	1.30344	1.11978	0.906443	0.694558	0.524441	0.405727	
-0.172386	-0.208536	-0.251744	-0.286635	-0.313513	-0.323167	-0.291807	-0.20282	-0.0559758	0.129422	0.336407	0.566323	0.804439	1.034	1.22688	1.36553	1.44999	1.47079	1.41656	1.29551	1.12467	0.920636	0.716261	0.548084	0.435577	
-0.155774	-0.187113	-0.221842	-0.257796	-0.305763	-0.341745	-0.33325	-0.267891	-0.147748	0.0130113	0.201129	0.406885	0.634573	0.875582	1.09603	1.26887	1.3873	1.43542	1.4007	1.29497	1.1406	0.95073	0.756845	0.600292	0.49159	
-0.128094	-0.149219	-0.179172	-0.219081	-0.280368	-0.332673	-0.343612	-0.301919	-0.212598	-0.0785619	0.0844662	0.269002	0.486852	0.735921	0.979621	1.18816	1.34137	1.41088	1.39587	1.31035	1.16718	0.989639	0.814266	0.674077	0.581505	
-0.0996171	-0.106447	-0.132432	-0.17418	-0.235674	-0.292679	-0.315721	-0.300579	-0.249474	-0.149166	-0.0136121	0.149228	0.36087	0.611832	0.87239	1.1119	1.29198	1.39574	1.41053	1.33746	1.20961	1.0567	0.907429	0.787666	0.711477	
-0.081524	-0.0657604	-0.0783956	-0.117034	-0.171993	-0.227148	-0.264271	-0.27811	-0.257878	-0.195809	-0.0945947	0.0497562	0.248537	0.490882	0.758591	1.01588	1.22864	1.37669	1.42995	1.38794	1.28638	1.16243	1.03784	0.942854	0.885842	
-0.0846073	-0.0443959	-0.0326559	-0.0553334	-0.0988989	-0.150453	-0.196691	-0.234049	-0.244255	-0.22054	-0.155712	-0.0344525	0.139611	0.370481	0.636644	0.9062	1.15153	1.33914	1.43837	1.44511	1.38003	1.27884	1.18085	1.11571	1.0791	
-0.103596	-0.0418389	-0.0047873	-0.00558455	-0.0284925	-0.0710682	-0.124579	-0.172898	-0.207377	-0.225674	-0.198492	-0.109362	0.0428275	0.258857	0.513591	0.787278	1.05512	1.26838	1.40597	1.46559	1.44833	1.38289	1.31144	1.26899	1.24445	
-0.142344	-0.0668319	-0.00789534	0.0185388	0.0187097	-0.00767548	-0.0537841	-0.106529	-0.163324	-0.213686	-0.224716	-0.173927	-0.0455597	0.151134	0.391255	0.654147	0.916983	1.14384	1.31332	1.41718	1.4533	1.43714	1.40171	1.37711	1.36522	
-0.203615	-0.119964	-0.045536	0.0100094	0.0363879	0.0297869	-0.00482852	-0.0601152	-0.133884	-0.2061	-0.24179	-0.213675	-0.115088	0.045885	0.257084	0.498083	0.742091	0.969414	1.15846	1.2937	1.37371	1.40509	1.41305	1.41279	1.42273	
-0.28738	-0.200274	-0.108687	-0.0280983	0.0199284	0.0298419	0.00503348	-0.0476394	-0.122444	-0.201284	-0.251809	-0.243661	-0.176733	-0.0535695	0.122759	0.331047	0.544039	0.755322	0.947791	1.10029	1.20607	1.27442	1.32603	1.36601	1.39955	
-0.384003	-0.294919	-0.188507	-0.0911274	-0.0245942	0.00452735	-0.00947149	-0.0558518	-0.127003	-0.204597	-0.264638	-0.27708	-0.237065	-0.143394	-0.00147819	0.165651	0.342842	0.524425	0.698566	0.846865	0.966969	1.06886	1.16088	1.23312	1.29555	
-0.470336	-0.386632	-0.27949	-0.174955	-0.091976	-0.0399495	-0.0393567	-0.0753293	-0.141142	-0.215849	-0.281027	-0.31081	-0.294557	-0.230158	-0.122504	0.00853913	0.147636	0.292138	0.439175	0.571751	0.696221	0.817807	0.932209	1.02954	1.12916	
-0.537802	-0.47451	-0.37317	-0.261297	-0.166454	-0.0942978	-0.0747853	-0.096175	-0.148078	-0.213823	-0.279617	-0.325119	-0.333223	-0.302417	-0.228519	-0.132202	-0.0305523	0.0780793	0.197245	0.31197	0.427016	0.547878	0.668097	0.787745	0.913462	
-0.58965	-0.545364	-0.454503	-0.339118	-0.227469	-0.140898	-0.106043	-0.111588	-0.150099	-0.199664	-0.259312	-0.307211	-0.334611	-0.334976	-0.298104	-0.234226	-0.162874	-0.0894206	-0.00821608	0.0828663	0.183593	0.293506	0.411581	0.532011	0.668947	
-0.616843	-0.595507	-0.516773	-0.400702	-0.279987	-0.183689	-0.135666	-0.127935	-0.149967	-0.187129	-0.235999	-0.279899	-0.31113	-0.331035	-0.323694	-0.284592	-0.240703	-0.199665	-0.154327	-0.0893379	-0.00646624	0.0840805	0.18438	0.300171	0.434318	
-0.60165	-0.609553	-0.55043	-0.448119	-0.333836	-0.231141	-0.165965	-0.144067	-0.149628	-0.170942	-0.208114	-0.243775	-0.270636	-0.295487	-0.303538	-0.285481	-0.263001	-0.24656	-0.22567	-0.188981	-0.137818	-0.0737714	0.00881593	0.109377	0.22911	
