-0.141333	-0.293739	-0.446301	-0.574975	-0.661299	-0.676622	-0.616239	-0.501469	-0.356643	-0.200291	-0.0648478	0.0202151	0.0666229	0.0841572	0.0710117	0.0291037	-0.0232619	-0.0628276	-0.0868949	-0.0975126	-0.0869528	-0.0582458	-0.0331616	-0.0225968	-0.0248716	
-0.152857	-0.32489	-0.498187	-0.641022	-0.733303	-0.749665	-0.685265	-0.560066	-0.396445	-0.218477	-0.0664529	0.0404	0.109332	0.148784	0.146313	0.113361	0.0649812	0.0223741	-0.0145303	-0.0424398	-0.0484385	-0.0440336	-0.0393652	-0.0419068	-0.055171	
-0.198797	-0.380942	-0.558758	-0.702218	-0.794425	-0.811817	-0.746077	-0.621712	-0.454661	-0.270237	-0.0995248	0.0394556	0.138605	0.204303	0.217259	0.190888	0.147142	0.0983691	0.0499038	0.0108939	-0.0102416	-0.0230187	-0.0363191	-0.0487013	-0.0670907	
-0.266591	-0.459107	-0.635645	-0.77364	-0.86044	-0.876324	-0.815309	-0.696779	-0.53215	-0.344641	-0.151555	0.0185121	0.152349	0.241786	0.274281	0.258331	0.222136	0.171184	0.111842	0.0603566	0.0261933	0.00302733	-0.0207554	-0.0338234	-0.0519246	
-0.330499	-0.540146	-0.716843	-0.851099	-0.928684	-0.941705	-0.889771	-0.776151	-0.615526	-0.416259	-0.2039	-0.00740718	0.151008	0.262461	0.312803	0.313486	0.281424	0.227379	0.157021	0.0964395	0.052122	0.0208251	0.00441878	8.02111e-05	-0.0129432	
-0.382992	-0.609394	-0.7914	-0.923209	-0.994916	-1.00585	-0.959864	-0.850254	-0.688469	-0.476337	-0.246421	-0.0347359	0.137021	0.265329	0.330387	0.342029	0.31295	0.256193	0.183066	0.12106	0.0749113	0.0434799	0.0339279	0.0406936	0.0409053	
-0.427585	-0.656301	-0.84239	-0.969699	-1.03465	-1.04429	-1.00252	-0.900545	-0.73736	-0.521784	-0.286839	-0.0737174	0.105302	0.243944	0.325535	0.34228	0.316081	0.25891	0.18622	0.127347	0.0855424	0.063093	0.0650326	0.0839705	0.103747	
-0.455069	-0.672434	-0.851562	-0.974854	-1.03563	-1.04464	-1.00607	-0.908352	-0.750237	-0.544831	-0.320891	-0.11674	0.0573111	0.197357	0.287847	0.317273	0.297673	0.239218	0.168161	0.114403	0.0815825	0.0758796	0.0952027	0.126917	0.161594	
-0.456599	-0.645926	-0.804491	-0.912699	-0.966249	-0.975121	-0.940318	-0.854737	-0.713946	-0.53483	-0.339085	-0.157018	0.00830132	0.148054	0.24203	0.278785	0.264849	0.207969	0.141871	0.090091	0.0596994	0.0627043	0.0893166	0.136396	0.187989	
-0.413442	-0.567823	-0.693253	-0.777446	-0.820729	-0.827819	-0.799018	-0.732653	-0.622678	-0.476546	-0.31747	-0.156837	-0.0079097	0.119198	0.200622	0.23325	0.222585	0.169615	0.10984	0.0616093	0.0311964	0.0321451	0.0598975	0.111959	0.174898	
-0.309613	-0.431988	-0.521975	-0.576596	-0.602265	-0.605619	-0.589741	-0.547958	-0.472309	-0.361411	-0.229669	-0.098338	0.0217302	0.1178	0.180925	0.205123	0.18814	0.131779	0.0652007	0.0157669	-0.0126081	-0.0123449	0.0173444	0.0696809	0.134029	
-0.144267	-0.241626	-0.30864	-0.343112	-0.353354	-0.352635	-0.35034	-0.325892	-0.272069	-0.185919	-0.0825029	0.0130529	0.0943312	0.162029	0.201735	0.205449	0.166993	0.098754	0.0219337	-0.0381763	-0.066163	-0.0598588	-0.0278717	0.0219795	0.075605	
0.0646462	-0.00980964	-0.0653709	-0.0959982	-0.105704	-0.106181	-0.101894	-0.0800612	-0.0349942	0.033241	0.11115	0.176694	0.225342	0.260085	0.263971	0.236684	0.17069	0.0826763	-0.0123809	-0.0811228	-0.109193	-0.103782	-0.0712297	-0.0279717	0.0180203	
0.313472	0.247302	0.19742	0.16853	0.151166	0.147434	0.160715	0.184126	0.224863	0.286501	0.347272	0.385504	0.401848	0.408382	0.377776	0.316219	0.222237	0.106072	-0.00898805	-0.092665	-0.13363	-0.132772	-0.106431	-0.067994	-0.0215562	
0.592833	0.5396	0.488709	0.452502	0.422803	0.416195	0.439834	0.472488	0.517919	0.572876	0.615871	0.62785	0.624104	0.607662	0.549535	0.448234	0.326788	0.187452	0.0469407	-0.0638131	-0.128304	-0.141446	-0.123992	-0.0871197	-0.0372698	
0.889863	0.850728	0.802971	0.749279	0.7054	0.697936	0.728676	0.781173	0.832632	0.876012	0.905094	0.906968	0.890059	0.851253	0.7658	0.63217	0.479236	0.318684	0.155156	0.0138142	-0.0763749	-0.112825	-0.10816	-0.0737253	-0.020079	
1.18584	1.14335	1.09428	1.03549	0.989445	0.98176	1.01329	1.07108	1.12498	1.16988	1.20344	1.20873	1.17751	1.11682	1.01084	0.855621	0.672623	0.488303	0.305333	0.146048	0.0313262	-0.0345193	-0.0504923	-0.0235149	0.0239381	
1.45023	1.38933	1.32877	1.27016	1.22593	1.21785	1.24938	1.3049	1.36492	1.42655	1.47772	1.49566	1.46977	1.39881	1.27216	1.09545	0.894432	0.690296	0.488102	0.312586	0.173741	0.0790093	0.0426782	0.0550284	0.0888492	
1.65886	1.57132	1.4897	1.41869	1.36601	1.35516	1.39449	1.4601	1.53754	1.62465	1.70363	1.74922	1.74435	1.67507	1.53903	1.34892	1.13161	0.904034	0.681517	0.485262	0.324564	0.209149	0.147904	0.136394	0.157277	
1.79474	1.67978	1.56653	1.47236	1.41056	1.39822	1.44323	1.52615	1.63299	1.7494	1.86063	1.94493	1.96819	1.91486	1.79013	1.598	1.36434	1.11366	0.874273	0.653981	0.463158	0.323835	0.235131	0.198332	0.197374	
1.83655	1.69319	1.54924	1.42904	1.3602	1.3488	1.39401	1.49678	1.6349	1.77976	1.92125	2.04793	2.11501	2.09847	1.993	1.80986	1.57243	1.3102	1.05388	0.808801	0.588636	0.41223	0.290665	0.222701	0.196018	
1.78304	1.60591	1.43613	1.29394	1.21432	1.20235	1.253	1.37342	1.53745	1.71179	1.88834	2.05392	2.1742	2.20316	2.12375	1.95908	1.73111	1.46538	1.18881	0.92392	0.68024	0.470922	0.313296	0.20951	0.155047	
1.64458	1.43226	1.23388	1.07594	0.984979	0.970199	1.03087	1.16396	1.34963	1.55975	1.77038	1.97353	2.13385	2.20276	2.16197	2.03067	1.82385	1.56149	1.27339	0.988341	0.719785	0.485725	0.301873	0.164818	0.0813595	
1.41737	1.17739	0.956219	0.786504	0.692134	0.675725	0.739011	0.880353	1.08558	1.31999	1.56556	1.80041	1.99254	2.09577	2.1059	2.02271	1.84697	1.60088	1.31859	1.02059	0.732708	0.482008	0.271832	0.101094	-0.0170332	
1.12731	0.86802	0.631619	0.454265	0.358308	0.341444	0.405669	0.552118	0.768554	1.0217	1.29148	1.56436	1.78748	1.92574	1.97908	1.942	1.80574	1.58979	1.32585	1.02919	0.735038	0.465699	0.22417	0.0240035	-0.128723	
0.822363	0.543127	0.303425	0.123742	0.0233556	0.006982	0.0738581	0.223019	0.441599	0.706142	1.00428	1.30637	1.5639	1.73828	1.82575	1.82326	1.72329	1.5405	1.29759	1.00993	0.709879	0.422368	0.159701	-0.0656208	-0.249812	
0.543127	0.245589	0.00354139	-0.178853	-0.288776	-0.30778	-0.232822	-0.0769202	0.142157	0.418865	0.737373	1.05777	1.33928	1.54648	1.66909	1.69774	1.62496	1.46916	1.24914	0.972086	0.663886	0.360301	0.0895639	-0.152434	-0.362172	
0.303425	0.00354139	-0.249007	-0.440596	-0.554739	-0.575723	-0.496552	-0.333543	-0.104225	0.179428	0.49869	0.82963	1.13095	1.36488	1.51575	1.57123	1.53113	1.40265	1.19607	0.924594	0.613779	0.310175	0.0373107	-0.213209	-0.441551	
0.123742	-0.178853	-0.440596	-0.638152	-0.751869	-0.772045	-0.6943	-0.528402	-0.290051	-0.00083352	0.319703	0.65609	0.967801	1.21613	1.38606	1.46584	1.45208	1.34093	1.13814	0.866924	0.570317	0.280047	0.00753617	-0.246041	-0.485374	
0.0233556	-0.288776	-0.554739	-0.751869	-0.865492	-0.885478	-0.807674	-0.642794	-0.402534	-0.104948	0.222561	0.560944	0.874691	1.13148	1.31268	1.40195	1.39546	1.29332	1.09362	0.820801	0.533916	0.259006	-0.00537344	-0.254535	-0.503279	
0.006982	-0.30778	-0.575723	-0.772045	-0.885478	-0.905886	-0.827913	-0.663535	-0.42263	-0.122128	0.205797	0.544332	0.859143	1.1187	1.30131	1.38986	1.38346	1.28449	1.08624	0.812983	0.526216	0.253942	-0.00698787	-0.253309	-0.504755	
0.0738581	-0.232822	-0.496552	-0.6943	-0.807674	-0.827913	-0.750461	-0.584522	-0.345175	-0.0522558	0.271013	0.608067	0.921518	1.17341	1.34828	1.4347	1.42616	1.31939	1.11675	0.844877	0.554633	0.270907	0.000873832	-0.252229	-0.495475	
0.223019	-0.0769202	-0.333543	-0.528402	-0.642794	-0.663535	-0.584522	-0.420043	-0.186242	0.0991835	0.418641	0.751738	1.05868	1.29897	1.45892	1.52576	1.49791	1.37757	1.1728	0.901607	0.595184	0.296207	0.0229046	-0.229052	-0.463024	
0.441599	0.142157	-0.104225	-0.290051	-0.402534	-0.42263	-0.345175	-0.186242	0.0367576	0.317446	0.636239	0.962919	1.2525	1.47229	1.60722	1.64627	1.586	1.44159	1.22867	0.954579	0.643171	0.337947	0.066326	-0.180457	-0.397982	
0.706142	0.418865	0.179428	-0.00083352	-0.104948	-0.122128	-0.0522558	0.0991835	0.317446	0.585995	0.895018	1.20516	1.47389	1.6613	1.76322	1.77353	1.68485	1.51285	1.27886	0.996407	0.69331	0.397965	0.130349	-0.102799	-0.297837	
1.00428	0.737373	0.49869	0.319703	0.222561	0.205797	0.271013	0.418641	0.636239	0.895018	1.17548	1.46134	1.69885	1.85151	1.91867	1.8968	1.77611	1.57429	1.31838	1.02467	0.728977	0.451817	0.200145	-0.0101351	-0.176795	
1.30637	1.05777	0.82963	0.65609	0.560944	0.544332	0.608067	0.751738	0.962919	1.20516	1.46134	1.7108	1.91515	2.03209	2.0614	1.9979	1.83698	1.60204	1.32635	1.02749	0.735229	0.477712	0.255843	0.0721445	-0.0600639	
1.5639	1.33928	1.13095	0.967801	0.874691	0.859143	0.921518	1.05868	1.2525	1.47389	1.69885	1.91515	2.08894	2.17094	2.14984	2.03772	1.84174	1.58353	1.29559	1.00345	0.726493	0.484737	0.291036	0.140748	0.0442955	
1.73828	1.54648	1.36488	1.21613	1.13148	1.1187	1.17341	1.29897	1.47229	1.6613	1.85151	2.03209	2.17094	2.21697	2.15112	1.99668	1.77644	1.51181	1.22841	0.954924	0.701255	0.481923	0.313161	0.195188	0.128847	
1.82575	1.66909	1.51575	1.38606	1.31268	1.30131	1.34828	1.45892	1.60722	1.76322	1.91867	2.0614	2.14984	2.15112	2.05492	1.87856	1.64321	1.37867	1.11395	0.860934	0.631638	0.4397	0.302536	0.220981	0.184291	
1.82326	1.69774	1.57123	1.46584	1.40195	1.38986	1.4347	1.52576	1.64627	1.77353	1.8968	1.9979	2.03772	1.99668	1.87856	1.68834	1.4511	1.19539	0.950107	0.718994	0.514917	0.362571	0.262367	0.2136	0.201665	
1.72329	1.62496	1.53113	1.45208	1.39546	1.38346	1.42616	1.49791	1.586	1.68485	1.77611	1.83698	1.84174	1.77644	1.64321	1.4511	1.22646	0.988402	0.758114	0.553222	0.381793	0.257833	0.185241	0.163805	0.178085	
1.5405	1.46916	1.40265	1.34093	1.29332	1.28449	1.31939	1.37757	1.44159	1.51285	1.57429	1.60204	1.58353	1.51181	1.37867	1.19539	0.988402	0.776251	0.565818	0.382252	0.235368	0.131242	0.0862628	0.0891676	0.117874	
1.29759	1.24914	1.19607	1.13814	1.09362	1.08624	1.11675	1.1728	1.22867	1.27886	1.31838	1.32635	1.29559	1.22841	1.11395	0.950107	0.758114	0.565818	0.375925	0.209915	0.0849036	0.00675866	-0.0172738	0.00596703	0.0471243	
1.00993	0.972086	0.924594	0.866924	0.820801	0.812983	0.844877	0.901607	0.954579	0.996407	1.02467	1.02749	1.00345	0.954924	0.860934	0.718994	0.553222	0.382252	0.209915	0.0606027	-0.0391988	-0.0864517	-0.0903262	-0.0585405	-0.00539623	
0.709879	0.663886	0.613779	0.570317	0.533916	0.526216	0.554633	0.595184	0.643171	0.69331	0.728977	0.735229	0.726493	0.701255	0.631638	0.514917	0.381793	0.235368	0.0849036	-0.0391988	-0.114527	-0.135885	-0.121678	-0.0855716	-0.0339259	
0.422368	0.360301	0.310175	0.280047	0.259006	0.253942	0.270907	0.296207	0.337947	0.397965	0.451817	0.477712	0.484737	0.481923	0.4397	0.362571	0.257833	0.131242	0.00675866	-0.0864517	-0.135885	-0.139283	-0.117312	-0.0786511	-0.0315962	
0.159701	0.0895639	0.0373107	0.00753617	-0.00537344	-0.00698787	0.000873832	0.0229046	0.066326	0.130349	0.200145	0.255843	0.291036	0.313161	0.302536	0.262367	0.185241	0.0862628	-0.0172738	-0.0903262	-0.121678	-0.117312	-0.0857755	-0.046131	-0.000367821	
-0.0656208	-0.152434	-0.213209	-0.246041	-0.254535	-0.253309	-0.252229	-0.229052	-0.180457	-0.102799	-0.0101351	0.0721445	0.140748	0.195188	0.220981	0.2136	0.163805	0.0891676	0.00596703	-0.0585405	-0.0855716	-0.0786511	-0.046131	0.00159851	0.0509932	
-0.249812	-0.362172	-0.441551	-0.485374	-0.503279	-0.504755	-0.495475	-0.463024	-0.397982	-0.297837	-0.176795	-0.0600639	0.0442955	0.128847	0.184291	0.201665	0.178085	0.117874	0.0471243	-0.00539623	-0.0339259	-0.0315962	-0.000367821	0.0509932	0.112009	
