0.409577	0.35698	0.30524	0.249496	0.216506	0.211138	0.223191	0.244276	0.272091	0.305146	0.337415	0.375262	0.413116	0.460513	0.518481	0.567155	0.605759	0.644645	0.678877	0.694712	0.688016	0.659579	0.613116	0.562941	0.504618	
0.35698	0.309085	0.252945	0.194929	0.152905	0.140555	0.142034	0.153062	0.179981	0.22492	0.276065	0.329453	0.379211	0.447331	0.529724	0.597296	0.642742	0.685203	0.712131	0.709926	0.676489	0.611756	0.521691	0.421097	0.318739	
0.30524	0.252945	0.200005	0.153381	0.11407	0.0903848	0.0795525	0.0823027	0.109217	0.157181	0.217697	0.282291	0.347053	0.430839	0.528176	0.606762	0.658234	0.6939	0.703304	0.678204	0.621859	0.52916	0.410672	0.277682	0.146583	
0.249496	0.194929	0.153381	0.115875	0.0812837	0.0587777	0.0544493	0.0570942	0.0789654	0.126343	0.193367	0.265939	0.337736	0.42499	0.523167	0.60355	0.654613	0.673148	0.658117	0.607725	0.530514	0.418124	0.286944	0.142745	-0.000118012	
0.216506	0.152905	0.11407	0.0812837	0.0585689	0.0518791	0.0564502	0.0605416	0.0869117	0.143441	0.213694	0.283387	0.354667	0.433619	0.512911	0.579728	0.616359	0.614966	0.573149	0.503488	0.407268	0.287378	0.154801	0.0171557	-0.124613	
0.211138	0.140555	0.0903848	0.0587777	0.0518791	0.0583272	0.0653462	0.0803287	0.123821	0.19089	0.257754	0.326156	0.394969	0.451353	0.49352	0.527931	0.537094	0.509146	0.447327	0.36421	0.260195	0.142184	0.0198488	-0.103989	-0.235074	
0.223191	0.142034	0.0795525	0.0544493	0.0564502	0.0653462	0.0822461	0.115063	0.171873	0.241618	0.311285	0.382509	0.441118	0.468199	0.469616	0.461625	0.427314	0.369845	0.293816	0.204746	0.101833	-0.00438832	-0.108417	-0.214763	-0.328867	
0.244276	0.153062	0.0823027	0.0570942	0.0605416	0.0803287	0.115063	0.158575	0.219549	0.29515	0.368895	0.431083	0.473347	0.477656	0.449476	0.393464	0.314626	0.230516	0.145233	0.0502255	-0.0478454	-0.137238	-0.21983	-0.304859	-0.395554	
0.272091	0.179981	0.109217	0.0789654	0.0869117	0.123821	0.171873	0.219549	0.285201	0.360577	0.420574	0.459963	0.47931	0.466205	0.40959	0.316275	0.20566	0.105066	0.00804521	-0.0935437	-0.188448	-0.264574	-0.328968	-0.389681	-0.44727	
0.305146	0.22492	0.157181	0.126343	0.143441	0.19089	0.241618	0.29515	0.360577	0.420767	0.456379	0.46282	0.452762	0.414178	0.335787	0.223459	0.101907	-0.00900744	-0.11483	-0.217604	-0.310659	-0.381864	-0.434358	-0.46894	-0.487866	
0.337415	0.276065	0.217697	0.193367	0.213694	0.257754	0.311285	0.368895	0.420574	0.456379	0.459448	0.429844	0.385137	0.322306	0.228594	0.115453	-0.00357744	-0.118091	-0.222825	-0.317104	-0.403874	-0.472315	-0.512563	-0.523391	-0.508195	
0.375262	0.329453	0.282291	0.265939	0.283387	0.326156	0.382509	0.431083	0.459963	0.46282	0.429844	0.363877	0.29139	0.204094	0.102681	-0.000242052	-0.109194	-0.221158	-0.317537	-0.395127	-0.467688	-0.521333	-0.543992	-0.535305	-0.501456	
0.413116	0.379211	0.347053	0.337736	0.354667	0.394969	0.441118	0.473347	0.47931	0.452762	0.385137	0.29139	0.19072	0.0830202	-0.0177054	-0.107252	-0.205451	-0.309508	-0.391507	-0.452337	-0.501297	-0.527346	-0.52546	-0.503826	-0.466663	
0.460513	0.447331	0.430839	0.42499	0.433619	0.451353	0.468199	0.477656	0.466205	0.414178	0.322306	0.204094	0.0830202	-0.0319676	-0.130511	-0.216986	-0.304462	-0.385322	-0.448009	-0.49071	-0.512075	-0.502872	-0.477028	-0.445886	-0.412634	
0.518481	0.529724	0.528176	0.523167	0.512911	0.49352	0.469616	0.449476	0.40959	0.335787	0.228594	0.102681	-0.0177054	-0.130511	-0.237991	-0.331914	-0.399645	-0.45008	-0.488915	-0.510605	-0.501006	-0.463945	-0.421136	-0.384914	-0.353227	
0.567155	0.597296	0.606762	0.60355	0.579728	0.527931	0.461625	0.393464	0.316275	0.223459	0.115453	-0.000242052	-0.107252	-0.216986	-0.331914	-0.420559	-0.468956	-0.495998	-0.510516	-0.501195	-0.467023	-0.415713	-0.366497	-0.326244	-0.294096	
0.605759	0.642742	0.658234	0.654613	0.616359	0.537094	0.427314	0.314626	0.20566	0.101907	-0.00357744	-0.109194	-0.205451	-0.304462	-0.399645	-0.468956	-0.504286	-0.516835	-0.500269	-0.463113	-0.417791	-0.365897	-0.31228	-0.269022	-0.235931	
0.644645	0.685203	0.6939	0.673148	0.614966	0.509146	0.369845	0.230516	0.105066	-0.00900744	-0.118091	-0.221158	-0.309508	-0.385322	-0.45008	-0.495998	-0.516835	-0.505186	-0.462824	-0.413866	-0.372678	-0.323803	-0.269853	-0.224974	-0.195677	
0.678877	0.712131	0.703304	0.658117	0.573149	0.447327	0.293816	0.145233	0.00804521	-0.11483	-0.222825	-0.317537	-0.391507	-0.448009	-0.488915	-0.510516	-0.500269	-0.462824	-0.408994	-0.361851	-0.323153	-0.281433	-0.236904	-0.201023	-0.179634	
0.694712	0.709926	0.678204	0.607725	0.503488	0.36421	0.204746	0.0502255	-0.0935437	-0.217604	-0.317104	-0.395127	-0.452337	-0.49071	-0.510605	-0.501195	-0.463113	-0.413866	-0.361851	-0.310702	-0.267909	-0.234729	-0.212266	-0.196991	-0.191519	
0.688016	0.676489	0.621859	0.530514	0.407268	0.260195	0.101833	-0.0478454	-0.188448	-0.310659	-0.403874	-0.467688	-0.501297	-0.512075	-0.501006	-0.467023	-0.417791	-0.372678	-0.323153	-0.267909	-0.219799	-0.193789	-0.191229	-0.204291	-0.216986	
0.659579	0.611756	0.52916	0.418124	0.287378	0.142184	-0.00438832	-0.137238	-0.264574	-0.381864	-0.472315	-0.521333	-0.527346	-0.502872	-0.463945	-0.415713	-0.365897	-0.323803	-0.281433	-0.234729	-0.193789	-0.170796	-0.17888	-0.209231	-0.233058	
0.613116	0.521691	0.410672	0.286944	0.154801	0.0198488	-0.108417	-0.21983	-0.328968	-0.434358	-0.512563	-0.543992	-0.52546	-0.477028	-0.421136	-0.366497	-0.31228	-0.269853	-0.236904	-0.212266	-0.191229	-0.17888	-0.186032	-0.210181	-0.226232	
0.562941	0.421097	0.277682	0.142745	0.0171557	-0.103989	-0.214763	-0.304859	-0.389681	-0.46894	-0.523391	-0.535305	-0.503826	-0.445886	-0.384914	-0.326244	-0.269022	-0.224974	-0.201023	-0.196991	-0.204291	-0.209231	-0.210181	-0.209098	-0.208105	
0.504618	0.318739	0.146583	-0.000118012	-0.124613	-0.235074	-0.328867	-0.395554	-0.44727	-0.487866	-0.508195	-0.501456	-0.466663	-0.412634	-0.353227	-0.294096	-0.235931	-0.195677	-0.179634	-0.191519	-0.216986	-0.233058	-0.226232	-0.208105	-0.194776	
0.439994	0.219075	0.0234646	-0.133812	-0.257725	-0.360823	-0.440255	-0.480514	-0.492678	-0.487089	-0.468846	-0.443127	-0.410805	-0.368437	-0.31824	-0.262535	-0.210546	-0.181241	-0.178704	-0.196122	-0.219781	-0.231094	-0.225832	-0.211452	-0.195352	
0.377696	0.132807	-0.0807476	-0.249851	-0.376639	-0.471024	-0.530239	-0.542159	-0.51978	-0.477645	-0.427409	-0.381928	-0.346429	-0.313612	-0.277833	-0.239063	-0.204971	-0.193845	-0.19863	-0.208155	-0.213518	-0.217313	-0.221283	-0.220312	-0.202022	
0.339129	0.0680284	-0.169989	-0.356089	-0.486577	-0.568476	-0.602946	-0.585276	-0.536769	-0.473877	-0.404067	-0.33946	-0.290112	-0.256912	-0.238206	-0.227435	-0.220965	-0.222718	-0.223604	-0.215599	-0.205253	-0.203235	-0.211984	-0.21516	-0.197904	
0.309441	0.0260084	-0.227686	-0.431481	-0.57214	-0.64896	-0.662219	-0.617115	-0.545093	-0.466056	-0.384736	-0.307526	-0.247963	-0.214584	-0.210886	-0.224789	-0.236991	-0.244536	-0.239415	-0.22479	-0.207049	-0.1958	-0.192469	-0.192699	-0.187793	
0.286687	0.00374168	-0.252978	-0.464529	-0.615173	-0.695708	-0.70155	-0.638014	-0.543938	-0.448269	-0.357328	-0.277684	-0.219477	-0.192117	-0.198104	-0.220931	-0.238378	-0.246568	-0.245267	-0.2354	-0.21738	-0.19178	-0.171361	-0.169153	-0.183025	
0.279715	-0.000287614	-0.255145	-0.468204	-0.620974	-0.703246	-0.70773	-0.640622	-0.542418	-0.442498	-0.350176	-0.270038	-0.213818	-0.188567	-0.19625	-0.219994	-0.236881	-0.246292	-0.246339	-0.239292	-0.220385	-0.191815	-0.167157	-0.165316	-0.183426	
0.30036	0.0148825	-0.24221	-0.450007	-0.594966	-0.672223	-0.681297	-0.627551	-0.545581	-0.459806	-0.373669	-0.294868	-0.234557	-0.20341	-0.204205	-0.222694	-0.238406	-0.246593	-0.243294	-0.229244	-0.210682	-0.192782	-0.182697	-0.181709	-0.184683	
0.326002	0.0487615	-0.196523	-0.390805	-0.524888	-0.603836	-0.628346	-0.598842	-0.5411	-0.471709	-0.397617	-0.326672	-0.272091	-0.237584	-0.225236	-0.226166	-0.22895	-0.234372	-0.231734	-0.21942	-0.204443	-0.199887	-0.205494	-0.208049	-0.193912	
0.360251	0.10414	-0.119172	-0.294128	-0.422197	-0.511461	-0.561458	-0.561798	-0.527692	-0.475763	-0.415614	-0.362836	-0.322276	-0.290035	-0.260685	-0.23269	-0.209969	-0.204479	-0.208762	-0.210836	-0.209633	-0.210882	-0.218434	-0.220173	-0.201569	
0.412548	0.182081	-0.0200404	-0.181805	-0.306217	-0.406524	-0.478574	-0.507753	-0.505376	-0.48292	-0.450588	-0.416461	-0.384869	-0.347393	-0.302652	-0.251879	-0.20527	-0.183252	-0.184662	-0.201101	-0.218354	-0.226715	-0.224288	-0.215592	-0.198953	
0.480378	0.278509	0.0955242	-0.0557039	-0.180197	-0.287097	-0.37522	-0.431605	-0.467589	-0.490512	-0.494893	-0.480843	-0.446238	-0.396861	-0.340215	-0.281353	-0.224247	-0.187135	-0.176589	-0.19184	-0.219472	-0.234713	-0.227274	-0.208114	-0.193325	
0.540029	0.380053	0.224985	0.0849494	-0.039294	-0.155983	-0.259644	-0.34055	-0.412912	-0.4779	-0.520693	-0.524958	-0.491207	-0.43272	-0.372097	-0.313164	-0.255046	-0.211664	-0.190414	-0.193781	-0.210298	-0.22172	-0.219036	-0.208825	-0.201471	
0.593545	0.481773	0.358005	0.230027	0.0999814	-0.0289	-0.150138	-0.253513	-0.353937	-0.450543	-0.519561	-0.543869	-0.518441	-0.464686	-0.40537	-0.349354	-0.293409	-0.249648	-0.220592	-0.20476	-0.195338	-0.189486	-0.194888	-0.209593	-0.218908	
0.642284	0.578035	0.484269	0.367122	0.235613	0.0935935	-0.0456636	-0.170339	-0.291428	-0.405249	-0.491998	-0.533629	-0.529712	-0.49373	-0.446916	-0.395342	-0.344256	-0.302064	-0.263386	-0.22494	-0.190559	-0.170347	-0.179065	-0.210342	-0.233291	
0.67955	0.654427	0.589068	0.489359	0.361189	0.213636	0.0586965	-0.084779	-0.220849	-0.342286	-0.434312	-0.492754	-0.515165	-0.512298	-0.488388	-0.447374	-0.397478	-0.354623	-0.307361	-0.253281	-0.206235	-0.181034	-0.184148	-0.206791	-0.226158	
0.694235	0.700163	0.659517	0.579858	0.468628	0.325362	0.164896	0.0103046	-0.132636	-0.255655	-0.352644	-0.425001	-0.474087	-0.502236	-0.510737	-0.489564	-0.445391	-0.397205	-0.346584	-0.292346	-0.246731	-0.216935	-0.203524	-0.199496	-0.201903	
0.687862	0.714669	0.697285	0.641655	0.547645	0.416405	0.260075	0.108406	-0.0329109	-0.156927	-0.261344	-0.350341	-0.417765	-0.467442	-0.500226	-0.510116	-0.486759	-0.442527	-0.388558	-0.340636	-0.300964	-0.262897	-0.226311	-0.19693	-0.180888	
0.659699	0.699059	0.701793	0.671157	0.602792	0.48783	0.341818	0.197351	0.066596	-0.0519157	-0.161443	-0.262342	-0.345881	-0.412391	-0.466972	-0.504069	-0.514452	-0.490876	-0.442002	-0.393157	-0.354504	-0.307799	-0.256189	-0.212756	-0.185903	
0.621087	0.659659	0.674475	0.666641	0.621053	0.530142	0.40595	0.281021	0.164116	0.0560008	-0.0505041	-0.154697	-0.248022	-0.338431	-0.420965	-0.481252	-0.512371	-0.516589	-0.487803	-0.443881	-0.399363	-0.348263	-0.293378	-0.249149	-0.2169	
0.582736	0.617662	0.630227	0.626604	0.598508	0.536136	0.451824	0.363399	0.272399	0.174901	0.0684903	-0.0423401	-0.144547	-0.251652	-0.362131	-0.443649	-0.486337	-0.507504	-0.510417	-0.488378	-0.448231	-0.39483	-0.343902	-0.302584	-0.270644	
0.539847	0.559434	0.563353	0.559187	0.541768	0.508153	0.467858	0.430525	0.375448	0.293233	0.184379	0.0614739	-0.0538789	-0.16566	-0.278778	-0.372648	-0.431529	-0.470896	-0.500481	-0.510718	-0.490173	-0.445452	-0.398838	-0.361354	-0.329906	
0.482909	0.480359	0.470261	0.464128	0.465979	0.469482	0.471086	0.470121	0.448713	0.387615	0.288581	0.164429	0.0409692	-0.073422	-0.17437	-0.263998	-0.344556	-0.413034	-0.466309	-0.501183	-0.510676	-0.488886	-0.455359	-0.421288	-0.389338	
0.431104	0.403256	0.377147	0.370314	0.385873	0.419623	0.455351	0.479648	0.478691	0.441625	0.363161	0.259017	0.147769	0.0355679	-0.0634128	-0.149214	-0.244135	-0.340922	-0.416069	-0.469264	-0.507633	-0.519864	-0.508336	-0.482338	-0.446033	
0.38896	0.349508	0.308801	0.293903	0.310618	0.35422	0.409665	0.451745	0.470429	0.461145	0.413747	0.335981	0.251924	0.155085	0.0531216	-0.043682	-0.14792	-0.258556	-0.350033	-0.421042	-0.4846	-0.528451	-0.541967	-0.527705	-0.490888	
0.353335	0.297424	0.242815	0.222803	0.242144	0.284097	0.339012	0.394934	0.438102	0.461269	0.450041	0.405213	0.348971	0.276912	0.178819	0.0690591	-0.0469599	-0.16036	-0.26266	-0.350555	-0.433377	-0.496938	-0.530866	-0.533186	-0.508789	
