0.727731	0.699992	0.66497	0.644561	0.63579	0.634198	0.640188	0.654538	0.68544	0.718983	0.736867	0.749885	0.758244	0.752321	0.734768	0.696255	0.634549	0.571495	0.516977	0.452308	0.364845	0.269548	0.173447	0.0854143	0.0186351	
0.867475	0.885218	0.884868	0.890402	0.899078	0.900951	0.894343	0.885828	0.885934	0.877627	0.845669	0.811542	0.777408	0.726034	0.664061	0.592036	0.50677	0.425054	0.354491	0.275788	0.173653	0.0687669	-0.0236945	-0.10627	-0.170419	
0.97065	1.04397	1.09211	1.13385	1.16507	1.17126	1.14848	1.10873	1.06564	1.00411	0.914168	0.824633	0.743433	0.651356	0.55295	0.451603	0.346647	0.254609	0.17518	0.0858366	-0.0222472	-0.128854	-0.220597	-0.29754	-0.351346	
1.0318	1.15988	1.25749	1.33487	1.38752	1.39788	1.36024	1.29018	1.20199	1.08681	0.944525	0.806276	0.681338	0.550464	0.419044	0.296492	0.180367	0.0787643	-0.0116916	-0.110133	-0.221283	-0.32083	-0.396137	-0.459806	-0.501674	
1.05775	1.22263	1.35541	1.45658	1.52165	1.53388	1.48771	1.39949	1.28021	1.12698	0.94828	0.772709	0.611841	0.449846	0.287915	0.139958	0.0111129	-0.095224	-0.192133	-0.294597	-0.398944	-0.48692	-0.541491	-0.574917	-0.594901	
1.04966	1.22754	1.37283	1.47626	1.53863	1.5503	1.50654	1.41879	1.29038	1.12425	0.934382	0.738034	0.54674	0.355779	0.167478	-5.47457e-05	-0.138962	-0.252046	-0.352572	-0.449208	-0.532951	-0.593583	-0.624029	-0.631607	-0.626167	
1.00288	1.17009	1.30417	1.39134	1.43904	1.44756	1.41508	1.34486	1.22847	1.07209	0.893445	0.695269	0.486828	0.277719	0.0710723	-0.111603	-0.251686	-0.359323	-0.457445	-0.545793	-0.606581	-0.63795	-0.639126	-0.622484	-0.605954	
0.901285	1.04054	1.15219	1.2173	1.24673	1.25116	1.23208	1.18409	1.09019	0.959001	0.809226	0.630091	0.425372	0.218253	0.0172692	-0.160691	-0.29784	-0.401734	-0.491781	-0.568003	-0.6099	-0.62101	-0.60712	-0.570676	-0.544478	
0.736658	0.840204	0.926328	0.973432	0.990475	0.99273	0.983015	0.950077	0.87747	0.778883	0.671476	0.534471	0.364864	0.189351	0.0161604	-0.139455	-0.260621	-0.36254	-0.456181	-0.526794	-0.555396	-0.55153	-0.531874	-0.495282	-0.46616	
0.525921	0.58499	0.642701	0.678218	0.690082	0.690969	0.685117	0.660717	0.609004	0.547969	0.492039	0.415725	0.305945	0.188107	0.0690585	-0.0516864	-0.159258	-0.257672	-0.353069	-0.4266	-0.454273	-0.443997	-0.420531	-0.391139	-0.379535	
0.299482	0.309839	0.330631	0.34819	0.352978	0.352738	0.351048	0.338664	0.317672	0.302184	0.297852	0.287343	0.251167	0.198994	0.142359	0.0750574	-0.0081709	-0.10514	-0.197697	-0.267361	-0.303594	-0.305741	-0.295574	-0.284828	-0.296815	
0.0899991	0.0491335	0.0189018	0.00363306	-0.0065923	-0.00855176	-0.000378194	0.0110424	0.0347613	0.0733466	0.115619	0.157203	0.189671	0.20856	0.21705	0.206525	0.163347	0.0844108	-0.00318757	-0.0698761	-0.116628	-0.145071	-0.168885	-0.203115	-0.254869	
-0.0969845	-0.187524	-0.271152	-0.325314	-0.354901	-0.360167	-0.339622	-0.296424	-0.222945	-0.132248	-0.0481555	0.0366037	0.124395	0.205018	0.279629	0.329964	0.329576	0.279891	0.206943	0.135614	0.0662267	0.00389436	-0.0568473	-0.140798	-0.243687	
-0.268951	-0.400796	-0.525902	-0.610347	-0.652466	-0.65929	-0.632021	-0.565584	-0.453026	-0.319593	-0.197425	-0.0711746	0.0700249	0.203229	0.322943	0.417592	0.456209	0.438092	0.388386	0.322945	0.233005	0.127827	0.0264211	-0.0975918	-0.243701	
-0.42252	-0.586677	-0.733051	-0.830779	-0.8755	-0.881786	-0.854062	-0.779131	-0.649554	-0.487932	-0.326048	-0.160072	0.021518	0.195493	0.342093	0.452747	0.512895	0.52672	0.506004	0.458153	0.376032	0.248588	0.102527	-0.0583382	-0.239809	
-0.548679	-0.725092	-0.872476	-0.974771	-1.02316	-1.0306	-1.00065	-0.919354	-0.788683	-0.622147	-0.433725	-0.235711	-0.0327994	0.157155	0.311242	0.424741	0.500002	0.547601	0.564613	0.536805	0.470163	0.35292	0.182591	-0.0101936	-0.210314	
-0.636021	-0.799886	-0.934486	-1.04036	-1.10019	-1.1106	-1.07145	-0.980605	-0.856685	-0.706288	-0.521482	-0.31991	-0.117378	0.0763042	0.231352	0.340299	0.426803	0.506552	0.566435	0.572516	0.52226	0.422502	0.257988	0.0509099	-0.154299	
-0.691082	-0.825256	-0.933574	-1.03302	-1.10084	-1.11261	-1.0654	-0.974853	-0.869939	-0.750006	-0.591351	-0.410608	-0.233338	-0.0557582	0.103452	0.221449	0.318573	0.417116	0.50778	0.557205	0.543986	0.468998	0.326437	0.131632	-0.0703188	
-0.724473	-0.821929	-0.897327	-0.968579	-1.02102	-1.02978	-0.992024	-0.926924	-0.853441	-0.767353	-0.64783	-0.500968	-0.356046	-0.216656	-0.0758516	0.0603858	0.190422	0.311938	0.420599	0.502872	0.531742	0.491708	0.377482	0.208898	0.0251954	
-0.734637	-0.798839	-0.841351	-0.866075	-0.882706	-0.886018	-0.873283	-0.853051	-0.818941	-0.762556	-0.686393	-0.591246	-0.486709	-0.383061	-0.269271	-0.126212	0.0446515	0.206777	0.333951	0.431002	0.481485	0.465787	0.384968	0.252907	0.103243	
-0.732141	-0.756326	-0.760923	-0.742831	-0.728515	-0.727306	-0.73639	-0.755064	-0.761691	-0.743297	-0.714969	-0.676327	-0.618074	-0.542101	-0.437038	-0.287993	-0.100193	0.0901762	0.236404	0.334409	0.386918	0.380745	0.331919	0.253982	0.157309	
-0.723372	-0.698274	-0.665639	-0.621318	-0.587631	-0.581947	-0.605667	-0.648422	-0.687131	-0.713426	-0.73811	-0.748418	-0.722427	-0.66209	-0.559739	-0.40857	-0.232651	-0.0544969	0.0978113	0.197461	0.249513	0.258804	0.243106	0.223646	0.192314	
-0.700059	-0.641757	-0.581433	-0.520144	-0.472048	-0.462168	-0.497665	-0.556669	-0.617924	-0.676424	-0.734167	-0.779173	-0.782572	-0.734102	-0.639861	-0.504917	-0.357036	-0.216899	-0.0835189	0.0182699	0.0766379	0.113468	0.144581	0.182462	0.218806	
-0.662105	-0.587102	-0.510304	-0.446382	-0.399005	-0.389202	-0.424799	-0.483107	-0.554462	-0.633092	-0.700288	-0.754251	-0.78668	-0.766838	-0.69409	-0.593308	-0.483671	-0.379792	-0.278614	-0.184848	-0.114128	-0.0473893	0.0349883	0.130992	0.234757	
-0.606152	-0.519386	-0.445391	-0.401683	-0.377994	-0.373665	-0.390493	-0.424679	-0.48577	-0.572054	-0.649783	-0.704211	-0.745297	-0.755317	-0.722065	-0.671561	-0.615186	-0.54836	-0.474712	-0.391578	-0.299613	-0.195932	-0.0709161	0.0713373	0.229336	
-0.529833	-0.453521	-0.401117	-0.382464	-0.388228	-0.390912	-0.382685	-0.389262	-0.429336	-0.498201	-0.577058	-0.642041	-0.686521	-0.715937	-0.72989	-0.734553	-0.73116	-0.706909	-0.660697	-0.588662	-0.477404	-0.332678	-0.167713	0.0125768	0.213012	
-0.453521	-0.411121	-0.38759	-0.383798	-0.399074	-0.403862	-0.38823	-0.382628	-0.40035	-0.434442	-0.49076	-0.560872	-0.620898	-0.674912	-0.733772	-0.784347	-0.815471	-0.826734	-0.814044	-0.762089	-0.64969	-0.479535	-0.275271	-0.0483174	0.202777	
-0.401117	-0.38759	-0.391954	-0.39769	-0.399308	-0.39936	-0.398839	-0.394619	-0.388175	-0.392453	-0.424219	-0.483017	-0.552159	-0.629945	-0.722721	-0.811965	-0.877679	-0.922362	-0.940157	-0.905698	-0.797802	-0.615978	-0.377982	-0.100528	0.204413	
-0.382464	-0.383798	-0.39769	-0.404023	-0.394902	-0.391538	-0.401662	-0.402777	-0.388748	-0.380292	-0.391266	-0.425305	-0.486953	-0.577688	-0.692874	-0.817954	-0.931007	-1.01331	-1.04596	-1.01014	-0.89737	-0.707169	-0.44626	-0.131745	0.210481	
-0.388228	-0.399074	-0.399308	-0.394902	-0.3922	-0.391845	-0.393717	-0.39811	-0.400443	-0.393259	-0.380028	-0.384943	-0.43638	-0.537404	-0.670257	-0.821074	-0.970155	-1.0777	-1.11027	-1.06305	-0.943473	-0.750767	-0.481562	-0.149529	0.210264	
-0.390912	-0.403862	-0.39936	-0.391538	-0.391845	-0.393043	-0.391384	-0.395757	-0.403492	-0.397904	-0.378819	-0.376613	-0.425962	-0.530025	-0.667207	-0.822558	-0.977061	-1.08845	-1.12122	-1.07176	-0.950117	-0.757359	-0.487615	-0.152682	0.209389	
-0.382685	-0.38823	-0.398839	-0.401662	-0.393717	-0.391384	-0.399463	-0.401344	-0.392094	-0.383904	-0.385339	-0.406777	-0.463817	-0.559008	-0.682033	-0.819177	-0.948661	-1.04316	-1.07826	-1.03824	-0.921319	-0.729714	-0.464115	-0.139738	0.211033	
-0.389262	-0.382628	-0.394619	-0.402777	-0.39811	-0.395757	-0.401344	-0.399066	-0.386577	-0.383713	-0.407185	-0.457663	-0.525682	-0.609177	-0.711414	-0.816012	-0.900466	-0.960256	-0.98561	-0.952331	-0.844118	-0.659192	-0.410027	-0.115503	0.207016	
-0.429336	-0.40035	-0.388175	-0.388748	-0.400443	-0.403492	-0.392094	-0.386577	-0.394789	-0.414816	-0.459672	-0.52713	-0.593126	-0.658252	-0.732781	-0.798836	-0.841927	-0.866275	-0.86668	-0.823395	-0.713937	-0.537287	-0.318119	-0.0712521	0.202416	
-0.498201	-0.434442	-0.392453	-0.380292	-0.393259	-0.397904	-0.383904	-0.383713	-0.414816	-0.47037	-0.542531	-0.611012	-0.660331	-0.699587	-0.733029	-0.7563	-0.767819	-0.759419	-0.726751	-0.662121	-0.547626	-0.389554	-0.209004	-0.0114552	0.207701	
-0.577058	-0.49076	-0.424219	-0.391266	-0.380028	-0.378819	-0.385339	-0.407185	-0.459672	-0.542531	-0.624384	-0.682188	-0.722811	-0.740623	-0.725881	-0.698415	-0.665496	-0.615244	-0.551392	-0.472029	-0.371037	-0.251101	-0.110239	0.0478227	0.222866	
-0.642041	-0.560872	-0.483017	-0.425305	-0.384943	-0.376613	-0.406777	-0.457663	-0.52713	-0.611012	-0.682188	-0.736216	-0.77462	-0.766941	-0.707637	-0.626416	-0.537102	-0.446548	-0.356972	-0.268051	-0.189882	-0.109213	-0.00830573	0.107579	0.234987	
-0.686521	-0.620898	-0.552159	-0.486953	-0.43638	-0.425962	-0.463817	-0.525682	-0.593126	-0.660331	-0.722811	-0.77462	-0.791549	-0.752482	-0.66425	-0.540684	-0.406561	-0.282159	-0.161815	-0.0617293	0.00147888	0.0504309	0.102023	0.163297	0.227325	
-0.715937	-0.674912	-0.629945	-0.577688	-0.537404	-0.530025	-0.559008	-0.609177	-0.658252	-0.699587	-0.740623	-0.766941	-0.752482	-0.696358	-0.596138	-0.448866	-0.283078	-0.118844	0.0293704	0.130869	0.184097	0.202585	0.204026	0.20829	0.203755	
-0.72989	-0.733772	-0.722721	-0.692874	-0.670257	-0.667207	-0.682033	-0.711414	-0.732781	-0.733029	-0.725881	-0.707637	-0.66425	-0.596138	-0.491956	-0.340851	-0.154755	0.0360898	0.187258	0.284993	0.336343	0.334722	0.29881	0.24432	0.172901	
-0.734553	-0.784347	-0.811965	-0.817954	-0.821074	-0.822558	-0.819177	-0.816012	-0.798836	-0.7563	-0.698415	-0.626416	-0.540684	-0.448866	-0.340851	-0.195791	-0.014306	0.162342	0.297531	0.396465	0.449536	0.438342	0.370274	0.257916	0.127873	
-0.73116	-0.815471	-0.877679	-0.931007	-0.970155	-0.977061	-0.948661	-0.900466	-0.841927	-0.767819	-0.665496	-0.537102	-0.406561	-0.283078	-0.154755	-0.014306	0.13349	0.270342	0.386308	0.47636	0.516164	0.48785	0.38701	0.23188	0.0597296	
-0.706909	-0.826734	-0.922362	-1.01331	-1.0777	-1.08845	-1.04316	-0.960256	-0.866275	-0.759419	-0.615244	-0.446548	-0.282159	-0.118844	0.0360898	0.162342	0.270342	0.376023	0.47391	0.538076	0.543232	0.482287	0.35025	0.164489	-0.0319301	
-0.660697	-0.814044	-0.940157	-1.04596	-1.11027	-1.12122	-1.07826	-0.98561	-0.86668	-0.726751	-0.551392	-0.356972	-0.161815	0.0293704	0.187258	0.297531	0.386308	0.47391	0.548526	0.573144	0.535414	0.44336	0.285903	0.0811489	-0.123388	
-0.588662	-0.762089	-0.905698	-1.01014	-1.06305	-1.07176	-1.03824	-0.952331	-0.823395	-0.662121	-0.472029	-0.268051	-0.0617293	0.130869	0.284993	0.396465	0.47636	0.538076	0.573144	0.556344	0.494511	0.384795	0.214287	0.0126587	-0.191343	
-0.477404	-0.64969	-0.797802	-0.89737	-0.943473	-0.950117	-0.921319	-0.844118	-0.713937	-0.547626	-0.371037	-0.189882	0.00147888	0.184097	0.336343	0.449536	0.516164	0.543232	0.535414	0.494511	0.420244	0.294847	0.134481	-0.0411312	-0.231778	
-0.332678	-0.479535	-0.615978	-0.707169	-0.750767	-0.757359	-0.729714	-0.659192	-0.537287	-0.389554	-0.251101	-0.109213	0.0504309	0.202585	0.334722	0.438342	0.48785	0.482287	0.44336	0.384795	0.294847	0.175866	0.0558032	-0.0822049	-0.243397	
-0.167713	-0.275271	-0.377982	-0.44626	-0.481562	-0.487615	-0.464115	-0.410027	-0.318119	-0.209004	-0.110239	-0.00830573	0.102023	0.204026	0.29881	0.370274	0.38701	0.35025	0.285903	0.214287	0.134481	0.0558032	-0.019841	-0.121289	-0.244027	
0.0125768	-0.0483174	-0.100528	-0.131745	-0.149529	-0.152682	-0.139738	-0.115503	-0.0712521	-0.0114552	0.0478227	0.107579	0.163297	0.20829	0.24432	0.257916	0.23188	0.164489	0.0811489	0.0126587	-0.0411312	-0.0822049	-0.121289	-0.176352	-0.248339	
0.213012	0.202777	0.204413	0.210481	0.210264	0.209389	0.211033	0.207016	0.202416	0.207701	0.222866	0.234987	0.227325	0.203755	0.172901	0.127873	0.0597296	-0.0319301	-0.123388	-0.191343	-0.231778	-0.243397	-0.244027	-0.248339	-0.274345	
