0.644991	0.568444	0.484027	0.417391	0.374733	0.353097	0.346858	0.348805	0.374244	0.413578	0.454474	0.50576	0.581172	0.658775	0.721784	0.783196	0.838596	0.877166	0.891947	0.875635	0.823692	0.739638	0.642319	0.52919	0.40759	
0.568444	0.504022	0.432375	0.365992	0.322335	0.2947	0.28489	0.289807	0.319216	0.362725	0.408669	0.471427	0.564294	0.658138	0.738803	0.809895	0.862377	0.890189	0.893146	0.858778	0.780736	0.674972	0.553938	0.422099	0.280345	
0.484027	0.432375	0.365756	0.302927	0.26513	0.246714	0.239532	0.247349	0.280171	0.332237	0.38462	0.449288	0.540567	0.639398	0.727751	0.797527	0.83416	0.845139	0.829255	0.773822	0.675217	0.55903	0.429155	0.292568	0.148794	
0.417391	0.365992	0.302927	0.25498	0.225684	0.210383	0.205679	0.226454	0.274613	0.334829	0.390754	0.450639	0.52983	0.615481	0.6905	0.741347	0.753762	0.74258	0.703775	0.630194	0.522119	0.405733	0.278318	0.14566	0.0120329	
0.374733	0.322335	0.26513	0.225684	0.197277	0.181591	0.188789	0.226483	0.284817	0.352173	0.418484	0.477525	0.535761	0.590739	0.63449	0.649879	0.632436	0.590463	0.530532	0.444838	0.34197	0.232719	0.117206	-0.00655912	-0.124997	
0.353097	0.2947	0.246714	0.210383	0.181591	0.171311	0.189533	0.232268	0.295895	0.374353	0.452263	0.505502	0.542189	0.565341	0.566886	0.539591	0.487372	0.415436	0.333203	0.244571	0.152217	0.0590907	-0.0394074	-0.145887	-0.247066	
0.346858	0.28489	0.239532	0.205679	0.188789	0.189533	0.206206	0.250952	0.321637	0.40421	0.475373	0.518741	0.541937	0.534015	0.491255	0.425498	0.347561	0.24908	0.147302	0.0563112	-0.0268068	-0.103936	-0.181608	-0.262371	-0.339369	
0.348805	0.289807	0.247349	0.226454	0.226483	0.232268	0.250952	0.304275	0.374351	0.440063	0.491518	0.523371	0.526357	0.484925	0.404791	0.317262	0.221513	0.106663	-0.00743563	-0.102545	-0.185907	-0.254985	-0.311941	-0.362306	-0.405222	
0.374244	0.319216	0.280171	0.274613	0.284817	0.295895	0.321637	0.374351	0.426542	0.466311	0.493124	0.497878	0.471498	0.400492	0.301822	0.198955	0.0946711	-0.0207491	-0.130851	-0.23067	-0.319429	-0.384548	-0.423608	-0.444219	-0.449387	
0.413578	0.362725	0.332237	0.334829	0.352173	0.374353	0.40421	0.440063	0.466311	0.476206	0.465154	0.433907	0.377133	0.290431	0.18096	0.0674004	-0.0383835	-0.139485	-0.236677	-0.335557	-0.421345	-0.477134	-0.500922	-0.49954	-0.473206	
0.454474	0.408669	0.38462	0.390754	0.418484	0.452263	0.475373	0.491518	0.493124	0.465154	0.41331	0.345148	0.264641	0.169115	0.0593019	-0.05743	-0.158512	-0.244464	-0.328029	-0.412585	-0.478958	-0.514608	-0.524375	-0.508537	-0.465016	
0.50576	0.471427	0.449288	0.450639	0.477525	0.505502	0.518741	0.523371	0.497878	0.433907	0.345148	0.246862	0.14537	0.0492931	-0.0548669	-0.16617	-0.259094	-0.334939	-0.40296	-0.460957	-0.494176	-0.504712	-0.49735	-0.472067	-0.424318	
0.581172	0.564294	0.540567	0.52983	0.535761	0.542189	0.541937	0.526357	0.471498	0.377133	0.264641	0.14537	0.0328839	-0.0675637	-0.169756	-0.269573	-0.350895	-0.417748	-0.467546	-0.490013	-0.488969	-0.47452	-0.450664	-0.417467	-0.37289	
0.658775	0.658138	0.639398	0.615481	0.590739	0.565341	0.534015	0.484925	0.400492	0.290431	0.169115	0.0492931	-0.0675637	-0.176372	-0.273862	-0.35652	-0.425021	-0.482249	-0.505804	-0.493811	-0.463444	-0.43053	-0.393375	-0.356164	-0.31579	
0.721784	0.738803	0.727751	0.6905	0.63449	0.566886	0.491255	0.404791	0.301822	0.18096	0.0593019	-0.0548669	-0.169756	-0.273862	-0.356167	-0.422085	-0.479116	-0.514117	-0.51058	-0.475084	-0.427092	-0.377861	-0.332518	-0.293682	-0.258519	
0.783196	0.809895	0.797527	0.741347	0.649879	0.539591	0.425498	0.317262	0.198955	0.0674004	-0.05743	-0.16617	-0.269573	-0.35652	-0.422085	-0.473819	-0.502057	-0.503676	-0.483369	-0.446529	-0.389501	-0.328762	-0.277981	-0.240639	-0.210903	
0.838596	0.862377	0.83416	0.753762	0.632436	0.487372	0.347561	0.221513	0.0946711	-0.0383835	-0.158512	-0.259094	-0.350895	-0.425021	-0.479116	-0.502057	-0.487276	-0.456698	-0.433934	-0.402366	-0.346801	-0.285724	-0.237918	-0.202812	-0.180564	
0.877166	0.890189	0.845139	0.74258	0.590463	0.415436	0.24908	0.106663	-0.0207491	-0.139485	-0.244464	-0.334939	-0.417748	-0.482249	-0.514117	-0.503676	-0.456698	-0.408156	-0.373579	-0.339106	-0.292739	-0.248795	-0.212051	-0.185468	-0.170633	
0.891947	0.893146	0.829255	0.703775	0.530532	0.333203	0.147302	-0.00743563	-0.130851	-0.236677	-0.328029	-0.40296	-0.467546	-0.505804	-0.51058	-0.483369	-0.433934	-0.373579	-0.318016	-0.273275	-0.240547	-0.217467	-0.201013	-0.191189	-0.186922	
0.875635	0.858778	0.773822	0.630194	0.444838	0.244571	0.0563112	-0.102545	-0.23067	-0.335557	-0.412585	-0.460957	-0.490013	-0.493811	-0.475084	-0.446529	-0.402366	-0.339106	-0.273275	-0.225491	-0.197312	-0.188898	-0.193607	-0.204679	-0.208908	
0.823692	0.780736	0.675217	0.522119	0.34197	0.152217	-0.0268068	-0.185907	-0.319429	-0.421345	-0.478958	-0.494176	-0.488969	-0.463444	-0.427092	-0.389501	-0.346801	-0.292739	-0.240547	-0.197312	-0.170259	-0.169507	-0.189046	-0.208213	-0.216586	
0.739638	0.674972	0.55903	0.405733	0.232719	0.0590907	-0.103936	-0.254985	-0.384548	-0.477134	-0.514608	-0.504712	-0.47452	-0.43053	-0.377861	-0.328762	-0.285724	-0.248795	-0.217467	-0.188898	-0.169507	-0.175738	-0.19501	-0.208883	-0.213432	
0.642319	0.553938	0.429155	0.278318	0.117206	-0.0394074	-0.181608	-0.311941	-0.423608	-0.500922	-0.524375	-0.49735	-0.450664	-0.393375	-0.332518	-0.277981	-0.237918	-0.212051	-0.201013	-0.193607	-0.189046	-0.19501	-0.206363	-0.211119	-0.208462	
0.52919	0.422099	0.292568	0.14566	-0.00655912	-0.145887	-0.262371	-0.362306	-0.444219	-0.49954	-0.508537	-0.472067	-0.417467	-0.356164	-0.293682	-0.240639	-0.202812	-0.185468	-0.191189	-0.204679	-0.208213	-0.208883	-0.211119	-0.210621	-0.19859	
0.40759	0.280345	0.148794	0.0120329	-0.124997	-0.247066	-0.339369	-0.405222	-0.449387	-0.473206	-0.465016	-0.424318	-0.37289	-0.31579	-0.258519	-0.210903	-0.180564	-0.170633	-0.186922	-0.208908	-0.216586	-0.213432	-0.208462	-0.19859	-0.18117	
0.289801	0.145925	0.0132075	-0.112836	-0.23216	-0.331426	-0.396082	-0.430035	-0.439022	-0.432467	-0.40782	-0.367011	-0.324385	-0.278398	-0.23218	-0.198541	-0.18087	-0.178063	-0.192158	-0.21185	-0.220553	-0.218992	-0.205879	-0.185409	-0.168163	
0.201879	0.0351416	-0.109048	-0.231783	-0.334897	-0.408635	-0.442101	-0.441639	-0.418008	-0.387249	-0.352542	-0.315733	-0.284696	-0.251673	-0.219031	-0.199801	-0.196756	-0.199103	-0.207702	-0.215321	-0.217374	-0.213431	-0.199705	-0.178664	-0.166638	
0.132729	-0.0483861	-0.207975	-0.33962	-0.435608	-0.484356	-0.481208	-0.443748	-0.3899	-0.339632	-0.298306	-0.266099	-0.247877	-0.230699	-0.212018	-0.204656	-0.209984	-0.216806	-0.21943	-0.213292	-0.199511	-0.191412	-0.186435	-0.179101	-0.172409	
0.0840025	-0.111075	-0.284392	-0.421031	-0.508728	-0.535741	-0.505343	-0.443136	-0.370975	-0.307379	-0.254679	-0.217914	-0.207204	-0.210261	-0.214762	-0.220707	-0.22703	-0.2253	-0.218506	-0.201798	-0.180903	-0.172013	-0.177091	-0.181804	-0.179484	
0.0542181	-0.148208	-0.32688	-0.462855	-0.539785	-0.550931	-0.507221	-0.440191	-0.36795	-0.299017	-0.233727	-0.183521	-0.173699	-0.196214	-0.227663	-0.249867	-0.251176	-0.233339	-0.212532	-0.194243	-0.177397	-0.173425	-0.180447	-0.188026	-0.188231	
0.0515874	-0.154272	-0.334538	-0.468674	-0.543137	-0.551328	-0.506556	-0.440137	-0.368614	-0.299871	-0.231341	-0.178329	-0.167554	-0.194171	-0.232084	-0.257855	-0.258236	-0.235094	-0.211618	-0.192912	-0.178736	-0.175345	-0.182329	-0.189233	-0.190144	
0.0685388	-0.128989	-0.304949	-0.442749	-0.526203	-0.545857	-0.50785	-0.441395	-0.36782	-0.300928	-0.243494	-0.20124	-0.191521	-0.202893	-0.219085	-0.232562	-0.23682	-0.228697	-0.21553	-0.198209	-0.178002	-0.171152	-0.177297	-0.184248	-0.183223	
0.111628	-0.0762477	-0.242426	-0.376298	-0.469643	-0.509239	-0.493986	-0.444456	-0.380653	-0.324215	-0.278552	-0.246634	-0.232188	-0.222528	-0.211311	-0.208499	-0.215799	-0.220874	-0.220695	-0.208685	-0.190475	-0.181051	-0.18106	-0.179406	-0.174678	
0.171291	-0.00133529	-0.151238	-0.277125	-0.376354	-0.439835	-0.458365	-0.442731	-0.406835	-0.367522	-0.33063	-0.295395	-0.269954	-0.242764	-0.215187	-0.201009	-0.202412	-0.208087	-0.213958	-0.215865	-0.211144	-0.206136	-0.195139	-0.178859	-0.168859	
0.252282	0.0987694	-0.0378683	-0.16083	-0.273267	-0.362177	-0.415228	-0.436097	-0.431697	-0.415431	-0.385822	-0.346332	-0.30716	-0.266485	-0.226033	-0.198753	-0.187107	-0.185867	-0.197977	-0.213342	-0.220984	-0.21891	-0.204454	-0.18165	-0.166199	
0.357557	0.224422	0.0932331	-0.0392467	-0.169272	-0.283168	-0.364733	-0.417423	-0.446724	-0.457041	-0.442426	-0.400909	-0.352883	-0.299391	-0.246393	-0.203809	-0.177377	-0.170199	-0.186815	-0.210184	-0.218593	-0.215992	-0.207059	-0.192729	-0.174543	
0.481787	0.365919	0.234906	0.0919412	-0.0552834	-0.187617	-0.294723	-0.38156	-0.448735	-0.49197	-0.493368	-0.455384	-0.401206	-0.341263	-0.279416	-0.227572	-0.191595	-0.177021	-0.188707	-0.207527	-0.213022	-0.210979	-0.210373	-0.206824	-0.191876	
0.598534	0.50253	0.375255	0.225461	0.0684171	-0.081361	-0.21318	-0.332036	-0.43342	-0.503148	-0.521569	-0.489118	-0.438622	-0.37859	-0.316364	-0.261514	-0.222388	-0.200437	-0.196504	-0.198489	-0.197773	-0.202213	-0.20963	-0.212442	-0.205721	
0.702445	0.628153	0.508339	0.356147	0.187203	0.0207163	-0.134914	-0.279033	-0.402705	-0.490399	-0.521878	-0.504543	-0.465911	-0.416187	-0.358709	-0.306756	-0.264733	-0.233433	-0.210249	-0.189145	-0.175521	-0.183005	-0.199626	-0.209347	-0.211285	
0.792387	0.740429	0.629807	0.475872	0.299106	0.115388	-0.05828	-0.216002	-0.348811	-0.446894	-0.49666	-0.500686	-0.48455	-0.449981	-0.407	-0.364474	-0.321503	-0.27423	-0.230366	-0.19174	-0.166276	-0.169119	-0.19017	-0.208221	-0.215853	
0.859611	0.832364	0.738669	0.590337	0.404708	0.208122	0.0227487	-0.137091	-0.26857	-0.372998	-0.442079	-0.477649	-0.491927	-0.483123	-0.456481	-0.426293	-0.382755	-0.321553	-0.258772	-0.212183	-0.183828	-0.178985	-0.191035	-0.207449	-0.213929	
0.889473	0.884581	0.812176	0.678655	0.499482	0.298171	0.10951	-0.0472553	-0.171204	-0.276235	-0.362759	-0.428026	-0.479858	-0.50394	-0.498658	-0.47078	-0.424157	-0.360738	-0.298366	-0.251471	-0.221824	-0.205553	-0.198081	-0.197327	-0.196787	
0.886244	0.894685	0.842502	0.731073	0.568733	0.383323	0.207125	0.0593316	-0.0659256	-0.178689	-0.278123	-0.36344	-0.440403	-0.496816	-0.517204	-0.497848	-0.446859	-0.393342	-0.349994	-0.311739	-0.27079	-0.235757	-0.206031	-0.185632	-0.174521	
0.85652	0.876757	0.841129	0.750968	0.618032	0.461237	0.310696	0.176673	0.0491042	-0.0790974	-0.193801	-0.290611	-0.378864	-0.450098	-0.497218	-0.505739	-0.474684	-0.435365	-0.410347	-0.379048	-0.326366	-0.270232	-0.225616	-0.192752	-0.173744	
0.806666	0.833479	0.816825	0.751744	0.646406	0.521223	0.39644	0.281348	0.157933	0.0237323	-0.100272	-0.206018	-0.304213	-0.385322	-0.446633	-0.489185	-0.499873	-0.487407	-0.465735	-0.431942	-0.373909	-0.311299	-0.259971	-0.22324	-0.196293	
0.746398	0.768856	0.758386	0.713947	0.64467	0.559386	0.466443	0.369341	0.260645	0.135292	0.0126675	-0.099757	-0.211069	-0.308693	-0.383235	-0.444473	-0.492707	-0.515127	-0.50304	-0.464523	-0.411773	-0.357151	-0.309487	-0.27058	-0.237541	
0.685957	0.691723	0.676331	0.647627	0.610251	0.568971	0.520224	0.45554	0.362796	0.248332	0.126675	0.00911059	-0.108396	-0.217511	-0.309451	-0.384646	-0.449442	-0.499986	-0.512123	-0.488152	-0.448759	-0.409521	-0.369007	-0.331225	-0.292184	
0.613079	0.603971	0.581162	0.563722	0.557939	0.553735	0.544096	0.51545	0.448234	0.346242	0.228831	0.106882	-0.00787955	-0.112241	-0.213486	-0.307221	-0.382799	-0.446588	-0.486727	-0.494972	-0.481069	-0.458539	-0.429037	-0.394074	-0.351256	
0.534265	0.505284	0.482517	0.481225	0.501622	0.521503	0.530038	0.528889	0.492034	0.414261	0.314216	0.205394	0.0984569	0.00208294	-0.101017	-0.208847	-0.297752	-0.369056	-0.430324	-0.474738	-0.494746	-0.494558	-0.479888	-0.451055	-0.404496	
0.471879	0.431011	0.407832	0.411719	0.441959	0.476873	0.496132	0.506845	0.498069	0.455388	0.38821	0.306915	0.217205	0.121178	0.0141912	-0.101816	-0.200095	-0.281921	-0.358873	-0.434342	-0.488724	-0.515008	-0.517686	-0.497481	-0.451341	
