-0.203447	-0.253965	-0.343173	-0.449803	-0.556955	-0.642454	-0.692629	-0.707416	-0.685255	-0.618377	-0.527217	-0.425812	-0.32563	-0.227778	-0.149323	-0.0937374	-0.0571416	-0.0346574	-0.0175947	0.0207954	0.0984736	0.232352	0.413957	0.620619	0.837811	
-0.253965	-0.331257	-0.431802	-0.534533	-0.633362	-0.710518	-0.755384	-0.762338	-0.730392	-0.650338	-0.538215	-0.417174	-0.306203	-0.206961	-0.12853	-0.0814138	-0.0579407	-0.0524572	-0.0444611	-0.0117893	0.0734333	0.223109	0.432324	0.667913	0.913722	
-0.343173	-0.431802	-0.523874	-0.61671	-0.703189	-0.771884	-0.809049	-0.80208	-0.753667	-0.653045	-0.513887	-0.371928	-0.252545	-0.147154	-0.0687318	-0.0338756	-0.0303796	-0.0402837	-0.0409544	-0.00808198	0.0870341	0.247886	0.465466	0.710633	0.965132	
-0.449803	-0.534533	-0.61671	-0.693928	-0.766871	-0.824597	-0.849226	-0.822481	-0.754384	-0.634856	-0.472989	-0.31019	-0.166446	-0.0533904	0.0161528	0.0322391	0.02153	0.00133074	-0.00186033	0.0347777	0.132323	0.286989	0.4967	0.739846	0.991487	
-0.556955	-0.633362	-0.703189	-0.766871	-0.818964	-0.859595	-0.866854	-0.824349	-0.733324	-0.590142	-0.402728	-0.213979	-0.0553322	0.053309	0.110845	0.12047	0.102594	0.0777671	0.0707494	0.100484	0.183427	0.320643	0.516793	0.748348	0.987154	
-0.642454	-0.710518	-0.771884	-0.824597	-0.859595	-0.88359	-0.866603	-0.797764	-0.675428	-0.501659	-0.288677	-0.0849139	0.0752741	0.177544	0.224798	0.230214	0.208484	0.18106	0.159891	0.171531	0.230282	0.345219	0.5166	0.727637	0.947821	
-0.692629	-0.755384	-0.809049	-0.849226	-0.866854	-0.866603	-0.827902	-0.7346	-0.582453	-0.369383	-0.141089	0.0686373	0.225067	0.320804	0.350815	0.345172	0.313186	0.271572	0.23114	0.22194	0.255029	0.340628	0.482683	0.666738	0.865547	
-0.707416	-0.762338	-0.80208	-0.822481	-0.824349	-0.797764	-0.7346	-0.618472	-0.438134	-0.204801	0.0298297	0.237043	0.387643	0.467749	0.482168	0.456047	0.401438	0.331829	0.26724	0.231799	0.241593	0.304288	0.421541	0.575501	0.751099	
-0.685255	-0.730392	-0.753667	-0.754384	-0.733324	-0.675428	-0.582453	-0.438134	-0.236254	0.000166805	0.228431	0.417932	0.551913	0.617647	0.617115	0.560342	0.47348	0.372254	0.279724	0.217145	0.205914	0.248984	0.344749	0.478626	0.637707	
-0.618377	-0.650338	-0.653045	-0.634856	-0.590142	-0.501659	-0.369383	-0.204801	0.000166805	0.226096	0.443085	0.610705	0.71921	0.759899	0.723379	0.63094	0.514379	0.393627	0.277264	0.191584	0.155356	0.17849	0.258142	0.383231	0.532981	
-0.527217	-0.538215	-0.513887	-0.472989	-0.402728	-0.288677	-0.141089	0.0298297	0.228431	0.443085	0.643519	0.7899	0.863583	0.861434	0.784146	0.661179	0.521858	0.381523	0.250697	0.15067	0.102736	0.109712	0.175175	0.290358	0.438907	
-0.425812	-0.417174	-0.371928	-0.31019	-0.213979	-0.0849139	0.0686373	0.237043	0.417932	0.610705	0.7899	0.907006	0.941737	0.903502	0.799	0.651631	0.488124	0.330853	0.193964	0.0943587	0.0437374	0.0418538	0.0983109	0.215271	0.367738	
-0.32563	-0.306203	-0.252545	-0.166446	-0.0553322	0.0752741	0.225067	0.387643	0.551913	0.71921	0.863583	0.941737	0.945205	0.878168	0.752517	0.590648	0.417108	0.255426	0.118398	0.0173746	-0.0401182	-0.0405322	0.0265713	0.157407	0.312989	
-0.227778	-0.206961	-0.147154	-0.0533904	0.053309	0.177544	0.320804	0.467749	0.617647	0.759899	0.861434	0.903502	0.878168	0.78426	0.638189	0.476234	0.30822	0.15336	0.0143519	-0.0909165	-0.147395	-0.134593	-0.0556009	0.0806924	0.242577	
-0.149323	-0.12853	-0.0687318	0.0161528	0.110845	0.224798	0.350815	0.482168	0.617115	0.723379	0.784146	0.799	0.752517	0.638189	0.487676	0.329044	0.167356	0.0126821	-0.119515	-0.214127	-0.253028	-0.233986	-0.155452	-0.0219486	0.153699	
-0.0937374	-0.0814138	-0.0338756	0.0322391	0.12047	0.230214	0.345172	0.456047	0.560342	0.63094	0.661179	0.651631	0.590648	0.476234	0.329044	0.16975	0.0105742	-0.137122	-0.255861	-0.333966	-0.361478	-0.338104	-0.25953	-0.122992	0.0594328	
-0.0571416	-0.0579407	-0.0303796	0.02153	0.102594	0.208484	0.313186	0.401438	0.47348	0.514379	0.521858	0.488124	0.417108	0.30822	0.167356	0.0105742	-0.140077	-0.273515	-0.379918	-0.449838	-0.474125	-0.444992	-0.360627	-0.216707	-0.0303128	
-0.0346574	-0.0524572	-0.0402837	0.00133074	0.0777671	0.18106	0.271572	0.331829	0.372254	0.393627	0.381523	0.330853	0.255426	0.15336	0.0126821	-0.137122	-0.273515	-0.38949	-0.487311	-0.551923	-0.575586	-0.544413	-0.455097	-0.301469	-0.112345	
-0.0175947	-0.0444611	-0.0409544	-0.00186033	0.0707494	0.159891	0.23114	0.26724	0.279724	0.277264	0.250697	0.193964	0.118398	0.0143519	-0.119515	-0.255861	-0.379918	-0.487311	-0.573646	-0.633784	-0.656407	-0.624402	-0.527676	-0.372025	-0.185942	
0.0207954	-0.0117893	-0.00808198	0.0347777	0.100484	0.171531	0.22194	0.231799	0.217145	0.191584	0.15067	0.0943587	0.0173746	-0.0909165	-0.214127	-0.333966	-0.449838	-0.551923	-0.633784	-0.692601	-0.709945	-0.670943	-0.575423	-0.42709	-0.242099	
0.0984736	0.0734333	0.0870341	0.132323	0.183427	0.230282	0.255029	0.241593	0.205914	0.155356	0.102736	0.0437374	-0.0401182	-0.147395	-0.253028	-0.361478	-0.474125	-0.575586	-0.656407	-0.709945	-0.719658	-0.681973	-0.595953	-0.450138	-0.258153	
0.232352	0.223109	0.247886	0.286989	0.320643	0.345219	0.340628	0.304288	0.248984	0.17849	0.109712	0.0418538	-0.0405322	-0.134593	-0.233986	-0.338104	-0.444992	-0.544413	-0.624402	-0.670943	-0.681973	-0.651214	-0.567671	-0.418257	-0.225019	
0.413957	0.432324	0.465466	0.4967	0.516793	0.5166	0.482683	0.421541	0.344749	0.258142	0.175175	0.0983109	0.0265713	-0.0556009	-0.155452	-0.25953	-0.360627	-0.455097	-0.527676	-0.575423	-0.595953	-0.567671	-0.479847	-0.332337	-0.142445	
0.620619	0.667913	0.710633	0.739846	0.748348	0.727637	0.666738	0.575501	0.478626	0.383231	0.290358	0.215271	0.157407	0.0806924	-0.0219486	-0.122992	-0.216707	-0.301469	-0.372025	-0.42709	-0.450138	-0.418257	-0.332337	-0.190407	-0.00169776	
0.837811	0.913722	0.965132	0.991487	0.987154	0.947821	0.865547	0.751099	0.637707	0.532981	0.438907	0.367738	0.312989	0.242577	0.153699	0.0594328	-0.0303128	-0.112345	-0.185942	-0.242099	-0.258153	-0.225019	-0.142445	-0.00169776	0.181699	
1.03597	1.13831	1.20335	1.22925	1.21238	1.15779	1.0576	0.924231	0.794662	0.683093	0.596526	0.534211	0.479382	0.41556	0.339706	0.256507	0.171712	0.0896779	0.0156127	-0.0339552	-0.0477129	-0.0180611	0.0661038	0.209521	0.390036	
1.18309	1.31846	1.40352	1.43421	1.40861	1.33563	1.21691	1.06951	0.928376	0.818447	0.747284	0.694811	0.642301	0.58365	0.519748	0.446175	0.36467	0.285043	0.222101	0.178712	0.16006	0.186189	0.271065	0.417346	0.606413	
1.28988	1.45492	1.55779	1.59075	1.55484	1.46681	1.33687	1.18255	1.03872	0.930052	0.861983	0.817166	0.775309	0.726036	0.670864	0.607306	0.528685	0.452192	0.394651	0.354054	0.33921	0.370822	0.452591	0.596121	0.792961	
1.36135	1.55129	1.66539	1.69768	1.65436	1.55528	1.41643	1.26196	1.12256	1.01334	0.939013	0.895199	0.866738	0.830303	0.781745	0.720098	0.64682	0.574323	0.516312	0.475815	0.467908	0.505523	0.588286	0.730207	0.922671	
1.38859	1.59575	1.72212	1.75657	1.70845	1.60143	1.45417	1.29677	1.16268	1.05511	0.979759	0.943247	0.926839	0.895106	0.838971	0.775823	0.713981	0.652353	0.594233	0.552936	0.542188	0.577447	0.66793	0.815338	1.00197	
1.39122	1.60206	1.73037	1.76599	1.71809	1.60974	1.45882	1.30087	1.16853	1.06308	0.988068	0.951992	0.937937	0.906794	0.849803	0.785123	0.725848	0.666048	0.609531	0.568381	0.555538	0.588563	0.681403	0.83151	1.01685	
1.3778	1.57503	1.69452	1.72718	1.68056	1.57813	1.43702	1.28105	1.14401	1.0345	0.958292	0.91788	0.895347	0.861303	0.809755	0.749098	0.680333	0.61145	0.55253	0.512503	0.504368	0.541605	0.627439	0.771142	0.96085	
1.32331	1.49937	1.60631	1.63927	1.60084	1.50792	1.37326	1.21872	1.07626	0.968321	0.898095	0.852875	0.816064	0.772377	0.721613	0.658974	0.581889	0.506381	0.449146	0.408169	0.397099	0.432298	0.513148	0.654773	0.850865	
1.22969	1.37782	1.47105	1.50287	1.47308	1.39291	1.26955	1.11848	0.974924	0.864914	0.797289	0.749428	0.70054	0.64509	0.583914	0.514741	0.434223	0.357066	0.297365	0.255257	0.236535	0.264318	0.347931	0.493626	0.687336	
1.10099	1.2162	1.28869	1.31591	1.29597	1.23477	1.12572	0.986497	0.851788	0.740766	0.660147	0.600746	0.54594	0.484588	0.414417	0.334841	0.251604	0.169342	0.0993525	0.0529839	0.0370753	0.0640833	0.14916	0.294787	0.477534	
0.921884	1.00749	1.0645	1.09018	1.0792	1.03345	0.944868	0.822166	0.702179	0.593143	0.501096	0.433613	0.378793	0.310901	0.227003	0.137703	0.0502179	-0.0317671	-0.107554	-0.161199	-0.175102	-0.142607	-0.0598072	0.0816587	0.262406	
0.707354	0.766163	0.812175	0.840542	0.844496	0.816448	0.745606	0.643919	0.53989	0.441854	0.347548	0.273836	0.21798	0.14359	0.0457252	-0.0536939	-0.145916	-0.228734	-0.299531	-0.356424	-0.376912	-0.343993	-0.260078	-0.119641	0.0674596	
0.494646	0.52495	0.561924	0.591757	0.606743	0.597097	0.553161	0.48016	0.394996	0.303223	0.215531	0.138859	0.0733353	-0.00660626	-0.10869	-0.211182	-0.310014	-0.400529	-0.471121	-0.521403	-0.545015	-0.515511	-0.427511	-0.28205	-0.0925146	
0.300292	0.301512	0.329522	0.364638	0.393013	0.408313	0.390914	0.345005	0.281099	0.204741	0.129748	0.0567672	-0.0222454	-0.110533	-0.210009	-0.313857	-0.417597	-0.515845	-0.593619	-0.639805	-0.654463	-0.625359	-0.53991	-0.390137	-0.198437	
0.145244	0.125322	0.143793	0.187693	0.231156	0.26855	0.281949	0.259953	0.216711	0.156511	0.0980811	0.0360904	-0.0479442	-0.150222	-0.252314	-0.358862	-0.469619	-0.569749	-0.650817	-0.701026	-0.71009	-0.674576	-0.591431	-0.444253	-0.250668	
0.0463651	0.014869	0.0220392	0.0659075	0.127354	0.189917	0.229773	0.229922	0.206137	0.171454	0.125272	0.0684062	-0.0118602	-0.120358	-0.236234	-0.350714	-0.465466	-0.567473	-0.648594	-0.705792	-0.719288	-0.679557	-0.588346	-0.442495	-0.254767	
-0.00612294	-0.03612	-0.0332368	0.00702751	0.0773346	0.158895	0.222245	0.247919	0.249879	0.237492	0.205333	0.148702	0.073234	-0.0333296	-0.163882	-0.292658	-0.412491	-0.51766	-0.601439	-0.660734	-0.682201	-0.647769	-0.549499	-0.395854	-0.211413	
-0.0286453	-0.0511074	-0.0432464	-0.00388093	0.0712133	0.170732	0.254169	0.304021	0.332266	0.34525	0.327315	0.272998	0.196911	0.0956521	-0.0436981	-0.189005	-0.319783	-0.430816	-0.52432	-0.586962	-0.61063	-0.579718	-0.487118	-0.330772	-0.142641	
-0.0467351	-0.0541714	-0.0337138	0.0141261	0.092327	0.197462	0.296915	0.37494	0.434322	0.465847	0.465031	0.42362	0.349992	0.243561	0.103987	-0.0501184	-0.196313	-0.322979	-0.425552	-0.492833	-0.516821	-0.486192	-0.400394	-0.252363	-0.0644224	
-0.0769506	-0.0698412	-0.0296995	0.0294882	0.115181	0.223749	0.335293	0.437246	0.527518	0.58607	0.606129	0.586898	0.521687	0.409501	0.263796	0.105254	-0.0512105	-0.193315	-0.306945	-0.38118	-0.407006	-0.380516	-0.300346	-0.161405	0.0224677	
-0.124883	-0.106099	-0.049648	0.0280087	0.119668	0.230691	0.351184	0.475393	0.599849	0.691262	0.738481	0.74295	0.690568	0.574607	0.424706	0.265813	0.105139	-0.0480188	-0.17457	-0.262228	-0.295241	-0.275069	-0.197214	-0.0633735	0.116479	
-0.193181	-0.171878	-0.11091	-0.0195474	0.0825733	0.2026	0.33962	0.480785	0.625364	0.754514	0.839112	0.868474	0.832958	0.730285	0.580753	0.420179	0.254833	0.100879	-0.0371701	-0.14023	-0.190606	-0.173593	-0.0939902	0.0411821	0.207959	
-0.285731	-0.265197	-0.20842	-0.116909	-0.00549712	0.124078	0.270849	0.427865	0.586413	0.744334	0.871752	0.935173	0.926606	0.847705	0.712984	0.550766	0.378717	0.218643	0.0805329	-0.0227316	-0.0814106	-0.077507	-0.00403479	0.130931	0.288019	
-0.385471	-0.371442	-0.321564	-0.249929	-0.145869	-0.0149872	0.138716	0.305567	0.478913	0.661568	0.828688	0.930543	0.952017	0.902652	0.789306	0.633704	0.463568	0.303737	0.166833	0.0674589	0.014065	0.0109254	0.0692087	0.192111	0.346277	
-0.487208	-0.489325	-0.455247	-0.405642	-0.325088	-0.203287	-0.0529334	0.1174	0.309741	0.517005	0.709856	0.846541	0.90413	0.884862	0.795002	0.662795	0.513577	0.36483	0.230385	0.129511	0.0811347	0.083535	0.143297	0.256359	0.407043	
