0.0686225	-0.219462	-0.462474	-0.637399	-0.732021	-0.74725	-0.685126	-0.541573	-0.323507	-0.0504131	0.249054	0.529366	0.760543	0.921609	0.992039	0.972126	0.866523	0.695661	0.489965	0.275943	0.0686315	-0.122537	-0.279698	-0.396349	-0.462779	
0.131321	-0.168126	-0.424742	-0.609832	-0.711171	-0.727393	-0.660579	-0.508485	-0.277519	0.00853272	0.314696	0.594432	0.812497	0.946361	0.98406	0.930499	0.794519	0.603395	0.39029	0.179385	-0.0162619	-0.192992	-0.336749	-0.437539	-0.485956	
0.193483	-0.118174	-0.385608	-0.581596	-0.688588	-0.705102	-0.635956	-0.473998	-0.232203	0.0658025	0.381403	0.658192	0.861224	0.966189	0.9681	0.879024	0.714774	0.512664	0.298932	0.0942482	-0.0902587	-0.258947	-0.394597	-0.48255	-0.513261	
0.248785	-0.0709406	-0.347077	-0.549745	-0.660881	-0.678318	-0.605799	-0.437992	-0.188808	0.118775	0.438757	0.711008	0.901886	0.98246	0.950659	0.833057	0.644853	0.423371	0.206214	0.00419619	-0.170884	-0.323979	-0.449394	-0.521812	-0.531244	
0.310068	-0.0151815	-0.303852	-0.519325	-0.636492	-0.655552	-0.578864	-0.399888	-0.137426	0.17829	0.502185	0.768069	0.934482	0.985171	0.920159	0.768424	0.559377	0.326773	0.107347	-0.0876411	-0.253841	-0.3895	-0.488196	-0.534192	-0.513743	
0.373734	0.0445499	-0.251929	-0.472201	-0.597209	-0.617606	-0.534197	-0.350927	-0.0804754	0.242066	0.560152	0.811066	0.951254	0.963807	0.860978	0.679292	0.453696	0.220821	0.00680003	-0.173987	-0.316854	-0.429532	-0.497556	-0.51608	-0.476248	
0.426064	0.107771	-0.181048	-0.402641	-0.527411	-0.545971	-0.465594	-0.280029	-0.0130626	0.298808	0.600894	0.825949	0.934575	0.909709	0.777036	0.575275	0.338544	0.111196	-0.087358	-0.244529	-0.358707	-0.442256	-0.482758	-0.47448	-0.423176	
0.469916	0.171489	-0.101836	-0.316555	-0.437955	-0.456326	-0.378279	-0.196495	0.056576	0.351815	0.629295	0.818764	0.893274	0.835111	0.675246	0.460808	0.226951	0.0131485	-0.165742	-0.303547	-0.390734	-0.439646	-0.455884	-0.427532	-0.369751	
0.503675	0.232645	-0.0295178	-0.235116	-0.352643	-0.372493	-0.29403	-0.119927	0.123244	0.398151	0.645233	0.805205	0.843522	0.757325	0.580125	0.360661	0.13676	-0.0667049	-0.22553	-0.342029	-0.408738	-0.431607	-0.430311	-0.394209	-0.33626	
0.522202	0.27346	0.0232153	-0.170003	-0.284643	-0.30594	-0.225659	-0.0628866	0.169743	0.426865	0.648678	0.789204	0.803656	0.701741	0.517613	0.292669	0.0730838	-0.119413	-0.267424	-0.368931	-0.422055	-0.429798	-0.408132	-0.375218	-0.33098	
0.535942	0.301854	0.0661795	-0.120751	-0.234168	-0.254278	-0.175561	-0.0167357	0.204713	0.447193	0.649008	0.765636	0.766784	0.652994	0.46357	0.244506	0.0322579	-0.151653	-0.295777	-0.384075	-0.42081	-0.418153	-0.390256	-0.362104	-0.337686	
0.537676	0.328263	0.115725	-0.0662957	-0.171765	-0.188103	-0.119824	0.0366287	0.242098	0.457181	0.638596	0.731313	0.713925	0.595335	0.408149	0.191416	-0.0122069	-0.185472	-0.318719	-0.391714	-0.415773	-0.401698	-0.372773	-0.350862	-0.348244	
0.536342	0.361578	0.173792	0.0186899	-0.0775877	-0.0946802	-0.0280219	0.106201	0.285002	0.471537	0.61425	0.682104	0.648381	0.5188	0.335744	0.124087	-0.0709736	-0.227705	-0.348001	-0.413521	-0.422237	-0.398498	-0.375433	-0.361398	-0.370599	
0.538494	0.406107	0.252171	0.124442	0.0411642	0.0252836	0.0849336	0.195975	0.344216	0.491553	0.591788	0.628241	0.57519	0.436641	0.25269	0.0484863	-0.144695	-0.299504	-0.405235	-0.456443	-0.453847	-0.420651	-0.393806	-0.387705	-0.400286	
0.542473	0.454432	0.341102	0.241989	0.177234	0.162616	0.211672	0.298736	0.408667	0.513169	0.573894	0.575598	0.501581	0.357911	0.167497	-0.038286	-0.225641	-0.378361	-0.474121	-0.512085	-0.505564	-0.460707	-0.421115	-0.413058	-0.419928	
0.547724	0.504949	0.432882	0.36116	0.314191	0.303652	0.339005	0.402801	0.477715	0.535129	0.556226	0.522875	0.423225	0.273225	0.0774886	-0.127991	-0.305474	-0.449341	-0.534623	-0.554713	-0.531975	-0.4829	-0.435311	-0.410017	-0.404285	
0.534034	0.538378	0.514211	0.476602	0.450779	0.44703	0.46384	0.498086	0.532958	0.538243	0.519628	0.457239	0.341231	0.190249	-0.00101941	-0.199742	-0.373196	-0.499786	-0.562311	-0.56345	-0.51916	-0.457718	-0.399128	-0.364047	-0.344734	
0.515209	0.558026	0.571844	0.568676	0.559176	0.557218	0.564766	0.572066	0.566573	0.535618	0.475381	0.382623	0.259884	0.103033	-0.0736143	-0.250202	-0.402554	-0.495317	-0.533207	-0.513121	-0.453243	-0.377867	-0.303923	-0.257494	-0.225603	
0.475425	0.549324	0.598119	0.624414	0.631852	0.632543	0.62863	0.611462	0.571508	0.508224	0.418458	0.310427	0.189297	0.0451694	-0.107572	-0.256878	-0.375642	-0.437971	-0.444938	-0.395793	-0.323362	-0.245179	-0.165359	-0.102983	-0.0605357	
0.42385	0.520183	0.596215	0.643806	0.667266	0.67097	0.655707	0.618335	0.553344	0.464792	0.360305	0.252518	0.141804	0.0259043	-0.0941123	-0.208596	-0.290439	-0.320752	-0.294768	-0.234314	-0.151187	-0.063853	0.0118722	0.0825934	0.137632	
0.39434	0.499195	0.590406	0.64687	0.67825	0.684965	0.66148	0.617417	0.538768	0.43667	0.328799	0.218339	0.122312	0.0336288	-0.0546622	-0.121555	-0.163849	-0.160963	-0.108082	-0.0398346	0.0474605	0.138039	0.221097	0.297315	0.356978	
0.385862	0.501087	0.607466	0.682257	0.723577	0.73186	0.701932	0.641619	0.546353	0.431419	0.317349	0.211049	0.132017	0.0697662	0.0126954	-0.0157442	-0.0222229	0.0078042	0.0832114	0.166196	0.252464	0.333553	0.417115	0.498122	0.560833	
0.428558	0.561623	0.682842	0.772093	0.823634	0.832372	0.797402	0.722945	0.612671	0.481702	0.353677	0.244231	0.165015	0.117888	0.0913117	0.0889133	0.115295	0.171162	0.250964	0.335309	0.419177	0.49798	0.57453	0.650442	0.713698	
0.532387	0.684758	0.825559	0.930325	0.991839	1.00327	0.960285	0.872398	0.744454	0.592558	0.445418	0.319409	0.230833	0.185279	0.173925	0.192502	0.23902	0.30729	0.384635	0.461503	0.529041	0.592647	0.657684	0.716437	0.765557	
0.682885	0.859566	1.01963	1.14966	1.22199	1.23354	1.18641	1.07615	0.926443	0.754245	0.57861	0.436355	0.335382	0.279787	0.275311	0.300898	0.351413	0.415402	0.477487	0.534214	0.571546	0.601983	0.636862	0.674504	0.701659	
0.872777	1.07165	1.25019	1.39333	1.47485	1.48701	1.43482	1.31325	1.14581	0.954153	0.754488	0.587734	0.463704	0.394044	0.38814	0.407977	0.454173	0.503158	0.526837	0.544908	0.54501	0.540204	0.536681	0.536456	0.538496	
1.07165	1.28854	1.4848	1.63895	1.72863	1.74332	1.68377	1.55274	1.37037	1.15985	0.94066	0.749282	0.603698	0.517141	0.496678	0.509101	0.538841	0.558183	0.547688	0.521128	0.474486	0.42506	0.378719	0.340011	0.312725	
1.25019	1.4848	1.69416	1.86007	1.95668	1.97266	1.90823	1.76691	1.57261	1.34572	1.10868	0.89812	0.732543	0.628936	0.591969	0.592949	0.600227	0.585778	0.540943	0.467809	0.378136	0.287303	0.202579	0.137367	0.0846879	
1.39333	1.63895	1.86007	2.02844	2.12944	2.14689	2.07788	1.93543	1.73178	1.49263	1.24591	1.01195	0.827024	0.710782	0.655493	0.6445	0.635413	0.596481	0.517523	0.40815	0.290189	0.170369	0.059056	-0.0358123	-0.101211	
1.47485	1.72863	1.95668	2.12944	2.2335	2.25232	2.17991	2.03345	1.82482	1.57709	1.3224	1.07791	0.882626	0.756837	0.689861	0.672754	0.650162	0.592369	0.49894	0.369577	0.232573	0.0941174	-0.0325293	-0.137633	-0.212465	
1.48701	1.74332	1.97266	2.14689	2.25232	2.27207	2.19801	2.04994	1.84102	1.58989	1.33436	1.08998	0.891888	0.765162	0.696182	0.677746	0.652462	0.591159	0.497281	0.361754	0.219568	0.0787818	-0.0498996	-0.153784	-0.23128	
1.43482	1.68377	1.90823	2.07788	2.17991	2.19801	2.12751	1.98429	1.77821	1.535	1.28531	1.04437	0.853937	0.733855	0.671814	0.658125	0.643244	0.595385	0.508557	0.389342	0.26305	0.134409	0.0152317	-0.0869717	-0.156056	
1.31325	1.55274	1.76691	1.93543	2.03345	2.04994	1.98429	1.84099	1.64269	1.41092	1.16829	0.948688	0.775292	0.665481	0.621999	0.617513	0.617385	0.592107	0.531168	0.443045	0.340844	0.236313	0.139632	0.0620447	0.00296939	
1.14581	1.37037	1.57261	1.73178	1.82482	1.84102	1.77821	1.64269	1.45567	1.23674	1.01079	0.812169	0.657716	0.564726	0.537452	0.545442	0.56626	0.572113	0.549419	0.50257	0.436051	0.369451	0.306994	0.257639	0.21931	
0.954153	1.15985	1.34572	1.49263	1.57709	1.58989	1.535	1.41092	1.23674	1.038	0.83064	0.651594	0.519172	0.443473	0.431779	0.450027	0.491236	0.528352	0.537478	0.53887	0.521847	0.500412	0.479093	0.461531	0.452412	
0.754488	0.94066	1.10868	1.24591	1.3224	1.33436	1.28531	1.16829	1.01079	0.83064	0.643827	0.494105	0.384879	0.323192	0.321108	0.344068	0.393888	0.454447	0.501867	0.544918	0.567414	0.584261	0.604454	0.629234	0.646955	
0.587734	0.749282	0.89812	1.01195	1.07791	1.08998	1.04437	0.948688	0.812169	0.651594	0.494105	0.36105	0.268371	0.219913	0.211673	0.235515	0.284783	0.352926	0.427458	0.498366	0.554765	0.606367	0.661332	0.712559	0.754057	
0.463704	0.603698	0.732543	0.827024	0.882626	0.891888	0.853937	0.775292	0.657716	0.519172	0.384879	0.268371	0.18644	0.142158	0.122559	0.130581	0.167235	0.229447	0.308466	0.390391	0.471004	0.546153	0.61948	0.688964	0.747629	
0.394044	0.517141	0.628936	0.710782	0.756837	0.765162	0.733855	0.665481	0.564726	0.443473	0.323192	0.219913	0.142158	0.0873672	0.0447929	0.0262825	0.0333854	0.0750079	0.154866	0.239819	0.325261	0.404745	0.485578	0.567101	0.631126	
0.38814	0.496678	0.591969	0.655493	0.689861	0.696182	0.671814	0.621999	0.537452	0.431779	0.321108	0.211673	0.122559	0.0447929	-0.0307621	-0.0806967	-0.10706	-0.0934849	-0.0312911	0.044007	0.131534	0.218539	0.303465	0.381653	0.442113	
0.407977	0.509101	0.592949	0.6445	0.672754	0.677746	0.658125	0.617513	0.545442	0.450027	0.344068	0.235515	0.130581	0.0262825	-0.0806967	-0.177091	-0.243269	-0.259615	-0.222512	-0.159886	-0.0745768	0.0155207	0.0941127	0.166472	0.223758	
0.454173	0.538841	0.600227	0.635413	0.650162	0.652462	0.643244	0.617385	0.56626	0.491236	0.393888	0.284783	0.167235	0.0333854	-0.10706	-0.243269	-0.348388	-0.398686	-0.391337	-0.335399	-0.258058	-0.176755	-0.099571	-0.0330383	0.0155256	
0.503158	0.558183	0.585778	0.596481	0.592369	0.591159	0.595385	0.592107	0.572113	0.528352	0.454447	0.352926	0.229447	0.0750079	-0.0934849	-0.259615	-0.398686	-0.478316	-0.505403	-0.473669	-0.408328	-0.331507	-0.2533	-0.199963	-0.16418	
0.526837	0.547688	0.540943	0.517523	0.49894	0.497281	0.508557	0.531168	0.549419	0.537478	0.501867	0.427458	0.308466	0.154866	-0.0312911	-0.222512	-0.391337	-0.505403	-0.55786	-0.5514	-0.500136	-0.432541	-0.36726	-0.32876	-0.304723	
0.544908	0.521128	0.467809	0.40815	0.369577	0.361754	0.389342	0.443045	0.50257	0.53887	0.544918	0.498366	0.390391	0.239819	0.044007	-0.159886	-0.335399	-0.473669	-0.5514	-0.563674	-0.531732	-0.478673	-0.42809	-0.397962	-0.386113	
0.54501	0.474486	0.378136	0.290189	0.232573	0.219568	0.26305	0.340844	0.436051	0.521847	0.567414	0.554765	0.471004	0.325261	0.131534	-0.0745768	-0.258058	-0.408328	-0.500136	-0.531732	-0.520728	-0.474418	-0.43099	-0.416223	-0.418509	
0.540204	0.42506	0.287303	0.170369	0.0941174	0.0787818	0.134409	0.236313	0.369451	0.500412	0.584261	0.606367	0.546153	0.404745	0.218539	0.0155207	-0.176755	-0.331507	-0.432541	-0.478673	-0.474418	-0.435759	-0.403473	-0.398824	-0.410992	
0.536681	0.378719	0.202579	0.059056	-0.0325293	-0.0498996	0.0152317	0.139632	0.306994	0.479093	0.604454	0.661332	0.61948	0.485578	0.303465	0.0941127	-0.099571	-0.2533	-0.36726	-0.42809	-0.43099	-0.403473	-0.382198	-0.371116	-0.381649	
0.536456	0.340011	0.137367	-0.0358123	-0.137633	-0.153784	-0.0869717	0.0620447	0.257639	0.461531	0.629234	0.712559	0.688964	0.567101	0.381653	0.166472	-0.0330383	-0.199963	-0.32876	-0.397962	-0.416223	-0.398824	-0.371116	-0.351759	-0.355811	
0.538496	0.312725	0.0846879	-0.101211	-0.212465	-0.23128	-0.156056	0.00296939	0.21931	0.452412	0.646955	0.754057	0.747629	0.631126	0.442113	0.223758	0.0155256	-0.16418	-0.304723	-0.386113	-0.418509	-0.410992	-0.381649	-0.355811	-0.340537	
