0.0643735	0.150691	0.216292	0.27193	0.307642	0.314152	0.289397	0.239694	0.178298	0.102578	-0.00328247	-0.131597	-0.272662	-0.420289	-0.560861	-0.676434	-0.759862	-0.797098	-0.777457	-0.696693	-0.565709	-0.404048	-0.246731	-0.0975784	0.0433192	
0.223929	0.314758	0.381041	0.430999	0.463351	0.469671	0.446038	0.403151	0.343241	0.265334	0.14955	0.00329368	-0.166741	-0.350349	-0.526075	-0.672615	-0.786602	-0.855319	-0.86439	-0.808725	-0.696536	-0.546889	-0.385351	-0.228357	-0.0801422	
0.425775	0.522289	0.589612	0.637356	0.666862	0.672347	0.651206	0.610957	0.552121	0.469032	0.347522	0.180857	-0.0207311	-0.244575	-0.455498	-0.640755	-0.794479	-0.899323	-0.935289	-0.903323	-0.818879	-0.694636	-0.543321	-0.3827	-0.228174	
0.649932	0.754166	0.824337	0.880161	0.921134	0.929551	0.899612	0.847892	0.785157	0.696396	0.5656	0.379805	0.149697	-0.102392	-0.343397	-0.565238	-0.755145	-0.90093	-0.977968	-0.979836	-0.926282	-0.828502	-0.693573	-0.538214	-0.37854	
0.883079	1.00119	1.08248	1.1454	1.19384	1.20368	1.1679	1.10887	1.03758	0.934889	0.791727	0.589862	0.338385	0.0654547	-0.197824	-0.440768	-0.657313	-0.84292	-0.967273	-1.01703	-1.00243	-0.931782	-0.812978	-0.668069	-0.519237	
1.10867	1.24282	1.33267	1.39125	1.43216	1.43942	1.41013	1.3584	1.28348	1.16763	1.0067	0.796724	0.538971	0.264298	-0.00943166	-0.268726	-0.506809	-0.724004	-0.889231	-0.988273	-1.02125	-0.987619	-0.894048	-0.765221	-0.6256	
1.31342	1.45163	1.53488	1.58186	1.61193	1.618	1.59595	1.55631	1.491	1.37534	1.20689	0.996477	0.749583	0.486071	0.211608	-0.0608597	-0.31408	-0.552381	-0.749198	-0.887502	-0.966532	-0.975523	-0.917536	-0.817449	-0.691235	
1.46746	1.59671	1.67527	1.71369	1.73525	1.74081	1.72346	1.69377	1.63463	1.52513	1.36775	1.16914	0.944608	0.699493	0.440155	0.174109	-0.088715	-0.342459	-0.564722	-0.734478	-0.850843	-0.900091	-0.880723	-0.816831	-0.723126	
1.54234	1.65906	1.73683	1.77173	1.78909	1.79332	1.77936	1.75442	1.69536	1.59427	1.45202	1.27997	1.08508	0.877764	0.647488	0.400227	0.136211	-0.11988	-0.350396	-0.538885	-0.67745	-0.7572	-0.777689	-0.762409	-0.71635	
1.53213	1.63492	1.7059	1.7459	1.77006	1.77417	1.75775	1.72459	1.66791	1.57678	1.45767	1.31557	1.15711	0.987056	0.79482	0.569995	0.319086	0.0750777	-0.142523	-0.325061	-0.471818	-0.574296	-0.638937	-0.674534	-0.68366	
1.4387	1.52366	1.5914	1.64195	1.67585	1.68232	1.65838	1.61331	1.55311	1.47403	1.38075	1.27157	1.14402	1.003	0.843014	0.649181	0.434386	0.2217	0.0396613	-0.121075	-0.266515	-0.385491	-0.48759	-0.571503	-0.632016	
1.26483	1.33964	1.40631	1.46129	1.49663	1.50244	1.47885	1.43024	1.36689	1.29548	1.21876	1.13515	1.03607	0.921452	0.79037	0.634722	0.469839	0.30906	0.169839	0.0416413	-0.0906275	-0.212945	-0.332225	-0.453673	-0.561761	
1.04539	1.11164	1.17248	1.21815	1.24909	1.25606	1.23251	1.19241	1.13727	1.07238	1.00428	0.935054	0.856262	0.767103	0.657968	0.541022	0.42176	0.306845	0.216615	0.134733	0.0381343	-0.0671931	-0.188379	-0.325208	-0.466797	
0.806389	0.867895	0.918155	0.954032	0.984134	0.990984	0.967195	0.933271	0.889948	0.831799	0.766837	0.706348	0.642399	0.565641	0.473974	0.38431	0.300274	0.232529	0.188352	0.157007	0.109979	0.0375735	-0.0629171	-0.197418	-0.35957	
0.570381	0.629273	0.67637	0.709699	0.738196	0.744791	0.721993	0.690323	0.65075	0.59446	0.533057	0.478044	0.416051	0.340294	0.260005	0.195464	0.147093	0.1148	0.110152	0.127714	0.132573	0.105216	0.0379439	-0.0803362	-0.242606	
0.369067	0.423457	0.463389	0.497868	0.527119	0.532954	0.510947	0.477075	0.441248	0.392057	0.332532	0.273265	0.204663	0.125502	0.0528675	0.0050335	-0.0164527	-0.0207127	0.00768216	0.0661857	0.118559	0.143099	0.12221	0.0406736	-0.108909	
0.221359	0.270541	0.304678	0.339187	0.371207	0.377667	0.353646	0.317875	0.284842	0.243906	0.184606	0.119766	0.041527	-0.0432006	-0.119529	-0.165247	-0.172707	-0.150192	-0.0924319	-0.00676196	0.0830737	0.156344	0.189597	0.155014	0.0401148	
0.132005	0.179757	0.220586	0.256063	0.287557	0.29457	0.269942	0.234918	0.197119	0.152192	0.0981631	0.0307014	-0.0614762	-0.161823	-0.247788	-0.295158	-0.298221	-0.255849	-0.173469	-0.0620692	0.0606234	0.174647	0.25311	0.267973	0.196773	
0.116079	0.16871	0.215027	0.252118	0.28253	0.289321	0.264907	0.231036	0.188724	0.137034	0.0784747	-0.00444068	-0.112952	-0.228964	-0.322731	-0.378987	-0.383014	-0.324951	-0.219729	-0.081691	0.0714066	0.218562	0.33902	0.402453	0.378465	
0.180486	0.247551	0.296031	0.329718	0.350698	0.354365	0.339727	0.311302	0.268681	0.210098	0.128044	0.0160743	-0.112639	-0.241984	-0.34699	-0.410423	-0.407819	-0.341836	-0.228722	-0.074994	0.102242	0.281227	0.442907	0.548114	0.577069	
0.305118	0.389686	0.444891	0.472935	0.475951	0.474647	0.476801	0.459095	0.414504	0.343758	0.237906	0.0951882	-0.0602714	-0.204439	-0.314806	-0.37395	-0.367501	-0.309334	-0.20104	-0.043555	0.147931	0.356681	0.547299	0.690705	0.763786	
0.458188	0.554858	0.612264	0.634055	0.627649	0.624358	0.633555	0.625313	0.582283	0.502561	0.37951	0.217194	0.0391266	-0.116092	-0.224581	-0.280972	-0.284024	-0.235288	-0.130563	0.0215541	0.219354	0.442938	0.652598	0.820706	0.925849	
0.604119	0.708222	0.767281	0.784237	0.781017	0.779981	0.783884	0.778135	0.737873	0.65068	0.521929	0.358158	0.182265	0.0243735	-0.0890321	-0.152662	-0.168612	-0.130748	-0.0424199	0.0992715	0.298176	0.524177	0.741749	0.930834	1.06134	
0.743761	0.838864	0.894994	0.912088	0.906066	0.904144	0.910662	0.906137	0.865995	0.786412	0.667654	0.515456	0.35115	0.200125	0.0724001	-0.0137548	-0.0476292	-0.0262046	0.0461695	0.176223	0.36828	0.591434	0.817159	1.02634	1.18334	
0.873264	0.953708	1.00972	1.03387	1.02484	1.02018	1.0327	1.02426	0.978709	0.909155	0.808518	0.669756	0.518217	0.374851	0.236163	0.119724	0.0558178	0.0561556	0.117387	0.242439	0.424804	0.645619	0.884173	1.10851	1.28748	
0.980956	1.06089	1.1189	1.15059	1.1509	1.14825	1.15321	1.13577	1.08633	1.01595	0.919689	0.797317	0.660213	0.518612	0.365266	0.224784	0.132894	0.116066	0.17799	0.302901	0.484266	0.709659	0.951412	1.18052	1.37713	
1.06089	1.15309	1.22098	1.26171	1.27814	1.28047	1.27064	1.24041	1.18367	1.10019	0.997557	0.8856	0.762813	0.619238	0.455222	0.299252	0.189906	0.164971	0.22666	0.354784	0.541389	0.770894	1.01464	1.25222	1.45738	
1.1189	1.22098	1.30527	1.35975	1.38135	1.38452	1.37192	1.33077	1.25727	1.16125	1.05409	0.941402	0.821583	0.676993	0.511813	0.35055	0.237065	0.208003	0.262633	0.391217	0.586749	0.819091	1.07116	1.31681	1.52521	
1.15059	1.26171	1.35975	1.42667	1.45198	1.45433	1.44107	1.39169	1.30351	1.1958	1.0812	0.96093	0.838189	0.696295	0.537149	0.381465	0.273871	0.244235	0.297026	0.426738	0.62019	0.85321	1.11199	1.37005	1.57867	
1.1509	1.27814	1.38135	1.45198	1.48517	1.48895	1.46922	1.41467	1.32297	1.20301	1.07442	0.952841	0.834213	0.690703	0.535446	0.394606	0.301981	0.275978	0.32861	0.456929	0.648686	0.882006	1.14236	1.40349	1.61469	
1.14825	1.28047	1.38452	1.45433	1.48895	1.4934	1.47214	1.41706	1.32563	1.20222	1.07011	0.949517	0.833046	0.687717	0.532688	0.396137	0.307968	0.282841	0.334764	0.462355	0.654955	0.888833	1.14973	1.40918	1.62092	
1.15321	1.27064	1.37192	1.44107	1.46922	1.47214	1.45658	1.40478	1.3142	1.20114	1.08123	0.959278	0.837609	0.695628	0.538826	0.389129	0.286331	0.257528	0.311431	0.440683	0.632544	0.865746	1.12537	1.38688	1.5961	
1.13577	1.24041	1.33077	1.39169	1.41467	1.41706	1.40478	1.35953	1.27889	1.17907	1.06951	0.953991	0.832225	0.689105	0.52565	0.364977	0.2531	0.223066	0.276357	0.404892	0.600476	0.833478	1.08916	1.33985	1.54851	
1.08633	1.18367	1.25727	1.30351	1.32297	1.32563	1.3142	1.27889	1.21618	1.12724	1.0225	0.911808	0.792123	0.647192	0.481692	0.321638	0.210245	0.183529	0.241605	0.370532	0.561773	0.792755	1.0387	1.27878	1.48591	
1.01595	1.10019	1.16125	1.1958	1.20301	1.20222	1.20114	1.17907	1.12724	1.0525	0.953845	0.837025	0.705957	0.564453	0.406237	0.258247	0.156569	0.135761	0.199897	0.32575	0.507922	0.734986	0.977071	1.20964	1.41044	
0.919689	0.997557	1.05409	1.0812	1.07442	1.07011	1.08123	1.06951	1.0225	0.953845	0.857462	0.725569	0.579649	0.437026	0.292851	0.165934	0.0894699	0.0823127	0.14204	0.266333	0.447708	0.67043	0.911082	1.13771	1.3238	
0.797317	0.8856	0.941402	0.96093	0.952841	0.949517	0.959278	0.953991	0.911808	0.837025	0.725569	0.578643	0.419542	0.272517	0.13945	0.0414096	-0.00356115	0.0102616	0.0773137	0.204028	0.392127	0.614044	0.844792	1.06057	1.2275	
0.660213	0.762813	0.821583	0.838189	0.834213	0.833046	0.837609	0.832225	0.792123	0.705957	0.579649	0.419542	0.247981	0.0922757	-0.026247	-0.0975271	-0.119593	-0.0875077	-0.00622011	0.131819	0.327771	0.552824	0.772541	0.970637	1.11223	
0.518612	0.619238	0.676993	0.696295	0.690703	0.687717	0.695628	0.689105	0.647192	0.564453	0.437026	0.272517	0.0922757	-0.0659617	-0.175635	-0.232712	-0.240644	-0.195089	-0.0963325	0.0515519	0.250644	0.476591	0.691161	0.866719	0.982124	
0.365266	0.455222	0.511813	0.537149	0.535446	0.532688	0.538826	0.52565	0.481692	0.406237	0.292851	0.13945	-0.026247	-0.175635	-0.28494	-0.341675	-0.338389	-0.284028	-0.176985	-0.0204524	0.173734	0.390226	0.589562	0.745826	0.832907	
0.224784	0.299252	0.35055	0.381465	0.394606	0.396137	0.389129	0.364977	0.321638	0.258247	0.165934	0.0414096	-0.0975271	-0.232712	-0.341675	-0.404217	-0.398998	-0.334075	-0.222903	-0.0668512	0.118344	0.310898	0.484658	0.605644	0.65355	
0.132894	0.189906	0.237065	0.273871	0.301981	0.307968	0.286331	0.2531	0.210245	0.156569	0.0894699	-0.00356115	-0.119593	-0.240644	-0.338389	-0.398998	-0.401125	-0.337859	-0.227369	-0.0812711	0.0820223	0.241203	0.37977	0.4608	0.458442	
0.116066	0.164971	0.208003	0.244235	0.275978	0.282841	0.257528	0.223066	0.183529	0.135761	0.0823127	0.0102616	-0.0875077	-0.195089	-0.284028	-0.334075	-0.337859	-0.289064	-0.196124	-0.0738917	0.0610109	0.189399	0.284087	0.31919	0.265798	
0.17799	0.22666	0.262633	0.297026	0.32861	0.334764	0.311431	0.276357	0.241605	0.199897	0.14204	0.0773137	-0.00622011	-0.0963325	-0.176985	-0.222903	-0.227369	-0.196124	-0.128373	-0.033203	0.070422	0.161635	0.213657	0.198446	0.100387	
0.302901	0.354784	0.391217	0.426738	0.456929	0.462355	0.440683	0.404892	0.370532	0.32575	0.266333	0.204028	0.131819	0.0515519	-0.0204524	-0.0668512	-0.0812711	-0.0738917	-0.033203	0.0375174	0.105427	0.150182	0.151147	0.0883674	-0.0493627	
0.484266	0.541389	0.586749	0.62019	0.648686	0.654955	0.632544	0.600476	0.561773	0.507922	0.447708	0.392127	0.327771	0.250644	0.173734	0.118344	0.0820223	0.0610109	0.070422	0.105427	0.130944	0.124364	0.0735646	-0.0324896	-0.192082	
0.709659	0.770894	0.819091	0.85321	0.882006	0.888833	0.865746	0.833478	0.792755	0.734986	0.67043	0.614044	0.552824	0.476591	0.390226	0.310898	0.241203	0.189399	0.161635	0.150182	0.124364	0.0685062	-0.0199932	-0.150293	-0.314272	
0.951412	1.01464	1.07116	1.11199	1.14236	1.14973	1.12537	1.08916	1.0387	0.977071	0.911082	0.844792	0.772541	0.691161	0.589562	0.484658	0.37977	0.284087	0.213657	0.151147	0.0735646	-0.0199932	-0.135329	-0.273066	-0.424808	
1.18052	1.25222	1.31681	1.37005	1.40349	1.40918	1.38688	1.33985	1.27878	1.20964	1.13771	1.06057	0.970637	0.866719	0.745826	0.605644	0.4608	0.31919	0.198446	0.0883674	-0.0324896	-0.150293	-0.273066	-0.403039	-0.526211	
1.37713	1.45738	1.52521	1.57867	1.61469	1.62092	1.5961	1.54851	1.48591	1.41044	1.3238	1.2275	1.11223	0.982124	0.832907	0.65355	0.458442	0.265798	0.100387	-0.0493627	-0.192082	-0.314272	-0.424808	-0.526211	-0.607048	
