0.325041	0.591386	0.838515	1.02304	1.12017	1.13628	1.0721	0.92208	0.695268	0.431129	0.170692	-0.0639525	-0.258133	-0.396958	-0.467708	-0.472721	-0.423597	-0.335022	-0.233826	-0.148689	-0.106362	-0.105191	-0.13993	-0.204432	-0.302681	
0.412975	0.668242	0.900416	1.07292	1.1585	1.17222	1.11709	0.97932	0.765013	0.516051	0.261803	0.0244587	-0.186571	-0.349594	-0.444929	-0.467664	-0.431924	-0.357552	-0.268404	-0.186999	-0.149448	-0.152524	-0.184793	-0.240482	-0.335925	
0.506384	0.747	0.962273	1.11587	1.19217	1.20342	1.15551	1.03349	0.837215	0.604391	0.360193	0.120779	-0.101043	-0.283256	-0.401253	-0.44391	-0.428772	-0.376333	-0.306464	-0.235961	-0.195945	-0.193512	-0.221207	-0.276625	-0.372394	
0.586467	0.812774	1.01243	1.15677	1.22947	1.24034	1.19435	1.07792	0.897881	0.678078	0.447877	0.216985	-0.00791161	-0.197837	-0.329531	-0.394641	-0.408956	-0.388194	-0.337699	-0.281147	-0.240036	-0.232999	-0.259482	-0.318202	-0.425834	
0.640432	0.853472	1.04283	1.18153	1.25482	1.26796	1.21769	1.10565	0.933543	0.726119	0.512055	0.296953	0.081183	-0.111327	-0.252878	-0.339808	-0.388826	-0.401397	-0.377715	-0.332614	-0.289295	-0.277348	-0.305033	-0.374725	-0.491107	
0.662459	0.864798	1.04422	1.17799	1.25341	1.26627	1.21524	1.10479	0.940225	0.744403	0.541541	0.341769	0.142033	-0.0432462	-0.187652	-0.293542	-0.367844	-0.408135	-0.414726	-0.391387	-0.356226	-0.340167	-0.368427	-0.444713	-0.556461	
0.649201	0.834002	0.992785	1.11785	1.18628	1.19685	1.15264	1.04828	0.901097	0.724615	0.536088	0.349562	0.165728	-0.0034335	-0.146617	-0.264659	-0.359703	-0.424833	-0.452976	-0.457536	-0.439633	-0.425142	-0.446369	-0.513556	-0.614621	
0.589711	0.746031	0.879259	0.988951	1.04579	1.05395	1.01878	0.927434	0.802092	0.654637	0.490015	0.323496	0.164255	0.017082	-0.120612	-0.239598	-0.348719	-0.435567	-0.48693	-0.513806	-0.515935	-0.509887	-0.526739	-0.578272	-0.66183	
0.489007	0.604006	0.706666	0.797263	0.844822	0.852412	0.822266	0.745855	0.646102	0.537564	0.409653	0.274778	0.15508	0.0346183	-0.0918352	-0.209001	-0.324326	-0.424951	-0.497608	-0.546834	-0.56534	-0.569136	-0.585075	-0.625453	-0.689904	
0.355331	0.428342	0.497032	0.569629	0.611861	0.618597	0.591372	0.527128	0.454673	0.387033	0.300509	0.208921	0.130899	0.0455205	-0.055486	-0.164236	-0.278359	-0.38471	-0.472253	-0.541272	-0.584583	-0.599458	-0.616238	-0.652852	-0.702098	
0.21457	0.253758	0.294863	0.34321	0.37755	0.38325	0.359569	0.314659	0.26807	0.232186	0.183912	0.134761	0.0977889	0.0477503	-0.0195312	-0.103513	-0.207601	-0.312964	-0.409215	-0.495682	-0.563278	-0.599631	-0.628223	-0.662047	-0.694495	
0.10088	0.11719	0.131887	0.154976	0.176329	0.180164	0.164834	0.140222	0.122245	0.109028	0.0863869	0.0720557	0.0670932	0.0508703	0.0157049	-0.0429642	-0.122415	-0.215063	-0.31405	-0.415105	-0.503799	-0.564773	-0.614071	-0.651257	-0.67132	
0.0359265	0.0352708	0.0318541	0.037788	0.0502127	0.0530223	0.042466	0.0329699	0.0330144	0.0367356	0.0331103	0.0361053	0.0517519	0.064429	0.0586207	0.025385	-0.0306963	-0.101806	-0.193998	-0.305868	-0.409788	-0.494538	-0.567835	-0.61848	-0.640712	
0.0295545	0.0167467	0.00856898	0.00649208	0.0108699	0.0123315	0.00775175	0.00712665	0.0129914	0.0244431	0.0353972	0.0502717	0.0775695	0.106815	0.122676	0.11043	0.071899	0.0135776	-0.0713132	-0.178476	-0.289692	-0.395137	-0.49186	-0.565411	-0.604634	
0.0847205	0.0743025	0.0655393	0.0596015	0.0549226	0.0541137	0.0572746	0.0632284	0.0698174	0.0802946	0.0946885	0.122471	0.162066	0.200616	0.219592	0.215629	0.191118	0.139328	0.0549029	-0.0474175	-0.160798	-0.283754	-0.402476	-0.500481	-0.564998	
0.209201	0.201861	0.194162	0.187291	0.182493	0.181508	0.185249	0.19112	0.199225	0.205285	0.219972	0.250831	0.297463	0.341138	0.354013	0.344142	0.322409	0.2747	0.189268	0.078853	-0.0408783	-0.170213	-0.300706	-0.415444	-0.501381	
0.389039	0.380347	0.372618	0.370852	0.372242	0.373488	0.370526	0.371634	0.37723	0.384275	0.401557	0.431027	0.466766	0.502446	0.512244	0.496472	0.459161	0.405809	0.317232	0.19862	0.0683861	-0.0624923	-0.188271	-0.310156	-0.413457	
0.585361	0.577974	0.57429	0.578706	0.585855	0.588362	0.581576	0.575095	0.576571	0.580187	0.600167	0.63164	0.654539	0.672937	0.675151	0.652766	0.596945	0.519629	0.420416	0.298648	0.162687	0.0318992	-0.0879017	-0.207309	-0.316621	
0.771789	0.761813	0.759054	0.765125	0.773674	0.776959	0.768816	0.760367	0.759928	0.765589	0.788449	0.821239	0.844937	0.849935	0.83143	0.791157	0.714971	0.614887	0.493047	0.360621	0.227691	0.0985314	-0.0147497	-0.118871	-0.216589	
0.932881	0.909555	0.899826	0.909759	0.918439	0.920716	0.9137	0.902449	0.903194	0.922394	0.951481	0.982534	1.00352	1.00585	0.971827	0.905892	0.808797	0.689357	0.54384	0.394458	0.257172	0.139807	0.0400133	-0.0426727	-0.11506	
1.0458	1.00912	0.994049	1.00549	1.01273	1.0128	1.00928	0.997309	0.99944	1.02991	1.06706	1.09138	1.10567	1.10484	1.07071	0.993429	0.873635	0.731479	0.574376	0.412433	0.269586	0.157954	0.0747824	0.0145078	-0.0319635	
1.09159	1.05803	1.04367	1.04934	1.05083	1.05055	1.05091	1.04515	1.04886	1.07737	1.11064	1.13598	1.15318	1.1511	1.11985	1.0442	0.909916	0.744319	0.576062	0.412755	0.262616	0.148794	0.0806237	0.0464383	0.0288598	
1.07714	1.05602	1.04316	1.04046	1.038	1.03733	1.04025	1.04132	1.04869	1.0691	1.09208	1.12614	1.15977	1.1639	1.13209	1.0554	0.918329	0.737832	0.552793	0.381376	0.229305	0.118807	0.064997	0.0583063	0.0730264	
1.03031	1.01171	0.999398	0.994061	0.99131	0.990467	0.993239	0.996358	1.00617	1.02299	1.04337	1.08102	1.12958	1.1483	1.1227	1.04162	0.902342	0.719604	0.523097	0.334621	0.183577	0.0837651	0.0422799	0.0547167	0.098696	
0.980552	0.955754	0.940073	0.932553	0.925034	0.92255	0.929257	0.936949	0.947697	0.970185	0.996405	1.03599	1.08737	1.12014	1.10403	1.01817	0.871226	0.690183	0.492602	0.297931	0.146292	0.0586128	0.0287116	0.0545394	0.126684	
0.941686	0.908109	0.884931	0.867761	0.848457	0.84321	0.860183	0.878738	0.897336	0.92726	0.964182	1.00984	1.06038	1.09121	1.07261	0.985085	0.840091	0.661588	0.468059	0.276435	0.125942	0.0440263	0.0263428	0.0674397	0.164723	
0.908109	0.868263	0.834609	0.806978	0.785248	0.780516	0.797045	0.823004	0.853595	0.891213	0.935873	0.988835	1.04186	1.06367	1.03515	0.955486	0.82554	0.654726	0.459857	0.268021	0.117484	0.0305599	0.0196722	0.077156	0.193142	
0.884931	0.834609	0.784517	0.753921	0.744197	0.74399	0.747822	0.769257	0.813702	0.865524	0.916619	0.976065	1.02919	1.0504	1.01873	0.942799	0.821169	0.652802	0.452007	0.261293	0.109459	0.0219539	0.0126161	0.0836747	0.223417	
0.867761	0.806978	0.753921	0.730929	0.734662	0.737721	0.730649	0.740258	0.783743	0.84311	0.906681	0.970081	1.0253	1.05204	1.02844	0.954611	0.828509	0.65777	0.453232	0.255172	0.10359	0.0174218	0.0147207	0.0985052	0.26116	
0.848457	0.785248	0.744197	0.734662	0.740109	0.742973	0.735864	0.737121	0.765312	0.820656	0.89463	0.967206	1.02129	1.05172	1.03437	0.963611	0.836303	0.666047	0.457903	0.252794	0.0961816	0.0180397	0.024325	0.115746	0.289799	
0.84321	0.780516	0.74399	0.737721	0.742973	0.744644	0.738733	0.738928	0.762484	0.814978	0.890865	0.966014	1.02062	1.05087	1.03465	0.964827	0.838877	0.669293	0.459875	0.252479	0.0949271	0.0185652	0.0270394	0.118798	0.294777	
0.860183	0.797045	0.747822	0.730649	0.735864	0.738733	0.730838	0.737167	0.775185	0.833425	0.901862	0.968938	1.02441	1.05273	1.03178	0.958835	0.831775	0.661326	0.454821	0.253284	0.100473	0.0174373	0.0182624	0.105979	0.274861	
0.878738	0.823004	0.769257	0.740258	0.737121	0.738928	0.737167	0.753635	0.800014	0.856891	0.913088	0.973002	1.0268	1.05031	1.02154	0.946061	0.823046	0.653753	0.45172	0.258725	0.107346	0.0198332	0.0121256	0.0885087	0.238521	
0.897336	0.853595	0.813702	0.783743	0.765312	0.762484	0.775185	0.800014	0.836543	0.879876	0.926637	0.982174	1.0356	1.05529	1.02476	0.947331	0.822511	0.653726	0.456679	0.265786	0.114054	0.0260326	0.0164293	0.0789474	0.203768	
0.92726	0.891213	0.865524	0.84311	0.820656	0.814978	0.833425	0.856891	0.879876	0.911563	0.952135	1.001	1.05381	1.07996	1.05651	0.972285	0.832484	0.656279	0.463391	0.271706	0.121777	0.0385054	0.0248032	0.0729447	0.177565	
0.964182	0.935873	0.916619	0.906681	0.89463	0.890865	0.901862	0.913088	0.926637	0.952135	0.981691	1.02383	1.07453	1.10844	1.09334	1.00543	0.857664	0.677229	0.48118	0.287948	0.136228	0.0523105	0.0272064	0.0581186	0.141682	
1.00984	0.988835	0.976065	0.970081	0.967206	0.966014	0.968938	0.973002	0.982174	1.001	1.02383	1.06056	1.11157	1.13736	1.11683	1.03385	0.890877	0.709252	0.511209	0.317625	0.167093	0.072189	0.0350055	0.0528573	0.108286	
1.06038	1.04186	1.02919	1.0253	1.02129	1.02062	1.02441	1.0268	1.0356	1.05381	1.07453	1.11157	1.15107	1.1608	1.12986	1.05133	0.914338	0.731636	0.540334	0.362606	0.210992	0.104667	0.0554441	0.058021	0.0849593	
1.09121	1.06367	1.0504	1.05204	1.05172	1.05087	1.05273	1.05031	1.05529	1.07996	1.10844	1.13736	1.1608	1.15979	1.12824	1.05318	0.917285	0.743983	0.569313	0.404325	0.252413	0.138033	0.0762804	0.0535021	0.0486821	
1.07261	1.03515	1.01873	1.02844	1.03437	1.03465	1.03178	1.02154	1.02476	1.05651	1.09334	1.11683	1.12986	1.12824	1.09522	1.01819	0.890571	0.738631	0.57804	0.415442	0.2692	0.157586	0.0807966	0.030727	-0.00550949	
0.985085	0.955486	0.942799	0.954611	0.963611	0.964827	0.958835	0.946061	0.947331	0.972285	1.00543	1.03385	1.05133	1.05318	1.01819	0.945396	0.839188	0.711162	0.559564	0.403179	0.263985	0.150301	0.057137	-0.0171161	-0.0792513	
0.840091	0.82554	0.821169	0.828509	0.836303	0.838877	0.831775	0.823046	0.822511	0.832484	0.857664	0.890877	0.914338	0.917285	0.890571	0.839188	0.754951	0.647485	0.515234	0.376361	0.242618	0.117612	0.008946	-0.0863662	-0.174817	
0.661588	0.654726	0.652802	0.65777	0.666047	0.669293	0.661326	0.653753	0.653726	0.656279	0.677229	0.709252	0.731636	0.743983	0.738631	0.711162	0.647485	0.560255	0.453392	0.328523	0.193188	0.0616233	-0.0561724	-0.170018	-0.277187	
0.468059	0.459857	0.452007	0.453232	0.457903	0.459875	0.454821	0.45172	0.456679	0.463391	0.48118	0.511209	0.540334	0.569313	0.57804	0.559564	0.515234	0.453392	0.361853	0.242248	0.108526	-0.0222465	-0.144699	-0.267702	-0.375296	
0.276435	0.268021	0.261293	0.255172	0.252794	0.252479	0.253284	0.258725	0.265786	0.271706	0.287948	0.317625	0.362606	0.404325	0.415442	0.403179	0.376361	0.328523	0.242248	0.127899	0.00415185	-0.126106	-0.256026	-0.374684	-0.4676	
0.125942	0.117484	0.109459	0.10359	0.0961816	0.0949271	0.100473	0.107346	0.114054	0.121777	0.136228	0.167093	0.210992	0.252413	0.2692	0.263985	0.242618	0.193188	0.108526	0.00415185	-0.110746	-0.238392	-0.364071	-0.470051	-0.543815	
0.0440263	0.0305599	0.0219539	0.0174218	0.0180397	0.0185652	0.0174373	0.0198332	0.0260326	0.0385054	0.0523105	0.072189	0.104667	0.138033	0.157586	0.150301	0.117612	0.0616233	-0.0222465	-0.126106	-0.238392	-0.350999	-0.457101	-0.541224	-0.589906	
0.0263428	0.0196722	0.0126161	0.0147207	0.024325	0.0270394	0.0182624	0.0121256	0.0164293	0.0248032	0.0272064	0.0350055	0.0554441	0.0762804	0.0807966	0.057137	0.008946	-0.0561724	-0.144699	-0.256026	-0.364071	-0.457101	-0.540292	-0.599459	-0.626183	
0.0674397	0.077156	0.0836747	0.0985052	0.115746	0.118798	0.105979	0.0885087	0.0789474	0.0729447	0.0581186	0.0528573	0.058021	0.0535021	0.030727	-0.0171161	-0.0863662	-0.170018	-0.267702	-0.374684	-0.470051	-0.541224	-0.599459	-0.640961	-0.660166	
0.164723	0.193142	0.223417	0.26116	0.289799	0.294777	0.274861	0.238521	0.203768	0.177565	0.141682	0.108286	0.0849593	0.0486821	-0.00550949	-0.0792513	-0.174817	-0.277187	-0.375296	-0.4676	-0.543815	-0.589906	-0.626183	-0.660166	-0.686015	
