0.22322	0.136864	0.0248661	-0.0948025	-0.196525	-0.268763	-0.318046	-0.332637	-0.297627	-0.218113	-0.123102	-0.0344518	0.045148	0.111794	0.162532	0.180088	0.164764	0.119761	0.0379745	-0.0640139	-0.159224	-0.208969	-0.198004	-0.141583	-0.0509525	
0.136864	0.0868833	0.00852983	-0.0800471	-0.159714	-0.226901	-0.282153	-0.315721	-0.304891	-0.252664	-0.187329	-0.128778	-0.0777845	-0.0327852	0.00533968	0.023188	0.00974222	-0.0330945	-0.099061	-0.170958	-0.228332	-0.246916	-0.208391	-0.125762	-0.00886098	
0.0248661	0.00852983	-0.0332913	-0.0876158	-0.140398	-0.19771	-0.252672	-0.288128	-0.280733	-0.244811	-0.198821	-0.165459	-0.141371	-0.115177	-0.0972175	-0.0980759	-0.125675	-0.17247	-0.225687	-0.271217	-0.291196	-0.270602	-0.201889	-0.0945373	0.0436401	
-0.0948025	-0.0800471	-0.0876158	-0.105403	-0.138003	-0.185487	-0.222251	-0.236318	-0.218993	-0.187012	-0.153004	-0.132607	-0.130962	-0.132498	-0.14765	-0.176526	-0.22203	-0.27407	-0.322931	-0.345058	-0.333036	-0.282244	-0.187621	-0.0566597	0.104718	
-0.196525	-0.159714	-0.140398	-0.138003	-0.148646	-0.161396	-0.164338	-0.154888	-0.129663	-0.0960513	-0.0628728	-0.0498501	-0.0640714	-0.0964357	-0.148866	-0.209771	-0.273874	-0.336143	-0.382764	-0.394396	-0.360504	-0.284477	-0.171003	-0.0229909	0.155235	
-0.268763	-0.226901	-0.19771	-0.185487	-0.161396	-0.128207	-0.0914008	-0.0527636	-0.0109168	0.0280212	0.0554979	0.057542	0.0307181	-0.0266392	-0.109982	-0.205587	-0.299725	-0.37925	-0.432617	-0.439754	-0.393477	-0.291597	-0.156853	0.00262362	0.185788	
-0.318046	-0.282153	-0.252672	-0.222251	-0.164338	-0.0914008	-0.0154162	0.0509251	0.110866	0.155397	0.173858	0.165737	0.130439	0.0590003	-0.0509076	-0.179876	-0.306272	-0.41627	-0.486284	-0.501068	-0.446755	-0.326625	-0.171428	0.00257526	0.190022	
-0.332637	-0.315721	-0.288128	-0.236318	-0.154888	-0.0527636	0.0509251	0.139269	0.207026	0.249566	0.263613	0.251806	0.214035	0.129668	-0.00605751	-0.15943	-0.317852	-0.455148	-0.547256	-0.5771	-0.526219	-0.398111	-0.224108	-0.0385771	0.148607	
-0.297627	-0.304891	-0.280733	-0.218993	-0.129663	-0.0109168	0.110866	0.207026	0.271561	0.307793	0.319877	0.302274	0.257714	0.160409	0.0150693	-0.158492	-0.346884	-0.513338	-0.626715	-0.663448	-0.61349	-0.482604	-0.301637	-0.114842	0.065996	
-0.218113	-0.252664	-0.244811	-0.187012	-0.0960513	0.0280212	0.155397	0.249566	0.307793	0.342438	0.351442	0.323021	0.260636	0.158664	0.00608447	-0.188162	-0.402113	-0.595919	-0.725128	-0.762799	-0.713092	-0.583166	-0.415182	-0.229702	-0.0553201	
-0.123102	-0.187329	-0.198821	-0.153004	-0.0628728	0.0554979	0.173858	0.263613	0.319877	0.351442	0.348298	0.314359	0.240998	0.125917	-0.0443585	-0.259341	-0.485779	-0.690014	-0.828943	-0.868156	-0.824498	-0.705122	-0.549172	-0.370266	-0.199643	
-0.0344518	-0.128778	-0.165459	-0.132607	-0.0498501	0.057542	0.165737	0.251806	0.302274	0.323021	0.314359	0.269051	0.175649	0.0391603	-0.141475	-0.357614	-0.586082	-0.785817	-0.920867	-0.957007	-0.910431	-0.803649	-0.660003	-0.499432	-0.339007	
0.045148	-0.0777845	-0.141371	-0.130962	-0.0640714	0.0307181	0.130439	0.214035	0.257714	0.260636	0.240998	0.175649	0.0622568	-0.0867998	-0.265663	-0.470174	-0.678817	-0.856853	-0.973221	-0.998166	-0.94227	-0.838508	-0.711085	-0.573368	-0.427556	
0.111794	-0.0327852	-0.115177	-0.132498	-0.0964357	-0.0266392	0.0590003	0.129668	0.160409	0.158664	0.125917	0.0391603	-0.0867998	-0.234658	-0.401623	-0.584883	-0.760531	-0.900396	-0.98247	-0.985437	-0.918085	-0.8094	-0.68715	-0.561873	-0.435413	
0.162532	0.00533968	-0.0972175	-0.14765	-0.148866	-0.109982	-0.0509076	-0.00605751	0.0150693	0.00608447	-0.0443585	-0.141475	-0.265663	-0.401623	-0.556049	-0.708107	-0.837084	-0.929008	-0.965451	-0.934295	-0.840044	-0.710576	-0.579977	-0.464862	-0.363349	
0.180088	0.023188	-0.0980759	-0.176526	-0.209771	-0.205587	-0.179876	-0.15943	-0.158492	-0.188162	-0.259341	-0.357614	-0.470174	-0.584883	-0.708107	-0.818011	-0.898084	-0.936079	-0.915587	-0.832425	-0.696403	-0.538221	-0.393285	-0.287093	-0.205773	
0.164764	0.00974222	-0.125675	-0.22203	-0.273874	-0.299725	-0.306272	-0.317852	-0.346884	-0.402113	-0.485779	-0.586082	-0.678817	-0.760531	-0.837084	-0.898084	-0.920114	-0.893709	-0.811967	-0.675524	-0.496421	-0.312261	-0.154167	-0.0521241	0.0122249	
0.119761	-0.0330945	-0.17247	-0.27407	-0.336143	-0.37925	-0.41627	-0.455148	-0.513338	-0.595919	-0.690014	-0.785817	-0.856853	-0.900396	-0.929008	-0.936079	-0.893709	-0.79967	-0.656971	-0.470438	-0.25735	-0.0551533	0.107623	0.205215	0.245421	
0.0379745	-0.099061	-0.225687	-0.322931	-0.382764	-0.432617	-0.486284	-0.547256	-0.626715	-0.725128	-0.828943	-0.920867	-0.973221	-0.98247	-0.965451	-0.915587	-0.811967	-0.656971	-0.460557	-0.236588	-0.002813	0.201304	0.350803	0.430607	0.443483	
-0.0640139	-0.170958	-0.271217	-0.345058	-0.394396	-0.439754	-0.501068	-0.5771	-0.663448	-0.762799	-0.868156	-0.957007	-0.998166	-0.985437	-0.934295	-0.832425	-0.675524	-0.470438	-0.236588	0.00422466	0.237	0.429534	0.552458	0.598506	0.584227	
-0.159224	-0.228332	-0.291196	-0.333036	-0.360504	-0.393477	-0.446755	-0.526219	-0.61349	-0.713092	-0.824498	-0.910431	-0.94227	-0.918085	-0.840044	-0.696403	-0.496421	-0.25735	-0.002813	0.237	0.44771	0.612778	0.697639	0.704686	0.65601	
-0.208969	-0.246916	-0.270602	-0.282244	-0.284477	-0.291597	-0.326625	-0.398111	-0.482604	-0.583166	-0.705122	-0.803649	-0.838508	-0.8094	-0.710576	-0.538221	-0.312261	-0.0551533	0.201304	0.429534	0.612778	0.737042	0.775872	0.740181	0.651329	
-0.198004	-0.208391	-0.201889	-0.187621	-0.171003	-0.156853	-0.171428	-0.224108	-0.301637	-0.415182	-0.549172	-0.660003	-0.711085	-0.68715	-0.579977	-0.393285	-0.154167	0.107623	0.350803	0.552458	0.697639	0.775872	0.768213	0.689448	0.564262	
-0.141583	-0.125762	-0.0945373	-0.0566597	-0.0229909	0.00262362	0.00257526	-0.0385771	-0.114842	-0.229702	-0.370266	-0.499432	-0.573368	-0.561873	-0.464862	-0.287093	-0.0521241	0.205215	0.430607	0.598506	0.704686	0.740181	0.689448	0.575677	0.428102	
-0.0509525	-0.00886098	0.0436401	0.104718	0.155235	0.185788	0.190022	0.148607	0.065996	-0.0553201	-0.199643	-0.339007	-0.427556	-0.435413	-0.363349	-0.205773	0.0122249	0.245421	0.443483	0.584227	0.65601	0.651329	0.564262	0.428102	0.277011	
0.0697581	0.137389	0.210711	0.289994	0.355393	0.387406	0.383519	0.330677	0.231743	0.0992362	-0.0517949	-0.193746	-0.286834	-0.308359	-0.255361	-0.121542	0.0659806	0.259373	0.422129	0.529282	0.56066	0.520536	0.415945	0.274039	0.127539	
0.216158	0.299343	0.387698	0.474619	0.550373	0.587771	0.575651	0.506087	0.391221	0.244841	0.0865412	-0.0557234	-0.150835	-0.183162	-0.144175	-0.0328204	0.118315	0.27112	0.391692	0.452293	0.44477	0.380795	0.273241	0.140031	0.00705164	
0.366718	0.460787	0.556587	0.648346	0.721754	0.761773	0.744951	0.667757	0.540595	0.377635	0.212938	0.0750446	-0.0232993	-0.0620969	-0.026552	0.0645914	0.180094	0.293301	0.369543	0.383421	0.342137	0.257304	0.146335	0.0307704	-0.0713569	
0.491407	0.602237	0.706108	0.795783	0.86258	0.89307	0.874472	0.791309	0.652428	0.48727	0.328164	0.189985	0.0894611	0.0504914	0.0769547	0.150033	0.241482	0.320709	0.358394	0.337683	0.271927	0.170236	0.0562457	-0.0426441	-0.119432	
0.56639	0.692452	0.802999	0.894687	0.955065	0.973152	0.948711	0.863162	0.713623	0.551445	0.402448	0.262896	0.162062	0.124747	0.140898	0.199939	0.280913	0.33986	0.358572	0.324628	0.238606	0.12487	0.0203502	-0.0714719	-0.144983	
0.579	0.708845	0.820807	0.912239	0.971031	0.98544	0.961108	0.876099	0.724103	0.560949	0.414834	0.275552	0.174697	0.137581	0.15053	0.207466	0.287876	0.343152	0.359016	0.323681	0.233408	0.11786	0.0165754	-0.0745624	-0.150172	
0.528451	0.646106	0.753507	0.84339	0.907356	0.932874	0.911587	0.82678	0.682727	0.520494	0.365336	0.225091	0.124442	0.0864442	0.108338	0.175327	0.261306	0.330178	0.357227	0.329538	0.255347	0.147479	0.0363721	-0.0583636	-0.131639	
0.420923	0.521449	0.620326	0.711185	0.781575	0.819345	0.80216	0.7231	0.591083	0.424465	0.260872	0.124103	0.0246961	-0.014851	0.0178975	0.101846	0.205487	0.304074	0.36418	0.361725	0.308545	0.216405	0.103255	-0.00460604	-0.0937645	
0.277541	0.364705	0.456452	0.546039	0.622698	0.66226	0.647472	0.573338	0.45298	0.300974	0.138979	-0.0022513	-0.0988105	-0.13434	-0.0967193	0.00527578	0.140957	0.278541	0.381469	0.422458	0.40036	0.329205	0.221019	0.0935199	-0.028488	
0.126195	0.201239	0.281719	0.364821	0.434863	0.468737	0.461149	0.402023	0.296412	0.157479	0.00385944	-0.138141	-0.231707	-0.258165	-0.212178	-0.0863724	0.0871087	0.263109	0.409212	0.499492	0.51522	0.463877	0.356561	0.217073	0.0741189	
-0.00593984	0.0467036	0.107399	0.177255	0.23476	0.266124	0.266889	0.222306	0.133684	0.00884508	-0.13832	-0.279343	-0.370199	-0.384231	-0.320585	-0.173125	0.033898	0.252985	0.438119	0.566562	0.622766	0.602631	0.506295	0.366009	0.216287	
-0.109345	-0.0830489	-0.0428754	0.00379221	0.0443485	0.0721972	0.0765334	0.0366164	-0.0409175	-0.157769	-0.299647	-0.434344	-0.515264	-0.511396	-0.424353	-0.253592	-0.0239548	0.226581	0.44228	0.598334	0.691057	0.710864	0.643853	0.51904	0.368156	
-0.179905	-0.17981	-0.163271	-0.138675	-0.115436	-0.0954725	-0.103901	-0.150249	-0.226625	-0.341196	-0.479014	-0.597175	-0.657384	-0.637185	-0.530982	-0.345247	-0.106025	0.154583	0.391104	0.579596	0.708419	0.769115	0.743688	0.64938	0.513231	
-0.211111	-0.23797	-0.248258	-0.249564	-0.243341	-0.241405	-0.266506	-0.331281	-0.413602	-0.519912	-0.645882	-0.74895	-0.788676	-0.760717	-0.657638	-0.477485	-0.243555	0.016433	0.268564	0.487958	0.657294	0.763422	0.783171	0.729683	0.625232	
-0.186288	-0.241854	-0.288392	-0.317775	-0.334661	-0.357679	-0.405496	-0.483722	-0.569435	-0.66837	-0.784228	-0.87411	-0.905623	-0.878464	-0.790037	-0.633194	-0.421647	-0.173656	0.084674	0.321613	0.521697	0.670654	0.738464	0.728884	0.664006	
-0.10514	-0.19637	-0.282746	-0.344772	-0.38703	-0.428447	-0.487966	-0.566877	-0.653497	-0.753187	-0.86009	-0.946292	-0.9837	-0.965546	-0.903303	-0.783192	-0.607115	-0.386379	-0.14198	0.0988099	0.32474	0.508893	0.617708	0.648716	0.621069	
-0.00113014	-0.128565	-0.246322	-0.335838	-0.392262	-0.44167	-0.498864	-0.568163	-0.652046	-0.751342	-0.856422	-0.947444	-0.995029	-0.993396	-0.960813	-0.889662	-0.763603	-0.586752	-0.37412	-0.140151	0.0965535	0.297022	0.436464	0.504384	0.507669	
0.0909708	-0.0573444	-0.193666	-0.295085	-0.357718	-0.405314	-0.450932	-0.497916	-0.566103	-0.657987	-0.756213	-0.849943	-0.912779	-0.941279	-0.95161	-0.935693	-0.868405	-0.748966	-0.582244	-0.378684	-0.155791	0.0495431	0.209306	0.30231	0.330358	
0.151208	-0.00393115	-0.142803	-0.24241	-0.298693	-0.33338	-0.353246	-0.376949	-0.41847	-0.484447	-0.572417	-0.671593	-0.755223	-0.821999	-0.87882	-0.919533	-0.915465	-0.861252	-0.755382	-0.598389	-0.404877	-0.211491	-0.0486498	0.050895	0.106263	
0.176922	0.0213805	-0.105816	-0.193139	-0.235729	-0.244981	-0.232092	-0.22373	-0.233386	-0.273611	-0.350766	-0.449872	-0.555081	-0.65777	-0.763515	-0.853928	-0.912107	-0.926666	-0.881537	-0.775922	-0.621536	-0.453388	-0.303756	-0.198805	-0.123214	
0.174081	0.0160193	-0.0945601	-0.157348	-0.173084	-0.146699	-0.101081	-0.0655416	-0.0515077	-0.0668079	-0.126246	-0.223957	-0.344791	-0.473516	-0.618369	-0.755232	-0.865081	-0.935367	-0.950766	-0.900369	-0.790512	-0.6487	-0.512478	-0.402036	-0.309381	
0.134534	-0.0166744	-0.106081	-0.136333	-0.115472	-0.0585958	0.018594	0.0796391	0.106984	0.102962	0.0643984	-0.0285458	-0.155452	-0.299281	-0.461823	-0.633439	-0.79136	-0.913375	-0.978065	-0.970147	-0.894553	-0.779319	-0.6551	-0.533699	-0.417662	
0.0736177	-0.0588281	-0.130505	-0.131263	-0.0747203	0.0127821	0.107235	0.187315	0.22552	0.226177	0.201359	0.126493	0.00689713	-0.143701	-0.318233	-0.515053	-0.71287	-0.877135	-0.981215	-0.997652	-0.937859	-0.834246	-0.710744	-0.578645	-0.439309	
-0.00162919	-0.107723	-0.155852	-0.130776	-0.0528713	0.0491583	0.154501	0.240703	0.288569	0.301614	0.289763	0.237341	0.135441	-0.00800568	-0.189374	-0.402338	-0.624971	-0.817998	-0.947284	-0.980821	-0.930714	-0.825581	-0.689403	-0.53893	-0.383317	
-0.0866478	-0.162739	-0.183258	-0.142547	-0.0541513	0.060371	0.174269	0.26095	0.315821	0.344913	0.339233	0.301688	0.221225	0.0972036	-0.0782133	-0.295875	-0.524734	-0.72949	-0.868894	-0.907529	-0.86437	-0.750607	-0.598424	-0.425747	-0.258333	
