1.04166	1.00609	0.97763	0.957401	0.946151	0.944276	0.951841	0.968576	0.993871	1.02676	1.06589	1.10952	1.15551	1.20134	1.24418	1.28102	1.30878	1.32446	1.32528	1.30863	1.27169	1.21135	1.12468	1.01015	0.869557	
0.749059	0.700065	0.661796	0.635056	0.620345	0.617914	0.627804	0.649836	0.683613	0.728449	0.783334	0.846842	0.917049	0.991491	1.06709	1.1402	1.20677	1.2625	1.30326	1.32574	1.32749	1.30651	1.26051	1.18657	1.08179	
0.390305	0.334371	0.291427	0.261783	0.245581	0.242888	0.25372	0.278032	0.315718	0.366536	0.430041	0.50551	0.591781	0.687164	0.789342	0.895086	1.00036	1.10028	1.18892	1.26012	1.3087	1.33123	1.32598	1.2921	1.22839	
0.018813	-0.0381482	-0.0813081	-0.110837	-0.126919	-0.129631	-0.119018	-0.094945	-0.0572952	-0.00583957	0.0594701	0.138566	0.231066	0.33606	0.452207	0.577443	0.708632	0.842124	0.973028	1.09446	1.19834	1.27681	1.32372	1.33582	1.31285	
-0.335966	-0.388767	-0.428001	-0.454499	-0.468794	-0.471219	-0.461882	-0.440445	-0.406497	-0.359247	-0.297926	-0.22186	-0.130513	-0.0238619	0.0972847	0.231892	0.377407	0.53028	0.68719	0.84361	0.992875	1.1264	1.23441	1.30755	1.33889	
-0.63796	-0.678911	-0.708375	-0.727742	-0.737924	-0.739652	-0.732878	-0.717391	-0.692147	-0.656113	-0.607436	-0.544488	-0.465593	-0.368972	-0.254143	-0.121122	0.0296671	0.194521	0.368816	0.54813	0.727083	0.899183	1.05649	1.18939	1.28695	
-0.84057	-0.863984	-0.879775	-0.889342	-0.894108	-0.894901	-0.891483	-0.883982	-0.870744	-0.850758	-0.821644	-0.780794	-0.725649	-0.653345	-0.560654	-0.447026	-0.310295	-0.150002	0.0300177	0.224554	0.426921	0.628994	0.822492	0.998929	1.15052	
-0.932353	-0.936717	-0.937557	-0.936772	-0.93607	-0.935756	-0.936319	-0.936927	-0.936976	-0.934114	-0.926851	-0.911764	-0.885079	-0.84408	-0.78346	-0.700122	-0.593274	-0.459025	-0.296639	-0.108442	0.101176	0.324128	0.549571	0.765408	0.958852	
-0.914997	-0.899922	-0.885739	-0.875343	-0.869414	-0.868103	-0.872784	-0.880992	-0.894225	-0.908748	-0.923755	-0.936213	-0.941916	-0.936086	-0.915226	-0.870512	-0.799811	-0.700327	-0.569138	-0.4062	-0.213228	0.00644648	0.244366	0.490378	0.728344	
-0.799078	-0.768879	-0.744962	-0.728287	-0.718819	-0.717445	-0.723725	-0.737857	-0.758797	-0.786924	-0.819234	-0.854265	-0.890174	-0.919715	-0.940308	-0.944128	-0.922026	-0.868822	-0.779332	-0.651062	-0.485398	-0.285123	-0.0554145	0.193002	0.455723	
-0.632945	-0.597638	-0.571796	-0.553341	-0.543653	-0.542434	-0.547786	-0.56387	-0.585531	-0.618176	-0.658257	-0.705687	-0.75852	-0.815275	-0.867515	-0.912681	-0.940028	-0.941957	-0.908083	-0.832491	-0.709017	-0.541262	-0.329325	-0.086621	0.172019	
-0.465809	-0.435767	-0.41362	-0.399316	-0.392035	-0.390485	-0.395516	-0.406694	-0.4257	-0.451864	-0.488193	-0.536297	-0.592147	-0.660132	-0.733801	-0.809348	-0.875157	-0.924685	-0.944203	-0.92641	-0.860804	-0.742196	-0.573794	-0.347765	-0.0914222	
-0.345495	-0.326732	-0.314615	-0.308951	-0.304119	-0.304166	-0.307275	-0.311095	-0.322833	-0.336496	-0.358866	-0.390654	-0.436525	-0.493761	-0.567202	-0.654724	-0.749544	-0.837414	-0.908848	-0.94286	-0.937588	-0.871575	-0.754087	-0.57948	-0.339678	
-0.295082	-0.290387	-0.288307	-0.287056	-0.28574	-0.286661	-0.286247	-0.287664	-0.289233	-0.293753	-0.301936	-0.312556	-0.336861	-0.371557	-0.425374	-0.495066	-0.591401	-0.695311	-0.804871	-0.890829	-0.94221	-0.943966	-0.872975	-0.749285	-0.55728	
-0.293059	-0.295714	-0.294786	-0.292279	-0.29521	-0.292572	-0.293529	-0.295131	-0.293085	-0.295196	-0.295016	-0.297029	-0.300235	-0.311343	-0.335921	-0.379621	-0.449867	-0.549142	-0.663164	-0.785863	-0.878815	-0.94219	-0.941068	-0.866781	-0.725406	
-0.30085	-0.293708	-0.290969	-0.286806	-0.286437	-0.284908	-0.28653	-0.289621	-0.292826	-0.297495	-0.300612	-0.305436	-0.304783	-0.308755	-0.306962	-0.320329	-0.349819	-0.421577	-0.522853	-0.653417	-0.782622	-0.884265	-0.942597	-0.931342	-0.84671	
-0.274156	-0.263672	-0.257335	-0.253412	-0.248482	-0.250038	-0.250941	-0.253749	-0.262362	-0.268433	-0.280485	-0.291816	-0.301088	-0.311134	-0.317711	-0.31627	-0.317335	-0.340876	-0.408459	-0.517781	-0.657133	-0.794988	-0.90139	-0.943698	-0.916826	
-0.235826	-0.229382	-0.223105	-0.220743	-0.218953	-0.218959	-0.220436	-0.222177	-0.227402	-0.232363	-0.242286	-0.25555	-0.271955	-0.288153	-0.309087	-0.321412	-0.319552	-0.316758	-0.341036	-0.414848	-0.536716	-0.679668	-0.822831	-0.918521	-0.944074	
-0.219981	-0.218189	-0.216391	-0.217113	-0.215158	-0.216265	-0.21604	-0.215516	-0.218557	-0.219154	-0.220749	-0.228361	-0.236745	-0.249092	-0.274825	-0.307239	-0.325719	-0.319035	-0.31619	-0.344867	-0.436846	-0.572667	-0.726265	-0.859334	-0.934857	
-0.222369	-0.224722	-0.217091	-0.219305	-0.217068	-0.214982	-0.21989	-0.216516	-0.220608	-0.224478	-0.223626	-0.225844	-0.234703	-0.229961	-0.235037	-0.263224	-0.306305	-0.324003	-0.318047	-0.318552	-0.366003	-0.474096	-0.627836	-0.784529	-0.89809	
-0.217936	-0.208117	-0.204601	-0.202521	-0.201257	-0.199457	-0.202399	-0.205356	-0.205767	-0.214727	-0.220229	-0.220177	-0.234466	-0.24244	-0.232986	-0.234324	-0.269509	-0.306997	-0.319082	-0.308891	-0.328784	-0.404279	-0.536819	-0.701768	-0.843921	
-0.198138	-0.187289	-0.192206	-0.186105	-0.185614	-0.187267	-0.183726	-0.190544	-0.187807	-0.1924	-0.206041	-0.201762	-0.216172	-0.236806	-0.244337	-0.228295	-0.244586	-0.281926	-0.312816	-0.311196	-0.307593	-0.353341	-0.461787	-0.62371	-0.781962	
-0.192336	-0.184927	-0.197841	-0.184106	-0.188817	-0.194123	-0.181488	-0.196857	-0.189033	-0.187543	-0.197857	-0.198741	-0.19008	-0.210999	-0.238816	-0.237334	-0.234241	-0.261473	-0.296472	-0.309313	-0.301444	-0.325958	-0.403576	-0.550905	-0.719377	
-0.187632	-0.193431	-0.188139	-0.182907	-0.184567	-0.184832	-0.18291	-0.185408	-0.191743	-0.191299	-0.191294	-0.21046	-0.199329	-0.198329	-0.215346	-0.229124	-0.227117	-0.248837	-0.282214	-0.307786	-0.29769	-0.306459	-0.364192	-0.491519	-0.660429	
-0.179379	-0.184309	-0.173011	-0.174755	-0.175501	-0.170772	-0.177458	-0.172338	-0.179156	-0.183637	-0.179443	-0.197623	-0.198641	-0.204073	-0.21317	-0.226921	-0.220722	-0.236218	-0.268335	-0.29912	-0.298196	-0.298065	-0.336639	-0.443975	-0.607105	
-0.176208	-0.180128	-0.170892	-0.176106	-0.174337	-0.17051	-0.177968	-0.170743	-0.176943	-0.178297	-0.176673	-0.184911	-0.190268	-0.194836	-0.209332	-0.223522	-0.219131	-0.227015	-0.257029	-0.294837	-0.29726	-0.291144	-0.317137	-0.409736	-0.565008	
-0.180128	-0.181935	-0.175449	-0.174623	-0.174569	-0.172784	-0.175598	-0.174518	-0.179763	-0.182287	-0.179438	-0.192935	-0.187723	-0.185447	-0.196734	-0.222767	-0.219467	-0.223423	-0.246876	-0.285974	-0.29683	-0.290378	-0.305719	-0.381845	-0.530333	
-0.170892	-0.175449	-0.161199	-0.16883	-0.167148	-0.159591	-0.172684	-0.160574	-0.169138	-0.175074	-0.16969	-0.181871	-0.194979	-0.195374	-0.196383	-0.214771	-0.216246	-0.218303	-0.240835	-0.280111	-0.296468	-0.289029	-0.297734	-0.364406	-0.505077	
-0.176106	-0.174623	-0.16883	-0.171005	-0.170149	-0.166952	-0.172905	-0.168707	-0.173555	-0.175416	-0.174584	-0.179847	-0.184377	-0.184424	-0.193971	-0.215219	-0.218624	-0.217341	-0.237241	-0.276684	-0.292995	-0.28797	-0.294923	-0.35288	-0.487469	
-0.174337	-0.174569	-0.167148	-0.170149	-0.168344	-0.164719	-0.171278	-0.166298	-0.170761	-0.176041	-0.173671	-0.180794	-0.187739	-0.18702	-0.191724	-0.21386	-0.21569	-0.215948	-0.232861	-0.273233	-0.29533	-0.288457	-0.291256	-0.346343	-0.478968	
-0.17051	-0.172784	-0.159591	-0.166952	-0.164719	-0.159037	-0.170197	-0.160246	-0.168293	-0.172571	-0.168871	-0.178824	-0.191957	-0.190764	-0.19124	-0.211	-0.216503	-0.216016	-0.234991	-0.272863	-0.293633	-0.288	-0.291856	-0.346314	-0.476612	
-0.177968	-0.175598	-0.172684	-0.172905	-0.171278	-0.170197	-0.172503	-0.171852	-0.174389	-0.177198	-0.177315	-0.181047	-0.182109	-0.181916	-0.192641	-0.215996	-0.217742	-0.21705	-0.234747	-0.275215	-0.29342	-0.287916	-0.293513	-0.349328	-0.483055	
-0.170743	-0.174518	-0.160574	-0.168707	-0.166298	-0.160246	-0.171852	-0.161658	-0.168404	-0.174565	-0.169351	-0.179987	-0.193053	-0.194378	-0.195785	-0.215089	-0.215474	-0.217539	-0.238692	-0.277055	-0.297368	-0.289449	-0.295154	-0.359269	-0.496923	
-0.176943	-0.179763	-0.169138	-0.173555	-0.170761	-0.168293	-0.174389	-0.168404	-0.17697	-0.178607	-0.176004	-0.188202	-0.190687	-0.187687	-0.195826	-0.218181	-0.218753	-0.222507	-0.244833	-0.284938	-0.295155	-0.287938	-0.303104	-0.374343	-0.518474	
-0.178297	-0.182287	-0.175074	-0.175416	-0.176041	-0.172571	-0.177198	-0.174565	-0.178607	-0.18097	-0.179694	-0.190192	-0.188081	-0.189561	-0.203723	-0.224586	-0.219649	-0.224861	-0.25131	-0.29019	-0.29789	-0.291885	-0.311839	-0.396864	-0.549971	
-0.176673	-0.179438	-0.16969	-0.174584	-0.173671	-0.168871	-0.177315	-0.169351	-0.176004	-0.179694	-0.175667	-0.187173	-0.19496	-0.20317	-0.213688	-0.225002	-0.219966	-0.230991	-0.264743	-0.297345	-0.297482	-0.295735	-0.327351	-0.428382	-0.589461	
-0.184911	-0.192935	-0.181871	-0.179847	-0.180794	-0.178824	-0.181047	-0.179987	-0.188202	-0.190192	-0.187173	-0.211107	-0.201908	-0.199663	-0.21058	-0.227938	-0.223034	-0.244121	-0.276374	-0.305219	-0.299412	-0.300669	-0.350622	-0.471867	-0.638814	
-0.190268	-0.187723	-0.194979	-0.184377	-0.187739	-0.191957	-0.182109	-0.193053	-0.190687	-0.188081	-0.19496	-0.201908	-0.190487	-0.203304	-0.230323	-0.235632	-0.232669	-0.256165	-0.291113	-0.308158	-0.29716	-0.317683	-0.387342	-0.525935	-0.695206	
-0.194836	-0.185447	-0.195374	-0.184424	-0.18702	-0.190764	-0.181916	-0.194378	-0.187687	-0.189561	-0.20317	-0.199663	-0.203304	-0.227088	-0.244772	-0.2325	-0.238046	-0.272158	-0.306097	-0.311136	-0.30572	-0.34054	-0.435898	-0.593723	-0.756014	
-0.209332	-0.196734	-0.196383	-0.193971	-0.191724	-0.19124	-0.192641	-0.195785	-0.195826	-0.203723	-0.213688	-0.21058	-0.230323	-0.244772	-0.238489	-0.228244	-0.258101	-0.296997	-0.318671	-0.308973	-0.317316	-0.382268	-0.505079	-0.668849	-0.819142	
-0.223522	-0.222767	-0.214771	-0.215219	-0.21386	-0.211	-0.215996	-0.215089	-0.218181	-0.224586	-0.225002	-0.227938	-0.235632	-0.2325	-0.228244	-0.248973	-0.291441	-0.319671	-0.319332	-0.313548	-0.349436	-0.442241	-0.588619	-0.752021	-0.87846	
-0.219131	-0.219467	-0.216246	-0.218624	-0.21569	-0.216503	-0.217742	-0.215474	-0.218753	-0.219649	-0.219966	-0.223034	-0.232669	-0.238046	-0.258101	-0.291441	-0.322571	-0.322909	-0.315626	-0.329842	-0.402447	-0.531192	-0.687452	-0.830605	-0.92269	
-0.227015	-0.223423	-0.218303	-0.217341	-0.215948	-0.216016	-0.21705	-0.217539	-0.222507	-0.224861	-0.230991	-0.244121	-0.256165	-0.272158	-0.296997	-0.319671	-0.322909	-0.314688	-0.326219	-0.381419	-0.495089	-0.635961	-0.784269	-0.898468	-0.945016	
-0.257029	-0.246876	-0.240835	-0.237241	-0.232861	-0.234991	-0.234747	-0.238692	-0.244833	-0.25131	-0.264743	-0.276374	-0.291113	-0.306097	-0.318671	-0.319332	-0.315626	-0.326219	-0.375855	-0.472634	-0.606171	-0.749779	-0.87489	-0.93838	-0.931801	
-0.294837	-0.285974	-0.280111	-0.276684	-0.273233	-0.272863	-0.275215	-0.277055	-0.284938	-0.29019	-0.297345	-0.305219	-0.308158	-0.311136	-0.308973	-0.313548	-0.329842	-0.381419	-0.472634	-0.596856	-0.735248	-0.853489	-0.929935	-0.941158	-0.880999	
-0.29726	-0.29683	-0.296468	-0.292995	-0.29533	-0.293633	-0.29342	-0.297368	-0.295155	-0.29789	-0.297482	-0.299412	-0.29716	-0.30572	-0.317316	-0.349436	-0.402447	-0.495089	-0.606171	-0.735248	-0.84418	-0.922852	-0.948864	-0.900196	-0.779452	
-0.291144	-0.290378	-0.289029	-0.28797	-0.288457	-0.288	-0.287916	-0.289449	-0.287938	-0.291885	-0.295735	-0.300669	-0.317683	-0.34054	-0.382268	-0.442241	-0.531192	-0.635961	-0.749779	-0.853489	-0.922852	-0.952738	-0.907952	-0.801343	-0.630064	
-0.317137	-0.305719	-0.297734	-0.294923	-0.291256	-0.291856	-0.293513	-0.295154	-0.303104	-0.311839	-0.327351	-0.350622	-0.387342	-0.435898	-0.505079	-0.588619	-0.687452	-0.784269	-0.87489	-0.929935	-0.948864	-0.907952	-0.806961	-0.655093	-0.432568	
-0.409736	-0.381845	-0.364406	-0.35288	-0.346343	-0.346314	-0.349328	-0.359269	-0.374343	-0.396864	-0.428382	-0.471867	-0.525935	-0.593723	-0.668849	-0.752021	-0.830605	-0.898468	-0.93838	-0.941158	-0.900196	-0.801343	-0.655093	-0.446647	-0.192215	
-0.565008	-0.530333	-0.505077	-0.487469	-0.478968	-0.476612	-0.483055	-0.496923	-0.518474	-0.549971	-0.589461	-0.638814	-0.695206	-0.756014	-0.819142	-0.87846	-0.92269	-0.945016	-0.931801	-0.880999	-0.779452	-0.630064	-0.432568	-0.192215	0.0642905	
