1.06098	0.929751	0.758047	0.567115	0.365309	0.15577	-0.051213	-0.242537	-0.408767	-0.543962	-0.645993	-0.715612	-0.755327	-0.769576	-0.762094	-0.736172	-0.697266	-0.650754	-0.600438	-0.550026	-0.502478	-0.459256	-0.421458	-0.389463	-0.362995	
0.929751	0.750948	0.552534	0.3422	0.120907	-0.096788	-0.292182	-0.4568	-0.587304	-0.682086	-0.742338	-0.769603	-0.76762	-0.741594	-0.696087	-0.638486	-0.576585	-0.514772	-0.45657	-0.405193	-0.361429	-0.325248	-0.296548	-0.274035	-0.256906	
0.758047	0.552534	0.334476	0.102944	-0.124549	-0.323398	-0.487397	-0.61713	-0.708246	-0.760181	-0.774591	-0.754939	-0.709806	-0.646878	-0.57492	-0.503591	-0.437256	-0.378297	-0.32962	-0.29154	-0.262265	-0.241117	-0.226244	-0.215872	-0.209297	
0.567115	0.3422	0.102944	-0.133842	-0.338143	-0.504196	-0.637042	-0.727076	-0.769801	-0.771082	-0.735552	-0.674487	-0.599613	-0.51904	-0.44307	-0.376247	-0.320055	-0.277023	-0.247175	-0.227062	-0.21454	-0.208039	-0.20459	-0.203704	-0.203962	
0.365309	0.120907	-0.124549	-0.338143	-0.509555	-0.647428	-0.738543	-0.772491	-0.762869	-0.71739	-0.644935	-0.5616	-0.474699	-0.394558	-0.328328	-0.276824	-0.242389	-0.222943	-0.213732	-0.209964	-0.210544	-0.212187	-0.214035	-0.21586	-0.216434	
0.15577	-0.096788	-0.323398	-0.504196	-0.647428	-0.742368	-0.772052	-0.755462	-0.706167	-0.624898	-0.531876	-0.438898	-0.354689	-0.29182	-0.248813	-0.226228	-0.218305	-0.217826	-0.21963	-0.221483	-0.222751	-0.221445	-0.219351	-0.215355	-0.211136	
-0.051213	-0.292182	-0.487397	-0.637042	-0.738543	-0.772052	-0.75262	-0.701801	-0.613429	-0.508426	-0.411356	-0.326236	-0.269155	-0.237348	-0.224334	-0.224757	-0.22597	-0.227492	-0.224631	-0.220391	-0.212922	-0.204783	-0.195572	-0.18731	-0.180281	
-0.242537	-0.4568	-0.61713	-0.727076	-0.772491	-0.755462	-0.701801	-0.609604	-0.494334	-0.394737	-0.312098	-0.257405	-0.23485	-0.226019	-0.229856	-0.229821	-0.226724	-0.219425	-0.207665	-0.196449	-0.183858	-0.173404	-0.164104	-0.158611	-0.153001	
-0.408767	-0.587304	-0.708246	-0.769801	-0.762869	-0.706167	-0.613429	-0.494334	-0.389458	-0.308196	-0.250419	-0.232124	-0.228239	-0.231991	-0.233436	-0.222456	-0.211204	-0.192087	-0.178954	-0.165798	-0.157417	-0.150553	-0.149313	-0.146162	-0.145836	
-0.543962	-0.682086	-0.760181	-0.771082	-0.71739	-0.624898	-0.508426	-0.394737	-0.308196	-0.247538	-0.228643	-0.23337	-0.235354	-0.235789	-0.216437	-0.196719	-0.176563	-0.162526	-0.15667	-0.150871	-0.151026	-0.150953	-0.152338	-0.150029	-0.152144	
-0.645993	-0.742338	-0.774591	-0.735552	-0.644935	-0.531876	-0.411356	-0.312098	-0.250419	-0.228643	-0.236729	-0.238908	-0.231646	-0.208789	-0.180646	-0.166869	-0.156965	-0.159344	-0.155852	-0.158219	-0.156266	-0.155937	-0.149717	-0.149327	-0.143993	
-0.715612	-0.769603	-0.754939	-0.674487	-0.5616	-0.438898	-0.326236	-0.257405	-0.232124	-0.23337	-0.238908	-0.227764	-0.203539	-0.174678	-0.163536	-0.162129	-0.163915	-0.16189	-0.157235	-0.154653	-0.146164	-0.140969	-0.134279	-0.131633	-0.125285	
-0.755327	-0.76762	-0.709806	-0.599613	-0.474699	-0.354689	-0.269155	-0.23485	-0.228239	-0.235354	-0.231646	-0.203539	-0.175216	-0.1616	-0.164868	-0.166971	-0.16171	-0.152249	-0.146206	-0.136834	-0.130915	-0.126391	-0.124613	-0.121204	-0.122202	
-0.769576	-0.741594	-0.646878	-0.51904	-0.394558	-0.29182	-0.237348	-0.226019	-0.231991	-0.235789	-0.208789	-0.174678	-0.1616	-0.164028	-0.171954	-0.160746	-0.146056	-0.136504	-0.13145	-0.12691	-0.125613	-0.12565	-0.124948	-0.124954	-0.124645	
-0.762094	-0.696087	-0.57492	-0.44307	-0.328328	-0.248813	-0.224334	-0.229856	-0.233436	-0.216437	-0.180646	-0.163536	-0.164868	-0.171954	-0.161088	-0.136138	-0.130374	-0.130815	-0.133657	-0.127871	-0.130922	-0.127201	-0.125086	-0.1207	-0.119555	
-0.736172	-0.638486	-0.503591	-0.376247	-0.276824	-0.226228	-0.224757	-0.229821	-0.222456	-0.196719	-0.166869	-0.162129	-0.166971	-0.160746	-0.136138	-0.128856	-0.138753	-0.140496	-0.130269	-0.12451	-0.125412	-0.11468	-0.1126	-0.110529	-0.107936	
-0.697266	-0.576585	-0.437256	-0.320055	-0.242389	-0.218305	-0.22597	-0.226724	-0.211204	-0.176563	-0.156965	-0.163915	-0.16171	-0.146056	-0.130374	-0.138753	-0.141198	-0.125916	-0.114678	-0.119067	-0.11272	-0.10765	-0.111521	-0.110898	-0.106248	
-0.650754	-0.514772	-0.378297	-0.277023	-0.222943	-0.217826	-0.227492	-0.219425	-0.192087	-0.162526	-0.159344	-0.16189	-0.152249	-0.136504	-0.130815	-0.140496	-0.125916	-0.113243	-0.115209	-0.120857	-0.110273	-0.114218	-0.11466	-0.108582	-0.108138	
-0.600438	-0.45657	-0.32962	-0.247175	-0.213732	-0.21963	-0.224631	-0.207665	-0.178954	-0.15667	-0.155852	-0.157235	-0.146206	-0.13145	-0.133657	-0.130269	-0.114678	-0.115209	-0.122983	-0.118195	-0.10629	-0.113721	-0.104383	-0.100905	-0.103321	
-0.550026	-0.405193	-0.29154	-0.227062	-0.209964	-0.221483	-0.220391	-0.196449	-0.165798	-0.150871	-0.158219	-0.154653	-0.136834	-0.12691	-0.127871	-0.12451	-0.119067	-0.120857	-0.118195	-0.102103	-0.104616	-0.105641	-0.0985274	-0.0998415	-0.104015	
-0.502478	-0.361429	-0.262265	-0.21454	-0.210544	-0.222751	-0.212922	-0.183858	-0.157417	-0.151026	-0.156266	-0.146164	-0.130915	-0.125613	-0.130922	-0.125412	-0.11272	-0.110273	-0.10629	-0.104616	-0.108484	-0.105401	-0.102018	-0.104953	-0.100712	
-0.459256	-0.325248	-0.241117	-0.208039	-0.212187	-0.221445	-0.204783	-0.173404	-0.150553	-0.150953	-0.155937	-0.140969	-0.126391	-0.12565	-0.127201	-0.11468	-0.10765	-0.114218	-0.113721	-0.105641	-0.105401	-0.101734	-0.0979448	-0.0971168	-0.0947734	
-0.421458	-0.296548	-0.226244	-0.20459	-0.214035	-0.219351	-0.195572	-0.164104	-0.149313	-0.152338	-0.149717	-0.134279	-0.124613	-0.124948	-0.125086	-0.1126	-0.111521	-0.11466	-0.104383	-0.0985274	-0.102018	-0.0979448	-0.0945985	-0.0980556	-0.0947918	
-0.389463	-0.274035	-0.215872	-0.203704	-0.21586	-0.215355	-0.18731	-0.158611	-0.146162	-0.150029	-0.149327	-0.131633	-0.121204	-0.124954	-0.1207	-0.110529	-0.110898	-0.108582	-0.100905	-0.0998415	-0.104953	-0.0971168	-0.0980556	-0.0993439	-0.0934047	
-0.362995	-0.256906	-0.209297	-0.203962	-0.216434	-0.211136	-0.180281	-0.153001	-0.145836	-0.152144	-0.143993	-0.125285	-0.122202	-0.124645	-0.119555	-0.107936	-0.106248	-0.108138	-0.103321	-0.104015	-0.100712	-0.0947734	-0.0947918	-0.0934047	-0.0881159	
-0.341901	-0.244234	-0.204916	-0.204514	-0.216886	-0.207071	-0.173958	-0.149864	-0.145673	-0.150224	-0.141555	-0.12442	-0.120591	-0.123171	-0.114726	-0.106542	-0.112058	-0.109868	-0.0983075	-0.0946345	-0.0985157	-0.092836	-0.0945874	-0.0947311	-0.0928427	
-0.325587	-0.234964	-0.202327	-0.205559	-0.216627	-0.202768	-0.169414	-0.148129	-0.145427	-0.149289	-0.138207	-0.122005	-0.121531	-0.122827	-0.115186	-0.106581	-0.106041	-0.102183	-0.0973154	-0.104341	-0.100747	-0.0942148	-0.0958227	-0.0940769	-0.0872303	
-0.313649	-0.228658	-0.200855	-0.206129	-0.21608	-0.20001	-0.166164	-0.145708	-0.144988	-0.150067	-0.137287	-0.119726	-0.120177	-0.121644	-0.111507	-0.105312	-0.109718	-0.107381	-0.0992763	-0.0966558	-0.0954579	-0.0908253	-0.0932731	-0.0905568	-0.0896136	
-0.305721	-0.224574	-0.19996	-0.206741	-0.215834	-0.197456	-0.163471	-0.145768	-0.145969	-0.14747	-0.133803	-0.120816	-0.12175	-0.121219	-0.11229	-0.104729	-0.10737	-0.102548	-0.0954788	-0.100282	-0.0975593	-0.0932019	-0.0943923	-0.0930359	-0.0890421	
-0.301422	-0.22246	-0.19972	-0.207085	-0.215266	-0.196206	-0.162793	-0.144681	-0.144751	-0.149026	-0.135312	-0.118338	-0.119905	-0.120743	-0.110799	-0.105897	-0.107987	-0.10263	-0.0971534	-0.100337	-0.0968942	-0.0914654	-0.0943397	-0.0909342	-0.0871972	
-0.300719	-0.222144	-0.19959	-0.206987	-0.215414	-0.196272	-0.162165	-0.144702	-0.145808	-0.147642	-0.133249	-0.12011	-0.121242	-0.120944	-0.110777	-0.103406	-0.108809	-0.105317	-0.0977258	-0.0968223	-0.0942985	-0.0915756	-0.092533	-0.0906873	-0.0902932	
-0.303434	-0.223434	-0.199999	-0.207082	-0.215359	-0.196534	-0.163297	-0.145513	-0.145236	-0.148264	-0.134761	-0.119337	-0.120561	-0.120937	-0.112149	-0.106037	-0.106724	-0.100155	-0.0952774	-0.103259	-0.0989303	-0.0931071	-0.0955798	-0.0927869	-0.0863229	
-0.309861	-0.226717	-0.200534	-0.206344	-0.215937	-0.199227	-0.164972	-0.145081	-0.145305	-0.149351	-0.136128	-0.120125	-0.120194	-0.121734	-0.111176	-0.104411	-0.110799	-0.107311	-0.0985995	-0.0950508	-0.0945775	-0.090861	-0.092554	-0.0907303	-0.0911227	
-0.32006	-0.231964	-0.201922	-0.206108	-0.216089	-0.201047	-0.16819	-0.147909	-0.145506	-0.148428	-0.136987	-0.122267	-0.121387	-0.122272	-0.114654	-0.10474	-0.106299	-0.102603	-0.0975816	-0.104236	-0.0992485	-0.0942712	-0.0952963	-0.0934657	-0.0868745	
-0.334615	-0.23996	-0.203846	-0.205043	-0.216794	-0.205556	-0.171991	-0.148094	-0.145417	-0.151395	-0.14069	-0.122019	-0.119992	-0.123115	-0.114978	-0.107682	-0.110904	-0.107088	-0.0976303	-0.0973524	-0.0988535	-0.0922861	-0.095028	-0.0936906	-0.0907948	
-0.353745	-0.251112	-0.207515	-0.204496	-0.216382	-0.208967	-0.178005	-0.152494	-0.145478	-0.14987	-0.142783	-0.12669	-0.121853	-0.123786	-0.117379	-0.105281	-0.109132	-0.109413	-0.100872	-0.100095	-0.0997221	-0.0948827	-0.0942687	-0.0951698	-0.090575	
-0.378115	-0.266334	-0.212912	-0.204004	-0.216247	-0.21355	-0.18423	-0.155872	-0.146159	-0.151856	-0.146879	-0.127956	-0.121357	-0.124987	-0.121529	-0.109811	-0.107493	-0.107834	-0.10291	-0.103621	-0.102698	-0.0958403	-0.0968022	-0.0950466	-0.0895981	
-0.407967	-0.286641	-0.221529	-0.204269	-0.214995	-0.217603	-0.192064	-0.161954	-0.147863	-0.151248	-0.149621	-0.133255	-0.1235	-0.12436	-0.122578	-0.112838	-0.11262	-0.112417	-0.0998185	-0.0968749	-0.104379	-0.0974985	-0.0968136	-0.101408	-0.0957172	
-0.443493	-0.312892	-0.234469	-0.206346	-0.212948	-0.220778	-0.201351	-0.169506	-0.149049	-0.151373	-0.154681	-0.138127	-0.124973	-0.126171	-0.125443	-0.112327	-0.108764	-0.115449	-0.114293	-0.102784	-0.103219	-0.0995767	-0.0948584	-0.0944668	-0.0938949	
-0.484624	-0.346035	-0.252856	-0.211531	-0.211491	-0.222072	-0.208925	-0.180252	-0.155664	-0.149933	-0.15489	-0.144423	-0.129265	-0.126134	-0.130889	-0.121282	-0.110005	-0.109101	-0.107052	-0.106091	-0.107655	-0.105538	-0.101752	-0.104082	-0.0984994	
-0.530505	-0.386982	-0.278855	-0.22077	-0.209932	-0.223252	-0.217593	-0.189735	-0.161838	-0.152188	-0.158556	-0.15072	-0.132935	-0.125602	-0.12852	-0.125726	-0.118545	-0.117587	-0.113368	-0.10225	-0.105727	-0.104191	-0.0993055	-0.100997	-0.102784	
-0.579757	-0.435173	-0.313726	-0.238194	-0.21087	-0.220196	-0.224229	-0.203695	-0.172728	-0.153146	-0.156382	-0.157468	-0.143449	-0.129521	-0.131001	-0.125625	-0.116084	-0.118675	-0.121398	-0.110964	-0.105668	-0.110961	-0.101219	-0.100971	-0.10366	
-0.630465	-0.49059	-0.357753	-0.264149	-0.218304	-0.217995	-0.226766	-0.21518	-0.186176	-0.160014	-0.158478	-0.15901	-0.149222	-0.13503	-0.133179	-0.13717	-0.118881	-0.112698	-0.120459	-0.121496	-0.10817	-0.115077	-0.110516	-0.103888	-0.105854	
-0.678938	-0.551258	-0.412634	-0.301616	-0.233214	-0.217126	-0.226613	-0.225049	-0.204187	-0.169142	-0.157164	-0.164342	-0.157457	-0.141043	-0.13046	-0.141537	-0.137113	-0.118229	-0.111398	-0.119463	-0.111417	-0.110421	-0.11474	-0.112427	-0.10797	
-0.721579	-0.613471	-0.475989	-0.352519	-0.261621	-0.222001	-0.224748	-0.228124	-0.218492	-0.189554	-0.162437	-0.162545	-0.165497	-0.154092	-0.131184	-0.131916	-0.142039	-0.138098	-0.124983	-0.121798	-0.119059	-0.109476	-0.109233	-0.108607	-0.105467	
-0.753604	-0.673735	-0.545623	-0.414822	-0.305766	-0.238018	-0.224423	-0.230734	-0.228878	-0.206991	-0.174058	-0.163564	-0.167072	-0.169755	-0.150616	-0.129619	-0.131899	-0.133956	-0.133132	-0.128029	-0.131293	-0.123998	-0.121576	-0.117168	-0.114923	
-0.769132	-0.725209	-0.618384	-0.487522	-0.366015	-0.271961	-0.230242	-0.227495	-0.234532	-0.229844	-0.195543	-0.167006	-0.161837	-0.168653	-0.171156	-0.151263	-0.138137	-0.133353	-0.131205	-0.125905	-0.126524	-0.126729	-0.124894	-0.124219	-0.123574	
-0.764059	-0.759911	-0.686232	-0.567275	-0.441007	-0.32662	-0.253867	-0.23007	-0.229078	-0.236987	-0.225098	-0.191259	-0.166662	-0.160616	-0.168469	-0.167084	-0.156241	-0.144848	-0.139495	-0.132678	-0.127809	-0.12544	-0.124947	-0.12229	-0.123609	
-0.734935	-0.772125	-0.739678	-0.645846	-0.526538	-0.402762	-0.299311	-0.245782	-0.230381	-0.234549	-0.236986	-0.219625	-0.191266	-0.166502	-0.16243	-0.164001	-0.165753	-0.160392	-0.15311	-0.146992	-0.139048	-0.133192	-0.128398	-0.125885	-0.122123	
-0.677619	-0.756938	-0.770443	-0.713771	-0.612693	-0.494195	-0.374478	-0.285414	-0.238942	-0.230189	-0.239843	-0.236725	-0.222329	-0.193711	-0.170803	-0.161957	-0.157259	-0.161267	-0.158549	-0.160013	-0.154431	-0.15222	-0.14431	-0.142346	-0.135857	
