0.892714	0.724266	0.498785	0.241657	-0.0151133	-0.238957	-0.400598	-0.493318	-0.52092	-0.506366	-0.463272	-0.398881	-0.335156	-0.267397	-0.202846	-0.17406	-0.179319	-0.19673	-0.225288	-0.269537	-0.325233	-0.390735	-0.463093	-0.552228	-0.652814	
0.724266	0.560949	0.35079	0.118026	-0.111361	-0.304988	-0.43218	-0.486641	-0.485083	-0.444619	-0.375121	-0.296225	-0.218644	-0.135248	-0.063807	-0.0296931	-0.0236138	-0.0398376	-0.074604	-0.122338	-0.180786	-0.255505	-0.345632	-0.44955	-0.558855	
0.498785	0.35079	0.171341	-0.0278039	-0.221737	-0.374018	-0.460495	-0.485119	-0.4614	-0.394912	-0.300162	-0.197707	-0.0992412	0.00227202	0.0860061	0.137557	0.161592	0.154345	0.122776	0.0705852	-0.00314296	-0.100918	-0.210512	-0.322879	-0.433356	
0.241657	0.118026	-0.0278039	-0.190571	-0.339857	-0.448289	-0.498467	-0.494978	-0.444309	-0.354704	-0.241832	-0.115415	0.0101533	0.130175	0.236395	0.314185	0.354286	0.353843	0.326926	0.267715	0.177907	0.059596	-0.0686119	-0.18961	-0.301229	
-0.0151133	-0.111361	-0.221737	-0.339857	-0.446072	-0.522667	-0.549092	-0.517183	-0.436199	-0.318936	-0.182067	-0.0380665	0.111125	0.253367	0.378195	0.469321	0.517849	0.529929	0.507258	0.441052	0.33797	0.202984	0.0585899	-0.0612959	-0.1701	
-0.238957	-0.304988	-0.374018	-0.448289	-0.522667	-0.578211	-0.585036	-0.526531	-0.421061	-0.27931	-0.12341	0.0344091	0.198215	0.35612	0.490213	0.582703	0.633815	0.655994	0.637603	0.569022	0.460459	0.323606	0.179292	0.0579203	-0.0568931	
-0.400598	-0.43218	-0.460495	-0.498467	-0.549092	-0.585036	-0.576417	-0.509203	-0.390637	-0.237991	-0.0725777	0.0951313	0.265489	0.428766	0.559146	0.650109	0.704359	0.724005	0.704464	0.643376	0.540731	0.411983	0.279657	0.158965	0.0349295	
-0.493318	-0.486641	-0.485119	-0.494978	-0.517183	-0.526531	-0.509203	-0.445241	-0.334888	-0.189399	-0.0243391	0.146506	0.314422	0.465989	0.588189	0.675257	0.723454	0.74089	0.721453	0.667383	0.577871	0.464527	0.345775	0.222639	0.103418	
-0.52092	-0.485083	-0.4614	-0.444309	-0.436199	-0.421061	-0.390637	-0.334888	-0.246539	-0.125014	0.027444	0.189088	0.337616	0.46864	0.578474	0.656992	0.695023	0.706909	0.692328	0.645521	0.57164	0.481052	0.374308	0.26107	0.154068	
-0.506366	-0.444619	-0.394912	-0.354704	-0.318936	-0.27931	-0.237991	-0.189399	-0.125014	-0.0319484	0.0896906	0.225747	0.349916	0.459145	0.546835	0.607812	0.634828	0.637019	0.625135	0.590553	0.53256	0.458444	0.371046	0.281345	0.198893	
-0.463272	-0.375121	-0.300162	-0.241832	-0.182067	-0.12341	-0.0725777	-0.0243391	0.027444	0.0896906	0.175393	0.271392	0.362933	0.440122	0.497898	0.535697	0.552695	0.550231	0.536845	0.509671	0.46896	0.417892	0.359283	0.302953	0.25858	
-0.398881	-0.296225	-0.197707	-0.115415	-0.0380665	0.0344091	0.0951313	0.146506	0.189088	0.225747	0.271392	0.329339	0.384436	0.424674	0.452839	0.467827	0.470115	0.456533	0.439127	0.417401	0.390221	0.365547	0.345779	0.33317	0.331841	
-0.335156	-0.218644	-0.0992412	0.0101533	0.111125	0.198215	0.265489	0.314422	0.337616	0.349916	0.362933	0.384436	0.406663	0.418866	0.423518	0.417394	0.40176	0.37469	0.345723	0.332788	0.32966	0.331876	0.344212	0.37383	0.419169	
-0.267397	-0.135248	0.00227202	0.130175	0.253367	0.35612	0.428766	0.465989	0.46864	0.459145	0.440122	0.424674	0.418866	0.415911	0.41201	0.39613	0.366243	0.323706	0.28713	0.28079	0.302873	0.335557	0.378046	0.436109	0.516132	
-0.202846	-0.063807	0.0860061	0.236395	0.378195	0.490213	0.559146	0.588189	0.578474	0.546835	0.497898	0.452839	0.423518	0.41201	0.407454	0.389382	0.349383	0.301458	0.267213	0.270425	0.3158	0.375866	0.441	0.51895	0.622005	
-0.17406	-0.0296931	0.137557	0.314185	0.469321	0.582703	0.650109	0.675257	0.656992	0.607812	0.535697	0.467827	0.417394	0.39613	0.389382	0.371002	0.332007	0.290568	0.271206	0.289113	0.35665	0.443247	0.528676	0.618837	0.730012	
-0.179319	-0.0236138	0.161592	0.354286	0.517849	0.633815	0.704359	0.723454	0.695023	0.634828	0.552695	0.470115	0.40176	0.366243	0.349383	0.332007	0.31123	0.291231	0.295206	0.331712	0.415365	0.52445	0.632723	0.733884	0.850211	
-0.19673	-0.0398376	0.154345	0.353843	0.529929	0.655994	0.724005	0.74089	0.706909	0.637019	0.550231	0.456533	0.37469	0.323706	0.301458	0.290568	0.291231	0.30499	0.33807	0.397735	0.494591	0.61704	0.740427	0.850572	0.968457	
-0.225288	-0.074604	0.122776	0.326926	0.507258	0.637603	0.704464	0.721453	0.692328	0.625135	0.536845	0.439127	0.345723	0.28713	0.267213	0.271206	0.295206	0.33807	0.396511	0.476648	0.57961	0.700363	0.819549	0.938653	1.05699	
-0.269537	-0.122338	0.0705852	0.267715	0.441052	0.569022	0.643376	0.667383	0.645521	0.590553	0.509671	0.417401	0.332788	0.28079	0.270425	0.289113	0.331712	0.397735	0.476648	0.56352	0.665687	0.776719	0.881311	0.991122	1.10307	
-0.325233	-0.180786	-0.00314296	0.177907	0.33797	0.460459	0.540731	0.577871	0.57164	0.53256	0.46896	0.390221	0.32966	0.302873	0.3158	0.35665	0.415365	0.494591	0.57961	0.665687	0.761038	0.856278	0.934857	1.01914	1.10994	
-0.390735	-0.255505	-0.100918	0.059596	0.202984	0.323606	0.411983	0.464527	0.481052	0.458444	0.417892	0.365547	0.331876	0.335557	0.375866	0.443247	0.52445	0.61704	0.700363	0.776719	0.856278	0.926054	0.982387	1.03715	1.09353	
-0.463093	-0.345632	-0.210512	-0.0686119	0.0585899	0.179292	0.279657	0.345775	0.374308	0.371046	0.359283	0.345779	0.344212	0.378046	0.441	0.528676	0.632723	0.740427	0.819549	0.881311	0.934857	0.982387	1.01304	1.04361	1.06621	
-0.552228	-0.44955	-0.322879	-0.18961	-0.0612959	0.0579203	0.158965	0.222639	0.26107	0.281345	0.302953	0.33317	0.37383	0.436109	0.51895	0.618837	0.733884	0.850572	0.938653	0.991122	1.01914	1.03715	1.04361	1.04242	1.02883	
-0.652814	-0.558855	-0.433356	-0.301229	-0.1701	-0.0568931	0.0349295	0.103418	0.154068	0.198893	0.25858	0.331841	0.419169	0.516132	0.622005	0.730012	0.850211	0.968457	1.05699	1.10307	1.10994	1.09353	1.06621	1.02883	0.979294	
-0.764921	-0.673467	-0.54791	-0.417092	-0.294913	-0.185189	-0.0907687	-0.00534698	0.0670785	0.139518	0.233163	0.348945	0.483031	0.619184	0.754084	0.876411	0.992721	1.09551	1.16907	1.19856	1.17888	1.12847	1.06098	0.988806	0.908704	
-0.883023	-0.794578	-0.675664	-0.544263	-0.423546	-0.3143	-0.214416	-0.114522	-0.0122971	0.101467	0.234004	0.389857	0.5626	0.734555	0.89172	1.02629	1.12876	1.20672	1.25872	1.26442	1.22029	1.14288	1.03725	0.925921	0.819609	
-0.99911	-0.917469	-0.797855	-0.666301	-0.537886	-0.424015	-0.31796	-0.199705	-0.0674819	0.0853928	0.259366	0.449771	0.651497	0.847915	1.01673	1.15427	1.23752	1.28881	1.31544	1.30369	1.24746	1.14622	1.01485	0.87798	0.746909	
-1.09395	-1.01674	-0.896067	-0.762861	-0.62958	-0.508573	-0.386148	-0.246308	-0.0905252	0.0866377	0.289285	0.50671	0.727982	0.936757	1.1054	1.2308	1.30337	1.33677	1.34299	1.31611	1.24718	1.12877	0.992474	0.852159	0.710054	
-1.14701	-1.07088	-0.955998	-0.823192	-0.68844	-0.557751	-0.420736	-0.264414	-0.0919283	0.104605	0.314102	0.539393	0.766488	0.974309	1.14762	1.26378	1.33086	1.35328	1.34761	1.30928	1.2263	1.10351	0.968865	0.835062	0.699279	
-1.15458	-1.07967	-0.966838	-0.833438	-0.698601	-0.565405	-0.425853	-0.267357	-0.0914165	0.109911	0.320029	0.545851	0.771702	0.979632	1.15489	1.26948	1.33583	1.35489	1.34742	1.30699	1.21948	1.09784	0.961264	0.830575	0.697952	
-1.12109	-1.0439	-0.925267	-0.792371	-0.65797	-0.533133	-0.403868	-0.256325	-0.0923926	0.0923925	0.300309	0.522692	0.748237	0.957501	1.12737	1.24782	1.3173	1.3458	1.34699	1.3143	1.23965	1.11784	0.983551	0.845316	0.703447	
-1.04064	-0.961612	-0.840409	-0.707994	-0.577867	-0.461572	-0.349603	-0.222207	-0.0802909	0.0837661	0.271389	0.474325	0.685656	0.888734	1.05741	1.19104	1.26993	1.31313	1.3298	1.31209	1.25131	1.14172	1.0054	0.865627	0.728771	
-0.930488	-0.844546	-0.726759	-0.595593	-0.471686	-0.360801	-0.259063	-0.15372	-0.0384582	0.0929738	0.242445	0.412361	0.597802	0.780865	0.944602	1.08252	1.17614	1.24304	1.28554	1.28347	1.23325	1.14547	1.02824	0.903882	0.786519	
-0.811576	-0.72067	-0.59807	-0.467324	-0.34681	-0.237974	-0.141508	-0.0488634	0.0337232	0.121826	0.229816	0.362613	0.512732	0.664702	0.809827	0.937839	1.04933	1.1434	1.20796	1.22784	1.19745	1.13654	1.05179	0.963597	0.873532	
-0.6969	-0.604381	-0.47783	-0.346152	-0.218435	-0.10657	-0.0149519	0.0592139	0.117845	0.172215	0.245324	0.336113	0.443497	0.555562	0.671677	0.78492	0.904901	1.01877	1.10355	1.1452	1.14189	1.11033	1.06792	1.01798	0.953887	
-0.590787	-0.492621	-0.367743	-0.234729	-0.104004	0.0127766	0.110005	0.17337	0.216062	0.246454	0.283729	0.330587	0.389767	0.465258	0.557288	0.659595	0.777376	0.89641	0.986237	1.03606	1.05624	1.06058	1.05447	1.03842	1.01078	
-0.497018	-0.385967	-0.255505	-0.118523	0.00743559	0.128204	0.230836	0.297103	0.329567	0.335514	0.335555	0.339756	0.35407	0.39816	0.469951	0.563536	0.672679	0.785197	0.867402	0.924657	0.966759	1.0032	1.02532	1.04446	1.05331	
-0.418131	-0.289363	-0.14381	0.00839594	0.144256	0.264221	0.357657	0.417293	0.43991	0.423578	0.394596	0.357103	0.334858	0.352292	0.401043	0.477018	0.569063	0.667721	0.748472	0.81904	0.888555	0.949608	0.995572	1.04093	1.08293	
-0.350964	-0.20889	-0.0397084	0.133022	0.286979	0.408658	0.491079	0.534547	0.537323	0.505995	0.450367	0.379677	0.329669	0.314886	0.339565	0.392123	0.458084	0.541445	0.62645	0.710582	0.8013	0.886475	0.955739	1.02761	1.10569	
-0.289633	-0.143953	0.0441222	0.23579	0.403952	0.529012	0.60662	0.635321	0.618176	0.569292	0.494757	0.40634	0.330561	0.287151	0.284582	0.310396	0.359389	0.431806	0.515808	0.602084	0.701804	0.80874	0.902653	1.00366	1.10983	
-0.24234	-0.0921381	0.10434	0.30724	0.485987	0.615492	0.68536	0.704485	0.678331	0.614735	0.527857	0.431439	0.339076	0.280063	0.263047	0.272818	0.305216	0.357999	0.425515	0.509941	0.614231	0.730623	0.846156	0.963646	1.08116	
-0.205625	-0.0521549	0.143915	0.346154	0.525199	0.655309	0.721266	0.737133	0.704319	0.633949	0.545906	0.449932	0.3619	0.30759	0.285323	0.279291	0.289329	0.315167	0.358982	0.429051	0.528679	0.651828	0.774826	0.890031	1.00813	
-0.185486	-0.0273459	0.162417	0.358205	0.526709	0.646545	0.71654	0.733999	0.70269	0.637685	0.554189	0.465967	0.391925	0.349664	0.329284	0.313647	0.301681	0.295578	0.310814	0.355525	0.445061	0.561125	0.678419	0.782889	0.899534	
-0.173372	-0.0243245	0.150714	0.335166	0.493865	0.60702	0.675815	0.699319	0.67616	0.622227	0.544581	0.470943	0.412976	0.385968	0.376135	0.358022	0.324511	0.289415	0.277898	0.303808	0.3775	0.474054	0.567242	0.66195	0.777067	
-0.18651	-0.0458672	0.110211	0.271182	0.419391	0.532794	0.600008	0.627157	0.614612	0.575105	0.515503	0.459848	0.421705	0.407347	0.402809	0.384442	0.342672	0.295889	0.266381	0.274386	0.329665	0.400693	0.474559	0.55787	0.663967	
-0.239137	-0.103511	0.0393732	0.175113	0.306487	0.414207	0.486152	0.519217	0.515465	0.496852	0.46589	0.437584	0.42194	0.41514	0.410262	0.393586	0.358662	0.312381	0.27577	0.271995	0.303698	0.347777	0.399609	0.46663	0.558357	
-0.308594	-0.185694	-0.0586143	0.0592762	0.169007	0.262492	0.333492	0.3781	0.391678	0.395427	0.395617	0.402177	0.41308	0.417702	0.416527	0.405157	0.383631	0.350009	0.316814	0.307259	0.313895	0.328711	0.353722	0.396207	0.456285	
-0.373726	-0.264676	-0.158223	-0.0648015	0.021747	0.0995894	0.16283	0.214843	0.25127	0.277189	0.309758	0.352961	0.393234	0.421121	0.439216	0.444865	0.439906	0.42153	0.400057	0.381019	0.362757	0.347805	0.341522	0.347269	0.365722	
-0.438808	-0.344136	-0.259239	-0.191646	-0.125961	-0.0604292	-0.00522059	0.0433589	0.0918923	0.144547	0.212755	0.293864	0.370862	0.432512	0.477809	0.507094	0.518977	0.512849	0.498181	0.473806	0.437719	0.397531	0.35436	0.314704	0.286589	
