-0.458276	-0.430657	-0.411682	-0.406284	-0.412818	-0.418698	-0.401894	-0.35027	-0.26494	-0.149988	-0.0108411	0.119334	0.220753	0.284907	0.315643	0.316147	0.301733	0.281953	0.268538	0.250716	0.214868	0.16504	0.121618	0.0986063	0.0994228	
-0.430657	-0.388054	-0.352956	-0.32831	-0.302842	-0.275447	-0.232191	-0.169069	-0.0729208	0.0520057	0.196324	0.32621	0.41186	0.452143	0.453594	0.421037	0.362979	0.301081	0.24867	0.199319	0.136045	0.0675937	0.00111102	-0.0451106	-0.0682379	
-0.411682	-0.352956	-0.290975	-0.228275	-0.167266	-0.110525	-0.0450007	0.0339969	0.137339	0.265624	0.407866	0.526839	0.593273	0.611084	0.583415	0.51327	0.41159	0.299126	0.202571	0.123606	0.0434579	-0.0392248	-0.120132	-0.184542	-0.229943	
-0.406284	-0.32831	-0.228275	-0.126763	-0.0374407	0.0509779	0.151243	0.250979	0.360342	0.482188	0.603626	0.697155	0.737146	0.722695	0.65959	0.555543	0.415769	0.265824	0.136165	0.0247847	-0.0792114	-0.168398	-0.251782	-0.322028	-0.378167	
-0.412818	-0.302842	-0.167266	-0.0374407	0.0796414	0.200599	0.331124	0.448851	0.564613	0.67781	0.774115	0.831775	0.827689	0.765083	0.658619	0.523649	0.360539	0.194024	0.0450507	-0.0886936	-0.207946	-0.302932	-0.384434	-0.447235	-0.503471	
-0.418698	-0.275447	-0.110525	0.0509779	0.200599	0.347853	0.489287	0.617561	0.732491	0.831608	0.895562	0.909063	0.854416	0.746328	0.601783	0.438813	0.261748	0.0871193	-0.0715757	-0.214524	-0.331907	-0.418541	-0.486103	-0.540236	-0.596685	
-0.401894	-0.232191	-0.0450007	0.151243	0.331124	0.489287	0.635108	0.7599	0.859726	0.929092	0.951007	0.912533	0.818145	0.673874	0.498147	0.312254	0.127642	-0.044632	-0.196082	-0.33261	-0.444021	-0.518223	-0.560786	-0.591704	-0.635333	
-0.35027	-0.169069	0.0339969	0.250979	0.448851	0.617561	0.7599	0.867708	0.933811	0.956684	0.924338	0.839186	0.708543	0.537891	0.342482	0.148885	-0.0283712	-0.18423	-0.319625	-0.436533	-0.526452	-0.57864	-0.593535	-0.596083	-0.618488	
-0.26494	-0.0729208	0.137339	0.360342	0.564613	0.732491	0.859726	0.933811	0.95096	0.915026	0.823937	0.688237	0.52549	0.334514	0.137951	-0.0421083	-0.194385	-0.321519	-0.423309	-0.51197	-0.575122	-0.595964	-0.580771	-0.564349	-0.572632	
-0.149988	0.0520057	0.265624	0.482188	0.67781	0.831608	0.929092	0.956684	0.915026	0.809676	0.655472	0.473155	0.281512	0.0849357	-0.0913482	-0.243441	-0.361814	-0.446363	-0.506757	-0.555181	-0.583021	-0.579961	-0.554099	-0.523646	-0.516954	
-0.0108411	0.196324	0.407866	0.603626	0.774115	0.895562	0.951007	0.924338	0.823937	0.655472	0.448331	0.233399	0.0260882	-0.161009	-0.315502	-0.438662	-0.512323	-0.549609	-0.5734	-0.579648	-0.572001	-0.551188	-0.515641	-0.478896	-0.464476	
0.119334	0.32621	0.526839	0.697155	0.831775	0.909063	0.912533	0.839186	0.688237	0.473155	0.233399	0.00690005	-0.19323	-0.363344	-0.496216	-0.58495	-0.621663	-0.632172	-0.624359	-0.593411	-0.556543	-0.513057	-0.463003	-0.425493	-0.409047	
0.220753	0.41186	0.593273	0.737146	0.827689	0.854416	0.818145	0.708543	0.52549	0.281512	0.0260882	-0.19323	-0.377424	-0.529228	-0.629847	-0.677052	-0.689665	-0.681051	-0.650885	-0.599175	-0.542029	-0.478819	-0.425646	-0.385024	-0.360737	
0.284907	0.452143	0.611084	0.722695	0.765083	0.746328	0.673874	0.537891	0.334514	0.0849357	-0.161009	-0.363344	-0.529228	-0.648911	-0.713727	-0.731301	-0.718703	-0.687783	-0.642378	-0.584006	-0.514556	-0.445229	-0.40235	-0.372609	-0.344118	
0.315643	0.453594	0.583415	0.65959	0.658619	0.601783	0.498147	0.342482	0.137951	-0.0913482	-0.315502	-0.496216	-0.629847	-0.713727	-0.744586	-0.730682	-0.688515	-0.638832	-0.586279	-0.526481	-0.462081	-0.406322	-0.373103	-0.353527	-0.338638	
0.316147	0.421037	0.51327	0.555543	0.523649	0.438813	0.312254	0.148885	-0.0421083	-0.243441	-0.438662	-0.58495	-0.677052	-0.731301	-0.730682	-0.683068	-0.614693	-0.552121	-0.499875	-0.443503	-0.383963	-0.348383	-0.33143	-0.327054	-0.326806	
0.301733	0.362979	0.41159	0.415769	0.360539	0.261748	0.127642	-0.0283712	-0.194385	-0.361814	-0.512323	-0.621663	-0.689665	-0.718703	-0.688515	-0.614693	-0.53007	-0.454447	-0.394024	-0.343708	-0.302423	-0.28296	-0.27823	-0.291181	-0.306743	
0.281953	0.301081	0.299126	0.265824	0.194024	0.0871193	-0.044632	-0.18423	-0.321519	-0.446363	-0.549609	-0.632172	-0.681051	-0.687783	-0.638832	-0.552121	-0.454447	-0.36982	-0.30324	-0.261095	-0.238423	-0.232367	-0.24275	-0.268544	-0.29115	
0.268538	0.24867	0.202571	0.136165	0.0450507	-0.0715757	-0.196082	-0.319625	-0.423309	-0.506757	-0.5734	-0.624359	-0.650885	-0.642378	-0.586279	-0.499875	-0.394024	-0.30324	-0.247944	-0.216903	-0.209182	-0.219703	-0.242608	-0.270016	-0.293769	
0.250716	0.199319	0.123606	0.0247847	-0.0886936	-0.214524	-0.33261	-0.436533	-0.51197	-0.555181	-0.579648	-0.593411	-0.599175	-0.584006	-0.526481	-0.443503	-0.343708	-0.261095	-0.216903	-0.202124	-0.210042	-0.235435	-0.262833	-0.291453	-0.307603	
0.214868	0.136045	0.0434579	-0.0792114	-0.207946	-0.331907	-0.444021	-0.526452	-0.575122	-0.583021	-0.572001	-0.556543	-0.542029	-0.514556	-0.462081	-0.383963	-0.302423	-0.238423	-0.209182	-0.210042	-0.235799	-0.266611	-0.290988	-0.305143	-0.309266	
0.16504	0.0675937	-0.0392248	-0.168398	-0.302932	-0.418541	-0.518223	-0.57864	-0.595964	-0.579961	-0.551188	-0.513057	-0.478819	-0.445229	-0.406322	-0.348383	-0.28296	-0.232367	-0.219703	-0.235435	-0.266611	-0.293663	-0.314063	-0.319102	-0.307444	
0.121618	0.00111102	-0.120132	-0.251782	-0.384434	-0.486103	-0.560786	-0.593535	-0.580771	-0.554099	-0.515641	-0.463003	-0.425646	-0.40235	-0.373103	-0.33143	-0.27823	-0.24275	-0.242608	-0.262833	-0.290988	-0.314063	-0.323115	-0.320615	-0.302159	
0.0986063	-0.0451106	-0.184542	-0.322028	-0.447235	-0.540236	-0.591704	-0.596083	-0.564349	-0.523646	-0.478896	-0.425493	-0.385024	-0.372609	-0.353527	-0.327054	-0.291181	-0.268544	-0.270016	-0.291453	-0.305143	-0.319102	-0.320615	-0.311526	-0.291113	
0.0994228	-0.0682379	-0.229943	-0.378167	-0.503471	-0.596685	-0.635333	-0.618488	-0.572632	-0.516954	-0.464476	-0.409047	-0.360737	-0.344118	-0.338638	-0.326806	-0.306743	-0.29115	-0.293769	-0.307603	-0.309266	-0.307444	-0.302159	-0.291113	-0.272852	
0.12166	-0.0701908	-0.256251	-0.419868	-0.55802	-0.655774	-0.689218	-0.664915	-0.61138	-0.54876	-0.481713	-0.412432	-0.35552	-0.33118	-0.324299	-0.316187	-0.302489	-0.298632	-0.309989	-0.316627	-0.307737	-0.288203	-0.271399	-0.266417	-0.257467	
0.160908	-0.0532719	-0.260455	-0.447004	-0.601304	-0.704849	-0.742527	-0.722507	-0.666731	-0.596002	-0.51261	-0.42793	-0.358075	-0.316119	-0.297813	-0.29065	-0.286294	-0.295751	-0.316302	-0.314512	-0.297978	-0.273943	-0.250823	-0.241316	-0.243312	
0.206581	-0.0247807	-0.257617	-0.469746	-0.640826	-0.748363	-0.791395	-0.773851	-0.716516	-0.629785	-0.534687	-0.434756	-0.350362	-0.29288	-0.264414	-0.259852	-0.268057	-0.28669	-0.311216	-0.313206	-0.292403	-0.264928	-0.241164	-0.232936	-0.239084	
0.245389	-0.00340794	-0.262551	-0.500712	-0.684962	-0.791563	-0.831348	-0.810846	-0.747482	-0.649892	-0.541366	-0.427271	-0.336175	-0.274467	-0.240413	-0.231357	-0.247861	-0.281304	-0.314657	-0.322662	-0.302116	-0.267269	-0.239594	-0.236233	-0.24402	
0.268846	0.00766522	-0.268168	-0.527184	-0.718391	-0.82298	-0.85921	-0.836732	-0.760785	-0.655251	-0.533288	-0.414038	-0.318086	-0.256781	-0.218741	-0.216644	-0.24265	-0.284125	-0.319661	-0.330694	-0.307081	-0.272883	-0.246876	-0.240519	-0.248803	
0.272691	0.00888358	-0.26896	-0.533307	-0.724191	-0.828978	-0.864981	-0.842473	-0.763071	-0.656152	-0.53036	-0.412715	-0.315203	-0.251814	-0.214294	-0.214687	-0.243325	-0.286842	-0.321449	-0.330102	-0.307166	-0.27621	-0.250755	-0.240314	-0.2481	
0.25687	0.00225425	-0.265339	-0.512945	-0.700902	-0.805848	-0.844401	-0.822511	-0.754338	-0.653002	-0.538801	-0.421863	-0.328633	-0.267346	-0.230651	-0.223549	-0.243808	-0.281824	-0.31641	-0.32788	-0.305596	-0.269367	-0.241739	-0.2388	-0.246335	
0.223578	-0.0146028	-0.258785	-0.481172	-0.658317	-0.766509	-0.808707	-0.79073	-0.732072	-0.639823	-0.53986	-0.43273	-0.345031	-0.285082	-0.254254	-0.247386	-0.259352	-0.283626	-0.311961	-0.315688	-0.295051	-0.264384	-0.239252	-0.233772	-0.240287	
0.179204	-0.0422095	-0.258952	-0.455843	-0.616461	-0.722039	-0.762552	-0.744495	-0.687939	-0.610652	-0.523367	-0.4325	-0.35645	-0.307211	-0.282879	-0.278154	-0.279967	-0.291952	-0.314136	-0.312809	-0.294116	-0.269974	-0.246008	-0.235013	-0.240285	
0.135615	-0.0656117	-0.259763	-0.432689	-0.576396	-0.676789	-0.710926	-0.688108	-0.632812	-0.568295	-0.493178	-0.418846	-0.357292	-0.326226	-0.315752	-0.307499	-0.296222	-0.298965	-0.314908	-0.316145	-0.304143	-0.282198	-0.261784	-0.255209	-0.251283	
0.105918	-0.071321	-0.243497	-0.396253	-0.527028	-0.620779	-0.656535	-0.634455	-0.58479	-0.525508	-0.46786	-0.407311	-0.356026	-0.337592	-0.333416	-0.324671	-0.307336	-0.295758	-0.300483	-0.313236	-0.309518	-0.298536	-0.289282	-0.282322	-0.26599	
0.096058	-0.0572584	-0.205025	-0.345944	-0.46964	-0.561885	-0.607183	-0.601454	-0.563953	-0.517123	-0.469767	-0.416839	-0.373753	-0.360221	-0.347612	-0.327245	-0.299028	-0.279892	-0.280641	-0.29891	-0.308268	-0.317627	-0.316029	-0.303777	-0.28381	
0.109792	-0.0204684	-0.147983	-0.281983	-0.411519	-0.508617	-0.573077	-0.593972	-0.57245	-0.540472	-0.499431	-0.445253	-0.407545	-0.389904	-0.36422	-0.327906	-0.281282	-0.251595	-0.253492	-0.275217	-0.297759	-0.317337	-0.323317	-0.318416	-0.299112	
0.145524	0.0401704	-0.0725343	-0.202404	-0.33696	-0.448241	-0.538006	-0.588582	-0.593238	-0.572615	-0.538342	-0.492992	-0.455473	-0.424548	-0.390764	-0.340418	-0.278538	-0.234132	-0.228309	-0.246079	-0.2775	-0.302774	-0.319039	-0.321326	-0.305646	
0.195782	0.108902	0.0104737	-0.116011	-0.248465	-0.369622	-0.478003	-0.551623	-0.588179	-0.585057	-0.565947	-0.539801	-0.517012	-0.485942	-0.437014	-0.366547	-0.292303	-0.233752	-0.210945	-0.219403	-0.249044	-0.278846	-0.301372	-0.311259	-0.308951	
0.238385	0.175444	0.0919341	-0.0183944	-0.138822	-0.265451	-0.381678	-0.477282	-0.541506	-0.569753	-0.57791	-0.578882	-0.576527	-0.557386	-0.500695	-0.418632	-0.325538	-0.250382	-0.211517	-0.202117	-0.217286	-0.246734	-0.273896	-0.297967	-0.310023	
0.26298	0.229518	0.169831	0.0900306	-0.0101916	-0.13084	-0.252152	-0.368652	-0.460257	-0.526769	-0.57805	-0.613967	-0.631481	-0.620567	-0.563801	-0.478428	-0.372641	-0.283022	-0.232844	-0.209023	-0.206927	-0.223245	-0.248699	-0.277786	-0.299072	
0.275861	0.278658	0.257703	0.211294	0.132125	0.0215943	-0.107268	-0.240614	-0.364783	-0.473266	-0.560482	-0.632	-0.672362	-0.671268	-0.618051	-0.531221	-0.428861	-0.341305	-0.27739	-0.23862	-0.222219	-0.223669	-0.239113	-0.266136	-0.290298	
0.294322	0.337126	0.366171	0.355124	0.292412	0.190495	0.0557916	-0.0935877	-0.248079	-0.398888	-0.529817	-0.627366	-0.688545	-0.70778	-0.668165	-0.587529	-0.498324	-0.418168	-0.353128	-0.306523	-0.272999	-0.258566	-0.260141	-0.279529	-0.298575	
0.311219	0.400425	0.475523	0.502596	0.461557	0.369439	0.237542	0.075546	-0.106656	-0.295763	-0.474221	-0.60557	-0.685304	-0.729046	-0.716779	-0.656704	-0.580433	-0.512896	-0.45885	-0.404293	-0.350951	-0.322196	-0.310619	-0.312773	-0.319913	
0.318684	0.444757	0.560487	0.622144	0.607665	0.538083	0.424735	0.263457	0.0632278	-0.155003	-0.369003	-0.537438	-0.654429	-0.72586	-0.743289	-0.715816	-0.662678	-0.607145	-0.554333	-0.495101	-0.433064	-0.385817	-0.35838	-0.343836	-0.335491	
0.300565	0.457121	0.605044	0.703386	0.726347	0.691681	0.606336	0.460829	0.255046	0.0110456	-0.226791	-0.421164	-0.576303	-0.680966	-0.731194	-0.738461	-0.713763	-0.674638	-0.625071	-0.565707	-0.496388	-0.431055	-0.39201	-0.366552	-0.341196	
0.251464	0.432745	0.605728	0.737566	0.808957	0.816647	0.765915	0.644625	0.451931	0.20223	-0.0521878	-0.265176	-0.443501	-0.583952	-0.670575	-0.703917	-0.706609	-0.689682	-0.65288	-0.597685	-0.534439	-0.46585	-0.41582	-0.378146	-0.350761	
0.163511	0.365984	0.559994	0.719673	0.837929	0.895616	0.881157	0.792032	0.626042	0.396662	0.149486	-0.0764138	-0.270517	-0.433883	-0.554681	-0.626619	-0.653401	-0.65692	-0.637849	-0.596188	-0.550416	-0.497927	-0.445112	-0.405939	-0.38681	
0.0438827	0.252426	0.460665	0.646664	0.803278	0.907901	0.943334	0.896229	0.77399	0.58522	0.362084	0.140108	-0.0660961	-0.247772	-0.394199	-0.5047	-0.561637	-0.584946	-0.595204	-0.586408	-0.565926	-0.536746	-0.494939	-0.457402	-0.442665	
