0.140606	0.135224	0.127849	0.114837	0.0894078	0.0422263	-0.0499673	-0.190948	-0.371001	-0.561899	-0.738181	-0.889682	-0.987644	-1.02053	-0.98694	-0.887886	-0.728496	-0.532312	-0.339982	-0.198533	-0.125898	-0.10777	-0.133548	-0.194729	-0.287878	
0.135224	0.146354	0.154639	0.154016	0.13234	0.0784046	-0.0163929	-0.153036	-0.316603	-0.492979	-0.669555	-0.822483	-0.92024	-0.954144	-0.925265	-0.837064	-0.6886	-0.501253	-0.322145	-0.181252	-0.0971287	-0.0640664	-0.0668366	-0.103879	-0.180796	
0.127849	0.154639	0.184963	0.197219	0.175345	0.109685	0.00747477	-0.117031	-0.255875	-0.411451	-0.568143	-0.703478	-0.789204	-0.815177	-0.781389	-0.694576	-0.552938	-0.381485	-0.219961	-0.0931712	-0.011138	0.030872	0.041547	0.027767	-0.0300983	
0.114837	0.154016	0.197219	0.217089	0.19168	0.12203	0.0257423	-0.0828568	-0.191907	-0.309443	-0.427171	-0.533124	-0.601164	-0.612431	-0.570068	-0.477371	-0.341459	-0.183169	-0.0396901	0.067313	0.135653	0.175703	0.186463	0.17874	0.137686	
0.0894078	0.13234	0.175345	0.19168	0.168031	0.111802	0.0308068	-0.0521212	-0.121326	-0.191002	-0.26368	-0.330086	-0.371597	-0.368785	-0.313196	-0.216455	-0.0836676	0.0620454	0.186884	0.274152	0.327336	0.35676	0.35452	0.338154	0.305808	
0.0422263	0.0784046	0.109685	0.12203	0.111802	0.0781767	0.0260599	-0.0194413	-0.0486145	-0.0747932	-0.101647	-0.123546	-0.132854	-0.107699	-0.039658	0.0617811	0.184196	0.308363	0.41233	0.484375	0.525891	0.539433	0.524245	0.495455	0.460463	
-0.0499673	-0.0163929	0.00747477	0.0257423	0.0308068	0.0260599	0.017335	0.0170704	0.0283387	0.0468278	0.0636313	0.0793955	0.101509	0.147439	0.225044	0.323352	0.427775	0.526775	0.612688	0.669332	0.694669	0.691827	0.663914	0.619802	0.574436	
-0.190948	-0.153036	-0.117031	-0.0828568	-0.0521212	-0.0194413	0.0170704	0.0617028	0.113515	0.169711	0.219255	0.26218	0.310628	0.372334	0.449644	0.534929	0.619716	0.698809	0.763375	0.800003	0.806736	0.784982	0.745812	0.688843	0.626831	
-0.371001	-0.316603	-0.255875	-0.191907	-0.121326	-0.0486145	0.0283387	0.113515	0.20183	0.286714	0.35881	0.420275	0.484024	0.549089	0.616804	0.686876	0.756008	0.818301	0.863891	0.878119	0.861333	0.818084	0.761268	0.690702	0.612926	
-0.561899	-0.492979	-0.411451	-0.309443	-0.191002	-0.0747932	0.0468278	0.169711	0.286714	0.391133	0.475974	0.546255	0.609504	0.668637	0.725785	0.78013	0.832504	0.883674	0.916549	0.912668	0.873684	0.809669	0.73234	0.638208	0.540378	
-0.738181	-0.669555	-0.568143	-0.427171	-0.26368	-0.101647	0.0636313	0.219255	0.35881	0.475974	0.563082	0.63075	0.687204	0.739855	0.78996	0.829452	0.867074	0.911517	0.930011	0.907695	0.852494	0.774553	0.674488	0.553796	0.425949	
-0.889682	-0.822483	-0.703478	-0.533124	-0.330086	-0.123546	0.0793955	0.26218	0.420275	0.546255	0.63075	0.693446	0.746793	0.790695	0.828519	0.853984	0.879124	0.910141	0.912179	0.875186	0.813004	0.722196	0.59752	0.446564	0.284634	
-0.987644	-0.92024	-0.789204	-0.601164	-0.371597	-0.132854	0.101509	0.310628	0.484024	0.609504	0.687204	0.746793	0.792515	0.827556	0.852691	0.869276	0.881776	0.889574	0.86949	0.820048	0.748073	0.644221	0.502662	0.330207	0.145539	
-1.02053	-0.954144	-0.815177	-0.612431	-0.368785	-0.107699	0.147439	0.372334	0.549089	0.668637	0.739855	0.790695	0.827556	0.846126	0.859181	0.864736	0.858687	0.845114	0.805068	0.741148	0.662154	0.551011	0.399544	0.215898	0.0171189	
-0.98694	-0.925265	-0.781389	-0.570068	-0.313196	-0.039658	0.225044	0.449644	0.616804	0.725785	0.78996	0.828519	0.852691	0.859181	0.856482	0.840968	0.815974	0.778714	0.717606	0.639649	0.557379	0.444858	0.289201	0.100173	-0.0993096	
-0.887886	-0.837064	-0.694576	-0.477371	-0.216455	0.0617811	0.323352	0.534929	0.686876	0.78013	0.829452	0.853984	0.869276	0.864736	0.840968	0.801047	0.74682	0.681906	0.603729	0.51829	0.434461	0.322072	0.162494	-0.0256612	-0.210495	
-0.728496	-0.6886	-0.552938	-0.341459	-0.0836676	0.184196	0.427775	0.619716	0.756008	0.832504	0.867074	0.879124	0.881776	0.858687	0.815974	0.74682	0.658605	0.568783	0.47828	0.388411	0.299213	0.180191	0.0180393	-0.163184	-0.34019	
-0.532312	-0.501253	-0.381485	-0.183169	0.0620454	0.308363	0.526775	0.698809	0.818301	0.883674	0.911517	0.910141	0.889574	0.845114	0.778714	0.681906	0.568783	0.457559	0.354751	0.254408	0.15015	0.0253102	-0.128911	-0.302488	-0.471495	
-0.339982	-0.322145	-0.219961	-0.0396901	0.186884	0.41233	0.612688	0.763375	0.863891	0.916549	0.930011	0.912179	0.86949	0.805068	0.717606	0.603729	0.47828	0.354751	0.236045	0.11948	-0.000790064	-0.127986	-0.267703	-0.421359	-0.571731	
-0.198533	-0.181252	-0.0931712	0.067313	0.274152	0.484375	0.669332	0.800003	0.878119	0.912668	0.907695	0.875186	0.820048	0.741148	0.639649	0.51829	0.388411	0.254408	0.11948	-0.00993597	-0.139814	-0.266593	-0.389761	-0.512968	-0.632239	
-0.125898	-0.0971287	-0.011138	0.135653	0.327336	0.525891	0.694669	0.806736	0.861333	0.873684	0.852494	0.813004	0.748073	0.662154	0.557379	0.434461	0.299213	0.15015	-0.000790064	-0.139814	-0.26892	-0.386413	-0.485646	-0.577142	-0.659552	
-0.10777	-0.0640664	0.030872	0.175703	0.35676	0.539433	0.691827	0.784982	0.818084	0.809669	0.774553	0.722196	0.644221	0.551011	0.444858	0.322072	0.180191	0.0253102	-0.127986	-0.266593	-0.386413	-0.479575	-0.550735	-0.607695	-0.655255	
-0.133548	-0.0668366	0.041547	0.186463	0.35452	0.524245	0.663914	0.745812	0.761268	0.73234	0.674488	0.59752	0.502662	0.399544	0.289201	0.162494	0.0180393	-0.128911	-0.267703	-0.389761	-0.485646	-0.550735	-0.584853	-0.603568	-0.61237	
-0.194729	-0.103879	0.027767	0.17874	0.338154	0.495455	0.619802	0.688843	0.690702	0.638208	0.553796	0.446564	0.330207	0.215898	0.100173	-0.0256612	-0.163184	-0.302488	-0.421359	-0.512968	-0.577142	-0.607695	-0.603568	-0.576498	-0.533158	
-0.287878	-0.180796	-0.0300983	0.137686	0.305808	0.460463	0.574436	0.626831	0.612926	0.540378	0.425949	0.284634	0.145539	0.0171189	-0.0993096	-0.210495	-0.34019	-0.471495	-0.571731	-0.632239	-0.659552	-0.655255	-0.61237	-0.533158	-0.432906	
-0.40634	-0.28156	-0.111598	0.0738159	0.254823	0.412594	0.51504	0.554771	0.527578	0.436117	0.30092	0.135753	-0.0238269	-0.162414	-0.27692	-0.38399	-0.503214	-0.620761	-0.699938	-0.731336	-0.726933	-0.685845	-0.596591	-0.461617	-0.310265	
-0.541579	-0.392948	-0.204563	-0.00463437	0.182907	0.339095	0.435464	0.466493	0.42859	0.328127	0.186151	0.0145568	-0.153648	-0.296476	-0.418616	-0.529791	-0.640747	-0.736696	-0.791643	-0.798605	-0.760957	-0.675576	-0.536323	-0.356951	-0.163912	
-0.683623	-0.51171	-0.305066	-0.0948589	0.095839	0.247079	0.339146	0.364418	0.324403	0.230055	0.0958626	-0.0707766	-0.244195	-0.400074	-0.534234	-0.645784	-0.739398	-0.81062	-0.844111	-0.827729	-0.754315	-0.620538	-0.442653	-0.234063	-0.011599	
-0.818689	-0.624962	-0.40053	-0.181048	0.00994339	0.16099	0.251712	0.279704	0.241825	0.154466	0.0319099	-0.122696	-0.302067	-0.471787	-0.616789	-0.723071	-0.793772	-0.843637	-0.862387	-0.825336	-0.724082	-0.561979	-0.352955	-0.12311	0.118355	
-0.908248	-0.696863	-0.458824	-0.23498	-0.0464021	0.103723	0.198241	0.23024	0.195347	0.11272	-0.00152152	-0.142399	-0.318057	-0.496394	-0.650883	-0.754984	-0.814213	-0.851957	-0.858114	-0.809813	-0.701064	-0.52907	-0.302304	-0.0524149	0.199731	
-0.923969	-0.709493	-0.469404	-0.245847	-0.0561377	0.0925836	0.189144	0.222719	0.188551	0.106948	-0.00516341	-0.14347	-0.317273	-0.496558	-0.653812	-0.758306	-0.816444	-0.85163	-0.855214	-0.805144	-0.696925	-0.524105	-0.294613	-0.0396714	0.212569	
-0.861814	-0.660136	-0.429261	-0.207198	-0.0173082	0.133915	0.225217	0.255235	0.218647	0.133478	0.0139373	-0.13465	-0.313009	-0.4872	-0.636033	-0.74094	-0.805601	-0.848888	-0.861869	-0.819755	-0.713249	-0.545528	-0.327133	-0.0887152	0.158331	
-0.740437	-0.559386	-0.345782	-0.130855	0.0601965	0.210639	0.300917	0.326376	0.287549	0.196372	0.0670478	-0.0953388	-0.271963	-0.433445	-0.572639	-0.682001	-0.765746	-0.828193	-0.855546	-0.829767	-0.743146	-0.59511	-0.403704	-0.186901	0.0450159	
-0.597906	-0.439774	-0.243838	-0.0402291	0.149297	0.3033	0.398082	0.426267	0.386001	0.287454	0.146791	-0.0241693	-0.193427	-0.340563	-0.467644	-0.579614	-0.685506	-0.771457	-0.817294	-0.814893	-0.76218	-0.657364	-0.50138	-0.308067	-0.102576	
-0.459109	-0.325232	-0.147431	0.0448448	0.228457	0.386467	0.485883	0.5218	0.489606	0.392445	0.252552	0.0829764	-0.08168	-0.221315	-0.337956	-0.446815	-0.562613	-0.671708	-0.74108	-0.762391	-0.745883	-0.688121	-0.578033	-0.423531	-0.253834	
-0.33292	-0.219124	-0.061659	0.113567	0.287677	0.443552	0.553003	0.59991	0.580227	0.499721	0.375812	0.223184	0.0747677	-0.058551	-0.17408	-0.281695	-0.407348	-0.53398	-0.626369	-0.675344	-0.689111	-0.670326	-0.609718	-0.509186	-0.387342	
-0.227929	-0.129971	0.0103871	0.166601	0.327784	0.482216	0.601678	0.663891	0.659657	0.599117	0.502353	0.381609	0.256487	0.13626	0.0192193	-0.100772	-0.235119	-0.371835	-0.483533	-0.56227	-0.611713	-0.627546	-0.608624	-0.561501	-0.495332	
-0.154407	-0.07722	0.0394384	0.185669	0.348938	0.513744	0.647544	0.725077	0.735105	0.696144	0.627652	0.539021	0.436055	0.329536	0.216628	0.0887263	-0.053457	-0.196904	-0.327883	-0.438601	-0.52258	-0.575332	-0.593331	-0.594606	-0.583945	
-0.113175	-0.0614022	0.0379463	0.182904	0.358901	0.536277	0.683521	0.771147	0.796264	0.780545	0.737773	0.676306	0.592223	0.49527	0.387764	0.263276	0.119255	-0.0333825	-0.181869	-0.315975	-0.428231	-0.510038	-0.567045	-0.609803	-0.642574	
-0.112664	-0.0790081	0.0101976	0.154821	0.342849	0.534843	0.696864	0.80139	0.846423	0.850061	0.824099	0.780615	0.710371	0.622594	0.517653	0.395301	0.256814	0.104057	-0.0505304	-0.191621	-0.317925	-0.426967	-0.515292	-0.593843	-0.662862	
-0.162033	-0.140433	-0.0550757	0.099029	0.29848	0.504722	0.682554	0.805987	0.87517	0.901169	0.888962	0.853118	0.794447	0.711668	0.608153	0.485074	0.353184	0.2135	0.0723794	-0.0616763	-0.192389	-0.317076	-0.431474	-0.542608	-0.646731	
-0.275143	-0.259649	-0.164307	0.00747744	0.226622	0.445222	0.639493	0.781907	0.87329	0.919697	0.925825	0.900736	0.852187	0.78201	0.687173	0.569628	0.441685	0.314648	0.189689	0.0678127	-0.0578872	-0.186305	-0.319333	-0.461003	-0.600148	
-0.451995	-0.426528	-0.313052	-0.122066	0.11591	0.353834	0.563558	0.726849	0.838856	0.900125	0.923627	0.916162	0.885737	0.832527	0.757057	0.652234	0.532477	0.415463	0.306538	0.199521	0.0890489	-0.0371628	-0.186045	-0.353002	-0.516476	
-0.652793	-0.615817	-0.486946	-0.279069	-0.0253574	0.234797	0.46889	0.65302	0.782659	0.854178	0.885708	0.892761	0.886587	0.855326	0.803402	0.72247	0.622972	0.523892	0.428188	0.335128	0.240843	0.119361	-0.040582	-0.2206	-0.395085	
-0.830249	-0.784204	-0.642909	-0.42781	-0.166693	0.109251	0.365055	0.569095	0.71448	0.800424	0.843065	0.86192	0.873644	0.86305	0.83153	0.780406	0.712314	0.637193	0.554181	0.466783	0.381455	0.26744	0.106113	-0.0791389	-0.259957	
-0.955074	-0.897426	-0.753744	-0.538755	-0.279705	-0.00271999	0.262947	0.482815	0.644424	0.748529	0.807229	0.840988	0.860751	0.863446	0.852128	0.827065	0.791516	0.743687	0.674959	0.593406	0.510512	0.397788	0.240977	0.0511738	-0.142654	
-1.01517	-0.949691	-0.808656	-0.601396	-0.351746	-0.0854077	0.174959	0.401676	0.575629	0.691168	0.760842	0.806489	0.838799	0.851292	0.858835	0.856738	0.844476	0.821422	0.772793	0.702993	0.62257	0.510631	0.356575	0.170218	-0.0310951	
-1.0086	-0.941962	-0.807059	-0.612596	-0.376831	-0.128076	0.116124	0.333476	0.510478	0.634363	0.707942	0.765135	0.807705	0.836544	0.856871	0.870244	0.875836	0.874799	0.846393	0.791222	0.715661	0.608444	0.462119	0.283392	0.0926707	
-0.93634	-0.868715	-0.74496	-0.566818	-0.350624	-0.12947	0.0864574	0.280277	0.445606	0.571944	0.65453	0.716048	0.767096	0.808314	0.840747	0.861234	0.8819	0.904316	0.898107	0.856337	0.790242	0.693595	0.561346	0.400403	0.227228	
-0.802858	-0.735235	-0.626027	-0.471852	-0.292071	-0.111336	0.0701288	0.236788	0.383488	0.505182	0.591514	0.656445	0.712082	0.760631	0.807241	0.84062	0.873186	0.913456	0.926424	0.897157	0.838158	0.755724	0.64533	0.513364	0.371898	
