1.13756	1.03586	0.912066	0.786385	0.658094	0.541318	0.446668	0.379776	0.332656	0.29757	0.271416	0.255939	0.251785	0.249035	0.233926	0.203864	0.166295	0.130101	0.0903538	0.0553269	0.0375473	0.0299084	0.0290881	0.028367	0.036377	
1.03586	0.956467	0.850092	0.729216	0.605027	0.499447	0.422696	0.365961	0.318702	0.267569	0.229493	0.210709	0.207795	0.210795	0.200593	0.177713	0.14259	0.104425	0.0644957	0.0296224	0.00140365	-0.0252144	-0.0406764	-0.0450153	-0.0306007	
0.912066	0.850092	0.755546	0.636861	0.519351	0.429716	0.367822	0.320531	0.277171	0.230721	0.195957	0.179575	0.18201	0.192298	0.187732	0.17383	0.148127	0.112078	0.0742606	0.0363682	-0.00382756	-0.0429335	-0.0730605	-0.0856823	-0.0776046	
0.786385	0.729216	0.636861	0.519225	0.411139	0.33614	0.285924	0.248666	0.219459	0.191664	0.164897	0.154658	0.165065	0.180134	0.184161	0.18045	0.167601	0.140249	0.100717	0.0556823	0.00705845	-0.0393506	-0.079722	-0.102312	-0.110209	
0.658094	0.605027	0.519351	0.411139	0.311712	0.243395	0.195554	0.168341	0.155428	0.141815	0.130496	0.128572	0.146725	0.168577	0.177874	0.183209	0.184109	0.164776	0.121609	0.0741758	0.0215845	-0.0246016	-0.0681821	-0.102504	-0.124031	
0.541318	0.499447	0.429716	0.33614	0.243395	0.17208	0.128218	0.104672	0.0921651	0.0879066	0.0854253	0.092181	0.116578	0.14309	0.156377	0.17263	0.18377	0.173054	0.137437	0.0937693	0.0480626	0.00404094	-0.0411917	-0.0834124	-0.11727	
0.446668	0.422696	0.367822	0.285924	0.195554	0.128218	0.0860541	0.0547068	0.0326767	0.0245889	0.0253603	0.0383413	0.0667006	0.0978967	0.12346	0.149715	0.172398	0.1776	0.161764	0.133563	0.0960877	0.0508641	0.000382518	-0.0474129	-0.0936142	
0.379776	0.365961	0.320531	0.248666	0.168341	0.104672	0.0547068	0.00380425	-0.0369079	-0.0563611	-0.0537304	-0.0338447	0.00166449	0.0450133	0.0852354	0.120288	0.153933	0.181108	0.193563	0.188927	0.158705	0.111221	0.0597703	0.00618189	-0.0493769	
0.332656	0.318702	0.277171	0.219459	0.155428	0.0921651	0.0326767	-0.0369079	-0.0964648	-0.129388	-0.131005	-0.109438	-0.0684214	-0.0150506	0.0330939	0.0773132	0.122533	0.173195	0.217745	0.23273	0.210831	0.165726	0.117907	0.0651464	0.00354902	
0.29757	0.267569	0.230721	0.191664	0.141815	0.0879066	0.0245889	-0.0563611	-0.129388	-0.178737	-0.196538	-0.17997	-0.142871	-0.0939876	-0.0397823	0.0114218	0.07263	0.145305	0.214357	0.24805	0.238911	0.208464	0.173061	0.127589	0.0648878	
0.271416	0.229493	0.195957	0.164897	0.130496	0.0854253	0.0253603	-0.0537304	-0.131005	-0.196538	-0.228673	-0.230889	-0.214895	-0.182968	-0.135032	-0.0768152	-0.00283503	0.0834523	0.168595	0.22522	0.240117	0.240468	0.228949	0.196561	0.139381	
0.255939	0.210709	0.179575	0.154658	0.128572	0.092181	0.0383413	-0.0338447	-0.109438	-0.17997	-0.230889	-0.259503	-0.272719	-0.26579	-0.227486	-0.165759	-0.0913036	-0.00531467	0.0863051	0.161376	0.208191	0.243693	0.263739	0.253022	0.210773	
0.251785	0.207795	0.18201	0.165065	0.146725	0.116578	0.0667006	0.00166449	-0.0684214	-0.142871	-0.214895	-0.272719	-0.314882	-0.330462	-0.303577	-0.250323	-0.185793	-0.111773	-0.0211857	0.0699962	0.144872	0.215539	0.268787	0.288768	0.271	
0.249035	0.210795	0.192298	0.180134	0.168577	0.14309	0.0978967	0.0450133	-0.0150506	-0.0939876	-0.182968	-0.26579	-0.330462	-0.366734	-0.360992	-0.32802	-0.283294	-0.222913	-0.135727	-0.0332786	0.0648348	0.164254	0.25002	0.304455	0.315677	
0.233926	0.200593	0.187732	0.184161	0.177874	0.156377	0.12346	0.0852354	0.0330939	-0.0397823	-0.135032	-0.227486	-0.303577	-0.360992	-0.386146	-0.382128	-0.36321	-0.319748	-0.24216	-0.140767	-0.0301464	0.0852521	0.198845	0.283014	0.328514	
0.203864	0.177713	0.17383	0.18045	0.183209	0.17263	0.149715	0.120288	0.0773132	0.0114218	-0.0768152	-0.165759	-0.250323	-0.32802	-0.382128	-0.41121	-0.416306	-0.395807	-0.337656	-0.24929	-0.140035	-0.018304	0.10845	0.221164	0.302396	
0.166295	0.14259	0.148127	0.167601	0.184109	0.18377	0.172398	0.153933	0.122533	0.07263	-0.00283503	-0.0913036	-0.185793	-0.283294	-0.36321	-0.416306	-0.446194	-0.448663	-0.414836	-0.346964	-0.248499	-0.135714	-0.0086842	0.120085	0.239868	
0.130101	0.104425	0.112078	0.140249	0.164776	0.173054	0.1776	0.181108	0.173195	0.145305	0.0834523	-0.00531467	-0.111773	-0.222913	-0.319748	-0.395807	-0.448663	-0.475724	-0.467579	-0.42068	-0.340563	-0.246338	-0.12965	0.00561406	0.158771	
0.0903538	0.0644957	0.0742606	0.100717	0.121609	0.137437	0.161764	0.193563	0.217745	0.214357	0.168595	0.0863051	-0.0211857	-0.135727	-0.24216	-0.337656	-0.414836	-0.467579	-0.483554	-0.464225	-0.409633	-0.339244	-0.243208	-0.104306	0.0699914	
0.0553269	0.0296224	0.0363682	0.0556823	0.0741758	0.0937693	0.133563	0.188927	0.23273	0.24805	0.22522	0.161376	0.0699962	-0.0332786	-0.140767	-0.24929	-0.346964	-0.42068	-0.464225	-0.471742	-0.447953	-0.402802	-0.322658	-0.191214	-0.00734956	
0.0375473	0.00140365	-0.00382756	0.00705845	0.0215845	0.0480626	0.0960877	0.158705	0.210831	0.238911	0.240117	0.208191	0.144872	0.0648348	-0.0301464	-0.140035	-0.248499	-0.340563	-0.409633	-0.447953	-0.4516	-0.426015	-0.360393	-0.237907	-0.0647087	
0.0299084	-0.0252144	-0.0429335	-0.0393506	-0.0246016	0.00404094	0.0508641	0.111221	0.165726	0.208464	0.240468	0.243693	0.215539	0.164254	0.0852521	-0.018304	-0.135714	-0.246338	-0.339244	-0.402802	-0.426015	-0.40886	-0.353176	-0.244949	-0.0949656	
0.0290881	-0.0406764	-0.0730605	-0.079722	-0.0681821	-0.0411917	0.000382518	0.0597703	0.117907	0.173061	0.228949	0.263739	0.268787	0.25002	0.198845	0.10845	-0.0086842	-0.12965	-0.243208	-0.322658	-0.360393	-0.353176	-0.30743	-0.223428	-0.107034	
0.028367	-0.0450153	-0.0856823	-0.102312	-0.102504	-0.0834124	-0.0474129	0.00618189	0.0651464	0.127589	0.196561	0.253022	0.288768	0.304455	0.283014	0.221164	0.120085	0.00561406	-0.104306	-0.191214	-0.237907	-0.244949	-0.223428	-0.172085	-0.102672	
0.036377	-0.0306007	-0.0776046	-0.110209	-0.124031	-0.11727	-0.0936142	-0.0493769	0.00354902	0.0648878	0.139381	0.210773	0.271	0.315677	0.328514	0.302396	0.239868	0.158771	0.0699914	-0.00734956	-0.0647087	-0.0949656	-0.107034	-0.102672	-0.0878002	
0.0506516	-0.0100708	-0.0651214	-0.109731	-0.136256	-0.140989	-0.129571	-0.0996318	-0.0553224	0.00432387	0.0796702	0.16008	0.235148	0.298494	0.339593	0.355108	0.344315	0.313073	0.260892	0.197005	0.130681	0.0697679	0.0160869	-0.0326166	-0.0795904	
0.0544561	-0.00751868	-0.0650499	-0.109651	-0.135577	-0.144442	-0.142338	-0.12974	-0.0969705	-0.0416978	0.0320981	0.113417	0.194889	0.268082	0.327486	0.382235	0.42401	0.444613	0.436582	0.393839	0.325845	0.242271	0.146211	0.0409774	-0.0731789	
0.0455526	-0.0211136	-0.0822134	-0.124313	-0.140985	-0.141849	-0.14043	-0.135777	-0.113698	-0.0697909	-0.0112163	0.0622547	0.142449	0.221927	0.306675	0.396439	0.489171	0.560024	0.590065	0.574442	0.510908	0.408382	0.27382	0.107717	-0.0770987	
0.0321987	-0.0376205	-0.0993853	-0.13387	-0.139607	-0.13156	-0.124518	-0.128503	-0.121166	-0.0959573	-0.0569119	0.00323058	0.0855911	0.179101	0.28397	0.407201	0.535287	0.639693	0.704094	0.711899	0.661797	0.552048	0.385903	0.168202	-0.0806222	
0.0279612	-0.0409212	-0.102858	-0.136916	-0.138174	-0.12285	-0.111983	-0.119801	-0.123403	-0.114832	-0.0945344	-0.0430455	0.0422465	0.147588	0.273094	0.415394	0.564866	0.687932	0.768491	0.792903	0.750829	0.637622	0.452582	0.200844	-0.0875228	
0.0276511	-0.0398799	-0.102776	-0.137364	-0.137762	-0.121547	-0.11023	-0.11766	-0.123671	-0.118386	-0.101757	-0.0521374	0.0338421	0.141657	0.271621	0.417386	0.570527	0.6968	0.779544	0.806534	0.766034	0.651511	0.463386	0.205579	-0.0900702	
0.0293718	-0.0401104	-0.101579	-0.135226	-0.138291	-0.127283	-0.118153	-0.124682	-0.12269	-0.105229	-0.0744724	-0.0187841	0.0651658	0.164409	0.277945	0.411085	0.549125	0.662564	0.735656	0.751441	0.705725	0.594926	0.419538	0.185456	-0.0826985	
0.0398911	-0.0283808	-0.0902891	-0.129656	-0.142313	-0.138875	-0.135525	-0.133633	-0.117018	-0.0794871	-0.0292444	0.039188	0.119656	0.203227	0.297665	0.400967	0.510331	0.596987	0.641122	0.636016	0.576789	0.470207	0.321904	0.132935	-0.0788614	
0.0514179	-0.0115381	-0.0706984	-0.114502	-0.136225	-0.143675	-0.143243	-0.134636	-0.106781	-0.0550207	0.0150155	0.0939349	0.175729	0.251256	0.319587	0.389043	0.451545	0.493214	0.501188	0.468908	0.402245	0.310437	0.198613	0.069101	-0.073481	
0.0542317	-0.00652729	-0.0628058	-0.108852	-0.137077	-0.144109	-0.136931	-0.114495	-0.0746271	-0.0159028	0.0592056	0.141403	0.220058	0.287435	0.336783	0.368223	0.37887	0.368878	0.333788	0.277655	0.209111	0.138079	0.0670483	-0.00411571	-0.0766785	
0.0421377	-0.0213735	-0.0723128	-0.110499	-0.130195	-0.128239	-0.110256	-0.0706828	-0.0218394	0.0388121	0.114279	0.19001	0.257777	0.311074	0.336563	0.326601	0.284163	0.221832	0.146257	0.0739131	0.0123983	-0.0301162	-0.0582785	-0.0746071	-0.0836547	
0.0302773	-0.0410988	-0.0839578	-0.107502	-0.112527	-0.0985317	-0.0663069	-0.0158919	0.0414919	0.103981	0.176046	0.239006	0.285419	0.314005	0.305666	0.257871	0.169257	0.0653685	-0.0380078	-0.122724	-0.173035	-0.188598	-0.17946	-0.145464	-0.0971071	
0.0287322	-0.0444683	-0.0808656	-0.090708	-0.0844409	-0.0587994	-0.0192744	0.03869	0.0982033	0.157387	0.219383	0.263975	0.281541	0.2764	0.237455	0.156462	0.0438126	-0.0778277	-0.192894	-0.276822	-0.318685	-0.316208	-0.278889	-0.206436	-0.107322	
0.0291232	-0.0325017	-0.0564464	-0.0566802	-0.0415195	-0.0137407	0.030881	0.0907594	0.146196	0.1942	0.237745	0.254077	0.23939	0.201289	0.131823	0.0328056	-0.0861638	-0.20266	-0.305165	-0.376274	-0.405247	-0.391748	-0.338987	-0.239031	-0.10157	
0.0339355	-0.010461	-0.020193	-0.0122807	0.00191515	0.0304658	0.0794382	0.140766	0.19452	0.228366	0.241261	0.223959	0.173725	0.104739	0.0154721	-0.0924074	-0.204665	-0.30447	-0.383223	-0.432854	-0.44516	-0.424128	-0.36307	-0.245209	-0.0800504	
0.0463734	0.0184798	0.0204233	0.0369574	0.0532314	0.0758666	0.11965	0.179492	0.227459	0.247859	0.234956	0.182617	0.101589	0.0065445	-0.0972241	-0.20784	-0.310373	-0.392057	-0.445734	-0.465259	-0.453324	-0.416567	-0.34288	-0.214098	-0.0325156	
0.075038	0.0495329	0.0590525	0.0822807	0.102947	0.119648	0.151936	0.194621	0.22851	0.233844	0.196462	0.120211	0.0167972	-0.0947773	-0.203378	-0.305167	-0.391893	-0.453297	-0.480458	-0.471428	-0.428901	-0.369731	-0.279954	-0.143578	0.0368391	
0.114293	0.0882767	0.0971927	0.126091	0.149113	0.161323	0.173479	0.187506	0.193041	0.174866	0.118649	0.0312421	-0.0773039	-0.191551	-0.292509	-0.377029	-0.439581	-0.477341	-0.478372	-0.441845	-0.37129	-0.285683	-0.177662	-0.039397	0.123508	
0.151822	0.128138	0.134306	0.158368	0.180267	0.18263	0.176971	0.166279	0.142241	0.100644	0.0310048	-0.0586596	-0.158145	-0.262097	-0.349694	-0.411778	-0.451127	-0.462971	-0.439872	-0.379366	-0.287687	-0.18161	-0.056992	0.0744005	0.209204	
0.189202	0.164089	0.165076	0.176374	0.184571	0.17882	0.15996	0.133864	0.0948888	0.0349412	-0.0489877	-0.136626	-0.225202	-0.311578	-0.376148	-0.41589	-0.43101	-0.419608	-0.371082	-0.290525	-0.184652	-0.0650935	0.0633046	0.183744	0.280489	
0.223287	0.193727	0.183288	0.183222	0.180244	0.162541	0.133818	0.0996718	0.0510736	-0.0199421	-0.112829	-0.205236	-0.284275	-0.350218	-0.38744	-0.396729	-0.38791	-0.353046	-0.281992	-0.18473	-0.0730755	0.0470448	0.167264	0.264172	0.323236	
0.244783	0.207898	0.19171	0.182931	0.173354	0.149051	0.108289	0.0620154	0.00487921	-0.0720992	-0.165395	-0.253858	-0.324389	-0.368889	-0.375016	-0.352872	-0.317963	-0.263527	-0.179224	-0.0756138	0.0286338	0.135439	0.234162	0.29957	0.324762	
0.251445	0.209899	0.18758	0.172177	0.156812	0.129003	0.0798119	0.0186392	-0.0473862	-0.124778	-0.204961	-0.273546	-0.32587	-0.34977	-0.329376	-0.283471	-0.225856	-0.157014	-0.0671404	0.0291335	0.114469	0.198419	0.264518	0.299283	0.291773	
0.253247	0.207636	0.177576	0.156573	0.133938	0.0994351	0.048153	-0.0211925	-0.0950805	-0.16661	-0.225777	-0.266456	-0.291648	-0.293439	-0.259853	-0.199508	-0.128173	-0.0461397	0.0458783	0.12711	0.185691	0.235363	0.268885	0.268975	0.235909	
0.26373	0.219634	0.187316	0.158404	0.127377	0.0866729	0.0285284	-0.0480156	-0.124571	-0.193098	-0.232749	-0.244417	-0.240261	-0.217823	-0.173275	-0.113506	-0.0373318	0.0504579	0.139495	0.204175	0.23136	0.246173	0.246681	0.221724	0.169354	
