-0.582779	-0.580289	-0.578106	-0.570446	-0.568636	-0.569378	-0.568893	-0.574893	-0.579744	-0.58153	-0.585451	-0.582154	-0.563994	-0.528786	-0.477243	-0.402236	-0.296464	-0.18035	-0.0636727	0.0613186	0.188125	0.305432	0.407337	0.501973	0.582878	
-0.536431	-0.499576	-0.462925	-0.430549	-0.412717	-0.409728	-0.421156	-0.448842	-0.484415	-0.521725	-0.556806	-0.582737	-0.595877	-0.589475	-0.563841	-0.516313	-0.434331	-0.331192	-0.214721	-0.0788466	0.0583539	0.18543	0.302824	0.412217	0.513964	
-0.481382	-0.421096	-0.367871	-0.324052	-0.294432	-0.28894	-0.310334	-0.348855	-0.39815	-0.45741	-0.515554	-0.560498	-0.592106	-0.607667	-0.604107	-0.577416	-0.51957	-0.442914	-0.347297	-0.218584	-0.0788676	0.0529724	0.180954	0.304878	0.416941	
-0.412936	-0.350477	-0.297566	-0.260241	-0.235627	-0.230258	-0.248679	-0.280898	-0.327192	-0.388207	-0.450539	-0.506497	-0.554074	-0.585017	-0.598286	-0.593934	-0.561631	-0.510917	-0.442521	-0.338555	-0.218052	-0.0950444	0.0354196	0.165014	0.287726	
-0.344063	-0.29277	-0.257021	-0.238454	-0.221473	-0.216747	-0.231585	-0.248667	-0.275613	-0.322828	-0.375475	-0.426862	-0.480288	-0.526355	-0.554103	-0.566492	-0.563369	-0.546237	-0.511331	-0.442311	-0.352601	-0.251131	-0.124559	0.0118768	0.141311	
-0.284157	-0.259268	-0.244764	-0.239991	-0.229757	-0.226434	-0.2369	-0.242246	-0.251282	-0.274137	-0.30117	-0.334905	-0.381132	-0.434665	-0.483657	-0.521372	-0.546393	-0.559252	-0.554801	-0.520822	-0.466362	-0.391453	-0.279143	-0.141936	-0.00136601	
-0.239018	-0.23464	-0.236667	-0.249041	-0.250997	-0.249243	-0.251257	-0.242033	-0.233998	-0.236862	-0.24136	-0.255359	-0.289707	-0.341747	-0.400409	-0.461999	-0.520863	-0.559778	-0.574284	-0.563468	-0.533324	-0.482901	-0.392994	-0.273692	-0.140917	
-0.202415	-0.211734	-0.230323	-0.253791	-0.262744	-0.263578	-0.260219	-0.240449	-0.218126	-0.205302	-0.199808	-0.208191	-0.234641	-0.279928	-0.334189	-0.393105	-0.463532	-0.52309	-0.554533	-0.566061	-0.55969	-0.53098	-0.469992	-0.380588	-0.272913	
-0.195529	-0.20658	-0.22025	-0.238956	-0.251452	-0.253287	-0.244963	-0.227471	-0.211904	-0.200053	-0.191471	-0.195381	-0.211936	-0.240815	-0.279126	-0.324587	-0.385412	-0.447004	-0.495054	-0.533966	-0.556273	-0.553203	-0.522441	-0.468777	-0.392981	
-0.211416	-0.216973	-0.21671	-0.214284	-0.213034	-0.212761	-0.213066	-0.215837	-0.217832	-0.213335	-0.207357	-0.205826	-0.206024	-0.213056	-0.229648	-0.257183	-0.30715	-0.363541	-0.417461	-0.482487	-0.534614	-0.555343	-0.552114	-0.528104	-0.482135	
-0.226372	-0.226009	-0.21058	-0.188171	-0.17932	-0.179496	-0.182617	-0.200188	-0.221619	-0.227807	-0.223264	-0.21612	-0.204217	-0.194761	-0.197863	-0.211907	-0.244987	-0.292571	-0.344375	-0.415864	-0.488943	-0.533138	-0.55512	-0.558005	-0.536077	
-0.219228	-0.210783	-0.194412	-0.17515	-0.171764	-0.172411	-0.171262	-0.186266	-0.205646	-0.21579	-0.222815	-0.222683	-0.209297	-0.190701	-0.183287	-0.190682	-0.209482	-0.240007	-0.28434	-0.349623	-0.421208	-0.480997	-0.529299	-0.558095	-0.559154	
-0.192169	-0.1882	-0.183184	-0.173264	-0.17614	-0.178687	-0.173374	-0.179525	-0.187149	-0.189032	-0.199059	-0.211848	-0.213327	-0.201618	-0.190401	-0.187957	-0.192591	-0.209078	-0.24015	-0.29011	-0.348178	-0.405307	-0.47177	-0.529259	-0.556033	
-0.170163	-0.169585	-0.173731	-0.175494	-0.182538	-0.184973	-0.177754	-0.17404	-0.171128	-0.16946	-0.175843	-0.18746	-0.202294	-0.210459	-0.210597	-0.205474	-0.189934	-0.186942	-0.207997	-0.239173	-0.280153	-0.331576	-0.399522	-0.475473	-0.531388	
-0.157393	-0.155847	-0.166703	-0.176961	-0.181544	-0.181515	-0.179003	-0.171968	-0.159127	-0.154778	-0.164273	-0.17538	-0.18925	-0.20461	-0.21545	-0.21894	-0.199802	-0.177517	-0.1828	-0.200642	-0.226813	-0.274623	-0.341323	-0.416269	-0.487776	
-0.161824	-0.158903	-0.162357	-0.169283	-0.16983	-0.169297	-0.170562	-0.165158	-0.159111	-0.160598	-0.164869	-0.169301	-0.178252	-0.188493	-0.196359	-0.205313	-0.203419	-0.191582	-0.187154	-0.186936	-0.198348	-0.233891	-0.288648	-0.352069	-0.419804	
-0.174495	-0.169815	-0.166289	-0.164213	-0.149121	-0.144513	-0.159265	-0.165676	-0.167752	-0.174429	-0.170456	-0.158482	-0.158	-0.1699	-0.179424	-0.188354	-0.19962	-0.207528	-0.208033	-0.192625	-0.184882	-0.206408	-0.241639	-0.286584	-0.343921	
-0.173714	-0.170632	-0.164147	-0.157833	-0.142782	-0.138699	-0.153018	-0.162415	-0.167811	-0.173229	-0.168625	-0.155401	-0.146044	-0.154925	-0.17138	-0.182287	-0.197151	-0.211474	-0.213917	-0.197137	-0.177251	-0.184052	-0.208064	-0.239716	-0.28738	
-0.158807	-0.153005	-0.146824	-0.150854	-0.15678	-0.158158	-0.153938	-0.146905	-0.149598	-0.156989	-0.160551	-0.164284	-0.161403	-0.157461	-0.160886	-0.165957	-0.181557	-0.199485	-0.204782	-0.202377	-0.192514	-0.185388	-0.190636	-0.209549	-0.243496	
-0.145739	-0.141617	-0.14174	-0.148699	-0.159223	-0.161656	-0.152659	-0.14325	-0.141571	-0.143902	-0.150469	-0.165178	-0.17336	-0.166984	-0.156732	-0.150174	-0.16257	-0.182571	-0.188885	-0.200818	-0.21368	-0.206846	-0.191655	-0.191201	-0.21086	
-0.144591	-0.149658	-0.147302	-0.142185	-0.149939	-0.152505	-0.143802	-0.145158	-0.150323	-0.146468	-0.144761	-0.154607	-0.164407	-0.162956	-0.158153	-0.152913	-0.156851	-0.173066	-0.179361	-0.191099	-0.214248	-0.215682	-0.196359	-0.182546	-0.192698	
-0.143951	-0.15292	-0.152141	-0.141733	-0.141072	-0.141244	-0.139359	-0.148991	-0.153956	-0.146957	-0.14295	-0.145624	-0.153292	-0.156979	-0.159106	-0.163635	-0.158975	-0.158639	-0.169459	-0.183997	-0.204295	-0.212952	-0.203186	-0.187903	-0.187321	
-0.144103	-0.148783	-0.152324	-0.143777	-0.135572	-0.134592	-0.139561	-0.150043	-0.150948	-0.144769	-0.144132	-0.140972	-0.142532	-0.152491	-0.160361	-0.171121	-0.167227	-0.148757	-0.153684	-0.174872	-0.190439	-0.202474	-0.21016	-0.206019	-0.198491	
-0.148085	-0.140091	-0.138943	-0.140904	-0.140589	-0.141671	-0.141913	-0.138811	-0.138948	-0.145117	-0.149872	-0.144627	-0.138893	-0.14481	-0.155256	-0.166988	-0.168915	-0.15391	-0.15142	-0.166866	-0.177382	-0.186983	-0.206353	-0.219572	-0.21495	
-0.146176	-0.127833	-0.12905	-0.145024	-0.143729	-0.141281	-0.147059	-0.135397	-0.125299	-0.138922	-0.152723	-0.152599	-0.145244	-0.141109	-0.145444	-0.153304	-0.15969	-0.162698	-0.165267	-0.166585	-0.167229	-0.174572	-0.193965	-0.218659	-0.224655	
-0.139975	-0.134342	-0.136734	-0.143201	-0.137112	-0.1335	-0.141931	-0.140379	-0.133916	-0.137208	-0.14375	-0.148136	-0.146053	-0.143538	-0.144737	-0.14396	-0.152497	-0.169387	-0.176091	-0.166922	-0.156421	-0.163964	-0.182552	-0.208525	-0.227555	
-0.134342	-0.151236	-0.145675	-0.131186	-0.133555	-0.13577	-0.130136	-0.138889	-0.151901	-0.142226	-0.128014	-0.134042	-0.145888	-0.152242	-0.152501	-0.142984	-0.14565	-0.165607	-0.172771	-0.163147	-0.154421	-0.162689	-0.181347	-0.201079	-0.22261	
-0.136734	-0.145675	-0.138695	-0.129469	-0.137612	-0.14136	-0.130863	-0.133668	-0.144862	-0.141646	-0.130697	-0.132558	-0.148021	-0.154293	-0.149199	-0.143357	-0.142545	-0.157313	-0.167587	-0.163672	-0.164821	-0.169779	-0.179256	-0.190236	-0.20347	
-0.143201	-0.131186	-0.129469	-0.135863	-0.139369	-0.13996	-0.13794	-0.131943	-0.128729	-0.138256	-0.146004	-0.141909	-0.142462	-0.14314	-0.140719	-0.146678	-0.150627	-0.154257	-0.161378	-0.166723	-0.175486	-0.176362	-0.173104	-0.174531	-0.180362	
-0.137112	-0.133555	-0.137612	-0.139369	-0.133044	-0.131001	-0.13765	-0.139051	-0.134362	-0.134595	-0.141846	-0.143846	-0.136493	-0.136868	-0.146589	-0.15637	-0.159787	-0.14781	-0.143355	-0.161422	-0.178289	-0.183958	-0.17911	-0.171805	-0.174291	
-0.1335	-0.13577	-0.14136	-0.13996	-0.131001	-0.127857	-0.136489	-0.142407	-0.138562	-0.132707	-0.13754	-0.143882	-0.136752	-0.136485	-0.148432	-0.15869	-0.161776	-0.145741	-0.138694	-0.159673	-0.177439	-0.185799	-0.182133	-0.172513	-0.174971	
-0.141931	-0.130136	-0.130863	-0.13794	-0.13765	-0.136489	-0.138363	-0.134307	-0.129103	-0.136551	-0.14627	-0.144116	-0.14021	-0.139446	-0.140824	-0.149664	-0.154863	-0.152472	-0.15578	-0.165719	-0.176791	-0.179405	-0.174504	-0.171662	-0.175405	
-0.140379	-0.138889	-0.133668	-0.131943	-0.139051	-0.142407	-0.134307	-0.131102	-0.136795	-0.141336	-0.137655	-0.135393	-0.146066	-0.150938	-0.146103	-0.144036	-0.144062	-0.155935	-0.165761	-0.164761	-0.170083	-0.17231	-0.176704	-0.184606	-0.192745	
-0.133916	-0.151901	-0.144862	-0.128729	-0.134362	-0.138562	-0.129103	-0.136795	-0.152117	-0.142526	-0.126064	-0.131809	-0.147203	-0.154015	-0.152917	-0.143859	-0.143454	-0.161804	-0.170312	-0.162621	-0.157364	-0.164473	-0.181271	-0.197899	-0.21675	
-0.137208	-0.142226	-0.141646	-0.138256	-0.134595	-0.132707	-0.136551	-0.141336	-0.142526	-0.138885	-0.137109	-0.142649	-0.145443	-0.146293	-0.147412	-0.14333	-0.150053	-0.168516	-0.176352	-0.166242	-0.154091	-0.162654	-0.180948	-0.204287	-0.226963	
-0.14375	-0.128014	-0.130697	-0.146004	-0.141846	-0.13754	-0.14627	-0.137655	-0.126064	-0.137109	-0.150621	-0.152118	-0.146434	-0.142409	-0.143786	-0.147611	-0.156316	-0.166209	-0.170472	-0.167103	-0.163282	-0.170119	-0.188453	-0.214795	-0.226546	
-0.148136	-0.134042	-0.132558	-0.141909	-0.143846	-0.143882	-0.144116	-0.135393	-0.131809	-0.142649	-0.152118	-0.148899	-0.141197	-0.142487	-0.150986	-0.161471	-0.166336	-0.158381	-0.155628	-0.165504	-0.172777	-0.18099	-0.20194	-0.221005	-0.220298	
-0.146053	-0.145888	-0.148021	-0.142462	-0.136493	-0.136752	-0.14021	-0.146066	-0.147203	-0.145443	-0.146434	-0.141197	-0.139111	-0.149237	-0.159724	-0.171348	-0.169036	-0.149369	-0.150747	-0.170842	-0.184965	-0.197122	-0.209982	-0.212638	-0.205235	
-0.143538	-0.152242	-0.154293	-0.14314	-0.136868	-0.136485	-0.139446	-0.150938	-0.154015	-0.146293	-0.142409	-0.142487	-0.149237	-0.155636	-0.159479	-0.167562	-0.16204	-0.152909	-0.163005	-0.18094	-0.199367	-0.209533	-0.206433	-0.194922	-0.189906	
-0.144737	-0.152501	-0.149199	-0.140719	-0.146589	-0.148432	-0.140824	-0.146103	-0.152917	-0.147412	-0.143786	-0.150986	-0.159724	-0.159479	-0.158344	-0.157803	-0.157472	-0.167436	-0.175981	-0.188156	-0.209974	-0.214862	-0.199317	-0.183126	-0.18923	
-0.14396	-0.142984	-0.143357	-0.146678	-0.15637	-0.15869	-0.149664	-0.144036	-0.143859	-0.14333	-0.147611	-0.161471	-0.171348	-0.167562	-0.157803	-0.148861	-0.157716	-0.177988	-0.184773	-0.197403	-0.216662	-0.213415	-0.19329	-0.185985	-0.201806	
-0.152497	-0.14565	-0.142545	-0.150627	-0.159787	-0.161776	-0.154863	-0.144062	-0.143454	-0.150053	-0.156316	-0.166336	-0.169036	-0.16204	-0.157472	-0.157716	-0.173278	-0.19295	-0.19852	-0.202719	-0.202791	-0.193182	-0.188825	-0.201277	-0.228459	
-0.169387	-0.165607	-0.157313	-0.154257	-0.14781	-0.145741	-0.152472	-0.155935	-0.161804	-0.168516	-0.166209	-0.158381	-0.149369	-0.152909	-0.167436	-0.177988	-0.19295	-0.208409	-0.211299	-0.198911	-0.180412	-0.180707	-0.199293	-0.22605	-0.268787	
-0.176091	-0.172771	-0.167587	-0.161378	-0.143355	-0.138694	-0.15578	-0.165761	-0.170312	-0.176352	-0.170472	-0.155628	-0.150747	-0.163005	-0.175981	-0.184773	-0.19852	-0.211299	-0.213006	-0.19512	-0.180666	-0.196407	-0.226378	-0.26444	-0.318473	
-0.166922	-0.163147	-0.163672	-0.166723	-0.161422	-0.159673	-0.165719	-0.164761	-0.162621	-0.166242	-0.167103	-0.165504	-0.170842	-0.18094	-0.188156	-0.197403	-0.202719	-0.198911	-0.19512	-0.188226	-0.19164	-0.221737	-0.268984	-0.324726	-0.388768	
-0.156421	-0.154421	-0.164821	-0.175486	-0.178289	-0.177439	-0.176791	-0.170083	-0.157364	-0.154091	-0.163282	-0.172777	-0.184965	-0.199367	-0.209974	-0.216662	-0.202791	-0.180412	-0.180666	-0.19164	-0.211954	-0.256861	-0.320044	-0.3915	-0.463647	
-0.163964	-0.162689	-0.169779	-0.176362	-0.183958	-0.185799	-0.179405	-0.17231	-0.164473	-0.162654	-0.170119	-0.18099	-0.197122	-0.209533	-0.214862	-0.213415	-0.193182	-0.180707	-0.196407	-0.221737	-0.256861	-0.306374	-0.373912	-0.452345	-0.51584	
-0.182552	-0.181347	-0.179256	-0.173104	-0.17911	-0.182133	-0.174504	-0.176704	-0.181271	-0.180948	-0.188453	-0.20194	-0.209982	-0.206433	-0.199317	-0.19329	-0.188825	-0.199293	-0.226378	-0.268984	-0.320044	-0.373912	-0.443389	-0.509847	-0.548499	
-0.208525	-0.201079	-0.190236	-0.174531	-0.171805	-0.172513	-0.171662	-0.184606	-0.197899	-0.204287	-0.214795	-0.221005	-0.212638	-0.194922	-0.183126	-0.185985	-0.201277	-0.22605	-0.26444	-0.324726	-0.3915	-0.452345	-0.509847	-0.55046	-0.561628	
-0.227555	-0.22261	-0.20347	-0.180362	-0.174291	-0.174971	-0.175405	-0.192745	-0.21675	-0.226963	-0.226546	-0.220298	-0.205235	-0.189906	-0.18923	-0.201806	-0.228459	-0.268787	-0.318473	-0.388768	-0.463647	-0.51584	-0.548499	-0.561628	-0.548192	
